AuditId,TaskId,RunId,ConfigId,TaskConfigId,TaskName,TableName,StepName,Status,LogLevel,RowsRead,RowsWritten,RowsFailed,ErrorMessage,StartTime,EndTime,DurationSeconds,CreatedAt,SiteCode,SiteName,PipelineRunId,DataBaseName
202608151118139657,202608151118139656,20260815111805,5,31,Silver 8x8 CallInteractions,sl_8x8_CallInteractions,TASK_FAILED,FAILED,ERROR,0,0,0,"[UNRESOLVED_COLUMN.WITH_SUGGESTION] A column or function parameter with name `interactionDuration` cannot be resolved. Did you mean one of the following? [`interactionLabels`, `direction`, `queueWaitDuration_ms`, `participantId`, `creationTime_parsed`].; Project [agentNotes#42504, caseFollowUp#42505, caseNumber#42506, channelId#42507, chatType#42508, creationTime#42509, customerName#42510, destination#42511, direction#44825, finishedTime#42513, interactionId#42514, interactionLabels#44855, mediaType#42516, origination#42517, outcome#42518, participantBusyDuration#42519, participantId#44885, participantName#44915, participantOfferAction#44945, participantType#44975, queueId#42524, queueName#42525, queueWaitDuration#42526, scheduleHours#45005, ... 8 more fields] +- Project [agentNotes#42504, caseFollowUp#42505, caseNumber#42506, channelId#42507, chatType#42508, creationTime#42509, customerName#42510, destination#42511, direction#44825, finishedTime#42513, interactionId#42514, interactionLabels#44855, mediaType#42516, origination#42517, outcome#42518, participantBusyDuration#42519, participantId#44885, participantName#44915, participantOfferAction#44945, participantType#44975, queueId#42524, queueName#42525, queueWaitDuration#42526, scheduleHours#45005, ... 7 more fields] +- Project [agentNotes#42504, caseFollowUp#42505, caseNumber#42506, channelId#42507, chatType#42508, creationTime#42509, customerName#42510, destination#42511, direction#44825, finishedTime#42513, interactionId#42514, interactionLabels#44855, mediaType#42516, origination#42517, outcome#42518, participantBusyDuration#42519, participantId#44885, participantName#44915, participantOfferAction#44945, participantType#44975, queueId#42524, queueName#42525, queueWaitDuration#42526, scheduleHours#45005, ... 6 more fields] +- Project [agentNotes#42504, caseFollowUp#42505, caseNumber#42506, channelId#42507, chatType#42508, creationTime#42509, customerName#42510, destination#42511, direction#44825, finishedTime#42513, interactionId#42514, interactionLabels#44855, mediaType#42516, origination#42517, outcome#42518, participantBusyDuration#42519, participantId#44885, participantName#44915, participantOfferAction#44945, participantType#44975, queueId#42524, queueName#42525, queueWaitDuration#42526, regexp_replace(scheduleHours#42527, [[]], , 1) AS scheduleHours#45005, ... 5 more fields] +- Project [agentNotes#42504, caseFollowUp#42505, caseNumber#42506, channelId#42507, chatType#42508, creationTime#42509, customerName#42510, destination#42511, direction#44825, finishedTime#42513, interactionId#42514, interactionLabels#44855, mediaType#42516, origination#42517, outcome#42518, participantBusyDuration#42519, participantId#44885, participantName#44915, participantOfferAction#44945, regexp_replace(participantType#42523, [[]], , 1) AS participantType#44975, queueId#42524, queueName#42525, queueWaitDuration#42526, scheduleHours#42527, ... 5 more fields] +- Project [agentNotes#42504, caseFollowUp#42505, caseNumber#42506, channelId#42507, chatType#42508, creationTime#42509, customerName#42510, destination#42511, direction#44825, finishedTime#42513, interactionId#42514, interactionLabels#44855, mediaType#42516, origination#42517, outcome#42518, participantBusyDuration#42519, participantId#44885, participantName#44915, regexp_replace(participantOfferAction#42522, [[]], , 1) AS participantOfferAction#44945, participantType#42523, queueId#42524, queueName#42525, queueWaitDuration#42526, scheduleHours#42527, ... 5 more fields] +- Project [agentNotes#42504, caseFollowUp#42505, caseNumber#42506, channelId#42507, chatType#42508, creationTime#42509, customerName#42510, destination#42511, direction#44825, finishedTime#42513, interactionId#42514, interactionLabels#44855, mediaType#42516, origination#42517, outcome#42518, participantBusyDuration#42519, participantId#44885, regexp_replace(participantName#42521, [[]], , 1) AS participantName#44915, participantOfferAction#42522, participantType#42523, queueId#42524, queueName#42525, queueWaitDuration#42526, scheduleHours#42527, ... 5 more fields] +- Project [agentNotes#42504, caseFollowUp#42505, caseNumber#42506, channelId#42507, chatType#42508, creationTime#42509, customerName#42510, destination#42511, direction#44825, finishedTime#42513, interactionId#42514, interactionLabels#44855, mediaType#42516, origination#42517, outcome#42518, participantBusyDuration#42519, regexp_replace(participantId#42520, [[]], , 1) AS participantId#44885, participantName#42521, participantOfferAction#42522, participantType#42523, queueId#42524, queueName#42525, queueWaitDuration#42526, scheduleHours#42527, ... 5 more fields] +- Project [agentNotes#42504, caseFollowUp#42505, caseNumber#42506, channelId#42507, chatType#42508, creationTime#42509, customerName#42510, destination#42511, direction#44825, finishedTime#42513, interactionId#42514, regexp_replace(interactionLabels#42515, [[]], , 1) AS interactionLabels#44855, mediaType#42516, origination#42517, outcome#42518, participantBusyDuration#42519, participantId#42520, participantName#42521, participantOfferAction#42522, participantType#42523, queueId#42524, queueName#42525, queueWaitDuration#42526, scheduleHours#42527, ... 5 more fields] +- Project [agentNotes#42504, caseFollowUp#42505, caseNumber#42506, channelId#42507, chatType#42508, creationTime#42509, customerName#42510, destination#42511, CASE WHEN (direction#42512 = InboundDir) THEN Inbound ELSE direction#42512 END AS direction#44825, finishedTime#42513, interactionId#42514, interactionLabels#42515, mediaType#42516, origination#42517, outcome#42518, participantBusyDuration#42519, participantId#42520, participantName#42521, participantOfferAction#42522, participantType#42523, queueId#42524, queueName#42525, queueWaitDuration#42526, scheduleHours#42527, ... 5 more fields] +- Project [agentNotes#42504, caseFollowUp#42505, caseNumber#42506, channelId#42507, chatType#42508, creationTime#42509, customerName#42510, destination#42511, direction#42512, finishedTime#42513, interactionId#42514, interactionLabels#42515, mediaType#42516, origination#42517, outcome#42518, participantBusyDuration#42519, participantId#42520, participantName#42521, participantOfferAction#42522, participantType#42523, queueId#42524, queueName#42525, queueWaitDuration#42526, scheduleHours#42527, ... 5 more fields] +- Project [agentNotes#42504, caseFollowUp#42505, caseNumber#42506, channelId#42507, chatType#42508, creationTime#42509, customerName#42510, destination#42511, direction#42512, finishedTime#42513, interactionId#42514, interactionLabels#42515, mediaType#42516, origination#42517, outcome#42518, participantBusyDuration#42519, participantId#42520, participantName#42521, participantOfferAction#42522, participantType#42523, queueId#42524, queueName#42525, queueWaitDuration#42526, scheduleHours#42527, ... 4 more fields] +- Project [agentNotes#42504, caseFollowUp#42505, caseNumber#42506, channelId#42507, chatType#42508, creationTime#42509, customerName#42510, destination#42511, direction#42512, finishedTime#42513, interactionId#42514, interactionLabels#42515, mediaType#42516, origination#42517, outcome#42518, participantBusyDuration#42519, participantId#42520, participantName#42521, participantOfferAction#42522, participantType#42523, queueId#42524, queueName#42525, queueWaitDuration#42526, scheduleHours#42527, ... 3 more fields] +- Filter (((isnotnull(time#42529) AND NOT (trim(time#42529, None) = )) AND NOT (trim(time#42529, None) = time)) AND NOT (lower(trim(time#42529, None)) = null)) +- SubqueryAlias spark_catalog.chimcobldhq2agi88smk8gak84ml0j21ah34ukid5l1kuki55l24alh5c9k6enr2e9nmsuj54lpn8po.br_8x8_HistoricalCCDetailedInteractions +- Relation spark_catalog.chimcobldhq2agi88smk8gak84ml0j21ah34ukid5l1kuki55l24alh5c9k6enr2e9nmsuj54lpn8po.br_8x8_historicalccdetailedinteractions[agentNotes#42504,caseFollowUp#42505,caseNumber#42506,channelId#42507,chatType#42508,creationTime#42509,customerName#42510,destination#42511,direction#42512,finishedTime#42513,interactionId#42514,interactionLabels#42515,mediaType#42516,origination#42517,outcome#42518,participantBusyDuration#42519,participantId#42520,participantName#42521,participantOfferAction#42522,participantType#42523,queueId#42524,queueName#42525,queueWaitDuration#42526,scheduleHours#42527,... 2 more fields] parquet",2026-08-15T11:18:19.619Z,2026-08-15T11:18:38.874Z,17,2026-08-15T11:18:38.874Z,,,2898ad47-3f2c-4db5-b5fc-5329717fcc94,
202608262209458195,202608261955298843,202608261955298282,85,2417,Bronze INV,br_LabResult,TASK_COMPLETE,SUCCESS,INFO,6730,6730,0,,2026-08-26T19:55:35.047Z,2026-08-26T22:11:39.517Z,8164,2026-08-26T22:11:39.517Z,V20,Paris,20846baf-2fe5-403c-85d4-31520e88a3ce,SAMMS-ParisV5
202608262209458196,202608261955298844,202608261955298282,85,2418,Bronze INV,br_LabResult,TASK_COMPLETE,SUCCESS,INFO,6043,6043,0,,2026-08-26T19:55:35.047Z,2026-08-26T22:11:39.517Z,8164,2026-08-26T22:11:39.517Z,V21,Memphis North,20846baf-2fe5-403c-85d4-31520e88a3ce,SAMMS-RaleighV5
202608262209458197,202608261955298845,202608261955298282,85,2421,Bronze INV,br_LabResult,TASK_COMPLETE,SUCCESS,INFO,7016,7016,0,,2026-08-26T19:55:35.047Z,2026-08-26T22:11:39.517Z,8164,2026-08-26T22:11:39.517Z,V5,West Bank,20846baf-2fe5-403c-85d4-31520e88a3ce,SAMMS-NONTCv5
202608262209458198,202608261955298846,202608261955298282,85,2423,Bronze INV,br_LabResult,TASK_COMPLETE,SUCCESS,INFO,213,213,0,,2026-08-26T19:55:35.047Z,2026-08-26T22:11:39.517Z,8164,2026-08-26T22:11:39.517Z,V5B,Houma,20846baf-2fe5-403c-85d4-31520e88a3ce,SAMMS-HoumaV6
202608262209458199,202608261955298847,202608261955298282,85,2424,Bronze INV,br_LabResult,TASK_COMPLETE,SUCCESS,INFO,4805,4805,0,,2026-08-26T19:55:35.047Z,2026-08-26T22:11:39.517Z,8164,2026-08-26T22:11:39.517Z,V6,Lake Charles,20846baf-2fe5-403c-85d4-31520e88a3ce,SAMMS-LCv5
202608262209458200,202608261955298848,202608261955298282,85,2426,Bronze INV,br_LabResult,TASK_COMPLETE,SUCCESS,INFO,19735,19735,0,,2026-08-26T19:55:35.047Z,2026-08-26T22:11:39.517Z,8164,2026-08-26T22:11:39.517Z,V8,Memphis Midtown,20846baf-2fe5-403c-85d4-31520e88a3ce,SAMMS-VCPHCS-VIII-MemphisV5
202608262209458202,202608261955298849,202608261955298282,85,2427,Bronze INV,br_LabResult,TASK_COMPLETE,SUCCESS,INFO,17518,17518,0,,2026-08-26T19:55:35.047Z,2026-08-26T22:11:39.517Z,8164,2026-08-26T22:11:39.517Z,V9,Nashville,20846baf-2fe5-403c-85d4-31520e88a3ce,SAMMS-NashvilleV5
202608262209458203,202608261955298850,202608261955298282,85,2428,Bronze INV,br_LabResult,TASK_COMPLETE,SUCCESS,INFO,922,922,0,,2026-08-26T19:55:35.047Z,2026-08-26T22:11:39.517Z,8164,2026-08-26T22:11:39.517Z,VBRA,Brainerd,20846baf-2fe5-403c-85d4-31520e88a3ce,SAMMS-BrainerdV6
202608262209458204,202608261955298851,202608261955298282,85,2429,Bronze INV,br_LabResult,TASK_COMPLETE,SUCCESS,INFO,17,17,0,,2026-08-26T19:55:35.047Z,2026-08-26T22:11:39.517Z,8164,2026-08-26T22:11:39.517Z,VBRP,Brooklyn Park,20846baf-2fe5-403c-85d4-31520e88a3ce,SAMMS-BrooklynParkV6
202608262209458205,202608261955298852,202608261955298282,85,2431,Bronze INV,br_LabResult,TASK_COMPLETE,SUCCESS,INFO,2,2,0,,2026-08-26T19:55:35.047Z,2026-08-26T22:11:39.517Z,8164,2026-08-26T22:11:39.517Z,VMIN,Minneapolis,20846baf-2fe5-403c-85d4-31520e88a3ce,SAMMS-MinneapolisV6
202608262209458206,202608261955298853,202608261955298282,85,2432,Bronze INV,br_LabResult,TASK_COMPLETE,SUCCESS,INFO,6,6,0,,2026-08-26T19:55:35.047Z,2026-08-26T22:11:39.517Z,8164,2026-08-26T22:11:39.517Z,VWBY,Woodbury,20846baf-2fe5-403c-85d4-31520e88a3ce,SAMMS-WoodburyV6
202608262209458207,202608261955298854,202608261955298282,85,2434,Bronze INV,br_LabResult,TASK_COMPLETE,SUCCESS,INFO,3352,3352,0,,2026-08-26T19:55:35.047Z,2026-08-26T22:11:39.517Z,8164,2026-08-26T22:11:39.517Z,WIL,Wilson,20846baf-2fe5-403c-85d4-31520e88a3ce,SAMMS-Wilson
202608262209458309,202608261955398304,202608261955398282,86,8581,Silver INV,sl_LABResult,TASK_COMPLETE,FAILED,ERROR,394165,0,1,"Traceback (most recent call last):
  File \"/tmp/ipykernel_6837/3235619930.py\", line 359, in merge_to_silver
    silver_df.write.format(\"delta\").mode(\"overwrite\").saveAsTable(silver_table)
  File \"/opt/spark/python/lib/pyspark.zip/pyspark/sql/readwriter.py\", line 1586, in saveAsTable
    self._jwrite.saveAsTable(name)
  File \"/home/trusted-service-user/cluster-env/trident_env/lib/python3.11/site-packages/py4j/java_gateway.py\", line 1322, in __call__
    return_value = get_return_value(
                   ^^^^^^^^^^^^^^^^^
  File \"/opt/spark/python/lib/pyspark.zip/pyspark/errors/exceptions/captured.py\", line 179, in deco
    return f(*a, **kw)
           ^^^^^^^^^^^
  File \"/home/trusted-service-user/cluster-env/trident_env/lib/python3.11/site-packages/py4j/protocol.py\", line 326, in get_return_value
    raise Py4JJavaError(
py4j.protocol.Py4JJavaError: An error occurred while calling o14939.saveAsTable.
: org.apache.spark.SparkException: Job aborted due to stage failure: Task 2 in stage 1861.0 failed 4 times, most recent failure: Lost task 2.3 in stage 1861.0 (TID 19397) (vm-53659808 executor 2): org.apache.spark.SparkException: [TASK_WRITE_FAILED] Task failed while writing rows to abfss://c5097ffb-b78e-441d-9575-a82bac23cac8@onelake.dfs.fabric.microsoft.com/dd09d8b6-d862-4954-a0b2-fcf7372c6595/Tables/pats/sl_labresult.
	at org.apache.spark.sql.errors.QueryExecutionErrors$.taskFailedWhileWritingRowsError(QueryExecutionErrors.scala:777)
	at org.apache.spark.sql.delta.files.DeltaFileFormatWriter$.executeTask(DeltaFileFormatWriter.scala:621)
	at org.apache.spark.sql.delta.files.DeltaFileFormatWriter$.$anonfun$executeWrite$4(DeltaFileFormatWriter.scala:387)
	at org.apache.spark.scheduler.ResultTask.runTask(ResultTask.scala:93)
	at org.apache.spark.TaskContext.runTaskWithListeners(TaskContext.scala:166)
	at org.apache.spark.scheduler.Task.run(Task.scala:141)
	at org.apache.spark.executor.Executor$TaskRunner.$anonfun$run$4(Executor.scala:636)
	at org.apache.spark.util.SparkErrorUtils.tryWithSafeFinally(SparkErrorUtils.scala:64)
	at org.apache.spark.util.SparkErrorUtils.tryWithSafeFinally$(SparkErrorUtils.scala:61)
	at org.apache.spark.util.Utils$.tryWithSafeFinally(Utils.scala:95)
	at org.apache.spark.executor.Executor$TaskRunner.run(Executor.scala:639)
	at java.base/java.util.concurrent.ThreadPoolExecutor.runWorker(ThreadPoolExecutor.java:1128)
	at java.base/java.util.concurrent.ThreadPoolExecutor$Worker.run(ThreadPoolExecutor.java:628)
	at java.base/java.lang.Thread.run(Thread.java:829)
Caused by: org.apache.spark.SparkUpgradeException: [INCONSISTENT_BEHAVIOR_CROSS_VERSION.WRITE_ANCIENT_DATETIME] You may get a different result due to the upgrading to Spark >= 3.0:
writing dates before 1582-10-15 or timestamps before 1900-01-01T00:00:00Z
into Parquet files can be dangerous, as the files may be read by Spark 2.x
or legacy versions of Hive later, which uses a legacy hybrid calendar that
is different from Spark 3.0+'s Proleptic Gregorian calendar. See more
details in SPARK-31404. You can set \"spark.sql.parquet.datetimeRebaseModeInWrite\" to \"LEGACY\" to rebase the
datetime values w.r.t. the calendar difference during writing, to get maximum
interoperability. Or set the config to \"CORRECTED\" to write the datetime
values as it is, if you are sure that the written files will only be read by
Spark 3.0+ or other systems that use Proleptic Gregorian calendar.
	at org.apache.spark.sql.errors.QueryExecutionErrors$.sparkUpgradeInWritingDatesError(QueryExecutionErrors.scala:762)
	at org.apache.spark.sql.execution.datasources.DataSourceUtils$.newRebaseExceptionInWrite(DataSourceUtils.scala:187)
	at org.apache.spark.sql.execution.datasources.DataSourceUtils$.$anonfun$createTimestampRebaseFuncInWrite$1(DataSourceUtils.scala:232)
	at org.apache.spark.sql.execution.arrow.RebasingTimestampWriter.setValue(RebasingArrowWriter.scala:130)
	at org.apache.spark.sql.execution.arrow.ArrowFieldWriter.write(ArrowWriter.scala:135)
	at org.apache.spark.sql.executio",2026-08-26T19:55:35.047Z,2026-08-26T22:11:39.517Z,8164,2026-08-26T22:11:39.517Z,,,20846baf-2fe5-403c-85d4-31520e88a3ce,
202608262209458224,202608261955298513,202608261955298282,85,2622,Bronze INV,br_LiquidLog,TASK_COMPLETE,SUCCESS,INFO,32143,32143,0,,2026-08-26T19:55:35.047Z,2026-08-26T22:11:39.517Z,8164,2026-08-26T22:11:39.517Z,AHK,Ahoskie,20846baf-2fe5-403c-85d4-31520e88a3ce,SAMMS-Ahoskie
202608262209458225,202608261955298514,202608261955298282,85,2623,Bronze INV,br_LiquidLog,TASK_COMPLETE,SUCCESS,INFO,62838,62838,0,,2026-08-26T19:55:35.047Z,2026-08-26T22:11:39.517Z,8164,2026-08-26T22:11:39.517Z,B12B,Colorado Springs,20846baf-2fe5-403c-85d4-31520e88a3ce,SAMMS-ColoradoSpringsV5
202608262209458227,202608261955298515,202608261955298282,85,2624,Bronze INV,br_LiquidLog,TASK_COMPLETE,SUCCESS,INFO,266284,266284,0,,2026-08-26T19:55:35.047Z,2026-08-26T22:11:39.517Z,8164,2026-08-26T22:11:39.517Z,B24,Paintsville,20846baf-2fe5-403c-85d4-31520e88a3ce,SAMMS-PaintsvilleV5
202608262209458228,202608261955298516,202608261955298282,85,2625,Bronze INV,br_LiquidLog,TASK_COMPLETE,SUCCESS,INFO,196500,196500,0,,2026-08-26T19:55:35.047Z,2026-08-26T22:11:39.517Z,8164,2026-08-26T22:11:39.517Z,B25,Pikeville,20846baf-2fe5-403c-85d4-31520e88a3ce,SAMMS-PikevilleV5
202608262209458229,202608261955298517,202608261955298282,85,2626,Bronze INV,br_LiquidLog,TASK_COMPLETE,SUCCESS,INFO,476686,476686,0,,2026-08-26T19:55:35.047Z,2026-08-26T22:11:39.517Z,8164,2026-08-26T22:11:39.517Z,B26,Hazard,20846baf-2fe5-403c-85d4-31520e88a3ce,SAMMS-HazardV5
202608262209458230,202608261955298518,202608261955298282,85,2627,Bronze INV,br_LiquidLog,TASK_COMPLETE,SUCCESS,INFO,50589,50589,0,,2026-08-26T19:55:35.047Z,2026-08-26T22:11:39.517Z,8164,2026-08-26T22:11:39.517Z,B27,Savannah,20846baf-2fe5-403c-85d4-31520e88a3ce,SAMMS-SavannahV6
202608262209458231,202608261955298519,202608261955298282,85,2628,Bronze INV,br_LiquidLog,TASK_COMPLETE,SUCCESS,INFO,134241,134241,0,,2026-08-26T19:55:35.047Z,2026-08-26T22:11:39.517Z,8164,2026-08-26T22:11:39.517Z,B28,West Plains,20846baf-2fe5-403c-85d4-31520e88a3ce,SAMMS-WestPlainesV5
202608262209458232,202608261955298520,202608261955298282,85,2629,Bronze INV,br_LiquidLog,TASK_COMPLETE,SUCCESS,INFO,92888,92888,0,,2026-08-26T19:55:35.047Z,2026-08-26T22:11:39.517Z,8164,2026-08-26T22:11:39.517Z,B29,Poplar Bluff,20846baf-2fe5-403c-85d4-31520e88a3ce,SAMMS-PoplarBluffV5
202608262209458233,202608261955298521,202608261955298282,85,2630,Bronze INV,br_LiquidLog,TASK_COMPLETE,SUCCESS,INFO,50266,50266,0,,2026-08-26T19:55:35.047Z,2026-08-26T22:11:39.517Z,8164,2026-08-26T22:11:39.517Z,B30,KC North,20846baf-2fe5-403c-85d4-31520e88a3ce,SAMMS-KCNv5
202608262209458234,202608261955298522,202608261955298282,85,2631,Bronze INV,br_LiquidLog,TASK_COMPLETE,SUCCESS,INFO,237709,237709,0,,2026-08-26T19:55:35.047Z,2026-08-26T22:11:39.517Z,8164,2026-08-26T22:11:39.517Z,B31,Dyersburg,20846baf-2fe5-403c-85d4-31520e88a3ce,SAMMS-DyersburgV5
202608262209458235,202608261955298523,202608261955298282,85,2633,Bronze INV,br_LiquidLog,TASK_COMPLETE,SUCCESS,INFO,175178,175178,0,,2026-08-26T19:55:35.047Z,2026-08-26T22:11:39.517Z,8164,2026-08-26T22:11:39.517Z,B33,Paducah,20846baf-2fe5-403c-85d4-31520e88a3ce,SAMMS-Paducah
202608262209458237,202608261955298524,202608261955298282,85,2634,Bronze INV,br_LiquidLog,TASK_COMPLETE,SUCCESS,INFO,281994,281994,0,,2026-08-26T19:55:35.047Z,2026-08-26T22:11:39.517Z,8164,2026-08-26T22:11:39.517Z,B34,Corbin,20846baf-2fe5-403c-85d4-31520e88a3ce,SAMMS-CorbinV5
202608262209458238,202608261955298525,202608261955298282,85,2635,Bronze INV,br_LiquidLog,TASK_COMPLETE,SUCCESS,INFO,544566,544566,0,,2026-08-26T19:55:35.047Z,2026-08-26T22:11:39.517Z,8164,2026-08-26T22:11:39.517Z,B35,Lexington,20846baf-2fe5-403c-85d4-31520e88a3ce,SAMMS-LexingtonV5
202608262209458239,202608261955298526,202608261955298282,85,2636,Bronze INV,br_LiquidLog,TASK_COMPLETE,SUCCESS,INFO,180963,180963,0,,2026-08-26T19:55:35.047Z,2026-08-26T22:11:39.517Z,8164,2026-08-26T22:11:39.517Z,B35A,Berea,20846baf-2fe5-403c-85d4-31520e88a3ce,SAMMS-BereaV5
202608262209458240,202608261955298527,202608261955298282,85,2637,Bronze INV,br_LiquidLog,TASK_COMPLETE,SUCCESS,INFO,168332,168332,0,,2026-08-26T19:55:35.047Z,2026-08-26T22:11:39.517Z,8164,2026-08-26T22:11:39.517Z,B36,Asheville,20846baf-2fe5-403c-85d4-31520e88a3ce,SAMMS-AshevilleV5
202608262209458241,202608261955298528,202608261955298282,85,2638,Bronze INV,br_LiquidLog,TASK_COMPLETE,SUCCESS,INFO,126759,126759,0,,2026-08-26T19:55:35.047Z,2026-08-26T22:11:39.517Z,8164,2026-08-26T22:11:39.517Z,B37,Clyde,20846baf-2fe5-403c-85d4-31520e88a3ce,SAMMS-ClydeV5
202608262209458242,202608261955298529,202608261955298282,85,2639,Bronze INV,br_LiquidLog,TASK_COMPLETE,SUCCESS,INFO,195189,195189,0,,2026-08-26T19:55:35.047Z,2026-08-26T22:11:39.517Z,8164,2026-08-26T22:11:39.517Z,B38,Spartanburg,20846baf-2fe5-403c-85d4-31520e88a3ce,SAMMS-SpartanburgV5
202608262209458243,202608261955298530,202608261955298282,85,2640,Bronze INV,br_LiquidLog,TASK_COMPLETE,SUCCESS,INFO,77057,77057,0,,2026-08-26T19:55:35.047Z,2026-08-26T22:11:39.517Z,8164,2026-08-26T22:11:39.517Z,B39,Aiken,20846baf-2fe5-403c-85d4-31520e88a3ce,SAMMS-AikenV5
202608262209458244,202608261955298531,202608261955298282,85,2641,Bronze INV,br_LiquidLog,TASK_COMPLETE,SUCCESS,INFO,124490,124490,0,,2026-08-26T19:55:35.047Z,2026-08-26T22:11:39.517Z,8164,2026-08-26T22:11:39.517Z,B41,Chesapeake,20846baf-2fe5-403c-85d4-31520e88a3ce,SAMMS-ChesapeakeV5
202608262209458245,202608261955298532,202608261955298282,85,2642,Bronze INV,br_LiquidLog,TASK_COMPLETE,SUCCESS,INFO,169115,169115,0,,2026-08-26T19:55:35.047Z,2026-08-26T22:11:39.517Z,8164,2026-08-26T22:11:39.517Z,B42,Virginia Beach,20846baf-2fe5-403c-85d4-31520e88a3ce,SAMMS-VirginiaBeachV5
202608262209458247,202608261955298533,202608261955298282,85,2643,Bronze INV,br_LiquidLog,TASK_COMPLETE,SUCCESS,INFO,101948,101948,0,,2026-08-26T19:55:35.047Z,2026-08-26T22:11:39.517Z,8164,2026-08-26T22:11:39.517Z,B42A,Newport News,20846baf-2fe5-403c-85d4-31520e88a3ce,SAMMS-NewportNewsV5
202608262209458248,202608261955298534,202608261955298282,85,2644,Bronze INV,br_LiquidLog,TASK_COMPLETE,SUCCESS,INFO,23902,23902,0,,2026-08-26T19:55:35.047Z,2026-08-26T22:11:39.517Z,8164,2026-08-26T22:11:39.517Z,B42B,Franklin,20846baf-2fe5-403c-85d4-31520e88a3ce,SAMMS-FranklinV5
202608262209458249,202608261955298535,202608261955298282,85,2645,Bronze INV,br_LiquidLog,TASK_COMPLETE,SUCCESS,INFO,125219,125219,0,,2026-08-26T19:55:35.047Z,2026-08-26T22:11:39.517Z,8164,2026-08-26T22:11:39.517Z,B42C,Glen Allen,20846baf-2fe5-403c-85d4-31520e88a3ce,SAMMS-GlenAllenV5
202608262209458250,202608261955298536,202608261955298282,85,2646,Bronze INV,br_LiquidLog,TASK_COMPLETE,SUCCESS,INFO,89022,89022,0,,2026-08-26T19:55:35.047Z,2026-08-26T22:11:39.517Z,8164,2026-08-26T22:11:39.517Z,B42D,Chesapeake South,20846baf-2fe5-403c-85d4-31520e88a3ce,SAMMS-ChesapeakeSouthV5
202608262209458251,202608261955298537,202608261955298282,85,2647,Bronze INV,br_LiquidLog,TASK_COMPLETE,SUCCESS,INFO,79934,79934,0,,2026-08-26T19:55:35.047Z,2026-08-26T22:11:39.517Z,8164,2026-08-26T22:11:39.517Z,B44,Albany,20846baf-2fe5-403c-85d4-31520e88a3ce,SAMMS-AlbanyV5
202608262209458252,202608261955298538,202608261955298282,85,2648,Bronze INV,br_LiquidLog,TASK_COMPLETE,SUCCESS,INFO,140429,140429,0,,2026-08-26T19:55:35.047Z,2026-08-26T22:11:39.517Z,8164,2026-08-26T22:11:39.517Z,B45,Tifton,20846baf-2fe5-403c-85d4-31520e88a3ce,SAMMS-TiftonV5
202608262209458253,202608261955298539,202608261955298282,85,2649,Bronze INV,br_LiquidLog,TASK_COMPLETE,SUCCESS,INFO,134264,134264,0,,2026-08-26T19:55:35.047Z,2026-08-26T22:11:39.517Z,8164,2026-08-26T22:11:39.517Z,B46,Washington DC,20846baf-2fe5-403c-85d4-31520e88a3ce,SAMMS-WashingtonDCv5
202608262209458254,202608261955298540,202608261955298282,85,2650,Bronze INV,br_LiquidLog,TASK_COMPLETE,SUCCESS,INFO,136103,136103,0,,2026-08-26T19:55:35.047Z,2026-08-26T22:11:39.517Z,8164,2026-08-26T22:11:39.517Z,B47,Mobile,20846baf-2fe5-403c-85d4-31520e88a3ce,SAMMS-MobileV5
202608262209458255,202608261955298541,202608261955298282,85,2651,Bronze INV,br_LiquidLog,TASK_COMPLETE,SUCCESS,INFO,261419,261419,0,,2026-08-26T19:55:35.047Z,2026-08-26T22:11:39.517Z,8164,2026-08-26T22:11:39.517Z,B48,Tuscaloosa,20846baf-2fe5-403c-85d4-31520e88a3ce,SAMMS-TuscaloosaV5
202608262209458257,202608261955298542,202608261955298282,85,2660,Bronze INV,br_LiquidLog,TASK_COMPLETE,SUCCESS,INFO,59556,59556,0,,2026-08-26T19:55:35.047Z,2026-08-26T22:11:39.517Z,8164,2026-08-26T22:11:39.517Z,B51,N. Little Rock (OTP),20846baf-2fe5-403c-85d4-31520e88a3ce,SAMMS-NorthLittleRockV6
202608262209458258,202608261955298543,202608261955298282,85,2661,Bronze INV,br_LiquidLog,TASK_COMPLETE,SUCCESS,INFO,96324,96324,0,,2026-08-26T19:55:35.047Z,2026-08-26T22:11:39.517Z,8164,2026-08-26T22:11:39.517Z,B52,Jackson GA,20846baf-2fe5-403c-85d4-31520e88a3ce,SAMMS-JacksonGAV5
202608262209458259,202608261955298544,202608261955298282,85,2662,Bronze INV,br_LiquidLog,TASK_COMPLETE,SUCCESS,INFO,239683,239683,0,,2026-08-26T19:55:35.047Z,2026-08-26T22:11:39.517Z,8164,2026-08-26T22:11:39.517Z,B54,Gadsden,20846baf-2fe5-403c-85d4-31520e88a3ce,SAMMS-GadsdenV5
202608262209458260,202608261955298545,202608261955298282,85,2663,Bronze INV,br_LiquidLog,TASK_COMPLETE,SUCCESS,INFO,225046,225046,0,,2026-08-26T19:55:35.047Z,2026-08-26T22:11:39.517Z,8164,2026-08-26T22:11:39.517Z,B55,Shoals,20846baf-2fe5-403c-85d4-31520e88a3ce,SAMMS-ShoalsV5
202608262209458261,202608261955298546,202608261955298282,85,2664,Bronze INV,br_LiquidLog,TASK_COMPLETE,SUCCESS,INFO,64963,64963,0,,2026-08-26T19:55:35.047Z,2026-08-26T22:11:39.517Z,8164,2026-08-26T22:11:39.517Z,B57,Pawtucket,20846baf-2fe5-403c-85d4-31520e88a3ce,SAMMS-Pawtucket
202608262209458262,202608261955298547,202608261955298282,85,2665,Bronze INV,br_LiquidLog,TASK_COMPLETE,SUCCESS,INFO,73235,73235,0,,2026-08-26T19:55:35.047Z,2026-08-26T22:11:39.517Z,8164,2026-08-26T22:11:39.517Z,B57A,Johnston,20846baf-2fe5-403c-85d4-31520e88a3ce,SAMMS-Johnston
202608262209458263,202608261955298548,202608261955298282,85,2666,Bronze INV,br_LiquidLog,TASK_COMPLETE,SUCCESS,INFO,19122,19122,0,,2026-08-26T19:55:35.047Z,2026-08-26T22:11:39.517Z,8164,2026-08-26T22:11:39.517Z,B57B,Middletown,20846baf-2fe5-403c-85d4-31520e88a3ce,SAMMS-Middletown
202608262209458264,202608261955298549,202608261955298282,85,2667,Bronze INV,br_LiquidLog,TASK_COMPLETE,SUCCESS,INFO,38726,38726,0,,2026-08-26T19:55:35.047Z,2026-08-26T22:11:39.517Z,8164,2026-08-26T22:11:39.517Z,B57C,Providence,20846baf-2fe5-403c-85d4-31520e88a3ce,SAMMS-Providence
202608262209458265,202608261955298550,202608261955298282,85,2668,Bronze INV,br_LiquidLog,TASK_COMPLETE,SUCCESS,INFO,65564,65564,0,,2026-08-26T19:55:35.047Z,2026-08-26T22:11:39.517Z,8164,2026-08-26T22:11:39.517Z,B57D,Westerly,20846baf-2fe5-403c-85d4-31520e88a3ce,SAMMS-Westerly
202608262209458266,202608261955298551,202608261955298282,85,2672,Bronze INV,br_LiquidLog,TASK_COMPLETE,SUCCESS,INFO,0,0,0,,2026-08-26T19:55:35.047Z,2026-08-26T22:11:39.517Z,8164,2026-08-26T22:11:39.517Z,B66A,Bremen,20846baf-2fe5-403c-85d4-31520e88a3ce,SAMMS-Bremen
202608262209458268,202608261955298552,202608261955298282,85,2675,Bronze INV,br_LiquidLog,TASK_COMPLETE,SUCCESS,INFO,0,0,0,,2026-08-26T19:55:35.047Z,2026-08-26T22:11:39.517Z,8164,2026-08-26T22:11:39.517Z,B72,Mobile (OBOT),20846baf-2fe5-403c-85d4-31520e88a3ce,SAMMS-Mobile-OBOT
202608262209458269,202608261955298553,202608261955298282,85,2676,Bronze INV,br_LiquidLog,TASK_COMPLETE,SUCCESS,INFO,0,0,0,,2026-08-26T19:55:35.047Z,2026-08-26T22:11:39.517Z,8164,2026-08-26T22:11:39.517Z,B73,Montgomery,20846baf-2fe5-403c-85d4-31520e88a3ce,SAMMS-Montgomery
202608262209458270,202608261955298554,202608261955298282,85,2677,Bronze INV,br_LiquidLog,TASK_COMPLETE,SUCCESS,INFO,61773,61773,0,,2026-08-26T19:55:35.047Z,2026-08-26T22:11:39.517Z,8164,2026-08-26T22:11:39.517Z,B75,Lawrence,20846baf-2fe5-403c-85d4-31520e88a3ce,SAMMS-LawrenceV6
202608262209458271,202608261955298555,202608261955298282,85,2678,Bronze INV,br_LiquidLog,TASK_COMPLETE,SUCCESS,INFO,0,0,0,,2026-08-26T19:55:35.047Z,2026-08-26T22:11:39.517Z,8164,2026-08-26T22:11:39.517Z,B76,Huntsville OBOT,20846baf-2fe5-403c-85d4-31520e88a3ce,SAMMS-Huntsville-OBOT
202608262209458272,202608261955298556,202608261955298282,85,2679,Bronze INV,br_LiquidLog,TASK_COMPLETE,SUCCESS,INFO,0,0,0,,2026-08-26T19:55:35.047Z,2026-08-26T22:11:39.517Z,8164,2026-08-26T22:11:39.517Z,BAT,Batesville,20846baf-2fe5-403c-85d4-31520e88a3ce,SAMMS-Batesville
202608262209458273,202608261955298557,202608261955298282,85,2680,Bronze INV,br_LiquidLog,TASK_COMPLETE,SUCCESS,INFO,125796,125796,0,,2026-08-26T19:55:35.047Z,2026-08-26T22:11:39.517Z,8164,2026-08-26T22:11:39.517Z,BG,Bowling Green,20846baf-2fe5-403c-85d4-31520e88a3ce,SAMMS-BowlingGreen
202608262209458274,202608261955298558,202608261955298282,85,2681,Bronze INV,br_LiquidLog,TASK_COMPLETE,SUCCESS,INFO,51936,51936,0,,2026-08-26T19:55:35.047Z,2026-08-26T22:11:39.517Z,8164,2026-08-26T22:11:39.517Z,BOI,Boise,20846baf-2fe5-403c-85d4-31520e88a3ce,SAMMS-Boise
202608262209458275,202608261955298559,202608261955298282,85,2688,Bronze INV,br_LiquidLog,TASK_COMPLETE,SUCCESS,INFO,29657,29657,0,,2026-08-26T19:55:35.047Z,2026-08-26T22:11:39.517Z,8164,2026-08-26T22:11:39.517Z,CBCO,Coeur dAlene,20846baf-2fe5-403c-85d4-31520e88a3ce,SAMMS-CoeurdAleneV6
202608262209458276,202608261955298560,202608261955298282,85,2707,Bronze INV,br_LiquidLog,TASK_COMPLETE,SUCCESS,INFO,0,0,0,,2026-08-26T19:55:35.047Z,2026-08-26T22:11:39.517Z,8164,2026-08-26T22:11:39.517Z,CON,Conway,20846baf-2fe5-403c-85d4-31520e88a3ce,SAMMS-Conway
202608262209458277,202608261955298561,202608261955298282,85,2708,Bronze INV,br_LiquidLog,TASK_COMPLETE,SUCCESS,INFO,0,0,0,,2026-08-26T19:55:35.047Z,2026-08-26T22:11:39.517Z,8164,2026-08-26T22:11:39.517Z,D07,Medical Services Knox TN,20846baf-2fe5-403c-85d4-31520e88a3ce,SAMMS-KnoxvilleV6
202608262209458278,202608261955298562,202608261955298282,85,2709,Bronze INV,br_LiquidLog,TASK_COMPLETE,SUCCESS,INFO,93681,93681,0,,2026-08-26T19:55:35.047Z,2026-08-26T22:11:39.517Z,8164,2026-08-26T22:11:39.517Z,D08,Madison,20846baf-2fe5-403c-85d4-31520e88a3ce,SAMMS-MadisonV6
202608262209458280,202608261955298563,202608261955298282,85,2711,Bronze INV,br_LiquidLog,TASK_COMPLETE,SUCCESS,INFO,146263,146263,0,,2026-08-26T19:55:35.047Z,2026-08-26T22:11:39.517Z,8164,2026-08-26T22:11:39.517Z,D09,Murfreesboro,20846baf-2fe5-403c-85d4-31520e88a3ce,SAMMS-MurfreesboroV6
202608262209458281,202608261955298564,202608261955298282,85,2712,Bronze INV,br_LiquidLog,TASK_COMPLETE,SUCCESS,INFO,70902,70902,0,,2026-08-26T19:55:35.047Z,2026-08-26T22:11:39.517Z,8164,2026-08-26T22:11:39.517Z,DA,Davenport,20846baf-2fe5-403c-85d4-31520e88a3ce,SAMMS-Davenport
202608262209458282,202608261955298565,202608261955298282,85,2713,Bronze INV,br_LiquidLog,TASK_COMPLETE,SUCCESS,INFO,64895,64895,0,,2026-08-26T19:55:35.047Z,2026-08-26T22:11:39.517Z,8164,2026-08-26T22:11:39.517Z,DM,Des Moines,20846baf-2fe5-403c-85d4-31520e88a3ce,SAMMS-DesMoines
202608262209458283,202608261955298566,202608261955298282,85,2715,Bronze INV,br_LiquidLog,TASK_COMPLETE,SUCCESS,INFO,156168,156168,0,,2026-08-26T19:55:35.047Z,2026-08-26T22:11:39.517Z,8164,2026-08-26T22:11:39.517Z,DRD-CO,Columbia MO,20846baf-2fe5-403c-85d4-31520e88a3ce,SAMMS-ColumbiaV5
202608262209458284,202608261955298567,202608261955298282,85,2716,Bronze INV,br_LiquidLog,TASK_COMPLETE,SUCCESS,INFO,158491,158491,0,,2026-08-26T19:55:35.047Z,2026-08-26T22:11:39.517Z,8164,2026-08-26T22:11:39.517Z,DRD-KC,KC,20846baf-2fe5-403c-85d4-31520e88a3ce,SAMMS-KCv5
202608262209458285,202608261955298568,202608261955298282,85,2717,Bronze INV,br_LiquidLog,TASK_COMPLETE,SUCCESS,INFO,506370,506370,0,,2026-08-26T19:55:35.047Z,2026-08-26T22:11:39.517Z,8164,2026-08-26T22:11:39.517Z,DRD-KVB,KVB,20846baf-2fe5-403c-85d4-31520e88a3ce,SAMMS-KVBv5
202608262209458287,202608261955298569,202608261955298282,85,2718,Bronze INV,br_LiquidLog,TASK_COMPLETE,SUCCESS,INFO,575179,575179,0,,2026-08-26T19:55:35.047Z,2026-08-26T22:11:39.517Z,8164,2026-08-26T22:11:39.517Z,DRD-KVC,KVC,20846baf-2fe5-403c-85d4-31520e88a3ce,SAMMS-KVCv5
202608262209458288,202608261955298570,202608261955298282,85,2719,Bronze INV,br_LiquidLog,TASK_COMPLETE,SUCCESS,INFO,490669,490669,0,,2026-08-26T19:55:35.047Z,2026-08-26T22:11:39.517Z,8164,2026-08-26T22:11:39.517Z,DRD-NOLA,NOLA,20846baf-2fe5-403c-85d4-31520e88a3ce,SAMMS-NOLAv5
202608262209458289,202608261955298571,202608261955298282,85,2720,Bronze INV,br_LiquidLog,TASK_COMPLETE,SUCCESS,INFO,266558,266558,0,,2026-08-26T19:55:35.047Z,2026-08-26T22:11:39.517Z,8164,2026-08-26T22:11:39.517Z,DRD-SF,Springfield,20846baf-2fe5-403c-85d4-31520e88a3ce,SAMMS-SFv5
202608262209458290,202608261955298572,202608261955298282,85,2722,Bronze INV,br_LiquidLog,TASK_COMPLETE,SUCCESS,INFO,83544,83544,0,,2026-08-26T19:55:35.047Z,2026-08-26T22:11:39.517Z,8164,2026-08-26T22:11:39.517Z,ELC,Elizabeth City,20846baf-2fe5-403c-85d4-31520e88a3ce,SAMMS-ElizabethCity
202608262209458291,202608261955298573,202608261955298282,85,2723,Bronze INV,br_LiquidLog,TASK_COMPLETE,SUCCESS,INFO,94571,94571,0,,2026-08-26T19:55:35.047Z,2026-08-26T22:11:39.517Z,8164,2026-08-26T22:11:39.517Z,ET,Elizabethtown,20846baf-2fe5-403c-85d4-31520e88a3ce,SAMMS-Elizabethtown
202608262209458292,202608261955298574,202608261955298282,85,2724,Bronze INV,br_LiquidLog,TASK_COMPLETE,SUCCESS,INFO,0,0,0,,2026-08-26T19:55:35.047Z,2026-08-26T22:11:39.517Z,8164,2026-08-26T22:11:39.517Z,FAY,Fayetteville,20846baf-2fe5-403c-85d4-31520e88a3ce,SAMMS-Fayetteville
202608262209458293,202608261955298575,202608261955298282,85,2725,Bronze INV,br_LiquidLog,TASK_COMPLETE,SUCCESS,INFO,99303,99303,0,,2026-08-26T19:55:35.047Z,2026-08-26T22:11:39.517Z,8164,2026-08-26T22:11:39.517Z,FR,Frankfort,20846baf-2fe5-403c-85d4-31520e88a3ce,SAMMS-Frankfort
202608262209458294,202608261955298576,202608261955298282,85,2726,Bronze INV,br_LiquidLog,TASK_COMPLETE,SUCCESS,INFO,0,0,0,,2026-08-26T19:55:35.047Z,2026-08-26T22:11:39.517Z,8164,2026-08-26T22:11:39.517Z,FS,Fort Smith,20846baf-2fe5-403c-85d4-31520e88a3ce,SAMMS-FortSmith
202608262209458295,202608261955298577,202608261955298282,85,2727,Bronze INV,br_LiquidLog,TASK_COMPLETE,SUCCESS,INFO,205625,205625,0,,2026-08-26T19:55:35.047Z,2026-08-26T22:11:39.517Z,8164,2026-08-26T22:11:39.517Z,FW,Fort Wayne,20846baf-2fe5-403c-85d4-31520e88a3ce,SAMMS-FortWayne
202608262209458297,202608261955298578,202608261955298282,85,2728,Bronze INV,br_LiquidLog,TASK_COMPLETE,SUCCESS,INFO,83648,83648,0,,2026-08-26T19:55:35.047Z,2026-08-26T22:11:39.517Z,8164,2026-08-26T22:11:39.517Z,GAL,Gaylord,20846baf-2fe5-403c-85d4-31520e88a3ce,SAMMS-Gaylord
202608262209458298,202608261955298579,202608261955298282,85,2732,Bronze INV,br_LiquidLog,TASK_COMPLETE,SUCCESS,INFO,183953,183953,0,,2026-08-26T19:55:35.047Z,2026-08-26T22:11:39.517Z,8164,2026-08-26T22:11:39.517Z,HGT,Hagerstown,20846baf-2fe5-403c-85d4-31520e88a3ce,SAMMS-Hagerstown
202608262209458299,202608261955298580,202608261955298282,85,2733,Bronze INV,br_LiquidLog,TASK_COMPLETE,SUCCESS,INFO,167815,167815,0,,2026-08-26T19:55:35.047Z,2026-08-26T22:11:39.517Z,8164,2026-08-26T22:11:39.517Z,HNT,Huntsville,20846baf-2fe5-403c-85d4-31520e88a3ce,SAMMS-Huntsville
202608262209458300,202608261955298581,202608261955298282,85,2734,Bronze INV,br_LiquidLog,TASK_COMPLETE,SUCCESS,INFO,0,0,0,,2026-08-26T19:55:35.047Z,2026-08-26T22:11:39.517Z,8164,2026-08-26T22:11:39.517Z,HS,Hot Springs,20846baf-2fe5-403c-85d4-31520e88a3ce,SAMMS-HotSprings
202608262209458301,202608261955298582,202608261955298282,85,2735,Bronze INV,br_LiquidLog,TASK_COMPLETE,SUCCESS,INFO,0,0,0,,2026-08-26T19:55:35.047Z,2026-08-26T22:11:39.517Z,8164,2026-08-26T22:11:39.517Z,JON,Jonesboro,20846baf-2fe5-403c-85d4-31520e88a3ce,SAMMS-Jonesboro
202608262209458302,202608261955298583,202608261955298282,85,2737,Bronze INV,br_LiquidLog,TASK_COMPLETE,SUCCESS,INFO,73248,73248,0,,2026-08-26T19:55:35.047Z,2026-08-26T22:11:39.517Z,8164,2026-08-26T22:11:39.517Z,LAN,Lansing,20846baf-2fe5-403c-85d4-31520e88a3ce,SAMMS-Lansing
202608262209458303,202608261955298584,202608261955298282,85,2738,Bronze INV,br_LiquidLog,TASK_COMPLETE,SUCCESS,INFO,238419,238419,0,,2026-08-26T19:55:35.047Z,2026-08-26T22:11:39.517Z,8164,2026-08-26T22:11:39.517Z,LO,Louisville,20846baf-2fe5-403c-85d4-31520e88a3ce,SAMMS-Louisville
202608262209458304,202608261955298585,202608261955298282,85,2739,Bronze INV,br_LiquidLog,TASK_COMPLETE,SUCCESS,INFO,120492,120492,0,,2026-08-26T19:55:35.047Z,2026-08-26T22:11:39.517Z,8164,2026-08-26T22:11:39.517Z,LV1,Cheyenne,20846baf-2fe5-403c-85d4-31520e88a3ce,SAMMS-Cheyenne
202608262209458306,202608261955298586,202608261955298282,85,2740,Bronze INV,br_LiquidLog,TASK_COMPLETE,SUCCESS,INFO,114395,114395,0,,2026-08-26T19:55:35.047Z,2026-08-26T22:11:39.517Z,8164,2026-08-26T22:11:39.517Z,LV2,Desert Inn,20846baf-2fe5-403c-85d4-31520e88a3ce,SAMMS-DesertInn
202608262209458307,202608261955298587,202608261955298282,85,2741,Bronze INV,br_LiquidLog,TASK_COMPLETE,SUCCESS,INFO,60390,60390,0,,2026-08-26T19:55:35.047Z,2026-08-26T22:11:39.517Z,8164,2026-08-26T22:11:39.517Z,LV3,McDaniel,20846baf-2fe5-403c-85d4-31520e88a3ce,SAMMS-McDaniel
202608262209458308,202608261955298588,202608261955298282,85,2744,Bronze INV,br_LiquidLog,TASK_COMPLETE,SUCCESS,INFO,64419,64419,0,,2026-08-26T19:55:35.047Z,2026-08-26T22:11:39.517Z,8164,2026-08-26T22:11:39.517Z,MNRE,Monroe,20846baf-2fe5-403c-85d4-31520e88a3ce,SAMMS-Monroe
202608262209458309,202608261955298589,202608261955298282,85,2745,Bronze INV,br_LiquidLog,TASK_COMPLETE,SUCCESS,INFO,148834,148834,0,,2026-08-26T19:55:35.047Z,2026-08-26T22:11:39.517Z,8164,2026-08-26T22:11:39.517Z,MP,Mt. Pleasant,20846baf-2fe5-403c-85d4-31520e88a3ce,SAMMS-MtPleasant
202608262209458310,202608261955298590,202608261955298282,85,2746,Bronze INV,br_LiquidLog,TASK_COMPLETE,SUCCESS,INFO,48421,48421,0,,2026-08-26T19:55:35.047Z,2026-08-26T22:11:39.517Z,8164,2026-08-26T22:11:39.517Z,MRD,Meridian,20846baf-2fe5-403c-85d4-31520e88a3ce,SAMMS-Meridian
202608262209458311,202608261955298591,202608261955298282,85,2751,Bronze INV,br_LiquidLog,TASK_COMPLETE,SUCCESS,INFO,120093,120093,0,,2026-08-26T19:55:35.047Z,2026-08-26T22:11:39.517Z,8164,2026-08-26T22:11:39.517Z,NC,North Charleston,20846baf-2fe5-403c-85d4-31520e88a3ce,SAMMS-NorthCharleston
202608262209458312,202608261955298592,202608261955298282,85,2752,Bronze INV,br_LiquidLog,TASK_COMPLETE,SUCCESS,INFO,0,0,0,,2026-08-26T19:55:35.047Z,2026-08-26T22:11:39.517Z,8164,2026-08-26T22:11:39.517Z,NLR,N. Little Rock,20846baf-2fe5-403c-85d4-31520e88a3ce,SAMMS-NLROBOT
202608262209458313,202608261955298593,202608261955298282,85,2753,Bronze INV,br_LiquidLog,TASK_COMPLETE,SUCCESS,INFO,901,901,0,,2026-08-26T19:55:35.047Z,2026-08-26T22:11:39.517Z,8164,2026-08-26T22:11:39.517Z,PH,Phoenix,20846baf-2fe5-403c-85d4-31520e88a3ce,SAMMS-Phoenix
202608262209458315,202608261955298594,202608261955298282,85,2757,Bronze INV,br_LiquidLog,TASK_COMPLETE,SUCCESS,INFO,99836,99836,0,,2026-08-26T19:55:35.047Z,2026-08-26T22:11:39.517Z,8164,2026-08-26T22:11:39.517Z,RE,Reno,20846baf-2fe5-403c-85d4-31520e88a3ce,SAMMS-Reno
202608262209458316,202608261955298595,202608261955298282,85,2758,Bronze INV,br_LiquidLog,TASK_COMPLETE,SUCCESS,INFO,134903,134903,0,,2026-08-26T19:55:35.047Z,2026-08-26T22:11:39.517Z,8164,2026-08-26T22:11:39.517Z,RMD,Richmond,20846baf-2fe5-403c-85d4-31520e88a3ce,SAMMS-Richmond
202608262209458317,202608261955298596,202608261955298282,85,2759,Bronze INV,br_LiquidLog,TASK_COMPLETE,SUCCESS,INFO,160440,160440,0,,2026-08-26T19:55:35.047Z,2026-08-26T22:11:39.517Z,8164,2026-08-26T22:11:39.517Z,SFN,Springfield North,20846baf-2fe5-403c-85d4-31520e88a3ce,SAMMS-SFNv5
202608262209458318,202608261955298597,202608261955298282,85,2760,Bronze INV,br_LiquidLog,TASK_COMPLETE,SUCCESS,INFO,186638,186638,0,,2026-08-26T19:55:35.047Z,2026-08-26T22:11:39.517Z,8164,2026-08-26T22:11:39.517Z,SHP,Shreveport,20846baf-2fe5-403c-85d4-31520e88a3ce,SAMMS-Shreveport
202608262209458319,202608261955298598,202608261955298282,85,2762,Bronze INV,br_LiquidLog,TASK_COMPLETE,SUCCESS,INFO,61663,61663,0,,2026-08-26T19:55:35.047Z,2026-08-26T22:11:39.517Z,8164,2026-08-26T22:11:39.517Z,STN,Staunton,20846baf-2fe5-403c-85d4-31520e88a3ce,SAMMS-Staunton
202608262209458320,202608261955298599,202608261955298282,85,2763,Bronze INV,br_LiquidLog,TASK_COMPLETE,SUCCESS,INFO,24815,24815,0,,2026-08-26T19:55:35.047Z,2026-08-26T22:11:39.517Z,8164,2026-08-26T22:11:39.517Z,STVN,Stevenson,20846baf-2fe5-403c-85d4-31520e88a3ce,SAMMS-Stevenson
202608262209458321,202608261955298600,202608261955298282,85,2765,Bronze INV,br_LiquidLog,TASK_COMPLETE,SUCCESS,INFO,582,582,0,,2026-08-26T19:55:35.047Z,2026-08-26T22:11:39.517Z,8164,2026-08-26T22:11:39.517Z,TE,Tempe,20846baf-2fe5-403c-85d4-31520e88a3ce,SAMMS-Tempe
202608262209458322,202608261955298601,202608261955298282,85,2766,Bronze INV,br_LiquidLog,TASK_COMPLETE,SUCCESS,INFO,0,0,0,,2026-08-26T19:55:35.047Z,2026-08-26T22:11:39.517Z,8164,2026-08-26T22:11:39.517Z,TEX,Texarkana,20846baf-2fe5-403c-85d4-31520e88a3ce,SAMMS-Texarkana
202608262209458323,202608261955298602,202608261955298282,85,2767,Bronze INV,br_LiquidLog,TASK_COMPLETE,SUCCESS,INFO,255628,255628,0,,2026-08-26T19:55:35.047Z,2026-08-26T22:11:39.517Z,8164,2026-08-26T22:11:39.517Z,TTCA,Bessemer,20846baf-2fe5-403c-85d4-31520e88a3ce,SAMMS-BessemerV5
202608262209458324,202608261955298603,202608261955298282,85,2768,Bronze INV,br_LiquidLog,TASK_COMPLETE,SUCCESS,INFO,98535,98535,0,,2026-08-26T19:55:35.047Z,2026-08-26T22:11:39.517Z,8164,2026-08-26T22:11:39.517Z,TTCB,Cullman,20846baf-2fe5-403c-85d4-31520e88a3ce,SAMMS-CullmanV5
202608262209458326,202608261955298604,202608261955298282,85,2769,Bronze INV,br_LiquidLog,TASK_COMPLETE,SUCCESS,INFO,232793,232793,0,,2026-08-26T19:55:35.047Z,2026-08-26T22:11:39.517Z,8164,2026-08-26T22:11:39.517Z,TTCC,Grand Bay,20846baf-2fe5-403c-85d4-31520e88a3ce,SAMMS-GrandBay
202608262209458327,202608261955298605,202608261955298282,85,2770,Bronze INV,br_LiquidLog,TASK_COMPLETE,SUCCESS,INFO,2861,2861,0,,2026-08-26T19:55:35.047Z,2026-08-26T22:11:39.517Z,8164,2026-08-26T22:11:39.517Z,TU,Tucson,20846baf-2fe5-403c-85d4-31520e88a3ce,SAMMS-Tucson
202608262209458328,202608261955298606,202608261955298282,85,2772,Bronze INV,br_LiquidLog,TASK_COMPLETE,SUCCESS,INFO,125820,125820,0,,2026-08-26T19:55:35.047Z,2026-08-26T22:11:39.517Z,8164,2026-08-26T22:11:39.517Z,V1,Memphis South,20846baf-2fe5-403c-85d4-31520e88a3ce,SAMMS-VCPHCS-I-MemphisV5
202608262209458329,202608261955298607,202608261955298282,85,2773,Bronze INV,br_LiquidLog,TASK_COMPLETE,SUCCESS,INFO,71934,71934,0,,2026-08-26T19:55:35.047Z,2026-08-26T22:11:39.517Z,8164,2026-08-26T22:11:39.517Z,V10,Longmont,20846baf-2fe5-403c-85d4-31520e88a3ce,SAMMS-BoulderV5
202608262209458330,202608261955298608,202608261955298282,85,2774,Bronze INV,br_LiquidLog,TASK_COMPLETE,SUCCESS,INFO,134087,134087,0,,2026-08-26T19:55:35.047Z,2026-08-26T22:11:39.517Z,8164,2026-08-26T22:11:39.517Z,V10A,Fort Collins,20846baf-2fe5-403c-85d4-31520e88a3ce,SAMMS-FortCollinsV5
202608262209458331,202608261955298609,202608261955298282,85,2775,Bronze INV,br_LiquidLog,TASK_COMPLETE,SUCCESS,INFO,125878,125878,0,,2026-08-26T19:55:35.047Z,2026-08-26T22:11:39.517Z,8164,2026-08-26T22:11:39.517Z,V11,Westminster,20846baf-2fe5-403c-85d4-31520e88a3ce,SAMMS-VCPHCS-XI-NorthDenverV5
202608262209458332,202608261955298610,202608261955298282,85,2776,Bronze INV,br_LiquidLog,TASK_COMPLETE,SUCCESS,INFO,142870,142870,0,,2026-08-26T19:55:35.047Z,2026-08-26T22:11:39.517Z,8164,2026-08-26T22:11:39.517Z,V12,Downtown Denver,20846baf-2fe5-403c-85d4-31520e88a3ce,SAMMS-VCPHCS-XII-DowntownDenverV5
202608262209458333,202608261955298611,202608261955298282,85,2777,Bronze INV,br_LiquidLog,TASK_COMPLETE,SUCCESS,INFO,83542,83542,0,,2026-08-26T19:55:35.047Z,2026-08-26T22:11:39.517Z,8164,2026-08-26T22:11:39.517Z,V12A,Centennial,20846baf-2fe5-403c-85d4-31520e88a3ce,SAMMS-CentennialV5
202608262209458334,202608261955298612,202608261955298282,85,2778,Bronze INV,br_LiquidLog,TASK_COMPLETE,SUCCESS,INFO,68691,68691,0,,2026-08-26T19:55:35.047Z,2026-08-26T22:11:39.517Z,8164,2026-08-26T22:11:39.517Z,V14,Overland Park,20846baf-2fe5-403c-85d4-31520e88a3ce,SAMMS-VCPHCS-XIV-BridgewayV5
202608262209458335,202608261955298613,202608261955298282,85,2779,Bronze INV,br_LiquidLog,TASK_COMPLETE,SUCCESS,INFO,118000,118000,0,,2026-08-26T19:55:35.047Z,2026-08-26T22:11:39.517Z,8164,2026-08-26T22:11:39.517Z,V15,Joplin,20846baf-2fe5-403c-85d4-31520e88a3ce,SAMMS-JoplinV5
202608262209458337,202608261955298614,202608261955298282,85,2781,Bronze INV,br_LiquidLog,TASK_COMPLETE,SUCCESS,INFO,60540,60540,0,,2026-08-26T19:55:35.047Z,2026-08-26T22:11:39.517Z,8164,2026-08-26T22:11:39.517Z,V17,Columbia TN,20846baf-2fe5-403c-85d4-31520e88a3ce,SAMMS-ColumbiaTNv5
202608252121598700,202608251925574337,202608251925573776,85,2417,Bronze INV,br_LabResult,TASK_COMPLETE,SUCCESS,INFO,6728,6728,0,,2026-08-25T19:26:03.177Z,2026-08-25T21:23:56.829Z,7073,2026-08-25T21:23:56.829Z,V20,Paris,7eb7a049-5d17-4a23-bb2f-3b9c445afd32,SAMMS-ParisV5
202608252121598701,202608251925574338,202608251925573776,85,2418,Bronze INV,br_LabResult,TASK_COMPLETE,SUCCESS,INFO,6040,6040,0,,2026-08-25T19:26:03.177Z,2026-08-25T21:23:56.829Z,7073,2026-08-25T21:23:56.829Z,V21,Memphis North,7eb7a049-5d17-4a23-bb2f-3b9c445afd32,SAMMS-RaleighV5
202608252121598702,202608251925574339,202608251925573776,85,2421,Bronze INV,br_LabResult,TASK_COMPLETE,SUCCESS,INFO,7014,7014,0,,2026-08-25T19:26:03.177Z,2026-08-25T21:23:56.829Z,7073,2026-08-25T21:23:56.829Z,V5,West Bank,7eb7a049-5d17-4a23-bb2f-3b9c445afd32,SAMMS-NONTCv5
202608252121598703,202608251925574340,202608251925573776,85,2423,Bronze INV,br_LabResult,TASK_COMPLETE,SUCCESS,INFO,213,213,0,,2026-08-25T19:26:03.177Z,2026-08-25T21:23:56.829Z,7073,2026-08-25T21:23:56.829Z,V5B,Houma,7eb7a049-5d17-4a23-bb2f-3b9c445afd32,SAMMS-HoumaV6
202608252121598705,202608251925574341,202608251925573776,85,2424,Bronze INV,br_LabResult,TASK_COMPLETE,SUCCESS,INFO,4802,4802,0,,2026-08-25T19:26:03.177Z,2026-08-25T21:23:56.829Z,7073,2026-08-25T21:23:56.829Z,V6,Lake Charles,7eb7a049-5d17-4a23-bb2f-3b9c445afd32,SAMMS-LCv5
202608252121598706,202608251925574342,202608251925573776,85,2426,Bronze INV,br_LabResult,TASK_COMPLETE,SUCCESS,INFO,19723,19723,0,,2026-08-25T19:26:03.177Z,2026-08-25T21:23:56.829Z,7073,2026-08-25T21:23:56.829Z,V8,Memphis Midtown,7eb7a049-5d17-4a23-bb2f-3b9c445afd32,SAMMS-VCPHCS-VIII-MemphisV5
202608252121598707,202608251925574343,202608251925573776,85,2427,Bronze INV,br_LabResult,TASK_COMPLETE,SUCCESS,INFO,17517,17517,0,,2026-08-25T19:26:03.177Z,2026-08-25T21:23:56.829Z,7073,2026-08-25T21:23:56.829Z,V9,Nashville,7eb7a049-5d17-4a23-bb2f-3b9c445afd32,SAMMS-NashvilleV5
202608252121598708,202608251925574344,202608251925573776,85,2428,Bronze INV,br_LabResult,TASK_COMPLETE,SUCCESS,INFO,921,921,0,,2026-08-25T19:26:03.177Z,2026-08-25T21:23:56.829Z,7073,2026-08-25T21:23:56.829Z,VBRA,Brainerd,7eb7a049-5d17-4a23-bb2f-3b9c445afd32,SAMMS-BrainerdV6
202608252121598709,202608251925574345,202608251925573776,85,2429,Bronze INV,br_LabResult,TASK_COMPLETE,SUCCESS,INFO,17,17,0,,2026-08-25T19:26:03.177Z,2026-08-25T21:23:56.829Z,7073,2026-08-25T21:23:56.829Z,VBRP,Brooklyn Park,7eb7a049-5d17-4a23-bb2f-3b9c445afd32,SAMMS-BrooklynParkV6
202608252121598710,202608251925574346,202608251925573776,85,2431,Bronze INV,br_LabResult,TASK_COMPLETE,SUCCESS,INFO,2,2,0,,2026-08-25T19:26:03.177Z,2026-08-25T21:23:56.829Z,7073,2026-08-25T21:23:56.829Z,VMIN,Minneapolis,7eb7a049-5d17-4a23-bb2f-3b9c445afd32,SAMMS-MinneapolisV6
202608252121598711,202608251925574347,202608251925573776,85,2432,Bronze INV,br_LabResult,TASK_COMPLETE,SUCCESS,INFO,6,6,0,,2026-08-25T19:26:03.177Z,2026-08-25T21:23:56.829Z,7073,2026-08-25T21:23:56.829Z,VWBY,Woodbury,7eb7a049-5d17-4a23-bb2f-3b9c445afd32,SAMMS-WoodburyV6
202608252121598713,202608251925574348,202608251925573776,85,2434,Bronze INV,br_LabResult,TASK_COMPLETE,SUCCESS,INFO,3352,3352,0,,2026-08-25T19:26:03.177Z,2026-08-25T21:23:56.829Z,7073,2026-08-25T21:23:56.829Z,WIL,Wilson,7eb7a049-5d17-4a23-bb2f-3b9c445afd32,SAMMS-Wilson
202608252121598814,202608251925673798,202608251925673776,86,8581,Silver INV,sl_LABResult,TASK_COMPLETE,FAILED,ERROR,394070,394070,1,"Traceback (most recent call last):
  File \"/tmp/ipykernel_6429/1811102182.py\", line 392, in merge_to_silver
    merge_builder.whenNotMatchedInsert(values=insert_all).execute()
  File \"/usr/hdp/current/spark3-client/jars/delta-spark_2.12-3.2.1.20260609.1.jar/delta/tables.py\", line 1065, in execute
    self._jbuilder.execute()
  File \"/home/trusted-service-user/cluster-env/trident_env/lib/python3.11/site-packages/py4j/java_gateway.py\", line 1322, in __call__
    return_value = get_return_value(
                   ^^^^^^^^^^^^^^^^^
  File \"/opt/spark/python/lib/pyspark.zip/pyspark/errors/exceptions/captured.py\", line 179, in deco
    return f(*a, **kw)
           ^^^^^^^^^^^
  File \"/home/trusted-service-user/cluster-env/trident_env/lib/python3.11/site-packages/py4j/protocol.py\", line 326, in get_return_value
    raise Py4JJavaError(
py4j.protocol.Py4JJavaError: An error occurred while calling o15159.execute.
: org.apache.spark.SparkException: Job aborted due to stage failure: Task 0 in stage 2052.0 failed 4 times, most recent failure: Lost task 0.3 in stage 2052.0 (TID 20589) (vm-85842502 executor 3): org.apache.spark.SparkUpgradeException: [INCONSISTENT_BEHAVIOR_CROSS_VERSION.READ_ANCIENT_DATETIME] You may get a different result due to the upgrading to Spark >= 3.0:
reading dates before 1582-10-15 or timestamps before 1900-01-01T00:00:00Z
from Parquet files can be ambiguous, as the files may be written by
Spark 2.x or legacy versions of Hive, which uses a legacy hybrid calendar
that is different from Spark 3.0+'s Proleptic Gregorian calendar.
See more details in SPARK-31404. You can set the SQL config \"spark.sql.parquet.datetimeRebaseModeInRead\" or
the datasource option \"datetimeRebaseMode\" to \"LEGACY\" to rebase the datetime values
w.r.t. the calendar difference during reading. To read the datetime values
as it is, set the SQL config or the datasource option to \"CORRECTED\".
	at org.apache.spark.sql.errors.QueryExecutionErrors$.sparkUpgradeInReadingDatesError(QueryExecutionErrors.scala:752)
	at org.apache.spark.sql.execution.datasources.DataSourceUtils$.newRebaseExceptionInRead(DataSourceUtils.scala:177)
	at org.apache.spark.sql.execution.datasources.DataSourceUtils.newRebaseExceptionInRead(DataSourceUtils.scala)
	at org.apache.spark.sql.execution.datasources.parquet.ParquetVectorUpdaterFactory.rebaseTimestamp(ParquetVectorUpdaterFactory.java:1100)
	at org.apache.spark.sql.execution.datasources.parquet.ParquetVectorUpdaterFactory.rebaseMicros(ParquetVectorUpdaterFactory.java:1113)
	at org.apache.spark.sql.execution.datasources.parquet.ParquetVectorUpdaterFactory$LongWithRebaseUpdater.decodeSingleDictionaryId(ParquetVectorUpdaterFactory.java:577)
	at org.apache.spark.sql.execution.datasources.parquet.ParquetVectorUpdater.decodeDictionaryIds(ParquetVectorUpdater.java:75)
	at org.apache.spark.sql.execution.datasources.parquet.VectorizedColumnReader.readBatch(VectorizedColumnReader.java:240)
	at org.apache.spark.sql.execution.datasources.parquet.VectorizedParquetRecordReader.nextBatch(VectorizedParquetRecordReader.java:342)
	at org.apache.spark.sql.execution.datasources.parquet.VectorizedParquetRecordReader.nextKeyValue(VectorizedParquetRecordReader.java:233)
	at org.apache.spark.sql.execution.datasources.RecordReaderIterator.hasNext(RecordReaderIterator.scala:39)
	at org.apache.spark.sql.execution.datasources.FileScanRDD$$anon$1.hasNext(FileScanRDD.scala:189)
	at org.apache.spark.sql.execution.datasources.FileScanRDD$$anon$1.nextIterator(FileScanRDD.scala:362)
	at org.apache.spark.sql.execution.datasources.FileScanRDD$$anon$1.hasNext(FileScanRDD.scala:189)
	at org.apache.spark.sql.execution.datasources.FileScanRDD$$anon$1.nextIterator(FileScanRDD.scala:362)
	at org.apache.spark.sql.execution.datasources.FileScanRDD$$anon$1.hasNext(FileScanRDD.scala:189)
	at org.apache.spark.sql.execution.FileSourceScanExec$$anon$1.hasNext(DataSourceScanExec.scala:634)
	at org.apache.spark.sql.catalyst.expressions.GeneratedClass$GeneratedIteratorFor",2026-08-25T19:26:03.177Z,2026-08-25T21:23:56.829Z,7073,2026-08-25T21:23:56.829Z,,,7eb7a049-5d17-4a23-bb2f-3b9c445afd32,
202608252121598745,202608251925574007,202608251925573776,85,2622,Bronze INV,br_LiquidLog,TASK_COMPLETE,SUCCESS,INFO,32094,32094,0,,2026-08-25T19:26:03.177Z,2026-08-25T21:23:56.829Z,7073,2026-08-25T21:23:56.829Z,AHK,Ahoskie,7eb7a049-5d17-4a23-bb2f-3b9c445afd32,SAMMS-Ahoskie
202608252121598746,202608251925574008,202608251925573776,85,2623,Bronze INV,br_LiquidLog,TASK_COMPLETE,SUCCESS,INFO,62438,62438,0,,2026-08-25T19:26:03.177Z,2026-08-25T21:23:56.829Z,7073,2026-08-25T21:23:56.829Z,B12B,Colorado Springs,7eb7a049-5d17-4a23-bb2f-3b9c445afd32,SAMMS-ColoradoSpringsV5
202608252121598747,202608251925574009,202608251925573776,85,2624,Bronze INV,br_LiquidLog,TASK_COMPLETE,SUCCESS,INFO,265352,265352,0,,2026-08-25T19:26:03.177Z,2026-08-25T21:23:56.829Z,7073,2026-08-25T21:23:56.829Z,B24,Paintsville,7eb7a049-5d17-4a23-bb2f-3b9c445afd32,SAMMS-PaintsvilleV5
202608252121598748,202608251925574010,202608251925573776,85,2625,Bronze INV,br_LiquidLog,TASK_COMPLETE,SUCCESS,INFO,196732,196732,0,,2026-08-25T19:26:03.177Z,2026-08-25T21:23:56.829Z,7073,2026-08-25T21:23:56.829Z,B25,Pikeville,7eb7a049-5d17-4a23-bb2f-3b9c445afd32,SAMMS-PikevilleV5
202608252121598749,202608251925574011,202608251925573776,85,2626,Bronze INV,br_LiquidLog,TASK_COMPLETE,SUCCESS,INFO,476399,476399,0,,2026-08-25T19:26:03.177Z,2026-08-25T21:23:56.829Z,7073,2026-08-25T21:23:56.829Z,B26,Hazard,7eb7a049-5d17-4a23-bb2f-3b9c445afd32,SAMMS-HazardV5
202608252121598751,202608251925574012,202608251925573776,85,2627,Bronze INV,br_LiquidLog,TASK_COMPLETE,SUCCESS,INFO,50654,50654,0,,2026-08-25T19:26:03.177Z,2026-08-25T21:23:56.829Z,7073,2026-08-25T21:23:56.829Z,B27,Savannah,7eb7a049-5d17-4a23-bb2f-3b9c445afd32,SAMMS-SavannahV6
202608252121598752,202608251925574013,202608251925573776,85,2628,Bronze INV,br_LiquidLog,TASK_COMPLETE,SUCCESS,INFO,134223,134223,0,,2026-08-25T19:26:03.177Z,2026-08-25T21:23:56.829Z,7073,2026-08-25T21:23:56.829Z,B28,West Plains,7eb7a049-5d17-4a23-bb2f-3b9c445afd32,SAMMS-WestPlainesV5
202608252121598753,202608251925574014,202608251925573776,85,2629,Bronze INV,br_LiquidLog,TASK_COMPLETE,SUCCESS,INFO,92936,92936,0,,2026-08-25T19:26:03.177Z,2026-08-25T21:23:56.829Z,7073,2026-08-25T21:23:56.829Z,B29,Poplar Bluff,7eb7a049-5d17-4a23-bb2f-3b9c445afd32,SAMMS-PoplarBluffV5
202608252121598754,202608251925574015,202608251925573776,85,2630,Bronze INV,br_LiquidLog,TASK_COMPLETE,SUCCESS,INFO,50251,50251,0,,2026-08-25T19:26:03.177Z,2026-08-25T21:23:56.829Z,7073,2026-08-25T21:23:56.829Z,B30,KC North,7eb7a049-5d17-4a23-bb2f-3b9c445afd32,SAMMS-KCNv5
202608252121598755,202608251925574016,202608251925573776,85,2631,Bronze INV,br_LiquidLog,TASK_COMPLETE,SUCCESS,INFO,237821,237821,0,,2026-08-25T19:26:03.177Z,2026-08-25T21:23:56.829Z,7073,2026-08-25T21:23:56.829Z,B31,Dyersburg,7eb7a049-5d17-4a23-bb2f-3b9c445afd32,SAMMS-DyersburgV5
202608252121598756,202608251925574017,202608251925573776,85,2633,Bronze INV,br_LiquidLog,TASK_COMPLETE,SUCCESS,INFO,174804,174804,0,,2026-08-25T19:26:03.177Z,2026-08-25T21:23:56.829Z,7073,2026-08-25T21:23:56.829Z,B33,Paducah,7eb7a049-5d17-4a23-bb2f-3b9c445afd32,SAMMS-Paducah
202608252121598757,202608251925574018,202608251925573776,85,2634,Bronze INV,br_LiquidLog,TASK_COMPLETE,SUCCESS,INFO,282370,282370,0,,2026-08-25T19:26:03.177Z,2026-08-25T21:23:56.829Z,7073,2026-08-25T21:23:56.829Z,B34,Corbin,7eb7a049-5d17-4a23-bb2f-3b9c445afd32,SAMMS-CorbinV5
202608252121598759,202608251925574019,202608251925573776,85,2635,Bronze INV,br_LiquidLog,TASK_COMPLETE,SUCCESS,INFO,545376,545376,0,,2026-08-25T19:26:03.177Z,2026-08-25T21:23:56.829Z,7073,2026-08-25T21:23:56.829Z,B35,Lexington,7eb7a049-5d17-4a23-bb2f-3b9c445afd32,SAMMS-LexingtonV5
202608252121598760,202608251925574020,202608251925573776,85,2636,Bronze INV,br_LiquidLog,TASK_COMPLETE,SUCCESS,INFO,180535,180535,0,,2026-08-25T19:26:03.177Z,2026-08-25T21:23:56.829Z,7073,2026-08-25T21:23:56.829Z,B35A,Berea,7eb7a049-5d17-4a23-bb2f-3b9c445afd32,SAMMS-BereaV5
202608252121598761,202608251925574021,202608251925573776,85,2637,Bronze INV,br_LiquidLog,TASK_COMPLETE,SUCCESS,INFO,168570,168570,0,,2026-08-25T19:26:03.177Z,2026-08-25T21:23:56.829Z,7073,2026-08-25T21:23:56.829Z,B36,Asheville,7eb7a049-5d17-4a23-bb2f-3b9c445afd32,SAMMS-AshevilleV5
202608252121598762,202608251925574022,202608251925573776,85,2638,Bronze INV,br_LiquidLog,TASK_COMPLETE,SUCCESS,INFO,126524,126524,0,,2026-08-25T19:26:03.177Z,2026-08-25T21:23:56.829Z,7073,2026-08-25T21:23:56.829Z,B37,Clyde,7eb7a049-5d17-4a23-bb2f-3b9c445afd32,SAMMS-ClydeV5
202608252121598763,202608251925574023,202608251925573776,85,2639,Bronze INV,br_LiquidLog,TASK_COMPLETE,SUCCESS,INFO,195138,195138,0,,2026-08-25T19:26:03.177Z,2026-08-25T21:23:56.829Z,7073,2026-08-25T21:23:56.829Z,B38,Spartanburg,7eb7a049-5d17-4a23-bb2f-3b9c445afd32,SAMMS-SpartanburgV5
202608252121598764,202608251925574024,202608251925573776,85,2640,Bronze INV,br_LiquidLog,TASK_COMPLETE,SUCCESS,INFO,77169,77169,0,,2026-08-25T19:26:03.177Z,2026-08-25T21:23:56.829Z,7073,2026-08-25T21:23:56.829Z,B39,Aiken,7eb7a049-5d17-4a23-bb2f-3b9c445afd32,SAMMS-AikenV5
202608252121598766,202608251925574025,202608251925573776,85,2641,Bronze INV,br_LiquidLog,TASK_COMPLETE,SUCCESS,INFO,124351,124351,0,,2026-08-25T19:26:03.177Z,2026-08-25T21:23:56.829Z,7073,2026-08-25T21:23:56.829Z,B41,Chesapeake,7eb7a049-5d17-4a23-bb2f-3b9c445afd32,SAMMS-ChesapeakeV5
202608252121598767,202608251925574026,202608251925573776,85,2642,Bronze INV,br_LiquidLog,TASK_COMPLETE,SUCCESS,INFO,169145,169145,0,,2026-08-25T19:26:03.177Z,2026-08-25T21:23:56.829Z,7073,2026-08-25T21:23:56.829Z,B42,Virginia Beach,7eb7a049-5d17-4a23-bb2f-3b9c445afd32,SAMMS-VirginiaBeachV5
202608252121598768,202608251925574027,202608251925573776,85,2643,Bronze INV,br_LiquidLog,TASK_COMPLETE,SUCCESS,INFO,101760,101760,0,,2026-08-25T19:26:03.177Z,2026-08-25T21:23:56.829Z,7073,2026-08-25T21:23:56.829Z,B42A,Newport News,7eb7a049-5d17-4a23-bb2f-3b9c445afd32,SAMMS-NewportNewsV5
202608252121598769,202608251925574028,202608251925573776,85,2644,Bronze INV,br_LiquidLog,TASK_COMPLETE,SUCCESS,INFO,23689,23689,0,,2026-08-25T19:26:03.177Z,2026-08-25T21:23:56.829Z,7073,2026-08-25T21:23:56.829Z,B42B,Franklin,7eb7a049-5d17-4a23-bb2f-3b9c445afd32,SAMMS-FranklinV5
202608252121598770,202608251925574029,202608251925573776,85,2645,Bronze INV,br_LiquidLog,TASK_COMPLETE,SUCCESS,INFO,125646,125646,0,,2026-08-25T19:26:03.177Z,2026-08-25T21:23:56.829Z,7073,2026-08-25T21:23:56.829Z,B42C,Glen Allen,7eb7a049-5d17-4a23-bb2f-3b9c445afd32,SAMMS-GlenAllenV5
202608252121598771,202608251925574030,202608251925573776,85,2646,Bronze INV,br_LiquidLog,TASK_COMPLETE,SUCCESS,INFO,89427,89427,0,,2026-08-25T19:26:03.177Z,2026-08-25T21:23:56.829Z,7073,2026-08-25T21:23:56.829Z,B42D,Chesapeake South,7eb7a049-5d17-4a23-bb2f-3b9c445afd32,SAMMS-ChesapeakeSouthV5
202608252121598773,202608251925574031,202608251925573776,85,2647,Bronze INV,br_LiquidLog,TASK_COMPLETE,SUCCESS,INFO,79893,79893,0,,2026-08-25T19:26:03.177Z,2026-08-25T21:23:56.829Z,7073,2026-08-25T21:23:56.829Z,B44,Albany,7eb7a049-5d17-4a23-bb2f-3b9c445afd32,SAMMS-AlbanyV5
202608252121598774,202608251925574032,202608251925573776,85,2648,Bronze INV,br_LiquidLog,TASK_COMPLETE,SUCCESS,INFO,141075,141075,0,,2026-08-25T19:26:03.177Z,2026-08-25T21:23:56.829Z,7073,2026-08-25T21:23:56.829Z,B45,Tifton,7eb7a049-5d17-4a23-bb2f-3b9c445afd32,SAMMS-TiftonV5
202608252121598775,202608251925574033,202608251925573776,85,2649,Bronze INV,br_LiquidLog,TASK_COMPLETE,SUCCESS,INFO,134017,134017,0,,2026-08-25T19:26:03.177Z,2026-08-25T21:23:56.829Z,7073,2026-08-25T21:23:56.829Z,B46,Washington DC,7eb7a049-5d17-4a23-bb2f-3b9c445afd32,SAMMS-WashingtonDCv5
202608252121598776,202608251925574034,202608251925573776,85,2650,Bronze INV,br_LiquidLog,TASK_COMPLETE,SUCCESS,INFO,136257,136257,0,,2026-08-25T19:26:03.177Z,2026-08-25T21:23:56.829Z,7073,2026-08-25T21:23:56.829Z,B47,Mobile,7eb7a049-5d17-4a23-bb2f-3b9c445afd32,SAMMS-MobileV5
202608252121598777,202608251925574035,202608251925573776,85,2651,Bronze INV,br_LiquidLog,TASK_COMPLETE,SUCCESS,INFO,261350,261350,0,,2026-08-25T19:26:03.177Z,2026-08-25T21:23:56.829Z,7073,2026-08-25T21:23:56.829Z,B48,Tuscaloosa,7eb7a049-5d17-4a23-bb2f-3b9c445afd32,SAMMS-TuscaloosaV5
202608252121598778,202608251925574036,202608251925573776,85,2660,Bronze INV,br_LiquidLog,TASK_COMPLETE,SUCCESS,INFO,59560,59560,0,,2026-08-25T19:26:03.177Z,2026-08-25T21:23:56.829Z,7073,2026-08-25T21:23:56.829Z,B51,N. Little Rock (OTP),7eb7a049-5d17-4a23-bb2f-3b9c445afd32,SAMMS-NorthLittleRockV6
202608252121598780,202608251925574037,202608251925573776,85,2661,Bronze INV,br_LiquidLog,TASK_COMPLETE,SUCCESS,INFO,95644,95644,0,,2026-08-25T19:26:03.177Z,2026-08-25T21:23:56.829Z,7073,2026-08-25T21:23:56.829Z,B52,Jackson GA,7eb7a049-5d17-4a23-bb2f-3b9c445afd32,SAMMS-JacksonGAV5
202608252121598781,202608251925574038,202608251925573776,85,2662,Bronze INV,br_LiquidLog,TASK_COMPLETE,SUCCESS,INFO,238803,238803,0,,2026-08-25T19:26:03.177Z,2026-08-25T21:23:56.829Z,7073,2026-08-25T21:23:56.829Z,B54,Gadsden,7eb7a049-5d17-4a23-bb2f-3b9c445afd32,SAMMS-GadsdenV5
202608252121598782,202608251925574039,202608251925573776,85,2663,Bronze INV,br_LiquidLog,TASK_COMPLETE,SUCCESS,INFO,224792,224792,0,,2026-08-25T19:26:03.177Z,2026-08-25T21:23:56.829Z,7073,2026-08-25T21:23:56.829Z,B55,Shoals,7eb7a049-5d17-4a23-bb2f-3b9c445afd32,SAMMS-ShoalsV5
202608252121598783,202608251925574040,202608251925573776,85,2664,Bronze INV,br_LiquidLog,TASK_COMPLETE,SUCCESS,INFO,65004,65004,0,,2026-08-25T19:26:03.177Z,2026-08-25T21:23:56.829Z,7073,2026-08-25T21:23:56.829Z,B57,Pawtucket,7eb7a049-5d17-4a23-bb2f-3b9c445afd32,SAMMS-Pawtucket
202608252121598784,202608251925574041,202608251925573776,85,2665,Bronze INV,br_LiquidLog,TASK_COMPLETE,SUCCESS,INFO,73245,73245,0,,2026-08-25T19:26:03.177Z,2026-08-25T21:23:56.829Z,7073,2026-08-25T21:23:56.829Z,B57A,Johnston,7eb7a049-5d17-4a23-bb2f-3b9c445afd32,SAMMS-Johnston
202608252121598785,202608251925574042,202608251925573776,85,2666,Bronze INV,br_LiquidLog,TASK_COMPLETE,SUCCESS,INFO,19130,19130,0,,2026-08-25T19:26:03.177Z,2026-08-25T21:23:56.829Z,7073,2026-08-25T21:23:56.829Z,B57B,Middletown,7eb7a049-5d17-4a23-bb2f-3b9c445afd32,SAMMS-Middletown
202608252121598786,202608251925574043,202608251925573776,85,2667,Bronze INV,br_LiquidLog,TASK_COMPLETE,SUCCESS,INFO,38795,38795,0,,2026-08-25T19:26:03.177Z,2026-08-25T21:23:56.829Z,7073,2026-08-25T21:23:56.829Z,B57C,Providence,7eb7a049-5d17-4a23-bb2f-3b9c445afd32,SAMMS-Providence
202608252121598788,202608251925574044,202608251925573776,85,2668,Bronze INV,br_LiquidLog,TASK_COMPLETE,SUCCESS,INFO,65614,65614,0,,2026-08-25T19:26:03.177Z,2026-08-25T21:23:56.829Z,7073,2026-08-25T21:23:56.829Z,B57D,Westerly,7eb7a049-5d17-4a23-bb2f-3b9c445afd32,SAMMS-Westerly
202608252121598789,202608251925574045,202608251925573776,85,2672,Bronze INV,br_LiquidLog,TASK_COMPLETE,SUCCESS,INFO,0,0,0,,2026-08-25T19:26:03.177Z,2026-08-25T21:23:56.829Z,7073,2026-08-25T21:23:56.829Z,B66A,Bremen,7eb7a049-5d17-4a23-bb2f-3b9c445afd32,SAMMS-Bremen
202608252121598790,202608251925574046,202608251925573776,85,2675,Bronze INV,br_LiquidLog,TASK_COMPLETE,SUCCESS,INFO,0,0,0,,2026-08-25T19:26:03.177Z,2026-08-25T21:23:56.829Z,7073,2026-08-25T21:23:56.829Z,B72,Mobile (OBOT),7eb7a049-5d17-4a23-bb2f-3b9c445afd32,SAMMS-Mobile-OBOT
202608252121598791,202608251925574047,202608251925573776,85,2676,Bronze INV,br_LiquidLog,TASK_COMPLETE,SUCCESS,INFO,0,0,0,,2026-08-25T19:26:03.177Z,2026-08-25T21:23:56.829Z,7073,2026-08-25T21:23:56.829Z,B73,Montgomery,7eb7a049-5d17-4a23-bb2f-3b9c445afd32,SAMMS-Montgomery
202608252121598792,202608251925574048,202608251925573776,85,2677,Bronze INV,br_LiquidLog,TASK_COMPLETE,SUCCESS,INFO,61668,61668,0,,2026-08-25T19:26:03.177Z,2026-08-25T21:23:56.829Z,7073,2026-08-25T21:23:56.829Z,B75,Lawrence,7eb7a049-5d17-4a23-bb2f-3b9c445afd32,SAMMS-LawrenceV6
202608252121598793,202608251925574049,202608251925573776,85,2678,Bronze INV,br_LiquidLog,TASK_COMPLETE,SUCCESS,INFO,0,0,0,,2026-08-25T19:26:03.177Z,2026-08-25T21:23:56.829Z,7073,2026-08-25T21:23:56.829Z,B76,Huntsville OBOT,7eb7a049-5d17-4a23-bb2f-3b9c445afd32,SAMMS-Huntsville-OBOT
202608252121598795,202608251925574050,202608251925573776,85,2679,Bronze INV,br_LiquidLog,TASK_COMPLETE,SUCCESS,INFO,0,0,0,,2026-08-25T19:26:03.177Z,2026-08-25T21:23:56.829Z,7073,2026-08-25T21:23:56.829Z,BAT,Batesville,7eb7a049-5d17-4a23-bb2f-3b9c445afd32,SAMMS-Batesville
202608252121598796,202608251925574051,202608251925573776,85,2680,Bronze INV,br_LiquidLog,TASK_COMPLETE,SUCCESS,INFO,125749,125749,0,,2026-08-25T19:26:03.177Z,2026-08-25T21:23:56.829Z,7073,2026-08-25T21:23:56.829Z,BG,Bowling Green,7eb7a049-5d17-4a23-bb2f-3b9c445afd32,SAMMS-BowlingGreen
202608252121598797,202608251925574052,202608251925573776,85,2681,Bronze INV,br_LiquidLog,TASK_COMPLETE,SUCCESS,INFO,52082,52082,0,,2026-08-25T19:26:03.177Z,2026-08-25T21:23:56.829Z,7073,2026-08-25T21:23:56.829Z,BOI,Boise,7eb7a049-5d17-4a23-bb2f-3b9c445afd32,SAMMS-Boise
202608252121598798,202608251925574053,202608251925573776,85,2688,Bronze INV,br_LiquidLog,TASK_COMPLETE,SUCCESS,INFO,29569,29569,0,,2026-08-25T19:26:03.177Z,2026-08-25T21:23:56.829Z,7073,2026-08-25T21:23:56.829Z,CBCO,Coeur dAlene,7eb7a049-5d17-4a23-bb2f-3b9c445afd32,SAMMS-CoeurdAleneV6
202608252121598799,202608251925574054,202608251925573776,85,2707,Bronze INV,br_LiquidLog,TASK_COMPLETE,SUCCESS,INFO,0,0,0,,2026-08-25T19:26:03.177Z,2026-08-25T21:23:56.829Z,7073,2026-08-25T21:23:56.829Z,CON,Conway,7eb7a049-5d17-4a23-bb2f-3b9c445afd32,SAMMS-Conway
202608252121598800,202608251925574055,202608251925573776,85,2708,Bronze INV,br_LiquidLog,TASK_COMPLETE,SUCCESS,INFO,0,0,0,,2026-08-25T19:26:03.177Z,2026-08-25T21:23:56.829Z,7073,2026-08-25T21:23:56.829Z,D07,Medical Services Knox TN,7eb7a049-5d17-4a23-bb2f-3b9c445afd32,SAMMS-KnoxvilleV6
202608252121598802,202608251925574056,202608251925573776,85,2709,Bronze INV,br_LiquidLog,TASK_COMPLETE,SUCCESS,INFO,93815,93815,0,,2026-08-25T19:26:03.177Z,2026-08-25T21:23:56.829Z,7073,2026-08-25T21:23:56.829Z,D08,Madison,7eb7a049-5d17-4a23-bb2f-3b9c445afd32,SAMMS-MadisonV6
202608252121598803,202608251925574057,202608251925573776,85,2711,Bronze INV,br_LiquidLog,TASK_COMPLETE,SUCCESS,INFO,146473,146473,0,,2026-08-25T19:26:03.177Z,2026-08-25T21:23:56.829Z,7073,2026-08-25T21:23:56.829Z,D09,Murfreesboro,7eb7a049-5d17-4a23-bb2f-3b9c445afd32,SAMMS-MurfreesboroV6
202608252121598804,202608251925574058,202608251925573776,85,2712,Bronze INV,br_LiquidLog,TASK_COMPLETE,SUCCESS,INFO,70904,70904,0,,2026-08-25T19:26:03.177Z,2026-08-25T21:23:56.829Z,7073,2026-08-25T21:23:56.829Z,DA,Davenport,7eb7a049-5d17-4a23-bb2f-3b9c445afd32,SAMMS-Davenport
202608252121598805,202608251925574059,202608251925573776,85,2713,Bronze INV,br_LiquidLog,TASK_COMPLETE,SUCCESS,INFO,64973,64973,0,,2026-08-25T19:26:03.177Z,2026-08-25T21:23:56.829Z,7073,2026-08-25T21:23:56.829Z,DM,Des Moines,7eb7a049-5d17-4a23-bb2f-3b9c445afd32,SAMMS-DesMoines
202608252121598806,202608251925574060,202608251925573776,85,2715,Bronze INV,br_LiquidLog,TASK_COMPLETE,SUCCESS,INFO,156214,156214,0,,2026-08-25T19:26:03.177Z,2026-08-25T21:23:56.829Z,7073,2026-08-25T21:23:56.829Z,DRD-CO,Columbia MO,7eb7a049-5d17-4a23-bb2f-3b9c445afd32,SAMMS-ColumbiaV5
202608252121598807,202608251925574061,202608251925573776,85,2716,Bronze INV,br_LiquidLog,TASK_COMPLETE,SUCCESS,INFO,158220,158220,0,,2026-08-25T19:26:03.177Z,2026-08-25T21:23:56.829Z,7073,2026-08-25T21:23:56.829Z,DRD-KC,KC,7eb7a049-5d17-4a23-bb2f-3b9c445afd32,SAMMS-KCv5
202608252121598809,202608251925574062,202608251925573776,85,2717,Bronze INV,br_LiquidLog,TASK_COMPLETE,SUCCESS,INFO,506844,506844,0,,2026-08-25T19:26:03.177Z,2026-08-25T21:23:56.829Z,7073,2026-08-25T21:23:56.829Z,DRD-KVB,KVB,7eb7a049-5d17-4a23-bb2f-3b9c445afd32,SAMMS-KVBv5
202608252121598810,202608251925574063,202608251925573776,85,2718,Bronze INV,br_LiquidLog,TASK_COMPLETE,SUCCESS,INFO,574704,574704,0,,2026-08-25T19:26:03.177Z,2026-08-25T21:23:56.829Z,7073,2026-08-25T21:23:56.829Z,DRD-KVC,KVC,7eb7a049-5d17-4a23-bb2f-3b9c445afd32,SAMMS-KVCv5
202608252121598811,202608251925574064,202608251925573776,85,2719,Bronze INV,br_LiquidLog,TASK_COMPLETE,SUCCESS,INFO,490623,490623,0,,2026-08-25T19:26:03.177Z,2026-08-25T21:23:56.829Z,7073,2026-08-25T21:23:56.829Z,DRD-NOLA,NOLA,7eb7a049-5d17-4a23-bb2f-3b9c445afd32,SAMMS-NOLAv5
202608252121598812,202608251925574065,202608251925573776,85,2720,Bronze INV,br_LiquidLog,TASK_COMPLETE,SUCCESS,INFO,266782,266782,0,,2026-08-25T19:26:03.177Z,2026-08-25T21:23:56.829Z,7073,2026-08-25T21:23:56.829Z,DRD-SF,Springfield,7eb7a049-5d17-4a23-bb2f-3b9c445afd32,SAMMS-SFv5
202608252121598813,202608251925574066,202608251925573776,85,2722,Bronze INV,br_LiquidLog,TASK_COMPLETE,SUCCESS,INFO,83226,83226,0,,2026-08-25T19:26:03.177Z,2026-08-25T21:23:56.829Z,7073,2026-08-25T21:23:56.829Z,ELC,Elizabeth City,7eb7a049-5d17-4a23-bb2f-3b9c445afd32,SAMMS-ElizabethCity
202608252121598814,202608251925574067,202608251925573776,85,2723,Bronze INV,br_LiquidLog,TASK_COMPLETE,SUCCESS,INFO,94702,94702,0,,2026-08-25T19:26:03.177Z,2026-08-25T21:23:56.829Z,7073,2026-08-25T21:23:56.829Z,ET,Elizabethtown,7eb7a049-5d17-4a23-bb2f-3b9c445afd32,SAMMS-Elizabethtown
202608252121598816,202608251925574068,202608251925573776,85,2724,Bronze INV,br_LiquidLog,TASK_COMPLETE,SUCCESS,INFO,0,0,0,,2026-08-25T19:26:03.177Z,2026-08-25T21:23:56.829Z,7073,2026-08-25T21:23:56.829Z,FAY,Fayetteville,7eb7a049-5d17-4a23-bb2f-3b9c445afd32,SAMMS-Fayetteville
202608252121598817,202608251925574069,202608251925573776,85,2725,Bronze INV,br_LiquidLog,TASK_COMPLETE,SUCCESS,INFO,99305,99305,0,,2026-08-25T19:26:03.177Z,2026-08-25T21:23:56.829Z,7073,2026-08-25T21:23:56.829Z,FR,Frankfort,7eb7a049-5d17-4a23-bb2f-3b9c445afd32,SAMMS-Frankfort
202608252121598818,202608251925574070,202608251925573776,85,2726,Bronze INV,br_LiquidLog,TASK_COMPLETE,SUCCESS,INFO,0,0,0,,2026-08-25T19:26:03.177Z,2026-08-25T21:23:56.829Z,7073,2026-08-25T21:23:56.829Z,FS,Fort Smith,7eb7a049-5d17-4a23-bb2f-3b9c445afd32,SAMMS-FortSmith
202608252121598819,202608251925574071,202608251925573776,85,2727,Bronze INV,br_LiquidLog,TASK_COMPLETE,SUCCESS,INFO,205594,205594,0,,2026-08-25T19:26:03.177Z,2026-08-25T21:23:56.829Z,7073,2026-08-25T21:23:56.829Z,FW,Fort Wayne,7eb7a049-5d17-4a23-bb2f-3b9c445afd32,SAMMS-FortWayne
202608252121598820,202608251925574072,202608251925573776,85,2728,Bronze INV,br_LiquidLog,TASK_COMPLETE,SUCCESS,INFO,83791,83791,0,,2026-08-25T19:26:03.177Z,2026-08-25T21:23:56.829Z,7073,2026-08-25T21:23:56.829Z,GAL,Gaylord,7eb7a049-5d17-4a23-bb2f-3b9c445afd32,SAMMS-Gaylord
202608252121598821,202608251925574073,202608251925573776,85,2732,Bronze INV,br_LiquidLog,TASK_COMPLETE,SUCCESS,INFO,184296,184296,0,,2026-08-25T19:26:03.177Z,2026-08-25T21:23:56.829Z,7073,2026-08-25T21:23:56.829Z,HGT,Hagerstown,7eb7a049-5d17-4a23-bb2f-3b9c445afd32,SAMMS-Hagerstown
202608252121598822,202608251925574074,202608251925573776,85,2733,Bronze INV,br_LiquidLog,TASK_COMPLETE,SUCCESS,INFO,167506,167506,0,,2026-08-25T19:26:03.177Z,2026-08-25T21:23:56.829Z,7073,2026-08-25T21:23:56.829Z,HNT,Huntsville,7eb7a049-5d17-4a23-bb2f-3b9c445afd32,SAMMS-Huntsville
202608252121598824,202608251925574075,202608251925573776,85,2734,Bronze INV,br_LiquidLog,TASK_COMPLETE,SUCCESS,INFO,0,0,0,,2026-08-25T19:26:03.177Z,2026-08-25T21:23:56.829Z,7073,2026-08-25T21:23:56.829Z,HS,Hot Springs,7eb7a049-5d17-4a23-bb2f-3b9c445afd32,SAMMS-HotSprings
202608252121598825,202608251925574076,202608251925573776,85,2735,Bronze INV,br_LiquidLog,TASK_COMPLETE,SUCCESS,INFO,0,0,0,,2026-08-25T19:26:03.177Z,2026-08-25T21:23:56.829Z,7073,2026-08-25T21:23:56.829Z,JON,Jonesboro,7eb7a049-5d17-4a23-bb2f-3b9c445afd32,SAMMS-Jonesboro
202608252121598826,202608251925574077,202608251925573776,85,2737,Bronze INV,br_LiquidLog,TASK_COMPLETE,SUCCESS,INFO,73312,73312,0,,2026-08-25T19:26:03.177Z,2026-08-25T21:23:56.829Z,7073,2026-08-25T21:23:56.829Z,LAN,Lansing,7eb7a049-5d17-4a23-bb2f-3b9c445afd32,SAMMS-Lansing
202608252121598827,202608251925574078,202608251925573776,85,2738,Bronze INV,br_LiquidLog,TASK_COMPLETE,SUCCESS,INFO,238342,238342,0,,2026-08-25T19:26:03.177Z,2026-08-25T21:23:56.829Z,7073,2026-08-25T21:23:56.829Z,LO,Louisville,7eb7a049-5d17-4a23-bb2f-3b9c445afd32,SAMMS-Louisville
202608252121598828,202608251925574079,202608251925573776,85,2739,Bronze INV,br_LiquidLog,TASK_COMPLETE,SUCCESS,INFO,120425,120425,0,,2026-08-25T19:26:03.177Z,2026-08-25T21:23:56.829Z,7073,2026-08-25T21:23:56.829Z,LV1,Cheyenne,7eb7a049-5d17-4a23-bb2f-3b9c445afd32,SAMMS-Cheyenne
202608252121598829,202608251925574080,202608251925573776,85,2740,Bronze INV,br_LiquidLog,TASK_COMPLETE,SUCCESS,INFO,114444,114444,0,,2026-08-25T19:26:03.177Z,2026-08-25T21:23:56.829Z,7073,2026-08-25T21:23:56.829Z,LV2,Desert Inn,7eb7a049-5d17-4a23-bb2f-3b9c445afd32,SAMMS-DesertInn
202608252121598831,202608251925574081,202608251925573776,85,2741,Bronze INV,br_LiquidLog,TASK_COMPLETE,SUCCESS,INFO,60245,60245,0,,2026-08-25T19:26:03.177Z,2026-08-25T21:23:56.829Z,7073,2026-08-25T21:23:56.829Z,LV3,McDaniel,7eb7a049-5d17-4a23-bb2f-3b9c445afd32,SAMMS-McDaniel
202608252121598832,202608251925574082,202608251925573776,85,2744,Bronze INV,br_LiquidLog,TASK_COMPLETE,SUCCESS,INFO,64189,64189,0,,2026-08-25T19:26:03.177Z,2026-08-25T21:23:56.829Z,7073,2026-08-25T21:23:56.829Z,MNRE,Monroe,7eb7a049-5d17-4a23-bb2f-3b9c445afd32,SAMMS-Monroe
202608252121598833,202608251925574083,202608251925573776,85,2745,Bronze INV,br_LiquidLog,TASK_COMPLETE,SUCCESS,INFO,148771,148771,0,,2026-08-25T19:26:03.177Z,2026-08-25T21:23:56.829Z,7073,2026-08-25T21:23:56.829Z,MP,Mt. Pleasant,7eb7a049-5d17-4a23-bb2f-3b9c445afd32,SAMMS-MtPleasant
202608252121598834,202608251925574084,202608251925573776,85,2746,Bronze INV,br_LiquidLog,TASK_COMPLETE,SUCCESS,INFO,48403,48403,0,,2026-08-25T19:26:03.177Z,2026-08-25T21:23:56.829Z,7073,2026-08-25T21:23:56.829Z,MRD,Meridian,7eb7a049-5d17-4a23-bb2f-3b9c445afd32,SAMMS-Meridian
202608252121598835,202608251925574085,202608251925573776,85,2751,Bronze INV,br_LiquidLog,TASK_COMPLETE,SUCCESS,INFO,120025,120025,0,,2026-08-25T19:26:03.177Z,2026-08-25T21:23:56.829Z,7073,2026-08-25T21:23:56.829Z,NC,North Charleston,7eb7a049-5d17-4a23-bb2f-3b9c445afd32,SAMMS-NorthCharleston
202608252121598836,202608251925574086,202608251925573776,85,2752,Bronze INV,br_LiquidLog,TASK_COMPLETE,SUCCESS,INFO,0,0,0,,2026-08-25T19:26:03.177Z,2026-08-25T21:23:56.829Z,7073,2026-08-25T21:23:56.829Z,NLR,N. Little Rock,7eb7a049-5d17-4a23-bb2f-3b9c445afd32,SAMMS-NLROBOT
202608252121598838,202608251925574087,202608251925573776,85,2753,Bronze INV,br_LiquidLog,TASK_COMPLETE,SUCCESS,INFO,1017,1017,0,,2026-08-25T19:26:03.177Z,2026-08-25T21:23:56.829Z,7073,2026-08-25T21:23:56.829Z,PH,Phoenix,7eb7a049-5d17-4a23-bb2f-3b9c445afd32,SAMMS-Phoenix
202608252121598839,202608251925574088,202608251925573776,85,2757,Bronze INV,br_LiquidLog,TASK_COMPLETE,SUCCESS,INFO,99835,99835,0,,2026-08-25T19:26:03.177Z,2026-08-25T21:23:56.829Z,7073,2026-08-25T21:23:56.829Z,RE,Reno,7eb7a049-5d17-4a23-bb2f-3b9c445afd32,SAMMS-Reno
202608252121598840,202608251925574089,202608251925573776,85,2758,Bronze INV,br_LiquidLog,TASK_COMPLETE,SUCCESS,INFO,134861,134861,0,,2026-08-25T19:26:03.177Z,2026-08-25T21:23:56.829Z,7073,2026-08-25T21:23:56.829Z,RMD,Richmond,7eb7a049-5d17-4a23-bb2f-3b9c445afd32,SAMMS-Richmond
202608252121598841,202608251925574090,202608251925573776,85,2759,Bronze INV,br_LiquidLog,TASK_COMPLETE,SUCCESS,INFO,160564,160564,0,,2026-08-25T19:26:03.177Z,2026-08-25T21:23:56.829Z,7073,2026-08-25T21:23:56.829Z,SFN,Springfield North,7eb7a049-5d17-4a23-bb2f-3b9c445afd32,SAMMS-SFNv5
202608252121598842,202608251925574091,202608251925573776,85,2760,Bronze INV,br_LiquidLog,TASK_COMPLETE,SUCCESS,INFO,186961,186961,0,,2026-08-25T19:26:03.177Z,2026-08-25T21:23:56.829Z,7073,2026-08-25T21:23:56.829Z,SHP,Shreveport,7eb7a049-5d17-4a23-bb2f-3b9c445afd32,SAMMS-Shreveport
202608252121598843,202608251925574092,202608251925573776,85,2762,Bronze INV,br_LiquidLog,TASK_COMPLETE,SUCCESS,INFO,61689,61689,0,,2026-08-25T19:26:03.177Z,2026-08-25T21:23:56.829Z,7073,2026-08-25T21:23:56.829Z,STN,Staunton,7eb7a049-5d17-4a23-bb2f-3b9c445afd32,SAMMS-Staunton
202608252121598845,202608251925574093,202608251925573776,85,2763,Bronze INV,br_LiquidLog,TASK_COMPLETE,SUCCESS,INFO,24815,24815,0,,2026-08-25T19:26:03.177Z,2026-08-25T21:23:56.829Z,7073,2026-08-25T21:23:56.829Z,STVN,Stevenson,7eb7a049-5d17-4a23-bb2f-3b9c445afd32,SAMMS-Stevenson
202608252121598846,202608251925574094,202608251925573776,85,2765,Bronze INV,br_LiquidLog,TASK_COMPLETE,SUCCESS,INFO,784,784,0,,2026-08-25T19:26:03.177Z,2026-08-25T21:23:56.829Z,7073,2026-08-25T21:23:56.829Z,TE,Tempe,7eb7a049-5d17-4a23-bb2f-3b9c445afd32,SAMMS-Tempe
202608252121598847,202608251925574095,202608251925573776,85,2766,Bronze INV,br_LiquidLog,TASK_COMPLETE,SUCCESS,INFO,0,0,0,,2026-08-25T19:26:03.177Z,2026-08-25T21:23:56.829Z,7073,2026-08-25T21:23:56.829Z,TEX,Texarkana,7eb7a049-5d17-4a23-bb2f-3b9c445afd32,SAMMS-Texarkana
202608252121598848,202608251925574096,202608251925573776,85,2767,Bronze INV,br_LiquidLog,TASK_COMPLETE,SUCCESS,INFO,255931,255931,0,,2026-08-25T19:26:03.177Z,2026-08-25T21:23:56.829Z,7073,2026-08-25T21:23:56.829Z,TTCA,Bessemer,7eb7a049-5d17-4a23-bb2f-3b9c445afd32,SAMMS-BessemerV5
202608252121598849,202608251925574097,202608251925573776,85,2768,Bronze INV,br_LiquidLog,TASK_COMPLETE,SUCCESS,INFO,98639,98639,0,,2026-08-25T19:26:03.177Z,2026-08-25T21:23:56.829Z,7073,2026-08-25T21:23:56.829Z,TTCB,Cullman,7eb7a049-5d17-4a23-bb2f-3b9c445afd32,SAMMS-CullmanV5
202608252121598850,202608251925574098,202608251925573776,85,2769,Bronze INV,br_LiquidLog,TASK_COMPLETE,SUCCESS,INFO,233124,233124,0,,2026-08-25T19:26:03.177Z,2026-08-25T21:23:56.829Z,7073,2026-08-25T21:23:56.829Z,TTCC,Grand Bay,7eb7a049-5d17-4a23-bb2f-3b9c445afd32,SAMMS-GrandBay
202608252121598852,202608251925574099,202608251925573776,85,2770,Bronze INV,br_LiquidLog,TASK_COMPLETE,SUCCESS,INFO,2997,2997,0,,2026-08-25T19:26:03.177Z,2026-08-25T21:23:56.829Z,7073,2026-08-25T21:23:56.829Z,TU,Tucson,7eb7a049-5d17-4a23-bb2f-3b9c445afd32,SAMMS-Tucson
202608252121598853,202608251925574100,202608251925573776,85,2772,Bronze INV,br_LiquidLog,TASK_COMPLETE,SUCCESS,INFO,125564,125564,0,,2026-08-25T19:26:03.177Z,2026-08-25T21:23:56.829Z,7073,2026-08-25T21:23:56.829Z,V1,Memphis South,7eb7a049-5d17-4a23-bb2f-3b9c445afd32,SAMMS-VCPHCS-I-MemphisV5
202608252121598854,202608251925574101,202608251925573776,85,2773,Bronze INV,br_LiquidLog,TASK_COMPLETE,SUCCESS,INFO,72064,72064,0,,2026-08-25T19:26:03.177Z,2026-08-25T21:23:56.829Z,7073,2026-08-25T21:23:56.829Z,V10,Longmont,7eb7a049-5d17-4a23-bb2f-3b9c445afd32,SAMMS-BoulderV5
202608252121598855,202608251925574102,202608251925573776,85,2774,Bronze INV,br_LiquidLog,TASK_COMPLETE,SUCCESS,INFO,133904,133904,0,,2026-08-25T19:26:03.177Z,2026-08-25T21:23:56.829Z,7073,2026-08-25T21:23:56.829Z,V10A,Fort Collins,7eb7a049-5d17-4a23-bb2f-3b9c445afd32,SAMMS-FortCollinsV5
202608252121598856,202608251925574103,202608251925573776,85,2775,Bronze INV,br_LiquidLog,TASK_COMPLETE,SUCCESS,INFO,125829,125829,0,,2026-08-25T19:26:03.177Z,2026-08-25T21:23:56.829Z,7073,2026-08-25T21:23:56.829Z,V11,Westminster,7eb7a049-5d17-4a23-bb2f-3b9c445afd32,SAMMS-VCPHCS-XI-NorthDenverV5
202608252121598857,202608251925574104,202608251925573776,85,2776,Bronze INV,br_LiquidLog,TASK_COMPLETE,SUCCESS,INFO,142884,142884,0,,2026-08-25T19:26:03.177Z,2026-08-25T21:23:56.829Z,7073,2026-08-25T21:23:56.829Z,V12,Downtown Denver,7eb7a049-5d17-4a23-bb2f-3b9c445afd32,SAMMS-VCPHCS-XII-DowntownDenverV5
202608252121598858,202608251925574105,202608251925573776,85,2777,Bronze INV,br_LiquidLog,TASK_COMPLETE,SUCCESS,INFO,83690,83690,0,,2026-08-25T19:26:03.177Z,2026-08-25T21:23:56.829Z,7073,2026-08-25T21:23:56.829Z,V12A,Centennial,7eb7a049-5d17-4a23-bb2f-3b9c445afd32,SAMMS-CentennialV5
202608252121598860,202608251925574106,202608251925573776,85,2778,Bronze INV,br_LiquidLog,TASK_COMPLETE,SUCCESS,INFO,68679,68679,0,,2026-08-25T19:26:03.177Z,2026-08-25T21:23:56.829Z,7073,2026-08-25T21:23:56.829Z,V14,Overland Park,7eb7a049-5d17-4a23-bb2f-3b9c445afd32,SAMMS-VCPHCS-XIV-BridgewayV5
202608252121598861,202608251925574107,202608251925573776,85,2779,Bronze INV,br_LiquidLog,TASK_COMPLETE,SUCCESS,INFO,118029,118029,0,,2026-08-25T19:26:03.177Z,2026-08-25T21:23:56.829Z,7073,2026-08-25T21:23:56.829Z,V15,Joplin,7eb7a049-5d17-4a23-bb2f-3b9c445afd32,SAMMS-JoplinV5
202608252121598862,202608251925574108,202608251925573776,85,2781,Bronze INV,br_LiquidLog,TASK_COMPLETE,SUCCESS,INFO,60500,60500,0,,2026-08-25T19:26:03.177Z,2026-08-25T21:23:56.829Z,7073,2026-08-25T21:23:56.829Z,V17,Columbia TN,7eb7a049-5d17-4a23-bb2f-3b9c445afd32,SAMMS-ColumbiaTNv5
202608232214224618,202608232010368844,202608232010368283,85,2417,Bronze INV,br_LabResult,TASK_COMPLETE,SUCCESS,INFO,6727,6727,0,,2026-08-23T20:10:41.468Z,2026-08-23T22:16:21.732Z,7540,2026-08-23T22:16:21.732Z,V20,Paris,955211d4-28b8-44a0-8023-2bfaa48d6721,SAMMS-ParisV5
202608232214224619,202608232010368845,202608232010368283,85,2418,Bronze INV,br_LabResult,TASK_COMPLETE,SUCCESS,INFO,6037,6037,0,,2026-08-23T20:10:41.468Z,2026-08-23T22:16:21.732Z,7540,2026-08-23T22:16:21.732Z,V21,Memphis North,955211d4-28b8-44a0-8023-2bfaa48d6721,SAMMS-RaleighV5
202608232214224621,202608232010368846,202608232010368283,85,2421,Bronze INV,br_LabResult,TASK_COMPLETE,SUCCESS,INFO,7003,7003,0,,2026-08-23T20:10:41.468Z,2026-08-23T22:16:21.732Z,7540,2026-08-23T22:16:21.732Z,V5,West Bank,955211d4-28b8-44a0-8023-2bfaa48d6721,SAMMS-NONTCv5
202608232214224622,202608232010368847,202608232010368283,85,2423,Bronze INV,br_LabResult,TASK_COMPLETE,SUCCESS,INFO,212,212,0,,2026-08-23T20:10:41.468Z,2026-08-23T22:16:21.732Z,7540,2026-08-23T22:16:21.732Z,V5B,Houma,955211d4-28b8-44a0-8023-2bfaa48d6721,SAMMS-HoumaV6
202608232214224623,202608232010368848,202608232010368283,85,2424,Bronze INV,br_LabResult,TASK_COMPLETE,SUCCESS,INFO,4796,4796,0,,2026-08-23T20:10:41.468Z,2026-08-23T22:16:21.732Z,7540,2026-08-23T22:16:21.732Z,V6,Lake Charles,955211d4-28b8-44a0-8023-2bfaa48d6721,SAMMS-LCv5
202608232214224624,202608232010368849,202608232010368283,85,2426,Bronze INV,br_LabResult,TASK_COMPLETE,SUCCESS,INFO,19705,19705,0,,2026-08-23T20:10:41.468Z,2026-08-23T22:16:21.732Z,7540,2026-08-23T22:16:21.732Z,V8,Memphis Midtown,955211d4-28b8-44a0-8023-2bfaa48d6721,SAMMS-VCPHCS-VIII-MemphisV5
202608232214224625,202608232010368850,202608232010368283,85,2427,Bronze INV,br_LabResult,TASK_COMPLETE,SUCCESS,INFO,17512,17512,0,,2026-08-23T20:10:41.468Z,2026-08-23T22:16:21.732Z,7540,2026-08-23T22:16:21.732Z,V9,Nashville,955211d4-28b8-44a0-8023-2bfaa48d6721,SAMMS-NashvilleV5
202608232214224626,202608232010368851,202608232010368283,85,2428,Bronze INV,br_LabResult,TASK_COMPLETE,SUCCESS,INFO,921,921,0,,2026-08-23T20:10:41.468Z,2026-08-23T22:16:21.732Z,7540,2026-08-23T22:16:21.732Z,VBRA,Brainerd,955211d4-28b8-44a0-8023-2bfaa48d6721,SAMMS-BrainerdV6
202608232214224628,202608232010368852,202608232010368283,85,2429,Bronze INV,br_LabResult,TASK_COMPLETE,SUCCESS,INFO,17,17,0,,2026-08-23T20:10:41.468Z,2026-08-23T22:16:21.732Z,7540,2026-08-23T22:16:21.732Z,VBRP,Brooklyn Park,955211d4-28b8-44a0-8023-2bfaa48d6721,SAMMS-BrooklynParkV6
202608232214224629,202608232010368853,202608232010368283,85,2431,Bronze INV,br_LabResult,TASK_COMPLETE,SUCCESS,INFO,2,2,0,,2026-08-23T20:10:41.468Z,2026-08-23T22:16:21.732Z,7540,2026-08-23T22:16:21.732Z,VMIN,Minneapolis,955211d4-28b8-44a0-8023-2bfaa48d6721,SAMMS-MinneapolisV6
202608232214224630,202608232010368854,202608232010368283,85,2432,Bronze INV,br_LabResult,TASK_COMPLETE,SUCCESS,INFO,6,6,0,,2026-08-23T20:10:41.468Z,2026-08-23T22:16:21.732Z,7540,2026-08-23T22:16:21.732Z,VWBY,Woodbury,955211d4-28b8-44a0-8023-2bfaa48d6721,SAMMS-WoodburyV6
202608232214224631,202608232010368855,202608232010368283,85,2434,Bronze INV,br_LabResult,TASK_COMPLETE,SUCCESS,INFO,3349,3349,0,,2026-08-23T20:10:41.468Z,2026-08-23T22:16:21.732Z,7540,2026-08-23T22:16:21.732Z,WIL,Wilson,955211d4-28b8-44a0-8023-2bfaa48d6721,SAMMS-Wilson
202608232214224733,202608232010468305,202608232010468283,86,8581,Silver INV,sl_LABResult,TASK_COMPLETE,FAILED,ERROR,393845,393845,1,"Traceback (most recent call last):
  File \"/tmp/ipykernel_6378/1811102182.py\", line 392, in merge_to_silver
    merge_builder.whenNotMatchedInsert(values=insert_all).execute()
  File \"/usr/hdp/current/spark3-client/jars/delta-spark_2.12-3.2.1.20260609.1.jar/delta/tables.py\", line 1065, in execute
    self._jbuilder.execute()
  File \"/home/trusted-service-user/cluster-env/trident_env/lib/python3.11/site-packages/py4j/java_gateway.py\", line 1322, in __call__
    return_value = get_return_value(
                   ^^^^^^^^^^^^^^^^^
  File \"/opt/spark/python/lib/pyspark.zip/pyspark/errors/exceptions/captured.py\", line 179, in deco
    return f(*a, **kw)
           ^^^^^^^^^^^
  File \"/home/trusted-service-user/cluster-env/trident_env/lib/python3.11/site-packages/py4j/protocol.py\", line 326, in get_return_value
    raise Py4JJavaError(
py4j.protocol.Py4JJavaError: An error occurred while calling o14976.execute.
: org.apache.spark.SparkException: Job aborted due to stage failure: Task 0 in stage 1822.0 failed 4 times, most recent failure: Lost task 0.3 in stage 1822.0 (TID 17263) (vm-31064128 executor 2): org.apache.spark.SparkUpgradeException: [INCONSISTENT_BEHAVIOR_CROSS_VERSION.READ_ANCIENT_DATETIME] You may get a different result due to the upgrading to Spark >= 3.0:
reading dates before 1582-10-15 or timestamps before 1900-01-01T00:00:00Z
from Parquet files can be ambiguous, as the files may be written by
Spark 2.x or legacy versions of Hive, which uses a legacy hybrid calendar
that is different from Spark 3.0+'s Proleptic Gregorian calendar.
See more details in SPARK-31404. You can set the SQL config \"spark.sql.parquet.datetimeRebaseModeInRead\" or
the datasource option \"datetimeRebaseMode\" to \"LEGACY\" to rebase the datetime values
w.r.t. the calendar difference during reading. To read the datetime values
as it is, set the SQL config or the datasource option to \"CORRECTED\".
	at org.apache.spark.sql.errors.QueryExecutionErrors$.sparkUpgradeInReadingDatesError(QueryExecutionErrors.scala:752)
	at org.apache.spark.sql.execution.datasources.DataSourceUtils$.newRebaseExceptionInRead(DataSourceUtils.scala:177)
	at org.apache.spark.sql.execution.datasources.DataSourceUtils.newRebaseExceptionInRead(DataSourceUtils.scala)
	at org.apache.spark.sql.execution.datasources.parquet.ParquetVectorUpdaterFactory.rebaseTimestamp(ParquetVectorUpdaterFactory.java:1100)
	at org.apache.spark.sql.execution.datasources.parquet.ParquetVectorUpdaterFactory.rebaseMicros(ParquetVectorUpdaterFactory.java:1113)
	at org.apache.spark.sql.execution.datasources.parquet.ParquetVectorUpdaterFactory$LongWithRebaseUpdater.decodeSingleDictionaryId(ParquetVectorUpdaterFactory.java:577)
	at org.apache.spark.sql.execution.datasources.parquet.ParquetVectorUpdater.decodeDictionaryIds(ParquetVectorUpdater.java:75)
	at org.apache.spark.sql.execution.datasources.parquet.VectorizedColumnReader.readBatch(VectorizedColumnReader.java:240)
	at org.apache.spark.sql.execution.datasources.parquet.VectorizedParquetRecordReader.nextBatch(VectorizedParquetRecordReader.java:342)
	at org.apache.spark.sql.execution.datasources.parquet.VectorizedParquetRecordReader.nextKeyValue(VectorizedParquetRecordReader.java:233)
	at org.apache.spark.sql.execution.datasources.RecordReaderIterator.hasNext(RecordReaderIterator.scala:39)
	at org.apache.spark.sql.execution.datasources.FileScanRDD$$anon$1.hasNext(FileScanRDD.scala:189)
	at org.apache.spark.sql.execution.datasources.FileScanRDD$$anon$1.nextIterator(FileScanRDD.scala:362)
	at org.apache.spark.sql.execution.datasources.FileScanRDD$$anon$1.hasNext(FileScanRDD.scala:189)
	at org.apache.spark.sql.execution.datasources.FileScanRDD$$anon$1.nextIterator(FileScanRDD.scala:362)
	at org.apache.spark.sql.execution.datasources.FileScanRDD$$anon$1.hasNext(FileScanRDD.scala:189)
	at org.apache.spark.sql.execution.FileSourceScanExec$$anon$1.hasNext(DataSourceScanExec.scala:634)
	at org.apache.spark.sql.catalyst.expressions.GeneratedClass$GeneratedIteratorFor",2026-08-23T20:10:41.468Z,2026-08-23T22:16:21.732Z,7540,2026-08-23T22:16:21.732Z,,,955211d4-28b8-44a0-8023-2bfaa48d6721,
202608232214224662,202608232010368514,202608232010368283,85,2622,Bronze INV,br_LiquidLog,TASK_COMPLETE,SUCCESS,INFO,1632,1632,0,,2026-08-23T20:10:41.468Z,2026-08-23T22:16:21.732Z,7540,2026-08-23T22:16:21.732Z,AHK,Ahoskie,955211d4-28b8-44a0-8023-2bfaa48d6721,SAMMS-Ahoskie
202608232214224663,202608232010368515,202608232010368283,85,2623,Bronze INV,br_LiquidLog,TASK_COMPLETE,SUCCESS,INFO,3609,3609,0,,2026-08-23T20:10:41.468Z,2026-08-23T22:16:21.732Z,7540,2026-08-23T22:16:21.732Z,B12B,Colorado Springs,955211d4-28b8-44a0-8023-2bfaa48d6721,SAMMS-ColoradoSpringsV5
202608232214224664,202608232010368516,202608232010368283,85,2624,Bronze INV,br_LiquidLog,TASK_COMPLETE,SUCCESS,INFO,14125,14125,0,,2026-08-23T20:10:41.468Z,2026-08-23T22:16:21.732Z,7540,2026-08-23T22:16:21.732Z,B24,Paintsville,955211d4-28b8-44a0-8023-2bfaa48d6721,SAMMS-PaintsvilleV5
202608232214224665,202608232010368517,202608232010368283,85,2625,Bronze INV,br_LiquidLog,TASK_COMPLETE,SUCCESS,INFO,9037,9037,0,,2026-08-23T20:10:41.468Z,2026-08-23T22:16:21.732Z,7540,2026-08-23T22:16:21.732Z,B25,Pikeville,955211d4-28b8-44a0-8023-2bfaa48d6721,SAMMS-PikevilleV5
202608232214224666,202608232010368518,202608232010368283,85,2626,Bronze INV,br_LiquidLog,TASK_COMPLETE,SUCCESS,INFO,281643,281643,0,,2026-08-23T20:10:41.468Z,2026-08-23T22:16:21.732Z,7540,2026-08-23T22:16:21.732Z,B26,Hazard,955211d4-28b8-44a0-8023-2bfaa48d6721,SAMMS-HazardV5
202608232214224667,202608232010368519,202608232010368283,85,2627,Bronze INV,br_LiquidLog,TASK_COMPLETE,SUCCESS,INFO,2398,2398,0,,2026-08-23T20:10:41.468Z,2026-08-23T22:16:21.732Z,7540,2026-08-23T22:16:21.732Z,B27,Savannah,955211d4-28b8-44a0-8023-2bfaa48d6721,SAMMS-SavannahV6
202608232214224669,202608232010368520,202608232010368283,85,2628,Bronze INV,br_LiquidLog,TASK_COMPLETE,SUCCESS,INFO,7667,7667,0,,2026-08-23T20:10:41.468Z,2026-08-23T22:16:21.732Z,7540,2026-08-23T22:16:21.732Z,B28,West Plains,955211d4-28b8-44a0-8023-2bfaa48d6721,SAMMS-WestPlainesV5
202608232214224670,202608232010368521,202608232010368283,85,2629,Bronze INV,br_LiquidLog,TASK_COMPLETE,SUCCESS,INFO,4674,4674,0,,2026-08-23T20:10:41.468Z,2026-08-23T22:16:21.732Z,7540,2026-08-23T22:16:21.732Z,B29,Poplar Bluff,955211d4-28b8-44a0-8023-2bfaa48d6721,SAMMS-PoplarBluffV5
202608232214224671,202608232010368522,202608232010368283,85,2630,Bronze INV,br_LiquidLog,TASK_COMPLETE,SUCCESS,INFO,2364,2364,0,,2026-08-23T20:10:41.468Z,2026-08-23T22:16:21.732Z,7540,2026-08-23T22:16:21.732Z,B30,KC North,955211d4-28b8-44a0-8023-2bfaa48d6721,SAMMS-KCNv5
202608232214224672,202608232010368523,202608232010368283,85,2631,Bronze INV,br_LiquidLog,TASK_COMPLETE,SUCCESS,INFO,12646,12646,0,,2026-08-23T20:10:41.468Z,2026-08-23T22:16:21.732Z,7540,2026-08-23T22:16:21.732Z,B31,Dyersburg,955211d4-28b8-44a0-8023-2bfaa48d6721,SAMMS-DyersburgV5
202608232214224673,202608232010368524,202608232010368283,85,2633,Bronze INV,br_LiquidLog,TASK_COMPLETE,SUCCESS,INFO,8374,8374,0,,2026-08-23T20:10:41.468Z,2026-08-23T22:16:21.732Z,7540,2026-08-23T22:16:21.732Z,B33,Paducah,955211d4-28b8-44a0-8023-2bfaa48d6721,SAMMS-Paducah
202608232214224674,202608232010368525,202608232010368283,85,2634,Bronze INV,br_LiquidLog,TASK_COMPLETE,SUCCESS,INFO,165842,165842,0,,2026-08-23T20:10:41.468Z,2026-08-23T22:16:21.732Z,7540,2026-08-23T22:16:21.732Z,B34,Corbin,955211d4-28b8-44a0-8023-2bfaa48d6721,SAMMS-CorbinV5
202608232214224676,202608232010368526,202608232010368283,85,2635,Bronze INV,br_LiquidLog,TASK_COMPLETE,SUCCESS,INFO,318926,318926,0,,2026-08-23T20:10:41.468Z,2026-08-23T22:16:21.732Z,7540,2026-08-23T22:16:21.732Z,B35,Lexington,955211d4-28b8-44a0-8023-2bfaa48d6721,SAMMS-LexingtonV5
202608232214224677,202608232010368527,202608232010368283,85,2636,Bronze INV,br_LiquidLog,TASK_COMPLETE,SUCCESS,INFO,8110,8110,0,,2026-08-23T20:10:41.468Z,2026-08-23T22:16:21.732Z,7540,2026-08-23T22:16:21.732Z,B35A,Berea,955211d4-28b8-44a0-8023-2bfaa48d6721,SAMMS-BereaV5
202608232214224678,202608232010368528,202608232010368283,85,2637,Bronze INV,br_LiquidLog,TASK_COMPLETE,SUCCESS,INFO,7732,7732,0,,2026-08-23T20:10:41.468Z,2026-08-23T22:16:21.732Z,7540,2026-08-23T22:16:21.732Z,B36,Asheville,955211d4-28b8-44a0-8023-2bfaa48d6721,SAMMS-AshevilleV5
202608232214224679,202608232010368529,202608232010368283,85,2638,Bronze INV,br_LiquidLog,TASK_COMPLETE,SUCCESS,INFO,6889,6889,0,,2026-08-23T20:10:41.468Z,2026-08-23T22:16:21.732Z,7540,2026-08-23T22:16:21.732Z,B37,Clyde,955211d4-28b8-44a0-8023-2bfaa48d6721,SAMMS-ClydeV5
202608232214224680,202608232010368530,202608232010368283,85,2639,Bronze INV,br_LiquidLog,TASK_COMPLETE,SUCCESS,INFO,9568,9568,0,,2026-08-23T20:10:41.468Z,2026-08-23T22:16:21.732Z,7540,2026-08-23T22:16:21.732Z,B38,Spartanburg,955211d4-28b8-44a0-8023-2bfaa48d6721,SAMMS-SpartanburgV5
202608232214224681,202608232010368531,202608232010368283,85,2640,Bronze INV,br_LiquidLog,TASK_COMPLETE,SUCCESS,INFO,3869,3869,0,,2026-08-23T20:10:41.468Z,2026-08-23T22:16:21.732Z,7540,2026-08-23T22:16:21.732Z,B39,Aiken,955211d4-28b8-44a0-8023-2bfaa48d6721,SAMMS-AikenV5
202608232214224682,202608232010368532,202608232010368283,85,2641,Bronze INV,br_LiquidLog,TASK_COMPLETE,SUCCESS,INFO,5952,5952,0,,2026-08-23T20:10:41.468Z,2026-08-23T22:16:21.732Z,7540,2026-08-23T22:16:21.732Z,B41,Chesapeake,955211d4-28b8-44a0-8023-2bfaa48d6721,SAMMS-ChesapeakeV5
202608232214224684,202608232010368533,202608232010368283,85,2642,Bronze INV,br_LiquidLog,TASK_COMPLETE,SUCCESS,INFO,8904,8904,0,,2026-08-23T20:10:41.468Z,2026-08-23T22:16:21.732Z,7540,2026-08-23T22:16:21.732Z,B42,Virginia Beach,955211d4-28b8-44a0-8023-2bfaa48d6721,SAMMS-VirginiaBeachV5
202608232214224685,202608232010368534,202608232010368283,85,2643,Bronze INV,br_LiquidLog,TASK_COMPLETE,SUCCESS,INFO,4521,4521,0,,2026-08-23T20:10:41.468Z,2026-08-23T22:16:21.732Z,7540,2026-08-23T22:16:21.732Z,B42A,Newport News,955211d4-28b8-44a0-8023-2bfaa48d6721,SAMMS-NewportNewsV5
202608232214224686,202608232010368535,202608232010368283,85,2644,Bronze INV,br_LiquidLog,TASK_COMPLETE,SUCCESS,INFO,965,965,0,,2026-08-23T20:10:41.468Z,2026-08-23T22:16:21.732Z,7540,2026-08-23T22:16:21.732Z,B42B,Franklin,955211d4-28b8-44a0-8023-2bfaa48d6721,SAMMS-FranklinV5
202608232214224687,202608232010368536,202608232010368283,85,2645,Bronze INV,br_LiquidLog,TASK_COMPLETE,SUCCESS,INFO,6470,6470,0,,2026-08-23T20:10:41.468Z,2026-08-23T22:16:21.732Z,7540,2026-08-23T22:16:21.732Z,B42C,Glen Allen,955211d4-28b8-44a0-8023-2bfaa48d6721,SAMMS-GlenAllenV5
202608232214224688,202608232010368537,202608232010368283,85,2646,Bronze INV,br_LiquidLog,TASK_COMPLETE,SUCCESS,INFO,4194,4194,0,,2026-08-23T20:10:41.468Z,2026-08-23T22:16:21.732Z,7540,2026-08-23T22:16:21.732Z,B42D,Chesapeake South,955211d4-28b8-44a0-8023-2bfaa48d6721,SAMMS-ChesapeakeSouthV5
202608232214224689,202608232010368538,202608232010368283,85,2647,Bronze INV,br_LiquidLog,TASK_COMPLETE,SUCCESS,INFO,4126,4126,0,,2026-08-23T20:10:41.468Z,2026-08-23T22:16:21.732Z,7540,2026-08-23T22:16:21.732Z,B44,Albany,955211d4-28b8-44a0-8023-2bfaa48d6721,SAMMS-AlbanyV5
202608232214224691,202608232010368539,202608232010368283,85,2648,Bronze INV,br_LiquidLog,TASK_COMPLETE,SUCCESS,INFO,7234,7234,0,,2026-08-23T20:10:41.468Z,2026-08-23T22:16:21.732Z,7540,2026-08-23T22:16:21.732Z,B45,Tifton,955211d4-28b8-44a0-8023-2bfaa48d6721,SAMMS-TiftonV5
202608232214224692,202608232010368540,202608232010368283,85,2649,Bronze INV,br_LiquidLog,TASK_COMPLETE,SUCCESS,INFO,80025,80025,0,,2026-08-23T20:10:41.468Z,2026-08-23T22:16:21.732Z,7540,2026-08-23T22:16:21.732Z,B46,Washington DC,955211d4-28b8-44a0-8023-2bfaa48d6721,SAMMS-WashingtonDCv5
202608232214224693,202608232010368541,202608232010368283,85,2650,Bronze INV,br_LiquidLog,TASK_COMPLETE,SUCCESS,INFO,79552,79552,0,,2026-08-23T20:10:41.468Z,2026-08-23T22:16:21.732Z,7540,2026-08-23T22:16:21.732Z,B47,Mobile,955211d4-28b8-44a0-8023-2bfaa48d6721,SAMMS-MobileV5
202608232214224694,202608232010368542,202608232010368283,85,2651,Bronze INV,br_LiquidLog,TASK_COMPLETE,SUCCESS,INFO,12396,12396,0,,2026-08-23T20:10:41.468Z,2026-08-23T22:16:21.732Z,7540,2026-08-23T22:16:21.732Z,B48,Tuscaloosa,955211d4-28b8-44a0-8023-2bfaa48d6721,SAMMS-TuscaloosaV5
202608232214224695,202608232010368543,202608232010368283,85,2660,Bronze INV,br_LiquidLog,TASK_COMPLETE,SUCCESS,INFO,3003,3003,0,,2026-08-23T20:10:41.468Z,2026-08-23T22:16:21.732Z,7540,2026-08-23T22:16:21.732Z,B51,N. Little Rock (OTP),955211d4-28b8-44a0-8023-2bfaa48d6721,SAMMS-NorthLittleRockV6
202608232214224696,202608232010368544,202608232010368283,85,2661,Bronze INV,br_LiquidLog,TASK_COMPLETE,SUCCESS,INFO,4928,4928,0,,2026-08-23T20:10:41.468Z,2026-08-23T22:16:21.732Z,7540,2026-08-23T22:16:21.732Z,B52,Jackson GA,955211d4-28b8-44a0-8023-2bfaa48d6721,SAMMS-JacksonGAV5
202608232214224698,202608232010368545,202608232010368283,85,2662,Bronze INV,br_LiquidLog,TASK_COMPLETE,SUCCESS,INFO,10989,10989,0,,2026-08-23T20:10:41.468Z,2026-08-23T22:16:21.732Z,7540,2026-08-23T22:16:21.732Z,B54,Gadsden,955211d4-28b8-44a0-8023-2bfaa48d6721,SAMMS-GadsdenV5
202608232214224699,202608232010368546,202608232010368283,85,2663,Bronze INV,br_LiquidLog,TASK_COMPLETE,SUCCESS,INFO,10409,10409,0,,2026-08-23T20:10:41.468Z,2026-08-23T22:16:21.732Z,7540,2026-08-23T22:16:21.732Z,B55,Shoals,955211d4-28b8-44a0-8023-2bfaa48d6721,SAMMS-ShoalsV5
202608232214224700,202608232010368547,202608232010368283,85,2664,Bronze INV,br_LiquidLog,TASK_COMPLETE,SUCCESS,INFO,3095,3095,0,,2026-08-23T20:10:41.468Z,2026-08-23T22:16:21.732Z,7540,2026-08-23T22:16:21.732Z,B57,Pawtucket,955211d4-28b8-44a0-8023-2bfaa48d6721,SAMMS-Pawtucket
202608232214224701,202608232010368548,202608232010368283,85,2665,Bronze INV,br_LiquidLog,TASK_COMPLETE,SUCCESS,INFO,3305,3305,0,,2026-08-23T20:10:41.468Z,2026-08-23T22:16:21.732Z,7540,2026-08-23T22:16:21.732Z,B57A,Johnston,955211d4-28b8-44a0-8023-2bfaa48d6721,SAMMS-Johnston
202608232214224702,202608232010368549,202608232010368283,85,2666,Bronze INV,br_LiquidLog,TASK_COMPLETE,SUCCESS,INFO,936,936,0,,2026-08-23T20:10:41.468Z,2026-08-23T22:16:21.732Z,7540,2026-08-23T22:16:21.732Z,B57B,Middletown,955211d4-28b8-44a0-8023-2bfaa48d6721,SAMMS-Middletown
202608232214224703,202608232010368550,202608232010368283,85,2667,Bronze INV,br_LiquidLog,TASK_COMPLETE,SUCCESS,INFO,1710,1710,0,,2026-08-23T20:10:41.468Z,2026-08-23T22:16:21.732Z,7540,2026-08-23T22:16:21.732Z,B57C,Providence,955211d4-28b8-44a0-8023-2bfaa48d6721,SAMMS-Providence
202608232214224705,202608232010368551,202608232010368283,85,2668,Bronze INV,br_LiquidLog,TASK_COMPLETE,SUCCESS,INFO,3065,3065,0,,2026-08-23T20:10:41.468Z,2026-08-23T22:16:21.732Z,7540,2026-08-23T22:16:21.732Z,B57D,Westerly,955211d4-28b8-44a0-8023-2bfaa48d6721,SAMMS-Westerly
202608232214224706,202608232010368552,202608232010368283,85,2672,Bronze INV,br_LiquidLog,TASK_COMPLETE,SUCCESS,INFO,0,0,0,,2026-08-23T20:10:41.468Z,2026-08-23T22:16:21.732Z,7540,2026-08-23T22:16:21.732Z,B66A,Bremen,955211d4-28b8-44a0-8023-2bfaa48d6721,SAMMS-Bremen
202608232214224707,202608232010368553,202608232010368283,85,2675,Bronze INV,br_LiquidLog,TASK_COMPLETE,SUCCESS,INFO,0,0,0,,2026-08-23T20:10:41.468Z,2026-08-23T22:16:21.732Z,7540,2026-08-23T22:16:21.732Z,B72,Mobile (OBOT),955211d4-28b8-44a0-8023-2bfaa48d6721,SAMMS-Mobile-OBOT
202608232214224708,202608232010368554,202608232010368283,85,2676,Bronze INV,br_LiquidLog,TASK_COMPLETE,SUCCESS,INFO,0,0,0,,2026-08-23T20:10:41.468Z,2026-08-23T22:16:21.732Z,7540,2026-08-23T22:16:21.732Z,B73,Montgomery,955211d4-28b8-44a0-8023-2bfaa48d6721,SAMMS-Montgomery
202608232214224709,202608232010368555,202608232010368283,85,2677,Bronze INV,br_LiquidLog,TASK_COMPLETE,SUCCESS,INFO,3597,3597,0,,2026-08-23T20:10:41.468Z,2026-08-23T22:16:21.732Z,7540,2026-08-23T22:16:21.732Z,B75,Lawrence,955211d4-28b8-44a0-8023-2bfaa48d6721,SAMMS-LawrenceV6
202608232214224710,202608232010368556,202608232010368283,85,2678,Bronze INV,br_LiquidLog,TASK_COMPLETE,SUCCESS,INFO,0,0,0,,2026-08-23T20:10:41.468Z,2026-08-23T22:16:21.732Z,7540,2026-08-23T22:16:21.732Z,B76,Huntsville OBOT,955211d4-28b8-44a0-8023-2bfaa48d6721,SAMMS-Huntsville-OBOT
202608232214224711,202608232010368557,202608232010368283,85,2679,Bronze INV,br_LiquidLog,TASK_COMPLETE,SUCCESS,INFO,0,0,0,,2026-08-23T20:10:41.468Z,2026-08-23T22:16:21.732Z,7540,2026-08-23T22:16:21.732Z,BAT,Batesville,955211d4-28b8-44a0-8023-2bfaa48d6721,SAMMS-Batesville
202608232214224713,202608232010368558,202608232010368283,85,2680,Bronze INV,br_LiquidLog,TASK_COMPLETE,SUCCESS,INFO,6232,6232,0,,2026-08-23T20:10:41.468Z,2026-08-23T22:16:21.732Z,7540,2026-08-23T22:16:21.732Z,BG,Bowling Green,955211d4-28b8-44a0-8023-2bfaa48d6721,SAMMS-BowlingGreen
202608232214224714,202608232010368559,202608232010368283,85,2681,Bronze INV,br_LiquidLog,TASK_COMPLETE,SUCCESS,INFO,2759,2759,0,,2026-08-23T20:10:41.468Z,2026-08-23T22:16:21.732Z,7540,2026-08-23T22:16:21.732Z,BOI,Boise,955211d4-28b8-44a0-8023-2bfaa48d6721,SAMMS-Boise
202608232214224715,202608232010368560,202608232010368283,85,2688,Bronze INV,br_LiquidLog,TASK_COMPLETE,SUCCESS,INFO,1454,1454,0,,2026-08-23T20:10:41.468Z,2026-08-23T22:16:21.732Z,7540,2026-08-23T22:16:21.732Z,CBCO,Coeur dAlene,955211d4-28b8-44a0-8023-2bfaa48d6721,SAMMS-CoeurdAleneV6
202608232214224716,202608232010368561,202608232010368283,85,2707,Bronze INV,br_LiquidLog,TASK_COMPLETE,SUCCESS,INFO,0,0,0,,2026-08-23T20:10:41.468Z,2026-08-23T22:16:21.732Z,7540,2026-08-23T22:16:21.732Z,CON,Conway,955211d4-28b8-44a0-8023-2bfaa48d6721,SAMMS-Conway
202608232214224717,202608232010368562,202608232010368283,85,2708,Bronze INV,br_LiquidLog,TASK_COMPLETE,SUCCESS,INFO,0,0,0,,2026-08-23T20:10:41.468Z,2026-08-23T22:16:21.732Z,7540,2026-08-23T22:16:21.732Z,D07,Medical Services Knox TN,955211d4-28b8-44a0-8023-2bfaa48d6721,SAMMS-KnoxvilleV6
202608232214224718,202608232010368563,202608232010368283,85,2709,Bronze INV,br_LiquidLog,TASK_COMPLETE,SUCCESS,INFO,4182,4182,0,,2026-08-23T20:10:41.468Z,2026-08-23T22:16:21.732Z,7540,2026-08-23T22:16:21.732Z,D08,Madison,955211d4-28b8-44a0-8023-2bfaa48d6721,SAMMS-MadisonV6
202608232214224720,202608232010368564,202608232010368283,85,2711,Bronze INV,br_LiquidLog,TASK_COMPLETE,SUCCESS,INFO,7752,7752,0,,2026-08-23T20:10:41.468Z,2026-08-23T22:16:21.732Z,7540,2026-08-23T22:16:21.732Z,D09,Murfreesboro,955211d4-28b8-44a0-8023-2bfaa48d6721,SAMMS-MurfreesboroV6
202608232214224721,202608232010368565,202608232010368283,85,2712,Bronze INV,br_LiquidLog,TASK_COMPLETE,SUCCESS,INFO,3402,3402,0,,2026-08-23T20:10:41.468Z,2026-08-23T22:16:21.732Z,7540,2026-08-23T22:16:21.732Z,DA,Davenport,955211d4-28b8-44a0-8023-2bfaa48d6721,SAMMS-Davenport
202608232214224722,202608232010368566,202608232010368283,85,2713,Bronze INV,br_LiquidLog,TASK_COMPLETE,SUCCESS,INFO,2879,2879,0,,2026-08-23T20:10:41.468Z,2026-08-23T22:16:21.732Z,7540,2026-08-23T22:16:21.732Z,DM,Des Moines,955211d4-28b8-44a0-8023-2bfaa48d6721,SAMMS-DesMoines
202608232214224723,202608232010368567,202608232010368283,85,2715,Bronze INV,br_LiquidLog,TASK_COMPLETE,SUCCESS,INFO,7841,7841,0,,2026-08-23T20:10:41.468Z,2026-08-23T22:16:21.732Z,7540,2026-08-23T22:16:21.732Z,DRD-CO,Columbia MO,955211d4-28b8-44a0-8023-2bfaa48d6721,SAMMS-ColumbiaV5
202608232214224724,202608232010368568,202608232010368283,85,2716,Bronze INV,br_LiquidLog,TASK_COMPLETE,SUCCESS,INFO,7405,7405,0,,2026-08-23T20:10:41.468Z,2026-08-23T22:16:21.732Z,7540,2026-08-23T22:16:21.732Z,DRD-KC,KC,955211d4-28b8-44a0-8023-2bfaa48d6721,SAMMS-KCv5
202608232214224725,202608232010368569,202608232010368283,85,2717,Bronze INV,br_LiquidLog,TASK_COMPLETE,SUCCESS,INFO,25571,25571,0,,2026-08-23T20:10:41.468Z,2026-08-23T22:16:21.732Z,7540,2026-08-23T22:16:21.732Z,DRD-KVB,KVB,955211d4-28b8-44a0-8023-2bfaa48d6721,SAMMS-KVBv5
202608232214224727,202608232010368570,202608232010368283,85,2718,Bronze INV,br_LiquidLog,TASK_COMPLETE,SUCCESS,INFO,26552,26552,0,,2026-08-23T20:10:41.468Z,2026-08-23T22:16:21.732Z,7540,2026-08-23T22:16:21.732Z,DRD-KVC,KVC,955211d4-28b8-44a0-8023-2bfaa48d6721,SAMMS-KVCv5
202608232214224728,202608232010368571,202608232010368283,85,2719,Bronze INV,br_LiquidLog,TASK_COMPLETE,SUCCESS,INFO,284228,284228,0,,2026-08-23T20:10:41.468Z,2026-08-23T22:16:21.732Z,7540,2026-08-23T22:16:21.732Z,DRD-NOLA,NOLA,955211d4-28b8-44a0-8023-2bfaa48d6721,SAMMS-NOLAv5
202608232214224729,202608232010368572,202608232010368283,85,2720,Bronze INV,br_LiquidLog,TASK_COMPLETE,SUCCESS,INFO,13322,13322,0,,2026-08-23T20:10:41.468Z,2026-08-23T22:16:21.732Z,7540,2026-08-23T22:16:21.732Z,DRD-SF,Springfield,955211d4-28b8-44a0-8023-2bfaa48d6721,SAMMS-SFv5
202608232214224730,202608232010368573,202608232010368283,85,2722,Bronze INV,br_LiquidLog,TASK_COMPLETE,SUCCESS,INFO,4005,4005,0,,2026-08-23T20:10:41.468Z,2026-08-23T22:16:21.732Z,7540,2026-08-23T22:16:21.732Z,ELC,Elizabeth City,955211d4-28b8-44a0-8023-2bfaa48d6721,SAMMS-ElizabethCity
202608232214224731,202608232010368574,202608232010368283,85,2723,Bronze INV,br_LiquidLog,TASK_COMPLETE,SUCCESS,INFO,4602,4602,0,,2026-08-23T20:10:41.468Z,2026-08-23T22:16:21.732Z,7540,2026-08-23T22:16:21.732Z,ET,Elizabethtown,955211d4-28b8-44a0-8023-2bfaa48d6721,SAMMS-Elizabethtown
202608232214224732,202608232010368575,202608232010368283,85,2724,Bronze INV,br_LiquidLog,TASK_COMPLETE,SUCCESS,INFO,0,0,0,,2026-08-23T20:10:41.468Z,2026-08-23T22:16:21.732Z,7540,2026-08-23T22:16:21.732Z,FAY,Fayetteville,955211d4-28b8-44a0-8023-2bfaa48d6721,SAMMS-Fayetteville
202608232214224734,202608232010368576,202608232010368283,85,2725,Bronze INV,br_LiquidLog,TASK_COMPLETE,SUCCESS,INFO,4857,4857,0,,2026-08-23T20:10:41.468Z,2026-08-23T22:16:21.732Z,7540,2026-08-23T22:16:21.732Z,FR,Frankfort,955211d4-28b8-44a0-8023-2bfaa48d6721,SAMMS-Frankfort
202608232214224735,202608232010368577,202608232010368283,85,2726,Bronze INV,br_LiquidLog,TASK_COMPLETE,SUCCESS,INFO,0,0,0,,2026-08-23T20:10:41.468Z,2026-08-23T22:16:21.732Z,7540,2026-08-23T22:16:21.732Z,FS,Fort Smith,955211d4-28b8-44a0-8023-2bfaa48d6721,SAMMS-FortSmith
202608232214224736,202608232010368578,202608232010368283,85,2727,Bronze INV,br_LiquidLog,TASK_COMPLETE,SUCCESS,INFO,120149,120149,0,,2026-08-23T20:10:41.468Z,2026-08-23T22:16:21.732Z,7540,2026-08-23T22:16:21.732Z,FW,Fort Wayne,955211d4-28b8-44a0-8023-2bfaa48d6721,SAMMS-FortWayne
202608232214224737,202608232010368579,202608232010368283,85,2728,Bronze INV,br_LiquidLog,TASK_COMPLETE,SUCCESS,INFO,3906,3906,0,,2026-08-23T20:10:41.468Z,2026-08-23T22:16:21.732Z,7540,2026-08-23T22:16:21.732Z,GAL,Gaylord,955211d4-28b8-44a0-8023-2bfaa48d6721,SAMMS-Gaylord
202608232214224738,202608232010368580,202608232010368283,85,2732,Bronze INV,br_LiquidLog,TASK_COMPLETE,SUCCESS,INFO,8332,8332,0,,2026-08-23T20:10:41.468Z,2026-08-23T22:16:21.732Z,7540,2026-08-23T22:16:21.732Z,HGT,Hagerstown,955211d4-28b8-44a0-8023-2bfaa48d6721,SAMMS-Hagerstown
202608232214224739,202608232010368581,202608232010368283,85,2733,Bronze INV,br_LiquidLog,TASK_COMPLETE,SUCCESS,INFO,7764,7764,0,,2026-08-23T20:10:41.468Z,2026-08-23T22:16:21.732Z,7540,2026-08-23T22:16:21.732Z,HNT,Huntsville,955211d4-28b8-44a0-8023-2bfaa48d6721,SAMMS-Huntsville
202608232214224740,202608232010368582,202608232010368283,85,2734,Bronze INV,br_LiquidLog,TASK_COMPLETE,SUCCESS,INFO,0,0,0,,2026-08-23T20:10:41.468Z,2026-08-23T22:16:21.732Z,7540,2026-08-23T22:16:21.732Z,HS,Hot Springs,955211d4-28b8-44a0-8023-2bfaa48d6721,SAMMS-HotSprings
202608232214224742,202608232010368583,202608232010368283,85,2735,Bronze INV,br_LiquidLog,TASK_COMPLETE,SUCCESS,INFO,0,0,0,,2026-08-23T20:10:41.468Z,2026-08-23T22:16:21.732Z,7540,2026-08-23T22:16:21.732Z,JON,Jonesboro,955211d4-28b8-44a0-8023-2bfaa48d6721,SAMMS-Jonesboro
202608232214224743,202608232010368584,202608232010368283,85,2737,Bronze INV,br_LiquidLog,TASK_COMPLETE,SUCCESS,INFO,3755,3755,0,,2026-08-23T20:10:41.468Z,2026-08-23T22:16:21.732Z,7540,2026-08-23T22:16:21.732Z,LAN,Lansing,955211d4-28b8-44a0-8023-2bfaa48d6721,SAMMS-Lansing
202608232214224744,202608232010368585,202608232010368283,85,2738,Bronze INV,br_LiquidLog,TASK_COMPLETE,SUCCESS,INFO,137274,137274,0,,2026-08-23T20:10:41.468Z,2026-08-23T22:16:21.732Z,7540,2026-08-23T22:16:21.732Z,LO,Louisville,955211d4-28b8-44a0-8023-2bfaa48d6721,SAMMS-Louisville
202608232214224745,202608232010368586,202608232010368283,85,2739,Bronze INV,br_LiquidLog,TASK_COMPLETE,SUCCESS,INFO,5987,5987,0,,2026-08-23T20:10:41.468Z,2026-08-23T22:16:21.732Z,7540,2026-08-23T22:16:21.732Z,LV1,Cheyenne,955211d4-28b8-44a0-8023-2bfaa48d6721,SAMMS-Cheyenne
202608232214224746,202608232010368587,202608232010368283,85,2740,Bronze INV,br_LiquidLog,TASK_COMPLETE,SUCCESS,INFO,5633,5633,0,,2026-08-23T20:10:41.468Z,2026-08-23T22:16:21.732Z,7540,2026-08-23T22:16:21.732Z,LV2,Desert Inn,955211d4-28b8-44a0-8023-2bfaa48d6721,SAMMS-DesertInn
202608232214224747,202608232010368588,202608232010368283,85,2741,Bronze INV,br_LiquidLog,TASK_COMPLETE,SUCCESS,INFO,2980,2980,0,,2026-08-23T20:10:41.468Z,2026-08-23T22:16:21.732Z,7540,2026-08-23T22:16:21.732Z,LV3,McDaniel,955211d4-28b8-44a0-8023-2bfaa48d6721,SAMMS-McDaniel
202608232214224749,202608232010368589,202608232010368283,85,2744,Bronze INV,br_LiquidLog,TASK_COMPLETE,SUCCESS,INFO,2889,2889,0,,2026-08-23T20:10:41.468Z,2026-08-23T22:16:21.732Z,7540,2026-08-23T22:16:21.732Z,MNRE,Monroe,955211d4-28b8-44a0-8023-2bfaa48d6721,SAMMS-Monroe
202608232214224750,202608232010368590,202608232010368283,85,2745,Bronze INV,br_LiquidLog,TASK_COMPLETE,SUCCESS,INFO,7313,7313,0,,2026-08-23T20:10:41.468Z,2026-08-23T22:16:21.732Z,7540,2026-08-23T22:16:21.732Z,MP,Mt. Pleasant,955211d4-28b8-44a0-8023-2bfaa48d6721,SAMMS-MtPleasant
202608232214224751,202608232010368591,202608232010368283,85,2746,Bronze INV,br_LiquidLog,TASK_COMPLETE,SUCCESS,INFO,2295,2295,0,,2026-08-23T20:10:41.468Z,2026-08-23T22:16:21.732Z,7540,2026-08-23T22:16:21.732Z,MRD,Meridian,955211d4-28b8-44a0-8023-2bfaa48d6721,SAMMS-Meridian
202608232214224752,202608232010368592,202608232010368283,85,2751,Bronze INV,br_LiquidLog,TASK_COMPLETE,SUCCESS,INFO,5609,5609,0,,2026-08-23T20:10:41.468Z,2026-08-23T22:16:21.732Z,7540,2026-08-23T22:16:21.732Z,NC,North Charleston,955211d4-28b8-44a0-8023-2bfaa48d6721,SAMMS-NorthCharleston
202608232214224753,202608232010368593,202608232010368283,85,2752,Bronze INV,br_LiquidLog,TASK_COMPLETE,SUCCESS,INFO,0,0,0,,2026-08-23T20:10:41.468Z,2026-08-23T22:16:21.732Z,7540,2026-08-23T22:16:21.732Z,NLR,N. Little Rock,955211d4-28b8-44a0-8023-2bfaa48d6721,SAMMS-NLROBOT
202608232214224754,202608232010368594,202608232010368283,85,2753,Bronze INV,br_LiquidLog,TASK_COMPLETE,SUCCESS,INFO,0,0,0,,2026-08-23T20:10:41.468Z,2026-08-23T22:16:21.732Z,7540,2026-08-23T22:16:21.732Z,PH,Phoenix,955211d4-28b8-44a0-8023-2bfaa48d6721,SAMMS-Phoenix
202608232214224756,202608232010368595,202608232010368283,85,2757,Bronze INV,br_LiquidLog,TASK_COMPLETE,SUCCESS,INFO,4848,4848,0,,2026-08-23T20:10:41.468Z,2026-08-23T22:16:21.732Z,7540,2026-08-23T22:16:21.732Z,RE,Reno,955211d4-28b8-44a0-8023-2bfaa48d6721,SAMMS-Reno
202608232214224757,202608232010368596,202608232010368283,85,2758,Bronze INV,br_LiquidLog,TASK_COMPLETE,SUCCESS,INFO,7174,7174,0,,2026-08-23T20:10:41.468Z,2026-08-23T22:16:21.732Z,7540,2026-08-23T22:16:21.732Z,RMD,Richmond,955211d4-28b8-44a0-8023-2bfaa48d6721,SAMMS-Richmond
202608232214224758,202608232010368597,202608232010368283,85,2759,Bronze INV,br_LiquidLog,TASK_COMPLETE,SUCCESS,INFO,9118,9118,0,,2026-08-23T20:10:41.468Z,2026-08-23T22:16:21.732Z,7540,2026-08-23T22:16:21.732Z,SFN,Springfield North,955211d4-28b8-44a0-8023-2bfaa48d6721,SAMMS-SFNv5
202608232214224759,202608232010368598,202608232010368283,85,2760,Bronze INV,br_LiquidLog,TASK_COMPLETE,SUCCESS,INFO,10741,10741,0,,2026-08-23T20:10:41.468Z,2026-08-23T22:16:21.732Z,7540,2026-08-23T22:16:21.732Z,SHP,Shreveport,955211d4-28b8-44a0-8023-2bfaa48d6721,SAMMS-Shreveport
202608232214224760,202608232010368599,202608232010368283,85,2762,Bronze INV,br_LiquidLog,TASK_COMPLETE,SUCCESS,INFO,2753,2753,0,,2026-08-23T20:10:41.468Z,2026-08-23T22:16:21.732Z,7540,2026-08-23T22:16:21.732Z,STN,Staunton,955211d4-28b8-44a0-8023-2bfaa48d6721,SAMMS-Staunton
202608232214224761,202608232010368600,202608232010368283,85,2763,Bronze INV,br_LiquidLog,TASK_COMPLETE,SUCCESS,INFO,1187,1187,0,,2026-08-23T20:10:41.468Z,2026-08-23T22:16:21.732Z,7540,2026-08-23T22:16:21.732Z,STVN,Stevenson,955211d4-28b8-44a0-8023-2bfaa48d6721,SAMMS-Stevenson
202608232214224763,202608232010368601,202608232010368283,85,2765,Bronze INV,br_LiquidLog,TASK_COMPLETE,SUCCESS,INFO,0,0,0,,2026-08-23T20:10:41.468Z,2026-08-23T22:16:21.732Z,7540,2026-08-23T22:16:21.732Z,TE,Tempe,955211d4-28b8-44a0-8023-2bfaa48d6721,SAMMS-Tempe
202608232214224764,202608232010368602,202608232010368283,85,2766,Bronze INV,br_LiquidLog,TASK_COMPLETE,SUCCESS,INFO,0,0,0,,2026-08-23T20:10:41.468Z,2026-08-23T22:16:21.732Z,7540,2026-08-23T22:16:21.732Z,TEX,Texarkana,955211d4-28b8-44a0-8023-2bfaa48d6721,SAMMS-Texarkana
202608232214224765,202608232010368603,202608232010368283,85,2767,Bronze INV,br_LiquidLog,TASK_COMPLETE,SUCCESS,INFO,12357,12357,0,,2026-08-23T20:10:41.468Z,2026-08-23T22:16:21.732Z,7540,2026-08-23T22:16:21.732Z,TTCA,Bessemer,955211d4-28b8-44a0-8023-2bfaa48d6721,SAMMS-BessemerV5
202608232214224766,202608232010368604,202608232010368283,85,2768,Bronze INV,br_LiquidLog,TASK_COMPLETE,SUCCESS,INFO,4751,4751,0,,2026-08-23T20:10:41.468Z,2026-08-23T22:16:21.732Z,7540,2026-08-23T22:16:21.732Z,TTCB,Cullman,955211d4-28b8-44a0-8023-2bfaa48d6721,SAMMS-CullmanV5
202608232214224767,202608232010368605,202608232010368283,85,2769,Bronze INV,br_LiquidLog,TASK_COMPLETE,SUCCESS,INFO,10306,10306,0,,2026-08-23T20:10:41.468Z,2026-08-23T22:16:21.732Z,7540,2026-08-23T22:16:21.732Z,TTCC,Grand Bay,955211d4-28b8-44a0-8023-2bfaa48d6721,SAMMS-GrandBay
202608232214224768,202608232010368606,202608232010368283,85,2770,Bronze INV,br_LiquidLog,TASK_COMPLETE,SUCCESS,INFO,0,0,0,,2026-08-23T20:10:41.468Z,2026-08-23T22:16:21.732Z,7540,2026-08-23T22:16:21.732Z,TU,Tucson,955211d4-28b8-44a0-8023-2bfaa48d6721,SAMMS-Tucson
202608232214224769,202608232010368607,202608232010368283,85,2772,Bronze INV,br_LiquidLog,TASK_COMPLETE,SUCCESS,INFO,5526,5526,0,,2026-08-23T20:10:41.468Z,2026-08-23T22:16:21.732Z,7540,2026-08-23T22:16:21.732Z,V1,Memphis South,955211d4-28b8-44a0-8023-2bfaa48d6721,SAMMS-VCPHCS-I-MemphisV5
202608232214224771,202608232010368608,202608232010368283,85,2773,Bronze INV,br_LiquidLog,TASK_COMPLETE,SUCCESS,INFO,3346,3346,0,,2026-08-23T20:10:41.468Z,2026-08-23T22:16:21.732Z,7540,2026-08-23T22:16:21.732Z,V10,Longmont,955211d4-28b8-44a0-8023-2bfaa48d6721,SAMMS-BoulderV5
202608232214224772,202608232010368609,202608232010368283,85,2774,Bronze INV,br_LiquidLog,TASK_COMPLETE,SUCCESS,INFO,6068,6068,0,,2026-08-23T20:10:41.468Z,2026-08-23T22:16:21.732Z,7540,2026-08-23T22:16:21.732Z,V10A,Fort Collins,955211d4-28b8-44a0-8023-2bfaa48d6721,SAMMS-FortCollinsV5
202608232214224773,202608232010368610,202608232010368283,85,2775,Bronze INV,br_LiquidLog,TASK_COMPLETE,SUCCESS,INFO,6080,6080,0,,2026-08-23T20:10:41.468Z,2026-08-23T22:16:21.732Z,7540,2026-08-23T22:16:21.732Z,V11,Westminster,955211d4-28b8-44a0-8023-2bfaa48d6721,SAMMS-VCPHCS-XI-NorthDenverV5
202608232214224774,202608232010368611,202608232010368283,85,2776,Bronze INV,br_LiquidLog,TASK_COMPLETE,SUCCESS,INFO,6832,6832,0,,2026-08-23T20:10:41.468Z,2026-08-23T22:16:21.732Z,7540,2026-08-23T22:16:21.732Z,V12,Downtown Denver,955211d4-28b8-44a0-8023-2bfaa48d6721,SAMMS-VCPHCS-XII-DowntownDenverV5
202608232214224775,202608232010368612,202608232010368283,85,2777,Bronze INV,br_LiquidLog,TASK_COMPLETE,SUCCESS,INFO,3866,3866,0,,2026-08-23T20:10:41.468Z,2026-08-23T22:16:21.732Z,7540,2026-08-23T22:16:21.732Z,V12A,Centennial,955211d4-28b8-44a0-8023-2bfaa48d6721,SAMMS-CentennialV5
202608232214224776,202608232010368613,202608232010368283,85,2778,Bronze INV,br_LiquidLog,TASK_COMPLETE,SUCCESS,INFO,3918,3918,0,,2026-08-23T20:10:41.468Z,2026-08-23T22:16:21.732Z,7540,2026-08-23T22:16:21.732Z,V14,Overland Park,955211d4-28b8-44a0-8023-2bfaa48d6721,SAMMS-VCPHCS-XIV-BridgewayV5
202608232214224778,202608232010368614,202608232010368283,85,2779,Bronze INV,br_LiquidLog,TASK_COMPLETE,SUCCESS,INFO,5613,5613,0,,2026-08-23T20:10:41.468Z,2026-08-23T22:16:21.732Z,7540,2026-08-23T22:16:21.732Z,V15,Joplin,955211d4-28b8-44a0-8023-2bfaa48d6721,SAMMS-JoplinV5
202608232214224779,202608232010368615,202608232010368283,85,2781,Bronze INV,br_LiquidLog,TASK_COMPLETE,SUCCESS,INFO,2974,2974,0,,2026-08-23T20:10:41.468Z,2026-08-23T22:16:21.732Z,7540,2026-08-23T22:16:21.732Z,V17,Columbia TN,955211d4-28b8-44a0-8023-2bfaa48d6721,SAMMS-ColumbiaTNv5
202608252121597550,202608251925575494,202608251925573776,85,1140,Bronze INV,br_AdmissionAssessmentDimensionSix,TASK_COMPLETE,SUCCESS,INFO,329,329,0,,2026-08-25T19:26:03.177Z,2026-08-25T21:23:56.829Z,7073,2026-08-25T21:23:56.829Z,VBRA,Brainerd,7eb7a049-5d17-4a23-bb2f-3b9c445afd32,SAMMS-BrainerdV6
202608252121597552,202608251925575495,202608251925573776,85,1141,Bronze INV,br_AdmissionAssessmentDimensionSix,TASK_COMPLETE,SUCCESS,INFO,585,585,0,,2026-08-25T19:26:03.177Z,2026-08-25T21:23:56.829Z,7073,2026-08-25T21:23:56.829Z,VBRP,Brooklyn Park,7eb7a049-5d17-4a23-bb2f-3b9c445afd32,SAMMS-BrooklynParkV6
202608252121597553,202608251925575496,202608251925573776,85,1143,Bronze INV,br_AdmissionAssessmentDimensionSix,TASK_COMPLETE,SUCCESS,INFO,567,567,0,,2026-08-25T19:26:03.177Z,2026-08-25T21:23:56.829Z,7073,2026-08-25T21:23:56.829Z,VMIN,Minneapolis,7eb7a049-5d17-4a23-bb2f-3b9c445afd32,SAMMS-MinneapolisV6
202608252121597556,202608251925575497,202608251925573776,85,1144,Bronze INV,br_AdmissionAssessmentDimensionSix,TASK_COMPLETE,SUCCESS,INFO,1062,1062,0,,2026-08-25T19:26:03.177Z,2026-08-25T21:23:56.829Z,7073,2026-08-25T21:23:56.829Z,VWBY,Woodbury,7eb7a049-5d17-4a23-bb2f-3b9c445afd32,SAMMS-WoodburyV6
202608252121597557,202608251925575498,202608251925573776,85,1146,Bronze INV,br_AdmissionAssessmentDimensionSix,TASK_COMPLETE,SUCCESS,INFO,426,426,0,,2026-08-25T19:26:03.177Z,2026-08-25T21:23:56.829Z,7073,2026-08-25T21:23:56.829Z,WIL,Wilson,7eb7a049-5d17-4a23-bb2f-3b9c445afd32,SAMMS-Wilson
202608252121597659,202608251925673783,202608251925673776,86,5726,Silver INV,sl_AdmissionAssessmentDimensionSix,TASK_COMPLETE,SUCCESS,INFO,50673,50673,0,,2026-08-25T19:26:03.177Z,2026-08-25T21:23:56.829Z,7073,2026-08-25T21:23:56.829Z,,,7eb7a049-5d17-4a23-bb2f-3b9c445afd32,
202608252121597589,202608251925575039,202608251925573776,85,1150,Bronze INV,br_AdmissionAssessmentDimensionThree,TASK_COMPLETE,SUCCESS,INFO,97,97,0,,2026-08-25T19:26:03.177Z,2026-08-25T21:23:56.829Z,7073,2026-08-25T21:23:56.829Z,AHK,Ahoskie,7eb7a049-5d17-4a23-bb2f-3b9c445afd32,SAMMS-Ahoskie
202608252121597590,202608251925575040,202608251925573776,85,1151,Bronze INV,br_AdmissionAssessmentDimensionThree,TASK_COMPLETE,SUCCESS,INFO,785,785,0,,2026-08-25T19:26:03.177Z,2026-08-25T21:23:56.829Z,7073,2026-08-25T21:23:56.829Z,B12B,Colorado Springs,7eb7a049-5d17-4a23-bb2f-3b9c445afd32,SAMMS-ColoradoSpringsV5
202608252121597591,202608251925575041,202608251925573776,85,1152,Bronze INV,br_AdmissionAssessmentDimensionThree,TASK_COMPLETE,SUCCESS,INFO,413,413,0,,2026-08-25T19:26:03.177Z,2026-08-25T21:23:56.829Z,7073,2026-08-25T21:23:56.829Z,B24,Paintsville,7eb7a049-5d17-4a23-bb2f-3b9c445afd32,SAMMS-PaintsvilleV5
202608252121597592,202608251925575042,202608251925573776,85,1153,Bronze INV,br_AdmissionAssessmentDimensionThree,TASK_COMPLETE,SUCCESS,INFO,173,173,0,,2026-08-25T19:26:03.177Z,2026-08-25T21:23:56.829Z,7073,2026-08-25T21:23:56.829Z,B25,Pikeville,7eb7a049-5d17-4a23-bb2f-3b9c445afd32,SAMMS-PikevilleV5
202608252121597593,202608251925575043,202608251925573776,85,1154,Bronze INV,br_AdmissionAssessmentDimensionThree,TASK_COMPLETE,SUCCESS,INFO,494,494,0,,2026-08-25T19:26:03.177Z,2026-08-25T21:23:56.829Z,7073,2026-08-25T21:23:56.829Z,B26,Hazard,7eb7a049-5d17-4a23-bb2f-3b9c445afd32,SAMMS-HazardV5
202608252121597595,202608251925575044,202608251925573776,85,1155,Bronze INV,br_AdmissionAssessmentDimensionThree,TASK_COMPLETE,SUCCESS,INFO,189,189,0,,2026-08-25T19:26:03.177Z,2026-08-25T21:23:56.829Z,7073,2026-08-25T21:23:56.829Z,B27,Savannah,7eb7a049-5d17-4a23-bb2f-3b9c445afd32,SAMMS-SavannahV6
202608252121597596,202608251925575045,202608251925573776,85,1156,Bronze INV,br_AdmissionAssessmentDimensionThree,TASK_COMPLETE,SUCCESS,INFO,234,234,0,,2026-08-25T19:26:03.177Z,2026-08-25T21:23:56.829Z,7073,2026-08-25T21:23:56.829Z,B28,West Plains,7eb7a049-5d17-4a23-bb2f-3b9c445afd32,SAMMS-WestPlainesV5
202608252121597597,202608251925575046,202608251925573776,85,1157,Bronze INV,br_AdmissionAssessmentDimensionThree,TASK_COMPLETE,SUCCESS,INFO,260,260,0,,2026-08-25T19:26:03.177Z,2026-08-25T21:23:56.829Z,7073,2026-08-25T21:23:56.829Z,B29,Poplar Bluff,7eb7a049-5d17-4a23-bb2f-3b9c445afd32,SAMMS-PoplarBluffV5
202608252121597598,202608251925575047,202608251925573776,85,1158,Bronze INV,br_AdmissionAssessmentDimensionThree,TASK_COMPLETE,SUCCESS,INFO,142,142,0,,2026-08-25T19:26:03.177Z,2026-08-25T21:23:56.829Z,7073,2026-08-25T21:23:56.829Z,B30,KC North,7eb7a049-5d17-4a23-bb2f-3b9c445afd32,SAMMS-KCNv5
202608252121597599,202608251925575048,202608251925573776,85,1159,Bronze INV,br_AdmissionAssessmentDimensionThree,TASK_COMPLETE,SUCCESS,INFO,340,340,0,,2026-08-25T19:26:03.177Z,2026-08-25T21:23:56.829Z,7073,2026-08-25T21:23:56.829Z,B31,Dyersburg,7eb7a049-5d17-4a23-bb2f-3b9c445afd32,SAMMS-DyersburgV5
202608252121597600,202608251925575049,202608251925573776,85,1161,Bronze INV,br_AdmissionAssessmentDimensionThree,TASK_COMPLETE,SUCCESS,INFO,213,213,0,,2026-08-25T19:26:03.177Z,2026-08-25T21:23:56.829Z,7073,2026-08-25T21:23:56.829Z,B33,Paducah,7eb7a049-5d17-4a23-bb2f-3b9c445afd32,SAMMS-Paducah
202608252121597602,202608251925575050,202608251925573776,85,1162,Bronze INV,br_AdmissionAssessmentDimensionThree,TASK_COMPLETE,SUCCESS,INFO,446,446,0,,2026-08-25T19:26:03.177Z,2026-08-25T21:23:56.829Z,7073,2026-08-25T21:23:56.829Z,B34,Corbin,7eb7a049-5d17-4a23-bb2f-3b9c445afd32,SAMMS-CorbinV5
202608252121597603,202608251925575051,202608251925573776,85,1163,Bronze INV,br_AdmissionAssessmentDimensionThree,TASK_COMPLETE,SUCCESS,INFO,718,718,0,,2026-08-25T19:26:03.177Z,2026-08-25T21:23:56.829Z,7073,2026-08-25T21:23:56.829Z,B35,Lexington,7eb7a049-5d17-4a23-bb2f-3b9c445afd32,SAMMS-LexingtonV5
202608252121597604,202608251925575052,202608251925573776,85,1164,Bronze INV,br_AdmissionAssessmentDimensionThree,TASK_COMPLETE,SUCCESS,INFO,347,347,0,,2026-08-25T19:26:03.177Z,2026-08-25T21:23:56.829Z,7073,2026-08-25T21:23:56.829Z,B35A,Berea,7eb7a049-5d17-4a23-bb2f-3b9c445afd32,SAMMS-BereaV5
202608252121597605,202608251925575053,202608251925573776,85,1165,Bronze INV,br_AdmissionAssessmentDimensionThree,TASK_COMPLETE,SUCCESS,INFO,609,609,0,,2026-08-25T19:26:03.177Z,2026-08-25T21:23:56.829Z,7073,2026-08-25T21:23:56.829Z,B36,Asheville,7eb7a049-5d17-4a23-bb2f-3b9c445afd32,SAMMS-AshevilleV5
202608252121597607,202608251925575054,202608251925573776,85,1166,Bronze INV,br_AdmissionAssessmentDimensionThree,TASK_COMPLETE,SUCCESS,INFO,451,451,0,,2026-08-25T19:26:03.177Z,2026-08-25T21:23:56.829Z,7073,2026-08-25T21:23:56.829Z,B37,Clyde,7eb7a049-5d17-4a23-bb2f-3b9c445afd32,SAMMS-ClydeV5
202608252121597608,202608251925575055,202608251925573776,85,1167,Bronze INV,br_AdmissionAssessmentDimensionThree,TASK_COMPLETE,SUCCESS,INFO,631,631,0,,2026-08-25T19:26:03.177Z,2026-08-25T21:23:56.829Z,7073,2026-08-25T21:23:56.829Z,B38,Spartanburg,7eb7a049-5d17-4a23-bb2f-3b9c445afd32,SAMMS-SpartanburgV5
202608252121597609,202608251925575056,202608251925573776,85,1168,Bronze INV,br_AdmissionAssessmentDimensionThree,TASK_COMPLETE,SUCCESS,INFO,482,482,0,,2026-08-25T19:26:03.177Z,2026-08-25T21:23:56.829Z,7073,2026-08-25T21:23:56.829Z,B39,Aiken,7eb7a049-5d17-4a23-bb2f-3b9c445afd32,SAMMS-AikenV5
202608252121597610,202608251925575057,202608251925573776,85,1169,Bronze INV,br_AdmissionAssessmentDimensionThree,TASK_COMPLETE,SUCCESS,INFO,295,295,0,,2026-08-25T19:26:03.177Z,2026-08-25T21:23:56.829Z,7073,2026-08-25T21:23:56.829Z,B41,Chesapeake,7eb7a049-5d17-4a23-bb2f-3b9c445afd32,SAMMS-ChesapeakeV5
202608252121597611,202608251925575058,202608251925573776,85,1170,Bronze INV,br_AdmissionAssessmentDimensionThree,TASK_COMPLETE,SUCCESS,INFO,533,533,0,,2026-08-25T19:26:03.177Z,2026-08-25T21:23:56.829Z,7073,2026-08-25T21:23:56.829Z,B42,Virginia Beach,7eb7a049-5d17-4a23-bb2f-3b9c445afd32,SAMMS-VirginiaBeachV5
202608252121597612,202608251925575059,202608251925573776,85,1171,Bronze INV,br_AdmissionAssessmentDimensionThree,TASK_COMPLETE,SUCCESS,INFO,165,165,0,,2026-08-25T19:26:03.177Z,2026-08-25T21:23:56.829Z,7073,2026-08-25T21:23:56.829Z,B42A,Newport News,7eb7a049-5d17-4a23-bb2f-3b9c445afd32,SAMMS-NewportNewsV5
202608252121597614,202608251925575060,202608251925573776,85,1172,Bronze INV,br_AdmissionAssessmentDimensionThree,TASK_COMPLETE,SUCCESS,INFO,58,58,0,,2026-08-25T19:26:03.177Z,2026-08-25T21:23:56.829Z,7073,2026-08-25T21:23:56.829Z,B42B,Franklin,7eb7a049-5d17-4a23-bb2f-3b9c445afd32,SAMMS-FranklinV5
202608252121597615,202608251925575061,202608251925573776,85,1173,Bronze INV,br_AdmissionAssessmentDimensionThree,TASK_COMPLETE,SUCCESS,INFO,337,337,0,,2026-08-25T19:26:03.177Z,2026-08-25T21:23:56.829Z,7073,2026-08-25T21:23:56.829Z,B42C,Glen Allen,7eb7a049-5d17-4a23-bb2f-3b9c445afd32,SAMMS-GlenAllenV5
202608252121597616,202608251925575062,202608251925573776,85,1174,Bronze INV,br_AdmissionAssessmentDimensionThree,TASK_COMPLETE,SUCCESS,INFO,175,175,0,,2026-08-25T19:26:03.177Z,2026-08-25T21:23:56.829Z,7073,2026-08-25T21:23:56.829Z,B42D,Chesapeake South,7eb7a049-5d17-4a23-bb2f-3b9c445afd32,SAMMS-ChesapeakeSouthV5
202608252121597617,202608251925575063,202608251925573776,85,1175,Bronze INV,br_AdmissionAssessmentDimensionThree,TASK_COMPLETE,SUCCESS,INFO,207,207,0,,2026-08-25T19:26:03.177Z,2026-08-25T21:23:56.829Z,7073,2026-08-25T21:23:56.829Z,B44,Albany,7eb7a049-5d17-4a23-bb2f-3b9c445afd32,SAMMS-AlbanyV5
202608252121597618,202608251925575064,202608251925573776,85,1176,Bronze INV,br_AdmissionAssessmentDimensionThree,TASK_COMPLETE,SUCCESS,INFO,305,305,0,,2026-08-25T19:26:03.177Z,2026-08-25T21:23:56.829Z,7073,2026-08-25T21:23:56.829Z,B45,Tifton,7eb7a049-5d17-4a23-bb2f-3b9c445afd32,SAMMS-TiftonV5
202608252121597619,202608251925575065,202608251925573776,85,1177,Bronze INV,br_AdmissionAssessmentDimensionThree,TASK_COMPLETE,SUCCESS,INFO,666,666,0,,2026-08-25T19:26:03.177Z,2026-08-25T21:23:56.829Z,7073,2026-08-25T21:23:56.829Z,B46,Washington DC,7eb7a049-5d17-4a23-bb2f-3b9c445afd32,SAMMS-WashingtonDCv5
202608252121597621,202608251925575066,202608251925573776,85,1178,Bronze INV,br_AdmissionAssessmentDimensionThree,TASK_COMPLETE,SUCCESS,INFO,356,356,0,,2026-08-25T19:26:03.177Z,2026-08-25T21:23:56.829Z,7073,2026-08-25T21:23:56.829Z,B47,Mobile,7eb7a049-5d17-4a23-bb2f-3b9c445afd32,SAMMS-MobileV5
202608252121597622,202608251925575067,202608251925573776,85,1179,Bronze INV,br_AdmissionAssessmentDimensionThree,TASK_COMPLETE,SUCCESS,INFO,448,448,0,,2026-08-25T19:26:03.177Z,2026-08-25T21:23:56.829Z,7073,2026-08-25T21:23:56.829Z,B48,Tuscaloosa,7eb7a049-5d17-4a23-bb2f-3b9c445afd32,SAMMS-TuscaloosaV5
202608252121597623,202608251925575068,202608251925573776,85,1188,Bronze INV,br_AdmissionAssessmentDimensionThree,TASK_COMPLETE,SUCCESS,INFO,310,310,0,,2026-08-25T19:26:03.177Z,2026-08-25T21:23:56.829Z,7073,2026-08-25T21:23:56.829Z,B51,N. Little Rock (OTP),7eb7a049-5d17-4a23-bb2f-3b9c445afd32,SAMMS-NorthLittleRockV6
202608252121597624,202608251925575069,202608251925573776,85,1189,Bronze INV,br_AdmissionAssessmentDimensionThree,TASK_COMPLETE,SUCCESS,INFO,156,156,0,,2026-08-25T19:26:03.177Z,2026-08-25T21:23:56.829Z,7073,2026-08-25T21:23:56.829Z,B52,Jackson GA,7eb7a049-5d17-4a23-bb2f-3b9c445afd32,SAMMS-JacksonGAV5
202608252121597625,202608251925575070,202608251925573776,85,1190,Bronze INV,br_AdmissionAssessmentDimensionThree,TASK_COMPLETE,SUCCESS,INFO,469,469,0,,2026-08-25T19:26:03.177Z,2026-08-25T21:23:56.829Z,7073,2026-08-25T21:23:56.829Z,B54,Gadsden,7eb7a049-5d17-4a23-bb2f-3b9c445afd32,SAMMS-GadsdenV5
202608252121597626,202608251925575071,202608251925573776,85,1191,Bronze INV,br_AdmissionAssessmentDimensionThree,TASK_COMPLETE,SUCCESS,INFO,483,483,0,,2026-08-25T19:26:03.177Z,2026-08-25T21:23:56.829Z,7073,2026-08-25T21:23:56.829Z,B55,Shoals,7eb7a049-5d17-4a23-bb2f-3b9c445afd32,SAMMS-ShoalsV5
202608252121597627,202608251925575072,202608251925573776,85,1192,Bronze INV,br_AdmissionAssessmentDimensionThree,TASK_COMPLETE,SUCCESS,INFO,179,179,0,,2026-08-25T19:26:03.177Z,2026-08-25T21:23:56.829Z,7073,2026-08-25T21:23:56.829Z,B57,Pawtucket,7eb7a049-5d17-4a23-bb2f-3b9c445afd32,SAMMS-Pawtucket
202608252121597629,202608251925575073,202608251925573776,85,1193,Bronze INV,br_AdmissionAssessmentDimensionThree,TASK_COMPLETE,SUCCESS,INFO,169,169,0,,2026-08-25T19:26:03.177Z,2026-08-25T21:23:56.829Z,7073,2026-08-25T21:23:56.829Z,B57A,Johnston,7eb7a049-5d17-4a23-bb2f-3b9c445afd32,SAMMS-Johnston
202608252121597630,202608251925575074,202608251925573776,85,1194,Bronze INV,br_AdmissionAssessmentDimensionThree,TASK_COMPLETE,SUCCESS,INFO,88,88,0,,2026-08-25T19:26:03.177Z,2026-08-25T21:23:56.829Z,7073,2026-08-25T21:23:56.829Z,B57B,Middletown,7eb7a049-5d17-4a23-bb2f-3b9c445afd32,SAMMS-Middletown
202608252121597631,202608251925575075,202608251925573776,85,1195,Bronze INV,br_AdmissionAssessmentDimensionThree,TASK_COMPLETE,SUCCESS,INFO,178,178,0,,2026-08-25T19:26:03.177Z,2026-08-25T21:23:56.829Z,7073,2026-08-25T21:23:56.829Z,B57C,Providence,7eb7a049-5d17-4a23-bb2f-3b9c445afd32,SAMMS-Providence
202608252121597632,202608251925575076,202608251925573776,85,1196,Bronze INV,br_AdmissionAssessmentDimensionThree,TASK_COMPLETE,SUCCESS,INFO,255,255,0,,2026-08-25T19:26:03.177Z,2026-08-25T21:23:56.829Z,7073,2026-08-25T21:23:56.829Z,B57D,Westerly,7eb7a049-5d17-4a23-bb2f-3b9c445afd32,SAMMS-Westerly
202608252121597633,202608251925575077,202608251925573776,85,1200,Bronze INV,br_AdmissionAssessmentDimensionThree,TASK_COMPLETE,SUCCESS,INFO,363,363,0,,2026-08-25T19:26:03.177Z,2026-08-25T21:23:56.829Z,7073,2026-08-25T21:23:56.829Z,B66A,Bremen,7eb7a049-5d17-4a23-bb2f-3b9c445afd32,SAMMS-Bremen
202608252121597634,202608251925575078,202608251925573776,85,1203,Bronze INV,br_AdmissionAssessmentDimensionThree,TASK_COMPLETE,SUCCESS,INFO,16,16,0,,2026-08-25T19:26:03.177Z,2026-08-25T21:23:56.829Z,7073,2026-08-25T21:23:56.829Z,B72,Mobile (OBOT),7eb7a049-5d17-4a23-bb2f-3b9c445afd32,SAMMS-Mobile-OBOT
202608252121597636,202608251925575079,202608251925573776,85,1204,Bronze INV,br_AdmissionAssessmentDimensionThree,TASK_COMPLETE,SUCCESS,INFO,2,2,0,,2026-08-25T19:26:03.177Z,2026-08-25T21:23:56.829Z,7073,2026-08-25T21:23:56.829Z,B73,Montgomery,7eb7a049-5d17-4a23-bb2f-3b9c445afd32,SAMMS-Montgomery
202608252121597637,202608251925575080,202608251925573776,85,1205,Bronze INV,br_AdmissionAssessmentDimensionThree,TASK_COMPLETE,SUCCESS,INFO,324,324,0,,2026-08-25T19:26:03.177Z,2026-08-25T21:23:56.829Z,7073,2026-08-25T21:23:56.829Z,B75,Lawrence,7eb7a049-5d17-4a23-bb2f-3b9c445afd32,SAMMS-LawrenceV6
202608252121597638,202608251925575081,202608251925573776,85,1206,Bronze INV,br_AdmissionAssessmentDimensionThree,TASK_COMPLETE,SUCCESS,INFO,50,50,0,,2026-08-25T19:26:03.177Z,2026-08-25T21:23:56.829Z,7073,2026-08-25T21:23:56.829Z,B76,Huntsville OBOT,7eb7a049-5d17-4a23-bb2f-3b9c445afd32,SAMMS-Huntsville-OBOT
202608252121597639,202608251925575082,202608251925573776,85,1207,Bronze INV,br_AdmissionAssessmentDimensionThree,TASK_COMPLETE,SUCCESS,INFO,299,299,0,,2026-08-25T19:26:03.177Z,2026-08-25T21:23:56.829Z,7073,2026-08-25T21:23:56.829Z,BAT,Batesville,7eb7a049-5d17-4a23-bb2f-3b9c445afd32,SAMMS-Batesville
202608252121597640,202608251925575083,202608251925573776,85,1208,Bronze INV,br_AdmissionAssessmentDimensionThree,TASK_COMPLETE,SUCCESS,INFO,240,240,0,,2026-08-25T19:26:03.177Z,2026-08-25T21:23:56.829Z,7073,2026-08-25T21:23:56.829Z,BG,Bowling Green,7eb7a049-5d17-4a23-bb2f-3b9c445afd32,SAMMS-BowlingGreen
202608252121597641,202608251925575084,202608251925573776,85,1209,Bronze INV,br_AdmissionAssessmentDimensionThree,TASK_COMPLETE,SUCCESS,INFO,219,219,0,,2026-08-25T19:26:03.177Z,2026-08-25T21:23:56.829Z,7073,2026-08-25T21:23:56.829Z,BOI,Boise,7eb7a049-5d17-4a23-bb2f-3b9c445afd32,SAMMS-Boise
202608252121597643,202608251925575085,202608251925573776,85,1216,Bronze INV,br_AdmissionAssessmentDimensionThree,TASK_COMPLETE,SUCCESS,INFO,284,284,0,,2026-08-25T19:26:03.177Z,2026-08-25T21:23:56.829Z,7073,2026-08-25T21:23:56.829Z,CBCO,Coeur dAlene,7eb7a049-5d17-4a23-bb2f-3b9c445afd32,SAMMS-CoeurdAleneV6
202608252121597644,202608251925575086,202608251925573776,85,1235,Bronze INV,br_AdmissionAssessmentDimensionThree,TASK_COMPLETE,SUCCESS,INFO,301,301,0,,2026-08-25T19:26:03.177Z,2026-08-25T21:23:56.829Z,7073,2026-08-25T21:23:56.829Z,CON,Conway,7eb7a049-5d17-4a23-bb2f-3b9c445afd32,SAMMS-Conway
202608252121597645,202608251925575087,202608251925573776,85,1236,Bronze INV,br_AdmissionAssessmentDimensionThree,TASK_COMPLETE,SUCCESS,INFO,1549,1549,0,,2026-08-25T19:26:03.177Z,2026-08-25T21:23:56.829Z,7073,2026-08-25T21:23:56.829Z,D07,Medical Services Knox TN,7eb7a049-5d17-4a23-bb2f-3b9c445afd32,SAMMS-KnoxvilleV6
202608252121597646,202608251925575088,202608251925573776,85,1237,Bronze INV,br_AdmissionAssessmentDimensionThree,TASK_COMPLETE,SUCCESS,INFO,964,964,0,,2026-08-25T19:26:03.177Z,2026-08-25T21:23:56.829Z,7073,2026-08-25T21:23:56.829Z,D08,Madison,7eb7a049-5d17-4a23-bb2f-3b9c445afd32,SAMMS-MadisonV6
202608252121597647,202608251925575089,202608251925573776,85,1239,Bronze INV,br_AdmissionAssessmentDimensionThree,TASK_COMPLETE,SUCCESS,INFO,939,939,0,,2026-08-25T19:26:03.177Z,2026-08-25T21:23:56.829Z,7073,2026-08-25T21:23:56.829Z,D09,Murfreesboro,7eb7a049-5d17-4a23-bb2f-3b9c445afd32,SAMMS-MurfreesboroV6
202608252121597648,202608251925575090,202608251925573776,85,1240,Bronze INV,br_AdmissionAssessmentDimensionThree,TASK_COMPLETE,SUCCESS,INFO,220,220,0,,2026-08-25T19:26:03.177Z,2026-08-25T21:23:56.829Z,7073,2026-08-25T21:23:56.829Z,DA,Davenport,7eb7a049-5d17-4a23-bb2f-3b9c445afd32,SAMMS-Davenport
202608252121597650,202608251925575091,202608251925573776,85,1241,Bronze INV,br_AdmissionAssessmentDimensionThree,TASK_COMPLETE,SUCCESS,INFO,352,352,0,,2026-08-25T19:26:03.177Z,2026-08-25T21:23:56.829Z,7073,2026-08-25T21:23:56.829Z,DM,Des Moines,7eb7a049-5d17-4a23-bb2f-3b9c445afd32,SAMMS-DesMoines
202608252121597651,202608251925575092,202608251925573776,85,1243,Bronze INV,br_AdmissionAssessmentDimensionThree,TASK_COMPLETE,SUCCESS,INFO,476,476,0,,2026-08-25T19:26:03.177Z,2026-08-25T21:23:56.829Z,7073,2026-08-25T21:23:56.829Z,DRD-CO,Columbia MO,7eb7a049-5d17-4a23-bb2f-3b9c445afd32,SAMMS-ColumbiaV5
202608252121597652,202608251925575093,202608251925573776,85,1244,Bronze INV,br_AdmissionAssessmentDimensionThree,TASK_COMPLETE,SUCCESS,INFO,593,593,0,,2026-08-25T19:26:03.177Z,2026-08-25T21:23:56.829Z,7073,2026-08-25T21:23:56.829Z,DRD-KC,KC,7eb7a049-5d17-4a23-bb2f-3b9c445afd32,SAMMS-KCv5
202608252121597653,202608251925575094,202608251925573776,85,1245,Bronze INV,br_AdmissionAssessmentDimensionThree,TASK_COMPLETE,SUCCESS,INFO,952,952,0,,2026-08-25T19:26:03.177Z,2026-08-25T21:23:56.829Z,7073,2026-08-25T21:23:56.829Z,DRD-KVB,KVB,7eb7a049-5d17-4a23-bb2f-3b9c445afd32,SAMMS-KVBv5
202608252121597654,202608251925575095,202608251925573776,85,1246,Bronze INV,br_AdmissionAssessmentDimensionThree,TASK_COMPLETE,SUCCESS,INFO,1574,1574,0,,2026-08-25T19:26:03.177Z,2026-08-25T21:23:56.829Z,7073,2026-08-25T21:23:56.829Z,DRD-KVC,KVC,7eb7a049-5d17-4a23-bb2f-3b9c445afd32,SAMMS-KVCv5
202608252121597655,202608251925575096,202608251925573776,85,1247,Bronze INV,br_AdmissionAssessmentDimensionThree,TASK_COMPLETE,SUCCESS,INFO,1257,1257,0,,2026-08-25T19:26:03.177Z,2026-08-25T21:23:56.829Z,7073,2026-08-25T21:23:56.829Z,DRD-NOLA,NOLA,7eb7a049-5d17-4a23-bb2f-3b9c445afd32,SAMMS-NOLAv5
202608252121597656,202608251925575097,202608251925573776,85,1248,Bronze INV,br_AdmissionAssessmentDimensionThree,TASK_COMPLETE,SUCCESS,INFO,741,741,0,,2026-08-25T19:26:03.177Z,2026-08-25T21:23:56.829Z,7073,2026-08-25T21:23:56.829Z,DRD-SF,Springfield,7eb7a049-5d17-4a23-bb2f-3b9c445afd32,SAMMS-SFv5
202608252121597658,202608251925575098,202608251925573776,85,1250,Bronze INV,br_AdmissionAssessmentDimensionThree,TASK_COMPLETE,SUCCESS,INFO,252,252,0,,2026-08-25T19:26:03.177Z,2026-08-25T21:23:56.829Z,7073,2026-08-25T21:23:56.829Z,ELC,Elizabeth City,7eb7a049-5d17-4a23-bb2f-3b9c445afd32,SAMMS-ElizabethCity
202608252121597659,202608251925575099,202608251925573776,85,1251,Bronze INV,br_AdmissionAssessmentDimensionThree,TASK_COMPLETE,SUCCESS,INFO,261,261,0,,2026-08-25T19:26:03.177Z,2026-08-25T21:23:56.829Z,7073,2026-08-25T21:23:56.829Z,ET,Elizabethtown,7eb7a049-5d17-4a23-bb2f-3b9c445afd32,SAMMS-Elizabethtown
202608252121597660,202608251925575100,202608251925573776,85,1252,Bronze INV,br_AdmissionAssessmentDimensionThree,TASK_COMPLETE,SUCCESS,INFO,230,230,0,,2026-08-25T19:26:03.177Z,2026-08-25T21:23:56.829Z,7073,2026-08-25T21:23:56.829Z,FAY,Fayetteville,7eb7a049-5d17-4a23-bb2f-3b9c445afd32,SAMMS-Fayetteville
202608252121597661,202608251925575101,202608251925573776,85,1253,Bronze INV,br_AdmissionAssessmentDimensionThree,TASK_COMPLETE,SUCCESS,INFO,182,182,0,,2026-08-25T19:26:03.177Z,2026-08-25T21:23:56.829Z,7073,2026-08-25T21:23:56.829Z,FR,Frankfort,7eb7a049-5d17-4a23-bb2f-3b9c445afd32,SAMMS-Frankfort
202608252121597662,202608251925575102,202608251925573776,85,1254,Bronze INV,br_AdmissionAssessmentDimensionThree,TASK_COMPLETE,SUCCESS,INFO,278,278,0,,2026-08-25T19:26:03.177Z,2026-08-25T21:23:56.829Z,7073,2026-08-25T21:23:56.829Z,FS,Fort Smith,7eb7a049-5d17-4a23-bb2f-3b9c445afd32,SAMMS-FortSmith
202608252121597663,202608251925575103,202608251925573776,85,1255,Bronze INV,br_AdmissionAssessmentDimensionThree,TASK_COMPLETE,SUCCESS,INFO,679,679,0,,2026-08-25T19:26:03.177Z,2026-08-25T21:23:56.829Z,7073,2026-08-25T21:23:56.829Z,FW,Fort Wayne,7eb7a049-5d17-4a23-bb2f-3b9c445afd32,SAMMS-FortWayne
202608252121597665,202608251925575104,202608251925573776,85,1256,Bronze INV,br_AdmissionAssessmentDimensionThree,TASK_COMPLETE,SUCCESS,INFO,103,103,0,,2026-08-25T19:26:03.177Z,2026-08-25T21:23:56.829Z,7073,2026-08-25T21:23:56.829Z,GAL,Gaylord,7eb7a049-5d17-4a23-bb2f-3b9c445afd32,SAMMS-Gaylord
202608252121597666,202608251925575105,202608251925573776,85,1260,Bronze INV,br_AdmissionAssessmentDimensionThree,TASK_COMPLETE,SUCCESS,INFO,619,619,0,,2026-08-25T19:26:03.177Z,2026-08-25T21:23:56.829Z,7073,2026-08-25T21:23:56.829Z,HGT,Hagerstown,7eb7a049-5d17-4a23-bb2f-3b9c445afd32,SAMMS-Hagerstown
202608252121597667,202608251925575106,202608251925573776,85,1261,Bronze INV,br_AdmissionAssessmentDimensionThree,TASK_COMPLETE,SUCCESS,INFO,473,473,0,,2026-08-25T19:26:03.177Z,2026-08-25T21:23:56.829Z,7073,2026-08-25T21:23:56.829Z,HNT,Huntsville,7eb7a049-5d17-4a23-bb2f-3b9c445afd32,SAMMS-Huntsville
202608252121597668,202608251925575107,202608251925573776,85,1262,Bronze INV,br_AdmissionAssessmentDimensionThree,TASK_COMPLETE,SUCCESS,INFO,307,307,0,,2026-08-25T19:26:03.177Z,2026-08-25T21:23:56.829Z,7073,2026-08-25T21:23:56.829Z,HS,Hot Springs,7eb7a049-5d17-4a23-bb2f-3b9c445afd32,SAMMS-HotSprings
202608252121597669,202608251925575108,202608251925573776,85,1263,Bronze INV,br_AdmissionAssessmentDimensionThree,TASK_COMPLETE,SUCCESS,INFO,267,267,0,,2026-08-25T19:26:03.177Z,2026-08-25T21:23:56.829Z,7073,2026-08-25T21:23:56.829Z,JON,Jonesboro,7eb7a049-5d17-4a23-bb2f-3b9c445afd32,SAMMS-Jonesboro
202608252121597670,202608251925575109,202608251925573776,85,1265,Bronze INV,br_AdmissionAssessmentDimensionThree,TASK_COMPLETE,SUCCESS,INFO,158,158,0,,2026-08-25T19:26:03.177Z,2026-08-25T21:23:56.829Z,7073,2026-08-25T21:23:56.829Z,LAN,Lansing,7eb7a049-5d17-4a23-bb2f-3b9c445afd32,SAMMS-Lansing
202608252121597672,202608251925575110,202608251925573776,85,1266,Bronze INV,br_AdmissionAssessmentDimensionThree,TASK_COMPLETE,SUCCESS,INFO,429,429,0,,2026-08-25T19:26:03.177Z,2026-08-25T21:23:56.829Z,7073,2026-08-25T21:23:56.829Z,LO,Louisville,7eb7a049-5d17-4a23-bb2f-3b9c445afd32,SAMMS-Louisville
202608252121597673,202608251925575111,202608251925573776,85,1267,Bronze INV,br_AdmissionAssessmentDimensionThree,TASK_COMPLETE,SUCCESS,INFO,1178,1178,0,,2026-08-25T19:26:03.177Z,2026-08-25T21:23:56.829Z,7073,2026-08-25T21:23:56.829Z,LV1,Cheyenne,7eb7a049-5d17-4a23-bb2f-3b9c445afd32,SAMMS-Cheyenne
202608252121597674,202608251925575112,202608251925573776,85,1268,Bronze INV,br_AdmissionAssessmentDimensionThree,TASK_COMPLETE,SUCCESS,INFO,938,938,0,,2026-08-25T19:26:03.177Z,2026-08-25T21:23:56.829Z,7073,2026-08-25T21:23:56.829Z,LV2,Desert Inn,7eb7a049-5d17-4a23-bb2f-3b9c445afd32,SAMMS-DesertInn
202608252121597675,202608251925575113,202608251925573776,85,1269,Bronze INV,br_AdmissionAssessmentDimensionThree,TASK_COMPLETE,SUCCESS,INFO,312,312,0,,2026-08-25T19:26:03.177Z,2026-08-25T21:23:56.829Z,7073,2026-08-25T21:23:56.829Z,LV3,McDaniel,7eb7a049-5d17-4a23-bb2f-3b9c445afd32,SAMMS-McDaniel
202608252121597676,202608251925575114,202608251925573776,85,1272,Bronze INV,br_AdmissionAssessmentDimensionThree,TASK_COMPLETE,SUCCESS,INFO,270,270,0,,2026-08-25T19:26:03.177Z,2026-08-25T21:23:56.829Z,7073,2026-08-25T21:23:56.829Z,MNRE,Monroe,7eb7a049-5d17-4a23-bb2f-3b9c445afd32,SAMMS-Monroe
202608252121597677,202608251925575115,202608251925573776,85,1273,Bronze INV,br_AdmissionAssessmentDimensionThree,TASK_COMPLETE,SUCCESS,INFO,124,124,0,,2026-08-25T19:26:03.177Z,2026-08-25T21:23:56.829Z,7073,2026-08-25T21:23:56.829Z,MP,Mt. Pleasant,7eb7a049-5d17-4a23-bb2f-3b9c445afd32,SAMMS-MtPleasant
202608252121597679,202608251925575116,202608251925573776,85,1274,Bronze INV,br_AdmissionAssessmentDimensionThree,TASK_COMPLETE,SUCCESS,INFO,171,171,0,,2026-08-25T19:26:03.177Z,2026-08-25T21:23:56.829Z,7073,2026-08-25T21:23:56.829Z,MRD,Meridian,7eb7a049-5d17-4a23-bb2f-3b9c445afd32,SAMMS-Meridian
202608252121597680,202608251925575117,202608251925573776,85,1279,Bronze INV,br_AdmissionAssessmentDimensionThree,TASK_COMPLETE,SUCCESS,INFO,635,635,0,,2026-08-25T19:26:03.177Z,2026-08-25T21:23:56.829Z,7073,2026-08-25T21:23:56.829Z,NC,North Charleston,7eb7a049-5d17-4a23-bb2f-3b9c445afd32,SAMMS-NorthCharleston
202608252121597681,202608251925575118,202608251925573776,85,1280,Bronze INV,br_AdmissionAssessmentDimensionThree,TASK_COMPLETE,SUCCESS,INFO,571,571,0,,2026-08-25T19:26:03.177Z,2026-08-25T21:23:56.829Z,7073,2026-08-25T21:23:56.829Z,NLR,N. Little Rock,7eb7a049-5d17-4a23-bb2f-3b9c445afd32,SAMMS-NLROBOT
202608252121597682,202608251925575119,202608251925573776,85,1281,Bronze INV,br_AdmissionAssessmentDimensionThree,TASK_COMPLETE,SUCCESS,INFO,235,235,0,,2026-08-25T19:26:03.177Z,2026-08-25T21:23:56.829Z,7073,2026-08-25T21:23:56.829Z,PH,Phoenix,7eb7a049-5d17-4a23-bb2f-3b9c445afd32,SAMMS-Phoenix
202608252121597683,202608251925575120,202608251925573776,85,1285,Bronze INV,br_AdmissionAssessmentDimensionThree,TASK_COMPLETE,SUCCESS,INFO,408,408,0,,2026-08-25T19:26:03.177Z,2026-08-25T21:23:56.829Z,7073,2026-08-25T21:23:56.829Z,RE,Reno,7eb7a049-5d17-4a23-bb2f-3b9c445afd32,SAMMS-Reno
202608252121597684,202608251925575121,202608251925573776,85,1286,Bronze INV,br_AdmissionAssessmentDimensionThree,TASK_COMPLETE,SUCCESS,INFO,389,389,0,,2026-08-25T19:26:03.177Z,2026-08-25T21:23:56.829Z,7073,2026-08-25T21:23:56.829Z,RMD,Richmond,7eb7a049-5d17-4a23-bb2f-3b9c445afd32,SAMMS-Richmond
202608252121597685,202608251925575122,202608251925573776,85,1287,Bronze INV,br_AdmissionAssessmentDimensionThree,TASK_COMPLETE,SUCCESS,INFO,487,487,0,,2026-08-25T19:26:03.177Z,2026-08-25T21:23:56.829Z,7073,2026-08-25T21:23:56.829Z,SFN,Springfield North,7eb7a049-5d17-4a23-bb2f-3b9c445afd32,SAMMS-SFNv5
202608252121597687,202608251925575123,202608251925573776,85,1288,Bronze INV,br_AdmissionAssessmentDimensionThree,TASK_COMPLETE,SUCCESS,INFO,449,449,0,,2026-08-25T19:26:03.177Z,2026-08-25T21:23:56.829Z,7073,2026-08-25T21:23:56.829Z,SHP,Shreveport,7eb7a049-5d17-4a23-bb2f-3b9c445afd32,SAMMS-Shreveport
202608252121597688,202608251925575124,202608251925573776,85,1290,Bronze INV,br_AdmissionAssessmentDimensionThree,TASK_COMPLETE,SUCCESS,INFO,81,81,0,,2026-08-25T19:26:03.177Z,2026-08-25T21:23:56.829Z,7073,2026-08-25T21:23:56.829Z,STN,Staunton,7eb7a049-5d17-4a23-bb2f-3b9c445afd32,SAMMS-Staunton
202608252121597689,202608251925575125,202608251925573776,85,1291,Bronze INV,br_AdmissionAssessmentDimensionThree,TASK_COMPLETE,SUCCESS,INFO,53,53,0,,2026-08-25T19:26:03.177Z,2026-08-25T21:23:56.829Z,7073,2026-08-25T21:23:56.829Z,STVN,Stevenson,7eb7a049-5d17-4a23-bb2f-3b9c445afd32,SAMMS-Stevenson
202608252121597690,202608251925575126,202608251925573776,85,1293,Bronze INV,br_AdmissionAssessmentDimensionThree,TASK_COMPLETE,SUCCESS,INFO,70,70,0,,2026-08-25T19:26:03.177Z,2026-08-25T21:23:56.829Z,7073,2026-08-25T21:23:56.829Z,TE,Tempe,7eb7a049-5d17-4a23-bb2f-3b9c445afd32,SAMMS-Tempe
202608252121597691,202608251925575127,202608251925573776,85,1294,Bronze INV,br_AdmissionAssessmentDimensionThree,TASK_COMPLETE,SUCCESS,INFO,367,367,0,,2026-08-25T19:26:03.177Z,2026-08-25T21:23:56.829Z,7073,2026-08-25T21:23:56.829Z,TEX,Texarkana,7eb7a049-5d17-4a23-bb2f-3b9c445afd32,SAMMS-Texarkana
202608252121597692,202608251925575128,202608251925573776,85,1295,Bronze INV,br_AdmissionAssessmentDimensionThree,TASK_COMPLETE,SUCCESS,INFO,425,425,0,,2026-08-25T19:26:03.177Z,2026-08-25T21:23:56.829Z,7073,2026-08-25T21:23:56.829Z,TTCA,Bessemer,7eb7a049-5d17-4a23-bb2f-3b9c445afd32,SAMMS-BessemerV5
202608252121597694,202608251925575129,202608251925573776,85,1296,Bronze INV,br_AdmissionAssessmentDimensionThree,TASK_COMPLETE,SUCCESS,INFO,550,550,0,,2026-08-25T19:26:03.177Z,2026-08-25T21:23:56.829Z,7073,2026-08-25T21:23:56.829Z,TTCB,Cullman,7eb7a049-5d17-4a23-bb2f-3b9c445afd32,SAMMS-CullmanV5
202608252121597695,202608251925575130,202608251925573776,85,1297,Bronze INV,br_AdmissionAssessmentDimensionThree,TASK_COMPLETE,SUCCESS,INFO,303,303,0,,2026-08-25T19:26:03.177Z,2026-08-25T21:23:56.829Z,7073,2026-08-25T21:23:56.829Z,TTCC,Grand Bay,7eb7a049-5d17-4a23-bb2f-3b9c445afd32,SAMMS-GrandBay
202608252121597696,202608251925575131,202608251925573776,85,1298,Bronze INV,br_AdmissionAssessmentDimensionThree,TASK_COMPLETE,SUCCESS,INFO,22,22,0,,2026-08-25T19:26:03.177Z,2026-08-25T21:23:56.829Z,7073,2026-08-25T21:23:56.829Z,TU,Tucson,7eb7a049-5d17-4a23-bb2f-3b9c445afd32,SAMMS-Tucson
202608252121597697,202608251925575132,202608251925573776,85,1300,Bronze INV,br_AdmissionAssessmentDimensionThree,TASK_COMPLETE,SUCCESS,INFO,251,251,0,,2026-08-25T19:26:03.177Z,2026-08-25T21:23:56.829Z,7073,2026-08-25T21:23:56.829Z,V1,Memphis South,7eb7a049-5d17-4a23-bb2f-3b9c445afd32,SAMMS-VCPHCS-I-MemphisV5
202608252121597698,202608251925575133,202608251925573776,85,1301,Bronze INV,br_AdmissionAssessmentDimensionThree,TASK_COMPLETE,SUCCESS,INFO,691,691,0,,2026-08-25T19:26:03.177Z,2026-08-25T21:23:56.829Z,7073,2026-08-25T21:23:56.829Z,V10,Longmont,7eb7a049-5d17-4a23-bb2f-3b9c445afd32,SAMMS-BoulderV5
202608252121597699,202608251925575134,202608251925573776,85,1302,Bronze INV,br_AdmissionAssessmentDimensionThree,TASK_COMPLETE,SUCCESS,INFO,1193,1193,0,,2026-08-25T19:26:03.177Z,2026-08-25T21:23:56.829Z,7073,2026-08-25T21:23:56.829Z,V10A,Fort Collins,7eb7a049-5d17-4a23-bb2f-3b9c445afd32,SAMMS-FortCollinsV5
202608252121597701,202608251925575135,202608251925573776,85,1303,Bronze INV,br_AdmissionAssessmentDimensionThree,TASK_COMPLETE,SUCCESS,INFO,990,990,0,,2026-08-25T19:26:03.177Z,2026-08-25T21:23:56.829Z,7073,2026-08-25T21:23:56.829Z,V11,Westminster,7eb7a049-5d17-4a23-bb2f-3b9c445afd32,SAMMS-VCPHCS-XI-NorthDenverV5
202608252121597702,202608251925575136,202608251925573776,85,1304,Bronze INV,br_AdmissionAssessmentDimensionThree,TASK_COMPLETE,SUCCESS,INFO,1061,1061,0,,2026-08-25T19:26:03.177Z,2026-08-25T21:23:56.829Z,7073,2026-08-25T21:23:56.829Z,V12,Downtown Denver,7eb7a049-5d17-4a23-bb2f-3b9c445afd32,SAMMS-VCPHCS-XII-DowntownDenverV5
202608252121597703,202608251925575137,202608251925573776,85,1305,Bronze INV,br_AdmissionAssessmentDimensionThree,TASK_COMPLETE,SUCCESS,INFO,474,474,0,,2026-08-25T19:26:03.177Z,2026-08-25T21:23:56.829Z,7073,2026-08-25T21:23:56.829Z,V12A,Centennial,7eb7a049-5d17-4a23-bb2f-3b9c445afd32,SAMMS-CentennialV5
202608252121597704,202608251925575138,202608251925573776,85,1306,Bronze INV,br_AdmissionAssessmentDimensionThree,TASK_COMPLETE,SUCCESS,INFO,292,292,0,,2026-08-25T19:26:03.177Z,2026-08-25T21:23:56.829Z,7073,2026-08-25T21:23:56.829Z,V14,Overland Park,7eb7a049-5d17-4a23-bb2f-3b9c445afd32,SAMMS-VCPHCS-XIV-BridgewayV5
202608252121597705,202608251925575139,202608251925573776,85,1307,Bronze INV,br_AdmissionAssessmentDimensionThree,TASK_COMPLETE,SUCCESS,INFO,569,569,0,,2026-08-25T19:26:03.177Z,2026-08-25T21:23:56.829Z,7073,2026-08-25T21:23:56.829Z,V15,Joplin,7eb7a049-5d17-4a23-bb2f-3b9c445afd32,SAMMS-JoplinV5
202608252121597706,202608251925575140,202608251925573776,85,1309,Bronze INV,br_AdmissionAssessmentDimensionThree,TASK_COMPLETE,SUCCESS,INFO,470,470,0,,2026-08-25T19:26:03.177Z,2026-08-25T21:23:56.829Z,7073,2026-08-25T21:23:56.829Z,V17,Columbia TN,7eb7a049-5d17-4a23-bb2f-3b9c445afd32,SAMMS-ColumbiaTNv5
202608252121597707,202608251925575141,202608251925573776,85,1311,Bronze INV,br_AdmissionAssessmentDimensionThree,TASK_COMPLETE,SUCCESS,INFO,414,414,0,,2026-08-25T19:26:03.177Z,2026-08-25T21:23:56.829Z,7073,2026-08-25T21:23:56.829Z,V19,Jackson,7eb7a049-5d17-4a23-bb2f-3b9c445afd32,SAMMS-JacksonV5
202608252121597709,202608251925575142,202608251925573776,85,1313,Bronze INV,br_AdmissionAssessmentDimensionThree,TASK_COMPLETE,SUCCESS,INFO,487,487,0,,2026-08-25T19:26:03.177Z,2026-08-25T21:23:56.829Z,7073,2026-08-25T21:23:56.829Z,V20,Paris,7eb7a049-5d17-4a23-bb2f-3b9c445afd32,SAMMS-ParisV5
202608252121597710,202608251925575143,202608251925573776,85,1314,Bronze INV,br_AdmissionAssessmentDimensionThree,TASK_COMPLETE,SUCCESS,INFO,353,353,0,,2026-08-25T19:26:03.177Z,2026-08-25T21:23:56.829Z,7073,2026-08-25T21:23:56.829Z,V21,Memphis North,7eb7a049-5d17-4a23-bb2f-3b9c445afd32,SAMMS-RaleighV5
202608252121597711,202608251925575144,202608251925573776,85,1317,Bronze INV,br_AdmissionAssessmentDimensionThree,TASK_COMPLETE,SUCCESS,INFO,705,705,0,,2026-08-25T19:26:03.177Z,2026-08-25T21:23:56.829Z,7073,2026-08-25T21:23:56.829Z,V5,West Bank,7eb7a049-5d17-4a23-bb2f-3b9c445afd32,SAMMS-NONTCv5
202608252121597712,202608251925575145,202608251925573776,85,1319,Bronze INV,br_AdmissionAssessmentDimensionThree,TASK_COMPLETE,SUCCESS,INFO,254,254,0,,2026-08-25T19:26:03.177Z,2026-08-25T21:23:56.829Z,7073,2026-08-25T21:23:56.829Z,V5B,Houma,7eb7a049-5d17-4a23-bb2f-3b9c445afd32,SAMMS-HoumaV6
202608252121597713,202608251925575146,202608251925573776,85,1320,Bronze INV,br_AdmissionAssessmentDimensionThree,TASK_COMPLETE,SUCCESS,INFO,958,958,0,,2026-08-25T19:26:03.177Z,2026-08-25T21:23:56.829Z,7073,2026-08-25T21:23:56.829Z,V6,Lake Charles,7eb7a049-5d17-4a23-bb2f-3b9c445afd32,SAMMS-LCv5
202608252121597714,202608251925575147,202608251925573776,85,1322,Bronze INV,br_AdmissionAssessmentDimensionThree,TASK_COMPLETE,SUCCESS,INFO,564,564,0,,2026-08-25T19:26:03.177Z,2026-08-25T21:23:56.829Z,7073,2026-08-25T21:23:56.829Z,V8,Memphis Midtown,7eb7a049-5d17-4a23-bb2f-3b9c445afd32,SAMMS-VCPHCS-VIII-MemphisV5
202608262209457180,202608261955300000,202608261955298282,85,1140,Bronze INV,br_AdmissionAssessmentDimensionSix,TASK_COMPLETE,SUCCESS,INFO,329,329,0,,2026-08-26T19:55:35.047Z,2026-08-26T22:11:39.517Z,8164,2026-08-26T22:11:39.517Z,VBRA,Brainerd,20846baf-2fe5-403c-85d4-31520e88a3ce,SAMMS-BrainerdV6
202608262209457181,202608261955300001,202608261955298282,85,1141,Bronze INV,br_AdmissionAssessmentDimensionSix,TASK_COMPLETE,SUCCESS,INFO,585,585,0,,2026-08-26T19:55:35.047Z,2026-08-26T22:11:39.517Z,8164,2026-08-26T22:11:39.517Z,VBRP,Brooklyn Park,20846baf-2fe5-403c-85d4-31520e88a3ce,SAMMS-BrooklynParkV6
202608262209457182,202608261955300002,202608261955298282,85,1143,Bronze INV,br_AdmissionAssessmentDimensionSix,TASK_COMPLETE,SUCCESS,INFO,567,567,0,,2026-08-26T19:55:35.047Z,2026-08-26T22:11:39.517Z,8164,2026-08-26T22:11:39.517Z,VMIN,Minneapolis,20846baf-2fe5-403c-85d4-31520e88a3ce,SAMMS-MinneapolisV6
202608262209457184,202608261955300003,202608261955298282,85,1144,Bronze INV,br_AdmissionAssessmentDimensionSix,TASK_COMPLETE,SUCCESS,INFO,1062,1062,0,,2026-08-26T19:55:35.047Z,2026-08-26T22:11:39.517Z,8164,2026-08-26T22:11:39.517Z,VWBY,Woodbury,20846baf-2fe5-403c-85d4-31520e88a3ce,SAMMS-WoodburyV6
202608262209457185,202608261955300004,202608261955298282,85,1146,Bronze INV,br_AdmissionAssessmentDimensionSix,TASK_COMPLETE,SUCCESS,INFO,426,426,0,,2026-08-26T19:55:35.047Z,2026-08-26T22:11:39.517Z,8164,2026-08-26T22:11:39.517Z,WIL,Wilson,20846baf-2fe5-403c-85d4-31520e88a3ce,SAMMS-Wilson
202608262209457286,202608261955398289,202608261955398282,86,5726,Silver INV,sl_AdmissionAssessmentDimensionSix,TASK_COMPLETE,SUCCESS,INFO,50721,50721,0,,2026-08-26T19:55:35.047Z,2026-08-26T22:11:39.517Z,8164,2026-08-26T22:11:39.517Z,,,20846baf-2fe5-403c-85d4-31520e88a3ce,
202608262209457203,202608261955299545,202608261955298282,85,1150,Bronze INV,br_AdmissionAssessmentDimensionThree,TASK_COMPLETE,SUCCESS,INFO,97,97,0,,2026-08-26T19:55:35.047Z,2026-08-26T22:11:39.517Z,8164,2026-08-26T22:11:39.517Z,AHK,Ahoskie,20846baf-2fe5-403c-85d4-31520e88a3ce,SAMMS-Ahoskie
202608262209457204,202608261955299546,202608261955298282,85,1151,Bronze INV,br_AdmissionAssessmentDimensionThree,TASK_COMPLETE,SUCCESS,INFO,786,786,0,,2026-08-26T19:55:35.047Z,2026-08-26T22:11:39.517Z,8164,2026-08-26T22:11:39.517Z,B12B,Colorado Springs,20846baf-2fe5-403c-85d4-31520e88a3ce,SAMMS-ColoradoSpringsV5
202608262209457205,202608261955299547,202608261955298282,85,1152,Bronze INV,br_AdmissionAssessmentDimensionThree,TASK_COMPLETE,SUCCESS,INFO,413,413,0,,2026-08-26T19:55:35.047Z,2026-08-26T22:11:39.517Z,8164,2026-08-26T22:11:39.517Z,B24,Paintsville,20846baf-2fe5-403c-85d4-31520e88a3ce,SAMMS-PaintsvilleV5
202608262209457207,202608261955299548,202608261955298282,85,1153,Bronze INV,br_AdmissionAssessmentDimensionThree,TASK_COMPLETE,SUCCESS,INFO,173,173,0,,2026-08-26T19:55:35.047Z,2026-08-26T22:11:39.517Z,8164,2026-08-26T22:11:39.517Z,B25,Pikeville,20846baf-2fe5-403c-85d4-31520e88a3ce,SAMMS-PikevilleV5
202608262209457208,202608261955299549,202608261955298282,85,1154,Bronze INV,br_AdmissionAssessmentDimensionThree,TASK_COMPLETE,SUCCESS,INFO,494,494,0,,2026-08-26T19:55:35.047Z,2026-08-26T22:11:39.517Z,8164,2026-08-26T22:11:39.517Z,B26,Hazard,20846baf-2fe5-403c-85d4-31520e88a3ce,SAMMS-HazardV5
202608262209457209,202608261955299550,202608261955298282,85,1155,Bronze INV,br_AdmissionAssessmentDimensionThree,TASK_COMPLETE,SUCCESS,INFO,189,189,0,,2026-08-26T19:55:35.047Z,2026-08-26T22:11:39.517Z,8164,2026-08-26T22:11:39.517Z,B27,Savannah,20846baf-2fe5-403c-85d4-31520e88a3ce,SAMMS-SavannahV6
202608262209457210,202608261955299551,202608261955298282,85,1156,Bronze INV,br_AdmissionAssessmentDimensionThree,TASK_COMPLETE,SUCCESS,INFO,234,234,0,,2026-08-26T19:55:35.047Z,2026-08-26T22:11:39.517Z,8164,2026-08-26T22:11:39.517Z,B28,West Plains,20846baf-2fe5-403c-85d4-31520e88a3ce,SAMMS-WestPlainesV5
202608262209457211,202608261955299552,202608261955298282,85,1157,Bronze INV,br_AdmissionAssessmentDimensionThree,TASK_COMPLETE,SUCCESS,INFO,260,260,0,,2026-08-26T19:55:35.047Z,2026-08-26T22:11:39.517Z,8164,2026-08-26T22:11:39.517Z,B29,Poplar Bluff,20846baf-2fe5-403c-85d4-31520e88a3ce,SAMMS-PoplarBluffV5
202608262209457212,202608261955299553,202608261955298282,85,1158,Bronze INV,br_AdmissionAssessmentDimensionThree,TASK_COMPLETE,SUCCESS,INFO,142,142,0,,2026-08-26T19:55:35.047Z,2026-08-26T22:11:39.517Z,8164,2026-08-26T22:11:39.517Z,B30,KC North,20846baf-2fe5-403c-85d4-31520e88a3ce,SAMMS-KCNv5
202608262209457213,202608261955299554,202608261955298282,85,1159,Bronze INV,br_AdmissionAssessmentDimensionThree,TASK_COMPLETE,SUCCESS,INFO,342,342,0,,2026-08-26T19:55:35.047Z,2026-08-26T22:11:39.517Z,8164,2026-08-26T22:11:39.517Z,B31,Dyersburg,20846baf-2fe5-403c-85d4-31520e88a3ce,SAMMS-DyersburgV5
202608262209457214,202608261955299555,202608261955298282,85,1161,Bronze INV,br_AdmissionAssessmentDimensionThree,TASK_COMPLETE,SUCCESS,INFO,213,213,0,,2026-08-26T19:55:35.047Z,2026-08-26T22:11:39.517Z,8164,2026-08-26T22:11:39.517Z,B33,Paducah,20846baf-2fe5-403c-85d4-31520e88a3ce,SAMMS-Paducah
202608262209457216,202608261955299556,202608261955298282,85,1162,Bronze INV,br_AdmissionAssessmentDimensionThree,TASK_COMPLETE,SUCCESS,INFO,446,446,0,,2026-08-26T19:55:35.047Z,2026-08-26T22:11:39.517Z,8164,2026-08-26T22:11:39.517Z,B34,Corbin,20846baf-2fe5-403c-85d4-31520e88a3ce,SAMMS-CorbinV5
202608262209457217,202608261955299557,202608261955298282,85,1163,Bronze INV,br_AdmissionAssessmentDimensionThree,TASK_COMPLETE,SUCCESS,INFO,718,718,0,,2026-08-26T19:55:35.047Z,2026-08-26T22:11:39.517Z,8164,2026-08-26T22:11:39.517Z,B35,Lexington,20846baf-2fe5-403c-85d4-31520e88a3ce,SAMMS-LexingtonV5
202608262209457218,202608261955299558,202608261955298282,85,1164,Bronze INV,br_AdmissionAssessmentDimensionThree,TASK_COMPLETE,SUCCESS,INFO,347,347,0,,2026-08-26T19:55:35.047Z,2026-08-26T22:11:39.517Z,8164,2026-08-26T22:11:39.517Z,B35A,Berea,20846baf-2fe5-403c-85d4-31520e88a3ce,SAMMS-BereaV5
202608262209457219,202608261955299559,202608261955298282,85,1165,Bronze INV,br_AdmissionAssessmentDimensionThree,TASK_COMPLETE,SUCCESS,INFO,609,609,0,,2026-08-26T19:55:35.047Z,2026-08-26T22:11:39.517Z,8164,2026-08-26T22:11:39.517Z,B36,Asheville,20846baf-2fe5-403c-85d4-31520e88a3ce,SAMMS-AshevilleV5
202608262209457220,202608261955299560,202608261955298282,85,1166,Bronze INV,br_AdmissionAssessmentDimensionThree,TASK_COMPLETE,SUCCESS,INFO,452,452,0,,2026-08-26T19:55:35.047Z,2026-08-26T22:11:39.517Z,8164,2026-08-26T22:11:39.517Z,B37,Clyde,20846baf-2fe5-403c-85d4-31520e88a3ce,SAMMS-ClydeV5
202608262209457221,202608261955299561,202608261955298282,85,1167,Bronze INV,br_AdmissionAssessmentDimensionThree,TASK_COMPLETE,SUCCESS,INFO,632,632,0,,2026-08-26T19:55:35.047Z,2026-08-26T22:11:39.517Z,8164,2026-08-26T22:11:39.517Z,B38,Spartanburg,20846baf-2fe5-403c-85d4-31520e88a3ce,SAMMS-SpartanburgV5
202608262209457222,202608261955299562,202608261955298282,85,1168,Bronze INV,br_AdmissionAssessmentDimensionThree,TASK_COMPLETE,SUCCESS,INFO,485,485,0,,2026-08-26T19:55:35.047Z,2026-08-26T22:11:39.517Z,8164,2026-08-26T22:11:39.517Z,B39,Aiken,20846baf-2fe5-403c-85d4-31520e88a3ce,SAMMS-AikenV5
202608262209457223,202608261955299563,202608261955298282,85,1169,Bronze INV,br_AdmissionAssessmentDimensionThree,TASK_COMPLETE,SUCCESS,INFO,295,295,0,,2026-08-26T19:55:35.047Z,2026-08-26T22:11:39.517Z,8164,2026-08-26T22:11:39.517Z,B41,Chesapeake,20846baf-2fe5-403c-85d4-31520e88a3ce,SAMMS-ChesapeakeV5
202608262209457224,202608261955299564,202608261955298282,85,1170,Bronze INV,br_AdmissionAssessmentDimensionThree,TASK_COMPLETE,SUCCESS,INFO,533,533,0,,2026-08-26T19:55:35.047Z,2026-08-26T22:11:39.517Z,8164,2026-08-26T22:11:39.517Z,B42,Virginia Beach,20846baf-2fe5-403c-85d4-31520e88a3ce,SAMMS-VirginiaBeachV5
202608262209457225,202608261955299565,202608261955298282,85,1171,Bronze INV,br_AdmissionAssessmentDimensionThree,TASK_COMPLETE,SUCCESS,INFO,165,165,0,,2026-08-26T19:55:35.047Z,2026-08-26T22:11:39.517Z,8164,2026-08-26T22:11:39.517Z,B42A,Newport News,20846baf-2fe5-403c-85d4-31520e88a3ce,SAMMS-NewportNewsV5
202608262209457227,202608261955299566,202608261955298282,85,1172,Bronze INV,br_AdmissionAssessmentDimensionThree,TASK_COMPLETE,SUCCESS,INFO,58,58,0,,2026-08-26T19:55:35.047Z,2026-08-26T22:11:39.517Z,8164,2026-08-26T22:11:39.517Z,B42B,Franklin,20846baf-2fe5-403c-85d4-31520e88a3ce,SAMMS-FranklinV5
202608262209457228,202608261955299567,202608261955298282,85,1173,Bronze INV,br_AdmissionAssessmentDimensionThree,TASK_COMPLETE,SUCCESS,INFO,337,337,0,,2026-08-26T19:55:35.047Z,2026-08-26T22:11:39.517Z,8164,2026-08-26T22:11:39.517Z,B42C,Glen Allen,20846baf-2fe5-403c-85d4-31520e88a3ce,SAMMS-GlenAllenV5
202608262209457229,202608261955299568,202608261955298282,85,1174,Bronze INV,br_AdmissionAssessmentDimensionThree,TASK_COMPLETE,SUCCESS,INFO,175,175,0,,2026-08-26T19:55:35.047Z,2026-08-26T22:11:39.517Z,8164,2026-08-26T22:11:39.517Z,B42D,Chesapeake South,20846baf-2fe5-403c-85d4-31520e88a3ce,SAMMS-ChesapeakeSouthV5
202608262209457230,202608261955299569,202608261955298282,85,1175,Bronze INV,br_AdmissionAssessmentDimensionThree,TASK_COMPLETE,SUCCESS,INFO,208,208,0,,2026-08-26T19:55:35.047Z,2026-08-26T22:11:39.517Z,8164,2026-08-26T22:11:39.517Z,B44,Albany,20846baf-2fe5-403c-85d4-31520e88a3ce,SAMMS-AlbanyV5
202608262209457231,202608261955299570,202608261955298282,85,1176,Bronze INV,br_AdmissionAssessmentDimensionThree,TASK_COMPLETE,SUCCESS,INFO,305,305,0,,2026-08-26T19:55:35.047Z,2026-08-26T22:11:39.517Z,8164,2026-08-26T22:11:39.517Z,B45,Tifton,20846baf-2fe5-403c-85d4-31520e88a3ce,SAMMS-TiftonV5
202608262209457232,202608261955299571,202608261955298282,85,1177,Bronze INV,br_AdmissionAssessmentDimensionThree,TASK_COMPLETE,SUCCESS,INFO,668,668,0,,2026-08-26T19:55:35.047Z,2026-08-26T22:11:39.517Z,8164,2026-08-26T22:11:39.517Z,B46,Washington DC,20846baf-2fe5-403c-85d4-31520e88a3ce,SAMMS-WashingtonDCv5
202608262209457233,202608261955299572,202608261955298282,85,1178,Bronze INV,br_AdmissionAssessmentDimensionThree,TASK_COMPLETE,SUCCESS,INFO,358,358,0,,2026-08-26T19:55:35.047Z,2026-08-26T22:11:39.517Z,8164,2026-08-26T22:11:39.517Z,B47,Mobile,20846baf-2fe5-403c-85d4-31520e88a3ce,SAMMS-MobileV5
202608262209457234,202608261955299573,202608261955298282,85,1179,Bronze INV,br_AdmissionAssessmentDimensionThree,TASK_COMPLETE,SUCCESS,INFO,448,448,0,,2026-08-26T19:55:35.047Z,2026-08-26T22:11:39.517Z,8164,2026-08-26T22:11:39.517Z,B48,Tuscaloosa,20846baf-2fe5-403c-85d4-31520e88a3ce,SAMMS-TuscaloosaV5
202608262209457235,202608261955299574,202608261955298282,85,1188,Bronze INV,br_AdmissionAssessmentDimensionThree,TASK_COMPLETE,SUCCESS,INFO,311,311,0,,2026-08-26T19:55:35.047Z,2026-08-26T22:11:39.517Z,8164,2026-08-26T22:11:39.517Z,B51,N. Little Rock (OTP),20846baf-2fe5-403c-85d4-31520e88a3ce,SAMMS-NorthLittleRockV6
202608262209457237,202608261955299575,202608261955298282,85,1189,Bronze INV,br_AdmissionAssessmentDimensionThree,TASK_COMPLETE,SUCCESS,INFO,156,156,0,,2026-08-26T19:55:35.047Z,2026-08-26T22:11:39.517Z,8164,2026-08-26T22:11:39.517Z,B52,Jackson GA,20846baf-2fe5-403c-85d4-31520e88a3ce,SAMMS-JacksonGAV5
202608262209457238,202608261955299576,202608261955298282,85,1190,Bronze INV,br_AdmissionAssessmentDimensionThree,TASK_COMPLETE,SUCCESS,INFO,470,470,0,,2026-08-26T19:55:35.047Z,2026-08-26T22:11:39.517Z,8164,2026-08-26T22:11:39.517Z,B54,Gadsden,20846baf-2fe5-403c-85d4-31520e88a3ce,SAMMS-GadsdenV5
202608262209457239,202608261955299577,202608261955298282,85,1191,Bronze INV,br_AdmissionAssessmentDimensionThree,TASK_COMPLETE,SUCCESS,INFO,484,484,0,,2026-08-26T19:55:35.047Z,2026-08-26T22:11:39.517Z,8164,2026-08-26T22:11:39.517Z,B55,Shoals,20846baf-2fe5-403c-85d4-31520e88a3ce,SAMMS-ShoalsV5
202608262209457240,202608261955299578,202608261955298282,85,1192,Bronze INV,br_AdmissionAssessmentDimensionThree,TASK_COMPLETE,SUCCESS,INFO,179,179,0,,2026-08-26T19:55:35.047Z,2026-08-26T22:11:39.517Z,8164,2026-08-26T22:11:39.517Z,B57,Pawtucket,20846baf-2fe5-403c-85d4-31520e88a3ce,SAMMS-Pawtucket
202608262209457241,202608261955299579,202608261955298282,85,1193,Bronze INV,br_AdmissionAssessmentDimensionThree,TASK_COMPLETE,SUCCESS,INFO,169,169,0,,2026-08-26T19:55:35.047Z,2026-08-26T22:11:39.517Z,8164,2026-08-26T22:11:39.517Z,B57A,Johnston,20846baf-2fe5-403c-85d4-31520e88a3ce,SAMMS-Johnston
202608262209457242,202608261955299580,202608261955298282,85,1194,Bronze INV,br_AdmissionAssessmentDimensionThree,TASK_COMPLETE,SUCCESS,INFO,88,88,0,,2026-08-26T19:55:35.047Z,2026-08-26T22:11:39.517Z,8164,2026-08-26T22:11:39.517Z,B57B,Middletown,20846baf-2fe5-403c-85d4-31520e88a3ce,SAMMS-Middletown
202608262209457243,202608261955299581,202608261955298282,85,1195,Bronze INV,br_AdmissionAssessmentDimensionThree,TASK_COMPLETE,SUCCESS,INFO,178,178,0,,2026-08-26T19:55:35.047Z,2026-08-26T22:11:39.517Z,8164,2026-08-26T22:11:39.517Z,B57C,Providence,20846baf-2fe5-403c-85d4-31520e88a3ce,SAMMS-Providence
202608262209457244,202608261955299582,202608261955298282,85,1196,Bronze INV,br_AdmissionAssessmentDimensionThree,TASK_COMPLETE,SUCCESS,INFO,255,255,0,,2026-08-26T19:55:35.047Z,2026-08-26T22:11:39.517Z,8164,2026-08-26T22:11:39.517Z,B57D,Westerly,20846baf-2fe5-403c-85d4-31520e88a3ce,SAMMS-Westerly
202608262209457245,202608261955299583,202608261955298282,85,1200,Bronze INV,br_AdmissionAssessmentDimensionThree,TASK_COMPLETE,SUCCESS,INFO,364,364,0,,2026-08-26T19:55:35.047Z,2026-08-26T22:11:39.517Z,8164,2026-08-26T22:11:39.517Z,B66A,Bremen,20846baf-2fe5-403c-85d4-31520e88a3ce,SAMMS-Bremen
202608262209457246,202608261955299584,202608261955298282,85,1203,Bronze INV,br_AdmissionAssessmentDimensionThree,TASK_COMPLETE,SUCCESS,INFO,16,16,0,,2026-08-26T19:55:35.047Z,2026-08-26T22:11:39.517Z,8164,2026-08-26T22:11:39.517Z,B72,Mobile (OBOT),20846baf-2fe5-403c-85d4-31520e88a3ce,SAMMS-Mobile-OBOT
202608262209457248,202608261955299585,202608261955298282,85,1204,Bronze INV,br_AdmissionAssessmentDimensionThree,TASK_COMPLETE,SUCCESS,INFO,2,2,0,,2026-08-26T19:55:35.047Z,2026-08-26T22:11:39.517Z,8164,2026-08-26T22:11:39.517Z,B73,Montgomery,20846baf-2fe5-403c-85d4-31520e88a3ce,SAMMS-Montgomery
202608262209457249,202608261955299586,202608261955298282,85,1205,Bronze INV,br_AdmissionAssessmentDimensionThree,TASK_COMPLETE,SUCCESS,INFO,324,324,0,,2026-08-26T19:55:35.047Z,2026-08-26T22:11:39.517Z,8164,2026-08-26T22:11:39.517Z,B75,Lawrence,20846baf-2fe5-403c-85d4-31520e88a3ce,SAMMS-LawrenceV6
202608262209457250,202608261955299587,202608261955298282,85,1206,Bronze INV,br_AdmissionAssessmentDimensionThree,TASK_COMPLETE,SUCCESS,INFO,50,50,0,,2026-08-26T19:55:35.047Z,2026-08-26T22:11:39.517Z,8164,2026-08-26T22:11:39.517Z,B76,Huntsville OBOT,20846baf-2fe5-403c-85d4-31520e88a3ce,SAMMS-Huntsville-OBOT
202608262209457251,202608261955299588,202608261955298282,85,1207,Bronze INV,br_AdmissionAssessmentDimensionThree,TASK_COMPLETE,SUCCESS,INFO,300,300,0,,2026-08-26T19:55:35.047Z,2026-08-26T22:11:39.517Z,8164,2026-08-26T22:11:39.517Z,BAT,Batesville,20846baf-2fe5-403c-85d4-31520e88a3ce,SAMMS-Batesville
202608262209457252,202608261955299589,202608261955298282,85,1208,Bronze INV,br_AdmissionAssessmentDimensionThree,TASK_COMPLETE,SUCCESS,INFO,240,240,0,,2026-08-26T19:55:35.047Z,2026-08-26T22:11:39.517Z,8164,2026-08-26T22:11:39.517Z,BG,Bowling Green,20846baf-2fe5-403c-85d4-31520e88a3ce,SAMMS-BowlingGreen
202608262209457253,202608261955299590,202608261955298282,85,1209,Bronze INV,br_AdmissionAssessmentDimensionThree,TASK_COMPLETE,SUCCESS,INFO,220,220,0,,2026-08-26T19:55:35.047Z,2026-08-26T22:11:39.517Z,8164,2026-08-26T22:11:39.517Z,BOI,Boise,20846baf-2fe5-403c-85d4-31520e88a3ce,SAMMS-Boise
202608262209457254,202608261955299591,202608261955298282,85,1216,Bronze INV,br_AdmissionAssessmentDimensionThree,TASK_COMPLETE,SUCCESS,INFO,284,284,0,,2026-08-26T19:55:35.047Z,2026-08-26T22:11:39.517Z,8164,2026-08-26T22:11:39.517Z,CBCO,Coeur dAlene,20846baf-2fe5-403c-85d4-31520e88a3ce,SAMMS-CoeurdAleneV6
202608262209457255,202608261955299592,202608261955298282,85,1235,Bronze INV,br_AdmissionAssessmentDimensionThree,TASK_COMPLETE,SUCCESS,INFO,302,302,0,,2026-08-26T19:55:35.047Z,2026-08-26T22:11:39.517Z,8164,2026-08-26T22:11:39.517Z,CON,Conway,20846baf-2fe5-403c-85d4-31520e88a3ce,SAMMS-Conway
202608262209457256,202608261955299593,202608261955298282,85,1236,Bronze INV,br_AdmissionAssessmentDimensionThree,TASK_COMPLETE,SUCCESS,INFO,1549,1549,0,,2026-08-26T19:55:35.047Z,2026-08-26T22:11:39.517Z,8164,2026-08-26T22:11:39.517Z,D07,Medical Services Knox TN,20846baf-2fe5-403c-85d4-31520e88a3ce,SAMMS-KnoxvilleV6
202608262209457257,202608261955299594,202608261955298282,85,1237,Bronze INV,br_AdmissionAssessmentDimensionThree,TASK_COMPLETE,SUCCESS,INFO,965,965,0,,2026-08-26T19:55:35.047Z,2026-08-26T22:11:39.517Z,8164,2026-08-26T22:11:39.517Z,D08,Madison,20846baf-2fe5-403c-85d4-31520e88a3ce,SAMMS-MadisonV6
202608262209457259,202608261955299595,202608261955298282,85,1239,Bronze INV,br_AdmissionAssessmentDimensionThree,TASK_COMPLETE,SUCCESS,INFO,939,939,0,,2026-08-26T19:55:35.047Z,2026-08-26T22:11:39.517Z,8164,2026-08-26T22:11:39.517Z,D09,Murfreesboro,20846baf-2fe5-403c-85d4-31520e88a3ce,SAMMS-MurfreesboroV6
202608262209457260,202608261955299596,202608261955298282,85,1240,Bronze INV,br_AdmissionAssessmentDimensionThree,TASK_COMPLETE,SUCCESS,INFO,220,220,0,,2026-08-26T19:55:35.047Z,2026-08-26T22:11:39.517Z,8164,2026-08-26T22:11:39.517Z,DA,Davenport,20846baf-2fe5-403c-85d4-31520e88a3ce,SAMMS-Davenport
202608262209457261,202608261955299597,202608261955298282,85,1241,Bronze INV,br_AdmissionAssessmentDimensionThree,TASK_COMPLETE,SUCCESS,INFO,352,352,0,,2026-08-26T19:55:35.047Z,2026-08-26T22:11:39.517Z,8164,2026-08-26T22:11:39.517Z,DM,Des Moines,20846baf-2fe5-403c-85d4-31520e88a3ce,SAMMS-DesMoines
202608262209457262,202608261955299598,202608261955298282,85,1243,Bronze INV,br_AdmissionAssessmentDimensionThree,TASK_COMPLETE,SUCCESS,INFO,477,477,0,,2026-08-26T19:55:35.047Z,2026-08-26T22:11:39.517Z,8164,2026-08-26T22:11:39.517Z,DRD-CO,Columbia MO,20846baf-2fe5-403c-85d4-31520e88a3ce,SAMMS-ColumbiaV5
202608262209457263,202608261955299599,202608261955298282,85,1244,Bronze INV,br_AdmissionAssessmentDimensionThree,TASK_COMPLETE,SUCCESS,INFO,593,593,0,,2026-08-26T19:55:35.047Z,2026-08-26T22:11:39.517Z,8164,2026-08-26T22:11:39.517Z,DRD-KC,KC,20846baf-2fe5-403c-85d4-31520e88a3ce,SAMMS-KCv5
202608262209457264,202608261955299600,202608261955298282,85,1245,Bronze INV,br_AdmissionAssessmentDimensionThree,TASK_COMPLETE,SUCCESS,INFO,952,952,0,,2026-08-26T19:55:35.047Z,2026-08-26T22:11:39.517Z,8164,2026-08-26T22:11:39.517Z,DRD-KVB,KVB,20846baf-2fe5-403c-85d4-31520e88a3ce,SAMMS-KVBv5
202608262209457265,202608261955299601,202608261955298282,85,1246,Bronze INV,br_AdmissionAssessmentDimensionThree,TASK_COMPLETE,SUCCESS,INFO,1576,1576,0,,2026-08-26T19:55:35.047Z,2026-08-26T22:11:39.517Z,8164,2026-08-26T22:11:39.517Z,DRD-KVC,KVC,20846baf-2fe5-403c-85d4-31520e88a3ce,SAMMS-KVCv5
202608262209457266,202608261955299602,202608261955298282,85,1247,Bronze INV,br_AdmissionAssessmentDimensionThree,TASK_COMPLETE,SUCCESS,INFO,1257,1257,0,,2026-08-26T19:55:35.047Z,2026-08-26T22:11:39.517Z,8164,2026-08-26T22:11:39.517Z,DRD-NOLA,NOLA,20846baf-2fe5-403c-85d4-31520e88a3ce,SAMMS-NOLAv5
202608262209457268,202608261955299603,202608261955298282,85,1248,Bronze INV,br_AdmissionAssessmentDimensionThree,TASK_COMPLETE,SUCCESS,INFO,743,743,0,,2026-08-26T19:55:35.047Z,2026-08-26T22:11:39.517Z,8164,2026-08-26T22:11:39.517Z,DRD-SF,Springfield,20846baf-2fe5-403c-85d4-31520e88a3ce,SAMMS-SFv5
202608262209457269,202608261955299604,202608261955298282,85,1250,Bronze INV,br_AdmissionAssessmentDimensionThree,TASK_COMPLETE,SUCCESS,INFO,252,252,0,,2026-08-26T19:55:35.047Z,2026-08-26T22:11:39.517Z,8164,2026-08-26T22:11:39.517Z,ELC,Elizabeth City,20846baf-2fe5-403c-85d4-31520e88a3ce,SAMMS-ElizabethCity
202608262209457270,202608261955299605,202608261955298282,85,1251,Bronze INV,br_AdmissionAssessmentDimensionThree,TASK_COMPLETE,SUCCESS,INFO,261,261,0,,2026-08-26T19:55:35.047Z,2026-08-26T22:11:39.517Z,8164,2026-08-26T22:11:39.517Z,ET,Elizabethtown,20846baf-2fe5-403c-85d4-31520e88a3ce,SAMMS-Elizabethtown
202608262209457271,202608261955299606,202608261955298282,85,1252,Bronze INV,br_AdmissionAssessmentDimensionThree,TASK_COMPLETE,SUCCESS,INFO,230,230,0,,2026-08-26T19:55:35.047Z,2026-08-26T22:11:39.517Z,8164,2026-08-26T22:11:39.517Z,FAY,Fayetteville,20846baf-2fe5-403c-85d4-31520e88a3ce,SAMMS-Fayetteville
202608262209457272,202608261955299607,202608261955298282,85,1253,Bronze INV,br_AdmissionAssessmentDimensionThree,TASK_COMPLETE,SUCCESS,INFO,182,182,0,,2026-08-26T19:55:35.047Z,2026-08-26T22:11:39.517Z,8164,2026-08-26T22:11:39.517Z,FR,Frankfort,20846baf-2fe5-403c-85d4-31520e88a3ce,SAMMS-Frankfort
202608262209457273,202608261955299608,202608261955298282,85,1254,Bronze INV,br_AdmissionAssessmentDimensionThree,TASK_COMPLETE,SUCCESS,INFO,279,279,0,,2026-08-26T19:55:35.047Z,2026-08-26T22:11:39.517Z,8164,2026-08-26T22:11:39.517Z,FS,Fort Smith,20846baf-2fe5-403c-85d4-31520e88a3ce,SAMMS-FortSmith
202608262209457274,202608261955299609,202608261955298282,85,1255,Bronze INV,br_AdmissionAssessmentDimensionThree,TASK_COMPLETE,SUCCESS,INFO,680,680,0,,2026-08-26T19:55:35.047Z,2026-08-26T22:11:39.517Z,8164,2026-08-26T22:11:39.517Z,FW,Fort Wayne,20846baf-2fe5-403c-85d4-31520e88a3ce,SAMMS-FortWayne
202608262209457275,202608261955299610,202608261955298282,85,1256,Bronze INV,br_AdmissionAssessmentDimensionThree,TASK_COMPLETE,SUCCESS,INFO,104,104,0,,2026-08-26T19:55:35.047Z,2026-08-26T22:11:39.517Z,8164,2026-08-26T22:11:39.517Z,GAL,Gaylord,20846baf-2fe5-403c-85d4-31520e88a3ce,SAMMS-Gaylord
202608262209457277,202608261955299611,202608261955298282,85,1260,Bronze INV,br_AdmissionAssessmentDimensionThree,TASK_COMPLETE,SUCCESS,INFO,620,620,0,,2026-08-26T19:55:35.047Z,2026-08-26T22:11:39.517Z,8164,2026-08-26T22:11:39.517Z,HGT,Hagerstown,20846baf-2fe5-403c-85d4-31520e88a3ce,SAMMS-Hagerstown
202608262209457278,202608261955299612,202608261955298282,85,1261,Bronze INV,br_AdmissionAssessmentDimensionThree,TASK_COMPLETE,SUCCESS,INFO,474,474,0,,2026-08-26T19:55:35.047Z,2026-08-26T22:11:39.517Z,8164,2026-08-26T22:11:39.517Z,HNT,Huntsville,20846baf-2fe5-403c-85d4-31520e88a3ce,SAMMS-Huntsville
202608262209457279,202608261955299613,202608261955298282,85,1262,Bronze INV,br_AdmissionAssessmentDimensionThree,TASK_COMPLETE,SUCCESS,INFO,308,308,0,,2026-08-26T19:55:35.047Z,2026-08-26T22:11:39.517Z,8164,2026-08-26T22:11:39.517Z,HS,Hot Springs,20846baf-2fe5-403c-85d4-31520e88a3ce,SAMMS-HotSprings
202608262209457280,202608261955299614,202608261955298282,85,1263,Bronze INV,br_AdmissionAssessmentDimensionThree,TASK_COMPLETE,SUCCESS,INFO,268,268,0,,2026-08-26T19:55:35.047Z,2026-08-26T22:11:39.517Z,8164,2026-08-26T22:11:39.517Z,JON,Jonesboro,20846baf-2fe5-403c-85d4-31520e88a3ce,SAMMS-Jonesboro
202608262209457281,202608261955299615,202608261955298282,85,1265,Bronze INV,br_AdmissionAssessmentDimensionThree,TASK_COMPLETE,SUCCESS,INFO,158,158,0,,2026-08-26T19:55:35.047Z,2026-08-26T22:11:39.517Z,8164,2026-08-26T22:11:39.517Z,LAN,Lansing,20846baf-2fe5-403c-85d4-31520e88a3ce,SAMMS-Lansing
202608262209457282,202608261955299616,202608261955298282,85,1266,Bronze INV,br_AdmissionAssessmentDimensionThree,TASK_COMPLETE,SUCCESS,INFO,429,429,0,,2026-08-26T19:55:35.047Z,2026-08-26T22:11:39.517Z,8164,2026-08-26T22:11:39.517Z,LO,Louisville,20846baf-2fe5-403c-85d4-31520e88a3ce,SAMMS-Louisville
202608262209457283,202608261955299617,202608261955298282,85,1267,Bronze INV,br_AdmissionAssessmentDimensionThree,TASK_COMPLETE,SUCCESS,INFO,1178,1178,0,,2026-08-26T19:55:35.047Z,2026-08-26T22:11:39.517Z,8164,2026-08-26T22:11:39.517Z,LV1,Cheyenne,20846baf-2fe5-403c-85d4-31520e88a3ce,SAMMS-Cheyenne
202608262209457284,202608261955299618,202608261955298282,85,1268,Bronze INV,br_AdmissionAssessmentDimensionThree,TASK_COMPLETE,SUCCESS,INFO,938,938,0,,2026-08-26T19:55:35.047Z,2026-08-26T22:11:39.517Z,8164,2026-08-26T22:11:39.517Z,LV2,Desert Inn,20846baf-2fe5-403c-85d4-31520e88a3ce,SAMMS-DesertInn
202608262209457286,202608261955299619,202608261955298282,85,1269,Bronze INV,br_AdmissionAssessmentDimensionThree,TASK_COMPLETE,SUCCESS,INFO,312,312,0,,2026-08-26T19:55:35.047Z,2026-08-26T22:11:39.517Z,8164,2026-08-26T22:11:39.517Z,LV3,McDaniel,20846baf-2fe5-403c-85d4-31520e88a3ce,SAMMS-McDaniel
202608262209457287,202608261955299620,202608261955298282,85,1272,Bronze INV,br_AdmissionAssessmentDimensionThree,TASK_COMPLETE,SUCCESS,INFO,270,270,0,,2026-08-26T19:55:35.047Z,2026-08-26T22:11:39.517Z,8164,2026-08-26T22:11:39.517Z,MNRE,Monroe,20846baf-2fe5-403c-85d4-31520e88a3ce,SAMMS-Monroe
202608262209457288,202608261955299621,202608261955298282,85,1273,Bronze INV,br_AdmissionAssessmentDimensionThree,TASK_COMPLETE,SUCCESS,INFO,124,124,0,,2026-08-26T19:55:35.047Z,2026-08-26T22:11:39.517Z,8164,2026-08-26T22:11:39.517Z,MP,Mt. Pleasant,20846baf-2fe5-403c-85d4-31520e88a3ce,SAMMS-MtPleasant
202608262209457289,202608261955299622,202608261955298282,85,1274,Bronze INV,br_AdmissionAssessmentDimensionThree,TASK_COMPLETE,SUCCESS,INFO,171,171,0,,2026-08-26T19:55:35.047Z,2026-08-26T22:11:39.517Z,8164,2026-08-26T22:11:39.517Z,MRD,Meridian,20846baf-2fe5-403c-85d4-31520e88a3ce,SAMMS-Meridian
202608262209457290,202608261955299623,202608261955298282,85,1279,Bronze INV,br_AdmissionAssessmentDimensionThree,TASK_COMPLETE,SUCCESS,INFO,637,637,0,,2026-08-26T19:55:35.047Z,2026-08-26T22:11:39.517Z,8164,2026-08-26T22:11:39.517Z,NC,North Charleston,20846baf-2fe5-403c-85d4-31520e88a3ce,SAMMS-NorthCharleston
202608262209457291,202608261955299624,202608261955298282,85,1280,Bronze INV,br_AdmissionAssessmentDimensionThree,TASK_COMPLETE,SUCCESS,INFO,573,573,0,,2026-08-26T19:55:35.047Z,2026-08-26T22:11:39.517Z,8164,2026-08-26T22:11:39.517Z,NLR,N. Little Rock,20846baf-2fe5-403c-85d4-31520e88a3ce,SAMMS-NLROBOT
202608262209457292,202608261955299625,202608261955298282,85,1281,Bronze INV,br_AdmissionAssessmentDimensionThree,TASK_COMPLETE,SUCCESS,INFO,235,235,0,,2026-08-26T19:55:35.047Z,2026-08-26T22:11:39.517Z,8164,2026-08-26T22:11:39.517Z,PH,Phoenix,20846baf-2fe5-403c-85d4-31520e88a3ce,SAMMS-Phoenix
202608262209457293,202608261955299626,202608261955298282,85,1285,Bronze INV,br_AdmissionAssessmentDimensionThree,TASK_COMPLETE,SUCCESS,INFO,408,408,0,,2026-08-26T19:55:35.047Z,2026-08-26T22:11:39.517Z,8164,2026-08-26T22:11:39.517Z,RE,Reno,20846baf-2fe5-403c-85d4-31520e88a3ce,SAMMS-Reno
202608262209457295,202608261955299627,202608261955298282,85,1286,Bronze INV,br_AdmissionAssessmentDimensionThree,TASK_COMPLETE,SUCCESS,INFO,389,389,0,,2026-08-26T19:55:35.047Z,2026-08-26T22:11:39.517Z,8164,2026-08-26T22:11:39.517Z,RMD,Richmond,20846baf-2fe5-403c-85d4-31520e88a3ce,SAMMS-Richmond
202608262209457296,202608261955299628,202608261955298282,85,1287,Bronze INV,br_AdmissionAssessmentDimensionThree,TASK_COMPLETE,SUCCESS,INFO,487,487,0,,2026-08-26T19:55:35.047Z,2026-08-26T22:11:39.517Z,8164,2026-08-26T22:11:39.517Z,SFN,Springfield North,20846baf-2fe5-403c-85d4-31520e88a3ce,SAMMS-SFNv5
202608262209457297,202608261955299629,202608261955298282,85,1288,Bronze INV,br_AdmissionAssessmentDimensionThree,TASK_COMPLETE,SUCCESS,INFO,450,450,0,,2026-08-26T19:55:35.047Z,2026-08-26T22:11:39.517Z,8164,2026-08-26T22:11:39.517Z,SHP,Shreveport,20846baf-2fe5-403c-85d4-31520e88a3ce,SAMMS-Shreveport
202608262209457298,202608261955299630,202608261955298282,85,1290,Bronze INV,br_AdmissionAssessmentDimensionThree,TASK_COMPLETE,SUCCESS,INFO,81,81,0,,2026-08-26T19:55:35.047Z,2026-08-26T22:11:39.517Z,8164,2026-08-26T22:11:39.517Z,STN,Staunton,20846baf-2fe5-403c-85d4-31520e88a3ce,SAMMS-Staunton
202608262209457299,202608261955299631,202608261955298282,85,1291,Bronze INV,br_AdmissionAssessmentDimensionThree,TASK_COMPLETE,SUCCESS,INFO,53,53,0,,2026-08-26T19:55:35.047Z,2026-08-26T22:11:39.517Z,8164,2026-08-26T22:11:39.517Z,STVN,Stevenson,20846baf-2fe5-403c-85d4-31520e88a3ce,SAMMS-Stevenson
202608262209457300,202608261955299632,202608261955298282,85,1293,Bronze INV,br_AdmissionAssessmentDimensionThree,TASK_COMPLETE,SUCCESS,INFO,70,70,0,,2026-08-26T19:55:35.047Z,2026-08-26T22:11:39.517Z,8164,2026-08-26T22:11:39.517Z,TE,Tempe,20846baf-2fe5-403c-85d4-31520e88a3ce,SAMMS-Tempe
202608262209457302,202608261955299633,202608261955298282,85,1294,Bronze INV,br_AdmissionAssessmentDimensionThree,TASK_COMPLETE,SUCCESS,INFO,367,367,0,,2026-08-26T19:55:35.047Z,2026-08-26T22:11:39.517Z,8164,2026-08-26T22:11:39.517Z,TEX,Texarkana,20846baf-2fe5-403c-85d4-31520e88a3ce,SAMMS-Texarkana
202608262209457303,202608261955299634,202608261955298282,85,1295,Bronze INV,br_AdmissionAssessmentDimensionThree,TASK_COMPLETE,SUCCESS,INFO,425,425,0,,2026-08-26T19:55:35.047Z,2026-08-26T22:11:39.517Z,8164,2026-08-26T22:11:39.517Z,TTCA,Bessemer,20846baf-2fe5-403c-85d4-31520e88a3ce,SAMMS-BessemerV5
202608262209457304,202608261955299635,202608261955298282,85,1296,Bronze INV,br_AdmissionAssessmentDimensionThree,TASK_COMPLETE,SUCCESS,INFO,550,550,0,,2026-08-26T19:55:35.047Z,2026-08-26T22:11:39.517Z,8164,2026-08-26T22:11:39.517Z,TTCB,Cullman,20846baf-2fe5-403c-85d4-31520e88a3ce,SAMMS-CullmanV5
202608262209457305,202608261955299636,202608261955298282,85,1297,Bronze INV,br_AdmissionAssessmentDimensionThree,TASK_COMPLETE,SUCCESS,INFO,304,304,0,,2026-08-26T19:55:35.047Z,2026-08-26T22:11:39.517Z,8164,2026-08-26T22:11:39.517Z,TTCC,Grand Bay,20846baf-2fe5-403c-85d4-31520e88a3ce,SAMMS-GrandBay
202608262209457306,202608261955299637,202608261955298282,85,1298,Bronze INV,br_AdmissionAssessmentDimensionThree,TASK_COMPLETE,SUCCESS,INFO,22,22,0,,2026-08-26T19:55:35.047Z,2026-08-26T22:11:39.517Z,8164,2026-08-26T22:11:39.517Z,TU,Tucson,20846baf-2fe5-403c-85d4-31520e88a3ce,SAMMS-Tucson
202608262209457307,202608261955299638,202608261955298282,85,1300,Bronze INV,br_AdmissionAssessmentDimensionThree,TASK_COMPLETE,SUCCESS,INFO,252,252,0,,2026-08-26T19:55:35.047Z,2026-08-26T22:11:39.517Z,8164,2026-08-26T22:11:39.517Z,V1,Memphis South,20846baf-2fe5-403c-85d4-31520e88a3ce,SAMMS-VCPHCS-I-MemphisV5
202608262209457309,202608261955299639,202608261955298282,85,1301,Bronze INV,br_AdmissionAssessmentDimensionThree,TASK_COMPLETE,SUCCESS,INFO,692,692,0,,2026-08-26T19:55:35.047Z,2026-08-26T22:11:39.517Z,8164,2026-08-26T22:11:39.517Z,V10,Longmont,20846baf-2fe5-403c-85d4-31520e88a3ce,SAMMS-BoulderV5
202608262209457310,202608261955299640,202608261955298282,85,1302,Bronze INV,br_AdmissionAssessmentDimensionThree,TASK_COMPLETE,SUCCESS,INFO,1194,1194,0,,2026-08-26T19:55:35.047Z,2026-08-26T22:11:39.517Z,8164,2026-08-26T22:11:39.517Z,V10A,Fort Collins,20846baf-2fe5-403c-85d4-31520e88a3ce,SAMMS-FortCollinsV5
202608262209457311,202608261955299641,202608261955298282,85,1303,Bronze INV,br_AdmissionAssessmentDimensionThree,TASK_COMPLETE,SUCCESS,INFO,990,990,0,,2026-08-26T19:55:35.047Z,2026-08-26T22:11:39.517Z,8164,2026-08-26T22:11:39.517Z,V11,Westminster,20846baf-2fe5-403c-85d4-31520e88a3ce,SAMMS-VCPHCS-XI-NorthDenverV5
202608262209457312,202608261955299642,202608261955298282,85,1304,Bronze INV,br_AdmissionAssessmentDimensionThree,TASK_COMPLETE,SUCCESS,INFO,1061,1061,0,,2026-08-26T19:55:35.047Z,2026-08-26T22:11:39.517Z,8164,2026-08-26T22:11:39.517Z,V12,Downtown Denver,20846baf-2fe5-403c-85d4-31520e88a3ce,SAMMS-VCPHCS-XII-DowntownDenverV5
202608262209457313,202608261955299643,202608261955298282,85,1305,Bronze INV,br_AdmissionAssessmentDimensionThree,TASK_COMPLETE,SUCCESS,INFO,474,474,0,,2026-08-26T19:55:35.047Z,2026-08-26T22:11:39.517Z,8164,2026-08-26T22:11:39.517Z,V12A,Centennial,20846baf-2fe5-403c-85d4-31520e88a3ce,SAMMS-CentennialV5
202608262209457314,202608261955299644,202608261955298282,85,1306,Bronze INV,br_AdmissionAssessmentDimensionThree,TASK_COMPLETE,SUCCESS,INFO,292,292,0,,2026-08-26T19:55:35.047Z,2026-08-26T22:11:39.517Z,8164,2026-08-26T22:11:39.517Z,V14,Overland Park,20846baf-2fe5-403c-85d4-31520e88a3ce,SAMMS-VCPHCS-XIV-BridgewayV5
202608262209457315,202608261955299645,202608261955298282,85,1307,Bronze INV,br_AdmissionAssessmentDimensionThree,TASK_COMPLETE,SUCCESS,INFO,570,570,0,,2026-08-26T19:55:35.047Z,2026-08-26T22:11:39.517Z,8164,2026-08-26T22:11:39.517Z,V15,Joplin,20846baf-2fe5-403c-85d4-31520e88a3ce,SAMMS-JoplinV5
202608262209457316,202608261955299646,202608261955298282,85,1309,Bronze INV,br_AdmissionAssessmentDimensionThree,TASK_COMPLETE,SUCCESS,INFO,470,470,0,,2026-08-26T19:55:35.047Z,2026-08-26T22:11:39.517Z,8164,2026-08-26T22:11:39.517Z,V17,Columbia TN,20846baf-2fe5-403c-85d4-31520e88a3ce,SAMMS-ColumbiaTNv5
202608262209457317,202608261955299647,202608261955298282,85,1311,Bronze INV,br_AdmissionAssessmentDimensionThree,TASK_COMPLETE,SUCCESS,INFO,415,415,0,,2026-08-26T19:55:35.047Z,2026-08-26T22:11:39.517Z,8164,2026-08-26T22:11:39.517Z,V19,Jackson,20846baf-2fe5-403c-85d4-31520e88a3ce,SAMMS-JacksonV5
202608262209457319,202608261955299648,202608261955298282,85,1313,Bronze INV,br_AdmissionAssessmentDimensionThree,TASK_COMPLETE,SUCCESS,INFO,487,487,0,,2026-08-26T19:55:35.047Z,2026-08-26T22:11:39.517Z,8164,2026-08-26T22:11:39.517Z,V20,Paris,20846baf-2fe5-403c-85d4-31520e88a3ce,SAMMS-ParisV5
202608262209457320,202608261955299649,202608261955298282,85,1314,Bronze INV,br_AdmissionAssessmentDimensionThree,TASK_COMPLETE,SUCCESS,INFO,353,353,0,,2026-08-26T19:55:35.047Z,2026-08-26T22:11:39.517Z,8164,2026-08-26T22:11:39.517Z,V21,Memphis North,20846baf-2fe5-403c-85d4-31520e88a3ce,SAMMS-RaleighV5
202608262209457321,202608261955299650,202608261955298282,85,1317,Bronze INV,br_AdmissionAssessmentDimensionThree,TASK_COMPLETE,SUCCESS,INFO,705,705,0,,2026-08-26T19:55:35.047Z,2026-08-26T22:11:39.517Z,8164,2026-08-26T22:11:39.517Z,V5,West Bank,20846baf-2fe5-403c-85d4-31520e88a3ce,SAMMS-NONTCv5
202608262209457322,202608261955299651,202608261955298282,85,1319,Bronze INV,br_AdmissionAssessmentDimensionThree,TASK_COMPLETE,SUCCESS,INFO,254,254,0,,2026-08-26T19:55:35.047Z,2026-08-26T22:11:39.517Z,8164,2026-08-26T22:11:39.517Z,V5B,Houma,20846baf-2fe5-403c-85d4-31520e88a3ce,SAMMS-HoumaV6
202608262209457323,202608261955299652,202608261955298282,85,1320,Bronze INV,br_AdmissionAssessmentDimensionThree,TASK_COMPLETE,SUCCESS,INFO,958,958,0,,2026-08-26T19:55:35.047Z,2026-08-26T22:11:39.517Z,8164,2026-08-26T22:11:39.517Z,V6,Lake Charles,20846baf-2fe5-403c-85d4-31520e88a3ce,SAMMS-LCv5
202608262209457324,202608261955299653,202608261955298282,85,1322,Bronze INV,br_AdmissionAssessmentDimensionThree,TASK_COMPLETE,SUCCESS,INFO,564,564,0,,2026-08-26T19:55:35.047Z,2026-08-26T22:11:39.517Z,8164,2026-08-26T22:11:39.517Z,V8,Memphis Midtown,20846baf-2fe5-403c-85d4-31520e88a3ce,SAMMS-VCPHCS-VIII-MemphisV5
202608232214223632,202608232010369655,202608232010368283,85,1323,Bronze INV,br_AdmissionAssessmentDimensionThree,TASK_COMPLETE,SUCCESS,INFO,1572,1572,0,,2026-08-23T20:10:41.468Z,2026-08-23T22:16:21.732Z,7540,2026-08-23T22:16:21.732Z,V9,Nashville,955211d4-28b8-44a0-8023-2bfaa48d6721,SAMMS-NashvilleV5
202608232214223633,202608232010369656,202608232010368283,85,1324,Bronze INV,br_AdmissionAssessmentDimensionThree,TASK_COMPLETE,SUCCESS,INFO,332,332,0,,2026-08-23T20:10:41.468Z,2026-08-23T22:16:21.732Z,7540,2026-08-23T22:16:21.732Z,VBRA,Brainerd,955211d4-28b8-44a0-8023-2bfaa48d6721,SAMMS-BrainerdV6
202608232214223634,202608232010369657,202608232010368283,85,1325,Bronze INV,br_AdmissionAssessmentDimensionThree,TASK_COMPLETE,SUCCESS,INFO,593,593,0,,2026-08-23T20:10:41.468Z,2026-08-23T22:16:21.732Z,7540,2026-08-23T22:16:21.732Z,VBRP,Brooklyn Park,955211d4-28b8-44a0-8023-2bfaa48d6721,SAMMS-BrooklynParkV6
202608232214223635,202608232010369658,202608232010368283,85,1327,Bronze INV,br_AdmissionAssessmentDimensionThree,TASK_COMPLETE,SUCCESS,INFO,577,577,0,,2026-08-23T20:10:41.468Z,2026-08-23T22:16:21.732Z,7540,2026-08-23T22:16:21.732Z,VMIN,Minneapolis,955211d4-28b8-44a0-8023-2bfaa48d6721,SAMMS-MinneapolisV6
202608232214223636,202608232010369659,202608232010368283,85,1328,Bronze INV,br_AdmissionAssessmentDimensionThree,TASK_COMPLETE,SUCCESS,INFO,1067,1067,0,,2026-08-23T20:10:41.468Z,2026-08-23T22:16:21.732Z,7540,2026-08-23T22:16:21.732Z,VWBY,Woodbury,955211d4-28b8-44a0-8023-2bfaa48d6721,SAMMS-WoodburyV6
202608232214223637,202608232010369660,202608232010368283,85,1330,Bronze INV,br_AdmissionAssessmentDimensionThree,TASK_COMPLETE,SUCCESS,INFO,426,426,0,,2026-08-23T20:10:41.468Z,2026-08-23T22:16:21.732Z,7540,2026-08-23T22:16:21.732Z,WIL,Wilson,955211d4-28b8-44a0-8023-2bfaa48d6721,SAMMS-Wilson
202608232214223739,202608232010468287,202608232010468283,86,5723,Silver INV,sl_AdmissionAssessmentDimensionThree,TASK_COMPLETE,SUCCESS,INFO,51042,51042,0,,2026-08-23T20:10:41.468Z,2026-08-23T22:16:21.732Z,7540,2026-08-23T22:16:21.732Z,,,955211d4-28b8-44a0-8023-2bfaa48d6721,
202608232214223670,202608232010369431,202608232010368283,85,1334,Bronze INV,br_AdmissionAssessmentDimensionTwo,TASK_COMPLETE,SUCCESS,INFO,100,100,0,,2026-08-23T20:10:41.468Z,2026-08-23T22:16:21.732Z,7540,2026-08-23T22:16:21.732Z,AHK,Ahoskie,955211d4-28b8-44a0-8023-2bfaa48d6721,SAMMS-Ahoskie
202608232214223671,202608232010369432,202608232010368283,85,1335,Bronze INV,br_AdmissionAssessmentDimensionTwo,TASK_COMPLETE,SUCCESS,INFO,784,784,0,,2026-08-23T20:10:41.468Z,2026-08-23T22:16:21.732Z,7540,2026-08-23T22:16:21.732Z,B12B,Colorado Springs,955211d4-28b8-44a0-8023-2bfaa48d6721,SAMMS-ColoradoSpringsV5
202608232214223672,202608232010369433,202608232010368283,85,1336,Bronze INV,br_AdmissionAssessmentDimensionTwo,TASK_COMPLETE,SUCCESS,INFO,415,415,0,,2026-08-23T20:10:41.468Z,2026-08-23T22:16:21.732Z,7540,2026-08-23T22:16:21.732Z,B24,Paintsville,955211d4-28b8-44a0-8023-2bfaa48d6721,SAMMS-PaintsvilleV5
202608232214223673,202608232010369434,202608232010368283,85,1337,Bronze INV,br_AdmissionAssessmentDimensionTwo,TASK_COMPLETE,SUCCESS,INFO,172,172,0,,2026-08-23T20:10:41.468Z,2026-08-23T22:16:21.732Z,7540,2026-08-23T22:16:21.732Z,B25,Pikeville,955211d4-28b8-44a0-8023-2bfaa48d6721,SAMMS-PikevilleV5
202608232214223674,202608232010369435,202608232010368283,85,1338,Bronze INV,br_AdmissionAssessmentDimensionTwo,TASK_COMPLETE,SUCCESS,INFO,496,496,0,,2026-08-23T20:10:41.468Z,2026-08-23T22:16:21.732Z,7540,2026-08-23T22:16:21.732Z,B26,Hazard,955211d4-28b8-44a0-8023-2bfaa48d6721,SAMMS-HazardV5
202608232214223676,202608232010369436,202608232010368283,85,1339,Bronze INV,br_AdmissionAssessmentDimensionTwo,TASK_COMPLETE,SUCCESS,INFO,187,187,0,,2026-08-23T20:10:41.468Z,2026-08-23T22:16:21.732Z,7540,2026-08-23T22:16:21.732Z,B27,Savannah,955211d4-28b8-44a0-8023-2bfaa48d6721,SAMMS-SavannahV6
202608232214223677,202608232010369437,202608232010368283,85,1340,Bronze INV,br_AdmissionAssessmentDimensionTwo,TASK_COMPLETE,SUCCESS,INFO,233,233,0,,2026-08-23T20:10:41.468Z,2026-08-23T22:16:21.732Z,7540,2026-08-23T22:16:21.732Z,B28,West Plains,955211d4-28b8-44a0-8023-2bfaa48d6721,SAMMS-WestPlainesV5
202608232214223678,202608232010369438,202608232010368283,85,1341,Bronze INV,br_AdmissionAssessmentDimensionTwo,TASK_COMPLETE,SUCCESS,INFO,258,258,0,,2026-08-23T20:10:41.468Z,2026-08-23T22:16:21.732Z,7540,2026-08-23T22:16:21.732Z,B29,Poplar Bluff,955211d4-28b8-44a0-8023-2bfaa48d6721,SAMMS-PoplarBluffV5
202608232214223679,202608232010369439,202608232010368283,85,1342,Bronze INV,br_AdmissionAssessmentDimensionTwo,TASK_COMPLETE,SUCCESS,INFO,144,144,0,,2026-08-23T20:10:41.468Z,2026-08-23T22:16:21.732Z,7540,2026-08-23T22:16:21.732Z,B30,KC North,955211d4-28b8-44a0-8023-2bfaa48d6721,SAMMS-KCNv5
202608232214223680,202608232010369440,202608232010368283,85,1343,Bronze INV,br_AdmissionAssessmentDimensionTwo,TASK_COMPLETE,SUCCESS,INFO,345,345,0,,2026-08-23T20:10:41.468Z,2026-08-23T22:16:21.732Z,7540,2026-08-23T22:16:21.732Z,B31,Dyersburg,955211d4-28b8-44a0-8023-2bfaa48d6721,SAMMS-DyersburgV5
202608232214223681,202608232010369441,202608232010368283,85,1345,Bronze INV,br_AdmissionAssessmentDimensionTwo,TASK_COMPLETE,SUCCESS,INFO,213,213,0,,2026-08-23T20:10:41.468Z,2026-08-23T22:16:21.732Z,7540,2026-08-23T22:16:21.732Z,B33,Paducah,955211d4-28b8-44a0-8023-2bfaa48d6721,SAMMS-Paducah
202608232214223683,202608232010369442,202608232010368283,85,1346,Bronze INV,br_AdmissionAssessmentDimensionTwo,TASK_COMPLETE,SUCCESS,INFO,449,449,0,,2026-08-23T20:10:41.468Z,2026-08-23T22:16:21.732Z,7540,2026-08-23T22:16:21.732Z,B34,Corbin,955211d4-28b8-44a0-8023-2bfaa48d6721,SAMMS-CorbinV5
202608232214223684,202608232010369443,202608232010368283,85,1347,Bronze INV,br_AdmissionAssessmentDimensionTwo,TASK_COMPLETE,SUCCESS,INFO,719,719,0,,2026-08-23T20:10:41.468Z,2026-08-23T22:16:21.732Z,7540,2026-08-23T22:16:21.732Z,B35,Lexington,955211d4-28b8-44a0-8023-2bfaa48d6721,SAMMS-LexingtonV5
202608232214223685,202608232010369444,202608232010368283,85,1348,Bronze INV,br_AdmissionAssessmentDimensionTwo,TASK_COMPLETE,SUCCESS,INFO,345,345,0,,2026-08-23T20:10:41.468Z,2026-08-23T22:16:21.732Z,7540,2026-08-23T22:16:21.732Z,B35A,Berea,955211d4-28b8-44a0-8023-2bfaa48d6721,SAMMS-BereaV5
202608232214223686,202608232010369445,202608232010368283,85,1349,Bronze INV,br_AdmissionAssessmentDimensionTwo,TASK_COMPLETE,SUCCESS,INFO,607,607,0,,2026-08-23T20:10:41.468Z,2026-08-23T22:16:21.732Z,7540,2026-08-23T22:16:21.732Z,B36,Asheville,955211d4-28b8-44a0-8023-2bfaa48d6721,SAMMS-AshevilleV5
202608232214223687,202608232010369446,202608232010368283,85,1350,Bronze INV,br_AdmissionAssessmentDimensionTwo,TASK_COMPLETE,SUCCESS,INFO,451,451,0,,2026-08-23T20:10:41.468Z,2026-08-23T22:16:21.732Z,7540,2026-08-23T22:16:21.732Z,B37,Clyde,955211d4-28b8-44a0-8023-2bfaa48d6721,SAMMS-ClydeV5
202608232214223688,202608232010369447,202608232010368283,85,1351,Bronze INV,br_AdmissionAssessmentDimensionTwo,TASK_COMPLETE,SUCCESS,INFO,631,631,0,,2026-08-23T20:10:41.468Z,2026-08-23T22:16:21.732Z,7540,2026-08-23T22:16:21.732Z,B38,Spartanburg,955211d4-28b8-44a0-8023-2bfaa48d6721,SAMMS-SpartanburgV5
202608232214223689,202608232010369448,202608232010368283,85,1352,Bronze INV,br_AdmissionAssessmentDimensionTwo,TASK_COMPLETE,SUCCESS,INFO,479,479,0,,2026-08-23T20:10:41.468Z,2026-08-23T22:16:21.732Z,7540,2026-08-23T22:16:21.732Z,B39,Aiken,955211d4-28b8-44a0-8023-2bfaa48d6721,SAMMS-AikenV5
202608232214223691,202608232010369449,202608232010368283,85,1353,Bronze INV,br_AdmissionAssessmentDimensionTwo,TASK_COMPLETE,SUCCESS,INFO,301,301,0,,2026-08-23T20:10:41.468Z,2026-08-23T22:16:21.732Z,7540,2026-08-23T22:16:21.732Z,B41,Chesapeake,955211d4-28b8-44a0-8023-2bfaa48d6721,SAMMS-ChesapeakeV5
202608232214223692,202608232010369450,202608232010368283,85,1354,Bronze INV,br_AdmissionAssessmentDimensionTwo,TASK_COMPLETE,SUCCESS,INFO,540,540,0,,2026-08-23T20:10:41.468Z,2026-08-23T22:16:21.732Z,7540,2026-08-23T22:16:21.732Z,B42,Virginia Beach,955211d4-28b8-44a0-8023-2bfaa48d6721,SAMMS-VirginiaBeachV5
202608232214223693,202608232010369451,202608232010368283,85,1355,Bronze INV,br_AdmissionAssessmentDimensionTwo,TASK_COMPLETE,SUCCESS,INFO,168,168,0,,2026-08-23T20:10:41.468Z,2026-08-23T22:16:21.732Z,7540,2026-08-23T22:16:21.732Z,B42A,Newport News,955211d4-28b8-44a0-8023-2bfaa48d6721,SAMMS-NewportNewsV5
202608232214223694,202608232010369452,202608232010368283,85,1356,Bronze INV,br_AdmissionAssessmentDimensionTwo,TASK_COMPLETE,SUCCESS,INFO,57,57,0,,2026-08-23T20:10:41.468Z,2026-08-23T22:16:21.732Z,7540,2026-08-23T22:16:21.732Z,B42B,Franklin,955211d4-28b8-44a0-8023-2bfaa48d6721,SAMMS-FranklinV5
202608232214223695,202608232010369453,202608232010368283,85,1357,Bronze INV,br_AdmissionAssessmentDimensionTwo,TASK_COMPLETE,SUCCESS,INFO,340,340,0,,2026-08-23T20:10:41.468Z,2026-08-23T22:16:21.732Z,7540,2026-08-23T22:16:21.732Z,B42C,Glen Allen,955211d4-28b8-44a0-8023-2bfaa48d6721,SAMMS-GlenAllenV5
202608232214223696,202608232010369454,202608232010368283,85,1358,Bronze INV,br_AdmissionAssessmentDimensionTwo,TASK_COMPLETE,SUCCESS,INFO,176,176,0,,2026-08-23T20:10:41.468Z,2026-08-23T22:16:21.732Z,7540,2026-08-23T22:16:21.732Z,B42D,Chesapeake South,955211d4-28b8-44a0-8023-2bfaa48d6721,SAMMS-ChesapeakeSouthV5
202608232214223698,202608232010369455,202608232010368283,85,1359,Bronze INV,br_AdmissionAssessmentDimensionTwo,TASK_COMPLETE,SUCCESS,INFO,208,208,0,,2026-08-23T20:10:41.468Z,2026-08-23T22:16:21.732Z,7540,2026-08-23T22:16:21.732Z,B44,Albany,955211d4-28b8-44a0-8023-2bfaa48d6721,SAMMS-AlbanyV5
202608232214223699,202608232010369456,202608232010368283,85,1360,Bronze INV,br_AdmissionAssessmentDimensionTwo,TASK_COMPLETE,SUCCESS,INFO,302,302,0,,2026-08-23T20:10:41.468Z,2026-08-23T22:16:21.732Z,7540,2026-08-23T22:16:21.732Z,B45,Tifton,955211d4-28b8-44a0-8023-2bfaa48d6721,SAMMS-TiftonV5
202608232214223700,202608232010369457,202608232010368283,85,1361,Bronze INV,br_AdmissionAssessmentDimensionTwo,TASK_COMPLETE,SUCCESS,INFO,661,661,0,,2026-08-23T20:10:41.468Z,2026-08-23T22:16:21.732Z,7540,2026-08-23T22:16:21.732Z,B46,Washington DC,955211d4-28b8-44a0-8023-2bfaa48d6721,SAMMS-WashingtonDCv5
202608232214223701,202608232010369458,202608232010368283,85,1362,Bronze INV,br_AdmissionAssessmentDimensionTwo,TASK_COMPLETE,SUCCESS,INFO,356,356,0,,2026-08-23T20:10:41.468Z,2026-08-23T22:16:21.732Z,7540,2026-08-23T22:16:21.732Z,B47,Mobile,955211d4-28b8-44a0-8023-2bfaa48d6721,SAMMS-MobileV5
202608232214223702,202608232010369459,202608232010368283,85,1363,Bronze INV,br_AdmissionAssessmentDimensionTwo,TASK_COMPLETE,SUCCESS,INFO,447,447,0,,2026-08-23T20:10:41.468Z,2026-08-23T22:16:21.732Z,7540,2026-08-23T22:16:21.732Z,B48,Tuscaloosa,955211d4-28b8-44a0-8023-2bfaa48d6721,SAMMS-TuscaloosaV5
202608232214223703,202608232010369460,202608232010368283,85,1372,Bronze INV,br_AdmissionAssessmentDimensionTwo,TASK_COMPLETE,SUCCESS,INFO,313,313,0,,2026-08-23T20:10:41.468Z,2026-08-23T22:16:21.732Z,7540,2026-08-23T22:16:21.732Z,B51,N. Little Rock (OTP),955211d4-28b8-44a0-8023-2bfaa48d6721,SAMMS-NorthLittleRockV6
202608232214223705,202608232010369461,202608232010368283,85,1373,Bronze INV,br_AdmissionAssessmentDimensionTwo,TASK_COMPLETE,SUCCESS,INFO,160,160,0,,2026-08-23T20:10:41.468Z,2026-08-23T22:16:21.732Z,7540,2026-08-23T22:16:21.732Z,B52,Jackson GA,955211d4-28b8-44a0-8023-2bfaa48d6721,SAMMS-JacksonGAV5
202608232214223706,202608232010369462,202608232010368283,85,1374,Bronze INV,br_AdmissionAssessmentDimensionTwo,TASK_COMPLETE,SUCCESS,INFO,475,475,0,,2026-08-23T20:10:41.468Z,2026-08-23T22:16:21.732Z,7540,2026-08-23T22:16:21.732Z,B54,Gadsden,955211d4-28b8-44a0-8023-2bfaa48d6721,SAMMS-GadsdenV5
202608232214223707,202608232010369463,202608232010368283,85,1375,Bronze INV,br_AdmissionAssessmentDimensionTwo,TASK_COMPLETE,SUCCESS,INFO,488,488,0,,2026-08-23T20:10:41.468Z,2026-08-23T22:16:21.732Z,7540,2026-08-23T22:16:21.732Z,B55,Shoals,955211d4-28b8-44a0-8023-2bfaa48d6721,SAMMS-ShoalsV5
202608232214223708,202608232010369464,202608232010368283,85,1376,Bronze INV,br_AdmissionAssessmentDimensionTwo,TASK_COMPLETE,SUCCESS,INFO,174,174,0,,2026-08-23T20:10:41.468Z,2026-08-23T22:16:21.732Z,7540,2026-08-23T22:16:21.732Z,B57,Pawtucket,955211d4-28b8-44a0-8023-2bfaa48d6721,SAMMS-Pawtucket
202608232214223709,202608232010369465,202608232010368283,85,1377,Bronze INV,br_AdmissionAssessmentDimensionTwo,TASK_COMPLETE,SUCCESS,INFO,171,171,0,,2026-08-23T20:10:41.468Z,2026-08-23T22:16:21.732Z,7540,2026-08-23T22:16:21.732Z,B57A,Johnston,955211d4-28b8-44a0-8023-2bfaa48d6721,SAMMS-Johnston
202608232214223710,202608232010369466,202608232010368283,85,1378,Bronze INV,br_AdmissionAssessmentDimensionTwo,TASK_COMPLETE,SUCCESS,INFO,91,91,0,,2026-08-23T20:10:41.468Z,2026-08-23T22:16:21.732Z,7540,2026-08-23T22:16:21.732Z,B57B,Middletown,955211d4-28b8-44a0-8023-2bfaa48d6721,SAMMS-Middletown
202608232214223712,202608232010369467,202608232010368283,85,1379,Bronze INV,br_AdmissionAssessmentDimensionTwo,TASK_COMPLETE,SUCCESS,INFO,178,178,0,,2026-08-23T20:10:41.468Z,2026-08-23T22:16:21.732Z,7540,2026-08-23T22:16:21.732Z,B57C,Providence,955211d4-28b8-44a0-8023-2bfaa48d6721,SAMMS-Providence
202608232214223713,202608232010369468,202608232010368283,85,1380,Bronze INV,br_AdmissionAssessmentDimensionTwo,TASK_COMPLETE,SUCCESS,INFO,256,256,0,,2026-08-23T20:10:41.468Z,2026-08-23T22:16:21.732Z,7540,2026-08-23T22:16:21.732Z,B57D,Westerly,955211d4-28b8-44a0-8023-2bfaa48d6721,SAMMS-Westerly
202608232214223714,202608232010369469,202608232010368283,85,1384,Bronze INV,br_AdmissionAssessmentDimensionTwo,TASK_COMPLETE,SUCCESS,INFO,362,362,0,,2026-08-23T20:10:41.468Z,2026-08-23T22:16:21.732Z,7540,2026-08-23T22:16:21.732Z,B66A,Bremen,955211d4-28b8-44a0-8023-2bfaa48d6721,SAMMS-Bremen
202608232214223715,202608232010369470,202608232010368283,85,1387,Bronze INV,br_AdmissionAssessmentDimensionTwo,TASK_COMPLETE,SUCCESS,INFO,16,16,0,,2026-08-23T20:10:41.468Z,2026-08-23T22:16:21.732Z,7540,2026-08-23T22:16:21.732Z,B72,Mobile (OBOT),955211d4-28b8-44a0-8023-2bfaa48d6721,SAMMS-Mobile-OBOT
202608232214223716,202608232010369471,202608232010368283,85,1388,Bronze INV,br_AdmissionAssessmentDimensionTwo,TASK_COMPLETE,SUCCESS,INFO,5,5,0,,2026-08-23T20:10:41.468Z,2026-08-23T22:16:21.732Z,7540,2026-08-23T22:16:21.732Z,B73,Montgomery,955211d4-28b8-44a0-8023-2bfaa48d6721,SAMMS-Montgomery
202608232214223717,202608232010369472,202608232010368283,85,1389,Bronze INV,br_AdmissionAssessmentDimensionTwo,TASK_COMPLETE,SUCCESS,INFO,322,322,0,,2026-08-23T20:10:41.468Z,2026-08-23T22:16:21.732Z,7540,2026-08-23T22:16:21.732Z,B75,Lawrence,955211d4-28b8-44a0-8023-2bfaa48d6721,SAMMS-LawrenceV6
202608232214223719,202608232010369473,202608232010368283,85,1390,Bronze INV,br_AdmissionAssessmentDimensionTwo,TASK_COMPLETE,SUCCESS,INFO,51,51,0,,2026-08-23T20:10:41.468Z,2026-08-23T22:16:21.732Z,7540,2026-08-23T22:16:21.732Z,B76,Huntsville OBOT,955211d4-28b8-44a0-8023-2bfaa48d6721,SAMMS-Huntsville-OBOT
202608232214223720,202608232010369474,202608232010368283,85,1391,Bronze INV,br_AdmissionAssessmentDimensionTwo,TASK_COMPLETE,SUCCESS,INFO,297,297,0,,2026-08-23T20:10:41.468Z,2026-08-23T22:16:21.732Z,7540,2026-08-23T22:16:21.732Z,BAT,Batesville,955211d4-28b8-44a0-8023-2bfaa48d6721,SAMMS-Batesville
202608232214223721,202608232010369475,202608232010368283,85,1392,Bronze INV,br_AdmissionAssessmentDimensionTwo,TASK_COMPLETE,SUCCESS,INFO,238,238,0,,2026-08-23T20:10:41.468Z,2026-08-23T22:16:21.732Z,7540,2026-08-23T22:16:21.732Z,BG,Bowling Green,955211d4-28b8-44a0-8023-2bfaa48d6721,SAMMS-BowlingGreen
202608232214223722,202608232010369476,202608232010368283,85,1393,Bronze INV,br_AdmissionAssessmentDimensionTwo,TASK_COMPLETE,SUCCESS,INFO,220,220,0,,2026-08-23T20:10:41.468Z,2026-08-23T22:16:21.732Z,7540,2026-08-23T22:16:21.732Z,BOI,Boise,955211d4-28b8-44a0-8023-2bfaa48d6721,SAMMS-Boise
202608232214223724,202608232010369477,202608232010368283,85,1400,Bronze INV,br_AdmissionAssessmentDimensionTwo,TASK_COMPLETE,SUCCESS,INFO,286,286,0,,2026-08-23T20:10:41.468Z,2026-08-23T22:16:21.732Z,7540,2026-08-23T22:16:21.732Z,CBCO,Coeur dAlene,955211d4-28b8-44a0-8023-2bfaa48d6721,SAMMS-CoeurdAleneV6
202608232214223725,202608232010369478,202608232010368283,85,1419,Bronze INV,br_AdmissionAssessmentDimensionTwo,TASK_COMPLETE,SUCCESS,INFO,300,300,0,,2026-08-23T20:10:41.468Z,2026-08-23T22:16:21.732Z,7540,2026-08-23T22:16:21.732Z,CON,Conway,955211d4-28b8-44a0-8023-2bfaa48d6721,SAMMS-Conway
202608232214223726,202608232010369479,202608232010368283,85,1420,Bronze INV,br_AdmissionAssessmentDimensionTwo,TASK_COMPLETE,SUCCESS,INFO,1569,1569,0,,2026-08-23T20:10:41.468Z,2026-08-23T22:16:21.732Z,7540,2026-08-23T22:16:21.732Z,D07,Medical Services Knox TN,955211d4-28b8-44a0-8023-2bfaa48d6721,SAMMS-KnoxvilleV6
202608232214223727,202608232010369480,202608232010368283,85,1421,Bronze INV,br_AdmissionAssessmentDimensionTwo,TASK_COMPLETE,SUCCESS,INFO,973,973,0,,2026-08-23T20:10:41.468Z,2026-08-23T22:16:21.732Z,7540,2026-08-23T22:16:21.732Z,D08,Madison,955211d4-28b8-44a0-8023-2bfaa48d6721,SAMMS-MadisonV6
202608232214223728,202608232010369481,202608232010368283,85,1423,Bronze INV,br_AdmissionAssessmentDimensionTwo,TASK_COMPLETE,SUCCESS,INFO,945,945,0,,2026-08-23T20:10:41.468Z,2026-08-23T22:16:21.732Z,7540,2026-08-23T22:16:21.732Z,D09,Murfreesboro,955211d4-28b8-44a0-8023-2bfaa48d6721,SAMMS-MurfreesboroV6
202608232214223729,202608232010369482,202608232010368283,85,1424,Bronze INV,br_AdmissionAssessmentDimensionTwo,TASK_COMPLETE,SUCCESS,INFO,218,218,0,,2026-08-23T20:10:41.468Z,2026-08-23T22:16:21.732Z,7540,2026-08-23T22:16:21.732Z,DA,Davenport,955211d4-28b8-44a0-8023-2bfaa48d6721,SAMMS-Davenport
202608232214223731,202608232010369483,202608232010368283,85,1425,Bronze INV,br_AdmissionAssessmentDimensionTwo,TASK_COMPLETE,SUCCESS,INFO,352,352,0,,2026-08-23T20:10:41.468Z,2026-08-23T22:16:21.732Z,7540,2026-08-23T22:16:21.732Z,DM,Des Moines,955211d4-28b8-44a0-8023-2bfaa48d6721,SAMMS-DesMoines
202608232214223732,202608232010369484,202608232010368283,85,1427,Bronze INV,br_AdmissionAssessmentDimensionTwo,TASK_COMPLETE,SUCCESS,INFO,475,475,0,,2026-08-23T20:10:41.468Z,2026-08-23T22:16:21.732Z,7540,2026-08-23T22:16:21.732Z,DRD-CO,Columbia MO,955211d4-28b8-44a0-8023-2bfaa48d6721,SAMMS-ColumbiaV5
202608232214223733,202608232010369485,202608232010368283,85,1428,Bronze INV,br_AdmissionAssessmentDimensionTwo,TASK_COMPLETE,SUCCESS,INFO,595,595,0,,2026-08-23T20:10:41.468Z,2026-08-23T22:16:21.732Z,7540,2026-08-23T22:16:21.732Z,DRD-KC,KC,955211d4-28b8-44a0-8023-2bfaa48d6721,SAMMS-KCv5
202608232214223734,202608232010369486,202608232010368283,85,1429,Bronze INV,br_AdmissionAssessmentDimensionTwo,TASK_COMPLETE,SUCCESS,INFO,949,949,0,,2026-08-23T20:10:41.468Z,2026-08-23T22:16:21.732Z,7540,2026-08-23T22:16:21.732Z,DRD-KVB,KVB,955211d4-28b8-44a0-8023-2bfaa48d6721,SAMMS-KVBv5
202608232214223735,202608232010369487,202608232010368283,85,1430,Bronze INV,br_AdmissionAssessmentDimensionTwo,TASK_COMPLETE,SUCCESS,INFO,1569,1569,0,,2026-08-23T20:10:41.468Z,2026-08-23T22:16:21.732Z,7540,2026-08-23T22:16:21.732Z,DRD-KVC,KVC,955211d4-28b8-44a0-8023-2bfaa48d6721,SAMMS-KVCv5
202608232214223736,202608232010369488,202608232010368283,85,1431,Bronze INV,br_AdmissionAssessmentDimensionTwo,TASK_COMPLETE,SUCCESS,INFO,1257,1257,0,,2026-08-23T20:10:41.468Z,2026-08-23T22:16:21.732Z,7540,2026-08-23T22:16:21.732Z,DRD-NOLA,NOLA,955211d4-28b8-44a0-8023-2bfaa48d6721,SAMMS-NOLAv5
202608232214223737,202608232010369489,202608232010368283,85,1432,Bronze INV,br_AdmissionAssessmentDimensionTwo,TASK_COMPLETE,SUCCESS,INFO,743,743,0,,2026-08-23T20:10:41.468Z,2026-08-23T22:16:21.732Z,7540,2026-08-23T22:16:21.732Z,DRD-SF,Springfield,955211d4-28b8-44a0-8023-2bfaa48d6721,SAMMS-SFv5
202608232214223739,202608232010369490,202608232010368283,85,1434,Bronze INV,br_AdmissionAssessmentDimensionTwo,TASK_COMPLETE,SUCCESS,INFO,253,253,0,,2026-08-23T20:10:41.468Z,2026-08-23T22:16:21.732Z,7540,2026-08-23T22:16:21.732Z,ELC,Elizabeth City,955211d4-28b8-44a0-8023-2bfaa48d6721,SAMMS-ElizabethCity
202608232214223740,202608232010369491,202608232010368283,85,1435,Bronze INV,br_AdmissionAssessmentDimensionTwo,TASK_COMPLETE,SUCCESS,INFO,264,264,0,,2026-08-23T20:10:41.468Z,2026-08-23T22:16:21.732Z,7540,2026-08-23T22:16:21.732Z,ET,Elizabethtown,955211d4-28b8-44a0-8023-2bfaa48d6721,SAMMS-Elizabethtown
202608232214223741,202608232010369492,202608232010368283,85,1436,Bronze INV,br_AdmissionAssessmentDimensionTwo,TASK_COMPLETE,SUCCESS,INFO,230,230,0,,2026-08-23T20:10:41.468Z,2026-08-23T22:16:21.732Z,7540,2026-08-23T22:16:21.732Z,FAY,Fayetteville,955211d4-28b8-44a0-8023-2bfaa48d6721,SAMMS-Fayetteville
202608232214223742,202608232010369493,202608232010368283,85,1437,Bronze INV,br_AdmissionAssessmentDimensionTwo,TASK_COMPLETE,SUCCESS,INFO,179,179,0,,2026-08-23T20:10:41.468Z,2026-08-23T22:16:21.732Z,7540,2026-08-23T22:16:21.732Z,FR,Frankfort,955211d4-28b8-44a0-8023-2bfaa48d6721,SAMMS-Frankfort
202608232214223743,202608232010369494,202608232010368283,85,1438,Bronze INV,br_AdmissionAssessmentDimensionTwo,TASK_COMPLETE,SUCCESS,INFO,279,279,0,,2026-08-23T20:10:41.468Z,2026-08-23T22:16:21.732Z,7540,2026-08-23T22:16:21.732Z,FS,Fort Smith,955211d4-28b8-44a0-8023-2bfaa48d6721,SAMMS-FortSmith
202608232214223744,202608232010369495,202608232010368283,85,1439,Bronze INV,br_AdmissionAssessmentDimensionTwo,TASK_COMPLETE,SUCCESS,INFO,679,679,0,,2026-08-23T20:10:41.468Z,2026-08-23T22:16:21.732Z,7540,2026-08-23T22:16:21.732Z,FW,Fort Wayne,955211d4-28b8-44a0-8023-2bfaa48d6721,SAMMS-FortWayne
202608232214223746,202608232010369496,202608232010368283,85,1440,Bronze INV,br_AdmissionAssessmentDimensionTwo,TASK_COMPLETE,SUCCESS,INFO,105,105,0,,2026-08-23T20:10:41.468Z,2026-08-23T22:16:21.732Z,7540,2026-08-23T22:16:21.732Z,GAL,Gaylord,955211d4-28b8-44a0-8023-2bfaa48d6721,SAMMS-Gaylord
202608232214223747,202608232010369497,202608232010368283,85,1444,Bronze INV,br_AdmissionAssessmentDimensionTwo,TASK_COMPLETE,SUCCESS,INFO,622,622,0,,2026-08-23T20:10:41.468Z,2026-08-23T22:16:21.732Z,7540,2026-08-23T22:16:21.732Z,HGT,Hagerstown,955211d4-28b8-44a0-8023-2bfaa48d6721,SAMMS-Hagerstown
202608232214223748,202608232010369498,202608232010368283,85,1445,Bronze INV,br_AdmissionAssessmentDimensionTwo,TASK_COMPLETE,SUCCESS,INFO,471,471,0,,2026-08-23T20:10:41.468Z,2026-08-23T22:16:21.732Z,7540,2026-08-23T22:16:21.732Z,HNT,Huntsville,955211d4-28b8-44a0-8023-2bfaa48d6721,SAMMS-Huntsville
202608232214223749,202608232010369499,202608232010368283,85,1446,Bronze INV,br_AdmissionAssessmentDimensionTwo,TASK_COMPLETE,SUCCESS,INFO,310,310,0,,2026-08-23T20:10:41.468Z,2026-08-23T22:16:21.732Z,7540,2026-08-23T22:16:21.732Z,HS,Hot Springs,955211d4-28b8-44a0-8023-2bfaa48d6721,SAMMS-HotSprings
202608232214223750,202608232010369500,202608232010368283,85,1447,Bronze INV,br_AdmissionAssessmentDimensionTwo,TASK_COMPLETE,SUCCESS,INFO,267,267,0,,2026-08-23T20:10:41.468Z,2026-08-23T22:16:21.732Z,7540,2026-08-23T22:16:21.732Z,JON,Jonesboro,955211d4-28b8-44a0-8023-2bfaa48d6721,SAMMS-Jonesboro
202608232214223751,202608232010369501,202608232010368283,85,1449,Bronze INV,br_AdmissionAssessmentDimensionTwo,TASK_COMPLETE,SUCCESS,INFO,154,154,0,,2026-08-23T20:10:41.468Z,2026-08-23T22:16:21.732Z,7540,2026-08-23T22:16:21.732Z,LAN,Lansing,955211d4-28b8-44a0-8023-2bfaa48d6721,SAMMS-Lansing
202608232214223753,202608232010369502,202608232010368283,85,1450,Bronze INV,br_AdmissionAssessmentDimensionTwo,TASK_COMPLETE,SUCCESS,INFO,429,429,0,,2026-08-23T20:10:41.468Z,2026-08-23T22:16:21.732Z,7540,2026-08-23T22:16:21.732Z,LO,Louisville,955211d4-28b8-44a0-8023-2bfaa48d6721,SAMMS-Louisville
202608232214223754,202608232010369503,202608232010368283,85,1451,Bronze INV,br_AdmissionAssessmentDimensionTwo,TASK_COMPLETE,SUCCESS,INFO,1170,1170,0,,2026-08-23T20:10:41.468Z,2026-08-23T22:16:21.732Z,7540,2026-08-23T22:16:21.732Z,LV1,Cheyenne,955211d4-28b8-44a0-8023-2bfaa48d6721,SAMMS-Cheyenne
202608232214223755,202608232010369504,202608232010368283,85,1452,Bronze INV,br_AdmissionAssessmentDimensionTwo,TASK_COMPLETE,SUCCESS,INFO,945,945,0,,2026-08-23T20:10:41.468Z,2026-08-23T22:16:21.732Z,7540,2026-08-23T22:16:21.732Z,LV2,Desert Inn,955211d4-28b8-44a0-8023-2bfaa48d6721,SAMMS-DesertInn
202608232214223756,202608232010369505,202608232010368283,85,1453,Bronze INV,br_AdmissionAssessmentDimensionTwo,TASK_COMPLETE,SUCCESS,INFO,311,311,0,,2026-08-23T20:10:41.468Z,2026-08-23T22:16:21.732Z,7540,2026-08-23T22:16:21.732Z,LV3,McDaniel,955211d4-28b8-44a0-8023-2bfaa48d6721,SAMMS-McDaniel
202608232214223757,202608232010369506,202608232010368283,85,1456,Bronze INV,br_AdmissionAssessmentDimensionTwo,TASK_COMPLETE,SUCCESS,INFO,271,271,0,,2026-08-23T20:10:41.468Z,2026-08-23T22:16:21.732Z,7540,2026-08-23T22:16:21.732Z,MNRE,Monroe,955211d4-28b8-44a0-8023-2bfaa48d6721,SAMMS-Monroe
202608232214223758,202608232010369507,202608232010368283,85,1457,Bronze INV,br_AdmissionAssessmentDimensionTwo,TASK_COMPLETE,SUCCESS,INFO,130,130,0,,2026-08-23T20:10:41.468Z,2026-08-23T22:16:21.732Z,7540,2026-08-23T22:16:21.732Z,MP,Mt. Pleasant,955211d4-28b8-44a0-8023-2bfaa48d6721,SAMMS-MtPleasant
202608232214223760,202608232010369508,202608232010368283,85,1458,Bronze INV,br_AdmissionAssessmentDimensionTwo,TASK_COMPLETE,SUCCESS,INFO,172,172,0,,2026-08-23T20:10:41.468Z,2026-08-23T22:16:21.732Z,7540,2026-08-23T22:16:21.732Z,MRD,Meridian,955211d4-28b8-44a0-8023-2bfaa48d6721,SAMMS-Meridian
202608232214223761,202608232010369509,202608232010368283,85,1463,Bronze INV,br_AdmissionAssessmentDimensionTwo,TASK_COMPLETE,SUCCESS,INFO,630,630,0,,2026-08-23T20:10:41.468Z,2026-08-23T22:16:21.732Z,7540,2026-08-23T22:16:21.732Z,NC,North Charleston,955211d4-28b8-44a0-8023-2bfaa48d6721,SAMMS-NorthCharleston
202608232214223762,202608232010369510,202608232010368283,85,1464,Bronze INV,br_AdmissionAssessmentDimensionTwo,TASK_COMPLETE,SUCCESS,INFO,568,568,0,,2026-08-23T20:10:41.468Z,2026-08-23T22:16:21.732Z,7540,2026-08-23T22:16:21.732Z,NLR,N. Little Rock,955211d4-28b8-44a0-8023-2bfaa48d6721,SAMMS-NLROBOT
202608232214223763,202608232010369511,202608232010368283,85,1465,Bronze INV,br_AdmissionAssessmentDimensionTwo,TASK_COMPLETE,SUCCESS,INFO,238,238,0,,2026-08-23T20:10:41.468Z,2026-08-23T22:16:21.732Z,7540,2026-08-23T22:16:21.732Z,PH,Phoenix,955211d4-28b8-44a0-8023-2bfaa48d6721,SAMMS-Phoenix
202608232214223764,202608232010369512,202608232010368283,85,1469,Bronze INV,br_AdmissionAssessmentDimensionTwo,TASK_COMPLETE,SUCCESS,INFO,409,409,0,,2026-08-23T20:10:41.468Z,2026-08-23T22:16:21.732Z,7540,2026-08-23T22:16:21.732Z,RE,Reno,955211d4-28b8-44a0-8023-2bfaa48d6721,SAMMS-Reno
202608232214223765,202608232010369513,202608232010368283,85,1470,Bronze INV,br_AdmissionAssessmentDimensionTwo,TASK_COMPLETE,SUCCESS,INFO,392,392,0,,2026-08-23T20:10:41.468Z,2026-08-23T22:16:21.732Z,7540,2026-08-23T22:16:21.732Z,RMD,Richmond,955211d4-28b8-44a0-8023-2bfaa48d6721,SAMMS-Richmond
202608232214223767,202608232010369514,202608232010368283,85,1471,Bronze INV,br_AdmissionAssessmentDimensionTwo,TASK_COMPLETE,SUCCESS,INFO,482,482,0,,2026-08-23T20:10:41.468Z,2026-08-23T22:16:21.732Z,7540,2026-08-23T22:16:21.732Z,SFN,Springfield North,955211d4-28b8-44a0-8023-2bfaa48d6721,SAMMS-SFNv5
202608232214223768,202608232010369515,202608232010368283,85,1472,Bronze INV,br_AdmissionAssessmentDimensionTwo,TASK_COMPLETE,SUCCESS,INFO,448,448,0,,2026-08-23T20:10:41.468Z,2026-08-23T22:16:21.732Z,7540,2026-08-23T22:16:21.732Z,SHP,Shreveport,955211d4-28b8-44a0-8023-2bfaa48d6721,SAMMS-Shreveport
202608232214223769,202608232010369516,202608232010368283,85,1474,Bronze INV,br_AdmissionAssessmentDimensionTwo,TASK_COMPLETE,SUCCESS,INFO,82,82,0,,2026-08-23T20:10:41.468Z,2026-08-23T22:16:21.732Z,7540,2026-08-23T22:16:21.732Z,STN,Staunton,955211d4-28b8-44a0-8023-2bfaa48d6721,SAMMS-Staunton
202608232214223770,202608232010369517,202608232010368283,85,1475,Bronze INV,br_AdmissionAssessmentDimensionTwo,TASK_COMPLETE,SUCCESS,INFO,52,52,0,,2026-08-23T20:10:41.468Z,2026-08-23T22:16:21.732Z,7540,2026-08-23T22:16:21.732Z,STVN,Stevenson,955211d4-28b8-44a0-8023-2bfaa48d6721,SAMMS-Stevenson
202608232214223771,202608232010369518,202608232010368283,85,1477,Bronze INV,br_AdmissionAssessmentDimensionTwo,TASK_COMPLETE,SUCCESS,INFO,71,71,0,,2026-08-23T20:10:41.468Z,2026-08-23T22:16:21.732Z,7540,2026-08-23T22:16:21.732Z,TE,Tempe,955211d4-28b8-44a0-8023-2bfaa48d6721,SAMMS-Tempe
202608232214223772,202608232010369519,202608232010368283,85,1478,Bronze INV,br_AdmissionAssessmentDimensionTwo,TASK_COMPLETE,SUCCESS,INFO,360,360,0,,2026-08-23T20:10:41.468Z,2026-08-23T22:16:21.732Z,7540,2026-08-23T22:16:21.732Z,TEX,Texarkana,955211d4-28b8-44a0-8023-2bfaa48d6721,SAMMS-Texarkana
202608232214223773,202608232010369520,202608232010368283,85,1479,Bronze INV,br_AdmissionAssessmentDimensionTwo,TASK_COMPLETE,SUCCESS,INFO,428,428,0,,2026-08-23T20:10:41.468Z,2026-08-23T22:16:21.732Z,7540,2026-08-23T22:16:21.732Z,TTCA,Bessemer,955211d4-28b8-44a0-8023-2bfaa48d6721,SAMMS-BessemerV5
202608232214223775,202608232010369521,202608232010368283,85,1480,Bronze INV,br_AdmissionAssessmentDimensionTwo,TASK_COMPLETE,SUCCESS,INFO,547,547,0,,2026-08-23T20:10:41.468Z,2026-08-23T22:16:21.732Z,7540,2026-08-23T22:16:21.732Z,TTCB,Cullman,955211d4-28b8-44a0-8023-2bfaa48d6721,SAMMS-CullmanV5
202608232214223776,202608232010369522,202608232010368283,85,1481,Bronze INV,br_AdmissionAssessmentDimensionTwo,TASK_COMPLETE,SUCCESS,INFO,318,318,0,,2026-08-23T20:10:41.468Z,2026-08-23T22:16:21.732Z,7540,2026-08-23T22:16:21.732Z,TTCC,Grand Bay,955211d4-28b8-44a0-8023-2bfaa48d6721,SAMMS-GrandBay
202608232214223777,202608232010369523,202608232010368283,85,1482,Bronze INV,br_AdmissionAssessmentDimensionTwo,TASK_COMPLETE,SUCCESS,INFO,22,22,0,,2026-08-23T20:10:41.468Z,2026-08-23T22:16:21.732Z,7540,2026-08-23T22:16:21.732Z,TU,Tucson,955211d4-28b8-44a0-8023-2bfaa48d6721,SAMMS-Tucson
202608232214223778,202608232010369524,202608232010368283,85,1484,Bronze INV,br_AdmissionAssessmentDimensionTwo,TASK_COMPLETE,SUCCESS,INFO,251,251,0,,2026-08-23T20:10:41.468Z,2026-08-23T22:16:21.732Z,7540,2026-08-23T22:16:21.732Z,V1,Memphis South,955211d4-28b8-44a0-8023-2bfaa48d6721,SAMMS-VCPHCS-I-MemphisV5
202608232214223779,202608232010369525,202608232010368283,85,1485,Bronze INV,br_AdmissionAssessmentDimensionTwo,TASK_COMPLETE,SUCCESS,INFO,695,695,0,,2026-08-23T20:10:41.468Z,2026-08-23T22:16:21.732Z,7540,2026-08-23T22:16:21.732Z,V10,Longmont,955211d4-28b8-44a0-8023-2bfaa48d6721,SAMMS-BoulderV5
202608232214223780,202608232010369526,202608232010368283,85,1486,Bronze INV,br_AdmissionAssessmentDimensionTwo,TASK_COMPLETE,SUCCESS,INFO,1187,1187,0,,2026-08-23T20:10:41.468Z,2026-08-23T22:16:21.732Z,7540,2026-08-23T22:16:21.732Z,V10A,Fort Collins,955211d4-28b8-44a0-8023-2bfaa48d6721,SAMMS-FortCollinsV5
202608232214223782,202608232010369527,202608232010368283,85,1487,Bronze INV,br_AdmissionAssessmentDimensionTwo,TASK_COMPLETE,SUCCESS,INFO,993,993,0,,2026-08-23T20:10:41.468Z,2026-08-23T22:16:21.732Z,7540,2026-08-23T22:16:21.732Z,V11,Westminster,955211d4-28b8-44a0-8023-2bfaa48d6721,SAMMS-VCPHCS-XI-NorthDenverV5
202608232214223783,202608232010369528,202608232010368283,85,1488,Bronze INV,br_AdmissionAssessmentDimensionTwo,TASK_COMPLETE,SUCCESS,INFO,1069,1069,0,,2026-08-23T20:10:41.468Z,2026-08-23T22:16:21.732Z,7540,2026-08-23T22:16:21.732Z,V12,Downtown Denver,955211d4-28b8-44a0-8023-2bfaa48d6721,SAMMS-VCPHCS-XII-DowntownDenverV5
202608232214223784,202608232010369529,202608232010368283,85,1489,Bronze INV,br_AdmissionAssessmentDimensionTwo,TASK_COMPLETE,SUCCESS,INFO,479,479,0,,2026-08-23T20:10:41.468Z,2026-08-23T22:16:21.732Z,7540,2026-08-23T22:16:21.732Z,V12A,Centennial,955211d4-28b8-44a0-8023-2bfaa48d6721,SAMMS-CentennialV5
202608232214223785,202608232010369530,202608232010368283,85,1490,Bronze INV,br_AdmissionAssessmentDimensionTwo,TASK_COMPLETE,SUCCESS,INFO,294,294,0,,2026-08-23T20:10:41.468Z,2026-08-23T22:16:21.732Z,7540,2026-08-23T22:16:21.732Z,V14,Overland Park,955211d4-28b8-44a0-8023-2bfaa48d6721,SAMMS-VCPHCS-XIV-BridgewayV5
202608232214223786,202608232010369531,202608232010368283,85,1491,Bronze INV,br_AdmissionAssessmentDimensionTwo,TASK_COMPLETE,SUCCESS,INFO,564,564,0,,2026-08-23T20:10:41.468Z,2026-08-23T22:16:21.732Z,7540,2026-08-23T22:16:21.732Z,V15,Joplin,955211d4-28b8-44a0-8023-2bfaa48d6721,SAMMS-JoplinV5
202608232214223787,202608232010369532,202608232010368283,85,1493,Bronze INV,br_AdmissionAssessmentDimensionTwo,TASK_COMPLETE,SUCCESS,INFO,472,472,0,,2026-08-23T20:10:41.468Z,2026-08-23T22:16:21.732Z,7540,2026-08-23T22:16:21.732Z,V17,Columbia TN,955211d4-28b8-44a0-8023-2bfaa48d6721,SAMMS-ColumbiaTNv5
202608232214223789,202608232010369533,202608232010368283,85,1495,Bronze INV,br_AdmissionAssessmentDimensionTwo,TASK_COMPLETE,SUCCESS,INFO,418,418,0,,2026-08-23T20:10:41.468Z,2026-08-23T22:16:21.732Z,7540,2026-08-23T22:16:21.732Z,V19,Jackson,955211d4-28b8-44a0-8023-2bfaa48d6721,SAMMS-JacksonV5
202608232214223790,202608232010369534,202608232010368283,85,1497,Bronze INV,br_AdmissionAssessmentDimensionTwo,TASK_COMPLETE,SUCCESS,INFO,487,487,0,,2026-08-23T20:10:41.468Z,2026-08-23T22:16:21.732Z,7540,2026-08-23T22:16:21.732Z,V20,Paris,955211d4-28b8-44a0-8023-2bfaa48d6721,SAMMS-ParisV5
202608232214223791,202608232010369535,202608232010368283,85,1498,Bronze INV,br_AdmissionAssessmentDimensionTwo,TASK_COMPLETE,SUCCESS,INFO,355,355,0,,2026-08-23T20:10:41.468Z,2026-08-23T22:16:21.732Z,7540,2026-08-23T22:16:21.732Z,V21,Memphis North,955211d4-28b8-44a0-8023-2bfaa48d6721,SAMMS-RaleighV5
202608232214223792,202608232010369536,202608232010368283,85,1501,Bronze INV,br_AdmissionAssessmentDimensionTwo,TASK_COMPLETE,SUCCESS,INFO,707,707,0,,2026-08-23T20:10:41.468Z,2026-08-23T22:16:21.732Z,7540,2026-08-23T22:16:21.732Z,V5,West Bank,955211d4-28b8-44a0-8023-2bfaa48d6721,SAMMS-NONTCv5
202608232214223793,202608232010369537,202608232010368283,85,1503,Bronze INV,br_AdmissionAssessmentDimensionTwo,TASK_COMPLETE,SUCCESS,INFO,257,257,0,,2026-08-23T20:10:41.468Z,2026-08-23T22:16:21.732Z,7540,2026-08-23T22:16:21.732Z,V5B,Houma,955211d4-28b8-44a0-8023-2bfaa48d6721,SAMMS-HoumaV6
202608232214223794,202608232010369538,202608232010368283,85,1504,Bronze INV,br_AdmissionAssessmentDimensionTwo,TASK_COMPLETE,SUCCESS,INFO,960,960,0,,2026-08-23T20:10:41.468Z,2026-08-23T22:16:21.732Z,7540,2026-08-23T22:16:21.732Z,V6,Lake Charles,955211d4-28b8-44a0-8023-2bfaa48d6721,SAMMS-LCv5
202608262209457470,202608261955299538,202608261955298282,85,1506,Bronze INV,br_AdmissionAssessmentDimensionTwo,TASK_COMPLETE,SUCCESS,INFO,569,569,0,,2026-08-26T19:55:35.047Z,2026-08-26T22:11:39.517Z,8164,2026-08-26T22:11:39.517Z,V8,Memphis Midtown,20846baf-2fe5-403c-85d4-31520e88a3ce,SAMMS-VCPHCS-VIII-MemphisV5
202608262209457471,202608261955299539,202608261955298282,85,1507,Bronze INV,br_AdmissionAssessmentDimensionTwo,TASK_COMPLETE,SUCCESS,INFO,1583,1583,0,,2026-08-26T19:55:35.047Z,2026-08-26T22:11:39.517Z,8164,2026-08-26T22:11:39.517Z,V9,Nashville,20846baf-2fe5-403c-85d4-31520e88a3ce,SAMMS-NashvilleV5
202608262209457472,202608261955299540,202608261955298282,85,1508,Bronze INV,br_AdmissionAssessmentDimensionTwo,TASK_COMPLETE,SUCCESS,INFO,332,332,0,,2026-08-26T19:55:35.047Z,2026-08-26T22:11:39.517Z,8164,2026-08-26T22:11:39.517Z,VBRA,Brainerd,20846baf-2fe5-403c-85d4-31520e88a3ce,SAMMS-BrainerdV6
202608262209457473,202608261955299541,202608261955298282,85,1509,Bronze INV,br_AdmissionAssessmentDimensionTwo,TASK_COMPLETE,SUCCESS,INFO,598,598,0,,2026-08-26T19:55:35.047Z,2026-08-26T22:11:39.517Z,8164,2026-08-26T22:11:39.517Z,VBRP,Brooklyn Park,20846baf-2fe5-403c-85d4-31520e88a3ce,SAMMS-BrooklynParkV6
202608262209457474,202608261955299542,202608261955298282,85,1511,Bronze INV,br_AdmissionAssessmentDimensionTwo,TASK_COMPLETE,SUCCESS,INFO,579,579,0,,2026-08-26T19:55:35.047Z,2026-08-26T22:11:39.517Z,8164,2026-08-26T22:11:39.517Z,VMIN,Minneapolis,20846baf-2fe5-403c-85d4-31520e88a3ce,SAMMS-MinneapolisV6
202608262209457475,202608261955299543,202608261955298282,85,1512,Bronze INV,br_AdmissionAssessmentDimensionTwo,TASK_COMPLETE,SUCCESS,INFO,1075,1075,0,,2026-08-26T19:55:35.047Z,2026-08-26T22:11:39.517Z,8164,2026-08-26T22:11:39.517Z,VWBY,Woodbury,20846baf-2fe5-403c-85d4-31520e88a3ce,SAMMS-WoodburyV6
202608262209457476,202608261955299544,202608261955298282,85,1514,Bronze INV,br_AdmissionAssessmentDimensionTwo,TASK_COMPLETE,SUCCESS,INFO,432,432,0,,2026-08-26T19:55:35.047Z,2026-08-26T22:11:39.517Z,8164,2026-08-26T22:11:39.517Z,WIL,Wilson,20846baf-2fe5-403c-85d4-31520e88a3ce,SAMMS-Wilson
202608262209457578,202608261955398285,202608261955398282,86,5722,Silver INV,sl_AdmissionAssessmentDimensionTwo,TASK_COMPLETE,SUCCESS,INFO,51419,51419,0,,2026-08-26T19:55:35.047Z,2026-08-26T22:11:39.517Z,8164,2026-08-26T22:11:39.517Z,,,20846baf-2fe5-403c-85d4-31520e88a3ce,
202608262209457494,202608261955299200,202608261955298282,85,1518,Bronze INV,br_AdmissionAssessmentSummary,TASK_COMPLETE,SUCCESS,INFO,117,117,0,,2026-08-26T19:55:35.047Z,2026-08-26T22:11:39.517Z,8164,2026-08-26T22:11:39.517Z,AHK,Ahoskie,20846baf-2fe5-403c-85d4-31520e88a3ce,SAMMS-Ahoskie
202608262209457495,202608261955299201,202608261955298282,85,1519,Bronze INV,br_AdmissionAssessmentSummary,TASK_COMPLETE,SUCCESS,INFO,802,802,0,,2026-08-26T19:55:35.047Z,2026-08-26T22:11:39.517Z,8164,2026-08-26T22:11:39.517Z,B12B,Colorado Springs,20846baf-2fe5-403c-85d4-31520e88a3ce,SAMMS-ColoradoSpringsV5
202608262209457496,202608261955299202,202608261955298282,85,1520,Bronze INV,br_AdmissionAssessmentSummary,TASK_COMPLETE,SUCCESS,INFO,435,435,0,,2026-08-26T19:55:35.047Z,2026-08-26T22:11:39.517Z,8164,2026-08-26T22:11:39.517Z,B24,Paintsville,20846baf-2fe5-403c-85d4-31520e88a3ce,SAMMS-PaintsvilleV5
202608262209457498,202608261955299203,202608261955298282,85,1521,Bronze INV,br_AdmissionAssessmentSummary,TASK_COMPLETE,SUCCESS,INFO,174,174,0,,2026-08-26T19:55:35.047Z,2026-08-26T22:11:39.517Z,8164,2026-08-26T22:11:39.517Z,B25,Pikeville,20846baf-2fe5-403c-85d4-31520e88a3ce,SAMMS-PikevilleV5
202608262209457499,202608261955299204,202608261955298282,85,1522,Bronze INV,br_AdmissionAssessmentSummary,TASK_COMPLETE,SUCCESS,INFO,501,501,0,,2026-08-26T19:55:35.047Z,2026-08-26T22:11:39.517Z,8164,2026-08-26T22:11:39.517Z,B26,Hazard,20846baf-2fe5-403c-85d4-31520e88a3ce,SAMMS-HazardV5
202608262209457500,202608261955299205,202608261955298282,85,1523,Bronze INV,br_AdmissionAssessmentSummary,TASK_COMPLETE,SUCCESS,INFO,199,199,0,,2026-08-26T19:55:35.047Z,2026-08-26T22:11:39.517Z,8164,2026-08-26T22:11:39.517Z,B27,Savannah,20846baf-2fe5-403c-85d4-31520e88a3ce,SAMMS-SavannahV6
202608262209457501,202608261955299206,202608261955298282,85,1524,Bronze INV,br_AdmissionAssessmentSummary,TASK_COMPLETE,SUCCESS,INFO,239,239,0,,2026-08-26T19:55:35.047Z,2026-08-26T22:11:39.517Z,8164,2026-08-26T22:11:39.517Z,B28,West Plains,20846baf-2fe5-403c-85d4-31520e88a3ce,SAMMS-WestPlainesV5
202608262209457502,202608261955299207,202608261955298282,85,1525,Bronze INV,br_AdmissionAssessmentSummary,TASK_COMPLETE,SUCCESS,INFO,263,263,0,,2026-08-26T19:55:35.047Z,2026-08-26T22:11:39.517Z,8164,2026-08-26T22:11:39.517Z,B29,Poplar Bluff,20846baf-2fe5-403c-85d4-31520e88a3ce,SAMMS-PoplarBluffV5
202608262209457503,202608261955299208,202608261955298282,85,1526,Bronze INV,br_AdmissionAssessmentSummary,TASK_COMPLETE,SUCCESS,INFO,166,166,0,,2026-08-26T19:55:35.047Z,2026-08-26T22:11:39.517Z,8164,2026-08-26T22:11:39.517Z,B30,KC North,20846baf-2fe5-403c-85d4-31520e88a3ce,SAMMS-KCNv5
202608262209457504,202608261955299209,202608261955298282,85,1527,Bronze INV,br_AdmissionAssessmentSummary,TASK_COMPLETE,SUCCESS,INFO,384,384,0,,2026-08-26T19:55:35.047Z,2026-08-26T22:11:39.517Z,8164,2026-08-26T22:11:39.517Z,B31,Dyersburg,20846baf-2fe5-403c-85d4-31520e88a3ce,SAMMS-DyersburgV5
202608262209457505,202608261955299210,202608261955298282,85,1529,Bronze INV,br_AdmissionAssessmentSummary,TASK_COMPLETE,SUCCESS,INFO,217,217,0,,2026-08-26T19:55:35.047Z,2026-08-26T22:11:39.517Z,8164,2026-08-26T22:11:39.517Z,B33,Paducah,20846baf-2fe5-403c-85d4-31520e88a3ce,SAMMS-Paducah
202608262209457507,202608261955299211,202608261955298282,85,1530,Bronze INV,br_AdmissionAssessmentSummary,TASK_COMPLETE,SUCCESS,INFO,461,461,0,,2026-08-26T19:55:35.047Z,2026-08-26T22:11:39.517Z,8164,2026-08-26T22:11:39.517Z,B34,Corbin,20846baf-2fe5-403c-85d4-31520e88a3ce,SAMMS-CorbinV5
202608262209457508,202608261955299212,202608261955298282,85,1531,Bronze INV,br_AdmissionAssessmentSummary,TASK_COMPLETE,SUCCESS,INFO,738,738,0,,2026-08-26T19:55:35.047Z,2026-08-26T22:11:39.517Z,8164,2026-08-26T22:11:39.517Z,B35,Lexington,20846baf-2fe5-403c-85d4-31520e88a3ce,SAMMS-LexingtonV5
202608262209457509,202608261955299213,202608261955298282,85,1532,Bronze INV,br_AdmissionAssessmentSummary,TASK_COMPLETE,SUCCESS,INFO,358,358,0,,2026-08-26T19:55:35.047Z,2026-08-26T22:11:39.517Z,8164,2026-08-26T22:11:39.517Z,B35A,Berea,20846baf-2fe5-403c-85d4-31520e88a3ce,SAMMS-BereaV5
202608262209457510,202608261955299214,202608261955298282,85,1533,Bronze INV,br_AdmissionAssessmentSummary,TASK_COMPLETE,SUCCESS,INFO,633,633,0,,2026-08-26T19:55:35.047Z,2026-08-26T22:11:39.517Z,8164,2026-08-26T22:11:39.517Z,B36,Asheville,20846baf-2fe5-403c-85d4-31520e88a3ce,SAMMS-AshevilleV5
202608262209457511,202608261955299215,202608261955298282,85,1534,Bronze INV,br_AdmissionAssessmentSummary,TASK_COMPLETE,SUCCESS,INFO,473,473,0,,2026-08-26T19:55:35.047Z,2026-08-26T22:11:39.517Z,8164,2026-08-26T22:11:39.517Z,B37,Clyde,20846baf-2fe5-403c-85d4-31520e88a3ce,SAMMS-ClydeV5
202608262209457512,202608261955299216,202608261955298282,85,1535,Bronze INV,br_AdmissionAssessmentSummary,TASK_COMPLETE,SUCCESS,INFO,644,644,0,,2026-08-26T19:55:35.047Z,2026-08-26T22:11:39.517Z,8164,2026-08-26T22:11:39.517Z,B38,Spartanburg,20846baf-2fe5-403c-85d4-31520e88a3ce,SAMMS-SpartanburgV5
202608262209457513,202608261955299217,202608261955298282,85,1536,Bronze INV,br_AdmissionAssessmentSummary,TASK_COMPLETE,SUCCESS,INFO,497,497,0,,2026-08-26T19:55:35.047Z,2026-08-26T22:11:39.517Z,8164,2026-08-26T22:11:39.517Z,B39,Aiken,20846baf-2fe5-403c-85d4-31520e88a3ce,SAMMS-AikenV5
202608262209457514,202608261955299218,202608261955298282,85,1537,Bronze INV,br_AdmissionAssessmentSummary,TASK_COMPLETE,SUCCESS,INFO,329,329,0,,2026-08-26T19:55:35.047Z,2026-08-26T22:11:39.517Z,8164,2026-08-26T22:11:39.517Z,B41,Chesapeake,20846baf-2fe5-403c-85d4-31520e88a3ce,SAMMS-ChesapeakeV5
202608262209457515,202608261955299219,202608261955298282,85,1538,Bronze INV,br_AdmissionAssessmentSummary,TASK_COMPLETE,SUCCESS,INFO,568,568,0,,2026-08-26T19:55:35.047Z,2026-08-26T22:11:39.517Z,8164,2026-08-26T22:11:39.517Z,B42,Virginia Beach,20846baf-2fe5-403c-85d4-31520e88a3ce,SAMMS-VirginiaBeachV5
202608262209457517,202608261955299220,202608261955298282,85,1539,Bronze INV,br_AdmissionAssessmentSummary,TASK_COMPLETE,SUCCESS,INFO,175,175,0,,2026-08-26T19:55:35.047Z,2026-08-26T22:11:39.517Z,8164,2026-08-26T22:11:39.517Z,B42A,Newport News,20846baf-2fe5-403c-85d4-31520e88a3ce,SAMMS-NewportNewsV5
202608262209457518,202608261955299221,202608261955298282,85,1540,Bronze INV,br_AdmissionAssessmentSummary,TASK_COMPLETE,SUCCESS,INFO,61,61,0,,2026-08-26T19:55:35.047Z,2026-08-26T22:11:39.517Z,8164,2026-08-26T22:11:39.517Z,B42B,Franklin,20846baf-2fe5-403c-85d4-31520e88a3ce,SAMMS-FranklinV5
202608262209457519,202608261955299222,202608261955298282,85,1541,Bronze INV,br_AdmissionAssessmentSummary,TASK_COMPLETE,SUCCESS,INFO,352,352,0,,2026-08-26T19:55:35.047Z,2026-08-26T22:11:39.517Z,8164,2026-08-26T22:11:39.517Z,B42C,Glen Allen,20846baf-2fe5-403c-85d4-31520e88a3ce,SAMMS-GlenAllenV5
202608262209457520,202608261955299223,202608261955298282,85,1542,Bronze INV,br_AdmissionAssessmentSummary,TASK_COMPLETE,SUCCESS,INFO,176,176,0,,2026-08-26T19:55:35.047Z,2026-08-26T22:11:39.517Z,8164,2026-08-26T22:11:39.517Z,B42D,Chesapeake South,20846baf-2fe5-403c-85d4-31520e88a3ce,SAMMS-ChesapeakeSouthV5
202608262209457521,202608261955299224,202608261955298282,85,1543,Bronze INV,br_AdmissionAssessmentSummary,TASK_COMPLETE,SUCCESS,INFO,218,218,0,,2026-08-26T19:55:35.047Z,2026-08-26T22:11:39.517Z,8164,2026-08-26T22:11:39.517Z,B44,Albany,20846baf-2fe5-403c-85d4-31520e88a3ce,SAMMS-AlbanyV5
202608262209457522,202608261955299225,202608261955298282,85,1544,Bronze INV,br_AdmissionAssessmentSummary,TASK_COMPLETE,SUCCESS,INFO,313,313,0,,2026-08-26T19:55:35.047Z,2026-08-26T22:11:39.517Z,8164,2026-08-26T22:11:39.517Z,B45,Tifton,20846baf-2fe5-403c-85d4-31520e88a3ce,SAMMS-TiftonV5
202608262209457523,202608261955299226,202608261955298282,85,1545,Bronze INV,br_AdmissionAssessmentSummary,TASK_COMPLETE,SUCCESS,INFO,710,710,0,,2026-08-26T19:55:35.047Z,2026-08-26T22:11:39.517Z,8164,2026-08-26T22:11:39.517Z,B46,Washington DC,20846baf-2fe5-403c-85d4-31520e88a3ce,SAMMS-WashingtonDCv5
202608262209457524,202608261955299227,202608261955298282,85,1546,Bronze INV,br_AdmissionAssessmentSummary,TASK_COMPLETE,SUCCESS,INFO,412,412,0,,2026-08-26T19:55:35.047Z,2026-08-26T22:11:39.517Z,8164,2026-08-26T22:11:39.517Z,B47,Mobile,20846baf-2fe5-403c-85d4-31520e88a3ce,SAMMS-MobileV5
202608262209457525,202608261955299228,202608261955298282,85,1547,Bronze INV,br_AdmissionAssessmentSummary,TASK_COMPLETE,SUCCESS,INFO,477,477,0,,2026-08-26T19:55:35.047Z,2026-08-26T22:11:39.517Z,8164,2026-08-26T22:11:39.517Z,B48,Tuscaloosa,20846baf-2fe5-403c-85d4-31520e88a3ce,SAMMS-TuscaloosaV5
202608262209457527,202608261955299229,202608261955298282,85,1556,Bronze INV,br_AdmissionAssessmentSummary,TASK_COMPLETE,SUCCESS,INFO,323,323,0,,2026-08-26T19:55:35.047Z,2026-08-26T22:11:39.517Z,8164,2026-08-26T22:11:39.517Z,B51,N. Little Rock (OTP),20846baf-2fe5-403c-85d4-31520e88a3ce,SAMMS-NorthLittleRockV6
202608262209457528,202608261955299230,202608261955298282,85,1557,Bronze INV,br_AdmissionAssessmentSummary,TASK_COMPLETE,SUCCESS,INFO,166,166,0,,2026-08-26T19:55:35.047Z,2026-08-26T22:11:39.517Z,8164,2026-08-26T22:11:39.517Z,B52,Jackson GA,20846baf-2fe5-403c-85d4-31520e88a3ce,SAMMS-JacksonGAV5
202608262209457529,202608261955299231,202608261955298282,85,1558,Bronze INV,br_AdmissionAssessmentSummary,TASK_COMPLETE,SUCCESS,INFO,511,511,0,,2026-08-26T19:55:35.047Z,2026-08-26T22:11:39.517Z,8164,2026-08-26T22:11:39.517Z,B54,Gadsden,20846baf-2fe5-403c-85d4-31520e88a3ce,SAMMS-GadsdenV5
202608262209457530,202608261955299232,202608261955298282,85,1559,Bronze INV,br_AdmissionAssessmentSummary,TASK_COMPLETE,SUCCESS,INFO,522,522,0,,2026-08-26T19:55:35.047Z,2026-08-26T22:11:39.517Z,8164,2026-08-26T22:11:39.517Z,B55,Shoals,20846baf-2fe5-403c-85d4-31520e88a3ce,SAMMS-ShoalsV5
202608262209457531,202608261955299233,202608261955298282,85,1560,Bronze INV,br_AdmissionAssessmentSummary,TASK_COMPLETE,SUCCESS,INFO,178,178,0,,2026-08-26T19:55:35.047Z,2026-08-26T22:11:39.517Z,8164,2026-08-26T22:11:39.517Z,B57,Pawtucket,20846baf-2fe5-403c-85d4-31520e88a3ce,SAMMS-Pawtucket
202608262209457532,202608261955299234,202608261955298282,85,1561,Bronze INV,br_AdmissionAssessmentSummary,TASK_COMPLETE,SUCCESS,INFO,179,179,0,,2026-08-26T19:55:35.047Z,2026-08-26T22:11:39.517Z,8164,2026-08-26T22:11:39.517Z,B57A,Johnston,20846baf-2fe5-403c-85d4-31520e88a3ce,SAMMS-Johnston
202608262209457533,202608261955299235,202608261955298282,85,1562,Bronze INV,br_AdmissionAssessmentSummary,TASK_COMPLETE,SUCCESS,INFO,100,100,0,,2026-08-26T19:55:35.047Z,2026-08-26T22:11:39.517Z,8164,2026-08-26T22:11:39.517Z,B57B,Middletown,20846baf-2fe5-403c-85d4-31520e88a3ce,SAMMS-Middletown
202608262209457534,202608261955299236,202608261955298282,85,1563,Bronze INV,br_AdmissionAssessmentSummary,TASK_COMPLETE,SUCCESS,INFO,188,188,0,,2026-08-26T19:55:35.047Z,2026-08-26T22:11:39.517Z,8164,2026-08-26T22:11:39.517Z,B57C,Providence,20846baf-2fe5-403c-85d4-31520e88a3ce,SAMMS-Providence
202608262209457536,202608261955299237,202608261955298282,85,1564,Bronze INV,br_AdmissionAssessmentSummary,TASK_COMPLETE,SUCCESS,INFO,267,267,0,,2026-08-26T19:55:35.047Z,2026-08-26T22:11:39.517Z,8164,2026-08-26T22:11:39.517Z,B57D,Westerly,20846baf-2fe5-403c-85d4-31520e88a3ce,SAMMS-Westerly
202608262209457537,202608261955299238,202608261955298282,85,1568,Bronze INV,br_AdmissionAssessmentSummary,TASK_COMPLETE,SUCCESS,INFO,373,373,0,,2026-08-26T19:55:35.047Z,2026-08-26T22:11:39.517Z,8164,2026-08-26T22:11:39.517Z,B66A,Bremen,20846baf-2fe5-403c-85d4-31520e88a3ce,SAMMS-Bremen
202608262209457538,202608261955299239,202608261955298282,85,1571,Bronze INV,br_AdmissionAssessmentSummary,TASK_COMPLETE,SUCCESS,INFO,52,52,0,,2026-08-26T19:55:35.047Z,2026-08-26T22:11:39.517Z,8164,2026-08-26T22:11:39.517Z,B72,Mobile (OBOT),20846baf-2fe5-403c-85d4-31520e88a3ce,SAMMS-Mobile-OBOT
202608262209457539,202608261955299240,202608261955298282,85,1572,Bronze INV,br_AdmissionAssessmentSummary,TASK_COMPLETE,SUCCESS,INFO,4,4,0,,2026-08-26T19:55:35.047Z,2026-08-26T22:11:39.517Z,8164,2026-08-26T22:11:39.517Z,B73,Montgomery,20846baf-2fe5-403c-85d4-31520e88a3ce,SAMMS-Montgomery
202608262209457540,202608261955299241,202608261955298282,85,1573,Bronze INV,br_AdmissionAssessmentSummary,TASK_COMPLETE,SUCCESS,INFO,341,341,0,,2026-08-26T19:55:35.047Z,2026-08-26T22:11:39.517Z,8164,2026-08-26T22:11:39.517Z,B75,Lawrence,20846baf-2fe5-403c-85d4-31520e88a3ce,SAMMS-LawrenceV6
202608262209457541,202608261955299242,202608261955298282,85,1574,Bronze INV,br_AdmissionAssessmentSummary,TASK_COMPLETE,SUCCESS,INFO,54,54,0,,2026-08-26T19:55:35.047Z,2026-08-26T22:11:39.517Z,8164,2026-08-26T22:11:39.517Z,B76,Huntsville OBOT,20846baf-2fe5-403c-85d4-31520e88a3ce,SAMMS-Huntsville-OBOT
202608262209457542,202608261955299243,202608261955298282,85,1575,Bronze INV,br_AdmissionAssessmentSummary,TASK_COMPLETE,SUCCESS,INFO,307,307,0,,2026-08-26T19:55:35.047Z,2026-08-26T22:11:39.517Z,8164,2026-08-26T22:11:39.517Z,BAT,Batesville,20846baf-2fe5-403c-85d4-31520e88a3ce,SAMMS-Batesville
202608262209457543,202608261955299244,202608261955298282,85,1576,Bronze INV,br_AdmissionAssessmentSummary,TASK_COMPLETE,SUCCESS,INFO,246,246,0,,2026-08-26T19:55:35.047Z,2026-08-26T22:11:39.517Z,8164,2026-08-26T22:11:39.517Z,BG,Bowling Green,20846baf-2fe5-403c-85d4-31520e88a3ce,SAMMS-BowlingGreen
202608262209457544,202608261955299245,202608261955298282,85,1577,Bronze INV,br_AdmissionAssessmentSummary,TASK_COMPLETE,SUCCESS,INFO,234,234,0,,2026-08-26T19:55:35.047Z,2026-08-26T22:11:39.517Z,8164,2026-08-26T22:11:39.517Z,BOI,Boise,20846baf-2fe5-403c-85d4-31520e88a3ce,SAMMS-Boise
202608262209457545,202608261955299246,202608261955298282,85,1584,Bronze INV,br_AdmissionAssessmentSummary,TASK_COMPLETE,SUCCESS,INFO,308,308,0,,2026-08-26T19:55:35.047Z,2026-08-26T22:11:39.517Z,8164,2026-08-26T22:11:39.517Z,CBCO,Coeur dAlene,20846baf-2fe5-403c-85d4-31520e88a3ce,SAMMS-CoeurdAleneV6
202608262209457546,202608261955299247,202608261955298282,85,1603,Bronze INV,br_AdmissionAssessmentSummary,TASK_COMPLETE,SUCCESS,INFO,345,345,0,,2026-08-26T19:55:35.047Z,2026-08-26T22:11:39.517Z,8164,2026-08-26T22:11:39.517Z,CON,Conway,20846baf-2fe5-403c-85d4-31520e88a3ce,SAMMS-Conway
202608262209457548,202608261955299248,202608261955298282,85,1604,Bronze INV,br_AdmissionAssessmentSummary,TASK_COMPLETE,SUCCESS,INFO,1639,1639,0,,2026-08-26T19:55:35.047Z,2026-08-26T22:11:39.517Z,8164,2026-08-26T22:11:39.517Z,D07,Medical Services Knox TN,20846baf-2fe5-403c-85d4-31520e88a3ce,SAMMS-KnoxvilleV6
202608262209457549,202608261955299249,202608261955298282,85,1605,Bronze INV,br_AdmissionAssessmentSummary,TASK_COMPLETE,SUCCESS,INFO,1040,1040,0,,2026-08-26T19:55:35.047Z,2026-08-26T22:11:39.517Z,8164,2026-08-26T22:11:39.517Z,D08,Madison,20846baf-2fe5-403c-85d4-31520e88a3ce,SAMMS-MadisonV6
202608262209457550,202608261955299250,202608261955298282,85,1607,Bronze INV,br_AdmissionAssessmentSummary,TASK_COMPLETE,SUCCESS,INFO,987,987,0,,2026-08-26T19:55:35.047Z,2026-08-26T22:11:39.517Z,8164,2026-08-26T22:11:39.517Z,D09,Murfreesboro,20846baf-2fe5-403c-85d4-31520e88a3ce,SAMMS-MurfreesboroV6
202608262209457551,202608261955299251,202608261955298282,85,1608,Bronze INV,br_AdmissionAssessmentSummary,TASK_COMPLETE,SUCCESS,INFO,231,231,0,,2026-08-26T19:55:35.047Z,2026-08-26T22:11:39.517Z,8164,2026-08-26T22:11:39.517Z,DA,Davenport,20846baf-2fe5-403c-85d4-31520e88a3ce,SAMMS-Davenport
202608262209457552,202608261955299252,202608261955298282,85,1609,Bronze INV,br_AdmissionAssessmentSummary,TASK_COMPLETE,SUCCESS,INFO,365,365,0,,2026-08-26T19:55:35.047Z,2026-08-26T22:11:39.517Z,8164,2026-08-26T22:11:39.517Z,DM,Des Moines,20846baf-2fe5-403c-85d4-31520e88a3ce,SAMMS-DesMoines
202608262209457553,202608261955299253,202608261955298282,85,1611,Bronze INV,br_AdmissionAssessmentSummary,TASK_COMPLETE,SUCCESS,INFO,500,500,0,,2026-08-26T19:55:35.047Z,2026-08-26T22:11:39.517Z,8164,2026-08-26T22:11:39.517Z,DRD-CO,Columbia MO,20846baf-2fe5-403c-85d4-31520e88a3ce,SAMMS-ColumbiaV5
202608262209457554,202608261955299254,202608261955298282,85,1612,Bronze INV,br_AdmissionAssessmentSummary,TASK_COMPLETE,SUCCESS,INFO,620,620,0,,2026-08-26T19:55:35.047Z,2026-08-26T22:11:39.517Z,8164,2026-08-26T22:11:39.517Z,DRD-KC,KC,20846baf-2fe5-403c-85d4-31520e88a3ce,SAMMS-KCv5
202608262209457555,202608261955299255,202608261955298282,85,1613,Bronze INV,br_AdmissionAssessmentSummary,TASK_COMPLETE,SUCCESS,INFO,988,988,0,,2026-08-26T19:55:35.047Z,2026-08-26T22:11:39.517Z,8164,2026-08-26T22:11:39.517Z,DRD-KVB,KVB,20846baf-2fe5-403c-85d4-31520e88a3ce,SAMMS-KVBv5
202608262209457557,202608261955299256,202608261955298282,85,1614,Bronze INV,br_AdmissionAssessmentSummary,TASK_COMPLETE,SUCCESS,INFO,1607,1607,0,,2026-08-26T19:55:35.047Z,2026-08-26T22:11:39.517Z,8164,2026-08-26T22:11:39.517Z,DRD-KVC,KVC,20846baf-2fe5-403c-85d4-31520e88a3ce,SAMMS-KVCv5
202608262209457558,202608261955299257,202608261955298282,85,1615,Bronze INV,br_AdmissionAssessmentSummary,TASK_COMPLETE,SUCCESS,INFO,1275,1275,0,,2026-08-26T19:55:35.047Z,2026-08-26T22:11:39.517Z,8164,2026-08-26T22:11:39.517Z,DRD-NOLA,NOLA,20846baf-2fe5-403c-85d4-31520e88a3ce,SAMMS-NOLAv5
202608262209457559,202608261955299258,202608261955298282,85,1616,Bronze INV,br_AdmissionAssessmentSummary,TASK_COMPLETE,SUCCESS,INFO,777,777,0,,2026-08-26T19:55:35.047Z,2026-08-26T22:11:39.517Z,8164,2026-08-26T22:11:39.517Z,DRD-SF,Springfield,20846baf-2fe5-403c-85d4-31520e88a3ce,SAMMS-SFv5
202608262209457560,202608261955299259,202608261955298282,85,1618,Bronze INV,br_AdmissionAssessmentSummary,TASK_COMPLETE,SUCCESS,INFO,284,284,0,,2026-08-26T19:55:35.047Z,2026-08-26T22:11:39.517Z,8164,2026-08-26T22:11:39.517Z,ELC,Elizabeth City,20846baf-2fe5-403c-85d4-31520e88a3ce,SAMMS-ElizabethCity
202608262209457561,202608261955299260,202608261955298282,85,1619,Bronze INV,br_AdmissionAssessmentSummary,TASK_COMPLETE,SUCCESS,INFO,285,285,0,,2026-08-26T19:55:35.047Z,2026-08-26T22:11:39.517Z,8164,2026-08-26T22:11:39.517Z,ET,Elizabethtown,20846baf-2fe5-403c-85d4-31520e88a3ce,SAMMS-Elizabethtown
202608262209457562,202608261955299261,202608261955298282,85,1620,Bronze INV,br_AdmissionAssessmentSummary,TASK_COMPLETE,SUCCESS,INFO,238,238,0,,2026-08-26T19:55:35.047Z,2026-08-26T22:11:39.517Z,8164,2026-08-26T22:11:39.517Z,FAY,Fayetteville,20846baf-2fe5-403c-85d4-31520e88a3ce,SAMMS-Fayetteville
202608262209457563,202608261955299262,202608261955298282,85,1621,Bronze INV,br_AdmissionAssessmentSummary,TASK_COMPLETE,SUCCESS,INFO,185,185,0,,2026-08-26T19:55:35.047Z,2026-08-26T22:11:39.517Z,8164,2026-08-26T22:11:39.517Z,FR,Frankfort,20846baf-2fe5-403c-85d4-31520e88a3ce,SAMMS-Frankfort
202608262209457564,202608261955299263,202608261955298282,85,1622,Bronze INV,br_AdmissionAssessmentSummary,TASK_COMPLETE,SUCCESS,INFO,294,294,0,,2026-08-26T19:55:35.047Z,2026-08-26T22:11:39.517Z,8164,2026-08-26T22:11:39.517Z,FS,Fort Smith,20846baf-2fe5-403c-85d4-31520e88a3ce,SAMMS-FortSmith
202608262209457565,202608261955299264,202608261955298282,85,1623,Bronze INV,br_AdmissionAssessmentSummary,TASK_COMPLETE,SUCCESS,INFO,685,685,0,,2026-08-26T19:55:35.047Z,2026-08-26T22:11:39.517Z,8164,2026-08-26T22:11:39.517Z,FW,Fort Wayne,20846baf-2fe5-403c-85d4-31520e88a3ce,SAMMS-FortWayne
202608262209457566,202608261955299265,202608261955298282,85,1624,Bronze INV,br_AdmissionAssessmentSummary,TASK_COMPLETE,SUCCESS,INFO,128,128,0,,2026-08-26T19:55:35.047Z,2026-08-26T22:11:39.517Z,8164,2026-08-26T22:11:39.517Z,GAL,Gaylord,20846baf-2fe5-403c-85d4-31520e88a3ce,SAMMS-Gaylord
202608262209457568,202608261955299266,202608261955298282,85,1628,Bronze INV,br_AdmissionAssessmentSummary,TASK_COMPLETE,SUCCESS,INFO,637,637,0,,2026-08-26T19:55:35.047Z,2026-08-26T22:11:39.517Z,8164,2026-08-26T22:11:39.517Z,HGT,Hagerstown,20846baf-2fe5-403c-85d4-31520e88a3ce,SAMMS-Hagerstown
202608262209457569,202608261955299267,202608261955298282,85,1629,Bronze INV,br_AdmissionAssessmentSummary,TASK_COMPLETE,SUCCESS,INFO,489,489,0,,2026-08-26T19:55:35.047Z,2026-08-26T22:11:39.517Z,8164,2026-08-26T22:11:39.517Z,HNT,Huntsville,20846baf-2fe5-403c-85d4-31520e88a3ce,SAMMS-Huntsville
202608262209457570,202608261955299268,202608261955298282,85,1630,Bronze INV,br_AdmissionAssessmentSummary,TASK_COMPLETE,SUCCESS,INFO,359,359,0,,2026-08-26T19:55:35.047Z,2026-08-26T22:11:39.517Z,8164,2026-08-26T22:11:39.517Z,HS,Hot Springs,20846baf-2fe5-403c-85d4-31520e88a3ce,SAMMS-HotSprings
202608262209457571,202608261955299269,202608261955298282,85,1631,Bronze INV,br_AdmissionAssessmentSummary,TASK_COMPLETE,SUCCESS,INFO,268,268,0,,2026-08-26T19:55:35.047Z,2026-08-26T22:11:39.517Z,8164,2026-08-26T22:11:39.517Z,JON,Jonesboro,20846baf-2fe5-403c-85d4-31520e88a3ce,SAMMS-Jonesboro
202608262209457572,202608261955299270,202608261955298282,85,1633,Bronze INV,br_AdmissionAssessmentSummary,TASK_COMPLETE,SUCCESS,INFO,196,196,0,,2026-08-26T19:55:35.047Z,2026-08-26T22:11:39.517Z,8164,2026-08-26T22:11:39.517Z,LAN,Lansing,20846baf-2fe5-403c-85d4-31520e88a3ce,SAMMS-Lansing
202608262209457573,202608261955299271,202608261955298282,85,1634,Bronze INV,br_AdmissionAssessmentSummary,TASK_COMPLETE,SUCCESS,INFO,450,450,0,,2026-08-26T19:55:35.047Z,2026-08-26T22:11:39.517Z,8164,2026-08-26T22:11:39.517Z,LO,Louisville,20846baf-2fe5-403c-85d4-31520e88a3ce,SAMMS-Louisville
202608262209457574,202608261955299272,202608261955298282,85,1635,Bronze INV,br_AdmissionAssessmentSummary,TASK_COMPLETE,SUCCESS,INFO,1223,1223,0,,2026-08-26T19:55:35.047Z,2026-08-26T22:11:39.517Z,8164,2026-08-26T22:11:39.517Z,LV1,Cheyenne,20846baf-2fe5-403c-85d4-31520e88a3ce,SAMMS-Cheyenne
202608262209457575,202608261955299273,202608261955298282,85,1636,Bronze INV,br_AdmissionAssessmentSummary,TASK_COMPLETE,SUCCESS,INFO,967,967,0,,2026-08-26T19:55:35.047Z,2026-08-26T22:11:39.517Z,8164,2026-08-26T22:11:39.517Z,LV2,Desert Inn,20846baf-2fe5-403c-85d4-31520e88a3ce,SAMMS-DesertInn
202608262209457576,202608261955299274,202608261955298282,85,1637,Bronze INV,br_AdmissionAssessmentSummary,TASK_COMPLETE,SUCCESS,INFO,322,322,0,,2026-08-26T19:55:35.047Z,2026-08-26T22:11:39.517Z,8164,2026-08-26T22:11:39.517Z,LV3,McDaniel,20846baf-2fe5-403c-85d4-31520e88a3ce,SAMMS-McDaniel
202608262209457578,202608261955299275,202608261955298282,85,1640,Bronze INV,br_AdmissionAssessmentSummary,TASK_COMPLETE,SUCCESS,INFO,279,279,0,,2026-08-26T19:55:35.047Z,2026-08-26T22:11:39.517Z,8164,2026-08-26T22:11:39.517Z,MNRE,Monroe,20846baf-2fe5-403c-85d4-31520e88a3ce,SAMMS-Monroe
202608262209457579,202608261955299276,202608261955298282,85,1641,Bronze INV,br_AdmissionAssessmentSummary,TASK_COMPLETE,SUCCESS,INFO,196,196,0,,2026-08-26T19:55:35.047Z,2026-08-26T22:11:39.517Z,8164,2026-08-26T22:11:39.517Z,MP,Mt. Pleasant,20846baf-2fe5-403c-85d4-31520e88a3ce,SAMMS-MtPleasant
202608262209457580,202608261955299277,202608261955298282,85,1642,Bronze INV,br_AdmissionAssessmentSummary,TASK_COMPLETE,SUCCESS,INFO,174,174,0,,2026-08-26T19:55:35.047Z,2026-08-26T22:11:39.517Z,8164,2026-08-26T22:11:39.517Z,MRD,Meridian,20846baf-2fe5-403c-85d4-31520e88a3ce,SAMMS-Meridian
202608262209457581,202608261955299278,202608261955298282,85,1647,Bronze INV,br_AdmissionAssessmentSummary,TASK_COMPLETE,SUCCESS,INFO,641,641,0,,2026-08-26T19:55:35.047Z,2026-08-26T22:11:39.517Z,8164,2026-08-26T22:11:39.517Z,NC,North Charleston,20846baf-2fe5-403c-85d4-31520e88a3ce,SAMMS-NorthCharleston
202608262209457582,202608261955299279,202608261955298282,85,1648,Bronze INV,br_AdmissionAssessmentSummary,TASK_COMPLETE,SUCCESS,INFO,576,576,0,,2026-08-26T19:55:35.047Z,2026-08-26T22:11:39.517Z,8164,2026-08-26T22:11:39.517Z,NLR,N. Little Rock,20846baf-2fe5-403c-85d4-31520e88a3ce,SAMMS-NLROBOT
202608262209457583,202608261955299280,202608261955298282,85,1649,Bronze INV,br_AdmissionAssessmentSummary,TASK_COMPLETE,SUCCESS,INFO,247,247,0,,2026-08-26T19:55:35.047Z,2026-08-26T22:11:39.517Z,8164,2026-08-26T22:11:39.517Z,PH,Phoenix,20846baf-2fe5-403c-85d4-31520e88a3ce,SAMMS-Phoenix
202608262209457584,202608261955299281,202608261955298282,85,1653,Bronze INV,br_AdmissionAssessmentSummary,TASK_COMPLETE,SUCCESS,INFO,424,424,0,,2026-08-26T19:55:35.047Z,2026-08-26T22:11:39.517Z,8164,2026-08-26T22:11:39.517Z,RE,Reno,20846baf-2fe5-403c-85d4-31520e88a3ce,SAMMS-Reno
202608262209457585,202608261955299282,202608261955298282,85,1654,Bronze INV,br_AdmissionAssessmentSummary,TASK_COMPLETE,SUCCESS,INFO,407,407,0,,2026-08-26T19:55:35.047Z,2026-08-26T22:11:39.517Z,8164,2026-08-26T22:11:39.517Z,RMD,Richmond,20846baf-2fe5-403c-85d4-31520e88a3ce,SAMMS-Richmond
202608262209457586,202608261955299283,202608261955298282,85,1655,Bronze INV,br_AdmissionAssessmentSummary,TASK_COMPLETE,SUCCESS,INFO,504,504,0,,2026-08-26T19:55:35.047Z,2026-08-26T22:11:39.517Z,8164,2026-08-26T22:11:39.517Z,SFN,Springfield North,20846baf-2fe5-403c-85d4-31520e88a3ce,SAMMS-SFNv5
202608262209457587,202608261955299284,202608261955298282,85,1656,Bronze INV,br_AdmissionAssessmentSummary,TASK_COMPLETE,SUCCESS,INFO,465,465,0,,2026-08-26T19:55:35.047Z,2026-08-26T22:11:39.517Z,8164,2026-08-26T22:11:39.517Z,SHP,Shreveport,20846baf-2fe5-403c-85d4-31520e88a3ce,SAMMS-Shreveport
202608262209457589,202608261955299285,202608261955298282,85,1658,Bronze INV,br_AdmissionAssessmentSummary,TASK_COMPLETE,SUCCESS,INFO,88,88,0,,2026-08-26T19:55:35.047Z,2026-08-26T22:11:39.517Z,8164,2026-08-26T22:11:39.517Z,STN,Staunton,20846baf-2fe5-403c-85d4-31520e88a3ce,SAMMS-Staunton
202608262209457590,202608261955299286,202608261955298282,85,1659,Bronze INV,br_AdmissionAssessmentSummary,TASK_COMPLETE,SUCCESS,INFO,57,57,0,,2026-08-26T19:55:35.047Z,2026-08-26T22:11:39.517Z,8164,2026-08-26T22:11:39.517Z,STVN,Stevenson,20846baf-2fe5-403c-85d4-31520e88a3ce,SAMMS-Stevenson
202608262209457591,202608261955299287,202608261955298282,85,1661,Bronze INV,br_AdmissionAssessmentSummary,TASK_COMPLETE,SUCCESS,INFO,77,77,0,,2026-08-26T19:55:35.047Z,2026-08-26T22:11:39.517Z,8164,2026-08-26T22:11:39.517Z,TE,Tempe,20846baf-2fe5-403c-85d4-31520e88a3ce,SAMMS-Tempe
202608262209457592,202608261955299288,202608261955298282,85,1662,Bronze INV,br_AdmissionAssessmentSummary,TASK_COMPLETE,SUCCESS,INFO,392,392,0,,2026-08-26T19:55:35.047Z,2026-08-26T22:11:39.517Z,8164,2026-08-26T22:11:39.517Z,TEX,Texarkana,20846baf-2fe5-403c-85d4-31520e88a3ce,SAMMS-Texarkana
202608262209457593,202608261955299289,202608261955298282,85,1663,Bronze INV,br_AdmissionAssessmentSummary,TASK_COMPLETE,SUCCESS,INFO,469,469,0,,2026-08-26T19:55:35.047Z,2026-08-26T22:11:39.517Z,8164,2026-08-26T22:11:39.517Z,TTCA,Bessemer,20846baf-2fe5-403c-85d4-31520e88a3ce,SAMMS-BessemerV5
202608262209457594,202608261955299290,202608261955298282,85,1664,Bronze INV,br_AdmissionAssessmentSummary,TASK_COMPLETE,SUCCESS,INFO,555,555,0,,2026-08-26T19:55:35.047Z,2026-08-26T22:11:39.517Z,8164,2026-08-26T22:11:39.517Z,TTCB,Cullman,20846baf-2fe5-403c-85d4-31520e88a3ce,SAMMS-CullmanV5
202608262209457595,202608261955299291,202608261955298282,85,1665,Bronze INV,br_AdmissionAssessmentSummary,TASK_COMPLETE,SUCCESS,INFO,393,393,0,,2026-08-26T19:55:35.047Z,2026-08-26T22:11:39.517Z,8164,2026-08-26T22:11:39.517Z,TTCC,Grand Bay,20846baf-2fe5-403c-85d4-31520e88a3ce,SAMMS-GrandBay
202608262209457596,202608261955299292,202608261955298282,85,1666,Bronze INV,br_AdmissionAssessmentSummary,TASK_COMPLETE,SUCCESS,INFO,25,25,0,,2026-08-26T19:55:35.047Z,2026-08-26T22:11:39.517Z,8164,2026-08-26T22:11:39.517Z,TU,Tucson,20846baf-2fe5-403c-85d4-31520e88a3ce,SAMMS-Tucson
202608262209457597,202608261955299293,202608261955298282,85,1668,Bronze INV,br_AdmissionAssessmentSummary,TASK_COMPLETE,SUCCESS,INFO,266,266,0,,2026-08-26T19:55:35.047Z,2026-08-26T22:11:39.517Z,8164,2026-08-26T22:11:39.517Z,V1,Memphis South,20846baf-2fe5-403c-85d4-31520e88a3ce,SAMMS-VCPHCS-I-MemphisV5
202608262209457598,202608261955299294,202608261955298282,85,1669,Bronze INV,br_AdmissionAssessmentSummary,TASK_COMPLETE,SUCCESS,INFO,709,709,0,,2026-08-26T19:55:35.047Z,2026-08-26T22:11:39.517Z,8164,2026-08-26T22:11:39.517Z,V10,Longmont,20846baf-2fe5-403c-85d4-31520e88a3ce,SAMMS-BoulderV5
202608262209457599,202608261955299295,202608261955298282,85,1670,Bronze INV,br_AdmissionAssessmentSummary,TASK_COMPLETE,SUCCESS,INFO,1211,1211,0,,2026-08-26T19:55:35.047Z,2026-08-26T22:11:39.517Z,8164,2026-08-26T22:11:39.517Z,V10A,Fort Collins,20846baf-2fe5-403c-85d4-31520e88a3ce,SAMMS-FortCollinsV5
202608262209457601,202608261955299296,202608261955298282,85,1671,Bronze INV,br_AdmissionAssessmentSummary,TASK_COMPLETE,SUCCESS,INFO,1053,1053,0,,2026-08-26T19:55:35.047Z,2026-08-26T22:11:39.517Z,8164,2026-08-26T22:11:39.517Z,V11,Westminster,20846baf-2fe5-403c-85d4-31520e88a3ce,SAMMS-VCPHCS-XI-NorthDenverV5
202608262209457602,202608261955299297,202608261955298282,85,1672,Bronze INV,br_AdmissionAssessmentSummary,TASK_COMPLETE,SUCCESS,INFO,1117,1117,0,,2026-08-26T19:55:35.047Z,2026-08-26T22:11:39.517Z,8164,2026-08-26T22:11:39.517Z,V12,Downtown Denver,20846baf-2fe5-403c-85d4-31520e88a3ce,SAMMS-VCPHCS-XII-DowntownDenverV5
202608262209457603,202608261955299298,202608261955298282,85,1673,Bronze INV,br_AdmissionAssessmentSummary,TASK_COMPLETE,SUCCESS,INFO,507,507,0,,2026-08-26T19:55:35.047Z,2026-08-26T22:11:39.517Z,8164,2026-08-26T22:11:39.517Z,V12A,Centennial,20846baf-2fe5-403c-85d4-31520e88a3ce,SAMMS-CentennialV5
202608262209457604,202608261955299299,202608261955298282,85,1674,Bronze INV,br_AdmissionAssessmentSummary,TASK_COMPLETE,SUCCESS,INFO,315,315,0,,2026-08-26T19:55:35.047Z,2026-08-26T22:11:39.517Z,8164,2026-08-26T22:11:39.517Z,V14,Overland Park,20846baf-2fe5-403c-85d4-31520e88a3ce,SAMMS-VCPHCS-XIV-BridgewayV5
202608262209457605,202608261955299300,202608261955298282,85,1675,Bronze INV,br_AdmissionAssessmentSummary,TASK_COMPLETE,SUCCESS,INFO,573,573,0,,2026-08-26T19:55:35.047Z,2026-08-26T22:11:39.517Z,8164,2026-08-26T22:11:39.517Z,V15,Joplin,20846baf-2fe5-403c-85d4-31520e88a3ce,SAMMS-JoplinV5
202608262209457606,202608261955299301,202608261955298282,85,1677,Bronze INV,br_AdmissionAssessmentSummary,TASK_COMPLETE,SUCCESS,INFO,489,489,0,,2026-08-26T19:55:35.047Z,2026-08-26T22:11:39.517Z,8164,2026-08-26T22:11:39.517Z,V17,Columbia TN,20846baf-2fe5-403c-85d4-31520e88a3ce,SAMMS-ColumbiaTNv5
202608262209457607,202608261955299302,202608261955298282,85,1679,Bronze INV,br_AdmissionAssessmentSummary,TASK_COMPLETE,SUCCESS,INFO,439,439,0,,2026-08-26T19:55:35.047Z,2026-08-26T22:11:39.517Z,8164,2026-08-26T22:11:39.517Z,V19,Jackson,20846baf-2fe5-403c-85d4-31520e88a3ce,SAMMS-JacksonV5
202608262209457609,202608261955299303,202608261955298282,85,1681,Bronze INV,br_AdmissionAssessmentSummary,TASK_COMPLETE,SUCCESS,INFO,524,524,0,,2026-08-26T19:55:35.047Z,2026-08-26T22:11:39.517Z,8164,2026-08-26T22:11:39.517Z,V20,Paris,20846baf-2fe5-403c-85d4-31520e88a3ce,SAMMS-ParisV5
202608262209457610,202608261955299304,202608261955298282,85,1682,Bronze INV,br_AdmissionAssessmentSummary,TASK_COMPLETE,SUCCESS,INFO,368,368,0,,2026-08-26T19:55:35.047Z,2026-08-26T22:11:39.517Z,8164,2026-08-26T22:11:39.517Z,V21,Memphis North,20846baf-2fe5-403c-85d4-31520e88a3ce,SAMMS-RaleighV5
202608262209457611,202608261955299305,202608261955298282,85,1685,Bronze INV,br_AdmissionAssessmentSummary,TASK_COMPLETE,SUCCESS,INFO,730,730,0,,2026-08-26T19:55:35.047Z,2026-08-26T22:11:39.517Z,8164,2026-08-26T22:11:39.517Z,V5,West Bank,20846baf-2fe5-403c-85d4-31520e88a3ce,SAMMS-NONTCv5
202608262209457612,202608261955299306,202608261955298282,85,1687,Bronze INV,br_AdmissionAssessmentSummary,TASK_COMPLETE,SUCCESS,INFO,262,262,0,,2026-08-26T19:55:35.047Z,2026-08-26T22:11:39.517Z,8164,2026-08-26T22:11:39.517Z,V5B,Houma,20846baf-2fe5-403c-85d4-31520e88a3ce,SAMMS-HoumaV6
202608262209456889,202608261955299772,202608261955298282,85,775,Bronze INV,br_AdmissionAssessmentDimensionFour,TASK_COMPLETE,SUCCESS,INFO,571,571,0,,2026-08-26T19:55:35.047Z,2026-08-26T22:11:39.517Z,8164,2026-08-26T22:11:39.517Z,VMIN,Minneapolis,20846baf-2fe5-403c-85d4-31520e88a3ce,SAMMS-MinneapolisV6
202608262209456890,202608261955299773,202608261955298282,85,776,Bronze INV,br_AdmissionAssessmentDimensionFour,TASK_COMPLETE,SUCCESS,INFO,1059,1059,0,,2026-08-26T19:55:35.047Z,2026-08-26T22:11:39.517Z,8164,2026-08-26T22:11:39.517Z,VWBY,Woodbury,20846baf-2fe5-403c-85d4-31520e88a3ce,SAMMS-WoodburyV6
202608262209456891,202608261955299774,202608261955298282,85,778,Bronze INV,br_AdmissionAssessmentDimensionFour,TASK_COMPLETE,SUCCESS,INFO,428,428,0,,2026-08-26T19:55:35.047Z,2026-08-26T22:11:39.517Z,8164,2026-08-26T22:11:39.517Z,WIL,Wilson,20846baf-2fe5-403c-85d4-31520e88a3ce,SAMMS-Wilson
202608262209456993,202608261955398287,202608261955398282,86,5724,Silver INV,sl_AdmissionAssessmentDimensionFour,TASK_COMPLETE,SUCCESS,INFO,50858,50858,0,,2026-08-26T19:55:35.047Z,2026-08-26T22:11:39.517Z,8164,2026-08-26T22:11:39.517Z,,,20846baf-2fe5-403c-85d4-31520e88a3ce,
202608262209456911,202608261955299315,202608261955298282,85,782,Bronze INV,br_AdmissionAssessmentDimensionOneDisorder,TASK_COMPLETE,SUCCESS,INFO,115,115,0,,2026-08-26T19:55:35.047Z,2026-08-26T22:11:39.517Z,8164,2026-08-26T22:11:39.517Z,AHK,Ahoskie,20846baf-2fe5-403c-85d4-31520e88a3ce,SAMMS-Ahoskie
202608262209456912,202608261955299316,202608261955298282,85,783,Bronze INV,br_AdmissionAssessmentDimensionOneDisorder,TASK_COMPLETE,SUCCESS,INFO,799,799,0,,2026-08-26T19:55:35.047Z,2026-08-26T22:11:39.517Z,8164,2026-08-26T22:11:39.517Z,B12B,Colorado Springs,20846baf-2fe5-403c-85d4-31520e88a3ce,SAMMS-ColoradoSpringsV5
202608262209456913,202608261955299317,202608261955298282,85,784,Bronze INV,br_AdmissionAssessmentDimensionOneDisorder,TASK_COMPLETE,SUCCESS,INFO,432,432,0,,2026-08-26T19:55:35.047Z,2026-08-26T22:11:39.517Z,8164,2026-08-26T22:11:39.517Z,B24,Paintsville,20846baf-2fe5-403c-85d4-31520e88a3ce,SAMMS-PaintsvilleV5
202608262209456914,202608261955299318,202608261955298282,85,785,Bronze INV,br_AdmissionAssessmentDimensionOneDisorder,TASK_COMPLETE,SUCCESS,INFO,174,174,0,,2026-08-26T19:55:35.047Z,2026-08-26T22:11:39.517Z,8164,2026-08-26T22:11:39.517Z,B25,Pikeville,20846baf-2fe5-403c-85d4-31520e88a3ce,SAMMS-PikevilleV5
202608262209456915,202608261955299319,202608261955298282,85,786,Bronze INV,br_AdmissionAssessmentDimensionOneDisorder,TASK_COMPLETE,SUCCESS,INFO,500,500,0,,2026-08-26T19:55:35.047Z,2026-08-26T22:11:39.517Z,8164,2026-08-26T22:11:39.517Z,B26,Hazard,20846baf-2fe5-403c-85d4-31520e88a3ce,SAMMS-HazardV5
202608262209456917,202608261955299320,202608261955298282,85,787,Bronze INV,br_AdmissionAssessmentDimensionOneDisorder,TASK_COMPLETE,SUCCESS,INFO,198,198,0,,2026-08-26T19:55:35.047Z,2026-08-26T22:11:39.517Z,8164,2026-08-26T22:11:39.517Z,B27,Savannah,20846baf-2fe5-403c-85d4-31520e88a3ce,SAMMS-SavannahV6
202608262209456918,202608261955299321,202608261955298282,85,788,Bronze INV,br_AdmissionAssessmentDimensionOneDisorder,TASK_COMPLETE,SUCCESS,INFO,238,238,0,,2026-08-26T19:55:35.047Z,2026-08-26T22:11:39.517Z,8164,2026-08-26T22:11:39.517Z,B28,West Plains,20846baf-2fe5-403c-85d4-31520e88a3ce,SAMMS-WestPlainesV5
202608262209456919,202608261955299322,202608261955298282,85,789,Bronze INV,br_AdmissionAssessmentDimensionOneDisorder,TASK_COMPLETE,SUCCESS,INFO,263,263,0,,2026-08-26T19:55:35.047Z,2026-08-26T22:11:39.517Z,8164,2026-08-26T22:11:39.517Z,B29,Poplar Bluff,20846baf-2fe5-403c-85d4-31520e88a3ce,SAMMS-PoplarBluffV5
202608262209456920,202608261955299323,202608261955298282,85,790,Bronze INV,br_AdmissionAssessmentDimensionOneDisorder,TASK_COMPLETE,SUCCESS,INFO,166,166,0,,2026-08-26T19:55:35.047Z,2026-08-26T22:11:39.517Z,8164,2026-08-26T22:11:39.517Z,B30,KC North,20846baf-2fe5-403c-85d4-31520e88a3ce,SAMMS-KCNv5
202608262209456921,202608261955299324,202608261955298282,85,791,Bronze INV,br_AdmissionAssessmentDimensionOneDisorder,TASK_COMPLETE,SUCCESS,INFO,384,384,0,,2026-08-26T19:55:35.047Z,2026-08-26T22:11:39.517Z,8164,2026-08-26T22:11:39.517Z,B31,Dyersburg,20846baf-2fe5-403c-85d4-31520e88a3ce,SAMMS-DyersburgV5
202608262209456922,202608261955299325,202608261955298282,85,793,Bronze INV,br_AdmissionAssessmentDimensionOneDisorder,TASK_COMPLETE,SUCCESS,INFO,216,216,0,,2026-08-26T19:55:35.047Z,2026-08-26T22:11:39.517Z,8164,2026-08-26T22:11:39.517Z,B33,Paducah,20846baf-2fe5-403c-85d4-31520e88a3ce,SAMMS-Paducah
202608262209456923,202608261955299326,202608261955298282,85,794,Bronze INV,br_AdmissionAssessmentDimensionOneDisorder,TASK_COMPLETE,SUCCESS,INFO,461,461,0,,2026-08-26T19:55:35.047Z,2026-08-26T22:11:39.517Z,8164,2026-08-26T22:11:39.517Z,B34,Corbin,20846baf-2fe5-403c-85d4-31520e88a3ce,SAMMS-CorbinV5
202608262209456924,202608261955299327,202608261955298282,85,795,Bronze INV,br_AdmissionAssessmentDimensionOneDisorder,TASK_COMPLETE,SUCCESS,INFO,738,738,0,,2026-08-26T19:55:35.047Z,2026-08-26T22:11:39.517Z,8164,2026-08-26T22:11:39.517Z,B35,Lexington,20846baf-2fe5-403c-85d4-31520e88a3ce,SAMMS-LexingtonV5
202608262209456925,202608261955299328,202608261955298282,85,796,Bronze INV,br_AdmissionAssessmentDimensionOneDisorder,TASK_COMPLETE,SUCCESS,INFO,354,354,0,,2026-08-26T19:55:35.047Z,2026-08-26T22:11:39.517Z,8164,2026-08-26T22:11:39.517Z,B35A,Berea,20846baf-2fe5-403c-85d4-31520e88a3ce,SAMMS-BereaV5
202608262209456926,202608261955299329,202608261955298282,85,797,Bronze INV,br_AdmissionAssessmentDimensionOneDisorder,TASK_COMPLETE,SUCCESS,INFO,632,632,0,,2026-08-26T19:55:35.047Z,2026-08-26T22:11:39.517Z,8164,2026-08-26T22:11:39.517Z,B36,Asheville,20846baf-2fe5-403c-85d4-31520e88a3ce,SAMMS-AshevilleV5
202608262209456928,202608261955299330,202608261955298282,85,798,Bronze INV,br_AdmissionAssessmentDimensionOneDisorder,TASK_COMPLETE,SUCCESS,INFO,470,470,0,,2026-08-26T19:55:35.047Z,2026-08-26T22:11:39.517Z,8164,2026-08-26T22:11:39.517Z,B37,Clyde,20846baf-2fe5-403c-85d4-31520e88a3ce,SAMMS-ClydeV5
202608262209456929,202608261955299331,202608261955298282,85,799,Bronze INV,br_AdmissionAssessmentDimensionOneDisorder,TASK_COMPLETE,SUCCESS,INFO,643,643,0,,2026-08-26T19:55:35.047Z,2026-08-26T22:11:39.517Z,8164,2026-08-26T22:11:39.517Z,B38,Spartanburg,20846baf-2fe5-403c-85d4-31520e88a3ce,SAMMS-SpartanburgV5
202608262209456930,202608261955299332,202608261955298282,85,800,Bronze INV,br_AdmissionAssessmentDimensionOneDisorder,TASK_COMPLETE,SUCCESS,INFO,495,495,0,,2026-08-26T19:55:35.047Z,2026-08-26T22:11:39.517Z,8164,2026-08-26T22:11:39.517Z,B39,Aiken,20846baf-2fe5-403c-85d4-31520e88a3ce,SAMMS-AikenV5
202608262209456931,202608261955299333,202608261955298282,85,801,Bronze INV,br_AdmissionAssessmentDimensionOneDisorder,TASK_COMPLETE,SUCCESS,INFO,329,329,0,,2026-08-26T19:55:35.047Z,2026-08-26T22:11:39.517Z,8164,2026-08-26T22:11:39.517Z,B41,Chesapeake,20846baf-2fe5-403c-85d4-31520e88a3ce,SAMMS-ChesapeakeV5
202608262209456932,202608261955299334,202608261955298282,85,802,Bronze INV,br_AdmissionAssessmentDimensionOneDisorder,TASK_COMPLETE,SUCCESS,INFO,562,562,0,,2026-08-26T19:55:35.047Z,2026-08-26T22:11:39.517Z,8164,2026-08-26T22:11:39.517Z,B42,Virginia Beach,20846baf-2fe5-403c-85d4-31520e88a3ce,SAMMS-VirginiaBeachV5
202608262209456933,202608261955299335,202608261955298282,85,803,Bronze INV,br_AdmissionAssessmentDimensionOneDisorder,TASK_COMPLETE,SUCCESS,INFO,170,170,0,,2026-08-26T19:55:35.047Z,2026-08-26T22:11:39.517Z,8164,2026-08-26T22:11:39.517Z,B42A,Newport News,20846baf-2fe5-403c-85d4-31520e88a3ce,SAMMS-NewportNewsV5
202608262209456934,202608261955299336,202608261955298282,85,804,Bronze INV,br_AdmissionAssessmentDimensionOneDisorder,TASK_COMPLETE,SUCCESS,INFO,61,61,0,,2026-08-26T19:55:35.047Z,2026-08-26T22:11:39.517Z,8164,2026-08-26T22:11:39.517Z,B42B,Franklin,20846baf-2fe5-403c-85d4-31520e88a3ce,SAMMS-FranklinV5
202608262209456935,202608261955299337,202608261955298282,85,805,Bronze INV,br_AdmissionAssessmentDimensionOneDisorder,TASK_COMPLETE,SUCCESS,INFO,351,351,0,,2026-08-26T19:55:35.047Z,2026-08-26T22:11:39.517Z,8164,2026-08-26T22:11:39.517Z,B42C,Glen Allen,20846baf-2fe5-403c-85d4-31520e88a3ce,SAMMS-GlenAllenV5
202608262209456937,202608261955299338,202608261955298282,85,806,Bronze INV,br_AdmissionAssessmentDimensionOneDisorder,TASK_COMPLETE,SUCCESS,INFO,174,174,0,,2026-08-26T19:55:35.047Z,2026-08-26T22:11:39.517Z,8164,2026-08-26T22:11:39.517Z,B42D,Chesapeake South,20846baf-2fe5-403c-85d4-31520e88a3ce,SAMMS-ChesapeakeSouthV5
202608262209456938,202608261955299339,202608261955298282,85,807,Bronze INV,br_AdmissionAssessmentDimensionOneDisorder,TASK_COMPLETE,SUCCESS,INFO,217,217,0,,2026-08-26T19:55:35.047Z,2026-08-26T22:11:39.517Z,8164,2026-08-26T22:11:39.517Z,B44,Albany,20846baf-2fe5-403c-85d4-31520e88a3ce,SAMMS-AlbanyV5
202608262209456939,202608261955299340,202608261955298282,85,808,Bronze INV,br_AdmissionAssessmentDimensionOneDisorder,TASK_COMPLETE,SUCCESS,INFO,312,312,0,,2026-08-26T19:55:35.047Z,2026-08-26T22:11:39.517Z,8164,2026-08-26T22:11:39.517Z,B45,Tifton,20846baf-2fe5-403c-85d4-31520e88a3ce,SAMMS-TiftonV5
202608262209456940,202608261955299341,202608261955298282,85,809,Bronze INV,br_AdmissionAssessmentDimensionOneDisorder,TASK_COMPLETE,SUCCESS,INFO,703,703,0,,2026-08-26T19:55:35.047Z,2026-08-26T22:11:39.517Z,8164,2026-08-26T22:11:39.517Z,B46,Washington DC,20846baf-2fe5-403c-85d4-31520e88a3ce,SAMMS-WashingtonDCv5
202608262209456941,202608261955299342,202608261955298282,85,810,Bronze INV,br_AdmissionAssessmentDimensionOneDisorder,TASK_COMPLETE,SUCCESS,INFO,394,394,0,,2026-08-26T19:55:35.047Z,2026-08-26T22:11:39.517Z,8164,2026-08-26T22:11:39.517Z,B47,Mobile,20846baf-2fe5-403c-85d4-31520e88a3ce,SAMMS-MobileV5
202608262209456942,202608261955299343,202608261955298282,85,811,Bronze INV,br_AdmissionAssessmentDimensionOneDisorder,TASK_COMPLETE,SUCCESS,INFO,476,476,0,,2026-08-26T19:55:35.047Z,2026-08-26T22:11:39.517Z,8164,2026-08-26T22:11:39.517Z,B48,Tuscaloosa,20846baf-2fe5-403c-85d4-31520e88a3ce,SAMMS-TuscaloosaV5
202608262209456943,202608261955299344,202608261955298282,85,820,Bronze INV,br_AdmissionAssessmentDimensionOneDisorder,TASK_COMPLETE,SUCCESS,INFO,322,322,0,,2026-08-26T19:55:35.047Z,2026-08-26T22:11:39.517Z,8164,2026-08-26T22:11:39.517Z,B51,N. Little Rock (OTP),20846baf-2fe5-403c-85d4-31520e88a3ce,SAMMS-NorthLittleRockV6
202608262209456944,202608261955299345,202608261955298282,85,821,Bronze INV,br_AdmissionAssessmentDimensionOneDisorder,TASK_COMPLETE,SUCCESS,INFO,164,164,0,,2026-08-26T19:55:35.047Z,2026-08-26T22:11:39.517Z,8164,2026-08-26T22:11:39.517Z,B52,Jackson GA,20846baf-2fe5-403c-85d4-31520e88a3ce,SAMMS-JacksonGAV5
202608262209456946,202608261955299346,202608261955298282,85,822,Bronze INV,br_AdmissionAssessmentDimensionOneDisorder,TASK_COMPLETE,SUCCESS,INFO,505,505,0,,2026-08-26T19:55:35.047Z,2026-08-26T22:11:39.517Z,8164,2026-08-26T22:11:39.517Z,B54,Gadsden,20846baf-2fe5-403c-85d4-31520e88a3ce,SAMMS-GadsdenV5
202608262209456947,202608261955299347,202608261955298282,85,823,Bronze INV,br_AdmissionAssessmentDimensionOneDisorder,TASK_COMPLETE,SUCCESS,INFO,516,516,0,,2026-08-26T19:55:35.047Z,2026-08-26T22:11:39.517Z,8164,2026-08-26T22:11:39.517Z,B55,Shoals,20846baf-2fe5-403c-85d4-31520e88a3ce,SAMMS-ShoalsV5
202608262209456948,202608261955299348,202608261955298282,85,824,Bronze INV,br_AdmissionAssessmentDimensionOneDisorder,TASK_COMPLETE,SUCCESS,INFO,178,178,0,,2026-08-26T19:55:35.047Z,2026-08-26T22:11:39.517Z,8164,2026-08-26T22:11:39.517Z,B57,Pawtucket,20846baf-2fe5-403c-85d4-31520e88a3ce,SAMMS-Pawtucket
202608262209456949,202608261955299349,202608261955298282,85,825,Bronze INV,br_AdmissionAssessmentDimensionOneDisorder,TASK_COMPLETE,SUCCESS,INFO,176,176,0,,2026-08-26T19:55:35.047Z,2026-08-26T22:11:39.517Z,8164,2026-08-26T22:11:39.517Z,B57A,Johnston,20846baf-2fe5-403c-85d4-31520e88a3ce,SAMMS-Johnston
202608262209456950,202608261955299350,202608261955298282,85,826,Bronze INV,br_AdmissionAssessmentDimensionOneDisorder,TASK_COMPLETE,SUCCESS,INFO,100,100,0,,2026-08-26T19:55:35.047Z,2026-08-26T22:11:39.517Z,8164,2026-08-26T22:11:39.517Z,B57B,Middletown,20846baf-2fe5-403c-85d4-31520e88a3ce,SAMMS-Middletown
202608262209456951,202608261955299351,202608261955298282,85,827,Bronze INV,br_AdmissionAssessmentDimensionOneDisorder,TASK_COMPLETE,SUCCESS,INFO,188,188,0,,2026-08-26T19:55:35.047Z,2026-08-26T22:11:39.517Z,8164,2026-08-26T22:11:39.517Z,B57C,Providence,20846baf-2fe5-403c-85d4-31520e88a3ce,SAMMS-Providence
202608262209456952,202608261955299352,202608261955298282,85,828,Bronze INV,br_AdmissionAssessmentDimensionOneDisorder,TASK_COMPLETE,SUCCESS,INFO,265,265,0,,2026-08-26T19:55:35.047Z,2026-08-26T22:11:39.517Z,8164,2026-08-26T22:11:39.517Z,B57D,Westerly,20846baf-2fe5-403c-85d4-31520e88a3ce,SAMMS-Westerly
202608262209456954,202608261955299353,202608261955298282,85,832,Bronze INV,br_AdmissionAssessmentDimensionOneDisorder,TASK_COMPLETE,SUCCESS,INFO,373,373,0,,2026-08-26T19:55:35.047Z,2026-08-26T22:11:39.517Z,8164,2026-08-26T22:11:39.517Z,B66A,Bremen,20846baf-2fe5-403c-85d4-31520e88a3ce,SAMMS-Bremen
202608262209456955,202608261955299354,202608261955298282,85,835,Bronze INV,br_AdmissionAssessmentDimensionOneDisorder,TASK_COMPLETE,SUCCESS,INFO,41,41,0,,2026-08-26T19:55:35.047Z,2026-08-26T22:11:39.517Z,8164,2026-08-26T22:11:39.517Z,B72,Mobile (OBOT),20846baf-2fe5-403c-85d4-31520e88a3ce,SAMMS-Mobile-OBOT
202608262209456956,202608261955299355,202608261955298282,85,836,Bronze INV,br_AdmissionAssessmentDimensionOneDisorder,TASK_COMPLETE,SUCCESS,INFO,4,4,0,,2026-08-26T19:55:35.047Z,2026-08-26T22:11:39.517Z,8164,2026-08-26T22:11:39.517Z,B73,Montgomery,20846baf-2fe5-403c-85d4-31520e88a3ce,SAMMS-Montgomery
202608262209456957,202608261955299356,202608261955298282,85,837,Bronze INV,br_AdmissionAssessmentDimensionOneDisorder,TASK_COMPLETE,SUCCESS,INFO,341,341,0,,2026-08-26T19:55:35.047Z,2026-08-26T22:11:39.517Z,8164,2026-08-26T22:11:39.517Z,B75,Lawrence,20846baf-2fe5-403c-85d4-31520e88a3ce,SAMMS-LawrenceV6
202608262209456958,202608261955299357,202608261955298282,85,838,Bronze INV,br_AdmissionAssessmentDimensionOneDisorder,TASK_COMPLETE,SUCCESS,INFO,54,54,0,,2026-08-26T19:55:35.047Z,2026-08-26T22:11:39.517Z,8164,2026-08-26T22:11:39.517Z,B76,Huntsville OBOT,20846baf-2fe5-403c-85d4-31520e88a3ce,SAMMS-Huntsville-OBOT
202608262209456959,202608261955299358,202608261955298282,85,839,Bronze INV,br_AdmissionAssessmentDimensionOneDisorder,TASK_COMPLETE,SUCCESS,INFO,305,305,0,,2026-08-26T19:55:35.047Z,2026-08-26T22:11:39.517Z,8164,2026-08-26T22:11:39.517Z,BAT,Batesville,20846baf-2fe5-403c-85d4-31520e88a3ce,SAMMS-Batesville
202608262209456960,202608261955299359,202608261955298282,85,840,Bronze INV,br_AdmissionAssessmentDimensionOneDisorder,TASK_COMPLETE,SUCCESS,INFO,245,245,0,,2026-08-26T19:55:35.047Z,2026-08-26T22:11:39.517Z,8164,2026-08-26T22:11:39.517Z,BG,Bowling Green,20846baf-2fe5-403c-85d4-31520e88a3ce,SAMMS-BowlingGreen
202608262209456961,202608261955299360,202608261955298282,85,841,Bronze INV,br_AdmissionAssessmentDimensionOneDisorder,TASK_COMPLETE,SUCCESS,INFO,233,233,0,,2026-08-26T19:55:35.047Z,2026-08-26T22:11:39.517Z,8164,2026-08-26T22:11:39.517Z,BOI,Boise,20846baf-2fe5-403c-85d4-31520e88a3ce,SAMMS-Boise
202608262209456962,202608261955299361,202608261955298282,85,848,Bronze INV,br_AdmissionAssessmentDimensionOneDisorder,TASK_COMPLETE,SUCCESS,INFO,307,307,0,,2026-08-26T19:55:35.047Z,2026-08-26T22:11:39.517Z,8164,2026-08-26T22:11:39.517Z,CBCO,Coeur dAlene,20846baf-2fe5-403c-85d4-31520e88a3ce,SAMMS-CoeurdAleneV6
202608262209456964,202608261955299362,202608261955298282,85,867,Bronze INV,br_AdmissionAssessmentDimensionOneDisorder,TASK_COMPLETE,SUCCESS,INFO,345,345,0,,2026-08-26T19:55:35.047Z,2026-08-26T22:11:39.517Z,8164,2026-08-26T22:11:39.517Z,CON,Conway,20846baf-2fe5-403c-85d4-31520e88a3ce,SAMMS-Conway
202608262209456965,202608261955299363,202608261955298282,85,868,Bronze INV,br_AdmissionAssessmentDimensionOneDisorder,TASK_COMPLETE,SUCCESS,INFO,1630,1630,0,,2026-08-26T19:55:35.047Z,2026-08-26T22:11:39.517Z,8164,2026-08-26T22:11:39.517Z,D07,Medical Services Knox TN,20846baf-2fe5-403c-85d4-31520e88a3ce,SAMMS-KnoxvilleV6
202608262209456966,202608261955299364,202608261955298282,85,869,Bronze INV,br_AdmissionAssessmentDimensionOneDisorder,TASK_COMPLETE,SUCCESS,INFO,1035,1035,0,,2026-08-26T19:55:35.047Z,2026-08-26T22:11:39.517Z,8164,2026-08-26T22:11:39.517Z,D08,Madison,20846baf-2fe5-403c-85d4-31520e88a3ce,SAMMS-MadisonV6
202608262209456967,202608261955299365,202608261955298282,85,871,Bronze INV,br_AdmissionAssessmentDimensionOneDisorder,TASK_COMPLETE,SUCCESS,INFO,982,982,0,,2026-08-26T19:55:35.047Z,2026-08-26T22:11:39.517Z,8164,2026-08-26T22:11:39.517Z,D09,Murfreesboro,20846baf-2fe5-403c-85d4-31520e88a3ce,SAMMS-MurfreesboroV6
202608262209456968,202608261955299366,202608261955298282,85,872,Bronze INV,br_AdmissionAssessmentDimensionOneDisorder,TASK_COMPLETE,SUCCESS,INFO,229,229,0,,2026-08-26T19:55:35.047Z,2026-08-26T22:11:39.517Z,8164,2026-08-26T22:11:39.517Z,DA,Davenport,20846baf-2fe5-403c-85d4-31520e88a3ce,SAMMS-Davenport
202608262209456969,202608261955299367,202608261955298282,85,873,Bronze INV,br_AdmissionAssessmentDimensionOneDisorder,TASK_COMPLETE,SUCCESS,INFO,363,363,0,,2026-08-26T19:55:35.047Z,2026-08-26T22:11:39.517Z,8164,2026-08-26T22:11:39.517Z,DM,Des Moines,20846baf-2fe5-403c-85d4-31520e88a3ce,SAMMS-DesMoines
202608262209456970,202608261955299368,202608261955298282,85,875,Bronze INV,br_AdmissionAssessmentDimensionOneDisorder,TASK_COMPLETE,SUCCESS,INFO,499,499,0,,2026-08-26T19:55:35.047Z,2026-08-26T22:11:39.517Z,8164,2026-08-26T22:11:39.517Z,DRD-CO,Columbia MO,20846baf-2fe5-403c-85d4-31520e88a3ce,SAMMS-ColumbiaV5
202608262209456972,202608261955299369,202608261955298282,85,876,Bronze INV,br_AdmissionAssessmentDimensionOneDisorder,TASK_COMPLETE,SUCCESS,INFO,614,614,0,,2026-08-26T19:55:35.047Z,2026-08-26T22:11:39.517Z,8164,2026-08-26T22:11:39.517Z,DRD-KC,KC,20846baf-2fe5-403c-85d4-31520e88a3ce,SAMMS-KCv5
202608262209456973,202608261955299370,202608261955298282,85,877,Bronze INV,br_AdmissionAssessmentDimensionOneDisorder,TASK_COMPLETE,SUCCESS,INFO,986,986,0,,2026-08-26T19:55:35.047Z,2026-08-26T22:11:39.517Z,8164,2026-08-26T22:11:39.517Z,DRD-KVB,KVB,20846baf-2fe5-403c-85d4-31520e88a3ce,SAMMS-KVBv5
202608262209456974,202608261955299371,202608261955298282,85,878,Bronze INV,br_AdmissionAssessmentDimensionOneDisorder,TASK_COMPLETE,SUCCESS,INFO,1604,1604,0,,2026-08-26T19:55:35.047Z,2026-08-26T22:11:39.517Z,8164,2026-08-26T22:11:39.517Z,DRD-KVC,KVC,20846baf-2fe5-403c-85d4-31520e88a3ce,SAMMS-KVCv5
202608262209456975,202608261955299372,202608261955298282,85,879,Bronze INV,br_AdmissionAssessmentDimensionOneDisorder,TASK_COMPLETE,SUCCESS,INFO,1273,1273,0,,2026-08-26T19:55:35.047Z,2026-08-26T22:11:39.517Z,8164,2026-08-26T22:11:39.517Z,DRD-NOLA,NOLA,20846baf-2fe5-403c-85d4-31520e88a3ce,SAMMS-NOLAv5
202608262209456976,202608261955299373,202608261955298282,85,880,Bronze INV,br_AdmissionAssessmentDimensionOneDisorder,TASK_COMPLETE,SUCCESS,INFO,777,777,0,,2026-08-26T19:55:35.047Z,2026-08-26T22:11:39.517Z,8164,2026-08-26T22:11:39.517Z,DRD-SF,Springfield,20846baf-2fe5-403c-85d4-31520e88a3ce,SAMMS-SFv5
202608262209456977,202608261955299374,202608261955298282,85,882,Bronze INV,br_AdmissionAssessmentDimensionOneDisorder,TASK_COMPLETE,SUCCESS,INFO,275,275,0,,2026-08-26T19:55:35.047Z,2026-08-26T22:11:39.517Z,8164,2026-08-26T22:11:39.517Z,ELC,Elizabeth City,20846baf-2fe5-403c-85d4-31520e88a3ce,SAMMS-ElizabethCity
202608262209456978,202608261955299375,202608261955298282,85,883,Bronze INV,br_AdmissionAssessmentDimensionOneDisorder,TASK_COMPLETE,SUCCESS,INFO,283,283,0,,2026-08-26T19:55:35.047Z,2026-08-26T22:11:39.517Z,8164,2026-08-26T22:11:39.517Z,ET,Elizabethtown,20846baf-2fe5-403c-85d4-31520e88a3ce,SAMMS-Elizabethtown
202608262209456979,202608261955299376,202608261955298282,85,884,Bronze INV,br_AdmissionAssessmentDimensionOneDisorder,TASK_COMPLETE,SUCCESS,INFO,235,235,0,,2026-08-26T19:55:35.047Z,2026-08-26T22:11:39.517Z,8164,2026-08-26T22:11:39.517Z,FAY,Fayetteville,20846baf-2fe5-403c-85d4-31520e88a3ce,SAMMS-Fayetteville
202608262209456980,202608261955299377,202608261955298282,85,885,Bronze INV,br_AdmissionAssessmentDimensionOneDisorder,TASK_COMPLETE,SUCCESS,INFO,185,185,0,,2026-08-26T19:55:35.047Z,2026-08-26T22:11:39.517Z,8164,2026-08-26T22:11:39.517Z,FR,Frankfort,20846baf-2fe5-403c-85d4-31520e88a3ce,SAMMS-Frankfort
202608262209456981,202608261955299378,202608261955298282,85,886,Bronze INV,br_AdmissionAssessmentDimensionOneDisorder,TASK_COMPLETE,SUCCESS,INFO,289,289,0,,2026-08-26T19:55:35.047Z,2026-08-26T22:11:39.517Z,8164,2026-08-26T22:11:39.517Z,FS,Fort Smith,20846baf-2fe5-403c-85d4-31520e88a3ce,SAMMS-FortSmith
202608262209456983,202608261955299379,202608261955298282,85,887,Bronze INV,br_AdmissionAssessmentDimensionOneDisorder,TASK_COMPLETE,SUCCESS,INFO,685,685,0,,2026-08-26T19:55:35.047Z,2026-08-26T22:11:39.517Z,8164,2026-08-26T22:11:39.517Z,FW,Fort Wayne,20846baf-2fe5-403c-85d4-31520e88a3ce,SAMMS-FortWayne
202608262209456984,202608261955299380,202608261955298282,85,888,Bronze INV,br_AdmissionAssessmentDimensionOneDisorder,TASK_COMPLETE,SUCCESS,INFO,124,124,0,,2026-08-26T19:55:35.047Z,2026-08-26T22:11:39.517Z,8164,2026-08-26T22:11:39.517Z,GAL,Gaylord,20846baf-2fe5-403c-85d4-31520e88a3ce,SAMMS-Gaylord
202608262209456985,202608261955299381,202608261955298282,85,892,Bronze INV,br_AdmissionAssessmentDimensionOneDisorder,TASK_COMPLETE,SUCCESS,INFO,631,631,0,,2026-08-26T19:55:35.047Z,2026-08-26T22:11:39.517Z,8164,2026-08-26T22:11:39.517Z,HGT,Hagerstown,20846baf-2fe5-403c-85d4-31520e88a3ce,SAMMS-Hagerstown
202608262209456986,202608261955299382,202608261955298282,85,893,Bronze INV,br_AdmissionAssessmentDimensionOneDisorder,TASK_COMPLETE,SUCCESS,INFO,488,488,0,,2026-08-26T19:55:35.047Z,2026-08-26T22:11:39.517Z,8164,2026-08-26T22:11:39.517Z,HNT,Huntsville,20846baf-2fe5-403c-85d4-31520e88a3ce,SAMMS-Huntsville
202608262209456987,202608261955299383,202608261955298282,85,894,Bronze INV,br_AdmissionAssessmentDimensionOneDisorder,TASK_COMPLETE,SUCCESS,INFO,357,357,0,,2026-08-26T19:55:35.047Z,2026-08-26T22:11:39.517Z,8164,2026-08-26T22:11:39.517Z,HS,Hot Springs,20846baf-2fe5-403c-85d4-31520e88a3ce,SAMMS-HotSprings
202608262209456988,202608261955299384,202608261955298282,85,895,Bronze INV,br_AdmissionAssessmentDimensionOneDisorder,TASK_COMPLETE,SUCCESS,INFO,268,268,0,,2026-08-26T19:55:35.047Z,2026-08-26T22:11:39.517Z,8164,2026-08-26T22:11:39.517Z,JON,Jonesboro,20846baf-2fe5-403c-85d4-31520e88a3ce,SAMMS-Jonesboro
202608262209456989,202608261955299385,202608261955298282,85,897,Bronze INV,br_AdmissionAssessmentDimensionOneDisorder,TASK_COMPLETE,SUCCESS,INFO,195,195,0,,2026-08-26T19:55:35.047Z,2026-08-26T22:11:39.517Z,8164,2026-08-26T22:11:39.517Z,LAN,Lansing,20846baf-2fe5-403c-85d4-31520e88a3ce,SAMMS-Lansing
202608262209456990,202608261955299386,202608261955298282,85,898,Bronze INV,br_AdmissionAssessmentDimensionOneDisorder,TASK_COMPLETE,SUCCESS,INFO,447,447,0,,2026-08-26T19:55:35.047Z,2026-08-26T22:11:39.517Z,8164,2026-08-26T22:11:39.517Z,LO,Louisville,20846baf-2fe5-403c-85d4-31520e88a3ce,SAMMS-Louisville
202608262209456991,202608261955299387,202608261955298282,85,899,Bronze INV,br_AdmissionAssessmentDimensionOneDisorder,TASK_COMPLETE,SUCCESS,INFO,1222,1222,0,,2026-08-26T19:55:35.047Z,2026-08-26T22:11:39.517Z,8164,2026-08-26T22:11:39.517Z,LV1,Cheyenne,20846baf-2fe5-403c-85d4-31520e88a3ce,SAMMS-Cheyenne
202608262209456993,202608261955299388,202608261955298282,85,900,Bronze INV,br_AdmissionAssessmentDimensionOneDisorder,TASK_COMPLETE,SUCCESS,INFO,965,965,0,,2026-08-26T19:55:35.047Z,2026-08-26T22:11:39.517Z,8164,2026-08-26T22:11:39.517Z,LV2,Desert Inn,20846baf-2fe5-403c-85d4-31520e88a3ce,SAMMS-DesertInn
202608262209456994,202608261955299389,202608261955298282,85,901,Bronze INV,br_AdmissionAssessmentDimensionOneDisorder,TASK_COMPLETE,SUCCESS,INFO,322,322,0,,2026-08-26T19:55:35.047Z,2026-08-26T22:11:39.517Z,8164,2026-08-26T22:11:39.517Z,LV3,McDaniel,20846baf-2fe5-403c-85d4-31520e88a3ce,SAMMS-McDaniel
202608262209456995,202608261955299390,202608261955298282,85,904,Bronze INV,br_AdmissionAssessmentDimensionOneDisorder,TASK_COMPLETE,SUCCESS,INFO,278,278,0,,2026-08-26T19:55:35.047Z,2026-08-26T22:11:39.517Z,8164,2026-08-26T22:11:39.517Z,MNRE,Monroe,20846baf-2fe5-403c-85d4-31520e88a3ce,SAMMS-Monroe
202608262209456996,202608261955299391,202608261955298282,85,905,Bronze INV,br_AdmissionAssessmentDimensionOneDisorder,TASK_COMPLETE,SUCCESS,INFO,193,193,0,,2026-08-26T19:55:35.047Z,2026-08-26T22:11:39.517Z,8164,2026-08-26T22:11:39.517Z,MP,Mt. Pleasant,20846baf-2fe5-403c-85d4-31520e88a3ce,SAMMS-MtPleasant
202608262209456997,202608261955299392,202608261955298282,85,906,Bronze INV,br_AdmissionAssessmentDimensionOneDisorder,TASK_COMPLETE,SUCCESS,INFO,173,173,0,,2026-08-26T19:55:35.047Z,2026-08-26T22:11:39.517Z,8164,2026-08-26T22:11:39.517Z,MRD,Meridian,20846baf-2fe5-403c-85d4-31520e88a3ce,SAMMS-Meridian
202608262209456998,202608261955299393,202608261955298282,85,911,Bronze INV,br_AdmissionAssessmentDimensionOneDisorder,TASK_COMPLETE,SUCCESS,INFO,640,640,0,,2026-08-26T19:55:35.047Z,2026-08-26T22:11:39.517Z,8164,2026-08-26T22:11:39.517Z,NC,North Charleston,20846baf-2fe5-403c-85d4-31520e88a3ce,SAMMS-NorthCharleston
202608262209456999,202608261955299394,202608261955298282,85,912,Bronze INV,br_AdmissionAssessmentDimensionOneDisorder,TASK_COMPLETE,SUCCESS,INFO,576,576,0,,2026-08-26T19:55:35.047Z,2026-08-26T22:11:39.517Z,8164,2026-08-26T22:11:39.517Z,NLR,N. Little Rock,20846baf-2fe5-403c-85d4-31520e88a3ce,SAMMS-NLROBOT
202608262209457000,202608261955299395,202608261955298282,85,913,Bronze INV,br_AdmissionAssessmentDimensionOneDisorder,TASK_COMPLETE,SUCCESS,INFO,245,245,0,,2026-08-26T19:55:35.047Z,2026-08-26T22:11:39.517Z,8164,2026-08-26T22:11:39.517Z,PH,Phoenix,20846baf-2fe5-403c-85d4-31520e88a3ce,SAMMS-Phoenix
202608262209457001,202608261955299396,202608261955298282,85,917,Bronze INV,br_AdmissionAssessmentDimensionOneDisorder,TASK_COMPLETE,SUCCESS,INFO,423,423,0,,2026-08-26T19:55:35.047Z,2026-08-26T22:11:39.517Z,8164,2026-08-26T22:11:39.517Z,RE,Reno,20846baf-2fe5-403c-85d4-31520e88a3ce,SAMMS-Reno
202608262209457002,202608261955299397,202608261955298282,85,918,Bronze INV,br_AdmissionAssessmentDimensionOneDisorder,TASK_COMPLETE,SUCCESS,INFO,402,402,0,,2026-08-26T19:55:35.047Z,2026-08-26T22:11:39.517Z,8164,2026-08-26T22:11:39.517Z,RMD,Richmond,20846baf-2fe5-403c-85d4-31520e88a3ce,SAMMS-Richmond
202608262209457004,202608261955299398,202608261955298282,85,919,Bronze INV,br_AdmissionAssessmentDimensionOneDisorder,TASK_COMPLETE,SUCCESS,INFO,504,504,0,,2026-08-26T19:55:35.047Z,2026-08-26T22:11:39.517Z,8164,2026-08-26T22:11:39.517Z,SFN,Springfield North,20846baf-2fe5-403c-85d4-31520e88a3ce,SAMMS-SFNv5
202608262209457005,202608261955299399,202608261955298282,85,920,Bronze INV,br_AdmissionAssessmentDimensionOneDisorder,TASK_COMPLETE,SUCCESS,INFO,463,463,0,,2026-08-26T19:55:35.047Z,2026-08-26T22:11:39.517Z,8164,2026-08-26T22:11:39.517Z,SHP,Shreveport,20846baf-2fe5-403c-85d4-31520e88a3ce,SAMMS-Shreveport
202608262209457006,202608261955299400,202608261955298282,85,922,Bronze INV,br_AdmissionAssessmentDimensionOneDisorder,TASK_COMPLETE,SUCCESS,INFO,86,86,0,,2026-08-26T19:55:35.047Z,2026-08-26T22:11:39.517Z,8164,2026-08-26T22:11:39.517Z,STN,Staunton,20846baf-2fe5-403c-85d4-31520e88a3ce,SAMMS-Staunton
202608262209457007,202608261955299401,202608261955298282,85,923,Bronze INV,br_AdmissionAssessmentDimensionOneDisorder,TASK_COMPLETE,SUCCESS,INFO,56,56,0,,2026-08-26T19:55:35.047Z,2026-08-26T22:11:39.517Z,8164,2026-08-26T22:11:39.517Z,STVN,Stevenson,20846baf-2fe5-403c-85d4-31520e88a3ce,SAMMS-Stevenson
202608262209457008,202608261955299402,202608261955298282,85,925,Bronze INV,br_AdmissionAssessmentDimensionOneDisorder,TASK_COMPLETE,SUCCESS,INFO,76,76,0,,2026-08-26T19:55:35.047Z,2026-08-26T22:11:39.517Z,8164,2026-08-26T22:11:39.517Z,TE,Tempe,20846baf-2fe5-403c-85d4-31520e88a3ce,SAMMS-Tempe
202608262209457009,202608261955299403,202608261955298282,85,926,Bronze INV,br_AdmissionAssessmentDimensionOneDisorder,TASK_COMPLETE,SUCCESS,INFO,370,370,0,,2026-08-26T19:55:35.047Z,2026-08-26T22:11:39.517Z,8164,2026-08-26T22:11:39.517Z,TEX,Texarkana,20846baf-2fe5-403c-85d4-31520e88a3ce,SAMMS-Texarkana
202608262209457010,202608261955299404,202608261955298282,85,927,Bronze INV,br_AdmissionAssessmentDimensionOneDisorder,TASK_COMPLETE,SUCCESS,INFO,453,453,0,,2026-08-26T19:55:35.047Z,2026-08-26T22:11:39.517Z,8164,2026-08-26T22:11:39.517Z,TTCA,Bessemer,20846baf-2fe5-403c-85d4-31520e88a3ce,SAMMS-BessemerV5
202608262209457011,202608261955299405,202608261955298282,85,928,Bronze INV,br_AdmissionAssessmentDimensionOneDisorder,TASK_COMPLETE,SUCCESS,INFO,555,555,0,,2026-08-26T19:55:35.047Z,2026-08-26T22:11:39.517Z,8164,2026-08-26T22:11:39.517Z,TTCB,Cullman,20846baf-2fe5-403c-85d4-31520e88a3ce,SAMMS-CullmanV5
202608262209457012,202608261955299406,202608261955298282,85,929,Bronze INV,br_AdmissionAssessmentDimensionOneDisorder,TASK_COMPLETE,SUCCESS,INFO,364,364,0,,2026-08-26T19:55:35.047Z,2026-08-26T22:11:39.517Z,8164,2026-08-26T22:11:39.517Z,TTCC,Grand Bay,20846baf-2fe5-403c-85d4-31520e88a3ce,SAMMS-GrandBay
202608262209457014,202608261955299407,202608261955298282,85,930,Bronze INV,br_AdmissionAssessmentDimensionOneDisorder,TASK_COMPLETE,SUCCESS,INFO,24,24,0,,2026-08-26T19:55:35.047Z,2026-08-26T22:11:39.517Z,8164,2026-08-26T22:11:39.517Z,TU,Tucson,20846baf-2fe5-403c-85d4-31520e88a3ce,SAMMS-Tucson
202608262209457015,202608261955299408,202608261955298282,85,932,Bronze INV,br_AdmissionAssessmentDimensionOneDisorder,TASK_COMPLETE,SUCCESS,INFO,266,266,0,,2026-08-26T19:55:35.047Z,2026-08-26T22:11:39.517Z,8164,2026-08-26T22:11:39.517Z,V1,Memphis South,20846baf-2fe5-403c-85d4-31520e88a3ce,SAMMS-VCPHCS-I-MemphisV5
202608262209457016,202608261955299409,202608261955298282,85,933,Bronze INV,br_AdmissionAssessmentDimensionOneDisorder,TASK_COMPLETE,SUCCESS,INFO,707,707,0,,2026-08-26T19:55:35.047Z,2026-08-26T22:11:39.517Z,8164,2026-08-26T22:11:39.517Z,V10,Longmont,20846baf-2fe5-403c-85d4-31520e88a3ce,SAMMS-BoulderV5
202608262209457017,202608261955299410,202608261955298282,85,934,Bronze INV,br_AdmissionAssessmentDimensionOneDisorder,TASK_COMPLETE,SUCCESS,INFO,1206,1206,0,,2026-08-26T19:55:35.047Z,2026-08-26T22:11:39.517Z,8164,2026-08-26T22:11:39.517Z,V10A,Fort Collins,20846baf-2fe5-403c-85d4-31520e88a3ce,SAMMS-FortCollinsV5
202608262209457018,202608261955299411,202608261955298282,85,935,Bronze INV,br_AdmissionAssessmentDimensionOneDisorder,TASK_COMPLETE,SUCCESS,INFO,1048,1048,0,,2026-08-26T19:55:35.047Z,2026-08-26T22:11:39.517Z,8164,2026-08-26T22:11:39.517Z,V11,Westminster,20846baf-2fe5-403c-85d4-31520e88a3ce,SAMMS-VCPHCS-XI-NorthDenverV5
202608262209457019,202608261955299412,202608261955298282,85,936,Bronze INV,br_AdmissionAssessmentDimensionOneDisorder,TASK_COMPLETE,SUCCESS,INFO,1111,1111,0,,2026-08-26T19:55:35.047Z,2026-08-26T22:11:39.517Z,8164,2026-08-26T22:11:39.517Z,V12,Downtown Denver,20846baf-2fe5-403c-85d4-31520e88a3ce,SAMMS-VCPHCS-XII-DowntownDenverV5
202608262209457020,202608261955299413,202608261955298282,85,937,Bronze INV,br_AdmissionAssessmentDimensionOneDisorder,TASK_COMPLETE,SUCCESS,INFO,501,501,0,,2026-08-26T19:55:35.047Z,2026-08-26T22:11:39.517Z,8164,2026-08-26T22:11:39.517Z,V12A,Centennial,20846baf-2fe5-403c-85d4-31520e88a3ce,SAMMS-CentennialV5
202608262209457021,202608261955299414,202608261955298282,85,938,Bronze INV,br_AdmissionAssessmentDimensionOneDisorder,TASK_COMPLETE,SUCCESS,INFO,315,315,0,,2026-08-26T19:55:35.047Z,2026-08-26T22:11:39.517Z,8164,2026-08-26T22:11:39.517Z,V14,Overland Park,20846baf-2fe5-403c-85d4-31520e88a3ce,SAMMS-VCPHCS-XIV-BridgewayV5
202608262209457022,202608261955299415,202608261955298282,85,939,Bronze INV,br_AdmissionAssessmentDimensionOneDisorder,TASK_COMPLETE,SUCCESS,INFO,571,571,0,,2026-08-26T19:55:35.047Z,2026-08-26T22:11:39.517Z,8164,2026-08-26T22:11:39.517Z,V15,Joplin,20846baf-2fe5-403c-85d4-31520e88a3ce,SAMMS-JoplinV5
202608262209457023,202608261955299416,202608261955298282,85,941,Bronze INV,br_AdmissionAssessmentDimensionOneDisorder,TASK_COMPLETE,SUCCESS,INFO,488,488,0,,2026-08-26T19:55:35.047Z,2026-08-26T22:11:39.517Z,8164,2026-08-26T22:11:39.517Z,V17,Columbia TN,20846baf-2fe5-403c-85d4-31520e88a3ce,SAMMS-ColumbiaTNv5
202608262209457025,202608261955299417,202608261955298282,85,943,Bronze INV,br_AdmissionAssessmentDimensionOneDisorder,TASK_COMPLETE,SUCCESS,INFO,438,438,0,,2026-08-26T19:55:35.047Z,2026-08-26T22:11:39.517Z,8164,2026-08-26T22:11:39.517Z,V19,Jackson,20846baf-2fe5-403c-85d4-31520e88a3ce,SAMMS-JacksonV5
202608262209457026,202608261955299418,202608261955298282,85,945,Bronze INV,br_AdmissionAssessmentDimensionOneDisorder,TASK_COMPLETE,SUCCESS,INFO,521,521,0,,2026-08-26T19:55:35.047Z,2026-08-26T22:11:39.517Z,8164,2026-08-26T22:11:39.517Z,V20,Paris,20846baf-2fe5-403c-85d4-31520e88a3ce,SAMMS-ParisV5
202608262209457027,202608261955299419,202608261955298282,85,946,Bronze INV,br_AdmissionAssessmentDimensionOneDisorder,TASK_COMPLETE,SUCCESS,INFO,365,365,0,,2026-08-26T19:55:35.047Z,2026-08-26T22:11:39.517Z,8164,2026-08-26T22:11:39.517Z,V21,Memphis North,20846baf-2fe5-403c-85d4-31520e88a3ce,SAMMS-RaleighV5
202608262209457028,202608261955299420,202608261955298282,85,949,Bronze INV,br_AdmissionAssessmentDimensionOneDisorder,TASK_COMPLETE,SUCCESS,INFO,724,724,0,,2026-08-26T19:55:35.047Z,2026-08-26T22:11:39.517Z,8164,2026-08-26T22:11:39.517Z,V5,West Bank,20846baf-2fe5-403c-85d4-31520e88a3ce,SAMMS-NONTCv5
202608262209457029,202608261955299421,202608261955298282,85,951,Bronze INV,br_AdmissionAssessmentDimensionOneDisorder,TASK_COMPLETE,SUCCESS,INFO,262,262,0,,2026-08-26T19:55:35.047Z,2026-08-26T22:11:39.517Z,8164,2026-08-26T22:11:39.517Z,V5B,Houma,20846baf-2fe5-403c-85d4-31520e88a3ce,SAMMS-HoumaV6
202608262209457030,202608261955299422,202608261955298282,85,952,Bronze INV,br_AdmissionAssessmentDimensionOneDisorder,TASK_COMPLETE,SUCCESS,INFO,982,982,0,,2026-08-26T19:55:35.047Z,2026-08-26T22:11:39.517Z,8164,2026-08-26T22:11:39.517Z,V6,Lake Charles,20846baf-2fe5-403c-85d4-31520e88a3ce,SAMMS-LCv5
202608262209457031,202608261955299423,202608261955298282,85,954,Bronze INV,br_AdmissionAssessmentDimensionOneDisorder,TASK_COMPLETE,SUCCESS,INFO,580,580,0,,2026-08-26T19:55:35.047Z,2026-08-26T22:11:39.517Z,8164,2026-08-26T22:11:39.517Z,V8,Memphis Midtown,20846baf-2fe5-403c-85d4-31520e88a3ce,SAMMS-VCPHCS-VIII-MemphisV5
202608262209457032,202608261955299424,202608261955298282,85,955,Bronze INV,br_AdmissionAssessmentDimensionOneDisorder,TASK_COMPLETE,SUCCESS,INFO,1627,1627,0,,2026-08-26T19:55:35.047Z,2026-08-26T22:11:39.517Z,8164,2026-08-26T22:11:39.517Z,V9,Nashville,20846baf-2fe5-403c-85d4-31520e88a3ce,SAMMS-NashvilleV5
202608262209457033,202608261955299425,202608261955298282,85,956,Bronze INV,br_AdmissionAssessmentDimensionOneDisorder,TASK_COMPLETE,SUCCESS,INFO,349,349,0,,2026-08-26T19:55:35.047Z,2026-08-26T22:11:39.517Z,8164,2026-08-26T22:11:39.517Z,VBRA,Brainerd,20846baf-2fe5-403c-85d4-31520e88a3ce,SAMMS-BrainerdV6
202608232214223796,202608232010369539,202608232010368283,85,1506,Bronze INV,br_AdmissionAssessmentDimensionTwo,TASK_COMPLETE,SUCCESS,INFO,567,567,0,,2026-08-23T20:10:41.468Z,2026-08-23T22:16:21.732Z,7540,2026-08-23T22:16:21.732Z,V8,Memphis Midtown,955211d4-28b8-44a0-8023-2bfaa48d6721,SAMMS-VCPHCS-VIII-MemphisV5
202608232214223797,202608232010369540,202608232010368283,85,1507,Bronze INV,br_AdmissionAssessmentDimensionTwo,TASK_COMPLETE,SUCCESS,INFO,1579,1579,0,,2026-08-23T20:10:41.468Z,2026-08-23T22:16:21.732Z,7540,2026-08-23T22:16:21.732Z,V9,Nashville,955211d4-28b8-44a0-8023-2bfaa48d6721,SAMMS-NashvilleV5
202608232214223798,202608232010369541,202608232010368283,85,1508,Bronze INV,br_AdmissionAssessmentDimensionTwo,TASK_COMPLETE,SUCCESS,INFO,332,332,0,,2026-08-23T20:10:41.468Z,2026-08-23T22:16:21.732Z,7540,2026-08-23T22:16:21.732Z,VBRA,Brainerd,955211d4-28b8-44a0-8023-2bfaa48d6721,SAMMS-BrainerdV6
202608232214223799,202608232010369542,202608232010368283,85,1509,Bronze INV,br_AdmissionAssessmentDimensionTwo,TASK_COMPLETE,SUCCESS,INFO,598,598,0,,2026-08-23T20:10:41.468Z,2026-08-23T22:16:21.732Z,7540,2026-08-23T22:16:21.732Z,VBRP,Brooklyn Park,955211d4-28b8-44a0-8023-2bfaa48d6721,SAMMS-BrooklynParkV6
202608232214223800,202608232010369543,202608232010368283,85,1511,Bronze INV,br_AdmissionAssessmentDimensionTwo,TASK_COMPLETE,SUCCESS,INFO,579,579,0,,2026-08-23T20:10:41.468Z,2026-08-23T22:16:21.732Z,7540,2026-08-23T22:16:21.732Z,VMIN,Minneapolis,955211d4-28b8-44a0-8023-2bfaa48d6721,SAMMS-MinneapolisV6
202608232214223801,202608232010369544,202608232010368283,85,1512,Bronze INV,br_AdmissionAssessmentDimensionTwo,TASK_COMPLETE,SUCCESS,INFO,1075,1075,0,,2026-08-23T20:10:41.468Z,2026-08-23T22:16:21.732Z,7540,2026-08-23T22:16:21.732Z,VWBY,Woodbury,955211d4-28b8-44a0-8023-2bfaa48d6721,SAMMS-WoodburyV6
202608232214223803,202608232010369545,202608232010368283,85,1514,Bronze INV,br_AdmissionAssessmentDimensionTwo,TASK_COMPLETE,SUCCESS,INFO,429,429,0,,2026-08-23T20:10:41.468Z,2026-08-23T22:16:21.732Z,7540,2026-08-23T22:16:21.732Z,WIL,Wilson,955211d4-28b8-44a0-8023-2bfaa48d6721,SAMMS-Wilson
202608232214223904,202608232010468286,202608232010468283,86,5722,Silver INV,sl_AdmissionAssessmentDimensionTwo,TASK_COMPLETE,SUCCESS,INFO,51267,51267,0,,2026-08-23T20:10:41.468Z,2026-08-23T22:16:21.732Z,7540,2026-08-23T22:16:21.732Z,,,955211d4-28b8-44a0-8023-2bfaa48d6721,
202608232214223835,202608232010369201,202608232010368283,85,1518,Bronze INV,br_AdmissionAssessmentSummary,TASK_COMPLETE,SUCCESS,INFO,117,117,0,,2026-08-23T20:10:41.468Z,2026-08-23T22:16:21.732Z,7540,2026-08-23T22:16:21.732Z,AHK,Ahoskie,955211d4-28b8-44a0-8023-2bfaa48d6721,SAMMS-Ahoskie
202608232214223836,202608232010369202,202608232010368283,85,1519,Bronze INV,br_AdmissionAssessmentSummary,TASK_COMPLETE,SUCCESS,INFO,801,801,0,,2026-08-23T20:10:41.468Z,2026-08-23T22:16:21.732Z,7540,2026-08-23T22:16:21.732Z,B12B,Colorado Springs,955211d4-28b8-44a0-8023-2bfaa48d6721,SAMMS-ColoradoSpringsV5
202608232214223838,202608232010369203,202608232010368283,85,1520,Bronze INV,br_AdmissionAssessmentSummary,TASK_COMPLETE,SUCCESS,INFO,435,435,0,,2026-08-23T20:10:41.468Z,2026-08-23T22:16:21.732Z,7540,2026-08-23T22:16:21.732Z,B24,Paintsville,955211d4-28b8-44a0-8023-2bfaa48d6721,SAMMS-PaintsvilleV5
202608232214223839,202608232010369204,202608232010368283,85,1521,Bronze INV,br_AdmissionAssessmentSummary,TASK_COMPLETE,SUCCESS,INFO,174,174,0,,2026-08-23T20:10:41.468Z,2026-08-23T22:16:21.732Z,7540,2026-08-23T22:16:21.732Z,B25,Pikeville,955211d4-28b8-44a0-8023-2bfaa48d6721,SAMMS-PikevilleV5
202608232214223840,202608232010369205,202608232010368283,85,1522,Bronze INV,br_AdmissionAssessmentSummary,TASK_COMPLETE,SUCCESS,INFO,501,501,0,,2026-08-23T20:10:41.468Z,2026-08-23T22:16:21.732Z,7540,2026-08-23T22:16:21.732Z,B26,Hazard,955211d4-28b8-44a0-8023-2bfaa48d6721,SAMMS-HazardV5
202608232214223841,202608232010369206,202608232010368283,85,1523,Bronze INV,br_AdmissionAssessmentSummary,TASK_COMPLETE,SUCCESS,INFO,198,198,0,,2026-08-23T20:10:41.468Z,2026-08-23T22:16:21.732Z,7540,2026-08-23T22:16:21.732Z,B27,Savannah,955211d4-28b8-44a0-8023-2bfaa48d6721,SAMMS-SavannahV6
202608232214223842,202608232010369207,202608232010368283,85,1524,Bronze INV,br_AdmissionAssessmentSummary,TASK_COMPLETE,SUCCESS,INFO,238,238,0,,2026-08-23T20:10:41.468Z,2026-08-23T22:16:21.732Z,7540,2026-08-23T22:16:21.732Z,B28,West Plains,955211d4-28b8-44a0-8023-2bfaa48d6721,SAMMS-WestPlainesV5
202608232214223843,202608232010369208,202608232010368283,85,1525,Bronze INV,br_AdmissionAssessmentSummary,TASK_COMPLETE,SUCCESS,INFO,261,261,0,,2026-08-23T20:10:41.468Z,2026-08-23T22:16:21.732Z,7540,2026-08-23T22:16:21.732Z,B29,Poplar Bluff,955211d4-28b8-44a0-8023-2bfaa48d6721,SAMMS-PoplarBluffV5
202608232214223845,202608232010369209,202608232010368283,85,1526,Bronze INV,br_AdmissionAssessmentSummary,TASK_COMPLETE,SUCCESS,INFO,164,164,0,,2026-08-23T20:10:41.468Z,2026-08-23T22:16:21.732Z,7540,2026-08-23T22:16:21.732Z,B30,KC North,955211d4-28b8-44a0-8023-2bfaa48d6721,SAMMS-KCNv5
202608232214223846,202608232010369210,202608232010368283,85,1527,Bronze INV,br_AdmissionAssessmentSummary,TASK_COMPLETE,SUCCESS,INFO,382,382,0,,2026-08-23T20:10:41.468Z,2026-08-23T22:16:21.732Z,7540,2026-08-23T22:16:21.732Z,B31,Dyersburg,955211d4-28b8-44a0-8023-2bfaa48d6721,SAMMS-DyersburgV5
202608232214223847,202608232010369211,202608232010368283,85,1529,Bronze INV,br_AdmissionAssessmentSummary,TASK_COMPLETE,SUCCESS,INFO,217,217,0,,2026-08-23T20:10:41.468Z,2026-08-23T22:16:21.732Z,7540,2026-08-23T22:16:21.732Z,B33,Paducah,955211d4-28b8-44a0-8023-2bfaa48d6721,SAMMS-Paducah
202608232214223848,202608232010369212,202608232010368283,85,1530,Bronze INV,br_AdmissionAssessmentSummary,TASK_COMPLETE,SUCCESS,INFO,461,461,0,,2026-08-23T20:10:41.468Z,2026-08-23T22:16:21.732Z,7540,2026-08-23T22:16:21.732Z,B34,Corbin,955211d4-28b8-44a0-8023-2bfaa48d6721,SAMMS-CorbinV5
202608232214223849,202608232010369213,202608232010368283,85,1531,Bronze INV,br_AdmissionAssessmentSummary,TASK_COMPLETE,SUCCESS,INFO,738,738,0,,2026-08-23T20:10:41.468Z,2026-08-23T22:16:21.732Z,7540,2026-08-23T22:16:21.732Z,B35,Lexington,955211d4-28b8-44a0-8023-2bfaa48d6721,SAMMS-LexingtonV5
202608232214223850,202608232010369214,202608232010368283,85,1532,Bronze INV,br_AdmissionAssessmentSummary,TASK_COMPLETE,SUCCESS,INFO,358,358,0,,2026-08-23T20:10:41.468Z,2026-08-23T22:16:21.732Z,7540,2026-08-23T22:16:21.732Z,B35A,Berea,955211d4-28b8-44a0-8023-2bfaa48d6721,SAMMS-BereaV5
202608232214223852,202608232010369215,202608232010368283,85,1533,Bronze INV,br_AdmissionAssessmentSummary,TASK_COMPLETE,SUCCESS,INFO,630,630,0,,2026-08-23T20:10:41.468Z,2026-08-23T22:16:21.732Z,7540,2026-08-23T22:16:21.732Z,B36,Asheville,955211d4-28b8-44a0-8023-2bfaa48d6721,SAMMS-AshevilleV5
202608232214223853,202608232010369216,202608232010368283,85,1534,Bronze INV,br_AdmissionAssessmentSummary,TASK_COMPLETE,SUCCESS,INFO,472,472,0,,2026-08-23T20:10:41.468Z,2026-08-23T22:16:21.732Z,7540,2026-08-23T22:16:21.732Z,B37,Clyde,955211d4-28b8-44a0-8023-2bfaa48d6721,SAMMS-ClydeV5
202608232214223854,202608232010369217,202608232010368283,85,1535,Bronze INV,br_AdmissionAssessmentSummary,TASK_COMPLETE,SUCCESS,INFO,642,642,0,,2026-08-23T20:10:41.468Z,2026-08-23T22:16:21.732Z,7540,2026-08-23T22:16:21.732Z,B38,Spartanburg,955211d4-28b8-44a0-8023-2bfaa48d6721,SAMMS-SpartanburgV5
202608232214223855,202608232010369218,202608232010368283,85,1536,Bronze INV,br_AdmissionAssessmentSummary,TASK_COMPLETE,SUCCESS,INFO,492,492,0,,2026-08-23T20:10:41.468Z,2026-08-23T22:16:21.732Z,7540,2026-08-23T22:16:21.732Z,B39,Aiken,955211d4-28b8-44a0-8023-2bfaa48d6721,SAMMS-AikenV5
202608232214223856,202608232010369219,202608232010368283,85,1537,Bronze INV,br_AdmissionAssessmentSummary,TASK_COMPLETE,SUCCESS,INFO,329,329,0,,2026-08-23T20:10:41.468Z,2026-08-23T22:16:21.732Z,7540,2026-08-23T22:16:21.732Z,B41,Chesapeake,955211d4-28b8-44a0-8023-2bfaa48d6721,SAMMS-ChesapeakeV5
202608232214223857,202608232010369220,202608232010368283,85,1538,Bronze INV,br_AdmissionAssessmentSummary,TASK_COMPLETE,SUCCESS,INFO,568,568,0,,2026-08-23T20:10:41.468Z,2026-08-23T22:16:21.732Z,7540,2026-08-23T22:16:21.732Z,B42,Virginia Beach,955211d4-28b8-44a0-8023-2bfaa48d6721,SAMMS-VirginiaBeachV5
202608232214223859,202608232010369221,202608232010368283,85,1539,Bronze INV,br_AdmissionAssessmentSummary,TASK_COMPLETE,SUCCESS,INFO,175,175,0,,2026-08-23T20:10:41.468Z,2026-08-23T22:16:21.732Z,7540,2026-08-23T22:16:21.732Z,B42A,Newport News,955211d4-28b8-44a0-8023-2bfaa48d6721,SAMMS-NewportNewsV5
202608232214223860,202608232010369222,202608232010368283,85,1540,Bronze INV,br_AdmissionAssessmentSummary,TASK_COMPLETE,SUCCESS,INFO,61,61,0,,2026-08-23T20:10:41.468Z,2026-08-23T22:16:21.732Z,7540,2026-08-23T22:16:21.732Z,B42B,Franklin,955211d4-28b8-44a0-8023-2bfaa48d6721,SAMMS-FranklinV5
202608232214223861,202608232010369223,202608232010368283,85,1541,Bronze INV,br_AdmissionAssessmentSummary,TASK_COMPLETE,SUCCESS,INFO,352,352,0,,2026-08-23T20:10:41.468Z,2026-08-23T22:16:21.732Z,7540,2026-08-23T22:16:21.732Z,B42C,Glen Allen,955211d4-28b8-44a0-8023-2bfaa48d6721,SAMMS-GlenAllenV5
202608232214223862,202608232010369224,202608232010368283,85,1542,Bronze INV,br_AdmissionAssessmentSummary,TASK_COMPLETE,SUCCESS,INFO,176,176,0,,2026-08-23T20:10:41.468Z,2026-08-23T22:16:21.732Z,7540,2026-08-23T22:16:21.732Z,B42D,Chesapeake South,955211d4-28b8-44a0-8023-2bfaa48d6721,SAMMS-ChesapeakeSouthV5
202608232214223863,202608232010369225,202608232010368283,85,1543,Bronze INV,br_AdmissionAssessmentSummary,TASK_COMPLETE,SUCCESS,INFO,217,217,0,,2026-08-23T20:10:41.468Z,2026-08-23T22:16:21.732Z,7540,2026-08-23T22:16:21.732Z,B44,Albany,955211d4-28b8-44a0-8023-2bfaa48d6721,SAMMS-AlbanyV5
202608232214223864,202608232010369226,202608232010368283,85,1544,Bronze INV,br_AdmissionAssessmentSummary,TASK_COMPLETE,SUCCESS,INFO,309,309,0,,2026-08-23T20:10:41.468Z,2026-08-23T22:16:21.732Z,7540,2026-08-23T22:16:21.732Z,B45,Tifton,955211d4-28b8-44a0-8023-2bfaa48d6721,SAMMS-TiftonV5
202608232214223866,202608232010369227,202608232010368283,85,1545,Bronze INV,br_AdmissionAssessmentSummary,TASK_COMPLETE,SUCCESS,INFO,706,706,0,,2026-08-23T20:10:41.468Z,2026-08-23T22:16:21.732Z,7540,2026-08-23T22:16:21.732Z,B46,Washington DC,955211d4-28b8-44a0-8023-2bfaa48d6721,SAMMS-WashingtonDCv5
202608232214223867,202608232010369228,202608232010368283,85,1546,Bronze INV,br_AdmissionAssessmentSummary,TASK_COMPLETE,SUCCESS,INFO,407,407,0,,2026-08-23T20:10:41.468Z,2026-08-23T22:16:21.732Z,7540,2026-08-23T22:16:21.732Z,B47,Mobile,955211d4-28b8-44a0-8023-2bfaa48d6721,SAMMS-MobileV5
202608232214223868,202608232010369229,202608232010368283,85,1547,Bronze INV,br_AdmissionAssessmentSummary,TASK_COMPLETE,SUCCESS,INFO,476,476,0,,2026-08-23T20:10:41.468Z,2026-08-23T22:16:21.732Z,7540,2026-08-23T22:16:21.732Z,B48,Tuscaloosa,955211d4-28b8-44a0-8023-2bfaa48d6721,SAMMS-TuscaloosaV5
202608232214223869,202608232010369230,202608232010368283,85,1556,Bronze INV,br_AdmissionAssessmentSummary,TASK_COMPLETE,SUCCESS,INFO,322,322,0,,2026-08-23T20:10:41.468Z,2026-08-23T22:16:21.732Z,7540,2026-08-23T22:16:21.732Z,B51,N. Little Rock (OTP),955211d4-28b8-44a0-8023-2bfaa48d6721,SAMMS-NorthLittleRockV6
202608232214223870,202608232010369231,202608232010368283,85,1557,Bronze INV,br_AdmissionAssessmentSummary,TASK_COMPLETE,SUCCESS,INFO,165,165,0,,2026-08-23T20:10:41.468Z,2026-08-23T22:16:21.732Z,7540,2026-08-23T22:16:21.732Z,B52,Jackson GA,955211d4-28b8-44a0-8023-2bfaa48d6721,SAMMS-JacksonGAV5
202608232214223871,202608232010369232,202608232010368283,85,1558,Bronze INV,br_AdmissionAssessmentSummary,TASK_COMPLETE,SUCCESS,INFO,508,508,0,,2026-08-23T20:10:41.468Z,2026-08-23T22:16:21.732Z,7540,2026-08-23T22:16:21.732Z,B54,Gadsden,955211d4-28b8-44a0-8023-2bfaa48d6721,SAMMS-GadsdenV5
202608232214223872,202608232010369233,202608232010368283,85,1559,Bronze INV,br_AdmissionAssessmentSummary,TASK_COMPLETE,SUCCESS,INFO,519,519,0,,2026-08-23T20:10:41.468Z,2026-08-23T22:16:21.732Z,7540,2026-08-23T22:16:21.732Z,B55,Shoals,955211d4-28b8-44a0-8023-2bfaa48d6721,SAMMS-ShoalsV5
202608232214223874,202608232010369234,202608232010368283,85,1560,Bronze INV,br_AdmissionAssessmentSummary,TASK_COMPLETE,SUCCESS,INFO,178,178,0,,2026-08-23T20:10:41.468Z,2026-08-23T22:16:21.732Z,7540,2026-08-23T22:16:21.732Z,B57,Pawtucket,955211d4-28b8-44a0-8023-2bfaa48d6721,SAMMS-Pawtucket
202608232214223875,202608232010369235,202608232010368283,85,1561,Bronze INV,br_AdmissionAssessmentSummary,TASK_COMPLETE,SUCCESS,INFO,178,178,0,,2026-08-23T20:10:41.468Z,2026-08-23T22:16:21.732Z,7540,2026-08-23T22:16:21.732Z,B57A,Johnston,955211d4-28b8-44a0-8023-2bfaa48d6721,SAMMS-Johnston
202608232214223876,202608232010369236,202608232010368283,85,1562,Bronze INV,br_AdmissionAssessmentSummary,TASK_COMPLETE,SUCCESS,INFO,98,98,0,,2026-08-23T20:10:41.468Z,2026-08-23T22:16:21.732Z,7540,2026-08-23T22:16:21.732Z,B57B,Middletown,955211d4-28b8-44a0-8023-2bfaa48d6721,SAMMS-Middletown
202608232214223877,202608232010369237,202608232010368283,85,1563,Bronze INV,br_AdmissionAssessmentSummary,TASK_COMPLETE,SUCCESS,INFO,184,184,0,,2026-08-23T20:10:41.468Z,2026-08-23T22:16:21.732Z,7540,2026-08-23T22:16:21.732Z,B57C,Providence,955211d4-28b8-44a0-8023-2bfaa48d6721,SAMMS-Providence
202608232214223878,202608232010369238,202608232010368283,85,1564,Bronze INV,br_AdmissionAssessmentSummary,TASK_COMPLETE,SUCCESS,INFO,265,265,0,,2026-08-23T20:10:41.468Z,2026-08-23T22:16:21.732Z,7540,2026-08-23T22:16:21.732Z,B57D,Westerly,955211d4-28b8-44a0-8023-2bfaa48d6721,SAMMS-Westerly
202608232214223879,202608232010369239,202608232010368283,85,1568,Bronze INV,br_AdmissionAssessmentSummary,TASK_COMPLETE,SUCCESS,INFO,371,371,0,,2026-08-23T20:10:41.468Z,2026-08-23T22:16:21.732Z,7540,2026-08-23T22:16:21.732Z,B66A,Bremen,955211d4-28b8-44a0-8023-2bfaa48d6721,SAMMS-Bremen
202608232214223881,202608232010369240,202608232010368283,85,1571,Bronze INV,br_AdmissionAssessmentSummary,TASK_COMPLETE,SUCCESS,INFO,52,52,0,,2026-08-23T20:10:41.468Z,2026-08-23T22:16:21.732Z,7540,2026-08-23T22:16:21.732Z,B72,Mobile (OBOT),955211d4-28b8-44a0-8023-2bfaa48d6721,SAMMS-Mobile-OBOT
202608232214223882,202608232010369241,202608232010368283,85,1572,Bronze INV,br_AdmissionAssessmentSummary,TASK_COMPLETE,SUCCESS,INFO,4,4,0,,2026-08-23T20:10:41.468Z,2026-08-23T22:16:21.732Z,7540,2026-08-23T22:16:21.732Z,B73,Montgomery,955211d4-28b8-44a0-8023-2bfaa48d6721,SAMMS-Montgomery
202608232214223883,202608232010369242,202608232010368283,85,1573,Bronze INV,br_AdmissionAssessmentSummary,TASK_COMPLETE,SUCCESS,INFO,340,340,0,,2026-08-23T20:10:41.468Z,2026-08-23T22:16:21.732Z,7540,2026-08-23T22:16:21.732Z,B75,Lawrence,955211d4-28b8-44a0-8023-2bfaa48d6721,SAMMS-LawrenceV6
202608232214223884,202608232010369243,202608232010368283,85,1574,Bronze INV,br_AdmissionAssessmentSummary,TASK_COMPLETE,SUCCESS,INFO,54,54,0,,2026-08-23T20:10:41.468Z,2026-08-23T22:16:21.732Z,7540,2026-08-23T22:16:21.732Z,B76,Huntsville OBOT,955211d4-28b8-44a0-8023-2bfaa48d6721,SAMMS-Huntsville-OBOT
202608232214223885,202608232010369244,202608232010368283,85,1575,Bronze INV,br_AdmissionAssessmentSummary,TASK_COMPLETE,SUCCESS,INFO,303,303,0,,2026-08-23T20:10:41.468Z,2026-08-23T22:16:21.732Z,7540,2026-08-23T22:16:21.732Z,BAT,Batesville,955211d4-28b8-44a0-8023-2bfaa48d6721,SAMMS-Batesville
202608232214223886,202608232010369245,202608232010368283,85,1576,Bronze INV,br_AdmissionAssessmentSummary,TASK_COMPLETE,SUCCESS,INFO,246,246,0,,2026-08-23T20:10:41.468Z,2026-08-23T22:16:21.732Z,7540,2026-08-23T22:16:21.732Z,BG,Bowling Green,955211d4-28b8-44a0-8023-2bfaa48d6721,SAMMS-BowlingGreen
202608232214223888,202608232010369246,202608232010368283,85,1577,Bronze INV,br_AdmissionAssessmentSummary,TASK_COMPLETE,SUCCESS,INFO,233,233,0,,2026-08-23T20:10:41.468Z,2026-08-23T22:16:21.732Z,7540,2026-08-23T22:16:21.732Z,BOI,Boise,955211d4-28b8-44a0-8023-2bfaa48d6721,SAMMS-Boise
202608232214223889,202608232010369247,202608232010368283,85,1584,Bronze INV,br_AdmissionAssessmentSummary,TASK_COMPLETE,SUCCESS,INFO,308,308,0,,2026-08-23T20:10:41.468Z,2026-08-23T22:16:21.732Z,7540,2026-08-23T22:16:21.732Z,CBCO,Coeur dAlene,955211d4-28b8-44a0-8023-2bfaa48d6721,SAMMS-CoeurdAleneV6
202608232214223890,202608232010369248,202608232010368283,85,1603,Bronze INV,br_AdmissionAssessmentSummary,TASK_COMPLETE,SUCCESS,INFO,343,343,0,,2026-08-23T20:10:41.468Z,2026-08-23T22:16:21.732Z,7540,2026-08-23T22:16:21.732Z,CON,Conway,955211d4-28b8-44a0-8023-2bfaa48d6721,SAMMS-Conway
202608232214223891,202608232010369249,202608232010368283,85,1604,Bronze INV,br_AdmissionAssessmentSummary,TASK_COMPLETE,SUCCESS,INFO,1638,1638,0,,2026-08-23T20:10:41.468Z,2026-08-23T22:16:21.732Z,7540,2026-08-23T22:16:21.732Z,D07,Medical Services Knox TN,955211d4-28b8-44a0-8023-2bfaa48d6721,SAMMS-KnoxvilleV6
202608232214223892,202608232010369250,202608232010368283,85,1605,Bronze INV,br_AdmissionAssessmentSummary,TASK_COMPLETE,SUCCESS,INFO,1038,1038,0,,2026-08-23T20:10:41.468Z,2026-08-23T22:16:21.732Z,7540,2026-08-23T22:16:21.732Z,D08,Madison,955211d4-28b8-44a0-8023-2bfaa48d6721,SAMMS-MadisonV6
202608232214223893,202608232010369251,202608232010368283,85,1607,Bronze INV,br_AdmissionAssessmentSummary,TASK_COMPLETE,SUCCESS,INFO,987,987,0,,2026-08-23T20:10:41.468Z,2026-08-23T22:16:21.732Z,7540,2026-08-23T22:16:21.732Z,D09,Murfreesboro,955211d4-28b8-44a0-8023-2bfaa48d6721,SAMMS-MurfreesboroV6
202608232214223895,202608232010369252,202608232010368283,85,1608,Bronze INV,br_AdmissionAssessmentSummary,TASK_COMPLETE,SUCCESS,INFO,230,230,0,,2026-08-23T20:10:41.468Z,2026-08-23T22:16:21.732Z,7540,2026-08-23T22:16:21.732Z,DA,Davenport,955211d4-28b8-44a0-8023-2bfaa48d6721,SAMMS-Davenport
202608232214223896,202608232010369253,202608232010368283,85,1609,Bronze INV,br_AdmissionAssessmentSummary,TASK_COMPLETE,SUCCESS,INFO,364,364,0,,2026-08-23T20:10:41.468Z,2026-08-23T22:16:21.732Z,7540,2026-08-23T22:16:21.732Z,DM,Des Moines,955211d4-28b8-44a0-8023-2bfaa48d6721,SAMMS-DesMoines
202608232214223897,202608232010369254,202608232010368283,85,1611,Bronze INV,br_AdmissionAssessmentSummary,TASK_COMPLETE,SUCCESS,INFO,496,496,0,,2026-08-23T20:10:41.468Z,2026-08-23T22:16:21.732Z,7540,2026-08-23T22:16:21.732Z,DRD-CO,Columbia MO,955211d4-28b8-44a0-8023-2bfaa48d6721,SAMMS-ColumbiaV5
202608232214223898,202608232010369255,202608232010368283,85,1612,Bronze INV,br_AdmissionAssessmentSummary,TASK_COMPLETE,SUCCESS,INFO,620,620,0,,2026-08-23T20:10:41.468Z,2026-08-23T22:16:21.732Z,7540,2026-08-23T22:16:21.732Z,DRD-KC,KC,955211d4-28b8-44a0-8023-2bfaa48d6721,SAMMS-KCv5
202608232214223899,202608232010369256,202608232010368283,85,1613,Bronze INV,br_AdmissionAssessmentSummary,TASK_COMPLETE,SUCCESS,INFO,986,986,0,,2026-08-23T20:10:41.468Z,2026-08-23T22:16:21.732Z,7540,2026-08-23T22:16:21.732Z,DRD-KVB,KVB,955211d4-28b8-44a0-8023-2bfaa48d6721,SAMMS-KVBv5
202608232214223900,202608232010369257,202608232010368283,85,1614,Bronze INV,br_AdmissionAssessmentSummary,TASK_COMPLETE,SUCCESS,INFO,1603,1603,0,,2026-08-23T20:10:41.468Z,2026-08-23T22:16:21.732Z,7540,2026-08-23T22:16:21.732Z,DRD-KVC,KVC,955211d4-28b8-44a0-8023-2bfaa48d6721,SAMMS-KVCv5
202608232214223902,202608232010369258,202608232010368283,85,1615,Bronze INV,br_AdmissionAssessmentSummary,TASK_COMPLETE,SUCCESS,INFO,1275,1275,0,,2026-08-23T20:10:41.468Z,2026-08-23T22:16:21.732Z,7540,2026-08-23T22:16:21.732Z,DRD-NOLA,NOLA,955211d4-28b8-44a0-8023-2bfaa48d6721,SAMMS-NOLAv5
202608232214223903,202608232010369259,202608232010368283,85,1616,Bronze INV,br_AdmissionAssessmentSummary,TASK_COMPLETE,SUCCESS,INFO,772,772,0,,2026-08-23T20:10:41.468Z,2026-08-23T22:16:21.732Z,7540,2026-08-23T22:16:21.732Z,DRD-SF,Springfield,955211d4-28b8-44a0-8023-2bfaa48d6721,SAMMS-SFv5
202608232214223904,202608232010369260,202608232010368283,85,1618,Bronze INV,br_AdmissionAssessmentSummary,TASK_COMPLETE,SUCCESS,INFO,283,283,0,,2026-08-23T20:10:41.468Z,2026-08-23T22:16:21.732Z,7540,2026-08-23T22:16:21.732Z,ELC,Elizabeth City,955211d4-28b8-44a0-8023-2bfaa48d6721,SAMMS-ElizabethCity
202608232214223905,202608232010369261,202608232010368283,85,1619,Bronze INV,br_AdmissionAssessmentSummary,TASK_COMPLETE,SUCCESS,INFO,285,285,0,,2026-08-23T20:10:41.468Z,2026-08-23T22:16:21.732Z,7540,2026-08-23T22:16:21.732Z,ET,Elizabethtown,955211d4-28b8-44a0-8023-2bfaa48d6721,SAMMS-Elizabethtown
202608232214223906,202608232010369262,202608232010368283,85,1620,Bronze INV,br_AdmissionAssessmentSummary,TASK_COMPLETE,SUCCESS,INFO,236,236,0,,2026-08-23T20:10:41.468Z,2026-08-23T22:16:21.732Z,7540,2026-08-23T22:16:21.732Z,FAY,Fayetteville,955211d4-28b8-44a0-8023-2bfaa48d6721,SAMMS-Fayetteville
202608232214223907,202608232010369263,202608232010368283,85,1621,Bronze INV,br_AdmissionAssessmentSummary,TASK_COMPLETE,SUCCESS,INFO,185,185,0,,2026-08-23T20:10:41.468Z,2026-08-23T22:16:21.732Z,7540,2026-08-23T22:16:21.732Z,FR,Frankfort,955211d4-28b8-44a0-8023-2bfaa48d6721,SAMMS-Frankfort
202608232214223908,202608232010369264,202608232010368283,85,1622,Bronze INV,br_AdmissionAssessmentSummary,TASK_COMPLETE,SUCCESS,INFO,293,293,0,,2026-08-23T20:10:41.468Z,2026-08-23T22:16:21.732Z,7540,2026-08-23T22:16:21.732Z,FS,Fort Smith,955211d4-28b8-44a0-8023-2bfaa48d6721,SAMMS-FortSmith
202608232214223910,202608232010369265,202608232010368283,85,1623,Bronze INV,br_AdmissionAssessmentSummary,TASK_COMPLETE,SUCCESS,INFO,684,684,0,,2026-08-23T20:10:41.468Z,2026-08-23T22:16:21.732Z,7540,2026-08-23T22:16:21.732Z,FW,Fort Wayne,955211d4-28b8-44a0-8023-2bfaa48d6721,SAMMS-FortWayne
202608232214223911,202608232010369266,202608232010368283,85,1624,Bronze INV,br_AdmissionAssessmentSummary,TASK_COMPLETE,SUCCESS,INFO,127,127,0,,2026-08-23T20:10:41.468Z,2026-08-23T22:16:21.732Z,7540,2026-08-23T22:16:21.732Z,GAL,Gaylord,955211d4-28b8-44a0-8023-2bfaa48d6721,SAMMS-Gaylord
202608232214223912,202608232010369267,202608232010368283,85,1628,Bronze INV,br_AdmissionAssessmentSummary,TASK_COMPLETE,SUCCESS,INFO,635,635,0,,2026-08-23T20:10:41.468Z,2026-08-23T22:16:21.732Z,7540,2026-08-23T22:16:21.732Z,HGT,Hagerstown,955211d4-28b8-44a0-8023-2bfaa48d6721,SAMMS-Hagerstown
202608232214223913,202608232010369268,202608232010368283,85,1629,Bronze INV,br_AdmissionAssessmentSummary,TASK_COMPLETE,SUCCESS,INFO,487,487,0,,2026-08-23T20:10:41.468Z,2026-08-23T22:16:21.732Z,7540,2026-08-23T22:16:21.732Z,HNT,Huntsville,955211d4-28b8-44a0-8023-2bfaa48d6721,SAMMS-Huntsville
202608232214223914,202608232010369269,202608232010368283,85,1630,Bronze INV,br_AdmissionAssessmentSummary,TASK_COMPLETE,SUCCESS,INFO,357,357,0,,2026-08-23T20:10:41.468Z,2026-08-23T22:16:21.732Z,7540,2026-08-23T22:16:21.732Z,HS,Hot Springs,955211d4-28b8-44a0-8023-2bfaa48d6721,SAMMS-HotSprings
202608232214223915,202608232010369270,202608232010368283,85,1631,Bronze INV,br_AdmissionAssessmentSummary,TASK_COMPLETE,SUCCESS,INFO,267,267,0,,2026-08-23T20:10:41.468Z,2026-08-23T22:16:21.732Z,7540,2026-08-23T22:16:21.732Z,JON,Jonesboro,955211d4-28b8-44a0-8023-2bfaa48d6721,SAMMS-Jonesboro
202608232214223917,202608232010369271,202608232010368283,85,1633,Bronze INV,br_AdmissionAssessmentSummary,TASK_COMPLETE,SUCCESS,INFO,195,195,0,,2026-08-23T20:10:41.468Z,2026-08-23T22:16:21.732Z,7540,2026-08-23T22:16:21.732Z,LAN,Lansing,955211d4-28b8-44a0-8023-2bfaa48d6721,SAMMS-Lansing
202608232214223918,202608232010369272,202608232010368283,85,1634,Bronze INV,br_AdmissionAssessmentSummary,TASK_COMPLETE,SUCCESS,INFO,450,450,0,,2026-08-23T20:10:41.468Z,2026-08-23T22:16:21.732Z,7540,2026-08-23T22:16:21.732Z,LO,Louisville,955211d4-28b8-44a0-8023-2bfaa48d6721,SAMMS-Louisville
202608232214223919,202608232010369273,202608232010368283,85,1635,Bronze INV,br_AdmissionAssessmentSummary,TASK_COMPLETE,SUCCESS,INFO,1223,1223,0,,2026-08-23T20:10:41.468Z,2026-08-23T22:16:21.732Z,7540,2026-08-23T22:16:21.732Z,LV1,Cheyenne,955211d4-28b8-44a0-8023-2bfaa48d6721,SAMMS-Cheyenne
202608232214223920,202608232010369274,202608232010368283,85,1636,Bronze INV,br_AdmissionAssessmentSummary,TASK_COMPLETE,SUCCESS,INFO,967,967,0,,2026-08-23T20:10:41.468Z,2026-08-23T22:16:21.732Z,7540,2026-08-23T22:16:21.732Z,LV2,Desert Inn,955211d4-28b8-44a0-8023-2bfaa48d6721,SAMMS-DesertInn
202608232214223921,202608232010369275,202608232010368283,85,1637,Bronze INV,br_AdmissionAssessmentSummary,TASK_COMPLETE,SUCCESS,INFO,322,322,0,,2026-08-23T20:10:41.468Z,2026-08-23T22:16:21.732Z,7540,2026-08-23T22:16:21.732Z,LV3,McDaniel,955211d4-28b8-44a0-8023-2bfaa48d6721,SAMMS-McDaniel
202608232214223922,202608232010369276,202608232010368283,85,1640,Bronze INV,br_AdmissionAssessmentSummary,TASK_COMPLETE,SUCCESS,INFO,279,279,0,,2026-08-23T20:10:41.468Z,2026-08-23T22:16:21.732Z,7540,2026-08-23T22:16:21.732Z,MNRE,Monroe,955211d4-28b8-44a0-8023-2bfaa48d6721,SAMMS-Monroe
202608232214223924,202608232010369277,202608232010368283,85,1641,Bronze INV,br_AdmissionAssessmentSummary,TASK_COMPLETE,SUCCESS,INFO,195,195,0,,2026-08-23T20:10:41.468Z,2026-08-23T22:16:21.732Z,7540,2026-08-23T22:16:21.732Z,MP,Mt. Pleasant,955211d4-28b8-44a0-8023-2bfaa48d6721,SAMMS-MtPleasant
202608232214223925,202608232010369278,202608232010368283,85,1642,Bronze INV,br_AdmissionAssessmentSummary,TASK_COMPLETE,SUCCESS,INFO,173,173,0,,2026-08-23T20:10:41.468Z,2026-08-23T22:16:21.732Z,7540,2026-08-23T22:16:21.732Z,MRD,Meridian,955211d4-28b8-44a0-8023-2bfaa48d6721,SAMMS-Meridian
202608232214223926,202608232010369279,202608232010368283,85,1647,Bronze INV,br_AdmissionAssessmentSummary,TASK_COMPLETE,SUCCESS,INFO,634,634,0,,2026-08-23T20:10:41.468Z,2026-08-23T22:16:21.732Z,7540,2026-08-23T22:16:21.732Z,NC,North Charleston,955211d4-28b8-44a0-8023-2bfaa48d6721,SAMMS-NorthCharleston
202608232214223927,202608232010369280,202608232010368283,85,1648,Bronze INV,br_AdmissionAssessmentSummary,TASK_COMPLETE,SUCCESS,INFO,570,570,0,,2026-08-23T20:10:41.468Z,2026-08-23T22:16:21.732Z,7540,2026-08-23T22:16:21.732Z,NLR,N. Little Rock,955211d4-28b8-44a0-8023-2bfaa48d6721,SAMMS-NLROBOT
202608232214223928,202608232010369281,202608232010368283,85,1649,Bronze INV,br_AdmissionAssessmentSummary,TASK_COMPLETE,SUCCESS,INFO,247,247,0,,2026-08-23T20:10:41.468Z,2026-08-23T22:16:21.732Z,7540,2026-08-23T22:16:21.732Z,PH,Phoenix,955211d4-28b8-44a0-8023-2bfaa48d6721,SAMMS-Phoenix
202608232214223929,202608232010369282,202608232010368283,85,1653,Bronze INV,br_AdmissionAssessmentSummary,TASK_COMPLETE,SUCCESS,INFO,424,424,0,,2026-08-23T20:10:41.468Z,2026-08-23T22:16:21.732Z,7540,2026-08-23T22:16:21.732Z,RE,Reno,955211d4-28b8-44a0-8023-2bfaa48d6721,SAMMS-Reno
202608232214223930,202608232010369283,202608232010368283,85,1654,Bronze INV,br_AdmissionAssessmentSummary,TASK_COMPLETE,SUCCESS,INFO,407,407,0,,2026-08-23T20:10:41.468Z,2026-08-23T22:16:21.732Z,7540,2026-08-23T22:16:21.732Z,RMD,Richmond,955211d4-28b8-44a0-8023-2bfaa48d6721,SAMMS-Richmond
202608232214223932,202608232010369284,202608232010368283,85,1655,Bronze INV,br_AdmissionAssessmentSummary,TASK_COMPLETE,SUCCESS,INFO,499,499,0,,2026-08-23T20:10:41.468Z,2026-08-23T22:16:21.732Z,7540,2026-08-23T22:16:21.732Z,SFN,Springfield North,955211d4-28b8-44a0-8023-2bfaa48d6721,SAMMS-SFNv5
202608232214223933,202608232010369285,202608232010368283,85,1656,Bronze INV,br_AdmissionAssessmentSummary,TASK_COMPLETE,SUCCESS,INFO,464,464,0,,2026-08-23T20:10:41.468Z,2026-08-23T22:16:21.732Z,7540,2026-08-23T22:16:21.732Z,SHP,Shreveport,955211d4-28b8-44a0-8023-2bfaa48d6721,SAMMS-Shreveport
202608232214223934,202608232010369286,202608232010368283,85,1658,Bronze INV,br_AdmissionAssessmentSummary,TASK_COMPLETE,SUCCESS,INFO,88,88,0,,2026-08-23T20:10:41.468Z,2026-08-23T22:16:21.732Z,7540,2026-08-23T22:16:21.732Z,STN,Staunton,955211d4-28b8-44a0-8023-2bfaa48d6721,SAMMS-Staunton
202608232214223935,202608232010369287,202608232010368283,85,1659,Bronze INV,br_AdmissionAssessmentSummary,TASK_COMPLETE,SUCCESS,INFO,57,57,0,,2026-08-23T20:10:41.468Z,2026-08-23T22:16:21.732Z,7540,2026-08-23T22:16:21.732Z,STVN,Stevenson,955211d4-28b8-44a0-8023-2bfaa48d6721,SAMMS-Stevenson
202608232214223936,202608232010369288,202608232010368283,85,1661,Bronze INV,br_AdmissionAssessmentSummary,TASK_COMPLETE,SUCCESS,INFO,77,77,0,,2026-08-23T20:10:41.468Z,2026-08-23T22:16:21.732Z,7540,2026-08-23T22:16:21.732Z,TE,Tempe,955211d4-28b8-44a0-8023-2bfaa48d6721,SAMMS-Tempe
202608232214223938,202608232010369289,202608232010368283,85,1662,Bronze INV,br_AdmissionAssessmentSummary,TASK_COMPLETE,SUCCESS,INFO,387,387,0,,2026-08-23T20:10:41.468Z,2026-08-23T22:16:21.732Z,7540,2026-08-23T22:16:21.732Z,TEX,Texarkana,955211d4-28b8-44a0-8023-2bfaa48d6721,SAMMS-Texarkana
202608232214223939,202608232010369290,202608232010368283,85,1663,Bronze INV,br_AdmissionAssessmentSummary,TASK_COMPLETE,SUCCESS,INFO,468,468,0,,2026-08-23T20:10:41.468Z,2026-08-23T22:16:21.732Z,7540,2026-08-23T22:16:21.732Z,TTCA,Bessemer,955211d4-28b8-44a0-8023-2bfaa48d6721,SAMMS-BessemerV5
202608232214223940,202608232010369291,202608232010368283,85,1664,Bronze INV,br_AdmissionAssessmentSummary,TASK_COMPLETE,SUCCESS,INFO,553,553,0,,2026-08-23T20:10:41.468Z,2026-08-23T22:16:21.732Z,7540,2026-08-23T22:16:21.732Z,TTCB,Cullman,955211d4-28b8-44a0-8023-2bfaa48d6721,SAMMS-CullmanV5
202608232214223941,202608232010369292,202608232010368283,85,1665,Bronze INV,br_AdmissionAssessmentSummary,TASK_COMPLETE,SUCCESS,INFO,390,390,0,,2026-08-23T20:10:41.468Z,2026-08-23T22:16:21.732Z,7540,2026-08-23T22:16:21.732Z,TTCC,Grand Bay,955211d4-28b8-44a0-8023-2bfaa48d6721,SAMMS-GrandBay
202608232214223942,202608232010369293,202608232010368283,85,1666,Bronze INV,br_AdmissionAssessmentSummary,TASK_COMPLETE,SUCCESS,INFO,25,25,0,,2026-08-23T20:10:41.468Z,2026-08-23T22:16:21.732Z,7540,2026-08-23T22:16:21.732Z,TU,Tucson,955211d4-28b8-44a0-8023-2bfaa48d6721,SAMMS-Tucson
202608232214223943,202608232010369294,202608232010368283,85,1668,Bronze INV,br_AdmissionAssessmentSummary,TASK_COMPLETE,SUCCESS,INFO,264,264,0,,2026-08-23T20:10:41.468Z,2026-08-23T22:16:21.732Z,7540,2026-08-23T22:16:21.732Z,V1,Memphis South,955211d4-28b8-44a0-8023-2bfaa48d6721,SAMMS-VCPHCS-I-MemphisV5
202608232214223945,202608232010369295,202608232010368283,85,1669,Bronze INV,br_AdmissionAssessmentSummary,TASK_COMPLETE,SUCCESS,INFO,707,707,0,,2026-08-23T20:10:41.468Z,2026-08-23T22:16:21.732Z,7540,2026-08-23T22:16:21.732Z,V10,Longmont,955211d4-28b8-44a0-8023-2bfaa48d6721,SAMMS-BoulderV5
202608232214223946,202608232010369296,202608232010368283,85,1670,Bronze INV,br_AdmissionAssessmentSummary,TASK_COMPLETE,SUCCESS,INFO,1206,1206,0,,2026-08-23T20:10:41.468Z,2026-08-23T22:16:21.732Z,7540,2026-08-23T22:16:21.732Z,V10A,Fort Collins,955211d4-28b8-44a0-8023-2bfaa48d6721,SAMMS-FortCollinsV5
202608232214223947,202608232010369297,202608232010368283,85,1671,Bronze INV,br_AdmissionAssessmentSummary,TASK_COMPLETE,SUCCESS,INFO,1050,1050,0,,2026-08-23T20:10:41.468Z,2026-08-23T22:16:21.732Z,7540,2026-08-23T22:16:21.732Z,V11,Westminster,955211d4-28b8-44a0-8023-2bfaa48d6721,SAMMS-VCPHCS-XI-NorthDenverV5
202608232214223948,202608232010369298,202608232010368283,85,1672,Bronze INV,br_AdmissionAssessmentSummary,TASK_COMPLETE,SUCCESS,INFO,1116,1116,0,,2026-08-23T20:10:41.468Z,2026-08-23T22:16:21.732Z,7540,2026-08-23T22:16:21.732Z,V12,Downtown Denver,955211d4-28b8-44a0-8023-2bfaa48d6721,SAMMS-VCPHCS-XII-DowntownDenverV5
202608232214223949,202608232010369299,202608232010368283,85,1673,Bronze INV,br_AdmissionAssessmentSummary,TASK_COMPLETE,SUCCESS,INFO,507,507,0,,2026-08-23T20:10:41.468Z,2026-08-23T22:16:21.732Z,7540,2026-08-23T22:16:21.732Z,V12A,Centennial,955211d4-28b8-44a0-8023-2bfaa48d6721,SAMMS-CentennialV5
202608232214223950,202608232010369300,202608232010368283,85,1674,Bronze INV,br_AdmissionAssessmentSummary,TASK_COMPLETE,SUCCESS,INFO,314,314,0,,2026-08-23T20:10:41.468Z,2026-08-23T22:16:21.732Z,7540,2026-08-23T22:16:21.732Z,V14,Overland Park,955211d4-28b8-44a0-8023-2bfaa48d6721,SAMMS-VCPHCS-XIV-BridgewayV5
202608232214223951,202608232010369301,202608232010368283,85,1675,Bronze INV,br_AdmissionAssessmentSummary,TASK_COMPLETE,SUCCESS,INFO,570,570,0,,2026-08-23T20:10:41.468Z,2026-08-23T22:16:21.732Z,7540,2026-08-23T22:16:21.732Z,V15,Joplin,955211d4-28b8-44a0-8023-2bfaa48d6721,SAMMS-JoplinV5
202608232214223953,202608232010369302,202608232010368283,85,1677,Bronze INV,br_AdmissionAssessmentSummary,TASK_COMPLETE,SUCCESS,INFO,489,489,0,,2026-08-23T20:10:41.468Z,2026-08-23T22:16:21.732Z,7540,2026-08-23T22:16:21.732Z,V17,Columbia TN,955211d4-28b8-44a0-8023-2bfaa48d6721,SAMMS-ColumbiaTNv5
202608232214223954,202608232010369303,202608232010368283,85,1679,Bronze INV,br_AdmissionAssessmentSummary,TASK_COMPLETE,SUCCESS,INFO,438,438,0,,2026-08-23T20:10:41.468Z,2026-08-23T22:16:21.732Z,7540,2026-08-23T22:16:21.732Z,V19,Jackson,955211d4-28b8-44a0-8023-2bfaa48d6721,SAMMS-JacksonV5
202608232214223955,202608232010369304,202608232010368283,85,1681,Bronze INV,br_AdmissionAssessmentSummary,TASK_COMPLETE,SUCCESS,INFO,523,523,0,,2026-08-23T20:10:41.468Z,2026-08-23T22:16:21.732Z,7540,2026-08-23T22:16:21.732Z,V20,Paris,955211d4-28b8-44a0-8023-2bfaa48d6721,SAMMS-ParisV5
202608232214223956,202608232010369305,202608232010368283,85,1682,Bronze INV,br_AdmissionAssessmentSummary,TASK_COMPLETE,SUCCESS,INFO,368,368,0,,2026-08-23T20:10:41.468Z,2026-08-23T22:16:21.732Z,7540,2026-08-23T22:16:21.732Z,V21,Memphis North,955211d4-28b8-44a0-8023-2bfaa48d6721,SAMMS-RaleighV5
202608232214223957,202608232010369306,202608232010368283,85,1685,Bronze INV,br_AdmissionAssessmentSummary,TASK_COMPLETE,SUCCESS,INFO,730,730,0,,2026-08-23T20:10:41.468Z,2026-08-23T22:16:21.732Z,7540,2026-08-23T22:16:21.732Z,V5,West Bank,955211d4-28b8-44a0-8023-2bfaa48d6721,SAMMS-NONTCv5
202608232214223958,202608232010369307,202608232010368283,85,1687,Bronze INV,br_AdmissionAssessmentSummary,TASK_COMPLETE,SUCCESS,INFO,262,262,0,,2026-08-23T20:10:41.468Z,2026-08-23T22:16:21.732Z,7540,2026-08-23T22:16:21.732Z,V5B,Houma,955211d4-28b8-44a0-8023-2bfaa48d6721,SAMMS-HoumaV6
202608232214223466,202608232010370001,202608232010368283,85,1140,Bronze INV,br_AdmissionAssessmentDimensionSix,TASK_COMPLETE,SUCCESS,INFO,329,329,0,,2026-08-23T20:10:41.468Z,2026-08-23T22:16:21.732Z,7540,2026-08-23T22:16:21.732Z,VBRA,Brainerd,955211d4-28b8-44a0-8023-2bfaa48d6721,SAMMS-BrainerdV6
202608232214223467,202608232010370002,202608232010368283,85,1141,Bronze INV,br_AdmissionAssessmentDimensionSix,TASK_COMPLETE,SUCCESS,INFO,585,585,0,,2026-08-23T20:10:41.468Z,2026-08-23T22:16:21.732Z,7540,2026-08-23T22:16:21.732Z,VBRP,Brooklyn Park,955211d4-28b8-44a0-8023-2bfaa48d6721,SAMMS-BrooklynParkV6
202608232214223468,202608232010370003,202608232010368283,85,1143,Bronze INV,br_AdmissionAssessmentDimensionSix,TASK_COMPLETE,SUCCESS,INFO,567,567,0,,2026-08-23T20:10:41.468Z,2026-08-23T22:16:21.732Z,7540,2026-08-23T22:16:21.732Z,VMIN,Minneapolis,955211d4-28b8-44a0-8023-2bfaa48d6721,SAMMS-MinneapolisV6
202608232214223469,202608232010370004,202608232010368283,85,1144,Bronze INV,br_AdmissionAssessmentDimensionSix,TASK_COMPLETE,SUCCESS,INFO,1062,1062,0,,2026-08-23T20:10:41.468Z,2026-08-23T22:16:21.732Z,7540,2026-08-23T22:16:21.732Z,VWBY,Woodbury,955211d4-28b8-44a0-8023-2bfaa48d6721,SAMMS-WoodburyV6
202608232214223473,202608232010370005,202608232010368283,85,1146,Bronze INV,br_AdmissionAssessmentDimensionSix,TASK_COMPLETE,SUCCESS,INFO,423,423,0,,2026-08-23T20:10:41.468Z,2026-08-23T22:16:21.732Z,7540,2026-08-23T22:16:21.732Z,WIL,Wilson,955211d4-28b8-44a0-8023-2bfaa48d6721,SAMMS-Wilson
202608232214223574,202608232010468290,202608232010468283,86,5726,Silver INV,sl_AdmissionAssessmentDimensionSix,TASK_COMPLETE,SUCCESS,INFO,50574,50574,0,,2026-08-23T20:10:41.468Z,2026-08-23T22:16:21.732Z,7540,2026-08-23T22:16:21.732Z,,,955211d4-28b8-44a0-8023-2bfaa48d6721,
202608232214223505,202608232010369546,202608232010368283,85,1150,Bronze INV,br_AdmissionAssessmentDimensionThree,TASK_COMPLETE,SUCCESS,INFO,97,97,0,,2026-08-23T20:10:41.468Z,2026-08-23T22:16:21.732Z,7540,2026-08-23T22:16:21.732Z,AHK,Ahoskie,955211d4-28b8-44a0-8023-2bfaa48d6721,SAMMS-Ahoskie
202608232214223506,202608232010369547,202608232010368283,85,1151,Bronze INV,br_AdmissionAssessmentDimensionThree,TASK_COMPLETE,SUCCESS,INFO,785,785,0,,2026-08-23T20:10:41.468Z,2026-08-23T22:16:21.732Z,7540,2026-08-23T22:16:21.732Z,B12B,Colorado Springs,955211d4-28b8-44a0-8023-2bfaa48d6721,SAMMS-ColoradoSpringsV5
202608232214223507,202608232010369548,202608232010368283,85,1152,Bronze INV,br_AdmissionAssessmentDimensionThree,TASK_COMPLETE,SUCCESS,INFO,413,413,0,,2026-08-23T20:10:41.468Z,2026-08-23T22:16:21.732Z,7540,2026-08-23T22:16:21.732Z,B24,Paintsville,955211d4-28b8-44a0-8023-2bfaa48d6721,SAMMS-PaintsvilleV5
202608232214223508,202608232010369549,202608232010368283,85,1153,Bronze INV,br_AdmissionAssessmentDimensionThree,TASK_COMPLETE,SUCCESS,INFO,173,173,0,,2026-08-23T20:10:41.468Z,2026-08-23T22:16:21.732Z,7540,2026-08-23T22:16:21.732Z,B25,Pikeville,955211d4-28b8-44a0-8023-2bfaa48d6721,SAMMS-PikevilleV5
202608232214223509,202608232010369550,202608232010368283,85,1154,Bronze INV,br_AdmissionAssessmentDimensionThree,TASK_COMPLETE,SUCCESS,INFO,494,494,0,,2026-08-23T20:10:41.468Z,2026-08-23T22:16:21.732Z,7540,2026-08-23T22:16:21.732Z,B26,Hazard,955211d4-28b8-44a0-8023-2bfaa48d6721,SAMMS-HazardV5
202608232214223510,202608232010369551,202608232010368283,85,1155,Bronze INV,br_AdmissionAssessmentDimensionThree,TASK_COMPLETE,SUCCESS,INFO,188,188,0,,2026-08-23T20:10:41.468Z,2026-08-23T22:16:21.732Z,7540,2026-08-23T22:16:21.732Z,B27,Savannah,955211d4-28b8-44a0-8023-2bfaa48d6721,SAMMS-SavannahV6
202608232214223512,202608232010369552,202608232010368283,85,1156,Bronze INV,br_AdmissionAssessmentDimensionThree,TASK_COMPLETE,SUCCESS,INFO,233,233,0,,2026-08-23T20:10:41.468Z,2026-08-23T22:16:21.732Z,7540,2026-08-23T22:16:21.732Z,B28,West Plains,955211d4-28b8-44a0-8023-2bfaa48d6721,SAMMS-WestPlainesV5
202608232214223513,202608232010369553,202608232010368283,85,1157,Bronze INV,br_AdmissionAssessmentDimensionThree,TASK_COMPLETE,SUCCESS,INFO,258,258,0,,2026-08-23T20:10:41.468Z,2026-08-23T22:16:21.732Z,7540,2026-08-23T22:16:21.732Z,B29,Poplar Bluff,955211d4-28b8-44a0-8023-2bfaa48d6721,SAMMS-PoplarBluffV5
202608232214223514,202608232010369554,202608232010368283,85,1158,Bronze INV,br_AdmissionAssessmentDimensionThree,TASK_COMPLETE,SUCCESS,INFO,140,140,0,,2026-08-23T20:10:41.468Z,2026-08-23T22:16:21.732Z,7540,2026-08-23T22:16:21.732Z,B30,KC North,955211d4-28b8-44a0-8023-2bfaa48d6721,SAMMS-KCNv5
202608232214223515,202608232010369555,202608232010368283,85,1159,Bronze INV,br_AdmissionAssessmentDimensionThree,TASK_COMPLETE,SUCCESS,INFO,340,340,0,,2026-08-23T20:10:41.468Z,2026-08-23T22:16:21.732Z,7540,2026-08-23T22:16:21.732Z,B31,Dyersburg,955211d4-28b8-44a0-8023-2bfaa48d6721,SAMMS-DyersburgV5
202608232214223516,202608232010369556,202608232010368283,85,1161,Bronze INV,br_AdmissionAssessmentDimensionThree,TASK_COMPLETE,SUCCESS,INFO,213,213,0,,2026-08-23T20:10:41.468Z,2026-08-23T22:16:21.732Z,7540,2026-08-23T22:16:21.732Z,B33,Paducah,955211d4-28b8-44a0-8023-2bfaa48d6721,SAMMS-Paducah
202608232214223517,202608232010369557,202608232010368283,85,1162,Bronze INV,br_AdmissionAssessmentDimensionThree,TASK_COMPLETE,SUCCESS,INFO,446,446,0,,2026-08-23T20:10:41.468Z,2026-08-23T22:16:21.732Z,7540,2026-08-23T22:16:21.732Z,B34,Corbin,955211d4-28b8-44a0-8023-2bfaa48d6721,SAMMS-CorbinV5
202608232214223519,202608232010369558,202608232010368283,85,1163,Bronze INV,br_AdmissionAssessmentDimensionThree,TASK_COMPLETE,SUCCESS,INFO,718,718,0,,2026-08-23T20:10:41.468Z,2026-08-23T22:16:21.732Z,7540,2026-08-23T22:16:21.732Z,B35,Lexington,955211d4-28b8-44a0-8023-2bfaa48d6721,SAMMS-LexingtonV5
202608232214223520,202608232010369559,202608232010368283,85,1164,Bronze INV,br_AdmissionAssessmentDimensionThree,TASK_COMPLETE,SUCCESS,INFO,347,347,0,,2026-08-23T20:10:41.468Z,2026-08-23T22:16:21.732Z,7540,2026-08-23T22:16:21.732Z,B35A,Berea,955211d4-28b8-44a0-8023-2bfaa48d6721,SAMMS-BereaV5
202608232214223521,202608232010369560,202608232010368283,85,1165,Bronze INV,br_AdmissionAssessmentDimensionThree,TASK_COMPLETE,SUCCESS,INFO,606,606,0,,2026-08-23T20:10:41.468Z,2026-08-23T22:16:21.732Z,7540,2026-08-23T22:16:21.732Z,B36,Asheville,955211d4-28b8-44a0-8023-2bfaa48d6721,SAMMS-AshevilleV5
202608232214223522,202608232010369561,202608232010368283,85,1166,Bronze INV,br_AdmissionAssessmentDimensionThree,TASK_COMPLETE,SUCCESS,INFO,451,451,0,,2026-08-23T20:10:41.468Z,2026-08-23T22:16:21.732Z,7540,2026-08-23T22:16:21.732Z,B37,Clyde,955211d4-28b8-44a0-8023-2bfaa48d6721,SAMMS-ClydeV5
202608232214223523,202608232010369562,202608232010368283,85,1167,Bronze INV,br_AdmissionAssessmentDimensionThree,TASK_COMPLETE,SUCCESS,INFO,630,630,0,,2026-08-23T20:10:41.468Z,2026-08-23T22:16:21.732Z,7540,2026-08-23T22:16:21.732Z,B38,Spartanburg,955211d4-28b8-44a0-8023-2bfaa48d6721,SAMMS-SpartanburgV5
202608232214223524,202608232010369563,202608232010368283,85,1168,Bronze INV,br_AdmissionAssessmentDimensionThree,TASK_COMPLETE,SUCCESS,INFO,480,480,0,,2026-08-23T20:10:41.468Z,2026-08-23T22:16:21.732Z,7540,2026-08-23T22:16:21.732Z,B39,Aiken,955211d4-28b8-44a0-8023-2bfaa48d6721,SAMMS-AikenV5
202608232214223526,202608232010369564,202608232010368283,85,1169,Bronze INV,br_AdmissionAssessmentDimensionThree,TASK_COMPLETE,SUCCESS,INFO,295,295,0,,2026-08-23T20:10:41.468Z,2026-08-23T22:16:21.732Z,7540,2026-08-23T22:16:21.732Z,B41,Chesapeake,955211d4-28b8-44a0-8023-2bfaa48d6721,SAMMS-ChesapeakeV5
202608232214223527,202608232010369565,202608232010368283,85,1170,Bronze INV,br_AdmissionAssessmentDimensionThree,TASK_COMPLETE,SUCCESS,INFO,533,533,0,,2026-08-23T20:10:41.468Z,2026-08-23T22:16:21.732Z,7540,2026-08-23T22:16:21.732Z,B42,Virginia Beach,955211d4-28b8-44a0-8023-2bfaa48d6721,SAMMS-VirginiaBeachV5
202608232214223528,202608232010369566,202608232010368283,85,1171,Bronze INV,br_AdmissionAssessmentDimensionThree,TASK_COMPLETE,SUCCESS,INFO,165,165,0,,2026-08-23T20:10:41.468Z,2026-08-23T22:16:21.732Z,7540,2026-08-23T22:16:21.732Z,B42A,Newport News,955211d4-28b8-44a0-8023-2bfaa48d6721,SAMMS-NewportNewsV5
202608232214223529,202608232010369567,202608232010368283,85,1172,Bronze INV,br_AdmissionAssessmentDimensionThree,TASK_COMPLETE,SUCCESS,INFO,58,58,0,,2026-08-23T20:10:41.468Z,2026-08-23T22:16:21.732Z,7540,2026-08-23T22:16:21.732Z,B42B,Franklin,955211d4-28b8-44a0-8023-2bfaa48d6721,SAMMS-FranklinV5
202608232214223530,202608232010369568,202608232010368283,85,1173,Bronze INV,br_AdmissionAssessmentDimensionThree,TASK_COMPLETE,SUCCESS,INFO,337,337,0,,2026-08-23T20:10:41.468Z,2026-08-23T22:16:21.732Z,7540,2026-08-23T22:16:21.732Z,B42C,Glen Allen,955211d4-28b8-44a0-8023-2bfaa48d6721,SAMMS-GlenAllenV5
202608232214223532,202608232010369569,202608232010368283,85,1174,Bronze INV,br_AdmissionAssessmentDimensionThree,TASK_COMPLETE,SUCCESS,INFO,175,175,0,,2026-08-23T20:10:41.468Z,2026-08-23T22:16:21.732Z,7540,2026-08-23T22:16:21.732Z,B42D,Chesapeake South,955211d4-28b8-44a0-8023-2bfaa48d6721,SAMMS-ChesapeakeSouthV5
202608232214223533,202608232010369570,202608232010368283,85,1175,Bronze INV,br_AdmissionAssessmentDimensionThree,TASK_COMPLETE,SUCCESS,INFO,207,207,0,,2026-08-23T20:10:41.468Z,2026-08-23T22:16:21.732Z,7540,2026-08-23T22:16:21.732Z,B44,Albany,955211d4-28b8-44a0-8023-2bfaa48d6721,SAMMS-AlbanyV5
202608232214223534,202608232010369571,202608232010368283,85,1176,Bronze INV,br_AdmissionAssessmentDimensionThree,TASK_COMPLETE,SUCCESS,INFO,301,301,0,,2026-08-23T20:10:41.468Z,2026-08-23T22:16:21.732Z,7540,2026-08-23T22:16:21.732Z,B45,Tifton,955211d4-28b8-44a0-8023-2bfaa48d6721,SAMMS-TiftonV5
202608232214223535,202608232010369572,202608232010368283,85,1177,Bronze INV,br_AdmissionAssessmentDimensionThree,TASK_COMPLETE,SUCCESS,INFO,664,664,0,,2026-08-23T20:10:41.468Z,2026-08-23T22:16:21.732Z,7540,2026-08-23T22:16:21.732Z,B46,Washington DC,955211d4-28b8-44a0-8023-2bfaa48d6721,SAMMS-WashingtonDCv5
202608232214223536,202608232010369573,202608232010368283,85,1178,Bronze INV,br_AdmissionAssessmentDimensionThree,TASK_COMPLETE,SUCCESS,INFO,354,354,0,,2026-08-23T20:10:41.468Z,2026-08-23T22:16:21.732Z,7540,2026-08-23T22:16:21.732Z,B47,Mobile,955211d4-28b8-44a0-8023-2bfaa48d6721,SAMMS-MobileV5
202608232214223537,202608232010369574,202608232010368283,85,1179,Bronze INV,br_AdmissionAssessmentDimensionThree,TASK_COMPLETE,SUCCESS,INFO,447,447,0,,2026-08-23T20:10:41.468Z,2026-08-23T22:16:21.732Z,7540,2026-08-23T22:16:21.732Z,B48,Tuscaloosa,955211d4-28b8-44a0-8023-2bfaa48d6721,SAMMS-TuscaloosaV5
202608232214223538,202608232010369575,202608232010368283,85,1188,Bronze INV,br_AdmissionAssessmentDimensionThree,TASK_COMPLETE,SUCCESS,INFO,310,310,0,,2026-08-23T20:10:41.468Z,2026-08-23T22:16:21.732Z,7540,2026-08-23T22:16:21.732Z,B51,N. Little Rock (OTP),955211d4-28b8-44a0-8023-2bfaa48d6721,SAMMS-NorthLittleRockV6
202608232214223540,202608232010369576,202608232010368283,85,1189,Bronze INV,br_AdmissionAssessmentDimensionThree,TASK_COMPLETE,SUCCESS,INFO,156,156,0,,2026-08-23T20:10:41.468Z,2026-08-23T22:16:21.732Z,7540,2026-08-23T22:16:21.732Z,B52,Jackson GA,955211d4-28b8-44a0-8023-2bfaa48d6721,SAMMS-JacksonGAV5
202608232214223541,202608232010369577,202608232010368283,85,1190,Bronze INV,br_AdmissionAssessmentDimensionThree,TASK_COMPLETE,SUCCESS,INFO,467,467,0,,2026-08-23T20:10:41.468Z,2026-08-23T22:16:21.732Z,7540,2026-08-23T22:16:21.732Z,B54,Gadsden,955211d4-28b8-44a0-8023-2bfaa48d6721,SAMMS-GadsdenV5
202608232214223542,202608232010369578,202608232010368283,85,1191,Bronze INV,br_AdmissionAssessmentDimensionThree,TASK_COMPLETE,SUCCESS,INFO,481,481,0,,2026-08-23T20:10:41.468Z,2026-08-23T22:16:21.732Z,7540,2026-08-23T22:16:21.732Z,B55,Shoals,955211d4-28b8-44a0-8023-2bfaa48d6721,SAMMS-ShoalsV5
202608232214223543,202608232010369579,202608232010368283,85,1192,Bronze INV,br_AdmissionAssessmentDimensionThree,TASK_COMPLETE,SUCCESS,INFO,179,179,0,,2026-08-23T20:10:41.468Z,2026-08-23T22:16:21.732Z,7540,2026-08-23T22:16:21.732Z,B57,Pawtucket,955211d4-28b8-44a0-8023-2bfaa48d6721,SAMMS-Pawtucket
202608232214223544,202608232010369580,202608232010368283,85,1193,Bronze INV,br_AdmissionAssessmentDimensionThree,TASK_COMPLETE,SUCCESS,INFO,168,168,0,,2026-08-23T20:10:41.468Z,2026-08-23T22:16:21.732Z,7540,2026-08-23T22:16:21.732Z,B57A,Johnston,955211d4-28b8-44a0-8023-2bfaa48d6721,SAMMS-Johnston
202608232214223545,202608232010369581,202608232010368283,85,1194,Bronze INV,br_AdmissionAssessmentDimensionThree,TASK_COMPLETE,SUCCESS,INFO,87,87,0,,2026-08-23T20:10:41.468Z,2026-08-23T22:16:21.732Z,7540,2026-08-23T22:16:21.732Z,B57B,Middletown,955211d4-28b8-44a0-8023-2bfaa48d6721,SAMMS-Middletown
202608232214223547,202608232010369582,202608232010368283,85,1195,Bronze INV,br_AdmissionAssessmentDimensionThree,TASK_COMPLETE,SUCCESS,INFO,174,174,0,,2026-08-23T20:10:41.468Z,2026-08-23T22:16:21.732Z,7540,2026-08-23T22:16:21.732Z,B57C,Providence,955211d4-28b8-44a0-8023-2bfaa48d6721,SAMMS-Providence
202608232214223548,202608232010369583,202608232010368283,85,1196,Bronze INV,br_AdmissionAssessmentDimensionThree,TASK_COMPLETE,SUCCESS,INFO,253,253,0,,2026-08-23T20:10:41.468Z,2026-08-23T22:16:21.732Z,7540,2026-08-23T22:16:21.732Z,B57D,Westerly,955211d4-28b8-44a0-8023-2bfaa48d6721,SAMMS-Westerly
202608232214223549,202608232010369584,202608232010368283,85,1200,Bronze INV,br_AdmissionAssessmentDimensionThree,TASK_COMPLETE,SUCCESS,INFO,362,362,0,,2026-08-23T20:10:41.468Z,2026-08-23T22:16:21.732Z,7540,2026-08-23T22:16:21.732Z,B66A,Bremen,955211d4-28b8-44a0-8023-2bfaa48d6721,SAMMS-Bremen
202608232214223550,202608232010369585,202608232010368283,85,1203,Bronze INV,br_AdmissionAssessmentDimensionThree,TASK_COMPLETE,SUCCESS,INFO,16,16,0,,2026-08-23T20:10:41.468Z,2026-08-23T22:16:21.732Z,7540,2026-08-23T22:16:21.732Z,B72,Mobile (OBOT),955211d4-28b8-44a0-8023-2bfaa48d6721,SAMMS-Mobile-OBOT
202608232214223551,202608232010369586,202608232010368283,85,1204,Bronze INV,br_AdmissionAssessmentDimensionThree,TASK_COMPLETE,SUCCESS,INFO,2,2,0,,2026-08-23T20:10:41.468Z,2026-08-23T22:16:21.732Z,7540,2026-08-23T22:16:21.732Z,B73,Montgomery,955211d4-28b8-44a0-8023-2bfaa48d6721,SAMMS-Montgomery
202608232214223552,202608232010369587,202608232010368283,85,1205,Bronze INV,br_AdmissionAssessmentDimensionThree,TASK_COMPLETE,SUCCESS,INFO,323,323,0,,2026-08-23T20:10:41.468Z,2026-08-23T22:16:21.732Z,7540,2026-08-23T22:16:21.732Z,B75,Lawrence,955211d4-28b8-44a0-8023-2bfaa48d6721,SAMMS-LawrenceV6
202608232214223554,202608232010369588,202608232010368283,85,1206,Bronze INV,br_AdmissionAssessmentDimensionThree,TASK_COMPLETE,SUCCESS,INFO,50,50,0,,2026-08-23T20:10:41.468Z,2026-08-23T22:16:21.732Z,7540,2026-08-23T22:16:21.732Z,B76,Huntsville OBOT,955211d4-28b8-44a0-8023-2bfaa48d6721,SAMMS-Huntsville-OBOT
202608232214223555,202608232010369589,202608232010368283,85,1207,Bronze INV,br_AdmissionAssessmentDimensionThree,TASK_COMPLETE,SUCCESS,INFO,296,296,0,,2026-08-23T20:10:41.468Z,2026-08-23T22:16:21.732Z,7540,2026-08-23T22:16:21.732Z,BAT,Batesville,955211d4-28b8-44a0-8023-2bfaa48d6721,SAMMS-Batesville
202608232214223556,202608232010369590,202608232010368283,85,1208,Bronze INV,br_AdmissionAssessmentDimensionThree,TASK_COMPLETE,SUCCESS,INFO,240,240,0,,2026-08-23T20:10:41.468Z,2026-08-23T22:16:21.732Z,7540,2026-08-23T22:16:21.732Z,BG,Bowling Green,955211d4-28b8-44a0-8023-2bfaa48d6721,SAMMS-BowlingGreen
202608232214223557,202608232010369591,202608232010368283,85,1209,Bronze INV,br_AdmissionAssessmentDimensionThree,TASK_COMPLETE,SUCCESS,INFO,219,219,0,,2026-08-23T20:10:41.468Z,2026-08-23T22:16:21.732Z,7540,2026-08-23T22:16:21.732Z,BOI,Boise,955211d4-28b8-44a0-8023-2bfaa48d6721,SAMMS-Boise
202608232214223558,202608232010369592,202608232010368283,85,1216,Bronze INV,br_AdmissionAssessmentDimensionThree,TASK_COMPLETE,SUCCESS,INFO,284,284,0,,2026-08-23T20:10:41.468Z,2026-08-23T22:16:21.732Z,7540,2026-08-23T22:16:21.732Z,CBCO,Coeur dAlene,955211d4-28b8-44a0-8023-2bfaa48d6721,SAMMS-CoeurdAleneV6
202608232214223559,202608232010369593,202608232010368283,85,1235,Bronze INV,br_AdmissionAssessmentDimensionThree,TASK_COMPLETE,SUCCESS,INFO,300,300,0,,2026-08-23T20:10:41.468Z,2026-08-23T22:16:21.732Z,7540,2026-08-23T22:16:21.732Z,CON,Conway,955211d4-28b8-44a0-8023-2bfaa48d6721,SAMMS-Conway
202608232214223561,202608232010369594,202608232010368283,85,1236,Bronze INV,br_AdmissionAssessmentDimensionThree,TASK_COMPLETE,SUCCESS,INFO,1549,1549,0,,2026-08-23T20:10:41.468Z,2026-08-23T22:16:21.732Z,7540,2026-08-23T22:16:21.732Z,D07,Medical Services Knox TN,955211d4-28b8-44a0-8023-2bfaa48d6721,SAMMS-KnoxvilleV6
202608232214223562,202608232010369595,202608232010368283,85,1237,Bronze INV,br_AdmissionAssessmentDimensionThree,TASK_COMPLETE,SUCCESS,INFO,963,963,0,,2026-08-23T20:10:41.468Z,2026-08-23T22:16:21.732Z,7540,2026-08-23T22:16:21.732Z,D08,Madison,955211d4-28b8-44a0-8023-2bfaa48d6721,SAMMS-MadisonV6
202608232214223563,202608232010369596,202608232010368283,85,1239,Bronze INV,br_AdmissionAssessmentDimensionThree,TASK_COMPLETE,SUCCESS,INFO,939,939,0,,2026-08-23T20:10:41.468Z,2026-08-23T22:16:21.732Z,7540,2026-08-23T22:16:21.732Z,D09,Murfreesboro,955211d4-28b8-44a0-8023-2bfaa48d6721,SAMMS-MurfreesboroV6
202608232214223564,202608232010369597,202608232010368283,85,1240,Bronze INV,br_AdmissionAssessmentDimensionThree,TASK_COMPLETE,SUCCESS,INFO,219,219,0,,2026-08-23T20:10:41.468Z,2026-08-23T22:16:21.732Z,7540,2026-08-23T22:16:21.732Z,DA,Davenport,955211d4-28b8-44a0-8023-2bfaa48d6721,SAMMS-Davenport
202608232214223565,202608232010369598,202608232010368283,85,1241,Bronze INV,br_AdmissionAssessmentDimensionThree,TASK_COMPLETE,SUCCESS,INFO,351,351,0,,2026-08-23T20:10:41.468Z,2026-08-23T22:16:21.732Z,7540,2026-08-23T22:16:21.732Z,DM,Des Moines,955211d4-28b8-44a0-8023-2bfaa48d6721,SAMMS-DesMoines
202608232214223566,202608232010369599,202608232010368283,85,1243,Bronze INV,br_AdmissionAssessmentDimensionThree,TASK_COMPLETE,SUCCESS,INFO,474,474,0,,2026-08-23T20:10:41.468Z,2026-08-23T22:16:21.732Z,7540,2026-08-23T22:16:21.732Z,DRD-CO,Columbia MO,955211d4-28b8-44a0-8023-2bfaa48d6721,SAMMS-ColumbiaV5
202608232214223568,202608232010369600,202608232010368283,85,1244,Bronze INV,br_AdmissionAssessmentDimensionThree,TASK_COMPLETE,SUCCESS,INFO,593,593,0,,2026-08-23T20:10:41.468Z,2026-08-23T22:16:21.732Z,7540,2026-08-23T22:16:21.732Z,DRD-KC,KC,955211d4-28b8-44a0-8023-2bfaa48d6721,SAMMS-KCv5
202608232214223569,202608232010369601,202608232010368283,85,1245,Bronze INV,br_AdmissionAssessmentDimensionThree,TASK_COMPLETE,SUCCESS,INFO,951,951,0,,2026-08-23T20:10:41.468Z,2026-08-23T22:16:21.732Z,7540,2026-08-23T22:16:21.732Z,DRD-KVB,KVB,955211d4-28b8-44a0-8023-2bfaa48d6721,SAMMS-KVBv5
202608232214223570,202608232010369602,202608232010368283,85,1246,Bronze INV,br_AdmissionAssessmentDimensionThree,TASK_COMPLETE,SUCCESS,INFO,1572,1572,0,,2026-08-23T20:10:41.468Z,2026-08-23T22:16:21.732Z,7540,2026-08-23T22:16:21.732Z,DRD-KVC,KVC,955211d4-28b8-44a0-8023-2bfaa48d6721,SAMMS-KVCv5
202608232214223571,202608232010369603,202608232010368283,85,1247,Bronze INV,br_AdmissionAssessmentDimensionThree,TASK_COMPLETE,SUCCESS,INFO,1257,1257,0,,2026-08-23T20:10:41.468Z,2026-08-23T22:16:21.732Z,7540,2026-08-23T22:16:21.732Z,DRD-NOLA,NOLA,955211d4-28b8-44a0-8023-2bfaa48d6721,SAMMS-NOLAv5
202608232214223572,202608232010369604,202608232010368283,85,1248,Bronze INV,br_AdmissionAssessmentDimensionThree,TASK_COMPLETE,SUCCESS,INFO,739,739,0,,2026-08-23T20:10:41.468Z,2026-08-23T22:16:21.732Z,7540,2026-08-23T22:16:21.732Z,DRD-SF,Springfield,955211d4-28b8-44a0-8023-2bfaa48d6721,SAMMS-SFv5
202608232214223573,202608232010369605,202608232010368283,85,1250,Bronze INV,br_AdmissionAssessmentDimensionThree,TASK_COMPLETE,SUCCESS,INFO,251,251,0,,2026-08-23T20:10:41.468Z,2026-08-23T22:16:21.732Z,7540,2026-08-23T22:16:21.732Z,ELC,Elizabeth City,955211d4-28b8-44a0-8023-2bfaa48d6721,SAMMS-ElizabethCity
202608232214223574,202608232010369606,202608232010368283,85,1251,Bronze INV,br_AdmissionAssessmentDimensionThree,TASK_COMPLETE,SUCCESS,INFO,261,261,0,,2026-08-23T20:10:41.468Z,2026-08-23T22:16:21.732Z,7540,2026-08-23T22:16:21.732Z,ET,Elizabethtown,955211d4-28b8-44a0-8023-2bfaa48d6721,SAMMS-Elizabethtown
202608232214223576,202608232010369607,202608232010368283,85,1252,Bronze INV,br_AdmissionAssessmentDimensionThree,TASK_COMPLETE,SUCCESS,INFO,228,228,0,,2026-08-23T20:10:41.468Z,2026-08-23T22:16:21.732Z,7540,2026-08-23T22:16:21.732Z,FAY,Fayetteville,955211d4-28b8-44a0-8023-2bfaa48d6721,SAMMS-Fayetteville
202608232214223577,202608232010369608,202608232010368283,85,1253,Bronze INV,br_AdmissionAssessmentDimensionThree,TASK_COMPLETE,SUCCESS,INFO,182,182,0,,2026-08-23T20:10:41.468Z,2026-08-23T22:16:21.732Z,7540,2026-08-23T22:16:21.732Z,FR,Frankfort,955211d4-28b8-44a0-8023-2bfaa48d6721,SAMMS-Frankfort
202608232214223578,202608232010369609,202608232010368283,85,1254,Bronze INV,br_AdmissionAssessmentDimensionThree,TASK_COMPLETE,SUCCESS,INFO,278,278,0,,2026-08-23T20:10:41.468Z,2026-08-23T22:16:21.732Z,7540,2026-08-23T22:16:21.732Z,FS,Fort Smith,955211d4-28b8-44a0-8023-2bfaa48d6721,SAMMS-FortSmith
202608232214223579,202608232010369610,202608232010368283,85,1255,Bronze INV,br_AdmissionAssessmentDimensionThree,TASK_COMPLETE,SUCCESS,INFO,679,679,0,,2026-08-23T20:10:41.468Z,2026-08-23T22:16:21.732Z,7540,2026-08-23T22:16:21.732Z,FW,Fort Wayne,955211d4-28b8-44a0-8023-2bfaa48d6721,SAMMS-FortWayne
202608232214223580,202608232010369611,202608232010368283,85,1256,Bronze INV,br_AdmissionAssessmentDimensionThree,TASK_COMPLETE,SUCCESS,INFO,103,103,0,,2026-08-23T20:10:41.468Z,2026-08-23T22:16:21.732Z,7540,2026-08-23T22:16:21.732Z,GAL,Gaylord,955211d4-28b8-44a0-8023-2bfaa48d6721,SAMMS-Gaylord
202608232214223581,202608232010369612,202608232010368283,85,1260,Bronze INV,br_AdmissionAssessmentDimensionThree,TASK_COMPLETE,SUCCESS,INFO,618,618,0,,2026-08-23T20:10:41.468Z,2026-08-23T22:16:21.732Z,7540,2026-08-23T22:16:21.732Z,HGT,Hagerstown,955211d4-28b8-44a0-8023-2bfaa48d6721,SAMMS-Hagerstown
202608232214223583,202608232010369613,202608232010368283,85,1261,Bronze INV,br_AdmissionAssessmentDimensionThree,TASK_COMPLETE,SUCCESS,INFO,472,472,0,,2026-08-23T20:10:41.468Z,2026-08-23T22:16:21.732Z,7540,2026-08-23T22:16:21.732Z,HNT,Huntsville,955211d4-28b8-44a0-8023-2bfaa48d6721,SAMMS-Huntsville
202608232214223584,202608232010369614,202608232010368283,85,1262,Bronze INV,br_AdmissionAssessmentDimensionThree,TASK_COMPLETE,SUCCESS,INFO,306,306,0,,2026-08-23T20:10:41.468Z,2026-08-23T22:16:21.732Z,7540,2026-08-23T22:16:21.732Z,HS,Hot Springs,955211d4-28b8-44a0-8023-2bfaa48d6721,SAMMS-HotSprings
202608232214223585,202608232010369615,202608232010368283,85,1263,Bronze INV,br_AdmissionAssessmentDimensionThree,TASK_COMPLETE,SUCCESS,INFO,267,267,0,,2026-08-23T20:10:41.468Z,2026-08-23T22:16:21.732Z,7540,2026-08-23T22:16:21.732Z,JON,Jonesboro,955211d4-28b8-44a0-8023-2bfaa48d6721,SAMMS-Jonesboro
202608232214223586,202608232010369616,202608232010368283,85,1265,Bronze INV,br_AdmissionAssessmentDimensionThree,TASK_COMPLETE,SUCCESS,INFO,157,157,0,,2026-08-23T20:10:41.468Z,2026-08-23T22:16:21.732Z,7540,2026-08-23T22:16:21.732Z,LAN,Lansing,955211d4-28b8-44a0-8023-2bfaa48d6721,SAMMS-Lansing
202608232214223587,202608232010369617,202608232010368283,85,1266,Bronze INV,br_AdmissionAssessmentDimensionThree,TASK_COMPLETE,SUCCESS,INFO,429,429,0,,2026-08-23T20:10:41.468Z,2026-08-23T22:16:21.732Z,7540,2026-08-23T22:16:21.732Z,LO,Louisville,955211d4-28b8-44a0-8023-2bfaa48d6721,SAMMS-Louisville
202608232214223588,202608232010369618,202608232010368283,85,1267,Bronze INV,br_AdmissionAssessmentDimensionThree,TASK_COMPLETE,SUCCESS,INFO,1178,1178,0,,2026-08-23T20:10:41.468Z,2026-08-23T22:16:21.732Z,7540,2026-08-23T22:16:21.732Z,LV1,Cheyenne,955211d4-28b8-44a0-8023-2bfaa48d6721,SAMMS-Cheyenne
202608232214223590,202608232010369619,202608232010368283,85,1268,Bronze INV,br_AdmissionAssessmentDimensionThree,TASK_COMPLETE,SUCCESS,INFO,938,938,0,,2026-08-23T20:10:41.468Z,2026-08-23T22:16:21.732Z,7540,2026-08-23T22:16:21.732Z,LV2,Desert Inn,955211d4-28b8-44a0-8023-2bfaa48d6721,SAMMS-DesertInn
202608232214223591,202608232010369620,202608232010368283,85,1269,Bronze INV,br_AdmissionAssessmentDimensionThree,TASK_COMPLETE,SUCCESS,INFO,312,312,0,,2026-08-23T20:10:41.468Z,2026-08-23T22:16:21.732Z,7540,2026-08-23T22:16:21.732Z,LV3,McDaniel,955211d4-28b8-44a0-8023-2bfaa48d6721,SAMMS-McDaniel
202608232214223592,202608232010369621,202608232010368283,85,1272,Bronze INV,br_AdmissionAssessmentDimensionThree,TASK_COMPLETE,SUCCESS,INFO,270,270,0,,2026-08-23T20:10:41.468Z,2026-08-23T22:16:21.732Z,7540,2026-08-23T22:16:21.732Z,MNRE,Monroe,955211d4-28b8-44a0-8023-2bfaa48d6721,SAMMS-Monroe
202608232214223593,202608232010369622,202608232010368283,85,1273,Bronze INV,br_AdmissionAssessmentDimensionThree,TASK_COMPLETE,SUCCESS,INFO,124,124,0,,2026-08-23T20:10:41.468Z,2026-08-23T22:16:21.732Z,7540,2026-08-23T22:16:21.732Z,MP,Mt. Pleasant,955211d4-28b8-44a0-8023-2bfaa48d6721,SAMMS-MtPleasant
202608232214223594,202608232010369623,202608232010368283,85,1274,Bronze INV,br_AdmissionAssessmentDimensionThree,TASK_COMPLETE,SUCCESS,INFO,171,171,0,,2026-08-23T20:10:41.468Z,2026-08-23T22:16:21.732Z,7540,2026-08-23T22:16:21.732Z,MRD,Meridian,955211d4-28b8-44a0-8023-2bfaa48d6721,SAMMS-Meridian
202608232214223595,202608232010369624,202608232010368283,85,1279,Bronze INV,br_AdmissionAssessmentDimensionThree,TASK_COMPLETE,SUCCESS,INFO,630,630,0,,2026-08-23T20:10:41.468Z,2026-08-23T22:16:21.732Z,7540,2026-08-23T22:16:21.732Z,NC,North Charleston,955211d4-28b8-44a0-8023-2bfaa48d6721,SAMMS-NorthCharleston
202608232214223597,202608232010369625,202608232010368283,85,1280,Bronze INV,br_AdmissionAssessmentDimensionThree,TASK_COMPLETE,SUCCESS,INFO,567,567,0,,2026-08-23T20:10:41.468Z,2026-08-23T22:16:21.732Z,7540,2026-08-23T22:16:21.732Z,NLR,N. Little Rock,955211d4-28b8-44a0-8023-2bfaa48d6721,SAMMS-NLROBOT
202608232214223598,202608232010369626,202608232010368283,85,1281,Bronze INV,br_AdmissionAssessmentDimensionThree,TASK_COMPLETE,SUCCESS,INFO,235,235,0,,2026-08-23T20:10:41.468Z,2026-08-23T22:16:21.732Z,7540,2026-08-23T22:16:21.732Z,PH,Phoenix,955211d4-28b8-44a0-8023-2bfaa48d6721,SAMMS-Phoenix
202608232214223599,202608232010369627,202608232010368283,85,1285,Bronze INV,br_AdmissionAssessmentDimensionThree,TASK_COMPLETE,SUCCESS,INFO,407,407,0,,2026-08-23T20:10:41.468Z,2026-08-23T22:16:21.732Z,7540,2026-08-23T22:16:21.732Z,RE,Reno,955211d4-28b8-44a0-8023-2bfaa48d6721,SAMMS-Reno
202608232214223600,202608232010369628,202608232010368283,85,1286,Bronze INV,br_AdmissionAssessmentDimensionThree,TASK_COMPLETE,SUCCESS,INFO,389,389,0,,2026-08-23T20:10:41.468Z,2026-08-23T22:16:21.732Z,7540,2026-08-23T22:16:21.732Z,RMD,Richmond,955211d4-28b8-44a0-8023-2bfaa48d6721,SAMMS-Richmond
202608232214223601,202608232010369629,202608232010368283,85,1287,Bronze INV,br_AdmissionAssessmentDimensionThree,TASK_COMPLETE,SUCCESS,INFO,482,482,0,,2026-08-23T20:10:41.468Z,2026-08-23T22:16:21.732Z,7540,2026-08-23T22:16:21.732Z,SFN,Springfield North,955211d4-28b8-44a0-8023-2bfaa48d6721,SAMMS-SFNv5
202608232214223602,202608232010369630,202608232010368283,85,1288,Bronze INV,br_AdmissionAssessmentDimensionThree,TASK_COMPLETE,SUCCESS,INFO,449,449,0,,2026-08-23T20:10:41.468Z,2026-08-23T22:16:21.732Z,7540,2026-08-23T22:16:21.732Z,SHP,Shreveport,955211d4-28b8-44a0-8023-2bfaa48d6721,SAMMS-Shreveport
202608232214223604,202608232010369631,202608232010368283,85,1290,Bronze INV,br_AdmissionAssessmentDimensionThree,TASK_COMPLETE,SUCCESS,INFO,81,81,0,,2026-08-23T20:10:41.468Z,2026-08-23T22:16:21.732Z,7540,2026-08-23T22:16:21.732Z,STN,Staunton,955211d4-28b8-44a0-8023-2bfaa48d6721,SAMMS-Staunton
202608232214223605,202608232010369632,202608232010368283,85,1291,Bronze INV,br_AdmissionAssessmentDimensionThree,TASK_COMPLETE,SUCCESS,INFO,53,53,0,,2026-08-23T20:10:41.468Z,2026-08-23T22:16:21.732Z,7540,2026-08-23T22:16:21.732Z,STVN,Stevenson,955211d4-28b8-44a0-8023-2bfaa48d6721,SAMMS-Stevenson
202608232214223606,202608232010369633,202608232010368283,85,1293,Bronze INV,br_AdmissionAssessmentDimensionThree,TASK_COMPLETE,SUCCESS,INFO,70,70,0,,2026-08-23T20:10:41.468Z,2026-08-23T22:16:21.732Z,7540,2026-08-23T22:16:21.732Z,TE,Tempe,955211d4-28b8-44a0-8023-2bfaa48d6721,SAMMS-Tempe
202608232214223607,202608232010369634,202608232010368283,85,1294,Bronze INV,br_AdmissionAssessmentDimensionThree,TASK_COMPLETE,SUCCESS,INFO,362,362,0,,2026-08-23T20:10:41.468Z,2026-08-23T22:16:21.732Z,7540,2026-08-23T22:16:21.732Z,TEX,Texarkana,955211d4-28b8-44a0-8023-2bfaa48d6721,SAMMS-Texarkana
202608232214223608,202608232010369635,202608232010368283,85,1295,Bronze INV,br_AdmissionAssessmentDimensionThree,TASK_COMPLETE,SUCCESS,INFO,424,424,0,,2026-08-23T20:10:41.468Z,2026-08-23T22:16:21.732Z,7540,2026-08-23T22:16:21.732Z,TTCA,Bessemer,955211d4-28b8-44a0-8023-2bfaa48d6721,SAMMS-BessemerV5
202608232214223609,202608232010369636,202608232010368283,85,1296,Bronze INV,br_AdmissionAssessmentDimensionThree,TASK_COMPLETE,SUCCESS,INFO,548,548,0,,2026-08-23T20:10:41.468Z,2026-08-23T22:16:21.732Z,7540,2026-08-23T22:16:21.732Z,TTCB,Cullman,955211d4-28b8-44a0-8023-2bfaa48d6721,SAMMS-CullmanV5
202608232214223611,202608232010369637,202608232010368283,85,1297,Bronze INV,br_AdmissionAssessmentDimensionThree,TASK_COMPLETE,SUCCESS,INFO,301,301,0,,2026-08-23T20:10:41.468Z,2026-08-23T22:16:21.732Z,7540,2026-08-23T22:16:21.732Z,TTCC,Grand Bay,955211d4-28b8-44a0-8023-2bfaa48d6721,SAMMS-GrandBay
202608232214223612,202608232010369638,202608232010368283,85,1298,Bronze INV,br_AdmissionAssessmentDimensionThree,TASK_COMPLETE,SUCCESS,INFO,22,22,0,,2026-08-23T20:10:41.468Z,2026-08-23T22:16:21.732Z,7540,2026-08-23T22:16:21.732Z,TU,Tucson,955211d4-28b8-44a0-8023-2bfaa48d6721,SAMMS-Tucson
202608232214223613,202608232010369639,202608232010368283,85,1300,Bronze INV,br_AdmissionAssessmentDimensionThree,TASK_COMPLETE,SUCCESS,INFO,250,250,0,,2026-08-23T20:10:41.468Z,2026-08-23T22:16:21.732Z,7540,2026-08-23T22:16:21.732Z,V1,Memphis South,955211d4-28b8-44a0-8023-2bfaa48d6721,SAMMS-VCPHCS-I-MemphisV5
202608232214223614,202608232010369640,202608232010368283,85,1301,Bronze INV,br_AdmissionAssessmentDimensionThree,TASK_COMPLETE,SUCCESS,INFO,690,690,0,,2026-08-23T20:10:41.468Z,2026-08-23T22:16:21.732Z,7540,2026-08-23T22:16:21.732Z,V10,Longmont,955211d4-28b8-44a0-8023-2bfaa48d6721,SAMMS-BoulderV5
202608232214223615,202608232010369641,202608232010368283,85,1302,Bronze INV,br_AdmissionAssessmentDimensionThree,TASK_COMPLETE,SUCCESS,INFO,1189,1189,0,,2026-08-23T20:10:41.468Z,2026-08-23T22:16:21.732Z,7540,2026-08-23T22:16:21.732Z,V10A,Fort Collins,955211d4-28b8-44a0-8023-2bfaa48d6721,SAMMS-FortCollinsV5
202608232214223616,202608232010369642,202608232010368283,85,1303,Bronze INV,br_AdmissionAssessmentDimensionThree,TASK_COMPLETE,SUCCESS,INFO,987,987,0,,2026-08-23T20:10:41.468Z,2026-08-23T22:16:21.732Z,7540,2026-08-23T22:16:21.732Z,V11,Westminster,955211d4-28b8-44a0-8023-2bfaa48d6721,SAMMS-VCPHCS-XI-NorthDenverV5
202608232214223617,202608232010369643,202608232010368283,85,1304,Bronze INV,br_AdmissionAssessmentDimensionThree,TASK_COMPLETE,SUCCESS,INFO,1060,1060,0,,2026-08-23T20:10:41.468Z,2026-08-23T22:16:21.732Z,7540,2026-08-23T22:16:21.732Z,V12,Downtown Denver,955211d4-28b8-44a0-8023-2bfaa48d6721,SAMMS-VCPHCS-XII-DowntownDenverV5
202608232214223619,202608232010369644,202608232010368283,85,1305,Bronze INV,br_AdmissionAssessmentDimensionThree,TASK_COMPLETE,SUCCESS,INFO,474,474,0,,2026-08-23T20:10:41.468Z,2026-08-23T22:16:21.732Z,7540,2026-08-23T22:16:21.732Z,V12A,Centennial,955211d4-28b8-44a0-8023-2bfaa48d6721,SAMMS-CentennialV5
202608232214223620,202608232010369645,202608232010368283,85,1306,Bronze INV,br_AdmissionAssessmentDimensionThree,TASK_COMPLETE,SUCCESS,INFO,291,291,0,,2026-08-23T20:10:41.468Z,2026-08-23T22:16:21.732Z,7540,2026-08-23T22:16:21.732Z,V14,Overland Park,955211d4-28b8-44a0-8023-2bfaa48d6721,SAMMS-VCPHCS-XIV-BridgewayV5
202608232214223621,202608232010369646,202608232010368283,85,1307,Bronze INV,br_AdmissionAssessmentDimensionThree,TASK_COMPLETE,SUCCESS,INFO,567,567,0,,2026-08-23T20:10:41.468Z,2026-08-23T22:16:21.732Z,7540,2026-08-23T22:16:21.732Z,V15,Joplin,955211d4-28b8-44a0-8023-2bfaa48d6721,SAMMS-JoplinV5
202608232214223622,202608232010369647,202608232010368283,85,1309,Bronze INV,br_AdmissionAssessmentDimensionThree,TASK_COMPLETE,SUCCESS,INFO,470,470,0,,2026-08-23T20:10:41.468Z,2026-08-23T22:16:21.732Z,7540,2026-08-23T22:16:21.732Z,V17,Columbia TN,955211d4-28b8-44a0-8023-2bfaa48d6721,SAMMS-ColumbiaTNv5
202608232214223623,202608232010369648,202608232010368283,85,1311,Bronze INV,br_AdmissionAssessmentDimensionThree,TASK_COMPLETE,SUCCESS,INFO,414,414,0,,2026-08-23T20:10:41.468Z,2026-08-23T22:16:21.732Z,7540,2026-08-23T22:16:21.732Z,V19,Jackson,955211d4-28b8-44a0-8023-2bfaa48d6721,SAMMS-JacksonV5
202608232214223625,202608232010369649,202608232010368283,85,1313,Bronze INV,br_AdmissionAssessmentDimensionThree,TASK_COMPLETE,SUCCESS,INFO,485,485,0,,2026-08-23T20:10:41.468Z,2026-08-23T22:16:21.732Z,7540,2026-08-23T22:16:21.732Z,V20,Paris,955211d4-28b8-44a0-8023-2bfaa48d6721,SAMMS-ParisV5
202608232214223626,202608232010369650,202608232010368283,85,1314,Bronze INV,br_AdmissionAssessmentDimensionThree,TASK_COMPLETE,SUCCESS,INFO,353,353,0,,2026-08-23T20:10:41.468Z,2026-08-23T22:16:21.732Z,7540,2026-08-23T22:16:21.732Z,V21,Memphis North,955211d4-28b8-44a0-8023-2bfaa48d6721,SAMMS-RaleighV5
202608232214223627,202608232010369651,202608232010368283,85,1317,Bronze INV,br_AdmissionAssessmentDimensionThree,TASK_COMPLETE,SUCCESS,INFO,705,705,0,,2026-08-23T20:10:41.468Z,2026-08-23T22:16:21.732Z,7540,2026-08-23T22:16:21.732Z,V5,West Bank,955211d4-28b8-44a0-8023-2bfaa48d6721,SAMMS-NONTCv5
202608232214223628,202608232010369652,202608232010368283,85,1319,Bronze INV,br_AdmissionAssessmentDimensionThree,TASK_COMPLETE,SUCCESS,INFO,254,254,0,,2026-08-23T20:10:41.468Z,2026-08-23T22:16:21.732Z,7540,2026-08-23T22:16:21.732Z,V5B,Houma,955211d4-28b8-44a0-8023-2bfaa48d6721,SAMMS-HoumaV6
202608232214223629,202608232010369653,202608232010368283,85,1320,Bronze INV,br_AdmissionAssessmentDimensionThree,TASK_COMPLETE,SUCCESS,INFO,958,958,0,,2026-08-23T20:10:41.468Z,2026-08-23T22:16:21.732Z,7540,2026-08-23T22:16:21.732Z,V6,Lake Charles,955211d4-28b8-44a0-8023-2bfaa48d6721,SAMMS-LCv5
202608232214223630,202608232010369654,202608232010368283,85,1322,Bronze INV,br_AdmissionAssessmentDimensionThree,TASK_COMPLETE,SUCCESS,INFO,562,562,0,,2026-08-23T20:10:41.468Z,2026-08-23T22:16:21.732Z,7540,2026-08-23T22:16:21.732Z,V8,Memphis Midtown,955211d4-28b8-44a0-8023-2bfaa48d6721,SAMMS-VCPHCS-VIII-MemphisV5
202608232214223139,202608232010369773,202608232010368283,85,775,Bronze INV,br_AdmissionAssessmentDimensionFour,TASK_COMPLETE,SUCCESS,INFO,571,571,0,,2026-08-23T20:10:41.468Z,2026-08-23T22:16:21.732Z,7540,2026-08-23T22:16:21.732Z,VMIN,Minneapolis,955211d4-28b8-44a0-8023-2bfaa48d6721,SAMMS-MinneapolisV6
202608232214223140,202608232010369774,202608232010368283,85,776,Bronze INV,br_AdmissionAssessmentDimensionFour,TASK_COMPLETE,SUCCESS,INFO,1059,1059,0,,2026-08-23T20:10:41.468Z,2026-08-23T22:16:21.732Z,7540,2026-08-23T22:16:21.732Z,VWBY,Woodbury,955211d4-28b8-44a0-8023-2bfaa48d6721,SAMMS-WoodburyV6
202608232214223141,202608232010369775,202608232010368283,85,778,Bronze INV,br_AdmissionAssessmentDimensionFour,TASK_COMPLETE,SUCCESS,INFO,425,425,0,,2026-08-23T20:10:41.468Z,2026-08-23T22:16:21.732Z,7540,2026-08-23T22:16:21.732Z,WIL,Wilson,955211d4-28b8-44a0-8023-2bfaa48d6721,SAMMS-Wilson
202608232214223243,202608232010468288,202608232010468283,86,5724,Silver INV,sl_AdmissionAssessmentDimensionFour,TASK_COMPLETE,SUCCESS,INFO,50713,50713,0,,2026-08-23T20:10:41.468Z,2026-08-23T22:16:21.732Z,7540,2026-08-23T22:16:21.732Z,,,955211d4-28b8-44a0-8023-2bfaa48d6721,
202608232214223174,202608232010369316,202608232010368283,85,782,Bronze INV,br_AdmissionAssessmentDimensionOneDisorder,TASK_COMPLETE,SUCCESS,INFO,115,115,0,,2026-08-23T20:10:41.468Z,2026-08-23T22:16:21.732Z,7540,2026-08-23T22:16:21.732Z,AHK,Ahoskie,955211d4-28b8-44a0-8023-2bfaa48d6721,SAMMS-Ahoskie
202608232214223175,202608232010369317,202608232010368283,85,783,Bronze INV,br_AdmissionAssessmentDimensionOneDisorder,TASK_COMPLETE,SUCCESS,INFO,798,798,0,,2026-08-23T20:10:41.468Z,2026-08-23T22:16:21.732Z,7540,2026-08-23T22:16:21.732Z,B12B,Colorado Springs,955211d4-28b8-44a0-8023-2bfaa48d6721,SAMMS-ColoradoSpringsV5
202608232214223176,202608232010369318,202608232010368283,85,784,Bronze INV,br_AdmissionAssessmentDimensionOneDisorder,TASK_COMPLETE,SUCCESS,INFO,432,432,0,,2026-08-23T20:10:41.468Z,2026-08-23T22:16:21.732Z,7540,2026-08-23T22:16:21.732Z,B24,Paintsville,955211d4-28b8-44a0-8023-2bfaa48d6721,SAMMS-PaintsvilleV5
202608232214223177,202608232010369319,202608232010368283,85,785,Bronze INV,br_AdmissionAssessmentDimensionOneDisorder,TASK_COMPLETE,SUCCESS,INFO,174,174,0,,2026-08-23T20:10:41.468Z,2026-08-23T22:16:21.732Z,7540,2026-08-23T22:16:21.732Z,B25,Pikeville,955211d4-28b8-44a0-8023-2bfaa48d6721,SAMMS-PikevilleV5
202608232214223179,202608232010369320,202608232010368283,85,786,Bronze INV,br_AdmissionAssessmentDimensionOneDisorder,TASK_COMPLETE,SUCCESS,INFO,500,500,0,,2026-08-23T20:10:41.468Z,2026-08-23T22:16:21.732Z,7540,2026-08-23T22:16:21.732Z,B26,Hazard,955211d4-28b8-44a0-8023-2bfaa48d6721,SAMMS-HazardV5
202608232214223180,202608232010369321,202608232010368283,85,787,Bronze INV,br_AdmissionAssessmentDimensionOneDisorder,TASK_COMPLETE,SUCCESS,INFO,197,197,0,,2026-08-23T20:10:41.468Z,2026-08-23T22:16:21.732Z,7540,2026-08-23T22:16:21.732Z,B27,Savannah,955211d4-28b8-44a0-8023-2bfaa48d6721,SAMMS-SavannahV6
202608232214223181,202608232010369322,202608232010368283,85,788,Bronze INV,br_AdmissionAssessmentDimensionOneDisorder,TASK_COMPLETE,SUCCESS,INFO,237,237,0,,2026-08-23T20:10:41.468Z,2026-08-23T22:16:21.732Z,7540,2026-08-23T22:16:21.732Z,B28,West Plains,955211d4-28b8-44a0-8023-2bfaa48d6721,SAMMS-WestPlainesV5
202608232214223182,202608232010369323,202608232010368283,85,789,Bronze INV,br_AdmissionAssessmentDimensionOneDisorder,TASK_COMPLETE,SUCCESS,INFO,261,261,0,,2026-08-23T20:10:41.468Z,2026-08-23T22:16:21.732Z,7540,2026-08-23T22:16:21.732Z,B29,Poplar Bluff,955211d4-28b8-44a0-8023-2bfaa48d6721,SAMMS-PoplarBluffV5
202608232214223183,202608232010369324,202608232010368283,85,790,Bronze INV,br_AdmissionAssessmentDimensionOneDisorder,TASK_COMPLETE,SUCCESS,INFO,164,164,0,,2026-08-23T20:10:41.468Z,2026-08-23T22:16:21.732Z,7540,2026-08-23T22:16:21.732Z,B30,KC North,955211d4-28b8-44a0-8023-2bfaa48d6721,SAMMS-KCNv5
202608232214223184,202608232010369325,202608232010368283,85,791,Bronze INV,br_AdmissionAssessmentDimensionOneDisorder,TASK_COMPLETE,SUCCESS,INFO,382,382,0,,2026-08-23T20:10:41.468Z,2026-08-23T22:16:21.732Z,7540,2026-08-23T22:16:21.732Z,B31,Dyersburg,955211d4-28b8-44a0-8023-2bfaa48d6721,SAMMS-DyersburgV5
202608232214223186,202608232010369326,202608232010368283,85,793,Bronze INV,br_AdmissionAssessmentDimensionOneDisorder,TASK_COMPLETE,SUCCESS,INFO,216,216,0,,2026-08-23T20:10:41.468Z,2026-08-23T22:16:21.732Z,7540,2026-08-23T22:16:21.732Z,B33,Paducah,955211d4-28b8-44a0-8023-2bfaa48d6721,SAMMS-Paducah
202608232214223187,202608232010369327,202608232010368283,85,794,Bronze INV,br_AdmissionAssessmentDimensionOneDisorder,TASK_COMPLETE,SUCCESS,INFO,461,461,0,,2026-08-23T20:10:41.468Z,2026-08-23T22:16:21.732Z,7540,2026-08-23T22:16:21.732Z,B34,Corbin,955211d4-28b8-44a0-8023-2bfaa48d6721,SAMMS-CorbinV5
202608232214223188,202608232010369328,202608232010368283,85,795,Bronze INV,br_AdmissionAssessmentDimensionOneDisorder,TASK_COMPLETE,SUCCESS,INFO,738,738,0,,2026-08-23T20:10:41.468Z,2026-08-23T22:16:21.732Z,7540,2026-08-23T22:16:21.732Z,B35,Lexington,955211d4-28b8-44a0-8023-2bfaa48d6721,SAMMS-LexingtonV5
202608232214223189,202608232010369329,202608232010368283,85,796,Bronze INV,br_AdmissionAssessmentDimensionOneDisorder,TASK_COMPLETE,SUCCESS,INFO,354,354,0,,2026-08-23T20:10:41.468Z,2026-08-23T22:16:21.732Z,7540,2026-08-23T22:16:21.732Z,B35A,Berea,955211d4-28b8-44a0-8023-2bfaa48d6721,SAMMS-BereaV5
202608232214223190,202608232010369330,202608232010368283,85,797,Bronze INV,br_AdmissionAssessmentDimensionOneDisorder,TASK_COMPLETE,SUCCESS,INFO,629,629,0,,2026-08-23T20:10:41.468Z,2026-08-23T22:16:21.732Z,7540,2026-08-23T22:16:21.732Z,B36,Asheville,955211d4-28b8-44a0-8023-2bfaa48d6721,SAMMS-AshevilleV5
202608232214223191,202608232010369331,202608232010368283,85,798,Bronze INV,br_AdmissionAssessmentDimensionOneDisorder,TASK_COMPLETE,SUCCESS,INFO,469,469,0,,2026-08-23T20:10:41.468Z,2026-08-23T22:16:21.732Z,7540,2026-08-23T22:16:21.732Z,B37,Clyde,955211d4-28b8-44a0-8023-2bfaa48d6721,SAMMS-ClydeV5
202608232214223192,202608232010369332,202608232010368283,85,799,Bronze INV,br_AdmissionAssessmentDimensionOneDisorder,TASK_COMPLETE,SUCCESS,INFO,641,641,0,,2026-08-23T20:10:41.468Z,2026-08-23T22:16:21.732Z,7540,2026-08-23T22:16:21.732Z,B38,Spartanburg,955211d4-28b8-44a0-8023-2bfaa48d6721,SAMMS-SpartanburgV5
202608232214223194,202608232010369333,202608232010368283,85,800,Bronze INV,br_AdmissionAssessmentDimensionOneDisorder,TASK_COMPLETE,SUCCESS,INFO,490,490,0,,2026-08-23T20:10:41.468Z,2026-08-23T22:16:21.732Z,7540,2026-08-23T22:16:21.732Z,B39,Aiken,955211d4-28b8-44a0-8023-2bfaa48d6721,SAMMS-AikenV5
202608232214223195,202608232010369334,202608232010368283,85,801,Bronze INV,br_AdmissionAssessmentDimensionOneDisorder,TASK_COMPLETE,SUCCESS,INFO,329,329,0,,2026-08-23T20:10:41.468Z,2026-08-23T22:16:21.732Z,7540,2026-08-23T22:16:21.732Z,B41,Chesapeake,955211d4-28b8-44a0-8023-2bfaa48d6721,SAMMS-ChesapeakeV5
202608232214223196,202608232010369335,202608232010368283,85,802,Bronze INV,br_AdmissionAssessmentDimensionOneDisorder,TASK_COMPLETE,SUCCESS,INFO,562,562,0,,2026-08-23T20:10:41.468Z,2026-08-23T22:16:21.732Z,7540,2026-08-23T22:16:21.732Z,B42,Virginia Beach,955211d4-28b8-44a0-8023-2bfaa48d6721,SAMMS-VirginiaBeachV5
202608232214223197,202608232010369336,202608232010368283,85,803,Bronze INV,br_AdmissionAssessmentDimensionOneDisorder,TASK_COMPLETE,SUCCESS,INFO,170,170,0,,2026-08-23T20:10:41.468Z,2026-08-23T22:16:21.732Z,7540,2026-08-23T22:16:21.732Z,B42A,Newport News,955211d4-28b8-44a0-8023-2bfaa48d6721,SAMMS-NewportNewsV5
202608232214223198,202608232010369337,202608232010368283,85,804,Bronze INV,br_AdmissionAssessmentDimensionOneDisorder,TASK_COMPLETE,SUCCESS,INFO,61,61,0,,2026-08-23T20:10:41.468Z,2026-08-23T22:16:21.732Z,7540,2026-08-23T22:16:21.732Z,B42B,Franklin,955211d4-28b8-44a0-8023-2bfaa48d6721,SAMMS-FranklinV5
202608232214223199,202608232010369338,202608232010368283,85,805,Bronze INV,br_AdmissionAssessmentDimensionOneDisorder,TASK_COMPLETE,SUCCESS,INFO,351,351,0,,2026-08-23T20:10:41.468Z,2026-08-23T22:16:21.732Z,7540,2026-08-23T22:16:21.732Z,B42C,Glen Allen,955211d4-28b8-44a0-8023-2bfaa48d6721,SAMMS-GlenAllenV5
202608232214223201,202608232010369339,202608232010368283,85,806,Bronze INV,br_AdmissionAssessmentDimensionOneDisorder,TASK_COMPLETE,SUCCESS,INFO,174,174,0,,2026-08-23T20:10:41.468Z,2026-08-23T22:16:21.732Z,7540,2026-08-23T22:16:21.732Z,B42D,Chesapeake South,955211d4-28b8-44a0-8023-2bfaa48d6721,SAMMS-ChesapeakeSouthV5
202608232214223202,202608232010369340,202608232010368283,85,807,Bronze INV,br_AdmissionAssessmentDimensionOneDisorder,TASK_COMPLETE,SUCCESS,INFO,216,216,0,,2026-08-23T20:10:41.468Z,2026-08-23T22:16:21.732Z,7540,2026-08-23T22:16:21.732Z,B44,Albany,955211d4-28b8-44a0-8023-2bfaa48d6721,SAMMS-AlbanyV5
202608232214223203,202608232010369341,202608232010368283,85,808,Bronze INV,br_AdmissionAssessmentDimensionOneDisorder,TASK_COMPLETE,SUCCESS,INFO,308,308,0,,2026-08-23T20:10:41.468Z,2026-08-23T22:16:21.732Z,7540,2026-08-23T22:16:21.732Z,B45,Tifton,955211d4-28b8-44a0-8023-2bfaa48d6721,SAMMS-TiftonV5
202608232214223204,202608232010369342,202608232010368283,85,809,Bronze INV,br_AdmissionAssessmentDimensionOneDisorder,TASK_COMPLETE,SUCCESS,INFO,699,699,0,,2026-08-23T20:10:41.468Z,2026-08-23T22:16:21.732Z,7540,2026-08-23T22:16:21.732Z,B46,Washington DC,955211d4-28b8-44a0-8023-2bfaa48d6721,SAMMS-WashingtonDCv5
202608232214223205,202608232010369343,202608232010368283,85,810,Bronze INV,br_AdmissionAssessmentDimensionOneDisorder,TASK_COMPLETE,SUCCESS,INFO,389,389,0,,2026-08-23T20:10:41.468Z,2026-08-23T22:16:21.732Z,7540,2026-08-23T22:16:21.732Z,B47,Mobile,955211d4-28b8-44a0-8023-2bfaa48d6721,SAMMS-MobileV5
202608232214223206,202608232010369344,202608232010368283,85,811,Bronze INV,br_AdmissionAssessmentDimensionOneDisorder,TASK_COMPLETE,SUCCESS,INFO,475,475,0,,2026-08-23T20:10:41.468Z,2026-08-23T22:16:21.732Z,7540,2026-08-23T22:16:21.732Z,B48,Tuscaloosa,955211d4-28b8-44a0-8023-2bfaa48d6721,SAMMS-TuscaloosaV5
202608232214223208,202608232010369345,202608232010368283,85,820,Bronze INV,br_AdmissionAssessmentDimensionOneDisorder,TASK_COMPLETE,SUCCESS,INFO,321,321,0,,2026-08-23T20:10:41.468Z,2026-08-23T22:16:21.732Z,7540,2026-08-23T22:16:21.732Z,B51,N. Little Rock (OTP),955211d4-28b8-44a0-8023-2bfaa48d6721,SAMMS-NorthLittleRockV6
202608232214223209,202608232010369346,202608232010368283,85,821,Bronze INV,br_AdmissionAssessmentDimensionOneDisorder,TASK_COMPLETE,SUCCESS,INFO,164,164,0,,2026-08-23T20:10:41.468Z,2026-08-23T22:16:21.732Z,7540,2026-08-23T22:16:21.732Z,B52,Jackson GA,955211d4-28b8-44a0-8023-2bfaa48d6721,SAMMS-JacksonGAV5
202608232214223210,202608232010369347,202608232010368283,85,822,Bronze INV,br_AdmissionAssessmentDimensionOneDisorder,TASK_COMPLETE,SUCCESS,INFO,502,502,0,,2026-08-23T20:10:41.468Z,2026-08-23T22:16:21.732Z,7540,2026-08-23T22:16:21.732Z,B54,Gadsden,955211d4-28b8-44a0-8023-2bfaa48d6721,SAMMS-GadsdenV5
202608232214223211,202608232010369348,202608232010368283,85,823,Bronze INV,br_AdmissionAssessmentDimensionOneDisorder,TASK_COMPLETE,SUCCESS,INFO,513,513,0,,2026-08-23T20:10:41.468Z,2026-08-23T22:16:21.732Z,7540,2026-08-23T22:16:21.732Z,B55,Shoals,955211d4-28b8-44a0-8023-2bfaa48d6721,SAMMS-ShoalsV5
202608232214223212,202608232010369349,202608232010368283,85,824,Bronze INV,br_AdmissionAssessmentDimensionOneDisorder,TASK_COMPLETE,SUCCESS,INFO,178,178,0,,2026-08-23T20:10:41.468Z,2026-08-23T22:16:21.732Z,7540,2026-08-23T22:16:21.732Z,B57,Pawtucket,955211d4-28b8-44a0-8023-2bfaa48d6721,SAMMS-Pawtucket
202608232214223213,202608232010369350,202608232010368283,85,825,Bronze INV,br_AdmissionAssessmentDimensionOneDisorder,TASK_COMPLETE,SUCCESS,INFO,175,175,0,,2026-08-23T20:10:41.468Z,2026-08-23T22:16:21.732Z,7540,2026-08-23T22:16:21.732Z,B57A,Johnston,955211d4-28b8-44a0-8023-2bfaa48d6721,SAMMS-Johnston
202608232214223215,202608232010369351,202608232010368283,85,826,Bronze INV,br_AdmissionAssessmentDimensionOneDisorder,TASK_COMPLETE,SUCCESS,INFO,98,98,0,,2026-08-23T20:10:41.468Z,2026-08-23T22:16:21.732Z,7540,2026-08-23T22:16:21.732Z,B57B,Middletown,955211d4-28b8-44a0-8023-2bfaa48d6721,SAMMS-Middletown
202608232214223216,202608232010369352,202608232010368283,85,827,Bronze INV,br_AdmissionAssessmentDimensionOneDisorder,TASK_COMPLETE,SUCCESS,INFO,184,184,0,,2026-08-23T20:10:41.468Z,2026-08-23T22:16:21.732Z,7540,2026-08-23T22:16:21.732Z,B57C,Providence,955211d4-28b8-44a0-8023-2bfaa48d6721,SAMMS-Providence
202608232214223217,202608232010369353,202608232010368283,85,828,Bronze INV,br_AdmissionAssessmentDimensionOneDisorder,TASK_COMPLETE,SUCCESS,INFO,263,263,0,,2026-08-23T20:10:41.468Z,2026-08-23T22:16:21.732Z,7540,2026-08-23T22:16:21.732Z,B57D,Westerly,955211d4-28b8-44a0-8023-2bfaa48d6721,SAMMS-Westerly
202608232214223218,202608232010369354,202608232010368283,85,832,Bronze INV,br_AdmissionAssessmentDimensionOneDisorder,TASK_COMPLETE,SUCCESS,INFO,371,371,0,,2026-08-23T20:10:41.468Z,2026-08-23T22:16:21.732Z,7540,2026-08-23T22:16:21.732Z,B66A,Bremen,955211d4-28b8-44a0-8023-2bfaa48d6721,SAMMS-Bremen
202608232214223219,202608232010369355,202608232010368283,85,835,Bronze INV,br_AdmissionAssessmentDimensionOneDisorder,TASK_COMPLETE,SUCCESS,INFO,41,41,0,,2026-08-23T20:10:41.468Z,2026-08-23T22:16:21.732Z,7540,2026-08-23T22:16:21.732Z,B72,Mobile (OBOT),955211d4-28b8-44a0-8023-2bfaa48d6721,SAMMS-Mobile-OBOT
202608232214223220,202608232010369356,202608232010368283,85,836,Bronze INV,br_AdmissionAssessmentDimensionOneDisorder,TASK_COMPLETE,SUCCESS,INFO,4,4,0,,2026-08-23T20:10:41.468Z,2026-08-23T22:16:21.732Z,7540,2026-08-23T22:16:21.732Z,B73,Montgomery,955211d4-28b8-44a0-8023-2bfaa48d6721,SAMMS-Montgomery
202608232214223221,202608232010369357,202608232010368283,85,837,Bronze INV,br_AdmissionAssessmentDimensionOneDisorder,TASK_COMPLETE,SUCCESS,INFO,340,340,0,,2026-08-23T20:10:41.468Z,2026-08-23T22:16:21.732Z,7540,2026-08-23T22:16:21.732Z,B75,Lawrence,955211d4-28b8-44a0-8023-2bfaa48d6721,SAMMS-LawrenceV6
202608232214223223,202608232010369358,202608232010368283,85,838,Bronze INV,br_AdmissionAssessmentDimensionOneDisorder,TASK_COMPLETE,SUCCESS,INFO,54,54,0,,2026-08-23T20:10:41.468Z,2026-08-23T22:16:21.732Z,7540,2026-08-23T22:16:21.732Z,B76,Huntsville OBOT,955211d4-28b8-44a0-8023-2bfaa48d6721,SAMMS-Huntsville-OBOT
202608232214223224,202608232010369359,202608232010368283,85,839,Bronze INV,br_AdmissionAssessmentDimensionOneDisorder,TASK_COMPLETE,SUCCESS,INFO,301,301,0,,2026-08-23T20:10:41.468Z,2026-08-23T22:16:21.732Z,7540,2026-08-23T22:16:21.732Z,BAT,Batesville,955211d4-28b8-44a0-8023-2bfaa48d6721,SAMMS-Batesville
202608232214223225,202608232010369360,202608232010368283,85,840,Bronze INV,br_AdmissionAssessmentDimensionOneDisorder,TASK_COMPLETE,SUCCESS,INFO,245,245,0,,2026-08-23T20:10:41.468Z,2026-08-23T22:16:21.732Z,7540,2026-08-23T22:16:21.732Z,BG,Bowling Green,955211d4-28b8-44a0-8023-2bfaa48d6721,SAMMS-BowlingGreen
202608232214223226,202608232010369361,202608232010368283,85,841,Bronze INV,br_AdmissionAssessmentDimensionOneDisorder,TASK_COMPLETE,SUCCESS,INFO,232,232,0,,2026-08-23T20:10:41.468Z,2026-08-23T22:16:21.732Z,7540,2026-08-23T22:16:21.732Z,BOI,Boise,955211d4-28b8-44a0-8023-2bfaa48d6721,SAMMS-Boise
202608232214223227,202608232010369362,202608232010368283,85,848,Bronze INV,br_AdmissionAssessmentDimensionOneDisorder,TASK_COMPLETE,SUCCESS,INFO,307,307,0,,2026-08-23T20:10:41.468Z,2026-08-23T22:16:21.732Z,7540,2026-08-23T22:16:21.732Z,CBCO,Coeur dAlene,955211d4-28b8-44a0-8023-2bfaa48d6721,SAMMS-CoeurdAleneV6
202608232214223228,202608232010369363,202608232010368283,85,867,Bronze INV,br_AdmissionAssessmentDimensionOneDisorder,TASK_COMPLETE,SUCCESS,INFO,343,343,0,,2026-08-23T20:10:41.468Z,2026-08-23T22:16:21.732Z,7540,2026-08-23T22:16:21.732Z,CON,Conway,955211d4-28b8-44a0-8023-2bfaa48d6721,SAMMS-Conway
202608232214223230,202608232010369364,202608232010368283,85,868,Bronze INV,br_AdmissionAssessmentDimensionOneDisorder,TASK_COMPLETE,SUCCESS,INFO,1629,1629,0,,2026-08-23T20:10:41.468Z,2026-08-23T22:16:21.732Z,7540,2026-08-23T22:16:21.732Z,D07,Medical Services Knox TN,955211d4-28b8-44a0-8023-2bfaa48d6721,SAMMS-KnoxvilleV6
202608232214223231,202608232010369365,202608232010368283,85,869,Bronze INV,br_AdmissionAssessmentDimensionOneDisorder,TASK_COMPLETE,SUCCESS,INFO,1033,1033,0,,2026-08-23T20:10:41.468Z,2026-08-23T22:16:21.732Z,7540,2026-08-23T22:16:21.732Z,D08,Madison,955211d4-28b8-44a0-8023-2bfaa48d6721,SAMMS-MadisonV6
202608232214223232,202608232010369366,202608232010368283,85,871,Bronze INV,br_AdmissionAssessmentDimensionOneDisorder,TASK_COMPLETE,SUCCESS,INFO,982,982,0,,2026-08-23T20:10:41.468Z,2026-08-23T22:16:21.732Z,7540,2026-08-23T22:16:21.732Z,D09,Murfreesboro,955211d4-28b8-44a0-8023-2bfaa48d6721,SAMMS-MurfreesboroV6
202608232214223233,202608232010369367,202608232010368283,85,872,Bronze INV,br_AdmissionAssessmentDimensionOneDisorder,TASK_COMPLETE,SUCCESS,INFO,228,228,0,,2026-08-23T20:10:41.468Z,2026-08-23T22:16:21.732Z,7540,2026-08-23T22:16:21.732Z,DA,Davenport,955211d4-28b8-44a0-8023-2bfaa48d6721,SAMMS-Davenport
202608232214223234,202608232010369368,202608232010368283,85,873,Bronze INV,br_AdmissionAssessmentDimensionOneDisorder,TASK_COMPLETE,SUCCESS,INFO,362,362,0,,2026-08-23T20:10:41.468Z,2026-08-23T22:16:21.732Z,7540,2026-08-23T22:16:21.732Z,DM,Des Moines,955211d4-28b8-44a0-8023-2bfaa48d6721,SAMMS-DesMoines
202608232214223235,202608232010369369,202608232010368283,85,875,Bronze INV,br_AdmissionAssessmentDimensionOneDisorder,TASK_COMPLETE,SUCCESS,INFO,495,495,0,,2026-08-23T20:10:41.468Z,2026-08-23T22:16:21.732Z,7540,2026-08-23T22:16:21.732Z,DRD-CO,Columbia MO,955211d4-28b8-44a0-8023-2bfaa48d6721,SAMMS-ColumbiaV5
202608232214223237,202608232010369370,202608232010368283,85,876,Bronze INV,br_AdmissionAssessmentDimensionOneDisorder,TASK_COMPLETE,SUCCESS,INFO,614,614,0,,2026-08-23T20:10:41.468Z,2026-08-23T22:16:21.732Z,7540,2026-08-23T22:16:21.732Z,DRD-KC,KC,955211d4-28b8-44a0-8023-2bfaa48d6721,SAMMS-KCv5
202608232214223238,202608232010369371,202608232010368283,85,877,Bronze INV,br_AdmissionAssessmentDimensionOneDisorder,TASK_COMPLETE,SUCCESS,INFO,984,984,0,,2026-08-23T20:10:41.468Z,2026-08-23T22:16:21.732Z,7540,2026-08-23T22:16:21.732Z,DRD-KVB,KVB,955211d4-28b8-44a0-8023-2bfaa48d6721,SAMMS-KVBv5
202608232214223239,202608232010369372,202608232010368283,85,878,Bronze INV,br_AdmissionAssessmentDimensionOneDisorder,TASK_COMPLETE,SUCCESS,INFO,1600,1600,0,,2026-08-23T20:10:41.468Z,2026-08-23T22:16:21.732Z,7540,2026-08-23T22:16:21.732Z,DRD-KVC,KVC,955211d4-28b8-44a0-8023-2bfaa48d6721,SAMMS-KVCv5
202608232214223240,202608232010369373,202608232010368283,85,879,Bronze INV,br_AdmissionAssessmentDimensionOneDisorder,TASK_COMPLETE,SUCCESS,INFO,1273,1273,0,,2026-08-23T20:10:41.468Z,2026-08-23T22:16:21.732Z,7540,2026-08-23T22:16:21.732Z,DRD-NOLA,NOLA,955211d4-28b8-44a0-8023-2bfaa48d6721,SAMMS-NOLAv5
202608232214223241,202608232010369374,202608232010368283,85,880,Bronze INV,br_AdmissionAssessmentDimensionOneDisorder,TASK_COMPLETE,SUCCESS,INFO,772,772,0,,2026-08-23T20:10:41.468Z,2026-08-23T22:16:21.732Z,7540,2026-08-23T22:16:21.732Z,DRD-SF,Springfield,955211d4-28b8-44a0-8023-2bfaa48d6721,SAMMS-SFv5
202608232214223242,202608232010369375,202608232010368283,85,882,Bronze INV,br_AdmissionAssessmentDimensionOneDisorder,TASK_COMPLETE,SUCCESS,INFO,274,274,0,,2026-08-23T20:10:41.468Z,2026-08-23T22:16:21.732Z,7540,2026-08-23T22:16:21.732Z,ELC,Elizabeth City,955211d4-28b8-44a0-8023-2bfaa48d6721,SAMMS-ElizabethCity
202608232214223244,202608232010369376,202608232010368283,85,883,Bronze INV,br_AdmissionAssessmentDimensionOneDisorder,TASK_COMPLETE,SUCCESS,INFO,283,283,0,,2026-08-23T20:10:41.468Z,2026-08-23T22:16:21.732Z,7540,2026-08-23T22:16:21.732Z,ET,Elizabethtown,955211d4-28b8-44a0-8023-2bfaa48d6721,SAMMS-Elizabethtown
202608232214223245,202608232010369377,202608232010368283,85,884,Bronze INV,br_AdmissionAssessmentDimensionOneDisorder,TASK_COMPLETE,SUCCESS,INFO,233,233,0,,2026-08-23T20:10:41.468Z,2026-08-23T22:16:21.732Z,7540,2026-08-23T22:16:21.732Z,FAY,Fayetteville,955211d4-28b8-44a0-8023-2bfaa48d6721,SAMMS-Fayetteville
202608232214223246,202608232010369378,202608232010368283,85,885,Bronze INV,br_AdmissionAssessmentDimensionOneDisorder,TASK_COMPLETE,SUCCESS,INFO,185,185,0,,2026-08-23T20:10:41.468Z,2026-08-23T22:16:21.732Z,7540,2026-08-23T22:16:21.732Z,FR,Frankfort,955211d4-28b8-44a0-8023-2bfaa48d6721,SAMMS-Frankfort
202608232214223247,202608232010369379,202608232010368283,85,886,Bronze INV,br_AdmissionAssessmentDimensionOneDisorder,TASK_COMPLETE,SUCCESS,INFO,288,288,0,,2026-08-23T20:10:41.468Z,2026-08-23T22:16:21.732Z,7540,2026-08-23T22:16:21.732Z,FS,Fort Smith,955211d4-28b8-44a0-8023-2bfaa48d6721,SAMMS-FortSmith
202608232214223248,202608232010369380,202608232010368283,85,887,Bronze INV,br_AdmissionAssessmentDimensionOneDisorder,TASK_COMPLETE,SUCCESS,INFO,684,684,0,,2026-08-23T20:10:41.468Z,2026-08-23T22:16:21.732Z,7540,2026-08-23T22:16:21.732Z,FW,Fort Wayne,955211d4-28b8-44a0-8023-2bfaa48d6721,SAMMS-FortWayne
202608232214223249,202608232010369381,202608232010368283,85,888,Bronze INV,br_AdmissionAssessmentDimensionOneDisorder,TASK_COMPLETE,SUCCESS,INFO,123,123,0,,2026-08-23T20:10:41.468Z,2026-08-23T22:16:21.732Z,7540,2026-08-23T22:16:21.732Z,GAL,Gaylord,955211d4-28b8-44a0-8023-2bfaa48d6721,SAMMS-Gaylord
202608232214223251,202608232010369382,202608232010368283,85,892,Bronze INV,br_AdmissionAssessmentDimensionOneDisorder,TASK_COMPLETE,SUCCESS,INFO,629,629,0,,2026-08-23T20:10:41.468Z,2026-08-23T22:16:21.732Z,7540,2026-08-23T22:16:21.732Z,HGT,Hagerstown,955211d4-28b8-44a0-8023-2bfaa48d6721,SAMMS-Hagerstown
202608232214223252,202608232010369383,202608232010368283,85,893,Bronze INV,br_AdmissionAssessmentDimensionOneDisorder,TASK_COMPLETE,SUCCESS,INFO,486,486,0,,2026-08-23T20:10:41.468Z,2026-08-23T22:16:21.732Z,7540,2026-08-23T22:16:21.732Z,HNT,Huntsville,955211d4-28b8-44a0-8023-2bfaa48d6721,SAMMS-Huntsville
202608232214223253,202608232010369384,202608232010368283,85,894,Bronze INV,br_AdmissionAssessmentDimensionOneDisorder,TASK_COMPLETE,SUCCESS,INFO,355,355,0,,2026-08-23T20:10:41.468Z,2026-08-23T22:16:21.732Z,7540,2026-08-23T22:16:21.732Z,HS,Hot Springs,955211d4-28b8-44a0-8023-2bfaa48d6721,SAMMS-HotSprings
202608232214223254,202608232010369385,202608232010368283,85,895,Bronze INV,br_AdmissionAssessmentDimensionOneDisorder,TASK_COMPLETE,SUCCESS,INFO,267,267,0,,2026-08-23T20:10:41.468Z,2026-08-23T22:16:21.732Z,7540,2026-08-23T22:16:21.732Z,JON,Jonesboro,955211d4-28b8-44a0-8023-2bfaa48d6721,SAMMS-Jonesboro
202608232214223255,202608232010369386,202608232010368283,85,897,Bronze INV,br_AdmissionAssessmentDimensionOneDisorder,TASK_COMPLETE,SUCCESS,INFO,194,194,0,,2026-08-23T20:10:41.468Z,2026-08-23T22:16:21.732Z,7540,2026-08-23T22:16:21.732Z,LAN,Lansing,955211d4-28b8-44a0-8023-2bfaa48d6721,SAMMS-Lansing
202608232214223256,202608232010369387,202608232010368283,85,898,Bronze INV,br_AdmissionAssessmentDimensionOneDisorder,TASK_COMPLETE,SUCCESS,INFO,447,447,0,,2026-08-23T20:10:41.468Z,2026-08-23T22:16:21.732Z,7540,2026-08-23T22:16:21.732Z,LO,Louisville,955211d4-28b8-44a0-8023-2bfaa48d6721,SAMMS-Louisville
202608232214223258,202608232010369388,202608232010368283,85,899,Bronze INV,br_AdmissionAssessmentDimensionOneDisorder,TASK_COMPLETE,SUCCESS,INFO,1222,1222,0,,2026-08-23T20:10:41.468Z,2026-08-23T22:16:21.732Z,7540,2026-08-23T22:16:21.732Z,LV1,Cheyenne,955211d4-28b8-44a0-8023-2bfaa48d6721,SAMMS-Cheyenne
202608232214223259,202608232010369389,202608232010368283,85,900,Bronze INV,br_AdmissionAssessmentDimensionOneDisorder,TASK_COMPLETE,SUCCESS,INFO,965,965,0,,2026-08-23T20:10:41.468Z,2026-08-23T22:16:21.732Z,7540,2026-08-23T22:16:21.732Z,LV2,Desert Inn,955211d4-28b8-44a0-8023-2bfaa48d6721,SAMMS-DesertInn
202608232214223260,202608232010369390,202608232010368283,85,901,Bronze INV,br_AdmissionAssessmentDimensionOneDisorder,TASK_COMPLETE,SUCCESS,INFO,322,322,0,,2026-08-23T20:10:41.468Z,2026-08-23T22:16:21.732Z,7540,2026-08-23T22:16:21.732Z,LV3,McDaniel,955211d4-28b8-44a0-8023-2bfaa48d6721,SAMMS-McDaniel
202608232214223261,202608232010369391,202608232010368283,85,904,Bronze INV,br_AdmissionAssessmentDimensionOneDisorder,TASK_COMPLETE,SUCCESS,INFO,278,278,0,,2026-08-23T20:10:41.468Z,2026-08-23T22:16:21.732Z,7540,2026-08-23T22:16:21.732Z,MNRE,Monroe,955211d4-28b8-44a0-8023-2bfaa48d6721,SAMMS-Monroe
202608232214223262,202608232010369392,202608232010368283,85,905,Bronze INV,br_AdmissionAssessmentDimensionOneDisorder,TASK_COMPLETE,SUCCESS,INFO,192,192,0,,2026-08-23T20:10:41.468Z,2026-08-23T22:16:21.732Z,7540,2026-08-23T22:16:21.732Z,MP,Mt. Pleasant,955211d4-28b8-44a0-8023-2bfaa48d6721,SAMMS-MtPleasant
202608232214223263,202608232010369393,202608232010368283,85,906,Bronze INV,br_AdmissionAssessmentDimensionOneDisorder,TASK_COMPLETE,SUCCESS,INFO,172,172,0,,2026-08-23T20:10:41.468Z,2026-08-23T22:16:21.732Z,7540,2026-08-23T22:16:21.732Z,MRD,Meridian,955211d4-28b8-44a0-8023-2bfaa48d6721,SAMMS-Meridian
202608232214223264,202608232010369394,202608232010368283,85,911,Bronze INV,br_AdmissionAssessmentDimensionOneDisorder,TASK_COMPLETE,SUCCESS,INFO,633,633,0,,2026-08-23T20:10:41.468Z,2026-08-23T22:16:21.732Z,7540,2026-08-23T22:16:21.732Z,NC,North Charleston,955211d4-28b8-44a0-8023-2bfaa48d6721,SAMMS-NorthCharleston
202608232214223266,202608232010369395,202608232010368283,85,912,Bronze INV,br_AdmissionAssessmentDimensionOneDisorder,TASK_COMPLETE,SUCCESS,INFO,570,570,0,,2026-08-23T20:10:41.468Z,2026-08-23T22:16:21.732Z,7540,2026-08-23T22:16:21.732Z,NLR,N. Little Rock,955211d4-28b8-44a0-8023-2bfaa48d6721,SAMMS-NLROBOT
202608232214223267,202608232010369396,202608232010368283,85,913,Bronze INV,br_AdmissionAssessmentDimensionOneDisorder,TASK_COMPLETE,SUCCESS,INFO,245,245,0,,2026-08-23T20:10:41.468Z,2026-08-23T22:16:21.732Z,7540,2026-08-23T22:16:21.732Z,PH,Phoenix,955211d4-28b8-44a0-8023-2bfaa48d6721,SAMMS-Phoenix
202608232214223268,202608232010369397,202608232010368283,85,917,Bronze INV,br_AdmissionAssessmentDimensionOneDisorder,TASK_COMPLETE,SUCCESS,INFO,423,423,0,,2026-08-23T20:10:41.468Z,2026-08-23T22:16:21.732Z,7540,2026-08-23T22:16:21.732Z,RE,Reno,955211d4-28b8-44a0-8023-2bfaa48d6721,SAMMS-Reno
202608232214223269,202608232010369398,202608232010368283,85,918,Bronze INV,br_AdmissionAssessmentDimensionOneDisorder,TASK_COMPLETE,SUCCESS,INFO,402,402,0,,2026-08-23T20:10:41.468Z,2026-08-23T22:16:21.732Z,7540,2026-08-23T22:16:21.732Z,RMD,Richmond,955211d4-28b8-44a0-8023-2bfaa48d6721,SAMMS-Richmond
202608232214223270,202608232010369399,202608232010368283,85,919,Bronze INV,br_AdmissionAssessmentDimensionOneDisorder,TASK_COMPLETE,SUCCESS,INFO,499,499,0,,2026-08-23T20:10:41.468Z,2026-08-23T22:16:21.732Z,7540,2026-08-23T22:16:21.732Z,SFN,Springfield North,955211d4-28b8-44a0-8023-2bfaa48d6721,SAMMS-SFNv5
202608232214223271,202608232010369400,202608232010368283,85,920,Bronze INV,br_AdmissionAssessmentDimensionOneDisorder,TASK_COMPLETE,SUCCESS,INFO,462,462,0,,2026-08-23T20:10:41.468Z,2026-08-23T22:16:21.732Z,7540,2026-08-23T22:16:21.732Z,SHP,Shreveport,955211d4-28b8-44a0-8023-2bfaa48d6721,SAMMS-Shreveport
202608232214223273,202608232010369401,202608232010368283,85,922,Bronze INV,br_AdmissionAssessmentDimensionOneDisorder,TASK_COMPLETE,SUCCESS,INFO,86,86,0,,2026-08-23T20:10:41.468Z,2026-08-23T22:16:21.732Z,7540,2026-08-23T22:16:21.732Z,STN,Staunton,955211d4-28b8-44a0-8023-2bfaa48d6721,SAMMS-Staunton
202608232214223274,202608232010369402,202608232010368283,85,923,Bronze INV,br_AdmissionAssessmentDimensionOneDisorder,TASK_COMPLETE,SUCCESS,INFO,56,56,0,,2026-08-23T20:10:41.468Z,2026-08-23T22:16:21.732Z,7540,2026-08-23T22:16:21.732Z,STVN,Stevenson,955211d4-28b8-44a0-8023-2bfaa48d6721,SAMMS-Stevenson
202608232214223275,202608232010369403,202608232010368283,85,925,Bronze INV,br_AdmissionAssessmentDimensionOneDisorder,TASK_COMPLETE,SUCCESS,INFO,76,76,0,,2026-08-23T20:10:41.468Z,2026-08-23T22:16:21.732Z,7540,2026-08-23T22:16:21.732Z,TE,Tempe,955211d4-28b8-44a0-8023-2bfaa48d6721,SAMMS-Tempe
202608232214223276,202608232010369404,202608232010368283,85,926,Bronze INV,br_AdmissionAssessmentDimensionOneDisorder,TASK_COMPLETE,SUCCESS,INFO,365,365,0,,2026-08-23T20:10:41.468Z,2026-08-23T22:16:21.732Z,7540,2026-08-23T22:16:21.732Z,TEX,Texarkana,955211d4-28b8-44a0-8023-2bfaa48d6721,SAMMS-Texarkana
202608232214223277,202608232010369405,202608232010368283,85,927,Bronze INV,br_AdmissionAssessmentDimensionOneDisorder,TASK_COMPLETE,SUCCESS,INFO,452,452,0,,2026-08-23T20:10:41.468Z,2026-08-23T22:16:21.732Z,7540,2026-08-23T22:16:21.732Z,TTCA,Bessemer,955211d4-28b8-44a0-8023-2bfaa48d6721,SAMMS-BessemerV5
202608232214223278,202608232010369406,202608232010368283,85,928,Bronze INV,br_AdmissionAssessmentDimensionOneDisorder,TASK_COMPLETE,SUCCESS,INFO,553,553,0,,2026-08-23T20:10:41.468Z,2026-08-23T22:16:21.732Z,7540,2026-08-23T22:16:21.732Z,TTCB,Cullman,955211d4-28b8-44a0-8023-2bfaa48d6721,SAMMS-CullmanV5
202608232214223280,202608232010369407,202608232010368283,85,929,Bronze INV,br_AdmissionAssessmentDimensionOneDisorder,TASK_COMPLETE,SUCCESS,INFO,361,361,0,,2026-08-23T20:10:41.468Z,2026-08-23T22:16:21.732Z,7540,2026-08-23T22:16:21.732Z,TTCC,Grand Bay,955211d4-28b8-44a0-8023-2bfaa48d6721,SAMMS-GrandBay
202608232214223281,202608232010369408,202608232010368283,85,930,Bronze INV,br_AdmissionAssessmentDimensionOneDisorder,TASK_COMPLETE,SUCCESS,INFO,24,24,0,,2026-08-23T20:10:41.468Z,2026-08-23T22:16:21.732Z,7540,2026-08-23T22:16:21.732Z,TU,Tucson,955211d4-28b8-44a0-8023-2bfaa48d6721,SAMMS-Tucson
202608232214223282,202608232010369409,202608232010368283,85,932,Bronze INV,br_AdmissionAssessmentDimensionOneDisorder,TASK_COMPLETE,SUCCESS,INFO,264,264,0,,2026-08-23T20:10:41.468Z,2026-08-23T22:16:21.732Z,7540,2026-08-23T22:16:21.732Z,V1,Memphis South,955211d4-28b8-44a0-8023-2bfaa48d6721,SAMMS-VCPHCS-I-MemphisV5
202608232214223283,202608232010369410,202608232010368283,85,933,Bronze INV,br_AdmissionAssessmentDimensionOneDisorder,TASK_COMPLETE,SUCCESS,INFO,705,705,0,,2026-08-23T20:10:41.468Z,2026-08-23T22:16:21.732Z,7540,2026-08-23T22:16:21.732Z,V10,Longmont,955211d4-28b8-44a0-8023-2bfaa48d6721,SAMMS-BoulderV5
202608232214223284,202608232010369411,202608232010368283,85,934,Bronze INV,br_AdmissionAssessmentDimensionOneDisorder,TASK_COMPLETE,SUCCESS,INFO,1201,1201,0,,2026-08-23T20:10:41.468Z,2026-08-23T22:16:21.732Z,7540,2026-08-23T22:16:21.732Z,V10A,Fort Collins,955211d4-28b8-44a0-8023-2bfaa48d6721,SAMMS-FortCollinsV5
202608232214223285,202608232010369412,202608232010368283,85,935,Bronze INV,br_AdmissionAssessmentDimensionOneDisorder,TASK_COMPLETE,SUCCESS,INFO,1045,1045,0,,2026-08-23T20:10:41.468Z,2026-08-23T22:16:21.732Z,7540,2026-08-23T22:16:21.732Z,V11,Westminster,955211d4-28b8-44a0-8023-2bfaa48d6721,SAMMS-VCPHCS-XI-NorthDenverV5
202608232214223287,202608232010369413,202608232010368283,85,936,Bronze INV,br_AdmissionAssessmentDimensionOneDisorder,TASK_COMPLETE,SUCCESS,INFO,1110,1110,0,,2026-08-23T20:10:41.468Z,2026-08-23T22:16:21.732Z,7540,2026-08-23T22:16:21.732Z,V12,Downtown Denver,955211d4-28b8-44a0-8023-2bfaa48d6721,SAMMS-VCPHCS-XII-DowntownDenverV5
202608232214223288,202608232010369414,202608232010368283,85,937,Bronze INV,br_AdmissionAssessmentDimensionOneDisorder,TASK_COMPLETE,SUCCESS,INFO,501,501,0,,2026-08-23T20:10:41.468Z,2026-08-23T22:16:21.732Z,7540,2026-08-23T22:16:21.732Z,V12A,Centennial,955211d4-28b8-44a0-8023-2bfaa48d6721,SAMMS-CentennialV5
202608232214223289,202608232010369415,202608232010368283,85,938,Bronze INV,br_AdmissionAssessmentDimensionOneDisorder,TASK_COMPLETE,SUCCESS,INFO,314,314,0,,2026-08-23T20:10:41.468Z,2026-08-23T22:16:21.732Z,7540,2026-08-23T22:16:21.732Z,V14,Overland Park,955211d4-28b8-44a0-8023-2bfaa48d6721,SAMMS-VCPHCS-XIV-BridgewayV5
202608232214223290,202608232010369416,202608232010368283,85,939,Bronze INV,br_AdmissionAssessmentDimensionOneDisorder,TASK_COMPLETE,SUCCESS,INFO,568,568,0,,2026-08-23T20:10:41.468Z,2026-08-23T22:16:21.732Z,7540,2026-08-23T22:16:21.732Z,V15,Joplin,955211d4-28b8-44a0-8023-2bfaa48d6721,SAMMS-JoplinV5
202608232214223291,202608232010369417,202608232010368283,85,941,Bronze INV,br_AdmissionAssessmentDimensionOneDisorder,TASK_COMPLETE,SUCCESS,INFO,488,488,0,,2026-08-23T20:10:41.468Z,2026-08-23T22:16:21.732Z,7540,2026-08-23T22:16:21.732Z,V17,Columbia TN,955211d4-28b8-44a0-8023-2bfaa48d6721,SAMMS-ColumbiaTNv5
202608232214223292,202608232010369418,202608232010368283,85,943,Bronze INV,br_AdmissionAssessmentDimensionOneDisorder,TASK_COMPLETE,SUCCESS,INFO,437,437,0,,2026-08-23T20:10:41.468Z,2026-08-23T22:16:21.732Z,7540,2026-08-23T22:16:21.732Z,V19,Jackson,955211d4-28b8-44a0-8023-2bfaa48d6721,SAMMS-JacksonV5
202608232214223293,202608232010369419,202608232010368283,85,945,Bronze INV,br_AdmissionAssessmentDimensionOneDisorder,TASK_COMPLETE,SUCCESS,INFO,520,520,0,,2026-08-23T20:10:41.468Z,2026-08-23T22:16:21.732Z,7540,2026-08-23T22:16:21.732Z,V20,Paris,955211d4-28b8-44a0-8023-2bfaa48d6721,SAMMS-ParisV5
202608232214223295,202608232010369420,202608232010368283,85,946,Bronze INV,br_AdmissionAssessmentDimensionOneDisorder,TASK_COMPLETE,SUCCESS,INFO,365,365,0,,2026-08-23T20:10:41.468Z,2026-08-23T22:16:21.732Z,7540,2026-08-23T22:16:21.732Z,V21,Memphis North,955211d4-28b8-44a0-8023-2bfaa48d6721,SAMMS-RaleighV5
202608232214223296,202608232010369421,202608232010368283,85,949,Bronze INV,br_AdmissionAssessmentDimensionOneDisorder,TASK_COMPLETE,SUCCESS,INFO,724,724,0,,2026-08-23T20:10:41.468Z,2026-08-23T22:16:21.732Z,7540,2026-08-23T22:16:21.732Z,V5,West Bank,955211d4-28b8-44a0-8023-2bfaa48d6721,SAMMS-NONTCv5
202608232214223297,202608232010369422,202608232010368283,85,951,Bronze INV,br_AdmissionAssessmentDimensionOneDisorder,TASK_COMPLETE,SUCCESS,INFO,262,262,0,,2026-08-23T20:10:41.468Z,2026-08-23T22:16:21.732Z,7540,2026-08-23T22:16:21.732Z,V5B,Houma,955211d4-28b8-44a0-8023-2bfaa48d6721,SAMMS-HoumaV6
202608232214223298,202608232010369423,202608232010368283,85,952,Bronze INV,br_AdmissionAssessmentDimensionOneDisorder,TASK_COMPLETE,SUCCESS,INFO,982,982,0,,2026-08-23T20:10:41.468Z,2026-08-23T22:16:21.732Z,7540,2026-08-23T22:16:21.732Z,V6,Lake Charles,955211d4-28b8-44a0-8023-2bfaa48d6721,SAMMS-LCv5
202608232214223299,202608232010369424,202608232010368283,85,954,Bronze INV,br_AdmissionAssessmentDimensionOneDisorder,TASK_COMPLETE,SUCCESS,INFO,578,578,0,,2026-08-23T20:10:41.468Z,2026-08-23T22:16:21.732Z,7540,2026-08-23T22:16:21.732Z,V8,Memphis Midtown,955211d4-28b8-44a0-8023-2bfaa48d6721,SAMMS-VCPHCS-VIII-MemphisV5
202608232214223300,202608232010369425,202608232010368283,85,955,Bronze INV,br_AdmissionAssessmentDimensionOneDisorder,TASK_COMPLETE,SUCCESS,INFO,1623,1623,0,,2026-08-23T20:10:41.468Z,2026-08-23T22:16:21.732Z,7540,2026-08-23T22:16:21.732Z,V9,Nashville,955211d4-28b8-44a0-8023-2bfaa48d6721,SAMMS-NashvilleV5
202608232214223302,202608232010369426,202608232010368283,85,956,Bronze INV,br_AdmissionAssessmentDimensionOneDisorder,TASK_COMPLETE,SUCCESS,INFO,349,349,0,,2026-08-23T20:10:41.468Z,2026-08-23T22:16:21.732Z,7540,2026-08-23T22:16:21.732Z,VBRA,Brainerd,955211d4-28b8-44a0-8023-2bfaa48d6721,SAMMS-BrainerdV6
202608252121597225,202608251925575266,202608251925573776,85,775,Bronze INV,br_AdmissionAssessmentDimensionFour,TASK_COMPLETE,SUCCESS,INFO,571,571,0,,2026-08-25T19:26:03.177Z,2026-08-25T21:23:56.829Z,7073,2026-08-25T21:23:56.829Z,VMIN,Minneapolis,7eb7a049-5d17-4a23-bb2f-3b9c445afd32,SAMMS-MinneapolisV6
202608252121597226,202608251925575267,202608251925573776,85,776,Bronze INV,br_AdmissionAssessmentDimensionFour,TASK_COMPLETE,SUCCESS,INFO,1059,1059,0,,2026-08-25T19:26:03.177Z,2026-08-25T21:23:56.829Z,7073,2026-08-25T21:23:56.829Z,VWBY,Woodbury,7eb7a049-5d17-4a23-bb2f-3b9c445afd32,SAMMS-WoodburyV6
202608252121597227,202608251925575268,202608251925573776,85,778,Bronze INV,br_AdmissionAssessmentDimensionFour,TASK_COMPLETE,SUCCESS,INFO,428,428,0,,2026-08-25T19:26:03.177Z,2026-08-25T21:23:56.829Z,7073,2026-08-25T21:23:56.829Z,WIL,Wilson,7eb7a049-5d17-4a23-bb2f-3b9c445afd32,SAMMS-Wilson
202608252121597329,202608251925673781,202608251925673776,86,5724,Silver INV,sl_AdmissionAssessmentDimensionFour,TASK_COMPLETE,SUCCESS,INFO,50811,50811,0,,2026-08-25T19:26:03.177Z,2026-08-25T21:23:56.829Z,7073,2026-08-25T21:23:56.829Z,,,7eb7a049-5d17-4a23-bb2f-3b9c445afd32,
202608252121597259,202608251925574809,202608251925573776,85,782,Bronze INV,br_AdmissionAssessmentDimensionOneDisorder,TASK_COMPLETE,SUCCESS,INFO,115,115,0,,2026-08-25T19:26:03.177Z,2026-08-25T21:23:56.829Z,7073,2026-08-25T21:23:56.829Z,AHK,Ahoskie,7eb7a049-5d17-4a23-bb2f-3b9c445afd32,SAMMS-Ahoskie
202608252121597260,202608251925574810,202608251925573776,85,783,Bronze INV,br_AdmissionAssessmentDimensionOneDisorder,TASK_COMPLETE,SUCCESS,INFO,798,798,0,,2026-08-25T19:26:03.177Z,2026-08-25T21:23:56.829Z,7073,2026-08-25T21:23:56.829Z,B12B,Colorado Springs,7eb7a049-5d17-4a23-bb2f-3b9c445afd32,SAMMS-ColoradoSpringsV5
202608252121597261,202608251925574811,202608251925573776,85,784,Bronze INV,br_AdmissionAssessmentDimensionOneDisorder,TASK_COMPLETE,SUCCESS,INFO,432,432,0,,2026-08-25T19:26:03.177Z,2026-08-25T21:23:56.829Z,7073,2026-08-25T21:23:56.829Z,B24,Paintsville,7eb7a049-5d17-4a23-bb2f-3b9c445afd32,SAMMS-PaintsvilleV5
202608252121597263,202608251925574812,202608251925573776,85,785,Bronze INV,br_AdmissionAssessmentDimensionOneDisorder,TASK_COMPLETE,SUCCESS,INFO,174,174,0,,2026-08-25T19:26:03.177Z,2026-08-25T21:23:56.829Z,7073,2026-08-25T21:23:56.829Z,B25,Pikeville,7eb7a049-5d17-4a23-bb2f-3b9c445afd32,SAMMS-PikevilleV5
202608252121597264,202608251925574813,202608251925573776,85,786,Bronze INV,br_AdmissionAssessmentDimensionOneDisorder,TASK_COMPLETE,SUCCESS,INFO,500,500,0,,2026-08-25T19:26:03.177Z,2026-08-25T21:23:56.829Z,7073,2026-08-25T21:23:56.829Z,B26,Hazard,7eb7a049-5d17-4a23-bb2f-3b9c445afd32,SAMMS-HazardV5
202608252121597265,202608251925574814,202608251925573776,85,787,Bronze INV,br_AdmissionAssessmentDimensionOneDisorder,TASK_COMPLETE,SUCCESS,INFO,198,198,0,,2026-08-25T19:26:03.177Z,2026-08-25T21:23:56.829Z,7073,2026-08-25T21:23:56.829Z,B27,Savannah,7eb7a049-5d17-4a23-bb2f-3b9c445afd32,SAMMS-SavannahV6
202608252121597266,202608251925574815,202608251925573776,85,788,Bronze INV,br_AdmissionAssessmentDimensionOneDisorder,TASK_COMPLETE,SUCCESS,INFO,238,238,0,,2026-08-25T19:26:03.177Z,2026-08-25T21:23:56.829Z,7073,2026-08-25T21:23:56.829Z,B28,West Plains,7eb7a049-5d17-4a23-bb2f-3b9c445afd32,SAMMS-WestPlainesV5
202608252121597267,202608251925574816,202608251925573776,85,789,Bronze INV,br_AdmissionAssessmentDimensionOneDisorder,TASK_COMPLETE,SUCCESS,INFO,263,263,0,,2026-08-25T19:26:03.177Z,2026-08-25T21:23:56.829Z,7073,2026-08-25T21:23:56.829Z,B29,Poplar Bluff,7eb7a049-5d17-4a23-bb2f-3b9c445afd32,SAMMS-PoplarBluffV5
202608252121597268,202608251925574817,202608251925573776,85,790,Bronze INV,br_AdmissionAssessmentDimensionOneDisorder,TASK_COMPLETE,SUCCESS,INFO,166,166,0,,2026-08-25T19:26:03.177Z,2026-08-25T21:23:56.829Z,7073,2026-08-25T21:23:56.829Z,B30,KC North,7eb7a049-5d17-4a23-bb2f-3b9c445afd32,SAMMS-KCNv5
202608252121597270,202608251925574818,202608251925573776,85,791,Bronze INV,br_AdmissionAssessmentDimensionOneDisorder,TASK_COMPLETE,SUCCESS,INFO,382,382,0,,2026-08-25T19:26:03.177Z,2026-08-25T21:23:56.829Z,7073,2026-08-25T21:23:56.829Z,B31,Dyersburg,7eb7a049-5d17-4a23-bb2f-3b9c445afd32,SAMMS-DyersburgV5
202608252121597271,202608251925574819,202608251925573776,85,793,Bronze INV,br_AdmissionAssessmentDimensionOneDisorder,TASK_COMPLETE,SUCCESS,INFO,216,216,0,,2026-08-25T19:26:03.177Z,2026-08-25T21:23:56.829Z,7073,2026-08-25T21:23:56.829Z,B33,Paducah,7eb7a049-5d17-4a23-bb2f-3b9c445afd32,SAMMS-Paducah
202608252121597272,202608251925574820,202608251925573776,85,794,Bronze INV,br_AdmissionAssessmentDimensionOneDisorder,TASK_COMPLETE,SUCCESS,INFO,461,461,0,,2026-08-25T19:26:03.177Z,2026-08-25T21:23:56.829Z,7073,2026-08-25T21:23:56.829Z,B34,Corbin,7eb7a049-5d17-4a23-bb2f-3b9c445afd32,SAMMS-CorbinV5
202608252121597273,202608251925574821,202608251925573776,85,795,Bronze INV,br_AdmissionAssessmentDimensionOneDisorder,TASK_COMPLETE,SUCCESS,INFO,738,738,0,,2026-08-25T19:26:03.177Z,2026-08-25T21:23:56.829Z,7073,2026-08-25T21:23:56.829Z,B35,Lexington,7eb7a049-5d17-4a23-bb2f-3b9c445afd32,SAMMS-LexingtonV5
202608252121597274,202608251925574822,202608251925573776,85,796,Bronze INV,br_AdmissionAssessmentDimensionOneDisorder,TASK_COMPLETE,SUCCESS,INFO,354,354,0,,2026-08-25T19:26:03.177Z,2026-08-25T21:23:56.829Z,7073,2026-08-25T21:23:56.829Z,B35A,Berea,7eb7a049-5d17-4a23-bb2f-3b9c445afd32,SAMMS-BereaV5
202608252121597275,202608251925574823,202608251925573776,85,797,Bronze INV,br_AdmissionAssessmentDimensionOneDisorder,TASK_COMPLETE,SUCCESS,INFO,632,632,0,,2026-08-25T19:26:03.177Z,2026-08-25T21:23:56.829Z,7073,2026-08-25T21:23:56.829Z,B36,Asheville,7eb7a049-5d17-4a23-bb2f-3b9c445afd32,SAMMS-AshevilleV5
202608252121597277,202608251925574824,202608251925573776,85,798,Bronze INV,br_AdmissionAssessmentDimensionOneDisorder,TASK_COMPLETE,SUCCESS,INFO,469,469,0,,2026-08-25T19:26:03.177Z,2026-08-25T21:23:56.829Z,7073,2026-08-25T21:23:56.829Z,B37,Clyde,7eb7a049-5d17-4a23-bb2f-3b9c445afd32,SAMMS-ClydeV5
202608252121597278,202608251925574825,202608251925573776,85,799,Bronze INV,br_AdmissionAssessmentDimensionOneDisorder,TASK_COMPLETE,SUCCESS,INFO,642,642,0,,2026-08-25T19:26:03.177Z,2026-08-25T21:23:56.829Z,7073,2026-08-25T21:23:56.829Z,B38,Spartanburg,7eb7a049-5d17-4a23-bb2f-3b9c445afd32,SAMMS-SpartanburgV5
202608252121597279,202608251925574826,202608251925573776,85,800,Bronze INV,br_AdmissionAssessmentDimensionOneDisorder,TASK_COMPLETE,SUCCESS,INFO,492,492,0,,2026-08-25T19:26:03.177Z,2026-08-25T21:23:56.829Z,7073,2026-08-25T21:23:56.829Z,B39,Aiken,7eb7a049-5d17-4a23-bb2f-3b9c445afd32,SAMMS-AikenV5
202608252121597280,202608251925574827,202608251925573776,85,801,Bronze INV,br_AdmissionAssessmentDimensionOneDisorder,TASK_COMPLETE,SUCCESS,INFO,329,329,0,,2026-08-25T19:26:03.177Z,2026-08-25T21:23:56.829Z,7073,2026-08-25T21:23:56.829Z,B41,Chesapeake,7eb7a049-5d17-4a23-bb2f-3b9c445afd32,SAMMS-ChesapeakeV5
202608252121597281,202608251925574828,202608251925573776,85,802,Bronze INV,br_AdmissionAssessmentDimensionOneDisorder,TASK_COMPLETE,SUCCESS,INFO,562,562,0,,2026-08-25T19:26:03.177Z,2026-08-25T21:23:56.829Z,7073,2026-08-25T21:23:56.829Z,B42,Virginia Beach,7eb7a049-5d17-4a23-bb2f-3b9c445afd32,SAMMS-VirginiaBeachV5
202608252121597282,202608251925574829,202608251925573776,85,803,Bronze INV,br_AdmissionAssessmentDimensionOneDisorder,TASK_COMPLETE,SUCCESS,INFO,170,170,0,,2026-08-25T19:26:03.177Z,2026-08-25T21:23:56.829Z,7073,2026-08-25T21:23:56.829Z,B42A,Newport News,7eb7a049-5d17-4a23-bb2f-3b9c445afd32,SAMMS-NewportNewsV5
202608252121597284,202608251925574830,202608251925573776,85,804,Bronze INV,br_AdmissionAssessmentDimensionOneDisorder,TASK_COMPLETE,SUCCESS,INFO,61,61,0,,2026-08-25T19:26:03.177Z,2026-08-25T21:23:56.829Z,7073,2026-08-25T21:23:56.829Z,B42B,Franklin,7eb7a049-5d17-4a23-bb2f-3b9c445afd32,SAMMS-FranklinV5
202608252121597285,202608251925574831,202608251925573776,85,805,Bronze INV,br_AdmissionAssessmentDimensionOneDisorder,TASK_COMPLETE,SUCCESS,INFO,351,351,0,,2026-08-25T19:26:03.177Z,2026-08-25T21:23:56.829Z,7073,2026-08-25T21:23:56.829Z,B42C,Glen Allen,7eb7a049-5d17-4a23-bb2f-3b9c445afd32,SAMMS-GlenAllenV5
202608252121597286,202608251925574832,202608251925573776,85,806,Bronze INV,br_AdmissionAssessmentDimensionOneDisorder,TASK_COMPLETE,SUCCESS,INFO,174,174,0,,2026-08-25T19:26:03.177Z,2026-08-25T21:23:56.829Z,7073,2026-08-25T21:23:56.829Z,B42D,Chesapeake South,7eb7a049-5d17-4a23-bb2f-3b9c445afd32,SAMMS-ChesapeakeSouthV5
202608252121597287,202608251925574833,202608251925573776,85,807,Bronze INV,br_AdmissionAssessmentDimensionOneDisorder,TASK_COMPLETE,SUCCESS,INFO,216,216,0,,2026-08-25T19:26:03.177Z,2026-08-25T21:23:56.829Z,7073,2026-08-25T21:23:56.829Z,B44,Albany,7eb7a049-5d17-4a23-bb2f-3b9c445afd32,SAMMS-AlbanyV5
202608252121597288,202608251925574834,202608251925573776,85,808,Bronze INV,br_AdmissionAssessmentDimensionOneDisorder,TASK_COMPLETE,SUCCESS,INFO,312,312,0,,2026-08-25T19:26:03.177Z,2026-08-25T21:23:56.829Z,7073,2026-08-25T21:23:56.829Z,B45,Tifton,7eb7a049-5d17-4a23-bb2f-3b9c445afd32,SAMMS-TiftonV5
202608252121597289,202608251925574835,202608251925573776,85,809,Bronze INV,br_AdmissionAssessmentDimensionOneDisorder,TASK_COMPLETE,SUCCESS,INFO,701,701,0,,2026-08-25T19:26:03.177Z,2026-08-25T21:23:56.829Z,7073,2026-08-25T21:23:56.829Z,B46,Washington DC,7eb7a049-5d17-4a23-bb2f-3b9c445afd32,SAMMS-WashingtonDCv5
202608252121597290,202608251925574836,202608251925573776,85,810,Bronze INV,br_AdmissionAssessmentDimensionOneDisorder,TASK_COMPLETE,SUCCESS,INFO,391,391,0,,2026-08-25T19:26:03.177Z,2026-08-25T21:23:56.829Z,7073,2026-08-25T21:23:56.829Z,B47,Mobile,7eb7a049-5d17-4a23-bb2f-3b9c445afd32,SAMMS-MobileV5
202608252121597292,202608251925574837,202608251925573776,85,811,Bronze INV,br_AdmissionAssessmentDimensionOneDisorder,TASK_COMPLETE,SUCCESS,INFO,476,476,0,,2026-08-25T19:26:03.177Z,2026-08-25T21:23:56.829Z,7073,2026-08-25T21:23:56.829Z,B48,Tuscaloosa,7eb7a049-5d17-4a23-bb2f-3b9c445afd32,SAMMS-TuscaloosaV5
202608252121597293,202608251925574838,202608251925573776,85,820,Bronze INV,br_AdmissionAssessmentDimensionOneDisorder,TASK_COMPLETE,SUCCESS,INFO,321,321,0,,2026-08-25T19:26:03.177Z,2026-08-25T21:23:56.829Z,7073,2026-08-25T21:23:56.829Z,B51,N. Little Rock (OTP),7eb7a049-5d17-4a23-bb2f-3b9c445afd32,SAMMS-NorthLittleRockV6
202608252121597294,202608251925574839,202608251925573776,85,821,Bronze INV,br_AdmissionAssessmentDimensionOneDisorder,TASK_COMPLETE,SUCCESS,INFO,164,164,0,,2026-08-25T19:26:03.177Z,2026-08-25T21:23:56.829Z,7073,2026-08-25T21:23:56.829Z,B52,Jackson GA,7eb7a049-5d17-4a23-bb2f-3b9c445afd32,SAMMS-JacksonGAV5
202608252121597295,202608251925574840,202608251925573776,85,822,Bronze INV,br_AdmissionAssessmentDimensionOneDisorder,TASK_COMPLETE,SUCCESS,INFO,504,504,0,,2026-08-25T19:26:03.177Z,2026-08-25T21:23:56.829Z,7073,2026-08-25T21:23:56.829Z,B54,Gadsden,7eb7a049-5d17-4a23-bb2f-3b9c445afd32,SAMMS-GadsdenV5
202608252121597296,202608251925574841,202608251925573776,85,823,Bronze INV,br_AdmissionAssessmentDimensionOneDisorder,TASK_COMPLETE,SUCCESS,INFO,515,515,0,,2026-08-25T19:26:03.177Z,2026-08-25T21:23:56.829Z,7073,2026-08-25T21:23:56.829Z,B55,Shoals,7eb7a049-5d17-4a23-bb2f-3b9c445afd32,SAMMS-ShoalsV5
202608252121597297,202608251925574842,202608251925573776,85,824,Bronze INV,br_AdmissionAssessmentDimensionOneDisorder,TASK_COMPLETE,SUCCESS,INFO,178,178,0,,2026-08-25T19:26:03.177Z,2026-08-25T21:23:56.829Z,7073,2026-08-25T21:23:56.829Z,B57,Pawtucket,7eb7a049-5d17-4a23-bb2f-3b9c445afd32,SAMMS-Pawtucket
202608252121597299,202608251925574843,202608251925573776,85,825,Bronze INV,br_AdmissionAssessmentDimensionOneDisorder,TASK_COMPLETE,SUCCESS,INFO,176,176,0,,2026-08-25T19:26:03.177Z,2026-08-25T21:23:56.829Z,7073,2026-08-25T21:23:56.829Z,B57A,Johnston,7eb7a049-5d17-4a23-bb2f-3b9c445afd32,SAMMS-Johnston
202608252121597300,202608251925574844,202608251925573776,85,826,Bronze INV,br_AdmissionAssessmentDimensionOneDisorder,TASK_COMPLETE,SUCCESS,INFO,100,100,0,,2026-08-25T19:26:03.177Z,2026-08-25T21:23:56.829Z,7073,2026-08-25T21:23:56.829Z,B57B,Middletown,7eb7a049-5d17-4a23-bb2f-3b9c445afd32,SAMMS-Middletown
202608252121597301,202608251925574845,202608251925573776,85,827,Bronze INV,br_AdmissionAssessmentDimensionOneDisorder,TASK_COMPLETE,SUCCESS,INFO,188,188,0,,2026-08-25T19:26:03.177Z,2026-08-25T21:23:56.829Z,7073,2026-08-25T21:23:56.829Z,B57C,Providence,7eb7a049-5d17-4a23-bb2f-3b9c445afd32,SAMMS-Providence
202608252121597302,202608251925574846,202608251925573776,85,828,Bronze INV,br_AdmissionAssessmentDimensionOneDisorder,TASK_COMPLETE,SUCCESS,INFO,265,265,0,,2026-08-25T19:26:03.177Z,2026-08-25T21:23:56.829Z,7073,2026-08-25T21:23:56.829Z,B57D,Westerly,7eb7a049-5d17-4a23-bb2f-3b9c445afd32,SAMMS-Westerly
202608252121597303,202608251925574847,202608251925573776,85,832,Bronze INV,br_AdmissionAssessmentDimensionOneDisorder,TASK_COMPLETE,SUCCESS,INFO,372,372,0,,2026-08-25T19:26:03.177Z,2026-08-25T21:23:56.829Z,7073,2026-08-25T21:23:56.829Z,B66A,Bremen,7eb7a049-5d17-4a23-bb2f-3b9c445afd32,SAMMS-Bremen
202608252121597304,202608251925574848,202608251925573776,85,835,Bronze INV,br_AdmissionAssessmentDimensionOneDisorder,TASK_COMPLETE,SUCCESS,INFO,41,41,0,,2026-08-25T19:26:03.177Z,2026-08-25T21:23:56.829Z,7073,2026-08-25T21:23:56.829Z,B72,Mobile (OBOT),7eb7a049-5d17-4a23-bb2f-3b9c445afd32,SAMMS-Mobile-OBOT
202608252121597306,202608251925574849,202608251925573776,85,836,Bronze INV,br_AdmissionAssessmentDimensionOneDisorder,TASK_COMPLETE,SUCCESS,INFO,4,4,0,,2026-08-25T19:26:03.177Z,2026-08-25T21:23:56.829Z,7073,2026-08-25T21:23:56.829Z,B73,Montgomery,7eb7a049-5d17-4a23-bb2f-3b9c445afd32,SAMMS-Montgomery
202608252121597307,202608251925574850,202608251925573776,85,837,Bronze INV,br_AdmissionAssessmentDimensionOneDisorder,TASK_COMPLETE,SUCCESS,INFO,341,341,0,,2026-08-25T19:26:03.177Z,2026-08-25T21:23:56.829Z,7073,2026-08-25T21:23:56.829Z,B75,Lawrence,7eb7a049-5d17-4a23-bb2f-3b9c445afd32,SAMMS-LawrenceV6
202608252121597308,202608251925574851,202608251925573776,85,838,Bronze INV,br_AdmissionAssessmentDimensionOneDisorder,TASK_COMPLETE,SUCCESS,INFO,54,54,0,,2026-08-25T19:26:03.177Z,2026-08-25T21:23:56.829Z,7073,2026-08-25T21:23:56.829Z,B76,Huntsville OBOT,7eb7a049-5d17-4a23-bb2f-3b9c445afd32,SAMMS-Huntsville-OBOT
202608252121597309,202608251925574852,202608251925573776,85,839,Bronze INV,br_AdmissionAssessmentDimensionOneDisorder,TASK_COMPLETE,SUCCESS,INFO,304,304,0,,2026-08-25T19:26:03.177Z,2026-08-25T21:23:56.829Z,7073,2026-08-25T21:23:56.829Z,BAT,Batesville,7eb7a049-5d17-4a23-bb2f-3b9c445afd32,SAMMS-Batesville
202608252121597310,202608251925574853,202608251925573776,85,840,Bronze INV,br_AdmissionAssessmentDimensionOneDisorder,TASK_COMPLETE,SUCCESS,INFO,245,245,0,,2026-08-25T19:26:03.177Z,2026-08-25T21:23:56.829Z,7073,2026-08-25T21:23:56.829Z,BG,Bowling Green,7eb7a049-5d17-4a23-bb2f-3b9c445afd32,SAMMS-BowlingGreen
202608252121597311,202608251925574854,202608251925573776,85,841,Bronze INV,br_AdmissionAssessmentDimensionOneDisorder,TASK_COMPLETE,SUCCESS,INFO,232,232,0,,2026-08-25T19:26:03.177Z,2026-08-25T21:23:56.829Z,7073,2026-08-25T21:23:56.829Z,BOI,Boise,7eb7a049-5d17-4a23-bb2f-3b9c445afd32,SAMMS-Boise
202608252121597313,202608251925574855,202608251925573776,85,848,Bronze INV,br_AdmissionAssessmentDimensionOneDisorder,TASK_COMPLETE,SUCCESS,INFO,307,307,0,,2026-08-25T19:26:03.177Z,2026-08-25T21:23:56.829Z,7073,2026-08-25T21:23:56.829Z,CBCO,Coeur dAlene,7eb7a049-5d17-4a23-bb2f-3b9c445afd32,SAMMS-CoeurdAleneV6
202608252121597314,202608251925574856,202608251925573776,85,867,Bronze INV,br_AdmissionAssessmentDimensionOneDisorder,TASK_COMPLETE,SUCCESS,INFO,344,344,0,,2026-08-25T19:26:03.177Z,2026-08-25T21:23:56.829Z,7073,2026-08-25T21:23:56.829Z,CON,Conway,7eb7a049-5d17-4a23-bb2f-3b9c445afd32,SAMMS-Conway
202608252121597315,202608251925574857,202608251925573776,85,868,Bronze INV,br_AdmissionAssessmentDimensionOneDisorder,TASK_COMPLETE,SUCCESS,INFO,1630,1630,0,,2026-08-25T19:26:03.177Z,2026-08-25T21:23:56.829Z,7073,2026-08-25T21:23:56.829Z,D07,Medical Services Knox TN,7eb7a049-5d17-4a23-bb2f-3b9c445afd32,SAMMS-KnoxvilleV6
202608252121597316,202608251925574858,202608251925573776,85,869,Bronze INV,br_AdmissionAssessmentDimensionOneDisorder,TASK_COMPLETE,SUCCESS,INFO,1034,1034,0,,2026-08-25T19:26:03.177Z,2026-08-25T21:23:56.829Z,7073,2026-08-25T21:23:56.829Z,D08,Madison,7eb7a049-5d17-4a23-bb2f-3b9c445afd32,SAMMS-MadisonV6
202608252121597317,202608251925574859,202608251925573776,85,871,Bronze INV,br_AdmissionAssessmentDimensionOneDisorder,TASK_COMPLETE,SUCCESS,INFO,982,982,0,,2026-08-25T19:26:03.177Z,2026-08-25T21:23:56.829Z,7073,2026-08-25T21:23:56.829Z,D09,Murfreesboro,7eb7a049-5d17-4a23-bb2f-3b9c445afd32,SAMMS-MurfreesboroV6
202608252121597318,202608251925574860,202608251925573776,85,872,Bronze INV,br_AdmissionAssessmentDimensionOneDisorder,TASK_COMPLETE,SUCCESS,INFO,229,229,0,,2026-08-25T19:26:03.177Z,2026-08-25T21:23:56.829Z,7073,2026-08-25T21:23:56.829Z,DA,Davenport,7eb7a049-5d17-4a23-bb2f-3b9c445afd32,SAMMS-Davenport
202608252121597320,202608251925574861,202608251925573776,85,873,Bronze INV,br_AdmissionAssessmentDimensionOneDisorder,TASK_COMPLETE,SUCCESS,INFO,363,363,0,,2026-08-25T19:26:03.177Z,2026-08-25T21:23:56.829Z,7073,2026-08-25T21:23:56.829Z,DM,Des Moines,7eb7a049-5d17-4a23-bb2f-3b9c445afd32,SAMMS-DesMoines
202608252121597321,202608251925574862,202608251925573776,85,875,Bronze INV,br_AdmissionAssessmentDimensionOneDisorder,TASK_COMPLETE,SUCCESS,INFO,497,497,0,,2026-08-25T19:26:03.177Z,2026-08-25T21:23:56.829Z,7073,2026-08-25T21:23:56.829Z,DRD-CO,Columbia MO,7eb7a049-5d17-4a23-bb2f-3b9c445afd32,SAMMS-ColumbiaV5
202608252121597322,202608251925574863,202608251925573776,85,876,Bronze INV,br_AdmissionAssessmentDimensionOneDisorder,TASK_COMPLETE,SUCCESS,INFO,614,614,0,,2026-08-25T19:26:03.177Z,2026-08-25T21:23:56.829Z,7073,2026-08-25T21:23:56.829Z,DRD-KC,KC,7eb7a049-5d17-4a23-bb2f-3b9c445afd32,SAMMS-KCv5
202608252121597323,202608251925574864,202608251925573776,85,877,Bronze INV,br_AdmissionAssessmentDimensionOneDisorder,TASK_COMPLETE,SUCCESS,INFO,986,986,0,,2026-08-25T19:26:03.177Z,2026-08-25T21:23:56.829Z,7073,2026-08-25T21:23:56.829Z,DRD-KVB,KVB,7eb7a049-5d17-4a23-bb2f-3b9c445afd32,SAMMS-KVBv5
202608252121597324,202608251925574865,202608251925573776,85,878,Bronze INV,br_AdmissionAssessmentDimensionOneDisorder,TASK_COMPLETE,SUCCESS,INFO,1602,1602,0,,2026-08-25T19:26:03.177Z,2026-08-25T21:23:56.829Z,7073,2026-08-25T21:23:56.829Z,DRD-KVC,KVC,7eb7a049-5d17-4a23-bb2f-3b9c445afd32,SAMMS-KVCv5
202608252121597325,202608251925574866,202608251925573776,85,879,Bronze INV,br_AdmissionAssessmentDimensionOneDisorder,TASK_COMPLETE,SUCCESS,INFO,1273,1273,0,,2026-08-25T19:26:03.177Z,2026-08-25T21:23:56.829Z,7073,2026-08-25T21:23:56.829Z,DRD-NOLA,NOLA,7eb7a049-5d17-4a23-bb2f-3b9c445afd32,SAMMS-NOLAv5
202608252121597327,202608251925574867,202608251925573776,85,880,Bronze INV,br_AdmissionAssessmentDimensionOneDisorder,TASK_COMPLETE,SUCCESS,INFO,775,775,0,,2026-08-25T19:26:03.177Z,2026-08-25T21:23:56.829Z,7073,2026-08-25T21:23:56.829Z,DRD-SF,Springfield,7eb7a049-5d17-4a23-bb2f-3b9c445afd32,SAMMS-SFv5
202608252121597328,202608251925574868,202608251925573776,85,882,Bronze INV,br_AdmissionAssessmentDimensionOneDisorder,TASK_COMPLETE,SUCCESS,INFO,275,275,0,,2026-08-25T19:26:03.177Z,2026-08-25T21:23:56.829Z,7073,2026-08-25T21:23:56.829Z,ELC,Elizabeth City,7eb7a049-5d17-4a23-bb2f-3b9c445afd32,SAMMS-ElizabethCity
202608252121597329,202608251925574869,202608251925573776,85,883,Bronze INV,br_AdmissionAssessmentDimensionOneDisorder,TASK_COMPLETE,SUCCESS,INFO,283,283,0,,2026-08-25T19:26:03.177Z,2026-08-25T21:23:56.829Z,7073,2026-08-25T21:23:56.829Z,ET,Elizabethtown,7eb7a049-5d17-4a23-bb2f-3b9c445afd32,SAMMS-Elizabethtown
202608252121597330,202608251925574870,202608251925573776,85,884,Bronze INV,br_AdmissionAssessmentDimensionOneDisorder,TASK_COMPLETE,SUCCESS,INFO,235,235,0,,2026-08-25T19:26:03.177Z,2026-08-25T21:23:56.829Z,7073,2026-08-25T21:23:56.829Z,FAY,Fayetteville,7eb7a049-5d17-4a23-bb2f-3b9c445afd32,SAMMS-Fayetteville
202608252121597331,202608251925574871,202608251925573776,85,885,Bronze INV,br_AdmissionAssessmentDimensionOneDisorder,TASK_COMPLETE,SUCCESS,INFO,185,185,0,,2026-08-25T19:26:03.177Z,2026-08-25T21:23:56.829Z,7073,2026-08-25T21:23:56.829Z,FR,Frankfort,7eb7a049-5d17-4a23-bb2f-3b9c445afd32,SAMMS-Frankfort
202608252121597332,202608251925574872,202608251925573776,85,886,Bronze INV,br_AdmissionAssessmentDimensionOneDisorder,TASK_COMPLETE,SUCCESS,INFO,288,288,0,,2026-08-25T19:26:03.177Z,2026-08-25T21:23:56.829Z,7073,2026-08-25T21:23:56.829Z,FS,Fort Smith,7eb7a049-5d17-4a23-bb2f-3b9c445afd32,SAMMS-FortSmith
202608252121597333,202608251925574873,202608251925573776,85,887,Bronze INV,br_AdmissionAssessmentDimensionOneDisorder,TASK_COMPLETE,SUCCESS,INFO,684,684,0,,2026-08-25T19:26:03.177Z,2026-08-25T21:23:56.829Z,7073,2026-08-25T21:23:56.829Z,FW,Fort Wayne,7eb7a049-5d17-4a23-bb2f-3b9c445afd32,SAMMS-FortWayne
202608252121597335,202608251925574874,202608251925573776,85,888,Bronze INV,br_AdmissionAssessmentDimensionOneDisorder,TASK_COMPLETE,SUCCESS,INFO,123,123,0,,2026-08-25T19:26:03.177Z,2026-08-25T21:23:56.829Z,7073,2026-08-25T21:23:56.829Z,GAL,Gaylord,7eb7a049-5d17-4a23-bb2f-3b9c445afd32,SAMMS-Gaylord
202608252121597336,202608251925574875,202608251925573776,85,892,Bronze INV,br_AdmissionAssessmentDimensionOneDisorder,TASK_COMPLETE,SUCCESS,INFO,630,630,0,,2026-08-25T19:26:03.177Z,2026-08-25T21:23:56.829Z,7073,2026-08-25T21:23:56.829Z,HGT,Hagerstown,7eb7a049-5d17-4a23-bb2f-3b9c445afd32,SAMMS-Hagerstown
202608252121597337,202608251925574876,202608251925573776,85,893,Bronze INV,br_AdmissionAssessmentDimensionOneDisorder,TASK_COMPLETE,SUCCESS,INFO,487,487,0,,2026-08-25T19:26:03.177Z,2026-08-25T21:23:56.829Z,7073,2026-08-25T21:23:56.829Z,HNT,Huntsville,7eb7a049-5d17-4a23-bb2f-3b9c445afd32,SAMMS-Huntsville
202608252121597338,202608251925574877,202608251925573776,85,894,Bronze INV,br_AdmissionAssessmentDimensionOneDisorder,TASK_COMPLETE,SUCCESS,INFO,356,356,0,,2026-08-25T19:26:03.177Z,2026-08-25T21:23:56.829Z,7073,2026-08-25T21:23:56.829Z,HS,Hot Springs,7eb7a049-5d17-4a23-bb2f-3b9c445afd32,SAMMS-HotSprings
202608252121597339,202608251925574878,202608251925573776,85,895,Bronze INV,br_AdmissionAssessmentDimensionOneDisorder,TASK_COMPLETE,SUCCESS,INFO,267,267,0,,2026-08-25T19:26:03.177Z,2026-08-25T21:23:56.829Z,7073,2026-08-25T21:23:56.829Z,JON,Jonesboro,7eb7a049-5d17-4a23-bb2f-3b9c445afd32,SAMMS-Jonesboro
202608252121597340,202608251925574879,202608251925573776,85,897,Bronze INV,br_AdmissionAssessmentDimensionOneDisorder,TASK_COMPLETE,SUCCESS,INFO,195,195,0,,2026-08-25T19:26:03.177Z,2026-08-25T21:23:56.829Z,7073,2026-08-25T21:23:56.829Z,LAN,Lansing,7eb7a049-5d17-4a23-bb2f-3b9c445afd32,SAMMS-Lansing
202608252121597342,202608251925574880,202608251925573776,85,898,Bronze INV,br_AdmissionAssessmentDimensionOneDisorder,TASK_COMPLETE,SUCCESS,INFO,447,447,0,,2026-08-25T19:26:03.177Z,2026-08-25T21:23:56.829Z,7073,2026-08-25T21:23:56.829Z,LO,Louisville,7eb7a049-5d17-4a23-bb2f-3b9c445afd32,SAMMS-Louisville
202608252121597343,202608251925574881,202608251925573776,85,899,Bronze INV,br_AdmissionAssessmentDimensionOneDisorder,TASK_COMPLETE,SUCCESS,INFO,1222,1222,0,,2026-08-25T19:26:03.177Z,2026-08-25T21:23:56.829Z,7073,2026-08-25T21:23:56.829Z,LV1,Cheyenne,7eb7a049-5d17-4a23-bb2f-3b9c445afd32,SAMMS-Cheyenne
202608252121597344,202608251925574882,202608251925573776,85,900,Bronze INV,br_AdmissionAssessmentDimensionOneDisorder,TASK_COMPLETE,SUCCESS,INFO,965,965,0,,2026-08-25T19:26:03.177Z,2026-08-25T21:23:56.829Z,7073,2026-08-25T21:23:56.829Z,LV2,Desert Inn,7eb7a049-5d17-4a23-bb2f-3b9c445afd32,SAMMS-DesertInn
202608252121597345,202608251925574883,202608251925573776,85,901,Bronze INV,br_AdmissionAssessmentDimensionOneDisorder,TASK_COMPLETE,SUCCESS,INFO,322,322,0,,2026-08-25T19:26:03.177Z,2026-08-25T21:23:56.829Z,7073,2026-08-25T21:23:56.829Z,LV3,McDaniel,7eb7a049-5d17-4a23-bb2f-3b9c445afd32,SAMMS-McDaniel
202608252121597346,202608251925574884,202608251925573776,85,904,Bronze INV,br_AdmissionAssessmentDimensionOneDisorder,TASK_COMPLETE,SUCCESS,INFO,278,278,0,,2026-08-25T19:26:03.177Z,2026-08-25T21:23:56.829Z,7073,2026-08-25T21:23:56.829Z,MNRE,Monroe,7eb7a049-5d17-4a23-bb2f-3b9c445afd32,SAMMS-Monroe
202608252121597347,202608251925574885,202608251925573776,85,905,Bronze INV,br_AdmissionAssessmentDimensionOneDisorder,TASK_COMPLETE,SUCCESS,INFO,193,193,0,,2026-08-25T19:26:03.177Z,2026-08-25T21:23:56.829Z,7073,2026-08-25T21:23:56.829Z,MP,Mt. Pleasant,7eb7a049-5d17-4a23-bb2f-3b9c445afd32,SAMMS-MtPleasant
202608252121597349,202608251925574886,202608251925573776,85,906,Bronze INV,br_AdmissionAssessmentDimensionOneDisorder,TASK_COMPLETE,SUCCESS,INFO,173,173,0,,2026-08-25T19:26:03.177Z,2026-08-25T21:23:56.829Z,7073,2026-08-25T21:23:56.829Z,MRD,Meridian,7eb7a049-5d17-4a23-bb2f-3b9c445afd32,SAMMS-Meridian
202608252121597350,202608251925574887,202608251925573776,85,911,Bronze INV,br_AdmissionAssessmentDimensionOneDisorder,TASK_COMPLETE,SUCCESS,INFO,638,638,0,,2026-08-25T19:26:03.177Z,2026-08-25T21:23:56.829Z,7073,2026-08-25T21:23:56.829Z,NC,North Charleston,7eb7a049-5d17-4a23-bb2f-3b9c445afd32,SAMMS-NorthCharleston
202608252121597351,202608251925574888,202608251925573776,85,912,Bronze INV,br_AdmissionAssessmentDimensionOneDisorder,TASK_COMPLETE,SUCCESS,INFO,574,574,0,,2026-08-25T19:26:03.177Z,2026-08-25T21:23:56.829Z,7073,2026-08-25T21:23:56.829Z,NLR,N. Little Rock,7eb7a049-5d17-4a23-bb2f-3b9c445afd32,SAMMS-NLROBOT
202608252121597352,202608251925574889,202608251925573776,85,913,Bronze INV,br_AdmissionAssessmentDimensionOneDisorder,TASK_COMPLETE,SUCCESS,INFO,245,245,0,,2026-08-25T19:26:03.177Z,2026-08-25T21:23:56.829Z,7073,2026-08-25T21:23:56.829Z,PH,Phoenix,7eb7a049-5d17-4a23-bb2f-3b9c445afd32,SAMMS-Phoenix
202608252121597353,202608251925574890,202608251925573776,85,917,Bronze INV,br_AdmissionAssessmentDimensionOneDisorder,TASK_COMPLETE,SUCCESS,INFO,423,423,0,,2026-08-25T19:26:03.177Z,2026-08-25T21:23:56.829Z,7073,2026-08-25T21:23:56.829Z,RE,Reno,7eb7a049-5d17-4a23-bb2f-3b9c445afd32,SAMMS-Reno
202608252121597354,202608251925574891,202608251925573776,85,918,Bronze INV,br_AdmissionAssessmentDimensionOneDisorder,TASK_COMPLETE,SUCCESS,INFO,402,402,0,,2026-08-25T19:26:03.177Z,2026-08-25T21:23:56.829Z,7073,2026-08-25T21:23:56.829Z,RMD,Richmond,7eb7a049-5d17-4a23-bb2f-3b9c445afd32,SAMMS-Richmond
202608252121597356,202608251925574892,202608251925573776,85,919,Bronze INV,br_AdmissionAssessmentDimensionOneDisorder,TASK_COMPLETE,SUCCESS,INFO,504,504,0,,2026-08-25T19:26:03.177Z,2026-08-25T21:23:56.829Z,7073,2026-08-25T21:23:56.829Z,SFN,Springfield North,7eb7a049-5d17-4a23-bb2f-3b9c445afd32,SAMMS-SFNv5
202608252121597357,202608251925574893,202608251925573776,85,920,Bronze INV,br_AdmissionAssessmentDimensionOneDisorder,TASK_COMPLETE,SUCCESS,INFO,462,462,0,,2026-08-25T19:26:03.177Z,2026-08-25T21:23:56.829Z,7073,2026-08-25T21:23:56.829Z,SHP,Shreveport,7eb7a049-5d17-4a23-bb2f-3b9c445afd32,SAMMS-Shreveport
202608252121597358,202608251925574894,202608251925573776,85,922,Bronze INV,br_AdmissionAssessmentDimensionOneDisorder,TASK_COMPLETE,SUCCESS,INFO,86,86,0,,2026-08-25T19:26:03.177Z,2026-08-25T21:23:56.829Z,7073,2026-08-25T21:23:56.829Z,STN,Staunton,7eb7a049-5d17-4a23-bb2f-3b9c445afd32,SAMMS-Staunton
202608252121597359,202608251925574895,202608251925573776,85,923,Bronze INV,br_AdmissionAssessmentDimensionOneDisorder,TASK_COMPLETE,SUCCESS,INFO,56,56,0,,2026-08-25T19:26:03.177Z,2026-08-25T21:23:56.829Z,7073,2026-08-25T21:23:56.829Z,STVN,Stevenson,7eb7a049-5d17-4a23-bb2f-3b9c445afd32,SAMMS-Stevenson
202608252121597360,202608251925574896,202608251925573776,85,925,Bronze INV,br_AdmissionAssessmentDimensionOneDisorder,TASK_COMPLETE,SUCCESS,INFO,76,76,0,,2026-08-25T19:26:03.177Z,2026-08-25T21:23:56.829Z,7073,2026-08-25T21:23:56.829Z,TE,Tempe,7eb7a049-5d17-4a23-bb2f-3b9c445afd32,SAMMS-Tempe
202608252121597361,202608251925574897,202608251925573776,85,926,Bronze INV,br_AdmissionAssessmentDimensionOneDisorder,TASK_COMPLETE,SUCCESS,INFO,370,370,0,,2026-08-25T19:26:03.177Z,2026-08-25T21:23:56.829Z,7073,2026-08-25T21:23:56.829Z,TEX,Texarkana,7eb7a049-5d17-4a23-bb2f-3b9c445afd32,SAMMS-Texarkana
202608252121597362,202608251925574898,202608251925573776,85,927,Bronze INV,br_AdmissionAssessmentDimensionOneDisorder,TASK_COMPLETE,SUCCESS,INFO,453,453,0,,2026-08-25T19:26:03.177Z,2026-08-25T21:23:56.829Z,7073,2026-08-25T21:23:56.829Z,TTCA,Bessemer,7eb7a049-5d17-4a23-bb2f-3b9c445afd32,SAMMS-BessemerV5
202608252121597364,202608251925574899,202608251925573776,85,928,Bronze INV,br_AdmissionAssessmentDimensionOneDisorder,TASK_COMPLETE,SUCCESS,INFO,555,555,0,,2026-08-25T19:26:03.177Z,2026-08-25T21:23:56.829Z,7073,2026-08-25T21:23:56.829Z,TTCB,Cullman,7eb7a049-5d17-4a23-bb2f-3b9c445afd32,SAMMS-CullmanV5
202608252121597365,202608251925574900,202608251925573776,85,929,Bronze INV,br_AdmissionAssessmentDimensionOneDisorder,TASK_COMPLETE,SUCCESS,INFO,363,363,0,,2026-08-25T19:26:03.177Z,2026-08-25T21:23:56.829Z,7073,2026-08-25T21:23:56.829Z,TTCC,Grand Bay,7eb7a049-5d17-4a23-bb2f-3b9c445afd32,SAMMS-GrandBay
202608252121597366,202608251925574901,202608251925573776,85,930,Bronze INV,br_AdmissionAssessmentDimensionOneDisorder,TASK_COMPLETE,SUCCESS,INFO,24,24,0,,2026-08-25T19:26:03.177Z,2026-08-25T21:23:56.829Z,7073,2026-08-25T21:23:56.829Z,TU,Tucson,7eb7a049-5d17-4a23-bb2f-3b9c445afd32,SAMMS-Tucson
202608252121597367,202608251925574902,202608251925573776,85,932,Bronze INV,br_AdmissionAssessmentDimensionOneDisorder,TASK_COMPLETE,SUCCESS,INFO,265,265,0,,2026-08-25T19:26:03.177Z,2026-08-25T21:23:56.829Z,7073,2026-08-25T21:23:56.829Z,V1,Memphis South,7eb7a049-5d17-4a23-bb2f-3b9c445afd32,SAMMS-VCPHCS-I-MemphisV5
202608252121597368,202608251925574903,202608251925573776,85,933,Bronze INV,br_AdmissionAssessmentDimensionOneDisorder,TASK_COMPLETE,SUCCESS,INFO,706,706,0,,2026-08-25T19:26:03.177Z,2026-08-25T21:23:56.829Z,7073,2026-08-25T21:23:56.829Z,V10,Longmont,7eb7a049-5d17-4a23-bb2f-3b9c445afd32,SAMMS-BoulderV5
202608252121597369,202608251925574904,202608251925573776,85,934,Bronze INV,br_AdmissionAssessmentDimensionOneDisorder,TASK_COMPLETE,SUCCESS,INFO,1205,1205,0,,2026-08-25T19:26:03.177Z,2026-08-25T21:23:56.829Z,7073,2026-08-25T21:23:56.829Z,V10A,Fort Collins,7eb7a049-5d17-4a23-bb2f-3b9c445afd32,SAMMS-FortCollinsV5
202608252121597371,202608251925574905,202608251925573776,85,935,Bronze INV,br_AdmissionAssessmentDimensionOneDisorder,TASK_COMPLETE,SUCCESS,INFO,1048,1048,0,,2026-08-25T19:26:03.177Z,2026-08-25T21:23:56.829Z,7073,2026-08-25T21:23:56.829Z,V11,Westminster,7eb7a049-5d17-4a23-bb2f-3b9c445afd32,SAMMS-VCPHCS-XI-NorthDenverV5
202608252121597372,202608251925574906,202608251925573776,85,936,Bronze INV,br_AdmissionAssessmentDimensionOneDisorder,TASK_COMPLETE,SUCCESS,INFO,1111,1111,0,,2026-08-25T19:26:03.177Z,2026-08-25T21:23:56.829Z,7073,2026-08-25T21:23:56.829Z,V12,Downtown Denver,7eb7a049-5d17-4a23-bb2f-3b9c445afd32,SAMMS-VCPHCS-XII-DowntownDenverV5
202608252121597373,202608251925574907,202608251925573776,85,937,Bronze INV,br_AdmissionAssessmentDimensionOneDisorder,TASK_COMPLETE,SUCCESS,INFO,501,501,0,,2026-08-25T19:26:03.177Z,2026-08-25T21:23:56.829Z,7073,2026-08-25T21:23:56.829Z,V12A,Centennial,7eb7a049-5d17-4a23-bb2f-3b9c445afd32,SAMMS-CentennialV5
202608252121597374,202608251925574908,202608251925573776,85,938,Bronze INV,br_AdmissionAssessmentDimensionOneDisorder,TASK_COMPLETE,SUCCESS,INFO,315,315,0,,2026-08-25T19:26:03.177Z,2026-08-25T21:23:56.829Z,7073,2026-08-25T21:23:56.829Z,V14,Overland Park,7eb7a049-5d17-4a23-bb2f-3b9c445afd32,SAMMS-VCPHCS-XIV-BridgewayV5
202608252121597375,202608251925574909,202608251925573776,85,939,Bronze INV,br_AdmissionAssessmentDimensionOneDisorder,TASK_COMPLETE,SUCCESS,INFO,570,570,0,,2026-08-25T19:26:03.177Z,2026-08-25T21:23:56.829Z,7073,2026-08-25T21:23:56.829Z,V15,Joplin,7eb7a049-5d17-4a23-bb2f-3b9c445afd32,SAMMS-JoplinV5
202608252121597376,202608251925574910,202608251925573776,85,941,Bronze INV,br_AdmissionAssessmentDimensionOneDisorder,TASK_COMPLETE,SUCCESS,INFO,488,488,0,,2026-08-25T19:26:03.177Z,2026-08-25T21:23:56.829Z,7073,2026-08-25T21:23:56.829Z,V17,Columbia TN,7eb7a049-5d17-4a23-bb2f-3b9c445afd32,SAMMS-ColumbiaTNv5
202608252121597378,202608251925574911,202608251925573776,85,943,Bronze INV,br_AdmissionAssessmentDimensionOneDisorder,TASK_COMPLETE,SUCCESS,INFO,437,437,0,,2026-08-25T19:26:03.177Z,2026-08-25T21:23:56.829Z,7073,2026-08-25T21:23:56.829Z,V19,Jackson,7eb7a049-5d17-4a23-bb2f-3b9c445afd32,SAMMS-JacksonV5
202608252121597379,202608251925574912,202608251925573776,85,945,Bronze INV,br_AdmissionAssessmentDimensionOneDisorder,TASK_COMPLETE,SUCCESS,INFO,521,521,0,,2026-08-25T19:26:03.177Z,2026-08-25T21:23:56.829Z,7073,2026-08-25T21:23:56.829Z,V20,Paris,7eb7a049-5d17-4a23-bb2f-3b9c445afd32,SAMMS-ParisV5
202608252121597380,202608251925574913,202608251925573776,85,946,Bronze INV,br_AdmissionAssessmentDimensionOneDisorder,TASK_COMPLETE,SUCCESS,INFO,365,365,0,,2026-08-25T19:26:03.177Z,2026-08-25T21:23:56.829Z,7073,2026-08-25T21:23:56.829Z,V21,Memphis North,7eb7a049-5d17-4a23-bb2f-3b9c445afd32,SAMMS-RaleighV5
202608252121597381,202608251925574914,202608251925573776,85,949,Bronze INV,br_AdmissionAssessmentDimensionOneDisorder,TASK_COMPLETE,SUCCESS,INFO,724,724,0,,2026-08-25T19:26:03.177Z,2026-08-25T21:23:56.829Z,7073,2026-08-25T21:23:56.829Z,V5,West Bank,7eb7a049-5d17-4a23-bb2f-3b9c445afd32,SAMMS-NONTCv5
202608252121597382,202608251925574915,202608251925573776,85,951,Bronze INV,br_AdmissionAssessmentDimensionOneDisorder,TASK_COMPLETE,SUCCESS,INFO,262,262,0,,2026-08-25T19:26:03.177Z,2026-08-25T21:23:56.829Z,7073,2026-08-25T21:23:56.829Z,V5B,Houma,7eb7a049-5d17-4a23-bb2f-3b9c445afd32,SAMMS-HoumaV6
202608252121597383,202608251925574916,202608251925573776,85,952,Bronze INV,br_AdmissionAssessmentDimensionOneDisorder,TASK_COMPLETE,SUCCESS,INFO,982,982,0,,2026-08-25T19:26:03.177Z,2026-08-25T21:23:56.829Z,7073,2026-08-25T21:23:56.829Z,V6,Lake Charles,7eb7a049-5d17-4a23-bb2f-3b9c445afd32,SAMMS-LCv5
202608252121597384,202608251925574917,202608251925573776,85,954,Bronze INV,br_AdmissionAssessmentDimensionOneDisorder,TASK_COMPLETE,SUCCESS,INFO,580,580,0,,2026-08-25T19:26:03.177Z,2026-08-25T21:23:56.829Z,7073,2026-08-25T21:23:56.829Z,V8,Memphis Midtown,7eb7a049-5d17-4a23-bb2f-3b9c445afd32,SAMMS-VCPHCS-VIII-MemphisV5
202608252121597386,202608251925574918,202608251925573776,85,955,Bronze INV,br_AdmissionAssessmentDimensionOneDisorder,TASK_COMPLETE,SUCCESS,INFO,1625,1625,0,,2026-08-25T19:26:03.177Z,2026-08-25T21:23:56.829Z,7073,2026-08-25T21:23:56.829Z,V9,Nashville,7eb7a049-5d17-4a23-bb2f-3b9c445afd32,SAMMS-NashvilleV5
202608252121597387,202608251925574919,202608251925573776,85,956,Bronze INV,br_AdmissionAssessmentDimensionOneDisorder,TASK_COMPLETE,SUCCESS,INFO,349,349,0,,2026-08-25T19:26:03.177Z,2026-08-25T21:23:56.829Z,7073,2026-08-25T21:23:56.829Z,VBRA,Brainerd,7eb7a049-5d17-4a23-bb2f-3b9c445afd32,SAMMS-BrainerdV6
202608262209457325,202608261955299654,202608261955298282,85,1323,Bronze INV,br_AdmissionAssessmentDimensionThree,TASK_COMPLETE,SUCCESS,INFO,1576,1576,0,,2026-08-26T19:55:35.047Z,2026-08-26T22:11:39.517Z,8164,2026-08-26T22:11:39.517Z,V9,Nashville,20846baf-2fe5-403c-85d4-31520e88a3ce,SAMMS-NashvilleV5
202608262209457326,202608261955299655,202608261955298282,85,1324,Bronze INV,br_AdmissionAssessmentDimensionThree,TASK_COMPLETE,SUCCESS,INFO,332,332,0,,2026-08-26T19:55:35.047Z,2026-08-26T22:11:39.517Z,8164,2026-08-26T22:11:39.517Z,VBRA,Brainerd,20846baf-2fe5-403c-85d4-31520e88a3ce,SAMMS-BrainerdV6
202608262209457327,202608261955299656,202608261955298282,85,1325,Bronze INV,br_AdmissionAssessmentDimensionThree,TASK_COMPLETE,SUCCESS,INFO,593,593,0,,2026-08-26T19:55:35.047Z,2026-08-26T22:11:39.517Z,8164,2026-08-26T22:11:39.517Z,VBRP,Brooklyn Park,20846baf-2fe5-403c-85d4-31520e88a3ce,SAMMS-BrooklynParkV6
202608262209457328,202608261955299657,202608261955298282,85,1327,Bronze INV,br_AdmissionAssessmentDimensionThree,TASK_COMPLETE,SUCCESS,INFO,577,577,0,,2026-08-26T19:55:35.047Z,2026-08-26T22:11:39.517Z,8164,2026-08-26T22:11:39.517Z,VMIN,Minneapolis,20846baf-2fe5-403c-85d4-31520e88a3ce,SAMMS-MinneapolisV6
202608262209457330,202608261955299658,202608261955298282,85,1328,Bronze INV,br_AdmissionAssessmentDimensionThree,TASK_COMPLETE,SUCCESS,INFO,1067,1067,0,,2026-08-26T19:55:35.047Z,2026-08-26T22:11:39.517Z,8164,2026-08-26T22:11:39.517Z,VWBY,Woodbury,20846baf-2fe5-403c-85d4-31520e88a3ce,SAMMS-WoodburyV6
202608262209457331,202608261955299659,202608261955298282,85,1330,Bronze INV,br_AdmissionAssessmentDimensionThree,TASK_COMPLETE,SUCCESS,INFO,429,429,0,,2026-08-26T19:55:35.047Z,2026-08-26T22:11:39.517Z,8164,2026-08-26T22:11:39.517Z,WIL,Wilson,20846baf-2fe5-403c-85d4-31520e88a3ce,SAMMS-Wilson
202608262209457432,202608261955398286,202608261955398282,86,5723,Silver INV,sl_AdmissionAssessmentDimensionThree,TASK_COMPLETE,SUCCESS,INFO,51191,51191,0,,2026-08-26T19:55:35.047Z,2026-08-26T22:11:39.517Z,8164,2026-08-26T22:11:39.517Z,,,20846baf-2fe5-403c-85d4-31520e88a3ce,
202608262209457349,202608261955299430,202608261955298282,85,1334,Bronze INV,br_AdmissionAssessmentDimensionTwo,TASK_COMPLETE,SUCCESS,INFO,100,100,0,,2026-08-26T19:55:35.047Z,2026-08-26T22:11:39.517Z,8164,2026-08-26T22:11:39.517Z,AHK,Ahoskie,20846baf-2fe5-403c-85d4-31520e88a3ce,SAMMS-Ahoskie
202608262209457350,202608261955299431,202608261955298282,85,1335,Bronze INV,br_AdmissionAssessmentDimensionTwo,TASK_COMPLETE,SUCCESS,INFO,785,785,0,,2026-08-26T19:55:35.047Z,2026-08-26T22:11:39.517Z,8164,2026-08-26T22:11:39.517Z,B12B,Colorado Springs,20846baf-2fe5-403c-85d4-31520e88a3ce,SAMMS-ColoradoSpringsV5
202608262209457352,202608261955299432,202608261955298282,85,1336,Bronze INV,br_AdmissionAssessmentDimensionTwo,TASK_COMPLETE,SUCCESS,INFO,415,415,0,,2026-08-26T19:55:35.047Z,2026-08-26T22:11:39.517Z,8164,2026-08-26T22:11:39.517Z,B24,Paintsville,20846baf-2fe5-403c-85d4-31520e88a3ce,SAMMS-PaintsvilleV5
202608262209457353,202608261955299433,202608261955298282,85,1337,Bronze INV,br_AdmissionAssessmentDimensionTwo,TASK_COMPLETE,SUCCESS,INFO,172,172,0,,2026-08-26T19:55:35.047Z,2026-08-26T22:11:39.517Z,8164,2026-08-26T22:11:39.517Z,B25,Pikeville,20846baf-2fe5-403c-85d4-31520e88a3ce,SAMMS-PikevilleV5
202608262209457354,202608261955299434,202608261955298282,85,1338,Bronze INV,br_AdmissionAssessmentDimensionTwo,TASK_COMPLETE,SUCCESS,INFO,496,496,0,,2026-08-26T19:55:35.047Z,2026-08-26T22:11:39.517Z,8164,2026-08-26T22:11:39.517Z,B26,Hazard,20846baf-2fe5-403c-85d4-31520e88a3ce,SAMMS-HazardV5
202608262209457355,202608261955299435,202608261955298282,85,1339,Bronze INV,br_AdmissionAssessmentDimensionTwo,TASK_COMPLETE,SUCCESS,INFO,188,188,0,,2026-08-26T19:55:35.047Z,2026-08-26T22:11:39.517Z,8164,2026-08-26T22:11:39.517Z,B27,Savannah,20846baf-2fe5-403c-85d4-31520e88a3ce,SAMMS-SavannahV6
202608262209457356,202608261955299436,202608261955298282,85,1340,Bronze INV,br_AdmissionAssessmentDimensionTwo,TASK_COMPLETE,SUCCESS,INFO,234,234,0,,2026-08-26T19:55:35.047Z,2026-08-26T22:11:39.517Z,8164,2026-08-26T22:11:39.517Z,B28,West Plains,20846baf-2fe5-403c-85d4-31520e88a3ce,SAMMS-WestPlainesV5
202608262209457357,202608261955299437,202608261955298282,85,1341,Bronze INV,br_AdmissionAssessmentDimensionTwo,TASK_COMPLETE,SUCCESS,INFO,260,260,0,,2026-08-26T19:55:35.047Z,2026-08-26T22:11:39.517Z,8164,2026-08-26T22:11:39.517Z,B29,Poplar Bluff,20846baf-2fe5-403c-85d4-31520e88a3ce,SAMMS-PoplarBluffV5
202608262209457358,202608261955299438,202608261955298282,85,1342,Bronze INV,br_AdmissionAssessmentDimensionTwo,TASK_COMPLETE,SUCCESS,INFO,146,146,0,,2026-08-26T19:55:35.047Z,2026-08-26T22:11:39.517Z,8164,2026-08-26T22:11:39.517Z,B30,KC North,20846baf-2fe5-403c-85d4-31520e88a3ce,SAMMS-KCNv5
202608262209457359,202608261955299439,202608261955298282,85,1343,Bronze INV,br_AdmissionAssessmentDimensionTwo,TASK_COMPLETE,SUCCESS,INFO,347,347,0,,2026-08-26T19:55:35.047Z,2026-08-26T22:11:39.517Z,8164,2026-08-26T22:11:39.517Z,B31,Dyersburg,20846baf-2fe5-403c-85d4-31520e88a3ce,SAMMS-DyersburgV5
202608262209457361,202608261955299440,202608261955298282,85,1345,Bronze INV,br_AdmissionAssessmentDimensionTwo,TASK_COMPLETE,SUCCESS,INFO,213,213,0,,2026-08-26T19:55:35.047Z,2026-08-26T22:11:39.517Z,8164,2026-08-26T22:11:39.517Z,B33,Paducah,20846baf-2fe5-403c-85d4-31520e88a3ce,SAMMS-Paducah
202608262209457362,202608261955299441,202608261955298282,85,1346,Bronze INV,br_AdmissionAssessmentDimensionTwo,TASK_COMPLETE,SUCCESS,INFO,449,449,0,,2026-08-26T19:55:35.047Z,2026-08-26T22:11:39.517Z,8164,2026-08-26T22:11:39.517Z,B34,Corbin,20846baf-2fe5-403c-85d4-31520e88a3ce,SAMMS-CorbinV5
202608262209457363,202608261955299442,202608261955298282,85,1347,Bronze INV,br_AdmissionAssessmentDimensionTwo,TASK_COMPLETE,SUCCESS,INFO,719,719,0,,2026-08-26T19:55:35.047Z,2026-08-26T22:11:39.517Z,8164,2026-08-26T22:11:39.517Z,B35,Lexington,20846baf-2fe5-403c-85d4-31520e88a3ce,SAMMS-LexingtonV5
202608262209457364,202608261955299443,202608261955298282,85,1348,Bronze INV,br_AdmissionAssessmentDimensionTwo,TASK_COMPLETE,SUCCESS,INFO,345,345,0,,2026-08-26T19:55:35.047Z,2026-08-26T22:11:39.517Z,8164,2026-08-26T22:11:39.517Z,B35A,Berea,20846baf-2fe5-403c-85d4-31520e88a3ce,SAMMS-BereaV5
202608262209457365,202608261955299444,202608261955298282,85,1349,Bronze INV,br_AdmissionAssessmentDimensionTwo,TASK_COMPLETE,SUCCESS,INFO,610,610,0,,2026-08-26T19:55:35.047Z,2026-08-26T22:11:39.517Z,8164,2026-08-26T22:11:39.517Z,B36,Asheville,20846baf-2fe5-403c-85d4-31520e88a3ce,SAMMS-AshevilleV5
202608262209457366,202608261955299445,202608261955298282,85,1350,Bronze INV,br_AdmissionAssessmentDimensionTwo,TASK_COMPLETE,SUCCESS,INFO,452,452,0,,2026-08-26T19:55:35.047Z,2026-08-26T22:11:39.517Z,8164,2026-08-26T22:11:39.517Z,B37,Clyde,20846baf-2fe5-403c-85d4-31520e88a3ce,SAMMS-ClydeV5
202608262209457367,202608261955299446,202608261955298282,85,1351,Bronze INV,br_AdmissionAssessmentDimensionTwo,TASK_COMPLETE,SUCCESS,INFO,633,633,0,,2026-08-26T19:55:35.047Z,2026-08-26T22:11:39.517Z,8164,2026-08-26T22:11:39.517Z,B38,Spartanburg,20846baf-2fe5-403c-85d4-31520e88a3ce,SAMMS-SpartanburgV5
202608262209457368,202608261955299447,202608261955298282,85,1352,Bronze INV,br_AdmissionAssessmentDimensionTwo,TASK_COMPLETE,SUCCESS,INFO,484,484,0,,2026-08-26T19:55:35.047Z,2026-08-26T22:11:39.517Z,8164,2026-08-26T22:11:39.517Z,B39,Aiken,20846baf-2fe5-403c-85d4-31520e88a3ce,SAMMS-AikenV5
202608262209457369,202608261955299448,202608261955298282,85,1353,Bronze INV,br_AdmissionAssessmentDimensionTwo,TASK_COMPLETE,SUCCESS,INFO,301,301,0,,2026-08-26T19:55:35.047Z,2026-08-26T22:11:39.517Z,8164,2026-08-26T22:11:39.517Z,B41,Chesapeake,20846baf-2fe5-403c-85d4-31520e88a3ce,SAMMS-ChesapeakeV5
202608262209457370,202608261955299449,202608261955298282,85,1354,Bronze INV,br_AdmissionAssessmentDimensionTwo,TASK_COMPLETE,SUCCESS,INFO,540,540,0,,2026-08-26T19:55:35.047Z,2026-08-26T22:11:39.517Z,8164,2026-08-26T22:11:39.517Z,B42,Virginia Beach,20846baf-2fe5-403c-85d4-31520e88a3ce,SAMMS-VirginiaBeachV5
202608262209457372,202608261955299450,202608261955298282,85,1355,Bronze INV,br_AdmissionAssessmentDimensionTwo,TASK_COMPLETE,SUCCESS,INFO,168,168,0,,2026-08-26T19:55:35.047Z,2026-08-26T22:11:39.517Z,8164,2026-08-26T22:11:39.517Z,B42A,Newport News,20846baf-2fe5-403c-85d4-31520e88a3ce,SAMMS-NewportNewsV5
202608262209457373,202608261955299451,202608261955298282,85,1356,Bronze INV,br_AdmissionAssessmentDimensionTwo,TASK_COMPLETE,SUCCESS,INFO,57,57,0,,2026-08-26T19:55:35.047Z,2026-08-26T22:11:39.517Z,8164,2026-08-26T22:11:39.517Z,B42B,Franklin,20846baf-2fe5-403c-85d4-31520e88a3ce,SAMMS-FranklinV5
202608262209457374,202608261955299452,202608261955298282,85,1357,Bronze INV,br_AdmissionAssessmentDimensionTwo,TASK_COMPLETE,SUCCESS,INFO,340,340,0,,2026-08-26T19:55:35.047Z,2026-08-26T22:11:39.517Z,8164,2026-08-26T22:11:39.517Z,B42C,Glen Allen,20846baf-2fe5-403c-85d4-31520e88a3ce,SAMMS-GlenAllenV5
202608262209457375,202608261955299453,202608261955298282,85,1358,Bronze INV,br_AdmissionAssessmentDimensionTwo,TASK_COMPLETE,SUCCESS,INFO,176,176,0,,2026-08-26T19:55:35.047Z,2026-08-26T22:11:39.517Z,8164,2026-08-26T22:11:39.517Z,B42D,Chesapeake South,20846baf-2fe5-403c-85d4-31520e88a3ce,SAMMS-ChesapeakeSouthV5
202608262209457376,202608261955299454,202608261955298282,85,1359,Bronze INV,br_AdmissionAssessmentDimensionTwo,TASK_COMPLETE,SUCCESS,INFO,209,209,0,,2026-08-26T19:55:35.047Z,2026-08-26T22:11:39.517Z,8164,2026-08-26T22:11:39.517Z,B44,Albany,20846baf-2fe5-403c-85d4-31520e88a3ce,SAMMS-AlbanyV5
202608262209457377,202608261955299455,202608261955298282,85,1360,Bronze INV,br_AdmissionAssessmentDimensionTwo,TASK_COMPLETE,SUCCESS,INFO,306,306,0,,2026-08-26T19:55:35.047Z,2026-08-26T22:11:39.517Z,8164,2026-08-26T22:11:39.517Z,B45,Tifton,20846baf-2fe5-403c-85d4-31520e88a3ce,SAMMS-TiftonV5
202608262209457379,202608261955299456,202608261955298282,85,1361,Bronze INV,br_AdmissionAssessmentDimensionTwo,TASK_COMPLETE,SUCCESS,INFO,665,665,0,,2026-08-26T19:55:35.047Z,2026-08-26T22:11:39.517Z,8164,2026-08-26T22:11:39.517Z,B46,Washington DC,20846baf-2fe5-403c-85d4-31520e88a3ce,SAMMS-WashingtonDCv5
202608262209457380,202608261955299457,202608261955298282,85,1362,Bronze INV,br_AdmissionAssessmentDimensionTwo,TASK_COMPLETE,SUCCESS,INFO,361,361,0,,2026-08-26T19:55:35.047Z,2026-08-26T22:11:39.517Z,8164,2026-08-26T22:11:39.517Z,B47,Mobile,20846baf-2fe5-403c-85d4-31520e88a3ce,SAMMS-MobileV5
202608262209457381,202608261955299458,202608261955298282,85,1363,Bronze INV,br_AdmissionAssessmentDimensionTwo,TASK_COMPLETE,SUCCESS,INFO,448,448,0,,2026-08-26T19:55:35.047Z,2026-08-26T22:11:39.517Z,8164,2026-08-26T22:11:39.517Z,B48,Tuscaloosa,20846baf-2fe5-403c-85d4-31520e88a3ce,SAMMS-TuscaloosaV5
202608262209457382,202608261955299459,202608261955298282,85,1372,Bronze INV,br_AdmissionAssessmentDimensionTwo,TASK_COMPLETE,SUCCESS,INFO,314,314,0,,2026-08-26T19:55:35.047Z,2026-08-26T22:11:39.517Z,8164,2026-08-26T22:11:39.517Z,B51,N. Little Rock (OTP),20846baf-2fe5-403c-85d4-31520e88a3ce,SAMMS-NorthLittleRockV6
202608262209457383,202608261955299460,202608261955298282,85,1373,Bronze INV,br_AdmissionAssessmentDimensionTwo,TASK_COMPLETE,SUCCESS,INFO,160,160,0,,2026-08-26T19:55:35.047Z,2026-08-26T22:11:39.517Z,8164,2026-08-26T22:11:39.517Z,B52,Jackson GA,20846baf-2fe5-403c-85d4-31520e88a3ce,SAMMS-JacksonGAV5
202608262209457384,202608261955299461,202608261955298282,85,1374,Bronze INV,br_AdmissionAssessmentDimensionTwo,TASK_COMPLETE,SUCCESS,INFO,478,478,0,,2026-08-26T19:55:35.047Z,2026-08-26T22:11:39.517Z,8164,2026-08-26T22:11:39.517Z,B54,Gadsden,20846baf-2fe5-403c-85d4-31520e88a3ce,SAMMS-GadsdenV5
202608262209457385,202608261955299462,202608261955298282,85,1375,Bronze INV,br_AdmissionAssessmentDimensionTwo,TASK_COMPLETE,SUCCESS,INFO,491,491,0,,2026-08-26T19:55:35.047Z,2026-08-26T22:11:39.517Z,8164,2026-08-26T22:11:39.517Z,B55,Shoals,20846baf-2fe5-403c-85d4-31520e88a3ce,SAMMS-ShoalsV5
202608262209457386,202608261955299463,202608261955298282,85,1376,Bronze INV,br_AdmissionAssessmentDimensionTwo,TASK_COMPLETE,SUCCESS,INFO,174,174,0,,2026-08-26T19:55:35.047Z,2026-08-26T22:11:39.517Z,8164,2026-08-26T22:11:39.517Z,B57,Pawtucket,20846baf-2fe5-403c-85d4-31520e88a3ce,SAMMS-Pawtucket
202608262209457387,202608261955299464,202608261955298282,85,1377,Bronze INV,br_AdmissionAssessmentDimensionTwo,TASK_COMPLETE,SUCCESS,INFO,172,172,0,,2026-08-26T19:55:35.047Z,2026-08-26T22:11:39.517Z,8164,2026-08-26T22:11:39.517Z,B57A,Johnston,20846baf-2fe5-403c-85d4-31520e88a3ce,SAMMS-Johnston
202608262209457388,202608261955299465,202608261955298282,85,1378,Bronze INV,br_AdmissionAssessmentDimensionTwo,TASK_COMPLETE,SUCCESS,INFO,92,92,0,,2026-08-26T19:55:35.047Z,2026-08-26T22:11:39.517Z,8164,2026-08-26T22:11:39.517Z,B57B,Middletown,20846baf-2fe5-403c-85d4-31520e88a3ce,SAMMS-Middletown
202608262209457390,202608261955299466,202608261955298282,85,1379,Bronze INV,br_AdmissionAssessmentDimensionTwo,TASK_COMPLETE,SUCCESS,INFO,182,182,0,,2026-08-26T19:55:35.047Z,2026-08-26T22:11:39.517Z,8164,2026-08-26T22:11:39.517Z,B57C,Providence,20846baf-2fe5-403c-85d4-31520e88a3ce,SAMMS-Providence
202608262209457391,202608261955299467,202608261955298282,85,1380,Bronze INV,br_AdmissionAssessmentDimensionTwo,TASK_COMPLETE,SUCCESS,INFO,258,258,0,,2026-08-26T19:55:35.047Z,2026-08-26T22:11:39.517Z,8164,2026-08-26T22:11:39.517Z,B57D,Westerly,20846baf-2fe5-403c-85d4-31520e88a3ce,SAMMS-Westerly
202608262209457392,202608261955299468,202608261955298282,85,1384,Bronze INV,br_AdmissionAssessmentDimensionTwo,TASK_COMPLETE,SUCCESS,INFO,364,364,0,,2026-08-26T19:55:35.047Z,2026-08-26T22:11:39.517Z,8164,2026-08-26T22:11:39.517Z,B66A,Bremen,20846baf-2fe5-403c-85d4-31520e88a3ce,SAMMS-Bremen
202608262209457393,202608261955299469,202608261955298282,85,1387,Bronze INV,br_AdmissionAssessmentDimensionTwo,TASK_COMPLETE,SUCCESS,INFO,16,16,0,,2026-08-26T19:55:35.047Z,2026-08-26T22:11:39.517Z,8164,2026-08-26T22:11:39.517Z,B72,Mobile (OBOT),20846baf-2fe5-403c-85d4-31520e88a3ce,SAMMS-Mobile-OBOT
202608262209457394,202608261955299470,202608261955298282,85,1388,Bronze INV,br_AdmissionAssessmentDimensionTwo,TASK_COMPLETE,SUCCESS,INFO,5,5,0,,2026-08-26T19:55:35.047Z,2026-08-26T22:11:39.517Z,8164,2026-08-26T22:11:39.517Z,B73,Montgomery,20846baf-2fe5-403c-85d4-31520e88a3ce,SAMMS-Montgomery
202608262209457395,202608261955299471,202608261955298282,85,1389,Bronze INV,br_AdmissionAssessmentDimensionTwo,TASK_COMPLETE,SUCCESS,INFO,323,323,0,,2026-08-26T19:55:35.047Z,2026-08-26T22:11:39.517Z,8164,2026-08-26T22:11:39.517Z,B75,Lawrence,20846baf-2fe5-403c-85d4-31520e88a3ce,SAMMS-LawrenceV6
202608262209457396,202608261955299472,202608261955298282,85,1390,Bronze INV,br_AdmissionAssessmentDimensionTwo,TASK_COMPLETE,SUCCESS,INFO,51,51,0,,2026-08-26T19:55:35.047Z,2026-08-26T22:11:39.517Z,8164,2026-08-26T22:11:39.517Z,B76,Huntsville OBOT,20846baf-2fe5-403c-85d4-31520e88a3ce,SAMMS-Huntsville-OBOT
202608262209457397,202608261955299473,202608261955298282,85,1391,Bronze INV,br_AdmissionAssessmentDimensionTwo,TASK_COMPLETE,SUCCESS,INFO,301,301,0,,2026-08-26T19:55:35.047Z,2026-08-26T22:11:39.517Z,8164,2026-08-26T22:11:39.517Z,BAT,Batesville,20846baf-2fe5-403c-85d4-31520e88a3ce,SAMMS-Batesville
202608262209457398,202608261955299474,202608261955298282,85,1392,Bronze INV,br_AdmissionAssessmentDimensionTwo,TASK_COMPLETE,SUCCESS,INFO,238,238,0,,2026-08-26T19:55:35.047Z,2026-08-26T22:11:39.517Z,8164,2026-08-26T22:11:39.517Z,BG,Bowling Green,20846baf-2fe5-403c-85d4-31520e88a3ce,SAMMS-BowlingGreen
202608262209457400,202608261955299475,202608261955298282,85,1393,Bronze INV,br_AdmissionAssessmentDimensionTwo,TASK_COMPLETE,SUCCESS,INFO,221,221,0,,2026-08-26T19:55:35.047Z,2026-08-26T22:11:39.517Z,8164,2026-08-26T22:11:39.517Z,BOI,Boise,20846baf-2fe5-403c-85d4-31520e88a3ce,SAMMS-Boise
202608262209457401,202608261955299476,202608261955298282,85,1400,Bronze INV,br_AdmissionAssessmentDimensionTwo,TASK_COMPLETE,SUCCESS,INFO,286,286,0,,2026-08-26T19:55:35.047Z,2026-08-26T22:11:39.517Z,8164,2026-08-26T22:11:39.517Z,CBCO,Coeur dAlene,20846baf-2fe5-403c-85d4-31520e88a3ce,SAMMS-CoeurdAleneV6
202608262209457402,202608261955299477,202608261955298282,85,1419,Bronze INV,br_AdmissionAssessmentDimensionTwo,TASK_COMPLETE,SUCCESS,INFO,302,302,0,,2026-08-26T19:55:35.047Z,2026-08-26T22:11:39.517Z,8164,2026-08-26T22:11:39.517Z,CON,Conway,20846baf-2fe5-403c-85d4-31520e88a3ce,SAMMS-Conway
202608262209457403,202608261955299478,202608261955298282,85,1420,Bronze INV,br_AdmissionAssessmentDimensionTwo,TASK_COMPLETE,SUCCESS,INFO,1569,1569,0,,2026-08-26T19:55:35.047Z,2026-08-26T22:11:39.517Z,8164,2026-08-26T22:11:39.517Z,D07,Medical Services Knox TN,20846baf-2fe5-403c-85d4-31520e88a3ce,SAMMS-KnoxvilleV6
202608262209457404,202608261955299479,202608261955298282,85,1421,Bronze INV,br_AdmissionAssessmentDimensionTwo,TASK_COMPLETE,SUCCESS,INFO,975,975,0,,2026-08-26T19:55:35.047Z,2026-08-26T22:11:39.517Z,8164,2026-08-26T22:11:39.517Z,D08,Madison,20846baf-2fe5-403c-85d4-31520e88a3ce,SAMMS-MadisonV6
202608262209457405,202608261955299480,202608261955298282,85,1423,Bronze INV,br_AdmissionAssessmentDimensionTwo,TASK_COMPLETE,SUCCESS,INFO,945,945,0,,2026-08-26T19:55:35.047Z,2026-08-26T22:11:39.517Z,8164,2026-08-26T22:11:39.517Z,D09,Murfreesboro,20846baf-2fe5-403c-85d4-31520e88a3ce,SAMMS-MurfreesboroV6
202608262209457406,202608261955299481,202608261955298282,85,1424,Bronze INV,br_AdmissionAssessmentDimensionTwo,TASK_COMPLETE,SUCCESS,INFO,219,219,0,,2026-08-26T19:55:35.047Z,2026-08-26T22:11:39.517Z,8164,2026-08-26T22:11:39.517Z,DA,Davenport,20846baf-2fe5-403c-85d4-31520e88a3ce,SAMMS-Davenport
202608262209457407,202608261955299482,202608261955298282,85,1425,Bronze INV,br_AdmissionAssessmentDimensionTwo,TASK_COMPLETE,SUCCESS,INFO,353,353,0,,2026-08-26T19:55:35.047Z,2026-08-26T22:11:39.517Z,8164,2026-08-26T22:11:39.517Z,DM,Des Moines,20846baf-2fe5-403c-85d4-31520e88a3ce,SAMMS-DesMoines
202608262209457408,202608261955299483,202608261955298282,85,1427,Bronze INV,br_AdmissionAssessmentDimensionTwo,TASK_COMPLETE,SUCCESS,INFO,479,479,0,,2026-08-26T19:55:35.047Z,2026-08-26T22:11:39.517Z,8164,2026-08-26T22:11:39.517Z,DRD-CO,Columbia MO,20846baf-2fe5-403c-85d4-31520e88a3ce,SAMMS-ColumbiaV5
202608262209457409,202608261955299484,202608261955298282,85,1428,Bronze INV,br_AdmissionAssessmentDimensionTwo,TASK_COMPLETE,SUCCESS,INFO,595,595,0,,2026-08-26T19:55:35.047Z,2026-08-26T22:11:39.517Z,8164,2026-08-26T22:11:39.517Z,DRD-KC,KC,20846baf-2fe5-403c-85d4-31520e88a3ce,SAMMS-KCv5
202608262209457411,202608261955299485,202608261955298282,85,1429,Bronze INV,br_AdmissionAssessmentDimensionTwo,TASK_COMPLETE,SUCCESS,INFO,950,950,0,,2026-08-26T19:55:35.047Z,2026-08-26T22:11:39.517Z,8164,2026-08-26T22:11:39.517Z,DRD-KVB,KVB,20846baf-2fe5-403c-85d4-31520e88a3ce,SAMMS-KVBv5
202608262209457412,202608261955299486,202608261955298282,85,1430,Bronze INV,br_AdmissionAssessmentDimensionTwo,TASK_COMPLETE,SUCCESS,INFO,1573,1573,0,,2026-08-26T19:55:35.047Z,2026-08-26T22:11:39.517Z,8164,2026-08-26T22:11:39.517Z,DRD-KVC,KVC,20846baf-2fe5-403c-85d4-31520e88a3ce,SAMMS-KVCv5
202608262209457413,202608261955299487,202608261955298282,85,1431,Bronze INV,br_AdmissionAssessmentDimensionTwo,TASK_COMPLETE,SUCCESS,INFO,1257,1257,0,,2026-08-26T19:55:35.047Z,2026-08-26T22:11:39.517Z,8164,2026-08-26T22:11:39.517Z,DRD-NOLA,NOLA,20846baf-2fe5-403c-85d4-31520e88a3ce,SAMMS-NOLAv5
202608262209457414,202608261955299488,202608261955298282,85,1432,Bronze INV,br_AdmissionAssessmentDimensionTwo,TASK_COMPLETE,SUCCESS,INFO,747,747,0,,2026-08-26T19:55:35.047Z,2026-08-26T22:11:39.517Z,8164,2026-08-26T22:11:39.517Z,DRD-SF,Springfield,20846baf-2fe5-403c-85d4-31520e88a3ce,SAMMS-SFv5
202608262209457415,202608261955299489,202608261955298282,85,1434,Bronze INV,br_AdmissionAssessmentDimensionTwo,TASK_COMPLETE,SUCCESS,INFO,254,254,0,,2026-08-26T19:55:35.047Z,2026-08-26T22:11:39.517Z,8164,2026-08-26T22:11:39.517Z,ELC,Elizabeth City,20846baf-2fe5-403c-85d4-31520e88a3ce,SAMMS-ElizabethCity
202608262209457416,202608261955299490,202608261955298282,85,1435,Bronze INV,br_AdmissionAssessmentDimensionTwo,TASK_COMPLETE,SUCCESS,INFO,264,264,0,,2026-08-26T19:55:35.047Z,2026-08-26T22:11:39.517Z,8164,2026-08-26T22:11:39.517Z,ET,Elizabethtown,20846baf-2fe5-403c-85d4-31520e88a3ce,SAMMS-Elizabethtown
202608262209457417,202608261955299491,202608261955298282,85,1436,Bronze INV,br_AdmissionAssessmentDimensionTwo,TASK_COMPLETE,SUCCESS,INFO,232,232,0,,2026-08-26T19:55:35.047Z,2026-08-26T22:11:39.517Z,8164,2026-08-26T22:11:39.517Z,FAY,Fayetteville,20846baf-2fe5-403c-85d4-31520e88a3ce,SAMMS-Fayetteville
202608262209457418,202608261955299492,202608261955298282,85,1437,Bronze INV,br_AdmissionAssessmentDimensionTwo,TASK_COMPLETE,SUCCESS,INFO,179,179,0,,2026-08-26T19:55:35.047Z,2026-08-26T22:11:39.517Z,8164,2026-08-26T22:11:39.517Z,FR,Frankfort,20846baf-2fe5-403c-85d4-31520e88a3ce,SAMMS-Frankfort
202608262209457419,202608261955299493,202608261955298282,85,1438,Bronze INV,br_AdmissionAssessmentDimensionTwo,TASK_COMPLETE,SUCCESS,INFO,280,280,0,,2026-08-26T19:55:35.047Z,2026-08-26T22:11:39.517Z,8164,2026-08-26T22:11:39.517Z,FS,Fort Smith,20846baf-2fe5-403c-85d4-31520e88a3ce,SAMMS-FortSmith
202608262209457420,202608261955299494,202608261955298282,85,1439,Bronze INV,br_AdmissionAssessmentDimensionTwo,TASK_COMPLETE,SUCCESS,INFO,680,680,0,,2026-08-26T19:55:35.047Z,2026-08-26T22:11:39.517Z,8164,2026-08-26T22:11:39.517Z,FW,Fort Wayne,20846baf-2fe5-403c-85d4-31520e88a3ce,SAMMS-FortWayne
202608262209457422,202608261955299495,202608261955298282,85,1440,Bronze INV,br_AdmissionAssessmentDimensionTwo,TASK_COMPLETE,SUCCESS,INFO,106,106,0,,2026-08-26T19:55:35.047Z,2026-08-26T22:11:39.517Z,8164,2026-08-26T22:11:39.517Z,GAL,Gaylord,20846baf-2fe5-403c-85d4-31520e88a3ce,SAMMS-Gaylord
202608262209457423,202608261955299496,202608261955298282,85,1444,Bronze INV,br_AdmissionAssessmentDimensionTwo,TASK_COMPLETE,SUCCESS,INFO,624,624,0,,2026-08-26T19:55:35.047Z,2026-08-26T22:11:39.517Z,8164,2026-08-26T22:11:39.517Z,HGT,Hagerstown,20846baf-2fe5-403c-85d4-31520e88a3ce,SAMMS-Hagerstown
202608262209457424,202608261955299497,202608261955298282,85,1445,Bronze INV,br_AdmissionAssessmentDimensionTwo,TASK_COMPLETE,SUCCESS,INFO,473,473,0,,2026-08-26T19:55:35.047Z,2026-08-26T22:11:39.517Z,8164,2026-08-26T22:11:39.517Z,HNT,Huntsville,20846baf-2fe5-403c-85d4-31520e88a3ce,SAMMS-Huntsville
202608262209457425,202608261955299498,202608261955298282,85,1446,Bronze INV,br_AdmissionAssessmentDimensionTwo,TASK_COMPLETE,SUCCESS,INFO,312,312,0,,2026-08-26T19:55:35.047Z,2026-08-26T22:11:39.517Z,8164,2026-08-26T22:11:39.517Z,HS,Hot Springs,20846baf-2fe5-403c-85d4-31520e88a3ce,SAMMS-HotSprings
202608262209457426,202608261955299499,202608261955298282,85,1447,Bronze INV,br_AdmissionAssessmentDimensionTwo,TASK_COMPLETE,SUCCESS,INFO,268,268,0,,2026-08-26T19:55:35.047Z,2026-08-26T22:11:39.517Z,8164,2026-08-26T22:11:39.517Z,JON,Jonesboro,20846baf-2fe5-403c-85d4-31520e88a3ce,SAMMS-Jonesboro
202608262209457427,202608261955299500,202608261955298282,85,1449,Bronze INV,br_AdmissionAssessmentDimensionTwo,TASK_COMPLETE,SUCCESS,INFO,155,155,0,,2026-08-26T19:55:35.047Z,2026-08-26T22:11:39.517Z,8164,2026-08-26T22:11:39.517Z,LAN,Lansing,20846baf-2fe5-403c-85d4-31520e88a3ce,SAMMS-Lansing
202608262209457428,202608261955299501,202608261955298282,85,1450,Bronze INV,br_AdmissionAssessmentDimensionTwo,TASK_COMPLETE,SUCCESS,INFO,429,429,0,,2026-08-26T19:55:35.047Z,2026-08-26T22:11:39.517Z,8164,2026-08-26T22:11:39.517Z,LO,Louisville,20846baf-2fe5-403c-85d4-31520e88a3ce,SAMMS-Louisville
202608262209457429,202608261955299502,202608261955298282,85,1451,Bronze INV,br_AdmissionAssessmentDimensionTwo,TASK_COMPLETE,SUCCESS,INFO,1170,1170,0,,2026-08-26T19:55:35.047Z,2026-08-26T22:11:39.517Z,8164,2026-08-26T22:11:39.517Z,LV1,Cheyenne,20846baf-2fe5-403c-85d4-31520e88a3ce,SAMMS-Cheyenne
202608262209457431,202608261955299503,202608261955298282,85,1452,Bronze INV,br_AdmissionAssessmentDimensionTwo,TASK_COMPLETE,SUCCESS,INFO,945,945,0,,2026-08-26T19:55:35.047Z,2026-08-26T22:11:39.517Z,8164,2026-08-26T22:11:39.517Z,LV2,Desert Inn,20846baf-2fe5-403c-85d4-31520e88a3ce,SAMMS-DesertInn
202608262209457432,202608261955299504,202608261955298282,85,1453,Bronze INV,br_AdmissionAssessmentDimensionTwo,TASK_COMPLETE,SUCCESS,INFO,311,311,0,,2026-08-26T19:55:35.047Z,2026-08-26T22:11:39.517Z,8164,2026-08-26T22:11:39.517Z,LV3,McDaniel,20846baf-2fe5-403c-85d4-31520e88a3ce,SAMMS-McDaniel
202608262209457433,202608261955299505,202608261955298282,85,1456,Bronze INV,br_AdmissionAssessmentDimensionTwo,TASK_COMPLETE,SUCCESS,INFO,271,271,0,,2026-08-26T19:55:35.047Z,2026-08-26T22:11:39.517Z,8164,2026-08-26T22:11:39.517Z,MNRE,Monroe,20846baf-2fe5-403c-85d4-31520e88a3ce,SAMMS-Monroe
202608262209457434,202608261955299506,202608261955298282,85,1457,Bronze INV,br_AdmissionAssessmentDimensionTwo,TASK_COMPLETE,SUCCESS,INFO,130,130,0,,2026-08-26T19:55:35.047Z,2026-08-26T22:11:39.517Z,8164,2026-08-26T22:11:39.517Z,MP,Mt. Pleasant,20846baf-2fe5-403c-85d4-31520e88a3ce,SAMMS-MtPleasant
202608262209457435,202608261955299507,202608261955298282,85,1458,Bronze INV,br_AdmissionAssessmentDimensionTwo,TASK_COMPLETE,SUCCESS,INFO,172,172,0,,2026-08-26T19:55:35.047Z,2026-08-26T22:11:39.517Z,8164,2026-08-26T22:11:39.517Z,MRD,Meridian,20846baf-2fe5-403c-85d4-31520e88a3ce,SAMMS-Meridian
202608262209457436,202608261955299508,202608261955298282,85,1463,Bronze INV,br_AdmissionAssessmentDimensionTwo,TASK_COMPLETE,SUCCESS,INFO,638,638,0,,2026-08-26T19:55:35.047Z,2026-08-26T22:11:39.517Z,8164,2026-08-26T22:11:39.517Z,NC,North Charleston,20846baf-2fe5-403c-85d4-31520e88a3ce,SAMMS-NorthCharleston
202608262209457437,202608261955299509,202608261955298282,85,1464,Bronze INV,br_AdmissionAssessmentDimensionTwo,TASK_COMPLETE,SUCCESS,INFO,574,574,0,,2026-08-26T19:55:35.047Z,2026-08-26T22:11:39.517Z,8164,2026-08-26T22:11:39.517Z,NLR,N. Little Rock,20846baf-2fe5-403c-85d4-31520e88a3ce,SAMMS-NLROBOT
202608262209457438,202608261955299510,202608261955298282,85,1465,Bronze INV,br_AdmissionAssessmentDimensionTwo,TASK_COMPLETE,SUCCESS,INFO,238,238,0,,2026-08-26T19:55:35.047Z,2026-08-26T22:11:39.517Z,8164,2026-08-26T22:11:39.517Z,PH,Phoenix,20846baf-2fe5-403c-85d4-31520e88a3ce,SAMMS-Phoenix
202608262209457440,202608261955299511,202608261955298282,85,1469,Bronze INV,br_AdmissionAssessmentDimensionTwo,TASK_COMPLETE,SUCCESS,INFO,410,410,0,,2026-08-26T19:55:35.047Z,2026-08-26T22:11:39.517Z,8164,2026-08-26T22:11:39.517Z,RE,Reno,20846baf-2fe5-403c-85d4-31520e88a3ce,SAMMS-Reno
202608262209457441,202608261955299512,202608261955298282,85,1470,Bronze INV,br_AdmissionAssessmentDimensionTwo,TASK_COMPLETE,SUCCESS,INFO,392,392,0,,2026-08-26T19:55:35.047Z,2026-08-26T22:11:39.517Z,8164,2026-08-26T22:11:39.517Z,RMD,Richmond,20846baf-2fe5-403c-85d4-31520e88a3ce,SAMMS-Richmond
202608262209457442,202608261955299513,202608261955298282,85,1471,Bronze INV,br_AdmissionAssessmentDimensionTwo,TASK_COMPLETE,SUCCESS,INFO,487,487,0,,2026-08-26T19:55:35.047Z,2026-08-26T22:11:39.517Z,8164,2026-08-26T22:11:39.517Z,SFN,Springfield North,20846baf-2fe5-403c-85d4-31520e88a3ce,SAMMS-SFNv5
202608262209457443,202608261955299514,202608261955298282,85,1472,Bronze INV,br_AdmissionAssessmentDimensionTwo,TASK_COMPLETE,SUCCESS,INFO,449,449,0,,2026-08-26T19:55:35.047Z,2026-08-26T22:11:39.517Z,8164,2026-08-26T22:11:39.517Z,SHP,Shreveport,20846baf-2fe5-403c-85d4-31520e88a3ce,SAMMS-Shreveport
202608262209457444,202608261955299515,202608261955298282,85,1474,Bronze INV,br_AdmissionAssessmentDimensionTwo,TASK_COMPLETE,SUCCESS,INFO,82,82,0,,2026-08-26T19:55:35.047Z,2026-08-26T22:11:39.517Z,8164,2026-08-26T22:11:39.517Z,STN,Staunton,20846baf-2fe5-403c-85d4-31520e88a3ce,SAMMS-Staunton
202608262209457445,202608261955299516,202608261955298282,85,1475,Bronze INV,br_AdmissionAssessmentDimensionTwo,TASK_COMPLETE,SUCCESS,INFO,52,52,0,,2026-08-26T19:55:35.047Z,2026-08-26T22:11:39.517Z,8164,2026-08-26T22:11:39.517Z,STVN,Stevenson,20846baf-2fe5-403c-85d4-31520e88a3ce,SAMMS-Stevenson
202608262209457446,202608261955299517,202608261955298282,85,1477,Bronze INV,br_AdmissionAssessmentDimensionTwo,TASK_COMPLETE,SUCCESS,INFO,71,71,0,,2026-08-26T19:55:35.047Z,2026-08-26T22:11:39.517Z,8164,2026-08-26T22:11:39.517Z,TE,Tempe,20846baf-2fe5-403c-85d4-31520e88a3ce,SAMMS-Tempe
202608262209457447,202608261955299518,202608261955298282,85,1478,Bronze INV,br_AdmissionAssessmentDimensionTwo,TASK_COMPLETE,SUCCESS,INFO,365,365,0,,2026-08-26T19:55:35.047Z,2026-08-26T22:11:39.517Z,8164,2026-08-26T22:11:39.517Z,TEX,Texarkana,20846baf-2fe5-403c-85d4-31520e88a3ce,SAMMS-Texarkana
202608262209457448,202608261955299519,202608261955298282,85,1479,Bronze INV,br_AdmissionAssessmentDimensionTwo,TASK_COMPLETE,SUCCESS,INFO,429,429,0,,2026-08-26T19:55:35.047Z,2026-08-26T22:11:39.517Z,8164,2026-08-26T22:11:39.517Z,TTCA,Bessemer,20846baf-2fe5-403c-85d4-31520e88a3ce,SAMMS-BessemerV5
202608262209457450,202608261955299520,202608261955298282,85,1480,Bronze INV,br_AdmissionAssessmentDimensionTwo,TASK_COMPLETE,SUCCESS,INFO,549,549,0,,2026-08-26T19:55:35.047Z,2026-08-26T22:11:39.517Z,8164,2026-08-26T22:11:39.517Z,TTCB,Cullman,20846baf-2fe5-403c-85d4-31520e88a3ce,SAMMS-CullmanV5
202608262209457451,202608261955299521,202608261955298282,85,1481,Bronze INV,br_AdmissionAssessmentDimensionTwo,TASK_COMPLETE,SUCCESS,INFO,321,321,0,,2026-08-26T19:55:35.047Z,2026-08-26T22:11:39.517Z,8164,2026-08-26T22:11:39.517Z,TTCC,Grand Bay,20846baf-2fe5-403c-85d4-31520e88a3ce,SAMMS-GrandBay
202608262209457452,202608261955299522,202608261955298282,85,1482,Bronze INV,br_AdmissionAssessmentDimensionTwo,TASK_COMPLETE,SUCCESS,INFO,22,22,0,,2026-08-26T19:55:35.047Z,2026-08-26T22:11:39.517Z,8164,2026-08-26T22:11:39.517Z,TU,Tucson,20846baf-2fe5-403c-85d4-31520e88a3ce,SAMMS-Tucson
202608262209457453,202608261955299523,202608261955298282,85,1484,Bronze INV,br_AdmissionAssessmentDimensionTwo,TASK_COMPLETE,SUCCESS,INFO,253,253,0,,2026-08-26T19:55:35.047Z,2026-08-26T22:11:39.517Z,8164,2026-08-26T22:11:39.517Z,V1,Memphis South,20846baf-2fe5-403c-85d4-31520e88a3ce,SAMMS-VCPHCS-I-MemphisV5
202608262209457454,202608261955299524,202608261955298282,85,1485,Bronze INV,br_AdmissionAssessmentDimensionTwo,TASK_COMPLETE,SUCCESS,INFO,697,697,0,,2026-08-26T19:55:35.047Z,2026-08-26T22:11:39.517Z,8164,2026-08-26T22:11:39.517Z,V10,Longmont,20846baf-2fe5-403c-85d4-31520e88a3ce,SAMMS-BoulderV5
202608262209457455,202608261955299525,202608261955298282,85,1486,Bronze INV,br_AdmissionAssessmentDimensionTwo,TASK_COMPLETE,SUCCESS,INFO,1192,1192,0,,2026-08-26T19:55:35.047Z,2026-08-26T22:11:39.517Z,8164,2026-08-26T22:11:39.517Z,V10A,Fort Collins,20846baf-2fe5-403c-85d4-31520e88a3ce,SAMMS-FortCollinsV5
202608262209457456,202608261955299526,202608261955298282,85,1487,Bronze INV,br_AdmissionAssessmentDimensionTwo,TASK_COMPLETE,SUCCESS,INFO,996,996,0,,2026-08-26T19:55:35.047Z,2026-08-26T22:11:39.517Z,8164,2026-08-26T22:11:39.517Z,V11,Westminster,20846baf-2fe5-403c-85d4-31520e88a3ce,SAMMS-VCPHCS-XI-NorthDenverV5
202608262209457457,202608261955299527,202608261955298282,85,1488,Bronze INV,br_AdmissionAssessmentDimensionTwo,TASK_COMPLETE,SUCCESS,INFO,1070,1070,0,,2026-08-26T19:55:35.047Z,2026-08-26T22:11:39.517Z,8164,2026-08-26T22:11:39.517Z,V12,Downtown Denver,20846baf-2fe5-403c-85d4-31520e88a3ce,SAMMS-VCPHCS-XII-DowntownDenverV5
202608262209457458,202608261955299528,202608261955298282,85,1489,Bronze INV,br_AdmissionAssessmentDimensionTwo,TASK_COMPLETE,SUCCESS,INFO,479,479,0,,2026-08-26T19:55:35.047Z,2026-08-26T22:11:39.517Z,8164,2026-08-26T22:11:39.517Z,V12A,Centennial,20846baf-2fe5-403c-85d4-31520e88a3ce,SAMMS-CentennialV5
202608262209457459,202608261955299529,202608261955298282,85,1490,Bronze INV,br_AdmissionAssessmentDimensionTwo,TASK_COMPLETE,SUCCESS,INFO,295,295,0,,2026-08-26T19:55:35.047Z,2026-08-26T22:11:39.517Z,8164,2026-08-26T22:11:39.517Z,V14,Overland Park,20846baf-2fe5-403c-85d4-31520e88a3ce,SAMMS-VCPHCS-XIV-BridgewayV5
202608262209457461,202608261955299530,202608261955298282,85,1491,Bronze INV,br_AdmissionAssessmentDimensionTwo,TASK_COMPLETE,SUCCESS,INFO,567,567,0,,2026-08-26T19:55:35.047Z,2026-08-26T22:11:39.517Z,8164,2026-08-26T22:11:39.517Z,V15,Joplin,20846baf-2fe5-403c-85d4-31520e88a3ce,SAMMS-JoplinV5
202608262209457462,202608261955299531,202608261955298282,85,1493,Bronze INV,br_AdmissionAssessmentDimensionTwo,TASK_COMPLETE,SUCCESS,INFO,472,472,0,,2026-08-26T19:55:35.047Z,2026-08-26T22:11:39.517Z,8164,2026-08-26T22:11:39.517Z,V17,Columbia TN,20846baf-2fe5-403c-85d4-31520e88a3ce,SAMMS-ColumbiaTNv5
202608262209457463,202608261955299532,202608261955298282,85,1495,Bronze INV,br_AdmissionAssessmentDimensionTwo,TASK_COMPLETE,SUCCESS,INFO,419,419,0,,2026-08-26T19:55:35.047Z,2026-08-26T22:11:39.517Z,8164,2026-08-26T22:11:39.517Z,V19,Jackson,20846baf-2fe5-403c-85d4-31520e88a3ce,SAMMS-JacksonV5
202608262209457464,202608261955299533,202608261955298282,85,1497,Bronze INV,br_AdmissionAssessmentDimensionTwo,TASK_COMPLETE,SUCCESS,INFO,489,489,0,,2026-08-26T19:55:35.047Z,2026-08-26T22:11:39.517Z,8164,2026-08-26T22:11:39.517Z,V20,Paris,20846baf-2fe5-403c-85d4-31520e88a3ce,SAMMS-ParisV5
202608262209457465,202608261955299534,202608261955298282,85,1498,Bronze INV,br_AdmissionAssessmentDimensionTwo,TASK_COMPLETE,SUCCESS,INFO,355,355,0,,2026-08-26T19:55:35.047Z,2026-08-26T22:11:39.517Z,8164,2026-08-26T22:11:39.517Z,V21,Memphis North,20846baf-2fe5-403c-85d4-31520e88a3ce,SAMMS-RaleighV5
202608262209457466,202608261955299535,202608261955298282,85,1501,Bronze INV,br_AdmissionAssessmentDimensionTwo,TASK_COMPLETE,SUCCESS,INFO,707,707,0,,2026-08-26T19:55:35.047Z,2026-08-26T22:11:39.517Z,8164,2026-08-26T22:11:39.517Z,V5,West Bank,20846baf-2fe5-403c-85d4-31520e88a3ce,SAMMS-NONTCv5
202608262209457467,202608261955299536,202608261955298282,85,1503,Bronze INV,br_AdmissionAssessmentDimensionTwo,TASK_COMPLETE,SUCCESS,INFO,257,257,0,,2026-08-26T19:55:35.047Z,2026-08-26T22:11:39.517Z,8164,2026-08-26T22:11:39.517Z,V5B,Houma,20846baf-2fe5-403c-85d4-31520e88a3ce,SAMMS-HoumaV6
202608262209457468,202608261955299537,202608261955298282,85,1504,Bronze INV,br_AdmissionAssessmentDimensionTwo,TASK_COMPLETE,SUCCESS,INFO,960,960,0,,2026-08-26T19:55:35.047Z,2026-08-26T22:11:39.517Z,8164,2026-08-26T22:11:39.517Z,V6,Lake Charles,20846baf-2fe5-403c-85d4-31520e88a3ce,SAMMS-LCv5
202608252121597716,202608251925575148,202608251925573776,85,1323,Bronze INV,br_AdmissionAssessmentDimensionThree,TASK_COMPLETE,SUCCESS,INFO,1574,1574,0,,2026-08-25T19:26:03.177Z,2026-08-25T21:23:56.829Z,7073,2026-08-25T21:23:56.829Z,V9,Nashville,7eb7a049-5d17-4a23-bb2f-3b9c445afd32,SAMMS-NashvilleV5
202608252121597717,202608251925575149,202608251925573776,85,1324,Bronze INV,br_AdmissionAssessmentDimensionThree,TASK_COMPLETE,SUCCESS,INFO,332,332,0,,2026-08-25T19:26:03.177Z,2026-08-25T21:23:56.829Z,7073,2026-08-25T21:23:56.829Z,VBRA,Brainerd,7eb7a049-5d17-4a23-bb2f-3b9c445afd32,SAMMS-BrainerdV6
202608252121597718,202608251925575150,202608251925573776,85,1325,Bronze INV,br_AdmissionAssessmentDimensionThree,TASK_COMPLETE,SUCCESS,INFO,593,593,0,,2026-08-25T19:26:03.177Z,2026-08-25T21:23:56.829Z,7073,2026-08-25T21:23:56.829Z,VBRP,Brooklyn Park,7eb7a049-5d17-4a23-bb2f-3b9c445afd32,SAMMS-BrooklynParkV6
202608252121597719,202608251925575151,202608251925573776,85,1327,Bronze INV,br_AdmissionAssessmentDimensionThree,TASK_COMPLETE,SUCCESS,INFO,577,577,0,,2026-08-25T19:26:03.177Z,2026-08-25T21:23:56.829Z,7073,2026-08-25T21:23:56.829Z,VMIN,Minneapolis,7eb7a049-5d17-4a23-bb2f-3b9c445afd32,SAMMS-MinneapolisV6
202608252121597720,202608251925575152,202608251925573776,85,1328,Bronze INV,br_AdmissionAssessmentDimensionThree,TASK_COMPLETE,SUCCESS,INFO,1067,1067,0,,2026-08-25T19:26:03.177Z,2026-08-25T21:23:56.829Z,7073,2026-08-25T21:23:56.829Z,VWBY,Woodbury,7eb7a049-5d17-4a23-bb2f-3b9c445afd32,SAMMS-WoodburyV6
202608252121597721,202608251925575153,202608251925573776,85,1330,Bronze INV,br_AdmissionAssessmentDimensionThree,TASK_COMPLETE,SUCCESS,INFO,429,429,0,,2026-08-25T19:26:03.177Z,2026-08-25T21:23:56.829Z,7073,2026-08-25T21:23:56.829Z,WIL,Wilson,7eb7a049-5d17-4a23-bb2f-3b9c445afd32,SAMMS-Wilson
202608252121597823,202608251925673780,202608251925673776,86,5723,Silver INV,sl_AdmissionAssessmentDimensionThree,TASK_COMPLETE,SUCCESS,INFO,51145,51145,0,,2026-08-25T19:26:03.177Z,2026-08-25T21:23:56.829Z,7073,2026-08-25T21:23:56.829Z,,,7eb7a049-5d17-4a23-bb2f-3b9c445afd32,
202608252121597753,202608251925574924,202608251925573776,85,1334,Bronze INV,br_AdmissionAssessmentDimensionTwo,TASK_COMPLETE,SUCCESS,INFO,100,100,0,,2026-08-25T19:26:03.177Z,2026-08-25T21:23:56.829Z,7073,2026-08-25T21:23:56.829Z,AHK,Ahoskie,7eb7a049-5d17-4a23-bb2f-3b9c445afd32,SAMMS-Ahoskie
202608252121597755,202608251925574925,202608251925573776,85,1335,Bronze INV,br_AdmissionAssessmentDimensionTwo,TASK_COMPLETE,SUCCESS,INFO,784,784,0,,2026-08-25T19:26:03.177Z,2026-08-25T21:23:56.829Z,7073,2026-08-25T21:23:56.829Z,B12B,Colorado Springs,7eb7a049-5d17-4a23-bb2f-3b9c445afd32,SAMMS-ColoradoSpringsV5
202608252121597756,202608251925574926,202608251925573776,85,1336,Bronze INV,br_AdmissionAssessmentDimensionTwo,TASK_COMPLETE,SUCCESS,INFO,415,415,0,,2026-08-25T19:26:03.177Z,2026-08-25T21:23:56.829Z,7073,2026-08-25T21:23:56.829Z,B24,Paintsville,7eb7a049-5d17-4a23-bb2f-3b9c445afd32,SAMMS-PaintsvilleV5
202608252121597757,202608251925574927,202608251925573776,85,1337,Bronze INV,br_AdmissionAssessmentDimensionTwo,TASK_COMPLETE,SUCCESS,INFO,172,172,0,,2026-08-25T19:26:03.177Z,2026-08-25T21:23:56.829Z,7073,2026-08-25T21:23:56.829Z,B25,Pikeville,7eb7a049-5d17-4a23-bb2f-3b9c445afd32,SAMMS-PikevilleV5
202608252121597758,202608251925574928,202608251925573776,85,1338,Bronze INV,br_AdmissionAssessmentDimensionTwo,TASK_COMPLETE,SUCCESS,INFO,496,496,0,,2026-08-25T19:26:03.177Z,2026-08-25T21:23:56.829Z,7073,2026-08-25T21:23:56.829Z,B26,Hazard,7eb7a049-5d17-4a23-bb2f-3b9c445afd32,SAMMS-HazardV5
202608252121597759,202608251925574929,202608251925573776,85,1339,Bronze INV,br_AdmissionAssessmentDimensionTwo,TASK_COMPLETE,SUCCESS,INFO,188,188,0,,2026-08-25T19:26:03.177Z,2026-08-25T21:23:56.829Z,7073,2026-08-25T21:23:56.829Z,B27,Savannah,7eb7a049-5d17-4a23-bb2f-3b9c445afd32,SAMMS-SavannahV6
202608252121597760,202608251925574930,202608251925573776,85,1340,Bronze INV,br_AdmissionAssessmentDimensionTwo,TASK_COMPLETE,SUCCESS,INFO,234,234,0,,2026-08-25T19:26:03.177Z,2026-08-25T21:23:56.829Z,7073,2026-08-25T21:23:56.829Z,B28,West Plains,7eb7a049-5d17-4a23-bb2f-3b9c445afd32,SAMMS-WestPlainesV5
202608252121597762,202608251925574931,202608251925573776,85,1341,Bronze INV,br_AdmissionAssessmentDimensionTwo,TASK_COMPLETE,SUCCESS,INFO,260,260,0,,2026-08-25T19:26:03.177Z,2026-08-25T21:23:56.829Z,7073,2026-08-25T21:23:56.829Z,B29,Poplar Bluff,7eb7a049-5d17-4a23-bb2f-3b9c445afd32,SAMMS-PoplarBluffV5
202608252121597763,202608251925574932,202608251925573776,85,1342,Bronze INV,br_AdmissionAssessmentDimensionTwo,TASK_COMPLETE,SUCCESS,INFO,146,146,0,,2026-08-25T19:26:03.177Z,2026-08-25T21:23:56.829Z,7073,2026-08-25T21:23:56.829Z,B30,KC North,7eb7a049-5d17-4a23-bb2f-3b9c445afd32,SAMMS-KCNv5
202608252121597764,202608251925574933,202608251925573776,85,1343,Bronze INV,br_AdmissionAssessmentDimensionTwo,TASK_COMPLETE,SUCCESS,INFO,345,345,0,,2026-08-25T19:26:03.177Z,2026-08-25T21:23:56.829Z,7073,2026-08-25T21:23:56.829Z,B31,Dyersburg,7eb7a049-5d17-4a23-bb2f-3b9c445afd32,SAMMS-DyersburgV5
202608252121597765,202608251925574934,202608251925573776,85,1345,Bronze INV,br_AdmissionAssessmentDimensionTwo,TASK_COMPLETE,SUCCESS,INFO,213,213,0,,2026-08-25T19:26:03.177Z,2026-08-25T21:23:56.829Z,7073,2026-08-25T21:23:56.829Z,B33,Paducah,7eb7a049-5d17-4a23-bb2f-3b9c445afd32,SAMMS-Paducah
202608252121597766,202608251925574935,202608251925573776,85,1346,Bronze INV,br_AdmissionAssessmentDimensionTwo,TASK_COMPLETE,SUCCESS,INFO,449,449,0,,2026-08-25T19:26:03.177Z,2026-08-25T21:23:56.829Z,7073,2026-08-25T21:23:56.829Z,B34,Corbin,7eb7a049-5d17-4a23-bb2f-3b9c445afd32,SAMMS-CorbinV5
202608252121597767,202608251925574936,202608251925573776,85,1347,Bronze INV,br_AdmissionAssessmentDimensionTwo,TASK_COMPLETE,SUCCESS,INFO,719,719,0,,2026-08-25T19:26:03.177Z,2026-08-25T21:23:56.829Z,7073,2026-08-25T21:23:56.829Z,B35,Lexington,7eb7a049-5d17-4a23-bb2f-3b9c445afd32,SAMMS-LexingtonV5
202608252121597769,202608251925574937,202608251925573776,85,1348,Bronze INV,br_AdmissionAssessmentDimensionTwo,TASK_COMPLETE,SUCCESS,INFO,345,345,0,,2026-08-25T19:26:03.177Z,2026-08-25T21:23:56.829Z,7073,2026-08-25T21:23:56.829Z,B35A,Berea,7eb7a049-5d17-4a23-bb2f-3b9c445afd32,SAMMS-BereaV5
202608252121597770,202608251925574938,202608251925573776,85,1349,Bronze INV,br_AdmissionAssessmentDimensionTwo,TASK_COMPLETE,SUCCESS,INFO,610,610,0,,2026-08-25T19:26:03.177Z,2026-08-25T21:23:56.829Z,7073,2026-08-25T21:23:56.829Z,B36,Asheville,7eb7a049-5d17-4a23-bb2f-3b9c445afd32,SAMMS-AshevilleV5
202608252121597771,202608251925574939,202608251925573776,85,1350,Bronze INV,br_AdmissionAssessmentDimensionTwo,TASK_COMPLETE,SUCCESS,INFO,451,451,0,,2026-08-25T19:26:03.177Z,2026-08-25T21:23:56.829Z,7073,2026-08-25T21:23:56.829Z,B37,Clyde,7eb7a049-5d17-4a23-bb2f-3b9c445afd32,SAMMS-ClydeV5
202608252121597772,202608251925574940,202608251925573776,85,1351,Bronze INV,br_AdmissionAssessmentDimensionTwo,TASK_COMPLETE,SUCCESS,INFO,632,632,0,,2026-08-25T19:26:03.177Z,2026-08-25T21:23:56.829Z,7073,2026-08-25T21:23:56.829Z,B38,Spartanburg,7eb7a049-5d17-4a23-bb2f-3b9c445afd32,SAMMS-SpartanburgV5
202608252121597773,202608251925574941,202608251925573776,85,1352,Bronze INV,br_AdmissionAssessmentDimensionTwo,TASK_COMPLETE,SUCCESS,INFO,481,481,0,,2026-08-25T19:26:03.177Z,2026-08-25T21:23:56.829Z,7073,2026-08-25T21:23:56.829Z,B39,Aiken,7eb7a049-5d17-4a23-bb2f-3b9c445afd32,SAMMS-AikenV5
202608252121597774,202608251925574942,202608251925573776,85,1353,Bronze INV,br_AdmissionAssessmentDimensionTwo,TASK_COMPLETE,SUCCESS,INFO,301,301,0,,2026-08-25T19:26:03.177Z,2026-08-25T21:23:56.829Z,7073,2026-08-25T21:23:56.829Z,B41,Chesapeake,7eb7a049-5d17-4a23-bb2f-3b9c445afd32,SAMMS-ChesapeakeV5
202608252121597776,202608251925574943,202608251925573776,85,1354,Bronze INV,br_AdmissionAssessmentDimensionTwo,TASK_COMPLETE,SUCCESS,INFO,540,540,0,,2026-08-25T19:26:03.177Z,2026-08-25T21:23:56.829Z,7073,2026-08-25T21:23:56.829Z,B42,Virginia Beach,7eb7a049-5d17-4a23-bb2f-3b9c445afd32,SAMMS-VirginiaBeachV5
202608252121597777,202608251925574944,202608251925573776,85,1355,Bronze INV,br_AdmissionAssessmentDimensionTwo,TASK_COMPLETE,SUCCESS,INFO,168,168,0,,2026-08-25T19:26:03.177Z,2026-08-25T21:23:56.829Z,7073,2026-08-25T21:23:56.829Z,B42A,Newport News,7eb7a049-5d17-4a23-bb2f-3b9c445afd32,SAMMS-NewportNewsV5
202608252121597778,202608251925574945,202608251925573776,85,1356,Bronze INV,br_AdmissionAssessmentDimensionTwo,TASK_COMPLETE,SUCCESS,INFO,57,57,0,,2026-08-25T19:26:03.177Z,2026-08-25T21:23:56.829Z,7073,2026-08-25T21:23:56.829Z,B42B,Franklin,7eb7a049-5d17-4a23-bb2f-3b9c445afd32,SAMMS-FranklinV5
202608252121597779,202608251925574946,202608251925573776,85,1357,Bronze INV,br_AdmissionAssessmentDimensionTwo,TASK_COMPLETE,SUCCESS,INFO,340,340,0,,2026-08-25T19:26:03.177Z,2026-08-25T21:23:56.829Z,7073,2026-08-25T21:23:56.829Z,B42C,Glen Allen,7eb7a049-5d17-4a23-bb2f-3b9c445afd32,SAMMS-GlenAllenV5
202608252121597780,202608251925574947,202608251925573776,85,1358,Bronze INV,br_AdmissionAssessmentDimensionTwo,TASK_COMPLETE,SUCCESS,INFO,176,176,0,,2026-08-25T19:26:03.177Z,2026-08-25T21:23:56.829Z,7073,2026-08-25T21:23:56.829Z,B42D,Chesapeake South,7eb7a049-5d17-4a23-bb2f-3b9c445afd32,SAMMS-ChesapeakeSouthV5
202608252121597781,202608251925574948,202608251925573776,85,1359,Bronze INV,br_AdmissionAssessmentDimensionTwo,TASK_COMPLETE,SUCCESS,INFO,208,208,0,,2026-08-25T19:26:03.177Z,2026-08-25T21:23:56.829Z,7073,2026-08-25T21:23:56.829Z,B44,Albany,7eb7a049-5d17-4a23-bb2f-3b9c445afd32,SAMMS-AlbanyV5
202608252121597783,202608251925574949,202608251925573776,85,1360,Bronze INV,br_AdmissionAssessmentDimensionTwo,TASK_COMPLETE,SUCCESS,INFO,306,306,0,,2026-08-25T19:26:03.177Z,2026-08-25T21:23:56.829Z,7073,2026-08-25T21:23:56.829Z,B45,Tifton,7eb7a049-5d17-4a23-bb2f-3b9c445afd32,SAMMS-TiftonV5
202608252121597784,202608251925574950,202608251925573776,85,1361,Bronze INV,br_AdmissionAssessmentDimensionTwo,TASK_COMPLETE,SUCCESS,INFO,663,663,0,,2026-08-25T19:26:03.177Z,2026-08-25T21:23:56.829Z,7073,2026-08-25T21:23:56.829Z,B46,Washington DC,7eb7a049-5d17-4a23-bb2f-3b9c445afd32,SAMMS-WashingtonDCv5
202608252121597785,202608251925574951,202608251925573776,85,1362,Bronze INV,br_AdmissionAssessmentDimensionTwo,TASK_COMPLETE,SUCCESS,INFO,358,358,0,,2026-08-25T19:26:03.177Z,2026-08-25T21:23:56.829Z,7073,2026-08-25T21:23:56.829Z,B47,Mobile,7eb7a049-5d17-4a23-bb2f-3b9c445afd32,SAMMS-MobileV5
202608252121597786,202608251925574952,202608251925573776,85,1363,Bronze INV,br_AdmissionAssessmentDimensionTwo,TASK_COMPLETE,SUCCESS,INFO,448,448,0,,2026-08-25T19:26:03.177Z,2026-08-25T21:23:56.829Z,7073,2026-08-25T21:23:56.829Z,B48,Tuscaloosa,7eb7a049-5d17-4a23-bb2f-3b9c445afd32,SAMMS-TuscaloosaV5
202608252121597787,202608251925574953,202608251925573776,85,1372,Bronze INV,br_AdmissionAssessmentDimensionTwo,TASK_COMPLETE,SUCCESS,INFO,313,313,0,,2026-08-25T19:26:03.177Z,2026-08-25T21:23:56.829Z,7073,2026-08-25T21:23:56.829Z,B51,N. Little Rock (OTP),7eb7a049-5d17-4a23-bb2f-3b9c445afd32,SAMMS-NorthLittleRockV6
202608252121597788,202608251925574954,202608251925573776,85,1373,Bronze INV,br_AdmissionAssessmentDimensionTwo,TASK_COMPLETE,SUCCESS,INFO,160,160,0,,2026-08-25T19:26:03.177Z,2026-08-25T21:23:56.829Z,7073,2026-08-25T21:23:56.829Z,B52,Jackson GA,7eb7a049-5d17-4a23-bb2f-3b9c445afd32,SAMMS-JacksonGAV5
202608252121597790,202608251925574955,202608251925573776,85,1374,Bronze INV,br_AdmissionAssessmentDimensionTwo,TASK_COMPLETE,SUCCESS,INFO,477,477,0,,2026-08-25T19:26:03.177Z,2026-08-25T21:23:56.829Z,7073,2026-08-25T21:23:56.829Z,B54,Gadsden,7eb7a049-5d17-4a23-bb2f-3b9c445afd32,SAMMS-GadsdenV5
202608252121597791,202608251925574956,202608251925573776,85,1375,Bronze INV,br_AdmissionAssessmentDimensionTwo,TASK_COMPLETE,SUCCESS,INFO,490,490,0,,2026-08-25T19:26:03.177Z,2026-08-25T21:23:56.829Z,7073,2026-08-25T21:23:56.829Z,B55,Shoals,7eb7a049-5d17-4a23-bb2f-3b9c445afd32,SAMMS-ShoalsV5
202608252121597792,202608251925574957,202608251925573776,85,1376,Bronze INV,br_AdmissionAssessmentDimensionTwo,TASK_COMPLETE,SUCCESS,INFO,174,174,0,,2026-08-25T19:26:03.177Z,2026-08-25T21:23:56.829Z,7073,2026-08-25T21:23:56.829Z,B57,Pawtucket,7eb7a049-5d17-4a23-bb2f-3b9c445afd32,SAMMS-Pawtucket
202608252121597793,202608251925574958,202608251925573776,85,1377,Bronze INV,br_AdmissionAssessmentDimensionTwo,TASK_COMPLETE,SUCCESS,INFO,172,172,0,,2026-08-25T19:26:03.177Z,2026-08-25T21:23:56.829Z,7073,2026-08-25T21:23:56.829Z,B57A,Johnston,7eb7a049-5d17-4a23-bb2f-3b9c445afd32,SAMMS-Johnston
202608252121597794,202608251925574959,202608251925573776,85,1378,Bronze INV,br_AdmissionAssessmentDimensionTwo,TASK_COMPLETE,SUCCESS,INFO,92,92,0,,2026-08-25T19:26:03.177Z,2026-08-25T21:23:56.829Z,7073,2026-08-25T21:23:56.829Z,B57B,Middletown,7eb7a049-5d17-4a23-bb2f-3b9c445afd32,SAMMS-Middletown
202608252121597795,202608251925574960,202608251925573776,85,1379,Bronze INV,br_AdmissionAssessmentDimensionTwo,TASK_COMPLETE,SUCCESS,INFO,182,182,0,,2026-08-25T19:26:03.177Z,2026-08-25T21:23:56.829Z,7073,2026-08-25T21:23:56.829Z,B57C,Providence,7eb7a049-5d17-4a23-bb2f-3b9c445afd32,SAMMS-Providence
202608252121597796,202608251925574961,202608251925573776,85,1380,Bronze INV,br_AdmissionAssessmentDimensionTwo,TASK_COMPLETE,SUCCESS,INFO,258,258,0,,2026-08-25T19:26:03.177Z,2026-08-25T21:23:56.829Z,7073,2026-08-25T21:23:56.829Z,B57D,Westerly,7eb7a049-5d17-4a23-bb2f-3b9c445afd32,SAMMS-Westerly
202608252121597798,202608251925574962,202608251925573776,85,1384,Bronze INV,br_AdmissionAssessmentDimensionTwo,TASK_COMPLETE,SUCCESS,INFO,363,363,0,,2026-08-25T19:26:03.177Z,2026-08-25T21:23:56.829Z,7073,2026-08-25T21:23:56.829Z,B66A,Bremen,7eb7a049-5d17-4a23-bb2f-3b9c445afd32,SAMMS-Bremen
202608252121597799,202608251925574963,202608251925573776,85,1387,Bronze INV,br_AdmissionAssessmentDimensionTwo,TASK_COMPLETE,SUCCESS,INFO,16,16,0,,2026-08-25T19:26:03.177Z,2026-08-25T21:23:56.829Z,7073,2026-08-25T21:23:56.829Z,B72,Mobile (OBOT),7eb7a049-5d17-4a23-bb2f-3b9c445afd32,SAMMS-Mobile-OBOT
202608252121597800,202608251925574964,202608251925573776,85,1388,Bronze INV,br_AdmissionAssessmentDimensionTwo,TASK_COMPLETE,SUCCESS,INFO,5,5,0,,2026-08-25T19:26:03.177Z,2026-08-25T21:23:56.829Z,7073,2026-08-25T21:23:56.829Z,B73,Montgomery,7eb7a049-5d17-4a23-bb2f-3b9c445afd32,SAMMS-Montgomery
202608252121597801,202608251925574965,202608251925573776,85,1389,Bronze INV,br_AdmissionAssessmentDimensionTwo,TASK_COMPLETE,SUCCESS,INFO,323,323,0,,2026-08-25T19:26:03.177Z,2026-08-25T21:23:56.829Z,7073,2026-08-25T21:23:56.829Z,B75,Lawrence,7eb7a049-5d17-4a23-bb2f-3b9c445afd32,SAMMS-LawrenceV6
202608252121597802,202608251925574966,202608251925573776,85,1390,Bronze INV,br_AdmissionAssessmentDimensionTwo,TASK_COMPLETE,SUCCESS,INFO,51,51,0,,2026-08-25T19:26:03.177Z,2026-08-25T21:23:56.829Z,7073,2026-08-25T21:23:56.829Z,B76,Huntsville OBOT,7eb7a049-5d17-4a23-bb2f-3b9c445afd32,SAMMS-Huntsville-OBOT
202608252121597803,202608251925574967,202608251925573776,85,1391,Bronze INV,br_AdmissionAssessmentDimensionTwo,TASK_COMPLETE,SUCCESS,INFO,300,300,0,,2026-08-25T19:26:03.177Z,2026-08-25T21:23:56.829Z,7073,2026-08-25T21:23:56.829Z,BAT,Batesville,7eb7a049-5d17-4a23-bb2f-3b9c445afd32,SAMMS-Batesville
202608252121597805,202608251925574968,202608251925573776,85,1392,Bronze INV,br_AdmissionAssessmentDimensionTwo,TASK_COMPLETE,SUCCESS,INFO,238,238,0,,2026-08-25T19:26:03.177Z,2026-08-25T21:23:56.829Z,7073,2026-08-25T21:23:56.829Z,BG,Bowling Green,7eb7a049-5d17-4a23-bb2f-3b9c445afd32,SAMMS-BowlingGreen
202608252121597806,202608251925574969,202608251925573776,85,1393,Bronze INV,br_AdmissionAssessmentDimensionTwo,TASK_COMPLETE,SUCCESS,INFO,220,220,0,,2026-08-25T19:26:03.177Z,2026-08-25T21:23:56.829Z,7073,2026-08-25T21:23:56.829Z,BOI,Boise,7eb7a049-5d17-4a23-bb2f-3b9c445afd32,SAMMS-Boise
202608252121597807,202608251925574970,202608251925573776,85,1400,Bronze INV,br_AdmissionAssessmentDimensionTwo,TASK_COMPLETE,SUCCESS,INFO,286,286,0,,2026-08-25T19:26:03.177Z,2026-08-25T21:23:56.829Z,7073,2026-08-25T21:23:56.829Z,CBCO,Coeur dAlene,7eb7a049-5d17-4a23-bb2f-3b9c445afd32,SAMMS-CoeurdAleneV6
202608252121597808,202608251925574971,202608251925573776,85,1419,Bronze INV,br_AdmissionAssessmentDimensionTwo,TASK_COMPLETE,SUCCESS,INFO,301,301,0,,2026-08-25T19:26:03.177Z,2026-08-25T21:23:56.829Z,7073,2026-08-25T21:23:56.829Z,CON,Conway,7eb7a049-5d17-4a23-bb2f-3b9c445afd32,SAMMS-Conway
202608252121597809,202608251925574972,202608251925573776,85,1420,Bronze INV,br_AdmissionAssessmentDimensionTwo,TASK_COMPLETE,SUCCESS,INFO,1569,1569,0,,2026-08-25T19:26:03.177Z,2026-08-25T21:23:56.829Z,7073,2026-08-25T21:23:56.829Z,D07,Medical Services Knox TN,7eb7a049-5d17-4a23-bb2f-3b9c445afd32,SAMMS-KnoxvilleV6
202608252121597810,202608251925574973,202608251925573776,85,1421,Bronze INV,br_AdmissionAssessmentDimensionTwo,TASK_COMPLETE,SUCCESS,INFO,974,974,0,,2026-08-25T19:26:03.177Z,2026-08-25T21:23:56.829Z,7073,2026-08-25T21:23:56.829Z,D08,Madison,7eb7a049-5d17-4a23-bb2f-3b9c445afd32,SAMMS-MadisonV6
202608252121597812,202608251925574974,202608251925573776,85,1423,Bronze INV,br_AdmissionAssessmentDimensionTwo,TASK_COMPLETE,SUCCESS,INFO,945,945,0,,2026-08-25T19:26:03.177Z,2026-08-25T21:23:56.829Z,7073,2026-08-25T21:23:56.829Z,D09,Murfreesboro,7eb7a049-5d17-4a23-bb2f-3b9c445afd32,SAMMS-MurfreesboroV6
202608252121597813,202608251925574975,202608251925573776,85,1424,Bronze INV,br_AdmissionAssessmentDimensionTwo,TASK_COMPLETE,SUCCESS,INFO,219,219,0,,2026-08-25T19:26:03.177Z,2026-08-25T21:23:56.829Z,7073,2026-08-25T21:23:56.829Z,DA,Davenport,7eb7a049-5d17-4a23-bb2f-3b9c445afd32,SAMMS-Davenport
202608252121597814,202608251925574976,202608251925573776,85,1425,Bronze INV,br_AdmissionAssessmentDimensionTwo,TASK_COMPLETE,SUCCESS,INFO,353,353,0,,2026-08-25T19:26:03.177Z,2026-08-25T21:23:56.829Z,7073,2026-08-25T21:23:56.829Z,DM,Des Moines,7eb7a049-5d17-4a23-bb2f-3b9c445afd32,SAMMS-DesMoines
202608252121597815,202608251925574977,202608251925573776,85,1427,Bronze INV,br_AdmissionAssessmentDimensionTwo,TASK_COMPLETE,SUCCESS,INFO,477,477,0,,2026-08-25T19:26:03.177Z,2026-08-25T21:23:56.829Z,7073,2026-08-25T21:23:56.829Z,DRD-CO,Columbia MO,7eb7a049-5d17-4a23-bb2f-3b9c445afd32,SAMMS-ColumbiaV5
202608252121597816,202608251925574978,202608251925573776,85,1428,Bronze INV,br_AdmissionAssessmentDimensionTwo,TASK_COMPLETE,SUCCESS,INFO,595,595,0,,2026-08-25T19:26:03.177Z,2026-08-25T21:23:56.829Z,7073,2026-08-25T21:23:56.829Z,DRD-KC,KC,7eb7a049-5d17-4a23-bb2f-3b9c445afd32,SAMMS-KCv5
202608252121597817,202608251925574979,202608251925573776,85,1429,Bronze INV,br_AdmissionAssessmentDimensionTwo,TASK_COMPLETE,SUCCESS,INFO,950,950,0,,2026-08-25T19:26:03.177Z,2026-08-25T21:23:56.829Z,7073,2026-08-25T21:23:56.829Z,DRD-KVB,KVB,7eb7a049-5d17-4a23-bb2f-3b9c445afd32,SAMMS-KVBv5
202608252121597819,202608251925574980,202608251925573776,85,1430,Bronze INV,br_AdmissionAssessmentDimensionTwo,TASK_COMPLETE,SUCCESS,INFO,1571,1571,0,,2026-08-25T19:26:03.177Z,2026-08-25T21:23:56.829Z,7073,2026-08-25T21:23:56.829Z,DRD-KVC,KVC,7eb7a049-5d17-4a23-bb2f-3b9c445afd32,SAMMS-KVCv5
202608252121597820,202608251925574981,202608251925573776,85,1431,Bronze INV,br_AdmissionAssessmentDimensionTwo,TASK_COMPLETE,SUCCESS,INFO,1257,1257,0,,2026-08-25T19:26:03.177Z,2026-08-25T21:23:56.829Z,7073,2026-08-25T21:23:56.829Z,DRD-NOLA,NOLA,7eb7a049-5d17-4a23-bb2f-3b9c445afd32,SAMMS-NOLAv5
202608252121597821,202608251925574982,202608251925573776,85,1432,Bronze INV,br_AdmissionAssessmentDimensionTwo,TASK_COMPLETE,SUCCESS,INFO,745,745,0,,2026-08-25T19:26:03.177Z,2026-08-25T21:23:56.829Z,7073,2026-08-25T21:23:56.829Z,DRD-SF,Springfield,7eb7a049-5d17-4a23-bb2f-3b9c445afd32,SAMMS-SFv5
202608252121597822,202608251925574983,202608251925573776,85,1434,Bronze INV,br_AdmissionAssessmentDimensionTwo,TASK_COMPLETE,SUCCESS,INFO,254,254,0,,2026-08-25T19:26:03.177Z,2026-08-25T21:23:56.829Z,7073,2026-08-25T21:23:56.829Z,ELC,Elizabeth City,7eb7a049-5d17-4a23-bb2f-3b9c445afd32,SAMMS-ElizabethCity
202608252121597823,202608251925574984,202608251925573776,85,1435,Bronze INV,br_AdmissionAssessmentDimensionTwo,TASK_COMPLETE,SUCCESS,INFO,264,264,0,,2026-08-25T19:26:03.177Z,2026-08-25T21:23:56.829Z,7073,2026-08-25T21:23:56.829Z,ET,Elizabethtown,7eb7a049-5d17-4a23-bb2f-3b9c445afd32,SAMMS-Elizabethtown
202608252121597824,202608251925574985,202608251925573776,85,1436,Bronze INV,br_AdmissionAssessmentDimensionTwo,TASK_COMPLETE,SUCCESS,INFO,232,232,0,,2026-08-25T19:26:03.177Z,2026-08-25T21:23:56.829Z,7073,2026-08-25T21:23:56.829Z,FAY,Fayetteville,7eb7a049-5d17-4a23-bb2f-3b9c445afd32,SAMMS-Fayetteville
202608252121597826,202608251925574986,202608251925573776,85,1437,Bronze INV,br_AdmissionAssessmentDimensionTwo,TASK_COMPLETE,SUCCESS,INFO,179,179,0,,2026-08-25T19:26:03.177Z,2026-08-25T21:23:56.829Z,7073,2026-08-25T21:23:56.829Z,FR,Frankfort,7eb7a049-5d17-4a23-bb2f-3b9c445afd32,SAMMS-Frankfort
202608252121597827,202608251925574987,202608251925573776,85,1438,Bronze INV,br_AdmissionAssessmentDimensionTwo,TASK_COMPLETE,SUCCESS,INFO,279,279,0,,2026-08-25T19:26:03.177Z,2026-08-25T21:23:56.829Z,7073,2026-08-25T21:23:56.829Z,FS,Fort Smith,7eb7a049-5d17-4a23-bb2f-3b9c445afd32,SAMMS-FortSmith
202608252121597828,202608251925574988,202608251925573776,85,1439,Bronze INV,br_AdmissionAssessmentDimensionTwo,TASK_COMPLETE,SUCCESS,INFO,679,679,0,,2026-08-25T19:26:03.177Z,2026-08-25T21:23:56.829Z,7073,2026-08-25T21:23:56.829Z,FW,Fort Wayne,7eb7a049-5d17-4a23-bb2f-3b9c445afd32,SAMMS-FortWayne
202608252121597829,202608251925574989,202608251925573776,85,1440,Bronze INV,br_AdmissionAssessmentDimensionTwo,TASK_COMPLETE,SUCCESS,INFO,105,105,0,,2026-08-25T19:26:03.177Z,2026-08-25T21:23:56.829Z,7073,2026-08-25T21:23:56.829Z,GAL,Gaylord,7eb7a049-5d17-4a23-bb2f-3b9c445afd32,SAMMS-Gaylord
202608252121597830,202608251925574990,202608251925573776,85,1444,Bronze INV,br_AdmissionAssessmentDimensionTwo,TASK_COMPLETE,SUCCESS,INFO,623,623,0,,2026-08-25T19:26:03.177Z,2026-08-25T21:23:56.829Z,7073,2026-08-25T21:23:56.829Z,HGT,Hagerstown,7eb7a049-5d17-4a23-bb2f-3b9c445afd32,SAMMS-Hagerstown
202608252121597831,202608251925574991,202608251925573776,85,1445,Bronze INV,br_AdmissionAssessmentDimensionTwo,TASK_COMPLETE,SUCCESS,INFO,472,472,0,,2026-08-25T19:26:03.177Z,2026-08-25T21:23:56.829Z,7073,2026-08-25T21:23:56.829Z,HNT,Huntsville,7eb7a049-5d17-4a23-bb2f-3b9c445afd32,SAMMS-Huntsville
202608252121597833,202608251925574992,202608251925573776,85,1446,Bronze INV,br_AdmissionAssessmentDimensionTwo,TASK_COMPLETE,SUCCESS,INFO,311,311,0,,2026-08-25T19:26:03.177Z,2026-08-25T21:23:56.829Z,7073,2026-08-25T21:23:56.829Z,HS,Hot Springs,7eb7a049-5d17-4a23-bb2f-3b9c445afd32,SAMMS-HotSprings
202608252121597834,202608251925574993,202608251925573776,85,1447,Bronze INV,br_AdmissionAssessmentDimensionTwo,TASK_COMPLETE,SUCCESS,INFO,267,267,0,,2026-08-25T19:26:03.177Z,2026-08-25T21:23:56.829Z,7073,2026-08-25T21:23:56.829Z,JON,Jonesboro,7eb7a049-5d17-4a23-bb2f-3b9c445afd32,SAMMS-Jonesboro
202608252121597835,202608251925574994,202608251925573776,85,1449,Bronze INV,br_AdmissionAssessmentDimensionTwo,TASK_COMPLETE,SUCCESS,INFO,155,155,0,,2026-08-25T19:26:03.177Z,2026-08-25T21:23:56.829Z,7073,2026-08-25T21:23:56.829Z,LAN,Lansing,7eb7a049-5d17-4a23-bb2f-3b9c445afd32,SAMMS-Lansing
202608252121597836,202608251925574995,202608251925573776,85,1450,Bronze INV,br_AdmissionAssessmentDimensionTwo,TASK_COMPLETE,SUCCESS,INFO,429,429,0,,2026-08-25T19:26:03.177Z,2026-08-25T21:23:56.829Z,7073,2026-08-25T21:23:56.829Z,LO,Louisville,7eb7a049-5d17-4a23-bb2f-3b9c445afd32,SAMMS-Louisville
202608252121597837,202608251925574996,202608251925573776,85,1451,Bronze INV,br_AdmissionAssessmentDimensionTwo,TASK_COMPLETE,SUCCESS,INFO,1170,1170,0,,2026-08-25T19:26:03.177Z,2026-08-25T21:23:56.829Z,7073,2026-08-25T21:23:56.829Z,LV1,Cheyenne,7eb7a049-5d17-4a23-bb2f-3b9c445afd32,SAMMS-Cheyenne
202608252121597838,202608251925574997,202608251925573776,85,1452,Bronze INV,br_AdmissionAssessmentDimensionTwo,TASK_COMPLETE,SUCCESS,INFO,945,945,0,,2026-08-25T19:26:03.177Z,2026-08-25T21:23:56.829Z,7073,2026-08-25T21:23:56.829Z,LV2,Desert Inn,7eb7a049-5d17-4a23-bb2f-3b9c445afd32,SAMMS-DesertInn
202608252121597839,202608251925574998,202608251925573776,85,1453,Bronze INV,br_AdmissionAssessmentDimensionTwo,TASK_COMPLETE,SUCCESS,INFO,311,311,0,,2026-08-25T19:26:03.177Z,2026-08-25T21:23:56.829Z,7073,2026-08-25T21:23:56.829Z,LV3,McDaniel,7eb7a049-5d17-4a23-bb2f-3b9c445afd32,SAMMS-McDaniel
202608252121597841,202608251925574999,202608251925573776,85,1456,Bronze INV,br_AdmissionAssessmentDimensionTwo,TASK_COMPLETE,SUCCESS,INFO,271,271,0,,2026-08-25T19:26:03.177Z,2026-08-25T21:23:56.829Z,7073,2026-08-25T21:23:56.829Z,MNRE,Monroe,7eb7a049-5d17-4a23-bb2f-3b9c445afd32,SAMMS-Monroe
202608252121597842,202608251925575000,202608251925573776,85,1457,Bronze INV,br_AdmissionAssessmentDimensionTwo,TASK_COMPLETE,SUCCESS,INFO,130,130,0,,2026-08-25T19:26:03.177Z,2026-08-25T21:23:56.829Z,7073,2026-08-25T21:23:56.829Z,MP,Mt. Pleasant,7eb7a049-5d17-4a23-bb2f-3b9c445afd32,SAMMS-MtPleasant
202608252121597843,202608251925575001,202608251925573776,85,1458,Bronze INV,br_AdmissionAssessmentDimensionTwo,TASK_COMPLETE,SUCCESS,INFO,172,172,0,,2026-08-25T19:26:03.177Z,2026-08-25T21:23:56.829Z,7073,2026-08-25T21:23:56.829Z,MRD,Meridian,7eb7a049-5d17-4a23-bb2f-3b9c445afd32,SAMMS-Meridian
202608252121597844,202608251925575002,202608251925573776,85,1463,Bronze INV,br_AdmissionAssessmentDimensionTwo,TASK_COMPLETE,SUCCESS,INFO,636,636,0,,2026-08-25T19:26:03.177Z,2026-08-25T21:23:56.829Z,7073,2026-08-25T21:23:56.829Z,NC,North Charleston,7eb7a049-5d17-4a23-bb2f-3b9c445afd32,SAMMS-NorthCharleston
202608252121597845,202608251925575003,202608251925573776,85,1464,Bronze INV,br_AdmissionAssessmentDimensionTwo,TASK_COMPLETE,SUCCESS,INFO,572,572,0,,2026-08-25T19:26:03.177Z,2026-08-25T21:23:56.829Z,7073,2026-08-25T21:23:56.829Z,NLR,N. Little Rock,7eb7a049-5d17-4a23-bb2f-3b9c445afd32,SAMMS-NLROBOT
202608252121597846,202608251925575004,202608251925573776,85,1465,Bronze INV,br_AdmissionAssessmentDimensionTwo,TASK_COMPLETE,SUCCESS,INFO,238,238,0,,2026-08-25T19:26:03.177Z,2026-08-25T21:23:56.829Z,7073,2026-08-25T21:23:56.829Z,PH,Phoenix,7eb7a049-5d17-4a23-bb2f-3b9c445afd32,SAMMS-Phoenix
202608252121597848,202608251925575005,202608251925573776,85,1469,Bronze INV,br_AdmissionAssessmentDimensionTwo,TASK_COMPLETE,SUCCESS,INFO,410,410,0,,2026-08-25T19:26:03.177Z,2026-08-25T21:23:56.829Z,7073,2026-08-25T21:23:56.829Z,RE,Reno,7eb7a049-5d17-4a23-bb2f-3b9c445afd32,SAMMS-Reno
202608252121597849,202608251925575006,202608251925573776,85,1470,Bronze INV,br_AdmissionAssessmentDimensionTwo,TASK_COMPLETE,SUCCESS,INFO,392,392,0,,2026-08-25T19:26:03.177Z,2026-08-25T21:23:56.829Z,7073,2026-08-25T21:23:56.829Z,RMD,Richmond,7eb7a049-5d17-4a23-bb2f-3b9c445afd32,SAMMS-Richmond
202608252121597850,202608251925575007,202608251925573776,85,1471,Bronze INV,br_AdmissionAssessmentDimensionTwo,TASK_COMPLETE,SUCCESS,INFO,487,487,0,,2026-08-25T19:26:03.177Z,2026-08-25T21:23:56.829Z,7073,2026-08-25T21:23:56.829Z,SFN,Springfield North,7eb7a049-5d17-4a23-bb2f-3b9c445afd32,SAMMS-SFNv5
202608252121597851,202608251925575008,202608251925573776,85,1472,Bronze INV,br_AdmissionAssessmentDimensionTwo,TASK_COMPLETE,SUCCESS,INFO,448,448,0,,2026-08-25T19:26:03.177Z,2026-08-25T21:23:56.829Z,7073,2026-08-25T21:23:56.829Z,SHP,Shreveport,7eb7a049-5d17-4a23-bb2f-3b9c445afd32,SAMMS-Shreveport
202608252121597852,202608251925575009,202608251925573776,85,1474,Bronze INV,br_AdmissionAssessmentDimensionTwo,TASK_COMPLETE,SUCCESS,INFO,82,82,0,,2026-08-25T19:26:03.177Z,2026-08-25T21:23:56.829Z,7073,2026-08-25T21:23:56.829Z,STN,Staunton,7eb7a049-5d17-4a23-bb2f-3b9c445afd32,SAMMS-Staunton
202608252121597853,202608251925575010,202608251925573776,85,1475,Bronze INV,br_AdmissionAssessmentDimensionTwo,TASK_COMPLETE,SUCCESS,INFO,52,52,0,,2026-08-25T19:26:03.177Z,2026-08-25T21:23:56.829Z,7073,2026-08-25T21:23:56.829Z,STVN,Stevenson,7eb7a049-5d17-4a23-bb2f-3b9c445afd32,SAMMS-Stevenson
202608252121597855,202608251925575011,202608251925573776,85,1477,Bronze INV,br_AdmissionAssessmentDimensionTwo,TASK_COMPLETE,SUCCESS,INFO,71,71,0,,2026-08-25T19:26:03.177Z,2026-08-25T21:23:56.829Z,7073,2026-08-25T21:23:56.829Z,TE,Tempe,7eb7a049-5d17-4a23-bb2f-3b9c445afd32,SAMMS-Tempe
202608252121597856,202608251925575012,202608251925573776,85,1478,Bronze INV,br_AdmissionAssessmentDimensionTwo,TASK_COMPLETE,SUCCESS,INFO,365,365,0,,2026-08-25T19:26:03.177Z,2026-08-25T21:23:56.829Z,7073,2026-08-25T21:23:56.829Z,TEX,Texarkana,7eb7a049-5d17-4a23-bb2f-3b9c445afd32,SAMMS-Texarkana
202608252121597857,202608251925575013,202608251925573776,85,1479,Bronze INV,br_AdmissionAssessmentDimensionTwo,TASK_COMPLETE,SUCCESS,INFO,429,429,0,,2026-08-25T19:26:03.177Z,2026-08-25T21:23:56.829Z,7073,2026-08-25T21:23:56.829Z,TTCA,Bessemer,7eb7a049-5d17-4a23-bb2f-3b9c445afd32,SAMMS-BessemerV5
202608252121597858,202608251925575014,202608251925573776,85,1480,Bronze INV,br_AdmissionAssessmentDimensionTwo,TASK_COMPLETE,SUCCESS,INFO,549,549,0,,2026-08-25T19:26:03.177Z,2026-08-25T21:23:56.829Z,7073,2026-08-25T21:23:56.829Z,TTCB,Cullman,7eb7a049-5d17-4a23-bb2f-3b9c445afd32,SAMMS-CullmanV5
202608252121597859,202608251925575015,202608251925573776,85,1481,Bronze INV,br_AdmissionAssessmentDimensionTwo,TASK_COMPLETE,SUCCESS,INFO,320,320,0,,2026-08-25T19:26:03.177Z,2026-08-25T21:23:56.829Z,7073,2026-08-25T21:23:56.829Z,TTCC,Grand Bay,7eb7a049-5d17-4a23-bb2f-3b9c445afd32,SAMMS-GrandBay
202608252121597860,202608251925575016,202608251925573776,85,1482,Bronze INV,br_AdmissionAssessmentDimensionTwo,TASK_COMPLETE,SUCCESS,INFO,22,22,0,,2026-08-25T19:26:03.177Z,2026-08-25T21:23:56.829Z,7073,2026-08-25T21:23:56.829Z,TU,Tucson,7eb7a049-5d17-4a23-bb2f-3b9c445afd32,SAMMS-Tucson
202608252121597862,202608251925575017,202608251925573776,85,1484,Bronze INV,br_AdmissionAssessmentDimensionTwo,TASK_COMPLETE,SUCCESS,INFO,252,252,0,,2026-08-25T19:26:03.177Z,2026-08-25T21:23:56.829Z,7073,2026-08-25T21:23:56.829Z,V1,Memphis South,7eb7a049-5d17-4a23-bb2f-3b9c445afd32,SAMMS-VCPHCS-I-MemphisV5
202608252121597863,202608251925575018,202608251925573776,85,1485,Bronze INV,br_AdmissionAssessmentDimensionTwo,TASK_COMPLETE,SUCCESS,INFO,696,696,0,,2026-08-25T19:26:03.177Z,2026-08-25T21:23:56.829Z,7073,2026-08-25T21:23:56.829Z,V10,Longmont,7eb7a049-5d17-4a23-bb2f-3b9c445afd32,SAMMS-BoulderV5
202608252121597864,202608251925575019,202608251925573776,85,1486,Bronze INV,br_AdmissionAssessmentDimensionTwo,TASK_COMPLETE,SUCCESS,INFO,1191,1191,0,,2026-08-25T19:26:03.177Z,2026-08-25T21:23:56.829Z,7073,2026-08-25T21:23:56.829Z,V10A,Fort Collins,7eb7a049-5d17-4a23-bb2f-3b9c445afd32,SAMMS-FortCollinsV5
202608252121597865,202608251925575020,202608251925573776,85,1487,Bronze INV,br_AdmissionAssessmentDimensionTwo,TASK_COMPLETE,SUCCESS,INFO,996,996,0,,2026-08-25T19:26:03.177Z,2026-08-25T21:23:56.829Z,7073,2026-08-25T21:23:56.829Z,V11,Westminster,7eb7a049-5d17-4a23-bb2f-3b9c445afd32,SAMMS-VCPHCS-XI-NorthDenverV5
202608252121597866,202608251925575021,202608251925573776,85,1488,Bronze INV,br_AdmissionAssessmentDimensionTwo,TASK_COMPLETE,SUCCESS,INFO,1070,1070,0,,2026-08-25T19:26:03.177Z,2026-08-25T21:23:56.829Z,7073,2026-08-25T21:23:56.829Z,V12,Downtown Denver,7eb7a049-5d17-4a23-bb2f-3b9c445afd32,SAMMS-VCPHCS-XII-DowntownDenverV5
202608252121597867,202608251925575022,202608251925573776,85,1489,Bronze INV,br_AdmissionAssessmentDimensionTwo,TASK_COMPLETE,SUCCESS,INFO,479,479,0,,2026-08-25T19:26:03.177Z,2026-08-25T21:23:56.829Z,7073,2026-08-25T21:23:56.829Z,V12A,Centennial,7eb7a049-5d17-4a23-bb2f-3b9c445afd32,SAMMS-CentennialV5
202608252121597868,202608251925575023,202608251925573776,85,1490,Bronze INV,br_AdmissionAssessmentDimensionTwo,TASK_COMPLETE,SUCCESS,INFO,295,295,0,,2026-08-25T19:26:03.177Z,2026-08-25T21:23:56.829Z,7073,2026-08-25T21:23:56.829Z,V14,Overland Park,7eb7a049-5d17-4a23-bb2f-3b9c445afd32,SAMMS-VCPHCS-XIV-BridgewayV5
202608252121597870,202608251925575024,202608251925573776,85,1491,Bronze INV,br_AdmissionAssessmentDimensionTwo,TASK_COMPLETE,SUCCESS,INFO,566,566,0,,2026-08-25T19:26:03.177Z,2026-08-25T21:23:56.829Z,7073,2026-08-25T21:23:56.829Z,V15,Joplin,7eb7a049-5d17-4a23-bb2f-3b9c445afd32,SAMMS-JoplinV5
202608252121597871,202608251925575025,202608251925573776,85,1493,Bronze INV,br_AdmissionAssessmentDimensionTwo,TASK_COMPLETE,SUCCESS,INFO,472,472,0,,2026-08-25T19:26:03.177Z,2026-08-25T21:23:56.829Z,7073,2026-08-25T21:23:56.829Z,V17,Columbia TN,7eb7a049-5d17-4a23-bb2f-3b9c445afd32,SAMMS-ColumbiaTNv5
202608252121597872,202608251925575026,202608251925573776,85,1495,Bronze INV,br_AdmissionAssessmentDimensionTwo,TASK_COMPLETE,SUCCESS,INFO,418,418,0,,2026-08-25T19:26:03.177Z,2026-08-25T21:23:56.829Z,7073,2026-08-25T21:23:56.829Z,V19,Jackson,7eb7a049-5d17-4a23-bb2f-3b9c445afd32,SAMMS-JacksonV5
202608252121597873,202608251925575027,202608251925573776,85,1497,Bronze INV,br_AdmissionAssessmentDimensionTwo,TASK_COMPLETE,SUCCESS,INFO,489,489,0,,2026-08-25T19:26:03.177Z,2026-08-25T21:23:56.829Z,7073,2026-08-25T21:23:56.829Z,V20,Paris,7eb7a049-5d17-4a23-bb2f-3b9c445afd32,SAMMS-ParisV5
202608252121597874,202608251925575028,202608251925573776,85,1498,Bronze INV,br_AdmissionAssessmentDimensionTwo,TASK_COMPLETE,SUCCESS,INFO,355,355,0,,2026-08-25T19:26:03.177Z,2026-08-25T21:23:56.829Z,7073,2026-08-25T21:23:56.829Z,V21,Memphis North,7eb7a049-5d17-4a23-bb2f-3b9c445afd32,SAMMS-RaleighV5
202608252121597875,202608251925575029,202608251925573776,85,1501,Bronze INV,br_AdmissionAssessmentDimensionTwo,TASK_COMPLETE,SUCCESS,INFO,707,707,0,,2026-08-25T19:26:03.177Z,2026-08-25T21:23:56.829Z,7073,2026-08-25T21:23:56.829Z,V5,West Bank,7eb7a049-5d17-4a23-bb2f-3b9c445afd32,SAMMS-NONTCv5
202608252121597877,202608251925575030,202608251925573776,85,1503,Bronze INV,br_AdmissionAssessmentDimensionTwo,TASK_COMPLETE,SUCCESS,INFO,257,257,0,,2026-08-25T19:26:03.177Z,2026-08-25T21:23:56.829Z,7073,2026-08-25T21:23:56.829Z,V5B,Houma,7eb7a049-5d17-4a23-bb2f-3b9c445afd32,SAMMS-HoumaV6
202608252121597878,202608251925575031,202608251925573776,85,1504,Bronze INV,br_AdmissionAssessmentDimensionTwo,TASK_COMPLETE,SUCCESS,INFO,960,960,0,,2026-08-25T19:26:03.177Z,2026-08-25T21:23:56.829Z,7073,2026-08-25T21:23:56.829Z,V6,Lake Charles,7eb7a049-5d17-4a23-bb2f-3b9c445afd32,SAMMS-LCv5
202608252121597879,202608251925575032,202608251925573776,85,1506,Bronze INV,br_AdmissionAssessmentDimensionTwo,TASK_COMPLETE,SUCCESS,INFO,569,569,0,,2026-08-25T19:26:03.177Z,2026-08-25T21:23:56.829Z,7073,2026-08-25T21:23:56.829Z,V8,Memphis Midtown,7eb7a049-5d17-4a23-bb2f-3b9c445afd32,SAMMS-VCPHCS-VIII-MemphisV5
202608252121597880,202608251925575033,202608251925573776,85,1507,Bronze INV,br_AdmissionAssessmentDimensionTwo,TASK_COMPLETE,SUCCESS,INFO,1581,1581,0,,2026-08-25T19:26:03.177Z,2026-08-25T21:23:56.829Z,7073,2026-08-25T21:23:56.829Z,V9,Nashville,7eb7a049-5d17-4a23-bb2f-3b9c445afd32,SAMMS-NashvilleV5
202608252121597881,202608251925575034,202608251925573776,85,1508,Bronze INV,br_AdmissionAssessmentDimensionTwo,TASK_COMPLETE,SUCCESS,INFO,332,332,0,,2026-08-25T19:26:03.177Z,2026-08-25T21:23:56.829Z,7073,2026-08-25T21:23:56.829Z,VBRA,Brainerd,7eb7a049-5d17-4a23-bb2f-3b9c445afd32,SAMMS-BrainerdV6
202608252121597882,202608251925575035,202608251925573776,85,1509,Bronze INV,br_AdmissionAssessmentDimensionTwo,TASK_COMPLETE,SUCCESS,INFO,598,598,0,,2026-08-25T19:26:03.177Z,2026-08-25T21:23:56.829Z,7073,2026-08-25T21:23:56.829Z,VBRP,Brooklyn Park,7eb7a049-5d17-4a23-bb2f-3b9c445afd32,SAMMS-BrooklynParkV6
202608252121597884,202608251925575036,202608251925573776,85,1511,Bronze INV,br_AdmissionAssessmentDimensionTwo,TASK_COMPLETE,SUCCESS,INFO,579,579,0,,2026-08-25T19:26:03.177Z,2026-08-25T21:23:56.829Z,7073,2026-08-25T21:23:56.829Z,VMIN,Minneapolis,7eb7a049-5d17-4a23-bb2f-3b9c445afd32,SAMMS-MinneapolisV6
202608252121597885,202608251925575037,202608251925573776,85,1512,Bronze INV,br_AdmissionAssessmentDimensionTwo,TASK_COMPLETE,SUCCESS,INFO,1075,1075,0,,2026-08-25T19:26:03.177Z,2026-08-25T21:23:56.829Z,7073,2026-08-25T21:23:56.829Z,VWBY,Woodbury,7eb7a049-5d17-4a23-bb2f-3b9c445afd32,SAMMS-WoodburyV6
202608252121597886,202608251925575038,202608251925573776,85,1514,Bronze INV,br_AdmissionAssessmentDimensionTwo,TASK_COMPLETE,SUCCESS,INFO,432,432,0,,2026-08-25T19:26:03.177Z,2026-08-25T21:23:56.829Z,7073,2026-08-25T21:23:56.829Z,WIL,Wilson,7eb7a049-5d17-4a23-bb2f-3b9c445afd32,SAMMS-Wilson
202608252121597987,202608251925673779,202608251925673776,86,5722,Silver INV,sl_AdmissionAssessmentDimensionTwo,TASK_COMPLETE,SUCCESS,INFO,51371,51371,0,,2026-08-25T19:26:03.177Z,2026-08-25T21:23:56.829Z,7073,2026-08-25T21:23:56.829Z,,,7eb7a049-5d17-4a23-bb2f-3b9c445afd32,
202608252121597917,202608251925574694,202608251925573776,85,1518,Bronze INV,br_AdmissionAssessmentSummary,TASK_COMPLETE,SUCCESS,INFO,117,117,0,,2026-08-25T19:26:03.177Z,2026-08-25T21:23:56.829Z,7073,2026-08-25T21:23:56.829Z,AHK,Ahoskie,7eb7a049-5d17-4a23-bb2f-3b9c445afd32,SAMMS-Ahoskie
202608252121597919,202608251925574695,202608251925573776,85,1519,Bronze INV,br_AdmissionAssessmentSummary,TASK_COMPLETE,SUCCESS,INFO,801,801,0,,2026-08-25T19:26:03.177Z,2026-08-25T21:23:56.829Z,7073,2026-08-25T21:23:56.829Z,B12B,Colorado Springs,7eb7a049-5d17-4a23-bb2f-3b9c445afd32,SAMMS-ColoradoSpringsV5
202608252121597920,202608251925574696,202608251925573776,85,1520,Bronze INV,br_AdmissionAssessmentSummary,TASK_COMPLETE,SUCCESS,INFO,435,435,0,,2026-08-25T19:26:03.177Z,2026-08-25T21:23:56.829Z,7073,2026-08-25T21:23:56.829Z,B24,Paintsville,7eb7a049-5d17-4a23-bb2f-3b9c445afd32,SAMMS-PaintsvilleV5
202608252121597921,202608251925574697,202608251925573776,85,1521,Bronze INV,br_AdmissionAssessmentSummary,TASK_COMPLETE,SUCCESS,INFO,174,174,0,,2026-08-25T19:26:03.177Z,2026-08-25T21:23:56.829Z,7073,2026-08-25T21:23:56.829Z,B25,Pikeville,7eb7a049-5d17-4a23-bb2f-3b9c445afd32,SAMMS-PikevilleV5
202608252121597922,202608251925574698,202608251925573776,85,1522,Bronze INV,br_AdmissionAssessmentSummary,TASK_COMPLETE,SUCCESS,INFO,501,501,0,,2026-08-25T19:26:03.177Z,2026-08-25T21:23:56.829Z,7073,2026-08-25T21:23:56.829Z,B26,Hazard,7eb7a049-5d17-4a23-bb2f-3b9c445afd32,SAMMS-HazardV5
202608252121597923,202608251925574699,202608251925573776,85,1523,Bronze INV,br_AdmissionAssessmentSummary,TASK_COMPLETE,SUCCESS,INFO,199,199,0,,2026-08-25T19:26:03.177Z,2026-08-25T21:23:56.829Z,7073,2026-08-25T21:23:56.829Z,B27,Savannah,7eb7a049-5d17-4a23-bb2f-3b9c445afd32,SAMMS-SavannahV6
202608252121597924,202608251925574700,202608251925573776,85,1524,Bronze INV,br_AdmissionAssessmentSummary,TASK_COMPLETE,SUCCESS,INFO,239,239,0,,2026-08-25T19:26:03.177Z,2026-08-25T21:23:56.829Z,7073,2026-08-25T21:23:56.829Z,B28,West Plains,7eb7a049-5d17-4a23-bb2f-3b9c445afd32,SAMMS-WestPlainesV5
202608252121597926,202608251925574701,202608251925573776,85,1525,Bronze INV,br_AdmissionAssessmentSummary,TASK_COMPLETE,SUCCESS,INFO,263,263,0,,2026-08-25T19:26:03.177Z,2026-08-25T21:23:56.829Z,7073,2026-08-25T21:23:56.829Z,B29,Poplar Bluff,7eb7a049-5d17-4a23-bb2f-3b9c445afd32,SAMMS-PoplarBluffV5
202608252121597927,202608251925574702,202608251925573776,85,1526,Bronze INV,br_AdmissionAssessmentSummary,TASK_COMPLETE,SUCCESS,INFO,166,166,0,,2026-08-25T19:26:03.177Z,2026-08-25T21:23:56.829Z,7073,2026-08-25T21:23:56.829Z,B30,KC North,7eb7a049-5d17-4a23-bb2f-3b9c445afd32,SAMMS-KCNv5
202608252121597928,202608251925574703,202608251925573776,85,1527,Bronze INV,br_AdmissionAssessmentSummary,TASK_COMPLETE,SUCCESS,INFO,382,382,0,,2026-08-25T19:26:03.177Z,2026-08-25T21:23:56.829Z,7073,2026-08-25T21:23:56.829Z,B31,Dyersburg,7eb7a049-5d17-4a23-bb2f-3b9c445afd32,SAMMS-DyersburgV5
202608252121597929,202608251925574704,202608251925573776,85,1529,Bronze INV,br_AdmissionAssessmentSummary,TASK_COMPLETE,SUCCESS,INFO,217,217,0,,2026-08-25T19:26:03.177Z,2026-08-25T21:23:56.829Z,7073,2026-08-25T21:23:56.829Z,B33,Paducah,7eb7a049-5d17-4a23-bb2f-3b9c445afd32,SAMMS-Paducah
202608252121597930,202608251925574705,202608251925573776,85,1530,Bronze INV,br_AdmissionAssessmentSummary,TASK_COMPLETE,SUCCESS,INFO,461,461,0,,2026-08-25T19:26:03.177Z,2026-08-25T21:23:56.829Z,7073,2026-08-25T21:23:56.829Z,B34,Corbin,7eb7a049-5d17-4a23-bb2f-3b9c445afd32,SAMMS-CorbinV5
202608252121597931,202608251925574706,202608251925573776,85,1531,Bronze INV,br_AdmissionAssessmentSummary,TASK_COMPLETE,SUCCESS,INFO,738,738,0,,2026-08-25T19:26:03.177Z,2026-08-25T21:23:56.829Z,7073,2026-08-25T21:23:56.829Z,B35,Lexington,7eb7a049-5d17-4a23-bb2f-3b9c445afd32,SAMMS-LexingtonV5
202608252121597932,202608251925574707,202608251925573776,85,1532,Bronze INV,br_AdmissionAssessmentSummary,TASK_COMPLETE,SUCCESS,INFO,358,358,0,,2026-08-25T19:26:03.177Z,2026-08-25T21:23:56.829Z,7073,2026-08-25T21:23:56.829Z,B35A,Berea,7eb7a049-5d17-4a23-bb2f-3b9c445afd32,SAMMS-BereaV5
202608252121597934,202608251925574708,202608251925573776,85,1533,Bronze INV,br_AdmissionAssessmentSummary,TASK_COMPLETE,SUCCESS,INFO,633,633,0,,2026-08-25T19:26:03.177Z,2026-08-25T21:23:56.829Z,7073,2026-08-25T21:23:56.829Z,B36,Asheville,7eb7a049-5d17-4a23-bb2f-3b9c445afd32,SAMMS-AshevilleV5
202608252121597935,202608251925574709,202608251925573776,85,1534,Bronze INV,br_AdmissionAssessmentSummary,TASK_COMPLETE,SUCCESS,INFO,472,472,0,,2026-08-25T19:26:03.177Z,2026-08-25T21:23:56.829Z,7073,2026-08-25T21:23:56.829Z,B37,Clyde,7eb7a049-5d17-4a23-bb2f-3b9c445afd32,SAMMS-ClydeV5
202608252121597936,202608251925574710,202608251925573776,85,1535,Bronze INV,br_AdmissionAssessmentSummary,TASK_COMPLETE,SUCCESS,INFO,643,643,0,,2026-08-25T19:26:03.177Z,2026-08-25T21:23:56.829Z,7073,2026-08-25T21:23:56.829Z,B38,Spartanburg,7eb7a049-5d17-4a23-bb2f-3b9c445afd32,SAMMS-SpartanburgV5
202608252121597937,202608251925574711,202608251925573776,85,1536,Bronze INV,br_AdmissionAssessmentSummary,TASK_COMPLETE,SUCCESS,INFO,494,494,0,,2026-08-25T19:26:03.177Z,2026-08-25T21:23:56.829Z,7073,2026-08-25T21:23:56.829Z,B39,Aiken,7eb7a049-5d17-4a23-bb2f-3b9c445afd32,SAMMS-AikenV5
202608252121597938,202608251925574712,202608251925573776,85,1537,Bronze INV,br_AdmissionAssessmentSummary,TASK_COMPLETE,SUCCESS,INFO,329,329,0,,2026-08-25T19:26:03.177Z,2026-08-25T21:23:56.829Z,7073,2026-08-25T21:23:56.829Z,B41,Chesapeake,7eb7a049-5d17-4a23-bb2f-3b9c445afd32,SAMMS-ChesapeakeV5
202608252121597939,202608251925574713,202608251925573776,85,1538,Bronze INV,br_AdmissionAssessmentSummary,TASK_COMPLETE,SUCCESS,INFO,568,568,0,,2026-08-25T19:26:03.177Z,2026-08-25T21:23:56.829Z,7073,2026-08-25T21:23:56.829Z,B42,Virginia Beach,7eb7a049-5d17-4a23-bb2f-3b9c445afd32,SAMMS-VirginiaBeachV5
202608252121597941,202608251925574714,202608251925573776,85,1539,Bronze INV,br_AdmissionAssessmentSummary,TASK_COMPLETE,SUCCESS,INFO,175,175,0,,2026-08-25T19:26:03.177Z,2026-08-25T21:23:56.829Z,7073,2026-08-25T21:23:56.829Z,B42A,Newport News,7eb7a049-5d17-4a23-bb2f-3b9c445afd32,SAMMS-NewportNewsV5
202608252121597942,202608251925574715,202608251925573776,85,1540,Bronze INV,br_AdmissionAssessmentSummary,TASK_COMPLETE,SUCCESS,INFO,61,61,0,,2026-08-25T19:26:03.177Z,2026-08-25T21:23:56.829Z,7073,2026-08-25T21:23:56.829Z,B42B,Franklin,7eb7a049-5d17-4a23-bb2f-3b9c445afd32,SAMMS-FranklinV5
202608252121597943,202608251925574716,202608251925573776,85,1541,Bronze INV,br_AdmissionAssessmentSummary,TASK_COMPLETE,SUCCESS,INFO,352,352,0,,2026-08-25T19:26:03.177Z,2026-08-25T21:23:56.829Z,7073,2026-08-25T21:23:56.829Z,B42C,Glen Allen,7eb7a049-5d17-4a23-bb2f-3b9c445afd32,SAMMS-GlenAllenV5
202608252121597944,202608251925574717,202608251925573776,85,1542,Bronze INV,br_AdmissionAssessmentSummary,TASK_COMPLETE,SUCCESS,INFO,176,176,0,,2026-08-25T19:26:03.177Z,2026-08-25T21:23:56.829Z,7073,2026-08-25T21:23:56.829Z,B42D,Chesapeake South,7eb7a049-5d17-4a23-bb2f-3b9c445afd32,SAMMS-ChesapeakeSouthV5
202608252121597945,202608251925574718,202608251925573776,85,1543,Bronze INV,br_AdmissionAssessmentSummary,TASK_COMPLETE,SUCCESS,INFO,217,217,0,,2026-08-25T19:26:03.177Z,2026-08-25T21:23:56.829Z,7073,2026-08-25T21:23:56.829Z,B44,Albany,7eb7a049-5d17-4a23-bb2f-3b9c445afd32,SAMMS-AlbanyV5
202608252121597946,202608251925574719,202608251925573776,85,1544,Bronze INV,br_AdmissionAssessmentSummary,TASK_COMPLETE,SUCCESS,INFO,313,313,0,,2026-08-25T19:26:03.177Z,2026-08-25T21:23:56.829Z,7073,2026-08-25T21:23:56.829Z,B45,Tifton,7eb7a049-5d17-4a23-bb2f-3b9c445afd32,SAMMS-TiftonV5
202608252121597948,202608251925574720,202608251925573776,85,1545,Bronze INV,br_AdmissionAssessmentSummary,TASK_COMPLETE,SUCCESS,INFO,708,708,0,,2026-08-25T19:26:03.177Z,2026-08-25T21:23:56.829Z,7073,2026-08-25T21:23:56.829Z,B46,Washington DC,7eb7a049-5d17-4a23-bb2f-3b9c445afd32,SAMMS-WashingtonDCv5
202608252121597949,202608251925574721,202608251925573776,85,1546,Bronze INV,br_AdmissionAssessmentSummary,TASK_COMPLETE,SUCCESS,INFO,409,409,0,,2026-08-25T19:26:03.177Z,2026-08-25T21:23:56.829Z,7073,2026-08-25T21:23:56.829Z,B47,Mobile,7eb7a049-5d17-4a23-bb2f-3b9c445afd32,SAMMS-MobileV5
202608252121597950,202608251925574722,202608251925573776,85,1547,Bronze INV,br_AdmissionAssessmentSummary,TASK_COMPLETE,SUCCESS,INFO,477,477,0,,2026-08-25T19:26:03.177Z,2026-08-25T21:23:56.829Z,7073,2026-08-25T21:23:56.829Z,B48,Tuscaloosa,7eb7a049-5d17-4a23-bb2f-3b9c445afd32,SAMMS-TuscaloosaV5
202608252121597951,202608251925574723,202608251925573776,85,1556,Bronze INV,br_AdmissionAssessmentSummary,TASK_COMPLETE,SUCCESS,INFO,322,322,0,,2026-08-25T19:26:03.177Z,2026-08-25T21:23:56.829Z,7073,2026-08-25T21:23:56.829Z,B51,N. Little Rock (OTP),7eb7a049-5d17-4a23-bb2f-3b9c445afd32,SAMMS-NorthLittleRockV6
202608252121597952,202608251925574724,202608251925573776,85,1557,Bronze INV,br_AdmissionAssessmentSummary,TASK_COMPLETE,SUCCESS,INFO,166,166,0,,2026-08-25T19:26:03.177Z,2026-08-25T21:23:56.829Z,7073,2026-08-25T21:23:56.829Z,B52,Jackson GA,7eb7a049-5d17-4a23-bb2f-3b9c445afd32,SAMMS-JacksonGAV5
202608252121597954,202608251925574725,202608251925573776,85,1558,Bronze INV,br_AdmissionAssessmentSummary,TASK_COMPLETE,SUCCESS,INFO,510,510,0,,2026-08-25T19:26:03.177Z,2026-08-25T21:23:56.829Z,7073,2026-08-25T21:23:56.829Z,B54,Gadsden,7eb7a049-5d17-4a23-bb2f-3b9c445afd32,SAMMS-GadsdenV5
202608252121597955,202608251925574726,202608251925573776,85,1559,Bronze INV,br_AdmissionAssessmentSummary,TASK_COMPLETE,SUCCESS,INFO,521,521,0,,2026-08-25T19:26:03.177Z,2026-08-25T21:23:56.829Z,7073,2026-08-25T21:23:56.829Z,B55,Shoals,7eb7a049-5d17-4a23-bb2f-3b9c445afd32,SAMMS-ShoalsV5
202608252121597956,202608251925574727,202608251925573776,85,1560,Bronze INV,br_AdmissionAssessmentSummary,TASK_COMPLETE,SUCCESS,INFO,178,178,0,,2026-08-25T19:26:03.177Z,2026-08-25T21:23:56.829Z,7073,2026-08-25T21:23:56.829Z,B57,Pawtucket,7eb7a049-5d17-4a23-bb2f-3b9c445afd32,SAMMS-Pawtucket
202608252121597957,202608251925574728,202608251925573776,85,1561,Bronze INV,br_AdmissionAssessmentSummary,TASK_COMPLETE,SUCCESS,INFO,179,179,0,,2026-08-25T19:26:03.177Z,2026-08-25T21:23:56.829Z,7073,2026-08-25T21:23:56.829Z,B57A,Johnston,7eb7a049-5d17-4a23-bb2f-3b9c445afd32,SAMMS-Johnston
202608252121597958,202608251925574729,202608251925573776,85,1562,Bronze INV,br_AdmissionAssessmentSummary,TASK_COMPLETE,SUCCESS,INFO,100,100,0,,2026-08-25T19:26:03.177Z,2026-08-25T21:23:56.829Z,7073,2026-08-25T21:23:56.829Z,B57B,Middletown,7eb7a049-5d17-4a23-bb2f-3b9c445afd32,SAMMS-Middletown
202608252121597959,202608251925574730,202608251925573776,85,1563,Bronze INV,br_AdmissionAssessmentSummary,TASK_COMPLETE,SUCCESS,INFO,188,188,0,,2026-08-25T19:26:03.177Z,2026-08-25T21:23:56.829Z,7073,2026-08-25T21:23:56.829Z,B57C,Providence,7eb7a049-5d17-4a23-bb2f-3b9c445afd32,SAMMS-Providence
202608252121597961,202608251925574731,202608251925573776,85,1564,Bronze INV,br_AdmissionAssessmentSummary,TASK_COMPLETE,SUCCESS,INFO,267,267,0,,2026-08-25T19:26:03.177Z,2026-08-25T21:23:56.829Z,7073,2026-08-25T21:23:56.829Z,B57D,Westerly,7eb7a049-5d17-4a23-bb2f-3b9c445afd32,SAMMS-Westerly
202608252121597962,202608251925574732,202608251925573776,85,1568,Bronze INV,br_AdmissionAssessmentSummary,TASK_COMPLETE,SUCCESS,INFO,372,372,0,,2026-08-25T19:26:03.177Z,2026-08-25T21:23:56.829Z,7073,2026-08-25T21:23:56.829Z,B66A,Bremen,7eb7a049-5d17-4a23-bb2f-3b9c445afd32,SAMMS-Bremen
202608252121597963,202608251925574733,202608251925573776,85,1571,Bronze INV,br_AdmissionAssessmentSummary,TASK_COMPLETE,SUCCESS,INFO,52,52,0,,2026-08-25T19:26:03.177Z,2026-08-25T21:23:56.829Z,7073,2026-08-25T21:23:56.829Z,B72,Mobile (OBOT),7eb7a049-5d17-4a23-bb2f-3b9c445afd32,SAMMS-Mobile-OBOT
202608252121597964,202608251925574734,202608251925573776,85,1572,Bronze INV,br_AdmissionAssessmentSummary,TASK_COMPLETE,SUCCESS,INFO,4,4,0,,2026-08-25T19:26:03.177Z,2026-08-25T21:23:56.829Z,7073,2026-08-25T21:23:56.829Z,B73,Montgomery,7eb7a049-5d17-4a23-bb2f-3b9c445afd32,SAMMS-Montgomery
202608252121597965,202608251925574735,202608251925573776,85,1573,Bronze INV,br_AdmissionAssessmentSummary,TASK_COMPLETE,SUCCESS,INFO,341,341,0,,2026-08-25T19:26:03.177Z,2026-08-25T21:23:56.829Z,7073,2026-08-25T21:23:56.829Z,B75,Lawrence,7eb7a049-5d17-4a23-bb2f-3b9c445afd32,SAMMS-LawrenceV6
202608252121597966,202608251925574736,202608251925573776,85,1574,Bronze INV,br_AdmissionAssessmentSummary,TASK_COMPLETE,SUCCESS,INFO,54,54,0,,2026-08-25T19:26:03.177Z,2026-08-25T21:23:56.829Z,7073,2026-08-25T21:23:56.829Z,B76,Huntsville OBOT,7eb7a049-5d17-4a23-bb2f-3b9c445afd32,SAMMS-Huntsville-OBOT
202608252121597968,202608251925574737,202608251925573776,85,1575,Bronze INV,br_AdmissionAssessmentSummary,TASK_COMPLETE,SUCCESS,INFO,306,306,0,,2026-08-25T19:26:03.177Z,2026-08-25T21:23:56.829Z,7073,2026-08-25T21:23:56.829Z,BAT,Batesville,7eb7a049-5d17-4a23-bb2f-3b9c445afd32,SAMMS-Batesville
202608252121597969,202608251925574738,202608251925573776,85,1576,Bronze INV,br_AdmissionAssessmentSummary,TASK_COMPLETE,SUCCESS,INFO,246,246,0,,2026-08-25T19:26:03.177Z,2026-08-25T21:23:56.829Z,7073,2026-08-25T21:23:56.829Z,BG,Bowling Green,7eb7a049-5d17-4a23-bb2f-3b9c445afd32,SAMMS-BowlingGreen
202608252121597970,202608251925574739,202608251925573776,85,1577,Bronze INV,br_AdmissionAssessmentSummary,TASK_COMPLETE,SUCCESS,INFO,233,233,0,,2026-08-25T19:26:03.177Z,2026-08-25T21:23:56.829Z,7073,2026-08-25T21:23:56.829Z,BOI,Boise,7eb7a049-5d17-4a23-bb2f-3b9c445afd32,SAMMS-Boise
202608252121597971,202608251925574740,202608251925573776,85,1584,Bronze INV,br_AdmissionAssessmentSummary,TASK_COMPLETE,SUCCESS,INFO,308,308,0,,2026-08-25T19:26:03.177Z,2026-08-25T21:23:56.829Z,7073,2026-08-25T21:23:56.829Z,CBCO,Coeur dAlene,7eb7a049-5d17-4a23-bb2f-3b9c445afd32,SAMMS-CoeurdAleneV6
202608252121597972,202608251925574741,202608251925573776,85,1603,Bronze INV,br_AdmissionAssessmentSummary,TASK_COMPLETE,SUCCESS,INFO,344,344,0,,2026-08-25T19:26:03.177Z,2026-08-25T21:23:56.829Z,7073,2026-08-25T21:23:56.829Z,CON,Conway,7eb7a049-5d17-4a23-bb2f-3b9c445afd32,SAMMS-Conway
202608252121597973,202608251925574742,202608251925573776,85,1604,Bronze INV,br_AdmissionAssessmentSummary,TASK_COMPLETE,SUCCESS,INFO,1639,1639,0,,2026-08-25T19:26:03.177Z,2026-08-25T21:23:56.829Z,7073,2026-08-25T21:23:56.829Z,D07,Medical Services Knox TN,7eb7a049-5d17-4a23-bb2f-3b9c445afd32,SAMMS-KnoxvilleV6
202608252121597975,202608251925574743,202608251925573776,85,1605,Bronze INV,br_AdmissionAssessmentSummary,TASK_COMPLETE,SUCCESS,INFO,1039,1039,0,,2026-08-25T19:26:03.177Z,2026-08-25T21:23:56.829Z,7073,2026-08-25T21:23:56.829Z,D08,Madison,7eb7a049-5d17-4a23-bb2f-3b9c445afd32,SAMMS-MadisonV6
202608252121597976,202608251925574744,202608251925573776,85,1607,Bronze INV,br_AdmissionAssessmentSummary,TASK_COMPLETE,SUCCESS,INFO,987,987,0,,2026-08-25T19:26:03.177Z,2026-08-25T21:23:56.829Z,7073,2026-08-25T21:23:56.829Z,D09,Murfreesboro,7eb7a049-5d17-4a23-bb2f-3b9c445afd32,SAMMS-MurfreesboroV6
202608252121597977,202608251925574745,202608251925573776,85,1608,Bronze INV,br_AdmissionAssessmentSummary,TASK_COMPLETE,SUCCESS,INFO,231,231,0,,2026-08-25T19:26:03.177Z,2026-08-25T21:23:56.829Z,7073,2026-08-25T21:23:56.829Z,DA,Davenport,7eb7a049-5d17-4a23-bb2f-3b9c445afd32,SAMMS-Davenport
202608252121597978,202608251925574746,202608251925573776,85,1609,Bronze INV,br_AdmissionAssessmentSummary,TASK_COMPLETE,SUCCESS,INFO,365,365,0,,2026-08-25T19:26:03.177Z,2026-08-25T21:23:56.829Z,7073,2026-08-25T21:23:56.829Z,DM,Des Moines,7eb7a049-5d17-4a23-bb2f-3b9c445afd32,SAMMS-DesMoines
202608252121597979,202608251925574747,202608251925573776,85,1611,Bronze INV,br_AdmissionAssessmentSummary,TASK_COMPLETE,SUCCESS,INFO,498,498,0,,2026-08-25T19:26:03.177Z,2026-08-25T21:23:56.829Z,7073,2026-08-25T21:23:56.829Z,DRD-CO,Columbia MO,7eb7a049-5d17-4a23-bb2f-3b9c445afd32,SAMMS-ColumbiaV5
202608252121597980,202608251925574748,202608251925573776,85,1612,Bronze INV,br_AdmissionAssessmentSummary,TASK_COMPLETE,SUCCESS,INFO,620,620,0,,2026-08-25T19:26:03.177Z,2026-08-25T21:23:56.829Z,7073,2026-08-25T21:23:56.829Z,DRD-KC,KC,7eb7a049-5d17-4a23-bb2f-3b9c445afd32,SAMMS-KCv5
202608252121597981,202608251925574749,202608251925573776,85,1613,Bronze INV,br_AdmissionAssessmentSummary,TASK_COMPLETE,SUCCESS,INFO,988,988,0,,2026-08-25T19:26:03.177Z,2026-08-25T21:23:56.829Z,7073,2026-08-25T21:23:56.829Z,DRD-KVB,KVB,7eb7a049-5d17-4a23-bb2f-3b9c445afd32,SAMMS-KVBv5
202608252121597983,202608251925574750,202608251925573776,85,1614,Bronze INV,br_AdmissionAssessmentSummary,TASK_COMPLETE,SUCCESS,INFO,1605,1605,0,,2026-08-25T19:26:03.177Z,2026-08-25T21:23:56.829Z,7073,2026-08-25T21:23:56.829Z,DRD-KVC,KVC,7eb7a049-5d17-4a23-bb2f-3b9c445afd32,SAMMS-KVCv5
202608252121597984,202608251925574751,202608251925573776,85,1615,Bronze INV,br_AdmissionAssessmentSummary,TASK_COMPLETE,SUCCESS,INFO,1275,1275,0,,2026-08-25T19:26:03.177Z,2026-08-25T21:23:56.829Z,7073,2026-08-25T21:23:56.829Z,DRD-NOLA,NOLA,7eb7a049-5d17-4a23-bb2f-3b9c445afd32,SAMMS-NOLAv5
202608252121597985,202608251925574752,202608251925573776,85,1616,Bronze INV,br_AdmissionAssessmentSummary,TASK_COMPLETE,SUCCESS,INFO,775,775,0,,2026-08-25T19:26:03.177Z,2026-08-25T21:23:56.829Z,7073,2026-08-25T21:23:56.829Z,DRD-SF,Springfield,7eb7a049-5d17-4a23-bb2f-3b9c445afd32,SAMMS-SFv5
202608252121597986,202608251925574753,202608251925573776,85,1618,Bronze INV,br_AdmissionAssessmentSummary,TASK_COMPLETE,SUCCESS,INFO,284,284,0,,2026-08-25T19:26:03.177Z,2026-08-25T21:23:56.829Z,7073,2026-08-25T21:23:56.829Z,ELC,Elizabeth City,7eb7a049-5d17-4a23-bb2f-3b9c445afd32,SAMMS-ElizabethCity
202608252121597987,202608251925574754,202608251925573776,85,1619,Bronze INV,br_AdmissionAssessmentSummary,TASK_COMPLETE,SUCCESS,INFO,285,285,0,,2026-08-25T19:26:03.177Z,2026-08-25T21:23:56.829Z,7073,2026-08-25T21:23:56.829Z,ET,Elizabethtown,7eb7a049-5d17-4a23-bb2f-3b9c445afd32,SAMMS-Elizabethtown
202608252121597988,202608251925574755,202608251925573776,85,1620,Bronze INV,br_AdmissionAssessmentSummary,TASK_COMPLETE,SUCCESS,INFO,238,238,0,,2026-08-25T19:26:03.177Z,2026-08-25T21:23:56.829Z,7073,2026-08-25T21:23:56.829Z,FAY,Fayetteville,7eb7a049-5d17-4a23-bb2f-3b9c445afd32,SAMMS-Fayetteville
202608252121597990,202608251925574756,202608251925573776,85,1621,Bronze INV,br_AdmissionAssessmentSummary,TASK_COMPLETE,SUCCESS,INFO,185,185,0,,2026-08-25T19:26:03.177Z,2026-08-25T21:23:56.829Z,7073,2026-08-25T21:23:56.829Z,FR,Frankfort,7eb7a049-5d17-4a23-bb2f-3b9c445afd32,SAMMS-Frankfort
202608252121597991,202608251925574757,202608251925573776,85,1622,Bronze INV,br_AdmissionAssessmentSummary,TASK_COMPLETE,SUCCESS,INFO,293,293,0,,2026-08-25T19:26:03.177Z,2026-08-25T21:23:56.829Z,7073,2026-08-25T21:23:56.829Z,FS,Fort Smith,7eb7a049-5d17-4a23-bb2f-3b9c445afd32,SAMMS-FortSmith
202608252121597992,202608251925574758,202608251925573776,85,1623,Bronze INV,br_AdmissionAssessmentSummary,TASK_COMPLETE,SUCCESS,INFO,684,684,0,,2026-08-25T19:26:03.177Z,2026-08-25T21:23:56.829Z,7073,2026-08-25T21:23:56.829Z,FW,Fort Wayne,7eb7a049-5d17-4a23-bb2f-3b9c445afd32,SAMMS-FortWayne
202608252121597993,202608251925574759,202608251925573776,85,1624,Bronze INV,br_AdmissionAssessmentSummary,TASK_COMPLETE,SUCCESS,INFO,127,127,0,,2026-08-25T19:26:03.177Z,2026-08-25T21:23:56.829Z,7073,2026-08-25T21:23:56.829Z,GAL,Gaylord,7eb7a049-5d17-4a23-bb2f-3b9c445afd32,SAMMS-Gaylord
202608252121597994,202608251925574760,202608251925573776,85,1628,Bronze INV,br_AdmissionAssessmentSummary,TASK_COMPLETE,SUCCESS,INFO,636,636,0,,2026-08-25T19:26:03.177Z,2026-08-25T21:23:56.829Z,7073,2026-08-25T21:23:56.829Z,HGT,Hagerstown,7eb7a049-5d17-4a23-bb2f-3b9c445afd32,SAMMS-Hagerstown
202608252121597995,202608251925574761,202608251925573776,85,1629,Bronze INV,br_AdmissionAssessmentSummary,TASK_COMPLETE,SUCCESS,INFO,488,488,0,,2026-08-25T19:26:03.177Z,2026-08-25T21:23:56.829Z,7073,2026-08-25T21:23:56.829Z,HNT,Huntsville,7eb7a049-5d17-4a23-bb2f-3b9c445afd32,SAMMS-Huntsville
202608252121597997,202608251925574762,202608251925573776,85,1630,Bronze INV,br_AdmissionAssessmentSummary,TASK_COMPLETE,SUCCESS,INFO,358,358,0,,2026-08-25T19:26:03.177Z,2026-08-25T21:23:56.829Z,7073,2026-08-25T21:23:56.829Z,HS,Hot Springs,7eb7a049-5d17-4a23-bb2f-3b9c445afd32,SAMMS-HotSprings
202608252121597998,202608251925574763,202608251925573776,85,1631,Bronze INV,br_AdmissionAssessmentSummary,TASK_COMPLETE,SUCCESS,INFO,267,267,0,,2026-08-25T19:26:03.177Z,2026-08-25T21:23:56.829Z,7073,2026-08-25T21:23:56.829Z,JON,Jonesboro,7eb7a049-5d17-4a23-bb2f-3b9c445afd32,SAMMS-Jonesboro
202608252121597999,202608251925574764,202608251925573776,85,1633,Bronze INV,br_AdmissionAssessmentSummary,TASK_COMPLETE,SUCCESS,INFO,196,196,0,,2026-08-25T19:26:03.177Z,2026-08-25T21:23:56.829Z,7073,2026-08-25T21:23:56.829Z,LAN,Lansing,7eb7a049-5d17-4a23-bb2f-3b9c445afd32,SAMMS-Lansing
202608252121598000,202608251925574765,202608251925573776,85,1634,Bronze INV,br_AdmissionAssessmentSummary,TASK_COMPLETE,SUCCESS,INFO,450,450,0,,2026-08-25T19:26:03.177Z,2026-08-25T21:23:56.829Z,7073,2026-08-25T21:23:56.829Z,LO,Louisville,7eb7a049-5d17-4a23-bb2f-3b9c445afd32,SAMMS-Louisville
202608252121598001,202608251925574766,202608251925573776,85,1635,Bronze INV,br_AdmissionAssessmentSummary,TASK_COMPLETE,SUCCESS,INFO,1223,1223,0,,2026-08-25T19:26:03.177Z,2026-08-25T21:23:56.829Z,7073,2026-08-25T21:23:56.829Z,LV1,Cheyenne,7eb7a049-5d17-4a23-bb2f-3b9c445afd32,SAMMS-Cheyenne
202608252121598002,202608251925574767,202608251925573776,85,1636,Bronze INV,br_AdmissionAssessmentSummary,TASK_COMPLETE,SUCCESS,INFO,967,967,0,,2026-08-25T19:26:03.177Z,2026-08-25T21:23:56.829Z,7073,2026-08-25T21:23:56.829Z,LV2,Desert Inn,7eb7a049-5d17-4a23-bb2f-3b9c445afd32,SAMMS-DesertInn
202608252121598004,202608251925574768,202608251925573776,85,1637,Bronze INV,br_AdmissionAssessmentSummary,TASK_COMPLETE,SUCCESS,INFO,322,322,0,,2026-08-25T19:26:03.177Z,2026-08-25T21:23:56.829Z,7073,2026-08-25T21:23:56.829Z,LV3,McDaniel,7eb7a049-5d17-4a23-bb2f-3b9c445afd32,SAMMS-McDaniel
202608252121598005,202608251925574769,202608251925573776,85,1640,Bronze INV,br_AdmissionAssessmentSummary,TASK_COMPLETE,SUCCESS,INFO,279,279,0,,2026-08-25T19:26:03.177Z,2026-08-25T21:23:56.829Z,7073,2026-08-25T21:23:56.829Z,MNRE,Monroe,7eb7a049-5d17-4a23-bb2f-3b9c445afd32,SAMMS-Monroe
202608252121598006,202608251925574770,202608251925573776,85,1641,Bronze INV,br_AdmissionAssessmentSummary,TASK_COMPLETE,SUCCESS,INFO,196,196,0,,2026-08-25T19:26:03.177Z,2026-08-25T21:23:56.829Z,7073,2026-08-25T21:23:56.829Z,MP,Mt. Pleasant,7eb7a049-5d17-4a23-bb2f-3b9c445afd32,SAMMS-MtPleasant
202608252121598007,202608251925574771,202608251925573776,85,1642,Bronze INV,br_AdmissionAssessmentSummary,TASK_COMPLETE,SUCCESS,INFO,174,174,0,,2026-08-25T19:26:03.177Z,2026-08-25T21:23:56.829Z,7073,2026-08-25T21:23:56.829Z,MRD,Meridian,7eb7a049-5d17-4a23-bb2f-3b9c445afd32,SAMMS-Meridian
202608252121598008,202608251925574772,202608251925573776,85,1647,Bronze INV,br_AdmissionAssessmentSummary,TASK_COMPLETE,SUCCESS,INFO,639,639,0,,2026-08-25T19:26:03.177Z,2026-08-25T21:23:56.829Z,7073,2026-08-25T21:23:56.829Z,NC,North Charleston,7eb7a049-5d17-4a23-bb2f-3b9c445afd32,SAMMS-NorthCharleston
202608252121598009,202608251925574773,202608251925573776,85,1648,Bronze INV,br_AdmissionAssessmentSummary,TASK_COMPLETE,SUCCESS,INFO,574,574,0,,2026-08-25T19:26:03.177Z,2026-08-25T21:23:56.829Z,7073,2026-08-25T21:23:56.829Z,NLR,N. Little Rock,7eb7a049-5d17-4a23-bb2f-3b9c445afd32,SAMMS-NLROBOT
202608252121598010,202608251925574774,202608251925573776,85,1649,Bronze INV,br_AdmissionAssessmentSummary,TASK_COMPLETE,SUCCESS,INFO,247,247,0,,2026-08-25T19:26:03.177Z,2026-08-25T21:23:56.829Z,7073,2026-08-25T21:23:56.829Z,PH,Phoenix,7eb7a049-5d17-4a23-bb2f-3b9c445afd32,SAMMS-Phoenix
202608252121598012,202608251925574775,202608251925573776,85,1653,Bronze INV,br_AdmissionAssessmentSummary,TASK_COMPLETE,SUCCESS,INFO,424,424,0,,2026-08-25T19:26:03.177Z,2026-08-25T21:23:56.829Z,7073,2026-08-25T21:23:56.829Z,RE,Reno,7eb7a049-5d17-4a23-bb2f-3b9c445afd32,SAMMS-Reno
202608252121598013,202608251925574776,202608251925573776,85,1654,Bronze INV,br_AdmissionAssessmentSummary,TASK_COMPLETE,SUCCESS,INFO,407,407,0,,2026-08-25T19:26:03.177Z,2026-08-25T21:23:56.829Z,7073,2026-08-25T21:23:56.829Z,RMD,Richmond,7eb7a049-5d17-4a23-bb2f-3b9c445afd32,SAMMS-Richmond
202608252121598014,202608251925574777,202608251925573776,85,1655,Bronze INV,br_AdmissionAssessmentSummary,TASK_COMPLETE,SUCCESS,INFO,504,504,0,,2026-08-25T19:26:03.177Z,2026-08-25T21:23:56.829Z,7073,2026-08-25T21:23:56.829Z,SFN,Springfield North,7eb7a049-5d17-4a23-bb2f-3b9c445afd32,SAMMS-SFNv5
202608252121598015,202608251925574778,202608251925573776,85,1656,Bronze INV,br_AdmissionAssessmentSummary,TASK_COMPLETE,SUCCESS,INFO,464,464,0,,2026-08-25T19:26:03.177Z,2026-08-25T21:23:56.829Z,7073,2026-08-25T21:23:56.829Z,SHP,Shreveport,7eb7a049-5d17-4a23-bb2f-3b9c445afd32,SAMMS-Shreveport
202608252121598016,202608251925574779,202608251925573776,85,1658,Bronze INV,br_AdmissionAssessmentSummary,TASK_COMPLETE,SUCCESS,INFO,88,88,0,,2026-08-25T19:26:03.177Z,2026-08-25T21:23:56.829Z,7073,2026-08-25T21:23:56.829Z,STN,Staunton,7eb7a049-5d17-4a23-bb2f-3b9c445afd32,SAMMS-Staunton
202608252121598017,202608251925574780,202608251925573776,85,1659,Bronze INV,br_AdmissionAssessmentSummary,TASK_COMPLETE,SUCCESS,INFO,57,57,0,,2026-08-25T19:26:03.177Z,2026-08-25T21:23:56.829Z,7073,2026-08-25T21:23:56.829Z,STVN,Stevenson,7eb7a049-5d17-4a23-bb2f-3b9c445afd32,SAMMS-Stevenson
202608252121598019,202608251925574781,202608251925573776,85,1661,Bronze INV,br_AdmissionAssessmentSummary,TASK_COMPLETE,SUCCESS,INFO,77,77,0,,2026-08-25T19:26:03.177Z,2026-08-25T21:23:56.829Z,7073,2026-08-25T21:23:56.829Z,TE,Tempe,7eb7a049-5d17-4a23-bb2f-3b9c445afd32,SAMMS-Tempe
202608252121598020,202608251925574782,202608251925573776,85,1662,Bronze INV,br_AdmissionAssessmentSummary,TASK_COMPLETE,SUCCESS,INFO,392,392,0,,2026-08-25T19:26:03.177Z,2026-08-25T21:23:56.829Z,7073,2026-08-25T21:23:56.829Z,TEX,Texarkana,7eb7a049-5d17-4a23-bb2f-3b9c445afd32,SAMMS-Texarkana
202608252121598021,202608251925574783,202608251925573776,85,1663,Bronze INV,br_AdmissionAssessmentSummary,TASK_COMPLETE,SUCCESS,INFO,469,469,0,,2026-08-25T19:26:03.177Z,2026-08-25T21:23:56.829Z,7073,2026-08-25T21:23:56.829Z,TTCA,Bessemer,7eb7a049-5d17-4a23-bb2f-3b9c445afd32,SAMMS-BessemerV5
202608252121598022,202608251925574784,202608251925573776,85,1664,Bronze INV,br_AdmissionAssessmentSummary,TASK_COMPLETE,SUCCESS,INFO,555,555,0,,2026-08-25T19:26:03.177Z,2026-08-25T21:23:56.829Z,7073,2026-08-25T21:23:56.829Z,TTCB,Cullman,7eb7a049-5d17-4a23-bb2f-3b9c445afd32,SAMMS-CullmanV5
202608252121598023,202608251925574785,202608251925573776,85,1665,Bronze INV,br_AdmissionAssessmentSummary,TASK_COMPLETE,SUCCESS,INFO,392,392,0,,2026-08-25T19:26:03.177Z,2026-08-25T21:23:56.829Z,7073,2026-08-25T21:23:56.829Z,TTCC,Grand Bay,7eb7a049-5d17-4a23-bb2f-3b9c445afd32,SAMMS-GrandBay
202608252121598024,202608251925574786,202608251925573776,85,1666,Bronze INV,br_AdmissionAssessmentSummary,TASK_COMPLETE,SUCCESS,INFO,25,25,0,,2026-08-25T19:26:03.177Z,2026-08-25T21:23:56.829Z,7073,2026-08-25T21:23:56.829Z,TU,Tucson,7eb7a049-5d17-4a23-bb2f-3b9c445afd32,SAMMS-Tucson
202608252121598026,202608251925574787,202608251925573776,85,1668,Bronze INV,br_AdmissionAssessmentSummary,TASK_COMPLETE,SUCCESS,INFO,265,265,0,,2026-08-25T19:26:03.177Z,2026-08-25T21:23:56.829Z,7073,2026-08-25T21:23:56.829Z,V1,Memphis South,7eb7a049-5d17-4a23-bb2f-3b9c445afd32,SAMMS-VCPHCS-I-MemphisV5
202608252121598027,202608251925574788,202608251925573776,85,1669,Bronze INV,br_AdmissionAssessmentSummary,TASK_COMPLETE,SUCCESS,INFO,708,708,0,,2026-08-25T19:26:03.177Z,2026-08-25T21:23:56.829Z,7073,2026-08-25T21:23:56.829Z,V10,Longmont,7eb7a049-5d17-4a23-bb2f-3b9c445afd32,SAMMS-BoulderV5
202608252121598028,202608251925574789,202608251925573776,85,1670,Bronze INV,br_AdmissionAssessmentSummary,TASK_COMPLETE,SUCCESS,INFO,1210,1210,0,,2026-08-25T19:26:03.177Z,2026-08-25T21:23:56.829Z,7073,2026-08-25T21:23:56.829Z,V10A,Fort Collins,7eb7a049-5d17-4a23-bb2f-3b9c445afd32,SAMMS-FortCollinsV5
202608252121598029,202608251925574790,202608251925573776,85,1671,Bronze INV,br_AdmissionAssessmentSummary,TASK_COMPLETE,SUCCESS,INFO,1053,1053,0,,2026-08-25T19:26:03.177Z,2026-08-25T21:23:56.829Z,7073,2026-08-25T21:23:56.829Z,V11,Westminster,7eb7a049-5d17-4a23-bb2f-3b9c445afd32,SAMMS-VCPHCS-XI-NorthDenverV5
202608252121598030,202608251925574791,202608251925573776,85,1672,Bronze INV,br_AdmissionAssessmentSummary,TASK_COMPLETE,SUCCESS,INFO,1117,1117,0,,2026-08-25T19:26:03.177Z,2026-08-25T21:23:56.829Z,7073,2026-08-25T21:23:56.829Z,V12,Downtown Denver,7eb7a049-5d17-4a23-bb2f-3b9c445afd32,SAMMS-VCPHCS-XII-DowntownDenverV5
202608252121598031,202608251925574792,202608251925573776,85,1673,Bronze INV,br_AdmissionAssessmentSummary,TASK_COMPLETE,SUCCESS,INFO,507,507,0,,2026-08-25T19:26:03.177Z,2026-08-25T21:23:56.829Z,7073,2026-08-25T21:23:56.829Z,V12A,Centennial,7eb7a049-5d17-4a23-bb2f-3b9c445afd32,SAMMS-CentennialV5
202608252121598033,202608251925574793,202608251925573776,85,1674,Bronze INV,br_AdmissionAssessmentSummary,TASK_COMPLETE,SUCCESS,INFO,315,315,0,,2026-08-25T19:26:03.177Z,2026-08-25T21:23:56.829Z,7073,2026-08-25T21:23:56.829Z,V14,Overland Park,7eb7a049-5d17-4a23-bb2f-3b9c445afd32,SAMMS-VCPHCS-XIV-BridgewayV5
202608252121598034,202608251925574794,202608251925573776,85,1675,Bronze INV,br_AdmissionAssessmentSummary,TASK_COMPLETE,SUCCESS,INFO,572,572,0,,2026-08-25T19:26:03.177Z,2026-08-25T21:23:56.829Z,7073,2026-08-25T21:23:56.829Z,V15,Joplin,7eb7a049-5d17-4a23-bb2f-3b9c445afd32,SAMMS-JoplinV5
202608252121598035,202608251925574795,202608251925573776,85,1677,Bronze INV,br_AdmissionAssessmentSummary,TASK_COMPLETE,SUCCESS,INFO,489,489,0,,2026-08-25T19:26:03.177Z,2026-08-25T21:23:56.829Z,7073,2026-08-25T21:23:56.829Z,V17,Columbia TN,7eb7a049-5d17-4a23-bb2f-3b9c445afd32,SAMMS-ColumbiaTNv5
202608252121598036,202608251925574796,202608251925573776,85,1679,Bronze INV,br_AdmissionAssessmentSummary,TASK_COMPLETE,SUCCESS,INFO,438,438,0,,2026-08-25T19:26:03.177Z,2026-08-25T21:23:56.829Z,7073,2026-08-25T21:23:56.829Z,V19,Jackson,7eb7a049-5d17-4a23-bb2f-3b9c445afd32,SAMMS-JacksonV5
202608252121598037,202608251925574797,202608251925573776,85,1681,Bronze INV,br_AdmissionAssessmentSummary,TASK_COMPLETE,SUCCESS,INFO,524,524,0,,2026-08-25T19:26:03.177Z,2026-08-25T21:23:56.829Z,7073,2026-08-25T21:23:56.829Z,V20,Paris,7eb7a049-5d17-4a23-bb2f-3b9c445afd32,SAMMS-ParisV5
202608252121598038,202608251925574798,202608251925573776,85,1682,Bronze INV,br_AdmissionAssessmentSummary,TASK_COMPLETE,SUCCESS,INFO,368,368,0,,2026-08-25T19:26:03.177Z,2026-08-25T21:23:56.829Z,7073,2026-08-25T21:23:56.829Z,V21,Memphis North,7eb7a049-5d17-4a23-bb2f-3b9c445afd32,SAMMS-RaleighV5
202608252121598039,202608251925574799,202608251925573776,85,1685,Bronze INV,br_AdmissionAssessmentSummary,TASK_COMPLETE,SUCCESS,INFO,730,730,0,,2026-08-25T19:26:03.177Z,2026-08-25T21:23:56.829Z,7073,2026-08-25T21:23:56.829Z,V5,West Bank,7eb7a049-5d17-4a23-bb2f-3b9c445afd32,SAMMS-NONTCv5
202608252121598041,202608251925574800,202608251925573776,85,1687,Bronze INV,br_AdmissionAssessmentSummary,TASK_COMPLETE,SUCCESS,INFO,262,262,0,,2026-08-25T19:26:03.177Z,2026-08-25T21:23:56.829Z,7073,2026-08-25T21:23:56.829Z,V5B,Houma,7eb7a049-5d17-4a23-bb2f-3b9c445afd32,SAMMS-HoumaV6
202608252121598204,202608251925574571,202608251925573776,85,1871,Bronze INV,br_Appointments,TASK_COMPLETE,SUCCESS,INFO,4654,4654,0,,2026-08-25T19:26:03.177Z,2026-08-25T21:23:56.829Z,7073,2026-08-25T21:23:56.829Z,V5B,Houma,7eb7a049-5d17-4a23-bb2f-3b9c445afd32,SAMMS-HoumaV6
202608252121598205,202608251925574572,202608251925573776,85,1872,Bronze INV,br_Appointments,TASK_COMPLETE,SUCCESS,INFO,43951,43951,0,,2026-08-25T19:26:03.177Z,2026-08-25T21:23:56.829Z,7073,2026-08-25T21:23:56.829Z,V6,Lake Charles,7eb7a049-5d17-4a23-bb2f-3b9c445afd32,SAMMS-LCv5
202608252121598206,202608251925574573,202608251925573776,85,1874,Bronze INV,br_Appointments,TASK_COMPLETE,SUCCESS,INFO,13309,13309,0,,2026-08-25T19:26:03.177Z,2026-08-25T21:23:56.829Z,7073,2026-08-25T21:23:56.829Z,V8,Memphis Midtown,7eb7a049-5d17-4a23-bb2f-3b9c445afd32,SAMMS-VCPHCS-VIII-MemphisV5
202608252121598208,202608251925574574,202608251925573776,85,1875,Bronze INV,br_Appointments,TASK_COMPLETE,SUCCESS,INFO,56796,56796,0,,2026-08-25T19:26:03.177Z,2026-08-25T21:23:56.829Z,7073,2026-08-25T21:23:56.829Z,V9,Nashville,7eb7a049-5d17-4a23-bb2f-3b9c445afd32,SAMMS-NashvilleV5
202608252121598209,202608251925574575,202608251925573776,85,1876,Bronze INV,br_Appointments,TASK_COMPLETE,SUCCESS,INFO,20445,20445,0,,2026-08-25T19:26:03.177Z,2026-08-25T21:23:56.829Z,7073,2026-08-25T21:23:56.829Z,VBRA,Brainerd,7eb7a049-5d17-4a23-bb2f-3b9c445afd32,SAMMS-BrainerdV6
202608252121598210,202608251925574576,202608251925573776,85,1877,Bronze INV,br_Appointments,TASK_COMPLETE,SUCCESS,INFO,78900,78900,0,,2026-08-25T19:26:03.177Z,2026-08-25T21:23:56.829Z,7073,2026-08-25T21:23:56.829Z,VBRP,Brooklyn Park,7eb7a049-5d17-4a23-bb2f-3b9c445afd32,SAMMS-BrooklynParkV6
202608252121598211,202608251925574577,202608251925573776,85,1879,Bronze INV,br_Appointments,TASK_COMPLETE,SUCCESS,INFO,40849,40849,0,,2026-08-25T19:26:03.177Z,2026-08-25T21:23:56.829Z,7073,2026-08-25T21:23:56.829Z,VMIN,Minneapolis,7eb7a049-5d17-4a23-bb2f-3b9c445afd32,SAMMS-MinneapolisV6
202608252121598213,202608251925574578,202608251925573776,85,1880,Bronze INV,br_Appointments,TASK_COMPLETE,SUCCESS,INFO,89180,89180,0,,2026-08-25T19:26:03.177Z,2026-08-25T21:23:56.829Z,7073,2026-08-25T21:23:56.829Z,VWBY,Woodbury,7eb7a049-5d17-4a23-bb2f-3b9c445afd32,SAMMS-WoodburyV6
202608252121598214,202608251925574579,202608251925573776,85,1882,Bronze INV,br_Appointments,TASK_COMPLETE,SUCCESS,INFO,12673,12673,0,,2026-08-25T19:26:03.177Z,2026-08-25T21:23:56.829Z,7073,2026-08-25T21:23:56.829Z,WIL,Wilson,7eb7a049-5d17-4a23-bb2f-3b9c445afd32,SAMMS-Wilson
202608252121598315,202608251925673800,202608251925673776,86,8583,Silver INV,sl_Appointments,TASK_COMPLETE,SUCCESS,INFO,2441272,2441272,0,,2026-08-25T19:26:03.177Z,2026-08-25T21:23:56.829Z,7073,2026-08-25T21:23:56.829Z,,,7eb7a049-5d17-4a23-bb2f-3b9c445afd32,
202608252121598244,202608251925573892,202608251925573776,85,1886,Bronze INV,br_Bottle,TASK_COMPLETE,SUCCESS,INFO,1857,1857,0,,2026-08-25T19:26:03.177Z,2026-08-25T21:23:56.829Z,7073,2026-08-25T21:23:56.829Z,AHK,Ahoskie,7eb7a049-5d17-4a23-bb2f-3b9c445afd32,SAMMS-Ahoskie
202608252121598245,202608251925573893,202608251925573776,85,1887,Bronze INV,br_Bottle,TASK_COMPLETE,SUCCESS,INFO,2792,2792,0,,2026-08-25T19:26:03.177Z,2026-08-25T21:23:56.829Z,7073,2026-08-25T21:23:56.829Z,B12B,Colorado Springs,7eb7a049-5d17-4a23-bb2f-3b9c445afd32,SAMMS-ColoradoSpringsV5
202608252121598247,202608251925573894,202608251925573776,85,1888,Bronze INV,br_Bottle,TASK_COMPLETE,SUCCESS,INFO,25499,25499,0,,2026-08-25T19:26:03.177Z,2026-08-25T21:23:56.829Z,7073,2026-08-25T21:23:56.829Z,B24,Paintsville,7eb7a049-5d17-4a23-bb2f-3b9c445afd32,SAMMS-PaintsvilleV5
202608252121598248,202608251925573895,202608251925573776,85,1889,Bronze INV,br_Bottle,TASK_COMPLETE,SUCCESS,INFO,28172,28172,0,,2026-08-25T19:26:03.177Z,2026-08-25T21:23:56.829Z,7073,2026-08-25T21:23:56.829Z,B25,Pikeville,7eb7a049-5d17-4a23-bb2f-3b9c445afd32,SAMMS-PikevilleV5
202608252121598249,202608251925573896,202608251925573776,85,1890,Bronze INV,br_Bottle,TASK_COMPLETE,SUCCESS,INFO,51690,51690,0,,2026-08-25T19:26:03.177Z,2026-08-25T21:23:56.829Z,7073,2026-08-25T21:23:56.829Z,B26,Hazard,7eb7a049-5d17-4a23-bb2f-3b9c445afd32,SAMMS-HazardV5
202608252121598250,202608251925573897,202608251925573776,85,1891,Bronze INV,br_Bottle,TASK_COMPLETE,SUCCESS,INFO,1857,1857,0,,2026-08-25T19:26:03.177Z,2026-08-25T21:23:56.829Z,7073,2026-08-25T21:23:56.829Z,B27,Savannah,7eb7a049-5d17-4a23-bb2f-3b9c445afd32,SAMMS-SavannahV6
202608252121598251,202608251925573898,202608251925573776,85,1892,Bronze INV,br_Bottle,TASK_COMPLETE,SUCCESS,INFO,20161,20161,0,,2026-08-25T19:26:03.177Z,2026-08-25T21:23:56.829Z,7073,2026-08-25T21:23:56.829Z,B28,West Plains,7eb7a049-5d17-4a23-bb2f-3b9c445afd32,SAMMS-WestPlainesV5
202608252121598252,202608251925573899,202608251925573776,85,1893,Bronze INV,br_Bottle,TASK_COMPLETE,SUCCESS,INFO,16959,16959,0,,2026-08-25T19:26:03.177Z,2026-08-25T21:23:56.829Z,7073,2026-08-25T21:23:56.829Z,B29,Poplar Bluff,7eb7a049-5d17-4a23-bb2f-3b9c445afd32,SAMMS-PoplarBluffV5
202608252121598254,202608251925573900,202608251925573776,85,1894,Bronze INV,br_Bottle,TASK_COMPLETE,SUCCESS,INFO,7547,7547,0,,2026-08-25T19:26:03.177Z,2026-08-25T21:23:56.829Z,7073,2026-08-25T21:23:56.829Z,B30,KC North,7eb7a049-5d17-4a23-bb2f-3b9c445afd32,SAMMS-KCNv5
202608252121598255,202608251925573901,202608251925573776,85,1895,Bronze INV,br_Bottle,TASK_COMPLETE,SUCCESS,INFO,42588,42588,0,,2026-08-25T19:26:03.177Z,2026-08-25T21:23:56.829Z,7073,2026-08-25T21:23:56.829Z,B31,Dyersburg,7eb7a049-5d17-4a23-bb2f-3b9c445afd32,SAMMS-DyersburgV5
202608252121598256,202608251925573902,202608251925573776,85,1897,Bronze INV,br_Bottle,TASK_COMPLETE,SUCCESS,INFO,25121,25121,0,,2026-08-25T19:26:03.177Z,2026-08-25T21:23:56.829Z,7073,2026-08-25T21:23:56.829Z,B33,Paducah,7eb7a049-5d17-4a23-bb2f-3b9c445afd32,SAMMS-Paducah
202608252121598257,202608251925573903,202608251925573776,85,1898,Bronze INV,br_Bottle,TASK_COMPLETE,SUCCESS,INFO,31969,31969,0,,2026-08-25T19:26:03.177Z,2026-08-25T21:23:56.829Z,7073,2026-08-25T21:23:56.829Z,B34,Corbin,7eb7a049-5d17-4a23-bb2f-3b9c445afd32,SAMMS-CorbinV5
202608252121598258,202608251925573904,202608251925573776,85,1899,Bronze INV,br_Bottle,TASK_COMPLETE,SUCCESS,INFO,57967,57967,0,,2026-08-25T19:26:03.177Z,2026-08-25T21:23:56.829Z,7073,2026-08-25T21:23:56.829Z,B35,Lexington,7eb7a049-5d17-4a23-bb2f-3b9c445afd32,SAMMS-LexingtonV5
202608252121598259,202608251925573905,202608251925573776,85,1900,Bronze INV,br_Bottle,TASK_COMPLETE,SUCCESS,INFO,11498,11498,0,,2026-08-25T19:26:03.177Z,2026-08-25T21:23:56.829Z,7073,2026-08-25T21:23:56.829Z,B35A,Berea,7eb7a049-5d17-4a23-bb2f-3b9c445afd32,SAMMS-BereaV5
202608252121598261,202608251925573906,202608251925573776,85,1901,Bronze INV,br_Bottle,TASK_COMPLETE,SUCCESS,INFO,34242,34242,0,,2026-08-25T19:26:03.177Z,2026-08-25T21:23:56.829Z,7073,2026-08-25T21:23:56.829Z,B36,Asheville,7eb7a049-5d17-4a23-bb2f-3b9c445afd32,SAMMS-AshevilleV5
202608252121598262,202608251925573907,202608251925573776,85,1902,Bronze INV,br_Bottle,TASK_COMPLETE,SUCCESS,INFO,20447,20447,0,,2026-08-25T19:26:03.177Z,2026-08-25T21:23:56.829Z,7073,2026-08-25T21:23:56.829Z,B37,Clyde,7eb7a049-5d17-4a23-bb2f-3b9c445afd32,SAMMS-ClydeV5
202608252121598263,202608251925573908,202608251925573776,85,1903,Bronze INV,br_Bottle,TASK_COMPLETE,SUCCESS,INFO,24720,24720,0,,2026-08-25T19:26:03.177Z,2026-08-25T21:23:56.829Z,7073,2026-08-25T21:23:56.829Z,B38,Spartanburg,7eb7a049-5d17-4a23-bb2f-3b9c445afd32,SAMMS-SpartanburgV5
202608252121598264,202608251925573909,202608251925573776,85,1904,Bronze INV,br_Bottle,TASK_COMPLETE,SUCCESS,INFO,6533,6533,0,,2026-08-25T19:26:03.177Z,2026-08-25T21:23:56.829Z,7073,2026-08-25T21:23:56.829Z,B39,Aiken,7eb7a049-5d17-4a23-bb2f-3b9c445afd32,SAMMS-AikenV5
202608252121598265,202608251925573910,202608251925573776,85,1905,Bronze INV,br_Bottle,TASK_COMPLETE,SUCCESS,INFO,12772,12772,0,,2026-08-25T19:26:03.177Z,2026-08-25T21:23:56.829Z,7073,2026-08-25T21:23:56.829Z,B41,Chesapeake,7eb7a049-5d17-4a23-bb2f-3b9c445afd32,SAMMS-ChesapeakeV5
202608252121598266,202608251925573911,202608251925573776,85,1906,Bronze INV,br_Bottle,TASK_COMPLETE,SUCCESS,INFO,19474,19474,0,,2026-08-25T19:26:03.177Z,2026-08-25T21:23:56.829Z,7073,2026-08-25T21:23:56.829Z,B42,Virginia Beach,7eb7a049-5d17-4a23-bb2f-3b9c445afd32,SAMMS-VirginiaBeachV5
202608252121598268,202608251925573912,202608251925573776,85,1907,Bronze INV,br_Bottle,TASK_COMPLETE,SUCCESS,INFO,8680,8680,0,,2026-08-25T19:26:03.177Z,2026-08-25T21:23:56.829Z,7073,2026-08-25T21:23:56.829Z,B42A,Newport News,7eb7a049-5d17-4a23-bb2f-3b9c445afd32,SAMMS-NewportNewsV5
202608252121598269,202608251925573913,202608251925573776,85,1908,Bronze INV,br_Bottle,TASK_COMPLETE,SUCCESS,INFO,2855,2855,0,,2026-08-25T19:26:03.177Z,2026-08-25T21:23:56.829Z,7073,2026-08-25T21:23:56.829Z,B42B,Franklin,7eb7a049-5d17-4a23-bb2f-3b9c445afd32,SAMMS-FranklinV5
202608252121598270,202608251925573914,202608251925573776,85,1909,Bronze INV,br_Bottle,TASK_COMPLETE,SUCCESS,INFO,9628,9628,0,,2026-08-25T19:26:03.177Z,2026-08-25T21:23:56.829Z,7073,2026-08-25T21:23:56.829Z,B42C,Glen Allen,7eb7a049-5d17-4a23-bb2f-3b9c445afd32,SAMMS-GlenAllenV5
202608252121598271,202608251925573915,202608251925573776,85,1910,Bronze INV,br_Bottle,TASK_COMPLETE,SUCCESS,INFO,7750,7750,0,,2026-08-25T19:26:03.177Z,2026-08-25T21:23:56.829Z,7073,2026-08-25T21:23:56.829Z,B42D,Chesapeake South,7eb7a049-5d17-4a23-bb2f-3b9c445afd32,SAMMS-ChesapeakeSouthV5
202608252121598272,202608251925573916,202608251925573776,85,1911,Bronze INV,br_Bottle,TASK_COMPLETE,SUCCESS,INFO,11164,11164,0,,2026-08-25T19:26:03.177Z,2026-08-25T21:23:56.829Z,7073,2026-08-25T21:23:56.829Z,B44,Albany,7eb7a049-5d17-4a23-bb2f-3b9c445afd32,SAMMS-AlbanyV5
202608252121598273,202608251925573917,202608251925573776,85,1912,Bronze INV,br_Bottle,TASK_COMPLETE,SUCCESS,INFO,14696,14696,0,,2026-08-25T19:26:03.177Z,2026-08-25T21:23:56.829Z,7073,2026-08-25T21:23:56.829Z,B45,Tifton,7eb7a049-5d17-4a23-bb2f-3b9c445afd32,SAMMS-TiftonV5
202608252121598274,202608251925573918,202608251925573776,85,1913,Bronze INV,br_Bottle,TASK_COMPLETE,SUCCESS,INFO,8475,8475,0,,2026-08-25T19:26:03.177Z,2026-08-25T21:23:56.829Z,7073,2026-08-25T21:23:56.829Z,B46,Washington DC,7eb7a049-5d17-4a23-bb2f-3b9c445afd32,SAMMS-WashingtonDCv5
202608252121598276,202608251925573919,202608251925573776,85,1914,Bronze INV,br_Bottle,TASK_COMPLETE,SUCCESS,INFO,11042,11042,0,,2026-08-25T19:26:03.177Z,2026-08-25T21:23:56.829Z,7073,2026-08-25T21:23:56.829Z,B47,Mobile,7eb7a049-5d17-4a23-bb2f-3b9c445afd32,SAMMS-MobileV5
202608252121598277,202608251925573920,202608251925573776,85,1915,Bronze INV,br_Bottle,TASK_COMPLETE,SUCCESS,INFO,32023,32023,0,,2026-08-25T19:26:03.177Z,2026-08-25T21:23:56.829Z,7073,2026-08-25T21:23:56.829Z,B48,Tuscaloosa,7eb7a049-5d17-4a23-bb2f-3b9c445afd32,SAMMS-TuscaloosaV5
202608252121598278,202608251925573921,202608251925573776,85,1924,Bronze INV,br_Bottle,TASK_COMPLETE,SUCCESS,INFO,2335,2335,0,,2026-08-25T19:26:03.177Z,2026-08-25T21:23:56.829Z,7073,2026-08-25T21:23:56.829Z,B51,N. Little Rock (OTP),7eb7a049-5d17-4a23-bb2f-3b9c445afd32,SAMMS-NorthLittleRockV6
202608252121598279,202608251925573922,202608251925573776,85,1925,Bronze INV,br_Bottle,TASK_COMPLETE,SUCCESS,INFO,9415,9415,0,,2026-08-25T19:26:03.177Z,2026-08-25T21:23:56.829Z,7073,2026-08-25T21:23:56.829Z,B52,Jackson GA,7eb7a049-5d17-4a23-bb2f-3b9c445afd32,SAMMS-JacksonGAV5
202608252121598280,202608251925573923,202608251925573776,85,1926,Bronze INV,br_Bottle,TASK_COMPLETE,SUCCESS,INFO,23194,23194,0,,2026-08-25T19:26:03.177Z,2026-08-25T21:23:56.829Z,7073,2026-08-25T21:23:56.829Z,B54,Gadsden,7eb7a049-5d17-4a23-bb2f-3b9c445afd32,SAMMS-GadsdenV5
202608252121598281,202608251925573924,202608251925573776,85,1927,Bronze INV,br_Bottle,TASK_COMPLETE,SUCCESS,INFO,23846,23846,0,,2026-08-25T19:26:03.177Z,2026-08-25T21:23:56.829Z,7073,2026-08-25T21:23:56.829Z,B55,Shoals,7eb7a049-5d17-4a23-bb2f-3b9c445afd32,SAMMS-ShoalsV5
202608252121598283,202608251925573925,202608251925573776,85,1928,Bronze INV,br_Bottle,TASK_COMPLETE,SUCCESS,INFO,2825,2825,0,,2026-08-25T19:26:03.177Z,2026-08-25T21:23:56.829Z,7073,2026-08-25T21:23:56.829Z,B57,Pawtucket,7eb7a049-5d17-4a23-bb2f-3b9c445afd32,SAMMS-Pawtucket
202608252121598284,202608251925573926,202608251925573776,85,1929,Bronze INV,br_Bottle,TASK_COMPLETE,SUCCESS,INFO,2993,2993,0,,2026-08-25T19:26:03.177Z,2026-08-25T21:23:56.829Z,7073,2026-08-25T21:23:56.829Z,B57A,Johnston,7eb7a049-5d17-4a23-bb2f-3b9c445afd32,SAMMS-Johnston
202608252121598285,202608251925573927,202608251925573776,85,1930,Bronze INV,br_Bottle,TASK_COMPLETE,SUCCESS,INFO,750,750,0,,2026-08-25T19:26:03.177Z,2026-08-25T21:23:56.829Z,7073,2026-08-25T21:23:56.829Z,B57B,Middletown,7eb7a049-5d17-4a23-bb2f-3b9c445afd32,SAMMS-Middletown
202608252121598286,202608251925573928,202608251925573776,85,1931,Bronze INV,br_Bottle,TASK_COMPLETE,SUCCESS,INFO,1559,1559,0,,2026-08-25T19:26:03.177Z,2026-08-25T21:23:56.829Z,7073,2026-08-25T21:23:56.829Z,B57C,Providence,7eb7a049-5d17-4a23-bb2f-3b9c445afd32,SAMMS-Providence
202608252121598287,202608251925573929,202608251925573776,85,1932,Bronze INV,br_Bottle,TASK_COMPLETE,SUCCESS,INFO,2542,2542,0,,2026-08-25T19:26:03.177Z,2026-08-25T21:23:56.829Z,7073,2026-08-25T21:23:56.829Z,B57D,Westerly,7eb7a049-5d17-4a23-bb2f-3b9c445afd32,SAMMS-Westerly
202608252121598288,202608251925573930,202608251925573776,85,1936,Bronze INV,br_Bottle,TASK_COMPLETE,SUCCESS,INFO,0,0,0,,2026-08-25T19:26:03.177Z,2026-08-25T21:23:56.829Z,7073,2026-08-25T21:23:56.829Z,B66A,Bremen,7eb7a049-5d17-4a23-bb2f-3b9c445afd32,SAMMS-Bremen
202608252121598290,202608251925573931,202608251925573776,85,1939,Bronze INV,br_Bottle,TASK_COMPLETE,SUCCESS,INFO,0,0,0,,2026-08-25T19:26:03.177Z,2026-08-25T21:23:56.829Z,7073,2026-08-25T21:23:56.829Z,B72,Mobile (OBOT),7eb7a049-5d17-4a23-bb2f-3b9c445afd32,SAMMS-Mobile-OBOT
202608252121598291,202608251925573932,202608251925573776,85,1940,Bronze INV,br_Bottle,TASK_COMPLETE,SUCCESS,INFO,0,0,0,,2026-08-25T19:26:03.177Z,2026-08-25T21:23:56.829Z,7073,2026-08-25T21:23:56.829Z,B73,Montgomery,7eb7a049-5d17-4a23-bb2f-3b9c445afd32,SAMMS-Montgomery
202608252121598292,202608251925573933,202608251925573776,85,1941,Bronze INV,br_Bottle,TASK_COMPLETE,SUCCESS,INFO,2258,2258,0,,2026-08-25T19:26:03.177Z,2026-08-25T21:23:56.829Z,7073,2026-08-25T21:23:56.829Z,B75,Lawrence,7eb7a049-5d17-4a23-bb2f-3b9c445afd32,SAMMS-LawrenceV6
202608252121598293,202608251925573934,202608251925573776,85,1942,Bronze INV,br_Bottle,TASK_COMPLETE,SUCCESS,INFO,0,0,0,,2026-08-25T19:26:03.177Z,2026-08-25T21:23:56.829Z,7073,2026-08-25T21:23:56.829Z,B76,Huntsville OBOT,7eb7a049-5d17-4a23-bb2f-3b9c445afd32,SAMMS-Huntsville-OBOT
202608252121598294,202608251925573935,202608251925573776,85,1943,Bronze INV,br_Bottle,TASK_COMPLETE,SUCCESS,INFO,0,0,0,,2026-08-25T19:26:03.177Z,2026-08-25T21:23:56.829Z,7073,2026-08-25T21:23:56.829Z,BAT,Batesville,7eb7a049-5d17-4a23-bb2f-3b9c445afd32,SAMMS-Batesville
202608252121598295,202608251925573936,202608251925573776,85,1944,Bronze INV,br_Bottle,TASK_COMPLETE,SUCCESS,INFO,4200,4200,0,,2026-08-25T19:26:03.177Z,2026-08-25T21:23:56.829Z,7073,2026-08-25T21:23:56.829Z,BG,Bowling Green,7eb7a049-5d17-4a23-bb2f-3b9c445afd32,SAMMS-BowlingGreen
202608252121598297,202608251925573937,202608251925573776,85,1945,Bronze INV,br_Bottle,TASK_COMPLETE,SUCCESS,INFO,2070,2070,0,,2026-08-25T19:26:03.177Z,2026-08-25T21:23:56.829Z,7073,2026-08-25T21:23:56.829Z,BOI,Boise,7eb7a049-5d17-4a23-bb2f-3b9c445afd32,SAMMS-Boise
202608252121598298,202608251925573938,202608251925573776,85,1952,Bronze INV,br_Bottle,TASK_COMPLETE,SUCCESS,INFO,1116,1116,0,,2026-08-25T19:26:03.177Z,2026-08-25T21:23:56.829Z,7073,2026-08-25T21:23:56.829Z,CBCO,Coeur dAlene,7eb7a049-5d17-4a23-bb2f-3b9c445afd32,SAMMS-CoeurdAleneV6
202608252121598299,202608251925573939,202608251925573776,85,1971,Bronze INV,br_Bottle,TASK_COMPLETE,SUCCESS,INFO,0,0,0,,2026-08-25T19:26:03.177Z,2026-08-25T21:23:56.829Z,7073,2026-08-25T21:23:56.829Z,CON,Conway,7eb7a049-5d17-4a23-bb2f-3b9c445afd32,SAMMS-Conway
202608252121598300,202608251925573940,202608251925573776,85,1972,Bronze INV,br_Bottle,TASK_COMPLETE,SUCCESS,INFO,0,0,0,,2026-08-25T19:26:03.177Z,2026-08-25T21:23:56.829Z,7073,2026-08-25T21:23:56.829Z,D07,Medical Services Knox TN,7eb7a049-5d17-4a23-bb2f-3b9c445afd32,SAMMS-KnoxvilleV6
202608252121598301,202608251925573941,202608251925573776,85,1973,Bronze INV,br_Bottle,TASK_COMPLETE,SUCCESS,INFO,5134,5134,0,,2026-08-25T19:26:03.177Z,2026-08-25T21:23:56.829Z,7073,2026-08-25T21:23:56.829Z,D08,Madison,7eb7a049-5d17-4a23-bb2f-3b9c445afd32,SAMMS-MadisonV6
202608252121598302,202608251925573942,202608251925573776,85,1975,Bronze INV,br_Bottle,TASK_COMPLETE,SUCCESS,INFO,7037,7037,0,,2026-08-25T19:26:03.177Z,2026-08-25T21:23:56.829Z,7073,2026-08-25T21:23:56.829Z,D09,Murfreesboro,7eb7a049-5d17-4a23-bb2f-3b9c445afd32,SAMMS-MurfreesboroV6
202608252121598304,202608251925573943,202608251925573776,85,1976,Bronze INV,br_Bottle,TASK_COMPLETE,SUCCESS,INFO,2227,2227,0,,2026-08-25T19:26:03.177Z,2026-08-25T21:23:56.829Z,7073,2026-08-25T21:23:56.829Z,DA,Davenport,7eb7a049-5d17-4a23-bb2f-3b9c445afd32,SAMMS-Davenport
202608252121598305,202608251925573944,202608251925573776,85,1977,Bronze INV,br_Bottle,TASK_COMPLETE,SUCCESS,INFO,1673,1673,0,,2026-08-25T19:26:03.177Z,2026-08-25T21:23:56.829Z,7073,2026-08-25T21:23:56.829Z,DM,Des Moines,7eb7a049-5d17-4a23-bb2f-3b9c445afd32,SAMMS-DesMoines
202608252121598306,202608251925573945,202608251925573776,85,1979,Bronze INV,br_Bottle,TASK_COMPLETE,SUCCESS,INFO,25636,25636,0,,2026-08-25T19:26:03.177Z,2026-08-25T21:23:56.829Z,7073,2026-08-25T21:23:56.829Z,DRD-CO,Columbia MO,7eb7a049-5d17-4a23-bb2f-3b9c445afd32,SAMMS-ColumbiaV5
202608252121598307,202608251925573946,202608251925573776,85,1980,Bronze INV,br_Bottle,TASK_COMPLETE,SUCCESS,INFO,24789,24789,0,,2026-08-25T19:26:03.177Z,2026-08-25T21:23:56.829Z,7073,2026-08-25T21:23:56.829Z,DRD-KC,KC,7eb7a049-5d17-4a23-bb2f-3b9c445afd32,SAMMS-KCv5
202608252121598308,202608251925573947,202608251925573776,85,1981,Bronze INV,br_Bottle,TASK_COMPLETE,SUCCESS,INFO,114115,114115,0,,2026-08-25T19:26:03.177Z,2026-08-25T21:23:56.829Z,7073,2026-08-25T21:23:56.829Z,DRD-KVB,KVB,7eb7a049-5d17-4a23-bb2f-3b9c445afd32,SAMMS-KVBv5
202608252121598309,202608251925573948,202608251925573776,85,1982,Bronze INV,br_Bottle,TASK_COMPLETE,SUCCESS,INFO,112922,112922,0,,2026-08-25T19:26:03.177Z,2026-08-25T21:23:56.829Z,7073,2026-08-25T21:23:56.829Z,DRD-KVC,KVC,7eb7a049-5d17-4a23-bb2f-3b9c445afd32,SAMMS-KVCv5
202608252121598310,202608251925573949,202608251925573776,85,1983,Bronze INV,br_Bottle,TASK_COMPLETE,SUCCESS,INFO,82086,82086,0,,2026-08-25T19:26:03.177Z,2026-08-25T21:23:56.829Z,7073,2026-08-25T21:23:56.829Z,DRD-NOLA,NOLA,7eb7a049-5d17-4a23-bb2f-3b9c445afd32,SAMMS-NOLAv5
202608252121598312,202608251925573950,202608251925573776,85,1984,Bronze INV,br_Bottle,TASK_COMPLETE,SUCCESS,INFO,65324,65324,0,,2026-08-25T19:26:03.177Z,2026-08-25T21:23:56.829Z,7073,2026-08-25T21:23:56.829Z,DRD-SF,Springfield,7eb7a049-5d17-4a23-bb2f-3b9c445afd32,SAMMS-SFv5
202608252121598313,202608251925573951,202608251925573776,85,1986,Bronze INV,br_Bottle,TASK_COMPLETE,SUCCESS,INFO,4231,4231,0,,2026-08-25T19:26:03.177Z,2026-08-25T21:23:56.829Z,7073,2026-08-25T21:23:56.829Z,ELC,Elizabeth City,7eb7a049-5d17-4a23-bb2f-3b9c445afd32,SAMMS-ElizabethCity
202608252121598314,202608251925573952,202608251925573776,85,1987,Bronze INV,br_Bottle,TASK_COMPLETE,SUCCESS,INFO,3137,3137,0,,2026-08-25T19:26:03.177Z,2026-08-25T21:23:56.829Z,7073,2026-08-25T21:23:56.829Z,ET,Elizabethtown,7eb7a049-5d17-4a23-bb2f-3b9c445afd32,SAMMS-Elizabethtown
202608252121598315,202608251925573953,202608251925573776,85,1988,Bronze INV,br_Bottle,TASK_COMPLETE,SUCCESS,INFO,0,0,0,,2026-08-25T19:26:03.177Z,2026-08-25T21:23:56.829Z,7073,2026-08-25T21:23:56.829Z,FAY,Fayetteville,7eb7a049-5d17-4a23-bb2f-3b9c445afd32,SAMMS-Fayetteville
202608252121598316,202608251925573954,202608251925573776,85,1989,Bronze INV,br_Bottle,TASK_COMPLETE,SUCCESS,INFO,2987,2987,0,,2026-08-25T19:26:03.177Z,2026-08-25T21:23:56.829Z,7073,2026-08-25T21:23:56.829Z,FR,Frankfort,7eb7a049-5d17-4a23-bb2f-3b9c445afd32,SAMMS-Frankfort
202608252121598317,202608251925573955,202608251925573776,85,1990,Bronze INV,br_Bottle,TASK_COMPLETE,SUCCESS,INFO,0,0,0,,2026-08-25T19:26:03.177Z,2026-08-25T21:23:56.829Z,7073,2026-08-25T21:23:56.829Z,FS,Fort Smith,7eb7a049-5d17-4a23-bb2f-3b9c445afd32,SAMMS-FortSmith
202608252121598319,202608251925573956,202608251925573776,85,1991,Bronze INV,br_Bottle,TASK_COMPLETE,SUCCESS,INFO,6145,6145,0,,2026-08-25T19:26:03.177Z,2026-08-25T21:23:56.829Z,7073,2026-08-25T21:23:56.829Z,FW,Fort Wayne,7eb7a049-5d17-4a23-bb2f-3b9c445afd32,SAMMS-FortWayne
202608252121598320,202608251925573957,202608251925573776,85,1992,Bronze INV,br_Bottle,TASK_COMPLETE,SUCCESS,INFO,2899,2899,0,,2026-08-25T19:26:03.177Z,2026-08-25T21:23:56.829Z,7073,2026-08-25T21:23:56.829Z,GAL,Gaylord,7eb7a049-5d17-4a23-bb2f-3b9c445afd32,SAMMS-Gaylord
202608252121598321,202608251925573958,202608251925573776,85,1996,Bronze INV,br_Bottle,TASK_COMPLETE,SUCCESS,INFO,42647,42647,0,,2026-08-25T19:26:03.177Z,2026-08-25T21:23:56.829Z,7073,2026-08-25T21:23:56.829Z,HGT,Hagerstown,7eb7a049-5d17-4a23-bb2f-3b9c445afd32,SAMMS-Hagerstown
202608252121598322,202608251925573959,202608251925573776,85,1997,Bronze INV,br_Bottle,TASK_COMPLETE,SUCCESS,INFO,8069,8069,0,,2026-08-25T19:26:03.177Z,2026-08-25T21:23:56.829Z,7073,2026-08-25T21:23:56.829Z,HNT,Huntsville,7eb7a049-5d17-4a23-bb2f-3b9c445afd32,SAMMS-Huntsville
202608252121598324,202608251925573960,202608251925573776,85,1998,Bronze INV,br_Bottle,TASK_COMPLETE,SUCCESS,INFO,0,0,0,,2026-08-25T19:26:03.177Z,2026-08-25T21:23:56.829Z,7073,2026-08-25T21:23:56.829Z,HS,Hot Springs,7eb7a049-5d17-4a23-bb2f-3b9c445afd32,SAMMS-HotSprings
202608252121598325,202608251925573961,202608251925573776,85,1999,Bronze INV,br_Bottle,TASK_COMPLETE,SUCCESS,INFO,0,0,0,,2026-08-25T19:26:03.177Z,2026-08-25T21:23:56.829Z,7073,2026-08-25T21:23:56.829Z,JON,Jonesboro,7eb7a049-5d17-4a23-bb2f-3b9c445afd32,SAMMS-Jonesboro
202608252121598326,202608251925573962,202608251925573776,85,2001,Bronze INV,br_Bottle,TASK_COMPLETE,SUCCESS,INFO,2646,2646,0,,2026-08-25T19:26:03.177Z,2026-08-25T21:23:56.829Z,7073,2026-08-25T21:23:56.829Z,LAN,Lansing,7eb7a049-5d17-4a23-bb2f-3b9c445afd32,SAMMS-Lansing
202608252121598327,202608251925573963,202608251925573776,85,2002,Bronze INV,br_Bottle,TASK_COMPLETE,SUCCESS,INFO,7360,7360,0,,2026-08-25T19:26:03.177Z,2026-08-25T21:23:56.829Z,7073,2026-08-25T21:23:56.829Z,LO,Louisville,7eb7a049-5d17-4a23-bb2f-3b9c445afd32,SAMMS-Louisville
202608252121598328,202608251925573964,202608251925573776,85,2003,Bronze INV,br_Bottle,TASK_COMPLETE,SUCCESS,INFO,2736,2736,0,,2026-08-25T19:26:03.177Z,2026-08-25T21:23:56.829Z,7073,2026-08-25T21:23:56.829Z,LV1,Cheyenne,7eb7a049-5d17-4a23-bb2f-3b9c445afd32,SAMMS-Cheyenne
202608252121598329,202608251925573965,202608251925573776,85,2004,Bronze INV,br_Bottle,TASK_COMPLETE,SUCCESS,INFO,3017,3017,0,,2026-08-25T19:26:03.177Z,2026-08-25T21:23:56.829Z,7073,2026-08-25T21:23:56.829Z,LV2,Desert Inn,7eb7a049-5d17-4a23-bb2f-3b9c445afd32,SAMMS-DesertInn
202608252121598331,202608251925573966,202608251925573776,85,2005,Bronze INV,br_Bottle,TASK_COMPLETE,SUCCESS,INFO,1591,1591,0,,2026-08-25T19:26:03.177Z,2026-08-25T21:23:56.829Z,7073,2026-08-25T21:23:56.829Z,LV3,McDaniel,7eb7a049-5d17-4a23-bb2f-3b9c445afd32,SAMMS-McDaniel
202608252121598332,202608251925573967,202608251925573776,85,2008,Bronze INV,br_Bottle,TASK_COMPLETE,SUCCESS,INFO,2799,2799,0,,2026-08-25T19:26:03.177Z,2026-08-25T21:23:56.829Z,7073,2026-08-25T21:23:56.829Z,MNRE,Monroe,7eb7a049-5d17-4a23-bb2f-3b9c445afd32,SAMMS-Monroe
202608252121598333,202608251925573968,202608251925573776,85,2009,Bronze INV,br_Bottle,TASK_COMPLETE,SUCCESS,INFO,5124,5124,0,,2026-08-25T19:26:03.177Z,2026-08-25T21:23:56.829Z,7073,2026-08-25T21:23:56.829Z,MP,Mt. Pleasant,7eb7a049-5d17-4a23-bb2f-3b9c445afd32,SAMMS-MtPleasant
202608252121598334,202608251925573969,202608251925573776,85,2010,Bronze INV,br_Bottle,TASK_COMPLETE,SUCCESS,INFO,1312,1312,0,,2026-08-25T19:26:03.177Z,2026-08-25T21:23:56.829Z,7073,2026-08-25T21:23:56.829Z,MRD,Meridian,7eb7a049-5d17-4a23-bb2f-3b9c445afd32,SAMMS-Meridian
202608252121598335,202608251925573970,202608251925573776,85,2015,Bronze INV,br_Bottle,TASK_COMPLETE,SUCCESS,INFO,4205,4205,0,,2026-08-25T19:26:03.177Z,2026-08-25T21:23:56.829Z,7073,2026-08-25T21:23:56.829Z,NC,North Charleston,7eb7a049-5d17-4a23-bb2f-3b9c445afd32,SAMMS-NorthCharleston
202608252121598336,202608251925573971,202608251925573776,85,2016,Bronze INV,br_Bottle,TASK_COMPLETE,SUCCESS,INFO,0,0,0,,2026-08-25T19:26:03.177Z,2026-08-25T21:23:56.829Z,7073,2026-08-25T21:23:56.829Z,NLR,N. Little Rock,7eb7a049-5d17-4a23-bb2f-3b9c445afd32,SAMMS-NLROBOT
202608252121598338,202608251925573972,202608251925573776,85,2017,Bronze INV,br_Bottle,TASK_COMPLETE,SUCCESS,INFO,619,619,0,,2026-08-25T19:26:03.177Z,2026-08-25T21:23:56.829Z,7073,2026-08-25T21:23:56.829Z,PH,Phoenix,7eb7a049-5d17-4a23-bb2f-3b9c445afd32,SAMMS-Phoenix
202608252121598339,202608251925573973,202608251925573776,85,2021,Bronze INV,br_Bottle,TASK_COMPLETE,SUCCESS,INFO,2837,2837,0,,2026-08-25T19:26:03.177Z,2026-08-25T21:23:56.829Z,7073,2026-08-25T21:23:56.829Z,RE,Reno,7eb7a049-5d17-4a23-bb2f-3b9c445afd32,SAMMS-Reno
202608252121598340,202608251925573974,202608251925573776,85,2022,Bronze INV,br_Bottle,TASK_COMPLETE,SUCCESS,INFO,4133,4133,0,,2026-08-25T19:26:03.177Z,2026-08-25T21:23:56.829Z,7073,2026-08-25T21:23:56.829Z,RMD,Richmond,7eb7a049-5d17-4a23-bb2f-3b9c445afd32,SAMMS-Richmond
202608252121598341,202608251925573975,202608251925573776,85,2023,Bronze INV,br_Bottle,TASK_COMPLETE,SUCCESS,INFO,20197,20197,0,,2026-08-25T19:26:03.177Z,2026-08-25T21:23:56.829Z,7073,2026-08-25T21:23:56.829Z,SFN,Springfield North,7eb7a049-5d17-4a23-bb2f-3b9c445afd32,SAMMS-SFNv5
202608252121598343,202608251925573976,202608251925573776,85,2024,Bronze INV,br_Bottle,TASK_COMPLETE,SUCCESS,INFO,7685,7685,0,,2026-08-25T19:26:03.177Z,2026-08-25T21:23:56.829Z,7073,2026-08-25T21:23:56.829Z,SHP,Shreveport,7eb7a049-5d17-4a23-bb2f-3b9c445afd32,SAMMS-Shreveport
202608252121598344,202608251925573977,202608251925573776,85,2026,Bronze INV,br_Bottle,TASK_COMPLETE,SUCCESS,INFO,2611,2611,0,,2026-08-25T19:26:03.177Z,2026-08-25T21:23:56.829Z,7073,2026-08-25T21:23:56.829Z,STN,Staunton,7eb7a049-5d17-4a23-bb2f-3b9c445afd32,SAMMS-Staunton
202608252121598346,202608251925573978,202608251925573776,85,2027,Bronze INV,br_Bottle,TASK_COMPLETE,SUCCESS,INFO,925,925,0,,2026-08-25T19:26:03.177Z,2026-08-25T21:23:56.829Z,7073,2026-08-25T21:23:56.829Z,STVN,Stevenson,7eb7a049-5d17-4a23-bb2f-3b9c445afd32,SAMMS-Stevenson
202608252121598347,202608251925573979,202608251925573776,85,2029,Bronze INV,br_Bottle,TASK_COMPLETE,SUCCESS,INFO,712,712,0,,2026-08-25T19:26:03.177Z,2026-08-25T21:23:56.829Z,7073,2026-08-25T21:23:56.829Z,TE,Tempe,7eb7a049-5d17-4a23-bb2f-3b9c445afd32,SAMMS-Tempe
202608252121598348,202608251925573980,202608251925573776,85,2030,Bronze INV,br_Bottle,TASK_COMPLETE,SUCCESS,INFO,0,0,0,,2026-08-25T19:26:03.177Z,2026-08-25T21:23:56.829Z,7073,2026-08-25T21:23:56.829Z,TEX,Texarkana,7eb7a049-5d17-4a23-bb2f-3b9c445afd32,SAMMS-Texarkana
202608252121598349,202608251925573981,202608251925573776,85,2031,Bronze INV,br_Bottle,TASK_COMPLETE,SUCCESS,INFO,38677,38677,0,,2026-08-25T19:26:03.177Z,2026-08-25T21:23:56.829Z,7073,2026-08-25T21:23:56.829Z,TTCA,Bessemer,7eb7a049-5d17-4a23-bb2f-3b9c445afd32,SAMMS-BessemerV5
202608252121598350,202608251925573982,202608251925573776,85,2032,Bronze INV,br_Bottle,TASK_COMPLETE,SUCCESS,INFO,9649,9649,0,,2026-08-25T19:26:03.177Z,2026-08-25T21:23:56.829Z,7073,2026-08-25T21:23:56.829Z,TTCB,Cullman,7eb7a049-5d17-4a23-bb2f-3b9c445afd32,SAMMS-CullmanV5
202608252121598351,202608251925573983,202608251925573776,85,2033,Bronze INV,br_Bottle,TASK_COMPLETE,SUCCESS,INFO,11509,11509,0,,2026-08-25T19:26:03.177Z,2026-08-25T21:23:56.829Z,7073,2026-08-25T21:23:56.829Z,TTCC,Grand Bay,7eb7a049-5d17-4a23-bb2f-3b9c445afd32,SAMMS-GrandBay
202608252121598352,202608251925573984,202608251925573776,85,2034,Bronze INV,br_Bottle,TASK_COMPLETE,SUCCESS,INFO,581,581,0,,2026-08-25T19:26:03.177Z,2026-08-25T21:23:56.829Z,7073,2026-08-25T21:23:56.829Z,TU,Tucson,7eb7a049-5d17-4a23-bb2f-3b9c445afd32,SAMMS-Tucson
202608252121598354,202608251925573985,202608251925573776,85,2036,Bronze INV,br_Bottle,TASK_COMPLETE,SUCCESS,INFO,36471,36471,0,,2026-08-25T19:26:03.177Z,2026-08-25T21:23:56.829Z,7073,2026-08-25T21:23:56.829Z,V1,Memphis South,7eb7a049-5d17-4a23-bb2f-3b9c445afd32,SAMMS-VCPHCS-I-MemphisV5
202608252121598355,202608251925573986,202608251925573776,85,2037,Bronze INV,br_Bottle,TASK_COMPLETE,SUCCESS,INFO,11306,11306,0,,2026-08-25T19:26:03.177Z,2026-08-25T21:23:56.829Z,7073,2026-08-25T21:23:56.829Z,V10,Longmont,7eb7a049-5d17-4a23-bb2f-3b9c445afd32,SAMMS-BoulderV5
202608252121598356,202608251925573987,202608251925573776,85,2038,Bronze INV,br_Bottle,TASK_COMPLETE,SUCCESS,INFO,10742,10742,0,,2026-08-25T19:26:03.177Z,2026-08-25T21:23:56.829Z,7073,2026-08-25T21:23:56.829Z,V10A,Fort Collins,7eb7a049-5d17-4a23-bb2f-3b9c445afd32,SAMMS-FortCollinsV5
202608252121598357,202608251925573988,202608251925573776,85,2039,Bronze INV,br_Bottle,TASK_COMPLETE,SUCCESS,INFO,21449,21449,0,,2026-08-25T19:26:03.177Z,2026-08-25T21:23:56.829Z,7073,2026-08-25T21:23:56.829Z,V11,Westminster,7eb7a049-5d17-4a23-bb2f-3b9c445afd32,SAMMS-VCPHCS-XI-NorthDenverV5
202608252121598358,202608251925573989,202608251925573776,85,2040,Bronze INV,br_Bottle,TASK_COMPLETE,SUCCESS,INFO,26177,26177,0,,2026-08-25T19:26:03.177Z,2026-08-25T21:23:56.829Z,7073,2026-08-25T21:23:56.829Z,V12,Downtown Denver,7eb7a049-5d17-4a23-bb2f-3b9c445afd32,SAMMS-VCPHCS-XII-DowntownDenverV5
202608252121598359,202608251925573990,202608251925573776,85,2041,Bronze INV,br_Bottle,TASK_COMPLETE,SUCCESS,INFO,6434,6434,0,,2026-08-25T19:26:03.177Z,2026-08-25T21:23:56.829Z,7073,2026-08-25T21:23:56.829Z,V12A,Centennial,7eb7a049-5d17-4a23-bb2f-3b9c445afd32,SAMMS-CentennialV5
202608252121598361,202608251925573991,202608251925573776,85,2042,Bronze INV,br_Bottle,TASK_COMPLETE,SUCCESS,INFO,12731,12731,0,,2026-08-25T19:26:03.177Z,2026-08-25T21:23:56.829Z,7073,2026-08-25T21:23:56.829Z,V14,Overland Park,7eb7a049-5d17-4a23-bb2f-3b9c445afd32,SAMMS-VCPHCS-XIV-BridgewayV5
202608252121598362,202608251925573992,202608251925573776,85,2043,Bronze INV,br_Bottle,TASK_COMPLETE,SUCCESS,INFO,14966,14966,0,,2026-08-25T19:26:03.177Z,2026-08-25T21:23:56.829Z,7073,2026-08-25T21:23:56.829Z,V15,Joplin,7eb7a049-5d17-4a23-bb2f-3b9c445afd32,SAMMS-JoplinV5
202608252121598363,202608251925573993,202608251925573776,85,2045,Bronze INV,br_Bottle,TASK_COMPLETE,SUCCESS,INFO,7060,7060,0,,2026-08-25T19:26:03.177Z,2026-08-25T21:23:56.829Z,7073,2026-08-25T21:23:56.829Z,V17,Columbia TN,7eb7a049-5d17-4a23-bb2f-3b9c445afd32,SAMMS-ColumbiaTNv5
202608252121598364,202608251925573994,202608251925573776,85,2047,Bronze INV,br_Bottle,TASK_COMPLETE,SUCCESS,INFO,38858,38858,0,,2026-08-25T19:26:03.177Z,2026-08-25T21:23:56.829Z,7073,2026-08-25T21:23:56.829Z,V19,Jackson,7eb7a049-5d17-4a23-bb2f-3b9c445afd32,SAMMS-JacksonV5
202608252121598365,202608251925573995,202608251925573776,85,2049,Bronze INV,br_Bottle,TASK_COMPLETE,SUCCESS,INFO,50518,50518,0,,2026-08-25T19:26:03.177Z,2026-08-25T21:23:56.829Z,7073,2026-08-25T21:23:56.829Z,V20,Paris,7eb7a049-5d17-4a23-bb2f-3b9c445afd32,SAMMS-ParisV5
202608252121598366,202608251925573996,202608251925573776,85,2050,Bronze INV,br_Bottle,TASK_COMPLETE,SUCCESS,INFO,36119,36119,0,,2026-08-25T19:26:03.177Z,2026-08-25T21:23:56.829Z,7073,2026-08-25T21:23:56.829Z,V21,Memphis North,7eb7a049-5d17-4a23-bb2f-3b9c445afd32,SAMMS-RaleighV5
202608262209457757,202608261955299077,202608261955298282,85,1871,Bronze INV,br_Appointments,TASK_COMPLETE,SUCCESS,INFO,4671,4671,0,,2026-08-26T19:55:35.047Z,2026-08-26T22:11:39.517Z,8164,2026-08-26T22:11:39.517Z,V5B,Houma,20846baf-2fe5-403c-85d4-31520e88a3ce,SAMMS-HoumaV6
202608262209457758,202608261955299078,202608261955298282,85,1872,Bronze INV,br_Appointments,TASK_COMPLETE,SUCCESS,INFO,44015,44015,0,,2026-08-26T19:55:35.047Z,2026-08-26T22:11:39.517Z,8164,2026-08-26T22:11:39.517Z,V6,Lake Charles,20846baf-2fe5-403c-85d4-31520e88a3ce,SAMMS-LCv5
202608262209457759,202608261955299079,202608261955298282,85,1874,Bronze INV,br_Appointments,TASK_COMPLETE,SUCCESS,INFO,13350,13350,0,,2026-08-26T19:55:35.047Z,2026-08-26T22:11:39.517Z,8164,2026-08-26T22:11:39.517Z,V8,Memphis Midtown,20846baf-2fe5-403c-85d4-31520e88a3ce,SAMMS-VCPHCS-VIII-MemphisV5
202608262209457760,202608261955299080,202608261955298282,85,1875,Bronze INV,br_Appointments,TASK_COMPLETE,SUCCESS,INFO,56837,56837,0,,2026-08-26T19:55:35.047Z,2026-08-26T22:11:39.517Z,8164,2026-08-26T22:11:39.517Z,V9,Nashville,20846baf-2fe5-403c-85d4-31520e88a3ce,SAMMS-NashvilleV5
202608262209457761,202608261955299081,202608261955298282,85,1876,Bronze INV,br_Appointments,TASK_COMPLETE,SUCCESS,INFO,20517,20517,0,,2026-08-26T19:55:35.047Z,2026-08-26T22:11:39.517Z,8164,2026-08-26T22:11:39.517Z,VBRA,Brainerd,20846baf-2fe5-403c-85d4-31520e88a3ce,SAMMS-BrainerdV6
202608262209457762,202608261955299082,202608261955298282,85,1877,Bronze INV,br_Appointments,TASK_COMPLETE,SUCCESS,INFO,78930,78930,0,,2026-08-26T19:55:35.047Z,2026-08-26T22:11:39.517Z,8164,2026-08-26T22:11:39.517Z,VBRP,Brooklyn Park,20846baf-2fe5-403c-85d4-31520e88a3ce,SAMMS-BrooklynParkV6
202608262209457763,202608261955299083,202608261955298282,85,1879,Bronze INV,br_Appointments,TASK_COMPLETE,SUCCESS,INFO,40931,40931,0,,2026-08-26T19:55:35.047Z,2026-08-26T22:11:39.517Z,8164,2026-08-26T22:11:39.517Z,VMIN,Minneapolis,20846baf-2fe5-403c-85d4-31520e88a3ce,SAMMS-MinneapolisV6
202608262209457764,202608261955299084,202608261955298282,85,1880,Bronze INV,br_Appointments,TASK_COMPLETE,SUCCESS,INFO,89294,89294,0,,2026-08-26T19:55:35.047Z,2026-08-26T22:11:39.517Z,8164,2026-08-26T22:11:39.517Z,VWBY,Woodbury,20846baf-2fe5-403c-85d4-31520e88a3ce,SAMMS-WoodburyV6
202608262209457765,202608261955299085,202608261955298282,85,1882,Bronze INV,br_Appointments,TASK_COMPLETE,SUCCESS,INFO,12696,12696,0,,2026-08-26T19:55:35.047Z,2026-08-26T22:11:39.517Z,8164,2026-08-26T22:11:39.517Z,WIL,Wilson,20846baf-2fe5-403c-85d4-31520e88a3ce,SAMMS-Wilson
202608262209457867,202608261955398306,202608261955398282,86,8583,Silver INV,sl_Appointments,TASK_COMPLETE,SUCCESS,INFO,2445508,2445508,0,,2026-08-26T19:55:35.047Z,2026-08-26T22:11:39.517Z,8164,2026-08-26T22:11:39.517Z,,,20846baf-2fe5-403c-85d4-31520e88a3ce,
202608262209457783,202608261955298398,202608261955298282,85,1886,Bronze INV,br_Bottle,TASK_COMPLETE,SUCCESS,INFO,1857,1857,0,,2026-08-26T19:55:35.047Z,2026-08-26T22:11:39.517Z,8164,2026-08-26T22:11:39.517Z,AHK,Ahoskie,20846baf-2fe5-403c-85d4-31520e88a3ce,SAMMS-Ahoskie
202608262209457784,202608261955298399,202608261955298282,85,1887,Bronze INV,br_Bottle,TASK_COMPLETE,SUCCESS,INFO,2792,2792,0,,2026-08-26T19:55:35.047Z,2026-08-26T22:11:39.517Z,8164,2026-08-26T22:11:39.517Z,B12B,Colorado Springs,20846baf-2fe5-403c-85d4-31520e88a3ce,SAMMS-ColoradoSpringsV5
202608262209457785,202608261955298400,202608261955298282,85,1888,Bronze INV,br_Bottle,TASK_COMPLETE,SUCCESS,INFO,25839,25839,0,,2026-08-26T19:55:35.047Z,2026-08-26T22:11:39.517Z,8164,2026-08-26T22:11:39.517Z,B24,Paintsville,20846baf-2fe5-403c-85d4-31520e88a3ce,SAMMS-PaintsvilleV5
202608262209457786,202608261955298401,202608261955298282,85,1889,Bronze INV,br_Bottle,TASK_COMPLETE,SUCCESS,INFO,28172,28172,0,,2026-08-26T19:55:35.047Z,2026-08-26T22:11:39.517Z,8164,2026-08-26T22:11:39.517Z,B25,Pikeville,20846baf-2fe5-403c-85d4-31520e88a3ce,SAMMS-PikevilleV5
202608262209457787,202608261955298402,202608261955298282,85,1890,Bronze INV,br_Bottle,TASK_COMPLETE,SUCCESS,INFO,51690,51690,0,,2026-08-26T19:55:35.047Z,2026-08-26T22:11:39.517Z,8164,2026-08-26T22:11:39.517Z,B26,Hazard,20846baf-2fe5-403c-85d4-31520e88a3ce,SAMMS-HazardV5
202608262209457789,202608261955298403,202608261955298282,85,1891,Bronze INV,br_Bottle,TASK_COMPLETE,SUCCESS,INFO,1857,1857,0,,2026-08-26T19:55:35.047Z,2026-08-26T22:11:39.517Z,8164,2026-08-26T22:11:39.517Z,B27,Savannah,20846baf-2fe5-403c-85d4-31520e88a3ce,SAMMS-SavannahV6
202608262209457790,202608261955298404,202608261955298282,85,1892,Bronze INV,br_Bottle,TASK_COMPLETE,SUCCESS,INFO,20161,20161,0,,2026-08-26T19:55:35.047Z,2026-08-26T22:11:39.517Z,8164,2026-08-26T22:11:39.517Z,B28,West Plains,20846baf-2fe5-403c-85d4-31520e88a3ce,SAMMS-WestPlainesV5
202608262209457791,202608261955298405,202608261955298282,85,1893,Bronze INV,br_Bottle,TASK_COMPLETE,SUCCESS,INFO,16959,16959,0,,2026-08-26T19:55:35.047Z,2026-08-26T22:11:39.517Z,8164,2026-08-26T22:11:39.517Z,B29,Poplar Bluff,20846baf-2fe5-403c-85d4-31520e88a3ce,SAMMS-PoplarBluffV5
202608262209457792,202608261955298406,202608261955298282,85,1894,Bronze INV,br_Bottle,TASK_COMPLETE,SUCCESS,INFO,7547,7547,0,,2026-08-26T19:55:35.047Z,2026-08-26T22:11:39.517Z,8164,2026-08-26T22:11:39.517Z,B30,KC North,20846baf-2fe5-403c-85d4-31520e88a3ce,SAMMS-KCNv5
202608262209457793,202608261955298407,202608261955298282,85,1895,Bronze INV,br_Bottle,TASK_COMPLETE,SUCCESS,INFO,42588,42588,0,,2026-08-26T19:55:35.047Z,2026-08-26T22:11:39.517Z,8164,2026-08-26T22:11:39.517Z,B31,Dyersburg,20846baf-2fe5-403c-85d4-31520e88a3ce,SAMMS-DyersburgV5
202608262209457794,202608261955298408,202608261955298282,85,1897,Bronze INV,br_Bottle,TASK_COMPLETE,SUCCESS,INFO,25121,25121,0,,2026-08-26T19:55:35.047Z,2026-08-26T22:11:39.517Z,8164,2026-08-26T22:11:39.517Z,B33,Paducah,20846baf-2fe5-403c-85d4-31520e88a3ce,SAMMS-Paducah
202608262209457795,202608261955298409,202608261955298282,85,1898,Bronze INV,br_Bottle,TASK_COMPLETE,SUCCESS,INFO,31969,31969,0,,2026-08-26T19:55:35.047Z,2026-08-26T22:11:39.517Z,8164,2026-08-26T22:11:39.517Z,B34,Corbin,20846baf-2fe5-403c-85d4-31520e88a3ce,SAMMS-CorbinV5
202608262209457796,202608261955298410,202608261955298282,85,1899,Bronze INV,br_Bottle,TASK_COMPLETE,SUCCESS,INFO,57967,57967,0,,2026-08-26T19:55:35.047Z,2026-08-26T22:11:39.517Z,8164,2026-08-26T22:11:39.517Z,B35,Lexington,20846baf-2fe5-403c-85d4-31520e88a3ce,SAMMS-LexingtonV5
202608262209457798,202608261955298411,202608261955298282,85,1900,Bronze INV,br_Bottle,TASK_COMPLETE,SUCCESS,INFO,11498,11498,0,,2026-08-26T19:55:35.047Z,2026-08-26T22:11:39.517Z,8164,2026-08-26T22:11:39.517Z,B35A,Berea,20846baf-2fe5-403c-85d4-31520e88a3ce,SAMMS-BereaV5
202608262209457799,202608261955298412,202608261955298282,85,1901,Bronze INV,br_Bottle,TASK_COMPLETE,SUCCESS,INFO,34242,34242,0,,2026-08-26T19:55:35.047Z,2026-08-26T22:11:39.517Z,8164,2026-08-26T22:11:39.517Z,B36,Asheville,20846baf-2fe5-403c-85d4-31520e88a3ce,SAMMS-AshevilleV5
202608262209457800,202608261955298413,202608261955298282,85,1902,Bronze INV,br_Bottle,TASK_COMPLETE,SUCCESS,INFO,20447,20447,0,,2026-08-26T19:55:35.047Z,2026-08-26T22:11:39.517Z,8164,2026-08-26T22:11:39.517Z,B37,Clyde,20846baf-2fe5-403c-85d4-31520e88a3ce,SAMMS-ClydeV5
202608262209457801,202608261955298414,202608261955298282,85,1903,Bronze INV,br_Bottle,TASK_COMPLETE,SUCCESS,INFO,24720,24720,0,,2026-08-26T19:55:35.047Z,2026-08-26T22:11:39.517Z,8164,2026-08-26T22:11:39.517Z,B38,Spartanburg,20846baf-2fe5-403c-85d4-31520e88a3ce,SAMMS-SpartanburgV5
202608262209457802,202608261955298415,202608261955298282,85,1904,Bronze INV,br_Bottle,TASK_COMPLETE,SUCCESS,INFO,6533,6533,0,,2026-08-26T19:55:35.047Z,2026-08-26T22:11:39.517Z,8164,2026-08-26T22:11:39.517Z,B39,Aiken,20846baf-2fe5-403c-85d4-31520e88a3ce,SAMMS-AikenV5
202608262209457803,202608261955298416,202608261955298282,85,1905,Bronze INV,br_Bottle,TASK_COMPLETE,SUCCESS,INFO,12772,12772,0,,2026-08-26T19:55:35.047Z,2026-08-26T22:11:39.517Z,8164,2026-08-26T22:11:39.517Z,B41,Chesapeake,20846baf-2fe5-403c-85d4-31520e88a3ce,SAMMS-ChesapeakeV5
202608262209457804,202608261955298417,202608261955298282,85,1906,Bronze INV,br_Bottle,TASK_COMPLETE,SUCCESS,INFO,19474,19474,0,,2026-08-26T19:55:35.047Z,2026-08-26T22:11:39.517Z,8164,2026-08-26T22:11:39.517Z,B42,Virginia Beach,20846baf-2fe5-403c-85d4-31520e88a3ce,SAMMS-VirginiaBeachV5
202608262209457805,202608261955298418,202608261955298282,85,1907,Bronze INV,br_Bottle,TASK_COMPLETE,SUCCESS,INFO,8680,8680,0,,2026-08-26T19:55:35.047Z,2026-08-26T22:11:39.517Z,8164,2026-08-26T22:11:39.517Z,B42A,Newport News,20846baf-2fe5-403c-85d4-31520e88a3ce,SAMMS-NewportNewsV5
202608262209457807,202608261955298419,202608261955298282,85,1908,Bronze INV,br_Bottle,TASK_COMPLETE,SUCCESS,INFO,2855,2855,0,,2026-08-26T19:55:35.047Z,2026-08-26T22:11:39.517Z,8164,2026-08-26T22:11:39.517Z,B42B,Franklin,20846baf-2fe5-403c-85d4-31520e88a3ce,SAMMS-FranklinV5
202608262209457808,202608261955298420,202608261955298282,85,1909,Bronze INV,br_Bottle,TASK_COMPLETE,SUCCESS,INFO,9628,9628,0,,2026-08-26T19:55:35.047Z,2026-08-26T22:11:39.517Z,8164,2026-08-26T22:11:39.517Z,B42C,Glen Allen,20846baf-2fe5-403c-85d4-31520e88a3ce,SAMMS-GlenAllenV5
202608262209457809,202608261955298421,202608261955298282,85,1910,Bronze INV,br_Bottle,TASK_COMPLETE,SUCCESS,INFO,7750,7750,0,,2026-08-26T19:55:35.047Z,2026-08-26T22:11:39.517Z,8164,2026-08-26T22:11:39.517Z,B42D,Chesapeake South,20846baf-2fe5-403c-85d4-31520e88a3ce,SAMMS-ChesapeakeSouthV5
202608262209457810,202608261955298422,202608261955298282,85,1911,Bronze INV,br_Bottle,TASK_COMPLETE,SUCCESS,INFO,11164,11164,0,,2026-08-26T19:55:35.047Z,2026-08-26T22:11:39.517Z,8164,2026-08-26T22:11:39.517Z,B44,Albany,20846baf-2fe5-403c-85d4-31520e88a3ce,SAMMS-AlbanyV5
202608262209457811,202608261955298423,202608261955298282,85,1912,Bronze INV,br_Bottle,TASK_COMPLETE,SUCCESS,INFO,14696,14696,0,,2026-08-26T19:55:35.047Z,2026-08-26T22:11:39.517Z,8164,2026-08-26T22:11:39.517Z,B45,Tifton,20846baf-2fe5-403c-85d4-31520e88a3ce,SAMMS-TiftonV5
202608262209457812,202608261955298424,202608261955298282,85,1913,Bronze INV,br_Bottle,TASK_COMPLETE,SUCCESS,INFO,8475,8475,0,,2026-08-26T19:55:35.047Z,2026-08-26T22:11:39.517Z,8164,2026-08-26T22:11:39.517Z,B46,Washington DC,20846baf-2fe5-403c-85d4-31520e88a3ce,SAMMS-WashingtonDCv5
202608262209457813,202608261955298425,202608261955298282,85,1914,Bronze INV,br_Bottle,TASK_COMPLETE,SUCCESS,INFO,11042,11042,0,,2026-08-26T19:55:35.047Z,2026-08-26T22:11:39.517Z,8164,2026-08-26T22:11:39.517Z,B47,Mobile,20846baf-2fe5-403c-85d4-31520e88a3ce,SAMMS-MobileV5
202608262209457814,202608261955298426,202608261955298282,85,1915,Bronze INV,br_Bottle,TASK_COMPLETE,SUCCESS,INFO,32023,32023,0,,2026-08-26T19:55:35.047Z,2026-08-26T22:11:39.517Z,8164,2026-08-26T22:11:39.517Z,B48,Tuscaloosa,20846baf-2fe5-403c-85d4-31520e88a3ce,SAMMS-TuscaloosaV5
202608262209457815,202608261955298427,202608261955298282,85,1924,Bronze INV,br_Bottle,TASK_COMPLETE,SUCCESS,INFO,2335,2335,0,,2026-08-26T19:55:35.047Z,2026-08-26T22:11:39.517Z,8164,2026-08-26T22:11:39.517Z,B51,N. Little Rock (OTP),20846baf-2fe5-403c-85d4-31520e88a3ce,SAMMS-NorthLittleRockV6
202608262209457817,202608261955298428,202608261955298282,85,1925,Bronze INV,br_Bottle,TASK_COMPLETE,SUCCESS,INFO,9415,9415,0,,2026-08-26T19:55:35.047Z,2026-08-26T22:11:39.517Z,8164,2026-08-26T22:11:39.517Z,B52,Jackson GA,20846baf-2fe5-403c-85d4-31520e88a3ce,SAMMS-JacksonGAV5
202608262209457818,202608261955298429,202608261955298282,85,1926,Bronze INV,br_Bottle,TASK_COMPLETE,SUCCESS,INFO,23194,23194,0,,2026-08-26T19:55:35.047Z,2026-08-26T22:11:39.517Z,8164,2026-08-26T22:11:39.517Z,B54,Gadsden,20846baf-2fe5-403c-85d4-31520e88a3ce,SAMMS-GadsdenV5
202608262209457819,202608261955298430,202608261955298282,85,1927,Bronze INV,br_Bottle,TASK_COMPLETE,SUCCESS,INFO,23846,23846,0,,2026-08-26T19:55:35.047Z,2026-08-26T22:11:39.517Z,8164,2026-08-26T22:11:39.517Z,B55,Shoals,20846baf-2fe5-403c-85d4-31520e88a3ce,SAMMS-ShoalsV5
202608262209457820,202608261955298431,202608261955298282,85,1928,Bronze INV,br_Bottle,TASK_COMPLETE,SUCCESS,INFO,2825,2825,0,,2026-08-26T19:55:35.047Z,2026-08-26T22:11:39.517Z,8164,2026-08-26T22:11:39.517Z,B57,Pawtucket,20846baf-2fe5-403c-85d4-31520e88a3ce,SAMMS-Pawtucket
202608262209457821,202608261955298432,202608261955298282,85,1929,Bronze INV,br_Bottle,TASK_COMPLETE,SUCCESS,INFO,2993,2993,0,,2026-08-26T19:55:35.047Z,2026-08-26T22:11:39.517Z,8164,2026-08-26T22:11:39.517Z,B57A,Johnston,20846baf-2fe5-403c-85d4-31520e88a3ce,SAMMS-Johnston
202608262209457822,202608261955298433,202608261955298282,85,1930,Bronze INV,br_Bottle,TASK_COMPLETE,SUCCESS,INFO,750,750,0,,2026-08-26T19:55:35.047Z,2026-08-26T22:11:39.517Z,8164,2026-08-26T22:11:39.517Z,B57B,Middletown,20846baf-2fe5-403c-85d4-31520e88a3ce,SAMMS-Middletown
202608262209457823,202608261955298434,202608261955298282,85,1931,Bronze INV,br_Bottle,TASK_COMPLETE,SUCCESS,INFO,1559,1559,0,,2026-08-26T19:55:35.047Z,2026-08-26T22:11:39.517Z,8164,2026-08-26T22:11:39.517Z,B57C,Providence,20846baf-2fe5-403c-85d4-31520e88a3ce,SAMMS-Providence
202608262209457824,202608261955298435,202608261955298282,85,1932,Bronze INV,br_Bottle,TASK_COMPLETE,SUCCESS,INFO,2542,2542,0,,2026-08-26T19:55:35.047Z,2026-08-26T22:11:39.517Z,8164,2026-08-26T22:11:39.517Z,B57D,Westerly,20846baf-2fe5-403c-85d4-31520e88a3ce,SAMMS-Westerly
202608262209457825,202608261955298436,202608261955298282,85,1936,Bronze INV,br_Bottle,TASK_COMPLETE,SUCCESS,INFO,0,0,0,,2026-08-26T19:55:35.047Z,2026-08-26T22:11:39.517Z,8164,2026-08-26T22:11:39.517Z,B66A,Bremen,20846baf-2fe5-403c-85d4-31520e88a3ce,SAMMS-Bremen
202608262209457826,202608261955298437,202608261955298282,85,1939,Bronze INV,br_Bottle,TASK_COMPLETE,SUCCESS,INFO,0,0,0,,2026-08-26T19:55:35.047Z,2026-08-26T22:11:39.517Z,8164,2026-08-26T22:11:39.517Z,B72,Mobile (OBOT),20846baf-2fe5-403c-85d4-31520e88a3ce,SAMMS-Mobile-OBOT
202608262209457828,202608261955298438,202608261955298282,85,1940,Bronze INV,br_Bottle,TASK_COMPLETE,SUCCESS,INFO,0,0,0,,2026-08-26T19:55:35.047Z,2026-08-26T22:11:39.517Z,8164,2026-08-26T22:11:39.517Z,B73,Montgomery,20846baf-2fe5-403c-85d4-31520e88a3ce,SAMMS-Montgomery
202608262209457829,202608261955298439,202608261955298282,85,1941,Bronze INV,br_Bottle,TASK_COMPLETE,SUCCESS,INFO,2258,2258,0,,2026-08-26T19:55:35.047Z,2026-08-26T22:11:39.517Z,8164,2026-08-26T22:11:39.517Z,B75,Lawrence,20846baf-2fe5-403c-85d4-31520e88a3ce,SAMMS-LawrenceV6
202608262209457830,202608261955298440,202608261955298282,85,1942,Bronze INV,br_Bottle,TASK_COMPLETE,SUCCESS,INFO,0,0,0,,2026-08-26T19:55:35.047Z,2026-08-26T22:11:39.517Z,8164,2026-08-26T22:11:39.517Z,B76,Huntsville OBOT,20846baf-2fe5-403c-85d4-31520e88a3ce,SAMMS-Huntsville-OBOT
202608262209457831,202608261955298441,202608261955298282,85,1943,Bronze INV,br_Bottle,TASK_COMPLETE,SUCCESS,INFO,0,0,0,,2026-08-26T19:55:35.047Z,2026-08-26T22:11:39.517Z,8164,2026-08-26T22:11:39.517Z,BAT,Batesville,20846baf-2fe5-403c-85d4-31520e88a3ce,SAMMS-Batesville
202608262209457832,202608261955298442,202608261955298282,85,1944,Bronze INV,br_Bottle,TASK_COMPLETE,SUCCESS,INFO,4200,4200,0,,2026-08-26T19:55:35.047Z,2026-08-26T22:11:39.517Z,8164,2026-08-26T22:11:39.517Z,BG,Bowling Green,20846baf-2fe5-403c-85d4-31520e88a3ce,SAMMS-BowlingGreen
202608262209457833,202608261955298443,202608261955298282,85,1945,Bronze INV,br_Bottle,TASK_COMPLETE,SUCCESS,INFO,2070,2070,0,,2026-08-26T19:55:35.047Z,2026-08-26T22:11:39.517Z,8164,2026-08-26T22:11:39.517Z,BOI,Boise,20846baf-2fe5-403c-85d4-31520e88a3ce,SAMMS-Boise
202608262209457834,202608261955298444,202608261955298282,85,1952,Bronze INV,br_Bottle,TASK_COMPLETE,SUCCESS,INFO,1116,1116,0,,2026-08-26T19:55:35.047Z,2026-08-26T22:11:39.517Z,8164,2026-08-26T22:11:39.517Z,CBCO,Coeur dAlene,20846baf-2fe5-403c-85d4-31520e88a3ce,SAMMS-CoeurdAleneV6
202608262209457835,202608261955298445,202608261955298282,85,1971,Bronze INV,br_Bottle,TASK_COMPLETE,SUCCESS,INFO,0,0,0,,2026-08-26T19:55:35.047Z,2026-08-26T22:11:39.517Z,8164,2026-08-26T22:11:39.517Z,CON,Conway,20846baf-2fe5-403c-85d4-31520e88a3ce,SAMMS-Conway
202608262209457837,202608261955298446,202608261955298282,85,1972,Bronze INV,br_Bottle,TASK_COMPLETE,SUCCESS,INFO,0,0,0,,2026-08-26T19:55:35.047Z,2026-08-26T22:11:39.517Z,8164,2026-08-26T22:11:39.517Z,D07,Medical Services Knox TN,20846baf-2fe5-403c-85d4-31520e88a3ce,SAMMS-KnoxvilleV6
202608262209457838,202608261955298447,202608261955298282,85,1973,Bronze INV,br_Bottle,TASK_COMPLETE,SUCCESS,INFO,5134,5134,0,,2026-08-26T19:55:35.047Z,2026-08-26T22:11:39.517Z,8164,2026-08-26T22:11:39.517Z,D08,Madison,20846baf-2fe5-403c-85d4-31520e88a3ce,SAMMS-MadisonV6
202608262209457839,202608261955298448,202608261955298282,85,1975,Bronze INV,br_Bottle,TASK_COMPLETE,SUCCESS,INFO,7037,7037,0,,2026-08-26T19:55:35.047Z,2026-08-26T22:11:39.517Z,8164,2026-08-26T22:11:39.517Z,D09,Murfreesboro,20846baf-2fe5-403c-85d4-31520e88a3ce,SAMMS-MurfreesboroV6
202608262209457840,202608261955298449,202608261955298282,85,1976,Bronze INV,br_Bottle,TASK_COMPLETE,SUCCESS,INFO,2227,2227,0,,2026-08-26T19:55:35.047Z,2026-08-26T22:11:39.517Z,8164,2026-08-26T22:11:39.517Z,DA,Davenport,20846baf-2fe5-403c-85d4-31520e88a3ce,SAMMS-Davenport
202608262209457841,202608261955298450,202608261955298282,85,1977,Bronze INV,br_Bottle,TASK_COMPLETE,SUCCESS,INFO,1673,1673,0,,2026-08-26T19:55:35.047Z,2026-08-26T22:11:39.517Z,8164,2026-08-26T22:11:39.517Z,DM,Des Moines,20846baf-2fe5-403c-85d4-31520e88a3ce,SAMMS-DesMoines
202608262209457842,202608261955298451,202608261955298282,85,1979,Bronze INV,br_Bottle,TASK_COMPLETE,SUCCESS,INFO,25636,25636,0,,2026-08-26T19:55:35.047Z,2026-08-26T22:11:39.517Z,8164,2026-08-26T22:11:39.517Z,DRD-CO,Columbia MO,20846baf-2fe5-403c-85d4-31520e88a3ce,SAMMS-ColumbiaV5
202608262209457843,202608261955298452,202608261955298282,85,1980,Bronze INV,br_Bottle,TASK_COMPLETE,SUCCESS,INFO,24789,24789,0,,2026-08-26T19:55:35.047Z,2026-08-26T22:11:39.517Z,8164,2026-08-26T22:11:39.517Z,DRD-KC,KC,20846baf-2fe5-403c-85d4-31520e88a3ce,SAMMS-KCv5
202608262209457844,202608261955298453,202608261955298282,85,1981,Bronze INV,br_Bottle,TASK_COMPLETE,SUCCESS,INFO,114755,114755,0,,2026-08-26T19:55:35.047Z,2026-08-26T22:11:39.517Z,8164,2026-08-26T22:11:39.517Z,DRD-KVB,KVB,20846baf-2fe5-403c-85d4-31520e88a3ce,SAMMS-KVBv5
202608262209457845,202608261955298454,202608261955298282,85,1982,Bronze INV,br_Bottle,TASK_COMPLETE,SUCCESS,INFO,112922,112922,0,,2026-08-26T19:55:35.047Z,2026-08-26T22:11:39.517Z,8164,2026-08-26T22:11:39.517Z,DRD-KVC,KVC,20846baf-2fe5-403c-85d4-31520e88a3ce,SAMMS-KVCv5
202608262209457846,202608261955298455,202608261955298282,85,1983,Bronze INV,br_Bottle,TASK_COMPLETE,SUCCESS,INFO,82086,82086,0,,2026-08-26T19:55:35.047Z,2026-08-26T22:11:39.517Z,8164,2026-08-26T22:11:39.517Z,DRD-NOLA,NOLA,20846baf-2fe5-403c-85d4-31520e88a3ce,SAMMS-NOLAv5
202608262209457848,202608261955298456,202608261955298282,85,1984,Bronze INV,br_Bottle,TASK_COMPLETE,SUCCESS,INFO,65494,65494,0,,2026-08-26T19:55:35.047Z,2026-08-26T22:11:39.517Z,8164,2026-08-26T22:11:39.517Z,DRD-SF,Springfield,20846baf-2fe5-403c-85d4-31520e88a3ce,SAMMS-SFv5
202608262209457849,202608261955298457,202608261955298282,85,1986,Bronze INV,br_Bottle,TASK_COMPLETE,SUCCESS,INFO,4231,4231,0,,2026-08-26T19:55:35.047Z,2026-08-26T22:11:39.517Z,8164,2026-08-26T22:11:39.517Z,ELC,Elizabeth City,20846baf-2fe5-403c-85d4-31520e88a3ce,SAMMS-ElizabethCity
202608262209457850,202608261955298458,202608261955298282,85,1987,Bronze INV,br_Bottle,TASK_COMPLETE,SUCCESS,INFO,3137,3137,0,,2026-08-26T19:55:35.047Z,2026-08-26T22:11:39.517Z,8164,2026-08-26T22:11:39.517Z,ET,Elizabethtown,20846baf-2fe5-403c-85d4-31520e88a3ce,SAMMS-Elizabethtown
202608262209457851,202608261955298459,202608261955298282,85,1988,Bronze INV,br_Bottle,TASK_COMPLETE,SUCCESS,INFO,0,0,0,,2026-08-26T19:55:35.047Z,2026-08-26T22:11:39.517Z,8164,2026-08-26T22:11:39.517Z,FAY,Fayetteville,20846baf-2fe5-403c-85d4-31520e88a3ce,SAMMS-Fayetteville
202608262209457852,202608261955298460,202608261955298282,85,1989,Bronze INV,br_Bottle,TASK_COMPLETE,SUCCESS,INFO,3007,3007,0,,2026-08-26T19:55:35.047Z,2026-08-26T22:11:39.517Z,8164,2026-08-26T22:11:39.517Z,FR,Frankfort,20846baf-2fe5-403c-85d4-31520e88a3ce,SAMMS-Frankfort
202608262209457853,202608261955298461,202608261955298282,85,1990,Bronze INV,br_Bottle,TASK_COMPLETE,SUCCESS,INFO,0,0,0,,2026-08-26T19:55:35.047Z,2026-08-26T22:11:39.517Z,8164,2026-08-26T22:11:39.517Z,FS,Fort Smith,20846baf-2fe5-403c-85d4-31520e88a3ce,SAMMS-FortSmith
202608262209457854,202608261955298462,202608261955298282,85,1991,Bronze INV,br_Bottle,TASK_COMPLETE,SUCCESS,INFO,6145,6145,0,,2026-08-26T19:55:35.047Z,2026-08-26T22:11:39.517Z,8164,2026-08-26T22:11:39.517Z,FW,Fort Wayne,20846baf-2fe5-403c-85d4-31520e88a3ce,SAMMS-FortWayne
202608262209457855,202608261955298463,202608261955298282,85,1992,Bronze INV,br_Bottle,TASK_COMPLETE,SUCCESS,INFO,2899,2899,0,,2026-08-26T19:55:35.047Z,2026-08-26T22:11:39.517Z,8164,2026-08-26T22:11:39.517Z,GAL,Gaylord,20846baf-2fe5-403c-85d4-31520e88a3ce,SAMMS-Gaylord
202608262209457856,202608261955298464,202608261955298282,85,1996,Bronze INV,br_Bottle,TASK_COMPLETE,SUCCESS,INFO,42722,42722,0,,2026-08-26T19:55:35.047Z,2026-08-26T22:11:39.517Z,8164,2026-08-26T22:11:39.517Z,HGT,Hagerstown,20846baf-2fe5-403c-85d4-31520e88a3ce,SAMMS-Hagerstown
202608262209457857,202608261955298465,202608261955298282,85,1997,Bronze INV,br_Bottle,TASK_COMPLETE,SUCCESS,INFO,8069,8069,0,,2026-08-26T19:55:35.047Z,2026-08-26T22:11:39.517Z,8164,2026-08-26T22:11:39.517Z,HNT,Huntsville,20846baf-2fe5-403c-85d4-31520e88a3ce,SAMMS-Huntsville
202608262209457859,202608261955298466,202608261955298282,85,1998,Bronze INV,br_Bottle,TASK_COMPLETE,SUCCESS,INFO,0,0,0,,2026-08-26T19:55:35.047Z,2026-08-26T22:11:39.517Z,8164,2026-08-26T22:11:39.517Z,HS,Hot Springs,20846baf-2fe5-403c-85d4-31520e88a3ce,SAMMS-HotSprings
202608262209457860,202608261955298467,202608261955298282,85,1999,Bronze INV,br_Bottle,TASK_COMPLETE,SUCCESS,INFO,0,0,0,,2026-08-26T19:55:35.047Z,2026-08-26T22:11:39.517Z,8164,2026-08-26T22:11:39.517Z,JON,Jonesboro,20846baf-2fe5-403c-85d4-31520e88a3ce,SAMMS-Jonesboro
202608262209457861,202608261955298468,202608261955298282,85,2001,Bronze INV,br_Bottle,TASK_COMPLETE,SUCCESS,INFO,2646,2646,0,,2026-08-26T19:55:35.047Z,2026-08-26T22:11:39.517Z,8164,2026-08-26T22:11:39.517Z,LAN,Lansing,20846baf-2fe5-403c-85d4-31520e88a3ce,SAMMS-Lansing
202608262209457862,202608261955298469,202608261955298282,85,2002,Bronze INV,br_Bottle,TASK_COMPLETE,SUCCESS,INFO,7360,7360,0,,2026-08-26T19:55:35.047Z,2026-08-26T22:11:39.517Z,8164,2026-08-26T22:11:39.517Z,LO,Louisville,20846baf-2fe5-403c-85d4-31520e88a3ce,SAMMS-Louisville
202608262209457863,202608261955298470,202608261955298282,85,2003,Bronze INV,br_Bottle,TASK_COMPLETE,SUCCESS,INFO,2736,2736,0,,2026-08-26T19:55:35.047Z,2026-08-26T22:11:39.517Z,8164,2026-08-26T22:11:39.517Z,LV1,Cheyenne,20846baf-2fe5-403c-85d4-31520e88a3ce,SAMMS-Cheyenne
202608262209457864,202608261955298471,202608261955298282,85,2004,Bronze INV,br_Bottle,TASK_COMPLETE,SUCCESS,INFO,3017,3017,0,,2026-08-26T19:55:35.047Z,2026-08-26T22:11:39.517Z,8164,2026-08-26T22:11:39.517Z,LV2,Desert Inn,20846baf-2fe5-403c-85d4-31520e88a3ce,SAMMS-DesertInn
202608262209457865,202608261955298472,202608261955298282,85,2005,Bronze INV,br_Bottle,TASK_COMPLETE,SUCCESS,INFO,1591,1591,0,,2026-08-26T19:55:35.047Z,2026-08-26T22:11:39.517Z,8164,2026-08-26T22:11:39.517Z,LV3,McDaniel,20846baf-2fe5-403c-85d4-31520e88a3ce,SAMMS-McDaniel
202608262209457867,202608261955298473,202608261955298282,85,2008,Bronze INV,br_Bottle,TASK_COMPLETE,SUCCESS,INFO,2853,2853,0,,2026-08-26T19:55:35.047Z,2026-08-26T22:11:39.517Z,8164,2026-08-26T22:11:39.517Z,MNRE,Monroe,20846baf-2fe5-403c-85d4-31520e88a3ce,SAMMS-Monroe
202608262209457868,202608261955298474,202608261955298282,85,2009,Bronze INV,br_Bottle,TASK_COMPLETE,SUCCESS,INFO,5224,5224,0,,2026-08-26T19:55:35.047Z,2026-08-26T22:11:39.517Z,8164,2026-08-26T22:11:39.517Z,MP,Mt. Pleasant,20846baf-2fe5-403c-85d4-31520e88a3ce,SAMMS-MtPleasant
202608262209457869,202608261955298475,202608261955298282,85,2010,Bronze INV,br_Bottle,TASK_COMPLETE,SUCCESS,INFO,1312,1312,0,,2026-08-26T19:55:35.047Z,2026-08-26T22:11:39.517Z,8164,2026-08-26T22:11:39.517Z,MRD,Meridian,20846baf-2fe5-403c-85d4-31520e88a3ce,SAMMS-Meridian
202608262209457870,202608261955298476,202608261955298282,85,2015,Bronze INV,br_Bottle,TASK_COMPLETE,SUCCESS,INFO,4315,4315,0,,2026-08-26T19:55:35.047Z,2026-08-26T22:11:39.517Z,8164,2026-08-26T22:11:39.517Z,NC,North Charleston,20846baf-2fe5-403c-85d4-31520e88a3ce,SAMMS-NorthCharleston
202608262209457871,202608261955298477,202608261955298282,85,2016,Bronze INV,br_Bottle,TASK_COMPLETE,SUCCESS,INFO,0,0,0,,2026-08-26T19:55:35.047Z,2026-08-26T22:11:39.517Z,8164,2026-08-26T22:11:39.517Z,NLR,N. Little Rock,20846baf-2fe5-403c-85d4-31520e88a3ce,SAMMS-NLROBOT
202608262209457872,202608261955298478,202608261955298282,85,2017,Bronze INV,br_Bottle,TASK_COMPLETE,SUCCESS,INFO,619,619,0,,2026-08-26T19:55:35.047Z,2026-08-26T22:11:39.517Z,8164,2026-08-26T22:11:39.517Z,PH,Phoenix,20846baf-2fe5-403c-85d4-31520e88a3ce,SAMMS-Phoenix
202608262209457873,202608261955298479,202608261955298282,85,2021,Bronze INV,br_Bottle,TASK_COMPLETE,SUCCESS,INFO,2837,2837,0,,2026-08-26T19:55:35.047Z,2026-08-26T22:11:39.517Z,8164,2026-08-26T22:11:39.517Z,RE,Reno,20846baf-2fe5-403c-85d4-31520e88a3ce,SAMMS-Reno
202608262209457874,202608261955298480,202608261955298282,85,2022,Bronze INV,br_Bottle,TASK_COMPLETE,SUCCESS,INFO,4133,4133,0,,2026-08-26T19:55:35.047Z,2026-08-26T22:11:39.517Z,8164,2026-08-26T22:11:39.517Z,RMD,Richmond,20846baf-2fe5-403c-85d4-31520e88a3ce,SAMMS-Richmond
202608262209457876,202608261955298481,202608261955298282,85,2023,Bronze INV,br_Bottle,TASK_COMPLETE,SUCCESS,INFO,20197,20197,0,,2026-08-26T19:55:35.047Z,2026-08-26T22:11:39.517Z,8164,2026-08-26T22:11:39.517Z,SFN,Springfield North,20846baf-2fe5-403c-85d4-31520e88a3ce,SAMMS-SFNv5
202608262209457877,202608261955298482,202608261955298282,85,2024,Bronze INV,br_Bottle,TASK_COMPLETE,SUCCESS,INFO,7765,7765,0,,2026-08-26T19:55:35.047Z,2026-08-26T22:11:39.517Z,8164,2026-08-26T22:11:39.517Z,SHP,Shreveport,20846baf-2fe5-403c-85d4-31520e88a3ce,SAMMS-Shreveport
202608262209457878,202608261955298483,202608261955298282,85,2026,Bronze INV,br_Bottle,TASK_COMPLETE,SUCCESS,INFO,2611,2611,0,,2026-08-26T19:55:35.047Z,2026-08-26T22:11:39.517Z,8164,2026-08-26T22:11:39.517Z,STN,Staunton,20846baf-2fe5-403c-85d4-31520e88a3ce,SAMMS-Staunton
202608262209457879,202608261955298484,202608261955298282,85,2027,Bronze INV,br_Bottle,TASK_COMPLETE,SUCCESS,INFO,925,925,0,,2026-08-26T19:55:35.047Z,2026-08-26T22:11:39.517Z,8164,2026-08-26T22:11:39.517Z,STVN,Stevenson,20846baf-2fe5-403c-85d4-31520e88a3ce,SAMMS-Stevenson
202608262209457880,202608261955298485,202608261955298282,85,2029,Bronze INV,br_Bottle,TASK_COMPLETE,SUCCESS,INFO,712,712,0,,2026-08-26T19:55:35.047Z,2026-08-26T22:11:39.517Z,8164,2026-08-26T22:11:39.517Z,TE,Tempe,20846baf-2fe5-403c-85d4-31520e88a3ce,SAMMS-Tempe
202608262209457881,202608261955298486,202608261955298282,85,2030,Bronze INV,br_Bottle,TASK_COMPLETE,SUCCESS,INFO,0,0,0,,2026-08-26T19:55:35.047Z,2026-08-26T22:11:39.517Z,8164,2026-08-26T22:11:39.517Z,TEX,Texarkana,20846baf-2fe5-403c-85d4-31520e88a3ce,SAMMS-Texarkana
202608262209457882,202608261955298487,202608261955298282,85,2031,Bronze INV,br_Bottle,TASK_COMPLETE,SUCCESS,INFO,38677,38677,0,,2026-08-26T19:55:35.047Z,2026-08-26T22:11:39.517Z,8164,2026-08-26T22:11:39.517Z,TTCA,Bessemer,20846baf-2fe5-403c-85d4-31520e88a3ce,SAMMS-BessemerV5
202608262209457883,202608261955298488,202608261955298282,85,2032,Bronze INV,br_Bottle,TASK_COMPLETE,SUCCESS,INFO,9680,9680,0,,2026-08-26T19:55:35.047Z,2026-08-26T22:11:39.517Z,8164,2026-08-26T22:11:39.517Z,TTCB,Cullman,20846baf-2fe5-403c-85d4-31520e88a3ce,SAMMS-CullmanV5
202608262209457885,202608261955298489,202608261955298282,85,2033,Bronze INV,br_Bottle,TASK_COMPLETE,SUCCESS,INFO,11509,11509,0,,2026-08-26T19:55:35.047Z,2026-08-26T22:11:39.517Z,8164,2026-08-26T22:11:39.517Z,TTCC,Grand Bay,20846baf-2fe5-403c-85d4-31520e88a3ce,SAMMS-GrandBay
202608262209457886,202608261955298490,202608261955298282,85,2034,Bronze INV,br_Bottle,TASK_COMPLETE,SUCCESS,INFO,581,581,0,,2026-08-26T19:55:35.047Z,2026-08-26T22:11:39.517Z,8164,2026-08-26T22:11:39.517Z,TU,Tucson,20846baf-2fe5-403c-85d4-31520e88a3ce,SAMMS-Tucson
202608262209457887,202608261955298491,202608261955298282,85,2036,Bronze INV,br_Bottle,TASK_COMPLETE,SUCCESS,INFO,36471,36471,0,,2026-08-26T19:55:35.047Z,2026-08-26T22:11:39.517Z,8164,2026-08-26T22:11:39.517Z,V1,Memphis South,20846baf-2fe5-403c-85d4-31520e88a3ce,SAMMS-VCPHCS-I-MemphisV5
202608262209457888,202608261955298492,202608261955298282,85,2037,Bronze INV,br_Bottle,TASK_COMPLETE,SUCCESS,INFO,11386,11386,0,,2026-08-26T19:55:35.047Z,2026-08-26T22:11:39.517Z,8164,2026-08-26T22:11:39.517Z,V10,Longmont,20846baf-2fe5-403c-85d4-31520e88a3ce,SAMMS-BoulderV5
202608262209457889,202608261955298493,202608261955298282,85,2038,Bronze INV,br_Bottle,TASK_COMPLETE,SUCCESS,INFO,10742,10742,0,,2026-08-26T19:55:35.047Z,2026-08-26T22:11:39.517Z,8164,2026-08-26T22:11:39.517Z,V10A,Fort Collins,20846baf-2fe5-403c-85d4-31520e88a3ce,SAMMS-FortCollinsV5
202608262209457890,202608261955298494,202608261955298282,85,2039,Bronze INV,br_Bottle,TASK_COMPLETE,SUCCESS,INFO,21449,21449,0,,2026-08-26T19:55:35.047Z,2026-08-26T22:11:39.517Z,8164,2026-08-26T22:11:39.517Z,V11,Westminster,20846baf-2fe5-403c-85d4-31520e88a3ce,SAMMS-VCPHCS-XI-NorthDenverV5
202608262209457891,202608261955298495,202608261955298282,85,2040,Bronze INV,br_Bottle,TASK_COMPLETE,SUCCESS,INFO,26177,26177,0,,2026-08-26T19:55:35.047Z,2026-08-26T22:11:39.517Z,8164,2026-08-26T22:11:39.517Z,V12,Downtown Denver,20846baf-2fe5-403c-85d4-31520e88a3ce,SAMMS-VCPHCS-XII-DowntownDenverV5
202608262209457892,202608261955298496,202608261955298282,85,2041,Bronze INV,br_Bottle,TASK_COMPLETE,SUCCESS,INFO,6434,6434,0,,2026-08-26T19:55:35.047Z,2026-08-26T22:11:39.517Z,8164,2026-08-26T22:11:39.517Z,V12A,Centennial,20846baf-2fe5-403c-85d4-31520e88a3ce,SAMMS-CentennialV5
202608262209457894,202608261955298497,202608261955298282,85,2042,Bronze INV,br_Bottle,TASK_COMPLETE,SUCCESS,INFO,12731,12731,0,,2026-08-26T19:55:35.047Z,2026-08-26T22:11:39.517Z,8164,2026-08-26T22:11:39.517Z,V14,Overland Park,20846baf-2fe5-403c-85d4-31520e88a3ce,SAMMS-VCPHCS-XIV-BridgewayV5
202608262209457895,202608261955298498,202608261955298282,85,2043,Bronze INV,br_Bottle,TASK_COMPLETE,SUCCESS,INFO,14966,14966,0,,2026-08-26T19:55:35.047Z,2026-08-26T22:11:39.517Z,8164,2026-08-26T22:11:39.517Z,V15,Joplin,20846baf-2fe5-403c-85d4-31520e88a3ce,SAMMS-JoplinV5
202608262209457896,202608261955298499,202608261955298282,85,2045,Bronze INV,br_Bottle,TASK_COMPLETE,SUCCESS,INFO,7060,7060,0,,2026-08-26T19:55:35.047Z,2026-08-26T22:11:39.517Z,8164,2026-08-26T22:11:39.517Z,V17,Columbia TN,20846baf-2fe5-403c-85d4-31520e88a3ce,SAMMS-ColumbiaTNv5
202608262209457897,202608261955298500,202608261955298282,85,2047,Bronze INV,br_Bottle,TASK_COMPLETE,SUCCESS,INFO,38858,38858,0,,2026-08-26T19:55:35.047Z,2026-08-26T22:11:39.517Z,8164,2026-08-26T22:11:39.517Z,V19,Jackson,20846baf-2fe5-403c-85d4-31520e88a3ce,SAMMS-JacksonV5
202608262209457898,202608261955298501,202608261955298282,85,2049,Bronze INV,br_Bottle,TASK_COMPLETE,SUCCESS,INFO,50518,50518,0,,2026-08-26T19:55:35.047Z,2026-08-26T22:11:39.517Z,8164,2026-08-26T22:11:39.517Z,V20,Paris,20846baf-2fe5-403c-85d4-31520e88a3ce,SAMMS-ParisV5
202608262209457899,202608261955298502,202608261955298282,85,2050,Bronze INV,br_Bottle,TASK_COMPLETE,SUCCESS,INFO,36119,36119,0,,2026-08-26T19:55:35.047Z,2026-08-26T22:11:39.517Z,8164,2026-08-26T22:11:39.517Z,V21,Memphis North,20846baf-2fe5-403c-85d4-31520e88a3ce,SAMMS-RaleighV5
202608232214224123,202608232010369078,202608232010368283,85,1871,Bronze INV,br_Appointments,TASK_COMPLETE,SUCCESS,INFO,4537,4537,0,,2026-08-23T20:10:41.468Z,2026-08-23T22:16:21.732Z,7540,2026-08-23T22:16:21.732Z,V5B,Houma,955211d4-28b8-44a0-8023-2bfaa48d6721,SAMMS-HoumaV6
202608232214224124,202608232010369079,202608232010368283,85,1872,Bronze INV,br_Appointments,TASK_COMPLETE,SUCCESS,INFO,43856,43856,0,,2026-08-23T20:10:41.468Z,2026-08-23T22:16:21.732Z,7540,2026-08-23T22:16:21.732Z,V6,Lake Charles,955211d4-28b8-44a0-8023-2bfaa48d6721,SAMMS-LCv5
202608232214224126,202608232010369080,202608232010368283,85,1874,Bronze INV,br_Appointments,TASK_COMPLETE,SUCCESS,INFO,13262,13262,0,,2026-08-23T20:10:41.468Z,2026-08-23T22:16:21.732Z,7540,2026-08-23T22:16:21.732Z,V8,Memphis Midtown,955211d4-28b8-44a0-8023-2bfaa48d6721,SAMMS-VCPHCS-VIII-MemphisV5
202608232214224127,202608232010369081,202608232010368283,85,1875,Bronze INV,br_Appointments,TASK_COMPLETE,SUCCESS,INFO,56663,56663,0,,2026-08-23T20:10:41.468Z,2026-08-23T22:16:21.732Z,7540,2026-08-23T22:16:21.732Z,V9,Nashville,955211d4-28b8-44a0-8023-2bfaa48d6721,SAMMS-NashvilleV5
202608232214224128,202608232010369082,202608232010368283,85,1876,Bronze INV,br_Appointments,TASK_COMPLETE,SUCCESS,INFO,20347,20347,0,,2026-08-23T20:10:41.468Z,2026-08-23T22:16:21.732Z,7540,2026-08-23T22:16:21.732Z,VBRA,Brainerd,955211d4-28b8-44a0-8023-2bfaa48d6721,SAMMS-BrainerdV6
202608232214224129,202608232010369083,202608232010368283,85,1877,Bronze INV,br_Appointments,TASK_COMPLETE,SUCCESS,INFO,78785,78785,0,,2026-08-23T20:10:41.468Z,2026-08-23T22:16:21.732Z,7540,2026-08-23T22:16:21.732Z,VBRP,Brooklyn Park,955211d4-28b8-44a0-8023-2bfaa48d6721,SAMMS-BrooklynParkV6
202608232214224130,202608232010369084,202608232010368283,85,1879,Bronze INV,br_Appointments,TASK_COMPLETE,SUCCESS,INFO,40720,40720,0,,2026-08-23T20:10:41.468Z,2026-08-23T22:16:21.732Z,7540,2026-08-23T22:16:21.732Z,VMIN,Minneapolis,955211d4-28b8-44a0-8023-2bfaa48d6721,SAMMS-MinneapolisV6
202608232214224131,202608232010369085,202608232010368283,85,1880,Bronze INV,br_Appointments,TASK_COMPLETE,SUCCESS,INFO,89018,89018,0,,2026-08-23T20:10:41.468Z,2026-08-23T22:16:21.732Z,7540,2026-08-23T22:16:21.732Z,VWBY,Woodbury,955211d4-28b8-44a0-8023-2bfaa48d6721,SAMMS-WoodburyV6
202608232214224133,202608232010369086,202608232010368283,85,1882,Bronze INV,br_Appointments,TASK_COMPLETE,SUCCESS,INFO,12636,12636,0,,2026-08-23T20:10:41.468Z,2026-08-23T22:16:21.732Z,7540,2026-08-23T22:16:21.732Z,WIL,Wilson,955211d4-28b8-44a0-8023-2bfaa48d6721,SAMMS-Wilson
202608232214224234,202608232010468307,202608232010468283,86,8583,Silver INV,sl_Appointments,TASK_COMPLETE,SUCCESS,INFO,2433043,2433043,0,,2026-08-23T20:10:41.468Z,2026-08-23T22:16:21.732Z,7540,2026-08-23T22:16:21.732Z,,,955211d4-28b8-44a0-8023-2bfaa48d6721,
202608232214224164,202608232010368399,202608232010368283,85,1886,Bronze INV,br_Bottle,TASK_COMPLETE,SUCCESS,INFO,1857,1857,0,,2026-08-23T20:10:41.468Z,2026-08-23T22:16:21.732Z,7540,2026-08-23T22:16:21.732Z,AHK,Ahoskie,955211d4-28b8-44a0-8023-2bfaa48d6721,SAMMS-Ahoskie
202608232214224165,202608232010368400,202608232010368283,85,1887,Bronze INV,br_Bottle,TASK_COMPLETE,SUCCESS,INFO,2792,2792,0,,2026-08-23T20:10:41.468Z,2026-08-23T22:16:21.732Z,7540,2026-08-23T22:16:21.732Z,B12B,Colorado Springs,955211d4-28b8-44a0-8023-2bfaa48d6721,SAMMS-ColoradoSpringsV5
202608232214224166,202608232010368401,202608232010368283,85,1888,Bronze INV,br_Bottle,TASK_COMPLETE,SUCCESS,INFO,25499,25499,0,,2026-08-23T20:10:41.468Z,2026-08-23T22:16:21.732Z,7540,2026-08-23T22:16:21.732Z,B24,Paintsville,955211d4-28b8-44a0-8023-2bfaa48d6721,SAMMS-PaintsvilleV5
202608232214224167,202608232010368402,202608232010368283,85,1889,Bronze INV,br_Bottle,TASK_COMPLETE,SUCCESS,INFO,28172,28172,0,,2026-08-23T20:10:41.468Z,2026-08-23T22:16:21.732Z,7540,2026-08-23T22:16:21.732Z,B25,Pikeville,955211d4-28b8-44a0-8023-2bfaa48d6721,SAMMS-PikevilleV5
202608232214224168,202608232010368403,202608232010368283,85,1890,Bronze INV,br_Bottle,TASK_COMPLETE,SUCCESS,INFO,51690,51690,0,,2026-08-23T20:10:41.468Z,2026-08-23T22:16:21.732Z,7540,2026-08-23T22:16:21.732Z,B26,Hazard,955211d4-28b8-44a0-8023-2bfaa48d6721,SAMMS-HazardV5
202608232214224169,202608232010368404,202608232010368283,85,1891,Bronze INV,br_Bottle,TASK_COMPLETE,SUCCESS,INFO,1857,1857,0,,2026-08-23T20:10:41.468Z,2026-08-23T22:16:21.732Z,7540,2026-08-23T22:16:21.732Z,B27,Savannah,955211d4-28b8-44a0-8023-2bfaa48d6721,SAMMS-SavannahV6
202608232214224171,202608232010368405,202608232010368283,85,1892,Bronze INV,br_Bottle,TASK_COMPLETE,SUCCESS,INFO,20161,20161,0,,2026-08-23T20:10:41.468Z,2026-08-23T22:16:21.732Z,7540,2026-08-23T22:16:21.732Z,B28,West Plains,955211d4-28b8-44a0-8023-2bfaa48d6721,SAMMS-WestPlainesV5
202608232214224172,202608232010368406,202608232010368283,85,1893,Bronze INV,br_Bottle,TASK_COMPLETE,SUCCESS,INFO,16959,16959,0,,2026-08-23T20:10:41.468Z,2026-08-23T22:16:21.732Z,7540,2026-08-23T22:16:21.732Z,B29,Poplar Bluff,955211d4-28b8-44a0-8023-2bfaa48d6721,SAMMS-PoplarBluffV5
202608232214224173,202608232010368407,202608232010368283,85,1894,Bronze INV,br_Bottle,TASK_COMPLETE,SUCCESS,INFO,7496,7496,0,,2026-08-23T20:10:41.468Z,2026-08-23T22:16:21.732Z,7540,2026-08-23T22:16:21.732Z,B30,KC North,955211d4-28b8-44a0-8023-2bfaa48d6721,SAMMS-KCNv5
202608232214224174,202608232010368408,202608232010368283,85,1895,Bronze INV,br_Bottle,TASK_COMPLETE,SUCCESS,INFO,42588,42588,0,,2026-08-23T20:10:41.468Z,2026-08-23T22:16:21.732Z,7540,2026-08-23T22:16:21.732Z,B31,Dyersburg,955211d4-28b8-44a0-8023-2bfaa48d6721,SAMMS-DyersburgV5
202608232214224175,202608232010368409,202608232010368283,85,1897,Bronze INV,br_Bottle,TASK_COMPLETE,SUCCESS,INFO,25121,25121,0,,2026-08-23T20:10:41.468Z,2026-08-23T22:16:21.732Z,7540,2026-08-23T22:16:21.732Z,B33,Paducah,955211d4-28b8-44a0-8023-2bfaa48d6721,SAMMS-Paducah
202608232214224176,202608232010368410,202608232010368283,85,1898,Bronze INV,br_Bottle,TASK_COMPLETE,SUCCESS,INFO,31969,31969,0,,2026-08-23T20:10:41.468Z,2026-08-23T22:16:21.732Z,7540,2026-08-23T22:16:21.732Z,B34,Corbin,955211d4-28b8-44a0-8023-2bfaa48d6721,SAMMS-CorbinV5
202608232214224178,202608232010368411,202608232010368283,85,1899,Bronze INV,br_Bottle,TASK_COMPLETE,SUCCESS,INFO,57967,57967,0,,2026-08-23T20:10:41.468Z,2026-08-23T22:16:21.732Z,7540,2026-08-23T22:16:21.732Z,B35,Lexington,955211d4-28b8-44a0-8023-2bfaa48d6721,SAMMS-LexingtonV5
202608232214224179,202608232010368412,202608232010368283,85,1900,Bronze INV,br_Bottle,TASK_COMPLETE,SUCCESS,INFO,11498,11498,0,,2026-08-23T20:10:41.468Z,2026-08-23T22:16:21.732Z,7540,2026-08-23T22:16:21.732Z,B35A,Berea,955211d4-28b8-44a0-8023-2bfaa48d6721,SAMMS-BereaV5
202608232214224180,202608232010368413,202608232010368283,85,1901,Bronze INV,br_Bottle,TASK_COMPLETE,SUCCESS,INFO,34182,34182,0,,2026-08-23T20:10:41.468Z,2026-08-23T22:16:21.732Z,7540,2026-08-23T22:16:21.732Z,B36,Asheville,955211d4-28b8-44a0-8023-2bfaa48d6721,SAMMS-AshevilleV5
202608232214224181,202608232010368414,202608232010368283,85,1902,Bronze INV,br_Bottle,TASK_COMPLETE,SUCCESS,INFO,20447,20447,0,,2026-08-23T20:10:41.468Z,2026-08-23T22:16:21.732Z,7540,2026-08-23T22:16:21.732Z,B37,Clyde,955211d4-28b8-44a0-8023-2bfaa48d6721,SAMMS-ClydeV5
202608232214224182,202608232010368415,202608232010368283,85,1903,Bronze INV,br_Bottle,TASK_COMPLETE,SUCCESS,INFO,24720,24720,0,,2026-08-23T20:10:41.468Z,2026-08-23T22:16:21.732Z,7540,2026-08-23T22:16:21.732Z,B38,Spartanburg,955211d4-28b8-44a0-8023-2bfaa48d6721,SAMMS-SpartanburgV5
202608232214224183,202608232010368416,202608232010368283,85,1904,Bronze INV,br_Bottle,TASK_COMPLETE,SUCCESS,INFO,6533,6533,0,,2026-08-23T20:10:41.468Z,2026-08-23T22:16:21.732Z,7540,2026-08-23T22:16:21.732Z,B39,Aiken,955211d4-28b8-44a0-8023-2bfaa48d6721,SAMMS-AikenV5
202608232214224185,202608232010368417,202608232010368283,85,1905,Bronze INV,br_Bottle,TASK_COMPLETE,SUCCESS,INFO,12772,12772,0,,2026-08-23T20:10:41.468Z,2026-08-23T22:16:21.732Z,7540,2026-08-23T22:16:21.732Z,B41,Chesapeake,955211d4-28b8-44a0-8023-2bfaa48d6721,SAMMS-ChesapeakeV5
202608232214224186,202608232010368418,202608232010368283,85,1906,Bronze INV,br_Bottle,TASK_COMPLETE,SUCCESS,INFO,19414,19414,0,,2026-08-23T20:10:41.468Z,2026-08-23T22:16:21.732Z,7540,2026-08-23T22:16:21.732Z,B42,Virginia Beach,955211d4-28b8-44a0-8023-2bfaa48d6721,SAMMS-VirginiaBeachV5
202608232214224187,202608232010368419,202608232010368283,85,1907,Bronze INV,br_Bottle,TASK_COMPLETE,SUCCESS,INFO,8680,8680,0,,2026-08-23T20:10:41.468Z,2026-08-23T22:16:21.732Z,7540,2026-08-23T22:16:21.732Z,B42A,Newport News,955211d4-28b8-44a0-8023-2bfaa48d6721,SAMMS-NewportNewsV5
202608232214224188,202608232010368420,202608232010368283,85,1908,Bronze INV,br_Bottle,TASK_COMPLETE,SUCCESS,INFO,2855,2855,0,,2026-08-23T20:10:41.468Z,2026-08-23T22:16:21.732Z,7540,2026-08-23T22:16:21.732Z,B42B,Franklin,955211d4-28b8-44a0-8023-2bfaa48d6721,SAMMS-FranklinV5
202608232214224189,202608232010368421,202608232010368283,85,1909,Bronze INV,br_Bottle,TASK_COMPLETE,SUCCESS,INFO,9628,9628,0,,2026-08-23T20:10:41.468Z,2026-08-23T22:16:21.732Z,7540,2026-08-23T22:16:21.732Z,B42C,Glen Allen,955211d4-28b8-44a0-8023-2bfaa48d6721,SAMMS-GlenAllenV5
202608232214224190,202608232010368422,202608232010368283,85,1910,Bronze INV,br_Bottle,TASK_COMPLETE,SUCCESS,INFO,7750,7750,0,,2026-08-23T20:10:41.468Z,2026-08-23T22:16:21.732Z,7540,2026-08-23T22:16:21.732Z,B42D,Chesapeake South,955211d4-28b8-44a0-8023-2bfaa48d6721,SAMMS-ChesapeakeSouthV5
202608232214224192,202608232010368423,202608232010368283,85,1911,Bronze INV,br_Bottle,TASK_COMPLETE,SUCCESS,INFO,11164,11164,0,,2026-08-23T20:10:41.468Z,2026-08-23T22:16:21.732Z,7540,2026-08-23T22:16:21.732Z,B44,Albany,955211d4-28b8-44a0-8023-2bfaa48d6721,SAMMS-AlbanyV5
202608232214224193,202608232010368424,202608232010368283,85,1912,Bronze INV,br_Bottle,TASK_COMPLETE,SUCCESS,INFO,14696,14696,0,,2026-08-23T20:10:41.468Z,2026-08-23T22:16:21.732Z,7540,2026-08-23T22:16:21.732Z,B45,Tifton,955211d4-28b8-44a0-8023-2bfaa48d6721,SAMMS-TiftonV5
202608232214224194,202608232010368425,202608232010368283,85,1913,Bronze INV,br_Bottle,TASK_COMPLETE,SUCCESS,INFO,8475,8475,0,,2026-08-23T20:10:41.468Z,2026-08-23T22:16:21.732Z,7540,2026-08-23T22:16:21.732Z,B46,Washington DC,955211d4-28b8-44a0-8023-2bfaa48d6721,SAMMS-WashingtonDCv5
202608232214224195,202608232010368426,202608232010368283,85,1914,Bronze INV,br_Bottle,TASK_COMPLETE,SUCCESS,INFO,11042,11042,0,,2026-08-23T20:10:41.468Z,2026-08-23T22:16:21.732Z,7540,2026-08-23T22:16:21.732Z,B47,Mobile,955211d4-28b8-44a0-8023-2bfaa48d6721,SAMMS-MobileV5
202608232214224196,202608232010368427,202608232010368283,85,1915,Bronze INV,br_Bottle,TASK_COMPLETE,SUCCESS,INFO,32023,32023,0,,2026-08-23T20:10:41.468Z,2026-08-23T22:16:21.732Z,7540,2026-08-23T22:16:21.732Z,B48,Tuscaloosa,955211d4-28b8-44a0-8023-2bfaa48d6721,SAMMS-TuscaloosaV5
202608232214224197,202608232010368428,202608232010368283,85,1924,Bronze INV,br_Bottle,TASK_COMPLETE,SUCCESS,INFO,2335,2335,0,,2026-08-23T20:10:41.468Z,2026-08-23T22:16:21.732Z,7540,2026-08-23T22:16:21.732Z,B51,N. Little Rock (OTP),955211d4-28b8-44a0-8023-2bfaa48d6721,SAMMS-NorthLittleRockV6
202608232214224199,202608232010368429,202608232010368283,85,1925,Bronze INV,br_Bottle,TASK_COMPLETE,SUCCESS,INFO,9375,9375,0,,2026-08-23T20:10:41.468Z,2026-08-23T22:16:21.732Z,7540,2026-08-23T22:16:21.732Z,B52,Jackson GA,955211d4-28b8-44a0-8023-2bfaa48d6721,SAMMS-JacksonGAV5
202608232214224200,202608232010368430,202608232010368283,85,1926,Bronze INV,br_Bottle,TASK_COMPLETE,SUCCESS,INFO,23194,23194,0,,2026-08-23T20:10:41.468Z,2026-08-23T22:16:21.732Z,7540,2026-08-23T22:16:21.732Z,B54,Gadsden,955211d4-28b8-44a0-8023-2bfaa48d6721,SAMMS-GadsdenV5
202608232214224201,202608232010368431,202608232010368283,85,1927,Bronze INV,br_Bottle,TASK_COMPLETE,SUCCESS,INFO,23846,23846,0,,2026-08-23T20:10:41.468Z,2026-08-23T22:16:21.732Z,7540,2026-08-23T22:16:21.732Z,B55,Shoals,955211d4-28b8-44a0-8023-2bfaa48d6721,SAMMS-ShoalsV5
202608232214224202,202608232010368432,202608232010368283,85,1928,Bronze INV,br_Bottle,TASK_COMPLETE,SUCCESS,INFO,2825,2825,0,,2026-08-23T20:10:41.468Z,2026-08-23T22:16:21.732Z,7540,2026-08-23T22:16:21.732Z,B57,Pawtucket,955211d4-28b8-44a0-8023-2bfaa48d6721,SAMMS-Pawtucket
202608232214224203,202608232010368433,202608232010368283,85,1929,Bronze INV,br_Bottle,TASK_COMPLETE,SUCCESS,INFO,2993,2993,0,,2026-08-23T20:10:41.468Z,2026-08-23T22:16:21.732Z,7540,2026-08-23T22:16:21.732Z,B57A,Johnston,955211d4-28b8-44a0-8023-2bfaa48d6721,SAMMS-Johnston
202608232214224204,202608232010368434,202608232010368283,85,1930,Bronze INV,br_Bottle,TASK_COMPLETE,SUCCESS,INFO,750,750,0,,2026-08-23T20:10:41.468Z,2026-08-23T22:16:21.732Z,7540,2026-08-23T22:16:21.732Z,B57B,Middletown,955211d4-28b8-44a0-8023-2bfaa48d6721,SAMMS-Middletown
202608232214224205,202608232010368435,202608232010368283,85,1931,Bronze INV,br_Bottle,TASK_COMPLETE,SUCCESS,INFO,1559,1559,0,,2026-08-23T20:10:41.468Z,2026-08-23T22:16:21.732Z,7540,2026-08-23T22:16:21.732Z,B57C,Providence,955211d4-28b8-44a0-8023-2bfaa48d6721,SAMMS-Providence
202608232214224207,202608232010368436,202608232010368283,85,1932,Bronze INV,br_Bottle,TASK_COMPLETE,SUCCESS,INFO,2542,2542,0,,2026-08-23T20:10:41.468Z,2026-08-23T22:16:21.732Z,7540,2026-08-23T22:16:21.732Z,B57D,Westerly,955211d4-28b8-44a0-8023-2bfaa48d6721,SAMMS-Westerly
202608232214224208,202608232010368437,202608232010368283,85,1936,Bronze INV,br_Bottle,TASK_COMPLETE,SUCCESS,INFO,0,0,0,,2026-08-23T20:10:41.468Z,2026-08-23T22:16:21.732Z,7540,2026-08-23T22:16:21.732Z,B66A,Bremen,955211d4-28b8-44a0-8023-2bfaa48d6721,SAMMS-Bremen
202608232214224209,202608232010368438,202608232010368283,85,1939,Bronze INV,br_Bottle,TASK_COMPLETE,SUCCESS,INFO,0,0,0,,2026-08-23T20:10:41.468Z,2026-08-23T22:16:21.732Z,7540,2026-08-23T22:16:21.732Z,B72,Mobile (OBOT),955211d4-28b8-44a0-8023-2bfaa48d6721,SAMMS-Mobile-OBOT
202608232214224210,202608232010368439,202608232010368283,85,1940,Bronze INV,br_Bottle,TASK_COMPLETE,SUCCESS,INFO,0,0,0,,2026-08-23T20:10:41.468Z,2026-08-23T22:16:21.732Z,7540,2026-08-23T22:16:21.732Z,B73,Montgomery,955211d4-28b8-44a0-8023-2bfaa48d6721,SAMMS-Montgomery
202608232214224211,202608232010368440,202608232010368283,85,1941,Bronze INV,br_Bottle,TASK_COMPLETE,SUCCESS,INFO,2218,2218,0,,2026-08-23T20:10:41.468Z,2026-08-23T22:16:21.732Z,7540,2026-08-23T22:16:21.732Z,B75,Lawrence,955211d4-28b8-44a0-8023-2bfaa48d6721,SAMMS-LawrenceV6
202608232214224212,202608232010368441,202608232010368283,85,1942,Bronze INV,br_Bottle,TASK_COMPLETE,SUCCESS,INFO,0,0,0,,2026-08-23T20:10:41.468Z,2026-08-23T22:16:21.732Z,7540,2026-08-23T22:16:21.732Z,B76,Huntsville OBOT,955211d4-28b8-44a0-8023-2bfaa48d6721,SAMMS-Huntsville-OBOT
202608232214224214,202608232010368442,202608232010368283,85,1943,Bronze INV,br_Bottle,TASK_COMPLETE,SUCCESS,INFO,0,0,0,,2026-08-23T20:10:41.468Z,2026-08-23T22:16:21.732Z,7540,2026-08-23T22:16:21.732Z,BAT,Batesville,955211d4-28b8-44a0-8023-2bfaa48d6721,SAMMS-Batesville
202608232214224215,202608232010368443,202608232010368283,85,1944,Bronze INV,br_Bottle,TASK_COMPLETE,SUCCESS,INFO,4200,4200,0,,2026-08-23T20:10:41.468Z,2026-08-23T22:16:21.732Z,7540,2026-08-23T22:16:21.732Z,BG,Bowling Green,955211d4-28b8-44a0-8023-2bfaa48d6721,SAMMS-BowlingGreen
202608232214224216,202608232010368444,202608232010368283,85,1945,Bronze INV,br_Bottle,TASK_COMPLETE,SUCCESS,INFO,2070,2070,0,,2026-08-23T20:10:41.468Z,2026-08-23T22:16:21.732Z,7540,2026-08-23T22:16:21.732Z,BOI,Boise,955211d4-28b8-44a0-8023-2bfaa48d6721,SAMMS-Boise
202608232214224217,202608232010368445,202608232010368283,85,1952,Bronze INV,br_Bottle,TASK_COMPLETE,SUCCESS,INFO,1116,1116,0,,2026-08-23T20:10:41.468Z,2026-08-23T22:16:21.732Z,7540,2026-08-23T22:16:21.732Z,CBCO,Coeur dAlene,955211d4-28b8-44a0-8023-2bfaa48d6721,SAMMS-CoeurdAleneV6
202608232214224218,202608232010368446,202608232010368283,85,1971,Bronze INV,br_Bottle,TASK_COMPLETE,SUCCESS,INFO,0,0,0,,2026-08-23T20:10:41.468Z,2026-08-23T22:16:21.732Z,7540,2026-08-23T22:16:21.732Z,CON,Conway,955211d4-28b8-44a0-8023-2bfaa48d6721,SAMMS-Conway
202608232214224219,202608232010368447,202608232010368283,85,1972,Bronze INV,br_Bottle,TASK_COMPLETE,SUCCESS,INFO,0,0,0,,2026-08-23T20:10:41.468Z,2026-08-23T22:16:21.732Z,7540,2026-08-23T22:16:21.732Z,D07,Medical Services Knox TN,955211d4-28b8-44a0-8023-2bfaa48d6721,SAMMS-KnoxvilleV6
202608232214224221,202608232010368448,202608232010368283,85,1973,Bronze INV,br_Bottle,TASK_COMPLETE,SUCCESS,INFO,5134,5134,0,,2026-08-23T20:10:41.468Z,2026-08-23T22:16:21.732Z,7540,2026-08-23T22:16:21.732Z,D08,Madison,955211d4-28b8-44a0-8023-2bfaa48d6721,SAMMS-MadisonV6
202608232214224222,202608232010368449,202608232010368283,85,1975,Bronze INV,br_Bottle,TASK_COMPLETE,SUCCESS,INFO,7037,7037,0,,2026-08-23T20:10:41.468Z,2026-08-23T22:16:21.732Z,7540,2026-08-23T22:16:21.732Z,D09,Murfreesboro,955211d4-28b8-44a0-8023-2bfaa48d6721,SAMMS-MurfreesboroV6
202608232214224223,202608232010368450,202608232010368283,85,1976,Bronze INV,br_Bottle,TASK_COMPLETE,SUCCESS,INFO,2227,2227,0,,2026-08-23T20:10:41.468Z,2026-08-23T22:16:21.732Z,7540,2026-08-23T22:16:21.732Z,DA,Davenport,955211d4-28b8-44a0-8023-2bfaa48d6721,SAMMS-Davenport
202608232214224224,202608232010368451,202608232010368283,85,1977,Bronze INV,br_Bottle,TASK_COMPLETE,SUCCESS,INFO,1673,1673,0,,2026-08-23T20:10:41.468Z,2026-08-23T22:16:21.732Z,7540,2026-08-23T22:16:21.732Z,DM,Des Moines,955211d4-28b8-44a0-8023-2bfaa48d6721,SAMMS-DesMoines
202608232214224225,202608232010368452,202608232010368283,85,1979,Bronze INV,br_Bottle,TASK_COMPLETE,SUCCESS,INFO,25550,25550,0,,2026-08-23T20:10:41.468Z,2026-08-23T22:16:21.732Z,7540,2026-08-23T22:16:21.732Z,DRD-CO,Columbia MO,955211d4-28b8-44a0-8023-2bfaa48d6721,SAMMS-ColumbiaV5
202608232214224226,202608232010368453,202608232010368283,85,1980,Bronze INV,br_Bottle,TASK_COMPLETE,SUCCESS,INFO,24789,24789,0,,2026-08-23T20:10:41.468Z,2026-08-23T22:16:21.732Z,7540,2026-08-23T22:16:21.732Z,DRD-KC,KC,955211d4-28b8-44a0-8023-2bfaa48d6721,SAMMS-KCv5
202608232214224228,202608232010368454,202608232010368283,85,1981,Bronze INV,br_Bottle,TASK_COMPLETE,SUCCESS,INFO,114115,114115,0,,2026-08-23T20:10:41.468Z,2026-08-23T22:16:21.732Z,7540,2026-08-23T22:16:21.732Z,DRD-KVB,KVB,955211d4-28b8-44a0-8023-2bfaa48d6721,SAMMS-KVBv5
202608232214224229,202608232010368455,202608232010368283,85,1982,Bronze INV,br_Bottle,TASK_COMPLETE,SUCCESS,INFO,112922,112922,0,,2026-08-23T20:10:41.468Z,2026-08-23T22:16:21.732Z,7540,2026-08-23T22:16:21.732Z,DRD-KVC,KVC,955211d4-28b8-44a0-8023-2bfaa48d6721,SAMMS-KVCv5
202608232214224230,202608232010368456,202608232010368283,85,1983,Bronze INV,br_Bottle,TASK_COMPLETE,SUCCESS,INFO,82086,82086,0,,2026-08-23T20:10:41.468Z,2026-08-23T22:16:21.732Z,7540,2026-08-23T22:16:21.732Z,DRD-NOLA,NOLA,955211d4-28b8-44a0-8023-2bfaa48d6721,SAMMS-NOLAv5
202608232214224231,202608232010368457,202608232010368283,85,1984,Bronze INV,br_Bottle,TASK_COMPLETE,SUCCESS,INFO,65324,65324,0,,2026-08-23T20:10:41.468Z,2026-08-23T22:16:21.732Z,7540,2026-08-23T22:16:21.732Z,DRD-SF,Springfield,955211d4-28b8-44a0-8023-2bfaa48d6721,SAMMS-SFv5
202608232214224232,202608232010368458,202608232010368283,85,1986,Bronze INV,br_Bottle,TASK_COMPLETE,SUCCESS,INFO,4231,4231,0,,2026-08-23T20:10:41.468Z,2026-08-23T22:16:21.732Z,7540,2026-08-23T22:16:21.732Z,ELC,Elizabeth City,955211d4-28b8-44a0-8023-2bfaa48d6721,SAMMS-ElizabethCity
202608232214224233,202608232010368459,202608232010368283,85,1987,Bronze INV,br_Bottle,TASK_COMPLETE,SUCCESS,INFO,3137,3137,0,,2026-08-23T20:10:41.468Z,2026-08-23T22:16:21.732Z,7540,2026-08-23T22:16:21.732Z,ET,Elizabethtown,955211d4-28b8-44a0-8023-2bfaa48d6721,SAMMS-Elizabethtown
202608232214224234,202608232010368460,202608232010368283,85,1988,Bronze INV,br_Bottle,TASK_COMPLETE,SUCCESS,INFO,0,0,0,,2026-08-23T20:10:41.468Z,2026-08-23T22:16:21.732Z,7540,2026-08-23T22:16:21.732Z,FAY,Fayetteville,955211d4-28b8-44a0-8023-2bfaa48d6721,SAMMS-Fayetteville
202608232214224236,202608232010368461,202608232010368283,85,1989,Bronze INV,br_Bottle,TASK_COMPLETE,SUCCESS,INFO,2887,2887,0,,2026-08-23T20:10:41.468Z,2026-08-23T22:16:21.732Z,7540,2026-08-23T22:16:21.732Z,FR,Frankfort,955211d4-28b8-44a0-8023-2bfaa48d6721,SAMMS-Frankfort
202608232214224237,202608232010368462,202608232010368283,85,1990,Bronze INV,br_Bottle,TASK_COMPLETE,SUCCESS,INFO,0,0,0,,2026-08-23T20:10:41.468Z,2026-08-23T22:16:21.732Z,7540,2026-08-23T22:16:21.732Z,FS,Fort Smith,955211d4-28b8-44a0-8023-2bfaa48d6721,SAMMS-FortSmith
202608232214224238,202608232010368463,202608232010368283,85,1991,Bronze INV,br_Bottle,TASK_COMPLETE,SUCCESS,INFO,6145,6145,0,,2026-08-23T20:10:41.468Z,2026-08-23T22:16:21.732Z,7540,2026-08-23T22:16:21.732Z,FW,Fort Wayne,955211d4-28b8-44a0-8023-2bfaa48d6721,SAMMS-FortWayne
202608232214224239,202608232010368464,202608232010368283,85,1992,Bronze INV,br_Bottle,TASK_COMPLETE,SUCCESS,INFO,2899,2899,0,,2026-08-23T20:10:41.468Z,2026-08-23T22:16:21.732Z,7540,2026-08-23T22:16:21.732Z,GAL,Gaylord,955211d4-28b8-44a0-8023-2bfaa48d6721,SAMMS-Gaylord
202608232214224240,202608232010368465,202608232010368283,85,1996,Bronze INV,br_Bottle,TASK_COMPLETE,SUCCESS,INFO,42647,42647,0,,2026-08-23T20:10:41.468Z,2026-08-23T22:16:21.732Z,7540,2026-08-23T22:16:21.732Z,HGT,Hagerstown,955211d4-28b8-44a0-8023-2bfaa48d6721,SAMMS-Hagerstown
202608232214224241,202608232010368466,202608232010368283,85,1997,Bronze INV,br_Bottle,TASK_COMPLETE,SUCCESS,INFO,8069,8069,0,,2026-08-23T20:10:41.468Z,2026-08-23T22:16:21.732Z,7540,2026-08-23T22:16:21.732Z,HNT,Huntsville,955211d4-28b8-44a0-8023-2bfaa48d6721,SAMMS-Huntsville
202608232214224243,202608232010368467,202608232010368283,85,1998,Bronze INV,br_Bottle,TASK_COMPLETE,SUCCESS,INFO,0,0,0,,2026-08-23T20:10:41.468Z,2026-08-23T22:16:21.732Z,7540,2026-08-23T22:16:21.732Z,HS,Hot Springs,955211d4-28b8-44a0-8023-2bfaa48d6721,SAMMS-HotSprings
202608232214224244,202608232010368468,202608232010368283,85,1999,Bronze INV,br_Bottle,TASK_COMPLETE,SUCCESS,INFO,0,0,0,,2026-08-23T20:10:41.468Z,2026-08-23T22:16:21.732Z,7540,2026-08-23T22:16:21.732Z,JON,Jonesboro,955211d4-28b8-44a0-8023-2bfaa48d6721,SAMMS-Jonesboro
202608232214224245,202608232010368469,202608232010368283,85,2001,Bronze INV,br_Bottle,TASK_COMPLETE,SUCCESS,INFO,2646,2646,0,,2026-08-23T20:10:41.468Z,2026-08-23T22:16:21.732Z,7540,2026-08-23T22:16:21.732Z,LAN,Lansing,955211d4-28b8-44a0-8023-2bfaa48d6721,SAMMS-Lansing
202608232214224246,202608232010368470,202608232010368283,85,2002,Bronze INV,br_Bottle,TASK_COMPLETE,SUCCESS,INFO,7348,7348,0,,2026-08-23T20:10:41.468Z,2026-08-23T22:16:21.732Z,7540,2026-08-23T22:16:21.732Z,LO,Louisville,955211d4-28b8-44a0-8023-2bfaa48d6721,SAMMS-Louisville
202608232214224247,202608232010368471,202608232010368283,85,2003,Bronze INV,br_Bottle,TASK_COMPLETE,SUCCESS,INFO,2736,2736,0,,2026-08-23T20:10:41.468Z,2026-08-23T22:16:21.732Z,7540,2026-08-23T22:16:21.732Z,LV1,Cheyenne,955211d4-28b8-44a0-8023-2bfaa48d6721,SAMMS-Cheyenne
202608232214224248,202608232010368472,202608232010368283,85,2004,Bronze INV,br_Bottle,TASK_COMPLETE,SUCCESS,INFO,3017,3017,0,,2026-08-23T20:10:41.468Z,2026-08-23T22:16:21.732Z,7540,2026-08-23T22:16:21.732Z,LV2,Desert Inn,955211d4-28b8-44a0-8023-2bfaa48d6721,SAMMS-DesertInn
202608232214224250,202608232010368473,202608232010368283,85,2005,Bronze INV,br_Bottle,TASK_COMPLETE,SUCCESS,INFO,1591,1591,0,,2026-08-23T20:10:41.468Z,2026-08-23T22:16:21.732Z,7540,2026-08-23T22:16:21.732Z,LV3,McDaniel,955211d4-28b8-44a0-8023-2bfaa48d6721,SAMMS-McDaniel
202608232214224251,202608232010368474,202608232010368283,85,2008,Bronze INV,br_Bottle,TASK_COMPLETE,SUCCESS,INFO,2799,2799,0,,2026-08-23T20:10:41.468Z,2026-08-23T22:16:21.732Z,7540,2026-08-23T22:16:21.732Z,MNRE,Monroe,955211d4-28b8-44a0-8023-2bfaa48d6721,SAMMS-Monroe
202608232214224252,202608232010368475,202608232010368283,85,2009,Bronze INV,br_Bottle,TASK_COMPLETE,SUCCESS,INFO,5124,5124,0,,2026-08-23T20:10:41.468Z,2026-08-23T22:16:21.732Z,7540,2026-08-23T22:16:21.732Z,MP,Mt. Pleasant,955211d4-28b8-44a0-8023-2bfaa48d6721,SAMMS-MtPleasant
202608232214224253,202608232010368476,202608232010368283,85,2010,Bronze INV,br_Bottle,TASK_COMPLETE,SUCCESS,INFO,1312,1312,0,,2026-08-23T20:10:41.468Z,2026-08-23T22:16:21.732Z,7540,2026-08-23T22:16:21.732Z,MRD,Meridian,955211d4-28b8-44a0-8023-2bfaa48d6721,SAMMS-Meridian
202608232214224254,202608232010368477,202608232010368283,85,2015,Bronze INV,br_Bottle,TASK_COMPLETE,SUCCESS,INFO,4205,4205,0,,2026-08-23T20:10:41.468Z,2026-08-23T22:16:21.732Z,7540,2026-08-23T22:16:21.732Z,NC,North Charleston,955211d4-28b8-44a0-8023-2bfaa48d6721,SAMMS-NorthCharleston
202608232214224255,202608232010368478,202608232010368283,85,2016,Bronze INV,br_Bottle,TASK_COMPLETE,SUCCESS,INFO,0,0,0,,2026-08-23T20:10:41.468Z,2026-08-23T22:16:21.732Z,7540,2026-08-23T22:16:21.732Z,NLR,N. Little Rock,955211d4-28b8-44a0-8023-2bfaa48d6721,SAMMS-NLROBOT
202608232214224256,202608232010368479,202608232010368283,85,2017,Bronze INV,br_Bottle,TASK_COMPLETE,SUCCESS,INFO,619,619,0,,2026-08-23T20:10:41.468Z,2026-08-23T22:16:21.732Z,7540,2026-08-23T22:16:21.732Z,PH,Phoenix,955211d4-28b8-44a0-8023-2bfaa48d6721,SAMMS-Phoenix
202608232214224258,202608232010368480,202608232010368283,85,2021,Bronze INV,br_Bottle,TASK_COMPLETE,SUCCESS,INFO,2837,2837,0,,2026-08-23T20:10:41.468Z,2026-08-23T22:16:21.732Z,7540,2026-08-23T22:16:21.732Z,RE,Reno,955211d4-28b8-44a0-8023-2bfaa48d6721,SAMMS-Reno
202608232214224259,202608232010368481,202608232010368283,85,2022,Bronze INV,br_Bottle,TASK_COMPLETE,SUCCESS,INFO,4133,4133,0,,2026-08-23T20:10:41.468Z,2026-08-23T22:16:21.732Z,7540,2026-08-23T22:16:21.732Z,RMD,Richmond,955211d4-28b8-44a0-8023-2bfaa48d6721,SAMMS-Richmond
202608232214224260,202608232010368482,202608232010368283,85,2023,Bronze INV,br_Bottle,TASK_COMPLETE,SUCCESS,INFO,20197,20197,0,,2026-08-23T20:10:41.468Z,2026-08-23T22:16:21.732Z,7540,2026-08-23T22:16:21.732Z,SFN,Springfield North,955211d4-28b8-44a0-8023-2bfaa48d6721,SAMMS-SFNv5
202608232214224261,202608232010368483,202608232010368283,85,2024,Bronze INV,br_Bottle,TASK_COMPLETE,SUCCESS,INFO,7685,7685,0,,2026-08-23T20:10:41.468Z,2026-08-23T22:16:21.732Z,7540,2026-08-23T22:16:21.732Z,SHP,Shreveport,955211d4-28b8-44a0-8023-2bfaa48d6721,SAMMS-Shreveport
202608232214224262,202608232010368484,202608232010368283,85,2026,Bronze INV,br_Bottle,TASK_COMPLETE,SUCCESS,INFO,2611,2611,0,,2026-08-23T20:10:41.468Z,2026-08-23T22:16:21.732Z,7540,2026-08-23T22:16:21.732Z,STN,Staunton,955211d4-28b8-44a0-8023-2bfaa48d6721,SAMMS-Staunton
202608232214224263,202608232010368485,202608232010368283,85,2027,Bronze INV,br_Bottle,TASK_COMPLETE,SUCCESS,INFO,925,925,0,,2026-08-23T20:10:41.468Z,2026-08-23T22:16:21.732Z,7540,2026-08-23T22:16:21.732Z,STVN,Stevenson,955211d4-28b8-44a0-8023-2bfaa48d6721,SAMMS-Stevenson
202608232214224265,202608232010368486,202608232010368283,85,2029,Bronze INV,br_Bottle,TASK_COMPLETE,SUCCESS,INFO,712,712,0,,2026-08-23T20:10:41.468Z,2026-08-23T22:16:21.732Z,7540,2026-08-23T22:16:21.732Z,TE,Tempe,955211d4-28b8-44a0-8023-2bfaa48d6721,SAMMS-Tempe
202608232214224266,202608232010368487,202608232010368283,85,2030,Bronze INV,br_Bottle,TASK_COMPLETE,SUCCESS,INFO,0,0,0,,2026-08-23T20:10:41.468Z,2026-08-23T22:16:21.732Z,7540,2026-08-23T22:16:21.732Z,TEX,Texarkana,955211d4-28b8-44a0-8023-2bfaa48d6721,SAMMS-Texarkana
202608232214224267,202608232010368488,202608232010368283,85,2031,Bronze INV,br_Bottle,TASK_COMPLETE,SUCCESS,INFO,38677,38677,0,,2026-08-23T20:10:41.468Z,2026-08-23T22:16:21.732Z,7540,2026-08-23T22:16:21.732Z,TTCA,Bessemer,955211d4-28b8-44a0-8023-2bfaa48d6721,SAMMS-BessemerV5
202608232214224268,202608232010368489,202608232010368283,85,2032,Bronze INV,br_Bottle,TASK_COMPLETE,SUCCESS,INFO,9619,9619,0,,2026-08-23T20:10:41.468Z,2026-08-23T22:16:21.732Z,7540,2026-08-23T22:16:21.732Z,TTCB,Cullman,955211d4-28b8-44a0-8023-2bfaa48d6721,SAMMS-CullmanV5
202608232214224269,202608232010368490,202608232010368283,85,2033,Bronze INV,br_Bottle,TASK_COMPLETE,SUCCESS,INFO,11509,11509,0,,2026-08-23T20:10:41.468Z,2026-08-23T22:16:21.732Z,7540,2026-08-23T22:16:21.732Z,TTCC,Grand Bay,955211d4-28b8-44a0-8023-2bfaa48d6721,SAMMS-GrandBay
202608232214224270,202608232010368491,202608232010368283,85,2034,Bronze INV,br_Bottle,TASK_COMPLETE,SUCCESS,INFO,581,581,0,,2026-08-23T20:10:41.468Z,2026-08-23T22:16:21.732Z,7540,2026-08-23T22:16:21.732Z,TU,Tucson,955211d4-28b8-44a0-8023-2bfaa48d6721,SAMMS-Tucson
202608232214224272,202608232010368492,202608232010368283,85,2036,Bronze INV,br_Bottle,TASK_COMPLETE,SUCCESS,INFO,36471,36471,0,,2026-08-23T20:10:41.468Z,2026-08-23T22:16:21.732Z,7540,2026-08-23T22:16:21.732Z,V1,Memphis South,955211d4-28b8-44a0-8023-2bfaa48d6721,SAMMS-VCPHCS-I-MemphisV5
202608232214224273,202608232010368493,202608232010368283,85,2037,Bronze INV,br_Bottle,TASK_COMPLETE,SUCCESS,INFO,11306,11306,0,,2026-08-23T20:10:41.468Z,2026-08-23T22:16:21.732Z,7540,2026-08-23T22:16:21.732Z,V10,Longmont,955211d4-28b8-44a0-8023-2bfaa48d6721,SAMMS-BoulderV5
202608232214224274,202608232010368494,202608232010368283,85,2038,Bronze INV,br_Bottle,TASK_COMPLETE,SUCCESS,INFO,10742,10742,0,,2026-08-23T20:10:41.468Z,2026-08-23T22:16:21.732Z,7540,2026-08-23T22:16:21.732Z,V10A,Fort Collins,955211d4-28b8-44a0-8023-2bfaa48d6721,SAMMS-FortCollinsV5
202608232214224275,202608232010368495,202608232010368283,85,2039,Bronze INV,br_Bottle,TASK_COMPLETE,SUCCESS,INFO,21449,21449,0,,2026-08-23T20:10:41.468Z,2026-08-23T22:16:21.732Z,7540,2026-08-23T22:16:21.732Z,V11,Westminster,955211d4-28b8-44a0-8023-2bfaa48d6721,SAMMS-VCPHCS-XI-NorthDenverV5
202608232214224276,202608232010368496,202608232010368283,85,2040,Bronze INV,br_Bottle,TASK_COMPLETE,SUCCESS,INFO,26177,26177,0,,2026-08-23T20:10:41.468Z,2026-08-23T22:16:21.732Z,7540,2026-08-23T22:16:21.732Z,V12,Downtown Denver,955211d4-28b8-44a0-8023-2bfaa48d6721,SAMMS-VCPHCS-XII-DowntownDenverV5
202608232214224277,202608232010368497,202608232010368283,85,2041,Bronze INV,br_Bottle,TASK_COMPLETE,SUCCESS,INFO,6434,6434,0,,2026-08-23T20:10:41.468Z,2026-08-23T22:16:21.732Z,7540,2026-08-23T22:16:21.732Z,V12A,Centennial,955211d4-28b8-44a0-8023-2bfaa48d6721,SAMMS-CentennialV5
202608232214224279,202608232010368498,202608232010368283,85,2042,Bronze INV,br_Bottle,TASK_COMPLETE,SUCCESS,INFO,12731,12731,0,,2026-08-23T20:10:41.468Z,2026-08-23T22:16:21.732Z,7540,2026-08-23T22:16:21.732Z,V14,Overland Park,955211d4-28b8-44a0-8023-2bfaa48d6721,SAMMS-VCPHCS-XIV-BridgewayV5
202608232214224280,202608232010368499,202608232010368283,85,2043,Bronze INV,br_Bottle,TASK_COMPLETE,SUCCESS,INFO,14966,14966,0,,2026-08-23T20:10:41.468Z,2026-08-23T22:16:21.732Z,7540,2026-08-23T22:16:21.732Z,V15,Joplin,955211d4-28b8-44a0-8023-2bfaa48d6721,SAMMS-JoplinV5
202608232214224281,202608232010368500,202608232010368283,85,2045,Bronze INV,br_Bottle,TASK_COMPLETE,SUCCESS,INFO,7056,7056,0,,2026-08-23T20:10:41.468Z,2026-08-23T22:16:21.732Z,7540,2026-08-23T22:16:21.732Z,V17,Columbia TN,955211d4-28b8-44a0-8023-2bfaa48d6721,SAMMS-ColumbiaTNv5
202608232214224282,202608232010368501,202608232010368283,85,2047,Bronze INV,br_Bottle,TASK_COMPLETE,SUCCESS,INFO,38858,38858,0,,2026-08-23T20:10:41.468Z,2026-08-23T22:16:21.732Z,7540,2026-08-23T22:16:21.732Z,V19,Jackson,955211d4-28b8-44a0-8023-2bfaa48d6721,SAMMS-JacksonV5
202608232214224283,202608232010368502,202608232010368283,85,2049,Bronze INV,br_Bottle,TASK_COMPLETE,SUCCESS,INFO,50518,50518,0,,2026-08-23T20:10:41.468Z,2026-08-23T22:16:21.732Z,7540,2026-08-23T22:16:21.732Z,V20,Paris,955211d4-28b8-44a0-8023-2bfaa48d6721,SAMMS-ParisV5
202608232214224284,202608232010368503,202608232010368283,85,2050,Bronze INV,br_Bottle,TASK_COMPLETE,SUCCESS,INFO,36119,36119,0,,2026-08-23T20:10:41.468Z,2026-08-23T22:16:21.732Z,7540,2026-08-23T22:16:21.732Z,V21,Memphis North,955211d4-28b8-44a0-8023-2bfaa48d6721,SAMMS-RaleighV5
202608252121599844,202608251925575713,202608251925573776,85,3882,Bronze INV,br_ReAssessmentOccupational,TASK_COMPLETE,SUCCESS,INFO,295,295,0,,2026-08-25T19:26:03.177Z,2026-08-25T21:23:56.829Z,7073,2026-08-25T21:23:56.829Z,V14,Overland Park,7eb7a049-5d17-4a23-bb2f-3b9c445afd32,SAMMS-VCPHCS-XIV-BridgewayV5
202608252121599845,202608251925575714,202608251925573776,85,3883,Bronze INV,br_ReAssessmentOccupational,TASK_COMPLETE,SUCCESS,INFO,609,609,0,,2026-08-25T19:26:03.177Z,2026-08-25T21:23:56.829Z,7073,2026-08-25T21:23:56.829Z,V15,Joplin,7eb7a049-5d17-4a23-bb2f-3b9c445afd32,SAMMS-JoplinV5
202608252121599846,202608251925575715,202608251925573776,85,3885,Bronze INV,br_ReAssessmentOccupational,TASK_COMPLETE,SUCCESS,INFO,904,904,0,,2026-08-25T19:26:03.177Z,2026-08-25T21:23:56.829Z,7073,2026-08-25T21:23:56.829Z,V17,Columbia TN,7eb7a049-5d17-4a23-bb2f-3b9c445afd32,SAMMS-ColumbiaTNv5
202608252121599847,202608251925575716,202608251925573776,85,3887,Bronze INV,br_ReAssessmentOccupational,TASK_COMPLETE,SUCCESS,INFO,533,533,0,,2026-08-25T19:26:03.177Z,2026-08-25T21:23:56.829Z,7073,2026-08-25T21:23:56.829Z,V19,Jackson,7eb7a049-5d17-4a23-bb2f-3b9c445afd32,SAMMS-JacksonV5
202608252121599848,202608251925575717,202608251925573776,85,3889,Bronze INV,br_ReAssessmentOccupational,TASK_COMPLETE,SUCCESS,INFO,1766,1766,0,,2026-08-25T19:26:03.177Z,2026-08-25T21:23:56.829Z,7073,2026-08-25T21:23:56.829Z,V20,Paris,7eb7a049-5d17-4a23-bb2f-3b9c445afd32,SAMMS-ParisV5
202608252121599850,202608251925575718,202608251925573776,85,3890,Bronze INV,br_ReAssessmentOccupational,TASK_COMPLETE,SUCCESS,INFO,723,723,0,,2026-08-25T19:26:03.177Z,2026-08-25T21:23:56.829Z,7073,2026-08-25T21:23:56.829Z,V21,Memphis North,7eb7a049-5d17-4a23-bb2f-3b9c445afd32,SAMMS-RaleighV5
202608252121599851,202608251925575719,202608251925573776,85,3893,Bronze INV,br_ReAssessmentOccupational,TASK_COMPLETE,SUCCESS,INFO,1778,1778,0,,2026-08-25T19:26:03.177Z,2026-08-25T21:23:56.829Z,7073,2026-08-25T21:23:56.829Z,V5,West Bank,7eb7a049-5d17-4a23-bb2f-3b9c445afd32,SAMMS-NONTCv5
202608252121599852,202608251925575720,202608251925573776,85,3895,Bronze INV,br_ReAssessmentOccupational,TASK_COMPLETE,SUCCESS,INFO,144,144,0,,2026-08-25T19:26:03.177Z,2026-08-25T21:23:56.829Z,7073,2026-08-25T21:23:56.829Z,V5B,Houma,7eb7a049-5d17-4a23-bb2f-3b9c445afd32,SAMMS-HoumaV6
202608252121599853,202608251925575721,202608251925573776,85,3896,Bronze INV,br_ReAssessmentOccupational,TASK_COMPLETE,SUCCESS,INFO,1907,1907,0,,2026-08-25T19:26:03.177Z,2026-08-25T21:23:56.829Z,7073,2026-08-25T21:23:56.829Z,V6,Lake Charles,7eb7a049-5d17-4a23-bb2f-3b9c445afd32,SAMMS-LCv5
202608252121599854,202608251925575722,202608251925573776,85,3898,Bronze INV,br_ReAssessmentOccupational,TASK_COMPLETE,SUCCESS,INFO,741,741,0,,2026-08-25T19:26:03.177Z,2026-08-25T21:23:56.829Z,7073,2026-08-25T21:23:56.829Z,V8,Memphis Midtown,7eb7a049-5d17-4a23-bb2f-3b9c445afd32,SAMMS-VCPHCS-VIII-MemphisV5
202608252121599855,202608251925575723,202608251925573776,85,3899,Bronze INV,br_ReAssessmentOccupational,TASK_COMPLETE,SUCCESS,INFO,1761,1761,0,,2026-08-25T19:26:03.177Z,2026-08-25T21:23:56.829Z,7073,2026-08-25T21:23:56.829Z,V9,Nashville,7eb7a049-5d17-4a23-bb2f-3b9c445afd32,SAMMS-NashvilleV5
202608252121599857,202608251925575724,202608251925573776,85,3900,Bronze INV,br_ReAssessmentOccupational,TASK_COMPLETE,SUCCESS,INFO,837,837,0,,2026-08-25T19:26:03.177Z,2026-08-25T21:23:56.829Z,7073,2026-08-25T21:23:56.829Z,VBRA,Brainerd,7eb7a049-5d17-4a23-bb2f-3b9c445afd32,SAMMS-BrainerdV6
202608252121599858,202608251925575725,202608251925573776,85,3901,Bronze INV,br_ReAssessmentOccupational,TASK_COMPLETE,SUCCESS,INFO,1955,1955,0,,2026-08-25T19:26:03.177Z,2026-08-25T21:23:56.829Z,7073,2026-08-25T21:23:56.829Z,VBRP,Brooklyn Park,7eb7a049-5d17-4a23-bb2f-3b9c445afd32,SAMMS-BrooklynParkV6
202608252121599859,202608251925575726,202608251925573776,85,3903,Bronze INV,br_ReAssessmentOccupational,TASK_COMPLETE,SUCCESS,INFO,742,742,0,,2026-08-25T19:26:03.177Z,2026-08-25T21:23:56.829Z,7073,2026-08-25T21:23:56.829Z,VMIN,Minneapolis,7eb7a049-5d17-4a23-bb2f-3b9c445afd32,SAMMS-MinneapolisV6
202608252121599860,202608251925575727,202608251925573776,85,3904,Bronze INV,br_ReAssessmentOccupational,TASK_COMPLETE,SUCCESS,INFO,881,881,0,,2026-08-25T19:26:03.177Z,2026-08-25T21:23:56.829Z,7073,2026-08-25T21:23:56.829Z,VWBY,Woodbury,7eb7a049-5d17-4a23-bb2f-3b9c445afd32,SAMMS-WoodburyV6
202608252121599861,202608251925575728,202608251925573776,85,3906,Bronze INV,br_ReAssessmentOccupational,TASK_COMPLETE,SUCCESS,INFO,161,161,0,,2026-08-25T19:26:03.177Z,2026-08-25T21:23:56.829Z,7073,2026-08-25T21:23:56.829Z,WIL,Wilson,7eb7a049-5d17-4a23-bb2f-3b9c445afd32,SAMMS-Wilson
202608252121599963,202608251925673789,202608251925673776,86,5732,Silver INV,sl_ReAssessmentOccupational,TASK_COMPLETE,SUCCESS,INFO,78554,78554,0,,2026-08-25T19:26:03.177Z,2026-08-25T21:23:56.829Z,7073,2026-08-25T21:23:56.829Z,,,7eb7a049-5d17-4a23-bb2f-3b9c445afd32,
202608252121599893,202608251925576074,202608251925573776,85,3910,Bronze INV,br_ReAssessmentPhysicalHealth,TASK_COMPLETE,SUCCESS,INFO,35,35,0,,2026-08-25T19:26:03.177Z,2026-08-25T21:23:56.829Z,7073,2026-08-25T21:23:56.829Z,AHK,Ahoskie,7eb7a049-5d17-4a23-bb2f-3b9c445afd32,SAMMS-Ahoskie
202608252121599894,202608251925576075,202608251925573776,85,3911,Bronze INV,br_ReAssessmentPhysicalHealth,TASK_COMPLETE,SUCCESS,INFO,662,662,0,,2026-08-25T19:26:03.177Z,2026-08-25T21:23:56.829Z,7073,2026-08-25T21:23:56.829Z,B12B,Colorado Springs,7eb7a049-5d17-4a23-bb2f-3b9c445afd32,SAMMS-ColoradoSpringsV5
202608252121599895,202608251925576076,202608251925573776,85,3912,Bronze INV,br_ReAssessmentPhysicalHealth,TASK_COMPLETE,SUCCESS,INFO,835,835,0,,2026-08-25T19:26:03.177Z,2026-08-25T21:23:56.829Z,7073,2026-08-25T21:23:56.829Z,B24,Paintsville,7eb7a049-5d17-4a23-bb2f-3b9c445afd32,SAMMS-PaintsvilleV5
202608252121599896,202608251925576077,202608251925573776,85,3913,Bronze INV,br_ReAssessmentPhysicalHealth,TASK_COMPLETE,SUCCESS,INFO,646,646,0,,2026-08-25T19:26:03.177Z,2026-08-25T21:23:56.829Z,7073,2026-08-25T21:23:56.829Z,B25,Pikeville,7eb7a049-5d17-4a23-bb2f-3b9c445afd32,SAMMS-PikevilleV5
202608252121599897,202608251925576078,202608251925573776,85,3914,Bronze INV,br_ReAssessmentPhysicalHealth,TASK_COMPLETE,SUCCESS,INFO,970,970,0,,2026-08-25T19:26:03.177Z,2026-08-25T21:23:56.829Z,7073,2026-08-25T21:23:56.829Z,B26,Hazard,7eb7a049-5d17-4a23-bb2f-3b9c445afd32,SAMMS-HazardV5
202608252121599899,202608251925576079,202608251925573776,85,3915,Bronze INV,br_ReAssessmentPhysicalHealth,TASK_COMPLETE,SUCCESS,INFO,532,532,0,,2026-08-25T19:26:03.177Z,2026-08-25T21:23:56.829Z,7073,2026-08-25T21:23:56.829Z,B27,Savannah,7eb7a049-5d17-4a23-bb2f-3b9c445afd32,SAMMS-SavannahV6
202608252121599900,202608251925576080,202608251925573776,85,3916,Bronze INV,br_ReAssessmentPhysicalHealth,TASK_COMPLETE,SUCCESS,INFO,246,246,0,,2026-08-25T19:26:03.177Z,2026-08-25T21:23:56.829Z,7073,2026-08-25T21:23:56.829Z,B28,West Plains,7eb7a049-5d17-4a23-bb2f-3b9c445afd32,SAMMS-WestPlainesV5
202608252121599901,202608251925576081,202608251925573776,85,3917,Bronze INV,br_ReAssessmentPhysicalHealth,TASK_COMPLETE,SUCCESS,INFO,461,461,0,,2026-08-25T19:26:03.177Z,2026-08-25T21:23:56.829Z,7073,2026-08-25T21:23:56.829Z,B29,Poplar Bluff,7eb7a049-5d17-4a23-bb2f-3b9c445afd32,SAMMS-PoplarBluffV5
202608252121599902,202608251925576082,202608251925573776,85,3918,Bronze INV,br_ReAssessmentPhysicalHealth,TASK_COMPLETE,SUCCESS,INFO,80,80,0,,2026-08-25T19:26:03.177Z,2026-08-25T21:23:56.829Z,7073,2026-08-25T21:23:56.829Z,B30,KC North,7eb7a049-5d17-4a23-bb2f-3b9c445afd32,SAMMS-KCNv5
202608252121599903,202608251925576083,202608251925573776,85,3919,Bronze INV,br_ReAssessmentPhysicalHealth,TASK_COMPLETE,SUCCESS,INFO,400,400,0,,2026-08-25T19:26:03.177Z,2026-08-25T21:23:56.829Z,7073,2026-08-25T21:23:56.829Z,B31,Dyersburg,7eb7a049-5d17-4a23-bb2f-3b9c445afd32,SAMMS-DyersburgV5
202608252121599904,202608251925576084,202608251925573776,85,3921,Bronze INV,br_ReAssessmentPhysicalHealth,TASK_COMPLETE,SUCCESS,INFO,488,488,0,,2026-08-25T19:26:03.177Z,2026-08-25T21:23:56.829Z,7073,2026-08-25T21:23:56.829Z,B33,Paducah,7eb7a049-5d17-4a23-bb2f-3b9c445afd32,SAMMS-Paducah
202608252121599905,202608251925576085,202608251925573776,85,3922,Bronze INV,br_ReAssessmentPhysicalHealth,TASK_COMPLETE,SUCCESS,INFO,386,386,0,,2026-08-25T19:26:03.177Z,2026-08-25T21:23:56.829Z,7073,2026-08-25T21:23:56.829Z,B34,Corbin,7eb7a049-5d17-4a23-bb2f-3b9c445afd32,SAMMS-CorbinV5
202608252121599907,202608251925576086,202608251925573776,85,3923,Bronze INV,br_ReAssessmentPhysicalHealth,TASK_COMPLETE,SUCCESS,INFO,243,243,0,,2026-08-25T19:26:03.177Z,2026-08-25T21:23:56.829Z,7073,2026-08-25T21:23:56.829Z,B35,Lexington,7eb7a049-5d17-4a23-bb2f-3b9c445afd32,SAMMS-LexingtonV5
202608252121599908,202608251925576087,202608251925573776,85,3924,Bronze INV,br_ReAssessmentPhysicalHealth,TASK_COMPLETE,SUCCESS,INFO,77,77,0,,2026-08-25T19:26:03.177Z,2026-08-25T21:23:56.829Z,7073,2026-08-25T21:23:56.829Z,B35A,Berea,7eb7a049-5d17-4a23-bb2f-3b9c445afd32,SAMMS-BereaV5
202608252121599909,202608251925576088,202608251925573776,85,3925,Bronze INV,br_ReAssessmentPhysicalHealth,TASK_COMPLETE,SUCCESS,INFO,22,22,0,,2026-08-25T19:26:03.177Z,2026-08-25T21:23:56.829Z,7073,2026-08-25T21:23:56.829Z,B36,Asheville,7eb7a049-5d17-4a23-bb2f-3b9c445afd32,SAMMS-AshevilleV5
202608252121599910,202608251925576089,202608251925573776,85,3926,Bronze INV,br_ReAssessmentPhysicalHealth,TASK_COMPLETE,SUCCESS,INFO,1,1,0,,2026-08-25T19:26:03.177Z,2026-08-25T21:23:56.829Z,7073,2026-08-25T21:23:56.829Z,B37,Clyde,7eb7a049-5d17-4a23-bb2f-3b9c445afd32,SAMMS-ClydeV5
202608252121599911,202608251925576090,202608251925573776,85,3927,Bronze INV,br_ReAssessmentPhysicalHealth,TASK_COMPLETE,SUCCESS,INFO,1189,1189,0,,2026-08-25T19:26:03.177Z,2026-08-25T21:23:56.829Z,7073,2026-08-25T21:23:56.829Z,B38,Spartanburg,7eb7a049-5d17-4a23-bb2f-3b9c445afd32,SAMMS-SpartanburgV5
202608252121599912,202608251925576091,202608251925573776,85,3928,Bronze INV,br_ReAssessmentPhysicalHealth,TASK_COMPLETE,SUCCESS,INFO,362,362,0,,2026-08-25T19:26:03.177Z,2026-08-25T21:23:56.829Z,7073,2026-08-25T21:23:56.829Z,B39,Aiken,7eb7a049-5d17-4a23-bb2f-3b9c445afd32,SAMMS-AikenV5
202608252121599914,202608251925576092,202608251925573776,85,3929,Bronze INV,br_ReAssessmentPhysicalHealth,TASK_COMPLETE,SUCCESS,INFO,1894,1894,0,,2026-08-25T19:26:03.177Z,2026-08-25T21:23:56.829Z,7073,2026-08-25T21:23:56.829Z,B41,Chesapeake,7eb7a049-5d17-4a23-bb2f-3b9c445afd32,SAMMS-ChesapeakeV5
202608252121599915,202608251925576093,202608251925573776,85,3930,Bronze INV,br_ReAssessmentPhysicalHealth,TASK_COMPLETE,SUCCESS,INFO,1922,1922,0,,2026-08-25T19:26:03.177Z,2026-08-25T21:23:56.829Z,7073,2026-08-25T21:23:56.829Z,B42,Virginia Beach,7eb7a049-5d17-4a23-bb2f-3b9c445afd32,SAMMS-VirginiaBeachV5
202608252121599916,202608251925576094,202608251925573776,85,3931,Bronze INV,br_ReAssessmentPhysicalHealth,TASK_COMPLETE,SUCCESS,INFO,936,936,0,,2026-08-25T19:26:03.177Z,2026-08-25T21:23:56.829Z,7073,2026-08-25T21:23:56.829Z,B42A,Newport News,7eb7a049-5d17-4a23-bb2f-3b9c445afd32,SAMMS-NewportNewsV5
202608252121599917,202608251925576095,202608251925573776,85,3932,Bronze INV,br_ReAssessmentPhysicalHealth,TASK_COMPLETE,SUCCESS,INFO,508,508,0,,2026-08-25T19:26:03.177Z,2026-08-25T21:23:56.829Z,7073,2026-08-25T21:23:56.829Z,B42B,Franklin,7eb7a049-5d17-4a23-bb2f-3b9c445afd32,SAMMS-FranklinV5
202608252121599918,202608251925576096,202608251925573776,85,3933,Bronze INV,br_ReAssessmentPhysicalHealth,TASK_COMPLETE,SUCCESS,INFO,346,346,0,,2026-08-25T19:26:03.177Z,2026-08-25T21:23:56.829Z,7073,2026-08-25T21:23:56.829Z,B42C,Glen Allen,7eb7a049-5d17-4a23-bb2f-3b9c445afd32,SAMMS-GlenAllenV5
202608252121599919,202608251925576097,202608251925573776,85,3934,Bronze INV,br_ReAssessmentPhysicalHealth,TASK_COMPLETE,SUCCESS,INFO,1487,1487,0,,2026-08-25T19:26:03.177Z,2026-08-25T21:23:56.829Z,7073,2026-08-25T21:23:56.829Z,B42D,Chesapeake South,7eb7a049-5d17-4a23-bb2f-3b9c445afd32,SAMMS-ChesapeakeSouthV5
202608252121599921,202608251925576098,202608251925573776,85,3935,Bronze INV,br_ReAssessmentPhysicalHealth,TASK_COMPLETE,SUCCESS,INFO,632,632,0,,2026-08-25T19:26:03.177Z,2026-08-25T21:23:56.829Z,7073,2026-08-25T21:23:56.829Z,B44,Albany,7eb7a049-5d17-4a23-bb2f-3b9c445afd32,SAMMS-AlbanyV5
202608252121599922,202608251925576099,202608251925573776,85,3936,Bronze INV,br_ReAssessmentPhysicalHealth,TASK_COMPLETE,SUCCESS,INFO,1273,1273,0,,2026-08-25T19:26:03.177Z,2026-08-25T21:23:56.829Z,7073,2026-08-25T21:23:56.829Z,B45,Tifton,7eb7a049-5d17-4a23-bb2f-3b9c445afd32,SAMMS-TiftonV5
202608252121599923,202608251925576100,202608251925573776,85,3937,Bronze INV,br_ReAssessmentPhysicalHealth,TASK_COMPLETE,SUCCESS,INFO,591,591,0,,2026-08-25T19:26:03.177Z,2026-08-25T21:23:56.829Z,7073,2026-08-25T21:23:56.829Z,B46,Washington DC,7eb7a049-5d17-4a23-bb2f-3b9c445afd32,SAMMS-WashingtonDCv5
202608252121599924,202608251925576101,202608251925573776,85,3938,Bronze INV,br_ReAssessmentPhysicalHealth,TASK_COMPLETE,SUCCESS,INFO,1575,1575,0,,2026-08-25T19:26:03.177Z,2026-08-25T21:23:56.829Z,7073,2026-08-25T21:23:56.829Z,B47,Mobile,7eb7a049-5d17-4a23-bb2f-3b9c445afd32,SAMMS-MobileV5
202608252121599925,202608251925576102,202608251925573776,85,3939,Bronze INV,br_ReAssessmentPhysicalHealth,TASK_COMPLETE,SUCCESS,INFO,1301,1301,0,,2026-08-25T19:26:03.177Z,2026-08-25T21:23:56.829Z,7073,2026-08-25T21:23:56.829Z,B48,Tuscaloosa,7eb7a049-5d17-4a23-bb2f-3b9c445afd32,SAMMS-TuscaloosaV5
202608252121599926,202608251925576103,202608251925573776,85,3948,Bronze INV,br_ReAssessmentPhysicalHealth,TASK_COMPLETE,SUCCESS,INFO,3,3,0,,2026-08-25T19:26:03.177Z,2026-08-25T21:23:56.829Z,7073,2026-08-25T21:23:56.829Z,B51,N. Little Rock (OTP),7eb7a049-5d17-4a23-bb2f-3b9c445afd32,SAMMS-NorthLittleRockV6
202608252121599928,202608251925576104,202608251925573776,85,3949,Bronze INV,br_ReAssessmentPhysicalHealth,TASK_COMPLETE,SUCCESS,INFO,460,460,0,,2026-08-25T19:26:03.177Z,2026-08-25T21:23:56.829Z,7073,2026-08-25T21:23:56.829Z,B52,Jackson GA,7eb7a049-5d17-4a23-bb2f-3b9c445afd32,SAMMS-JacksonGAV5
202608252121599929,202608251925576105,202608251925573776,85,3950,Bronze INV,br_ReAssessmentPhysicalHealth,TASK_COMPLETE,SUCCESS,INFO,1704,1704,0,,2026-08-25T19:26:03.177Z,2026-08-25T21:23:56.829Z,7073,2026-08-25T21:23:56.829Z,B54,Gadsden,7eb7a049-5d17-4a23-bb2f-3b9c445afd32,SAMMS-GadsdenV5
202608252121599930,202608251925576106,202608251925573776,85,3951,Bronze INV,br_ReAssessmentPhysicalHealth,TASK_COMPLETE,SUCCESS,INFO,956,956,0,,2026-08-25T19:26:03.177Z,2026-08-25T21:23:56.829Z,7073,2026-08-25T21:23:56.829Z,B55,Shoals,7eb7a049-5d17-4a23-bb2f-3b9c445afd32,SAMMS-ShoalsV5
202608252121599931,202608251925576107,202608251925573776,85,3952,Bronze INV,br_ReAssessmentPhysicalHealth,TASK_COMPLETE,SUCCESS,INFO,294,294,0,,2026-08-25T19:26:03.177Z,2026-08-25T21:23:56.829Z,7073,2026-08-25T21:23:56.829Z,B57,Pawtucket,7eb7a049-5d17-4a23-bb2f-3b9c445afd32,SAMMS-Pawtucket
202608252121599932,202608251925576108,202608251925573776,85,3953,Bronze INV,br_ReAssessmentPhysicalHealth,TASK_COMPLETE,SUCCESS,INFO,555,555,0,,2026-08-25T19:26:03.177Z,2026-08-25T21:23:56.829Z,7073,2026-08-25T21:23:56.829Z,B57A,Johnston,7eb7a049-5d17-4a23-bb2f-3b9c445afd32,SAMMS-Johnston
202608252121599933,202608251925576109,202608251925573776,85,3954,Bronze INV,br_ReAssessmentPhysicalHealth,TASK_COMPLETE,SUCCESS,INFO,166,166,0,,2026-08-25T19:26:03.177Z,2026-08-25T21:23:56.829Z,7073,2026-08-25T21:23:56.829Z,B57B,Middletown,7eb7a049-5d17-4a23-bb2f-3b9c445afd32,SAMMS-Middletown
202608252121599935,202608251925576110,202608251925573776,85,3955,Bronze INV,br_ReAssessmentPhysicalHealth,TASK_COMPLETE,SUCCESS,INFO,414,414,0,,2026-08-25T19:26:03.177Z,2026-08-25T21:23:56.829Z,7073,2026-08-25T21:23:56.829Z,B57C,Providence,7eb7a049-5d17-4a23-bb2f-3b9c445afd32,SAMMS-Providence
202608252121599936,202608251925576111,202608251925573776,85,3956,Bronze INV,br_ReAssessmentPhysicalHealth,TASK_COMPLETE,SUCCESS,INFO,631,631,0,,2026-08-25T19:26:03.177Z,2026-08-25T21:23:56.829Z,7073,2026-08-25T21:23:56.829Z,B57D,Westerly,7eb7a049-5d17-4a23-bb2f-3b9c445afd32,SAMMS-Westerly
202608252121599937,202608251925576112,202608251925573776,85,3960,Bronze INV,br_ReAssessmentPhysicalHealth,TASK_COMPLETE,SUCCESS,INFO,4,4,0,,2026-08-25T19:26:03.177Z,2026-08-25T21:23:56.829Z,7073,2026-08-25T21:23:56.829Z,B66A,Bremen,7eb7a049-5d17-4a23-bb2f-3b9c445afd32,SAMMS-Bremen
202608252121599938,202608251925576113,202608251925573776,85,3963,Bronze INV,br_ReAssessmentPhysicalHealth,TASK_COMPLETE,SUCCESS,INFO,0,0,0,,2026-08-25T19:26:03.177Z,2026-08-25T21:23:56.829Z,7073,2026-08-25T21:23:56.829Z,B72,Mobile (OBOT),7eb7a049-5d17-4a23-bb2f-3b9c445afd32,SAMMS-Mobile-OBOT
202608252121599939,202608251925576114,202608251925573776,85,3964,Bronze INV,br_ReAssessmentPhysicalHealth,TASK_COMPLETE,SUCCESS,INFO,0,0,0,,2026-08-25T19:26:03.177Z,2026-08-25T21:23:56.829Z,7073,2026-08-25T21:23:56.829Z,B73,Montgomery,7eb7a049-5d17-4a23-bb2f-3b9c445afd32,SAMMS-Montgomery
202608252121599940,202608251925576115,202608251925573776,85,3965,Bronze INV,br_ReAssessmentPhysicalHealth,TASK_COMPLETE,SUCCESS,INFO,517,517,0,,2026-08-25T19:26:03.177Z,2026-08-25T21:23:56.829Z,7073,2026-08-25T21:23:56.829Z,B75,Lawrence,7eb7a049-5d17-4a23-bb2f-3b9c445afd32,SAMMS-LawrenceV6
202608252121599941,202608251925576116,202608251925573776,85,3966,Bronze INV,br_ReAssessmentPhysicalHealth,TASK_COMPLETE,SUCCESS,INFO,0,0,0,,2026-08-25T19:26:03.177Z,2026-08-25T21:23:56.829Z,7073,2026-08-25T21:23:56.829Z,B76,Huntsville OBOT,7eb7a049-5d17-4a23-bb2f-3b9c445afd32,SAMMS-Huntsville-OBOT
202608252121599943,202608251925576117,202608251925573776,85,3967,Bronze INV,br_ReAssessmentPhysicalHealth,TASK_COMPLETE,SUCCESS,INFO,0,0,0,,2026-08-25T19:26:03.177Z,2026-08-25T21:23:56.829Z,7073,2026-08-25T21:23:56.829Z,BAT,Batesville,7eb7a049-5d17-4a23-bb2f-3b9c445afd32,SAMMS-Batesville
202608252121599944,202608251925576118,202608251925573776,85,3968,Bronze INV,br_ReAssessmentPhysicalHealth,TASK_COMPLETE,SUCCESS,INFO,461,461,0,,2026-08-25T19:26:03.177Z,2026-08-25T21:23:56.829Z,7073,2026-08-25T21:23:56.829Z,BG,Bowling Green,7eb7a049-5d17-4a23-bb2f-3b9c445afd32,SAMMS-BowlingGreen
202608252121599945,202608251925576119,202608251925573776,85,3969,Bronze INV,br_ReAssessmentPhysicalHealth,TASK_COMPLETE,SUCCESS,INFO,179,179,0,,2026-08-25T19:26:03.177Z,2026-08-25T21:23:56.829Z,7073,2026-08-25T21:23:56.829Z,BOI,Boise,7eb7a049-5d17-4a23-bb2f-3b9c445afd32,SAMMS-Boise
202608252121599946,202608251925576120,202608251925573776,85,3976,Bronze INV,br_ReAssessmentPhysicalHealth,TASK_COMPLETE,SUCCESS,INFO,51,51,0,,2026-08-25T19:26:03.177Z,2026-08-25T21:23:56.829Z,7073,2026-08-25T21:23:56.829Z,CBCO,Coeur dAlene,7eb7a049-5d17-4a23-bb2f-3b9c445afd32,SAMMS-CoeurdAleneV6
202608252121599947,202608251925576121,202608251925573776,85,3995,Bronze INV,br_ReAssessmentPhysicalHealth,TASK_COMPLETE,SUCCESS,INFO,0,0,0,,2026-08-25T19:26:03.177Z,2026-08-25T21:23:56.829Z,7073,2026-08-25T21:23:56.829Z,CON,Conway,7eb7a049-5d17-4a23-bb2f-3b9c445afd32,SAMMS-Conway
202608252121599948,202608251925576122,202608251925573776,85,3996,Bronze INV,br_ReAssessmentPhysicalHealth,TASK_COMPLETE,SUCCESS,INFO,2590,2590,0,,2026-08-25T19:26:03.177Z,2026-08-25T21:23:56.829Z,7073,2026-08-25T21:23:56.829Z,D07,Medical Services Knox TN,7eb7a049-5d17-4a23-bb2f-3b9c445afd32,SAMMS-KnoxvilleV6
202608252121599950,202608251925576123,202608251925573776,85,3997,Bronze INV,br_ReAssessmentPhysicalHealth,TASK_COMPLETE,SUCCESS,INFO,116,116,0,,2026-08-25T19:26:03.177Z,2026-08-25T21:23:56.829Z,7073,2026-08-25T21:23:56.829Z,D08,Madison,7eb7a049-5d17-4a23-bb2f-3b9c445afd32,SAMMS-MadisonV6
202608252121599951,202608251925576124,202608251925573776,85,3999,Bronze INV,br_ReAssessmentPhysicalHealth,TASK_COMPLETE,SUCCESS,INFO,123,123,0,,2026-08-25T19:26:03.177Z,2026-08-25T21:23:56.829Z,7073,2026-08-25T21:23:56.829Z,D09,Murfreesboro,7eb7a049-5d17-4a23-bb2f-3b9c445afd32,SAMMS-MurfreesboroV6
202608252121599952,202608251925576125,202608251925573776,85,4000,Bronze INV,br_ReAssessmentPhysicalHealth,TASK_COMPLETE,SUCCESS,INFO,337,337,0,,2026-08-25T19:26:03.177Z,2026-08-25T21:23:56.829Z,7073,2026-08-25T21:23:56.829Z,DA,Davenport,7eb7a049-5d17-4a23-bb2f-3b9c445afd32,SAMMS-Davenport
202608252121599953,202608251925576126,202608251925573776,85,4001,Bronze INV,br_ReAssessmentPhysicalHealth,TASK_COMPLETE,SUCCESS,INFO,292,292,0,,2026-08-25T19:26:03.177Z,2026-08-25T21:23:56.829Z,7073,2026-08-25T21:23:56.829Z,DM,Des Moines,7eb7a049-5d17-4a23-bb2f-3b9c445afd32,SAMMS-DesMoines
202608252121599954,202608251925576127,202608251925573776,85,4003,Bronze INV,br_ReAssessmentPhysicalHealth,TASK_COMPLETE,SUCCESS,INFO,530,530,0,,2026-08-25T19:26:03.177Z,2026-08-25T21:23:56.829Z,7073,2026-08-25T21:23:56.829Z,DRD-CO,Columbia MO,7eb7a049-5d17-4a23-bb2f-3b9c445afd32,SAMMS-ColumbiaV5
202608252121599955,202608251925576128,202608251925573776,85,4004,Bronze INV,br_ReAssessmentPhysicalHealth,TASK_COMPLETE,SUCCESS,INFO,347,347,0,,2026-08-25T19:26:03.177Z,2026-08-25T21:23:56.829Z,7073,2026-08-25T21:23:56.829Z,DRD-KC,KC,7eb7a049-5d17-4a23-bb2f-3b9c445afd32,SAMMS-KCv5
202608252121599957,202608251925576129,202608251925573776,85,4005,Bronze INV,br_ReAssessmentPhysicalHealth,TASK_COMPLETE,SUCCESS,INFO,1556,1556,0,,2026-08-25T19:26:03.177Z,2026-08-25T21:23:56.829Z,7073,2026-08-25T21:23:56.829Z,DRD-KVB,KVB,7eb7a049-5d17-4a23-bb2f-3b9c445afd32,SAMMS-KVBv5
202608252121599958,202608251925576130,202608251925573776,85,4006,Bronze INV,br_ReAssessmentPhysicalHealth,TASK_COMPLETE,SUCCESS,INFO,1676,1676,0,,2026-08-25T19:26:03.177Z,2026-08-25T21:23:56.829Z,7073,2026-08-25T21:23:56.829Z,DRD-KVC,KVC,7eb7a049-5d17-4a23-bb2f-3b9c445afd32,SAMMS-KVCv5
202608252121599959,202608251925576131,202608251925573776,85,4007,Bronze INV,br_ReAssessmentPhysicalHealth,TASK_COMPLETE,SUCCESS,INFO,3205,3205,0,,2026-08-25T19:26:03.177Z,2026-08-25T21:23:56.829Z,7073,2026-08-25T21:23:56.829Z,DRD-NOLA,NOLA,7eb7a049-5d17-4a23-bb2f-3b9c445afd32,SAMMS-NOLAv5
202608252121599960,202608251925576132,202608251925573776,85,4008,Bronze INV,br_ReAssessmentPhysicalHealth,TASK_COMPLETE,SUCCESS,INFO,802,802,0,,2026-08-25T19:26:03.177Z,2026-08-25T21:23:56.829Z,7073,2026-08-25T21:23:56.829Z,DRD-SF,Springfield,7eb7a049-5d17-4a23-bb2f-3b9c445afd32,SAMMS-SFv5
202608252121599961,202608251925576133,202608251925573776,85,4010,Bronze INV,br_ReAssessmentPhysicalHealth,TASK_COMPLETE,SUCCESS,INFO,261,261,0,,2026-08-25T19:26:03.177Z,2026-08-25T21:23:56.829Z,7073,2026-08-25T21:23:56.829Z,ELC,Elizabeth City,7eb7a049-5d17-4a23-bb2f-3b9c445afd32,SAMMS-ElizabethCity
202608252121599962,202608251925576134,202608251925573776,85,4011,Bronze INV,br_ReAssessmentPhysicalHealth,TASK_COMPLETE,SUCCESS,INFO,128,128,0,,2026-08-25T19:26:03.177Z,2026-08-25T21:23:56.829Z,7073,2026-08-25T21:23:56.829Z,ET,Elizabethtown,7eb7a049-5d17-4a23-bb2f-3b9c445afd32,SAMMS-Elizabethtown
202608252121599963,202608251925576135,202608251925573776,85,4012,Bronze INV,br_ReAssessmentPhysicalHealth,TASK_COMPLETE,SUCCESS,INFO,0,0,0,,2026-08-25T19:26:03.177Z,2026-08-25T21:23:56.829Z,7073,2026-08-25T21:23:56.829Z,FAY,Fayetteville,7eb7a049-5d17-4a23-bb2f-3b9c445afd32,SAMMS-Fayetteville
202608252121599965,202608251925576136,202608251925573776,85,4013,Bronze INV,br_ReAssessmentPhysicalHealth,TASK_COMPLETE,SUCCESS,INFO,156,156,0,,2026-08-25T19:26:03.177Z,2026-08-25T21:23:56.829Z,7073,2026-08-25T21:23:56.829Z,FR,Frankfort,7eb7a049-5d17-4a23-bb2f-3b9c445afd32,SAMMS-Frankfort
202608252121599966,202608251925576137,202608251925573776,85,4014,Bronze INV,br_ReAssessmentPhysicalHealth,TASK_COMPLETE,SUCCESS,INFO,0,0,0,,2026-08-25T19:26:03.177Z,2026-08-25T21:23:56.829Z,7073,2026-08-25T21:23:56.829Z,FS,Fort Smith,7eb7a049-5d17-4a23-bb2f-3b9c445afd32,SAMMS-FortSmith
202608252121599967,202608251925576138,202608251925573776,85,4015,Bronze INV,br_ReAssessmentPhysicalHealth,TASK_COMPLETE,SUCCESS,INFO,471,471,0,,2026-08-25T19:26:03.177Z,2026-08-25T21:23:56.829Z,7073,2026-08-25T21:23:56.829Z,FW,Fort Wayne,7eb7a049-5d17-4a23-bb2f-3b9c445afd32,SAMMS-FortWayne
202608252121599968,202608251925576139,202608251925573776,85,4016,Bronze INV,br_ReAssessmentPhysicalHealth,TASK_COMPLETE,SUCCESS,INFO,276,276,0,,2026-08-25T19:26:03.177Z,2026-08-25T21:23:56.829Z,7073,2026-08-25T21:23:56.829Z,GAL,Gaylord,7eb7a049-5d17-4a23-bb2f-3b9c445afd32,SAMMS-Gaylord
202608252121599969,202608251925576140,202608251925573776,85,4020,Bronze INV,br_ReAssessmentPhysicalHealth,TASK_COMPLETE,SUCCESS,INFO,100,100,0,,2026-08-25T19:26:03.177Z,2026-08-25T21:23:56.829Z,7073,2026-08-25T21:23:56.829Z,HGT,Hagerstown,7eb7a049-5d17-4a23-bb2f-3b9c445afd32,SAMMS-Hagerstown
202608252121599970,202608251925576141,202608251925573776,85,4021,Bronze INV,br_ReAssessmentPhysicalHealth,TASK_COMPLETE,SUCCESS,INFO,1727,1727,0,,2026-08-25T19:26:03.177Z,2026-08-25T21:23:56.829Z,7073,2026-08-25T21:23:56.829Z,HNT,Huntsville,7eb7a049-5d17-4a23-bb2f-3b9c445afd32,SAMMS-Huntsville
202608252121599972,202608251925576142,202608251925573776,85,4022,Bronze INV,br_ReAssessmentPhysicalHealth,TASK_COMPLETE,SUCCESS,INFO,0,0,0,,2026-08-25T19:26:03.177Z,2026-08-25T21:23:56.829Z,7073,2026-08-25T21:23:56.829Z,HS,Hot Springs,7eb7a049-5d17-4a23-bb2f-3b9c445afd32,SAMMS-HotSprings
202608252121599973,202608251925576143,202608251925573776,85,4023,Bronze INV,br_ReAssessmentPhysicalHealth,TASK_COMPLETE,SUCCESS,INFO,0,0,0,,2026-08-25T19:26:03.177Z,2026-08-25T21:23:56.829Z,7073,2026-08-25T21:23:56.829Z,JON,Jonesboro,7eb7a049-5d17-4a23-bb2f-3b9c445afd32,SAMMS-Jonesboro
202608252121599974,202608251925576144,202608251925573776,85,4025,Bronze INV,br_ReAssessmentPhysicalHealth,TASK_COMPLETE,SUCCESS,INFO,448,448,0,,2026-08-25T19:26:03.177Z,2026-08-25T21:23:56.829Z,7073,2026-08-25T21:23:56.829Z,LAN,Lansing,7eb7a049-5d17-4a23-bb2f-3b9c445afd32,SAMMS-Lansing
202608252121599975,202608251925576145,202608251925573776,85,4026,Bronze INV,br_ReAssessmentPhysicalHealth,TASK_COMPLETE,SUCCESS,INFO,1290,1290,0,,2026-08-25T19:26:03.177Z,2026-08-25T21:23:56.829Z,7073,2026-08-25T21:23:56.829Z,LO,Louisville,7eb7a049-5d17-4a23-bb2f-3b9c445afd32,SAMMS-Louisville
202608252121599976,202608251925576146,202608251925573776,85,4027,Bronze INV,br_ReAssessmentPhysicalHealth,TASK_COMPLETE,SUCCESS,INFO,292,292,0,,2026-08-25T19:26:03.177Z,2026-08-25T21:23:56.829Z,7073,2026-08-25T21:23:56.829Z,LV1,Cheyenne,7eb7a049-5d17-4a23-bb2f-3b9c445afd32,SAMMS-Cheyenne
202608252121599977,202608251925576147,202608251925573776,85,4028,Bronze INV,br_ReAssessmentPhysicalHealth,TASK_COMPLETE,SUCCESS,INFO,205,205,0,,2026-08-25T19:26:03.177Z,2026-08-25T21:23:56.829Z,7073,2026-08-25T21:23:56.829Z,LV2,Desert Inn,7eb7a049-5d17-4a23-bb2f-3b9c445afd32,SAMMS-DesertInn
202608252121599979,202608251925576148,202608251925573776,85,4029,Bronze INV,br_ReAssessmentPhysicalHealth,TASK_COMPLETE,SUCCESS,INFO,110,110,0,,2026-08-25T19:26:03.177Z,2026-08-25T21:23:56.829Z,7073,2026-08-25T21:23:56.829Z,LV3,McDaniel,7eb7a049-5d17-4a23-bb2f-3b9c445afd32,SAMMS-McDaniel
202608252121599980,202608251925576149,202608251925573776,85,4032,Bronze INV,br_ReAssessmentPhysicalHealth,TASK_COMPLETE,SUCCESS,INFO,358,358,0,,2026-08-25T19:26:03.177Z,2026-08-25T21:23:56.829Z,7073,2026-08-25T21:23:56.829Z,MNRE,Monroe,7eb7a049-5d17-4a23-bb2f-3b9c445afd32,SAMMS-Monroe
202608252121599981,202608251925576150,202608251925573776,85,4033,Bronze INV,br_ReAssessmentPhysicalHealth,TASK_COMPLETE,SUCCESS,INFO,1427,1427,0,,2026-08-25T19:26:03.177Z,2026-08-25T21:23:56.829Z,7073,2026-08-25T21:23:56.829Z,MP,Mt. Pleasant,7eb7a049-5d17-4a23-bb2f-3b9c445afd32,SAMMS-MtPleasant
202608252121599982,202608251925576151,202608251925573776,85,4034,Bronze INV,br_ReAssessmentPhysicalHealth,TASK_COMPLETE,SUCCESS,INFO,153,153,0,,2026-08-25T19:26:03.177Z,2026-08-25T21:23:56.829Z,7073,2026-08-25T21:23:56.829Z,MRD,Meridian,7eb7a049-5d17-4a23-bb2f-3b9c445afd32,SAMMS-Meridian
202608252121599983,202608251925576152,202608251925573776,85,4039,Bronze INV,br_ReAssessmentPhysicalHealth,TASK_COMPLETE,SUCCESS,INFO,694,694,0,,2026-08-25T19:26:03.177Z,2026-08-25T21:23:56.829Z,7073,2026-08-25T21:23:56.829Z,NC,North Charleston,7eb7a049-5d17-4a23-bb2f-3b9c445afd32,SAMMS-NorthCharleston
202608252121599984,202608251925576153,202608251925573776,85,4040,Bronze INV,br_ReAssessmentPhysicalHealth,TASK_COMPLETE,SUCCESS,INFO,0,0,0,,2026-08-25T19:26:03.177Z,2026-08-25T21:23:56.829Z,7073,2026-08-25T21:23:56.829Z,NLR,N. Little Rock,7eb7a049-5d17-4a23-bb2f-3b9c445afd32,SAMMS-NLROBOT
202608252121599985,202608251925576154,202608251925573776,85,4041,Bronze INV,br_ReAssessmentPhysicalHealth,TASK_COMPLETE,SUCCESS,INFO,112,112,0,,2026-08-25T19:26:03.177Z,2026-08-25T21:23:56.829Z,7073,2026-08-25T21:23:56.829Z,PH,Phoenix,7eb7a049-5d17-4a23-bb2f-3b9c445afd32,SAMMS-Phoenix
202608252121599987,202608251925576155,202608251925573776,85,4045,Bronze INV,br_ReAssessmentPhysicalHealth,TASK_COMPLETE,SUCCESS,INFO,216,216,0,,2026-08-25T19:26:03.177Z,2026-08-25T21:23:56.829Z,7073,2026-08-25T21:23:56.829Z,RE,Reno,7eb7a049-5d17-4a23-bb2f-3b9c445afd32,SAMMS-Reno
202608252121599988,202608251925576156,202608251925573776,85,4046,Bronze INV,br_ReAssessmentPhysicalHealth,TASK_COMPLETE,SUCCESS,INFO,88,88,0,,2026-08-25T19:26:03.177Z,2026-08-25T21:23:56.829Z,7073,2026-08-25T21:23:56.829Z,RMD,Richmond,7eb7a049-5d17-4a23-bb2f-3b9c445afd32,SAMMS-Richmond
202608252121599989,202608251925576157,202608251925573776,85,4047,Bronze INV,br_ReAssessmentPhysicalHealth,TASK_COMPLETE,SUCCESS,INFO,589,589,0,,2026-08-25T19:26:03.177Z,2026-08-25T21:23:56.829Z,7073,2026-08-25T21:23:56.829Z,SFN,Springfield North,7eb7a049-5d17-4a23-bb2f-3b9c445afd32,SAMMS-SFNv5
202608252121599990,202608251925576158,202608251925573776,85,4048,Bronze INV,br_ReAssessmentPhysicalHealth,TASK_COMPLETE,SUCCESS,INFO,769,769,0,,2026-08-25T19:26:03.177Z,2026-08-25T21:23:56.829Z,7073,2026-08-25T21:23:56.829Z,SHP,Shreveport,7eb7a049-5d17-4a23-bb2f-3b9c445afd32,SAMMS-Shreveport
202608252121599991,202608251925576159,202608251925573776,85,4050,Bronze INV,br_ReAssessmentPhysicalHealth,TASK_COMPLETE,SUCCESS,INFO,486,486,0,,2026-08-25T19:26:03.177Z,2026-08-25T21:23:56.829Z,7073,2026-08-25T21:23:56.829Z,STN,Staunton,7eb7a049-5d17-4a23-bb2f-3b9c445afd32,SAMMS-Staunton
202608252121599992,202608251925576160,202608251925573776,85,4051,Bronze INV,br_ReAssessmentPhysicalHealth,TASK_COMPLETE,SUCCESS,INFO,225,225,0,,2026-08-25T19:26:03.177Z,2026-08-25T21:23:56.829Z,7073,2026-08-25T21:23:56.829Z,STVN,Stevenson,7eb7a049-5d17-4a23-bb2f-3b9c445afd32,SAMMS-Stevenson
202608252121599994,202608251925576161,202608251925573776,85,4053,Bronze INV,br_ReAssessmentPhysicalHealth,TASK_COMPLETE,SUCCESS,INFO,174,174,0,,2026-08-25T19:26:03.177Z,2026-08-25T21:23:56.829Z,7073,2026-08-25T21:23:56.829Z,TE,Tempe,7eb7a049-5d17-4a23-bb2f-3b9c445afd32,SAMMS-Tempe
202608252121599995,202608251925576162,202608251925573776,85,4054,Bronze INV,br_ReAssessmentPhysicalHealth,TASK_COMPLETE,SUCCESS,INFO,0,0,0,,2026-08-25T19:26:03.177Z,2026-08-25T21:23:56.829Z,7073,2026-08-25T21:23:56.829Z,TEX,Texarkana,7eb7a049-5d17-4a23-bb2f-3b9c445afd32,SAMMS-Texarkana
202608252121599996,202608251925576163,202608251925573776,85,4055,Bronze INV,br_ReAssessmentPhysicalHealth,TASK_COMPLETE,SUCCESS,INFO,1084,1084,0,,2026-08-25T19:26:03.177Z,2026-08-25T21:23:56.829Z,7073,2026-08-25T21:23:56.829Z,TTCA,Bessemer,7eb7a049-5d17-4a23-bb2f-3b9c445afd32,SAMMS-BessemerV5
202608252121599997,202608251925576164,202608251925573776,85,4056,Bronze INV,br_ReAssessmentPhysicalHealth,TASK_COMPLETE,SUCCESS,INFO,1321,1321,0,,2026-08-25T19:26:03.177Z,2026-08-25T21:23:56.829Z,7073,2026-08-25T21:23:56.829Z,TTCB,Cullman,7eb7a049-5d17-4a23-bb2f-3b9c445afd32,SAMMS-CullmanV5
202608252121599998,202608251925576165,202608251925573776,85,4057,Bronze INV,br_ReAssessmentPhysicalHealth,TASK_COMPLETE,SUCCESS,INFO,945,945,0,,2026-08-25T19:26:03.177Z,2026-08-25T21:23:56.829Z,7073,2026-08-25T21:23:56.829Z,TTCC,Grand Bay,7eb7a049-5d17-4a23-bb2f-3b9c445afd32,SAMMS-GrandBay
202608252121600000,202608251925576166,202608251925573776,85,4058,Bronze INV,br_ReAssessmentPhysicalHealth,TASK_COMPLETE,SUCCESS,INFO,15,15,0,,2026-08-25T19:26:03.177Z,2026-08-25T21:23:56.829Z,7073,2026-08-25T21:23:56.829Z,TU,Tucson,7eb7a049-5d17-4a23-bb2f-3b9c445afd32,SAMMS-Tucson
202608252121600001,202608251925576167,202608251925573776,85,4060,Bronze INV,br_ReAssessmentPhysicalHealth,TASK_COMPLETE,SUCCESS,INFO,661,661,0,,2026-08-25T19:26:03.177Z,2026-08-25T21:23:56.829Z,7073,2026-08-25T21:23:56.829Z,V1,Memphis South,7eb7a049-5d17-4a23-bb2f-3b9c445afd32,SAMMS-VCPHCS-I-MemphisV5
202608252121600002,202608251925576168,202608251925573776,85,4061,Bronze INV,br_ReAssessmentPhysicalHealth,TASK_COMPLETE,SUCCESS,INFO,1630,1630,0,,2026-08-25T19:26:03.177Z,2026-08-25T21:23:56.829Z,7073,2026-08-25T21:23:56.829Z,V10,Longmont,7eb7a049-5d17-4a23-bb2f-3b9c445afd32,SAMMS-BoulderV5
202608252121600003,202608251925576169,202608251925573776,85,4062,Bronze INV,br_ReAssessmentPhysicalHealth,TASK_COMPLETE,SUCCESS,INFO,1517,1517,0,,2026-08-25T19:26:03.177Z,2026-08-25T21:23:56.829Z,7073,2026-08-25T21:23:56.829Z,V10A,Fort Collins,7eb7a049-5d17-4a23-bb2f-3b9c445afd32,SAMMS-FortCollinsV5
202608252121600004,202608251925576170,202608251925573776,85,4063,Bronze INV,br_ReAssessmentPhysicalHealth,TASK_COMPLETE,SUCCESS,INFO,2876,2876,0,,2026-08-25T19:26:03.177Z,2026-08-25T21:23:56.829Z,7073,2026-08-25T21:23:56.829Z,V11,Westminster,7eb7a049-5d17-4a23-bb2f-3b9c445afd32,SAMMS-VCPHCS-XI-NorthDenverV5
202608252121600005,202608251925576171,202608251925573776,85,4064,Bronze INV,br_ReAssessmentPhysicalHealth,TASK_COMPLETE,SUCCESS,INFO,3046,3046,0,,2026-08-25T19:26:03.177Z,2026-08-25T21:23:56.829Z,7073,2026-08-25T21:23:56.829Z,V12,Downtown Denver,7eb7a049-5d17-4a23-bb2f-3b9c445afd32,SAMMS-VCPHCS-XII-DowntownDenverV5
202608262209459273,202608261955300219,202608261955298282,85,3882,Bronze INV,br_ReAssessmentOccupational,TASK_COMPLETE,SUCCESS,INFO,295,295,0,,2026-08-26T19:55:35.047Z,2026-08-26T22:11:39.517Z,8164,2026-08-26T22:11:39.517Z,V14,Overland Park,20846baf-2fe5-403c-85d4-31520e88a3ce,SAMMS-VCPHCS-XIV-BridgewayV5
202608262209459274,202608261955300220,202608261955298282,85,3883,Bronze INV,br_ReAssessmentOccupational,TASK_COMPLETE,SUCCESS,INFO,609,609,0,,2026-08-26T19:55:35.047Z,2026-08-26T22:11:39.517Z,8164,2026-08-26T22:11:39.517Z,V15,Joplin,20846baf-2fe5-403c-85d4-31520e88a3ce,SAMMS-JoplinV5
202608262209459275,202608261955300221,202608261955298282,85,3885,Bronze INV,br_ReAssessmentOccupational,TASK_COMPLETE,SUCCESS,INFO,904,904,0,,2026-08-26T19:55:35.047Z,2026-08-26T22:11:39.517Z,8164,2026-08-26T22:11:39.517Z,V17,Columbia TN,20846baf-2fe5-403c-85d4-31520e88a3ce,SAMMS-ColumbiaTNv5
202608262209459276,202608261955300222,202608261955298282,85,3887,Bronze INV,br_ReAssessmentOccupational,TASK_COMPLETE,SUCCESS,INFO,533,533,0,,2026-08-26T19:55:35.047Z,2026-08-26T22:11:39.517Z,8164,2026-08-26T22:11:39.517Z,V19,Jackson,20846baf-2fe5-403c-85d4-31520e88a3ce,SAMMS-JacksonV5
202608262209459277,202608261955300223,202608261955298282,85,3889,Bronze INV,br_ReAssessmentOccupational,TASK_COMPLETE,SUCCESS,INFO,1766,1766,0,,2026-08-26T19:55:35.047Z,2026-08-26T22:11:39.517Z,8164,2026-08-26T22:11:39.517Z,V20,Paris,20846baf-2fe5-403c-85d4-31520e88a3ce,SAMMS-ParisV5
202608262209459278,202608261955300224,202608261955298282,85,3890,Bronze INV,br_ReAssessmentOccupational,TASK_COMPLETE,SUCCESS,INFO,723,723,0,,2026-08-26T19:55:35.047Z,2026-08-26T22:11:39.517Z,8164,2026-08-26T22:11:39.517Z,V21,Memphis North,20846baf-2fe5-403c-85d4-31520e88a3ce,SAMMS-RaleighV5
202608262209459279,202608261955300225,202608261955298282,85,3893,Bronze INV,br_ReAssessmentOccupational,TASK_COMPLETE,SUCCESS,INFO,1778,1778,0,,2026-08-26T19:55:35.047Z,2026-08-26T22:11:39.517Z,8164,2026-08-26T22:11:39.517Z,V5,West Bank,20846baf-2fe5-403c-85d4-31520e88a3ce,SAMMS-NONTCv5
202608262209459281,202608261955300226,202608261955298282,85,3895,Bronze INV,br_ReAssessmentOccupational,TASK_COMPLETE,SUCCESS,INFO,144,144,0,,2026-08-26T19:55:35.047Z,2026-08-26T22:11:39.517Z,8164,2026-08-26T22:11:39.517Z,V5B,Houma,20846baf-2fe5-403c-85d4-31520e88a3ce,SAMMS-HoumaV6
202608262209459282,202608261955300227,202608261955298282,85,3896,Bronze INV,br_ReAssessmentOccupational,TASK_COMPLETE,SUCCESS,INFO,1907,1907,0,,2026-08-26T19:55:35.047Z,2026-08-26T22:11:39.517Z,8164,2026-08-26T22:11:39.517Z,V6,Lake Charles,20846baf-2fe5-403c-85d4-31520e88a3ce,SAMMS-LCv5
202608262209459283,202608261955300228,202608261955298282,85,3898,Bronze INV,br_ReAssessmentOccupational,TASK_COMPLETE,SUCCESS,INFO,741,741,0,,2026-08-26T19:55:35.047Z,2026-08-26T22:11:39.517Z,8164,2026-08-26T22:11:39.517Z,V8,Memphis Midtown,20846baf-2fe5-403c-85d4-31520e88a3ce,SAMMS-VCPHCS-VIII-MemphisV5
202608262209459284,202608261955300229,202608261955298282,85,3899,Bronze INV,br_ReAssessmentOccupational,TASK_COMPLETE,SUCCESS,INFO,1761,1761,0,,2026-08-26T19:55:35.047Z,2026-08-26T22:11:39.517Z,8164,2026-08-26T22:11:39.517Z,V9,Nashville,20846baf-2fe5-403c-85d4-31520e88a3ce,SAMMS-NashvilleV5
202608262209459285,202608261955300230,202608261955298282,85,3900,Bronze INV,br_ReAssessmentOccupational,TASK_COMPLETE,SUCCESS,INFO,837,837,0,,2026-08-26T19:55:35.047Z,2026-08-26T22:11:39.517Z,8164,2026-08-26T22:11:39.517Z,VBRA,Brainerd,20846baf-2fe5-403c-85d4-31520e88a3ce,SAMMS-BrainerdV6
202608262209459286,202608261955300231,202608261955298282,85,3901,Bronze INV,br_ReAssessmentOccupational,TASK_COMPLETE,SUCCESS,INFO,1955,1955,0,,2026-08-26T19:55:35.047Z,2026-08-26T22:11:39.517Z,8164,2026-08-26T22:11:39.517Z,VBRP,Brooklyn Park,20846baf-2fe5-403c-85d4-31520e88a3ce,SAMMS-BrooklynParkV6
202608262209459287,202608261955300232,202608261955298282,85,3903,Bronze INV,br_ReAssessmentOccupational,TASK_COMPLETE,SUCCESS,INFO,742,742,0,,2026-08-26T19:55:35.047Z,2026-08-26T22:11:39.517Z,8164,2026-08-26T22:11:39.517Z,VMIN,Minneapolis,20846baf-2fe5-403c-85d4-31520e88a3ce,SAMMS-MinneapolisV6
202608262209459289,202608261955300233,202608261955298282,85,3904,Bronze INV,br_ReAssessmentOccupational,TASK_COMPLETE,SUCCESS,INFO,881,881,0,,2026-08-26T19:55:35.047Z,2026-08-26T22:11:39.517Z,8164,2026-08-26T22:11:39.517Z,VWBY,Woodbury,20846baf-2fe5-403c-85d4-31520e88a3ce,SAMMS-WoodburyV6
202608262209459290,202608261955300234,202608261955298282,85,3906,Bronze INV,br_ReAssessmentOccupational,TASK_COMPLETE,SUCCESS,INFO,161,161,0,,2026-08-26T19:55:35.047Z,2026-08-26T22:11:39.517Z,8164,2026-08-26T22:11:39.517Z,WIL,Wilson,20846baf-2fe5-403c-85d4-31520e88a3ce,SAMMS-Wilson
202608262209459391,202608261955398295,202608261955398282,86,5732,Silver INV,sl_ReAssessmentOccupational,TASK_COMPLETE,SUCCESS,INFO,78554,78554,0,,2026-08-26T19:55:35.047Z,2026-08-26T22:11:39.517Z,8164,2026-08-26T22:11:39.517Z,,,20846baf-2fe5-403c-85d4-31520e88a3ce,
202608262209459316,202608261955300580,202608261955298282,85,3910,Bronze INV,br_ReAssessmentPhysicalHealth,TASK_COMPLETE,SUCCESS,INFO,35,35,0,,2026-08-26T19:55:35.047Z,2026-08-26T22:11:39.517Z,8164,2026-08-26T22:11:39.517Z,AHK,Ahoskie,20846baf-2fe5-403c-85d4-31520e88a3ce,SAMMS-Ahoskie
202608262209459317,202608261955300581,202608261955298282,85,3911,Bronze INV,br_ReAssessmentPhysicalHealth,TASK_COMPLETE,SUCCESS,INFO,662,662,0,,2026-08-26T19:55:35.047Z,2026-08-26T22:11:39.517Z,8164,2026-08-26T22:11:39.517Z,B12B,Colorado Springs,20846baf-2fe5-403c-85d4-31520e88a3ce,SAMMS-ColoradoSpringsV5
202608262209459318,202608261955300582,202608261955298282,85,3912,Bronze INV,br_ReAssessmentPhysicalHealth,TASK_COMPLETE,SUCCESS,INFO,835,835,0,,2026-08-26T19:55:35.047Z,2026-08-26T22:11:39.517Z,8164,2026-08-26T22:11:39.517Z,B24,Paintsville,20846baf-2fe5-403c-85d4-31520e88a3ce,SAMMS-PaintsvilleV5
202608262209459320,202608261955300583,202608261955298282,85,3913,Bronze INV,br_ReAssessmentPhysicalHealth,TASK_COMPLETE,SUCCESS,INFO,646,646,0,,2026-08-26T19:55:35.047Z,2026-08-26T22:11:39.517Z,8164,2026-08-26T22:11:39.517Z,B25,Pikeville,20846baf-2fe5-403c-85d4-31520e88a3ce,SAMMS-PikevilleV5
202608262209459321,202608261955300584,202608261955298282,85,3914,Bronze INV,br_ReAssessmentPhysicalHealth,TASK_COMPLETE,SUCCESS,INFO,970,970,0,,2026-08-26T19:55:35.047Z,2026-08-26T22:11:39.517Z,8164,2026-08-26T22:11:39.517Z,B26,Hazard,20846baf-2fe5-403c-85d4-31520e88a3ce,SAMMS-HazardV5
202608262209459322,202608261955300585,202608261955298282,85,3915,Bronze INV,br_ReAssessmentPhysicalHealth,TASK_COMPLETE,SUCCESS,INFO,532,532,0,,2026-08-26T19:55:35.047Z,2026-08-26T22:11:39.517Z,8164,2026-08-26T22:11:39.517Z,B27,Savannah,20846baf-2fe5-403c-85d4-31520e88a3ce,SAMMS-SavannahV6
202608262209459323,202608261955300586,202608261955298282,85,3916,Bronze INV,br_ReAssessmentPhysicalHealth,TASK_COMPLETE,SUCCESS,INFO,246,246,0,,2026-08-26T19:55:35.047Z,2026-08-26T22:11:39.517Z,8164,2026-08-26T22:11:39.517Z,B28,West Plains,20846baf-2fe5-403c-85d4-31520e88a3ce,SAMMS-WestPlainesV5
202608262209459324,202608261955300587,202608261955298282,85,3917,Bronze INV,br_ReAssessmentPhysicalHealth,TASK_COMPLETE,SUCCESS,INFO,461,461,0,,2026-08-26T19:55:35.047Z,2026-08-26T22:11:39.517Z,8164,2026-08-26T22:11:39.517Z,B29,Poplar Bluff,20846baf-2fe5-403c-85d4-31520e88a3ce,SAMMS-PoplarBluffV5
202608262209459325,202608261955300588,202608261955298282,85,3918,Bronze INV,br_ReAssessmentPhysicalHealth,TASK_COMPLETE,SUCCESS,INFO,80,80,0,,2026-08-26T19:55:35.047Z,2026-08-26T22:11:39.517Z,8164,2026-08-26T22:11:39.517Z,B30,KC North,20846baf-2fe5-403c-85d4-31520e88a3ce,SAMMS-KCNv5
202608262209459327,202608261955300589,202608261955298282,85,3919,Bronze INV,br_ReAssessmentPhysicalHealth,TASK_COMPLETE,SUCCESS,INFO,400,400,0,,2026-08-26T19:55:35.047Z,2026-08-26T22:11:39.517Z,8164,2026-08-26T22:11:39.517Z,B31,Dyersburg,20846baf-2fe5-403c-85d4-31520e88a3ce,SAMMS-DyersburgV5
202608262209459328,202608261955300590,202608261955298282,85,3921,Bronze INV,br_ReAssessmentPhysicalHealth,TASK_COMPLETE,SUCCESS,INFO,488,488,0,,2026-08-26T19:55:35.047Z,2026-08-26T22:11:39.517Z,8164,2026-08-26T22:11:39.517Z,B33,Paducah,20846baf-2fe5-403c-85d4-31520e88a3ce,SAMMS-Paducah
202608262209459329,202608261955300591,202608261955298282,85,3922,Bronze INV,br_ReAssessmentPhysicalHealth,TASK_COMPLETE,SUCCESS,INFO,386,386,0,,2026-08-26T19:55:35.047Z,2026-08-26T22:11:39.517Z,8164,2026-08-26T22:11:39.517Z,B34,Corbin,20846baf-2fe5-403c-85d4-31520e88a3ce,SAMMS-CorbinV5
202608262209459330,202608261955300592,202608261955298282,85,3923,Bronze INV,br_ReAssessmentPhysicalHealth,TASK_COMPLETE,SUCCESS,INFO,243,243,0,,2026-08-26T19:55:35.047Z,2026-08-26T22:11:39.517Z,8164,2026-08-26T22:11:39.517Z,B35,Lexington,20846baf-2fe5-403c-85d4-31520e88a3ce,SAMMS-LexingtonV5
202608262209459331,202608261955300593,202608261955298282,85,3924,Bronze INV,br_ReAssessmentPhysicalHealth,TASK_COMPLETE,SUCCESS,INFO,77,77,0,,2026-08-26T19:55:35.047Z,2026-08-26T22:11:39.517Z,8164,2026-08-26T22:11:39.517Z,B35A,Berea,20846baf-2fe5-403c-85d4-31520e88a3ce,SAMMS-BereaV5
202608262209459332,202608261955300594,202608261955298282,85,3925,Bronze INV,br_ReAssessmentPhysicalHealth,TASK_COMPLETE,SUCCESS,INFO,22,22,0,,2026-08-26T19:55:35.047Z,2026-08-26T22:11:39.517Z,8164,2026-08-26T22:11:39.517Z,B36,Asheville,20846baf-2fe5-403c-85d4-31520e88a3ce,SAMMS-AshevilleV5
202608262209459333,202608261955300595,202608261955298282,85,3926,Bronze INV,br_ReAssessmentPhysicalHealth,TASK_COMPLETE,SUCCESS,INFO,1,1,0,,2026-08-26T19:55:35.047Z,2026-08-26T22:11:39.517Z,8164,2026-08-26T22:11:39.517Z,B37,Clyde,20846baf-2fe5-403c-85d4-31520e88a3ce,SAMMS-ClydeV5
202608262209459335,202608261955300596,202608261955298282,85,3927,Bronze INV,br_ReAssessmentPhysicalHealth,TASK_COMPLETE,SUCCESS,INFO,1189,1189,0,,2026-08-26T19:55:35.047Z,2026-08-26T22:11:39.517Z,8164,2026-08-26T22:11:39.517Z,B38,Spartanburg,20846baf-2fe5-403c-85d4-31520e88a3ce,SAMMS-SpartanburgV5
202608262209459336,202608261955300597,202608261955298282,85,3928,Bronze INV,br_ReAssessmentPhysicalHealth,TASK_COMPLETE,SUCCESS,INFO,362,362,0,,2026-08-26T19:55:35.047Z,2026-08-26T22:11:39.517Z,8164,2026-08-26T22:11:39.517Z,B39,Aiken,20846baf-2fe5-403c-85d4-31520e88a3ce,SAMMS-AikenV5
202608262209459337,202608261955300598,202608261955298282,85,3929,Bronze INV,br_ReAssessmentPhysicalHealth,TASK_COMPLETE,SUCCESS,INFO,1894,1894,0,,2026-08-26T19:55:35.047Z,2026-08-26T22:11:39.517Z,8164,2026-08-26T22:11:39.517Z,B41,Chesapeake,20846baf-2fe5-403c-85d4-31520e88a3ce,SAMMS-ChesapeakeV5
202608262209459338,202608261955300599,202608261955298282,85,3930,Bronze INV,br_ReAssessmentPhysicalHealth,TASK_COMPLETE,SUCCESS,INFO,1922,1922,0,,2026-08-26T19:55:35.047Z,2026-08-26T22:11:39.517Z,8164,2026-08-26T22:11:39.517Z,B42,Virginia Beach,20846baf-2fe5-403c-85d4-31520e88a3ce,SAMMS-VirginiaBeachV5
202608262209459339,202608261955300600,202608261955298282,85,3931,Bronze INV,br_ReAssessmentPhysicalHealth,TASK_COMPLETE,SUCCESS,INFO,936,936,0,,2026-08-26T19:55:35.047Z,2026-08-26T22:11:39.517Z,8164,2026-08-26T22:11:39.517Z,B42A,Newport News,20846baf-2fe5-403c-85d4-31520e88a3ce,SAMMS-NewportNewsV5
202608262209459340,202608261955300601,202608261955298282,85,3932,Bronze INV,br_ReAssessmentPhysicalHealth,TASK_COMPLETE,SUCCESS,INFO,508,508,0,,2026-08-26T19:55:35.047Z,2026-08-26T22:11:39.517Z,8164,2026-08-26T22:11:39.517Z,B42B,Franklin,20846baf-2fe5-403c-85d4-31520e88a3ce,SAMMS-FranklinV5
202608262209459341,202608261955300602,202608261955298282,85,3933,Bronze INV,br_ReAssessmentPhysicalHealth,TASK_COMPLETE,SUCCESS,INFO,346,346,0,,2026-08-26T19:55:35.047Z,2026-08-26T22:11:39.517Z,8164,2026-08-26T22:11:39.517Z,B42C,Glen Allen,20846baf-2fe5-403c-85d4-31520e88a3ce,SAMMS-GlenAllenV5
202608262209459343,202608261955300603,202608261955298282,85,3934,Bronze INV,br_ReAssessmentPhysicalHealth,TASK_COMPLETE,SUCCESS,INFO,1487,1487,0,,2026-08-26T19:55:35.047Z,2026-08-26T22:11:39.517Z,8164,2026-08-26T22:11:39.517Z,B42D,Chesapeake South,20846baf-2fe5-403c-85d4-31520e88a3ce,SAMMS-ChesapeakeSouthV5
202608262209459344,202608261955300604,202608261955298282,85,3935,Bronze INV,br_ReAssessmentPhysicalHealth,TASK_COMPLETE,SUCCESS,INFO,632,632,0,,2026-08-26T19:55:35.047Z,2026-08-26T22:11:39.517Z,8164,2026-08-26T22:11:39.517Z,B44,Albany,20846baf-2fe5-403c-85d4-31520e88a3ce,SAMMS-AlbanyV5
202608262209459345,202608261955300605,202608261955298282,85,3936,Bronze INV,br_ReAssessmentPhysicalHealth,TASK_COMPLETE,SUCCESS,INFO,1273,1273,0,,2026-08-26T19:55:35.047Z,2026-08-26T22:11:39.517Z,8164,2026-08-26T22:11:39.517Z,B45,Tifton,20846baf-2fe5-403c-85d4-31520e88a3ce,SAMMS-TiftonV5
202608262209459346,202608261955300606,202608261955298282,85,3937,Bronze INV,br_ReAssessmentPhysicalHealth,TASK_COMPLETE,SUCCESS,INFO,591,591,0,,2026-08-26T19:55:35.047Z,2026-08-26T22:11:39.517Z,8164,2026-08-26T22:11:39.517Z,B46,Washington DC,20846baf-2fe5-403c-85d4-31520e88a3ce,SAMMS-WashingtonDCv5
202608262209459347,202608261955300607,202608261955298282,85,3938,Bronze INV,br_ReAssessmentPhysicalHealth,TASK_COMPLETE,SUCCESS,INFO,1575,1575,0,,2026-08-26T19:55:35.047Z,2026-08-26T22:11:39.517Z,8164,2026-08-26T22:11:39.517Z,B47,Mobile,20846baf-2fe5-403c-85d4-31520e88a3ce,SAMMS-MobileV5
202608262209459349,202608261955300608,202608261955298282,85,3939,Bronze INV,br_ReAssessmentPhysicalHealth,TASK_COMPLETE,SUCCESS,INFO,1301,1301,0,,2026-08-26T19:55:35.047Z,2026-08-26T22:11:39.517Z,8164,2026-08-26T22:11:39.517Z,B48,Tuscaloosa,20846baf-2fe5-403c-85d4-31520e88a3ce,SAMMS-TuscaloosaV5
202608262209459350,202608261955300609,202608261955298282,85,3948,Bronze INV,br_ReAssessmentPhysicalHealth,TASK_COMPLETE,SUCCESS,INFO,3,3,0,,2026-08-26T19:55:35.047Z,2026-08-26T22:11:39.517Z,8164,2026-08-26T22:11:39.517Z,B51,N. Little Rock (OTP),20846baf-2fe5-403c-85d4-31520e88a3ce,SAMMS-NorthLittleRockV6
202608262209459351,202608261955300610,202608261955298282,85,3949,Bronze INV,br_ReAssessmentPhysicalHealth,TASK_COMPLETE,SUCCESS,INFO,460,460,0,,2026-08-26T19:55:35.047Z,2026-08-26T22:11:39.517Z,8164,2026-08-26T22:11:39.517Z,B52,Jackson GA,20846baf-2fe5-403c-85d4-31520e88a3ce,SAMMS-JacksonGAV5
202608262209459352,202608261955300611,202608261955298282,85,3950,Bronze INV,br_ReAssessmentPhysicalHealth,TASK_COMPLETE,SUCCESS,INFO,1704,1704,0,,2026-08-26T19:55:35.047Z,2026-08-26T22:11:39.517Z,8164,2026-08-26T22:11:39.517Z,B54,Gadsden,20846baf-2fe5-403c-85d4-31520e88a3ce,SAMMS-GadsdenV5
202608262209459353,202608261955300612,202608261955298282,85,3951,Bronze INV,br_ReAssessmentPhysicalHealth,TASK_COMPLETE,SUCCESS,INFO,956,956,0,,2026-08-26T19:55:35.047Z,2026-08-26T22:11:39.517Z,8164,2026-08-26T22:11:39.517Z,B55,Shoals,20846baf-2fe5-403c-85d4-31520e88a3ce,SAMMS-ShoalsV5
202608262209459354,202608261955300613,202608261955298282,85,3952,Bronze INV,br_ReAssessmentPhysicalHealth,TASK_COMPLETE,SUCCESS,INFO,294,294,0,,2026-08-26T19:55:35.047Z,2026-08-26T22:11:39.517Z,8164,2026-08-26T22:11:39.517Z,B57,Pawtucket,20846baf-2fe5-403c-85d4-31520e88a3ce,SAMMS-Pawtucket
202608262209459355,202608261955300614,202608261955298282,85,3953,Bronze INV,br_ReAssessmentPhysicalHealth,TASK_COMPLETE,SUCCESS,INFO,555,555,0,,2026-08-26T19:55:35.047Z,2026-08-26T22:11:39.517Z,8164,2026-08-26T22:11:39.517Z,B57A,Johnston,20846baf-2fe5-403c-85d4-31520e88a3ce,SAMMS-Johnston
202608262209459357,202608261955300615,202608261955298282,85,3954,Bronze INV,br_ReAssessmentPhysicalHealth,TASK_COMPLETE,SUCCESS,INFO,166,166,0,,2026-08-26T19:55:35.047Z,2026-08-26T22:11:39.517Z,8164,2026-08-26T22:11:39.517Z,B57B,Middletown,20846baf-2fe5-403c-85d4-31520e88a3ce,SAMMS-Middletown
202608262209459358,202608261955300616,202608261955298282,85,3955,Bronze INV,br_ReAssessmentPhysicalHealth,TASK_COMPLETE,SUCCESS,INFO,414,414,0,,2026-08-26T19:55:35.047Z,2026-08-26T22:11:39.517Z,8164,2026-08-26T22:11:39.517Z,B57C,Providence,20846baf-2fe5-403c-85d4-31520e88a3ce,SAMMS-Providence
202608262209459359,202608261955300617,202608261955298282,85,3956,Bronze INV,br_ReAssessmentPhysicalHealth,TASK_COMPLETE,SUCCESS,INFO,631,631,0,,2026-08-26T19:55:35.047Z,2026-08-26T22:11:39.517Z,8164,2026-08-26T22:11:39.517Z,B57D,Westerly,20846baf-2fe5-403c-85d4-31520e88a3ce,SAMMS-Westerly
202608262209459360,202608261955300618,202608261955298282,85,3960,Bronze INV,br_ReAssessmentPhysicalHealth,TASK_COMPLETE,SUCCESS,INFO,4,4,0,,2026-08-26T19:55:35.047Z,2026-08-26T22:11:39.517Z,8164,2026-08-26T22:11:39.517Z,B66A,Bremen,20846baf-2fe5-403c-85d4-31520e88a3ce,SAMMS-Bremen
202608262209459361,202608261955300619,202608261955298282,85,3963,Bronze INV,br_ReAssessmentPhysicalHealth,TASK_COMPLETE,SUCCESS,INFO,0,0,0,,2026-08-26T19:55:35.047Z,2026-08-26T22:11:39.517Z,8164,2026-08-26T22:11:39.517Z,B72,Mobile (OBOT),20846baf-2fe5-403c-85d4-31520e88a3ce,SAMMS-Mobile-OBOT
202608262209459362,202608261955300620,202608261955298282,85,3964,Bronze INV,br_ReAssessmentPhysicalHealth,TASK_COMPLETE,SUCCESS,INFO,0,0,0,,2026-08-26T19:55:35.047Z,2026-08-26T22:11:39.517Z,8164,2026-08-26T22:11:39.517Z,B73,Montgomery,20846baf-2fe5-403c-85d4-31520e88a3ce,SAMMS-Montgomery
202608262209459363,202608261955300621,202608261955298282,85,3965,Bronze INV,br_ReAssessmentPhysicalHealth,TASK_COMPLETE,SUCCESS,INFO,517,517,0,,2026-08-26T19:55:35.047Z,2026-08-26T22:11:39.517Z,8164,2026-08-26T22:11:39.517Z,B75,Lawrence,20846baf-2fe5-403c-85d4-31520e88a3ce,SAMMS-LawrenceV6
202608262209459365,202608261955300622,202608261955298282,85,3966,Bronze INV,br_ReAssessmentPhysicalHealth,TASK_COMPLETE,SUCCESS,INFO,0,0,0,,2026-08-26T19:55:35.047Z,2026-08-26T22:11:39.517Z,8164,2026-08-26T22:11:39.517Z,B76,Huntsville OBOT,20846baf-2fe5-403c-85d4-31520e88a3ce,SAMMS-Huntsville-OBOT
202608262209459366,202608261955300623,202608261955298282,85,3967,Bronze INV,br_ReAssessmentPhysicalHealth,TASK_COMPLETE,SUCCESS,INFO,0,0,0,,2026-08-26T19:55:35.047Z,2026-08-26T22:11:39.517Z,8164,2026-08-26T22:11:39.517Z,BAT,Batesville,20846baf-2fe5-403c-85d4-31520e88a3ce,SAMMS-Batesville
202608262209459367,202608261955300624,202608261955298282,85,3968,Bronze INV,br_ReAssessmentPhysicalHealth,TASK_COMPLETE,SUCCESS,INFO,461,461,0,,2026-08-26T19:55:35.047Z,2026-08-26T22:11:39.517Z,8164,2026-08-26T22:11:39.517Z,BG,Bowling Green,20846baf-2fe5-403c-85d4-31520e88a3ce,SAMMS-BowlingGreen
202608262209459368,202608261955300625,202608261955298282,85,3969,Bronze INV,br_ReAssessmentPhysicalHealth,TASK_COMPLETE,SUCCESS,INFO,179,179,0,,2026-08-26T19:55:35.047Z,2026-08-26T22:11:39.517Z,8164,2026-08-26T22:11:39.517Z,BOI,Boise,20846baf-2fe5-403c-85d4-31520e88a3ce,SAMMS-Boise
202608262209459369,202608261955300626,202608261955298282,85,3976,Bronze INV,br_ReAssessmentPhysicalHealth,TASK_COMPLETE,SUCCESS,INFO,51,51,0,,2026-08-26T19:55:35.047Z,2026-08-26T22:11:39.517Z,8164,2026-08-26T22:11:39.517Z,CBCO,Coeur dAlene,20846baf-2fe5-403c-85d4-31520e88a3ce,SAMMS-CoeurdAleneV6
202608262209459370,202608261955300627,202608261955298282,85,3995,Bronze INV,br_ReAssessmentPhysicalHealth,TASK_COMPLETE,SUCCESS,INFO,0,0,0,,2026-08-26T19:55:35.047Z,2026-08-26T22:11:39.517Z,8164,2026-08-26T22:11:39.517Z,CON,Conway,20846baf-2fe5-403c-85d4-31520e88a3ce,SAMMS-Conway
202608262209459372,202608261955300628,202608261955298282,85,3996,Bronze INV,br_ReAssessmentPhysicalHealth,TASK_COMPLETE,SUCCESS,INFO,2590,2590,0,,2026-08-26T19:55:35.047Z,2026-08-26T22:11:39.517Z,8164,2026-08-26T22:11:39.517Z,D07,Medical Services Knox TN,20846baf-2fe5-403c-85d4-31520e88a3ce,SAMMS-KnoxvilleV6
202608262209459373,202608261955300629,202608261955298282,85,3997,Bronze INV,br_ReAssessmentPhysicalHealth,TASK_COMPLETE,SUCCESS,INFO,116,116,0,,2026-08-26T19:55:35.047Z,2026-08-26T22:11:39.517Z,8164,2026-08-26T22:11:39.517Z,D08,Madison,20846baf-2fe5-403c-85d4-31520e88a3ce,SAMMS-MadisonV6
202608262209459374,202608261955300630,202608261955298282,85,3999,Bronze INV,br_ReAssessmentPhysicalHealth,TASK_COMPLETE,SUCCESS,INFO,123,123,0,,2026-08-26T19:55:35.047Z,2026-08-26T22:11:39.517Z,8164,2026-08-26T22:11:39.517Z,D09,Murfreesboro,20846baf-2fe5-403c-85d4-31520e88a3ce,SAMMS-MurfreesboroV6
202608262209459375,202608261955300631,202608261955298282,85,4000,Bronze INV,br_ReAssessmentPhysicalHealth,TASK_COMPLETE,SUCCESS,INFO,337,337,0,,2026-08-26T19:55:35.047Z,2026-08-26T22:11:39.517Z,8164,2026-08-26T22:11:39.517Z,DA,Davenport,20846baf-2fe5-403c-85d4-31520e88a3ce,SAMMS-Davenport
202608262209459376,202608261955300632,202608261955298282,85,4001,Bronze INV,br_ReAssessmentPhysicalHealth,TASK_COMPLETE,SUCCESS,INFO,292,292,0,,2026-08-26T19:55:35.047Z,2026-08-26T22:11:39.517Z,8164,2026-08-26T22:11:39.517Z,DM,Des Moines,20846baf-2fe5-403c-85d4-31520e88a3ce,SAMMS-DesMoines
202608262209459377,202608261955300633,202608261955298282,85,4003,Bronze INV,br_ReAssessmentPhysicalHealth,TASK_COMPLETE,SUCCESS,INFO,530,530,0,,2026-08-26T19:55:35.047Z,2026-08-26T22:11:39.517Z,8164,2026-08-26T22:11:39.517Z,DRD-CO,Columbia MO,20846baf-2fe5-403c-85d4-31520e88a3ce,SAMMS-ColumbiaV5
202608262209459378,202608261955300634,202608261955298282,85,4004,Bronze INV,br_ReAssessmentPhysicalHealth,TASK_COMPLETE,SUCCESS,INFO,347,347,0,,2026-08-26T19:55:35.047Z,2026-08-26T22:11:39.517Z,8164,2026-08-26T22:11:39.517Z,DRD-KC,KC,20846baf-2fe5-403c-85d4-31520e88a3ce,SAMMS-KCv5
202608262209459380,202608261955300635,202608261955298282,85,4005,Bronze INV,br_ReAssessmentPhysicalHealth,TASK_COMPLETE,SUCCESS,INFO,1556,1556,0,,2026-08-26T19:55:35.047Z,2026-08-26T22:11:39.517Z,8164,2026-08-26T22:11:39.517Z,DRD-KVB,KVB,20846baf-2fe5-403c-85d4-31520e88a3ce,SAMMS-KVBv5
202608262209459381,202608261955300636,202608261955298282,85,4006,Bronze INV,br_ReAssessmentPhysicalHealth,TASK_COMPLETE,SUCCESS,INFO,1676,1676,0,,2026-08-26T19:55:35.047Z,2026-08-26T22:11:39.517Z,8164,2026-08-26T22:11:39.517Z,DRD-KVC,KVC,20846baf-2fe5-403c-85d4-31520e88a3ce,SAMMS-KVCv5
202608262209459382,202608261955300637,202608261955298282,85,4007,Bronze INV,br_ReAssessmentPhysicalHealth,TASK_COMPLETE,SUCCESS,INFO,3205,3205,0,,2026-08-26T19:55:35.047Z,2026-08-26T22:11:39.517Z,8164,2026-08-26T22:11:39.517Z,DRD-NOLA,NOLA,20846baf-2fe5-403c-85d4-31520e88a3ce,SAMMS-NOLAv5
202608262209459383,202608261955300638,202608261955298282,85,4008,Bronze INV,br_ReAssessmentPhysicalHealth,TASK_COMPLETE,SUCCESS,INFO,802,802,0,,2026-08-26T19:55:35.047Z,2026-08-26T22:11:39.517Z,8164,2026-08-26T22:11:39.517Z,DRD-SF,Springfield,20846baf-2fe5-403c-85d4-31520e88a3ce,SAMMS-SFv5
202608262209459384,202608261955300639,202608261955298282,85,4010,Bronze INV,br_ReAssessmentPhysicalHealth,TASK_COMPLETE,SUCCESS,INFO,261,261,0,,2026-08-26T19:55:35.047Z,2026-08-26T22:11:39.517Z,8164,2026-08-26T22:11:39.517Z,ELC,Elizabeth City,20846baf-2fe5-403c-85d4-31520e88a3ce,SAMMS-ElizabethCity
202608262209459385,202608261955300640,202608261955298282,85,4011,Bronze INV,br_ReAssessmentPhysicalHealth,TASK_COMPLETE,SUCCESS,INFO,128,128,0,,2026-08-26T19:55:35.047Z,2026-08-26T22:11:39.517Z,8164,2026-08-26T22:11:39.517Z,ET,Elizabethtown,20846baf-2fe5-403c-85d4-31520e88a3ce,SAMMS-Elizabethtown
202608262209459386,202608261955300641,202608261955298282,85,4012,Bronze INV,br_ReAssessmentPhysicalHealth,TASK_COMPLETE,SUCCESS,INFO,0,0,0,,2026-08-26T19:55:35.047Z,2026-08-26T22:11:39.517Z,8164,2026-08-26T22:11:39.517Z,FAY,Fayetteville,20846baf-2fe5-403c-85d4-31520e88a3ce,SAMMS-Fayetteville
202608262209459388,202608261955300642,202608261955298282,85,4013,Bronze INV,br_ReAssessmentPhysicalHealth,TASK_COMPLETE,SUCCESS,INFO,156,156,0,,2026-08-26T19:55:35.047Z,2026-08-26T22:11:39.517Z,8164,2026-08-26T22:11:39.517Z,FR,Frankfort,20846baf-2fe5-403c-85d4-31520e88a3ce,SAMMS-Frankfort
202608262209459389,202608261955300643,202608261955298282,85,4014,Bronze INV,br_ReAssessmentPhysicalHealth,TASK_COMPLETE,SUCCESS,INFO,0,0,0,,2026-08-26T19:55:35.047Z,2026-08-26T22:11:39.517Z,8164,2026-08-26T22:11:39.517Z,FS,Fort Smith,20846baf-2fe5-403c-85d4-31520e88a3ce,SAMMS-FortSmith
202608262209459390,202608261955300644,202608261955298282,85,4015,Bronze INV,br_ReAssessmentPhysicalHealth,TASK_COMPLETE,SUCCESS,INFO,471,471,0,,2026-08-26T19:55:35.047Z,2026-08-26T22:11:39.517Z,8164,2026-08-26T22:11:39.517Z,FW,Fort Wayne,20846baf-2fe5-403c-85d4-31520e88a3ce,SAMMS-FortWayne
202608262209459391,202608261955300645,202608261955298282,85,4016,Bronze INV,br_ReAssessmentPhysicalHealth,TASK_COMPLETE,SUCCESS,INFO,276,276,0,,2026-08-26T19:55:35.047Z,2026-08-26T22:11:39.517Z,8164,2026-08-26T22:11:39.517Z,GAL,Gaylord,20846baf-2fe5-403c-85d4-31520e88a3ce,SAMMS-Gaylord
202608262209459392,202608261955300646,202608261955298282,85,4020,Bronze INV,br_ReAssessmentPhysicalHealth,TASK_COMPLETE,SUCCESS,INFO,100,100,0,,2026-08-26T19:55:35.047Z,2026-08-26T22:11:39.517Z,8164,2026-08-26T22:11:39.517Z,HGT,Hagerstown,20846baf-2fe5-403c-85d4-31520e88a3ce,SAMMS-Hagerstown
202608262209459393,202608261955300647,202608261955298282,85,4021,Bronze INV,br_ReAssessmentPhysicalHealth,TASK_COMPLETE,SUCCESS,INFO,1727,1727,0,,2026-08-26T19:55:35.047Z,2026-08-26T22:11:39.517Z,8164,2026-08-26T22:11:39.517Z,HNT,Huntsville,20846baf-2fe5-403c-85d4-31520e88a3ce,SAMMS-Huntsville
202608262209459395,202608261955300648,202608261955298282,85,4022,Bronze INV,br_ReAssessmentPhysicalHealth,TASK_COMPLETE,SUCCESS,INFO,0,0,0,,2026-08-26T19:55:35.047Z,2026-08-26T22:11:39.517Z,8164,2026-08-26T22:11:39.517Z,HS,Hot Springs,20846baf-2fe5-403c-85d4-31520e88a3ce,SAMMS-HotSprings
202608262209459396,202608261955300649,202608261955298282,85,4023,Bronze INV,br_ReAssessmentPhysicalHealth,TASK_COMPLETE,SUCCESS,INFO,0,0,0,,2026-08-26T19:55:35.047Z,2026-08-26T22:11:39.517Z,8164,2026-08-26T22:11:39.517Z,JON,Jonesboro,20846baf-2fe5-403c-85d4-31520e88a3ce,SAMMS-Jonesboro
202608262209459397,202608261955300650,202608261955298282,85,4025,Bronze INV,br_ReAssessmentPhysicalHealth,TASK_COMPLETE,SUCCESS,INFO,448,448,0,,2026-08-26T19:55:35.047Z,2026-08-26T22:11:39.517Z,8164,2026-08-26T22:11:39.517Z,LAN,Lansing,20846baf-2fe5-403c-85d4-31520e88a3ce,SAMMS-Lansing
202608262209459398,202608261955300651,202608261955298282,85,4026,Bronze INV,br_ReAssessmentPhysicalHealth,TASK_COMPLETE,SUCCESS,INFO,1290,1290,0,,2026-08-26T19:55:35.047Z,2026-08-26T22:11:39.517Z,8164,2026-08-26T22:11:39.517Z,LO,Louisville,20846baf-2fe5-403c-85d4-31520e88a3ce,SAMMS-Louisville
202608262209459399,202608261955300652,202608261955298282,85,4027,Bronze INV,br_ReAssessmentPhysicalHealth,TASK_COMPLETE,SUCCESS,INFO,292,292,0,,2026-08-26T19:55:35.047Z,2026-08-26T22:11:39.517Z,8164,2026-08-26T22:11:39.517Z,LV1,Cheyenne,20846baf-2fe5-403c-85d4-31520e88a3ce,SAMMS-Cheyenne
202608262209459400,202608261955300653,202608261955298282,85,4028,Bronze INV,br_ReAssessmentPhysicalHealth,TASK_COMPLETE,SUCCESS,INFO,205,205,0,,2026-08-26T19:55:35.047Z,2026-08-26T22:11:39.517Z,8164,2026-08-26T22:11:39.517Z,LV2,Desert Inn,20846baf-2fe5-403c-85d4-31520e88a3ce,SAMMS-DesertInn
202608262209459401,202608261955300654,202608261955298282,85,4029,Bronze INV,br_ReAssessmentPhysicalHealth,TASK_COMPLETE,SUCCESS,INFO,110,110,0,,2026-08-26T19:55:35.047Z,2026-08-26T22:11:39.517Z,8164,2026-08-26T22:11:39.517Z,LV3,McDaniel,20846baf-2fe5-403c-85d4-31520e88a3ce,SAMMS-McDaniel
202608262209459403,202608261955300655,202608261955298282,85,4032,Bronze INV,br_ReAssessmentPhysicalHealth,TASK_COMPLETE,SUCCESS,INFO,358,358,0,,2026-08-26T19:55:35.047Z,2026-08-26T22:11:39.517Z,8164,2026-08-26T22:11:39.517Z,MNRE,Monroe,20846baf-2fe5-403c-85d4-31520e88a3ce,SAMMS-Monroe
202608262209459404,202608261955300656,202608261955298282,85,4033,Bronze INV,br_ReAssessmentPhysicalHealth,TASK_COMPLETE,SUCCESS,INFO,1427,1427,0,,2026-08-26T19:55:35.047Z,2026-08-26T22:11:39.517Z,8164,2026-08-26T22:11:39.517Z,MP,Mt. Pleasant,20846baf-2fe5-403c-85d4-31520e88a3ce,SAMMS-MtPleasant
202608262209459405,202608261955300657,202608261955298282,85,4034,Bronze INV,br_ReAssessmentPhysicalHealth,TASK_COMPLETE,SUCCESS,INFO,153,153,0,,2026-08-26T19:55:35.047Z,2026-08-26T22:11:39.517Z,8164,2026-08-26T22:11:39.517Z,MRD,Meridian,20846baf-2fe5-403c-85d4-31520e88a3ce,SAMMS-Meridian
202608262209459406,202608261955300658,202608261955298282,85,4039,Bronze INV,br_ReAssessmentPhysicalHealth,TASK_COMPLETE,SUCCESS,INFO,694,694,0,,2026-08-26T19:55:35.047Z,2026-08-26T22:11:39.517Z,8164,2026-08-26T22:11:39.517Z,NC,North Charleston,20846baf-2fe5-403c-85d4-31520e88a3ce,SAMMS-NorthCharleston
202608262209459407,202608261955300659,202608261955298282,85,4040,Bronze INV,br_ReAssessmentPhysicalHealth,TASK_COMPLETE,SUCCESS,INFO,0,0,0,,2026-08-26T19:55:35.047Z,2026-08-26T22:11:39.517Z,8164,2026-08-26T22:11:39.517Z,NLR,N. Little Rock,20846baf-2fe5-403c-85d4-31520e88a3ce,SAMMS-NLROBOT
202608262209459408,202608261955300660,202608261955298282,85,4041,Bronze INV,br_ReAssessmentPhysicalHealth,TASK_COMPLETE,SUCCESS,INFO,112,112,0,,2026-08-26T19:55:35.047Z,2026-08-26T22:11:39.517Z,8164,2026-08-26T22:11:39.517Z,PH,Phoenix,20846baf-2fe5-403c-85d4-31520e88a3ce,SAMMS-Phoenix
202608262209459409,202608261955300661,202608261955298282,85,4045,Bronze INV,br_ReAssessmentPhysicalHealth,TASK_COMPLETE,SUCCESS,INFO,216,216,0,,2026-08-26T19:55:35.047Z,2026-08-26T22:11:39.517Z,8164,2026-08-26T22:11:39.517Z,RE,Reno,20846baf-2fe5-403c-85d4-31520e88a3ce,SAMMS-Reno
202608262209459411,202608261955300662,202608261955298282,85,4046,Bronze INV,br_ReAssessmentPhysicalHealth,TASK_COMPLETE,SUCCESS,INFO,88,88,0,,2026-08-26T19:55:35.047Z,2026-08-26T22:11:39.517Z,8164,2026-08-26T22:11:39.517Z,RMD,Richmond,20846baf-2fe5-403c-85d4-31520e88a3ce,SAMMS-Richmond
202608262209459412,202608261955300663,202608261955298282,85,4047,Bronze INV,br_ReAssessmentPhysicalHealth,TASK_COMPLETE,SUCCESS,INFO,589,589,0,,2026-08-26T19:55:35.047Z,2026-08-26T22:11:39.517Z,8164,2026-08-26T22:11:39.517Z,SFN,Springfield North,20846baf-2fe5-403c-85d4-31520e88a3ce,SAMMS-SFNv5
202608262209459413,202608261955300664,202608261955298282,85,4048,Bronze INV,br_ReAssessmentPhysicalHealth,TASK_COMPLETE,SUCCESS,INFO,769,769,0,,2026-08-26T19:55:35.047Z,2026-08-26T22:11:39.517Z,8164,2026-08-26T22:11:39.517Z,SHP,Shreveport,20846baf-2fe5-403c-85d4-31520e88a3ce,SAMMS-Shreveport
202608262209459414,202608261955300665,202608261955298282,85,4050,Bronze INV,br_ReAssessmentPhysicalHealth,TASK_COMPLETE,SUCCESS,INFO,486,486,0,,2026-08-26T19:55:35.047Z,2026-08-26T22:11:39.517Z,8164,2026-08-26T22:11:39.517Z,STN,Staunton,20846baf-2fe5-403c-85d4-31520e88a3ce,SAMMS-Staunton
202608262209459415,202608261955300666,202608261955298282,85,4051,Bronze INV,br_ReAssessmentPhysicalHealth,TASK_COMPLETE,SUCCESS,INFO,225,225,0,,2026-08-26T19:55:35.047Z,2026-08-26T22:11:39.517Z,8164,2026-08-26T22:11:39.517Z,STVN,Stevenson,20846baf-2fe5-403c-85d4-31520e88a3ce,SAMMS-Stevenson
202608262209459416,202608261955300667,202608261955298282,85,4053,Bronze INV,br_ReAssessmentPhysicalHealth,TASK_COMPLETE,SUCCESS,INFO,174,174,0,,2026-08-26T19:55:35.047Z,2026-08-26T22:11:39.517Z,8164,2026-08-26T22:11:39.517Z,TE,Tempe,20846baf-2fe5-403c-85d4-31520e88a3ce,SAMMS-Tempe
202608262209459417,202608261955300668,202608261955298282,85,4054,Bronze INV,br_ReAssessmentPhysicalHealth,TASK_COMPLETE,SUCCESS,INFO,0,0,0,,2026-08-26T19:55:35.047Z,2026-08-26T22:11:39.517Z,8164,2026-08-26T22:11:39.517Z,TEX,Texarkana,20846baf-2fe5-403c-85d4-31520e88a3ce,SAMMS-Texarkana
202608262209459419,202608261955300669,202608261955298282,85,4055,Bronze INV,br_ReAssessmentPhysicalHealth,TASK_COMPLETE,SUCCESS,INFO,1084,1084,0,,2026-08-26T19:55:35.047Z,2026-08-26T22:11:39.517Z,8164,2026-08-26T22:11:39.517Z,TTCA,Bessemer,20846baf-2fe5-403c-85d4-31520e88a3ce,SAMMS-BessemerV5
202608262209459420,202608261955300670,202608261955298282,85,4056,Bronze INV,br_ReAssessmentPhysicalHealth,TASK_COMPLETE,SUCCESS,INFO,1321,1321,0,,2026-08-26T19:55:35.047Z,2026-08-26T22:11:39.517Z,8164,2026-08-26T22:11:39.517Z,TTCB,Cullman,20846baf-2fe5-403c-85d4-31520e88a3ce,SAMMS-CullmanV5
202608262209459421,202608261955300671,202608261955298282,85,4057,Bronze INV,br_ReAssessmentPhysicalHealth,TASK_COMPLETE,SUCCESS,INFO,945,945,0,,2026-08-26T19:55:35.047Z,2026-08-26T22:11:39.517Z,8164,2026-08-26T22:11:39.517Z,TTCC,Grand Bay,20846baf-2fe5-403c-85d4-31520e88a3ce,SAMMS-GrandBay
202608262209459422,202608261955300672,202608261955298282,85,4058,Bronze INV,br_ReAssessmentPhysicalHealth,TASK_COMPLETE,SUCCESS,INFO,15,15,0,,2026-08-26T19:55:35.047Z,2026-08-26T22:11:39.517Z,8164,2026-08-26T22:11:39.517Z,TU,Tucson,20846baf-2fe5-403c-85d4-31520e88a3ce,SAMMS-Tucson
202608262209459423,202608261955300673,202608261955298282,85,4060,Bronze INV,br_ReAssessmentPhysicalHealth,TASK_COMPLETE,SUCCESS,INFO,661,661,0,,2026-08-26T19:55:35.047Z,2026-08-26T22:11:39.517Z,8164,2026-08-26T22:11:39.517Z,V1,Memphis South,20846baf-2fe5-403c-85d4-31520e88a3ce,SAMMS-VCPHCS-I-MemphisV5
202608262209459424,202608261955300674,202608261955298282,85,4061,Bronze INV,br_ReAssessmentPhysicalHealth,TASK_COMPLETE,SUCCESS,INFO,1630,1630,0,,2026-08-26T19:55:35.047Z,2026-08-26T22:11:39.517Z,8164,2026-08-26T22:11:39.517Z,V10,Longmont,20846baf-2fe5-403c-85d4-31520e88a3ce,SAMMS-BoulderV5
202608262209459425,202608261955300675,202608261955298282,85,4062,Bronze INV,br_ReAssessmentPhysicalHealth,TASK_COMPLETE,SUCCESS,INFO,1517,1517,0,,2026-08-26T19:55:35.047Z,2026-08-26T22:11:39.517Z,8164,2026-08-26T22:11:39.517Z,V10A,Fort Collins,20846baf-2fe5-403c-85d4-31520e88a3ce,SAMMS-FortCollinsV5
202608262209459427,202608261955300676,202608261955298282,85,4063,Bronze INV,br_ReAssessmentPhysicalHealth,TASK_COMPLETE,SUCCESS,INFO,2876,2876,0,,2026-08-26T19:55:35.047Z,2026-08-26T22:11:39.517Z,8164,2026-08-26T22:11:39.517Z,V11,Westminster,20846baf-2fe5-403c-85d4-31520e88a3ce,SAMMS-VCPHCS-XI-NorthDenverV5
202608262209459428,202608261955300677,202608261955298282,85,4064,Bronze INV,br_ReAssessmentPhysicalHealth,TASK_COMPLETE,SUCCESS,INFO,3046,3046,0,,2026-08-26T19:55:35.047Z,2026-08-26T22:11:39.517Z,8164,2026-08-26T22:11:39.517Z,V12,Downtown Denver,20846baf-2fe5-403c-85d4-31520e88a3ce,SAMMS-VCPHCS-XII-DowntownDenverV5
202608232214225757,202608232010370220,202608232010368283,85,3882,Bronze INV,br_ReAssessmentOccupational,TASK_COMPLETE,SUCCESS,INFO,295,295,0,,2026-08-23T20:10:41.468Z,2026-08-23T22:16:21.732Z,7540,2026-08-23T22:16:21.732Z,V14,Overland Park,955211d4-28b8-44a0-8023-2bfaa48d6721,SAMMS-VCPHCS-XIV-BridgewayV5
202608232214225759,202608232010370221,202608232010368283,85,3883,Bronze INV,br_ReAssessmentOccupational,TASK_COMPLETE,SUCCESS,INFO,609,609,0,,2026-08-23T20:10:41.468Z,2026-08-23T22:16:21.732Z,7540,2026-08-23T22:16:21.732Z,V15,Joplin,955211d4-28b8-44a0-8023-2bfaa48d6721,SAMMS-JoplinV5
202608232214225760,202608232010370222,202608232010368283,85,3885,Bronze INV,br_ReAssessmentOccupational,TASK_COMPLETE,SUCCESS,INFO,904,904,0,,2026-08-23T20:10:41.468Z,2026-08-23T22:16:21.732Z,7540,2026-08-23T22:16:21.732Z,V17,Columbia TN,955211d4-28b8-44a0-8023-2bfaa48d6721,SAMMS-ColumbiaTNv5
202608232214225761,202608232010370223,202608232010368283,85,3887,Bronze INV,br_ReAssessmentOccupational,TASK_COMPLETE,SUCCESS,INFO,533,533,0,,2026-08-23T20:10:41.468Z,2026-08-23T22:16:21.732Z,7540,2026-08-23T22:16:21.732Z,V19,Jackson,955211d4-28b8-44a0-8023-2bfaa48d6721,SAMMS-JacksonV5
202608232214225762,202608232010370224,202608232010368283,85,3889,Bronze INV,br_ReAssessmentOccupational,TASK_COMPLETE,SUCCESS,INFO,1766,1766,0,,2026-08-23T20:10:41.468Z,2026-08-23T22:16:21.732Z,7540,2026-08-23T22:16:21.732Z,V20,Paris,955211d4-28b8-44a0-8023-2bfaa48d6721,SAMMS-ParisV5
202608232214225763,202608232010370225,202608232010368283,85,3890,Bronze INV,br_ReAssessmentOccupational,TASK_COMPLETE,SUCCESS,INFO,723,723,0,,2026-08-23T20:10:41.468Z,2026-08-23T22:16:21.732Z,7540,2026-08-23T22:16:21.732Z,V21,Memphis North,955211d4-28b8-44a0-8023-2bfaa48d6721,SAMMS-RaleighV5
202608232214225764,202608232010370226,202608232010368283,85,3893,Bronze INV,br_ReAssessmentOccupational,TASK_COMPLETE,SUCCESS,INFO,1778,1778,0,,2026-08-23T20:10:41.468Z,2026-08-23T22:16:21.732Z,7540,2026-08-23T22:16:21.732Z,V5,West Bank,955211d4-28b8-44a0-8023-2bfaa48d6721,SAMMS-NONTCv5
202608232214225766,202608232010370227,202608232010368283,85,3895,Bronze INV,br_ReAssessmentOccupational,TASK_COMPLETE,SUCCESS,INFO,144,144,0,,2026-08-23T20:10:41.468Z,2026-08-23T22:16:21.732Z,7540,2026-08-23T22:16:21.732Z,V5B,Houma,955211d4-28b8-44a0-8023-2bfaa48d6721,SAMMS-HoumaV6
202608232214225767,202608232010370228,202608232010368283,85,3896,Bronze INV,br_ReAssessmentOccupational,TASK_COMPLETE,SUCCESS,INFO,1907,1907,0,,2026-08-23T20:10:41.468Z,2026-08-23T22:16:21.732Z,7540,2026-08-23T22:16:21.732Z,V6,Lake Charles,955211d4-28b8-44a0-8023-2bfaa48d6721,SAMMS-LCv5
202608232214225768,202608232010370229,202608232010368283,85,3898,Bronze INV,br_ReAssessmentOccupational,TASK_COMPLETE,SUCCESS,INFO,741,741,0,,2026-08-23T20:10:41.468Z,2026-08-23T22:16:21.732Z,7540,2026-08-23T22:16:21.732Z,V8,Memphis Midtown,955211d4-28b8-44a0-8023-2bfaa48d6721,SAMMS-VCPHCS-VIII-MemphisV5
202608232214225769,202608232010370230,202608232010368283,85,3899,Bronze INV,br_ReAssessmentOccupational,TASK_COMPLETE,SUCCESS,INFO,1761,1761,0,,2026-08-23T20:10:41.468Z,2026-08-23T22:16:21.732Z,7540,2026-08-23T22:16:21.732Z,V9,Nashville,955211d4-28b8-44a0-8023-2bfaa48d6721,SAMMS-NashvilleV5
202608232214225770,202608232010370231,202608232010368283,85,3900,Bronze INV,br_ReAssessmentOccupational,TASK_COMPLETE,SUCCESS,INFO,837,837,0,,2026-08-23T20:10:41.468Z,2026-08-23T22:16:21.732Z,7540,2026-08-23T22:16:21.732Z,VBRA,Brainerd,955211d4-28b8-44a0-8023-2bfaa48d6721,SAMMS-BrainerdV6
202608232214225771,202608232010370232,202608232010368283,85,3901,Bronze INV,br_ReAssessmentOccupational,TASK_COMPLETE,SUCCESS,INFO,1955,1955,0,,2026-08-23T20:10:41.468Z,2026-08-23T22:16:21.732Z,7540,2026-08-23T22:16:21.732Z,VBRP,Brooklyn Park,955211d4-28b8-44a0-8023-2bfaa48d6721,SAMMS-BrooklynParkV6
202608232214225773,202608232010370233,202608232010368283,85,3903,Bronze INV,br_ReAssessmentOccupational,TASK_COMPLETE,SUCCESS,INFO,742,742,0,,2026-08-23T20:10:41.468Z,2026-08-23T22:16:21.732Z,7540,2026-08-23T22:16:21.732Z,VMIN,Minneapolis,955211d4-28b8-44a0-8023-2bfaa48d6721,SAMMS-MinneapolisV6
202608232214225774,202608232010370234,202608232010368283,85,3904,Bronze INV,br_ReAssessmentOccupational,TASK_COMPLETE,SUCCESS,INFO,881,881,0,,2026-08-23T20:10:41.468Z,2026-08-23T22:16:21.732Z,7540,2026-08-23T22:16:21.732Z,VWBY,Woodbury,955211d4-28b8-44a0-8023-2bfaa48d6721,SAMMS-WoodburyV6
202608232214225775,202608232010370235,202608232010368283,85,3906,Bronze INV,br_ReAssessmentOccupational,TASK_COMPLETE,SUCCESS,INFO,161,161,0,,2026-08-23T20:10:41.468Z,2026-08-23T22:16:21.732Z,7540,2026-08-23T22:16:21.732Z,WIL,Wilson,955211d4-28b8-44a0-8023-2bfaa48d6721,SAMMS-Wilson
202608232214225876,202608232010468296,202608232010468283,86,5732,Silver INV,sl_ReAssessmentOccupational,TASK_COMPLETE,SUCCESS,INFO,78554,78554,0,,2026-08-23T20:10:41.468Z,2026-08-23T22:16:21.732Z,7540,2026-08-23T22:16:21.732Z,,,955211d4-28b8-44a0-8023-2bfaa48d6721,
202608232214225807,202608232010370581,202608232010368283,85,3910,Bronze INV,br_ReAssessmentPhysicalHealth,TASK_COMPLETE,SUCCESS,INFO,35,35,0,,2026-08-23T20:10:41.468Z,2026-08-23T22:16:21.732Z,7540,2026-08-23T22:16:21.732Z,AHK,Ahoskie,955211d4-28b8-44a0-8023-2bfaa48d6721,SAMMS-Ahoskie
202608232214225808,202608232010370582,202608232010368283,85,3911,Bronze INV,br_ReAssessmentPhysicalHealth,TASK_COMPLETE,SUCCESS,INFO,662,662,0,,2026-08-23T20:10:41.468Z,2026-08-23T22:16:21.732Z,7540,2026-08-23T22:16:21.732Z,B12B,Colorado Springs,955211d4-28b8-44a0-8023-2bfaa48d6721,SAMMS-ColoradoSpringsV5
202608232214225809,202608232010370583,202608232010368283,85,3912,Bronze INV,br_ReAssessmentPhysicalHealth,TASK_COMPLETE,SUCCESS,INFO,835,835,0,,2026-08-23T20:10:41.468Z,2026-08-23T22:16:21.732Z,7540,2026-08-23T22:16:21.732Z,B24,Paintsville,955211d4-28b8-44a0-8023-2bfaa48d6721,SAMMS-PaintsvilleV5
202608232214225810,202608232010370584,202608232010368283,85,3913,Bronze INV,br_ReAssessmentPhysicalHealth,TASK_COMPLETE,SUCCESS,INFO,646,646,0,,2026-08-23T20:10:41.468Z,2026-08-23T22:16:21.732Z,7540,2026-08-23T22:16:21.732Z,B25,Pikeville,955211d4-28b8-44a0-8023-2bfaa48d6721,SAMMS-PikevilleV5
202608232214225811,202608232010370585,202608232010368283,85,3914,Bronze INV,br_ReAssessmentPhysicalHealth,TASK_COMPLETE,SUCCESS,INFO,970,970,0,,2026-08-23T20:10:41.468Z,2026-08-23T22:16:21.732Z,7540,2026-08-23T22:16:21.732Z,B26,Hazard,955211d4-28b8-44a0-8023-2bfaa48d6721,SAMMS-HazardV5
202608232214225812,202608232010370586,202608232010368283,85,3915,Bronze INV,br_ReAssessmentPhysicalHealth,TASK_COMPLETE,SUCCESS,INFO,532,532,0,,2026-08-23T20:10:41.468Z,2026-08-23T22:16:21.732Z,7540,2026-08-23T22:16:21.732Z,B27,Savannah,955211d4-28b8-44a0-8023-2bfaa48d6721,SAMMS-SavannahV6
202608232214225814,202608232010370587,202608232010368283,85,3916,Bronze INV,br_ReAssessmentPhysicalHealth,TASK_COMPLETE,SUCCESS,INFO,246,246,0,,2026-08-23T20:10:41.468Z,2026-08-23T22:16:21.732Z,7540,2026-08-23T22:16:21.732Z,B28,West Plains,955211d4-28b8-44a0-8023-2bfaa48d6721,SAMMS-WestPlainesV5
202608232214225815,202608232010370588,202608232010368283,85,3917,Bronze INV,br_ReAssessmentPhysicalHealth,TASK_COMPLETE,SUCCESS,INFO,461,461,0,,2026-08-23T20:10:41.468Z,2026-08-23T22:16:21.732Z,7540,2026-08-23T22:16:21.732Z,B29,Poplar Bluff,955211d4-28b8-44a0-8023-2bfaa48d6721,SAMMS-PoplarBluffV5
202608232214225816,202608232010370589,202608232010368283,85,3918,Bronze INV,br_ReAssessmentPhysicalHealth,TASK_COMPLETE,SUCCESS,INFO,80,80,0,,2026-08-23T20:10:41.468Z,2026-08-23T22:16:21.732Z,7540,2026-08-23T22:16:21.732Z,B30,KC North,955211d4-28b8-44a0-8023-2bfaa48d6721,SAMMS-KCNv5
202608232214225817,202608232010370590,202608232010368283,85,3919,Bronze INV,br_ReAssessmentPhysicalHealth,TASK_COMPLETE,SUCCESS,INFO,400,400,0,,2026-08-23T20:10:41.468Z,2026-08-23T22:16:21.732Z,7540,2026-08-23T22:16:21.732Z,B31,Dyersburg,955211d4-28b8-44a0-8023-2bfaa48d6721,SAMMS-DyersburgV5
202608232214225818,202608232010370591,202608232010368283,85,3921,Bronze INV,br_ReAssessmentPhysicalHealth,TASK_COMPLETE,SUCCESS,INFO,488,488,0,,2026-08-23T20:10:41.468Z,2026-08-23T22:16:21.732Z,7540,2026-08-23T22:16:21.732Z,B33,Paducah,955211d4-28b8-44a0-8023-2bfaa48d6721,SAMMS-Paducah
202608232214225819,202608232010370592,202608232010368283,85,3922,Bronze INV,br_ReAssessmentPhysicalHealth,TASK_COMPLETE,SUCCESS,INFO,386,386,0,,2026-08-23T20:10:41.468Z,2026-08-23T22:16:21.732Z,7540,2026-08-23T22:16:21.732Z,B34,Corbin,955211d4-28b8-44a0-8023-2bfaa48d6721,SAMMS-CorbinV5
202608232214225821,202608232010370593,202608232010368283,85,3923,Bronze INV,br_ReAssessmentPhysicalHealth,TASK_COMPLETE,SUCCESS,INFO,243,243,0,,2026-08-23T20:10:41.468Z,2026-08-23T22:16:21.732Z,7540,2026-08-23T22:16:21.732Z,B35,Lexington,955211d4-28b8-44a0-8023-2bfaa48d6721,SAMMS-LexingtonV5
202608232214225822,202608232010370594,202608232010368283,85,3924,Bronze INV,br_ReAssessmentPhysicalHealth,TASK_COMPLETE,SUCCESS,INFO,77,77,0,,2026-08-23T20:10:41.468Z,2026-08-23T22:16:21.732Z,7540,2026-08-23T22:16:21.732Z,B35A,Berea,955211d4-28b8-44a0-8023-2bfaa48d6721,SAMMS-BereaV5
202608232214225823,202608232010370595,202608232010368283,85,3925,Bronze INV,br_ReAssessmentPhysicalHealth,TASK_COMPLETE,SUCCESS,INFO,22,22,0,,2026-08-23T20:10:41.468Z,2026-08-23T22:16:21.732Z,7540,2026-08-23T22:16:21.732Z,B36,Asheville,955211d4-28b8-44a0-8023-2bfaa48d6721,SAMMS-AshevilleV5
202608232214225824,202608232010370596,202608232010368283,85,3926,Bronze INV,br_ReAssessmentPhysicalHealth,TASK_COMPLETE,SUCCESS,INFO,1,1,0,,2026-08-23T20:10:41.468Z,2026-08-23T22:16:21.732Z,7540,2026-08-23T22:16:21.732Z,B37,Clyde,955211d4-28b8-44a0-8023-2bfaa48d6721,SAMMS-ClydeV5
202608232214225825,202608232010370597,202608232010368283,85,3927,Bronze INV,br_ReAssessmentPhysicalHealth,TASK_COMPLETE,SUCCESS,INFO,1189,1189,0,,2026-08-23T20:10:41.468Z,2026-08-23T22:16:21.732Z,7540,2026-08-23T22:16:21.732Z,B38,Spartanburg,955211d4-28b8-44a0-8023-2bfaa48d6721,SAMMS-SpartanburgV5
202608232214225826,202608232010370598,202608232010368283,85,3928,Bronze INV,br_ReAssessmentPhysicalHealth,TASK_COMPLETE,SUCCESS,INFO,362,362,0,,2026-08-23T20:10:41.468Z,2026-08-23T22:16:21.732Z,7540,2026-08-23T22:16:21.732Z,B39,Aiken,955211d4-28b8-44a0-8023-2bfaa48d6721,SAMMS-AikenV5
202608232214225828,202608232010370599,202608232010368283,85,3929,Bronze INV,br_ReAssessmentPhysicalHealth,TASK_COMPLETE,SUCCESS,INFO,1894,1894,0,,2026-08-23T20:10:41.468Z,2026-08-23T22:16:21.732Z,7540,2026-08-23T22:16:21.732Z,B41,Chesapeake,955211d4-28b8-44a0-8023-2bfaa48d6721,SAMMS-ChesapeakeV5
202608232214225829,202608232010370600,202608232010368283,85,3930,Bronze INV,br_ReAssessmentPhysicalHealth,TASK_COMPLETE,SUCCESS,INFO,1922,1922,0,,2026-08-23T20:10:41.468Z,2026-08-23T22:16:21.732Z,7540,2026-08-23T22:16:21.732Z,B42,Virginia Beach,955211d4-28b8-44a0-8023-2bfaa48d6721,SAMMS-VirginiaBeachV5
202608232214225830,202608232010370601,202608232010368283,85,3931,Bronze INV,br_ReAssessmentPhysicalHealth,TASK_COMPLETE,SUCCESS,INFO,936,936,0,,2026-08-23T20:10:41.468Z,2026-08-23T22:16:21.732Z,7540,2026-08-23T22:16:21.732Z,B42A,Newport News,955211d4-28b8-44a0-8023-2bfaa48d6721,SAMMS-NewportNewsV5
202608232214225831,202608232010370602,202608232010368283,85,3932,Bronze INV,br_ReAssessmentPhysicalHealth,TASK_COMPLETE,SUCCESS,INFO,508,508,0,,2026-08-23T20:10:41.468Z,2026-08-23T22:16:21.732Z,7540,2026-08-23T22:16:21.732Z,B42B,Franklin,955211d4-28b8-44a0-8023-2bfaa48d6721,SAMMS-FranklinV5
202608232214225832,202608232010370603,202608232010368283,85,3933,Bronze INV,br_ReAssessmentPhysicalHealth,TASK_COMPLETE,SUCCESS,INFO,346,346,0,,2026-08-23T20:10:41.468Z,2026-08-23T22:16:21.732Z,7540,2026-08-23T22:16:21.732Z,B42C,Glen Allen,955211d4-28b8-44a0-8023-2bfaa48d6721,SAMMS-GlenAllenV5
202608232214225833,202608232010370604,202608232010368283,85,3934,Bronze INV,br_ReAssessmentPhysicalHealth,TASK_COMPLETE,SUCCESS,INFO,1487,1487,0,,2026-08-23T20:10:41.468Z,2026-08-23T22:16:21.732Z,7540,2026-08-23T22:16:21.732Z,B42D,Chesapeake South,955211d4-28b8-44a0-8023-2bfaa48d6721,SAMMS-ChesapeakeSouthV5
202608232214225835,202608232010370605,202608232010368283,85,3935,Bronze INV,br_ReAssessmentPhysicalHealth,TASK_COMPLETE,SUCCESS,INFO,632,632,0,,2026-08-23T20:10:41.468Z,2026-08-23T22:16:21.732Z,7540,2026-08-23T22:16:21.732Z,B44,Albany,955211d4-28b8-44a0-8023-2bfaa48d6721,SAMMS-AlbanyV5
202608232214225836,202608232010370606,202608232010368283,85,3936,Bronze INV,br_ReAssessmentPhysicalHealth,TASK_COMPLETE,SUCCESS,INFO,1273,1273,0,,2026-08-23T20:10:41.468Z,2026-08-23T22:16:21.732Z,7540,2026-08-23T22:16:21.732Z,B45,Tifton,955211d4-28b8-44a0-8023-2bfaa48d6721,SAMMS-TiftonV5
202608232214225837,202608232010370607,202608232010368283,85,3937,Bronze INV,br_ReAssessmentPhysicalHealth,TASK_COMPLETE,SUCCESS,INFO,591,591,0,,2026-08-23T20:10:41.468Z,2026-08-23T22:16:21.732Z,7540,2026-08-23T22:16:21.732Z,B46,Washington DC,955211d4-28b8-44a0-8023-2bfaa48d6721,SAMMS-WashingtonDCv5
202608232214225838,202608232010370608,202608232010368283,85,3938,Bronze INV,br_ReAssessmentPhysicalHealth,TASK_COMPLETE,SUCCESS,INFO,1575,1575,0,,2026-08-23T20:10:41.468Z,2026-08-23T22:16:21.732Z,7540,2026-08-23T22:16:21.732Z,B47,Mobile,955211d4-28b8-44a0-8023-2bfaa48d6721,SAMMS-MobileV5
202608232214225839,202608232010370609,202608232010368283,85,3939,Bronze INV,br_ReAssessmentPhysicalHealth,TASK_COMPLETE,SUCCESS,INFO,1301,1301,0,,2026-08-23T20:10:41.468Z,2026-08-23T22:16:21.732Z,7540,2026-08-23T22:16:21.732Z,B48,Tuscaloosa,955211d4-28b8-44a0-8023-2bfaa48d6721,SAMMS-TuscaloosaV5
202608232214225840,202608232010370610,202608232010368283,85,3948,Bronze INV,br_ReAssessmentPhysicalHealth,TASK_COMPLETE,SUCCESS,INFO,3,3,0,,2026-08-23T20:10:41.468Z,2026-08-23T22:16:21.732Z,7540,2026-08-23T22:16:21.732Z,B51,N. Little Rock (OTP),955211d4-28b8-44a0-8023-2bfaa48d6721,SAMMS-NorthLittleRockV6
202608232214225842,202608232010370611,202608232010368283,85,3949,Bronze INV,br_ReAssessmentPhysicalHealth,TASK_COMPLETE,SUCCESS,INFO,460,460,0,,2026-08-23T20:10:41.468Z,2026-08-23T22:16:21.732Z,7540,2026-08-23T22:16:21.732Z,B52,Jackson GA,955211d4-28b8-44a0-8023-2bfaa48d6721,SAMMS-JacksonGAV5
202608232214225843,202608232010370612,202608232010368283,85,3950,Bronze INV,br_ReAssessmentPhysicalHealth,TASK_COMPLETE,SUCCESS,INFO,1704,1704,0,,2026-08-23T20:10:41.468Z,2026-08-23T22:16:21.732Z,7540,2026-08-23T22:16:21.732Z,B54,Gadsden,955211d4-28b8-44a0-8023-2bfaa48d6721,SAMMS-GadsdenV5
202608232214225844,202608232010370613,202608232010368283,85,3951,Bronze INV,br_ReAssessmentPhysicalHealth,TASK_COMPLETE,SUCCESS,INFO,956,956,0,,2026-08-23T20:10:41.468Z,2026-08-23T22:16:21.732Z,7540,2026-08-23T22:16:21.732Z,B55,Shoals,955211d4-28b8-44a0-8023-2bfaa48d6721,SAMMS-ShoalsV5
202608232214225845,202608232010370614,202608232010368283,85,3952,Bronze INV,br_ReAssessmentPhysicalHealth,TASK_COMPLETE,SUCCESS,INFO,294,294,0,,2026-08-23T20:10:41.468Z,2026-08-23T22:16:21.732Z,7540,2026-08-23T22:16:21.732Z,B57,Pawtucket,955211d4-28b8-44a0-8023-2bfaa48d6721,SAMMS-Pawtucket
202608232214225846,202608232010370615,202608232010368283,85,3953,Bronze INV,br_ReAssessmentPhysicalHealth,TASK_COMPLETE,SUCCESS,INFO,555,555,0,,2026-08-23T20:10:41.468Z,2026-08-23T22:16:21.732Z,7540,2026-08-23T22:16:21.732Z,B57A,Johnston,955211d4-28b8-44a0-8023-2bfaa48d6721,SAMMS-Johnston
202608232214225847,202608232010370616,202608232010368283,85,3954,Bronze INV,br_ReAssessmentPhysicalHealth,TASK_COMPLETE,SUCCESS,INFO,166,166,0,,2026-08-23T20:10:41.468Z,2026-08-23T22:16:21.732Z,7540,2026-08-23T22:16:21.732Z,B57B,Middletown,955211d4-28b8-44a0-8023-2bfaa48d6721,SAMMS-Middletown
202608232214225849,202608232010370617,202608232010368283,85,3955,Bronze INV,br_ReAssessmentPhysicalHealth,TASK_COMPLETE,SUCCESS,INFO,414,414,0,,2026-08-23T20:10:41.468Z,2026-08-23T22:16:21.732Z,7540,2026-08-23T22:16:21.732Z,B57C,Providence,955211d4-28b8-44a0-8023-2bfaa48d6721,SAMMS-Providence
202608232214225850,202608232010370618,202608232010368283,85,3956,Bronze INV,br_ReAssessmentPhysicalHealth,TASK_COMPLETE,SUCCESS,INFO,631,631,0,,2026-08-23T20:10:41.468Z,2026-08-23T22:16:21.732Z,7540,2026-08-23T22:16:21.732Z,B57D,Westerly,955211d4-28b8-44a0-8023-2bfaa48d6721,SAMMS-Westerly
202608232214225851,202608232010370619,202608232010368283,85,3960,Bronze INV,br_ReAssessmentPhysicalHealth,TASK_COMPLETE,SUCCESS,INFO,4,4,0,,2026-08-23T20:10:41.468Z,2026-08-23T22:16:21.732Z,7540,2026-08-23T22:16:21.732Z,B66A,Bremen,955211d4-28b8-44a0-8023-2bfaa48d6721,SAMMS-Bremen
202608232214225852,202608232010370620,202608232010368283,85,3963,Bronze INV,br_ReAssessmentPhysicalHealth,TASK_COMPLETE,SUCCESS,INFO,0,0,0,,2026-08-23T20:10:41.468Z,2026-08-23T22:16:21.732Z,7540,2026-08-23T22:16:21.732Z,B72,Mobile (OBOT),955211d4-28b8-44a0-8023-2bfaa48d6721,SAMMS-Mobile-OBOT
202608232214225853,202608232010370621,202608232010368283,85,3964,Bronze INV,br_ReAssessmentPhysicalHealth,TASK_COMPLETE,SUCCESS,INFO,0,0,0,,2026-08-23T20:10:41.468Z,2026-08-23T22:16:21.732Z,7540,2026-08-23T22:16:21.732Z,B73,Montgomery,955211d4-28b8-44a0-8023-2bfaa48d6721,SAMMS-Montgomery
202608232214225854,202608232010370622,202608232010368283,85,3965,Bronze INV,br_ReAssessmentPhysicalHealth,TASK_COMPLETE,SUCCESS,INFO,517,517,0,,2026-08-23T20:10:41.468Z,2026-08-23T22:16:21.732Z,7540,2026-08-23T22:16:21.732Z,B75,Lawrence,955211d4-28b8-44a0-8023-2bfaa48d6721,SAMMS-LawrenceV6
202608232214225855,202608232010370623,202608232010368283,85,3966,Bronze INV,br_ReAssessmentPhysicalHealth,TASK_COMPLETE,SUCCESS,INFO,0,0,0,,2026-08-23T20:10:41.468Z,2026-08-23T22:16:21.732Z,7540,2026-08-23T22:16:21.732Z,B76,Huntsville OBOT,955211d4-28b8-44a0-8023-2bfaa48d6721,SAMMS-Huntsville-OBOT
202608232214225857,202608232010370624,202608232010368283,85,3967,Bronze INV,br_ReAssessmentPhysicalHealth,TASK_COMPLETE,SUCCESS,INFO,0,0,0,,2026-08-23T20:10:41.468Z,2026-08-23T22:16:21.732Z,7540,2026-08-23T22:16:21.732Z,BAT,Batesville,955211d4-28b8-44a0-8023-2bfaa48d6721,SAMMS-Batesville
202608232214225858,202608232010370625,202608232010368283,85,3968,Bronze INV,br_ReAssessmentPhysicalHealth,TASK_COMPLETE,SUCCESS,INFO,461,461,0,,2026-08-23T20:10:41.468Z,2026-08-23T22:16:21.732Z,7540,2026-08-23T22:16:21.732Z,BG,Bowling Green,955211d4-28b8-44a0-8023-2bfaa48d6721,SAMMS-BowlingGreen
202608232214225859,202608232010370626,202608232010368283,85,3969,Bronze INV,br_ReAssessmentPhysicalHealth,TASK_COMPLETE,SUCCESS,INFO,179,179,0,,2026-08-23T20:10:41.468Z,2026-08-23T22:16:21.732Z,7540,2026-08-23T22:16:21.732Z,BOI,Boise,955211d4-28b8-44a0-8023-2bfaa48d6721,SAMMS-Boise
202608232214225860,202608232010370627,202608232010368283,85,3976,Bronze INV,br_ReAssessmentPhysicalHealth,TASK_COMPLETE,SUCCESS,INFO,51,51,0,,2026-08-23T20:10:41.468Z,2026-08-23T22:16:21.732Z,7540,2026-08-23T22:16:21.732Z,CBCO,Coeur dAlene,955211d4-28b8-44a0-8023-2bfaa48d6721,SAMMS-CoeurdAleneV6
202608232214225861,202608232010370628,202608232010368283,85,3995,Bronze INV,br_ReAssessmentPhysicalHealth,TASK_COMPLETE,SUCCESS,INFO,0,0,0,,2026-08-23T20:10:41.468Z,2026-08-23T22:16:21.732Z,7540,2026-08-23T22:16:21.732Z,CON,Conway,955211d4-28b8-44a0-8023-2bfaa48d6721,SAMMS-Conway
202608232214225862,202608232010370629,202608232010368283,85,3996,Bronze INV,br_ReAssessmentPhysicalHealth,TASK_COMPLETE,SUCCESS,INFO,2590,2590,0,,2026-08-23T20:10:41.468Z,2026-08-23T22:16:21.732Z,7540,2026-08-23T22:16:21.732Z,D07,Medical Services Knox TN,955211d4-28b8-44a0-8023-2bfaa48d6721,SAMMS-KnoxvilleV6
202608232214225864,202608232010370630,202608232010368283,85,3997,Bronze INV,br_ReAssessmentPhysicalHealth,TASK_COMPLETE,SUCCESS,INFO,116,116,0,,2026-08-23T20:10:41.468Z,2026-08-23T22:16:21.732Z,7540,2026-08-23T22:16:21.732Z,D08,Madison,955211d4-28b8-44a0-8023-2bfaa48d6721,SAMMS-MadisonV6
202608232214225865,202608232010370631,202608232010368283,85,3999,Bronze INV,br_ReAssessmentPhysicalHealth,TASK_COMPLETE,SUCCESS,INFO,123,123,0,,2026-08-23T20:10:41.468Z,2026-08-23T22:16:21.732Z,7540,2026-08-23T22:16:21.732Z,D09,Murfreesboro,955211d4-28b8-44a0-8023-2bfaa48d6721,SAMMS-MurfreesboroV6
202608232214225866,202608232010370632,202608232010368283,85,4000,Bronze INV,br_ReAssessmentPhysicalHealth,TASK_COMPLETE,SUCCESS,INFO,337,337,0,,2026-08-23T20:10:41.468Z,2026-08-23T22:16:21.732Z,7540,2026-08-23T22:16:21.732Z,DA,Davenport,955211d4-28b8-44a0-8023-2bfaa48d6721,SAMMS-Davenport
202608232214225867,202608232010370633,202608232010368283,85,4001,Bronze INV,br_ReAssessmentPhysicalHealth,TASK_COMPLETE,SUCCESS,INFO,292,292,0,,2026-08-23T20:10:41.468Z,2026-08-23T22:16:21.732Z,7540,2026-08-23T22:16:21.732Z,DM,Des Moines,955211d4-28b8-44a0-8023-2bfaa48d6721,SAMMS-DesMoines
202608232214225868,202608232010370634,202608232010368283,85,4003,Bronze INV,br_ReAssessmentPhysicalHealth,TASK_COMPLETE,SUCCESS,INFO,530,530,0,,2026-08-23T20:10:41.468Z,2026-08-23T22:16:21.732Z,7540,2026-08-23T22:16:21.732Z,DRD-CO,Columbia MO,955211d4-28b8-44a0-8023-2bfaa48d6721,SAMMS-ColumbiaV5
202608232214225869,202608232010370635,202608232010368283,85,4004,Bronze INV,br_ReAssessmentPhysicalHealth,TASK_COMPLETE,SUCCESS,INFO,347,347,0,,2026-08-23T20:10:41.468Z,2026-08-23T22:16:21.732Z,7540,2026-08-23T22:16:21.732Z,DRD-KC,KC,955211d4-28b8-44a0-8023-2bfaa48d6721,SAMMS-KCv5
202608232214225871,202608232010370636,202608232010368283,85,4005,Bronze INV,br_ReAssessmentPhysicalHealth,TASK_COMPLETE,SUCCESS,INFO,1556,1556,0,,2026-08-23T20:10:41.468Z,2026-08-23T22:16:21.732Z,7540,2026-08-23T22:16:21.732Z,DRD-KVB,KVB,955211d4-28b8-44a0-8023-2bfaa48d6721,SAMMS-KVBv5
202608232214225872,202608232010370637,202608232010368283,85,4006,Bronze INV,br_ReAssessmentPhysicalHealth,TASK_COMPLETE,SUCCESS,INFO,1676,1676,0,,2026-08-23T20:10:41.468Z,2026-08-23T22:16:21.732Z,7540,2026-08-23T22:16:21.732Z,DRD-KVC,KVC,955211d4-28b8-44a0-8023-2bfaa48d6721,SAMMS-KVCv5
202608232214225873,202608232010370638,202608232010368283,85,4007,Bronze INV,br_ReAssessmentPhysicalHealth,TASK_COMPLETE,SUCCESS,INFO,3205,3205,0,,2026-08-23T20:10:41.468Z,2026-08-23T22:16:21.732Z,7540,2026-08-23T22:16:21.732Z,DRD-NOLA,NOLA,955211d4-28b8-44a0-8023-2bfaa48d6721,SAMMS-NOLAv5
202608232214225874,202608232010370639,202608232010368283,85,4008,Bronze INV,br_ReAssessmentPhysicalHealth,TASK_COMPLETE,SUCCESS,INFO,802,802,0,,2026-08-23T20:10:41.468Z,2026-08-23T22:16:21.732Z,7540,2026-08-23T22:16:21.732Z,DRD-SF,Springfield,955211d4-28b8-44a0-8023-2bfaa48d6721,SAMMS-SFv5
202608232214225875,202608232010370640,202608232010368283,85,4010,Bronze INV,br_ReAssessmentPhysicalHealth,TASK_COMPLETE,SUCCESS,INFO,261,261,0,,2026-08-23T20:10:41.468Z,2026-08-23T22:16:21.732Z,7540,2026-08-23T22:16:21.732Z,ELC,Elizabeth City,955211d4-28b8-44a0-8023-2bfaa48d6721,SAMMS-ElizabethCity
202608232214225876,202608232010370641,202608232010368283,85,4011,Bronze INV,br_ReAssessmentPhysicalHealth,TASK_COMPLETE,SUCCESS,INFO,128,128,0,,2026-08-23T20:10:41.468Z,2026-08-23T22:16:21.732Z,7540,2026-08-23T22:16:21.732Z,ET,Elizabethtown,955211d4-28b8-44a0-8023-2bfaa48d6721,SAMMS-Elizabethtown
202608232214225878,202608232010370642,202608232010368283,85,4012,Bronze INV,br_ReAssessmentPhysicalHealth,TASK_COMPLETE,SUCCESS,INFO,0,0,0,,2026-08-23T20:10:41.468Z,2026-08-23T22:16:21.732Z,7540,2026-08-23T22:16:21.732Z,FAY,Fayetteville,955211d4-28b8-44a0-8023-2bfaa48d6721,SAMMS-Fayetteville
202608232214225879,202608232010370643,202608232010368283,85,4013,Bronze INV,br_ReAssessmentPhysicalHealth,TASK_COMPLETE,SUCCESS,INFO,156,156,0,,2026-08-23T20:10:41.468Z,2026-08-23T22:16:21.732Z,7540,2026-08-23T22:16:21.732Z,FR,Frankfort,955211d4-28b8-44a0-8023-2bfaa48d6721,SAMMS-Frankfort
202608232214225880,202608232010370644,202608232010368283,85,4014,Bronze INV,br_ReAssessmentPhysicalHealth,TASK_COMPLETE,SUCCESS,INFO,0,0,0,,2026-08-23T20:10:41.468Z,2026-08-23T22:16:21.732Z,7540,2026-08-23T22:16:21.732Z,FS,Fort Smith,955211d4-28b8-44a0-8023-2bfaa48d6721,SAMMS-FortSmith
202608232214225881,202608232010370645,202608232010368283,85,4015,Bronze INV,br_ReAssessmentPhysicalHealth,TASK_COMPLETE,SUCCESS,INFO,471,471,0,,2026-08-23T20:10:41.468Z,2026-08-23T22:16:21.732Z,7540,2026-08-23T22:16:21.732Z,FW,Fort Wayne,955211d4-28b8-44a0-8023-2bfaa48d6721,SAMMS-FortWayne
202608232214225882,202608232010370646,202608232010368283,85,4016,Bronze INV,br_ReAssessmentPhysicalHealth,TASK_COMPLETE,SUCCESS,INFO,276,276,0,,2026-08-23T20:10:41.468Z,2026-08-23T22:16:21.732Z,7540,2026-08-23T22:16:21.732Z,GAL,Gaylord,955211d4-28b8-44a0-8023-2bfaa48d6721,SAMMS-Gaylord
202608232214225883,202608232010370647,202608232010368283,85,4020,Bronze INV,br_ReAssessmentPhysicalHealth,TASK_COMPLETE,SUCCESS,INFO,100,100,0,,2026-08-23T20:10:41.468Z,2026-08-23T22:16:21.732Z,7540,2026-08-23T22:16:21.732Z,HGT,Hagerstown,955211d4-28b8-44a0-8023-2bfaa48d6721,SAMMS-Hagerstown
202608232214225885,202608232010370648,202608232010368283,85,4021,Bronze INV,br_ReAssessmentPhysicalHealth,TASK_COMPLETE,SUCCESS,INFO,1727,1727,0,,2026-08-23T20:10:41.468Z,2026-08-23T22:16:21.732Z,7540,2026-08-23T22:16:21.732Z,HNT,Huntsville,955211d4-28b8-44a0-8023-2bfaa48d6721,SAMMS-Huntsville
202608232214225886,202608232010370649,202608232010368283,85,4022,Bronze INV,br_ReAssessmentPhysicalHealth,TASK_COMPLETE,SUCCESS,INFO,0,0,0,,2026-08-23T20:10:41.468Z,2026-08-23T22:16:21.732Z,7540,2026-08-23T22:16:21.732Z,HS,Hot Springs,955211d4-28b8-44a0-8023-2bfaa48d6721,SAMMS-HotSprings
202608232214225887,202608232010370650,202608232010368283,85,4023,Bronze INV,br_ReAssessmentPhysicalHealth,TASK_COMPLETE,SUCCESS,INFO,0,0,0,,2026-08-23T20:10:41.468Z,2026-08-23T22:16:21.732Z,7540,2026-08-23T22:16:21.732Z,JON,Jonesboro,955211d4-28b8-44a0-8023-2bfaa48d6721,SAMMS-Jonesboro
202608232214225888,202608232010370651,202608232010368283,85,4025,Bronze INV,br_ReAssessmentPhysicalHealth,TASK_COMPLETE,SUCCESS,INFO,448,448,0,,2026-08-23T20:10:41.468Z,2026-08-23T22:16:21.732Z,7540,2026-08-23T22:16:21.732Z,LAN,Lansing,955211d4-28b8-44a0-8023-2bfaa48d6721,SAMMS-Lansing
202608232214225889,202608232010370652,202608232010368283,85,4026,Bronze INV,br_ReAssessmentPhysicalHealth,TASK_COMPLETE,SUCCESS,INFO,1290,1290,0,,2026-08-23T20:10:41.468Z,2026-08-23T22:16:21.732Z,7540,2026-08-23T22:16:21.732Z,LO,Louisville,955211d4-28b8-44a0-8023-2bfaa48d6721,SAMMS-Louisville
202608232214225890,202608232010370653,202608232010368283,85,4027,Bronze INV,br_ReAssessmentPhysicalHealth,TASK_COMPLETE,SUCCESS,INFO,292,292,0,,2026-08-23T20:10:41.468Z,2026-08-23T22:16:21.732Z,7540,2026-08-23T22:16:21.732Z,LV1,Cheyenne,955211d4-28b8-44a0-8023-2bfaa48d6721,SAMMS-Cheyenne
202608232214225892,202608232010370654,202608232010368283,85,4028,Bronze INV,br_ReAssessmentPhysicalHealth,TASK_COMPLETE,SUCCESS,INFO,205,205,0,,2026-08-23T20:10:41.468Z,2026-08-23T22:16:21.732Z,7540,2026-08-23T22:16:21.732Z,LV2,Desert Inn,955211d4-28b8-44a0-8023-2bfaa48d6721,SAMMS-DesertInn
202608232214225893,202608232010370655,202608232010368283,85,4029,Bronze INV,br_ReAssessmentPhysicalHealth,TASK_COMPLETE,SUCCESS,INFO,110,110,0,,2026-08-23T20:10:41.468Z,2026-08-23T22:16:21.732Z,7540,2026-08-23T22:16:21.732Z,LV3,McDaniel,955211d4-28b8-44a0-8023-2bfaa48d6721,SAMMS-McDaniel
202608232214225894,202608232010370656,202608232010368283,85,4032,Bronze INV,br_ReAssessmentPhysicalHealth,TASK_COMPLETE,SUCCESS,INFO,358,358,0,,2026-08-23T20:10:41.468Z,2026-08-23T22:16:21.732Z,7540,2026-08-23T22:16:21.732Z,MNRE,Monroe,955211d4-28b8-44a0-8023-2bfaa48d6721,SAMMS-Monroe
202608232214225895,202608232010370657,202608232010368283,85,4033,Bronze INV,br_ReAssessmentPhysicalHealth,TASK_COMPLETE,SUCCESS,INFO,1427,1427,0,,2026-08-23T20:10:41.468Z,2026-08-23T22:16:21.732Z,7540,2026-08-23T22:16:21.732Z,MP,Mt. Pleasant,955211d4-28b8-44a0-8023-2bfaa48d6721,SAMMS-MtPleasant
202608232214225896,202608232010370658,202608232010368283,85,4034,Bronze INV,br_ReAssessmentPhysicalHealth,TASK_COMPLETE,SUCCESS,INFO,153,153,0,,2026-08-23T20:10:41.468Z,2026-08-23T22:16:21.732Z,7540,2026-08-23T22:16:21.732Z,MRD,Meridian,955211d4-28b8-44a0-8023-2bfaa48d6721,SAMMS-Meridian
202608232214225897,202608232010370659,202608232010368283,85,4039,Bronze INV,br_ReAssessmentPhysicalHealth,TASK_COMPLETE,SUCCESS,INFO,694,694,0,,2026-08-23T20:10:41.468Z,2026-08-23T22:16:21.732Z,7540,2026-08-23T22:16:21.732Z,NC,North Charleston,955211d4-28b8-44a0-8023-2bfaa48d6721,SAMMS-NorthCharleston
202608232214225898,202608232010370660,202608232010368283,85,4040,Bronze INV,br_ReAssessmentPhysicalHealth,TASK_COMPLETE,SUCCESS,INFO,0,0,0,,2026-08-23T20:10:41.468Z,2026-08-23T22:16:21.732Z,7540,2026-08-23T22:16:21.732Z,NLR,N. Little Rock,955211d4-28b8-44a0-8023-2bfaa48d6721,SAMMS-NLROBOT
202608232214225900,202608232010370661,202608232010368283,85,4041,Bronze INV,br_ReAssessmentPhysicalHealth,TASK_COMPLETE,SUCCESS,INFO,112,112,0,,2026-08-23T20:10:41.468Z,2026-08-23T22:16:21.732Z,7540,2026-08-23T22:16:21.732Z,PH,Phoenix,955211d4-28b8-44a0-8023-2bfaa48d6721,SAMMS-Phoenix
202608232214225901,202608232010370662,202608232010368283,85,4045,Bronze INV,br_ReAssessmentPhysicalHealth,TASK_COMPLETE,SUCCESS,INFO,216,216,0,,2026-08-23T20:10:41.468Z,2026-08-23T22:16:21.732Z,7540,2026-08-23T22:16:21.732Z,RE,Reno,955211d4-28b8-44a0-8023-2bfaa48d6721,SAMMS-Reno
202608232214225902,202608232010370663,202608232010368283,85,4046,Bronze INV,br_ReAssessmentPhysicalHealth,TASK_COMPLETE,SUCCESS,INFO,88,88,0,,2026-08-23T20:10:41.468Z,2026-08-23T22:16:21.732Z,7540,2026-08-23T22:16:21.732Z,RMD,Richmond,955211d4-28b8-44a0-8023-2bfaa48d6721,SAMMS-Richmond
202608232214225903,202608232010370664,202608232010368283,85,4047,Bronze INV,br_ReAssessmentPhysicalHealth,TASK_COMPLETE,SUCCESS,INFO,589,589,0,,2026-08-23T20:10:41.468Z,2026-08-23T22:16:21.732Z,7540,2026-08-23T22:16:21.732Z,SFN,Springfield North,955211d4-28b8-44a0-8023-2bfaa48d6721,SAMMS-SFNv5
202608232214225904,202608232010370665,202608232010368283,85,4048,Bronze INV,br_ReAssessmentPhysicalHealth,TASK_COMPLETE,SUCCESS,INFO,769,769,0,,2026-08-23T20:10:41.468Z,2026-08-23T22:16:21.732Z,7540,2026-08-23T22:16:21.732Z,SHP,Shreveport,955211d4-28b8-44a0-8023-2bfaa48d6721,SAMMS-Shreveport
202608232214225905,202608232010370666,202608232010368283,85,4050,Bronze INV,br_ReAssessmentPhysicalHealth,TASK_COMPLETE,SUCCESS,INFO,486,486,0,,2026-08-23T20:10:41.468Z,2026-08-23T22:16:21.732Z,7540,2026-08-23T22:16:21.732Z,STN,Staunton,955211d4-28b8-44a0-8023-2bfaa48d6721,SAMMS-Staunton
202608232214225907,202608232010370667,202608232010368283,85,4051,Bronze INV,br_ReAssessmentPhysicalHealth,TASK_COMPLETE,SUCCESS,INFO,225,225,0,,2026-08-23T20:10:41.468Z,2026-08-23T22:16:21.732Z,7540,2026-08-23T22:16:21.732Z,STVN,Stevenson,955211d4-28b8-44a0-8023-2bfaa48d6721,SAMMS-Stevenson
202608232214225908,202608232010370668,202608232010368283,85,4053,Bronze INV,br_ReAssessmentPhysicalHealth,TASK_COMPLETE,SUCCESS,INFO,174,174,0,,2026-08-23T20:10:41.468Z,2026-08-23T22:16:21.732Z,7540,2026-08-23T22:16:21.732Z,TE,Tempe,955211d4-28b8-44a0-8023-2bfaa48d6721,SAMMS-Tempe
202608232214225909,202608232010370669,202608232010368283,85,4054,Bronze INV,br_ReAssessmentPhysicalHealth,TASK_COMPLETE,SUCCESS,INFO,0,0,0,,2026-08-23T20:10:41.468Z,2026-08-23T22:16:21.732Z,7540,2026-08-23T22:16:21.732Z,TEX,Texarkana,955211d4-28b8-44a0-8023-2bfaa48d6721,SAMMS-Texarkana
202608232214225910,202608232010370670,202608232010368283,85,4055,Bronze INV,br_ReAssessmentPhysicalHealth,TASK_COMPLETE,SUCCESS,INFO,1084,1084,0,,2026-08-23T20:10:41.468Z,2026-08-23T22:16:21.732Z,7540,2026-08-23T22:16:21.732Z,TTCA,Bessemer,955211d4-28b8-44a0-8023-2bfaa48d6721,SAMMS-BessemerV5
202608232214225911,202608232010370671,202608232010368283,85,4056,Bronze INV,br_ReAssessmentPhysicalHealth,TASK_COMPLETE,SUCCESS,INFO,1321,1321,0,,2026-08-23T20:10:41.468Z,2026-08-23T22:16:21.732Z,7540,2026-08-23T22:16:21.732Z,TTCB,Cullman,955211d4-28b8-44a0-8023-2bfaa48d6721,SAMMS-CullmanV5
202608232214225912,202608232010370672,202608232010368283,85,4057,Bronze INV,br_ReAssessmentPhysicalHealth,TASK_COMPLETE,SUCCESS,INFO,945,945,0,,2026-08-23T20:10:41.468Z,2026-08-23T22:16:21.732Z,7540,2026-08-23T22:16:21.732Z,TTCC,Grand Bay,955211d4-28b8-44a0-8023-2bfaa48d6721,SAMMS-GrandBay
202608232214225914,202608232010370673,202608232010368283,85,4058,Bronze INV,br_ReAssessmentPhysicalHealth,TASK_COMPLETE,SUCCESS,INFO,15,15,0,,2026-08-23T20:10:41.468Z,2026-08-23T22:16:21.732Z,7540,2026-08-23T22:16:21.732Z,TU,Tucson,955211d4-28b8-44a0-8023-2bfaa48d6721,SAMMS-Tucson
202608232214225915,202608232010370674,202608232010368283,85,4060,Bronze INV,br_ReAssessmentPhysicalHealth,TASK_COMPLETE,SUCCESS,INFO,661,661,0,,2026-08-23T20:10:41.468Z,2026-08-23T22:16:21.732Z,7540,2026-08-23T22:16:21.732Z,V1,Memphis South,955211d4-28b8-44a0-8023-2bfaa48d6721,SAMMS-VCPHCS-I-MemphisV5
202608232214225916,202608232010370675,202608232010368283,85,4061,Bronze INV,br_ReAssessmentPhysicalHealth,TASK_COMPLETE,SUCCESS,INFO,1630,1630,0,,2026-08-23T20:10:41.468Z,2026-08-23T22:16:21.732Z,7540,2026-08-23T22:16:21.732Z,V10,Longmont,955211d4-28b8-44a0-8023-2bfaa48d6721,SAMMS-BoulderV5
202608232214225917,202608232010370676,202608232010368283,85,4062,Bronze INV,br_ReAssessmentPhysicalHealth,TASK_COMPLETE,SUCCESS,INFO,1517,1517,0,,2026-08-23T20:10:41.468Z,2026-08-23T22:16:21.732Z,7540,2026-08-23T22:16:21.732Z,V10A,Fort Collins,955211d4-28b8-44a0-8023-2bfaa48d6721,SAMMS-FortCollinsV5
202608232214225918,202608232010370677,202608232010368283,85,4063,Bronze INV,br_ReAssessmentPhysicalHealth,TASK_COMPLETE,SUCCESS,INFO,2876,2876,0,,2026-08-23T20:10:41.468Z,2026-08-23T22:16:21.732Z,7540,2026-08-23T22:16:21.732Z,V11,Westminster,955211d4-28b8-44a0-8023-2bfaa48d6721,SAMMS-VCPHCS-XI-NorthDenverV5
202608232214225920,202608232010370678,202608232010368283,85,4064,Bronze INV,br_ReAssessmentPhysicalHealth,TASK_COMPLETE,SUCCESS,INFO,3046,3046,0,,2026-08-23T20:10:41.468Z,2026-08-23T22:16:21.732Z,7540,2026-08-23T22:16:21.732Z,V12,Downtown Denver,955211d4-28b8-44a0-8023-2bfaa48d6721,SAMMS-VCPHCS-XII-DowntownDenverV5
202608252121599681,202608251925576059,202608251925573776,85,3699,Bronze INV,br_ReAssessmentMentalHealth,TASK_COMPLETE,SUCCESS,INFO,609,609,0,,2026-08-25T19:26:03.177Z,2026-08-25T21:23:56.829Z,7073,2026-08-25T21:23:56.829Z,V15,Joplin,7eb7a049-5d17-4a23-bb2f-3b9c445afd32,SAMMS-JoplinV5
202608252121599682,202608251925576060,202608251925573776,85,3701,Bronze INV,br_ReAssessmentMentalHealth,TASK_COMPLETE,SUCCESS,INFO,906,906,0,,2026-08-25T19:26:03.177Z,2026-08-25T21:23:56.829Z,7073,2026-08-25T21:23:56.829Z,V17,Columbia TN,7eb7a049-5d17-4a23-bb2f-3b9c445afd32,SAMMS-ColumbiaTNv5
202608252121599683,202608251925576061,202608251925573776,85,3703,Bronze INV,br_ReAssessmentMentalHealth,TASK_COMPLETE,SUCCESS,INFO,533,533,0,,2026-08-25T19:26:03.177Z,2026-08-25T21:23:56.829Z,7073,2026-08-25T21:23:56.829Z,V19,Jackson,7eb7a049-5d17-4a23-bb2f-3b9c445afd32,SAMMS-JacksonV5
202608252121599684,202608251925576062,202608251925573776,85,3705,Bronze INV,br_ReAssessmentMentalHealth,TASK_COMPLETE,SUCCESS,INFO,1771,1771,0,,2026-08-25T19:26:03.177Z,2026-08-25T21:23:56.829Z,7073,2026-08-25T21:23:56.829Z,V20,Paris,7eb7a049-5d17-4a23-bb2f-3b9c445afd32,SAMMS-ParisV5
202608252121599685,202608251925576063,202608251925573776,85,3706,Bronze INV,br_ReAssessmentMentalHealth,TASK_COMPLETE,SUCCESS,INFO,726,726,0,,2026-08-25T19:26:03.177Z,2026-08-25T21:23:56.829Z,7073,2026-08-25T21:23:56.829Z,V21,Memphis North,7eb7a049-5d17-4a23-bb2f-3b9c445afd32,SAMMS-RaleighV5
202608252121599687,202608251925576064,202608251925573776,85,3709,Bronze INV,br_ReAssessmentMentalHealth,TASK_COMPLETE,SUCCESS,INFO,1780,1780,0,,2026-08-25T19:26:03.177Z,2026-08-25T21:23:56.829Z,7073,2026-08-25T21:23:56.829Z,V5,West Bank,7eb7a049-5d17-4a23-bb2f-3b9c445afd32,SAMMS-NONTCv5
202608252121599688,202608251925576065,202608251925573776,85,3711,Bronze INV,br_ReAssessmentMentalHealth,TASK_COMPLETE,SUCCESS,INFO,145,145,0,,2026-08-25T19:26:03.177Z,2026-08-25T21:23:56.829Z,7073,2026-08-25T21:23:56.829Z,V5B,Houma,7eb7a049-5d17-4a23-bb2f-3b9c445afd32,SAMMS-HoumaV6
202608252121599689,202608251925576066,202608251925573776,85,3712,Bronze INV,br_ReAssessmentMentalHealth,TASK_COMPLETE,SUCCESS,INFO,1913,1913,0,,2026-08-25T19:26:03.177Z,2026-08-25T21:23:56.829Z,7073,2026-08-25T21:23:56.829Z,V6,Lake Charles,7eb7a049-5d17-4a23-bb2f-3b9c445afd32,SAMMS-LCv5
202608252121599690,202608251925576067,202608251925573776,85,3714,Bronze INV,br_ReAssessmentMentalHealth,TASK_COMPLETE,SUCCESS,INFO,742,742,0,,2026-08-25T19:26:03.177Z,2026-08-25T21:23:56.829Z,7073,2026-08-25T21:23:56.829Z,V8,Memphis Midtown,7eb7a049-5d17-4a23-bb2f-3b9c445afd32,SAMMS-VCPHCS-VIII-MemphisV5
202608252121599691,202608251925576068,202608251925573776,85,3715,Bronze INV,br_ReAssessmentMentalHealth,TASK_COMPLETE,SUCCESS,INFO,1765,1765,0,,2026-08-25T19:26:03.177Z,2026-08-25T21:23:56.829Z,7073,2026-08-25T21:23:56.829Z,V9,Nashville,7eb7a049-5d17-4a23-bb2f-3b9c445afd32,SAMMS-NashvilleV5
202608252121599692,202608251925576069,202608251925573776,85,3716,Bronze INV,br_ReAssessmentMentalHealth,TASK_COMPLETE,SUCCESS,INFO,839,839,0,,2026-08-25T19:26:03.177Z,2026-08-25T21:23:56.829Z,7073,2026-08-25T21:23:56.829Z,VBRA,Brainerd,7eb7a049-5d17-4a23-bb2f-3b9c445afd32,SAMMS-BrainerdV6
202608252121599693,202608251925576070,202608251925573776,85,3717,Bronze INV,br_ReAssessmentMentalHealth,TASK_COMPLETE,SUCCESS,INFO,1961,1961,0,,2026-08-25T19:26:03.177Z,2026-08-25T21:23:56.829Z,7073,2026-08-25T21:23:56.829Z,VBRP,Brooklyn Park,7eb7a049-5d17-4a23-bb2f-3b9c445afd32,SAMMS-BrooklynParkV6
202608252121599695,202608251925576071,202608251925573776,85,3719,Bronze INV,br_ReAssessmentMentalHealth,TASK_COMPLETE,SUCCESS,INFO,747,747,0,,2026-08-25T19:26:03.177Z,2026-08-25T21:23:56.829Z,7073,2026-08-25T21:23:56.829Z,VMIN,Minneapolis,7eb7a049-5d17-4a23-bb2f-3b9c445afd32,SAMMS-MinneapolisV6
202608252121599696,202608251925576072,202608251925573776,85,3720,Bronze INV,br_ReAssessmentMentalHealth,TASK_COMPLETE,SUCCESS,INFO,885,885,0,,2026-08-25T19:26:03.177Z,2026-08-25T21:23:56.829Z,7073,2026-08-25T21:23:56.829Z,VWBY,Woodbury,7eb7a049-5d17-4a23-bb2f-3b9c445afd32,SAMMS-WoodburyV6
202608252121599697,202608251925576073,202608251925573776,85,3722,Bronze INV,br_ReAssessmentMentalHealth,TASK_COMPLETE,SUCCESS,INFO,161,161,0,,2026-08-25T19:26:03.177Z,2026-08-25T21:23:56.829Z,7073,2026-08-25T21:23:56.829Z,WIL,Wilson,7eb7a049-5d17-4a23-bb2f-3b9c445afd32,SAMMS-Wilson
202608252121599799,202608251925673788,202608251925673776,86,5731,Silver INV,sl_ReAssessmentMentalHealth,TASK_COMPLETE,SUCCESS,INFO,78733,78733,0,,2026-08-25T19:26:03.177Z,2026-08-25T21:23:56.829Z,7073,2026-08-25T21:23:56.829Z,,,7eb7a049-5d17-4a23-bb2f-3b9c445afd32,
202608252121599728,202608251925575614,202608251925573776,85,3726,Bronze INV,br_ReAssessmentOccupational,TASK_COMPLETE,SUCCESS,INFO,35,35,0,,2026-08-25T19:26:03.177Z,2026-08-25T21:23:56.829Z,7073,2026-08-25T21:23:56.829Z,AHK,Ahoskie,7eb7a049-5d17-4a23-bb2f-3b9c445afd32,SAMMS-Ahoskie
202608252121599730,202608251925575615,202608251925573776,85,3727,Bronze INV,br_ReAssessmentOccupational,TASK_COMPLETE,SUCCESS,INFO,663,663,0,,2026-08-25T19:26:03.177Z,2026-08-25T21:23:56.829Z,7073,2026-08-25T21:23:56.829Z,B12B,Colorado Springs,7eb7a049-5d17-4a23-bb2f-3b9c445afd32,SAMMS-ColoradoSpringsV5
202608252121599731,202608251925575616,202608251925573776,85,3728,Bronze INV,br_ReAssessmentOccupational,TASK_COMPLETE,SUCCESS,INFO,829,829,0,,2026-08-25T19:26:03.177Z,2026-08-25T21:23:56.829Z,7073,2026-08-25T21:23:56.829Z,B24,Paintsville,7eb7a049-5d17-4a23-bb2f-3b9c445afd32,SAMMS-PaintsvilleV5
202608252121599732,202608251925575617,202608251925573776,85,3729,Bronze INV,br_ReAssessmentOccupational,TASK_COMPLETE,SUCCESS,INFO,646,646,0,,2026-08-25T19:26:03.177Z,2026-08-25T21:23:56.829Z,7073,2026-08-25T21:23:56.829Z,B25,Pikeville,7eb7a049-5d17-4a23-bb2f-3b9c445afd32,SAMMS-PikevilleV5
202608252121599733,202608251925575618,202608251925573776,85,3730,Bronze INV,br_ReAssessmentOccupational,TASK_COMPLETE,SUCCESS,INFO,970,970,0,,2026-08-25T19:26:03.177Z,2026-08-25T21:23:56.829Z,7073,2026-08-25T21:23:56.829Z,B26,Hazard,7eb7a049-5d17-4a23-bb2f-3b9c445afd32,SAMMS-HazardV5
202608252121599734,202608251925575619,202608251925573776,85,3731,Bronze INV,br_ReAssessmentOccupational,TASK_COMPLETE,SUCCESS,INFO,531,531,0,,2026-08-25T19:26:03.177Z,2026-08-25T21:23:56.829Z,7073,2026-08-25T21:23:56.829Z,B27,Savannah,7eb7a049-5d17-4a23-bb2f-3b9c445afd32,SAMMS-SavannahV6
202608252121599735,202608251925575620,202608251925573776,85,3732,Bronze INV,br_ReAssessmentOccupational,TASK_COMPLETE,SUCCESS,INFO,245,245,0,,2026-08-25T19:26:03.177Z,2026-08-25T21:23:56.829Z,7073,2026-08-25T21:23:56.829Z,B28,West Plains,7eb7a049-5d17-4a23-bb2f-3b9c445afd32,SAMMS-WestPlainesV5
202608252121599736,202608251925575621,202608251925573776,85,3733,Bronze INV,br_ReAssessmentOccupational,TASK_COMPLETE,SUCCESS,INFO,461,461,0,,2026-08-25T19:26:03.177Z,2026-08-25T21:23:56.829Z,7073,2026-08-25T21:23:56.829Z,B29,Poplar Bluff,7eb7a049-5d17-4a23-bb2f-3b9c445afd32,SAMMS-PoplarBluffV5
202608252121599738,202608251925575622,202608251925573776,85,3734,Bronze INV,br_ReAssessmentOccupational,TASK_COMPLETE,SUCCESS,INFO,78,78,0,,2026-08-25T19:26:03.177Z,2026-08-25T21:23:56.829Z,7073,2026-08-25T21:23:56.829Z,B30,KC North,7eb7a049-5d17-4a23-bb2f-3b9c445afd32,SAMMS-KCNv5
202608252121599739,202608251925575623,202608251925573776,85,3735,Bronze INV,br_ReAssessmentOccupational,TASK_COMPLETE,SUCCESS,INFO,400,400,0,,2026-08-25T19:26:03.177Z,2026-08-25T21:23:56.829Z,7073,2026-08-25T21:23:56.829Z,B31,Dyersburg,7eb7a049-5d17-4a23-bb2f-3b9c445afd32,SAMMS-DyersburgV5
202608252121599740,202608251925575624,202608251925573776,85,3737,Bronze INV,br_ReAssessmentOccupational,TASK_COMPLETE,SUCCESS,INFO,487,487,0,,2026-08-25T19:26:03.177Z,2026-08-25T21:23:56.829Z,7073,2026-08-25T21:23:56.829Z,B33,Paducah,7eb7a049-5d17-4a23-bb2f-3b9c445afd32,SAMMS-Paducah
202608252121599741,202608251925575625,202608251925573776,85,3738,Bronze INV,br_ReAssessmentOccupational,TASK_COMPLETE,SUCCESS,INFO,385,385,0,,2026-08-25T19:26:03.177Z,2026-08-25T21:23:56.829Z,7073,2026-08-25T21:23:56.829Z,B34,Corbin,7eb7a049-5d17-4a23-bb2f-3b9c445afd32,SAMMS-CorbinV5
202608252121599742,202608251925575626,202608251925573776,85,3739,Bronze INV,br_ReAssessmentOccupational,TASK_COMPLETE,SUCCESS,INFO,239,239,0,,2026-08-25T19:26:03.177Z,2026-08-25T21:23:56.829Z,7073,2026-08-25T21:23:56.829Z,B35,Lexington,7eb7a049-5d17-4a23-bb2f-3b9c445afd32,SAMMS-LexingtonV5
202608252121599743,202608251925575627,202608251925573776,85,3740,Bronze INV,br_ReAssessmentOccupational,TASK_COMPLETE,SUCCESS,INFO,77,77,0,,2026-08-25T19:26:03.177Z,2026-08-25T21:23:56.829Z,7073,2026-08-25T21:23:56.829Z,B35A,Berea,7eb7a049-5d17-4a23-bb2f-3b9c445afd32,SAMMS-BereaV5
202608252121599745,202608251925575628,202608251925573776,85,3741,Bronze INV,br_ReAssessmentOccupational,TASK_COMPLETE,SUCCESS,INFO,21,21,0,,2026-08-25T19:26:03.177Z,2026-08-25T21:23:56.829Z,7073,2026-08-25T21:23:56.829Z,B36,Asheville,7eb7a049-5d17-4a23-bb2f-3b9c445afd32,SAMMS-AshevilleV5
202608252121599746,202608251925575629,202608251925573776,85,3742,Bronze INV,br_ReAssessmentOccupational,TASK_COMPLETE,SUCCESS,INFO,1,1,0,,2026-08-25T19:26:03.177Z,2026-08-25T21:23:56.829Z,7073,2026-08-25T21:23:56.829Z,B37,Clyde,7eb7a049-5d17-4a23-bb2f-3b9c445afd32,SAMMS-ClydeV5
202608252121599747,202608251925575630,202608251925573776,85,3743,Bronze INV,br_ReAssessmentOccupational,TASK_COMPLETE,SUCCESS,INFO,1187,1187,0,,2026-08-25T19:26:03.177Z,2026-08-25T21:23:56.829Z,7073,2026-08-25T21:23:56.829Z,B38,Spartanburg,7eb7a049-5d17-4a23-bb2f-3b9c445afd32,SAMMS-SpartanburgV5
202608252121599748,202608251925575631,202608251925573776,85,3744,Bronze INV,br_ReAssessmentOccupational,TASK_COMPLETE,SUCCESS,INFO,362,362,0,,2026-08-25T19:26:03.177Z,2026-08-25T21:23:56.829Z,7073,2026-08-25T21:23:56.829Z,B39,Aiken,7eb7a049-5d17-4a23-bb2f-3b9c445afd32,SAMMS-AikenV5
202608252121599749,202608251925575632,202608251925573776,85,3745,Bronze INV,br_ReAssessmentOccupational,TASK_COMPLETE,SUCCESS,INFO,1887,1887,0,,2026-08-25T19:26:03.177Z,2026-08-25T21:23:56.829Z,7073,2026-08-25T21:23:56.829Z,B41,Chesapeake,7eb7a049-5d17-4a23-bb2f-3b9c445afd32,SAMMS-ChesapeakeV5
202608252121599750,202608251925575633,202608251925573776,85,3746,Bronze INV,br_ReAssessmentOccupational,TASK_COMPLETE,SUCCESS,INFO,1914,1914,0,,2026-08-25T19:26:03.177Z,2026-08-25T21:23:56.829Z,7073,2026-08-25T21:23:56.829Z,B42,Virginia Beach,7eb7a049-5d17-4a23-bb2f-3b9c445afd32,SAMMS-VirginiaBeachV5
202608252121599752,202608251925575634,202608251925573776,85,3747,Bronze INV,br_ReAssessmentOccupational,TASK_COMPLETE,SUCCESS,INFO,924,924,0,,2026-08-25T19:26:03.177Z,2026-08-25T21:23:56.829Z,7073,2026-08-25T21:23:56.829Z,B42A,Newport News,7eb7a049-5d17-4a23-bb2f-3b9c445afd32,SAMMS-NewportNewsV5
202608252121599753,202608251925575635,202608251925573776,85,3748,Bronze INV,br_ReAssessmentOccupational,TASK_COMPLETE,SUCCESS,INFO,507,507,0,,2026-08-25T19:26:03.177Z,2026-08-25T21:23:56.829Z,7073,2026-08-25T21:23:56.829Z,B42B,Franklin,7eb7a049-5d17-4a23-bb2f-3b9c445afd32,SAMMS-FranklinV5
202608252121599754,202608251925575636,202608251925573776,85,3749,Bronze INV,br_ReAssessmentOccupational,TASK_COMPLETE,SUCCESS,INFO,343,343,0,,2026-08-25T19:26:03.177Z,2026-08-25T21:23:56.829Z,7073,2026-08-25T21:23:56.829Z,B42C,Glen Allen,7eb7a049-5d17-4a23-bb2f-3b9c445afd32,SAMMS-GlenAllenV5
202608252121599755,202608251925575637,202608251925573776,85,3750,Bronze INV,br_ReAssessmentOccupational,TASK_COMPLETE,SUCCESS,INFO,1481,1481,0,,2026-08-25T19:26:03.177Z,2026-08-25T21:23:56.829Z,7073,2026-08-25T21:23:56.829Z,B42D,Chesapeake South,7eb7a049-5d17-4a23-bb2f-3b9c445afd32,SAMMS-ChesapeakeSouthV5
202608252121599756,202608251925575638,202608251925573776,85,3751,Bronze INV,br_ReAssessmentOccupational,TASK_COMPLETE,SUCCESS,INFO,631,631,0,,2026-08-25T19:26:03.177Z,2026-08-25T21:23:56.829Z,7073,2026-08-25T21:23:56.829Z,B44,Albany,7eb7a049-5d17-4a23-bb2f-3b9c445afd32,SAMMS-AlbanyV5
202608252121599757,202608251925575639,202608251925573776,85,3752,Bronze INV,br_ReAssessmentOccupational,TASK_COMPLETE,SUCCESS,INFO,1268,1268,0,,2026-08-25T19:26:03.177Z,2026-08-25T21:23:56.829Z,7073,2026-08-25T21:23:56.829Z,B45,Tifton,7eb7a049-5d17-4a23-bb2f-3b9c445afd32,SAMMS-TiftonV5
202608252121599759,202608251925575640,202608251925573776,85,3753,Bronze INV,br_ReAssessmentOccupational,TASK_COMPLETE,SUCCESS,INFO,590,590,0,,2026-08-25T19:26:03.177Z,2026-08-25T21:23:56.829Z,7073,2026-08-25T21:23:56.829Z,B46,Washington DC,7eb7a049-5d17-4a23-bb2f-3b9c445afd32,SAMMS-WashingtonDCv5
202608252121599760,202608251925575641,202608251925573776,85,3754,Bronze INV,br_ReAssessmentOccupational,TASK_COMPLETE,SUCCESS,INFO,1564,1564,0,,2026-08-25T19:26:03.177Z,2026-08-25T21:23:56.829Z,7073,2026-08-25T21:23:56.829Z,B47,Mobile,7eb7a049-5d17-4a23-bb2f-3b9c445afd32,SAMMS-MobileV5
202608252121599761,202608251925575642,202608251925573776,85,3755,Bronze INV,br_ReAssessmentOccupational,TASK_COMPLETE,SUCCESS,INFO,1296,1296,0,,2026-08-25T19:26:03.177Z,2026-08-25T21:23:56.829Z,7073,2026-08-25T21:23:56.829Z,B48,Tuscaloosa,7eb7a049-5d17-4a23-bb2f-3b9c445afd32,SAMMS-TuscaloosaV5
202608252121599762,202608251925575643,202608251925573776,85,3764,Bronze INV,br_ReAssessmentOccupational,TASK_COMPLETE,SUCCESS,INFO,2,2,0,,2026-08-25T19:26:03.177Z,2026-08-25T21:23:56.829Z,7073,2026-08-25T21:23:56.829Z,B51,N. Little Rock (OTP),7eb7a049-5d17-4a23-bb2f-3b9c445afd32,SAMMS-NorthLittleRockV6
202608252121599763,202608251925575644,202608251925573776,85,3765,Bronze INV,br_ReAssessmentOccupational,TASK_COMPLETE,SUCCESS,INFO,455,455,0,,2026-08-25T19:26:03.177Z,2026-08-25T21:23:56.829Z,7073,2026-08-25T21:23:56.829Z,B52,Jackson GA,7eb7a049-5d17-4a23-bb2f-3b9c445afd32,SAMMS-JacksonGAV5
202608252121599764,202608251925575645,202608251925573776,85,3766,Bronze INV,br_ReAssessmentOccupational,TASK_COMPLETE,SUCCESS,INFO,1701,1701,0,,2026-08-25T19:26:03.177Z,2026-08-25T21:23:56.829Z,7073,2026-08-25T21:23:56.829Z,B54,Gadsden,7eb7a049-5d17-4a23-bb2f-3b9c445afd32,SAMMS-GadsdenV5
202608252121599766,202608251925575646,202608251925573776,85,3767,Bronze INV,br_ReAssessmentOccupational,TASK_COMPLETE,SUCCESS,INFO,947,947,0,,2026-08-25T19:26:03.177Z,2026-08-25T21:23:56.829Z,7073,2026-08-25T21:23:56.829Z,B55,Shoals,7eb7a049-5d17-4a23-bb2f-3b9c445afd32,SAMMS-ShoalsV5
202608252121599767,202608251925575647,202608251925573776,85,3768,Bronze INV,br_ReAssessmentOccupational,TASK_COMPLETE,SUCCESS,INFO,294,294,0,,2026-08-25T19:26:03.177Z,2026-08-25T21:23:56.829Z,7073,2026-08-25T21:23:56.829Z,B57,Pawtucket,7eb7a049-5d17-4a23-bb2f-3b9c445afd32,SAMMS-Pawtucket
202608252121599768,202608251925575648,202608251925573776,85,3769,Bronze INV,br_ReAssessmentOccupational,TASK_COMPLETE,SUCCESS,INFO,555,555,0,,2026-08-25T19:26:03.177Z,2026-08-25T21:23:56.829Z,7073,2026-08-25T21:23:56.829Z,B57A,Johnston,7eb7a049-5d17-4a23-bb2f-3b9c445afd32,SAMMS-Johnston
202608252121599769,202608251925575649,202608251925573776,85,3770,Bronze INV,br_ReAssessmentOccupational,TASK_COMPLETE,SUCCESS,INFO,165,165,0,,2026-08-25T19:26:03.177Z,2026-08-25T21:23:56.829Z,7073,2026-08-25T21:23:56.829Z,B57B,Middletown,7eb7a049-5d17-4a23-bb2f-3b9c445afd32,SAMMS-Middletown
202608252121599770,202608251925575650,202608251925573776,85,3771,Bronze INV,br_ReAssessmentOccupational,TASK_COMPLETE,SUCCESS,INFO,412,412,0,,2026-08-25T19:26:03.177Z,2026-08-25T21:23:56.829Z,7073,2026-08-25T21:23:56.829Z,B57C,Providence,7eb7a049-5d17-4a23-bb2f-3b9c445afd32,SAMMS-Providence
202608252121599771,202608251925575651,202608251925573776,85,3772,Bronze INV,br_ReAssessmentOccupational,TASK_COMPLETE,SUCCESS,INFO,623,623,0,,2026-08-25T19:26:03.177Z,2026-08-25T21:23:56.829Z,7073,2026-08-25T21:23:56.829Z,B57D,Westerly,7eb7a049-5d17-4a23-bb2f-3b9c445afd32,SAMMS-Westerly
202608252121599772,202608251925575652,202608251925573776,85,3776,Bronze INV,br_ReAssessmentOccupational,TASK_COMPLETE,SUCCESS,INFO,4,4,0,,2026-08-25T19:26:03.177Z,2026-08-25T21:23:56.829Z,7073,2026-08-25T21:23:56.829Z,B66A,Bremen,7eb7a049-5d17-4a23-bb2f-3b9c445afd32,SAMMS-Bremen
202608252121599774,202608251925575653,202608251925573776,85,3779,Bronze INV,br_ReAssessmentOccupational,TASK_COMPLETE,SUCCESS,INFO,0,0,0,,2026-08-25T19:26:03.177Z,2026-08-25T21:23:56.829Z,7073,2026-08-25T21:23:56.829Z,B72,Mobile (OBOT),7eb7a049-5d17-4a23-bb2f-3b9c445afd32,SAMMS-Mobile-OBOT
202608252121599775,202608251925575654,202608251925573776,85,3780,Bronze INV,br_ReAssessmentOccupational,TASK_COMPLETE,SUCCESS,INFO,0,0,0,,2026-08-25T19:26:03.177Z,2026-08-25T21:23:56.829Z,7073,2026-08-25T21:23:56.829Z,B73,Montgomery,7eb7a049-5d17-4a23-bb2f-3b9c445afd32,SAMMS-Montgomery
202608252121599776,202608251925575655,202608251925573776,85,3781,Bronze INV,br_ReAssessmentOccupational,TASK_COMPLETE,SUCCESS,INFO,515,515,0,,2026-08-25T19:26:03.177Z,2026-08-25T21:23:56.829Z,7073,2026-08-25T21:23:56.829Z,B75,Lawrence,7eb7a049-5d17-4a23-bb2f-3b9c445afd32,SAMMS-LawrenceV6
202608252121599777,202608251925575656,202608251925573776,85,3782,Bronze INV,br_ReAssessmentOccupational,TASK_COMPLETE,SUCCESS,INFO,0,0,0,,2026-08-25T19:26:03.177Z,2026-08-25T21:23:56.829Z,7073,2026-08-25T21:23:56.829Z,B76,Huntsville OBOT,7eb7a049-5d17-4a23-bb2f-3b9c445afd32,SAMMS-Huntsville-OBOT
202608252121599778,202608251925575657,202608251925573776,85,3783,Bronze INV,br_ReAssessmentOccupational,TASK_COMPLETE,SUCCESS,INFO,0,0,0,,2026-08-25T19:26:03.177Z,2026-08-25T21:23:56.829Z,7073,2026-08-25T21:23:56.829Z,BAT,Batesville,7eb7a049-5d17-4a23-bb2f-3b9c445afd32,SAMMS-Batesville
202608252121599779,202608251925575658,202608251925573776,85,3784,Bronze INV,br_ReAssessmentOccupational,TASK_COMPLETE,SUCCESS,INFO,460,460,0,,2026-08-25T19:26:03.177Z,2026-08-25T21:23:56.829Z,7073,2026-08-25T21:23:56.829Z,BG,Bowling Green,7eb7a049-5d17-4a23-bb2f-3b9c445afd32,SAMMS-BowlingGreen
202608252121599781,202608251925575659,202608251925573776,85,3785,Bronze INV,br_ReAssessmentOccupational,TASK_COMPLETE,SUCCESS,INFO,180,180,0,,2026-08-25T19:26:03.177Z,2026-08-25T21:23:56.829Z,7073,2026-08-25T21:23:56.829Z,BOI,Boise,7eb7a049-5d17-4a23-bb2f-3b9c445afd32,SAMMS-Boise
202608252121599782,202608251925575660,202608251925573776,85,3792,Bronze INV,br_ReAssessmentOccupational,TASK_COMPLETE,SUCCESS,INFO,51,51,0,,2026-08-25T19:26:03.177Z,2026-08-25T21:23:56.829Z,7073,2026-08-25T21:23:56.829Z,CBCO,Coeur dAlene,7eb7a049-5d17-4a23-bb2f-3b9c445afd32,SAMMS-CoeurdAleneV6
202608252121599783,202608251925575661,202608251925573776,85,3811,Bronze INV,br_ReAssessmentOccupational,TASK_COMPLETE,SUCCESS,INFO,0,0,0,,2026-08-25T19:26:03.177Z,2026-08-25T21:23:56.829Z,7073,2026-08-25T21:23:56.829Z,CON,Conway,7eb7a049-5d17-4a23-bb2f-3b9c445afd32,SAMMS-Conway
202608252121599784,202608251925575662,202608251925573776,85,3812,Bronze INV,br_ReAssessmentOccupational,TASK_COMPLETE,SUCCESS,INFO,2573,2573,0,,2026-08-25T19:26:03.177Z,2026-08-25T21:23:56.829Z,7073,2026-08-25T21:23:56.829Z,D07,Medical Services Knox TN,7eb7a049-5d17-4a23-bb2f-3b9c445afd32,SAMMS-KnoxvilleV6
202608252121599786,202608251925575663,202608251925573776,85,3813,Bronze INV,br_ReAssessmentOccupational,TASK_COMPLETE,SUCCESS,INFO,111,111,0,,2026-08-25T19:26:03.177Z,2026-08-25T21:23:56.829Z,7073,2026-08-25T21:23:56.829Z,D08,Madison,7eb7a049-5d17-4a23-bb2f-3b9c445afd32,SAMMS-MadisonV6
202608252121599787,202608251925575664,202608251925573776,85,3815,Bronze INV,br_ReAssessmentOccupational,TASK_COMPLETE,SUCCESS,INFO,120,120,0,,2026-08-25T19:26:03.177Z,2026-08-25T21:23:56.829Z,7073,2026-08-25T21:23:56.829Z,D09,Murfreesboro,7eb7a049-5d17-4a23-bb2f-3b9c445afd32,SAMMS-MurfreesboroV6
202608252121599788,202608251925575665,202608251925573776,85,3816,Bronze INV,br_ReAssessmentOccupational,TASK_COMPLETE,SUCCESS,INFO,336,336,0,,2026-08-25T19:26:03.177Z,2026-08-25T21:23:56.829Z,7073,2026-08-25T21:23:56.829Z,DA,Davenport,7eb7a049-5d17-4a23-bb2f-3b9c445afd32,SAMMS-Davenport
202608252121599789,202608251925575666,202608251925573776,85,3817,Bronze INV,br_ReAssessmentOccupational,TASK_COMPLETE,SUCCESS,INFO,287,287,0,,2026-08-25T19:26:03.177Z,2026-08-25T21:23:56.829Z,7073,2026-08-25T21:23:56.829Z,DM,Des Moines,7eb7a049-5d17-4a23-bb2f-3b9c445afd32,SAMMS-DesMoines
202608252121599790,202608251925575667,202608251925573776,85,3819,Bronze INV,br_ReAssessmentOccupational,TASK_COMPLETE,SUCCESS,INFO,530,530,0,,2026-08-25T19:26:03.177Z,2026-08-25T21:23:56.829Z,7073,2026-08-25T21:23:56.829Z,DRD-CO,Columbia MO,7eb7a049-5d17-4a23-bb2f-3b9c445afd32,SAMMS-ColumbiaV5
202608252121599792,202608251925575668,202608251925573776,85,3820,Bronze INV,br_ReAssessmentOccupational,TASK_COMPLETE,SUCCESS,INFO,347,347,0,,2026-08-25T19:26:03.177Z,2026-08-25T21:23:56.829Z,7073,2026-08-25T21:23:56.829Z,DRD-KC,KC,7eb7a049-5d17-4a23-bb2f-3b9c445afd32,SAMMS-KCv5
202608252121599793,202608251925575669,202608251925573776,85,3821,Bronze INV,br_ReAssessmentOccupational,TASK_COMPLETE,SUCCESS,INFO,1550,1550,0,,2026-08-25T19:26:03.177Z,2026-08-25T21:23:56.829Z,7073,2026-08-25T21:23:56.829Z,DRD-KVB,KVB,7eb7a049-5d17-4a23-bb2f-3b9c445afd32,SAMMS-KVBv5
202608252121599794,202608251925575670,202608251925573776,85,3822,Bronze INV,br_ReAssessmentOccupational,TASK_COMPLETE,SUCCESS,INFO,1672,1672,0,,2026-08-25T19:26:03.177Z,2026-08-25T21:23:56.829Z,7073,2026-08-25T21:23:56.829Z,DRD-KVC,KVC,7eb7a049-5d17-4a23-bb2f-3b9c445afd32,SAMMS-KVCv5
202608252121599795,202608251925575671,202608251925573776,85,3823,Bronze INV,br_ReAssessmentOccupational,TASK_COMPLETE,SUCCESS,INFO,3204,3204,0,,2026-08-25T19:26:03.177Z,2026-08-25T21:23:56.829Z,7073,2026-08-25T21:23:56.829Z,DRD-NOLA,NOLA,7eb7a049-5d17-4a23-bb2f-3b9c445afd32,SAMMS-NOLAv5
202608252121599796,202608251925575672,202608251925573776,85,3824,Bronze INV,br_ReAssessmentOccupational,TASK_COMPLETE,SUCCESS,INFO,801,801,0,,2026-08-25T19:26:03.177Z,2026-08-25T21:23:56.829Z,7073,2026-08-25T21:23:56.829Z,DRD-SF,Springfield,7eb7a049-5d17-4a23-bb2f-3b9c445afd32,SAMMS-SFv5
202608252121599797,202608251925575673,202608251925573776,85,3826,Bronze INV,br_ReAssessmentOccupational,TASK_COMPLETE,SUCCESS,INFO,260,260,0,,2026-08-25T19:26:03.177Z,2026-08-25T21:23:56.829Z,7073,2026-08-25T21:23:56.829Z,ELC,Elizabeth City,7eb7a049-5d17-4a23-bb2f-3b9c445afd32,SAMMS-ElizabethCity
202608252121599798,202608251925575674,202608251925573776,85,3827,Bronze INV,br_ReAssessmentOccupational,TASK_COMPLETE,SUCCESS,INFO,128,128,0,,2026-08-25T19:26:03.177Z,2026-08-25T21:23:56.829Z,7073,2026-08-25T21:23:56.829Z,ET,Elizabethtown,7eb7a049-5d17-4a23-bb2f-3b9c445afd32,SAMMS-Elizabethtown
202608252121599800,202608251925575675,202608251925573776,85,3828,Bronze INV,br_ReAssessmentOccupational,TASK_COMPLETE,SUCCESS,INFO,0,0,0,,2026-08-25T19:26:03.177Z,2026-08-25T21:23:56.829Z,7073,2026-08-25T21:23:56.829Z,FAY,Fayetteville,7eb7a049-5d17-4a23-bb2f-3b9c445afd32,SAMMS-Fayetteville
202608252121599801,202608251925575676,202608251925573776,85,3829,Bronze INV,br_ReAssessmentOccupational,TASK_COMPLETE,SUCCESS,INFO,156,156,0,,2026-08-25T19:26:03.177Z,2026-08-25T21:23:56.829Z,7073,2026-08-25T21:23:56.829Z,FR,Frankfort,7eb7a049-5d17-4a23-bb2f-3b9c445afd32,SAMMS-Frankfort
202608252121599802,202608251925575677,202608251925573776,85,3830,Bronze INV,br_ReAssessmentOccupational,TASK_COMPLETE,SUCCESS,INFO,0,0,0,,2026-08-25T19:26:03.177Z,2026-08-25T21:23:56.829Z,7073,2026-08-25T21:23:56.829Z,FS,Fort Smith,7eb7a049-5d17-4a23-bb2f-3b9c445afd32,SAMMS-FortSmith
202608252121599803,202608251925575678,202608251925573776,85,3831,Bronze INV,br_ReAssessmentOccupational,TASK_COMPLETE,SUCCESS,INFO,467,467,0,,2026-08-25T19:26:03.177Z,2026-08-25T21:23:56.829Z,7073,2026-08-25T21:23:56.829Z,FW,Fort Wayne,7eb7a049-5d17-4a23-bb2f-3b9c445afd32,SAMMS-FortWayne
202608252121599804,202608251925575679,202608251925573776,85,3832,Bronze INV,br_ReAssessmentOccupational,TASK_COMPLETE,SUCCESS,INFO,275,275,0,,2026-08-25T19:26:03.177Z,2026-08-25T21:23:56.829Z,7073,2026-08-25T21:23:56.829Z,GAL,Gaylord,7eb7a049-5d17-4a23-bb2f-3b9c445afd32,SAMMS-Gaylord
202608252121599805,202608251925575680,202608251925573776,85,3836,Bronze INV,br_ReAssessmentOccupational,TASK_COMPLETE,SUCCESS,INFO,100,100,0,,2026-08-25T19:26:03.177Z,2026-08-25T21:23:56.829Z,7073,2026-08-25T21:23:56.829Z,HGT,Hagerstown,7eb7a049-5d17-4a23-bb2f-3b9c445afd32,SAMMS-Hagerstown
202608252121599807,202608251925575681,202608251925573776,85,3837,Bronze INV,br_ReAssessmentOccupational,TASK_COMPLETE,SUCCESS,INFO,1723,1723,0,,2026-08-25T19:26:03.177Z,2026-08-25T21:23:56.829Z,7073,2026-08-25T21:23:56.829Z,HNT,Huntsville,7eb7a049-5d17-4a23-bb2f-3b9c445afd32,SAMMS-Huntsville
202608252121599808,202608251925575682,202608251925573776,85,3838,Bronze INV,br_ReAssessmentOccupational,TASK_COMPLETE,SUCCESS,INFO,0,0,0,,2026-08-25T19:26:03.177Z,2026-08-25T21:23:56.829Z,7073,2026-08-25T21:23:56.829Z,HS,Hot Springs,7eb7a049-5d17-4a23-bb2f-3b9c445afd32,SAMMS-HotSprings
202608252121599809,202608251925575683,202608251925573776,85,3839,Bronze INV,br_ReAssessmentOccupational,TASK_COMPLETE,SUCCESS,INFO,0,0,0,,2026-08-25T19:26:03.177Z,2026-08-25T21:23:56.829Z,7073,2026-08-25T21:23:56.829Z,JON,Jonesboro,7eb7a049-5d17-4a23-bb2f-3b9c445afd32,SAMMS-Jonesboro
202608252121599810,202608251925575684,202608251925573776,85,3841,Bronze INV,br_ReAssessmentOccupational,TASK_COMPLETE,SUCCESS,INFO,446,446,0,,2026-08-25T19:26:03.177Z,2026-08-25T21:23:56.829Z,7073,2026-08-25T21:23:56.829Z,LAN,Lansing,7eb7a049-5d17-4a23-bb2f-3b9c445afd32,SAMMS-Lansing
202608252121599811,202608251925575685,202608251925573776,85,3842,Bronze INV,br_ReAssessmentOccupational,TASK_COMPLETE,SUCCESS,INFO,1287,1287,0,,2026-08-25T19:26:03.177Z,2026-08-25T21:23:56.829Z,7073,2026-08-25T21:23:56.829Z,LO,Louisville,7eb7a049-5d17-4a23-bb2f-3b9c445afd32,SAMMS-Louisville
202608252121599812,202608251925575686,202608251925573776,85,3843,Bronze INV,br_ReAssessmentOccupational,TASK_COMPLETE,SUCCESS,INFO,291,291,0,,2026-08-25T19:26:03.177Z,2026-08-25T21:23:56.829Z,7073,2026-08-25T21:23:56.829Z,LV1,Cheyenne,7eb7a049-5d17-4a23-bb2f-3b9c445afd32,SAMMS-Cheyenne
202608252121599814,202608251925575687,202608251925573776,85,3844,Bronze INV,br_ReAssessmentOccupational,TASK_COMPLETE,SUCCESS,INFO,204,204,0,,2026-08-25T19:26:03.177Z,2026-08-25T21:23:56.829Z,7073,2026-08-25T21:23:56.829Z,LV2,Desert Inn,7eb7a049-5d17-4a23-bb2f-3b9c445afd32,SAMMS-DesertInn
202608252121599815,202608251925575688,202608251925573776,85,3845,Bronze INV,br_ReAssessmentOccupational,TASK_COMPLETE,SUCCESS,INFO,110,110,0,,2026-08-25T19:26:03.177Z,2026-08-25T21:23:56.829Z,7073,2026-08-25T21:23:56.829Z,LV3,McDaniel,7eb7a049-5d17-4a23-bb2f-3b9c445afd32,SAMMS-McDaniel
202608252121599816,202608251925575689,202608251925573776,85,3848,Bronze INV,br_ReAssessmentOccupational,TASK_COMPLETE,SUCCESS,INFO,358,358,0,,2026-08-25T19:26:03.177Z,2026-08-25T21:23:56.829Z,7073,2026-08-25T21:23:56.829Z,MNRE,Monroe,7eb7a049-5d17-4a23-bb2f-3b9c445afd32,SAMMS-Monroe
202608252121599817,202608251925575690,202608251925573776,85,3849,Bronze INV,br_ReAssessmentOccupational,TASK_COMPLETE,SUCCESS,INFO,1423,1423,0,,2026-08-25T19:26:03.177Z,2026-08-25T21:23:56.829Z,7073,2026-08-25T21:23:56.829Z,MP,Mt. Pleasant,7eb7a049-5d17-4a23-bb2f-3b9c445afd32,SAMMS-MtPleasant
202608252121599818,202608251925575691,202608251925573776,85,3850,Bronze INV,br_ReAssessmentOccupational,TASK_COMPLETE,SUCCESS,INFO,153,153,0,,2026-08-25T19:26:03.177Z,2026-08-25T21:23:56.829Z,7073,2026-08-25T21:23:56.829Z,MRD,Meridian,7eb7a049-5d17-4a23-bb2f-3b9c445afd32,SAMMS-Meridian
202608252121599819,202608251925575692,202608251925573776,85,3855,Bronze INV,br_ReAssessmentOccupational,TASK_COMPLETE,SUCCESS,INFO,693,693,0,,2026-08-25T19:26:03.177Z,2026-08-25T21:23:56.829Z,7073,2026-08-25T21:23:56.829Z,NC,North Charleston,7eb7a049-5d17-4a23-bb2f-3b9c445afd32,SAMMS-NorthCharleston
202608252121599821,202608251925575693,202608251925573776,85,3856,Bronze INV,br_ReAssessmentOccupational,TASK_COMPLETE,SUCCESS,INFO,0,0,0,,2026-08-25T19:26:03.177Z,2026-08-25T21:23:56.829Z,7073,2026-08-25T21:23:56.829Z,NLR,N. Little Rock,7eb7a049-5d17-4a23-bb2f-3b9c445afd32,SAMMS-NLROBOT
202608252121599822,202608251925575694,202608251925573776,85,3857,Bronze INV,br_ReAssessmentOccupational,TASK_COMPLETE,SUCCESS,INFO,112,112,0,,2026-08-25T19:26:03.177Z,2026-08-25T21:23:56.829Z,7073,2026-08-25T21:23:56.829Z,PH,Phoenix,7eb7a049-5d17-4a23-bb2f-3b9c445afd32,SAMMS-Phoenix
202608252121599823,202608251925575695,202608251925573776,85,3861,Bronze INV,br_ReAssessmentOccupational,TASK_COMPLETE,SUCCESS,INFO,213,213,0,,2026-08-25T19:26:03.177Z,2026-08-25T21:23:56.829Z,7073,2026-08-25T21:23:56.829Z,RE,Reno,7eb7a049-5d17-4a23-bb2f-3b9c445afd32,SAMMS-Reno
202608252121599824,202608251925575696,202608251925573776,85,3862,Bronze INV,br_ReAssessmentOccupational,TASK_COMPLETE,SUCCESS,INFO,87,87,0,,2026-08-25T19:26:03.177Z,2026-08-25T21:23:56.829Z,7073,2026-08-25T21:23:56.829Z,RMD,Richmond,7eb7a049-5d17-4a23-bb2f-3b9c445afd32,SAMMS-Richmond
202608252121599825,202608251925575697,202608251925573776,85,3863,Bronze INV,br_ReAssessmentOccupational,TASK_COMPLETE,SUCCESS,INFO,589,589,0,,2026-08-25T19:26:03.177Z,2026-08-25T21:23:56.829Z,7073,2026-08-25T21:23:56.829Z,SFN,Springfield North,7eb7a049-5d17-4a23-bb2f-3b9c445afd32,SAMMS-SFNv5
202608252121599826,202608251925575698,202608251925573776,85,3864,Bronze INV,br_ReAssessmentOccupational,TASK_COMPLETE,SUCCESS,INFO,762,762,0,,2026-08-25T19:26:03.177Z,2026-08-25T21:23:56.829Z,7073,2026-08-25T21:23:56.829Z,SHP,Shreveport,7eb7a049-5d17-4a23-bb2f-3b9c445afd32,SAMMS-Shreveport
202608252121599828,202608251925575699,202608251925573776,85,3866,Bronze INV,br_ReAssessmentOccupational,TASK_COMPLETE,SUCCESS,INFO,484,484,0,,2026-08-25T19:26:03.177Z,2026-08-25T21:23:56.829Z,7073,2026-08-25T21:23:56.829Z,STN,Staunton,7eb7a049-5d17-4a23-bb2f-3b9c445afd32,SAMMS-Staunton
202608252121599829,202608251925575700,202608251925573776,85,3867,Bronze INV,br_ReAssessmentOccupational,TASK_COMPLETE,SUCCESS,INFO,226,226,0,,2026-08-25T19:26:03.177Z,2026-08-25T21:23:56.829Z,7073,2026-08-25T21:23:56.829Z,STVN,Stevenson,7eb7a049-5d17-4a23-bb2f-3b9c445afd32,SAMMS-Stevenson
202608252121599830,202608251925575701,202608251925573776,85,3869,Bronze INV,br_ReAssessmentOccupational,TASK_COMPLETE,SUCCESS,INFO,173,173,0,,2026-08-25T19:26:03.177Z,2026-08-25T21:23:56.829Z,7073,2026-08-25T21:23:56.829Z,TE,Tempe,7eb7a049-5d17-4a23-bb2f-3b9c445afd32,SAMMS-Tempe
202608252121599831,202608251925575702,202608251925573776,85,3870,Bronze INV,br_ReAssessmentOccupational,TASK_COMPLETE,SUCCESS,INFO,0,0,0,,2026-08-25T19:26:03.177Z,2026-08-25T21:23:56.829Z,7073,2026-08-25T21:23:56.829Z,TEX,Texarkana,7eb7a049-5d17-4a23-bb2f-3b9c445afd32,SAMMS-Texarkana
202608252121599832,202608251925575703,202608251925573776,85,3871,Bronze INV,br_ReAssessmentOccupational,TASK_COMPLETE,SUCCESS,INFO,1073,1073,0,,2026-08-25T19:26:03.177Z,2026-08-25T21:23:56.829Z,7073,2026-08-25T21:23:56.829Z,TTCA,Bessemer,7eb7a049-5d17-4a23-bb2f-3b9c445afd32,SAMMS-BessemerV5
202608252121599833,202608251925575704,202608251925573776,85,3872,Bronze INV,br_ReAssessmentOccupational,TASK_COMPLETE,SUCCESS,INFO,1317,1317,0,,2026-08-25T19:26:03.177Z,2026-08-25T21:23:56.829Z,7073,2026-08-25T21:23:56.829Z,TTCB,Cullman,7eb7a049-5d17-4a23-bb2f-3b9c445afd32,SAMMS-CullmanV5
202608252121599834,202608251925575705,202608251925573776,85,3873,Bronze INV,br_ReAssessmentOccupational,TASK_COMPLETE,SUCCESS,INFO,938,938,0,,2026-08-25T19:26:03.177Z,2026-08-25T21:23:56.829Z,7073,2026-08-25T21:23:56.829Z,TTCC,Grand Bay,7eb7a049-5d17-4a23-bb2f-3b9c445afd32,SAMMS-GrandBay
202608252121599836,202608251925575706,202608251925573776,85,3874,Bronze INV,br_ReAssessmentOccupational,TASK_COMPLETE,SUCCESS,INFO,15,15,0,,2026-08-25T19:26:03.177Z,2026-08-25T21:23:56.829Z,7073,2026-08-25T21:23:56.829Z,TU,Tucson,7eb7a049-5d17-4a23-bb2f-3b9c445afd32,SAMMS-Tucson
202608252121599837,202608251925575707,202608251925573776,85,3876,Bronze INV,br_ReAssessmentOccupational,TASK_COMPLETE,SUCCESS,INFO,661,661,0,,2026-08-25T19:26:03.177Z,2026-08-25T21:23:56.829Z,7073,2026-08-25T21:23:56.829Z,V1,Memphis South,7eb7a049-5d17-4a23-bb2f-3b9c445afd32,SAMMS-VCPHCS-I-MemphisV5
202608252121599838,202608251925575708,202608251925573776,85,3877,Bronze INV,br_ReAssessmentOccupational,TASK_COMPLETE,SUCCESS,INFO,1627,1627,0,,2026-08-25T19:26:03.177Z,2026-08-25T21:23:56.829Z,7073,2026-08-25T21:23:56.829Z,V10,Longmont,7eb7a049-5d17-4a23-bb2f-3b9c445afd32,SAMMS-BoulderV5
202608252121599839,202608251925575709,202608251925573776,85,3878,Bronze INV,br_ReAssessmentOccupational,TASK_COMPLETE,SUCCESS,INFO,1513,1513,0,,2026-08-25T19:26:03.177Z,2026-08-25T21:23:56.829Z,7073,2026-08-25T21:23:56.829Z,V10A,Fort Collins,7eb7a049-5d17-4a23-bb2f-3b9c445afd32,SAMMS-FortCollinsV5
202608252121599840,202608251925575710,202608251925573776,85,3879,Bronze INV,br_ReAssessmentOccupational,TASK_COMPLETE,SUCCESS,INFO,2864,2864,0,,2026-08-25T19:26:03.177Z,2026-08-25T21:23:56.829Z,7073,2026-08-25T21:23:56.829Z,V11,Westminster,7eb7a049-5d17-4a23-bb2f-3b9c445afd32,SAMMS-VCPHCS-XI-NorthDenverV5
202608252121599841,202608251925575711,202608251925573776,85,3880,Bronze INV,br_ReAssessmentOccupational,TASK_COMPLETE,SUCCESS,INFO,3036,3036,0,,2026-08-25T19:26:03.177Z,2026-08-25T21:23:56.829Z,7073,2026-08-25T21:23:56.829Z,V12,Downtown Denver,7eb7a049-5d17-4a23-bb2f-3b9c445afd32,SAMMS-VCPHCS-XII-DowntownDenverV5
202608252121599843,202608251925575712,202608251925573776,85,3881,Bronze INV,br_ReAssessmentOccupational,TASK_COMPLETE,SUCCESS,INFO,1136,1136,0,,2026-08-25T19:26:03.177Z,2026-08-25T21:23:56.829Z,7073,2026-08-25T21:23:56.829Z,V12A,Centennial,7eb7a049-5d17-4a23-bb2f-3b9c445afd32,SAMMS-CentennialV5
202608262209459429,202608261955300678,202608261955298282,85,4065,Bronze INV,br_ReAssessmentPhysicalHealth,TASK_COMPLETE,SUCCESS,INFO,1144,1144,0,,2026-08-26T19:55:35.047Z,2026-08-26T22:11:39.517Z,8164,2026-08-26T22:11:39.517Z,V12A,Centennial,20846baf-2fe5-403c-85d4-31520e88a3ce,SAMMS-CentennialV5
202608262209459430,202608261955300679,202608261955298282,85,4066,Bronze INV,br_ReAssessmentPhysicalHealth,TASK_COMPLETE,SUCCESS,INFO,295,295,0,,2026-08-26T19:55:35.047Z,2026-08-26T22:11:39.517Z,8164,2026-08-26T22:11:39.517Z,V14,Overland Park,20846baf-2fe5-403c-85d4-31520e88a3ce,SAMMS-VCPHCS-XIV-BridgewayV5
202608262209459431,202608261955300680,202608261955298282,85,4067,Bronze INV,br_ReAssessmentPhysicalHealth,TASK_COMPLETE,SUCCESS,INFO,609,609,0,,2026-08-26T19:55:35.047Z,2026-08-26T22:11:39.517Z,8164,2026-08-26T22:11:39.517Z,V15,Joplin,20846baf-2fe5-403c-85d4-31520e88a3ce,SAMMS-JoplinV5
202608262209459432,202608261955300681,202608261955298282,85,4069,Bronze INV,br_ReAssessmentPhysicalHealth,TASK_COMPLETE,SUCCESS,INFO,906,906,0,,2026-08-26T19:55:35.047Z,2026-08-26T22:11:39.517Z,8164,2026-08-26T22:11:39.517Z,V17,Columbia TN,20846baf-2fe5-403c-85d4-31520e88a3ce,SAMMS-ColumbiaTNv5
202608262209459433,202608261955300682,202608261955298282,85,4071,Bronze INV,br_ReAssessmentPhysicalHealth,TASK_COMPLETE,SUCCESS,INFO,534,534,0,,2026-08-26T19:55:35.047Z,2026-08-26T22:11:39.517Z,8164,2026-08-26T22:11:39.517Z,V19,Jackson,20846baf-2fe5-403c-85d4-31520e88a3ce,SAMMS-JacksonV5
202608262209459435,202608261955300683,202608261955298282,85,4073,Bronze INV,br_ReAssessmentPhysicalHealth,TASK_COMPLETE,SUCCESS,INFO,1776,1776,0,,2026-08-26T19:55:35.047Z,2026-08-26T22:11:39.517Z,8164,2026-08-26T22:11:39.517Z,V20,Paris,20846baf-2fe5-403c-85d4-31520e88a3ce,SAMMS-ParisV5
202608262209459436,202608261955300684,202608261955298282,85,4074,Bronze INV,br_ReAssessmentPhysicalHealth,TASK_COMPLETE,SUCCESS,INFO,723,723,0,,2026-08-26T19:55:35.047Z,2026-08-26T22:11:39.517Z,8164,2026-08-26T22:11:39.517Z,V21,Memphis North,20846baf-2fe5-403c-85d4-31520e88a3ce,SAMMS-RaleighV5
202608262209459437,202608261955300685,202608261955298282,85,4077,Bronze INV,br_ReAssessmentPhysicalHealth,TASK_COMPLETE,SUCCESS,INFO,1786,1786,0,,2026-08-26T19:55:35.047Z,2026-08-26T22:11:39.517Z,8164,2026-08-26T22:11:39.517Z,V5,West Bank,20846baf-2fe5-403c-85d4-31520e88a3ce,SAMMS-NONTCv5
202608262209459438,202608261955300686,202608261955298282,85,4079,Bronze INV,br_ReAssessmentPhysicalHealth,TASK_COMPLETE,SUCCESS,INFO,146,146,0,,2026-08-26T19:55:35.047Z,2026-08-26T22:11:39.517Z,8164,2026-08-26T22:11:39.517Z,V5B,Houma,20846baf-2fe5-403c-85d4-31520e88a3ce,SAMMS-HoumaV6
202608262209459439,202608261955300687,202608261955298282,85,4080,Bronze INV,br_ReAssessmentPhysicalHealth,TASK_COMPLETE,SUCCESS,INFO,1917,1917,0,,2026-08-26T19:55:35.047Z,2026-08-26T22:11:39.517Z,8164,2026-08-26T22:11:39.517Z,V6,Lake Charles,20846baf-2fe5-403c-85d4-31520e88a3ce,SAMMS-LCv5
202608262209459440,202608261955300688,202608261955298282,85,4082,Bronze INV,br_ReAssessmentPhysicalHealth,TASK_COMPLETE,SUCCESS,INFO,744,744,0,,2026-08-26T19:55:35.047Z,2026-08-26T22:11:39.517Z,8164,2026-08-26T22:11:39.517Z,V8,Memphis Midtown,20846baf-2fe5-403c-85d4-31520e88a3ce,SAMMS-VCPHCS-VIII-MemphisV5
202608262209459442,202608261955300689,202608261955298282,85,4083,Bronze INV,br_ReAssessmentPhysicalHealth,TASK_COMPLETE,SUCCESS,INFO,1769,1769,0,,2026-08-26T19:55:35.047Z,2026-08-26T22:11:39.517Z,8164,2026-08-26T22:11:39.517Z,V9,Nashville,20846baf-2fe5-403c-85d4-31520e88a3ce,SAMMS-NashvilleV5
202608262209459443,202608261955300690,202608261955298282,85,4084,Bronze INV,br_ReAssessmentPhysicalHealth,TASK_COMPLETE,SUCCESS,INFO,842,842,0,,2026-08-26T19:55:35.047Z,2026-08-26T22:11:39.517Z,8164,2026-08-26T22:11:39.517Z,VBRA,Brainerd,20846baf-2fe5-403c-85d4-31520e88a3ce,SAMMS-BrainerdV6
202608262209459444,202608261955300691,202608261955298282,85,4085,Bronze INV,br_ReAssessmentPhysicalHealth,TASK_COMPLETE,SUCCESS,INFO,1965,1965,0,,2026-08-26T19:55:35.047Z,2026-08-26T22:11:39.517Z,8164,2026-08-26T22:11:39.517Z,VBRP,Brooklyn Park,20846baf-2fe5-403c-85d4-31520e88a3ce,SAMMS-BrooklynParkV6
202608262209459445,202608261955300692,202608261955298282,85,4087,Bronze INV,br_ReAssessmentPhysicalHealth,TASK_COMPLETE,SUCCESS,INFO,746,746,0,,2026-08-26T19:55:35.047Z,2026-08-26T22:11:39.517Z,8164,2026-08-26T22:11:39.517Z,VMIN,Minneapolis,20846baf-2fe5-403c-85d4-31520e88a3ce,SAMMS-MinneapolisV6
202608262209459446,202608261955300693,202608261955298282,85,4088,Bronze INV,br_ReAssessmentPhysicalHealth,TASK_COMPLETE,SUCCESS,INFO,889,889,0,,2026-08-26T19:55:35.047Z,2026-08-26T22:11:39.517Z,8164,2026-08-26T22:11:39.517Z,VWBY,Woodbury,20846baf-2fe5-403c-85d4-31520e88a3ce,SAMMS-WoodburyV6
202608262209459447,202608261955300694,202608261955298282,85,4090,Bronze INV,br_ReAssessmentPhysicalHealth,TASK_COMPLETE,SUCCESS,INFO,161,161,0,,2026-08-26T19:55:35.047Z,2026-08-26T22:11:39.517Z,8164,2026-08-26T22:11:39.517Z,WIL,Wilson,20846baf-2fe5-403c-85d4-31520e88a3ce,SAMMS-Wilson
202608262209459549,202608261955398296,202608261955398282,86,5733,Silver INV,sl_ReAssessmentPhysicalHealth,TASK_COMPLETE,SUCCESS,INFO,78871,78871,0,,2026-08-26T19:55:35.047Z,2026-08-26T22:11:39.517Z,8164,2026-08-26T22:11:39.517Z,,,20846baf-2fe5-403c-85d4-31520e88a3ce,
202608262209459472,202608261955300810,202608261955298282,85,4094,Bronze INV,br_ReAssessmentSocial,TASK_COMPLETE,SUCCESS,INFO,35,35,0,,2026-08-26T19:55:35.047Z,2026-08-26T22:11:39.517Z,8164,2026-08-26T22:11:39.517Z,AHK,Ahoskie,20846baf-2fe5-403c-85d4-31520e88a3ce,SAMMS-Ahoskie
202608262209459473,202608261955300811,202608261955298282,85,4095,Bronze INV,br_ReAssessmentSocial,TASK_COMPLETE,SUCCESS,INFO,662,662,0,,2026-08-26T19:55:35.047Z,2026-08-26T22:11:39.517Z,8164,2026-08-26T22:11:39.517Z,B12B,Colorado Springs,20846baf-2fe5-403c-85d4-31520e88a3ce,SAMMS-ColoradoSpringsV5
202608262209459474,202608261955300812,202608261955298282,85,4096,Bronze INV,br_ReAssessmentSocial,TASK_COMPLETE,SUCCESS,INFO,826,826,0,,2026-08-26T19:55:35.047Z,2026-08-26T22:11:39.517Z,8164,2026-08-26T22:11:39.517Z,B24,Paintsville,20846baf-2fe5-403c-85d4-31520e88a3ce,SAMMS-PaintsvilleV5
202608262209459476,202608261955300813,202608261955298282,85,4097,Bronze INV,br_ReAssessmentSocial,TASK_COMPLETE,SUCCESS,INFO,646,646,0,,2026-08-26T19:55:35.047Z,2026-08-26T22:11:39.517Z,8164,2026-08-26T22:11:39.517Z,B25,Pikeville,20846baf-2fe5-403c-85d4-31520e88a3ce,SAMMS-PikevilleV5
202608262209459477,202608261955300814,202608261955298282,85,4098,Bronze INV,br_ReAssessmentSocial,TASK_COMPLETE,SUCCESS,INFO,971,971,0,,2026-08-26T19:55:35.047Z,2026-08-26T22:11:39.517Z,8164,2026-08-26T22:11:39.517Z,B26,Hazard,20846baf-2fe5-403c-85d4-31520e88a3ce,SAMMS-HazardV5
202608262209459478,202608261955300815,202608261955298282,85,4099,Bronze INV,br_ReAssessmentSocial,TASK_COMPLETE,SUCCESS,INFO,531,531,0,,2026-08-26T19:55:35.047Z,2026-08-26T22:11:39.517Z,8164,2026-08-26T22:11:39.517Z,B27,Savannah,20846baf-2fe5-403c-85d4-31520e88a3ce,SAMMS-SavannahV6
202608262209459479,202608261955300816,202608261955298282,85,4100,Bronze INV,br_ReAssessmentSocial,TASK_COMPLETE,SUCCESS,INFO,245,245,0,,2026-08-26T19:55:35.047Z,2026-08-26T22:11:39.517Z,8164,2026-08-26T22:11:39.517Z,B28,West Plains,20846baf-2fe5-403c-85d4-31520e88a3ce,SAMMS-WestPlainesV5
202608262209459480,202608261955300817,202608261955298282,85,4101,Bronze INV,br_ReAssessmentSocial,TASK_COMPLETE,SUCCESS,INFO,461,461,0,,2026-08-26T19:55:35.047Z,2026-08-26T22:11:39.517Z,8164,2026-08-26T22:11:39.517Z,B29,Poplar Bluff,20846baf-2fe5-403c-85d4-31520e88a3ce,SAMMS-PoplarBluffV5
202608262209459481,202608261955300818,202608261955298282,85,4102,Bronze INV,br_ReAssessmentSocial,TASK_COMPLETE,SUCCESS,INFO,77,77,0,,2026-08-26T19:55:35.047Z,2026-08-26T22:11:39.517Z,8164,2026-08-26T22:11:39.517Z,B30,KC North,20846baf-2fe5-403c-85d4-31520e88a3ce,SAMMS-KCNv5
202608262209459483,202608261955300819,202608261955298282,85,4103,Bronze INV,br_ReAssessmentSocial,TASK_COMPLETE,SUCCESS,INFO,401,401,0,,2026-08-26T19:55:35.047Z,2026-08-26T22:11:39.517Z,8164,2026-08-26T22:11:39.517Z,B31,Dyersburg,20846baf-2fe5-403c-85d4-31520e88a3ce,SAMMS-DyersburgV5
202608262209459484,202608261955300820,202608261955298282,85,4105,Bronze INV,br_ReAssessmentSocial,TASK_COMPLETE,SUCCESS,INFO,487,487,0,,2026-08-26T19:55:35.047Z,2026-08-26T22:11:39.517Z,8164,2026-08-26T22:11:39.517Z,B33,Paducah,20846baf-2fe5-403c-85d4-31520e88a3ce,SAMMS-Paducah
202608262209459485,202608261955300821,202608261955298282,85,4106,Bronze INV,br_ReAssessmentSocial,TASK_COMPLETE,SUCCESS,INFO,384,384,0,,2026-08-26T19:55:35.047Z,2026-08-26T22:11:39.517Z,8164,2026-08-26T22:11:39.517Z,B34,Corbin,20846baf-2fe5-403c-85d4-31520e88a3ce,SAMMS-CorbinV5
202608262209459486,202608261955300822,202608261955298282,85,4107,Bronze INV,br_ReAssessmentSocial,TASK_COMPLETE,SUCCESS,INFO,239,239,0,,2026-08-26T19:55:35.047Z,2026-08-26T22:11:39.517Z,8164,2026-08-26T22:11:39.517Z,B35,Lexington,20846baf-2fe5-403c-85d4-31520e88a3ce,SAMMS-LexingtonV5
202608262209459487,202608261955300823,202608261955298282,85,4108,Bronze INV,br_ReAssessmentSocial,TASK_COMPLETE,SUCCESS,INFO,77,77,0,,2026-08-26T19:55:35.047Z,2026-08-26T22:11:39.517Z,8164,2026-08-26T22:11:39.517Z,B35A,Berea,20846baf-2fe5-403c-85d4-31520e88a3ce,SAMMS-BereaV5
202608262209459488,202608261955300824,202608261955298282,85,4109,Bronze INV,br_ReAssessmentSocial,TASK_COMPLETE,SUCCESS,INFO,20,20,0,,2026-08-26T19:55:35.047Z,2026-08-26T22:11:39.517Z,8164,2026-08-26T22:11:39.517Z,B36,Asheville,20846baf-2fe5-403c-85d4-31520e88a3ce,SAMMS-AshevilleV5
202608262209459489,202608261955300825,202608261955298282,85,4110,Bronze INV,br_ReAssessmentSocial,TASK_COMPLETE,SUCCESS,INFO,1,1,0,,2026-08-26T19:55:35.047Z,2026-08-26T22:11:39.517Z,8164,2026-08-26T22:11:39.517Z,B37,Clyde,20846baf-2fe5-403c-85d4-31520e88a3ce,SAMMS-ClydeV5
202608262209459491,202608261955300826,202608261955298282,85,4111,Bronze INV,br_ReAssessmentSocial,TASK_COMPLETE,SUCCESS,INFO,1186,1186,0,,2026-08-26T19:55:35.047Z,2026-08-26T22:11:39.517Z,8164,2026-08-26T22:11:39.517Z,B38,Spartanburg,20846baf-2fe5-403c-85d4-31520e88a3ce,SAMMS-SpartanburgV5
202608262209459492,202608261955300827,202608261955298282,85,4112,Bronze INV,br_ReAssessmentSocial,TASK_COMPLETE,SUCCESS,INFO,361,361,0,,2026-08-26T19:55:35.047Z,2026-08-26T22:11:39.517Z,8164,2026-08-26T22:11:39.517Z,B39,Aiken,20846baf-2fe5-403c-85d4-31520e88a3ce,SAMMS-AikenV5
202608262209459493,202608261955300828,202608261955298282,85,4113,Bronze INV,br_ReAssessmentSocial,TASK_COMPLETE,SUCCESS,INFO,1887,1887,0,,2026-08-26T19:55:35.047Z,2026-08-26T22:11:39.517Z,8164,2026-08-26T22:11:39.517Z,B41,Chesapeake,20846baf-2fe5-403c-85d4-31520e88a3ce,SAMMS-ChesapeakeV5
202608262209459494,202608261955300829,202608261955298282,85,4114,Bronze INV,br_ReAssessmentSocial,TASK_COMPLETE,SUCCESS,INFO,1911,1911,0,,2026-08-26T19:55:35.047Z,2026-08-26T22:11:39.517Z,8164,2026-08-26T22:11:39.517Z,B42,Virginia Beach,20846baf-2fe5-403c-85d4-31520e88a3ce,SAMMS-VirginiaBeachV5
202608262209459495,202608261955300830,202608261955298282,85,4115,Bronze INV,br_ReAssessmentSocial,TASK_COMPLETE,SUCCESS,INFO,925,925,0,,2026-08-26T19:55:35.047Z,2026-08-26T22:11:39.517Z,8164,2026-08-26T22:11:39.517Z,B42A,Newport News,20846baf-2fe5-403c-85d4-31520e88a3ce,SAMMS-NewportNewsV5
202608262209459496,202608261955300831,202608261955298282,85,4116,Bronze INV,br_ReAssessmentSocial,TASK_COMPLETE,SUCCESS,INFO,507,507,0,,2026-08-26T19:55:35.047Z,2026-08-26T22:11:39.517Z,8164,2026-08-26T22:11:39.517Z,B42B,Franklin,20846baf-2fe5-403c-85d4-31520e88a3ce,SAMMS-FranklinV5
202608262209459498,202608261955300832,202608261955298282,85,4117,Bronze INV,br_ReAssessmentSocial,TASK_COMPLETE,SUCCESS,INFO,340,340,0,,2026-08-26T19:55:35.047Z,2026-08-26T22:11:39.517Z,8164,2026-08-26T22:11:39.517Z,B42C,Glen Allen,20846baf-2fe5-403c-85d4-31520e88a3ce,SAMMS-GlenAllenV5
202608262209459499,202608261955300833,202608261955298282,85,4118,Bronze INV,br_ReAssessmentSocial,TASK_COMPLETE,SUCCESS,INFO,1480,1480,0,,2026-08-26T19:55:35.047Z,2026-08-26T22:11:39.517Z,8164,2026-08-26T22:11:39.517Z,B42D,Chesapeake South,20846baf-2fe5-403c-85d4-31520e88a3ce,SAMMS-ChesapeakeSouthV5
202608262209459500,202608261955300834,202608261955298282,85,4119,Bronze INV,br_ReAssessmentSocial,TASK_COMPLETE,SUCCESS,INFO,632,632,0,,2026-08-26T19:55:35.047Z,2026-08-26T22:11:39.517Z,8164,2026-08-26T22:11:39.517Z,B44,Albany,20846baf-2fe5-403c-85d4-31520e88a3ce,SAMMS-AlbanyV5
202608262209459501,202608261955300835,202608261955298282,85,4120,Bronze INV,br_ReAssessmentSocial,TASK_COMPLETE,SUCCESS,INFO,1268,1268,0,,2026-08-26T19:55:35.047Z,2026-08-26T22:11:39.517Z,8164,2026-08-26T22:11:39.517Z,B45,Tifton,20846baf-2fe5-403c-85d4-31520e88a3ce,SAMMS-TiftonV5
202608262209459502,202608261955300836,202608261955298282,85,4121,Bronze INV,br_ReAssessmentSocial,TASK_COMPLETE,SUCCESS,INFO,588,588,0,,2026-08-26T19:55:35.047Z,2026-08-26T22:11:39.517Z,8164,2026-08-26T22:11:39.517Z,B46,Washington DC,20846baf-2fe5-403c-85d4-31520e88a3ce,SAMMS-WashingtonDCv5
202608262209459503,202608261955300837,202608261955298282,85,4122,Bronze INV,br_ReAssessmentSocial,TASK_COMPLETE,SUCCESS,INFO,1558,1558,0,,2026-08-26T19:55:35.047Z,2026-08-26T22:11:39.517Z,8164,2026-08-26T22:11:39.517Z,B47,Mobile,20846baf-2fe5-403c-85d4-31520e88a3ce,SAMMS-MobileV5
202608262209459504,202608261955300838,202608261955298282,85,4123,Bronze INV,br_ReAssessmentSocial,TASK_COMPLETE,SUCCESS,INFO,1294,1294,0,,2026-08-26T19:55:35.047Z,2026-08-26T22:11:39.517Z,8164,2026-08-26T22:11:39.517Z,B48,Tuscaloosa,20846baf-2fe5-403c-85d4-31520e88a3ce,SAMMS-TuscaloosaV5
202608262209459506,202608261955300839,202608261955298282,85,4132,Bronze INV,br_ReAssessmentSocial,TASK_COMPLETE,SUCCESS,INFO,2,2,0,,2026-08-26T19:55:35.047Z,2026-08-26T22:11:39.517Z,8164,2026-08-26T22:11:39.517Z,B51,N. Little Rock (OTP),20846baf-2fe5-403c-85d4-31520e88a3ce,SAMMS-NorthLittleRockV6
202608262209459507,202608261955300840,202608261955298282,85,4133,Bronze INV,br_ReAssessmentSocial,TASK_COMPLETE,SUCCESS,INFO,453,453,0,,2026-08-26T19:55:35.047Z,2026-08-26T22:11:39.517Z,8164,2026-08-26T22:11:39.517Z,B52,Jackson GA,20846baf-2fe5-403c-85d4-31520e88a3ce,SAMMS-JacksonGAV5
202608262209459508,202608261955300841,202608261955298282,85,4134,Bronze INV,br_ReAssessmentSocial,TASK_COMPLETE,SUCCESS,INFO,1702,1702,0,,2026-08-26T19:55:35.047Z,2026-08-26T22:11:39.517Z,8164,2026-08-26T22:11:39.517Z,B54,Gadsden,20846baf-2fe5-403c-85d4-31520e88a3ce,SAMMS-GadsdenV5
202608262209459509,202608261955300842,202608261955298282,85,4135,Bronze INV,br_ReAssessmentSocial,TASK_COMPLETE,SUCCESS,INFO,945,945,0,,2026-08-26T19:55:35.047Z,2026-08-26T22:11:39.517Z,8164,2026-08-26T22:11:39.517Z,B55,Shoals,20846baf-2fe5-403c-85d4-31520e88a3ce,SAMMS-ShoalsV5
202608262209459510,202608261955300843,202608261955298282,85,4136,Bronze INV,br_ReAssessmentSocial,TASK_COMPLETE,SUCCESS,INFO,294,294,0,,2026-08-26T19:55:35.047Z,2026-08-26T22:11:39.517Z,8164,2026-08-26T22:11:39.517Z,B57,Pawtucket,20846baf-2fe5-403c-85d4-31520e88a3ce,SAMMS-Pawtucket
202608262209459511,202608261955300844,202608261955298282,85,4137,Bronze INV,br_ReAssessmentSocial,TASK_COMPLETE,SUCCESS,INFO,550,550,0,,2026-08-26T19:55:35.047Z,2026-08-26T22:11:39.517Z,8164,2026-08-26T22:11:39.517Z,B57A,Johnston,20846baf-2fe5-403c-85d4-31520e88a3ce,SAMMS-Johnston
202608262209459512,202608261955300845,202608261955298282,85,4138,Bronze INV,br_ReAssessmentSocial,TASK_COMPLETE,SUCCESS,INFO,166,166,0,,2026-08-26T19:55:35.047Z,2026-08-26T22:11:39.517Z,8164,2026-08-26T22:11:39.517Z,B57B,Middletown,20846baf-2fe5-403c-85d4-31520e88a3ce,SAMMS-Middletown
202608262209459514,202608261955300846,202608261955298282,85,4139,Bronze INV,br_ReAssessmentSocial,TASK_COMPLETE,SUCCESS,INFO,410,410,0,,2026-08-26T19:55:35.047Z,2026-08-26T22:11:39.517Z,8164,2026-08-26T22:11:39.517Z,B57C,Providence,20846baf-2fe5-403c-85d4-31520e88a3ce,SAMMS-Providence
202608262209459515,202608261955300847,202608261955298282,85,4140,Bronze INV,br_ReAssessmentSocial,TASK_COMPLETE,SUCCESS,INFO,621,621,0,,2026-08-26T19:55:35.047Z,2026-08-26T22:11:39.517Z,8164,2026-08-26T22:11:39.517Z,B57D,Westerly,20846baf-2fe5-403c-85d4-31520e88a3ce,SAMMS-Westerly
202608262209459516,202608261955300848,202608261955298282,85,4144,Bronze INV,br_ReAssessmentSocial,TASK_COMPLETE,SUCCESS,INFO,4,4,0,,2026-08-26T19:55:35.047Z,2026-08-26T22:11:39.517Z,8164,2026-08-26T22:11:39.517Z,B66A,Bremen,20846baf-2fe5-403c-85d4-31520e88a3ce,SAMMS-Bremen
202608262209459517,202608261955300849,202608261955298282,85,4147,Bronze INV,br_ReAssessmentSocial,TASK_COMPLETE,SUCCESS,INFO,0,0,0,,2026-08-26T19:55:35.047Z,2026-08-26T22:11:39.517Z,8164,2026-08-26T22:11:39.517Z,B72,Mobile (OBOT),20846baf-2fe5-403c-85d4-31520e88a3ce,SAMMS-Mobile-OBOT
202608262209459518,202608261955300850,202608261955298282,85,4148,Bronze INV,br_ReAssessmentSocial,TASK_COMPLETE,SUCCESS,INFO,0,0,0,,2026-08-26T19:55:35.047Z,2026-08-26T22:11:39.517Z,8164,2026-08-26T22:11:39.517Z,B73,Montgomery,20846baf-2fe5-403c-85d4-31520e88a3ce,SAMMS-Montgomery
202608262209459519,202608261955300851,202608261955298282,85,4149,Bronze INV,br_ReAssessmentSocial,TASK_COMPLETE,SUCCESS,INFO,516,516,0,,2026-08-26T19:55:35.047Z,2026-08-26T22:11:39.517Z,8164,2026-08-26T22:11:39.517Z,B75,Lawrence,20846baf-2fe5-403c-85d4-31520e88a3ce,SAMMS-LawrenceV6
202608262209459520,202608261955300852,202608261955298282,85,4150,Bronze INV,br_ReAssessmentSocial,TASK_COMPLETE,SUCCESS,INFO,0,0,0,,2026-08-26T19:55:35.047Z,2026-08-26T22:11:39.517Z,8164,2026-08-26T22:11:39.517Z,B76,Huntsville OBOT,20846baf-2fe5-403c-85d4-31520e88a3ce,SAMMS-Huntsville-OBOT
202608262209459522,202608261955300853,202608261955298282,85,4151,Bronze INV,br_ReAssessmentSocial,TASK_COMPLETE,SUCCESS,INFO,0,0,0,,2026-08-26T19:55:35.047Z,2026-08-26T22:11:39.517Z,8164,2026-08-26T22:11:39.517Z,BAT,Batesville,20846baf-2fe5-403c-85d4-31520e88a3ce,SAMMS-Batesville
202608262209459523,202608261955300854,202608261955298282,85,4152,Bronze INV,br_ReAssessmentSocial,TASK_COMPLETE,SUCCESS,INFO,460,460,0,,2026-08-26T19:55:35.047Z,2026-08-26T22:11:39.517Z,8164,2026-08-26T22:11:39.517Z,BG,Bowling Green,20846baf-2fe5-403c-85d4-31520e88a3ce,SAMMS-BowlingGreen
202608262209459524,202608261955300855,202608261955298282,85,4153,Bronze INV,br_ReAssessmentSocial,TASK_COMPLETE,SUCCESS,INFO,180,180,0,,2026-08-26T19:55:35.047Z,2026-08-26T22:11:39.517Z,8164,2026-08-26T22:11:39.517Z,BOI,Boise,20846baf-2fe5-403c-85d4-31520e88a3ce,SAMMS-Boise
202608262209459525,202608261955300856,202608261955298282,85,4160,Bronze INV,br_ReAssessmentSocial,TASK_COMPLETE,SUCCESS,INFO,51,51,0,,2026-08-26T19:55:35.047Z,2026-08-26T22:11:39.517Z,8164,2026-08-26T22:11:39.517Z,CBCO,Coeur dAlene,20846baf-2fe5-403c-85d4-31520e88a3ce,SAMMS-CoeurdAleneV6
202608262209459526,202608261955300857,202608261955298282,85,4179,Bronze INV,br_ReAssessmentSocial,TASK_COMPLETE,SUCCESS,INFO,0,0,0,,2026-08-26T19:55:35.047Z,2026-08-26T22:11:39.517Z,8164,2026-08-26T22:11:39.517Z,CON,Conway,20846baf-2fe5-403c-85d4-31520e88a3ce,SAMMS-Conway
202608262209459527,202608261955300858,202608261955298282,85,4180,Bronze INV,br_ReAssessmentSocial,TASK_COMPLETE,SUCCESS,INFO,2568,2568,0,,2026-08-26T19:55:35.047Z,2026-08-26T22:11:39.517Z,8164,2026-08-26T22:11:39.517Z,D07,Medical Services Knox TN,20846baf-2fe5-403c-85d4-31520e88a3ce,SAMMS-KnoxvilleV6
202608262209459529,202608261955300859,202608261955298282,85,4181,Bronze INV,br_ReAssessmentSocial,TASK_COMPLETE,SUCCESS,INFO,111,111,0,,2026-08-26T19:55:35.047Z,2026-08-26T22:11:39.517Z,8164,2026-08-26T22:11:39.517Z,D08,Madison,20846baf-2fe5-403c-85d4-31520e88a3ce,SAMMS-MadisonV6
202608262209459530,202608261955300860,202608261955298282,85,4183,Bronze INV,br_ReAssessmentSocial,TASK_COMPLETE,SUCCESS,INFO,118,118,0,,2026-08-26T19:55:35.047Z,2026-08-26T22:11:39.517Z,8164,2026-08-26T22:11:39.517Z,D09,Murfreesboro,20846baf-2fe5-403c-85d4-31520e88a3ce,SAMMS-MurfreesboroV6
202608262209459531,202608261955300861,202608261955298282,85,4184,Bronze INV,br_ReAssessmentSocial,TASK_COMPLETE,SUCCESS,INFO,336,336,0,,2026-08-26T19:55:35.047Z,2026-08-26T22:11:39.517Z,8164,2026-08-26T22:11:39.517Z,DA,Davenport,20846baf-2fe5-403c-85d4-31520e88a3ce,SAMMS-Davenport
202608262209459532,202608261955300862,202608261955298282,85,4185,Bronze INV,br_ReAssessmentSocial,TASK_COMPLETE,SUCCESS,INFO,286,286,0,,2026-08-26T19:55:35.047Z,2026-08-26T22:11:39.517Z,8164,2026-08-26T22:11:39.517Z,DM,Des Moines,20846baf-2fe5-403c-85d4-31520e88a3ce,SAMMS-DesMoines
202608262209459533,202608261955300863,202608261955298282,85,4187,Bronze INV,br_ReAssessmentSocial,TASK_COMPLETE,SUCCESS,INFO,529,529,0,,2026-08-26T19:55:35.047Z,2026-08-26T22:11:39.517Z,8164,2026-08-26T22:11:39.517Z,DRD-CO,Columbia MO,20846baf-2fe5-403c-85d4-31520e88a3ce,SAMMS-ColumbiaV5
202608262209459534,202608261955300864,202608261955298282,85,4188,Bronze INV,br_ReAssessmentSocial,TASK_COMPLETE,SUCCESS,INFO,347,347,0,,2026-08-26T19:55:35.047Z,2026-08-26T22:11:39.517Z,8164,2026-08-26T22:11:39.517Z,DRD-KC,KC,20846baf-2fe5-403c-85d4-31520e88a3ce,SAMMS-KCv5
202608262209459535,202608261955300865,202608261955298282,85,4189,Bronze INV,br_ReAssessmentSocial,TASK_COMPLETE,SUCCESS,INFO,1551,1551,0,,2026-08-26T19:55:35.047Z,2026-08-26T22:11:39.517Z,8164,2026-08-26T22:11:39.517Z,DRD-KVB,KVB,20846baf-2fe5-403c-85d4-31520e88a3ce,SAMMS-KVBv5
202608262209459537,202608261955300866,202608261955298282,85,4190,Bronze INV,br_ReAssessmentSocial,TASK_COMPLETE,SUCCESS,INFO,1669,1669,0,,2026-08-26T19:55:35.047Z,2026-08-26T22:11:39.517Z,8164,2026-08-26T22:11:39.517Z,DRD-KVC,KVC,20846baf-2fe5-403c-85d4-31520e88a3ce,SAMMS-KVCv5
202608262209459538,202608261955300867,202608261955298282,85,4191,Bronze INV,br_ReAssessmentSocial,TASK_COMPLETE,SUCCESS,INFO,3201,3201,0,,2026-08-26T19:55:35.047Z,2026-08-26T22:11:39.517Z,8164,2026-08-26T22:11:39.517Z,DRD-NOLA,NOLA,20846baf-2fe5-403c-85d4-31520e88a3ce,SAMMS-NOLAv5
202608262209459539,202608261955300868,202608261955298282,85,4192,Bronze INV,br_ReAssessmentSocial,TASK_COMPLETE,SUCCESS,INFO,798,798,0,,2026-08-26T19:55:35.047Z,2026-08-26T22:11:39.517Z,8164,2026-08-26T22:11:39.517Z,DRD-SF,Springfield,20846baf-2fe5-403c-85d4-31520e88a3ce,SAMMS-SFv5
202608262209459540,202608261955300869,202608261955298282,85,4194,Bronze INV,br_ReAssessmentSocial,TASK_COMPLETE,SUCCESS,INFO,260,260,0,,2026-08-26T19:55:35.047Z,2026-08-26T22:11:39.517Z,8164,2026-08-26T22:11:39.517Z,ELC,Elizabeth City,20846baf-2fe5-403c-85d4-31520e88a3ce,SAMMS-ElizabethCity
202608262209459541,202608261955300870,202608261955298282,85,4195,Bronze INV,br_ReAssessmentSocial,TASK_COMPLETE,SUCCESS,INFO,128,128,0,,2026-08-26T19:55:35.047Z,2026-08-26T22:11:39.517Z,8164,2026-08-26T22:11:39.517Z,ET,Elizabethtown,20846baf-2fe5-403c-85d4-31520e88a3ce,SAMMS-Elizabethtown
202608262209459542,202608261955300871,202608261955298282,85,4196,Bronze INV,br_ReAssessmentSocial,TASK_COMPLETE,SUCCESS,INFO,0,0,0,,2026-08-26T19:55:35.047Z,2026-08-26T22:11:39.517Z,8164,2026-08-26T22:11:39.517Z,FAY,Fayetteville,20846baf-2fe5-403c-85d4-31520e88a3ce,SAMMS-Fayetteville
202608262209459543,202608261955300872,202608261955298282,85,4197,Bronze INV,br_ReAssessmentSocial,TASK_COMPLETE,SUCCESS,INFO,156,156,0,,2026-08-26T19:55:35.047Z,2026-08-26T22:11:39.517Z,8164,2026-08-26T22:11:39.517Z,FR,Frankfort,20846baf-2fe5-403c-85d4-31520e88a3ce,SAMMS-Frankfort
202608262209459545,202608261955300873,202608261955298282,85,4198,Bronze INV,br_ReAssessmentSocial,TASK_COMPLETE,SUCCESS,INFO,0,0,0,,2026-08-26T19:55:35.047Z,2026-08-26T22:11:39.517Z,8164,2026-08-26T22:11:39.517Z,FS,Fort Smith,20846baf-2fe5-403c-85d4-31520e88a3ce,SAMMS-FortSmith
202608262209459546,202608261955300874,202608261955298282,85,4199,Bronze INV,br_ReAssessmentSocial,TASK_COMPLETE,SUCCESS,INFO,465,465,0,,2026-08-26T19:55:35.047Z,2026-08-26T22:11:39.517Z,8164,2026-08-26T22:11:39.517Z,FW,Fort Wayne,20846baf-2fe5-403c-85d4-31520e88a3ce,SAMMS-FortWayne
202608262209459547,202608261955300875,202608261955298282,85,4200,Bronze INV,br_ReAssessmentSocial,TASK_COMPLETE,SUCCESS,INFO,273,273,0,,2026-08-26T19:55:35.047Z,2026-08-26T22:11:39.517Z,8164,2026-08-26T22:11:39.517Z,GAL,Gaylord,20846baf-2fe5-403c-85d4-31520e88a3ce,SAMMS-Gaylord
202608262209459548,202608261955300876,202608261955298282,85,4204,Bronze INV,br_ReAssessmentSocial,TASK_COMPLETE,SUCCESS,INFO,100,100,0,,2026-08-26T19:55:35.047Z,2026-08-26T22:11:39.517Z,8164,2026-08-26T22:11:39.517Z,HGT,Hagerstown,20846baf-2fe5-403c-85d4-31520e88a3ce,SAMMS-Hagerstown
202608262209459549,202608261955300877,202608261955298282,85,4205,Bronze INV,br_ReAssessmentSocial,TASK_COMPLETE,SUCCESS,INFO,1718,1718,0,,2026-08-26T19:55:35.047Z,2026-08-26T22:11:39.517Z,8164,2026-08-26T22:11:39.517Z,HNT,Huntsville,20846baf-2fe5-403c-85d4-31520e88a3ce,SAMMS-Huntsville
202608262209459550,202608261955300878,202608261955298282,85,4206,Bronze INV,br_ReAssessmentSocial,TASK_COMPLETE,SUCCESS,INFO,0,0,0,,2026-08-26T19:55:35.047Z,2026-08-26T22:11:39.517Z,8164,2026-08-26T22:11:39.517Z,HS,Hot Springs,20846baf-2fe5-403c-85d4-31520e88a3ce,SAMMS-HotSprings
202608262209459551,202608261955300879,202608261955298282,85,4207,Bronze INV,br_ReAssessmentSocial,TASK_COMPLETE,SUCCESS,INFO,0,0,0,,2026-08-26T19:55:35.047Z,2026-08-26T22:11:39.517Z,8164,2026-08-26T22:11:39.517Z,JON,Jonesboro,20846baf-2fe5-403c-85d4-31520e88a3ce,SAMMS-Jonesboro
202608262209459553,202608261955300880,202608261955298282,85,4209,Bronze INV,br_ReAssessmentSocial,TASK_COMPLETE,SUCCESS,INFO,444,444,0,,2026-08-26T19:55:35.047Z,2026-08-26T22:11:39.517Z,8164,2026-08-26T22:11:39.517Z,LAN,Lansing,20846baf-2fe5-403c-85d4-31520e88a3ce,SAMMS-Lansing
202608262209459554,202608261955300881,202608261955298282,85,4210,Bronze INV,br_ReAssessmentSocial,TASK_COMPLETE,SUCCESS,INFO,1286,1286,0,,2026-08-26T19:55:35.047Z,2026-08-26T22:11:39.517Z,8164,2026-08-26T22:11:39.517Z,LO,Louisville,20846baf-2fe5-403c-85d4-31520e88a3ce,SAMMS-Louisville
202608262209459555,202608261955300882,202608261955298282,85,4211,Bronze INV,br_ReAssessmentSocial,TASK_COMPLETE,SUCCESS,INFO,291,291,0,,2026-08-26T19:55:35.047Z,2026-08-26T22:11:39.517Z,8164,2026-08-26T22:11:39.517Z,LV1,Cheyenne,20846baf-2fe5-403c-85d4-31520e88a3ce,SAMMS-Cheyenne
202608262209459556,202608261955300883,202608261955298282,85,4212,Bronze INV,br_ReAssessmentSocial,TASK_COMPLETE,SUCCESS,INFO,204,204,0,,2026-08-26T19:55:35.047Z,2026-08-26T22:11:39.517Z,8164,2026-08-26T22:11:39.517Z,LV2,Desert Inn,20846baf-2fe5-403c-85d4-31520e88a3ce,SAMMS-DesertInn
202608262209459557,202608261955300884,202608261955298282,85,4213,Bronze INV,br_ReAssessmentSocial,TASK_COMPLETE,SUCCESS,INFO,110,110,0,,2026-08-26T19:55:35.047Z,2026-08-26T22:11:39.517Z,8164,2026-08-26T22:11:39.517Z,LV3,McDaniel,20846baf-2fe5-403c-85d4-31520e88a3ce,SAMMS-McDaniel
202608262209459558,202608261955300885,202608261955298282,85,4216,Bronze INV,br_ReAssessmentSocial,TASK_COMPLETE,SUCCESS,INFO,358,358,0,,2026-08-26T19:55:35.047Z,2026-08-26T22:11:39.517Z,8164,2026-08-26T22:11:39.517Z,MNRE,Monroe,20846baf-2fe5-403c-85d4-31520e88a3ce,SAMMS-Monroe
202608262209459559,202608261955300886,202608261955298282,85,4217,Bronze INV,br_ReAssessmentSocial,TASK_COMPLETE,SUCCESS,INFO,1422,1422,0,,2026-08-26T19:55:35.047Z,2026-08-26T22:11:39.517Z,8164,2026-08-26T22:11:39.517Z,MP,Mt. Pleasant,20846baf-2fe5-403c-85d4-31520e88a3ce,SAMMS-MtPleasant
202608262209459561,202608261955300887,202608261955298282,85,4218,Bronze INV,br_ReAssessmentSocial,TASK_COMPLETE,SUCCESS,INFO,153,153,0,,2026-08-26T19:55:35.047Z,2026-08-26T22:11:39.517Z,8164,2026-08-26T22:11:39.517Z,MRD,Meridian,20846baf-2fe5-403c-85d4-31520e88a3ce,SAMMS-Meridian
202608262209459562,202608261955300888,202608261955298282,85,4223,Bronze INV,br_ReAssessmentSocial,TASK_COMPLETE,SUCCESS,INFO,693,693,0,,2026-08-26T19:55:35.047Z,2026-08-26T22:11:39.517Z,8164,2026-08-26T22:11:39.517Z,NC,North Charleston,20846baf-2fe5-403c-85d4-31520e88a3ce,SAMMS-NorthCharleston
202608262209459563,202608261955300889,202608261955298282,85,4224,Bronze INV,br_ReAssessmentSocial,TASK_COMPLETE,SUCCESS,INFO,0,0,0,,2026-08-26T19:55:35.047Z,2026-08-26T22:11:39.517Z,8164,2026-08-26T22:11:39.517Z,NLR,N. Little Rock,20846baf-2fe5-403c-85d4-31520e88a3ce,SAMMS-NLROBOT
202608262209459564,202608261955300890,202608261955298282,85,4225,Bronze INV,br_ReAssessmentSocial,TASK_COMPLETE,SUCCESS,INFO,111,111,0,,2026-08-26T19:55:35.047Z,2026-08-26T22:11:39.517Z,8164,2026-08-26T22:11:39.517Z,PH,Phoenix,20846baf-2fe5-403c-85d4-31520e88a3ce,SAMMS-Phoenix
202608262209459565,202608261955300891,202608261955298282,85,4229,Bronze INV,br_ReAssessmentSocial,TASK_COMPLETE,SUCCESS,INFO,213,213,0,,2026-08-26T19:55:35.047Z,2026-08-26T22:11:39.517Z,8164,2026-08-26T22:11:39.517Z,RE,Reno,20846baf-2fe5-403c-85d4-31520e88a3ce,SAMMS-Reno
202608262209459566,202608261955300892,202608261955298282,85,4230,Bronze INV,br_ReAssessmentSocial,TASK_COMPLETE,SUCCESS,INFO,87,87,0,,2026-08-26T19:55:35.047Z,2026-08-26T22:11:39.517Z,8164,2026-08-26T22:11:39.517Z,RMD,Richmond,20846baf-2fe5-403c-85d4-31520e88a3ce,SAMMS-Richmond
202608262209459568,202608261955300893,202608261955298282,85,4231,Bronze INV,br_ReAssessmentSocial,TASK_COMPLETE,SUCCESS,INFO,589,589,0,,2026-08-26T19:55:35.047Z,2026-08-26T22:11:39.517Z,8164,2026-08-26T22:11:39.517Z,SFN,Springfield North,20846baf-2fe5-403c-85d4-31520e88a3ce,SAMMS-SFNv5
202608262209459569,202608261955300894,202608261955298282,85,4232,Bronze INV,br_ReAssessmentSocial,TASK_COMPLETE,SUCCESS,INFO,762,762,0,,2026-08-26T19:55:35.047Z,2026-08-26T22:11:39.517Z,8164,2026-08-26T22:11:39.517Z,SHP,Shreveport,20846baf-2fe5-403c-85d4-31520e88a3ce,SAMMS-Shreveport
202608262209459570,202608261955300895,202608261955298282,85,4234,Bronze INV,br_ReAssessmentSocial,TASK_COMPLETE,SUCCESS,INFO,483,483,0,,2026-08-26T19:55:35.047Z,2026-08-26T22:11:39.517Z,8164,2026-08-26T22:11:39.517Z,STN,Staunton,20846baf-2fe5-403c-85d4-31520e88a3ce,SAMMS-Staunton
202608262209459571,202608261955300896,202608261955298282,85,4235,Bronze INV,br_ReAssessmentSocial,TASK_COMPLETE,SUCCESS,INFO,225,225,0,,2026-08-26T19:55:35.047Z,2026-08-26T22:11:39.517Z,8164,2026-08-26T22:11:39.517Z,STVN,Stevenson,20846baf-2fe5-403c-85d4-31520e88a3ce,SAMMS-Stevenson
202608262209459572,202608261955300897,202608261955298282,85,4237,Bronze INV,br_ReAssessmentSocial,TASK_COMPLETE,SUCCESS,INFO,173,173,0,,2026-08-26T19:55:35.047Z,2026-08-26T22:11:39.517Z,8164,2026-08-26T22:11:39.517Z,TE,Tempe,20846baf-2fe5-403c-85d4-31520e88a3ce,SAMMS-Tempe
202608262209459573,202608261955300898,202608261955298282,85,4238,Bronze INV,br_ReAssessmentSocial,TASK_COMPLETE,SUCCESS,INFO,0,0,0,,2026-08-26T19:55:35.047Z,2026-08-26T22:11:39.517Z,8164,2026-08-26T22:11:39.517Z,TEX,Texarkana,20846baf-2fe5-403c-85d4-31520e88a3ce,SAMMS-Texarkana
202608262209459574,202608261955300899,202608261955298282,85,4239,Bronze INV,br_ReAssessmentSocial,TASK_COMPLETE,SUCCESS,INFO,1069,1069,0,,2026-08-26T19:55:35.047Z,2026-08-26T22:11:39.517Z,8164,2026-08-26T22:11:39.517Z,TTCA,Bessemer,20846baf-2fe5-403c-85d4-31520e88a3ce,SAMMS-BessemerV5
202608262209459576,202608261955300900,202608261955298282,85,4240,Bronze INV,br_ReAssessmentSocial,TASK_COMPLETE,SUCCESS,INFO,1315,1315,0,,2026-08-26T19:55:35.047Z,2026-08-26T22:11:39.517Z,8164,2026-08-26T22:11:39.517Z,TTCB,Cullman,20846baf-2fe5-403c-85d4-31520e88a3ce,SAMMS-CullmanV5
202608262209459577,202608261955300901,202608261955298282,85,4241,Bronze INV,br_ReAssessmentSocial,TASK_COMPLETE,SUCCESS,INFO,939,939,0,,2026-08-26T19:55:35.047Z,2026-08-26T22:11:39.517Z,8164,2026-08-26T22:11:39.517Z,TTCC,Grand Bay,20846baf-2fe5-403c-85d4-31520e88a3ce,SAMMS-GrandBay
202608262209459578,202608261955300902,202608261955298282,85,4242,Bronze INV,br_ReAssessmentSocial,TASK_COMPLETE,SUCCESS,INFO,15,15,0,,2026-08-26T19:55:35.047Z,2026-08-26T22:11:39.517Z,8164,2026-08-26T22:11:39.517Z,TU,Tucson,20846baf-2fe5-403c-85d4-31520e88a3ce,SAMMS-Tucson
202608262209459579,202608261955300903,202608261955298282,85,4244,Bronze INV,br_ReAssessmentSocial,TASK_COMPLETE,SUCCESS,INFO,660,660,0,,2026-08-26T19:55:35.047Z,2026-08-26T22:11:39.517Z,8164,2026-08-26T22:11:39.517Z,V1,Memphis South,20846baf-2fe5-403c-85d4-31520e88a3ce,SAMMS-VCPHCS-I-MemphisV5
202608262209459580,202608261955300904,202608261955298282,85,4245,Bronze INV,br_ReAssessmentSocial,TASK_COMPLETE,SUCCESS,INFO,1626,1626,0,,2026-08-26T19:55:35.047Z,2026-08-26T22:11:39.517Z,8164,2026-08-26T22:11:39.517Z,V10,Longmont,20846baf-2fe5-403c-85d4-31520e88a3ce,SAMMS-BoulderV5
202608262209459581,202608261955300905,202608261955298282,85,4246,Bronze INV,br_ReAssessmentSocial,TASK_COMPLETE,SUCCESS,INFO,1511,1511,0,,2026-08-26T19:55:35.047Z,2026-08-26T22:11:39.517Z,8164,2026-08-26T22:11:39.517Z,V10A,Fort Collins,20846baf-2fe5-403c-85d4-31520e88a3ce,SAMMS-FortCollinsV5
202608262209459582,202608261955300906,202608261955298282,85,4247,Bronze INV,br_ReAssessmentSocial,TASK_COMPLETE,SUCCESS,INFO,2864,2864,0,,2026-08-26T19:55:35.047Z,2026-08-26T22:11:39.517Z,8164,2026-08-26T22:11:39.517Z,V11,Westminster,20846baf-2fe5-403c-85d4-31520e88a3ce,SAMMS-VCPHCS-XI-NorthDenverV5
202608252121600006,202608251925576172,202608251925573776,85,4065,Bronze INV,br_ReAssessmentPhysicalHealth,TASK_COMPLETE,SUCCESS,INFO,1144,1144,0,,2026-08-25T19:26:03.177Z,2026-08-25T21:23:56.829Z,7073,2026-08-25T21:23:56.829Z,V12A,Centennial,7eb7a049-5d17-4a23-bb2f-3b9c445afd32,SAMMS-CentennialV5
202608252121600008,202608251925576173,202608251925573776,85,4066,Bronze INV,br_ReAssessmentPhysicalHealth,TASK_COMPLETE,SUCCESS,INFO,295,295,0,,2026-08-25T19:26:03.177Z,2026-08-25T21:23:56.829Z,7073,2026-08-25T21:23:56.829Z,V14,Overland Park,7eb7a049-5d17-4a23-bb2f-3b9c445afd32,SAMMS-VCPHCS-XIV-BridgewayV5
202608252121600009,202608251925576174,202608251925573776,85,4067,Bronze INV,br_ReAssessmentPhysicalHealth,TASK_COMPLETE,SUCCESS,INFO,609,609,0,,2026-08-25T19:26:03.177Z,2026-08-25T21:23:56.829Z,7073,2026-08-25T21:23:56.829Z,V15,Joplin,7eb7a049-5d17-4a23-bb2f-3b9c445afd32,SAMMS-JoplinV5
202608252121600010,202608251925576175,202608251925573776,85,4069,Bronze INV,br_ReAssessmentPhysicalHealth,TASK_COMPLETE,SUCCESS,INFO,906,906,0,,2026-08-25T19:26:03.177Z,2026-08-25T21:23:56.829Z,7073,2026-08-25T21:23:56.829Z,V17,Columbia TN,7eb7a049-5d17-4a23-bb2f-3b9c445afd32,SAMMS-ColumbiaTNv5
202608252121600011,202608251925576176,202608251925573776,85,4071,Bronze INV,br_ReAssessmentPhysicalHealth,TASK_COMPLETE,SUCCESS,INFO,534,534,0,,2026-08-25T19:26:03.177Z,2026-08-25T21:23:56.829Z,7073,2026-08-25T21:23:56.829Z,V19,Jackson,7eb7a049-5d17-4a23-bb2f-3b9c445afd32,SAMMS-JacksonV5
202608252121600012,202608251925576177,202608251925573776,85,4073,Bronze INV,br_ReAssessmentPhysicalHealth,TASK_COMPLETE,SUCCESS,INFO,1776,1776,0,,2026-08-25T19:26:03.177Z,2026-08-25T21:23:56.829Z,7073,2026-08-25T21:23:56.829Z,V20,Paris,7eb7a049-5d17-4a23-bb2f-3b9c445afd32,SAMMS-ParisV5
202608252121600013,202608251925576178,202608251925573776,85,4074,Bronze INV,br_ReAssessmentPhysicalHealth,TASK_COMPLETE,SUCCESS,INFO,723,723,0,,2026-08-25T19:26:03.177Z,2026-08-25T21:23:56.829Z,7073,2026-08-25T21:23:56.829Z,V21,Memphis North,7eb7a049-5d17-4a23-bb2f-3b9c445afd32,SAMMS-RaleighV5
202608252121600015,202608251925576179,202608251925573776,85,4077,Bronze INV,br_ReAssessmentPhysicalHealth,TASK_COMPLETE,SUCCESS,INFO,1786,1786,0,,2026-08-25T19:26:03.177Z,2026-08-25T21:23:56.829Z,7073,2026-08-25T21:23:56.829Z,V5,West Bank,7eb7a049-5d17-4a23-bb2f-3b9c445afd32,SAMMS-NONTCv5
202608252121600016,202608251925576180,202608251925573776,85,4079,Bronze INV,br_ReAssessmentPhysicalHealth,TASK_COMPLETE,SUCCESS,INFO,146,146,0,,2026-08-25T19:26:03.177Z,2026-08-25T21:23:56.829Z,7073,2026-08-25T21:23:56.829Z,V5B,Houma,7eb7a049-5d17-4a23-bb2f-3b9c445afd32,SAMMS-HoumaV6
202608252121600017,202608251925576181,202608251925573776,85,4080,Bronze INV,br_ReAssessmentPhysicalHealth,TASK_COMPLETE,SUCCESS,INFO,1917,1917,0,,2026-08-25T19:26:03.177Z,2026-08-25T21:23:56.829Z,7073,2026-08-25T21:23:56.829Z,V6,Lake Charles,7eb7a049-5d17-4a23-bb2f-3b9c445afd32,SAMMS-LCv5
202608252121600018,202608251925576182,202608251925573776,85,4082,Bronze INV,br_ReAssessmentPhysicalHealth,TASK_COMPLETE,SUCCESS,INFO,744,744,0,,2026-08-25T19:26:03.177Z,2026-08-25T21:23:56.829Z,7073,2026-08-25T21:23:56.829Z,V8,Memphis Midtown,7eb7a049-5d17-4a23-bb2f-3b9c445afd32,SAMMS-VCPHCS-VIII-MemphisV5
202608252121600019,202608251925576183,202608251925573776,85,4083,Bronze INV,br_ReAssessmentPhysicalHealth,TASK_COMPLETE,SUCCESS,INFO,1769,1769,0,,2026-08-25T19:26:03.177Z,2026-08-25T21:23:56.829Z,7073,2026-08-25T21:23:56.829Z,V9,Nashville,7eb7a049-5d17-4a23-bb2f-3b9c445afd32,SAMMS-NashvilleV5
202608252121600021,202608251925576184,202608251925573776,85,4084,Bronze INV,br_ReAssessmentPhysicalHealth,TASK_COMPLETE,SUCCESS,INFO,842,842,0,,2026-08-25T19:26:03.177Z,2026-08-25T21:23:56.829Z,7073,2026-08-25T21:23:56.829Z,VBRA,Brainerd,7eb7a049-5d17-4a23-bb2f-3b9c445afd32,SAMMS-BrainerdV6
202608252121600022,202608251925576185,202608251925573776,85,4085,Bronze INV,br_ReAssessmentPhysicalHealth,TASK_COMPLETE,SUCCESS,INFO,1965,1965,0,,2026-08-25T19:26:03.177Z,2026-08-25T21:23:56.829Z,7073,2026-08-25T21:23:56.829Z,VBRP,Brooklyn Park,7eb7a049-5d17-4a23-bb2f-3b9c445afd32,SAMMS-BrooklynParkV6
202608252121600023,202608251925576186,202608251925573776,85,4087,Bronze INV,br_ReAssessmentPhysicalHealth,TASK_COMPLETE,SUCCESS,INFO,746,746,0,,2026-08-25T19:26:03.177Z,2026-08-25T21:23:56.829Z,7073,2026-08-25T21:23:56.829Z,VMIN,Minneapolis,7eb7a049-5d17-4a23-bb2f-3b9c445afd32,SAMMS-MinneapolisV6
202608252121600024,202608251925576187,202608251925573776,85,4088,Bronze INV,br_ReAssessmentPhysicalHealth,TASK_COMPLETE,SUCCESS,INFO,889,889,0,,2026-08-25T19:26:03.177Z,2026-08-25T21:23:56.829Z,7073,2026-08-25T21:23:56.829Z,VWBY,Woodbury,7eb7a049-5d17-4a23-bb2f-3b9c445afd32,SAMMS-WoodburyV6
202608252121600025,202608251925576188,202608251925573776,85,4090,Bronze INV,br_ReAssessmentPhysicalHealth,TASK_COMPLETE,SUCCESS,INFO,161,161,0,,2026-08-25T19:26:03.177Z,2026-08-25T21:23:56.829Z,7073,2026-08-25T21:23:56.829Z,WIL,Wilson,7eb7a049-5d17-4a23-bb2f-3b9c445afd32,SAMMS-Wilson
202608252121600127,202608251925673790,202608251925673776,86,5733,Silver INV,sl_ReAssessmentPhysicalHealth,TASK_COMPLETE,SUCCESS,INFO,78871,78871,0,,2026-08-25T19:26:03.177Z,2026-08-25T21:23:56.829Z,7073,2026-08-25T21:23:56.829Z,,,7eb7a049-5d17-4a23-bb2f-3b9c445afd32,
202608252121600058,202608251925576304,202608251925573776,85,4094,Bronze INV,br_ReAssessmentSocial,TASK_COMPLETE,SUCCESS,INFO,35,35,0,,2026-08-25T19:26:03.177Z,2026-08-25T21:23:56.829Z,7073,2026-08-25T21:23:56.829Z,AHK,Ahoskie,7eb7a049-5d17-4a23-bb2f-3b9c445afd32,SAMMS-Ahoskie
202608252121600060,202608251925576305,202608251925573776,85,4095,Bronze INV,br_ReAssessmentSocial,TASK_COMPLETE,SUCCESS,INFO,662,662,0,,2026-08-25T19:26:03.177Z,2026-08-25T21:23:56.829Z,7073,2026-08-25T21:23:56.829Z,B12B,Colorado Springs,7eb7a049-5d17-4a23-bb2f-3b9c445afd32,SAMMS-ColoradoSpringsV5
202608252121600061,202608251925576306,202608251925573776,85,4096,Bronze INV,br_ReAssessmentSocial,TASK_COMPLETE,SUCCESS,INFO,826,826,0,,2026-08-25T19:26:03.177Z,2026-08-25T21:23:56.829Z,7073,2026-08-25T21:23:56.829Z,B24,Paintsville,7eb7a049-5d17-4a23-bb2f-3b9c445afd32,SAMMS-PaintsvilleV5
202608252121600062,202608251925576307,202608251925573776,85,4097,Bronze INV,br_ReAssessmentSocial,TASK_COMPLETE,SUCCESS,INFO,646,646,0,,2026-08-25T19:26:03.177Z,2026-08-25T21:23:56.829Z,7073,2026-08-25T21:23:56.829Z,B25,Pikeville,7eb7a049-5d17-4a23-bb2f-3b9c445afd32,SAMMS-PikevilleV5
202608252121600063,202608251925576308,202608251925573776,85,4098,Bronze INV,br_ReAssessmentSocial,TASK_COMPLETE,SUCCESS,INFO,971,971,0,,2026-08-25T19:26:03.177Z,2026-08-25T21:23:56.829Z,7073,2026-08-25T21:23:56.829Z,B26,Hazard,7eb7a049-5d17-4a23-bb2f-3b9c445afd32,SAMMS-HazardV5
202608252121600064,202608251925576309,202608251925573776,85,4099,Bronze INV,br_ReAssessmentSocial,TASK_COMPLETE,SUCCESS,INFO,531,531,0,,2026-08-25T19:26:03.177Z,2026-08-25T21:23:56.829Z,7073,2026-08-25T21:23:56.829Z,B27,Savannah,7eb7a049-5d17-4a23-bb2f-3b9c445afd32,SAMMS-SavannahV6
202608252121600066,202608251925576310,202608251925573776,85,4100,Bronze INV,br_ReAssessmentSocial,TASK_COMPLETE,SUCCESS,INFO,245,245,0,,2026-08-25T19:26:03.177Z,2026-08-25T21:23:56.829Z,7073,2026-08-25T21:23:56.829Z,B28,West Plains,7eb7a049-5d17-4a23-bb2f-3b9c445afd32,SAMMS-WestPlainesV5
202608252121600067,202608251925576311,202608251925573776,85,4101,Bronze INV,br_ReAssessmentSocial,TASK_COMPLETE,SUCCESS,INFO,461,461,0,,2026-08-25T19:26:03.177Z,2026-08-25T21:23:56.829Z,7073,2026-08-25T21:23:56.829Z,B29,Poplar Bluff,7eb7a049-5d17-4a23-bb2f-3b9c445afd32,SAMMS-PoplarBluffV5
202608252121600068,202608251925576312,202608251925573776,85,4102,Bronze INV,br_ReAssessmentSocial,TASK_COMPLETE,SUCCESS,INFO,77,77,0,,2026-08-25T19:26:03.177Z,2026-08-25T21:23:56.829Z,7073,2026-08-25T21:23:56.829Z,B30,KC North,7eb7a049-5d17-4a23-bb2f-3b9c445afd32,SAMMS-KCNv5
202608252121600069,202608251925576313,202608251925573776,85,4103,Bronze INV,br_ReAssessmentSocial,TASK_COMPLETE,SUCCESS,INFO,401,401,0,,2026-08-25T19:26:03.177Z,2026-08-25T21:23:56.829Z,7073,2026-08-25T21:23:56.829Z,B31,Dyersburg,7eb7a049-5d17-4a23-bb2f-3b9c445afd32,SAMMS-DyersburgV5
202608252121600070,202608251925576314,202608251925573776,85,4105,Bronze INV,br_ReAssessmentSocial,TASK_COMPLETE,SUCCESS,INFO,487,487,0,,2026-08-25T19:26:03.177Z,2026-08-25T21:23:56.829Z,7073,2026-08-25T21:23:56.829Z,B33,Paducah,7eb7a049-5d17-4a23-bb2f-3b9c445afd32,SAMMS-Paducah
202608252121600072,202608251925576315,202608251925573776,85,4106,Bronze INV,br_ReAssessmentSocial,TASK_COMPLETE,SUCCESS,INFO,384,384,0,,2026-08-25T19:26:03.177Z,2026-08-25T21:23:56.829Z,7073,2026-08-25T21:23:56.829Z,B34,Corbin,7eb7a049-5d17-4a23-bb2f-3b9c445afd32,SAMMS-CorbinV5
202608252121600073,202608251925576316,202608251925573776,85,4107,Bronze INV,br_ReAssessmentSocial,TASK_COMPLETE,SUCCESS,INFO,239,239,0,,2026-08-25T19:26:03.177Z,2026-08-25T21:23:56.829Z,7073,2026-08-25T21:23:56.829Z,B35,Lexington,7eb7a049-5d17-4a23-bb2f-3b9c445afd32,SAMMS-LexingtonV5
202608252121600074,202608251925576317,202608251925573776,85,4108,Bronze INV,br_ReAssessmentSocial,TASK_COMPLETE,SUCCESS,INFO,77,77,0,,2026-08-25T19:26:03.177Z,2026-08-25T21:23:56.829Z,7073,2026-08-25T21:23:56.829Z,B35A,Berea,7eb7a049-5d17-4a23-bb2f-3b9c445afd32,SAMMS-BereaV5
202608252121600075,202608251925576318,202608251925573776,85,4109,Bronze INV,br_ReAssessmentSocial,TASK_COMPLETE,SUCCESS,INFO,20,20,0,,2026-08-25T19:26:03.177Z,2026-08-25T21:23:56.829Z,7073,2026-08-25T21:23:56.829Z,B36,Asheville,7eb7a049-5d17-4a23-bb2f-3b9c445afd32,SAMMS-AshevilleV5
202608252121600077,202608251925576319,202608251925573776,85,4110,Bronze INV,br_ReAssessmentSocial,TASK_COMPLETE,SUCCESS,INFO,1,1,0,,2026-08-25T19:26:03.177Z,2026-08-25T21:23:56.829Z,7073,2026-08-25T21:23:56.829Z,B37,Clyde,7eb7a049-5d17-4a23-bb2f-3b9c445afd32,SAMMS-ClydeV5
202608252121600078,202608251925576320,202608251925573776,85,4111,Bronze INV,br_ReAssessmentSocial,TASK_COMPLETE,SUCCESS,INFO,1186,1186,0,,2026-08-25T19:26:03.177Z,2026-08-25T21:23:56.829Z,7073,2026-08-25T21:23:56.829Z,B38,Spartanburg,7eb7a049-5d17-4a23-bb2f-3b9c445afd32,SAMMS-SpartanburgV5
202608252121600079,202608251925576321,202608251925573776,85,4112,Bronze INV,br_ReAssessmentSocial,TASK_COMPLETE,SUCCESS,INFO,361,361,0,,2026-08-25T19:26:03.177Z,2026-08-25T21:23:56.829Z,7073,2026-08-25T21:23:56.829Z,B39,Aiken,7eb7a049-5d17-4a23-bb2f-3b9c445afd32,SAMMS-AikenV5
202608252121600080,202608251925576322,202608251925573776,85,4113,Bronze INV,br_ReAssessmentSocial,TASK_COMPLETE,SUCCESS,INFO,1887,1887,0,,2026-08-25T19:26:03.177Z,2026-08-25T21:23:56.829Z,7073,2026-08-25T21:23:56.829Z,B41,Chesapeake,7eb7a049-5d17-4a23-bb2f-3b9c445afd32,SAMMS-ChesapeakeV5
202608252121600081,202608251925576323,202608251925573776,85,4114,Bronze INV,br_ReAssessmentSocial,TASK_COMPLETE,SUCCESS,INFO,1911,1911,0,,2026-08-25T19:26:03.177Z,2026-08-25T21:23:56.829Z,7073,2026-08-25T21:23:56.829Z,B42,Virginia Beach,7eb7a049-5d17-4a23-bb2f-3b9c445afd32,SAMMS-VirginiaBeachV5
202608252121600082,202608251925576324,202608251925573776,85,4115,Bronze INV,br_ReAssessmentSocial,TASK_COMPLETE,SUCCESS,INFO,925,925,0,,2026-08-25T19:26:03.177Z,2026-08-25T21:23:56.829Z,7073,2026-08-25T21:23:56.829Z,B42A,Newport News,7eb7a049-5d17-4a23-bb2f-3b9c445afd32,SAMMS-NewportNewsV5
202608252121600084,202608251925576325,202608251925573776,85,4116,Bronze INV,br_ReAssessmentSocial,TASK_COMPLETE,SUCCESS,INFO,507,507,0,,2026-08-25T19:26:03.177Z,2026-08-25T21:23:56.829Z,7073,2026-08-25T21:23:56.829Z,B42B,Franklin,7eb7a049-5d17-4a23-bb2f-3b9c445afd32,SAMMS-FranklinV5
202608252121600085,202608251925576326,202608251925573776,85,4117,Bronze INV,br_ReAssessmentSocial,TASK_COMPLETE,SUCCESS,INFO,340,340,0,,2026-08-25T19:26:03.177Z,2026-08-25T21:23:56.829Z,7073,2026-08-25T21:23:56.829Z,B42C,Glen Allen,7eb7a049-5d17-4a23-bb2f-3b9c445afd32,SAMMS-GlenAllenV5
202608252121600086,202608251925576327,202608251925573776,85,4118,Bronze INV,br_ReAssessmentSocial,TASK_COMPLETE,SUCCESS,INFO,1480,1480,0,,2026-08-25T19:26:03.177Z,2026-08-25T21:23:56.829Z,7073,2026-08-25T21:23:56.829Z,B42D,Chesapeake South,7eb7a049-5d17-4a23-bb2f-3b9c445afd32,SAMMS-ChesapeakeSouthV5
202608252121600087,202608251925576328,202608251925573776,85,4119,Bronze INV,br_ReAssessmentSocial,TASK_COMPLETE,SUCCESS,INFO,632,632,0,,2026-08-25T19:26:03.177Z,2026-08-25T21:23:56.829Z,7073,2026-08-25T21:23:56.829Z,B44,Albany,7eb7a049-5d17-4a23-bb2f-3b9c445afd32,SAMMS-AlbanyV5
202608252121600089,202608251925576329,202608251925573776,85,4120,Bronze INV,br_ReAssessmentSocial,TASK_COMPLETE,SUCCESS,INFO,1268,1268,0,,2026-08-25T19:26:03.177Z,2026-08-25T21:23:56.829Z,7073,2026-08-25T21:23:56.829Z,B45,Tifton,7eb7a049-5d17-4a23-bb2f-3b9c445afd32,SAMMS-TiftonV5
202608252121600090,202608251925576330,202608251925573776,85,4121,Bronze INV,br_ReAssessmentSocial,TASK_COMPLETE,SUCCESS,INFO,588,588,0,,2026-08-25T19:26:03.177Z,2026-08-25T21:23:56.829Z,7073,2026-08-25T21:23:56.829Z,B46,Washington DC,7eb7a049-5d17-4a23-bb2f-3b9c445afd32,SAMMS-WashingtonDCv5
202608252121600091,202608251925576331,202608251925573776,85,4122,Bronze INV,br_ReAssessmentSocial,TASK_COMPLETE,SUCCESS,INFO,1558,1558,0,,2026-08-25T19:26:03.177Z,2026-08-25T21:23:56.829Z,7073,2026-08-25T21:23:56.829Z,B47,Mobile,7eb7a049-5d17-4a23-bb2f-3b9c445afd32,SAMMS-MobileV5
202608252121600092,202608251925576332,202608251925573776,85,4123,Bronze INV,br_ReAssessmentSocial,TASK_COMPLETE,SUCCESS,INFO,1294,1294,0,,2026-08-25T19:26:03.177Z,2026-08-25T21:23:56.829Z,7073,2026-08-25T21:23:56.829Z,B48,Tuscaloosa,7eb7a049-5d17-4a23-bb2f-3b9c445afd32,SAMMS-TuscaloosaV5
202608252121600093,202608251925576333,202608251925573776,85,4132,Bronze INV,br_ReAssessmentSocial,TASK_COMPLETE,SUCCESS,INFO,2,2,0,,2026-08-25T19:26:03.177Z,2026-08-25T21:23:56.829Z,7073,2026-08-25T21:23:56.829Z,B51,N. Little Rock (OTP),7eb7a049-5d17-4a23-bb2f-3b9c445afd32,SAMMS-NorthLittleRockV6
202608252121600094,202608251925576334,202608251925573776,85,4133,Bronze INV,br_ReAssessmentSocial,TASK_COMPLETE,SUCCESS,INFO,453,453,0,,2026-08-25T19:26:03.177Z,2026-08-25T21:23:56.829Z,7073,2026-08-25T21:23:56.829Z,B52,Jackson GA,7eb7a049-5d17-4a23-bb2f-3b9c445afd32,SAMMS-JacksonGAV5
202608252121600096,202608251925576335,202608251925573776,85,4134,Bronze INV,br_ReAssessmentSocial,TASK_COMPLETE,SUCCESS,INFO,1702,1702,0,,2026-08-25T19:26:03.177Z,2026-08-25T21:23:56.829Z,7073,2026-08-25T21:23:56.829Z,B54,Gadsden,7eb7a049-5d17-4a23-bb2f-3b9c445afd32,SAMMS-GadsdenV5
202608252121600097,202608251925576336,202608251925573776,85,4135,Bronze INV,br_ReAssessmentSocial,TASK_COMPLETE,SUCCESS,INFO,945,945,0,,2026-08-25T19:26:03.177Z,2026-08-25T21:23:56.829Z,7073,2026-08-25T21:23:56.829Z,B55,Shoals,7eb7a049-5d17-4a23-bb2f-3b9c445afd32,SAMMS-ShoalsV5
202608252121600098,202608251925576337,202608251925573776,85,4136,Bronze INV,br_ReAssessmentSocial,TASK_COMPLETE,SUCCESS,INFO,294,294,0,,2026-08-25T19:26:03.177Z,2026-08-25T21:23:56.829Z,7073,2026-08-25T21:23:56.829Z,B57,Pawtucket,7eb7a049-5d17-4a23-bb2f-3b9c445afd32,SAMMS-Pawtucket
202608252121600099,202608251925576338,202608251925573776,85,4137,Bronze INV,br_ReAssessmentSocial,TASK_COMPLETE,SUCCESS,INFO,550,550,0,,2026-08-25T19:26:03.177Z,2026-08-25T21:23:56.829Z,7073,2026-08-25T21:23:56.829Z,B57A,Johnston,7eb7a049-5d17-4a23-bb2f-3b9c445afd32,SAMMS-Johnston
202608252121600100,202608251925576339,202608251925573776,85,4138,Bronze INV,br_ReAssessmentSocial,TASK_COMPLETE,SUCCESS,INFO,166,166,0,,2026-08-25T19:26:03.177Z,2026-08-25T21:23:56.829Z,7073,2026-08-25T21:23:56.829Z,B57B,Middletown,7eb7a049-5d17-4a23-bb2f-3b9c445afd32,SAMMS-Middletown
202608252121600101,202608251925576340,202608251925573776,85,4139,Bronze INV,br_ReAssessmentSocial,TASK_COMPLETE,SUCCESS,INFO,410,410,0,,2026-08-25T19:26:03.177Z,2026-08-25T21:23:56.829Z,7073,2026-08-25T21:23:56.829Z,B57C,Providence,7eb7a049-5d17-4a23-bb2f-3b9c445afd32,SAMMS-Providence
202608252121600103,202608251925576341,202608251925573776,85,4140,Bronze INV,br_ReAssessmentSocial,TASK_COMPLETE,SUCCESS,INFO,621,621,0,,2026-08-25T19:26:03.177Z,2026-08-25T21:23:56.829Z,7073,2026-08-25T21:23:56.829Z,B57D,Westerly,7eb7a049-5d17-4a23-bb2f-3b9c445afd32,SAMMS-Westerly
202608252121600104,202608251925576342,202608251925573776,85,4144,Bronze INV,br_ReAssessmentSocial,TASK_COMPLETE,SUCCESS,INFO,4,4,0,,2026-08-25T19:26:03.177Z,2026-08-25T21:23:56.829Z,7073,2026-08-25T21:23:56.829Z,B66A,Bremen,7eb7a049-5d17-4a23-bb2f-3b9c445afd32,SAMMS-Bremen
202608252121600105,202608251925576343,202608251925573776,85,4147,Bronze INV,br_ReAssessmentSocial,TASK_COMPLETE,SUCCESS,INFO,0,0,0,,2026-08-25T19:26:03.177Z,2026-08-25T21:23:56.829Z,7073,2026-08-25T21:23:56.829Z,B72,Mobile (OBOT),7eb7a049-5d17-4a23-bb2f-3b9c445afd32,SAMMS-Mobile-OBOT
202608252121600106,202608251925576344,202608251925573776,85,4148,Bronze INV,br_ReAssessmentSocial,TASK_COMPLETE,SUCCESS,INFO,0,0,0,,2026-08-25T19:26:03.177Z,2026-08-25T21:23:56.829Z,7073,2026-08-25T21:23:56.829Z,B73,Montgomery,7eb7a049-5d17-4a23-bb2f-3b9c445afd32,SAMMS-Montgomery
202608252121600107,202608251925576345,202608251925573776,85,4149,Bronze INV,br_ReAssessmentSocial,TASK_COMPLETE,SUCCESS,INFO,516,516,0,,2026-08-25T19:26:03.177Z,2026-08-25T21:23:56.829Z,7073,2026-08-25T21:23:56.829Z,B75,Lawrence,7eb7a049-5d17-4a23-bb2f-3b9c445afd32,SAMMS-LawrenceV6
202608252121600108,202608251925576346,202608251925573776,85,4150,Bronze INV,br_ReAssessmentSocial,TASK_COMPLETE,SUCCESS,INFO,0,0,0,,2026-08-25T19:26:03.177Z,2026-08-25T21:23:56.829Z,7073,2026-08-25T21:23:56.829Z,B76,Huntsville OBOT,7eb7a049-5d17-4a23-bb2f-3b9c445afd32,SAMMS-Huntsville-OBOT
202608252121600110,202608251925576347,202608251925573776,85,4151,Bronze INV,br_ReAssessmentSocial,TASK_COMPLETE,SUCCESS,INFO,0,0,0,,2026-08-25T19:26:03.177Z,2026-08-25T21:23:56.829Z,7073,2026-08-25T21:23:56.829Z,BAT,Batesville,7eb7a049-5d17-4a23-bb2f-3b9c445afd32,SAMMS-Batesville
202608252121600111,202608251925576348,202608251925573776,85,4152,Bronze INV,br_ReAssessmentSocial,TASK_COMPLETE,SUCCESS,INFO,460,460,0,,2026-08-25T19:26:03.177Z,2026-08-25T21:23:56.829Z,7073,2026-08-25T21:23:56.829Z,BG,Bowling Green,7eb7a049-5d17-4a23-bb2f-3b9c445afd32,SAMMS-BowlingGreen
202608252121600112,202608251925576349,202608251925573776,85,4153,Bronze INV,br_ReAssessmentSocial,TASK_COMPLETE,SUCCESS,INFO,180,180,0,,2026-08-25T19:26:03.177Z,2026-08-25T21:23:56.829Z,7073,2026-08-25T21:23:56.829Z,BOI,Boise,7eb7a049-5d17-4a23-bb2f-3b9c445afd32,SAMMS-Boise
202608252121600113,202608251925576350,202608251925573776,85,4160,Bronze INV,br_ReAssessmentSocial,TASK_COMPLETE,SUCCESS,INFO,51,51,0,,2026-08-25T19:26:03.177Z,2026-08-25T21:23:56.829Z,7073,2026-08-25T21:23:56.829Z,CBCO,Coeur dAlene,7eb7a049-5d17-4a23-bb2f-3b9c445afd32,SAMMS-CoeurdAleneV6
202608252121600114,202608251925576351,202608251925573776,85,4179,Bronze INV,br_ReAssessmentSocial,TASK_COMPLETE,SUCCESS,INFO,0,0,0,,2026-08-25T19:26:03.177Z,2026-08-25T21:23:56.829Z,7073,2026-08-25T21:23:56.829Z,CON,Conway,7eb7a049-5d17-4a23-bb2f-3b9c445afd32,SAMMS-Conway
202608252121600115,202608251925576352,202608251925573776,85,4180,Bronze INV,br_ReAssessmentSocial,TASK_COMPLETE,SUCCESS,INFO,2568,2568,0,,2026-08-25T19:26:03.177Z,2026-08-25T21:23:56.829Z,7073,2026-08-25T21:23:56.829Z,D07,Medical Services Knox TN,7eb7a049-5d17-4a23-bb2f-3b9c445afd32,SAMMS-KnoxvilleV6
202608252121600117,202608251925576353,202608251925573776,85,4181,Bronze INV,br_ReAssessmentSocial,TASK_COMPLETE,SUCCESS,INFO,111,111,0,,2026-08-25T19:26:03.177Z,2026-08-25T21:23:56.829Z,7073,2026-08-25T21:23:56.829Z,D08,Madison,7eb7a049-5d17-4a23-bb2f-3b9c445afd32,SAMMS-MadisonV6
202608252121600118,202608251925576354,202608251925573776,85,4183,Bronze INV,br_ReAssessmentSocial,TASK_COMPLETE,SUCCESS,INFO,118,118,0,,2026-08-25T19:26:03.177Z,2026-08-25T21:23:56.829Z,7073,2026-08-25T21:23:56.829Z,D09,Murfreesboro,7eb7a049-5d17-4a23-bb2f-3b9c445afd32,SAMMS-MurfreesboroV6
202608252121600119,202608251925576355,202608251925573776,85,4184,Bronze INV,br_ReAssessmentSocial,TASK_COMPLETE,SUCCESS,INFO,336,336,0,,2026-08-25T19:26:03.177Z,2026-08-25T21:23:56.829Z,7073,2026-08-25T21:23:56.829Z,DA,Davenport,7eb7a049-5d17-4a23-bb2f-3b9c445afd32,SAMMS-Davenport
202608252121600120,202608251925576356,202608251925573776,85,4185,Bronze INV,br_ReAssessmentSocial,TASK_COMPLETE,SUCCESS,INFO,286,286,0,,2026-08-25T19:26:03.177Z,2026-08-25T21:23:56.829Z,7073,2026-08-25T21:23:56.829Z,DM,Des Moines,7eb7a049-5d17-4a23-bb2f-3b9c445afd32,SAMMS-DesMoines
202608252121600121,202608251925576357,202608251925573776,85,4187,Bronze INV,br_ReAssessmentSocial,TASK_COMPLETE,SUCCESS,INFO,529,529,0,,2026-08-25T19:26:03.177Z,2026-08-25T21:23:56.829Z,7073,2026-08-25T21:23:56.829Z,DRD-CO,Columbia MO,7eb7a049-5d17-4a23-bb2f-3b9c445afd32,SAMMS-ColumbiaV5
202608252121600122,202608251925576358,202608251925573776,85,4188,Bronze INV,br_ReAssessmentSocial,TASK_COMPLETE,SUCCESS,INFO,347,347,0,,2026-08-25T19:26:03.177Z,2026-08-25T21:23:56.829Z,7073,2026-08-25T21:23:56.829Z,DRD-KC,KC,7eb7a049-5d17-4a23-bb2f-3b9c445afd32,SAMMS-KCv5
202608252121600124,202608251925576359,202608251925573776,85,4189,Bronze INV,br_ReAssessmentSocial,TASK_COMPLETE,SUCCESS,INFO,1551,1551,0,,2026-08-25T19:26:03.177Z,2026-08-25T21:23:56.829Z,7073,2026-08-25T21:23:56.829Z,DRD-KVB,KVB,7eb7a049-5d17-4a23-bb2f-3b9c445afd32,SAMMS-KVBv5
202608252121600125,202608251925576360,202608251925573776,85,4190,Bronze INV,br_ReAssessmentSocial,TASK_COMPLETE,SUCCESS,INFO,1669,1669,0,,2026-08-25T19:26:03.177Z,2026-08-25T21:23:56.829Z,7073,2026-08-25T21:23:56.829Z,DRD-KVC,KVC,7eb7a049-5d17-4a23-bb2f-3b9c445afd32,SAMMS-KVCv5
202608252121600126,202608251925576361,202608251925573776,85,4191,Bronze INV,br_ReAssessmentSocial,TASK_COMPLETE,SUCCESS,INFO,3201,3201,0,,2026-08-25T19:26:03.177Z,2026-08-25T21:23:56.829Z,7073,2026-08-25T21:23:56.829Z,DRD-NOLA,NOLA,7eb7a049-5d17-4a23-bb2f-3b9c445afd32,SAMMS-NOLAv5
202608252121600127,202608251925576362,202608251925573776,85,4192,Bronze INV,br_ReAssessmentSocial,TASK_COMPLETE,SUCCESS,INFO,798,798,0,,2026-08-25T19:26:03.177Z,2026-08-25T21:23:56.829Z,7073,2026-08-25T21:23:56.829Z,DRD-SF,Springfield,7eb7a049-5d17-4a23-bb2f-3b9c445afd32,SAMMS-SFv5
202608252121600128,202608251925576363,202608251925573776,85,4194,Bronze INV,br_ReAssessmentSocial,TASK_COMPLETE,SUCCESS,INFO,260,260,0,,2026-08-25T19:26:03.177Z,2026-08-25T21:23:56.829Z,7073,2026-08-25T21:23:56.829Z,ELC,Elizabeth City,7eb7a049-5d17-4a23-bb2f-3b9c445afd32,SAMMS-ElizabethCity
202608252121600129,202608251925576364,202608251925573776,85,4195,Bronze INV,br_ReAssessmentSocial,TASK_COMPLETE,SUCCESS,INFO,128,128,0,,2026-08-25T19:26:03.177Z,2026-08-25T21:23:56.829Z,7073,2026-08-25T21:23:56.829Z,ET,Elizabethtown,7eb7a049-5d17-4a23-bb2f-3b9c445afd32,SAMMS-Elizabethtown
202608252121600131,202608251925576365,202608251925573776,85,4196,Bronze INV,br_ReAssessmentSocial,TASK_COMPLETE,SUCCESS,INFO,0,0,0,,2026-08-25T19:26:03.177Z,2026-08-25T21:23:56.829Z,7073,2026-08-25T21:23:56.829Z,FAY,Fayetteville,7eb7a049-5d17-4a23-bb2f-3b9c445afd32,SAMMS-Fayetteville
202608252121600132,202608251925576366,202608251925573776,85,4197,Bronze INV,br_ReAssessmentSocial,TASK_COMPLETE,SUCCESS,INFO,156,156,0,,2026-08-25T19:26:03.177Z,2026-08-25T21:23:56.829Z,7073,2026-08-25T21:23:56.829Z,FR,Frankfort,7eb7a049-5d17-4a23-bb2f-3b9c445afd32,SAMMS-Frankfort
202608252121600133,202608251925576367,202608251925573776,85,4198,Bronze INV,br_ReAssessmentSocial,TASK_COMPLETE,SUCCESS,INFO,0,0,0,,2026-08-25T19:26:03.177Z,2026-08-25T21:23:56.829Z,7073,2026-08-25T21:23:56.829Z,FS,Fort Smith,7eb7a049-5d17-4a23-bb2f-3b9c445afd32,SAMMS-FortSmith
202608252121600134,202608251925576368,202608251925573776,85,4199,Bronze INV,br_ReAssessmentSocial,TASK_COMPLETE,SUCCESS,INFO,465,465,0,,2026-08-25T19:26:03.177Z,2026-08-25T21:23:56.829Z,7073,2026-08-25T21:23:56.829Z,FW,Fort Wayne,7eb7a049-5d17-4a23-bb2f-3b9c445afd32,SAMMS-FortWayne
202608252121600135,202608251925576369,202608251925573776,85,4200,Bronze INV,br_ReAssessmentSocial,TASK_COMPLETE,SUCCESS,INFO,273,273,0,,2026-08-25T19:26:03.177Z,2026-08-25T21:23:56.829Z,7073,2026-08-25T21:23:56.829Z,GAL,Gaylord,7eb7a049-5d17-4a23-bb2f-3b9c445afd32,SAMMS-Gaylord
202608252121600136,202608251925576370,202608251925573776,85,4204,Bronze INV,br_ReAssessmentSocial,TASK_COMPLETE,SUCCESS,INFO,100,100,0,,2026-08-25T19:26:03.177Z,2026-08-25T21:23:56.829Z,7073,2026-08-25T21:23:56.829Z,HGT,Hagerstown,7eb7a049-5d17-4a23-bb2f-3b9c445afd32,SAMMS-Hagerstown
202608252121600138,202608251925576371,202608251925573776,85,4205,Bronze INV,br_ReAssessmentSocial,TASK_COMPLETE,SUCCESS,INFO,1718,1718,0,,2026-08-25T19:26:03.177Z,2026-08-25T21:23:56.829Z,7073,2026-08-25T21:23:56.829Z,HNT,Huntsville,7eb7a049-5d17-4a23-bb2f-3b9c445afd32,SAMMS-Huntsville
202608252121600139,202608251925576372,202608251925573776,85,4206,Bronze INV,br_ReAssessmentSocial,TASK_COMPLETE,SUCCESS,INFO,0,0,0,,2026-08-25T19:26:03.177Z,2026-08-25T21:23:56.829Z,7073,2026-08-25T21:23:56.829Z,HS,Hot Springs,7eb7a049-5d17-4a23-bb2f-3b9c445afd32,SAMMS-HotSprings
202608252121600140,202608251925576373,202608251925573776,85,4207,Bronze INV,br_ReAssessmentSocial,TASK_COMPLETE,SUCCESS,INFO,0,0,0,,2026-08-25T19:26:03.177Z,2026-08-25T21:23:56.829Z,7073,2026-08-25T21:23:56.829Z,JON,Jonesboro,7eb7a049-5d17-4a23-bb2f-3b9c445afd32,SAMMS-Jonesboro
202608252121600141,202608251925576374,202608251925573776,85,4209,Bronze INV,br_ReAssessmentSocial,TASK_COMPLETE,SUCCESS,INFO,444,444,0,,2026-08-25T19:26:03.177Z,2026-08-25T21:23:56.829Z,7073,2026-08-25T21:23:56.829Z,LAN,Lansing,7eb7a049-5d17-4a23-bb2f-3b9c445afd32,SAMMS-Lansing
202608252121600142,202608251925576375,202608251925573776,85,4210,Bronze INV,br_ReAssessmentSocial,TASK_COMPLETE,SUCCESS,INFO,1286,1286,0,,2026-08-25T19:26:03.177Z,2026-08-25T21:23:56.829Z,7073,2026-08-25T21:23:56.829Z,LO,Louisville,7eb7a049-5d17-4a23-bb2f-3b9c445afd32,SAMMS-Louisville
202608252121600143,202608251925576376,202608251925573776,85,4211,Bronze INV,br_ReAssessmentSocial,TASK_COMPLETE,SUCCESS,INFO,291,291,0,,2026-08-25T19:26:03.177Z,2026-08-25T21:23:56.829Z,7073,2026-08-25T21:23:56.829Z,LV1,Cheyenne,7eb7a049-5d17-4a23-bb2f-3b9c445afd32,SAMMS-Cheyenne
202608252121600145,202608251925576377,202608251925573776,85,4212,Bronze INV,br_ReAssessmentSocial,TASK_COMPLETE,SUCCESS,INFO,204,204,0,,2026-08-25T19:26:03.177Z,2026-08-25T21:23:56.829Z,7073,2026-08-25T21:23:56.829Z,LV2,Desert Inn,7eb7a049-5d17-4a23-bb2f-3b9c445afd32,SAMMS-DesertInn
202608252121600146,202608251925576378,202608251925573776,85,4213,Bronze INV,br_ReAssessmentSocial,TASK_COMPLETE,SUCCESS,INFO,110,110,0,,2026-08-25T19:26:03.177Z,2026-08-25T21:23:56.829Z,7073,2026-08-25T21:23:56.829Z,LV3,McDaniel,7eb7a049-5d17-4a23-bb2f-3b9c445afd32,SAMMS-McDaniel
202608252121600147,202608251925576379,202608251925573776,85,4216,Bronze INV,br_ReAssessmentSocial,TASK_COMPLETE,SUCCESS,INFO,358,358,0,,2026-08-25T19:26:03.177Z,2026-08-25T21:23:56.829Z,7073,2026-08-25T21:23:56.829Z,MNRE,Monroe,7eb7a049-5d17-4a23-bb2f-3b9c445afd32,SAMMS-Monroe
202608252121600148,202608251925576380,202608251925573776,85,4217,Bronze INV,br_ReAssessmentSocial,TASK_COMPLETE,SUCCESS,INFO,1422,1422,0,,2026-08-25T19:26:03.177Z,2026-08-25T21:23:56.829Z,7073,2026-08-25T21:23:56.829Z,MP,Mt. Pleasant,7eb7a049-5d17-4a23-bb2f-3b9c445afd32,SAMMS-MtPleasant
202608252121600149,202608251925576381,202608251925573776,85,4218,Bronze INV,br_ReAssessmentSocial,TASK_COMPLETE,SUCCESS,INFO,153,153,0,,2026-08-25T19:26:03.177Z,2026-08-25T21:23:56.829Z,7073,2026-08-25T21:23:56.829Z,MRD,Meridian,7eb7a049-5d17-4a23-bb2f-3b9c445afd32,SAMMS-Meridian
202608252121600150,202608251925576382,202608251925573776,85,4223,Bronze INV,br_ReAssessmentSocial,TASK_COMPLETE,SUCCESS,INFO,693,693,0,,2026-08-25T19:26:03.177Z,2026-08-25T21:23:56.829Z,7073,2026-08-25T21:23:56.829Z,NC,North Charleston,7eb7a049-5d17-4a23-bb2f-3b9c445afd32,SAMMS-NorthCharleston
202608252121600152,202608251925576383,202608251925573776,85,4224,Bronze INV,br_ReAssessmentSocial,TASK_COMPLETE,SUCCESS,INFO,0,0,0,,2026-08-25T19:26:03.177Z,2026-08-25T21:23:56.829Z,7073,2026-08-25T21:23:56.829Z,NLR,N. Little Rock,7eb7a049-5d17-4a23-bb2f-3b9c445afd32,SAMMS-NLROBOT
202608252121600153,202608251925576384,202608251925573776,85,4225,Bronze INV,br_ReAssessmentSocial,TASK_COMPLETE,SUCCESS,INFO,111,111,0,,2026-08-25T19:26:03.177Z,2026-08-25T21:23:56.829Z,7073,2026-08-25T21:23:56.829Z,PH,Phoenix,7eb7a049-5d17-4a23-bb2f-3b9c445afd32,SAMMS-Phoenix
202608252121600154,202608251925576385,202608251925573776,85,4229,Bronze INV,br_ReAssessmentSocial,TASK_COMPLETE,SUCCESS,INFO,213,213,0,,2026-08-25T19:26:03.177Z,2026-08-25T21:23:56.829Z,7073,2026-08-25T21:23:56.829Z,RE,Reno,7eb7a049-5d17-4a23-bb2f-3b9c445afd32,SAMMS-Reno
202608252121600155,202608251925576386,202608251925573776,85,4230,Bronze INV,br_ReAssessmentSocial,TASK_COMPLETE,SUCCESS,INFO,87,87,0,,2026-08-25T19:26:03.177Z,2026-08-25T21:23:56.829Z,7073,2026-08-25T21:23:56.829Z,RMD,Richmond,7eb7a049-5d17-4a23-bb2f-3b9c445afd32,SAMMS-Richmond
202608252121600156,202608251925576387,202608251925573776,85,4231,Bronze INV,br_ReAssessmentSocial,TASK_COMPLETE,SUCCESS,INFO,589,589,0,,2026-08-25T19:26:03.177Z,2026-08-25T21:23:56.829Z,7073,2026-08-25T21:23:56.829Z,SFN,Springfield North,7eb7a049-5d17-4a23-bb2f-3b9c445afd32,SAMMS-SFNv5
202608252121600157,202608251925576388,202608251925573776,85,4232,Bronze INV,br_ReAssessmentSocial,TASK_COMPLETE,SUCCESS,INFO,762,762,0,,2026-08-25T19:26:03.177Z,2026-08-25T21:23:56.829Z,7073,2026-08-25T21:23:56.829Z,SHP,Shreveport,7eb7a049-5d17-4a23-bb2f-3b9c445afd32,SAMMS-Shreveport
202608252121600159,202608251925576389,202608251925573776,85,4234,Bronze INV,br_ReAssessmentSocial,TASK_COMPLETE,SUCCESS,INFO,483,483,0,,2026-08-25T19:26:03.177Z,2026-08-25T21:23:56.829Z,7073,2026-08-25T21:23:56.829Z,STN,Staunton,7eb7a049-5d17-4a23-bb2f-3b9c445afd32,SAMMS-Staunton
202608252121600160,202608251925576390,202608251925573776,85,4235,Bronze INV,br_ReAssessmentSocial,TASK_COMPLETE,SUCCESS,INFO,225,225,0,,2026-08-25T19:26:03.177Z,2026-08-25T21:23:56.829Z,7073,2026-08-25T21:23:56.829Z,STVN,Stevenson,7eb7a049-5d17-4a23-bb2f-3b9c445afd32,SAMMS-Stevenson
202608252121600161,202608251925576391,202608251925573776,85,4237,Bronze INV,br_ReAssessmentSocial,TASK_COMPLETE,SUCCESS,INFO,173,173,0,,2026-08-25T19:26:03.177Z,2026-08-25T21:23:56.829Z,7073,2026-08-25T21:23:56.829Z,TE,Tempe,7eb7a049-5d17-4a23-bb2f-3b9c445afd32,SAMMS-Tempe
202608252121600162,202608251925576392,202608251925573776,85,4238,Bronze INV,br_ReAssessmentSocial,TASK_COMPLETE,SUCCESS,INFO,0,0,0,,2026-08-25T19:26:03.177Z,2026-08-25T21:23:56.829Z,7073,2026-08-25T21:23:56.829Z,TEX,Texarkana,7eb7a049-5d17-4a23-bb2f-3b9c445afd32,SAMMS-Texarkana
202608252121600163,202608251925576393,202608251925573776,85,4239,Bronze INV,br_ReAssessmentSocial,TASK_COMPLETE,SUCCESS,INFO,1069,1069,0,,2026-08-25T19:26:03.177Z,2026-08-25T21:23:56.829Z,7073,2026-08-25T21:23:56.829Z,TTCA,Bessemer,7eb7a049-5d17-4a23-bb2f-3b9c445afd32,SAMMS-BessemerV5
202608252121600164,202608251925576394,202608251925573776,85,4240,Bronze INV,br_ReAssessmentSocial,TASK_COMPLETE,SUCCESS,INFO,1315,1315,0,,2026-08-25T19:26:03.177Z,2026-08-25T21:23:56.829Z,7073,2026-08-25T21:23:56.829Z,TTCB,Cullman,7eb7a049-5d17-4a23-bb2f-3b9c445afd32,SAMMS-CullmanV5
202608252121600166,202608251925576395,202608251925573776,85,4241,Bronze INV,br_ReAssessmentSocial,TASK_COMPLETE,SUCCESS,INFO,939,939,0,,2026-08-25T19:26:03.177Z,2026-08-25T21:23:56.829Z,7073,2026-08-25T21:23:56.829Z,TTCC,Grand Bay,7eb7a049-5d17-4a23-bb2f-3b9c445afd32,SAMMS-GrandBay
202608252121600167,202608251925576396,202608251925573776,85,4242,Bronze INV,br_ReAssessmentSocial,TASK_COMPLETE,SUCCESS,INFO,15,15,0,,2026-08-25T19:26:03.177Z,2026-08-25T21:23:56.829Z,7073,2026-08-25T21:23:56.829Z,TU,Tucson,7eb7a049-5d17-4a23-bb2f-3b9c445afd32,SAMMS-Tucson
202608252121600168,202608251925576397,202608251925573776,85,4244,Bronze INV,br_ReAssessmentSocial,TASK_COMPLETE,SUCCESS,INFO,660,660,0,,2026-08-25T19:26:03.177Z,2026-08-25T21:23:56.829Z,7073,2026-08-25T21:23:56.829Z,V1,Memphis South,7eb7a049-5d17-4a23-bb2f-3b9c445afd32,SAMMS-VCPHCS-I-MemphisV5
202608252121600169,202608251925576398,202608251925573776,85,4245,Bronze INV,br_ReAssessmentSocial,TASK_COMPLETE,SUCCESS,INFO,1626,1626,0,,2026-08-25T19:26:03.177Z,2026-08-25T21:23:56.829Z,7073,2026-08-25T21:23:56.829Z,V10,Longmont,7eb7a049-5d17-4a23-bb2f-3b9c445afd32,SAMMS-BoulderV5
202608252121600170,202608251925576399,202608251925573776,85,4246,Bronze INV,br_ReAssessmentSocial,TASK_COMPLETE,SUCCESS,INFO,1511,1511,0,,2026-08-25T19:26:03.177Z,2026-08-25T21:23:56.829Z,7073,2026-08-25T21:23:56.829Z,V10A,Fort Collins,7eb7a049-5d17-4a23-bb2f-3b9c445afd32,SAMMS-FortCollinsV5
202608252121600171,202608251925576400,202608251925573776,85,4247,Bronze INV,br_ReAssessmentSocial,TASK_COMPLETE,SUCCESS,INFO,2864,2864,0,,2026-08-25T19:26:03.177Z,2026-08-25T21:23:56.829Z,7073,2026-08-25T21:23:56.829Z,V11,Westminster,7eb7a049-5d17-4a23-bb2f-3b9c445afd32,SAMMS-VCPHCS-XI-NorthDenverV5
202608232214225594,202608232010370566,202608232010368283,85,3699,Bronze INV,br_ReAssessmentMentalHealth,TASK_COMPLETE,SUCCESS,INFO,609,609,0,,2026-08-23T20:10:41.468Z,2026-08-23T22:16:21.732Z,7540,2026-08-23T22:16:21.732Z,V15,Joplin,955211d4-28b8-44a0-8023-2bfaa48d6721,SAMMS-JoplinV5
202608232214225596,202608232010370567,202608232010368283,85,3701,Bronze INV,br_ReAssessmentMentalHealth,TASK_COMPLETE,SUCCESS,INFO,906,906,0,,2026-08-23T20:10:41.468Z,2026-08-23T22:16:21.732Z,7540,2026-08-23T22:16:21.732Z,V17,Columbia TN,955211d4-28b8-44a0-8023-2bfaa48d6721,SAMMS-ColumbiaTNv5
202608232214225597,202608232010370568,202608232010368283,85,3703,Bronze INV,br_ReAssessmentMentalHealth,TASK_COMPLETE,SUCCESS,INFO,533,533,0,,2026-08-23T20:10:41.468Z,2026-08-23T22:16:21.732Z,7540,2026-08-23T22:16:21.732Z,V19,Jackson,955211d4-28b8-44a0-8023-2bfaa48d6721,SAMMS-JacksonV5
202608232214225598,202608232010370569,202608232010368283,85,3705,Bronze INV,br_ReAssessmentMentalHealth,TASK_COMPLETE,SUCCESS,INFO,1771,1771,0,,2026-08-23T20:10:41.468Z,2026-08-23T22:16:21.732Z,7540,2026-08-23T22:16:21.732Z,V20,Paris,955211d4-28b8-44a0-8023-2bfaa48d6721,SAMMS-ParisV5
202608232214225599,202608232010370570,202608232010368283,85,3706,Bronze INV,br_ReAssessmentMentalHealth,TASK_COMPLETE,SUCCESS,INFO,726,726,0,,2026-08-23T20:10:41.468Z,2026-08-23T22:16:21.732Z,7540,2026-08-23T22:16:21.732Z,V21,Memphis North,955211d4-28b8-44a0-8023-2bfaa48d6721,SAMMS-RaleighV5
202608232214225600,202608232010370571,202608232010368283,85,3709,Bronze INV,br_ReAssessmentMentalHealth,TASK_COMPLETE,SUCCESS,INFO,1780,1780,0,,2026-08-23T20:10:41.468Z,2026-08-23T22:16:21.732Z,7540,2026-08-23T22:16:21.732Z,V5,West Bank,955211d4-28b8-44a0-8023-2bfaa48d6721,SAMMS-NONTCv5
202608232214225601,202608232010370572,202608232010368283,85,3711,Bronze INV,br_ReAssessmentMentalHealth,TASK_COMPLETE,SUCCESS,INFO,145,145,0,,2026-08-23T20:10:41.468Z,2026-08-23T22:16:21.732Z,7540,2026-08-23T22:16:21.732Z,V5B,Houma,955211d4-28b8-44a0-8023-2bfaa48d6721,SAMMS-HoumaV6
202608232214225603,202608232010370573,202608232010368283,85,3712,Bronze INV,br_ReAssessmentMentalHealth,TASK_COMPLETE,SUCCESS,INFO,1913,1913,0,,2026-08-23T20:10:41.468Z,2026-08-23T22:16:21.732Z,7540,2026-08-23T22:16:21.732Z,V6,Lake Charles,955211d4-28b8-44a0-8023-2bfaa48d6721,SAMMS-LCv5
202608232214225604,202608232010370574,202608232010368283,85,3714,Bronze INV,br_ReAssessmentMentalHealth,TASK_COMPLETE,SUCCESS,INFO,742,742,0,,2026-08-23T20:10:41.468Z,2026-08-23T22:16:21.732Z,7540,2026-08-23T22:16:21.732Z,V8,Memphis Midtown,955211d4-28b8-44a0-8023-2bfaa48d6721,SAMMS-VCPHCS-VIII-MemphisV5
202608232214225605,202608232010370575,202608232010368283,85,3715,Bronze INV,br_ReAssessmentMentalHealth,TASK_COMPLETE,SUCCESS,INFO,1765,1765,0,,2026-08-23T20:10:41.468Z,2026-08-23T22:16:21.732Z,7540,2026-08-23T22:16:21.732Z,V9,Nashville,955211d4-28b8-44a0-8023-2bfaa48d6721,SAMMS-NashvilleV5
202608232214225606,202608232010370576,202608232010368283,85,3716,Bronze INV,br_ReAssessmentMentalHealth,TASK_COMPLETE,SUCCESS,INFO,839,839,0,,2026-08-23T20:10:41.468Z,2026-08-23T22:16:21.732Z,7540,2026-08-23T22:16:21.732Z,VBRA,Brainerd,955211d4-28b8-44a0-8023-2bfaa48d6721,SAMMS-BrainerdV6
202608232214225607,202608232010370577,202608232010368283,85,3717,Bronze INV,br_ReAssessmentMentalHealth,TASK_COMPLETE,SUCCESS,INFO,1961,1961,0,,2026-08-23T20:10:41.468Z,2026-08-23T22:16:21.732Z,7540,2026-08-23T22:16:21.732Z,VBRP,Brooklyn Park,955211d4-28b8-44a0-8023-2bfaa48d6721,SAMMS-BrooklynParkV6
202608232214225608,202608232010370578,202608232010368283,85,3719,Bronze INV,br_ReAssessmentMentalHealth,TASK_COMPLETE,SUCCESS,INFO,747,747,0,,2026-08-23T20:10:41.468Z,2026-08-23T22:16:21.732Z,7540,2026-08-23T22:16:21.732Z,VMIN,Minneapolis,955211d4-28b8-44a0-8023-2bfaa48d6721,SAMMS-MinneapolisV6
202608232214225609,202608232010370579,202608232010368283,85,3720,Bronze INV,br_ReAssessmentMentalHealth,TASK_COMPLETE,SUCCESS,INFO,885,885,0,,2026-08-23T20:10:41.468Z,2026-08-23T22:16:21.732Z,7540,2026-08-23T22:16:21.732Z,VWBY,Woodbury,955211d4-28b8-44a0-8023-2bfaa48d6721,SAMMS-WoodburyV6
202608232214225611,202608232010370580,202608232010368283,85,3722,Bronze INV,br_ReAssessmentMentalHealth,TASK_COMPLETE,SUCCESS,INFO,161,161,0,,2026-08-23T20:10:41.468Z,2026-08-23T22:16:21.732Z,7540,2026-08-23T22:16:21.732Z,WIL,Wilson,955211d4-28b8-44a0-8023-2bfaa48d6721,SAMMS-Wilson
202608232214225712,202608232010468295,202608232010468283,86,5731,Silver INV,sl_ReAssessmentMentalHealth,TASK_COMPLETE,SUCCESS,INFO,78733,78733,0,,2026-08-23T20:10:41.468Z,2026-08-23T22:16:21.732Z,7540,2026-08-23T22:16:21.732Z,,,955211d4-28b8-44a0-8023-2bfaa48d6721,
202608232214225642,202608232010370121,202608232010368283,85,3726,Bronze INV,br_ReAssessmentOccupational,TASK_COMPLETE,SUCCESS,INFO,35,35,0,,2026-08-23T20:10:41.468Z,2026-08-23T22:16:21.732Z,7540,2026-08-23T22:16:21.732Z,AHK,Ahoskie,955211d4-28b8-44a0-8023-2bfaa48d6721,SAMMS-Ahoskie
202608232214225644,202608232010370122,202608232010368283,85,3727,Bronze INV,br_ReAssessmentOccupational,TASK_COMPLETE,SUCCESS,INFO,663,663,0,,2026-08-23T20:10:41.468Z,2026-08-23T22:16:21.732Z,7540,2026-08-23T22:16:21.732Z,B12B,Colorado Springs,955211d4-28b8-44a0-8023-2bfaa48d6721,SAMMS-ColoradoSpringsV5
202608232214225645,202608232010370123,202608232010368283,85,3728,Bronze INV,br_ReAssessmentOccupational,TASK_COMPLETE,SUCCESS,INFO,829,829,0,,2026-08-23T20:10:41.468Z,2026-08-23T22:16:21.732Z,7540,2026-08-23T22:16:21.732Z,B24,Paintsville,955211d4-28b8-44a0-8023-2bfaa48d6721,SAMMS-PaintsvilleV5
202608232214225646,202608232010370124,202608232010368283,85,3729,Bronze INV,br_ReAssessmentOccupational,TASK_COMPLETE,SUCCESS,INFO,646,646,0,,2026-08-23T20:10:41.468Z,2026-08-23T22:16:21.732Z,7540,2026-08-23T22:16:21.732Z,B25,Pikeville,955211d4-28b8-44a0-8023-2bfaa48d6721,SAMMS-PikevilleV5
202608232214225647,202608232010370125,202608232010368283,85,3730,Bronze INV,br_ReAssessmentOccupational,TASK_COMPLETE,SUCCESS,INFO,970,970,0,,2026-08-23T20:10:41.468Z,2026-08-23T22:16:21.732Z,7540,2026-08-23T22:16:21.732Z,B26,Hazard,955211d4-28b8-44a0-8023-2bfaa48d6721,SAMMS-HazardV5
202608232214225648,202608232010370126,202608232010368283,85,3731,Bronze INV,br_ReAssessmentOccupational,TASK_COMPLETE,SUCCESS,INFO,531,531,0,,2026-08-23T20:10:41.468Z,2026-08-23T22:16:21.732Z,7540,2026-08-23T22:16:21.732Z,B27,Savannah,955211d4-28b8-44a0-8023-2bfaa48d6721,SAMMS-SavannahV6
202608232214225649,202608232010370127,202608232010368283,85,3732,Bronze INV,br_ReAssessmentOccupational,TASK_COMPLETE,SUCCESS,INFO,245,245,0,,2026-08-23T20:10:41.468Z,2026-08-23T22:16:21.732Z,7540,2026-08-23T22:16:21.732Z,B28,West Plains,955211d4-28b8-44a0-8023-2bfaa48d6721,SAMMS-WestPlainesV5
202608232214225651,202608232010370128,202608232010368283,85,3733,Bronze INV,br_ReAssessmentOccupational,TASK_COMPLETE,SUCCESS,INFO,461,461,0,,2026-08-23T20:10:41.468Z,2026-08-23T22:16:21.732Z,7540,2026-08-23T22:16:21.732Z,B29,Poplar Bluff,955211d4-28b8-44a0-8023-2bfaa48d6721,SAMMS-PoplarBluffV5
202608232214225652,202608232010370129,202608232010368283,85,3734,Bronze INV,br_ReAssessmentOccupational,TASK_COMPLETE,SUCCESS,INFO,78,78,0,,2026-08-23T20:10:41.468Z,2026-08-23T22:16:21.732Z,7540,2026-08-23T22:16:21.732Z,B30,KC North,955211d4-28b8-44a0-8023-2bfaa48d6721,SAMMS-KCNv5
202608232214225653,202608232010370130,202608232010368283,85,3735,Bronze INV,br_ReAssessmentOccupational,TASK_COMPLETE,SUCCESS,INFO,400,400,0,,2026-08-23T20:10:41.468Z,2026-08-23T22:16:21.732Z,7540,2026-08-23T22:16:21.732Z,B31,Dyersburg,955211d4-28b8-44a0-8023-2bfaa48d6721,SAMMS-DyersburgV5
202608232214225654,202608232010370131,202608232010368283,85,3737,Bronze INV,br_ReAssessmentOccupational,TASK_COMPLETE,SUCCESS,INFO,487,487,0,,2026-08-23T20:10:41.468Z,2026-08-23T22:16:21.732Z,7540,2026-08-23T22:16:21.732Z,B33,Paducah,955211d4-28b8-44a0-8023-2bfaa48d6721,SAMMS-Paducah
202608232214225655,202608232010370132,202608232010368283,85,3738,Bronze INV,br_ReAssessmentOccupational,TASK_COMPLETE,SUCCESS,INFO,385,385,0,,2026-08-23T20:10:41.468Z,2026-08-23T22:16:21.732Z,7540,2026-08-23T22:16:21.732Z,B34,Corbin,955211d4-28b8-44a0-8023-2bfaa48d6721,SAMMS-CorbinV5
202608232214225656,202608232010370133,202608232010368283,85,3739,Bronze INV,br_ReAssessmentOccupational,TASK_COMPLETE,SUCCESS,INFO,239,239,0,,2026-08-23T20:10:41.468Z,2026-08-23T22:16:21.732Z,7540,2026-08-23T22:16:21.732Z,B35,Lexington,955211d4-28b8-44a0-8023-2bfaa48d6721,SAMMS-LexingtonV5
202608232214225658,202608232010370134,202608232010368283,85,3740,Bronze INV,br_ReAssessmentOccupational,TASK_COMPLETE,SUCCESS,INFO,77,77,0,,2026-08-23T20:10:41.468Z,2026-08-23T22:16:21.732Z,7540,2026-08-23T22:16:21.732Z,B35A,Berea,955211d4-28b8-44a0-8023-2bfaa48d6721,SAMMS-BereaV5
202608232214225659,202608232010370135,202608232010368283,85,3741,Bronze INV,br_ReAssessmentOccupational,TASK_COMPLETE,SUCCESS,INFO,21,21,0,,2026-08-23T20:10:41.468Z,2026-08-23T22:16:21.732Z,7540,2026-08-23T22:16:21.732Z,B36,Asheville,955211d4-28b8-44a0-8023-2bfaa48d6721,SAMMS-AshevilleV5
202608232214225660,202608232010370136,202608232010368283,85,3742,Bronze INV,br_ReAssessmentOccupational,TASK_COMPLETE,SUCCESS,INFO,1,1,0,,2026-08-23T20:10:41.468Z,2026-08-23T22:16:21.732Z,7540,2026-08-23T22:16:21.732Z,B37,Clyde,955211d4-28b8-44a0-8023-2bfaa48d6721,SAMMS-ClydeV5
202608232214225661,202608232010370137,202608232010368283,85,3743,Bronze INV,br_ReAssessmentOccupational,TASK_COMPLETE,SUCCESS,INFO,1187,1187,0,,2026-08-23T20:10:41.468Z,2026-08-23T22:16:21.732Z,7540,2026-08-23T22:16:21.732Z,B38,Spartanburg,955211d4-28b8-44a0-8023-2bfaa48d6721,SAMMS-SpartanburgV5
202608232214225662,202608232010370138,202608232010368283,85,3744,Bronze INV,br_ReAssessmentOccupational,TASK_COMPLETE,SUCCESS,INFO,362,362,0,,2026-08-23T20:10:41.468Z,2026-08-23T22:16:21.732Z,7540,2026-08-23T22:16:21.732Z,B39,Aiken,955211d4-28b8-44a0-8023-2bfaa48d6721,SAMMS-AikenV5
202608232214225663,202608232010370139,202608232010368283,85,3745,Bronze INV,br_ReAssessmentOccupational,TASK_COMPLETE,SUCCESS,INFO,1887,1887,0,,2026-08-23T20:10:41.468Z,2026-08-23T22:16:21.732Z,7540,2026-08-23T22:16:21.732Z,B41,Chesapeake,955211d4-28b8-44a0-8023-2bfaa48d6721,SAMMS-ChesapeakeV5
202608232214225665,202608232010370140,202608232010368283,85,3746,Bronze INV,br_ReAssessmentOccupational,TASK_COMPLETE,SUCCESS,INFO,1914,1914,0,,2026-08-23T20:10:41.468Z,2026-08-23T22:16:21.732Z,7540,2026-08-23T22:16:21.732Z,B42,Virginia Beach,955211d4-28b8-44a0-8023-2bfaa48d6721,SAMMS-VirginiaBeachV5
202608232214225666,202608232010370141,202608232010368283,85,3747,Bronze INV,br_ReAssessmentOccupational,TASK_COMPLETE,SUCCESS,INFO,924,924,0,,2026-08-23T20:10:41.468Z,2026-08-23T22:16:21.732Z,7540,2026-08-23T22:16:21.732Z,B42A,Newport News,955211d4-28b8-44a0-8023-2bfaa48d6721,SAMMS-NewportNewsV5
202608232214225667,202608232010370142,202608232010368283,85,3748,Bronze INV,br_ReAssessmentOccupational,TASK_COMPLETE,SUCCESS,INFO,507,507,0,,2026-08-23T20:10:41.468Z,2026-08-23T22:16:21.732Z,7540,2026-08-23T22:16:21.732Z,B42B,Franklin,955211d4-28b8-44a0-8023-2bfaa48d6721,SAMMS-FranklinV5
202608232214225668,202608232010370143,202608232010368283,85,3749,Bronze INV,br_ReAssessmentOccupational,TASK_COMPLETE,SUCCESS,INFO,343,343,0,,2026-08-23T20:10:41.468Z,2026-08-23T22:16:21.732Z,7540,2026-08-23T22:16:21.732Z,B42C,Glen Allen,955211d4-28b8-44a0-8023-2bfaa48d6721,SAMMS-GlenAllenV5
202608232214225669,202608232010370144,202608232010368283,85,3750,Bronze INV,br_ReAssessmentOccupational,TASK_COMPLETE,SUCCESS,INFO,1481,1481,0,,2026-08-23T20:10:41.468Z,2026-08-23T22:16:21.732Z,7540,2026-08-23T22:16:21.732Z,B42D,Chesapeake South,955211d4-28b8-44a0-8023-2bfaa48d6721,SAMMS-ChesapeakeSouthV5
202608232214225670,202608232010370145,202608232010368283,85,3751,Bronze INV,br_ReAssessmentOccupational,TASK_COMPLETE,SUCCESS,INFO,631,631,0,,2026-08-23T20:10:41.468Z,2026-08-23T22:16:21.732Z,7540,2026-08-23T22:16:21.732Z,B44,Albany,955211d4-28b8-44a0-8023-2bfaa48d6721,SAMMS-AlbanyV5
202608232214225671,202608232010370146,202608232010368283,85,3752,Bronze INV,br_ReAssessmentOccupational,TASK_COMPLETE,SUCCESS,INFO,1268,1268,0,,2026-08-23T20:10:41.468Z,2026-08-23T22:16:21.732Z,7540,2026-08-23T22:16:21.732Z,B45,Tifton,955211d4-28b8-44a0-8023-2bfaa48d6721,SAMMS-TiftonV5
202608232214225673,202608232010370147,202608232010368283,85,3753,Bronze INV,br_ReAssessmentOccupational,TASK_COMPLETE,SUCCESS,INFO,590,590,0,,2026-08-23T20:10:41.468Z,2026-08-23T22:16:21.732Z,7540,2026-08-23T22:16:21.732Z,B46,Washington DC,955211d4-28b8-44a0-8023-2bfaa48d6721,SAMMS-WashingtonDCv5
202608232214225674,202608232010370148,202608232010368283,85,3754,Bronze INV,br_ReAssessmentOccupational,TASK_COMPLETE,SUCCESS,INFO,1564,1564,0,,2026-08-23T20:10:41.468Z,2026-08-23T22:16:21.732Z,7540,2026-08-23T22:16:21.732Z,B47,Mobile,955211d4-28b8-44a0-8023-2bfaa48d6721,SAMMS-MobileV5
202608232214225675,202608232010370149,202608232010368283,85,3755,Bronze INV,br_ReAssessmentOccupational,TASK_COMPLETE,SUCCESS,INFO,1296,1296,0,,2026-08-23T20:10:41.468Z,2026-08-23T22:16:21.732Z,7540,2026-08-23T22:16:21.732Z,B48,Tuscaloosa,955211d4-28b8-44a0-8023-2bfaa48d6721,SAMMS-TuscaloosaV5
202608232214225676,202608232010370150,202608232010368283,85,3764,Bronze INV,br_ReAssessmentOccupational,TASK_COMPLETE,SUCCESS,INFO,2,2,0,,2026-08-23T20:10:41.468Z,2026-08-23T22:16:21.732Z,7540,2026-08-23T22:16:21.732Z,B51,N. Little Rock (OTP),955211d4-28b8-44a0-8023-2bfaa48d6721,SAMMS-NorthLittleRockV6
202608232214225677,202608232010370151,202608232010368283,85,3765,Bronze INV,br_ReAssessmentOccupational,TASK_COMPLETE,SUCCESS,INFO,455,455,0,,2026-08-23T20:10:41.468Z,2026-08-23T22:16:21.732Z,7540,2026-08-23T22:16:21.732Z,B52,Jackson GA,955211d4-28b8-44a0-8023-2bfaa48d6721,SAMMS-JacksonGAV5
202608232214225678,202608232010370152,202608232010368283,85,3766,Bronze INV,br_ReAssessmentOccupational,TASK_COMPLETE,SUCCESS,INFO,1701,1701,0,,2026-08-23T20:10:41.468Z,2026-08-23T22:16:21.732Z,7540,2026-08-23T22:16:21.732Z,B54,Gadsden,955211d4-28b8-44a0-8023-2bfaa48d6721,SAMMS-GadsdenV5
202608232214225680,202608232010370153,202608232010368283,85,3767,Bronze INV,br_ReAssessmentOccupational,TASK_COMPLETE,SUCCESS,INFO,947,947,0,,2026-08-23T20:10:41.468Z,2026-08-23T22:16:21.732Z,7540,2026-08-23T22:16:21.732Z,B55,Shoals,955211d4-28b8-44a0-8023-2bfaa48d6721,SAMMS-ShoalsV5
202608232214225681,202608232010370154,202608232010368283,85,3768,Bronze INV,br_ReAssessmentOccupational,TASK_COMPLETE,SUCCESS,INFO,294,294,0,,2026-08-23T20:10:41.468Z,2026-08-23T22:16:21.732Z,7540,2026-08-23T22:16:21.732Z,B57,Pawtucket,955211d4-28b8-44a0-8023-2bfaa48d6721,SAMMS-Pawtucket
202608232214225682,202608232010370155,202608232010368283,85,3769,Bronze INV,br_ReAssessmentOccupational,TASK_COMPLETE,SUCCESS,INFO,555,555,0,,2026-08-23T20:10:41.468Z,2026-08-23T22:16:21.732Z,7540,2026-08-23T22:16:21.732Z,B57A,Johnston,955211d4-28b8-44a0-8023-2bfaa48d6721,SAMMS-Johnston
202608232214225683,202608232010370156,202608232010368283,85,3770,Bronze INV,br_ReAssessmentOccupational,TASK_COMPLETE,SUCCESS,INFO,165,165,0,,2026-08-23T20:10:41.468Z,2026-08-23T22:16:21.732Z,7540,2026-08-23T22:16:21.732Z,B57B,Middletown,955211d4-28b8-44a0-8023-2bfaa48d6721,SAMMS-Middletown
202608232214225684,202608232010370157,202608232010368283,85,3771,Bronze INV,br_ReAssessmentOccupational,TASK_COMPLETE,SUCCESS,INFO,412,412,0,,2026-08-23T20:10:41.468Z,2026-08-23T22:16:21.732Z,7540,2026-08-23T22:16:21.732Z,B57C,Providence,955211d4-28b8-44a0-8023-2bfaa48d6721,SAMMS-Providence
202608232214225685,202608232010370158,202608232010368283,85,3772,Bronze INV,br_ReAssessmentOccupational,TASK_COMPLETE,SUCCESS,INFO,623,623,0,,2026-08-23T20:10:41.468Z,2026-08-23T22:16:21.732Z,7540,2026-08-23T22:16:21.732Z,B57D,Westerly,955211d4-28b8-44a0-8023-2bfaa48d6721,SAMMS-Westerly
202608232214225687,202608232010370159,202608232010368283,85,3776,Bronze INV,br_ReAssessmentOccupational,TASK_COMPLETE,SUCCESS,INFO,4,4,0,,2026-08-23T20:10:41.468Z,2026-08-23T22:16:21.732Z,7540,2026-08-23T22:16:21.732Z,B66A,Bremen,955211d4-28b8-44a0-8023-2bfaa48d6721,SAMMS-Bremen
202608232214225688,202608232010370160,202608232010368283,85,3779,Bronze INV,br_ReAssessmentOccupational,TASK_COMPLETE,SUCCESS,INFO,0,0,0,,2026-08-23T20:10:41.468Z,2026-08-23T22:16:21.732Z,7540,2026-08-23T22:16:21.732Z,B72,Mobile (OBOT),955211d4-28b8-44a0-8023-2bfaa48d6721,SAMMS-Mobile-OBOT
202608232214225689,202608232010370161,202608232010368283,85,3780,Bronze INV,br_ReAssessmentOccupational,TASK_COMPLETE,SUCCESS,INFO,0,0,0,,2026-08-23T20:10:41.468Z,2026-08-23T22:16:21.732Z,7540,2026-08-23T22:16:21.732Z,B73,Montgomery,955211d4-28b8-44a0-8023-2bfaa48d6721,SAMMS-Montgomery
202608232214225690,202608232010370162,202608232010368283,85,3781,Bronze INV,br_ReAssessmentOccupational,TASK_COMPLETE,SUCCESS,INFO,515,515,0,,2026-08-23T20:10:41.468Z,2026-08-23T22:16:21.732Z,7540,2026-08-23T22:16:21.732Z,B75,Lawrence,955211d4-28b8-44a0-8023-2bfaa48d6721,SAMMS-LawrenceV6
202608232214225691,202608232010370163,202608232010368283,85,3782,Bronze INV,br_ReAssessmentOccupational,TASK_COMPLETE,SUCCESS,INFO,0,0,0,,2026-08-23T20:10:41.468Z,2026-08-23T22:16:21.732Z,7540,2026-08-23T22:16:21.732Z,B76,Huntsville OBOT,955211d4-28b8-44a0-8023-2bfaa48d6721,SAMMS-Huntsville-OBOT
202608232214225692,202608232010370164,202608232010368283,85,3783,Bronze INV,br_ReAssessmentOccupational,TASK_COMPLETE,SUCCESS,INFO,0,0,0,,2026-08-23T20:10:41.468Z,2026-08-23T22:16:21.732Z,7540,2026-08-23T22:16:21.732Z,BAT,Batesville,955211d4-28b8-44a0-8023-2bfaa48d6721,SAMMS-Batesville
202608232214225694,202608232010370165,202608232010368283,85,3784,Bronze INV,br_ReAssessmentOccupational,TASK_COMPLETE,SUCCESS,INFO,460,460,0,,2026-08-23T20:10:41.468Z,2026-08-23T22:16:21.732Z,7540,2026-08-23T22:16:21.732Z,BG,Bowling Green,955211d4-28b8-44a0-8023-2bfaa48d6721,SAMMS-BowlingGreen
202608232214225695,202608232010370166,202608232010368283,85,3785,Bronze INV,br_ReAssessmentOccupational,TASK_COMPLETE,SUCCESS,INFO,180,180,0,,2026-08-23T20:10:41.468Z,2026-08-23T22:16:21.732Z,7540,2026-08-23T22:16:21.732Z,BOI,Boise,955211d4-28b8-44a0-8023-2bfaa48d6721,SAMMS-Boise
202608232214225696,202608232010370167,202608232010368283,85,3792,Bronze INV,br_ReAssessmentOccupational,TASK_COMPLETE,SUCCESS,INFO,51,51,0,,2026-08-23T20:10:41.468Z,2026-08-23T22:16:21.732Z,7540,2026-08-23T22:16:21.732Z,CBCO,Coeur dAlene,955211d4-28b8-44a0-8023-2bfaa48d6721,SAMMS-CoeurdAleneV6
202608232214225697,202608232010370168,202608232010368283,85,3811,Bronze INV,br_ReAssessmentOccupational,TASK_COMPLETE,SUCCESS,INFO,0,0,0,,2026-08-23T20:10:41.468Z,2026-08-23T22:16:21.732Z,7540,2026-08-23T22:16:21.732Z,CON,Conway,955211d4-28b8-44a0-8023-2bfaa48d6721,SAMMS-Conway
202608232214225698,202608232010370169,202608232010368283,85,3812,Bronze INV,br_ReAssessmentOccupational,TASK_COMPLETE,SUCCESS,INFO,2573,2573,0,,2026-08-23T20:10:41.468Z,2026-08-23T22:16:21.732Z,7540,2026-08-23T22:16:21.732Z,D07,Medical Services Knox TN,955211d4-28b8-44a0-8023-2bfaa48d6721,SAMMS-KnoxvilleV6
202608232214225699,202608232010370170,202608232010368283,85,3813,Bronze INV,br_ReAssessmentOccupational,TASK_COMPLETE,SUCCESS,INFO,111,111,0,,2026-08-23T20:10:41.468Z,2026-08-23T22:16:21.732Z,7540,2026-08-23T22:16:21.732Z,D08,Madison,955211d4-28b8-44a0-8023-2bfaa48d6721,SAMMS-MadisonV6
202608232214225701,202608232010370171,202608232010368283,85,3815,Bronze INV,br_ReAssessmentOccupational,TASK_COMPLETE,SUCCESS,INFO,120,120,0,,2026-08-23T20:10:41.468Z,2026-08-23T22:16:21.732Z,7540,2026-08-23T22:16:21.732Z,D09,Murfreesboro,955211d4-28b8-44a0-8023-2bfaa48d6721,SAMMS-MurfreesboroV6
202608232214225702,202608232010370172,202608232010368283,85,3816,Bronze INV,br_ReAssessmentOccupational,TASK_COMPLETE,SUCCESS,INFO,336,336,0,,2026-08-23T20:10:41.468Z,2026-08-23T22:16:21.732Z,7540,2026-08-23T22:16:21.732Z,DA,Davenport,955211d4-28b8-44a0-8023-2bfaa48d6721,SAMMS-Davenport
202608232214225703,202608232010370173,202608232010368283,85,3817,Bronze INV,br_ReAssessmentOccupational,TASK_COMPLETE,SUCCESS,INFO,287,287,0,,2026-08-23T20:10:41.468Z,2026-08-23T22:16:21.732Z,7540,2026-08-23T22:16:21.732Z,DM,Des Moines,955211d4-28b8-44a0-8023-2bfaa48d6721,SAMMS-DesMoines
202608232214225704,202608232010370174,202608232010368283,85,3819,Bronze INV,br_ReAssessmentOccupational,TASK_COMPLETE,SUCCESS,INFO,530,530,0,,2026-08-23T20:10:41.468Z,2026-08-23T22:16:21.732Z,7540,2026-08-23T22:16:21.732Z,DRD-CO,Columbia MO,955211d4-28b8-44a0-8023-2bfaa48d6721,SAMMS-ColumbiaV5
202608232214225705,202608232010370175,202608232010368283,85,3820,Bronze INV,br_ReAssessmentOccupational,TASK_COMPLETE,SUCCESS,INFO,347,347,0,,2026-08-23T20:10:41.468Z,2026-08-23T22:16:21.732Z,7540,2026-08-23T22:16:21.732Z,DRD-KC,KC,955211d4-28b8-44a0-8023-2bfaa48d6721,SAMMS-KCv5
202608232214225706,202608232010370176,202608232010368283,85,3821,Bronze INV,br_ReAssessmentOccupational,TASK_COMPLETE,SUCCESS,INFO,1550,1550,0,,2026-08-23T20:10:41.468Z,2026-08-23T22:16:21.732Z,7540,2026-08-23T22:16:21.732Z,DRD-KVB,KVB,955211d4-28b8-44a0-8023-2bfaa48d6721,SAMMS-KVBv5
202608232214225708,202608232010370177,202608232010368283,85,3822,Bronze INV,br_ReAssessmentOccupational,TASK_COMPLETE,SUCCESS,INFO,1672,1672,0,,2026-08-23T20:10:41.468Z,2026-08-23T22:16:21.732Z,7540,2026-08-23T22:16:21.732Z,DRD-KVC,KVC,955211d4-28b8-44a0-8023-2bfaa48d6721,SAMMS-KVCv5
202608232214225709,202608232010370178,202608232010368283,85,3823,Bronze INV,br_ReAssessmentOccupational,TASK_COMPLETE,SUCCESS,INFO,3204,3204,0,,2026-08-23T20:10:41.468Z,2026-08-23T22:16:21.732Z,7540,2026-08-23T22:16:21.732Z,DRD-NOLA,NOLA,955211d4-28b8-44a0-8023-2bfaa48d6721,SAMMS-NOLAv5
202608232214225710,202608232010370179,202608232010368283,85,3824,Bronze INV,br_ReAssessmentOccupational,TASK_COMPLETE,SUCCESS,INFO,801,801,0,,2026-08-23T20:10:41.468Z,2026-08-23T22:16:21.732Z,7540,2026-08-23T22:16:21.732Z,DRD-SF,Springfield,955211d4-28b8-44a0-8023-2bfaa48d6721,SAMMS-SFv5
202608232214225711,202608232010370180,202608232010368283,85,3826,Bronze INV,br_ReAssessmentOccupational,TASK_COMPLETE,SUCCESS,INFO,260,260,0,,2026-08-23T20:10:41.468Z,2026-08-23T22:16:21.732Z,7540,2026-08-23T22:16:21.732Z,ELC,Elizabeth City,955211d4-28b8-44a0-8023-2bfaa48d6721,SAMMS-ElizabethCity
202608232214225712,202608232010370181,202608232010368283,85,3827,Bronze INV,br_ReAssessmentOccupational,TASK_COMPLETE,SUCCESS,INFO,128,128,0,,2026-08-23T20:10:41.468Z,2026-08-23T22:16:21.732Z,7540,2026-08-23T22:16:21.732Z,ET,Elizabethtown,955211d4-28b8-44a0-8023-2bfaa48d6721,SAMMS-Elizabethtown
202608232214225713,202608232010370182,202608232010368283,85,3828,Bronze INV,br_ReAssessmentOccupational,TASK_COMPLETE,SUCCESS,INFO,0,0,0,,2026-08-23T20:10:41.468Z,2026-08-23T22:16:21.732Z,7540,2026-08-23T22:16:21.732Z,FAY,Fayetteville,955211d4-28b8-44a0-8023-2bfaa48d6721,SAMMS-Fayetteville
202608232214225714,202608232010370183,202608232010368283,85,3829,Bronze INV,br_ReAssessmentOccupational,TASK_COMPLETE,SUCCESS,INFO,156,156,0,,2026-08-23T20:10:41.468Z,2026-08-23T22:16:21.732Z,7540,2026-08-23T22:16:21.732Z,FR,Frankfort,955211d4-28b8-44a0-8023-2bfaa48d6721,SAMMS-Frankfort
202608232214225716,202608232010370184,202608232010368283,85,3830,Bronze INV,br_ReAssessmentOccupational,TASK_COMPLETE,SUCCESS,INFO,0,0,0,,2026-08-23T20:10:41.468Z,2026-08-23T22:16:21.732Z,7540,2026-08-23T22:16:21.732Z,FS,Fort Smith,955211d4-28b8-44a0-8023-2bfaa48d6721,SAMMS-FortSmith
202608232214225717,202608232010370185,202608232010368283,85,3831,Bronze INV,br_ReAssessmentOccupational,TASK_COMPLETE,SUCCESS,INFO,467,467,0,,2026-08-23T20:10:41.468Z,2026-08-23T22:16:21.732Z,7540,2026-08-23T22:16:21.732Z,FW,Fort Wayne,955211d4-28b8-44a0-8023-2bfaa48d6721,SAMMS-FortWayne
202608232214225718,202608232010370186,202608232010368283,85,3832,Bronze INV,br_ReAssessmentOccupational,TASK_COMPLETE,SUCCESS,INFO,275,275,0,,2026-08-23T20:10:41.468Z,2026-08-23T22:16:21.732Z,7540,2026-08-23T22:16:21.732Z,GAL,Gaylord,955211d4-28b8-44a0-8023-2bfaa48d6721,SAMMS-Gaylord
202608232214225719,202608232010370187,202608232010368283,85,3836,Bronze INV,br_ReAssessmentOccupational,TASK_COMPLETE,SUCCESS,INFO,100,100,0,,2026-08-23T20:10:41.468Z,2026-08-23T22:16:21.732Z,7540,2026-08-23T22:16:21.732Z,HGT,Hagerstown,955211d4-28b8-44a0-8023-2bfaa48d6721,SAMMS-Hagerstown
202608232214225720,202608232010370188,202608232010368283,85,3837,Bronze INV,br_ReAssessmentOccupational,TASK_COMPLETE,SUCCESS,INFO,1723,1723,0,,2026-08-23T20:10:41.468Z,2026-08-23T22:16:21.732Z,7540,2026-08-23T22:16:21.732Z,HNT,Huntsville,955211d4-28b8-44a0-8023-2bfaa48d6721,SAMMS-Huntsville
202608232214225721,202608232010370189,202608232010368283,85,3838,Bronze INV,br_ReAssessmentOccupational,TASK_COMPLETE,SUCCESS,INFO,0,0,0,,2026-08-23T20:10:41.468Z,2026-08-23T22:16:21.732Z,7540,2026-08-23T22:16:21.732Z,HS,Hot Springs,955211d4-28b8-44a0-8023-2bfaa48d6721,SAMMS-HotSprings
202608232214225723,202608232010370190,202608232010368283,85,3839,Bronze INV,br_ReAssessmentOccupational,TASK_COMPLETE,SUCCESS,INFO,0,0,0,,2026-08-23T20:10:41.468Z,2026-08-23T22:16:21.732Z,7540,2026-08-23T22:16:21.732Z,JON,Jonesboro,955211d4-28b8-44a0-8023-2bfaa48d6721,SAMMS-Jonesboro
202608232214225724,202608232010370191,202608232010368283,85,3841,Bronze INV,br_ReAssessmentOccupational,TASK_COMPLETE,SUCCESS,INFO,446,446,0,,2026-08-23T20:10:41.468Z,2026-08-23T22:16:21.732Z,7540,2026-08-23T22:16:21.732Z,LAN,Lansing,955211d4-28b8-44a0-8023-2bfaa48d6721,SAMMS-Lansing
202608232214225725,202608232010370192,202608232010368283,85,3842,Bronze INV,br_ReAssessmentOccupational,TASK_COMPLETE,SUCCESS,INFO,1287,1287,0,,2026-08-23T20:10:41.468Z,2026-08-23T22:16:21.732Z,7540,2026-08-23T22:16:21.732Z,LO,Louisville,955211d4-28b8-44a0-8023-2bfaa48d6721,SAMMS-Louisville
202608232214225726,202608232010370193,202608232010368283,85,3843,Bronze INV,br_ReAssessmentOccupational,TASK_COMPLETE,SUCCESS,INFO,291,291,0,,2026-08-23T20:10:41.468Z,2026-08-23T22:16:21.732Z,7540,2026-08-23T22:16:21.732Z,LV1,Cheyenne,955211d4-28b8-44a0-8023-2bfaa48d6721,SAMMS-Cheyenne
202608232214225727,202608232010370194,202608232010368283,85,3844,Bronze INV,br_ReAssessmentOccupational,TASK_COMPLETE,SUCCESS,INFO,204,204,0,,2026-08-23T20:10:41.468Z,2026-08-23T22:16:21.732Z,7540,2026-08-23T22:16:21.732Z,LV2,Desert Inn,955211d4-28b8-44a0-8023-2bfaa48d6721,SAMMS-DesertInn
202608232214225728,202608232010370195,202608232010368283,85,3845,Bronze INV,br_ReAssessmentOccupational,TASK_COMPLETE,SUCCESS,INFO,110,110,0,,2026-08-23T20:10:41.468Z,2026-08-23T22:16:21.732Z,7540,2026-08-23T22:16:21.732Z,LV3,McDaniel,955211d4-28b8-44a0-8023-2bfaa48d6721,SAMMS-McDaniel
202608232214225730,202608232010370196,202608232010368283,85,3848,Bronze INV,br_ReAssessmentOccupational,TASK_COMPLETE,SUCCESS,INFO,358,358,0,,2026-08-23T20:10:41.468Z,2026-08-23T22:16:21.732Z,7540,2026-08-23T22:16:21.732Z,MNRE,Monroe,955211d4-28b8-44a0-8023-2bfaa48d6721,SAMMS-Monroe
202608232214225731,202608232010370197,202608232010368283,85,3849,Bronze INV,br_ReAssessmentOccupational,TASK_COMPLETE,SUCCESS,INFO,1423,1423,0,,2026-08-23T20:10:41.468Z,2026-08-23T22:16:21.732Z,7540,2026-08-23T22:16:21.732Z,MP,Mt. Pleasant,955211d4-28b8-44a0-8023-2bfaa48d6721,SAMMS-MtPleasant
202608232214225732,202608232010370198,202608232010368283,85,3850,Bronze INV,br_ReAssessmentOccupational,TASK_COMPLETE,SUCCESS,INFO,153,153,0,,2026-08-23T20:10:41.468Z,2026-08-23T22:16:21.732Z,7540,2026-08-23T22:16:21.732Z,MRD,Meridian,955211d4-28b8-44a0-8023-2bfaa48d6721,SAMMS-Meridian
202608232214225733,202608232010370199,202608232010368283,85,3855,Bronze INV,br_ReAssessmentOccupational,TASK_COMPLETE,SUCCESS,INFO,693,693,0,,2026-08-23T20:10:41.468Z,2026-08-23T22:16:21.732Z,7540,2026-08-23T22:16:21.732Z,NC,North Charleston,955211d4-28b8-44a0-8023-2bfaa48d6721,SAMMS-NorthCharleston
202608232214225734,202608232010370200,202608232010368283,85,3856,Bronze INV,br_ReAssessmentOccupational,TASK_COMPLETE,SUCCESS,INFO,0,0,0,,2026-08-23T20:10:41.468Z,2026-08-23T22:16:21.732Z,7540,2026-08-23T22:16:21.732Z,NLR,N. Little Rock,955211d4-28b8-44a0-8023-2bfaa48d6721,SAMMS-NLROBOT
202608232214225735,202608232010370201,202608232010368283,85,3857,Bronze INV,br_ReAssessmentOccupational,TASK_COMPLETE,SUCCESS,INFO,112,112,0,,2026-08-23T20:10:41.468Z,2026-08-23T22:16:21.732Z,7540,2026-08-23T22:16:21.732Z,PH,Phoenix,955211d4-28b8-44a0-8023-2bfaa48d6721,SAMMS-Phoenix
202608232214225737,202608232010370202,202608232010368283,85,3861,Bronze INV,br_ReAssessmentOccupational,TASK_COMPLETE,SUCCESS,INFO,213,213,0,,2026-08-23T20:10:41.468Z,2026-08-23T22:16:21.732Z,7540,2026-08-23T22:16:21.732Z,RE,Reno,955211d4-28b8-44a0-8023-2bfaa48d6721,SAMMS-Reno
202608232214225738,202608232010370203,202608232010368283,85,3862,Bronze INV,br_ReAssessmentOccupational,TASK_COMPLETE,SUCCESS,INFO,87,87,0,,2026-08-23T20:10:41.468Z,2026-08-23T22:16:21.732Z,7540,2026-08-23T22:16:21.732Z,RMD,Richmond,955211d4-28b8-44a0-8023-2bfaa48d6721,SAMMS-Richmond
202608232214225739,202608232010370204,202608232010368283,85,3863,Bronze INV,br_ReAssessmentOccupational,TASK_COMPLETE,SUCCESS,INFO,589,589,0,,2026-08-23T20:10:41.468Z,2026-08-23T22:16:21.732Z,7540,2026-08-23T22:16:21.732Z,SFN,Springfield North,955211d4-28b8-44a0-8023-2bfaa48d6721,SAMMS-SFNv5
202608232214225740,202608232010370205,202608232010368283,85,3864,Bronze INV,br_ReAssessmentOccupational,TASK_COMPLETE,SUCCESS,INFO,762,762,0,,2026-08-23T20:10:41.468Z,2026-08-23T22:16:21.732Z,7540,2026-08-23T22:16:21.732Z,SHP,Shreveport,955211d4-28b8-44a0-8023-2bfaa48d6721,SAMMS-Shreveport
202608232214225741,202608232010370206,202608232010368283,85,3866,Bronze INV,br_ReAssessmentOccupational,TASK_COMPLETE,SUCCESS,INFO,484,484,0,,2026-08-23T20:10:41.468Z,2026-08-23T22:16:21.732Z,7540,2026-08-23T22:16:21.732Z,STN,Staunton,955211d4-28b8-44a0-8023-2bfaa48d6721,SAMMS-Staunton
202608232214225742,202608232010370207,202608232010368283,85,3867,Bronze INV,br_ReAssessmentOccupational,TASK_COMPLETE,SUCCESS,INFO,226,226,0,,2026-08-23T20:10:41.468Z,2026-08-23T22:16:21.732Z,7540,2026-08-23T22:16:21.732Z,STVN,Stevenson,955211d4-28b8-44a0-8023-2bfaa48d6721,SAMMS-Stevenson
202608232214225744,202608232010370208,202608232010368283,85,3869,Bronze INV,br_ReAssessmentOccupational,TASK_COMPLETE,SUCCESS,INFO,173,173,0,,2026-08-23T20:10:41.468Z,2026-08-23T22:16:21.732Z,7540,2026-08-23T22:16:21.732Z,TE,Tempe,955211d4-28b8-44a0-8023-2bfaa48d6721,SAMMS-Tempe
202608232214225745,202608232010370209,202608232010368283,85,3870,Bronze INV,br_ReAssessmentOccupational,TASK_COMPLETE,SUCCESS,INFO,0,0,0,,2026-08-23T20:10:41.468Z,2026-08-23T22:16:21.732Z,7540,2026-08-23T22:16:21.732Z,TEX,Texarkana,955211d4-28b8-44a0-8023-2bfaa48d6721,SAMMS-Texarkana
202608232214225746,202608232010370210,202608232010368283,85,3871,Bronze INV,br_ReAssessmentOccupational,TASK_COMPLETE,SUCCESS,INFO,1073,1073,0,,2026-08-23T20:10:41.468Z,2026-08-23T22:16:21.732Z,7540,2026-08-23T22:16:21.732Z,TTCA,Bessemer,955211d4-28b8-44a0-8023-2bfaa48d6721,SAMMS-BessemerV5
202608232214225747,202608232010370211,202608232010368283,85,3872,Bronze INV,br_ReAssessmentOccupational,TASK_COMPLETE,SUCCESS,INFO,1317,1317,0,,2026-08-23T20:10:41.468Z,2026-08-23T22:16:21.732Z,7540,2026-08-23T22:16:21.732Z,TTCB,Cullman,955211d4-28b8-44a0-8023-2bfaa48d6721,SAMMS-CullmanV5
202608232214225748,202608232010370212,202608232010368283,85,3873,Bronze INV,br_ReAssessmentOccupational,TASK_COMPLETE,SUCCESS,INFO,938,938,0,,2026-08-23T20:10:41.468Z,2026-08-23T22:16:21.732Z,7540,2026-08-23T22:16:21.732Z,TTCC,Grand Bay,955211d4-28b8-44a0-8023-2bfaa48d6721,SAMMS-GrandBay
202608232214225749,202608232010370213,202608232010368283,85,3874,Bronze INV,br_ReAssessmentOccupational,TASK_COMPLETE,SUCCESS,INFO,15,15,0,,2026-08-23T20:10:41.468Z,2026-08-23T22:16:21.732Z,7540,2026-08-23T22:16:21.732Z,TU,Tucson,955211d4-28b8-44a0-8023-2bfaa48d6721,SAMMS-Tucson
202608232214225750,202608232010370214,202608232010368283,85,3876,Bronze INV,br_ReAssessmentOccupational,TASK_COMPLETE,SUCCESS,INFO,661,661,0,,2026-08-23T20:10:41.468Z,2026-08-23T22:16:21.732Z,7540,2026-08-23T22:16:21.732Z,V1,Memphis South,955211d4-28b8-44a0-8023-2bfaa48d6721,SAMMS-VCPHCS-I-MemphisV5
202608232214225752,202608232010370215,202608232010368283,85,3877,Bronze INV,br_ReAssessmentOccupational,TASK_COMPLETE,SUCCESS,INFO,1627,1627,0,,2026-08-23T20:10:41.468Z,2026-08-23T22:16:21.732Z,7540,2026-08-23T22:16:21.732Z,V10,Longmont,955211d4-28b8-44a0-8023-2bfaa48d6721,SAMMS-BoulderV5
202608232214225753,202608232010370216,202608232010368283,85,3878,Bronze INV,br_ReAssessmentOccupational,TASK_COMPLETE,SUCCESS,INFO,1513,1513,0,,2026-08-23T20:10:41.468Z,2026-08-23T22:16:21.732Z,7540,2026-08-23T22:16:21.732Z,V10A,Fort Collins,955211d4-28b8-44a0-8023-2bfaa48d6721,SAMMS-FortCollinsV5
202608232214225754,202608232010370217,202608232010368283,85,3879,Bronze INV,br_ReAssessmentOccupational,TASK_COMPLETE,SUCCESS,INFO,2864,2864,0,,2026-08-23T20:10:41.468Z,2026-08-23T22:16:21.732Z,7540,2026-08-23T22:16:21.732Z,V11,Westminster,955211d4-28b8-44a0-8023-2bfaa48d6721,SAMMS-VCPHCS-XI-NorthDenverV5
202608232214225755,202608232010370218,202608232010368283,85,3880,Bronze INV,br_ReAssessmentOccupational,TASK_COMPLETE,SUCCESS,INFO,3036,3036,0,,2026-08-23T20:10:41.468Z,2026-08-23T22:16:21.732Z,7540,2026-08-23T22:16:21.732Z,V12,Downtown Denver,955211d4-28b8-44a0-8023-2bfaa48d6721,SAMMS-VCPHCS-XII-DowntownDenverV5
202608232214225756,202608232010370219,202608232010368283,85,3881,Bronze INV,br_ReAssessmentOccupational,TASK_COMPLETE,SUCCESS,INFO,1136,1136,0,,2026-08-23T20:10:41.468Z,2026-08-23T22:16:21.732Z,7540,2026-08-23T22:16:21.732Z,V12A,Centennial,955211d4-28b8-44a0-8023-2bfaa48d6721,SAMMS-CentennialV5
202608232214225921,202608232010370679,202608232010368283,85,4065,Bronze INV,br_ReAssessmentPhysicalHealth,TASK_COMPLETE,SUCCESS,INFO,1144,1144,0,,2026-08-23T20:10:41.468Z,2026-08-23T22:16:21.732Z,7540,2026-08-23T22:16:21.732Z,V12A,Centennial,955211d4-28b8-44a0-8023-2bfaa48d6721,SAMMS-CentennialV5
202608232214225922,202608232010370680,202608232010368283,85,4066,Bronze INV,br_ReAssessmentPhysicalHealth,TASK_COMPLETE,SUCCESS,INFO,295,295,0,,2026-08-23T20:10:41.468Z,2026-08-23T22:16:21.732Z,7540,2026-08-23T22:16:21.732Z,V14,Overland Park,955211d4-28b8-44a0-8023-2bfaa48d6721,SAMMS-VCPHCS-XIV-BridgewayV5
202608232214225923,202608232010370681,202608232010368283,85,4067,Bronze INV,br_ReAssessmentPhysicalHealth,TASK_COMPLETE,SUCCESS,INFO,609,609,0,,2026-08-23T20:10:41.468Z,2026-08-23T22:16:21.732Z,7540,2026-08-23T22:16:21.732Z,V15,Joplin,955211d4-28b8-44a0-8023-2bfaa48d6721,SAMMS-JoplinV5
202608232214225924,202608232010370682,202608232010368283,85,4069,Bronze INV,br_ReAssessmentPhysicalHealth,TASK_COMPLETE,SUCCESS,INFO,906,906,0,,2026-08-23T20:10:41.468Z,2026-08-23T22:16:21.732Z,7540,2026-08-23T22:16:21.732Z,V17,Columbia TN,955211d4-28b8-44a0-8023-2bfaa48d6721,SAMMS-ColumbiaTNv5
202608232214225925,202608232010370683,202608232010368283,85,4071,Bronze INV,br_ReAssessmentPhysicalHealth,TASK_COMPLETE,SUCCESS,INFO,534,534,0,,2026-08-23T20:10:41.468Z,2026-08-23T22:16:21.732Z,7540,2026-08-23T22:16:21.732Z,V19,Jackson,955211d4-28b8-44a0-8023-2bfaa48d6721,SAMMS-JacksonV5
202608232214225927,202608232010370684,202608232010368283,85,4073,Bronze INV,br_ReAssessmentPhysicalHealth,TASK_COMPLETE,SUCCESS,INFO,1776,1776,0,,2026-08-23T20:10:41.468Z,2026-08-23T22:16:21.732Z,7540,2026-08-23T22:16:21.732Z,V20,Paris,955211d4-28b8-44a0-8023-2bfaa48d6721,SAMMS-ParisV5
202608232214225928,202608232010370685,202608232010368283,85,4074,Bronze INV,br_ReAssessmentPhysicalHealth,TASK_COMPLETE,SUCCESS,INFO,723,723,0,,2026-08-23T20:10:41.468Z,2026-08-23T22:16:21.732Z,7540,2026-08-23T22:16:21.732Z,V21,Memphis North,955211d4-28b8-44a0-8023-2bfaa48d6721,SAMMS-RaleighV5
202608232214225929,202608232010370686,202608232010368283,85,4077,Bronze INV,br_ReAssessmentPhysicalHealth,TASK_COMPLETE,SUCCESS,INFO,1786,1786,0,,2026-08-23T20:10:41.468Z,2026-08-23T22:16:21.732Z,7540,2026-08-23T22:16:21.732Z,V5,West Bank,955211d4-28b8-44a0-8023-2bfaa48d6721,SAMMS-NONTCv5
202608232214225930,202608232010370687,202608232010368283,85,4079,Bronze INV,br_ReAssessmentPhysicalHealth,TASK_COMPLETE,SUCCESS,INFO,146,146,0,,2026-08-23T20:10:41.468Z,2026-08-23T22:16:21.732Z,7540,2026-08-23T22:16:21.732Z,V5B,Houma,955211d4-28b8-44a0-8023-2bfaa48d6721,SAMMS-HoumaV6
202608232214225931,202608232010370688,202608232010368283,85,4080,Bronze INV,br_ReAssessmentPhysicalHealth,TASK_COMPLETE,SUCCESS,INFO,1917,1917,0,,2026-08-23T20:10:41.468Z,2026-08-23T22:16:21.732Z,7540,2026-08-23T22:16:21.732Z,V6,Lake Charles,955211d4-28b8-44a0-8023-2bfaa48d6721,SAMMS-LCv5
202608232214225932,202608232010370689,202608232010368283,85,4082,Bronze INV,br_ReAssessmentPhysicalHealth,TASK_COMPLETE,SUCCESS,INFO,744,744,0,,2026-08-23T20:10:41.468Z,2026-08-23T22:16:21.732Z,7540,2026-08-23T22:16:21.732Z,V8,Memphis Midtown,955211d4-28b8-44a0-8023-2bfaa48d6721,SAMMS-VCPHCS-VIII-MemphisV5
202608232214225934,202608232010370690,202608232010368283,85,4083,Bronze INV,br_ReAssessmentPhysicalHealth,TASK_COMPLETE,SUCCESS,INFO,1769,1769,0,,2026-08-23T20:10:41.468Z,2026-08-23T22:16:21.732Z,7540,2026-08-23T22:16:21.732Z,V9,Nashville,955211d4-28b8-44a0-8023-2bfaa48d6721,SAMMS-NashvilleV5
202608232214225935,202608232010370691,202608232010368283,85,4084,Bronze INV,br_ReAssessmentPhysicalHealth,TASK_COMPLETE,SUCCESS,INFO,842,842,0,,2026-08-23T20:10:41.468Z,2026-08-23T22:16:21.732Z,7540,2026-08-23T22:16:21.732Z,VBRA,Brainerd,955211d4-28b8-44a0-8023-2bfaa48d6721,SAMMS-BrainerdV6
202608232214225936,202608232010370692,202608232010368283,85,4085,Bronze INV,br_ReAssessmentPhysicalHealth,TASK_COMPLETE,SUCCESS,INFO,1965,1965,0,,2026-08-23T20:10:41.468Z,2026-08-23T22:16:21.732Z,7540,2026-08-23T22:16:21.732Z,VBRP,Brooklyn Park,955211d4-28b8-44a0-8023-2bfaa48d6721,SAMMS-BrooklynParkV6
202608232214225937,202608232010370693,202608232010368283,85,4087,Bronze INV,br_ReAssessmentPhysicalHealth,TASK_COMPLETE,SUCCESS,INFO,746,746,0,,2026-08-23T20:10:41.468Z,2026-08-23T22:16:21.732Z,7540,2026-08-23T22:16:21.732Z,VMIN,Minneapolis,955211d4-28b8-44a0-8023-2bfaa48d6721,SAMMS-MinneapolisV6
202608232214225938,202608232010370694,202608232010368283,85,4088,Bronze INV,br_ReAssessmentPhysicalHealth,TASK_COMPLETE,SUCCESS,INFO,889,889,0,,2026-08-23T20:10:41.468Z,2026-08-23T22:16:21.732Z,7540,2026-08-23T22:16:21.732Z,VWBY,Woodbury,955211d4-28b8-44a0-8023-2bfaa48d6721,SAMMS-WoodburyV6
202608232214225939,202608232010370695,202608232010368283,85,4090,Bronze INV,br_ReAssessmentPhysicalHealth,TASK_COMPLETE,SUCCESS,INFO,161,161,0,,2026-08-23T20:10:41.468Z,2026-08-23T22:16:21.732Z,7540,2026-08-23T22:16:21.732Z,WIL,Wilson,955211d4-28b8-44a0-8023-2bfaa48d6721,SAMMS-Wilson
202608232214226041,202608232010468297,202608232010468283,86,5733,Silver INV,sl_ReAssessmentPhysicalHealth,TASK_COMPLETE,SUCCESS,INFO,78871,78871,0,,2026-08-23T20:10:41.468Z,2026-08-23T22:16:21.732Z,7540,2026-08-23T22:16:21.732Z,,,955211d4-28b8-44a0-8023-2bfaa48d6721,
202608232214225970,202608232010370811,202608232010368283,85,4094,Bronze INV,br_ReAssessmentSocial,TASK_COMPLETE,SUCCESS,INFO,35,35,0,,2026-08-23T20:10:41.468Z,2026-08-23T22:16:21.732Z,7540,2026-08-23T22:16:21.732Z,AHK,Ahoskie,955211d4-28b8-44a0-8023-2bfaa48d6721,SAMMS-Ahoskie
202608232214225972,202608232010370812,202608232010368283,85,4095,Bronze INV,br_ReAssessmentSocial,TASK_COMPLETE,SUCCESS,INFO,662,662,0,,2026-08-23T20:10:41.468Z,2026-08-23T22:16:21.732Z,7540,2026-08-23T22:16:21.732Z,B12B,Colorado Springs,955211d4-28b8-44a0-8023-2bfaa48d6721,SAMMS-ColoradoSpringsV5
202608232214225973,202608232010370813,202608232010368283,85,4096,Bronze INV,br_ReAssessmentSocial,TASK_COMPLETE,SUCCESS,INFO,826,826,0,,2026-08-23T20:10:41.468Z,2026-08-23T22:16:21.732Z,7540,2026-08-23T22:16:21.732Z,B24,Paintsville,955211d4-28b8-44a0-8023-2bfaa48d6721,SAMMS-PaintsvilleV5
202608232214225974,202608232010370814,202608232010368283,85,4097,Bronze INV,br_ReAssessmentSocial,TASK_COMPLETE,SUCCESS,INFO,646,646,0,,2026-08-23T20:10:41.468Z,2026-08-23T22:16:21.732Z,7540,2026-08-23T22:16:21.732Z,B25,Pikeville,955211d4-28b8-44a0-8023-2bfaa48d6721,SAMMS-PikevilleV5
202608232214225975,202608232010370815,202608232010368283,85,4098,Bronze INV,br_ReAssessmentSocial,TASK_COMPLETE,SUCCESS,INFO,971,971,0,,2026-08-23T20:10:41.468Z,2026-08-23T22:16:21.732Z,7540,2026-08-23T22:16:21.732Z,B26,Hazard,955211d4-28b8-44a0-8023-2bfaa48d6721,SAMMS-HazardV5
202608232214225976,202608232010370816,202608232010368283,85,4099,Bronze INV,br_ReAssessmentSocial,TASK_COMPLETE,SUCCESS,INFO,531,531,0,,2026-08-23T20:10:41.468Z,2026-08-23T22:16:21.732Z,7540,2026-08-23T22:16:21.732Z,B27,Savannah,955211d4-28b8-44a0-8023-2bfaa48d6721,SAMMS-SavannahV6
202608232214225978,202608232010370817,202608232010368283,85,4100,Bronze INV,br_ReAssessmentSocial,TASK_COMPLETE,SUCCESS,INFO,245,245,0,,2026-08-23T20:10:41.468Z,2026-08-23T22:16:21.732Z,7540,2026-08-23T22:16:21.732Z,B28,West Plains,955211d4-28b8-44a0-8023-2bfaa48d6721,SAMMS-WestPlainesV5
202608232214225979,202608232010370818,202608232010368283,85,4101,Bronze INV,br_ReAssessmentSocial,TASK_COMPLETE,SUCCESS,INFO,461,461,0,,2026-08-23T20:10:41.468Z,2026-08-23T22:16:21.732Z,7540,2026-08-23T22:16:21.732Z,B29,Poplar Bluff,955211d4-28b8-44a0-8023-2bfaa48d6721,SAMMS-PoplarBluffV5
202608232214225980,202608232010370819,202608232010368283,85,4102,Bronze INV,br_ReAssessmentSocial,TASK_COMPLETE,SUCCESS,INFO,77,77,0,,2026-08-23T20:10:41.468Z,2026-08-23T22:16:21.732Z,7540,2026-08-23T22:16:21.732Z,B30,KC North,955211d4-28b8-44a0-8023-2bfaa48d6721,SAMMS-KCNv5
202608232214225981,202608232010370820,202608232010368283,85,4103,Bronze INV,br_ReAssessmentSocial,TASK_COMPLETE,SUCCESS,INFO,401,401,0,,2026-08-23T20:10:41.468Z,2026-08-23T22:16:21.732Z,7540,2026-08-23T22:16:21.732Z,B31,Dyersburg,955211d4-28b8-44a0-8023-2bfaa48d6721,SAMMS-DyersburgV5
202608232214225982,202608232010370821,202608232010368283,85,4105,Bronze INV,br_ReAssessmentSocial,TASK_COMPLETE,SUCCESS,INFO,487,487,0,,2026-08-23T20:10:41.468Z,2026-08-23T22:16:21.732Z,7540,2026-08-23T22:16:21.732Z,B33,Paducah,955211d4-28b8-44a0-8023-2bfaa48d6721,SAMMS-Paducah
202608232214225983,202608232010370822,202608232010368283,85,4106,Bronze INV,br_ReAssessmentSocial,TASK_COMPLETE,SUCCESS,INFO,384,384,0,,2026-08-23T20:10:41.468Z,2026-08-23T22:16:21.732Z,7540,2026-08-23T22:16:21.732Z,B34,Corbin,955211d4-28b8-44a0-8023-2bfaa48d6721,SAMMS-CorbinV5
202608232214225985,202608232010370823,202608232010368283,85,4107,Bronze INV,br_ReAssessmentSocial,TASK_COMPLETE,SUCCESS,INFO,239,239,0,,2026-08-23T20:10:41.468Z,2026-08-23T22:16:21.732Z,7540,2026-08-23T22:16:21.732Z,B35,Lexington,955211d4-28b8-44a0-8023-2bfaa48d6721,SAMMS-LexingtonV5
202608232214225986,202608232010370824,202608232010368283,85,4108,Bronze INV,br_ReAssessmentSocial,TASK_COMPLETE,SUCCESS,INFO,77,77,0,,2026-08-23T20:10:41.468Z,2026-08-23T22:16:21.732Z,7540,2026-08-23T22:16:21.732Z,B35A,Berea,955211d4-28b8-44a0-8023-2bfaa48d6721,SAMMS-BereaV5
202608232214225987,202608232010370825,202608232010368283,85,4109,Bronze INV,br_ReAssessmentSocial,TASK_COMPLETE,SUCCESS,INFO,20,20,0,,2026-08-23T20:10:41.468Z,2026-08-23T22:16:21.732Z,7540,2026-08-23T22:16:21.732Z,B36,Asheville,955211d4-28b8-44a0-8023-2bfaa48d6721,SAMMS-AshevilleV5
202608232214225988,202608232010370826,202608232010368283,85,4110,Bronze INV,br_ReAssessmentSocial,TASK_COMPLETE,SUCCESS,INFO,1,1,0,,2026-08-23T20:10:41.468Z,2026-08-23T22:16:21.732Z,7540,2026-08-23T22:16:21.732Z,B37,Clyde,955211d4-28b8-44a0-8023-2bfaa48d6721,SAMMS-ClydeV5
202608232214225989,202608232010370827,202608232010368283,85,4111,Bronze INV,br_ReAssessmentSocial,TASK_COMPLETE,SUCCESS,INFO,1186,1186,0,,2026-08-23T20:10:41.468Z,2026-08-23T22:16:21.732Z,7540,2026-08-23T22:16:21.732Z,B38,Spartanburg,955211d4-28b8-44a0-8023-2bfaa48d6721,SAMMS-SpartanburgV5
202608232214225990,202608232010370828,202608232010368283,85,4112,Bronze INV,br_ReAssessmentSocial,TASK_COMPLETE,SUCCESS,INFO,361,361,0,,2026-08-23T20:10:41.468Z,2026-08-23T22:16:21.732Z,7540,2026-08-23T22:16:21.732Z,B39,Aiken,955211d4-28b8-44a0-8023-2bfaa48d6721,SAMMS-AikenV5
202608232214225992,202608232010370829,202608232010368283,85,4113,Bronze INV,br_ReAssessmentSocial,TASK_COMPLETE,SUCCESS,INFO,1887,1887,0,,2026-08-23T20:10:41.468Z,2026-08-23T22:16:21.732Z,7540,2026-08-23T22:16:21.732Z,B41,Chesapeake,955211d4-28b8-44a0-8023-2bfaa48d6721,SAMMS-ChesapeakeV5
202608232214225993,202608232010370830,202608232010368283,85,4114,Bronze INV,br_ReAssessmentSocial,TASK_COMPLETE,SUCCESS,INFO,1911,1911,0,,2026-08-23T20:10:41.468Z,2026-08-23T22:16:21.732Z,7540,2026-08-23T22:16:21.732Z,B42,Virginia Beach,955211d4-28b8-44a0-8023-2bfaa48d6721,SAMMS-VirginiaBeachV5
202608232214225994,202608232010370831,202608232010368283,85,4115,Bronze INV,br_ReAssessmentSocial,TASK_COMPLETE,SUCCESS,INFO,925,925,0,,2026-08-23T20:10:41.468Z,2026-08-23T22:16:21.732Z,7540,2026-08-23T22:16:21.732Z,B42A,Newport News,955211d4-28b8-44a0-8023-2bfaa48d6721,SAMMS-NewportNewsV5
202608232214225995,202608232010370832,202608232010368283,85,4116,Bronze INV,br_ReAssessmentSocial,TASK_COMPLETE,SUCCESS,INFO,507,507,0,,2026-08-23T20:10:41.468Z,2026-08-23T22:16:21.732Z,7540,2026-08-23T22:16:21.732Z,B42B,Franklin,955211d4-28b8-44a0-8023-2bfaa48d6721,SAMMS-FranklinV5
202608232214225996,202608232010370833,202608232010368283,85,4117,Bronze INV,br_ReAssessmentSocial,TASK_COMPLETE,SUCCESS,INFO,340,340,0,,2026-08-23T20:10:41.468Z,2026-08-23T22:16:21.732Z,7540,2026-08-23T22:16:21.732Z,B42C,Glen Allen,955211d4-28b8-44a0-8023-2bfaa48d6721,SAMMS-GlenAllenV5
202608232214225997,202608232010370834,202608232010368283,85,4118,Bronze INV,br_ReAssessmentSocial,TASK_COMPLETE,SUCCESS,INFO,1480,1480,0,,2026-08-23T20:10:41.468Z,2026-08-23T22:16:21.732Z,7540,2026-08-23T22:16:21.732Z,B42D,Chesapeake South,955211d4-28b8-44a0-8023-2bfaa48d6721,SAMMS-ChesapeakeSouthV5
202608232214225999,202608232010370835,202608232010368283,85,4119,Bronze INV,br_ReAssessmentSocial,TASK_COMPLETE,SUCCESS,INFO,632,632,0,,2026-08-23T20:10:41.468Z,2026-08-23T22:16:21.732Z,7540,2026-08-23T22:16:21.732Z,B44,Albany,955211d4-28b8-44a0-8023-2bfaa48d6721,SAMMS-AlbanyV5
202608232214226000,202608232010370836,202608232010368283,85,4120,Bronze INV,br_ReAssessmentSocial,TASK_COMPLETE,SUCCESS,INFO,1268,1268,0,,2026-08-23T20:10:41.468Z,2026-08-23T22:16:21.732Z,7540,2026-08-23T22:16:21.732Z,B45,Tifton,955211d4-28b8-44a0-8023-2bfaa48d6721,SAMMS-TiftonV5
202608232214226001,202608232010370837,202608232010368283,85,4121,Bronze INV,br_ReAssessmentSocial,TASK_COMPLETE,SUCCESS,INFO,588,588,0,,2026-08-23T20:10:41.468Z,2026-08-23T22:16:21.732Z,7540,2026-08-23T22:16:21.732Z,B46,Washington DC,955211d4-28b8-44a0-8023-2bfaa48d6721,SAMMS-WashingtonDCv5
202608232214226002,202608232010370838,202608232010368283,85,4122,Bronze INV,br_ReAssessmentSocial,TASK_COMPLETE,SUCCESS,INFO,1558,1558,0,,2026-08-23T20:10:41.468Z,2026-08-23T22:16:21.732Z,7540,2026-08-23T22:16:21.732Z,B47,Mobile,955211d4-28b8-44a0-8023-2bfaa48d6721,SAMMS-MobileV5
202608232214226003,202608232010370839,202608232010368283,85,4123,Bronze INV,br_ReAssessmentSocial,TASK_COMPLETE,SUCCESS,INFO,1294,1294,0,,2026-08-23T20:10:41.468Z,2026-08-23T22:16:21.732Z,7540,2026-08-23T22:16:21.732Z,B48,Tuscaloosa,955211d4-28b8-44a0-8023-2bfaa48d6721,SAMMS-TuscaloosaV5
202608232214226004,202608232010370840,202608232010368283,85,4132,Bronze INV,br_ReAssessmentSocial,TASK_COMPLETE,SUCCESS,INFO,2,2,0,,2026-08-23T20:10:41.468Z,2026-08-23T22:16:21.732Z,7540,2026-08-23T22:16:21.732Z,B51,N. Little Rock (OTP),955211d4-28b8-44a0-8023-2bfaa48d6721,SAMMS-NorthLittleRockV6
202608232214226006,202608232010370841,202608232010368283,85,4133,Bronze INV,br_ReAssessmentSocial,TASK_COMPLETE,SUCCESS,INFO,453,453,0,,2026-08-23T20:10:41.468Z,2026-08-23T22:16:21.732Z,7540,2026-08-23T22:16:21.732Z,B52,Jackson GA,955211d4-28b8-44a0-8023-2bfaa48d6721,SAMMS-JacksonGAV5
202608232214226007,202608232010370842,202608232010368283,85,4134,Bronze INV,br_ReAssessmentSocial,TASK_COMPLETE,SUCCESS,INFO,1702,1702,0,,2026-08-23T20:10:41.468Z,2026-08-23T22:16:21.732Z,7540,2026-08-23T22:16:21.732Z,B54,Gadsden,955211d4-28b8-44a0-8023-2bfaa48d6721,SAMMS-GadsdenV5
202608232214226008,202608232010370843,202608232010368283,85,4135,Bronze INV,br_ReAssessmentSocial,TASK_COMPLETE,SUCCESS,INFO,945,945,0,,2026-08-23T20:10:41.468Z,2026-08-23T22:16:21.732Z,7540,2026-08-23T22:16:21.732Z,B55,Shoals,955211d4-28b8-44a0-8023-2bfaa48d6721,SAMMS-ShoalsV5
202608232214226009,202608232010370844,202608232010368283,85,4136,Bronze INV,br_ReAssessmentSocial,TASK_COMPLETE,SUCCESS,INFO,294,294,0,,2026-08-23T20:10:41.468Z,2026-08-23T22:16:21.732Z,7540,2026-08-23T22:16:21.732Z,B57,Pawtucket,955211d4-28b8-44a0-8023-2bfaa48d6721,SAMMS-Pawtucket
202608232214226010,202608232010370845,202608232010368283,85,4137,Bronze INV,br_ReAssessmentSocial,TASK_COMPLETE,SUCCESS,INFO,550,550,0,,2026-08-23T20:10:41.468Z,2026-08-23T22:16:21.732Z,7540,2026-08-23T22:16:21.732Z,B57A,Johnston,955211d4-28b8-44a0-8023-2bfaa48d6721,SAMMS-Johnston
202608232214226011,202608232010370846,202608232010368283,85,4138,Bronze INV,br_ReAssessmentSocial,TASK_COMPLETE,SUCCESS,INFO,166,166,0,,2026-08-23T20:10:41.468Z,2026-08-23T22:16:21.732Z,7540,2026-08-23T22:16:21.732Z,B57B,Middletown,955211d4-28b8-44a0-8023-2bfaa48d6721,SAMMS-Middletown
202608232214226012,202608232010370847,202608232010368283,85,4139,Bronze INV,br_ReAssessmentSocial,TASK_COMPLETE,SUCCESS,INFO,410,410,0,,2026-08-23T20:10:41.468Z,2026-08-23T22:16:21.732Z,7540,2026-08-23T22:16:21.732Z,B57C,Providence,955211d4-28b8-44a0-8023-2bfaa48d6721,SAMMS-Providence
202608232214226014,202608232010370848,202608232010368283,85,4140,Bronze INV,br_ReAssessmentSocial,TASK_COMPLETE,SUCCESS,INFO,621,621,0,,2026-08-23T20:10:41.468Z,2026-08-23T22:16:21.732Z,7540,2026-08-23T22:16:21.732Z,B57D,Westerly,955211d4-28b8-44a0-8023-2bfaa48d6721,SAMMS-Westerly
202608232214226015,202608232010370849,202608232010368283,85,4144,Bronze INV,br_ReAssessmentSocial,TASK_COMPLETE,SUCCESS,INFO,4,4,0,,2026-08-23T20:10:41.468Z,2026-08-23T22:16:21.732Z,7540,2026-08-23T22:16:21.732Z,B66A,Bremen,955211d4-28b8-44a0-8023-2bfaa48d6721,SAMMS-Bremen
202608232214226016,202608232010370850,202608232010368283,85,4147,Bronze INV,br_ReAssessmentSocial,TASK_COMPLETE,SUCCESS,INFO,0,0,0,,2026-08-23T20:10:41.468Z,2026-08-23T22:16:21.732Z,7540,2026-08-23T22:16:21.732Z,B72,Mobile (OBOT),955211d4-28b8-44a0-8023-2bfaa48d6721,SAMMS-Mobile-OBOT
202608232214226017,202608232010370851,202608232010368283,85,4148,Bronze INV,br_ReAssessmentSocial,TASK_COMPLETE,SUCCESS,INFO,0,0,0,,2026-08-23T20:10:41.468Z,2026-08-23T22:16:21.732Z,7540,2026-08-23T22:16:21.732Z,B73,Montgomery,955211d4-28b8-44a0-8023-2bfaa48d6721,SAMMS-Montgomery
202608232214226018,202608232010370852,202608232010368283,85,4149,Bronze INV,br_ReAssessmentSocial,TASK_COMPLETE,SUCCESS,INFO,516,516,0,,2026-08-23T20:10:41.468Z,2026-08-23T22:16:21.732Z,7540,2026-08-23T22:16:21.732Z,B75,Lawrence,955211d4-28b8-44a0-8023-2bfaa48d6721,SAMMS-LawrenceV6
202608232214226019,202608232010370853,202608232010368283,85,4150,Bronze INV,br_ReAssessmentSocial,TASK_COMPLETE,SUCCESS,INFO,0,0,0,,2026-08-23T20:10:41.468Z,2026-08-23T22:16:21.732Z,7540,2026-08-23T22:16:21.732Z,B76,Huntsville OBOT,955211d4-28b8-44a0-8023-2bfaa48d6721,SAMMS-Huntsville-OBOT
202608232214226021,202608232010370854,202608232010368283,85,4151,Bronze INV,br_ReAssessmentSocial,TASK_COMPLETE,SUCCESS,INFO,0,0,0,,2026-08-23T20:10:41.468Z,2026-08-23T22:16:21.732Z,7540,2026-08-23T22:16:21.732Z,BAT,Batesville,955211d4-28b8-44a0-8023-2bfaa48d6721,SAMMS-Batesville
202608232214226022,202608232010370855,202608232010368283,85,4152,Bronze INV,br_ReAssessmentSocial,TASK_COMPLETE,SUCCESS,INFO,460,460,0,,2026-08-23T20:10:41.468Z,2026-08-23T22:16:21.732Z,7540,2026-08-23T22:16:21.732Z,BG,Bowling Green,955211d4-28b8-44a0-8023-2bfaa48d6721,SAMMS-BowlingGreen
202608232214226023,202608232010370856,202608232010368283,85,4153,Bronze INV,br_ReAssessmentSocial,TASK_COMPLETE,SUCCESS,INFO,180,180,0,,2026-08-23T20:10:41.468Z,2026-08-23T22:16:21.732Z,7540,2026-08-23T22:16:21.732Z,BOI,Boise,955211d4-28b8-44a0-8023-2bfaa48d6721,SAMMS-Boise
202608232214226024,202608232010370857,202608232010368283,85,4160,Bronze INV,br_ReAssessmentSocial,TASK_COMPLETE,SUCCESS,INFO,51,51,0,,2026-08-23T20:10:41.468Z,2026-08-23T22:16:21.732Z,7540,2026-08-23T22:16:21.732Z,CBCO,Coeur dAlene,955211d4-28b8-44a0-8023-2bfaa48d6721,SAMMS-CoeurdAleneV6
202608232214226025,202608232010370858,202608232010368283,85,4179,Bronze INV,br_ReAssessmentSocial,TASK_COMPLETE,SUCCESS,INFO,0,0,0,,2026-08-23T20:10:41.468Z,2026-08-23T22:16:21.732Z,7540,2026-08-23T22:16:21.732Z,CON,Conway,955211d4-28b8-44a0-8023-2bfaa48d6721,SAMMS-Conway
202608232214226027,202608232010370859,202608232010368283,85,4180,Bronze INV,br_ReAssessmentSocial,TASK_COMPLETE,SUCCESS,INFO,2568,2568,0,,2026-08-23T20:10:41.468Z,2026-08-23T22:16:21.732Z,7540,2026-08-23T22:16:21.732Z,D07,Medical Services Knox TN,955211d4-28b8-44a0-8023-2bfaa48d6721,SAMMS-KnoxvilleV6
202608232214226028,202608232010370860,202608232010368283,85,4181,Bronze INV,br_ReAssessmentSocial,TASK_COMPLETE,SUCCESS,INFO,111,111,0,,2026-08-23T20:10:41.468Z,2026-08-23T22:16:21.732Z,7540,2026-08-23T22:16:21.732Z,D08,Madison,955211d4-28b8-44a0-8023-2bfaa48d6721,SAMMS-MadisonV6
202608232214226029,202608232010370861,202608232010368283,85,4183,Bronze INV,br_ReAssessmentSocial,TASK_COMPLETE,SUCCESS,INFO,118,118,0,,2026-08-23T20:10:41.468Z,2026-08-23T22:16:21.732Z,7540,2026-08-23T22:16:21.732Z,D09,Murfreesboro,955211d4-28b8-44a0-8023-2bfaa48d6721,SAMMS-MurfreesboroV6
202608232214226030,202608232010370862,202608232010368283,85,4184,Bronze INV,br_ReAssessmentSocial,TASK_COMPLETE,SUCCESS,INFO,336,336,0,,2026-08-23T20:10:41.468Z,2026-08-23T22:16:21.732Z,7540,2026-08-23T22:16:21.732Z,DA,Davenport,955211d4-28b8-44a0-8023-2bfaa48d6721,SAMMS-Davenport
202608232214226031,202608232010370863,202608232010368283,85,4185,Bronze INV,br_ReAssessmentSocial,TASK_COMPLETE,SUCCESS,INFO,286,286,0,,2026-08-23T20:10:41.468Z,2026-08-23T22:16:21.732Z,7540,2026-08-23T22:16:21.732Z,DM,Des Moines,955211d4-28b8-44a0-8023-2bfaa48d6721,SAMMS-DesMoines
202608232214226032,202608232010370864,202608232010368283,85,4187,Bronze INV,br_ReAssessmentSocial,TASK_COMPLETE,SUCCESS,INFO,529,529,0,,2026-08-23T20:10:41.468Z,2026-08-23T22:16:21.732Z,7540,2026-08-23T22:16:21.732Z,DRD-CO,Columbia MO,955211d4-28b8-44a0-8023-2bfaa48d6721,SAMMS-ColumbiaV5
202608232214226034,202608232010370865,202608232010368283,85,4188,Bronze INV,br_ReAssessmentSocial,TASK_COMPLETE,SUCCESS,INFO,347,347,0,,2026-08-23T20:10:41.468Z,2026-08-23T22:16:21.732Z,7540,2026-08-23T22:16:21.732Z,DRD-KC,KC,955211d4-28b8-44a0-8023-2bfaa48d6721,SAMMS-KCv5
202608232214226035,202608232010370866,202608232010368283,85,4189,Bronze INV,br_ReAssessmentSocial,TASK_COMPLETE,SUCCESS,INFO,1551,1551,0,,2026-08-23T20:10:41.468Z,2026-08-23T22:16:21.732Z,7540,2026-08-23T22:16:21.732Z,DRD-KVB,KVB,955211d4-28b8-44a0-8023-2bfaa48d6721,SAMMS-KVBv5
202608232214226036,202608232010370867,202608232010368283,85,4190,Bronze INV,br_ReAssessmentSocial,TASK_COMPLETE,SUCCESS,INFO,1669,1669,0,,2026-08-23T20:10:41.468Z,2026-08-23T22:16:21.732Z,7540,2026-08-23T22:16:21.732Z,DRD-KVC,KVC,955211d4-28b8-44a0-8023-2bfaa48d6721,SAMMS-KVCv5
202608232214226037,202608232010370868,202608232010368283,85,4191,Bronze INV,br_ReAssessmentSocial,TASK_COMPLETE,SUCCESS,INFO,3201,3201,0,,2026-08-23T20:10:41.468Z,2026-08-23T22:16:21.732Z,7540,2026-08-23T22:16:21.732Z,DRD-NOLA,NOLA,955211d4-28b8-44a0-8023-2bfaa48d6721,SAMMS-NOLAv5
202608232214226038,202608232010370869,202608232010368283,85,4192,Bronze INV,br_ReAssessmentSocial,TASK_COMPLETE,SUCCESS,INFO,798,798,0,,2026-08-23T20:10:41.468Z,2026-08-23T22:16:21.732Z,7540,2026-08-23T22:16:21.732Z,DRD-SF,Springfield,955211d4-28b8-44a0-8023-2bfaa48d6721,SAMMS-SFv5
202608232214226039,202608232010370870,202608232010368283,85,4194,Bronze INV,br_ReAssessmentSocial,TASK_COMPLETE,SUCCESS,INFO,260,260,0,,2026-08-23T20:10:41.468Z,2026-08-23T22:16:21.732Z,7540,2026-08-23T22:16:21.732Z,ELC,Elizabeth City,955211d4-28b8-44a0-8023-2bfaa48d6721,SAMMS-ElizabethCity
202608232214226041,202608232010370871,202608232010368283,85,4195,Bronze INV,br_ReAssessmentSocial,TASK_COMPLETE,SUCCESS,INFO,128,128,0,,2026-08-23T20:10:41.468Z,2026-08-23T22:16:21.732Z,7540,2026-08-23T22:16:21.732Z,ET,Elizabethtown,955211d4-28b8-44a0-8023-2bfaa48d6721,SAMMS-Elizabethtown
202608232214226042,202608232010370872,202608232010368283,85,4196,Bronze INV,br_ReAssessmentSocial,TASK_COMPLETE,SUCCESS,INFO,0,0,0,,2026-08-23T20:10:41.468Z,2026-08-23T22:16:21.732Z,7540,2026-08-23T22:16:21.732Z,FAY,Fayetteville,955211d4-28b8-44a0-8023-2bfaa48d6721,SAMMS-Fayetteville
202608232214226043,202608232010370873,202608232010368283,85,4197,Bronze INV,br_ReAssessmentSocial,TASK_COMPLETE,SUCCESS,INFO,156,156,0,,2026-08-23T20:10:41.468Z,2026-08-23T22:16:21.732Z,7540,2026-08-23T22:16:21.732Z,FR,Frankfort,955211d4-28b8-44a0-8023-2bfaa48d6721,SAMMS-Frankfort
202608232214226044,202608232010370874,202608232010368283,85,4198,Bronze INV,br_ReAssessmentSocial,TASK_COMPLETE,SUCCESS,INFO,0,0,0,,2026-08-23T20:10:41.468Z,2026-08-23T22:16:21.732Z,7540,2026-08-23T22:16:21.732Z,FS,Fort Smith,955211d4-28b8-44a0-8023-2bfaa48d6721,SAMMS-FortSmith
202608232214226045,202608232010370875,202608232010368283,85,4199,Bronze INV,br_ReAssessmentSocial,TASK_COMPLETE,SUCCESS,INFO,465,465,0,,2026-08-23T20:10:41.468Z,2026-08-23T22:16:21.732Z,7540,2026-08-23T22:16:21.732Z,FW,Fort Wayne,955211d4-28b8-44a0-8023-2bfaa48d6721,SAMMS-FortWayne
202608232214226046,202608232010370876,202608232010368283,85,4200,Bronze INV,br_ReAssessmentSocial,TASK_COMPLETE,SUCCESS,INFO,273,273,0,,2026-08-23T20:10:41.468Z,2026-08-23T22:16:21.732Z,7540,2026-08-23T22:16:21.732Z,GAL,Gaylord,955211d4-28b8-44a0-8023-2bfaa48d6721,SAMMS-Gaylord
202608232214226047,202608232010370877,202608232010368283,85,4204,Bronze INV,br_ReAssessmentSocial,TASK_COMPLETE,SUCCESS,INFO,100,100,0,,2026-08-23T20:10:41.468Z,2026-08-23T22:16:21.732Z,7540,2026-08-23T22:16:21.732Z,HGT,Hagerstown,955211d4-28b8-44a0-8023-2bfaa48d6721,SAMMS-Hagerstown
202608232214226049,202608232010370878,202608232010368283,85,4205,Bronze INV,br_ReAssessmentSocial,TASK_COMPLETE,SUCCESS,INFO,1718,1718,0,,2026-08-23T20:10:41.468Z,2026-08-23T22:16:21.732Z,7540,2026-08-23T22:16:21.732Z,HNT,Huntsville,955211d4-28b8-44a0-8023-2bfaa48d6721,SAMMS-Huntsville
202608232214226050,202608232010370879,202608232010368283,85,4206,Bronze INV,br_ReAssessmentSocial,TASK_COMPLETE,SUCCESS,INFO,0,0,0,,2026-08-23T20:10:41.468Z,2026-08-23T22:16:21.732Z,7540,2026-08-23T22:16:21.732Z,HS,Hot Springs,955211d4-28b8-44a0-8023-2bfaa48d6721,SAMMS-HotSprings
202608232214226051,202608232010370880,202608232010368283,85,4207,Bronze INV,br_ReAssessmentSocial,TASK_COMPLETE,SUCCESS,INFO,0,0,0,,2026-08-23T20:10:41.468Z,2026-08-23T22:16:21.732Z,7540,2026-08-23T22:16:21.732Z,JON,Jonesboro,955211d4-28b8-44a0-8023-2bfaa48d6721,SAMMS-Jonesboro
202608232214226052,202608232010370881,202608232010368283,85,4209,Bronze INV,br_ReAssessmentSocial,TASK_COMPLETE,SUCCESS,INFO,444,444,0,,2026-08-23T20:10:41.468Z,2026-08-23T22:16:21.732Z,7540,2026-08-23T22:16:21.732Z,LAN,Lansing,955211d4-28b8-44a0-8023-2bfaa48d6721,SAMMS-Lansing
202608232214226053,202608232010370882,202608232010368283,85,4210,Bronze INV,br_ReAssessmentSocial,TASK_COMPLETE,SUCCESS,INFO,1286,1286,0,,2026-08-23T20:10:41.468Z,2026-08-23T22:16:21.732Z,7540,2026-08-23T22:16:21.732Z,LO,Louisville,955211d4-28b8-44a0-8023-2bfaa48d6721,SAMMS-Louisville
202608232214226054,202608232010370883,202608232010368283,85,4211,Bronze INV,br_ReAssessmentSocial,TASK_COMPLETE,SUCCESS,INFO,291,291,0,,2026-08-23T20:10:41.468Z,2026-08-23T22:16:21.732Z,7540,2026-08-23T22:16:21.732Z,LV1,Cheyenne,955211d4-28b8-44a0-8023-2bfaa48d6721,SAMMS-Cheyenne
202608232214226056,202608232010370884,202608232010368283,85,4212,Bronze INV,br_ReAssessmentSocial,TASK_COMPLETE,SUCCESS,INFO,204,204,0,,2026-08-23T20:10:41.468Z,2026-08-23T22:16:21.732Z,7540,2026-08-23T22:16:21.732Z,LV2,Desert Inn,955211d4-28b8-44a0-8023-2bfaa48d6721,SAMMS-DesertInn
202608232214226057,202608232010370885,202608232010368283,85,4213,Bronze INV,br_ReAssessmentSocial,TASK_COMPLETE,SUCCESS,INFO,110,110,0,,2026-08-23T20:10:41.468Z,2026-08-23T22:16:21.732Z,7540,2026-08-23T22:16:21.732Z,LV3,McDaniel,955211d4-28b8-44a0-8023-2bfaa48d6721,SAMMS-McDaniel
202608232214226058,202608232010370886,202608232010368283,85,4216,Bronze INV,br_ReAssessmentSocial,TASK_COMPLETE,SUCCESS,INFO,358,358,0,,2026-08-23T20:10:41.468Z,2026-08-23T22:16:21.732Z,7540,2026-08-23T22:16:21.732Z,MNRE,Monroe,955211d4-28b8-44a0-8023-2bfaa48d6721,SAMMS-Monroe
202608232214226059,202608232010370887,202608232010368283,85,4217,Bronze INV,br_ReAssessmentSocial,TASK_COMPLETE,SUCCESS,INFO,1422,1422,0,,2026-08-23T20:10:41.468Z,2026-08-23T22:16:21.732Z,7540,2026-08-23T22:16:21.732Z,MP,Mt. Pleasant,955211d4-28b8-44a0-8023-2bfaa48d6721,SAMMS-MtPleasant
202608232214226060,202608232010370888,202608232010368283,85,4218,Bronze INV,br_ReAssessmentSocial,TASK_COMPLETE,SUCCESS,INFO,153,153,0,,2026-08-23T20:10:41.468Z,2026-08-23T22:16:21.732Z,7540,2026-08-23T22:16:21.732Z,MRD,Meridian,955211d4-28b8-44a0-8023-2bfaa48d6721,SAMMS-Meridian
202608232214226061,202608232010370889,202608232010368283,85,4223,Bronze INV,br_ReAssessmentSocial,TASK_COMPLETE,SUCCESS,INFO,693,693,0,,2026-08-23T20:10:41.468Z,2026-08-23T22:16:21.732Z,7540,2026-08-23T22:16:21.732Z,NC,North Charleston,955211d4-28b8-44a0-8023-2bfaa48d6721,SAMMS-NorthCharleston
202608232214226063,202608232010370890,202608232010368283,85,4224,Bronze INV,br_ReAssessmentSocial,TASK_COMPLETE,SUCCESS,INFO,0,0,0,,2026-08-23T20:10:41.468Z,2026-08-23T22:16:21.732Z,7540,2026-08-23T22:16:21.732Z,NLR,N. Little Rock,955211d4-28b8-44a0-8023-2bfaa48d6721,SAMMS-NLROBOT
202608232214226064,202608232010370891,202608232010368283,85,4225,Bronze INV,br_ReAssessmentSocial,TASK_COMPLETE,SUCCESS,INFO,111,111,0,,2026-08-23T20:10:41.468Z,2026-08-23T22:16:21.732Z,7540,2026-08-23T22:16:21.732Z,PH,Phoenix,955211d4-28b8-44a0-8023-2bfaa48d6721,SAMMS-Phoenix
202608232214226065,202608232010370892,202608232010368283,85,4229,Bronze INV,br_ReAssessmentSocial,TASK_COMPLETE,SUCCESS,INFO,213,213,0,,2026-08-23T20:10:41.468Z,2026-08-23T22:16:21.732Z,7540,2026-08-23T22:16:21.732Z,RE,Reno,955211d4-28b8-44a0-8023-2bfaa48d6721,SAMMS-Reno
202608232214226066,202608232010370893,202608232010368283,85,4230,Bronze INV,br_ReAssessmentSocial,TASK_COMPLETE,SUCCESS,INFO,87,87,0,,2026-08-23T20:10:41.468Z,2026-08-23T22:16:21.732Z,7540,2026-08-23T22:16:21.732Z,RMD,Richmond,955211d4-28b8-44a0-8023-2bfaa48d6721,SAMMS-Richmond
202608232214226067,202608232010370894,202608232010368283,85,4231,Bronze INV,br_ReAssessmentSocial,TASK_COMPLETE,SUCCESS,INFO,589,589,0,,2026-08-23T20:10:41.468Z,2026-08-23T22:16:21.732Z,7540,2026-08-23T22:16:21.732Z,SFN,Springfield North,955211d4-28b8-44a0-8023-2bfaa48d6721,SAMMS-SFNv5
202608232214226068,202608232010370895,202608232010368283,85,4232,Bronze INV,br_ReAssessmentSocial,TASK_COMPLETE,SUCCESS,INFO,762,762,0,,2026-08-23T20:10:41.468Z,2026-08-23T22:16:21.732Z,7540,2026-08-23T22:16:21.732Z,SHP,Shreveport,955211d4-28b8-44a0-8023-2bfaa48d6721,SAMMS-Shreveport
202608232214226070,202608232010370896,202608232010368283,85,4234,Bronze INV,br_ReAssessmentSocial,TASK_COMPLETE,SUCCESS,INFO,483,483,0,,2026-08-23T20:10:41.468Z,2026-08-23T22:16:21.732Z,7540,2026-08-23T22:16:21.732Z,STN,Staunton,955211d4-28b8-44a0-8023-2bfaa48d6721,SAMMS-Staunton
202608232214226071,202608232010370897,202608232010368283,85,4235,Bronze INV,br_ReAssessmentSocial,TASK_COMPLETE,SUCCESS,INFO,225,225,0,,2026-08-23T20:10:41.468Z,2026-08-23T22:16:21.732Z,7540,2026-08-23T22:16:21.732Z,STVN,Stevenson,955211d4-28b8-44a0-8023-2bfaa48d6721,SAMMS-Stevenson
202608232214226072,202608232010370898,202608232010368283,85,4237,Bronze INV,br_ReAssessmentSocial,TASK_COMPLETE,SUCCESS,INFO,173,173,0,,2026-08-23T20:10:41.468Z,2026-08-23T22:16:21.732Z,7540,2026-08-23T22:16:21.732Z,TE,Tempe,955211d4-28b8-44a0-8023-2bfaa48d6721,SAMMS-Tempe
202608232214226073,202608232010370899,202608232010368283,85,4238,Bronze INV,br_ReAssessmentSocial,TASK_COMPLETE,SUCCESS,INFO,0,0,0,,2026-08-23T20:10:41.468Z,2026-08-23T22:16:21.732Z,7540,2026-08-23T22:16:21.732Z,TEX,Texarkana,955211d4-28b8-44a0-8023-2bfaa48d6721,SAMMS-Texarkana
202608232214226074,202608232010370900,202608232010368283,85,4239,Bronze INV,br_ReAssessmentSocial,TASK_COMPLETE,SUCCESS,INFO,1069,1069,0,,2026-08-23T20:10:41.468Z,2026-08-23T22:16:21.732Z,7540,2026-08-23T22:16:21.732Z,TTCA,Bessemer,955211d4-28b8-44a0-8023-2bfaa48d6721,SAMMS-BessemerV5
202608232214226075,202608232010370901,202608232010368283,85,4240,Bronze INV,br_ReAssessmentSocial,TASK_COMPLETE,SUCCESS,INFO,1315,1315,0,,2026-08-23T20:10:41.468Z,2026-08-23T22:16:21.732Z,7540,2026-08-23T22:16:21.732Z,TTCB,Cullman,955211d4-28b8-44a0-8023-2bfaa48d6721,SAMMS-CullmanV5
202608232214226077,202608232010370902,202608232010368283,85,4241,Bronze INV,br_ReAssessmentSocial,TASK_COMPLETE,SUCCESS,INFO,939,939,0,,2026-08-23T20:10:41.468Z,2026-08-23T22:16:21.732Z,7540,2026-08-23T22:16:21.732Z,TTCC,Grand Bay,955211d4-28b8-44a0-8023-2bfaa48d6721,SAMMS-GrandBay
202608232214226078,202608232010370903,202608232010368283,85,4242,Bronze INV,br_ReAssessmentSocial,TASK_COMPLETE,SUCCESS,INFO,15,15,0,,2026-08-23T20:10:41.468Z,2026-08-23T22:16:21.732Z,7540,2026-08-23T22:16:21.732Z,TU,Tucson,955211d4-28b8-44a0-8023-2bfaa48d6721,SAMMS-Tucson
202608232214226079,202608232010370904,202608232010368283,85,4244,Bronze INV,br_ReAssessmentSocial,TASK_COMPLETE,SUCCESS,INFO,660,660,0,,2026-08-23T20:10:41.468Z,2026-08-23T22:16:21.732Z,7540,2026-08-23T22:16:21.732Z,V1,Memphis South,955211d4-28b8-44a0-8023-2bfaa48d6721,SAMMS-VCPHCS-I-MemphisV5
202608232214226080,202608232010370905,202608232010368283,85,4245,Bronze INV,br_ReAssessmentSocial,TASK_COMPLETE,SUCCESS,INFO,1626,1626,0,,2026-08-23T20:10:41.468Z,2026-08-23T22:16:21.732Z,7540,2026-08-23T22:16:21.732Z,V10,Longmont,955211d4-28b8-44a0-8023-2bfaa48d6721,SAMMS-BoulderV5
202608232214226081,202608232010370906,202608232010368283,85,4246,Bronze INV,br_ReAssessmentSocial,TASK_COMPLETE,SUCCESS,INFO,1511,1511,0,,2026-08-23T20:10:41.468Z,2026-08-23T22:16:21.732Z,7540,2026-08-23T22:16:21.732Z,V10A,Fort Collins,955211d4-28b8-44a0-8023-2bfaa48d6721,SAMMS-FortCollinsV5
202608232214226082,202608232010370907,202608232010368283,85,4247,Bronze INV,br_ReAssessmentSocial,TASK_COMPLETE,SUCCESS,INFO,2864,2864,0,,2026-08-23T20:10:41.468Z,2026-08-23T22:16:21.732Z,7540,2026-08-23T22:16:21.732Z,V11,Westminster,955211d4-28b8-44a0-8023-2bfaa48d6721,SAMMS-VCPHCS-XI-NorthDenverV5
202608262209459114,202608261955300565,202608261955298282,85,3699,Bronze INV,br_ReAssessmentMentalHealth,TASK_COMPLETE,SUCCESS,INFO,609,609,0,,2026-08-26T19:55:35.047Z,2026-08-26T22:11:39.517Z,8164,2026-08-26T22:11:39.517Z,V15,Joplin,20846baf-2fe5-403c-85d4-31520e88a3ce,SAMMS-JoplinV5
202608262209459115,202608261955300566,202608261955298282,85,3701,Bronze INV,br_ReAssessmentMentalHealth,TASK_COMPLETE,SUCCESS,INFO,906,906,0,,2026-08-26T19:55:35.047Z,2026-08-26T22:11:39.517Z,8164,2026-08-26T22:11:39.517Z,V17,Columbia TN,20846baf-2fe5-403c-85d4-31520e88a3ce,SAMMS-ColumbiaTNv5
202608262209459116,202608261955300567,202608261955298282,85,3703,Bronze INV,br_ReAssessmentMentalHealth,TASK_COMPLETE,SUCCESS,INFO,533,533,0,,2026-08-26T19:55:35.047Z,2026-08-26T22:11:39.517Z,8164,2026-08-26T22:11:39.517Z,V19,Jackson,20846baf-2fe5-403c-85d4-31520e88a3ce,SAMMS-JacksonV5
202608262209459117,202608261955300568,202608261955298282,85,3705,Bronze INV,br_ReAssessmentMentalHealth,TASK_COMPLETE,SUCCESS,INFO,1771,1771,0,,2026-08-26T19:55:35.047Z,2026-08-26T22:11:39.517Z,8164,2026-08-26T22:11:39.517Z,V20,Paris,20846baf-2fe5-403c-85d4-31520e88a3ce,SAMMS-ParisV5
202608262209459119,202608261955300569,202608261955298282,85,3706,Bronze INV,br_ReAssessmentMentalHealth,TASK_COMPLETE,SUCCESS,INFO,726,726,0,,2026-08-26T19:55:35.047Z,2026-08-26T22:11:39.517Z,8164,2026-08-26T22:11:39.517Z,V21,Memphis North,20846baf-2fe5-403c-85d4-31520e88a3ce,SAMMS-RaleighV5
202608262209459120,202608261955300570,202608261955298282,85,3709,Bronze INV,br_ReAssessmentMentalHealth,TASK_COMPLETE,SUCCESS,INFO,1780,1780,0,,2026-08-26T19:55:35.047Z,2026-08-26T22:11:39.517Z,8164,2026-08-26T22:11:39.517Z,V5,West Bank,20846baf-2fe5-403c-85d4-31520e88a3ce,SAMMS-NONTCv5
202608262209459121,202608261955300571,202608261955298282,85,3711,Bronze INV,br_ReAssessmentMentalHealth,TASK_COMPLETE,SUCCESS,INFO,145,145,0,,2026-08-26T19:55:35.047Z,2026-08-26T22:11:39.517Z,8164,2026-08-26T22:11:39.517Z,V5B,Houma,20846baf-2fe5-403c-85d4-31520e88a3ce,SAMMS-HoumaV6
202608262209459122,202608261955300572,202608261955298282,85,3712,Bronze INV,br_ReAssessmentMentalHealth,TASK_COMPLETE,SUCCESS,INFO,1913,1913,0,,2026-08-26T19:55:35.047Z,2026-08-26T22:11:39.517Z,8164,2026-08-26T22:11:39.517Z,V6,Lake Charles,20846baf-2fe5-403c-85d4-31520e88a3ce,SAMMS-LCv5
202608262209459123,202608261955300573,202608261955298282,85,3714,Bronze INV,br_ReAssessmentMentalHealth,TASK_COMPLETE,SUCCESS,INFO,742,742,0,,2026-08-26T19:55:35.047Z,2026-08-26T22:11:39.517Z,8164,2026-08-26T22:11:39.517Z,V8,Memphis Midtown,20846baf-2fe5-403c-85d4-31520e88a3ce,SAMMS-VCPHCS-VIII-MemphisV5
202608262209459124,202608261955300574,202608261955298282,85,3715,Bronze INV,br_ReAssessmentMentalHealth,TASK_COMPLETE,SUCCESS,INFO,1765,1765,0,,2026-08-26T19:55:35.047Z,2026-08-26T22:11:39.517Z,8164,2026-08-26T22:11:39.517Z,V9,Nashville,20846baf-2fe5-403c-85d4-31520e88a3ce,SAMMS-NashvilleV5
202608262209459125,202608261955300575,202608261955298282,85,3716,Bronze INV,br_ReAssessmentMentalHealth,TASK_COMPLETE,SUCCESS,INFO,839,839,0,,2026-08-26T19:55:35.047Z,2026-08-26T22:11:39.517Z,8164,2026-08-26T22:11:39.517Z,VBRA,Brainerd,20846baf-2fe5-403c-85d4-31520e88a3ce,SAMMS-BrainerdV6
202608262209459127,202608261955300576,202608261955298282,85,3717,Bronze INV,br_ReAssessmentMentalHealth,TASK_COMPLETE,SUCCESS,INFO,1961,1961,0,,2026-08-26T19:55:35.047Z,2026-08-26T22:11:39.517Z,8164,2026-08-26T22:11:39.517Z,VBRP,Brooklyn Park,20846baf-2fe5-403c-85d4-31520e88a3ce,SAMMS-BrooklynParkV6
202608262209459128,202608261955300577,202608261955298282,85,3719,Bronze INV,br_ReAssessmentMentalHealth,TASK_COMPLETE,SUCCESS,INFO,747,747,0,,2026-08-26T19:55:35.047Z,2026-08-26T22:11:39.517Z,8164,2026-08-26T22:11:39.517Z,VMIN,Minneapolis,20846baf-2fe5-403c-85d4-31520e88a3ce,SAMMS-MinneapolisV6
202608262209459129,202608261955300578,202608261955298282,85,3720,Bronze INV,br_ReAssessmentMentalHealth,TASK_COMPLETE,SUCCESS,INFO,885,885,0,,2026-08-26T19:55:35.047Z,2026-08-26T22:11:39.517Z,8164,2026-08-26T22:11:39.517Z,VWBY,Woodbury,20846baf-2fe5-403c-85d4-31520e88a3ce,SAMMS-WoodburyV6
202608262209459130,202608261955300579,202608261955298282,85,3722,Bronze INV,br_ReAssessmentMentalHealth,TASK_COMPLETE,SUCCESS,INFO,161,161,0,,2026-08-26T19:55:35.047Z,2026-08-26T22:11:39.517Z,8164,2026-08-26T22:11:39.517Z,WIL,Wilson,20846baf-2fe5-403c-85d4-31520e88a3ce,SAMMS-Wilson
202608262209459233,202608261955398294,202608261955398282,86,5731,Silver INV,sl_ReAssessmentMentalHealth,TASK_COMPLETE,SUCCESS,INFO,78733,78733,0,,2026-08-26T19:55:35.047Z,2026-08-26T22:11:39.517Z,8164,2026-08-26T22:11:39.517Z,,,20846baf-2fe5-403c-85d4-31520e88a3ce,
202608262209459159,202608261955300120,202608261955298282,85,3726,Bronze INV,br_ReAssessmentOccupational,TASK_COMPLETE,SUCCESS,INFO,35,35,0,,2026-08-26T19:55:35.047Z,2026-08-26T22:11:39.517Z,8164,2026-08-26T22:11:39.517Z,AHK,Ahoskie,20846baf-2fe5-403c-85d4-31520e88a3ce,SAMMS-Ahoskie
202608262209459160,202608261955300121,202608261955298282,85,3727,Bronze INV,br_ReAssessmentOccupational,TASK_COMPLETE,SUCCESS,INFO,663,663,0,,2026-08-26T19:55:35.047Z,2026-08-26T22:11:39.517Z,8164,2026-08-26T22:11:39.517Z,B12B,Colorado Springs,20846baf-2fe5-403c-85d4-31520e88a3ce,SAMMS-ColoradoSpringsV5
202608262209459161,202608261955300122,202608261955298282,85,3728,Bronze INV,br_ReAssessmentOccupational,TASK_COMPLETE,SUCCESS,INFO,829,829,0,,2026-08-26T19:55:35.047Z,2026-08-26T22:11:39.517Z,8164,2026-08-26T22:11:39.517Z,B24,Paintsville,20846baf-2fe5-403c-85d4-31520e88a3ce,SAMMS-PaintsvilleV5
202608262209459162,202608261955300123,202608261955298282,85,3729,Bronze INV,br_ReAssessmentOccupational,TASK_COMPLETE,SUCCESS,INFO,646,646,0,,2026-08-26T19:55:35.047Z,2026-08-26T22:11:39.517Z,8164,2026-08-26T22:11:39.517Z,B25,Pikeville,20846baf-2fe5-403c-85d4-31520e88a3ce,SAMMS-PikevilleV5
202608262209459163,202608261955300124,202608261955298282,85,3730,Bronze INV,br_ReAssessmentOccupational,TASK_COMPLETE,SUCCESS,INFO,970,970,0,,2026-08-26T19:55:35.047Z,2026-08-26T22:11:39.517Z,8164,2026-08-26T22:11:39.517Z,B26,Hazard,20846baf-2fe5-403c-85d4-31520e88a3ce,SAMMS-HazardV5
202608262209459165,202608261955300125,202608261955298282,85,3731,Bronze INV,br_ReAssessmentOccupational,TASK_COMPLETE,SUCCESS,INFO,531,531,0,,2026-08-26T19:55:35.047Z,2026-08-26T22:11:39.517Z,8164,2026-08-26T22:11:39.517Z,B27,Savannah,20846baf-2fe5-403c-85d4-31520e88a3ce,SAMMS-SavannahV6
202608262209459166,202608261955300126,202608261955298282,85,3732,Bronze INV,br_ReAssessmentOccupational,TASK_COMPLETE,SUCCESS,INFO,245,245,0,,2026-08-26T19:55:35.047Z,2026-08-26T22:11:39.517Z,8164,2026-08-26T22:11:39.517Z,B28,West Plains,20846baf-2fe5-403c-85d4-31520e88a3ce,SAMMS-WestPlainesV5
202608262209459167,202608261955300127,202608261955298282,85,3733,Bronze INV,br_ReAssessmentOccupational,TASK_COMPLETE,SUCCESS,INFO,461,461,0,,2026-08-26T19:55:35.047Z,2026-08-26T22:11:39.517Z,8164,2026-08-26T22:11:39.517Z,B29,Poplar Bluff,20846baf-2fe5-403c-85d4-31520e88a3ce,SAMMS-PoplarBluffV5
202608262209459168,202608261955300128,202608261955298282,85,3734,Bronze INV,br_ReAssessmentOccupational,TASK_COMPLETE,SUCCESS,INFO,78,78,0,,2026-08-26T19:55:35.047Z,2026-08-26T22:11:39.517Z,8164,2026-08-26T22:11:39.517Z,B30,KC North,20846baf-2fe5-403c-85d4-31520e88a3ce,SAMMS-KCNv5
202608262209459169,202608261955300129,202608261955298282,85,3735,Bronze INV,br_ReAssessmentOccupational,TASK_COMPLETE,SUCCESS,INFO,400,400,0,,2026-08-26T19:55:35.047Z,2026-08-26T22:11:39.517Z,8164,2026-08-26T22:11:39.517Z,B31,Dyersburg,20846baf-2fe5-403c-85d4-31520e88a3ce,SAMMS-DyersburgV5
202608262209459170,202608261955300130,202608261955298282,85,3737,Bronze INV,br_ReAssessmentOccupational,TASK_COMPLETE,SUCCESS,INFO,487,487,0,,2026-08-26T19:55:35.047Z,2026-08-26T22:11:39.517Z,8164,2026-08-26T22:11:39.517Z,B33,Paducah,20846baf-2fe5-403c-85d4-31520e88a3ce,SAMMS-Paducah
202608262209459171,202608261955300131,202608261955298282,85,3738,Bronze INV,br_ReAssessmentOccupational,TASK_COMPLETE,SUCCESS,INFO,385,385,0,,2026-08-26T19:55:35.047Z,2026-08-26T22:11:39.517Z,8164,2026-08-26T22:11:39.517Z,B34,Corbin,20846baf-2fe5-403c-85d4-31520e88a3ce,SAMMS-CorbinV5
202608262209459173,202608261955300132,202608261955298282,85,3739,Bronze INV,br_ReAssessmentOccupational,TASK_COMPLETE,SUCCESS,INFO,239,239,0,,2026-08-26T19:55:35.047Z,2026-08-26T22:11:39.517Z,8164,2026-08-26T22:11:39.517Z,B35,Lexington,20846baf-2fe5-403c-85d4-31520e88a3ce,SAMMS-LexingtonV5
202608262209459174,202608261955300133,202608261955298282,85,3740,Bronze INV,br_ReAssessmentOccupational,TASK_COMPLETE,SUCCESS,INFO,77,77,0,,2026-08-26T19:55:35.047Z,2026-08-26T22:11:39.517Z,8164,2026-08-26T22:11:39.517Z,B35A,Berea,20846baf-2fe5-403c-85d4-31520e88a3ce,SAMMS-BereaV5
202608262209459175,202608261955300134,202608261955298282,85,3741,Bronze INV,br_ReAssessmentOccupational,TASK_COMPLETE,SUCCESS,INFO,21,21,0,,2026-08-26T19:55:35.047Z,2026-08-26T22:11:39.517Z,8164,2026-08-26T22:11:39.517Z,B36,Asheville,20846baf-2fe5-403c-85d4-31520e88a3ce,SAMMS-AshevilleV5
202608262209459176,202608261955300135,202608261955298282,85,3742,Bronze INV,br_ReAssessmentOccupational,TASK_COMPLETE,SUCCESS,INFO,1,1,0,,2026-08-26T19:55:35.047Z,2026-08-26T22:11:39.517Z,8164,2026-08-26T22:11:39.517Z,B37,Clyde,20846baf-2fe5-403c-85d4-31520e88a3ce,SAMMS-ClydeV5
202608262209459177,202608261955300136,202608261955298282,85,3743,Bronze INV,br_ReAssessmentOccupational,TASK_COMPLETE,SUCCESS,INFO,1187,1187,0,,2026-08-26T19:55:35.047Z,2026-08-26T22:11:39.517Z,8164,2026-08-26T22:11:39.517Z,B38,Spartanburg,20846baf-2fe5-403c-85d4-31520e88a3ce,SAMMS-SpartanburgV5
202608262209459178,202608261955300137,202608261955298282,85,3744,Bronze INV,br_ReAssessmentOccupational,TASK_COMPLETE,SUCCESS,INFO,362,362,0,,2026-08-26T19:55:35.047Z,2026-08-26T22:11:39.517Z,8164,2026-08-26T22:11:39.517Z,B39,Aiken,20846baf-2fe5-403c-85d4-31520e88a3ce,SAMMS-AikenV5
202608262209459179,202608261955300138,202608261955298282,85,3745,Bronze INV,br_ReAssessmentOccupational,TASK_COMPLETE,SUCCESS,INFO,1887,1887,0,,2026-08-26T19:55:35.047Z,2026-08-26T22:11:39.517Z,8164,2026-08-26T22:11:39.517Z,B41,Chesapeake,20846baf-2fe5-403c-85d4-31520e88a3ce,SAMMS-ChesapeakeV5
202608262209459181,202608261955300139,202608261955298282,85,3746,Bronze INV,br_ReAssessmentOccupational,TASK_COMPLETE,SUCCESS,INFO,1914,1914,0,,2026-08-26T19:55:35.047Z,2026-08-26T22:11:39.517Z,8164,2026-08-26T22:11:39.517Z,B42,Virginia Beach,20846baf-2fe5-403c-85d4-31520e88a3ce,SAMMS-VirginiaBeachV5
202608262209459182,202608261955300140,202608261955298282,85,3747,Bronze INV,br_ReAssessmentOccupational,TASK_COMPLETE,SUCCESS,INFO,924,924,0,,2026-08-26T19:55:35.047Z,2026-08-26T22:11:39.517Z,8164,2026-08-26T22:11:39.517Z,B42A,Newport News,20846baf-2fe5-403c-85d4-31520e88a3ce,SAMMS-NewportNewsV5
202608262209459183,202608261955300141,202608261955298282,85,3748,Bronze INV,br_ReAssessmentOccupational,TASK_COMPLETE,SUCCESS,INFO,507,507,0,,2026-08-26T19:55:35.047Z,2026-08-26T22:11:39.517Z,8164,2026-08-26T22:11:39.517Z,B42B,Franklin,20846baf-2fe5-403c-85d4-31520e88a3ce,SAMMS-FranklinV5
202608262209459184,202608261955300142,202608261955298282,85,3749,Bronze INV,br_ReAssessmentOccupational,TASK_COMPLETE,SUCCESS,INFO,343,343,0,,2026-08-26T19:55:35.047Z,2026-08-26T22:11:39.517Z,8164,2026-08-26T22:11:39.517Z,B42C,Glen Allen,20846baf-2fe5-403c-85d4-31520e88a3ce,SAMMS-GlenAllenV5
202608262209459185,202608261955300143,202608261955298282,85,3750,Bronze INV,br_ReAssessmentOccupational,TASK_COMPLETE,SUCCESS,INFO,1481,1481,0,,2026-08-26T19:55:35.047Z,2026-08-26T22:11:39.517Z,8164,2026-08-26T22:11:39.517Z,B42D,Chesapeake South,20846baf-2fe5-403c-85d4-31520e88a3ce,SAMMS-ChesapeakeSouthV5
202608262209459186,202608261955300144,202608261955298282,85,3751,Bronze INV,br_ReAssessmentOccupational,TASK_COMPLETE,SUCCESS,INFO,631,631,0,,2026-08-26T19:55:35.047Z,2026-08-26T22:11:39.517Z,8164,2026-08-26T22:11:39.517Z,B44,Albany,20846baf-2fe5-403c-85d4-31520e88a3ce,SAMMS-AlbanyV5
202608262209459188,202608261955300145,202608261955298282,85,3752,Bronze INV,br_ReAssessmentOccupational,TASK_COMPLETE,SUCCESS,INFO,1268,1268,0,,2026-08-26T19:55:35.047Z,2026-08-26T22:11:39.517Z,8164,2026-08-26T22:11:39.517Z,B45,Tifton,20846baf-2fe5-403c-85d4-31520e88a3ce,SAMMS-TiftonV5
202608262209459189,202608261955300146,202608261955298282,85,3753,Bronze INV,br_ReAssessmentOccupational,TASK_COMPLETE,SUCCESS,INFO,590,590,0,,2026-08-26T19:55:35.047Z,2026-08-26T22:11:39.517Z,8164,2026-08-26T22:11:39.517Z,B46,Washington DC,20846baf-2fe5-403c-85d4-31520e88a3ce,SAMMS-WashingtonDCv5
202608262209459190,202608261955300147,202608261955298282,85,3754,Bronze INV,br_ReAssessmentOccupational,TASK_COMPLETE,SUCCESS,INFO,1564,1564,0,,2026-08-26T19:55:35.047Z,2026-08-26T22:11:39.517Z,8164,2026-08-26T22:11:39.517Z,B47,Mobile,20846baf-2fe5-403c-85d4-31520e88a3ce,SAMMS-MobileV5
202608262209459191,202608261955300148,202608261955298282,85,3755,Bronze INV,br_ReAssessmentOccupational,TASK_COMPLETE,SUCCESS,INFO,1296,1296,0,,2026-08-26T19:55:35.047Z,2026-08-26T22:11:39.517Z,8164,2026-08-26T22:11:39.517Z,B48,Tuscaloosa,20846baf-2fe5-403c-85d4-31520e88a3ce,SAMMS-TuscaloosaV5
202608262209459192,202608261955300149,202608261955298282,85,3764,Bronze INV,br_ReAssessmentOccupational,TASK_COMPLETE,SUCCESS,INFO,2,2,0,,2026-08-26T19:55:35.047Z,2026-08-26T22:11:39.517Z,8164,2026-08-26T22:11:39.517Z,B51,N. Little Rock (OTP),20846baf-2fe5-403c-85d4-31520e88a3ce,SAMMS-NorthLittleRockV6
202608262209459193,202608261955300150,202608261955298282,85,3765,Bronze INV,br_ReAssessmentOccupational,TASK_COMPLETE,SUCCESS,INFO,455,455,0,,2026-08-26T19:55:35.047Z,2026-08-26T22:11:39.517Z,8164,2026-08-26T22:11:39.517Z,B52,Jackson GA,20846baf-2fe5-403c-85d4-31520e88a3ce,SAMMS-JacksonGAV5
202608262209459194,202608261955300151,202608261955298282,85,3766,Bronze INV,br_ReAssessmentOccupational,TASK_COMPLETE,SUCCESS,INFO,1701,1701,0,,2026-08-26T19:55:35.047Z,2026-08-26T22:11:39.517Z,8164,2026-08-26T22:11:39.517Z,B54,Gadsden,20846baf-2fe5-403c-85d4-31520e88a3ce,SAMMS-GadsdenV5
202608262209459196,202608261955300152,202608261955298282,85,3767,Bronze INV,br_ReAssessmentOccupational,TASK_COMPLETE,SUCCESS,INFO,947,947,0,,2026-08-26T19:55:35.047Z,2026-08-26T22:11:39.517Z,8164,2026-08-26T22:11:39.517Z,B55,Shoals,20846baf-2fe5-403c-85d4-31520e88a3ce,SAMMS-ShoalsV5
202608262209459197,202608261955300153,202608261955298282,85,3768,Bronze INV,br_ReAssessmentOccupational,TASK_COMPLETE,SUCCESS,INFO,294,294,0,,2026-08-26T19:55:35.047Z,2026-08-26T22:11:39.517Z,8164,2026-08-26T22:11:39.517Z,B57,Pawtucket,20846baf-2fe5-403c-85d4-31520e88a3ce,SAMMS-Pawtucket
202608262209459198,202608261955300154,202608261955298282,85,3769,Bronze INV,br_ReAssessmentOccupational,TASK_COMPLETE,SUCCESS,INFO,555,555,0,,2026-08-26T19:55:35.047Z,2026-08-26T22:11:39.517Z,8164,2026-08-26T22:11:39.517Z,B57A,Johnston,20846baf-2fe5-403c-85d4-31520e88a3ce,SAMMS-Johnston
202608262209459199,202608261955300155,202608261955298282,85,3770,Bronze INV,br_ReAssessmentOccupational,TASK_COMPLETE,SUCCESS,INFO,165,165,0,,2026-08-26T19:55:35.047Z,2026-08-26T22:11:39.517Z,8164,2026-08-26T22:11:39.517Z,B57B,Middletown,20846baf-2fe5-403c-85d4-31520e88a3ce,SAMMS-Middletown
202608262209459200,202608261955300156,202608261955298282,85,3771,Bronze INV,br_ReAssessmentOccupational,TASK_COMPLETE,SUCCESS,INFO,412,412,0,,2026-08-26T19:55:35.047Z,2026-08-26T22:11:39.517Z,8164,2026-08-26T22:11:39.517Z,B57C,Providence,20846baf-2fe5-403c-85d4-31520e88a3ce,SAMMS-Providence
202608262209459201,202608261955300157,202608261955298282,85,3772,Bronze INV,br_ReAssessmentOccupational,TASK_COMPLETE,SUCCESS,INFO,623,623,0,,2026-08-26T19:55:35.047Z,2026-08-26T22:11:39.517Z,8164,2026-08-26T22:11:39.517Z,B57D,Westerly,20846baf-2fe5-403c-85d4-31520e88a3ce,SAMMS-Westerly
202608262209459202,202608261955300158,202608261955298282,85,3776,Bronze INV,br_ReAssessmentOccupational,TASK_COMPLETE,SUCCESS,INFO,4,4,0,,2026-08-26T19:55:35.047Z,2026-08-26T22:11:39.517Z,8164,2026-08-26T22:11:39.517Z,B66A,Bremen,20846baf-2fe5-403c-85d4-31520e88a3ce,SAMMS-Bremen
202608262209459204,202608261955300159,202608261955298282,85,3779,Bronze INV,br_ReAssessmentOccupational,TASK_COMPLETE,SUCCESS,INFO,0,0,0,,2026-08-26T19:55:35.047Z,2026-08-26T22:11:39.517Z,8164,2026-08-26T22:11:39.517Z,B72,Mobile (OBOT),20846baf-2fe5-403c-85d4-31520e88a3ce,SAMMS-Mobile-OBOT
202608262209459205,202608261955300160,202608261955298282,85,3780,Bronze INV,br_ReAssessmentOccupational,TASK_COMPLETE,SUCCESS,INFO,0,0,0,,2026-08-26T19:55:35.047Z,2026-08-26T22:11:39.517Z,8164,2026-08-26T22:11:39.517Z,B73,Montgomery,20846baf-2fe5-403c-85d4-31520e88a3ce,SAMMS-Montgomery
202608262209459206,202608261955300161,202608261955298282,85,3781,Bronze INV,br_ReAssessmentOccupational,TASK_COMPLETE,SUCCESS,INFO,515,515,0,,2026-08-26T19:55:35.047Z,2026-08-26T22:11:39.517Z,8164,2026-08-26T22:11:39.517Z,B75,Lawrence,20846baf-2fe5-403c-85d4-31520e88a3ce,SAMMS-LawrenceV6
202608262209459207,202608261955300162,202608261955298282,85,3782,Bronze INV,br_ReAssessmentOccupational,TASK_COMPLETE,SUCCESS,INFO,0,0,0,,2026-08-26T19:55:35.047Z,2026-08-26T22:11:39.517Z,8164,2026-08-26T22:11:39.517Z,B76,Huntsville OBOT,20846baf-2fe5-403c-85d4-31520e88a3ce,SAMMS-Huntsville-OBOT
202608262209459208,202608261955300163,202608261955298282,85,3783,Bronze INV,br_ReAssessmentOccupational,TASK_COMPLETE,SUCCESS,INFO,0,0,0,,2026-08-26T19:55:35.047Z,2026-08-26T22:11:39.517Z,8164,2026-08-26T22:11:39.517Z,BAT,Batesville,20846baf-2fe5-403c-85d4-31520e88a3ce,SAMMS-Batesville
202608262209459209,202608261955300164,202608261955298282,85,3784,Bronze INV,br_ReAssessmentOccupational,TASK_COMPLETE,SUCCESS,INFO,460,460,0,,2026-08-26T19:55:35.047Z,2026-08-26T22:11:39.517Z,8164,2026-08-26T22:11:39.517Z,BG,Bowling Green,20846baf-2fe5-403c-85d4-31520e88a3ce,SAMMS-BowlingGreen
202608262209459211,202608261955300165,202608261955298282,85,3785,Bronze INV,br_ReAssessmentOccupational,TASK_COMPLETE,SUCCESS,INFO,180,180,0,,2026-08-26T19:55:35.047Z,2026-08-26T22:11:39.517Z,8164,2026-08-26T22:11:39.517Z,BOI,Boise,20846baf-2fe5-403c-85d4-31520e88a3ce,SAMMS-Boise
202608262209459212,202608261955300166,202608261955298282,85,3792,Bronze INV,br_ReAssessmentOccupational,TASK_COMPLETE,SUCCESS,INFO,51,51,0,,2026-08-26T19:55:35.047Z,2026-08-26T22:11:39.517Z,8164,2026-08-26T22:11:39.517Z,CBCO,Coeur dAlene,20846baf-2fe5-403c-85d4-31520e88a3ce,SAMMS-CoeurdAleneV6
202608262209459213,202608261955300167,202608261955298282,85,3811,Bronze INV,br_ReAssessmentOccupational,TASK_COMPLETE,SUCCESS,INFO,0,0,0,,2026-08-26T19:55:35.047Z,2026-08-26T22:11:39.517Z,8164,2026-08-26T22:11:39.517Z,CON,Conway,20846baf-2fe5-403c-85d4-31520e88a3ce,SAMMS-Conway
202608262209459214,202608261955300168,202608261955298282,85,3812,Bronze INV,br_ReAssessmentOccupational,TASK_COMPLETE,SUCCESS,INFO,2573,2573,0,,2026-08-26T19:55:35.047Z,2026-08-26T22:11:39.517Z,8164,2026-08-26T22:11:39.517Z,D07,Medical Services Knox TN,20846baf-2fe5-403c-85d4-31520e88a3ce,SAMMS-KnoxvilleV6
202608262209459215,202608261955300169,202608261955298282,85,3813,Bronze INV,br_ReAssessmentOccupational,TASK_COMPLETE,SUCCESS,INFO,111,111,0,,2026-08-26T19:55:35.047Z,2026-08-26T22:11:39.517Z,8164,2026-08-26T22:11:39.517Z,D08,Madison,20846baf-2fe5-403c-85d4-31520e88a3ce,SAMMS-MadisonV6
202608262209459216,202608261955300170,202608261955298282,85,3815,Bronze INV,br_ReAssessmentOccupational,TASK_COMPLETE,SUCCESS,INFO,120,120,0,,2026-08-26T19:55:35.047Z,2026-08-26T22:11:39.517Z,8164,2026-08-26T22:11:39.517Z,D09,Murfreesboro,20846baf-2fe5-403c-85d4-31520e88a3ce,SAMMS-MurfreesboroV6
202608262209459217,202608261955300171,202608261955298282,85,3816,Bronze INV,br_ReAssessmentOccupational,TASK_COMPLETE,SUCCESS,INFO,336,336,0,,2026-08-26T19:55:35.047Z,2026-08-26T22:11:39.517Z,8164,2026-08-26T22:11:39.517Z,DA,Davenport,20846baf-2fe5-403c-85d4-31520e88a3ce,SAMMS-Davenport
202608262209459219,202608261955300172,202608261955298282,85,3817,Bronze INV,br_ReAssessmentOccupational,TASK_COMPLETE,SUCCESS,INFO,287,287,0,,2026-08-26T19:55:35.047Z,2026-08-26T22:11:39.517Z,8164,2026-08-26T22:11:39.517Z,DM,Des Moines,20846baf-2fe5-403c-85d4-31520e88a3ce,SAMMS-DesMoines
202608262209459220,202608261955300173,202608261955298282,85,3819,Bronze INV,br_ReAssessmentOccupational,TASK_COMPLETE,SUCCESS,INFO,530,530,0,,2026-08-26T19:55:35.047Z,2026-08-26T22:11:39.517Z,8164,2026-08-26T22:11:39.517Z,DRD-CO,Columbia MO,20846baf-2fe5-403c-85d4-31520e88a3ce,SAMMS-ColumbiaV5
202608262209459221,202608261955300174,202608261955298282,85,3820,Bronze INV,br_ReAssessmentOccupational,TASK_COMPLETE,SUCCESS,INFO,347,347,0,,2026-08-26T19:55:35.047Z,2026-08-26T22:11:39.517Z,8164,2026-08-26T22:11:39.517Z,DRD-KC,KC,20846baf-2fe5-403c-85d4-31520e88a3ce,SAMMS-KCv5
202608262209459222,202608261955300175,202608261955298282,85,3821,Bronze INV,br_ReAssessmentOccupational,TASK_COMPLETE,SUCCESS,INFO,1550,1550,0,,2026-08-26T19:55:35.047Z,2026-08-26T22:11:39.517Z,8164,2026-08-26T22:11:39.517Z,DRD-KVB,KVB,20846baf-2fe5-403c-85d4-31520e88a3ce,SAMMS-KVBv5
202608262209459223,202608261955300176,202608261955298282,85,3822,Bronze INV,br_ReAssessmentOccupational,TASK_COMPLETE,SUCCESS,INFO,1672,1672,0,,2026-08-26T19:55:35.047Z,2026-08-26T22:11:39.517Z,8164,2026-08-26T22:11:39.517Z,DRD-KVC,KVC,20846baf-2fe5-403c-85d4-31520e88a3ce,SAMMS-KVCv5
202608262209459224,202608261955300177,202608261955298282,85,3823,Bronze INV,br_ReAssessmentOccupational,TASK_COMPLETE,SUCCESS,INFO,3204,3204,0,,2026-08-26T19:55:35.047Z,2026-08-26T22:11:39.517Z,8164,2026-08-26T22:11:39.517Z,DRD-NOLA,NOLA,20846baf-2fe5-403c-85d4-31520e88a3ce,SAMMS-NOLAv5
202608262209459225,202608261955300178,202608261955298282,85,3824,Bronze INV,br_ReAssessmentOccupational,TASK_COMPLETE,SUCCESS,INFO,801,801,0,,2026-08-26T19:55:35.047Z,2026-08-26T22:11:39.517Z,8164,2026-08-26T22:11:39.517Z,DRD-SF,Springfield,20846baf-2fe5-403c-85d4-31520e88a3ce,SAMMS-SFv5
202608262209459227,202608261955300179,202608261955298282,85,3826,Bronze INV,br_ReAssessmentOccupational,TASK_COMPLETE,SUCCESS,INFO,260,260,0,,2026-08-26T19:55:35.047Z,2026-08-26T22:11:39.517Z,8164,2026-08-26T22:11:39.517Z,ELC,Elizabeth City,20846baf-2fe5-403c-85d4-31520e88a3ce,SAMMS-ElizabethCity
202608262209459228,202608261955300180,202608261955298282,85,3827,Bronze INV,br_ReAssessmentOccupational,TASK_COMPLETE,SUCCESS,INFO,128,128,0,,2026-08-26T19:55:35.047Z,2026-08-26T22:11:39.517Z,8164,2026-08-26T22:11:39.517Z,ET,Elizabethtown,20846baf-2fe5-403c-85d4-31520e88a3ce,SAMMS-Elizabethtown
202608262209459229,202608261955300181,202608261955298282,85,3828,Bronze INV,br_ReAssessmentOccupational,TASK_COMPLETE,SUCCESS,INFO,0,0,0,,2026-08-26T19:55:35.047Z,2026-08-26T22:11:39.517Z,8164,2026-08-26T22:11:39.517Z,FAY,Fayetteville,20846baf-2fe5-403c-85d4-31520e88a3ce,SAMMS-Fayetteville
202608262209459230,202608261955300182,202608261955298282,85,3829,Bronze INV,br_ReAssessmentOccupational,TASK_COMPLETE,SUCCESS,INFO,156,156,0,,2026-08-26T19:55:35.047Z,2026-08-26T22:11:39.517Z,8164,2026-08-26T22:11:39.517Z,FR,Frankfort,20846baf-2fe5-403c-85d4-31520e88a3ce,SAMMS-Frankfort
202608262209459231,202608261955300183,202608261955298282,85,3830,Bronze INV,br_ReAssessmentOccupational,TASK_COMPLETE,SUCCESS,INFO,0,0,0,,2026-08-26T19:55:35.047Z,2026-08-26T22:11:39.517Z,8164,2026-08-26T22:11:39.517Z,FS,Fort Smith,20846baf-2fe5-403c-85d4-31520e88a3ce,SAMMS-FortSmith
202608262209459232,202608261955300184,202608261955298282,85,3831,Bronze INV,br_ReAssessmentOccupational,TASK_COMPLETE,SUCCESS,INFO,467,467,0,,2026-08-26T19:55:35.047Z,2026-08-26T22:11:39.517Z,8164,2026-08-26T22:11:39.517Z,FW,Fort Wayne,20846baf-2fe5-403c-85d4-31520e88a3ce,SAMMS-FortWayne
202608262209459233,202608261955300185,202608261955298282,85,3832,Bronze INV,br_ReAssessmentOccupational,TASK_COMPLETE,SUCCESS,INFO,275,275,0,,2026-08-26T19:55:35.047Z,2026-08-26T22:11:39.517Z,8164,2026-08-26T22:11:39.517Z,GAL,Gaylord,20846baf-2fe5-403c-85d4-31520e88a3ce,SAMMS-Gaylord
202608262209459235,202608261955300186,202608261955298282,85,3836,Bronze INV,br_ReAssessmentOccupational,TASK_COMPLETE,SUCCESS,INFO,100,100,0,,2026-08-26T19:55:35.047Z,2026-08-26T22:11:39.517Z,8164,2026-08-26T22:11:39.517Z,HGT,Hagerstown,20846baf-2fe5-403c-85d4-31520e88a3ce,SAMMS-Hagerstown
202608262209459236,202608261955300187,202608261955298282,85,3837,Bronze INV,br_ReAssessmentOccupational,TASK_COMPLETE,SUCCESS,INFO,1723,1723,0,,2026-08-26T19:55:35.047Z,2026-08-26T22:11:39.517Z,8164,2026-08-26T22:11:39.517Z,HNT,Huntsville,20846baf-2fe5-403c-85d4-31520e88a3ce,SAMMS-Huntsville
202608262209459237,202608261955300188,202608261955298282,85,3838,Bronze INV,br_ReAssessmentOccupational,TASK_COMPLETE,SUCCESS,INFO,0,0,0,,2026-08-26T19:55:35.047Z,2026-08-26T22:11:39.517Z,8164,2026-08-26T22:11:39.517Z,HS,Hot Springs,20846baf-2fe5-403c-85d4-31520e88a3ce,SAMMS-HotSprings
202608262209459238,202608261955300189,202608261955298282,85,3839,Bronze INV,br_ReAssessmentOccupational,TASK_COMPLETE,SUCCESS,INFO,0,0,0,,2026-08-26T19:55:35.047Z,2026-08-26T22:11:39.517Z,8164,2026-08-26T22:11:39.517Z,JON,Jonesboro,20846baf-2fe5-403c-85d4-31520e88a3ce,SAMMS-Jonesboro
202608262209459239,202608261955300190,202608261955298282,85,3841,Bronze INV,br_ReAssessmentOccupational,TASK_COMPLETE,SUCCESS,INFO,446,446,0,,2026-08-26T19:55:35.047Z,2026-08-26T22:11:39.517Z,8164,2026-08-26T22:11:39.517Z,LAN,Lansing,20846baf-2fe5-403c-85d4-31520e88a3ce,SAMMS-Lansing
202608262209459240,202608261955300191,202608261955298282,85,3842,Bronze INV,br_ReAssessmentOccupational,TASK_COMPLETE,SUCCESS,INFO,1287,1287,0,,2026-08-26T19:55:35.047Z,2026-08-26T22:11:39.517Z,8164,2026-08-26T22:11:39.517Z,LO,Louisville,20846baf-2fe5-403c-85d4-31520e88a3ce,SAMMS-Louisville
202608262209459242,202608261955300192,202608261955298282,85,3843,Bronze INV,br_ReAssessmentOccupational,TASK_COMPLETE,SUCCESS,INFO,291,291,0,,2026-08-26T19:55:35.047Z,2026-08-26T22:11:39.517Z,8164,2026-08-26T22:11:39.517Z,LV1,Cheyenne,20846baf-2fe5-403c-85d4-31520e88a3ce,SAMMS-Cheyenne
202608262209459243,202608261955300193,202608261955298282,85,3844,Bronze INV,br_ReAssessmentOccupational,TASK_COMPLETE,SUCCESS,INFO,204,204,0,,2026-08-26T19:55:35.047Z,2026-08-26T22:11:39.517Z,8164,2026-08-26T22:11:39.517Z,LV2,Desert Inn,20846baf-2fe5-403c-85d4-31520e88a3ce,SAMMS-DesertInn
202608262209459244,202608261955300194,202608261955298282,85,3845,Bronze INV,br_ReAssessmentOccupational,TASK_COMPLETE,SUCCESS,INFO,110,110,0,,2026-08-26T19:55:35.047Z,2026-08-26T22:11:39.517Z,8164,2026-08-26T22:11:39.517Z,LV3,McDaniel,20846baf-2fe5-403c-85d4-31520e88a3ce,SAMMS-McDaniel
202608262209459245,202608261955300195,202608261955298282,85,3848,Bronze INV,br_ReAssessmentOccupational,TASK_COMPLETE,SUCCESS,INFO,358,358,0,,2026-08-26T19:55:35.047Z,2026-08-26T22:11:39.517Z,8164,2026-08-26T22:11:39.517Z,MNRE,Monroe,20846baf-2fe5-403c-85d4-31520e88a3ce,SAMMS-Monroe
202608262209459246,202608261955300196,202608261955298282,85,3849,Bronze INV,br_ReAssessmentOccupational,TASK_COMPLETE,SUCCESS,INFO,1423,1423,0,,2026-08-26T19:55:35.047Z,2026-08-26T22:11:39.517Z,8164,2026-08-26T22:11:39.517Z,MP,Mt. Pleasant,20846baf-2fe5-403c-85d4-31520e88a3ce,SAMMS-MtPleasant
202608262209459247,202608261955300197,202608261955298282,85,3850,Bronze INV,br_ReAssessmentOccupational,TASK_COMPLETE,SUCCESS,INFO,153,153,0,,2026-08-26T19:55:35.047Z,2026-08-26T22:11:39.517Z,8164,2026-08-26T22:11:39.517Z,MRD,Meridian,20846baf-2fe5-403c-85d4-31520e88a3ce,SAMMS-Meridian
202608262209459248,202608261955300198,202608261955298282,85,3855,Bronze INV,br_ReAssessmentOccupational,TASK_COMPLETE,SUCCESS,INFO,693,693,0,,2026-08-26T19:55:35.047Z,2026-08-26T22:11:39.517Z,8164,2026-08-26T22:11:39.517Z,NC,North Charleston,20846baf-2fe5-403c-85d4-31520e88a3ce,SAMMS-NorthCharleston
202608262209459250,202608261955300199,202608261955298282,85,3856,Bronze INV,br_ReAssessmentOccupational,TASK_COMPLETE,SUCCESS,INFO,0,0,0,,2026-08-26T19:55:35.047Z,2026-08-26T22:11:39.517Z,8164,2026-08-26T22:11:39.517Z,NLR,N. Little Rock,20846baf-2fe5-403c-85d4-31520e88a3ce,SAMMS-NLROBOT
202608262209459251,202608261955300200,202608261955298282,85,3857,Bronze INV,br_ReAssessmentOccupational,TASK_COMPLETE,SUCCESS,INFO,112,112,0,,2026-08-26T19:55:35.047Z,2026-08-26T22:11:39.517Z,8164,2026-08-26T22:11:39.517Z,PH,Phoenix,20846baf-2fe5-403c-85d4-31520e88a3ce,SAMMS-Phoenix
202608262209459252,202608261955300201,202608261955298282,85,3861,Bronze INV,br_ReAssessmentOccupational,TASK_COMPLETE,SUCCESS,INFO,213,213,0,,2026-08-26T19:55:35.047Z,2026-08-26T22:11:39.517Z,8164,2026-08-26T22:11:39.517Z,RE,Reno,20846baf-2fe5-403c-85d4-31520e88a3ce,SAMMS-Reno
202608262209459253,202608261955300202,202608261955298282,85,3862,Bronze INV,br_ReAssessmentOccupational,TASK_COMPLETE,SUCCESS,INFO,87,87,0,,2026-08-26T19:55:35.047Z,2026-08-26T22:11:39.517Z,8164,2026-08-26T22:11:39.517Z,RMD,Richmond,20846baf-2fe5-403c-85d4-31520e88a3ce,SAMMS-Richmond
202608262209459254,202608261955300203,202608261955298282,85,3863,Bronze INV,br_ReAssessmentOccupational,TASK_COMPLETE,SUCCESS,INFO,589,589,0,,2026-08-26T19:55:35.047Z,2026-08-26T22:11:39.517Z,8164,2026-08-26T22:11:39.517Z,SFN,Springfield North,20846baf-2fe5-403c-85d4-31520e88a3ce,SAMMS-SFNv5
202608262209459255,202608261955300204,202608261955298282,85,3864,Bronze INV,br_ReAssessmentOccupational,TASK_COMPLETE,SUCCESS,INFO,762,762,0,,2026-08-26T19:55:35.047Z,2026-08-26T22:11:39.517Z,8164,2026-08-26T22:11:39.517Z,SHP,Shreveport,20846baf-2fe5-403c-85d4-31520e88a3ce,SAMMS-Shreveport
202608262209459256,202608261955300205,202608261955298282,85,3866,Bronze INV,br_ReAssessmentOccupational,TASK_COMPLETE,SUCCESS,INFO,484,484,0,,2026-08-26T19:55:35.047Z,2026-08-26T22:11:39.517Z,8164,2026-08-26T22:11:39.517Z,STN,Staunton,20846baf-2fe5-403c-85d4-31520e88a3ce,SAMMS-Staunton
202608262209459258,202608261955300206,202608261955298282,85,3867,Bronze INV,br_ReAssessmentOccupational,TASK_COMPLETE,SUCCESS,INFO,226,226,0,,2026-08-26T19:55:35.047Z,2026-08-26T22:11:39.517Z,8164,2026-08-26T22:11:39.517Z,STVN,Stevenson,20846baf-2fe5-403c-85d4-31520e88a3ce,SAMMS-Stevenson
202608262209459259,202608261955300207,202608261955298282,85,3869,Bronze INV,br_ReAssessmentOccupational,TASK_COMPLETE,SUCCESS,INFO,173,173,0,,2026-08-26T19:55:35.047Z,2026-08-26T22:11:39.517Z,8164,2026-08-26T22:11:39.517Z,TE,Tempe,20846baf-2fe5-403c-85d4-31520e88a3ce,SAMMS-Tempe
202608262209459260,202608261955300208,202608261955298282,85,3870,Bronze INV,br_ReAssessmentOccupational,TASK_COMPLETE,SUCCESS,INFO,0,0,0,,2026-08-26T19:55:35.047Z,2026-08-26T22:11:39.517Z,8164,2026-08-26T22:11:39.517Z,TEX,Texarkana,20846baf-2fe5-403c-85d4-31520e88a3ce,SAMMS-Texarkana
202608262209459261,202608261955300209,202608261955298282,85,3871,Bronze INV,br_ReAssessmentOccupational,TASK_COMPLETE,SUCCESS,INFO,1073,1073,0,,2026-08-26T19:55:35.047Z,2026-08-26T22:11:39.517Z,8164,2026-08-26T22:11:39.517Z,TTCA,Bessemer,20846baf-2fe5-403c-85d4-31520e88a3ce,SAMMS-BessemerV5
202608262209459262,202608261955300210,202608261955298282,85,3872,Bronze INV,br_ReAssessmentOccupational,TASK_COMPLETE,SUCCESS,INFO,1317,1317,0,,2026-08-26T19:55:35.047Z,2026-08-26T22:11:39.517Z,8164,2026-08-26T22:11:39.517Z,TTCB,Cullman,20846baf-2fe5-403c-85d4-31520e88a3ce,SAMMS-CullmanV5
202608262209459263,202608261955300211,202608261955298282,85,3873,Bronze INV,br_ReAssessmentOccupational,TASK_COMPLETE,SUCCESS,INFO,938,938,0,,2026-08-26T19:55:35.047Z,2026-08-26T22:11:39.517Z,8164,2026-08-26T22:11:39.517Z,TTCC,Grand Bay,20846baf-2fe5-403c-85d4-31520e88a3ce,SAMMS-GrandBay
202608262209459264,202608261955300212,202608261955298282,85,3874,Bronze INV,br_ReAssessmentOccupational,TASK_COMPLETE,SUCCESS,INFO,15,15,0,,2026-08-26T19:55:35.047Z,2026-08-26T22:11:39.517Z,8164,2026-08-26T22:11:39.517Z,TU,Tucson,20846baf-2fe5-403c-85d4-31520e88a3ce,SAMMS-Tucson
202608262209459266,202608261955300213,202608261955298282,85,3876,Bronze INV,br_ReAssessmentOccupational,TASK_COMPLETE,SUCCESS,INFO,661,661,0,,2026-08-26T19:55:35.047Z,2026-08-26T22:11:39.517Z,8164,2026-08-26T22:11:39.517Z,V1,Memphis South,20846baf-2fe5-403c-85d4-31520e88a3ce,SAMMS-VCPHCS-I-MemphisV5
202608262209459267,202608261955300214,202608261955298282,85,3877,Bronze INV,br_ReAssessmentOccupational,TASK_COMPLETE,SUCCESS,INFO,1627,1627,0,,2026-08-26T19:55:35.047Z,2026-08-26T22:11:39.517Z,8164,2026-08-26T22:11:39.517Z,V10,Longmont,20846baf-2fe5-403c-85d4-31520e88a3ce,SAMMS-BoulderV5
202608262209459268,202608261955300215,202608261955298282,85,3878,Bronze INV,br_ReAssessmentOccupational,TASK_COMPLETE,SUCCESS,INFO,1513,1513,0,,2026-08-26T19:55:35.047Z,2026-08-26T22:11:39.517Z,8164,2026-08-26T22:11:39.517Z,V10A,Fort Collins,20846baf-2fe5-403c-85d4-31520e88a3ce,SAMMS-FortCollinsV5
202608262209459269,202608261955300216,202608261955298282,85,3879,Bronze INV,br_ReAssessmentOccupational,TASK_COMPLETE,SUCCESS,INFO,2864,2864,0,,2026-08-26T19:55:35.047Z,2026-08-26T22:11:39.517Z,8164,2026-08-26T22:11:39.517Z,V11,Westminster,20846baf-2fe5-403c-85d4-31520e88a3ce,SAMMS-VCPHCS-XI-NorthDenverV5
202608262209459270,202608261955300217,202608261955298282,85,3880,Bronze INV,br_ReAssessmentOccupational,TASK_COMPLETE,SUCCESS,INFO,3036,3036,0,,2026-08-26T19:55:35.047Z,2026-08-26T22:11:39.517Z,8164,2026-08-26T22:11:39.517Z,V12,Downtown Denver,20846baf-2fe5-403c-85d4-31520e88a3ce,SAMMS-VCPHCS-XII-DowntownDenverV5
202608262209459271,202608261955300218,202608261955298282,85,3881,Bronze INV,br_ReAssessmentOccupational,TASK_COMPLETE,SUCCESS,INFO,1136,1136,0,,2026-08-26T19:55:35.047Z,2026-08-26T22:11:39.517Z,8164,2026-08-26T22:11:39.517Z,V12A,Centennial,20846baf-2fe5-403c-85d4-31520e88a3ce,SAMMS-CentennialV5
202608232214222809,202608232010369200,202608232010368283,85,410,Bronze INV,br_AdmissionAssessment,TASK_COMPLETE,SUCCESS,INFO,18,18,0,,2026-08-23T20:10:41.468Z,2026-08-23T22:16:21.732Z,7540,2026-08-23T22:16:21.732Z,WIL,Wilson,955211d4-28b8-44a0-8023-2bfaa48d6721,SAMMS-Wilson
202608232214222911,202608232010468284,202608232010468283,86,5720,Silver INV,sl_AdmissionAssessment,TASK_COMPLETE,SUCCESS,INFO,1484,1484,0,,2026-08-23T20:10:41.468Z,2026-08-23T22:16:21.732Z,7540,2026-08-23T22:16:21.732Z,,,955211d4-28b8-44a0-8023-2bfaa48d6721,
202608232214222843,202608232010369776,202608232010368283,85,414,Bronze INV,br_AdmissionAssessmentDimensionFiveSubstanceUse,TASK_COMPLETE,SUCCESS,INFO,97,97,0,,2026-08-23T20:10:41.468Z,2026-08-23T22:16:21.732Z,7540,2026-08-23T22:16:21.732Z,AHK,Ahoskie,955211d4-28b8-44a0-8023-2bfaa48d6721,SAMMS-Ahoskie
202608232214222845,202608232010369777,202608232010368283,85,415,Bronze INV,br_AdmissionAssessmentDimensionFiveSubstanceUse,TASK_COMPLETE,SUCCESS,INFO,786,786,0,,2026-08-23T20:10:41.468Z,2026-08-23T22:16:21.732Z,7540,2026-08-23T22:16:21.732Z,B12B,Colorado Springs,955211d4-28b8-44a0-8023-2bfaa48d6721,SAMMS-ColoradoSpringsV5
202608232214222846,202608232010369778,202608232010368283,85,416,Bronze INV,br_AdmissionAssessmentDimensionFiveSubstanceUse,TASK_COMPLETE,SUCCESS,INFO,412,412,0,,2026-08-23T20:10:41.468Z,2026-08-23T22:16:21.732Z,7540,2026-08-23T22:16:21.732Z,B24,Paintsville,955211d4-28b8-44a0-8023-2bfaa48d6721,SAMMS-PaintsvilleV5
202608232214222847,202608232010369779,202608232010368283,85,417,Bronze INV,br_AdmissionAssessmentDimensionFiveSubstanceUse,TASK_COMPLETE,SUCCESS,INFO,171,171,0,,2026-08-23T20:10:41.468Z,2026-08-23T22:16:21.732Z,7540,2026-08-23T22:16:21.732Z,B25,Pikeville,955211d4-28b8-44a0-8023-2bfaa48d6721,SAMMS-PikevilleV5
202608232214222848,202608232010369780,202608232010368283,85,418,Bronze INV,br_AdmissionAssessmentDimensionFiveSubstanceUse,TASK_COMPLETE,SUCCESS,INFO,493,493,0,,2026-08-23T20:10:41.468Z,2026-08-23T22:16:21.732Z,7540,2026-08-23T22:16:21.732Z,B26,Hazard,955211d4-28b8-44a0-8023-2bfaa48d6721,SAMMS-HazardV5
202608232214222849,202608232010369781,202608232010368283,85,419,Bronze INV,br_AdmissionAssessmentDimensionFiveSubstanceUse,TASK_COMPLETE,SUCCESS,INFO,188,188,0,,2026-08-23T20:10:41.468Z,2026-08-23T22:16:21.732Z,7540,2026-08-23T22:16:21.732Z,B27,Savannah,955211d4-28b8-44a0-8023-2bfaa48d6721,SAMMS-SavannahV6
202608232214222850,202608232010369782,202608232010368283,85,420,Bronze INV,br_AdmissionAssessmentDimensionFiveSubstanceUse,TASK_COMPLETE,SUCCESS,INFO,234,234,0,,2026-08-23T20:10:41.468Z,2026-08-23T22:16:21.732Z,7540,2026-08-23T22:16:21.732Z,B28,West Plains,955211d4-28b8-44a0-8023-2bfaa48d6721,SAMMS-WestPlainesV5
202608232214222852,202608232010369783,202608232010368283,85,421,Bronze INV,br_AdmissionAssessmentDimensionFiveSubstanceUse,TASK_COMPLETE,SUCCESS,INFO,258,258,0,,2026-08-23T20:10:41.468Z,2026-08-23T22:16:21.732Z,7540,2026-08-23T22:16:21.732Z,B29,Poplar Bluff,955211d4-28b8-44a0-8023-2bfaa48d6721,SAMMS-PoplarBluffV5
202608232214222853,202608232010369784,202608232010368283,85,422,Bronze INV,br_AdmissionAssessmentDimensionFiveSubstanceUse,TASK_COMPLETE,SUCCESS,INFO,137,137,0,,2026-08-23T20:10:41.468Z,2026-08-23T22:16:21.732Z,7540,2026-08-23T22:16:21.732Z,B30,KC North,955211d4-28b8-44a0-8023-2bfaa48d6721,SAMMS-KCNv5
202608232214222854,202608232010369785,202608232010368283,85,423,Bronze INV,br_AdmissionAssessmentDimensionFiveSubstanceUse,TASK_COMPLETE,SUCCESS,INFO,333,333,0,,2026-08-23T20:10:41.468Z,2026-08-23T22:16:21.732Z,7540,2026-08-23T22:16:21.732Z,B31,Dyersburg,955211d4-28b8-44a0-8023-2bfaa48d6721,SAMMS-DyersburgV5
202608232214222855,202608232010369786,202608232010368283,85,425,Bronze INV,br_AdmissionAssessmentDimensionFiveSubstanceUse,TASK_COMPLETE,SUCCESS,INFO,211,211,0,,2026-08-23T20:10:41.468Z,2026-08-23T22:16:21.732Z,7540,2026-08-23T22:16:21.732Z,B33,Paducah,955211d4-28b8-44a0-8023-2bfaa48d6721,SAMMS-Paducah
202608232214222856,202608232010369787,202608232010368283,85,426,Bronze INV,br_AdmissionAssessmentDimensionFiveSubstanceUse,TASK_COMPLETE,SUCCESS,INFO,448,448,0,,2026-08-23T20:10:41.468Z,2026-08-23T22:16:21.732Z,7540,2026-08-23T22:16:21.732Z,B34,Corbin,955211d4-28b8-44a0-8023-2bfaa48d6721,SAMMS-CorbinV5
202608232214222857,202608232010369788,202608232010368283,85,427,Bronze INV,br_AdmissionAssessmentDimensionFiveSubstanceUse,TASK_COMPLETE,SUCCESS,INFO,711,711,0,,2026-08-23T20:10:41.468Z,2026-08-23T22:16:21.732Z,7540,2026-08-23T22:16:21.732Z,B35,Lexington,955211d4-28b8-44a0-8023-2bfaa48d6721,SAMMS-LexingtonV5
202608232214222858,202608232010369789,202608232010368283,85,428,Bronze INV,br_AdmissionAssessmentDimensionFiveSubstanceUse,TASK_COMPLETE,SUCCESS,INFO,347,347,0,,2026-08-23T20:10:41.468Z,2026-08-23T22:16:21.732Z,7540,2026-08-23T22:16:21.732Z,B35A,Berea,955211d4-28b8-44a0-8023-2bfaa48d6721,SAMMS-BereaV5
202608232214222860,202608232010369790,202608232010368283,85,429,Bronze INV,br_AdmissionAssessmentDimensionFiveSubstanceUse,TASK_COMPLETE,SUCCESS,INFO,597,597,0,,2026-08-23T20:10:41.468Z,2026-08-23T22:16:21.732Z,7540,2026-08-23T22:16:21.732Z,B36,Asheville,955211d4-28b8-44a0-8023-2bfaa48d6721,SAMMS-AshevilleV5
202608232214222861,202608232010369791,202608232010368283,85,430,Bronze INV,br_AdmissionAssessmentDimensionFiveSubstanceUse,TASK_COMPLETE,SUCCESS,INFO,444,444,0,,2026-08-23T20:10:41.468Z,2026-08-23T22:16:21.732Z,7540,2026-08-23T22:16:21.732Z,B37,Clyde,955211d4-28b8-44a0-8023-2bfaa48d6721,SAMMS-ClydeV5
202608232214222862,202608232010369792,202608232010368283,85,431,Bronze INV,br_AdmissionAssessmentDimensionFiveSubstanceUse,TASK_COMPLETE,SUCCESS,INFO,631,631,0,,2026-08-23T20:10:41.468Z,2026-08-23T22:16:21.732Z,7540,2026-08-23T22:16:21.732Z,B38,Spartanburg,955211d4-28b8-44a0-8023-2bfaa48d6721,SAMMS-SpartanburgV5
202608232214222863,202608232010369793,202608232010368283,85,432,Bronze INV,br_AdmissionAssessmentDimensionFiveSubstanceUse,TASK_COMPLETE,SUCCESS,INFO,473,473,0,,2026-08-23T20:10:41.468Z,2026-08-23T22:16:21.732Z,7540,2026-08-23T22:16:21.732Z,B39,Aiken,955211d4-28b8-44a0-8023-2bfaa48d6721,SAMMS-AikenV5
202608232214222864,202608232010369794,202608232010368283,85,433,Bronze INV,br_AdmissionAssessmentDimensionFiveSubstanceUse,TASK_COMPLETE,SUCCESS,INFO,289,289,0,,2026-08-23T20:10:41.468Z,2026-08-23T22:16:21.732Z,7540,2026-08-23T22:16:21.732Z,B41,Chesapeake,955211d4-28b8-44a0-8023-2bfaa48d6721,SAMMS-ChesapeakeV5
202608232214222865,202608232010369795,202608232010368283,85,434,Bronze INV,br_AdmissionAssessmentDimensionFiveSubstanceUse,TASK_COMPLETE,SUCCESS,INFO,534,534,0,,2026-08-23T20:10:41.468Z,2026-08-23T22:16:21.732Z,7540,2026-08-23T22:16:21.732Z,B42,Virginia Beach,955211d4-28b8-44a0-8023-2bfaa48d6721,SAMMS-VirginiaBeachV5
202608232214222867,202608232010369796,202608232010368283,85,435,Bronze INV,br_AdmissionAssessmentDimensionFiveSubstanceUse,TASK_COMPLETE,SUCCESS,INFO,161,161,0,,2026-08-23T20:10:41.468Z,2026-08-23T22:16:21.732Z,7540,2026-08-23T22:16:21.732Z,B42A,Newport News,955211d4-28b8-44a0-8023-2bfaa48d6721,SAMMS-NewportNewsV5
202608232214222868,202608232010369797,202608232010368283,85,436,Bronze INV,br_AdmissionAssessmentDimensionFiveSubstanceUse,TASK_COMPLETE,SUCCESS,INFO,54,54,0,,2026-08-23T20:10:41.468Z,2026-08-23T22:16:21.732Z,7540,2026-08-23T22:16:21.732Z,B42B,Franklin,955211d4-28b8-44a0-8023-2bfaa48d6721,SAMMS-FranklinV5
202608232214222869,202608232010369798,202608232010368283,85,437,Bronze INV,br_AdmissionAssessmentDimensionFiveSubstanceUse,TASK_COMPLETE,SUCCESS,INFO,334,334,0,,2026-08-23T20:10:41.468Z,2026-08-23T22:16:21.732Z,7540,2026-08-23T22:16:21.732Z,B42C,Glen Allen,955211d4-28b8-44a0-8023-2bfaa48d6721,SAMMS-GlenAllenV5
202608232214222870,202608232010369799,202608232010368283,85,438,Bronze INV,br_AdmissionAssessmentDimensionFiveSubstanceUse,TASK_COMPLETE,SUCCESS,INFO,166,166,0,,2026-08-23T20:10:41.468Z,2026-08-23T22:16:21.732Z,7540,2026-08-23T22:16:21.732Z,B42D,Chesapeake South,955211d4-28b8-44a0-8023-2bfaa48d6721,SAMMS-ChesapeakeSouthV5
202608232214222871,202608232010369800,202608232010368283,85,439,Bronze INV,br_AdmissionAssessmentDimensionFiveSubstanceUse,TASK_COMPLETE,SUCCESS,INFO,205,205,0,,2026-08-23T20:10:41.468Z,2026-08-23T22:16:21.732Z,7540,2026-08-23T22:16:21.732Z,B44,Albany,955211d4-28b8-44a0-8023-2bfaa48d6721,SAMMS-AlbanyV5
202608232214222872,202608232010369801,202608232010368283,85,440,Bronze INV,br_AdmissionAssessmentDimensionFiveSubstanceUse,TASK_COMPLETE,SUCCESS,INFO,302,302,0,,2026-08-23T20:10:41.468Z,2026-08-23T22:16:21.732Z,7540,2026-08-23T22:16:21.732Z,B45,Tifton,955211d4-28b8-44a0-8023-2bfaa48d6721,SAMMS-TiftonV5
202608232214222874,202608232010369802,202608232010368283,85,441,Bronze INV,br_AdmissionAssessmentDimensionFiveSubstanceUse,TASK_COMPLETE,SUCCESS,INFO,654,654,0,,2026-08-23T20:10:41.468Z,2026-08-23T22:16:21.732Z,7540,2026-08-23T22:16:21.732Z,B46,Washington DC,955211d4-28b8-44a0-8023-2bfaa48d6721,SAMMS-WashingtonDCv5
202608232214222875,202608232010369803,202608232010368283,85,442,Bronze INV,br_AdmissionAssessmentDimensionFiveSubstanceUse,TASK_COMPLETE,SUCCESS,INFO,349,349,0,,2026-08-23T20:10:41.468Z,2026-08-23T22:16:21.732Z,7540,2026-08-23T22:16:21.732Z,B47,Mobile,955211d4-28b8-44a0-8023-2bfaa48d6721,SAMMS-MobileV5
202608232214222876,202608232010369804,202608232010368283,85,443,Bronze INV,br_AdmissionAssessmentDimensionFiveSubstanceUse,TASK_COMPLETE,SUCCESS,INFO,445,445,0,,2026-08-23T20:10:41.468Z,2026-08-23T22:16:21.732Z,7540,2026-08-23T22:16:21.732Z,B48,Tuscaloosa,955211d4-28b8-44a0-8023-2bfaa48d6721,SAMMS-TuscaloosaV5
202608232214222877,202608232010369805,202608232010368283,85,452,Bronze INV,br_AdmissionAssessmentDimensionFiveSubstanceUse,TASK_COMPLETE,SUCCESS,INFO,310,310,0,,2026-08-23T20:10:41.468Z,2026-08-23T22:16:21.732Z,7540,2026-08-23T22:16:21.732Z,B51,N. Little Rock (OTP),955211d4-28b8-44a0-8023-2bfaa48d6721,SAMMS-NorthLittleRockV6
202608232214222878,202608232010369806,202608232010368283,85,453,Bronze INV,br_AdmissionAssessmentDimensionFiveSubstanceUse,TASK_COMPLETE,SUCCESS,INFO,154,154,0,,2026-08-23T20:10:41.468Z,2026-08-23T22:16:21.732Z,7540,2026-08-23T22:16:21.732Z,B52,Jackson GA,955211d4-28b8-44a0-8023-2bfaa48d6721,SAMMS-JacksonGAV5
202608232214222879,202608232010369807,202608232010368283,85,454,Bronze INV,br_AdmissionAssessmentDimensionFiveSubstanceUse,TASK_COMPLETE,SUCCESS,INFO,466,466,0,,2026-08-23T20:10:41.468Z,2026-08-23T22:16:21.732Z,7540,2026-08-23T22:16:21.732Z,B54,Gadsden,955211d4-28b8-44a0-8023-2bfaa48d6721,SAMMS-GadsdenV5
202608232214222881,202608232010369808,202608232010368283,85,455,Bronze INV,br_AdmissionAssessmentDimensionFiveSubstanceUse,TASK_COMPLETE,SUCCESS,INFO,477,477,0,,2026-08-23T20:10:41.468Z,2026-08-23T22:16:21.732Z,7540,2026-08-23T22:16:21.732Z,B55,Shoals,955211d4-28b8-44a0-8023-2bfaa48d6721,SAMMS-ShoalsV5
202608232214222882,202608232010369809,202608232010368283,85,456,Bronze INV,br_AdmissionAssessmentDimensionFiveSubstanceUse,TASK_COMPLETE,SUCCESS,INFO,170,170,0,,2026-08-23T20:10:41.468Z,2026-08-23T22:16:21.732Z,7540,2026-08-23T22:16:21.732Z,B57,Pawtucket,955211d4-28b8-44a0-8023-2bfaa48d6721,SAMMS-Pawtucket
202608232214222883,202608232010369810,202608232010368283,85,457,Bronze INV,br_AdmissionAssessmentDimensionFiveSubstanceUse,TASK_COMPLETE,SUCCESS,INFO,166,166,0,,2026-08-23T20:10:41.468Z,2026-08-23T22:16:21.732Z,7540,2026-08-23T22:16:21.732Z,B57A,Johnston,955211d4-28b8-44a0-8023-2bfaa48d6721,SAMMS-Johnston
202608232214222884,202608232010369811,202608232010368283,85,458,Bronze INV,br_AdmissionAssessmentDimensionFiveSubstanceUse,TASK_COMPLETE,SUCCESS,INFO,85,85,0,,2026-08-23T20:10:41.468Z,2026-08-23T22:16:21.732Z,7540,2026-08-23T22:16:21.732Z,B57B,Middletown,955211d4-28b8-44a0-8023-2bfaa48d6721,SAMMS-Middletown
202608232214222885,202608232010369812,202608232010368283,85,459,Bronze INV,br_AdmissionAssessmentDimensionFiveSubstanceUse,TASK_COMPLETE,SUCCESS,INFO,171,171,0,,2026-08-23T20:10:41.468Z,2026-08-23T22:16:21.732Z,7540,2026-08-23T22:16:21.732Z,B57C,Providence,955211d4-28b8-44a0-8023-2bfaa48d6721,SAMMS-Providence
202608232214222886,202608232010369813,202608232010368283,85,460,Bronze INV,br_AdmissionAssessmentDimensionFiveSubstanceUse,TASK_COMPLETE,SUCCESS,INFO,250,250,0,,2026-08-23T20:10:41.468Z,2026-08-23T22:16:21.732Z,7540,2026-08-23T22:16:21.732Z,B57D,Westerly,955211d4-28b8-44a0-8023-2bfaa48d6721,SAMMS-Westerly
202608232214222888,202608232010369814,202608232010368283,85,464,Bronze INV,br_AdmissionAssessmentDimensionFiveSubstanceUse,TASK_COMPLETE,SUCCESS,INFO,362,362,0,,2026-08-23T20:10:41.468Z,2026-08-23T22:16:21.732Z,7540,2026-08-23T22:16:21.732Z,B66A,Bremen,955211d4-28b8-44a0-8023-2bfaa48d6721,SAMMS-Bremen
202608232214222889,202608232010369815,202608232010368283,85,467,Bronze INV,br_AdmissionAssessmentDimensionFiveSubstanceUse,TASK_COMPLETE,SUCCESS,INFO,12,12,0,,2026-08-23T20:10:41.468Z,2026-08-23T22:16:21.732Z,7540,2026-08-23T22:16:21.732Z,B72,Mobile (OBOT),955211d4-28b8-44a0-8023-2bfaa48d6721,SAMMS-Mobile-OBOT
202608232214222890,202608232010369816,202608232010368283,85,468,Bronze INV,br_AdmissionAssessmentDimensionFiveSubstanceUse,TASK_COMPLETE,SUCCESS,INFO,2,2,0,,2026-08-23T20:10:41.468Z,2026-08-23T22:16:21.732Z,7540,2026-08-23T22:16:21.732Z,B73,Montgomery,955211d4-28b8-44a0-8023-2bfaa48d6721,SAMMS-Montgomery
202608232214222891,202608232010369817,202608232010368283,85,469,Bronze INV,br_AdmissionAssessmentDimensionFiveSubstanceUse,TASK_COMPLETE,SUCCESS,INFO,315,315,0,,2026-08-23T20:10:41.468Z,2026-08-23T22:16:21.732Z,7540,2026-08-23T22:16:21.732Z,B75,Lawrence,955211d4-28b8-44a0-8023-2bfaa48d6721,SAMMS-LawrenceV6
202608232214222892,202608232010369818,202608232010368283,85,470,Bronze INV,br_AdmissionAssessmentDimensionFiveSubstanceUse,TASK_COMPLETE,SUCCESS,INFO,49,49,0,,2026-08-23T20:10:41.468Z,2026-08-23T22:16:21.732Z,7540,2026-08-23T22:16:21.732Z,B76,Huntsville OBOT,955211d4-28b8-44a0-8023-2bfaa48d6721,SAMMS-Huntsville-OBOT
202608232214222893,202608232010369819,202608232010368283,85,471,Bronze INV,br_AdmissionAssessmentDimensionFiveSubstanceUse,TASK_COMPLETE,SUCCESS,INFO,296,296,0,,2026-08-23T20:10:41.468Z,2026-08-23T22:16:21.732Z,7540,2026-08-23T22:16:21.732Z,BAT,Batesville,955211d4-28b8-44a0-8023-2bfaa48d6721,SAMMS-Batesville
202608232214222895,202608232010369820,202608232010368283,85,472,Bronze INV,br_AdmissionAssessmentDimensionFiveSubstanceUse,TASK_COMPLETE,SUCCESS,INFO,238,238,0,,2026-08-23T20:10:41.468Z,2026-08-23T22:16:21.732Z,7540,2026-08-23T22:16:21.732Z,BG,Bowling Green,955211d4-28b8-44a0-8023-2bfaa48d6721,SAMMS-BowlingGreen
202608232214222896,202608232010369821,202608232010368283,85,473,Bronze INV,br_AdmissionAssessmentDimensionFiveSubstanceUse,TASK_COMPLETE,SUCCESS,INFO,214,214,0,,2026-08-23T20:10:41.468Z,2026-08-23T22:16:21.732Z,7540,2026-08-23T22:16:21.732Z,BOI,Boise,955211d4-28b8-44a0-8023-2bfaa48d6721,SAMMS-Boise
202608232214222897,202608232010369822,202608232010368283,85,480,Bronze INV,br_AdmissionAssessmentDimensionFiveSubstanceUse,TASK_COMPLETE,SUCCESS,INFO,283,283,0,,2026-08-23T20:10:41.468Z,2026-08-23T22:16:21.732Z,7540,2026-08-23T22:16:21.732Z,CBCO,Coeur dAlene,955211d4-28b8-44a0-8023-2bfaa48d6721,SAMMS-CoeurdAleneV6
202608232214222898,202608232010369823,202608232010368283,85,499,Bronze INV,br_AdmissionAssessmentDimensionFiveSubstanceUse,TASK_COMPLETE,SUCCESS,INFO,299,299,0,,2026-08-23T20:10:41.468Z,2026-08-23T22:16:21.732Z,7540,2026-08-23T22:16:21.732Z,CON,Conway,955211d4-28b8-44a0-8023-2bfaa48d6721,SAMMS-Conway
202608232214222899,202608232010369824,202608232010368283,85,500,Bronze INV,br_AdmissionAssessmentDimensionFiveSubstanceUse,TASK_COMPLETE,SUCCESS,INFO,1541,1541,0,,2026-08-23T20:10:41.468Z,2026-08-23T22:16:21.732Z,7540,2026-08-23T22:16:21.732Z,D07,Medical Services Knox TN,955211d4-28b8-44a0-8023-2bfaa48d6721,SAMMS-KnoxvilleV6
202608232214222900,202608232010369825,202608232010368283,85,501,Bronze INV,br_AdmissionAssessmentDimensionFiveSubstanceUse,TASK_COMPLETE,SUCCESS,INFO,950,950,0,,2026-08-23T20:10:41.468Z,2026-08-23T22:16:21.732Z,7540,2026-08-23T22:16:21.732Z,D08,Madison,955211d4-28b8-44a0-8023-2bfaa48d6721,SAMMS-MadisonV6
202608232214222902,202608232010369826,202608232010368283,85,503,Bronze INV,br_AdmissionAssessmentDimensionFiveSubstanceUse,TASK_COMPLETE,SUCCESS,INFO,931,931,0,,2026-08-23T20:10:41.468Z,2026-08-23T22:16:21.732Z,7540,2026-08-23T22:16:21.732Z,D09,Murfreesboro,955211d4-28b8-44a0-8023-2bfaa48d6721,SAMMS-MurfreesboroV6
202608232214222903,202608232010369827,202608232010368283,85,504,Bronze INV,br_AdmissionAssessmentDimensionFiveSubstanceUse,TASK_COMPLETE,SUCCESS,INFO,218,218,0,,2026-08-23T20:10:41.468Z,2026-08-23T22:16:21.732Z,7540,2026-08-23T22:16:21.732Z,DA,Davenport,955211d4-28b8-44a0-8023-2bfaa48d6721,SAMMS-Davenport
202608232214222904,202608232010369828,202608232010368283,85,505,Bronze INV,br_AdmissionAssessmentDimensionFiveSubstanceUse,TASK_COMPLETE,SUCCESS,INFO,351,351,0,,2026-08-23T20:10:41.468Z,2026-08-23T22:16:21.732Z,7540,2026-08-23T22:16:21.732Z,DM,Des Moines,955211d4-28b8-44a0-8023-2bfaa48d6721,SAMMS-DesMoines
202608232214222905,202608232010369829,202608232010368283,85,507,Bronze INV,br_AdmissionAssessmentDimensionFiveSubstanceUse,TASK_COMPLETE,SUCCESS,INFO,470,470,0,,2026-08-23T20:10:41.468Z,2026-08-23T22:16:21.732Z,7540,2026-08-23T22:16:21.732Z,DRD-CO,Columbia MO,955211d4-28b8-44a0-8023-2bfaa48d6721,SAMMS-ColumbiaV5
202608232214222906,202608232010369830,202608232010368283,85,508,Bronze INV,br_AdmissionAssessmentDimensionFiveSubstanceUse,TASK_COMPLETE,SUCCESS,INFO,590,590,0,,2026-08-23T20:10:41.468Z,2026-08-23T22:16:21.732Z,7540,2026-08-23T22:16:21.732Z,DRD-KC,KC,955211d4-28b8-44a0-8023-2bfaa48d6721,SAMMS-KCv5
202608232214222907,202608232010369831,202608232010368283,85,509,Bronze INV,br_AdmissionAssessmentDimensionFiveSubstanceUse,TASK_COMPLETE,SUCCESS,INFO,945,945,0,,2026-08-23T20:10:41.468Z,2026-08-23T22:16:21.732Z,7540,2026-08-23T22:16:21.732Z,DRD-KVB,KVB,955211d4-28b8-44a0-8023-2bfaa48d6721,SAMMS-KVBv5
202608232214222908,202608232010369832,202608232010368283,85,510,Bronze INV,br_AdmissionAssessmentDimensionFiveSubstanceUse,TASK_COMPLETE,SUCCESS,INFO,1564,1564,0,,2026-08-23T20:10:41.468Z,2026-08-23T22:16:21.732Z,7540,2026-08-23T22:16:21.732Z,DRD-KVC,KVC,955211d4-28b8-44a0-8023-2bfaa48d6721,SAMMS-KVCv5
202608232214222910,202608232010369833,202608232010368283,85,511,Bronze INV,br_AdmissionAssessmentDimensionFiveSubstanceUse,TASK_COMPLETE,SUCCESS,INFO,1255,1255,0,,2026-08-23T20:10:41.468Z,2026-08-23T22:16:21.732Z,7540,2026-08-23T22:16:21.732Z,DRD-NOLA,NOLA,955211d4-28b8-44a0-8023-2bfaa48d6721,SAMMS-NOLAv5
202608232214222911,202608232010369834,202608232010368283,85,512,Bronze INV,br_AdmissionAssessmentDimensionFiveSubstanceUse,TASK_COMPLETE,SUCCESS,INFO,733,733,0,,2026-08-23T20:10:41.468Z,2026-08-23T22:16:21.732Z,7540,2026-08-23T22:16:21.732Z,DRD-SF,Springfield,955211d4-28b8-44a0-8023-2bfaa48d6721,SAMMS-SFv5
202608232214222912,202608232010369835,202608232010368283,85,514,Bronze INV,br_AdmissionAssessmentDimensionFiveSubstanceUse,TASK_COMPLETE,SUCCESS,INFO,247,247,0,,2026-08-23T20:10:41.468Z,2026-08-23T22:16:21.732Z,7540,2026-08-23T22:16:21.732Z,ELC,Elizabeth City,955211d4-28b8-44a0-8023-2bfaa48d6721,SAMMS-ElizabethCity
202608232214222913,202608232010369836,202608232010368283,85,515,Bronze INV,br_AdmissionAssessmentDimensionFiveSubstanceUse,TASK_COMPLETE,SUCCESS,INFO,260,260,0,,2026-08-23T20:10:41.468Z,2026-08-23T22:16:21.732Z,7540,2026-08-23T22:16:21.732Z,ET,Elizabethtown,955211d4-28b8-44a0-8023-2bfaa48d6721,SAMMS-Elizabethtown
202608232214222914,202608232010369837,202608232010368283,85,516,Bronze INV,br_AdmissionAssessmentDimensionFiveSubstanceUse,TASK_COMPLETE,SUCCESS,INFO,224,224,0,,2026-08-23T20:10:41.468Z,2026-08-23T22:16:21.732Z,7540,2026-08-23T22:16:21.732Z,FAY,Fayetteville,955211d4-28b8-44a0-8023-2bfaa48d6721,SAMMS-Fayetteville
202608232214222916,202608232010369838,202608232010368283,85,517,Bronze INV,br_AdmissionAssessmentDimensionFiveSubstanceUse,TASK_COMPLETE,SUCCESS,INFO,180,180,0,,2026-08-23T20:10:41.468Z,2026-08-23T22:16:21.732Z,7540,2026-08-23T22:16:21.732Z,FR,Frankfort,955211d4-28b8-44a0-8023-2bfaa48d6721,SAMMS-Frankfort
202608232214222917,202608232010369839,202608232010368283,85,518,Bronze INV,br_AdmissionAssessmentDimensionFiveSubstanceUse,TASK_COMPLETE,SUCCESS,INFO,277,277,0,,2026-08-23T20:10:41.468Z,2026-08-23T22:16:21.732Z,7540,2026-08-23T22:16:21.732Z,FS,Fort Smith,955211d4-28b8-44a0-8023-2bfaa48d6721,SAMMS-FortSmith
202608232214222918,202608232010369840,202608232010368283,85,519,Bronze INV,br_AdmissionAssessmentDimensionFiveSubstanceUse,TASK_COMPLETE,SUCCESS,INFO,677,677,0,,2026-08-23T20:10:41.468Z,2026-08-23T22:16:21.732Z,7540,2026-08-23T22:16:21.732Z,FW,Fort Wayne,955211d4-28b8-44a0-8023-2bfaa48d6721,SAMMS-FortWayne
202608232214222919,202608232010369841,202608232010368283,85,520,Bronze INV,br_AdmissionAssessmentDimensionFiveSubstanceUse,TASK_COMPLETE,SUCCESS,INFO,102,102,0,,2026-08-23T20:10:41.468Z,2026-08-23T22:16:21.732Z,7540,2026-08-23T22:16:21.732Z,GAL,Gaylord,955211d4-28b8-44a0-8023-2bfaa48d6721,SAMMS-Gaylord
202608232214222920,202608232010369842,202608232010368283,85,524,Bronze INV,br_AdmissionAssessmentDimensionFiveSubstanceUse,TASK_COMPLETE,SUCCESS,INFO,612,612,0,,2026-08-23T20:10:41.468Z,2026-08-23T22:16:21.732Z,7540,2026-08-23T22:16:21.732Z,HGT,Hagerstown,955211d4-28b8-44a0-8023-2bfaa48d6721,SAMMS-Hagerstown
202608232214222921,202608232010369843,202608232010368283,85,525,Bronze INV,br_AdmissionAssessmentDimensionFiveSubstanceUse,TASK_COMPLETE,SUCCESS,INFO,463,463,0,,2026-08-23T20:10:41.468Z,2026-08-23T22:16:21.732Z,7540,2026-08-23T22:16:21.732Z,HNT,Huntsville,955211d4-28b8-44a0-8023-2bfaa48d6721,SAMMS-Huntsville
202608232214222922,202608232010369844,202608232010368283,85,526,Bronze INV,br_AdmissionAssessmentDimensionFiveSubstanceUse,TASK_COMPLETE,SUCCESS,INFO,302,302,0,,2026-08-23T20:10:41.468Z,2026-08-23T22:16:21.732Z,7540,2026-08-23T22:16:21.732Z,HS,Hot Springs,955211d4-28b8-44a0-8023-2bfaa48d6721,SAMMS-HotSprings
202608232214222924,202608232010369845,202608232010368283,85,527,Bronze INV,br_AdmissionAssessmentDimensionFiveSubstanceUse,TASK_COMPLETE,SUCCESS,INFO,266,266,0,,2026-08-23T20:10:41.468Z,2026-08-23T22:16:21.732Z,7540,2026-08-23T22:16:21.732Z,JON,Jonesboro,955211d4-28b8-44a0-8023-2bfaa48d6721,SAMMS-Jonesboro
202608232214222925,202608232010369846,202608232010368283,85,529,Bronze INV,br_AdmissionAssessmentDimensionFiveSubstanceUse,TASK_COMPLETE,SUCCESS,INFO,150,150,0,,2026-08-23T20:10:41.468Z,2026-08-23T22:16:21.732Z,7540,2026-08-23T22:16:21.732Z,LAN,Lansing,955211d4-28b8-44a0-8023-2bfaa48d6721,SAMMS-Lansing
202608232214222926,202608232010369847,202608232010368283,85,530,Bronze INV,br_AdmissionAssessmentDimensionFiveSubstanceUse,TASK_COMPLETE,SUCCESS,INFO,429,429,0,,2026-08-23T20:10:41.468Z,2026-08-23T22:16:21.732Z,7540,2026-08-23T22:16:21.732Z,LO,Louisville,955211d4-28b8-44a0-8023-2bfaa48d6721,SAMMS-Louisville
202608232214222927,202608232010369848,202608232010368283,85,531,Bronze INV,br_AdmissionAssessmentDimensionFiveSubstanceUse,TASK_COMPLETE,SUCCESS,INFO,1161,1161,0,,2026-08-23T20:10:41.468Z,2026-08-23T22:16:21.732Z,7540,2026-08-23T22:16:21.732Z,LV1,Cheyenne,955211d4-28b8-44a0-8023-2bfaa48d6721,SAMMS-Cheyenne
202608232214222928,202608232010369849,202608232010368283,85,532,Bronze INV,br_AdmissionAssessmentDimensionFiveSubstanceUse,TASK_COMPLETE,SUCCESS,INFO,928,928,0,,2026-08-23T20:10:41.468Z,2026-08-23T22:16:21.732Z,7540,2026-08-23T22:16:21.732Z,LV2,Desert Inn,955211d4-28b8-44a0-8023-2bfaa48d6721,SAMMS-DesertInn
202608232214222929,202608232010369850,202608232010368283,85,533,Bronze INV,br_AdmissionAssessmentDimensionFiveSubstanceUse,TASK_COMPLETE,SUCCESS,INFO,306,306,0,,2026-08-23T20:10:41.468Z,2026-08-23T22:16:21.732Z,7540,2026-08-23T22:16:21.732Z,LV3,McDaniel,955211d4-28b8-44a0-8023-2bfaa48d6721,SAMMS-McDaniel
202608232214222931,202608232010369851,202608232010368283,85,536,Bronze INV,br_AdmissionAssessmentDimensionFiveSubstanceUse,TASK_COMPLETE,SUCCESS,INFO,269,269,0,,2026-08-23T20:10:41.468Z,2026-08-23T22:16:21.732Z,7540,2026-08-23T22:16:21.732Z,MNRE,Monroe,955211d4-28b8-44a0-8023-2bfaa48d6721,SAMMS-Monroe
202608232214222932,202608232010369852,202608232010368283,85,537,Bronze INV,br_AdmissionAssessmentDimensionFiveSubstanceUse,TASK_COMPLETE,SUCCESS,INFO,120,120,0,,2026-08-23T20:10:41.468Z,2026-08-23T22:16:21.732Z,7540,2026-08-23T22:16:21.732Z,MP,Mt. Pleasant,955211d4-28b8-44a0-8023-2bfaa48d6721,SAMMS-MtPleasant
202608232214222933,202608232010369853,202608232010368283,85,538,Bronze INV,br_AdmissionAssessmentDimensionFiveSubstanceUse,TASK_COMPLETE,SUCCESS,INFO,170,170,0,,2026-08-23T20:10:41.468Z,2026-08-23T22:16:21.732Z,7540,2026-08-23T22:16:21.732Z,MRD,Meridian,955211d4-28b8-44a0-8023-2bfaa48d6721,SAMMS-Meridian
202608232214222934,202608232010369854,202608232010368283,85,543,Bronze INV,br_AdmissionAssessmentDimensionFiveSubstanceUse,TASK_COMPLETE,SUCCESS,INFO,622,622,0,,2026-08-23T20:10:41.468Z,2026-08-23T22:16:21.732Z,7540,2026-08-23T22:16:21.732Z,NC,North Charleston,955211d4-28b8-44a0-8023-2bfaa48d6721,SAMMS-NorthCharleston
202608232214222935,202608232010369855,202608232010368283,85,544,Bronze INV,br_AdmissionAssessmentDimensionFiveSubstanceUse,TASK_COMPLETE,SUCCESS,INFO,561,561,0,,2026-08-23T20:10:41.468Z,2026-08-23T22:16:21.732Z,7540,2026-08-23T22:16:21.732Z,NLR,N. Little Rock,955211d4-28b8-44a0-8023-2bfaa48d6721,SAMMS-NLROBOT
202608232214222936,202608232010369856,202608232010368283,85,545,Bronze INV,br_AdmissionAssessmentDimensionFiveSubstanceUse,TASK_COMPLETE,SUCCESS,INFO,232,232,0,,2026-08-23T20:10:41.468Z,2026-08-23T22:16:21.732Z,7540,2026-08-23T22:16:21.732Z,PH,Phoenix,955211d4-28b8-44a0-8023-2bfaa48d6721,SAMMS-Phoenix
202608232214222938,202608232010369857,202608232010368283,85,549,Bronze INV,br_AdmissionAssessmentDimensionFiveSubstanceUse,TASK_COMPLETE,SUCCESS,INFO,404,404,0,,2026-08-23T20:10:41.468Z,2026-08-23T22:16:21.732Z,7540,2026-08-23T22:16:21.732Z,RE,Reno,955211d4-28b8-44a0-8023-2bfaa48d6721,SAMMS-Reno
202608232214222939,202608232010369858,202608232010368283,85,550,Bronze INV,br_AdmissionAssessmentDimensionFiveSubstanceUse,TASK_COMPLETE,SUCCESS,INFO,386,386,0,,2026-08-23T20:10:41.468Z,2026-08-23T22:16:21.732Z,7540,2026-08-23T22:16:21.732Z,RMD,Richmond,955211d4-28b8-44a0-8023-2bfaa48d6721,SAMMS-Richmond
202608232214222940,202608232010369859,202608232010368283,85,551,Bronze INV,br_AdmissionAssessmentDimensionFiveSubstanceUse,TASK_COMPLETE,SUCCESS,INFO,479,479,0,,2026-08-23T20:10:41.468Z,2026-08-23T22:16:21.732Z,7540,2026-08-23T22:16:21.732Z,SFN,Springfield North,955211d4-28b8-44a0-8023-2bfaa48d6721,SAMMS-SFNv5
202608232214222941,202608232010369860,202608232010368283,85,552,Bronze INV,br_AdmissionAssessmentDimensionFiveSubstanceUse,TASK_COMPLETE,SUCCESS,INFO,444,444,0,,2026-08-23T20:10:41.468Z,2026-08-23T22:16:21.732Z,7540,2026-08-23T22:16:21.732Z,SHP,Shreveport,955211d4-28b8-44a0-8023-2bfaa48d6721,SAMMS-Shreveport
202608232214222942,202608232010369861,202608232010368283,85,554,Bronze INV,br_AdmissionAssessmentDimensionFiveSubstanceUse,TASK_COMPLETE,SUCCESS,INFO,80,80,0,,2026-08-23T20:10:41.468Z,2026-08-23T22:16:21.732Z,7540,2026-08-23T22:16:21.732Z,STN,Staunton,955211d4-28b8-44a0-8023-2bfaa48d6721,SAMMS-Staunton
202608232214222944,202608232010369862,202608232010368283,85,555,Bronze INV,br_AdmissionAssessmentDimensionFiveSubstanceUse,TASK_COMPLETE,SUCCESS,INFO,52,52,0,,2026-08-23T20:10:41.468Z,2026-08-23T22:16:21.732Z,7540,2026-08-23T22:16:21.732Z,STVN,Stevenson,955211d4-28b8-44a0-8023-2bfaa48d6721,SAMMS-Stevenson
202608232214222945,202608232010369863,202608232010368283,85,557,Bronze INV,br_AdmissionAssessmentDimensionFiveSubstanceUse,TASK_COMPLETE,SUCCESS,INFO,70,70,0,,2026-08-23T20:10:41.468Z,2026-08-23T22:16:21.732Z,7540,2026-08-23T22:16:21.732Z,TE,Tempe,955211d4-28b8-44a0-8023-2bfaa48d6721,SAMMS-Tempe
202608232214222946,202608232010369864,202608232010368283,85,558,Bronze INV,br_AdmissionAssessmentDimensionFiveSubstanceUse,TASK_COMPLETE,SUCCESS,INFO,361,361,0,,2026-08-23T20:10:41.468Z,2026-08-23T22:16:21.732Z,7540,2026-08-23T22:16:21.732Z,TEX,Texarkana,955211d4-28b8-44a0-8023-2bfaa48d6721,SAMMS-Texarkana
202608232214222947,202608232010369865,202608232010368283,85,559,Bronze INV,br_AdmissionAssessmentDimensionFiveSubstanceUse,TASK_COMPLETE,SUCCESS,INFO,416,416,0,,2026-08-23T20:10:41.468Z,2026-08-23T22:16:21.732Z,7540,2026-08-23T22:16:21.732Z,TTCA,Bessemer,955211d4-28b8-44a0-8023-2bfaa48d6721,SAMMS-BessemerV5
202608232214222948,202608232010369866,202608232010368283,85,560,Bronze INV,br_AdmissionAssessmentDimensionFiveSubstanceUse,TASK_COMPLETE,SUCCESS,INFO,547,547,0,,2026-08-23T20:10:41.468Z,2026-08-23T22:16:21.732Z,7540,2026-08-23T22:16:21.732Z,TTCB,Cullman,955211d4-28b8-44a0-8023-2bfaa48d6721,SAMMS-CullmanV5
202608232214222949,202608232010369867,202608232010368283,85,561,Bronze INV,br_AdmissionAssessmentDimensionFiveSubstanceUse,TASK_COMPLETE,SUCCESS,INFO,292,292,0,,2026-08-23T20:10:41.468Z,2026-08-23T22:16:21.732Z,7540,2026-08-23T22:16:21.732Z,TTCC,Grand Bay,955211d4-28b8-44a0-8023-2bfaa48d6721,SAMMS-GrandBay
202608232214222951,202608232010369868,202608232010368283,85,562,Bronze INV,br_AdmissionAssessmentDimensionFiveSubstanceUse,TASK_COMPLETE,SUCCESS,INFO,22,22,0,,2026-08-23T20:10:41.468Z,2026-08-23T22:16:21.732Z,7540,2026-08-23T22:16:21.732Z,TU,Tucson,955211d4-28b8-44a0-8023-2bfaa48d6721,SAMMS-Tucson
202608232214222952,202608232010369869,202608232010368283,85,564,Bronze INV,br_AdmissionAssessmentDimensionFiveSubstanceUse,TASK_COMPLETE,SUCCESS,INFO,248,248,0,,2026-08-23T20:10:41.468Z,2026-08-23T22:16:21.732Z,7540,2026-08-23T22:16:21.732Z,V1,Memphis South,955211d4-28b8-44a0-8023-2bfaa48d6721,SAMMS-VCPHCS-I-MemphisV5
202608232214222953,202608232010369870,202608232010368283,85,565,Bronze INV,br_AdmissionAssessmentDimensionFiveSubstanceUse,TASK_COMPLETE,SUCCESS,INFO,689,689,0,,2026-08-23T20:10:41.468Z,2026-08-23T22:16:21.732Z,7540,2026-08-23T22:16:21.732Z,V10,Longmont,955211d4-28b8-44a0-8023-2bfaa48d6721,SAMMS-BoulderV5
202608232214222954,202608232010369871,202608232010368283,85,566,Bronze INV,br_AdmissionAssessmentDimensionFiveSubstanceUse,TASK_COMPLETE,SUCCESS,INFO,1179,1179,0,,2026-08-23T20:10:41.468Z,2026-08-23T22:16:21.732Z,7540,2026-08-23T22:16:21.732Z,V10A,Fort Collins,955211d4-28b8-44a0-8023-2bfaa48d6721,SAMMS-FortCollinsV5
202608232214222955,202608232010369872,202608232010368283,85,567,Bronze INV,br_AdmissionAssessmentDimensionFiveSubstanceUse,TASK_COMPLETE,SUCCESS,INFO,978,978,0,,2026-08-23T20:10:41.468Z,2026-08-23T22:16:21.732Z,7540,2026-08-23T22:16:21.732Z,V11,Westminster,955211d4-28b8-44a0-8023-2bfaa48d6721,SAMMS-VCPHCS-XI-NorthDenverV5
202608232214222956,202608232010369873,202608232010368283,85,568,Bronze INV,br_AdmissionAssessmentDimensionFiveSubstanceUse,TASK_COMPLETE,SUCCESS,INFO,1050,1050,0,,2026-08-23T20:10:41.468Z,2026-08-23T22:16:21.732Z,7540,2026-08-23T22:16:21.732Z,V12,Downtown Denver,955211d4-28b8-44a0-8023-2bfaa48d6721,SAMMS-VCPHCS-XII-DowntownDenverV5
202608232214222958,202608232010369874,202608232010368283,85,569,Bronze INV,br_AdmissionAssessmentDimensionFiveSubstanceUse,TASK_COMPLETE,SUCCESS,INFO,474,474,0,,2026-08-23T20:10:41.468Z,2026-08-23T22:16:21.732Z,7540,2026-08-23T22:16:21.732Z,V12A,Centennial,955211d4-28b8-44a0-8023-2bfaa48d6721,SAMMS-CentennialV5
202608232214222959,202608232010369875,202608232010368283,85,570,Bronze INV,br_AdmissionAssessmentDimensionFiveSubstanceUse,TASK_COMPLETE,SUCCESS,INFO,290,290,0,,2026-08-23T20:10:41.468Z,2026-08-23T22:16:21.732Z,7540,2026-08-23T22:16:21.732Z,V14,Overland Park,955211d4-28b8-44a0-8023-2bfaa48d6721,SAMMS-VCPHCS-XIV-BridgewayV5
202608232214222960,202608232010369876,202608232010368283,85,571,Bronze INV,br_AdmissionAssessmentDimensionFiveSubstanceUse,TASK_COMPLETE,SUCCESS,INFO,560,560,0,,2026-08-23T20:10:41.468Z,2026-08-23T22:16:21.732Z,7540,2026-08-23T22:16:21.732Z,V15,Joplin,955211d4-28b8-44a0-8023-2bfaa48d6721,SAMMS-JoplinV5
202608232214222961,202608232010369877,202608232010368283,85,573,Bronze INV,br_AdmissionAssessmentDimensionFiveSubstanceUse,TASK_COMPLETE,SUCCESS,INFO,469,469,0,,2026-08-23T20:10:41.468Z,2026-08-23T22:16:21.732Z,7540,2026-08-23T22:16:21.732Z,V17,Columbia TN,955211d4-28b8-44a0-8023-2bfaa48d6721,SAMMS-ColumbiaTNv5
202608232214222962,202608232010369878,202608232010368283,85,575,Bronze INV,br_AdmissionAssessmentDimensionFiveSubstanceUse,TASK_COMPLETE,SUCCESS,INFO,411,411,0,,2026-08-23T20:10:41.468Z,2026-08-23T22:16:21.732Z,7540,2026-08-23T22:16:21.732Z,V19,Jackson,955211d4-28b8-44a0-8023-2bfaa48d6721,SAMMS-JacksonV5
202608232214222963,202608232010369879,202608232010368283,85,577,Bronze INV,br_AdmissionAssessmentDimensionFiveSubstanceUse,TASK_COMPLETE,SUCCESS,INFO,476,476,0,,2026-08-23T20:10:41.468Z,2026-08-23T22:16:21.732Z,7540,2026-08-23T22:16:21.732Z,V20,Paris,955211d4-28b8-44a0-8023-2bfaa48d6721,SAMMS-ParisV5
202608232214222965,202608232010369880,202608232010368283,85,578,Bronze INV,br_AdmissionAssessmentDimensionFiveSubstanceUse,TASK_COMPLETE,SUCCESS,INFO,353,353,0,,2026-08-23T20:10:41.468Z,2026-08-23T22:16:21.732Z,7540,2026-08-23T22:16:21.732Z,V21,Memphis North,955211d4-28b8-44a0-8023-2bfaa48d6721,SAMMS-RaleighV5
202608232214222966,202608232010369881,202608232010368283,85,581,Bronze INV,br_AdmissionAssessmentDimensionFiveSubstanceUse,TASK_COMPLETE,SUCCESS,INFO,698,698,0,,2026-08-23T20:10:41.468Z,2026-08-23T22:16:21.732Z,7540,2026-08-23T22:16:21.732Z,V5,West Bank,955211d4-28b8-44a0-8023-2bfaa48d6721,SAMMS-NONTCv5
202608232214222967,202608232010369882,202608232010368283,85,583,Bronze INV,br_AdmissionAssessmentDimensionFiveSubstanceUse,TASK_COMPLETE,SUCCESS,INFO,252,252,0,,2026-08-23T20:10:41.468Z,2026-08-23T22:16:21.732Z,7540,2026-08-23T22:16:21.732Z,V5B,Houma,955211d4-28b8-44a0-8023-2bfaa48d6721,SAMMS-HoumaV6
202608232214222968,202608232010369883,202608232010368283,85,584,Bronze INV,br_AdmissionAssessmentDimensionFiveSubstanceUse,TASK_COMPLETE,SUCCESS,INFO,951,951,0,,2026-08-23T20:10:41.468Z,2026-08-23T22:16:21.732Z,7540,2026-08-23T22:16:21.732Z,V6,Lake Charles,955211d4-28b8-44a0-8023-2bfaa48d6721,SAMMS-LCv5
202608232214222969,202608232010369884,202608232010368283,85,586,Bronze INV,br_AdmissionAssessmentDimensionFiveSubstanceUse,TASK_COMPLETE,SUCCESS,INFO,559,559,0,,2026-08-23T20:10:41.468Z,2026-08-23T22:16:21.732Z,7540,2026-08-23T22:16:21.732Z,V8,Memphis Midtown,955211d4-28b8-44a0-8023-2bfaa48d6721,SAMMS-VCPHCS-VIII-MemphisV5
202608232214222970,202608232010369885,202608232010368283,85,587,Bronze INV,br_AdmissionAssessmentDimensionFiveSubstanceUse,TASK_COMPLETE,SUCCESS,INFO,1561,1561,0,,2026-08-23T20:10:41.468Z,2026-08-23T22:16:21.732Z,7540,2026-08-23T22:16:21.732Z,V9,Nashville,955211d4-28b8-44a0-8023-2bfaa48d6721,SAMMS-NashvilleV5
202608232214222971,202608232010369886,202608232010368283,85,588,Bronze INV,br_AdmissionAssessmentDimensionFiveSubstanceUse,TASK_COMPLETE,SUCCESS,INFO,331,331,0,,2026-08-23T20:10:41.468Z,2026-08-23T22:16:21.732Z,7540,2026-08-23T22:16:21.732Z,VBRA,Brainerd,955211d4-28b8-44a0-8023-2bfaa48d6721,SAMMS-BrainerdV6
202608232214222973,202608232010369887,202608232010368283,85,589,Bronze INV,br_AdmissionAssessmentDimensionFiveSubstanceUse,TASK_COMPLETE,SUCCESS,INFO,587,587,0,,2026-08-23T20:10:41.468Z,2026-08-23T22:16:21.732Z,7540,2026-08-23T22:16:21.732Z,VBRP,Brooklyn Park,955211d4-28b8-44a0-8023-2bfaa48d6721,SAMMS-BrooklynParkV6
202608232214222974,202608232010369888,202608232010368283,85,591,Bronze INV,br_AdmissionAssessmentDimensionFiveSubstanceUse,TASK_COMPLETE,SUCCESS,INFO,573,573,0,,2026-08-23T20:10:41.468Z,2026-08-23T22:16:21.732Z,7540,2026-08-23T22:16:21.732Z,VMIN,Minneapolis,955211d4-28b8-44a0-8023-2bfaa48d6721,SAMMS-MinneapolisV6
202608252121596898,202608251925574693,202608251925573776,85,410,Bronze INV,br_AdmissionAssessment,TASK_COMPLETE,SUCCESS,INFO,115,115,0,,2026-08-25T19:26:03.177Z,2026-08-25T21:23:56.829Z,7073,2026-08-25T21:23:56.829Z,WIL,Wilson,7eb7a049-5d17-4a23-bb2f-3b9c445afd32,SAMMS-Wilson
202608252121596999,202608251925673777,202608251925673776,86,5720,Silver INV,sl_AdmissionAssessment,TASK_COMPLETE,SUCCESS,INFO,12342,12342,0,,2026-08-25T19:26:03.177Z,2026-08-25T21:23:56.829Z,7073,2026-08-25T21:23:56.829Z,,,7eb7a049-5d17-4a23-bb2f-3b9c445afd32,
202608252121596930,202608251925575269,202608251925573776,85,414,Bronze INV,br_AdmissionAssessmentDimensionFiveSubstanceUse,TASK_COMPLETE,SUCCESS,INFO,97,97,0,,2026-08-25T19:26:03.177Z,2026-08-25T21:23:56.829Z,7073,2026-08-25T21:23:56.829Z,AHK,Ahoskie,7eb7a049-5d17-4a23-bb2f-3b9c445afd32,SAMMS-Ahoskie
202608252121596931,202608251925575270,202608251925573776,85,415,Bronze INV,br_AdmissionAssessmentDimensionFiveSubstanceUse,TASK_COMPLETE,SUCCESS,INFO,786,786,0,,2026-08-25T19:26:03.177Z,2026-08-25T21:23:56.829Z,7073,2026-08-25T21:23:56.829Z,B12B,Colorado Springs,7eb7a049-5d17-4a23-bb2f-3b9c445afd32,SAMMS-ColoradoSpringsV5
202608252121596932,202608251925575271,202608251925573776,85,416,Bronze INV,br_AdmissionAssessmentDimensionFiveSubstanceUse,TASK_COMPLETE,SUCCESS,INFO,412,412,0,,2026-08-25T19:26:03.177Z,2026-08-25T21:23:56.829Z,7073,2026-08-25T21:23:56.829Z,B24,Paintsville,7eb7a049-5d17-4a23-bb2f-3b9c445afd32,SAMMS-PaintsvilleV5
202608252121596934,202608251925575272,202608251925573776,85,417,Bronze INV,br_AdmissionAssessmentDimensionFiveSubstanceUse,TASK_COMPLETE,SUCCESS,INFO,171,171,0,,2026-08-25T19:26:03.177Z,2026-08-25T21:23:56.829Z,7073,2026-08-25T21:23:56.829Z,B25,Pikeville,7eb7a049-5d17-4a23-bb2f-3b9c445afd32,SAMMS-PikevilleV5
202608252121596935,202608251925575273,202608251925573776,85,418,Bronze INV,br_AdmissionAssessmentDimensionFiveSubstanceUse,TASK_COMPLETE,SUCCESS,INFO,493,493,0,,2026-08-25T19:26:03.177Z,2026-08-25T21:23:56.829Z,7073,2026-08-25T21:23:56.829Z,B26,Hazard,7eb7a049-5d17-4a23-bb2f-3b9c445afd32,SAMMS-HazardV5
202608252121596936,202608251925575274,202608251925573776,85,419,Bronze INV,br_AdmissionAssessmentDimensionFiveSubstanceUse,TASK_COMPLETE,SUCCESS,INFO,189,189,0,,2026-08-25T19:26:03.177Z,2026-08-25T21:23:56.829Z,7073,2026-08-25T21:23:56.829Z,B27,Savannah,7eb7a049-5d17-4a23-bb2f-3b9c445afd32,SAMMS-SavannahV6
202608252121596937,202608251925575275,202608251925573776,85,420,Bronze INV,br_AdmissionAssessmentDimensionFiveSubstanceUse,TASK_COMPLETE,SUCCESS,INFO,235,235,0,,2026-08-25T19:26:03.177Z,2026-08-25T21:23:56.829Z,7073,2026-08-25T21:23:56.829Z,B28,West Plains,7eb7a049-5d17-4a23-bb2f-3b9c445afd32,SAMMS-WestPlainesV5
202608252121596938,202608251925575276,202608251925573776,85,421,Bronze INV,br_AdmissionAssessmentDimensionFiveSubstanceUse,TASK_COMPLETE,SUCCESS,INFO,260,260,0,,2026-08-25T19:26:03.177Z,2026-08-25T21:23:56.829Z,7073,2026-08-25T21:23:56.829Z,B29,Poplar Bluff,7eb7a049-5d17-4a23-bb2f-3b9c445afd32,SAMMS-PoplarBluffV5
202608252121596939,202608251925575277,202608251925573776,85,422,Bronze INV,br_AdmissionAssessmentDimensionFiveSubstanceUse,TASK_COMPLETE,SUCCESS,INFO,139,139,0,,2026-08-25T19:26:03.177Z,2026-08-25T21:23:56.829Z,7073,2026-08-25T21:23:56.829Z,B30,KC North,7eb7a049-5d17-4a23-bb2f-3b9c445afd32,SAMMS-KCNv5
202608252121596941,202608251925575278,202608251925573776,85,423,Bronze INV,br_AdmissionAssessmentDimensionFiveSubstanceUse,TASK_COMPLETE,SUCCESS,INFO,333,333,0,,2026-08-25T19:26:03.177Z,2026-08-25T21:23:56.829Z,7073,2026-08-25T21:23:56.829Z,B31,Dyersburg,7eb7a049-5d17-4a23-bb2f-3b9c445afd32,SAMMS-DyersburgV5
202608252121596942,202608251925575279,202608251925573776,85,425,Bronze INV,br_AdmissionAssessmentDimensionFiveSubstanceUse,TASK_COMPLETE,SUCCESS,INFO,211,211,0,,2026-08-25T19:26:03.177Z,2026-08-25T21:23:56.829Z,7073,2026-08-25T21:23:56.829Z,B33,Paducah,7eb7a049-5d17-4a23-bb2f-3b9c445afd32,SAMMS-Paducah
202608252121596943,202608251925575280,202608251925573776,85,426,Bronze INV,br_AdmissionAssessmentDimensionFiveSubstanceUse,TASK_COMPLETE,SUCCESS,INFO,448,448,0,,2026-08-25T19:26:03.177Z,2026-08-25T21:23:56.829Z,7073,2026-08-25T21:23:56.829Z,B34,Corbin,7eb7a049-5d17-4a23-bb2f-3b9c445afd32,SAMMS-CorbinV5
202608252121596944,202608251925575281,202608251925573776,85,427,Bronze INV,br_AdmissionAssessmentDimensionFiveSubstanceUse,TASK_COMPLETE,SUCCESS,INFO,711,711,0,,2026-08-25T19:26:03.177Z,2026-08-25T21:23:56.829Z,7073,2026-08-25T21:23:56.829Z,B35,Lexington,7eb7a049-5d17-4a23-bb2f-3b9c445afd32,SAMMS-LexingtonV5
202608252121596945,202608251925575282,202608251925573776,85,428,Bronze INV,br_AdmissionAssessmentDimensionFiveSubstanceUse,TASK_COMPLETE,SUCCESS,INFO,347,347,0,,2026-08-25T19:26:03.177Z,2026-08-25T21:23:56.829Z,7073,2026-08-25T21:23:56.829Z,B35A,Berea,7eb7a049-5d17-4a23-bb2f-3b9c445afd32,SAMMS-BereaV5
202608252121596946,202608251925575283,202608251925573776,85,429,Bronze INV,br_AdmissionAssessmentDimensionFiveSubstanceUse,TASK_COMPLETE,SUCCESS,INFO,600,600,0,,2026-08-25T19:26:03.177Z,2026-08-25T21:23:56.829Z,7073,2026-08-25T21:23:56.829Z,B36,Asheville,7eb7a049-5d17-4a23-bb2f-3b9c445afd32,SAMMS-AshevilleV5
202608252121596948,202608251925575284,202608251925573776,85,430,Bronze INV,br_AdmissionAssessmentDimensionFiveSubstanceUse,TASK_COMPLETE,SUCCESS,INFO,444,444,0,,2026-08-25T19:26:03.177Z,2026-08-25T21:23:56.829Z,7073,2026-08-25T21:23:56.829Z,B37,Clyde,7eb7a049-5d17-4a23-bb2f-3b9c445afd32,SAMMS-ClydeV5
202608252121596949,202608251925575285,202608251925573776,85,431,Bronze INV,br_AdmissionAssessmentDimensionFiveSubstanceUse,TASK_COMPLETE,SUCCESS,INFO,632,632,0,,2026-08-25T19:26:03.177Z,2026-08-25T21:23:56.829Z,7073,2026-08-25T21:23:56.829Z,B38,Spartanburg,7eb7a049-5d17-4a23-bb2f-3b9c445afd32,SAMMS-SpartanburgV5
202608252121596950,202608251925575286,202608251925573776,85,432,Bronze INV,br_AdmissionAssessmentDimensionFiveSubstanceUse,TASK_COMPLETE,SUCCESS,INFO,475,475,0,,2026-08-25T19:26:03.177Z,2026-08-25T21:23:56.829Z,7073,2026-08-25T21:23:56.829Z,B39,Aiken,7eb7a049-5d17-4a23-bb2f-3b9c445afd32,SAMMS-AikenV5
202608252121596951,202608251925575287,202608251925573776,85,433,Bronze INV,br_AdmissionAssessmentDimensionFiveSubstanceUse,TASK_COMPLETE,SUCCESS,INFO,289,289,0,,2026-08-25T19:26:03.177Z,2026-08-25T21:23:56.829Z,7073,2026-08-25T21:23:56.829Z,B41,Chesapeake,7eb7a049-5d17-4a23-bb2f-3b9c445afd32,SAMMS-ChesapeakeV5
202608252121596952,202608251925575288,202608251925573776,85,434,Bronze INV,br_AdmissionAssessmentDimensionFiveSubstanceUse,TASK_COMPLETE,SUCCESS,INFO,534,534,0,,2026-08-25T19:26:03.177Z,2026-08-25T21:23:56.829Z,7073,2026-08-25T21:23:56.829Z,B42,Virginia Beach,7eb7a049-5d17-4a23-bb2f-3b9c445afd32,SAMMS-VirginiaBeachV5
202608252121596953,202608251925575289,202608251925573776,85,435,Bronze INV,br_AdmissionAssessmentDimensionFiveSubstanceUse,TASK_COMPLETE,SUCCESS,INFO,161,161,0,,2026-08-25T19:26:03.177Z,2026-08-25T21:23:56.829Z,7073,2026-08-25T21:23:56.829Z,B42A,Newport News,7eb7a049-5d17-4a23-bb2f-3b9c445afd32,SAMMS-NewportNewsV5
202608252121596955,202608251925575290,202608251925573776,85,436,Bronze INV,br_AdmissionAssessmentDimensionFiveSubstanceUse,TASK_COMPLETE,SUCCESS,INFO,54,54,0,,2026-08-25T19:26:03.177Z,2026-08-25T21:23:56.829Z,7073,2026-08-25T21:23:56.829Z,B42B,Franklin,7eb7a049-5d17-4a23-bb2f-3b9c445afd32,SAMMS-FranklinV5
202608252121596956,202608251925575291,202608251925573776,85,437,Bronze INV,br_AdmissionAssessmentDimensionFiveSubstanceUse,TASK_COMPLETE,SUCCESS,INFO,334,334,0,,2026-08-25T19:26:03.177Z,2026-08-25T21:23:56.829Z,7073,2026-08-25T21:23:56.829Z,B42C,Glen Allen,7eb7a049-5d17-4a23-bb2f-3b9c445afd32,SAMMS-GlenAllenV5
202608252121596957,202608251925575292,202608251925573776,85,438,Bronze INV,br_AdmissionAssessmentDimensionFiveSubstanceUse,TASK_COMPLETE,SUCCESS,INFO,166,166,0,,2026-08-25T19:26:03.177Z,2026-08-25T21:23:56.829Z,7073,2026-08-25T21:23:56.829Z,B42D,Chesapeake South,7eb7a049-5d17-4a23-bb2f-3b9c445afd32,SAMMS-ChesapeakeSouthV5
202608252121596958,202608251925575293,202608251925573776,85,439,Bronze INV,br_AdmissionAssessmentDimensionFiveSubstanceUse,TASK_COMPLETE,SUCCESS,INFO,205,205,0,,2026-08-25T19:26:03.177Z,2026-08-25T21:23:56.829Z,7073,2026-08-25T21:23:56.829Z,B44,Albany,7eb7a049-5d17-4a23-bb2f-3b9c445afd32,SAMMS-AlbanyV5
202608252121596959,202608251925575294,202608251925573776,85,440,Bronze INV,br_AdmissionAssessmentDimensionFiveSubstanceUse,TASK_COMPLETE,SUCCESS,INFO,306,306,0,,2026-08-25T19:26:03.177Z,2026-08-25T21:23:56.829Z,7073,2026-08-25T21:23:56.829Z,B45,Tifton,7eb7a049-5d17-4a23-bb2f-3b9c445afd32,SAMMS-TiftonV5
202608252121596960,202608251925575295,202608251925573776,85,441,Bronze INV,br_AdmissionAssessmentDimensionFiveSubstanceUse,TASK_COMPLETE,SUCCESS,INFO,656,656,0,,2026-08-25T19:26:03.177Z,2026-08-25T21:23:56.829Z,7073,2026-08-25T21:23:56.829Z,B46,Washington DC,7eb7a049-5d17-4a23-bb2f-3b9c445afd32,SAMMS-WashingtonDCv5
202608252121596962,202608251925575296,202608251925573776,85,442,Bronze INV,br_AdmissionAssessmentDimensionFiveSubstanceUse,TASK_COMPLETE,SUCCESS,INFO,351,351,0,,2026-08-25T19:26:03.177Z,2026-08-25T21:23:56.829Z,7073,2026-08-25T21:23:56.829Z,B47,Mobile,7eb7a049-5d17-4a23-bb2f-3b9c445afd32,SAMMS-MobileV5
202608252121596963,202608251925575297,202608251925573776,85,443,Bronze INV,br_AdmissionAssessmentDimensionFiveSubstanceUse,TASK_COMPLETE,SUCCESS,INFO,446,446,0,,2026-08-25T19:26:03.177Z,2026-08-25T21:23:56.829Z,7073,2026-08-25T21:23:56.829Z,B48,Tuscaloosa,7eb7a049-5d17-4a23-bb2f-3b9c445afd32,SAMMS-TuscaloosaV5
202608252121596964,202608251925575298,202608251925573776,85,452,Bronze INV,br_AdmissionAssessmentDimensionFiveSubstanceUse,TASK_COMPLETE,SUCCESS,INFO,310,310,0,,2026-08-25T19:26:03.177Z,2026-08-25T21:23:56.829Z,7073,2026-08-25T21:23:56.829Z,B51,N. Little Rock (OTP),7eb7a049-5d17-4a23-bb2f-3b9c445afd32,SAMMS-NorthLittleRockV6
202608252121596965,202608251925575299,202608251925573776,85,453,Bronze INV,br_AdmissionAssessmentDimensionFiveSubstanceUse,TASK_COMPLETE,SUCCESS,INFO,154,154,0,,2026-08-25T19:26:03.177Z,2026-08-25T21:23:56.829Z,7073,2026-08-25T21:23:56.829Z,B52,Jackson GA,7eb7a049-5d17-4a23-bb2f-3b9c445afd32,SAMMS-JacksonGAV5
202608252121596966,202608251925575300,202608251925573776,85,454,Bronze INV,br_AdmissionAssessmentDimensionFiveSubstanceUse,TASK_COMPLETE,SUCCESS,INFO,468,468,0,,2026-08-25T19:26:03.177Z,2026-08-25T21:23:56.829Z,7073,2026-08-25T21:23:56.829Z,B54,Gadsden,7eb7a049-5d17-4a23-bb2f-3b9c445afd32,SAMMS-GadsdenV5
202608252121596967,202608251925575301,202608251925573776,85,455,Bronze INV,br_AdmissionAssessmentDimensionFiveSubstanceUse,TASK_COMPLETE,SUCCESS,INFO,479,479,0,,2026-08-25T19:26:03.177Z,2026-08-25T21:23:56.829Z,7073,2026-08-25T21:23:56.829Z,B55,Shoals,7eb7a049-5d17-4a23-bb2f-3b9c445afd32,SAMMS-ShoalsV5
202608252121596968,202608251925575302,202608251925573776,85,456,Bronze INV,br_AdmissionAssessmentDimensionFiveSubstanceUse,TASK_COMPLETE,SUCCESS,INFO,170,170,0,,2026-08-25T19:26:03.177Z,2026-08-25T21:23:56.829Z,7073,2026-08-25T21:23:56.829Z,B57,Pawtucket,7eb7a049-5d17-4a23-bb2f-3b9c445afd32,SAMMS-Pawtucket
202608252121596970,202608251925575303,202608251925573776,85,457,Bronze INV,br_AdmissionAssessmentDimensionFiveSubstanceUse,TASK_COMPLETE,SUCCESS,INFO,167,167,0,,2026-08-25T19:26:03.177Z,2026-08-25T21:23:56.829Z,7073,2026-08-25T21:23:56.829Z,B57A,Johnston,7eb7a049-5d17-4a23-bb2f-3b9c445afd32,SAMMS-Johnston
202608252121596971,202608251925575304,202608251925573776,85,458,Bronze INV,br_AdmissionAssessmentDimensionFiveSubstanceUse,TASK_COMPLETE,SUCCESS,INFO,86,86,0,,2026-08-25T19:26:03.177Z,2026-08-25T21:23:56.829Z,7073,2026-08-25T21:23:56.829Z,B57B,Middletown,7eb7a049-5d17-4a23-bb2f-3b9c445afd32,SAMMS-Middletown
202608252121596972,202608251925575305,202608251925573776,85,459,Bronze INV,br_AdmissionAssessmentDimensionFiveSubstanceUse,TASK_COMPLETE,SUCCESS,INFO,175,175,0,,2026-08-25T19:26:03.177Z,2026-08-25T21:23:56.829Z,7073,2026-08-25T21:23:56.829Z,B57C,Providence,7eb7a049-5d17-4a23-bb2f-3b9c445afd32,SAMMS-Providence
202608252121596973,202608251925575306,202608251925573776,85,460,Bronze INV,br_AdmissionAssessmentDimensionFiveSubstanceUse,TASK_COMPLETE,SUCCESS,INFO,252,252,0,,2026-08-25T19:26:03.177Z,2026-08-25T21:23:56.829Z,7073,2026-08-25T21:23:56.829Z,B57D,Westerly,7eb7a049-5d17-4a23-bb2f-3b9c445afd32,SAMMS-Westerly
202608252121596974,202608251925575307,202608251925573776,85,464,Bronze INV,br_AdmissionAssessmentDimensionFiveSubstanceUse,TASK_COMPLETE,SUCCESS,INFO,363,363,0,,2026-08-25T19:26:03.177Z,2026-08-25T21:23:56.829Z,7073,2026-08-25T21:23:56.829Z,B66A,Bremen,7eb7a049-5d17-4a23-bb2f-3b9c445afd32,SAMMS-Bremen
202608252121596975,202608251925575308,202608251925573776,85,467,Bronze INV,br_AdmissionAssessmentDimensionFiveSubstanceUse,TASK_COMPLETE,SUCCESS,INFO,12,12,0,,2026-08-25T19:26:03.177Z,2026-08-25T21:23:56.829Z,7073,2026-08-25T21:23:56.829Z,B72,Mobile (OBOT),7eb7a049-5d17-4a23-bb2f-3b9c445afd32,SAMMS-Mobile-OBOT
202608252121596977,202608251925575309,202608251925573776,85,468,Bronze INV,br_AdmissionAssessmentDimensionFiveSubstanceUse,TASK_COMPLETE,SUCCESS,INFO,2,2,0,,2026-08-25T19:26:03.177Z,2026-08-25T21:23:56.829Z,7073,2026-08-25T21:23:56.829Z,B73,Montgomery,7eb7a049-5d17-4a23-bb2f-3b9c445afd32,SAMMS-Montgomery
202608252121596978,202608251925575310,202608251925573776,85,469,Bronze INV,br_AdmissionAssessmentDimensionFiveSubstanceUse,TASK_COMPLETE,SUCCESS,INFO,316,316,0,,2026-08-25T19:26:03.177Z,2026-08-25T21:23:56.829Z,7073,2026-08-25T21:23:56.829Z,B75,Lawrence,7eb7a049-5d17-4a23-bb2f-3b9c445afd32,SAMMS-LawrenceV6
202608252121596979,202608251925575311,202608251925573776,85,470,Bronze INV,br_AdmissionAssessmentDimensionFiveSubstanceUse,TASK_COMPLETE,SUCCESS,INFO,49,49,0,,2026-08-25T19:26:03.177Z,2026-08-25T21:23:56.829Z,7073,2026-08-25T21:23:56.829Z,B76,Huntsville OBOT,7eb7a049-5d17-4a23-bb2f-3b9c445afd32,SAMMS-Huntsville-OBOT
202608252121596980,202608251925575312,202608251925573776,85,471,Bronze INV,br_AdmissionAssessmentDimensionFiveSubstanceUse,TASK_COMPLETE,SUCCESS,INFO,299,299,0,,2026-08-25T19:26:03.177Z,2026-08-25T21:23:56.829Z,7073,2026-08-25T21:23:56.829Z,BAT,Batesville,7eb7a049-5d17-4a23-bb2f-3b9c445afd32,SAMMS-Batesville
202608252121596981,202608251925575313,202608251925573776,85,472,Bronze INV,br_AdmissionAssessmentDimensionFiveSubstanceUse,TASK_COMPLETE,SUCCESS,INFO,238,238,0,,2026-08-25T19:26:03.177Z,2026-08-25T21:23:56.829Z,7073,2026-08-25T21:23:56.829Z,BG,Bowling Green,7eb7a049-5d17-4a23-bb2f-3b9c445afd32,SAMMS-BowlingGreen
202608252121596982,202608251925575314,202608251925573776,85,473,Bronze INV,br_AdmissionAssessmentDimensionFiveSubstanceUse,TASK_COMPLETE,SUCCESS,INFO,214,214,0,,2026-08-25T19:26:03.177Z,2026-08-25T21:23:56.829Z,7073,2026-08-25T21:23:56.829Z,BOI,Boise,7eb7a049-5d17-4a23-bb2f-3b9c445afd32,SAMMS-Boise
202608252121596984,202608251925575315,202608251925573776,85,480,Bronze INV,br_AdmissionAssessmentDimensionFiveSubstanceUse,TASK_COMPLETE,SUCCESS,INFO,283,283,0,,2026-08-25T19:26:03.177Z,2026-08-25T21:23:56.829Z,7073,2026-08-25T21:23:56.829Z,CBCO,Coeur dAlene,7eb7a049-5d17-4a23-bb2f-3b9c445afd32,SAMMS-CoeurdAleneV6
202608252121596985,202608251925575316,202608251925573776,85,499,Bronze INV,br_AdmissionAssessmentDimensionFiveSubstanceUse,TASK_COMPLETE,SUCCESS,INFO,300,300,0,,2026-08-25T19:26:03.177Z,2026-08-25T21:23:56.829Z,7073,2026-08-25T21:23:56.829Z,CON,Conway,7eb7a049-5d17-4a23-bb2f-3b9c445afd32,SAMMS-Conway
202608252121596986,202608251925575317,202608251925573776,85,500,Bronze INV,br_AdmissionAssessmentDimensionFiveSubstanceUse,TASK_COMPLETE,SUCCESS,INFO,1541,1541,0,,2026-08-25T19:26:03.177Z,2026-08-25T21:23:56.829Z,7073,2026-08-25T21:23:56.829Z,D07,Medical Services Knox TN,7eb7a049-5d17-4a23-bb2f-3b9c445afd32,SAMMS-KnoxvilleV6
202608252121596987,202608251925575318,202608251925573776,85,501,Bronze INV,br_AdmissionAssessmentDimensionFiveSubstanceUse,TASK_COMPLETE,SUCCESS,INFO,951,951,0,,2026-08-25T19:26:03.177Z,2026-08-25T21:23:56.829Z,7073,2026-08-25T21:23:56.829Z,D08,Madison,7eb7a049-5d17-4a23-bb2f-3b9c445afd32,SAMMS-MadisonV6
202608252121596988,202608251925575319,202608251925573776,85,503,Bronze INV,br_AdmissionAssessmentDimensionFiveSubstanceUse,TASK_COMPLETE,SUCCESS,INFO,931,931,0,,2026-08-25T19:26:03.177Z,2026-08-25T21:23:56.829Z,7073,2026-08-25T21:23:56.829Z,D09,Murfreesboro,7eb7a049-5d17-4a23-bb2f-3b9c445afd32,SAMMS-MurfreesboroV6
202608252121596989,202608251925575320,202608251925573776,85,504,Bronze INV,br_AdmissionAssessmentDimensionFiveSubstanceUse,TASK_COMPLETE,SUCCESS,INFO,219,219,0,,2026-08-25T19:26:03.177Z,2026-08-25T21:23:56.829Z,7073,2026-08-25T21:23:56.829Z,DA,Davenport,7eb7a049-5d17-4a23-bb2f-3b9c445afd32,SAMMS-Davenport
202608252121596991,202608251925575321,202608251925573776,85,505,Bronze INV,br_AdmissionAssessmentDimensionFiveSubstanceUse,TASK_COMPLETE,SUCCESS,INFO,352,352,0,,2026-08-25T19:26:03.177Z,2026-08-25T21:23:56.829Z,7073,2026-08-25T21:23:56.829Z,DM,Des Moines,7eb7a049-5d17-4a23-bb2f-3b9c445afd32,SAMMS-DesMoines
202608252121596992,202608251925575322,202608251925573776,85,507,Bronze INV,br_AdmissionAssessmentDimensionFiveSubstanceUse,TASK_COMPLETE,SUCCESS,INFO,471,471,0,,2026-08-25T19:26:03.177Z,2026-08-25T21:23:56.829Z,7073,2026-08-25T21:23:56.829Z,DRD-CO,Columbia MO,7eb7a049-5d17-4a23-bb2f-3b9c445afd32,SAMMS-ColumbiaV5
202608252121596993,202608251925575323,202608251925573776,85,508,Bronze INV,br_AdmissionAssessmentDimensionFiveSubstanceUse,TASK_COMPLETE,SUCCESS,INFO,590,590,0,,2026-08-25T19:26:03.177Z,2026-08-25T21:23:56.829Z,7073,2026-08-25T21:23:56.829Z,DRD-KC,KC,7eb7a049-5d17-4a23-bb2f-3b9c445afd32,SAMMS-KCv5
202608252121596994,202608251925575324,202608251925573776,85,509,Bronze INV,br_AdmissionAssessmentDimensionFiveSubstanceUse,TASK_COMPLETE,SUCCESS,INFO,946,946,0,,2026-08-25T19:26:03.177Z,2026-08-25T21:23:56.829Z,7073,2026-08-25T21:23:56.829Z,DRD-KVB,KVB,7eb7a049-5d17-4a23-bb2f-3b9c445afd32,SAMMS-KVBv5
202608252121596995,202608251925575325,202608251925573776,85,510,Bronze INV,br_AdmissionAssessmentDimensionFiveSubstanceUse,TASK_COMPLETE,SUCCESS,INFO,1566,1566,0,,2026-08-25T19:26:03.177Z,2026-08-25T21:23:56.829Z,7073,2026-08-25T21:23:56.829Z,DRD-KVC,KVC,7eb7a049-5d17-4a23-bb2f-3b9c445afd32,SAMMS-KVCv5
202608252121596996,202608251925575326,202608251925573776,85,511,Bronze INV,br_AdmissionAssessmentDimensionFiveSubstanceUse,TASK_COMPLETE,SUCCESS,INFO,1255,1255,0,,2026-08-25T19:26:03.177Z,2026-08-25T21:23:56.829Z,7073,2026-08-25T21:23:56.829Z,DRD-NOLA,NOLA,7eb7a049-5d17-4a23-bb2f-3b9c445afd32,SAMMS-NOLAv5
202608252121596998,202608251925575327,202608251925573776,85,512,Bronze INV,br_AdmissionAssessmentDimensionFiveSubstanceUse,TASK_COMPLETE,SUCCESS,INFO,735,735,0,,2026-08-25T19:26:03.177Z,2026-08-25T21:23:56.829Z,7073,2026-08-25T21:23:56.829Z,DRD-SF,Springfield,7eb7a049-5d17-4a23-bb2f-3b9c445afd32,SAMMS-SFv5
202608252121596999,202608251925575328,202608251925573776,85,514,Bronze INV,br_AdmissionAssessmentDimensionFiveSubstanceUse,TASK_COMPLETE,SUCCESS,INFO,248,248,0,,2026-08-25T19:26:03.177Z,2026-08-25T21:23:56.829Z,7073,2026-08-25T21:23:56.829Z,ELC,Elizabeth City,7eb7a049-5d17-4a23-bb2f-3b9c445afd32,SAMMS-ElizabethCity
202608252121597000,202608251925575329,202608251925573776,85,515,Bronze INV,br_AdmissionAssessmentDimensionFiveSubstanceUse,TASK_COMPLETE,SUCCESS,INFO,260,260,0,,2026-08-25T19:26:03.177Z,2026-08-25T21:23:56.829Z,7073,2026-08-25T21:23:56.829Z,ET,Elizabethtown,7eb7a049-5d17-4a23-bb2f-3b9c445afd32,SAMMS-Elizabethtown
202608252121597001,202608251925575330,202608251925573776,85,516,Bronze INV,br_AdmissionAssessmentDimensionFiveSubstanceUse,TASK_COMPLETE,SUCCESS,INFO,226,226,0,,2026-08-25T19:26:03.177Z,2026-08-25T21:23:56.829Z,7073,2026-08-25T21:23:56.829Z,FAY,Fayetteville,7eb7a049-5d17-4a23-bb2f-3b9c445afd32,SAMMS-Fayetteville
202608252121597002,202608251925575331,202608251925573776,85,517,Bronze INV,br_AdmissionAssessmentDimensionFiveSubstanceUse,TASK_COMPLETE,SUCCESS,INFO,180,180,0,,2026-08-25T19:26:03.177Z,2026-08-25T21:23:56.829Z,7073,2026-08-25T21:23:56.829Z,FR,Frankfort,7eb7a049-5d17-4a23-bb2f-3b9c445afd32,SAMMS-Frankfort
202608252121597003,202608251925575332,202608251925573776,85,518,Bronze INV,br_AdmissionAssessmentDimensionFiveSubstanceUse,TASK_COMPLETE,SUCCESS,INFO,277,277,0,,2026-08-25T19:26:03.177Z,2026-08-25T21:23:56.829Z,7073,2026-08-25T21:23:56.829Z,FS,Fort Smith,7eb7a049-5d17-4a23-bb2f-3b9c445afd32,SAMMS-FortSmith
202608252121597005,202608251925575333,202608251925573776,85,519,Bronze INV,br_AdmissionAssessmentDimensionFiveSubstanceUse,TASK_COMPLETE,SUCCESS,INFO,677,677,0,,2026-08-25T19:26:03.177Z,2026-08-25T21:23:56.829Z,7073,2026-08-25T21:23:56.829Z,FW,Fort Wayne,7eb7a049-5d17-4a23-bb2f-3b9c445afd32,SAMMS-FortWayne
202608252121597006,202608251925575334,202608251925573776,85,520,Bronze INV,br_AdmissionAssessmentDimensionFiveSubstanceUse,TASK_COMPLETE,SUCCESS,INFO,102,102,0,,2026-08-25T19:26:03.177Z,2026-08-25T21:23:56.829Z,7073,2026-08-25T21:23:56.829Z,GAL,Gaylord,7eb7a049-5d17-4a23-bb2f-3b9c445afd32,SAMMS-Gaylord
202608252121597007,202608251925575335,202608251925573776,85,524,Bronze INV,br_AdmissionAssessmentDimensionFiveSubstanceUse,TASK_COMPLETE,SUCCESS,INFO,613,613,0,,2026-08-25T19:26:03.177Z,2026-08-25T21:23:56.829Z,7073,2026-08-25T21:23:56.829Z,HGT,Hagerstown,7eb7a049-5d17-4a23-bb2f-3b9c445afd32,SAMMS-Hagerstown
202608252121597008,202608251925575336,202608251925573776,85,525,Bronze INV,br_AdmissionAssessmentDimensionFiveSubstanceUse,TASK_COMPLETE,SUCCESS,INFO,464,464,0,,2026-08-25T19:26:03.177Z,2026-08-25T21:23:56.829Z,7073,2026-08-25T21:23:56.829Z,HNT,Huntsville,7eb7a049-5d17-4a23-bb2f-3b9c445afd32,SAMMS-Huntsville
202608252121597009,202608251925575337,202608251925573776,85,526,Bronze INV,br_AdmissionAssessmentDimensionFiveSubstanceUse,TASK_COMPLETE,SUCCESS,INFO,303,303,0,,2026-08-25T19:26:03.177Z,2026-08-25T21:23:56.829Z,7073,2026-08-25T21:23:56.829Z,HS,Hot Springs,7eb7a049-5d17-4a23-bb2f-3b9c445afd32,SAMMS-HotSprings
202608252121597011,202608251925575338,202608251925573776,85,527,Bronze INV,br_AdmissionAssessmentDimensionFiveSubstanceUse,TASK_COMPLETE,SUCCESS,INFO,266,266,0,,2026-08-25T19:26:03.177Z,2026-08-25T21:23:56.829Z,7073,2026-08-25T21:23:56.829Z,JON,Jonesboro,7eb7a049-5d17-4a23-bb2f-3b9c445afd32,SAMMS-Jonesboro
202608252121597012,202608251925575339,202608251925573776,85,529,Bronze INV,br_AdmissionAssessmentDimensionFiveSubstanceUse,TASK_COMPLETE,SUCCESS,INFO,151,151,0,,2026-08-25T19:26:03.177Z,2026-08-25T21:23:56.829Z,7073,2026-08-25T21:23:56.829Z,LAN,Lansing,7eb7a049-5d17-4a23-bb2f-3b9c445afd32,SAMMS-Lansing
202608252121597013,202608251925575340,202608251925573776,85,530,Bronze INV,br_AdmissionAssessmentDimensionFiveSubstanceUse,TASK_COMPLETE,SUCCESS,INFO,429,429,0,,2026-08-25T19:26:03.177Z,2026-08-25T21:23:56.829Z,7073,2026-08-25T21:23:56.829Z,LO,Louisville,7eb7a049-5d17-4a23-bb2f-3b9c445afd32,SAMMS-Louisville
202608252121597014,202608251925575341,202608251925573776,85,531,Bronze INV,br_AdmissionAssessmentDimensionFiveSubstanceUse,TASK_COMPLETE,SUCCESS,INFO,1161,1161,0,,2026-08-25T19:26:03.177Z,2026-08-25T21:23:56.829Z,7073,2026-08-25T21:23:56.829Z,LV1,Cheyenne,7eb7a049-5d17-4a23-bb2f-3b9c445afd32,SAMMS-Cheyenne
202608252121597015,202608251925575342,202608251925573776,85,532,Bronze INV,br_AdmissionAssessmentDimensionFiveSubstanceUse,TASK_COMPLETE,SUCCESS,INFO,928,928,0,,2026-08-25T19:26:03.177Z,2026-08-25T21:23:56.829Z,7073,2026-08-25T21:23:56.829Z,LV2,Desert Inn,7eb7a049-5d17-4a23-bb2f-3b9c445afd32,SAMMS-DesertInn
202608252121597017,202608251925575343,202608251925573776,85,533,Bronze INV,br_AdmissionAssessmentDimensionFiveSubstanceUse,TASK_COMPLETE,SUCCESS,INFO,306,306,0,,2026-08-25T19:26:03.177Z,2026-08-25T21:23:56.829Z,7073,2026-08-25T21:23:56.829Z,LV3,McDaniel,7eb7a049-5d17-4a23-bb2f-3b9c445afd32,SAMMS-McDaniel
202608252121597018,202608251925575344,202608251925573776,85,536,Bronze INV,br_AdmissionAssessmentDimensionFiveSubstanceUse,TASK_COMPLETE,SUCCESS,INFO,269,269,0,,2026-08-25T19:26:03.177Z,2026-08-25T21:23:56.829Z,7073,2026-08-25T21:23:56.829Z,MNRE,Monroe,7eb7a049-5d17-4a23-bb2f-3b9c445afd32,SAMMS-Monroe
202608252121597019,202608251925575345,202608251925573776,85,537,Bronze INV,br_AdmissionAssessmentDimensionFiveSubstanceUse,TASK_COMPLETE,SUCCESS,INFO,120,120,0,,2026-08-25T19:26:03.177Z,2026-08-25T21:23:56.829Z,7073,2026-08-25T21:23:56.829Z,MP,Mt. Pleasant,7eb7a049-5d17-4a23-bb2f-3b9c445afd32,SAMMS-MtPleasant
202608252121597020,202608251925575346,202608251925573776,85,538,Bronze INV,br_AdmissionAssessmentDimensionFiveSubstanceUse,TASK_COMPLETE,SUCCESS,INFO,170,170,0,,2026-08-25T19:26:03.177Z,2026-08-25T21:23:56.829Z,7073,2026-08-25T21:23:56.829Z,MRD,Meridian,7eb7a049-5d17-4a23-bb2f-3b9c445afd32,SAMMS-Meridian
202608252121597021,202608251925575347,202608251925573776,85,543,Bronze INV,br_AdmissionAssessmentDimensionFiveSubstanceUse,TASK_COMPLETE,SUCCESS,INFO,625,625,0,,2026-08-25T19:26:03.177Z,2026-08-25T21:23:56.829Z,7073,2026-08-25T21:23:56.829Z,NC,North Charleston,7eb7a049-5d17-4a23-bb2f-3b9c445afd32,SAMMS-NorthCharleston
202608252121597022,202608251925575348,202608251925573776,85,544,Bronze INV,br_AdmissionAssessmentDimensionFiveSubstanceUse,TASK_COMPLETE,SUCCESS,INFO,565,565,0,,2026-08-25T19:26:03.177Z,2026-08-25T21:23:56.829Z,7073,2026-08-25T21:23:56.829Z,NLR,N. Little Rock,7eb7a049-5d17-4a23-bb2f-3b9c445afd32,SAMMS-NLROBOT
202608252121597024,202608251925575349,202608251925573776,85,545,Bronze INV,br_AdmissionAssessmentDimensionFiveSubstanceUse,TASK_COMPLETE,SUCCESS,INFO,232,232,0,,2026-08-25T19:26:03.177Z,2026-08-25T21:23:56.829Z,7073,2026-08-25T21:23:56.829Z,PH,Phoenix,7eb7a049-5d17-4a23-bb2f-3b9c445afd32,SAMMS-Phoenix
202608252121597025,202608251925575350,202608251925573776,85,549,Bronze INV,br_AdmissionAssessmentDimensionFiveSubstanceUse,TASK_COMPLETE,SUCCESS,INFO,405,405,0,,2026-08-25T19:26:03.177Z,2026-08-25T21:23:56.829Z,7073,2026-08-25T21:23:56.829Z,RE,Reno,7eb7a049-5d17-4a23-bb2f-3b9c445afd32,SAMMS-Reno
202608252121597026,202608251925575351,202608251925573776,85,550,Bronze INV,br_AdmissionAssessmentDimensionFiveSubstanceUse,TASK_COMPLETE,SUCCESS,INFO,386,386,0,,2026-08-25T19:26:03.177Z,2026-08-25T21:23:56.829Z,7073,2026-08-25T21:23:56.829Z,RMD,Richmond,7eb7a049-5d17-4a23-bb2f-3b9c445afd32,SAMMS-Richmond
202608252121597027,202608251925575352,202608251925573776,85,551,Bronze INV,br_AdmissionAssessmentDimensionFiveSubstanceUse,TASK_COMPLETE,SUCCESS,INFO,484,484,0,,2026-08-25T19:26:03.177Z,2026-08-25T21:23:56.829Z,7073,2026-08-25T21:23:56.829Z,SFN,Springfield North,7eb7a049-5d17-4a23-bb2f-3b9c445afd32,SAMMS-SFNv5
202608252121597028,202608251925575353,202608251925573776,85,552,Bronze INV,br_AdmissionAssessmentDimensionFiveSubstanceUse,TASK_COMPLETE,SUCCESS,INFO,444,444,0,,2026-08-25T19:26:03.177Z,2026-08-25T21:23:56.829Z,7073,2026-08-25T21:23:56.829Z,SHP,Shreveport,7eb7a049-5d17-4a23-bb2f-3b9c445afd32,SAMMS-Shreveport
202608252121597029,202608251925575354,202608251925573776,85,554,Bronze INV,br_AdmissionAssessmentDimensionFiveSubstanceUse,TASK_COMPLETE,SUCCESS,INFO,80,80,0,,2026-08-25T19:26:03.177Z,2026-08-25T21:23:56.829Z,7073,2026-08-25T21:23:56.829Z,STN,Staunton,7eb7a049-5d17-4a23-bb2f-3b9c445afd32,SAMMS-Staunton
202608252121597031,202608251925575355,202608251925573776,85,555,Bronze INV,br_AdmissionAssessmentDimensionFiveSubstanceUse,TASK_COMPLETE,SUCCESS,INFO,52,52,0,,2026-08-25T19:26:03.177Z,2026-08-25T21:23:56.829Z,7073,2026-08-25T21:23:56.829Z,STVN,Stevenson,7eb7a049-5d17-4a23-bb2f-3b9c445afd32,SAMMS-Stevenson
202608252121597032,202608251925575356,202608251925573776,85,557,Bronze INV,br_AdmissionAssessmentDimensionFiveSubstanceUse,TASK_COMPLETE,SUCCESS,INFO,70,70,0,,2026-08-25T19:26:03.177Z,2026-08-25T21:23:56.829Z,7073,2026-08-25T21:23:56.829Z,TE,Tempe,7eb7a049-5d17-4a23-bb2f-3b9c445afd32,SAMMS-Tempe
202608252121597033,202608251925575357,202608251925573776,85,558,Bronze INV,br_AdmissionAssessmentDimensionFiveSubstanceUse,TASK_COMPLETE,SUCCESS,INFO,366,366,0,,2026-08-25T19:26:03.177Z,2026-08-25T21:23:56.829Z,7073,2026-08-25T21:23:56.829Z,TEX,Texarkana,7eb7a049-5d17-4a23-bb2f-3b9c445afd32,SAMMS-Texarkana
202608252121597034,202608251925575358,202608251925573776,85,559,Bronze INV,br_AdmissionAssessmentDimensionFiveSubstanceUse,TASK_COMPLETE,SUCCESS,INFO,417,417,0,,2026-08-25T19:26:03.177Z,2026-08-25T21:23:56.829Z,7073,2026-08-25T21:23:56.829Z,TTCA,Bessemer,7eb7a049-5d17-4a23-bb2f-3b9c445afd32,SAMMS-BessemerV5
202608252121597035,202608251925575359,202608251925573776,85,560,Bronze INV,br_AdmissionAssessmentDimensionFiveSubstanceUse,TASK_COMPLETE,SUCCESS,INFO,549,549,0,,2026-08-25T19:26:03.177Z,2026-08-25T21:23:56.829Z,7073,2026-08-25T21:23:56.829Z,TTCB,Cullman,7eb7a049-5d17-4a23-bb2f-3b9c445afd32,SAMMS-CullmanV5
202608252121597036,202608251925575360,202608251925573776,85,561,Bronze INV,br_AdmissionAssessmentDimensionFiveSubstanceUse,TASK_COMPLETE,SUCCESS,INFO,294,294,0,,2026-08-25T19:26:03.177Z,2026-08-25T21:23:56.829Z,7073,2026-08-25T21:23:56.829Z,TTCC,Grand Bay,7eb7a049-5d17-4a23-bb2f-3b9c445afd32,SAMMS-GrandBay
202608252121597038,202608251925575361,202608251925573776,85,562,Bronze INV,br_AdmissionAssessmentDimensionFiveSubstanceUse,TASK_COMPLETE,SUCCESS,INFO,22,22,0,,2026-08-25T19:26:03.177Z,2026-08-25T21:23:56.829Z,7073,2026-08-25T21:23:56.829Z,TU,Tucson,7eb7a049-5d17-4a23-bb2f-3b9c445afd32,SAMMS-Tucson
202608252121597039,202608251925575362,202608251925573776,85,564,Bronze INV,br_AdmissionAssessmentDimensionFiveSubstanceUse,TASK_COMPLETE,SUCCESS,INFO,249,249,0,,2026-08-25T19:26:03.177Z,2026-08-25T21:23:56.829Z,7073,2026-08-25T21:23:56.829Z,V1,Memphis South,7eb7a049-5d17-4a23-bb2f-3b9c445afd32,SAMMS-VCPHCS-I-MemphisV5
202608252121597040,202608251925575363,202608251925573776,85,565,Bronze INV,br_AdmissionAssessmentDimensionFiveSubstanceUse,TASK_COMPLETE,SUCCESS,INFO,690,690,0,,2026-08-25T19:26:03.177Z,2026-08-25T21:23:56.829Z,7073,2026-08-25T21:23:56.829Z,V10,Longmont,7eb7a049-5d17-4a23-bb2f-3b9c445afd32,SAMMS-BoulderV5
202608252121597041,202608251925575364,202608251925573776,85,566,Bronze INV,br_AdmissionAssessmentDimensionFiveSubstanceUse,TASK_COMPLETE,SUCCESS,INFO,1183,1183,0,,2026-08-25T19:26:03.177Z,2026-08-25T21:23:56.829Z,7073,2026-08-25T21:23:56.829Z,V10A,Fort Collins,7eb7a049-5d17-4a23-bb2f-3b9c445afd32,SAMMS-FortCollinsV5
202608252121597042,202608251925575365,202608251925573776,85,567,Bronze INV,br_AdmissionAssessmentDimensionFiveSubstanceUse,TASK_COMPLETE,SUCCESS,INFO,981,981,0,,2026-08-25T19:26:03.177Z,2026-08-25T21:23:56.829Z,7073,2026-08-25T21:23:56.829Z,V11,Westminster,7eb7a049-5d17-4a23-bb2f-3b9c445afd32,SAMMS-VCPHCS-XI-NorthDenverV5
202608252121597043,202608251925575366,202608251925573776,85,568,Bronze INV,br_AdmissionAssessmentDimensionFiveSubstanceUse,TASK_COMPLETE,SUCCESS,INFO,1051,1051,0,,2026-08-25T19:26:03.177Z,2026-08-25T21:23:56.829Z,7073,2026-08-25T21:23:56.829Z,V12,Downtown Denver,7eb7a049-5d17-4a23-bb2f-3b9c445afd32,SAMMS-VCPHCS-XII-DowntownDenverV5
202608252121597045,202608251925575367,202608251925573776,85,569,Bronze INV,br_AdmissionAssessmentDimensionFiveSubstanceUse,TASK_COMPLETE,SUCCESS,INFO,474,474,0,,2026-08-25T19:26:03.177Z,2026-08-25T21:23:56.829Z,7073,2026-08-25T21:23:56.829Z,V12A,Centennial,7eb7a049-5d17-4a23-bb2f-3b9c445afd32,SAMMS-CentennialV5
202608252121597046,202608251925575368,202608251925573776,85,570,Bronze INV,br_AdmissionAssessmentDimensionFiveSubstanceUse,TASK_COMPLETE,SUCCESS,INFO,291,291,0,,2026-08-25T19:26:03.177Z,2026-08-25T21:23:56.829Z,7073,2026-08-25T21:23:56.829Z,V14,Overland Park,7eb7a049-5d17-4a23-bb2f-3b9c445afd32,SAMMS-VCPHCS-XIV-BridgewayV5
202608252121597047,202608251925575369,202608251925573776,85,571,Bronze INV,br_AdmissionAssessmentDimensionFiveSubstanceUse,TASK_COMPLETE,SUCCESS,INFO,562,562,0,,2026-08-25T19:26:03.177Z,2026-08-25T21:23:56.829Z,7073,2026-08-25T21:23:56.829Z,V15,Joplin,7eb7a049-5d17-4a23-bb2f-3b9c445afd32,SAMMS-JoplinV5
202608252121597048,202608251925575370,202608251925573776,85,573,Bronze INV,br_AdmissionAssessmentDimensionFiveSubstanceUse,TASK_COMPLETE,SUCCESS,INFO,469,469,0,,2026-08-25T19:26:03.177Z,2026-08-25T21:23:56.829Z,7073,2026-08-25T21:23:56.829Z,V17,Columbia TN,7eb7a049-5d17-4a23-bb2f-3b9c445afd32,SAMMS-ColumbiaTNv5
202608252121597049,202608251925575371,202608251925573776,85,575,Bronze INV,br_AdmissionAssessmentDimensionFiveSubstanceUse,TASK_COMPLETE,SUCCESS,INFO,411,411,0,,2026-08-25T19:26:03.177Z,2026-08-25T21:23:56.829Z,7073,2026-08-25T21:23:56.829Z,V19,Jackson,7eb7a049-5d17-4a23-bb2f-3b9c445afd32,SAMMS-JacksonV5
202608252121597050,202608251925575372,202608251925573776,85,577,Bronze INV,br_AdmissionAssessmentDimensionFiveSubstanceUse,TASK_COMPLETE,SUCCESS,INFO,478,478,0,,2026-08-25T19:26:03.177Z,2026-08-25T21:23:56.829Z,7073,2026-08-25T21:23:56.829Z,V20,Paris,7eb7a049-5d17-4a23-bb2f-3b9c445afd32,SAMMS-ParisV5
202608252121597051,202608251925575373,202608251925573776,85,578,Bronze INV,br_AdmissionAssessmentDimensionFiveSubstanceUse,TASK_COMPLETE,SUCCESS,INFO,353,353,0,,2026-08-25T19:26:03.177Z,2026-08-25T21:23:56.829Z,7073,2026-08-25T21:23:56.829Z,V21,Memphis North,7eb7a049-5d17-4a23-bb2f-3b9c445afd32,SAMMS-RaleighV5
202608252121597053,202608251925575374,202608251925573776,85,581,Bronze INV,br_AdmissionAssessmentDimensionFiveSubstanceUse,TASK_COMPLETE,SUCCESS,INFO,698,698,0,,2026-08-25T19:26:03.177Z,2026-08-25T21:23:56.829Z,7073,2026-08-25T21:23:56.829Z,V5,West Bank,7eb7a049-5d17-4a23-bb2f-3b9c445afd32,SAMMS-NONTCv5
202608252121597054,202608251925575375,202608251925573776,85,583,Bronze INV,br_AdmissionAssessmentDimensionFiveSubstanceUse,TASK_COMPLETE,SUCCESS,INFO,252,252,0,,2026-08-25T19:26:03.177Z,2026-08-25T21:23:56.829Z,7073,2026-08-25T21:23:56.829Z,V5B,Houma,7eb7a049-5d17-4a23-bb2f-3b9c445afd32,SAMMS-HoumaV6
202608252121597055,202608251925575376,202608251925573776,85,584,Bronze INV,br_AdmissionAssessmentDimensionFiveSubstanceUse,TASK_COMPLETE,SUCCESS,INFO,951,951,0,,2026-08-25T19:26:03.177Z,2026-08-25T21:23:56.829Z,7073,2026-08-25T21:23:56.829Z,V6,Lake Charles,7eb7a049-5d17-4a23-bb2f-3b9c445afd32,SAMMS-LCv5
202608252121597056,202608251925575377,202608251925573776,85,586,Bronze INV,br_AdmissionAssessmentDimensionFiveSubstanceUse,TASK_COMPLETE,SUCCESS,INFO,561,561,0,,2026-08-25T19:26:03.177Z,2026-08-25T21:23:56.829Z,7073,2026-08-25T21:23:56.829Z,V8,Memphis Midtown,7eb7a049-5d17-4a23-bb2f-3b9c445afd32,SAMMS-VCPHCS-VIII-MemphisV5
202608252121597057,202608251925575378,202608251925573776,85,587,Bronze INV,br_AdmissionAssessmentDimensionFiveSubstanceUse,TASK_COMPLETE,SUCCESS,INFO,1562,1562,0,,2026-08-25T19:26:03.177Z,2026-08-25T21:23:56.829Z,7073,2026-08-25T21:23:56.829Z,V9,Nashville,7eb7a049-5d17-4a23-bb2f-3b9c445afd32,SAMMS-NashvilleV5
202608252121597058,202608251925575379,202608251925573776,85,588,Bronze INV,br_AdmissionAssessmentDimensionFiveSubstanceUse,TASK_COMPLETE,SUCCESS,INFO,331,331,0,,2026-08-25T19:26:03.177Z,2026-08-25T21:23:56.829Z,7073,2026-08-25T21:23:56.829Z,VBRA,Brainerd,7eb7a049-5d17-4a23-bb2f-3b9c445afd32,SAMMS-BrainerdV6
202608252121597060,202608251925575380,202608251925573776,85,589,Bronze INV,br_AdmissionAssessmentDimensionFiveSubstanceUse,TASK_COMPLETE,SUCCESS,INFO,587,587,0,,2026-08-25T19:26:03.177Z,2026-08-25T21:23:56.829Z,7073,2026-08-25T21:23:56.829Z,VBRP,Brooklyn Park,7eb7a049-5d17-4a23-bb2f-3b9c445afd32,SAMMS-BrooklynParkV6
202608252121597061,202608251925575381,202608251925573776,85,591,Bronze INV,br_AdmissionAssessmentDimensionFiveSubstanceUse,TASK_COMPLETE,SUCCESS,INFO,573,573,0,,2026-08-25T19:26:03.177Z,2026-08-25T21:23:56.829Z,7073,2026-08-25T21:23:56.829Z,VMIN,Minneapolis,7eb7a049-5d17-4a23-bb2f-3b9c445afd32,SAMMS-MinneapolisV6
202608262209456599,202608261955299199,202608261955298282,85,410,Bronze INV,br_AdmissionAssessment,TASK_COMPLETE,SUCCESS,INFO,115,115,0,,2026-08-26T19:55:35.047Z,2026-08-26T22:11:39.517Z,8164,2026-08-26T22:11:39.517Z,WIL,Wilson,20846baf-2fe5-403c-85d4-31520e88a3ce,SAMMS-Wilson
202608262209456700,202608261955398283,202608261955398282,86,5720,Silver INV,sl_AdmissionAssessment,TASK_COMPLETE,SUCCESS,INFO,12338,12338,0,,2026-08-26T19:55:35.047Z,2026-08-26T22:11:39.517Z,8164,2026-08-26T22:11:39.517Z,,,20846baf-2fe5-403c-85d4-31520e88a3ce,
202608262209456618,202608261955299775,202608261955298282,85,414,Bronze INV,br_AdmissionAssessmentDimensionFiveSubstanceUse,TASK_COMPLETE,SUCCESS,INFO,97,97,0,,2026-08-26T19:55:35.047Z,2026-08-26T22:11:39.517Z,8164,2026-08-26T22:11:39.517Z,AHK,Ahoskie,20846baf-2fe5-403c-85d4-31520e88a3ce,SAMMS-Ahoskie
202608262209456619,202608261955299776,202608261955298282,85,415,Bronze INV,br_AdmissionAssessmentDimensionFiveSubstanceUse,TASK_COMPLETE,SUCCESS,INFO,787,787,0,,2026-08-26T19:55:35.047Z,2026-08-26T22:11:39.517Z,8164,2026-08-26T22:11:39.517Z,B12B,Colorado Springs,20846baf-2fe5-403c-85d4-31520e88a3ce,SAMMS-ColoradoSpringsV5
202608262209456621,202608261955299777,202608261955298282,85,416,Bronze INV,br_AdmissionAssessmentDimensionFiveSubstanceUse,TASK_COMPLETE,SUCCESS,INFO,412,412,0,,2026-08-26T19:55:35.047Z,2026-08-26T22:11:39.517Z,8164,2026-08-26T22:11:39.517Z,B24,Paintsville,20846baf-2fe5-403c-85d4-31520e88a3ce,SAMMS-PaintsvilleV5
202608262209456622,202608261955299778,202608261955298282,85,417,Bronze INV,br_AdmissionAssessmentDimensionFiveSubstanceUse,TASK_COMPLETE,SUCCESS,INFO,171,171,0,,2026-08-26T19:55:35.047Z,2026-08-26T22:11:39.517Z,8164,2026-08-26T22:11:39.517Z,B25,Pikeville,20846baf-2fe5-403c-85d4-31520e88a3ce,SAMMS-PikevilleV5
202608262209456623,202608261955299779,202608261955298282,85,418,Bronze INV,br_AdmissionAssessmentDimensionFiveSubstanceUse,TASK_COMPLETE,SUCCESS,INFO,493,493,0,,2026-08-26T19:55:35.047Z,2026-08-26T22:11:39.517Z,8164,2026-08-26T22:11:39.517Z,B26,Hazard,20846baf-2fe5-403c-85d4-31520e88a3ce,SAMMS-HazardV5
202608262209456624,202608261955299780,202608261955298282,85,419,Bronze INV,br_AdmissionAssessmentDimensionFiveSubstanceUse,TASK_COMPLETE,SUCCESS,INFO,189,189,0,,2026-08-26T19:55:35.047Z,2026-08-26T22:11:39.517Z,8164,2026-08-26T22:11:39.517Z,B27,Savannah,20846baf-2fe5-403c-85d4-31520e88a3ce,SAMMS-SavannahV6
202608262209456625,202608261955299781,202608261955298282,85,420,Bronze INV,br_AdmissionAssessmentDimensionFiveSubstanceUse,TASK_COMPLETE,SUCCESS,INFO,235,235,0,,2026-08-26T19:55:35.047Z,2026-08-26T22:11:39.517Z,8164,2026-08-26T22:11:39.517Z,B28,West Plains,20846baf-2fe5-403c-85d4-31520e88a3ce,SAMMS-WestPlainesV5
202608262209456626,202608261955299782,202608261955298282,85,421,Bronze INV,br_AdmissionAssessmentDimensionFiveSubstanceUse,TASK_COMPLETE,SUCCESS,INFO,260,260,0,,2026-08-26T19:55:35.047Z,2026-08-26T22:11:39.517Z,8164,2026-08-26T22:11:39.517Z,B29,Poplar Bluff,20846baf-2fe5-403c-85d4-31520e88a3ce,SAMMS-PoplarBluffV5
202608262209456627,202608261955299783,202608261955298282,85,422,Bronze INV,br_AdmissionAssessmentDimensionFiveSubstanceUse,TASK_COMPLETE,SUCCESS,INFO,139,139,0,,2026-08-26T19:55:35.047Z,2026-08-26T22:11:39.517Z,8164,2026-08-26T22:11:39.517Z,B30,KC North,20846baf-2fe5-403c-85d4-31520e88a3ce,SAMMS-KCNv5
202608262209456629,202608261955299784,202608261955298282,85,423,Bronze INV,br_AdmissionAssessmentDimensionFiveSubstanceUse,TASK_COMPLETE,SUCCESS,INFO,335,335,0,,2026-08-26T19:55:35.047Z,2026-08-26T22:11:39.517Z,8164,2026-08-26T22:11:39.517Z,B31,Dyersburg,20846baf-2fe5-403c-85d4-31520e88a3ce,SAMMS-DyersburgV5
202608262209456630,202608261955299785,202608261955298282,85,425,Bronze INV,br_AdmissionAssessmentDimensionFiveSubstanceUse,TASK_COMPLETE,SUCCESS,INFO,211,211,0,,2026-08-26T19:55:35.047Z,2026-08-26T22:11:39.517Z,8164,2026-08-26T22:11:39.517Z,B33,Paducah,20846baf-2fe5-403c-85d4-31520e88a3ce,SAMMS-Paducah
202608262209456631,202608261955299786,202608261955298282,85,426,Bronze INV,br_AdmissionAssessmentDimensionFiveSubstanceUse,TASK_COMPLETE,SUCCESS,INFO,448,448,0,,2026-08-26T19:55:35.047Z,2026-08-26T22:11:39.517Z,8164,2026-08-26T22:11:39.517Z,B34,Corbin,20846baf-2fe5-403c-85d4-31520e88a3ce,SAMMS-CorbinV5
202608262209456632,202608261955299787,202608261955298282,85,427,Bronze INV,br_AdmissionAssessmentDimensionFiveSubstanceUse,TASK_COMPLETE,SUCCESS,INFO,711,711,0,,2026-08-26T19:55:35.047Z,2026-08-26T22:11:39.517Z,8164,2026-08-26T22:11:39.517Z,B35,Lexington,20846baf-2fe5-403c-85d4-31520e88a3ce,SAMMS-LexingtonV5
202608262209456633,202608261955299788,202608261955298282,85,428,Bronze INV,br_AdmissionAssessmentDimensionFiveSubstanceUse,TASK_COMPLETE,SUCCESS,INFO,347,347,0,,2026-08-26T19:55:35.047Z,2026-08-26T22:11:39.517Z,8164,2026-08-26T22:11:39.517Z,B35A,Berea,20846baf-2fe5-403c-85d4-31520e88a3ce,SAMMS-BereaV5
202608262209456634,202608261955299789,202608261955298282,85,429,Bronze INV,br_AdmissionAssessmentDimensionFiveSubstanceUse,TASK_COMPLETE,SUCCESS,INFO,600,600,0,,2026-08-26T19:55:35.047Z,2026-08-26T22:11:39.517Z,8164,2026-08-26T22:11:39.517Z,B36,Asheville,20846baf-2fe5-403c-85d4-31520e88a3ce,SAMMS-AshevilleV5
202608262209456635,202608261955299790,202608261955298282,85,430,Bronze INV,br_AdmissionAssessmentDimensionFiveSubstanceUse,TASK_COMPLETE,SUCCESS,INFO,445,445,0,,2026-08-26T19:55:35.047Z,2026-08-26T22:11:39.517Z,8164,2026-08-26T22:11:39.517Z,B37,Clyde,20846baf-2fe5-403c-85d4-31520e88a3ce,SAMMS-ClydeV5
202608262209456636,202608261955299791,202608261955298282,85,431,Bronze INV,br_AdmissionAssessmentDimensionFiveSubstanceUse,TASK_COMPLETE,SUCCESS,INFO,633,633,0,,2026-08-26T19:55:35.047Z,2026-08-26T22:11:39.517Z,8164,2026-08-26T22:11:39.517Z,B38,Spartanburg,20846baf-2fe5-403c-85d4-31520e88a3ce,SAMMS-SpartanburgV5
202608262209456638,202608261955299792,202608261955298282,85,432,Bronze INV,br_AdmissionAssessmentDimensionFiveSubstanceUse,TASK_COMPLETE,SUCCESS,INFO,478,478,0,,2026-08-26T19:55:35.047Z,2026-08-26T22:11:39.517Z,8164,2026-08-26T22:11:39.517Z,B39,Aiken,20846baf-2fe5-403c-85d4-31520e88a3ce,SAMMS-AikenV5
202608262209456639,202608261955299793,202608261955298282,85,433,Bronze INV,br_AdmissionAssessmentDimensionFiveSubstanceUse,TASK_COMPLETE,SUCCESS,INFO,289,289,0,,2026-08-26T19:55:35.047Z,2026-08-26T22:11:39.517Z,8164,2026-08-26T22:11:39.517Z,B41,Chesapeake,20846baf-2fe5-403c-85d4-31520e88a3ce,SAMMS-ChesapeakeV5
202608262209456640,202608261955299794,202608261955298282,85,434,Bronze INV,br_AdmissionAssessmentDimensionFiveSubstanceUse,TASK_COMPLETE,SUCCESS,INFO,534,534,0,,2026-08-26T19:55:35.047Z,2026-08-26T22:11:39.517Z,8164,2026-08-26T22:11:39.517Z,B42,Virginia Beach,20846baf-2fe5-403c-85d4-31520e88a3ce,SAMMS-VirginiaBeachV5
202608262209456641,202608261955299795,202608261955298282,85,435,Bronze INV,br_AdmissionAssessmentDimensionFiveSubstanceUse,TASK_COMPLETE,SUCCESS,INFO,161,161,0,,2026-08-26T19:55:35.047Z,2026-08-26T22:11:39.517Z,8164,2026-08-26T22:11:39.517Z,B42A,Newport News,20846baf-2fe5-403c-85d4-31520e88a3ce,SAMMS-NewportNewsV5
202608262209456642,202608261955299796,202608261955298282,85,436,Bronze INV,br_AdmissionAssessmentDimensionFiveSubstanceUse,TASK_COMPLETE,SUCCESS,INFO,54,54,0,,2026-08-26T19:55:35.047Z,2026-08-26T22:11:39.517Z,8164,2026-08-26T22:11:39.517Z,B42B,Franklin,20846baf-2fe5-403c-85d4-31520e88a3ce,SAMMS-FranklinV5
202608262209456643,202608261955299797,202608261955298282,85,437,Bronze INV,br_AdmissionAssessmentDimensionFiveSubstanceUse,TASK_COMPLETE,SUCCESS,INFO,334,334,0,,2026-08-26T19:55:35.047Z,2026-08-26T22:11:39.517Z,8164,2026-08-26T22:11:39.517Z,B42C,Glen Allen,20846baf-2fe5-403c-85d4-31520e88a3ce,SAMMS-GlenAllenV5
202608262209456644,202608261955299798,202608261955298282,85,438,Bronze INV,br_AdmissionAssessmentDimensionFiveSubstanceUse,TASK_COMPLETE,SUCCESS,INFO,166,166,0,,2026-08-26T19:55:35.047Z,2026-08-26T22:11:39.517Z,8164,2026-08-26T22:11:39.517Z,B42D,Chesapeake South,20846baf-2fe5-403c-85d4-31520e88a3ce,SAMMS-ChesapeakeSouthV5
202608262209456646,202608261955299799,202608261955298282,85,439,Bronze INV,br_AdmissionAssessmentDimensionFiveSubstanceUse,TASK_COMPLETE,SUCCESS,INFO,206,206,0,,2026-08-26T19:55:35.047Z,2026-08-26T22:11:39.517Z,8164,2026-08-26T22:11:39.517Z,B44,Albany,20846baf-2fe5-403c-85d4-31520e88a3ce,SAMMS-AlbanyV5
202608262209456647,202608261955299800,202608261955298282,85,440,Bronze INV,br_AdmissionAssessmentDimensionFiveSubstanceUse,TASK_COMPLETE,SUCCESS,INFO,306,306,0,,2026-08-26T19:55:35.047Z,2026-08-26T22:11:39.517Z,8164,2026-08-26T22:11:39.517Z,B45,Tifton,20846baf-2fe5-403c-85d4-31520e88a3ce,SAMMS-TiftonV5
202608262209456648,202608261955299801,202608261955298282,85,441,Bronze INV,br_AdmissionAssessmentDimensionFiveSubstanceUse,TASK_COMPLETE,SUCCESS,INFO,658,658,0,,2026-08-26T19:55:35.047Z,2026-08-26T22:11:39.517Z,8164,2026-08-26T22:11:39.517Z,B46,Washington DC,20846baf-2fe5-403c-85d4-31520e88a3ce,SAMMS-WashingtonDCv5
202608262209456649,202608261955299802,202608261955298282,85,442,Bronze INV,br_AdmissionAssessmentDimensionFiveSubstanceUse,TASK_COMPLETE,SUCCESS,INFO,353,353,0,,2026-08-26T19:55:35.047Z,2026-08-26T22:11:39.517Z,8164,2026-08-26T22:11:39.517Z,B47,Mobile,20846baf-2fe5-403c-85d4-31520e88a3ce,SAMMS-MobileV5
202608262209456650,202608261955299803,202608261955298282,85,443,Bronze INV,br_AdmissionAssessmentDimensionFiveSubstanceUse,TASK_COMPLETE,SUCCESS,INFO,446,446,0,,2026-08-26T19:55:35.047Z,2026-08-26T22:11:39.517Z,8164,2026-08-26T22:11:39.517Z,B48,Tuscaloosa,20846baf-2fe5-403c-85d4-31520e88a3ce,SAMMS-TuscaloosaV5
202608262209456651,202608261955299804,202608261955298282,85,452,Bronze INV,br_AdmissionAssessmentDimensionFiveSubstanceUse,TASK_COMPLETE,SUCCESS,INFO,311,311,0,,2026-08-26T19:55:35.047Z,2026-08-26T22:11:39.517Z,8164,2026-08-26T22:11:39.517Z,B51,N. Little Rock (OTP),20846baf-2fe5-403c-85d4-31520e88a3ce,SAMMS-NorthLittleRockV6
202608262209456652,202608261955299805,202608261955298282,85,453,Bronze INV,br_AdmissionAssessmentDimensionFiveSubstanceUse,TASK_COMPLETE,SUCCESS,INFO,154,154,0,,2026-08-26T19:55:35.047Z,2026-08-26T22:11:39.517Z,8164,2026-08-26T22:11:39.517Z,B52,Jackson GA,20846baf-2fe5-403c-85d4-31520e88a3ce,SAMMS-JacksonGAV5
202608262209456653,202608261955299806,202608261955298282,85,454,Bronze INV,br_AdmissionAssessmentDimensionFiveSubstanceUse,TASK_COMPLETE,SUCCESS,INFO,469,469,0,,2026-08-26T19:55:35.047Z,2026-08-26T22:11:39.517Z,8164,2026-08-26T22:11:39.517Z,B54,Gadsden,20846baf-2fe5-403c-85d4-31520e88a3ce,SAMMS-GadsdenV5
202608262209456654,202608261955299807,202608261955298282,85,455,Bronze INV,br_AdmissionAssessmentDimensionFiveSubstanceUse,TASK_COMPLETE,SUCCESS,INFO,480,480,0,,2026-08-26T19:55:35.047Z,2026-08-26T22:11:39.517Z,8164,2026-08-26T22:11:39.517Z,B55,Shoals,20846baf-2fe5-403c-85d4-31520e88a3ce,SAMMS-ShoalsV5
202608262209456655,202608261955299808,202608261955298282,85,456,Bronze INV,br_AdmissionAssessmentDimensionFiveSubstanceUse,TASK_COMPLETE,SUCCESS,INFO,170,170,0,,2026-08-26T19:55:35.047Z,2026-08-26T22:11:39.517Z,8164,2026-08-26T22:11:39.517Z,B57,Pawtucket,20846baf-2fe5-403c-85d4-31520e88a3ce,SAMMS-Pawtucket
202608262209456657,202608261955299809,202608261955298282,85,457,Bronze INV,br_AdmissionAssessmentDimensionFiveSubstanceUse,TASK_COMPLETE,SUCCESS,INFO,167,167,0,,2026-08-26T19:55:35.047Z,2026-08-26T22:11:39.517Z,8164,2026-08-26T22:11:39.517Z,B57A,Johnston,20846baf-2fe5-403c-85d4-31520e88a3ce,SAMMS-Johnston
202608262209456658,202608261955299810,202608261955298282,85,458,Bronze INV,br_AdmissionAssessmentDimensionFiveSubstanceUse,TASK_COMPLETE,SUCCESS,INFO,86,86,0,,2026-08-26T19:55:35.047Z,2026-08-26T22:11:39.517Z,8164,2026-08-26T22:11:39.517Z,B57B,Middletown,20846baf-2fe5-403c-85d4-31520e88a3ce,SAMMS-Middletown
202608262209456659,202608261955299811,202608261955298282,85,459,Bronze INV,br_AdmissionAssessmentDimensionFiveSubstanceUse,TASK_COMPLETE,SUCCESS,INFO,175,175,0,,2026-08-26T19:55:35.047Z,2026-08-26T22:11:39.517Z,8164,2026-08-26T22:11:39.517Z,B57C,Providence,20846baf-2fe5-403c-85d4-31520e88a3ce,SAMMS-Providence
202608262209456660,202608261955299812,202608261955298282,85,460,Bronze INV,br_AdmissionAssessmentDimensionFiveSubstanceUse,TASK_COMPLETE,SUCCESS,INFO,252,252,0,,2026-08-26T19:55:35.047Z,2026-08-26T22:11:39.517Z,8164,2026-08-26T22:11:39.517Z,B57D,Westerly,20846baf-2fe5-403c-85d4-31520e88a3ce,SAMMS-Westerly
202608262209456661,202608261955299813,202608261955298282,85,464,Bronze INV,br_AdmissionAssessmentDimensionFiveSubstanceUse,TASK_COMPLETE,SUCCESS,INFO,364,364,0,,2026-08-26T19:55:35.047Z,2026-08-26T22:11:39.517Z,8164,2026-08-26T22:11:39.517Z,B66A,Bremen,20846baf-2fe5-403c-85d4-31520e88a3ce,SAMMS-Bremen
202608262209456662,202608261955299814,202608261955298282,85,467,Bronze INV,br_AdmissionAssessmentDimensionFiveSubstanceUse,TASK_COMPLETE,SUCCESS,INFO,12,12,0,,2026-08-26T19:55:35.047Z,2026-08-26T22:11:39.517Z,8164,2026-08-26T22:11:39.517Z,B72,Mobile (OBOT),20846baf-2fe5-403c-85d4-31520e88a3ce,SAMMS-Mobile-OBOT
202608262209456663,202608261955299815,202608261955298282,85,468,Bronze INV,br_AdmissionAssessmentDimensionFiveSubstanceUse,TASK_COMPLETE,SUCCESS,INFO,2,2,0,,2026-08-26T19:55:35.047Z,2026-08-26T22:11:39.517Z,8164,2026-08-26T22:11:39.517Z,B73,Montgomery,20846baf-2fe5-403c-85d4-31520e88a3ce,SAMMS-Montgomery
202608262209456665,202608261955299816,202608261955298282,85,469,Bronze INV,br_AdmissionAssessmentDimensionFiveSubstanceUse,TASK_COMPLETE,SUCCESS,INFO,316,316,0,,2026-08-26T19:55:35.047Z,2026-08-26T22:11:39.517Z,8164,2026-08-26T22:11:39.517Z,B75,Lawrence,20846baf-2fe5-403c-85d4-31520e88a3ce,SAMMS-LawrenceV6
202608262209456666,202608261955299817,202608261955298282,85,470,Bronze INV,br_AdmissionAssessmentDimensionFiveSubstanceUse,TASK_COMPLETE,SUCCESS,INFO,49,49,0,,2026-08-26T19:55:35.047Z,2026-08-26T22:11:39.517Z,8164,2026-08-26T22:11:39.517Z,B76,Huntsville OBOT,20846baf-2fe5-403c-85d4-31520e88a3ce,SAMMS-Huntsville-OBOT
202608262209456667,202608261955299818,202608261955298282,85,471,Bronze INV,br_AdmissionAssessmentDimensionFiveSubstanceUse,TASK_COMPLETE,SUCCESS,INFO,300,300,0,,2026-08-26T19:55:35.047Z,2026-08-26T22:11:39.517Z,8164,2026-08-26T22:11:39.517Z,BAT,Batesville,20846baf-2fe5-403c-85d4-31520e88a3ce,SAMMS-Batesville
202608262209456668,202608261955299819,202608261955298282,85,472,Bronze INV,br_AdmissionAssessmentDimensionFiveSubstanceUse,TASK_COMPLETE,SUCCESS,INFO,238,238,0,,2026-08-26T19:55:35.047Z,2026-08-26T22:11:39.517Z,8164,2026-08-26T22:11:39.517Z,BG,Bowling Green,20846baf-2fe5-403c-85d4-31520e88a3ce,SAMMS-BowlingGreen
202608262209456669,202608261955299820,202608261955298282,85,473,Bronze INV,br_AdmissionAssessmentDimensionFiveSubstanceUse,TASK_COMPLETE,SUCCESS,INFO,215,215,0,,2026-08-26T19:55:35.047Z,2026-08-26T22:11:39.517Z,8164,2026-08-26T22:11:39.517Z,BOI,Boise,20846baf-2fe5-403c-85d4-31520e88a3ce,SAMMS-Boise
202608262209456670,202608261955299821,202608261955298282,85,480,Bronze INV,br_AdmissionAssessmentDimensionFiveSubstanceUse,TASK_COMPLETE,SUCCESS,INFO,283,283,0,,2026-08-26T19:55:35.047Z,2026-08-26T22:11:39.517Z,8164,2026-08-26T22:11:39.517Z,CBCO,Coeur dAlene,20846baf-2fe5-403c-85d4-31520e88a3ce,SAMMS-CoeurdAleneV6
202608262209456671,202608261955299822,202608261955298282,85,499,Bronze INV,br_AdmissionAssessmentDimensionFiveSubstanceUse,TASK_COMPLETE,SUCCESS,INFO,301,301,0,,2026-08-26T19:55:35.047Z,2026-08-26T22:11:39.517Z,8164,2026-08-26T22:11:39.517Z,CON,Conway,20846baf-2fe5-403c-85d4-31520e88a3ce,SAMMS-Conway
202608262209456672,202608261955299823,202608261955298282,85,500,Bronze INV,br_AdmissionAssessmentDimensionFiveSubstanceUse,TASK_COMPLETE,SUCCESS,INFO,1541,1541,0,,2026-08-26T19:55:35.047Z,2026-08-26T22:11:39.517Z,8164,2026-08-26T22:11:39.517Z,D07,Medical Services Knox TN,20846baf-2fe5-403c-85d4-31520e88a3ce,SAMMS-KnoxvilleV6
202608262209456673,202608261955299824,202608261955298282,85,501,Bronze INV,br_AdmissionAssessmentDimensionFiveSubstanceUse,TASK_COMPLETE,SUCCESS,INFO,952,952,0,,2026-08-26T19:55:35.047Z,2026-08-26T22:11:39.517Z,8164,2026-08-26T22:11:39.517Z,D08,Madison,20846baf-2fe5-403c-85d4-31520e88a3ce,SAMMS-MadisonV6
202608262209456674,202608261955299825,202608261955298282,85,503,Bronze INV,br_AdmissionAssessmentDimensionFiveSubstanceUse,TASK_COMPLETE,SUCCESS,INFO,931,931,0,,2026-08-26T19:55:35.047Z,2026-08-26T22:11:39.517Z,8164,2026-08-26T22:11:39.517Z,D09,Murfreesboro,20846baf-2fe5-403c-85d4-31520e88a3ce,SAMMS-MurfreesboroV6
202608262209456676,202608261955299826,202608261955298282,85,504,Bronze INV,br_AdmissionAssessmentDimensionFiveSubstanceUse,TASK_COMPLETE,SUCCESS,INFO,219,219,0,,2026-08-26T19:55:35.047Z,2026-08-26T22:11:39.517Z,8164,2026-08-26T22:11:39.517Z,DA,Davenport,20846baf-2fe5-403c-85d4-31520e88a3ce,SAMMS-Davenport
202608262209456677,202608261955299827,202608261955298282,85,505,Bronze INV,br_AdmissionAssessmentDimensionFiveSubstanceUse,TASK_COMPLETE,SUCCESS,INFO,352,352,0,,2026-08-26T19:55:35.047Z,2026-08-26T22:11:39.517Z,8164,2026-08-26T22:11:39.517Z,DM,Des Moines,20846baf-2fe5-403c-85d4-31520e88a3ce,SAMMS-DesMoines
202608262209456678,202608261955299828,202608261955298282,85,507,Bronze INV,br_AdmissionAssessmentDimensionFiveSubstanceUse,TASK_COMPLETE,SUCCESS,INFO,472,472,0,,2026-08-26T19:55:35.047Z,2026-08-26T22:11:39.517Z,8164,2026-08-26T22:11:39.517Z,DRD-CO,Columbia MO,20846baf-2fe5-403c-85d4-31520e88a3ce,SAMMS-ColumbiaV5
202608262209456679,202608261955299829,202608261955298282,85,508,Bronze INV,br_AdmissionAssessmentDimensionFiveSubstanceUse,TASK_COMPLETE,SUCCESS,INFO,590,590,0,,2026-08-26T19:55:35.047Z,2026-08-26T22:11:39.517Z,8164,2026-08-26T22:11:39.517Z,DRD-KC,KC,20846baf-2fe5-403c-85d4-31520e88a3ce,SAMMS-KCv5
202608262209456680,202608261955299830,202608261955298282,85,509,Bronze INV,br_AdmissionAssessmentDimensionFiveSubstanceUse,TASK_COMPLETE,SUCCESS,INFO,946,946,0,,2026-08-26T19:55:35.047Z,2026-08-26T22:11:39.517Z,8164,2026-08-26T22:11:39.517Z,DRD-KVB,KVB,20846baf-2fe5-403c-85d4-31520e88a3ce,SAMMS-KVBv5
202608262209456681,202608261955299831,202608261955298282,85,510,Bronze INV,br_AdmissionAssessmentDimensionFiveSubstanceUse,TASK_COMPLETE,SUCCESS,INFO,1568,1568,0,,2026-08-26T19:55:35.047Z,2026-08-26T22:11:39.517Z,8164,2026-08-26T22:11:39.517Z,DRD-KVC,KVC,20846baf-2fe5-403c-85d4-31520e88a3ce,SAMMS-KVCv5
202608262209456682,202608261955299832,202608261955298282,85,511,Bronze INV,br_AdmissionAssessmentDimensionFiveSubstanceUse,TASK_COMPLETE,SUCCESS,INFO,1255,1255,0,,2026-08-26T19:55:35.047Z,2026-08-26T22:11:39.517Z,8164,2026-08-26T22:11:39.517Z,DRD-NOLA,NOLA,20846baf-2fe5-403c-85d4-31520e88a3ce,SAMMS-NOLAv5
202608262209456683,202608261955299833,202608261955298282,85,512,Bronze INV,br_AdmissionAssessmentDimensionFiveSubstanceUse,TASK_COMPLETE,SUCCESS,INFO,737,737,0,,2026-08-26T19:55:35.047Z,2026-08-26T22:11:39.517Z,8164,2026-08-26T22:11:39.517Z,DRD-SF,Springfield,20846baf-2fe5-403c-85d4-31520e88a3ce,SAMMS-SFv5
202608262209456684,202608261955299834,202608261955298282,85,514,Bronze INV,br_AdmissionAssessmentDimensionFiveSubstanceUse,TASK_COMPLETE,SUCCESS,INFO,248,248,0,,2026-08-26T19:55:35.047Z,2026-08-26T22:11:39.517Z,8164,2026-08-26T22:11:39.517Z,ELC,Elizabeth City,20846baf-2fe5-403c-85d4-31520e88a3ce,SAMMS-ElizabethCity
202608262209456685,202608261955299835,202608261955298282,85,515,Bronze INV,br_AdmissionAssessmentDimensionFiveSubstanceUse,TASK_COMPLETE,SUCCESS,INFO,260,260,0,,2026-08-26T19:55:35.047Z,2026-08-26T22:11:39.517Z,8164,2026-08-26T22:11:39.517Z,ET,Elizabethtown,20846baf-2fe5-403c-85d4-31520e88a3ce,SAMMS-Elizabethtown
202608262209456687,202608261955299836,202608261955298282,85,516,Bronze INV,br_AdmissionAssessmentDimensionFiveSubstanceUse,TASK_COMPLETE,SUCCESS,INFO,226,226,0,,2026-08-26T19:55:35.047Z,2026-08-26T22:11:39.517Z,8164,2026-08-26T22:11:39.517Z,FAY,Fayetteville,20846baf-2fe5-403c-85d4-31520e88a3ce,SAMMS-Fayetteville
202608262209456688,202608261955299837,202608261955298282,85,517,Bronze INV,br_AdmissionAssessmentDimensionFiveSubstanceUse,TASK_COMPLETE,SUCCESS,INFO,180,180,0,,2026-08-26T19:55:35.047Z,2026-08-26T22:11:39.517Z,8164,2026-08-26T22:11:39.517Z,FR,Frankfort,20846baf-2fe5-403c-85d4-31520e88a3ce,SAMMS-Frankfort
202608262209456689,202608261955299838,202608261955298282,85,518,Bronze INV,br_AdmissionAssessmentDimensionFiveSubstanceUse,TASK_COMPLETE,SUCCESS,INFO,278,278,0,,2026-08-26T19:55:35.047Z,2026-08-26T22:11:39.517Z,8164,2026-08-26T22:11:39.517Z,FS,Fort Smith,20846baf-2fe5-403c-85d4-31520e88a3ce,SAMMS-FortSmith
202608262209456690,202608261955299839,202608261955298282,85,519,Bronze INV,br_AdmissionAssessmentDimensionFiveSubstanceUse,TASK_COMPLETE,SUCCESS,INFO,678,678,0,,2026-08-26T19:55:35.047Z,2026-08-26T22:11:39.517Z,8164,2026-08-26T22:11:39.517Z,FW,Fort Wayne,20846baf-2fe5-403c-85d4-31520e88a3ce,SAMMS-FortWayne
202608262209456691,202608261955299840,202608261955298282,85,520,Bronze INV,br_AdmissionAssessmentDimensionFiveSubstanceUse,TASK_COMPLETE,SUCCESS,INFO,103,103,0,,2026-08-26T19:55:35.047Z,2026-08-26T22:11:39.517Z,8164,2026-08-26T22:11:39.517Z,GAL,Gaylord,20846baf-2fe5-403c-85d4-31520e88a3ce,SAMMS-Gaylord
202608262209456692,202608261955299841,202608261955298282,85,524,Bronze INV,br_AdmissionAssessmentDimensionFiveSubstanceUse,TASK_COMPLETE,SUCCESS,INFO,614,614,0,,2026-08-26T19:55:35.047Z,2026-08-26T22:11:39.517Z,8164,2026-08-26T22:11:39.517Z,HGT,Hagerstown,20846baf-2fe5-403c-85d4-31520e88a3ce,SAMMS-Hagerstown
202608262209456693,202608261955299842,202608261955298282,85,525,Bronze INV,br_AdmissionAssessmentDimensionFiveSubstanceUse,TASK_COMPLETE,SUCCESS,INFO,465,465,0,,2026-08-26T19:55:35.047Z,2026-08-26T22:11:39.517Z,8164,2026-08-26T22:11:39.517Z,HNT,Huntsville,20846baf-2fe5-403c-85d4-31520e88a3ce,SAMMS-Huntsville
202608262209456694,202608261955299843,202608261955298282,85,526,Bronze INV,br_AdmissionAssessmentDimensionFiveSubstanceUse,TASK_COMPLETE,SUCCESS,INFO,304,304,0,,2026-08-26T19:55:35.047Z,2026-08-26T22:11:39.517Z,8164,2026-08-26T22:11:39.517Z,HS,Hot Springs,20846baf-2fe5-403c-85d4-31520e88a3ce,SAMMS-HotSprings
202608262209456695,202608261955299844,202608261955298282,85,527,Bronze INV,br_AdmissionAssessmentDimensionFiveSubstanceUse,TASK_COMPLETE,SUCCESS,INFO,267,267,0,,2026-08-26T19:55:35.047Z,2026-08-26T22:11:39.517Z,8164,2026-08-26T22:11:39.517Z,JON,Jonesboro,20846baf-2fe5-403c-85d4-31520e88a3ce,SAMMS-Jonesboro
202608262209456696,202608261955299845,202608261955298282,85,529,Bronze INV,br_AdmissionAssessmentDimensionFiveSubstanceUse,TASK_COMPLETE,SUCCESS,INFO,151,151,0,,2026-08-26T19:55:35.047Z,2026-08-26T22:11:39.517Z,8164,2026-08-26T22:11:39.517Z,LAN,Lansing,20846baf-2fe5-403c-85d4-31520e88a3ce,SAMMS-Lansing
202608262209456698,202608261955299846,202608261955298282,85,530,Bronze INV,br_AdmissionAssessmentDimensionFiveSubstanceUse,TASK_COMPLETE,SUCCESS,INFO,429,429,0,,2026-08-26T19:55:35.047Z,2026-08-26T22:11:39.517Z,8164,2026-08-26T22:11:39.517Z,LO,Louisville,20846baf-2fe5-403c-85d4-31520e88a3ce,SAMMS-Louisville
202608262209456699,202608261955299847,202608261955298282,85,531,Bronze INV,br_AdmissionAssessmentDimensionFiveSubstanceUse,TASK_COMPLETE,SUCCESS,INFO,1161,1161,0,,2026-08-26T19:55:35.047Z,2026-08-26T22:11:39.517Z,8164,2026-08-26T22:11:39.517Z,LV1,Cheyenne,20846baf-2fe5-403c-85d4-31520e88a3ce,SAMMS-Cheyenne
202608262209456700,202608261955299848,202608261955298282,85,532,Bronze INV,br_AdmissionAssessmentDimensionFiveSubstanceUse,TASK_COMPLETE,SUCCESS,INFO,928,928,0,,2026-08-26T19:55:35.047Z,2026-08-26T22:11:39.517Z,8164,2026-08-26T22:11:39.517Z,LV2,Desert Inn,20846baf-2fe5-403c-85d4-31520e88a3ce,SAMMS-DesertInn
202608262209456701,202608261955299849,202608261955298282,85,533,Bronze INV,br_AdmissionAssessmentDimensionFiveSubstanceUse,TASK_COMPLETE,SUCCESS,INFO,306,306,0,,2026-08-26T19:55:35.047Z,2026-08-26T22:11:39.517Z,8164,2026-08-26T22:11:39.517Z,LV3,McDaniel,20846baf-2fe5-403c-85d4-31520e88a3ce,SAMMS-McDaniel
202608262209456702,202608261955299850,202608261955298282,85,536,Bronze INV,br_AdmissionAssessmentDimensionFiveSubstanceUse,TASK_COMPLETE,SUCCESS,INFO,269,269,0,,2026-08-26T19:55:35.047Z,2026-08-26T22:11:39.517Z,8164,2026-08-26T22:11:39.517Z,MNRE,Monroe,20846baf-2fe5-403c-85d4-31520e88a3ce,SAMMS-Monroe
202608262209456703,202608261955299851,202608261955298282,85,537,Bronze INV,br_AdmissionAssessmentDimensionFiveSubstanceUse,TASK_COMPLETE,SUCCESS,INFO,120,120,0,,2026-08-26T19:55:35.047Z,2026-08-26T22:11:39.517Z,8164,2026-08-26T22:11:39.517Z,MP,Mt. Pleasant,20846baf-2fe5-403c-85d4-31520e88a3ce,SAMMS-MtPleasant
202608262209456704,202608261955299852,202608261955298282,85,538,Bronze INV,br_AdmissionAssessmentDimensionFiveSubstanceUse,TASK_COMPLETE,SUCCESS,INFO,170,170,0,,2026-08-26T19:55:35.047Z,2026-08-26T22:11:39.517Z,8164,2026-08-26T22:11:39.517Z,MRD,Meridian,20846baf-2fe5-403c-85d4-31520e88a3ce,SAMMS-Meridian
202608262209456705,202608261955299853,202608261955298282,85,543,Bronze INV,br_AdmissionAssessmentDimensionFiveSubstanceUse,TASK_COMPLETE,SUCCESS,INFO,628,628,0,,2026-08-26T19:55:35.047Z,2026-08-26T22:11:39.517Z,8164,2026-08-26T22:11:39.517Z,NC,North Charleston,20846baf-2fe5-403c-85d4-31520e88a3ce,SAMMS-NorthCharleston
202608262209456706,202608261955299854,202608261955298282,85,544,Bronze INV,br_AdmissionAssessmentDimensionFiveSubstanceUse,TASK_COMPLETE,SUCCESS,INFO,567,567,0,,2026-08-26T19:55:35.047Z,2026-08-26T22:11:39.517Z,8164,2026-08-26T22:11:39.517Z,NLR,N. Little Rock,20846baf-2fe5-403c-85d4-31520e88a3ce,SAMMS-NLROBOT
202608262209456707,202608261955299855,202608261955298282,85,545,Bronze INV,br_AdmissionAssessmentDimensionFiveSubstanceUse,TASK_COMPLETE,SUCCESS,INFO,232,232,0,,2026-08-26T19:55:35.047Z,2026-08-26T22:11:39.517Z,8164,2026-08-26T22:11:39.517Z,PH,Phoenix,20846baf-2fe5-403c-85d4-31520e88a3ce,SAMMS-Phoenix
202608262209456709,202608261955299856,202608261955298282,85,549,Bronze INV,br_AdmissionAssessmentDimensionFiveSubstanceUse,TASK_COMPLETE,SUCCESS,INFO,405,405,0,,2026-08-26T19:55:35.047Z,2026-08-26T22:11:39.517Z,8164,2026-08-26T22:11:39.517Z,RE,Reno,20846baf-2fe5-403c-85d4-31520e88a3ce,SAMMS-Reno
202608262209456710,202608261955299857,202608261955298282,85,550,Bronze INV,br_AdmissionAssessmentDimensionFiveSubstanceUse,TASK_COMPLETE,SUCCESS,INFO,386,386,0,,2026-08-26T19:55:35.047Z,2026-08-26T22:11:39.517Z,8164,2026-08-26T22:11:39.517Z,RMD,Richmond,20846baf-2fe5-403c-85d4-31520e88a3ce,SAMMS-Richmond
202608262209456711,202608261955299858,202608261955298282,85,551,Bronze INV,br_AdmissionAssessmentDimensionFiveSubstanceUse,TASK_COMPLETE,SUCCESS,INFO,484,484,0,,2026-08-26T19:55:35.047Z,2026-08-26T22:11:39.517Z,8164,2026-08-26T22:11:39.517Z,SFN,Springfield North,20846baf-2fe5-403c-85d4-31520e88a3ce,SAMMS-SFNv5
202608262209456712,202608261955299859,202608261955298282,85,552,Bronze INV,br_AdmissionAssessmentDimensionFiveSubstanceUse,TASK_COMPLETE,SUCCESS,INFO,445,445,0,,2026-08-26T19:55:35.047Z,2026-08-26T22:11:39.517Z,8164,2026-08-26T22:11:39.517Z,SHP,Shreveport,20846baf-2fe5-403c-85d4-31520e88a3ce,SAMMS-Shreveport
202608262209456713,202608261955299860,202608261955298282,85,554,Bronze INV,br_AdmissionAssessmentDimensionFiveSubstanceUse,TASK_COMPLETE,SUCCESS,INFO,80,80,0,,2026-08-26T19:55:35.047Z,2026-08-26T22:11:39.517Z,8164,2026-08-26T22:11:39.517Z,STN,Staunton,20846baf-2fe5-403c-85d4-31520e88a3ce,SAMMS-Staunton
202608262209456714,202608261955299861,202608261955298282,85,555,Bronze INV,br_AdmissionAssessmentDimensionFiveSubstanceUse,TASK_COMPLETE,SUCCESS,INFO,52,52,0,,2026-08-26T19:55:35.047Z,2026-08-26T22:11:39.517Z,8164,2026-08-26T22:11:39.517Z,STVN,Stevenson,20846baf-2fe5-403c-85d4-31520e88a3ce,SAMMS-Stevenson
202608262209456715,202608261955299862,202608261955298282,85,557,Bronze INV,br_AdmissionAssessmentDimensionFiveSubstanceUse,TASK_COMPLETE,SUCCESS,INFO,70,70,0,,2026-08-26T19:55:35.047Z,2026-08-26T22:11:39.517Z,8164,2026-08-26T22:11:39.517Z,TE,Tempe,20846baf-2fe5-403c-85d4-31520e88a3ce,SAMMS-Tempe
202608262209456717,202608261955299863,202608261955298282,85,558,Bronze INV,br_AdmissionAssessmentDimensionFiveSubstanceUse,TASK_COMPLETE,SUCCESS,INFO,366,366,0,,2026-08-26T19:55:35.047Z,2026-08-26T22:11:39.517Z,8164,2026-08-26T22:11:39.517Z,TEX,Texarkana,20846baf-2fe5-403c-85d4-31520e88a3ce,SAMMS-Texarkana
202608262209456718,202608261955299864,202608261955298282,85,559,Bronze INV,br_AdmissionAssessmentDimensionFiveSubstanceUse,TASK_COMPLETE,SUCCESS,INFO,417,417,0,,2026-08-26T19:55:35.047Z,2026-08-26T22:11:39.517Z,8164,2026-08-26T22:11:39.517Z,TTCA,Bessemer,20846baf-2fe5-403c-85d4-31520e88a3ce,SAMMS-BessemerV5
202608262209456719,202608261955299865,202608261955298282,85,560,Bronze INV,br_AdmissionAssessmentDimensionFiveSubstanceUse,TASK_COMPLETE,SUCCESS,INFO,549,549,0,,2026-08-26T19:55:35.047Z,2026-08-26T22:11:39.517Z,8164,2026-08-26T22:11:39.517Z,TTCB,Cullman,20846baf-2fe5-403c-85d4-31520e88a3ce,SAMMS-CullmanV5
202608262209456720,202608261955299866,202608261955298282,85,561,Bronze INV,br_AdmissionAssessmentDimensionFiveSubstanceUse,TASK_COMPLETE,SUCCESS,INFO,295,295,0,,2026-08-26T19:55:35.047Z,2026-08-26T22:11:39.517Z,8164,2026-08-26T22:11:39.517Z,TTCC,Grand Bay,20846baf-2fe5-403c-85d4-31520e88a3ce,SAMMS-GrandBay
202608262209456721,202608261955299867,202608261955298282,85,562,Bronze INV,br_AdmissionAssessmentDimensionFiveSubstanceUse,TASK_COMPLETE,SUCCESS,INFO,22,22,0,,2026-08-26T19:55:35.047Z,2026-08-26T22:11:39.517Z,8164,2026-08-26T22:11:39.517Z,TU,Tucson,20846baf-2fe5-403c-85d4-31520e88a3ce,SAMMS-Tucson
202608262209456722,202608261955299868,202608261955298282,85,564,Bronze INV,br_AdmissionAssessmentDimensionFiveSubstanceUse,TASK_COMPLETE,SUCCESS,INFO,250,250,0,,2026-08-26T19:55:35.047Z,2026-08-26T22:11:39.517Z,8164,2026-08-26T22:11:39.517Z,V1,Memphis South,20846baf-2fe5-403c-85d4-31520e88a3ce,SAMMS-VCPHCS-I-MemphisV5
202608262209456723,202608261955299869,202608261955298282,85,565,Bronze INV,br_AdmissionAssessmentDimensionFiveSubstanceUse,TASK_COMPLETE,SUCCESS,INFO,691,691,0,,2026-08-26T19:55:35.047Z,2026-08-26T22:11:39.517Z,8164,2026-08-26T22:11:39.517Z,V10,Longmont,20846baf-2fe5-403c-85d4-31520e88a3ce,SAMMS-BoulderV5
202608262209456725,202608261955299870,202608261955298282,85,566,Bronze INV,br_AdmissionAssessmentDimensionFiveSubstanceUse,TASK_COMPLETE,SUCCESS,INFO,1184,1184,0,,2026-08-26T19:55:35.047Z,2026-08-26T22:11:39.517Z,8164,2026-08-26T22:11:39.517Z,V10A,Fort Collins,20846baf-2fe5-403c-85d4-31520e88a3ce,SAMMS-FortCollinsV5
202608262209456726,202608261955299871,202608261955298282,85,567,Bronze INV,br_AdmissionAssessmentDimensionFiveSubstanceUse,TASK_COMPLETE,SUCCESS,INFO,981,981,0,,2026-08-26T19:55:35.047Z,2026-08-26T22:11:39.517Z,8164,2026-08-26T22:11:39.517Z,V11,Westminster,20846baf-2fe5-403c-85d4-31520e88a3ce,SAMMS-VCPHCS-XI-NorthDenverV5
202608262209456727,202608261955299872,202608261955298282,85,568,Bronze INV,br_AdmissionAssessmentDimensionFiveSubstanceUse,TASK_COMPLETE,SUCCESS,INFO,1051,1051,0,,2026-08-26T19:55:35.047Z,2026-08-26T22:11:39.517Z,8164,2026-08-26T22:11:39.517Z,V12,Downtown Denver,20846baf-2fe5-403c-85d4-31520e88a3ce,SAMMS-VCPHCS-XII-DowntownDenverV5
202608262209456728,202608261955299873,202608261955298282,85,569,Bronze INV,br_AdmissionAssessmentDimensionFiveSubstanceUse,TASK_COMPLETE,SUCCESS,INFO,474,474,0,,2026-08-26T19:55:35.047Z,2026-08-26T22:11:39.517Z,8164,2026-08-26T22:11:39.517Z,V12A,Centennial,20846baf-2fe5-403c-85d4-31520e88a3ce,SAMMS-CentennialV5
202608262209456729,202608261955299874,202608261955298282,85,570,Bronze INV,br_AdmissionAssessmentDimensionFiveSubstanceUse,TASK_COMPLETE,SUCCESS,INFO,291,291,0,,2026-08-26T19:55:35.047Z,2026-08-26T22:11:39.517Z,8164,2026-08-26T22:11:39.517Z,V14,Overland Park,20846baf-2fe5-403c-85d4-31520e88a3ce,SAMMS-VCPHCS-XIV-BridgewayV5
202608262209456730,202608261955299875,202608261955298282,85,571,Bronze INV,br_AdmissionAssessmentDimensionFiveSubstanceUse,TASK_COMPLETE,SUCCESS,INFO,563,563,0,,2026-08-26T19:55:35.047Z,2026-08-26T22:11:39.517Z,8164,2026-08-26T22:11:39.517Z,V15,Joplin,20846baf-2fe5-403c-85d4-31520e88a3ce,SAMMS-JoplinV5
202608262209456731,202608261955299876,202608261955298282,85,573,Bronze INV,br_AdmissionAssessmentDimensionFiveSubstanceUse,TASK_COMPLETE,SUCCESS,INFO,469,469,0,,2026-08-26T19:55:35.047Z,2026-08-26T22:11:39.517Z,8164,2026-08-26T22:11:39.517Z,V17,Columbia TN,20846baf-2fe5-403c-85d4-31520e88a3ce,SAMMS-ColumbiaTNv5
202608262209456732,202608261955299877,202608261955298282,85,575,Bronze INV,br_AdmissionAssessmentDimensionFiveSubstanceUse,TASK_COMPLETE,SUCCESS,INFO,412,412,0,,2026-08-26T19:55:35.047Z,2026-08-26T22:11:39.517Z,8164,2026-08-26T22:11:39.517Z,V19,Jackson,20846baf-2fe5-403c-85d4-31520e88a3ce,SAMMS-JacksonV5
202608262209456734,202608261955299878,202608261955298282,85,577,Bronze INV,br_AdmissionAssessmentDimensionFiveSubstanceUse,TASK_COMPLETE,SUCCESS,INFO,478,478,0,,2026-08-26T19:55:35.047Z,2026-08-26T22:11:39.517Z,8164,2026-08-26T22:11:39.517Z,V20,Paris,20846baf-2fe5-403c-85d4-31520e88a3ce,SAMMS-ParisV5
202608262209456735,202608261955299879,202608261955298282,85,578,Bronze INV,br_AdmissionAssessmentDimensionFiveSubstanceUse,TASK_COMPLETE,SUCCESS,INFO,353,353,0,,2026-08-26T19:55:35.047Z,2026-08-26T22:11:39.517Z,8164,2026-08-26T22:11:39.517Z,V21,Memphis North,20846baf-2fe5-403c-85d4-31520e88a3ce,SAMMS-RaleighV5
202608262209456736,202608261955299880,202608261955298282,85,581,Bronze INV,br_AdmissionAssessmentDimensionFiveSubstanceUse,TASK_COMPLETE,SUCCESS,INFO,698,698,0,,2026-08-26T19:55:35.047Z,2026-08-26T22:11:39.517Z,8164,2026-08-26T22:11:39.517Z,V5,West Bank,20846baf-2fe5-403c-85d4-31520e88a3ce,SAMMS-NONTCv5
202608262209456737,202608261955299881,202608261955298282,85,583,Bronze INV,br_AdmissionAssessmentDimensionFiveSubstanceUse,TASK_COMPLETE,SUCCESS,INFO,252,252,0,,2026-08-26T19:55:35.047Z,2026-08-26T22:11:39.517Z,8164,2026-08-26T22:11:39.517Z,V5B,Houma,20846baf-2fe5-403c-85d4-31520e88a3ce,SAMMS-HoumaV6
202608262209456738,202608261955299882,202608261955298282,85,584,Bronze INV,br_AdmissionAssessmentDimensionFiveSubstanceUse,TASK_COMPLETE,SUCCESS,INFO,951,951,0,,2026-08-26T19:55:35.047Z,2026-08-26T22:11:39.517Z,8164,2026-08-26T22:11:39.517Z,V6,Lake Charles,20846baf-2fe5-403c-85d4-31520e88a3ce,SAMMS-LCv5
202608262209456739,202608261955299883,202608261955298282,85,586,Bronze INV,br_AdmissionAssessmentDimensionFiveSubstanceUse,TASK_COMPLETE,SUCCESS,INFO,561,561,0,,2026-08-26T19:55:35.047Z,2026-08-26T22:11:39.517Z,8164,2026-08-26T22:11:39.517Z,V8,Memphis Midtown,20846baf-2fe5-403c-85d4-31520e88a3ce,SAMMS-VCPHCS-VIII-MemphisV5
202608262209456740,202608261955299884,202608261955298282,85,587,Bronze INV,br_AdmissionAssessmentDimensionFiveSubstanceUse,TASK_COMPLETE,SUCCESS,INFO,1564,1564,0,,2026-08-26T19:55:35.047Z,2026-08-26T22:11:39.517Z,8164,2026-08-26T22:11:39.517Z,V9,Nashville,20846baf-2fe5-403c-85d4-31520e88a3ce,SAMMS-NashvilleV5
202608262209456742,202608261955299885,202608261955298282,85,588,Bronze INV,br_AdmissionAssessmentDimensionFiveSubstanceUse,TASK_COMPLETE,SUCCESS,INFO,331,331,0,,2026-08-26T19:55:35.047Z,2026-08-26T22:11:39.517Z,8164,2026-08-26T22:11:39.517Z,VBRA,Brainerd,20846baf-2fe5-403c-85d4-31520e88a3ce,SAMMS-BrainerdV6
202608262209456743,202608261955299886,202608261955298282,85,589,Bronze INV,br_AdmissionAssessmentDimensionFiveSubstanceUse,TASK_COMPLETE,SUCCESS,INFO,587,587,0,,2026-08-26T19:55:35.047Z,2026-08-26T22:11:39.517Z,8164,2026-08-26T22:11:39.517Z,VBRP,Brooklyn Park,20846baf-2fe5-403c-85d4-31520e88a3ce,SAMMS-BrooklynParkV6
202608262209456744,202608261955299887,202608261955298282,85,591,Bronze INV,br_AdmissionAssessmentDimensionFiveSubstanceUse,TASK_COMPLETE,SUCCESS,INFO,573,573,0,,2026-08-26T19:55:35.047Z,2026-08-26T22:11:39.517Z,8164,2026-08-26T22:11:39.517Z,VMIN,Minneapolis,20846baf-2fe5-403c-85d4-31520e88a3ce,SAMMS-MinneapolisV6
202608262209459584,202608261955300907,202608261955298282,85,4248,Bronze INV,br_ReAssessmentSocial,TASK_COMPLETE,SUCCESS,INFO,3024,3024,0,,2026-08-26T19:55:35.047Z,2026-08-26T22:11:39.517Z,8164,2026-08-26T22:11:39.517Z,V12,Downtown Denver,20846baf-2fe5-403c-85d4-31520e88a3ce,SAMMS-VCPHCS-XII-DowntownDenverV5
202608262209459585,202608261955300908,202608261955298282,85,4249,Bronze INV,br_ReAssessmentSocial,TASK_COMPLETE,SUCCESS,INFO,1132,1132,0,,2026-08-26T19:55:35.047Z,2026-08-26T22:11:39.517Z,8164,2026-08-26T22:11:39.517Z,V12A,Centennial,20846baf-2fe5-403c-85d4-31520e88a3ce,SAMMS-CentennialV5
202608262209459586,202608261955300909,202608261955298282,85,4250,Bronze INV,br_ReAssessmentSocial,TASK_COMPLETE,SUCCESS,INFO,293,293,0,,2026-08-26T19:55:35.047Z,2026-08-26T22:11:39.517Z,8164,2026-08-26T22:11:39.517Z,V14,Overland Park,20846baf-2fe5-403c-85d4-31520e88a3ce,SAMMS-VCPHCS-XIV-BridgewayV5
202608262209459587,202608261955300910,202608261955298282,85,4251,Bronze INV,br_ReAssessmentSocial,TASK_COMPLETE,SUCCESS,INFO,608,608,0,,2026-08-26T19:55:35.047Z,2026-08-26T22:11:39.517Z,8164,2026-08-26T22:11:39.517Z,V15,Joplin,20846baf-2fe5-403c-85d4-31520e88a3ce,SAMMS-JoplinV5
202608262209459588,202608261955300911,202608261955298282,85,4253,Bronze INV,br_ReAssessmentSocial,TASK_COMPLETE,SUCCESS,INFO,901,901,0,,2026-08-26T19:55:35.047Z,2026-08-26T22:11:39.517Z,8164,2026-08-26T22:11:39.517Z,V17,Columbia TN,20846baf-2fe5-403c-85d4-31520e88a3ce,SAMMS-ColumbiaTNv5
202608262209459589,202608261955300912,202608261955298282,85,4255,Bronze INV,br_ReAssessmentSocial,TASK_COMPLETE,SUCCESS,INFO,533,533,0,,2026-08-26T19:55:35.047Z,2026-08-26T22:11:39.517Z,8164,2026-08-26T22:11:39.517Z,V19,Jackson,20846baf-2fe5-403c-85d4-31520e88a3ce,SAMMS-JacksonV5
202608262209459590,202608261955300913,202608261955298282,85,4257,Bronze INV,br_ReAssessmentSocial,TASK_COMPLETE,SUCCESS,INFO,1758,1758,0,,2026-08-26T19:55:35.047Z,2026-08-26T22:11:39.517Z,8164,2026-08-26T22:11:39.517Z,V20,Paris,20846baf-2fe5-403c-85d4-31520e88a3ce,SAMMS-ParisV5
202608262209459592,202608261955300914,202608261955298282,85,4258,Bronze INV,br_ReAssessmentSocial,TASK_COMPLETE,SUCCESS,INFO,723,723,0,,2026-08-26T19:55:35.047Z,2026-08-26T22:11:39.517Z,8164,2026-08-26T22:11:39.517Z,V21,Memphis North,20846baf-2fe5-403c-85d4-31520e88a3ce,SAMMS-RaleighV5
202608262209459593,202608261955300915,202608261955298282,85,4261,Bronze INV,br_ReAssessmentSocial,TASK_COMPLETE,SUCCESS,INFO,1770,1770,0,,2026-08-26T19:55:35.047Z,2026-08-26T22:11:39.517Z,8164,2026-08-26T22:11:39.517Z,V5,West Bank,20846baf-2fe5-403c-85d4-31520e88a3ce,SAMMS-NONTCv5
202608262209459594,202608261955300916,202608261955298282,85,4263,Bronze INV,br_ReAssessmentSocial,TASK_COMPLETE,SUCCESS,INFO,144,144,0,,2026-08-26T19:55:35.047Z,2026-08-26T22:11:39.517Z,8164,2026-08-26T22:11:39.517Z,V5B,Houma,20846baf-2fe5-403c-85d4-31520e88a3ce,SAMMS-HoumaV6
202608262209459595,202608261955300917,202608261955298282,85,4264,Bronze INV,br_ReAssessmentSocial,TASK_COMPLETE,SUCCESS,INFO,1906,1906,0,,2026-08-26T19:55:35.047Z,2026-08-26T22:11:39.517Z,8164,2026-08-26T22:11:39.517Z,V6,Lake Charles,20846baf-2fe5-403c-85d4-31520e88a3ce,SAMMS-LCv5
202608262209459596,202608261955300918,202608261955298282,85,4266,Bronze INV,br_ReAssessmentSocial,TASK_COMPLETE,SUCCESS,INFO,739,739,0,,2026-08-26T19:55:35.047Z,2026-08-26T22:11:39.517Z,8164,2026-08-26T22:11:39.517Z,V8,Memphis Midtown,20846baf-2fe5-403c-85d4-31520e88a3ce,SAMMS-VCPHCS-VIII-MemphisV5
202608262209459597,202608261955300919,202608261955298282,85,4267,Bronze INV,br_ReAssessmentSocial,TASK_COMPLETE,SUCCESS,INFO,1760,1760,0,,2026-08-26T19:55:35.047Z,2026-08-26T22:11:39.517Z,8164,2026-08-26T22:11:39.517Z,V9,Nashville,20846baf-2fe5-403c-85d4-31520e88a3ce,SAMMS-NashvilleV5
202608262209459599,202608261955300920,202608261955298282,85,4268,Bronze INV,br_ReAssessmentSocial,TASK_COMPLETE,SUCCESS,INFO,838,838,0,,2026-08-26T19:55:35.047Z,2026-08-26T22:11:39.517Z,8164,2026-08-26T22:11:39.517Z,VBRA,Brainerd,20846baf-2fe5-403c-85d4-31520e88a3ce,SAMMS-BrainerdV6
202608262209459600,202608261955300921,202608261955298282,85,4269,Bronze INV,br_ReAssessmentSocial,TASK_COMPLETE,SUCCESS,INFO,1957,1957,0,,2026-08-26T19:55:35.047Z,2026-08-26T22:11:39.517Z,8164,2026-08-26T22:11:39.517Z,VBRP,Brooklyn Park,20846baf-2fe5-403c-85d4-31520e88a3ce,SAMMS-BrooklynParkV6
202608262209459601,202608261955300922,202608261955298282,85,4271,Bronze INV,br_ReAssessmentSocial,TASK_COMPLETE,SUCCESS,INFO,740,740,0,,2026-08-26T19:55:35.047Z,2026-08-26T22:11:39.517Z,8164,2026-08-26T22:11:39.517Z,VMIN,Minneapolis,20846baf-2fe5-403c-85d4-31520e88a3ce,SAMMS-MinneapolisV6
202608262209459602,202608261955300923,202608261955298282,85,4272,Bronze INV,br_ReAssessmentSocial,TASK_COMPLETE,SUCCESS,INFO,876,876,0,,2026-08-26T19:55:35.047Z,2026-08-26T22:11:39.517Z,8164,2026-08-26T22:11:39.517Z,VWBY,Woodbury,20846baf-2fe5-403c-85d4-31520e88a3ce,SAMMS-WoodburyV6
202608262209459603,202608261955300924,202608261955298282,85,4274,Bronze INV,br_ReAssessmentSocial,TASK_COMPLETE,SUCCESS,INFO,161,161,0,,2026-08-26T19:55:35.047Z,2026-08-26T22:11:39.517Z,8164,2026-08-26T22:11:39.517Z,WIL,Wilson,20846baf-2fe5-403c-85d4-31520e88a3ce,SAMMS-Wilson
202608262209459705,202608261955398297,202608261955398282,86,5734,Silver INV,sl_ReAssessmentSocial,TASK_COMPLETE,SUCCESS,INFO,78434,78434,0,,2026-08-26T19:55:35.047Z,2026-08-26T22:11:39.517Z,8164,2026-08-26T22:11:39.517Z,,,20846baf-2fe5-403c-85d4-31520e88a3ce,
202608262209459629,202608261955300695,202608261955298282,85,4278,Bronze INV,br_ReAssessmentSubstanceUse,TASK_COMPLETE,SUCCESS,INFO,35,35,0,,2026-08-26T19:55:35.047Z,2026-08-26T22:11:39.517Z,8164,2026-08-26T22:11:39.517Z,AHK,Ahoskie,20846baf-2fe5-403c-85d4-31520e88a3ce,SAMMS-Ahoskie
202608262209459630,202608261955300696,202608261955298282,85,4279,Bronze INV,br_ReAssessmentSubstanceUse,TASK_COMPLETE,SUCCESS,INFO,673,673,0,,2026-08-26T19:55:35.047Z,2026-08-26T22:11:39.517Z,8164,2026-08-26T22:11:39.517Z,B12B,Colorado Springs,20846baf-2fe5-403c-85d4-31520e88a3ce,SAMMS-ColoradoSpringsV5
202608262209459631,202608261955300697,202608261955298282,85,4280,Bronze INV,br_ReAssessmentSubstanceUse,TASK_COMPLETE,SUCCESS,INFO,848,848,0,,2026-08-26T19:55:35.047Z,2026-08-26T22:11:39.517Z,8164,2026-08-26T22:11:39.517Z,B24,Paintsville,20846baf-2fe5-403c-85d4-31520e88a3ce,SAMMS-PaintsvilleV5
202608262209459632,202608261955300698,202608261955298282,85,4281,Bronze INV,br_ReAssessmentSubstanceUse,TASK_COMPLETE,SUCCESS,INFO,649,649,0,,2026-08-26T19:55:35.047Z,2026-08-26T22:11:39.517Z,8164,2026-08-26T22:11:39.517Z,B25,Pikeville,20846baf-2fe5-403c-85d4-31520e88a3ce,SAMMS-PikevilleV5
202608262209459633,202608261955300699,202608261955298282,85,4282,Bronze INV,br_ReAssessmentSubstanceUse,TASK_COMPLETE,SUCCESS,INFO,973,973,0,,2026-08-26T19:55:35.047Z,2026-08-26T22:11:39.517Z,8164,2026-08-26T22:11:39.517Z,B26,Hazard,20846baf-2fe5-403c-85d4-31520e88a3ce,SAMMS-HazardV5
202608262209459634,202608261955300700,202608261955298282,85,4283,Bronze INV,br_ReAssessmentSubstanceUse,TASK_COMPLETE,SUCCESS,INFO,538,538,0,,2026-08-26T19:55:35.047Z,2026-08-26T22:11:39.517Z,8164,2026-08-26T22:11:39.517Z,B27,Savannah,20846baf-2fe5-403c-85d4-31520e88a3ce,SAMMS-SavannahV6
202608262209459635,202608261955300701,202608261955298282,85,4284,Bronze INV,br_ReAssessmentSubstanceUse,TASK_COMPLETE,SUCCESS,INFO,248,248,0,,2026-08-26T19:55:35.047Z,2026-08-26T22:11:39.517Z,8164,2026-08-26T22:11:39.517Z,B28,West Plains,20846baf-2fe5-403c-85d4-31520e88a3ce,SAMMS-WestPlainesV5
202608262209459637,202608261955300702,202608261955298282,85,4285,Bronze INV,br_ReAssessmentSubstanceUse,TASK_COMPLETE,SUCCESS,INFO,464,464,0,,2026-08-26T19:55:35.047Z,2026-08-26T22:11:39.517Z,8164,2026-08-26T22:11:39.517Z,B29,Poplar Bluff,20846baf-2fe5-403c-85d4-31520e88a3ce,SAMMS-PoplarBluffV5
202608262209459638,202608261955300703,202608261955298282,85,4286,Bronze INV,br_ReAssessmentSubstanceUse,TASK_COMPLETE,SUCCESS,INFO,82,82,0,,2026-08-26T19:55:35.047Z,2026-08-26T22:11:39.517Z,8164,2026-08-26T22:11:39.517Z,B30,KC North,20846baf-2fe5-403c-85d4-31520e88a3ce,SAMMS-KCNv5
202608262209459639,202608261955300704,202608261955298282,85,4287,Bronze INV,br_ReAssessmentSubstanceUse,TASK_COMPLETE,SUCCESS,INFO,402,402,0,,2026-08-26T19:55:35.047Z,2026-08-26T22:11:39.517Z,8164,2026-08-26T22:11:39.517Z,B31,Dyersburg,20846baf-2fe5-403c-85d4-31520e88a3ce,SAMMS-DyersburgV5
202608262209459640,202608261955300705,202608261955298282,85,4289,Bronze INV,br_ReAssessmentSubstanceUse,TASK_COMPLETE,SUCCESS,INFO,489,489,0,,2026-08-26T19:55:35.047Z,2026-08-26T22:11:39.517Z,8164,2026-08-26T22:11:39.517Z,B33,Paducah,20846baf-2fe5-403c-85d4-31520e88a3ce,SAMMS-Paducah
202608262209459641,202608261955300706,202608261955298282,85,4290,Bronze INV,br_ReAssessmentSubstanceUse,TASK_COMPLETE,SUCCESS,INFO,388,388,0,,2026-08-26T19:55:35.047Z,2026-08-26T22:11:39.517Z,8164,2026-08-26T22:11:39.517Z,B34,Corbin,20846baf-2fe5-403c-85d4-31520e88a3ce,SAMMS-CorbinV5
202608262209459642,202608261955300707,202608261955298282,85,4291,Bronze INV,br_ReAssessmentSubstanceUse,TASK_COMPLETE,SUCCESS,INFO,243,243,0,,2026-08-26T19:55:35.047Z,2026-08-26T22:11:39.517Z,8164,2026-08-26T22:11:39.517Z,B35,Lexington,20846baf-2fe5-403c-85d4-31520e88a3ce,SAMMS-LexingtonV5
202608262209459644,202608261955300708,202608261955298282,85,4292,Bronze INV,br_ReAssessmentSubstanceUse,TASK_COMPLETE,SUCCESS,INFO,77,77,0,,2026-08-26T19:55:35.047Z,2026-08-26T22:11:39.517Z,8164,2026-08-26T22:11:39.517Z,B35A,Berea,20846baf-2fe5-403c-85d4-31520e88a3ce,SAMMS-BereaV5
202608262209459645,202608261955300709,202608261955298282,85,4293,Bronze INV,br_ReAssessmentSubstanceUse,TASK_COMPLETE,SUCCESS,INFO,22,22,0,,2026-08-26T19:55:35.047Z,2026-08-26T22:11:39.517Z,8164,2026-08-26T22:11:39.517Z,B36,Asheville,20846baf-2fe5-403c-85d4-31520e88a3ce,SAMMS-AshevilleV5
202608262209459646,202608261955300710,202608261955298282,85,4294,Bronze INV,br_ReAssessmentSubstanceUse,TASK_COMPLETE,SUCCESS,INFO,2,2,0,,2026-08-26T19:55:35.047Z,2026-08-26T22:11:39.517Z,8164,2026-08-26T22:11:39.517Z,B37,Clyde,20846baf-2fe5-403c-85d4-31520e88a3ce,SAMMS-ClydeV5
202608262209459647,202608261955300711,202608261955298282,85,4295,Bronze INV,br_ReAssessmentSubstanceUse,TASK_COMPLETE,SUCCESS,INFO,1194,1194,0,,2026-08-26T19:55:35.047Z,2026-08-26T22:11:39.517Z,8164,2026-08-26T22:11:39.517Z,B38,Spartanburg,20846baf-2fe5-403c-85d4-31520e88a3ce,SAMMS-SpartanburgV5
202608262209459648,202608261955300712,202608261955298282,85,4296,Bronze INV,br_ReAssessmentSubstanceUse,TASK_COMPLETE,SUCCESS,INFO,367,367,0,,2026-08-26T19:55:35.047Z,2026-08-26T22:11:39.517Z,8164,2026-08-26T22:11:39.517Z,B39,Aiken,20846baf-2fe5-403c-85d4-31520e88a3ce,SAMMS-AikenV5
202608262209459649,202608261955300713,202608261955298282,85,4297,Bronze INV,br_ReAssessmentSubstanceUse,TASK_COMPLETE,SUCCESS,INFO,1908,1908,0,,2026-08-26T19:55:35.047Z,2026-08-26T22:11:39.517Z,8164,2026-08-26T22:11:39.517Z,B41,Chesapeake,20846baf-2fe5-403c-85d4-31520e88a3ce,SAMMS-ChesapeakeV5
202608262209459651,202608261955300714,202608261955298282,85,4298,Bronze INV,br_ReAssessmentSubstanceUse,TASK_COMPLETE,SUCCESS,INFO,1938,1938,0,,2026-08-26T19:55:35.047Z,2026-08-26T22:11:39.517Z,8164,2026-08-26T22:11:39.517Z,B42,Virginia Beach,20846baf-2fe5-403c-85d4-31520e88a3ce,SAMMS-VirginiaBeachV5
202608262209459652,202608261955300715,202608261955298282,85,4299,Bronze INV,br_ReAssessmentSubstanceUse,TASK_COMPLETE,SUCCESS,INFO,945,945,0,,2026-08-26T19:55:35.047Z,2026-08-26T22:11:39.517Z,8164,2026-08-26T22:11:39.517Z,B42A,Newport News,20846baf-2fe5-403c-85d4-31520e88a3ce,SAMMS-NewportNewsV5
202608262209459653,202608261955300716,202608261955298282,85,4300,Bronze INV,br_ReAssessmentSubstanceUse,TASK_COMPLETE,SUCCESS,INFO,515,515,0,,2026-08-26T19:55:35.047Z,2026-08-26T22:11:39.517Z,8164,2026-08-26T22:11:39.517Z,B42B,Franklin,20846baf-2fe5-403c-85d4-31520e88a3ce,SAMMS-FranklinV5
202608262209459654,202608261955300717,202608261955298282,85,4301,Bronze INV,br_ReAssessmentSubstanceUse,TASK_COMPLETE,SUCCESS,INFO,352,352,0,,2026-08-26T19:55:35.047Z,2026-08-26T22:11:39.517Z,8164,2026-08-26T22:11:39.517Z,B42C,Glen Allen,20846baf-2fe5-403c-85d4-31520e88a3ce,SAMMS-GlenAllenV5
202608262209459655,202608261955300718,202608261955298282,85,4302,Bronze INV,br_ReAssessmentSubstanceUse,TASK_COMPLETE,SUCCESS,INFO,1510,1510,0,,2026-08-26T19:55:35.047Z,2026-08-26T22:11:39.517Z,8164,2026-08-26T22:11:39.517Z,B42D,Chesapeake South,20846baf-2fe5-403c-85d4-31520e88a3ce,SAMMS-ChesapeakeSouthV5
202608262209459656,202608261955300719,202608261955298282,85,4303,Bronze INV,br_ReAssessmentSubstanceUse,TASK_COMPLETE,SUCCESS,INFO,638,638,0,,2026-08-26T19:55:35.047Z,2026-08-26T22:11:39.517Z,8164,2026-08-26T22:11:39.517Z,B44,Albany,20846baf-2fe5-403c-85d4-31520e88a3ce,SAMMS-AlbanyV5
202608262209459657,202608261955300720,202608261955298282,85,4304,Bronze INV,br_ReAssessmentSubstanceUse,TASK_COMPLETE,SUCCESS,INFO,1278,1278,0,,2026-08-26T19:55:35.047Z,2026-08-26T22:11:39.517Z,8164,2026-08-26T22:11:39.517Z,B45,Tifton,20846baf-2fe5-403c-85d4-31520e88a3ce,SAMMS-TiftonV5
202608262209459659,202608261955300721,202608261955298282,85,4305,Bronze INV,br_ReAssessmentSubstanceUse,TASK_COMPLETE,SUCCESS,INFO,605,605,0,,2026-08-26T19:55:35.047Z,2026-08-26T22:11:39.517Z,8164,2026-08-26T22:11:39.517Z,B46,Washington DC,20846baf-2fe5-403c-85d4-31520e88a3ce,SAMMS-WashingtonDCv5
202608262209459660,202608261955300722,202608261955298282,85,4306,Bronze INV,br_ReAssessmentSubstanceUse,TASK_COMPLETE,SUCCESS,INFO,1599,1599,0,,2026-08-26T19:55:35.047Z,2026-08-26T22:11:39.517Z,8164,2026-08-26T22:11:39.517Z,B47,Mobile,20846baf-2fe5-403c-85d4-31520e88a3ce,SAMMS-MobileV5
202608262209459661,202608261955300723,202608261955298282,85,4307,Bronze INV,br_ReAssessmentSubstanceUse,TASK_COMPLETE,SUCCESS,INFO,1307,1307,0,,2026-08-26T19:55:35.047Z,2026-08-26T22:11:39.517Z,8164,2026-08-26T22:11:39.517Z,B48,Tuscaloosa,20846baf-2fe5-403c-85d4-31520e88a3ce,SAMMS-TuscaloosaV5
202608262209459662,202608261955300724,202608261955298282,85,4316,Bronze INV,br_ReAssessmentSubstanceUse,TASK_COMPLETE,SUCCESS,INFO,5,5,0,,2026-08-26T19:55:35.047Z,2026-08-26T22:11:39.517Z,8164,2026-08-26T22:11:39.517Z,B51,N. Little Rock (OTP),20846baf-2fe5-403c-85d4-31520e88a3ce,SAMMS-NorthLittleRockV6
202608262209459663,202608261955300725,202608261955298282,85,4317,Bronze INV,br_ReAssessmentSubstanceUse,TASK_COMPLETE,SUCCESS,INFO,466,466,0,,2026-08-26T19:55:35.047Z,2026-08-26T22:11:39.517Z,8164,2026-08-26T22:11:39.517Z,B52,Jackson GA,20846baf-2fe5-403c-85d4-31520e88a3ce,SAMMS-JacksonGAV5
202608262209459664,202608261955300726,202608261955298282,85,4318,Bronze INV,br_ReAssessmentSubstanceUse,TASK_COMPLETE,SUCCESS,INFO,1711,1711,0,,2026-08-26T19:55:35.047Z,2026-08-26T22:11:39.517Z,8164,2026-08-26T22:11:39.517Z,B54,Gadsden,20846baf-2fe5-403c-85d4-31520e88a3ce,SAMMS-GadsdenV5
202608262209459665,202608261955300727,202608261955298282,85,4319,Bronze INV,br_ReAssessmentSubstanceUse,TASK_COMPLETE,SUCCESS,INFO,968,968,0,,2026-08-26T19:55:35.047Z,2026-08-26T22:11:39.517Z,8164,2026-08-26T22:11:39.517Z,B55,Shoals,20846baf-2fe5-403c-85d4-31520e88a3ce,SAMMS-ShoalsV5
202608262209459667,202608261955300728,202608261955298282,85,4320,Bronze INV,br_ReAssessmentSubstanceUse,TASK_COMPLETE,SUCCESS,INFO,296,296,0,,2026-08-26T19:55:35.047Z,2026-08-26T22:11:39.517Z,8164,2026-08-26T22:11:39.517Z,B57,Pawtucket,20846baf-2fe5-403c-85d4-31520e88a3ce,SAMMS-Pawtucket
202608262209459668,202608261955300729,202608261955298282,85,4321,Bronze INV,br_ReAssessmentSubstanceUse,TASK_COMPLETE,SUCCESS,INFO,559,559,0,,2026-08-26T19:55:35.047Z,2026-08-26T22:11:39.517Z,8164,2026-08-26T22:11:39.517Z,B57A,Johnston,20846baf-2fe5-403c-85d4-31520e88a3ce,SAMMS-Johnston
202608262209459669,202608261955300730,202608261955298282,85,4322,Bronze INV,br_ReAssessmentSubstanceUse,TASK_COMPLETE,SUCCESS,INFO,169,169,0,,2026-08-26T19:55:35.047Z,2026-08-26T22:11:39.517Z,8164,2026-08-26T22:11:39.517Z,B57B,Middletown,20846baf-2fe5-403c-85d4-31520e88a3ce,SAMMS-Middletown
202608262209459670,202608261955300731,202608261955298282,85,4323,Bronze INV,br_ReAssessmentSubstanceUse,TASK_COMPLETE,SUCCESS,INFO,418,418,0,,2026-08-26T19:55:35.047Z,2026-08-26T22:11:39.517Z,8164,2026-08-26T22:11:39.517Z,B57C,Providence,20846baf-2fe5-403c-85d4-31520e88a3ce,SAMMS-Providence
202608262209459671,202608261955300732,202608261955298282,85,4324,Bronze INV,br_ReAssessmentSubstanceUse,TASK_COMPLETE,SUCCESS,INFO,642,642,0,,2026-08-26T19:55:35.047Z,2026-08-26T22:11:39.517Z,8164,2026-08-26T22:11:39.517Z,B57D,Westerly,20846baf-2fe5-403c-85d4-31520e88a3ce,SAMMS-Westerly
202608262209459672,202608261955300733,202608261955298282,85,4328,Bronze INV,br_ReAssessmentSubstanceUse,TASK_COMPLETE,SUCCESS,INFO,4,4,0,,2026-08-26T19:55:35.047Z,2026-08-26T22:11:39.517Z,8164,2026-08-26T22:11:39.517Z,B66A,Bremen,20846baf-2fe5-403c-85d4-31520e88a3ce,SAMMS-Bremen
202608262209459673,202608261955300734,202608261955298282,85,4331,Bronze INV,br_ReAssessmentSubstanceUse,TASK_COMPLETE,SUCCESS,INFO,0,0,0,,2026-08-26T19:55:35.047Z,2026-08-26T22:11:39.517Z,8164,2026-08-26T22:11:39.517Z,B72,Mobile (OBOT),20846baf-2fe5-403c-85d4-31520e88a3ce,SAMMS-Mobile-OBOT
202608262209459675,202608261955300735,202608261955298282,85,4332,Bronze INV,br_ReAssessmentSubstanceUse,TASK_COMPLETE,SUCCESS,INFO,0,0,0,,2026-08-26T19:55:35.047Z,2026-08-26T22:11:39.517Z,8164,2026-08-26T22:11:39.517Z,B73,Montgomery,20846baf-2fe5-403c-85d4-31520e88a3ce,SAMMS-Montgomery
202608262209459676,202608261955300736,202608261955298282,85,4333,Bronze INV,br_ReAssessmentSubstanceUse,TASK_COMPLETE,SUCCESS,INFO,523,523,0,,2026-08-26T19:55:35.047Z,2026-08-26T22:11:39.517Z,8164,2026-08-26T22:11:39.517Z,B75,Lawrence,20846baf-2fe5-403c-85d4-31520e88a3ce,SAMMS-LawrenceV6
202608262209459677,202608261955300737,202608261955298282,85,4334,Bronze INV,br_ReAssessmentSubstanceUse,TASK_COMPLETE,SUCCESS,INFO,0,0,0,,2026-08-26T19:55:35.047Z,2026-08-26T22:11:39.517Z,8164,2026-08-26T22:11:39.517Z,B76,Huntsville OBOT,20846baf-2fe5-403c-85d4-31520e88a3ce,SAMMS-Huntsville-OBOT
202608262209459678,202608261955300738,202608261955298282,85,4335,Bronze INV,br_ReAssessmentSubstanceUse,TASK_COMPLETE,SUCCESS,INFO,0,0,0,,2026-08-26T19:55:35.047Z,2026-08-26T22:11:39.517Z,8164,2026-08-26T22:11:39.517Z,BAT,Batesville,20846baf-2fe5-403c-85d4-31520e88a3ce,SAMMS-Batesville
202608262209459679,202608261955300739,202608261955298282,85,4336,Bronze INV,br_ReAssessmentSubstanceUse,TASK_COMPLETE,SUCCESS,INFO,465,465,0,,2026-08-26T19:55:35.047Z,2026-08-26T22:11:39.517Z,8164,2026-08-26T22:11:39.517Z,BG,Bowling Green,20846baf-2fe5-403c-85d4-31520e88a3ce,SAMMS-BowlingGreen
202608262209459680,202608261955300740,202608261955298282,85,4337,Bronze INV,br_ReAssessmentSubstanceUse,TASK_COMPLETE,SUCCESS,INFO,185,185,0,,2026-08-26T19:55:35.047Z,2026-08-26T22:11:39.517Z,8164,2026-08-26T22:11:39.517Z,BOI,Boise,20846baf-2fe5-403c-85d4-31520e88a3ce,SAMMS-Boise
202608262209459681,202608261955300741,202608261955298282,85,4344,Bronze INV,br_ReAssessmentSubstanceUse,TASK_COMPLETE,SUCCESS,INFO,57,57,0,,2026-08-26T19:55:35.047Z,2026-08-26T22:11:39.517Z,8164,2026-08-26T22:11:39.517Z,CBCO,Coeur dAlene,20846baf-2fe5-403c-85d4-31520e88a3ce,SAMMS-CoeurdAleneV6
202608262209459683,202608261955300742,202608261955298282,85,4363,Bronze INV,br_ReAssessmentSubstanceUse,TASK_COMPLETE,SUCCESS,INFO,0,0,0,,2026-08-26T19:55:35.047Z,2026-08-26T22:11:39.517Z,8164,2026-08-26T22:11:39.517Z,CON,Conway,20846baf-2fe5-403c-85d4-31520e88a3ce,SAMMS-Conway
202608262209459684,202608261955300743,202608261955298282,85,4364,Bronze INV,br_ReAssessmentSubstanceUse,TASK_COMPLETE,SUCCESS,INFO,2630,2630,0,,2026-08-26T19:55:35.047Z,2026-08-26T22:11:39.517Z,8164,2026-08-26T22:11:39.517Z,D07,Medical Services Knox TN,20846baf-2fe5-403c-85d4-31520e88a3ce,SAMMS-KnoxvilleV6
202608262209459685,202608261955300744,202608261955298282,85,4365,Bronze INV,br_ReAssessmentSubstanceUse,TASK_COMPLETE,SUCCESS,INFO,116,116,0,,2026-08-26T19:55:35.047Z,2026-08-26T22:11:39.517Z,8164,2026-08-26T22:11:39.517Z,D08,Madison,20846baf-2fe5-403c-85d4-31520e88a3ce,SAMMS-MadisonV6
202608262209459686,202608261955300745,202608261955298282,85,4367,Bronze INV,br_ReAssessmentSubstanceUse,TASK_COMPLETE,SUCCESS,INFO,137,137,0,,2026-08-26T19:55:35.047Z,2026-08-26T22:11:39.517Z,8164,2026-08-26T22:11:39.517Z,D09,Murfreesboro,20846baf-2fe5-403c-85d4-31520e88a3ce,SAMMS-MurfreesboroV6
202608262209459687,202608261955300746,202608261955298282,85,4368,Bronze INV,br_ReAssessmentSubstanceUse,TASK_COMPLETE,SUCCESS,INFO,340,340,0,,2026-08-26T19:55:35.047Z,2026-08-26T22:11:39.517Z,8164,2026-08-26T22:11:39.517Z,DA,Davenport,20846baf-2fe5-403c-85d4-31520e88a3ce,SAMMS-Davenport
202608262209459688,202608261955300747,202608261955298282,85,4369,Bronze INV,br_ReAssessmentSubstanceUse,TASK_COMPLETE,SUCCESS,INFO,292,292,0,,2026-08-26T19:55:35.047Z,2026-08-26T22:11:39.517Z,8164,2026-08-26T22:11:39.517Z,DM,Des Moines,20846baf-2fe5-403c-85d4-31520e88a3ce,SAMMS-DesMoines
202608262209459690,202608261955300748,202608261955298282,85,4371,Bronze INV,br_ReAssessmentSubstanceUse,TASK_COMPLETE,SUCCESS,INFO,534,534,0,,2026-08-26T19:55:35.047Z,2026-08-26T22:11:39.517Z,8164,2026-08-26T22:11:39.517Z,DRD-CO,Columbia MO,20846baf-2fe5-403c-85d4-31520e88a3ce,SAMMS-ColumbiaV5
202608262209459691,202608261955300749,202608261955298282,85,4372,Bronze INV,br_ReAssessmentSubstanceUse,TASK_COMPLETE,SUCCESS,INFO,348,348,0,,2026-08-26T19:55:35.047Z,2026-08-26T22:11:39.517Z,8164,2026-08-26T22:11:39.517Z,DRD-KC,KC,20846baf-2fe5-403c-85d4-31520e88a3ce,SAMMS-KCv5
202608262209459692,202608261955300750,202608261955298282,85,4373,Bronze INV,br_ReAssessmentSubstanceUse,TASK_COMPLETE,SUCCESS,INFO,1572,1572,0,,2026-08-26T19:55:35.047Z,2026-08-26T22:11:39.517Z,8164,2026-08-26T22:11:39.517Z,DRD-KVB,KVB,20846baf-2fe5-403c-85d4-31520e88a3ce,SAMMS-KVBv5
202608262209459693,202608261955300751,202608261955298282,85,4374,Bronze INV,br_ReAssessmentSubstanceUse,TASK_COMPLETE,SUCCESS,INFO,1688,1688,0,,2026-08-26T19:55:35.047Z,2026-08-26T22:11:39.517Z,8164,2026-08-26T22:11:39.517Z,DRD-KVC,KVC,20846baf-2fe5-403c-85d4-31520e88a3ce,SAMMS-KVCv5
202608262209459694,202608261955300752,202608261955298282,85,4375,Bronze INV,br_ReAssessmentSubstanceUse,TASK_COMPLETE,SUCCESS,INFO,3216,3216,0,,2026-08-26T19:55:35.047Z,2026-08-26T22:11:39.517Z,8164,2026-08-26T22:11:39.517Z,DRD-NOLA,NOLA,20846baf-2fe5-403c-85d4-31520e88a3ce,SAMMS-NOLAv5
202608262209459695,202608261955300753,202608261955298282,85,4376,Bronze INV,br_ReAssessmentSubstanceUse,TASK_COMPLETE,SUCCESS,INFO,817,817,0,,2026-08-26T19:55:35.047Z,2026-08-26T22:11:39.517Z,8164,2026-08-26T22:11:39.517Z,DRD-SF,Springfield,20846baf-2fe5-403c-85d4-31520e88a3ce,SAMMS-SFv5
202608262209459696,202608261955300754,202608261955298282,85,4378,Bronze INV,br_ReAssessmentSubstanceUse,TASK_COMPLETE,SUCCESS,INFO,262,262,0,,2026-08-26T19:55:35.047Z,2026-08-26T22:11:39.517Z,8164,2026-08-26T22:11:39.517Z,ELC,Elizabeth City,20846baf-2fe5-403c-85d4-31520e88a3ce,SAMMS-ElizabethCity
202608262209459698,202608261955300755,202608261955298282,85,4379,Bronze INV,br_ReAssessmentSubstanceUse,TASK_COMPLETE,SUCCESS,INFO,128,128,0,,2026-08-26T19:55:35.047Z,2026-08-26T22:11:39.517Z,8164,2026-08-26T22:11:39.517Z,ET,Elizabethtown,20846baf-2fe5-403c-85d4-31520e88a3ce,SAMMS-Elizabethtown
202608262209459699,202608261955300756,202608261955298282,85,4380,Bronze INV,br_ReAssessmentSubstanceUse,TASK_COMPLETE,SUCCESS,INFO,0,0,0,,2026-08-26T19:55:35.047Z,2026-08-26T22:11:39.517Z,8164,2026-08-26T22:11:39.517Z,FAY,Fayetteville,20846baf-2fe5-403c-85d4-31520e88a3ce,SAMMS-Fayetteville
202608262209459700,202608261955300757,202608261955298282,85,4381,Bronze INV,br_ReAssessmentSubstanceUse,TASK_COMPLETE,SUCCESS,INFO,158,158,0,,2026-08-26T19:55:35.047Z,2026-08-26T22:11:39.517Z,8164,2026-08-26T22:11:39.517Z,FR,Frankfort,20846baf-2fe5-403c-85d4-31520e88a3ce,SAMMS-Frankfort
202608262209459701,202608261955300758,202608261955298282,85,4382,Bronze INV,br_ReAssessmentSubstanceUse,TASK_COMPLETE,SUCCESS,INFO,0,0,0,,2026-08-26T19:55:35.047Z,2026-08-26T22:11:39.517Z,8164,2026-08-26T22:11:39.517Z,FS,Fort Smith,20846baf-2fe5-403c-85d4-31520e88a3ce,SAMMS-FortSmith
202608262209459702,202608261955300759,202608261955298282,85,4383,Bronze INV,br_ReAssessmentSubstanceUse,TASK_COMPLETE,SUCCESS,INFO,472,472,0,,2026-08-26T19:55:35.047Z,2026-08-26T22:11:39.517Z,8164,2026-08-26T22:11:39.517Z,FW,Fort Wayne,20846baf-2fe5-403c-85d4-31520e88a3ce,SAMMS-FortWayne
202608262209459703,202608261955300760,202608261955298282,85,4384,Bronze INV,br_ReAssessmentSubstanceUse,TASK_COMPLETE,SUCCESS,INFO,276,276,0,,2026-08-26T19:55:35.047Z,2026-08-26T22:11:39.517Z,8164,2026-08-26T22:11:39.517Z,GAL,Gaylord,20846baf-2fe5-403c-85d4-31520e88a3ce,SAMMS-Gaylord
202608262209459704,202608261955300761,202608261955298282,85,4388,Bronze INV,br_ReAssessmentSubstanceUse,TASK_COMPLETE,SUCCESS,INFO,102,102,0,,2026-08-26T19:55:35.047Z,2026-08-26T22:11:39.517Z,8164,2026-08-26T22:11:39.517Z,HGT,Hagerstown,20846baf-2fe5-403c-85d4-31520e88a3ce,SAMMS-Hagerstown
202608262209459706,202608261955300762,202608261955298282,85,4389,Bronze INV,br_ReAssessmentSubstanceUse,TASK_COMPLETE,SUCCESS,INFO,1747,1747,0,,2026-08-26T19:55:35.047Z,2026-08-26T22:11:39.517Z,8164,2026-08-26T22:11:39.517Z,HNT,Huntsville,20846baf-2fe5-403c-85d4-31520e88a3ce,SAMMS-Huntsville
202608262209459707,202608261955300763,202608261955298282,85,4390,Bronze INV,br_ReAssessmentSubstanceUse,TASK_COMPLETE,SUCCESS,INFO,0,0,0,,2026-08-26T19:55:35.047Z,2026-08-26T22:11:39.517Z,8164,2026-08-26T22:11:39.517Z,HS,Hot Springs,20846baf-2fe5-403c-85d4-31520e88a3ce,SAMMS-HotSprings
202608262209459708,202608261955300764,202608261955298282,85,4391,Bronze INV,br_ReAssessmentSubstanceUse,TASK_COMPLETE,SUCCESS,INFO,0,0,0,,2026-08-26T19:55:35.047Z,2026-08-26T22:11:39.517Z,8164,2026-08-26T22:11:39.517Z,JON,Jonesboro,20846baf-2fe5-403c-85d4-31520e88a3ce,SAMMS-Jonesboro
202608262209459709,202608261955300765,202608261955298282,85,4393,Bronze INV,br_ReAssessmentSubstanceUse,TASK_COMPLETE,SUCCESS,INFO,455,455,0,,2026-08-26T19:55:35.047Z,2026-08-26T22:11:39.517Z,8164,2026-08-26T22:11:39.517Z,LAN,Lansing,20846baf-2fe5-403c-85d4-31520e88a3ce,SAMMS-Lansing
202608262209459710,202608261955300766,202608261955298282,85,4394,Bronze INV,br_ReAssessmentSubstanceUse,TASK_COMPLETE,SUCCESS,INFO,1293,1293,0,,2026-08-26T19:55:35.047Z,2026-08-26T22:11:39.517Z,8164,2026-08-26T22:11:39.517Z,LO,Louisville,20846baf-2fe5-403c-85d4-31520e88a3ce,SAMMS-Louisville
202608262209459711,202608261955300767,202608261955298282,85,4395,Bronze INV,br_ReAssessmentSubstanceUse,TASK_COMPLETE,SUCCESS,INFO,295,295,0,,2026-08-26T19:55:35.047Z,2026-08-26T22:11:39.517Z,8164,2026-08-26T22:11:39.517Z,LV1,Cheyenne,20846baf-2fe5-403c-85d4-31520e88a3ce,SAMMS-Cheyenne
202608262209459712,202608261955300768,202608261955298282,85,4396,Bronze INV,br_ReAssessmentSubstanceUse,TASK_COMPLETE,SUCCESS,INFO,205,205,0,,2026-08-26T19:55:35.047Z,2026-08-26T22:11:39.517Z,8164,2026-08-26T22:11:39.517Z,LV2,Desert Inn,20846baf-2fe5-403c-85d4-31520e88a3ce,SAMMS-DesertInn
202608262209459714,202608261955300769,202608261955298282,85,4397,Bronze INV,br_ReAssessmentSubstanceUse,TASK_COMPLETE,SUCCESS,INFO,111,111,0,,2026-08-26T19:55:35.047Z,2026-08-26T22:11:39.517Z,8164,2026-08-26T22:11:39.517Z,LV3,McDaniel,20846baf-2fe5-403c-85d4-31520e88a3ce,SAMMS-McDaniel
202608262209459715,202608261955300770,202608261955298282,85,4400,Bronze INV,br_ReAssessmentSubstanceUse,TASK_COMPLETE,SUCCESS,INFO,365,365,0,,2026-08-26T19:55:35.047Z,2026-08-26T22:11:39.517Z,8164,2026-08-26T22:11:39.517Z,MNRE,Monroe,20846baf-2fe5-403c-85d4-31520e88a3ce,SAMMS-Monroe
202608262209459716,202608261955300771,202608261955298282,85,4401,Bronze INV,br_ReAssessmentSubstanceUse,TASK_COMPLETE,SUCCESS,INFO,1437,1437,0,,2026-08-26T19:55:35.047Z,2026-08-26T22:11:39.517Z,8164,2026-08-26T22:11:39.517Z,MP,Mt. Pleasant,20846baf-2fe5-403c-85d4-31520e88a3ce,SAMMS-MtPleasant
202608262209459717,202608261955300772,202608261955298282,85,4402,Bronze INV,br_ReAssessmentSubstanceUse,TASK_COMPLETE,SUCCESS,INFO,156,156,0,,2026-08-26T19:55:35.047Z,2026-08-26T22:11:39.517Z,8164,2026-08-26T22:11:39.517Z,MRD,Meridian,20846baf-2fe5-403c-85d4-31520e88a3ce,SAMMS-Meridian
202608262209459718,202608261955300773,202608261955298282,85,4407,Bronze INV,br_ReAssessmentSubstanceUse,TASK_COMPLETE,SUCCESS,INFO,697,697,0,,2026-08-26T19:55:35.047Z,2026-08-26T22:11:39.517Z,8164,2026-08-26T22:11:39.517Z,NC,North Charleston,20846baf-2fe5-403c-85d4-31520e88a3ce,SAMMS-NorthCharleston
202608262209459719,202608261955300774,202608261955298282,85,4408,Bronze INV,br_ReAssessmentSubstanceUse,TASK_COMPLETE,SUCCESS,INFO,0,0,0,,2026-08-26T19:55:35.047Z,2026-08-26T22:11:39.517Z,8164,2026-08-26T22:11:39.517Z,NLR,N. Little Rock,20846baf-2fe5-403c-85d4-31520e88a3ce,SAMMS-NLROBOT
202608262209459720,202608261955300775,202608261955298282,85,4409,Bronze INV,br_ReAssessmentSubstanceUse,TASK_COMPLETE,SUCCESS,INFO,115,115,0,,2026-08-26T19:55:35.047Z,2026-08-26T22:11:39.517Z,8164,2026-08-26T22:11:39.517Z,PH,Phoenix,20846baf-2fe5-403c-85d4-31520e88a3ce,SAMMS-Phoenix
202608262209459722,202608261955300776,202608261955298282,85,4413,Bronze INV,br_ReAssessmentSubstanceUse,TASK_COMPLETE,SUCCESS,INFO,219,219,0,,2026-08-26T19:55:35.047Z,2026-08-26T22:11:39.517Z,8164,2026-08-26T22:11:39.517Z,RE,Reno,20846baf-2fe5-403c-85d4-31520e88a3ce,SAMMS-Reno
202608262209459723,202608261955300777,202608261955298282,85,4414,Bronze INV,br_ReAssessmentSubstanceUse,TASK_COMPLETE,SUCCESS,INFO,89,89,0,,2026-08-26T19:55:35.047Z,2026-08-26T22:11:39.517Z,8164,2026-08-26T22:11:39.517Z,RMD,Richmond,20846baf-2fe5-403c-85d4-31520e88a3ce,SAMMS-Richmond
202608262209459724,202608261955300778,202608261955298282,85,4415,Bronze INV,br_ReAssessmentSubstanceUse,TASK_COMPLETE,SUCCESS,INFO,594,594,0,,2026-08-26T19:55:35.047Z,2026-08-26T22:11:39.517Z,8164,2026-08-26T22:11:39.517Z,SFN,Springfield North,20846baf-2fe5-403c-85d4-31520e88a3ce,SAMMS-SFNv5
202608262209459725,202608261955300779,202608261955298282,85,4416,Bronze INV,br_ReAssessmentSubstanceUse,TASK_COMPLETE,SUCCESS,INFO,790,790,0,,2026-08-26T19:55:35.047Z,2026-08-26T22:11:39.517Z,8164,2026-08-26T22:11:39.517Z,SHP,Shreveport,20846baf-2fe5-403c-85d4-31520e88a3ce,SAMMS-Shreveport
202608262209459726,202608261955300780,202608261955298282,85,4418,Bronze INV,br_ReAssessmentSubstanceUse,TASK_COMPLETE,SUCCESS,INFO,488,488,0,,2026-08-26T19:55:35.047Z,2026-08-26T22:11:39.517Z,8164,2026-08-26T22:11:39.517Z,STN,Staunton,20846baf-2fe5-403c-85d4-31520e88a3ce,SAMMS-Staunton
202608262209459727,202608261955300781,202608261955298282,85,4419,Bronze INV,br_ReAssessmentSubstanceUse,TASK_COMPLETE,SUCCESS,INFO,228,228,0,,2026-08-26T19:55:35.047Z,2026-08-26T22:11:39.517Z,8164,2026-08-26T22:11:39.517Z,STVN,Stevenson,20846baf-2fe5-403c-85d4-31520e88a3ce,SAMMS-Stevenson
202608262209459729,202608261955300782,202608261955298282,85,4421,Bronze INV,br_ReAssessmentSubstanceUse,TASK_COMPLETE,SUCCESS,INFO,178,178,0,,2026-08-26T19:55:35.047Z,2026-08-26T22:11:39.517Z,8164,2026-08-26T22:11:39.517Z,TE,Tempe,20846baf-2fe5-403c-85d4-31520e88a3ce,SAMMS-Tempe
202608262209459730,202608261955300783,202608261955298282,85,4422,Bronze INV,br_ReAssessmentSubstanceUse,TASK_COMPLETE,SUCCESS,INFO,0,0,0,,2026-08-26T19:55:35.047Z,2026-08-26T22:11:39.517Z,8164,2026-08-26T22:11:39.517Z,TEX,Texarkana,20846baf-2fe5-403c-85d4-31520e88a3ce,SAMMS-Texarkana
202608262209459731,202608261955300784,202608261955298282,85,4423,Bronze INV,br_ReAssessmentSubstanceUse,TASK_COMPLETE,SUCCESS,INFO,1104,1104,0,,2026-08-26T19:55:35.047Z,2026-08-26T22:11:39.517Z,8164,2026-08-26T22:11:39.517Z,TTCA,Bessemer,20846baf-2fe5-403c-85d4-31520e88a3ce,SAMMS-BessemerV5
202608262209459732,202608261955300785,202608261955298282,85,4424,Bronze INV,br_ReAssessmentSubstanceUse,TASK_COMPLETE,SUCCESS,INFO,1326,1326,0,,2026-08-26T19:55:35.047Z,2026-08-26T22:11:39.517Z,8164,2026-08-26T22:11:39.517Z,TTCB,Cullman,20846baf-2fe5-403c-85d4-31520e88a3ce,SAMMS-CullmanV5
202608262209459733,202608261955300786,202608261955298282,85,4425,Bronze INV,br_ReAssessmentSubstanceUse,TASK_COMPLETE,SUCCESS,INFO,973,973,0,,2026-08-26T19:55:35.047Z,2026-08-26T22:11:39.517Z,8164,2026-08-26T22:11:39.517Z,TTCC,Grand Bay,20846baf-2fe5-403c-85d4-31520e88a3ce,SAMMS-GrandBay
202608262209459734,202608261955300787,202608261955298282,85,4426,Bronze INV,br_ReAssessmentSubstanceUse,TASK_COMPLETE,SUCCESS,INFO,17,17,0,,2026-08-26T19:55:35.047Z,2026-08-26T22:11:39.517Z,8164,2026-08-26T22:11:39.517Z,TU,Tucson,20846baf-2fe5-403c-85d4-31520e88a3ce,SAMMS-Tucson
202608262209459735,202608261955300788,202608261955298282,85,4428,Bronze INV,br_ReAssessmentSubstanceUse,TASK_COMPLETE,SUCCESS,INFO,663,663,0,,2026-08-26T19:55:35.047Z,2026-08-26T22:11:39.517Z,8164,2026-08-26T22:11:39.517Z,V1,Memphis South,20846baf-2fe5-403c-85d4-31520e88a3ce,SAMMS-VCPHCS-I-MemphisV5
202608262209459737,202608261955300789,202608261955298282,85,4429,Bronze INV,br_ReAssessmentSubstanceUse,TASK_COMPLETE,SUCCESS,INFO,1641,1641,0,,2026-08-26T19:55:35.047Z,2026-08-26T22:11:39.517Z,8164,2026-08-26T22:11:39.517Z,V10,Longmont,20846baf-2fe5-403c-85d4-31520e88a3ce,SAMMS-BoulderV5
202608262209459738,202608261955300790,202608261955298282,85,4430,Bronze INV,br_ReAssessmentSubstanceUse,TASK_COMPLETE,SUCCESS,INFO,1527,1527,0,,2026-08-26T19:55:35.047Z,2026-08-26T22:11:39.517Z,8164,2026-08-26T22:11:39.517Z,V10A,Fort Collins,20846baf-2fe5-403c-85d4-31520e88a3ce,SAMMS-FortCollinsV5
202608232214225429,202608232010370452,202608232010368283,85,3517,Bronze INV,br_ReAssessmentLegal,TASK_COMPLETE,SUCCESS,INFO,903,903,0,,2026-08-23T20:10:41.468Z,2026-08-23T22:16:21.732Z,7540,2026-08-23T22:16:21.732Z,V17,Columbia TN,955211d4-28b8-44a0-8023-2bfaa48d6721,SAMMS-ColumbiaTNv5
202608232214225430,202608232010370453,202608232010368283,85,3519,Bronze INV,br_ReAssessmentLegal,TASK_COMPLETE,SUCCESS,INFO,533,533,0,,2026-08-23T20:10:41.468Z,2026-08-23T22:16:21.732Z,7540,2026-08-23T22:16:21.732Z,V19,Jackson,955211d4-28b8-44a0-8023-2bfaa48d6721,SAMMS-JacksonV5
202608232214225431,202608232010370454,202608232010368283,85,3521,Bronze INV,br_ReAssessmentLegal,TASK_COMPLETE,SUCCESS,INFO,1761,1761,0,,2026-08-23T20:10:41.468Z,2026-08-23T22:16:21.732Z,7540,2026-08-23T22:16:21.732Z,V20,Paris,955211d4-28b8-44a0-8023-2bfaa48d6721,SAMMS-ParisV5
202608232214225432,202608232010370455,202608232010368283,85,3522,Bronze INV,br_ReAssessmentLegal,TASK_COMPLETE,SUCCESS,INFO,723,723,0,,2026-08-23T20:10:41.468Z,2026-08-23T22:16:21.732Z,7540,2026-08-23T22:16:21.732Z,V21,Memphis North,955211d4-28b8-44a0-8023-2bfaa48d6721,SAMMS-RaleighV5
202608232214225434,202608232010370456,202608232010368283,85,3525,Bronze INV,br_ReAssessmentLegal,TASK_COMPLETE,SUCCESS,INFO,1773,1773,0,,2026-08-23T20:10:41.468Z,2026-08-23T22:16:21.732Z,7540,2026-08-23T22:16:21.732Z,V5,West Bank,955211d4-28b8-44a0-8023-2bfaa48d6721,SAMMS-NONTCv5
202608232214225435,202608232010370457,202608232010368283,85,3527,Bronze INV,br_ReAssessmentLegal,TASK_COMPLETE,SUCCESS,INFO,144,144,0,,2026-08-23T20:10:41.468Z,2026-08-23T22:16:21.732Z,7540,2026-08-23T22:16:21.732Z,V5B,Houma,955211d4-28b8-44a0-8023-2bfaa48d6721,SAMMS-HoumaV6
202608232214225436,202608232010370458,202608232010368283,85,3528,Bronze INV,br_ReAssessmentLegal,TASK_COMPLETE,SUCCESS,INFO,1907,1907,0,,2026-08-23T20:10:41.468Z,2026-08-23T22:16:21.732Z,7540,2026-08-23T22:16:21.732Z,V6,Lake Charles,955211d4-28b8-44a0-8023-2bfaa48d6721,SAMMS-LCv5
202608232214225437,202608232010370459,202608232010368283,85,3530,Bronze INV,br_ReAssessmentLegal,TASK_COMPLETE,SUCCESS,INFO,741,741,0,,2026-08-23T20:10:41.468Z,2026-08-23T22:16:21.732Z,7540,2026-08-23T22:16:21.732Z,V8,Memphis Midtown,955211d4-28b8-44a0-8023-2bfaa48d6721,SAMMS-VCPHCS-VIII-MemphisV5
202608232214225438,202608232010370460,202608232010368283,85,3531,Bronze INV,br_ReAssessmentLegal,TASK_COMPLETE,SUCCESS,INFO,1758,1758,0,,2026-08-23T20:10:41.468Z,2026-08-23T22:16:21.732Z,7540,2026-08-23T22:16:21.732Z,V9,Nashville,955211d4-28b8-44a0-8023-2bfaa48d6721,SAMMS-NashvilleV5
202608232214225439,202608232010370461,202608232010368283,85,3532,Bronze INV,br_ReAssessmentLegal,TASK_COMPLETE,SUCCESS,INFO,837,837,0,,2026-08-23T20:10:41.468Z,2026-08-23T22:16:21.732Z,7540,2026-08-23T22:16:21.732Z,VBRA,Brainerd,955211d4-28b8-44a0-8023-2bfaa48d6721,SAMMS-BrainerdV6
202608232214225441,202608232010370462,202608232010368283,85,3533,Bronze INV,br_ReAssessmentLegal,TASK_COMPLETE,SUCCESS,INFO,1953,1953,0,,2026-08-23T20:10:41.468Z,2026-08-23T22:16:21.732Z,7540,2026-08-23T22:16:21.732Z,VBRP,Brooklyn Park,955211d4-28b8-44a0-8023-2bfaa48d6721,SAMMS-BrooklynParkV6
202608232214225442,202608232010370463,202608232010368283,85,3535,Bronze INV,br_ReAssessmentLegal,TASK_COMPLETE,SUCCESS,INFO,743,743,0,,2026-08-23T20:10:41.468Z,2026-08-23T22:16:21.732Z,7540,2026-08-23T22:16:21.732Z,VMIN,Minneapolis,955211d4-28b8-44a0-8023-2bfaa48d6721,SAMMS-MinneapolisV6
202608232214225443,202608232010370464,202608232010368283,85,3536,Bronze INV,br_ReAssessmentLegal,TASK_COMPLETE,SUCCESS,INFO,881,881,0,,2026-08-23T20:10:41.468Z,2026-08-23T22:16:21.732Z,7540,2026-08-23T22:16:21.732Z,VWBY,Woodbury,955211d4-28b8-44a0-8023-2bfaa48d6721,SAMMS-WoodburyV6
202608232214225444,202608232010370465,202608232010368283,85,3538,Bronze INV,br_ReAssessmentLegal,TASK_COMPLETE,SUCCESS,INFO,160,160,0,,2026-08-23T20:10:41.468Z,2026-08-23T22:16:21.732Z,7540,2026-08-23T22:16:21.732Z,WIL,Wilson,955211d4-28b8-44a0-8023-2bfaa48d6721,SAMMS-Wilson
202608232214225546,202608232010468294,202608232010468283,86,5730,Silver INV,sl_ReAssessmentLegal,TASK_COMPLETE,SUCCESS,INFO,78449,78449,0,,2026-08-23T20:10:41.468Z,2026-08-23T22:16:21.732Z,7540,2026-08-23T22:16:21.732Z,,,955211d4-28b8-44a0-8023-2bfaa48d6721,
202608232214225476,202608232010370466,202608232010368283,85,3542,Bronze INV,br_ReAssessmentMentalHealth,TASK_COMPLETE,SUCCESS,INFO,35,35,0,,2026-08-23T20:10:41.468Z,2026-08-23T22:16:21.732Z,7540,2026-08-23T22:16:21.732Z,AHK,Ahoskie,955211d4-28b8-44a0-8023-2bfaa48d6721,SAMMS-Ahoskie
202608232214225477,202608232010370467,202608232010368283,85,3543,Bronze INV,br_ReAssessmentMentalHealth,TASK_COMPLETE,SUCCESS,INFO,662,662,0,,2026-08-23T20:10:41.468Z,2026-08-23T22:16:21.732Z,7540,2026-08-23T22:16:21.732Z,B12B,Colorado Springs,955211d4-28b8-44a0-8023-2bfaa48d6721,SAMMS-ColoradoSpringsV5
202608232214225478,202608232010370468,202608232010368283,85,3544,Bronze INV,br_ReAssessmentMentalHealth,TASK_COMPLETE,SUCCESS,INFO,835,835,0,,2026-08-23T20:10:41.468Z,2026-08-23T22:16:21.732Z,7540,2026-08-23T22:16:21.732Z,B24,Paintsville,955211d4-28b8-44a0-8023-2bfaa48d6721,SAMMS-PaintsvilleV5
202608232214225479,202608232010370469,202608232010368283,85,3545,Bronze INV,br_ReAssessmentMentalHealth,TASK_COMPLETE,SUCCESS,INFO,646,646,0,,2026-08-23T20:10:41.468Z,2026-08-23T22:16:21.732Z,7540,2026-08-23T22:16:21.732Z,B25,Pikeville,955211d4-28b8-44a0-8023-2bfaa48d6721,SAMMS-PikevilleV5
202608232214225481,202608232010370470,202608232010368283,85,3546,Bronze INV,br_ReAssessmentMentalHealth,TASK_COMPLETE,SUCCESS,INFO,970,970,0,,2026-08-23T20:10:41.468Z,2026-08-23T22:16:21.732Z,7540,2026-08-23T22:16:21.732Z,B26,Hazard,955211d4-28b8-44a0-8023-2bfaa48d6721,SAMMS-HazardV5
202608232214225484,202608232010370471,202608232010368283,85,3547,Bronze INV,br_ReAssessmentMentalHealth,TASK_COMPLETE,SUCCESS,INFO,532,532,0,,2026-08-23T20:10:41.468Z,2026-08-23T22:16:21.732Z,7540,2026-08-23T22:16:21.732Z,B27,Savannah,955211d4-28b8-44a0-8023-2bfaa48d6721,SAMMS-SavannahV6
202608232214225485,202608232010370472,202608232010368283,85,3548,Bronze INV,br_ReAssessmentMentalHealth,TASK_COMPLETE,SUCCESS,INFO,246,246,0,,2026-08-23T20:10:41.468Z,2026-08-23T22:16:21.732Z,7540,2026-08-23T22:16:21.732Z,B28,West Plains,955211d4-28b8-44a0-8023-2bfaa48d6721,SAMMS-WestPlainesV5
202608232214225486,202608232010370473,202608232010368283,85,3549,Bronze INV,br_ReAssessmentMentalHealth,TASK_COMPLETE,SUCCESS,INFO,461,461,0,,2026-08-23T20:10:41.468Z,2026-08-23T22:16:21.732Z,7540,2026-08-23T22:16:21.732Z,B29,Poplar Bluff,955211d4-28b8-44a0-8023-2bfaa48d6721,SAMMS-PoplarBluffV5
202608232214225488,202608232010370474,202608232010368283,85,3550,Bronze INV,br_ReAssessmentMentalHealth,TASK_COMPLETE,SUCCESS,INFO,79,79,0,,2026-08-23T20:10:41.468Z,2026-08-23T22:16:21.732Z,7540,2026-08-23T22:16:21.732Z,B30,KC North,955211d4-28b8-44a0-8023-2bfaa48d6721,SAMMS-KCNv5
202608232214225489,202608232010370475,202608232010368283,85,3551,Bronze INV,br_ReAssessmentMentalHealth,TASK_COMPLETE,SUCCESS,INFO,401,401,0,,2026-08-23T20:10:41.468Z,2026-08-23T22:16:21.732Z,7540,2026-08-23T22:16:21.732Z,B31,Dyersburg,955211d4-28b8-44a0-8023-2bfaa48d6721,SAMMS-DyersburgV5
202608232214225490,202608232010370476,202608232010368283,85,3553,Bronze INV,br_ReAssessmentMentalHealth,TASK_COMPLETE,SUCCESS,INFO,487,487,0,,2026-08-23T20:10:41.468Z,2026-08-23T22:16:21.732Z,7540,2026-08-23T22:16:21.732Z,B33,Paducah,955211d4-28b8-44a0-8023-2bfaa48d6721,SAMMS-Paducah
202608232214225491,202608232010370477,202608232010368283,85,3554,Bronze INV,br_ReAssessmentMentalHealth,TASK_COMPLETE,SUCCESS,INFO,386,386,0,,2026-08-23T20:10:41.468Z,2026-08-23T22:16:21.732Z,7540,2026-08-23T22:16:21.732Z,B34,Corbin,955211d4-28b8-44a0-8023-2bfaa48d6721,SAMMS-CorbinV5
202608232214225492,202608232010370478,202608232010368283,85,3555,Bronze INV,br_ReAssessmentMentalHealth,TASK_COMPLETE,SUCCESS,INFO,242,242,0,,2026-08-23T20:10:41.468Z,2026-08-23T22:16:21.732Z,7540,2026-08-23T22:16:21.732Z,B35,Lexington,955211d4-28b8-44a0-8023-2bfaa48d6721,SAMMS-LexingtonV5
202608232214225493,202608232010370479,202608232010368283,85,3556,Bronze INV,br_ReAssessmentMentalHealth,TASK_COMPLETE,SUCCESS,INFO,77,77,0,,2026-08-23T20:10:41.468Z,2026-08-23T22:16:21.732Z,7540,2026-08-23T22:16:21.732Z,B35A,Berea,955211d4-28b8-44a0-8023-2bfaa48d6721,SAMMS-BereaV5
202608232214225495,202608232010370480,202608232010368283,85,3557,Bronze INV,br_ReAssessmentMentalHealth,TASK_COMPLETE,SUCCESS,INFO,20,20,0,,2026-08-23T20:10:41.468Z,2026-08-23T22:16:21.732Z,7540,2026-08-23T22:16:21.732Z,B36,Asheville,955211d4-28b8-44a0-8023-2bfaa48d6721,SAMMS-AshevilleV5
202608232214225496,202608232010370481,202608232010368283,85,3558,Bronze INV,br_ReAssessmentMentalHealth,TASK_COMPLETE,SUCCESS,INFO,1,1,0,,2026-08-23T20:10:41.468Z,2026-08-23T22:16:21.732Z,7540,2026-08-23T22:16:21.732Z,B37,Clyde,955211d4-28b8-44a0-8023-2bfaa48d6721,SAMMS-ClydeV5
202608232214225497,202608232010370482,202608232010368283,85,3559,Bronze INV,br_ReAssessmentMentalHealth,TASK_COMPLETE,SUCCESS,INFO,1188,1188,0,,2026-08-23T20:10:41.468Z,2026-08-23T22:16:21.732Z,7540,2026-08-23T22:16:21.732Z,B38,Spartanburg,955211d4-28b8-44a0-8023-2bfaa48d6721,SAMMS-SpartanburgV5
202608232214225498,202608232010370483,202608232010368283,85,3560,Bronze INV,br_ReAssessmentMentalHealth,TASK_COMPLETE,SUCCESS,INFO,362,362,0,,2026-08-23T20:10:41.468Z,2026-08-23T22:16:21.732Z,7540,2026-08-23T22:16:21.732Z,B39,Aiken,955211d4-28b8-44a0-8023-2bfaa48d6721,SAMMS-AikenV5
202608232214225499,202608232010370484,202608232010368283,85,3561,Bronze INV,br_ReAssessmentMentalHealth,TASK_COMPLETE,SUCCESS,INFO,1892,1892,0,,2026-08-23T20:10:41.468Z,2026-08-23T22:16:21.732Z,7540,2026-08-23T22:16:21.732Z,B41,Chesapeake,955211d4-28b8-44a0-8023-2bfaa48d6721,SAMMS-ChesapeakeV5
202608232214225500,202608232010370485,202608232010368283,85,3562,Bronze INV,br_ReAssessmentMentalHealth,TASK_COMPLETE,SUCCESS,INFO,1919,1919,0,,2026-08-23T20:10:41.468Z,2026-08-23T22:16:21.732Z,7540,2026-08-23T22:16:21.732Z,B42,Virginia Beach,955211d4-28b8-44a0-8023-2bfaa48d6721,SAMMS-VirginiaBeachV5
202608232214225502,202608232010370486,202608232010368283,85,3563,Bronze INV,br_ReAssessmentMentalHealth,TASK_COMPLETE,SUCCESS,INFO,931,931,0,,2026-08-23T20:10:41.468Z,2026-08-23T22:16:21.732Z,7540,2026-08-23T22:16:21.732Z,B42A,Newport News,955211d4-28b8-44a0-8023-2bfaa48d6721,SAMMS-NewportNewsV5
202608232214225503,202608232010370487,202608232010368283,85,3564,Bronze INV,br_ReAssessmentMentalHealth,TASK_COMPLETE,SUCCESS,INFO,508,508,0,,2026-08-23T20:10:41.468Z,2026-08-23T22:16:21.732Z,7540,2026-08-23T22:16:21.732Z,B42B,Franklin,955211d4-28b8-44a0-8023-2bfaa48d6721,SAMMS-FranklinV5
202608232214225504,202608232010370488,202608232010368283,85,3565,Bronze INV,br_ReAssessmentMentalHealth,TASK_COMPLETE,SUCCESS,INFO,345,345,0,,2026-08-23T20:10:41.468Z,2026-08-23T22:16:21.732Z,7540,2026-08-23T22:16:21.732Z,B42C,Glen Allen,955211d4-28b8-44a0-8023-2bfaa48d6721,SAMMS-GlenAllenV5
202608232214225505,202608232010370489,202608232010368283,85,3566,Bronze INV,br_ReAssessmentMentalHealth,TASK_COMPLETE,SUCCESS,INFO,1483,1483,0,,2026-08-23T20:10:41.468Z,2026-08-23T22:16:21.732Z,7540,2026-08-23T22:16:21.732Z,B42D,Chesapeake South,955211d4-28b8-44a0-8023-2bfaa48d6721,SAMMS-ChesapeakeSouthV5
202608232214225506,202608232010370490,202608232010368283,85,3567,Bronze INV,br_ReAssessmentMentalHealth,TASK_COMPLETE,SUCCESS,INFO,632,632,0,,2026-08-23T20:10:41.468Z,2026-08-23T22:16:21.732Z,7540,2026-08-23T22:16:21.732Z,B44,Albany,955211d4-28b8-44a0-8023-2bfaa48d6721,SAMMS-AlbanyV5
202608232214225507,202608232010370491,202608232010368283,85,3568,Bronze INV,br_ReAssessmentMentalHealth,TASK_COMPLETE,SUCCESS,INFO,1270,1270,0,,2026-08-23T20:10:41.468Z,2026-08-23T22:16:21.732Z,7540,2026-08-23T22:16:21.732Z,B45,Tifton,955211d4-28b8-44a0-8023-2bfaa48d6721,SAMMS-TiftonV5
202608232214225508,202608232010370492,202608232010368283,85,3569,Bronze INV,br_ReAssessmentMentalHealth,TASK_COMPLETE,SUCCESS,INFO,590,590,0,,2026-08-23T20:10:41.468Z,2026-08-23T22:16:21.732Z,7540,2026-08-23T22:16:21.732Z,B46,Washington DC,955211d4-28b8-44a0-8023-2bfaa48d6721,SAMMS-WashingtonDCv5
202608232214225510,202608232010370493,202608232010368283,85,3570,Bronze INV,br_ReAssessmentMentalHealth,TASK_COMPLETE,SUCCESS,INFO,1573,1573,0,,2026-08-23T20:10:41.468Z,2026-08-23T22:16:21.732Z,7540,2026-08-23T22:16:21.732Z,B47,Mobile,955211d4-28b8-44a0-8023-2bfaa48d6721,SAMMS-MobileV5
202608232214225511,202608232010370494,202608232010368283,85,3571,Bronze INV,br_ReAssessmentMentalHealth,TASK_COMPLETE,SUCCESS,INFO,1297,1297,0,,2026-08-23T20:10:41.468Z,2026-08-23T22:16:21.732Z,7540,2026-08-23T22:16:21.732Z,B48,Tuscaloosa,955211d4-28b8-44a0-8023-2bfaa48d6721,SAMMS-TuscaloosaV5
202608232214225512,202608232010370495,202608232010368283,85,3580,Bronze INV,br_ReAssessmentMentalHealth,TASK_COMPLETE,SUCCESS,INFO,2,2,0,,2026-08-23T20:10:41.468Z,2026-08-23T22:16:21.732Z,7540,2026-08-23T22:16:21.732Z,B51,N. Little Rock (OTP),955211d4-28b8-44a0-8023-2bfaa48d6721,SAMMS-NorthLittleRockV6
202608232214225513,202608232010370496,202608232010368283,85,3581,Bronze INV,br_ReAssessmentMentalHealth,TASK_COMPLETE,SUCCESS,INFO,457,457,0,,2026-08-23T20:10:41.468Z,2026-08-23T22:16:21.732Z,7540,2026-08-23T22:16:21.732Z,B52,Jackson GA,955211d4-28b8-44a0-8023-2bfaa48d6721,SAMMS-JacksonGAV5
202608232214225514,202608232010370497,202608232010368283,85,3582,Bronze INV,br_ReAssessmentMentalHealth,TASK_COMPLETE,SUCCESS,INFO,1703,1703,0,,2026-08-23T20:10:41.468Z,2026-08-23T22:16:21.732Z,7540,2026-08-23T22:16:21.732Z,B54,Gadsden,955211d4-28b8-44a0-8023-2bfaa48d6721,SAMMS-GadsdenV5
202608232214225515,202608232010370498,202608232010368283,85,3583,Bronze INV,br_ReAssessmentMentalHealth,TASK_COMPLETE,SUCCESS,INFO,952,952,0,,2026-08-23T20:10:41.468Z,2026-08-23T22:16:21.732Z,7540,2026-08-23T22:16:21.732Z,B55,Shoals,955211d4-28b8-44a0-8023-2bfaa48d6721,SAMMS-ShoalsV5
202608232214225517,202608232010370499,202608232010368283,85,3584,Bronze INV,br_ReAssessmentMentalHealth,TASK_COMPLETE,SUCCESS,INFO,294,294,0,,2026-08-23T20:10:41.468Z,2026-08-23T22:16:21.732Z,7540,2026-08-23T22:16:21.732Z,B57,Pawtucket,955211d4-28b8-44a0-8023-2bfaa48d6721,SAMMS-Pawtucket
202608232214225518,202608232010370500,202608232010368283,85,3585,Bronze INV,br_ReAssessmentMentalHealth,TASK_COMPLETE,SUCCESS,INFO,554,554,0,,2026-08-23T20:10:41.468Z,2026-08-23T22:16:21.732Z,7540,2026-08-23T22:16:21.732Z,B57A,Johnston,955211d4-28b8-44a0-8023-2bfaa48d6721,SAMMS-Johnston
202608232214225519,202608232010370501,202608232010368283,85,3586,Bronze INV,br_ReAssessmentMentalHealth,TASK_COMPLETE,SUCCESS,INFO,166,166,0,,2026-08-23T20:10:41.468Z,2026-08-23T22:16:21.732Z,7540,2026-08-23T22:16:21.732Z,B57B,Middletown,955211d4-28b8-44a0-8023-2bfaa48d6721,SAMMS-Middletown
202608232214225520,202608232010370502,202608232010368283,85,3587,Bronze INV,br_ReAssessmentMentalHealth,TASK_COMPLETE,SUCCESS,INFO,413,413,0,,2026-08-23T20:10:41.468Z,2026-08-23T22:16:21.732Z,7540,2026-08-23T22:16:21.732Z,B57C,Providence,955211d4-28b8-44a0-8023-2bfaa48d6721,SAMMS-Providence
202608232214225521,202608232010370503,202608232010368283,85,3588,Bronze INV,br_ReAssessmentMentalHealth,TASK_COMPLETE,SUCCESS,INFO,626,626,0,,2026-08-23T20:10:41.468Z,2026-08-23T22:16:21.732Z,7540,2026-08-23T22:16:21.732Z,B57D,Westerly,955211d4-28b8-44a0-8023-2bfaa48d6721,SAMMS-Westerly
202608232214225522,202608232010370504,202608232010368283,85,3592,Bronze INV,br_ReAssessmentMentalHealth,TASK_COMPLETE,SUCCESS,INFO,4,4,0,,2026-08-23T20:10:41.468Z,2026-08-23T22:16:21.732Z,7540,2026-08-23T22:16:21.732Z,B66A,Bremen,955211d4-28b8-44a0-8023-2bfaa48d6721,SAMMS-Bremen
202608232214225524,202608232010370505,202608232010368283,85,3595,Bronze INV,br_ReAssessmentMentalHealth,TASK_COMPLETE,SUCCESS,INFO,0,0,0,,2026-08-23T20:10:41.468Z,2026-08-23T22:16:21.732Z,7540,2026-08-23T22:16:21.732Z,B72,Mobile (OBOT),955211d4-28b8-44a0-8023-2bfaa48d6721,SAMMS-Mobile-OBOT
202608232214225525,202608232010370506,202608232010368283,85,3596,Bronze INV,br_ReAssessmentMentalHealth,TASK_COMPLETE,SUCCESS,INFO,0,0,0,,2026-08-23T20:10:41.468Z,2026-08-23T22:16:21.732Z,7540,2026-08-23T22:16:21.732Z,B73,Montgomery,955211d4-28b8-44a0-8023-2bfaa48d6721,SAMMS-Montgomery
202608232214225526,202608232010370507,202608232010368283,85,3597,Bronze INV,br_ReAssessmentMentalHealth,TASK_COMPLETE,SUCCESS,INFO,518,518,0,,2026-08-23T20:10:41.468Z,2026-08-23T22:16:21.732Z,7540,2026-08-23T22:16:21.732Z,B75,Lawrence,955211d4-28b8-44a0-8023-2bfaa48d6721,SAMMS-LawrenceV6
202608232214225527,202608232010370508,202608232010368283,85,3598,Bronze INV,br_ReAssessmentMentalHealth,TASK_COMPLETE,SUCCESS,INFO,0,0,0,,2026-08-23T20:10:41.468Z,2026-08-23T22:16:21.732Z,7540,2026-08-23T22:16:21.732Z,B76,Huntsville OBOT,955211d4-28b8-44a0-8023-2bfaa48d6721,SAMMS-Huntsville-OBOT
202608232214225528,202608232010370509,202608232010368283,85,3599,Bronze INV,br_ReAssessmentMentalHealth,TASK_COMPLETE,SUCCESS,INFO,0,0,0,,2026-08-23T20:10:41.468Z,2026-08-23T22:16:21.732Z,7540,2026-08-23T22:16:21.732Z,BAT,Batesville,955211d4-28b8-44a0-8023-2bfaa48d6721,SAMMS-Batesville
202608232214225529,202608232010370510,202608232010368283,85,3600,Bronze INV,br_ReAssessmentMentalHealth,TASK_COMPLETE,SUCCESS,INFO,461,461,0,,2026-08-23T20:10:41.468Z,2026-08-23T22:16:21.732Z,7540,2026-08-23T22:16:21.732Z,BG,Bowling Green,955211d4-28b8-44a0-8023-2bfaa48d6721,SAMMS-BowlingGreen
202608232214225531,202608232010370511,202608232010368283,85,3601,Bronze INV,br_ReAssessmentMentalHealth,TASK_COMPLETE,SUCCESS,INFO,182,182,0,,2026-08-23T20:10:41.468Z,2026-08-23T22:16:21.732Z,7540,2026-08-23T22:16:21.732Z,BOI,Boise,955211d4-28b8-44a0-8023-2bfaa48d6721,SAMMS-Boise
202608232214225532,202608232010370512,202608232010368283,85,3608,Bronze INV,br_ReAssessmentMentalHealth,TASK_COMPLETE,SUCCESS,INFO,51,51,0,,2026-08-23T20:10:41.468Z,2026-08-23T22:16:21.732Z,7540,2026-08-23T22:16:21.732Z,CBCO,Coeur dAlene,955211d4-28b8-44a0-8023-2bfaa48d6721,SAMMS-CoeurdAleneV6
202608232214225533,202608232010370513,202608232010368283,85,3627,Bronze INV,br_ReAssessmentMentalHealth,TASK_COMPLETE,SUCCESS,INFO,0,0,0,,2026-08-23T20:10:41.468Z,2026-08-23T22:16:21.732Z,7540,2026-08-23T22:16:21.732Z,CON,Conway,955211d4-28b8-44a0-8023-2bfaa48d6721,SAMMS-Conway
202608232214225534,202608232010370514,202608232010368283,85,3628,Bronze INV,br_ReAssessmentMentalHealth,TASK_COMPLETE,SUCCESS,INFO,2578,2578,0,,2026-08-23T20:10:41.468Z,2026-08-23T22:16:21.732Z,7540,2026-08-23T22:16:21.732Z,D07,Medical Services Knox TN,955211d4-28b8-44a0-8023-2bfaa48d6721,SAMMS-KnoxvilleV6
202608232214225535,202608232010370515,202608232010368283,85,3629,Bronze INV,br_ReAssessmentMentalHealth,TASK_COMPLETE,SUCCESS,INFO,113,113,0,,2026-08-23T20:10:41.468Z,2026-08-23T22:16:21.732Z,7540,2026-08-23T22:16:21.732Z,D08,Madison,955211d4-28b8-44a0-8023-2bfaa48d6721,SAMMS-MadisonV6
202608232214225536,202608232010370516,202608232010368283,85,3631,Bronze INV,br_ReAssessmentMentalHealth,TASK_COMPLETE,SUCCESS,INFO,120,120,0,,2026-08-23T20:10:41.468Z,2026-08-23T22:16:21.732Z,7540,2026-08-23T22:16:21.732Z,D09,Murfreesboro,955211d4-28b8-44a0-8023-2bfaa48d6721,SAMMS-MurfreesboroV6
202608232214225538,202608232010370517,202608232010368283,85,3632,Bronze INV,br_ReAssessmentMentalHealth,TASK_COMPLETE,SUCCESS,INFO,337,337,0,,2026-08-23T20:10:41.468Z,2026-08-23T22:16:21.732Z,7540,2026-08-23T22:16:21.732Z,DA,Davenport,955211d4-28b8-44a0-8023-2bfaa48d6721,SAMMS-Davenport
202608232214225539,202608232010370518,202608232010368283,85,3633,Bronze INV,br_ReAssessmentMentalHealth,TASK_COMPLETE,SUCCESS,INFO,288,288,0,,2026-08-23T20:10:41.468Z,2026-08-23T22:16:21.732Z,7540,2026-08-23T22:16:21.732Z,DM,Des Moines,955211d4-28b8-44a0-8023-2bfaa48d6721,SAMMS-DesMoines
202608232214225540,202608232010370519,202608232010368283,85,3635,Bronze INV,br_ReAssessmentMentalHealth,TASK_COMPLETE,SUCCESS,INFO,530,530,0,,2026-08-23T20:10:41.468Z,2026-08-23T22:16:21.732Z,7540,2026-08-23T22:16:21.732Z,DRD-CO,Columbia MO,955211d4-28b8-44a0-8023-2bfaa48d6721,SAMMS-ColumbiaV5
202608232214225541,202608232010370520,202608232010368283,85,3636,Bronze INV,br_ReAssessmentMentalHealth,TASK_COMPLETE,SUCCESS,INFO,347,347,0,,2026-08-23T20:10:41.468Z,2026-08-23T22:16:21.732Z,7540,2026-08-23T22:16:21.732Z,DRD-KC,KC,955211d4-28b8-44a0-8023-2bfaa48d6721,SAMMS-KCv5
202608232214225542,202608232010370521,202608232010368283,85,3637,Bronze INV,br_ReAssessmentMentalHealth,TASK_COMPLETE,SUCCESS,INFO,1555,1555,0,,2026-08-23T20:10:41.468Z,2026-08-23T22:16:21.732Z,7540,2026-08-23T22:16:21.732Z,DRD-KVB,KVB,955211d4-28b8-44a0-8023-2bfaa48d6721,SAMMS-KVBv5
202608232214225543,202608232010370522,202608232010368283,85,3638,Bronze INV,br_ReAssessmentMentalHealth,TASK_COMPLETE,SUCCESS,INFO,1674,1674,0,,2026-08-23T20:10:41.468Z,2026-08-23T22:16:21.732Z,7540,2026-08-23T22:16:21.732Z,DRD-KVC,KVC,955211d4-28b8-44a0-8023-2bfaa48d6721,SAMMS-KVCv5
202608232214225544,202608232010370523,202608232010368283,85,3639,Bronze INV,br_ReAssessmentMentalHealth,TASK_COMPLETE,SUCCESS,INFO,3203,3203,0,,2026-08-23T20:10:41.468Z,2026-08-23T22:16:21.732Z,7540,2026-08-23T22:16:21.732Z,DRD-NOLA,NOLA,955211d4-28b8-44a0-8023-2bfaa48d6721,SAMMS-NOLAv5
202608232214225546,202608232010370524,202608232010368283,85,3640,Bronze INV,br_ReAssessmentMentalHealth,TASK_COMPLETE,SUCCESS,INFO,800,800,0,,2026-08-23T20:10:41.468Z,2026-08-23T22:16:21.732Z,7540,2026-08-23T22:16:21.732Z,DRD-SF,Springfield,955211d4-28b8-44a0-8023-2bfaa48d6721,SAMMS-SFv5
202608232214225547,202608232010370525,202608232010368283,85,3642,Bronze INV,br_ReAssessmentMentalHealth,TASK_COMPLETE,SUCCESS,INFO,260,260,0,,2026-08-23T20:10:41.468Z,2026-08-23T22:16:21.732Z,7540,2026-08-23T22:16:21.732Z,ELC,Elizabeth City,955211d4-28b8-44a0-8023-2bfaa48d6721,SAMMS-ElizabethCity
202608232214225548,202608232010370526,202608232010368283,85,3643,Bronze INV,br_ReAssessmentMentalHealth,TASK_COMPLETE,SUCCESS,INFO,128,128,0,,2026-08-23T20:10:41.468Z,2026-08-23T22:16:21.732Z,7540,2026-08-23T22:16:21.732Z,ET,Elizabethtown,955211d4-28b8-44a0-8023-2bfaa48d6721,SAMMS-Elizabethtown
202608232214225549,202608232010370527,202608232010368283,85,3644,Bronze INV,br_ReAssessmentMentalHealth,TASK_COMPLETE,SUCCESS,INFO,0,0,0,,2026-08-23T20:10:41.468Z,2026-08-23T22:16:21.732Z,7540,2026-08-23T22:16:21.732Z,FAY,Fayetteville,955211d4-28b8-44a0-8023-2bfaa48d6721,SAMMS-Fayetteville
202608232214225550,202608232010370528,202608232010368283,85,3645,Bronze INV,br_ReAssessmentMentalHealth,TASK_COMPLETE,SUCCESS,INFO,156,156,0,,2026-08-23T20:10:41.468Z,2026-08-23T22:16:21.732Z,7540,2026-08-23T22:16:21.732Z,FR,Frankfort,955211d4-28b8-44a0-8023-2bfaa48d6721,SAMMS-Frankfort
202608232214225551,202608232010370529,202608232010368283,85,3646,Bronze INV,br_ReAssessmentMentalHealth,TASK_COMPLETE,SUCCESS,INFO,0,0,0,,2026-08-23T20:10:41.468Z,2026-08-23T22:16:21.732Z,7540,2026-08-23T22:16:21.732Z,FS,Fort Smith,955211d4-28b8-44a0-8023-2bfaa48d6721,SAMMS-FortSmith
202608232214225553,202608232010370530,202608232010368283,85,3647,Bronze INV,br_ReAssessmentMentalHealth,TASK_COMPLETE,SUCCESS,INFO,469,469,0,,2026-08-23T20:10:41.468Z,2026-08-23T22:16:21.732Z,7540,2026-08-23T22:16:21.732Z,FW,Fort Wayne,955211d4-28b8-44a0-8023-2bfaa48d6721,SAMMS-FortWayne
202608232214225554,202608232010370531,202608232010368283,85,3648,Bronze INV,br_ReAssessmentMentalHealth,TASK_COMPLETE,SUCCESS,INFO,276,276,0,,2026-08-23T20:10:41.468Z,2026-08-23T22:16:21.732Z,7540,2026-08-23T22:16:21.732Z,GAL,Gaylord,955211d4-28b8-44a0-8023-2bfaa48d6721,SAMMS-Gaylord
202608232214225555,202608232010370532,202608232010368283,85,3652,Bronze INV,br_ReAssessmentMentalHealth,TASK_COMPLETE,SUCCESS,INFO,100,100,0,,2026-08-23T20:10:41.468Z,2026-08-23T22:16:21.732Z,7540,2026-08-23T22:16:21.732Z,HGT,Hagerstown,955211d4-28b8-44a0-8023-2bfaa48d6721,SAMMS-Hagerstown
202608232214225556,202608232010370533,202608232010368283,85,3653,Bronze INV,br_ReAssessmentMentalHealth,TASK_COMPLETE,SUCCESS,INFO,1724,1724,0,,2026-08-23T20:10:41.468Z,2026-08-23T22:16:21.732Z,7540,2026-08-23T22:16:21.732Z,HNT,Huntsville,955211d4-28b8-44a0-8023-2bfaa48d6721,SAMMS-Huntsville
202608232214225557,202608232010370534,202608232010368283,85,3654,Bronze INV,br_ReAssessmentMentalHealth,TASK_COMPLETE,SUCCESS,INFO,0,0,0,,2026-08-23T20:10:41.468Z,2026-08-23T22:16:21.732Z,7540,2026-08-23T22:16:21.732Z,HS,Hot Springs,955211d4-28b8-44a0-8023-2bfaa48d6721,SAMMS-HotSprings
202608232214225558,202608232010370535,202608232010368283,85,3655,Bronze INV,br_ReAssessmentMentalHealth,TASK_COMPLETE,SUCCESS,INFO,0,0,0,,2026-08-23T20:10:41.468Z,2026-08-23T22:16:21.732Z,7540,2026-08-23T22:16:21.732Z,JON,Jonesboro,955211d4-28b8-44a0-8023-2bfaa48d6721,SAMMS-Jonesboro
202608232214225560,202608232010370536,202608232010368283,85,3657,Bronze INV,br_ReAssessmentMentalHealth,TASK_COMPLETE,SUCCESS,INFO,448,448,0,,2026-08-23T20:10:41.468Z,2026-08-23T22:16:21.732Z,7540,2026-08-23T22:16:21.732Z,LAN,Lansing,955211d4-28b8-44a0-8023-2bfaa48d6721,SAMMS-Lansing
202608232214225561,202608232010370537,202608232010368283,85,3658,Bronze INV,br_ReAssessmentMentalHealth,TASK_COMPLETE,SUCCESS,INFO,1289,1289,0,,2026-08-23T20:10:41.468Z,2026-08-23T22:16:21.732Z,7540,2026-08-23T22:16:21.732Z,LO,Louisville,955211d4-28b8-44a0-8023-2bfaa48d6721,SAMMS-Louisville
202608232214225562,202608232010370538,202608232010368283,85,3659,Bronze INV,br_ReAssessmentMentalHealth,TASK_COMPLETE,SUCCESS,INFO,291,291,0,,2026-08-23T20:10:41.468Z,2026-08-23T22:16:21.732Z,7540,2026-08-23T22:16:21.732Z,LV1,Cheyenne,955211d4-28b8-44a0-8023-2bfaa48d6721,SAMMS-Cheyenne
202608232214225563,202608232010370539,202608232010368283,85,3660,Bronze INV,br_ReAssessmentMentalHealth,TASK_COMPLETE,SUCCESS,INFO,205,205,0,,2026-08-23T20:10:41.468Z,2026-08-23T22:16:21.732Z,7540,2026-08-23T22:16:21.732Z,LV2,Desert Inn,955211d4-28b8-44a0-8023-2bfaa48d6721,SAMMS-DesertInn
202608232214225564,202608232010370540,202608232010368283,85,3661,Bronze INV,br_ReAssessmentMentalHealth,TASK_COMPLETE,SUCCESS,INFO,110,110,0,,2026-08-23T20:10:41.468Z,2026-08-23T22:16:21.732Z,7540,2026-08-23T22:16:21.732Z,LV3,McDaniel,955211d4-28b8-44a0-8023-2bfaa48d6721,SAMMS-McDaniel
202608232214225565,202608232010370541,202608232010368283,85,3664,Bronze INV,br_ReAssessmentMentalHealth,TASK_COMPLETE,SUCCESS,INFO,357,357,0,,2026-08-23T20:10:41.468Z,2026-08-23T22:16:21.732Z,7540,2026-08-23T22:16:21.732Z,MNRE,Monroe,955211d4-28b8-44a0-8023-2bfaa48d6721,SAMMS-Monroe
202608232214225567,202608232010370542,202608232010368283,85,3665,Bronze INV,br_ReAssessmentMentalHealth,TASK_COMPLETE,SUCCESS,INFO,1425,1425,0,,2026-08-23T20:10:41.468Z,2026-08-23T22:16:21.732Z,7540,2026-08-23T22:16:21.732Z,MP,Mt. Pleasant,955211d4-28b8-44a0-8023-2bfaa48d6721,SAMMS-MtPleasant
202608232214225568,202608232010370543,202608232010368283,85,3666,Bronze INV,br_ReAssessmentMentalHealth,TASK_COMPLETE,SUCCESS,INFO,153,153,0,,2026-08-23T20:10:41.468Z,2026-08-23T22:16:21.732Z,7540,2026-08-23T22:16:21.732Z,MRD,Meridian,955211d4-28b8-44a0-8023-2bfaa48d6721,SAMMS-Meridian
202608232214225569,202608232010370544,202608232010368283,85,3671,Bronze INV,br_ReAssessmentMentalHealth,TASK_COMPLETE,SUCCESS,INFO,694,694,0,,2026-08-23T20:10:41.468Z,2026-08-23T22:16:21.732Z,7540,2026-08-23T22:16:21.732Z,NC,North Charleston,955211d4-28b8-44a0-8023-2bfaa48d6721,SAMMS-NorthCharleston
202608232214225570,202608232010370545,202608232010368283,85,3672,Bronze INV,br_ReAssessmentMentalHealth,TASK_COMPLETE,SUCCESS,INFO,0,0,0,,2026-08-23T20:10:41.468Z,2026-08-23T22:16:21.732Z,7540,2026-08-23T22:16:21.732Z,NLR,N. Little Rock,955211d4-28b8-44a0-8023-2bfaa48d6721,SAMMS-NLROBOT
202608232214225571,202608232010370546,202608232010368283,85,3673,Bronze INV,br_ReAssessmentMentalHealth,TASK_COMPLETE,SUCCESS,INFO,111,111,0,,2026-08-23T20:10:41.468Z,2026-08-23T22:16:21.732Z,7540,2026-08-23T22:16:21.732Z,PH,Phoenix,955211d4-28b8-44a0-8023-2bfaa48d6721,SAMMS-Phoenix
202608232214225572,202608232010370547,202608232010368283,85,3677,Bronze INV,br_ReAssessmentMentalHealth,TASK_COMPLETE,SUCCESS,INFO,214,214,0,,2026-08-23T20:10:41.468Z,2026-08-23T22:16:21.732Z,7540,2026-08-23T22:16:21.732Z,RE,Reno,955211d4-28b8-44a0-8023-2bfaa48d6721,SAMMS-Reno
202608232214225573,202608232010370548,202608232010368283,85,3678,Bronze INV,br_ReAssessmentMentalHealth,TASK_COMPLETE,SUCCESS,INFO,88,88,0,,2026-08-23T20:10:41.468Z,2026-08-23T22:16:21.732Z,7540,2026-08-23T22:16:21.732Z,RMD,Richmond,955211d4-28b8-44a0-8023-2bfaa48d6721,SAMMS-Richmond
202608232214225575,202608232010370549,202608232010368283,85,3679,Bronze INV,br_ReAssessmentMentalHealth,TASK_COMPLETE,SUCCESS,INFO,592,592,0,,2026-08-23T20:10:41.468Z,2026-08-23T22:16:21.732Z,7540,2026-08-23T22:16:21.732Z,SFN,Springfield North,955211d4-28b8-44a0-8023-2bfaa48d6721,SAMMS-SFNv5
202608232214225576,202608232010370550,202608232010368283,85,3680,Bronze INV,br_ReAssessmentMentalHealth,TASK_COMPLETE,SUCCESS,INFO,767,767,0,,2026-08-23T20:10:41.468Z,2026-08-23T22:16:21.732Z,7540,2026-08-23T22:16:21.732Z,SHP,Shreveport,955211d4-28b8-44a0-8023-2bfaa48d6721,SAMMS-Shreveport
202608232214225577,202608232010370551,202608232010368283,85,3682,Bronze INV,br_ReAssessmentMentalHealth,TASK_COMPLETE,SUCCESS,INFO,486,486,0,,2026-08-23T20:10:41.468Z,2026-08-23T22:16:21.732Z,7540,2026-08-23T22:16:21.732Z,STN,Staunton,955211d4-28b8-44a0-8023-2bfaa48d6721,SAMMS-Staunton
202608232214225578,202608232010370552,202608232010368283,85,3683,Bronze INV,br_ReAssessmentMentalHealth,TASK_COMPLETE,SUCCESS,INFO,225,225,0,,2026-08-23T20:10:41.468Z,2026-08-23T22:16:21.732Z,7540,2026-08-23T22:16:21.732Z,STVN,Stevenson,955211d4-28b8-44a0-8023-2bfaa48d6721,SAMMS-Stevenson
202608232214225579,202608232010370553,202608232010368283,85,3685,Bronze INV,br_ReAssessmentMentalHealth,TASK_COMPLETE,SUCCESS,INFO,174,174,0,,2026-08-23T20:10:41.468Z,2026-08-23T22:16:21.732Z,7540,2026-08-23T22:16:21.732Z,TE,Tempe,955211d4-28b8-44a0-8023-2bfaa48d6721,SAMMS-Tempe
202608232214225580,202608232010370554,202608232010368283,85,3686,Bronze INV,br_ReAssessmentMentalHealth,TASK_COMPLETE,SUCCESS,INFO,0,0,0,,2026-08-23T20:10:41.468Z,2026-08-23T22:16:21.732Z,7540,2026-08-23T22:16:21.732Z,TEX,Texarkana,955211d4-28b8-44a0-8023-2bfaa48d6721,SAMMS-Texarkana
202608232214225582,202608232010370555,202608232010368283,85,3687,Bronze INV,br_ReAssessmentMentalHealth,TASK_COMPLETE,SUCCESS,INFO,1077,1077,0,,2026-08-23T20:10:41.468Z,2026-08-23T22:16:21.732Z,7540,2026-08-23T22:16:21.732Z,TTCA,Bessemer,955211d4-28b8-44a0-8023-2bfaa48d6721,SAMMS-BessemerV5
202608232214225583,202608232010370556,202608232010368283,85,3688,Bronze INV,br_ReAssessmentMentalHealth,TASK_COMPLETE,SUCCESS,INFO,1316,1316,0,,2026-08-23T20:10:41.468Z,2026-08-23T22:16:21.732Z,7540,2026-08-23T22:16:21.732Z,TTCB,Cullman,955211d4-28b8-44a0-8023-2bfaa48d6721,SAMMS-CullmanV5
202608232214225584,202608232010370557,202608232010368283,85,3689,Bronze INV,br_ReAssessmentMentalHealth,TASK_COMPLETE,SUCCESS,INFO,945,945,0,,2026-08-23T20:10:41.468Z,2026-08-23T22:16:21.732Z,7540,2026-08-23T22:16:21.732Z,TTCC,Grand Bay,955211d4-28b8-44a0-8023-2bfaa48d6721,SAMMS-GrandBay
202608232214225585,202608232010370558,202608232010368283,85,3690,Bronze INV,br_ReAssessmentMentalHealth,TASK_COMPLETE,SUCCESS,INFO,15,15,0,,2026-08-23T20:10:41.468Z,2026-08-23T22:16:21.732Z,7540,2026-08-23T22:16:21.732Z,TU,Tucson,955211d4-28b8-44a0-8023-2bfaa48d6721,SAMMS-Tucson
202608232214225586,202608232010370559,202608232010368283,85,3692,Bronze INV,br_ReAssessmentMentalHealth,TASK_COMPLETE,SUCCESS,INFO,660,660,0,,2026-08-23T20:10:41.468Z,2026-08-23T22:16:21.732Z,7540,2026-08-23T22:16:21.732Z,V1,Memphis South,955211d4-28b8-44a0-8023-2bfaa48d6721,SAMMS-VCPHCS-I-MemphisV5
202608232214225587,202608232010370560,202608232010368283,85,3693,Bronze INV,br_ReAssessmentMentalHealth,TASK_COMPLETE,SUCCESS,INFO,1630,1630,0,,2026-08-23T20:10:41.468Z,2026-08-23T22:16:21.732Z,7540,2026-08-23T22:16:21.732Z,V10,Longmont,955211d4-28b8-44a0-8023-2bfaa48d6721,SAMMS-BoulderV5
202608232214225589,202608232010370561,202608232010368283,85,3694,Bronze INV,br_ReAssessmentMentalHealth,TASK_COMPLETE,SUCCESS,INFO,1516,1516,0,,2026-08-23T20:10:41.468Z,2026-08-23T22:16:21.732Z,7540,2026-08-23T22:16:21.732Z,V10A,Fort Collins,955211d4-28b8-44a0-8023-2bfaa48d6721,SAMMS-FortCollinsV5
202608232214225590,202608232010370562,202608232010368283,85,3695,Bronze INV,br_ReAssessmentMentalHealth,TASK_COMPLETE,SUCCESS,INFO,2871,2871,0,,2026-08-23T20:10:41.468Z,2026-08-23T22:16:21.732Z,7540,2026-08-23T22:16:21.732Z,V11,Westminster,955211d4-28b8-44a0-8023-2bfaa48d6721,SAMMS-VCPHCS-XI-NorthDenverV5
202608232214225591,202608232010370563,202608232010368283,85,3696,Bronze INV,br_ReAssessmentMentalHealth,TASK_COMPLETE,SUCCESS,INFO,3042,3042,0,,2026-08-23T20:10:41.468Z,2026-08-23T22:16:21.732Z,7540,2026-08-23T22:16:21.732Z,V12,Downtown Denver,955211d4-28b8-44a0-8023-2bfaa48d6721,SAMMS-VCPHCS-XII-DowntownDenverV5
202608232214225592,202608232010370564,202608232010368283,85,3697,Bronze INV,br_ReAssessmentMentalHealth,TASK_COMPLETE,SUCCESS,INFO,1143,1143,0,,2026-08-23T20:10:41.468Z,2026-08-23T22:16:21.732Z,7540,2026-08-23T22:16:21.732Z,V12A,Centennial,955211d4-28b8-44a0-8023-2bfaa48d6721,SAMMS-CentennialV5
202608232214225593,202608232010370565,202608232010368283,85,3698,Bronze INV,br_ReAssessmentMentalHealth,TASK_COMPLETE,SUCCESS,INFO,295,295,0,,2026-08-23T20:10:41.468Z,2026-08-23T22:16:21.732Z,7540,2026-08-23T22:16:21.732Z,V14,Overland Park,955211d4-28b8-44a0-8023-2bfaa48d6721,SAMMS-VCPHCS-XIV-BridgewayV5
202608232214226084,202608232010370908,202608232010368283,85,4248,Bronze INV,br_ReAssessmentSocial,TASK_COMPLETE,SUCCESS,INFO,3024,3024,0,,2026-08-23T20:10:41.468Z,2026-08-23T22:16:21.732Z,7540,2026-08-23T22:16:21.732Z,V12,Downtown Denver,955211d4-28b8-44a0-8023-2bfaa48d6721,SAMMS-VCPHCS-XII-DowntownDenverV5
202608232214226085,202608232010370909,202608232010368283,85,4249,Bronze INV,br_ReAssessmentSocial,TASK_COMPLETE,SUCCESS,INFO,1132,1132,0,,2026-08-23T20:10:41.468Z,2026-08-23T22:16:21.732Z,7540,2026-08-23T22:16:21.732Z,V12A,Centennial,955211d4-28b8-44a0-8023-2bfaa48d6721,SAMMS-CentennialV5
202608232214226086,202608232010370910,202608232010368283,85,4250,Bronze INV,br_ReAssessmentSocial,TASK_COMPLETE,SUCCESS,INFO,293,293,0,,2026-08-23T20:10:41.468Z,2026-08-23T22:16:21.732Z,7540,2026-08-23T22:16:21.732Z,V14,Overland Park,955211d4-28b8-44a0-8023-2bfaa48d6721,SAMMS-VCPHCS-XIV-BridgewayV5
202608232214226087,202608232010370911,202608232010368283,85,4251,Bronze INV,br_ReAssessmentSocial,TASK_COMPLETE,SUCCESS,INFO,608,608,0,,2026-08-23T20:10:41.468Z,2026-08-23T22:16:21.732Z,7540,2026-08-23T22:16:21.732Z,V15,Joplin,955211d4-28b8-44a0-8023-2bfaa48d6721,SAMMS-JoplinV5
202608232214226088,202608232010370912,202608232010368283,85,4253,Bronze INV,br_ReAssessmentSocial,TASK_COMPLETE,SUCCESS,INFO,901,901,0,,2026-08-23T20:10:41.468Z,2026-08-23T22:16:21.732Z,7540,2026-08-23T22:16:21.732Z,V17,Columbia TN,955211d4-28b8-44a0-8023-2bfaa48d6721,SAMMS-ColumbiaTNv5
202608232214226089,202608232010370913,202608232010368283,85,4255,Bronze INV,br_ReAssessmentSocial,TASK_COMPLETE,SUCCESS,INFO,533,533,0,,2026-08-23T20:10:41.468Z,2026-08-23T22:16:21.732Z,7540,2026-08-23T22:16:21.732Z,V19,Jackson,955211d4-28b8-44a0-8023-2bfaa48d6721,SAMMS-JacksonV5
202608232214226090,202608232010370914,202608232010368283,85,4257,Bronze INV,br_ReAssessmentSocial,TASK_COMPLETE,SUCCESS,INFO,1758,1758,0,,2026-08-23T20:10:41.468Z,2026-08-23T22:16:21.732Z,7540,2026-08-23T22:16:21.732Z,V20,Paris,955211d4-28b8-44a0-8023-2bfaa48d6721,SAMMS-ParisV5
202608232214226092,202608232010370915,202608232010368283,85,4258,Bronze INV,br_ReAssessmentSocial,TASK_COMPLETE,SUCCESS,INFO,723,723,0,,2026-08-23T20:10:41.468Z,2026-08-23T22:16:21.732Z,7540,2026-08-23T22:16:21.732Z,V21,Memphis North,955211d4-28b8-44a0-8023-2bfaa48d6721,SAMMS-RaleighV5
202608232214226093,202608232010370916,202608232010368283,85,4261,Bronze INV,br_ReAssessmentSocial,TASK_COMPLETE,SUCCESS,INFO,1770,1770,0,,2026-08-23T20:10:41.468Z,2026-08-23T22:16:21.732Z,7540,2026-08-23T22:16:21.732Z,V5,West Bank,955211d4-28b8-44a0-8023-2bfaa48d6721,SAMMS-NONTCv5
202608232214226094,202608232010370917,202608232010368283,85,4263,Bronze INV,br_ReAssessmentSocial,TASK_COMPLETE,SUCCESS,INFO,144,144,0,,2026-08-23T20:10:41.468Z,2026-08-23T22:16:21.732Z,7540,2026-08-23T22:16:21.732Z,V5B,Houma,955211d4-28b8-44a0-8023-2bfaa48d6721,SAMMS-HoumaV6
202608232214226095,202608232010370918,202608232010368283,85,4264,Bronze INV,br_ReAssessmentSocial,TASK_COMPLETE,SUCCESS,INFO,1906,1906,0,,2026-08-23T20:10:41.468Z,2026-08-23T22:16:21.732Z,7540,2026-08-23T22:16:21.732Z,V6,Lake Charles,955211d4-28b8-44a0-8023-2bfaa48d6721,SAMMS-LCv5
202608232214226096,202608232010370919,202608232010368283,85,4266,Bronze INV,br_ReAssessmentSocial,TASK_COMPLETE,SUCCESS,INFO,739,739,0,,2026-08-23T20:10:41.468Z,2026-08-23T22:16:21.732Z,7540,2026-08-23T22:16:21.732Z,V8,Memphis Midtown,955211d4-28b8-44a0-8023-2bfaa48d6721,SAMMS-VCPHCS-VIII-MemphisV5
202608232214226097,202608232010370920,202608232010368283,85,4267,Bronze INV,br_ReAssessmentSocial,TASK_COMPLETE,SUCCESS,INFO,1760,1760,0,,2026-08-23T20:10:41.468Z,2026-08-23T22:16:21.732Z,7540,2026-08-23T22:16:21.732Z,V9,Nashville,955211d4-28b8-44a0-8023-2bfaa48d6721,SAMMS-NashvilleV5
202608232214226099,202608232010370921,202608232010368283,85,4268,Bronze INV,br_ReAssessmentSocial,TASK_COMPLETE,SUCCESS,INFO,838,838,0,,2026-08-23T20:10:41.468Z,2026-08-23T22:16:21.732Z,7540,2026-08-23T22:16:21.732Z,VBRA,Brainerd,955211d4-28b8-44a0-8023-2bfaa48d6721,SAMMS-BrainerdV6
202608232214226100,202608232010370922,202608232010368283,85,4269,Bronze INV,br_ReAssessmentSocial,TASK_COMPLETE,SUCCESS,INFO,1957,1957,0,,2026-08-23T20:10:41.468Z,2026-08-23T22:16:21.732Z,7540,2026-08-23T22:16:21.732Z,VBRP,Brooklyn Park,955211d4-28b8-44a0-8023-2bfaa48d6721,SAMMS-BrooklynParkV6
202608232214226101,202608232010370923,202608232010368283,85,4271,Bronze INV,br_ReAssessmentSocial,TASK_COMPLETE,SUCCESS,INFO,740,740,0,,2026-08-23T20:10:41.468Z,2026-08-23T22:16:21.732Z,7540,2026-08-23T22:16:21.732Z,VMIN,Minneapolis,955211d4-28b8-44a0-8023-2bfaa48d6721,SAMMS-MinneapolisV6
202608232214226102,202608232010370924,202608232010368283,85,4272,Bronze INV,br_ReAssessmentSocial,TASK_COMPLETE,SUCCESS,INFO,876,876,0,,2026-08-23T20:10:41.468Z,2026-08-23T22:16:21.732Z,7540,2026-08-23T22:16:21.732Z,VWBY,Woodbury,955211d4-28b8-44a0-8023-2bfaa48d6721,SAMMS-WoodburyV6
202608232214226103,202608232010370925,202608232010368283,85,4274,Bronze INV,br_ReAssessmentSocial,TASK_COMPLETE,SUCCESS,INFO,161,161,0,,2026-08-23T20:10:41.468Z,2026-08-23T22:16:21.732Z,7540,2026-08-23T22:16:21.732Z,WIL,Wilson,955211d4-28b8-44a0-8023-2bfaa48d6721,SAMMS-Wilson
202608232214226205,202608232010468298,202608232010468283,86,5734,Silver INV,sl_ReAssessmentSocial,TASK_COMPLETE,SUCCESS,INFO,78434,78434,0,,2026-08-23T20:10:41.468Z,2026-08-23T22:16:21.732Z,7540,2026-08-23T22:16:21.732Z,,,955211d4-28b8-44a0-8023-2bfaa48d6721,
202608232214226135,202608232010370696,202608232010368283,85,4278,Bronze INV,br_ReAssessmentSubstanceUse,TASK_COMPLETE,SUCCESS,INFO,35,35,0,,2026-08-23T20:10:41.468Z,2026-08-23T22:16:21.732Z,7540,2026-08-23T22:16:21.732Z,AHK,Ahoskie,955211d4-28b8-44a0-8023-2bfaa48d6721,SAMMS-Ahoskie
202608232214226137,202608232010370697,202608232010368283,85,4279,Bronze INV,br_ReAssessmentSubstanceUse,TASK_COMPLETE,SUCCESS,INFO,673,673,0,,2026-08-23T20:10:41.468Z,2026-08-23T22:16:21.732Z,7540,2026-08-23T22:16:21.732Z,B12B,Colorado Springs,955211d4-28b8-44a0-8023-2bfaa48d6721,SAMMS-ColoradoSpringsV5
202608232214226138,202608232010370698,202608232010368283,85,4280,Bronze INV,br_ReAssessmentSubstanceUse,TASK_COMPLETE,SUCCESS,INFO,848,848,0,,2026-08-23T20:10:41.468Z,2026-08-23T22:16:21.732Z,7540,2026-08-23T22:16:21.732Z,B24,Paintsville,955211d4-28b8-44a0-8023-2bfaa48d6721,SAMMS-PaintsvilleV5
202608232214226139,202608232010370699,202608232010368283,85,4281,Bronze INV,br_ReAssessmentSubstanceUse,TASK_COMPLETE,SUCCESS,INFO,649,649,0,,2026-08-23T20:10:41.468Z,2026-08-23T22:16:21.732Z,7540,2026-08-23T22:16:21.732Z,B25,Pikeville,955211d4-28b8-44a0-8023-2bfaa48d6721,SAMMS-PikevilleV5
202608232214226140,202608232010370700,202608232010368283,85,4282,Bronze INV,br_ReAssessmentSubstanceUse,TASK_COMPLETE,SUCCESS,INFO,973,973,0,,2026-08-23T20:10:41.468Z,2026-08-23T22:16:21.732Z,7540,2026-08-23T22:16:21.732Z,B26,Hazard,955211d4-28b8-44a0-8023-2bfaa48d6721,SAMMS-HazardV5
202608232214226141,202608232010370701,202608232010368283,85,4283,Bronze INV,br_ReAssessmentSubstanceUse,TASK_COMPLETE,SUCCESS,INFO,538,538,0,,2026-08-23T20:10:41.468Z,2026-08-23T22:16:21.732Z,7540,2026-08-23T22:16:21.732Z,B27,Savannah,955211d4-28b8-44a0-8023-2bfaa48d6721,SAMMS-SavannahV6
202608232214226142,202608232010370702,202608232010368283,85,4284,Bronze INV,br_ReAssessmentSubstanceUse,TASK_COMPLETE,SUCCESS,INFO,248,248,0,,2026-08-23T20:10:41.468Z,2026-08-23T22:16:21.732Z,7540,2026-08-23T22:16:21.732Z,B28,West Plains,955211d4-28b8-44a0-8023-2bfaa48d6721,SAMMS-WestPlainesV5
202608232214226144,202608232010370703,202608232010368283,85,4285,Bronze INV,br_ReAssessmentSubstanceUse,TASK_COMPLETE,SUCCESS,INFO,464,464,0,,2026-08-23T20:10:41.468Z,2026-08-23T22:16:21.732Z,7540,2026-08-23T22:16:21.732Z,B29,Poplar Bluff,955211d4-28b8-44a0-8023-2bfaa48d6721,SAMMS-PoplarBluffV5
202608232214226145,202608232010370704,202608232010368283,85,4286,Bronze INV,br_ReAssessmentSubstanceUse,TASK_COMPLETE,SUCCESS,INFO,82,82,0,,2026-08-23T20:10:41.468Z,2026-08-23T22:16:21.732Z,7540,2026-08-23T22:16:21.732Z,B30,KC North,955211d4-28b8-44a0-8023-2bfaa48d6721,SAMMS-KCNv5
202608232214226146,202608232010370705,202608232010368283,85,4287,Bronze INV,br_ReAssessmentSubstanceUse,TASK_COMPLETE,SUCCESS,INFO,402,402,0,,2026-08-23T20:10:41.468Z,2026-08-23T22:16:21.732Z,7540,2026-08-23T22:16:21.732Z,B31,Dyersburg,955211d4-28b8-44a0-8023-2bfaa48d6721,SAMMS-DyersburgV5
202608232214226147,202608232010370706,202608232010368283,85,4289,Bronze INV,br_ReAssessmentSubstanceUse,TASK_COMPLETE,SUCCESS,INFO,489,489,0,,2026-08-23T20:10:41.468Z,2026-08-23T22:16:21.732Z,7540,2026-08-23T22:16:21.732Z,B33,Paducah,955211d4-28b8-44a0-8023-2bfaa48d6721,SAMMS-Paducah
202608232214226148,202608232010370707,202608232010368283,85,4290,Bronze INV,br_ReAssessmentSubstanceUse,TASK_COMPLETE,SUCCESS,INFO,388,388,0,,2026-08-23T20:10:41.468Z,2026-08-23T22:16:21.732Z,7540,2026-08-23T22:16:21.732Z,B34,Corbin,955211d4-28b8-44a0-8023-2bfaa48d6721,SAMMS-CorbinV5
202608232214226150,202608232010370708,202608232010368283,85,4291,Bronze INV,br_ReAssessmentSubstanceUse,TASK_COMPLETE,SUCCESS,INFO,243,243,0,,2026-08-23T20:10:41.468Z,2026-08-23T22:16:21.732Z,7540,2026-08-23T22:16:21.732Z,B35,Lexington,955211d4-28b8-44a0-8023-2bfaa48d6721,SAMMS-LexingtonV5
202608232214226151,202608232010370709,202608232010368283,85,4292,Bronze INV,br_ReAssessmentSubstanceUse,TASK_COMPLETE,SUCCESS,INFO,77,77,0,,2026-08-23T20:10:41.468Z,2026-08-23T22:16:21.732Z,7540,2026-08-23T22:16:21.732Z,B35A,Berea,955211d4-28b8-44a0-8023-2bfaa48d6721,SAMMS-BereaV5
202608232214226152,202608232010370710,202608232010368283,85,4293,Bronze INV,br_ReAssessmentSubstanceUse,TASK_COMPLETE,SUCCESS,INFO,22,22,0,,2026-08-23T20:10:41.468Z,2026-08-23T22:16:21.732Z,7540,2026-08-23T22:16:21.732Z,B36,Asheville,955211d4-28b8-44a0-8023-2bfaa48d6721,SAMMS-AshevilleV5
202608232214226153,202608232010370711,202608232010368283,85,4294,Bronze INV,br_ReAssessmentSubstanceUse,TASK_COMPLETE,SUCCESS,INFO,2,2,0,,2026-08-23T20:10:41.468Z,2026-08-23T22:16:21.732Z,7540,2026-08-23T22:16:21.732Z,B37,Clyde,955211d4-28b8-44a0-8023-2bfaa48d6721,SAMMS-ClydeV5
202608232214226154,202608232010370712,202608232010368283,85,4295,Bronze INV,br_ReAssessmentSubstanceUse,TASK_COMPLETE,SUCCESS,INFO,1194,1194,0,,2026-08-23T20:10:41.468Z,2026-08-23T22:16:21.732Z,7540,2026-08-23T22:16:21.732Z,B38,Spartanburg,955211d4-28b8-44a0-8023-2bfaa48d6721,SAMMS-SpartanburgV5
202608232214226155,202608232010370713,202608232010368283,85,4296,Bronze INV,br_ReAssessmentSubstanceUse,TASK_COMPLETE,SUCCESS,INFO,367,367,0,,2026-08-23T20:10:41.468Z,2026-08-23T22:16:21.732Z,7540,2026-08-23T22:16:21.732Z,B39,Aiken,955211d4-28b8-44a0-8023-2bfaa48d6721,SAMMS-AikenV5
202608232214226156,202608232010370714,202608232010368283,85,4297,Bronze INV,br_ReAssessmentSubstanceUse,TASK_COMPLETE,SUCCESS,INFO,1908,1908,0,,2026-08-23T20:10:41.468Z,2026-08-23T22:16:21.732Z,7540,2026-08-23T22:16:21.732Z,B41,Chesapeake,955211d4-28b8-44a0-8023-2bfaa48d6721,SAMMS-ChesapeakeV5
202608232214226158,202608232010370715,202608232010368283,85,4298,Bronze INV,br_ReAssessmentSubstanceUse,TASK_COMPLETE,SUCCESS,INFO,1938,1938,0,,2026-08-23T20:10:41.468Z,2026-08-23T22:16:21.732Z,7540,2026-08-23T22:16:21.732Z,B42,Virginia Beach,955211d4-28b8-44a0-8023-2bfaa48d6721,SAMMS-VirginiaBeachV5
202608232214226159,202608232010370716,202608232010368283,85,4299,Bronze INV,br_ReAssessmentSubstanceUse,TASK_COMPLETE,SUCCESS,INFO,945,945,0,,2026-08-23T20:10:41.468Z,2026-08-23T22:16:21.732Z,7540,2026-08-23T22:16:21.732Z,B42A,Newport News,955211d4-28b8-44a0-8023-2bfaa48d6721,SAMMS-NewportNewsV5
202608232214226160,202608232010370717,202608232010368283,85,4300,Bronze INV,br_ReAssessmentSubstanceUse,TASK_COMPLETE,SUCCESS,INFO,515,515,0,,2026-08-23T20:10:41.468Z,2026-08-23T22:16:21.732Z,7540,2026-08-23T22:16:21.732Z,B42B,Franklin,955211d4-28b8-44a0-8023-2bfaa48d6721,SAMMS-FranklinV5
202608232214226161,202608232010370718,202608232010368283,85,4301,Bronze INV,br_ReAssessmentSubstanceUse,TASK_COMPLETE,SUCCESS,INFO,352,352,0,,2026-08-23T20:10:41.468Z,2026-08-23T22:16:21.732Z,7540,2026-08-23T22:16:21.732Z,B42C,Glen Allen,955211d4-28b8-44a0-8023-2bfaa48d6721,SAMMS-GlenAllenV5
202608232214226162,202608232010370719,202608232010368283,85,4302,Bronze INV,br_ReAssessmentSubstanceUse,TASK_COMPLETE,SUCCESS,INFO,1510,1510,0,,2026-08-23T20:10:41.468Z,2026-08-23T22:16:21.732Z,7540,2026-08-23T22:16:21.732Z,B42D,Chesapeake South,955211d4-28b8-44a0-8023-2bfaa48d6721,SAMMS-ChesapeakeSouthV5
202608232214226163,202608232010370720,202608232010368283,85,4303,Bronze INV,br_ReAssessmentSubstanceUse,TASK_COMPLETE,SUCCESS,INFO,638,638,0,,2026-08-23T20:10:41.468Z,2026-08-23T22:16:21.732Z,7540,2026-08-23T22:16:21.732Z,B44,Albany,955211d4-28b8-44a0-8023-2bfaa48d6721,SAMMS-AlbanyV5
202608232214226165,202608232010370721,202608232010368283,85,4304,Bronze INV,br_ReAssessmentSubstanceUse,TASK_COMPLETE,SUCCESS,INFO,1278,1278,0,,2026-08-23T20:10:41.468Z,2026-08-23T22:16:21.732Z,7540,2026-08-23T22:16:21.732Z,B45,Tifton,955211d4-28b8-44a0-8023-2bfaa48d6721,SAMMS-TiftonV5
202608232214226166,202608232010370722,202608232010368283,85,4305,Bronze INV,br_ReAssessmentSubstanceUse,TASK_COMPLETE,SUCCESS,INFO,605,605,0,,2026-08-23T20:10:41.468Z,2026-08-23T22:16:21.732Z,7540,2026-08-23T22:16:21.732Z,B46,Washington DC,955211d4-28b8-44a0-8023-2bfaa48d6721,SAMMS-WashingtonDCv5
202608232214226167,202608232010370723,202608232010368283,85,4306,Bronze INV,br_ReAssessmentSubstanceUse,TASK_COMPLETE,SUCCESS,INFO,1599,1599,0,,2026-08-23T20:10:41.468Z,2026-08-23T22:16:21.732Z,7540,2026-08-23T22:16:21.732Z,B47,Mobile,955211d4-28b8-44a0-8023-2bfaa48d6721,SAMMS-MobileV5
202608232214226168,202608232010370724,202608232010368283,85,4307,Bronze INV,br_ReAssessmentSubstanceUse,TASK_COMPLETE,SUCCESS,INFO,1307,1307,0,,2026-08-23T20:10:41.468Z,2026-08-23T22:16:21.732Z,7540,2026-08-23T22:16:21.732Z,B48,Tuscaloosa,955211d4-28b8-44a0-8023-2bfaa48d6721,SAMMS-TuscaloosaV5
202608232214226169,202608232010370725,202608232010368283,85,4316,Bronze INV,br_ReAssessmentSubstanceUse,TASK_COMPLETE,SUCCESS,INFO,5,5,0,,2026-08-23T20:10:41.468Z,2026-08-23T22:16:21.732Z,7540,2026-08-23T22:16:21.732Z,B51,N. Little Rock (OTP),955211d4-28b8-44a0-8023-2bfaa48d6721,SAMMS-NorthLittleRockV6
202608232214226170,202608232010370726,202608232010368283,85,4317,Bronze INV,br_ReAssessmentSubstanceUse,TASK_COMPLETE,SUCCESS,INFO,466,466,0,,2026-08-23T20:10:41.468Z,2026-08-23T22:16:21.732Z,7540,2026-08-23T22:16:21.732Z,B52,Jackson GA,955211d4-28b8-44a0-8023-2bfaa48d6721,SAMMS-JacksonGAV5
202608232214226172,202608232010370727,202608232010368283,85,4318,Bronze INV,br_ReAssessmentSubstanceUse,TASK_COMPLETE,SUCCESS,INFO,1711,1711,0,,2026-08-23T20:10:41.468Z,2026-08-23T22:16:21.732Z,7540,2026-08-23T22:16:21.732Z,B54,Gadsden,955211d4-28b8-44a0-8023-2bfaa48d6721,SAMMS-GadsdenV5
202608232214226173,202608232010370728,202608232010368283,85,4319,Bronze INV,br_ReAssessmentSubstanceUse,TASK_COMPLETE,SUCCESS,INFO,968,968,0,,2026-08-23T20:10:41.468Z,2026-08-23T22:16:21.732Z,7540,2026-08-23T22:16:21.732Z,B55,Shoals,955211d4-28b8-44a0-8023-2bfaa48d6721,SAMMS-ShoalsV5
202608232214226174,202608232010370729,202608232010368283,85,4320,Bronze INV,br_ReAssessmentSubstanceUse,TASK_COMPLETE,SUCCESS,INFO,296,296,0,,2026-08-23T20:10:41.468Z,2026-08-23T22:16:21.732Z,7540,2026-08-23T22:16:21.732Z,B57,Pawtucket,955211d4-28b8-44a0-8023-2bfaa48d6721,SAMMS-Pawtucket
202608232214226175,202608232010370730,202608232010368283,85,4321,Bronze INV,br_ReAssessmentSubstanceUse,TASK_COMPLETE,SUCCESS,INFO,559,559,0,,2026-08-23T20:10:41.468Z,2026-08-23T22:16:21.732Z,7540,2026-08-23T22:16:21.732Z,B57A,Johnston,955211d4-28b8-44a0-8023-2bfaa48d6721,SAMMS-Johnston
202608232214226176,202608232010370731,202608232010368283,85,4322,Bronze INV,br_ReAssessmentSubstanceUse,TASK_COMPLETE,SUCCESS,INFO,169,169,0,,2026-08-23T20:10:41.468Z,2026-08-23T22:16:21.732Z,7540,2026-08-23T22:16:21.732Z,B57B,Middletown,955211d4-28b8-44a0-8023-2bfaa48d6721,SAMMS-Middletown
202608232214226177,202608232010370732,202608232010368283,85,4323,Bronze INV,br_ReAssessmentSubstanceUse,TASK_COMPLETE,SUCCESS,INFO,418,418,0,,2026-08-23T20:10:41.468Z,2026-08-23T22:16:21.732Z,7540,2026-08-23T22:16:21.732Z,B57C,Providence,955211d4-28b8-44a0-8023-2bfaa48d6721,SAMMS-Providence
202608232214226179,202608232010370733,202608232010368283,85,4324,Bronze INV,br_ReAssessmentSubstanceUse,TASK_COMPLETE,SUCCESS,INFO,642,642,0,,2026-08-23T20:10:41.468Z,2026-08-23T22:16:21.732Z,7540,2026-08-23T22:16:21.732Z,B57D,Westerly,955211d4-28b8-44a0-8023-2bfaa48d6721,SAMMS-Westerly
202608232214226180,202608232010370734,202608232010368283,85,4328,Bronze INV,br_ReAssessmentSubstanceUse,TASK_COMPLETE,SUCCESS,INFO,4,4,0,,2026-08-23T20:10:41.468Z,2026-08-23T22:16:21.732Z,7540,2026-08-23T22:16:21.732Z,B66A,Bremen,955211d4-28b8-44a0-8023-2bfaa48d6721,SAMMS-Bremen
202608232214226181,202608232010370735,202608232010368283,85,4331,Bronze INV,br_ReAssessmentSubstanceUse,TASK_COMPLETE,SUCCESS,INFO,0,0,0,,2026-08-23T20:10:41.468Z,2026-08-23T22:16:21.732Z,7540,2026-08-23T22:16:21.732Z,B72,Mobile (OBOT),955211d4-28b8-44a0-8023-2bfaa48d6721,SAMMS-Mobile-OBOT
202608232214226182,202608232010370736,202608232010368283,85,4332,Bronze INV,br_ReAssessmentSubstanceUse,TASK_COMPLETE,SUCCESS,INFO,0,0,0,,2026-08-23T20:10:41.468Z,2026-08-23T22:16:21.732Z,7540,2026-08-23T22:16:21.732Z,B73,Montgomery,955211d4-28b8-44a0-8023-2bfaa48d6721,SAMMS-Montgomery
202608232214226183,202608232010370737,202608232010368283,85,4333,Bronze INV,br_ReAssessmentSubstanceUse,TASK_COMPLETE,SUCCESS,INFO,523,523,0,,2026-08-23T20:10:41.468Z,2026-08-23T22:16:21.732Z,7540,2026-08-23T22:16:21.732Z,B75,Lawrence,955211d4-28b8-44a0-8023-2bfaa48d6721,SAMMS-LawrenceV6
202608232214226184,202608232010370738,202608232010368283,85,4334,Bronze INV,br_ReAssessmentSubstanceUse,TASK_COMPLETE,SUCCESS,INFO,0,0,0,,2026-08-23T20:10:41.468Z,2026-08-23T22:16:21.732Z,7540,2026-08-23T22:16:21.732Z,B76,Huntsville OBOT,955211d4-28b8-44a0-8023-2bfaa48d6721,SAMMS-Huntsville-OBOT
202608232214226186,202608232010370739,202608232010368283,85,4335,Bronze INV,br_ReAssessmentSubstanceUse,TASK_COMPLETE,SUCCESS,INFO,0,0,0,,2026-08-23T20:10:41.468Z,2026-08-23T22:16:21.732Z,7540,2026-08-23T22:16:21.732Z,BAT,Batesville,955211d4-28b8-44a0-8023-2bfaa48d6721,SAMMS-Batesville
202608232214226187,202608232010370740,202608232010368283,85,4336,Bronze INV,br_ReAssessmentSubstanceUse,TASK_COMPLETE,SUCCESS,INFO,465,465,0,,2026-08-23T20:10:41.468Z,2026-08-23T22:16:21.732Z,7540,2026-08-23T22:16:21.732Z,BG,Bowling Green,955211d4-28b8-44a0-8023-2bfaa48d6721,SAMMS-BowlingGreen
202608232214226188,202608232010370741,202608232010368283,85,4337,Bronze INV,br_ReAssessmentSubstanceUse,TASK_COMPLETE,SUCCESS,INFO,185,185,0,,2026-08-23T20:10:41.468Z,2026-08-23T22:16:21.732Z,7540,2026-08-23T22:16:21.732Z,BOI,Boise,955211d4-28b8-44a0-8023-2bfaa48d6721,SAMMS-Boise
202608232214226189,202608232010370742,202608232010368283,85,4344,Bronze INV,br_ReAssessmentSubstanceUse,TASK_COMPLETE,SUCCESS,INFO,57,57,0,,2026-08-23T20:10:41.468Z,2026-08-23T22:16:21.732Z,7540,2026-08-23T22:16:21.732Z,CBCO,Coeur dAlene,955211d4-28b8-44a0-8023-2bfaa48d6721,SAMMS-CoeurdAleneV6
202608232214226190,202608232010370743,202608232010368283,85,4363,Bronze INV,br_ReAssessmentSubstanceUse,TASK_COMPLETE,SUCCESS,INFO,0,0,0,,2026-08-23T20:10:41.468Z,2026-08-23T22:16:21.732Z,7540,2026-08-23T22:16:21.732Z,CON,Conway,955211d4-28b8-44a0-8023-2bfaa48d6721,SAMMS-Conway
202608232214226191,202608232010370744,202608232010368283,85,4364,Bronze INV,br_ReAssessmentSubstanceUse,TASK_COMPLETE,SUCCESS,INFO,2630,2630,0,,2026-08-23T20:10:41.468Z,2026-08-23T22:16:21.732Z,7540,2026-08-23T22:16:21.732Z,D07,Medical Services Knox TN,955211d4-28b8-44a0-8023-2bfaa48d6721,SAMMS-KnoxvilleV6
202608232214226193,202608232010370745,202608232010368283,85,4365,Bronze INV,br_ReAssessmentSubstanceUse,TASK_COMPLETE,SUCCESS,INFO,116,116,0,,2026-08-23T20:10:41.468Z,2026-08-23T22:16:21.732Z,7540,2026-08-23T22:16:21.732Z,D08,Madison,955211d4-28b8-44a0-8023-2bfaa48d6721,SAMMS-MadisonV6
202608232214226194,202608232010370746,202608232010368283,85,4367,Bronze INV,br_ReAssessmentSubstanceUse,TASK_COMPLETE,SUCCESS,INFO,137,137,0,,2026-08-23T20:10:41.468Z,2026-08-23T22:16:21.732Z,7540,2026-08-23T22:16:21.732Z,D09,Murfreesboro,955211d4-28b8-44a0-8023-2bfaa48d6721,SAMMS-MurfreesboroV6
202608232214226195,202608232010370747,202608232010368283,85,4368,Bronze INV,br_ReAssessmentSubstanceUse,TASK_COMPLETE,SUCCESS,INFO,340,340,0,,2026-08-23T20:10:41.468Z,2026-08-23T22:16:21.732Z,7540,2026-08-23T22:16:21.732Z,DA,Davenport,955211d4-28b8-44a0-8023-2bfaa48d6721,SAMMS-Davenport
202608232214226196,202608232010370748,202608232010368283,85,4369,Bronze INV,br_ReAssessmentSubstanceUse,TASK_COMPLETE,SUCCESS,INFO,292,292,0,,2026-08-23T20:10:41.468Z,2026-08-23T22:16:21.732Z,7540,2026-08-23T22:16:21.732Z,DM,Des Moines,955211d4-28b8-44a0-8023-2bfaa48d6721,SAMMS-DesMoines
202608232214226197,202608232010370749,202608232010368283,85,4371,Bronze INV,br_ReAssessmentSubstanceUse,TASK_COMPLETE,SUCCESS,INFO,534,534,0,,2026-08-23T20:10:41.468Z,2026-08-23T22:16:21.732Z,7540,2026-08-23T22:16:21.732Z,DRD-CO,Columbia MO,955211d4-28b8-44a0-8023-2bfaa48d6721,SAMMS-ColumbiaV5
202608232214226198,202608232010370750,202608232010368283,85,4372,Bronze INV,br_ReAssessmentSubstanceUse,TASK_COMPLETE,SUCCESS,INFO,348,348,0,,2026-08-23T20:10:41.468Z,2026-08-23T22:16:21.732Z,7540,2026-08-23T22:16:21.732Z,DRD-KC,KC,955211d4-28b8-44a0-8023-2bfaa48d6721,SAMMS-KCv5
202608232214226200,202608232010370751,202608232010368283,85,4373,Bronze INV,br_ReAssessmentSubstanceUse,TASK_COMPLETE,SUCCESS,INFO,1572,1572,0,,2026-08-23T20:10:41.468Z,2026-08-23T22:16:21.732Z,7540,2026-08-23T22:16:21.732Z,DRD-KVB,KVB,955211d4-28b8-44a0-8023-2bfaa48d6721,SAMMS-KVBv5
202608232214226201,202608232010370752,202608232010368283,85,4374,Bronze INV,br_ReAssessmentSubstanceUse,TASK_COMPLETE,SUCCESS,INFO,1688,1688,0,,2026-08-23T20:10:41.468Z,2026-08-23T22:16:21.732Z,7540,2026-08-23T22:16:21.732Z,DRD-KVC,KVC,955211d4-28b8-44a0-8023-2bfaa48d6721,SAMMS-KVCv5
202608232214226202,202608232010370753,202608232010368283,85,4375,Bronze INV,br_ReAssessmentSubstanceUse,TASK_COMPLETE,SUCCESS,INFO,3216,3216,0,,2026-08-23T20:10:41.468Z,2026-08-23T22:16:21.732Z,7540,2026-08-23T22:16:21.732Z,DRD-NOLA,NOLA,955211d4-28b8-44a0-8023-2bfaa48d6721,SAMMS-NOLAv5
202608232214226203,202608232010370754,202608232010368283,85,4376,Bronze INV,br_ReAssessmentSubstanceUse,TASK_COMPLETE,SUCCESS,INFO,817,817,0,,2026-08-23T20:10:41.468Z,2026-08-23T22:16:21.732Z,7540,2026-08-23T22:16:21.732Z,DRD-SF,Springfield,955211d4-28b8-44a0-8023-2bfaa48d6721,SAMMS-SFv5
202608232214226204,202608232010370755,202608232010368283,85,4378,Bronze INV,br_ReAssessmentSubstanceUse,TASK_COMPLETE,SUCCESS,INFO,262,262,0,,2026-08-23T20:10:41.468Z,2026-08-23T22:16:21.732Z,7540,2026-08-23T22:16:21.732Z,ELC,Elizabeth City,955211d4-28b8-44a0-8023-2bfaa48d6721,SAMMS-ElizabethCity
202608232214226205,202608232010370756,202608232010368283,85,4379,Bronze INV,br_ReAssessmentSubstanceUse,TASK_COMPLETE,SUCCESS,INFO,128,128,0,,2026-08-23T20:10:41.468Z,2026-08-23T22:16:21.732Z,7540,2026-08-23T22:16:21.732Z,ET,Elizabethtown,955211d4-28b8-44a0-8023-2bfaa48d6721,SAMMS-Elizabethtown
202608232214226206,202608232010370757,202608232010368283,85,4380,Bronze INV,br_ReAssessmentSubstanceUse,TASK_COMPLETE,SUCCESS,INFO,0,0,0,,2026-08-23T20:10:41.468Z,2026-08-23T22:16:21.732Z,7540,2026-08-23T22:16:21.732Z,FAY,Fayetteville,955211d4-28b8-44a0-8023-2bfaa48d6721,SAMMS-Fayetteville
202608232214226208,202608232010370758,202608232010368283,85,4381,Bronze INV,br_ReAssessmentSubstanceUse,TASK_COMPLETE,SUCCESS,INFO,158,158,0,,2026-08-23T20:10:41.468Z,2026-08-23T22:16:21.732Z,7540,2026-08-23T22:16:21.732Z,FR,Frankfort,955211d4-28b8-44a0-8023-2bfaa48d6721,SAMMS-Frankfort
202608232214226209,202608232010370759,202608232010368283,85,4382,Bronze INV,br_ReAssessmentSubstanceUse,TASK_COMPLETE,SUCCESS,INFO,0,0,0,,2026-08-23T20:10:41.468Z,2026-08-23T22:16:21.732Z,7540,2026-08-23T22:16:21.732Z,FS,Fort Smith,955211d4-28b8-44a0-8023-2bfaa48d6721,SAMMS-FortSmith
202608232214226210,202608232010370760,202608232010368283,85,4383,Bronze INV,br_ReAssessmentSubstanceUse,TASK_COMPLETE,SUCCESS,INFO,472,472,0,,2026-08-23T20:10:41.468Z,2026-08-23T22:16:21.732Z,7540,2026-08-23T22:16:21.732Z,FW,Fort Wayne,955211d4-28b8-44a0-8023-2bfaa48d6721,SAMMS-FortWayne
202608232214226211,202608232010370761,202608232010368283,85,4384,Bronze INV,br_ReAssessmentSubstanceUse,TASK_COMPLETE,SUCCESS,INFO,276,276,0,,2026-08-23T20:10:41.468Z,2026-08-23T22:16:21.732Z,7540,2026-08-23T22:16:21.732Z,GAL,Gaylord,955211d4-28b8-44a0-8023-2bfaa48d6721,SAMMS-Gaylord
202608232214226212,202608232010370762,202608232010368283,85,4388,Bronze INV,br_ReAssessmentSubstanceUse,TASK_COMPLETE,SUCCESS,INFO,102,102,0,,2026-08-23T20:10:41.468Z,2026-08-23T22:16:21.732Z,7540,2026-08-23T22:16:21.732Z,HGT,Hagerstown,955211d4-28b8-44a0-8023-2bfaa48d6721,SAMMS-Hagerstown
202608232214226213,202608232010370763,202608232010368283,85,4389,Bronze INV,br_ReAssessmentSubstanceUse,TASK_COMPLETE,SUCCESS,INFO,1747,1747,0,,2026-08-23T20:10:41.468Z,2026-08-23T22:16:21.732Z,7540,2026-08-23T22:16:21.732Z,HNT,Huntsville,955211d4-28b8-44a0-8023-2bfaa48d6721,SAMMS-Huntsville
202608232214226215,202608232010370764,202608232010368283,85,4390,Bronze INV,br_ReAssessmentSubstanceUse,TASK_COMPLETE,SUCCESS,INFO,0,0,0,,2026-08-23T20:10:41.468Z,2026-08-23T22:16:21.732Z,7540,2026-08-23T22:16:21.732Z,HS,Hot Springs,955211d4-28b8-44a0-8023-2bfaa48d6721,SAMMS-HotSprings
202608232214226216,202608232010370765,202608232010368283,85,4391,Bronze INV,br_ReAssessmentSubstanceUse,TASK_COMPLETE,SUCCESS,INFO,0,0,0,,2026-08-23T20:10:41.468Z,2026-08-23T22:16:21.732Z,7540,2026-08-23T22:16:21.732Z,JON,Jonesboro,955211d4-28b8-44a0-8023-2bfaa48d6721,SAMMS-Jonesboro
202608232214226217,202608232010370766,202608232010368283,85,4393,Bronze INV,br_ReAssessmentSubstanceUse,TASK_COMPLETE,SUCCESS,INFO,455,455,0,,2026-08-23T20:10:41.468Z,2026-08-23T22:16:21.732Z,7540,2026-08-23T22:16:21.732Z,LAN,Lansing,955211d4-28b8-44a0-8023-2bfaa48d6721,SAMMS-Lansing
202608232214226218,202608232010370767,202608232010368283,85,4394,Bronze INV,br_ReAssessmentSubstanceUse,TASK_COMPLETE,SUCCESS,INFO,1293,1293,0,,2026-08-23T20:10:41.468Z,2026-08-23T22:16:21.732Z,7540,2026-08-23T22:16:21.732Z,LO,Louisville,955211d4-28b8-44a0-8023-2bfaa48d6721,SAMMS-Louisville
202608232214226219,202608232010370768,202608232010368283,85,4395,Bronze INV,br_ReAssessmentSubstanceUse,TASK_COMPLETE,SUCCESS,INFO,295,295,0,,2026-08-23T20:10:41.468Z,2026-08-23T22:16:21.732Z,7540,2026-08-23T22:16:21.732Z,LV1,Cheyenne,955211d4-28b8-44a0-8023-2bfaa48d6721,SAMMS-Cheyenne
202608232214226220,202608232010370769,202608232010368283,85,4396,Bronze INV,br_ReAssessmentSubstanceUse,TASK_COMPLETE,SUCCESS,INFO,205,205,0,,2026-08-23T20:10:41.468Z,2026-08-23T22:16:21.732Z,7540,2026-08-23T22:16:21.732Z,LV2,Desert Inn,955211d4-28b8-44a0-8023-2bfaa48d6721,SAMMS-DesertInn
202608232214226222,202608232010370770,202608232010368283,85,4397,Bronze INV,br_ReAssessmentSubstanceUse,TASK_COMPLETE,SUCCESS,INFO,111,111,0,,2026-08-23T20:10:41.468Z,2026-08-23T22:16:21.732Z,7540,2026-08-23T22:16:21.732Z,LV3,McDaniel,955211d4-28b8-44a0-8023-2bfaa48d6721,SAMMS-McDaniel
202608232214226223,202608232010370771,202608232010368283,85,4400,Bronze INV,br_ReAssessmentSubstanceUse,TASK_COMPLETE,SUCCESS,INFO,365,365,0,,2026-08-23T20:10:41.468Z,2026-08-23T22:16:21.732Z,7540,2026-08-23T22:16:21.732Z,MNRE,Monroe,955211d4-28b8-44a0-8023-2bfaa48d6721,SAMMS-Monroe
202608232214226224,202608232010370772,202608232010368283,85,4401,Bronze INV,br_ReAssessmentSubstanceUse,TASK_COMPLETE,SUCCESS,INFO,1437,1437,0,,2026-08-23T20:10:41.468Z,2026-08-23T22:16:21.732Z,7540,2026-08-23T22:16:21.732Z,MP,Mt. Pleasant,955211d4-28b8-44a0-8023-2bfaa48d6721,SAMMS-MtPleasant
202608232214226225,202608232010370773,202608232010368283,85,4402,Bronze INV,br_ReAssessmentSubstanceUse,TASK_COMPLETE,SUCCESS,INFO,156,156,0,,2026-08-23T20:10:41.468Z,2026-08-23T22:16:21.732Z,7540,2026-08-23T22:16:21.732Z,MRD,Meridian,955211d4-28b8-44a0-8023-2bfaa48d6721,SAMMS-Meridian
202608232214226226,202608232010370774,202608232010368283,85,4407,Bronze INV,br_ReAssessmentSubstanceUse,TASK_COMPLETE,SUCCESS,INFO,697,697,0,,2026-08-23T20:10:41.468Z,2026-08-23T22:16:21.732Z,7540,2026-08-23T22:16:21.732Z,NC,North Charleston,955211d4-28b8-44a0-8023-2bfaa48d6721,SAMMS-NorthCharleston
202608232214226227,202608232010370775,202608232010368283,85,4408,Bronze INV,br_ReAssessmentSubstanceUse,TASK_COMPLETE,SUCCESS,INFO,0,0,0,,2026-08-23T20:10:41.468Z,2026-08-23T22:16:21.732Z,7540,2026-08-23T22:16:21.732Z,NLR,N. Little Rock,955211d4-28b8-44a0-8023-2bfaa48d6721,SAMMS-NLROBOT
202608232214226229,202608232010370776,202608232010368283,85,4409,Bronze INV,br_ReAssessmentSubstanceUse,TASK_COMPLETE,SUCCESS,INFO,115,115,0,,2026-08-23T20:10:41.468Z,2026-08-23T22:16:21.732Z,7540,2026-08-23T22:16:21.732Z,PH,Phoenix,955211d4-28b8-44a0-8023-2bfaa48d6721,SAMMS-Phoenix
202608232214226230,202608232010370777,202608232010368283,85,4413,Bronze INV,br_ReAssessmentSubstanceUse,TASK_COMPLETE,SUCCESS,INFO,219,219,0,,2026-08-23T20:10:41.468Z,2026-08-23T22:16:21.732Z,7540,2026-08-23T22:16:21.732Z,RE,Reno,955211d4-28b8-44a0-8023-2bfaa48d6721,SAMMS-Reno
202608232214226231,202608232010370778,202608232010368283,85,4414,Bronze INV,br_ReAssessmentSubstanceUse,TASK_COMPLETE,SUCCESS,INFO,89,89,0,,2026-08-23T20:10:41.468Z,2026-08-23T22:16:21.732Z,7540,2026-08-23T22:16:21.732Z,RMD,Richmond,955211d4-28b8-44a0-8023-2bfaa48d6721,SAMMS-Richmond
202608232214226232,202608232010370779,202608232010368283,85,4415,Bronze INV,br_ReAssessmentSubstanceUse,TASK_COMPLETE,SUCCESS,INFO,594,594,0,,2026-08-23T20:10:41.468Z,2026-08-23T22:16:21.732Z,7540,2026-08-23T22:16:21.732Z,SFN,Springfield North,955211d4-28b8-44a0-8023-2bfaa48d6721,SAMMS-SFNv5
202608232214226233,202608232010370780,202608232010368283,85,4416,Bronze INV,br_ReAssessmentSubstanceUse,TASK_COMPLETE,SUCCESS,INFO,790,790,0,,2026-08-23T20:10:41.468Z,2026-08-23T22:16:21.732Z,7540,2026-08-23T22:16:21.732Z,SHP,Shreveport,955211d4-28b8-44a0-8023-2bfaa48d6721,SAMMS-Shreveport
202608232214226234,202608232010370781,202608232010368283,85,4418,Bronze INV,br_ReAssessmentSubstanceUse,TASK_COMPLETE,SUCCESS,INFO,488,488,0,,2026-08-23T20:10:41.468Z,2026-08-23T22:16:21.732Z,7540,2026-08-23T22:16:21.732Z,STN,Staunton,955211d4-28b8-44a0-8023-2bfaa48d6721,SAMMS-Staunton
202608232214226236,202608232010370782,202608232010368283,85,4419,Bronze INV,br_ReAssessmentSubstanceUse,TASK_COMPLETE,SUCCESS,INFO,228,228,0,,2026-08-23T20:10:41.468Z,2026-08-23T22:16:21.732Z,7540,2026-08-23T22:16:21.732Z,STVN,Stevenson,955211d4-28b8-44a0-8023-2bfaa48d6721,SAMMS-Stevenson
202608232214226237,202608232010370783,202608232010368283,85,4421,Bronze INV,br_ReAssessmentSubstanceUse,TASK_COMPLETE,SUCCESS,INFO,178,178,0,,2026-08-23T20:10:41.468Z,2026-08-23T22:16:21.732Z,7540,2026-08-23T22:16:21.732Z,TE,Tempe,955211d4-28b8-44a0-8023-2bfaa48d6721,SAMMS-Tempe
202608232214226238,202608232010370784,202608232010368283,85,4422,Bronze INV,br_ReAssessmentSubstanceUse,TASK_COMPLETE,SUCCESS,INFO,0,0,0,,2026-08-23T20:10:41.468Z,2026-08-23T22:16:21.732Z,7540,2026-08-23T22:16:21.732Z,TEX,Texarkana,955211d4-28b8-44a0-8023-2bfaa48d6721,SAMMS-Texarkana
202608232214226239,202608232010370785,202608232010368283,85,4423,Bronze INV,br_ReAssessmentSubstanceUse,TASK_COMPLETE,SUCCESS,INFO,1104,1104,0,,2026-08-23T20:10:41.468Z,2026-08-23T22:16:21.732Z,7540,2026-08-23T22:16:21.732Z,TTCA,Bessemer,955211d4-28b8-44a0-8023-2bfaa48d6721,SAMMS-BessemerV5
202608232214226240,202608232010370786,202608232010368283,85,4424,Bronze INV,br_ReAssessmentSubstanceUse,TASK_COMPLETE,SUCCESS,INFO,1326,1326,0,,2026-08-23T20:10:41.468Z,2026-08-23T22:16:21.732Z,7540,2026-08-23T22:16:21.732Z,TTCB,Cullman,955211d4-28b8-44a0-8023-2bfaa48d6721,SAMMS-CullmanV5
202608232214226241,202608232010370787,202608232010368283,85,4425,Bronze INV,br_ReAssessmentSubstanceUse,TASK_COMPLETE,SUCCESS,INFO,973,973,0,,2026-08-23T20:10:41.468Z,2026-08-23T22:16:21.732Z,7540,2026-08-23T22:16:21.732Z,TTCC,Grand Bay,955211d4-28b8-44a0-8023-2bfaa48d6721,SAMMS-GrandBay
202608232214226242,202608232010370788,202608232010368283,85,4426,Bronze INV,br_ReAssessmentSubstanceUse,TASK_COMPLETE,SUCCESS,INFO,17,17,0,,2026-08-23T20:10:41.468Z,2026-08-23T22:16:21.732Z,7540,2026-08-23T22:16:21.732Z,TU,Tucson,955211d4-28b8-44a0-8023-2bfaa48d6721,SAMMS-Tucson
202608232214226244,202608232010370789,202608232010368283,85,4428,Bronze INV,br_ReAssessmentSubstanceUse,TASK_COMPLETE,SUCCESS,INFO,663,663,0,,2026-08-23T20:10:41.468Z,2026-08-23T22:16:21.732Z,7540,2026-08-23T22:16:21.732Z,V1,Memphis South,955211d4-28b8-44a0-8023-2bfaa48d6721,SAMMS-VCPHCS-I-MemphisV5
202608232214226245,202608232010370790,202608232010368283,85,4429,Bronze INV,br_ReAssessmentSubstanceUse,TASK_COMPLETE,SUCCESS,INFO,1641,1641,0,,2026-08-23T20:10:41.468Z,2026-08-23T22:16:21.732Z,7540,2026-08-23T22:16:21.732Z,V10,Longmont,955211d4-28b8-44a0-8023-2bfaa48d6721,SAMMS-BoulderV5
202608232214226246,202608232010370791,202608232010368283,85,4430,Bronze INV,br_ReAssessmentSubstanceUse,TASK_COMPLETE,SUCCESS,INFO,1527,1527,0,,2026-08-23T20:10:41.468Z,2026-08-23T22:16:21.732Z,7540,2026-08-23T22:16:21.732Z,V10A,Fort Collins,955211d4-28b8-44a0-8023-2bfaa48d6721,SAMMS-FortCollinsV5
202608252121599515,202608251925575945,202608251925573776,85,3517,Bronze INV,br_ReAssessmentLegal,TASK_COMPLETE,SUCCESS,INFO,903,903,0,,2026-08-25T19:26:03.177Z,2026-08-25T21:23:56.829Z,7073,2026-08-25T21:23:56.829Z,V17,Columbia TN,7eb7a049-5d17-4a23-bb2f-3b9c445afd32,SAMMS-ColumbiaTNv5
202608252121599516,202608251925575946,202608251925573776,85,3519,Bronze INV,br_ReAssessmentLegal,TASK_COMPLETE,SUCCESS,INFO,533,533,0,,2026-08-25T19:26:03.177Z,2026-08-25T21:23:56.829Z,7073,2026-08-25T21:23:56.829Z,V19,Jackson,7eb7a049-5d17-4a23-bb2f-3b9c445afd32,SAMMS-JacksonV5
202608252121599517,202608251925575947,202608251925573776,85,3521,Bronze INV,br_ReAssessmentLegal,TASK_COMPLETE,SUCCESS,INFO,1761,1761,0,,2026-08-25T19:26:03.177Z,2026-08-25T21:23:56.829Z,7073,2026-08-25T21:23:56.829Z,V20,Paris,7eb7a049-5d17-4a23-bb2f-3b9c445afd32,SAMMS-ParisV5
202608252121599519,202608251925575948,202608251925573776,85,3522,Bronze INV,br_ReAssessmentLegal,TASK_COMPLETE,SUCCESS,INFO,723,723,0,,2026-08-25T19:26:03.177Z,2026-08-25T21:23:56.829Z,7073,2026-08-25T21:23:56.829Z,V21,Memphis North,7eb7a049-5d17-4a23-bb2f-3b9c445afd32,SAMMS-RaleighV5
202608252121599520,202608251925575949,202608251925573776,85,3525,Bronze INV,br_ReAssessmentLegal,TASK_COMPLETE,SUCCESS,INFO,1773,1773,0,,2026-08-25T19:26:03.177Z,2026-08-25T21:23:56.829Z,7073,2026-08-25T21:23:56.829Z,V5,West Bank,7eb7a049-5d17-4a23-bb2f-3b9c445afd32,SAMMS-NONTCv5
202608252121599521,202608251925575950,202608251925573776,85,3527,Bronze INV,br_ReAssessmentLegal,TASK_COMPLETE,SUCCESS,INFO,144,144,0,,2026-08-25T19:26:03.177Z,2026-08-25T21:23:56.829Z,7073,2026-08-25T21:23:56.829Z,V5B,Houma,7eb7a049-5d17-4a23-bb2f-3b9c445afd32,SAMMS-HoumaV6
202608252121599522,202608251925575951,202608251925573776,85,3528,Bronze INV,br_ReAssessmentLegal,TASK_COMPLETE,SUCCESS,INFO,1907,1907,0,,2026-08-25T19:26:03.177Z,2026-08-25T21:23:56.829Z,7073,2026-08-25T21:23:56.829Z,V6,Lake Charles,7eb7a049-5d17-4a23-bb2f-3b9c445afd32,SAMMS-LCv5
202608252121599523,202608251925575952,202608251925573776,85,3530,Bronze INV,br_ReAssessmentLegal,TASK_COMPLETE,SUCCESS,INFO,741,741,0,,2026-08-25T19:26:03.177Z,2026-08-25T21:23:56.829Z,7073,2026-08-25T21:23:56.829Z,V8,Memphis Midtown,7eb7a049-5d17-4a23-bb2f-3b9c445afd32,SAMMS-VCPHCS-VIII-MemphisV5
202608252121599525,202608251925575953,202608251925573776,85,3531,Bronze INV,br_ReAssessmentLegal,TASK_COMPLETE,SUCCESS,INFO,1758,1758,0,,2026-08-25T19:26:03.177Z,2026-08-25T21:23:56.829Z,7073,2026-08-25T21:23:56.829Z,V9,Nashville,7eb7a049-5d17-4a23-bb2f-3b9c445afd32,SAMMS-NashvilleV5
202608252121599526,202608251925575954,202608251925573776,85,3532,Bronze INV,br_ReAssessmentLegal,TASK_COMPLETE,SUCCESS,INFO,837,837,0,,2026-08-25T19:26:03.177Z,2026-08-25T21:23:56.829Z,7073,2026-08-25T21:23:56.829Z,VBRA,Brainerd,7eb7a049-5d17-4a23-bb2f-3b9c445afd32,SAMMS-BrainerdV6
202608252121599527,202608251925575955,202608251925573776,85,3533,Bronze INV,br_ReAssessmentLegal,TASK_COMPLETE,SUCCESS,INFO,1953,1953,0,,2026-08-25T19:26:03.177Z,2026-08-25T21:23:56.829Z,7073,2026-08-25T21:23:56.829Z,VBRP,Brooklyn Park,7eb7a049-5d17-4a23-bb2f-3b9c445afd32,SAMMS-BrooklynParkV6
202608252121599528,202608251925575956,202608251925573776,85,3535,Bronze INV,br_ReAssessmentLegal,TASK_COMPLETE,SUCCESS,INFO,743,743,0,,2026-08-25T19:26:03.177Z,2026-08-25T21:23:56.829Z,7073,2026-08-25T21:23:56.829Z,VMIN,Minneapolis,7eb7a049-5d17-4a23-bb2f-3b9c445afd32,SAMMS-MinneapolisV6
202608252121599529,202608251925575957,202608251925573776,85,3536,Bronze INV,br_ReAssessmentLegal,TASK_COMPLETE,SUCCESS,INFO,881,881,0,,2026-08-25T19:26:03.177Z,2026-08-25T21:23:56.829Z,7073,2026-08-25T21:23:56.829Z,VWBY,Woodbury,7eb7a049-5d17-4a23-bb2f-3b9c445afd32,SAMMS-WoodburyV6
202608252121599530,202608251925575958,202608251925573776,85,3538,Bronze INV,br_ReAssessmentLegal,TASK_COMPLETE,SUCCESS,INFO,160,160,0,,2026-08-25T19:26:03.177Z,2026-08-25T21:23:56.829Z,7073,2026-08-25T21:23:56.829Z,WIL,Wilson,7eb7a049-5d17-4a23-bb2f-3b9c445afd32,SAMMS-Wilson
202608252121599632,202608251925673787,202608251925673776,86,5730,Silver INV,sl_ReAssessmentLegal,TASK_COMPLETE,SUCCESS,INFO,78449,78449,0,,2026-08-25T19:26:03.177Z,2026-08-25T21:23:56.829Z,7073,2026-08-25T21:23:56.829Z,,,7eb7a049-5d17-4a23-bb2f-3b9c445afd32,
202608252121599562,202608251925575959,202608251925573776,85,3542,Bronze INV,br_ReAssessmentMentalHealth,TASK_COMPLETE,SUCCESS,INFO,35,35,0,,2026-08-25T19:26:03.177Z,2026-08-25T21:23:56.829Z,7073,2026-08-25T21:23:56.829Z,AHK,Ahoskie,7eb7a049-5d17-4a23-bb2f-3b9c445afd32,SAMMS-Ahoskie
202608252121599563,202608251925575960,202608251925573776,85,3543,Bronze INV,br_ReAssessmentMentalHealth,TASK_COMPLETE,SUCCESS,INFO,662,662,0,,2026-08-25T19:26:03.177Z,2026-08-25T21:23:56.829Z,7073,2026-08-25T21:23:56.829Z,B12B,Colorado Springs,7eb7a049-5d17-4a23-bb2f-3b9c445afd32,SAMMS-ColoradoSpringsV5
202608252121599564,202608251925575961,202608251925573776,85,3544,Bronze INV,br_ReAssessmentMentalHealth,TASK_COMPLETE,SUCCESS,INFO,835,835,0,,2026-08-25T19:26:03.177Z,2026-08-25T21:23:56.829Z,7073,2026-08-25T21:23:56.829Z,B24,Paintsville,7eb7a049-5d17-4a23-bb2f-3b9c445afd32,SAMMS-PaintsvilleV5
202608252121599565,202608251925575962,202608251925573776,85,3545,Bronze INV,br_ReAssessmentMentalHealth,TASK_COMPLETE,SUCCESS,INFO,646,646,0,,2026-08-25T19:26:03.177Z,2026-08-25T21:23:56.829Z,7073,2026-08-25T21:23:56.829Z,B25,Pikeville,7eb7a049-5d17-4a23-bb2f-3b9c445afd32,SAMMS-PikevilleV5
202608252121599567,202608251925575963,202608251925573776,85,3546,Bronze INV,br_ReAssessmentMentalHealth,TASK_COMPLETE,SUCCESS,INFO,970,970,0,,2026-08-25T19:26:03.177Z,2026-08-25T21:23:56.829Z,7073,2026-08-25T21:23:56.829Z,B26,Hazard,7eb7a049-5d17-4a23-bb2f-3b9c445afd32,SAMMS-HazardV5
202608252121599570,202608251925575964,202608251925573776,85,3547,Bronze INV,br_ReAssessmentMentalHealth,TASK_COMPLETE,SUCCESS,INFO,532,532,0,,2026-08-25T19:26:03.177Z,2026-08-25T21:23:56.829Z,7073,2026-08-25T21:23:56.829Z,B27,Savannah,7eb7a049-5d17-4a23-bb2f-3b9c445afd32,SAMMS-SavannahV6
202608252121599571,202608251925575965,202608251925573776,85,3548,Bronze INV,br_ReAssessmentMentalHealth,TASK_COMPLETE,SUCCESS,INFO,246,246,0,,2026-08-25T19:26:03.177Z,2026-08-25T21:23:56.829Z,7073,2026-08-25T21:23:56.829Z,B28,West Plains,7eb7a049-5d17-4a23-bb2f-3b9c445afd32,SAMMS-WestPlainesV5
202608252121599573,202608251925575966,202608251925573776,85,3549,Bronze INV,br_ReAssessmentMentalHealth,TASK_COMPLETE,SUCCESS,INFO,461,461,0,,2026-08-25T19:26:03.177Z,2026-08-25T21:23:56.829Z,7073,2026-08-25T21:23:56.829Z,B29,Poplar Bluff,7eb7a049-5d17-4a23-bb2f-3b9c445afd32,SAMMS-PoplarBluffV5
202608252121599574,202608251925575967,202608251925573776,85,3550,Bronze INV,br_ReAssessmentMentalHealth,TASK_COMPLETE,SUCCESS,INFO,79,79,0,,2026-08-25T19:26:03.177Z,2026-08-25T21:23:56.829Z,7073,2026-08-25T21:23:56.829Z,B30,KC North,7eb7a049-5d17-4a23-bb2f-3b9c445afd32,SAMMS-KCNv5
202608252121599575,202608251925575968,202608251925573776,85,3551,Bronze INV,br_ReAssessmentMentalHealth,TASK_COMPLETE,SUCCESS,INFO,401,401,0,,2026-08-25T19:26:03.177Z,2026-08-25T21:23:56.829Z,7073,2026-08-25T21:23:56.829Z,B31,Dyersburg,7eb7a049-5d17-4a23-bb2f-3b9c445afd32,SAMMS-DyersburgV5
202608252121599576,202608251925575969,202608251925573776,85,3553,Bronze INV,br_ReAssessmentMentalHealth,TASK_COMPLETE,SUCCESS,INFO,487,487,0,,2026-08-25T19:26:03.177Z,2026-08-25T21:23:56.829Z,7073,2026-08-25T21:23:56.829Z,B33,Paducah,7eb7a049-5d17-4a23-bb2f-3b9c445afd32,SAMMS-Paducah
202608252121599577,202608251925575970,202608251925573776,85,3554,Bronze INV,br_ReAssessmentMentalHealth,TASK_COMPLETE,SUCCESS,INFO,386,386,0,,2026-08-25T19:26:03.177Z,2026-08-25T21:23:56.829Z,7073,2026-08-25T21:23:56.829Z,B34,Corbin,7eb7a049-5d17-4a23-bb2f-3b9c445afd32,SAMMS-CorbinV5
202608252121599578,202608251925575971,202608251925573776,85,3555,Bronze INV,br_ReAssessmentMentalHealth,TASK_COMPLETE,SUCCESS,INFO,242,242,0,,2026-08-25T19:26:03.177Z,2026-08-25T21:23:56.829Z,7073,2026-08-25T21:23:56.829Z,B35,Lexington,7eb7a049-5d17-4a23-bb2f-3b9c445afd32,SAMMS-LexingtonV5
202608252121599579,202608251925575972,202608251925573776,85,3556,Bronze INV,br_ReAssessmentMentalHealth,TASK_COMPLETE,SUCCESS,INFO,77,77,0,,2026-08-25T19:26:03.177Z,2026-08-25T21:23:56.829Z,7073,2026-08-25T21:23:56.829Z,B35A,Berea,7eb7a049-5d17-4a23-bb2f-3b9c445afd32,SAMMS-BereaV5
202608252121599581,202608251925575973,202608251925573776,85,3557,Bronze INV,br_ReAssessmentMentalHealth,TASK_COMPLETE,SUCCESS,INFO,20,20,0,,2026-08-25T19:26:03.177Z,2026-08-25T21:23:56.829Z,7073,2026-08-25T21:23:56.829Z,B36,Asheville,7eb7a049-5d17-4a23-bb2f-3b9c445afd32,SAMMS-AshevilleV5
202608252121599582,202608251925575974,202608251925573776,85,3558,Bronze INV,br_ReAssessmentMentalHealth,TASK_COMPLETE,SUCCESS,INFO,1,1,0,,2026-08-25T19:26:03.177Z,2026-08-25T21:23:56.829Z,7073,2026-08-25T21:23:56.829Z,B37,Clyde,7eb7a049-5d17-4a23-bb2f-3b9c445afd32,SAMMS-ClydeV5
202608252121599583,202608251925575975,202608251925573776,85,3559,Bronze INV,br_ReAssessmentMentalHealth,TASK_COMPLETE,SUCCESS,INFO,1188,1188,0,,2026-08-25T19:26:03.177Z,2026-08-25T21:23:56.829Z,7073,2026-08-25T21:23:56.829Z,B38,Spartanburg,7eb7a049-5d17-4a23-bb2f-3b9c445afd32,SAMMS-SpartanburgV5
202608252121599584,202608251925575976,202608251925573776,85,3560,Bronze INV,br_ReAssessmentMentalHealth,TASK_COMPLETE,SUCCESS,INFO,362,362,0,,2026-08-25T19:26:03.177Z,2026-08-25T21:23:56.829Z,7073,2026-08-25T21:23:56.829Z,B39,Aiken,7eb7a049-5d17-4a23-bb2f-3b9c445afd32,SAMMS-AikenV5
202608252121599585,202608251925575977,202608251925573776,85,3561,Bronze INV,br_ReAssessmentMentalHealth,TASK_COMPLETE,SUCCESS,INFO,1892,1892,0,,2026-08-25T19:26:03.177Z,2026-08-25T21:23:56.829Z,7073,2026-08-25T21:23:56.829Z,B41,Chesapeake,7eb7a049-5d17-4a23-bb2f-3b9c445afd32,SAMMS-ChesapeakeV5
202608252121599586,202608251925575978,202608251925573776,85,3562,Bronze INV,br_ReAssessmentMentalHealth,TASK_COMPLETE,SUCCESS,INFO,1919,1919,0,,2026-08-25T19:26:03.177Z,2026-08-25T21:23:56.829Z,7073,2026-08-25T21:23:56.829Z,B42,Virginia Beach,7eb7a049-5d17-4a23-bb2f-3b9c445afd32,SAMMS-VirginiaBeachV5
202608252121599588,202608251925575979,202608251925573776,85,3563,Bronze INV,br_ReAssessmentMentalHealth,TASK_COMPLETE,SUCCESS,INFO,931,931,0,,2026-08-25T19:26:03.177Z,2026-08-25T21:23:56.829Z,7073,2026-08-25T21:23:56.829Z,B42A,Newport News,7eb7a049-5d17-4a23-bb2f-3b9c445afd32,SAMMS-NewportNewsV5
202608252121599589,202608251925575980,202608251925573776,85,3564,Bronze INV,br_ReAssessmentMentalHealth,TASK_COMPLETE,SUCCESS,INFO,508,508,0,,2026-08-25T19:26:03.177Z,2026-08-25T21:23:56.829Z,7073,2026-08-25T21:23:56.829Z,B42B,Franklin,7eb7a049-5d17-4a23-bb2f-3b9c445afd32,SAMMS-FranklinV5
202608252121599590,202608251925575981,202608251925573776,85,3565,Bronze INV,br_ReAssessmentMentalHealth,TASK_COMPLETE,SUCCESS,INFO,345,345,0,,2026-08-25T19:26:03.177Z,2026-08-25T21:23:56.829Z,7073,2026-08-25T21:23:56.829Z,B42C,Glen Allen,7eb7a049-5d17-4a23-bb2f-3b9c445afd32,SAMMS-GlenAllenV5
202608252121599591,202608251925575982,202608251925573776,85,3566,Bronze INV,br_ReAssessmentMentalHealth,TASK_COMPLETE,SUCCESS,INFO,1483,1483,0,,2026-08-25T19:26:03.177Z,2026-08-25T21:23:56.829Z,7073,2026-08-25T21:23:56.829Z,B42D,Chesapeake South,7eb7a049-5d17-4a23-bb2f-3b9c445afd32,SAMMS-ChesapeakeSouthV5
202608252121599592,202608251925575983,202608251925573776,85,3567,Bronze INV,br_ReAssessmentMentalHealth,TASK_COMPLETE,SUCCESS,INFO,632,632,0,,2026-08-25T19:26:03.177Z,2026-08-25T21:23:56.829Z,7073,2026-08-25T21:23:56.829Z,B44,Albany,7eb7a049-5d17-4a23-bb2f-3b9c445afd32,SAMMS-AlbanyV5
202608252121599593,202608251925575984,202608251925573776,85,3568,Bronze INV,br_ReAssessmentMentalHealth,TASK_COMPLETE,SUCCESS,INFO,1270,1270,0,,2026-08-25T19:26:03.177Z,2026-08-25T21:23:56.829Z,7073,2026-08-25T21:23:56.829Z,B45,Tifton,7eb7a049-5d17-4a23-bb2f-3b9c445afd32,SAMMS-TiftonV5
202608252121599595,202608251925575985,202608251925573776,85,3569,Bronze INV,br_ReAssessmentMentalHealth,TASK_COMPLETE,SUCCESS,INFO,590,590,0,,2026-08-25T19:26:03.177Z,2026-08-25T21:23:56.829Z,7073,2026-08-25T21:23:56.829Z,B46,Washington DC,7eb7a049-5d17-4a23-bb2f-3b9c445afd32,SAMMS-WashingtonDCv5
202608252121599596,202608251925575986,202608251925573776,85,3570,Bronze INV,br_ReAssessmentMentalHealth,TASK_COMPLETE,SUCCESS,INFO,1573,1573,0,,2026-08-25T19:26:03.177Z,2026-08-25T21:23:56.829Z,7073,2026-08-25T21:23:56.829Z,B47,Mobile,7eb7a049-5d17-4a23-bb2f-3b9c445afd32,SAMMS-MobileV5
202608252121599597,202608251925575987,202608251925573776,85,3571,Bronze INV,br_ReAssessmentMentalHealth,TASK_COMPLETE,SUCCESS,INFO,1297,1297,0,,2026-08-25T19:26:03.177Z,2026-08-25T21:23:56.829Z,7073,2026-08-25T21:23:56.829Z,B48,Tuscaloosa,7eb7a049-5d17-4a23-bb2f-3b9c445afd32,SAMMS-TuscaloosaV5
202608252121599598,202608251925575988,202608251925573776,85,3580,Bronze INV,br_ReAssessmentMentalHealth,TASK_COMPLETE,SUCCESS,INFO,2,2,0,,2026-08-25T19:26:03.177Z,2026-08-25T21:23:56.829Z,7073,2026-08-25T21:23:56.829Z,B51,N. Little Rock (OTP),7eb7a049-5d17-4a23-bb2f-3b9c445afd32,SAMMS-NorthLittleRockV6
202608252121599599,202608251925575989,202608251925573776,85,3581,Bronze INV,br_ReAssessmentMentalHealth,TASK_COMPLETE,SUCCESS,INFO,457,457,0,,2026-08-25T19:26:03.177Z,2026-08-25T21:23:56.829Z,7073,2026-08-25T21:23:56.829Z,B52,Jackson GA,7eb7a049-5d17-4a23-bb2f-3b9c445afd32,SAMMS-JacksonGAV5
202608252121599600,202608251925575990,202608251925573776,85,3582,Bronze INV,br_ReAssessmentMentalHealth,TASK_COMPLETE,SUCCESS,INFO,1703,1703,0,,2026-08-25T19:26:03.177Z,2026-08-25T21:23:56.829Z,7073,2026-08-25T21:23:56.829Z,B54,Gadsden,7eb7a049-5d17-4a23-bb2f-3b9c445afd32,SAMMS-GadsdenV5
202608252121599602,202608251925575991,202608251925573776,85,3583,Bronze INV,br_ReAssessmentMentalHealth,TASK_COMPLETE,SUCCESS,INFO,952,952,0,,2026-08-25T19:26:03.177Z,2026-08-25T21:23:56.829Z,7073,2026-08-25T21:23:56.829Z,B55,Shoals,7eb7a049-5d17-4a23-bb2f-3b9c445afd32,SAMMS-ShoalsV5
202608252121599603,202608251925575992,202608251925573776,85,3584,Bronze INV,br_ReAssessmentMentalHealth,TASK_COMPLETE,SUCCESS,INFO,294,294,0,,2026-08-25T19:26:03.177Z,2026-08-25T21:23:56.829Z,7073,2026-08-25T21:23:56.829Z,B57,Pawtucket,7eb7a049-5d17-4a23-bb2f-3b9c445afd32,SAMMS-Pawtucket
202608252121599604,202608251925575993,202608251925573776,85,3585,Bronze INV,br_ReAssessmentMentalHealth,TASK_COMPLETE,SUCCESS,INFO,554,554,0,,2026-08-25T19:26:03.177Z,2026-08-25T21:23:56.829Z,7073,2026-08-25T21:23:56.829Z,B57A,Johnston,7eb7a049-5d17-4a23-bb2f-3b9c445afd32,SAMMS-Johnston
202608252121599605,202608251925575994,202608251925573776,85,3586,Bronze INV,br_ReAssessmentMentalHealth,TASK_COMPLETE,SUCCESS,INFO,166,166,0,,2026-08-25T19:26:03.177Z,2026-08-25T21:23:56.829Z,7073,2026-08-25T21:23:56.829Z,B57B,Middletown,7eb7a049-5d17-4a23-bb2f-3b9c445afd32,SAMMS-Middletown
202608252121599606,202608251925575995,202608251925573776,85,3587,Bronze INV,br_ReAssessmentMentalHealth,TASK_COMPLETE,SUCCESS,INFO,413,413,0,,2026-08-25T19:26:03.177Z,2026-08-25T21:23:56.829Z,7073,2026-08-25T21:23:56.829Z,B57C,Providence,7eb7a049-5d17-4a23-bb2f-3b9c445afd32,SAMMS-Providence
202608252121599607,202608251925575996,202608251925573776,85,3588,Bronze INV,br_ReAssessmentMentalHealth,TASK_COMPLETE,SUCCESS,INFO,626,626,0,,2026-08-25T19:26:03.177Z,2026-08-25T21:23:56.829Z,7073,2026-08-25T21:23:56.829Z,B57D,Westerly,7eb7a049-5d17-4a23-bb2f-3b9c445afd32,SAMMS-Westerly
202608252121599609,202608251925575997,202608251925573776,85,3592,Bronze INV,br_ReAssessmentMentalHealth,TASK_COMPLETE,SUCCESS,INFO,4,4,0,,2026-08-25T19:26:03.177Z,2026-08-25T21:23:56.829Z,7073,2026-08-25T21:23:56.829Z,B66A,Bremen,7eb7a049-5d17-4a23-bb2f-3b9c445afd32,SAMMS-Bremen
202608252121599610,202608251925575998,202608251925573776,85,3595,Bronze INV,br_ReAssessmentMentalHealth,TASK_COMPLETE,SUCCESS,INFO,0,0,0,,2026-08-25T19:26:03.177Z,2026-08-25T21:23:56.829Z,7073,2026-08-25T21:23:56.829Z,B72,Mobile (OBOT),7eb7a049-5d17-4a23-bb2f-3b9c445afd32,SAMMS-Mobile-OBOT
202608252121599611,202608251925575999,202608251925573776,85,3596,Bronze INV,br_ReAssessmentMentalHealth,TASK_COMPLETE,SUCCESS,INFO,0,0,0,,2026-08-25T19:26:03.177Z,2026-08-25T21:23:56.829Z,7073,2026-08-25T21:23:56.829Z,B73,Montgomery,7eb7a049-5d17-4a23-bb2f-3b9c445afd32,SAMMS-Montgomery
202608252121599612,202608251925576000,202608251925573776,85,3597,Bronze INV,br_ReAssessmentMentalHealth,TASK_COMPLETE,SUCCESS,INFO,518,518,0,,2026-08-25T19:26:03.177Z,2026-08-25T21:23:56.829Z,7073,2026-08-25T21:23:56.829Z,B75,Lawrence,7eb7a049-5d17-4a23-bb2f-3b9c445afd32,SAMMS-LawrenceV6
202608252121599613,202608251925576001,202608251925573776,85,3598,Bronze INV,br_ReAssessmentMentalHealth,TASK_COMPLETE,SUCCESS,INFO,0,0,0,,2026-08-25T19:26:03.177Z,2026-08-25T21:23:56.829Z,7073,2026-08-25T21:23:56.829Z,B76,Huntsville OBOT,7eb7a049-5d17-4a23-bb2f-3b9c445afd32,SAMMS-Huntsville-OBOT
202608252121599614,202608251925576002,202608251925573776,85,3599,Bronze INV,br_ReAssessmentMentalHealth,TASK_COMPLETE,SUCCESS,INFO,0,0,0,,2026-08-25T19:26:03.177Z,2026-08-25T21:23:56.829Z,7073,2026-08-25T21:23:56.829Z,BAT,Batesville,7eb7a049-5d17-4a23-bb2f-3b9c445afd32,SAMMS-Batesville
202608252121599616,202608251925576003,202608251925573776,85,3600,Bronze INV,br_ReAssessmentMentalHealth,TASK_COMPLETE,SUCCESS,INFO,461,461,0,,2026-08-25T19:26:03.177Z,2026-08-25T21:23:56.829Z,7073,2026-08-25T21:23:56.829Z,BG,Bowling Green,7eb7a049-5d17-4a23-bb2f-3b9c445afd32,SAMMS-BowlingGreen
202608252121599617,202608251925576004,202608251925573776,85,3601,Bronze INV,br_ReAssessmentMentalHealth,TASK_COMPLETE,SUCCESS,INFO,182,182,0,,2026-08-25T19:26:03.177Z,2026-08-25T21:23:56.829Z,7073,2026-08-25T21:23:56.829Z,BOI,Boise,7eb7a049-5d17-4a23-bb2f-3b9c445afd32,SAMMS-Boise
202608252121599618,202608251925576005,202608251925573776,85,3608,Bronze INV,br_ReAssessmentMentalHealth,TASK_COMPLETE,SUCCESS,INFO,51,51,0,,2026-08-25T19:26:03.177Z,2026-08-25T21:23:56.829Z,7073,2026-08-25T21:23:56.829Z,CBCO,Coeur dAlene,7eb7a049-5d17-4a23-bb2f-3b9c445afd32,SAMMS-CoeurdAleneV6
202608252121599619,202608251925576006,202608251925573776,85,3627,Bronze INV,br_ReAssessmentMentalHealth,TASK_COMPLETE,SUCCESS,INFO,0,0,0,,2026-08-25T19:26:03.177Z,2026-08-25T21:23:56.829Z,7073,2026-08-25T21:23:56.829Z,CON,Conway,7eb7a049-5d17-4a23-bb2f-3b9c445afd32,SAMMS-Conway
202608252121599620,202608251925576007,202608251925573776,85,3628,Bronze INV,br_ReAssessmentMentalHealth,TASK_COMPLETE,SUCCESS,INFO,2578,2578,0,,2026-08-25T19:26:03.177Z,2026-08-25T21:23:56.829Z,7073,2026-08-25T21:23:56.829Z,D07,Medical Services Knox TN,7eb7a049-5d17-4a23-bb2f-3b9c445afd32,SAMMS-KnoxvilleV6
202608252121599621,202608251925576008,202608251925573776,85,3629,Bronze INV,br_ReAssessmentMentalHealth,TASK_COMPLETE,SUCCESS,INFO,113,113,0,,2026-08-25T19:26:03.177Z,2026-08-25T21:23:56.829Z,7073,2026-08-25T21:23:56.829Z,D08,Madison,7eb7a049-5d17-4a23-bb2f-3b9c445afd32,SAMMS-MadisonV6
202608252121599622,202608251925576009,202608251925573776,85,3631,Bronze INV,br_ReAssessmentMentalHealth,TASK_COMPLETE,SUCCESS,INFO,120,120,0,,2026-08-25T19:26:03.177Z,2026-08-25T21:23:56.829Z,7073,2026-08-25T21:23:56.829Z,D09,Murfreesboro,7eb7a049-5d17-4a23-bb2f-3b9c445afd32,SAMMS-MurfreesboroV6
202608252121599624,202608251925576010,202608251925573776,85,3632,Bronze INV,br_ReAssessmentMentalHealth,TASK_COMPLETE,SUCCESS,INFO,337,337,0,,2026-08-25T19:26:03.177Z,2026-08-25T21:23:56.829Z,7073,2026-08-25T21:23:56.829Z,DA,Davenport,7eb7a049-5d17-4a23-bb2f-3b9c445afd32,SAMMS-Davenport
202608252121599625,202608251925576011,202608251925573776,85,3633,Bronze INV,br_ReAssessmentMentalHealth,TASK_COMPLETE,SUCCESS,INFO,288,288,0,,2026-08-25T19:26:03.177Z,2026-08-25T21:23:56.829Z,7073,2026-08-25T21:23:56.829Z,DM,Des Moines,7eb7a049-5d17-4a23-bb2f-3b9c445afd32,SAMMS-DesMoines
202608252121599626,202608251925576012,202608251925573776,85,3635,Bronze INV,br_ReAssessmentMentalHealth,TASK_COMPLETE,SUCCESS,INFO,530,530,0,,2026-08-25T19:26:03.177Z,2026-08-25T21:23:56.829Z,7073,2026-08-25T21:23:56.829Z,DRD-CO,Columbia MO,7eb7a049-5d17-4a23-bb2f-3b9c445afd32,SAMMS-ColumbiaV5
202608252121599627,202608251925576013,202608251925573776,85,3636,Bronze INV,br_ReAssessmentMentalHealth,TASK_COMPLETE,SUCCESS,INFO,347,347,0,,2026-08-25T19:26:03.177Z,2026-08-25T21:23:56.829Z,7073,2026-08-25T21:23:56.829Z,DRD-KC,KC,7eb7a049-5d17-4a23-bb2f-3b9c445afd32,SAMMS-KCv5
202608252121599628,202608251925576014,202608251925573776,85,3637,Bronze INV,br_ReAssessmentMentalHealth,TASK_COMPLETE,SUCCESS,INFO,1555,1555,0,,2026-08-25T19:26:03.177Z,2026-08-25T21:23:56.829Z,7073,2026-08-25T21:23:56.829Z,DRD-KVB,KVB,7eb7a049-5d17-4a23-bb2f-3b9c445afd32,SAMMS-KVBv5
202608252121599629,202608251925576015,202608251925573776,85,3638,Bronze INV,br_ReAssessmentMentalHealth,TASK_COMPLETE,SUCCESS,INFO,1674,1674,0,,2026-08-25T19:26:03.177Z,2026-08-25T21:23:56.829Z,7073,2026-08-25T21:23:56.829Z,DRD-KVC,KVC,7eb7a049-5d17-4a23-bb2f-3b9c445afd32,SAMMS-KVCv5
202608252121599631,202608251925576016,202608251925573776,85,3639,Bronze INV,br_ReAssessmentMentalHealth,TASK_COMPLETE,SUCCESS,INFO,3203,3203,0,,2026-08-25T19:26:03.177Z,2026-08-25T21:23:56.829Z,7073,2026-08-25T21:23:56.829Z,DRD-NOLA,NOLA,7eb7a049-5d17-4a23-bb2f-3b9c445afd32,SAMMS-NOLAv5
202608252121599632,202608251925576017,202608251925573776,85,3640,Bronze INV,br_ReAssessmentMentalHealth,TASK_COMPLETE,SUCCESS,INFO,800,800,0,,2026-08-25T19:26:03.177Z,2026-08-25T21:23:56.829Z,7073,2026-08-25T21:23:56.829Z,DRD-SF,Springfield,7eb7a049-5d17-4a23-bb2f-3b9c445afd32,SAMMS-SFv5
202608252121599633,202608251925576018,202608251925573776,85,3642,Bronze INV,br_ReAssessmentMentalHealth,TASK_COMPLETE,SUCCESS,INFO,260,260,0,,2026-08-25T19:26:03.177Z,2026-08-25T21:23:56.829Z,7073,2026-08-25T21:23:56.829Z,ELC,Elizabeth City,7eb7a049-5d17-4a23-bb2f-3b9c445afd32,SAMMS-ElizabethCity
202608252121599634,202608251925576019,202608251925573776,85,3643,Bronze INV,br_ReAssessmentMentalHealth,TASK_COMPLETE,SUCCESS,INFO,128,128,0,,2026-08-25T19:26:03.177Z,2026-08-25T21:23:56.829Z,7073,2026-08-25T21:23:56.829Z,ET,Elizabethtown,7eb7a049-5d17-4a23-bb2f-3b9c445afd32,SAMMS-Elizabethtown
202608252121599635,202608251925576020,202608251925573776,85,3644,Bronze INV,br_ReAssessmentMentalHealth,TASK_COMPLETE,SUCCESS,INFO,0,0,0,,2026-08-25T19:26:03.177Z,2026-08-25T21:23:56.829Z,7073,2026-08-25T21:23:56.829Z,FAY,Fayetteville,7eb7a049-5d17-4a23-bb2f-3b9c445afd32,SAMMS-Fayetteville
202608252121599636,202608251925576021,202608251925573776,85,3645,Bronze INV,br_ReAssessmentMentalHealth,TASK_COMPLETE,SUCCESS,INFO,156,156,0,,2026-08-25T19:26:03.177Z,2026-08-25T21:23:56.829Z,7073,2026-08-25T21:23:56.829Z,FR,Frankfort,7eb7a049-5d17-4a23-bb2f-3b9c445afd32,SAMMS-Frankfort
202608252121599638,202608251925576022,202608251925573776,85,3646,Bronze INV,br_ReAssessmentMentalHealth,TASK_COMPLETE,SUCCESS,INFO,0,0,0,,2026-08-25T19:26:03.177Z,2026-08-25T21:23:56.829Z,7073,2026-08-25T21:23:56.829Z,FS,Fort Smith,7eb7a049-5d17-4a23-bb2f-3b9c445afd32,SAMMS-FortSmith
202608252121599639,202608251925576023,202608251925573776,85,3647,Bronze INV,br_ReAssessmentMentalHealth,TASK_COMPLETE,SUCCESS,INFO,469,469,0,,2026-08-25T19:26:03.177Z,2026-08-25T21:23:56.829Z,7073,2026-08-25T21:23:56.829Z,FW,Fort Wayne,7eb7a049-5d17-4a23-bb2f-3b9c445afd32,SAMMS-FortWayne
202608252121599640,202608251925576024,202608251925573776,85,3648,Bronze INV,br_ReAssessmentMentalHealth,TASK_COMPLETE,SUCCESS,INFO,276,276,0,,2026-08-25T19:26:03.177Z,2026-08-25T21:23:56.829Z,7073,2026-08-25T21:23:56.829Z,GAL,Gaylord,7eb7a049-5d17-4a23-bb2f-3b9c445afd32,SAMMS-Gaylord
202608252121599641,202608251925576025,202608251925573776,85,3652,Bronze INV,br_ReAssessmentMentalHealth,TASK_COMPLETE,SUCCESS,INFO,100,100,0,,2026-08-25T19:26:03.177Z,2026-08-25T21:23:56.829Z,7073,2026-08-25T21:23:56.829Z,HGT,Hagerstown,7eb7a049-5d17-4a23-bb2f-3b9c445afd32,SAMMS-Hagerstown
202608252121599642,202608251925576026,202608251925573776,85,3653,Bronze INV,br_ReAssessmentMentalHealth,TASK_COMPLETE,SUCCESS,INFO,1724,1724,0,,2026-08-25T19:26:03.177Z,2026-08-25T21:23:56.829Z,7073,2026-08-25T21:23:56.829Z,HNT,Huntsville,7eb7a049-5d17-4a23-bb2f-3b9c445afd32,SAMMS-Huntsville
202608252121599643,202608251925576027,202608251925573776,85,3654,Bronze INV,br_ReAssessmentMentalHealth,TASK_COMPLETE,SUCCESS,INFO,0,0,0,,2026-08-25T19:26:03.177Z,2026-08-25T21:23:56.829Z,7073,2026-08-25T21:23:56.829Z,HS,Hot Springs,7eb7a049-5d17-4a23-bb2f-3b9c445afd32,SAMMS-HotSprings
202608252121599645,202608251925576028,202608251925573776,85,3655,Bronze INV,br_ReAssessmentMentalHealth,TASK_COMPLETE,SUCCESS,INFO,0,0,0,,2026-08-25T19:26:03.177Z,2026-08-25T21:23:56.829Z,7073,2026-08-25T21:23:56.829Z,JON,Jonesboro,7eb7a049-5d17-4a23-bb2f-3b9c445afd32,SAMMS-Jonesboro
202608252121599646,202608251925576029,202608251925573776,85,3657,Bronze INV,br_ReAssessmentMentalHealth,TASK_COMPLETE,SUCCESS,INFO,448,448,0,,2026-08-25T19:26:03.177Z,2026-08-25T21:23:56.829Z,7073,2026-08-25T21:23:56.829Z,LAN,Lansing,7eb7a049-5d17-4a23-bb2f-3b9c445afd32,SAMMS-Lansing
202608252121599647,202608251925576030,202608251925573776,85,3658,Bronze INV,br_ReAssessmentMentalHealth,TASK_COMPLETE,SUCCESS,INFO,1289,1289,0,,2026-08-25T19:26:03.177Z,2026-08-25T21:23:56.829Z,7073,2026-08-25T21:23:56.829Z,LO,Louisville,7eb7a049-5d17-4a23-bb2f-3b9c445afd32,SAMMS-Louisville
202608252121599648,202608251925576031,202608251925573776,85,3659,Bronze INV,br_ReAssessmentMentalHealth,TASK_COMPLETE,SUCCESS,INFO,291,291,0,,2026-08-25T19:26:03.177Z,2026-08-25T21:23:56.829Z,7073,2026-08-25T21:23:56.829Z,LV1,Cheyenne,7eb7a049-5d17-4a23-bb2f-3b9c445afd32,SAMMS-Cheyenne
202608252121599649,202608251925576032,202608251925573776,85,3660,Bronze INV,br_ReAssessmentMentalHealth,TASK_COMPLETE,SUCCESS,INFO,205,205,0,,2026-08-25T19:26:03.177Z,2026-08-25T21:23:56.829Z,7073,2026-08-25T21:23:56.829Z,LV2,Desert Inn,7eb7a049-5d17-4a23-bb2f-3b9c445afd32,SAMMS-DesertInn
202608252121599650,202608251925576033,202608251925573776,85,3661,Bronze INV,br_ReAssessmentMentalHealth,TASK_COMPLETE,SUCCESS,INFO,110,110,0,,2026-08-25T19:26:03.177Z,2026-08-25T21:23:56.829Z,7073,2026-08-25T21:23:56.829Z,LV3,McDaniel,7eb7a049-5d17-4a23-bb2f-3b9c445afd32,SAMMS-McDaniel
202608252121599651,202608251925576034,202608251925573776,85,3664,Bronze INV,br_ReAssessmentMentalHealth,TASK_COMPLETE,SUCCESS,INFO,357,357,0,,2026-08-25T19:26:03.177Z,2026-08-25T21:23:56.829Z,7073,2026-08-25T21:23:56.829Z,MNRE,Monroe,7eb7a049-5d17-4a23-bb2f-3b9c445afd32,SAMMS-Monroe
202608252121599653,202608251925576035,202608251925573776,85,3665,Bronze INV,br_ReAssessmentMentalHealth,TASK_COMPLETE,SUCCESS,INFO,1425,1425,0,,2026-08-25T19:26:03.177Z,2026-08-25T21:23:56.829Z,7073,2026-08-25T21:23:56.829Z,MP,Mt. Pleasant,7eb7a049-5d17-4a23-bb2f-3b9c445afd32,SAMMS-MtPleasant
202608252121599654,202608251925576036,202608251925573776,85,3666,Bronze INV,br_ReAssessmentMentalHealth,TASK_COMPLETE,SUCCESS,INFO,153,153,0,,2026-08-25T19:26:03.177Z,2026-08-25T21:23:56.829Z,7073,2026-08-25T21:23:56.829Z,MRD,Meridian,7eb7a049-5d17-4a23-bb2f-3b9c445afd32,SAMMS-Meridian
202608252121599655,202608251925576037,202608251925573776,85,3671,Bronze INV,br_ReAssessmentMentalHealth,TASK_COMPLETE,SUCCESS,INFO,694,694,0,,2026-08-25T19:26:03.177Z,2026-08-25T21:23:56.829Z,7073,2026-08-25T21:23:56.829Z,NC,North Charleston,7eb7a049-5d17-4a23-bb2f-3b9c445afd32,SAMMS-NorthCharleston
202608252121599656,202608251925576038,202608251925573776,85,3672,Bronze INV,br_ReAssessmentMentalHealth,TASK_COMPLETE,SUCCESS,INFO,0,0,0,,2026-08-25T19:26:03.177Z,2026-08-25T21:23:56.829Z,7073,2026-08-25T21:23:56.829Z,NLR,N. Little Rock,7eb7a049-5d17-4a23-bb2f-3b9c445afd32,SAMMS-NLROBOT
202608252121599657,202608251925576039,202608251925573776,85,3673,Bronze INV,br_ReAssessmentMentalHealth,TASK_COMPLETE,SUCCESS,INFO,111,111,0,,2026-08-25T19:26:03.177Z,2026-08-25T21:23:56.829Z,7073,2026-08-25T21:23:56.829Z,PH,Phoenix,7eb7a049-5d17-4a23-bb2f-3b9c445afd32,SAMMS-Phoenix
202608252121599658,202608251925576040,202608251925573776,85,3677,Bronze INV,br_ReAssessmentMentalHealth,TASK_COMPLETE,SUCCESS,INFO,214,214,0,,2026-08-25T19:26:03.177Z,2026-08-25T21:23:56.829Z,7073,2026-08-25T21:23:56.829Z,RE,Reno,7eb7a049-5d17-4a23-bb2f-3b9c445afd32,SAMMS-Reno
202608252121599660,202608251925576041,202608251925573776,85,3678,Bronze INV,br_ReAssessmentMentalHealth,TASK_COMPLETE,SUCCESS,INFO,88,88,0,,2026-08-25T19:26:03.177Z,2026-08-25T21:23:56.829Z,7073,2026-08-25T21:23:56.829Z,RMD,Richmond,7eb7a049-5d17-4a23-bb2f-3b9c445afd32,SAMMS-Richmond
202608252121599661,202608251925576042,202608251925573776,85,3679,Bronze INV,br_ReAssessmentMentalHealth,TASK_COMPLETE,SUCCESS,INFO,592,592,0,,2026-08-25T19:26:03.177Z,2026-08-25T21:23:56.829Z,7073,2026-08-25T21:23:56.829Z,SFN,Springfield North,7eb7a049-5d17-4a23-bb2f-3b9c445afd32,SAMMS-SFNv5
202608252121599662,202608251925576043,202608251925573776,85,3680,Bronze INV,br_ReAssessmentMentalHealth,TASK_COMPLETE,SUCCESS,INFO,767,767,0,,2026-08-25T19:26:03.177Z,2026-08-25T21:23:56.829Z,7073,2026-08-25T21:23:56.829Z,SHP,Shreveport,7eb7a049-5d17-4a23-bb2f-3b9c445afd32,SAMMS-Shreveport
202608252121599663,202608251925576044,202608251925573776,85,3682,Bronze INV,br_ReAssessmentMentalHealth,TASK_COMPLETE,SUCCESS,INFO,486,486,0,,2026-08-25T19:26:03.177Z,2026-08-25T21:23:56.829Z,7073,2026-08-25T21:23:56.829Z,STN,Staunton,7eb7a049-5d17-4a23-bb2f-3b9c445afd32,SAMMS-Staunton
202608252121599664,202608251925576045,202608251925573776,85,3683,Bronze INV,br_ReAssessmentMentalHealth,TASK_COMPLETE,SUCCESS,INFO,225,225,0,,2026-08-25T19:26:03.177Z,2026-08-25T21:23:56.829Z,7073,2026-08-25T21:23:56.829Z,STVN,Stevenson,7eb7a049-5d17-4a23-bb2f-3b9c445afd32,SAMMS-Stevenson
202608252121599665,202608251925576046,202608251925573776,85,3685,Bronze INV,br_ReAssessmentMentalHealth,TASK_COMPLETE,SUCCESS,INFO,174,174,0,,2026-08-25T19:26:03.177Z,2026-08-25T21:23:56.829Z,7073,2026-08-25T21:23:56.829Z,TE,Tempe,7eb7a049-5d17-4a23-bb2f-3b9c445afd32,SAMMS-Tempe
202608252121599667,202608251925576047,202608251925573776,85,3686,Bronze INV,br_ReAssessmentMentalHealth,TASK_COMPLETE,SUCCESS,INFO,0,0,0,,2026-08-25T19:26:03.177Z,2026-08-25T21:23:56.829Z,7073,2026-08-25T21:23:56.829Z,TEX,Texarkana,7eb7a049-5d17-4a23-bb2f-3b9c445afd32,SAMMS-Texarkana
202608252121599668,202608251925576048,202608251925573776,85,3687,Bronze INV,br_ReAssessmentMentalHealth,TASK_COMPLETE,SUCCESS,INFO,1077,1077,0,,2026-08-25T19:26:03.177Z,2026-08-25T21:23:56.829Z,7073,2026-08-25T21:23:56.829Z,TTCA,Bessemer,7eb7a049-5d17-4a23-bb2f-3b9c445afd32,SAMMS-BessemerV5
202608252121599669,202608251925576049,202608251925573776,85,3688,Bronze INV,br_ReAssessmentMentalHealth,TASK_COMPLETE,SUCCESS,INFO,1316,1316,0,,2026-08-25T19:26:03.177Z,2026-08-25T21:23:56.829Z,7073,2026-08-25T21:23:56.829Z,TTCB,Cullman,7eb7a049-5d17-4a23-bb2f-3b9c445afd32,SAMMS-CullmanV5
202608252121599670,202608251925576050,202608251925573776,85,3689,Bronze INV,br_ReAssessmentMentalHealth,TASK_COMPLETE,SUCCESS,INFO,945,945,0,,2026-08-25T19:26:03.177Z,2026-08-25T21:23:56.829Z,7073,2026-08-25T21:23:56.829Z,TTCC,Grand Bay,7eb7a049-5d17-4a23-bb2f-3b9c445afd32,SAMMS-GrandBay
202608252121599671,202608251925576051,202608251925573776,85,3690,Bronze INV,br_ReAssessmentMentalHealth,TASK_COMPLETE,SUCCESS,INFO,15,15,0,,2026-08-25T19:26:03.177Z,2026-08-25T21:23:56.829Z,7073,2026-08-25T21:23:56.829Z,TU,Tucson,7eb7a049-5d17-4a23-bb2f-3b9c445afd32,SAMMS-Tucson
202608252121599672,202608251925576052,202608251925573776,85,3692,Bronze INV,br_ReAssessmentMentalHealth,TASK_COMPLETE,SUCCESS,INFO,660,660,0,,2026-08-25T19:26:03.177Z,2026-08-25T21:23:56.829Z,7073,2026-08-25T21:23:56.829Z,V1,Memphis South,7eb7a049-5d17-4a23-bb2f-3b9c445afd32,SAMMS-VCPHCS-I-MemphisV5
202608252121599674,202608251925576053,202608251925573776,85,3693,Bronze INV,br_ReAssessmentMentalHealth,TASK_COMPLETE,SUCCESS,INFO,1630,1630,0,,2026-08-25T19:26:03.177Z,2026-08-25T21:23:56.829Z,7073,2026-08-25T21:23:56.829Z,V10,Longmont,7eb7a049-5d17-4a23-bb2f-3b9c445afd32,SAMMS-BoulderV5
202608252121599675,202608251925576054,202608251925573776,85,3694,Bronze INV,br_ReAssessmentMentalHealth,TASK_COMPLETE,SUCCESS,INFO,1516,1516,0,,2026-08-25T19:26:03.177Z,2026-08-25T21:23:56.829Z,7073,2026-08-25T21:23:56.829Z,V10A,Fort Collins,7eb7a049-5d17-4a23-bb2f-3b9c445afd32,SAMMS-FortCollinsV5
202608252121599676,202608251925576055,202608251925573776,85,3695,Bronze INV,br_ReAssessmentMentalHealth,TASK_COMPLETE,SUCCESS,INFO,2871,2871,0,,2026-08-25T19:26:03.177Z,2026-08-25T21:23:56.829Z,7073,2026-08-25T21:23:56.829Z,V11,Westminster,7eb7a049-5d17-4a23-bb2f-3b9c445afd32,SAMMS-VCPHCS-XI-NorthDenverV5
202608252121599677,202608251925576056,202608251925573776,85,3696,Bronze INV,br_ReAssessmentMentalHealth,TASK_COMPLETE,SUCCESS,INFO,3042,3042,0,,2026-08-25T19:26:03.177Z,2026-08-25T21:23:56.829Z,7073,2026-08-25T21:23:56.829Z,V12,Downtown Denver,7eb7a049-5d17-4a23-bb2f-3b9c445afd32,SAMMS-VCPHCS-XII-DowntownDenverV5
202608252121599678,202608251925576057,202608251925573776,85,3697,Bronze INV,br_ReAssessmentMentalHealth,TASK_COMPLETE,SUCCESS,INFO,1143,1143,0,,2026-08-25T19:26:03.177Z,2026-08-25T21:23:56.829Z,7073,2026-08-25T21:23:56.829Z,V12A,Centennial,7eb7a049-5d17-4a23-bb2f-3b9c445afd32,SAMMS-CentennialV5
202608252121599680,202608251925576058,202608251925573776,85,3698,Bronze INV,br_ReAssessmentMentalHealth,TASK_COMPLETE,SUCCESS,INFO,295,295,0,,2026-08-25T19:26:03.177Z,2026-08-25T21:23:56.829Z,7073,2026-08-25T21:23:56.829Z,V14,Overland Park,7eb7a049-5d17-4a23-bb2f-3b9c445afd32,SAMMS-VCPHCS-XIV-BridgewayV5
202608252121600172,202608251925576401,202608251925573776,85,4248,Bronze INV,br_ReAssessmentSocial,TASK_COMPLETE,SUCCESS,INFO,3024,3024,0,,2026-08-25T19:26:03.177Z,2026-08-25T21:23:56.829Z,7073,2026-08-25T21:23:56.829Z,V12,Downtown Denver,7eb7a049-5d17-4a23-bb2f-3b9c445afd32,SAMMS-VCPHCS-XII-DowntownDenverV5
202608252121600174,202608251925576402,202608251925573776,85,4249,Bronze INV,br_ReAssessmentSocial,TASK_COMPLETE,SUCCESS,INFO,1132,1132,0,,2026-08-25T19:26:03.177Z,2026-08-25T21:23:56.829Z,7073,2026-08-25T21:23:56.829Z,V12A,Centennial,7eb7a049-5d17-4a23-bb2f-3b9c445afd32,SAMMS-CentennialV5
202608252121600175,202608251925576403,202608251925573776,85,4250,Bronze INV,br_ReAssessmentSocial,TASK_COMPLETE,SUCCESS,INFO,293,293,0,,2026-08-25T19:26:03.177Z,2026-08-25T21:23:56.829Z,7073,2026-08-25T21:23:56.829Z,V14,Overland Park,7eb7a049-5d17-4a23-bb2f-3b9c445afd32,SAMMS-VCPHCS-XIV-BridgewayV5
202608252121600176,202608251925576404,202608251925573776,85,4251,Bronze INV,br_ReAssessmentSocial,TASK_COMPLETE,SUCCESS,INFO,608,608,0,,2026-08-25T19:26:03.177Z,2026-08-25T21:23:56.829Z,7073,2026-08-25T21:23:56.829Z,V15,Joplin,7eb7a049-5d17-4a23-bb2f-3b9c445afd32,SAMMS-JoplinV5
202608252121600177,202608251925576405,202608251925573776,85,4253,Bronze INV,br_ReAssessmentSocial,TASK_COMPLETE,SUCCESS,INFO,901,901,0,,2026-08-25T19:26:03.177Z,2026-08-25T21:23:56.829Z,7073,2026-08-25T21:23:56.829Z,V17,Columbia TN,7eb7a049-5d17-4a23-bb2f-3b9c445afd32,SAMMS-ColumbiaTNv5
202608252121600178,202608251925576406,202608251925573776,85,4255,Bronze INV,br_ReAssessmentSocial,TASK_COMPLETE,SUCCESS,INFO,533,533,0,,2026-08-25T19:26:03.177Z,2026-08-25T21:23:56.829Z,7073,2026-08-25T21:23:56.829Z,V19,Jackson,7eb7a049-5d17-4a23-bb2f-3b9c445afd32,SAMMS-JacksonV5
202608252121600179,202608251925576407,202608251925573776,85,4257,Bronze INV,br_ReAssessmentSocial,TASK_COMPLETE,SUCCESS,INFO,1758,1758,0,,2026-08-25T19:26:03.177Z,2026-08-25T21:23:56.829Z,7073,2026-08-25T21:23:56.829Z,V20,Paris,7eb7a049-5d17-4a23-bb2f-3b9c445afd32,SAMMS-ParisV5
202608252121600181,202608251925576408,202608251925573776,85,4258,Bronze INV,br_ReAssessmentSocial,TASK_COMPLETE,SUCCESS,INFO,723,723,0,,2026-08-25T19:26:03.177Z,2026-08-25T21:23:56.829Z,7073,2026-08-25T21:23:56.829Z,V21,Memphis North,7eb7a049-5d17-4a23-bb2f-3b9c445afd32,SAMMS-RaleighV5
202608252121600182,202608251925576409,202608251925573776,85,4261,Bronze INV,br_ReAssessmentSocial,TASK_COMPLETE,SUCCESS,INFO,1770,1770,0,,2026-08-25T19:26:03.177Z,2026-08-25T21:23:56.829Z,7073,2026-08-25T21:23:56.829Z,V5,West Bank,7eb7a049-5d17-4a23-bb2f-3b9c445afd32,SAMMS-NONTCv5
202608252121600183,202608251925576410,202608251925573776,85,4263,Bronze INV,br_ReAssessmentSocial,TASK_COMPLETE,SUCCESS,INFO,144,144,0,,2026-08-25T19:26:03.177Z,2026-08-25T21:23:56.829Z,7073,2026-08-25T21:23:56.829Z,V5B,Houma,7eb7a049-5d17-4a23-bb2f-3b9c445afd32,SAMMS-HoumaV6
202608252121600184,202608251925576411,202608251925573776,85,4264,Bronze INV,br_ReAssessmentSocial,TASK_COMPLETE,SUCCESS,INFO,1906,1906,0,,2026-08-25T19:26:03.177Z,2026-08-25T21:23:56.829Z,7073,2026-08-25T21:23:56.829Z,V6,Lake Charles,7eb7a049-5d17-4a23-bb2f-3b9c445afd32,SAMMS-LCv5
202608252121600185,202608251925576412,202608251925573776,85,4266,Bronze INV,br_ReAssessmentSocial,TASK_COMPLETE,SUCCESS,INFO,739,739,0,,2026-08-25T19:26:03.177Z,2026-08-25T21:23:56.829Z,7073,2026-08-25T21:23:56.829Z,V8,Memphis Midtown,7eb7a049-5d17-4a23-bb2f-3b9c445afd32,SAMMS-VCPHCS-VIII-MemphisV5
202608252121600186,202608251925576413,202608251925573776,85,4267,Bronze INV,br_ReAssessmentSocial,TASK_COMPLETE,SUCCESS,INFO,1760,1760,0,,2026-08-25T19:26:03.177Z,2026-08-25T21:23:56.829Z,7073,2026-08-25T21:23:56.829Z,V9,Nashville,7eb7a049-5d17-4a23-bb2f-3b9c445afd32,SAMMS-NashvilleV5
202608252121600188,202608251925576414,202608251925573776,85,4268,Bronze INV,br_ReAssessmentSocial,TASK_COMPLETE,SUCCESS,INFO,838,838,0,,2026-08-25T19:26:03.177Z,2026-08-25T21:23:56.829Z,7073,2026-08-25T21:23:56.829Z,VBRA,Brainerd,7eb7a049-5d17-4a23-bb2f-3b9c445afd32,SAMMS-BrainerdV6
202608252121600189,202608251925576415,202608251925573776,85,4269,Bronze INV,br_ReAssessmentSocial,TASK_COMPLETE,SUCCESS,INFO,1957,1957,0,,2026-08-25T19:26:03.177Z,2026-08-25T21:23:56.829Z,7073,2026-08-25T21:23:56.829Z,VBRP,Brooklyn Park,7eb7a049-5d17-4a23-bb2f-3b9c445afd32,SAMMS-BrooklynParkV6
202608252121600190,202608251925576416,202608251925573776,85,4271,Bronze INV,br_ReAssessmentSocial,TASK_COMPLETE,SUCCESS,INFO,740,740,0,,2026-08-25T19:26:03.177Z,2026-08-25T21:23:56.829Z,7073,2026-08-25T21:23:56.829Z,VMIN,Minneapolis,7eb7a049-5d17-4a23-bb2f-3b9c445afd32,SAMMS-MinneapolisV6
202608252121600191,202608251925576417,202608251925573776,85,4272,Bronze INV,br_ReAssessmentSocial,TASK_COMPLETE,SUCCESS,INFO,876,876,0,,2026-08-25T19:26:03.177Z,2026-08-25T21:23:56.829Z,7073,2026-08-25T21:23:56.829Z,VWBY,Woodbury,7eb7a049-5d17-4a23-bb2f-3b9c445afd32,SAMMS-WoodburyV6
202608252121600192,202608251925576418,202608251925573776,85,4274,Bronze INV,br_ReAssessmentSocial,TASK_COMPLETE,SUCCESS,INFO,161,161,0,,2026-08-25T19:26:03.177Z,2026-08-25T21:23:56.829Z,7073,2026-08-25T21:23:56.829Z,WIL,Wilson,7eb7a049-5d17-4a23-bb2f-3b9c445afd32,SAMMS-Wilson
202608252121600294,202608251925673791,202608251925673776,86,5734,Silver INV,sl_ReAssessmentSocial,TASK_COMPLETE,SUCCESS,INFO,78434,78434,0,,2026-08-25T19:26:03.177Z,2026-08-25T21:23:56.829Z,7073,2026-08-25T21:23:56.829Z,,,7eb7a049-5d17-4a23-bb2f-3b9c445afd32,
202608252121600223,202608251925576189,202608251925573776,85,4278,Bronze INV,br_ReAssessmentSubstanceUse,TASK_COMPLETE,SUCCESS,INFO,35,35,0,,2026-08-25T19:26:03.177Z,2026-08-25T21:23:56.829Z,7073,2026-08-25T21:23:56.829Z,AHK,Ahoskie,7eb7a049-5d17-4a23-bb2f-3b9c445afd32,SAMMS-Ahoskie
202608252121600225,202608251925576190,202608251925573776,85,4279,Bronze INV,br_ReAssessmentSubstanceUse,TASK_COMPLETE,SUCCESS,INFO,673,673,0,,2026-08-25T19:26:03.177Z,2026-08-25T21:23:56.829Z,7073,2026-08-25T21:23:56.829Z,B12B,Colorado Springs,7eb7a049-5d17-4a23-bb2f-3b9c445afd32,SAMMS-ColoradoSpringsV5
202608252121600226,202608251925576191,202608251925573776,85,4280,Bronze INV,br_ReAssessmentSubstanceUse,TASK_COMPLETE,SUCCESS,INFO,848,848,0,,2026-08-25T19:26:03.177Z,2026-08-25T21:23:56.829Z,7073,2026-08-25T21:23:56.829Z,B24,Paintsville,7eb7a049-5d17-4a23-bb2f-3b9c445afd32,SAMMS-PaintsvilleV5
202608252121600227,202608251925576192,202608251925573776,85,4281,Bronze INV,br_ReAssessmentSubstanceUse,TASK_COMPLETE,SUCCESS,INFO,649,649,0,,2026-08-25T19:26:03.177Z,2026-08-25T21:23:56.829Z,7073,2026-08-25T21:23:56.829Z,B25,Pikeville,7eb7a049-5d17-4a23-bb2f-3b9c445afd32,SAMMS-PikevilleV5
202608252121600228,202608251925576193,202608251925573776,85,4282,Bronze INV,br_ReAssessmentSubstanceUse,TASK_COMPLETE,SUCCESS,INFO,973,973,0,,2026-08-25T19:26:03.177Z,2026-08-25T21:23:56.829Z,7073,2026-08-25T21:23:56.829Z,B26,Hazard,7eb7a049-5d17-4a23-bb2f-3b9c445afd32,SAMMS-HazardV5
202608252121600229,202608251925576194,202608251925573776,85,4283,Bronze INV,br_ReAssessmentSubstanceUse,TASK_COMPLETE,SUCCESS,INFO,538,538,0,,2026-08-25T19:26:03.177Z,2026-08-25T21:23:56.829Z,7073,2026-08-25T21:23:56.829Z,B27,Savannah,7eb7a049-5d17-4a23-bb2f-3b9c445afd32,SAMMS-SavannahV6
202608252121600230,202608251925576195,202608251925573776,85,4284,Bronze INV,br_ReAssessmentSubstanceUse,TASK_COMPLETE,SUCCESS,INFO,248,248,0,,2026-08-25T19:26:03.177Z,2026-08-25T21:23:56.829Z,7073,2026-08-25T21:23:56.829Z,B28,West Plains,7eb7a049-5d17-4a23-bb2f-3b9c445afd32,SAMMS-WestPlainesV5
202608252121600232,202608251925576196,202608251925573776,85,4285,Bronze INV,br_ReAssessmentSubstanceUse,TASK_COMPLETE,SUCCESS,INFO,464,464,0,,2026-08-25T19:26:03.177Z,2026-08-25T21:23:56.829Z,7073,2026-08-25T21:23:56.829Z,B29,Poplar Bluff,7eb7a049-5d17-4a23-bb2f-3b9c445afd32,SAMMS-PoplarBluffV5
202608252121600233,202608251925576197,202608251925573776,85,4286,Bronze INV,br_ReAssessmentSubstanceUse,TASK_COMPLETE,SUCCESS,INFO,82,82,0,,2026-08-25T19:26:03.177Z,2026-08-25T21:23:56.829Z,7073,2026-08-25T21:23:56.829Z,B30,KC North,7eb7a049-5d17-4a23-bb2f-3b9c445afd32,SAMMS-KCNv5
202608252121600234,202608251925576198,202608251925573776,85,4287,Bronze INV,br_ReAssessmentSubstanceUse,TASK_COMPLETE,SUCCESS,INFO,402,402,0,,2026-08-25T19:26:03.177Z,2026-08-25T21:23:56.829Z,7073,2026-08-25T21:23:56.829Z,B31,Dyersburg,7eb7a049-5d17-4a23-bb2f-3b9c445afd32,SAMMS-DyersburgV5
202608252121600235,202608251925576199,202608251925573776,85,4289,Bronze INV,br_ReAssessmentSubstanceUse,TASK_COMPLETE,SUCCESS,INFO,489,489,0,,2026-08-25T19:26:03.177Z,2026-08-25T21:23:56.829Z,7073,2026-08-25T21:23:56.829Z,B33,Paducah,7eb7a049-5d17-4a23-bb2f-3b9c445afd32,SAMMS-Paducah
202608252121600236,202608251925576200,202608251925573776,85,4290,Bronze INV,br_ReAssessmentSubstanceUse,TASK_COMPLETE,SUCCESS,INFO,388,388,0,,2026-08-25T19:26:03.177Z,2026-08-25T21:23:56.829Z,7073,2026-08-25T21:23:56.829Z,B34,Corbin,7eb7a049-5d17-4a23-bb2f-3b9c445afd32,SAMMS-CorbinV5
202608252121600237,202608251925576201,202608251925573776,85,4291,Bronze INV,br_ReAssessmentSubstanceUse,TASK_COMPLETE,SUCCESS,INFO,243,243,0,,2026-08-25T19:26:03.177Z,2026-08-25T21:23:56.829Z,7073,2026-08-25T21:23:56.829Z,B35,Lexington,7eb7a049-5d17-4a23-bb2f-3b9c445afd32,SAMMS-LexingtonV5
202608252121600239,202608251925576202,202608251925573776,85,4292,Bronze INV,br_ReAssessmentSubstanceUse,TASK_COMPLETE,SUCCESS,INFO,77,77,0,,2026-08-25T19:26:03.177Z,2026-08-25T21:23:56.829Z,7073,2026-08-25T21:23:56.829Z,B35A,Berea,7eb7a049-5d17-4a23-bb2f-3b9c445afd32,SAMMS-BereaV5
202608252121600240,202608251925576203,202608251925573776,85,4293,Bronze INV,br_ReAssessmentSubstanceUse,TASK_COMPLETE,SUCCESS,INFO,22,22,0,,2026-08-25T19:26:03.177Z,2026-08-25T21:23:56.829Z,7073,2026-08-25T21:23:56.829Z,B36,Asheville,7eb7a049-5d17-4a23-bb2f-3b9c445afd32,SAMMS-AshevilleV5
202608252121600241,202608251925576204,202608251925573776,85,4294,Bronze INV,br_ReAssessmentSubstanceUse,TASK_COMPLETE,SUCCESS,INFO,2,2,0,,2026-08-25T19:26:03.177Z,2026-08-25T21:23:56.829Z,7073,2026-08-25T21:23:56.829Z,B37,Clyde,7eb7a049-5d17-4a23-bb2f-3b9c445afd32,SAMMS-ClydeV5
202608252121600242,202608251925576205,202608251925573776,85,4295,Bronze INV,br_ReAssessmentSubstanceUse,TASK_COMPLETE,SUCCESS,INFO,1194,1194,0,,2026-08-25T19:26:03.177Z,2026-08-25T21:23:56.829Z,7073,2026-08-25T21:23:56.829Z,B38,Spartanburg,7eb7a049-5d17-4a23-bb2f-3b9c445afd32,SAMMS-SpartanburgV5
202608252121600243,202608251925576206,202608251925573776,85,4296,Bronze INV,br_ReAssessmentSubstanceUse,TASK_COMPLETE,SUCCESS,INFO,367,367,0,,2026-08-25T19:26:03.177Z,2026-08-25T21:23:56.829Z,7073,2026-08-25T21:23:56.829Z,B39,Aiken,7eb7a049-5d17-4a23-bb2f-3b9c445afd32,SAMMS-AikenV5
202608252121600244,202608251925576207,202608251925573776,85,4297,Bronze INV,br_ReAssessmentSubstanceUse,TASK_COMPLETE,SUCCESS,INFO,1908,1908,0,,2026-08-25T19:26:03.177Z,2026-08-25T21:23:56.829Z,7073,2026-08-25T21:23:56.829Z,B41,Chesapeake,7eb7a049-5d17-4a23-bb2f-3b9c445afd32,SAMMS-ChesapeakeV5
202608252121600246,202608251925576208,202608251925573776,85,4298,Bronze INV,br_ReAssessmentSubstanceUse,TASK_COMPLETE,SUCCESS,INFO,1938,1938,0,,2026-08-25T19:26:03.177Z,2026-08-25T21:23:56.829Z,7073,2026-08-25T21:23:56.829Z,B42,Virginia Beach,7eb7a049-5d17-4a23-bb2f-3b9c445afd32,SAMMS-VirginiaBeachV5
202608252121600247,202608251925576209,202608251925573776,85,4299,Bronze INV,br_ReAssessmentSubstanceUse,TASK_COMPLETE,SUCCESS,INFO,945,945,0,,2026-08-25T19:26:03.177Z,2026-08-25T21:23:56.829Z,7073,2026-08-25T21:23:56.829Z,B42A,Newport News,7eb7a049-5d17-4a23-bb2f-3b9c445afd32,SAMMS-NewportNewsV5
202608252121600248,202608251925576210,202608251925573776,85,4300,Bronze INV,br_ReAssessmentSubstanceUse,TASK_COMPLETE,SUCCESS,INFO,515,515,0,,2026-08-25T19:26:03.177Z,2026-08-25T21:23:56.829Z,7073,2026-08-25T21:23:56.829Z,B42B,Franklin,7eb7a049-5d17-4a23-bb2f-3b9c445afd32,SAMMS-FranklinV5
202608252121600249,202608251925576211,202608251925573776,85,4301,Bronze INV,br_ReAssessmentSubstanceUse,TASK_COMPLETE,SUCCESS,INFO,352,352,0,,2026-08-25T19:26:03.177Z,2026-08-25T21:23:56.829Z,7073,2026-08-25T21:23:56.829Z,B42C,Glen Allen,7eb7a049-5d17-4a23-bb2f-3b9c445afd32,SAMMS-GlenAllenV5
202608252121600250,202608251925576212,202608251925573776,85,4302,Bronze INV,br_ReAssessmentSubstanceUse,TASK_COMPLETE,SUCCESS,INFO,1510,1510,0,,2026-08-25T19:26:03.177Z,2026-08-25T21:23:56.829Z,7073,2026-08-25T21:23:56.829Z,B42D,Chesapeake South,7eb7a049-5d17-4a23-bb2f-3b9c445afd32,SAMMS-ChesapeakeSouthV5
202608252121600251,202608251925576213,202608251925573776,85,4303,Bronze INV,br_ReAssessmentSubstanceUse,TASK_COMPLETE,SUCCESS,INFO,638,638,0,,2026-08-25T19:26:03.177Z,2026-08-25T21:23:56.829Z,7073,2026-08-25T21:23:56.829Z,B44,Albany,7eb7a049-5d17-4a23-bb2f-3b9c445afd32,SAMMS-AlbanyV5
202608252121600253,202608251925576214,202608251925573776,85,4304,Bronze INV,br_ReAssessmentSubstanceUse,TASK_COMPLETE,SUCCESS,INFO,1278,1278,0,,2026-08-25T19:26:03.177Z,2026-08-25T21:23:56.829Z,7073,2026-08-25T21:23:56.829Z,B45,Tifton,7eb7a049-5d17-4a23-bb2f-3b9c445afd32,SAMMS-TiftonV5
202608252121600254,202608251925576215,202608251925573776,85,4305,Bronze INV,br_ReAssessmentSubstanceUse,TASK_COMPLETE,SUCCESS,INFO,605,605,0,,2026-08-25T19:26:03.177Z,2026-08-25T21:23:56.829Z,7073,2026-08-25T21:23:56.829Z,B46,Washington DC,7eb7a049-5d17-4a23-bb2f-3b9c445afd32,SAMMS-WashingtonDCv5
202608252121600255,202608251925576216,202608251925573776,85,4306,Bronze INV,br_ReAssessmentSubstanceUse,TASK_COMPLETE,SUCCESS,INFO,1599,1599,0,,2026-08-25T19:26:03.177Z,2026-08-25T21:23:56.829Z,7073,2026-08-25T21:23:56.829Z,B47,Mobile,7eb7a049-5d17-4a23-bb2f-3b9c445afd32,SAMMS-MobileV5
202608252121600256,202608251925576217,202608251925573776,85,4307,Bronze INV,br_ReAssessmentSubstanceUse,TASK_COMPLETE,SUCCESS,INFO,1307,1307,0,,2026-08-25T19:26:03.177Z,2026-08-25T21:23:56.829Z,7073,2026-08-25T21:23:56.829Z,B48,Tuscaloosa,7eb7a049-5d17-4a23-bb2f-3b9c445afd32,SAMMS-TuscaloosaV5
202608252121600257,202608251925576218,202608251925573776,85,4316,Bronze INV,br_ReAssessmentSubstanceUse,TASK_COMPLETE,SUCCESS,INFO,5,5,0,,2026-08-25T19:26:03.177Z,2026-08-25T21:23:56.829Z,7073,2026-08-25T21:23:56.829Z,B51,N. Little Rock (OTP),7eb7a049-5d17-4a23-bb2f-3b9c445afd32,SAMMS-NorthLittleRockV6
202608252121600258,202608251925576219,202608251925573776,85,4317,Bronze INV,br_ReAssessmentSubstanceUse,TASK_COMPLETE,SUCCESS,INFO,466,466,0,,2026-08-25T19:26:03.177Z,2026-08-25T21:23:56.829Z,7073,2026-08-25T21:23:56.829Z,B52,Jackson GA,7eb7a049-5d17-4a23-bb2f-3b9c445afd32,SAMMS-JacksonGAV5
202608252121600260,202608251925576220,202608251925573776,85,4318,Bronze INV,br_ReAssessmentSubstanceUse,TASK_COMPLETE,SUCCESS,INFO,1711,1711,0,,2026-08-25T19:26:03.177Z,2026-08-25T21:23:56.829Z,7073,2026-08-25T21:23:56.829Z,B54,Gadsden,7eb7a049-5d17-4a23-bb2f-3b9c445afd32,SAMMS-GadsdenV5
202608252121600261,202608251925576221,202608251925573776,85,4319,Bronze INV,br_ReAssessmentSubstanceUse,TASK_COMPLETE,SUCCESS,INFO,968,968,0,,2026-08-25T19:26:03.177Z,2026-08-25T21:23:56.829Z,7073,2026-08-25T21:23:56.829Z,B55,Shoals,7eb7a049-5d17-4a23-bb2f-3b9c445afd32,SAMMS-ShoalsV5
202608252121600262,202608251925576222,202608251925573776,85,4320,Bronze INV,br_ReAssessmentSubstanceUse,TASK_COMPLETE,SUCCESS,INFO,296,296,0,,2026-08-25T19:26:03.177Z,2026-08-25T21:23:56.829Z,7073,2026-08-25T21:23:56.829Z,B57,Pawtucket,7eb7a049-5d17-4a23-bb2f-3b9c445afd32,SAMMS-Pawtucket
202608252121600263,202608251925576223,202608251925573776,85,4321,Bronze INV,br_ReAssessmentSubstanceUse,TASK_COMPLETE,SUCCESS,INFO,559,559,0,,2026-08-25T19:26:03.177Z,2026-08-25T21:23:56.829Z,7073,2026-08-25T21:23:56.829Z,B57A,Johnston,7eb7a049-5d17-4a23-bb2f-3b9c445afd32,SAMMS-Johnston
202608252121600264,202608251925576224,202608251925573776,85,4322,Bronze INV,br_ReAssessmentSubstanceUse,TASK_COMPLETE,SUCCESS,INFO,169,169,0,,2026-08-25T19:26:03.177Z,2026-08-25T21:23:56.829Z,7073,2026-08-25T21:23:56.829Z,B57B,Middletown,7eb7a049-5d17-4a23-bb2f-3b9c445afd32,SAMMS-Middletown
202608252121600265,202608251925576225,202608251925573776,85,4323,Bronze INV,br_ReAssessmentSubstanceUse,TASK_COMPLETE,SUCCESS,INFO,418,418,0,,2026-08-25T19:26:03.177Z,2026-08-25T21:23:56.829Z,7073,2026-08-25T21:23:56.829Z,B57C,Providence,7eb7a049-5d17-4a23-bb2f-3b9c445afd32,SAMMS-Providence
202608252121600267,202608251925576226,202608251925573776,85,4324,Bronze INV,br_ReAssessmentSubstanceUse,TASK_COMPLETE,SUCCESS,INFO,642,642,0,,2026-08-25T19:26:03.177Z,2026-08-25T21:23:56.829Z,7073,2026-08-25T21:23:56.829Z,B57D,Westerly,7eb7a049-5d17-4a23-bb2f-3b9c445afd32,SAMMS-Westerly
202608252121600268,202608251925576227,202608251925573776,85,4328,Bronze INV,br_ReAssessmentSubstanceUse,TASK_COMPLETE,SUCCESS,INFO,4,4,0,,2026-08-25T19:26:03.177Z,2026-08-25T21:23:56.829Z,7073,2026-08-25T21:23:56.829Z,B66A,Bremen,7eb7a049-5d17-4a23-bb2f-3b9c445afd32,SAMMS-Bremen
202608252121600269,202608251925576228,202608251925573776,85,4331,Bronze INV,br_ReAssessmentSubstanceUse,TASK_COMPLETE,SUCCESS,INFO,0,0,0,,2026-08-25T19:26:03.177Z,2026-08-25T21:23:56.829Z,7073,2026-08-25T21:23:56.829Z,B72,Mobile (OBOT),7eb7a049-5d17-4a23-bb2f-3b9c445afd32,SAMMS-Mobile-OBOT
202608252121600270,202608251925576229,202608251925573776,85,4332,Bronze INV,br_ReAssessmentSubstanceUse,TASK_COMPLETE,SUCCESS,INFO,0,0,0,,2026-08-25T19:26:03.177Z,2026-08-25T21:23:56.829Z,7073,2026-08-25T21:23:56.829Z,B73,Montgomery,7eb7a049-5d17-4a23-bb2f-3b9c445afd32,SAMMS-Montgomery
202608252121600271,202608251925576230,202608251925573776,85,4333,Bronze INV,br_ReAssessmentSubstanceUse,TASK_COMPLETE,SUCCESS,INFO,523,523,0,,2026-08-25T19:26:03.177Z,2026-08-25T21:23:56.829Z,7073,2026-08-25T21:23:56.829Z,B75,Lawrence,7eb7a049-5d17-4a23-bb2f-3b9c445afd32,SAMMS-LawrenceV6
202608252121600272,202608251925576231,202608251925573776,85,4334,Bronze INV,br_ReAssessmentSubstanceUse,TASK_COMPLETE,SUCCESS,INFO,0,0,0,,2026-08-25T19:26:03.177Z,2026-08-25T21:23:56.829Z,7073,2026-08-25T21:23:56.829Z,B76,Huntsville OBOT,7eb7a049-5d17-4a23-bb2f-3b9c445afd32,SAMMS-Huntsville-OBOT
202608252121600273,202608251925576232,202608251925573776,85,4335,Bronze INV,br_ReAssessmentSubstanceUse,TASK_COMPLETE,SUCCESS,INFO,0,0,0,,2026-08-25T19:26:03.177Z,2026-08-25T21:23:56.829Z,7073,2026-08-25T21:23:56.829Z,BAT,Batesville,7eb7a049-5d17-4a23-bb2f-3b9c445afd32,SAMMS-Batesville
202608252121600275,202608251925576233,202608251925573776,85,4336,Bronze INV,br_ReAssessmentSubstanceUse,TASK_COMPLETE,SUCCESS,INFO,465,465,0,,2026-08-25T19:26:03.177Z,2026-08-25T21:23:56.829Z,7073,2026-08-25T21:23:56.829Z,BG,Bowling Green,7eb7a049-5d17-4a23-bb2f-3b9c445afd32,SAMMS-BowlingGreen
202608252121600276,202608251925576234,202608251925573776,85,4337,Bronze INV,br_ReAssessmentSubstanceUse,TASK_COMPLETE,SUCCESS,INFO,185,185,0,,2026-08-25T19:26:03.177Z,2026-08-25T21:23:56.829Z,7073,2026-08-25T21:23:56.829Z,BOI,Boise,7eb7a049-5d17-4a23-bb2f-3b9c445afd32,SAMMS-Boise
202608252121600277,202608251925576235,202608251925573776,85,4344,Bronze INV,br_ReAssessmentSubstanceUse,TASK_COMPLETE,SUCCESS,INFO,57,57,0,,2026-08-25T19:26:03.177Z,2026-08-25T21:23:56.829Z,7073,2026-08-25T21:23:56.829Z,CBCO,Coeur dAlene,7eb7a049-5d17-4a23-bb2f-3b9c445afd32,SAMMS-CoeurdAleneV6
202608252121600278,202608251925576236,202608251925573776,85,4363,Bronze INV,br_ReAssessmentSubstanceUse,TASK_COMPLETE,SUCCESS,INFO,0,0,0,,2026-08-25T19:26:03.177Z,2026-08-25T21:23:56.829Z,7073,2026-08-25T21:23:56.829Z,CON,Conway,7eb7a049-5d17-4a23-bb2f-3b9c445afd32,SAMMS-Conway
202608252121600279,202608251925576237,202608251925573776,85,4364,Bronze INV,br_ReAssessmentSubstanceUse,TASK_COMPLETE,SUCCESS,INFO,2630,2630,0,,2026-08-25T19:26:03.177Z,2026-08-25T21:23:56.829Z,7073,2026-08-25T21:23:56.829Z,D07,Medical Services Knox TN,7eb7a049-5d17-4a23-bb2f-3b9c445afd32,SAMMS-KnoxvilleV6
202608252121600280,202608251925576238,202608251925573776,85,4365,Bronze INV,br_ReAssessmentSubstanceUse,TASK_COMPLETE,SUCCESS,INFO,116,116,0,,2026-08-25T19:26:03.177Z,2026-08-25T21:23:56.829Z,7073,2026-08-25T21:23:56.829Z,D08,Madison,7eb7a049-5d17-4a23-bb2f-3b9c445afd32,SAMMS-MadisonV6
202608252121600282,202608251925576239,202608251925573776,85,4367,Bronze INV,br_ReAssessmentSubstanceUse,TASK_COMPLETE,SUCCESS,INFO,137,137,0,,2026-08-25T19:26:03.177Z,2026-08-25T21:23:56.829Z,7073,2026-08-25T21:23:56.829Z,D09,Murfreesboro,7eb7a049-5d17-4a23-bb2f-3b9c445afd32,SAMMS-MurfreesboroV6
202608252121600283,202608251925576240,202608251925573776,85,4368,Bronze INV,br_ReAssessmentSubstanceUse,TASK_COMPLETE,SUCCESS,INFO,340,340,0,,2026-08-25T19:26:03.177Z,2026-08-25T21:23:56.829Z,7073,2026-08-25T21:23:56.829Z,DA,Davenport,7eb7a049-5d17-4a23-bb2f-3b9c445afd32,SAMMS-Davenport
202608252121600284,202608251925576241,202608251925573776,85,4369,Bronze INV,br_ReAssessmentSubstanceUse,TASK_COMPLETE,SUCCESS,INFO,292,292,0,,2026-08-25T19:26:03.177Z,2026-08-25T21:23:56.829Z,7073,2026-08-25T21:23:56.829Z,DM,Des Moines,7eb7a049-5d17-4a23-bb2f-3b9c445afd32,SAMMS-DesMoines
202608252121600285,202608251925576242,202608251925573776,85,4371,Bronze INV,br_ReAssessmentSubstanceUse,TASK_COMPLETE,SUCCESS,INFO,534,534,0,,2026-08-25T19:26:03.177Z,2026-08-25T21:23:56.829Z,7073,2026-08-25T21:23:56.829Z,DRD-CO,Columbia MO,7eb7a049-5d17-4a23-bb2f-3b9c445afd32,SAMMS-ColumbiaV5
202608252121600286,202608251925576243,202608251925573776,85,4372,Bronze INV,br_ReAssessmentSubstanceUse,TASK_COMPLETE,SUCCESS,INFO,348,348,0,,2026-08-25T19:26:03.177Z,2026-08-25T21:23:56.829Z,7073,2026-08-25T21:23:56.829Z,DRD-KC,KC,7eb7a049-5d17-4a23-bb2f-3b9c445afd32,SAMMS-KCv5
202608252121600287,202608251925576244,202608251925573776,85,4373,Bronze INV,br_ReAssessmentSubstanceUse,TASK_COMPLETE,SUCCESS,INFO,1572,1572,0,,2026-08-25T19:26:03.177Z,2026-08-25T21:23:56.829Z,7073,2026-08-25T21:23:56.829Z,DRD-KVB,KVB,7eb7a049-5d17-4a23-bb2f-3b9c445afd32,SAMMS-KVBv5
202608252121600289,202608251925576245,202608251925573776,85,4374,Bronze INV,br_ReAssessmentSubstanceUse,TASK_COMPLETE,SUCCESS,INFO,1688,1688,0,,2026-08-25T19:26:03.177Z,2026-08-25T21:23:56.829Z,7073,2026-08-25T21:23:56.829Z,DRD-KVC,KVC,7eb7a049-5d17-4a23-bb2f-3b9c445afd32,SAMMS-KVCv5
202608252121600290,202608251925576246,202608251925573776,85,4375,Bronze INV,br_ReAssessmentSubstanceUse,TASK_COMPLETE,SUCCESS,INFO,3216,3216,0,,2026-08-25T19:26:03.177Z,2026-08-25T21:23:56.829Z,7073,2026-08-25T21:23:56.829Z,DRD-NOLA,NOLA,7eb7a049-5d17-4a23-bb2f-3b9c445afd32,SAMMS-NOLAv5
202608252121600291,202608251925576247,202608251925573776,85,4376,Bronze INV,br_ReAssessmentSubstanceUse,TASK_COMPLETE,SUCCESS,INFO,817,817,0,,2026-08-25T19:26:03.177Z,2026-08-25T21:23:56.829Z,7073,2026-08-25T21:23:56.829Z,DRD-SF,Springfield,7eb7a049-5d17-4a23-bb2f-3b9c445afd32,SAMMS-SFv5
202608252121600292,202608251925576248,202608251925573776,85,4378,Bronze INV,br_ReAssessmentSubstanceUse,TASK_COMPLETE,SUCCESS,INFO,262,262,0,,2026-08-25T19:26:03.177Z,2026-08-25T21:23:56.829Z,7073,2026-08-25T21:23:56.829Z,ELC,Elizabeth City,7eb7a049-5d17-4a23-bb2f-3b9c445afd32,SAMMS-ElizabethCity
202608252121600293,202608251925576249,202608251925573776,85,4379,Bronze INV,br_ReAssessmentSubstanceUse,TASK_COMPLETE,SUCCESS,INFO,128,128,0,,2026-08-25T19:26:03.177Z,2026-08-25T21:23:56.829Z,7073,2026-08-25T21:23:56.829Z,ET,Elizabethtown,7eb7a049-5d17-4a23-bb2f-3b9c445afd32,SAMMS-Elizabethtown
202608252121600294,202608251925576250,202608251925573776,85,4380,Bronze INV,br_ReAssessmentSubstanceUse,TASK_COMPLETE,SUCCESS,INFO,0,0,0,,2026-08-25T19:26:03.177Z,2026-08-25T21:23:56.829Z,7073,2026-08-25T21:23:56.829Z,FAY,Fayetteville,7eb7a049-5d17-4a23-bb2f-3b9c445afd32,SAMMS-Fayetteville
202608252121600296,202608251925576251,202608251925573776,85,4381,Bronze INV,br_ReAssessmentSubstanceUse,TASK_COMPLETE,SUCCESS,INFO,158,158,0,,2026-08-25T19:26:03.177Z,2026-08-25T21:23:56.829Z,7073,2026-08-25T21:23:56.829Z,FR,Frankfort,7eb7a049-5d17-4a23-bb2f-3b9c445afd32,SAMMS-Frankfort
202608252121600297,202608251925576252,202608251925573776,85,4382,Bronze INV,br_ReAssessmentSubstanceUse,TASK_COMPLETE,SUCCESS,INFO,0,0,0,,2026-08-25T19:26:03.177Z,2026-08-25T21:23:56.829Z,7073,2026-08-25T21:23:56.829Z,FS,Fort Smith,7eb7a049-5d17-4a23-bb2f-3b9c445afd32,SAMMS-FortSmith
202608252121600298,202608251925576253,202608251925573776,85,4383,Bronze INV,br_ReAssessmentSubstanceUse,TASK_COMPLETE,SUCCESS,INFO,472,472,0,,2026-08-25T19:26:03.177Z,2026-08-25T21:23:56.829Z,7073,2026-08-25T21:23:56.829Z,FW,Fort Wayne,7eb7a049-5d17-4a23-bb2f-3b9c445afd32,SAMMS-FortWayne
202608252121600299,202608251925576254,202608251925573776,85,4384,Bronze INV,br_ReAssessmentSubstanceUse,TASK_COMPLETE,SUCCESS,INFO,276,276,0,,2026-08-25T19:26:03.177Z,2026-08-25T21:23:56.829Z,7073,2026-08-25T21:23:56.829Z,GAL,Gaylord,7eb7a049-5d17-4a23-bb2f-3b9c445afd32,SAMMS-Gaylord
202608252121600300,202608251925576255,202608251925573776,85,4388,Bronze INV,br_ReAssessmentSubstanceUse,TASK_COMPLETE,SUCCESS,INFO,102,102,0,,2026-08-25T19:26:03.177Z,2026-08-25T21:23:56.829Z,7073,2026-08-25T21:23:56.829Z,HGT,Hagerstown,7eb7a049-5d17-4a23-bb2f-3b9c445afd32,SAMMS-Hagerstown
202608252121600301,202608251925576256,202608251925573776,85,4389,Bronze INV,br_ReAssessmentSubstanceUse,TASK_COMPLETE,SUCCESS,INFO,1747,1747,0,,2026-08-25T19:26:03.177Z,2026-08-25T21:23:56.829Z,7073,2026-08-25T21:23:56.829Z,HNT,Huntsville,7eb7a049-5d17-4a23-bb2f-3b9c445afd32,SAMMS-Huntsville
202608252121600302,202608251925576257,202608251925573776,85,4390,Bronze INV,br_ReAssessmentSubstanceUse,TASK_COMPLETE,SUCCESS,INFO,0,0,0,,2026-08-25T19:26:03.177Z,2026-08-25T21:23:56.829Z,7073,2026-08-25T21:23:56.829Z,HS,Hot Springs,7eb7a049-5d17-4a23-bb2f-3b9c445afd32,SAMMS-HotSprings
202608252121600304,202608251925576258,202608251925573776,85,4391,Bronze INV,br_ReAssessmentSubstanceUse,TASK_COMPLETE,SUCCESS,INFO,0,0,0,,2026-08-25T19:26:03.177Z,2026-08-25T21:23:56.829Z,7073,2026-08-25T21:23:56.829Z,JON,Jonesboro,7eb7a049-5d17-4a23-bb2f-3b9c445afd32,SAMMS-Jonesboro
202608252121600305,202608251925576259,202608251925573776,85,4393,Bronze INV,br_ReAssessmentSubstanceUse,TASK_COMPLETE,SUCCESS,INFO,455,455,0,,2026-08-25T19:26:03.177Z,2026-08-25T21:23:56.829Z,7073,2026-08-25T21:23:56.829Z,LAN,Lansing,7eb7a049-5d17-4a23-bb2f-3b9c445afd32,SAMMS-Lansing
202608252121600306,202608251925576260,202608251925573776,85,4394,Bronze INV,br_ReAssessmentSubstanceUse,TASK_COMPLETE,SUCCESS,INFO,1293,1293,0,,2026-08-25T19:26:03.177Z,2026-08-25T21:23:56.829Z,7073,2026-08-25T21:23:56.829Z,LO,Louisville,7eb7a049-5d17-4a23-bb2f-3b9c445afd32,SAMMS-Louisville
202608252121600307,202608251925576261,202608251925573776,85,4395,Bronze INV,br_ReAssessmentSubstanceUse,TASK_COMPLETE,SUCCESS,INFO,295,295,0,,2026-08-25T19:26:03.177Z,2026-08-25T21:23:56.829Z,7073,2026-08-25T21:23:56.829Z,LV1,Cheyenne,7eb7a049-5d17-4a23-bb2f-3b9c445afd32,SAMMS-Cheyenne
202608252121600308,202608251925576262,202608251925573776,85,4396,Bronze INV,br_ReAssessmentSubstanceUse,TASK_COMPLETE,SUCCESS,INFO,205,205,0,,2026-08-25T19:26:03.177Z,2026-08-25T21:23:56.829Z,7073,2026-08-25T21:23:56.829Z,LV2,Desert Inn,7eb7a049-5d17-4a23-bb2f-3b9c445afd32,SAMMS-DesertInn
202608252121600310,202608251925576263,202608251925573776,85,4397,Bronze INV,br_ReAssessmentSubstanceUse,TASK_COMPLETE,SUCCESS,INFO,111,111,0,,2026-08-25T19:26:03.177Z,2026-08-25T21:23:56.829Z,7073,2026-08-25T21:23:56.829Z,LV3,McDaniel,7eb7a049-5d17-4a23-bb2f-3b9c445afd32,SAMMS-McDaniel
202608252121600311,202608251925576264,202608251925573776,85,4400,Bronze INV,br_ReAssessmentSubstanceUse,TASK_COMPLETE,SUCCESS,INFO,365,365,0,,2026-08-25T19:26:03.177Z,2026-08-25T21:23:56.829Z,7073,2026-08-25T21:23:56.829Z,MNRE,Monroe,7eb7a049-5d17-4a23-bb2f-3b9c445afd32,SAMMS-Monroe
202608252121600312,202608251925576265,202608251925573776,85,4401,Bronze INV,br_ReAssessmentSubstanceUse,TASK_COMPLETE,SUCCESS,INFO,1437,1437,0,,2026-08-25T19:26:03.177Z,2026-08-25T21:23:56.829Z,7073,2026-08-25T21:23:56.829Z,MP,Mt. Pleasant,7eb7a049-5d17-4a23-bb2f-3b9c445afd32,SAMMS-MtPleasant
202608252121600313,202608251925576266,202608251925573776,85,4402,Bronze INV,br_ReAssessmentSubstanceUse,TASK_COMPLETE,SUCCESS,INFO,156,156,0,,2026-08-25T19:26:03.177Z,2026-08-25T21:23:56.829Z,7073,2026-08-25T21:23:56.829Z,MRD,Meridian,7eb7a049-5d17-4a23-bb2f-3b9c445afd32,SAMMS-Meridian
202608252121600314,202608251925576267,202608251925573776,85,4407,Bronze INV,br_ReAssessmentSubstanceUse,TASK_COMPLETE,SUCCESS,INFO,697,697,0,,2026-08-25T19:26:03.177Z,2026-08-25T21:23:56.829Z,7073,2026-08-25T21:23:56.829Z,NC,North Charleston,7eb7a049-5d17-4a23-bb2f-3b9c445afd32,SAMMS-NorthCharleston
202608252121600315,202608251925576268,202608251925573776,85,4408,Bronze INV,br_ReAssessmentSubstanceUse,TASK_COMPLETE,SUCCESS,INFO,0,0,0,,2026-08-25T19:26:03.177Z,2026-08-25T21:23:56.829Z,7073,2026-08-25T21:23:56.829Z,NLR,N. Little Rock,7eb7a049-5d17-4a23-bb2f-3b9c445afd32,SAMMS-NLROBOT
202608252121600316,202608251925576269,202608251925573776,85,4409,Bronze INV,br_ReAssessmentSubstanceUse,TASK_COMPLETE,SUCCESS,INFO,115,115,0,,2026-08-25T19:26:03.177Z,2026-08-25T21:23:56.829Z,7073,2026-08-25T21:23:56.829Z,PH,Phoenix,7eb7a049-5d17-4a23-bb2f-3b9c445afd32,SAMMS-Phoenix
202608252121600318,202608251925576270,202608251925573776,85,4413,Bronze INV,br_ReAssessmentSubstanceUse,TASK_COMPLETE,SUCCESS,INFO,219,219,0,,2026-08-25T19:26:03.177Z,2026-08-25T21:23:56.829Z,7073,2026-08-25T21:23:56.829Z,RE,Reno,7eb7a049-5d17-4a23-bb2f-3b9c445afd32,SAMMS-Reno
202608252121600319,202608251925576271,202608251925573776,85,4414,Bronze INV,br_ReAssessmentSubstanceUse,TASK_COMPLETE,SUCCESS,INFO,89,89,0,,2026-08-25T19:26:03.177Z,2026-08-25T21:23:56.829Z,7073,2026-08-25T21:23:56.829Z,RMD,Richmond,7eb7a049-5d17-4a23-bb2f-3b9c445afd32,SAMMS-Richmond
202608252121600320,202608251925576272,202608251925573776,85,4415,Bronze INV,br_ReAssessmentSubstanceUse,TASK_COMPLETE,SUCCESS,INFO,594,594,0,,2026-08-25T19:26:03.177Z,2026-08-25T21:23:56.829Z,7073,2026-08-25T21:23:56.829Z,SFN,Springfield North,7eb7a049-5d17-4a23-bb2f-3b9c445afd32,SAMMS-SFNv5
202608252121600321,202608251925576273,202608251925573776,85,4416,Bronze INV,br_ReAssessmentSubstanceUse,TASK_COMPLETE,SUCCESS,INFO,790,790,0,,2026-08-25T19:26:03.177Z,2026-08-25T21:23:56.829Z,7073,2026-08-25T21:23:56.829Z,SHP,Shreveport,7eb7a049-5d17-4a23-bb2f-3b9c445afd32,SAMMS-Shreveport
202608252121600322,202608251925576274,202608251925573776,85,4418,Bronze INV,br_ReAssessmentSubstanceUse,TASK_COMPLETE,SUCCESS,INFO,488,488,0,,2026-08-25T19:26:03.177Z,2026-08-25T21:23:56.829Z,7073,2026-08-25T21:23:56.829Z,STN,Staunton,7eb7a049-5d17-4a23-bb2f-3b9c445afd32,SAMMS-Staunton
202608252121600323,202608251925576275,202608251925573776,85,4419,Bronze INV,br_ReAssessmentSubstanceUse,TASK_COMPLETE,SUCCESS,INFO,228,228,0,,2026-08-25T19:26:03.177Z,2026-08-25T21:23:56.829Z,7073,2026-08-25T21:23:56.829Z,STVN,Stevenson,7eb7a049-5d17-4a23-bb2f-3b9c445afd32,SAMMS-Stevenson
202608252121600325,202608251925576276,202608251925573776,85,4421,Bronze INV,br_ReAssessmentSubstanceUse,TASK_COMPLETE,SUCCESS,INFO,178,178,0,,2026-08-25T19:26:03.177Z,2026-08-25T21:23:56.829Z,7073,2026-08-25T21:23:56.829Z,TE,Tempe,7eb7a049-5d17-4a23-bb2f-3b9c445afd32,SAMMS-Tempe
202608252121600326,202608251925576277,202608251925573776,85,4422,Bronze INV,br_ReAssessmentSubstanceUse,TASK_COMPLETE,SUCCESS,INFO,0,0,0,,2026-08-25T19:26:03.177Z,2026-08-25T21:23:56.829Z,7073,2026-08-25T21:23:56.829Z,TEX,Texarkana,7eb7a049-5d17-4a23-bb2f-3b9c445afd32,SAMMS-Texarkana
202608252121600327,202608251925576278,202608251925573776,85,4423,Bronze INV,br_ReAssessmentSubstanceUse,TASK_COMPLETE,SUCCESS,INFO,1104,1104,0,,2026-08-25T19:26:03.177Z,2026-08-25T21:23:56.829Z,7073,2026-08-25T21:23:56.829Z,TTCA,Bessemer,7eb7a049-5d17-4a23-bb2f-3b9c445afd32,SAMMS-BessemerV5
202608252121600328,202608251925576279,202608251925573776,85,4424,Bronze INV,br_ReAssessmentSubstanceUse,TASK_COMPLETE,SUCCESS,INFO,1326,1326,0,,2026-08-25T19:26:03.177Z,2026-08-25T21:23:56.829Z,7073,2026-08-25T21:23:56.829Z,TTCB,Cullman,7eb7a049-5d17-4a23-bb2f-3b9c445afd32,SAMMS-CullmanV5
202608252121600329,202608251925576280,202608251925573776,85,4425,Bronze INV,br_ReAssessmentSubstanceUse,TASK_COMPLETE,SUCCESS,INFO,973,973,0,,2026-08-25T19:26:03.177Z,2026-08-25T21:23:56.829Z,7073,2026-08-25T21:23:56.829Z,TTCC,Grand Bay,7eb7a049-5d17-4a23-bb2f-3b9c445afd32,SAMMS-GrandBay
202608252121600330,202608251925576281,202608251925573776,85,4426,Bronze INV,br_ReAssessmentSubstanceUse,TASK_COMPLETE,SUCCESS,INFO,17,17,0,,2026-08-25T19:26:03.177Z,2026-08-25T21:23:56.829Z,7073,2026-08-25T21:23:56.829Z,TU,Tucson,7eb7a049-5d17-4a23-bb2f-3b9c445afd32,SAMMS-Tucson
202608252121600332,202608251925576282,202608251925573776,85,4428,Bronze INV,br_ReAssessmentSubstanceUse,TASK_COMPLETE,SUCCESS,INFO,663,663,0,,2026-08-25T19:26:03.177Z,2026-08-25T21:23:56.829Z,7073,2026-08-25T21:23:56.829Z,V1,Memphis South,7eb7a049-5d17-4a23-bb2f-3b9c445afd32,SAMMS-VCPHCS-I-MemphisV5
202608252121600333,202608251925576283,202608251925573776,85,4429,Bronze INV,br_ReAssessmentSubstanceUse,TASK_COMPLETE,SUCCESS,INFO,1641,1641,0,,2026-08-25T19:26:03.177Z,2026-08-25T21:23:56.829Z,7073,2026-08-25T21:23:56.829Z,V10,Longmont,7eb7a049-5d17-4a23-bb2f-3b9c445afd32,SAMMS-BoulderV5
202608252121600334,202608251925576284,202608251925573776,85,4430,Bronze INV,br_ReAssessmentSubstanceUse,TASK_COMPLETE,SUCCESS,INFO,1527,1527,0,,2026-08-25T19:26:03.177Z,2026-08-25T21:23:56.829Z,7073,2026-08-25T21:23:56.829Z,V10A,Fort Collins,7eb7a049-5d17-4a23-bb2f-3b9c445afd32,SAMMS-FortCollinsV5
202608262209458954,202608261955300451,202608261955298282,85,3517,Bronze INV,br_ReAssessmentLegal,TASK_COMPLETE,SUCCESS,INFO,903,903,0,,2026-08-26T19:55:35.047Z,2026-08-26T22:11:39.517Z,8164,2026-08-26T22:11:39.517Z,V17,Columbia TN,20846baf-2fe5-403c-85d4-31520e88a3ce,SAMMS-ColumbiaTNv5
202608262209458955,202608261955300452,202608261955298282,85,3519,Bronze INV,br_ReAssessmentLegal,TASK_COMPLETE,SUCCESS,INFO,533,533,0,,2026-08-26T19:55:35.047Z,2026-08-26T22:11:39.517Z,8164,2026-08-26T22:11:39.517Z,V19,Jackson,20846baf-2fe5-403c-85d4-31520e88a3ce,SAMMS-JacksonV5
202608262209458956,202608261955300453,202608261955298282,85,3521,Bronze INV,br_ReAssessmentLegal,TASK_COMPLETE,SUCCESS,INFO,1761,1761,0,,2026-08-26T19:55:35.047Z,2026-08-26T22:11:39.517Z,8164,2026-08-26T22:11:39.517Z,V20,Paris,20846baf-2fe5-403c-85d4-31520e88a3ce,SAMMS-ParisV5
202608262209458958,202608261955300454,202608261955298282,85,3522,Bronze INV,br_ReAssessmentLegal,TASK_COMPLETE,SUCCESS,INFO,723,723,0,,2026-08-26T19:55:35.047Z,2026-08-26T22:11:39.517Z,8164,2026-08-26T22:11:39.517Z,V21,Memphis North,20846baf-2fe5-403c-85d4-31520e88a3ce,SAMMS-RaleighV5
202608262209458959,202608261955300455,202608261955298282,85,3525,Bronze INV,br_ReAssessmentLegal,TASK_COMPLETE,SUCCESS,INFO,1773,1773,0,,2026-08-26T19:55:35.047Z,2026-08-26T22:11:39.517Z,8164,2026-08-26T22:11:39.517Z,V5,West Bank,20846baf-2fe5-403c-85d4-31520e88a3ce,SAMMS-NONTCv5
202608262209458960,202608261955300456,202608261955298282,85,3527,Bronze INV,br_ReAssessmentLegal,TASK_COMPLETE,SUCCESS,INFO,144,144,0,,2026-08-26T19:55:35.047Z,2026-08-26T22:11:39.517Z,8164,2026-08-26T22:11:39.517Z,V5B,Houma,20846baf-2fe5-403c-85d4-31520e88a3ce,SAMMS-HoumaV6
202608262209458961,202608261955300457,202608261955298282,85,3528,Bronze INV,br_ReAssessmentLegal,TASK_COMPLETE,SUCCESS,INFO,1907,1907,0,,2026-08-26T19:55:35.047Z,2026-08-26T22:11:39.517Z,8164,2026-08-26T22:11:39.517Z,V6,Lake Charles,20846baf-2fe5-403c-85d4-31520e88a3ce,SAMMS-LCv5
202608262209458962,202608261955300458,202608261955298282,85,3530,Bronze INV,br_ReAssessmentLegal,TASK_COMPLETE,SUCCESS,INFO,741,741,0,,2026-08-26T19:55:35.047Z,2026-08-26T22:11:39.517Z,8164,2026-08-26T22:11:39.517Z,V8,Memphis Midtown,20846baf-2fe5-403c-85d4-31520e88a3ce,SAMMS-VCPHCS-VIII-MemphisV5
202608262209458963,202608261955300459,202608261955298282,85,3531,Bronze INV,br_ReAssessmentLegal,TASK_COMPLETE,SUCCESS,INFO,1758,1758,0,,2026-08-26T19:55:35.047Z,2026-08-26T22:11:39.517Z,8164,2026-08-26T22:11:39.517Z,V9,Nashville,20846baf-2fe5-403c-85d4-31520e88a3ce,SAMMS-NashvilleV5
202608262209458965,202608261955300460,202608261955298282,85,3532,Bronze INV,br_ReAssessmentLegal,TASK_COMPLETE,SUCCESS,INFO,837,837,0,,2026-08-26T19:55:35.047Z,2026-08-26T22:11:39.517Z,8164,2026-08-26T22:11:39.517Z,VBRA,Brainerd,20846baf-2fe5-403c-85d4-31520e88a3ce,SAMMS-BrainerdV6
202608262209458966,202608261955300461,202608261955298282,85,3533,Bronze INV,br_ReAssessmentLegal,TASK_COMPLETE,SUCCESS,INFO,1953,1953,0,,2026-08-26T19:55:35.047Z,2026-08-26T22:11:39.517Z,8164,2026-08-26T22:11:39.517Z,VBRP,Brooklyn Park,20846baf-2fe5-403c-85d4-31520e88a3ce,SAMMS-BrooklynParkV6
202608262209458967,202608261955300462,202608261955298282,85,3535,Bronze INV,br_ReAssessmentLegal,TASK_COMPLETE,SUCCESS,INFO,743,743,0,,2026-08-26T19:55:35.047Z,2026-08-26T22:11:39.517Z,8164,2026-08-26T22:11:39.517Z,VMIN,Minneapolis,20846baf-2fe5-403c-85d4-31520e88a3ce,SAMMS-MinneapolisV6
202608262209458968,202608261955300463,202608261955298282,85,3536,Bronze INV,br_ReAssessmentLegal,TASK_COMPLETE,SUCCESS,INFO,881,881,0,,2026-08-26T19:55:35.047Z,2026-08-26T22:11:39.517Z,8164,2026-08-26T22:11:39.517Z,VWBY,Woodbury,20846baf-2fe5-403c-85d4-31520e88a3ce,SAMMS-WoodburyV6
202608262209458969,202608261955300464,202608261955298282,85,3538,Bronze INV,br_ReAssessmentLegal,TASK_COMPLETE,SUCCESS,INFO,160,160,0,,2026-08-26T19:55:35.047Z,2026-08-26T22:11:39.517Z,8164,2026-08-26T22:11:39.517Z,WIL,Wilson,20846baf-2fe5-403c-85d4-31520e88a3ce,SAMMS-Wilson
202608262209459071,202608261955398293,202608261955398282,86,5730,Silver INV,sl_ReAssessmentLegal,TASK_COMPLETE,SUCCESS,INFO,78449,78449,0,,2026-08-26T19:55:35.047Z,2026-08-26T22:11:39.517Z,8164,2026-08-26T22:11:39.517Z,,,20846baf-2fe5-403c-85d4-31520e88a3ce,
202608262209458997,202608261955300465,202608261955298282,85,3542,Bronze INV,br_ReAssessmentMentalHealth,TASK_COMPLETE,SUCCESS,INFO,35,35,0,,2026-08-26T19:55:35.047Z,2026-08-26T22:11:39.517Z,8164,2026-08-26T22:11:39.517Z,AHK,Ahoskie,20846baf-2fe5-403c-85d4-31520e88a3ce,SAMMS-Ahoskie
202608262209458998,202608261955300466,202608261955298282,85,3543,Bronze INV,br_ReAssessmentMentalHealth,TASK_COMPLETE,SUCCESS,INFO,662,662,0,,2026-08-26T19:55:35.047Z,2026-08-26T22:11:39.517Z,8164,2026-08-26T22:11:39.517Z,B12B,Colorado Springs,20846baf-2fe5-403c-85d4-31520e88a3ce,SAMMS-ColoradoSpringsV5
202608262209458999,202608261955300467,202608261955298282,85,3544,Bronze INV,br_ReAssessmentMentalHealth,TASK_COMPLETE,SUCCESS,INFO,835,835,0,,2026-08-26T19:55:35.047Z,2026-08-26T22:11:39.517Z,8164,2026-08-26T22:11:39.517Z,B24,Paintsville,20846baf-2fe5-403c-85d4-31520e88a3ce,SAMMS-PaintsvilleV5
202608262209459000,202608261955300468,202608261955298282,85,3545,Bronze INV,br_ReAssessmentMentalHealth,TASK_COMPLETE,SUCCESS,INFO,646,646,0,,2026-08-26T19:55:35.047Z,2026-08-26T22:11:39.517Z,8164,2026-08-26T22:11:39.517Z,B25,Pikeville,20846baf-2fe5-403c-85d4-31520e88a3ce,SAMMS-PikevilleV5
202608262209459001,202608261955300469,202608261955298282,85,3546,Bronze INV,br_ReAssessmentMentalHealth,TASK_COMPLETE,SUCCESS,INFO,970,970,0,,2026-08-26T19:55:35.047Z,2026-08-26T22:11:39.517Z,8164,2026-08-26T22:11:39.517Z,B26,Hazard,20846baf-2fe5-403c-85d4-31520e88a3ce,SAMMS-HazardV5
202608262209459004,202608261955300470,202608261955298282,85,3547,Bronze INV,br_ReAssessmentMentalHealth,TASK_COMPLETE,SUCCESS,INFO,532,532,0,,2026-08-26T19:55:35.047Z,2026-08-26T22:11:39.517Z,8164,2026-08-26T22:11:39.517Z,B27,Savannah,20846baf-2fe5-403c-85d4-31520e88a3ce,SAMMS-SavannahV6
202608262209459005,202608261955300471,202608261955298282,85,3548,Bronze INV,br_ReAssessmentMentalHealth,TASK_COMPLETE,SUCCESS,INFO,246,246,0,,2026-08-26T19:55:35.047Z,2026-08-26T22:11:39.517Z,8164,2026-08-26T22:11:39.517Z,B28,West Plains,20846baf-2fe5-403c-85d4-31520e88a3ce,SAMMS-WestPlainesV5
202608262209459006,202608261955300472,202608261955298282,85,3549,Bronze INV,br_ReAssessmentMentalHealth,TASK_COMPLETE,SUCCESS,INFO,461,461,0,,2026-08-26T19:55:35.047Z,2026-08-26T22:11:39.517Z,8164,2026-08-26T22:11:39.517Z,B29,Poplar Bluff,20846baf-2fe5-403c-85d4-31520e88a3ce,SAMMS-PoplarBluffV5
202608262209459007,202608261955300473,202608261955298282,85,3550,Bronze INV,br_ReAssessmentMentalHealth,TASK_COMPLETE,SUCCESS,INFO,79,79,0,,2026-08-26T19:55:35.047Z,2026-08-26T22:11:39.517Z,8164,2026-08-26T22:11:39.517Z,B30,KC North,20846baf-2fe5-403c-85d4-31520e88a3ce,SAMMS-KCNv5
202608262209459009,202608261955300474,202608261955298282,85,3551,Bronze INV,br_ReAssessmentMentalHealth,TASK_COMPLETE,SUCCESS,INFO,401,401,0,,2026-08-26T19:55:35.047Z,2026-08-26T22:11:39.517Z,8164,2026-08-26T22:11:39.517Z,B31,Dyersburg,20846baf-2fe5-403c-85d4-31520e88a3ce,SAMMS-DyersburgV5
202608262209459010,202608261955300475,202608261955298282,85,3553,Bronze INV,br_ReAssessmentMentalHealth,TASK_COMPLETE,SUCCESS,INFO,487,487,0,,2026-08-26T19:55:35.047Z,2026-08-26T22:11:39.517Z,8164,2026-08-26T22:11:39.517Z,B33,Paducah,20846baf-2fe5-403c-85d4-31520e88a3ce,SAMMS-Paducah
202608262209459011,202608261955300476,202608261955298282,85,3554,Bronze INV,br_ReAssessmentMentalHealth,TASK_COMPLETE,SUCCESS,INFO,386,386,0,,2026-08-26T19:55:35.047Z,2026-08-26T22:11:39.517Z,8164,2026-08-26T22:11:39.517Z,B34,Corbin,20846baf-2fe5-403c-85d4-31520e88a3ce,SAMMS-CorbinV5
202608262209459012,202608261955300477,202608261955298282,85,3555,Bronze INV,br_ReAssessmentMentalHealth,TASK_COMPLETE,SUCCESS,INFO,242,242,0,,2026-08-26T19:55:35.047Z,2026-08-26T22:11:39.517Z,8164,2026-08-26T22:11:39.517Z,B35,Lexington,20846baf-2fe5-403c-85d4-31520e88a3ce,SAMMS-LexingtonV5
202608262209459013,202608261955300478,202608261955298282,85,3556,Bronze INV,br_ReAssessmentMentalHealth,TASK_COMPLETE,SUCCESS,INFO,77,77,0,,2026-08-26T19:55:35.047Z,2026-08-26T22:11:39.517Z,8164,2026-08-26T22:11:39.517Z,B35A,Berea,20846baf-2fe5-403c-85d4-31520e88a3ce,SAMMS-BereaV5
202608262209459014,202608261955300479,202608261955298282,85,3557,Bronze INV,br_ReAssessmentMentalHealth,TASK_COMPLETE,SUCCESS,INFO,20,20,0,,2026-08-26T19:55:35.047Z,2026-08-26T22:11:39.517Z,8164,2026-08-26T22:11:39.517Z,B36,Asheville,20846baf-2fe5-403c-85d4-31520e88a3ce,SAMMS-AshevilleV5
202608262209459015,202608261955300480,202608261955298282,85,3558,Bronze INV,br_ReAssessmentMentalHealth,TASK_COMPLETE,SUCCESS,INFO,1,1,0,,2026-08-26T19:55:35.047Z,2026-08-26T22:11:39.517Z,8164,2026-08-26T22:11:39.517Z,B37,Clyde,20846baf-2fe5-403c-85d4-31520e88a3ce,SAMMS-ClydeV5
202608262209459017,202608261955300481,202608261955298282,85,3559,Bronze INV,br_ReAssessmentMentalHealth,TASK_COMPLETE,SUCCESS,INFO,1188,1188,0,,2026-08-26T19:55:35.047Z,2026-08-26T22:11:39.517Z,8164,2026-08-26T22:11:39.517Z,B38,Spartanburg,20846baf-2fe5-403c-85d4-31520e88a3ce,SAMMS-SpartanburgV5
202608262209459018,202608261955300482,202608261955298282,85,3560,Bronze INV,br_ReAssessmentMentalHealth,TASK_COMPLETE,SUCCESS,INFO,362,362,0,,2026-08-26T19:55:35.047Z,2026-08-26T22:11:39.517Z,8164,2026-08-26T22:11:39.517Z,B39,Aiken,20846baf-2fe5-403c-85d4-31520e88a3ce,SAMMS-AikenV5
202608262209459019,202608261955300483,202608261955298282,85,3561,Bronze INV,br_ReAssessmentMentalHealth,TASK_COMPLETE,SUCCESS,INFO,1892,1892,0,,2026-08-26T19:55:35.047Z,2026-08-26T22:11:39.517Z,8164,2026-08-26T22:11:39.517Z,B41,Chesapeake,20846baf-2fe5-403c-85d4-31520e88a3ce,SAMMS-ChesapeakeV5
202608262209459020,202608261955300484,202608261955298282,85,3562,Bronze INV,br_ReAssessmentMentalHealth,TASK_COMPLETE,SUCCESS,INFO,1919,1919,0,,2026-08-26T19:55:35.047Z,2026-08-26T22:11:39.517Z,8164,2026-08-26T22:11:39.517Z,B42,Virginia Beach,20846baf-2fe5-403c-85d4-31520e88a3ce,SAMMS-VirginiaBeachV5
202608262209459021,202608261955300485,202608261955298282,85,3563,Bronze INV,br_ReAssessmentMentalHealth,TASK_COMPLETE,SUCCESS,INFO,931,931,0,,2026-08-26T19:55:35.047Z,2026-08-26T22:11:39.517Z,8164,2026-08-26T22:11:39.517Z,B42A,Newport News,20846baf-2fe5-403c-85d4-31520e88a3ce,SAMMS-NewportNewsV5
202608262209459022,202608261955300486,202608261955298282,85,3564,Bronze INV,br_ReAssessmentMentalHealth,TASK_COMPLETE,SUCCESS,INFO,508,508,0,,2026-08-26T19:55:35.047Z,2026-08-26T22:11:39.517Z,8164,2026-08-26T22:11:39.517Z,B42B,Franklin,20846baf-2fe5-403c-85d4-31520e88a3ce,SAMMS-FranklinV5
202608262209459024,202608261955300487,202608261955298282,85,3565,Bronze INV,br_ReAssessmentMentalHealth,TASK_COMPLETE,SUCCESS,INFO,345,345,0,,2026-08-26T19:55:35.047Z,2026-08-26T22:11:39.517Z,8164,2026-08-26T22:11:39.517Z,B42C,Glen Allen,20846baf-2fe5-403c-85d4-31520e88a3ce,SAMMS-GlenAllenV5
202608262209459025,202608261955300488,202608261955298282,85,3566,Bronze INV,br_ReAssessmentMentalHealth,TASK_COMPLETE,SUCCESS,INFO,1483,1483,0,,2026-08-26T19:55:35.047Z,2026-08-26T22:11:39.517Z,8164,2026-08-26T22:11:39.517Z,B42D,Chesapeake South,20846baf-2fe5-403c-85d4-31520e88a3ce,SAMMS-ChesapeakeSouthV5
202608262209459026,202608261955300489,202608261955298282,85,3567,Bronze INV,br_ReAssessmentMentalHealth,TASK_COMPLETE,SUCCESS,INFO,632,632,0,,2026-08-26T19:55:35.047Z,2026-08-26T22:11:39.517Z,8164,2026-08-26T22:11:39.517Z,B44,Albany,20846baf-2fe5-403c-85d4-31520e88a3ce,SAMMS-AlbanyV5
202608262209459027,202608261955300490,202608261955298282,85,3568,Bronze INV,br_ReAssessmentMentalHealth,TASK_COMPLETE,SUCCESS,INFO,1270,1270,0,,2026-08-26T19:55:35.047Z,2026-08-26T22:11:39.517Z,8164,2026-08-26T22:11:39.517Z,B45,Tifton,20846baf-2fe5-403c-85d4-31520e88a3ce,SAMMS-TiftonV5
202608262209459028,202608261955300491,202608261955298282,85,3569,Bronze INV,br_ReAssessmentMentalHealth,TASK_COMPLETE,SUCCESS,INFO,590,590,0,,2026-08-26T19:55:35.047Z,2026-08-26T22:11:39.517Z,8164,2026-08-26T22:11:39.517Z,B46,Washington DC,20846baf-2fe5-403c-85d4-31520e88a3ce,SAMMS-WashingtonDCv5
202608262209459030,202608261955300492,202608261955298282,85,3570,Bronze INV,br_ReAssessmentMentalHealth,TASK_COMPLETE,SUCCESS,INFO,1573,1573,0,,2026-08-26T19:55:35.047Z,2026-08-26T22:11:39.517Z,8164,2026-08-26T22:11:39.517Z,B47,Mobile,20846baf-2fe5-403c-85d4-31520e88a3ce,SAMMS-MobileV5
202608262209459031,202608261955300493,202608261955298282,85,3571,Bronze INV,br_ReAssessmentMentalHealth,TASK_COMPLETE,SUCCESS,INFO,1297,1297,0,,2026-08-26T19:55:35.047Z,2026-08-26T22:11:39.517Z,8164,2026-08-26T22:11:39.517Z,B48,Tuscaloosa,20846baf-2fe5-403c-85d4-31520e88a3ce,SAMMS-TuscaloosaV5
202608262209459032,202608261955300494,202608261955298282,85,3580,Bronze INV,br_ReAssessmentMentalHealth,TASK_COMPLETE,SUCCESS,INFO,2,2,0,,2026-08-26T19:55:35.047Z,2026-08-26T22:11:39.517Z,8164,2026-08-26T22:11:39.517Z,B51,N. Little Rock (OTP),20846baf-2fe5-403c-85d4-31520e88a3ce,SAMMS-NorthLittleRockV6
202608262209459033,202608261955300495,202608261955298282,85,3581,Bronze INV,br_ReAssessmentMentalHealth,TASK_COMPLETE,SUCCESS,INFO,457,457,0,,2026-08-26T19:55:35.047Z,2026-08-26T22:11:39.517Z,8164,2026-08-26T22:11:39.517Z,B52,Jackson GA,20846baf-2fe5-403c-85d4-31520e88a3ce,SAMMS-JacksonGAV5
202608262209459034,202608261955300496,202608261955298282,85,3582,Bronze INV,br_ReAssessmentMentalHealth,TASK_COMPLETE,SUCCESS,INFO,1703,1703,0,,2026-08-26T19:55:35.047Z,2026-08-26T22:11:39.517Z,8164,2026-08-26T22:11:39.517Z,B54,Gadsden,20846baf-2fe5-403c-85d4-31520e88a3ce,SAMMS-GadsdenV5
202608262209459035,202608261955300497,202608261955298282,85,3583,Bronze INV,br_ReAssessmentMentalHealth,TASK_COMPLETE,SUCCESS,INFO,952,952,0,,2026-08-26T19:55:35.047Z,2026-08-26T22:11:39.517Z,8164,2026-08-26T22:11:39.517Z,B55,Shoals,20846baf-2fe5-403c-85d4-31520e88a3ce,SAMMS-ShoalsV5
202608262209459037,202608261955300498,202608261955298282,85,3584,Bronze INV,br_ReAssessmentMentalHealth,TASK_COMPLETE,SUCCESS,INFO,294,294,0,,2026-08-26T19:55:35.047Z,2026-08-26T22:11:39.517Z,8164,2026-08-26T22:11:39.517Z,B57,Pawtucket,20846baf-2fe5-403c-85d4-31520e88a3ce,SAMMS-Pawtucket
202608262209459038,202608261955300499,202608261955298282,85,3585,Bronze INV,br_ReAssessmentMentalHealth,TASK_COMPLETE,SUCCESS,INFO,554,554,0,,2026-08-26T19:55:35.047Z,2026-08-26T22:11:39.517Z,8164,2026-08-26T22:11:39.517Z,B57A,Johnston,20846baf-2fe5-403c-85d4-31520e88a3ce,SAMMS-Johnston
202608262209459039,202608261955300500,202608261955298282,85,3586,Bronze INV,br_ReAssessmentMentalHealth,TASK_COMPLETE,SUCCESS,INFO,166,166,0,,2026-08-26T19:55:35.047Z,2026-08-26T22:11:39.517Z,8164,2026-08-26T22:11:39.517Z,B57B,Middletown,20846baf-2fe5-403c-85d4-31520e88a3ce,SAMMS-Middletown
202608262209459040,202608261955300501,202608261955298282,85,3587,Bronze INV,br_ReAssessmentMentalHealth,TASK_COMPLETE,SUCCESS,INFO,413,413,0,,2026-08-26T19:55:35.047Z,2026-08-26T22:11:39.517Z,8164,2026-08-26T22:11:39.517Z,B57C,Providence,20846baf-2fe5-403c-85d4-31520e88a3ce,SAMMS-Providence
202608262209459041,202608261955300502,202608261955298282,85,3588,Bronze INV,br_ReAssessmentMentalHealth,TASK_COMPLETE,SUCCESS,INFO,626,626,0,,2026-08-26T19:55:35.047Z,2026-08-26T22:11:39.517Z,8164,2026-08-26T22:11:39.517Z,B57D,Westerly,20846baf-2fe5-403c-85d4-31520e88a3ce,SAMMS-Westerly
202608262209459042,202608261955300503,202608261955298282,85,3592,Bronze INV,br_ReAssessmentMentalHealth,TASK_COMPLETE,SUCCESS,INFO,4,4,0,,2026-08-26T19:55:35.047Z,2026-08-26T22:11:39.517Z,8164,2026-08-26T22:11:39.517Z,B66A,Bremen,20846baf-2fe5-403c-85d4-31520e88a3ce,SAMMS-Bremen
202608262209459044,202608261955300504,202608261955298282,85,3595,Bronze INV,br_ReAssessmentMentalHealth,TASK_COMPLETE,SUCCESS,INFO,0,0,0,,2026-08-26T19:55:35.047Z,2026-08-26T22:11:39.517Z,8164,2026-08-26T22:11:39.517Z,B72,Mobile (OBOT),20846baf-2fe5-403c-85d4-31520e88a3ce,SAMMS-Mobile-OBOT
202608262209459045,202608261955300505,202608261955298282,85,3596,Bronze INV,br_ReAssessmentMentalHealth,TASK_COMPLETE,SUCCESS,INFO,0,0,0,,2026-08-26T19:55:35.047Z,2026-08-26T22:11:39.517Z,8164,2026-08-26T22:11:39.517Z,B73,Montgomery,20846baf-2fe5-403c-85d4-31520e88a3ce,SAMMS-Montgomery
202608262209459046,202608261955300506,202608261955298282,85,3597,Bronze INV,br_ReAssessmentMentalHealth,TASK_COMPLETE,SUCCESS,INFO,518,518,0,,2026-08-26T19:55:35.047Z,2026-08-26T22:11:39.517Z,8164,2026-08-26T22:11:39.517Z,B75,Lawrence,20846baf-2fe5-403c-85d4-31520e88a3ce,SAMMS-LawrenceV6
202608262209459047,202608261955300507,202608261955298282,85,3598,Bronze INV,br_ReAssessmentMentalHealth,TASK_COMPLETE,SUCCESS,INFO,0,0,0,,2026-08-26T19:55:35.047Z,2026-08-26T22:11:39.517Z,8164,2026-08-26T22:11:39.517Z,B76,Huntsville OBOT,20846baf-2fe5-403c-85d4-31520e88a3ce,SAMMS-Huntsville-OBOT
202608262209459048,202608261955300508,202608261955298282,85,3599,Bronze INV,br_ReAssessmentMentalHealth,TASK_COMPLETE,SUCCESS,INFO,0,0,0,,2026-08-26T19:55:35.047Z,2026-08-26T22:11:39.517Z,8164,2026-08-26T22:11:39.517Z,BAT,Batesville,20846baf-2fe5-403c-85d4-31520e88a3ce,SAMMS-Batesville
202608262209459049,202608261955300509,202608261955298282,85,3600,Bronze INV,br_ReAssessmentMentalHealth,TASK_COMPLETE,SUCCESS,INFO,461,461,0,,2026-08-26T19:55:35.047Z,2026-08-26T22:11:39.517Z,8164,2026-08-26T22:11:39.517Z,BG,Bowling Green,20846baf-2fe5-403c-85d4-31520e88a3ce,SAMMS-BowlingGreen
202608262209459050,202608261955300510,202608261955298282,85,3601,Bronze INV,br_ReAssessmentMentalHealth,TASK_COMPLETE,SUCCESS,INFO,182,182,0,,2026-08-26T19:55:35.047Z,2026-08-26T22:11:39.517Z,8164,2026-08-26T22:11:39.517Z,BOI,Boise,20846baf-2fe5-403c-85d4-31520e88a3ce,SAMMS-Boise
202608262209459052,202608261955300511,202608261955298282,85,3608,Bronze INV,br_ReAssessmentMentalHealth,TASK_COMPLETE,SUCCESS,INFO,51,51,0,,2026-08-26T19:55:35.047Z,2026-08-26T22:11:39.517Z,8164,2026-08-26T22:11:39.517Z,CBCO,Coeur dAlene,20846baf-2fe5-403c-85d4-31520e88a3ce,SAMMS-CoeurdAleneV6
202608262209459053,202608261955300512,202608261955298282,85,3627,Bronze INV,br_ReAssessmentMentalHealth,TASK_COMPLETE,SUCCESS,INFO,0,0,0,,2026-08-26T19:55:35.047Z,2026-08-26T22:11:39.517Z,8164,2026-08-26T22:11:39.517Z,CON,Conway,20846baf-2fe5-403c-85d4-31520e88a3ce,SAMMS-Conway
202608262209459054,202608261955300513,202608261955298282,85,3628,Bronze INV,br_ReAssessmentMentalHealth,TASK_COMPLETE,SUCCESS,INFO,2578,2578,0,,2026-08-26T19:55:35.047Z,2026-08-26T22:11:39.517Z,8164,2026-08-26T22:11:39.517Z,D07,Medical Services Knox TN,20846baf-2fe5-403c-85d4-31520e88a3ce,SAMMS-KnoxvilleV6
202608262209459055,202608261955300514,202608261955298282,85,3629,Bronze INV,br_ReAssessmentMentalHealth,TASK_COMPLETE,SUCCESS,INFO,113,113,0,,2026-08-26T19:55:35.047Z,2026-08-26T22:11:39.517Z,8164,2026-08-26T22:11:39.517Z,D08,Madison,20846baf-2fe5-403c-85d4-31520e88a3ce,SAMMS-MadisonV6
202608262209459056,202608261955300515,202608261955298282,85,3631,Bronze INV,br_ReAssessmentMentalHealth,TASK_COMPLETE,SUCCESS,INFO,120,120,0,,2026-08-26T19:55:35.047Z,2026-08-26T22:11:39.517Z,8164,2026-08-26T22:11:39.517Z,D09,Murfreesboro,20846baf-2fe5-403c-85d4-31520e88a3ce,SAMMS-MurfreesboroV6
202608262209459057,202608261955300516,202608261955298282,85,3632,Bronze INV,br_ReAssessmentMentalHealth,TASK_COMPLETE,SUCCESS,INFO,337,337,0,,2026-08-26T19:55:35.047Z,2026-08-26T22:11:39.517Z,8164,2026-08-26T22:11:39.517Z,DA,Davenport,20846baf-2fe5-403c-85d4-31520e88a3ce,SAMMS-Davenport
202608262209459059,202608261955300517,202608261955298282,85,3633,Bronze INV,br_ReAssessmentMentalHealth,TASK_COMPLETE,SUCCESS,INFO,288,288,0,,2026-08-26T19:55:35.047Z,2026-08-26T22:11:39.517Z,8164,2026-08-26T22:11:39.517Z,DM,Des Moines,20846baf-2fe5-403c-85d4-31520e88a3ce,SAMMS-DesMoines
202608262209459060,202608261955300518,202608261955298282,85,3635,Bronze INV,br_ReAssessmentMentalHealth,TASK_COMPLETE,SUCCESS,INFO,530,530,0,,2026-08-26T19:55:35.047Z,2026-08-26T22:11:39.517Z,8164,2026-08-26T22:11:39.517Z,DRD-CO,Columbia MO,20846baf-2fe5-403c-85d4-31520e88a3ce,SAMMS-ColumbiaV5
202608262209459061,202608261955300519,202608261955298282,85,3636,Bronze INV,br_ReAssessmentMentalHealth,TASK_COMPLETE,SUCCESS,INFO,347,347,0,,2026-08-26T19:55:35.047Z,2026-08-26T22:11:39.517Z,8164,2026-08-26T22:11:39.517Z,DRD-KC,KC,20846baf-2fe5-403c-85d4-31520e88a3ce,SAMMS-KCv5
202608262209459062,202608261955300520,202608261955298282,85,3637,Bronze INV,br_ReAssessmentMentalHealth,TASK_COMPLETE,SUCCESS,INFO,1555,1555,0,,2026-08-26T19:55:35.047Z,2026-08-26T22:11:39.517Z,8164,2026-08-26T22:11:39.517Z,DRD-KVB,KVB,20846baf-2fe5-403c-85d4-31520e88a3ce,SAMMS-KVBv5
202608262209459063,202608261955300521,202608261955298282,85,3638,Bronze INV,br_ReAssessmentMentalHealth,TASK_COMPLETE,SUCCESS,INFO,1674,1674,0,,2026-08-26T19:55:35.047Z,2026-08-26T22:11:39.517Z,8164,2026-08-26T22:11:39.517Z,DRD-KVC,KVC,20846baf-2fe5-403c-85d4-31520e88a3ce,SAMMS-KVCv5
202608262209459064,202608261955300522,202608261955298282,85,3639,Bronze INV,br_ReAssessmentMentalHealth,TASK_COMPLETE,SUCCESS,INFO,3203,3203,0,,2026-08-26T19:55:35.047Z,2026-08-26T22:11:39.517Z,8164,2026-08-26T22:11:39.517Z,DRD-NOLA,NOLA,20846baf-2fe5-403c-85d4-31520e88a3ce,SAMMS-NOLAv5
202608262209459066,202608261955300523,202608261955298282,85,3640,Bronze INV,br_ReAssessmentMentalHealth,TASK_COMPLETE,SUCCESS,INFO,800,800,0,,2026-08-26T19:55:35.047Z,2026-08-26T22:11:39.517Z,8164,2026-08-26T22:11:39.517Z,DRD-SF,Springfield,20846baf-2fe5-403c-85d4-31520e88a3ce,SAMMS-SFv5
202608262209459067,202608261955300524,202608261955298282,85,3642,Bronze INV,br_ReAssessmentMentalHealth,TASK_COMPLETE,SUCCESS,INFO,260,260,0,,2026-08-26T19:55:35.047Z,2026-08-26T22:11:39.517Z,8164,2026-08-26T22:11:39.517Z,ELC,Elizabeth City,20846baf-2fe5-403c-85d4-31520e88a3ce,SAMMS-ElizabethCity
202608262209459068,202608261955300525,202608261955298282,85,3643,Bronze INV,br_ReAssessmentMentalHealth,TASK_COMPLETE,SUCCESS,INFO,128,128,0,,2026-08-26T19:55:35.047Z,2026-08-26T22:11:39.517Z,8164,2026-08-26T22:11:39.517Z,ET,Elizabethtown,20846baf-2fe5-403c-85d4-31520e88a3ce,SAMMS-Elizabethtown
202608262209459069,202608261955300526,202608261955298282,85,3644,Bronze INV,br_ReAssessmentMentalHealth,TASK_COMPLETE,SUCCESS,INFO,0,0,0,,2026-08-26T19:55:35.047Z,2026-08-26T22:11:39.517Z,8164,2026-08-26T22:11:39.517Z,FAY,Fayetteville,20846baf-2fe5-403c-85d4-31520e88a3ce,SAMMS-Fayetteville
202608262209459070,202608261955300527,202608261955298282,85,3645,Bronze INV,br_ReAssessmentMentalHealth,TASK_COMPLETE,SUCCESS,INFO,156,156,0,,2026-08-26T19:55:35.047Z,2026-08-26T22:11:39.517Z,8164,2026-08-26T22:11:39.517Z,FR,Frankfort,20846baf-2fe5-403c-85d4-31520e88a3ce,SAMMS-Frankfort
202608262209459071,202608261955300528,202608261955298282,85,3646,Bronze INV,br_ReAssessmentMentalHealth,TASK_COMPLETE,SUCCESS,INFO,0,0,0,,2026-08-26T19:55:35.047Z,2026-08-26T22:11:39.517Z,8164,2026-08-26T22:11:39.517Z,FS,Fort Smith,20846baf-2fe5-403c-85d4-31520e88a3ce,SAMMS-FortSmith
202608262209459072,202608261955300529,202608261955298282,85,3647,Bronze INV,br_ReAssessmentMentalHealth,TASK_COMPLETE,SUCCESS,INFO,469,469,0,,2026-08-26T19:55:35.047Z,2026-08-26T22:11:39.517Z,8164,2026-08-26T22:11:39.517Z,FW,Fort Wayne,20846baf-2fe5-403c-85d4-31520e88a3ce,SAMMS-FortWayne
202608262209459074,202608261955300530,202608261955298282,85,3648,Bronze INV,br_ReAssessmentMentalHealth,TASK_COMPLETE,SUCCESS,INFO,276,276,0,,2026-08-26T19:55:35.047Z,2026-08-26T22:11:39.517Z,8164,2026-08-26T22:11:39.517Z,GAL,Gaylord,20846baf-2fe5-403c-85d4-31520e88a3ce,SAMMS-Gaylord
202608262209459075,202608261955300531,202608261955298282,85,3652,Bronze INV,br_ReAssessmentMentalHealth,TASK_COMPLETE,SUCCESS,INFO,100,100,0,,2026-08-26T19:55:35.047Z,2026-08-26T22:11:39.517Z,8164,2026-08-26T22:11:39.517Z,HGT,Hagerstown,20846baf-2fe5-403c-85d4-31520e88a3ce,SAMMS-Hagerstown
202608262209459076,202608261955300532,202608261955298282,85,3653,Bronze INV,br_ReAssessmentMentalHealth,TASK_COMPLETE,SUCCESS,INFO,1724,1724,0,,2026-08-26T19:55:35.047Z,2026-08-26T22:11:39.517Z,8164,2026-08-26T22:11:39.517Z,HNT,Huntsville,20846baf-2fe5-403c-85d4-31520e88a3ce,SAMMS-Huntsville
202608262209459077,202608261955300533,202608261955298282,85,3654,Bronze INV,br_ReAssessmentMentalHealth,TASK_COMPLETE,SUCCESS,INFO,0,0,0,,2026-08-26T19:55:35.047Z,2026-08-26T22:11:39.517Z,8164,2026-08-26T22:11:39.517Z,HS,Hot Springs,20846baf-2fe5-403c-85d4-31520e88a3ce,SAMMS-HotSprings
202608262209459078,202608261955300534,202608261955298282,85,3655,Bronze INV,br_ReAssessmentMentalHealth,TASK_COMPLETE,SUCCESS,INFO,0,0,0,,2026-08-26T19:55:35.047Z,2026-08-26T22:11:39.517Z,8164,2026-08-26T22:11:39.517Z,JON,Jonesboro,20846baf-2fe5-403c-85d4-31520e88a3ce,SAMMS-Jonesboro
202608262209459079,202608261955300535,202608261955298282,85,3657,Bronze INV,br_ReAssessmentMentalHealth,TASK_COMPLETE,SUCCESS,INFO,448,448,0,,2026-08-26T19:55:35.047Z,2026-08-26T22:11:39.517Z,8164,2026-08-26T22:11:39.517Z,LAN,Lansing,20846baf-2fe5-403c-85d4-31520e88a3ce,SAMMS-Lansing
202608262209459081,202608261955300536,202608261955298282,85,3658,Bronze INV,br_ReAssessmentMentalHealth,TASK_COMPLETE,SUCCESS,INFO,1289,1289,0,,2026-08-26T19:55:35.047Z,2026-08-26T22:11:39.517Z,8164,2026-08-26T22:11:39.517Z,LO,Louisville,20846baf-2fe5-403c-85d4-31520e88a3ce,SAMMS-Louisville
202608262209459082,202608261955300537,202608261955298282,85,3659,Bronze INV,br_ReAssessmentMentalHealth,TASK_COMPLETE,SUCCESS,INFO,291,291,0,,2026-08-26T19:55:35.047Z,2026-08-26T22:11:39.517Z,8164,2026-08-26T22:11:39.517Z,LV1,Cheyenne,20846baf-2fe5-403c-85d4-31520e88a3ce,SAMMS-Cheyenne
202608262209459083,202608261955300538,202608261955298282,85,3660,Bronze INV,br_ReAssessmentMentalHealth,TASK_COMPLETE,SUCCESS,INFO,205,205,0,,2026-08-26T19:55:35.047Z,2026-08-26T22:11:39.517Z,8164,2026-08-26T22:11:39.517Z,LV2,Desert Inn,20846baf-2fe5-403c-85d4-31520e88a3ce,SAMMS-DesertInn
202608262209459084,202608261955300539,202608261955298282,85,3661,Bronze INV,br_ReAssessmentMentalHealth,TASK_COMPLETE,SUCCESS,INFO,110,110,0,,2026-08-26T19:55:35.047Z,2026-08-26T22:11:39.517Z,8164,2026-08-26T22:11:39.517Z,LV3,McDaniel,20846baf-2fe5-403c-85d4-31520e88a3ce,SAMMS-McDaniel
202608262209459085,202608261955300540,202608261955298282,85,3664,Bronze INV,br_ReAssessmentMentalHealth,TASK_COMPLETE,SUCCESS,INFO,357,357,0,,2026-08-26T19:55:35.047Z,2026-08-26T22:11:39.517Z,8164,2026-08-26T22:11:39.517Z,MNRE,Monroe,20846baf-2fe5-403c-85d4-31520e88a3ce,SAMMS-Monroe
202608262209459086,202608261955300541,202608261955298282,85,3665,Bronze INV,br_ReAssessmentMentalHealth,TASK_COMPLETE,SUCCESS,INFO,1425,1425,0,,2026-08-26T19:55:35.047Z,2026-08-26T22:11:39.517Z,8164,2026-08-26T22:11:39.517Z,MP,Mt. Pleasant,20846baf-2fe5-403c-85d4-31520e88a3ce,SAMMS-MtPleasant
202608262209459087,202608261955300542,202608261955298282,85,3666,Bronze INV,br_ReAssessmentMentalHealth,TASK_COMPLETE,SUCCESS,INFO,153,153,0,,2026-08-26T19:55:35.047Z,2026-08-26T22:11:39.517Z,8164,2026-08-26T22:11:39.517Z,MRD,Meridian,20846baf-2fe5-403c-85d4-31520e88a3ce,SAMMS-Meridian
202608262209459089,202608261955300543,202608261955298282,85,3671,Bronze INV,br_ReAssessmentMentalHealth,TASK_COMPLETE,SUCCESS,INFO,694,694,0,,2026-08-26T19:55:35.047Z,2026-08-26T22:11:39.517Z,8164,2026-08-26T22:11:39.517Z,NC,North Charleston,20846baf-2fe5-403c-85d4-31520e88a3ce,SAMMS-NorthCharleston
202608262209459090,202608261955300544,202608261955298282,85,3672,Bronze INV,br_ReAssessmentMentalHealth,TASK_COMPLETE,SUCCESS,INFO,0,0,0,,2026-08-26T19:55:35.047Z,2026-08-26T22:11:39.517Z,8164,2026-08-26T22:11:39.517Z,NLR,N. Little Rock,20846baf-2fe5-403c-85d4-31520e88a3ce,SAMMS-NLROBOT
202608262209459091,202608261955300545,202608261955298282,85,3673,Bronze INV,br_ReAssessmentMentalHealth,TASK_COMPLETE,SUCCESS,INFO,111,111,0,,2026-08-26T19:55:35.047Z,2026-08-26T22:11:39.517Z,8164,2026-08-26T22:11:39.517Z,PH,Phoenix,20846baf-2fe5-403c-85d4-31520e88a3ce,SAMMS-Phoenix
202608262209459092,202608261955300546,202608261955298282,85,3677,Bronze INV,br_ReAssessmentMentalHealth,TASK_COMPLETE,SUCCESS,INFO,214,214,0,,2026-08-26T19:55:35.047Z,2026-08-26T22:11:39.517Z,8164,2026-08-26T22:11:39.517Z,RE,Reno,20846baf-2fe5-403c-85d4-31520e88a3ce,SAMMS-Reno
202608262209459093,202608261955300547,202608261955298282,85,3678,Bronze INV,br_ReAssessmentMentalHealth,TASK_COMPLETE,SUCCESS,INFO,88,88,0,,2026-08-26T19:55:35.047Z,2026-08-26T22:11:39.517Z,8164,2026-08-26T22:11:39.517Z,RMD,Richmond,20846baf-2fe5-403c-85d4-31520e88a3ce,SAMMS-Richmond
202608262209459094,202608261955300548,202608261955298282,85,3679,Bronze INV,br_ReAssessmentMentalHealth,TASK_COMPLETE,SUCCESS,INFO,592,592,0,,2026-08-26T19:55:35.047Z,2026-08-26T22:11:39.517Z,8164,2026-08-26T22:11:39.517Z,SFN,Springfield North,20846baf-2fe5-403c-85d4-31520e88a3ce,SAMMS-SFNv5
202608262209459096,202608261955300549,202608261955298282,85,3680,Bronze INV,br_ReAssessmentMentalHealth,TASK_COMPLETE,SUCCESS,INFO,767,767,0,,2026-08-26T19:55:35.047Z,2026-08-26T22:11:39.517Z,8164,2026-08-26T22:11:39.517Z,SHP,Shreveport,20846baf-2fe5-403c-85d4-31520e88a3ce,SAMMS-Shreveport
202608262209459097,202608261955300550,202608261955298282,85,3682,Bronze INV,br_ReAssessmentMentalHealth,TASK_COMPLETE,SUCCESS,INFO,486,486,0,,2026-08-26T19:55:35.047Z,2026-08-26T22:11:39.517Z,8164,2026-08-26T22:11:39.517Z,STN,Staunton,20846baf-2fe5-403c-85d4-31520e88a3ce,SAMMS-Staunton
202608262209459098,202608261955300551,202608261955298282,85,3683,Bronze INV,br_ReAssessmentMentalHealth,TASK_COMPLETE,SUCCESS,INFO,225,225,0,,2026-08-26T19:55:35.047Z,2026-08-26T22:11:39.517Z,8164,2026-08-26T22:11:39.517Z,STVN,Stevenson,20846baf-2fe5-403c-85d4-31520e88a3ce,SAMMS-Stevenson
202608262209459099,202608261955300552,202608261955298282,85,3685,Bronze INV,br_ReAssessmentMentalHealth,TASK_COMPLETE,SUCCESS,INFO,174,174,0,,2026-08-26T19:55:35.047Z,2026-08-26T22:11:39.517Z,8164,2026-08-26T22:11:39.517Z,TE,Tempe,20846baf-2fe5-403c-85d4-31520e88a3ce,SAMMS-Tempe
202608262209459100,202608261955300553,202608261955298282,85,3686,Bronze INV,br_ReAssessmentMentalHealth,TASK_COMPLETE,SUCCESS,INFO,0,0,0,,2026-08-26T19:55:35.047Z,2026-08-26T22:11:39.517Z,8164,2026-08-26T22:11:39.517Z,TEX,Texarkana,20846baf-2fe5-403c-85d4-31520e88a3ce,SAMMS-Texarkana
202608262209459101,202608261955300554,202608261955298282,85,3687,Bronze INV,br_ReAssessmentMentalHealth,TASK_COMPLETE,SUCCESS,INFO,1077,1077,0,,2026-08-26T19:55:35.047Z,2026-08-26T22:11:39.517Z,8164,2026-08-26T22:11:39.517Z,TTCA,Bessemer,20846baf-2fe5-403c-85d4-31520e88a3ce,SAMMS-BessemerV5
202608262209459102,202608261955300555,202608261955298282,85,3688,Bronze INV,br_ReAssessmentMentalHealth,TASK_COMPLETE,SUCCESS,INFO,1316,1316,0,,2026-08-26T19:55:35.047Z,2026-08-26T22:11:39.517Z,8164,2026-08-26T22:11:39.517Z,TTCB,Cullman,20846baf-2fe5-403c-85d4-31520e88a3ce,SAMMS-CullmanV5
202608262209459104,202608261955300556,202608261955298282,85,3689,Bronze INV,br_ReAssessmentMentalHealth,TASK_COMPLETE,SUCCESS,INFO,945,945,0,,2026-08-26T19:55:35.047Z,2026-08-26T22:11:39.517Z,8164,2026-08-26T22:11:39.517Z,TTCC,Grand Bay,20846baf-2fe5-403c-85d4-31520e88a3ce,SAMMS-GrandBay
202608262209459105,202608261955300557,202608261955298282,85,3690,Bronze INV,br_ReAssessmentMentalHealth,TASK_COMPLETE,SUCCESS,INFO,15,15,0,,2026-08-26T19:55:35.047Z,2026-08-26T22:11:39.517Z,8164,2026-08-26T22:11:39.517Z,TU,Tucson,20846baf-2fe5-403c-85d4-31520e88a3ce,SAMMS-Tucson
202608262209459106,202608261955300558,202608261955298282,85,3692,Bronze INV,br_ReAssessmentMentalHealth,TASK_COMPLETE,SUCCESS,INFO,660,660,0,,2026-08-26T19:55:35.047Z,2026-08-26T22:11:39.517Z,8164,2026-08-26T22:11:39.517Z,V1,Memphis South,20846baf-2fe5-403c-85d4-31520e88a3ce,SAMMS-VCPHCS-I-MemphisV5
202608262209459107,202608261955300559,202608261955298282,85,3693,Bronze INV,br_ReAssessmentMentalHealth,TASK_COMPLETE,SUCCESS,INFO,1630,1630,0,,2026-08-26T19:55:35.047Z,2026-08-26T22:11:39.517Z,8164,2026-08-26T22:11:39.517Z,V10,Longmont,20846baf-2fe5-403c-85d4-31520e88a3ce,SAMMS-BoulderV5
202608262209459108,202608261955300560,202608261955298282,85,3694,Bronze INV,br_ReAssessmentMentalHealth,TASK_COMPLETE,SUCCESS,INFO,1516,1516,0,,2026-08-26T19:55:35.047Z,2026-08-26T22:11:39.517Z,8164,2026-08-26T22:11:39.517Z,V10A,Fort Collins,20846baf-2fe5-403c-85d4-31520e88a3ce,SAMMS-FortCollinsV5
202608262209459109,202608261955300561,202608261955298282,85,3695,Bronze INV,br_ReAssessmentMentalHealth,TASK_COMPLETE,SUCCESS,INFO,2871,2871,0,,2026-08-26T19:55:35.047Z,2026-08-26T22:11:39.517Z,8164,2026-08-26T22:11:39.517Z,V11,Westminster,20846baf-2fe5-403c-85d4-31520e88a3ce,SAMMS-VCPHCS-XI-NorthDenverV5
202608262209459111,202608261955300562,202608261955298282,85,3696,Bronze INV,br_ReAssessmentMentalHealth,TASK_COMPLETE,SUCCESS,INFO,3042,3042,0,,2026-08-26T19:55:35.047Z,2026-08-26T22:11:39.517Z,8164,2026-08-26T22:11:39.517Z,V12,Downtown Denver,20846baf-2fe5-403c-85d4-31520e88a3ce,SAMMS-VCPHCS-XII-DowntownDenverV5
202608262209459112,202608261955300563,202608261955298282,85,3697,Bronze INV,br_ReAssessmentMentalHealth,TASK_COMPLETE,SUCCESS,INFO,1143,1143,0,,2026-08-26T19:55:35.047Z,2026-08-26T22:11:39.517Z,8164,2026-08-26T22:11:39.517Z,V12A,Centennial,20846baf-2fe5-403c-85d4-31520e88a3ce,SAMMS-CentennialV5
202608262209459113,202608261955300564,202608261955298282,85,3698,Bronze INV,br_ReAssessmentMentalHealth,TASK_COMPLETE,SUCCESS,INFO,295,295,0,,2026-08-26T19:55:35.047Z,2026-08-26T22:11:39.517Z,8164,2026-08-26T22:11:39.517Z,V14,Overland Park,20846baf-2fe5-403c-85d4-31520e88a3ce,SAMMS-VCPHCS-XIV-BridgewayV5
202608262209458796,202608261955300337,202608261955298282,85,3335,Bronze INV,br_ReAssessmentFamily,TASK_COMPLETE,SUCCESS,INFO,533,533,0,,2026-08-26T19:55:35.047Z,2026-08-26T22:11:39.517Z,8164,2026-08-26T22:11:39.517Z,V19,Jackson,20846baf-2fe5-403c-85d4-31520e88a3ce,SAMMS-JacksonV5
202608262209458797,202608261955300338,202608261955298282,85,3337,Bronze INV,br_ReAssessmentFamily,TASK_COMPLETE,SUCCESS,INFO,1768,1768,0,,2026-08-26T19:55:35.047Z,2026-08-26T22:11:39.517Z,8164,2026-08-26T22:11:39.517Z,V20,Paris,20846baf-2fe5-403c-85d4-31520e88a3ce,SAMMS-ParisV5
202608262209458798,202608261955300339,202608261955298282,85,3338,Bronze INV,br_ReAssessmentFamily,TASK_COMPLETE,SUCCESS,INFO,723,723,0,,2026-08-26T19:55:35.047Z,2026-08-26T22:11:39.517Z,8164,2026-08-26T22:11:39.517Z,V21,Memphis North,20846baf-2fe5-403c-85d4-31520e88a3ce,SAMMS-RaleighV5
202608262209458799,202608261955300340,202608261955298282,85,3341,Bronze INV,br_ReAssessmentFamily,TASK_COMPLETE,SUCCESS,INFO,1780,1780,0,,2026-08-26T19:55:35.047Z,2026-08-26T22:11:39.517Z,8164,2026-08-26T22:11:39.517Z,V5,West Bank,20846baf-2fe5-403c-85d4-31520e88a3ce,SAMMS-NONTCv5
202608262209458800,202608261955300341,202608261955298282,85,3343,Bronze INV,br_ReAssessmentFamily,TASK_COMPLETE,SUCCESS,INFO,144,144,0,,2026-08-26T19:55:35.047Z,2026-08-26T22:11:39.517Z,8164,2026-08-26T22:11:39.517Z,V5B,Houma,20846baf-2fe5-403c-85d4-31520e88a3ce,SAMMS-HoumaV6
202608262209458801,202608261955300342,202608261955298282,85,3344,Bronze INV,br_ReAssessmentFamily,TASK_COMPLETE,SUCCESS,INFO,1910,1910,0,,2026-08-26T19:55:35.047Z,2026-08-26T22:11:39.517Z,8164,2026-08-26T22:11:39.517Z,V6,Lake Charles,20846baf-2fe5-403c-85d4-31520e88a3ce,SAMMS-LCv5
202608262209458803,202608261955300343,202608261955298282,85,3346,Bronze INV,br_ReAssessmentFamily,TASK_COMPLETE,SUCCESS,INFO,741,741,0,,2026-08-26T19:55:35.047Z,2026-08-26T22:11:39.517Z,8164,2026-08-26T22:11:39.517Z,V8,Memphis Midtown,20846baf-2fe5-403c-85d4-31520e88a3ce,SAMMS-VCPHCS-VIII-MemphisV5
202608262209458804,202608261955300344,202608261955298282,85,3347,Bronze INV,br_ReAssessmentFamily,TASK_COMPLETE,SUCCESS,INFO,1763,1763,0,,2026-08-26T19:55:35.047Z,2026-08-26T22:11:39.517Z,8164,2026-08-26T22:11:39.517Z,V9,Nashville,20846baf-2fe5-403c-85d4-31520e88a3ce,SAMMS-NashvilleV5
202608262209458805,202608261955300345,202608261955298282,85,3348,Bronze INV,br_ReAssessmentFamily,TASK_COMPLETE,SUCCESS,INFO,838,838,0,,2026-08-26T19:55:35.047Z,2026-08-26T22:11:39.517Z,8164,2026-08-26T22:11:39.517Z,VBRA,Brainerd,20846baf-2fe5-403c-85d4-31520e88a3ce,SAMMS-BrainerdV6
202608262209458806,202608261955300346,202608261955298282,85,3349,Bronze INV,br_ReAssessmentFamily,TASK_COMPLETE,SUCCESS,INFO,1958,1958,0,,2026-08-26T19:55:35.047Z,2026-08-26T22:11:39.517Z,8164,2026-08-26T22:11:39.517Z,VBRP,Brooklyn Park,20846baf-2fe5-403c-85d4-31520e88a3ce,SAMMS-BrooklynParkV6
202608262209458807,202608261955300347,202608261955298282,85,3351,Bronze INV,br_ReAssessmentFamily,TASK_COMPLETE,SUCCESS,INFO,745,745,0,,2026-08-26T19:55:35.047Z,2026-08-26T22:11:39.517Z,8164,2026-08-26T22:11:39.517Z,VMIN,Minneapolis,20846baf-2fe5-403c-85d4-31520e88a3ce,SAMMS-MinneapolisV6
202608262209458808,202608261955300348,202608261955298282,85,3352,Bronze INV,br_ReAssessmentFamily,TASK_COMPLETE,SUCCESS,INFO,884,884,0,,2026-08-26T19:55:35.047Z,2026-08-26T22:11:39.517Z,8164,2026-08-26T22:11:39.517Z,VWBY,Woodbury,20846baf-2fe5-403c-85d4-31520e88a3ce,SAMMS-WoodburyV6
202608262209458810,202608261955300349,202608261955298282,85,3354,Bronze INV,br_ReAssessmentFamily,TASK_COMPLETE,SUCCESS,INFO,161,161,0,,2026-08-26T19:55:35.047Z,2026-08-26T22:11:39.517Z,8164,2026-08-26T22:11:39.517Z,WIL,Wilson,20846baf-2fe5-403c-85d4-31520e88a3ce,SAMMS-Wilson
202608262209458911,202608261955398292,202608261955398282,86,5729,Silver INV,sl_ReAssessmentFamily,TASK_COMPLETE,SUCCESS,INFO,78632,78632,0,,2026-08-26T19:55:35.047Z,2026-08-26T22:11:39.517Z,8164,2026-08-26T22:11:39.517Z,,,20846baf-2fe5-403c-85d4-31520e88a3ce,
202608262209458837,202608261955300350,202608261955298282,85,3358,Bronze INV,br_ReAssessmentLegal,TASK_COMPLETE,SUCCESS,INFO,35,35,0,,2026-08-26T19:55:35.047Z,2026-08-26T22:11:39.517Z,8164,2026-08-26T22:11:39.517Z,AHK,Ahoskie,20846baf-2fe5-403c-85d4-31520e88a3ce,SAMMS-Ahoskie
202608262209458838,202608261955300351,202608261955298282,85,3359,Bronze INV,br_ReAssessmentLegal,TASK_COMPLETE,SUCCESS,INFO,661,661,0,,2026-08-26T19:55:35.047Z,2026-08-26T22:11:39.517Z,8164,2026-08-26T22:11:39.517Z,B12B,Colorado Springs,20846baf-2fe5-403c-85d4-31520e88a3ce,SAMMS-ColoradoSpringsV5
202608262209458839,202608261955300352,202608261955298282,85,3360,Bronze INV,br_ReAssessmentLegal,TASK_COMPLETE,SUCCESS,INFO,828,828,0,,2026-08-26T19:55:35.047Z,2026-08-26T22:11:39.517Z,8164,2026-08-26T22:11:39.517Z,B24,Paintsville,20846baf-2fe5-403c-85d4-31520e88a3ce,SAMMS-PaintsvilleV5
202608262209458840,202608261955300353,202608261955298282,85,3361,Bronze INV,br_ReAssessmentLegal,TASK_COMPLETE,SUCCESS,INFO,646,646,0,,2026-08-26T19:55:35.047Z,2026-08-26T22:11:39.517Z,8164,2026-08-26T22:11:39.517Z,B25,Pikeville,20846baf-2fe5-403c-85d4-31520e88a3ce,SAMMS-PikevilleV5
202608262209458842,202608261955300354,202608261955298282,85,3362,Bronze INV,br_ReAssessmentLegal,TASK_COMPLETE,SUCCESS,INFO,971,971,0,,2026-08-26T19:55:35.047Z,2026-08-26T22:11:39.517Z,8164,2026-08-26T22:11:39.517Z,B26,Hazard,20846baf-2fe5-403c-85d4-31520e88a3ce,SAMMS-HazardV5
202608262209458843,202608261955300355,202608261955298282,85,3363,Bronze INV,br_ReAssessmentLegal,TASK_COMPLETE,SUCCESS,INFO,530,530,0,,2026-08-26T19:55:35.047Z,2026-08-26T22:11:39.517Z,8164,2026-08-26T22:11:39.517Z,B27,Savannah,20846baf-2fe5-403c-85d4-31520e88a3ce,SAMMS-SavannahV6
202608262209458844,202608261955300356,202608261955298282,85,3364,Bronze INV,br_ReAssessmentLegal,TASK_COMPLETE,SUCCESS,INFO,245,245,0,,2026-08-26T19:55:35.047Z,2026-08-26T22:11:39.517Z,8164,2026-08-26T22:11:39.517Z,B28,West Plains,20846baf-2fe5-403c-85d4-31520e88a3ce,SAMMS-WestPlainesV5
202608262209458845,202608261955300357,202608261955298282,85,3365,Bronze INV,br_ReAssessmentLegal,TASK_COMPLETE,SUCCESS,INFO,460,460,0,,2026-08-26T19:55:35.047Z,2026-08-26T22:11:39.517Z,8164,2026-08-26T22:11:39.517Z,B29,Poplar Bluff,20846baf-2fe5-403c-85d4-31520e88a3ce,SAMMS-PoplarBluffV5
202608262209458846,202608261955300358,202608261955298282,85,3366,Bronze INV,br_ReAssessmentLegal,TASK_COMPLETE,SUCCESS,INFO,77,77,0,,2026-08-26T19:55:35.047Z,2026-08-26T22:11:39.517Z,8164,2026-08-26T22:11:39.517Z,B30,KC North,20846baf-2fe5-403c-85d4-31520e88a3ce,SAMMS-KCNv5
202608262209458847,202608261955300359,202608261955298282,85,3367,Bronze INV,br_ReAssessmentLegal,TASK_COMPLETE,SUCCESS,INFO,400,400,0,,2026-08-26T19:55:35.047Z,2026-08-26T22:11:39.517Z,8164,2026-08-26T22:11:39.517Z,B31,Dyersburg,20846baf-2fe5-403c-85d4-31520e88a3ce,SAMMS-DyersburgV5
202608262209458848,202608261955300360,202608261955298282,85,3369,Bronze INV,br_ReAssessmentLegal,TASK_COMPLETE,SUCCESS,INFO,487,487,0,,2026-08-26T19:55:35.047Z,2026-08-26T22:11:39.517Z,8164,2026-08-26T22:11:39.517Z,B33,Paducah,20846baf-2fe5-403c-85d4-31520e88a3ce,SAMMS-Paducah
202608262209458850,202608261955300361,202608261955298282,85,3370,Bronze INV,br_ReAssessmentLegal,TASK_COMPLETE,SUCCESS,INFO,385,385,0,,2026-08-26T19:55:35.047Z,2026-08-26T22:11:39.517Z,8164,2026-08-26T22:11:39.517Z,B34,Corbin,20846baf-2fe5-403c-85d4-31520e88a3ce,SAMMS-CorbinV5
202608262209458851,202608261955300362,202608261955298282,85,3371,Bronze INV,br_ReAssessmentLegal,TASK_COMPLETE,SUCCESS,INFO,239,239,0,,2026-08-26T19:55:35.047Z,2026-08-26T22:11:39.517Z,8164,2026-08-26T22:11:39.517Z,B35,Lexington,20846baf-2fe5-403c-85d4-31520e88a3ce,SAMMS-LexingtonV5
202608262209458852,202608261955300363,202608261955298282,85,3372,Bronze INV,br_ReAssessmentLegal,TASK_COMPLETE,SUCCESS,INFO,77,77,0,,2026-08-26T19:55:35.047Z,2026-08-26T22:11:39.517Z,8164,2026-08-26T22:11:39.517Z,B35A,Berea,20846baf-2fe5-403c-85d4-31520e88a3ce,SAMMS-BereaV5
202608262209458853,202608261955300364,202608261955298282,85,3373,Bronze INV,br_ReAssessmentLegal,TASK_COMPLETE,SUCCESS,INFO,20,20,0,,2026-08-26T19:55:35.047Z,2026-08-26T22:11:39.517Z,8164,2026-08-26T22:11:39.517Z,B36,Asheville,20846baf-2fe5-403c-85d4-31520e88a3ce,SAMMS-AshevilleV5
202608262209458854,202608261955300365,202608261955298282,85,3374,Bronze INV,br_ReAssessmentLegal,TASK_COMPLETE,SUCCESS,INFO,1,1,0,,2026-08-26T19:55:35.047Z,2026-08-26T22:11:39.517Z,8164,2026-08-26T22:11:39.517Z,B37,Clyde,20846baf-2fe5-403c-85d4-31520e88a3ce,SAMMS-ClydeV5
202608262209458855,202608261955300366,202608261955298282,85,3375,Bronze INV,br_ReAssessmentLegal,TASK_COMPLETE,SUCCESS,INFO,1188,1188,0,,2026-08-26T19:55:35.047Z,2026-08-26T22:11:39.517Z,8164,2026-08-26T22:11:39.517Z,B38,Spartanburg,20846baf-2fe5-403c-85d4-31520e88a3ce,SAMMS-SpartanburgV5
202608262209458856,202608261955300367,202608261955298282,85,3376,Bronze INV,br_ReAssessmentLegal,TASK_COMPLETE,SUCCESS,INFO,362,362,0,,2026-08-26T19:55:35.047Z,2026-08-26T22:11:39.517Z,8164,2026-08-26T22:11:39.517Z,B39,Aiken,20846baf-2fe5-403c-85d4-31520e88a3ce,SAMMS-AikenV5
202608262209458857,202608261955300368,202608261955298282,85,3377,Bronze INV,br_ReAssessmentLegal,TASK_COMPLETE,SUCCESS,INFO,1887,1887,0,,2026-08-26T19:55:35.047Z,2026-08-26T22:11:39.517Z,8164,2026-08-26T22:11:39.517Z,B41,Chesapeake,20846baf-2fe5-403c-85d4-31520e88a3ce,SAMMS-ChesapeakeV5
202608262209458859,202608261955300369,202608261955298282,85,3378,Bronze INV,br_ReAssessmentLegal,TASK_COMPLETE,SUCCESS,INFO,1912,1912,0,,2026-08-26T19:55:35.047Z,2026-08-26T22:11:39.517Z,8164,2026-08-26T22:11:39.517Z,B42,Virginia Beach,20846baf-2fe5-403c-85d4-31520e88a3ce,SAMMS-VirginiaBeachV5
202608262209458860,202608261955300370,202608261955298282,85,3379,Bronze INV,br_ReAssessmentLegal,TASK_COMPLETE,SUCCESS,INFO,923,923,0,,2026-08-26T19:55:35.047Z,2026-08-26T22:11:39.517Z,8164,2026-08-26T22:11:39.517Z,B42A,Newport News,20846baf-2fe5-403c-85d4-31520e88a3ce,SAMMS-NewportNewsV5
202608262209458861,202608261955300371,202608261955298282,85,3380,Bronze INV,br_ReAssessmentLegal,TASK_COMPLETE,SUCCESS,INFO,507,507,0,,2026-08-26T19:55:35.047Z,2026-08-26T22:11:39.517Z,8164,2026-08-26T22:11:39.517Z,B42B,Franklin,20846baf-2fe5-403c-85d4-31520e88a3ce,SAMMS-FranklinV5
202608262209458862,202608261955300372,202608261955298282,85,3381,Bronze INV,br_ReAssessmentLegal,TASK_COMPLETE,SUCCESS,INFO,340,340,0,,2026-08-26T19:55:35.047Z,2026-08-26T22:11:39.517Z,8164,2026-08-26T22:11:39.517Z,B42C,Glen Allen,20846baf-2fe5-403c-85d4-31520e88a3ce,SAMMS-GlenAllenV5
202608262209458863,202608261955300373,202608261955298282,85,3382,Bronze INV,br_ReAssessmentLegal,TASK_COMPLETE,SUCCESS,INFO,1479,1479,0,,2026-08-26T19:55:35.047Z,2026-08-26T22:11:39.517Z,8164,2026-08-26T22:11:39.517Z,B42D,Chesapeake South,20846baf-2fe5-403c-85d4-31520e88a3ce,SAMMS-ChesapeakeSouthV5
202608262209458864,202608261955300374,202608261955298282,85,3383,Bronze INV,br_ReAssessmentLegal,TASK_COMPLETE,SUCCESS,INFO,633,633,0,,2026-08-26T19:55:35.047Z,2026-08-26T22:11:39.517Z,8164,2026-08-26T22:11:39.517Z,B44,Albany,20846baf-2fe5-403c-85d4-31520e88a3ce,SAMMS-AlbanyV5
202608262209458865,202608261955300375,202608261955298282,85,3384,Bronze INV,br_ReAssessmentLegal,TASK_COMPLETE,SUCCESS,INFO,1267,1267,0,,2026-08-26T19:55:35.047Z,2026-08-26T22:11:39.517Z,8164,2026-08-26T22:11:39.517Z,B45,Tifton,20846baf-2fe5-403c-85d4-31520e88a3ce,SAMMS-TiftonV5
202608262209458867,202608261955300376,202608261955298282,85,3385,Bronze INV,br_ReAssessmentLegal,TASK_COMPLETE,SUCCESS,INFO,588,588,0,,2026-08-26T19:55:35.047Z,2026-08-26T22:11:39.517Z,8164,2026-08-26T22:11:39.517Z,B46,Washington DC,20846baf-2fe5-403c-85d4-31520e88a3ce,SAMMS-WashingtonDCv5
202608262209458868,202608261955300377,202608261955298282,85,3386,Bronze INV,br_ReAssessmentLegal,TASK_COMPLETE,SUCCESS,INFO,1557,1557,0,,2026-08-26T19:55:35.047Z,2026-08-26T22:11:39.517Z,8164,2026-08-26T22:11:39.517Z,B47,Mobile,20846baf-2fe5-403c-85d4-31520e88a3ce,SAMMS-MobileV5
202608262209458869,202608261955300378,202608261955298282,85,3387,Bronze INV,br_ReAssessmentLegal,TASK_COMPLETE,SUCCESS,INFO,1296,1296,0,,2026-08-26T19:55:35.047Z,2026-08-26T22:11:39.517Z,8164,2026-08-26T22:11:39.517Z,B48,Tuscaloosa,20846baf-2fe5-403c-85d4-31520e88a3ce,SAMMS-TuscaloosaV5
202608262209458870,202608261955300379,202608261955298282,85,3396,Bronze INV,br_ReAssessmentLegal,TASK_COMPLETE,SUCCESS,INFO,2,2,0,,2026-08-26T19:55:35.047Z,2026-08-26T22:11:39.517Z,8164,2026-08-26T22:11:39.517Z,B51,N. Little Rock (OTP),20846baf-2fe5-403c-85d4-31520e88a3ce,SAMMS-NorthLittleRockV6
202608262209458871,202608261955300380,202608261955298282,85,3397,Bronze INV,br_ReAssessmentLegal,TASK_COMPLETE,SUCCESS,INFO,454,454,0,,2026-08-26T19:55:35.047Z,2026-08-26T22:11:39.517Z,8164,2026-08-26T22:11:39.517Z,B52,Jackson GA,20846baf-2fe5-403c-85d4-31520e88a3ce,SAMMS-JacksonGAV5
202608262209458872,202608261955300381,202608261955298282,85,3398,Bronze INV,br_ReAssessmentLegal,TASK_COMPLETE,SUCCESS,INFO,1702,1702,0,,2026-08-26T19:55:35.047Z,2026-08-26T22:11:39.517Z,8164,2026-08-26T22:11:39.517Z,B54,Gadsden,20846baf-2fe5-403c-85d4-31520e88a3ce,SAMMS-GadsdenV5
202608262209458874,202608261955300382,202608261955298282,85,3399,Bronze INV,br_ReAssessmentLegal,TASK_COMPLETE,SUCCESS,INFO,946,946,0,,2026-08-26T19:55:35.047Z,2026-08-26T22:11:39.517Z,8164,2026-08-26T22:11:39.517Z,B55,Shoals,20846baf-2fe5-403c-85d4-31520e88a3ce,SAMMS-ShoalsV5
202608262209458875,202608261955300383,202608261955298282,85,3400,Bronze INV,br_ReAssessmentLegal,TASK_COMPLETE,SUCCESS,INFO,294,294,0,,2026-08-26T19:55:35.047Z,2026-08-26T22:11:39.517Z,8164,2026-08-26T22:11:39.517Z,B57,Pawtucket,20846baf-2fe5-403c-85d4-31520e88a3ce,SAMMS-Pawtucket
202608262209458876,202608261955300384,202608261955298282,85,3401,Bronze INV,br_ReAssessmentLegal,TASK_COMPLETE,SUCCESS,INFO,550,550,0,,2026-08-26T19:55:35.047Z,2026-08-26T22:11:39.517Z,8164,2026-08-26T22:11:39.517Z,B57A,Johnston,20846baf-2fe5-403c-85d4-31520e88a3ce,SAMMS-Johnston
202608262209458877,202608261955300385,202608261955298282,85,3402,Bronze INV,br_ReAssessmentLegal,TASK_COMPLETE,SUCCESS,INFO,164,164,0,,2026-08-26T19:55:35.047Z,2026-08-26T22:11:39.517Z,8164,2026-08-26T22:11:39.517Z,B57B,Middletown,20846baf-2fe5-403c-85d4-31520e88a3ce,SAMMS-Middletown
202608262209458878,202608261955300386,202608261955298282,85,3403,Bronze INV,br_ReAssessmentLegal,TASK_COMPLETE,SUCCESS,INFO,411,411,0,,2026-08-26T19:55:35.047Z,2026-08-26T22:11:39.517Z,8164,2026-08-26T22:11:39.517Z,B57C,Providence,20846baf-2fe5-403c-85d4-31520e88a3ce,SAMMS-Providence
202608262209458879,202608261955300387,202608261955298282,85,3404,Bronze INV,br_ReAssessmentLegal,TASK_COMPLETE,SUCCESS,INFO,622,622,0,,2026-08-26T19:55:35.047Z,2026-08-26T22:11:39.517Z,8164,2026-08-26T22:11:39.517Z,B57D,Westerly,20846baf-2fe5-403c-85d4-31520e88a3ce,SAMMS-Westerly
202608262209458880,202608261955300388,202608261955298282,85,3408,Bronze INV,br_ReAssessmentLegal,TASK_COMPLETE,SUCCESS,INFO,4,4,0,,2026-08-26T19:55:35.047Z,2026-08-26T22:11:39.517Z,8164,2026-08-26T22:11:39.517Z,B66A,Bremen,20846baf-2fe5-403c-85d4-31520e88a3ce,SAMMS-Bremen
202608262209458882,202608261955300389,202608261955298282,85,3411,Bronze INV,br_ReAssessmentLegal,TASK_COMPLETE,SUCCESS,INFO,0,0,0,,2026-08-26T19:55:35.047Z,2026-08-26T22:11:39.517Z,8164,2026-08-26T22:11:39.517Z,B72,Mobile (OBOT),20846baf-2fe5-403c-85d4-31520e88a3ce,SAMMS-Mobile-OBOT
202608262209458883,202608261955300390,202608261955298282,85,3412,Bronze INV,br_ReAssessmentLegal,TASK_COMPLETE,SUCCESS,INFO,0,0,0,,2026-08-26T19:55:35.047Z,2026-08-26T22:11:39.517Z,8164,2026-08-26T22:11:39.517Z,B73,Montgomery,20846baf-2fe5-403c-85d4-31520e88a3ce,SAMMS-Montgomery
202608262209458884,202608261955300391,202608261955298282,85,3413,Bronze INV,br_ReAssessmentLegal,TASK_COMPLETE,SUCCESS,INFO,516,516,0,,2026-08-26T19:55:35.047Z,2026-08-26T22:11:39.517Z,8164,2026-08-26T22:11:39.517Z,B75,Lawrence,20846baf-2fe5-403c-85d4-31520e88a3ce,SAMMS-LawrenceV6
202608262209458885,202608261955300392,202608261955298282,85,3414,Bronze INV,br_ReAssessmentLegal,TASK_COMPLETE,SUCCESS,INFO,0,0,0,,2026-08-26T19:55:35.047Z,2026-08-26T22:11:39.517Z,8164,2026-08-26T22:11:39.517Z,B76,Huntsville OBOT,20846baf-2fe5-403c-85d4-31520e88a3ce,SAMMS-Huntsville-OBOT
202608262209458886,202608261955300393,202608261955298282,85,3415,Bronze INV,br_ReAssessmentLegal,TASK_COMPLETE,SUCCESS,INFO,0,0,0,,2026-08-26T19:55:35.047Z,2026-08-26T22:11:39.517Z,8164,2026-08-26T22:11:39.517Z,BAT,Batesville,20846baf-2fe5-403c-85d4-31520e88a3ce,SAMMS-Batesville
202608262209458887,202608261955300394,202608261955298282,85,3416,Bronze INV,br_ReAssessmentLegal,TASK_COMPLETE,SUCCESS,INFO,460,460,0,,2026-08-26T19:55:35.047Z,2026-08-26T22:11:39.517Z,8164,2026-08-26T22:11:39.517Z,BG,Bowling Green,20846baf-2fe5-403c-85d4-31520e88a3ce,SAMMS-BowlingGreen
202608262209458889,202608261955300395,202608261955298282,85,3417,Bronze INV,br_ReAssessmentLegal,TASK_COMPLETE,SUCCESS,INFO,180,180,0,,2026-08-26T19:55:35.047Z,2026-08-26T22:11:39.517Z,8164,2026-08-26T22:11:39.517Z,BOI,Boise,20846baf-2fe5-403c-85d4-31520e88a3ce,SAMMS-Boise
202608262209458890,202608261955300396,202608261955298282,85,3424,Bronze INV,br_ReAssessmentLegal,TASK_COMPLETE,SUCCESS,INFO,51,51,0,,2026-08-26T19:55:35.047Z,2026-08-26T22:11:39.517Z,8164,2026-08-26T22:11:39.517Z,CBCO,Coeur dAlene,20846baf-2fe5-403c-85d4-31520e88a3ce,SAMMS-CoeurdAleneV6
202608262209458891,202608261955300397,202608261955298282,85,3443,Bronze INV,br_ReAssessmentLegal,TASK_COMPLETE,SUCCESS,INFO,0,0,0,,2026-08-26T19:55:35.047Z,2026-08-26T22:11:39.517Z,8164,2026-08-26T22:11:39.517Z,CON,Conway,20846baf-2fe5-403c-85d4-31520e88a3ce,SAMMS-Conway
202608262209458892,202608261955300398,202608261955298282,85,3444,Bronze INV,br_ReAssessmentLegal,TASK_COMPLETE,SUCCESS,INFO,2568,2568,0,,2026-08-26T19:55:35.047Z,2026-08-26T22:11:39.517Z,8164,2026-08-26T22:11:39.517Z,D07,Medical Services Knox TN,20846baf-2fe5-403c-85d4-31520e88a3ce,SAMMS-KnoxvilleV6
202608262209458893,202608261955300399,202608261955298282,85,3445,Bronze INV,br_ReAssessmentLegal,TASK_COMPLETE,SUCCESS,INFO,111,111,0,,2026-08-26T19:55:35.047Z,2026-08-26T22:11:39.517Z,8164,2026-08-26T22:11:39.517Z,D08,Madison,20846baf-2fe5-403c-85d4-31520e88a3ce,SAMMS-MadisonV6
202608262209458894,202608261955300400,202608261955298282,85,3447,Bronze INV,br_ReAssessmentLegal,TASK_COMPLETE,SUCCESS,INFO,117,117,0,,2026-08-26T19:55:35.047Z,2026-08-26T22:11:39.517Z,8164,2026-08-26T22:11:39.517Z,D09,Murfreesboro,20846baf-2fe5-403c-85d4-31520e88a3ce,SAMMS-MurfreesboroV6
202608262209458896,202608261955300401,202608261955298282,85,3448,Bronze INV,br_ReAssessmentLegal,TASK_COMPLETE,SUCCESS,INFO,335,335,0,,2026-08-26T19:55:35.047Z,2026-08-26T22:11:39.517Z,8164,2026-08-26T22:11:39.517Z,DA,Davenport,20846baf-2fe5-403c-85d4-31520e88a3ce,SAMMS-Davenport
202608262209458897,202608261955300402,202608261955298282,85,3449,Bronze INV,br_ReAssessmentLegal,TASK_COMPLETE,SUCCESS,INFO,287,287,0,,2026-08-26T19:55:35.047Z,2026-08-26T22:11:39.517Z,8164,2026-08-26T22:11:39.517Z,DM,Des Moines,20846baf-2fe5-403c-85d4-31520e88a3ce,SAMMS-DesMoines
202608262209458898,202608261955300403,202608261955298282,85,3451,Bronze INV,br_ReAssessmentLegal,TASK_COMPLETE,SUCCESS,INFO,529,529,0,,2026-08-26T19:55:35.047Z,2026-08-26T22:11:39.517Z,8164,2026-08-26T22:11:39.517Z,DRD-CO,Columbia MO,20846baf-2fe5-403c-85d4-31520e88a3ce,SAMMS-ColumbiaV5
202608262209458899,202608261955300404,202608261955298282,85,3452,Bronze INV,br_ReAssessmentLegal,TASK_COMPLETE,SUCCESS,INFO,346,346,0,,2026-08-26T19:55:35.047Z,2026-08-26T22:11:39.517Z,8164,2026-08-26T22:11:39.517Z,DRD-KC,KC,20846baf-2fe5-403c-85d4-31520e88a3ce,SAMMS-KCv5
202608262209458900,202608261955300405,202608261955298282,85,3453,Bronze INV,br_ReAssessmentLegal,TASK_COMPLETE,SUCCESS,INFO,1551,1551,0,,2026-08-26T19:55:35.047Z,2026-08-26T22:11:39.517Z,8164,2026-08-26T22:11:39.517Z,DRD-KVB,KVB,20846baf-2fe5-403c-85d4-31520e88a3ce,SAMMS-KVBv5
202608262209458901,202608261955300406,202608261955298282,85,3454,Bronze INV,br_ReAssessmentLegal,TASK_COMPLETE,SUCCESS,INFO,1672,1672,0,,2026-08-26T19:55:35.047Z,2026-08-26T22:11:39.517Z,8164,2026-08-26T22:11:39.517Z,DRD-KVC,KVC,20846baf-2fe5-403c-85d4-31520e88a3ce,SAMMS-KVCv5
202608262209458903,202608261955300407,202608261955298282,85,3455,Bronze INV,br_ReAssessmentLegal,TASK_COMPLETE,SUCCESS,INFO,3202,3202,0,,2026-08-26T19:55:35.047Z,2026-08-26T22:11:39.517Z,8164,2026-08-26T22:11:39.517Z,DRD-NOLA,NOLA,20846baf-2fe5-403c-85d4-31520e88a3ce,SAMMS-NOLAv5
202608262209458904,202608261955300408,202608261955298282,85,3456,Bronze INV,br_ReAssessmentLegal,TASK_COMPLETE,SUCCESS,INFO,798,798,0,,2026-08-26T19:55:35.047Z,2026-08-26T22:11:39.517Z,8164,2026-08-26T22:11:39.517Z,DRD-SF,Springfield,20846baf-2fe5-403c-85d4-31520e88a3ce,SAMMS-SFv5
202608262209458905,202608261955300409,202608261955298282,85,3458,Bronze INV,br_ReAssessmentLegal,TASK_COMPLETE,SUCCESS,INFO,260,260,0,,2026-08-26T19:55:35.047Z,2026-08-26T22:11:39.517Z,8164,2026-08-26T22:11:39.517Z,ELC,Elizabeth City,20846baf-2fe5-403c-85d4-31520e88a3ce,SAMMS-ElizabethCity
202608262209458906,202608261955300410,202608261955298282,85,3459,Bronze INV,br_ReAssessmentLegal,TASK_COMPLETE,SUCCESS,INFO,128,128,0,,2026-08-26T19:55:35.047Z,2026-08-26T22:11:39.517Z,8164,2026-08-26T22:11:39.517Z,ET,Elizabethtown,20846baf-2fe5-403c-85d4-31520e88a3ce,SAMMS-Elizabethtown
202608262209458908,202608261955300411,202608261955298282,85,3460,Bronze INV,br_ReAssessmentLegal,TASK_COMPLETE,SUCCESS,INFO,0,0,0,,2026-08-26T19:55:35.047Z,2026-08-26T22:11:39.517Z,8164,2026-08-26T22:11:39.517Z,FAY,Fayetteville,20846baf-2fe5-403c-85d4-31520e88a3ce,SAMMS-Fayetteville
202608262209458909,202608261955300412,202608261955298282,85,3461,Bronze INV,br_ReAssessmentLegal,TASK_COMPLETE,SUCCESS,INFO,156,156,0,,2026-08-26T19:55:35.047Z,2026-08-26T22:11:39.517Z,8164,2026-08-26T22:11:39.517Z,FR,Frankfort,20846baf-2fe5-403c-85d4-31520e88a3ce,SAMMS-Frankfort
202608262209458910,202608261955300413,202608261955298282,85,3462,Bronze INV,br_ReAssessmentLegal,TASK_COMPLETE,SUCCESS,INFO,0,0,0,,2026-08-26T19:55:35.047Z,2026-08-26T22:11:39.517Z,8164,2026-08-26T22:11:39.517Z,FS,Fort Smith,20846baf-2fe5-403c-85d4-31520e88a3ce,SAMMS-FortSmith
202608262209458911,202608261955300414,202608261955298282,85,3463,Bronze INV,br_ReAssessmentLegal,TASK_COMPLETE,SUCCESS,INFO,466,466,0,,2026-08-26T19:55:35.047Z,2026-08-26T22:11:39.517Z,8164,2026-08-26T22:11:39.517Z,FW,Fort Wayne,20846baf-2fe5-403c-85d4-31520e88a3ce,SAMMS-FortWayne
202608262209458912,202608261955300415,202608261955298282,85,3464,Bronze INV,br_ReAssessmentLegal,TASK_COMPLETE,SUCCESS,INFO,273,273,0,,2026-08-26T19:55:35.047Z,2026-08-26T22:11:39.517Z,8164,2026-08-26T22:11:39.517Z,GAL,Gaylord,20846baf-2fe5-403c-85d4-31520e88a3ce,SAMMS-Gaylord
202608262209458913,202608261955300416,202608261955298282,85,3468,Bronze INV,br_ReAssessmentLegal,TASK_COMPLETE,SUCCESS,INFO,100,100,0,,2026-08-26T19:55:35.047Z,2026-08-26T22:11:39.517Z,8164,2026-08-26T22:11:39.517Z,HGT,Hagerstown,20846baf-2fe5-403c-85d4-31520e88a3ce,SAMMS-Hagerstown
202608262209458915,202608261955300417,202608261955298282,85,3469,Bronze INV,br_ReAssessmentLegal,TASK_COMPLETE,SUCCESS,INFO,1723,1723,0,,2026-08-26T19:55:35.047Z,2026-08-26T22:11:39.517Z,8164,2026-08-26T22:11:39.517Z,HNT,Huntsville,20846baf-2fe5-403c-85d4-31520e88a3ce,SAMMS-Huntsville
202608262209458916,202608261955300418,202608261955298282,85,3470,Bronze INV,br_ReAssessmentLegal,TASK_COMPLETE,SUCCESS,INFO,0,0,0,,2026-08-26T19:55:35.047Z,2026-08-26T22:11:39.517Z,8164,2026-08-26T22:11:39.517Z,HS,Hot Springs,20846baf-2fe5-403c-85d4-31520e88a3ce,SAMMS-HotSprings
202608262209458917,202608261955300419,202608261955298282,85,3471,Bronze INV,br_ReAssessmentLegal,TASK_COMPLETE,SUCCESS,INFO,0,0,0,,2026-08-26T19:55:35.047Z,2026-08-26T22:11:39.517Z,8164,2026-08-26T22:11:39.517Z,JON,Jonesboro,20846baf-2fe5-403c-85d4-31520e88a3ce,SAMMS-Jonesboro
202608262209458918,202608261955300420,202608261955298282,85,3473,Bronze INV,br_ReAssessmentLegal,TASK_COMPLETE,SUCCESS,INFO,445,445,0,,2026-08-26T19:55:35.047Z,2026-08-26T22:11:39.517Z,8164,2026-08-26T22:11:39.517Z,LAN,Lansing,20846baf-2fe5-403c-85d4-31520e88a3ce,SAMMS-Lansing
202608262209458919,202608261955300421,202608261955298282,85,3474,Bronze INV,br_ReAssessmentLegal,TASK_COMPLETE,SUCCESS,INFO,1286,1286,0,,2026-08-26T19:55:35.047Z,2026-08-26T22:11:39.517Z,8164,2026-08-26T22:11:39.517Z,LO,Louisville,20846baf-2fe5-403c-85d4-31520e88a3ce,SAMMS-Louisville
202608262209458920,202608261955300422,202608261955298282,85,3475,Bronze INV,br_ReAssessmentLegal,TASK_COMPLETE,SUCCESS,INFO,291,291,0,,2026-08-26T19:55:35.047Z,2026-08-26T22:11:39.517Z,8164,2026-08-26T22:11:39.517Z,LV1,Cheyenne,20846baf-2fe5-403c-85d4-31520e88a3ce,SAMMS-Cheyenne
202608262209458922,202608261955300423,202608261955298282,85,3476,Bronze INV,br_ReAssessmentLegal,TASK_COMPLETE,SUCCESS,INFO,204,204,0,,2026-08-26T19:55:35.047Z,2026-08-26T22:11:39.517Z,8164,2026-08-26T22:11:39.517Z,LV2,Desert Inn,20846baf-2fe5-403c-85d4-31520e88a3ce,SAMMS-DesertInn
202608262209458923,202608261955300424,202608261955298282,85,3477,Bronze INV,br_ReAssessmentLegal,TASK_COMPLETE,SUCCESS,INFO,109,109,0,,2026-08-26T19:55:35.047Z,2026-08-26T22:11:39.517Z,8164,2026-08-26T22:11:39.517Z,LV3,McDaniel,20846baf-2fe5-403c-85d4-31520e88a3ce,SAMMS-McDaniel
202608262209458924,202608261955300425,202608261955298282,85,3480,Bronze INV,br_ReAssessmentLegal,TASK_COMPLETE,SUCCESS,INFO,358,358,0,,2026-08-26T19:55:35.047Z,2026-08-26T22:11:39.517Z,8164,2026-08-26T22:11:39.517Z,MNRE,Monroe,20846baf-2fe5-403c-85d4-31520e88a3ce,SAMMS-Monroe
202608262209458925,202608261955300426,202608261955298282,85,3481,Bronze INV,br_ReAssessmentLegal,TASK_COMPLETE,SUCCESS,INFO,1420,1420,0,,2026-08-26T19:55:35.047Z,2026-08-26T22:11:39.517Z,8164,2026-08-26T22:11:39.517Z,MP,Mt. Pleasant,20846baf-2fe5-403c-85d4-31520e88a3ce,SAMMS-MtPleasant
202608262209458926,202608261955300427,202608261955298282,85,3482,Bronze INV,br_ReAssessmentLegal,TASK_COMPLETE,SUCCESS,INFO,153,153,0,,2026-08-26T19:55:35.047Z,2026-08-26T22:11:39.517Z,8164,2026-08-26T22:11:39.517Z,MRD,Meridian,20846baf-2fe5-403c-85d4-31520e88a3ce,SAMMS-Meridian
202608262209458927,202608261955300428,202608261955298282,85,3487,Bronze INV,br_ReAssessmentLegal,TASK_COMPLETE,SUCCESS,INFO,693,693,0,,2026-08-26T19:55:35.047Z,2026-08-26T22:11:39.517Z,8164,2026-08-26T22:11:39.517Z,NC,North Charleston,20846baf-2fe5-403c-85d4-31520e88a3ce,SAMMS-NorthCharleston
202608262209458929,202608261955300429,202608261955298282,85,3488,Bronze INV,br_ReAssessmentLegal,TASK_COMPLETE,SUCCESS,INFO,0,0,0,,2026-08-26T19:55:35.047Z,2026-08-26T22:11:39.517Z,8164,2026-08-26T22:11:39.517Z,NLR,N. Little Rock,20846baf-2fe5-403c-85d4-31520e88a3ce,SAMMS-NLROBOT
202608262209458930,202608261955300430,202608261955298282,85,3489,Bronze INV,br_ReAssessmentLegal,TASK_COMPLETE,SUCCESS,INFO,111,111,0,,2026-08-26T19:55:35.047Z,2026-08-26T22:11:39.517Z,8164,2026-08-26T22:11:39.517Z,PH,Phoenix,20846baf-2fe5-403c-85d4-31520e88a3ce,SAMMS-Phoenix
202608262209458931,202608261955300431,202608261955298282,85,3493,Bronze INV,br_ReAssessmentLegal,TASK_COMPLETE,SUCCESS,INFO,212,212,0,,2026-08-26T19:55:35.047Z,2026-08-26T22:11:39.517Z,8164,2026-08-26T22:11:39.517Z,RE,Reno,20846baf-2fe5-403c-85d4-31520e88a3ce,SAMMS-Reno
202608262209458932,202608261955300432,202608261955298282,85,3494,Bronze INV,br_ReAssessmentLegal,TASK_COMPLETE,SUCCESS,INFO,88,88,0,,2026-08-26T19:55:35.047Z,2026-08-26T22:11:39.517Z,8164,2026-08-26T22:11:39.517Z,RMD,Richmond,20846baf-2fe5-403c-85d4-31520e88a3ce,SAMMS-Richmond
202608262209458933,202608261955300433,202608261955298282,85,3495,Bronze INV,br_ReAssessmentLegal,TASK_COMPLETE,SUCCESS,INFO,588,588,0,,2026-08-26T19:55:35.047Z,2026-08-26T22:11:39.517Z,8164,2026-08-26T22:11:39.517Z,SFN,Springfield North,20846baf-2fe5-403c-85d4-31520e88a3ce,SAMMS-SFNv5
202608262209458934,202608261955300434,202608261955298282,85,3496,Bronze INV,br_ReAssessmentLegal,TASK_COMPLETE,SUCCESS,INFO,763,763,0,,2026-08-26T19:55:35.047Z,2026-08-26T22:11:39.517Z,8164,2026-08-26T22:11:39.517Z,SHP,Shreveport,20846baf-2fe5-403c-85d4-31520e88a3ce,SAMMS-Shreveport
202608262209458936,202608261955300435,202608261955298282,85,3498,Bronze INV,br_ReAssessmentLegal,TASK_COMPLETE,SUCCESS,INFO,481,481,0,,2026-08-26T19:55:35.047Z,2026-08-26T22:11:39.517Z,8164,2026-08-26T22:11:39.517Z,STN,Staunton,20846baf-2fe5-403c-85d4-31520e88a3ce,SAMMS-Staunton
202608262209458937,202608261955300436,202608261955298282,85,3499,Bronze INV,br_ReAssessmentLegal,TASK_COMPLETE,SUCCESS,INFO,224,224,0,,2026-08-26T19:55:35.047Z,2026-08-26T22:11:39.517Z,8164,2026-08-26T22:11:39.517Z,STVN,Stevenson,20846baf-2fe5-403c-85d4-31520e88a3ce,SAMMS-Stevenson
202608262209458938,202608261955300437,202608261955298282,85,3501,Bronze INV,br_ReAssessmentLegal,TASK_COMPLETE,SUCCESS,INFO,173,173,0,,2026-08-26T19:55:35.047Z,2026-08-26T22:11:39.517Z,8164,2026-08-26T22:11:39.517Z,TE,Tempe,20846baf-2fe5-403c-85d4-31520e88a3ce,SAMMS-Tempe
202608262209458939,202608261955300438,202608261955298282,85,3502,Bronze INV,br_ReAssessmentLegal,TASK_COMPLETE,SUCCESS,INFO,0,0,0,,2026-08-26T19:55:35.047Z,2026-08-26T22:11:39.517Z,8164,2026-08-26T22:11:39.517Z,TEX,Texarkana,20846baf-2fe5-403c-85d4-31520e88a3ce,SAMMS-Texarkana
202608262209458940,202608261955300439,202608261955298282,85,3503,Bronze INV,br_ReAssessmentLegal,TASK_COMPLETE,SUCCESS,INFO,1068,1068,0,,2026-08-26T19:55:35.047Z,2026-08-26T22:11:39.517Z,8164,2026-08-26T22:11:39.517Z,TTCA,Bessemer,20846baf-2fe5-403c-85d4-31520e88a3ce,SAMMS-BessemerV5
202608262209458941,202608261955300440,202608261955298282,85,3504,Bronze INV,br_ReAssessmentLegal,TASK_COMPLETE,SUCCESS,INFO,1315,1315,0,,2026-08-26T19:55:35.047Z,2026-08-26T22:11:39.517Z,8164,2026-08-26T22:11:39.517Z,TTCB,Cullman,20846baf-2fe5-403c-85d4-31520e88a3ce,SAMMS-CullmanV5
202608262209458943,202608261955300441,202608261955298282,85,3505,Bronze INV,br_ReAssessmentLegal,TASK_COMPLETE,SUCCESS,INFO,938,938,0,,2026-08-26T19:55:35.047Z,2026-08-26T22:11:39.517Z,8164,2026-08-26T22:11:39.517Z,TTCC,Grand Bay,20846baf-2fe5-403c-85d4-31520e88a3ce,SAMMS-GrandBay
202608262209458944,202608261955300442,202608261955298282,85,3506,Bronze INV,br_ReAssessmentLegal,TASK_COMPLETE,SUCCESS,INFO,15,15,0,,2026-08-26T19:55:35.047Z,2026-08-26T22:11:39.517Z,8164,2026-08-26T22:11:39.517Z,TU,Tucson,20846baf-2fe5-403c-85d4-31520e88a3ce,SAMMS-Tucson
202608262209458945,202608261955300443,202608261955298282,85,3508,Bronze INV,br_ReAssessmentLegal,TASK_COMPLETE,SUCCESS,INFO,660,660,0,,2026-08-26T19:55:35.047Z,2026-08-26T22:11:39.517Z,8164,2026-08-26T22:11:39.517Z,V1,Memphis South,20846baf-2fe5-403c-85d4-31520e88a3ce,SAMMS-VCPHCS-I-MemphisV5
202608262209458946,202608261955300444,202608261955298282,85,3509,Bronze INV,br_ReAssessmentLegal,TASK_COMPLETE,SUCCESS,INFO,1625,1625,0,,2026-08-26T19:55:35.047Z,2026-08-26T22:11:39.517Z,8164,2026-08-26T22:11:39.517Z,V10,Longmont,20846baf-2fe5-403c-85d4-31520e88a3ce,SAMMS-BoulderV5
202608262209458947,202608261955300445,202608261955298282,85,3510,Bronze INV,br_ReAssessmentLegal,TASK_COMPLETE,SUCCESS,INFO,1511,1511,0,,2026-08-26T19:55:35.047Z,2026-08-26T22:11:39.517Z,8164,2026-08-26T22:11:39.517Z,V10A,Fort Collins,20846baf-2fe5-403c-85d4-31520e88a3ce,SAMMS-FortCollinsV5
202608262209458948,202608261955300446,202608261955298282,85,3511,Bronze INV,br_ReAssessmentLegal,TASK_COMPLETE,SUCCESS,INFO,2862,2862,0,,2026-08-26T19:55:35.047Z,2026-08-26T22:11:39.517Z,8164,2026-08-26T22:11:39.517Z,V11,Westminster,20846baf-2fe5-403c-85d4-31520e88a3ce,SAMMS-VCPHCS-XI-NorthDenverV5
202608262209458950,202608261955300447,202608261955298282,85,3512,Bronze INV,br_ReAssessmentLegal,TASK_COMPLETE,SUCCESS,INFO,3027,3027,0,,2026-08-26T19:55:35.047Z,2026-08-26T22:11:39.517Z,8164,2026-08-26T22:11:39.517Z,V12,Downtown Denver,20846baf-2fe5-403c-85d4-31520e88a3ce,SAMMS-VCPHCS-XII-DowntownDenverV5
202608262209458951,202608261955300448,202608261955298282,85,3513,Bronze INV,br_ReAssessmentLegal,TASK_COMPLETE,SUCCESS,INFO,1132,1132,0,,2026-08-26T19:55:35.047Z,2026-08-26T22:11:39.517Z,8164,2026-08-26T22:11:39.517Z,V12A,Centennial,20846baf-2fe5-403c-85d4-31520e88a3ce,SAMMS-CentennialV5
202608262209458952,202608261955300449,202608261955298282,85,3514,Bronze INV,br_ReAssessmentLegal,TASK_COMPLETE,SUCCESS,INFO,293,293,0,,2026-08-26T19:55:35.047Z,2026-08-26T22:11:39.517Z,8164,2026-08-26T22:11:39.517Z,V14,Overland Park,20846baf-2fe5-403c-85d4-31520e88a3ce,SAMMS-VCPHCS-XIV-BridgewayV5
202608262209458953,202608261955300450,202608261955298282,85,3515,Bronze INV,br_ReAssessmentLegal,TASK_COMPLETE,SUCCESS,INFO,608,608,0,,2026-08-26T19:55:35.047Z,2026-08-26T22:11:39.517Z,8164,2026-08-26T22:11:39.517Z,V15,Joplin,20846baf-2fe5-403c-85d4-31520e88a3ce,SAMMS-JoplinV5
202608252121599352,202608251925575831,202608251925573776,85,3335,Bronze INV,br_ReAssessmentFamily,TASK_COMPLETE,SUCCESS,INFO,533,533,0,,2026-08-25T19:26:03.177Z,2026-08-25T21:23:56.829Z,7073,2026-08-25T21:23:56.829Z,V19,Jackson,7eb7a049-5d17-4a23-bb2f-3b9c445afd32,SAMMS-JacksonV5
202608252121599353,202608251925575832,202608251925573776,85,3337,Bronze INV,br_ReAssessmentFamily,TASK_COMPLETE,SUCCESS,INFO,1768,1768,0,,2026-08-25T19:26:03.177Z,2026-08-25T21:23:56.829Z,7073,2026-08-25T21:23:56.829Z,V20,Paris,7eb7a049-5d17-4a23-bb2f-3b9c445afd32,SAMMS-ParisV5
202608252121599354,202608251925575833,202608251925573776,85,3338,Bronze INV,br_ReAssessmentFamily,TASK_COMPLETE,SUCCESS,INFO,723,723,0,,2026-08-25T19:26:03.177Z,2026-08-25T21:23:56.829Z,7073,2026-08-25T21:23:56.829Z,V21,Memphis North,7eb7a049-5d17-4a23-bb2f-3b9c445afd32,SAMMS-RaleighV5
202608252121599356,202608251925575834,202608251925573776,85,3341,Bronze INV,br_ReAssessmentFamily,TASK_COMPLETE,SUCCESS,INFO,1780,1780,0,,2026-08-25T19:26:03.177Z,2026-08-25T21:23:56.829Z,7073,2026-08-25T21:23:56.829Z,V5,West Bank,7eb7a049-5d17-4a23-bb2f-3b9c445afd32,SAMMS-NONTCv5
202608252121599357,202608251925575835,202608251925573776,85,3343,Bronze INV,br_ReAssessmentFamily,TASK_COMPLETE,SUCCESS,INFO,144,144,0,,2026-08-25T19:26:03.177Z,2026-08-25T21:23:56.829Z,7073,2026-08-25T21:23:56.829Z,V5B,Houma,7eb7a049-5d17-4a23-bb2f-3b9c445afd32,SAMMS-HoumaV6
202608252121599358,202608251925575836,202608251925573776,85,3344,Bronze INV,br_ReAssessmentFamily,TASK_COMPLETE,SUCCESS,INFO,1910,1910,0,,2026-08-25T19:26:03.177Z,2026-08-25T21:23:56.829Z,7073,2026-08-25T21:23:56.829Z,V6,Lake Charles,7eb7a049-5d17-4a23-bb2f-3b9c445afd32,SAMMS-LCv5
202608252121599359,202608251925575837,202608251925573776,85,3346,Bronze INV,br_ReAssessmentFamily,TASK_COMPLETE,SUCCESS,INFO,741,741,0,,2026-08-25T19:26:03.177Z,2026-08-25T21:23:56.829Z,7073,2026-08-25T21:23:56.829Z,V8,Memphis Midtown,7eb7a049-5d17-4a23-bb2f-3b9c445afd32,SAMMS-VCPHCS-VIII-MemphisV5
202608252121599360,202608251925575838,202608251925573776,85,3347,Bronze INV,br_ReAssessmentFamily,TASK_COMPLETE,SUCCESS,INFO,1763,1763,0,,2026-08-25T19:26:03.177Z,2026-08-25T21:23:56.829Z,7073,2026-08-25T21:23:56.829Z,V9,Nashville,7eb7a049-5d17-4a23-bb2f-3b9c445afd32,SAMMS-NashvilleV5
202608252121599361,202608251925575839,202608251925573776,85,3348,Bronze INV,br_ReAssessmentFamily,TASK_COMPLETE,SUCCESS,INFO,838,838,0,,2026-08-25T19:26:03.177Z,2026-08-25T21:23:56.829Z,7073,2026-08-25T21:23:56.829Z,VBRA,Brainerd,7eb7a049-5d17-4a23-bb2f-3b9c445afd32,SAMMS-BrainerdV6
202608252121599362,202608251925575840,202608251925573776,85,3349,Bronze INV,br_ReAssessmentFamily,TASK_COMPLETE,SUCCESS,INFO,1958,1958,0,,2026-08-25T19:26:03.177Z,2026-08-25T21:23:56.829Z,7073,2026-08-25T21:23:56.829Z,VBRP,Brooklyn Park,7eb7a049-5d17-4a23-bb2f-3b9c445afd32,SAMMS-BrooklynParkV6
202608252121599364,202608251925575841,202608251925573776,85,3351,Bronze INV,br_ReAssessmentFamily,TASK_COMPLETE,SUCCESS,INFO,745,745,0,,2026-08-25T19:26:03.177Z,2026-08-25T21:23:56.829Z,7073,2026-08-25T21:23:56.829Z,VMIN,Minneapolis,7eb7a049-5d17-4a23-bb2f-3b9c445afd32,SAMMS-MinneapolisV6
202608252121599365,202608251925575842,202608251925573776,85,3352,Bronze INV,br_ReAssessmentFamily,TASK_COMPLETE,SUCCESS,INFO,884,884,0,,2026-08-25T19:26:03.177Z,2026-08-25T21:23:56.829Z,7073,2026-08-25T21:23:56.829Z,VWBY,Woodbury,7eb7a049-5d17-4a23-bb2f-3b9c445afd32,SAMMS-WoodburyV6
202608252121599366,202608251925575843,202608251925573776,85,3354,Bronze INV,br_ReAssessmentFamily,TASK_COMPLETE,SUCCESS,INFO,161,161,0,,2026-08-25T19:26:03.177Z,2026-08-25T21:23:56.829Z,7073,2026-08-25T21:23:56.829Z,WIL,Wilson,7eb7a049-5d17-4a23-bb2f-3b9c445afd32,SAMMS-Wilson
202608252121599468,202608251925673786,202608251925673776,86,5729,Silver INV,sl_ReAssessmentFamily,TASK_COMPLETE,SUCCESS,INFO,78632,78632,0,,2026-08-25T19:26:03.177Z,2026-08-25T21:23:56.829Z,7073,2026-08-25T21:23:56.829Z,,,7eb7a049-5d17-4a23-bb2f-3b9c445afd32,
202608252121599397,202608251925575844,202608251925573776,85,3358,Bronze INV,br_ReAssessmentLegal,TASK_COMPLETE,SUCCESS,INFO,35,35,0,,2026-08-25T19:26:03.177Z,2026-08-25T21:23:56.829Z,7073,2026-08-25T21:23:56.829Z,AHK,Ahoskie,7eb7a049-5d17-4a23-bb2f-3b9c445afd32,SAMMS-Ahoskie
202608252121599398,202608251925575845,202608251925573776,85,3359,Bronze INV,br_ReAssessmentLegal,TASK_COMPLETE,SUCCESS,INFO,661,661,0,,2026-08-25T19:26:03.177Z,2026-08-25T21:23:56.829Z,7073,2026-08-25T21:23:56.829Z,B12B,Colorado Springs,7eb7a049-5d17-4a23-bb2f-3b9c445afd32,SAMMS-ColoradoSpringsV5
202608252121599400,202608251925575846,202608251925573776,85,3360,Bronze INV,br_ReAssessmentLegal,TASK_COMPLETE,SUCCESS,INFO,828,828,0,,2026-08-25T19:26:03.177Z,2026-08-25T21:23:56.829Z,7073,2026-08-25T21:23:56.829Z,B24,Paintsville,7eb7a049-5d17-4a23-bb2f-3b9c445afd32,SAMMS-PaintsvilleV5
202608252121599401,202608251925575847,202608251925573776,85,3361,Bronze INV,br_ReAssessmentLegal,TASK_COMPLETE,SUCCESS,INFO,646,646,0,,2026-08-25T19:26:03.177Z,2026-08-25T21:23:56.829Z,7073,2026-08-25T21:23:56.829Z,B25,Pikeville,7eb7a049-5d17-4a23-bb2f-3b9c445afd32,SAMMS-PikevilleV5
202608252121599402,202608251925575848,202608251925573776,85,3362,Bronze INV,br_ReAssessmentLegal,TASK_COMPLETE,SUCCESS,INFO,971,971,0,,2026-08-25T19:26:03.177Z,2026-08-25T21:23:56.829Z,7073,2026-08-25T21:23:56.829Z,B26,Hazard,7eb7a049-5d17-4a23-bb2f-3b9c445afd32,SAMMS-HazardV5
202608252121599403,202608251925575849,202608251925573776,85,3363,Bronze INV,br_ReAssessmentLegal,TASK_COMPLETE,SUCCESS,INFO,530,530,0,,2026-08-25T19:26:03.177Z,2026-08-25T21:23:56.829Z,7073,2026-08-25T21:23:56.829Z,B27,Savannah,7eb7a049-5d17-4a23-bb2f-3b9c445afd32,SAMMS-SavannahV6
202608252121599404,202608251925575850,202608251925573776,85,3364,Bronze INV,br_ReAssessmentLegal,TASK_COMPLETE,SUCCESS,INFO,245,245,0,,2026-08-25T19:26:03.177Z,2026-08-25T21:23:56.829Z,7073,2026-08-25T21:23:56.829Z,B28,West Plains,7eb7a049-5d17-4a23-bb2f-3b9c445afd32,SAMMS-WestPlainesV5
202608252121599405,202608251925575851,202608251925573776,85,3365,Bronze INV,br_ReAssessmentLegal,TASK_COMPLETE,SUCCESS,INFO,460,460,0,,2026-08-25T19:26:03.177Z,2026-08-25T21:23:56.829Z,7073,2026-08-25T21:23:56.829Z,B29,Poplar Bluff,7eb7a049-5d17-4a23-bb2f-3b9c445afd32,SAMMS-PoplarBluffV5
202608252121599406,202608251925575852,202608251925573776,85,3366,Bronze INV,br_ReAssessmentLegal,TASK_COMPLETE,SUCCESS,INFO,77,77,0,,2026-08-25T19:26:03.177Z,2026-08-25T21:23:56.829Z,7073,2026-08-25T21:23:56.829Z,B30,KC North,7eb7a049-5d17-4a23-bb2f-3b9c445afd32,SAMMS-KCNv5
202608252121599408,202608251925575853,202608251925573776,85,3367,Bronze INV,br_ReAssessmentLegal,TASK_COMPLETE,SUCCESS,INFO,400,400,0,,2026-08-25T19:26:03.177Z,2026-08-25T21:23:56.829Z,7073,2026-08-25T21:23:56.829Z,B31,Dyersburg,7eb7a049-5d17-4a23-bb2f-3b9c445afd32,SAMMS-DyersburgV5
202608252121599409,202608251925575854,202608251925573776,85,3369,Bronze INV,br_ReAssessmentLegal,TASK_COMPLETE,SUCCESS,INFO,487,487,0,,2026-08-25T19:26:03.177Z,2026-08-25T21:23:56.829Z,7073,2026-08-25T21:23:56.829Z,B33,Paducah,7eb7a049-5d17-4a23-bb2f-3b9c445afd32,SAMMS-Paducah
202608252121599410,202608251925575855,202608251925573776,85,3370,Bronze INV,br_ReAssessmentLegal,TASK_COMPLETE,SUCCESS,INFO,385,385,0,,2026-08-25T19:26:03.177Z,2026-08-25T21:23:56.829Z,7073,2026-08-25T21:23:56.829Z,B34,Corbin,7eb7a049-5d17-4a23-bb2f-3b9c445afd32,SAMMS-CorbinV5
202608252121599411,202608251925575856,202608251925573776,85,3371,Bronze INV,br_ReAssessmentLegal,TASK_COMPLETE,SUCCESS,INFO,239,239,0,,2026-08-25T19:26:03.177Z,2026-08-25T21:23:56.829Z,7073,2026-08-25T21:23:56.829Z,B35,Lexington,7eb7a049-5d17-4a23-bb2f-3b9c445afd32,SAMMS-LexingtonV5
202608252121599412,202608251925575857,202608251925573776,85,3372,Bronze INV,br_ReAssessmentLegal,TASK_COMPLETE,SUCCESS,INFO,77,77,0,,2026-08-25T19:26:03.177Z,2026-08-25T21:23:56.829Z,7073,2026-08-25T21:23:56.829Z,B35A,Berea,7eb7a049-5d17-4a23-bb2f-3b9c445afd32,SAMMS-BereaV5
202608252121599413,202608251925575858,202608251925573776,85,3373,Bronze INV,br_ReAssessmentLegal,TASK_COMPLETE,SUCCESS,INFO,20,20,0,,2026-08-25T19:26:03.177Z,2026-08-25T21:23:56.829Z,7073,2026-08-25T21:23:56.829Z,B36,Asheville,7eb7a049-5d17-4a23-bb2f-3b9c445afd32,SAMMS-AshevilleV5
202608252121599415,202608251925575859,202608251925573776,85,3374,Bronze INV,br_ReAssessmentLegal,TASK_COMPLETE,SUCCESS,INFO,1,1,0,,2026-08-25T19:26:03.177Z,2026-08-25T21:23:56.829Z,7073,2026-08-25T21:23:56.829Z,B37,Clyde,7eb7a049-5d17-4a23-bb2f-3b9c445afd32,SAMMS-ClydeV5
202608252121599416,202608251925575860,202608251925573776,85,3375,Bronze INV,br_ReAssessmentLegal,TASK_COMPLETE,SUCCESS,INFO,1188,1188,0,,2026-08-25T19:26:03.177Z,2026-08-25T21:23:56.829Z,7073,2026-08-25T21:23:56.829Z,B38,Spartanburg,7eb7a049-5d17-4a23-bb2f-3b9c445afd32,SAMMS-SpartanburgV5
202608252121599417,202608251925575861,202608251925573776,85,3376,Bronze INV,br_ReAssessmentLegal,TASK_COMPLETE,SUCCESS,INFO,362,362,0,,2026-08-25T19:26:03.177Z,2026-08-25T21:23:56.829Z,7073,2026-08-25T21:23:56.829Z,B39,Aiken,7eb7a049-5d17-4a23-bb2f-3b9c445afd32,SAMMS-AikenV5
202608252121599418,202608251925575862,202608251925573776,85,3377,Bronze INV,br_ReAssessmentLegal,TASK_COMPLETE,SUCCESS,INFO,1887,1887,0,,2026-08-25T19:26:03.177Z,2026-08-25T21:23:56.829Z,7073,2026-08-25T21:23:56.829Z,B41,Chesapeake,7eb7a049-5d17-4a23-bb2f-3b9c445afd32,SAMMS-ChesapeakeV5
202608252121599419,202608251925575863,202608251925573776,85,3378,Bronze INV,br_ReAssessmentLegal,TASK_COMPLETE,SUCCESS,INFO,1912,1912,0,,2026-08-25T19:26:03.177Z,2026-08-25T21:23:56.829Z,7073,2026-08-25T21:23:56.829Z,B42,Virginia Beach,7eb7a049-5d17-4a23-bb2f-3b9c445afd32,SAMMS-VirginiaBeachV5
202608252121599420,202608251925575864,202608251925573776,85,3379,Bronze INV,br_ReAssessmentLegal,TASK_COMPLETE,SUCCESS,INFO,923,923,0,,2026-08-25T19:26:03.177Z,2026-08-25T21:23:56.829Z,7073,2026-08-25T21:23:56.829Z,B42A,Newport News,7eb7a049-5d17-4a23-bb2f-3b9c445afd32,SAMMS-NewportNewsV5
202608252121599422,202608251925575865,202608251925573776,85,3380,Bronze INV,br_ReAssessmentLegal,TASK_COMPLETE,SUCCESS,INFO,507,507,0,,2026-08-25T19:26:03.177Z,2026-08-25T21:23:56.829Z,7073,2026-08-25T21:23:56.829Z,B42B,Franklin,7eb7a049-5d17-4a23-bb2f-3b9c445afd32,SAMMS-FranklinV5
202608252121599423,202608251925575866,202608251925573776,85,3381,Bronze INV,br_ReAssessmentLegal,TASK_COMPLETE,SUCCESS,INFO,340,340,0,,2026-08-25T19:26:03.177Z,2026-08-25T21:23:56.829Z,7073,2026-08-25T21:23:56.829Z,B42C,Glen Allen,7eb7a049-5d17-4a23-bb2f-3b9c445afd32,SAMMS-GlenAllenV5
202608252121599424,202608251925575867,202608251925573776,85,3382,Bronze INV,br_ReAssessmentLegal,TASK_COMPLETE,SUCCESS,INFO,1479,1479,0,,2026-08-25T19:26:03.177Z,2026-08-25T21:23:56.829Z,7073,2026-08-25T21:23:56.829Z,B42D,Chesapeake South,7eb7a049-5d17-4a23-bb2f-3b9c445afd32,SAMMS-ChesapeakeSouthV5
202608252121599425,202608251925575868,202608251925573776,85,3383,Bronze INV,br_ReAssessmentLegal,TASK_COMPLETE,SUCCESS,INFO,633,633,0,,2026-08-25T19:26:03.177Z,2026-08-25T21:23:56.829Z,7073,2026-08-25T21:23:56.829Z,B44,Albany,7eb7a049-5d17-4a23-bb2f-3b9c445afd32,SAMMS-AlbanyV5
202608252121599426,202608251925575869,202608251925573776,85,3384,Bronze INV,br_ReAssessmentLegal,TASK_COMPLETE,SUCCESS,INFO,1267,1267,0,,2026-08-25T19:26:03.177Z,2026-08-25T21:23:56.829Z,7073,2026-08-25T21:23:56.829Z,B45,Tifton,7eb7a049-5d17-4a23-bb2f-3b9c445afd32,SAMMS-TiftonV5
202608252121599427,202608251925575870,202608251925573776,85,3385,Bronze INV,br_ReAssessmentLegal,TASK_COMPLETE,SUCCESS,INFO,588,588,0,,2026-08-25T19:26:03.177Z,2026-08-25T21:23:56.829Z,7073,2026-08-25T21:23:56.829Z,B46,Washington DC,7eb7a049-5d17-4a23-bb2f-3b9c445afd32,SAMMS-WashingtonDCv5
202608252121599429,202608251925575871,202608251925573776,85,3386,Bronze INV,br_ReAssessmentLegal,TASK_COMPLETE,SUCCESS,INFO,1557,1557,0,,2026-08-25T19:26:03.177Z,2026-08-25T21:23:56.829Z,7073,2026-08-25T21:23:56.829Z,B47,Mobile,7eb7a049-5d17-4a23-bb2f-3b9c445afd32,SAMMS-MobileV5
202608252121599430,202608251925575872,202608251925573776,85,3387,Bronze INV,br_ReAssessmentLegal,TASK_COMPLETE,SUCCESS,INFO,1296,1296,0,,2026-08-25T19:26:03.177Z,2026-08-25T21:23:56.829Z,7073,2026-08-25T21:23:56.829Z,B48,Tuscaloosa,7eb7a049-5d17-4a23-bb2f-3b9c445afd32,SAMMS-TuscaloosaV5
202608252121599431,202608251925575873,202608251925573776,85,3396,Bronze INV,br_ReAssessmentLegal,TASK_COMPLETE,SUCCESS,INFO,2,2,0,,2026-08-25T19:26:03.177Z,2026-08-25T21:23:56.829Z,7073,2026-08-25T21:23:56.829Z,B51,N. Little Rock (OTP),7eb7a049-5d17-4a23-bb2f-3b9c445afd32,SAMMS-NorthLittleRockV6
202608252121599432,202608251925575874,202608251925573776,85,3397,Bronze INV,br_ReAssessmentLegal,TASK_COMPLETE,SUCCESS,INFO,454,454,0,,2026-08-25T19:26:03.177Z,2026-08-25T21:23:56.829Z,7073,2026-08-25T21:23:56.829Z,B52,Jackson GA,7eb7a049-5d17-4a23-bb2f-3b9c445afd32,SAMMS-JacksonGAV5
202608252121599433,202608251925575875,202608251925573776,85,3398,Bronze INV,br_ReAssessmentLegal,TASK_COMPLETE,SUCCESS,INFO,1702,1702,0,,2026-08-25T19:26:03.177Z,2026-08-25T21:23:56.829Z,7073,2026-08-25T21:23:56.829Z,B54,Gadsden,7eb7a049-5d17-4a23-bb2f-3b9c445afd32,SAMMS-GadsdenV5
202608252121599434,202608251925575876,202608251925573776,85,3399,Bronze INV,br_ReAssessmentLegal,TASK_COMPLETE,SUCCESS,INFO,946,946,0,,2026-08-25T19:26:03.177Z,2026-08-25T21:23:56.829Z,7073,2026-08-25T21:23:56.829Z,B55,Shoals,7eb7a049-5d17-4a23-bb2f-3b9c445afd32,SAMMS-ShoalsV5
202608252121599435,202608251925575877,202608251925573776,85,3400,Bronze INV,br_ReAssessmentLegal,TASK_COMPLETE,SUCCESS,INFO,294,294,0,,2026-08-25T19:26:03.177Z,2026-08-25T21:23:56.829Z,7073,2026-08-25T21:23:56.829Z,B57,Pawtucket,7eb7a049-5d17-4a23-bb2f-3b9c445afd32,SAMMS-Pawtucket
202608252121599437,202608251925575878,202608251925573776,85,3401,Bronze INV,br_ReAssessmentLegal,TASK_COMPLETE,SUCCESS,INFO,550,550,0,,2026-08-25T19:26:03.177Z,2026-08-25T21:23:56.829Z,7073,2026-08-25T21:23:56.829Z,B57A,Johnston,7eb7a049-5d17-4a23-bb2f-3b9c445afd32,SAMMS-Johnston
202608252121599438,202608251925575879,202608251925573776,85,3402,Bronze INV,br_ReAssessmentLegal,TASK_COMPLETE,SUCCESS,INFO,164,164,0,,2026-08-25T19:26:03.177Z,2026-08-25T21:23:56.829Z,7073,2026-08-25T21:23:56.829Z,B57B,Middletown,7eb7a049-5d17-4a23-bb2f-3b9c445afd32,SAMMS-Middletown
202608252121599439,202608251925575880,202608251925573776,85,3403,Bronze INV,br_ReAssessmentLegal,TASK_COMPLETE,SUCCESS,INFO,411,411,0,,2026-08-25T19:26:03.177Z,2026-08-25T21:23:56.829Z,7073,2026-08-25T21:23:56.829Z,B57C,Providence,7eb7a049-5d17-4a23-bb2f-3b9c445afd32,SAMMS-Providence
202608252121599440,202608251925575881,202608251925573776,85,3404,Bronze INV,br_ReAssessmentLegal,TASK_COMPLETE,SUCCESS,INFO,622,622,0,,2026-08-25T19:26:03.177Z,2026-08-25T21:23:56.829Z,7073,2026-08-25T21:23:56.829Z,B57D,Westerly,7eb7a049-5d17-4a23-bb2f-3b9c445afd32,SAMMS-Westerly
202608252121599441,202608251925575882,202608251925573776,85,3408,Bronze INV,br_ReAssessmentLegal,TASK_COMPLETE,SUCCESS,INFO,4,4,0,,2026-08-25T19:26:03.177Z,2026-08-25T21:23:56.829Z,7073,2026-08-25T21:23:56.829Z,B66A,Bremen,7eb7a049-5d17-4a23-bb2f-3b9c445afd32,SAMMS-Bremen
202608252121599442,202608251925575883,202608251925573776,85,3411,Bronze INV,br_ReAssessmentLegal,TASK_COMPLETE,SUCCESS,INFO,0,0,0,,2026-08-25T19:26:03.177Z,2026-08-25T21:23:56.829Z,7073,2026-08-25T21:23:56.829Z,B72,Mobile (OBOT),7eb7a049-5d17-4a23-bb2f-3b9c445afd32,SAMMS-Mobile-OBOT
202608252121599444,202608251925575884,202608251925573776,85,3412,Bronze INV,br_ReAssessmentLegal,TASK_COMPLETE,SUCCESS,INFO,0,0,0,,2026-08-25T19:26:03.177Z,2026-08-25T21:23:56.829Z,7073,2026-08-25T21:23:56.829Z,B73,Montgomery,7eb7a049-5d17-4a23-bb2f-3b9c445afd32,SAMMS-Montgomery
202608252121599445,202608251925575885,202608251925573776,85,3413,Bronze INV,br_ReAssessmentLegal,TASK_COMPLETE,SUCCESS,INFO,516,516,0,,2026-08-25T19:26:03.177Z,2026-08-25T21:23:56.829Z,7073,2026-08-25T21:23:56.829Z,B75,Lawrence,7eb7a049-5d17-4a23-bb2f-3b9c445afd32,SAMMS-LawrenceV6
202608252121599446,202608251925575886,202608251925573776,85,3414,Bronze INV,br_ReAssessmentLegal,TASK_COMPLETE,SUCCESS,INFO,0,0,0,,2026-08-25T19:26:03.177Z,2026-08-25T21:23:56.829Z,7073,2026-08-25T21:23:56.829Z,B76,Huntsville OBOT,7eb7a049-5d17-4a23-bb2f-3b9c445afd32,SAMMS-Huntsville-OBOT
202608252121599447,202608251925575887,202608251925573776,85,3415,Bronze INV,br_ReAssessmentLegal,TASK_COMPLETE,SUCCESS,INFO,0,0,0,,2026-08-25T19:26:03.177Z,2026-08-25T21:23:56.829Z,7073,2026-08-25T21:23:56.829Z,BAT,Batesville,7eb7a049-5d17-4a23-bb2f-3b9c445afd32,SAMMS-Batesville
202608252121599448,202608251925575888,202608251925573776,85,3416,Bronze INV,br_ReAssessmentLegal,TASK_COMPLETE,SUCCESS,INFO,460,460,0,,2026-08-25T19:26:03.177Z,2026-08-25T21:23:56.829Z,7073,2026-08-25T21:23:56.829Z,BG,Bowling Green,7eb7a049-5d17-4a23-bb2f-3b9c445afd32,SAMMS-BowlingGreen
202608252121599449,202608251925575889,202608251925573776,85,3417,Bronze INV,br_ReAssessmentLegal,TASK_COMPLETE,SUCCESS,INFO,180,180,0,,2026-08-25T19:26:03.177Z,2026-08-25T21:23:56.829Z,7073,2026-08-25T21:23:56.829Z,BOI,Boise,7eb7a049-5d17-4a23-bb2f-3b9c445afd32,SAMMS-Boise
202608252121599451,202608251925575890,202608251925573776,85,3424,Bronze INV,br_ReAssessmentLegal,TASK_COMPLETE,SUCCESS,INFO,51,51,0,,2026-08-25T19:26:03.177Z,2026-08-25T21:23:56.829Z,7073,2026-08-25T21:23:56.829Z,CBCO,Coeur dAlene,7eb7a049-5d17-4a23-bb2f-3b9c445afd32,SAMMS-CoeurdAleneV6
202608252121599452,202608251925575891,202608251925573776,85,3443,Bronze INV,br_ReAssessmentLegal,TASK_COMPLETE,SUCCESS,INFO,0,0,0,,2026-08-25T19:26:03.177Z,2026-08-25T21:23:56.829Z,7073,2026-08-25T21:23:56.829Z,CON,Conway,7eb7a049-5d17-4a23-bb2f-3b9c445afd32,SAMMS-Conway
202608252121599453,202608251925575892,202608251925573776,85,3444,Bronze INV,br_ReAssessmentLegal,TASK_COMPLETE,SUCCESS,INFO,2568,2568,0,,2026-08-25T19:26:03.177Z,2026-08-25T21:23:56.829Z,7073,2026-08-25T21:23:56.829Z,D07,Medical Services Knox TN,7eb7a049-5d17-4a23-bb2f-3b9c445afd32,SAMMS-KnoxvilleV6
202608252121599454,202608251925575893,202608251925573776,85,3445,Bronze INV,br_ReAssessmentLegal,TASK_COMPLETE,SUCCESS,INFO,111,111,0,,2026-08-25T19:26:03.177Z,2026-08-25T21:23:56.829Z,7073,2026-08-25T21:23:56.829Z,D08,Madison,7eb7a049-5d17-4a23-bb2f-3b9c445afd32,SAMMS-MadisonV6
202608252121599455,202608251925575894,202608251925573776,85,3447,Bronze INV,br_ReAssessmentLegal,TASK_COMPLETE,SUCCESS,INFO,117,117,0,,2026-08-25T19:26:03.177Z,2026-08-25T21:23:56.829Z,7073,2026-08-25T21:23:56.829Z,D09,Murfreesboro,7eb7a049-5d17-4a23-bb2f-3b9c445afd32,SAMMS-MurfreesboroV6
202608252121599457,202608251925575895,202608251925573776,85,3448,Bronze INV,br_ReAssessmentLegal,TASK_COMPLETE,SUCCESS,INFO,335,335,0,,2026-08-25T19:26:03.177Z,2026-08-25T21:23:56.829Z,7073,2026-08-25T21:23:56.829Z,DA,Davenport,7eb7a049-5d17-4a23-bb2f-3b9c445afd32,SAMMS-Davenport
202608252121599458,202608251925575896,202608251925573776,85,3449,Bronze INV,br_ReAssessmentLegal,TASK_COMPLETE,SUCCESS,INFO,287,287,0,,2026-08-25T19:26:03.177Z,2026-08-25T21:23:56.829Z,7073,2026-08-25T21:23:56.829Z,DM,Des Moines,7eb7a049-5d17-4a23-bb2f-3b9c445afd32,SAMMS-DesMoines
202608252121599459,202608251925575897,202608251925573776,85,3451,Bronze INV,br_ReAssessmentLegal,TASK_COMPLETE,SUCCESS,INFO,529,529,0,,2026-08-25T19:26:03.177Z,2026-08-25T21:23:56.829Z,7073,2026-08-25T21:23:56.829Z,DRD-CO,Columbia MO,7eb7a049-5d17-4a23-bb2f-3b9c445afd32,SAMMS-ColumbiaV5
202608252121599460,202608251925575898,202608251925573776,85,3452,Bronze INV,br_ReAssessmentLegal,TASK_COMPLETE,SUCCESS,INFO,346,346,0,,2026-08-25T19:26:03.177Z,2026-08-25T21:23:56.829Z,7073,2026-08-25T21:23:56.829Z,DRD-KC,KC,7eb7a049-5d17-4a23-bb2f-3b9c445afd32,SAMMS-KCv5
202608252121599461,202608251925575899,202608251925573776,85,3453,Bronze INV,br_ReAssessmentLegal,TASK_COMPLETE,SUCCESS,INFO,1551,1551,0,,2026-08-25T19:26:03.177Z,2026-08-25T21:23:56.829Z,7073,2026-08-25T21:23:56.829Z,DRD-KVB,KVB,7eb7a049-5d17-4a23-bb2f-3b9c445afd32,SAMMS-KVBv5
202608252121599462,202608251925575900,202608251925573776,85,3454,Bronze INV,br_ReAssessmentLegal,TASK_COMPLETE,SUCCESS,INFO,1672,1672,0,,2026-08-25T19:26:03.177Z,2026-08-25T21:23:56.829Z,7073,2026-08-25T21:23:56.829Z,DRD-KVC,KVC,7eb7a049-5d17-4a23-bb2f-3b9c445afd32,SAMMS-KVCv5
202608252121599463,202608251925575901,202608251925573776,85,3455,Bronze INV,br_ReAssessmentLegal,TASK_COMPLETE,SUCCESS,INFO,3202,3202,0,,2026-08-25T19:26:03.177Z,2026-08-25T21:23:56.829Z,7073,2026-08-25T21:23:56.829Z,DRD-NOLA,NOLA,7eb7a049-5d17-4a23-bb2f-3b9c445afd32,SAMMS-NOLAv5
202608252121599465,202608251925575902,202608251925573776,85,3456,Bronze INV,br_ReAssessmentLegal,TASK_COMPLETE,SUCCESS,INFO,798,798,0,,2026-08-25T19:26:03.177Z,2026-08-25T21:23:56.829Z,7073,2026-08-25T21:23:56.829Z,DRD-SF,Springfield,7eb7a049-5d17-4a23-bb2f-3b9c445afd32,SAMMS-SFv5
202608252121599466,202608251925575903,202608251925573776,85,3458,Bronze INV,br_ReAssessmentLegal,TASK_COMPLETE,SUCCESS,INFO,260,260,0,,2026-08-25T19:26:03.177Z,2026-08-25T21:23:56.829Z,7073,2026-08-25T21:23:56.829Z,ELC,Elizabeth City,7eb7a049-5d17-4a23-bb2f-3b9c445afd32,SAMMS-ElizabethCity
202608252121599467,202608251925575904,202608251925573776,85,3459,Bronze INV,br_ReAssessmentLegal,TASK_COMPLETE,SUCCESS,INFO,128,128,0,,2026-08-25T19:26:03.177Z,2026-08-25T21:23:56.829Z,7073,2026-08-25T21:23:56.829Z,ET,Elizabethtown,7eb7a049-5d17-4a23-bb2f-3b9c445afd32,SAMMS-Elizabethtown
202608252121599468,202608251925575905,202608251925573776,85,3460,Bronze INV,br_ReAssessmentLegal,TASK_COMPLETE,SUCCESS,INFO,0,0,0,,2026-08-25T19:26:03.177Z,2026-08-25T21:23:56.829Z,7073,2026-08-25T21:23:56.829Z,FAY,Fayetteville,7eb7a049-5d17-4a23-bb2f-3b9c445afd32,SAMMS-Fayetteville
202608252121599469,202608251925575906,202608251925573776,85,3461,Bronze INV,br_ReAssessmentLegal,TASK_COMPLETE,SUCCESS,INFO,156,156,0,,2026-08-25T19:26:03.177Z,2026-08-25T21:23:56.829Z,7073,2026-08-25T21:23:56.829Z,FR,Frankfort,7eb7a049-5d17-4a23-bb2f-3b9c445afd32,SAMMS-Frankfort
202608252121599470,202608251925575907,202608251925573776,85,3462,Bronze INV,br_ReAssessmentLegal,TASK_COMPLETE,SUCCESS,INFO,0,0,0,,2026-08-25T19:26:03.177Z,2026-08-25T21:23:56.829Z,7073,2026-08-25T21:23:56.829Z,FS,Fort Smith,7eb7a049-5d17-4a23-bb2f-3b9c445afd32,SAMMS-FortSmith
202608252121599472,202608251925575908,202608251925573776,85,3463,Bronze INV,br_ReAssessmentLegal,TASK_COMPLETE,SUCCESS,INFO,466,466,0,,2026-08-25T19:26:03.177Z,2026-08-25T21:23:56.829Z,7073,2026-08-25T21:23:56.829Z,FW,Fort Wayne,7eb7a049-5d17-4a23-bb2f-3b9c445afd32,SAMMS-FortWayne
202608252121599473,202608251925575909,202608251925573776,85,3464,Bronze INV,br_ReAssessmentLegal,TASK_COMPLETE,SUCCESS,INFO,273,273,0,,2026-08-25T19:26:03.177Z,2026-08-25T21:23:56.829Z,7073,2026-08-25T21:23:56.829Z,GAL,Gaylord,7eb7a049-5d17-4a23-bb2f-3b9c445afd32,SAMMS-Gaylord
202608252121599474,202608251925575910,202608251925573776,85,3468,Bronze INV,br_ReAssessmentLegal,TASK_COMPLETE,SUCCESS,INFO,100,100,0,,2026-08-25T19:26:03.177Z,2026-08-25T21:23:56.829Z,7073,2026-08-25T21:23:56.829Z,HGT,Hagerstown,7eb7a049-5d17-4a23-bb2f-3b9c445afd32,SAMMS-Hagerstown
202608252121599475,202608251925575911,202608251925573776,85,3469,Bronze INV,br_ReAssessmentLegal,TASK_COMPLETE,SUCCESS,INFO,1723,1723,0,,2026-08-25T19:26:03.177Z,2026-08-25T21:23:56.829Z,7073,2026-08-25T21:23:56.829Z,HNT,Huntsville,7eb7a049-5d17-4a23-bb2f-3b9c445afd32,SAMMS-Huntsville
202608252121599476,202608251925575912,202608251925573776,85,3470,Bronze INV,br_ReAssessmentLegal,TASK_COMPLETE,SUCCESS,INFO,0,0,0,,2026-08-25T19:26:03.177Z,2026-08-25T21:23:56.829Z,7073,2026-08-25T21:23:56.829Z,HS,Hot Springs,7eb7a049-5d17-4a23-bb2f-3b9c445afd32,SAMMS-HotSprings
202608252121599477,202608251925575913,202608251925573776,85,3471,Bronze INV,br_ReAssessmentLegal,TASK_COMPLETE,SUCCESS,INFO,0,0,0,,2026-08-25T19:26:03.177Z,2026-08-25T21:23:56.829Z,7073,2026-08-25T21:23:56.829Z,JON,Jonesboro,7eb7a049-5d17-4a23-bb2f-3b9c445afd32,SAMMS-Jonesboro
202608252121599479,202608251925575914,202608251925573776,85,3473,Bronze INV,br_ReAssessmentLegal,TASK_COMPLETE,SUCCESS,INFO,445,445,0,,2026-08-25T19:26:03.177Z,2026-08-25T21:23:56.829Z,7073,2026-08-25T21:23:56.829Z,LAN,Lansing,7eb7a049-5d17-4a23-bb2f-3b9c445afd32,SAMMS-Lansing
202608252121599480,202608251925575915,202608251925573776,85,3474,Bronze INV,br_ReAssessmentLegal,TASK_COMPLETE,SUCCESS,INFO,1286,1286,0,,2026-08-25T19:26:03.177Z,2026-08-25T21:23:56.829Z,7073,2026-08-25T21:23:56.829Z,LO,Louisville,7eb7a049-5d17-4a23-bb2f-3b9c445afd32,SAMMS-Louisville
202608252121599481,202608251925575916,202608251925573776,85,3475,Bronze INV,br_ReAssessmentLegal,TASK_COMPLETE,SUCCESS,INFO,291,291,0,,2026-08-25T19:26:03.177Z,2026-08-25T21:23:56.829Z,7073,2026-08-25T21:23:56.829Z,LV1,Cheyenne,7eb7a049-5d17-4a23-bb2f-3b9c445afd32,SAMMS-Cheyenne
202608252121599482,202608251925575917,202608251925573776,85,3476,Bronze INV,br_ReAssessmentLegal,TASK_COMPLETE,SUCCESS,INFO,204,204,0,,2026-08-25T19:26:03.177Z,2026-08-25T21:23:56.829Z,7073,2026-08-25T21:23:56.829Z,LV2,Desert Inn,7eb7a049-5d17-4a23-bb2f-3b9c445afd32,SAMMS-DesertInn
202608252121599483,202608251925575918,202608251925573776,85,3477,Bronze INV,br_ReAssessmentLegal,TASK_COMPLETE,SUCCESS,INFO,109,109,0,,2026-08-25T19:26:03.177Z,2026-08-25T21:23:56.829Z,7073,2026-08-25T21:23:56.829Z,LV3,McDaniel,7eb7a049-5d17-4a23-bb2f-3b9c445afd32,SAMMS-McDaniel
202608252121599484,202608251925575919,202608251925573776,85,3480,Bronze INV,br_ReAssessmentLegal,TASK_COMPLETE,SUCCESS,INFO,358,358,0,,2026-08-25T19:26:03.177Z,2026-08-25T21:23:56.829Z,7073,2026-08-25T21:23:56.829Z,MNRE,Monroe,7eb7a049-5d17-4a23-bb2f-3b9c445afd32,SAMMS-Monroe
202608252121599486,202608251925575920,202608251925573776,85,3481,Bronze INV,br_ReAssessmentLegal,TASK_COMPLETE,SUCCESS,INFO,1420,1420,0,,2026-08-25T19:26:03.177Z,2026-08-25T21:23:56.829Z,7073,2026-08-25T21:23:56.829Z,MP,Mt. Pleasant,7eb7a049-5d17-4a23-bb2f-3b9c445afd32,SAMMS-MtPleasant
202608252121599487,202608251925575921,202608251925573776,85,3482,Bronze INV,br_ReAssessmentLegal,TASK_COMPLETE,SUCCESS,INFO,153,153,0,,2026-08-25T19:26:03.177Z,2026-08-25T21:23:56.829Z,7073,2026-08-25T21:23:56.829Z,MRD,Meridian,7eb7a049-5d17-4a23-bb2f-3b9c445afd32,SAMMS-Meridian
202608252121599488,202608251925575922,202608251925573776,85,3487,Bronze INV,br_ReAssessmentLegal,TASK_COMPLETE,SUCCESS,INFO,693,693,0,,2026-08-25T19:26:03.177Z,2026-08-25T21:23:56.829Z,7073,2026-08-25T21:23:56.829Z,NC,North Charleston,7eb7a049-5d17-4a23-bb2f-3b9c445afd32,SAMMS-NorthCharleston
202608252121599489,202608251925575923,202608251925573776,85,3488,Bronze INV,br_ReAssessmentLegal,TASK_COMPLETE,SUCCESS,INFO,0,0,0,,2026-08-25T19:26:03.177Z,2026-08-25T21:23:56.829Z,7073,2026-08-25T21:23:56.829Z,NLR,N. Little Rock,7eb7a049-5d17-4a23-bb2f-3b9c445afd32,SAMMS-NLROBOT
202608252121599490,202608251925575924,202608251925573776,85,3489,Bronze INV,br_ReAssessmentLegal,TASK_COMPLETE,SUCCESS,INFO,111,111,0,,2026-08-25T19:26:03.177Z,2026-08-25T21:23:56.829Z,7073,2026-08-25T21:23:56.829Z,PH,Phoenix,7eb7a049-5d17-4a23-bb2f-3b9c445afd32,SAMMS-Phoenix
202608252121599491,202608251925575925,202608251925573776,85,3493,Bronze INV,br_ReAssessmentLegal,TASK_COMPLETE,SUCCESS,INFO,212,212,0,,2026-08-25T19:26:03.177Z,2026-08-25T21:23:56.829Z,7073,2026-08-25T21:23:56.829Z,RE,Reno,7eb7a049-5d17-4a23-bb2f-3b9c445afd32,SAMMS-Reno
202608252121599493,202608251925575926,202608251925573776,85,3494,Bronze INV,br_ReAssessmentLegal,TASK_COMPLETE,SUCCESS,INFO,88,88,0,,2026-08-25T19:26:03.177Z,2026-08-25T21:23:56.829Z,7073,2026-08-25T21:23:56.829Z,RMD,Richmond,7eb7a049-5d17-4a23-bb2f-3b9c445afd32,SAMMS-Richmond
202608252121599494,202608251925575927,202608251925573776,85,3495,Bronze INV,br_ReAssessmentLegal,TASK_COMPLETE,SUCCESS,INFO,588,588,0,,2026-08-25T19:26:03.177Z,2026-08-25T21:23:56.829Z,7073,2026-08-25T21:23:56.829Z,SFN,Springfield North,7eb7a049-5d17-4a23-bb2f-3b9c445afd32,SAMMS-SFNv5
202608252121599495,202608251925575928,202608251925573776,85,3496,Bronze INV,br_ReAssessmentLegal,TASK_COMPLETE,SUCCESS,INFO,763,763,0,,2026-08-25T19:26:03.177Z,2026-08-25T21:23:56.829Z,7073,2026-08-25T21:23:56.829Z,SHP,Shreveport,7eb7a049-5d17-4a23-bb2f-3b9c445afd32,SAMMS-Shreveport
202608252121599496,202608251925575929,202608251925573776,85,3498,Bronze INV,br_ReAssessmentLegal,TASK_COMPLETE,SUCCESS,INFO,481,481,0,,2026-08-25T19:26:03.177Z,2026-08-25T21:23:56.829Z,7073,2026-08-25T21:23:56.829Z,STN,Staunton,7eb7a049-5d17-4a23-bb2f-3b9c445afd32,SAMMS-Staunton
202608252121599497,202608251925575930,202608251925573776,85,3499,Bronze INV,br_ReAssessmentLegal,TASK_COMPLETE,SUCCESS,INFO,224,224,0,,2026-08-25T19:26:03.177Z,2026-08-25T21:23:56.829Z,7073,2026-08-25T21:23:56.829Z,STVN,Stevenson,7eb7a049-5d17-4a23-bb2f-3b9c445afd32,SAMMS-Stevenson
202608252121599498,202608251925575931,202608251925573776,85,3501,Bronze INV,br_ReAssessmentLegal,TASK_COMPLETE,SUCCESS,INFO,173,173,0,,2026-08-25T19:26:03.177Z,2026-08-25T21:23:56.829Z,7073,2026-08-25T21:23:56.829Z,TE,Tempe,7eb7a049-5d17-4a23-bb2f-3b9c445afd32,SAMMS-Tempe
202608252121599500,202608251925575932,202608251925573776,85,3502,Bronze INV,br_ReAssessmentLegal,TASK_COMPLETE,SUCCESS,INFO,0,0,0,,2026-08-25T19:26:03.177Z,2026-08-25T21:23:56.829Z,7073,2026-08-25T21:23:56.829Z,TEX,Texarkana,7eb7a049-5d17-4a23-bb2f-3b9c445afd32,SAMMS-Texarkana
202608252121599501,202608251925575933,202608251925573776,85,3503,Bronze INV,br_ReAssessmentLegal,TASK_COMPLETE,SUCCESS,INFO,1068,1068,0,,2026-08-25T19:26:03.177Z,2026-08-25T21:23:56.829Z,7073,2026-08-25T21:23:56.829Z,TTCA,Bessemer,7eb7a049-5d17-4a23-bb2f-3b9c445afd32,SAMMS-BessemerV5
202608252121599502,202608251925575934,202608251925573776,85,3504,Bronze INV,br_ReAssessmentLegal,TASK_COMPLETE,SUCCESS,INFO,1315,1315,0,,2026-08-25T19:26:03.177Z,2026-08-25T21:23:56.829Z,7073,2026-08-25T21:23:56.829Z,TTCB,Cullman,7eb7a049-5d17-4a23-bb2f-3b9c445afd32,SAMMS-CullmanV5
202608252121599503,202608251925575935,202608251925573776,85,3505,Bronze INV,br_ReAssessmentLegal,TASK_COMPLETE,SUCCESS,INFO,938,938,0,,2026-08-25T19:26:03.177Z,2026-08-25T21:23:56.829Z,7073,2026-08-25T21:23:56.829Z,TTCC,Grand Bay,7eb7a049-5d17-4a23-bb2f-3b9c445afd32,SAMMS-GrandBay
202608252121599504,202608251925575936,202608251925573776,85,3506,Bronze INV,br_ReAssessmentLegal,TASK_COMPLETE,SUCCESS,INFO,15,15,0,,2026-08-25T19:26:03.177Z,2026-08-25T21:23:56.829Z,7073,2026-08-25T21:23:56.829Z,TU,Tucson,7eb7a049-5d17-4a23-bb2f-3b9c445afd32,SAMMS-Tucson
202608252121599505,202608251925575937,202608251925573776,85,3508,Bronze INV,br_ReAssessmentLegal,TASK_COMPLETE,SUCCESS,INFO,660,660,0,,2026-08-25T19:26:03.177Z,2026-08-25T21:23:56.829Z,7073,2026-08-25T21:23:56.829Z,V1,Memphis South,7eb7a049-5d17-4a23-bb2f-3b9c445afd32,SAMMS-VCPHCS-I-MemphisV5
202608252121599506,202608251925575938,202608251925573776,85,3509,Bronze INV,br_ReAssessmentLegal,TASK_COMPLETE,SUCCESS,INFO,1625,1625,0,,2026-08-25T19:26:03.177Z,2026-08-25T21:23:56.829Z,7073,2026-08-25T21:23:56.829Z,V10,Longmont,7eb7a049-5d17-4a23-bb2f-3b9c445afd32,SAMMS-BoulderV5
202608252121599508,202608251925575939,202608251925573776,85,3510,Bronze INV,br_ReAssessmentLegal,TASK_COMPLETE,SUCCESS,INFO,1511,1511,0,,2026-08-25T19:26:03.177Z,2026-08-25T21:23:56.829Z,7073,2026-08-25T21:23:56.829Z,V10A,Fort Collins,7eb7a049-5d17-4a23-bb2f-3b9c445afd32,SAMMS-FortCollinsV5
202608252121599509,202608251925575940,202608251925573776,85,3511,Bronze INV,br_ReAssessmentLegal,TASK_COMPLETE,SUCCESS,INFO,2862,2862,0,,2026-08-25T19:26:03.177Z,2026-08-25T21:23:56.829Z,7073,2026-08-25T21:23:56.829Z,V11,Westminster,7eb7a049-5d17-4a23-bb2f-3b9c445afd32,SAMMS-VCPHCS-XI-NorthDenverV5
202608252121599510,202608251925575941,202608251925573776,85,3512,Bronze INV,br_ReAssessmentLegal,TASK_COMPLETE,SUCCESS,INFO,3027,3027,0,,2026-08-25T19:26:03.177Z,2026-08-25T21:23:56.829Z,7073,2026-08-25T21:23:56.829Z,V12,Downtown Denver,7eb7a049-5d17-4a23-bb2f-3b9c445afd32,SAMMS-VCPHCS-XII-DowntownDenverV5
202608252121599511,202608251925575942,202608251925573776,85,3513,Bronze INV,br_ReAssessmentLegal,TASK_COMPLETE,SUCCESS,INFO,1132,1132,0,,2026-08-25T19:26:03.177Z,2026-08-25T21:23:56.829Z,7073,2026-08-25T21:23:56.829Z,V12A,Centennial,7eb7a049-5d17-4a23-bb2f-3b9c445afd32,SAMMS-CentennialV5
202608252121599512,202608251925575943,202608251925573776,85,3514,Bronze INV,br_ReAssessmentLegal,TASK_COMPLETE,SUCCESS,INFO,293,293,0,,2026-08-25T19:26:03.177Z,2026-08-25T21:23:56.829Z,7073,2026-08-25T21:23:56.829Z,V14,Overland Park,7eb7a049-5d17-4a23-bb2f-3b9c445afd32,SAMMS-VCPHCS-XIV-BridgewayV5
202608252121599513,202608251925575944,202608251925573776,85,3515,Bronze INV,br_ReAssessmentLegal,TASK_COMPLETE,SUCCESS,INFO,608,608,0,,2026-08-25T19:26:03.177Z,2026-08-25T21:23:56.829Z,7073,2026-08-25T21:23:56.829Z,V15,Joplin,7eb7a049-5d17-4a23-bb2f-3b9c445afd32,SAMMS-JoplinV5
202608232214225264,202608232010370338,202608232010368283,85,3335,Bronze INV,br_ReAssessmentFamily,TASK_COMPLETE,SUCCESS,INFO,533,533,0,,2026-08-23T20:10:41.468Z,2026-08-23T22:16:21.732Z,7540,2026-08-23T22:16:21.732Z,V19,Jackson,955211d4-28b8-44a0-8023-2bfaa48d6721,SAMMS-JacksonV5
202608232214225265,202608232010370339,202608232010368283,85,3337,Bronze INV,br_ReAssessmentFamily,TASK_COMPLETE,SUCCESS,INFO,1768,1768,0,,2026-08-23T20:10:41.468Z,2026-08-23T22:16:21.732Z,7540,2026-08-23T22:16:21.732Z,V20,Paris,955211d4-28b8-44a0-8023-2bfaa48d6721,SAMMS-ParisV5
202608232214225267,202608232010370340,202608232010368283,85,3338,Bronze INV,br_ReAssessmentFamily,TASK_COMPLETE,SUCCESS,INFO,723,723,0,,2026-08-23T20:10:41.468Z,2026-08-23T22:16:21.732Z,7540,2026-08-23T22:16:21.732Z,V21,Memphis North,955211d4-28b8-44a0-8023-2bfaa48d6721,SAMMS-RaleighV5
202608232214225268,202608232010370341,202608232010368283,85,3341,Bronze INV,br_ReAssessmentFamily,TASK_COMPLETE,SUCCESS,INFO,1780,1780,0,,2026-08-23T20:10:41.468Z,2026-08-23T22:16:21.732Z,7540,2026-08-23T22:16:21.732Z,V5,West Bank,955211d4-28b8-44a0-8023-2bfaa48d6721,SAMMS-NONTCv5
202608232214225269,202608232010370342,202608232010368283,85,3343,Bronze INV,br_ReAssessmentFamily,TASK_COMPLETE,SUCCESS,INFO,144,144,0,,2026-08-23T20:10:41.468Z,2026-08-23T22:16:21.732Z,7540,2026-08-23T22:16:21.732Z,V5B,Houma,955211d4-28b8-44a0-8023-2bfaa48d6721,SAMMS-HoumaV6
202608232214225270,202608232010370343,202608232010368283,85,3344,Bronze INV,br_ReAssessmentFamily,TASK_COMPLETE,SUCCESS,INFO,1910,1910,0,,2026-08-23T20:10:41.468Z,2026-08-23T22:16:21.732Z,7540,2026-08-23T22:16:21.732Z,V6,Lake Charles,955211d4-28b8-44a0-8023-2bfaa48d6721,SAMMS-LCv5
202608232214225271,202608232010370344,202608232010368283,85,3346,Bronze INV,br_ReAssessmentFamily,TASK_COMPLETE,SUCCESS,INFO,741,741,0,,2026-08-23T20:10:41.468Z,2026-08-23T22:16:21.732Z,7540,2026-08-23T22:16:21.732Z,V8,Memphis Midtown,955211d4-28b8-44a0-8023-2bfaa48d6721,SAMMS-VCPHCS-VIII-MemphisV5
202608232214225272,202608232010370345,202608232010368283,85,3347,Bronze INV,br_ReAssessmentFamily,TASK_COMPLETE,SUCCESS,INFO,1763,1763,0,,2026-08-23T20:10:41.468Z,2026-08-23T22:16:21.732Z,7540,2026-08-23T22:16:21.732Z,V9,Nashville,955211d4-28b8-44a0-8023-2bfaa48d6721,SAMMS-NashvilleV5
202608232214225274,202608232010370346,202608232010368283,85,3348,Bronze INV,br_ReAssessmentFamily,TASK_COMPLETE,SUCCESS,INFO,838,838,0,,2026-08-23T20:10:41.468Z,2026-08-23T22:16:21.732Z,7540,2026-08-23T22:16:21.732Z,VBRA,Brainerd,955211d4-28b8-44a0-8023-2bfaa48d6721,SAMMS-BrainerdV6
202608232214225275,202608232010370347,202608232010368283,85,3349,Bronze INV,br_ReAssessmentFamily,TASK_COMPLETE,SUCCESS,INFO,1958,1958,0,,2026-08-23T20:10:41.468Z,2026-08-23T22:16:21.732Z,7540,2026-08-23T22:16:21.732Z,VBRP,Brooklyn Park,955211d4-28b8-44a0-8023-2bfaa48d6721,SAMMS-BrooklynParkV6
202608232214225276,202608232010370348,202608232010368283,85,3351,Bronze INV,br_ReAssessmentFamily,TASK_COMPLETE,SUCCESS,INFO,745,745,0,,2026-08-23T20:10:41.468Z,2026-08-23T22:16:21.732Z,7540,2026-08-23T22:16:21.732Z,VMIN,Minneapolis,955211d4-28b8-44a0-8023-2bfaa48d6721,SAMMS-MinneapolisV6
202608232214225277,202608232010370349,202608232010368283,85,3352,Bronze INV,br_ReAssessmentFamily,TASK_COMPLETE,SUCCESS,INFO,884,884,0,,2026-08-23T20:10:41.468Z,2026-08-23T22:16:21.732Z,7540,2026-08-23T22:16:21.732Z,VWBY,Woodbury,955211d4-28b8-44a0-8023-2bfaa48d6721,SAMMS-WoodburyV6
202608232214225278,202608232010370350,202608232010368283,85,3354,Bronze INV,br_ReAssessmentFamily,TASK_COMPLETE,SUCCESS,INFO,161,161,0,,2026-08-23T20:10:41.468Z,2026-08-23T22:16:21.732Z,7540,2026-08-23T22:16:21.732Z,WIL,Wilson,955211d4-28b8-44a0-8023-2bfaa48d6721,SAMMS-Wilson
202608232214225380,202608232010468293,202608232010468283,86,5729,Silver INV,sl_ReAssessmentFamily,TASK_COMPLETE,SUCCESS,INFO,78632,78632,0,,2026-08-23T20:10:41.468Z,2026-08-23T22:16:21.732Z,7540,2026-08-23T22:16:21.732Z,,,955211d4-28b8-44a0-8023-2bfaa48d6721,
202608232214225311,202608232010370351,202608232010368283,85,3358,Bronze INV,br_ReAssessmentLegal,TASK_COMPLETE,SUCCESS,INFO,35,35,0,,2026-08-23T20:10:41.468Z,2026-08-23T22:16:21.732Z,7540,2026-08-23T22:16:21.732Z,AHK,Ahoskie,955211d4-28b8-44a0-8023-2bfaa48d6721,SAMMS-Ahoskie
202608232214225312,202608232010370352,202608232010368283,85,3359,Bronze INV,br_ReAssessmentLegal,TASK_COMPLETE,SUCCESS,INFO,661,661,0,,2026-08-23T20:10:41.468Z,2026-08-23T22:16:21.732Z,7540,2026-08-23T22:16:21.732Z,B12B,Colorado Springs,955211d4-28b8-44a0-8023-2bfaa48d6721,SAMMS-ColoradoSpringsV5
202608232214225313,202608232010370353,202608232010368283,85,3360,Bronze INV,br_ReAssessmentLegal,TASK_COMPLETE,SUCCESS,INFO,828,828,0,,2026-08-23T20:10:41.468Z,2026-08-23T22:16:21.732Z,7540,2026-08-23T22:16:21.732Z,B24,Paintsville,955211d4-28b8-44a0-8023-2bfaa48d6721,SAMMS-PaintsvilleV5
202608232214225315,202608232010370354,202608232010368283,85,3361,Bronze INV,br_ReAssessmentLegal,TASK_COMPLETE,SUCCESS,INFO,646,646,0,,2026-08-23T20:10:41.468Z,2026-08-23T22:16:21.732Z,7540,2026-08-23T22:16:21.732Z,B25,Pikeville,955211d4-28b8-44a0-8023-2bfaa48d6721,SAMMS-PikevilleV5
202608232214225316,202608232010370355,202608232010368283,85,3362,Bronze INV,br_ReAssessmentLegal,TASK_COMPLETE,SUCCESS,INFO,971,971,0,,2026-08-23T20:10:41.468Z,2026-08-23T22:16:21.732Z,7540,2026-08-23T22:16:21.732Z,B26,Hazard,955211d4-28b8-44a0-8023-2bfaa48d6721,SAMMS-HazardV5
202608232214225317,202608232010370356,202608232010368283,85,3363,Bronze INV,br_ReAssessmentLegal,TASK_COMPLETE,SUCCESS,INFO,530,530,0,,2026-08-23T20:10:41.468Z,2026-08-23T22:16:21.732Z,7540,2026-08-23T22:16:21.732Z,B27,Savannah,955211d4-28b8-44a0-8023-2bfaa48d6721,SAMMS-SavannahV6
202608232214225318,202608232010370357,202608232010368283,85,3364,Bronze INV,br_ReAssessmentLegal,TASK_COMPLETE,SUCCESS,INFO,245,245,0,,2026-08-23T20:10:41.468Z,2026-08-23T22:16:21.732Z,7540,2026-08-23T22:16:21.732Z,B28,West Plains,955211d4-28b8-44a0-8023-2bfaa48d6721,SAMMS-WestPlainesV5
202608232214225319,202608232010370358,202608232010368283,85,3365,Bronze INV,br_ReAssessmentLegal,TASK_COMPLETE,SUCCESS,INFO,460,460,0,,2026-08-23T20:10:41.468Z,2026-08-23T22:16:21.732Z,7540,2026-08-23T22:16:21.732Z,B29,Poplar Bluff,955211d4-28b8-44a0-8023-2bfaa48d6721,SAMMS-PoplarBluffV5
202608232214225320,202608232010370359,202608232010368283,85,3366,Bronze INV,br_ReAssessmentLegal,TASK_COMPLETE,SUCCESS,INFO,77,77,0,,2026-08-23T20:10:41.468Z,2026-08-23T22:16:21.732Z,7540,2026-08-23T22:16:21.732Z,B30,KC North,955211d4-28b8-44a0-8023-2bfaa48d6721,SAMMS-KCNv5
202608232214225322,202608232010370360,202608232010368283,85,3367,Bronze INV,br_ReAssessmentLegal,TASK_COMPLETE,SUCCESS,INFO,400,400,0,,2026-08-23T20:10:41.468Z,2026-08-23T22:16:21.732Z,7540,2026-08-23T22:16:21.732Z,B31,Dyersburg,955211d4-28b8-44a0-8023-2bfaa48d6721,SAMMS-DyersburgV5
202608232214225323,202608232010370361,202608232010368283,85,3369,Bronze INV,br_ReAssessmentLegal,TASK_COMPLETE,SUCCESS,INFO,487,487,0,,2026-08-23T20:10:41.468Z,2026-08-23T22:16:21.732Z,7540,2026-08-23T22:16:21.732Z,B33,Paducah,955211d4-28b8-44a0-8023-2bfaa48d6721,SAMMS-Paducah
202608232214225324,202608232010370362,202608232010368283,85,3370,Bronze INV,br_ReAssessmentLegal,TASK_COMPLETE,SUCCESS,INFO,385,385,0,,2026-08-23T20:10:41.468Z,2026-08-23T22:16:21.732Z,7540,2026-08-23T22:16:21.732Z,B34,Corbin,955211d4-28b8-44a0-8023-2bfaa48d6721,SAMMS-CorbinV5
202608232214225325,202608232010370363,202608232010368283,85,3371,Bronze INV,br_ReAssessmentLegal,TASK_COMPLETE,SUCCESS,INFO,239,239,0,,2026-08-23T20:10:41.468Z,2026-08-23T22:16:21.732Z,7540,2026-08-23T22:16:21.732Z,B35,Lexington,955211d4-28b8-44a0-8023-2bfaa48d6721,SAMMS-LexingtonV5
202608232214225326,202608232010370364,202608232010368283,85,3372,Bronze INV,br_ReAssessmentLegal,TASK_COMPLETE,SUCCESS,INFO,77,77,0,,2026-08-23T20:10:41.468Z,2026-08-23T22:16:21.732Z,7540,2026-08-23T22:16:21.732Z,B35A,Berea,955211d4-28b8-44a0-8023-2bfaa48d6721,SAMMS-BereaV5
202608232214225327,202608232010370365,202608232010368283,85,3373,Bronze INV,br_ReAssessmentLegal,TASK_COMPLETE,SUCCESS,INFO,20,20,0,,2026-08-23T20:10:41.468Z,2026-08-23T22:16:21.732Z,7540,2026-08-23T22:16:21.732Z,B36,Asheville,955211d4-28b8-44a0-8023-2bfaa48d6721,SAMMS-AshevilleV5
202608232214225329,202608232010370366,202608232010368283,85,3374,Bronze INV,br_ReAssessmentLegal,TASK_COMPLETE,SUCCESS,INFO,1,1,0,,2026-08-23T20:10:41.468Z,2026-08-23T22:16:21.732Z,7540,2026-08-23T22:16:21.732Z,B37,Clyde,955211d4-28b8-44a0-8023-2bfaa48d6721,SAMMS-ClydeV5
202608232214225330,202608232010370367,202608232010368283,85,3375,Bronze INV,br_ReAssessmentLegal,TASK_COMPLETE,SUCCESS,INFO,1188,1188,0,,2026-08-23T20:10:41.468Z,2026-08-23T22:16:21.732Z,7540,2026-08-23T22:16:21.732Z,B38,Spartanburg,955211d4-28b8-44a0-8023-2bfaa48d6721,SAMMS-SpartanburgV5
202608232214225331,202608232010370368,202608232010368283,85,3376,Bronze INV,br_ReAssessmentLegal,TASK_COMPLETE,SUCCESS,INFO,362,362,0,,2026-08-23T20:10:41.468Z,2026-08-23T22:16:21.732Z,7540,2026-08-23T22:16:21.732Z,B39,Aiken,955211d4-28b8-44a0-8023-2bfaa48d6721,SAMMS-AikenV5
202608232214225332,202608232010370369,202608232010368283,85,3377,Bronze INV,br_ReAssessmentLegal,TASK_COMPLETE,SUCCESS,INFO,1887,1887,0,,2026-08-23T20:10:41.468Z,2026-08-23T22:16:21.732Z,7540,2026-08-23T22:16:21.732Z,B41,Chesapeake,955211d4-28b8-44a0-8023-2bfaa48d6721,SAMMS-ChesapeakeV5
202608232214225333,202608232010370370,202608232010368283,85,3378,Bronze INV,br_ReAssessmentLegal,TASK_COMPLETE,SUCCESS,INFO,1912,1912,0,,2026-08-23T20:10:41.468Z,2026-08-23T22:16:21.732Z,7540,2026-08-23T22:16:21.732Z,B42,Virginia Beach,955211d4-28b8-44a0-8023-2bfaa48d6721,SAMMS-VirginiaBeachV5
202608232214225335,202608232010370371,202608232010368283,85,3379,Bronze INV,br_ReAssessmentLegal,TASK_COMPLETE,SUCCESS,INFO,923,923,0,,2026-08-23T20:10:41.468Z,2026-08-23T22:16:21.732Z,7540,2026-08-23T22:16:21.732Z,B42A,Newport News,955211d4-28b8-44a0-8023-2bfaa48d6721,SAMMS-NewportNewsV5
202608232214225336,202608232010370372,202608232010368283,85,3380,Bronze INV,br_ReAssessmentLegal,TASK_COMPLETE,SUCCESS,INFO,507,507,0,,2026-08-23T20:10:41.468Z,2026-08-23T22:16:21.732Z,7540,2026-08-23T22:16:21.732Z,B42B,Franklin,955211d4-28b8-44a0-8023-2bfaa48d6721,SAMMS-FranklinV5
202608232214225337,202608232010370373,202608232010368283,85,3381,Bronze INV,br_ReAssessmentLegal,TASK_COMPLETE,SUCCESS,INFO,340,340,0,,2026-08-23T20:10:41.468Z,2026-08-23T22:16:21.732Z,7540,2026-08-23T22:16:21.732Z,B42C,Glen Allen,955211d4-28b8-44a0-8023-2bfaa48d6721,SAMMS-GlenAllenV5
202608232214225338,202608232010370374,202608232010368283,85,3382,Bronze INV,br_ReAssessmentLegal,TASK_COMPLETE,SUCCESS,INFO,1479,1479,0,,2026-08-23T20:10:41.468Z,2026-08-23T22:16:21.732Z,7540,2026-08-23T22:16:21.732Z,B42D,Chesapeake South,955211d4-28b8-44a0-8023-2bfaa48d6721,SAMMS-ChesapeakeSouthV5
202608232214225339,202608232010370375,202608232010368283,85,3383,Bronze INV,br_ReAssessmentLegal,TASK_COMPLETE,SUCCESS,INFO,633,633,0,,2026-08-23T20:10:41.468Z,2026-08-23T22:16:21.732Z,7540,2026-08-23T22:16:21.732Z,B44,Albany,955211d4-28b8-44a0-8023-2bfaa48d6721,SAMMS-AlbanyV5
202608232214225340,202608232010370376,202608232010368283,85,3384,Bronze INV,br_ReAssessmentLegal,TASK_COMPLETE,SUCCESS,INFO,1267,1267,0,,2026-08-23T20:10:41.468Z,2026-08-23T22:16:21.732Z,7540,2026-08-23T22:16:21.732Z,B45,Tifton,955211d4-28b8-44a0-8023-2bfaa48d6721,SAMMS-TiftonV5
202608232214225342,202608232010370377,202608232010368283,85,3385,Bronze INV,br_ReAssessmentLegal,TASK_COMPLETE,SUCCESS,INFO,588,588,0,,2026-08-23T20:10:41.468Z,2026-08-23T22:16:21.732Z,7540,2026-08-23T22:16:21.732Z,B46,Washington DC,955211d4-28b8-44a0-8023-2bfaa48d6721,SAMMS-WashingtonDCv5
202608232214225343,202608232010370378,202608232010368283,85,3386,Bronze INV,br_ReAssessmentLegal,TASK_COMPLETE,SUCCESS,INFO,1557,1557,0,,2026-08-23T20:10:41.468Z,2026-08-23T22:16:21.732Z,7540,2026-08-23T22:16:21.732Z,B47,Mobile,955211d4-28b8-44a0-8023-2bfaa48d6721,SAMMS-MobileV5
202608232214225344,202608232010370379,202608232010368283,85,3387,Bronze INV,br_ReAssessmentLegal,TASK_COMPLETE,SUCCESS,INFO,1296,1296,0,,2026-08-23T20:10:41.468Z,2026-08-23T22:16:21.732Z,7540,2026-08-23T22:16:21.732Z,B48,Tuscaloosa,955211d4-28b8-44a0-8023-2bfaa48d6721,SAMMS-TuscaloosaV5
202608232214225345,202608232010370380,202608232010368283,85,3396,Bronze INV,br_ReAssessmentLegal,TASK_COMPLETE,SUCCESS,INFO,2,2,0,,2026-08-23T20:10:41.468Z,2026-08-23T22:16:21.732Z,7540,2026-08-23T22:16:21.732Z,B51,N. Little Rock (OTP),955211d4-28b8-44a0-8023-2bfaa48d6721,SAMMS-NorthLittleRockV6
202608232214225346,202608232010370381,202608232010368283,85,3397,Bronze INV,br_ReAssessmentLegal,TASK_COMPLETE,SUCCESS,INFO,454,454,0,,2026-08-23T20:10:41.468Z,2026-08-23T22:16:21.732Z,7540,2026-08-23T22:16:21.732Z,B52,Jackson GA,955211d4-28b8-44a0-8023-2bfaa48d6721,SAMMS-JacksonGAV5
202608232214225347,202608232010370382,202608232010368283,85,3398,Bronze INV,br_ReAssessmentLegal,TASK_COMPLETE,SUCCESS,INFO,1702,1702,0,,2026-08-23T20:10:41.468Z,2026-08-23T22:16:21.732Z,7540,2026-08-23T22:16:21.732Z,B54,Gadsden,955211d4-28b8-44a0-8023-2bfaa48d6721,SAMMS-GadsdenV5
202608232214225349,202608232010370383,202608232010368283,85,3399,Bronze INV,br_ReAssessmentLegal,TASK_COMPLETE,SUCCESS,INFO,946,946,0,,2026-08-23T20:10:41.468Z,2026-08-23T22:16:21.732Z,7540,2026-08-23T22:16:21.732Z,B55,Shoals,955211d4-28b8-44a0-8023-2bfaa48d6721,SAMMS-ShoalsV5
202608232214225350,202608232010370384,202608232010368283,85,3400,Bronze INV,br_ReAssessmentLegal,TASK_COMPLETE,SUCCESS,INFO,294,294,0,,2026-08-23T20:10:41.468Z,2026-08-23T22:16:21.732Z,7540,2026-08-23T22:16:21.732Z,B57,Pawtucket,955211d4-28b8-44a0-8023-2bfaa48d6721,SAMMS-Pawtucket
202608232214225351,202608232010370385,202608232010368283,85,3401,Bronze INV,br_ReAssessmentLegal,TASK_COMPLETE,SUCCESS,INFO,550,550,0,,2026-08-23T20:10:41.468Z,2026-08-23T22:16:21.732Z,7540,2026-08-23T22:16:21.732Z,B57A,Johnston,955211d4-28b8-44a0-8023-2bfaa48d6721,SAMMS-Johnston
202608232214225352,202608232010370386,202608232010368283,85,3402,Bronze INV,br_ReAssessmentLegal,TASK_COMPLETE,SUCCESS,INFO,164,164,0,,2026-08-23T20:10:41.468Z,2026-08-23T22:16:21.732Z,7540,2026-08-23T22:16:21.732Z,B57B,Middletown,955211d4-28b8-44a0-8023-2bfaa48d6721,SAMMS-Middletown
202608232214225353,202608232010370387,202608232010368283,85,3403,Bronze INV,br_ReAssessmentLegal,TASK_COMPLETE,SUCCESS,INFO,411,411,0,,2026-08-23T20:10:41.468Z,2026-08-23T22:16:21.732Z,7540,2026-08-23T22:16:21.732Z,B57C,Providence,955211d4-28b8-44a0-8023-2bfaa48d6721,SAMMS-Providence
202608232214225354,202608232010370388,202608232010368283,85,3404,Bronze INV,br_ReAssessmentLegal,TASK_COMPLETE,SUCCESS,INFO,622,622,0,,2026-08-23T20:10:41.468Z,2026-08-23T22:16:21.732Z,7540,2026-08-23T22:16:21.732Z,B57D,Westerly,955211d4-28b8-44a0-8023-2bfaa48d6721,SAMMS-Westerly
202608232214225355,202608232010370389,202608232010368283,85,3408,Bronze INV,br_ReAssessmentLegal,TASK_COMPLETE,SUCCESS,INFO,4,4,0,,2026-08-23T20:10:41.468Z,2026-08-23T22:16:21.732Z,7540,2026-08-23T22:16:21.732Z,B66A,Bremen,955211d4-28b8-44a0-8023-2bfaa48d6721,SAMMS-Bremen
202608232214225357,202608232010370390,202608232010368283,85,3411,Bronze INV,br_ReAssessmentLegal,TASK_COMPLETE,SUCCESS,INFO,0,0,0,,2026-08-23T20:10:41.468Z,2026-08-23T22:16:21.732Z,7540,2026-08-23T22:16:21.732Z,B72,Mobile (OBOT),955211d4-28b8-44a0-8023-2bfaa48d6721,SAMMS-Mobile-OBOT
202608232214225358,202608232010370391,202608232010368283,85,3412,Bronze INV,br_ReAssessmentLegal,TASK_COMPLETE,SUCCESS,INFO,0,0,0,,2026-08-23T20:10:41.468Z,2026-08-23T22:16:21.732Z,7540,2026-08-23T22:16:21.732Z,B73,Montgomery,955211d4-28b8-44a0-8023-2bfaa48d6721,SAMMS-Montgomery
202608232214225359,202608232010370392,202608232010368283,85,3413,Bronze INV,br_ReAssessmentLegal,TASK_COMPLETE,SUCCESS,INFO,516,516,0,,2026-08-23T20:10:41.468Z,2026-08-23T22:16:21.732Z,7540,2026-08-23T22:16:21.732Z,B75,Lawrence,955211d4-28b8-44a0-8023-2bfaa48d6721,SAMMS-LawrenceV6
202608232214225360,202608232010370393,202608232010368283,85,3414,Bronze INV,br_ReAssessmentLegal,TASK_COMPLETE,SUCCESS,INFO,0,0,0,,2026-08-23T20:10:41.468Z,2026-08-23T22:16:21.732Z,7540,2026-08-23T22:16:21.732Z,B76,Huntsville OBOT,955211d4-28b8-44a0-8023-2bfaa48d6721,SAMMS-Huntsville-OBOT
202608232214225361,202608232010370394,202608232010368283,85,3415,Bronze INV,br_ReAssessmentLegal,TASK_COMPLETE,SUCCESS,INFO,0,0,0,,2026-08-23T20:10:41.468Z,2026-08-23T22:16:21.732Z,7540,2026-08-23T22:16:21.732Z,BAT,Batesville,955211d4-28b8-44a0-8023-2bfaa48d6721,SAMMS-Batesville
202608232214225362,202608232010370395,202608232010368283,85,3416,Bronze INV,br_ReAssessmentLegal,TASK_COMPLETE,SUCCESS,INFO,460,460,0,,2026-08-23T20:10:41.468Z,2026-08-23T22:16:21.732Z,7540,2026-08-23T22:16:21.732Z,BG,Bowling Green,955211d4-28b8-44a0-8023-2bfaa48d6721,SAMMS-BowlingGreen
202608232214225364,202608232010370396,202608232010368283,85,3417,Bronze INV,br_ReAssessmentLegal,TASK_COMPLETE,SUCCESS,INFO,180,180,0,,2026-08-23T20:10:41.468Z,2026-08-23T22:16:21.732Z,7540,2026-08-23T22:16:21.732Z,BOI,Boise,955211d4-28b8-44a0-8023-2bfaa48d6721,SAMMS-Boise
202608232214225365,202608232010370397,202608232010368283,85,3424,Bronze INV,br_ReAssessmentLegal,TASK_COMPLETE,SUCCESS,INFO,51,51,0,,2026-08-23T20:10:41.468Z,2026-08-23T22:16:21.732Z,7540,2026-08-23T22:16:21.732Z,CBCO,Coeur dAlene,955211d4-28b8-44a0-8023-2bfaa48d6721,SAMMS-CoeurdAleneV6
202608232214225366,202608232010370398,202608232010368283,85,3443,Bronze INV,br_ReAssessmentLegal,TASK_COMPLETE,SUCCESS,INFO,0,0,0,,2026-08-23T20:10:41.468Z,2026-08-23T22:16:21.732Z,7540,2026-08-23T22:16:21.732Z,CON,Conway,955211d4-28b8-44a0-8023-2bfaa48d6721,SAMMS-Conway
202608232214225367,202608232010370399,202608232010368283,85,3444,Bronze INV,br_ReAssessmentLegal,TASK_COMPLETE,SUCCESS,INFO,2568,2568,0,,2026-08-23T20:10:41.468Z,2026-08-23T22:16:21.732Z,7540,2026-08-23T22:16:21.732Z,D07,Medical Services Knox TN,955211d4-28b8-44a0-8023-2bfaa48d6721,SAMMS-KnoxvilleV6
202608232214225368,202608232010370400,202608232010368283,85,3445,Bronze INV,br_ReAssessmentLegal,TASK_COMPLETE,SUCCESS,INFO,111,111,0,,2026-08-23T20:10:41.468Z,2026-08-23T22:16:21.732Z,7540,2026-08-23T22:16:21.732Z,D08,Madison,955211d4-28b8-44a0-8023-2bfaa48d6721,SAMMS-MadisonV6
202608232214225370,202608232010370401,202608232010368283,85,3447,Bronze INV,br_ReAssessmentLegal,TASK_COMPLETE,SUCCESS,INFO,117,117,0,,2026-08-23T20:10:41.468Z,2026-08-23T22:16:21.732Z,7540,2026-08-23T22:16:21.732Z,D09,Murfreesboro,955211d4-28b8-44a0-8023-2bfaa48d6721,SAMMS-MurfreesboroV6
202608232214225371,202608232010370402,202608232010368283,85,3448,Bronze INV,br_ReAssessmentLegal,TASK_COMPLETE,SUCCESS,INFO,335,335,0,,2026-08-23T20:10:41.468Z,2026-08-23T22:16:21.732Z,7540,2026-08-23T22:16:21.732Z,DA,Davenport,955211d4-28b8-44a0-8023-2bfaa48d6721,SAMMS-Davenport
202608232214225372,202608232010370403,202608232010368283,85,3449,Bronze INV,br_ReAssessmentLegal,TASK_COMPLETE,SUCCESS,INFO,287,287,0,,2026-08-23T20:10:41.468Z,2026-08-23T22:16:21.732Z,7540,2026-08-23T22:16:21.732Z,DM,Des Moines,955211d4-28b8-44a0-8023-2bfaa48d6721,SAMMS-DesMoines
202608232214225373,202608232010370404,202608232010368283,85,3451,Bronze INV,br_ReAssessmentLegal,TASK_COMPLETE,SUCCESS,INFO,529,529,0,,2026-08-23T20:10:41.468Z,2026-08-23T22:16:21.732Z,7540,2026-08-23T22:16:21.732Z,DRD-CO,Columbia MO,955211d4-28b8-44a0-8023-2bfaa48d6721,SAMMS-ColumbiaV5
202608232214225374,202608232010370405,202608232010368283,85,3452,Bronze INV,br_ReAssessmentLegal,TASK_COMPLETE,SUCCESS,INFO,346,346,0,,2026-08-23T20:10:41.468Z,2026-08-23T22:16:21.732Z,7540,2026-08-23T22:16:21.732Z,DRD-KC,KC,955211d4-28b8-44a0-8023-2bfaa48d6721,SAMMS-KCv5
202608232214225375,202608232010370406,202608232010368283,85,3453,Bronze INV,br_ReAssessmentLegal,TASK_COMPLETE,SUCCESS,INFO,1551,1551,0,,2026-08-23T20:10:41.468Z,2026-08-23T22:16:21.732Z,7540,2026-08-23T22:16:21.732Z,DRD-KVB,KVB,955211d4-28b8-44a0-8023-2bfaa48d6721,SAMMS-KVBv5
202608232214225376,202608232010370407,202608232010368283,85,3454,Bronze INV,br_ReAssessmentLegal,TASK_COMPLETE,SUCCESS,INFO,1672,1672,0,,2026-08-23T20:10:41.468Z,2026-08-23T22:16:21.732Z,7540,2026-08-23T22:16:21.732Z,DRD-KVC,KVC,955211d4-28b8-44a0-8023-2bfaa48d6721,SAMMS-KVCv5
202608232214225378,202608232010370408,202608232010368283,85,3455,Bronze INV,br_ReAssessmentLegal,TASK_COMPLETE,SUCCESS,INFO,3202,3202,0,,2026-08-23T20:10:41.468Z,2026-08-23T22:16:21.732Z,7540,2026-08-23T22:16:21.732Z,DRD-NOLA,NOLA,955211d4-28b8-44a0-8023-2bfaa48d6721,SAMMS-NOLAv5
202608232214225379,202608232010370409,202608232010368283,85,3456,Bronze INV,br_ReAssessmentLegal,TASK_COMPLETE,SUCCESS,INFO,798,798,0,,2026-08-23T20:10:41.468Z,2026-08-23T22:16:21.732Z,7540,2026-08-23T22:16:21.732Z,DRD-SF,Springfield,955211d4-28b8-44a0-8023-2bfaa48d6721,SAMMS-SFv5
202608232214225380,202608232010370410,202608232010368283,85,3458,Bronze INV,br_ReAssessmentLegal,TASK_COMPLETE,SUCCESS,INFO,260,260,0,,2026-08-23T20:10:41.468Z,2026-08-23T22:16:21.732Z,7540,2026-08-23T22:16:21.732Z,ELC,Elizabeth City,955211d4-28b8-44a0-8023-2bfaa48d6721,SAMMS-ElizabethCity
202608232214225381,202608232010370411,202608232010368283,85,3459,Bronze INV,br_ReAssessmentLegal,TASK_COMPLETE,SUCCESS,INFO,128,128,0,,2026-08-23T20:10:41.468Z,2026-08-23T22:16:21.732Z,7540,2026-08-23T22:16:21.732Z,ET,Elizabethtown,955211d4-28b8-44a0-8023-2bfaa48d6721,SAMMS-Elizabethtown
202608232214225382,202608232010370412,202608232010368283,85,3460,Bronze INV,br_ReAssessmentLegal,TASK_COMPLETE,SUCCESS,INFO,0,0,0,,2026-08-23T20:10:41.468Z,2026-08-23T22:16:21.732Z,7540,2026-08-23T22:16:21.732Z,FAY,Fayetteville,955211d4-28b8-44a0-8023-2bfaa48d6721,SAMMS-Fayetteville
202608232214225383,202608232010370413,202608232010368283,85,3461,Bronze INV,br_ReAssessmentLegal,TASK_COMPLETE,SUCCESS,INFO,156,156,0,,2026-08-23T20:10:41.468Z,2026-08-23T22:16:21.732Z,7540,2026-08-23T22:16:21.732Z,FR,Frankfort,955211d4-28b8-44a0-8023-2bfaa48d6721,SAMMS-Frankfort
202608232214225385,202608232010370414,202608232010368283,85,3462,Bronze INV,br_ReAssessmentLegal,TASK_COMPLETE,SUCCESS,INFO,0,0,0,,2026-08-23T20:10:41.468Z,2026-08-23T22:16:21.732Z,7540,2026-08-23T22:16:21.732Z,FS,Fort Smith,955211d4-28b8-44a0-8023-2bfaa48d6721,SAMMS-FortSmith
202608232214225386,202608232010370415,202608232010368283,85,3463,Bronze INV,br_ReAssessmentLegal,TASK_COMPLETE,SUCCESS,INFO,466,466,0,,2026-08-23T20:10:41.468Z,2026-08-23T22:16:21.732Z,7540,2026-08-23T22:16:21.732Z,FW,Fort Wayne,955211d4-28b8-44a0-8023-2bfaa48d6721,SAMMS-FortWayne
202608232214225387,202608232010370416,202608232010368283,85,3464,Bronze INV,br_ReAssessmentLegal,TASK_COMPLETE,SUCCESS,INFO,273,273,0,,2026-08-23T20:10:41.468Z,2026-08-23T22:16:21.732Z,7540,2026-08-23T22:16:21.732Z,GAL,Gaylord,955211d4-28b8-44a0-8023-2bfaa48d6721,SAMMS-Gaylord
202608232214225388,202608232010370417,202608232010368283,85,3468,Bronze INV,br_ReAssessmentLegal,TASK_COMPLETE,SUCCESS,INFO,100,100,0,,2026-08-23T20:10:41.468Z,2026-08-23T22:16:21.732Z,7540,2026-08-23T22:16:21.732Z,HGT,Hagerstown,955211d4-28b8-44a0-8023-2bfaa48d6721,SAMMS-Hagerstown
202608232214225389,202608232010370418,202608232010368283,85,3469,Bronze INV,br_ReAssessmentLegal,TASK_COMPLETE,SUCCESS,INFO,1723,1723,0,,2026-08-23T20:10:41.468Z,2026-08-23T22:16:21.732Z,7540,2026-08-23T22:16:21.732Z,HNT,Huntsville,955211d4-28b8-44a0-8023-2bfaa48d6721,SAMMS-Huntsville
202608232214225390,202608232010370419,202608232010368283,85,3470,Bronze INV,br_ReAssessmentLegal,TASK_COMPLETE,SUCCESS,INFO,0,0,0,,2026-08-23T20:10:41.468Z,2026-08-23T22:16:21.732Z,7540,2026-08-23T22:16:21.732Z,HS,Hot Springs,955211d4-28b8-44a0-8023-2bfaa48d6721,SAMMS-HotSprings
202608232214225392,202608232010370420,202608232010368283,85,3471,Bronze INV,br_ReAssessmentLegal,TASK_COMPLETE,SUCCESS,INFO,0,0,0,,2026-08-23T20:10:41.468Z,2026-08-23T22:16:21.732Z,7540,2026-08-23T22:16:21.732Z,JON,Jonesboro,955211d4-28b8-44a0-8023-2bfaa48d6721,SAMMS-Jonesboro
202608232214225393,202608232010370421,202608232010368283,85,3473,Bronze INV,br_ReAssessmentLegal,TASK_COMPLETE,SUCCESS,INFO,445,445,0,,2026-08-23T20:10:41.468Z,2026-08-23T22:16:21.732Z,7540,2026-08-23T22:16:21.732Z,LAN,Lansing,955211d4-28b8-44a0-8023-2bfaa48d6721,SAMMS-Lansing
202608232214225394,202608232010370422,202608232010368283,85,3474,Bronze INV,br_ReAssessmentLegal,TASK_COMPLETE,SUCCESS,INFO,1286,1286,0,,2026-08-23T20:10:41.468Z,2026-08-23T22:16:21.732Z,7540,2026-08-23T22:16:21.732Z,LO,Louisville,955211d4-28b8-44a0-8023-2bfaa48d6721,SAMMS-Louisville
202608232214225395,202608232010370423,202608232010368283,85,3475,Bronze INV,br_ReAssessmentLegal,TASK_COMPLETE,SUCCESS,INFO,291,291,0,,2026-08-23T20:10:41.468Z,2026-08-23T22:16:21.732Z,7540,2026-08-23T22:16:21.732Z,LV1,Cheyenne,955211d4-28b8-44a0-8023-2bfaa48d6721,SAMMS-Cheyenne
202608232214225396,202608232010370424,202608232010368283,85,3476,Bronze INV,br_ReAssessmentLegal,TASK_COMPLETE,SUCCESS,INFO,204,204,0,,2026-08-23T20:10:41.468Z,2026-08-23T22:16:21.732Z,7540,2026-08-23T22:16:21.732Z,LV2,Desert Inn,955211d4-28b8-44a0-8023-2bfaa48d6721,SAMMS-DesertInn
202608232214225397,202608232010370425,202608232010368283,85,3477,Bronze INV,br_ReAssessmentLegal,TASK_COMPLETE,SUCCESS,INFO,109,109,0,,2026-08-23T20:10:41.468Z,2026-08-23T22:16:21.732Z,7540,2026-08-23T22:16:21.732Z,LV3,McDaniel,955211d4-28b8-44a0-8023-2bfaa48d6721,SAMMS-McDaniel
202608232214225399,202608232010370426,202608232010368283,85,3480,Bronze INV,br_ReAssessmentLegal,TASK_COMPLETE,SUCCESS,INFO,358,358,0,,2026-08-23T20:10:41.468Z,2026-08-23T22:16:21.732Z,7540,2026-08-23T22:16:21.732Z,MNRE,Monroe,955211d4-28b8-44a0-8023-2bfaa48d6721,SAMMS-Monroe
202608232214225400,202608232010370427,202608232010368283,85,3481,Bronze INV,br_ReAssessmentLegal,TASK_COMPLETE,SUCCESS,INFO,1420,1420,0,,2026-08-23T20:10:41.468Z,2026-08-23T22:16:21.732Z,7540,2026-08-23T22:16:21.732Z,MP,Mt. Pleasant,955211d4-28b8-44a0-8023-2bfaa48d6721,SAMMS-MtPleasant
202608232214225401,202608232010370428,202608232010368283,85,3482,Bronze INV,br_ReAssessmentLegal,TASK_COMPLETE,SUCCESS,INFO,153,153,0,,2026-08-23T20:10:41.468Z,2026-08-23T22:16:21.732Z,7540,2026-08-23T22:16:21.732Z,MRD,Meridian,955211d4-28b8-44a0-8023-2bfaa48d6721,SAMMS-Meridian
202608232214225402,202608232010370429,202608232010368283,85,3487,Bronze INV,br_ReAssessmentLegal,TASK_COMPLETE,SUCCESS,INFO,693,693,0,,2026-08-23T20:10:41.468Z,2026-08-23T22:16:21.732Z,7540,2026-08-23T22:16:21.732Z,NC,North Charleston,955211d4-28b8-44a0-8023-2bfaa48d6721,SAMMS-NorthCharleston
202608232214225403,202608232010370430,202608232010368283,85,3488,Bronze INV,br_ReAssessmentLegal,TASK_COMPLETE,SUCCESS,INFO,0,0,0,,2026-08-23T20:10:41.468Z,2026-08-23T22:16:21.732Z,7540,2026-08-23T22:16:21.732Z,NLR,N. Little Rock,955211d4-28b8-44a0-8023-2bfaa48d6721,SAMMS-NLROBOT
202608232214225404,202608232010370431,202608232010368283,85,3489,Bronze INV,br_ReAssessmentLegal,TASK_COMPLETE,SUCCESS,INFO,111,111,0,,2026-08-23T20:10:41.468Z,2026-08-23T22:16:21.732Z,7540,2026-08-23T22:16:21.732Z,PH,Phoenix,955211d4-28b8-44a0-8023-2bfaa48d6721,SAMMS-Phoenix
202608232214225406,202608232010370432,202608232010368283,85,3493,Bronze INV,br_ReAssessmentLegal,TASK_COMPLETE,SUCCESS,INFO,212,212,0,,2026-08-23T20:10:41.468Z,2026-08-23T22:16:21.732Z,7540,2026-08-23T22:16:21.732Z,RE,Reno,955211d4-28b8-44a0-8023-2bfaa48d6721,SAMMS-Reno
202608232214225407,202608232010370433,202608232010368283,85,3494,Bronze INV,br_ReAssessmentLegal,TASK_COMPLETE,SUCCESS,INFO,88,88,0,,2026-08-23T20:10:41.468Z,2026-08-23T22:16:21.732Z,7540,2026-08-23T22:16:21.732Z,RMD,Richmond,955211d4-28b8-44a0-8023-2bfaa48d6721,SAMMS-Richmond
202608232214225408,202608232010370434,202608232010368283,85,3495,Bronze INV,br_ReAssessmentLegal,TASK_COMPLETE,SUCCESS,INFO,588,588,0,,2026-08-23T20:10:41.468Z,2026-08-23T22:16:21.732Z,7540,2026-08-23T22:16:21.732Z,SFN,Springfield North,955211d4-28b8-44a0-8023-2bfaa48d6721,SAMMS-SFNv5
202608232214225409,202608232010370435,202608232010368283,85,3496,Bronze INV,br_ReAssessmentLegal,TASK_COMPLETE,SUCCESS,INFO,763,763,0,,2026-08-23T20:10:41.468Z,2026-08-23T22:16:21.732Z,7540,2026-08-23T22:16:21.732Z,SHP,Shreveport,955211d4-28b8-44a0-8023-2bfaa48d6721,SAMMS-Shreveport
202608232214225410,202608232010370436,202608232010368283,85,3498,Bronze INV,br_ReAssessmentLegal,TASK_COMPLETE,SUCCESS,INFO,481,481,0,,2026-08-23T20:10:41.468Z,2026-08-23T22:16:21.732Z,7540,2026-08-23T22:16:21.732Z,STN,Staunton,955211d4-28b8-44a0-8023-2bfaa48d6721,SAMMS-Staunton
202608232214225411,202608232010370437,202608232010368283,85,3499,Bronze INV,br_ReAssessmentLegal,TASK_COMPLETE,SUCCESS,INFO,224,224,0,,2026-08-23T20:10:41.468Z,2026-08-23T22:16:21.732Z,7540,2026-08-23T22:16:21.732Z,STVN,Stevenson,955211d4-28b8-44a0-8023-2bfaa48d6721,SAMMS-Stevenson
202608232214225413,202608232010370438,202608232010368283,85,3501,Bronze INV,br_ReAssessmentLegal,TASK_COMPLETE,SUCCESS,INFO,173,173,0,,2026-08-23T20:10:41.468Z,2026-08-23T22:16:21.732Z,7540,2026-08-23T22:16:21.732Z,TE,Tempe,955211d4-28b8-44a0-8023-2bfaa48d6721,SAMMS-Tempe
202608232214225414,202608232010370439,202608232010368283,85,3502,Bronze INV,br_ReAssessmentLegal,TASK_COMPLETE,SUCCESS,INFO,0,0,0,,2026-08-23T20:10:41.468Z,2026-08-23T22:16:21.732Z,7540,2026-08-23T22:16:21.732Z,TEX,Texarkana,955211d4-28b8-44a0-8023-2bfaa48d6721,SAMMS-Texarkana
202608232214225415,202608232010370440,202608232010368283,85,3503,Bronze INV,br_ReAssessmentLegal,TASK_COMPLETE,SUCCESS,INFO,1068,1068,0,,2026-08-23T20:10:41.468Z,2026-08-23T22:16:21.732Z,7540,2026-08-23T22:16:21.732Z,TTCA,Bessemer,955211d4-28b8-44a0-8023-2bfaa48d6721,SAMMS-BessemerV5
202608232214225416,202608232010370441,202608232010368283,85,3504,Bronze INV,br_ReAssessmentLegal,TASK_COMPLETE,SUCCESS,INFO,1315,1315,0,,2026-08-23T20:10:41.468Z,2026-08-23T22:16:21.732Z,7540,2026-08-23T22:16:21.732Z,TTCB,Cullman,955211d4-28b8-44a0-8023-2bfaa48d6721,SAMMS-CullmanV5
202608232214225417,202608232010370442,202608232010368283,85,3505,Bronze INV,br_ReAssessmentLegal,TASK_COMPLETE,SUCCESS,INFO,938,938,0,,2026-08-23T20:10:41.468Z,2026-08-23T22:16:21.732Z,7540,2026-08-23T22:16:21.732Z,TTCC,Grand Bay,955211d4-28b8-44a0-8023-2bfaa48d6721,SAMMS-GrandBay
202608232214225418,202608232010370443,202608232010368283,85,3506,Bronze INV,br_ReAssessmentLegal,TASK_COMPLETE,SUCCESS,INFO,15,15,0,,2026-08-23T20:10:41.468Z,2026-08-23T22:16:21.732Z,7540,2026-08-23T22:16:21.732Z,TU,Tucson,955211d4-28b8-44a0-8023-2bfaa48d6721,SAMMS-Tucson
202608232214225419,202608232010370444,202608232010368283,85,3508,Bronze INV,br_ReAssessmentLegal,TASK_COMPLETE,SUCCESS,INFO,660,660,0,,2026-08-23T20:10:41.468Z,2026-08-23T22:16:21.732Z,7540,2026-08-23T22:16:21.732Z,V1,Memphis South,955211d4-28b8-44a0-8023-2bfaa48d6721,SAMMS-VCPHCS-I-MemphisV5
202608232214225421,202608232010370445,202608232010368283,85,3509,Bronze INV,br_ReAssessmentLegal,TASK_COMPLETE,SUCCESS,INFO,1625,1625,0,,2026-08-23T20:10:41.468Z,2026-08-23T22:16:21.732Z,7540,2026-08-23T22:16:21.732Z,V10,Longmont,955211d4-28b8-44a0-8023-2bfaa48d6721,SAMMS-BoulderV5
202608232214225422,202608232010370446,202608232010368283,85,3510,Bronze INV,br_ReAssessmentLegal,TASK_COMPLETE,SUCCESS,INFO,1511,1511,0,,2026-08-23T20:10:41.468Z,2026-08-23T22:16:21.732Z,7540,2026-08-23T22:16:21.732Z,V10A,Fort Collins,955211d4-28b8-44a0-8023-2bfaa48d6721,SAMMS-FortCollinsV5
202608232214225423,202608232010370447,202608232010368283,85,3511,Bronze INV,br_ReAssessmentLegal,TASK_COMPLETE,SUCCESS,INFO,2862,2862,0,,2026-08-23T20:10:41.468Z,2026-08-23T22:16:21.732Z,7540,2026-08-23T22:16:21.732Z,V11,Westminster,955211d4-28b8-44a0-8023-2bfaa48d6721,SAMMS-VCPHCS-XI-NorthDenverV5
202608232214225424,202608232010370448,202608232010368283,85,3512,Bronze INV,br_ReAssessmentLegal,TASK_COMPLETE,SUCCESS,INFO,3027,3027,0,,2026-08-23T20:10:41.468Z,2026-08-23T22:16:21.732Z,7540,2026-08-23T22:16:21.732Z,V12,Downtown Denver,955211d4-28b8-44a0-8023-2bfaa48d6721,SAMMS-VCPHCS-XII-DowntownDenverV5
202608232214225425,202608232010370449,202608232010368283,85,3513,Bronze INV,br_ReAssessmentLegal,TASK_COMPLETE,SUCCESS,INFO,1132,1132,0,,2026-08-23T20:10:41.468Z,2026-08-23T22:16:21.732Z,7540,2026-08-23T22:16:21.732Z,V12A,Centennial,955211d4-28b8-44a0-8023-2bfaa48d6721,SAMMS-CentennialV5
202608232214225426,202608232010370450,202608232010368283,85,3514,Bronze INV,br_ReAssessmentLegal,TASK_COMPLETE,SUCCESS,INFO,293,293,0,,2026-08-23T20:10:41.468Z,2026-08-23T22:16:21.732Z,7540,2026-08-23T22:16:21.732Z,V14,Overland Park,955211d4-28b8-44a0-8023-2bfaa48d6721,SAMMS-VCPHCS-XIV-BridgewayV5
202608232214225428,202608232010370451,202608232010368283,85,3515,Bronze INV,br_ReAssessmentLegal,TASK_COMPLETE,SUCCESS,INFO,608,608,0,,2026-08-23T20:10:41.468Z,2026-08-23T22:16:21.732Z,7540,2026-08-23T22:16:21.732Z,V15,Joplin,955211d4-28b8-44a0-8023-2bfaa48d6721,SAMMS-JoplinV5
202608232214222511,202608232010368856,202608232010368283,85,2438,Bronze INV,br_LabResultDetail,TASK_COMPLETE,SUCCESS,INFO,9628,9628,0,,2026-08-23T20:10:41.468Z,2026-08-23T22:16:21.732Z,7540,2026-08-23T22:16:21.732Z,AHK,Ahoskie,955211d4-28b8-44a0-8023-2bfaa48d6721,SAMMS-Ahoskie
202608232214222512,202608232010368857,202608232010368283,85,2439,Bronze INV,br_LabResultDetail,TASK_COMPLETE,SUCCESS,INFO,1390,1390,0,,2026-08-23T20:10:41.468Z,2026-08-23T22:16:21.732Z,7540,2026-08-23T22:16:21.732Z,B12B,Colorado Springs,955211d4-28b8-44a0-8023-2bfaa48d6721,SAMMS-ColoradoSpringsV5
202608232214222513,202608232010368858,202608232010368283,85,2440,Bronze INV,br_LabResultDetail,TASK_COMPLETE,SUCCESS,INFO,1855,1855,0,,2026-08-23T20:10:41.468Z,2026-08-23T22:16:21.732Z,7540,2026-08-23T22:16:21.732Z,B24,Paintsville,955211d4-28b8-44a0-8023-2bfaa48d6721,SAMMS-PaintsvilleV5
202608232214222515,202608232010368859,202608232010368283,85,2441,Bronze INV,br_LabResultDetail,TASK_COMPLETE,SUCCESS,INFO,2314,2314,0,,2026-08-23T20:10:41.468Z,2026-08-23T22:16:21.732Z,7540,2026-08-23T22:16:21.732Z,B25,Pikeville,955211d4-28b8-44a0-8023-2bfaa48d6721,SAMMS-PikevilleV5
202608232214222516,202608232010368860,202608232010368283,85,2442,Bronze INV,br_LabResultDetail,TASK_COMPLETE,SUCCESS,INFO,3171,3171,0,,2026-08-23T20:10:41.468Z,2026-08-23T22:16:21.732Z,7540,2026-08-23T22:16:21.732Z,B26,Hazard,955211d4-28b8-44a0-8023-2bfaa48d6721,SAMMS-HazardV5
202608232214222517,202608232010368861,202608232010368283,85,2443,Bronze INV,br_LabResultDetail,TASK_COMPLETE,SUCCESS,INFO,6,6,0,,2026-08-23T20:10:41.468Z,2026-08-23T22:16:21.732Z,7540,2026-08-23T22:16:21.732Z,B27,Savannah,955211d4-28b8-44a0-8023-2bfaa48d6721,SAMMS-SavannahV6
202608232214222518,202608232010368862,202608232010368283,85,2444,Bronze INV,br_LabResultDetail,TASK_COMPLETE,SUCCESS,INFO,1598,1598,0,,2026-08-23T20:10:41.468Z,2026-08-23T22:16:21.732Z,7540,2026-08-23T22:16:21.732Z,B28,West Plains,955211d4-28b8-44a0-8023-2bfaa48d6721,SAMMS-WestPlainesV5
202608232214222519,202608232010368863,202608232010368283,85,2445,Bronze INV,br_LabResultDetail,TASK_COMPLETE,SUCCESS,INFO,1898,1898,0,,2026-08-23T20:10:41.468Z,2026-08-23T22:16:21.732Z,7540,2026-08-23T22:16:21.732Z,B29,Poplar Bluff,955211d4-28b8-44a0-8023-2bfaa48d6721,SAMMS-PoplarBluffV5
202608232214222521,202608232010368864,202608232010368283,85,2446,Bronze INV,br_LabResultDetail,TASK_COMPLETE,SUCCESS,INFO,1515,1515,0,,2026-08-23T20:10:41.468Z,2026-08-23T22:16:21.732Z,7540,2026-08-23T22:16:21.732Z,B30,KC North,955211d4-28b8-44a0-8023-2bfaa48d6721,SAMMS-KCNv5
202608232214222522,202608232010368865,202608232010368283,85,2447,Bronze INV,br_LabResultDetail,TASK_COMPLETE,SUCCESS,INFO,5437,5437,0,,2026-08-23T20:10:41.468Z,2026-08-23T22:16:21.732Z,7540,2026-08-23T22:16:21.732Z,B31,Dyersburg,955211d4-28b8-44a0-8023-2bfaa48d6721,SAMMS-DyersburgV5
202608232214222523,202608232010368866,202608232010368283,85,2449,Bronze INV,br_LabResultDetail,TASK_COMPLETE,SUCCESS,INFO,4153,4153,0,,2026-08-23T20:10:41.468Z,2026-08-23T22:16:21.732Z,7540,2026-08-23T22:16:21.732Z,B33,Paducah,955211d4-28b8-44a0-8023-2bfaa48d6721,SAMMS-Paducah
202608232214222524,202608232010368867,202608232010368283,85,2450,Bronze INV,br_LabResultDetail,TASK_COMPLETE,SUCCESS,INFO,2360,2360,0,,2026-08-23T20:10:41.468Z,2026-08-23T22:16:21.732Z,7540,2026-08-23T22:16:21.732Z,B34,Corbin,955211d4-28b8-44a0-8023-2bfaa48d6721,SAMMS-CorbinV5
202608232214222525,202608232010368868,202608232010368283,85,2451,Bronze INV,br_LabResultDetail,TASK_COMPLETE,SUCCESS,INFO,11948,11948,0,,2026-08-23T20:10:41.468Z,2026-08-23T22:16:21.732Z,7540,2026-08-23T22:16:21.732Z,B35,Lexington,955211d4-28b8-44a0-8023-2bfaa48d6721,SAMMS-LexingtonV5
202608232214222527,202608232010368869,202608232010368283,85,2452,Bronze INV,br_LabResultDetail,TASK_COMPLETE,SUCCESS,INFO,2556,2556,0,,2026-08-23T20:10:41.468Z,2026-08-23T22:16:21.732Z,7540,2026-08-23T22:16:21.732Z,B35A,Berea,955211d4-28b8-44a0-8023-2bfaa48d6721,SAMMS-BereaV5
202608232214222528,202608232010368870,202608232010368283,85,2453,Bronze INV,br_LabResultDetail,TASK_COMPLETE,SUCCESS,INFO,1228,1228,0,,2026-08-23T20:10:41.468Z,2026-08-23T22:16:21.732Z,7540,2026-08-23T22:16:21.732Z,B36,Asheville,955211d4-28b8-44a0-8023-2bfaa48d6721,SAMMS-AshevilleV5
202608232214222529,202608232010368871,202608232010368283,85,2454,Bronze INV,br_LabResultDetail,TASK_COMPLETE,SUCCESS,INFO,1865,1865,0,,2026-08-23T20:10:41.468Z,2026-08-23T22:16:21.732Z,7540,2026-08-23T22:16:21.732Z,B37,Clyde,955211d4-28b8-44a0-8023-2bfaa48d6721,SAMMS-ClydeV5
202608232214222530,202608232010368872,202608232010368283,85,2455,Bronze INV,br_LabResultDetail,TASK_COMPLETE,SUCCESS,INFO,6345,6345,0,,2026-08-23T20:10:41.468Z,2026-08-23T22:16:21.732Z,7540,2026-08-23T22:16:21.732Z,B38,Spartanburg,955211d4-28b8-44a0-8023-2bfaa48d6721,SAMMS-SpartanburgV5
202608232214222531,202608232010368873,202608232010368283,85,2456,Bronze INV,br_LabResultDetail,TASK_COMPLETE,SUCCESS,INFO,2215,2215,0,,2026-08-23T20:10:41.468Z,2026-08-23T22:16:21.732Z,7540,2026-08-23T22:16:21.732Z,B39,Aiken,955211d4-28b8-44a0-8023-2bfaa48d6721,SAMMS-AikenV5
202608232214222532,202608232010368874,202608232010368283,85,2457,Bronze INV,br_LabResultDetail,TASK_COMPLETE,SUCCESS,INFO,4482,4482,0,,2026-08-23T20:10:41.468Z,2026-08-23T22:16:21.732Z,7540,2026-08-23T22:16:21.732Z,B41,Chesapeake,955211d4-28b8-44a0-8023-2bfaa48d6721,SAMMS-ChesapeakeV5
202608232214222534,202608232010368875,202608232010368283,85,2458,Bronze INV,br_LabResultDetail,TASK_COMPLETE,SUCCESS,INFO,14506,14506,0,,2026-08-23T20:10:41.468Z,2026-08-23T22:16:21.732Z,7540,2026-08-23T22:16:21.732Z,B42,Virginia Beach,955211d4-28b8-44a0-8023-2bfaa48d6721,SAMMS-VirginiaBeachV5
202608232214222535,202608232010368876,202608232010368283,85,2459,Bronze INV,br_LabResultDetail,TASK_COMPLETE,SUCCESS,INFO,1423,1423,0,,2026-08-23T20:10:41.468Z,2026-08-23T22:16:21.732Z,7540,2026-08-23T22:16:21.732Z,B42A,Newport News,955211d4-28b8-44a0-8023-2bfaa48d6721,SAMMS-NewportNewsV5
202608232214222536,202608232010368877,202608232010368283,85,2460,Bronze INV,br_LabResultDetail,TASK_COMPLETE,SUCCESS,INFO,756,756,0,,2026-08-23T20:10:41.468Z,2026-08-23T22:16:21.732Z,7540,2026-08-23T22:16:21.732Z,B42B,Franklin,955211d4-28b8-44a0-8023-2bfaa48d6721,SAMMS-FranklinV5
202608232214222537,202608232010368878,202608232010368283,85,2461,Bronze INV,br_LabResultDetail,TASK_COMPLETE,SUCCESS,INFO,1479,1479,0,,2026-08-23T20:10:41.468Z,2026-08-23T22:16:21.732Z,7540,2026-08-23T22:16:21.732Z,B42C,Glen Allen,955211d4-28b8-44a0-8023-2bfaa48d6721,SAMMS-GlenAllenV5
202608232214222538,202608232010368879,202608232010368283,85,2462,Bronze INV,br_LabResultDetail,TASK_COMPLETE,SUCCESS,INFO,1332,1332,0,,2026-08-23T20:10:41.468Z,2026-08-23T22:16:21.732Z,7540,2026-08-23T22:16:21.732Z,B42D,Chesapeake South,955211d4-28b8-44a0-8023-2bfaa48d6721,SAMMS-ChesapeakeSouthV5
202608232214222539,202608232010368880,202608232010368283,85,2463,Bronze INV,br_LabResultDetail,TASK_COMPLETE,SUCCESS,INFO,3349,3349,0,,2026-08-23T20:10:41.468Z,2026-08-23T22:16:21.732Z,7540,2026-08-23T22:16:21.732Z,B44,Albany,955211d4-28b8-44a0-8023-2bfaa48d6721,SAMMS-AlbanyV5
202608232214222541,202608232010368881,202608232010368283,85,2464,Bronze INV,br_LabResultDetail,TASK_COMPLETE,SUCCESS,INFO,4743,4743,0,,2026-08-23T20:10:41.468Z,2026-08-23T22:16:21.732Z,7540,2026-08-23T22:16:21.732Z,B45,Tifton,955211d4-28b8-44a0-8023-2bfaa48d6721,SAMMS-TiftonV5
202608232214222542,202608232010368882,202608232010368283,85,2465,Bronze INV,br_LabResultDetail,TASK_COMPLETE,SUCCESS,INFO,678,678,0,,2026-08-23T20:10:41.468Z,2026-08-23T22:16:21.732Z,7540,2026-08-23T22:16:21.732Z,B46,Washington DC,955211d4-28b8-44a0-8023-2bfaa48d6721,SAMMS-WashingtonDCv5
202608232214222543,202608232010368883,202608232010368283,85,2466,Bronze INV,br_LabResultDetail,TASK_COMPLETE,SUCCESS,INFO,770,770,0,,2026-08-23T20:10:41.468Z,2026-08-23T22:16:21.732Z,7540,2026-08-23T22:16:21.732Z,B47,Mobile,955211d4-28b8-44a0-8023-2bfaa48d6721,SAMMS-MobileV5
202608232214222544,202608232010368884,202608232010368283,85,2467,Bronze INV,br_LabResultDetail,TASK_COMPLETE,SUCCESS,INFO,3366,3366,0,,2026-08-23T20:10:41.468Z,2026-08-23T22:16:21.732Z,7540,2026-08-23T22:16:21.732Z,B48,Tuscaloosa,955211d4-28b8-44a0-8023-2bfaa48d6721,SAMMS-TuscaloosaV5
202608232214222545,202608232010368885,202608232010368283,85,2476,Bronze INV,br_LabResultDetail,TASK_COMPLETE,SUCCESS,INFO,9,9,0,,2026-08-23T20:10:41.468Z,2026-08-23T22:16:21.732Z,7540,2026-08-23T22:16:21.732Z,B51,N. Little Rock (OTP),955211d4-28b8-44a0-8023-2bfaa48d6721,SAMMS-NorthLittleRockV6
202608232214222546,202608232010368886,202608232010368283,85,2477,Bronze INV,br_LabResultDetail,TASK_COMPLETE,SUCCESS,INFO,257,257,0,,2026-08-23T20:10:41.468Z,2026-08-23T22:16:21.732Z,7540,2026-08-23T22:16:21.732Z,B52,Jackson GA,955211d4-28b8-44a0-8023-2bfaa48d6721,SAMMS-JacksonGAV5
202608232214222548,202608232010368887,202608232010368283,85,2478,Bronze INV,br_LabResultDetail,TASK_COMPLETE,SUCCESS,INFO,2682,2682,0,,2026-08-23T20:10:41.468Z,2026-08-23T22:16:21.732Z,7540,2026-08-23T22:16:21.732Z,B54,Gadsden,955211d4-28b8-44a0-8023-2bfaa48d6721,SAMMS-GadsdenV5
202608232214222549,202608232010368888,202608232010368283,85,2479,Bronze INV,br_LabResultDetail,TASK_COMPLETE,SUCCESS,INFO,679,679,0,,2026-08-23T20:10:41.468Z,2026-08-23T22:16:21.732Z,7540,2026-08-23T22:16:21.732Z,B55,Shoals,955211d4-28b8-44a0-8023-2bfaa48d6721,SAMMS-ShoalsV5
202608232214222550,202608232010368889,202608232010368283,85,2480,Bronze INV,br_LabResultDetail,TASK_COMPLETE,SUCCESS,INFO,4,4,0,,2026-08-23T20:10:41.468Z,2026-08-23T22:16:21.732Z,7540,2026-08-23T22:16:21.732Z,B57,Pawtucket,955211d4-28b8-44a0-8023-2bfaa48d6721,SAMMS-Pawtucket
202608232214222551,202608232010368890,202608232010368283,85,2481,Bronze INV,br_LabResultDetail,TASK_COMPLETE,SUCCESS,INFO,6,6,0,,2026-08-23T20:10:41.468Z,2026-08-23T22:16:21.732Z,7540,2026-08-23T22:16:21.732Z,B57A,Johnston,955211d4-28b8-44a0-8023-2bfaa48d6721,SAMMS-Johnston
202608232214222552,202608232010368891,202608232010368283,85,2482,Bronze INV,br_LabResultDetail,TASK_COMPLETE,SUCCESS,INFO,9,9,0,,2026-08-23T20:10:41.468Z,2026-08-23T22:16:21.732Z,7540,2026-08-23T22:16:21.732Z,B57B,Middletown,955211d4-28b8-44a0-8023-2bfaa48d6721,SAMMS-Middletown
202608232214222553,202608232010368892,202608232010368283,85,2483,Bronze INV,br_LabResultDetail,TASK_COMPLETE,SUCCESS,INFO,3,3,0,,2026-08-23T20:10:41.468Z,2026-08-23T22:16:21.732Z,7540,2026-08-23T22:16:21.732Z,B57C,Providence,955211d4-28b8-44a0-8023-2bfaa48d6721,SAMMS-Providence
202608232214222554,202608232010368893,202608232010368283,85,2484,Bronze INV,br_LabResultDetail,TASK_COMPLETE,SUCCESS,INFO,3,3,0,,2026-08-23T20:10:41.468Z,2026-08-23T22:16:21.732Z,7540,2026-08-23T22:16:21.732Z,B57D,Westerly,955211d4-28b8-44a0-8023-2bfaa48d6721,SAMMS-Westerly
202608232214222556,202608232010368894,202608232010368283,85,2488,Bronze INV,br_LabResultDetail,TASK_COMPLETE,SUCCESS,INFO,4,4,0,,2026-08-23T20:10:41.468Z,2026-08-23T22:16:21.732Z,7540,2026-08-23T22:16:21.732Z,B66A,Bremen,955211d4-28b8-44a0-8023-2bfaa48d6721,SAMMS-Bremen
202608232214222557,202608232010368895,202608232010368283,85,2491,Bronze INV,br_LabResultDetail,TASK_COMPLETE,SUCCESS,INFO,6,6,0,,2026-08-23T20:10:41.468Z,2026-08-23T22:16:21.732Z,7540,2026-08-23T22:16:21.732Z,B72,Mobile (OBOT),955211d4-28b8-44a0-8023-2bfaa48d6721,SAMMS-Mobile-OBOT
202608232214222558,202608232010368896,202608232010368283,85,2492,Bronze INV,br_LabResultDetail,TASK_COMPLETE,SUCCESS,INFO,2,2,0,,2026-08-23T20:10:41.468Z,2026-08-23T22:16:21.732Z,7540,2026-08-23T22:16:21.732Z,B73,Montgomery,955211d4-28b8-44a0-8023-2bfaa48d6721,SAMMS-Montgomery
202608232214222559,202608232010368897,202608232010368283,85,2493,Bronze INV,br_LabResultDetail,TASK_COMPLETE,SUCCESS,INFO,504,504,0,,2026-08-23T20:10:41.468Z,2026-08-23T22:16:21.732Z,7540,2026-08-23T22:16:21.732Z,B75,Lawrence,955211d4-28b8-44a0-8023-2bfaa48d6721,SAMMS-LawrenceV6
202608232214222560,202608232010368898,202608232010368283,85,2494,Bronze INV,br_LabResultDetail,TASK_COMPLETE,SUCCESS,INFO,1,1,0,,2026-08-23T20:10:41.468Z,2026-08-23T22:16:21.732Z,7540,2026-08-23T22:16:21.732Z,B76,Huntsville OBOT,955211d4-28b8-44a0-8023-2bfaa48d6721,SAMMS-Huntsville-OBOT
202608232214222561,202608232010368899,202608232010368283,85,2495,Bronze INV,br_LabResultDetail,TASK_COMPLETE,SUCCESS,INFO,8,8,0,,2026-08-23T20:10:41.468Z,2026-08-23T22:16:21.732Z,7540,2026-08-23T22:16:21.732Z,BAT,Batesville,955211d4-28b8-44a0-8023-2bfaa48d6721,SAMMS-Batesville
202608232214222563,202608232010368900,202608232010368283,85,2496,Bronze INV,br_LabResultDetail,TASK_COMPLETE,SUCCESS,INFO,2977,2977,0,,2026-08-23T20:10:41.468Z,2026-08-23T22:16:21.732Z,7540,2026-08-23T22:16:21.732Z,BG,Bowling Green,955211d4-28b8-44a0-8023-2bfaa48d6721,SAMMS-BowlingGreen
202608232214222564,202608232010368901,202608232010368283,85,2497,Bronze INV,br_LabResultDetail,TASK_COMPLETE,SUCCESS,INFO,190,190,0,,2026-08-23T20:10:41.468Z,2026-08-23T22:16:21.732Z,7540,2026-08-23T22:16:21.732Z,BOI,Boise,955211d4-28b8-44a0-8023-2bfaa48d6721,SAMMS-Boise
202608232214222565,202608232010368902,202608232010368283,85,2504,Bronze INV,br_LabResultDetail,TASK_COMPLETE,SUCCESS,INFO,239,239,0,,2026-08-23T20:10:41.468Z,2026-08-23T22:16:21.732Z,7540,2026-08-23T22:16:21.732Z,CBCO,Coeur dAlene,955211d4-28b8-44a0-8023-2bfaa48d6721,SAMMS-CoeurdAleneV6
202608232214222566,202608232010368903,202608232010368283,85,2523,Bronze INV,br_LabResultDetail,TASK_COMPLETE,SUCCESS,INFO,2,2,0,,2026-08-23T20:10:41.468Z,2026-08-23T22:16:21.732Z,7540,2026-08-23T22:16:21.732Z,CON,Conway,955211d4-28b8-44a0-8023-2bfaa48d6721,SAMMS-Conway
202608232214222567,202608232010368904,202608232010368283,85,2524,Bronze INV,br_LabResultDetail,TASK_COMPLETE,SUCCESS,INFO,15,15,0,,2026-08-23T20:10:41.468Z,2026-08-23T22:16:21.732Z,7540,2026-08-23T22:16:21.732Z,D07,Medical Services Knox TN,955211d4-28b8-44a0-8023-2bfaa48d6721,SAMMS-KnoxvilleV6
202608232214222569,202608232010368905,202608232010368283,85,2525,Bronze INV,br_LabResultDetail,TASK_COMPLETE,SUCCESS,INFO,1001,1001,0,,2026-08-23T20:10:41.468Z,2026-08-23T22:16:21.732Z,7540,2026-08-23T22:16:21.732Z,D08,Madison,955211d4-28b8-44a0-8023-2bfaa48d6721,SAMMS-MadisonV6
202608232214222570,202608232010368906,202608232010368283,85,2527,Bronze INV,br_LabResultDetail,TASK_COMPLETE,SUCCESS,INFO,717,717,0,,2026-08-23T20:10:41.468Z,2026-08-23T22:16:21.732Z,7540,2026-08-23T22:16:21.732Z,D09,Murfreesboro,955211d4-28b8-44a0-8023-2bfaa48d6721,SAMMS-MurfreesboroV6
202608232214222571,202608232010368907,202608232010368283,85,2528,Bronze INV,br_LabResultDetail,TASK_COMPLETE,SUCCESS,INFO,7,7,0,,2026-08-23T20:10:41.468Z,2026-08-23T22:16:21.732Z,7540,2026-08-23T22:16:21.732Z,DA,Davenport,955211d4-28b8-44a0-8023-2bfaa48d6721,SAMMS-Davenport
202608232214222572,202608232010368908,202608232010368283,85,2529,Bronze INV,br_LabResultDetail,TASK_COMPLETE,SUCCESS,INFO,2759,2759,0,,2026-08-23T20:10:41.468Z,2026-08-23T22:16:21.732Z,7540,2026-08-23T22:16:21.732Z,DM,Des Moines,955211d4-28b8-44a0-8023-2bfaa48d6721,SAMMS-DesMoines
202608232214222573,202608232010368909,202608232010368283,85,2531,Bronze INV,br_LabResultDetail,TASK_COMPLETE,SUCCESS,INFO,3523,3523,0,,2026-08-23T20:10:41.468Z,2026-08-23T22:16:21.732Z,7540,2026-08-23T22:16:21.732Z,DRD-CO,Columbia MO,955211d4-28b8-44a0-8023-2bfaa48d6721,SAMMS-ColumbiaV5
202608232214222574,202608232010368910,202608232010368283,85,2532,Bronze INV,br_LabResultDetail,TASK_COMPLETE,SUCCESS,INFO,3417,3417,0,,2026-08-23T20:10:41.468Z,2026-08-23T22:16:21.732Z,7540,2026-08-23T22:16:21.732Z,DRD-KC,KC,955211d4-28b8-44a0-8023-2bfaa48d6721,SAMMS-KCv5
202608232214222575,202608232010368911,202608232010368283,85,2533,Bronze INV,br_LabResultDetail,TASK_COMPLETE,SUCCESS,INFO,19576,19576,0,,2026-08-23T20:10:41.468Z,2026-08-23T22:16:21.732Z,7540,2026-08-23T22:16:21.732Z,DRD-KVB,KVB,955211d4-28b8-44a0-8023-2bfaa48d6721,SAMMS-KVBv5
202608232214222577,202608232010368912,202608232010368283,85,2534,Bronze INV,br_LabResultDetail,TASK_COMPLETE,SUCCESS,INFO,23724,23724,0,,2026-08-23T20:10:41.468Z,2026-08-23T22:16:21.732Z,7540,2026-08-23T22:16:21.732Z,DRD-KVC,KVC,955211d4-28b8-44a0-8023-2bfaa48d6721,SAMMS-KVCv5
202608232214222578,202608232010368913,202608232010368283,85,2535,Bronze INV,br_LabResultDetail,TASK_COMPLETE,SUCCESS,INFO,6438,6438,0,,2026-08-23T20:10:41.468Z,2026-08-23T22:16:21.732Z,7540,2026-08-23T22:16:21.732Z,DRD-NOLA,NOLA,955211d4-28b8-44a0-8023-2bfaa48d6721,SAMMS-NOLAv5
202608232214222579,202608232010368914,202608232010368283,85,2536,Bronze INV,br_LabResultDetail,TASK_COMPLETE,SUCCESS,INFO,5716,5716,0,,2026-08-23T20:10:41.468Z,2026-08-23T22:16:21.732Z,7540,2026-08-23T22:16:21.732Z,DRD-SF,Springfield,955211d4-28b8-44a0-8023-2bfaa48d6721,SAMMS-SFv5
202608232214222580,202608232010368915,202608232010368283,85,2538,Bronze INV,br_LabResultDetail,TASK_COMPLETE,SUCCESS,INFO,16774,16774,0,,2026-08-23T20:10:41.468Z,2026-08-23T22:16:21.732Z,7540,2026-08-23T22:16:21.732Z,ELC,Elizabeth City,955211d4-28b8-44a0-8023-2bfaa48d6721,SAMMS-ElizabethCity
202608232214222581,202608232010368916,202608232010368283,85,2539,Bronze INV,br_LabResultDetail,TASK_COMPLETE,SUCCESS,INFO,3113,3113,0,,2026-08-23T20:10:41.468Z,2026-08-23T22:16:21.732Z,7540,2026-08-23T22:16:21.732Z,ET,Elizabethtown,955211d4-28b8-44a0-8023-2bfaa48d6721,SAMMS-Elizabethtown
202608232214222583,202608232010368917,202608232010368283,85,2540,Bronze INV,br_LabResultDetail,TASK_COMPLETE,SUCCESS,INFO,2,2,0,,2026-08-23T20:10:41.468Z,2026-08-23T22:16:21.732Z,7540,2026-08-23T22:16:21.732Z,FAY,Fayetteville,955211d4-28b8-44a0-8023-2bfaa48d6721,SAMMS-Fayetteville
202608232214222584,202608232010368918,202608232010368283,85,2541,Bronze INV,br_LabResultDetail,TASK_COMPLETE,SUCCESS,INFO,14063,14063,0,,2026-08-23T20:10:41.468Z,2026-08-23T22:16:21.732Z,7540,2026-08-23T22:16:21.732Z,FR,Frankfort,955211d4-28b8-44a0-8023-2bfaa48d6721,SAMMS-Frankfort
202608232214222585,202608232010368919,202608232010368283,85,2542,Bronze INV,br_LabResultDetail,TASK_COMPLETE,SUCCESS,INFO,3,3,0,,2026-08-23T20:10:41.468Z,2026-08-23T22:16:21.732Z,7540,2026-08-23T22:16:21.732Z,FS,Fort Smith,955211d4-28b8-44a0-8023-2bfaa48d6721,SAMMS-FortSmith
202608232214222586,202608232010368920,202608232010368283,85,2543,Bronze INV,br_LabResultDetail,TASK_COMPLETE,SUCCESS,INFO,9168,9168,0,,2026-08-23T20:10:41.468Z,2026-08-23T22:16:21.732Z,7540,2026-08-23T22:16:21.732Z,FW,Fort Wayne,955211d4-28b8-44a0-8023-2bfaa48d6721,SAMMS-FortWayne
202608232214222587,202608232010368921,202608232010368283,85,2544,Bronze INV,br_LabResultDetail,TASK_COMPLETE,SUCCESS,INFO,4,4,0,,2026-08-23T20:10:41.468Z,2026-08-23T22:16:21.732Z,7540,2026-08-23T22:16:21.732Z,GAL,Gaylord,955211d4-28b8-44a0-8023-2bfaa48d6721,SAMMS-Gaylord
202608232214222588,202608232010368922,202608232010368283,85,2548,Bronze INV,br_LabResultDetail,TASK_COMPLETE,SUCCESS,INFO,4754,4754,0,,2026-08-23T20:10:41.468Z,2026-08-23T22:16:21.732Z,7540,2026-08-23T22:16:21.732Z,HGT,Hagerstown,955211d4-28b8-44a0-8023-2bfaa48d6721,SAMMS-Hagerstown
202608232214222590,202608232010368923,202608232010368283,85,2549,Bronze INV,br_LabResultDetail,TASK_COMPLETE,SUCCESS,INFO,647,647,0,,2026-08-23T20:10:41.468Z,2026-08-23T22:16:21.732Z,7540,2026-08-23T22:16:21.732Z,HNT,Huntsville,955211d4-28b8-44a0-8023-2bfaa48d6721,SAMMS-Huntsville
202608232214222591,202608232010368924,202608232010368283,85,2550,Bronze INV,br_LabResultDetail,TASK_COMPLETE,SUCCESS,INFO,2,2,0,,2026-08-23T20:10:41.468Z,2026-08-23T22:16:21.732Z,7540,2026-08-23T22:16:21.732Z,HS,Hot Springs,955211d4-28b8-44a0-8023-2bfaa48d6721,SAMMS-HotSprings
202608232214222592,202608232010368925,202608232010368283,85,2551,Bronze INV,br_LabResultDetail,TASK_COMPLETE,SUCCESS,INFO,4,4,0,,2026-08-23T20:10:41.468Z,2026-08-23T22:16:21.732Z,7540,2026-08-23T22:16:21.732Z,JON,Jonesboro,955211d4-28b8-44a0-8023-2bfaa48d6721,SAMMS-Jonesboro
202608232214222593,202608232010368926,202608232010368283,85,2553,Bronze INV,br_LabResultDetail,TASK_COMPLETE,SUCCESS,INFO,4,4,0,,2026-08-23T20:10:41.468Z,2026-08-23T22:16:21.732Z,7540,2026-08-23T22:16:21.732Z,LAN,Lansing,955211d4-28b8-44a0-8023-2bfaa48d6721,SAMMS-Lansing
202608232214222594,202608232010368927,202608232010368283,85,2554,Bronze INV,br_LabResultDetail,TASK_COMPLETE,SUCCESS,INFO,88941,88941,0,,2026-08-23T20:10:41.468Z,2026-08-23T22:16:21.732Z,7540,2026-08-23T22:16:21.732Z,LO,Louisville,955211d4-28b8-44a0-8023-2bfaa48d6721,SAMMS-Louisville
202608232214222595,202608232010368928,202608232010368283,85,2555,Bronze INV,br_LabResultDetail,TASK_COMPLETE,SUCCESS,INFO,6533,6533,0,,2026-08-23T20:10:41.468Z,2026-08-23T22:16:21.732Z,7540,2026-08-23T22:16:21.732Z,LV1,Cheyenne,955211d4-28b8-44a0-8023-2bfaa48d6721,SAMMS-Cheyenne
202608232214222597,202608232010368929,202608232010368283,85,2556,Bronze INV,br_LabResultDetail,TASK_COMPLETE,SUCCESS,INFO,9491,9491,0,,2026-08-23T20:10:41.468Z,2026-08-23T22:16:21.732Z,7540,2026-08-23T22:16:21.732Z,LV2,Desert Inn,955211d4-28b8-44a0-8023-2bfaa48d6721,SAMMS-DesertInn
202608232214222598,202608232010368930,202608232010368283,85,2557,Bronze INV,br_LabResultDetail,TASK_COMPLETE,SUCCESS,INFO,1882,1882,0,,2026-08-23T20:10:41.468Z,2026-08-23T22:16:21.732Z,7540,2026-08-23T22:16:21.732Z,LV3,McDaniel,955211d4-28b8-44a0-8023-2bfaa48d6721,SAMMS-McDaniel
202608232214222599,202608232010368931,202608232010368283,85,2560,Bronze INV,br_LabResultDetail,TASK_COMPLETE,SUCCESS,INFO,3,3,0,,2026-08-23T20:10:41.468Z,2026-08-23T22:16:21.732Z,7540,2026-08-23T22:16:21.732Z,MNRE,Monroe,955211d4-28b8-44a0-8023-2bfaa48d6721,SAMMS-Monroe
202608232214222600,202608232010368932,202608232010368283,85,2561,Bronze INV,br_LabResultDetail,TASK_COMPLETE,SUCCESS,INFO,2,2,0,,2026-08-23T20:10:41.468Z,2026-08-23T22:16:21.732Z,7540,2026-08-23T22:16:21.732Z,MP,Mt. Pleasant,955211d4-28b8-44a0-8023-2bfaa48d6721,SAMMS-MtPleasant
202608232214222601,202608232010368933,202608232010368283,85,2562,Bronze INV,br_LabResultDetail,TASK_COMPLETE,SUCCESS,INFO,260,260,0,,2026-08-23T20:10:41.468Z,2026-08-23T22:16:21.732Z,7540,2026-08-23T22:16:21.732Z,MRD,Meridian,955211d4-28b8-44a0-8023-2bfaa48d6721,SAMMS-Meridian
202608232214222602,202608232010368934,202608232010368283,85,2567,Bronze INV,br_LabResultDetail,TASK_COMPLETE,SUCCESS,INFO,15250,15250,0,,2026-08-23T20:10:41.468Z,2026-08-23T22:16:21.732Z,7540,2026-08-23T22:16:21.732Z,NC,North Charleston,955211d4-28b8-44a0-8023-2bfaa48d6721,SAMMS-NorthCharleston
202608232214222603,202608232010368935,202608232010368283,85,2568,Bronze INV,br_LabResultDetail,TASK_COMPLETE,SUCCESS,INFO,3,3,0,,2026-08-23T20:10:41.468Z,2026-08-23T22:16:21.732Z,7540,2026-08-23T22:16:21.732Z,NLR,N. Little Rock,955211d4-28b8-44a0-8023-2bfaa48d6721,SAMMS-NLROBOT
202608232214222605,202608232010368936,202608232010368283,85,2569,Bronze INV,br_LabResultDetail,TASK_COMPLETE,SUCCESS,INFO,4833,4833,0,,2026-08-23T20:10:41.468Z,2026-08-23T22:16:21.732Z,7540,2026-08-23T22:16:21.732Z,PH,Phoenix,955211d4-28b8-44a0-8023-2bfaa48d6721,SAMMS-Phoenix
202608232214222606,202608232010368937,202608232010368283,85,2573,Bronze INV,br_LabResultDetail,TASK_COMPLETE,SUCCESS,INFO,62967,62967,0,,2026-08-23T20:10:41.468Z,2026-08-23T22:16:21.732Z,7540,2026-08-23T22:16:21.732Z,RE,Reno,955211d4-28b8-44a0-8023-2bfaa48d6721,SAMMS-Reno
202608232214222607,202608232010368938,202608232010368283,85,2574,Bronze INV,br_LabResultDetail,TASK_COMPLETE,SUCCESS,INFO,2425,2425,0,,2026-08-23T20:10:41.468Z,2026-08-23T22:16:21.732Z,7540,2026-08-23T22:16:21.732Z,RMD,Richmond,955211d4-28b8-44a0-8023-2bfaa48d6721,SAMMS-Richmond
202608232214222608,202608232010368939,202608232010368283,85,2575,Bronze INV,br_LabResultDetail,TASK_COMPLETE,SUCCESS,INFO,3707,3707,0,,2026-08-23T20:10:41.468Z,2026-08-23T22:16:21.732Z,7540,2026-08-23T22:16:21.732Z,SFN,Springfield North,955211d4-28b8-44a0-8023-2bfaa48d6721,SAMMS-SFNv5
202608232214222609,202608232010368940,202608232010368283,85,2576,Bronze INV,br_LabResultDetail,TASK_COMPLETE,SUCCESS,INFO,331,331,0,,2026-08-23T20:10:41.468Z,2026-08-23T22:16:21.732Z,7540,2026-08-23T22:16:21.732Z,SHP,Shreveport,955211d4-28b8-44a0-8023-2bfaa48d6721,SAMMS-Shreveport
202608232214222610,202608232010368941,202608232010368283,85,2578,Bronze INV,br_LabResultDetail,TASK_COMPLETE,SUCCESS,INFO,6,6,0,,2026-08-23T20:10:41.468Z,2026-08-23T22:16:21.732Z,7540,2026-08-23T22:16:21.732Z,STN,Staunton,955211d4-28b8-44a0-8023-2bfaa48d6721,SAMMS-Staunton
202608232214222612,202608232010368942,202608232010368283,85,2579,Bronze INV,br_LabResultDetail,TASK_COMPLETE,SUCCESS,INFO,457,457,0,,2026-08-23T20:10:41.468Z,2026-08-23T22:16:21.732Z,7540,2026-08-23T22:16:21.732Z,STVN,Stevenson,955211d4-28b8-44a0-8023-2bfaa48d6721,SAMMS-Stevenson
202608232214222613,202608232010368943,202608232010368283,85,2581,Bronze INV,br_LabResultDetail,TASK_COMPLETE,SUCCESS,INFO,18155,18155,0,,2026-08-23T20:10:41.468Z,2026-08-23T22:16:21.732Z,7540,2026-08-23T22:16:21.732Z,TE,Tempe,955211d4-28b8-44a0-8023-2bfaa48d6721,SAMMS-Tempe
202608232214222614,202608232010368944,202608232010368283,85,2582,Bronze INV,br_LabResultDetail,TASK_COMPLETE,SUCCESS,INFO,4,4,0,,2026-08-23T20:10:41.468Z,2026-08-23T22:16:21.732Z,7540,2026-08-23T22:16:21.732Z,TEX,Texarkana,955211d4-28b8-44a0-8023-2bfaa48d6721,SAMMS-Texarkana
202608232214222615,202608232010368945,202608232010368283,85,2583,Bronze INV,br_LabResultDetail,TASK_COMPLETE,SUCCESS,INFO,1712,1712,0,,2026-08-23T20:10:41.468Z,2026-08-23T22:16:21.732Z,7540,2026-08-23T22:16:21.732Z,TTCA,Bessemer,955211d4-28b8-44a0-8023-2bfaa48d6721,SAMMS-BessemerV5
202608232214222616,202608232010368946,202608232010368283,85,2584,Bronze INV,br_LabResultDetail,TASK_COMPLETE,SUCCESS,INFO,2141,2141,0,,2026-08-23T20:10:41.468Z,2026-08-23T22:16:21.732Z,7540,2026-08-23T22:16:21.732Z,TTCB,Cullman,955211d4-28b8-44a0-8023-2bfaa48d6721,SAMMS-CullmanV5
202608232214222617,202608232010368947,202608232010368283,85,2585,Bronze INV,br_LabResultDetail,TASK_COMPLETE,SUCCESS,INFO,4,4,0,,2026-08-23T20:10:41.468Z,2026-08-23T22:16:21.732Z,7540,2026-08-23T22:16:21.732Z,TTCC,Grand Bay,955211d4-28b8-44a0-8023-2bfaa48d6721,SAMMS-GrandBay
202608232214222619,202608232010368948,202608232010368283,85,2586,Bronze INV,br_LabResultDetail,TASK_COMPLETE,SUCCESS,INFO,1162,1162,0,,2026-08-23T20:10:41.468Z,2026-08-23T22:16:21.732Z,7540,2026-08-23T22:16:21.732Z,TU,Tucson,955211d4-28b8-44a0-8023-2bfaa48d6721,SAMMS-Tucson
202608232214222620,202608232010368949,202608232010368283,85,2588,Bronze INV,br_LabResultDetail,TASK_COMPLETE,SUCCESS,INFO,5376,5376,0,,2026-08-23T20:10:41.468Z,2026-08-23T22:16:21.732Z,7540,2026-08-23T22:16:21.732Z,V1,Memphis South,955211d4-28b8-44a0-8023-2bfaa48d6721,SAMMS-VCPHCS-I-MemphisV5
202608232214222621,202608232010368950,202608232010368283,85,2589,Bronze INV,br_LabResultDetail,TASK_COMPLETE,SUCCESS,INFO,6258,6258,0,,2026-08-23T20:10:41.468Z,2026-08-23T22:16:21.732Z,7540,2026-08-23T22:16:21.732Z,V10,Longmont,955211d4-28b8-44a0-8023-2bfaa48d6721,SAMMS-BoulderV5
202608232214222622,202608232010368951,202608232010368283,85,2590,Bronze INV,br_LabResultDetail,TASK_COMPLETE,SUCCESS,INFO,3573,3573,0,,2026-08-23T20:10:41.468Z,2026-08-23T22:16:21.732Z,7540,2026-08-23T22:16:21.732Z,V10A,Fort Collins,955211d4-28b8-44a0-8023-2bfaa48d6721,SAMMS-FortCollinsV5
202608232214222623,202608232010368952,202608232010368283,85,2591,Bronze INV,br_LabResultDetail,TASK_COMPLETE,SUCCESS,INFO,7572,7572,0,,2026-08-23T20:10:41.468Z,2026-08-23T22:16:21.732Z,7540,2026-08-23T22:16:21.732Z,V11,Westminster,955211d4-28b8-44a0-8023-2bfaa48d6721,SAMMS-VCPHCS-XI-NorthDenverV5
202608232214222624,202608232010368953,202608232010368283,85,2592,Bronze INV,br_LabResultDetail,TASK_COMPLETE,SUCCESS,INFO,10350,10350,0,,2026-08-23T20:10:41.468Z,2026-08-23T22:16:21.732Z,7540,2026-08-23T22:16:21.732Z,V12,Downtown Denver,955211d4-28b8-44a0-8023-2bfaa48d6721,SAMMS-VCPHCS-XII-DowntownDenverV5
202608232214222626,202608232010368954,202608232010368283,85,2593,Bronze INV,br_LabResultDetail,TASK_COMPLETE,SUCCESS,INFO,4838,4838,0,,2026-08-23T20:10:41.468Z,2026-08-23T22:16:21.732Z,7540,2026-08-23T22:16:21.732Z,V12A,Centennial,955211d4-28b8-44a0-8023-2bfaa48d6721,SAMMS-CentennialV5
202608232214222627,202608232010368955,202608232010368283,85,2594,Bronze INV,br_LabResultDetail,TASK_COMPLETE,SUCCESS,INFO,3384,3384,0,,2026-08-23T20:10:41.468Z,2026-08-23T22:16:21.732Z,7540,2026-08-23T22:16:21.732Z,V14,Overland Park,955211d4-28b8-44a0-8023-2bfaa48d6721,SAMMS-VCPHCS-XIV-BridgewayV5
202608232214222628,202608232010368956,202608232010368283,85,2595,Bronze INV,br_LabResultDetail,TASK_COMPLETE,SUCCESS,INFO,2912,2912,0,,2026-08-23T20:10:41.468Z,2026-08-23T22:16:21.732Z,7540,2026-08-23T22:16:21.732Z,V15,Joplin,955211d4-28b8-44a0-8023-2bfaa48d6721,SAMMS-JoplinV5
202608232214222629,202608232010368957,202608232010368283,85,2597,Bronze INV,br_LabResultDetail,TASK_COMPLETE,SUCCESS,INFO,1339,1339,0,,2026-08-23T20:10:41.468Z,2026-08-23T22:16:21.732Z,7540,2026-08-23T22:16:21.732Z,V17,Columbia TN,955211d4-28b8-44a0-8023-2bfaa48d6721,SAMMS-ColumbiaTNv5
202608232214222630,202608232010368958,202608232010368283,85,2599,Bronze INV,br_LabResultDetail,TASK_COMPLETE,SUCCESS,INFO,5127,5127,0,,2026-08-23T20:10:41.468Z,2026-08-23T22:16:21.732Z,7540,2026-08-23T22:16:21.732Z,V19,Jackson,955211d4-28b8-44a0-8023-2bfaa48d6721,SAMMS-JacksonV5
202608232214222631,202608232010368959,202608232010368283,85,2601,Bronze INV,br_LabResultDetail,TASK_COMPLETE,SUCCESS,INFO,7048,7048,0,,2026-08-23T20:10:41.468Z,2026-08-23T22:16:21.732Z,7540,2026-08-23T22:16:21.732Z,V20,Paris,955211d4-28b8-44a0-8023-2bfaa48d6721,SAMMS-ParisV5
202608232214222632,202608232010368960,202608232010368283,85,2602,Bronze INV,br_LabResultDetail,TASK_COMPLETE,SUCCESS,INFO,6071,6071,0,,2026-08-23T20:10:41.468Z,2026-08-23T22:16:21.732Z,7540,2026-08-23T22:16:21.732Z,V21,Memphis North,955211d4-28b8-44a0-8023-2bfaa48d6721,SAMMS-RaleighV5
202608232214222634,202608232010368961,202608232010368283,85,2605,Bronze INV,br_LabResultDetail,TASK_COMPLETE,SUCCESS,INFO,7026,7026,0,,2026-08-23T20:10:41.468Z,2026-08-23T22:16:21.732Z,7540,2026-08-23T22:16:21.732Z,V5,West Bank,955211d4-28b8-44a0-8023-2bfaa48d6721,SAMMS-NONTCv5
202608232214222635,202608232010368962,202608232010368283,85,2607,Bronze INV,br_LabResultDetail,TASK_COMPLETE,SUCCESS,INFO,529,529,0,,2026-08-23T20:10:41.468Z,2026-08-23T22:16:21.732Z,7540,2026-08-23T22:16:21.732Z,V5B,Houma,955211d4-28b8-44a0-8023-2bfaa48d6721,SAMMS-HoumaV6
202608232214222636,202608232010368963,202608232010368283,85,2608,Bronze INV,br_LabResultDetail,TASK_COMPLETE,SUCCESS,INFO,4798,4798,0,,2026-08-23T20:10:41.468Z,2026-08-23T22:16:21.732Z,7540,2026-08-23T22:16:21.732Z,V6,Lake Charles,955211d4-28b8-44a0-8023-2bfaa48d6721,SAMMS-LCv5
202608232214222637,202608232010368964,202608232010368283,85,2610,Bronze INV,br_LabResultDetail,TASK_COMPLETE,SUCCESS,INFO,19765,19765,0,,2026-08-23T20:10:41.468Z,2026-08-23T22:16:21.732Z,7540,2026-08-23T22:16:21.732Z,V8,Memphis Midtown,955211d4-28b8-44a0-8023-2bfaa48d6721,SAMMS-VCPHCS-VIII-MemphisV5
202608232214222638,202608232010368965,202608232010368283,85,2611,Bronze INV,br_LabResultDetail,TASK_COMPLETE,SUCCESS,INFO,17625,17625,0,,2026-08-23T20:10:41.468Z,2026-08-23T22:16:21.732Z,7540,2026-08-23T22:16:21.732Z,V9,Nashville,955211d4-28b8-44a0-8023-2bfaa48d6721,SAMMS-NashvilleV5
202608232214222639,202608232010368966,202608232010368283,85,2612,Bronze INV,br_LabResultDetail,TASK_COMPLETE,SUCCESS,INFO,1094,1094,0,,2026-08-23T20:10:41.468Z,2026-08-23T22:16:21.732Z,7540,2026-08-23T22:16:21.732Z,VBRA,Brainerd,955211d4-28b8-44a0-8023-2bfaa48d6721,SAMMS-BrainerdV6
202608232214222641,202608232010368967,202608232010368283,85,2613,Bronze INV,br_LabResultDetail,TASK_COMPLETE,SUCCESS,INFO,18,18,0,,2026-08-23T20:10:41.468Z,2026-08-23T22:16:21.732Z,7540,2026-08-23T22:16:21.732Z,VBRP,Brooklyn Park,955211d4-28b8-44a0-8023-2bfaa48d6721,SAMMS-BrooklynParkV6
202608232214222642,202608232010368968,202608232010368283,85,2615,Bronze INV,br_LabResultDetail,TASK_COMPLETE,SUCCESS,INFO,3,3,0,,2026-08-23T20:10:41.468Z,2026-08-23T22:16:21.732Z,7540,2026-08-23T22:16:21.732Z,VMIN,Minneapolis,955211d4-28b8-44a0-8023-2bfaa48d6721,SAMMS-MinneapolisV6
202608232214222643,202608232010368969,202608232010368283,85,2616,Bronze INV,br_LabResultDetail,TASK_COMPLETE,SUCCESS,INFO,8,8,0,,2026-08-23T20:10:41.468Z,2026-08-23T22:16:21.732Z,7540,2026-08-23T22:16:21.732Z,VWBY,Woodbury,955211d4-28b8-44a0-8023-2bfaa48d6721,SAMMS-WoodburyV6
202608232214222644,202608232010368970,202608232010368283,85,2618,Bronze INV,br_LabResultDetail,TASK_COMPLETE,SUCCESS,INFO,8641,8641,0,,2026-08-23T20:10:41.468Z,2026-08-23T22:16:21.732Z,7540,2026-08-23T22:16:21.732Z,WIL,Wilson,955211d4-28b8-44a0-8023-2bfaa48d6721,SAMMS-Wilson
202608252121596598,202608251925574349,202608251925573776,85,2438,Bronze INV,br_LabResultDetail,TASK_COMPLETE,SUCCESS,INFO,9628,9628,0,,2026-08-25T19:26:03.177Z,2026-08-25T21:23:56.829Z,7073,2026-08-25T21:23:56.829Z,AHK,Ahoskie,7eb7a049-5d17-4a23-bb2f-3b9c445afd32,SAMMS-Ahoskie
202608252121596600,202608251925574350,202608251925573776,85,2439,Bronze INV,br_LabResultDetail,TASK_COMPLETE,SUCCESS,INFO,1390,1390,0,,2026-08-25T19:26:03.177Z,2026-08-25T21:23:56.829Z,7073,2026-08-25T21:23:56.829Z,B12B,Colorado Springs,7eb7a049-5d17-4a23-bb2f-3b9c445afd32,SAMMS-ColoradoSpringsV5
202608252121596601,202608251925574351,202608251925573776,85,2440,Bronze INV,br_LabResultDetail,TASK_COMPLETE,SUCCESS,INFO,1855,1855,0,,2026-08-25T19:26:03.177Z,2026-08-25T21:23:56.829Z,7073,2026-08-25T21:23:56.829Z,B24,Paintsville,7eb7a049-5d17-4a23-bb2f-3b9c445afd32,SAMMS-PaintsvilleV5
202608252121596602,202608251925574352,202608251925573776,85,2441,Bronze INV,br_LabResultDetail,TASK_COMPLETE,SUCCESS,INFO,2316,2316,0,,2026-08-25T19:26:03.177Z,2026-08-25T21:23:56.829Z,7073,2026-08-25T21:23:56.829Z,B25,Pikeville,7eb7a049-5d17-4a23-bb2f-3b9c445afd32,SAMMS-PikevilleV5
202608252121596603,202608251925574353,202608251925573776,85,2442,Bronze INV,br_LabResultDetail,TASK_COMPLETE,SUCCESS,INFO,3176,3176,0,,2026-08-25T19:26:03.177Z,2026-08-25T21:23:56.829Z,7073,2026-08-25T21:23:56.829Z,B26,Hazard,7eb7a049-5d17-4a23-bb2f-3b9c445afd32,SAMMS-HazardV5
202608252121596604,202608251925574354,202608251925573776,85,2443,Bronze INV,br_LabResultDetail,TASK_COMPLETE,SUCCESS,INFO,6,6,0,,2026-08-25T19:26:03.177Z,2026-08-25T21:23:56.829Z,7073,2026-08-25T21:23:56.829Z,B27,Savannah,7eb7a049-5d17-4a23-bb2f-3b9c445afd32,SAMMS-SavannahV6
202608252121596606,202608251925574355,202608251925573776,85,2444,Bronze INV,br_LabResultDetail,TASK_COMPLETE,SUCCESS,INFO,1598,1598,0,,2026-08-25T19:26:03.177Z,2026-08-25T21:23:56.829Z,7073,2026-08-25T21:23:56.829Z,B28,West Plains,7eb7a049-5d17-4a23-bb2f-3b9c445afd32,SAMMS-WestPlainesV5
202608252121596607,202608251925574356,202608251925573776,85,2445,Bronze INV,br_LabResultDetail,TASK_COMPLETE,SUCCESS,INFO,1898,1898,0,,2026-08-25T19:26:03.177Z,2026-08-25T21:23:56.829Z,7073,2026-08-25T21:23:56.829Z,B29,Poplar Bluff,7eb7a049-5d17-4a23-bb2f-3b9c445afd32,SAMMS-PoplarBluffV5
202608252121596608,202608251925574357,202608251925573776,85,2446,Bronze INV,br_LabResultDetail,TASK_COMPLETE,SUCCESS,INFO,1518,1518,0,,2026-08-25T19:26:03.177Z,2026-08-25T21:23:56.829Z,7073,2026-08-25T21:23:56.829Z,B30,KC North,7eb7a049-5d17-4a23-bb2f-3b9c445afd32,SAMMS-KCNv5
202608252121596609,202608251925574358,202608251925573776,85,2447,Bronze INV,br_LabResultDetail,TASK_COMPLETE,SUCCESS,INFO,5442,5442,0,,2026-08-25T19:26:03.177Z,2026-08-25T21:23:56.829Z,7073,2026-08-25T21:23:56.829Z,B31,Dyersburg,7eb7a049-5d17-4a23-bb2f-3b9c445afd32,SAMMS-DyersburgV5
202608252121596611,202608251925574359,202608251925573776,85,2449,Bronze INV,br_LabResultDetail,TASK_COMPLETE,SUCCESS,INFO,4156,4156,0,,2026-08-25T19:26:03.177Z,2026-08-25T21:23:56.829Z,7073,2026-08-25T21:23:56.829Z,B33,Paducah,7eb7a049-5d17-4a23-bb2f-3b9c445afd32,SAMMS-Paducah
202608252121596612,202608251925574360,202608251925573776,85,2450,Bronze INV,br_LabResultDetail,TASK_COMPLETE,SUCCESS,INFO,2360,2360,0,,2026-08-25T19:26:03.177Z,2026-08-25T21:23:56.829Z,7073,2026-08-25T21:23:56.829Z,B34,Corbin,7eb7a049-5d17-4a23-bb2f-3b9c445afd32,SAMMS-CorbinV5
202608252121596613,202608251925574361,202608251925573776,85,2451,Bronze INV,br_LabResultDetail,TASK_COMPLETE,SUCCESS,INFO,11984,11984,0,,2026-08-25T19:26:03.177Z,2026-08-25T21:23:56.829Z,7073,2026-08-25T21:23:56.829Z,B35,Lexington,7eb7a049-5d17-4a23-bb2f-3b9c445afd32,SAMMS-LexingtonV5
202608252121596614,202608251925574362,202608251925573776,85,2452,Bronze INV,br_LabResultDetail,TASK_COMPLETE,SUCCESS,INFO,2556,2556,0,,2026-08-25T19:26:03.177Z,2026-08-25T21:23:56.829Z,7073,2026-08-25T21:23:56.829Z,B35A,Berea,7eb7a049-5d17-4a23-bb2f-3b9c445afd32,SAMMS-BereaV5
202608252121596615,202608251925574363,202608251925573776,85,2453,Bronze INV,br_LabResultDetail,TASK_COMPLETE,SUCCESS,INFO,1228,1228,0,,2026-08-25T19:26:03.177Z,2026-08-25T21:23:56.829Z,7073,2026-08-25T21:23:56.829Z,B36,Asheville,7eb7a049-5d17-4a23-bb2f-3b9c445afd32,SAMMS-AshevilleV5
202608252121596616,202608251925574364,202608251925573776,85,2454,Bronze INV,br_LabResultDetail,TASK_COMPLETE,SUCCESS,INFO,1865,1865,0,,2026-08-25T19:26:03.177Z,2026-08-25T21:23:56.829Z,7073,2026-08-25T21:23:56.829Z,B37,Clyde,7eb7a049-5d17-4a23-bb2f-3b9c445afd32,SAMMS-ClydeV5
202608252121596618,202608251925574365,202608251925573776,85,2455,Bronze INV,br_LabResultDetail,TASK_COMPLETE,SUCCESS,INFO,6351,6351,0,,2026-08-25T19:26:03.177Z,2026-08-25T21:23:56.829Z,7073,2026-08-25T21:23:56.829Z,B38,Spartanburg,7eb7a049-5d17-4a23-bb2f-3b9c445afd32,SAMMS-SpartanburgV5
202608252121596619,202608251925574366,202608251925573776,85,2456,Bronze INV,br_LabResultDetail,TASK_COMPLETE,SUCCESS,INFO,2215,2215,0,,2026-08-25T19:26:03.177Z,2026-08-25T21:23:56.829Z,7073,2026-08-25T21:23:56.829Z,B39,Aiken,7eb7a049-5d17-4a23-bb2f-3b9c445afd32,SAMMS-AikenV5
202608252121596620,202608251925574367,202608251925573776,85,2457,Bronze INV,br_LabResultDetail,TASK_COMPLETE,SUCCESS,INFO,4482,4482,0,,2026-08-25T19:26:03.177Z,2026-08-25T21:23:56.829Z,7073,2026-08-25T21:23:56.829Z,B41,Chesapeake,7eb7a049-5d17-4a23-bb2f-3b9c445afd32,SAMMS-ChesapeakeV5
202608252121596621,202608251925574368,202608251925573776,85,2458,Bronze INV,br_LabResultDetail,TASK_COMPLETE,SUCCESS,INFO,14510,14510,0,,2026-08-25T19:26:03.177Z,2026-08-25T21:23:56.829Z,7073,2026-08-25T21:23:56.829Z,B42,Virginia Beach,7eb7a049-5d17-4a23-bb2f-3b9c445afd32,SAMMS-VirginiaBeachV5
202608252121596622,202608251925574369,202608251925573776,85,2459,Bronze INV,br_LabResultDetail,TASK_COMPLETE,SUCCESS,INFO,1424,1424,0,,2026-08-25T19:26:03.177Z,2026-08-25T21:23:56.829Z,7073,2026-08-25T21:23:56.829Z,B42A,Newport News,7eb7a049-5d17-4a23-bb2f-3b9c445afd32,SAMMS-NewportNewsV5
202608252121596623,202608251925574370,202608251925573776,85,2460,Bronze INV,br_LabResultDetail,TASK_COMPLETE,SUCCESS,INFO,756,756,0,,2026-08-25T19:26:03.177Z,2026-08-25T21:23:56.829Z,7073,2026-08-25T21:23:56.829Z,B42B,Franklin,7eb7a049-5d17-4a23-bb2f-3b9c445afd32,SAMMS-FranklinV5
202608252121596625,202608251925574371,202608251925573776,85,2461,Bronze INV,br_LabResultDetail,TASK_COMPLETE,SUCCESS,INFO,1482,1482,0,,2026-08-25T19:26:03.177Z,2026-08-25T21:23:56.829Z,7073,2026-08-25T21:23:56.829Z,B42C,Glen Allen,7eb7a049-5d17-4a23-bb2f-3b9c445afd32,SAMMS-GlenAllenV5
202608252121596626,202608251925574372,202608251925573776,85,2462,Bronze INV,br_LabResultDetail,TASK_COMPLETE,SUCCESS,INFO,1332,1332,0,,2026-08-25T19:26:03.177Z,2026-08-25T21:23:56.829Z,7073,2026-08-25T21:23:56.829Z,B42D,Chesapeake South,7eb7a049-5d17-4a23-bb2f-3b9c445afd32,SAMMS-ChesapeakeSouthV5
202608252121596627,202608251925574373,202608251925573776,85,2463,Bronze INV,br_LabResultDetail,TASK_COMPLETE,SUCCESS,INFO,3349,3349,0,,2026-08-25T19:26:03.177Z,2026-08-25T21:23:56.829Z,7073,2026-08-25T21:23:56.829Z,B44,Albany,7eb7a049-5d17-4a23-bb2f-3b9c445afd32,SAMMS-AlbanyV5
202608252121596628,202608251925574374,202608251925573776,85,2464,Bronze INV,br_LabResultDetail,TASK_COMPLETE,SUCCESS,INFO,4743,4743,0,,2026-08-25T19:26:03.177Z,2026-08-25T21:23:56.829Z,7073,2026-08-25T21:23:56.829Z,B45,Tifton,7eb7a049-5d17-4a23-bb2f-3b9c445afd32,SAMMS-TiftonV5
202608252121596629,202608251925574375,202608251925573776,85,2465,Bronze INV,br_LabResultDetail,TASK_COMPLETE,SUCCESS,INFO,679,679,0,,2026-08-25T19:26:03.177Z,2026-08-25T21:23:56.829Z,7073,2026-08-25T21:23:56.829Z,B46,Washington DC,7eb7a049-5d17-4a23-bb2f-3b9c445afd32,SAMMS-WashingtonDCv5
202608252121596630,202608251925574376,202608251925573776,85,2466,Bronze INV,br_LabResultDetail,TASK_COMPLETE,SUCCESS,INFO,770,770,0,,2026-08-25T19:26:03.177Z,2026-08-25T21:23:56.829Z,7073,2026-08-25T21:23:56.829Z,B47,Mobile,7eb7a049-5d17-4a23-bb2f-3b9c445afd32,SAMMS-MobileV5
202608252121596632,202608251925574377,202608251925573776,85,2467,Bronze INV,br_LabResultDetail,TASK_COMPLETE,SUCCESS,INFO,3367,3367,0,,2026-08-25T19:26:03.177Z,2026-08-25T21:23:56.829Z,7073,2026-08-25T21:23:56.829Z,B48,Tuscaloosa,7eb7a049-5d17-4a23-bb2f-3b9c445afd32,SAMMS-TuscaloosaV5
202608252121596633,202608251925574378,202608251925573776,85,2476,Bronze INV,br_LabResultDetail,TASK_COMPLETE,SUCCESS,INFO,9,9,0,,2026-08-25T19:26:03.177Z,2026-08-25T21:23:56.829Z,7073,2026-08-25T21:23:56.829Z,B51,N. Little Rock (OTP),7eb7a049-5d17-4a23-bb2f-3b9c445afd32,SAMMS-NorthLittleRockV6
202608252121596634,202608251925574379,202608251925573776,85,2477,Bronze INV,br_LabResultDetail,TASK_COMPLETE,SUCCESS,INFO,258,258,0,,2026-08-25T19:26:03.177Z,2026-08-25T21:23:56.829Z,7073,2026-08-25T21:23:56.829Z,B52,Jackson GA,7eb7a049-5d17-4a23-bb2f-3b9c445afd32,SAMMS-JacksonGAV5
202608252121596635,202608251925574380,202608251925573776,85,2478,Bronze INV,br_LabResultDetail,TASK_COMPLETE,SUCCESS,INFO,2682,2682,0,,2026-08-25T19:26:03.177Z,2026-08-25T21:23:56.829Z,7073,2026-08-25T21:23:56.829Z,B54,Gadsden,7eb7a049-5d17-4a23-bb2f-3b9c445afd32,SAMMS-GadsdenV5
202608252121596636,202608251925574381,202608251925573776,85,2479,Bronze INV,br_LabResultDetail,TASK_COMPLETE,SUCCESS,INFO,679,679,0,,2026-08-25T19:26:03.177Z,2026-08-25T21:23:56.829Z,7073,2026-08-25T21:23:56.829Z,B55,Shoals,7eb7a049-5d17-4a23-bb2f-3b9c445afd32,SAMMS-ShoalsV5
202608252121596637,202608251925574382,202608251925573776,85,2480,Bronze INV,br_LabResultDetail,TASK_COMPLETE,SUCCESS,INFO,4,4,0,,2026-08-25T19:26:03.177Z,2026-08-25T21:23:56.829Z,7073,2026-08-25T21:23:56.829Z,B57,Pawtucket,7eb7a049-5d17-4a23-bb2f-3b9c445afd32,SAMMS-Pawtucket
202608252121596639,202608251925574383,202608251925573776,85,2481,Bronze INV,br_LabResultDetail,TASK_COMPLETE,SUCCESS,INFO,6,6,0,,2026-08-25T19:26:03.177Z,2026-08-25T21:23:56.829Z,7073,2026-08-25T21:23:56.829Z,B57A,Johnston,7eb7a049-5d17-4a23-bb2f-3b9c445afd32,SAMMS-Johnston
202608252121596640,202608251925574384,202608251925573776,85,2482,Bronze INV,br_LabResultDetail,TASK_COMPLETE,SUCCESS,INFO,9,9,0,,2026-08-25T19:26:03.177Z,2026-08-25T21:23:56.829Z,7073,2026-08-25T21:23:56.829Z,B57B,Middletown,7eb7a049-5d17-4a23-bb2f-3b9c445afd32,SAMMS-Middletown
202608252121596641,202608251925574385,202608251925573776,85,2483,Bronze INV,br_LabResultDetail,TASK_COMPLETE,SUCCESS,INFO,3,3,0,,2026-08-25T19:26:03.177Z,2026-08-25T21:23:56.829Z,7073,2026-08-25T21:23:56.829Z,B57C,Providence,7eb7a049-5d17-4a23-bb2f-3b9c445afd32,SAMMS-Providence
202608252121596642,202608251925574386,202608251925573776,85,2484,Bronze INV,br_LabResultDetail,TASK_COMPLETE,SUCCESS,INFO,3,3,0,,2026-08-25T19:26:03.177Z,2026-08-25T21:23:56.829Z,7073,2026-08-25T21:23:56.829Z,B57D,Westerly,7eb7a049-5d17-4a23-bb2f-3b9c445afd32,SAMMS-Westerly
202608252121596644,202608251925574387,202608251925573776,85,2488,Bronze INV,br_LabResultDetail,TASK_COMPLETE,SUCCESS,INFO,4,4,0,,2026-08-25T19:26:03.177Z,2026-08-25T21:23:56.829Z,7073,2026-08-25T21:23:56.829Z,B66A,Bremen,7eb7a049-5d17-4a23-bb2f-3b9c445afd32,SAMMS-Bremen
202608252121596645,202608251925574388,202608251925573776,85,2491,Bronze INV,br_LabResultDetail,TASK_COMPLETE,SUCCESS,INFO,6,6,0,,2026-08-25T19:26:03.177Z,2026-08-25T21:23:56.829Z,7073,2026-08-25T21:23:56.829Z,B72,Mobile (OBOT),7eb7a049-5d17-4a23-bb2f-3b9c445afd32,SAMMS-Mobile-OBOT
202608252121596646,202608251925574389,202608251925573776,85,2492,Bronze INV,br_LabResultDetail,TASK_COMPLETE,SUCCESS,INFO,2,2,0,,2026-08-25T19:26:03.177Z,2026-08-25T21:23:56.829Z,7073,2026-08-25T21:23:56.829Z,B73,Montgomery,7eb7a049-5d17-4a23-bb2f-3b9c445afd32,SAMMS-Montgomery
202608252121596647,202608251925574390,202608251925573776,85,2493,Bronze INV,br_LabResultDetail,TASK_COMPLETE,SUCCESS,INFO,508,508,0,,2026-08-25T19:26:03.177Z,2026-08-25T21:23:56.829Z,7073,2026-08-25T21:23:56.829Z,B75,Lawrence,7eb7a049-5d17-4a23-bb2f-3b9c445afd32,SAMMS-LawrenceV6
202608252121596648,202608251925574391,202608251925573776,85,2494,Bronze INV,br_LabResultDetail,TASK_COMPLETE,SUCCESS,INFO,1,1,0,,2026-08-25T19:26:03.177Z,2026-08-25T21:23:56.829Z,7073,2026-08-25T21:23:56.829Z,B76,Huntsville OBOT,7eb7a049-5d17-4a23-bb2f-3b9c445afd32,SAMMS-Huntsville-OBOT
202608252121596649,202608251925574392,202608251925573776,85,2495,Bronze INV,br_LabResultDetail,TASK_COMPLETE,SUCCESS,INFO,8,8,0,,2026-08-25T19:26:03.177Z,2026-08-25T21:23:56.829Z,7073,2026-08-25T21:23:56.829Z,BAT,Batesville,7eb7a049-5d17-4a23-bb2f-3b9c445afd32,SAMMS-Batesville
202608252121596651,202608251925574393,202608251925573776,85,2496,Bronze INV,br_LabResultDetail,TASK_COMPLETE,SUCCESS,INFO,2977,2977,0,,2026-08-25T19:26:03.177Z,2026-08-25T21:23:56.829Z,7073,2026-08-25T21:23:56.829Z,BG,Bowling Green,7eb7a049-5d17-4a23-bb2f-3b9c445afd32,SAMMS-BowlingGreen
202608252121596652,202608251925574394,202608251925573776,85,2497,Bronze INV,br_LabResultDetail,TASK_COMPLETE,SUCCESS,INFO,191,191,0,,2026-08-25T19:26:03.177Z,2026-08-25T21:23:56.829Z,7073,2026-08-25T21:23:56.829Z,BOI,Boise,7eb7a049-5d17-4a23-bb2f-3b9c445afd32,SAMMS-Boise
202608252121596653,202608251925574395,202608251925573776,85,2504,Bronze INV,br_LabResultDetail,TASK_COMPLETE,SUCCESS,INFO,239,239,0,,2026-08-25T19:26:03.177Z,2026-08-25T21:23:56.829Z,7073,2026-08-25T21:23:56.829Z,CBCO,Coeur dAlene,7eb7a049-5d17-4a23-bb2f-3b9c445afd32,SAMMS-CoeurdAleneV6
202608252121596654,202608251925574396,202608251925573776,85,2523,Bronze INV,br_LabResultDetail,TASK_COMPLETE,SUCCESS,INFO,2,2,0,,2026-08-25T19:26:03.177Z,2026-08-25T21:23:56.829Z,7073,2026-08-25T21:23:56.829Z,CON,Conway,7eb7a049-5d17-4a23-bb2f-3b9c445afd32,SAMMS-Conway
202608252121596655,202608251925574397,202608251925573776,85,2524,Bronze INV,br_LabResultDetail,TASK_COMPLETE,SUCCESS,INFO,15,15,0,,2026-08-25T19:26:03.177Z,2026-08-25T21:23:56.829Z,7073,2026-08-25T21:23:56.829Z,D07,Medical Services Knox TN,7eb7a049-5d17-4a23-bb2f-3b9c445afd32,SAMMS-KnoxvilleV6
202608252121596656,202608251925574398,202608251925573776,85,2525,Bronze INV,br_LabResultDetail,TASK_COMPLETE,SUCCESS,INFO,1001,1001,0,,2026-08-25T19:26:03.177Z,2026-08-25T21:23:56.829Z,7073,2026-08-25T21:23:56.829Z,D08,Madison,7eb7a049-5d17-4a23-bb2f-3b9c445afd32,SAMMS-MadisonV6
202608252121596658,202608251925574399,202608251925573776,85,2527,Bronze INV,br_LabResultDetail,TASK_COMPLETE,SUCCESS,INFO,717,717,0,,2026-08-25T19:26:03.177Z,2026-08-25T21:23:56.829Z,7073,2026-08-25T21:23:56.829Z,D09,Murfreesboro,7eb7a049-5d17-4a23-bb2f-3b9c445afd32,SAMMS-MurfreesboroV6
202608252121596659,202608251925574400,202608251925573776,85,2528,Bronze INV,br_LabResultDetail,TASK_COMPLETE,SUCCESS,INFO,7,7,0,,2026-08-25T19:26:03.177Z,2026-08-25T21:23:56.829Z,7073,2026-08-25T21:23:56.829Z,DA,Davenport,7eb7a049-5d17-4a23-bb2f-3b9c445afd32,SAMMS-Davenport
202608252121596660,202608251925574401,202608251925573776,85,2529,Bronze INV,br_LabResultDetail,TASK_COMPLETE,SUCCESS,INFO,2759,2759,0,,2026-08-25T19:26:03.177Z,2026-08-25T21:23:56.829Z,7073,2026-08-25T21:23:56.829Z,DM,Des Moines,7eb7a049-5d17-4a23-bb2f-3b9c445afd32,SAMMS-DesMoines
202608252121596661,202608251925574402,202608251925573776,85,2531,Bronze INV,br_LabResultDetail,TASK_COMPLETE,SUCCESS,INFO,3523,3523,0,,2026-08-25T19:26:03.177Z,2026-08-25T21:23:56.829Z,7073,2026-08-25T21:23:56.829Z,DRD-CO,Columbia MO,7eb7a049-5d17-4a23-bb2f-3b9c445afd32,SAMMS-ColumbiaV5
202608252121596662,202608251925574403,202608251925573776,85,2532,Bronze INV,br_LabResultDetail,TASK_COMPLETE,SUCCESS,INFO,3419,3419,0,,2026-08-25T19:26:03.177Z,2026-08-25T21:23:56.829Z,7073,2026-08-25T21:23:56.829Z,DRD-KC,KC,7eb7a049-5d17-4a23-bb2f-3b9c445afd32,SAMMS-KCv5
202608252121596663,202608251925574404,202608251925573776,85,2533,Bronze INV,br_LabResultDetail,TASK_COMPLETE,SUCCESS,INFO,19596,19596,0,,2026-08-25T19:26:03.177Z,2026-08-25T21:23:56.829Z,7073,2026-08-25T21:23:56.829Z,DRD-KVB,KVB,7eb7a049-5d17-4a23-bb2f-3b9c445afd32,SAMMS-KVBv5
202608252121596665,202608251925574405,202608251925573776,85,2534,Bronze INV,br_LabResultDetail,TASK_COMPLETE,SUCCESS,INFO,23737,23737,0,,2026-08-25T19:26:03.177Z,2026-08-25T21:23:56.829Z,7073,2026-08-25T21:23:56.829Z,DRD-KVC,KVC,7eb7a049-5d17-4a23-bb2f-3b9c445afd32,SAMMS-KVCv5
202608252121596666,202608251925574406,202608251925573776,85,2535,Bronze INV,br_LabResultDetail,TASK_COMPLETE,SUCCESS,INFO,6438,6438,0,,2026-08-25T19:26:03.177Z,2026-08-25T21:23:56.829Z,7073,2026-08-25T21:23:56.829Z,DRD-NOLA,NOLA,7eb7a049-5d17-4a23-bb2f-3b9c445afd32,SAMMS-NOLAv5
202608252121596667,202608251925574407,202608251925573776,85,2536,Bronze INV,br_LabResultDetail,TASK_COMPLETE,SUCCESS,INFO,5723,5723,0,,2026-08-25T19:26:03.177Z,2026-08-25T21:23:56.829Z,7073,2026-08-25T21:23:56.829Z,DRD-SF,Springfield,7eb7a049-5d17-4a23-bb2f-3b9c445afd32,SAMMS-SFv5
202608252121596668,202608251925574408,202608251925573776,85,2538,Bronze INV,br_LabResultDetail,TASK_COMPLETE,SUCCESS,INFO,16775,16775,0,,2026-08-25T19:26:03.177Z,2026-08-25T21:23:56.829Z,7073,2026-08-25T21:23:56.829Z,ELC,Elizabeth City,7eb7a049-5d17-4a23-bb2f-3b9c445afd32,SAMMS-ElizabethCity
202608252121596669,202608251925574409,202608251925573776,85,2539,Bronze INV,br_LabResultDetail,TASK_COMPLETE,SUCCESS,INFO,3113,3113,0,,2026-08-25T19:26:03.177Z,2026-08-25T21:23:56.829Z,7073,2026-08-25T21:23:56.829Z,ET,Elizabethtown,7eb7a049-5d17-4a23-bb2f-3b9c445afd32,SAMMS-Elizabethtown
202608252121596670,202608251925574410,202608251925573776,85,2540,Bronze INV,br_LabResultDetail,TASK_COMPLETE,SUCCESS,INFO,2,2,0,,2026-08-25T19:26:03.177Z,2026-08-25T21:23:56.829Z,7073,2026-08-25T21:23:56.829Z,FAY,Fayetteville,7eb7a049-5d17-4a23-bb2f-3b9c445afd32,SAMMS-Fayetteville
202608252121596672,202608251925574411,202608251925573776,85,2541,Bronze INV,br_LabResultDetail,TASK_COMPLETE,SUCCESS,INFO,14063,14063,0,,2026-08-25T19:26:03.177Z,2026-08-25T21:23:56.829Z,7073,2026-08-25T21:23:56.829Z,FR,Frankfort,7eb7a049-5d17-4a23-bb2f-3b9c445afd32,SAMMS-Frankfort
202608252121596673,202608251925574412,202608251925573776,85,2542,Bronze INV,br_LabResultDetail,TASK_COMPLETE,SUCCESS,INFO,3,3,0,,2026-08-25T19:26:03.177Z,2026-08-25T21:23:56.829Z,7073,2026-08-25T21:23:56.829Z,FS,Fort Smith,7eb7a049-5d17-4a23-bb2f-3b9c445afd32,SAMMS-FortSmith
202608252121596674,202608251925574413,202608251925573776,85,2543,Bronze INV,br_LabResultDetail,TASK_COMPLETE,SUCCESS,INFO,9174,9174,0,,2026-08-25T19:26:03.177Z,2026-08-25T21:23:56.829Z,7073,2026-08-25T21:23:56.829Z,FW,Fort Wayne,7eb7a049-5d17-4a23-bb2f-3b9c445afd32,SAMMS-FortWayne
202608252121596675,202608251925574414,202608251925573776,85,2544,Bronze INV,br_LabResultDetail,TASK_COMPLETE,SUCCESS,INFO,4,4,0,,2026-08-25T19:26:03.177Z,2026-08-25T21:23:56.829Z,7073,2026-08-25T21:23:56.829Z,GAL,Gaylord,7eb7a049-5d17-4a23-bb2f-3b9c445afd32,SAMMS-Gaylord
202608252121596676,202608251925574415,202608251925573776,85,2548,Bronze INV,br_LabResultDetail,TASK_COMPLETE,SUCCESS,INFO,4764,4764,0,,2026-08-25T19:26:03.177Z,2026-08-25T21:23:56.829Z,7073,2026-08-25T21:23:56.829Z,HGT,Hagerstown,7eb7a049-5d17-4a23-bb2f-3b9c445afd32,SAMMS-Hagerstown
202608252121596677,202608251925574416,202608251925573776,85,2549,Bronze INV,br_LabResultDetail,TASK_COMPLETE,SUCCESS,INFO,647,647,0,,2026-08-25T19:26:03.177Z,2026-08-25T21:23:56.829Z,7073,2026-08-25T21:23:56.829Z,HNT,Huntsville,7eb7a049-5d17-4a23-bb2f-3b9c445afd32,SAMMS-Huntsville
202608252121596679,202608251925574417,202608251925573776,85,2550,Bronze INV,br_LabResultDetail,TASK_COMPLETE,SUCCESS,INFO,2,2,0,,2026-08-25T19:26:03.177Z,2026-08-25T21:23:56.829Z,7073,2026-08-25T21:23:56.829Z,HS,Hot Springs,7eb7a049-5d17-4a23-bb2f-3b9c445afd32,SAMMS-HotSprings
202608252121596680,202608251925574418,202608251925573776,85,2551,Bronze INV,br_LabResultDetail,TASK_COMPLETE,SUCCESS,INFO,4,4,0,,2026-08-25T19:26:03.177Z,2026-08-25T21:23:56.829Z,7073,2026-08-25T21:23:56.829Z,JON,Jonesboro,7eb7a049-5d17-4a23-bb2f-3b9c445afd32,SAMMS-Jonesboro
202608252121596681,202608251925574419,202608251925573776,85,2553,Bronze INV,br_LabResultDetail,TASK_COMPLETE,SUCCESS,INFO,4,4,0,,2026-08-25T19:26:03.177Z,2026-08-25T21:23:56.829Z,7073,2026-08-25T21:23:56.829Z,LAN,Lansing,7eb7a049-5d17-4a23-bb2f-3b9c445afd32,SAMMS-Lansing
202608252121596682,202608251925574420,202608251925573776,85,2554,Bronze INV,br_LabResultDetail,TASK_COMPLETE,SUCCESS,INFO,88941,88941,0,,2026-08-25T19:26:03.177Z,2026-08-25T21:23:56.829Z,7073,2026-08-25T21:23:56.829Z,LO,Louisville,7eb7a049-5d17-4a23-bb2f-3b9c445afd32,SAMMS-Louisville
202608252121596683,202608251925574421,202608251925573776,85,2555,Bronze INV,br_LabResultDetail,TASK_COMPLETE,SUCCESS,INFO,6534,6534,0,,2026-08-25T19:26:03.177Z,2026-08-25T21:23:56.829Z,7073,2026-08-25T21:23:56.829Z,LV1,Cheyenne,7eb7a049-5d17-4a23-bb2f-3b9c445afd32,SAMMS-Cheyenne
202608252121596685,202608251925574422,202608251925573776,85,2556,Bronze INV,br_LabResultDetail,TASK_COMPLETE,SUCCESS,INFO,9491,9491,0,,2026-08-25T19:26:03.177Z,2026-08-25T21:23:56.829Z,7073,2026-08-25T21:23:56.829Z,LV2,Desert Inn,7eb7a049-5d17-4a23-bb2f-3b9c445afd32,SAMMS-DesertInn
202608252121596686,202608251925574423,202608251925573776,85,2557,Bronze INV,br_LabResultDetail,TASK_COMPLETE,SUCCESS,INFO,1882,1882,0,,2026-08-25T19:26:03.177Z,2026-08-25T21:23:56.829Z,7073,2026-08-25T21:23:56.829Z,LV3,McDaniel,7eb7a049-5d17-4a23-bb2f-3b9c445afd32,SAMMS-McDaniel
202608252121596687,202608251925574424,202608251925573776,85,2560,Bronze INV,br_LabResultDetail,TASK_COMPLETE,SUCCESS,INFO,3,3,0,,2026-08-25T19:26:03.177Z,2026-08-25T21:23:56.829Z,7073,2026-08-25T21:23:56.829Z,MNRE,Monroe,7eb7a049-5d17-4a23-bb2f-3b9c445afd32,SAMMS-Monroe
202608252121596688,202608251925574425,202608251925573776,85,2561,Bronze INV,br_LabResultDetail,TASK_COMPLETE,SUCCESS,INFO,2,2,0,,2026-08-25T19:26:03.177Z,2026-08-25T21:23:56.829Z,7073,2026-08-25T21:23:56.829Z,MP,Mt. Pleasant,7eb7a049-5d17-4a23-bb2f-3b9c445afd32,SAMMS-MtPleasant
202608252121596689,202608251925574426,202608251925573776,85,2562,Bronze INV,br_LabResultDetail,TASK_COMPLETE,SUCCESS,INFO,260,260,0,,2026-08-25T19:26:03.177Z,2026-08-25T21:23:56.829Z,7073,2026-08-25T21:23:56.829Z,MRD,Meridian,7eb7a049-5d17-4a23-bb2f-3b9c445afd32,SAMMS-Meridian
202608252121596690,202608251925574427,202608251925573776,85,2567,Bronze INV,br_LabResultDetail,TASK_COMPLETE,SUCCESS,INFO,15250,15250,0,,2026-08-25T19:26:03.177Z,2026-08-25T21:23:56.829Z,7073,2026-08-25T21:23:56.829Z,NC,North Charleston,7eb7a049-5d17-4a23-bb2f-3b9c445afd32,SAMMS-NorthCharleston
202608252121596692,202608251925574428,202608251925573776,85,2568,Bronze INV,br_LabResultDetail,TASK_COMPLETE,SUCCESS,INFO,3,3,0,,2026-08-25T19:26:03.177Z,2026-08-25T21:23:56.829Z,7073,2026-08-25T21:23:56.829Z,NLR,N. Little Rock,7eb7a049-5d17-4a23-bb2f-3b9c445afd32,SAMMS-NLROBOT
202608252121596693,202608251925574429,202608251925573776,85,2569,Bronze INV,br_LabResultDetail,TASK_COMPLETE,SUCCESS,INFO,4833,4833,0,,2026-08-25T19:26:03.177Z,2026-08-25T21:23:56.829Z,7073,2026-08-25T21:23:56.829Z,PH,Phoenix,7eb7a049-5d17-4a23-bb2f-3b9c445afd32,SAMMS-Phoenix
202608252121596694,202608251925574430,202608251925573776,85,2573,Bronze INV,br_LabResultDetail,TASK_COMPLETE,SUCCESS,INFO,62967,62967,0,,2026-08-25T19:26:03.177Z,2026-08-25T21:23:56.829Z,7073,2026-08-25T21:23:56.829Z,RE,Reno,7eb7a049-5d17-4a23-bb2f-3b9c445afd32,SAMMS-Reno
202608252121596695,202608251925574431,202608251925573776,85,2574,Bronze INV,br_LabResultDetail,TASK_COMPLETE,SUCCESS,INFO,2435,2435,0,,2026-08-25T19:26:03.177Z,2026-08-25T21:23:56.829Z,7073,2026-08-25T21:23:56.829Z,RMD,Richmond,7eb7a049-5d17-4a23-bb2f-3b9c445afd32,SAMMS-Richmond
202608252121596696,202608251925574432,202608251925573776,85,2575,Bronze INV,br_LabResultDetail,TASK_COMPLETE,SUCCESS,INFO,3710,3710,0,,2026-08-25T19:26:03.177Z,2026-08-25T21:23:56.829Z,7073,2026-08-25T21:23:56.829Z,SFN,Springfield North,7eb7a049-5d17-4a23-bb2f-3b9c445afd32,SAMMS-SFNv5
202608252121596697,202608251925574433,202608251925573776,85,2576,Bronze INV,br_LabResultDetail,TASK_COMPLETE,SUCCESS,INFO,331,331,0,,2026-08-25T19:26:03.177Z,2026-08-25T21:23:56.829Z,7073,2026-08-25T21:23:56.829Z,SHP,Shreveport,7eb7a049-5d17-4a23-bb2f-3b9c445afd32,SAMMS-Shreveport
202608252121596698,202608251925574434,202608251925573776,85,2578,Bronze INV,br_LabResultDetail,TASK_COMPLETE,SUCCESS,INFO,6,6,0,,2026-08-25T19:26:03.177Z,2026-08-25T21:23:56.829Z,7073,2026-08-25T21:23:56.829Z,STN,Staunton,7eb7a049-5d17-4a23-bb2f-3b9c445afd32,SAMMS-Staunton
202608252121596700,202608251925574435,202608251925573776,85,2579,Bronze INV,br_LabResultDetail,TASK_COMPLETE,SUCCESS,INFO,460,460,0,,2026-08-25T19:26:03.177Z,2026-08-25T21:23:56.829Z,7073,2026-08-25T21:23:56.829Z,STVN,Stevenson,7eb7a049-5d17-4a23-bb2f-3b9c445afd32,SAMMS-Stevenson
202608252121596701,202608251925574436,202608251925573776,85,2581,Bronze INV,br_LabResultDetail,TASK_COMPLETE,SUCCESS,INFO,18155,18155,0,,2026-08-25T19:26:03.177Z,2026-08-25T21:23:56.829Z,7073,2026-08-25T21:23:56.829Z,TE,Tempe,7eb7a049-5d17-4a23-bb2f-3b9c445afd32,SAMMS-Tempe
202608252121596702,202608251925574437,202608251925573776,85,2582,Bronze INV,br_LabResultDetail,TASK_COMPLETE,SUCCESS,INFO,4,4,0,,2026-08-25T19:26:03.177Z,2026-08-25T21:23:56.829Z,7073,2026-08-25T21:23:56.829Z,TEX,Texarkana,7eb7a049-5d17-4a23-bb2f-3b9c445afd32,SAMMS-Texarkana
202608252121596703,202608251925574438,202608251925573776,85,2583,Bronze INV,br_LabResultDetail,TASK_COMPLETE,SUCCESS,INFO,1715,1715,0,,2026-08-25T19:26:03.177Z,2026-08-25T21:23:56.829Z,7073,2026-08-25T21:23:56.829Z,TTCA,Bessemer,7eb7a049-5d17-4a23-bb2f-3b9c445afd32,SAMMS-BessemerV5
202608252121596704,202608251925574439,202608251925573776,85,2584,Bronze INV,br_LabResultDetail,TASK_COMPLETE,SUCCESS,INFO,2148,2148,0,,2026-08-25T19:26:03.177Z,2026-08-25T21:23:56.829Z,7073,2026-08-25T21:23:56.829Z,TTCB,Cullman,7eb7a049-5d17-4a23-bb2f-3b9c445afd32,SAMMS-CullmanV5
202608252121596705,202608251925574440,202608251925573776,85,2585,Bronze INV,br_LabResultDetail,TASK_COMPLETE,SUCCESS,INFO,4,4,0,,2026-08-25T19:26:03.177Z,2026-08-25T21:23:56.829Z,7073,2026-08-25T21:23:56.829Z,TTCC,Grand Bay,7eb7a049-5d17-4a23-bb2f-3b9c445afd32,SAMMS-GrandBay
202608252121596707,202608251925574441,202608251925573776,85,2586,Bronze INV,br_LabResultDetail,TASK_COMPLETE,SUCCESS,INFO,1162,1162,0,,2026-08-25T19:26:03.177Z,2026-08-25T21:23:56.829Z,7073,2026-08-25T21:23:56.829Z,TU,Tucson,7eb7a049-5d17-4a23-bb2f-3b9c445afd32,SAMMS-Tucson
202608252121596708,202608251925574442,202608251925573776,85,2588,Bronze INV,br_LabResultDetail,TASK_COMPLETE,SUCCESS,INFO,5376,5376,0,,2026-08-25T19:26:03.177Z,2026-08-25T21:23:56.829Z,7073,2026-08-25T21:23:56.829Z,V1,Memphis South,7eb7a049-5d17-4a23-bb2f-3b9c445afd32,SAMMS-VCPHCS-I-MemphisV5
202608252121596709,202608251925574443,202608251925573776,85,2589,Bronze INV,br_LabResultDetail,TASK_COMPLETE,SUCCESS,INFO,6263,6263,0,,2026-08-25T19:26:03.177Z,2026-08-25T21:23:56.829Z,7073,2026-08-25T21:23:56.829Z,V10,Longmont,7eb7a049-5d17-4a23-bb2f-3b9c445afd32,SAMMS-BoulderV5
202608252121596710,202608251925574444,202608251925573776,85,2590,Bronze INV,br_LabResultDetail,TASK_COMPLETE,SUCCESS,INFO,3575,3575,0,,2026-08-25T19:26:03.177Z,2026-08-25T21:23:56.829Z,7073,2026-08-25T21:23:56.829Z,V10A,Fort Collins,7eb7a049-5d17-4a23-bb2f-3b9c445afd32,SAMMS-FortCollinsV5
202608252121596712,202608251925574445,202608251925573776,85,2591,Bronze INV,br_LabResultDetail,TASK_COMPLETE,SUCCESS,INFO,7574,7574,0,,2026-08-25T19:26:03.177Z,2026-08-25T21:23:56.829Z,7073,2026-08-25T21:23:56.829Z,V11,Westminster,7eb7a049-5d17-4a23-bb2f-3b9c445afd32,SAMMS-VCPHCS-XI-NorthDenverV5
202608252121596713,202608251925574446,202608251925573776,85,2592,Bronze INV,br_LabResultDetail,TASK_COMPLETE,SUCCESS,INFO,10351,10351,0,,2026-08-25T19:26:03.177Z,2026-08-25T21:23:56.829Z,7073,2026-08-25T21:23:56.829Z,V12,Downtown Denver,7eb7a049-5d17-4a23-bb2f-3b9c445afd32,SAMMS-VCPHCS-XII-DowntownDenverV5
202608252121596714,202608251925574447,202608251925573776,85,2593,Bronze INV,br_LabResultDetail,TASK_COMPLETE,SUCCESS,INFO,4838,4838,0,,2026-08-25T19:26:03.177Z,2026-08-25T21:23:56.829Z,7073,2026-08-25T21:23:56.829Z,V12A,Centennial,7eb7a049-5d17-4a23-bb2f-3b9c445afd32,SAMMS-CentennialV5
202608252121596715,202608251925574448,202608251925573776,85,2594,Bronze INV,br_LabResultDetail,TASK_COMPLETE,SUCCESS,INFO,3387,3387,0,,2026-08-25T19:26:03.177Z,2026-08-25T21:23:56.829Z,7073,2026-08-25T21:23:56.829Z,V14,Overland Park,7eb7a049-5d17-4a23-bb2f-3b9c445afd32,SAMMS-VCPHCS-XIV-BridgewayV5
202608252121596716,202608251925574449,202608251925573776,85,2595,Bronze INV,br_LabResultDetail,TASK_COMPLETE,SUCCESS,INFO,2916,2916,0,,2026-08-25T19:26:03.177Z,2026-08-25T21:23:56.829Z,7073,2026-08-25T21:23:56.829Z,V15,Joplin,7eb7a049-5d17-4a23-bb2f-3b9c445afd32,SAMMS-JoplinV5
202608252121596717,202608251925574450,202608251925573776,85,2597,Bronze INV,br_LabResultDetail,TASK_COMPLETE,SUCCESS,INFO,1339,1339,0,,2026-08-25T19:26:03.177Z,2026-08-25T21:23:56.829Z,7073,2026-08-25T21:23:56.829Z,V17,Columbia TN,7eb7a049-5d17-4a23-bb2f-3b9c445afd32,SAMMS-ColumbiaTNv5
202608252121596719,202608251925574451,202608251925573776,85,2599,Bronze INV,br_LabResultDetail,TASK_COMPLETE,SUCCESS,INFO,5128,5128,0,,2026-08-25T19:26:03.177Z,2026-08-25T21:23:56.829Z,7073,2026-08-25T21:23:56.829Z,V19,Jackson,7eb7a049-5d17-4a23-bb2f-3b9c445afd32,SAMMS-JacksonV5
202608252121596720,202608251925574452,202608251925573776,85,2601,Bronze INV,br_LabResultDetail,TASK_COMPLETE,SUCCESS,INFO,7049,7049,0,,2026-08-25T19:26:03.177Z,2026-08-25T21:23:56.829Z,7073,2026-08-25T21:23:56.829Z,V20,Paris,7eb7a049-5d17-4a23-bb2f-3b9c445afd32,SAMMS-ParisV5
202608252121596721,202608251925574453,202608251925573776,85,2602,Bronze INV,br_LabResultDetail,TASK_COMPLETE,SUCCESS,INFO,6074,6074,0,,2026-08-25T19:26:03.177Z,2026-08-25T21:23:56.829Z,7073,2026-08-25T21:23:56.829Z,V21,Memphis North,7eb7a049-5d17-4a23-bb2f-3b9c445afd32,SAMMS-RaleighV5
202608252121596722,202608251925574454,202608251925573776,85,2605,Bronze INV,br_LabResultDetail,TASK_COMPLETE,SUCCESS,INFO,7037,7037,0,,2026-08-25T19:26:03.177Z,2026-08-25T21:23:56.829Z,7073,2026-08-25T21:23:56.829Z,V5,West Bank,7eb7a049-5d17-4a23-bb2f-3b9c445afd32,SAMMS-NONTCv5
202608252121596723,202608251925574455,202608251925573776,85,2607,Bronze INV,br_LabResultDetail,TASK_COMPLETE,SUCCESS,INFO,530,530,0,,2026-08-25T19:26:03.177Z,2026-08-25T21:23:56.829Z,7073,2026-08-25T21:23:56.829Z,V5B,Houma,7eb7a049-5d17-4a23-bb2f-3b9c445afd32,SAMMS-HoumaV6
202608252121596724,202608251925574456,202608251925573776,85,2608,Bronze INV,br_LabResultDetail,TASK_COMPLETE,SUCCESS,INFO,4804,4804,0,,2026-08-25T19:26:03.177Z,2026-08-25T21:23:56.829Z,7073,2026-08-25T21:23:56.829Z,V6,Lake Charles,7eb7a049-5d17-4a23-bb2f-3b9c445afd32,SAMMS-LCv5
202608252121596726,202608251925574457,202608251925573776,85,2610,Bronze INV,br_LabResultDetail,TASK_COMPLETE,SUCCESS,INFO,19783,19783,0,,2026-08-25T19:26:03.177Z,2026-08-25T21:23:56.829Z,7073,2026-08-25T21:23:56.829Z,V8,Memphis Midtown,7eb7a049-5d17-4a23-bb2f-3b9c445afd32,SAMMS-VCPHCS-VIII-MemphisV5
202608252121596727,202608251925574458,202608251925573776,85,2611,Bronze INV,br_LabResultDetail,TASK_COMPLETE,SUCCESS,INFO,17630,17630,0,,2026-08-25T19:26:03.177Z,2026-08-25T21:23:56.829Z,7073,2026-08-25T21:23:56.829Z,V9,Nashville,7eb7a049-5d17-4a23-bb2f-3b9c445afd32,SAMMS-NashvilleV5
202608252121596728,202608251925574459,202608251925573776,85,2612,Bronze INV,br_LabResultDetail,TASK_COMPLETE,SUCCESS,INFO,1094,1094,0,,2026-08-25T19:26:03.177Z,2026-08-25T21:23:56.829Z,7073,2026-08-25T21:23:56.829Z,VBRA,Brainerd,7eb7a049-5d17-4a23-bb2f-3b9c445afd32,SAMMS-BrainerdV6
202608252121596729,202608251925574460,202608251925573776,85,2613,Bronze INV,br_LabResultDetail,TASK_COMPLETE,SUCCESS,INFO,18,18,0,,2026-08-25T19:26:03.177Z,2026-08-25T21:23:56.829Z,7073,2026-08-25T21:23:56.829Z,VBRP,Brooklyn Park,7eb7a049-5d17-4a23-bb2f-3b9c445afd32,SAMMS-BrooklynParkV6
202608252121596730,202608251925574461,202608251925573776,85,2615,Bronze INV,br_LabResultDetail,TASK_COMPLETE,SUCCESS,INFO,3,3,0,,2026-08-25T19:26:03.177Z,2026-08-25T21:23:56.829Z,7073,2026-08-25T21:23:56.829Z,VMIN,Minneapolis,7eb7a049-5d17-4a23-bb2f-3b9c445afd32,SAMMS-MinneapolisV6
202608252121596731,202608251925574462,202608251925573776,85,2616,Bronze INV,br_LabResultDetail,TASK_COMPLETE,SUCCESS,INFO,8,8,0,,2026-08-25T19:26:03.177Z,2026-08-25T21:23:56.829Z,7073,2026-08-25T21:23:56.829Z,VWBY,Woodbury,7eb7a049-5d17-4a23-bb2f-3b9c445afd32,SAMMS-WoodburyV6
202608252121596733,202608251925574463,202608251925573776,85,2618,Bronze INV,br_LabResultDetail,TASK_COMPLETE,SUCCESS,INFO,8644,8644,0,,2026-08-25T19:26:03.177Z,2026-08-25T21:23:56.829Z,7073,2026-08-25T21:23:56.829Z,WIL,Wilson,7eb7a049-5d17-4a23-bb2f-3b9c445afd32,SAMMS-Wilson
202608262209456323,202608261955298855,202608261955298282,85,2438,Bronze INV,br_LabResultDetail,TASK_COMPLETE,SUCCESS,INFO,9628,9628,0,,2026-08-26T19:55:35.047Z,2026-08-26T22:11:39.517Z,8164,2026-08-26T22:11:39.517Z,AHK,Ahoskie,20846baf-2fe5-403c-85d4-31520e88a3ce,SAMMS-Ahoskie
202608262209456325,202608261955298856,202608261955298282,85,2439,Bronze INV,br_LabResultDetail,TASK_COMPLETE,SUCCESS,INFO,1390,1390,0,,2026-08-26T19:55:35.047Z,2026-08-26T22:11:39.517Z,8164,2026-08-26T22:11:39.517Z,B12B,Colorado Springs,20846baf-2fe5-403c-85d4-31520e88a3ce,SAMMS-ColoradoSpringsV5
202608262209456326,202608261955298857,202608261955298282,85,2440,Bronze INV,br_LabResultDetail,TASK_COMPLETE,SUCCESS,INFO,1855,1855,0,,2026-08-26T19:55:35.047Z,2026-08-26T22:11:39.517Z,8164,2026-08-26T22:11:39.517Z,B24,Paintsville,20846baf-2fe5-403c-85d4-31520e88a3ce,SAMMS-PaintsvilleV5
202608262209456327,202608261955298858,202608261955298282,85,2441,Bronze INV,br_LabResultDetail,TASK_COMPLETE,SUCCESS,INFO,2317,2317,0,,2026-08-26T19:55:35.047Z,2026-08-26T22:11:39.517Z,8164,2026-08-26T22:11:39.517Z,B25,Pikeville,20846baf-2fe5-403c-85d4-31520e88a3ce,SAMMS-PikevilleV5
202608262209456328,202608261955298859,202608261955298282,85,2442,Bronze INV,br_LabResultDetail,TASK_COMPLETE,SUCCESS,INFO,3177,3177,0,,2026-08-26T19:55:35.047Z,2026-08-26T22:11:39.517Z,8164,2026-08-26T22:11:39.517Z,B26,Hazard,20846baf-2fe5-403c-85d4-31520e88a3ce,SAMMS-HazardV5
202608262209456329,202608261955298860,202608261955298282,85,2443,Bronze INV,br_LabResultDetail,TASK_COMPLETE,SUCCESS,INFO,6,6,0,,2026-08-26T19:55:35.047Z,2026-08-26T22:11:39.517Z,8164,2026-08-26T22:11:39.517Z,B27,Savannah,20846baf-2fe5-403c-85d4-31520e88a3ce,SAMMS-SavannahV6
202608262209456330,202608261955298861,202608261955298282,85,2444,Bronze INV,br_LabResultDetail,TASK_COMPLETE,SUCCESS,INFO,1599,1599,0,,2026-08-26T19:55:35.047Z,2026-08-26T22:11:39.517Z,8164,2026-08-26T22:11:39.517Z,B28,West Plains,20846baf-2fe5-403c-85d4-31520e88a3ce,SAMMS-WestPlainesV5
202608262209456332,202608261955298862,202608261955298282,85,2445,Bronze INV,br_LabResultDetail,TASK_COMPLETE,SUCCESS,INFO,1898,1898,0,,2026-08-26T19:55:35.047Z,2026-08-26T22:11:39.517Z,8164,2026-08-26T22:11:39.517Z,B29,Poplar Bluff,20846baf-2fe5-403c-85d4-31520e88a3ce,SAMMS-PoplarBluffV5
202608262209456333,202608261955298863,202608261955298282,85,2446,Bronze INV,br_LabResultDetail,TASK_COMPLETE,SUCCESS,INFO,1519,1519,0,,2026-08-26T19:55:35.047Z,2026-08-26T22:11:39.517Z,8164,2026-08-26T22:11:39.517Z,B30,KC North,20846baf-2fe5-403c-85d4-31520e88a3ce,SAMMS-KCNv5
202608262209456334,202608261955298864,202608261955298282,85,2447,Bronze INV,br_LabResultDetail,TASK_COMPLETE,SUCCESS,INFO,5443,5443,0,,2026-08-26T19:55:35.047Z,2026-08-26T22:11:39.517Z,8164,2026-08-26T22:11:39.517Z,B31,Dyersburg,20846baf-2fe5-403c-85d4-31520e88a3ce,SAMMS-DyersburgV5
202608262209456335,202608261955298865,202608261955298282,85,2449,Bronze INV,br_LabResultDetail,TASK_COMPLETE,SUCCESS,INFO,4156,4156,0,,2026-08-26T19:55:35.047Z,2026-08-26T22:11:39.517Z,8164,2026-08-26T22:11:39.517Z,B33,Paducah,20846baf-2fe5-403c-85d4-31520e88a3ce,SAMMS-Paducah
202608262209456336,202608261955298866,202608261955298282,85,2450,Bronze INV,br_LabResultDetail,TASK_COMPLETE,SUCCESS,INFO,2360,2360,0,,2026-08-26T19:55:35.047Z,2026-08-26T22:11:39.517Z,8164,2026-08-26T22:11:39.517Z,B34,Corbin,20846baf-2fe5-403c-85d4-31520e88a3ce,SAMMS-CorbinV5
202608262209456337,202608261955298867,202608261955298282,85,2451,Bronze INV,br_LabResultDetail,TASK_COMPLETE,SUCCESS,INFO,11995,11995,0,,2026-08-26T19:55:35.047Z,2026-08-26T22:11:39.517Z,8164,2026-08-26T22:11:39.517Z,B35,Lexington,20846baf-2fe5-403c-85d4-31520e88a3ce,SAMMS-LexingtonV5
202608262209456338,202608261955298868,202608261955298282,85,2452,Bronze INV,br_LabResultDetail,TASK_COMPLETE,SUCCESS,INFO,2558,2558,0,,2026-08-26T19:55:35.047Z,2026-08-26T22:11:39.517Z,8164,2026-08-26T22:11:39.517Z,B35A,Berea,20846baf-2fe5-403c-85d4-31520e88a3ce,SAMMS-BereaV5
202608262209456340,202608261955298869,202608261955298282,85,2453,Bronze INV,br_LabResultDetail,TASK_COMPLETE,SUCCESS,INFO,1228,1228,0,,2026-08-26T19:55:35.047Z,2026-08-26T22:11:39.517Z,8164,2026-08-26T22:11:39.517Z,B36,Asheville,20846baf-2fe5-403c-85d4-31520e88a3ce,SAMMS-AshevilleV5
202608262209456341,202608261955298870,202608261955298282,85,2454,Bronze INV,br_LabResultDetail,TASK_COMPLETE,SUCCESS,INFO,1865,1865,0,,2026-08-26T19:55:35.047Z,2026-08-26T22:11:39.517Z,8164,2026-08-26T22:11:39.517Z,B37,Clyde,20846baf-2fe5-403c-85d4-31520e88a3ce,SAMMS-ClydeV5
202608262209456342,202608261955298871,202608261955298282,85,2455,Bronze INV,br_LabResultDetail,TASK_COMPLETE,SUCCESS,INFO,6353,6353,0,,2026-08-26T19:55:35.047Z,2026-08-26T22:11:39.517Z,8164,2026-08-26T22:11:39.517Z,B38,Spartanburg,20846baf-2fe5-403c-85d4-31520e88a3ce,SAMMS-SpartanburgV5
202608262209456343,202608261955298872,202608261955298282,85,2456,Bronze INV,br_LabResultDetail,TASK_COMPLETE,SUCCESS,INFO,2215,2215,0,,2026-08-26T19:55:35.047Z,2026-08-26T22:11:39.517Z,8164,2026-08-26T22:11:39.517Z,B39,Aiken,20846baf-2fe5-403c-85d4-31520e88a3ce,SAMMS-AikenV5
202608262209456344,202608261955298873,202608261955298282,85,2457,Bronze INV,br_LabResultDetail,TASK_COMPLETE,SUCCESS,INFO,4482,4482,0,,2026-08-26T19:55:35.047Z,2026-08-26T22:11:39.517Z,8164,2026-08-26T22:11:39.517Z,B41,Chesapeake,20846baf-2fe5-403c-85d4-31520e88a3ce,SAMMS-ChesapeakeV5
202608262209456345,202608261955298874,202608261955298282,85,2458,Bronze INV,br_LabResultDetail,TASK_COMPLETE,SUCCESS,INFO,14513,14513,0,,2026-08-26T19:55:35.047Z,2026-08-26T22:11:39.517Z,8164,2026-08-26T22:11:39.517Z,B42,Virginia Beach,20846baf-2fe5-403c-85d4-31520e88a3ce,SAMMS-VirginiaBeachV5
202608262209456346,202608261955298875,202608261955298282,85,2459,Bronze INV,br_LabResultDetail,TASK_COMPLETE,SUCCESS,INFO,1426,1426,0,,2026-08-26T19:55:35.047Z,2026-08-26T22:11:39.517Z,8164,2026-08-26T22:11:39.517Z,B42A,Newport News,20846baf-2fe5-403c-85d4-31520e88a3ce,SAMMS-NewportNewsV5
202608262209456347,202608261955298876,202608261955298282,85,2460,Bronze INV,br_LabResultDetail,TASK_COMPLETE,SUCCESS,INFO,756,756,0,,2026-08-26T19:55:35.047Z,2026-08-26T22:11:39.517Z,8164,2026-08-26T22:11:39.517Z,B42B,Franklin,20846baf-2fe5-403c-85d4-31520e88a3ce,SAMMS-FranklinV5
202608262209456349,202608261955298877,202608261955298282,85,2461,Bronze INV,br_LabResultDetail,TASK_COMPLETE,SUCCESS,INFO,1482,1482,0,,2026-08-26T19:55:35.047Z,2026-08-26T22:11:39.517Z,8164,2026-08-26T22:11:39.517Z,B42C,Glen Allen,20846baf-2fe5-403c-85d4-31520e88a3ce,SAMMS-GlenAllenV5
202608262209456350,202608261955298878,202608261955298282,85,2462,Bronze INV,br_LabResultDetail,TASK_COMPLETE,SUCCESS,INFO,1332,1332,0,,2026-08-26T19:55:35.047Z,2026-08-26T22:11:39.517Z,8164,2026-08-26T22:11:39.517Z,B42D,Chesapeake South,20846baf-2fe5-403c-85d4-31520e88a3ce,SAMMS-ChesapeakeSouthV5
202608262209456351,202608261955298879,202608261955298282,85,2463,Bronze INV,br_LabResultDetail,TASK_COMPLETE,SUCCESS,INFO,3349,3349,0,,2026-08-26T19:55:35.047Z,2026-08-26T22:11:39.517Z,8164,2026-08-26T22:11:39.517Z,B44,Albany,20846baf-2fe5-403c-85d4-31520e88a3ce,SAMMS-AlbanyV5
202608262209456352,202608261955298880,202608261955298282,85,2464,Bronze INV,br_LabResultDetail,TASK_COMPLETE,SUCCESS,INFO,4743,4743,0,,2026-08-26T19:55:35.047Z,2026-08-26T22:11:39.517Z,8164,2026-08-26T22:11:39.517Z,B45,Tifton,20846baf-2fe5-403c-85d4-31520e88a3ce,SAMMS-TiftonV5
202608262209456353,202608261955298881,202608261955298282,85,2465,Bronze INV,br_LabResultDetail,TASK_COMPLETE,SUCCESS,INFO,679,679,0,,2026-08-26T19:55:35.047Z,2026-08-26T22:11:39.517Z,8164,2026-08-26T22:11:39.517Z,B46,Washington DC,20846baf-2fe5-403c-85d4-31520e88a3ce,SAMMS-WashingtonDCv5
202608262209456354,202608261955298882,202608261955298282,85,2466,Bronze INV,br_LabResultDetail,TASK_COMPLETE,SUCCESS,INFO,770,770,0,,2026-08-26T19:55:35.047Z,2026-08-26T22:11:39.517Z,8164,2026-08-26T22:11:39.517Z,B47,Mobile,20846baf-2fe5-403c-85d4-31520e88a3ce,SAMMS-MobileV5
202608262209456355,202608261955298883,202608261955298282,85,2467,Bronze INV,br_LabResultDetail,TASK_COMPLETE,SUCCESS,INFO,3367,3367,0,,2026-08-26T19:55:35.047Z,2026-08-26T22:11:39.517Z,8164,2026-08-26T22:11:39.517Z,B48,Tuscaloosa,20846baf-2fe5-403c-85d4-31520e88a3ce,SAMMS-TuscaloosaV5
202608262209456356,202608261955298884,202608261955298282,85,2476,Bronze INV,br_LabResultDetail,TASK_COMPLETE,SUCCESS,INFO,9,9,0,,2026-08-26T19:55:35.047Z,2026-08-26T22:11:39.517Z,8164,2026-08-26T22:11:39.517Z,B51,N. Little Rock (OTP),20846baf-2fe5-403c-85d4-31520e88a3ce,SAMMS-NorthLittleRockV6
202608262209456358,202608261955298885,202608261955298282,85,2477,Bronze INV,br_LabResultDetail,TASK_COMPLETE,SUCCESS,INFO,260,260,0,,2026-08-26T19:55:35.047Z,2026-08-26T22:11:39.517Z,8164,2026-08-26T22:11:39.517Z,B52,Jackson GA,20846baf-2fe5-403c-85d4-31520e88a3ce,SAMMS-JacksonGAV5
202608262209456359,202608261955298886,202608261955298282,85,2478,Bronze INV,br_LabResultDetail,TASK_COMPLETE,SUCCESS,INFO,2682,2682,0,,2026-08-26T19:55:35.047Z,2026-08-26T22:11:39.517Z,8164,2026-08-26T22:11:39.517Z,B54,Gadsden,20846baf-2fe5-403c-85d4-31520e88a3ce,SAMMS-GadsdenV5
202608262209456360,202608261955298887,202608261955298282,85,2479,Bronze INV,br_LabResultDetail,TASK_COMPLETE,SUCCESS,INFO,683,683,0,,2026-08-26T19:55:35.047Z,2026-08-26T22:11:39.517Z,8164,2026-08-26T22:11:39.517Z,B55,Shoals,20846baf-2fe5-403c-85d4-31520e88a3ce,SAMMS-ShoalsV5
202608262209456361,202608261955298888,202608261955298282,85,2480,Bronze INV,br_LabResultDetail,TASK_COMPLETE,SUCCESS,INFO,4,4,0,,2026-08-26T19:55:35.047Z,2026-08-26T22:11:39.517Z,8164,2026-08-26T22:11:39.517Z,B57,Pawtucket,20846baf-2fe5-403c-85d4-31520e88a3ce,SAMMS-Pawtucket
202608262209456362,202608261955298889,202608261955298282,85,2481,Bronze INV,br_LabResultDetail,TASK_COMPLETE,SUCCESS,INFO,6,6,0,,2026-08-26T19:55:35.047Z,2026-08-26T22:11:39.517Z,8164,2026-08-26T22:11:39.517Z,B57A,Johnston,20846baf-2fe5-403c-85d4-31520e88a3ce,SAMMS-Johnston
202608262209456363,202608261955298890,202608261955298282,85,2482,Bronze INV,br_LabResultDetail,TASK_COMPLETE,SUCCESS,INFO,9,9,0,,2026-08-26T19:55:35.047Z,2026-08-26T22:11:39.517Z,8164,2026-08-26T22:11:39.517Z,B57B,Middletown,20846baf-2fe5-403c-85d4-31520e88a3ce,SAMMS-Middletown
202608262209456364,202608261955298891,202608261955298282,85,2483,Bronze INV,br_LabResultDetail,TASK_COMPLETE,SUCCESS,INFO,3,3,0,,2026-08-26T19:55:35.047Z,2026-08-26T22:11:39.517Z,8164,2026-08-26T22:11:39.517Z,B57C,Providence,20846baf-2fe5-403c-85d4-31520e88a3ce,SAMMS-Providence
202608262209456365,202608261955298892,202608261955298282,85,2484,Bronze INV,br_LabResultDetail,TASK_COMPLETE,SUCCESS,INFO,3,3,0,,2026-08-26T19:55:35.047Z,2026-08-26T22:11:39.517Z,8164,2026-08-26T22:11:39.517Z,B57D,Westerly,20846baf-2fe5-403c-85d4-31520e88a3ce,SAMMS-Westerly
202608262209456366,202608261955298893,202608261955298282,85,2488,Bronze INV,br_LabResultDetail,TASK_COMPLETE,SUCCESS,INFO,4,4,0,,2026-08-26T19:55:35.047Z,2026-08-26T22:11:39.517Z,8164,2026-08-26T22:11:39.517Z,B66A,Bremen,20846baf-2fe5-403c-85d4-31520e88a3ce,SAMMS-Bremen
202608262209456368,202608261955298894,202608261955298282,85,2491,Bronze INV,br_LabResultDetail,TASK_COMPLETE,SUCCESS,INFO,6,6,0,,2026-08-26T19:55:35.047Z,2026-08-26T22:11:39.517Z,8164,2026-08-26T22:11:39.517Z,B72,Mobile (OBOT),20846baf-2fe5-403c-85d4-31520e88a3ce,SAMMS-Mobile-OBOT
202608262209456369,202608261955298895,202608261955298282,85,2492,Bronze INV,br_LabResultDetail,TASK_COMPLETE,SUCCESS,INFO,2,2,0,,2026-08-26T19:55:35.047Z,2026-08-26T22:11:39.517Z,8164,2026-08-26T22:11:39.517Z,B73,Montgomery,20846baf-2fe5-403c-85d4-31520e88a3ce,SAMMS-Montgomery
202608262209456370,202608261955298896,202608261955298282,85,2493,Bronze INV,br_LabResultDetail,TASK_COMPLETE,SUCCESS,INFO,511,511,0,,2026-08-26T19:55:35.047Z,2026-08-26T22:11:39.517Z,8164,2026-08-26T22:11:39.517Z,B75,Lawrence,20846baf-2fe5-403c-85d4-31520e88a3ce,SAMMS-LawrenceV6
202608262209456371,202608261955298897,202608261955298282,85,2494,Bronze INV,br_LabResultDetail,TASK_COMPLETE,SUCCESS,INFO,1,1,0,,2026-08-26T19:55:35.047Z,2026-08-26T22:11:39.517Z,8164,2026-08-26T22:11:39.517Z,B76,Huntsville OBOT,20846baf-2fe5-403c-85d4-31520e88a3ce,SAMMS-Huntsville-OBOT
202608262209456372,202608261955298898,202608261955298282,85,2495,Bronze INV,br_LabResultDetail,TASK_COMPLETE,SUCCESS,INFO,8,8,0,,2026-08-26T19:55:35.047Z,2026-08-26T22:11:39.517Z,8164,2026-08-26T22:11:39.517Z,BAT,Batesville,20846baf-2fe5-403c-85d4-31520e88a3ce,SAMMS-Batesville
202608262209456373,202608261955298899,202608261955298282,85,2496,Bronze INV,br_LabResultDetail,TASK_COMPLETE,SUCCESS,INFO,2977,2977,0,,2026-08-26T19:55:35.047Z,2026-08-26T22:11:39.517Z,8164,2026-08-26T22:11:39.517Z,BG,Bowling Green,20846baf-2fe5-403c-85d4-31520e88a3ce,SAMMS-BowlingGreen
202608262209456374,202608261955298900,202608261955298282,85,2497,Bronze INV,br_LabResultDetail,TASK_COMPLETE,SUCCESS,INFO,191,191,0,,2026-08-26T19:55:35.047Z,2026-08-26T22:11:39.517Z,8164,2026-08-26T22:11:39.517Z,BOI,Boise,20846baf-2fe5-403c-85d4-31520e88a3ce,SAMMS-Boise
202608262209456375,202608261955298901,202608261955298282,85,2504,Bronze INV,br_LabResultDetail,TASK_COMPLETE,SUCCESS,INFO,239,239,0,,2026-08-26T19:55:35.047Z,2026-08-26T22:11:39.517Z,8164,2026-08-26T22:11:39.517Z,CBCO,Coeur dAlene,20846baf-2fe5-403c-85d4-31520e88a3ce,SAMMS-CoeurdAleneV6
202608262209456377,202608261955298902,202608261955298282,85,2523,Bronze INV,br_LabResultDetail,TASK_COMPLETE,SUCCESS,INFO,2,2,0,,2026-08-26T19:55:35.047Z,2026-08-26T22:11:39.517Z,8164,2026-08-26T22:11:39.517Z,CON,Conway,20846baf-2fe5-403c-85d4-31520e88a3ce,SAMMS-Conway
202608262209456378,202608261955298903,202608261955298282,85,2524,Bronze INV,br_LabResultDetail,TASK_COMPLETE,SUCCESS,INFO,15,15,0,,2026-08-26T19:55:35.047Z,2026-08-26T22:11:39.517Z,8164,2026-08-26T22:11:39.517Z,D07,Medical Services Knox TN,20846baf-2fe5-403c-85d4-31520e88a3ce,SAMMS-KnoxvilleV6
202608262209456379,202608261955298904,202608261955298282,85,2525,Bronze INV,br_LabResultDetail,TASK_COMPLETE,SUCCESS,INFO,1002,1002,0,,2026-08-26T19:55:35.047Z,2026-08-26T22:11:39.517Z,8164,2026-08-26T22:11:39.517Z,D08,Madison,20846baf-2fe5-403c-85d4-31520e88a3ce,SAMMS-MadisonV6
202608262209456380,202608261955298905,202608261955298282,85,2527,Bronze INV,br_LabResultDetail,TASK_COMPLETE,SUCCESS,INFO,717,717,0,,2026-08-26T19:55:35.047Z,2026-08-26T22:11:39.517Z,8164,2026-08-26T22:11:39.517Z,D09,Murfreesboro,20846baf-2fe5-403c-85d4-31520e88a3ce,SAMMS-MurfreesboroV6
202608262209456381,202608261955298906,202608261955298282,85,2528,Bronze INV,br_LabResultDetail,TASK_COMPLETE,SUCCESS,INFO,7,7,0,,2026-08-26T19:55:35.047Z,2026-08-26T22:11:39.517Z,8164,2026-08-26T22:11:39.517Z,DA,Davenport,20846baf-2fe5-403c-85d4-31520e88a3ce,SAMMS-Davenport
202608262209456382,202608261955298907,202608261955298282,85,2529,Bronze INV,br_LabResultDetail,TASK_COMPLETE,SUCCESS,INFO,2759,2759,0,,2026-08-26T19:55:35.047Z,2026-08-26T22:11:39.517Z,8164,2026-08-26T22:11:39.517Z,DM,Des Moines,20846baf-2fe5-403c-85d4-31520e88a3ce,SAMMS-DesMoines
202608262209456383,202608261955298908,202608261955298282,85,2531,Bronze INV,br_LabResultDetail,TASK_COMPLETE,SUCCESS,INFO,3523,3523,0,,2026-08-26T19:55:35.047Z,2026-08-26T22:11:39.517Z,8164,2026-08-26T22:11:39.517Z,DRD-CO,Columbia MO,20846baf-2fe5-403c-85d4-31520e88a3ce,SAMMS-ColumbiaV5
202608262209456384,202608261955298909,202608261955298282,85,2532,Bronze INV,br_LabResultDetail,TASK_COMPLETE,SUCCESS,INFO,3423,3423,0,,2026-08-26T19:55:35.047Z,2026-08-26T22:11:39.517Z,8164,2026-08-26T22:11:39.517Z,DRD-KC,KC,20846baf-2fe5-403c-85d4-31520e88a3ce,SAMMS-KCv5
202608262209456385,202608261955298910,202608261955298282,85,2533,Bronze INV,br_LabResultDetail,TASK_COMPLETE,SUCCESS,INFO,19603,19603,0,,2026-08-26T19:55:35.047Z,2026-08-26T22:11:39.517Z,8164,2026-08-26T22:11:39.517Z,DRD-KVB,KVB,20846baf-2fe5-403c-85d4-31520e88a3ce,SAMMS-KVBv5
202608262209456387,202608261955298911,202608261955298282,85,2534,Bronze INV,br_LabResultDetail,TASK_COMPLETE,SUCCESS,INFO,23739,23739,0,,2026-08-26T19:55:35.047Z,2026-08-26T22:11:39.517Z,8164,2026-08-26T22:11:39.517Z,DRD-KVC,KVC,20846baf-2fe5-403c-85d4-31520e88a3ce,SAMMS-KVCv5
202608262209456388,202608261955298912,202608261955298282,85,2535,Bronze INV,br_LabResultDetail,TASK_COMPLETE,SUCCESS,INFO,6438,6438,0,,2026-08-26T19:55:35.047Z,2026-08-26T22:11:39.517Z,8164,2026-08-26T22:11:39.517Z,DRD-NOLA,NOLA,20846baf-2fe5-403c-85d4-31520e88a3ce,SAMMS-NOLAv5
202608262209456389,202608261955298913,202608261955298282,85,2536,Bronze INV,br_LabResultDetail,TASK_COMPLETE,SUCCESS,INFO,5723,5723,0,,2026-08-26T19:55:35.047Z,2026-08-26T22:11:39.517Z,8164,2026-08-26T22:11:39.517Z,DRD-SF,Springfield,20846baf-2fe5-403c-85d4-31520e88a3ce,SAMMS-SFv5
202608262209456390,202608261955298914,202608261955298282,85,2538,Bronze INV,br_LabResultDetail,TASK_COMPLETE,SUCCESS,INFO,16775,16775,0,,2026-08-26T19:55:35.047Z,2026-08-26T22:11:39.517Z,8164,2026-08-26T22:11:39.517Z,ELC,Elizabeth City,20846baf-2fe5-403c-85d4-31520e88a3ce,SAMMS-ElizabethCity
202608262209456391,202608261955298915,202608261955298282,85,2539,Bronze INV,br_LabResultDetail,TASK_COMPLETE,SUCCESS,INFO,3113,3113,0,,2026-08-26T19:55:35.047Z,2026-08-26T22:11:39.517Z,8164,2026-08-26T22:11:39.517Z,ET,Elizabethtown,20846baf-2fe5-403c-85d4-31520e88a3ce,SAMMS-Elizabethtown
202608262209456392,202608261955298916,202608261955298282,85,2540,Bronze INV,br_LabResultDetail,TASK_COMPLETE,SUCCESS,INFO,2,2,0,,2026-08-26T19:55:35.047Z,2026-08-26T22:11:39.517Z,8164,2026-08-26T22:11:39.517Z,FAY,Fayetteville,20846baf-2fe5-403c-85d4-31520e88a3ce,SAMMS-Fayetteville
202608262209456393,202608261955298917,202608261955298282,85,2541,Bronze INV,br_LabResultDetail,TASK_COMPLETE,SUCCESS,INFO,14063,14063,0,,2026-08-26T19:55:35.047Z,2026-08-26T22:11:39.517Z,8164,2026-08-26T22:11:39.517Z,FR,Frankfort,20846baf-2fe5-403c-85d4-31520e88a3ce,SAMMS-Frankfort
202608262209456394,202608261955298918,202608261955298282,85,2542,Bronze INV,br_LabResultDetail,TASK_COMPLETE,SUCCESS,INFO,3,3,0,,2026-08-26T19:55:35.047Z,2026-08-26T22:11:39.517Z,8164,2026-08-26T22:11:39.517Z,FS,Fort Smith,20846baf-2fe5-403c-85d4-31520e88a3ce,SAMMS-FortSmith
202608262209456395,202608261955298919,202608261955298282,85,2543,Bronze INV,br_LabResultDetail,TASK_COMPLETE,SUCCESS,INFO,9176,9176,0,,2026-08-26T19:55:35.047Z,2026-08-26T22:11:39.517Z,8164,2026-08-26T22:11:39.517Z,FW,Fort Wayne,20846baf-2fe5-403c-85d4-31520e88a3ce,SAMMS-FortWayne
202608262209456396,202608261955298920,202608261955298282,85,2544,Bronze INV,br_LabResultDetail,TASK_COMPLETE,SUCCESS,INFO,4,4,0,,2026-08-26T19:55:35.047Z,2026-08-26T22:11:39.517Z,8164,2026-08-26T22:11:39.517Z,GAL,Gaylord,20846baf-2fe5-403c-85d4-31520e88a3ce,SAMMS-Gaylord
202608262209456398,202608261955298921,202608261955298282,85,2548,Bronze INV,br_LabResultDetail,TASK_COMPLETE,SUCCESS,INFO,4780,4780,0,,2026-08-26T19:55:35.047Z,2026-08-26T22:11:39.517Z,8164,2026-08-26T22:11:39.517Z,HGT,Hagerstown,20846baf-2fe5-403c-85d4-31520e88a3ce,SAMMS-Hagerstown
202608262209456399,202608261955298922,202608261955298282,85,2549,Bronze INV,br_LabResultDetail,TASK_COMPLETE,SUCCESS,INFO,647,647,0,,2026-08-26T19:55:35.047Z,2026-08-26T22:11:39.517Z,8164,2026-08-26T22:11:39.517Z,HNT,Huntsville,20846baf-2fe5-403c-85d4-31520e88a3ce,SAMMS-Huntsville
202608262209456400,202608261955298923,202608261955298282,85,2550,Bronze INV,br_LabResultDetail,TASK_COMPLETE,SUCCESS,INFO,2,2,0,,2026-08-26T19:55:35.047Z,2026-08-26T22:11:39.517Z,8164,2026-08-26T22:11:39.517Z,HS,Hot Springs,20846baf-2fe5-403c-85d4-31520e88a3ce,SAMMS-HotSprings
202608262209456401,202608261955298924,202608261955298282,85,2551,Bronze INV,br_LabResultDetail,TASK_COMPLETE,SUCCESS,INFO,4,4,0,,2026-08-26T19:55:35.047Z,2026-08-26T22:11:39.517Z,8164,2026-08-26T22:11:39.517Z,JON,Jonesboro,20846baf-2fe5-403c-85d4-31520e88a3ce,SAMMS-Jonesboro
202608262209456402,202608261955298925,202608261955298282,85,2553,Bronze INV,br_LabResultDetail,TASK_COMPLETE,SUCCESS,INFO,4,4,0,,2026-08-26T19:55:35.047Z,2026-08-26T22:11:39.517Z,8164,2026-08-26T22:11:39.517Z,LAN,Lansing,20846baf-2fe5-403c-85d4-31520e88a3ce,SAMMS-Lansing
202608262209456403,202608261955298926,202608261955298282,85,2554,Bronze INV,br_LabResultDetail,TASK_COMPLETE,SUCCESS,INFO,88941,88941,0,,2026-08-26T19:55:35.047Z,2026-08-26T22:11:39.517Z,8164,2026-08-26T22:11:39.517Z,LO,Louisville,20846baf-2fe5-403c-85d4-31520e88a3ce,SAMMS-Louisville
202608262209456404,202608261955298927,202608261955298282,85,2555,Bronze INV,br_LabResultDetail,TASK_COMPLETE,SUCCESS,INFO,6534,6534,0,,2026-08-26T19:55:35.047Z,2026-08-26T22:11:39.517Z,8164,2026-08-26T22:11:39.517Z,LV1,Cheyenne,20846baf-2fe5-403c-85d4-31520e88a3ce,SAMMS-Cheyenne
202608262209456405,202608261955298928,202608261955298282,85,2556,Bronze INV,br_LabResultDetail,TASK_COMPLETE,SUCCESS,INFO,9491,9491,0,,2026-08-26T19:55:35.047Z,2026-08-26T22:11:39.517Z,8164,2026-08-26T22:11:39.517Z,LV2,Desert Inn,20846baf-2fe5-403c-85d4-31520e88a3ce,SAMMS-DesertInn
202608262209456406,202608261955298929,202608261955298282,85,2557,Bronze INV,br_LabResultDetail,TASK_COMPLETE,SUCCESS,INFO,1882,1882,0,,2026-08-26T19:55:35.047Z,2026-08-26T22:11:39.517Z,8164,2026-08-26T22:11:39.517Z,LV3,McDaniel,20846baf-2fe5-403c-85d4-31520e88a3ce,SAMMS-McDaniel
202608262209456408,202608261955298930,202608261955298282,85,2560,Bronze INV,br_LabResultDetail,TASK_COMPLETE,SUCCESS,INFO,3,3,0,,2026-08-26T19:55:35.047Z,2026-08-26T22:11:39.517Z,8164,2026-08-26T22:11:39.517Z,MNRE,Monroe,20846baf-2fe5-403c-85d4-31520e88a3ce,SAMMS-Monroe
202608262209456409,202608261955298931,202608261955298282,85,2561,Bronze INV,br_LabResultDetail,TASK_COMPLETE,SUCCESS,INFO,2,2,0,,2026-08-26T19:55:35.047Z,2026-08-26T22:11:39.517Z,8164,2026-08-26T22:11:39.517Z,MP,Mt. Pleasant,20846baf-2fe5-403c-85d4-31520e88a3ce,SAMMS-MtPleasant
202608262209456410,202608261955298932,202608261955298282,85,2562,Bronze INV,br_LabResultDetail,TASK_COMPLETE,SUCCESS,INFO,260,260,0,,2026-08-26T19:55:35.047Z,2026-08-26T22:11:39.517Z,8164,2026-08-26T22:11:39.517Z,MRD,Meridian,20846baf-2fe5-403c-85d4-31520e88a3ce,SAMMS-Meridian
202608262209456411,202608261955298933,202608261955298282,85,2567,Bronze INV,br_LabResultDetail,TASK_COMPLETE,SUCCESS,INFO,15250,15250,0,,2026-08-26T19:55:35.047Z,2026-08-26T22:11:39.517Z,8164,2026-08-26T22:11:39.517Z,NC,North Charleston,20846baf-2fe5-403c-85d4-31520e88a3ce,SAMMS-NorthCharleston
202608262209456412,202608261955298934,202608261955298282,85,2568,Bronze INV,br_LabResultDetail,TASK_COMPLETE,SUCCESS,INFO,3,3,0,,2026-08-26T19:55:35.047Z,2026-08-26T22:11:39.517Z,8164,2026-08-26T22:11:39.517Z,NLR,N. Little Rock,20846baf-2fe5-403c-85d4-31520e88a3ce,SAMMS-NLROBOT
202608262209456413,202608261955298935,202608261955298282,85,2569,Bronze INV,br_LabResultDetail,TASK_COMPLETE,SUCCESS,INFO,4833,4833,0,,2026-08-26T19:55:35.047Z,2026-08-26T22:11:39.517Z,8164,2026-08-26T22:11:39.517Z,PH,Phoenix,20846baf-2fe5-403c-85d4-31520e88a3ce,SAMMS-Phoenix
202608262209456414,202608261955298936,202608261955298282,85,2573,Bronze INV,br_LabResultDetail,TASK_COMPLETE,SUCCESS,INFO,62967,62967,0,,2026-08-26T19:55:35.047Z,2026-08-26T22:11:39.517Z,8164,2026-08-26T22:11:39.517Z,RE,Reno,20846baf-2fe5-403c-85d4-31520e88a3ce,SAMMS-Reno
202608262209456415,202608261955298937,202608261955298282,85,2574,Bronze INV,br_LabResultDetail,TASK_COMPLETE,SUCCESS,INFO,2435,2435,0,,2026-08-26T19:55:35.047Z,2026-08-26T22:11:39.517Z,8164,2026-08-26T22:11:39.517Z,RMD,Richmond,20846baf-2fe5-403c-85d4-31520e88a3ce,SAMMS-Richmond
202608262209456417,202608261955298938,202608261955298282,85,2575,Bronze INV,br_LabResultDetail,TASK_COMPLETE,SUCCESS,INFO,3710,3710,0,,2026-08-26T19:55:35.047Z,2026-08-26T22:11:39.517Z,8164,2026-08-26T22:11:39.517Z,SFN,Springfield North,20846baf-2fe5-403c-85d4-31520e88a3ce,SAMMS-SFNv5
202608262209456418,202608261955298939,202608261955298282,85,2576,Bronze INV,br_LabResultDetail,TASK_COMPLETE,SUCCESS,INFO,331,331,0,,2026-08-26T19:55:35.047Z,2026-08-26T22:11:39.517Z,8164,2026-08-26T22:11:39.517Z,SHP,Shreveport,20846baf-2fe5-403c-85d4-31520e88a3ce,SAMMS-Shreveport
202608262209456419,202608261955298940,202608261955298282,85,2578,Bronze INV,br_LabResultDetail,TASK_COMPLETE,SUCCESS,INFO,6,6,0,,2026-08-26T19:55:35.047Z,2026-08-26T22:11:39.517Z,8164,2026-08-26T22:11:39.517Z,STN,Staunton,20846baf-2fe5-403c-85d4-31520e88a3ce,SAMMS-Staunton
202608262209456420,202608261955298941,202608261955298282,85,2579,Bronze INV,br_LabResultDetail,TASK_COMPLETE,SUCCESS,INFO,462,462,0,,2026-08-26T19:55:35.047Z,2026-08-26T22:11:39.517Z,8164,2026-08-26T22:11:39.517Z,STVN,Stevenson,20846baf-2fe5-403c-85d4-31520e88a3ce,SAMMS-Stevenson
202608262209456421,202608261955298942,202608261955298282,85,2581,Bronze INV,br_LabResultDetail,TASK_COMPLETE,SUCCESS,INFO,18155,18155,0,,2026-08-26T19:55:35.047Z,2026-08-26T22:11:39.517Z,8164,2026-08-26T22:11:39.517Z,TE,Tempe,20846baf-2fe5-403c-85d4-31520e88a3ce,SAMMS-Tempe
202608262209456422,202608261955298943,202608261955298282,85,2582,Bronze INV,br_LabResultDetail,TASK_COMPLETE,SUCCESS,INFO,4,4,0,,2026-08-26T19:55:35.047Z,2026-08-26T22:11:39.517Z,8164,2026-08-26T22:11:39.517Z,TEX,Texarkana,20846baf-2fe5-403c-85d4-31520e88a3ce,SAMMS-Texarkana
202608262209456423,202608261955298944,202608261955298282,85,2583,Bronze INV,br_LabResultDetail,TASK_COMPLETE,SUCCESS,INFO,1716,1716,0,,2026-08-26T19:55:35.047Z,2026-08-26T22:11:39.517Z,8164,2026-08-26T22:11:39.517Z,TTCA,Bessemer,20846baf-2fe5-403c-85d4-31520e88a3ce,SAMMS-BessemerV5
202608262209456424,202608261955298945,202608261955298282,85,2584,Bronze INV,br_LabResultDetail,TASK_COMPLETE,SUCCESS,INFO,2149,2149,0,,2026-08-26T19:55:35.047Z,2026-08-26T22:11:39.517Z,8164,2026-08-26T22:11:39.517Z,TTCB,Cullman,20846baf-2fe5-403c-85d4-31520e88a3ce,SAMMS-CullmanV5
202608262209456426,202608261955298946,202608261955298282,85,2585,Bronze INV,br_LabResultDetail,TASK_COMPLETE,SUCCESS,INFO,4,4,0,,2026-08-26T19:55:35.047Z,2026-08-26T22:11:39.517Z,8164,2026-08-26T22:11:39.517Z,TTCC,Grand Bay,20846baf-2fe5-403c-85d4-31520e88a3ce,SAMMS-GrandBay
202608262209456427,202608261955298947,202608261955298282,85,2586,Bronze INV,br_LabResultDetail,TASK_COMPLETE,SUCCESS,INFO,1162,1162,0,,2026-08-26T19:55:35.047Z,2026-08-26T22:11:39.517Z,8164,2026-08-26T22:11:39.517Z,TU,Tucson,20846baf-2fe5-403c-85d4-31520e88a3ce,SAMMS-Tucson
202608262209456428,202608261955298948,202608261955298282,85,2588,Bronze INV,br_LabResultDetail,TASK_COMPLETE,SUCCESS,INFO,5376,5376,0,,2026-08-26T19:55:35.047Z,2026-08-26T22:11:39.517Z,8164,2026-08-26T22:11:39.517Z,V1,Memphis South,20846baf-2fe5-403c-85d4-31520e88a3ce,SAMMS-VCPHCS-I-MemphisV5
202608262209456429,202608261955298949,202608261955298282,85,2589,Bronze INV,br_LabResultDetail,TASK_COMPLETE,SUCCESS,INFO,6266,6266,0,,2026-08-26T19:55:35.047Z,2026-08-26T22:11:39.517Z,8164,2026-08-26T22:11:39.517Z,V10,Longmont,20846baf-2fe5-403c-85d4-31520e88a3ce,SAMMS-BoulderV5
202608262209456430,202608261955298950,202608261955298282,85,2590,Bronze INV,br_LabResultDetail,TASK_COMPLETE,SUCCESS,INFO,3578,3578,0,,2026-08-26T19:55:35.047Z,2026-08-26T22:11:39.517Z,8164,2026-08-26T22:11:39.517Z,V10A,Fort Collins,20846baf-2fe5-403c-85d4-31520e88a3ce,SAMMS-FortCollinsV5
202608262209456431,202608261955298951,202608261955298282,85,2591,Bronze INV,br_LabResultDetail,TASK_COMPLETE,SUCCESS,INFO,7574,7574,0,,2026-08-26T19:55:35.047Z,2026-08-26T22:11:39.517Z,8164,2026-08-26T22:11:39.517Z,V11,Westminster,20846baf-2fe5-403c-85d4-31520e88a3ce,SAMMS-VCPHCS-XI-NorthDenverV5
202608262209456432,202608261955298952,202608261955298282,85,2592,Bronze INV,br_LabResultDetail,TASK_COMPLETE,SUCCESS,INFO,10351,10351,0,,2026-08-26T19:55:35.047Z,2026-08-26T22:11:39.517Z,8164,2026-08-26T22:11:39.517Z,V12,Downtown Denver,20846baf-2fe5-403c-85d4-31520e88a3ce,SAMMS-VCPHCS-XII-DowntownDenverV5
202608262209456433,202608261955298953,202608261955298282,85,2593,Bronze INV,br_LabResultDetail,TASK_COMPLETE,SUCCESS,INFO,4839,4839,0,,2026-08-26T19:55:35.047Z,2026-08-26T22:11:39.517Z,8164,2026-08-26T22:11:39.517Z,V12A,Centennial,20846baf-2fe5-403c-85d4-31520e88a3ce,SAMMS-CentennialV5
202608262209456434,202608261955298954,202608261955298282,85,2594,Bronze INV,br_LabResultDetail,TASK_COMPLETE,SUCCESS,INFO,3387,3387,0,,2026-08-26T19:55:35.047Z,2026-08-26T22:11:39.517Z,8164,2026-08-26T22:11:39.517Z,V14,Overland Park,20846baf-2fe5-403c-85d4-31520e88a3ce,SAMMS-VCPHCS-XIV-BridgewayV5
202608262209456436,202608261955298955,202608261955298282,85,2595,Bronze INV,br_LabResultDetail,TASK_COMPLETE,SUCCESS,INFO,2917,2917,0,,2026-08-26T19:55:35.047Z,2026-08-26T22:11:39.517Z,8164,2026-08-26T22:11:39.517Z,V15,Joplin,20846baf-2fe5-403c-85d4-31520e88a3ce,SAMMS-JoplinV5
202608262209456437,202608261955298956,202608261955298282,85,2597,Bronze INV,br_LabResultDetail,TASK_COMPLETE,SUCCESS,INFO,1339,1339,0,,2026-08-26T19:55:35.047Z,2026-08-26T22:11:39.517Z,8164,2026-08-26T22:11:39.517Z,V17,Columbia TN,20846baf-2fe5-403c-85d4-31520e88a3ce,SAMMS-ColumbiaTNv5
202608262209456438,202608261955298957,202608261955298282,85,2599,Bronze INV,br_LabResultDetail,TASK_COMPLETE,SUCCESS,INFO,5131,5131,0,,2026-08-26T19:55:35.047Z,2026-08-26T22:11:39.517Z,8164,2026-08-26T22:11:39.517Z,V19,Jackson,20846baf-2fe5-403c-85d4-31520e88a3ce,SAMMS-JacksonV5
202608262209456439,202608261955298958,202608261955298282,85,2601,Bronze INV,br_LabResultDetail,TASK_COMPLETE,SUCCESS,INFO,7051,7051,0,,2026-08-26T19:55:35.047Z,2026-08-26T22:11:39.517Z,8164,2026-08-26T22:11:39.517Z,V20,Paris,20846baf-2fe5-403c-85d4-31520e88a3ce,SAMMS-ParisV5
202608262209456440,202608261955298959,202608261955298282,85,2602,Bronze INV,br_LabResultDetail,TASK_COMPLETE,SUCCESS,INFO,6077,6077,0,,2026-08-26T19:55:35.047Z,2026-08-26T22:11:39.517Z,8164,2026-08-26T22:11:39.517Z,V21,Memphis North,20846baf-2fe5-403c-85d4-31520e88a3ce,SAMMS-RaleighV5
202608262209456441,202608261955298960,202608261955298282,85,2605,Bronze INV,br_LabResultDetail,TASK_COMPLETE,SUCCESS,INFO,7039,7039,0,,2026-08-26T19:55:35.047Z,2026-08-26T22:11:39.517Z,8164,2026-08-26T22:11:39.517Z,V5,West Bank,20846baf-2fe5-403c-85d4-31520e88a3ce,SAMMS-NONTCv5
202608262209456442,202608261955298961,202608261955298282,85,2607,Bronze INV,br_LabResultDetail,TASK_COMPLETE,SUCCESS,INFO,530,530,0,,2026-08-26T19:55:35.047Z,2026-08-26T22:11:39.517Z,8164,2026-08-26T22:11:39.517Z,V5B,Houma,20846baf-2fe5-403c-85d4-31520e88a3ce,SAMMS-HoumaV6
202608262209456443,202608261955298962,202608261955298282,85,2608,Bronze INV,br_LabResultDetail,TASK_COMPLETE,SUCCESS,INFO,4807,4807,0,,2026-08-26T19:55:35.047Z,2026-08-26T22:11:39.517Z,8164,2026-08-26T22:11:39.517Z,V6,Lake Charles,20846baf-2fe5-403c-85d4-31520e88a3ce,SAMMS-LCv5
202608262209456444,202608261955298963,202608261955298282,85,2610,Bronze INV,br_LabResultDetail,TASK_COMPLETE,SUCCESS,INFO,19795,19795,0,,2026-08-26T19:55:35.047Z,2026-08-26T22:11:39.517Z,8164,2026-08-26T22:11:39.517Z,V8,Memphis Midtown,20846baf-2fe5-403c-85d4-31520e88a3ce,SAMMS-VCPHCS-VIII-MemphisV5
202608262209456446,202608261955298964,202608261955298282,85,2611,Bronze INV,br_LabResultDetail,TASK_COMPLETE,SUCCESS,INFO,17631,17631,0,,2026-08-26T19:55:35.047Z,2026-08-26T22:11:39.517Z,8164,2026-08-26T22:11:39.517Z,V9,Nashville,20846baf-2fe5-403c-85d4-31520e88a3ce,SAMMS-NashvilleV5
202608262209456447,202608261955298965,202608261955298282,85,2612,Bronze INV,br_LabResultDetail,TASK_COMPLETE,SUCCESS,INFO,1095,1095,0,,2026-08-26T19:55:35.047Z,2026-08-26T22:11:39.517Z,8164,2026-08-26T22:11:39.517Z,VBRA,Brainerd,20846baf-2fe5-403c-85d4-31520e88a3ce,SAMMS-BrainerdV6
202608262209456448,202608261955298966,202608261955298282,85,2613,Bronze INV,br_LabResultDetail,TASK_COMPLETE,SUCCESS,INFO,18,18,0,,2026-08-26T19:55:35.047Z,2026-08-26T22:11:39.517Z,8164,2026-08-26T22:11:39.517Z,VBRP,Brooklyn Park,20846baf-2fe5-403c-85d4-31520e88a3ce,SAMMS-BrooklynParkV6
202608262209456449,202608261955298967,202608261955298282,85,2615,Bronze INV,br_LabResultDetail,TASK_COMPLETE,SUCCESS,INFO,3,3,0,,2026-08-26T19:55:35.047Z,2026-08-26T22:11:39.517Z,8164,2026-08-26T22:11:39.517Z,VMIN,Minneapolis,20846baf-2fe5-403c-85d4-31520e88a3ce,SAMMS-MinneapolisV6
202608262209456450,202608261955298968,202608261955298282,85,2616,Bronze INV,br_LabResultDetail,TASK_COMPLETE,SUCCESS,INFO,8,8,0,,2026-08-26T19:55:35.047Z,2026-08-26T22:11:39.517Z,8164,2026-08-26T22:11:39.517Z,VWBY,Woodbury,20846baf-2fe5-403c-85d4-31520e88a3ce,SAMMS-WoodburyV6
202608262209456451,202608261955298969,202608261955298282,85,2618,Bronze INV,br_LabResultDetail,TASK_COMPLETE,SUCCESS,INFO,8644,8644,0,,2026-08-26T19:55:35.047Z,2026-08-26T22:11:39.517Z,8164,2026-08-26T22:11:39.517Z,WIL,Wilson,20846baf-2fe5-403c-85d4-31520e88a3ce,SAMMS-Wilson
202608270901272011,202608270901272011,20260827043602,132,13702,Retention 14 Stat Gold,Retention14Stat,TASK_FAILED,FAILED,ERROR,325842,0,325842,"An error occurred while calling o11355.synapsesql. : com.microsoft.spark.fabric.tds.write.error.FabricSparkTDSWriteError: Schemas are not equal: Fields in dataframe but missing in Table: StructField(CltID,IntegerType,true), StructField(PyPAYERID,StringType,true), StructField(PatientZip,StringType,true), StructField(ClinicZip,StringType,true), StructField(PatientLat,StringType,true), StructField(PatientLong,StringType,true), StructField(ClinicLat,StringType,true), StructField(ClinicLong,StringType,true), StructField(DistanceMiles,StringType,true), StructField(R14Pending1590,StringType,true), StructField(R14Disch014,StringType,true), StructField(R14Disch1590,StringType,true), StructField(R14MadeIt91180,StringType,true), StructField(R14Disch91180,StringType,true), StructField(R14MadeIt181365,StringType,true), StructField(R14Disch181365,StringType,true), StructField(R14MadeIt366Plus,StringType,true), StructField(R14Disch366Plus,StringType,true), StructField(S14Made91orBetter,StringType,tru",2026-08-27T09:01:27.201Z,2026-08-27T09:01:56.476Z,29,2026-08-27T09:01:56.476Z,,,3fa64f84-15aa-45fb-9cca-2f2fe48cfae1,
202608262209458044,202608261955298387,202608261955298282,85,2234,Bronze INV,br_InvType,TASK_COMPLETE,SUCCESS,INFO,8,8,0,,2026-08-26T19:55:35.047Z,2026-08-26T22:11:39.517Z,8164,2026-08-26T22:11:39.517Z,V21,Memphis North,20846baf-2fe5-403c-85d4-31520e88a3ce,SAMMS-RaleighV5
202608262209458045,202608261955298388,202608261955298282,85,2237,Bronze INV,br_InvType,TASK_COMPLETE,SUCCESS,INFO,7,7,0,,2026-08-26T19:55:35.047Z,2026-08-26T22:11:39.517Z,8164,2026-08-26T22:11:39.517Z,V5,West Bank,20846baf-2fe5-403c-85d4-31520e88a3ce,SAMMS-NONTCv5
202608262209458046,202608261955298389,202608261955298282,85,2239,Bronze INV,br_InvType,TASK_COMPLETE,SUCCESS,INFO,7,7,0,,2026-08-26T19:55:35.047Z,2026-08-26T22:11:39.517Z,8164,2026-08-26T22:11:39.517Z,V5B,Houma,20846baf-2fe5-403c-85d4-31520e88a3ce,SAMMS-HoumaV6
202608262209458047,202608261955298390,202608261955298282,85,2240,Bronze INV,br_InvType,TASK_COMPLETE,SUCCESS,INFO,8,8,0,,2026-08-26T19:55:35.047Z,2026-08-26T22:11:39.517Z,8164,2026-08-26T22:11:39.517Z,V6,Lake Charles,20846baf-2fe5-403c-85d4-31520e88a3ce,SAMMS-LCv5
202608262209458048,202608261955298391,202608261955298282,85,2242,Bronze INV,br_InvType,TASK_COMPLETE,SUCCESS,INFO,7,7,0,,2026-08-26T19:55:35.047Z,2026-08-26T22:11:39.517Z,8164,2026-08-26T22:11:39.517Z,V8,Memphis Midtown,20846baf-2fe5-403c-85d4-31520e88a3ce,SAMMS-VCPHCS-VIII-MemphisV5
202608262209458049,202608261955298392,202608261955298282,85,2243,Bronze INV,br_InvType,TASK_COMPLETE,SUCCESS,INFO,7,7,0,,2026-08-26T19:55:35.047Z,2026-08-26T22:11:39.517Z,8164,2026-08-26T22:11:39.517Z,V9,Nashville,20846baf-2fe5-403c-85d4-31520e88a3ce,SAMMS-NashvilleV5
202608262209458050,202608261955298393,202608261955298282,85,2244,Bronze INV,br_InvType,TASK_COMPLETE,SUCCESS,INFO,7,7,0,,2026-08-26T19:55:35.047Z,2026-08-26T22:11:39.517Z,8164,2026-08-26T22:11:39.517Z,VBRA,Brainerd,20846baf-2fe5-403c-85d4-31520e88a3ce,SAMMS-BrainerdV6
202608262209458052,202608261955298394,202608261955298282,85,2245,Bronze INV,br_InvType,TASK_COMPLETE,SUCCESS,INFO,7,7,0,,2026-08-26T19:55:35.047Z,2026-08-26T22:11:39.517Z,8164,2026-08-26T22:11:39.517Z,VBRP,Brooklyn Park,20846baf-2fe5-403c-85d4-31520e88a3ce,SAMMS-BrooklynParkV6
202608262209458053,202608261955298395,202608261955298282,85,2247,Bronze INV,br_InvType,TASK_COMPLETE,SUCCESS,INFO,7,7,0,,2026-08-26T19:55:35.047Z,2026-08-26T22:11:39.517Z,8164,2026-08-26T22:11:39.517Z,VMIN,Minneapolis,20846baf-2fe5-403c-85d4-31520e88a3ce,SAMMS-MinneapolisV6
202608262209458054,202608261955298396,202608261955298282,85,2248,Bronze INV,br_InvType,TASK_COMPLETE,SUCCESS,INFO,7,7,0,,2026-08-26T19:55:35.047Z,2026-08-26T22:11:39.517Z,8164,2026-08-26T22:11:39.517Z,VWBY,Woodbury,20846baf-2fe5-403c-85d4-31520e88a3ce,SAMMS-WoodburyV6
202608262209458055,202608261955298397,202608261955298282,85,2250,Bronze INV,br_InvType,TASK_COMPLETE,SUCCESS,INFO,7,7,0,,2026-08-26T19:55:35.047Z,2026-08-26T22:11:39.517Z,8164,2026-08-26T22:11:39.517Z,WIL,Wilson,20846baf-2fe5-403c-85d4-31520e88a3ce,SAMMS-Wilson
202608262209458161,202608261955398300,202608261955398282,86,8577,Silver INV,sl_InvType,TASK_COMPLETE,SUCCESS,INFO,755,755,0,,2026-08-26T19:55:35.047Z,2026-08-26T22:11:39.517Z,8164,2026-08-26T22:11:39.517Z,,,20846baf-2fe5-403c-85d4-31520e88a3ce,
202608262209458080,202608261955298740,202608261955298282,85,2254,Bronze INV,br_LabResult,TASK_COMPLETE,SUCCESS,INFO,1693,1693,0,,2026-08-26T19:55:35.047Z,2026-08-26T22:11:39.517Z,8164,2026-08-26T22:11:39.517Z,AHK,Ahoskie,20846baf-2fe5-403c-85d4-31520e88a3ce,SAMMS-Ahoskie
202608262209458082,202608261955298741,202608261955298282,85,2255,Bronze INV,br_LabResult,TASK_COMPLETE,SUCCESS,INFO,1260,1260,0,,2026-08-26T19:55:35.047Z,2026-08-26T22:11:39.517Z,8164,2026-08-26T22:11:39.517Z,B12B,Colorado Springs,20846baf-2fe5-403c-85d4-31520e88a3ce,SAMMS-ColoradoSpringsV5
202608262209458083,202608261955298742,202608261955298282,85,2256,Bronze INV,br_LabResult,TASK_COMPLETE,SUCCESS,INFO,1833,1833,0,,2026-08-26T19:55:35.047Z,2026-08-26T22:11:39.517Z,8164,2026-08-26T22:11:39.517Z,B24,Paintsville,20846baf-2fe5-403c-85d4-31520e88a3ce,SAMMS-PaintsvilleV5
202608262209458084,202608261955298743,202608261955298282,85,2257,Bronze INV,br_LabResult,TASK_COMPLETE,SUCCESS,INFO,2286,2286,0,,2026-08-26T19:55:35.047Z,2026-08-26T22:11:39.517Z,8164,2026-08-26T22:11:39.517Z,B25,Pikeville,20846baf-2fe5-403c-85d4-31520e88a3ce,SAMMS-PikevilleV5
202608262209458085,202608261955298744,202608261955298282,85,2258,Bronze INV,br_LabResult,TASK_COMPLETE,SUCCESS,INFO,2742,2742,0,,2026-08-26T19:55:35.047Z,2026-08-26T22:11:39.517Z,8164,2026-08-26T22:11:39.517Z,B26,Hazard,20846baf-2fe5-403c-85d4-31520e88a3ce,SAMMS-HazardV5
202608262209458086,202608261955298745,202608261955298282,85,2259,Bronze INV,br_LabResult,TASK_COMPLETE,SUCCESS,INFO,3,3,0,,2026-08-26T19:55:35.047Z,2026-08-26T22:11:39.517Z,8164,2026-08-26T22:11:39.517Z,B27,Savannah,20846baf-2fe5-403c-85d4-31520e88a3ce,SAMMS-SavannahV6
202608262209458087,202608261955298746,202608261955298282,85,2260,Bronze INV,br_LabResult,TASK_COMPLETE,SUCCESS,INFO,1556,1556,0,,2026-08-26T19:55:35.047Z,2026-08-26T22:11:39.517Z,8164,2026-08-26T22:11:39.517Z,B28,West Plains,20846baf-2fe5-403c-85d4-31520e88a3ce,SAMMS-WestPlainesV5
202608262209458088,202608261955298747,202608261955298282,85,2261,Bronze INV,br_LabResult,TASK_COMPLETE,SUCCESS,INFO,1885,1885,0,,2026-08-26T19:55:35.047Z,2026-08-26T22:11:39.517Z,8164,2026-08-26T22:11:39.517Z,B29,Poplar Bluff,20846baf-2fe5-403c-85d4-31520e88a3ce,SAMMS-PoplarBluffV5
202608262209458090,202608261955298748,202608261955298282,85,2262,Bronze INV,br_LabResult,TASK_COMPLETE,SUCCESS,INFO,1514,1514,0,,2026-08-26T19:55:35.047Z,2026-08-26T22:11:39.517Z,8164,2026-08-26T22:11:39.517Z,B30,KC North,20846baf-2fe5-403c-85d4-31520e88a3ce,SAMMS-KCNv5
202608262209458091,202608261955298749,202608261955298282,85,2263,Bronze INV,br_LabResult,TASK_COMPLETE,SUCCESS,INFO,5377,5377,0,,2026-08-26T19:55:35.047Z,2026-08-26T22:11:39.517Z,8164,2026-08-26T22:11:39.517Z,B31,Dyersburg,20846baf-2fe5-403c-85d4-31520e88a3ce,SAMMS-DyersburgV5
202608262209458092,202608261955298750,202608261955298282,85,2265,Bronze INV,br_LabResult,TASK_COMPLETE,SUCCESS,INFO,4142,4142,0,,2026-08-26T19:55:35.047Z,2026-08-26T22:11:39.517Z,8164,2026-08-26T22:11:39.517Z,B33,Paducah,20846baf-2fe5-403c-85d4-31520e88a3ce,SAMMS-Paducah
202608262209458093,202608261955298751,202608261955298282,85,2266,Bronze INV,br_LabResult,TASK_COMPLETE,SUCCESS,INFO,2293,2293,0,,2026-08-26T19:55:35.047Z,2026-08-26T22:11:39.517Z,8164,2026-08-26T22:11:39.517Z,B34,Corbin,20846baf-2fe5-403c-85d4-31520e88a3ce,SAMMS-CorbinV5
202608262209458094,202608261955298752,202608261955298282,85,2267,Bronze INV,br_LabResult,TASK_COMPLETE,SUCCESS,INFO,11689,11689,0,,2026-08-26T19:55:35.047Z,2026-08-26T22:11:39.517Z,8164,2026-08-26T22:11:39.517Z,B35,Lexington,20846baf-2fe5-403c-85d4-31520e88a3ce,SAMMS-LexingtonV5
202608262209458095,202608261955298753,202608261955298282,85,2268,Bronze INV,br_LabResult,TASK_COMPLETE,SUCCESS,INFO,2395,2395,0,,2026-08-26T19:55:35.047Z,2026-08-26T22:11:39.517Z,8164,2026-08-26T22:11:39.517Z,B35A,Berea,20846baf-2fe5-403c-85d4-31520e88a3ce,SAMMS-BereaV5
202608262209458096,202608261955298754,202608261955298282,85,2269,Bronze INV,br_LabResult,TASK_COMPLETE,SUCCESS,INFO,1162,1162,0,,2026-08-26T19:55:35.047Z,2026-08-26T22:11:39.517Z,8164,2026-08-26T22:11:39.517Z,B36,Asheville,20846baf-2fe5-403c-85d4-31520e88a3ce,SAMMS-AshevilleV5
202608262209458098,202608261955298755,202608261955298282,85,2270,Bronze INV,br_LabResult,TASK_COMPLETE,SUCCESS,INFO,1697,1697,0,,2026-08-26T19:55:35.047Z,2026-08-26T22:11:39.517Z,8164,2026-08-26T22:11:39.517Z,B37,Clyde,20846baf-2fe5-403c-85d4-31520e88a3ce,SAMMS-ClydeV5
202608262209458099,202608261955298756,202608261955298282,85,2271,Bronze INV,br_LabResult,TASK_COMPLETE,SUCCESS,INFO,5931,5931,0,,2026-08-26T19:55:35.047Z,2026-08-26T22:11:39.517Z,8164,2026-08-26T22:11:39.517Z,B38,Spartanburg,20846baf-2fe5-403c-85d4-31520e88a3ce,SAMMS-SpartanburgV5
202608262209458100,202608261955298757,202608261955298282,85,2272,Bronze INV,br_LabResult,TASK_COMPLETE,SUCCESS,INFO,1795,1795,0,,2026-08-26T19:55:35.047Z,2026-08-26T22:11:39.517Z,8164,2026-08-26T22:11:39.517Z,B39,Aiken,20846baf-2fe5-403c-85d4-31520e88a3ce,SAMMS-AikenV5
202608262209458101,202608261955298758,202608261955298282,85,2273,Bronze INV,br_LabResult,TASK_COMPLETE,SUCCESS,INFO,4044,4044,0,,2026-08-26T19:55:35.047Z,2026-08-26T22:11:39.517Z,8164,2026-08-26T22:11:39.517Z,B41,Chesapeake,20846baf-2fe5-403c-85d4-31520e88a3ce,SAMMS-ChesapeakeV5
202608262209458102,202608261955298759,202608261955298282,85,2274,Bronze INV,br_LabResult,TASK_COMPLETE,SUCCESS,INFO,14376,14376,0,,2026-08-26T19:55:35.047Z,2026-08-26T22:11:39.517Z,8164,2026-08-26T22:11:39.517Z,B42,Virginia Beach,20846baf-2fe5-403c-85d4-31520e88a3ce,SAMMS-VirginiaBeachV5
202608262209458103,202608261955298760,202608261955298282,85,2275,Bronze INV,br_LabResult,TASK_COMPLETE,SUCCESS,INFO,1418,1418,0,,2026-08-26T19:55:35.047Z,2026-08-26T22:11:39.517Z,8164,2026-08-26T22:11:39.517Z,B42A,Newport News,20846baf-2fe5-403c-85d4-31520e88a3ce,SAMMS-NewportNewsV5
202608262209458104,202608261955298761,202608261955298282,85,2276,Bronze INV,br_LabResult,TASK_COMPLETE,SUCCESS,INFO,751,751,0,,2026-08-26T19:55:35.047Z,2026-08-26T22:11:39.517Z,8164,2026-08-26T22:11:39.517Z,B42B,Franklin,20846baf-2fe5-403c-85d4-31520e88a3ce,SAMMS-FranklinV5
202608262209458105,202608261955298762,202608261955298282,85,2277,Bronze INV,br_LabResult,TASK_COMPLETE,SUCCESS,INFO,1479,1479,0,,2026-08-26T19:55:35.047Z,2026-08-26T22:11:39.517Z,8164,2026-08-26T22:11:39.517Z,B42C,Glen Allen,20846baf-2fe5-403c-85d4-31520e88a3ce,SAMMS-GlenAllenV5
202608262209458106,202608261955298763,202608261955298282,85,2278,Bronze INV,br_LabResult,TASK_COMPLETE,SUCCESS,INFO,1330,1330,0,,2026-08-26T19:55:35.047Z,2026-08-26T22:11:39.517Z,8164,2026-08-26T22:11:39.517Z,B42D,Chesapeake South,20846baf-2fe5-403c-85d4-31520e88a3ce,SAMMS-ChesapeakeSouthV5
202608262209458107,202608261955298764,202608261955298282,85,2279,Bronze INV,br_LabResult,TASK_COMPLETE,SUCCESS,INFO,2936,2936,0,,2026-08-26T19:55:35.047Z,2026-08-26T22:11:39.517Z,8164,2026-08-26T22:11:39.517Z,B44,Albany,20846baf-2fe5-403c-85d4-31520e88a3ce,SAMMS-AlbanyV5
202608262209458109,202608261955298765,202608261955298282,85,2280,Bronze INV,br_LabResult,TASK_COMPLETE,SUCCESS,INFO,2400,2400,0,,2026-08-26T19:55:35.047Z,2026-08-26T22:11:39.517Z,8164,2026-08-26T22:11:39.517Z,B45,Tifton,20846baf-2fe5-403c-85d4-31520e88a3ce,SAMMS-TiftonV5
202608262209458110,202608261955298766,202608261955298282,85,2281,Bronze INV,br_LabResult,TASK_COMPLETE,SUCCESS,INFO,621,621,0,,2026-08-26T19:55:35.047Z,2026-08-26T22:11:39.517Z,8164,2026-08-26T22:11:39.517Z,B46,Washington DC,20846baf-2fe5-403c-85d4-31520e88a3ce,SAMMS-WashingtonDCv5
202608262209458111,202608261955298767,202608261955298282,85,2282,Bronze INV,br_LabResult,TASK_COMPLETE,SUCCESS,INFO,334,334,0,,2026-08-26T19:55:35.047Z,2026-08-26T22:11:39.517Z,8164,2026-08-26T22:11:39.517Z,B47,Mobile,20846baf-2fe5-403c-85d4-31520e88a3ce,SAMMS-MobileV5
202608262209458112,202608261955298768,202608261955298282,85,2283,Bronze INV,br_LabResult,TASK_COMPLETE,SUCCESS,INFO,3357,3357,0,,2026-08-26T19:55:35.047Z,2026-08-26T22:11:39.517Z,8164,2026-08-26T22:11:39.517Z,B48,Tuscaloosa,20846baf-2fe5-403c-85d4-31520e88a3ce,SAMMS-TuscaloosaV5
202608262209458113,202608261955298769,202608261955298282,85,2292,Bronze INV,br_LabResult,TASK_COMPLETE,SUCCESS,INFO,5,5,0,,2026-08-26T19:55:35.047Z,2026-08-26T22:11:39.517Z,8164,2026-08-26T22:11:39.517Z,B51,N. Little Rock (OTP),20846baf-2fe5-403c-85d4-31520e88a3ce,SAMMS-NorthLittleRockV6
202608262209458114,202608261955298770,202608261955298282,85,2293,Bronze INV,br_LabResult,TASK_COMPLETE,SUCCESS,INFO,256,256,0,,2026-08-26T19:55:35.047Z,2026-08-26T22:11:39.517Z,8164,2026-08-26T22:11:39.517Z,B52,Jackson GA,20846baf-2fe5-403c-85d4-31520e88a3ce,SAMMS-JacksonGAV5
202608262209458115,202608261955298771,202608261955298282,85,2294,Bronze INV,br_LabResult,TASK_COMPLETE,SUCCESS,INFO,2660,2660,0,,2026-08-26T19:55:35.047Z,2026-08-26T22:11:39.517Z,8164,2026-08-26T22:11:39.517Z,B54,Gadsden,20846baf-2fe5-403c-85d4-31520e88a3ce,SAMMS-GadsdenV5
202608262209458116,202608261955298772,202608261955298282,85,2295,Bronze INV,br_LabResult,TASK_COMPLETE,SUCCESS,INFO,491,491,0,,2026-08-26T19:55:35.047Z,2026-08-26T22:11:39.517Z,8164,2026-08-26T22:11:39.517Z,B55,Shoals,20846baf-2fe5-403c-85d4-31520e88a3ce,SAMMS-ShoalsV5
202608262209458117,202608261955298773,202608261955298282,85,2296,Bronze INV,br_LabResult,TASK_COMPLETE,SUCCESS,INFO,3,3,0,,2026-08-26T19:55:35.047Z,2026-08-26T22:11:39.517Z,8164,2026-08-26T22:11:39.517Z,B57,Pawtucket,20846baf-2fe5-403c-85d4-31520e88a3ce,SAMMS-Pawtucket
202608262209458119,202608261955298774,202608261955298282,85,2297,Bronze INV,br_LabResult,TASK_COMPLETE,SUCCESS,INFO,6,6,0,,2026-08-26T19:55:35.047Z,2026-08-26T22:11:39.517Z,8164,2026-08-26T22:11:39.517Z,B57A,Johnston,20846baf-2fe5-403c-85d4-31520e88a3ce,SAMMS-Johnston
202608262209458120,202608261955298775,202608261955298282,85,2298,Bronze INV,br_LabResult,TASK_COMPLETE,SUCCESS,INFO,9,9,0,,2026-08-26T19:55:35.047Z,2026-08-26T22:11:39.517Z,8164,2026-08-26T22:11:39.517Z,B57B,Middletown,20846baf-2fe5-403c-85d4-31520e88a3ce,SAMMS-Middletown
202608262209458121,202608261955298776,202608261955298282,85,2299,Bronze INV,br_LabResult,TASK_COMPLETE,SUCCESS,INFO,2,2,0,,2026-08-26T19:55:35.047Z,2026-08-26T22:11:39.517Z,8164,2026-08-26T22:11:39.517Z,B57C,Providence,20846baf-2fe5-403c-85d4-31520e88a3ce,SAMMS-Providence
202608262209458122,202608261955298777,202608261955298282,85,2300,Bronze INV,br_LabResult,TASK_COMPLETE,SUCCESS,INFO,3,3,0,,2026-08-26T19:55:35.047Z,2026-08-26T22:11:39.517Z,8164,2026-08-26T22:11:39.517Z,B57D,Westerly,20846baf-2fe5-403c-85d4-31520e88a3ce,SAMMS-Westerly
202608262209458123,202608261955298778,202608261955298282,85,2304,Bronze INV,br_LabResult,TASK_COMPLETE,SUCCESS,INFO,2,2,0,,2026-08-26T19:55:35.047Z,2026-08-26T22:11:39.517Z,8164,2026-08-26T22:11:39.517Z,B66A,Bremen,20846baf-2fe5-403c-85d4-31520e88a3ce,SAMMS-Bremen
202608262209458124,202608261955298779,202608261955298282,85,2307,Bronze INV,br_LabResult,TASK_COMPLETE,SUCCESS,INFO,3,3,0,,2026-08-26T19:55:35.047Z,2026-08-26T22:11:39.517Z,8164,2026-08-26T22:11:39.517Z,B72,Mobile (OBOT),20846baf-2fe5-403c-85d4-31520e88a3ce,SAMMS-Mobile-OBOT
202608262209458125,202608261955298780,202608261955298282,85,2308,Bronze INV,br_LabResult,TASK_COMPLETE,SUCCESS,INFO,1,1,0,,2026-08-26T19:55:35.047Z,2026-08-26T22:11:39.517Z,8164,2026-08-26T22:11:39.517Z,B73,Montgomery,20846baf-2fe5-403c-85d4-31520e88a3ce,SAMMS-Montgomery
202608262209458126,202608261955298781,202608261955298282,85,2309,Bronze INV,br_LabResult,TASK_COMPLETE,SUCCESS,INFO,508,508,0,,2026-08-26T19:55:35.047Z,2026-08-26T22:11:39.517Z,8164,2026-08-26T22:11:39.517Z,B75,Lawrence,20846baf-2fe5-403c-85d4-31520e88a3ce,SAMMS-LawrenceV6
202608262209458127,202608261955298782,202608261955298282,85,2310,Bronze INV,br_LabResult,TASK_COMPLETE,SUCCESS,INFO,1,1,0,,2026-08-26T19:55:35.047Z,2026-08-26T22:11:39.517Z,8164,2026-08-26T22:11:39.517Z,B76,Huntsville OBOT,20846baf-2fe5-403c-85d4-31520e88a3ce,SAMMS-Huntsville-OBOT
202608262209458129,202608261955298783,202608261955298282,85,2311,Bronze INV,br_LabResult,TASK_COMPLETE,SUCCESS,INFO,4,4,0,,2026-08-26T19:55:35.047Z,2026-08-26T22:11:39.517Z,8164,2026-08-26T22:11:39.517Z,BAT,Batesville,20846baf-2fe5-403c-85d4-31520e88a3ce,SAMMS-Batesville
202608262209458130,202608261955298784,202608261955298282,85,2312,Bronze INV,br_LabResult,TASK_COMPLETE,SUCCESS,INFO,2692,2692,0,,2026-08-26T19:55:35.047Z,2026-08-26T22:11:39.517Z,8164,2026-08-26T22:11:39.517Z,BG,Bowling Green,20846baf-2fe5-403c-85d4-31520e88a3ce,SAMMS-BowlingGreen
202608262209458131,202608261955298785,202608261955298282,85,2313,Bronze INV,br_LabResult,TASK_COMPLETE,SUCCESS,INFO,191,191,0,,2026-08-26T19:55:35.047Z,2026-08-26T22:11:39.517Z,8164,2026-08-26T22:11:39.517Z,BOI,Boise,20846baf-2fe5-403c-85d4-31520e88a3ce,SAMMS-Boise
202608262209458132,202608261955298786,202608261955298282,85,2320,Bronze INV,br_LabResult,TASK_COMPLETE,SUCCESS,INFO,234,234,0,,2026-08-26T19:55:35.047Z,2026-08-26T22:11:39.517Z,8164,2026-08-26T22:11:39.517Z,CBCO,Coeur dAlene,20846baf-2fe5-403c-85d4-31520e88a3ce,SAMMS-CoeurdAleneV6
202608262209458133,202608261955298787,202608261955298282,85,2339,Bronze INV,br_LabResult,TASK_COMPLETE,SUCCESS,INFO,1,1,0,,2026-08-26T19:55:35.047Z,2026-08-26T22:11:39.517Z,8164,2026-08-26T22:11:39.517Z,CON,Conway,20846baf-2fe5-403c-85d4-31520e88a3ce,SAMMS-Conway
202608262209458134,202608261955298788,202608261955298282,85,2340,Bronze INV,br_LabResult,TASK_COMPLETE,SUCCESS,INFO,11,11,0,,2026-08-26T19:55:35.047Z,2026-08-26T22:11:39.517Z,8164,2026-08-26T22:11:39.517Z,D07,Medical Services Knox TN,20846baf-2fe5-403c-85d4-31520e88a3ce,SAMMS-KnoxvilleV6
202608262209458135,202608261955298789,202608261955298282,85,2341,Bronze INV,br_LabResult,TASK_COMPLETE,SUCCESS,INFO,996,996,0,,2026-08-26T19:55:35.047Z,2026-08-26T22:11:39.517Z,8164,2026-08-26T22:11:39.517Z,D08,Madison,20846baf-2fe5-403c-85d4-31520e88a3ce,SAMMS-MadisonV6
202608262209458136,202608261955298790,202608261955298282,85,2343,Bronze INV,br_LabResult,TASK_COMPLETE,SUCCESS,INFO,705,705,0,,2026-08-26T19:55:35.047Z,2026-08-26T22:11:39.517Z,8164,2026-08-26T22:11:39.517Z,D09,Murfreesboro,20846baf-2fe5-403c-85d4-31520e88a3ce,SAMMS-MurfreesboroV6
202608262209458138,202608261955298791,202608261955298282,85,2344,Bronze INV,br_LabResult,TASK_COMPLETE,SUCCESS,INFO,5,5,0,,2026-08-26T19:55:35.047Z,2026-08-26T22:11:39.517Z,8164,2026-08-26T22:11:39.517Z,DA,Davenport,20846baf-2fe5-403c-85d4-31520e88a3ce,SAMMS-Davenport
202608262209458139,202608261955298792,202608261955298282,85,2345,Bronze INV,br_LabResult,TASK_COMPLETE,SUCCESS,INFO,2652,2652,0,,2026-08-26T19:55:35.047Z,2026-08-26T22:11:39.517Z,8164,2026-08-26T22:11:39.517Z,DM,Des Moines,20846baf-2fe5-403c-85d4-31520e88a3ce,SAMMS-DesMoines
202608262209458140,202608261955298793,202608261955298282,85,2347,Bronze INV,br_LabResult,TASK_COMPLETE,SUCCESS,INFO,3024,3024,0,,2026-08-26T19:55:35.047Z,2026-08-26T22:11:39.517Z,8164,2026-08-26T22:11:39.517Z,DRD-CO,Columbia MO,20846baf-2fe5-403c-85d4-31520e88a3ce,SAMMS-ColumbiaV5
202608262209458141,202608261955298794,202608261955298282,85,2348,Bronze INV,br_LabResult,TASK_COMPLETE,SUCCESS,INFO,3299,3299,0,,2026-08-26T19:55:35.047Z,2026-08-26T22:11:39.517Z,8164,2026-08-26T22:11:39.517Z,DRD-KC,KC,20846baf-2fe5-403c-85d4-31520e88a3ce,SAMMS-KCv5
202608262209458142,202608261955298795,202608261955298282,85,2349,Bronze INV,br_LabResult,TASK_COMPLETE,SUCCESS,INFO,19408,19408,0,,2026-08-26T19:55:35.047Z,2026-08-26T22:11:39.517Z,8164,2026-08-26T22:11:39.517Z,DRD-KVB,KVB,20846baf-2fe5-403c-85d4-31520e88a3ce,SAMMS-KVBv5
202608262209458143,202608261955298796,202608261955298282,85,2350,Bronze INV,br_LabResult,TASK_COMPLETE,SUCCESS,INFO,23691,23691,0,,2026-08-26T19:55:35.047Z,2026-08-26T22:11:39.517Z,8164,2026-08-26T22:11:39.517Z,DRD-KVC,KVC,20846baf-2fe5-403c-85d4-31520e88a3ce,SAMMS-KVCv5
202608262209458144,202608261955298797,202608261955298282,85,2351,Bronze INV,br_LabResult,TASK_COMPLETE,SUCCESS,INFO,6445,6445,0,,2026-08-26T19:55:35.047Z,2026-08-26T22:11:39.517Z,8164,2026-08-26T22:11:39.517Z,DRD-NOLA,NOLA,20846baf-2fe5-403c-85d4-31520e88a3ce,SAMMS-NOLAv5
202608262209458145,202608261955298798,202608261955298282,85,2352,Bronze INV,br_LabResult,TASK_COMPLETE,SUCCESS,INFO,5688,5688,0,,2026-08-26T19:55:35.047Z,2026-08-26T22:11:39.517Z,8164,2026-08-26T22:11:39.517Z,DRD-SF,Springfield,20846baf-2fe5-403c-85d4-31520e88a3ce,SAMMS-SFv5
202608262209458146,202608261955298799,202608261955298282,85,2354,Bronze INV,br_LabResult,TASK_COMPLETE,SUCCESS,INFO,9545,9545,0,,2026-08-26T19:55:35.047Z,2026-08-26T22:11:39.517Z,8164,2026-08-26T22:11:39.517Z,ELC,Elizabeth City,20846baf-2fe5-403c-85d4-31520e88a3ce,SAMMS-ElizabethCity
202608262209458147,202608261955298800,202608261955298282,85,2355,Bronze INV,br_LabResult,TASK_COMPLETE,SUCCESS,INFO,2231,2231,0,,2026-08-26T19:55:35.047Z,2026-08-26T22:11:39.517Z,8164,2026-08-26T22:11:39.517Z,ET,Elizabethtown,20846baf-2fe5-403c-85d4-31520e88a3ce,SAMMS-Elizabethtown
202608262209458149,202608261955298801,202608261955298282,85,2356,Bronze INV,br_LabResult,TASK_COMPLETE,SUCCESS,INFO,1,1,0,,2026-08-26T19:55:35.047Z,2026-08-26T22:11:39.517Z,8164,2026-08-26T22:11:39.517Z,FAY,Fayetteville,20846baf-2fe5-403c-85d4-31520e88a3ce,SAMMS-Fayetteville
202608262209458150,202608261955298802,202608261955298282,85,2357,Bronze INV,br_LabResult,TASK_COMPLETE,SUCCESS,INFO,5345,5345,0,,2026-08-26T19:55:35.047Z,2026-08-26T22:11:39.517Z,8164,2026-08-26T22:11:39.517Z,FR,Frankfort,20846baf-2fe5-403c-85d4-31520e88a3ce,SAMMS-Frankfort
202608262209458151,202608261955298803,202608261955298282,85,2358,Bronze INV,br_LabResult,TASK_COMPLETE,SUCCESS,INFO,2,2,0,,2026-08-26T19:55:35.047Z,2026-08-26T22:11:39.517Z,8164,2026-08-26T22:11:39.517Z,FS,Fort Smith,20846baf-2fe5-403c-85d4-31520e88a3ce,SAMMS-FortSmith
202608262209458152,202608261955298804,202608261955298282,85,2359,Bronze INV,br_LabResult,TASK_COMPLETE,SUCCESS,INFO,9161,9161,0,,2026-08-26T19:55:35.047Z,2026-08-26T22:11:39.517Z,8164,2026-08-26T22:11:39.517Z,FW,Fort Wayne,20846baf-2fe5-403c-85d4-31520e88a3ce,SAMMS-FortWayne
202608262209458153,202608261955298805,202608261955298282,85,2360,Bronze INV,br_LabResult,TASK_COMPLETE,SUCCESS,INFO,2,2,0,,2026-08-26T19:55:35.047Z,2026-08-26T22:11:39.517Z,8164,2026-08-26T22:11:39.517Z,GAL,Gaylord,20846baf-2fe5-403c-85d4-31520e88a3ce,SAMMS-Gaylord
202608262209458154,202608261955298806,202608261955298282,85,2364,Bronze INV,br_LabResult,TASK_COMPLETE,SUCCESS,INFO,4666,4666,0,,2026-08-26T19:55:35.047Z,2026-08-26T22:11:39.517Z,8164,2026-08-26T22:11:39.517Z,HGT,Hagerstown,20846baf-2fe5-403c-85d4-31520e88a3ce,SAMMS-Hagerstown
202608262209458155,202608261955298807,202608261955298282,85,2365,Bronze INV,br_LabResult,TASK_COMPLETE,SUCCESS,INFO,645,645,0,,2026-08-26T19:55:35.047Z,2026-08-26T22:11:39.517Z,8164,2026-08-26T22:11:39.517Z,HNT,Huntsville,20846baf-2fe5-403c-85d4-31520e88a3ce,SAMMS-Huntsville
202608262209458156,202608261955298808,202608261955298282,85,2366,Bronze INV,br_LabResult,TASK_COMPLETE,SUCCESS,INFO,1,1,0,,2026-08-26T19:55:35.047Z,2026-08-26T22:11:39.517Z,8164,2026-08-26T22:11:39.517Z,HS,Hot Springs,20846baf-2fe5-403c-85d4-31520e88a3ce,SAMMS-HotSprings
202608262209458157,202608261955298809,202608261955298282,85,2367,Bronze INV,br_LabResult,TASK_COMPLETE,SUCCESS,INFO,2,2,0,,2026-08-26T19:55:35.047Z,2026-08-26T22:11:39.517Z,8164,2026-08-26T22:11:39.517Z,JON,Jonesboro,20846baf-2fe5-403c-85d4-31520e88a3ce,SAMMS-Jonesboro
202608262209458158,202608261955298810,202608261955298282,85,2369,Bronze INV,br_LabResult,TASK_COMPLETE,SUCCESS,INFO,3,3,0,,2026-08-26T19:55:35.047Z,2026-08-26T22:11:39.517Z,8164,2026-08-26T22:11:39.517Z,LAN,Lansing,20846baf-2fe5-403c-85d4-31520e88a3ce,SAMMS-Lansing
202608262209458160,202608261955298811,202608261955298282,85,2370,Bronze INV,br_LabResult,TASK_COMPLETE,SUCCESS,INFO,27824,27824,0,,2026-08-26T19:55:35.047Z,2026-08-26T22:11:39.517Z,8164,2026-08-26T22:11:39.517Z,LO,Louisville,20846baf-2fe5-403c-85d4-31520e88a3ce,SAMMS-Louisville
202608262209458161,202608261955298812,202608261955298282,85,2371,Bronze INV,br_LabResult,TASK_COMPLETE,SUCCESS,INFO,6519,6519,0,,2026-08-26T19:55:35.047Z,2026-08-26T22:11:39.517Z,8164,2026-08-26T22:11:39.517Z,LV1,Cheyenne,20846baf-2fe5-403c-85d4-31520e88a3ce,SAMMS-Cheyenne
202608262209458162,202608261955298813,202608261955298282,85,2372,Bronze INV,br_LabResult,TASK_COMPLETE,SUCCESS,INFO,9268,9268,0,,2026-08-26T19:55:35.047Z,2026-08-26T22:11:39.517Z,8164,2026-08-26T22:11:39.517Z,LV2,Desert Inn,20846baf-2fe5-403c-85d4-31520e88a3ce,SAMMS-DesertInn
202608262209458163,202608261955298814,202608261955298282,85,2373,Bronze INV,br_LabResult,TASK_COMPLETE,SUCCESS,INFO,1876,1876,0,,2026-08-26T19:55:35.047Z,2026-08-26T22:11:39.517Z,8164,2026-08-26T22:11:39.517Z,LV3,McDaniel,20846baf-2fe5-403c-85d4-31520e88a3ce,SAMMS-McDaniel
202608262209458164,202608261955298815,202608261955298282,85,2376,Bronze INV,br_LabResult,TASK_COMPLETE,SUCCESS,INFO,2,2,0,,2026-08-26T19:55:35.047Z,2026-08-26T22:11:39.517Z,8164,2026-08-26T22:11:39.517Z,MNRE,Monroe,20846baf-2fe5-403c-85d4-31520e88a3ce,SAMMS-Monroe
202608262209458165,202608261955298816,202608261955298282,85,2377,Bronze INV,br_LabResult,TASK_COMPLETE,SUCCESS,INFO,1,1,0,,2026-08-26T19:55:35.047Z,2026-08-26T22:11:39.517Z,8164,2026-08-26T22:11:39.517Z,MP,Mt. Pleasant,20846baf-2fe5-403c-85d4-31520e88a3ce,SAMMS-MtPleasant
202608262209458166,202608261955298817,202608261955298282,85,2378,Bronze INV,br_LabResult,TASK_COMPLETE,SUCCESS,INFO,255,255,0,,2026-08-26T19:55:35.047Z,2026-08-26T22:11:39.517Z,8164,2026-08-26T22:11:39.517Z,MRD,Meridian,20846baf-2fe5-403c-85d4-31520e88a3ce,SAMMS-Meridian
202608262209458167,202608261955298818,202608261955298282,85,2383,Bronze INV,br_LabResult,TASK_COMPLETE,SUCCESS,INFO,7508,7508,0,,2026-08-26T19:55:35.047Z,2026-08-26T22:11:39.517Z,8164,2026-08-26T22:11:39.517Z,NC,North Charleston,20846baf-2fe5-403c-85d4-31520e88a3ce,SAMMS-NorthCharleston
202608262209458168,202608261955298819,202608261955298282,85,2384,Bronze INV,br_LabResult,TASK_COMPLETE,SUCCESS,INFO,2,2,0,,2026-08-26T19:55:35.047Z,2026-08-26T22:11:39.517Z,8164,2026-08-26T22:11:39.517Z,NLR,N. Little Rock,20846baf-2fe5-403c-85d4-31520e88a3ce,SAMMS-NLROBOT
202608262209458170,202608261955298820,202608261955298282,85,2385,Bronze INV,br_LabResult,TASK_COMPLETE,SUCCESS,INFO,1914,1914,0,,2026-08-26T19:55:35.047Z,2026-08-26T22:11:39.517Z,8164,2026-08-26T22:11:39.517Z,PH,Phoenix,20846baf-2fe5-403c-85d4-31520e88a3ce,SAMMS-Phoenix
202608262209458171,202608261955298821,202608261955298282,85,2389,Bronze INV,br_LabResult,TASK_COMPLETE,SUCCESS,INFO,18872,18872,0,,2026-08-26T19:55:35.047Z,2026-08-26T22:11:39.517Z,8164,2026-08-26T22:11:39.517Z,RE,Reno,20846baf-2fe5-403c-85d4-31520e88a3ce,SAMMS-Reno
202608262209458172,202608261955298822,202608261955298282,85,2390,Bronze INV,br_LabResult,TASK_COMPLETE,SUCCESS,INFO,2005,2005,0,,2026-08-26T19:55:35.047Z,2026-08-26T22:11:39.517Z,8164,2026-08-26T22:11:39.517Z,RMD,Richmond,20846baf-2fe5-403c-85d4-31520e88a3ce,SAMMS-Richmond
202608262209458173,202608261955298823,202608261955298282,85,2391,Bronze INV,br_LabResult,TASK_COMPLETE,SUCCESS,INFO,3670,3670,0,,2026-08-26T19:55:35.047Z,2026-08-26T22:11:39.517Z,8164,2026-08-26T22:11:39.517Z,SFN,Springfield North,20846baf-2fe5-403c-85d4-31520e88a3ce,SAMMS-SFNv5
202608262209458174,202608261955298824,202608261955298282,85,2392,Bronze INV,br_LabResult,TASK_COMPLETE,SUCCESS,INFO,156,156,0,,2026-08-26T19:55:35.047Z,2026-08-26T22:11:39.517Z,8164,2026-08-26T22:11:39.517Z,SHP,Shreveport,20846baf-2fe5-403c-85d4-31520e88a3ce,SAMMS-Shreveport
202608262209458175,202608261955298825,202608261955298282,85,2394,Bronze INV,br_LabResult,TASK_COMPLETE,SUCCESS,INFO,4,4,0,,2026-08-26T19:55:35.047Z,2026-08-26T22:11:39.517Z,8164,2026-08-26T22:11:39.517Z,STN,Staunton,20846baf-2fe5-403c-85d4-31520e88a3ce,SAMMS-Staunton
202608262209458176,202608261955298826,202608261955298282,85,2395,Bronze INV,br_LabResult,TASK_COMPLETE,SUCCESS,INFO,245,245,0,,2026-08-26T19:55:35.047Z,2026-08-26T22:11:39.517Z,8164,2026-08-26T22:11:39.517Z,STVN,Stevenson,20846baf-2fe5-403c-85d4-31520e88a3ce,SAMMS-Stevenson
202608262209458177,202608261955298827,202608261955298282,85,2397,Bronze INV,br_LabResult,TASK_COMPLETE,SUCCESS,INFO,5278,5278,0,,2026-08-26T19:55:35.047Z,2026-08-26T22:11:39.517Z,8164,2026-08-26T22:11:39.517Z,TE,Tempe,20846baf-2fe5-403c-85d4-31520e88a3ce,SAMMS-Tempe
202608262209458178,202608261955298828,202608261955298282,85,2398,Bronze INV,br_LabResult,TASK_COMPLETE,SUCCESS,INFO,2,2,0,,2026-08-26T19:55:35.047Z,2026-08-26T22:11:39.517Z,8164,2026-08-26T22:11:39.517Z,TEX,Texarkana,20846baf-2fe5-403c-85d4-31520e88a3ce,SAMMS-Texarkana
202608262209458179,202608261955298829,202608261955298282,85,2399,Bronze INV,br_LabResult,TASK_COMPLETE,SUCCESS,INFO,1667,1667,0,,2026-08-26T19:55:35.047Z,2026-08-26T22:11:39.517Z,8164,2026-08-26T22:11:39.517Z,TTCA,Bessemer,20846baf-2fe5-403c-85d4-31520e88a3ce,SAMMS-BessemerV5
202608262209458181,202608261955298830,202608261955298282,85,2400,Bronze INV,br_LabResult,TASK_COMPLETE,SUCCESS,INFO,2101,2101,0,,2026-08-26T19:55:35.047Z,2026-08-26T22:11:39.517Z,8164,2026-08-26T22:11:39.517Z,TTCB,Cullman,20846baf-2fe5-403c-85d4-31520e88a3ce,SAMMS-CullmanV5
202608262209458182,202608261955298831,202608261955298282,85,2401,Bronze INV,br_LabResult,TASK_COMPLETE,SUCCESS,INFO,4,4,0,,2026-08-26T19:55:35.047Z,2026-08-26T22:11:39.517Z,8164,2026-08-26T22:11:39.517Z,TTCC,Grand Bay,20846baf-2fe5-403c-85d4-31520e88a3ce,SAMMS-GrandBay
202608262209458183,202608261955298832,202608261955298282,85,2402,Bronze INV,br_LabResult,TASK_COMPLETE,SUCCESS,INFO,717,717,0,,2026-08-26T19:55:35.047Z,2026-08-26T22:11:39.517Z,8164,2026-08-26T22:11:39.517Z,TU,Tucson,20846baf-2fe5-403c-85d4-31520e88a3ce,SAMMS-Tucson
202608262209458184,202608261955298833,202608261955298282,85,2404,Bronze INV,br_LabResult,TASK_COMPLETE,SUCCESS,INFO,4984,4984,0,,2026-08-26T19:55:35.047Z,2026-08-26T22:11:39.517Z,8164,2026-08-26T22:11:39.517Z,V1,Memphis South,20846baf-2fe5-403c-85d4-31520e88a3ce,SAMMS-VCPHCS-I-MemphisV5
202608262209458185,202608261955298834,202608261955298282,85,2405,Bronze INV,br_LabResult,TASK_COMPLETE,SUCCESS,INFO,6239,6239,0,,2026-08-26T19:55:35.047Z,2026-08-26T22:11:39.517Z,8164,2026-08-26T22:11:39.517Z,V10,Longmont,20846baf-2fe5-403c-85d4-31520e88a3ce,SAMMS-BoulderV5
202608262209458186,202608261955298835,202608261955298282,85,2406,Bronze INV,br_LabResult,TASK_COMPLETE,SUCCESS,INFO,3561,3561,0,,2026-08-26T19:55:35.047Z,2026-08-26T22:11:39.517Z,8164,2026-08-26T22:11:39.517Z,V10A,Fort Collins,20846baf-2fe5-403c-85d4-31520e88a3ce,SAMMS-FortCollinsV5
202608262209458187,202608261955298836,202608261955298282,85,2407,Bronze INV,br_LabResult,TASK_COMPLETE,SUCCESS,INFO,7566,7566,0,,2026-08-26T19:55:35.047Z,2026-08-26T22:11:39.517Z,8164,2026-08-26T22:11:39.517Z,V11,Westminster,20846baf-2fe5-403c-85d4-31520e88a3ce,SAMMS-VCPHCS-XI-NorthDenverV5
202608262209458188,202608261955298837,202608261955298282,85,2408,Bronze INV,br_LabResult,TASK_COMPLETE,SUCCESS,INFO,10262,10262,0,,2026-08-26T19:55:35.047Z,2026-08-26T22:11:39.517Z,8164,2026-08-26T22:11:39.517Z,V12,Downtown Denver,20846baf-2fe5-403c-85d4-31520e88a3ce,SAMMS-VCPHCS-XII-DowntownDenverV5
202608262209458189,202608261955298838,202608261955298282,85,2409,Bronze INV,br_LabResult,TASK_COMPLETE,SUCCESS,INFO,4813,4813,0,,2026-08-26T19:55:35.047Z,2026-08-26T22:11:39.517Z,8164,2026-08-26T22:11:39.517Z,V12A,Centennial,20846baf-2fe5-403c-85d4-31520e88a3ce,SAMMS-CentennialV5
202608262209458190,202608261955298839,202608261955298282,85,2410,Bronze INV,br_LabResult,TASK_COMPLETE,SUCCESS,INFO,3270,3270,0,,2026-08-26T19:55:35.047Z,2026-08-26T22:11:39.517Z,8164,2026-08-26T22:11:39.517Z,V14,Overland Park,20846baf-2fe5-403c-85d4-31520e88a3ce,SAMMS-VCPHCS-XIV-BridgewayV5
202608262209458191,202608261955298840,202608261955298282,85,2411,Bronze INV,br_LabResult,TASK_COMPLETE,SUCCESS,INFO,2520,2520,0,,2026-08-26T19:55:35.047Z,2026-08-26T22:11:39.517Z,8164,2026-08-26T22:11:39.517Z,V15,Joplin,20846baf-2fe5-403c-85d4-31520e88a3ce,SAMMS-JoplinV5
202608262209458193,202608261955298841,202608261955298282,85,2413,Bronze INV,br_LabResult,TASK_COMPLETE,SUCCESS,INFO,905,905,0,,2026-08-26T19:55:35.047Z,2026-08-26T22:11:39.517Z,8164,2026-08-26T22:11:39.517Z,V17,Columbia TN,20846baf-2fe5-403c-85d4-31520e88a3ce,SAMMS-ColumbiaTNv5
202608262209458194,202608261955298842,202608261955298282,85,2415,Bronze INV,br_LabResult,TASK_COMPLETE,SUCCESS,INFO,4897,4897,0,,2026-08-26T19:55:35.047Z,2026-08-26T22:11:39.517Z,8164,2026-08-26T22:11:39.517Z,V19,Jackson,20846baf-2fe5-403c-85d4-31520e88a3ce,SAMMS-JacksonV5
202608232214224448,202608232010368388,202608232010368283,85,2234,Bronze INV,br_InvType,TASK_COMPLETE,SUCCESS,INFO,8,8,0,,2026-08-23T20:10:41.468Z,2026-08-23T22:16:21.732Z,7540,2026-08-23T22:16:21.732Z,V21,Memphis North,955211d4-28b8-44a0-8023-2bfaa48d6721,SAMMS-RaleighV5
202608232214224450,202608232010368389,202608232010368283,85,2237,Bronze INV,br_InvType,TASK_COMPLETE,SUCCESS,INFO,7,7,0,,2026-08-23T20:10:41.468Z,2026-08-23T22:16:21.732Z,7540,2026-08-23T22:16:21.732Z,V5,West Bank,955211d4-28b8-44a0-8023-2bfaa48d6721,SAMMS-NONTCv5
202608232214224451,202608232010368390,202608232010368283,85,2239,Bronze INV,br_InvType,TASK_COMPLETE,SUCCESS,INFO,7,7,0,,2026-08-23T20:10:41.468Z,2026-08-23T22:16:21.732Z,7540,2026-08-23T22:16:21.732Z,V5B,Houma,955211d4-28b8-44a0-8023-2bfaa48d6721,SAMMS-HoumaV6
202608232214224452,202608232010368391,202608232010368283,85,2240,Bronze INV,br_InvType,TASK_COMPLETE,SUCCESS,INFO,8,8,0,,2026-08-23T20:10:41.468Z,2026-08-23T22:16:21.732Z,7540,2026-08-23T22:16:21.732Z,V6,Lake Charles,955211d4-28b8-44a0-8023-2bfaa48d6721,SAMMS-LCv5
202608232214224453,202608232010368392,202608232010368283,85,2242,Bronze INV,br_InvType,TASK_COMPLETE,SUCCESS,INFO,7,7,0,,2026-08-23T20:10:41.468Z,2026-08-23T22:16:21.732Z,7540,2026-08-23T22:16:21.732Z,V8,Memphis Midtown,955211d4-28b8-44a0-8023-2bfaa48d6721,SAMMS-VCPHCS-VIII-MemphisV5
202608232214224454,202608232010368393,202608232010368283,85,2243,Bronze INV,br_InvType,TASK_COMPLETE,SUCCESS,INFO,7,7,0,,2026-08-23T20:10:41.468Z,2026-08-23T22:16:21.732Z,7540,2026-08-23T22:16:21.732Z,V9,Nashville,955211d4-28b8-44a0-8023-2bfaa48d6721,SAMMS-NashvilleV5
202608232214224455,202608232010368394,202608232010368283,85,2244,Bronze INV,br_InvType,TASK_COMPLETE,SUCCESS,INFO,7,7,0,,2026-08-23T20:10:41.468Z,2026-08-23T22:16:21.732Z,7540,2026-08-23T22:16:21.732Z,VBRA,Brainerd,955211d4-28b8-44a0-8023-2bfaa48d6721,SAMMS-BrainerdV6
202608232214224456,202608232010368395,202608232010368283,85,2245,Bronze INV,br_InvType,TASK_COMPLETE,SUCCESS,INFO,7,7,0,,2026-08-23T20:10:41.468Z,2026-08-23T22:16:21.732Z,7540,2026-08-23T22:16:21.732Z,VBRP,Brooklyn Park,955211d4-28b8-44a0-8023-2bfaa48d6721,SAMMS-BrooklynParkV6
202608232214224458,202608232010368396,202608232010368283,85,2247,Bronze INV,br_InvType,TASK_COMPLETE,SUCCESS,INFO,7,7,0,,2026-08-23T20:10:41.468Z,2026-08-23T22:16:21.732Z,7540,2026-08-23T22:16:21.732Z,VMIN,Minneapolis,955211d4-28b8-44a0-8023-2bfaa48d6721,SAMMS-MinneapolisV6
202608232214224459,202608232010368397,202608232010368283,85,2248,Bronze INV,br_InvType,TASK_COMPLETE,SUCCESS,INFO,7,7,0,,2026-08-23T20:10:41.468Z,2026-08-23T22:16:21.732Z,7540,2026-08-23T22:16:21.732Z,VWBY,Woodbury,955211d4-28b8-44a0-8023-2bfaa48d6721,SAMMS-WoodburyV6
202608232214224460,202608232010368398,202608232010368283,85,2250,Bronze INV,br_InvType,TASK_COMPLETE,SUCCESS,INFO,7,7,0,,2026-08-23T20:10:41.468Z,2026-08-23T22:16:21.732Z,7540,2026-08-23T22:16:21.732Z,WIL,Wilson,955211d4-28b8-44a0-8023-2bfaa48d6721,SAMMS-Wilson
202608232214224568,202608232010468301,202608232010468283,86,8577,Silver INV,sl_InvType,TASK_COMPLETE,SUCCESS,INFO,755,755,0,,2026-08-23T20:10:41.468Z,2026-08-23T22:16:21.732Z,7540,2026-08-23T22:16:21.732Z,,,955211d4-28b8-44a0-8023-2bfaa48d6721,
202608232214224498,202608232010368741,202608232010368283,85,2254,Bronze INV,br_LabResult,TASK_COMPLETE,SUCCESS,INFO,1693,1693,0,,2026-08-23T20:10:41.468Z,2026-08-23T22:16:21.732Z,7540,2026-08-23T22:16:21.732Z,AHK,Ahoskie,955211d4-28b8-44a0-8023-2bfaa48d6721,SAMMS-Ahoskie
202608232214224499,202608232010368742,202608232010368283,85,2255,Bronze INV,br_LabResult,TASK_COMPLETE,SUCCESS,INFO,1260,1260,0,,2026-08-23T20:10:41.468Z,2026-08-23T22:16:21.732Z,7540,2026-08-23T22:16:21.732Z,B12B,Colorado Springs,955211d4-28b8-44a0-8023-2bfaa48d6721,SAMMS-ColoradoSpringsV5
202608232214224500,202608232010368743,202608232010368283,85,2256,Bronze INV,br_LabResult,TASK_COMPLETE,SUCCESS,INFO,1833,1833,0,,2026-08-23T20:10:41.468Z,2026-08-23T22:16:21.732Z,7540,2026-08-23T22:16:21.732Z,B24,Paintsville,955211d4-28b8-44a0-8023-2bfaa48d6721,SAMMS-PaintsvilleV5
202608232214224502,202608232010368744,202608232010368283,85,2257,Bronze INV,br_LabResult,TASK_COMPLETE,SUCCESS,INFO,2283,2283,0,,2026-08-23T20:10:41.468Z,2026-08-23T22:16:21.732Z,7540,2026-08-23T22:16:21.732Z,B25,Pikeville,955211d4-28b8-44a0-8023-2bfaa48d6721,SAMMS-PikevilleV5
202608232214224503,202608232010368745,202608232010368283,85,2258,Bronze INV,br_LabResult,TASK_COMPLETE,SUCCESS,INFO,2736,2736,0,,2026-08-23T20:10:41.468Z,2026-08-23T22:16:21.732Z,7540,2026-08-23T22:16:21.732Z,B26,Hazard,955211d4-28b8-44a0-8023-2bfaa48d6721,SAMMS-HazardV5
202608232214224504,202608232010368746,202608232010368283,85,2259,Bronze INV,br_LabResult,TASK_COMPLETE,SUCCESS,INFO,3,3,0,,2026-08-23T20:10:41.468Z,2026-08-23T22:16:21.732Z,7540,2026-08-23T22:16:21.732Z,B27,Savannah,955211d4-28b8-44a0-8023-2bfaa48d6721,SAMMS-SavannahV6
202608232214224505,202608232010368747,202608232010368283,85,2260,Bronze INV,br_LabResult,TASK_COMPLETE,SUCCESS,INFO,1555,1555,0,,2026-08-23T20:10:41.468Z,2026-08-23T22:16:21.732Z,7540,2026-08-23T22:16:21.732Z,B28,West Plains,955211d4-28b8-44a0-8023-2bfaa48d6721,SAMMS-WestPlainesV5
202608232214224507,202608232010368748,202608232010368283,85,2261,Bronze INV,br_LabResult,TASK_COMPLETE,SUCCESS,INFO,1885,1885,0,,2026-08-23T20:10:41.468Z,2026-08-23T22:16:21.732Z,7540,2026-08-23T22:16:21.732Z,B29,Poplar Bluff,955211d4-28b8-44a0-8023-2bfaa48d6721,SAMMS-PoplarBluffV5
202608232214224508,202608232010368749,202608232010368283,85,2262,Bronze INV,br_LabResult,TASK_COMPLETE,SUCCESS,INFO,1510,1510,0,,2026-08-23T20:10:41.468Z,2026-08-23T22:16:21.732Z,7540,2026-08-23T22:16:21.732Z,B30,KC North,955211d4-28b8-44a0-8023-2bfaa48d6721,SAMMS-KCNv5
202608232214224509,202608232010368750,202608232010368283,85,2263,Bronze INV,br_LabResult,TASK_COMPLETE,SUCCESS,INFO,5371,5371,0,,2026-08-23T20:10:41.468Z,2026-08-23T22:16:21.732Z,7540,2026-08-23T22:16:21.732Z,B31,Dyersburg,955211d4-28b8-44a0-8023-2bfaa48d6721,SAMMS-DyersburgV5
202608232214224510,202608232010368751,202608232010368283,85,2265,Bronze INV,br_LabResult,TASK_COMPLETE,SUCCESS,INFO,4139,4139,0,,2026-08-23T20:10:41.468Z,2026-08-23T22:16:21.732Z,7540,2026-08-23T22:16:21.732Z,B33,Paducah,955211d4-28b8-44a0-8023-2bfaa48d6721,SAMMS-Paducah
202608232214224511,202608232010368752,202608232010368283,85,2266,Bronze INV,br_LabResult,TASK_COMPLETE,SUCCESS,INFO,2293,2293,0,,2026-08-23T20:10:41.468Z,2026-08-23T22:16:21.732Z,7540,2026-08-23T22:16:21.732Z,B34,Corbin,955211d4-28b8-44a0-8023-2bfaa48d6721,SAMMS-CorbinV5
202608232214224512,202608232010368753,202608232010368283,85,2267,Bronze INV,br_LabResult,TASK_COMPLETE,SUCCESS,INFO,11642,11642,0,,2026-08-23T20:10:41.468Z,2026-08-23T22:16:21.732Z,7540,2026-08-23T22:16:21.732Z,B35,Lexington,955211d4-28b8-44a0-8023-2bfaa48d6721,SAMMS-LexingtonV5
202608232214224514,202608232010368754,202608232010368283,85,2268,Bronze INV,br_LabResult,TASK_COMPLETE,SUCCESS,INFO,2393,2393,0,,2026-08-23T20:10:41.468Z,2026-08-23T22:16:21.732Z,7540,2026-08-23T22:16:21.732Z,B35A,Berea,955211d4-28b8-44a0-8023-2bfaa48d6721,SAMMS-BereaV5
202608232214224515,202608232010368755,202608232010368283,85,2269,Bronze INV,br_LabResult,TASK_COMPLETE,SUCCESS,INFO,1162,1162,0,,2026-08-23T20:10:41.468Z,2026-08-23T22:16:21.732Z,7540,2026-08-23T22:16:21.732Z,B36,Asheville,955211d4-28b8-44a0-8023-2bfaa48d6721,SAMMS-AshevilleV5
202608232214224516,202608232010368756,202608232010368283,85,2270,Bronze INV,br_LabResult,TASK_COMPLETE,SUCCESS,INFO,1697,1697,0,,2026-08-23T20:10:41.468Z,2026-08-23T22:16:21.732Z,7540,2026-08-23T22:16:21.732Z,B37,Clyde,955211d4-28b8-44a0-8023-2bfaa48d6721,SAMMS-ClydeV5
202608232214224517,202608232010368757,202608232010368283,85,2271,Bronze INV,br_LabResult,TASK_COMPLETE,SUCCESS,INFO,5923,5923,0,,2026-08-23T20:10:41.468Z,2026-08-23T22:16:21.732Z,7540,2026-08-23T22:16:21.732Z,B38,Spartanburg,955211d4-28b8-44a0-8023-2bfaa48d6721,SAMMS-SpartanburgV5
202608232214224518,202608232010368758,202608232010368283,85,2272,Bronze INV,br_LabResult,TASK_COMPLETE,SUCCESS,INFO,1795,1795,0,,2026-08-23T20:10:41.468Z,2026-08-23T22:16:21.732Z,7540,2026-08-23T22:16:21.732Z,B39,Aiken,955211d4-28b8-44a0-8023-2bfaa48d6721,SAMMS-AikenV5
202608232214224519,202608232010368759,202608232010368283,85,2273,Bronze INV,br_LabResult,TASK_COMPLETE,SUCCESS,INFO,4044,4044,0,,2026-08-23T20:10:41.468Z,2026-08-23T22:16:21.732Z,7540,2026-08-23T22:16:21.732Z,B41,Chesapeake,955211d4-28b8-44a0-8023-2bfaa48d6721,SAMMS-ChesapeakeV5
202608232214224521,202608232010368760,202608232010368283,85,2274,Bronze INV,br_LabResult,TASK_COMPLETE,SUCCESS,INFO,14369,14369,0,,2026-08-23T20:10:41.468Z,2026-08-23T22:16:21.732Z,7540,2026-08-23T22:16:21.732Z,B42,Virginia Beach,955211d4-28b8-44a0-8023-2bfaa48d6721,SAMMS-VirginiaBeachV5
202608232214224522,202608232010368761,202608232010368283,85,2275,Bronze INV,br_LabResult,TASK_COMPLETE,SUCCESS,INFO,1415,1415,0,,2026-08-23T20:10:41.468Z,2026-08-23T22:16:21.732Z,7540,2026-08-23T22:16:21.732Z,B42A,Newport News,955211d4-28b8-44a0-8023-2bfaa48d6721,SAMMS-NewportNewsV5
202608232214224523,202608232010368762,202608232010368283,85,2276,Bronze INV,br_LabResult,TASK_COMPLETE,SUCCESS,INFO,751,751,0,,2026-08-23T20:10:41.468Z,2026-08-23T22:16:21.732Z,7540,2026-08-23T22:16:21.732Z,B42B,Franklin,955211d4-28b8-44a0-8023-2bfaa48d6721,SAMMS-FranklinV5
202608232214224524,202608232010368763,202608232010368283,85,2277,Bronze INV,br_LabResult,TASK_COMPLETE,SUCCESS,INFO,1476,1476,0,,2026-08-23T20:10:41.468Z,2026-08-23T22:16:21.732Z,7540,2026-08-23T22:16:21.732Z,B42C,Glen Allen,955211d4-28b8-44a0-8023-2bfaa48d6721,SAMMS-GlenAllenV5
202608232214224525,202608232010368764,202608232010368283,85,2278,Bronze INV,br_LabResult,TASK_COMPLETE,SUCCESS,INFO,1330,1330,0,,2026-08-23T20:10:41.468Z,2026-08-23T22:16:21.732Z,7540,2026-08-23T22:16:21.732Z,B42D,Chesapeake South,955211d4-28b8-44a0-8023-2bfaa48d6721,SAMMS-ChesapeakeSouthV5
202608232214224526,202608232010368765,202608232010368283,85,2279,Bronze INV,br_LabResult,TASK_COMPLETE,SUCCESS,INFO,2936,2936,0,,2026-08-23T20:10:41.468Z,2026-08-23T22:16:21.732Z,7540,2026-08-23T22:16:21.732Z,B44,Albany,955211d4-28b8-44a0-8023-2bfaa48d6721,SAMMS-AlbanyV5
202608232214224527,202608232010368766,202608232010368283,85,2280,Bronze INV,br_LabResult,TASK_COMPLETE,SUCCESS,INFO,2400,2400,0,,2026-08-23T20:10:41.468Z,2026-08-23T22:16:21.732Z,7540,2026-08-23T22:16:21.732Z,B45,Tifton,955211d4-28b8-44a0-8023-2bfaa48d6721,SAMMS-TiftonV5
202608232214224529,202608232010368767,202608232010368283,85,2281,Bronze INV,br_LabResult,TASK_COMPLETE,SUCCESS,INFO,620,620,0,,2026-08-23T20:10:41.468Z,2026-08-23T22:16:21.732Z,7540,2026-08-23T22:16:21.732Z,B46,Washington DC,955211d4-28b8-44a0-8023-2bfaa48d6721,SAMMS-WashingtonDCv5
202608232214224530,202608232010368768,202608232010368283,85,2282,Bronze INV,br_LabResult,TASK_COMPLETE,SUCCESS,INFO,334,334,0,,2026-08-23T20:10:41.468Z,2026-08-23T22:16:21.732Z,7540,2026-08-23T22:16:21.732Z,B47,Mobile,955211d4-28b8-44a0-8023-2bfaa48d6721,SAMMS-MobileV5
202608232214224531,202608232010368769,202608232010368283,85,2283,Bronze INV,br_LabResult,TASK_COMPLETE,SUCCESS,INFO,3356,3356,0,,2026-08-23T20:10:41.468Z,2026-08-23T22:16:21.732Z,7540,2026-08-23T22:16:21.732Z,B48,Tuscaloosa,955211d4-28b8-44a0-8023-2bfaa48d6721,SAMMS-TuscaloosaV5
202608232214224532,202608232010368770,202608232010368283,85,2292,Bronze INV,br_LabResult,TASK_COMPLETE,SUCCESS,INFO,5,5,0,,2026-08-23T20:10:41.468Z,2026-08-23T22:16:21.732Z,7540,2026-08-23T22:16:21.732Z,B51,N. Little Rock (OTP),955211d4-28b8-44a0-8023-2bfaa48d6721,SAMMS-NorthLittleRockV6
202608232214224533,202608232010368771,202608232010368283,85,2293,Bronze INV,br_LabResult,TASK_COMPLETE,SUCCESS,INFO,253,253,0,,2026-08-23T20:10:41.468Z,2026-08-23T22:16:21.732Z,7540,2026-08-23T22:16:21.732Z,B52,Jackson GA,955211d4-28b8-44a0-8023-2bfaa48d6721,SAMMS-JacksonGAV5
202608232214224534,202608232010368772,202608232010368283,85,2294,Bronze INV,br_LabResult,TASK_COMPLETE,SUCCESS,INFO,2660,2660,0,,2026-08-23T20:10:41.468Z,2026-08-23T22:16:21.732Z,7540,2026-08-23T22:16:21.732Z,B54,Gadsden,955211d4-28b8-44a0-8023-2bfaa48d6721,SAMMS-GadsdenV5
202608232214224536,202608232010368773,202608232010368283,85,2295,Bronze INV,br_LabResult,TASK_COMPLETE,SUCCESS,INFO,489,489,0,,2026-08-23T20:10:41.468Z,2026-08-23T22:16:21.732Z,7540,2026-08-23T22:16:21.732Z,B55,Shoals,955211d4-28b8-44a0-8023-2bfaa48d6721,SAMMS-ShoalsV5
202608232214224537,202608232010368774,202608232010368283,85,2296,Bronze INV,br_LabResult,TASK_COMPLETE,SUCCESS,INFO,3,3,0,,2026-08-23T20:10:41.468Z,2026-08-23T22:16:21.732Z,7540,2026-08-23T22:16:21.732Z,B57,Pawtucket,955211d4-28b8-44a0-8023-2bfaa48d6721,SAMMS-Pawtucket
202608232214224538,202608232010368775,202608232010368283,85,2297,Bronze INV,br_LabResult,TASK_COMPLETE,SUCCESS,INFO,6,6,0,,2026-08-23T20:10:41.468Z,2026-08-23T22:16:21.732Z,7540,2026-08-23T22:16:21.732Z,B57A,Johnston,955211d4-28b8-44a0-8023-2bfaa48d6721,SAMMS-Johnston
202608232214224539,202608232010368776,202608232010368283,85,2298,Bronze INV,br_LabResult,TASK_COMPLETE,SUCCESS,INFO,9,9,0,,2026-08-23T20:10:41.468Z,2026-08-23T22:16:21.732Z,7540,2026-08-23T22:16:21.732Z,B57B,Middletown,955211d4-28b8-44a0-8023-2bfaa48d6721,SAMMS-Middletown
202608232214224540,202608232010368777,202608232010368283,85,2299,Bronze INV,br_LabResult,TASK_COMPLETE,SUCCESS,INFO,2,2,0,,2026-08-23T20:10:41.468Z,2026-08-23T22:16:21.732Z,7540,2026-08-23T22:16:21.732Z,B57C,Providence,955211d4-28b8-44a0-8023-2bfaa48d6721,SAMMS-Providence
202608232214224541,202608232010368778,202608232010368283,85,2300,Bronze INV,br_LabResult,TASK_COMPLETE,SUCCESS,INFO,3,3,0,,2026-08-23T20:10:41.468Z,2026-08-23T22:16:21.732Z,7540,2026-08-23T22:16:21.732Z,B57D,Westerly,955211d4-28b8-44a0-8023-2bfaa48d6721,SAMMS-Westerly
202608232214224543,202608232010368779,202608232010368283,85,2304,Bronze INV,br_LabResult,TASK_COMPLETE,SUCCESS,INFO,2,2,0,,2026-08-23T20:10:41.468Z,2026-08-23T22:16:21.732Z,7540,2026-08-23T22:16:21.732Z,B66A,Bremen,955211d4-28b8-44a0-8023-2bfaa48d6721,SAMMS-Bremen
202608232214224544,202608232010368780,202608232010368283,85,2307,Bronze INV,br_LabResult,TASK_COMPLETE,SUCCESS,INFO,3,3,0,,2026-08-23T20:10:41.468Z,2026-08-23T22:16:21.732Z,7540,2026-08-23T22:16:21.732Z,B72,Mobile (OBOT),955211d4-28b8-44a0-8023-2bfaa48d6721,SAMMS-Mobile-OBOT
202608232214224545,202608232010368781,202608232010368283,85,2308,Bronze INV,br_LabResult,TASK_COMPLETE,SUCCESS,INFO,1,1,0,,2026-08-23T20:10:41.468Z,2026-08-23T22:16:21.732Z,7540,2026-08-23T22:16:21.732Z,B73,Montgomery,955211d4-28b8-44a0-8023-2bfaa48d6721,SAMMS-Montgomery
202608232214224546,202608232010368782,202608232010368283,85,2309,Bronze INV,br_LabResult,TASK_COMPLETE,SUCCESS,INFO,501,501,0,,2026-08-23T20:10:41.468Z,2026-08-23T22:16:21.732Z,7540,2026-08-23T22:16:21.732Z,B75,Lawrence,955211d4-28b8-44a0-8023-2bfaa48d6721,SAMMS-LawrenceV6
202608232214224547,202608232010368783,202608232010368283,85,2310,Bronze INV,br_LabResult,TASK_COMPLETE,SUCCESS,INFO,1,1,0,,2026-08-23T20:10:41.468Z,2026-08-23T22:16:21.732Z,7540,2026-08-23T22:16:21.732Z,B76,Huntsville OBOT,955211d4-28b8-44a0-8023-2bfaa48d6721,SAMMS-Huntsville-OBOT
202608232214224548,202608232010368784,202608232010368283,85,2311,Bronze INV,br_LabResult,TASK_COMPLETE,SUCCESS,INFO,4,4,0,,2026-08-23T20:10:41.468Z,2026-08-23T22:16:21.732Z,7540,2026-08-23T22:16:21.732Z,BAT,Batesville,955211d4-28b8-44a0-8023-2bfaa48d6721,SAMMS-Batesville
202608232214224550,202608232010368785,202608232010368283,85,2312,Bronze INV,br_LabResult,TASK_COMPLETE,SUCCESS,INFO,2692,2692,0,,2026-08-23T20:10:41.468Z,2026-08-23T22:16:21.732Z,7540,2026-08-23T22:16:21.732Z,BG,Bowling Green,955211d4-28b8-44a0-8023-2bfaa48d6721,SAMMS-BowlingGreen
202608232214224551,202608232010368786,202608232010368283,85,2313,Bronze INV,br_LabResult,TASK_COMPLETE,SUCCESS,INFO,190,190,0,,2026-08-23T20:10:41.468Z,2026-08-23T22:16:21.732Z,7540,2026-08-23T22:16:21.732Z,BOI,Boise,955211d4-28b8-44a0-8023-2bfaa48d6721,SAMMS-Boise
202608232214224552,202608232010368787,202608232010368283,85,2320,Bronze INV,br_LabResult,TASK_COMPLETE,SUCCESS,INFO,234,234,0,,2026-08-23T20:10:41.468Z,2026-08-23T22:16:21.732Z,7540,2026-08-23T22:16:21.732Z,CBCO,Coeur dAlene,955211d4-28b8-44a0-8023-2bfaa48d6721,SAMMS-CoeurdAleneV6
202608232214224553,202608232010368788,202608232010368283,85,2339,Bronze INV,br_LabResult,TASK_COMPLETE,SUCCESS,INFO,1,1,0,,2026-08-23T20:10:41.468Z,2026-08-23T22:16:21.732Z,7540,2026-08-23T22:16:21.732Z,CON,Conway,955211d4-28b8-44a0-8023-2bfaa48d6721,SAMMS-Conway
202608232214224554,202608232010368789,202608232010368283,85,2340,Bronze INV,br_LabResult,TASK_COMPLETE,SUCCESS,INFO,11,11,0,,2026-08-23T20:10:41.468Z,2026-08-23T22:16:21.732Z,7540,2026-08-23T22:16:21.732Z,D07,Medical Services Knox TN,955211d4-28b8-44a0-8023-2bfaa48d6721,SAMMS-KnoxvilleV6
202608232214224555,202608232010368790,202608232010368283,85,2341,Bronze INV,br_LabResult,TASK_COMPLETE,SUCCESS,INFO,995,995,0,,2026-08-23T20:10:41.468Z,2026-08-23T22:16:21.732Z,7540,2026-08-23T22:16:21.732Z,D08,Madison,955211d4-28b8-44a0-8023-2bfaa48d6721,SAMMS-MadisonV6
202608232214224556,202608232010368791,202608232010368283,85,2343,Bronze INV,br_LabResult,TASK_COMPLETE,SUCCESS,INFO,705,705,0,,2026-08-23T20:10:41.468Z,2026-08-23T22:16:21.732Z,7540,2026-08-23T22:16:21.732Z,D09,Murfreesboro,955211d4-28b8-44a0-8023-2bfaa48d6721,SAMMS-MurfreesboroV6
202608232214224558,202608232010368792,202608232010368283,85,2344,Bronze INV,br_LabResult,TASK_COMPLETE,SUCCESS,INFO,5,5,0,,2026-08-23T20:10:41.468Z,2026-08-23T22:16:21.732Z,7540,2026-08-23T22:16:21.732Z,DA,Davenport,955211d4-28b8-44a0-8023-2bfaa48d6721,SAMMS-Davenport
202608232214224559,202608232010368793,202608232010368283,85,2345,Bronze INV,br_LabResult,TASK_COMPLETE,SUCCESS,INFO,2652,2652,0,,2026-08-23T20:10:41.468Z,2026-08-23T22:16:21.732Z,7540,2026-08-23T22:16:21.732Z,DM,Des Moines,955211d4-28b8-44a0-8023-2bfaa48d6721,SAMMS-DesMoines
202608232214224560,202608232010368794,202608232010368283,85,2347,Bronze INV,br_LabResult,TASK_COMPLETE,SUCCESS,INFO,3024,3024,0,,2026-08-23T20:10:41.468Z,2026-08-23T22:16:21.732Z,7540,2026-08-23T22:16:21.732Z,DRD-CO,Columbia MO,955211d4-28b8-44a0-8023-2bfaa48d6721,SAMMS-ColumbiaV5
202608232214224561,202608232010368795,202608232010368283,85,2348,Bronze INV,br_LabResult,TASK_COMPLETE,SUCCESS,INFO,3293,3293,0,,2026-08-23T20:10:41.468Z,2026-08-23T22:16:21.732Z,7540,2026-08-23T22:16:21.732Z,DRD-KC,KC,955211d4-28b8-44a0-8023-2bfaa48d6721,SAMMS-KCv5
202608232214224562,202608232010368796,202608232010368283,85,2349,Bronze INV,br_LabResult,TASK_COMPLETE,SUCCESS,INFO,19381,19381,0,,2026-08-23T20:10:41.468Z,2026-08-23T22:16:21.732Z,7540,2026-08-23T22:16:21.732Z,DRD-KVB,KVB,955211d4-28b8-44a0-8023-2bfaa48d6721,SAMMS-KVBv5
202608232214224563,202608232010368797,202608232010368283,85,2350,Bronze INV,br_LabResult,TASK_COMPLETE,SUCCESS,INFO,23677,23677,0,,2026-08-23T20:10:41.468Z,2026-08-23T22:16:21.732Z,7540,2026-08-23T22:16:21.732Z,DRD-KVC,KVC,955211d4-28b8-44a0-8023-2bfaa48d6721,SAMMS-KVCv5
202608232214224565,202608232010368798,202608232010368283,85,2351,Bronze INV,br_LabResult,TASK_COMPLETE,SUCCESS,INFO,6445,6445,0,,2026-08-23T20:10:41.468Z,2026-08-23T22:16:21.732Z,7540,2026-08-23T22:16:21.732Z,DRD-NOLA,NOLA,955211d4-28b8-44a0-8023-2bfaa48d6721,SAMMS-NOLAv5
202608232214224566,202608232010368799,202608232010368283,85,2352,Bronze INV,br_LabResult,TASK_COMPLETE,SUCCESS,INFO,5681,5681,0,,2026-08-23T20:10:41.468Z,2026-08-23T22:16:21.732Z,7540,2026-08-23T22:16:21.732Z,DRD-SF,Springfield,955211d4-28b8-44a0-8023-2bfaa48d6721,SAMMS-SFv5
202608232214224567,202608232010368800,202608232010368283,85,2354,Bronze INV,br_LabResult,TASK_COMPLETE,SUCCESS,INFO,9544,9544,0,,2026-08-23T20:10:41.468Z,2026-08-23T22:16:21.732Z,7540,2026-08-23T22:16:21.732Z,ELC,Elizabeth City,955211d4-28b8-44a0-8023-2bfaa48d6721,SAMMS-ElizabethCity
202608232214224568,202608232010368801,202608232010368283,85,2355,Bronze INV,br_LabResult,TASK_COMPLETE,SUCCESS,INFO,2231,2231,0,,2026-08-23T20:10:41.468Z,2026-08-23T22:16:21.732Z,7540,2026-08-23T22:16:21.732Z,ET,Elizabethtown,955211d4-28b8-44a0-8023-2bfaa48d6721,SAMMS-Elizabethtown
202608232214224569,202608232010368802,202608232010368283,85,2356,Bronze INV,br_LabResult,TASK_COMPLETE,SUCCESS,INFO,1,1,0,,2026-08-23T20:10:41.468Z,2026-08-23T22:16:21.732Z,7540,2026-08-23T22:16:21.732Z,FAY,Fayetteville,955211d4-28b8-44a0-8023-2bfaa48d6721,SAMMS-Fayetteville
202608232214224570,202608232010368803,202608232010368283,85,2357,Bronze INV,br_LabResult,TASK_COMPLETE,SUCCESS,INFO,5345,5345,0,,2026-08-23T20:10:41.468Z,2026-08-23T22:16:21.732Z,7540,2026-08-23T22:16:21.732Z,FR,Frankfort,955211d4-28b8-44a0-8023-2bfaa48d6721,SAMMS-Frankfort
202608232214224572,202608232010368804,202608232010368283,85,2358,Bronze INV,br_LabResult,TASK_COMPLETE,SUCCESS,INFO,2,2,0,,2026-08-23T20:10:41.468Z,2026-08-23T22:16:21.732Z,7540,2026-08-23T22:16:21.732Z,FS,Fort Smith,955211d4-28b8-44a0-8023-2bfaa48d6721,SAMMS-FortSmith
202608232214224573,202608232010368805,202608232010368283,85,2359,Bronze INV,br_LabResult,TASK_COMPLETE,SUCCESS,INFO,9153,9153,0,,2026-08-23T20:10:41.468Z,2026-08-23T22:16:21.732Z,7540,2026-08-23T22:16:21.732Z,FW,Fort Wayne,955211d4-28b8-44a0-8023-2bfaa48d6721,SAMMS-FortWayne
202608232214224574,202608232010368806,202608232010368283,85,2360,Bronze INV,br_LabResult,TASK_COMPLETE,SUCCESS,INFO,2,2,0,,2026-08-23T20:10:41.468Z,2026-08-23T22:16:21.732Z,7540,2026-08-23T22:16:21.732Z,GAL,Gaylord,955211d4-28b8-44a0-8023-2bfaa48d6721,SAMMS-Gaylord
202608232214224575,202608232010368807,202608232010368283,85,2364,Bronze INV,br_LabResult,TASK_COMPLETE,SUCCESS,INFO,4647,4647,0,,2026-08-23T20:10:41.468Z,2026-08-23T22:16:21.732Z,7540,2026-08-23T22:16:21.732Z,HGT,Hagerstown,955211d4-28b8-44a0-8023-2bfaa48d6721,SAMMS-Hagerstown
202608232214224576,202608232010368808,202608232010368283,85,2365,Bronze INV,br_LabResult,TASK_COMPLETE,SUCCESS,INFO,645,645,0,,2026-08-23T20:10:41.468Z,2026-08-23T22:16:21.732Z,7540,2026-08-23T22:16:21.732Z,HNT,Huntsville,955211d4-28b8-44a0-8023-2bfaa48d6721,SAMMS-Huntsville
202608232214224578,202608232010368809,202608232010368283,85,2366,Bronze INV,br_LabResult,TASK_COMPLETE,SUCCESS,INFO,1,1,0,,2026-08-23T20:10:41.468Z,2026-08-23T22:16:21.732Z,7540,2026-08-23T22:16:21.732Z,HS,Hot Springs,955211d4-28b8-44a0-8023-2bfaa48d6721,SAMMS-HotSprings
202608232214224579,202608232010368810,202608232010368283,85,2367,Bronze INV,br_LabResult,TASK_COMPLETE,SUCCESS,INFO,2,2,0,,2026-08-23T20:10:41.468Z,2026-08-23T22:16:21.732Z,7540,2026-08-23T22:16:21.732Z,JON,Jonesboro,955211d4-28b8-44a0-8023-2bfaa48d6721,SAMMS-Jonesboro
202608232214224580,202608232010368811,202608232010368283,85,2369,Bronze INV,br_LabResult,TASK_COMPLETE,SUCCESS,INFO,3,3,0,,2026-08-23T20:10:41.468Z,2026-08-23T22:16:21.732Z,7540,2026-08-23T22:16:21.732Z,LAN,Lansing,955211d4-28b8-44a0-8023-2bfaa48d6721,SAMMS-Lansing
202608232214224581,202608232010368812,202608232010368283,85,2370,Bronze INV,br_LabResult,TASK_COMPLETE,SUCCESS,INFO,27824,27824,0,,2026-08-23T20:10:41.468Z,2026-08-23T22:16:21.732Z,7540,2026-08-23T22:16:21.732Z,LO,Louisville,955211d4-28b8-44a0-8023-2bfaa48d6721,SAMMS-Louisville
202608232214224582,202608232010368813,202608232010368283,85,2371,Bronze INV,br_LabResult,TASK_COMPLETE,SUCCESS,INFO,6518,6518,0,,2026-08-23T20:10:41.468Z,2026-08-23T22:16:21.732Z,7540,2026-08-23T22:16:21.732Z,LV1,Cheyenne,955211d4-28b8-44a0-8023-2bfaa48d6721,SAMMS-Cheyenne
202608232214224583,202608232010368814,202608232010368283,85,2372,Bronze INV,br_LabResult,TASK_COMPLETE,SUCCESS,INFO,9268,9268,0,,2026-08-23T20:10:41.468Z,2026-08-23T22:16:21.732Z,7540,2026-08-23T22:16:21.732Z,LV2,Desert Inn,955211d4-28b8-44a0-8023-2bfaa48d6721,SAMMS-DesertInn
202608232214224585,202608232010368815,202608232010368283,85,2373,Bronze INV,br_LabResult,TASK_COMPLETE,SUCCESS,INFO,1876,1876,0,,2026-08-23T20:10:41.468Z,2026-08-23T22:16:21.732Z,7540,2026-08-23T22:16:21.732Z,LV3,McDaniel,955211d4-28b8-44a0-8023-2bfaa48d6721,SAMMS-McDaniel
202608232214224586,202608232010368816,202608232010368283,85,2376,Bronze INV,br_LabResult,TASK_COMPLETE,SUCCESS,INFO,2,2,0,,2026-08-23T20:10:41.468Z,2026-08-23T22:16:21.732Z,7540,2026-08-23T22:16:21.732Z,MNRE,Monroe,955211d4-28b8-44a0-8023-2bfaa48d6721,SAMMS-Monroe
202608232214224587,202608232010368817,202608232010368283,85,2377,Bronze INV,br_LabResult,TASK_COMPLETE,SUCCESS,INFO,1,1,0,,2026-08-23T20:10:41.468Z,2026-08-23T22:16:21.732Z,7540,2026-08-23T22:16:21.732Z,MP,Mt. Pleasant,955211d4-28b8-44a0-8023-2bfaa48d6721,SAMMS-MtPleasant
202608232214224588,202608232010368818,202608232010368283,85,2378,Bronze INV,br_LabResult,TASK_COMPLETE,SUCCESS,INFO,255,255,0,,2026-08-23T20:10:41.468Z,2026-08-23T22:16:21.732Z,7540,2026-08-23T22:16:21.732Z,MRD,Meridian,955211d4-28b8-44a0-8023-2bfaa48d6721,SAMMS-Meridian
202608232214224589,202608232010368819,202608232010368283,85,2383,Bronze INV,br_LabResult,TASK_COMPLETE,SUCCESS,INFO,7508,7508,0,,2026-08-23T20:10:41.468Z,2026-08-23T22:16:21.732Z,7540,2026-08-23T22:16:21.732Z,NC,North Charleston,955211d4-28b8-44a0-8023-2bfaa48d6721,SAMMS-NorthCharleston
202608232214224590,202608232010368820,202608232010368283,85,2384,Bronze INV,br_LabResult,TASK_COMPLETE,SUCCESS,INFO,2,2,0,,2026-08-23T20:10:41.468Z,2026-08-23T22:16:21.732Z,7540,2026-08-23T22:16:21.732Z,NLR,N. Little Rock,955211d4-28b8-44a0-8023-2bfaa48d6721,SAMMS-NLROBOT
202608232214224592,202608232010368821,202608232010368283,85,2385,Bronze INV,br_LabResult,TASK_COMPLETE,SUCCESS,INFO,1914,1914,0,,2026-08-23T20:10:41.468Z,2026-08-23T22:16:21.732Z,7540,2026-08-23T22:16:21.732Z,PH,Phoenix,955211d4-28b8-44a0-8023-2bfaa48d6721,SAMMS-Phoenix
202608232214224593,202608232010368822,202608232010368283,85,2389,Bronze INV,br_LabResult,TASK_COMPLETE,SUCCESS,INFO,18872,18872,0,,2026-08-23T20:10:41.468Z,2026-08-23T22:16:21.732Z,7540,2026-08-23T22:16:21.732Z,RE,Reno,955211d4-28b8-44a0-8023-2bfaa48d6721,SAMMS-Reno
202608232214224594,202608232010368823,202608232010368283,85,2390,Bronze INV,br_LabResult,TASK_COMPLETE,SUCCESS,INFO,1995,1995,0,,2026-08-23T20:10:41.468Z,2026-08-23T22:16:21.732Z,7540,2026-08-23T22:16:21.732Z,RMD,Richmond,955211d4-28b8-44a0-8023-2bfaa48d6721,SAMMS-Richmond
202608232214224595,202608232010368824,202608232010368283,85,2391,Bronze INV,br_LabResult,TASK_COMPLETE,SUCCESS,INFO,3667,3667,0,,2026-08-23T20:10:41.468Z,2026-08-23T22:16:21.732Z,7540,2026-08-23T22:16:21.732Z,SFN,Springfield North,955211d4-28b8-44a0-8023-2bfaa48d6721,SAMMS-SFNv5
202608232214224596,202608232010368825,202608232010368283,85,2392,Bronze INV,br_LabResult,TASK_COMPLETE,SUCCESS,INFO,156,156,0,,2026-08-23T20:10:41.468Z,2026-08-23T22:16:21.732Z,7540,2026-08-23T22:16:21.732Z,SHP,Shreveport,955211d4-28b8-44a0-8023-2bfaa48d6721,SAMMS-Shreveport
202608232214224597,202608232010368826,202608232010368283,85,2394,Bronze INV,br_LabResult,TASK_COMPLETE,SUCCESS,INFO,4,4,0,,2026-08-23T20:10:41.468Z,2026-08-23T22:16:21.732Z,7540,2026-08-23T22:16:21.732Z,STN,Staunton,955211d4-28b8-44a0-8023-2bfaa48d6721,SAMMS-Staunton
202608232214224598,202608232010368827,202608232010368283,85,2395,Bronze INV,br_LabResult,TASK_COMPLETE,SUCCESS,INFO,243,243,0,,2026-08-23T20:10:41.468Z,2026-08-23T22:16:21.732Z,7540,2026-08-23T22:16:21.732Z,STVN,Stevenson,955211d4-28b8-44a0-8023-2bfaa48d6721,SAMMS-Stevenson
202608232214224600,202608232010368828,202608232010368283,85,2397,Bronze INV,br_LabResult,TASK_COMPLETE,SUCCESS,INFO,5278,5278,0,,2026-08-23T20:10:41.468Z,2026-08-23T22:16:21.732Z,7540,2026-08-23T22:16:21.732Z,TE,Tempe,955211d4-28b8-44a0-8023-2bfaa48d6721,SAMMS-Tempe
202608232214224601,202608232010368829,202608232010368283,85,2398,Bronze INV,br_LabResult,TASK_COMPLETE,SUCCESS,INFO,2,2,0,,2026-08-23T20:10:41.468Z,2026-08-23T22:16:21.732Z,7540,2026-08-23T22:16:21.732Z,TEX,Texarkana,955211d4-28b8-44a0-8023-2bfaa48d6721,SAMMS-Texarkana
202608232214224602,202608232010368830,202608232010368283,85,2399,Bronze INV,br_LabResult,TASK_COMPLETE,SUCCESS,INFO,1663,1663,0,,2026-08-23T20:10:41.468Z,2026-08-23T22:16:21.732Z,7540,2026-08-23T22:16:21.732Z,TTCA,Bessemer,955211d4-28b8-44a0-8023-2bfaa48d6721,SAMMS-BessemerV5
202608232214224603,202608232010368831,202608232010368283,85,2400,Bronze INV,br_LabResult,TASK_COMPLETE,SUCCESS,INFO,2093,2093,0,,2026-08-23T20:10:41.468Z,2026-08-23T22:16:21.732Z,7540,2026-08-23T22:16:21.732Z,TTCB,Cullman,955211d4-28b8-44a0-8023-2bfaa48d6721,SAMMS-CullmanV5
202608232214224604,202608232010368832,202608232010368283,85,2401,Bronze INV,br_LabResult,TASK_COMPLETE,SUCCESS,INFO,4,4,0,,2026-08-23T20:10:41.468Z,2026-08-23T22:16:21.732Z,7540,2026-08-23T22:16:21.732Z,TTCC,Grand Bay,955211d4-28b8-44a0-8023-2bfaa48d6721,SAMMS-GrandBay
202608232214224606,202608232010368833,202608232010368283,85,2402,Bronze INV,br_LabResult,TASK_COMPLETE,SUCCESS,INFO,717,717,0,,2026-08-23T20:10:41.468Z,2026-08-23T22:16:21.732Z,7540,2026-08-23T22:16:21.732Z,TU,Tucson,955211d4-28b8-44a0-8023-2bfaa48d6721,SAMMS-Tucson
202608232214224607,202608232010368834,202608232010368283,85,2404,Bronze INV,br_LabResult,TASK_COMPLETE,SUCCESS,INFO,4984,4984,0,,2026-08-23T20:10:41.468Z,2026-08-23T22:16:21.732Z,7540,2026-08-23T22:16:21.732Z,V1,Memphis South,955211d4-28b8-44a0-8023-2bfaa48d6721,SAMMS-VCPHCS-I-MemphisV5
202608232214224608,202608232010368835,202608232010368283,85,2405,Bronze INV,br_LabResult,TASK_COMPLETE,SUCCESS,INFO,6231,6231,0,,2026-08-23T20:10:41.468Z,2026-08-23T22:16:21.732Z,7540,2026-08-23T22:16:21.732Z,V10,Longmont,955211d4-28b8-44a0-8023-2bfaa48d6721,SAMMS-BoulderV5
202608232214224609,202608232010368836,202608232010368283,85,2406,Bronze INV,br_LabResult,TASK_COMPLETE,SUCCESS,INFO,3556,3556,0,,2026-08-23T20:10:41.468Z,2026-08-23T22:16:21.732Z,7540,2026-08-23T22:16:21.732Z,V10A,Fort Collins,955211d4-28b8-44a0-8023-2bfaa48d6721,SAMMS-FortCollinsV5
202608232214224610,202608232010368837,202608232010368283,85,2407,Bronze INV,br_LabResult,TASK_COMPLETE,SUCCESS,INFO,7564,7564,0,,2026-08-23T20:10:41.468Z,2026-08-23T22:16:21.732Z,7540,2026-08-23T22:16:21.732Z,V11,Westminster,955211d4-28b8-44a0-8023-2bfaa48d6721,SAMMS-VCPHCS-XI-NorthDenverV5
202608232214224611,202608232010368838,202608232010368283,85,2408,Bronze INV,br_LabResult,TASK_COMPLETE,SUCCESS,INFO,10261,10261,0,,2026-08-23T20:10:41.468Z,2026-08-23T22:16:21.732Z,7540,2026-08-23T22:16:21.732Z,V12,Downtown Denver,955211d4-28b8-44a0-8023-2bfaa48d6721,SAMMS-VCPHCS-XII-DowntownDenverV5
202608232214224612,202608232010368839,202608232010368283,85,2409,Bronze INV,br_LabResult,TASK_COMPLETE,SUCCESS,INFO,4812,4812,0,,2026-08-23T20:10:41.468Z,2026-08-23T22:16:21.732Z,7540,2026-08-23T22:16:21.732Z,V12A,Centennial,955211d4-28b8-44a0-8023-2bfaa48d6721,SAMMS-CentennialV5
202608232214224614,202608232010368840,202608232010368283,85,2410,Bronze INV,br_LabResult,TASK_COMPLETE,SUCCESS,INFO,3267,3267,0,,2026-08-23T20:10:41.468Z,2026-08-23T22:16:21.732Z,7540,2026-08-23T22:16:21.732Z,V14,Overland Park,955211d4-28b8-44a0-8023-2bfaa48d6721,SAMMS-VCPHCS-XIV-BridgewayV5
202608232214224615,202608232010368841,202608232010368283,85,2411,Bronze INV,br_LabResult,TASK_COMPLETE,SUCCESS,INFO,2515,2515,0,,2026-08-23T20:10:41.468Z,2026-08-23T22:16:21.732Z,7540,2026-08-23T22:16:21.732Z,V15,Joplin,955211d4-28b8-44a0-8023-2bfaa48d6721,SAMMS-JoplinV5
202608232214224616,202608232010368842,202608232010368283,85,2413,Bronze INV,br_LabResult,TASK_COMPLETE,SUCCESS,INFO,905,905,0,,2026-08-23T20:10:41.468Z,2026-08-23T22:16:21.732Z,7540,2026-08-23T22:16:21.732Z,V17,Columbia TN,955211d4-28b8-44a0-8023-2bfaa48d6721,SAMMS-ColumbiaTNv5
202608232214224617,202608232010368843,202608232010368283,85,2415,Bronze INV,br_LabResult,TASK_COMPLETE,SUCCESS,INFO,4893,4893,0,,2026-08-23T20:10:41.468Z,2026-08-23T22:16:21.732Z,7540,2026-08-23T22:16:21.732Z,V19,Jackson,955211d4-28b8-44a0-8023-2bfaa48d6721,SAMMS-JacksonV5
202608252121598863,202608251925574109,202608251925573776,85,2783,Bronze INV,br_LiquidLog,TASK_COMPLETE,SUCCESS,INFO,227193,227193,0,,2026-08-25T19:26:03.177Z,2026-08-25T21:23:56.829Z,7073,2026-08-25T21:23:56.829Z,V19,Jackson,7eb7a049-5d17-4a23-bb2f-3b9c445afd32,SAMMS-JacksonV5
202608252121598864,202608251925574110,202608251925573776,85,2785,Bronze INV,br_LiquidLog,TASK_COMPLETE,SUCCESS,INFO,208939,208939,0,,2026-08-25T19:26:03.177Z,2026-08-25T21:23:56.829Z,7073,2026-08-25T21:23:56.829Z,V20,Paris,7eb7a049-5d17-4a23-bb2f-3b9c445afd32,SAMMS-ParisV5
202608252121598865,202608251925574111,202608251925573776,85,2786,Bronze INV,br_LiquidLog,TASK_COMPLETE,SUCCESS,INFO,175147,175147,0,,2026-08-25T19:26:03.177Z,2026-08-25T21:23:56.829Z,7073,2026-08-25T21:23:56.829Z,V21,Memphis North,7eb7a049-5d17-4a23-bb2f-3b9c445afd32,SAMMS-RaleighV5
202608252121598867,202608251925574112,202608251925573776,85,2789,Bronze INV,br_LiquidLog,TASK_COMPLETE,SUCCESS,INFO,342233,342233,0,,2026-08-25T19:26:03.177Z,2026-08-25T21:23:56.829Z,7073,2026-08-25T21:23:56.829Z,V5,West Bank,7eb7a049-5d17-4a23-bb2f-3b9c445afd32,SAMMS-NONTCv5
202608252121598868,202608251925574113,202608251925573776,85,2791,Bronze INV,br_LiquidLog,TASK_COMPLETE,SUCCESS,INFO,31541,31541,0,,2026-08-25T19:26:03.177Z,2026-08-25T21:23:56.829Z,7073,2026-08-25T21:23:56.829Z,V5B,Houma,7eb7a049-5d17-4a23-bb2f-3b9c445afd32,SAMMS-HoumaV6
202608252121598869,202608251925574114,202608251925573776,85,2792,Bronze INV,br_LiquidLog,TASK_COMPLETE,SUCCESS,INFO,260915,260915,0,,2026-08-25T19:26:03.177Z,2026-08-25T21:23:56.829Z,7073,2026-08-25T21:23:56.829Z,V6,Lake Charles,7eb7a049-5d17-4a23-bb2f-3b9c445afd32,SAMMS-LCv5
202608252121598870,202608251925574115,202608251925573776,85,2794,Bronze INV,br_LiquidLog,TASK_COMPLETE,SUCCESS,INFO,165848,165848,0,,2026-08-25T19:26:03.177Z,2026-08-25T21:23:56.829Z,7073,2026-08-25T21:23:56.829Z,V8,Memphis Midtown,7eb7a049-5d17-4a23-bb2f-3b9c445afd32,SAMMS-VCPHCS-VIII-MemphisV5
202608252121598871,202608251925574116,202608251925573776,85,2795,Bronze INV,br_LiquidLog,TASK_COMPLETE,SUCCESS,INFO,311546,311546,0,,2026-08-25T19:26:03.177Z,2026-08-25T21:23:56.829Z,7073,2026-08-25T21:23:56.829Z,V9,Nashville,7eb7a049-5d17-4a23-bb2f-3b9c445afd32,SAMMS-NashvilleV5
202608252121598872,202608251925574117,202608251925573776,85,2796,Bronze INV,br_LiquidLog,TASK_COMPLETE,SUCCESS,INFO,111923,111923,0,,2026-08-25T19:26:03.177Z,2026-08-25T21:23:56.829Z,7073,2026-08-25T21:23:56.829Z,VBRA,Brainerd,7eb7a049-5d17-4a23-bb2f-3b9c445afd32,SAMMS-BrainerdV6
202608252121598874,202608251925574118,202608251925573776,85,2797,Bronze INV,br_LiquidLog,TASK_COMPLETE,SUCCESS,INFO,222006,222006,0,,2026-08-25T19:26:03.177Z,2026-08-25T21:23:56.829Z,7073,2026-08-25T21:23:56.829Z,VBRP,Brooklyn Park,7eb7a049-5d17-4a23-bb2f-3b9c445afd32,SAMMS-BrooklynParkV6
202608252121598875,202608251925574119,202608251925573776,85,2799,Bronze INV,br_LiquidLog,TASK_COMPLETE,SUCCESS,INFO,140378,140378,0,,2026-08-25T19:26:03.177Z,2026-08-25T21:23:56.829Z,7073,2026-08-25T21:23:56.829Z,VMIN,Minneapolis,7eb7a049-5d17-4a23-bb2f-3b9c445afd32,SAMMS-MinneapolisV6
202608252121598876,202608251925574120,202608251925573776,85,2800,Bronze INV,br_LiquidLog,TASK_COMPLETE,SUCCESS,INFO,252005,252005,0,,2026-08-25T19:26:03.177Z,2026-08-25T21:23:56.829Z,7073,2026-08-25T21:23:56.829Z,VWBY,Woodbury,7eb7a049-5d17-4a23-bb2f-3b9c445afd32,SAMMS-WoodburyV6
202608252121598877,202608251925574121,202608251925573776,85,2802,Bronze INV,br_LiquidLog,TASK_COMPLETE,SUCCESS,INFO,116393,116393,0,,2026-08-25T19:26:03.177Z,2026-08-25T21:23:56.829Z,7073,2026-08-25T21:23:56.829Z,WIL,Wilson,7eb7a049-5d17-4a23-bb2f-3b9c445afd32,SAMMS-Wilson
202608252121598979,202608251925673796,202608251925673776,86,8579,Silver INV,sl_LiquidLog,TASK_COMPLETE,SUCCESS,INFO,15080206,15080206,0,,2026-08-25T19:26:03.177Z,2026-08-25T21:23:56.829Z,7073,2026-08-25T21:23:56.829Z,,,7eb7a049-5d17-4a23-bb2f-3b9c445afd32,
202608252121598908,202608251925574122,202608251925573776,85,2806,Bronze INV,br_OrientationChecklistNew,TASK_COMPLETE,SUCCESS,INFO,59,59,0,,2026-08-25T19:26:03.177Z,2026-08-25T21:23:56.829Z,7073,2026-08-25T21:23:56.829Z,AHK,Ahoskie,7eb7a049-5d17-4a23-bb2f-3b9c445afd32,SAMMS-Ahoskie
202608252121598910,202608251925574123,202608251925573776,85,2807,Bronze INV,br_OrientationChecklistNew,TASK_COMPLETE,SUCCESS,INFO,152,152,0,,2026-08-25T19:26:03.177Z,2026-08-25T21:23:56.829Z,7073,2026-08-25T21:23:56.829Z,B12B,Colorado Springs,7eb7a049-5d17-4a23-bb2f-3b9c445afd32,SAMMS-ColoradoSpringsV5
202608252121598911,202608251925574124,202608251925573776,85,2808,Bronze INV,br_OrientationChecklistNew,TASK_COMPLETE,SUCCESS,INFO,170,170,0,,2026-08-25T19:26:03.177Z,2026-08-25T21:23:56.829Z,7073,2026-08-25T21:23:56.829Z,B24,Paintsville,7eb7a049-5d17-4a23-bb2f-3b9c445afd32,SAMMS-PaintsvilleV5
202608252121598912,202608251925574125,202608251925573776,85,2809,Bronze INV,br_OrientationChecklistNew,TASK_COMPLETE,SUCCESS,INFO,86,86,0,,2026-08-25T19:26:03.177Z,2026-08-25T21:23:56.829Z,7073,2026-08-25T21:23:56.829Z,B25,Pikeville,7eb7a049-5d17-4a23-bb2f-3b9c445afd32,SAMMS-PikevilleV5
202608252121598913,202608251925574126,202608251925573776,85,2810,Bronze INV,br_OrientationChecklistNew,TASK_COMPLETE,SUCCESS,INFO,272,272,0,,2026-08-25T19:26:03.177Z,2026-08-25T21:23:56.829Z,7073,2026-08-25T21:23:56.829Z,B26,Hazard,7eb7a049-5d17-4a23-bb2f-3b9c445afd32,SAMMS-HazardV5
202608252121598914,202608251925574127,202608251925573776,85,2811,Bronze INV,br_OrientationChecklistNew,TASK_COMPLETE,SUCCESS,INFO,27,27,0,,2026-08-25T19:26:03.177Z,2026-08-25T21:23:56.829Z,7073,2026-08-25T21:23:56.829Z,B27,Savannah,7eb7a049-5d17-4a23-bb2f-3b9c445afd32,SAMMS-SavannahV6
202608252121598916,202608251925574128,202608251925573776,85,2812,Bronze INV,br_OrientationChecklistNew,TASK_COMPLETE,SUCCESS,INFO,99,99,0,,2026-08-25T19:26:03.177Z,2026-08-25T21:23:56.829Z,7073,2026-08-25T21:23:56.829Z,B28,West Plains,7eb7a049-5d17-4a23-bb2f-3b9c445afd32,SAMMS-WestPlainesV5
202608252121598917,202608251925574129,202608251925573776,85,2813,Bronze INV,br_OrientationChecklistNew,TASK_COMPLETE,SUCCESS,INFO,77,77,0,,2026-08-25T19:26:03.177Z,2026-08-25T21:23:56.829Z,7073,2026-08-25T21:23:56.829Z,B29,Poplar Bluff,7eb7a049-5d17-4a23-bb2f-3b9c445afd32,SAMMS-PoplarBluffV5
202608252121598918,202608251925574130,202608251925573776,85,2814,Bronze INV,br_OrientationChecklistNew,TASK_COMPLETE,SUCCESS,INFO,51,51,0,,2026-08-25T19:26:03.177Z,2026-08-25T21:23:56.829Z,7073,2026-08-25T21:23:56.829Z,B30,KC North,7eb7a049-5d17-4a23-bb2f-3b9c445afd32,SAMMS-KCNv5
202608252121598919,202608251925574131,202608251925573776,85,2815,Bronze INV,br_OrientationChecklistNew,TASK_COMPLETE,SUCCESS,INFO,76,76,0,,2026-08-25T19:26:03.177Z,2026-08-25T21:23:56.829Z,7073,2026-08-25T21:23:56.829Z,B31,Dyersburg,7eb7a049-5d17-4a23-bb2f-3b9c445afd32,SAMMS-DyersburgV5
202608252121598920,202608251925574132,202608251925573776,85,2817,Bronze INV,br_OrientationChecklistNew,TASK_COMPLETE,SUCCESS,INFO,69,69,0,,2026-08-25T19:26:03.177Z,2026-08-25T21:23:56.829Z,7073,2026-08-25T21:23:56.829Z,B33,Paducah,7eb7a049-5d17-4a23-bb2f-3b9c445afd32,SAMMS-Paducah
202608252121598921,202608251925574133,202608251925573776,85,2818,Bronze INV,br_OrientationChecklistNew,TASK_COMPLETE,SUCCESS,INFO,155,155,0,,2026-08-25T19:26:03.177Z,2026-08-25T21:23:56.829Z,7073,2026-08-25T21:23:56.829Z,B34,Corbin,7eb7a049-5d17-4a23-bb2f-3b9c445afd32,SAMMS-CorbinV5
202608252121598923,202608251925574134,202608251925573776,85,2819,Bronze INV,br_OrientationChecklistNew,TASK_COMPLETE,SUCCESS,INFO,390,390,0,,2026-08-25T19:26:03.177Z,2026-08-25T21:23:56.829Z,7073,2026-08-25T21:23:56.829Z,B35,Lexington,7eb7a049-5d17-4a23-bb2f-3b9c445afd32,SAMMS-LexingtonV5
202608252121598924,202608251925574135,202608251925573776,85,2820,Bronze INV,br_OrientationChecklistNew,TASK_COMPLETE,SUCCESS,INFO,144,144,0,,2026-08-25T19:26:03.177Z,2026-08-25T21:23:56.829Z,7073,2026-08-25T21:23:56.829Z,B35A,Berea,7eb7a049-5d17-4a23-bb2f-3b9c445afd32,SAMMS-BereaV5
202608252121598925,202608251925574136,202608251925573776,85,2821,Bronze INV,br_OrientationChecklistNew,TASK_COMPLETE,SUCCESS,INFO,150,150,0,,2026-08-25T19:26:03.177Z,2026-08-25T21:23:56.829Z,7073,2026-08-25T21:23:56.829Z,B36,Asheville,7eb7a049-5d17-4a23-bb2f-3b9c445afd32,SAMMS-AshevilleV5
202608252121598926,202608251925574137,202608251925573776,85,2822,Bronze INV,br_OrientationChecklistNew,TASK_COMPLETE,SUCCESS,INFO,118,118,0,,2026-08-25T19:26:03.177Z,2026-08-25T21:23:56.829Z,7073,2026-08-25T21:23:56.829Z,B37,Clyde,7eb7a049-5d17-4a23-bb2f-3b9c445afd32,SAMMS-ClydeV5
202608252121598927,202608251925574138,202608251925573776,85,2823,Bronze INV,br_OrientationChecklistNew,TASK_COMPLETE,SUCCESS,INFO,160,160,0,,2026-08-25T19:26:03.177Z,2026-08-25T21:23:56.829Z,7073,2026-08-25T21:23:56.829Z,B38,Spartanburg,7eb7a049-5d17-4a23-bb2f-3b9c445afd32,SAMMS-SpartanburgV5
202608252121598928,202608251925574139,202608251925573776,85,2824,Bronze INV,br_OrientationChecklistNew,TASK_COMPLETE,SUCCESS,INFO,132,132,0,,2026-08-25T19:26:03.177Z,2026-08-25T21:23:56.829Z,7073,2026-08-25T21:23:56.829Z,B39,Aiken,7eb7a049-5d17-4a23-bb2f-3b9c445afd32,SAMMS-AikenV5
202608252121598929,202608251925574140,202608251925573776,85,2825,Bronze INV,br_OrientationChecklistNew,TASK_COMPLETE,SUCCESS,INFO,149,149,0,,2026-08-25T19:26:03.177Z,2026-08-25T21:23:56.829Z,7073,2026-08-25T21:23:56.829Z,B41,Chesapeake,7eb7a049-5d17-4a23-bb2f-3b9c445afd32,SAMMS-ChesapeakeV5
202608252121598931,202608251925574141,202608251925573776,85,2826,Bronze INV,br_OrientationChecklistNew,TASK_COMPLETE,SUCCESS,INFO,197,197,0,,2026-08-25T19:26:03.177Z,2026-08-25T21:23:56.829Z,7073,2026-08-25T21:23:56.829Z,B42,Virginia Beach,7eb7a049-5d17-4a23-bb2f-3b9c445afd32,SAMMS-VirginiaBeachV5
202608252121598932,202608251925574142,202608251925573776,85,2827,Bronze INV,br_OrientationChecklistNew,TASK_COMPLETE,SUCCESS,INFO,130,130,0,,2026-08-25T19:26:03.177Z,2026-08-25T21:23:56.829Z,7073,2026-08-25T21:23:56.829Z,B42A,Newport News,7eb7a049-5d17-4a23-bb2f-3b9c445afd32,SAMMS-NewportNewsV5
202608252121598933,202608251925574143,202608251925573776,85,2828,Bronze INV,br_OrientationChecklistNew,TASK_COMPLETE,SUCCESS,INFO,29,29,0,,2026-08-25T19:26:03.177Z,2026-08-25T21:23:56.829Z,7073,2026-08-25T21:23:56.829Z,B42B,Franklin,7eb7a049-5d17-4a23-bb2f-3b9c445afd32,SAMMS-FranklinV5
202608252121598934,202608251925574144,202608251925573776,85,2829,Bronze INV,br_OrientationChecklistNew,TASK_COMPLETE,SUCCESS,INFO,201,201,0,,2026-08-25T19:26:03.177Z,2026-08-25T21:23:56.829Z,7073,2026-08-25T21:23:56.829Z,B42C,Glen Allen,7eb7a049-5d17-4a23-bb2f-3b9c445afd32,SAMMS-GlenAllenV5
202608252121598935,202608251925574145,202608251925573776,85,2830,Bronze INV,br_OrientationChecklistNew,TASK_COMPLETE,SUCCESS,INFO,74,74,0,,2026-08-25T19:26:03.177Z,2026-08-25T21:23:56.829Z,7073,2026-08-25T21:23:56.829Z,B42D,Chesapeake South,7eb7a049-5d17-4a23-bb2f-3b9c445afd32,SAMMS-ChesapeakeSouthV5
202608252121598936,202608251925574146,202608251925573776,85,2831,Bronze INV,br_OrientationChecklistNew,TASK_COMPLETE,SUCCESS,INFO,53,53,0,,2026-08-25T19:26:03.177Z,2026-08-25T21:23:56.829Z,7073,2026-08-25T21:23:56.829Z,B44,Albany,7eb7a049-5d17-4a23-bb2f-3b9c445afd32,SAMMS-AlbanyV5
202608252121598938,202608251925574147,202608251925573776,85,2832,Bronze INV,br_OrientationChecklistNew,TASK_COMPLETE,SUCCESS,INFO,56,56,0,,2026-08-25T19:26:03.177Z,2026-08-25T21:23:56.829Z,7073,2026-08-25T21:23:56.829Z,B45,Tifton,7eb7a049-5d17-4a23-bb2f-3b9c445afd32,SAMMS-TiftonV5
202608252121598939,202608251925574148,202608251925573776,85,2833,Bronze INV,br_OrientationChecklistNew,TASK_COMPLETE,SUCCESS,INFO,262,262,0,,2026-08-25T19:26:03.177Z,2026-08-25T21:23:56.829Z,7073,2026-08-25T21:23:56.829Z,B46,Washington DC,7eb7a049-5d17-4a23-bb2f-3b9c445afd32,SAMMS-WashingtonDCv5
202608252121598940,202608251925574149,202608251925573776,85,2834,Bronze INV,br_OrientationChecklistNew,TASK_COMPLETE,SUCCESS,INFO,95,95,0,,2026-08-25T19:26:03.177Z,2026-08-25T21:23:56.829Z,7073,2026-08-25T21:23:56.829Z,B47,Mobile,7eb7a049-5d17-4a23-bb2f-3b9c445afd32,SAMMS-MobileV5
202608252121598941,202608251925574150,202608251925573776,85,2835,Bronze INV,br_OrientationChecklistNew,TASK_COMPLETE,SUCCESS,INFO,123,123,0,,2026-08-25T19:26:03.177Z,2026-08-25T21:23:56.829Z,7073,2026-08-25T21:23:56.829Z,B48,Tuscaloosa,7eb7a049-5d17-4a23-bb2f-3b9c445afd32,SAMMS-TuscaloosaV5
202608252121598942,202608251925574151,202608251925573776,85,2844,Bronze INV,br_OrientationChecklistNew,TASK_COMPLETE,SUCCESS,INFO,74,74,0,,2026-08-25T19:26:03.177Z,2026-08-25T21:23:56.829Z,7073,2026-08-25T21:23:56.829Z,B51,N. Little Rock (OTP),7eb7a049-5d17-4a23-bb2f-3b9c445afd32,SAMMS-NorthLittleRockV6
202608252121598943,202608251925574152,202608251925573776,85,2845,Bronze INV,br_OrientationChecklistNew,TASK_COMPLETE,SUCCESS,INFO,13,13,0,,2026-08-25T19:26:03.177Z,2026-08-25T21:23:56.829Z,7073,2026-08-25T21:23:56.829Z,B52,Jackson GA,7eb7a049-5d17-4a23-bb2f-3b9c445afd32,SAMMS-JacksonGAV5
202608252121598945,202608251925574153,202608251925573776,85,2846,Bronze INV,br_OrientationChecklistNew,TASK_COMPLETE,SUCCESS,INFO,128,128,0,,2026-08-25T19:26:03.177Z,2026-08-25T21:23:56.829Z,7073,2026-08-25T21:23:56.829Z,B54,Gadsden,7eb7a049-5d17-4a23-bb2f-3b9c445afd32,SAMMS-GadsdenV5
202608252121598946,202608251925574154,202608251925573776,85,2847,Bronze INV,br_OrientationChecklistNew,TASK_COMPLETE,SUCCESS,INFO,72,72,0,,2026-08-25T19:26:03.177Z,2026-08-25T21:23:56.829Z,7073,2026-08-25T21:23:56.829Z,B55,Shoals,7eb7a049-5d17-4a23-bb2f-3b9c445afd32,SAMMS-ShoalsV5
202608252121598947,202608251925574155,202608251925573776,85,2848,Bronze INV,br_OrientationChecklistNew,TASK_COMPLETE,SUCCESS,INFO,33,33,0,,2026-08-25T19:26:03.177Z,2026-08-25T21:23:56.829Z,7073,2026-08-25T21:23:56.829Z,B57,Pawtucket,7eb7a049-5d17-4a23-bb2f-3b9c445afd32,SAMMS-Pawtucket
202608252121598948,202608251925574156,202608251925573776,85,2849,Bronze INV,br_OrientationChecklistNew,TASK_COMPLETE,SUCCESS,INFO,77,77,0,,2026-08-25T19:26:03.177Z,2026-08-25T21:23:56.829Z,7073,2026-08-25T21:23:56.829Z,B57A,Johnston,7eb7a049-5d17-4a23-bb2f-3b9c445afd32,SAMMS-Johnston
202608252121598949,202608251925574157,202608251925573776,85,2850,Bronze INV,br_OrientationChecklistNew,TASK_COMPLETE,SUCCESS,INFO,17,17,0,,2026-08-25T19:26:03.177Z,2026-08-25T21:23:56.829Z,7073,2026-08-25T21:23:56.829Z,B57B,Middletown,7eb7a049-5d17-4a23-bb2f-3b9c445afd32,SAMMS-Middletown
202608252121598950,202608251925574158,202608251925573776,85,2851,Bronze INV,br_OrientationChecklistNew,TASK_COMPLETE,SUCCESS,INFO,29,29,0,,2026-08-25T19:26:03.177Z,2026-08-25T21:23:56.829Z,7073,2026-08-25T21:23:56.829Z,B57C,Providence,7eb7a049-5d17-4a23-bb2f-3b9c445afd32,SAMMS-Providence
202608252121598952,202608251925574159,202608251925573776,85,2852,Bronze INV,br_OrientationChecklistNew,TASK_COMPLETE,SUCCESS,INFO,31,31,0,,2026-08-25T19:26:03.177Z,2026-08-25T21:23:56.829Z,7073,2026-08-25T21:23:56.829Z,B57D,Westerly,7eb7a049-5d17-4a23-bb2f-3b9c445afd32,SAMMS-Westerly
202608252121598953,202608251925574160,202608251925573776,85,2856,Bronze INV,br_OrientationChecklistNew,TASK_COMPLETE,SUCCESS,INFO,0,0,0,,2026-08-25T19:26:03.177Z,2026-08-25T21:23:56.829Z,7073,2026-08-25T21:23:56.829Z,B66A,Bremen,7eb7a049-5d17-4a23-bb2f-3b9c445afd32,SAMMS-Bremen
202608252121598954,202608251925574161,202608251925573776,85,2859,Bronze INV,br_OrientationChecklistNew,TASK_COMPLETE,SUCCESS,INFO,0,0,0,,2026-08-25T19:26:03.177Z,2026-08-25T21:23:56.829Z,7073,2026-08-25T21:23:56.829Z,B72,Mobile (OBOT),7eb7a049-5d17-4a23-bb2f-3b9c445afd32,SAMMS-Mobile-OBOT
202608252121598955,202608251925574162,202608251925573776,85,2860,Bronze INV,br_OrientationChecklistNew,TASK_COMPLETE,SUCCESS,INFO,0,0,0,,2026-08-25T19:26:03.177Z,2026-08-25T21:23:56.829Z,7073,2026-08-25T21:23:56.829Z,B73,Montgomery,7eb7a049-5d17-4a23-bb2f-3b9c445afd32,SAMMS-Montgomery
202608252121598957,202608251925574163,202608251925573776,85,2861,Bronze INV,br_OrientationChecklistNew,TASK_COMPLETE,SUCCESS,INFO,92,92,0,,2026-08-25T19:26:03.177Z,2026-08-25T21:23:56.829Z,7073,2026-08-25T21:23:56.829Z,B75,Lawrence,7eb7a049-5d17-4a23-bb2f-3b9c445afd32,SAMMS-LawrenceV6
202608252121598958,202608251925574164,202608251925573776,85,2862,Bronze INV,br_OrientationChecklistNew,TASK_COMPLETE,SUCCESS,INFO,0,0,0,,2026-08-25T19:26:03.177Z,2026-08-25T21:23:56.829Z,7073,2026-08-25T21:23:56.829Z,B76,Huntsville OBOT,7eb7a049-5d17-4a23-bb2f-3b9c445afd32,SAMMS-Huntsville-OBOT
202608252121598959,202608251925574165,202608251925573776,85,2863,Bronze INV,br_OrientationChecklistNew,TASK_COMPLETE,SUCCESS,INFO,0,0,0,,2026-08-25T19:26:03.177Z,2026-08-25T21:23:56.829Z,7073,2026-08-25T21:23:56.829Z,BAT,Batesville,7eb7a049-5d17-4a23-bb2f-3b9c445afd32,SAMMS-Batesville
202608252121598960,202608251925574166,202608251925573776,85,2864,Bronze INV,br_OrientationChecklistNew,TASK_COMPLETE,SUCCESS,INFO,173,173,0,,2026-08-25T19:26:03.177Z,2026-08-25T21:23:56.829Z,7073,2026-08-25T21:23:56.829Z,BG,Bowling Green,7eb7a049-5d17-4a23-bb2f-3b9c445afd32,SAMMS-BowlingGreen
202608252121598961,202608251925574167,202608251925573776,85,2865,Bronze INV,br_OrientationChecklistNew,TASK_COMPLETE,SUCCESS,INFO,66,66,0,,2026-08-25T19:26:03.177Z,2026-08-25T21:23:56.829Z,7073,2026-08-25T21:23:56.829Z,BOI,Boise,7eb7a049-5d17-4a23-bb2f-3b9c445afd32,SAMMS-Boise
202608252121598962,202608251925574168,202608251925573776,85,2872,Bronze INV,br_OrientationChecklistNew,TASK_COMPLETE,SUCCESS,INFO,68,68,0,,2026-08-25T19:26:03.177Z,2026-08-25T21:23:56.829Z,7073,2026-08-25T21:23:56.829Z,CBCO,Coeur dAlene,7eb7a049-5d17-4a23-bb2f-3b9c445afd32,SAMMS-CoeurdAleneV6
202608252121598964,202608251925574169,202608251925573776,85,2891,Bronze INV,br_OrientationChecklistNew,TASK_COMPLETE,SUCCESS,INFO,0,0,0,,2026-08-25T19:26:03.177Z,2026-08-25T21:23:56.829Z,7073,2026-08-25T21:23:56.829Z,CON,Conway,7eb7a049-5d17-4a23-bb2f-3b9c445afd32,SAMMS-Conway
202608252121598965,202608251925574170,202608251925573776,85,2892,Bronze INV,br_OrientationChecklistNew,TASK_COMPLETE,SUCCESS,INFO,0,0,0,,2026-08-25T19:26:03.177Z,2026-08-25T21:23:56.829Z,7073,2026-08-25T21:23:56.829Z,D07,Medical Services Knox TN,7eb7a049-5d17-4a23-bb2f-3b9c445afd32,SAMMS-KnoxvilleV6
202608252121598966,202608251925574171,202608251925573776,85,2893,Bronze INV,br_OrientationChecklistNew,TASK_COMPLETE,SUCCESS,INFO,141,141,0,,2026-08-25T19:26:03.177Z,2026-08-25T21:23:56.829Z,7073,2026-08-25T21:23:56.829Z,D08,Madison,7eb7a049-5d17-4a23-bb2f-3b9c445afd32,SAMMS-MadisonV6
202608252121598967,202608251925574172,202608251925573776,85,2895,Bronze INV,br_OrientationChecklistNew,TASK_COMPLETE,SUCCESS,INFO,203,203,0,,2026-08-25T19:26:03.177Z,2026-08-25T21:23:56.829Z,7073,2026-08-25T21:23:56.829Z,D09,Murfreesboro,7eb7a049-5d17-4a23-bb2f-3b9c445afd32,SAMMS-MurfreesboroV6
202608252121598968,202608251925574173,202608251925573776,85,2896,Bronze INV,br_OrientationChecklistNew,TASK_COMPLETE,SUCCESS,INFO,53,53,0,,2026-08-25T19:26:03.177Z,2026-08-25T21:23:56.829Z,7073,2026-08-25T21:23:56.829Z,DA,Davenport,7eb7a049-5d17-4a23-bb2f-3b9c445afd32,SAMMS-Davenport
202608252121598969,202608251925574174,202608251925573776,85,2897,Bronze INV,br_OrientationChecklistNew,TASK_COMPLETE,SUCCESS,INFO,85,85,0,,2026-08-25T19:26:03.177Z,2026-08-25T21:23:56.829Z,7073,2026-08-25T21:23:56.829Z,DM,Des Moines,7eb7a049-5d17-4a23-bb2f-3b9c445afd32,SAMMS-DesMoines
202608252121598971,202608251925574175,202608251925573776,85,2899,Bronze INV,br_OrientationChecklistNew,TASK_COMPLETE,SUCCESS,INFO,131,131,0,,2026-08-25T19:26:03.177Z,2026-08-25T21:23:56.829Z,7073,2026-08-25T21:23:56.829Z,DRD-CO,Columbia MO,7eb7a049-5d17-4a23-bb2f-3b9c445afd32,SAMMS-ColumbiaV5
202608252121598972,202608251925574176,202608251925573776,85,2900,Bronze INV,br_OrientationChecklistNew,TASK_COMPLETE,SUCCESS,INFO,163,163,0,,2026-08-25T19:26:03.177Z,2026-08-25T21:23:56.829Z,7073,2026-08-25T21:23:56.829Z,DRD-KC,KC,7eb7a049-5d17-4a23-bb2f-3b9c445afd32,SAMMS-KCv5
202608252121598973,202608251925574177,202608251925573776,85,2901,Bronze INV,br_OrientationChecklistNew,TASK_COMPLETE,SUCCESS,INFO,122,122,0,,2026-08-25T19:26:03.177Z,2026-08-25T21:23:56.829Z,7073,2026-08-25T21:23:56.829Z,DRD-KVB,KVB,7eb7a049-5d17-4a23-bb2f-3b9c445afd32,SAMMS-KVBv5
202608252121598974,202608251925574178,202608251925573776,85,2902,Bronze INV,br_OrientationChecklistNew,TASK_COMPLETE,SUCCESS,INFO,332,332,0,,2026-08-25T19:26:03.177Z,2026-08-25T21:23:56.829Z,7073,2026-08-25T21:23:56.829Z,DRD-KVC,KVC,7eb7a049-5d17-4a23-bb2f-3b9c445afd32,SAMMS-KVCv5
202608252121598975,202608251925574179,202608251925573776,85,2903,Bronze INV,br_OrientationChecklistNew,TASK_COMPLETE,SUCCESS,INFO,345,345,0,,2026-08-25T19:26:03.177Z,2026-08-25T21:23:56.829Z,7073,2026-08-25T21:23:56.829Z,DRD-NOLA,NOLA,7eb7a049-5d17-4a23-bb2f-3b9c445afd32,SAMMS-NOLAv5
202608252121598976,202608251925574180,202608251925573776,85,2904,Bronze INV,br_OrientationChecklistNew,TASK_COMPLETE,SUCCESS,INFO,229,229,0,,2026-08-25T19:26:03.177Z,2026-08-25T21:23:56.829Z,7073,2026-08-25T21:23:56.829Z,DRD-SF,Springfield,7eb7a049-5d17-4a23-bb2f-3b9c445afd32,SAMMS-SFv5
202608252121598978,202608251925574181,202608251925573776,85,2906,Bronze INV,br_OrientationChecklistNew,TASK_COMPLETE,SUCCESS,INFO,107,107,0,,2026-08-25T19:26:03.177Z,2026-08-25T21:23:56.829Z,7073,2026-08-25T21:23:56.829Z,ELC,Elizabeth City,7eb7a049-5d17-4a23-bb2f-3b9c445afd32,SAMMS-ElizabethCity
202608252121598979,202608251925574182,202608251925573776,85,2907,Bronze INV,br_OrientationChecklistNew,TASK_COMPLETE,SUCCESS,INFO,121,121,0,,2026-08-25T19:26:03.177Z,2026-08-25T21:23:56.829Z,7073,2026-08-25T21:23:56.829Z,ET,Elizabethtown,7eb7a049-5d17-4a23-bb2f-3b9c445afd32,SAMMS-Elizabethtown
202608252121598980,202608251925574183,202608251925573776,85,2908,Bronze INV,br_OrientationChecklistNew,TASK_COMPLETE,SUCCESS,INFO,0,0,0,,2026-08-25T19:26:03.177Z,2026-08-25T21:23:56.829Z,7073,2026-08-25T21:23:56.829Z,FAY,Fayetteville,7eb7a049-5d17-4a23-bb2f-3b9c445afd32,SAMMS-Fayetteville
202608252121598981,202608251925574184,202608251925573776,85,2909,Bronze INV,br_OrientationChecklistNew,TASK_COMPLETE,SUCCESS,INFO,110,110,0,,2026-08-25T19:26:03.177Z,2026-08-25T21:23:56.829Z,7073,2026-08-25T21:23:56.829Z,FR,Frankfort,7eb7a049-5d17-4a23-bb2f-3b9c445afd32,SAMMS-Frankfort
202608252121598982,202608251925574185,202608251925573776,85,2910,Bronze INV,br_OrientationChecklistNew,TASK_COMPLETE,SUCCESS,INFO,0,0,0,,2026-08-25T19:26:03.177Z,2026-08-25T21:23:56.829Z,7073,2026-08-25T21:23:56.829Z,FS,Fort Smith,7eb7a049-5d17-4a23-bb2f-3b9c445afd32,SAMMS-FortSmith
202608252121598984,202608251925574186,202608251925573776,85,2911,Bronze INV,br_OrientationChecklistNew,TASK_COMPLETE,SUCCESS,INFO,198,198,0,,2026-08-25T19:26:03.177Z,2026-08-25T21:23:56.829Z,7073,2026-08-25T21:23:56.829Z,FW,Fort Wayne,7eb7a049-5d17-4a23-bb2f-3b9c445afd32,SAMMS-FortWayne
202608252121598985,202608251925574187,202608251925573776,85,2912,Bronze INV,br_OrientationChecklistNew,TASK_COMPLETE,SUCCESS,INFO,17,17,0,,2026-08-25T19:26:03.177Z,2026-08-25T21:23:56.829Z,7073,2026-08-25T21:23:56.829Z,GAL,Gaylord,7eb7a049-5d17-4a23-bb2f-3b9c445afd32,SAMMS-Gaylord
202608252121598986,202608251925574188,202608251925573776,85,2916,Bronze INV,br_OrientationChecklistNew,TASK_COMPLETE,SUCCESS,INFO,124,124,0,,2026-08-25T19:26:03.177Z,2026-08-25T21:23:56.829Z,7073,2026-08-25T21:23:56.829Z,HGT,Hagerstown,7eb7a049-5d17-4a23-bb2f-3b9c445afd32,SAMMS-Hagerstown
202608252121598987,202608251925574189,202608251925573776,85,2917,Bronze INV,br_OrientationChecklistNew,TASK_COMPLETE,SUCCESS,INFO,93,93,0,,2026-08-25T19:26:03.177Z,2026-08-25T21:23:56.829Z,7073,2026-08-25T21:23:56.829Z,HNT,Huntsville,7eb7a049-5d17-4a23-bb2f-3b9c445afd32,SAMMS-Huntsville
202608252121598988,202608251925574190,202608251925573776,85,2918,Bronze INV,br_OrientationChecklistNew,TASK_COMPLETE,SUCCESS,INFO,0,0,0,,2026-08-25T19:26:03.177Z,2026-08-25T21:23:56.829Z,7073,2026-08-25T21:23:56.829Z,HS,Hot Springs,7eb7a049-5d17-4a23-bb2f-3b9c445afd32,SAMMS-HotSprings
202608252121598989,202608251925574191,202608251925573776,85,2919,Bronze INV,br_OrientationChecklistNew,TASK_COMPLETE,SUCCESS,INFO,0,0,0,,2026-08-25T19:26:03.177Z,2026-08-25T21:23:56.829Z,7073,2026-08-25T21:23:56.829Z,JON,Jonesboro,7eb7a049-5d17-4a23-bb2f-3b9c445afd32,SAMMS-Jonesboro
202608252121598991,202608251925574192,202608251925573776,85,2921,Bronze INV,br_OrientationChecklistNew,TASK_COMPLETE,SUCCESS,INFO,14,14,0,,2026-08-25T19:26:03.177Z,2026-08-25T21:23:56.829Z,7073,2026-08-25T21:23:56.829Z,LAN,Lansing,7eb7a049-5d17-4a23-bb2f-3b9c445afd32,SAMMS-Lansing
202608252121598992,202608251925574193,202608251925573776,85,2922,Bronze INV,br_OrientationChecklistNew,TASK_COMPLETE,SUCCESS,INFO,181,181,0,,2026-08-25T19:26:03.177Z,2026-08-25T21:23:56.829Z,7073,2026-08-25T21:23:56.829Z,LO,Louisville,7eb7a049-5d17-4a23-bb2f-3b9c445afd32,SAMMS-Louisville
202608252121598993,202608251925574194,202608251925573776,85,2923,Bronze INV,br_OrientationChecklistNew,TASK_COMPLETE,SUCCESS,INFO,343,343,0,,2026-08-25T19:26:03.177Z,2026-08-25T21:23:56.829Z,7073,2026-08-25T21:23:56.829Z,LV1,Cheyenne,7eb7a049-5d17-4a23-bb2f-3b9c445afd32,SAMMS-Cheyenne
202608252121598994,202608251925574195,202608251925573776,85,2924,Bronze INV,br_OrientationChecklistNew,TASK_COMPLETE,SUCCESS,INFO,189,189,0,,2026-08-25T19:26:03.177Z,2026-08-25T21:23:56.829Z,7073,2026-08-25T21:23:56.829Z,LV2,Desert Inn,7eb7a049-5d17-4a23-bb2f-3b9c445afd32,SAMMS-DesertInn
202608252121598995,202608251925574196,202608251925573776,85,2925,Bronze INV,br_OrientationChecklistNew,TASK_COMPLETE,SUCCESS,INFO,89,89,0,,2026-08-25T19:26:03.177Z,2026-08-25T21:23:56.829Z,7073,2026-08-25T21:23:56.829Z,LV3,McDaniel,7eb7a049-5d17-4a23-bb2f-3b9c445afd32,SAMMS-McDaniel
202608252121598996,202608251925574197,202608251925573776,85,2928,Bronze INV,br_OrientationChecklistNew,TASK_COMPLETE,SUCCESS,INFO,90,90,0,,2026-08-25T19:26:03.177Z,2026-08-25T21:23:56.829Z,7073,2026-08-25T21:23:56.829Z,MNRE,Monroe,7eb7a049-5d17-4a23-bb2f-3b9c445afd32,SAMMS-Monroe
202608252121598998,202608251925574198,202608251925573776,85,2929,Bronze INV,br_OrientationChecklistNew,TASK_COMPLETE,SUCCESS,INFO,11,11,0,,2026-08-25T19:26:03.177Z,2026-08-25T21:23:56.829Z,7073,2026-08-25T21:23:56.829Z,MP,Mt. Pleasant,7eb7a049-5d17-4a23-bb2f-3b9c445afd32,SAMMS-MtPleasant
202608252121598999,202608251925574199,202608251925573776,85,2930,Bronze INV,br_OrientationChecklistNew,TASK_COMPLETE,SUCCESS,INFO,72,72,0,,2026-08-25T19:26:03.177Z,2026-08-25T21:23:56.829Z,7073,2026-08-25T21:23:56.829Z,MRD,Meridian,7eb7a049-5d17-4a23-bb2f-3b9c445afd32,SAMMS-Meridian
202608252121599000,202608251925574200,202608251925573776,85,2935,Bronze INV,br_OrientationChecklistNew,TASK_COMPLETE,SUCCESS,INFO,157,157,0,,2026-08-25T19:26:03.177Z,2026-08-25T21:23:56.829Z,7073,2026-08-25T21:23:56.829Z,NC,North Charleston,7eb7a049-5d17-4a23-bb2f-3b9c445afd32,SAMMS-NorthCharleston
202608252121599001,202608251925574201,202608251925573776,85,2936,Bronze INV,br_OrientationChecklistNew,TASK_COMPLETE,SUCCESS,INFO,0,0,0,,2026-08-25T19:26:03.177Z,2026-08-25T21:23:56.829Z,7073,2026-08-25T21:23:56.829Z,NLR,N. Little Rock,7eb7a049-5d17-4a23-bb2f-3b9c445afd32,SAMMS-NLROBOT
202608252121599002,202608251925574202,202608251925573776,85,2941,Bronze INV,br_OrientationChecklistNew,TASK_COMPLETE,SUCCESS,INFO,124,124,0,,2026-08-25T19:26:03.177Z,2026-08-25T21:23:56.829Z,7073,2026-08-25T21:23:56.829Z,RE,Reno,7eb7a049-5d17-4a23-bb2f-3b9c445afd32,SAMMS-Reno
202608252121599003,202608251925574203,202608251925573776,85,2942,Bronze INV,br_OrientationChecklistNew,TASK_COMPLETE,SUCCESS,INFO,215,215,0,,2026-08-25T19:26:03.177Z,2026-08-25T21:23:56.829Z,7073,2026-08-25T21:23:56.829Z,RMD,Richmond,7eb7a049-5d17-4a23-bb2f-3b9c445afd32,SAMMS-Richmond
202608252121599005,202608251925574204,202608251925573776,85,2943,Bronze INV,br_OrientationChecklistNew,TASK_COMPLETE,SUCCESS,INFO,179,179,0,,2026-08-25T19:26:03.177Z,2026-08-25T21:23:56.829Z,7073,2026-08-25T21:23:56.829Z,SFN,Springfield North,7eb7a049-5d17-4a23-bb2f-3b9c445afd32,SAMMS-SFNv5
202608252121599006,202608251925574205,202608251925573776,85,2944,Bronze INV,br_OrientationChecklistNew,TASK_COMPLETE,SUCCESS,INFO,141,141,0,,2026-08-25T19:26:03.177Z,2026-08-25T21:23:56.829Z,7073,2026-08-25T21:23:56.829Z,SHP,Shreveport,7eb7a049-5d17-4a23-bb2f-3b9c445afd32,SAMMS-Shreveport
202608252121599007,202608251925574206,202608251925573776,85,2946,Bronze INV,br_OrientationChecklistNew,TASK_COMPLETE,SUCCESS,INFO,105,105,0,,2026-08-25T19:26:03.177Z,2026-08-25T21:23:56.829Z,7073,2026-08-25T21:23:56.829Z,STN,Staunton,7eb7a049-5d17-4a23-bb2f-3b9c445afd32,SAMMS-Staunton
202608252121599008,202608251925574207,202608251925573776,85,2947,Bronze INV,br_OrientationChecklistNew,TASK_COMPLETE,SUCCESS,INFO,26,26,0,,2026-08-25T19:26:03.177Z,2026-08-25T21:23:56.829Z,7073,2026-08-25T21:23:56.829Z,STVN,Stevenson,7eb7a049-5d17-4a23-bb2f-3b9c445afd32,SAMMS-Stevenson
202608252121599009,202608251925574208,202608251925573776,85,2950,Bronze INV,br_OrientationChecklistNew,TASK_COMPLETE,SUCCESS,INFO,0,0,0,,2026-08-25T19:26:03.177Z,2026-08-25T21:23:56.829Z,7073,2026-08-25T21:23:56.829Z,TEX,Texarkana,7eb7a049-5d17-4a23-bb2f-3b9c445afd32,SAMMS-Texarkana
202608252121599010,202608251925574209,202608251925573776,85,2951,Bronze INV,br_OrientationChecklistNew,TASK_COMPLETE,SUCCESS,INFO,103,103,0,,2026-08-25T19:26:03.177Z,2026-08-25T21:23:56.829Z,7073,2026-08-25T21:23:56.829Z,TTCA,Bessemer,7eb7a049-5d17-4a23-bb2f-3b9c445afd32,SAMMS-BessemerV5
202608252121599011,202608251925574210,202608251925573776,85,2952,Bronze INV,br_OrientationChecklistNew,TASK_COMPLETE,SUCCESS,INFO,75,75,0,,2026-08-25T19:26:03.177Z,2026-08-25T21:23:56.829Z,7073,2026-08-25T21:23:56.829Z,TTCB,Cullman,7eb7a049-5d17-4a23-bb2f-3b9c445afd32,SAMMS-CullmanV5
202608252121599013,202608251925574211,202608251925573776,85,2953,Bronze INV,br_OrientationChecklistNew,TASK_COMPLETE,SUCCESS,INFO,70,70,0,,2026-08-25T19:26:03.177Z,2026-08-25T21:23:56.829Z,7073,2026-08-25T21:23:56.829Z,TTCC,Grand Bay,7eb7a049-5d17-4a23-bb2f-3b9c445afd32,SAMMS-GrandBay
202608252121599014,202608251925574212,202608251925573776,85,2956,Bronze INV,br_OrientationChecklistNew,TASK_COMPLETE,SUCCESS,INFO,103,103,0,,2026-08-25T19:26:03.177Z,2026-08-25T21:23:56.829Z,7073,2026-08-25T21:23:56.829Z,V1,Memphis South,7eb7a049-5d17-4a23-bb2f-3b9c445afd32,SAMMS-VCPHCS-I-MemphisV5
202608252121599015,202608251925574213,202608251925573776,85,2957,Bronze INV,br_OrientationChecklistNew,TASK_COMPLETE,SUCCESS,INFO,117,117,0,,2026-08-25T19:26:03.177Z,2026-08-25T21:23:56.829Z,7073,2026-08-25T21:23:56.829Z,V10,Longmont,7eb7a049-5d17-4a23-bb2f-3b9c445afd32,SAMMS-BoulderV5
202608252121599016,202608251925574214,202608251925573776,85,2958,Bronze INV,br_OrientationChecklistNew,TASK_COMPLETE,SUCCESS,INFO,219,219,0,,2026-08-25T19:26:03.177Z,2026-08-25T21:23:56.829Z,7073,2026-08-25T21:23:56.829Z,V10A,Fort Collins,7eb7a049-5d17-4a23-bb2f-3b9c445afd32,SAMMS-FortCollinsV5
202608252121599017,202608251925574215,202608251925573776,85,2959,Bronze INV,br_OrientationChecklistNew,TASK_COMPLETE,SUCCESS,INFO,114,114,0,,2026-08-25T19:26:03.177Z,2026-08-25T21:23:56.829Z,7073,2026-08-25T21:23:56.829Z,V11,Westminster,7eb7a049-5d17-4a23-bb2f-3b9c445afd32,SAMMS-VCPHCS-XI-NorthDenverV5
202608252121599018,202608251925574216,202608251925573776,85,2960,Bronze INV,br_OrientationChecklistNew,TASK_COMPLETE,SUCCESS,INFO,125,125,0,,2026-08-25T19:26:03.177Z,2026-08-25T21:23:56.829Z,7073,2026-08-25T21:23:56.829Z,V12,Downtown Denver,7eb7a049-5d17-4a23-bb2f-3b9c445afd32,SAMMS-VCPHCS-XII-DowntownDenverV5
202608252121599020,202608251925574217,202608251925573776,85,2961,Bronze INV,br_OrientationChecklistNew,TASK_COMPLETE,SUCCESS,INFO,63,63,0,,2026-08-25T19:26:03.177Z,2026-08-25T21:23:56.829Z,7073,2026-08-25T21:23:56.829Z,V12A,Centennial,7eb7a049-5d17-4a23-bb2f-3b9c445afd32,SAMMS-CentennialV5
202608252121599021,202608251925574218,202608251925573776,85,2962,Bronze INV,br_OrientationChecklistNew,TASK_COMPLETE,SUCCESS,INFO,112,112,0,,2026-08-25T19:26:03.177Z,2026-08-25T21:23:56.829Z,7073,2026-08-25T21:23:56.829Z,V14,Overland Park,7eb7a049-5d17-4a23-bb2f-3b9c445afd32,SAMMS-VCPHCS-XIV-BridgewayV5
202608252121599022,202608251925574219,202608251925573776,85,2963,Bronze INV,br_OrientationChecklistNew,TASK_COMPLETE,SUCCESS,INFO,158,158,0,,2026-08-25T19:26:03.177Z,2026-08-25T21:23:56.829Z,7073,2026-08-25T21:23:56.829Z,V15,Joplin,7eb7a049-5d17-4a23-bb2f-3b9c445afd32,SAMMS-JoplinV5
202608252121599023,202608251925574220,202608251925573776,85,2965,Bronze INV,br_OrientationChecklistNew,TASK_COMPLETE,SUCCESS,INFO,60,60,0,,2026-08-25T19:26:03.177Z,2026-08-25T21:23:56.829Z,7073,2026-08-25T21:23:56.829Z,V17,Columbia TN,7eb7a049-5d17-4a23-bb2f-3b9c445afd32,SAMMS-ColumbiaTNv5
202608252121599024,202608251925574221,202608251925573776,85,2967,Bronze INV,br_OrientationChecklistNew,TASK_COMPLETE,SUCCESS,INFO,89,89,0,,2026-08-25T19:26:03.177Z,2026-08-25T21:23:56.829Z,7073,2026-08-25T21:23:56.829Z,V19,Jackson,7eb7a049-5d17-4a23-bb2f-3b9c445afd32,SAMMS-JacksonV5
202608252121599025,202608251925574222,202608251925573776,85,2969,Bronze INV,br_OrientationChecklistNew,TASK_COMPLETE,SUCCESS,INFO,70,70,0,,2026-08-25T19:26:03.177Z,2026-08-25T21:23:56.829Z,7073,2026-08-25T21:23:56.829Z,V20,Paris,7eb7a049-5d17-4a23-bb2f-3b9c445afd32,SAMMS-ParisV5
202608252121599189,202608251925575602,202608251925573776,85,3153,Bronze INV,br_ReAssessment,TASK_COMPLETE,SUCCESS,INFO,0,0,0,,2026-08-25T19:26:03.177Z,2026-08-25T21:23:56.829Z,7073,2026-08-25T21:23:56.829Z,V20,Paris,7eb7a049-5d17-4a23-bb2f-3b9c445afd32,SAMMS-ParisV5
202608252121599190,202608251925575603,202608251925573776,85,3154,Bronze INV,br_ReAssessment,TASK_COMPLETE,SUCCESS,INFO,0,0,0,,2026-08-25T19:26:03.177Z,2026-08-25T21:23:56.829Z,7073,2026-08-25T21:23:56.829Z,V21,Memphis North,7eb7a049-5d17-4a23-bb2f-3b9c445afd32,SAMMS-RaleighV5
202608252121599192,202608251925575604,202608251925573776,85,3157,Bronze INV,br_ReAssessment,TASK_COMPLETE,SUCCESS,INFO,0,0,0,,2026-08-25T19:26:03.177Z,2026-08-25T21:23:56.829Z,7073,2026-08-25T21:23:56.829Z,V5,West Bank,7eb7a049-5d17-4a23-bb2f-3b9c445afd32,SAMMS-NONTCv5
202608252121599193,202608251925575605,202608251925573776,85,3159,Bronze INV,br_ReAssessment,TASK_COMPLETE,SUCCESS,INFO,0,0,0,,2026-08-25T19:26:03.177Z,2026-08-25T21:23:56.829Z,7073,2026-08-25T21:23:56.829Z,V5B,Houma,7eb7a049-5d17-4a23-bb2f-3b9c445afd32,SAMMS-HoumaV6
202608252121599194,202608251925575606,202608251925573776,85,3160,Bronze INV,br_ReAssessment,TASK_COMPLETE,SUCCESS,INFO,0,0,0,,2026-08-25T19:26:03.177Z,2026-08-25T21:23:56.829Z,7073,2026-08-25T21:23:56.829Z,V6,Lake Charles,7eb7a049-5d17-4a23-bb2f-3b9c445afd32,SAMMS-LCv5
202608252121599195,202608251925575607,202608251925573776,85,3162,Bronze INV,br_ReAssessment,TASK_COMPLETE,SUCCESS,INFO,0,0,0,,2026-08-25T19:26:03.177Z,2026-08-25T21:23:56.829Z,7073,2026-08-25T21:23:56.829Z,V8,Memphis Midtown,7eb7a049-5d17-4a23-bb2f-3b9c445afd32,SAMMS-VCPHCS-VIII-MemphisV5
202608252121599196,202608251925575608,202608251925573776,85,3163,Bronze INV,br_ReAssessment,TASK_COMPLETE,SUCCESS,INFO,0,0,0,,2026-08-25T19:26:03.177Z,2026-08-25T21:23:56.829Z,7073,2026-08-25T21:23:56.829Z,V9,Nashville,7eb7a049-5d17-4a23-bb2f-3b9c445afd32,SAMMS-NashvilleV5
202608252121599197,202608251925575609,202608251925573776,85,3164,Bronze INV,br_ReAssessment,TASK_COMPLETE,SUCCESS,INFO,0,0,0,,2026-08-25T19:26:03.177Z,2026-08-25T21:23:56.829Z,7073,2026-08-25T21:23:56.829Z,VBRA,Brainerd,7eb7a049-5d17-4a23-bb2f-3b9c445afd32,SAMMS-BrainerdV6
202608252121599199,202608251925575610,202608251925573776,85,3165,Bronze INV,br_ReAssessment,TASK_COMPLETE,SUCCESS,INFO,0,0,0,,2026-08-25T19:26:03.177Z,2026-08-25T21:23:56.829Z,7073,2026-08-25T21:23:56.829Z,VBRP,Brooklyn Park,7eb7a049-5d17-4a23-bb2f-3b9c445afd32,SAMMS-BrooklynParkV6
202608252121599200,202608251925575611,202608251925573776,85,3167,Bronze INV,br_ReAssessment,TASK_COMPLETE,SUCCESS,INFO,0,0,0,,2026-08-25T19:26:03.177Z,2026-08-25T21:23:56.829Z,7073,2026-08-25T21:23:56.829Z,VMIN,Minneapolis,7eb7a049-5d17-4a23-bb2f-3b9c445afd32,SAMMS-MinneapolisV6
202608252121599201,202608251925575612,202608251925573776,85,3168,Bronze INV,br_ReAssessment,TASK_COMPLETE,SUCCESS,INFO,0,0,0,,2026-08-25T19:26:03.177Z,2026-08-25T21:23:56.829Z,7073,2026-08-25T21:23:56.829Z,VWBY,Woodbury,7eb7a049-5d17-4a23-bb2f-3b9c445afd32,SAMMS-WoodburyV6
202608252121599202,202608251925575613,202608251925573776,85,3170,Bronze INV,br_ReAssessment,TASK_COMPLETE,SUCCESS,INFO,0,0,0,,2026-08-25T19:26:03.177Z,2026-08-25T21:23:56.829Z,7073,2026-08-25T21:23:56.829Z,WIL,Wilson,7eb7a049-5d17-4a23-bb2f-3b9c445afd32,SAMMS-Wilson
202608252121599304,202608251925673785,202608251925673776,86,5728,Silver INV,sl_ReAssessment,TASK_COMPLETE,SUCCESS,INFO,239,239,0,,2026-08-25T19:26:03.177Z,2026-08-25T21:23:56.829Z,7073,2026-08-25T21:23:56.829Z,,,7eb7a049-5d17-4a23-bb2f-3b9c445afd32,
202608252121599234,202608251925575729,202608251925573776,85,3174,Bronze INV,br_ReAssessmentFamily,TASK_COMPLETE,SUCCESS,INFO,35,35,0,,2026-08-25T19:26:03.177Z,2026-08-25T21:23:56.829Z,7073,2026-08-25T21:23:56.829Z,AHK,Ahoskie,7eb7a049-5d17-4a23-bb2f-3b9c445afd32,SAMMS-Ahoskie
202608252121599235,202608251925575730,202608251925573776,85,3175,Bronze INV,br_ReAssessmentFamily,TASK_COMPLETE,SUCCESS,INFO,662,662,0,,2026-08-25T19:26:03.177Z,2026-08-25T21:23:56.829Z,7073,2026-08-25T21:23:56.829Z,B12B,Colorado Springs,7eb7a049-5d17-4a23-bb2f-3b9c445afd32,SAMMS-ColoradoSpringsV5
202608252121599236,202608251925575731,202608251925573776,85,3176,Bronze INV,br_ReAssessmentFamily,TASK_COMPLETE,SUCCESS,INFO,834,834,0,,2026-08-25T19:26:03.177Z,2026-08-25T21:23:56.829Z,7073,2026-08-25T21:23:56.829Z,B24,Paintsville,7eb7a049-5d17-4a23-bb2f-3b9c445afd32,SAMMS-PaintsvilleV5
202608252121599237,202608251925575732,202608251925573776,85,3177,Bronze INV,br_ReAssessmentFamily,TASK_COMPLETE,SUCCESS,INFO,645,645,0,,2026-08-25T19:26:03.177Z,2026-08-25T21:23:56.829Z,7073,2026-08-25T21:23:56.829Z,B25,Pikeville,7eb7a049-5d17-4a23-bb2f-3b9c445afd32,SAMMS-PikevilleV5
202608252121599239,202608251925575733,202608251925573776,85,3178,Bronze INV,br_ReAssessmentFamily,TASK_COMPLETE,SUCCESS,INFO,971,971,0,,2026-08-25T19:26:03.177Z,2026-08-25T21:23:56.829Z,7073,2026-08-25T21:23:56.829Z,B26,Hazard,7eb7a049-5d17-4a23-bb2f-3b9c445afd32,SAMMS-HazardV5
202608252121599240,202608251925575734,202608251925573776,85,3179,Bronze INV,br_ReAssessmentFamily,TASK_COMPLETE,SUCCESS,INFO,530,530,0,,2026-08-25T19:26:03.177Z,2026-08-25T21:23:56.829Z,7073,2026-08-25T21:23:56.829Z,B27,Savannah,7eb7a049-5d17-4a23-bb2f-3b9c445afd32,SAMMS-SavannahV6
202608252121599241,202608251925575735,202608251925573776,85,3180,Bronze INV,br_ReAssessmentFamily,TASK_COMPLETE,SUCCESS,INFO,246,246,0,,2026-08-25T19:26:03.177Z,2026-08-25T21:23:56.829Z,7073,2026-08-25T21:23:56.829Z,B28,West Plains,7eb7a049-5d17-4a23-bb2f-3b9c445afd32,SAMMS-WestPlainesV5
202608252121599242,202608251925575736,202608251925573776,85,3181,Bronze INV,br_ReAssessmentFamily,TASK_COMPLETE,SUCCESS,INFO,461,461,0,,2026-08-25T19:26:03.177Z,2026-08-25T21:23:56.829Z,7073,2026-08-25T21:23:56.829Z,B29,Poplar Bluff,7eb7a049-5d17-4a23-bb2f-3b9c445afd32,SAMMS-PoplarBluffV5
202608252121599243,202608251925575737,202608251925573776,85,3182,Bronze INV,br_ReAssessmentFamily,TASK_COMPLETE,SUCCESS,INFO,78,78,0,,2026-08-25T19:26:03.177Z,2026-08-25T21:23:56.829Z,7073,2026-08-25T21:23:56.829Z,B30,KC North,7eb7a049-5d17-4a23-bb2f-3b9c445afd32,SAMMS-KCNv5
202608252121599244,202608251925575738,202608251925573776,85,3183,Bronze INV,br_ReAssessmentFamily,TASK_COMPLETE,SUCCESS,INFO,400,400,0,,2026-08-25T19:26:03.177Z,2026-08-25T21:23:56.829Z,7073,2026-08-25T21:23:56.829Z,B31,Dyersburg,7eb7a049-5d17-4a23-bb2f-3b9c445afd32,SAMMS-DyersburgV5
202608252121599246,202608251925575739,202608251925573776,85,3185,Bronze INV,br_ReAssessmentFamily,TASK_COMPLETE,SUCCESS,INFO,487,487,0,,2026-08-25T19:26:03.177Z,2026-08-25T21:23:56.829Z,7073,2026-08-25T21:23:56.829Z,B33,Paducah,7eb7a049-5d17-4a23-bb2f-3b9c445afd32,SAMMS-Paducah
202608252121599247,202608251925575740,202608251925573776,85,3186,Bronze INV,br_ReAssessmentFamily,TASK_COMPLETE,SUCCESS,INFO,383,383,0,,2026-08-25T19:26:03.177Z,2026-08-25T21:23:56.829Z,7073,2026-08-25T21:23:56.829Z,B34,Corbin,7eb7a049-5d17-4a23-bb2f-3b9c445afd32,SAMMS-CorbinV5
202608252121599248,202608251925575741,202608251925573776,85,3187,Bronze INV,br_ReAssessmentFamily,TASK_COMPLETE,SUCCESS,INFO,240,240,0,,2026-08-25T19:26:03.177Z,2026-08-25T21:23:56.829Z,7073,2026-08-25T21:23:56.829Z,B35,Lexington,7eb7a049-5d17-4a23-bb2f-3b9c445afd32,SAMMS-LexingtonV5
202608252121599249,202608251925575742,202608251925573776,85,3188,Bronze INV,br_ReAssessmentFamily,TASK_COMPLETE,SUCCESS,INFO,77,77,0,,2026-08-25T19:26:03.177Z,2026-08-25T21:23:56.829Z,7073,2026-08-25T21:23:56.829Z,B35A,Berea,7eb7a049-5d17-4a23-bb2f-3b9c445afd32,SAMMS-BereaV5
202608252121599250,202608251925575743,202608251925573776,85,3189,Bronze INV,br_ReAssessmentFamily,TASK_COMPLETE,SUCCESS,INFO,20,20,0,,2026-08-25T19:26:03.177Z,2026-08-25T21:23:56.829Z,7073,2026-08-25T21:23:56.829Z,B36,Asheville,7eb7a049-5d17-4a23-bb2f-3b9c445afd32,SAMMS-AshevilleV5
202608252121599251,202608251925575744,202608251925573776,85,3190,Bronze INV,br_ReAssessmentFamily,TASK_COMPLETE,SUCCESS,INFO,1,1,0,,2026-08-25T19:26:03.177Z,2026-08-25T21:23:56.829Z,7073,2026-08-25T21:23:56.829Z,B37,Clyde,7eb7a049-5d17-4a23-bb2f-3b9c445afd32,SAMMS-ClydeV5
202608252121599252,202608251925575745,202608251925573776,85,3191,Bronze INV,br_ReAssessmentFamily,TASK_COMPLETE,SUCCESS,INFO,1186,1186,0,,2026-08-25T19:26:03.177Z,2026-08-25T21:23:56.829Z,7073,2026-08-25T21:23:56.829Z,B38,Spartanburg,7eb7a049-5d17-4a23-bb2f-3b9c445afd32,SAMMS-SpartanburgV5
202608252121599254,202608251925575746,202608251925573776,85,3192,Bronze INV,br_ReAssessmentFamily,TASK_COMPLETE,SUCCESS,INFO,362,362,0,,2026-08-25T19:26:03.177Z,2026-08-25T21:23:56.829Z,7073,2026-08-25T21:23:56.829Z,B39,Aiken,7eb7a049-5d17-4a23-bb2f-3b9c445afd32,SAMMS-AikenV5
202608252121599255,202608251925575747,202608251925573776,85,3193,Bronze INV,br_ReAssessmentFamily,TASK_COMPLETE,SUCCESS,INFO,1888,1888,0,,2026-08-25T19:26:03.177Z,2026-08-25T21:23:56.829Z,7073,2026-08-25T21:23:56.829Z,B41,Chesapeake,7eb7a049-5d17-4a23-bb2f-3b9c445afd32,SAMMS-ChesapeakeV5
202608252121599256,202608251925575748,202608251925573776,85,3194,Bronze INV,br_ReAssessmentFamily,TASK_COMPLETE,SUCCESS,INFO,1917,1917,0,,2026-08-25T19:26:03.177Z,2026-08-25T21:23:56.829Z,7073,2026-08-25T21:23:56.829Z,B42,Virginia Beach,7eb7a049-5d17-4a23-bb2f-3b9c445afd32,SAMMS-VirginiaBeachV5
202608252121599257,202608251925575749,202608251925573776,85,3195,Bronze INV,br_ReAssessmentFamily,TASK_COMPLETE,SUCCESS,INFO,926,926,0,,2026-08-25T19:26:03.177Z,2026-08-25T21:23:56.829Z,7073,2026-08-25T21:23:56.829Z,B42A,Newport News,7eb7a049-5d17-4a23-bb2f-3b9c445afd32,SAMMS-NewportNewsV5
202608252121599258,202608251925575750,202608251925573776,85,3196,Bronze INV,br_ReAssessmentFamily,TASK_COMPLETE,SUCCESS,INFO,507,507,0,,2026-08-25T19:26:03.177Z,2026-08-25T21:23:56.829Z,7073,2026-08-25T21:23:56.829Z,B42B,Franklin,7eb7a049-5d17-4a23-bb2f-3b9c445afd32,SAMMS-FranklinV5
202608252121599259,202608251925575751,202608251925573776,85,3197,Bronze INV,br_ReAssessmentFamily,TASK_COMPLETE,SUCCESS,INFO,342,342,0,,2026-08-25T19:26:03.177Z,2026-08-25T21:23:56.829Z,7073,2026-08-25T21:23:56.829Z,B42C,Glen Allen,7eb7a049-5d17-4a23-bb2f-3b9c445afd32,SAMMS-GlenAllenV5
202608252121599261,202608251925575752,202608251925573776,85,3198,Bronze INV,br_ReAssessmentFamily,TASK_COMPLETE,SUCCESS,INFO,1481,1481,0,,2026-08-25T19:26:03.177Z,2026-08-25T21:23:56.829Z,7073,2026-08-25T21:23:56.829Z,B42D,Chesapeake South,7eb7a049-5d17-4a23-bb2f-3b9c445afd32,SAMMS-ChesapeakeSouthV5
202608252121599262,202608251925575753,202608251925573776,85,3199,Bronze INV,br_ReAssessmentFamily,TASK_COMPLETE,SUCCESS,INFO,632,632,0,,2026-08-25T19:26:03.177Z,2026-08-25T21:23:56.829Z,7073,2026-08-25T21:23:56.829Z,B44,Albany,7eb7a049-5d17-4a23-bb2f-3b9c445afd32,SAMMS-AlbanyV5
202608252121599263,202608251925575754,202608251925573776,85,3200,Bronze INV,br_ReAssessmentFamily,TASK_COMPLETE,SUCCESS,INFO,1270,1270,0,,2026-08-25T19:26:03.177Z,2026-08-25T21:23:56.829Z,7073,2026-08-25T21:23:56.829Z,B45,Tifton,7eb7a049-5d17-4a23-bb2f-3b9c445afd32,SAMMS-TiftonV5
202608252121599264,202608251925575755,202608251925573776,85,3201,Bronze INV,br_ReAssessmentFamily,TASK_COMPLETE,SUCCESS,INFO,587,587,0,,2026-08-25T19:26:03.177Z,2026-08-25T21:23:56.829Z,7073,2026-08-25T21:23:56.829Z,B46,Washington DC,7eb7a049-5d17-4a23-bb2f-3b9c445afd32,SAMMS-WashingtonDCv5
202608252121599265,202608251925575756,202608251925573776,85,3202,Bronze INV,br_ReAssessmentFamily,TASK_COMPLETE,SUCCESS,INFO,1570,1570,0,,2026-08-25T19:26:03.177Z,2026-08-25T21:23:56.829Z,7073,2026-08-25T21:23:56.829Z,B47,Mobile,7eb7a049-5d17-4a23-bb2f-3b9c445afd32,SAMMS-MobileV5
202608252121599266,202608251925575757,202608251925573776,85,3203,Bronze INV,br_ReAssessmentFamily,TASK_COMPLETE,SUCCESS,INFO,1297,1297,0,,2026-08-25T19:26:03.177Z,2026-08-25T21:23:56.829Z,7073,2026-08-25T21:23:56.829Z,B48,Tuscaloosa,7eb7a049-5d17-4a23-bb2f-3b9c445afd32,SAMMS-TuscaloosaV5
202608252121599268,202608251925575758,202608251925573776,85,3212,Bronze INV,br_ReAssessmentFamily,TASK_COMPLETE,SUCCESS,INFO,2,2,0,,2026-08-25T19:26:03.177Z,2026-08-25T21:23:56.829Z,7073,2026-08-25T21:23:56.829Z,B51,N. Little Rock (OTP),7eb7a049-5d17-4a23-bb2f-3b9c445afd32,SAMMS-NorthLittleRockV6
202608252121599269,202608251925575759,202608251925573776,85,3213,Bronze INV,br_ReAssessmentFamily,TASK_COMPLETE,SUCCESS,INFO,456,456,0,,2026-08-25T19:26:03.177Z,2026-08-25T21:23:56.829Z,7073,2026-08-25T21:23:56.829Z,B52,Jackson GA,7eb7a049-5d17-4a23-bb2f-3b9c445afd32,SAMMS-JacksonGAV5
202608252121599270,202608251925575760,202608251925573776,85,3214,Bronze INV,br_ReAssessmentFamily,TASK_COMPLETE,SUCCESS,INFO,1708,1708,0,,2026-08-25T19:26:03.177Z,2026-08-25T21:23:56.829Z,7073,2026-08-25T21:23:56.829Z,B54,Gadsden,7eb7a049-5d17-4a23-bb2f-3b9c445afd32,SAMMS-GadsdenV5
202608252121599271,202608251925575761,202608251925573776,85,3215,Bronze INV,br_ReAssessmentFamily,TASK_COMPLETE,SUCCESS,INFO,950,950,0,,2026-08-25T19:26:03.177Z,2026-08-25T21:23:56.829Z,7073,2026-08-25T21:23:56.829Z,B55,Shoals,7eb7a049-5d17-4a23-bb2f-3b9c445afd32,SAMMS-ShoalsV5
202608252121599272,202608251925575762,202608251925573776,85,3216,Bronze INV,br_ReAssessmentFamily,TASK_COMPLETE,SUCCESS,INFO,294,294,0,,2026-08-25T19:26:03.177Z,2026-08-25T21:23:56.829Z,7073,2026-08-25T21:23:56.829Z,B57,Pawtucket,7eb7a049-5d17-4a23-bb2f-3b9c445afd32,SAMMS-Pawtucket
202608252121599273,202608251925575763,202608251925573776,85,3217,Bronze INV,br_ReAssessmentFamily,TASK_COMPLETE,SUCCESS,INFO,551,551,0,,2026-08-25T19:26:03.177Z,2026-08-25T21:23:56.829Z,7073,2026-08-25T21:23:56.829Z,B57A,Johnston,7eb7a049-5d17-4a23-bb2f-3b9c445afd32,SAMMS-Johnston
202608252121599275,202608251925575764,202608251925573776,85,3218,Bronze INV,br_ReAssessmentFamily,TASK_COMPLETE,SUCCESS,INFO,166,166,0,,2026-08-25T19:26:03.177Z,2026-08-25T21:23:56.829Z,7073,2026-08-25T21:23:56.829Z,B57B,Middletown,7eb7a049-5d17-4a23-bb2f-3b9c445afd32,SAMMS-Middletown
202608252121599276,202608251925575765,202608251925573776,85,3219,Bronze INV,br_ReAssessmentFamily,TASK_COMPLETE,SUCCESS,INFO,413,413,0,,2026-08-25T19:26:03.177Z,2026-08-25T21:23:56.829Z,7073,2026-08-25T21:23:56.829Z,B57C,Providence,7eb7a049-5d17-4a23-bb2f-3b9c445afd32,SAMMS-Providence
202608252121599277,202608251925575766,202608251925573776,85,3220,Bronze INV,br_ReAssessmentFamily,TASK_COMPLETE,SUCCESS,INFO,623,623,0,,2026-08-25T19:26:03.177Z,2026-08-25T21:23:56.829Z,7073,2026-08-25T21:23:56.829Z,B57D,Westerly,7eb7a049-5d17-4a23-bb2f-3b9c445afd32,SAMMS-Westerly
202608252121599278,202608251925575767,202608251925573776,85,3224,Bronze INV,br_ReAssessmentFamily,TASK_COMPLETE,SUCCESS,INFO,4,4,0,,2026-08-25T19:26:03.177Z,2026-08-25T21:23:56.829Z,7073,2026-08-25T21:23:56.829Z,B66A,Bremen,7eb7a049-5d17-4a23-bb2f-3b9c445afd32,SAMMS-Bremen
202608252121599279,202608251925575768,202608251925573776,85,3227,Bronze INV,br_ReAssessmentFamily,TASK_COMPLETE,SUCCESS,INFO,0,0,0,,2026-08-25T19:26:03.177Z,2026-08-25T21:23:56.829Z,7073,2026-08-25T21:23:56.829Z,B72,Mobile (OBOT),7eb7a049-5d17-4a23-bb2f-3b9c445afd32,SAMMS-Mobile-OBOT
202608252121599280,202608251925575769,202608251925573776,85,3228,Bronze INV,br_ReAssessmentFamily,TASK_COMPLETE,SUCCESS,INFO,0,0,0,,2026-08-25T19:26:03.177Z,2026-08-25T21:23:56.829Z,7073,2026-08-25T21:23:56.829Z,B73,Montgomery,7eb7a049-5d17-4a23-bb2f-3b9c445afd32,SAMMS-Montgomery
202608252121599281,202608251925575770,202608251925573776,85,3229,Bronze INV,br_ReAssessmentFamily,TASK_COMPLETE,SUCCESS,INFO,517,517,0,,2026-08-25T19:26:03.177Z,2026-08-25T21:23:56.829Z,7073,2026-08-25T21:23:56.829Z,B75,Lawrence,7eb7a049-5d17-4a23-bb2f-3b9c445afd32,SAMMS-LawrenceV6
202608252121599283,202608251925575771,202608251925573776,85,3230,Bronze INV,br_ReAssessmentFamily,TASK_COMPLETE,SUCCESS,INFO,0,0,0,,2026-08-25T19:26:03.177Z,2026-08-25T21:23:56.829Z,7073,2026-08-25T21:23:56.829Z,B76,Huntsville OBOT,7eb7a049-5d17-4a23-bb2f-3b9c445afd32,SAMMS-Huntsville-OBOT
202608252121599284,202608251925575772,202608251925573776,85,3231,Bronze INV,br_ReAssessmentFamily,TASK_COMPLETE,SUCCESS,INFO,0,0,0,,2026-08-25T19:26:03.177Z,2026-08-25T21:23:56.829Z,7073,2026-08-25T21:23:56.829Z,BAT,Batesville,7eb7a049-5d17-4a23-bb2f-3b9c445afd32,SAMMS-Batesville
202608252121599285,202608251925575773,202608251925573776,85,3232,Bronze INV,br_ReAssessmentFamily,TASK_COMPLETE,SUCCESS,INFO,461,461,0,,2026-08-25T19:26:03.177Z,2026-08-25T21:23:56.829Z,7073,2026-08-25T21:23:56.829Z,BG,Bowling Green,7eb7a049-5d17-4a23-bb2f-3b9c445afd32,SAMMS-BowlingGreen
202608252121599286,202608251925575774,202608251925573776,85,3233,Bronze INV,br_ReAssessmentFamily,TASK_COMPLETE,SUCCESS,INFO,181,181,0,,2026-08-25T19:26:03.177Z,2026-08-25T21:23:56.829Z,7073,2026-08-25T21:23:56.829Z,BOI,Boise,7eb7a049-5d17-4a23-bb2f-3b9c445afd32,SAMMS-Boise
202608252121599287,202608251925575775,202608251925573776,85,3240,Bronze INV,br_ReAssessmentFamily,TASK_COMPLETE,SUCCESS,INFO,51,51,0,,2026-08-25T19:26:03.177Z,2026-08-25T21:23:56.829Z,7073,2026-08-25T21:23:56.829Z,CBCO,Coeur dAlene,7eb7a049-5d17-4a23-bb2f-3b9c445afd32,SAMMS-CoeurdAleneV6
202608252121599288,202608251925575776,202608251925573776,85,3259,Bronze INV,br_ReAssessmentFamily,TASK_COMPLETE,SUCCESS,INFO,0,0,0,,2026-08-25T19:26:03.177Z,2026-08-25T21:23:56.829Z,7073,2026-08-25T21:23:56.829Z,CON,Conway,7eb7a049-5d17-4a23-bb2f-3b9c445afd32,SAMMS-Conway
202608252121599290,202608251925575777,202608251925573776,85,3260,Bronze INV,br_ReAssessmentFamily,TASK_COMPLETE,SUCCESS,INFO,2575,2575,0,,2026-08-25T19:26:03.177Z,2026-08-25T21:23:56.829Z,7073,2026-08-25T21:23:56.829Z,D07,Medical Services Knox TN,7eb7a049-5d17-4a23-bb2f-3b9c445afd32,SAMMS-KnoxvilleV6
202608252121599291,202608251925575778,202608251925573776,85,3261,Bronze INV,br_ReAssessmentFamily,TASK_COMPLETE,SUCCESS,INFO,111,111,0,,2026-08-25T19:26:03.177Z,2026-08-25T21:23:56.829Z,7073,2026-08-25T21:23:56.829Z,D08,Madison,7eb7a049-5d17-4a23-bb2f-3b9c445afd32,SAMMS-MadisonV6
202608252121599292,202608251925575779,202608251925573776,85,3263,Bronze INV,br_ReAssessmentFamily,TASK_COMPLETE,SUCCESS,INFO,121,121,0,,2026-08-25T19:26:03.177Z,2026-08-25T21:23:56.829Z,7073,2026-08-25T21:23:56.829Z,D09,Murfreesboro,7eb7a049-5d17-4a23-bb2f-3b9c445afd32,SAMMS-MurfreesboroV6
202608252121599293,202608251925575780,202608251925573776,85,3264,Bronze INV,br_ReAssessmentFamily,TASK_COMPLETE,SUCCESS,INFO,335,335,0,,2026-08-25T19:26:03.177Z,2026-08-25T21:23:56.829Z,7073,2026-08-25T21:23:56.829Z,DA,Davenport,7eb7a049-5d17-4a23-bb2f-3b9c445afd32,SAMMS-Davenport
202608252121599294,202608251925575781,202608251925573776,85,3265,Bronze INV,br_ReAssessmentFamily,TASK_COMPLETE,SUCCESS,INFO,288,288,0,,2026-08-25T19:26:03.177Z,2026-08-25T21:23:56.829Z,7073,2026-08-25T21:23:56.829Z,DM,Des Moines,7eb7a049-5d17-4a23-bb2f-3b9c445afd32,SAMMS-DesMoines
202608252121599295,202608251925575782,202608251925573776,85,3267,Bronze INV,br_ReAssessmentFamily,TASK_COMPLETE,SUCCESS,INFO,530,530,0,,2026-08-25T19:26:03.177Z,2026-08-25T21:23:56.829Z,7073,2026-08-25T21:23:56.829Z,DRD-CO,Columbia MO,7eb7a049-5d17-4a23-bb2f-3b9c445afd32,SAMMS-ColumbiaV5
202608252121599297,202608251925575783,202608251925573776,85,3268,Bronze INV,br_ReAssessmentFamily,TASK_COMPLETE,SUCCESS,INFO,348,348,0,,2026-08-25T19:26:03.177Z,2026-08-25T21:23:56.829Z,7073,2026-08-25T21:23:56.829Z,DRD-KC,KC,7eb7a049-5d17-4a23-bb2f-3b9c445afd32,SAMMS-KCv5
202608252121599298,202608251925575784,202608251925573776,85,3269,Bronze INV,br_ReAssessmentFamily,TASK_COMPLETE,SUCCESS,INFO,1549,1549,0,,2026-08-25T19:26:03.177Z,2026-08-25T21:23:56.829Z,7073,2026-08-25T21:23:56.829Z,DRD-KVB,KVB,7eb7a049-5d17-4a23-bb2f-3b9c445afd32,SAMMS-KVBv5
202608252121599299,202608251925575785,202608251925573776,85,3270,Bronze INV,br_ReAssessmentFamily,TASK_COMPLETE,SUCCESS,INFO,1674,1674,0,,2026-08-25T19:26:03.177Z,2026-08-25T21:23:56.829Z,7073,2026-08-25T21:23:56.829Z,DRD-KVC,KVC,7eb7a049-5d17-4a23-bb2f-3b9c445afd32,SAMMS-KVCv5
202608252121599300,202608251925575786,202608251925573776,85,3271,Bronze INV,br_ReAssessmentFamily,TASK_COMPLETE,SUCCESS,INFO,3205,3205,0,,2026-08-25T19:26:03.177Z,2026-08-25T21:23:56.829Z,7073,2026-08-25T21:23:56.829Z,DRD-NOLA,NOLA,7eb7a049-5d17-4a23-bb2f-3b9c445afd32,SAMMS-NOLAv5
202608252121599301,202608251925575787,202608251925573776,85,3272,Bronze INV,br_ReAssessmentFamily,TASK_COMPLETE,SUCCESS,INFO,800,800,0,,2026-08-25T19:26:03.177Z,2026-08-25T21:23:56.829Z,7073,2026-08-25T21:23:56.829Z,DRD-SF,Springfield,7eb7a049-5d17-4a23-bb2f-3b9c445afd32,SAMMS-SFv5
202608252121599302,202608251925575788,202608251925573776,85,3274,Bronze INV,br_ReAssessmentFamily,TASK_COMPLETE,SUCCESS,INFO,260,260,0,,2026-08-25T19:26:03.177Z,2026-08-25T21:23:56.829Z,7073,2026-08-25T21:23:56.829Z,ELC,Elizabeth City,7eb7a049-5d17-4a23-bb2f-3b9c445afd32,SAMMS-ElizabethCity
202608252121599303,202608251925575789,202608251925573776,85,3275,Bronze INV,br_ReAssessmentFamily,TASK_COMPLETE,SUCCESS,INFO,128,128,0,,2026-08-25T19:26:03.177Z,2026-08-25T21:23:56.829Z,7073,2026-08-25T21:23:56.829Z,ET,Elizabethtown,7eb7a049-5d17-4a23-bb2f-3b9c445afd32,SAMMS-Elizabethtown
202608252121599305,202608251925575790,202608251925573776,85,3276,Bronze INV,br_ReAssessmentFamily,TASK_COMPLETE,SUCCESS,INFO,0,0,0,,2026-08-25T19:26:03.177Z,2026-08-25T21:23:56.829Z,7073,2026-08-25T21:23:56.829Z,FAY,Fayetteville,7eb7a049-5d17-4a23-bb2f-3b9c445afd32,SAMMS-Fayetteville
202608252121599306,202608251925575791,202608251925573776,85,3277,Bronze INV,br_ReAssessmentFamily,TASK_COMPLETE,SUCCESS,INFO,156,156,0,,2026-08-25T19:26:03.177Z,2026-08-25T21:23:56.829Z,7073,2026-08-25T21:23:56.829Z,FR,Frankfort,7eb7a049-5d17-4a23-bb2f-3b9c445afd32,SAMMS-Frankfort
202608252121599307,202608251925575792,202608251925573776,85,3278,Bronze INV,br_ReAssessmentFamily,TASK_COMPLETE,SUCCESS,INFO,0,0,0,,2026-08-25T19:26:03.177Z,2026-08-25T21:23:56.829Z,7073,2026-08-25T21:23:56.829Z,FS,Fort Smith,7eb7a049-5d17-4a23-bb2f-3b9c445afd32,SAMMS-FortSmith
202608252121599308,202608251925575793,202608251925573776,85,3279,Bronze INV,br_ReAssessmentFamily,TASK_COMPLETE,SUCCESS,INFO,467,467,0,,2026-08-25T19:26:03.177Z,2026-08-25T21:23:56.829Z,7073,2026-08-25T21:23:56.829Z,FW,Fort Wayne,7eb7a049-5d17-4a23-bb2f-3b9c445afd32,SAMMS-FortWayne
202608252121599309,202608251925575794,202608251925573776,85,3280,Bronze INV,br_ReAssessmentFamily,TASK_COMPLETE,SUCCESS,INFO,276,276,0,,2026-08-25T19:26:03.177Z,2026-08-25T21:23:56.829Z,7073,2026-08-25T21:23:56.829Z,GAL,Gaylord,7eb7a049-5d17-4a23-bb2f-3b9c445afd32,SAMMS-Gaylord
202608252121599310,202608251925575795,202608251925573776,85,3284,Bronze INV,br_ReAssessmentFamily,TASK_COMPLETE,SUCCESS,INFO,100,100,0,,2026-08-25T19:26:03.177Z,2026-08-25T21:23:56.829Z,7073,2026-08-25T21:23:56.829Z,HGT,Hagerstown,7eb7a049-5d17-4a23-bb2f-3b9c445afd32,SAMMS-Hagerstown
202608252121599312,202608251925575796,202608251925573776,85,3285,Bronze INV,br_ReAssessmentFamily,TASK_COMPLETE,SUCCESS,INFO,1725,1725,0,,2026-08-25T19:26:03.177Z,2026-08-25T21:23:56.829Z,7073,2026-08-25T21:23:56.829Z,HNT,Huntsville,7eb7a049-5d17-4a23-bb2f-3b9c445afd32,SAMMS-Huntsville
202608252121599313,202608251925575797,202608251925573776,85,3286,Bronze INV,br_ReAssessmentFamily,TASK_COMPLETE,SUCCESS,INFO,0,0,0,,2026-08-25T19:26:03.177Z,2026-08-25T21:23:56.829Z,7073,2026-08-25T21:23:56.829Z,HS,Hot Springs,7eb7a049-5d17-4a23-bb2f-3b9c445afd32,SAMMS-HotSprings
202608252121599314,202608251925575798,202608251925573776,85,3287,Bronze INV,br_ReAssessmentFamily,TASK_COMPLETE,SUCCESS,INFO,0,0,0,,2026-08-25T19:26:03.177Z,2026-08-25T21:23:56.829Z,7073,2026-08-25T21:23:56.829Z,JON,Jonesboro,7eb7a049-5d17-4a23-bb2f-3b9c445afd32,SAMMS-Jonesboro
202608252121599315,202608251925575799,202608251925573776,85,3289,Bronze INV,br_ReAssessmentFamily,TASK_COMPLETE,SUCCESS,INFO,447,447,0,,2026-08-25T19:26:03.177Z,2026-08-25T21:23:56.829Z,7073,2026-08-25T21:23:56.829Z,LAN,Lansing,7eb7a049-5d17-4a23-bb2f-3b9c445afd32,SAMMS-Lansing
202608252121599316,202608251925575800,202608251925573776,85,3290,Bronze INV,br_ReAssessmentFamily,TASK_COMPLETE,SUCCESS,INFO,1287,1287,0,,2026-08-25T19:26:03.177Z,2026-08-25T21:23:56.829Z,7073,2026-08-25T21:23:56.829Z,LO,Louisville,7eb7a049-5d17-4a23-bb2f-3b9c445afd32,SAMMS-Louisville
202608252121599317,202608251925575801,202608251925573776,85,3291,Bronze INV,br_ReAssessmentFamily,TASK_COMPLETE,SUCCESS,INFO,291,291,0,,2026-08-25T19:26:03.177Z,2026-08-25T21:23:56.829Z,7073,2026-08-25T21:23:56.829Z,LV1,Cheyenne,7eb7a049-5d17-4a23-bb2f-3b9c445afd32,SAMMS-Cheyenne
202608252121599319,202608251925575802,202608251925573776,85,3292,Bronze INV,br_ReAssessmentFamily,TASK_COMPLETE,SUCCESS,INFO,205,205,0,,2026-08-25T19:26:03.177Z,2026-08-25T21:23:56.829Z,7073,2026-08-25T21:23:56.829Z,LV2,Desert Inn,7eb7a049-5d17-4a23-bb2f-3b9c445afd32,SAMMS-DesertInn
202608252121599320,202608251925575803,202608251925573776,85,3293,Bronze INV,br_ReAssessmentFamily,TASK_COMPLETE,SUCCESS,INFO,110,110,0,,2026-08-25T19:26:03.177Z,2026-08-25T21:23:56.829Z,7073,2026-08-25T21:23:56.829Z,LV3,McDaniel,7eb7a049-5d17-4a23-bb2f-3b9c445afd32,SAMMS-McDaniel
202608252121599321,202608251925575804,202608251925573776,85,3296,Bronze INV,br_ReAssessmentFamily,TASK_COMPLETE,SUCCESS,INFO,356,356,0,,2026-08-25T19:26:03.177Z,2026-08-25T21:23:56.829Z,7073,2026-08-25T21:23:56.829Z,MNRE,Monroe,7eb7a049-5d17-4a23-bb2f-3b9c445afd32,SAMMS-Monroe
202608252121599322,202608251925575805,202608251925573776,85,3297,Bronze INV,br_ReAssessmentFamily,TASK_COMPLETE,SUCCESS,INFO,1423,1423,0,,2026-08-25T19:26:03.177Z,2026-08-25T21:23:56.829Z,7073,2026-08-25T21:23:56.829Z,MP,Mt. Pleasant,7eb7a049-5d17-4a23-bb2f-3b9c445afd32,SAMMS-MtPleasant
202608252121599323,202608251925575806,202608251925573776,85,3298,Bronze INV,br_ReAssessmentFamily,TASK_COMPLETE,SUCCESS,INFO,153,153,0,,2026-08-25T19:26:03.177Z,2026-08-25T21:23:56.829Z,7073,2026-08-25T21:23:56.829Z,MRD,Meridian,7eb7a049-5d17-4a23-bb2f-3b9c445afd32,SAMMS-Meridian
202608252121599324,202608251925575807,202608251925573776,85,3303,Bronze INV,br_ReAssessmentFamily,TASK_COMPLETE,SUCCESS,INFO,693,693,0,,2026-08-25T19:26:03.177Z,2026-08-25T21:23:56.829Z,7073,2026-08-25T21:23:56.829Z,NC,North Charleston,7eb7a049-5d17-4a23-bb2f-3b9c445afd32,SAMMS-NorthCharleston
202608252121599325,202608251925575808,202608251925573776,85,3304,Bronze INV,br_ReAssessmentFamily,TASK_COMPLETE,SUCCESS,INFO,0,0,0,,2026-08-25T19:26:03.177Z,2026-08-25T21:23:56.829Z,7073,2026-08-25T21:23:56.829Z,NLR,N. Little Rock,7eb7a049-5d17-4a23-bb2f-3b9c445afd32,SAMMS-NLROBOT
202608252121599327,202608251925575809,202608251925573776,85,3305,Bronze INV,br_ReAssessmentFamily,TASK_COMPLETE,SUCCESS,INFO,112,112,0,,2026-08-25T19:26:03.177Z,2026-08-25T21:23:56.829Z,7073,2026-08-25T21:23:56.829Z,PH,Phoenix,7eb7a049-5d17-4a23-bb2f-3b9c445afd32,SAMMS-Phoenix
202608252121599328,202608251925575810,202608251925573776,85,3309,Bronze INV,br_ReAssessmentFamily,TASK_COMPLETE,SUCCESS,INFO,214,214,0,,2026-08-25T19:26:03.177Z,2026-08-25T21:23:56.829Z,7073,2026-08-25T21:23:56.829Z,RE,Reno,7eb7a049-5d17-4a23-bb2f-3b9c445afd32,SAMMS-Reno
202608252121599329,202608251925575811,202608251925573776,85,3310,Bronze INV,br_ReAssessmentFamily,TASK_COMPLETE,SUCCESS,INFO,88,88,0,,2026-08-25T19:26:03.177Z,2026-08-25T21:23:56.829Z,7073,2026-08-25T21:23:56.829Z,RMD,Richmond,7eb7a049-5d17-4a23-bb2f-3b9c445afd32,SAMMS-Richmond
202608252121599330,202608251925575812,202608251925573776,85,3311,Bronze INV,br_ReAssessmentFamily,TASK_COMPLETE,SUCCESS,INFO,589,589,0,,2026-08-25T19:26:03.177Z,2026-08-25T21:23:56.829Z,7073,2026-08-25T21:23:56.829Z,SFN,Springfield North,7eb7a049-5d17-4a23-bb2f-3b9c445afd32,SAMMS-SFNv5
202608252121599331,202608251925575813,202608251925573776,85,3312,Bronze INV,br_ReAssessmentFamily,TASK_COMPLETE,SUCCESS,INFO,763,763,0,,2026-08-25T19:26:03.177Z,2026-08-25T21:23:56.829Z,7073,2026-08-25T21:23:56.829Z,SHP,Shreveport,7eb7a049-5d17-4a23-bb2f-3b9c445afd32,SAMMS-Shreveport
202608252121599332,202608251925575814,202608251925573776,85,3314,Bronze INV,br_ReAssessmentFamily,TASK_COMPLETE,SUCCESS,INFO,484,484,0,,2026-08-25T19:26:03.177Z,2026-08-25T21:23:56.829Z,7073,2026-08-25T21:23:56.829Z,STN,Staunton,7eb7a049-5d17-4a23-bb2f-3b9c445afd32,SAMMS-Staunton
202608252121599334,202608251925575815,202608251925573776,85,3315,Bronze INV,br_ReAssessmentFamily,TASK_COMPLETE,SUCCESS,INFO,225,225,0,,2026-08-25T19:26:03.177Z,2026-08-25T21:23:56.829Z,7073,2026-08-25T21:23:56.829Z,STVN,Stevenson,7eb7a049-5d17-4a23-bb2f-3b9c445afd32,SAMMS-Stevenson
202608252121599335,202608251925575816,202608251925573776,85,3317,Bronze INV,br_ReAssessmentFamily,TASK_COMPLETE,SUCCESS,INFO,173,173,0,,2026-08-25T19:26:03.177Z,2026-08-25T21:23:56.829Z,7073,2026-08-25T21:23:56.829Z,TE,Tempe,7eb7a049-5d17-4a23-bb2f-3b9c445afd32,SAMMS-Tempe
202608252121599336,202608251925575817,202608251925573776,85,3318,Bronze INV,br_ReAssessmentFamily,TASK_COMPLETE,SUCCESS,INFO,0,0,0,,2026-08-25T19:26:03.177Z,2026-08-25T21:23:56.829Z,7073,2026-08-25T21:23:56.829Z,TEX,Texarkana,7eb7a049-5d17-4a23-bb2f-3b9c445afd32,SAMMS-Texarkana
202608252121599337,202608251925575818,202608251925573776,85,3319,Bronze INV,br_ReAssessmentFamily,TASK_COMPLETE,SUCCESS,INFO,1079,1079,0,,2026-08-25T19:26:03.177Z,2026-08-25T21:23:56.829Z,7073,2026-08-25T21:23:56.829Z,TTCA,Bessemer,7eb7a049-5d17-4a23-bb2f-3b9c445afd32,SAMMS-BessemerV5
202608252121599338,202608251925575819,202608251925573776,85,3320,Bronze INV,br_ReAssessmentFamily,TASK_COMPLETE,SUCCESS,INFO,1317,1317,0,,2026-08-25T19:26:03.177Z,2026-08-25T21:23:56.829Z,7073,2026-08-25T21:23:56.829Z,TTCB,Cullman,7eb7a049-5d17-4a23-bb2f-3b9c445afd32,SAMMS-CullmanV5
202608252121599339,202608251925575820,202608251925573776,85,3321,Bronze INV,br_ReAssessmentFamily,TASK_COMPLETE,SUCCESS,INFO,944,944,0,,2026-08-25T19:26:03.177Z,2026-08-25T21:23:56.829Z,7073,2026-08-25T21:23:56.829Z,TTCC,Grand Bay,7eb7a049-5d17-4a23-bb2f-3b9c445afd32,SAMMS-GrandBay
202608252121599341,202608251925575821,202608251925573776,85,3322,Bronze INV,br_ReAssessmentFamily,TASK_COMPLETE,SUCCESS,INFO,15,15,0,,2026-08-25T19:26:03.177Z,2026-08-25T21:23:56.829Z,7073,2026-08-25T21:23:56.829Z,TU,Tucson,7eb7a049-5d17-4a23-bb2f-3b9c445afd32,SAMMS-Tucson
202608252121599342,202608251925575822,202608251925573776,85,3324,Bronze INV,br_ReAssessmentFamily,TASK_COMPLETE,SUCCESS,INFO,660,660,0,,2026-08-25T19:26:03.177Z,2026-08-25T21:23:56.829Z,7073,2026-08-25T21:23:56.829Z,V1,Memphis South,7eb7a049-5d17-4a23-bb2f-3b9c445afd32,SAMMS-VCPHCS-I-MemphisV5
202608252121599343,202608251925575823,202608251925573776,85,3325,Bronze INV,br_ReAssessmentFamily,TASK_COMPLETE,SUCCESS,INFO,1628,1628,0,,2026-08-25T19:26:03.177Z,2026-08-25T21:23:56.829Z,7073,2026-08-25T21:23:56.829Z,V10,Longmont,7eb7a049-5d17-4a23-bb2f-3b9c445afd32,SAMMS-BoulderV5
202608252121599344,202608251925575824,202608251925573776,85,3326,Bronze INV,br_ReAssessmentFamily,TASK_COMPLETE,SUCCESS,INFO,1513,1513,0,,2026-08-25T19:26:03.177Z,2026-08-25T21:23:56.829Z,7073,2026-08-25T21:23:56.829Z,V10A,Fort Collins,7eb7a049-5d17-4a23-bb2f-3b9c445afd32,SAMMS-FortCollinsV5
202608252121599345,202608251925575825,202608251925573776,85,3327,Bronze INV,br_ReAssessmentFamily,TASK_COMPLETE,SUCCESS,INFO,2870,2870,0,,2026-08-25T19:26:03.177Z,2026-08-25T21:23:56.829Z,7073,2026-08-25T21:23:56.829Z,V11,Westminster,7eb7a049-5d17-4a23-bb2f-3b9c445afd32,SAMMS-VCPHCS-XI-NorthDenverV5
202608252121599346,202608251925575826,202608251925573776,85,3328,Bronze INV,br_ReAssessmentFamily,TASK_COMPLETE,SUCCESS,INFO,3037,3037,0,,2026-08-25T19:26:03.177Z,2026-08-25T21:23:56.829Z,7073,2026-08-25T21:23:56.829Z,V12,Downtown Denver,7eb7a049-5d17-4a23-bb2f-3b9c445afd32,SAMMS-VCPHCS-XII-DowntownDenverV5
202608252121599347,202608251925575827,202608251925573776,85,3329,Bronze INV,br_ReAssessmentFamily,TASK_COMPLETE,SUCCESS,INFO,1141,1141,0,,2026-08-25T19:26:03.177Z,2026-08-25T21:23:56.829Z,7073,2026-08-25T21:23:56.829Z,V12A,Centennial,7eb7a049-5d17-4a23-bb2f-3b9c445afd32,SAMMS-CentennialV5
202608252121599349,202608251925575828,202608251925573776,85,3330,Bronze INV,br_ReAssessmentFamily,TASK_COMPLETE,SUCCESS,INFO,294,294,0,,2026-08-25T19:26:03.177Z,2026-08-25T21:23:56.829Z,7073,2026-08-25T21:23:56.829Z,V14,Overland Park,7eb7a049-5d17-4a23-bb2f-3b9c445afd32,SAMMS-VCPHCS-XIV-BridgewayV5
202608252121599350,202608251925575829,202608251925573776,85,3331,Bronze INV,br_ReAssessmentFamily,TASK_COMPLETE,SUCCESS,INFO,610,610,0,,2026-08-25T19:26:03.177Z,2026-08-25T21:23:56.829Z,7073,2026-08-25T21:23:56.829Z,V15,Joplin,7eb7a049-5d17-4a23-bb2f-3b9c445afd32,SAMMS-JoplinV5
202608252121599351,202608251925575830,202608251925573776,85,3333,Bronze INV,br_ReAssessmentFamily,TASK_COMPLETE,SUCCESS,INFO,903,903,0,,2026-08-25T19:26:03.177Z,2026-08-25T21:23:56.829Z,7073,2026-08-25T21:23:56.829Z,V17,Columbia TN,7eb7a049-5d17-4a23-bb2f-3b9c445afd32,SAMMS-ColumbiaTNv5
202608252121598530,202608251925573881,202608251925573776,85,2234,Bronze INV,br_InvType,TASK_COMPLETE,SUCCESS,INFO,8,8,0,,2026-08-25T19:26:03.177Z,2026-08-25T21:23:56.829Z,7073,2026-08-25T21:23:56.829Z,V21,Memphis North,7eb7a049-5d17-4a23-bb2f-3b9c445afd32,SAMMS-RaleighV5
202608252121598531,202608251925573882,202608251925573776,85,2237,Bronze INV,br_InvType,TASK_COMPLETE,SUCCESS,INFO,7,7,0,,2026-08-25T19:26:03.177Z,2026-08-25T21:23:56.829Z,7073,2026-08-25T21:23:56.829Z,V5,West Bank,7eb7a049-5d17-4a23-bb2f-3b9c445afd32,SAMMS-NONTCv5
202608252121598532,202608251925573883,202608251925573776,85,2239,Bronze INV,br_InvType,TASK_COMPLETE,SUCCESS,INFO,7,7,0,,2026-08-25T19:26:03.177Z,2026-08-25T21:23:56.829Z,7073,2026-08-25T21:23:56.829Z,V5B,Houma,7eb7a049-5d17-4a23-bb2f-3b9c445afd32,SAMMS-HoumaV6
202608252121598533,202608251925573884,202608251925573776,85,2240,Bronze INV,br_InvType,TASK_COMPLETE,SUCCESS,INFO,8,8,0,,2026-08-25T19:26:03.177Z,2026-08-25T21:23:56.829Z,7073,2026-08-25T21:23:56.829Z,V6,Lake Charles,7eb7a049-5d17-4a23-bb2f-3b9c445afd32,SAMMS-LCv5
202608252121598534,202608251925573885,202608251925573776,85,2242,Bronze INV,br_InvType,TASK_COMPLETE,SUCCESS,INFO,7,7,0,,2026-08-25T19:26:03.177Z,2026-08-25T21:23:56.829Z,7073,2026-08-25T21:23:56.829Z,V8,Memphis Midtown,7eb7a049-5d17-4a23-bb2f-3b9c445afd32,SAMMS-VCPHCS-VIII-MemphisV5
202608252121598535,202608251925573886,202608251925573776,85,2243,Bronze INV,br_InvType,TASK_COMPLETE,SUCCESS,INFO,7,7,0,,2026-08-25T19:26:03.177Z,2026-08-25T21:23:56.829Z,7073,2026-08-25T21:23:56.829Z,V9,Nashville,7eb7a049-5d17-4a23-bb2f-3b9c445afd32,SAMMS-NashvilleV5
202608252121598537,202608251925573887,202608251925573776,85,2244,Bronze INV,br_InvType,TASK_COMPLETE,SUCCESS,INFO,7,7,0,,2026-08-25T19:26:03.177Z,2026-08-25T21:23:56.829Z,7073,2026-08-25T21:23:56.829Z,VBRA,Brainerd,7eb7a049-5d17-4a23-bb2f-3b9c445afd32,SAMMS-BrainerdV6
202608252121598538,202608251925573888,202608251925573776,85,2245,Bronze INV,br_InvType,TASK_COMPLETE,SUCCESS,INFO,7,7,0,,2026-08-25T19:26:03.177Z,2026-08-25T21:23:56.829Z,7073,2026-08-25T21:23:56.829Z,VBRP,Brooklyn Park,7eb7a049-5d17-4a23-bb2f-3b9c445afd32,SAMMS-BrooklynParkV6
202608252121598539,202608251925573889,202608251925573776,85,2247,Bronze INV,br_InvType,TASK_COMPLETE,SUCCESS,INFO,7,7,0,,2026-08-25T19:26:03.177Z,2026-08-25T21:23:56.829Z,7073,2026-08-25T21:23:56.829Z,VMIN,Minneapolis,7eb7a049-5d17-4a23-bb2f-3b9c445afd32,SAMMS-MinneapolisV6
202608252121598540,202608251925573890,202608251925573776,85,2248,Bronze INV,br_InvType,TASK_COMPLETE,SUCCESS,INFO,7,7,0,,2026-08-25T19:26:03.177Z,2026-08-25T21:23:56.829Z,7073,2026-08-25T21:23:56.829Z,VWBY,Woodbury,7eb7a049-5d17-4a23-bb2f-3b9c445afd32,SAMMS-WoodburyV6
202608252121598541,202608251925573891,202608251925573776,85,2250,Bronze INV,br_InvType,TASK_COMPLETE,SUCCESS,INFO,7,7,0,,2026-08-25T19:26:03.177Z,2026-08-25T21:23:56.829Z,7073,2026-08-25T21:23:56.829Z,WIL,Wilson,7eb7a049-5d17-4a23-bb2f-3b9c445afd32,SAMMS-Wilson
202608252121598651,202608251925673794,202608251925673776,86,8577,Silver INV,sl_InvType,TASK_COMPLETE,SUCCESS,INFO,755,755,0,,2026-08-25T19:26:03.177Z,2026-08-25T21:23:56.829Z,7073,2026-08-25T21:23:56.829Z,,,7eb7a049-5d17-4a23-bb2f-3b9c445afd32,
202608252121598580,202608251925574234,202608251925573776,85,2254,Bronze INV,br_LabResult,TASK_COMPLETE,SUCCESS,INFO,1693,1693,0,,2026-08-25T19:26:03.177Z,2026-08-25T21:23:56.829Z,7073,2026-08-25T21:23:56.829Z,AHK,Ahoskie,7eb7a049-5d17-4a23-bb2f-3b9c445afd32,SAMMS-Ahoskie
202608252121598581,202608251925574235,202608251925573776,85,2255,Bronze INV,br_LabResult,TASK_COMPLETE,SUCCESS,INFO,1260,1260,0,,2026-08-25T19:26:03.177Z,2026-08-25T21:23:56.829Z,7073,2026-08-25T21:23:56.829Z,B12B,Colorado Springs,7eb7a049-5d17-4a23-bb2f-3b9c445afd32,SAMMS-ColoradoSpringsV5
202608252121598582,202608251925574236,202608251925573776,85,2256,Bronze INV,br_LabResult,TASK_COMPLETE,SUCCESS,INFO,1833,1833,0,,2026-08-25T19:26:03.177Z,2026-08-25T21:23:56.829Z,7073,2026-08-25T21:23:56.829Z,B24,Paintsville,7eb7a049-5d17-4a23-bb2f-3b9c445afd32,SAMMS-PaintsvilleV5
202608252121598583,202608251925574237,202608251925573776,85,2257,Bronze INV,br_LabResult,TASK_COMPLETE,SUCCESS,INFO,2285,2285,0,,2026-08-25T19:26:03.177Z,2026-08-25T21:23:56.829Z,7073,2026-08-25T21:23:56.829Z,B25,Pikeville,7eb7a049-5d17-4a23-bb2f-3b9c445afd32,SAMMS-PikevilleV5
202608252121598585,202608251925574238,202608251925573776,85,2258,Bronze INV,br_LabResult,TASK_COMPLETE,SUCCESS,INFO,2741,2741,0,,2026-08-25T19:26:03.177Z,2026-08-25T21:23:56.829Z,7073,2026-08-25T21:23:56.829Z,B26,Hazard,7eb7a049-5d17-4a23-bb2f-3b9c445afd32,SAMMS-HazardV5
202608252121598586,202608251925574239,202608251925573776,85,2259,Bronze INV,br_LabResult,TASK_COMPLETE,SUCCESS,INFO,3,3,0,,2026-08-25T19:26:03.177Z,2026-08-25T21:23:56.829Z,7073,2026-08-25T21:23:56.829Z,B27,Savannah,7eb7a049-5d17-4a23-bb2f-3b9c445afd32,SAMMS-SavannahV6
202608252121598587,202608251925574240,202608251925573776,85,2260,Bronze INV,br_LabResult,TASK_COMPLETE,SUCCESS,INFO,1555,1555,0,,2026-08-25T19:26:03.177Z,2026-08-25T21:23:56.829Z,7073,2026-08-25T21:23:56.829Z,B28,West Plains,7eb7a049-5d17-4a23-bb2f-3b9c445afd32,SAMMS-WestPlainesV5
202608252121598588,202608251925574241,202608251925573776,85,2261,Bronze INV,br_LabResult,TASK_COMPLETE,SUCCESS,INFO,1885,1885,0,,2026-08-25T19:26:03.177Z,2026-08-25T21:23:56.829Z,7073,2026-08-25T21:23:56.829Z,B29,Poplar Bluff,7eb7a049-5d17-4a23-bb2f-3b9c445afd32,SAMMS-PoplarBluffV5
202608252121598589,202608251925574242,202608251925573776,85,2262,Bronze INV,br_LabResult,TASK_COMPLETE,SUCCESS,INFO,1513,1513,0,,2026-08-25T19:26:03.177Z,2026-08-25T21:23:56.829Z,7073,2026-08-25T21:23:56.829Z,B30,KC North,7eb7a049-5d17-4a23-bb2f-3b9c445afd32,SAMMS-KCNv5
202608252121598590,202608251925574243,202608251925573776,85,2263,Bronze INV,br_LabResult,TASK_COMPLETE,SUCCESS,INFO,5376,5376,0,,2026-08-25T19:26:03.177Z,2026-08-25T21:23:56.829Z,7073,2026-08-25T21:23:56.829Z,B31,Dyersburg,7eb7a049-5d17-4a23-bb2f-3b9c445afd32,SAMMS-DyersburgV5
202608252121598592,202608251925574244,202608251925573776,85,2265,Bronze INV,br_LabResult,TASK_COMPLETE,SUCCESS,INFO,4142,4142,0,,2026-08-25T19:26:03.177Z,2026-08-25T21:23:56.829Z,7073,2026-08-25T21:23:56.829Z,B33,Paducah,7eb7a049-5d17-4a23-bb2f-3b9c445afd32,SAMMS-Paducah
202608252121598593,202608251925574245,202608251925573776,85,2266,Bronze INV,br_LabResult,TASK_COMPLETE,SUCCESS,INFO,2293,2293,0,,2026-08-25T19:26:03.177Z,2026-08-25T21:23:56.829Z,7073,2026-08-25T21:23:56.829Z,B34,Corbin,7eb7a049-5d17-4a23-bb2f-3b9c445afd32,SAMMS-CorbinV5
202608252121598594,202608251925574246,202608251925573776,85,2267,Bronze INV,br_LabResult,TASK_COMPLETE,SUCCESS,INFO,11678,11678,0,,2026-08-25T19:26:03.177Z,2026-08-25T21:23:56.829Z,7073,2026-08-25T21:23:56.829Z,B35,Lexington,7eb7a049-5d17-4a23-bb2f-3b9c445afd32,SAMMS-LexingtonV5
202608252121598595,202608251925574247,202608251925573776,85,2268,Bronze INV,br_LabResult,TASK_COMPLETE,SUCCESS,INFO,2393,2393,0,,2026-08-25T19:26:03.177Z,2026-08-25T21:23:56.829Z,7073,2026-08-25T21:23:56.829Z,B35A,Berea,7eb7a049-5d17-4a23-bb2f-3b9c445afd32,SAMMS-BereaV5
202608252121598596,202608251925574248,202608251925573776,85,2269,Bronze INV,br_LabResult,TASK_COMPLETE,SUCCESS,INFO,1162,1162,0,,2026-08-25T19:26:03.177Z,2026-08-25T21:23:56.829Z,7073,2026-08-25T21:23:56.829Z,B36,Asheville,7eb7a049-5d17-4a23-bb2f-3b9c445afd32,SAMMS-AshevilleV5
202608252121598597,202608251925574249,202608251925573776,85,2270,Bronze INV,br_LabResult,TASK_COMPLETE,SUCCESS,INFO,1697,1697,0,,2026-08-25T19:26:03.177Z,2026-08-25T21:23:56.829Z,7073,2026-08-25T21:23:56.829Z,B37,Clyde,7eb7a049-5d17-4a23-bb2f-3b9c445afd32,SAMMS-ClydeV5
202608252121598599,202608251925574250,202608251925573776,85,2271,Bronze INV,br_LabResult,TASK_COMPLETE,SUCCESS,INFO,5929,5929,0,,2026-08-25T19:26:03.177Z,2026-08-25T21:23:56.829Z,7073,2026-08-25T21:23:56.829Z,B38,Spartanburg,7eb7a049-5d17-4a23-bb2f-3b9c445afd32,SAMMS-SpartanburgV5
202608252121598600,202608251925574251,202608251925573776,85,2272,Bronze INV,br_LabResult,TASK_COMPLETE,SUCCESS,INFO,1795,1795,0,,2026-08-25T19:26:03.177Z,2026-08-25T21:23:56.829Z,7073,2026-08-25T21:23:56.829Z,B39,Aiken,7eb7a049-5d17-4a23-bb2f-3b9c445afd32,SAMMS-AikenV5
202608252121598601,202608251925574252,202608251925573776,85,2273,Bronze INV,br_LabResult,TASK_COMPLETE,SUCCESS,INFO,4044,4044,0,,2026-08-25T19:26:03.177Z,2026-08-25T21:23:56.829Z,7073,2026-08-25T21:23:56.829Z,B41,Chesapeake,7eb7a049-5d17-4a23-bb2f-3b9c445afd32,SAMMS-ChesapeakeV5
202608252121598602,202608251925574253,202608251925573776,85,2274,Bronze INV,br_LabResult,TASK_COMPLETE,SUCCESS,INFO,14373,14373,0,,2026-08-25T19:26:03.177Z,2026-08-25T21:23:56.829Z,7073,2026-08-25T21:23:56.829Z,B42,Virginia Beach,7eb7a049-5d17-4a23-bb2f-3b9c445afd32,SAMMS-VirginiaBeachV5
202608252121598603,202608251925574254,202608251925573776,85,2275,Bronze INV,br_LabResult,TASK_COMPLETE,SUCCESS,INFO,1416,1416,0,,2026-08-25T19:26:03.177Z,2026-08-25T21:23:56.829Z,7073,2026-08-25T21:23:56.829Z,B42A,Newport News,7eb7a049-5d17-4a23-bb2f-3b9c445afd32,SAMMS-NewportNewsV5
202608252121598604,202608251925574255,202608251925573776,85,2276,Bronze INV,br_LabResult,TASK_COMPLETE,SUCCESS,INFO,751,751,0,,2026-08-25T19:26:03.177Z,2026-08-25T21:23:56.829Z,7073,2026-08-25T21:23:56.829Z,B42B,Franklin,7eb7a049-5d17-4a23-bb2f-3b9c445afd32,SAMMS-FranklinV5
202608252121598606,202608251925574256,202608251925573776,85,2277,Bronze INV,br_LabResult,TASK_COMPLETE,SUCCESS,INFO,1479,1479,0,,2026-08-25T19:26:03.177Z,2026-08-25T21:23:56.829Z,7073,2026-08-25T21:23:56.829Z,B42C,Glen Allen,7eb7a049-5d17-4a23-bb2f-3b9c445afd32,SAMMS-GlenAllenV5
202608252121598607,202608251925574257,202608251925573776,85,2278,Bronze INV,br_LabResult,TASK_COMPLETE,SUCCESS,INFO,1330,1330,0,,2026-08-25T19:26:03.177Z,2026-08-25T21:23:56.829Z,7073,2026-08-25T21:23:56.829Z,B42D,Chesapeake South,7eb7a049-5d17-4a23-bb2f-3b9c445afd32,SAMMS-ChesapeakeSouthV5
202608252121598608,202608251925574258,202608251925573776,85,2279,Bronze INV,br_LabResult,TASK_COMPLETE,SUCCESS,INFO,2936,2936,0,,2026-08-25T19:26:03.177Z,2026-08-25T21:23:56.829Z,7073,2026-08-25T21:23:56.829Z,B44,Albany,7eb7a049-5d17-4a23-bb2f-3b9c445afd32,SAMMS-AlbanyV5
202608252121598609,202608251925574259,202608251925573776,85,2280,Bronze INV,br_LabResult,TASK_COMPLETE,SUCCESS,INFO,2400,2400,0,,2026-08-25T19:26:03.177Z,2026-08-25T21:23:56.829Z,7073,2026-08-25T21:23:56.829Z,B45,Tifton,7eb7a049-5d17-4a23-bb2f-3b9c445afd32,SAMMS-TiftonV5
202608252121598610,202608251925574260,202608251925573776,85,2281,Bronze INV,br_LabResult,TASK_COMPLETE,SUCCESS,INFO,621,621,0,,2026-08-25T19:26:03.177Z,2026-08-25T21:23:56.829Z,7073,2026-08-25T21:23:56.829Z,B46,Washington DC,7eb7a049-5d17-4a23-bb2f-3b9c445afd32,SAMMS-WashingtonDCv5
202608252121598611,202608251925574261,202608251925573776,85,2282,Bronze INV,br_LabResult,TASK_COMPLETE,SUCCESS,INFO,334,334,0,,2026-08-25T19:26:03.177Z,2026-08-25T21:23:56.829Z,7073,2026-08-25T21:23:56.829Z,B47,Mobile,7eb7a049-5d17-4a23-bb2f-3b9c445afd32,SAMMS-MobileV5
202608252121598613,202608251925574262,202608251925573776,85,2283,Bronze INV,br_LabResult,TASK_COMPLETE,SUCCESS,INFO,3357,3357,0,,2026-08-25T19:26:03.177Z,2026-08-25T21:23:56.829Z,7073,2026-08-25T21:23:56.829Z,B48,Tuscaloosa,7eb7a049-5d17-4a23-bb2f-3b9c445afd32,SAMMS-TuscaloosaV5
202608252121598614,202608251925574263,202608251925573776,85,2292,Bronze INV,br_LabResult,TASK_COMPLETE,SUCCESS,INFO,5,5,0,,2026-08-25T19:26:03.177Z,2026-08-25T21:23:56.829Z,7073,2026-08-25T21:23:56.829Z,B51,N. Little Rock (OTP),7eb7a049-5d17-4a23-bb2f-3b9c445afd32,SAMMS-NorthLittleRockV6
202608252121598615,202608251925574264,202608251925573776,85,2293,Bronze INV,br_LabResult,TASK_COMPLETE,SUCCESS,INFO,254,254,0,,2026-08-25T19:26:03.177Z,2026-08-25T21:23:56.829Z,7073,2026-08-25T21:23:56.829Z,B52,Jackson GA,7eb7a049-5d17-4a23-bb2f-3b9c445afd32,SAMMS-JacksonGAV5
202608252121598616,202608251925574265,202608251925573776,85,2294,Bronze INV,br_LabResult,TASK_COMPLETE,SUCCESS,INFO,2660,2660,0,,2026-08-25T19:26:03.177Z,2026-08-25T21:23:56.829Z,7073,2026-08-25T21:23:56.829Z,B54,Gadsden,7eb7a049-5d17-4a23-bb2f-3b9c445afd32,SAMMS-GadsdenV5
202608252121598617,202608251925574266,202608251925573776,85,2295,Bronze INV,br_LabResult,TASK_COMPLETE,SUCCESS,INFO,489,489,0,,2026-08-25T19:26:03.177Z,2026-08-25T21:23:56.829Z,7073,2026-08-25T21:23:56.829Z,B55,Shoals,7eb7a049-5d17-4a23-bb2f-3b9c445afd32,SAMMS-ShoalsV5
202608252121598618,202608251925574267,202608251925573776,85,2296,Bronze INV,br_LabResult,TASK_COMPLETE,SUCCESS,INFO,3,3,0,,2026-08-25T19:26:03.177Z,2026-08-25T21:23:56.829Z,7073,2026-08-25T21:23:56.829Z,B57,Pawtucket,7eb7a049-5d17-4a23-bb2f-3b9c445afd32,SAMMS-Pawtucket
202608252121598620,202608251925574268,202608251925573776,85,2297,Bronze INV,br_LabResult,TASK_COMPLETE,SUCCESS,INFO,6,6,0,,2026-08-25T19:26:03.177Z,2026-08-25T21:23:56.829Z,7073,2026-08-25T21:23:56.829Z,B57A,Johnston,7eb7a049-5d17-4a23-bb2f-3b9c445afd32,SAMMS-Johnston
202608252121598621,202608251925574269,202608251925573776,85,2298,Bronze INV,br_LabResult,TASK_COMPLETE,SUCCESS,INFO,9,9,0,,2026-08-25T19:26:03.177Z,2026-08-25T21:23:56.829Z,7073,2026-08-25T21:23:56.829Z,B57B,Middletown,7eb7a049-5d17-4a23-bb2f-3b9c445afd32,SAMMS-Middletown
202608252121598622,202608251925574270,202608251925573776,85,2299,Bronze INV,br_LabResult,TASK_COMPLETE,SUCCESS,INFO,2,2,0,,2026-08-25T19:26:03.177Z,2026-08-25T21:23:56.829Z,7073,2026-08-25T21:23:56.829Z,B57C,Providence,7eb7a049-5d17-4a23-bb2f-3b9c445afd32,SAMMS-Providence
202608252121598623,202608251925574271,202608251925573776,85,2300,Bronze INV,br_LabResult,TASK_COMPLETE,SUCCESS,INFO,3,3,0,,2026-08-25T19:26:03.177Z,2026-08-25T21:23:56.829Z,7073,2026-08-25T21:23:56.829Z,B57D,Westerly,7eb7a049-5d17-4a23-bb2f-3b9c445afd32,SAMMS-Westerly
202608252121598624,202608251925574272,202608251925573776,85,2304,Bronze INV,br_LabResult,TASK_COMPLETE,SUCCESS,INFO,2,2,0,,2026-08-25T19:26:03.177Z,2026-08-25T21:23:56.829Z,7073,2026-08-25T21:23:56.829Z,B66A,Bremen,7eb7a049-5d17-4a23-bb2f-3b9c445afd32,SAMMS-Bremen
202608252121598625,202608251925574273,202608251925573776,85,2307,Bronze INV,br_LabResult,TASK_COMPLETE,SUCCESS,INFO,3,3,0,,2026-08-25T19:26:03.177Z,2026-08-25T21:23:56.829Z,7073,2026-08-25T21:23:56.829Z,B72,Mobile (OBOT),7eb7a049-5d17-4a23-bb2f-3b9c445afd32,SAMMS-Mobile-OBOT
202608252121598627,202608251925574274,202608251925573776,85,2308,Bronze INV,br_LabResult,TASK_COMPLETE,SUCCESS,INFO,1,1,0,,2026-08-25T19:26:03.177Z,2026-08-25T21:23:56.829Z,7073,2026-08-25T21:23:56.829Z,B73,Montgomery,7eb7a049-5d17-4a23-bb2f-3b9c445afd32,SAMMS-Montgomery
202608252121598628,202608251925574275,202608251925573776,85,2309,Bronze INV,br_LabResult,TASK_COMPLETE,SUCCESS,INFO,505,505,0,,2026-08-25T19:26:03.177Z,2026-08-25T21:23:56.829Z,7073,2026-08-25T21:23:56.829Z,B75,Lawrence,7eb7a049-5d17-4a23-bb2f-3b9c445afd32,SAMMS-LawrenceV6
202608252121598629,202608251925574276,202608251925573776,85,2310,Bronze INV,br_LabResult,TASK_COMPLETE,SUCCESS,INFO,1,1,0,,2026-08-25T19:26:03.177Z,2026-08-25T21:23:56.829Z,7073,2026-08-25T21:23:56.829Z,B76,Huntsville OBOT,7eb7a049-5d17-4a23-bb2f-3b9c445afd32,SAMMS-Huntsville-OBOT
202608252121598630,202608251925574277,202608251925573776,85,2311,Bronze INV,br_LabResult,TASK_COMPLETE,SUCCESS,INFO,4,4,0,,2026-08-25T19:26:03.177Z,2026-08-25T21:23:56.829Z,7073,2026-08-25T21:23:56.829Z,BAT,Batesville,7eb7a049-5d17-4a23-bb2f-3b9c445afd32,SAMMS-Batesville
202608252121598631,202608251925574278,202608251925573776,85,2312,Bronze INV,br_LabResult,TASK_COMPLETE,SUCCESS,INFO,2692,2692,0,,2026-08-25T19:26:03.177Z,2026-08-25T21:23:56.829Z,7073,2026-08-25T21:23:56.829Z,BG,Bowling Green,7eb7a049-5d17-4a23-bb2f-3b9c445afd32,SAMMS-BowlingGreen
202608252121598632,202608251925574279,202608251925573776,85,2313,Bronze INV,br_LabResult,TASK_COMPLETE,SUCCESS,INFO,191,191,0,,2026-08-25T19:26:03.177Z,2026-08-25T21:23:56.829Z,7073,2026-08-25T21:23:56.829Z,BOI,Boise,7eb7a049-5d17-4a23-bb2f-3b9c445afd32,SAMMS-Boise
202608252121598634,202608251925574280,202608251925573776,85,2320,Bronze INV,br_LabResult,TASK_COMPLETE,SUCCESS,INFO,234,234,0,,2026-08-25T19:26:03.177Z,2026-08-25T21:23:56.829Z,7073,2026-08-25T21:23:56.829Z,CBCO,Coeur dAlene,7eb7a049-5d17-4a23-bb2f-3b9c445afd32,SAMMS-CoeurdAleneV6
202608252121598635,202608251925574281,202608251925573776,85,2339,Bronze INV,br_LabResult,TASK_COMPLETE,SUCCESS,INFO,1,1,0,,2026-08-25T19:26:03.177Z,2026-08-25T21:23:56.829Z,7073,2026-08-25T21:23:56.829Z,CON,Conway,7eb7a049-5d17-4a23-bb2f-3b9c445afd32,SAMMS-Conway
202608252121598636,202608251925574282,202608251925573776,85,2340,Bronze INV,br_LabResult,TASK_COMPLETE,SUCCESS,INFO,11,11,0,,2026-08-25T19:26:03.177Z,2026-08-25T21:23:56.829Z,7073,2026-08-25T21:23:56.829Z,D07,Medical Services Knox TN,7eb7a049-5d17-4a23-bb2f-3b9c445afd32,SAMMS-KnoxvilleV6
202608252121598637,202608251925574283,202608251925573776,85,2341,Bronze INV,br_LabResult,TASK_COMPLETE,SUCCESS,INFO,995,995,0,,2026-08-25T19:26:03.177Z,2026-08-25T21:23:56.829Z,7073,2026-08-25T21:23:56.829Z,D08,Madison,7eb7a049-5d17-4a23-bb2f-3b9c445afd32,SAMMS-MadisonV6
202608252121598638,202608251925574284,202608251925573776,85,2343,Bronze INV,br_LabResult,TASK_COMPLETE,SUCCESS,INFO,705,705,0,,2026-08-25T19:26:03.177Z,2026-08-25T21:23:56.829Z,7073,2026-08-25T21:23:56.829Z,D09,Murfreesboro,7eb7a049-5d17-4a23-bb2f-3b9c445afd32,SAMMS-MurfreesboroV6
202608252121598639,202608251925574285,202608251925573776,85,2344,Bronze INV,br_LabResult,TASK_COMPLETE,SUCCESS,INFO,5,5,0,,2026-08-25T19:26:03.177Z,2026-08-25T21:23:56.829Z,7073,2026-08-25T21:23:56.829Z,DA,Davenport,7eb7a049-5d17-4a23-bb2f-3b9c445afd32,SAMMS-Davenport
202608252121598641,202608251925574286,202608251925573776,85,2345,Bronze INV,br_LabResult,TASK_COMPLETE,SUCCESS,INFO,2652,2652,0,,2026-08-25T19:26:03.177Z,2026-08-25T21:23:56.829Z,7073,2026-08-25T21:23:56.829Z,DM,Des Moines,7eb7a049-5d17-4a23-bb2f-3b9c445afd32,SAMMS-DesMoines
202608252121598642,202608251925574287,202608251925573776,85,2347,Bronze INV,br_LabResult,TASK_COMPLETE,SUCCESS,INFO,3024,3024,0,,2026-08-25T19:26:03.177Z,2026-08-25T21:23:56.829Z,7073,2026-08-25T21:23:56.829Z,DRD-CO,Columbia MO,7eb7a049-5d17-4a23-bb2f-3b9c445afd32,SAMMS-ColumbiaV5
202608252121598643,202608251925574288,202608251925573776,85,2348,Bronze INV,br_LabResult,TASK_COMPLETE,SUCCESS,INFO,3295,3295,0,,2026-08-25T19:26:03.177Z,2026-08-25T21:23:56.829Z,7073,2026-08-25T21:23:56.829Z,DRD-KC,KC,7eb7a049-5d17-4a23-bb2f-3b9c445afd32,SAMMS-KCv5
202608252121598644,202608251925574289,202608251925573776,85,2349,Bronze INV,br_LabResult,TASK_COMPLETE,SUCCESS,INFO,19401,19401,0,,2026-08-25T19:26:03.177Z,2026-08-25T21:23:56.829Z,7073,2026-08-25T21:23:56.829Z,DRD-KVB,KVB,7eb7a049-5d17-4a23-bb2f-3b9c445afd32,SAMMS-KVBv5
202608252121598645,202608251925574290,202608251925573776,85,2350,Bronze INV,br_LabResult,TASK_COMPLETE,SUCCESS,INFO,23689,23689,0,,2026-08-25T19:26:03.177Z,2026-08-25T21:23:56.829Z,7073,2026-08-25T21:23:56.829Z,DRD-KVC,KVC,7eb7a049-5d17-4a23-bb2f-3b9c445afd32,SAMMS-KVCv5
202608252121598646,202608251925574291,202608251925573776,85,2351,Bronze INV,br_LabResult,TASK_COMPLETE,SUCCESS,INFO,6445,6445,0,,2026-08-25T19:26:03.177Z,2026-08-25T21:23:56.829Z,7073,2026-08-25T21:23:56.829Z,DRD-NOLA,NOLA,7eb7a049-5d17-4a23-bb2f-3b9c445afd32,SAMMS-NOLAv5
202608252121598648,202608251925574292,202608251925573776,85,2352,Bronze INV,br_LabResult,TASK_COMPLETE,SUCCESS,INFO,5688,5688,0,,2026-08-25T19:26:03.177Z,2026-08-25T21:23:56.829Z,7073,2026-08-25T21:23:56.829Z,DRD-SF,Springfield,7eb7a049-5d17-4a23-bb2f-3b9c445afd32,SAMMS-SFv5
202608252121598649,202608251925574293,202608251925573776,85,2354,Bronze INV,br_LabResult,TASK_COMPLETE,SUCCESS,INFO,9545,9545,0,,2026-08-25T19:26:03.177Z,2026-08-25T21:23:56.829Z,7073,2026-08-25T21:23:56.829Z,ELC,Elizabeth City,7eb7a049-5d17-4a23-bb2f-3b9c445afd32,SAMMS-ElizabethCity
202608252121598650,202608251925574294,202608251925573776,85,2355,Bronze INV,br_LabResult,TASK_COMPLETE,SUCCESS,INFO,2231,2231,0,,2026-08-25T19:26:03.177Z,2026-08-25T21:23:56.829Z,7073,2026-08-25T21:23:56.829Z,ET,Elizabethtown,7eb7a049-5d17-4a23-bb2f-3b9c445afd32,SAMMS-Elizabethtown
202608252121598651,202608251925574295,202608251925573776,85,2356,Bronze INV,br_LabResult,TASK_COMPLETE,SUCCESS,INFO,1,1,0,,2026-08-25T19:26:03.177Z,2026-08-25T21:23:56.829Z,7073,2026-08-25T21:23:56.829Z,FAY,Fayetteville,7eb7a049-5d17-4a23-bb2f-3b9c445afd32,SAMMS-Fayetteville
202608252121598652,202608251925574296,202608251925573776,85,2357,Bronze INV,br_LabResult,TASK_COMPLETE,SUCCESS,INFO,5345,5345,0,,2026-08-25T19:26:03.177Z,2026-08-25T21:23:56.829Z,7073,2026-08-25T21:23:56.829Z,FR,Frankfort,7eb7a049-5d17-4a23-bb2f-3b9c445afd32,SAMMS-Frankfort
202608252121598653,202608251925574297,202608251925573776,85,2358,Bronze INV,br_LabResult,TASK_COMPLETE,SUCCESS,INFO,2,2,0,,2026-08-25T19:26:03.177Z,2026-08-25T21:23:56.829Z,7073,2026-08-25T21:23:56.829Z,FS,Fort Smith,7eb7a049-5d17-4a23-bb2f-3b9c445afd32,SAMMS-FortSmith
202608252121598655,202608251925574298,202608251925573776,85,2359,Bronze INV,br_LabResult,TASK_COMPLETE,SUCCESS,INFO,9159,9159,0,,2026-08-25T19:26:03.177Z,2026-08-25T21:23:56.829Z,7073,2026-08-25T21:23:56.829Z,FW,Fort Wayne,7eb7a049-5d17-4a23-bb2f-3b9c445afd32,SAMMS-FortWayne
202608252121598656,202608251925574299,202608251925573776,85,2360,Bronze INV,br_LabResult,TASK_COMPLETE,SUCCESS,INFO,2,2,0,,2026-08-25T19:26:03.177Z,2026-08-25T21:23:56.829Z,7073,2026-08-25T21:23:56.829Z,GAL,Gaylord,7eb7a049-5d17-4a23-bb2f-3b9c445afd32,SAMMS-Gaylord
202608252121598657,202608251925574300,202608251925573776,85,2364,Bronze INV,br_LabResult,TASK_COMPLETE,SUCCESS,INFO,4657,4657,0,,2026-08-25T19:26:03.177Z,2026-08-25T21:23:56.829Z,7073,2026-08-25T21:23:56.829Z,HGT,Hagerstown,7eb7a049-5d17-4a23-bb2f-3b9c445afd32,SAMMS-Hagerstown
202608252121598658,202608251925574301,202608251925573776,85,2365,Bronze INV,br_LabResult,TASK_COMPLETE,SUCCESS,INFO,645,645,0,,2026-08-25T19:26:03.177Z,2026-08-25T21:23:56.829Z,7073,2026-08-25T21:23:56.829Z,HNT,Huntsville,7eb7a049-5d17-4a23-bb2f-3b9c445afd32,SAMMS-Huntsville
202608252121598659,202608251925574302,202608251925573776,85,2366,Bronze INV,br_LabResult,TASK_COMPLETE,SUCCESS,INFO,1,1,0,,2026-08-25T19:26:03.177Z,2026-08-25T21:23:56.829Z,7073,2026-08-25T21:23:56.829Z,HS,Hot Springs,7eb7a049-5d17-4a23-bb2f-3b9c445afd32,SAMMS-HotSprings
202608252121598660,202608251925574303,202608251925573776,85,2367,Bronze INV,br_LabResult,TASK_COMPLETE,SUCCESS,INFO,2,2,0,,2026-08-25T19:26:03.177Z,2026-08-25T21:23:56.829Z,7073,2026-08-25T21:23:56.829Z,JON,Jonesboro,7eb7a049-5d17-4a23-bb2f-3b9c445afd32,SAMMS-Jonesboro
202608252121598662,202608251925574304,202608251925573776,85,2369,Bronze INV,br_LabResult,TASK_COMPLETE,SUCCESS,INFO,3,3,0,,2026-08-25T19:26:03.177Z,2026-08-25T21:23:56.829Z,7073,2026-08-25T21:23:56.829Z,LAN,Lansing,7eb7a049-5d17-4a23-bb2f-3b9c445afd32,SAMMS-Lansing
202608252121598663,202608251925574305,202608251925573776,85,2370,Bronze INV,br_LabResult,TASK_COMPLETE,SUCCESS,INFO,27824,27824,0,,2026-08-25T19:26:03.177Z,2026-08-25T21:23:56.829Z,7073,2026-08-25T21:23:56.829Z,LO,Louisville,7eb7a049-5d17-4a23-bb2f-3b9c445afd32,SAMMS-Louisville
202608252121598664,202608251925574306,202608251925573776,85,2371,Bronze INV,br_LabResult,TASK_COMPLETE,SUCCESS,INFO,6519,6519,0,,2026-08-25T19:26:03.177Z,2026-08-25T21:23:56.829Z,7073,2026-08-25T21:23:56.829Z,LV1,Cheyenne,7eb7a049-5d17-4a23-bb2f-3b9c445afd32,SAMMS-Cheyenne
202608252121598665,202608251925574307,202608251925573776,85,2372,Bronze INV,br_LabResult,TASK_COMPLETE,SUCCESS,INFO,9268,9268,0,,2026-08-25T19:26:03.177Z,2026-08-25T21:23:56.829Z,7073,2026-08-25T21:23:56.829Z,LV2,Desert Inn,7eb7a049-5d17-4a23-bb2f-3b9c445afd32,SAMMS-DesertInn
202608252121598666,202608251925574308,202608251925573776,85,2373,Bronze INV,br_LabResult,TASK_COMPLETE,SUCCESS,INFO,1876,1876,0,,2026-08-25T19:26:03.177Z,2026-08-25T21:23:56.829Z,7073,2026-08-25T21:23:56.829Z,LV3,McDaniel,7eb7a049-5d17-4a23-bb2f-3b9c445afd32,SAMMS-McDaniel
202608252121598667,202608251925574309,202608251925573776,85,2376,Bronze INV,br_LabResult,TASK_COMPLETE,SUCCESS,INFO,2,2,0,,2026-08-25T19:26:03.177Z,2026-08-25T21:23:56.829Z,7073,2026-08-25T21:23:56.829Z,MNRE,Monroe,7eb7a049-5d17-4a23-bb2f-3b9c445afd32,SAMMS-Monroe
202608252121598669,202608251925574310,202608251925573776,85,2377,Bronze INV,br_LabResult,TASK_COMPLETE,SUCCESS,INFO,1,1,0,,2026-08-25T19:26:03.177Z,2026-08-25T21:23:56.829Z,7073,2026-08-25T21:23:56.829Z,MP,Mt. Pleasant,7eb7a049-5d17-4a23-bb2f-3b9c445afd32,SAMMS-MtPleasant
202608252121598670,202608251925574311,202608251925573776,85,2378,Bronze INV,br_LabResult,TASK_COMPLETE,SUCCESS,INFO,255,255,0,,2026-08-25T19:26:03.177Z,2026-08-25T21:23:56.829Z,7073,2026-08-25T21:23:56.829Z,MRD,Meridian,7eb7a049-5d17-4a23-bb2f-3b9c445afd32,SAMMS-Meridian
202608252121598671,202608251925574312,202608251925573776,85,2383,Bronze INV,br_LabResult,TASK_COMPLETE,SUCCESS,INFO,7508,7508,0,,2026-08-25T19:26:03.177Z,2026-08-25T21:23:56.829Z,7073,2026-08-25T21:23:56.829Z,NC,North Charleston,7eb7a049-5d17-4a23-bb2f-3b9c445afd32,SAMMS-NorthCharleston
202608252121598672,202608251925574313,202608251925573776,85,2384,Bronze INV,br_LabResult,TASK_COMPLETE,SUCCESS,INFO,2,2,0,,2026-08-25T19:26:03.177Z,2026-08-25T21:23:56.829Z,7073,2026-08-25T21:23:56.829Z,NLR,N. Little Rock,7eb7a049-5d17-4a23-bb2f-3b9c445afd32,SAMMS-NLROBOT
202608252121598673,202608251925574314,202608251925573776,85,2385,Bronze INV,br_LabResult,TASK_COMPLETE,SUCCESS,INFO,1914,1914,0,,2026-08-25T19:26:03.177Z,2026-08-25T21:23:56.829Z,7073,2026-08-25T21:23:56.829Z,PH,Phoenix,7eb7a049-5d17-4a23-bb2f-3b9c445afd32,SAMMS-Phoenix
202608252121598674,202608251925574315,202608251925573776,85,2389,Bronze INV,br_LabResult,TASK_COMPLETE,SUCCESS,INFO,18872,18872,0,,2026-08-25T19:26:03.177Z,2026-08-25T21:23:56.829Z,7073,2026-08-25T21:23:56.829Z,RE,Reno,7eb7a049-5d17-4a23-bb2f-3b9c445afd32,SAMMS-Reno
202608252121598676,202608251925574316,202608251925573776,85,2390,Bronze INV,br_LabResult,TASK_COMPLETE,SUCCESS,INFO,2005,2005,0,,2026-08-25T19:26:03.177Z,2026-08-25T21:23:56.829Z,7073,2026-08-25T21:23:56.829Z,RMD,Richmond,7eb7a049-5d17-4a23-bb2f-3b9c445afd32,SAMMS-Richmond
202608252121598677,202608251925574317,202608251925573776,85,2391,Bronze INV,br_LabResult,TASK_COMPLETE,SUCCESS,INFO,3670,3670,0,,2026-08-25T19:26:03.177Z,2026-08-25T21:23:56.829Z,7073,2026-08-25T21:23:56.829Z,SFN,Springfield North,7eb7a049-5d17-4a23-bb2f-3b9c445afd32,SAMMS-SFNv5
202608252121598678,202608251925574318,202608251925573776,85,2392,Bronze INV,br_LabResult,TASK_COMPLETE,SUCCESS,INFO,156,156,0,,2026-08-25T19:26:03.177Z,2026-08-25T21:23:56.829Z,7073,2026-08-25T21:23:56.829Z,SHP,Shreveport,7eb7a049-5d17-4a23-bb2f-3b9c445afd32,SAMMS-Shreveport
202608252121598679,202608251925574319,202608251925573776,85,2394,Bronze INV,br_LabResult,TASK_COMPLETE,SUCCESS,INFO,4,4,0,,2026-08-25T19:26:03.177Z,2026-08-25T21:23:56.829Z,7073,2026-08-25T21:23:56.829Z,STN,Staunton,7eb7a049-5d17-4a23-bb2f-3b9c445afd32,SAMMS-Staunton
202608252121598680,202608251925574320,202608251925573776,85,2395,Bronze INV,br_LabResult,TASK_COMPLETE,SUCCESS,INFO,244,244,0,,2026-08-25T19:26:03.177Z,2026-08-25T21:23:56.829Z,7073,2026-08-25T21:23:56.829Z,STVN,Stevenson,7eb7a049-5d17-4a23-bb2f-3b9c445afd32,SAMMS-Stevenson
202608252121598681,202608251925574321,202608251925573776,85,2397,Bronze INV,br_LabResult,TASK_COMPLETE,SUCCESS,INFO,5278,5278,0,,2026-08-25T19:26:03.177Z,2026-08-25T21:23:56.829Z,7073,2026-08-25T21:23:56.829Z,TE,Tempe,7eb7a049-5d17-4a23-bb2f-3b9c445afd32,SAMMS-Tempe
202608252121598682,202608251925574322,202608251925573776,85,2398,Bronze INV,br_LabResult,TASK_COMPLETE,SUCCESS,INFO,2,2,0,,2026-08-25T19:26:03.177Z,2026-08-25T21:23:56.829Z,7073,2026-08-25T21:23:56.829Z,TEX,Texarkana,7eb7a049-5d17-4a23-bb2f-3b9c445afd32,SAMMS-Texarkana
202608252121598684,202608251925574323,202608251925573776,85,2399,Bronze INV,br_LabResult,TASK_COMPLETE,SUCCESS,INFO,1666,1666,0,,2026-08-25T19:26:03.177Z,2026-08-25T21:23:56.829Z,7073,2026-08-25T21:23:56.829Z,TTCA,Bessemer,7eb7a049-5d17-4a23-bb2f-3b9c445afd32,SAMMS-BessemerV5
202608252121598685,202608251925574324,202608251925573776,85,2400,Bronze INV,br_LabResult,TASK_COMPLETE,SUCCESS,INFO,2100,2100,0,,2026-08-25T19:26:03.177Z,2026-08-25T21:23:56.829Z,7073,2026-08-25T21:23:56.829Z,TTCB,Cullman,7eb7a049-5d17-4a23-bb2f-3b9c445afd32,SAMMS-CullmanV5
202608252121598686,202608251925574325,202608251925573776,85,2401,Bronze INV,br_LabResult,TASK_COMPLETE,SUCCESS,INFO,4,4,0,,2026-08-25T19:26:03.177Z,2026-08-25T21:23:56.829Z,7073,2026-08-25T21:23:56.829Z,TTCC,Grand Bay,7eb7a049-5d17-4a23-bb2f-3b9c445afd32,SAMMS-GrandBay
202608252121598687,202608251925574326,202608251925573776,85,2402,Bronze INV,br_LabResult,TASK_COMPLETE,SUCCESS,INFO,717,717,0,,2026-08-25T19:26:03.177Z,2026-08-25T21:23:56.829Z,7073,2026-08-25T21:23:56.829Z,TU,Tucson,7eb7a049-5d17-4a23-bb2f-3b9c445afd32,SAMMS-Tucson
202608252121598688,202608251925574327,202608251925573776,85,2404,Bronze INV,br_LabResult,TASK_COMPLETE,SUCCESS,INFO,4984,4984,0,,2026-08-25T19:26:03.177Z,2026-08-25T21:23:56.829Z,7073,2026-08-25T21:23:56.829Z,V1,Memphis South,7eb7a049-5d17-4a23-bb2f-3b9c445afd32,SAMMS-VCPHCS-I-MemphisV5
202608252121598689,202608251925574328,202608251925573776,85,2405,Bronze INV,br_LabResult,TASK_COMPLETE,SUCCESS,INFO,6236,6236,0,,2026-08-25T19:26:03.177Z,2026-08-25T21:23:56.829Z,7073,2026-08-25T21:23:56.829Z,V10,Longmont,7eb7a049-5d17-4a23-bb2f-3b9c445afd32,SAMMS-BoulderV5
202608252121598691,202608251925574329,202608251925573776,85,2406,Bronze INV,br_LabResult,TASK_COMPLETE,SUCCESS,INFO,3558,3558,0,,2026-08-25T19:26:03.177Z,2026-08-25T21:23:56.829Z,7073,2026-08-25T21:23:56.829Z,V10A,Fort Collins,7eb7a049-5d17-4a23-bb2f-3b9c445afd32,SAMMS-FortCollinsV5
202608252121598692,202608251925574330,202608251925573776,85,2407,Bronze INV,br_LabResult,TASK_COMPLETE,SUCCESS,INFO,7566,7566,0,,2026-08-25T19:26:03.177Z,2026-08-25T21:23:56.829Z,7073,2026-08-25T21:23:56.829Z,V11,Westminster,7eb7a049-5d17-4a23-bb2f-3b9c445afd32,SAMMS-VCPHCS-XI-NorthDenverV5
202608252121598693,202608251925574331,202608251925573776,85,2408,Bronze INV,br_LabResult,TASK_COMPLETE,SUCCESS,INFO,10262,10262,0,,2026-08-25T19:26:03.177Z,2026-08-25T21:23:56.829Z,7073,2026-08-25T21:23:56.829Z,V12,Downtown Denver,7eb7a049-5d17-4a23-bb2f-3b9c445afd32,SAMMS-VCPHCS-XII-DowntownDenverV5
202608252121598694,202608251925574332,202608251925573776,85,2409,Bronze INV,br_LabResult,TASK_COMPLETE,SUCCESS,INFO,4812,4812,0,,2026-08-25T19:26:03.177Z,2026-08-25T21:23:56.829Z,7073,2026-08-25T21:23:56.829Z,V12A,Centennial,7eb7a049-5d17-4a23-bb2f-3b9c445afd32,SAMMS-CentennialV5
202608252121598695,202608251925574333,202608251925573776,85,2410,Bronze INV,br_LabResult,TASK_COMPLETE,SUCCESS,INFO,3270,3270,0,,2026-08-25T19:26:03.177Z,2026-08-25T21:23:56.829Z,7073,2026-08-25T21:23:56.829Z,V14,Overland Park,7eb7a049-5d17-4a23-bb2f-3b9c445afd32,SAMMS-VCPHCS-XIV-BridgewayV5
202608252121598696,202608251925574334,202608251925573776,85,2411,Bronze INV,br_LabResult,TASK_COMPLETE,SUCCESS,INFO,2519,2519,0,,2026-08-25T19:26:03.177Z,2026-08-25T21:23:56.829Z,7073,2026-08-25T21:23:56.829Z,V15,Joplin,7eb7a049-5d17-4a23-bb2f-3b9c445afd32,SAMMS-JoplinV5
202608252121598698,202608251925574335,202608251925573776,85,2413,Bronze INV,br_LabResult,TASK_COMPLETE,SUCCESS,INFO,905,905,0,,2026-08-25T19:26:03.177Z,2026-08-25T21:23:56.829Z,7073,2026-08-25T21:23:56.829Z,V17,Columbia TN,7eb7a049-5d17-4a23-bb2f-3b9c445afd32,SAMMS-ColumbiaTNv5
202608252121598699,202608251925574336,202608251925573776,85,2415,Bronze INV,br_LabResult,TASK_COMPLETE,SUCCESS,INFO,4894,4894,0,,2026-08-25T19:26:03.177Z,2026-08-25T21:23:56.829Z,7073,2026-08-25T21:23:56.829Z,V19,Jackson,7eb7a049-5d17-4a23-bb2f-3b9c445afd32,SAMMS-JacksonV5
202608262209456553,202608261955398305,202608261955398282,86,8582,Silver INV,sl_LABResultDetail,TASK_COMPLETE,SUCCESS,INFO,565339,565339,0,,2026-08-26T19:55:35.047Z,2026-08-26T22:11:39.517Z,8164,2026-08-26T22:11:39.517Z,,,20846baf-2fe5-403c-85d4-31520e88a3ce,
202608262209456472,202608261955298970,202608261955298282,85,230,Bronze INV,br_AdmissionAssessment,TASK_COMPLETE,SUCCESS,INFO,28,28,0,,2026-08-26T19:55:35.047Z,2026-08-26T22:11:39.517Z,8164,2026-08-26T22:11:39.517Z,AHK,Ahoskie,20846baf-2fe5-403c-85d4-31520e88a3ce,SAMMS-Ahoskie
202608262209456473,202608261955299086,202608261955298282,85,231,Bronze INV,br_AdmissionAssessment,TASK_COMPLETE,SUCCESS,INFO,233,233,0,,2026-08-26T19:55:35.047Z,2026-08-26T22:11:39.517Z,8164,2026-08-26T22:11:39.517Z,B12B,Colorado Springs,20846baf-2fe5-403c-85d4-31520e88a3ce,SAMMS-ColoradoSpringsV5
202608262209456474,202608261955299087,202608261955298282,85,232,Bronze INV,br_AdmissionAssessment,TASK_COMPLETE,SUCCESS,INFO,8,8,0,,2026-08-26T19:55:35.047Z,2026-08-26T22:11:39.517Z,8164,2026-08-26T22:11:39.517Z,B24,Paintsville,20846baf-2fe5-403c-85d4-31520e88a3ce,SAMMS-PaintsvilleV5
202608262209456475,202608261955299088,202608261955298282,85,233,Bronze INV,br_AdmissionAssessment,TASK_COMPLETE,SUCCESS,INFO,1,1,0,,2026-08-26T19:55:35.047Z,2026-08-26T22:11:39.517Z,8164,2026-08-26T22:11:39.517Z,B25,Pikeville,20846baf-2fe5-403c-85d4-31520e88a3ce,SAMMS-PikevilleV5
202608262209456476,202608261955299089,202608261955298282,85,234,Bronze INV,br_AdmissionAssessment,TASK_COMPLETE,SUCCESS,INFO,0,0,0,,2026-08-26T19:55:35.047Z,2026-08-26T22:11:39.517Z,8164,2026-08-26T22:11:39.517Z,B26,Hazard,20846baf-2fe5-403c-85d4-31520e88a3ce,SAMMS-HazardV5
202608262209456477,202608261955299090,202608261955298282,85,235,Bronze INV,br_AdmissionAssessment,TASK_COMPLETE,SUCCESS,INFO,51,51,0,,2026-08-26T19:55:35.047Z,2026-08-26T22:11:39.517Z,8164,2026-08-26T22:11:39.517Z,B27,Savannah,20846baf-2fe5-403c-85d4-31520e88a3ce,SAMMS-SavannahV6
202608262209456479,202608261955299091,202608261955298282,85,236,Bronze INV,br_AdmissionAssessment,TASK_COMPLETE,SUCCESS,INFO,99,99,0,,2026-08-26T19:55:35.047Z,2026-08-26T22:11:39.517Z,8164,2026-08-26T22:11:39.517Z,B28,West Plains,20846baf-2fe5-403c-85d4-31520e88a3ce,SAMMS-WestPlainesV5
202608262209456480,202608261955299092,202608261955298282,85,237,Bronze INV,br_AdmissionAssessment,TASK_COMPLETE,SUCCESS,INFO,80,80,0,,2026-08-26T19:55:35.047Z,2026-08-26T22:11:39.517Z,8164,2026-08-26T22:11:39.517Z,B29,Poplar Bluff,20846baf-2fe5-403c-85d4-31520e88a3ce,SAMMS-PoplarBluffV5
202608262209456481,202608261955299093,202608261955298282,85,238,Bronze INV,br_AdmissionAssessment,TASK_COMPLETE,SUCCESS,INFO,75,75,0,,2026-08-26T19:55:35.047Z,2026-08-26T22:11:39.517Z,8164,2026-08-26T22:11:39.517Z,B30,KC North,20846baf-2fe5-403c-85d4-31520e88a3ce,SAMMS-KCNv5
202608262209456482,202608261955299094,202608261955298282,85,239,Bronze INV,br_AdmissionAssessment,TASK_COMPLETE,SUCCESS,INFO,111,111,0,,2026-08-26T19:55:35.047Z,2026-08-26T22:11:39.517Z,8164,2026-08-26T22:11:39.517Z,B31,Dyersburg,20846baf-2fe5-403c-85d4-31520e88a3ce,SAMMS-DyersburgV5
202608262209456483,202608261955299095,202608261955298282,85,241,Bronze INV,br_AdmissionAssessment,TASK_COMPLETE,SUCCESS,INFO,1,1,0,,2026-08-26T19:55:35.047Z,2026-08-26T22:11:39.517Z,8164,2026-08-26T22:11:39.517Z,B33,Paducah,20846baf-2fe5-403c-85d4-31520e88a3ce,SAMMS-Paducah
202608262209456484,202608261955299096,202608261955298282,85,242,Bronze INV,br_AdmissionAssessment,TASK_COMPLETE,SUCCESS,INFO,1,1,0,,2026-08-26T19:55:35.047Z,2026-08-26T22:11:39.517Z,8164,2026-08-26T22:11:39.517Z,B34,Corbin,20846baf-2fe5-403c-85d4-31520e88a3ce,SAMMS-CorbinV5
202608262209456485,202608261955299097,202608261955298282,85,243,Bronze INV,br_AdmissionAssessment,TASK_COMPLETE,SUCCESS,INFO,5,5,0,,2026-08-26T19:55:35.047Z,2026-08-26T22:11:39.517Z,8164,2026-08-26T22:11:39.517Z,B35,Lexington,20846baf-2fe5-403c-85d4-31520e88a3ce,SAMMS-LexingtonV5
202608262209456487,202608261955299098,202608261955298282,85,244,Bronze INV,br_AdmissionAssessment,TASK_COMPLETE,SUCCESS,INFO,4,4,0,,2026-08-26T19:55:35.047Z,2026-08-26T22:11:39.517Z,8164,2026-08-26T22:11:39.517Z,B35A,Berea,20846baf-2fe5-403c-85d4-31520e88a3ce,SAMMS-BereaV5
202608262209456488,202608261955299099,202608261955298282,85,245,Bronze INV,br_AdmissionAssessment,TASK_COMPLETE,SUCCESS,INFO,186,186,0,,2026-08-26T19:55:35.047Z,2026-08-26T22:11:39.517Z,8164,2026-08-26T22:11:39.517Z,B36,Asheville,20846baf-2fe5-403c-85d4-31520e88a3ce,SAMMS-AshevilleV5
202608262209456489,202608261955299100,202608261955298282,85,246,Bronze INV,br_AdmissionAssessment,TASK_COMPLETE,SUCCESS,INFO,142,142,0,,2026-08-26T19:55:35.047Z,2026-08-26T22:11:39.517Z,8164,2026-08-26T22:11:39.517Z,B37,Clyde,20846baf-2fe5-403c-85d4-31520e88a3ce,SAMMS-ClydeV5
202608262209456490,202608261955299101,202608261955298282,85,247,Bronze INV,br_AdmissionAssessment,TASK_COMPLETE,SUCCESS,INFO,187,187,0,,2026-08-26T19:55:35.047Z,2026-08-26T22:11:39.517Z,8164,2026-08-26T22:11:39.517Z,B38,Spartanburg,20846baf-2fe5-403c-85d4-31520e88a3ce,SAMMS-SpartanburgV5
202608262209456491,202608261955299102,202608261955298282,85,248,Bronze INV,br_AdmissionAssessment,TASK_COMPLETE,SUCCESS,INFO,166,166,0,,2026-08-26T19:55:35.047Z,2026-08-26T22:11:39.517Z,8164,2026-08-26T22:11:39.517Z,B39,Aiken,20846baf-2fe5-403c-85d4-31520e88a3ce,SAMMS-AikenV5
202608262209456492,202608261955299103,202608261955298282,85,249,Bronze INV,br_AdmissionAssessment,TASK_COMPLETE,SUCCESS,INFO,2,2,0,,2026-08-26T19:55:35.047Z,2026-08-26T22:11:39.517Z,8164,2026-08-26T22:11:39.517Z,B41,Chesapeake,20846baf-2fe5-403c-85d4-31520e88a3ce,SAMMS-ChesapeakeV5
202608262209456493,202608261955299104,202608261955298282,85,250,Bronze INV,br_AdmissionAssessment,TASK_COMPLETE,SUCCESS,INFO,1,1,0,,2026-08-26T19:55:35.047Z,2026-08-26T22:11:39.517Z,8164,2026-08-26T22:11:39.517Z,B42,Virginia Beach,20846baf-2fe5-403c-85d4-31520e88a3ce,SAMMS-VirginiaBeachV5
202608262209456494,202608261955299105,202608261955298282,85,251,Bronze INV,br_AdmissionAssessment,TASK_COMPLETE,SUCCESS,INFO,1,1,0,,2026-08-26T19:55:35.047Z,2026-08-26T22:11:39.517Z,8164,2026-08-26T22:11:39.517Z,B42A,Newport News,20846baf-2fe5-403c-85d4-31520e88a3ce,SAMMS-NewportNewsV5
202608262209456496,202608261955299106,202608261955298282,85,252,Bronze INV,br_AdmissionAssessment,TASK_COMPLETE,SUCCESS,INFO,0,0,0,,2026-08-26T19:55:35.047Z,2026-08-26T22:11:39.517Z,8164,2026-08-26T22:11:39.517Z,B42B,Franklin,20846baf-2fe5-403c-85d4-31520e88a3ce,SAMMS-FranklinV5
202608262209456497,202608261955299107,202608261955298282,85,253,Bronze INV,br_AdmissionAssessment,TASK_COMPLETE,SUCCESS,INFO,2,2,0,,2026-08-26T19:55:35.047Z,2026-08-26T22:11:39.517Z,8164,2026-08-26T22:11:39.517Z,B42C,Glen Allen,20846baf-2fe5-403c-85d4-31520e88a3ce,SAMMS-GlenAllenV5
202608262209456498,202608261955299108,202608261955298282,85,254,Bronze INV,br_AdmissionAssessment,TASK_COMPLETE,SUCCESS,INFO,1,1,0,,2026-08-26T19:55:35.047Z,2026-08-26T22:11:39.517Z,8164,2026-08-26T22:11:39.517Z,B42D,Chesapeake South,20846baf-2fe5-403c-85d4-31520e88a3ce,SAMMS-ChesapeakeSouthV5
202608262209456499,202608261955299109,202608261955298282,85,255,Bronze INV,br_AdmissionAssessment,TASK_COMPLETE,SUCCESS,INFO,56,56,0,,2026-08-26T19:55:35.047Z,2026-08-26T22:11:39.517Z,8164,2026-08-26T22:11:39.517Z,B44,Albany,20846baf-2fe5-403c-85d4-31520e88a3ce,SAMMS-AlbanyV5
202608262209456500,202608261955299110,202608261955298282,85,256,Bronze INV,br_AdmissionAssessment,TASK_COMPLETE,SUCCESS,INFO,69,69,0,,2026-08-26T19:55:35.047Z,2026-08-26T22:11:39.517Z,8164,2026-08-26T22:11:39.517Z,B45,Tifton,20846baf-2fe5-403c-85d4-31520e88a3ce,SAMMS-TiftonV5
202608262209456501,202608261955299111,202608261955298282,85,257,Bronze INV,br_AdmissionAssessment,TASK_COMPLETE,SUCCESS,INFO,338,338,0,,2026-08-26T19:55:35.047Z,2026-08-26T22:11:39.517Z,8164,2026-08-26T22:11:39.517Z,B46,Washington DC,20846baf-2fe5-403c-85d4-31520e88a3ce,SAMMS-WashingtonDCv5
202608262209456502,202608261955299112,202608261955298282,85,258,Bronze INV,br_AdmissionAssessment,TASK_COMPLETE,SUCCESS,INFO,95,95,0,,2026-08-26T19:55:35.047Z,2026-08-26T22:11:39.517Z,8164,2026-08-26T22:11:39.517Z,B47,Mobile,20846baf-2fe5-403c-85d4-31520e88a3ce,SAMMS-MobileV5
202608262209456503,202608261955299113,202608261955298282,85,259,Bronze INV,br_AdmissionAssessment,TASK_COMPLETE,SUCCESS,INFO,151,151,0,,2026-08-26T19:55:35.047Z,2026-08-26T22:11:39.517Z,8164,2026-08-26T22:11:39.517Z,B48,Tuscaloosa,20846baf-2fe5-403c-85d4-31520e88a3ce,SAMMS-TuscaloosaV5
202608262209456505,202608261955299114,202608261955298282,85,268,Bronze INV,br_AdmissionAssessment,TASK_COMPLETE,SUCCESS,INFO,79,79,0,,2026-08-26T19:55:35.047Z,2026-08-26T22:11:39.517Z,8164,2026-08-26T22:11:39.517Z,B51,N. Little Rock (OTP),20846baf-2fe5-403c-85d4-31520e88a3ce,SAMMS-NorthLittleRockV6
202608262209456506,202608261955299115,202608261955298282,85,269,Bronze INV,br_AdmissionAssessment,TASK_COMPLETE,SUCCESS,INFO,48,48,0,,2026-08-26T19:55:35.047Z,2026-08-26T22:11:39.517Z,8164,2026-08-26T22:11:39.517Z,B52,Jackson GA,20846baf-2fe5-403c-85d4-31520e88a3ce,SAMMS-JacksonGAV5
202608262209456507,202608261955299116,202608261955298282,85,270,Bronze INV,br_AdmissionAssessment,TASK_COMPLETE,SUCCESS,INFO,158,158,0,,2026-08-26T19:55:35.047Z,2026-08-26T22:11:39.517Z,8164,2026-08-26T22:11:39.517Z,B54,Gadsden,20846baf-2fe5-403c-85d4-31520e88a3ce,SAMMS-GadsdenV5
202608262209456508,202608261955299117,202608261955298282,85,271,Bronze INV,br_AdmissionAssessment,TASK_COMPLETE,SUCCESS,INFO,156,156,0,,2026-08-26T19:55:35.047Z,2026-08-26T22:11:39.517Z,8164,2026-08-26T22:11:39.517Z,B55,Shoals,20846baf-2fe5-403c-85d4-31520e88a3ce,SAMMS-ShoalsV5
202608262209456509,202608261955299118,202608261955298282,85,272,Bronze INV,br_AdmissionAssessment,TASK_COMPLETE,SUCCESS,INFO,39,39,0,,2026-08-26T19:55:35.047Z,2026-08-26T22:11:39.517Z,8164,2026-08-26T22:11:39.517Z,B57,Pawtucket,20846baf-2fe5-403c-85d4-31520e88a3ce,SAMMS-Pawtucket
202608262209456510,202608261955299119,202608261955298282,85,273,Bronze INV,br_AdmissionAssessment,TASK_COMPLETE,SUCCESS,INFO,82,82,0,,2026-08-26T19:55:35.047Z,2026-08-26T22:11:39.517Z,8164,2026-08-26T22:11:39.517Z,B57A,Johnston,20846baf-2fe5-403c-85d4-31520e88a3ce,SAMMS-Johnston
202608262209456511,202608261955299120,202608261955298282,85,274,Bronze INV,br_AdmissionAssessment,TASK_COMPLETE,SUCCESS,INFO,41,41,0,,2026-08-26T19:55:35.047Z,2026-08-26T22:11:39.517Z,8164,2026-08-26T22:11:39.517Z,B57B,Middletown,20846baf-2fe5-403c-85d4-31520e88a3ce,SAMMS-Middletown
202608262209456512,202608261955299121,202608261955298282,85,275,Bronze INV,br_AdmissionAssessment,TASK_COMPLETE,SUCCESS,INFO,74,74,0,,2026-08-26T19:55:35.047Z,2026-08-26T22:11:39.517Z,8164,2026-08-26T22:11:39.517Z,B57C,Providence,20846baf-2fe5-403c-85d4-31520e88a3ce,SAMMS-Providence
202608262209456513,202608261955299122,202608261955298282,85,276,Bronze INV,br_AdmissionAssessment,TASK_COMPLETE,SUCCESS,INFO,78,78,0,,2026-08-26T19:55:35.047Z,2026-08-26T22:11:39.517Z,8164,2026-08-26T22:11:39.517Z,B57D,Westerly,20846baf-2fe5-403c-85d4-31520e88a3ce,SAMMS-Westerly
202608262209456514,202608261955299123,202608261955298282,85,280,Bronze INV,br_AdmissionAssessment,TASK_COMPLETE,SUCCESS,INFO,84,84,0,,2026-08-26T19:55:35.047Z,2026-08-26T22:11:39.517Z,8164,2026-08-26T22:11:39.517Z,B66A,Bremen,20846baf-2fe5-403c-85d4-31520e88a3ce,SAMMS-Bremen
202608262209456516,202608261955299124,202608261955298282,85,283,Bronze INV,br_AdmissionAssessment,TASK_COMPLETE,SUCCESS,INFO,26,26,0,,2026-08-26T19:55:35.047Z,2026-08-26T22:11:39.517Z,8164,2026-08-26T22:11:39.517Z,B72,Mobile (OBOT),20846baf-2fe5-403c-85d4-31520e88a3ce,SAMMS-Mobile-OBOT
202608262209456517,202608261955299125,202608261955298282,85,284,Bronze INV,br_AdmissionAssessment,TASK_COMPLETE,SUCCESS,INFO,2,2,0,,2026-08-26T19:55:35.047Z,2026-08-26T22:11:39.517Z,8164,2026-08-26T22:11:39.517Z,B73,Montgomery,20846baf-2fe5-403c-85d4-31520e88a3ce,SAMMS-Montgomery
202608262209456518,202608261955299126,202608261955298282,85,285,Bronze INV,br_AdmissionAssessment,TASK_COMPLETE,SUCCESS,INFO,107,107,0,,2026-08-26T19:55:35.047Z,2026-08-26T22:11:39.517Z,8164,2026-08-26T22:11:39.517Z,B75,Lawrence,20846baf-2fe5-403c-85d4-31520e88a3ce,SAMMS-LawrenceV6
202608262209456519,202608261955299127,202608261955298282,85,286,Bronze INV,br_AdmissionAssessment,TASK_COMPLETE,SUCCESS,INFO,50,50,0,,2026-08-26T19:55:35.047Z,2026-08-26T22:11:39.517Z,8164,2026-08-26T22:11:39.517Z,B76,Huntsville OBOT,20846baf-2fe5-403c-85d4-31520e88a3ce,SAMMS-Huntsville-OBOT
202608262209456520,202608261955299128,202608261955298282,85,287,Bronze INV,br_AdmissionAssessment,TASK_COMPLETE,SUCCESS,INFO,142,142,0,,2026-08-26T19:55:35.047Z,2026-08-26T22:11:39.517Z,8164,2026-08-26T22:11:39.517Z,BAT,Batesville,20846baf-2fe5-403c-85d4-31520e88a3ce,SAMMS-Batesville
202608262209456521,202608261955299129,202608261955298282,85,288,Bronze INV,br_AdmissionAssessment,TASK_COMPLETE,SUCCESS,INFO,0,0,0,,2026-08-26T19:55:35.047Z,2026-08-26T22:11:39.517Z,8164,2026-08-26T22:11:39.517Z,BG,Bowling Green,20846baf-2fe5-403c-85d4-31520e88a3ce,SAMMS-BowlingGreen
202608262209456522,202608261955299130,202608261955298282,85,289,Bronze INV,br_AdmissionAssessment,TASK_COMPLETE,SUCCESS,INFO,85,85,0,,2026-08-26T19:55:35.047Z,2026-08-26T22:11:39.517Z,8164,2026-08-26T22:11:39.517Z,BOI,Boise,20846baf-2fe5-403c-85d4-31520e88a3ce,SAMMS-Boise
202608262209456523,202608261955299131,202608261955298282,85,296,Bronze INV,br_AdmissionAssessment,TASK_COMPLETE,SUCCESS,INFO,56,56,0,,2026-08-26T19:55:35.047Z,2026-08-26T22:11:39.517Z,8164,2026-08-26T22:11:39.517Z,CBCO,Coeur dAlene,20846baf-2fe5-403c-85d4-31520e88a3ce,SAMMS-CoeurdAleneV6
202608262209456524,202608261955299132,202608261955298282,85,315,Bronze INV,br_AdmissionAssessment,TASK_COMPLETE,SUCCESS,INFO,123,123,0,,2026-08-26T19:55:35.047Z,2026-08-26T22:11:39.517Z,8164,2026-08-26T22:11:39.517Z,CON,Conway,20846baf-2fe5-403c-85d4-31520e88a3ce,SAMMS-Conway
202608262209456525,202608261955299133,202608261955298282,85,316,Bronze INV,br_AdmissionAssessment,TASK_COMPLETE,SUCCESS,INFO,146,146,0,,2026-08-26T19:55:35.047Z,2026-08-26T22:11:39.517Z,8164,2026-08-26T22:11:39.517Z,D07,Medical Services Knox TN,20846baf-2fe5-403c-85d4-31520e88a3ce,SAMMS-KnoxvilleV6
202608262209456527,202608261955299134,202608261955298282,85,317,Bronze INV,br_AdmissionAssessment,TASK_COMPLETE,SUCCESS,INFO,175,175,0,,2026-08-26T19:55:35.047Z,2026-08-26T22:11:39.517Z,8164,2026-08-26T22:11:39.517Z,D08,Madison,20846baf-2fe5-403c-85d4-31520e88a3ce,SAMMS-MadisonV6
202608262209456528,202608261955299135,202608261955298282,85,319,Bronze INV,br_AdmissionAssessment,TASK_COMPLETE,SUCCESS,INFO,204,204,0,,2026-08-26T19:55:35.047Z,2026-08-26T22:11:39.517Z,8164,2026-08-26T22:11:39.517Z,D09,Murfreesboro,20846baf-2fe5-403c-85d4-31520e88a3ce,SAMMS-MurfreesboroV6
202608262209456529,202608261955299136,202608261955298282,85,320,Bronze INV,br_AdmissionAssessment,TASK_COMPLETE,SUCCESS,INFO,82,82,0,,2026-08-26T19:55:35.047Z,2026-08-26T22:11:39.517Z,8164,2026-08-26T22:11:39.517Z,DA,Davenport,20846baf-2fe5-403c-85d4-31520e88a3ce,SAMMS-Davenport
202608262209456530,202608261955299137,202608261955298282,85,321,Bronze INV,br_AdmissionAssessment,TASK_COMPLETE,SUCCESS,INFO,137,137,0,,2026-08-26T19:55:35.047Z,2026-08-26T22:11:39.517Z,8164,2026-08-26T22:11:39.517Z,DM,Des Moines,20846baf-2fe5-403c-85d4-31520e88a3ce,SAMMS-DesMoines
202608262209456531,202608261955299138,202608261955298282,85,323,Bronze INV,br_AdmissionAssessment,TASK_COMPLETE,SUCCESS,INFO,145,145,0,,2026-08-26T19:55:35.047Z,2026-08-26T22:11:39.517Z,8164,2026-08-26T22:11:39.517Z,DRD-CO,Columbia MO,20846baf-2fe5-403c-85d4-31520e88a3ce,SAMMS-ColumbiaV5
202608262209456532,202608261955299139,202608261955298282,85,324,Bronze INV,br_AdmissionAssessment,TASK_COMPLETE,SUCCESS,INFO,161,161,0,,2026-08-26T19:55:35.047Z,2026-08-26T22:11:39.517Z,8164,2026-08-26T22:11:39.517Z,DRD-KC,KC,20846baf-2fe5-403c-85d4-31520e88a3ce,SAMMS-KCv5
202608262209456533,202608261955299140,202608261955298282,85,325,Bronze INV,br_AdmissionAssessment,TASK_COMPLETE,SUCCESS,INFO,121,121,0,,2026-08-26T19:55:35.047Z,2026-08-26T22:11:39.517Z,8164,2026-08-26T22:11:39.517Z,DRD-KVB,KVB,20846baf-2fe5-403c-85d4-31520e88a3ce,SAMMS-KVBv5
202608262209456534,202608261955299141,202608261955298282,85,326,Bronze INV,br_AdmissionAssessment,TASK_COMPLETE,SUCCESS,INFO,370,370,0,,2026-08-26T19:55:35.047Z,2026-08-26T22:11:39.517Z,8164,2026-08-26T22:11:39.517Z,DRD-KVC,KVC,20846baf-2fe5-403c-85d4-31520e88a3ce,SAMMS-KVCv5
202608262209456535,202608261955299142,202608261955298282,85,327,Bronze INV,br_AdmissionAssessment,TASK_COMPLETE,SUCCESS,INFO,331,331,0,,2026-08-26T19:55:35.047Z,2026-08-26T22:11:39.517Z,8164,2026-08-26T22:11:39.517Z,DRD-NOLA,NOLA,20846baf-2fe5-403c-85d4-31520e88a3ce,SAMMS-NOLAv5
202608262209456536,202608261955299143,202608261955298282,85,328,Bronze INV,br_AdmissionAssessment,TASK_COMPLETE,SUCCESS,INFO,248,248,0,,2026-08-26T19:55:35.047Z,2026-08-26T22:11:39.517Z,8164,2026-08-26T22:11:39.517Z,DRD-SF,Springfield,20846baf-2fe5-403c-85d4-31520e88a3ce,SAMMS-SFv5
202608262209456538,202608261955299144,202608261955298282,85,330,Bronze INV,br_AdmissionAssessment,TASK_COMPLETE,SUCCESS,INFO,88,88,0,,2026-08-26T19:55:35.047Z,2026-08-26T22:11:39.517Z,8164,2026-08-26T22:11:39.517Z,ELC,Elizabeth City,20846baf-2fe5-403c-85d4-31520e88a3ce,SAMMS-ElizabethCity
202608262209456539,202608261955299145,202608261955298282,85,331,Bronze INV,br_AdmissionAssessment,TASK_COMPLETE,SUCCESS,INFO,4,4,0,,2026-08-26T19:55:35.047Z,2026-08-26T22:11:39.517Z,8164,2026-08-26T22:11:39.517Z,ET,Elizabethtown,20846baf-2fe5-403c-85d4-31520e88a3ce,SAMMS-Elizabethtown
202608262209456540,202608261955299146,202608261955298282,85,332,Bronze INV,br_AdmissionAssessment,TASK_COMPLETE,SUCCESS,INFO,115,115,0,,2026-08-26T19:55:35.047Z,2026-08-26T22:11:39.517Z,8164,2026-08-26T22:11:39.517Z,FAY,Fayetteville,20846baf-2fe5-403c-85d4-31520e88a3ce,SAMMS-Fayetteville
202608262209456541,202608261955299147,202608261955298282,85,333,Bronze INV,br_AdmissionAssessment,TASK_COMPLETE,SUCCESS,INFO,3,3,0,,2026-08-26T19:55:35.047Z,2026-08-26T22:11:39.517Z,8164,2026-08-26T22:11:39.517Z,FR,Frankfort,20846baf-2fe5-403c-85d4-31520e88a3ce,SAMMS-Frankfort
202608262209456542,202608261955299148,202608261955298282,85,334,Bronze INV,br_AdmissionAssessment,TASK_COMPLETE,SUCCESS,INFO,108,108,0,,2026-08-26T19:55:35.047Z,2026-08-26T22:11:39.517Z,8164,2026-08-26T22:11:39.517Z,FS,Fort Smith,20846baf-2fe5-403c-85d4-31520e88a3ce,SAMMS-FortSmith
202608262209456543,202608261955299149,202608261955298282,85,335,Bronze INV,br_AdmissionAssessment,TASK_COMPLETE,SUCCESS,INFO,205,205,0,,2026-08-26T19:55:35.047Z,2026-08-26T22:11:39.517Z,8164,2026-08-26T22:11:39.517Z,FW,Fort Wayne,20846baf-2fe5-403c-85d4-31520e88a3ce,SAMMS-FortWayne
202608262209456544,202608261955299150,202608261955298282,85,336,Bronze INV,br_AdmissionAssessment,TASK_COMPLETE,SUCCESS,INFO,35,35,0,,2026-08-26T19:55:35.047Z,2026-08-26T22:11:39.517Z,8164,2026-08-26T22:11:39.517Z,GAL,Gaylord,20846baf-2fe5-403c-85d4-31520e88a3ce,SAMMS-Gaylord
202608262209456545,202608261955299151,202608261955298282,85,340,Bronze INV,br_AdmissionAssessment,TASK_COMPLETE,SUCCESS,INFO,164,164,0,,2026-08-26T19:55:35.047Z,2026-08-26T22:11:39.517Z,8164,2026-08-26T22:11:39.517Z,HGT,Hagerstown,20846baf-2fe5-403c-85d4-31520e88a3ce,SAMMS-Hagerstown
202608262209456546,202608261955299152,202608261955298282,85,341,Bronze INV,br_AdmissionAssessment,TASK_COMPLETE,SUCCESS,INFO,122,122,0,,2026-08-26T19:55:35.047Z,2026-08-26T22:11:39.517Z,8164,2026-08-26T22:11:39.517Z,HNT,Huntsville,20846baf-2fe5-403c-85d4-31520e88a3ce,SAMMS-Huntsville
202608262209456547,202608261955299153,202608261955298282,85,342,Bronze INV,br_AdmissionAssessment,TASK_COMPLETE,SUCCESS,INFO,152,152,0,,2026-08-26T19:55:35.047Z,2026-08-26T22:11:39.517Z,8164,2026-08-26T22:11:39.517Z,HS,Hot Springs,20846baf-2fe5-403c-85d4-31520e88a3ce,SAMMS-HotSprings
202608262209456549,202608261955299154,202608261955298282,85,343,Bronze INV,br_AdmissionAssessment,TASK_COMPLETE,SUCCESS,INFO,78,78,0,,2026-08-26T19:55:35.047Z,2026-08-26T22:11:39.517Z,8164,2026-08-26T22:11:39.517Z,JON,Jonesboro,20846baf-2fe5-403c-85d4-31520e88a3ce,SAMMS-Jonesboro
202608262209456550,202608261955299155,202608261955298282,85,345,Bronze INV,br_AdmissionAssessment,TASK_COMPLETE,SUCCESS,INFO,72,72,0,,2026-08-26T19:55:35.047Z,2026-08-26T22:11:39.517Z,8164,2026-08-26T22:11:39.517Z,LAN,Lansing,20846baf-2fe5-403c-85d4-31520e88a3ce,SAMMS-Lansing
202608262209456551,202608261955299156,202608261955298282,85,346,Bronze INV,br_AdmissionAssessment,TASK_COMPLETE,SUCCESS,INFO,2,2,0,,2026-08-26T19:55:35.047Z,2026-08-26T22:11:39.517Z,8164,2026-08-26T22:11:39.517Z,LO,Louisville,20846baf-2fe5-403c-85d4-31520e88a3ce,SAMMS-Louisville
202608262209456552,202608261955299157,202608261955298282,85,347,Bronze INV,br_AdmissionAssessment,TASK_COMPLETE,SUCCESS,INFO,379,379,0,,2026-08-26T19:55:35.047Z,2026-08-26T22:11:39.517Z,8164,2026-08-26T22:11:39.517Z,LV1,Cheyenne,20846baf-2fe5-403c-85d4-31520e88a3ce,SAMMS-Cheyenne
202608262209456553,202608261955299158,202608261955298282,85,348,Bronze INV,br_AdmissionAssessment,TASK_COMPLETE,SUCCESS,INFO,353,353,0,,2026-08-26T19:55:35.047Z,2026-08-26T22:11:39.517Z,8164,2026-08-26T22:11:39.517Z,LV2,Desert Inn,20846baf-2fe5-403c-85d4-31520e88a3ce,SAMMS-DesertInn
202608262209456554,202608261955299159,202608261955298282,85,349,Bronze INV,br_AdmissionAssessment,TASK_COMPLETE,SUCCESS,INFO,107,107,0,,2026-08-26T19:55:35.047Z,2026-08-26T22:11:39.517Z,8164,2026-08-26T22:11:39.517Z,LV3,McDaniel,20846baf-2fe5-403c-85d4-31520e88a3ce,SAMMS-McDaniel
202608262209456555,202608261955299160,202608261955298282,85,352,Bronze INV,br_AdmissionAssessment,TASK_COMPLETE,SUCCESS,INFO,90,90,0,,2026-08-26T19:55:35.047Z,2026-08-26T22:11:39.517Z,8164,2026-08-26T22:11:39.517Z,MNRE,Monroe,20846baf-2fe5-403c-85d4-31520e88a3ce,SAMMS-Monroe
202608262209456556,202608261955299161,202608261955298282,85,353,Bronze INV,br_AdmissionAssessment,TASK_COMPLETE,SUCCESS,INFO,63,63,0,,2026-08-26T19:55:35.047Z,2026-08-26T22:11:39.517Z,8164,2026-08-26T22:11:39.517Z,MP,Mt. Pleasant,20846baf-2fe5-403c-85d4-31520e88a3ce,SAMMS-MtPleasant
202608262209456558,202608261955299162,202608261955298282,85,354,Bronze INV,br_AdmissionAssessment,TASK_COMPLETE,SUCCESS,INFO,54,54,0,,2026-08-26T19:55:35.047Z,2026-08-26T22:11:39.517Z,8164,2026-08-26T22:11:39.517Z,MRD,Meridian,20846baf-2fe5-403c-85d4-31520e88a3ce,SAMMS-Meridian
202608262209456559,202608261955299163,202608261955298282,85,359,Bronze INV,br_AdmissionAssessment,TASK_COMPLETE,SUCCESS,INFO,199,199,0,,2026-08-26T19:55:35.047Z,2026-08-26T22:11:39.517Z,8164,2026-08-26T22:11:39.517Z,NC,North Charleston,20846baf-2fe5-403c-85d4-31520e88a3ce,SAMMS-NorthCharleston
202608262209456560,202608261955299164,202608261955298282,85,360,Bronze INV,br_AdmissionAssessment,TASK_COMPLETE,SUCCESS,INFO,284,284,0,,2026-08-26T19:55:35.047Z,2026-08-26T22:11:39.517Z,8164,2026-08-26T22:11:39.517Z,NLR,N. Little Rock,20846baf-2fe5-403c-85d4-31520e88a3ce,SAMMS-NLROBOT
202608262209456561,202608261955299165,202608261955298282,85,361,Bronze INV,br_AdmissionAssessment,TASK_COMPLETE,SUCCESS,INFO,0,0,0,,2026-08-26T19:55:35.047Z,2026-08-26T22:11:39.517Z,8164,2026-08-26T22:11:39.517Z,PH,Phoenix,20846baf-2fe5-403c-85d4-31520e88a3ce,SAMMS-Phoenix
202608262209456562,202608261955299166,202608261955298282,85,365,Bronze INV,br_AdmissionAssessment,TASK_COMPLETE,SUCCESS,INFO,204,204,0,,2026-08-26T19:55:35.047Z,2026-08-26T22:11:39.517Z,8164,2026-08-26T22:11:39.517Z,RE,Reno,20846baf-2fe5-403c-85d4-31520e88a3ce,SAMMS-Reno
202608262209456563,202608261955299167,202608261955298282,85,366,Bronze INV,br_AdmissionAssessment,TASK_COMPLETE,SUCCESS,INFO,2,2,0,,2026-08-26T19:55:35.047Z,2026-08-26T22:11:39.517Z,8164,2026-08-26T22:11:39.517Z,RMD,Richmond,20846baf-2fe5-403c-85d4-31520e88a3ce,SAMMS-Richmond
202608262209456564,202608261955299168,202608261955298282,85,367,Bronze INV,br_AdmissionAssessment,TASK_COMPLETE,SUCCESS,INFO,185,185,0,,2026-08-26T19:55:35.047Z,2026-08-26T22:11:39.517Z,8164,2026-08-26T22:11:39.517Z,SFN,Springfield North,20846baf-2fe5-403c-85d4-31520e88a3ce,SAMMS-SFNv5
202608262209456565,202608261955299169,202608261955298282,85,368,Bronze INV,br_AdmissionAssessment,TASK_COMPLETE,SUCCESS,INFO,158,158,0,,2026-08-26T19:55:35.047Z,2026-08-26T22:11:39.517Z,8164,2026-08-26T22:11:39.517Z,SHP,Shreveport,20846baf-2fe5-403c-85d4-31520e88a3ce,SAMMS-Shreveport
202608262209456567,202608261955299170,202608261955298282,85,370,Bronze INV,br_AdmissionAssessment,TASK_COMPLETE,SUCCESS,INFO,0,0,0,,2026-08-26T19:55:35.047Z,2026-08-26T22:11:39.517Z,8164,2026-08-26T22:11:39.517Z,STN,Staunton,20846baf-2fe5-403c-85d4-31520e88a3ce,SAMMS-Staunton
202608262209456568,202608261955299171,202608261955298282,85,371,Bronze INV,br_AdmissionAssessment,TASK_COMPLETE,SUCCESS,INFO,25,25,0,,2026-08-26T19:55:35.047Z,2026-08-26T22:11:39.517Z,8164,2026-08-26T22:11:39.517Z,STVN,Stevenson,20846baf-2fe5-403c-85d4-31520e88a3ce,SAMMS-Stevenson
202608262209456569,202608261955299172,202608261955298282,85,373,Bronze INV,br_AdmissionAssessment,TASK_COMPLETE,SUCCESS,INFO,0,0,0,,2026-08-26T19:55:35.047Z,2026-08-26T22:11:39.517Z,8164,2026-08-26T22:11:39.517Z,TE,Tempe,20846baf-2fe5-403c-85d4-31520e88a3ce,SAMMS-Tempe
202608262209456570,202608261955299173,202608261955298282,85,374,Bronze INV,br_AdmissionAssessment,TASK_COMPLETE,SUCCESS,INFO,169,169,0,,2026-08-26T19:55:35.047Z,2026-08-26T22:11:39.517Z,8164,2026-08-26T22:11:39.517Z,TEX,Texarkana,20846baf-2fe5-403c-85d4-31520e88a3ce,SAMMS-Texarkana
202608262209456571,202608261955299174,202608261955298282,85,375,Bronze INV,br_AdmissionAssessment,TASK_COMPLETE,SUCCESS,INFO,134,134,0,,2026-08-26T19:55:35.047Z,2026-08-26T22:11:39.517Z,8164,2026-08-26T22:11:39.517Z,TTCA,Bessemer,20846baf-2fe5-403c-85d4-31520e88a3ce,SAMMS-BessemerV5
202608262209456572,202608261955299175,202608261955298282,85,376,Bronze INV,br_AdmissionAssessment,TASK_COMPLETE,SUCCESS,INFO,158,158,0,,2026-08-26T19:55:35.047Z,2026-08-26T22:11:39.517Z,8164,2026-08-26T22:11:39.517Z,TTCB,Cullman,20846baf-2fe5-403c-85d4-31520e88a3ce,SAMMS-CullmanV5
202608262209456573,202608261955299176,202608261955298282,85,377,Bronze INV,br_AdmissionAssessment,TASK_COMPLETE,SUCCESS,INFO,73,73,0,,2026-08-26T19:55:35.047Z,2026-08-26T22:11:39.517Z,8164,2026-08-26T22:11:39.517Z,TTCC,Grand Bay,20846baf-2fe5-403c-85d4-31520e88a3ce,SAMMS-GrandBay
202608262209456574,202608261955299177,202608261955298282,85,378,Bronze INV,br_AdmissionAssessment,TASK_COMPLETE,SUCCESS,INFO,1,1,0,,2026-08-26T19:55:35.047Z,2026-08-26T22:11:39.517Z,8164,2026-08-26T22:11:39.517Z,TU,Tucson,20846baf-2fe5-403c-85d4-31520e88a3ce,SAMMS-Tucson
202608262209456576,202608261955299178,202608261955298282,85,380,Bronze INV,br_AdmissionAssessment,TASK_COMPLETE,SUCCESS,INFO,58,58,0,,2026-08-26T19:55:35.047Z,2026-08-26T22:11:39.517Z,8164,2026-08-26T22:11:39.517Z,V1,Memphis South,20846baf-2fe5-403c-85d4-31520e88a3ce,SAMMS-VCPHCS-I-MemphisV5
202608262209456577,202608261955299179,202608261955298282,85,381,Bronze INV,br_AdmissionAssessment,TASK_COMPLETE,SUCCESS,INFO,129,129,0,,2026-08-26T19:55:35.047Z,2026-08-26T22:11:39.517Z,8164,2026-08-26T22:11:39.517Z,V10,Longmont,20846baf-2fe5-403c-85d4-31520e88a3ce,SAMMS-BoulderV5
202608262209456578,202608261955299180,202608261955298282,85,382,Bronze INV,br_AdmissionAssessment,TASK_COMPLETE,SUCCESS,INFO,271,271,0,,2026-08-26T19:55:35.047Z,2026-08-26T22:11:39.517Z,8164,2026-08-26T22:11:39.517Z,V10A,Fort Collins,20846baf-2fe5-403c-85d4-31520e88a3ce,SAMMS-FortCollinsV5
202608262209456579,202608261955299181,202608261955298282,85,383,Bronze INV,br_AdmissionAssessment,TASK_COMPLETE,SUCCESS,INFO,199,199,0,,2026-08-26T19:55:35.047Z,2026-08-26T22:11:39.517Z,8164,2026-08-26T22:11:39.517Z,V11,Westminster,20846baf-2fe5-403c-85d4-31520e88a3ce,SAMMS-VCPHCS-XI-NorthDenverV5
202608262209456580,202608261955299182,202608261955298282,85,384,Bronze INV,br_AdmissionAssessment,TASK_COMPLETE,SUCCESS,INFO,329,329,0,,2026-08-26T19:55:35.047Z,2026-08-26T22:11:39.517Z,8164,2026-08-26T22:11:39.517Z,V12,Downtown Denver,20846baf-2fe5-403c-85d4-31520e88a3ce,SAMMS-VCPHCS-XII-DowntownDenverV5
202608262209456581,202608261955299183,202608261955298282,85,385,Bronze INV,br_AdmissionAssessment,TASK_COMPLETE,SUCCESS,INFO,80,80,0,,2026-08-26T19:55:35.047Z,2026-08-26T22:11:39.517Z,8164,2026-08-26T22:11:39.517Z,V12A,Centennial,20846baf-2fe5-403c-85d4-31520e88a3ce,SAMMS-CentennialV5
202608262209456582,202608261955299184,202608261955298282,85,386,Bronze INV,br_AdmissionAssessment,TASK_COMPLETE,SUCCESS,INFO,116,116,0,,2026-08-26T19:55:35.047Z,2026-08-26T22:11:39.517Z,8164,2026-08-26T22:11:39.517Z,V14,Overland Park,20846baf-2fe5-403c-85d4-31520e88a3ce,SAMMS-VCPHCS-XIV-BridgewayV5
202608262209456583,202608261955299185,202608261955298282,85,387,Bronze INV,br_AdmissionAssessment,TASK_COMPLETE,SUCCESS,INFO,197,197,0,,2026-08-26T19:55:35.047Z,2026-08-26T22:11:39.517Z,8164,2026-08-26T22:11:39.517Z,V15,Joplin,20846baf-2fe5-403c-85d4-31520e88a3ce,SAMMS-JoplinV5
202608262209456585,202608261955299186,202608261955298282,85,389,Bronze INV,br_AdmissionAssessment,TASK_COMPLETE,SUCCESS,INFO,118,118,0,,2026-08-26T19:55:35.047Z,2026-08-26T22:11:39.517Z,8164,2026-08-26T22:11:39.517Z,V17,Columbia TN,20846baf-2fe5-403c-85d4-31520e88a3ce,SAMMS-ColumbiaTNv5
202608262209456586,202608261955299187,202608261955298282,85,391,Bronze INV,br_AdmissionAssessment,TASK_COMPLETE,SUCCESS,INFO,144,144,0,,2026-08-26T19:55:35.047Z,2026-08-26T22:11:39.517Z,8164,2026-08-26T22:11:39.517Z,V19,Jackson,20846baf-2fe5-403c-85d4-31520e88a3ce,SAMMS-JacksonV5
202608262209456587,202608261955299188,202608261955298282,85,393,Bronze INV,br_AdmissionAssessment,TASK_COMPLETE,SUCCESS,INFO,105,105,0,,2026-08-26T19:55:35.047Z,2026-08-26T22:11:39.517Z,8164,2026-08-26T22:11:39.517Z,V20,Paris,20846baf-2fe5-403c-85d4-31520e88a3ce,SAMMS-ParisV5
202608262209456588,202608261955299189,202608261955298282,85,394,Bronze INV,br_AdmissionAssessment,TASK_COMPLETE,SUCCESS,INFO,62,62,0,,2026-08-26T19:55:35.047Z,2026-08-26T22:11:39.517Z,8164,2026-08-26T22:11:39.517Z,V21,Memphis North,20846baf-2fe5-403c-85d4-31520e88a3ce,SAMMS-RaleighV5
202608262209456589,202608261955299190,202608261955298282,85,397,Bronze INV,br_AdmissionAssessment,TASK_COMPLETE,SUCCESS,INFO,194,194,0,,2026-08-26T19:55:35.047Z,2026-08-26T22:11:39.517Z,8164,2026-08-26T22:11:39.517Z,V5,West Bank,20846baf-2fe5-403c-85d4-31520e88a3ce,SAMMS-NONTCv5
202608262209456590,202608261955299191,202608261955298282,85,399,Bronze INV,br_AdmissionAssessment,TASK_COMPLETE,SUCCESS,INFO,83,83,0,,2026-08-26T19:55:35.047Z,2026-08-26T22:11:39.517Z,8164,2026-08-26T22:11:39.517Z,V5B,Houma,20846baf-2fe5-403c-85d4-31520e88a3ce,SAMMS-HoumaV6
202608262209456591,202608261955299192,202608261955298282,85,400,Bronze INV,br_AdmissionAssessment,TASK_COMPLETE,SUCCESS,INFO,235,235,0,,2026-08-26T19:55:35.047Z,2026-08-26T22:11:39.517Z,8164,2026-08-26T22:11:39.517Z,V6,Lake Charles,20846baf-2fe5-403c-85d4-31520e88a3ce,SAMMS-LCv5
202608262209456592,202608261955299193,202608261955298282,85,402,Bronze INV,br_AdmissionAssessment,TASK_COMPLETE,SUCCESS,INFO,157,157,0,,2026-08-26T19:55:35.047Z,2026-08-26T22:11:39.517Z,8164,2026-08-26T22:11:39.517Z,V8,Memphis Midtown,20846baf-2fe5-403c-85d4-31520e88a3ce,SAMMS-VCPHCS-VIII-MemphisV5
202608262209456594,202608261955299194,202608261955298282,85,403,Bronze INV,br_AdmissionAssessment,TASK_COMPLETE,SUCCESS,INFO,310,310,0,,2026-08-26T19:55:35.047Z,2026-08-26T22:11:39.517Z,8164,2026-08-26T22:11:39.517Z,V9,Nashville,20846baf-2fe5-403c-85d4-31520e88a3ce,SAMMS-NashvilleV5
202608262209456595,202608261955299195,202608261955298282,85,404,Bronze INV,br_AdmissionAssessment,TASK_COMPLETE,SUCCESS,INFO,0,0,0,,2026-08-26T19:55:35.047Z,2026-08-26T22:11:39.517Z,8164,2026-08-26T22:11:39.517Z,VBRA,Brainerd,20846baf-2fe5-403c-85d4-31520e88a3ce,SAMMS-BrainerdV6
202608262209456596,202608261955299196,202608261955298282,85,405,Bronze INV,br_AdmissionAssessment,TASK_COMPLETE,SUCCESS,INFO,2,2,0,,2026-08-26T19:55:35.047Z,2026-08-26T22:11:39.517Z,8164,2026-08-26T22:11:39.517Z,VBRP,Brooklyn Park,20846baf-2fe5-403c-85d4-31520e88a3ce,SAMMS-BrooklynParkV6
202608262209456597,202608261955299197,202608261955298282,85,407,Bronze INV,br_AdmissionAssessment,TASK_COMPLETE,SUCCESS,INFO,3,3,0,,2026-08-26T19:55:35.047Z,2026-08-26T22:11:39.517Z,8164,2026-08-26T22:11:39.517Z,VMIN,Minneapolis,20846baf-2fe5-403c-85d4-31520e88a3ce,SAMMS-MinneapolisV6
202608262209456598,202608261955299198,202608261955298282,85,408,Bronze INV,br_AdmissionAssessment,TASK_COMPLETE,SUCCESS,INFO,1,1,0,,2026-08-26T19:55:35.047Z,2026-08-26T22:11:39.517Z,8164,2026-08-26T22:11:39.517Z,VWBY,Woodbury,20846baf-2fe5-403c-85d4-31520e88a3ce,SAMMS-WoodburyV6
202608262209458638,202608261955300108,202608261955298282,85,3153,Bronze INV,br_ReAssessment,TASK_COMPLETE,SUCCESS,INFO,0,0,0,,2026-08-26T19:55:35.047Z,2026-08-26T22:11:39.517Z,8164,2026-08-26T22:11:39.517Z,V20,Paris,20846baf-2fe5-403c-85d4-31520e88a3ce,SAMMS-ParisV5
202608262209458639,202608261955300109,202608261955298282,85,3154,Bronze INV,br_ReAssessment,TASK_COMPLETE,SUCCESS,INFO,0,0,0,,2026-08-26T19:55:35.047Z,2026-08-26T22:11:39.517Z,8164,2026-08-26T22:11:39.517Z,V21,Memphis North,20846baf-2fe5-403c-85d4-31520e88a3ce,SAMMS-RaleighV5
202608262209458640,202608261955300110,202608261955298282,85,3157,Bronze INV,br_ReAssessment,TASK_COMPLETE,SUCCESS,INFO,0,0,0,,2026-08-26T19:55:35.047Z,2026-08-26T22:11:39.517Z,8164,2026-08-26T22:11:39.517Z,V5,West Bank,20846baf-2fe5-403c-85d4-31520e88a3ce,SAMMS-NONTCv5
202608262209458641,202608261955300111,202608261955298282,85,3159,Bronze INV,br_ReAssessment,TASK_COMPLETE,SUCCESS,INFO,0,0,0,,2026-08-26T19:55:35.047Z,2026-08-26T22:11:39.517Z,8164,2026-08-26T22:11:39.517Z,V5B,Houma,20846baf-2fe5-403c-85d4-31520e88a3ce,SAMMS-HoumaV6
202608262209458642,202608261955300112,202608261955298282,85,3160,Bronze INV,br_ReAssessment,TASK_COMPLETE,SUCCESS,INFO,0,0,0,,2026-08-26T19:55:35.047Z,2026-08-26T22:11:39.517Z,8164,2026-08-26T22:11:39.517Z,V6,Lake Charles,20846baf-2fe5-403c-85d4-31520e88a3ce,SAMMS-LCv5
202608262209458643,202608261955300113,202608261955298282,85,3162,Bronze INV,br_ReAssessment,TASK_COMPLETE,SUCCESS,INFO,0,0,0,,2026-08-26T19:55:35.047Z,2026-08-26T22:11:39.517Z,8164,2026-08-26T22:11:39.517Z,V8,Memphis Midtown,20846baf-2fe5-403c-85d4-31520e88a3ce,SAMMS-VCPHCS-VIII-MemphisV5
202608262209458644,202608261955300114,202608261955298282,85,3163,Bronze INV,br_ReAssessment,TASK_COMPLETE,SUCCESS,INFO,0,0,0,,2026-08-26T19:55:35.047Z,2026-08-26T22:11:39.517Z,8164,2026-08-26T22:11:39.517Z,V9,Nashville,20846baf-2fe5-403c-85d4-31520e88a3ce,SAMMS-NashvilleV5
202608262209458645,202608261955300115,202608261955298282,85,3164,Bronze INV,br_ReAssessment,TASK_COMPLETE,SUCCESS,INFO,0,0,0,,2026-08-26T19:55:35.047Z,2026-08-26T22:11:39.517Z,8164,2026-08-26T22:11:39.517Z,VBRA,Brainerd,20846baf-2fe5-403c-85d4-31520e88a3ce,SAMMS-BrainerdV6
202608262209458647,202608261955300116,202608261955298282,85,3165,Bronze INV,br_ReAssessment,TASK_COMPLETE,SUCCESS,INFO,0,0,0,,2026-08-26T19:55:35.047Z,2026-08-26T22:11:39.517Z,8164,2026-08-26T22:11:39.517Z,VBRP,Brooklyn Park,20846baf-2fe5-403c-85d4-31520e88a3ce,SAMMS-BrooklynParkV6
202608262209458648,202608261955300117,202608261955298282,85,3167,Bronze INV,br_ReAssessment,TASK_COMPLETE,SUCCESS,INFO,0,0,0,,2026-08-26T19:55:35.047Z,2026-08-26T22:11:39.517Z,8164,2026-08-26T22:11:39.517Z,VMIN,Minneapolis,20846baf-2fe5-403c-85d4-31520e88a3ce,SAMMS-MinneapolisV6
202608262209458649,202608261955300118,202608261955298282,85,3168,Bronze INV,br_ReAssessment,TASK_COMPLETE,SUCCESS,INFO,0,0,0,,2026-08-26T19:55:35.047Z,2026-08-26T22:11:39.517Z,8164,2026-08-26T22:11:39.517Z,VWBY,Woodbury,20846baf-2fe5-403c-85d4-31520e88a3ce,SAMMS-WoodburyV6
202608262209458650,202608261955300119,202608261955298282,85,3170,Bronze INV,br_ReAssessment,TASK_COMPLETE,SUCCESS,INFO,0,0,0,,2026-08-26T19:55:35.047Z,2026-08-26T22:11:39.517Z,8164,2026-08-26T22:11:39.517Z,WIL,Wilson,20846baf-2fe5-403c-85d4-31520e88a3ce,SAMMS-Wilson
202608262209458751,202608261955398291,202608261955398282,86,5728,Silver INV,sl_ReAssessment,TASK_COMPLETE,SUCCESS,INFO,239,239,0,,2026-08-26T19:55:35.047Z,2026-08-26T22:11:39.517Z,8164,2026-08-26T22:11:39.517Z,,,20846baf-2fe5-403c-85d4-31520e88a3ce,
202608262209458677,202608261955300235,202608261955298282,85,3174,Bronze INV,br_ReAssessmentFamily,TASK_COMPLETE,SUCCESS,INFO,35,35,0,,2026-08-26T19:55:35.047Z,2026-08-26T22:11:39.517Z,8164,2026-08-26T22:11:39.517Z,AHK,Ahoskie,20846baf-2fe5-403c-85d4-31520e88a3ce,SAMMS-Ahoskie
202608262209458678,202608261955300236,202608261955298282,85,3175,Bronze INV,br_ReAssessmentFamily,TASK_COMPLETE,SUCCESS,INFO,662,662,0,,2026-08-26T19:55:35.047Z,2026-08-26T22:11:39.517Z,8164,2026-08-26T22:11:39.517Z,B12B,Colorado Springs,20846baf-2fe5-403c-85d4-31520e88a3ce,SAMMS-ColoradoSpringsV5
202608262209458679,202608261955300237,202608261955298282,85,3176,Bronze INV,br_ReAssessmentFamily,TASK_COMPLETE,SUCCESS,INFO,834,834,0,,2026-08-26T19:55:35.047Z,2026-08-26T22:11:39.517Z,8164,2026-08-26T22:11:39.517Z,B24,Paintsville,20846baf-2fe5-403c-85d4-31520e88a3ce,SAMMS-PaintsvilleV5
202608262209458681,202608261955300238,202608261955298282,85,3177,Bronze INV,br_ReAssessmentFamily,TASK_COMPLETE,SUCCESS,INFO,645,645,0,,2026-08-26T19:55:35.047Z,2026-08-26T22:11:39.517Z,8164,2026-08-26T22:11:39.517Z,B25,Pikeville,20846baf-2fe5-403c-85d4-31520e88a3ce,SAMMS-PikevilleV5
202608262209458682,202608261955300239,202608261955298282,85,3178,Bronze INV,br_ReAssessmentFamily,TASK_COMPLETE,SUCCESS,INFO,971,971,0,,2026-08-26T19:55:35.047Z,2026-08-26T22:11:39.517Z,8164,2026-08-26T22:11:39.517Z,B26,Hazard,20846baf-2fe5-403c-85d4-31520e88a3ce,SAMMS-HazardV5
202608262209458683,202608261955300240,202608261955298282,85,3179,Bronze INV,br_ReAssessmentFamily,TASK_COMPLETE,SUCCESS,INFO,530,530,0,,2026-08-26T19:55:35.047Z,2026-08-26T22:11:39.517Z,8164,2026-08-26T22:11:39.517Z,B27,Savannah,20846baf-2fe5-403c-85d4-31520e88a3ce,SAMMS-SavannahV6
202608262209458684,202608261955300241,202608261955298282,85,3180,Bronze INV,br_ReAssessmentFamily,TASK_COMPLETE,SUCCESS,INFO,246,246,0,,2026-08-26T19:55:35.047Z,2026-08-26T22:11:39.517Z,8164,2026-08-26T22:11:39.517Z,B28,West Plains,20846baf-2fe5-403c-85d4-31520e88a3ce,SAMMS-WestPlainesV5
202608262209458685,202608261955300242,202608261955298282,85,3181,Bronze INV,br_ReAssessmentFamily,TASK_COMPLETE,SUCCESS,INFO,461,461,0,,2026-08-26T19:55:35.047Z,2026-08-26T22:11:39.517Z,8164,2026-08-26T22:11:39.517Z,B29,Poplar Bluff,20846baf-2fe5-403c-85d4-31520e88a3ce,SAMMS-PoplarBluffV5
202608262209458686,202608261955300243,202608261955298282,85,3182,Bronze INV,br_ReAssessmentFamily,TASK_COMPLETE,SUCCESS,INFO,78,78,0,,2026-08-26T19:55:35.047Z,2026-08-26T22:11:39.517Z,8164,2026-08-26T22:11:39.517Z,B30,KC North,20846baf-2fe5-403c-85d4-31520e88a3ce,SAMMS-KCNv5
202608262209458688,202608261955300244,202608261955298282,85,3183,Bronze INV,br_ReAssessmentFamily,TASK_COMPLETE,SUCCESS,INFO,400,400,0,,2026-08-26T19:55:35.047Z,2026-08-26T22:11:39.517Z,8164,2026-08-26T22:11:39.517Z,B31,Dyersburg,20846baf-2fe5-403c-85d4-31520e88a3ce,SAMMS-DyersburgV5
202608262209458689,202608261955300245,202608261955298282,85,3185,Bronze INV,br_ReAssessmentFamily,TASK_COMPLETE,SUCCESS,INFO,487,487,0,,2026-08-26T19:55:35.047Z,2026-08-26T22:11:39.517Z,8164,2026-08-26T22:11:39.517Z,B33,Paducah,20846baf-2fe5-403c-85d4-31520e88a3ce,SAMMS-Paducah
202608262209458690,202608261955300246,202608261955298282,85,3186,Bronze INV,br_ReAssessmentFamily,TASK_COMPLETE,SUCCESS,INFO,383,383,0,,2026-08-26T19:55:35.047Z,2026-08-26T22:11:39.517Z,8164,2026-08-26T22:11:39.517Z,B34,Corbin,20846baf-2fe5-403c-85d4-31520e88a3ce,SAMMS-CorbinV5
202608262209458691,202608261955300247,202608261955298282,85,3187,Bronze INV,br_ReAssessmentFamily,TASK_COMPLETE,SUCCESS,INFO,240,240,0,,2026-08-26T19:55:35.047Z,2026-08-26T22:11:39.517Z,8164,2026-08-26T22:11:39.517Z,B35,Lexington,20846baf-2fe5-403c-85d4-31520e88a3ce,SAMMS-LexingtonV5
202608262209458692,202608261955300248,202608261955298282,85,3188,Bronze INV,br_ReAssessmentFamily,TASK_COMPLETE,SUCCESS,INFO,77,77,0,,2026-08-26T19:55:35.047Z,2026-08-26T22:11:39.517Z,8164,2026-08-26T22:11:39.517Z,B35A,Berea,20846baf-2fe5-403c-85d4-31520e88a3ce,SAMMS-BereaV5
202608262209458693,202608261955300249,202608261955298282,85,3189,Bronze INV,br_ReAssessmentFamily,TASK_COMPLETE,SUCCESS,INFO,20,20,0,,2026-08-26T19:55:35.047Z,2026-08-26T22:11:39.517Z,8164,2026-08-26T22:11:39.517Z,B36,Asheville,20846baf-2fe5-403c-85d4-31520e88a3ce,SAMMS-AshevilleV5
202608262209458695,202608261955300250,202608261955298282,85,3190,Bronze INV,br_ReAssessmentFamily,TASK_COMPLETE,SUCCESS,INFO,1,1,0,,2026-08-26T19:55:35.047Z,2026-08-26T22:11:39.517Z,8164,2026-08-26T22:11:39.517Z,B37,Clyde,20846baf-2fe5-403c-85d4-31520e88a3ce,SAMMS-ClydeV5
202608262209458696,202608261955300251,202608261955298282,85,3191,Bronze INV,br_ReAssessmentFamily,TASK_COMPLETE,SUCCESS,INFO,1186,1186,0,,2026-08-26T19:55:35.047Z,2026-08-26T22:11:39.517Z,8164,2026-08-26T22:11:39.517Z,B38,Spartanburg,20846baf-2fe5-403c-85d4-31520e88a3ce,SAMMS-SpartanburgV5
202608262209458697,202608261955300252,202608261955298282,85,3192,Bronze INV,br_ReAssessmentFamily,TASK_COMPLETE,SUCCESS,INFO,362,362,0,,2026-08-26T19:55:35.047Z,2026-08-26T22:11:39.517Z,8164,2026-08-26T22:11:39.517Z,B39,Aiken,20846baf-2fe5-403c-85d4-31520e88a3ce,SAMMS-AikenV5
202608262209458698,202608261955300253,202608261955298282,85,3193,Bronze INV,br_ReAssessmentFamily,TASK_COMPLETE,SUCCESS,INFO,1888,1888,0,,2026-08-26T19:55:35.047Z,2026-08-26T22:11:39.517Z,8164,2026-08-26T22:11:39.517Z,B41,Chesapeake,20846baf-2fe5-403c-85d4-31520e88a3ce,SAMMS-ChesapeakeV5
202608262209458699,202608261955300254,202608261955298282,85,3194,Bronze INV,br_ReAssessmentFamily,TASK_COMPLETE,SUCCESS,INFO,1917,1917,0,,2026-08-26T19:55:35.047Z,2026-08-26T22:11:39.517Z,8164,2026-08-26T22:11:39.517Z,B42,Virginia Beach,20846baf-2fe5-403c-85d4-31520e88a3ce,SAMMS-VirginiaBeachV5
202608262209458700,202608261955300255,202608261955298282,85,3195,Bronze INV,br_ReAssessmentFamily,TASK_COMPLETE,SUCCESS,INFO,926,926,0,,2026-08-26T19:55:35.047Z,2026-08-26T22:11:39.517Z,8164,2026-08-26T22:11:39.517Z,B42A,Newport News,20846baf-2fe5-403c-85d4-31520e88a3ce,SAMMS-NewportNewsV5
202608262209458701,202608261955300256,202608261955298282,85,3196,Bronze INV,br_ReAssessmentFamily,TASK_COMPLETE,SUCCESS,INFO,507,507,0,,2026-08-26T19:55:35.047Z,2026-08-26T22:11:39.517Z,8164,2026-08-26T22:11:39.517Z,B42B,Franklin,20846baf-2fe5-403c-85d4-31520e88a3ce,SAMMS-FranklinV5
202608262209458703,202608261955300257,202608261955298282,85,3197,Bronze INV,br_ReAssessmentFamily,TASK_COMPLETE,SUCCESS,INFO,342,342,0,,2026-08-26T19:55:35.047Z,2026-08-26T22:11:39.517Z,8164,2026-08-26T22:11:39.517Z,B42C,Glen Allen,20846baf-2fe5-403c-85d4-31520e88a3ce,SAMMS-GlenAllenV5
202608262209458704,202608261955300258,202608261955298282,85,3198,Bronze INV,br_ReAssessmentFamily,TASK_COMPLETE,SUCCESS,INFO,1481,1481,0,,2026-08-26T19:55:35.047Z,2026-08-26T22:11:39.517Z,8164,2026-08-26T22:11:39.517Z,B42D,Chesapeake South,20846baf-2fe5-403c-85d4-31520e88a3ce,SAMMS-ChesapeakeSouthV5
202608262209458705,202608261955300259,202608261955298282,85,3199,Bronze INV,br_ReAssessmentFamily,TASK_COMPLETE,SUCCESS,INFO,632,632,0,,2026-08-26T19:55:35.047Z,2026-08-26T22:11:39.517Z,8164,2026-08-26T22:11:39.517Z,B44,Albany,20846baf-2fe5-403c-85d4-31520e88a3ce,SAMMS-AlbanyV5
202608262209458706,202608261955300260,202608261955298282,85,3200,Bronze INV,br_ReAssessmentFamily,TASK_COMPLETE,SUCCESS,INFO,1270,1270,0,,2026-08-26T19:55:35.047Z,2026-08-26T22:11:39.517Z,8164,2026-08-26T22:11:39.517Z,B45,Tifton,20846baf-2fe5-403c-85d4-31520e88a3ce,SAMMS-TiftonV5
202608262209458707,202608261955300261,202608261955298282,85,3201,Bronze INV,br_ReAssessmentFamily,TASK_COMPLETE,SUCCESS,INFO,587,587,0,,2026-08-26T19:55:35.047Z,2026-08-26T22:11:39.517Z,8164,2026-08-26T22:11:39.517Z,B46,Washington DC,20846baf-2fe5-403c-85d4-31520e88a3ce,SAMMS-WashingtonDCv5
202608262209458708,202608261955300262,202608261955298282,85,3202,Bronze INV,br_ReAssessmentFamily,TASK_COMPLETE,SUCCESS,INFO,1570,1570,0,,2026-08-26T19:55:35.047Z,2026-08-26T22:11:39.517Z,8164,2026-08-26T22:11:39.517Z,B47,Mobile,20846baf-2fe5-403c-85d4-31520e88a3ce,SAMMS-MobileV5
202608262209458710,202608261955300263,202608261955298282,85,3203,Bronze INV,br_ReAssessmentFamily,TASK_COMPLETE,SUCCESS,INFO,1297,1297,0,,2026-08-26T19:55:35.047Z,2026-08-26T22:11:39.517Z,8164,2026-08-26T22:11:39.517Z,B48,Tuscaloosa,20846baf-2fe5-403c-85d4-31520e88a3ce,SAMMS-TuscaloosaV5
202608262209458711,202608261955300264,202608261955298282,85,3212,Bronze INV,br_ReAssessmentFamily,TASK_COMPLETE,SUCCESS,INFO,2,2,0,,2026-08-26T19:55:35.047Z,2026-08-26T22:11:39.517Z,8164,2026-08-26T22:11:39.517Z,B51,N. Little Rock (OTP),20846baf-2fe5-403c-85d4-31520e88a3ce,SAMMS-NorthLittleRockV6
202608262209458712,202608261955300265,202608261955298282,85,3213,Bronze INV,br_ReAssessmentFamily,TASK_COMPLETE,SUCCESS,INFO,456,456,0,,2026-08-26T19:55:35.047Z,2026-08-26T22:11:39.517Z,8164,2026-08-26T22:11:39.517Z,B52,Jackson GA,20846baf-2fe5-403c-85d4-31520e88a3ce,SAMMS-JacksonGAV5
202608262209458713,202608261955300266,202608261955298282,85,3214,Bronze INV,br_ReAssessmentFamily,TASK_COMPLETE,SUCCESS,INFO,1708,1708,0,,2026-08-26T19:55:35.047Z,2026-08-26T22:11:39.517Z,8164,2026-08-26T22:11:39.517Z,B54,Gadsden,20846baf-2fe5-403c-85d4-31520e88a3ce,SAMMS-GadsdenV5
202608262209458714,202608261955300267,202608261955298282,85,3215,Bronze INV,br_ReAssessmentFamily,TASK_COMPLETE,SUCCESS,INFO,950,950,0,,2026-08-26T19:55:35.047Z,2026-08-26T22:11:39.517Z,8164,2026-08-26T22:11:39.517Z,B55,Shoals,20846baf-2fe5-403c-85d4-31520e88a3ce,SAMMS-ShoalsV5
202608262209458715,202608261955300268,202608261955298282,85,3216,Bronze INV,br_ReAssessmentFamily,TASK_COMPLETE,SUCCESS,INFO,294,294,0,,2026-08-26T19:55:35.047Z,2026-08-26T22:11:39.517Z,8164,2026-08-26T22:11:39.517Z,B57,Pawtucket,20846baf-2fe5-403c-85d4-31520e88a3ce,SAMMS-Pawtucket
202608262209458717,202608261955300269,202608261955298282,85,3217,Bronze INV,br_ReAssessmentFamily,TASK_COMPLETE,SUCCESS,INFO,551,551,0,,2026-08-26T19:55:35.047Z,2026-08-26T22:11:39.517Z,8164,2026-08-26T22:11:39.517Z,B57A,Johnston,20846baf-2fe5-403c-85d4-31520e88a3ce,SAMMS-Johnston
202608262209458718,202608261955300270,202608261955298282,85,3218,Bronze INV,br_ReAssessmentFamily,TASK_COMPLETE,SUCCESS,INFO,166,166,0,,2026-08-26T19:55:35.047Z,2026-08-26T22:11:39.517Z,8164,2026-08-26T22:11:39.517Z,B57B,Middletown,20846baf-2fe5-403c-85d4-31520e88a3ce,SAMMS-Middletown
202608262209458719,202608261955300271,202608261955298282,85,3219,Bronze INV,br_ReAssessmentFamily,TASK_COMPLETE,SUCCESS,INFO,413,413,0,,2026-08-26T19:55:35.047Z,2026-08-26T22:11:39.517Z,8164,2026-08-26T22:11:39.517Z,B57C,Providence,20846baf-2fe5-403c-85d4-31520e88a3ce,SAMMS-Providence
202608262209458720,202608261955300272,202608261955298282,85,3220,Bronze INV,br_ReAssessmentFamily,TASK_COMPLETE,SUCCESS,INFO,623,623,0,,2026-08-26T19:55:35.047Z,2026-08-26T22:11:39.517Z,8164,2026-08-26T22:11:39.517Z,B57D,Westerly,20846baf-2fe5-403c-85d4-31520e88a3ce,SAMMS-Westerly
202608262209458721,202608261955300273,202608261955298282,85,3224,Bronze INV,br_ReAssessmentFamily,TASK_COMPLETE,SUCCESS,INFO,4,4,0,,2026-08-26T19:55:35.047Z,2026-08-26T22:11:39.517Z,8164,2026-08-26T22:11:39.517Z,B66A,Bremen,20846baf-2fe5-403c-85d4-31520e88a3ce,SAMMS-Bremen
202608262209458722,202608261955300274,202608261955298282,85,3227,Bronze INV,br_ReAssessmentFamily,TASK_COMPLETE,SUCCESS,INFO,0,0,0,,2026-08-26T19:55:35.047Z,2026-08-26T22:11:39.517Z,8164,2026-08-26T22:11:39.517Z,B72,Mobile (OBOT),20846baf-2fe5-403c-85d4-31520e88a3ce,SAMMS-Mobile-OBOT
202608262209458724,202608261955300275,202608261955298282,85,3228,Bronze INV,br_ReAssessmentFamily,TASK_COMPLETE,SUCCESS,INFO,0,0,0,,2026-08-26T19:55:35.047Z,2026-08-26T22:11:39.517Z,8164,2026-08-26T22:11:39.517Z,B73,Montgomery,20846baf-2fe5-403c-85d4-31520e88a3ce,SAMMS-Montgomery
202608262209458725,202608261955300276,202608261955298282,85,3229,Bronze INV,br_ReAssessmentFamily,TASK_COMPLETE,SUCCESS,INFO,517,517,0,,2026-08-26T19:55:35.047Z,2026-08-26T22:11:39.517Z,8164,2026-08-26T22:11:39.517Z,B75,Lawrence,20846baf-2fe5-403c-85d4-31520e88a3ce,SAMMS-LawrenceV6
202608262209458726,202608261955300277,202608261955298282,85,3230,Bronze INV,br_ReAssessmentFamily,TASK_COMPLETE,SUCCESS,INFO,0,0,0,,2026-08-26T19:55:35.047Z,2026-08-26T22:11:39.517Z,8164,2026-08-26T22:11:39.517Z,B76,Huntsville OBOT,20846baf-2fe5-403c-85d4-31520e88a3ce,SAMMS-Huntsville-OBOT
202608262209458727,202608261955300278,202608261955298282,85,3231,Bronze INV,br_ReAssessmentFamily,TASK_COMPLETE,SUCCESS,INFO,0,0,0,,2026-08-26T19:55:35.047Z,2026-08-26T22:11:39.517Z,8164,2026-08-26T22:11:39.517Z,BAT,Batesville,20846baf-2fe5-403c-85d4-31520e88a3ce,SAMMS-Batesville
202608262209458728,202608261955300279,202608261955298282,85,3232,Bronze INV,br_ReAssessmentFamily,TASK_COMPLETE,SUCCESS,INFO,461,461,0,,2026-08-26T19:55:35.047Z,2026-08-26T22:11:39.517Z,8164,2026-08-26T22:11:39.517Z,BG,Bowling Green,20846baf-2fe5-403c-85d4-31520e88a3ce,SAMMS-BowlingGreen
202608262209458729,202608261955300280,202608261955298282,85,3233,Bronze INV,br_ReAssessmentFamily,TASK_COMPLETE,SUCCESS,INFO,181,181,0,,2026-08-26T19:55:35.047Z,2026-08-26T22:11:39.517Z,8164,2026-08-26T22:11:39.517Z,BOI,Boise,20846baf-2fe5-403c-85d4-31520e88a3ce,SAMMS-Boise
202608262209458731,202608261955300281,202608261955298282,85,3240,Bronze INV,br_ReAssessmentFamily,TASK_COMPLETE,SUCCESS,INFO,51,51,0,,2026-08-26T19:55:35.047Z,2026-08-26T22:11:39.517Z,8164,2026-08-26T22:11:39.517Z,CBCO,Coeur dAlene,20846baf-2fe5-403c-85d4-31520e88a3ce,SAMMS-CoeurdAleneV6
202608262209458732,202608261955300282,202608261955298282,85,3259,Bronze INV,br_ReAssessmentFamily,TASK_COMPLETE,SUCCESS,INFO,0,0,0,,2026-08-26T19:55:35.047Z,2026-08-26T22:11:39.517Z,8164,2026-08-26T22:11:39.517Z,CON,Conway,20846baf-2fe5-403c-85d4-31520e88a3ce,SAMMS-Conway
202608262209458733,202608261955300283,202608261955298282,85,3260,Bronze INV,br_ReAssessmentFamily,TASK_COMPLETE,SUCCESS,INFO,2575,2575,0,,2026-08-26T19:55:35.047Z,2026-08-26T22:11:39.517Z,8164,2026-08-26T22:11:39.517Z,D07,Medical Services Knox TN,20846baf-2fe5-403c-85d4-31520e88a3ce,SAMMS-KnoxvilleV6
202608262209458734,202608261955300284,202608261955298282,85,3261,Bronze INV,br_ReAssessmentFamily,TASK_COMPLETE,SUCCESS,INFO,111,111,0,,2026-08-26T19:55:35.047Z,2026-08-26T22:11:39.517Z,8164,2026-08-26T22:11:39.517Z,D08,Madison,20846baf-2fe5-403c-85d4-31520e88a3ce,SAMMS-MadisonV6
202608262209458735,202608261955300285,202608261955298282,85,3263,Bronze INV,br_ReAssessmentFamily,TASK_COMPLETE,SUCCESS,INFO,121,121,0,,2026-08-26T19:55:35.047Z,2026-08-26T22:11:39.517Z,8164,2026-08-26T22:11:39.517Z,D09,Murfreesboro,20846baf-2fe5-403c-85d4-31520e88a3ce,SAMMS-MurfreesboroV6
202608262209458736,202608261955300286,202608261955298282,85,3264,Bronze INV,br_ReAssessmentFamily,TASK_COMPLETE,SUCCESS,INFO,335,335,0,,2026-08-26T19:55:35.047Z,2026-08-26T22:11:39.517Z,8164,2026-08-26T22:11:39.517Z,DA,Davenport,20846baf-2fe5-403c-85d4-31520e88a3ce,SAMMS-Davenport
202608262209458737,202608261955300287,202608261955298282,85,3265,Bronze INV,br_ReAssessmentFamily,TASK_COMPLETE,SUCCESS,INFO,288,288,0,,2026-08-26T19:55:35.047Z,2026-08-26T22:11:39.517Z,8164,2026-08-26T22:11:39.517Z,DM,Des Moines,20846baf-2fe5-403c-85d4-31520e88a3ce,SAMMS-DesMoines
202608262209458739,202608261955300288,202608261955298282,85,3267,Bronze INV,br_ReAssessmentFamily,TASK_COMPLETE,SUCCESS,INFO,530,530,0,,2026-08-26T19:55:35.047Z,2026-08-26T22:11:39.517Z,8164,2026-08-26T22:11:39.517Z,DRD-CO,Columbia MO,20846baf-2fe5-403c-85d4-31520e88a3ce,SAMMS-ColumbiaV5
202608262209458740,202608261955300289,202608261955298282,85,3268,Bronze INV,br_ReAssessmentFamily,TASK_COMPLETE,SUCCESS,INFO,348,348,0,,2026-08-26T19:55:35.047Z,2026-08-26T22:11:39.517Z,8164,2026-08-26T22:11:39.517Z,DRD-KC,KC,20846baf-2fe5-403c-85d4-31520e88a3ce,SAMMS-KCv5
202608262209458741,202608261955300290,202608261955298282,85,3269,Bronze INV,br_ReAssessmentFamily,TASK_COMPLETE,SUCCESS,INFO,1549,1549,0,,2026-08-26T19:55:35.047Z,2026-08-26T22:11:39.517Z,8164,2026-08-26T22:11:39.517Z,DRD-KVB,KVB,20846baf-2fe5-403c-85d4-31520e88a3ce,SAMMS-KVBv5
202608262209458742,202608261955300291,202608261955298282,85,3270,Bronze INV,br_ReAssessmentFamily,TASK_COMPLETE,SUCCESS,INFO,1674,1674,0,,2026-08-26T19:55:35.047Z,2026-08-26T22:11:39.517Z,8164,2026-08-26T22:11:39.517Z,DRD-KVC,KVC,20846baf-2fe5-403c-85d4-31520e88a3ce,SAMMS-KVCv5
202608262209458743,202608261955300292,202608261955298282,85,3271,Bronze INV,br_ReAssessmentFamily,TASK_COMPLETE,SUCCESS,INFO,3205,3205,0,,2026-08-26T19:55:35.047Z,2026-08-26T22:11:39.517Z,8164,2026-08-26T22:11:39.517Z,DRD-NOLA,NOLA,20846baf-2fe5-403c-85d4-31520e88a3ce,SAMMS-NOLAv5
202608262209458744,202608261955300293,202608261955298282,85,3272,Bronze INV,br_ReAssessmentFamily,TASK_COMPLETE,SUCCESS,INFO,800,800,0,,2026-08-26T19:55:35.047Z,2026-08-26T22:11:39.517Z,8164,2026-08-26T22:11:39.517Z,DRD-SF,Springfield,20846baf-2fe5-403c-85d4-31520e88a3ce,SAMMS-SFv5
202608262209458746,202608261955300294,202608261955298282,85,3274,Bronze INV,br_ReAssessmentFamily,TASK_COMPLETE,SUCCESS,INFO,260,260,0,,2026-08-26T19:55:35.047Z,2026-08-26T22:11:39.517Z,8164,2026-08-26T22:11:39.517Z,ELC,Elizabeth City,20846baf-2fe5-403c-85d4-31520e88a3ce,SAMMS-ElizabethCity
202608262209458747,202608261955300295,202608261955298282,85,3275,Bronze INV,br_ReAssessmentFamily,TASK_COMPLETE,SUCCESS,INFO,128,128,0,,2026-08-26T19:55:35.047Z,2026-08-26T22:11:39.517Z,8164,2026-08-26T22:11:39.517Z,ET,Elizabethtown,20846baf-2fe5-403c-85d4-31520e88a3ce,SAMMS-Elizabethtown
202608262209458748,202608261955300296,202608261955298282,85,3276,Bronze INV,br_ReAssessmentFamily,TASK_COMPLETE,SUCCESS,INFO,0,0,0,,2026-08-26T19:55:35.047Z,2026-08-26T22:11:39.517Z,8164,2026-08-26T22:11:39.517Z,FAY,Fayetteville,20846baf-2fe5-403c-85d4-31520e88a3ce,SAMMS-Fayetteville
202608262209458749,202608261955300297,202608261955298282,85,3277,Bronze INV,br_ReAssessmentFamily,TASK_COMPLETE,SUCCESS,INFO,156,156,0,,2026-08-26T19:55:35.047Z,2026-08-26T22:11:39.517Z,8164,2026-08-26T22:11:39.517Z,FR,Frankfort,20846baf-2fe5-403c-85d4-31520e88a3ce,SAMMS-Frankfort
202608262209458750,202608261955300298,202608261955298282,85,3278,Bronze INV,br_ReAssessmentFamily,TASK_COMPLETE,SUCCESS,INFO,0,0,0,,2026-08-26T19:55:35.047Z,2026-08-26T22:11:39.517Z,8164,2026-08-26T22:11:39.517Z,FS,Fort Smith,20846baf-2fe5-403c-85d4-31520e88a3ce,SAMMS-FortSmith
202608262209458751,202608261955300299,202608261955298282,85,3279,Bronze INV,br_ReAssessmentFamily,TASK_COMPLETE,SUCCESS,INFO,467,467,0,,2026-08-26T19:55:35.047Z,2026-08-26T22:11:39.517Z,8164,2026-08-26T22:11:39.517Z,FW,Fort Wayne,20846baf-2fe5-403c-85d4-31520e88a3ce,SAMMS-FortWayne
202608262209458753,202608261955300300,202608261955298282,85,3280,Bronze INV,br_ReAssessmentFamily,TASK_COMPLETE,SUCCESS,INFO,276,276,0,,2026-08-26T19:55:35.047Z,2026-08-26T22:11:39.517Z,8164,2026-08-26T22:11:39.517Z,GAL,Gaylord,20846baf-2fe5-403c-85d4-31520e88a3ce,SAMMS-Gaylord
202608262209458754,202608261955300301,202608261955298282,85,3284,Bronze INV,br_ReAssessmentFamily,TASK_COMPLETE,SUCCESS,INFO,100,100,0,,2026-08-26T19:55:35.047Z,2026-08-26T22:11:39.517Z,8164,2026-08-26T22:11:39.517Z,HGT,Hagerstown,20846baf-2fe5-403c-85d4-31520e88a3ce,SAMMS-Hagerstown
202608262209458755,202608261955300302,202608261955298282,85,3285,Bronze INV,br_ReAssessmentFamily,TASK_COMPLETE,SUCCESS,INFO,1725,1725,0,,2026-08-26T19:55:35.047Z,2026-08-26T22:11:39.517Z,8164,2026-08-26T22:11:39.517Z,HNT,Huntsville,20846baf-2fe5-403c-85d4-31520e88a3ce,SAMMS-Huntsville
202608262209458756,202608261955300303,202608261955298282,85,3286,Bronze INV,br_ReAssessmentFamily,TASK_COMPLETE,SUCCESS,INFO,0,0,0,,2026-08-26T19:55:35.047Z,2026-08-26T22:11:39.517Z,8164,2026-08-26T22:11:39.517Z,HS,Hot Springs,20846baf-2fe5-403c-85d4-31520e88a3ce,SAMMS-HotSprings
202608262209458757,202608261955300304,202608261955298282,85,3287,Bronze INV,br_ReAssessmentFamily,TASK_COMPLETE,SUCCESS,INFO,0,0,0,,2026-08-26T19:55:35.047Z,2026-08-26T22:11:39.517Z,8164,2026-08-26T22:11:39.517Z,JON,Jonesboro,20846baf-2fe5-403c-85d4-31520e88a3ce,SAMMS-Jonesboro
202608262209458758,202608261955300305,202608261955298282,85,3289,Bronze INV,br_ReAssessmentFamily,TASK_COMPLETE,SUCCESS,INFO,447,447,0,,2026-08-26T19:55:35.047Z,2026-08-26T22:11:39.517Z,8164,2026-08-26T22:11:39.517Z,LAN,Lansing,20846baf-2fe5-403c-85d4-31520e88a3ce,SAMMS-Lansing
202608262209458760,202608261955300306,202608261955298282,85,3290,Bronze INV,br_ReAssessmentFamily,TASK_COMPLETE,SUCCESS,INFO,1287,1287,0,,2026-08-26T19:55:35.047Z,2026-08-26T22:11:39.517Z,8164,2026-08-26T22:11:39.517Z,LO,Louisville,20846baf-2fe5-403c-85d4-31520e88a3ce,SAMMS-Louisville
202608262209458761,202608261955300307,202608261955298282,85,3291,Bronze INV,br_ReAssessmentFamily,TASK_COMPLETE,SUCCESS,INFO,291,291,0,,2026-08-26T19:55:35.047Z,2026-08-26T22:11:39.517Z,8164,2026-08-26T22:11:39.517Z,LV1,Cheyenne,20846baf-2fe5-403c-85d4-31520e88a3ce,SAMMS-Cheyenne
202608262209458762,202608261955300308,202608261955298282,85,3292,Bronze INV,br_ReAssessmentFamily,TASK_COMPLETE,SUCCESS,INFO,205,205,0,,2026-08-26T19:55:35.047Z,2026-08-26T22:11:39.517Z,8164,2026-08-26T22:11:39.517Z,LV2,Desert Inn,20846baf-2fe5-403c-85d4-31520e88a3ce,SAMMS-DesertInn
202608262209458763,202608261955300309,202608261955298282,85,3293,Bronze INV,br_ReAssessmentFamily,TASK_COMPLETE,SUCCESS,INFO,110,110,0,,2026-08-26T19:55:35.047Z,2026-08-26T22:11:39.517Z,8164,2026-08-26T22:11:39.517Z,LV3,McDaniel,20846baf-2fe5-403c-85d4-31520e88a3ce,SAMMS-McDaniel
202608262209458764,202608261955300310,202608261955298282,85,3296,Bronze INV,br_ReAssessmentFamily,TASK_COMPLETE,SUCCESS,INFO,356,356,0,,2026-08-26T19:55:35.047Z,2026-08-26T22:11:39.517Z,8164,2026-08-26T22:11:39.517Z,MNRE,Monroe,20846baf-2fe5-403c-85d4-31520e88a3ce,SAMMS-Monroe
202608262209458765,202608261955300311,202608261955298282,85,3297,Bronze INV,br_ReAssessmentFamily,TASK_COMPLETE,SUCCESS,INFO,1423,1423,0,,2026-08-26T19:55:35.047Z,2026-08-26T22:11:39.517Z,8164,2026-08-26T22:11:39.517Z,MP,Mt. Pleasant,20846baf-2fe5-403c-85d4-31520e88a3ce,SAMMS-MtPleasant
202608262209458767,202608261955300312,202608261955298282,85,3298,Bronze INV,br_ReAssessmentFamily,TASK_COMPLETE,SUCCESS,INFO,153,153,0,,2026-08-26T19:55:35.047Z,2026-08-26T22:11:39.517Z,8164,2026-08-26T22:11:39.517Z,MRD,Meridian,20846baf-2fe5-403c-85d4-31520e88a3ce,SAMMS-Meridian
202608262209458768,202608261955300313,202608261955298282,85,3303,Bronze INV,br_ReAssessmentFamily,TASK_COMPLETE,SUCCESS,INFO,693,693,0,,2026-08-26T19:55:35.047Z,2026-08-26T22:11:39.517Z,8164,2026-08-26T22:11:39.517Z,NC,North Charleston,20846baf-2fe5-403c-85d4-31520e88a3ce,SAMMS-NorthCharleston
202608262209458769,202608261955300314,202608261955298282,85,3304,Bronze INV,br_ReAssessmentFamily,TASK_COMPLETE,SUCCESS,INFO,0,0,0,,2026-08-26T19:55:35.047Z,2026-08-26T22:11:39.517Z,8164,2026-08-26T22:11:39.517Z,NLR,N. Little Rock,20846baf-2fe5-403c-85d4-31520e88a3ce,SAMMS-NLROBOT
202608262209458770,202608261955300315,202608261955298282,85,3305,Bronze INV,br_ReAssessmentFamily,TASK_COMPLETE,SUCCESS,INFO,112,112,0,,2026-08-26T19:55:35.047Z,2026-08-26T22:11:39.517Z,8164,2026-08-26T22:11:39.517Z,PH,Phoenix,20846baf-2fe5-403c-85d4-31520e88a3ce,SAMMS-Phoenix
202608262209458771,202608261955300316,202608261955298282,85,3309,Bronze INV,br_ReAssessmentFamily,TASK_COMPLETE,SUCCESS,INFO,214,214,0,,2026-08-26T19:55:35.047Z,2026-08-26T22:11:39.517Z,8164,2026-08-26T22:11:39.517Z,RE,Reno,20846baf-2fe5-403c-85d4-31520e88a3ce,SAMMS-Reno
202608262209458772,202608261955300317,202608261955298282,85,3310,Bronze INV,br_ReAssessmentFamily,TASK_COMPLETE,SUCCESS,INFO,88,88,0,,2026-08-26T19:55:35.047Z,2026-08-26T22:11:39.517Z,8164,2026-08-26T22:11:39.517Z,RMD,Richmond,20846baf-2fe5-403c-85d4-31520e88a3ce,SAMMS-Richmond
202608262209458774,202608261955300318,202608261955298282,85,3311,Bronze INV,br_ReAssessmentFamily,TASK_COMPLETE,SUCCESS,INFO,589,589,0,,2026-08-26T19:55:35.047Z,2026-08-26T22:11:39.517Z,8164,2026-08-26T22:11:39.517Z,SFN,Springfield North,20846baf-2fe5-403c-85d4-31520e88a3ce,SAMMS-SFNv5
202608262209458775,202608261955300319,202608261955298282,85,3312,Bronze INV,br_ReAssessmentFamily,TASK_COMPLETE,SUCCESS,INFO,763,763,0,,2026-08-26T19:55:35.047Z,2026-08-26T22:11:39.517Z,8164,2026-08-26T22:11:39.517Z,SHP,Shreveport,20846baf-2fe5-403c-85d4-31520e88a3ce,SAMMS-Shreveport
202608262209458776,202608261955300320,202608261955298282,85,3314,Bronze INV,br_ReAssessmentFamily,TASK_COMPLETE,SUCCESS,INFO,484,484,0,,2026-08-26T19:55:35.047Z,2026-08-26T22:11:39.517Z,8164,2026-08-26T22:11:39.517Z,STN,Staunton,20846baf-2fe5-403c-85d4-31520e88a3ce,SAMMS-Staunton
202608262209458777,202608261955300321,202608261955298282,85,3315,Bronze INV,br_ReAssessmentFamily,TASK_COMPLETE,SUCCESS,INFO,225,225,0,,2026-08-26T19:55:35.047Z,2026-08-26T22:11:39.517Z,8164,2026-08-26T22:11:39.517Z,STVN,Stevenson,20846baf-2fe5-403c-85d4-31520e88a3ce,SAMMS-Stevenson
202608262209458778,202608261955300322,202608261955298282,85,3317,Bronze INV,br_ReAssessmentFamily,TASK_COMPLETE,SUCCESS,INFO,173,173,0,,2026-08-26T19:55:35.047Z,2026-08-26T22:11:39.517Z,8164,2026-08-26T22:11:39.517Z,TE,Tempe,20846baf-2fe5-403c-85d4-31520e88a3ce,SAMMS-Tempe
202608262209458779,202608261955300323,202608261955298282,85,3318,Bronze INV,br_ReAssessmentFamily,TASK_COMPLETE,SUCCESS,INFO,0,0,0,,2026-08-26T19:55:35.047Z,2026-08-26T22:11:39.517Z,8164,2026-08-26T22:11:39.517Z,TEX,Texarkana,20846baf-2fe5-403c-85d4-31520e88a3ce,SAMMS-Texarkana
202608262209458781,202608261955300324,202608261955298282,85,3319,Bronze INV,br_ReAssessmentFamily,TASK_COMPLETE,SUCCESS,INFO,1079,1079,0,,2026-08-26T19:55:35.047Z,2026-08-26T22:11:39.517Z,8164,2026-08-26T22:11:39.517Z,TTCA,Bessemer,20846baf-2fe5-403c-85d4-31520e88a3ce,SAMMS-BessemerV5
202608262209458782,202608261955300325,202608261955298282,85,3320,Bronze INV,br_ReAssessmentFamily,TASK_COMPLETE,SUCCESS,INFO,1317,1317,0,,2026-08-26T19:55:35.047Z,2026-08-26T22:11:39.517Z,8164,2026-08-26T22:11:39.517Z,TTCB,Cullman,20846baf-2fe5-403c-85d4-31520e88a3ce,SAMMS-CullmanV5
202608262209458783,202608261955300326,202608261955298282,85,3321,Bronze INV,br_ReAssessmentFamily,TASK_COMPLETE,SUCCESS,INFO,944,944,0,,2026-08-26T19:55:35.047Z,2026-08-26T22:11:39.517Z,8164,2026-08-26T22:11:39.517Z,TTCC,Grand Bay,20846baf-2fe5-403c-85d4-31520e88a3ce,SAMMS-GrandBay
202608262209458784,202608261955300327,202608261955298282,85,3322,Bronze INV,br_ReAssessmentFamily,TASK_COMPLETE,SUCCESS,INFO,15,15,0,,2026-08-26T19:55:35.047Z,2026-08-26T22:11:39.517Z,8164,2026-08-26T22:11:39.517Z,TU,Tucson,20846baf-2fe5-403c-85d4-31520e88a3ce,SAMMS-Tucson
202608262209458785,202608261955300328,202608261955298282,85,3324,Bronze INV,br_ReAssessmentFamily,TASK_COMPLETE,SUCCESS,INFO,660,660,0,,2026-08-26T19:55:35.047Z,2026-08-26T22:11:39.517Z,8164,2026-08-26T22:11:39.517Z,V1,Memphis South,20846baf-2fe5-403c-85d4-31520e88a3ce,SAMMS-VCPHCS-I-MemphisV5
202608262209458786,202608261955300329,202608261955298282,85,3325,Bronze INV,br_ReAssessmentFamily,TASK_COMPLETE,SUCCESS,INFO,1628,1628,0,,2026-08-26T19:55:35.047Z,2026-08-26T22:11:39.517Z,8164,2026-08-26T22:11:39.517Z,V10,Longmont,20846baf-2fe5-403c-85d4-31520e88a3ce,SAMMS-BoulderV5
202608262209458787,202608261955300330,202608261955298282,85,3326,Bronze INV,br_ReAssessmentFamily,TASK_COMPLETE,SUCCESS,INFO,1513,1513,0,,2026-08-26T19:55:35.047Z,2026-08-26T22:11:39.517Z,8164,2026-08-26T22:11:39.517Z,V10A,Fort Collins,20846baf-2fe5-403c-85d4-31520e88a3ce,SAMMS-FortCollinsV5
202608262209458789,202608261955300331,202608261955298282,85,3327,Bronze INV,br_ReAssessmentFamily,TASK_COMPLETE,SUCCESS,INFO,2870,2870,0,,2026-08-26T19:55:35.047Z,2026-08-26T22:11:39.517Z,8164,2026-08-26T22:11:39.517Z,V11,Westminster,20846baf-2fe5-403c-85d4-31520e88a3ce,SAMMS-VCPHCS-XI-NorthDenverV5
202608262209458790,202608261955300332,202608261955298282,85,3328,Bronze INV,br_ReAssessmentFamily,TASK_COMPLETE,SUCCESS,INFO,3037,3037,0,,2026-08-26T19:55:35.047Z,2026-08-26T22:11:39.517Z,8164,2026-08-26T22:11:39.517Z,V12,Downtown Denver,20846baf-2fe5-403c-85d4-31520e88a3ce,SAMMS-VCPHCS-XII-DowntownDenverV5
202608262209458791,202608261955300333,202608261955298282,85,3329,Bronze INV,br_ReAssessmentFamily,TASK_COMPLETE,SUCCESS,INFO,1141,1141,0,,2026-08-26T19:55:35.047Z,2026-08-26T22:11:39.517Z,8164,2026-08-26T22:11:39.517Z,V12A,Centennial,20846baf-2fe5-403c-85d4-31520e88a3ce,SAMMS-CentennialV5
202608262209458792,202608261955300334,202608261955298282,85,3330,Bronze INV,br_ReAssessmentFamily,TASK_COMPLETE,SUCCESS,INFO,294,294,0,,2026-08-26T19:55:35.047Z,2026-08-26T22:11:39.517Z,8164,2026-08-26T22:11:39.517Z,V14,Overland Park,20846baf-2fe5-403c-85d4-31520e88a3ce,SAMMS-VCPHCS-XIV-BridgewayV5
202608262209458793,202608261955300335,202608261955298282,85,3331,Bronze INV,br_ReAssessmentFamily,TASK_COMPLETE,SUCCESS,INFO,610,610,0,,2026-08-26T19:55:35.047Z,2026-08-26T22:11:39.517Z,8164,2026-08-26T22:11:39.517Z,V15,Joplin,20846baf-2fe5-403c-85d4-31520e88a3ce,SAMMS-JoplinV5
202608262209458794,202608261955300336,202608261955298282,85,3333,Bronze INV,br_ReAssessmentFamily,TASK_COMPLETE,SUCCESS,INFO,903,903,0,,2026-08-26T19:55:35.047Z,2026-08-26T22:11:39.517Z,8164,2026-08-26T22:11:39.517Z,V17,Columbia TN,20846baf-2fe5-403c-85d4-31520e88a3ce,SAMMS-ColumbiaTNv5
202608120901445052,202608120901445051,20260812090134,117,8627,Gold Patient Services,PatientServicesNoShow,TASK_FAILED,FAILED,ERROR,56563539,0,56563539,"[UNRESOLVED_COLUMN.WITH_SUGGESTION] A column or function parameter with name `RowsProcessed` cannot be resolved. Did you mean one of the following? [`ErrorMessage`, `SourceType`, `SiteCode`, `StartTime`, `TaskConfigId`].; line 3 pos 20; DeltaUpdateTable [RowsProcessed, LastHeartbeat], [56563539, current_timestamp()], (TaskId#5902L = 202608120901445051) +- SubqueryAlias spark_catalog.chimcobldhq2agi88smk8gak84ml0j21ah34ukid5l1kuki55l24alh5c9k6enr2e9nmsuj54lmmat31.taskqueue +- Relation spark_catalog.chimcobldhq2agi88smk8gak84ml0j21ah34ukid5l1kuki55l24alh5c9k6enr2e9nmsuj54lmmat31.taskqueue[TaskId#5902L,RunId#5903L,ConfigId#5904L,TaskConfigId#5905L,TaskName#5906,SourceType#5907,TargetTable#5908,ExecutionOrder#5909,ExecutionFlag#5910,Status#5911,RetryAttempt#5912,RestartFlag#5913,AttemptNumber#5914,HttpStatusCode#5915,ApiResponseTimeMs#5916L,StartTime#5917,EndTime#5918,ErrorMessage#5919,CreatedAt#5920,SiteCode#5921,DataBaseName#5922,SiteName#5923,PipelineRunId#5924] parquet",2026-08-12T09:01:44.505Z,2026-08-12T09:02:36.894Z,48,2026-08-12T09:02:36.894Z,,,473be684-042c-471f-a263-402ba6fc6c7d,
202608232214225103,202608232010370109,202608232010368283,85,3153,Bronze INV,br_ReAssessment,TASK_COMPLETE,SUCCESS,INFO,0,0,0,,2026-08-23T20:10:41.468Z,2026-08-23T22:16:21.732Z,7540,2026-08-23T22:16:21.732Z,V20,Paris,955211d4-28b8-44a0-8023-2bfaa48d6721,SAMMS-ParisV5
202608232214225104,202608232010370110,202608232010368283,85,3154,Bronze INV,br_ReAssessment,TASK_COMPLETE,SUCCESS,INFO,0,0,0,,2026-08-23T20:10:41.468Z,2026-08-23T22:16:21.732Z,7540,2026-08-23T22:16:21.732Z,V21,Memphis North,955211d4-28b8-44a0-8023-2bfaa48d6721,SAMMS-RaleighV5
202608232214225105,202608232010370111,202608232010368283,85,3157,Bronze INV,br_ReAssessment,TASK_COMPLETE,SUCCESS,INFO,0,0,0,,2026-08-23T20:10:41.468Z,2026-08-23T22:16:21.732Z,7540,2026-08-23T22:16:21.732Z,V5,West Bank,955211d4-28b8-44a0-8023-2bfaa48d6721,SAMMS-NONTCv5
202608232214225106,202608232010370112,202608232010368283,85,3159,Bronze INV,br_ReAssessment,TASK_COMPLETE,SUCCESS,INFO,0,0,0,,2026-08-23T20:10:41.468Z,2026-08-23T22:16:21.732Z,7540,2026-08-23T22:16:21.732Z,V5B,Houma,955211d4-28b8-44a0-8023-2bfaa48d6721,SAMMS-HoumaV6
202608232214225107,202608232010370113,202608232010368283,85,3160,Bronze INV,br_ReAssessment,TASK_COMPLETE,SUCCESS,INFO,0,0,0,,2026-08-23T20:10:41.468Z,2026-08-23T22:16:21.732Z,7540,2026-08-23T22:16:21.732Z,V6,Lake Charles,955211d4-28b8-44a0-8023-2bfaa48d6721,SAMMS-LCv5
202608232214225108,202608232010370114,202608232010368283,85,3162,Bronze INV,br_ReAssessment,TASK_COMPLETE,SUCCESS,INFO,0,0,0,,2026-08-23T20:10:41.468Z,2026-08-23T22:16:21.732Z,7540,2026-08-23T22:16:21.732Z,V8,Memphis Midtown,955211d4-28b8-44a0-8023-2bfaa48d6721,SAMMS-VCPHCS-VIII-MemphisV5
202608232214225109,202608232010370115,202608232010368283,85,3163,Bronze INV,br_ReAssessment,TASK_COMPLETE,SUCCESS,INFO,0,0,0,,2026-08-23T20:10:41.468Z,2026-08-23T22:16:21.732Z,7540,2026-08-23T22:16:21.732Z,V9,Nashville,955211d4-28b8-44a0-8023-2bfaa48d6721,SAMMS-NashvilleV5
202608232214225111,202608232010370116,202608232010368283,85,3164,Bronze INV,br_ReAssessment,TASK_COMPLETE,SUCCESS,INFO,0,0,0,,2026-08-23T20:10:41.468Z,2026-08-23T22:16:21.732Z,7540,2026-08-23T22:16:21.732Z,VBRA,Brainerd,955211d4-28b8-44a0-8023-2bfaa48d6721,SAMMS-BrainerdV6
202608232214225112,202608232010370117,202608232010368283,85,3165,Bronze INV,br_ReAssessment,TASK_COMPLETE,SUCCESS,INFO,0,0,0,,2026-08-23T20:10:41.468Z,2026-08-23T22:16:21.732Z,7540,2026-08-23T22:16:21.732Z,VBRP,Brooklyn Park,955211d4-28b8-44a0-8023-2bfaa48d6721,SAMMS-BrooklynParkV6
202608232214225113,202608232010370118,202608232010368283,85,3167,Bronze INV,br_ReAssessment,TASK_COMPLETE,SUCCESS,INFO,0,0,0,,2026-08-23T20:10:41.468Z,2026-08-23T22:16:21.732Z,7540,2026-08-23T22:16:21.732Z,VMIN,Minneapolis,955211d4-28b8-44a0-8023-2bfaa48d6721,SAMMS-MinneapolisV6
202608232214225114,202608232010370119,202608232010368283,85,3168,Bronze INV,br_ReAssessment,TASK_COMPLETE,SUCCESS,INFO,0,0,0,,2026-08-23T20:10:41.468Z,2026-08-23T22:16:21.732Z,7540,2026-08-23T22:16:21.732Z,VWBY,Woodbury,955211d4-28b8-44a0-8023-2bfaa48d6721,SAMMS-WoodburyV6
202608232214225115,202608232010370120,202608232010368283,85,3170,Bronze INV,br_ReAssessment,TASK_COMPLETE,SUCCESS,INFO,0,0,0,,2026-08-23T20:10:41.468Z,2026-08-23T22:16:21.732Z,7540,2026-08-23T22:16:21.732Z,WIL,Wilson,955211d4-28b8-44a0-8023-2bfaa48d6721,SAMMS-Wilson
202608232214225217,202608232010468292,202608232010468283,86,5728,Silver INV,sl_ReAssessment,TASK_COMPLETE,SUCCESS,INFO,0,0,0,,2026-08-23T20:10:41.468Z,2026-08-23T22:16:21.732Z,7540,2026-08-23T22:16:21.732Z,,,955211d4-28b8-44a0-8023-2bfaa48d6721,
202608232214225146,202608232010370236,202608232010368283,85,3174,Bronze INV,br_ReAssessmentFamily,TASK_COMPLETE,SUCCESS,INFO,35,35,0,,2026-08-23T20:10:41.468Z,2026-08-23T22:16:21.732Z,7540,2026-08-23T22:16:21.732Z,AHK,Ahoskie,955211d4-28b8-44a0-8023-2bfaa48d6721,SAMMS-Ahoskie
202608232214225147,202608232010370237,202608232010368283,85,3175,Bronze INV,br_ReAssessmentFamily,TASK_COMPLETE,SUCCESS,INFO,662,662,0,,2026-08-23T20:10:41.468Z,2026-08-23T22:16:21.732Z,7540,2026-08-23T22:16:21.732Z,B12B,Colorado Springs,955211d4-28b8-44a0-8023-2bfaa48d6721,SAMMS-ColoradoSpringsV5
202608232214225148,202608232010370238,202608232010368283,85,3176,Bronze INV,br_ReAssessmentFamily,TASK_COMPLETE,SUCCESS,INFO,834,834,0,,2026-08-23T20:10:41.468Z,2026-08-23T22:16:21.732Z,7540,2026-08-23T22:16:21.732Z,B24,Paintsville,955211d4-28b8-44a0-8023-2bfaa48d6721,SAMMS-PaintsvilleV5
202608232214225149,202608232010370239,202608232010368283,85,3177,Bronze INV,br_ReAssessmentFamily,TASK_COMPLETE,SUCCESS,INFO,645,645,0,,2026-08-23T20:10:41.468Z,2026-08-23T22:16:21.732Z,7540,2026-08-23T22:16:21.732Z,B25,Pikeville,955211d4-28b8-44a0-8023-2bfaa48d6721,SAMMS-PikevilleV5
202608232214225150,202608232010370240,202608232010368283,85,3178,Bronze INV,br_ReAssessmentFamily,TASK_COMPLETE,SUCCESS,INFO,971,971,0,,2026-08-23T20:10:41.468Z,2026-08-23T22:16:21.732Z,7540,2026-08-23T22:16:21.732Z,B26,Hazard,955211d4-28b8-44a0-8023-2bfaa48d6721,SAMMS-HazardV5
202608232214225151,202608232010370241,202608232010368283,85,3179,Bronze INV,br_ReAssessmentFamily,TASK_COMPLETE,SUCCESS,INFO,530,530,0,,2026-08-23T20:10:41.468Z,2026-08-23T22:16:21.732Z,7540,2026-08-23T22:16:21.732Z,B27,Savannah,955211d4-28b8-44a0-8023-2bfaa48d6721,SAMMS-SavannahV6
202608232214225153,202608232010370242,202608232010368283,85,3180,Bronze INV,br_ReAssessmentFamily,TASK_COMPLETE,SUCCESS,INFO,246,246,0,,2026-08-23T20:10:41.468Z,2026-08-23T22:16:21.732Z,7540,2026-08-23T22:16:21.732Z,B28,West Plains,955211d4-28b8-44a0-8023-2bfaa48d6721,SAMMS-WestPlainesV5
202608232214225154,202608232010370243,202608232010368283,85,3181,Bronze INV,br_ReAssessmentFamily,TASK_COMPLETE,SUCCESS,INFO,461,461,0,,2026-08-23T20:10:41.468Z,2026-08-23T22:16:21.732Z,7540,2026-08-23T22:16:21.732Z,B29,Poplar Bluff,955211d4-28b8-44a0-8023-2bfaa48d6721,SAMMS-PoplarBluffV5
202608232214225155,202608232010370244,202608232010368283,85,3182,Bronze INV,br_ReAssessmentFamily,TASK_COMPLETE,SUCCESS,INFO,78,78,0,,2026-08-23T20:10:41.468Z,2026-08-23T22:16:21.732Z,7540,2026-08-23T22:16:21.732Z,B30,KC North,955211d4-28b8-44a0-8023-2bfaa48d6721,SAMMS-KCNv5
202608232214225156,202608232010370245,202608232010368283,85,3183,Bronze INV,br_ReAssessmentFamily,TASK_COMPLETE,SUCCESS,INFO,400,400,0,,2026-08-23T20:10:41.468Z,2026-08-23T22:16:21.732Z,7540,2026-08-23T22:16:21.732Z,B31,Dyersburg,955211d4-28b8-44a0-8023-2bfaa48d6721,SAMMS-DyersburgV5
202608232214225157,202608232010370246,202608232010368283,85,3185,Bronze INV,br_ReAssessmentFamily,TASK_COMPLETE,SUCCESS,INFO,487,487,0,,2026-08-23T20:10:41.468Z,2026-08-23T22:16:21.732Z,7540,2026-08-23T22:16:21.732Z,B33,Paducah,955211d4-28b8-44a0-8023-2bfaa48d6721,SAMMS-Paducah
202608232214225158,202608232010370247,202608232010368283,85,3186,Bronze INV,br_ReAssessmentFamily,TASK_COMPLETE,SUCCESS,INFO,383,383,0,,2026-08-23T20:10:41.468Z,2026-08-23T22:16:21.732Z,7540,2026-08-23T22:16:21.732Z,B34,Corbin,955211d4-28b8-44a0-8023-2bfaa48d6721,SAMMS-CorbinV5
202608232214225160,202608232010370248,202608232010368283,85,3187,Bronze INV,br_ReAssessmentFamily,TASK_COMPLETE,SUCCESS,INFO,240,240,0,,2026-08-23T20:10:41.468Z,2026-08-23T22:16:21.732Z,7540,2026-08-23T22:16:21.732Z,B35,Lexington,955211d4-28b8-44a0-8023-2bfaa48d6721,SAMMS-LexingtonV5
202608232214225161,202608232010370249,202608232010368283,85,3188,Bronze INV,br_ReAssessmentFamily,TASK_COMPLETE,SUCCESS,INFO,77,77,0,,2026-08-23T20:10:41.468Z,2026-08-23T22:16:21.732Z,7540,2026-08-23T22:16:21.732Z,B35A,Berea,955211d4-28b8-44a0-8023-2bfaa48d6721,SAMMS-BereaV5
202608232214225162,202608232010370250,202608232010368283,85,3189,Bronze INV,br_ReAssessmentFamily,TASK_COMPLETE,SUCCESS,INFO,20,20,0,,2026-08-23T20:10:41.468Z,2026-08-23T22:16:21.732Z,7540,2026-08-23T22:16:21.732Z,B36,Asheville,955211d4-28b8-44a0-8023-2bfaa48d6721,SAMMS-AshevilleV5
202608232214225163,202608232010370251,202608232010368283,85,3190,Bronze INV,br_ReAssessmentFamily,TASK_COMPLETE,SUCCESS,INFO,1,1,0,,2026-08-23T20:10:41.468Z,2026-08-23T22:16:21.732Z,7540,2026-08-23T22:16:21.732Z,B37,Clyde,955211d4-28b8-44a0-8023-2bfaa48d6721,SAMMS-ClydeV5
202608232214225164,202608232010370252,202608232010368283,85,3191,Bronze INV,br_ReAssessmentFamily,TASK_COMPLETE,SUCCESS,INFO,1186,1186,0,,2026-08-23T20:10:41.468Z,2026-08-23T22:16:21.732Z,7540,2026-08-23T22:16:21.732Z,B38,Spartanburg,955211d4-28b8-44a0-8023-2bfaa48d6721,SAMMS-SpartanburgV5
202608232214225165,202608232010370253,202608232010368283,85,3192,Bronze INV,br_ReAssessmentFamily,TASK_COMPLETE,SUCCESS,INFO,362,362,0,,2026-08-23T20:10:41.468Z,2026-08-23T22:16:21.732Z,7540,2026-08-23T22:16:21.732Z,B39,Aiken,955211d4-28b8-44a0-8023-2bfaa48d6721,SAMMS-AikenV5
202608232214225167,202608232010370254,202608232010368283,85,3193,Bronze INV,br_ReAssessmentFamily,TASK_COMPLETE,SUCCESS,INFO,1888,1888,0,,2026-08-23T20:10:41.468Z,2026-08-23T22:16:21.732Z,7540,2026-08-23T22:16:21.732Z,B41,Chesapeake,955211d4-28b8-44a0-8023-2bfaa48d6721,SAMMS-ChesapeakeV5
202608232214225168,202608232010370255,202608232010368283,85,3194,Bronze INV,br_ReAssessmentFamily,TASK_COMPLETE,SUCCESS,INFO,1917,1917,0,,2026-08-23T20:10:41.468Z,2026-08-23T22:16:21.732Z,7540,2026-08-23T22:16:21.732Z,B42,Virginia Beach,955211d4-28b8-44a0-8023-2bfaa48d6721,SAMMS-VirginiaBeachV5
202608232214225169,202608232010370256,202608232010368283,85,3195,Bronze INV,br_ReAssessmentFamily,TASK_COMPLETE,SUCCESS,INFO,926,926,0,,2026-08-23T20:10:41.468Z,2026-08-23T22:16:21.732Z,7540,2026-08-23T22:16:21.732Z,B42A,Newport News,955211d4-28b8-44a0-8023-2bfaa48d6721,SAMMS-NewportNewsV5
202608232214225170,202608232010370257,202608232010368283,85,3196,Bronze INV,br_ReAssessmentFamily,TASK_COMPLETE,SUCCESS,INFO,507,507,0,,2026-08-23T20:10:41.468Z,2026-08-23T22:16:21.732Z,7540,2026-08-23T22:16:21.732Z,B42B,Franklin,955211d4-28b8-44a0-8023-2bfaa48d6721,SAMMS-FranklinV5
202608232214225171,202608232010370258,202608232010368283,85,3197,Bronze INV,br_ReAssessmentFamily,TASK_COMPLETE,SUCCESS,INFO,342,342,0,,2026-08-23T20:10:41.468Z,2026-08-23T22:16:21.732Z,7540,2026-08-23T22:16:21.732Z,B42C,Glen Allen,955211d4-28b8-44a0-8023-2bfaa48d6721,SAMMS-GlenAllenV5
202608232214225172,202608232010370259,202608232010368283,85,3198,Bronze INV,br_ReAssessmentFamily,TASK_COMPLETE,SUCCESS,INFO,1481,1481,0,,2026-08-23T20:10:41.468Z,2026-08-23T22:16:21.732Z,7540,2026-08-23T22:16:21.732Z,B42D,Chesapeake South,955211d4-28b8-44a0-8023-2bfaa48d6721,SAMMS-ChesapeakeSouthV5
202608232214225174,202608232010370260,202608232010368283,85,3199,Bronze INV,br_ReAssessmentFamily,TASK_COMPLETE,SUCCESS,INFO,632,632,0,,2026-08-23T20:10:41.468Z,2026-08-23T22:16:21.732Z,7540,2026-08-23T22:16:21.732Z,B44,Albany,955211d4-28b8-44a0-8023-2bfaa48d6721,SAMMS-AlbanyV5
202608232214225175,202608232010370261,202608232010368283,85,3200,Bronze INV,br_ReAssessmentFamily,TASK_COMPLETE,SUCCESS,INFO,1270,1270,0,,2026-08-23T20:10:41.468Z,2026-08-23T22:16:21.732Z,7540,2026-08-23T22:16:21.732Z,B45,Tifton,955211d4-28b8-44a0-8023-2bfaa48d6721,SAMMS-TiftonV5
202608232214225176,202608232010370262,202608232010368283,85,3201,Bronze INV,br_ReAssessmentFamily,TASK_COMPLETE,SUCCESS,INFO,587,587,0,,2026-08-23T20:10:41.468Z,2026-08-23T22:16:21.732Z,7540,2026-08-23T22:16:21.732Z,B46,Washington DC,955211d4-28b8-44a0-8023-2bfaa48d6721,SAMMS-WashingtonDCv5
202608232214225177,202608232010370263,202608232010368283,85,3202,Bronze INV,br_ReAssessmentFamily,TASK_COMPLETE,SUCCESS,INFO,1570,1570,0,,2026-08-23T20:10:41.468Z,2026-08-23T22:16:21.732Z,7540,2026-08-23T22:16:21.732Z,B47,Mobile,955211d4-28b8-44a0-8023-2bfaa48d6721,SAMMS-MobileV5
202608232214225178,202608232010370264,202608232010368283,85,3203,Bronze INV,br_ReAssessmentFamily,TASK_COMPLETE,SUCCESS,INFO,1297,1297,0,,2026-08-23T20:10:41.468Z,2026-08-23T22:16:21.732Z,7540,2026-08-23T22:16:21.732Z,B48,Tuscaloosa,955211d4-28b8-44a0-8023-2bfaa48d6721,SAMMS-TuscaloosaV5
202608232214225179,202608232010370265,202608232010368283,85,3212,Bronze INV,br_ReAssessmentFamily,TASK_COMPLETE,SUCCESS,INFO,2,2,0,,2026-08-23T20:10:41.468Z,2026-08-23T22:16:21.732Z,7540,2026-08-23T22:16:21.732Z,B51,N. Little Rock (OTP),955211d4-28b8-44a0-8023-2bfaa48d6721,SAMMS-NorthLittleRockV6
202608232214225180,202608232010370266,202608232010368283,85,3213,Bronze INV,br_ReAssessmentFamily,TASK_COMPLETE,SUCCESS,INFO,456,456,0,,2026-08-23T20:10:41.468Z,2026-08-23T22:16:21.732Z,7540,2026-08-23T22:16:21.732Z,B52,Jackson GA,955211d4-28b8-44a0-8023-2bfaa48d6721,SAMMS-JacksonGAV5
202608232214225182,202608232010370267,202608232010368283,85,3214,Bronze INV,br_ReAssessmentFamily,TASK_COMPLETE,SUCCESS,INFO,1708,1708,0,,2026-08-23T20:10:41.468Z,2026-08-23T22:16:21.732Z,7540,2026-08-23T22:16:21.732Z,B54,Gadsden,955211d4-28b8-44a0-8023-2bfaa48d6721,SAMMS-GadsdenV5
202608232214225183,202608232010370268,202608232010368283,85,3215,Bronze INV,br_ReAssessmentFamily,TASK_COMPLETE,SUCCESS,INFO,950,950,0,,2026-08-23T20:10:41.468Z,2026-08-23T22:16:21.732Z,7540,2026-08-23T22:16:21.732Z,B55,Shoals,955211d4-28b8-44a0-8023-2bfaa48d6721,SAMMS-ShoalsV5
202608232214225184,202608232010370269,202608232010368283,85,3216,Bronze INV,br_ReAssessmentFamily,TASK_COMPLETE,SUCCESS,INFO,294,294,0,,2026-08-23T20:10:41.468Z,2026-08-23T22:16:21.732Z,7540,2026-08-23T22:16:21.732Z,B57,Pawtucket,955211d4-28b8-44a0-8023-2bfaa48d6721,SAMMS-Pawtucket
202608232214225185,202608232010370270,202608232010368283,85,3217,Bronze INV,br_ReAssessmentFamily,TASK_COMPLETE,SUCCESS,INFO,551,551,0,,2026-08-23T20:10:41.468Z,2026-08-23T22:16:21.732Z,7540,2026-08-23T22:16:21.732Z,B57A,Johnston,955211d4-28b8-44a0-8023-2bfaa48d6721,SAMMS-Johnston
202608232214225186,202608232010370271,202608232010368283,85,3218,Bronze INV,br_ReAssessmentFamily,TASK_COMPLETE,SUCCESS,INFO,166,166,0,,2026-08-23T20:10:41.468Z,2026-08-23T22:16:21.732Z,7540,2026-08-23T22:16:21.732Z,B57B,Middletown,955211d4-28b8-44a0-8023-2bfaa48d6721,SAMMS-Middletown
202608232214225187,202608232010370272,202608232010368283,85,3219,Bronze INV,br_ReAssessmentFamily,TASK_COMPLETE,SUCCESS,INFO,413,413,0,,2026-08-23T20:10:41.468Z,2026-08-23T22:16:21.732Z,7540,2026-08-23T22:16:21.732Z,B57C,Providence,955211d4-28b8-44a0-8023-2bfaa48d6721,SAMMS-Providence
202608232214225189,202608232010370273,202608232010368283,85,3220,Bronze INV,br_ReAssessmentFamily,TASK_COMPLETE,SUCCESS,INFO,623,623,0,,2026-08-23T20:10:41.468Z,2026-08-23T22:16:21.732Z,7540,2026-08-23T22:16:21.732Z,B57D,Westerly,955211d4-28b8-44a0-8023-2bfaa48d6721,SAMMS-Westerly
202608232214225190,202608232010370274,202608232010368283,85,3224,Bronze INV,br_ReAssessmentFamily,TASK_COMPLETE,SUCCESS,INFO,4,4,0,,2026-08-23T20:10:41.468Z,2026-08-23T22:16:21.732Z,7540,2026-08-23T22:16:21.732Z,B66A,Bremen,955211d4-28b8-44a0-8023-2bfaa48d6721,SAMMS-Bremen
202608232214225191,202608232010370275,202608232010368283,85,3227,Bronze INV,br_ReAssessmentFamily,TASK_COMPLETE,SUCCESS,INFO,0,0,0,,2026-08-23T20:10:41.468Z,2026-08-23T22:16:21.732Z,7540,2026-08-23T22:16:21.732Z,B72,Mobile (OBOT),955211d4-28b8-44a0-8023-2bfaa48d6721,SAMMS-Mobile-OBOT
202608232214225192,202608232010370276,202608232010368283,85,3228,Bronze INV,br_ReAssessmentFamily,TASK_COMPLETE,SUCCESS,INFO,0,0,0,,2026-08-23T20:10:41.468Z,2026-08-23T22:16:21.732Z,7540,2026-08-23T22:16:21.732Z,B73,Montgomery,955211d4-28b8-44a0-8023-2bfaa48d6721,SAMMS-Montgomery
202608232214225193,202608232010370277,202608232010368283,85,3229,Bronze INV,br_ReAssessmentFamily,TASK_COMPLETE,SUCCESS,INFO,517,517,0,,2026-08-23T20:10:41.468Z,2026-08-23T22:16:21.732Z,7540,2026-08-23T22:16:21.732Z,B75,Lawrence,955211d4-28b8-44a0-8023-2bfaa48d6721,SAMMS-LawrenceV6
202608232214225194,202608232010370278,202608232010368283,85,3230,Bronze INV,br_ReAssessmentFamily,TASK_COMPLETE,SUCCESS,INFO,0,0,0,,2026-08-23T20:10:41.468Z,2026-08-23T22:16:21.732Z,7540,2026-08-23T22:16:21.732Z,B76,Huntsville OBOT,955211d4-28b8-44a0-8023-2bfaa48d6721,SAMMS-Huntsville-OBOT
202608232214225196,202608232010370279,202608232010368283,85,3231,Bronze INV,br_ReAssessmentFamily,TASK_COMPLETE,SUCCESS,INFO,0,0,0,,2026-08-23T20:10:41.468Z,2026-08-23T22:16:21.732Z,7540,2026-08-23T22:16:21.732Z,BAT,Batesville,955211d4-28b8-44a0-8023-2bfaa48d6721,SAMMS-Batesville
202608232214225197,202608232010370280,202608232010368283,85,3232,Bronze INV,br_ReAssessmentFamily,TASK_COMPLETE,SUCCESS,INFO,461,461,0,,2026-08-23T20:10:41.468Z,2026-08-23T22:16:21.732Z,7540,2026-08-23T22:16:21.732Z,BG,Bowling Green,955211d4-28b8-44a0-8023-2bfaa48d6721,SAMMS-BowlingGreen
202608232214225198,202608232010370281,202608232010368283,85,3233,Bronze INV,br_ReAssessmentFamily,TASK_COMPLETE,SUCCESS,INFO,181,181,0,,2026-08-23T20:10:41.468Z,2026-08-23T22:16:21.732Z,7540,2026-08-23T22:16:21.732Z,BOI,Boise,955211d4-28b8-44a0-8023-2bfaa48d6721,SAMMS-Boise
202608232214225199,202608232010370282,202608232010368283,85,3240,Bronze INV,br_ReAssessmentFamily,TASK_COMPLETE,SUCCESS,INFO,51,51,0,,2026-08-23T20:10:41.468Z,2026-08-23T22:16:21.732Z,7540,2026-08-23T22:16:21.732Z,CBCO,Coeur dAlene,955211d4-28b8-44a0-8023-2bfaa48d6721,SAMMS-CoeurdAleneV6
202608232214225200,202608232010370283,202608232010368283,85,3259,Bronze INV,br_ReAssessmentFamily,TASK_COMPLETE,SUCCESS,INFO,0,0,0,,2026-08-23T20:10:41.468Z,2026-08-23T22:16:21.732Z,7540,2026-08-23T22:16:21.732Z,CON,Conway,955211d4-28b8-44a0-8023-2bfaa48d6721,SAMMS-Conway
202608232214225201,202608232010370284,202608232010368283,85,3260,Bronze INV,br_ReAssessmentFamily,TASK_COMPLETE,SUCCESS,INFO,2575,2575,0,,2026-08-23T20:10:41.468Z,2026-08-23T22:16:21.732Z,7540,2026-08-23T22:16:21.732Z,D07,Medical Services Knox TN,955211d4-28b8-44a0-8023-2bfaa48d6721,SAMMS-KnoxvilleV6
202608232214225203,202608232010370285,202608232010368283,85,3261,Bronze INV,br_ReAssessmentFamily,TASK_COMPLETE,SUCCESS,INFO,111,111,0,,2026-08-23T20:10:41.468Z,2026-08-23T22:16:21.732Z,7540,2026-08-23T22:16:21.732Z,D08,Madison,955211d4-28b8-44a0-8023-2bfaa48d6721,SAMMS-MadisonV6
202608232214225204,202608232010370286,202608232010368283,85,3263,Bronze INV,br_ReAssessmentFamily,TASK_COMPLETE,SUCCESS,INFO,121,121,0,,2026-08-23T20:10:41.468Z,2026-08-23T22:16:21.732Z,7540,2026-08-23T22:16:21.732Z,D09,Murfreesboro,955211d4-28b8-44a0-8023-2bfaa48d6721,SAMMS-MurfreesboroV6
202608232214225205,202608232010370287,202608232010368283,85,3264,Bronze INV,br_ReAssessmentFamily,TASK_COMPLETE,SUCCESS,INFO,335,335,0,,2026-08-23T20:10:41.468Z,2026-08-23T22:16:21.732Z,7540,2026-08-23T22:16:21.732Z,DA,Davenport,955211d4-28b8-44a0-8023-2bfaa48d6721,SAMMS-Davenport
202608232214225206,202608232010370288,202608232010368283,85,3265,Bronze INV,br_ReAssessmentFamily,TASK_COMPLETE,SUCCESS,INFO,288,288,0,,2026-08-23T20:10:41.468Z,2026-08-23T22:16:21.732Z,7540,2026-08-23T22:16:21.732Z,DM,Des Moines,955211d4-28b8-44a0-8023-2bfaa48d6721,SAMMS-DesMoines
202608232214225207,202608232010370289,202608232010368283,85,3267,Bronze INV,br_ReAssessmentFamily,TASK_COMPLETE,SUCCESS,INFO,530,530,0,,2026-08-23T20:10:41.468Z,2026-08-23T22:16:21.732Z,7540,2026-08-23T22:16:21.732Z,DRD-CO,Columbia MO,955211d4-28b8-44a0-8023-2bfaa48d6721,SAMMS-ColumbiaV5
202608232214225208,202608232010370290,202608232010368283,85,3268,Bronze INV,br_ReAssessmentFamily,TASK_COMPLETE,SUCCESS,INFO,348,348,0,,2026-08-23T20:10:41.468Z,2026-08-23T22:16:21.732Z,7540,2026-08-23T22:16:21.732Z,DRD-KC,KC,955211d4-28b8-44a0-8023-2bfaa48d6721,SAMMS-KCv5
202608232214225209,202608232010370291,202608232010368283,85,3269,Bronze INV,br_ReAssessmentFamily,TASK_COMPLETE,SUCCESS,INFO,1549,1549,0,,2026-08-23T20:10:41.468Z,2026-08-23T22:16:21.732Z,7540,2026-08-23T22:16:21.732Z,DRD-KVB,KVB,955211d4-28b8-44a0-8023-2bfaa48d6721,SAMMS-KVBv5
202608232214225211,202608232010370292,202608232010368283,85,3270,Bronze INV,br_ReAssessmentFamily,TASK_COMPLETE,SUCCESS,INFO,1674,1674,0,,2026-08-23T20:10:41.468Z,2026-08-23T22:16:21.732Z,7540,2026-08-23T22:16:21.732Z,DRD-KVC,KVC,955211d4-28b8-44a0-8023-2bfaa48d6721,SAMMS-KVCv5
202608232214225212,202608232010370293,202608232010368283,85,3271,Bronze INV,br_ReAssessmentFamily,TASK_COMPLETE,SUCCESS,INFO,3205,3205,0,,2026-08-23T20:10:41.468Z,2026-08-23T22:16:21.732Z,7540,2026-08-23T22:16:21.732Z,DRD-NOLA,NOLA,955211d4-28b8-44a0-8023-2bfaa48d6721,SAMMS-NOLAv5
202608232214225213,202608232010370294,202608232010368283,85,3272,Bronze INV,br_ReAssessmentFamily,TASK_COMPLETE,SUCCESS,INFO,800,800,0,,2026-08-23T20:10:41.468Z,2026-08-23T22:16:21.732Z,7540,2026-08-23T22:16:21.732Z,DRD-SF,Springfield,955211d4-28b8-44a0-8023-2bfaa48d6721,SAMMS-SFv5
202608232214225214,202608232010370295,202608232010368283,85,3274,Bronze INV,br_ReAssessmentFamily,TASK_COMPLETE,SUCCESS,INFO,260,260,0,,2026-08-23T20:10:41.468Z,2026-08-23T22:16:21.732Z,7540,2026-08-23T22:16:21.732Z,ELC,Elizabeth City,955211d4-28b8-44a0-8023-2bfaa48d6721,SAMMS-ElizabethCity
202608232214225215,202608232010370296,202608232010368283,85,3275,Bronze INV,br_ReAssessmentFamily,TASK_COMPLETE,SUCCESS,INFO,128,128,0,,2026-08-23T20:10:41.468Z,2026-08-23T22:16:21.732Z,7540,2026-08-23T22:16:21.732Z,ET,Elizabethtown,955211d4-28b8-44a0-8023-2bfaa48d6721,SAMMS-Elizabethtown
202608232214225216,202608232010370297,202608232010368283,85,3276,Bronze INV,br_ReAssessmentFamily,TASK_COMPLETE,SUCCESS,INFO,0,0,0,,2026-08-23T20:10:41.468Z,2026-08-23T22:16:21.732Z,7540,2026-08-23T22:16:21.732Z,FAY,Fayetteville,955211d4-28b8-44a0-8023-2bfaa48d6721,SAMMS-Fayetteville
202608232214225218,202608232010370298,202608232010368283,85,3277,Bronze INV,br_ReAssessmentFamily,TASK_COMPLETE,SUCCESS,INFO,156,156,0,,2026-08-23T20:10:41.468Z,2026-08-23T22:16:21.732Z,7540,2026-08-23T22:16:21.732Z,FR,Frankfort,955211d4-28b8-44a0-8023-2bfaa48d6721,SAMMS-Frankfort
202608232214225219,202608232010370299,202608232010368283,85,3278,Bronze INV,br_ReAssessmentFamily,TASK_COMPLETE,SUCCESS,INFO,0,0,0,,2026-08-23T20:10:41.468Z,2026-08-23T22:16:21.732Z,7540,2026-08-23T22:16:21.732Z,FS,Fort Smith,955211d4-28b8-44a0-8023-2bfaa48d6721,SAMMS-FortSmith
202608232214225220,202608232010370300,202608232010368283,85,3279,Bronze INV,br_ReAssessmentFamily,TASK_COMPLETE,SUCCESS,INFO,467,467,0,,2026-08-23T20:10:41.468Z,2026-08-23T22:16:21.732Z,7540,2026-08-23T22:16:21.732Z,FW,Fort Wayne,955211d4-28b8-44a0-8023-2bfaa48d6721,SAMMS-FortWayne
202608232214225221,202608232010370301,202608232010368283,85,3280,Bronze INV,br_ReAssessmentFamily,TASK_COMPLETE,SUCCESS,INFO,276,276,0,,2026-08-23T20:10:41.468Z,2026-08-23T22:16:21.732Z,7540,2026-08-23T22:16:21.732Z,GAL,Gaylord,955211d4-28b8-44a0-8023-2bfaa48d6721,SAMMS-Gaylord
202608232214225222,202608232010370302,202608232010368283,85,3284,Bronze INV,br_ReAssessmentFamily,TASK_COMPLETE,SUCCESS,INFO,100,100,0,,2026-08-23T20:10:41.468Z,2026-08-23T22:16:21.732Z,7540,2026-08-23T22:16:21.732Z,HGT,Hagerstown,955211d4-28b8-44a0-8023-2bfaa48d6721,SAMMS-Hagerstown
202608232214225223,202608232010370303,202608232010368283,85,3285,Bronze INV,br_ReAssessmentFamily,TASK_COMPLETE,SUCCESS,INFO,1725,1725,0,,2026-08-23T20:10:41.468Z,2026-08-23T22:16:21.732Z,7540,2026-08-23T22:16:21.732Z,HNT,Huntsville,955211d4-28b8-44a0-8023-2bfaa48d6721,SAMMS-Huntsville
202608232214225225,202608232010370304,202608232010368283,85,3286,Bronze INV,br_ReAssessmentFamily,TASK_COMPLETE,SUCCESS,INFO,0,0,0,,2026-08-23T20:10:41.468Z,2026-08-23T22:16:21.732Z,7540,2026-08-23T22:16:21.732Z,HS,Hot Springs,955211d4-28b8-44a0-8023-2bfaa48d6721,SAMMS-HotSprings
202608232214225226,202608232010370305,202608232010368283,85,3287,Bronze INV,br_ReAssessmentFamily,TASK_COMPLETE,SUCCESS,INFO,0,0,0,,2026-08-23T20:10:41.468Z,2026-08-23T22:16:21.732Z,7540,2026-08-23T22:16:21.732Z,JON,Jonesboro,955211d4-28b8-44a0-8023-2bfaa48d6721,SAMMS-Jonesboro
202608232214225227,202608232010370306,202608232010368283,85,3289,Bronze INV,br_ReAssessmentFamily,TASK_COMPLETE,SUCCESS,INFO,447,447,0,,2026-08-23T20:10:41.468Z,2026-08-23T22:16:21.732Z,7540,2026-08-23T22:16:21.732Z,LAN,Lansing,955211d4-28b8-44a0-8023-2bfaa48d6721,SAMMS-Lansing
202608232214225228,202608232010370307,202608232010368283,85,3290,Bronze INV,br_ReAssessmentFamily,TASK_COMPLETE,SUCCESS,INFO,1287,1287,0,,2026-08-23T20:10:41.468Z,2026-08-23T22:16:21.732Z,7540,2026-08-23T22:16:21.732Z,LO,Louisville,955211d4-28b8-44a0-8023-2bfaa48d6721,SAMMS-Louisville
202608232214225229,202608232010370308,202608232010368283,85,3291,Bronze INV,br_ReAssessmentFamily,TASK_COMPLETE,SUCCESS,INFO,291,291,0,,2026-08-23T20:10:41.468Z,2026-08-23T22:16:21.732Z,7540,2026-08-23T22:16:21.732Z,LV1,Cheyenne,955211d4-28b8-44a0-8023-2bfaa48d6721,SAMMS-Cheyenne
202608232214225230,202608232010370309,202608232010368283,85,3292,Bronze INV,br_ReAssessmentFamily,TASK_COMPLETE,SUCCESS,INFO,205,205,0,,2026-08-23T20:10:41.468Z,2026-08-23T22:16:21.732Z,7540,2026-08-23T22:16:21.732Z,LV2,Desert Inn,955211d4-28b8-44a0-8023-2bfaa48d6721,SAMMS-DesertInn
202608232214225232,202608232010370310,202608232010368283,85,3293,Bronze INV,br_ReAssessmentFamily,TASK_COMPLETE,SUCCESS,INFO,110,110,0,,2026-08-23T20:10:41.468Z,2026-08-23T22:16:21.732Z,7540,2026-08-23T22:16:21.732Z,LV3,McDaniel,955211d4-28b8-44a0-8023-2bfaa48d6721,SAMMS-McDaniel
202608232214225233,202608232010370311,202608232010368283,85,3296,Bronze INV,br_ReAssessmentFamily,TASK_COMPLETE,SUCCESS,INFO,356,356,0,,2026-08-23T20:10:41.468Z,2026-08-23T22:16:21.732Z,7540,2026-08-23T22:16:21.732Z,MNRE,Monroe,955211d4-28b8-44a0-8023-2bfaa48d6721,SAMMS-Monroe
202608232214225234,202608232010370312,202608232010368283,85,3297,Bronze INV,br_ReAssessmentFamily,TASK_COMPLETE,SUCCESS,INFO,1423,1423,0,,2026-08-23T20:10:41.468Z,2026-08-23T22:16:21.732Z,7540,2026-08-23T22:16:21.732Z,MP,Mt. Pleasant,955211d4-28b8-44a0-8023-2bfaa48d6721,SAMMS-MtPleasant
202608232214225235,202608232010370313,202608232010368283,85,3298,Bronze INV,br_ReAssessmentFamily,TASK_COMPLETE,SUCCESS,INFO,153,153,0,,2026-08-23T20:10:41.468Z,2026-08-23T22:16:21.732Z,7540,2026-08-23T22:16:21.732Z,MRD,Meridian,955211d4-28b8-44a0-8023-2bfaa48d6721,SAMMS-Meridian
202608232214225236,202608232010370314,202608232010368283,85,3303,Bronze INV,br_ReAssessmentFamily,TASK_COMPLETE,SUCCESS,INFO,693,693,0,,2026-08-23T20:10:41.468Z,2026-08-23T22:16:21.732Z,7540,2026-08-23T22:16:21.732Z,NC,North Charleston,955211d4-28b8-44a0-8023-2bfaa48d6721,SAMMS-NorthCharleston
202608232214225238,202608232010370315,202608232010368283,85,3304,Bronze INV,br_ReAssessmentFamily,TASK_COMPLETE,SUCCESS,INFO,0,0,0,,2026-08-23T20:10:41.468Z,2026-08-23T22:16:21.732Z,7540,2026-08-23T22:16:21.732Z,NLR,N. Little Rock,955211d4-28b8-44a0-8023-2bfaa48d6721,SAMMS-NLROBOT
202608232214225239,202608232010370316,202608232010368283,85,3305,Bronze INV,br_ReAssessmentFamily,TASK_COMPLETE,SUCCESS,INFO,112,112,0,,2026-08-23T20:10:41.468Z,2026-08-23T22:16:21.732Z,7540,2026-08-23T22:16:21.732Z,PH,Phoenix,955211d4-28b8-44a0-8023-2bfaa48d6721,SAMMS-Phoenix
202608232214225240,202608232010370317,202608232010368283,85,3309,Bronze INV,br_ReAssessmentFamily,TASK_COMPLETE,SUCCESS,INFO,214,214,0,,2026-08-23T20:10:41.468Z,2026-08-23T22:16:21.732Z,7540,2026-08-23T22:16:21.732Z,RE,Reno,955211d4-28b8-44a0-8023-2bfaa48d6721,SAMMS-Reno
202608232214225241,202608232010370318,202608232010368283,85,3310,Bronze INV,br_ReAssessmentFamily,TASK_COMPLETE,SUCCESS,INFO,88,88,0,,2026-08-23T20:10:41.468Z,2026-08-23T22:16:21.732Z,7540,2026-08-23T22:16:21.732Z,RMD,Richmond,955211d4-28b8-44a0-8023-2bfaa48d6721,SAMMS-Richmond
202608232214225242,202608232010370319,202608232010368283,85,3311,Bronze INV,br_ReAssessmentFamily,TASK_COMPLETE,SUCCESS,INFO,589,589,0,,2026-08-23T20:10:41.468Z,2026-08-23T22:16:21.732Z,7540,2026-08-23T22:16:21.732Z,SFN,Springfield North,955211d4-28b8-44a0-8023-2bfaa48d6721,SAMMS-SFNv5
202608232214225243,202608232010370320,202608232010368283,85,3312,Bronze INV,br_ReAssessmentFamily,TASK_COMPLETE,SUCCESS,INFO,763,763,0,,2026-08-23T20:10:41.468Z,2026-08-23T22:16:21.732Z,7540,2026-08-23T22:16:21.732Z,SHP,Shreveport,955211d4-28b8-44a0-8023-2bfaa48d6721,SAMMS-Shreveport
202608232214225245,202608232010370321,202608232010368283,85,3314,Bronze INV,br_ReAssessmentFamily,TASK_COMPLETE,SUCCESS,INFO,484,484,0,,2026-08-23T20:10:41.468Z,2026-08-23T22:16:21.732Z,7540,2026-08-23T22:16:21.732Z,STN,Staunton,955211d4-28b8-44a0-8023-2bfaa48d6721,SAMMS-Staunton
202608232214225246,202608232010370322,202608232010368283,85,3315,Bronze INV,br_ReAssessmentFamily,TASK_COMPLETE,SUCCESS,INFO,225,225,0,,2026-08-23T20:10:41.468Z,2026-08-23T22:16:21.732Z,7540,2026-08-23T22:16:21.732Z,STVN,Stevenson,955211d4-28b8-44a0-8023-2bfaa48d6721,SAMMS-Stevenson
202608232214225247,202608232010370323,202608232010368283,85,3317,Bronze INV,br_ReAssessmentFamily,TASK_COMPLETE,SUCCESS,INFO,173,173,0,,2026-08-23T20:10:41.468Z,2026-08-23T22:16:21.732Z,7540,2026-08-23T22:16:21.732Z,TE,Tempe,955211d4-28b8-44a0-8023-2bfaa48d6721,SAMMS-Tempe
202608232214225248,202608232010370324,202608232010368283,85,3318,Bronze INV,br_ReAssessmentFamily,TASK_COMPLETE,SUCCESS,INFO,0,0,0,,2026-08-23T20:10:41.468Z,2026-08-23T22:16:21.732Z,7540,2026-08-23T22:16:21.732Z,TEX,Texarkana,955211d4-28b8-44a0-8023-2bfaa48d6721,SAMMS-Texarkana
202608232214225249,202608232010370325,202608232010368283,85,3319,Bronze INV,br_ReAssessmentFamily,TASK_COMPLETE,SUCCESS,INFO,1079,1079,0,,2026-08-23T20:10:41.468Z,2026-08-23T22:16:21.732Z,7540,2026-08-23T22:16:21.732Z,TTCA,Bessemer,955211d4-28b8-44a0-8023-2bfaa48d6721,SAMMS-BessemerV5
202608232214225250,202608232010370326,202608232010368283,85,3320,Bronze INV,br_ReAssessmentFamily,TASK_COMPLETE,SUCCESS,INFO,1317,1317,0,,2026-08-23T20:10:41.468Z,2026-08-23T22:16:21.732Z,7540,2026-08-23T22:16:21.732Z,TTCB,Cullman,955211d4-28b8-44a0-8023-2bfaa48d6721,SAMMS-CullmanV5
202608232214225252,202608232010370327,202608232010368283,85,3321,Bronze INV,br_ReAssessmentFamily,TASK_COMPLETE,SUCCESS,INFO,944,944,0,,2026-08-23T20:10:41.468Z,2026-08-23T22:16:21.732Z,7540,2026-08-23T22:16:21.732Z,TTCC,Grand Bay,955211d4-28b8-44a0-8023-2bfaa48d6721,SAMMS-GrandBay
202608232214225253,202608232010370328,202608232010368283,85,3322,Bronze INV,br_ReAssessmentFamily,TASK_COMPLETE,SUCCESS,INFO,15,15,0,,2026-08-23T20:10:41.468Z,2026-08-23T22:16:21.732Z,7540,2026-08-23T22:16:21.732Z,TU,Tucson,955211d4-28b8-44a0-8023-2bfaa48d6721,SAMMS-Tucson
202608232214225254,202608232010370329,202608232010368283,85,3324,Bronze INV,br_ReAssessmentFamily,TASK_COMPLETE,SUCCESS,INFO,660,660,0,,2026-08-23T20:10:41.468Z,2026-08-23T22:16:21.732Z,7540,2026-08-23T22:16:21.732Z,V1,Memphis South,955211d4-28b8-44a0-8023-2bfaa48d6721,SAMMS-VCPHCS-I-MemphisV5
202608232214225255,202608232010370330,202608232010368283,85,3325,Bronze INV,br_ReAssessmentFamily,TASK_COMPLETE,SUCCESS,INFO,1628,1628,0,,2026-08-23T20:10:41.468Z,2026-08-23T22:16:21.732Z,7540,2026-08-23T22:16:21.732Z,V10,Longmont,955211d4-28b8-44a0-8023-2bfaa48d6721,SAMMS-BoulderV5
202608232214225256,202608232010370331,202608232010368283,85,3326,Bronze INV,br_ReAssessmentFamily,TASK_COMPLETE,SUCCESS,INFO,1513,1513,0,,2026-08-23T20:10:41.468Z,2026-08-23T22:16:21.732Z,7540,2026-08-23T22:16:21.732Z,V10A,Fort Collins,955211d4-28b8-44a0-8023-2bfaa48d6721,SAMMS-FortCollinsV5
202608232214225257,202608232010370332,202608232010368283,85,3327,Bronze INV,br_ReAssessmentFamily,TASK_COMPLETE,SUCCESS,INFO,2870,2870,0,,2026-08-23T20:10:41.468Z,2026-08-23T22:16:21.732Z,7540,2026-08-23T22:16:21.732Z,V11,Westminster,955211d4-28b8-44a0-8023-2bfaa48d6721,SAMMS-VCPHCS-XI-NorthDenverV5
202608232214225258,202608232010370333,202608232010368283,85,3328,Bronze INV,br_ReAssessmentFamily,TASK_COMPLETE,SUCCESS,INFO,3037,3037,0,,2026-08-23T20:10:41.468Z,2026-08-23T22:16:21.732Z,7540,2026-08-23T22:16:21.732Z,V12,Downtown Denver,955211d4-28b8-44a0-8023-2bfaa48d6721,SAMMS-VCPHCS-XII-DowntownDenverV5
202608232214225260,202608232010370334,202608232010368283,85,3329,Bronze INV,br_ReAssessmentFamily,TASK_COMPLETE,SUCCESS,INFO,1141,1141,0,,2026-08-23T20:10:41.468Z,2026-08-23T22:16:21.732Z,7540,2026-08-23T22:16:21.732Z,V12A,Centennial,955211d4-28b8-44a0-8023-2bfaa48d6721,SAMMS-CentennialV5
202608232214225261,202608232010370335,202608232010368283,85,3330,Bronze INV,br_ReAssessmentFamily,TASK_COMPLETE,SUCCESS,INFO,294,294,0,,2026-08-23T20:10:41.468Z,2026-08-23T22:16:21.732Z,7540,2026-08-23T22:16:21.732Z,V14,Overland Park,955211d4-28b8-44a0-8023-2bfaa48d6721,SAMMS-VCPHCS-XIV-BridgewayV5
202608232214225262,202608232010370336,202608232010368283,85,3331,Bronze INV,br_ReAssessmentFamily,TASK_COMPLETE,SUCCESS,INFO,610,610,0,,2026-08-23T20:10:41.468Z,2026-08-23T22:16:21.732Z,7540,2026-08-23T22:16:21.732Z,V15,Joplin,955211d4-28b8-44a0-8023-2bfaa48d6721,SAMMS-JoplinV5
202608232214225263,202608232010370337,202608232010368283,85,3333,Bronze INV,br_ReAssessmentFamily,TASK_COMPLETE,SUCCESS,INFO,903,903,0,,2026-08-23T20:10:41.468Z,2026-08-23T22:16:21.732Z,7540,2026-08-23T22:16:21.732Z,V17,Columbia TN,955211d4-28b8-44a0-8023-2bfaa48d6721,SAMMS-ColumbiaTNv5
202608241009124970,202608241009124969,20260824094126,129,13684,Azure Sql Python Silver - 3P Balances,sl_tbl_Third_Party_AR_inDB_Balances,TASK_FAILED,FAILED,ERROR,0,0,1,"[UNRESOLVED_COLUMN.WITH_SUGGESTION] A column or function parameter with name `a`.`Bal` cannot be resolved. Did you mean one of the following? [`a`.`Bal.`, `c`.`CBO`, `a`.`DOB`, `a`.`f32a`, `a`.`f33a`].; line 50 pos 25; ''Project [a.*, ''b.liaANSI1 AS LastDenial#6253, ''d.FeeType, ''e.tpcliProviderId AS LastRenderingProvider#6254] +- ''Filter (''COALESCE(try_cast(Bal.#5453 as double), try_cast(''a.Bal as double), try_cast(''a.Bal_ as double), 0) > 0) +- Join LeftOuter, ((SiteCode#5434 = SiteCode#6287) AND (tpccltID#5436 = tpccltID#6323)) :- Join LeftOuter, ((tpcStrPayer#5439 = payor#6246) AND (CASE WHEN (SiteCode#5434 = Lab) THEN R-LAB ELSE StateCode#6118 END = State#6240)) : :- Join LeftOuter, (SiteCode#5434 = SiteCode#6112) : : :- Join LeftOuter, ((SiteCode#5434 = SiteCode#5596) AND (tpccltID#5436 = tpccltID#5895)) : : : :- SubqueryAlias a : : : : +- SubqueryAlias tbl_third_party_ar_indb : : : : +- View (`tbl_Third_Party_AR_inDB`, [SiteCode#5434,tpcID#5435,tpccltID#5436,ClientM4ID#543",2026-08-24T10:09:12.496Z,2026-08-24T10:09:45.366Z,32,2026-08-24T10:09:45.366Z,,,6a735722-6e76-450c-a96d-4ce695201a90,
202608240942426850,202608240942426849,20260824094126,129,13685,Azure Sql Python Silver - Claim Denial Prediction,sl_ClaimDenialPredictionV1,TASK_FAILED,FAILED,ERROR,0,0,1,"[UNRESOLVED_COLUMN.WITH_SUGGESTION] A column or function parameter with name `a`.`Location` cannot be resolved. Did you mean one of the following? [`c`.`f1id`, `c`.`f10auto`, `c`.`f12sig`, `c`.`f32a`, `c`.`f32b`].; line 24 pos 31; ''Project [clia.*, ''cli.tpcliDtmService AS ServiceDt#14017, ''cli.tpcliTxtService AS Service#14018, ''cli.tpcliTPCID AS ClaimID#14019, ''cli.tpcliAmtCharge, ''cli.tpcliStrCPT, ''c.tpccltID, ''c.tpcCreatedDate AS ClaimBillDate#14020, ''c.tpcStrPayer, ''clia.liaStrUser AS ClaimPostedBy#14021, ''cli.tpcliProviderId AS RenderingProvider#14022, ''a.Status AS AuthStatus#14023, ''e.Status AS eligStatus#14024] +- ''Join LeftOuter, (((''clia.SiteCode = ''e.Location) AND (''c.tpccltID = ''e.cltID)) AND (''c.tpcStrPayer = ''e.Payor)) :- ''Join LeftOuter, (((SiteCode#13695 = ''a.Location) AND (tpccltID#13826 = ''a.cltID)) AND (tpcStrPayer#13828 = ''a.Payor)) : :- Join LeftOuter, ((SiteCode#13695 = SiteCode#13821) AND (tpcliTPCID#13764 = tpcID#13822)) : : :- Join LeftOut",2026-08-24T09:42:42.684Z,2026-08-24T09:43:07.982Z,25,2026-08-24T09:43:07.982Z,,,713fae33-277e-44b8-ab5b-2c26174abb4c,
202608240941337436,202608240941337435,20260824094126,129,13684,Azure Sql Python Silver - 3P Balances,sl_tbl_Third_Party_AR_inDB_Balances,TASK_FAILED,FAILED,ERROR,0,0,1,"[UNRESOLVED_COLUMN.WITH_SUGGESTION] A column or function parameter with name `a`.`tpccltID` cannot be resolved. Did you mean one of the following? [`b`.`tpccltID`, `a`.`SiteCode`, `b`.`liaANSI1`, `b`.`SiteCode`].; line 24 pos 43; ''Project [a.*, ''b.liaANSI1 AS LastDenial#5965, ''d.FeeType, ''e.tpcliProviderId AS LastRenderingProvider#5966] +- ''Filter (''COALESCE(''a.`Bal.`, ''a.Bal, ''a.Bal_) > 0) +- ''Join LeftOuter, ((''a.SiteCode = ''e.SiteCode) AND (''a.tpccltID = ''e.tpccltID)) :- ''Join LeftOuter, ((''a.tpcStrPayer = ''d.payor) AND (CASE WHEN (''a.SiteCode = Lab) THEN R-LAB ELSE ''c.StateCode END = ''d.State)) : :- ''Join LeftOuter, (''a.SiteCode = ''c.SiteCode) : : :- ''Join LeftOuter, ((SiteCode#5959 = SiteCode#5345) AND (''a.tpccltID = tpccltID#5644)) : : : :- SubqueryAlias a : : : : +- SubqueryAlias tbl_third_party_ar_indb : : : : +- View (`tbl_Third_Party_AR_inDB`, [SiteCode#5959]) : : : : +- LogicalRDD [SiteCode#5959], false : : : +- SubqueryAlias b : : : +- Project [Site",2026-08-24T09:41:33.743Z,2026-08-24T09:42:11.835Z,38,2026-08-24T09:42:11.835Z,,,713fae33-277e-44b8-ab5b-2c26174abb4c,
202608232214223960,202608232010369308,202608232010368283,85,1688,Bronze INV,br_AdmissionAssessmentSummary,TASK_COMPLETE,SUCCESS,INFO,983,983,0,,2026-08-23T20:10:41.468Z,2026-08-23T22:16:21.732Z,7540,2026-08-23T22:16:21.732Z,V6,Lake Charles,955211d4-28b8-44a0-8023-2bfaa48d6721,SAMMS-LCv5
202608232214223961,202608232010369309,202608232010368283,85,1690,Bronze INV,br_AdmissionAssessmentSummary,TASK_COMPLETE,SUCCESS,INFO,579,579,0,,2026-08-23T20:10:41.468Z,2026-08-23T22:16:21.732Z,7540,2026-08-23T22:16:21.732Z,V8,Memphis Midtown,955211d4-28b8-44a0-8023-2bfaa48d6721,SAMMS-VCPHCS-VIII-MemphisV5
202608232214223962,202608232010369310,202608232010368283,85,1691,Bronze INV,br_AdmissionAssessmentSummary,TASK_COMPLETE,SUCCESS,INFO,1625,1625,0,,2026-08-23T20:10:41.468Z,2026-08-23T22:16:21.732Z,7540,2026-08-23T22:16:21.732Z,V9,Nashville,955211d4-28b8-44a0-8023-2bfaa48d6721,SAMMS-NashvilleV5
202608232214223963,202608232010369311,202608232010368283,85,1692,Bronze INV,br_AdmissionAssessmentSummary,TASK_COMPLETE,SUCCESS,INFO,350,350,0,,2026-08-23T20:10:41.468Z,2026-08-23T22:16:21.732Z,7540,2026-08-23T22:16:21.732Z,VBRA,Brainerd,955211d4-28b8-44a0-8023-2bfaa48d6721,SAMMS-BrainerdV6
202608232214223964,202608232010369312,202608232010368283,85,1693,Bronze INV,br_AdmissionAssessmentSummary,TASK_COMPLETE,SUCCESS,INFO,617,617,0,,2026-08-23T20:10:41.468Z,2026-08-23T22:16:21.732Z,7540,2026-08-23T22:16:21.732Z,VBRP,Brooklyn Park,955211d4-28b8-44a0-8023-2bfaa48d6721,SAMMS-BrooklynParkV6
202608232214223965,202608232010369313,202608232010368283,85,1695,Bronze INV,br_AdmissionAssessmentSummary,TASK_COMPLETE,SUCCESS,INFO,596,596,0,,2026-08-23T20:10:41.468Z,2026-08-23T22:16:21.732Z,7540,2026-08-23T22:16:21.732Z,VMIN,Minneapolis,955211d4-28b8-44a0-8023-2bfaa48d6721,SAMMS-MinneapolisV6
202608232214223967,202608232010369314,202608232010368283,85,1696,Bronze INV,br_AdmissionAssessmentSummary,TASK_COMPLETE,SUCCESS,INFO,1132,1132,0,,2026-08-23T20:10:41.468Z,2026-08-23T22:16:21.732Z,7540,2026-08-23T22:16:21.732Z,VWBY,Woodbury,955211d4-28b8-44a0-8023-2bfaa48d6721,SAMMS-WoodburyV6
202608232214223968,202608232010369315,202608232010368283,85,1698,Bronze INV,br_AdmissionAssessmentSummary,TASK_COMPLETE,SUCCESS,INFO,437,437,0,,2026-08-23T20:10:41.468Z,2026-08-23T22:16:21.732Z,7540,2026-08-23T22:16:21.732Z,WIL,Wilson,955211d4-28b8-44a0-8023-2bfaa48d6721,SAMMS-Wilson
202608232214224069,202608232010468291,202608232010468283,86,5727,Silver INV,sl_AdmissionAssessmentSummary,TASK_COMPLETE,SUCCESS,INFO,53533,53533,0,,2026-08-23T20:10:41.468Z,2026-08-23T22:16:21.732Z,7540,2026-08-23T22:16:21.732Z,,,955211d4-28b8-44a0-8023-2bfaa48d6721,
202608232214224000,202608232010368972,202608232010368283,85,1702,Bronze INV,br_Appointments,TASK_COMPLETE,SUCCESS,INFO,7595,7595,0,,2026-08-23T20:10:41.468Z,2026-08-23T22:16:21.732Z,7540,2026-08-23T22:16:21.732Z,AHK,Ahoskie,955211d4-28b8-44a0-8023-2bfaa48d6721,SAMMS-Ahoskie
202608232214224001,202608232010368973,202608232010368283,85,1703,Bronze INV,br_Appointments,TASK_COMPLETE,SUCCESS,INFO,14781,14781,0,,2026-08-23T20:10:41.468Z,2026-08-23T22:16:21.732Z,7540,2026-08-23T22:16:21.732Z,B12B,Colorado Springs,955211d4-28b8-44a0-8023-2bfaa48d6721,SAMMS-ColoradoSpringsV5
202608232214224003,202608232010368974,202608232010368283,85,1704,Bronze INV,br_Appointments,TASK_COMPLETE,SUCCESS,INFO,20098,20098,0,,2026-08-23T20:10:41.468Z,2026-08-23T22:16:21.732Z,7540,2026-08-23T22:16:21.732Z,B24,Paintsville,955211d4-28b8-44a0-8023-2bfaa48d6721,SAMMS-PaintsvilleV5
202608232214224004,202608232010368975,202608232010368283,85,1705,Bronze INV,br_Appointments,TASK_COMPLETE,SUCCESS,INFO,15807,15807,0,,2026-08-23T20:10:41.468Z,2026-08-23T22:16:21.732Z,7540,2026-08-23T22:16:21.732Z,B25,Pikeville,955211d4-28b8-44a0-8023-2bfaa48d6721,SAMMS-PikevilleV5
202608232214224005,202608232010368976,202608232010368283,85,1706,Bronze INV,br_Appointments,TASK_COMPLETE,SUCCESS,INFO,48897,48897,0,,2026-08-23T20:10:41.468Z,2026-08-23T22:16:21.732Z,7540,2026-08-23T22:16:21.732Z,B26,Hazard,955211d4-28b8-44a0-8023-2bfaa48d6721,SAMMS-HazardV5
202608232214224006,202608232010368977,202608232010368283,85,1707,Bronze INV,br_Appointments,TASK_COMPLETE,SUCCESS,INFO,21668,21668,0,,2026-08-23T20:10:41.468Z,2026-08-23T22:16:21.732Z,7540,2026-08-23T22:16:21.732Z,B27,Savannah,955211d4-28b8-44a0-8023-2bfaa48d6721,SAMMS-SavannahV6
202608232214224007,202608232010368978,202608232010368283,85,1708,Bronze INV,br_Appointments,TASK_COMPLETE,SUCCESS,INFO,6698,6698,0,,2026-08-23T20:10:41.468Z,2026-08-23T22:16:21.732Z,7540,2026-08-23T22:16:21.732Z,B28,West Plains,955211d4-28b8-44a0-8023-2bfaa48d6721,SAMMS-WestPlainesV5
202608232214224008,202608232010368979,202608232010368283,85,1709,Bronze INV,br_Appointments,TASK_COMPLETE,SUCCESS,INFO,8135,8135,0,,2026-08-23T20:10:41.468Z,2026-08-23T22:16:21.732Z,7540,2026-08-23T22:16:21.732Z,B29,Poplar Bluff,955211d4-28b8-44a0-8023-2bfaa48d6721,SAMMS-PoplarBluffV5
202608232214224010,202608232010368980,202608232010368283,85,1710,Bronze INV,br_Appointments,TASK_COMPLETE,SUCCESS,INFO,6802,6802,0,,2026-08-23T20:10:41.468Z,2026-08-23T22:16:21.732Z,7540,2026-08-23T22:16:21.732Z,B30,KC North,955211d4-28b8-44a0-8023-2bfaa48d6721,SAMMS-KCNv5
202608232214224011,202608232010368981,202608232010368283,85,1711,Bronze INV,br_Appointments,TASK_COMPLETE,SUCCESS,INFO,31737,31737,0,,2026-08-23T20:10:41.468Z,2026-08-23T22:16:21.732Z,7540,2026-08-23T22:16:21.732Z,B31,Dyersburg,955211d4-28b8-44a0-8023-2bfaa48d6721,SAMMS-DyersburgV5
202608232214224012,202608232010368982,202608232010368283,85,1713,Bronze INV,br_Appointments,TASK_COMPLETE,SUCCESS,INFO,52861,52861,0,,2026-08-23T20:10:41.468Z,2026-08-23T22:16:21.732Z,7540,2026-08-23T22:16:21.732Z,B33,Paducah,955211d4-28b8-44a0-8023-2bfaa48d6721,SAMMS-Paducah
202608232214224013,202608232010368983,202608232010368283,85,1714,Bronze INV,br_Appointments,TASK_COMPLETE,SUCCESS,INFO,23913,23913,0,,2026-08-23T20:10:41.468Z,2026-08-23T22:16:21.732Z,7540,2026-08-23T22:16:21.732Z,B34,Corbin,955211d4-28b8-44a0-8023-2bfaa48d6721,SAMMS-CorbinV5
202608232214224014,202608232010368984,202608232010368283,85,1715,Bronze INV,br_Appointments,TASK_COMPLETE,SUCCESS,INFO,44370,44370,0,,2026-08-23T20:10:41.468Z,2026-08-23T22:16:21.732Z,7540,2026-08-23T22:16:21.732Z,B35,Lexington,955211d4-28b8-44a0-8023-2bfaa48d6721,SAMMS-LexingtonV5
202608232214224015,202608232010368985,202608232010368283,85,1716,Bronze INV,br_Appointments,TASK_COMPLETE,SUCCESS,INFO,26507,26507,0,,2026-08-23T20:10:41.468Z,2026-08-23T22:16:21.732Z,7540,2026-08-23T22:16:21.732Z,B35A,Berea,955211d4-28b8-44a0-8023-2bfaa48d6721,SAMMS-BereaV5
202608232214224017,202608232010368986,202608232010368283,85,1717,Bronze INV,br_Appointments,TASK_COMPLETE,SUCCESS,INFO,57360,57360,0,,2026-08-23T20:10:41.468Z,2026-08-23T22:16:21.732Z,7540,2026-08-23T22:16:21.732Z,B36,Asheville,955211d4-28b8-44a0-8023-2bfaa48d6721,SAMMS-AshevilleV5
202608232214224018,202608232010368987,202608232010368283,85,1718,Bronze INV,br_Appointments,TASK_COMPLETE,SUCCESS,INFO,40459,40459,0,,2026-08-23T20:10:41.468Z,2026-08-23T22:16:21.732Z,7540,2026-08-23T22:16:21.732Z,B37,Clyde,955211d4-28b8-44a0-8023-2bfaa48d6721,SAMMS-ClydeV5
202608232214224019,202608232010368988,202608232010368283,85,1719,Bronze INV,br_Appointments,TASK_COMPLETE,SUCCESS,INFO,16105,16105,0,,2026-08-23T20:10:41.468Z,2026-08-23T22:16:21.732Z,7540,2026-08-23T22:16:21.732Z,B38,Spartanburg,955211d4-28b8-44a0-8023-2bfaa48d6721,SAMMS-SpartanburgV5
202608232214224020,202608232010368989,202608232010368283,85,1720,Bronze INV,br_Appointments,TASK_COMPLETE,SUCCESS,INFO,20245,20245,0,,2026-08-23T20:10:41.468Z,2026-08-23T22:16:21.732Z,7540,2026-08-23T22:16:21.732Z,B39,Aiken,955211d4-28b8-44a0-8023-2bfaa48d6721,SAMMS-AikenV5
202608232214224021,202608232010368990,202608232010368283,85,1721,Bronze INV,br_Appointments,TASK_COMPLETE,SUCCESS,INFO,20097,20097,0,,2026-08-23T20:10:41.468Z,2026-08-23T22:16:21.732Z,7540,2026-08-23T22:16:21.732Z,B41,Chesapeake,955211d4-28b8-44a0-8023-2bfaa48d6721,SAMMS-ChesapeakeV5
202608232214224022,202608232010368991,202608232010368283,85,1722,Bronze INV,br_Appointments,TASK_COMPLETE,SUCCESS,INFO,18979,18979,0,,2026-08-23T20:10:41.468Z,2026-08-23T22:16:21.732Z,7540,2026-08-23T22:16:21.732Z,B42,Virginia Beach,955211d4-28b8-44a0-8023-2bfaa48d6721,SAMMS-VirginiaBeachV5
202608232214224023,202608232010368992,202608232010368283,85,1723,Bronze INV,br_Appointments,TASK_COMPLETE,SUCCESS,INFO,15741,15741,0,,2026-08-23T20:10:41.468Z,2026-08-23T22:16:21.732Z,7540,2026-08-23T22:16:21.732Z,B42A,Newport News,955211d4-28b8-44a0-8023-2bfaa48d6721,SAMMS-NewportNewsV5
202608232214224025,202608232010368993,202608232010368283,85,1724,Bronze INV,br_Appointments,TASK_COMPLETE,SUCCESS,INFO,4617,4617,0,,2026-08-23T20:10:41.468Z,2026-08-23T22:16:21.732Z,7540,2026-08-23T22:16:21.732Z,B42B,Franklin,955211d4-28b8-44a0-8023-2bfaa48d6721,SAMMS-FranklinV5
202608232214224026,202608232010368994,202608232010368283,85,1725,Bronze INV,br_Appointments,TASK_COMPLETE,SUCCESS,INFO,10119,10119,0,,2026-08-23T20:10:41.468Z,2026-08-23T22:16:21.732Z,7540,2026-08-23T22:16:21.732Z,B42C,Glen Allen,955211d4-28b8-44a0-8023-2bfaa48d6721,SAMMS-GlenAllenV5
202608232214224027,202608232010368995,202608232010368283,85,1726,Bronze INV,br_Appointments,TASK_COMPLETE,SUCCESS,INFO,18183,18183,0,,2026-08-23T20:10:41.468Z,2026-08-23T22:16:21.732Z,7540,2026-08-23T22:16:21.732Z,B42D,Chesapeake South,955211d4-28b8-44a0-8023-2bfaa48d6721,SAMMS-ChesapeakeSouthV5
202608232214224028,202608232010368996,202608232010368283,85,1727,Bronze INV,br_Appointments,TASK_COMPLETE,SUCCESS,INFO,9715,9715,0,,2026-08-23T20:10:41.468Z,2026-08-23T22:16:21.732Z,7540,2026-08-23T22:16:21.732Z,B44,Albany,955211d4-28b8-44a0-8023-2bfaa48d6721,SAMMS-AlbanyV5
202608232214224029,202608232010368997,202608232010368283,85,1728,Bronze INV,br_Appointments,TASK_COMPLETE,SUCCESS,INFO,12278,12278,0,,2026-08-23T20:10:41.468Z,2026-08-23T22:16:21.732Z,7540,2026-08-23T22:16:21.732Z,B45,Tifton,955211d4-28b8-44a0-8023-2bfaa48d6721,SAMMS-TiftonV5
202608232214224030,202608232010368998,202608232010368283,85,1729,Bronze INV,br_Appointments,TASK_COMPLETE,SUCCESS,INFO,18453,18453,0,,2026-08-23T20:10:41.468Z,2026-08-23T22:16:21.732Z,7540,2026-08-23T22:16:21.732Z,B46,Washington DC,955211d4-28b8-44a0-8023-2bfaa48d6721,SAMMS-WashingtonDCv5
202608232214224032,202608232010368999,202608232010368283,85,1730,Bronze INV,br_Appointments,TASK_COMPLETE,SUCCESS,INFO,14501,14501,0,,2026-08-23T20:10:41.468Z,2026-08-23T22:16:21.732Z,7540,2026-08-23T22:16:21.732Z,B47,Mobile,955211d4-28b8-44a0-8023-2bfaa48d6721,SAMMS-MobileV5
202608232214224033,202608232010369000,202608232010368283,85,1731,Bronze INV,br_Appointments,TASK_COMPLETE,SUCCESS,INFO,18871,18871,0,,2026-08-23T20:10:41.468Z,2026-08-23T22:16:21.732Z,7540,2026-08-23T22:16:21.732Z,B48,Tuscaloosa,955211d4-28b8-44a0-8023-2bfaa48d6721,SAMMS-TuscaloosaV5
202608232214224034,202608232010369001,202608232010368283,85,1740,Bronze INV,br_Appointments,TASK_COMPLETE,SUCCESS,INFO,6667,6667,0,,2026-08-23T20:10:41.468Z,2026-08-23T22:16:21.732Z,7540,2026-08-23T22:16:21.732Z,B51,N. Little Rock (OTP),955211d4-28b8-44a0-8023-2bfaa48d6721,SAMMS-NorthLittleRockV6
202608232214224035,202608232010369002,202608232010368283,85,1741,Bronze INV,br_Appointments,TASK_COMPLETE,SUCCESS,INFO,11318,11318,0,,2026-08-23T20:10:41.468Z,2026-08-23T22:16:21.732Z,7540,2026-08-23T22:16:21.732Z,B52,Jackson GA,955211d4-28b8-44a0-8023-2bfaa48d6721,SAMMS-JacksonGAV5
202608232214224036,202608232010369003,202608232010368283,85,1742,Bronze INV,br_Appointments,TASK_COMPLETE,SUCCESS,INFO,8899,8899,0,,2026-08-23T20:10:41.468Z,2026-08-23T22:16:21.732Z,7540,2026-08-23T22:16:21.732Z,B54,Gadsden,955211d4-28b8-44a0-8023-2bfaa48d6721,SAMMS-GadsdenV5
202608232214224037,202608232010369004,202608232010368283,85,1743,Bronze INV,br_Appointments,TASK_COMPLETE,SUCCESS,INFO,13942,13942,0,,2026-08-23T20:10:41.468Z,2026-08-23T22:16:21.732Z,7540,2026-08-23T22:16:21.732Z,B55,Shoals,955211d4-28b8-44a0-8023-2bfaa48d6721,SAMMS-ShoalsV5
202608232214224039,202608232010369005,202608232010368283,85,1744,Bronze INV,br_Appointments,TASK_COMPLETE,SUCCESS,INFO,15599,15599,0,,2026-08-23T20:10:41.468Z,2026-08-23T22:16:21.732Z,7540,2026-08-23T22:16:21.732Z,B57,Pawtucket,955211d4-28b8-44a0-8023-2bfaa48d6721,SAMMS-Pawtucket
202608232214224040,202608232010369006,202608232010368283,85,1745,Bronze INV,br_Appointments,TASK_COMPLETE,SUCCESS,INFO,11721,11721,0,,2026-08-23T20:10:41.468Z,2026-08-23T22:16:21.732Z,7540,2026-08-23T22:16:21.732Z,B57A,Johnston,955211d4-28b8-44a0-8023-2bfaa48d6721,SAMMS-Johnston
202608232214224041,202608232010369007,202608232010368283,85,1746,Bronze INV,br_Appointments,TASK_COMPLETE,SUCCESS,INFO,4080,4080,0,,2026-08-23T20:10:41.468Z,2026-08-23T22:16:21.732Z,7540,2026-08-23T22:16:21.732Z,B57B,Middletown,955211d4-28b8-44a0-8023-2bfaa48d6721,SAMMS-Middletown
202608232214224042,202608232010369008,202608232010368283,85,1747,Bronze INV,br_Appointments,TASK_COMPLETE,SUCCESS,INFO,11634,11634,0,,2026-08-23T20:10:41.468Z,2026-08-23T22:16:21.732Z,7540,2026-08-23T22:16:21.732Z,B57C,Providence,955211d4-28b8-44a0-8023-2bfaa48d6721,SAMMS-Providence
202608232214224043,202608232010369009,202608232010368283,85,1748,Bronze INV,br_Appointments,TASK_COMPLETE,SUCCESS,INFO,20954,20954,0,,2026-08-23T20:10:41.468Z,2026-08-23T22:16:21.732Z,7540,2026-08-23T22:16:21.732Z,B57D,Westerly,955211d4-28b8-44a0-8023-2bfaa48d6721,SAMMS-Westerly
202608232214224044,202608232010369010,202608232010368283,85,1752,Bronze INV,br_Appointments,TASK_COMPLETE,SUCCESS,INFO,15456,15456,0,,2026-08-23T20:10:41.468Z,2026-08-23T22:16:21.732Z,7540,2026-08-23T22:16:21.732Z,B66A,Bremen,955211d4-28b8-44a0-8023-2bfaa48d6721,SAMMS-Bremen
202608232214224046,202608232010369011,202608232010368283,85,1755,Bronze INV,br_Appointments,TASK_COMPLETE,SUCCESS,INFO,38156,38156,0,,2026-08-23T20:10:41.468Z,2026-08-23T22:16:21.732Z,7540,2026-08-23T22:16:21.732Z,B72,Mobile (OBOT),955211d4-28b8-44a0-8023-2bfaa48d6721,SAMMS-Mobile-OBOT
202608232214224047,202608232010369012,202608232010368283,85,1756,Bronze INV,br_Appointments,TASK_COMPLETE,SUCCESS,INFO,15774,15774,0,,2026-08-23T20:10:41.468Z,2026-08-23T22:16:21.732Z,7540,2026-08-23T22:16:21.732Z,B73,Montgomery,955211d4-28b8-44a0-8023-2bfaa48d6721,SAMMS-Montgomery
202608232214224048,202608232010369013,202608232010368283,85,1757,Bronze INV,br_Appointments,TASK_COMPLETE,SUCCESS,INFO,8657,8657,0,,2026-08-23T20:10:41.468Z,2026-08-23T22:16:21.732Z,7540,2026-08-23T22:16:21.732Z,B75,Lawrence,955211d4-28b8-44a0-8023-2bfaa48d6721,SAMMS-LawrenceV6
202608232214224049,202608232010369014,202608232010368283,85,1758,Bronze INV,br_Appointments,TASK_COMPLETE,SUCCESS,INFO,1737,1737,0,,2026-08-23T20:10:41.468Z,2026-08-23T22:16:21.732Z,7540,2026-08-23T22:16:21.732Z,B76,Huntsville OBOT,955211d4-28b8-44a0-8023-2bfaa48d6721,SAMMS-Huntsville-OBOT
202608232214224050,202608232010369015,202608232010368283,85,1759,Bronze INV,br_Appointments,TASK_COMPLETE,SUCCESS,INFO,12106,12106,0,,2026-08-23T20:10:41.468Z,2026-08-23T22:16:21.732Z,7540,2026-08-23T22:16:21.732Z,BAT,Batesville,955211d4-28b8-44a0-8023-2bfaa48d6721,SAMMS-Batesville
202608232214224051,202608232010369016,202608232010368283,85,1760,Bronze INV,br_Appointments,TASK_COMPLETE,SUCCESS,INFO,11302,11302,0,,2026-08-23T20:10:41.468Z,2026-08-23T22:16:21.732Z,7540,2026-08-23T22:16:21.732Z,BG,Bowling Green,955211d4-28b8-44a0-8023-2bfaa48d6721,SAMMS-BowlingGreen
202608232214224052,202608232010369017,202608232010368283,85,1761,Bronze INV,br_Appointments,TASK_COMPLETE,SUCCESS,INFO,10112,10112,0,,2026-08-23T20:10:41.468Z,2026-08-23T22:16:21.732Z,7540,2026-08-23T22:16:21.732Z,BOI,Boise,955211d4-28b8-44a0-8023-2bfaa48d6721,SAMMS-Boise
202608232214224054,202608232010369018,202608232010368283,85,1768,Bronze INV,br_Appointments,TASK_COMPLETE,SUCCESS,INFO,5437,5437,0,,2026-08-23T20:10:41.468Z,2026-08-23T22:16:21.732Z,7540,2026-08-23T22:16:21.732Z,CBCO,Coeur dAlene,955211d4-28b8-44a0-8023-2bfaa48d6721,SAMMS-CoeurdAleneV6
202608232214224055,202608232010369019,202608232010368283,85,1787,Bronze INV,br_Appointments,TASK_COMPLETE,SUCCESS,INFO,18446,18446,0,,2026-08-23T20:10:41.468Z,2026-08-23T22:16:21.732Z,7540,2026-08-23T22:16:21.732Z,CON,Conway,955211d4-28b8-44a0-8023-2bfaa48d6721,SAMMS-Conway
202608232214224056,202608232010369020,202608232010368283,85,1788,Bronze INV,br_Appointments,TASK_COMPLETE,SUCCESS,INFO,99305,99305,0,,2026-08-23T20:10:41.468Z,2026-08-23T22:16:21.732Z,7540,2026-08-23T22:16:21.732Z,D07,Medical Services Knox TN,955211d4-28b8-44a0-8023-2bfaa48d6721,SAMMS-KnoxvilleV6
202608232214224057,202608232010369021,202608232010368283,85,1789,Bronze INV,br_Appointments,TASK_COMPLETE,SUCCESS,INFO,12816,12816,0,,2026-08-23T20:10:41.468Z,2026-08-23T22:16:21.732Z,7540,2026-08-23T22:16:21.732Z,D08,Madison,955211d4-28b8-44a0-8023-2bfaa48d6721,SAMMS-MadisonV6
202608232214224058,202608232010369022,202608232010368283,85,1791,Bronze INV,br_Appointments,TASK_COMPLETE,SUCCESS,INFO,9896,9896,0,,2026-08-23T20:10:41.468Z,2026-08-23T22:16:21.732Z,7540,2026-08-23T22:16:21.732Z,D09,Murfreesboro,955211d4-28b8-44a0-8023-2bfaa48d6721,SAMMS-MurfreesboroV6
202608232214224059,202608232010369023,202608232010368283,85,1792,Bronze INV,br_Appointments,TASK_COMPLETE,SUCCESS,INFO,27721,27721,0,,2026-08-23T20:10:41.468Z,2026-08-23T22:16:21.732Z,7540,2026-08-23T22:16:21.732Z,DA,Davenport,955211d4-28b8-44a0-8023-2bfaa48d6721,SAMMS-Davenport
202608232214224061,202608232010369024,202608232010368283,85,1793,Bronze INV,br_Appointments,TASK_COMPLETE,SUCCESS,INFO,19449,19449,0,,2026-08-23T20:10:41.468Z,2026-08-23T22:16:21.732Z,7540,2026-08-23T22:16:21.732Z,DM,Des Moines,955211d4-28b8-44a0-8023-2bfaa48d6721,SAMMS-DesMoines
202608232214224062,202608232010369025,202608232010368283,85,1795,Bronze INV,br_Appointments,TASK_COMPLETE,SUCCESS,INFO,16249,16249,0,,2026-08-23T20:10:41.468Z,2026-08-23T22:16:21.732Z,7540,2026-08-23T22:16:21.732Z,DRD-CO,Columbia MO,955211d4-28b8-44a0-8023-2bfaa48d6721,SAMMS-ColumbiaV5
202608232214224063,202608232010369026,202608232010368283,85,1796,Bronze INV,br_Appointments,TASK_COMPLETE,SUCCESS,INFO,15917,15917,0,,2026-08-23T20:10:41.468Z,2026-08-23T22:16:21.732Z,7540,2026-08-23T22:16:21.732Z,DRD-KC,KC,955211d4-28b8-44a0-8023-2bfaa48d6721,SAMMS-KCv5
202608232214224064,202608232010369027,202608232010368283,85,1797,Bronze INV,br_Appointments,TASK_COMPLETE,SUCCESS,INFO,41215,41215,0,,2026-08-23T20:10:41.468Z,2026-08-23T22:16:21.732Z,7540,2026-08-23T22:16:21.732Z,DRD-KVB,KVB,955211d4-28b8-44a0-8023-2bfaa48d6721,SAMMS-KVBv5
202608232214224065,202608232010369028,202608232010368283,85,1798,Bronze INV,br_Appointments,TASK_COMPLETE,SUCCESS,INFO,52043,52043,0,,2026-08-23T20:10:41.468Z,2026-08-23T22:16:21.732Z,7540,2026-08-23T22:16:21.732Z,DRD-KVC,KVC,955211d4-28b8-44a0-8023-2bfaa48d6721,SAMMS-KVCv5
202608232214224066,202608232010369029,202608232010368283,85,1799,Bronze INV,br_Appointments,TASK_COMPLETE,SUCCESS,INFO,50160,50160,0,,2026-08-23T20:10:41.468Z,2026-08-23T22:16:21.732Z,7540,2026-08-23T22:16:21.732Z,DRD-NOLA,NOLA,955211d4-28b8-44a0-8023-2bfaa48d6721,SAMMS-NOLAv5
202608232214224068,202608232010369030,202608232010368283,85,1800,Bronze INV,br_Appointments,TASK_COMPLETE,SUCCESS,INFO,16015,16015,0,,2026-08-23T20:10:41.468Z,2026-08-23T22:16:21.732Z,7540,2026-08-23T22:16:21.732Z,DRD-SF,Springfield,955211d4-28b8-44a0-8023-2bfaa48d6721,SAMMS-SFv5
202608232214224069,202608232010369031,202608232010368283,85,1802,Bronze INV,br_Appointments,TASK_COMPLETE,SUCCESS,INFO,21367,21367,0,,2026-08-23T20:10:41.468Z,2026-08-23T22:16:21.732Z,7540,2026-08-23T22:16:21.732Z,ELC,Elizabeth City,955211d4-28b8-44a0-8023-2bfaa48d6721,SAMMS-ElizabethCity
202608232214224070,202608232010369032,202608232010368283,85,1803,Bronze INV,br_Appointments,TASK_COMPLETE,SUCCESS,INFO,12931,12931,0,,2026-08-23T20:10:41.468Z,2026-08-23T22:16:21.732Z,7540,2026-08-23T22:16:21.732Z,ET,Elizabethtown,955211d4-28b8-44a0-8023-2bfaa48d6721,SAMMS-Elizabethtown
202608232214224071,202608232010369033,202608232010368283,85,1804,Bronze INV,br_Appointments,TASK_COMPLETE,SUCCESS,INFO,17429,17429,0,,2026-08-23T20:10:41.468Z,2026-08-23T22:16:21.732Z,7540,2026-08-23T22:16:21.732Z,FAY,Fayetteville,955211d4-28b8-44a0-8023-2bfaa48d6721,SAMMS-Fayetteville
202608232214224072,202608232010369034,202608232010368283,85,1805,Bronze INV,br_Appointments,TASK_COMPLETE,SUCCESS,INFO,2645,2645,0,,2026-08-23T20:10:41.468Z,2026-08-23T22:16:21.732Z,7540,2026-08-23T22:16:21.732Z,FR,Frankfort,955211d4-28b8-44a0-8023-2bfaa48d6721,SAMMS-Frankfort
202608232214224073,202608232010369035,202608232010368283,85,1806,Bronze INV,br_Appointments,TASK_COMPLETE,SUCCESS,INFO,14021,14021,0,,2026-08-23T20:10:41.468Z,2026-08-23T22:16:21.732Z,7540,2026-08-23T22:16:21.732Z,FS,Fort Smith,955211d4-28b8-44a0-8023-2bfaa48d6721,SAMMS-FortSmith
202608232214224075,202608232010369036,202608232010368283,85,1807,Bronze INV,br_Appointments,TASK_COMPLETE,SUCCESS,INFO,25226,25226,0,,2026-08-23T20:10:41.468Z,2026-08-23T22:16:21.732Z,7540,2026-08-23T22:16:21.732Z,FW,Fort Wayne,955211d4-28b8-44a0-8023-2bfaa48d6721,SAMMS-FortWayne
202608232214224076,202608232010369037,202608232010368283,85,1808,Bronze INV,br_Appointments,TASK_COMPLETE,SUCCESS,INFO,24008,24008,0,,2026-08-23T20:10:41.468Z,2026-08-23T22:16:21.732Z,7540,2026-08-23T22:16:21.732Z,GAL,Gaylord,955211d4-28b8-44a0-8023-2bfaa48d6721,SAMMS-Gaylord
202608232214224077,202608232010369038,202608232010368283,85,1812,Bronze INV,br_Appointments,TASK_COMPLETE,SUCCESS,INFO,49334,49334,0,,2026-08-23T20:10:41.468Z,2026-08-23T22:16:21.732Z,7540,2026-08-23T22:16:21.732Z,HGT,Hagerstown,955211d4-28b8-44a0-8023-2bfaa48d6721,SAMMS-Hagerstown
202608232214224078,202608232010369039,202608232010368283,85,1813,Bronze INV,br_Appointments,TASK_COMPLETE,SUCCESS,INFO,16674,16674,0,,2026-08-23T20:10:41.468Z,2026-08-23T22:16:21.732Z,7540,2026-08-23T22:16:21.732Z,HNT,Huntsville,955211d4-28b8-44a0-8023-2bfaa48d6721,SAMMS-Huntsville
202608232214224079,202608232010369040,202608232010368283,85,1814,Bronze INV,br_Appointments,TASK_COMPLETE,SUCCESS,INFO,17344,17344,0,,2026-08-23T20:10:41.468Z,2026-08-23T22:16:21.732Z,7540,2026-08-23T22:16:21.732Z,HS,Hot Springs,955211d4-28b8-44a0-8023-2bfaa48d6721,SAMMS-HotSprings
202608232214224080,202608232010369041,202608232010368283,85,1815,Bronze INV,br_Appointments,TASK_COMPLETE,SUCCESS,INFO,10296,10296,0,,2026-08-23T20:10:41.468Z,2026-08-23T22:16:21.732Z,7540,2026-08-23T22:16:21.732Z,JON,Jonesboro,955211d4-28b8-44a0-8023-2bfaa48d6721,SAMMS-Jonesboro
202608232214224082,202608232010369042,202608232010368283,85,1817,Bronze INV,br_Appointments,TASK_COMPLETE,SUCCESS,INFO,23336,23336,0,,2026-08-23T20:10:41.468Z,2026-08-23T22:16:21.732Z,7540,2026-08-23T22:16:21.732Z,LAN,Lansing,955211d4-28b8-44a0-8023-2bfaa48d6721,SAMMS-Lansing
202608232214224083,202608232010369043,202608232010368283,85,1818,Bronze INV,br_Appointments,TASK_COMPLETE,SUCCESS,INFO,19074,19074,0,,2026-08-23T20:10:41.468Z,2026-08-23T22:16:21.732Z,7540,2026-08-23T22:16:21.732Z,LO,Louisville,955211d4-28b8-44a0-8023-2bfaa48d6721,SAMMS-Louisville
202608232214224084,202608232010369044,202608232010368283,85,1819,Bronze INV,br_Appointments,TASK_COMPLETE,SUCCESS,INFO,13353,13353,0,,2026-08-23T20:10:41.468Z,2026-08-23T22:16:21.732Z,7540,2026-08-23T22:16:21.732Z,LV1,Cheyenne,955211d4-28b8-44a0-8023-2bfaa48d6721,SAMMS-Cheyenne
202608232214224085,202608232010369045,202608232010368283,85,1820,Bronze INV,br_Appointments,TASK_COMPLETE,SUCCESS,INFO,13404,13404,0,,2026-08-23T20:10:41.468Z,2026-08-23T22:16:21.732Z,7540,2026-08-23T22:16:21.732Z,LV2,Desert Inn,955211d4-28b8-44a0-8023-2bfaa48d6721,SAMMS-DesertInn
202608232214224086,202608232010369046,202608232010368283,85,1821,Bronze INV,br_Appointments,TASK_COMPLETE,SUCCESS,INFO,3218,3218,0,,2026-08-23T20:10:41.468Z,2026-08-23T22:16:21.732Z,7540,2026-08-23T22:16:21.732Z,LV3,McDaniel,955211d4-28b8-44a0-8023-2bfaa48d6721,SAMMS-McDaniel
202608232214224087,202608232010369047,202608232010368283,85,1824,Bronze INV,br_Appointments,TASK_COMPLETE,SUCCESS,INFO,8000,8000,0,,2026-08-23T20:10:41.468Z,2026-08-23T22:16:21.732Z,7540,2026-08-23T22:16:21.732Z,MNRE,Monroe,955211d4-28b8-44a0-8023-2bfaa48d6721,SAMMS-Monroe
202608232214224088,202608232010369048,202608232010368283,85,1825,Bronze INV,br_Appointments,TASK_COMPLETE,SUCCESS,INFO,29197,29197,0,,2026-08-23T20:10:41.468Z,2026-08-23T22:16:21.732Z,7540,2026-08-23T22:16:21.732Z,MP,Mt. Pleasant,955211d4-28b8-44a0-8023-2bfaa48d6721,SAMMS-MtPleasant
202608232214224090,202608232010369049,202608232010368283,85,1826,Bronze INV,br_Appointments,TASK_COMPLETE,SUCCESS,INFO,11507,11507,0,,2026-08-23T20:10:41.468Z,2026-08-23T22:16:21.732Z,7540,2026-08-23T22:16:21.732Z,MRD,Meridian,955211d4-28b8-44a0-8023-2bfaa48d6721,SAMMS-Meridian
202608232214224091,202608232010369050,202608232010368283,85,1831,Bronze INV,br_Appointments,TASK_COMPLETE,SUCCESS,INFO,15704,15704,0,,2026-08-23T20:10:41.468Z,2026-08-23T22:16:21.732Z,7540,2026-08-23T22:16:21.732Z,NC,North Charleston,955211d4-28b8-44a0-8023-2bfaa48d6721,SAMMS-NorthCharleston
202608232214224092,202608232010369051,202608232010368283,85,1832,Bronze INV,br_Appointments,TASK_COMPLETE,SUCCESS,INFO,26776,26776,0,,2026-08-23T20:10:41.468Z,2026-08-23T22:16:21.732Z,7540,2026-08-23T22:16:21.732Z,NLR,N. Little Rock,955211d4-28b8-44a0-8023-2bfaa48d6721,SAMMS-NLROBOT
202608232214224093,202608232010369052,202608232010368283,85,1833,Bronze INV,br_Appointments,TASK_COMPLETE,SUCCESS,INFO,3399,3399,0,,2026-08-23T20:10:41.468Z,2026-08-23T22:16:21.732Z,7540,2026-08-23T22:16:21.732Z,PH,Phoenix,955211d4-28b8-44a0-8023-2bfaa48d6721,SAMMS-Phoenix
202608232214224094,202608232010369053,202608232010368283,85,1837,Bronze INV,br_Appointments,TASK_COMPLETE,SUCCESS,INFO,19362,19362,0,,2026-08-23T20:10:41.468Z,2026-08-23T22:16:21.732Z,7540,2026-08-23T22:16:21.732Z,RE,Reno,955211d4-28b8-44a0-8023-2bfaa48d6721,SAMMS-Reno
202608232214224095,202608232010369054,202608232010368283,85,1838,Bronze INV,br_Appointments,TASK_COMPLETE,SUCCESS,INFO,12007,12007,0,,2026-08-23T20:10:41.468Z,2026-08-23T22:16:21.732Z,7540,2026-08-23T22:16:21.732Z,RMD,Richmond,955211d4-28b8-44a0-8023-2bfaa48d6721,SAMMS-Richmond
202608232214224097,202608232010369055,202608232010368283,85,1839,Bronze INV,br_Appointments,TASK_COMPLETE,SUCCESS,INFO,13144,13144,0,,2026-08-23T20:10:41.468Z,2026-08-23T22:16:21.732Z,7540,2026-08-23T22:16:21.732Z,SFN,Springfield North,955211d4-28b8-44a0-8023-2bfaa48d6721,SAMMS-SFNv5
202608232214224098,202608232010369056,202608232010368283,85,1840,Bronze INV,br_Appointments,TASK_COMPLETE,SUCCESS,INFO,12735,12735,0,,2026-08-23T20:10:41.468Z,2026-08-23T22:16:21.732Z,7540,2026-08-23T22:16:21.732Z,SHP,Shreveport,955211d4-28b8-44a0-8023-2bfaa48d6721,SAMMS-Shreveport
202608232214224099,202608232010369057,202608232010368283,85,1842,Bronze INV,br_Appointments,TASK_COMPLETE,SUCCESS,INFO,14109,14109,0,,2026-08-23T20:10:41.468Z,2026-08-23T22:16:21.732Z,7540,2026-08-23T22:16:21.732Z,STN,Staunton,955211d4-28b8-44a0-8023-2bfaa48d6721,SAMMS-Staunton
202608232214224100,202608232010369058,202608232010368283,85,1843,Bronze INV,br_Appointments,TASK_COMPLETE,SUCCESS,INFO,1854,1854,0,,2026-08-23T20:10:41.468Z,2026-08-23T22:16:21.732Z,7540,2026-08-23T22:16:21.732Z,STVN,Stevenson,955211d4-28b8-44a0-8023-2bfaa48d6721,SAMMS-Stevenson
202608232214224101,202608232010369059,202608232010368283,85,1845,Bronze INV,br_Appointments,TASK_COMPLETE,SUCCESS,INFO,5535,5535,0,,2026-08-23T20:10:41.468Z,2026-08-23T22:16:21.732Z,7540,2026-08-23T22:16:21.732Z,TE,Tempe,955211d4-28b8-44a0-8023-2bfaa48d6721,SAMMS-Tempe
202608232214224102,202608232010369060,202608232010368283,85,1846,Bronze INV,br_Appointments,TASK_COMPLETE,SUCCESS,INFO,15202,15202,0,,2026-08-23T20:10:41.468Z,2026-08-23T22:16:21.732Z,7540,2026-08-23T22:16:21.732Z,TEX,Texarkana,955211d4-28b8-44a0-8023-2bfaa48d6721,SAMMS-Texarkana
202608232214224104,202608232010369061,202608232010368283,85,1847,Bronze INV,br_Appointments,TASK_COMPLETE,SUCCESS,INFO,7674,7674,0,,2026-08-23T20:10:41.468Z,2026-08-23T22:16:21.732Z,7540,2026-08-23T22:16:21.732Z,TTCA,Bessemer,955211d4-28b8-44a0-8023-2bfaa48d6721,SAMMS-BessemerV5
202608232214224105,202608232010369062,202608232010368283,85,1848,Bronze INV,br_Appointments,TASK_COMPLETE,SUCCESS,INFO,22819,22819,0,,2026-08-23T20:10:41.468Z,2026-08-23T22:16:21.732Z,7540,2026-08-23T22:16:21.732Z,TTCB,Cullman,955211d4-28b8-44a0-8023-2bfaa48d6721,SAMMS-CullmanV5
202608232214224106,202608232010369063,202608232010368283,85,1849,Bronze INV,br_Appointments,TASK_COMPLETE,SUCCESS,INFO,12373,12373,0,,2026-08-23T20:10:41.468Z,2026-08-23T22:16:21.732Z,7540,2026-08-23T22:16:21.732Z,TTCC,Grand Bay,955211d4-28b8-44a0-8023-2bfaa48d6721,SAMMS-GrandBay
202608232214224107,202608232010369064,202608232010368283,85,1850,Bronze INV,br_Appointments,TASK_COMPLETE,SUCCESS,INFO,1300,1300,0,,2026-08-23T20:10:41.468Z,2026-08-23T22:16:21.732Z,7540,2026-08-23T22:16:21.732Z,TU,Tucson,955211d4-28b8-44a0-8023-2bfaa48d6721,SAMMS-Tucson
202608232214224108,202608232010369065,202608232010368283,85,1852,Bronze INV,br_Appointments,TASK_COMPLETE,SUCCESS,INFO,8379,8379,0,,2026-08-23T20:10:41.468Z,2026-08-23T22:16:21.732Z,7540,2026-08-23T22:16:21.732Z,V1,Memphis South,955211d4-28b8-44a0-8023-2bfaa48d6721,SAMMS-VCPHCS-I-MemphisV5
202608232214224109,202608232010369066,202608232010368283,85,1853,Bronze INV,br_Appointments,TASK_COMPLETE,SUCCESS,INFO,17888,17888,0,,2026-08-23T20:10:41.468Z,2026-08-23T22:16:21.732Z,7540,2026-08-23T22:16:21.732Z,V10,Longmont,955211d4-28b8-44a0-8023-2bfaa48d6721,SAMMS-BoulderV5
202608232214224111,202608232010369067,202608232010368283,85,1854,Bronze INV,br_Appointments,TASK_COMPLETE,SUCCESS,INFO,43047,43047,0,,2026-08-23T20:10:41.468Z,2026-08-23T22:16:21.732Z,7540,2026-08-23T22:16:21.732Z,V10A,Fort Collins,955211d4-28b8-44a0-8023-2bfaa48d6721,SAMMS-FortCollinsV5
202608232214224112,202608232010369068,202608232010368283,85,1855,Bronze INV,br_Appointments,TASK_COMPLETE,SUCCESS,INFO,47075,47075,0,,2026-08-23T20:10:41.468Z,2026-08-23T22:16:21.732Z,7540,2026-08-23T22:16:21.732Z,V11,Westminster,955211d4-28b8-44a0-8023-2bfaa48d6721,SAMMS-VCPHCS-XI-NorthDenverV5
202608232214224113,202608232010369069,202608232010368283,85,1856,Bronze INV,br_Appointments,TASK_COMPLETE,SUCCESS,INFO,44747,44747,0,,2026-08-23T20:10:41.468Z,2026-08-23T22:16:21.732Z,7540,2026-08-23T22:16:21.732Z,V12,Downtown Denver,955211d4-28b8-44a0-8023-2bfaa48d6721,SAMMS-VCPHCS-XII-DowntownDenverV5
202608232214224114,202608232010369070,202608232010368283,85,1857,Bronze INV,br_Appointments,TASK_COMPLETE,SUCCESS,INFO,18778,18778,0,,2026-08-23T20:10:41.468Z,2026-08-23T22:16:21.732Z,7540,2026-08-23T22:16:21.732Z,V12A,Centennial,955211d4-28b8-44a0-8023-2bfaa48d6721,SAMMS-CentennialV5
202608232214224115,202608232010369071,202608232010368283,85,1858,Bronze INV,br_Appointments,TASK_COMPLETE,SUCCESS,INFO,9627,9627,0,,2026-08-23T20:10:41.468Z,2026-08-23T22:16:21.732Z,7540,2026-08-23T22:16:21.732Z,V14,Overland Park,955211d4-28b8-44a0-8023-2bfaa48d6721,SAMMS-VCPHCS-XIV-BridgewayV5
202608232214224116,202608232010369072,202608232010368283,85,1859,Bronze INV,br_Appointments,TASK_COMPLETE,SUCCESS,INFO,5416,5416,0,,2026-08-23T20:10:41.468Z,2026-08-23T22:16:21.732Z,7540,2026-08-23T22:16:21.732Z,V15,Joplin,955211d4-28b8-44a0-8023-2bfaa48d6721,SAMMS-JoplinV5
202608232214224117,202608232010369073,202608232010368283,85,1861,Bronze INV,br_Appointments,TASK_COMPLETE,SUCCESS,INFO,8906,8906,0,,2026-08-23T20:10:41.468Z,2026-08-23T22:16:21.732Z,7540,2026-08-23T22:16:21.732Z,V17,Columbia TN,955211d4-28b8-44a0-8023-2bfaa48d6721,SAMMS-ColumbiaTNv5
202608232214224119,202608232010369074,202608232010368283,85,1863,Bronze INV,br_Appointments,TASK_COMPLETE,SUCCESS,INFO,30887,30887,0,,2026-08-23T20:10:41.468Z,2026-08-23T22:16:21.732Z,7540,2026-08-23T22:16:21.732Z,V19,Jackson,955211d4-28b8-44a0-8023-2bfaa48d6721,SAMMS-JacksonV5
202608232214224120,202608232010369075,202608232010368283,85,1865,Bronze INV,br_Appointments,TASK_COMPLETE,SUCCESS,INFO,30440,30440,0,,2026-08-23T20:10:41.468Z,2026-08-23T22:16:21.732Z,7540,2026-08-23T22:16:21.732Z,V20,Paris,955211d4-28b8-44a0-8023-2bfaa48d6721,SAMMS-ParisV5
202608232214224121,202608232010369076,202608232010368283,85,1866,Bronze INV,br_Appointments,TASK_COMPLETE,SUCCESS,INFO,38308,38308,0,,2026-08-23T20:10:41.468Z,2026-08-23T22:16:21.732Z,7540,2026-08-23T22:16:21.732Z,V21,Memphis North,955211d4-28b8-44a0-8023-2bfaa48d6721,SAMMS-RaleighV5
202608232214224122,202608232010369077,202608232010368283,85,1869,Bronze INV,br_Appointments,TASK_COMPLETE,SUCCESS,INFO,24989,24989,0,,2026-08-23T20:10:41.468Z,2026-08-23T22:16:21.732Z,7540,2026-08-23T22:16:21.732Z,V5,West Bank,955211d4-28b8-44a0-8023-2bfaa48d6721,SAMMS-NONTCv5
202608262209457613,202608261955299307,202608261955298282,85,1688,Bronze INV,br_AdmissionAssessmentSummary,TASK_COMPLETE,SUCCESS,INFO,983,983,0,,2026-08-26T19:55:35.047Z,2026-08-26T22:11:39.517Z,8164,2026-08-26T22:11:39.517Z,V6,Lake Charles,20846baf-2fe5-403c-85d4-31520e88a3ce,SAMMS-LCv5
202608262209457614,202608261955299308,202608261955298282,85,1690,Bronze INV,br_AdmissionAssessmentSummary,TASK_COMPLETE,SUCCESS,INFO,581,581,0,,2026-08-26T19:55:35.047Z,2026-08-26T22:11:39.517Z,8164,2026-08-26T22:11:39.517Z,V8,Memphis Midtown,20846baf-2fe5-403c-85d4-31520e88a3ce,SAMMS-VCPHCS-VIII-MemphisV5
202608262209457615,202608261955299309,202608261955298282,85,1691,Bronze INV,br_AdmissionAssessmentSummary,TASK_COMPLETE,SUCCESS,INFO,1629,1629,0,,2026-08-26T19:55:35.047Z,2026-08-26T22:11:39.517Z,8164,2026-08-26T22:11:39.517Z,V9,Nashville,20846baf-2fe5-403c-85d4-31520e88a3ce,SAMMS-NashvilleV5
202608262209457616,202608261955299310,202608261955298282,85,1692,Bronze INV,br_AdmissionAssessmentSummary,TASK_COMPLETE,SUCCESS,INFO,350,350,0,,2026-08-26T19:55:35.047Z,2026-08-26T22:11:39.517Z,8164,2026-08-26T22:11:39.517Z,VBRA,Brainerd,20846baf-2fe5-403c-85d4-31520e88a3ce,SAMMS-BrainerdV6
202608262209457618,202608261955299311,202608261955298282,85,1693,Bronze INV,br_AdmissionAssessmentSummary,TASK_COMPLETE,SUCCESS,INFO,617,617,0,,2026-08-26T19:55:35.047Z,2026-08-26T22:11:39.517Z,8164,2026-08-26T22:11:39.517Z,VBRP,Brooklyn Park,20846baf-2fe5-403c-85d4-31520e88a3ce,SAMMS-BrooklynParkV6
202608262209457619,202608261955299312,202608261955298282,85,1695,Bronze INV,br_AdmissionAssessmentSummary,TASK_COMPLETE,SUCCESS,INFO,596,596,0,,2026-08-26T19:55:35.047Z,2026-08-26T22:11:39.517Z,8164,2026-08-26T22:11:39.517Z,VMIN,Minneapolis,20846baf-2fe5-403c-85d4-31520e88a3ce,SAMMS-MinneapolisV6
202608262209457620,202608261955299313,202608261955298282,85,1696,Bronze INV,br_AdmissionAssessmentSummary,TASK_COMPLETE,SUCCESS,INFO,1132,1132,0,,2026-08-26T19:55:35.047Z,2026-08-26T22:11:39.517Z,8164,2026-08-26T22:11:39.517Z,VWBY,Woodbury,20846baf-2fe5-403c-85d4-31520e88a3ce,SAMMS-WoodburyV6
202608262209457621,202608261955299314,202608261955298282,85,1698,Bronze INV,br_AdmissionAssessmentSummary,TASK_COMPLETE,SUCCESS,INFO,440,440,0,,2026-08-26T19:55:35.047Z,2026-08-26T22:11:39.517Z,8164,2026-08-26T22:11:39.517Z,WIL,Wilson,20846baf-2fe5-403c-85d4-31520e88a3ce,SAMMS-Wilson
202608262209457722,202608261955398290,202608261955398282,86,5727,Silver INV,sl_AdmissionAssessmentSummary,TASK_COMPLETE,SUCCESS,INFO,53689,53689,0,,2026-08-26T19:55:35.047Z,2026-08-26T22:11:39.517Z,8164,2026-08-26T22:11:39.517Z,,,20846baf-2fe5-403c-85d4-31520e88a3ce,
202608262209457638,202608261955298971,202608261955298282,85,1702,Bronze INV,br_Appointments,TASK_COMPLETE,SUCCESS,INFO,7602,7602,0,,2026-08-26T19:55:35.047Z,2026-08-26T22:11:39.517Z,8164,2026-08-26T22:11:39.517Z,AHK,Ahoskie,20846baf-2fe5-403c-85d4-31520e88a3ce,SAMMS-Ahoskie
202608262209457640,202608261955298972,202608261955298282,85,1703,Bronze INV,br_Appointments,TASK_COMPLETE,SUCCESS,INFO,14879,14879,0,,2026-08-26T19:55:35.047Z,2026-08-26T22:11:39.517Z,8164,2026-08-26T22:11:39.517Z,B12B,Colorado Springs,20846baf-2fe5-403c-85d4-31520e88a3ce,SAMMS-ColoradoSpringsV5
202608262209457641,202608261955298973,202608261955298282,85,1704,Bronze INV,br_Appointments,TASK_COMPLETE,SUCCESS,INFO,20204,20204,0,,2026-08-26T19:55:35.047Z,2026-08-26T22:11:39.517Z,8164,2026-08-26T22:11:39.517Z,B24,Paintsville,20846baf-2fe5-403c-85d4-31520e88a3ce,SAMMS-PaintsvilleV5
202608262209457642,202608261955298974,202608261955298282,85,1705,Bronze INV,br_Appointments,TASK_COMPLETE,SUCCESS,INFO,15874,15874,0,,2026-08-26T19:55:35.047Z,2026-08-26T22:11:39.517Z,8164,2026-08-26T22:11:39.517Z,B25,Pikeville,20846baf-2fe5-403c-85d4-31520e88a3ce,SAMMS-PikevilleV5
202608262209457643,202608261955298975,202608261955298282,85,1706,Bronze INV,br_Appointments,TASK_COMPLETE,SUCCESS,INFO,49125,49125,0,,2026-08-26T19:55:35.047Z,2026-08-26T22:11:39.517Z,8164,2026-08-26T22:11:39.517Z,B26,Hazard,20846baf-2fe5-403c-85d4-31520e88a3ce,SAMMS-HazardV5
202608262209457644,202608261955298976,202608261955298282,85,1707,Bronze INV,br_Appointments,TASK_COMPLETE,SUCCESS,INFO,21731,21731,0,,2026-08-26T19:55:35.047Z,2026-08-26T22:11:39.517Z,8164,2026-08-26T22:11:39.517Z,B27,Savannah,20846baf-2fe5-403c-85d4-31520e88a3ce,SAMMS-SavannahV6
202608262209457645,202608261955298977,202608261955298282,85,1708,Bronze INV,br_Appointments,TASK_COMPLETE,SUCCESS,INFO,6772,6772,0,,2026-08-26T19:55:35.047Z,2026-08-26T22:11:39.517Z,8164,2026-08-26T22:11:39.517Z,B28,West Plains,20846baf-2fe5-403c-85d4-31520e88a3ce,SAMMS-WestPlainesV5
202608262209457646,202608261955298978,202608261955298282,85,1709,Bronze INV,br_Appointments,TASK_COMPLETE,SUCCESS,INFO,8201,8201,0,,2026-08-26T19:55:35.047Z,2026-08-26T22:11:39.517Z,8164,2026-08-26T22:11:39.517Z,B29,Poplar Bluff,20846baf-2fe5-403c-85d4-31520e88a3ce,SAMMS-PoplarBluffV5
202608262209457648,202608261955298979,202608261955298282,85,1710,Bronze INV,br_Appointments,TASK_COMPLETE,SUCCESS,INFO,6878,6878,0,,2026-08-26T19:55:35.047Z,2026-08-26T22:11:39.517Z,8164,2026-08-26T22:11:39.517Z,B30,KC North,20846baf-2fe5-403c-85d4-31520e88a3ce,SAMMS-KCNv5
202608262209457649,202608261955298980,202608261955298282,85,1711,Bronze INV,br_Appointments,TASK_COMPLETE,SUCCESS,INFO,31829,31829,0,,2026-08-26T19:55:35.047Z,2026-08-26T22:11:39.517Z,8164,2026-08-26T22:11:39.517Z,B31,Dyersburg,20846baf-2fe5-403c-85d4-31520e88a3ce,SAMMS-DyersburgV5
202608262209457650,202608261955298981,202608261955298282,85,1713,Bronze INV,br_Appointments,TASK_COMPLETE,SUCCESS,INFO,53104,53104,0,,2026-08-26T19:55:35.047Z,2026-08-26T22:11:39.517Z,8164,2026-08-26T22:11:39.517Z,B33,Paducah,20846baf-2fe5-403c-85d4-31520e88a3ce,SAMMS-Paducah
202608262209457651,202608261955298982,202608261955298282,85,1714,Bronze INV,br_Appointments,TASK_COMPLETE,SUCCESS,INFO,24074,24074,0,,2026-08-26T19:55:35.047Z,2026-08-26T22:11:39.517Z,8164,2026-08-26T22:11:39.517Z,B34,Corbin,20846baf-2fe5-403c-85d4-31520e88a3ce,SAMMS-CorbinV5
202608262209457652,202608261955298983,202608261955298282,85,1715,Bronze INV,br_Appointments,TASK_COMPLETE,SUCCESS,INFO,44392,44392,0,,2026-08-26T19:55:35.047Z,2026-08-26T22:11:39.517Z,8164,2026-08-26T22:11:39.517Z,B35,Lexington,20846baf-2fe5-403c-85d4-31520e88a3ce,SAMMS-LexingtonV5
202608262209457653,202608261955298984,202608261955298282,85,1716,Bronze INV,br_Appointments,TASK_COMPLETE,SUCCESS,INFO,26583,26583,0,,2026-08-26T19:55:35.047Z,2026-08-26T22:11:39.517Z,8164,2026-08-26T22:11:39.517Z,B35A,Berea,20846baf-2fe5-403c-85d4-31520e88a3ce,SAMMS-BereaV5
202608262209457654,202608261955298985,202608261955298282,85,1717,Bronze INV,br_Appointments,TASK_COMPLETE,SUCCESS,INFO,57546,57546,0,,2026-08-26T19:55:35.047Z,2026-08-26T22:11:39.517Z,8164,2026-08-26T22:11:39.517Z,B36,Asheville,20846baf-2fe5-403c-85d4-31520e88a3ce,SAMMS-AshevilleV5
202608262209457655,202608261955298986,202608261955298282,85,1718,Bronze INV,br_Appointments,TASK_COMPLETE,SUCCESS,INFO,40516,40516,0,,2026-08-26T19:55:35.047Z,2026-08-26T22:11:39.517Z,8164,2026-08-26T22:11:39.517Z,B37,Clyde,20846baf-2fe5-403c-85d4-31520e88a3ce,SAMMS-ClydeV5
202608262209457656,202608261955298987,202608261955298282,85,1719,Bronze INV,br_Appointments,TASK_COMPLETE,SUCCESS,INFO,16188,16188,0,,2026-08-26T19:55:35.047Z,2026-08-26T22:11:39.517Z,8164,2026-08-26T22:11:39.517Z,B38,Spartanburg,20846baf-2fe5-403c-85d4-31520e88a3ce,SAMMS-SpartanburgV5
202608262209457658,202608261955298988,202608261955298282,85,1720,Bronze INV,br_Appointments,TASK_COMPLETE,SUCCESS,INFO,20320,20320,0,,2026-08-26T19:55:35.047Z,2026-08-26T22:11:39.517Z,8164,2026-08-26T22:11:39.517Z,B39,Aiken,20846baf-2fe5-403c-85d4-31520e88a3ce,SAMMS-AikenV5
202608262209457659,202608261955298989,202608261955298282,85,1721,Bronze INV,br_Appointments,TASK_COMPLETE,SUCCESS,INFO,20203,20203,0,,2026-08-26T19:55:35.047Z,2026-08-26T22:11:39.517Z,8164,2026-08-26T22:11:39.517Z,B41,Chesapeake,20846baf-2fe5-403c-85d4-31520e88a3ce,SAMMS-ChesapeakeV5
202608262209457660,202608261955298990,202608261955298282,85,1722,Bronze INV,br_Appointments,TASK_COMPLETE,SUCCESS,INFO,19050,19050,0,,2026-08-26T19:55:35.047Z,2026-08-26T22:11:39.517Z,8164,2026-08-26T22:11:39.517Z,B42,Virginia Beach,20846baf-2fe5-403c-85d4-31520e88a3ce,SAMMS-VirginiaBeachV5
202608262209457661,202608261955298991,202608261955298282,85,1723,Bronze INV,br_Appointments,TASK_COMPLETE,SUCCESS,INFO,15805,15805,0,,2026-08-26T19:55:35.047Z,2026-08-26T22:11:39.517Z,8164,2026-08-26T22:11:39.517Z,B42A,Newport News,20846baf-2fe5-403c-85d4-31520e88a3ce,SAMMS-NewportNewsV5
202608262209457662,202608261955298992,202608261955298282,85,1724,Bronze INV,br_Appointments,TASK_COMPLETE,SUCCESS,INFO,4623,4623,0,,2026-08-26T19:55:35.047Z,2026-08-26T22:11:39.517Z,8164,2026-08-26T22:11:39.517Z,B42B,Franklin,20846baf-2fe5-403c-85d4-31520e88a3ce,SAMMS-FranklinV5
202608262209457663,202608261955298993,202608261955298282,85,1725,Bronze INV,br_Appointments,TASK_COMPLETE,SUCCESS,INFO,10205,10205,0,,2026-08-26T19:55:35.047Z,2026-08-26T22:11:39.517Z,8164,2026-08-26T22:11:39.517Z,B42C,Glen Allen,20846baf-2fe5-403c-85d4-31520e88a3ce,SAMMS-GlenAllenV5
202608262209457664,202608261955298994,202608261955298282,85,1726,Bronze INV,br_Appointments,TASK_COMPLETE,SUCCESS,INFO,18406,18406,0,,2026-08-26T19:55:35.047Z,2026-08-26T22:11:39.517Z,8164,2026-08-26T22:11:39.517Z,B42D,Chesapeake South,20846baf-2fe5-403c-85d4-31520e88a3ce,SAMMS-ChesapeakeSouthV5
202608262209457665,202608261955298995,202608261955298282,85,1727,Bronze INV,br_Appointments,TASK_COMPLETE,SUCCESS,INFO,9769,9769,0,,2026-08-26T19:55:35.047Z,2026-08-26T22:11:39.517Z,8164,2026-08-26T22:11:39.517Z,B44,Albany,20846baf-2fe5-403c-85d4-31520e88a3ce,SAMMS-AlbanyV5
202608262209457667,202608261955298996,202608261955298282,85,1728,Bronze INV,br_Appointments,TASK_COMPLETE,SUCCESS,INFO,12360,12360,0,,2026-08-26T19:55:35.047Z,2026-08-26T22:11:39.517Z,8164,2026-08-26T22:11:39.517Z,B45,Tifton,20846baf-2fe5-403c-85d4-31520e88a3ce,SAMMS-TiftonV5
202608262209457668,202608261955298997,202608261955298282,85,1729,Bronze INV,br_Appointments,TASK_COMPLETE,SUCCESS,INFO,18630,18630,0,,2026-08-26T19:55:35.047Z,2026-08-26T22:11:39.517Z,8164,2026-08-26T22:11:39.517Z,B46,Washington DC,20846baf-2fe5-403c-85d4-31520e88a3ce,SAMMS-WashingtonDCv5
202608262209457669,202608261955298998,202608261955298282,85,1730,Bronze INV,br_Appointments,TASK_COMPLETE,SUCCESS,INFO,14649,14649,0,,2026-08-26T19:55:35.047Z,2026-08-26T22:11:39.517Z,8164,2026-08-26T22:11:39.517Z,B47,Mobile,20846baf-2fe5-403c-85d4-31520e88a3ce,SAMMS-MobileV5
202608262209457670,202608261955298999,202608261955298282,85,1731,Bronze INV,br_Appointments,TASK_COMPLETE,SUCCESS,INFO,18935,18935,0,,2026-08-26T19:55:35.047Z,2026-08-26T22:11:39.517Z,8164,2026-08-26T22:11:39.517Z,B48,Tuscaloosa,20846baf-2fe5-403c-85d4-31520e88a3ce,SAMMS-TuscaloosaV5
202608262209457671,202608261955299000,202608261955298282,85,1740,Bronze INV,br_Appointments,TASK_COMPLETE,SUCCESS,INFO,6681,6681,0,,2026-08-26T19:55:35.047Z,2026-08-26T22:11:39.517Z,8164,2026-08-26T22:11:39.517Z,B51,N. Little Rock (OTP),20846baf-2fe5-403c-85d4-31520e88a3ce,SAMMS-NorthLittleRockV6
202608262209457672,202608261955299001,202608261955298282,85,1741,Bronze INV,br_Appointments,TASK_COMPLETE,SUCCESS,INFO,11411,11411,0,,2026-08-26T19:55:35.047Z,2026-08-26T22:11:39.517Z,8164,2026-08-26T22:11:39.517Z,B52,Jackson GA,20846baf-2fe5-403c-85d4-31520e88a3ce,SAMMS-JacksonGAV5
202608262209457673,202608261955299002,202608261955298282,85,1742,Bronze INV,br_Appointments,TASK_COMPLETE,SUCCESS,INFO,9016,9016,0,,2026-08-26T19:55:35.047Z,2026-08-26T22:11:39.517Z,8164,2026-08-26T22:11:39.517Z,B54,Gadsden,20846baf-2fe5-403c-85d4-31520e88a3ce,SAMMS-GadsdenV5
202608262209457674,202608261955299003,202608261955298282,85,1743,Bronze INV,br_Appointments,TASK_COMPLETE,SUCCESS,INFO,13992,13992,0,,2026-08-26T19:55:35.047Z,2026-08-26T22:11:39.517Z,8164,2026-08-26T22:11:39.517Z,B55,Shoals,20846baf-2fe5-403c-85d4-31520e88a3ce,SAMMS-ShoalsV5
202608262209457675,202608261955299004,202608261955298282,85,1744,Bronze INV,br_Appointments,TASK_COMPLETE,SUCCESS,INFO,15651,15651,0,,2026-08-26T19:55:35.047Z,2026-08-26T22:11:39.517Z,8164,2026-08-26T22:11:39.517Z,B57,Pawtucket,20846baf-2fe5-403c-85d4-31520e88a3ce,SAMMS-Pawtucket
202608262209457677,202608261955299005,202608261955298282,85,1745,Bronze INV,br_Appointments,TASK_COMPLETE,SUCCESS,INFO,11783,11783,0,,2026-08-26T19:55:35.047Z,2026-08-26T22:11:39.517Z,8164,2026-08-26T22:11:39.517Z,B57A,Johnston,20846baf-2fe5-403c-85d4-31520e88a3ce,SAMMS-Johnston
202608262209457678,202608261955299006,202608261955298282,85,1746,Bronze INV,br_Appointments,TASK_COMPLETE,SUCCESS,INFO,4090,4090,0,,2026-08-26T19:55:35.047Z,2026-08-26T22:11:39.517Z,8164,2026-08-26T22:11:39.517Z,B57B,Middletown,20846baf-2fe5-403c-85d4-31520e88a3ce,SAMMS-Middletown
202608262209457679,202608261955299007,202608261955298282,85,1747,Bronze INV,br_Appointments,TASK_COMPLETE,SUCCESS,INFO,11664,11664,0,,2026-08-26T19:55:35.047Z,2026-08-26T22:11:39.517Z,8164,2026-08-26T22:11:39.517Z,B57C,Providence,20846baf-2fe5-403c-85d4-31520e88a3ce,SAMMS-Providence
202608262209457680,202608261955299008,202608261955298282,85,1748,Bronze INV,br_Appointments,TASK_COMPLETE,SUCCESS,INFO,21111,21111,0,,2026-08-26T19:55:35.047Z,2026-08-26T22:11:39.517Z,8164,2026-08-26T22:11:39.517Z,B57D,Westerly,20846baf-2fe5-403c-85d4-31520e88a3ce,SAMMS-Westerly
202608262209457681,202608261955299009,202608261955298282,85,1752,Bronze INV,br_Appointments,TASK_COMPLETE,SUCCESS,INFO,15611,15611,0,,2026-08-26T19:55:35.047Z,2026-08-26T22:11:39.517Z,8164,2026-08-26T22:11:39.517Z,B66A,Bremen,20846baf-2fe5-403c-85d4-31520e88a3ce,SAMMS-Bremen
202608262209457682,202608261955299010,202608261955298282,85,1755,Bronze INV,br_Appointments,TASK_COMPLETE,SUCCESS,INFO,38289,38289,0,,2026-08-26T19:55:35.047Z,2026-08-26T22:11:39.517Z,8164,2026-08-26T22:11:39.517Z,B72,Mobile (OBOT),20846baf-2fe5-403c-85d4-31520e88a3ce,SAMMS-Mobile-OBOT
202608262209457683,202608261955299011,202608261955298282,85,1756,Bronze INV,br_Appointments,TASK_COMPLETE,SUCCESS,INFO,15854,15854,0,,2026-08-26T19:55:35.047Z,2026-08-26T22:11:39.517Z,8164,2026-08-26T22:11:39.517Z,B73,Montgomery,20846baf-2fe5-403c-85d4-31520e88a3ce,SAMMS-Montgomery
202608262209457685,202608261955299012,202608261955298282,85,1757,Bronze INV,br_Appointments,TASK_COMPLETE,SUCCESS,INFO,8786,8786,0,,2026-08-26T19:55:35.047Z,2026-08-26T22:11:39.517Z,8164,2026-08-26T22:11:39.517Z,B75,Lawrence,20846baf-2fe5-403c-85d4-31520e88a3ce,SAMMS-LawrenceV6
202608262209457686,202608261955299013,202608261955298282,85,1758,Bronze INV,br_Appointments,TASK_COMPLETE,SUCCESS,INFO,1763,1763,0,,2026-08-26T19:55:35.047Z,2026-08-26T22:11:39.517Z,8164,2026-08-26T22:11:39.517Z,B76,Huntsville OBOT,20846baf-2fe5-403c-85d4-31520e88a3ce,SAMMS-Huntsville-OBOT
202608262209457687,202608261955299014,202608261955298282,85,1759,Bronze INV,br_Appointments,TASK_COMPLETE,SUCCESS,INFO,12155,12155,0,,2026-08-26T19:55:35.047Z,2026-08-26T22:11:39.517Z,8164,2026-08-26T22:11:39.517Z,BAT,Batesville,20846baf-2fe5-403c-85d4-31520e88a3ce,SAMMS-Batesville
202608262209457688,202608261955299015,202608261955298282,85,1760,Bronze INV,br_Appointments,TASK_COMPLETE,SUCCESS,INFO,11366,11366,0,,2026-08-26T19:55:35.047Z,2026-08-26T22:11:39.517Z,8164,2026-08-26T22:11:39.517Z,BG,Bowling Green,20846baf-2fe5-403c-85d4-31520e88a3ce,SAMMS-BowlingGreen
202608262209457689,202608261955299016,202608261955298282,85,1761,Bronze INV,br_Appointments,TASK_COMPLETE,SUCCESS,INFO,10163,10163,0,,2026-08-26T19:55:35.047Z,2026-08-26T22:11:39.517Z,8164,2026-08-26T22:11:39.517Z,BOI,Boise,20846baf-2fe5-403c-85d4-31520e88a3ce,SAMMS-Boise
202608262209457690,202608261955299017,202608261955298282,85,1768,Bronze INV,br_Appointments,TASK_COMPLETE,SUCCESS,INFO,5467,5467,0,,2026-08-26T19:55:35.047Z,2026-08-26T22:11:39.517Z,8164,2026-08-26T22:11:39.517Z,CBCO,Coeur dAlene,20846baf-2fe5-403c-85d4-31520e88a3ce,SAMMS-CoeurdAleneV6
202608262209457691,202608261955299018,202608261955298282,85,1787,Bronze INV,br_Appointments,TASK_COMPLETE,SUCCESS,INFO,18541,18541,0,,2026-08-26T19:55:35.047Z,2026-08-26T22:11:39.517Z,8164,2026-08-26T22:11:39.517Z,CON,Conway,20846baf-2fe5-403c-85d4-31520e88a3ce,SAMMS-Conway
202608262209457692,202608261955299019,202608261955298282,85,1788,Bronze INV,br_Appointments,TASK_COMPLETE,SUCCESS,INFO,99528,99528,0,,2026-08-26T19:55:35.047Z,2026-08-26T22:11:39.517Z,8164,2026-08-26T22:11:39.517Z,D07,Medical Services Knox TN,20846baf-2fe5-403c-85d4-31520e88a3ce,SAMMS-KnoxvilleV6
202608262209457693,202608261955299020,202608261955298282,85,1789,Bronze INV,br_Appointments,TASK_COMPLETE,SUCCESS,INFO,12852,12852,0,,2026-08-26T19:55:35.047Z,2026-08-26T22:11:39.517Z,8164,2026-08-26T22:11:39.517Z,D08,Madison,20846baf-2fe5-403c-85d4-31520e88a3ce,SAMMS-MadisonV6
202608262209457695,202608261955299021,202608261955298282,85,1791,Bronze INV,br_Appointments,TASK_COMPLETE,SUCCESS,INFO,9973,9973,0,,2026-08-26T19:55:35.047Z,2026-08-26T22:11:39.517Z,8164,2026-08-26T22:11:39.517Z,D09,Murfreesboro,20846baf-2fe5-403c-85d4-31520e88a3ce,SAMMS-MurfreesboroV6
202608262209457696,202608261955299022,202608261955298282,85,1792,Bronze INV,br_Appointments,TASK_COMPLETE,SUCCESS,INFO,27884,27884,0,,2026-08-26T19:55:35.047Z,2026-08-26T22:11:39.517Z,8164,2026-08-26T22:11:39.517Z,DA,Davenport,20846baf-2fe5-403c-85d4-31520e88a3ce,SAMMS-Davenport
202608262209457697,202608261955299023,202608261955298282,85,1793,Bronze INV,br_Appointments,TASK_COMPLETE,SUCCESS,INFO,19495,19495,0,,2026-08-26T19:55:35.047Z,2026-08-26T22:11:39.517Z,8164,2026-08-26T22:11:39.517Z,DM,Des Moines,20846baf-2fe5-403c-85d4-31520e88a3ce,SAMMS-DesMoines
202608262209457698,202608261955299024,202608261955298282,85,1795,Bronze INV,br_Appointments,TASK_COMPLETE,SUCCESS,INFO,16436,16436,0,,2026-08-26T19:55:35.047Z,2026-08-26T22:11:39.517Z,8164,2026-08-26T22:11:39.517Z,DRD-CO,Columbia MO,20846baf-2fe5-403c-85d4-31520e88a3ce,SAMMS-ColumbiaV5
202608262209457699,202608261955299025,202608261955298282,85,1796,Bronze INV,br_Appointments,TASK_COMPLETE,SUCCESS,INFO,16071,16071,0,,2026-08-26T19:55:35.047Z,2026-08-26T22:11:39.517Z,8164,2026-08-26T22:11:39.517Z,DRD-KC,KC,20846baf-2fe5-403c-85d4-31520e88a3ce,SAMMS-KCv5
202608262209457700,202608261955299026,202608261955298282,85,1797,Bronze INV,br_Appointments,TASK_COMPLETE,SUCCESS,INFO,41456,41456,0,,2026-08-26T19:55:35.047Z,2026-08-26T22:11:39.517Z,8164,2026-08-26T22:11:39.517Z,DRD-KVB,KVB,20846baf-2fe5-403c-85d4-31520e88a3ce,SAMMS-KVBv5
202608262209457701,202608261955299027,202608261955298282,85,1798,Bronze INV,br_Appointments,TASK_COMPLETE,SUCCESS,INFO,52372,52372,0,,2026-08-26T19:55:35.047Z,2026-08-26T22:11:39.517Z,8164,2026-08-26T22:11:39.517Z,DRD-KVC,KVC,20846baf-2fe5-403c-85d4-31520e88a3ce,SAMMS-KVCv5
202608262209457702,202608261955299028,202608261955298282,85,1799,Bronze INV,br_Appointments,TASK_COMPLETE,SUCCESS,INFO,50459,50459,0,,2026-08-26T19:55:35.047Z,2026-08-26T22:11:39.517Z,8164,2026-08-26T22:11:39.517Z,DRD-NOLA,NOLA,20846baf-2fe5-403c-85d4-31520e88a3ce,SAMMS-NOLAv5
202608262209457703,202608261955299029,202608261955298282,85,1800,Bronze INV,br_Appointments,TASK_COMPLETE,SUCCESS,INFO,16137,16137,0,,2026-08-26T19:55:35.047Z,2026-08-26T22:11:39.517Z,8164,2026-08-26T22:11:39.517Z,DRD-SF,Springfield,20846baf-2fe5-403c-85d4-31520e88a3ce,SAMMS-SFv5
202608262209457705,202608261955299030,202608261955298282,85,1802,Bronze INV,br_Appointments,TASK_COMPLETE,SUCCESS,INFO,21443,21443,0,,2026-08-26T19:55:35.047Z,2026-08-26T22:11:39.517Z,8164,2026-08-26T22:11:39.517Z,ELC,Elizabeth City,20846baf-2fe5-403c-85d4-31520e88a3ce,SAMMS-ElizabethCity
202608262209457706,202608261955299031,202608261955298282,85,1803,Bronze INV,br_Appointments,TASK_COMPLETE,SUCCESS,INFO,12956,12956,0,,2026-08-26T19:55:35.047Z,2026-08-26T22:11:39.517Z,8164,2026-08-26T22:11:39.517Z,ET,Elizabethtown,20846baf-2fe5-403c-85d4-31520e88a3ce,SAMMS-Elizabethtown
202608262209457707,202608261955299032,202608261955298282,85,1804,Bronze INV,br_Appointments,TASK_COMPLETE,SUCCESS,INFO,17534,17534,0,,2026-08-26T19:55:35.047Z,2026-08-26T22:11:39.517Z,8164,2026-08-26T22:11:39.517Z,FAY,Fayetteville,20846baf-2fe5-403c-85d4-31520e88a3ce,SAMMS-Fayetteville
202608262209457708,202608261955299033,202608261955298282,85,1805,Bronze INV,br_Appointments,TASK_COMPLETE,SUCCESS,INFO,2737,2737,0,,2026-08-26T19:55:35.047Z,2026-08-26T22:11:39.517Z,8164,2026-08-26T22:11:39.517Z,FR,Frankfort,20846baf-2fe5-403c-85d4-31520e88a3ce,SAMMS-Frankfort
202608262209457709,202608261955299034,202608261955298282,85,1806,Bronze INV,br_Appointments,TASK_COMPLETE,SUCCESS,INFO,14074,14074,0,,2026-08-26T19:55:35.047Z,2026-08-26T22:11:39.517Z,8164,2026-08-26T22:11:39.517Z,FS,Fort Smith,20846baf-2fe5-403c-85d4-31520e88a3ce,SAMMS-FortSmith
202608262209457710,202608261955299035,202608261955298282,85,1807,Bronze INV,br_Appointments,TASK_COMPLETE,SUCCESS,INFO,25302,25302,0,,2026-08-26T19:55:35.047Z,2026-08-26T22:11:39.517Z,8164,2026-08-26T22:11:39.517Z,FW,Fort Wayne,20846baf-2fe5-403c-85d4-31520e88a3ce,SAMMS-FortWayne
202608262209457711,202608261955299036,202608261955298282,85,1808,Bronze INV,br_Appointments,TASK_COMPLETE,SUCCESS,INFO,24231,24231,0,,2026-08-26T19:55:35.047Z,2026-08-26T22:11:39.517Z,8164,2026-08-26T22:11:39.517Z,GAL,Gaylord,20846baf-2fe5-403c-85d4-31520e88a3ce,SAMMS-Gaylord
202608262209457712,202608261955299037,202608261955298282,85,1812,Bronze INV,br_Appointments,TASK_COMPLETE,SUCCESS,INFO,49595,49595,0,,2026-08-26T19:55:35.047Z,2026-08-26T22:11:39.517Z,8164,2026-08-26T22:11:39.517Z,HGT,Hagerstown,20846baf-2fe5-403c-85d4-31520e88a3ce,SAMMS-Hagerstown
202608262209457713,202608261955299038,202608261955298282,85,1813,Bronze INV,br_Appointments,TASK_COMPLETE,SUCCESS,INFO,16802,16802,0,,2026-08-26T19:55:35.047Z,2026-08-26T22:11:39.517Z,8164,2026-08-26T22:11:39.517Z,HNT,Huntsville,20846baf-2fe5-403c-85d4-31520e88a3ce,SAMMS-Huntsville
202608262209457715,202608261955299039,202608261955298282,85,1814,Bronze INV,br_Appointments,TASK_COMPLETE,SUCCESS,INFO,17416,17416,0,,2026-08-26T19:55:35.047Z,2026-08-26T22:11:39.517Z,8164,2026-08-26T22:11:39.517Z,HS,Hot Springs,20846baf-2fe5-403c-85d4-31520e88a3ce,SAMMS-HotSprings
202608262209457716,202608261955299040,202608261955298282,85,1815,Bronze INV,br_Appointments,TASK_COMPLETE,SUCCESS,INFO,10323,10323,0,,2026-08-26T19:55:35.047Z,2026-08-26T22:11:39.517Z,8164,2026-08-26T22:11:39.517Z,JON,Jonesboro,20846baf-2fe5-403c-85d4-31520e88a3ce,SAMMS-Jonesboro
202608262209457717,202608261955299041,202608261955298282,85,1817,Bronze INV,br_Appointments,TASK_COMPLETE,SUCCESS,INFO,23450,23450,0,,2026-08-26T19:55:35.047Z,2026-08-26T22:11:39.517Z,8164,2026-08-26T22:11:39.517Z,LAN,Lansing,20846baf-2fe5-403c-85d4-31520e88a3ce,SAMMS-Lansing
202608262209457718,202608261955299042,202608261955298282,85,1818,Bronze INV,br_Appointments,TASK_COMPLETE,SUCCESS,INFO,19243,19243,0,,2026-08-26T19:55:35.047Z,2026-08-26T22:11:39.517Z,8164,2026-08-26T22:11:39.517Z,LO,Louisville,20846baf-2fe5-403c-85d4-31520e88a3ce,SAMMS-Louisville
202608262209457719,202608261955299043,202608261955298282,85,1819,Bronze INV,br_Appointments,TASK_COMPLETE,SUCCESS,INFO,13582,13582,0,,2026-08-26T19:55:35.047Z,2026-08-26T22:11:39.517Z,8164,2026-08-26T22:11:39.517Z,LV1,Cheyenne,20846baf-2fe5-403c-85d4-31520e88a3ce,SAMMS-Cheyenne
202608262209457720,202608261955299044,202608261955298282,85,1820,Bronze INV,br_Appointments,TASK_COMPLETE,SUCCESS,INFO,13471,13471,0,,2026-08-26T19:55:35.047Z,2026-08-26T22:11:39.517Z,8164,2026-08-26T22:11:39.517Z,LV2,Desert Inn,20846baf-2fe5-403c-85d4-31520e88a3ce,SAMMS-DesertInn
202608262209457721,202608261955299045,202608261955298282,85,1821,Bronze INV,br_Appointments,TASK_COMPLETE,SUCCESS,INFO,3289,3289,0,,2026-08-26T19:55:35.047Z,2026-08-26T22:11:39.517Z,8164,2026-08-26T22:11:39.517Z,LV3,McDaniel,20846baf-2fe5-403c-85d4-31520e88a3ce,SAMMS-McDaniel
202608262209457722,202608261955299046,202608261955298282,85,1824,Bronze INV,br_Appointments,TASK_COMPLETE,SUCCESS,INFO,8086,8086,0,,2026-08-26T19:55:35.047Z,2026-08-26T22:11:39.517Z,8164,2026-08-26T22:11:39.517Z,MNRE,Monroe,20846baf-2fe5-403c-85d4-31520e88a3ce,SAMMS-Monroe
202608262209457723,202608261955299047,202608261955298282,85,1825,Bronze INV,br_Appointments,TASK_COMPLETE,SUCCESS,INFO,29391,29391,0,,2026-08-26T19:55:35.047Z,2026-08-26T22:11:39.517Z,8164,2026-08-26T22:11:39.517Z,MP,Mt. Pleasant,20846baf-2fe5-403c-85d4-31520e88a3ce,SAMMS-MtPleasant
202608262209457724,202608261955299048,202608261955298282,85,1826,Bronze INV,br_Appointments,TASK_COMPLETE,SUCCESS,INFO,11601,11601,0,,2026-08-26T19:55:35.047Z,2026-08-26T22:11:39.517Z,8164,2026-08-26T22:11:39.517Z,MRD,Meridian,20846baf-2fe5-403c-85d4-31520e88a3ce,SAMMS-Meridian
202608262209457726,202608261955299049,202608261955298282,85,1831,Bronze INV,br_Appointments,TASK_COMPLETE,SUCCESS,INFO,15782,15782,0,,2026-08-26T19:55:35.047Z,2026-08-26T22:11:39.517Z,8164,2026-08-26T22:11:39.517Z,NC,North Charleston,20846baf-2fe5-403c-85d4-31520e88a3ce,SAMMS-NorthCharleston
202608262209457727,202608261955299050,202608261955298282,85,1832,Bronze INV,br_Appointments,TASK_COMPLETE,SUCCESS,INFO,26899,26899,0,,2026-08-26T19:55:35.047Z,2026-08-26T22:11:39.517Z,8164,2026-08-26T22:11:39.517Z,NLR,N. Little Rock,20846baf-2fe5-403c-85d4-31520e88a3ce,SAMMS-NLROBOT
202608262209457728,202608261955299051,202608261955298282,85,1833,Bronze INV,br_Appointments,TASK_COMPLETE,SUCCESS,INFO,3399,3399,0,,2026-08-26T19:55:35.047Z,2026-08-26T22:11:39.517Z,8164,2026-08-26T22:11:39.517Z,PH,Phoenix,20846baf-2fe5-403c-85d4-31520e88a3ce,SAMMS-Phoenix
202608262209457729,202608261955299052,202608261955298282,85,1837,Bronze INV,br_Appointments,TASK_COMPLETE,SUCCESS,INFO,19593,19593,0,,2026-08-26T19:55:35.047Z,2026-08-26T22:11:39.517Z,8164,2026-08-26T22:11:39.517Z,RE,Reno,20846baf-2fe5-403c-85d4-31520e88a3ce,SAMMS-Reno
202608262209457730,202608261955299053,202608261955298282,85,1838,Bronze INV,br_Appointments,TASK_COMPLETE,SUCCESS,INFO,12115,12115,0,,2026-08-26T19:55:35.047Z,2026-08-26T22:11:39.517Z,8164,2026-08-26T22:11:39.517Z,RMD,Richmond,20846baf-2fe5-403c-85d4-31520e88a3ce,SAMMS-Richmond
202608262209457731,202608261955299054,202608261955298282,85,1839,Bronze INV,br_Appointments,TASK_COMPLETE,SUCCESS,INFO,13207,13207,0,,2026-08-26T19:55:35.047Z,2026-08-26T22:11:39.517Z,8164,2026-08-26T22:11:39.517Z,SFN,Springfield North,20846baf-2fe5-403c-85d4-31520e88a3ce,SAMMS-SFNv5
202608262209457732,202608261955299055,202608261955298282,85,1840,Bronze INV,br_Appointments,TASK_COMPLETE,SUCCESS,INFO,12903,12903,0,,2026-08-26T19:55:35.047Z,2026-08-26T22:11:39.517Z,8164,2026-08-26T22:11:39.517Z,SHP,Shreveport,20846baf-2fe5-403c-85d4-31520e88a3ce,SAMMS-Shreveport
202608262209457733,202608261955299056,202608261955298282,85,1842,Bronze INV,br_Appointments,TASK_COMPLETE,SUCCESS,INFO,14165,14165,0,,2026-08-26T19:55:35.047Z,2026-08-26T22:11:39.517Z,8164,2026-08-26T22:11:39.517Z,STN,Staunton,20846baf-2fe5-403c-85d4-31520e88a3ce,SAMMS-Staunton
202608262209457734,202608261955299057,202608261955298282,85,1843,Bronze INV,br_Appointments,TASK_COMPLETE,SUCCESS,INFO,1854,1854,0,,2026-08-26T19:55:35.047Z,2026-08-26T22:11:39.517Z,8164,2026-08-26T22:11:39.517Z,STVN,Stevenson,20846baf-2fe5-403c-85d4-31520e88a3ce,SAMMS-Stevenson
202608262209457736,202608261955299058,202608261955298282,85,1845,Bronze INV,br_Appointments,TASK_COMPLETE,SUCCESS,INFO,5535,5535,0,,2026-08-26T19:55:35.047Z,2026-08-26T22:11:39.517Z,8164,2026-08-26T22:11:39.517Z,TE,Tempe,20846baf-2fe5-403c-85d4-31520e88a3ce,SAMMS-Tempe
202608262209457737,202608261955299059,202608261955298282,85,1846,Bronze INV,br_Appointments,TASK_COMPLETE,SUCCESS,INFO,15242,15242,0,,2026-08-26T19:55:35.047Z,2026-08-26T22:11:39.517Z,8164,2026-08-26T22:11:39.517Z,TEX,Texarkana,20846baf-2fe5-403c-85d4-31520e88a3ce,SAMMS-Texarkana
202608262209457738,202608261955299060,202608261955298282,85,1847,Bronze INV,br_Appointments,TASK_COMPLETE,SUCCESS,INFO,7704,7704,0,,2026-08-26T19:55:35.047Z,2026-08-26T22:11:39.517Z,8164,2026-08-26T22:11:39.517Z,TTCA,Bessemer,20846baf-2fe5-403c-85d4-31520e88a3ce,SAMMS-BessemerV5
202608262209457739,202608261955299061,202608261955298282,85,1848,Bronze INV,br_Appointments,TASK_COMPLETE,SUCCESS,INFO,22914,22914,0,,2026-08-26T19:55:35.047Z,2026-08-26T22:11:39.517Z,8164,2026-08-26T22:11:39.517Z,TTCB,Cullman,20846baf-2fe5-403c-85d4-31520e88a3ce,SAMMS-CullmanV5
202608262209457740,202608261955299062,202608261955298282,85,1849,Bronze INV,br_Appointments,TASK_COMPLETE,SUCCESS,INFO,12475,12475,0,,2026-08-26T19:55:35.047Z,2026-08-26T22:11:39.517Z,8164,2026-08-26T22:11:39.517Z,TTCC,Grand Bay,20846baf-2fe5-403c-85d4-31520e88a3ce,SAMMS-GrandBay
202608262209457741,202608261955299063,202608261955298282,85,1850,Bronze INV,br_Appointments,TASK_COMPLETE,SUCCESS,INFO,1300,1300,0,,2026-08-26T19:55:35.047Z,2026-08-26T22:11:39.517Z,8164,2026-08-26T22:11:39.517Z,TU,Tucson,20846baf-2fe5-403c-85d4-31520e88a3ce,SAMMS-Tucson
202608262209457742,202608261955299064,202608261955298282,85,1852,Bronze INV,br_Appointments,TASK_COMPLETE,SUCCESS,INFO,8473,8473,0,,2026-08-26T19:55:35.047Z,2026-08-26T22:11:39.517Z,8164,2026-08-26T22:11:39.517Z,V1,Memphis South,20846baf-2fe5-403c-85d4-31520e88a3ce,SAMMS-VCPHCS-I-MemphisV5
202608262209457743,202608261955299065,202608261955298282,85,1853,Bronze INV,br_Appointments,TASK_COMPLETE,SUCCESS,INFO,18041,18041,0,,2026-08-26T19:55:35.047Z,2026-08-26T22:11:39.517Z,8164,2026-08-26T22:11:39.517Z,V10,Longmont,20846baf-2fe5-403c-85d4-31520e88a3ce,SAMMS-BoulderV5
202608262209457744,202608261955299066,202608261955298282,85,1854,Bronze INV,br_Appointments,TASK_COMPLETE,SUCCESS,INFO,43406,43406,0,,2026-08-26T19:55:35.047Z,2026-08-26T22:11:39.517Z,8164,2026-08-26T22:11:39.517Z,V10A,Fort Collins,20846baf-2fe5-403c-85d4-31520e88a3ce,SAMMS-FortCollinsV5
202608262209457745,202608261955299067,202608261955298282,85,1855,Bronze INV,br_Appointments,TASK_COMPLETE,SUCCESS,INFO,47203,47203,0,,2026-08-26T19:55:35.047Z,2026-08-26T22:11:39.517Z,8164,2026-08-26T22:11:39.517Z,V11,Westminster,20846baf-2fe5-403c-85d4-31520e88a3ce,SAMMS-VCPHCS-XI-NorthDenverV5
202608262209457747,202608261955299068,202608261955298282,85,1856,Bronze INV,br_Appointments,TASK_COMPLETE,SUCCESS,INFO,44836,44836,0,,2026-08-26T19:55:35.047Z,2026-08-26T22:11:39.517Z,8164,2026-08-26T22:11:39.517Z,V12,Downtown Denver,20846baf-2fe5-403c-85d4-31520e88a3ce,SAMMS-VCPHCS-XII-DowntownDenverV5
202608262209457748,202608261955299069,202608261955298282,85,1857,Bronze INV,br_Appointments,TASK_COMPLETE,SUCCESS,INFO,18863,18863,0,,2026-08-26T19:55:35.047Z,2026-08-26T22:11:39.517Z,8164,2026-08-26T22:11:39.517Z,V12A,Centennial,20846baf-2fe5-403c-85d4-31520e88a3ce,SAMMS-CentennialV5
202608262209457749,202608261955299070,202608261955298282,85,1858,Bronze INV,br_Appointments,TASK_COMPLETE,SUCCESS,INFO,9694,9694,0,,2026-08-26T19:55:35.047Z,2026-08-26T22:11:39.517Z,8164,2026-08-26T22:11:39.517Z,V14,Overland Park,20846baf-2fe5-403c-85d4-31520e88a3ce,SAMMS-VCPHCS-XIV-BridgewayV5
202608262209457750,202608261955299071,202608261955298282,85,1859,Bronze INV,br_Appointments,TASK_COMPLETE,SUCCESS,INFO,5426,5426,0,,2026-08-26T19:55:35.047Z,2026-08-26T22:11:39.517Z,8164,2026-08-26T22:11:39.517Z,V15,Joplin,20846baf-2fe5-403c-85d4-31520e88a3ce,SAMMS-JoplinV5
202608262209457751,202608261955299072,202608261955298282,85,1861,Bronze INV,br_Appointments,TASK_COMPLETE,SUCCESS,INFO,8974,8974,0,,2026-08-26T19:55:35.047Z,2026-08-26T22:11:39.517Z,8164,2026-08-26T22:11:39.517Z,V17,Columbia TN,20846baf-2fe5-403c-85d4-31520e88a3ce,SAMMS-ColumbiaTNv5
202608262209457752,202608261955299073,202608261955298282,85,1863,Bronze INV,br_Appointments,TASK_COMPLETE,SUCCESS,INFO,31142,31142,0,,2026-08-26T19:55:35.047Z,2026-08-26T22:11:39.517Z,8164,2026-08-26T22:11:39.517Z,V19,Jackson,20846baf-2fe5-403c-85d4-31520e88a3ce,SAMMS-JacksonV5
202608262209457753,202608261955299074,202608261955298282,85,1865,Bronze INV,br_Appointments,TASK_COMPLETE,SUCCESS,INFO,30553,30553,0,,2026-08-26T19:55:35.047Z,2026-08-26T22:11:39.517Z,8164,2026-08-26T22:11:39.517Z,V20,Paris,20846baf-2fe5-403c-85d4-31520e88a3ce,SAMMS-ParisV5
202608262209457754,202608261955299075,202608261955298282,85,1866,Bronze INV,br_Appointments,TASK_COMPLETE,SUCCESS,INFO,38394,38394,0,,2026-08-26T19:55:35.047Z,2026-08-26T22:11:39.517Z,8164,2026-08-26T22:11:39.517Z,V21,Memphis North,20846baf-2fe5-403c-85d4-31520e88a3ce,SAMMS-RaleighV5
202608262209457755,202608261955299076,202608261955298282,85,1869,Bronze INV,br_Appointments,TASK_COMPLETE,SUCCESS,INFO,25139,25139,0,,2026-08-26T19:55:35.047Z,2026-08-26T22:11:39.517Z,8164,2026-08-26T22:11:39.517Z,V5,West Bank,20846baf-2fe5-403c-85d4-31520e88a3ce,SAMMS-NONTCv5
202608252121598042,202608251925574801,202608251925573776,85,1688,Bronze INV,br_AdmissionAssessmentSummary,TASK_COMPLETE,SUCCESS,INFO,983,983,0,,2026-08-25T19:26:03.177Z,2026-08-25T21:23:56.829Z,7073,2026-08-25T21:23:56.829Z,V6,Lake Charles,7eb7a049-5d17-4a23-bb2f-3b9c445afd32,SAMMS-LCv5
202608252121598043,202608251925574802,202608251925573776,85,1690,Bronze INV,br_AdmissionAssessmentSummary,TASK_COMPLETE,SUCCESS,INFO,581,581,0,,2026-08-25T19:26:03.177Z,2026-08-25T21:23:56.829Z,7073,2026-08-25T21:23:56.829Z,V8,Memphis Midtown,7eb7a049-5d17-4a23-bb2f-3b9c445afd32,SAMMS-VCPHCS-VIII-MemphisV5
202608252121598044,202608251925574803,202608251925573776,85,1691,Bronze INV,br_AdmissionAssessmentSummary,TASK_COMPLETE,SUCCESS,INFO,1627,1627,0,,2026-08-25T19:26:03.177Z,2026-08-25T21:23:56.829Z,7073,2026-08-25T21:23:56.829Z,V9,Nashville,7eb7a049-5d17-4a23-bb2f-3b9c445afd32,SAMMS-NashvilleV5
202608252121598045,202608251925574804,202608251925573776,85,1692,Bronze INV,br_AdmissionAssessmentSummary,TASK_COMPLETE,SUCCESS,INFO,350,350,0,,2026-08-25T19:26:03.177Z,2026-08-25T21:23:56.829Z,7073,2026-08-25T21:23:56.829Z,VBRA,Brainerd,7eb7a049-5d17-4a23-bb2f-3b9c445afd32,SAMMS-BrainerdV6
202608252121598046,202608251925574805,202608251925573776,85,1693,Bronze INV,br_AdmissionAssessmentSummary,TASK_COMPLETE,SUCCESS,INFO,617,617,0,,2026-08-25T19:26:03.177Z,2026-08-25T21:23:56.829Z,7073,2026-08-25T21:23:56.829Z,VBRP,Brooklyn Park,7eb7a049-5d17-4a23-bb2f-3b9c445afd32,SAMMS-BrooklynParkV6
202608252121598048,202608251925574806,202608251925573776,85,1695,Bronze INV,br_AdmissionAssessmentSummary,TASK_COMPLETE,SUCCESS,INFO,596,596,0,,2026-08-25T19:26:03.177Z,2026-08-25T21:23:56.829Z,7073,2026-08-25T21:23:56.829Z,VMIN,Minneapolis,7eb7a049-5d17-4a23-bb2f-3b9c445afd32,SAMMS-MinneapolisV6
202608252121598049,202608251925574807,202608251925573776,85,1696,Bronze INV,br_AdmissionAssessmentSummary,TASK_COMPLETE,SUCCESS,INFO,1132,1132,0,,2026-08-25T19:26:03.177Z,2026-08-25T21:23:56.829Z,7073,2026-08-25T21:23:56.829Z,VWBY,Woodbury,7eb7a049-5d17-4a23-bb2f-3b9c445afd32,SAMMS-WoodburyV6
202608252121598050,202608251925574808,202608251925573776,85,1698,Bronze INV,br_AdmissionAssessmentSummary,TASK_COMPLETE,SUCCESS,INFO,440,440,0,,2026-08-25T19:26:03.177Z,2026-08-25T21:23:56.829Z,7073,2026-08-25T21:23:56.829Z,WIL,Wilson,7eb7a049-5d17-4a23-bb2f-3b9c445afd32,SAMMS-Wilson
202608252121598151,202608251925673784,202608251925673776,86,5727,Silver INV,sl_AdmissionAssessmentSummary,TASK_COMPLETE,SUCCESS,INFO,53641,53641,0,,2026-08-25T19:26:03.177Z,2026-08-25T21:23:56.829Z,7073,2026-08-25T21:23:56.829Z,,,7eb7a049-5d17-4a23-bb2f-3b9c445afd32,
202608252121598081,202608251925574465,202608251925573776,85,1702,Bronze INV,br_Appointments,TASK_COMPLETE,SUCCESS,INFO,7598,7598,0,,2026-08-25T19:26:03.177Z,2026-08-25T21:23:56.829Z,7073,2026-08-25T21:23:56.829Z,AHK,Ahoskie,7eb7a049-5d17-4a23-bb2f-3b9c445afd32,SAMMS-Ahoskie
202608252121598082,202608251925574466,202608251925573776,85,1703,Bronze INV,br_Appointments,TASK_COMPLETE,SUCCESS,INFO,14836,14836,0,,2026-08-25T19:26:03.177Z,2026-08-25T21:23:56.829Z,7073,2026-08-25T21:23:56.829Z,B12B,Colorado Springs,7eb7a049-5d17-4a23-bb2f-3b9c445afd32,SAMMS-ColoradoSpringsV5
202608252121598083,202608251925574467,202608251925573776,85,1704,Bronze INV,br_Appointments,TASK_COMPLETE,SUCCESS,INFO,20167,20167,0,,2026-08-25T19:26:03.177Z,2026-08-25T21:23:56.829Z,7073,2026-08-25T21:23:56.829Z,B24,Paintsville,7eb7a049-5d17-4a23-bb2f-3b9c445afd32,SAMMS-PaintsvilleV5
202608252121598084,202608251925574468,202608251925573776,85,1705,Bronze INV,br_Appointments,TASK_COMPLETE,SUCCESS,INFO,15854,15854,0,,2026-08-25T19:26:03.177Z,2026-08-25T21:23:56.829Z,7073,2026-08-25T21:23:56.829Z,B25,Pikeville,7eb7a049-5d17-4a23-bb2f-3b9c445afd32,SAMMS-PikevilleV5
202608252121598085,202608251925574469,202608251925573776,85,1706,Bronze INV,br_Appointments,TASK_COMPLETE,SUCCESS,INFO,49103,49103,0,,2026-08-25T19:26:03.177Z,2026-08-25T21:23:56.829Z,7073,2026-08-25T21:23:56.829Z,B26,Hazard,7eb7a049-5d17-4a23-bb2f-3b9c445afd32,SAMMS-HazardV5
202608252121598087,202608251925574470,202608251925573776,85,1707,Bronze INV,br_Appointments,TASK_COMPLETE,SUCCESS,INFO,21715,21715,0,,2026-08-25T19:26:03.177Z,2026-08-25T21:23:56.829Z,7073,2026-08-25T21:23:56.829Z,B27,Savannah,7eb7a049-5d17-4a23-bb2f-3b9c445afd32,SAMMS-SavannahV6
202608252121598088,202608251925574471,202608251925573776,85,1708,Bronze INV,br_Appointments,TASK_COMPLETE,SUCCESS,INFO,6756,6756,0,,2026-08-25T19:26:03.177Z,2026-08-25T21:23:56.829Z,7073,2026-08-25T21:23:56.829Z,B28,West Plains,7eb7a049-5d17-4a23-bb2f-3b9c445afd32,SAMMS-WestPlainesV5
202608252121598089,202608251925574472,202608251925573776,85,1709,Bronze INV,br_Appointments,TASK_COMPLETE,SUCCESS,INFO,8174,8174,0,,2026-08-25T19:26:03.177Z,2026-08-25T21:23:56.829Z,7073,2026-08-25T21:23:56.829Z,B29,Poplar Bluff,7eb7a049-5d17-4a23-bb2f-3b9c445afd32,SAMMS-PoplarBluffV5
202608252121598090,202608251925574473,202608251925573776,85,1710,Bronze INV,br_Appointments,TASK_COMPLETE,SUCCESS,INFO,6858,6858,0,,2026-08-25T19:26:03.177Z,2026-08-25T21:23:56.829Z,7073,2026-08-25T21:23:56.829Z,B30,KC North,7eb7a049-5d17-4a23-bb2f-3b9c445afd32,SAMMS-KCNv5
202608252121598091,202608251925574474,202608251925573776,85,1711,Bronze INV,br_Appointments,TASK_COMPLETE,SUCCESS,INFO,31770,31770,0,,2026-08-25T19:26:03.177Z,2026-08-25T21:23:56.829Z,7073,2026-08-25T21:23:56.829Z,B31,Dyersburg,7eb7a049-5d17-4a23-bb2f-3b9c445afd32,SAMMS-DyersburgV5
202608252121598092,202608251925574475,202608251925573776,85,1713,Bronze INV,br_Appointments,TASK_COMPLETE,SUCCESS,INFO,53059,53059,0,,2026-08-25T19:26:03.177Z,2026-08-25T21:23:56.829Z,7073,2026-08-25T21:23:56.829Z,B33,Paducah,7eb7a049-5d17-4a23-bb2f-3b9c445afd32,SAMMS-Paducah
202608252121598094,202608251925574476,202608251925573776,85,1714,Bronze INV,br_Appointments,TASK_COMPLETE,SUCCESS,INFO,24011,24011,0,,2026-08-25T19:26:03.177Z,2026-08-25T21:23:56.829Z,7073,2026-08-25T21:23:56.829Z,B34,Corbin,7eb7a049-5d17-4a23-bb2f-3b9c445afd32,SAMMS-CorbinV5
202608252121598095,202608251925574477,202608251925573776,85,1715,Bronze INV,br_Appointments,TASK_COMPLETE,SUCCESS,INFO,44367,44367,0,,2026-08-25T19:26:03.177Z,2026-08-25T21:23:56.829Z,7073,2026-08-25T21:23:56.829Z,B35,Lexington,7eb7a049-5d17-4a23-bb2f-3b9c445afd32,SAMMS-LexingtonV5
202608252121598096,202608251925574478,202608251925573776,85,1716,Bronze INV,br_Appointments,TASK_COMPLETE,SUCCESS,INFO,26562,26562,0,,2026-08-25T19:26:03.177Z,2026-08-25T21:23:56.829Z,7073,2026-08-25T21:23:56.829Z,B35A,Berea,7eb7a049-5d17-4a23-bb2f-3b9c445afd32,SAMMS-BereaV5
202608252121598097,202608251925574479,202608251925573776,85,1717,Bronze INV,br_Appointments,TASK_COMPLETE,SUCCESS,INFO,57465,57465,0,,2026-08-25T19:26:03.177Z,2026-08-25T21:23:56.829Z,7073,2026-08-25T21:23:56.829Z,B36,Asheville,7eb7a049-5d17-4a23-bb2f-3b9c445afd32,SAMMS-AshevilleV5
202608252121598098,202608251925574480,202608251925573776,85,1718,Bronze INV,br_Appointments,TASK_COMPLETE,SUCCESS,INFO,40503,40503,0,,2026-08-25T19:26:03.177Z,2026-08-25T21:23:56.829Z,7073,2026-08-25T21:23:56.829Z,B37,Clyde,7eb7a049-5d17-4a23-bb2f-3b9c445afd32,SAMMS-ClydeV5
202608252121598099,202608251925574481,202608251925573776,85,1719,Bronze INV,br_Appointments,TASK_COMPLETE,SUCCESS,INFO,16158,16158,0,,2026-08-25T19:26:03.177Z,2026-08-25T21:23:56.829Z,7073,2026-08-25T21:23:56.829Z,B38,Spartanburg,7eb7a049-5d17-4a23-bb2f-3b9c445afd32,SAMMS-SpartanburgV5
202608252121598101,202608251925574482,202608251925573776,85,1720,Bronze INV,br_Appointments,TASK_COMPLETE,SUCCESS,INFO,20280,20280,0,,2026-08-25T19:26:03.177Z,2026-08-25T21:23:56.829Z,7073,2026-08-25T21:23:56.829Z,B39,Aiken,7eb7a049-5d17-4a23-bb2f-3b9c445afd32,SAMMS-AikenV5
202608252121598102,202608251925574483,202608251925573776,85,1721,Bronze INV,br_Appointments,TASK_COMPLETE,SUCCESS,INFO,20146,20146,0,,2026-08-25T19:26:03.177Z,2026-08-25T21:23:56.829Z,7073,2026-08-25T21:23:56.829Z,B41,Chesapeake,7eb7a049-5d17-4a23-bb2f-3b9c445afd32,SAMMS-ChesapeakeV5
202608252121598103,202608251925574484,202608251925573776,85,1722,Bronze INV,br_Appointments,TASK_COMPLETE,SUCCESS,INFO,19019,19019,0,,2026-08-25T19:26:03.177Z,2026-08-25T21:23:56.829Z,7073,2026-08-25T21:23:56.829Z,B42,Virginia Beach,7eb7a049-5d17-4a23-bb2f-3b9c445afd32,SAMMS-VirginiaBeachV5
202608252121598104,202608251925574485,202608251925573776,85,1723,Bronze INV,br_Appointments,TASK_COMPLETE,SUCCESS,INFO,15781,15781,0,,2026-08-25T19:26:03.177Z,2026-08-25T21:23:56.829Z,7073,2026-08-25T21:23:56.829Z,B42A,Newport News,7eb7a049-5d17-4a23-bb2f-3b9c445afd32,SAMMS-NewportNewsV5
202608252121598105,202608251925574486,202608251925573776,85,1724,Bronze INV,br_Appointments,TASK_COMPLETE,SUCCESS,INFO,4622,4622,0,,2026-08-25T19:26:03.177Z,2026-08-25T21:23:56.829Z,7073,2026-08-25T21:23:56.829Z,B42B,Franklin,7eb7a049-5d17-4a23-bb2f-3b9c445afd32,SAMMS-FranklinV5
202608252121598106,202608251925574487,202608251925573776,85,1725,Bronze INV,br_Appointments,TASK_COMPLETE,SUCCESS,INFO,10187,10187,0,,2026-08-25T19:26:03.177Z,2026-08-25T21:23:56.829Z,7073,2026-08-25T21:23:56.829Z,B42C,Glen Allen,7eb7a049-5d17-4a23-bb2f-3b9c445afd32,SAMMS-GlenAllenV5
202608252121598107,202608251925574488,202608251925573776,85,1726,Bronze INV,br_Appointments,TASK_COMPLETE,SUCCESS,INFO,18297,18297,0,,2026-08-25T19:26:03.177Z,2026-08-25T21:23:56.829Z,7073,2026-08-25T21:23:56.829Z,B42D,Chesapeake South,7eb7a049-5d17-4a23-bb2f-3b9c445afd32,SAMMS-ChesapeakeSouthV5
202608252121598109,202608251925574489,202608251925573776,85,1727,Bronze INV,br_Appointments,TASK_COMPLETE,SUCCESS,INFO,9756,9756,0,,2026-08-25T19:26:03.177Z,2026-08-25T21:23:56.829Z,7073,2026-08-25T21:23:56.829Z,B44,Albany,7eb7a049-5d17-4a23-bb2f-3b9c445afd32,SAMMS-AlbanyV5
202608252121598110,202608251925574490,202608251925573776,85,1728,Bronze INV,br_Appointments,TASK_COMPLETE,SUCCESS,INFO,12348,12348,0,,2026-08-25T19:26:03.177Z,2026-08-25T21:23:56.829Z,7073,2026-08-25T21:23:56.829Z,B45,Tifton,7eb7a049-5d17-4a23-bb2f-3b9c445afd32,SAMMS-TiftonV5
202608252121598111,202608251925574491,202608251925573776,85,1729,Bronze INV,br_Appointments,TASK_COMPLETE,SUCCESS,INFO,18581,18581,0,,2026-08-25T19:26:03.177Z,2026-08-25T21:23:56.829Z,7073,2026-08-25T21:23:56.829Z,B46,Washington DC,7eb7a049-5d17-4a23-bb2f-3b9c445afd32,SAMMS-WashingtonDCv5
202608252121598112,202608251925574492,202608251925573776,85,1730,Bronze INV,br_Appointments,TASK_COMPLETE,SUCCESS,INFO,14617,14617,0,,2026-08-25T19:26:03.177Z,2026-08-25T21:23:56.829Z,7073,2026-08-25T21:23:56.829Z,B47,Mobile,7eb7a049-5d17-4a23-bb2f-3b9c445afd32,SAMMS-MobileV5
202608252121598113,202608251925574493,202608251925573776,85,1731,Bronze INV,br_Appointments,TASK_COMPLETE,SUCCESS,INFO,18915,18915,0,,2026-08-25T19:26:03.177Z,2026-08-25T21:23:56.829Z,7073,2026-08-25T21:23:56.829Z,B48,Tuscaloosa,7eb7a049-5d17-4a23-bb2f-3b9c445afd32,SAMMS-TuscaloosaV5
202608252121598114,202608251925574494,202608251925573776,85,1740,Bronze INV,br_Appointments,TASK_COMPLETE,SUCCESS,INFO,6680,6680,0,,2026-08-25T19:26:03.177Z,2026-08-25T21:23:56.829Z,7073,2026-08-25T21:23:56.829Z,B51,N. Little Rock (OTP),7eb7a049-5d17-4a23-bb2f-3b9c445afd32,SAMMS-NorthLittleRockV6
202608252121598116,202608251925574495,202608251925573776,85,1741,Bronze INV,br_Appointments,TASK_COMPLETE,SUCCESS,INFO,11411,11411,0,,2026-08-25T19:26:03.177Z,2026-08-25T21:23:56.829Z,7073,2026-08-25T21:23:56.829Z,B52,Jackson GA,7eb7a049-5d17-4a23-bb2f-3b9c445afd32,SAMMS-JacksonGAV5
202608252121598117,202608251925574496,202608251925573776,85,1742,Bronze INV,br_Appointments,TASK_COMPLETE,SUCCESS,INFO,8994,8994,0,,2026-08-25T19:26:03.177Z,2026-08-25T21:23:56.829Z,7073,2026-08-25T21:23:56.829Z,B54,Gadsden,7eb7a049-5d17-4a23-bb2f-3b9c445afd32,SAMMS-GadsdenV5
202608252121598118,202608251925574497,202608251925573776,85,1743,Bronze INV,br_Appointments,TASK_COMPLETE,SUCCESS,INFO,13976,13976,0,,2026-08-25T19:26:03.177Z,2026-08-25T21:23:56.829Z,7073,2026-08-25T21:23:56.829Z,B55,Shoals,7eb7a049-5d17-4a23-bb2f-3b9c445afd32,SAMMS-ShoalsV5
202608252121598119,202608251925574498,202608251925573776,85,1744,Bronze INV,br_Appointments,TASK_COMPLETE,SUCCESS,INFO,15639,15639,0,,2026-08-25T19:26:03.177Z,2026-08-25T21:23:56.829Z,7073,2026-08-25T21:23:56.829Z,B57,Pawtucket,7eb7a049-5d17-4a23-bb2f-3b9c445afd32,SAMMS-Pawtucket
202608252121598120,202608251925574499,202608251925573776,85,1745,Bronze INV,br_Appointments,TASK_COMPLETE,SUCCESS,INFO,11774,11774,0,,2026-08-25T19:26:03.177Z,2026-08-25T21:23:56.829Z,7073,2026-08-25T21:23:56.829Z,B57A,Johnston,7eb7a049-5d17-4a23-bb2f-3b9c445afd32,SAMMS-Johnston
202608252121598122,202608251925574500,202608251925573776,85,1746,Bronze INV,br_Appointments,TASK_COMPLETE,SUCCESS,INFO,4087,4087,0,,2026-08-25T19:26:03.177Z,2026-08-25T21:23:56.829Z,7073,2026-08-25T21:23:56.829Z,B57B,Middletown,7eb7a049-5d17-4a23-bb2f-3b9c445afd32,SAMMS-Middletown
202608252121598123,202608251925574501,202608251925573776,85,1747,Bronze INV,br_Appointments,TASK_COMPLETE,SUCCESS,INFO,11650,11650,0,,2026-08-25T19:26:03.177Z,2026-08-25T21:23:56.829Z,7073,2026-08-25T21:23:56.829Z,B57C,Providence,7eb7a049-5d17-4a23-bb2f-3b9c445afd32,SAMMS-Providence
202608252121598124,202608251925574502,202608251925573776,85,1748,Bronze INV,br_Appointments,TASK_COMPLETE,SUCCESS,INFO,21081,21081,0,,2026-08-25T19:26:03.177Z,2026-08-25T21:23:56.829Z,7073,2026-08-25T21:23:56.829Z,B57D,Westerly,7eb7a049-5d17-4a23-bb2f-3b9c445afd32,SAMMS-Westerly
202608252121598125,202608251925574503,202608251925573776,85,1752,Bronze INV,br_Appointments,TASK_COMPLETE,SUCCESS,INFO,15583,15583,0,,2026-08-25T19:26:03.177Z,2026-08-25T21:23:56.829Z,7073,2026-08-25T21:23:56.829Z,B66A,Bremen,7eb7a049-5d17-4a23-bb2f-3b9c445afd32,SAMMS-Bremen
202608252121598126,202608251925574504,202608251925573776,85,1755,Bronze INV,br_Appointments,TASK_COMPLETE,SUCCESS,INFO,38230,38230,0,,2026-08-25T19:26:03.177Z,2026-08-25T21:23:56.829Z,7073,2026-08-25T21:23:56.829Z,B72,Mobile (OBOT),7eb7a049-5d17-4a23-bb2f-3b9c445afd32,SAMMS-Mobile-OBOT
202608252121598127,202608251925574505,202608251925573776,85,1756,Bronze INV,br_Appointments,TASK_COMPLETE,SUCCESS,INFO,15812,15812,0,,2026-08-25T19:26:03.177Z,2026-08-25T21:23:56.829Z,7073,2026-08-25T21:23:56.829Z,B73,Montgomery,7eb7a049-5d17-4a23-bb2f-3b9c445afd32,SAMMS-Montgomery
202608252121598129,202608251925574506,202608251925573776,85,1757,Bronze INV,br_Appointments,TASK_COMPLETE,SUCCESS,INFO,8786,8786,0,,2026-08-25T19:26:03.177Z,2026-08-25T21:23:56.829Z,7073,2026-08-25T21:23:56.829Z,B75,Lawrence,7eb7a049-5d17-4a23-bb2f-3b9c445afd32,SAMMS-LawrenceV6
202608252121598130,202608251925574507,202608251925573776,85,1758,Bronze INV,br_Appointments,TASK_COMPLETE,SUCCESS,INFO,1759,1759,0,,2026-08-25T19:26:03.177Z,2026-08-25T21:23:56.829Z,7073,2026-08-25T21:23:56.829Z,B76,Huntsville OBOT,7eb7a049-5d17-4a23-bb2f-3b9c445afd32,SAMMS-Huntsville-OBOT
202608252121598131,202608251925574508,202608251925573776,85,1759,Bronze INV,br_Appointments,TASK_COMPLETE,SUCCESS,INFO,12146,12146,0,,2026-08-25T19:26:03.177Z,2026-08-25T21:23:56.829Z,7073,2026-08-25T21:23:56.829Z,BAT,Batesville,7eb7a049-5d17-4a23-bb2f-3b9c445afd32,SAMMS-Batesville
202608252121598132,202608251925574509,202608251925573776,85,1760,Bronze INV,br_Appointments,TASK_COMPLETE,SUCCESS,INFO,11364,11364,0,,2026-08-25T19:26:03.177Z,2026-08-25T21:23:56.829Z,7073,2026-08-25T21:23:56.829Z,BG,Bowling Green,7eb7a049-5d17-4a23-bb2f-3b9c445afd32,SAMMS-BowlingGreen
202608252121598133,202608251925574510,202608251925573776,85,1761,Bronze INV,br_Appointments,TASK_COMPLETE,SUCCESS,INFO,10144,10144,0,,2026-08-25T19:26:03.177Z,2026-08-25T21:23:56.829Z,7073,2026-08-25T21:23:56.829Z,BOI,Boise,7eb7a049-5d17-4a23-bb2f-3b9c445afd32,SAMMS-Boise
202608252121598134,202608251925574511,202608251925573776,85,1768,Bronze INV,br_Appointments,TASK_COMPLETE,SUCCESS,INFO,5454,5454,0,,2026-08-25T19:26:03.177Z,2026-08-25T21:23:56.829Z,7073,2026-08-25T21:23:56.829Z,CBCO,Coeur dAlene,7eb7a049-5d17-4a23-bb2f-3b9c445afd32,SAMMS-CoeurdAleneV6
202608252121598136,202608251925574512,202608251925573776,85,1787,Bronze INV,br_Appointments,TASK_COMPLETE,SUCCESS,INFO,18503,18503,0,,2026-08-25T19:26:03.177Z,2026-08-25T21:23:56.829Z,7073,2026-08-25T21:23:56.829Z,CON,Conway,7eb7a049-5d17-4a23-bb2f-3b9c445afd32,SAMMS-Conway
202608252121598137,202608251925574513,202608251925573776,85,1788,Bronze INV,br_Appointments,TASK_COMPLETE,SUCCESS,INFO,99465,99465,0,,2026-08-25T19:26:03.177Z,2026-08-25T21:23:56.829Z,7073,2026-08-25T21:23:56.829Z,D07,Medical Services Knox TN,7eb7a049-5d17-4a23-bb2f-3b9c445afd32,SAMMS-KnoxvilleV6
202608252121598138,202608251925574514,202608251925573776,85,1789,Bronze INV,br_Appointments,TASK_COMPLETE,SUCCESS,INFO,12837,12837,0,,2026-08-25T19:26:03.177Z,2026-08-25T21:23:56.829Z,7073,2026-08-25T21:23:56.829Z,D08,Madison,7eb7a049-5d17-4a23-bb2f-3b9c445afd32,SAMMS-MadisonV6
202608252121598139,202608251925574515,202608251925573776,85,1791,Bronze INV,br_Appointments,TASK_COMPLETE,SUCCESS,INFO,9923,9923,0,,2026-08-25T19:26:03.177Z,2026-08-25T21:23:56.829Z,7073,2026-08-25T21:23:56.829Z,D09,Murfreesboro,7eb7a049-5d17-4a23-bb2f-3b9c445afd32,SAMMS-MurfreesboroV6
202608252121598140,202608251925574516,202608251925573776,85,1792,Bronze INV,br_Appointments,TASK_COMPLETE,SUCCESS,INFO,27846,27846,0,,2026-08-25T19:26:03.177Z,2026-08-25T21:23:56.829Z,7073,2026-08-25T21:23:56.829Z,DA,Davenport,7eb7a049-5d17-4a23-bb2f-3b9c445afd32,SAMMS-Davenport
202608252121598141,202608251925574517,202608251925573776,85,1793,Bronze INV,br_Appointments,TASK_COMPLETE,SUCCESS,INFO,19476,19476,0,,2026-08-25T19:26:03.177Z,2026-08-25T21:23:56.829Z,7073,2026-08-25T21:23:56.829Z,DM,Des Moines,7eb7a049-5d17-4a23-bb2f-3b9c445afd32,SAMMS-DesMoines
202608252121598142,202608251925574518,202608251925573776,85,1795,Bronze INV,br_Appointments,TASK_COMPLETE,SUCCESS,INFO,16261,16261,0,,2026-08-25T19:26:03.177Z,2026-08-25T21:23:56.829Z,7073,2026-08-25T21:23:56.829Z,DRD-CO,Columbia MO,7eb7a049-5d17-4a23-bb2f-3b9c445afd32,SAMMS-ColumbiaV5
202608252121598144,202608251925574519,202608251925573776,85,1796,Bronze INV,br_Appointments,TASK_COMPLETE,SUCCESS,INFO,16016,16016,0,,2026-08-25T19:26:03.177Z,2026-08-25T21:23:56.829Z,7073,2026-08-25T21:23:56.829Z,DRD-KC,KC,7eb7a049-5d17-4a23-bb2f-3b9c445afd32,SAMMS-KCv5
202608252121598145,202608251925574520,202608251925573776,85,1797,Bronze INV,br_Appointments,TASK_COMPLETE,SUCCESS,INFO,41381,41381,0,,2026-08-25T19:26:03.177Z,2026-08-25T21:23:56.829Z,7073,2026-08-25T21:23:56.829Z,DRD-KVB,KVB,7eb7a049-5d17-4a23-bb2f-3b9c445afd32,SAMMS-KVBv5
202608252121598146,202608251925574521,202608251925573776,85,1798,Bronze INV,br_Appointments,TASK_COMPLETE,SUCCESS,INFO,52254,52254,0,,2026-08-25T19:26:03.177Z,2026-08-25T21:23:56.829Z,7073,2026-08-25T21:23:56.829Z,DRD-KVC,KVC,7eb7a049-5d17-4a23-bb2f-3b9c445afd32,SAMMS-KVCv5
202608252121598147,202608251925574522,202608251925573776,85,1799,Bronze INV,br_Appointments,TASK_COMPLETE,SUCCESS,INFO,50361,50361,0,,2026-08-25T19:26:03.177Z,2026-08-25T21:23:56.829Z,7073,2026-08-25T21:23:56.829Z,DRD-NOLA,NOLA,7eb7a049-5d17-4a23-bb2f-3b9c445afd32,SAMMS-NOLAv5
202608252121598148,202608251925574523,202608251925573776,85,1800,Bronze INV,br_Appointments,TASK_COMPLETE,SUCCESS,INFO,16094,16094,0,,2026-08-25T19:26:03.177Z,2026-08-25T21:23:56.829Z,7073,2026-08-25T21:23:56.829Z,DRD-SF,Springfield,7eb7a049-5d17-4a23-bb2f-3b9c445afd32,SAMMS-SFv5
202608252121598149,202608251925574524,202608251925573776,85,1802,Bronze INV,br_Appointments,TASK_COMPLETE,SUCCESS,INFO,21432,21432,0,,2026-08-25T19:26:03.177Z,2026-08-25T21:23:56.829Z,7073,2026-08-25T21:23:56.829Z,ELC,Elizabeth City,7eb7a049-5d17-4a23-bb2f-3b9c445afd32,SAMMS-ElizabethCity
202608252121598151,202608251925574525,202608251925573776,85,1803,Bronze INV,br_Appointments,TASK_COMPLETE,SUCCESS,INFO,12943,12943,0,,2026-08-25T19:26:03.177Z,2026-08-25T21:23:56.829Z,7073,2026-08-25T21:23:56.829Z,ET,Elizabethtown,7eb7a049-5d17-4a23-bb2f-3b9c445afd32,SAMMS-Elizabethtown
202608252121598152,202608251925574526,202608251925573776,85,1804,Bronze INV,br_Appointments,TASK_COMPLETE,SUCCESS,INFO,17500,17500,0,,2026-08-25T19:26:03.177Z,2026-08-25T21:23:56.829Z,7073,2026-08-25T21:23:56.829Z,FAY,Fayetteville,7eb7a049-5d17-4a23-bb2f-3b9c445afd32,SAMMS-Fayetteville
202608252121598153,202608251925574527,202608251925573776,85,1805,Bronze INV,br_Appointments,TASK_COMPLETE,SUCCESS,INFO,2714,2714,0,,2026-08-25T19:26:03.177Z,2026-08-25T21:23:56.829Z,7073,2026-08-25T21:23:56.829Z,FR,Frankfort,7eb7a049-5d17-4a23-bb2f-3b9c445afd32,SAMMS-Frankfort
202608252121598154,202608251925574528,202608251925573776,85,1806,Bronze INV,br_Appointments,TASK_COMPLETE,SUCCESS,INFO,14042,14042,0,,2026-08-25T19:26:03.177Z,2026-08-25T21:23:56.829Z,7073,2026-08-25T21:23:56.829Z,FS,Fort Smith,7eb7a049-5d17-4a23-bb2f-3b9c445afd32,SAMMS-FortSmith
202608252121598155,202608251925574529,202608251925573776,85,1807,Bronze INV,br_Appointments,TASK_COMPLETE,SUCCESS,INFO,25285,25285,0,,2026-08-25T19:26:03.177Z,2026-08-25T21:23:56.829Z,7073,2026-08-25T21:23:56.829Z,FW,Fort Wayne,7eb7a049-5d17-4a23-bb2f-3b9c445afd32,SAMMS-FortWayne
202608252121598156,202608251925574530,202608251925573776,85,1808,Bronze INV,br_Appointments,TASK_COMPLETE,SUCCESS,INFO,24117,24117,0,,2026-08-25T19:26:03.177Z,2026-08-25T21:23:56.829Z,7073,2026-08-25T21:23:56.829Z,GAL,Gaylord,7eb7a049-5d17-4a23-bb2f-3b9c445afd32,SAMMS-Gaylord
202608252121598158,202608251925574531,202608251925573776,85,1812,Bronze INV,br_Appointments,TASK_COMPLETE,SUCCESS,INFO,49508,49508,0,,2026-08-25T19:26:03.177Z,2026-08-25T21:23:56.829Z,7073,2026-08-25T21:23:56.829Z,HGT,Hagerstown,7eb7a049-5d17-4a23-bb2f-3b9c445afd32,SAMMS-Hagerstown
202608252121598159,202608251925574532,202608251925573776,85,1813,Bronze INV,br_Appointments,TASK_COMPLETE,SUCCESS,INFO,16757,16757,0,,2026-08-25T19:26:03.177Z,2026-08-25T21:23:56.829Z,7073,2026-08-25T21:23:56.829Z,HNT,Huntsville,7eb7a049-5d17-4a23-bb2f-3b9c445afd32,SAMMS-Huntsville
202608252121598160,202608251925574533,202608251925573776,85,1814,Bronze INV,br_Appointments,TASK_COMPLETE,SUCCESS,INFO,17388,17388,0,,2026-08-25T19:26:03.177Z,2026-08-25T21:23:56.829Z,7073,2026-08-25T21:23:56.829Z,HS,Hot Springs,7eb7a049-5d17-4a23-bb2f-3b9c445afd32,SAMMS-HotSprings
202608252121598161,202608251925574534,202608251925573776,85,1815,Bronze INV,br_Appointments,TASK_COMPLETE,SUCCESS,INFO,10309,10309,0,,2026-08-25T19:26:03.177Z,2026-08-25T21:23:56.829Z,7073,2026-08-25T21:23:56.829Z,JON,Jonesboro,7eb7a049-5d17-4a23-bb2f-3b9c445afd32,SAMMS-Jonesboro
202608252121598162,202608251925574535,202608251925573776,85,1817,Bronze INV,br_Appointments,TASK_COMPLETE,SUCCESS,INFO,23423,23423,0,,2026-08-25T19:26:03.177Z,2026-08-25T21:23:56.829Z,7073,2026-08-25T21:23:56.829Z,LAN,Lansing,7eb7a049-5d17-4a23-bb2f-3b9c445afd32,SAMMS-Lansing
202608252121598163,202608251925574536,202608251925573776,85,1818,Bronze INV,br_Appointments,TASK_COMPLETE,SUCCESS,INFO,19188,19188,0,,2026-08-25T19:26:03.177Z,2026-08-25T21:23:56.829Z,7073,2026-08-25T21:23:56.829Z,LO,Louisville,7eb7a049-5d17-4a23-bb2f-3b9c445afd32,SAMMS-Louisville
202608252121598165,202608251925574537,202608251925573776,85,1819,Bronze INV,br_Appointments,TASK_COMPLETE,SUCCESS,INFO,13496,13496,0,,2026-08-25T19:26:03.177Z,2026-08-25T21:23:56.829Z,7073,2026-08-25T21:23:56.829Z,LV1,Cheyenne,7eb7a049-5d17-4a23-bb2f-3b9c445afd32,SAMMS-Cheyenne
202608252121598166,202608251925574538,202608251925573776,85,1820,Bronze INV,br_Appointments,TASK_COMPLETE,SUCCESS,INFO,13444,13444,0,,2026-08-25T19:26:03.177Z,2026-08-25T21:23:56.829Z,7073,2026-08-25T21:23:56.829Z,LV2,Desert Inn,7eb7a049-5d17-4a23-bb2f-3b9c445afd32,SAMMS-DesertInn
202608252121598167,202608251925574539,202608251925573776,85,1821,Bronze INV,br_Appointments,TASK_COMPLETE,SUCCESS,INFO,3266,3266,0,,2026-08-25T19:26:03.177Z,2026-08-25T21:23:56.829Z,7073,2026-08-25T21:23:56.829Z,LV3,McDaniel,7eb7a049-5d17-4a23-bb2f-3b9c445afd32,SAMMS-McDaniel
202608252121598168,202608251925574540,202608251925573776,85,1824,Bronze INV,br_Appointments,TASK_COMPLETE,SUCCESS,INFO,8049,8049,0,,2026-08-25T19:26:03.177Z,2026-08-25T21:23:56.829Z,7073,2026-08-25T21:23:56.829Z,MNRE,Monroe,7eb7a049-5d17-4a23-bb2f-3b9c445afd32,SAMMS-Monroe
202608252121598169,202608251925574541,202608251925573776,85,1825,Bronze INV,br_Appointments,TASK_COMPLETE,SUCCESS,INFO,29302,29302,0,,2026-08-25T19:26:03.177Z,2026-08-25T21:23:56.829Z,7073,2026-08-25T21:23:56.829Z,MP,Mt. Pleasant,7eb7a049-5d17-4a23-bb2f-3b9c445afd32,SAMMS-MtPleasant
202608252121598170,202608251925574542,202608251925573776,85,1826,Bronze INV,br_Appointments,TASK_COMPLETE,SUCCESS,INFO,11566,11566,0,,2026-08-25T19:26:03.177Z,2026-08-25T21:23:56.829Z,7073,2026-08-25T21:23:56.829Z,MRD,Meridian,7eb7a049-5d17-4a23-bb2f-3b9c445afd32,SAMMS-Meridian
202608252121598172,202608251925574543,202608251925573776,85,1831,Bronze INV,br_Appointments,TASK_COMPLETE,SUCCESS,INFO,15748,15748,0,,2026-08-25T19:26:03.177Z,2026-08-25T21:23:56.829Z,7073,2026-08-25T21:23:56.829Z,NC,North Charleston,7eb7a049-5d17-4a23-bb2f-3b9c445afd32,SAMMS-NorthCharleston
202608252121598173,202608251925574544,202608251925573776,85,1832,Bronze INV,br_Appointments,TASK_COMPLETE,SUCCESS,INFO,26852,26852,0,,2026-08-25T19:26:03.177Z,2026-08-25T21:23:56.829Z,7073,2026-08-25T21:23:56.829Z,NLR,N. Little Rock,7eb7a049-5d17-4a23-bb2f-3b9c445afd32,SAMMS-NLROBOT
202608252121598174,202608251925574545,202608251925573776,85,1833,Bronze INV,br_Appointments,TASK_COMPLETE,SUCCESS,INFO,3399,3399,0,,2026-08-25T19:26:03.177Z,2026-08-25T21:23:56.829Z,7073,2026-08-25T21:23:56.829Z,PH,Phoenix,7eb7a049-5d17-4a23-bb2f-3b9c445afd32,SAMMS-Phoenix
202608252121598175,202608251925574546,202608251925573776,85,1837,Bronze INV,br_Appointments,TASK_COMPLETE,SUCCESS,INFO,19524,19524,0,,2026-08-25T19:26:03.177Z,2026-08-25T21:23:56.829Z,7073,2026-08-25T21:23:56.829Z,RE,Reno,7eb7a049-5d17-4a23-bb2f-3b9c445afd32,SAMMS-Reno
202608252121598176,202608251925574547,202608251925573776,85,1838,Bronze INV,br_Appointments,TASK_COMPLETE,SUCCESS,INFO,12095,12095,0,,2026-08-25T19:26:03.177Z,2026-08-25T21:23:56.829Z,7073,2026-08-25T21:23:56.829Z,RMD,Richmond,7eb7a049-5d17-4a23-bb2f-3b9c445afd32,SAMMS-Richmond
202608252121598177,202608251925574548,202608251925573776,85,1839,Bronze INV,br_Appointments,TASK_COMPLETE,SUCCESS,INFO,13181,13181,0,,2026-08-25T19:26:03.177Z,2026-08-25T21:23:56.829Z,7073,2026-08-25T21:23:56.829Z,SFN,Springfield North,7eb7a049-5d17-4a23-bb2f-3b9c445afd32,SAMMS-SFNv5
202608252121598179,202608251925574549,202608251925573776,85,1840,Bronze INV,br_Appointments,TASK_COMPLETE,SUCCESS,INFO,12838,12838,0,,2026-08-25T19:26:03.177Z,2026-08-25T21:23:56.829Z,7073,2026-08-25T21:23:56.829Z,SHP,Shreveport,7eb7a049-5d17-4a23-bb2f-3b9c445afd32,SAMMS-Shreveport
202608252121598180,202608251925574550,202608251925573776,85,1842,Bronze INV,br_Appointments,TASK_COMPLETE,SUCCESS,INFO,14133,14133,0,,2026-08-25T19:26:03.177Z,2026-08-25T21:23:56.829Z,7073,2026-08-25T21:23:56.829Z,STN,Staunton,7eb7a049-5d17-4a23-bb2f-3b9c445afd32,SAMMS-Staunton
202608252121598181,202608251925574551,202608251925573776,85,1843,Bronze INV,br_Appointments,TASK_COMPLETE,SUCCESS,INFO,1854,1854,0,,2026-08-25T19:26:03.177Z,2026-08-25T21:23:56.829Z,7073,2026-08-25T21:23:56.829Z,STVN,Stevenson,7eb7a049-5d17-4a23-bb2f-3b9c445afd32,SAMMS-Stevenson
202608252121598182,202608251925574552,202608251925573776,85,1845,Bronze INV,br_Appointments,TASK_COMPLETE,SUCCESS,INFO,5535,5535,0,,2026-08-25T19:26:03.177Z,2026-08-25T21:23:56.829Z,7073,2026-08-25T21:23:56.829Z,TE,Tempe,7eb7a049-5d17-4a23-bb2f-3b9c445afd32,SAMMS-Tempe
202608252121598183,202608251925574553,202608251925573776,85,1846,Bronze INV,br_Appointments,TASK_COMPLETE,SUCCESS,INFO,15243,15243,0,,2026-08-25T19:26:03.177Z,2026-08-25T21:23:56.829Z,7073,2026-08-25T21:23:56.829Z,TEX,Texarkana,7eb7a049-5d17-4a23-bb2f-3b9c445afd32,SAMMS-Texarkana
202608252121598184,202608251925574554,202608251925573776,85,1847,Bronze INV,br_Appointments,TASK_COMPLETE,SUCCESS,INFO,7692,7692,0,,2026-08-25T19:26:03.177Z,2026-08-25T21:23:56.829Z,7073,2026-08-25T21:23:56.829Z,TTCA,Bessemer,7eb7a049-5d17-4a23-bb2f-3b9c445afd32,SAMMS-BessemerV5
202608252121598185,202608251925574555,202608251925573776,85,1848,Bronze INV,br_Appointments,TASK_COMPLETE,SUCCESS,INFO,22893,22893,0,,2026-08-25T19:26:03.177Z,2026-08-25T21:23:56.829Z,7073,2026-08-25T21:23:56.829Z,TTCB,Cullman,7eb7a049-5d17-4a23-bb2f-3b9c445afd32,SAMMS-CullmanV5
202608252121598187,202608251925574556,202608251925573776,85,1849,Bronze INV,br_Appointments,TASK_COMPLETE,SUCCESS,INFO,12461,12461,0,,2026-08-25T19:26:03.177Z,2026-08-25T21:23:56.829Z,7073,2026-08-25T21:23:56.829Z,TTCC,Grand Bay,7eb7a049-5d17-4a23-bb2f-3b9c445afd32,SAMMS-GrandBay
202608252121598188,202608251925574557,202608251925573776,85,1850,Bronze INV,br_Appointments,TASK_COMPLETE,SUCCESS,INFO,1300,1300,0,,2026-08-25T19:26:03.177Z,2026-08-25T21:23:56.829Z,7073,2026-08-25T21:23:56.829Z,TU,Tucson,7eb7a049-5d17-4a23-bb2f-3b9c445afd32,SAMMS-Tucson
202608252121598189,202608251925574558,202608251925573776,85,1852,Bronze INV,br_Appointments,TASK_COMPLETE,SUCCESS,INFO,8448,8448,0,,2026-08-25T19:26:03.177Z,2026-08-25T21:23:56.829Z,7073,2026-08-25T21:23:56.829Z,V1,Memphis South,7eb7a049-5d17-4a23-bb2f-3b9c445afd32,SAMMS-VCPHCS-I-MemphisV5
202608252121598190,202608251925574559,202608251925573776,85,1853,Bronze INV,br_Appointments,TASK_COMPLETE,SUCCESS,INFO,17974,17974,0,,2026-08-25T19:26:03.177Z,2026-08-25T21:23:56.829Z,7073,2026-08-25T21:23:56.829Z,V10,Longmont,7eb7a049-5d17-4a23-bb2f-3b9c445afd32,SAMMS-BoulderV5
202608252121598191,202608251925574560,202608251925573776,85,1854,Bronze INV,br_Appointments,TASK_COMPLETE,SUCCESS,INFO,43287,43287,0,,2026-08-25T19:26:03.177Z,2026-08-25T21:23:56.829Z,7073,2026-08-25T21:23:56.829Z,V10A,Fort Collins,7eb7a049-5d17-4a23-bb2f-3b9c445afd32,SAMMS-FortCollinsV5
202608252121598192,202608251925574561,202608251925573776,85,1855,Bronze INV,br_Appointments,TASK_COMPLETE,SUCCESS,INFO,47148,47148,0,,2026-08-25T19:26:03.177Z,2026-08-25T21:23:56.829Z,7073,2026-08-25T21:23:56.829Z,V11,Westminster,7eb7a049-5d17-4a23-bb2f-3b9c445afd32,SAMMS-VCPHCS-XI-NorthDenverV5
202608252121598194,202608251925574562,202608251925573776,85,1856,Bronze INV,br_Appointments,TASK_COMPLETE,SUCCESS,INFO,44798,44798,0,,2026-08-25T19:26:03.177Z,2026-08-25T21:23:56.829Z,7073,2026-08-25T21:23:56.829Z,V12,Downtown Denver,7eb7a049-5d17-4a23-bb2f-3b9c445afd32,SAMMS-VCPHCS-XII-DowntownDenverV5
202608252121598195,202608251925574563,202608251925573776,85,1857,Bronze INV,br_Appointments,TASK_COMPLETE,SUCCESS,INFO,18830,18830,0,,2026-08-25T19:26:03.177Z,2026-08-25T21:23:56.829Z,7073,2026-08-25T21:23:56.829Z,V12A,Centennial,7eb7a049-5d17-4a23-bb2f-3b9c445afd32,SAMMS-CentennialV5
202608252121598196,202608251925574564,202608251925573776,85,1858,Bronze INV,br_Appointments,TASK_COMPLETE,SUCCESS,INFO,9675,9675,0,,2026-08-25T19:26:03.177Z,2026-08-25T21:23:56.829Z,7073,2026-08-25T21:23:56.829Z,V14,Overland Park,7eb7a049-5d17-4a23-bb2f-3b9c445afd32,SAMMS-VCPHCS-XIV-BridgewayV5
202608252121598197,202608251925574565,202608251925573776,85,1859,Bronze INV,br_Appointments,TASK_COMPLETE,SUCCESS,INFO,5419,5419,0,,2026-08-25T19:26:03.177Z,2026-08-25T21:23:56.829Z,7073,2026-08-25T21:23:56.829Z,V15,Joplin,7eb7a049-5d17-4a23-bb2f-3b9c445afd32,SAMMS-JoplinV5
202608252121598198,202608251925574566,202608251925573776,85,1861,Bronze INV,br_Appointments,TASK_COMPLETE,SUCCESS,INFO,8967,8967,0,,2026-08-25T19:26:03.177Z,2026-08-25T21:23:56.829Z,7073,2026-08-25T21:23:56.829Z,V17,Columbia TN,7eb7a049-5d17-4a23-bb2f-3b9c445afd32,SAMMS-ColumbiaTNv5
202608252121598199,202608251925574567,202608251925573776,85,1863,Bronze INV,br_Appointments,TASK_COMPLETE,SUCCESS,INFO,31049,31049,0,,2026-08-25T19:26:03.177Z,2026-08-25T21:23:56.829Z,7073,2026-08-25T21:23:56.829Z,V19,Jackson,7eb7a049-5d17-4a23-bb2f-3b9c445afd32,SAMMS-JacksonV5
202608252121598201,202608251925574568,202608251925573776,85,1865,Bronze INV,br_Appointments,TASK_COMPLETE,SUCCESS,INFO,30537,30537,0,,2026-08-25T19:26:03.177Z,2026-08-25T21:23:56.829Z,7073,2026-08-25T21:23:56.829Z,V20,Paris,7eb7a049-5d17-4a23-bb2f-3b9c445afd32,SAMMS-ParisV5
202608252121598202,202608251925574569,202608251925573776,85,1866,Bronze INV,br_Appointments,TASK_COMPLETE,SUCCESS,INFO,38361,38361,0,,2026-08-25T19:26:03.177Z,2026-08-25T21:23:56.829Z,7073,2026-08-25T21:23:56.829Z,V21,Memphis North,7eb7a049-5d17-4a23-bb2f-3b9c445afd32,SAMMS-RaleighV5
202608252121598203,202608251925574570,202608251925573776,85,1869,Bronze INV,br_Appointments,TASK_COMPLETE,SUCCESS,INFO,25053,25053,0,,2026-08-25T19:26:03.177Z,2026-08-25T21:23:56.829Z,7073,2026-08-25T21:23:56.829Z,V5,West Bank,7eb7a049-5d17-4a23-bb2f-3b9c445afd32,SAMMS-NONTCv5
202608221159322586,202608221159322585,20260822115917,104,6813,Silver Active Directory AADUsers,sl_activedirectory_aadusers,TASK_FAILED,FAILED,ERROR,2089,0,2089,"An error occurred while calling o417.sql. : io.delta.exceptions.ConcurrentAppendException: [DELTA_CONCURRENT_APPEND] ConcurrentAppendException: Files were added to the root of the table by a concurrent update. Please try the operation again. Conflicting commit: {\"timestamp\":1787399996131,\"operation\":\"MERGE\",\"operationParameters\":{\"predicate\":[\"(TaskId#108130L = TaskId#108084L)\"],\"matchedPredicates\":[{\"actionType\":\"update\"}],\"notMatchedPredicates\":[{\"actionType\":\"insert\"}],\"notMatchedBySourcePredicates\":[]},\"readVersion\":21823,\"isolationLevel\":\"Serializable\",\"isBlindAppend\":false,\"operationMetrics\":{\"numTargetRowsCopied\":\"3\",\"numTargetRowsDeleted\":\"0\",\"numTargetFilesAdded\":\"2\",\"numTargetBytesAdded\":\"26787\",\"numTargetBytesRemoved\":\"12828\",\"numTargetDeletionVectorsAdded\":\"0\",\"numTargetRowsMatchedUpdated\":\"1\",\"executionTimeMs\":\"14181\",\"numTargetRowsInserted\":\"0\",\"numTargetRowsMatchedDeleted\":\"0\",\"numTargetDeletionVectorsUpdated\":\"0\",\"scanTimeMs\":\"12059\",\"numTargetRowsUpdated\":\"1\",\"numOutpu",2026-08-22T11:59:32.258Z,2026-08-22T12:00:01.347Z,29,2026-08-22T12:00:01.347Z,,,5b101a56-28ce-45b2-9c69-c19cf110b723,
202608252121597062,202608251925575382,202608251925573776,85,592,Bronze INV,br_AdmissionAssessmentDimensionFiveSubstanceUse,TASK_COMPLETE,SUCCESS,INFO,1057,1057,0,,2026-08-25T19:26:03.177Z,2026-08-25T21:23:56.829Z,7073,2026-08-25T21:23:56.829Z,VWBY,Woodbury,7eb7a049-5d17-4a23-bb2f-3b9c445afd32,SAMMS-WoodburyV6
202608252121597063,202608251925575383,202608251925573776,85,594,Bronze INV,br_AdmissionAssessmentDimensionFiveSubstanceUse,TASK_COMPLETE,SUCCESS,INFO,428,428,0,,2026-08-25T19:26:03.177Z,2026-08-25T21:23:56.829Z,7073,2026-08-25T21:23:56.829Z,WIL,Wilson,7eb7a049-5d17-4a23-bb2f-3b9c445afd32,SAMMS-Wilson
202608252121597165,202608251925673782,202608251925673776,86,5725,Silver INV,sl_AdmissionAssessmentDimensionFiveSubstanceUse,TASK_COMPLETE,SUCCESS,INFO,50712,50712,0,,2026-08-25T19:26:03.177Z,2026-08-25T21:23:56.829Z,7073,2026-08-25T21:23:56.829Z,,,7eb7a049-5d17-4a23-bb2f-3b9c445afd32,
202608252121597095,202608251925575154,202608251925573776,85,598,Bronze INV,br_AdmissionAssessmentDimensionFour,TASK_COMPLETE,SUCCESS,INFO,98,98,0,,2026-08-25T19:26:03.177Z,2026-08-25T21:23:56.829Z,7073,2026-08-25T21:23:56.829Z,AHK,Ahoskie,7eb7a049-5d17-4a23-bb2f-3b9c445afd32,SAMMS-Ahoskie
202608252121597096,202608251925575155,202608251925573776,85,599,Bronze INV,br_AdmissionAssessmentDimensionFour,TASK_COMPLETE,SUCCESS,INFO,786,786,0,,2026-08-25T19:26:03.177Z,2026-08-25T21:23:56.829Z,7073,2026-08-25T21:23:56.829Z,B12B,Colorado Springs,7eb7a049-5d17-4a23-bb2f-3b9c445afd32,SAMMS-ColoradoSpringsV5
202608252121597097,202608251925575156,202608251925573776,85,600,Bronze INV,br_AdmissionAssessmentDimensionFour,TASK_COMPLETE,SUCCESS,INFO,411,411,0,,2026-08-25T19:26:03.177Z,2026-08-25T21:23:56.829Z,7073,2026-08-25T21:23:56.829Z,B24,Paintsville,7eb7a049-5d17-4a23-bb2f-3b9c445afd32,SAMMS-PaintsvilleV5
202608252121597098,202608251925575157,202608251925573776,85,601,Bronze INV,br_AdmissionAssessmentDimensionFour,TASK_COMPLETE,SUCCESS,INFO,171,171,0,,2026-08-25T19:26:03.177Z,2026-08-25T21:23:56.829Z,7073,2026-08-25T21:23:56.829Z,B25,Pikeville,7eb7a049-5d17-4a23-bb2f-3b9c445afd32,SAMMS-PikevilleV5
202608252121597099,202608251925575158,202608251925573776,85,602,Bronze INV,br_AdmissionAssessmentDimensionFour,TASK_COMPLETE,SUCCESS,INFO,492,492,0,,2026-08-25T19:26:03.177Z,2026-08-25T21:23:56.829Z,7073,2026-08-25T21:23:56.829Z,B26,Hazard,7eb7a049-5d17-4a23-bb2f-3b9c445afd32,SAMMS-HazardV5
202608252121597101,202608251925575159,202608251925573776,85,603,Bronze INV,br_AdmissionAssessmentDimensionFour,TASK_COMPLETE,SUCCESS,INFO,188,188,0,,2026-08-25T19:26:03.177Z,2026-08-25T21:23:56.829Z,7073,2026-08-25T21:23:56.829Z,B27,Savannah,7eb7a049-5d17-4a23-bb2f-3b9c445afd32,SAMMS-SavannahV6
202608252121597102,202608251925575160,202608251925573776,85,604,Bronze INV,br_AdmissionAssessmentDimensionFour,TASK_COMPLETE,SUCCESS,INFO,234,234,0,,2026-08-25T19:26:03.177Z,2026-08-25T21:23:56.829Z,7073,2026-08-25T21:23:56.829Z,B28,West Plains,7eb7a049-5d17-4a23-bb2f-3b9c445afd32,SAMMS-WestPlainesV5
202608252121597103,202608251925575161,202608251925573776,85,605,Bronze INV,br_AdmissionAssessmentDimensionFour,TASK_COMPLETE,SUCCESS,INFO,260,260,0,,2026-08-25T19:26:03.177Z,2026-08-25T21:23:56.829Z,7073,2026-08-25T21:23:56.829Z,B29,Poplar Bluff,7eb7a049-5d17-4a23-bb2f-3b9c445afd32,SAMMS-PoplarBluffV5
202608252121597104,202608251925575162,202608251925573776,85,606,Bronze INV,br_AdmissionAssessmentDimensionFour,TASK_COMPLETE,SUCCESS,INFO,140,140,0,,2026-08-25T19:26:03.177Z,2026-08-25T21:23:56.829Z,7073,2026-08-25T21:23:56.829Z,B30,KC North,7eb7a049-5d17-4a23-bb2f-3b9c445afd32,SAMMS-KCNv5
202608252121597105,202608251925575163,202608251925573776,85,607,Bronze INV,br_AdmissionAssessmentDimensionFour,TASK_COMPLETE,SUCCESS,INFO,335,335,0,,2026-08-25T19:26:03.177Z,2026-08-25T21:23:56.829Z,7073,2026-08-25T21:23:56.829Z,B31,Dyersburg,7eb7a049-5d17-4a23-bb2f-3b9c445afd32,SAMMS-DyersburgV5
202608252121597106,202608251925575164,202608251925573776,85,609,Bronze INV,br_AdmissionAssessmentDimensionFour,TASK_COMPLETE,SUCCESS,INFO,212,212,0,,2026-08-25T19:26:03.177Z,2026-08-25T21:23:56.829Z,7073,2026-08-25T21:23:56.829Z,B33,Paducah,7eb7a049-5d17-4a23-bb2f-3b9c445afd32,SAMMS-Paducah
202608252121597108,202608251925575165,202608251925573776,85,610,Bronze INV,br_AdmissionAssessmentDimensionFour,TASK_COMPLETE,SUCCESS,INFO,448,448,0,,2026-08-25T19:26:03.177Z,2026-08-25T21:23:56.829Z,7073,2026-08-25T21:23:56.829Z,B34,Corbin,7eb7a049-5d17-4a23-bb2f-3b9c445afd32,SAMMS-CorbinV5
202608252121597109,202608251925575166,202608251925573776,85,611,Bronze INV,br_AdmissionAssessmentDimensionFour,TASK_COMPLETE,SUCCESS,INFO,715,715,0,,2026-08-25T19:26:03.177Z,2026-08-25T21:23:56.829Z,7073,2026-08-25T21:23:56.829Z,B35,Lexington,7eb7a049-5d17-4a23-bb2f-3b9c445afd32,SAMMS-LexingtonV5
202608252121597110,202608251925575167,202608251925573776,85,612,Bronze INV,br_AdmissionAssessmentDimensionFour,TASK_COMPLETE,SUCCESS,INFO,345,345,0,,2026-08-25T19:26:03.177Z,2026-08-25T21:23:56.829Z,7073,2026-08-25T21:23:56.829Z,B35A,Berea,7eb7a049-5d17-4a23-bb2f-3b9c445afd32,SAMMS-BereaV5
202608252121597111,202608251925575168,202608251925573776,85,613,Bronze INV,br_AdmissionAssessmentDimensionFour,TASK_COMPLETE,SUCCESS,INFO,602,602,0,,2026-08-25T19:26:03.177Z,2026-08-25T21:23:56.829Z,7073,2026-08-25T21:23:56.829Z,B36,Asheville,7eb7a049-5d17-4a23-bb2f-3b9c445afd32,SAMMS-AshevilleV5
202608252121597112,202608251925575169,202608251925573776,85,614,Bronze INV,br_AdmissionAssessmentDimensionFour,TASK_COMPLETE,SUCCESS,INFO,449,449,0,,2026-08-25T19:26:03.177Z,2026-08-25T21:23:56.829Z,7073,2026-08-25T21:23:56.829Z,B37,Clyde,7eb7a049-5d17-4a23-bb2f-3b9c445afd32,SAMMS-ClydeV5
202608252121597113,202608251925575170,202608251925573776,85,615,Bronze INV,br_AdmissionAssessmentDimensionFour,TASK_COMPLETE,SUCCESS,INFO,632,632,0,,2026-08-25T19:26:03.177Z,2026-08-25T21:23:56.829Z,7073,2026-08-25T21:23:56.829Z,B38,Spartanburg,7eb7a049-5d17-4a23-bb2f-3b9c445afd32,SAMMS-SpartanburgV5
202608252121597115,202608251925575171,202608251925573776,85,616,Bronze INV,br_AdmissionAssessmentDimensionFour,TASK_COMPLETE,SUCCESS,INFO,477,477,0,,2026-08-25T19:26:03.177Z,2026-08-25T21:23:56.829Z,7073,2026-08-25T21:23:56.829Z,B39,Aiken,7eb7a049-5d17-4a23-bb2f-3b9c445afd32,SAMMS-AikenV5
202608252121597116,202608251925575172,202608251925573776,85,617,Bronze INV,br_AdmissionAssessmentDimensionFour,TASK_COMPLETE,SUCCESS,INFO,290,290,0,,2026-08-25T19:26:03.177Z,2026-08-25T21:23:56.829Z,7073,2026-08-25T21:23:56.829Z,B41,Chesapeake,7eb7a049-5d17-4a23-bb2f-3b9c445afd32,SAMMS-ChesapeakeV5
202608252121597117,202608251925575173,202608251925573776,85,618,Bronze INV,br_AdmissionAssessmentDimensionFour,TASK_COMPLETE,SUCCESS,INFO,534,534,0,,2026-08-25T19:26:03.177Z,2026-08-25T21:23:56.829Z,7073,2026-08-25T21:23:56.829Z,B42,Virginia Beach,7eb7a049-5d17-4a23-bb2f-3b9c445afd32,SAMMS-VirginiaBeachV5
202608252121597118,202608251925575174,202608251925573776,85,619,Bronze INV,br_AdmissionAssessmentDimensionFour,TASK_COMPLETE,SUCCESS,INFO,165,165,0,,2026-08-25T19:26:03.177Z,2026-08-25T21:23:56.829Z,7073,2026-08-25T21:23:56.829Z,B42A,Newport News,7eb7a049-5d17-4a23-bb2f-3b9c445afd32,SAMMS-NewportNewsV5
202608252121597119,202608251925575175,202608251925573776,85,620,Bronze INV,br_AdmissionAssessmentDimensionFour,TASK_COMPLETE,SUCCESS,INFO,56,56,0,,2026-08-25T19:26:03.177Z,2026-08-25T21:23:56.829Z,7073,2026-08-25T21:23:56.829Z,B42B,Franklin,7eb7a049-5d17-4a23-bb2f-3b9c445afd32,SAMMS-FranklinV5
202608252121597120,202608251925575176,202608251925573776,85,621,Bronze INV,br_AdmissionAssessmentDimensionFour,TASK_COMPLETE,SUCCESS,INFO,334,334,0,,2026-08-25T19:26:03.177Z,2026-08-25T21:23:56.829Z,7073,2026-08-25T21:23:56.829Z,B42C,Glen Allen,7eb7a049-5d17-4a23-bb2f-3b9c445afd32,SAMMS-GlenAllenV5
202608252121597122,202608251925575177,202608251925573776,85,622,Bronze INV,br_AdmissionAssessmentDimensionFour,TASK_COMPLETE,SUCCESS,INFO,169,169,0,,2026-08-25T19:26:03.177Z,2026-08-25T21:23:56.829Z,7073,2026-08-25T21:23:56.829Z,B42D,Chesapeake South,7eb7a049-5d17-4a23-bb2f-3b9c445afd32,SAMMS-ChesapeakeSouthV5
202608252121597123,202608251925575178,202608251925573776,85,623,Bronze INV,br_AdmissionAssessmentDimensionFour,TASK_COMPLETE,SUCCESS,INFO,206,206,0,,2026-08-25T19:26:03.177Z,2026-08-25T21:23:56.829Z,7073,2026-08-25T21:23:56.829Z,B44,Albany,7eb7a049-5d17-4a23-bb2f-3b9c445afd32,SAMMS-AlbanyV5
202608252121597124,202608251925575179,202608251925573776,85,624,Bronze INV,br_AdmissionAssessmentDimensionFour,TASK_COMPLETE,SUCCESS,INFO,306,306,0,,2026-08-25T19:26:03.177Z,2026-08-25T21:23:56.829Z,7073,2026-08-25T21:23:56.829Z,B45,Tifton,7eb7a049-5d17-4a23-bb2f-3b9c445afd32,SAMMS-TiftonV5
202608252121597125,202608251925575180,202608251925573776,85,625,Bronze INV,br_AdmissionAssessmentDimensionFour,TASK_COMPLETE,SUCCESS,INFO,659,659,0,,2026-08-25T19:26:03.177Z,2026-08-25T21:23:56.829Z,7073,2026-08-25T21:23:56.829Z,B46,Washington DC,7eb7a049-5d17-4a23-bb2f-3b9c445afd32,SAMMS-WashingtonDCv5
202608252121597126,202608251925575181,202608251925573776,85,626,Bronze INV,br_AdmissionAssessmentDimensionFour,TASK_COMPLETE,SUCCESS,INFO,348,348,0,,2026-08-25T19:26:03.177Z,2026-08-25T21:23:56.829Z,7073,2026-08-25T21:23:56.829Z,B47,Mobile,7eb7a049-5d17-4a23-bb2f-3b9c445afd32,SAMMS-MobileV5
202608252121597127,202608251925575182,202608251925573776,85,627,Bronze INV,br_AdmissionAssessmentDimensionFour,TASK_COMPLETE,SUCCESS,INFO,449,449,0,,2026-08-25T19:26:03.177Z,2026-08-25T21:23:56.829Z,7073,2026-08-25T21:23:56.829Z,B48,Tuscaloosa,7eb7a049-5d17-4a23-bb2f-3b9c445afd32,SAMMS-TuscaloosaV5
202608252121597128,202608251925575183,202608251925573776,85,636,Bronze INV,br_AdmissionAssessmentDimensionFour,TASK_COMPLETE,SUCCESS,INFO,309,309,0,,2026-08-25T19:26:03.177Z,2026-08-25T21:23:56.829Z,7073,2026-08-25T21:23:56.829Z,B51,N. Little Rock (OTP),7eb7a049-5d17-4a23-bb2f-3b9c445afd32,SAMMS-NorthLittleRockV6
202608252121597130,202608251925575184,202608251925573776,85,637,Bronze INV,br_AdmissionAssessmentDimensionFour,TASK_COMPLETE,SUCCESS,INFO,155,155,0,,2026-08-25T19:26:03.177Z,2026-08-25T21:23:56.829Z,7073,2026-08-25T21:23:56.829Z,B52,Jackson GA,7eb7a049-5d17-4a23-bb2f-3b9c445afd32,SAMMS-JacksonGAV5
202608252121597131,202608251925575185,202608251925573776,85,638,Bronze INV,br_AdmissionAssessmentDimensionFour,TASK_COMPLETE,SUCCESS,INFO,470,470,0,,2026-08-25T19:26:03.177Z,2026-08-25T21:23:56.829Z,7073,2026-08-25T21:23:56.829Z,B54,Gadsden,7eb7a049-5d17-4a23-bb2f-3b9c445afd32,SAMMS-GadsdenV5
202608252121597132,202608251925575186,202608251925573776,85,639,Bronze INV,br_AdmissionAssessmentDimensionFour,TASK_COMPLETE,SUCCESS,INFO,481,481,0,,2026-08-25T19:26:03.177Z,2026-08-25T21:23:56.829Z,7073,2026-08-25T21:23:56.829Z,B55,Shoals,7eb7a049-5d17-4a23-bb2f-3b9c445afd32,SAMMS-ShoalsV5
202608252121597133,202608251925575187,202608251925573776,85,640,Bronze INV,br_AdmissionAssessmentDimensionFour,TASK_COMPLETE,SUCCESS,INFO,170,170,0,,2026-08-25T19:26:03.177Z,2026-08-25T21:23:56.829Z,7073,2026-08-25T21:23:56.829Z,B57,Pawtucket,7eb7a049-5d17-4a23-bb2f-3b9c445afd32,SAMMS-Pawtucket
202608252121597134,202608251925575188,202608251925573776,85,641,Bronze INV,br_AdmissionAssessmentDimensionFour,TASK_COMPLETE,SUCCESS,INFO,168,168,0,,2026-08-25T19:26:03.177Z,2026-08-25T21:23:56.829Z,7073,2026-08-25T21:23:56.829Z,B57A,Johnston,7eb7a049-5d17-4a23-bb2f-3b9c445afd32,SAMMS-Johnston
202608252121597135,202608251925575189,202608251925573776,85,642,Bronze INV,br_AdmissionAssessmentDimensionFour,TASK_COMPLETE,SUCCESS,INFO,87,87,0,,2026-08-25T19:26:03.177Z,2026-08-25T21:23:56.829Z,7073,2026-08-25T21:23:56.829Z,B57B,Middletown,7eb7a049-5d17-4a23-bb2f-3b9c445afd32,SAMMS-Middletown
202608252121597137,202608251925575190,202608251925573776,85,643,Bronze INV,br_AdmissionAssessmentDimensionFour,TASK_COMPLETE,SUCCESS,INFO,176,176,0,,2026-08-25T19:26:03.177Z,2026-08-25T21:23:56.829Z,7073,2026-08-25T21:23:56.829Z,B57C,Providence,7eb7a049-5d17-4a23-bb2f-3b9c445afd32,SAMMS-Providence
202608252121597138,202608251925575191,202608251925573776,85,644,Bronze INV,br_AdmissionAssessmentDimensionFour,TASK_COMPLETE,SUCCESS,INFO,250,250,0,,2026-08-25T19:26:03.177Z,2026-08-25T21:23:56.829Z,7073,2026-08-25T21:23:56.829Z,B57D,Westerly,7eb7a049-5d17-4a23-bb2f-3b9c445afd32,SAMMS-Westerly
202608252121597139,202608251925575192,202608251925573776,85,648,Bronze INV,br_AdmissionAssessmentDimensionFour,TASK_COMPLETE,SUCCESS,INFO,363,363,0,,2026-08-25T19:26:03.177Z,2026-08-25T21:23:56.829Z,7073,2026-08-25T21:23:56.829Z,B66A,Bremen,7eb7a049-5d17-4a23-bb2f-3b9c445afd32,SAMMS-Bremen
202608252121597140,202608251925575193,202608251925573776,85,651,Bronze INV,br_AdmissionAssessmentDimensionFour,TASK_COMPLETE,SUCCESS,INFO,13,13,0,,2026-08-25T19:26:03.177Z,2026-08-25T21:23:56.829Z,7073,2026-08-25T21:23:56.829Z,B72,Mobile (OBOT),7eb7a049-5d17-4a23-bb2f-3b9c445afd32,SAMMS-Mobile-OBOT
202608252121597141,202608251925575194,202608251925573776,85,652,Bronze INV,br_AdmissionAssessmentDimensionFour,TASK_COMPLETE,SUCCESS,INFO,2,2,0,,2026-08-25T19:26:03.177Z,2026-08-25T21:23:56.829Z,7073,2026-08-25T21:23:56.829Z,B73,Montgomery,7eb7a049-5d17-4a23-bb2f-3b9c445afd32,SAMMS-Montgomery
202608252121597142,202608251925575195,202608251925573776,85,653,Bronze INV,br_AdmissionAssessmentDimensionFour,TASK_COMPLETE,SUCCESS,INFO,316,316,0,,2026-08-25T19:26:03.177Z,2026-08-25T21:23:56.829Z,7073,2026-08-25T21:23:56.829Z,B75,Lawrence,7eb7a049-5d17-4a23-bb2f-3b9c445afd32,SAMMS-LawrenceV6
202608252121597144,202608251925575196,202608251925573776,85,654,Bronze INV,br_AdmissionAssessmentDimensionFour,TASK_COMPLETE,SUCCESS,INFO,49,49,0,,2026-08-25T19:26:03.177Z,2026-08-25T21:23:56.829Z,7073,2026-08-25T21:23:56.829Z,B76,Huntsville OBOT,7eb7a049-5d17-4a23-bb2f-3b9c445afd32,SAMMS-Huntsville-OBOT
202608252121597145,202608251925575197,202608251925573776,85,655,Bronze INV,br_AdmissionAssessmentDimensionFour,TASK_COMPLETE,SUCCESS,INFO,300,300,0,,2026-08-25T19:26:03.177Z,2026-08-25T21:23:56.829Z,7073,2026-08-25T21:23:56.829Z,BAT,Batesville,7eb7a049-5d17-4a23-bb2f-3b9c445afd32,SAMMS-Batesville
202608252121597146,202608251925575198,202608251925573776,85,656,Bronze INV,br_AdmissionAssessmentDimensionFour,TASK_COMPLETE,SUCCESS,INFO,234,234,0,,2026-08-25T19:26:03.177Z,2026-08-25T21:23:56.829Z,7073,2026-08-25T21:23:56.829Z,BG,Bowling Green,7eb7a049-5d17-4a23-bb2f-3b9c445afd32,SAMMS-BowlingGreen
202608252121597147,202608251925575199,202608251925573776,85,657,Bronze INV,br_AdmissionAssessmentDimensionFour,TASK_COMPLETE,SUCCESS,INFO,214,214,0,,2026-08-25T19:26:03.177Z,2026-08-25T21:23:56.829Z,7073,2026-08-25T21:23:56.829Z,BOI,Boise,7eb7a049-5d17-4a23-bb2f-3b9c445afd32,SAMMS-Boise
202608252121597148,202608251925575200,202608251925573776,85,664,Bronze INV,br_AdmissionAssessmentDimensionFour,TASK_COMPLETE,SUCCESS,INFO,283,283,0,,2026-08-25T19:26:03.177Z,2026-08-25T21:23:56.829Z,7073,2026-08-25T21:23:56.829Z,CBCO,Coeur dAlene,7eb7a049-5d17-4a23-bb2f-3b9c445afd32,SAMMS-CoeurdAleneV6
202608252121597149,202608251925575201,202608251925573776,85,683,Bronze INV,br_AdmissionAssessmentDimensionFour,TASK_COMPLETE,SUCCESS,INFO,301,301,0,,2026-08-25T19:26:03.177Z,2026-08-25T21:23:56.829Z,7073,2026-08-25T21:23:56.829Z,CON,Conway,7eb7a049-5d17-4a23-bb2f-3b9c445afd32,SAMMS-Conway
202608252121597150,202608251925575202,202608251925573776,85,684,Bronze INV,br_AdmissionAssessmentDimensionFour,TASK_COMPLETE,SUCCESS,INFO,1542,1542,0,,2026-08-25T19:26:03.177Z,2026-08-25T21:23:56.829Z,7073,2026-08-25T21:23:56.829Z,D07,Medical Services Knox TN,7eb7a049-5d17-4a23-bb2f-3b9c445afd32,SAMMS-KnoxvilleV6
202608252121597152,202608251925575203,202608251925573776,85,685,Bronze INV,br_AdmissionAssessmentDimensionFour,TASK_COMPLETE,SUCCESS,INFO,955,955,0,,2026-08-25T19:26:03.177Z,2026-08-25T21:23:56.829Z,7073,2026-08-25T21:23:56.829Z,D08,Madison,7eb7a049-5d17-4a23-bb2f-3b9c445afd32,SAMMS-MadisonV6
202608252121597153,202608251925575204,202608251925573776,85,687,Bronze INV,br_AdmissionAssessmentDimensionFour,TASK_COMPLETE,SUCCESS,INFO,928,928,0,,2026-08-25T19:26:03.177Z,2026-08-25T21:23:56.829Z,7073,2026-08-25T21:23:56.829Z,D09,Murfreesboro,7eb7a049-5d17-4a23-bb2f-3b9c445afd32,SAMMS-MurfreesboroV6
202608252121597154,202608251925575205,202608251925573776,85,688,Bronze INV,br_AdmissionAssessmentDimensionFour,TASK_COMPLETE,SUCCESS,INFO,219,219,0,,2026-08-25T19:26:03.177Z,2026-08-25T21:23:56.829Z,7073,2026-08-25T21:23:56.829Z,DA,Davenport,7eb7a049-5d17-4a23-bb2f-3b9c445afd32,SAMMS-Davenport
202608252121597155,202608251925575206,202608251925573776,85,689,Bronze INV,br_AdmissionAssessmentDimensionFour,TASK_COMPLETE,SUCCESS,INFO,351,351,0,,2026-08-25T19:26:03.177Z,2026-08-25T21:23:56.829Z,7073,2026-08-25T21:23:56.829Z,DM,Des Moines,7eb7a049-5d17-4a23-bb2f-3b9c445afd32,SAMMS-DesMoines
202608252121597156,202608251925575207,202608251925573776,85,691,Bronze INV,br_AdmissionAssessmentDimensionFour,TASK_COMPLETE,SUCCESS,INFO,476,476,0,,2026-08-25T19:26:03.177Z,2026-08-25T21:23:56.829Z,7073,2026-08-25T21:23:56.829Z,DRD-CO,Columbia MO,7eb7a049-5d17-4a23-bb2f-3b9c445afd32,SAMMS-ColumbiaV5
202608252121597157,202608251925575208,202608251925573776,85,692,Bronze INV,br_AdmissionAssessmentDimensionFour,TASK_COMPLETE,SUCCESS,INFO,592,592,0,,2026-08-25T19:26:03.177Z,2026-08-25T21:23:56.829Z,7073,2026-08-25T21:23:56.829Z,DRD-KC,KC,7eb7a049-5d17-4a23-bb2f-3b9c445afd32,SAMMS-KCv5
202608252121597159,202608251925575209,202608251925573776,85,693,Bronze INV,br_AdmissionAssessmentDimensionFour,TASK_COMPLETE,SUCCESS,INFO,950,950,0,,2026-08-25T19:26:03.177Z,2026-08-25T21:23:56.829Z,7073,2026-08-25T21:23:56.829Z,DRD-KVB,KVB,7eb7a049-5d17-4a23-bb2f-3b9c445afd32,SAMMS-KVBv5
202608252121597160,202608251925575210,202608251925573776,85,694,Bronze INV,br_AdmissionAssessmentDimensionFour,TASK_COMPLETE,SUCCESS,INFO,1564,1564,0,,2026-08-25T19:26:03.177Z,2026-08-25T21:23:56.829Z,7073,2026-08-25T21:23:56.829Z,DRD-KVC,KVC,7eb7a049-5d17-4a23-bb2f-3b9c445afd32,SAMMS-KVCv5
202608252121597161,202608251925575211,202608251925573776,85,695,Bronze INV,br_AdmissionAssessmentDimensionFour,TASK_COMPLETE,SUCCESS,INFO,1257,1257,0,,2026-08-25T19:26:03.177Z,2026-08-25T21:23:56.829Z,7073,2026-08-25T21:23:56.829Z,DRD-NOLA,NOLA,7eb7a049-5d17-4a23-bb2f-3b9c445afd32,SAMMS-NOLAv5
202608252121597162,202608251925575212,202608251925573776,85,696,Bronze INV,br_AdmissionAssessmentDimensionFour,TASK_COMPLETE,SUCCESS,INFO,733,733,0,,2026-08-25T19:26:03.177Z,2026-08-25T21:23:56.829Z,7073,2026-08-25T21:23:56.829Z,DRD-SF,Springfield,7eb7a049-5d17-4a23-bb2f-3b9c445afd32,SAMMS-SFv5
202608252121597163,202608251925575213,202608251925573776,85,698,Bronze INV,br_AdmissionAssessmentDimensionFour,TASK_COMPLETE,SUCCESS,INFO,250,250,0,,2026-08-25T19:26:03.177Z,2026-08-25T21:23:56.829Z,7073,2026-08-25T21:23:56.829Z,ELC,Elizabeth City,7eb7a049-5d17-4a23-bb2f-3b9c445afd32,SAMMS-ElizabethCity
202608252121597164,202608251925575214,202608251925573776,85,699,Bronze INV,br_AdmissionAssessmentDimensionFour,TASK_COMPLETE,SUCCESS,INFO,263,263,0,,2026-08-25T19:26:03.177Z,2026-08-25T21:23:56.829Z,7073,2026-08-25T21:23:56.829Z,ET,Elizabethtown,7eb7a049-5d17-4a23-bb2f-3b9c445afd32,SAMMS-Elizabethtown
202608252121597166,202608251925575215,202608251925573776,85,700,Bronze INV,br_AdmissionAssessmentDimensionFour,TASK_COMPLETE,SUCCESS,INFO,228,228,0,,2026-08-25T19:26:03.177Z,2026-08-25T21:23:56.829Z,7073,2026-08-25T21:23:56.829Z,FAY,Fayetteville,7eb7a049-5d17-4a23-bb2f-3b9c445afd32,SAMMS-Fayetteville
202608252121597167,202608251925575216,202608251925573776,85,701,Bronze INV,br_AdmissionAssessmentDimensionFour,TASK_COMPLETE,SUCCESS,INFO,178,178,0,,2026-08-25T19:26:03.177Z,2026-08-25T21:23:56.829Z,7073,2026-08-25T21:23:56.829Z,FR,Frankfort,7eb7a049-5d17-4a23-bb2f-3b9c445afd32,SAMMS-Frankfort
202608252121597168,202608251925575217,202608251925573776,85,702,Bronze INV,br_AdmissionAssessmentDimensionFour,TASK_COMPLETE,SUCCESS,INFO,278,278,0,,2026-08-25T19:26:03.177Z,2026-08-25T21:23:56.829Z,7073,2026-08-25T21:23:56.829Z,FS,Fort Smith,7eb7a049-5d17-4a23-bb2f-3b9c445afd32,SAMMS-FortSmith
202608252121597169,202608251925575218,202608251925573776,85,703,Bronze INV,br_AdmissionAssessmentDimensionFour,TASK_COMPLETE,SUCCESS,INFO,678,678,0,,2026-08-25T19:26:03.177Z,2026-08-25T21:23:56.829Z,7073,2026-08-25T21:23:56.829Z,FW,Fort Wayne,7eb7a049-5d17-4a23-bb2f-3b9c445afd32,SAMMS-FortWayne
202608252121597170,202608251925575219,202608251925573776,85,704,Bronze INV,br_AdmissionAssessmentDimensionFour,TASK_COMPLETE,SUCCESS,INFO,101,101,0,,2026-08-25T19:26:03.177Z,2026-08-25T21:23:56.829Z,7073,2026-08-25T21:23:56.829Z,GAL,Gaylord,7eb7a049-5d17-4a23-bb2f-3b9c445afd32,SAMMS-Gaylord
202608252121597171,202608251925575220,202608251925573776,85,708,Bronze INV,br_AdmissionAssessmentDimensionFour,TASK_COMPLETE,SUCCESS,INFO,615,615,0,,2026-08-25T19:26:03.177Z,2026-08-25T21:23:56.829Z,7073,2026-08-25T21:23:56.829Z,HGT,Hagerstown,7eb7a049-5d17-4a23-bb2f-3b9c445afd32,SAMMS-Hagerstown
202608252121597173,202608251925575221,202608251925573776,85,709,Bronze INV,br_AdmissionAssessmentDimensionFour,TASK_COMPLETE,SUCCESS,INFO,465,465,0,,2026-08-25T19:26:03.177Z,2026-08-25T21:23:56.829Z,7073,2026-08-25T21:23:56.829Z,HNT,Huntsville,7eb7a049-5d17-4a23-bb2f-3b9c445afd32,SAMMS-Huntsville
202608252121597174,202608251925575222,202608251925573776,85,710,Bronze INV,br_AdmissionAssessmentDimensionFour,TASK_COMPLETE,SUCCESS,INFO,303,303,0,,2026-08-25T19:26:03.177Z,2026-08-25T21:23:56.829Z,7073,2026-08-25T21:23:56.829Z,HS,Hot Springs,7eb7a049-5d17-4a23-bb2f-3b9c445afd32,SAMMS-HotSprings
202608252121597175,202608251925575223,202608251925573776,85,711,Bronze INV,br_AdmissionAssessmentDimensionFour,TASK_COMPLETE,SUCCESS,INFO,268,268,0,,2026-08-25T19:26:03.177Z,2026-08-25T21:23:56.829Z,7073,2026-08-25T21:23:56.829Z,JON,Jonesboro,7eb7a049-5d17-4a23-bb2f-3b9c445afd32,SAMMS-Jonesboro
202608252121597176,202608251925575224,202608251925573776,85,713,Bronze INV,br_AdmissionAssessmentDimensionFour,TASK_COMPLETE,SUCCESS,INFO,151,151,0,,2026-08-25T19:26:03.177Z,2026-08-25T21:23:56.829Z,7073,2026-08-25T21:23:56.829Z,LAN,Lansing,7eb7a049-5d17-4a23-bb2f-3b9c445afd32,SAMMS-Lansing
202608252121597177,202608251925575225,202608251925573776,85,714,Bronze INV,br_AdmissionAssessmentDimensionFour,TASK_COMPLETE,SUCCESS,INFO,427,427,0,,2026-08-25T19:26:03.177Z,2026-08-25T21:23:56.829Z,7073,2026-08-25T21:23:56.829Z,LO,Louisville,7eb7a049-5d17-4a23-bb2f-3b9c445afd32,SAMMS-Louisville
202608252121597178,202608251925575226,202608251925573776,85,715,Bronze INV,br_AdmissionAssessmentDimensionFour,TASK_COMPLETE,SUCCESS,INFO,1163,1163,0,,2026-08-25T19:26:03.177Z,2026-08-25T21:23:56.829Z,7073,2026-08-25T21:23:56.829Z,LV1,Cheyenne,7eb7a049-5d17-4a23-bb2f-3b9c445afd32,SAMMS-Cheyenne
202608252121597179,202608251925575227,202608251925573776,85,716,Bronze INV,br_AdmissionAssessmentDimensionFour,TASK_COMPLETE,SUCCESS,INFO,931,931,0,,2026-08-25T19:26:03.177Z,2026-08-25T21:23:56.829Z,7073,2026-08-25T21:23:56.829Z,LV2,Desert Inn,7eb7a049-5d17-4a23-bb2f-3b9c445afd32,SAMMS-DesertInn
202608252121597181,202608251925575228,202608251925573776,85,717,Bronze INV,br_AdmissionAssessmentDimensionFour,TASK_COMPLETE,SUCCESS,INFO,309,309,0,,2026-08-25T19:26:03.177Z,2026-08-25T21:23:56.829Z,7073,2026-08-25T21:23:56.829Z,LV3,McDaniel,7eb7a049-5d17-4a23-bb2f-3b9c445afd32,SAMMS-McDaniel
202608252121597182,202608251925575229,202608251925573776,85,720,Bronze INV,br_AdmissionAssessmentDimensionFour,TASK_COMPLETE,SUCCESS,INFO,269,269,0,,2026-08-25T19:26:03.177Z,2026-08-25T21:23:56.829Z,7073,2026-08-25T21:23:56.829Z,MNRE,Monroe,7eb7a049-5d17-4a23-bb2f-3b9c445afd32,SAMMS-Monroe
202608252121597183,202608251925575230,202608251925573776,85,721,Bronze INV,br_AdmissionAssessmentDimensionFour,TASK_COMPLETE,SUCCESS,INFO,118,118,0,,2026-08-25T19:26:03.177Z,2026-08-25T21:23:56.829Z,7073,2026-08-25T21:23:56.829Z,MP,Mt. Pleasant,7eb7a049-5d17-4a23-bb2f-3b9c445afd32,SAMMS-MtPleasant
202608252121597184,202608251925575231,202608251925573776,85,722,Bronze INV,br_AdmissionAssessmentDimensionFour,TASK_COMPLETE,SUCCESS,INFO,170,170,0,,2026-08-25T19:26:03.177Z,2026-08-25T21:23:56.829Z,7073,2026-08-25T21:23:56.829Z,MRD,Meridian,7eb7a049-5d17-4a23-bb2f-3b9c445afd32,SAMMS-Meridian
202608252121597185,202608251925575232,202608251925573776,85,727,Bronze INV,br_AdmissionAssessmentDimensionFour,TASK_COMPLETE,SUCCESS,INFO,633,633,0,,2026-08-25T19:26:03.177Z,2026-08-25T21:23:56.829Z,7073,2026-08-25T21:23:56.829Z,NC,North Charleston,7eb7a049-5d17-4a23-bb2f-3b9c445afd32,SAMMS-NorthCharleston
202608252121597186,202608251925575233,202608251925573776,85,728,Bronze INV,br_AdmissionAssessmentDimensionFour,TASK_COMPLETE,SUCCESS,INFO,568,568,0,,2026-08-25T19:26:03.177Z,2026-08-25T21:23:56.829Z,7073,2026-08-25T21:23:56.829Z,NLR,N. Little Rock,7eb7a049-5d17-4a23-bb2f-3b9c445afd32,SAMMS-NLROBOT
202608252121597188,202608251925575234,202608251925573776,85,729,Bronze INV,br_AdmissionAssessmentDimensionFour,TASK_COMPLETE,SUCCESS,INFO,234,234,0,,2026-08-25T19:26:03.177Z,2026-08-25T21:23:56.829Z,7073,2026-08-25T21:23:56.829Z,PH,Phoenix,7eb7a049-5d17-4a23-bb2f-3b9c445afd32,SAMMS-Phoenix
202608252121597189,202608251925575235,202608251925573776,85,733,Bronze INV,br_AdmissionAssessmentDimensionFour,TASK_COMPLETE,SUCCESS,INFO,406,406,0,,2026-08-25T19:26:03.177Z,2026-08-25T21:23:56.829Z,7073,2026-08-25T21:23:56.829Z,RE,Reno,7eb7a049-5d17-4a23-bb2f-3b9c445afd32,SAMMS-Reno
202608252121597190,202608251925575236,202608251925573776,85,734,Bronze INV,br_AdmissionAssessmentDimensionFour,TASK_COMPLETE,SUCCESS,INFO,388,388,0,,2026-08-25T19:26:03.177Z,2026-08-25T21:23:56.829Z,7073,2026-08-25T21:23:56.829Z,RMD,Richmond,7eb7a049-5d17-4a23-bb2f-3b9c445afd32,SAMMS-Richmond
202608252121597191,202608251925575237,202608251925573776,85,735,Bronze INV,br_AdmissionAssessmentDimensionFour,TASK_COMPLETE,SUCCESS,INFO,483,483,0,,2026-08-25T19:26:03.177Z,2026-08-25T21:23:56.829Z,7073,2026-08-25T21:23:56.829Z,SFN,Springfield North,7eb7a049-5d17-4a23-bb2f-3b9c445afd32,SAMMS-SFNv5
202608252121597192,202608251925575238,202608251925573776,85,736,Bronze INV,br_AdmissionAssessmentDimensionFour,TASK_COMPLETE,SUCCESS,INFO,445,445,0,,2026-08-25T19:26:03.177Z,2026-08-25T21:23:56.829Z,7073,2026-08-25T21:23:56.829Z,SHP,Shreveport,7eb7a049-5d17-4a23-bb2f-3b9c445afd32,SAMMS-Shreveport
202608252121597193,202608251925575239,202608251925573776,85,738,Bronze INV,br_AdmissionAssessmentDimensionFour,TASK_COMPLETE,SUCCESS,INFO,80,80,0,,2026-08-25T19:26:03.177Z,2026-08-25T21:23:56.829Z,7073,2026-08-25T21:23:56.829Z,STN,Staunton,7eb7a049-5d17-4a23-bb2f-3b9c445afd32,SAMMS-Staunton
202608252121597195,202608251925575240,202608251925573776,85,739,Bronze INV,br_AdmissionAssessmentDimensionFour,TASK_COMPLETE,SUCCESS,INFO,52,52,0,,2026-08-25T19:26:03.177Z,2026-08-25T21:23:56.829Z,7073,2026-08-25T21:23:56.829Z,STVN,Stevenson,7eb7a049-5d17-4a23-bb2f-3b9c445afd32,SAMMS-Stevenson
202608252121597196,202608251925575241,202608251925573776,85,741,Bronze INV,br_AdmissionAssessmentDimensionFour,TASK_COMPLETE,SUCCESS,INFO,70,70,0,,2026-08-25T19:26:03.177Z,2026-08-25T21:23:56.829Z,7073,2026-08-25T21:23:56.829Z,TE,Tempe,7eb7a049-5d17-4a23-bb2f-3b9c445afd32,SAMMS-Tempe
202608252121597197,202608251925575242,202608251925573776,85,742,Bronze INV,br_AdmissionAssessmentDimensionFour,TASK_COMPLETE,SUCCESS,INFO,366,366,0,,2026-08-25T19:26:03.177Z,2026-08-25T21:23:56.829Z,7073,2026-08-25T21:23:56.829Z,TEX,Texarkana,7eb7a049-5d17-4a23-bb2f-3b9c445afd32,SAMMS-Texarkana
202608252121597198,202608251925575243,202608251925573776,85,743,Bronze INV,br_AdmissionAssessmentDimensionFour,TASK_COMPLETE,SUCCESS,INFO,419,419,0,,2026-08-25T19:26:03.177Z,2026-08-25T21:23:56.829Z,7073,2026-08-25T21:23:56.829Z,TTCA,Bessemer,7eb7a049-5d17-4a23-bb2f-3b9c445afd32,SAMMS-BessemerV5
202608252121597199,202608251925575244,202608251925573776,85,744,Bronze INV,br_AdmissionAssessmentDimensionFour,TASK_COMPLETE,SUCCESS,INFO,548,548,0,,2026-08-25T19:26:03.177Z,2026-08-25T21:23:56.829Z,7073,2026-08-25T21:23:56.829Z,TTCB,Cullman,7eb7a049-5d17-4a23-bb2f-3b9c445afd32,SAMMS-CullmanV5
202608252121597200,202608251925575245,202608251925573776,85,745,Bronze INV,br_AdmissionAssessmentDimensionFour,TASK_COMPLETE,SUCCESS,INFO,294,294,0,,2026-08-25T19:26:03.177Z,2026-08-25T21:23:56.829Z,7073,2026-08-25T21:23:56.829Z,TTCC,Grand Bay,7eb7a049-5d17-4a23-bb2f-3b9c445afd32,SAMMS-GrandBay
202608252121597201,202608251925575246,202608251925573776,85,746,Bronze INV,br_AdmissionAssessmentDimensionFour,TASK_COMPLETE,SUCCESS,INFO,22,22,0,,2026-08-25T19:26:03.177Z,2026-08-25T21:23:56.829Z,7073,2026-08-25T21:23:56.829Z,TU,Tucson,7eb7a049-5d17-4a23-bb2f-3b9c445afd32,SAMMS-Tucson
202608252121597203,202608251925575247,202608251925573776,85,748,Bronze INV,br_AdmissionAssessmentDimensionFour,TASK_COMPLETE,SUCCESS,INFO,251,251,0,,2026-08-25T19:26:03.177Z,2026-08-25T21:23:56.829Z,7073,2026-08-25T21:23:56.829Z,V1,Memphis South,7eb7a049-5d17-4a23-bb2f-3b9c445afd32,SAMMS-VCPHCS-I-MemphisV5
202608252121597204,202608251925575248,202608251925573776,85,749,Bronze INV,br_AdmissionAssessmentDimensionFour,TASK_COMPLETE,SUCCESS,INFO,691,691,0,,2026-08-25T19:26:03.177Z,2026-08-25T21:23:56.829Z,7073,2026-08-25T21:23:56.829Z,V10,Longmont,7eb7a049-5d17-4a23-bb2f-3b9c445afd32,SAMMS-BoulderV5
202608252121597205,202608251925575249,202608251925573776,85,750,Bronze INV,br_AdmissionAssessmentDimensionFour,TASK_COMPLETE,SUCCESS,INFO,1186,1186,0,,2026-08-25T19:26:03.177Z,2026-08-25T21:23:56.829Z,7073,2026-08-25T21:23:56.829Z,V10A,Fort Collins,7eb7a049-5d17-4a23-bb2f-3b9c445afd32,SAMMS-FortCollinsV5
202608252121597206,202608251925575250,202608251925573776,85,751,Bronze INV,br_AdmissionAssessmentDimensionFour,TASK_COMPLETE,SUCCESS,INFO,984,984,0,,2026-08-25T19:26:03.177Z,2026-08-25T21:23:56.829Z,7073,2026-08-25T21:23:56.829Z,V11,Westminster,7eb7a049-5d17-4a23-bb2f-3b9c445afd32,SAMMS-VCPHCS-XI-NorthDenverV5
202608252121597207,202608251925575251,202608251925573776,85,752,Bronze INV,br_AdmissionAssessmentDimensionFour,TASK_COMPLETE,SUCCESS,INFO,1054,1054,0,,2026-08-25T19:26:03.177Z,2026-08-25T21:23:56.829Z,7073,2026-08-25T21:23:56.829Z,V12,Downtown Denver,7eb7a049-5d17-4a23-bb2f-3b9c445afd32,SAMMS-VCPHCS-XII-DowntownDenverV5
202608252121597208,202608251925575252,202608251925573776,85,753,Bronze INV,br_AdmissionAssessmentDimensionFour,TASK_COMPLETE,SUCCESS,INFO,475,475,0,,2026-08-25T19:26:03.177Z,2026-08-25T21:23:56.829Z,7073,2026-08-25T21:23:56.829Z,V12A,Centennial,7eb7a049-5d17-4a23-bb2f-3b9c445afd32,SAMMS-CentennialV5
202608252121597210,202608251925575253,202608251925573776,85,754,Bronze INV,br_AdmissionAssessmentDimensionFour,TASK_COMPLETE,SUCCESS,INFO,291,291,0,,2026-08-25T19:26:03.177Z,2026-08-25T21:23:56.829Z,7073,2026-08-25T21:23:56.829Z,V14,Overland Park,7eb7a049-5d17-4a23-bb2f-3b9c445afd32,SAMMS-VCPHCS-XIV-BridgewayV5
202608252121597211,202608251925575254,202608251925573776,85,755,Bronze INV,br_AdmissionAssessmentDimensionFour,TASK_COMPLETE,SUCCESS,INFO,563,563,0,,2026-08-25T19:26:03.177Z,2026-08-25T21:23:56.829Z,7073,2026-08-25T21:23:56.829Z,V15,Joplin,7eb7a049-5d17-4a23-bb2f-3b9c445afd32,SAMMS-JoplinV5
202608252121597212,202608251925575255,202608251925573776,85,757,Bronze INV,br_AdmissionAssessmentDimensionFour,TASK_COMPLETE,SUCCESS,INFO,469,469,0,,2026-08-25T19:26:03.177Z,2026-08-25T21:23:56.829Z,7073,2026-08-25T21:23:56.829Z,V17,Columbia TN,7eb7a049-5d17-4a23-bb2f-3b9c445afd32,SAMMS-ColumbiaTNv5
202608252121597213,202608251925575256,202608251925573776,85,759,Bronze INV,br_AdmissionAssessmentDimensionFour,TASK_COMPLETE,SUCCESS,INFO,409,409,0,,2026-08-25T19:26:03.177Z,2026-08-25T21:23:56.829Z,7073,2026-08-25T21:23:56.829Z,V19,Jackson,7eb7a049-5d17-4a23-bb2f-3b9c445afd32,SAMMS-JacksonV5
202608252121597214,202608251925575257,202608251925573776,85,761,Bronze INV,br_AdmissionAssessmentDimensionFour,TASK_COMPLETE,SUCCESS,INFO,482,482,0,,2026-08-25T19:26:03.177Z,2026-08-25T21:23:56.829Z,7073,2026-08-25T21:23:56.829Z,V20,Paris,7eb7a049-5d17-4a23-bb2f-3b9c445afd32,SAMMS-ParisV5
202608252121597215,202608251925575258,202608251925573776,85,762,Bronze INV,br_AdmissionAssessmentDimensionFour,TASK_COMPLETE,SUCCESS,INFO,353,353,0,,2026-08-25T19:26:03.177Z,2026-08-25T21:23:56.829Z,7073,2026-08-25T21:23:56.829Z,V21,Memphis North,7eb7a049-5d17-4a23-bb2f-3b9c445afd32,SAMMS-RaleighV5
202608252121597217,202608251925575259,202608251925573776,85,765,Bronze INV,br_AdmissionAssessmentDimensionFour,TASK_COMPLETE,SUCCESS,INFO,699,699,0,,2026-08-25T19:26:03.177Z,2026-08-25T21:23:56.829Z,7073,2026-08-25T21:23:56.829Z,V5,West Bank,7eb7a049-5d17-4a23-bb2f-3b9c445afd32,SAMMS-NONTCv5
202608252121597218,202608251925575260,202608251925573776,85,767,Bronze INV,br_AdmissionAssessmentDimensionFour,TASK_COMPLETE,SUCCESS,INFO,253,253,0,,2026-08-25T19:26:03.177Z,2026-08-25T21:23:56.829Z,7073,2026-08-25T21:23:56.829Z,V5B,Houma,7eb7a049-5d17-4a23-bb2f-3b9c445afd32,SAMMS-HoumaV6
202608252121597219,202608251925575261,202608251925573776,85,768,Bronze INV,br_AdmissionAssessmentDimensionFour,TASK_COMPLETE,SUCCESS,INFO,953,953,0,,2026-08-25T19:26:03.177Z,2026-08-25T21:23:56.829Z,7073,2026-08-25T21:23:56.829Z,V6,Lake Charles,7eb7a049-5d17-4a23-bb2f-3b9c445afd32,SAMMS-LCv5
202608252121597220,202608251925575262,202608251925573776,85,770,Bronze INV,br_AdmissionAssessmentDimensionFour,TASK_COMPLETE,SUCCESS,INFO,560,560,0,,2026-08-25T19:26:03.177Z,2026-08-25T21:23:56.829Z,7073,2026-08-25T21:23:56.829Z,V8,Memphis Midtown,7eb7a049-5d17-4a23-bb2f-3b9c445afd32,SAMMS-VCPHCS-VIII-MemphisV5
202608252121597221,202608251925575263,202608251925573776,85,771,Bronze INV,br_AdmissionAssessmentDimensionFour,TASK_COMPLETE,SUCCESS,INFO,1567,1567,0,,2026-08-25T19:26:03.177Z,2026-08-25T21:23:56.829Z,7073,2026-08-25T21:23:56.829Z,V9,Nashville,7eb7a049-5d17-4a23-bb2f-3b9c445afd32,SAMMS-NashvilleV5
202608252121597222,202608251925575264,202608251925573776,85,772,Bronze INV,br_AdmissionAssessmentDimensionFour,TASK_COMPLETE,SUCCESS,INFO,330,330,0,,2026-08-25T19:26:03.177Z,2026-08-25T21:23:56.829Z,7073,2026-08-25T21:23:56.829Z,VBRA,Brainerd,7eb7a049-5d17-4a23-bb2f-3b9c445afd32,SAMMS-BrainerdV6
202608252121597224,202608251925575265,202608251925573776,85,773,Bronze INV,br_AdmissionAssessmentDimensionFour,TASK_COMPLETE,SUCCESS,INFO,591,591,0,,2026-08-25T19:26:03.177Z,2026-08-25T21:23:56.829Z,7073,2026-08-25T21:23:56.829Z,VBRP,Brooklyn Park,7eb7a049-5d17-4a23-bb2f-3b9c445afd32,SAMMS-BrooklynParkV6
202608262209456745,202608261955299888,202608261955298282,85,592,Bronze INV,br_AdmissionAssessmentDimensionFiveSubstanceUse,TASK_COMPLETE,SUCCESS,INFO,1057,1057,0,,2026-08-26T19:55:35.047Z,2026-08-26T22:11:39.517Z,8164,2026-08-26T22:11:39.517Z,VWBY,Woodbury,20846baf-2fe5-403c-85d4-31520e88a3ce,SAMMS-WoodburyV6
202608262209456746,202608261955299889,202608261955298282,85,594,Bronze INV,br_AdmissionAssessmentDimensionFiveSubstanceUse,TASK_COMPLETE,SUCCESS,INFO,428,428,0,,2026-08-26T19:55:35.047Z,2026-08-26T22:11:39.517Z,8164,2026-08-26T22:11:39.517Z,WIL,Wilson,20846baf-2fe5-403c-85d4-31520e88a3ce,SAMMS-Wilson
202608262209456847,202608261955398288,202608261955398282,86,5725,Silver INV,sl_AdmissionAssessmentDimensionFiveSubstanceUse,TASK_COMPLETE,SUCCESS,INFO,50759,50759,0,,2026-08-26T19:55:35.047Z,2026-08-26T22:11:39.517Z,8164,2026-08-26T22:11:39.517Z,,,20846baf-2fe5-403c-85d4-31520e88a3ce,
202608262209456764,202608261955299660,202608261955298282,85,598,Bronze INV,br_AdmissionAssessmentDimensionFour,TASK_COMPLETE,SUCCESS,INFO,98,98,0,,2026-08-26T19:55:35.047Z,2026-08-26T22:11:39.517Z,8164,2026-08-26T22:11:39.517Z,AHK,Ahoskie,20846baf-2fe5-403c-85d4-31520e88a3ce,SAMMS-Ahoskie
202608262209456765,202608261955299661,202608261955298282,85,599,Bronze INV,br_AdmissionAssessmentDimensionFour,TASK_COMPLETE,SUCCESS,INFO,787,787,0,,2026-08-26T19:55:35.047Z,2026-08-26T22:11:39.517Z,8164,2026-08-26T22:11:39.517Z,B12B,Colorado Springs,20846baf-2fe5-403c-85d4-31520e88a3ce,SAMMS-ColoradoSpringsV5
202608262209456767,202608261955299662,202608261955298282,85,600,Bronze INV,br_AdmissionAssessmentDimensionFour,TASK_COMPLETE,SUCCESS,INFO,411,411,0,,2026-08-26T19:55:35.047Z,2026-08-26T22:11:39.517Z,8164,2026-08-26T22:11:39.517Z,B24,Paintsville,20846baf-2fe5-403c-85d4-31520e88a3ce,SAMMS-PaintsvilleV5
202608262209456768,202608261955299663,202608261955298282,85,601,Bronze INV,br_AdmissionAssessmentDimensionFour,TASK_COMPLETE,SUCCESS,INFO,171,171,0,,2026-08-26T19:55:35.047Z,2026-08-26T22:11:39.517Z,8164,2026-08-26T22:11:39.517Z,B25,Pikeville,20846baf-2fe5-403c-85d4-31520e88a3ce,SAMMS-PikevilleV5
202608262209456769,202608261955299664,202608261955298282,85,602,Bronze INV,br_AdmissionAssessmentDimensionFour,TASK_COMPLETE,SUCCESS,INFO,492,492,0,,2026-08-26T19:55:35.047Z,2026-08-26T22:11:39.517Z,8164,2026-08-26T22:11:39.517Z,B26,Hazard,20846baf-2fe5-403c-85d4-31520e88a3ce,SAMMS-HazardV5
202608262209456770,202608261955299665,202608261955298282,85,603,Bronze INV,br_AdmissionAssessmentDimensionFour,TASK_COMPLETE,SUCCESS,INFO,188,188,0,,2026-08-26T19:55:35.047Z,2026-08-26T22:11:39.517Z,8164,2026-08-26T22:11:39.517Z,B27,Savannah,20846baf-2fe5-403c-85d4-31520e88a3ce,SAMMS-SavannahV6
202608262209456771,202608261955299666,202608261955298282,85,604,Bronze INV,br_AdmissionAssessmentDimensionFour,TASK_COMPLETE,SUCCESS,INFO,234,234,0,,2026-08-26T19:55:35.047Z,2026-08-26T22:11:39.517Z,8164,2026-08-26T22:11:39.517Z,B28,West Plains,20846baf-2fe5-403c-85d4-31520e88a3ce,SAMMS-WestPlainesV5
202608262209456772,202608261955299667,202608261955298282,85,605,Bronze INV,br_AdmissionAssessmentDimensionFour,TASK_COMPLETE,SUCCESS,INFO,260,260,0,,2026-08-26T19:55:35.047Z,2026-08-26T22:11:39.517Z,8164,2026-08-26T22:11:39.517Z,B29,Poplar Bluff,20846baf-2fe5-403c-85d4-31520e88a3ce,SAMMS-PoplarBluffV5
202608262209456773,202608261955299668,202608261955298282,85,606,Bronze INV,br_AdmissionAssessmentDimensionFour,TASK_COMPLETE,SUCCESS,INFO,140,140,0,,2026-08-26T19:55:35.047Z,2026-08-26T22:11:39.517Z,8164,2026-08-26T22:11:39.517Z,B30,KC North,20846baf-2fe5-403c-85d4-31520e88a3ce,SAMMS-KCNv5
202608262209456774,202608261955299669,202608261955298282,85,607,Bronze INV,br_AdmissionAssessmentDimensionFour,TASK_COMPLETE,SUCCESS,INFO,337,337,0,,2026-08-26T19:55:35.047Z,2026-08-26T22:11:39.517Z,8164,2026-08-26T22:11:39.517Z,B31,Dyersburg,20846baf-2fe5-403c-85d4-31520e88a3ce,SAMMS-DyersburgV5
202608262209456776,202608261955299670,202608261955298282,85,609,Bronze INV,br_AdmissionAssessmentDimensionFour,TASK_COMPLETE,SUCCESS,INFO,212,212,0,,2026-08-26T19:55:35.047Z,2026-08-26T22:11:39.517Z,8164,2026-08-26T22:11:39.517Z,B33,Paducah,20846baf-2fe5-403c-85d4-31520e88a3ce,SAMMS-Paducah
202608262209456777,202608261955299671,202608261955298282,85,610,Bronze INV,br_AdmissionAssessmentDimensionFour,TASK_COMPLETE,SUCCESS,INFO,448,448,0,,2026-08-26T19:55:35.047Z,2026-08-26T22:11:39.517Z,8164,2026-08-26T22:11:39.517Z,B34,Corbin,20846baf-2fe5-403c-85d4-31520e88a3ce,SAMMS-CorbinV5
202608262209456778,202608261955299672,202608261955298282,85,611,Bronze INV,br_AdmissionAssessmentDimensionFour,TASK_COMPLETE,SUCCESS,INFO,715,715,0,,2026-08-26T19:55:35.047Z,2026-08-26T22:11:39.517Z,8164,2026-08-26T22:11:39.517Z,B35,Lexington,20846baf-2fe5-403c-85d4-31520e88a3ce,SAMMS-LexingtonV5
202608262209456779,202608261955299673,202608261955298282,85,612,Bronze INV,br_AdmissionAssessmentDimensionFour,TASK_COMPLETE,SUCCESS,INFO,345,345,0,,2026-08-26T19:55:35.047Z,2026-08-26T22:11:39.517Z,8164,2026-08-26T22:11:39.517Z,B35A,Berea,20846baf-2fe5-403c-85d4-31520e88a3ce,SAMMS-BereaV5
202608262209456780,202608261955299674,202608261955298282,85,613,Bronze INV,br_AdmissionAssessmentDimensionFour,TASK_COMPLETE,SUCCESS,INFO,602,602,0,,2026-08-26T19:55:35.047Z,2026-08-26T22:11:39.517Z,8164,2026-08-26T22:11:39.517Z,B36,Asheville,20846baf-2fe5-403c-85d4-31520e88a3ce,SAMMS-AshevilleV5
202608262209456781,202608261955299675,202608261955298282,85,614,Bronze INV,br_AdmissionAssessmentDimensionFour,TASK_COMPLETE,SUCCESS,INFO,450,450,0,,2026-08-26T19:55:35.047Z,2026-08-26T22:11:39.517Z,8164,2026-08-26T22:11:39.517Z,B37,Clyde,20846baf-2fe5-403c-85d4-31520e88a3ce,SAMMS-ClydeV5
202608262209456782,202608261955299676,202608261955298282,85,615,Bronze INV,br_AdmissionAssessmentDimensionFour,TASK_COMPLETE,SUCCESS,INFO,633,633,0,,2026-08-26T19:55:35.047Z,2026-08-26T22:11:39.517Z,8164,2026-08-26T22:11:39.517Z,B38,Spartanburg,20846baf-2fe5-403c-85d4-31520e88a3ce,SAMMS-SpartanburgV5
202608262209456783,202608261955299677,202608261955298282,85,616,Bronze INV,br_AdmissionAssessmentDimensionFour,TASK_COMPLETE,SUCCESS,INFO,480,480,0,,2026-08-26T19:55:35.047Z,2026-08-26T22:11:39.517Z,8164,2026-08-26T22:11:39.517Z,B39,Aiken,20846baf-2fe5-403c-85d4-31520e88a3ce,SAMMS-AikenV5
202608262209456784,202608261955299678,202608261955298282,85,617,Bronze INV,br_AdmissionAssessmentDimensionFour,TASK_COMPLETE,SUCCESS,INFO,290,290,0,,2026-08-26T19:55:35.047Z,2026-08-26T22:11:39.517Z,8164,2026-08-26T22:11:39.517Z,B41,Chesapeake,20846baf-2fe5-403c-85d4-31520e88a3ce,SAMMS-ChesapeakeV5
202608262209456786,202608261955299679,202608261955298282,85,618,Bronze INV,br_AdmissionAssessmentDimensionFour,TASK_COMPLETE,SUCCESS,INFO,534,534,0,,2026-08-26T19:55:35.047Z,2026-08-26T22:11:39.517Z,8164,2026-08-26T22:11:39.517Z,B42,Virginia Beach,20846baf-2fe5-403c-85d4-31520e88a3ce,SAMMS-VirginiaBeachV5
202608262209456787,202608261955299680,202608261955298282,85,619,Bronze INV,br_AdmissionAssessmentDimensionFour,TASK_COMPLETE,SUCCESS,INFO,165,165,0,,2026-08-26T19:55:35.047Z,2026-08-26T22:11:39.517Z,8164,2026-08-26T22:11:39.517Z,B42A,Newport News,20846baf-2fe5-403c-85d4-31520e88a3ce,SAMMS-NewportNewsV5
202608262209456788,202608261955299681,202608261955298282,85,620,Bronze INV,br_AdmissionAssessmentDimensionFour,TASK_COMPLETE,SUCCESS,INFO,56,56,0,,2026-08-26T19:55:35.047Z,2026-08-26T22:11:39.517Z,8164,2026-08-26T22:11:39.517Z,B42B,Franklin,20846baf-2fe5-403c-85d4-31520e88a3ce,SAMMS-FranklinV5
202608262209456789,202608261955299682,202608261955298282,85,621,Bronze INV,br_AdmissionAssessmentDimensionFour,TASK_COMPLETE,SUCCESS,INFO,334,334,0,,2026-08-26T19:55:35.047Z,2026-08-26T22:11:39.517Z,8164,2026-08-26T22:11:39.517Z,B42C,Glen Allen,20846baf-2fe5-403c-85d4-31520e88a3ce,SAMMS-GlenAllenV5
202608262209456790,202608261955299683,202608261955298282,85,622,Bronze INV,br_AdmissionAssessmentDimensionFour,TASK_COMPLETE,SUCCESS,INFO,169,169,0,,2026-08-26T19:55:35.047Z,2026-08-26T22:11:39.517Z,8164,2026-08-26T22:11:39.517Z,B42D,Chesapeake South,20846baf-2fe5-403c-85d4-31520e88a3ce,SAMMS-ChesapeakeSouthV5
202608262209456791,202608261955299684,202608261955298282,85,623,Bronze INV,br_AdmissionAssessmentDimensionFour,TASK_COMPLETE,SUCCESS,INFO,207,207,0,,2026-08-26T19:55:35.047Z,2026-08-26T22:11:39.517Z,8164,2026-08-26T22:11:39.517Z,B44,Albany,20846baf-2fe5-403c-85d4-31520e88a3ce,SAMMS-AlbanyV5
202608262209456792,202608261955299685,202608261955298282,85,624,Bronze INV,br_AdmissionAssessmentDimensionFour,TASK_COMPLETE,SUCCESS,INFO,306,306,0,,2026-08-26T19:55:35.047Z,2026-08-26T22:11:39.517Z,8164,2026-08-26T22:11:39.517Z,B45,Tifton,20846baf-2fe5-403c-85d4-31520e88a3ce,SAMMS-TiftonV5
202608262209456793,202608261955299686,202608261955298282,85,625,Bronze INV,br_AdmissionAssessmentDimensionFour,TASK_COMPLETE,SUCCESS,INFO,661,661,0,,2026-08-26T19:55:35.047Z,2026-08-26T22:11:39.517Z,8164,2026-08-26T22:11:39.517Z,B46,Washington DC,20846baf-2fe5-403c-85d4-31520e88a3ce,SAMMS-WashingtonDCv5
202608262209456795,202608261955299687,202608261955298282,85,626,Bronze INV,br_AdmissionAssessmentDimensionFour,TASK_COMPLETE,SUCCESS,INFO,350,350,0,,2026-08-26T19:55:35.047Z,2026-08-26T22:11:39.517Z,8164,2026-08-26T22:11:39.517Z,B47,Mobile,20846baf-2fe5-403c-85d4-31520e88a3ce,SAMMS-MobileV5
202608262209456796,202608261955299688,202608261955298282,85,627,Bronze INV,br_AdmissionAssessmentDimensionFour,TASK_COMPLETE,SUCCESS,INFO,449,449,0,,2026-08-26T19:55:35.047Z,2026-08-26T22:11:39.517Z,8164,2026-08-26T22:11:39.517Z,B48,Tuscaloosa,20846baf-2fe5-403c-85d4-31520e88a3ce,SAMMS-TuscaloosaV5
202608262209456797,202608261955299689,202608261955298282,85,636,Bronze INV,br_AdmissionAssessmentDimensionFour,TASK_COMPLETE,SUCCESS,INFO,310,310,0,,2026-08-26T19:55:35.047Z,2026-08-26T22:11:39.517Z,8164,2026-08-26T22:11:39.517Z,B51,N. Little Rock (OTP),20846baf-2fe5-403c-85d4-31520e88a3ce,SAMMS-NorthLittleRockV6
202608262209456798,202608261955299690,202608261955298282,85,637,Bronze INV,br_AdmissionAssessmentDimensionFour,TASK_COMPLETE,SUCCESS,INFO,155,155,0,,2026-08-26T19:55:35.047Z,2026-08-26T22:11:39.517Z,8164,2026-08-26T22:11:39.517Z,B52,Jackson GA,20846baf-2fe5-403c-85d4-31520e88a3ce,SAMMS-JacksonGAV5
202608262209456799,202608261955299691,202608261955298282,85,638,Bronze INV,br_AdmissionAssessmentDimensionFour,TASK_COMPLETE,SUCCESS,INFO,471,471,0,,2026-08-26T19:55:35.047Z,2026-08-26T22:11:39.517Z,8164,2026-08-26T22:11:39.517Z,B54,Gadsden,20846baf-2fe5-403c-85d4-31520e88a3ce,SAMMS-GadsdenV5
202608262209456800,202608261955299692,202608261955298282,85,639,Bronze INV,br_AdmissionAssessmentDimensionFour,TASK_COMPLETE,SUCCESS,INFO,482,482,0,,2026-08-26T19:55:35.047Z,2026-08-26T22:11:39.517Z,8164,2026-08-26T22:11:39.517Z,B55,Shoals,20846baf-2fe5-403c-85d4-31520e88a3ce,SAMMS-ShoalsV5
202608262209456801,202608261955299693,202608261955298282,85,640,Bronze INV,br_AdmissionAssessmentDimensionFour,TASK_COMPLETE,SUCCESS,INFO,170,170,0,,2026-08-26T19:55:35.047Z,2026-08-26T22:11:39.517Z,8164,2026-08-26T22:11:39.517Z,B57,Pawtucket,20846baf-2fe5-403c-85d4-31520e88a3ce,SAMMS-Pawtucket
202608262209456802,202608261955299694,202608261955298282,85,641,Bronze INV,br_AdmissionAssessmentDimensionFour,TASK_COMPLETE,SUCCESS,INFO,168,168,0,,2026-08-26T19:55:35.047Z,2026-08-26T22:11:39.517Z,8164,2026-08-26T22:11:39.517Z,B57A,Johnston,20846baf-2fe5-403c-85d4-31520e88a3ce,SAMMS-Johnston
202608262209456804,202608261955299695,202608261955298282,85,642,Bronze INV,br_AdmissionAssessmentDimensionFour,TASK_COMPLETE,SUCCESS,INFO,87,87,0,,2026-08-26T19:55:35.047Z,2026-08-26T22:11:39.517Z,8164,2026-08-26T22:11:39.517Z,B57B,Middletown,20846baf-2fe5-403c-85d4-31520e88a3ce,SAMMS-Middletown
202608262209456805,202608261955299696,202608261955298282,85,643,Bronze INV,br_AdmissionAssessmentDimensionFour,TASK_COMPLETE,SUCCESS,INFO,176,176,0,,2026-08-26T19:55:35.047Z,2026-08-26T22:11:39.517Z,8164,2026-08-26T22:11:39.517Z,B57C,Providence,20846baf-2fe5-403c-85d4-31520e88a3ce,SAMMS-Providence
202608262209456806,202608261955299697,202608261955298282,85,644,Bronze INV,br_AdmissionAssessmentDimensionFour,TASK_COMPLETE,SUCCESS,INFO,250,250,0,,2026-08-26T19:55:35.047Z,2026-08-26T22:11:39.517Z,8164,2026-08-26T22:11:39.517Z,B57D,Westerly,20846baf-2fe5-403c-85d4-31520e88a3ce,SAMMS-Westerly
202608262209456807,202608261955299698,202608261955298282,85,648,Bronze INV,br_AdmissionAssessmentDimensionFour,TASK_COMPLETE,SUCCESS,INFO,364,364,0,,2026-08-26T19:55:35.047Z,2026-08-26T22:11:39.517Z,8164,2026-08-26T22:11:39.517Z,B66A,Bremen,20846baf-2fe5-403c-85d4-31520e88a3ce,SAMMS-Bremen
202608262209456808,202608261955299699,202608261955298282,85,651,Bronze INV,br_AdmissionAssessmentDimensionFour,TASK_COMPLETE,SUCCESS,INFO,13,13,0,,2026-08-26T19:55:35.047Z,2026-08-26T22:11:39.517Z,8164,2026-08-26T22:11:39.517Z,B72,Mobile (OBOT),20846baf-2fe5-403c-85d4-31520e88a3ce,SAMMS-Mobile-OBOT
202608262209456809,202608261955299700,202608261955298282,85,652,Bronze INV,br_AdmissionAssessmentDimensionFour,TASK_COMPLETE,SUCCESS,INFO,2,2,0,,2026-08-26T19:55:35.047Z,2026-08-26T22:11:39.517Z,8164,2026-08-26T22:11:39.517Z,B73,Montgomery,20846baf-2fe5-403c-85d4-31520e88a3ce,SAMMS-Montgomery
202608262209456810,202608261955299701,202608261955298282,85,653,Bronze INV,br_AdmissionAssessmentDimensionFour,TASK_COMPLETE,SUCCESS,INFO,316,316,0,,2026-08-26T19:55:35.047Z,2026-08-26T22:11:39.517Z,8164,2026-08-26T22:11:39.517Z,B75,Lawrence,20846baf-2fe5-403c-85d4-31520e88a3ce,SAMMS-LawrenceV6
202608262209456811,202608261955299702,202608261955298282,85,654,Bronze INV,br_AdmissionAssessmentDimensionFour,TASK_COMPLETE,SUCCESS,INFO,49,49,0,,2026-08-26T19:55:35.047Z,2026-08-26T22:11:39.517Z,8164,2026-08-26T22:11:39.517Z,B76,Huntsville OBOT,20846baf-2fe5-403c-85d4-31520e88a3ce,SAMMS-Huntsville-OBOT
202608262209456813,202608261955299703,202608261955298282,85,655,Bronze INV,br_AdmissionAssessmentDimensionFour,TASK_COMPLETE,SUCCESS,INFO,301,301,0,,2026-08-26T19:55:35.047Z,2026-08-26T22:11:39.517Z,8164,2026-08-26T22:11:39.517Z,BAT,Batesville,20846baf-2fe5-403c-85d4-31520e88a3ce,SAMMS-Batesville
202608262209456814,202608261955299704,202608261955298282,85,656,Bronze INV,br_AdmissionAssessmentDimensionFour,TASK_COMPLETE,SUCCESS,INFO,234,234,0,,2026-08-26T19:55:35.047Z,2026-08-26T22:11:39.517Z,8164,2026-08-26T22:11:39.517Z,BG,Bowling Green,20846baf-2fe5-403c-85d4-31520e88a3ce,SAMMS-BowlingGreen
202608262209456815,202608261955299705,202608261955298282,85,657,Bronze INV,br_AdmissionAssessmentDimensionFour,TASK_COMPLETE,SUCCESS,INFO,215,215,0,,2026-08-26T19:55:35.047Z,2026-08-26T22:11:39.517Z,8164,2026-08-26T22:11:39.517Z,BOI,Boise,20846baf-2fe5-403c-85d4-31520e88a3ce,SAMMS-Boise
202608262209456816,202608261955299706,202608261955298282,85,664,Bronze INV,br_AdmissionAssessmentDimensionFour,TASK_COMPLETE,SUCCESS,INFO,283,283,0,,2026-08-26T19:55:35.047Z,2026-08-26T22:11:39.517Z,8164,2026-08-26T22:11:39.517Z,CBCO,Coeur dAlene,20846baf-2fe5-403c-85d4-31520e88a3ce,SAMMS-CoeurdAleneV6
202608262209456817,202608261955299707,202608261955298282,85,683,Bronze INV,br_AdmissionAssessmentDimensionFour,TASK_COMPLETE,SUCCESS,INFO,302,302,0,,2026-08-26T19:55:35.047Z,2026-08-26T22:11:39.517Z,8164,2026-08-26T22:11:39.517Z,CON,Conway,20846baf-2fe5-403c-85d4-31520e88a3ce,SAMMS-Conway
202608262209456818,202608261955299708,202608261955298282,85,684,Bronze INV,br_AdmissionAssessmentDimensionFour,TASK_COMPLETE,SUCCESS,INFO,1542,1542,0,,2026-08-26T19:55:35.047Z,2026-08-26T22:11:39.517Z,8164,2026-08-26T22:11:39.517Z,D07,Medical Services Knox TN,20846baf-2fe5-403c-85d4-31520e88a3ce,SAMMS-KnoxvilleV6
202608262209456819,202608261955299709,202608261955298282,85,685,Bronze INV,br_AdmissionAssessmentDimensionFour,TASK_COMPLETE,SUCCESS,INFO,956,956,0,,2026-08-26T19:55:35.047Z,2026-08-26T22:11:39.517Z,8164,2026-08-26T22:11:39.517Z,D08,Madison,20846baf-2fe5-403c-85d4-31520e88a3ce,SAMMS-MadisonV6
202608262209456820,202608261955299710,202608261955298282,85,687,Bronze INV,br_AdmissionAssessmentDimensionFour,TASK_COMPLETE,SUCCESS,INFO,928,928,0,,2026-08-26T19:55:35.047Z,2026-08-26T22:11:39.517Z,8164,2026-08-26T22:11:39.517Z,D09,Murfreesboro,20846baf-2fe5-403c-85d4-31520e88a3ce,SAMMS-MurfreesboroV6
202608262209456821,202608261955299711,202608261955298282,85,688,Bronze INV,br_AdmissionAssessmentDimensionFour,TASK_COMPLETE,SUCCESS,INFO,219,219,0,,2026-08-26T19:55:35.047Z,2026-08-26T22:11:39.517Z,8164,2026-08-26T22:11:39.517Z,DA,Davenport,20846baf-2fe5-403c-85d4-31520e88a3ce,SAMMS-Davenport
202608262209456822,202608261955299712,202608261955298282,85,689,Bronze INV,br_AdmissionAssessmentDimensionFour,TASK_COMPLETE,SUCCESS,INFO,351,351,0,,2026-08-26T19:55:35.047Z,2026-08-26T22:11:39.517Z,8164,2026-08-26T22:11:39.517Z,DM,Des Moines,20846baf-2fe5-403c-85d4-31520e88a3ce,SAMMS-DesMoines
202608262209456824,202608261955299713,202608261955298282,85,691,Bronze INV,br_AdmissionAssessmentDimensionFour,TASK_COMPLETE,SUCCESS,INFO,477,477,0,,2026-08-26T19:55:35.047Z,2026-08-26T22:11:39.517Z,8164,2026-08-26T22:11:39.517Z,DRD-CO,Columbia MO,20846baf-2fe5-403c-85d4-31520e88a3ce,SAMMS-ColumbiaV5
202608262209456825,202608261955299714,202608261955298282,85,692,Bronze INV,br_AdmissionAssessmentDimensionFour,TASK_COMPLETE,SUCCESS,INFO,592,592,0,,2026-08-26T19:55:35.047Z,2026-08-26T22:11:39.517Z,8164,2026-08-26T22:11:39.517Z,DRD-KC,KC,20846baf-2fe5-403c-85d4-31520e88a3ce,SAMMS-KCv5
202608262209456826,202608261955299715,202608261955298282,85,693,Bronze INV,br_AdmissionAssessmentDimensionFour,TASK_COMPLETE,SUCCESS,INFO,950,950,0,,2026-08-26T19:55:35.047Z,2026-08-26T22:11:39.517Z,8164,2026-08-26T22:11:39.517Z,DRD-KVB,KVB,20846baf-2fe5-403c-85d4-31520e88a3ce,SAMMS-KVBv5
202608262209456827,202608261955299716,202608261955298282,85,694,Bronze INV,br_AdmissionAssessmentDimensionFour,TASK_COMPLETE,SUCCESS,INFO,1566,1566,0,,2026-08-26T19:55:35.047Z,2026-08-26T22:11:39.517Z,8164,2026-08-26T22:11:39.517Z,DRD-KVC,KVC,20846baf-2fe5-403c-85d4-31520e88a3ce,SAMMS-KVCv5
202608262209456828,202608261955299717,202608261955298282,85,695,Bronze INV,br_AdmissionAssessmentDimensionFour,TASK_COMPLETE,SUCCESS,INFO,1257,1257,0,,2026-08-26T19:55:35.047Z,2026-08-26T22:11:39.517Z,8164,2026-08-26T22:11:39.517Z,DRD-NOLA,NOLA,20846baf-2fe5-403c-85d4-31520e88a3ce,SAMMS-NOLAv5
202608262209456829,202608261955299718,202608261955298282,85,696,Bronze INV,br_AdmissionAssessmentDimensionFour,TASK_COMPLETE,SUCCESS,INFO,735,735,0,,2026-08-26T19:55:35.047Z,2026-08-26T22:11:39.517Z,8164,2026-08-26T22:11:39.517Z,DRD-SF,Springfield,20846baf-2fe5-403c-85d4-31520e88a3ce,SAMMS-SFv5
202608262209456830,202608261955299719,202608261955298282,85,698,Bronze INV,br_AdmissionAssessmentDimensionFour,TASK_COMPLETE,SUCCESS,INFO,250,250,0,,2026-08-26T19:55:35.047Z,2026-08-26T22:11:39.517Z,8164,2026-08-26T22:11:39.517Z,ELC,Elizabeth City,20846baf-2fe5-403c-85d4-31520e88a3ce,SAMMS-ElizabethCity
202608262209456832,202608261955299720,202608261955298282,85,699,Bronze INV,br_AdmissionAssessmentDimensionFour,TASK_COMPLETE,SUCCESS,INFO,263,263,0,,2026-08-26T19:55:35.047Z,2026-08-26T22:11:39.517Z,8164,2026-08-26T22:11:39.517Z,ET,Elizabethtown,20846baf-2fe5-403c-85d4-31520e88a3ce,SAMMS-Elizabethtown
202608262209456833,202608261955299721,202608261955298282,85,700,Bronze INV,br_AdmissionAssessmentDimensionFour,TASK_COMPLETE,SUCCESS,INFO,228,228,0,,2026-08-26T19:55:35.047Z,2026-08-26T22:11:39.517Z,8164,2026-08-26T22:11:39.517Z,FAY,Fayetteville,20846baf-2fe5-403c-85d4-31520e88a3ce,SAMMS-Fayetteville
202608262209456834,202608261955299722,202608261955298282,85,701,Bronze INV,br_AdmissionAssessmentDimensionFour,TASK_COMPLETE,SUCCESS,INFO,178,178,0,,2026-08-26T19:55:35.047Z,2026-08-26T22:11:39.517Z,8164,2026-08-26T22:11:39.517Z,FR,Frankfort,20846baf-2fe5-403c-85d4-31520e88a3ce,SAMMS-Frankfort
202608262209456835,202608261955299723,202608261955298282,85,702,Bronze INV,br_AdmissionAssessmentDimensionFour,TASK_COMPLETE,SUCCESS,INFO,279,279,0,,2026-08-26T19:55:35.047Z,2026-08-26T22:11:39.517Z,8164,2026-08-26T22:11:39.517Z,FS,Fort Smith,20846baf-2fe5-403c-85d4-31520e88a3ce,SAMMS-FortSmith
202608262209456836,202608261955299724,202608261955298282,85,703,Bronze INV,br_AdmissionAssessmentDimensionFour,TASK_COMPLETE,SUCCESS,INFO,679,679,0,,2026-08-26T19:55:35.047Z,2026-08-26T22:11:39.517Z,8164,2026-08-26T22:11:39.517Z,FW,Fort Wayne,20846baf-2fe5-403c-85d4-31520e88a3ce,SAMMS-FortWayne
202608262209456837,202608261955299725,202608261955298282,85,704,Bronze INV,br_AdmissionAssessmentDimensionFour,TASK_COMPLETE,SUCCESS,INFO,102,102,0,,2026-08-26T19:55:35.047Z,2026-08-26T22:11:39.517Z,8164,2026-08-26T22:11:39.517Z,GAL,Gaylord,20846baf-2fe5-403c-85d4-31520e88a3ce,SAMMS-Gaylord
202608262209456838,202608261955299726,202608261955298282,85,708,Bronze INV,br_AdmissionAssessmentDimensionFour,TASK_COMPLETE,SUCCESS,INFO,616,616,0,,2026-08-26T19:55:35.047Z,2026-08-26T22:11:39.517Z,8164,2026-08-26T22:11:39.517Z,HGT,Hagerstown,20846baf-2fe5-403c-85d4-31520e88a3ce,SAMMS-Hagerstown
202608262209456839,202608261955299727,202608261955298282,85,709,Bronze INV,br_AdmissionAssessmentDimensionFour,TASK_COMPLETE,SUCCESS,INFO,466,466,0,,2026-08-26T19:55:35.047Z,2026-08-26T22:11:39.517Z,8164,2026-08-26T22:11:39.517Z,HNT,Huntsville,20846baf-2fe5-403c-85d4-31520e88a3ce,SAMMS-Huntsville
202608262209456840,202608261955299728,202608261955298282,85,710,Bronze INV,br_AdmissionAssessmentDimensionFour,TASK_COMPLETE,SUCCESS,INFO,304,304,0,,2026-08-26T19:55:35.047Z,2026-08-26T22:11:39.517Z,8164,2026-08-26T22:11:39.517Z,HS,Hot Springs,20846baf-2fe5-403c-85d4-31520e88a3ce,SAMMS-HotSprings
202608262209456841,202608261955299729,202608261955298282,85,711,Bronze INV,br_AdmissionAssessmentDimensionFour,TASK_COMPLETE,SUCCESS,INFO,269,269,0,,2026-08-26T19:55:35.047Z,2026-08-26T22:11:39.517Z,8164,2026-08-26T22:11:39.517Z,JON,Jonesboro,20846baf-2fe5-403c-85d4-31520e88a3ce,SAMMS-Jonesboro
202608262209456843,202608261955299730,202608261955298282,85,713,Bronze INV,br_AdmissionAssessmentDimensionFour,TASK_COMPLETE,SUCCESS,INFO,151,151,0,,2026-08-26T19:55:35.047Z,2026-08-26T22:11:39.517Z,8164,2026-08-26T22:11:39.517Z,LAN,Lansing,20846baf-2fe5-403c-85d4-31520e88a3ce,SAMMS-Lansing
202608262209456844,202608261955299731,202608261955298282,85,714,Bronze INV,br_AdmissionAssessmentDimensionFour,TASK_COMPLETE,SUCCESS,INFO,427,427,0,,2026-08-26T19:55:35.047Z,2026-08-26T22:11:39.517Z,8164,2026-08-26T22:11:39.517Z,LO,Louisville,20846baf-2fe5-403c-85d4-31520e88a3ce,SAMMS-Louisville
202608262209456845,202608261955299732,202608261955298282,85,715,Bronze INV,br_AdmissionAssessmentDimensionFour,TASK_COMPLETE,SUCCESS,INFO,1163,1163,0,,2026-08-26T19:55:35.047Z,2026-08-26T22:11:39.517Z,8164,2026-08-26T22:11:39.517Z,LV1,Cheyenne,20846baf-2fe5-403c-85d4-31520e88a3ce,SAMMS-Cheyenne
202608262209456846,202608261955299733,202608261955298282,85,716,Bronze INV,br_AdmissionAssessmentDimensionFour,TASK_COMPLETE,SUCCESS,INFO,931,931,0,,2026-08-26T19:55:35.047Z,2026-08-26T22:11:39.517Z,8164,2026-08-26T22:11:39.517Z,LV2,Desert Inn,20846baf-2fe5-403c-85d4-31520e88a3ce,SAMMS-DesertInn
202608262209456847,202608261955299734,202608261955298282,85,717,Bronze INV,br_AdmissionAssessmentDimensionFour,TASK_COMPLETE,SUCCESS,INFO,309,309,0,,2026-08-26T19:55:35.047Z,2026-08-26T22:11:39.517Z,8164,2026-08-26T22:11:39.517Z,LV3,McDaniel,20846baf-2fe5-403c-85d4-31520e88a3ce,SAMMS-McDaniel
202608262209456848,202608261955299735,202608261955298282,85,720,Bronze INV,br_AdmissionAssessmentDimensionFour,TASK_COMPLETE,SUCCESS,INFO,269,269,0,,2026-08-26T19:55:35.047Z,2026-08-26T22:11:39.517Z,8164,2026-08-26T22:11:39.517Z,MNRE,Monroe,20846baf-2fe5-403c-85d4-31520e88a3ce,SAMMS-Monroe
202608262209456849,202608261955299736,202608261955298282,85,721,Bronze INV,br_AdmissionAssessmentDimensionFour,TASK_COMPLETE,SUCCESS,INFO,118,118,0,,2026-08-26T19:55:35.047Z,2026-08-26T22:11:39.517Z,8164,2026-08-26T22:11:39.517Z,MP,Mt. Pleasant,20846baf-2fe5-403c-85d4-31520e88a3ce,SAMMS-MtPleasant
202608262209456850,202608261955299737,202608261955298282,85,722,Bronze INV,br_AdmissionAssessmentDimensionFour,TASK_COMPLETE,SUCCESS,INFO,170,170,0,,2026-08-26T19:55:35.047Z,2026-08-26T22:11:39.517Z,8164,2026-08-26T22:11:39.517Z,MRD,Meridian,20846baf-2fe5-403c-85d4-31520e88a3ce,SAMMS-Meridian
202608262209456851,202608261955299738,202608261955298282,85,727,Bronze INV,br_AdmissionAssessmentDimensionFour,TASK_COMPLETE,SUCCESS,INFO,636,636,0,,2026-08-26T19:55:35.047Z,2026-08-26T22:11:39.517Z,8164,2026-08-26T22:11:39.517Z,NC,North Charleston,20846baf-2fe5-403c-85d4-31520e88a3ce,SAMMS-NorthCharleston
202608262209456852,202608261955299739,202608261955298282,85,728,Bronze INV,br_AdmissionAssessmentDimensionFour,TASK_COMPLETE,SUCCESS,INFO,570,570,0,,2026-08-26T19:55:35.047Z,2026-08-26T22:11:39.517Z,8164,2026-08-26T22:11:39.517Z,NLR,N. Little Rock,20846baf-2fe5-403c-85d4-31520e88a3ce,SAMMS-NLROBOT
202608262209456854,202608261955299740,202608261955298282,85,729,Bronze INV,br_AdmissionAssessmentDimensionFour,TASK_COMPLETE,SUCCESS,INFO,234,234,0,,2026-08-26T19:55:35.047Z,2026-08-26T22:11:39.517Z,8164,2026-08-26T22:11:39.517Z,PH,Phoenix,20846baf-2fe5-403c-85d4-31520e88a3ce,SAMMS-Phoenix
202608262209456855,202608261955299741,202608261955298282,85,733,Bronze INV,br_AdmissionAssessmentDimensionFour,TASK_COMPLETE,SUCCESS,INFO,406,406,0,,2026-08-26T19:55:35.047Z,2026-08-26T22:11:39.517Z,8164,2026-08-26T22:11:39.517Z,RE,Reno,20846baf-2fe5-403c-85d4-31520e88a3ce,SAMMS-Reno
202608262209456856,202608261955299742,202608261955298282,85,734,Bronze INV,br_AdmissionAssessmentDimensionFour,TASK_COMPLETE,SUCCESS,INFO,388,388,0,,2026-08-26T19:55:35.047Z,2026-08-26T22:11:39.517Z,8164,2026-08-26T22:11:39.517Z,RMD,Richmond,20846baf-2fe5-403c-85d4-31520e88a3ce,SAMMS-Richmond
202608262209456857,202608261955299743,202608261955298282,85,735,Bronze INV,br_AdmissionAssessmentDimensionFour,TASK_COMPLETE,SUCCESS,INFO,483,483,0,,2026-08-26T19:55:35.047Z,2026-08-26T22:11:39.517Z,8164,2026-08-26T22:11:39.517Z,SFN,Springfield North,20846baf-2fe5-403c-85d4-31520e88a3ce,SAMMS-SFNv5
202608262209456858,202608261955299744,202608261955298282,85,736,Bronze INV,br_AdmissionAssessmentDimensionFour,TASK_COMPLETE,SUCCESS,INFO,446,446,0,,2026-08-26T19:55:35.047Z,2026-08-26T22:11:39.517Z,8164,2026-08-26T22:11:39.517Z,SHP,Shreveport,20846baf-2fe5-403c-85d4-31520e88a3ce,SAMMS-Shreveport
202608262209456859,202608261955299745,202608261955298282,85,738,Bronze INV,br_AdmissionAssessmentDimensionFour,TASK_COMPLETE,SUCCESS,INFO,80,80,0,,2026-08-26T19:55:35.047Z,2026-08-26T22:11:39.517Z,8164,2026-08-26T22:11:39.517Z,STN,Staunton,20846baf-2fe5-403c-85d4-31520e88a3ce,SAMMS-Staunton
202608262209456860,202608261955299746,202608261955298282,85,739,Bronze INV,br_AdmissionAssessmentDimensionFour,TASK_COMPLETE,SUCCESS,INFO,52,52,0,,2026-08-26T19:55:35.047Z,2026-08-26T22:11:39.517Z,8164,2026-08-26T22:11:39.517Z,STVN,Stevenson,20846baf-2fe5-403c-85d4-31520e88a3ce,SAMMS-Stevenson
202608262209456861,202608261955299747,202608261955298282,85,741,Bronze INV,br_AdmissionAssessmentDimensionFour,TASK_COMPLETE,SUCCESS,INFO,70,70,0,,2026-08-26T19:55:35.047Z,2026-08-26T22:11:39.517Z,8164,2026-08-26T22:11:39.517Z,TE,Tempe,20846baf-2fe5-403c-85d4-31520e88a3ce,SAMMS-Tempe
202608262209456862,202608261955299748,202608261955298282,85,742,Bronze INV,br_AdmissionAssessmentDimensionFour,TASK_COMPLETE,SUCCESS,INFO,366,366,0,,2026-08-26T19:55:35.047Z,2026-08-26T22:11:39.517Z,8164,2026-08-26T22:11:39.517Z,TEX,Texarkana,20846baf-2fe5-403c-85d4-31520e88a3ce,SAMMS-Texarkana
202608262209456863,202608261955299749,202608261955298282,85,743,Bronze INV,br_AdmissionAssessmentDimensionFour,TASK_COMPLETE,SUCCESS,INFO,419,419,0,,2026-08-26T19:55:35.047Z,2026-08-26T22:11:39.517Z,8164,2026-08-26T22:11:39.517Z,TTCA,Bessemer,20846baf-2fe5-403c-85d4-31520e88a3ce,SAMMS-BessemerV5
202608262209456865,202608261955299750,202608261955298282,85,744,Bronze INV,br_AdmissionAssessmentDimensionFour,TASK_COMPLETE,SUCCESS,INFO,548,548,0,,2026-08-26T19:55:35.047Z,2026-08-26T22:11:39.517Z,8164,2026-08-26T22:11:39.517Z,TTCB,Cullman,20846baf-2fe5-403c-85d4-31520e88a3ce,SAMMS-CullmanV5
202608262209456866,202608261955299751,202608261955298282,85,745,Bronze INV,br_AdmissionAssessmentDimensionFour,TASK_COMPLETE,SUCCESS,INFO,295,295,0,,2026-08-26T19:55:35.047Z,2026-08-26T22:11:39.517Z,8164,2026-08-26T22:11:39.517Z,TTCC,Grand Bay,20846baf-2fe5-403c-85d4-31520e88a3ce,SAMMS-GrandBay
202608262209456867,202608261955299752,202608261955298282,85,746,Bronze INV,br_AdmissionAssessmentDimensionFour,TASK_COMPLETE,SUCCESS,INFO,22,22,0,,2026-08-26T19:55:35.047Z,2026-08-26T22:11:39.517Z,8164,2026-08-26T22:11:39.517Z,TU,Tucson,20846baf-2fe5-403c-85d4-31520e88a3ce,SAMMS-Tucson
202608262209456868,202608261955299753,202608261955298282,85,748,Bronze INV,br_AdmissionAssessmentDimensionFour,TASK_COMPLETE,SUCCESS,INFO,252,252,0,,2026-08-26T19:55:35.047Z,2026-08-26T22:11:39.517Z,8164,2026-08-26T22:11:39.517Z,V1,Memphis South,20846baf-2fe5-403c-85d4-31520e88a3ce,SAMMS-VCPHCS-I-MemphisV5
202608262209456869,202608261955299754,202608261955298282,85,749,Bronze INV,br_AdmissionAssessmentDimensionFour,TASK_COMPLETE,SUCCESS,INFO,692,692,0,,2026-08-26T19:55:35.047Z,2026-08-26T22:11:39.517Z,8164,2026-08-26T22:11:39.517Z,V10,Longmont,20846baf-2fe5-403c-85d4-31520e88a3ce,SAMMS-BoulderV5
202608262209456870,202608261955299755,202608261955298282,85,750,Bronze INV,br_AdmissionAssessmentDimensionFour,TASK_COMPLETE,SUCCESS,INFO,1187,1187,0,,2026-08-26T19:55:35.047Z,2026-08-26T22:11:39.517Z,8164,2026-08-26T22:11:39.517Z,V10A,Fort Collins,20846baf-2fe5-403c-85d4-31520e88a3ce,SAMMS-FortCollinsV5
202608262209456871,202608261955299756,202608261955298282,85,751,Bronze INV,br_AdmissionAssessmentDimensionFour,TASK_COMPLETE,SUCCESS,INFO,984,984,0,,2026-08-26T19:55:35.047Z,2026-08-26T22:11:39.517Z,8164,2026-08-26T22:11:39.517Z,V11,Westminster,20846baf-2fe5-403c-85d4-31520e88a3ce,SAMMS-VCPHCS-XI-NorthDenverV5
202608262209456872,202608261955299757,202608261955298282,85,752,Bronze INV,br_AdmissionAssessmentDimensionFour,TASK_COMPLETE,SUCCESS,INFO,1054,1054,0,,2026-08-26T19:55:35.047Z,2026-08-26T22:11:39.517Z,8164,2026-08-26T22:11:39.517Z,V12,Downtown Denver,20846baf-2fe5-403c-85d4-31520e88a3ce,SAMMS-VCPHCS-XII-DowntownDenverV5
202608262209456873,202608261955299758,202608261955298282,85,753,Bronze INV,br_AdmissionAssessmentDimensionFour,TASK_COMPLETE,SUCCESS,INFO,475,475,0,,2026-08-26T19:55:35.047Z,2026-08-26T22:11:39.517Z,8164,2026-08-26T22:11:39.517Z,V12A,Centennial,20846baf-2fe5-403c-85d4-31520e88a3ce,SAMMS-CentennialV5
202608262209456874,202608261955299759,202608261955298282,85,754,Bronze INV,br_AdmissionAssessmentDimensionFour,TASK_COMPLETE,SUCCESS,INFO,291,291,0,,2026-08-26T19:55:35.047Z,2026-08-26T22:11:39.517Z,8164,2026-08-26T22:11:39.517Z,V14,Overland Park,20846baf-2fe5-403c-85d4-31520e88a3ce,SAMMS-VCPHCS-XIV-BridgewayV5
202608262209456875,202608261955299760,202608261955298282,85,755,Bronze INV,br_AdmissionAssessmentDimensionFour,TASK_COMPLETE,SUCCESS,INFO,564,564,0,,2026-08-26T19:55:35.047Z,2026-08-26T22:11:39.517Z,8164,2026-08-26T22:11:39.517Z,V15,Joplin,20846baf-2fe5-403c-85d4-31520e88a3ce,SAMMS-JoplinV5
202608262209456877,202608261955299761,202608261955298282,85,757,Bronze INV,br_AdmissionAssessmentDimensionFour,TASK_COMPLETE,SUCCESS,INFO,469,469,0,,2026-08-26T19:55:35.047Z,2026-08-26T22:11:39.517Z,8164,2026-08-26T22:11:39.517Z,V17,Columbia TN,20846baf-2fe5-403c-85d4-31520e88a3ce,SAMMS-ColumbiaTNv5
202608262209456878,202608261955299762,202608261955298282,85,759,Bronze INV,br_AdmissionAssessmentDimensionFour,TASK_COMPLETE,SUCCESS,INFO,410,410,0,,2026-08-26T19:55:35.047Z,2026-08-26T22:11:39.517Z,8164,2026-08-26T22:11:39.517Z,V19,Jackson,20846baf-2fe5-403c-85d4-31520e88a3ce,SAMMS-JacksonV5
202608262209456879,202608261955299763,202608261955298282,85,761,Bronze INV,br_AdmissionAssessmentDimensionFour,TASK_COMPLETE,SUCCESS,INFO,482,482,0,,2026-08-26T19:55:35.047Z,2026-08-26T22:11:39.517Z,8164,2026-08-26T22:11:39.517Z,V20,Paris,20846baf-2fe5-403c-85d4-31520e88a3ce,SAMMS-ParisV5
202608262209456880,202608261955299764,202608261955298282,85,762,Bronze INV,br_AdmissionAssessmentDimensionFour,TASK_COMPLETE,SUCCESS,INFO,353,353,0,,2026-08-26T19:55:35.047Z,2026-08-26T22:11:39.517Z,8164,2026-08-26T22:11:39.517Z,V21,Memphis North,20846baf-2fe5-403c-85d4-31520e88a3ce,SAMMS-RaleighV5
202608262209456881,202608261955299765,202608261955298282,85,765,Bronze INV,br_AdmissionAssessmentDimensionFour,TASK_COMPLETE,SUCCESS,INFO,699,699,0,,2026-08-26T19:55:35.047Z,2026-08-26T22:11:39.517Z,8164,2026-08-26T22:11:39.517Z,V5,West Bank,20846baf-2fe5-403c-85d4-31520e88a3ce,SAMMS-NONTCv5
202608262209456882,202608261955299766,202608261955298282,85,767,Bronze INV,br_AdmissionAssessmentDimensionFour,TASK_COMPLETE,SUCCESS,INFO,253,253,0,,2026-08-26T19:55:35.047Z,2026-08-26T22:11:39.517Z,8164,2026-08-26T22:11:39.517Z,V5B,Houma,20846baf-2fe5-403c-85d4-31520e88a3ce,SAMMS-HoumaV6
202608262209456883,202608261955299767,202608261955298282,85,768,Bronze INV,br_AdmissionAssessmentDimensionFour,TASK_COMPLETE,SUCCESS,INFO,953,953,0,,2026-08-26T19:55:35.047Z,2026-08-26T22:11:39.517Z,8164,2026-08-26T22:11:39.517Z,V6,Lake Charles,20846baf-2fe5-403c-85d4-31520e88a3ce,SAMMS-LCv5
202608262209456884,202608261955299768,202608261955298282,85,770,Bronze INV,br_AdmissionAssessmentDimensionFour,TASK_COMPLETE,SUCCESS,INFO,560,560,0,,2026-08-26T19:55:35.047Z,2026-08-26T22:11:39.517Z,8164,2026-08-26T22:11:39.517Z,V8,Memphis Midtown,20846baf-2fe5-403c-85d4-31520e88a3ce,SAMMS-VCPHCS-VIII-MemphisV5
202608262209456886,202608261955299769,202608261955298282,85,771,Bronze INV,br_AdmissionAssessmentDimensionFour,TASK_COMPLETE,SUCCESS,INFO,1569,1569,0,,2026-08-26T19:55:35.047Z,2026-08-26T22:11:39.517Z,8164,2026-08-26T22:11:39.517Z,V9,Nashville,20846baf-2fe5-403c-85d4-31520e88a3ce,SAMMS-NashvilleV5
202608262209456887,202608261955299770,202608261955298282,85,772,Bronze INV,br_AdmissionAssessmentDimensionFour,TASK_COMPLETE,SUCCESS,INFO,330,330,0,,2026-08-26T19:55:35.047Z,2026-08-26T22:11:39.517Z,8164,2026-08-26T22:11:39.517Z,VBRA,Brainerd,20846baf-2fe5-403c-85d4-31520e88a3ce,SAMMS-BrainerdV6
202608262209456888,202608261955299771,202608261955298282,85,773,Bronze INV,br_AdmissionAssessmentDimensionFour,TASK_COMPLETE,SUCCESS,INFO,591,591,0,,2026-08-26T19:55:35.047Z,2026-08-26T22:11:39.517Z,8164,2026-08-26T22:11:39.517Z,VBRP,Brooklyn Park,20846baf-2fe5-403c-85d4-31520e88a3ce,SAMMS-BrooklynParkV6
202608252121597388,202608251925574920,202608251925573776,85,957,Bronze INV,br_AdmissionAssessmentDimensionOneDisorder,TASK_COMPLETE,SUCCESS,INFO,615,615,0,,2026-08-25T19:26:03.177Z,2026-08-25T21:23:56.829Z,7073,2026-08-25T21:23:56.829Z,VBRP,Brooklyn Park,7eb7a049-5d17-4a23-bb2f-3b9c445afd32,SAMMS-BrooklynParkV6
202608252121597389,202608251925574921,202608251925573776,85,959,Bronze INV,br_AdmissionAssessmentDimensionOneDisorder,TASK_COMPLETE,SUCCESS,INFO,585,585,0,,2026-08-25T19:26:03.177Z,2026-08-25T21:23:56.829Z,7073,2026-08-25T21:23:56.829Z,VMIN,Minneapolis,7eb7a049-5d17-4a23-bb2f-3b9c445afd32,SAMMS-MinneapolisV6
202608252121597390,202608251925574922,202608251925573776,85,960,Bronze INV,br_AdmissionAssessmentDimensionOneDisorder,TASK_COMPLETE,SUCCESS,INFO,1131,1131,0,,2026-08-25T19:26:03.177Z,2026-08-25T21:23:56.829Z,7073,2026-08-25T21:23:56.829Z,VWBY,Woodbury,7eb7a049-5d17-4a23-bb2f-3b9c445afd32,SAMMS-WoodburyV6
202608252121597391,202608251925574923,202608251925573776,85,962,Bronze INV,br_AdmissionAssessmentDimensionOneDisorder,TASK_COMPLETE,SUCCESS,INFO,437,437,0,,2026-08-25T19:26:03.177Z,2026-08-25T21:23:56.829Z,7073,2026-08-25T21:23:56.829Z,WIL,Wilson,7eb7a049-5d17-4a23-bb2f-3b9c445afd32,SAMMS-Wilson
202608252121597493,202608251925673778,202608251925673776,86,5721,Silver INV,sl_AdmissionAssessmentDimensionOneDisorder,TASK_COMPLETE,SUCCESS,INFO,53314,53314,0,,2026-08-25T19:26:03.177Z,2026-08-25T21:23:56.829Z,7073,2026-08-25T21:23:56.829Z,,,7eb7a049-5d17-4a23-bb2f-3b9c445afd32,
202608252121597423,202608251925575384,202608251925573776,85,966,Bronze INV,br_AdmissionAssessmentDimensionSix,TASK_COMPLETE,SUCCESS,INFO,98,98,0,,2026-08-25T19:26:03.177Z,2026-08-25T21:23:56.829Z,7073,2026-08-25T21:23:56.829Z,AHK,Ahoskie,7eb7a049-5d17-4a23-bb2f-3b9c445afd32,SAMMS-Ahoskie
202608252121597424,202608251925575385,202608251925573776,85,967,Bronze INV,br_AdmissionAssessmentDimensionSix,TASK_COMPLETE,SUCCESS,INFO,787,787,0,,2026-08-25T19:26:03.177Z,2026-08-25T21:23:56.829Z,7073,2026-08-25T21:23:56.829Z,B12B,Colorado Springs,7eb7a049-5d17-4a23-bb2f-3b9c445afd32,SAMMS-ColoradoSpringsV5
202608252121597425,202608251925575386,202608251925573776,85,968,Bronze INV,br_AdmissionAssessmentDimensionSix,TASK_COMPLETE,SUCCESS,INFO,415,415,0,,2026-08-25T19:26:03.177Z,2026-08-25T21:23:56.829Z,7073,2026-08-25T21:23:56.829Z,B24,Paintsville,7eb7a049-5d17-4a23-bb2f-3b9c445afd32,SAMMS-PaintsvilleV5
202608252121597426,202608251925575387,202608251925573776,85,969,Bronze INV,br_AdmissionAssessmentDimensionSix,TASK_COMPLETE,SUCCESS,INFO,171,171,0,,2026-08-25T19:26:03.177Z,2026-08-25T21:23:56.829Z,7073,2026-08-25T21:23:56.829Z,B25,Pikeville,7eb7a049-5d17-4a23-bb2f-3b9c445afd32,SAMMS-PikevilleV5
202608252121597427,202608251925575388,202608251925573776,85,970,Bronze INV,br_AdmissionAssessmentDimensionSix,TASK_COMPLETE,SUCCESS,INFO,493,493,0,,2026-08-25T19:26:03.177Z,2026-08-25T21:23:56.829Z,7073,2026-08-25T21:23:56.829Z,B26,Hazard,7eb7a049-5d17-4a23-bb2f-3b9c445afd32,SAMMS-HazardV5
202608252121597428,202608251925575389,202608251925573776,85,971,Bronze INV,br_AdmissionAssessmentDimensionSix,TASK_COMPLETE,SUCCESS,INFO,190,190,0,,2026-08-25T19:26:03.177Z,2026-08-25T21:23:56.829Z,7073,2026-08-25T21:23:56.829Z,B27,Savannah,7eb7a049-5d17-4a23-bb2f-3b9c445afd32,SAMMS-SavannahV6
202608252121597430,202608251925575390,202608251925573776,85,972,Bronze INV,br_AdmissionAssessmentDimensionSix,TASK_COMPLETE,SUCCESS,INFO,236,236,0,,2026-08-25T19:26:03.177Z,2026-08-25T21:23:56.829Z,7073,2026-08-25T21:23:56.829Z,B28,West Plains,7eb7a049-5d17-4a23-bb2f-3b9c445afd32,SAMMS-WestPlainesV5
202608252121597431,202608251925575391,202608251925573776,85,973,Bronze INV,br_AdmissionAssessmentDimensionSix,TASK_COMPLETE,SUCCESS,INFO,259,259,0,,2026-08-25T19:26:03.177Z,2026-08-25T21:23:56.829Z,7073,2026-08-25T21:23:56.829Z,B29,Poplar Bluff,7eb7a049-5d17-4a23-bb2f-3b9c445afd32,SAMMS-PoplarBluffV5
202608252121597432,202608251925575392,202608251925573776,85,974,Bronze INV,br_AdmissionAssessmentDimensionSix,TASK_COMPLETE,SUCCESS,INFO,139,139,0,,2026-08-25T19:26:03.177Z,2026-08-25T21:23:56.829Z,7073,2026-08-25T21:23:56.829Z,B30,KC North,7eb7a049-5d17-4a23-bb2f-3b9c445afd32,SAMMS-KCNv5
202608252121597433,202608251925575393,202608251925573776,85,975,Bronze INV,br_AdmissionAssessmentDimensionSix,TASK_COMPLETE,SUCCESS,INFO,336,336,0,,2026-08-25T19:26:03.177Z,2026-08-25T21:23:56.829Z,7073,2026-08-25T21:23:56.829Z,B31,Dyersburg,7eb7a049-5d17-4a23-bb2f-3b9c445afd32,SAMMS-DyersburgV5
202608252121597434,202608251925575394,202608251925573776,85,977,Bronze INV,br_AdmissionAssessmentDimensionSix,TASK_COMPLETE,SUCCESS,INFO,213,213,0,,2026-08-25T19:26:03.177Z,2026-08-25T21:23:56.829Z,7073,2026-08-25T21:23:56.829Z,B33,Paducah,7eb7a049-5d17-4a23-bb2f-3b9c445afd32,SAMMS-Paducah
202608252121597435,202608251925575395,202608251925573776,85,978,Bronze INV,br_AdmissionAssessmentDimensionSix,TASK_COMPLETE,SUCCESS,INFO,443,443,0,,2026-08-25T19:26:03.177Z,2026-08-25T21:23:56.829Z,7073,2026-08-25T21:23:56.829Z,B34,Corbin,7eb7a049-5d17-4a23-bb2f-3b9c445afd32,SAMMS-CorbinV5
202608252121597437,202608251925575396,202608251925573776,85,979,Bronze INV,br_AdmissionAssessmentDimensionSix,TASK_COMPLETE,SUCCESS,INFO,712,712,0,,2026-08-25T19:26:03.177Z,2026-08-25T21:23:56.829Z,7073,2026-08-25T21:23:56.829Z,B35,Lexington,7eb7a049-5d17-4a23-bb2f-3b9c445afd32,SAMMS-LexingtonV5
202608252121597438,202608251925575397,202608251925573776,85,980,Bronze INV,br_AdmissionAssessmentDimensionSix,TASK_COMPLETE,SUCCESS,INFO,346,346,0,,2026-08-25T19:26:03.177Z,2026-08-25T21:23:56.829Z,7073,2026-08-25T21:23:56.829Z,B35A,Berea,7eb7a049-5d17-4a23-bb2f-3b9c445afd32,SAMMS-BereaV5
202608252121597439,202608251925575398,202608251925573776,85,981,Bronze INV,br_AdmissionAssessmentDimensionSix,TASK_COMPLETE,SUCCESS,INFO,603,603,0,,2026-08-25T19:26:03.177Z,2026-08-25T21:23:56.829Z,7073,2026-08-25T21:23:56.829Z,B36,Asheville,7eb7a049-5d17-4a23-bb2f-3b9c445afd32,SAMMS-AshevilleV5
202608252121597440,202608251925575399,202608251925573776,85,982,Bronze INV,br_AdmissionAssessmentDimensionSix,TASK_COMPLETE,SUCCESS,INFO,446,446,0,,2026-08-25T19:26:03.177Z,2026-08-25T21:23:56.829Z,7073,2026-08-25T21:23:56.829Z,B37,Clyde,7eb7a049-5d17-4a23-bb2f-3b9c445afd32,SAMMS-ClydeV5
202608252121597441,202608251925575400,202608251925573776,85,983,Bronze INV,br_AdmissionAssessmentDimensionSix,TASK_COMPLETE,SUCCESS,INFO,629,629,0,,2026-08-25T19:26:03.177Z,2026-08-25T21:23:56.829Z,7073,2026-08-25T21:23:56.829Z,B38,Spartanburg,7eb7a049-5d17-4a23-bb2f-3b9c445afd32,SAMMS-SpartanburgV5
202608252121597442,202608251925575401,202608251925573776,85,984,Bronze INV,br_AdmissionAssessmentDimensionSix,TASK_COMPLETE,SUCCESS,INFO,471,471,0,,2026-08-25T19:26:03.177Z,2026-08-25T21:23:56.829Z,7073,2026-08-25T21:23:56.829Z,B39,Aiken,7eb7a049-5d17-4a23-bb2f-3b9c445afd32,SAMMS-AikenV5
202608252121597444,202608251925575402,202608251925573776,85,985,Bronze INV,br_AdmissionAssessmentDimensionSix,TASK_COMPLETE,SUCCESS,INFO,289,289,0,,2026-08-25T19:26:03.177Z,2026-08-25T21:23:56.829Z,7073,2026-08-25T21:23:56.829Z,B41,Chesapeake,7eb7a049-5d17-4a23-bb2f-3b9c445afd32,SAMMS-ChesapeakeV5
202608252121597445,202608251925575403,202608251925573776,85,986,Bronze INV,br_AdmissionAssessmentDimensionSix,TASK_COMPLETE,SUCCESS,INFO,531,531,0,,2026-08-25T19:26:03.177Z,2026-08-25T21:23:56.829Z,7073,2026-08-25T21:23:56.829Z,B42,Virginia Beach,7eb7a049-5d17-4a23-bb2f-3b9c445afd32,SAMMS-VirginiaBeachV5
202608252121597446,202608251925575404,202608251925573776,85,987,Bronze INV,br_AdmissionAssessmentDimensionSix,TASK_COMPLETE,SUCCESS,INFO,162,162,0,,2026-08-25T19:26:03.177Z,2026-08-25T21:23:56.829Z,7073,2026-08-25T21:23:56.829Z,B42A,Newport News,7eb7a049-5d17-4a23-bb2f-3b9c445afd32,SAMMS-NewportNewsV5
202608252121597447,202608251925575405,202608251925573776,85,988,Bronze INV,br_AdmissionAssessmentDimensionSix,TASK_COMPLETE,SUCCESS,INFO,54,54,0,,2026-08-25T19:26:03.177Z,2026-08-25T21:23:56.829Z,7073,2026-08-25T21:23:56.829Z,B42B,Franklin,7eb7a049-5d17-4a23-bb2f-3b9c445afd32,SAMMS-FranklinV5
202608252121597448,202608251925575406,202608251925573776,85,989,Bronze INV,br_AdmissionAssessmentDimensionSix,TASK_COMPLETE,SUCCESS,INFO,334,334,0,,2026-08-25T19:26:03.177Z,2026-08-25T21:23:56.829Z,7073,2026-08-25T21:23:56.829Z,B42C,Glen Allen,7eb7a049-5d17-4a23-bb2f-3b9c445afd32,SAMMS-GlenAllenV5
202608252121597449,202608251925575407,202608251925573776,85,990,Bronze INV,br_AdmissionAssessmentDimensionSix,TASK_COMPLETE,SUCCESS,INFO,168,168,0,,2026-08-25T19:26:03.177Z,2026-08-25T21:23:56.829Z,7073,2026-08-25T21:23:56.829Z,B42D,Chesapeake South,7eb7a049-5d17-4a23-bb2f-3b9c445afd32,SAMMS-ChesapeakeSouthV5
202608252121597451,202608251925575408,202608251925573776,85,991,Bronze INV,br_AdmissionAssessmentDimensionSix,TASK_COMPLETE,SUCCESS,INFO,206,206,0,,2026-08-25T19:26:03.177Z,2026-08-25T21:23:56.829Z,7073,2026-08-25T21:23:56.829Z,B44,Albany,7eb7a049-5d17-4a23-bb2f-3b9c445afd32,SAMMS-AlbanyV5
202608252121597452,202608251925575409,202608251925573776,85,992,Bronze INV,br_AdmissionAssessmentDimensionSix,TASK_COMPLETE,SUCCESS,INFO,306,306,0,,2026-08-25T19:26:03.177Z,2026-08-25T21:23:56.829Z,7073,2026-08-25T21:23:56.829Z,B45,Tifton,7eb7a049-5d17-4a23-bb2f-3b9c445afd32,SAMMS-TiftonV5
202608252121597453,202608251925575410,202608251925573776,85,993,Bronze INV,br_AdmissionAssessmentDimensionSix,TASK_COMPLETE,SUCCESS,INFO,661,661,0,,2026-08-25T19:26:03.177Z,2026-08-25T21:23:56.829Z,7073,2026-08-25T21:23:56.829Z,B46,Washington DC,7eb7a049-5d17-4a23-bb2f-3b9c445afd32,SAMMS-WashingtonDCv5
202608252121597454,202608251925575411,202608251925573776,85,994,Bronze INV,br_AdmissionAssessmentDimensionSix,TASK_COMPLETE,SUCCESS,INFO,345,345,0,,2026-08-25T19:26:03.177Z,2026-08-25T21:23:56.829Z,7073,2026-08-25T21:23:56.829Z,B47,Mobile,7eb7a049-5d17-4a23-bb2f-3b9c445afd32,SAMMS-MobileV5
202608252121597455,202608251925575412,202608251925573776,85,995,Bronze INV,br_AdmissionAssessmentDimensionSix,TASK_COMPLETE,SUCCESS,INFO,444,444,0,,2026-08-25T19:26:03.177Z,2026-08-25T21:23:56.829Z,7073,2026-08-25T21:23:56.829Z,B48,Tuscaloosa,7eb7a049-5d17-4a23-bb2f-3b9c445afd32,SAMMS-TuscaloosaV5
202608252121597456,202608251925575413,202608251925573776,85,1004,Bronze INV,br_AdmissionAssessmentDimensionSix,TASK_COMPLETE,SUCCESS,INFO,309,309,0,,2026-08-25T19:26:03.177Z,2026-08-25T21:23:56.829Z,7073,2026-08-25T21:23:56.829Z,B51,N. Little Rock (OTP),7eb7a049-5d17-4a23-bb2f-3b9c445afd32,SAMMS-NorthLittleRockV6
202608252121597457,202608251925575414,202608251925573776,85,1005,Bronze INV,br_AdmissionAssessmentDimensionSix,TASK_COMPLETE,SUCCESS,INFO,154,154,0,,2026-08-25T19:26:03.177Z,2026-08-25T21:23:56.829Z,7073,2026-08-25T21:23:56.829Z,B52,Jackson GA,7eb7a049-5d17-4a23-bb2f-3b9c445afd32,SAMMS-JacksonGAV5
202608252121597459,202608251925575415,202608251925573776,85,1006,Bronze INV,br_AdmissionAssessmentDimensionSix,TASK_COMPLETE,SUCCESS,INFO,466,466,0,,2026-08-25T19:26:03.177Z,2026-08-25T21:23:56.829Z,7073,2026-08-25T21:23:56.829Z,B54,Gadsden,7eb7a049-5d17-4a23-bb2f-3b9c445afd32,SAMMS-GadsdenV5
202608252121597460,202608251925575416,202608251925573776,85,1007,Bronze INV,br_AdmissionAssessmentDimensionSix,TASK_COMPLETE,SUCCESS,INFO,484,484,0,,2026-08-25T19:26:03.177Z,2026-08-25T21:23:56.829Z,7073,2026-08-25T21:23:56.829Z,B55,Shoals,7eb7a049-5d17-4a23-bb2f-3b9c445afd32,SAMMS-ShoalsV5
202608252121597461,202608251925575417,202608251925573776,85,1008,Bronze INV,br_AdmissionAssessmentDimensionSix,TASK_COMPLETE,SUCCESS,INFO,171,171,0,,2026-08-25T19:26:03.177Z,2026-08-25T21:23:56.829Z,7073,2026-08-25T21:23:56.829Z,B57,Pawtucket,7eb7a049-5d17-4a23-bb2f-3b9c445afd32,SAMMS-Pawtucket
202608252121597462,202608251925575418,202608251925573776,85,1009,Bronze INV,br_AdmissionAssessmentDimensionSix,TASK_COMPLETE,SUCCESS,INFO,169,169,0,,2026-08-25T19:26:03.177Z,2026-08-25T21:23:56.829Z,7073,2026-08-25T21:23:56.829Z,B57A,Johnston,7eb7a049-5d17-4a23-bb2f-3b9c445afd32,SAMMS-Johnston
202608252121597463,202608251925575419,202608251925573776,85,1010,Bronze INV,br_AdmissionAssessmentDimensionSix,TASK_COMPLETE,SUCCESS,INFO,87,87,0,,2026-08-25T19:26:03.177Z,2026-08-25T21:23:56.829Z,7073,2026-08-25T21:23:56.829Z,B57B,Middletown,7eb7a049-5d17-4a23-bb2f-3b9c445afd32,SAMMS-Middletown
202608252121597464,202608251925575420,202608251925573776,85,1011,Bronze INV,br_AdmissionAssessmentDimensionSix,TASK_COMPLETE,SUCCESS,INFO,176,176,0,,2026-08-25T19:26:03.177Z,2026-08-25T21:23:56.829Z,7073,2026-08-25T21:23:56.829Z,B57C,Providence,7eb7a049-5d17-4a23-bb2f-3b9c445afd32,SAMMS-Providence
202608252121597466,202608251925575421,202608251925573776,85,1012,Bronze INV,br_AdmissionAssessmentDimensionSix,TASK_COMPLETE,SUCCESS,INFO,255,255,0,,2026-08-25T19:26:03.177Z,2026-08-25T21:23:56.829Z,7073,2026-08-25T21:23:56.829Z,B57D,Westerly,7eb7a049-5d17-4a23-bb2f-3b9c445afd32,SAMMS-Westerly
202608252121597467,202608251925575422,202608251925573776,85,1016,Bronze INV,br_AdmissionAssessmentDimensionSix,TASK_COMPLETE,SUCCESS,INFO,363,363,0,,2026-08-25T19:26:03.177Z,2026-08-25T21:23:56.829Z,7073,2026-08-25T21:23:56.829Z,B66A,Bremen,7eb7a049-5d17-4a23-bb2f-3b9c445afd32,SAMMS-Bremen
202608252121597468,202608251925575423,202608251925573776,85,1019,Bronze INV,br_AdmissionAssessmentDimensionSix,TASK_COMPLETE,SUCCESS,INFO,13,13,0,,2026-08-25T19:26:03.177Z,2026-08-25T21:23:56.829Z,7073,2026-08-25T21:23:56.829Z,B72,Mobile (OBOT),7eb7a049-5d17-4a23-bb2f-3b9c445afd32,SAMMS-Mobile-OBOT
202608252121597469,202608251925575424,202608251925573776,85,1020,Bronze INV,br_AdmissionAssessmentDimensionSix,TASK_COMPLETE,SUCCESS,INFO,2,2,0,,2026-08-25T19:26:03.177Z,2026-08-25T21:23:56.829Z,7073,2026-08-25T21:23:56.829Z,B73,Montgomery,7eb7a049-5d17-4a23-bb2f-3b9c445afd32,SAMMS-Montgomery
202608252121597470,202608251925575425,202608251925573776,85,1021,Bronze INV,br_AdmissionAssessmentDimensionSix,TASK_COMPLETE,SUCCESS,INFO,316,316,0,,2026-08-25T19:26:03.177Z,2026-08-25T21:23:56.829Z,7073,2026-08-25T21:23:56.829Z,B75,Lawrence,7eb7a049-5d17-4a23-bb2f-3b9c445afd32,SAMMS-LawrenceV6
202608252121597471,202608251925575426,202608251925573776,85,1022,Bronze INV,br_AdmissionAssessmentDimensionSix,TASK_COMPLETE,SUCCESS,INFO,50,50,0,,2026-08-25T19:26:03.177Z,2026-08-25T21:23:56.829Z,7073,2026-08-25T21:23:56.829Z,B76,Huntsville OBOT,7eb7a049-5d17-4a23-bb2f-3b9c445afd32,SAMMS-Huntsville-OBOT
202608252121597473,202608251925575427,202608251925573776,85,1023,Bronze INV,br_AdmissionAssessmentDimensionSix,TASK_COMPLETE,SUCCESS,INFO,298,298,0,,2026-08-25T19:26:03.177Z,2026-08-25T21:23:56.829Z,7073,2026-08-25T21:23:56.829Z,BAT,Batesville,7eb7a049-5d17-4a23-bb2f-3b9c445afd32,SAMMS-Batesville
202608252121597474,202608251925575428,202608251925573776,85,1024,Bronze INV,br_AdmissionAssessmentDimensionSix,TASK_COMPLETE,SUCCESS,INFO,235,235,0,,2026-08-25T19:26:03.177Z,2026-08-25T21:23:56.829Z,7073,2026-08-25T21:23:56.829Z,BG,Bowling Green,7eb7a049-5d17-4a23-bb2f-3b9c445afd32,SAMMS-BowlingGreen
202608252121597475,202608251925575429,202608251925573776,85,1025,Bronze INV,br_AdmissionAssessmentDimensionSix,TASK_COMPLETE,SUCCESS,INFO,214,214,0,,2026-08-25T19:26:03.177Z,2026-08-25T21:23:56.829Z,7073,2026-08-25T21:23:56.829Z,BOI,Boise,7eb7a049-5d17-4a23-bb2f-3b9c445afd32,SAMMS-Boise
202608252121597476,202608251925575430,202608251925573776,85,1032,Bronze INV,br_AdmissionAssessmentDimensionSix,TASK_COMPLETE,SUCCESS,INFO,283,283,0,,2026-08-25T19:26:03.177Z,2026-08-25T21:23:56.829Z,7073,2026-08-25T21:23:56.829Z,CBCO,Coeur dAlene,7eb7a049-5d17-4a23-bb2f-3b9c445afd32,SAMMS-CoeurdAleneV6
202608252121597477,202608251925575431,202608251925573776,85,1051,Bronze INV,br_AdmissionAssessmentDimensionSix,TASK_COMPLETE,SUCCESS,INFO,301,301,0,,2026-08-25T19:26:03.177Z,2026-08-25T21:23:56.829Z,7073,2026-08-25T21:23:56.829Z,CON,Conway,7eb7a049-5d17-4a23-bb2f-3b9c445afd32,SAMMS-Conway
202608252121597478,202608251925575432,202608251925573776,85,1052,Bronze INV,br_AdmissionAssessmentDimensionSix,TASK_COMPLETE,SUCCESS,INFO,1536,1536,0,,2026-08-25T19:26:03.177Z,2026-08-25T21:23:56.829Z,7073,2026-08-25T21:23:56.829Z,D07,Medical Services Knox TN,7eb7a049-5d17-4a23-bb2f-3b9c445afd32,SAMMS-KnoxvilleV6
202608252121597479,202608251925575433,202608251925573776,85,1053,Bronze INV,br_AdmissionAssessmentDimensionSix,TASK_COMPLETE,SUCCESS,INFO,954,954,0,,2026-08-25T19:26:03.177Z,2026-08-25T21:23:56.829Z,7073,2026-08-25T21:23:56.829Z,D08,Madison,7eb7a049-5d17-4a23-bb2f-3b9c445afd32,SAMMS-MadisonV6
202608252121597481,202608251925575434,202608251925573776,85,1055,Bronze INV,br_AdmissionAssessmentDimensionSix,TASK_COMPLETE,SUCCESS,INFO,926,926,0,,2026-08-25T19:26:03.177Z,2026-08-25T21:23:56.829Z,7073,2026-08-25T21:23:56.829Z,D09,Murfreesboro,7eb7a049-5d17-4a23-bb2f-3b9c445afd32,SAMMS-MurfreesboroV6
202608252121597482,202608251925575435,202608251925573776,85,1056,Bronze INV,br_AdmissionAssessmentDimensionSix,TASK_COMPLETE,SUCCESS,INFO,218,218,0,,2026-08-25T19:26:03.177Z,2026-08-25T21:23:56.829Z,7073,2026-08-25T21:23:56.829Z,DA,Davenport,7eb7a049-5d17-4a23-bb2f-3b9c445afd32,SAMMS-Davenport
202608252121597483,202608251925575436,202608251925573776,85,1057,Bronze INV,br_AdmissionAssessmentDimensionSix,TASK_COMPLETE,SUCCESS,INFO,349,349,0,,2026-08-25T19:26:03.177Z,2026-08-25T21:23:56.829Z,7073,2026-08-25T21:23:56.829Z,DM,Des Moines,7eb7a049-5d17-4a23-bb2f-3b9c445afd32,SAMMS-DesMoines
202608252121597484,202608251925575437,202608251925573776,85,1059,Bronze INV,br_AdmissionAssessmentDimensionSix,TASK_COMPLETE,SUCCESS,INFO,473,473,0,,2026-08-25T19:26:03.177Z,2026-08-25T21:23:56.829Z,7073,2026-08-25T21:23:56.829Z,DRD-CO,Columbia MO,7eb7a049-5d17-4a23-bb2f-3b9c445afd32,SAMMS-ColumbiaV5
202608252121597485,202608251925575438,202608251925573776,85,1060,Bronze INV,br_AdmissionAssessmentDimensionSix,TASK_COMPLETE,SUCCESS,INFO,592,592,0,,2026-08-25T19:26:03.177Z,2026-08-25T21:23:56.829Z,7073,2026-08-25T21:23:56.829Z,DRD-KC,KC,7eb7a049-5d17-4a23-bb2f-3b9c445afd32,SAMMS-KCv5
202608252121597486,202608251925575439,202608251925573776,85,1061,Bronze INV,br_AdmissionAssessmentDimensionSix,TASK_COMPLETE,SUCCESS,INFO,944,944,0,,2026-08-25T19:26:03.177Z,2026-08-25T21:23:56.829Z,7073,2026-08-25T21:23:56.829Z,DRD-KVB,KVB,7eb7a049-5d17-4a23-bb2f-3b9c445afd32,SAMMS-KVBv5
202608252121597488,202608251925575440,202608251925573776,85,1062,Bronze INV,br_AdmissionAssessmentDimensionSix,TASK_COMPLETE,SUCCESS,INFO,1563,1563,0,,2026-08-25T19:26:03.177Z,2026-08-25T21:23:56.829Z,7073,2026-08-25T21:23:56.829Z,DRD-KVC,KVC,7eb7a049-5d17-4a23-bb2f-3b9c445afd32,SAMMS-KVCv5
202608252121597489,202608251925575441,202608251925573776,85,1063,Bronze INV,br_AdmissionAssessmentDimensionSix,TASK_COMPLETE,SUCCESS,INFO,1253,1253,0,,2026-08-25T19:26:03.177Z,2026-08-25T21:23:56.829Z,7073,2026-08-25T21:23:56.829Z,DRD-NOLA,NOLA,7eb7a049-5d17-4a23-bb2f-3b9c445afd32,SAMMS-NOLAv5
202608252121597490,202608251925575442,202608251925573776,85,1064,Bronze INV,br_AdmissionAssessmentDimensionSix,TASK_COMPLETE,SUCCESS,INFO,731,731,0,,2026-08-25T19:26:03.177Z,2026-08-25T21:23:56.829Z,7073,2026-08-25T21:23:56.829Z,DRD-SF,Springfield,7eb7a049-5d17-4a23-bb2f-3b9c445afd32,SAMMS-SFv5
202608252121597491,202608251925575443,202608251925573776,85,1066,Bronze INV,br_AdmissionAssessmentDimensionSix,TASK_COMPLETE,SUCCESS,INFO,249,249,0,,2026-08-25T19:26:03.177Z,2026-08-25T21:23:56.829Z,7073,2026-08-25T21:23:56.829Z,ELC,Elizabeth City,7eb7a049-5d17-4a23-bb2f-3b9c445afd32,SAMMS-ElizabethCity
202608252121597492,202608251925575444,202608251925573776,85,1067,Bronze INV,br_AdmissionAssessmentDimensionSix,TASK_COMPLETE,SUCCESS,INFO,260,260,0,,2026-08-25T19:26:03.177Z,2026-08-25T21:23:56.829Z,7073,2026-08-25T21:23:56.829Z,ET,Elizabethtown,7eb7a049-5d17-4a23-bb2f-3b9c445afd32,SAMMS-Elizabethtown
202608252121597493,202608251925575445,202608251925573776,85,1068,Bronze INV,br_AdmissionAssessmentDimensionSix,TASK_COMPLETE,SUCCESS,INFO,226,226,0,,2026-08-25T19:26:03.177Z,2026-08-25T21:23:56.829Z,7073,2026-08-25T21:23:56.829Z,FAY,Fayetteville,7eb7a049-5d17-4a23-bb2f-3b9c445afd32,SAMMS-Fayetteville
202608252121597495,202608251925575446,202608251925573776,85,1069,Bronze INV,br_AdmissionAssessmentDimensionSix,TASK_COMPLETE,SUCCESS,INFO,180,180,0,,2026-08-25T19:26:03.177Z,2026-08-25T21:23:56.829Z,7073,2026-08-25T21:23:56.829Z,FR,Frankfort,7eb7a049-5d17-4a23-bb2f-3b9c445afd32,SAMMS-Frankfort
202608252121597496,202608251925575447,202608251925573776,85,1070,Bronze INV,br_AdmissionAssessmentDimensionSix,TASK_COMPLETE,SUCCESS,INFO,276,276,0,,2026-08-25T19:26:03.177Z,2026-08-25T21:23:56.829Z,7073,2026-08-25T21:23:56.829Z,FS,Fort Smith,7eb7a049-5d17-4a23-bb2f-3b9c445afd32,SAMMS-FortSmith
202608252121597497,202608251925575448,202608251925573776,85,1071,Bronze INV,br_AdmissionAssessmentDimensionSix,TASK_COMPLETE,SUCCESS,INFO,678,678,0,,2026-08-25T19:26:03.177Z,2026-08-25T21:23:56.829Z,7073,2026-08-25T21:23:56.829Z,FW,Fort Wayne,7eb7a049-5d17-4a23-bb2f-3b9c445afd32,SAMMS-FortWayne
202608252121597498,202608251925575449,202608251925573776,85,1072,Bronze INV,br_AdmissionAssessmentDimensionSix,TASK_COMPLETE,SUCCESS,INFO,102,102,0,,2026-08-25T19:26:03.177Z,2026-08-25T21:23:56.829Z,7073,2026-08-25T21:23:56.829Z,GAL,Gaylord,7eb7a049-5d17-4a23-bb2f-3b9c445afd32,SAMMS-Gaylord
202608252121597499,202608251925575450,202608251925573776,85,1076,Bronze INV,br_AdmissionAssessmentDimensionSix,TASK_COMPLETE,SUCCESS,INFO,613,613,0,,2026-08-25T19:26:03.177Z,2026-08-25T21:23:56.829Z,7073,2026-08-25T21:23:56.829Z,HGT,Hagerstown,7eb7a049-5d17-4a23-bb2f-3b9c445afd32,SAMMS-Hagerstown
202608252121597500,202608251925575451,202608251925573776,85,1077,Bronze INV,br_AdmissionAssessmentDimensionSix,TASK_COMPLETE,SUCCESS,INFO,461,461,0,,2026-08-25T19:26:03.177Z,2026-08-25T21:23:56.829Z,7073,2026-08-25T21:23:56.829Z,HNT,Huntsville,7eb7a049-5d17-4a23-bb2f-3b9c445afd32,SAMMS-Huntsville
202608252121597502,202608251925575452,202608251925573776,85,1078,Bronze INV,br_AdmissionAssessmentDimensionSix,TASK_COMPLETE,SUCCESS,INFO,304,304,0,,2026-08-25T19:26:03.177Z,2026-08-25T21:23:56.829Z,7073,2026-08-25T21:23:56.829Z,HS,Hot Springs,7eb7a049-5d17-4a23-bb2f-3b9c445afd32,SAMMS-HotSprings
202608252121597503,202608251925575453,202608251925573776,85,1079,Bronze INV,br_AdmissionAssessmentDimensionSix,TASK_COMPLETE,SUCCESS,INFO,265,265,0,,2026-08-25T19:26:03.177Z,2026-08-25T21:23:56.829Z,7073,2026-08-25T21:23:56.829Z,JON,Jonesboro,7eb7a049-5d17-4a23-bb2f-3b9c445afd32,SAMMS-Jonesboro
202608252121597504,202608251925575454,202608251925573776,85,1081,Bronze INV,br_AdmissionAssessmentDimensionSix,TASK_COMPLETE,SUCCESS,INFO,151,151,0,,2026-08-25T19:26:03.177Z,2026-08-25T21:23:56.829Z,7073,2026-08-25T21:23:56.829Z,LAN,Lansing,7eb7a049-5d17-4a23-bb2f-3b9c445afd32,SAMMS-Lansing
202608252121597505,202608251925575455,202608251925573776,85,1082,Bronze INV,br_AdmissionAssessmentDimensionSix,TASK_COMPLETE,SUCCESS,INFO,428,428,0,,2026-08-25T19:26:03.177Z,2026-08-25T21:23:56.829Z,7073,2026-08-25T21:23:56.829Z,LO,Louisville,7eb7a049-5d17-4a23-bb2f-3b9c445afd32,SAMMS-Louisville
202608252121597506,202608251925575456,202608251925573776,85,1083,Bronze INV,br_AdmissionAssessmentDimensionSix,TASK_COMPLETE,SUCCESS,INFO,1155,1155,0,,2026-08-25T19:26:03.177Z,2026-08-25T21:23:56.829Z,7073,2026-08-25T21:23:56.829Z,LV1,Cheyenne,7eb7a049-5d17-4a23-bb2f-3b9c445afd32,SAMMS-Cheyenne
202608252121597507,202608251925575457,202608251925573776,85,1084,Bronze INV,br_AdmissionAssessmentDimensionSix,TASK_COMPLETE,SUCCESS,INFO,930,930,0,,2026-08-25T19:26:03.177Z,2026-08-25T21:23:56.829Z,7073,2026-08-25T21:23:56.829Z,LV2,Desert Inn,7eb7a049-5d17-4a23-bb2f-3b9c445afd32,SAMMS-DesertInn
202608252121597508,202608251925575458,202608251925573776,85,1085,Bronze INV,br_AdmissionAssessmentDimensionSix,TASK_COMPLETE,SUCCESS,INFO,307,307,0,,2026-08-25T19:26:03.177Z,2026-08-25T21:23:56.829Z,7073,2026-08-25T21:23:56.829Z,LV3,McDaniel,7eb7a049-5d17-4a23-bb2f-3b9c445afd32,SAMMS-McDaniel
202608252121597510,202608251925575459,202608251925573776,85,1088,Bronze INV,br_AdmissionAssessmentDimensionSix,TASK_COMPLETE,SUCCESS,INFO,270,270,0,,2026-08-25T19:26:03.177Z,2026-08-25T21:23:56.829Z,7073,2026-08-25T21:23:56.829Z,MNRE,Monroe,7eb7a049-5d17-4a23-bb2f-3b9c445afd32,SAMMS-Monroe
202608252121597511,202608251925575460,202608251925573776,85,1089,Bronze INV,br_AdmissionAssessmentDimensionSix,TASK_COMPLETE,SUCCESS,INFO,121,121,0,,2026-08-25T19:26:03.177Z,2026-08-25T21:23:56.829Z,7073,2026-08-25T21:23:56.829Z,MP,Mt. Pleasant,7eb7a049-5d17-4a23-bb2f-3b9c445afd32,SAMMS-MtPleasant
202608252121597512,202608251925575461,202608251925573776,85,1090,Bronze INV,br_AdmissionAssessmentDimensionSix,TASK_COMPLETE,SUCCESS,INFO,170,170,0,,2026-08-25T19:26:03.177Z,2026-08-25T21:23:56.829Z,7073,2026-08-25T21:23:56.829Z,MRD,Meridian,7eb7a049-5d17-4a23-bb2f-3b9c445afd32,SAMMS-Meridian
202608252121597513,202608251925575462,202608251925573776,85,1095,Bronze INV,br_AdmissionAssessmentDimensionSix,TASK_COMPLETE,SUCCESS,INFO,622,622,0,,2026-08-25T19:26:03.177Z,2026-08-25T21:23:56.829Z,7073,2026-08-25T21:23:56.829Z,NC,North Charleston,7eb7a049-5d17-4a23-bb2f-3b9c445afd32,SAMMS-NorthCharleston
202608252121597514,202608251925575463,202608251925573776,85,1096,Bronze INV,br_AdmissionAssessmentDimensionSix,TASK_COMPLETE,SUCCESS,INFO,566,566,0,,2026-08-25T19:26:03.177Z,2026-08-25T21:23:56.829Z,7073,2026-08-25T21:23:56.829Z,NLR,N. Little Rock,7eb7a049-5d17-4a23-bb2f-3b9c445afd32,SAMMS-NLROBOT
202608252121597516,202608251925575464,202608251925573776,85,1097,Bronze INV,br_AdmissionAssessmentDimensionSix,TASK_COMPLETE,SUCCESS,INFO,234,234,0,,2026-08-25T19:26:03.177Z,2026-08-25T21:23:56.829Z,7073,2026-08-25T21:23:56.829Z,PH,Phoenix,7eb7a049-5d17-4a23-bb2f-3b9c445afd32,SAMMS-Phoenix
202608252121597517,202608251925575465,202608251925573776,85,1101,Bronze INV,br_AdmissionAssessmentDimensionSix,TASK_COMPLETE,SUCCESS,INFO,405,405,0,,2026-08-25T19:26:03.177Z,2026-08-25T21:23:56.829Z,7073,2026-08-25T21:23:56.829Z,RE,Reno,7eb7a049-5d17-4a23-bb2f-3b9c445afd32,SAMMS-Reno
202608252121597518,202608251925575466,202608251925573776,85,1102,Bronze INV,br_AdmissionAssessmentDimensionSix,TASK_COMPLETE,SUCCESS,INFO,387,387,0,,2026-08-25T19:26:03.177Z,2026-08-25T21:23:56.829Z,7073,2026-08-25T21:23:56.829Z,RMD,Richmond,7eb7a049-5d17-4a23-bb2f-3b9c445afd32,SAMMS-Richmond
202608252121597519,202608251925575467,202608251925573776,85,1103,Bronze INV,br_AdmissionAssessmentDimensionSix,TASK_COMPLETE,SUCCESS,INFO,480,480,0,,2026-08-25T19:26:03.177Z,2026-08-25T21:23:56.829Z,7073,2026-08-25T21:23:56.829Z,SFN,Springfield North,7eb7a049-5d17-4a23-bb2f-3b9c445afd32,SAMMS-SFNv5
202608252121597520,202608251925575468,202608251925573776,85,1104,Bronze INV,br_AdmissionAssessmentDimensionSix,TASK_COMPLETE,SUCCESS,INFO,447,447,0,,2026-08-25T19:26:03.177Z,2026-08-25T21:23:56.829Z,7073,2026-08-25T21:23:56.829Z,SHP,Shreveport,7eb7a049-5d17-4a23-bb2f-3b9c445afd32,SAMMS-Shreveport
202608252121597521,202608251925575469,202608251925573776,85,1106,Bronze INV,br_AdmissionAssessmentDimensionSix,TASK_COMPLETE,SUCCESS,INFO,81,81,0,,2026-08-25T19:26:03.177Z,2026-08-25T21:23:56.829Z,7073,2026-08-25T21:23:56.829Z,STN,Staunton,7eb7a049-5d17-4a23-bb2f-3b9c445afd32,SAMMS-Staunton
202608252121597523,202608251925575470,202608251925573776,85,1107,Bronze INV,br_AdmissionAssessmentDimensionSix,TASK_COMPLETE,SUCCESS,INFO,53,53,0,,2026-08-25T19:26:03.177Z,2026-08-25T21:23:56.829Z,7073,2026-08-25T21:23:56.829Z,STVN,Stevenson,7eb7a049-5d17-4a23-bb2f-3b9c445afd32,SAMMS-Stevenson
202608252121597524,202608251925575471,202608251925573776,85,1109,Bronze INV,br_AdmissionAssessmentDimensionSix,TASK_COMPLETE,SUCCESS,INFO,70,70,0,,2026-08-25T19:26:03.177Z,2026-08-25T21:23:56.829Z,7073,2026-08-25T21:23:56.829Z,TE,Tempe,7eb7a049-5d17-4a23-bb2f-3b9c445afd32,SAMMS-Tempe
202608252121597525,202608251925575472,202608251925573776,85,1110,Bronze INV,br_AdmissionAssessmentDimensionSix,TASK_COMPLETE,SUCCESS,INFO,363,363,0,,2026-08-25T19:26:03.177Z,2026-08-25T21:23:56.829Z,7073,2026-08-25T21:23:56.829Z,TEX,Texarkana,7eb7a049-5d17-4a23-bb2f-3b9c445afd32,SAMMS-Texarkana
202608252121597526,202608251925575473,202608251925573776,85,1111,Bronze INV,br_AdmissionAssessmentDimensionSix,TASK_COMPLETE,SUCCESS,INFO,414,414,0,,2026-08-25T19:26:03.177Z,2026-08-25T21:23:56.829Z,7073,2026-08-25T21:23:56.829Z,TTCA,Bessemer,7eb7a049-5d17-4a23-bb2f-3b9c445afd32,SAMMS-BessemerV5
202608252121597527,202608251925575474,202608251925573776,85,1112,Bronze INV,br_AdmissionAssessmentDimensionSix,TASK_COMPLETE,SUCCESS,INFO,548,548,0,,2026-08-25T19:26:03.177Z,2026-08-25T21:23:56.829Z,7073,2026-08-25T21:23:56.829Z,TTCB,Cullman,7eb7a049-5d17-4a23-bb2f-3b9c445afd32,SAMMS-CullmanV5
202608252121597528,202608251925575475,202608251925573776,85,1113,Bronze INV,br_AdmissionAssessmentDimensionSix,TASK_COMPLETE,SUCCESS,INFO,295,295,0,,2026-08-25T19:26:03.177Z,2026-08-25T21:23:56.829Z,7073,2026-08-25T21:23:56.829Z,TTCC,Grand Bay,7eb7a049-5d17-4a23-bb2f-3b9c445afd32,SAMMS-GrandBay
202608252121597530,202608251925575476,202608251925573776,85,1114,Bronze INV,br_AdmissionAssessmentDimensionSix,TASK_COMPLETE,SUCCESS,INFO,20,20,0,,2026-08-25T19:26:03.177Z,2026-08-25T21:23:56.829Z,7073,2026-08-25T21:23:56.829Z,TU,Tucson,7eb7a049-5d17-4a23-bb2f-3b9c445afd32,SAMMS-Tucson
202608252121597531,202608251925575477,202608251925573776,85,1116,Bronze INV,br_AdmissionAssessmentDimensionSix,TASK_COMPLETE,SUCCESS,INFO,249,249,0,,2026-08-25T19:26:03.177Z,2026-08-25T21:23:56.829Z,7073,2026-08-25T21:23:56.829Z,V1,Memphis South,7eb7a049-5d17-4a23-bb2f-3b9c445afd32,SAMMS-VCPHCS-I-MemphisV5
202608252121597532,202608251925575478,202608251925573776,85,1117,Bronze INV,br_AdmissionAssessmentDimensionSix,TASK_COMPLETE,SUCCESS,INFO,689,689,0,,2026-08-25T19:26:03.177Z,2026-08-25T21:23:56.829Z,7073,2026-08-25T21:23:56.829Z,V10,Longmont,7eb7a049-5d17-4a23-bb2f-3b9c445afd32,SAMMS-BoulderV5
202608252121597533,202608251925575479,202608251925573776,85,1118,Bronze INV,br_AdmissionAssessmentDimensionSix,TASK_COMPLETE,SUCCESS,INFO,1184,1184,0,,2026-08-25T19:26:03.177Z,2026-08-25T21:23:56.829Z,7073,2026-08-25T21:23:56.829Z,V10A,Fort Collins,7eb7a049-5d17-4a23-bb2f-3b9c445afd32,SAMMS-FortCollinsV5
202608252121597534,202608251925575480,202608251925573776,85,1119,Bronze INV,br_AdmissionAssessmentDimensionSix,TASK_COMPLETE,SUCCESS,INFO,984,984,0,,2026-08-25T19:26:03.177Z,2026-08-25T21:23:56.829Z,7073,2026-08-25T21:23:56.829Z,V11,Westminster,7eb7a049-5d17-4a23-bb2f-3b9c445afd32,SAMMS-VCPHCS-XI-NorthDenverV5
202608252121597535,202608251925575481,202608251925573776,85,1120,Bronze INV,br_AdmissionAssessmentDimensionSix,TASK_COMPLETE,SUCCESS,INFO,1044,1044,0,,2026-08-25T19:26:03.177Z,2026-08-25T21:23:56.829Z,7073,2026-08-25T21:23:56.829Z,V12,Downtown Denver,7eb7a049-5d17-4a23-bb2f-3b9c445afd32,SAMMS-VCPHCS-XII-DowntownDenverV5
202608252121597537,202608251925575482,202608251925573776,85,1121,Bronze INV,br_AdmissionAssessmentDimensionSix,TASK_COMPLETE,SUCCESS,INFO,473,473,0,,2026-08-25T19:26:03.177Z,2026-08-25T21:23:56.829Z,7073,2026-08-25T21:23:56.829Z,V12A,Centennial,7eb7a049-5d17-4a23-bb2f-3b9c445afd32,SAMMS-CentennialV5
202608252121597538,202608251925575483,202608251925573776,85,1122,Bronze INV,br_AdmissionAssessmentDimensionSix,TASK_COMPLETE,SUCCESS,INFO,292,292,0,,2026-08-25T19:26:03.177Z,2026-08-25T21:23:56.829Z,7073,2026-08-25T21:23:56.829Z,V14,Overland Park,7eb7a049-5d17-4a23-bb2f-3b9c445afd32,SAMMS-VCPHCS-XIV-BridgewayV5
202608252121597539,202608251925575484,202608251925573776,85,1123,Bronze INV,br_AdmissionAssessmentDimensionSix,TASK_COMPLETE,SUCCESS,INFO,562,562,0,,2026-08-25T19:26:03.177Z,2026-08-25T21:23:56.829Z,7073,2026-08-25T21:23:56.829Z,V15,Joplin,7eb7a049-5d17-4a23-bb2f-3b9c445afd32,SAMMS-JoplinV5
202608252121597540,202608251925575485,202608251925573776,85,1125,Bronze INV,br_AdmissionAssessmentDimensionSix,TASK_COMPLETE,SUCCESS,INFO,464,464,0,,2026-08-25T19:26:03.177Z,2026-08-25T21:23:56.829Z,7073,2026-08-25T21:23:56.829Z,V17,Columbia TN,7eb7a049-5d17-4a23-bb2f-3b9c445afd32,SAMMS-ColumbiaTNv5
202608252121597541,202608251925575486,202608251925573776,85,1127,Bronze INV,br_AdmissionAssessmentDimensionSix,TASK_COMPLETE,SUCCESS,INFO,410,410,0,,2026-08-25T19:26:03.177Z,2026-08-25T21:23:56.829Z,7073,2026-08-25T21:23:56.829Z,V19,Jackson,7eb7a049-5d17-4a23-bb2f-3b9c445afd32,SAMMS-JacksonV5
202608252121597542,202608251925575487,202608251925573776,85,1129,Bronze INV,br_AdmissionAssessmentDimensionSix,TASK_COMPLETE,SUCCESS,INFO,478,478,0,,2026-08-25T19:26:03.177Z,2026-08-25T21:23:56.829Z,7073,2026-08-25T21:23:56.829Z,V20,Paris,7eb7a049-5d17-4a23-bb2f-3b9c445afd32,SAMMS-ParisV5
202608252121597543,202608251925575488,202608251925573776,85,1130,Bronze INV,br_AdmissionAssessmentDimensionSix,TASK_COMPLETE,SUCCESS,INFO,352,352,0,,2026-08-25T19:26:03.177Z,2026-08-25T21:23:56.829Z,7073,2026-08-25T21:23:56.829Z,V21,Memphis North,7eb7a049-5d17-4a23-bb2f-3b9c445afd32,SAMMS-RaleighV5
202608252121597545,202608251925575489,202608251925573776,85,1133,Bronze INV,br_AdmissionAssessmentDimensionSix,TASK_COMPLETE,SUCCESS,INFO,698,698,0,,2026-08-25T19:26:03.177Z,2026-08-25T21:23:56.829Z,7073,2026-08-25T21:23:56.829Z,V5,West Bank,7eb7a049-5d17-4a23-bb2f-3b9c445afd32,SAMMS-NONTCv5
202608252121597546,202608251925575490,202608251925573776,85,1135,Bronze INV,br_AdmissionAssessmentDimensionSix,TASK_COMPLETE,SUCCESS,INFO,250,250,0,,2026-08-25T19:26:03.177Z,2026-08-25T21:23:56.829Z,7073,2026-08-25T21:23:56.829Z,V5B,Houma,7eb7a049-5d17-4a23-bb2f-3b9c445afd32,SAMMS-HoumaV6
202608252121597547,202608251925575491,202608251925573776,85,1136,Bronze INV,br_AdmissionAssessmentDimensionSix,TASK_COMPLETE,SUCCESS,INFO,948,948,0,,2026-08-25T19:26:03.177Z,2026-08-25T21:23:56.829Z,7073,2026-08-25T21:23:56.829Z,V6,Lake Charles,7eb7a049-5d17-4a23-bb2f-3b9c445afd32,SAMMS-LCv5
202608252121597548,202608251925575492,202608251925573776,85,1138,Bronze INV,br_AdmissionAssessmentDimensionSix,TASK_COMPLETE,SUCCESS,INFO,560,560,0,,2026-08-25T19:26:03.177Z,2026-08-25T21:23:56.829Z,7073,2026-08-25T21:23:56.829Z,V8,Memphis Midtown,7eb7a049-5d17-4a23-bb2f-3b9c445afd32,SAMMS-VCPHCS-VIII-MemphisV5
202608252121597549,202608251925575493,202608251925573776,85,1139,Bronze INV,br_AdmissionAssessmentDimensionSix,TASK_COMPLETE,SUCCESS,INFO,1564,1564,0,,2026-08-25T19:26:03.177Z,2026-08-25T21:23:56.829Z,7073,2026-08-25T21:23:56.829Z,V9,Nashville,7eb7a049-5d17-4a23-bb2f-3b9c445afd32,SAMMS-NashvilleV5
202608262209457034,202608261955299426,202608261955298282,85,957,Bronze INV,br_AdmissionAssessmentDimensionOneDisorder,TASK_COMPLETE,SUCCESS,INFO,615,615,0,,2026-08-26T19:55:35.047Z,2026-08-26T22:11:39.517Z,8164,2026-08-26T22:11:39.517Z,VBRP,Brooklyn Park,20846baf-2fe5-403c-85d4-31520e88a3ce,SAMMS-BrooklynParkV6
202608262209457036,202608261955299427,202608261955298282,85,959,Bronze INV,br_AdmissionAssessmentDimensionOneDisorder,TASK_COMPLETE,SUCCESS,INFO,585,585,0,,2026-08-26T19:55:35.047Z,2026-08-26T22:11:39.517Z,8164,2026-08-26T22:11:39.517Z,VMIN,Minneapolis,20846baf-2fe5-403c-85d4-31520e88a3ce,SAMMS-MinneapolisV6
202608262209457037,202608261955299428,202608261955298282,85,960,Bronze INV,br_AdmissionAssessmentDimensionOneDisorder,TASK_COMPLETE,SUCCESS,INFO,1131,1131,0,,2026-08-26T19:55:35.047Z,2026-08-26T22:11:39.517Z,8164,2026-08-26T22:11:39.517Z,VWBY,Woodbury,20846baf-2fe5-403c-85d4-31520e88a3ce,SAMMS-WoodburyV6
202608262209457038,202608261955299429,202608261955298282,85,962,Bronze INV,br_AdmissionAssessmentDimensionOneDisorder,TASK_COMPLETE,SUCCESS,INFO,437,437,0,,2026-08-26T19:55:35.047Z,2026-08-26T22:11:39.517Z,8164,2026-08-26T22:11:39.517Z,WIL,Wilson,20846baf-2fe5-403c-85d4-31520e88a3ce,SAMMS-Wilson
202608262209457139,202608261955398284,202608261955398282,86,5721,Silver INV,sl_AdmissionAssessmentDimensionOneDisorder,TASK_COMPLETE,SUCCESS,INFO,53362,53362,0,,2026-08-26T19:55:35.047Z,2026-08-26T22:11:39.517Z,8164,2026-08-26T22:11:39.517Z,,,20846baf-2fe5-403c-85d4-31520e88a3ce,
202608262209457057,202608261955299890,202608261955298282,85,966,Bronze INV,br_AdmissionAssessmentDimensionSix,TASK_COMPLETE,SUCCESS,INFO,98,98,0,,2026-08-26T19:55:35.047Z,2026-08-26T22:11:39.517Z,8164,2026-08-26T22:11:39.517Z,AHK,Ahoskie,20846baf-2fe5-403c-85d4-31520e88a3ce,SAMMS-Ahoskie
202608262209457058,202608261955299891,202608261955298282,85,967,Bronze INV,br_AdmissionAssessmentDimensionSix,TASK_COMPLETE,SUCCESS,INFO,788,788,0,,2026-08-26T19:55:35.047Z,2026-08-26T22:11:39.517Z,8164,2026-08-26T22:11:39.517Z,B12B,Colorado Springs,20846baf-2fe5-403c-85d4-31520e88a3ce,SAMMS-ColoradoSpringsV5
202608262209457059,202608261955299892,202608261955298282,85,968,Bronze INV,br_AdmissionAssessmentDimensionSix,TASK_COMPLETE,SUCCESS,INFO,415,415,0,,2026-08-26T19:55:35.047Z,2026-08-26T22:11:39.517Z,8164,2026-08-26T22:11:39.517Z,B24,Paintsville,20846baf-2fe5-403c-85d4-31520e88a3ce,SAMMS-PaintsvilleV5
202608262209457060,202608261955299893,202608261955298282,85,969,Bronze INV,br_AdmissionAssessmentDimensionSix,TASK_COMPLETE,SUCCESS,INFO,171,171,0,,2026-08-26T19:55:35.047Z,2026-08-26T22:11:39.517Z,8164,2026-08-26T22:11:39.517Z,B25,Pikeville,20846baf-2fe5-403c-85d4-31520e88a3ce,SAMMS-PikevilleV5
202608262209457062,202608261955299894,202608261955298282,85,970,Bronze INV,br_AdmissionAssessmentDimensionSix,TASK_COMPLETE,SUCCESS,INFO,493,493,0,,2026-08-26T19:55:35.047Z,2026-08-26T22:11:39.517Z,8164,2026-08-26T22:11:39.517Z,B26,Hazard,20846baf-2fe5-403c-85d4-31520e88a3ce,SAMMS-HazardV5
202608262209457063,202608261955299895,202608261955298282,85,971,Bronze INV,br_AdmissionAssessmentDimensionSix,TASK_COMPLETE,SUCCESS,INFO,190,190,0,,2026-08-26T19:55:35.047Z,2026-08-26T22:11:39.517Z,8164,2026-08-26T22:11:39.517Z,B27,Savannah,20846baf-2fe5-403c-85d4-31520e88a3ce,SAMMS-SavannahV6
202608262209457064,202608261955299896,202608261955298282,85,972,Bronze INV,br_AdmissionAssessmentDimensionSix,TASK_COMPLETE,SUCCESS,INFO,236,236,0,,2026-08-26T19:55:35.047Z,2026-08-26T22:11:39.517Z,8164,2026-08-26T22:11:39.517Z,B28,West Plains,20846baf-2fe5-403c-85d4-31520e88a3ce,SAMMS-WestPlainesV5
202608262209457065,202608261955299897,202608261955298282,85,973,Bronze INV,br_AdmissionAssessmentDimensionSix,TASK_COMPLETE,SUCCESS,INFO,259,259,0,,2026-08-26T19:55:35.047Z,2026-08-26T22:11:39.517Z,8164,2026-08-26T22:11:39.517Z,B29,Poplar Bluff,20846baf-2fe5-403c-85d4-31520e88a3ce,SAMMS-PoplarBluffV5
202608262209457066,202608261955299898,202608261955298282,85,974,Bronze INV,br_AdmissionAssessmentDimensionSix,TASK_COMPLETE,SUCCESS,INFO,139,139,0,,2026-08-26T19:55:35.047Z,2026-08-26T22:11:39.517Z,8164,2026-08-26T22:11:39.517Z,B30,KC North,20846baf-2fe5-403c-85d4-31520e88a3ce,SAMMS-KCNv5
202608262209457067,202608261955299899,202608261955298282,85,975,Bronze INV,br_AdmissionAssessmentDimensionSix,TASK_COMPLETE,SUCCESS,INFO,338,338,0,,2026-08-26T19:55:35.047Z,2026-08-26T22:11:39.517Z,8164,2026-08-26T22:11:39.517Z,B31,Dyersburg,20846baf-2fe5-403c-85d4-31520e88a3ce,SAMMS-DyersburgV5
202608262209457068,202608261955299900,202608261955298282,85,977,Bronze INV,br_AdmissionAssessmentDimensionSix,TASK_COMPLETE,SUCCESS,INFO,213,213,0,,2026-08-26T19:55:35.047Z,2026-08-26T22:11:39.517Z,8164,2026-08-26T22:11:39.517Z,B33,Paducah,20846baf-2fe5-403c-85d4-31520e88a3ce,SAMMS-Paducah
202608262209457069,202608261955299901,202608261955298282,85,978,Bronze INV,br_AdmissionAssessmentDimensionSix,TASK_COMPLETE,SUCCESS,INFO,443,443,0,,2026-08-26T19:55:35.047Z,2026-08-26T22:11:39.517Z,8164,2026-08-26T22:11:39.517Z,B34,Corbin,20846baf-2fe5-403c-85d4-31520e88a3ce,SAMMS-CorbinV5
202608262209457070,202608261955299902,202608261955298282,85,979,Bronze INV,br_AdmissionAssessmentDimensionSix,TASK_COMPLETE,SUCCESS,INFO,712,712,0,,2026-08-26T19:55:35.047Z,2026-08-26T22:11:39.517Z,8164,2026-08-26T22:11:39.517Z,B35,Lexington,20846baf-2fe5-403c-85d4-31520e88a3ce,SAMMS-LexingtonV5
202608262209457072,202608261955299903,202608261955298282,85,980,Bronze INV,br_AdmissionAssessmentDimensionSix,TASK_COMPLETE,SUCCESS,INFO,346,346,0,,2026-08-26T19:55:35.047Z,2026-08-26T22:11:39.517Z,8164,2026-08-26T22:11:39.517Z,B35A,Berea,20846baf-2fe5-403c-85d4-31520e88a3ce,SAMMS-BereaV5
202608262209457073,202608261955299904,202608261955298282,85,981,Bronze INV,br_AdmissionAssessmentDimensionSix,TASK_COMPLETE,SUCCESS,INFO,603,603,0,,2026-08-26T19:55:35.047Z,2026-08-26T22:11:39.517Z,8164,2026-08-26T22:11:39.517Z,B36,Asheville,20846baf-2fe5-403c-85d4-31520e88a3ce,SAMMS-AshevilleV5
202608262209457074,202608261955299905,202608261955298282,85,982,Bronze INV,br_AdmissionAssessmentDimensionSix,TASK_COMPLETE,SUCCESS,INFO,447,447,0,,2026-08-26T19:55:35.047Z,2026-08-26T22:11:39.517Z,8164,2026-08-26T22:11:39.517Z,B37,Clyde,20846baf-2fe5-403c-85d4-31520e88a3ce,SAMMS-ClydeV5
202608262209457075,202608261955299906,202608261955298282,85,983,Bronze INV,br_AdmissionAssessmentDimensionSix,TASK_COMPLETE,SUCCESS,INFO,631,631,0,,2026-08-26T19:55:35.047Z,2026-08-26T22:11:39.517Z,8164,2026-08-26T22:11:39.517Z,B38,Spartanburg,20846baf-2fe5-403c-85d4-31520e88a3ce,SAMMS-SpartanburgV5
202608262209457076,202608261955299907,202608261955298282,85,984,Bronze INV,br_AdmissionAssessmentDimensionSix,TASK_COMPLETE,SUCCESS,INFO,474,474,0,,2026-08-26T19:55:35.047Z,2026-08-26T22:11:39.517Z,8164,2026-08-26T22:11:39.517Z,B39,Aiken,20846baf-2fe5-403c-85d4-31520e88a3ce,SAMMS-AikenV5
202608262209457077,202608261955299908,202608261955298282,85,985,Bronze INV,br_AdmissionAssessmentDimensionSix,TASK_COMPLETE,SUCCESS,INFO,289,289,0,,2026-08-26T19:55:35.047Z,2026-08-26T22:11:39.517Z,8164,2026-08-26T22:11:39.517Z,B41,Chesapeake,20846baf-2fe5-403c-85d4-31520e88a3ce,SAMMS-ChesapeakeV5
202608262209457078,202608261955299909,202608261955298282,85,986,Bronze INV,br_AdmissionAssessmentDimensionSix,TASK_COMPLETE,SUCCESS,INFO,531,531,0,,2026-08-26T19:55:35.047Z,2026-08-26T22:11:39.517Z,8164,2026-08-26T22:11:39.517Z,B42,Virginia Beach,20846baf-2fe5-403c-85d4-31520e88a3ce,SAMMS-VirginiaBeachV5
202608262209457079,202608261955299910,202608261955298282,85,987,Bronze INV,br_AdmissionAssessmentDimensionSix,TASK_COMPLETE,SUCCESS,INFO,162,162,0,,2026-08-26T19:55:35.047Z,2026-08-26T22:11:39.517Z,8164,2026-08-26T22:11:39.517Z,B42A,Newport News,20846baf-2fe5-403c-85d4-31520e88a3ce,SAMMS-NewportNewsV5
202608262209457080,202608261955299911,202608261955298282,85,988,Bronze INV,br_AdmissionAssessmentDimensionSix,TASK_COMPLETE,SUCCESS,INFO,54,54,0,,2026-08-26T19:55:35.047Z,2026-08-26T22:11:39.517Z,8164,2026-08-26T22:11:39.517Z,B42B,Franklin,20846baf-2fe5-403c-85d4-31520e88a3ce,SAMMS-FranklinV5
202608262209457081,202608261955299912,202608261955298282,85,989,Bronze INV,br_AdmissionAssessmentDimensionSix,TASK_COMPLETE,SUCCESS,INFO,334,334,0,,2026-08-26T19:55:35.047Z,2026-08-26T22:11:39.517Z,8164,2026-08-26T22:11:39.517Z,B42C,Glen Allen,20846baf-2fe5-403c-85d4-31520e88a3ce,SAMMS-GlenAllenV5
202608262209457083,202608261955299913,202608261955298282,85,990,Bronze INV,br_AdmissionAssessmentDimensionSix,TASK_COMPLETE,SUCCESS,INFO,168,168,0,,2026-08-26T19:55:35.047Z,2026-08-26T22:11:39.517Z,8164,2026-08-26T22:11:39.517Z,B42D,Chesapeake South,20846baf-2fe5-403c-85d4-31520e88a3ce,SAMMS-ChesapeakeSouthV5
202608262209457084,202608261955299914,202608261955298282,85,991,Bronze INV,br_AdmissionAssessmentDimensionSix,TASK_COMPLETE,SUCCESS,INFO,207,207,0,,2026-08-26T19:55:35.047Z,2026-08-26T22:11:39.517Z,8164,2026-08-26T22:11:39.517Z,B44,Albany,20846baf-2fe5-403c-85d4-31520e88a3ce,SAMMS-AlbanyV5
202608262209457085,202608261955299915,202608261955298282,85,992,Bronze INV,br_AdmissionAssessmentDimensionSix,TASK_COMPLETE,SUCCESS,INFO,306,306,0,,2026-08-26T19:55:35.047Z,2026-08-26T22:11:39.517Z,8164,2026-08-26T22:11:39.517Z,B45,Tifton,20846baf-2fe5-403c-85d4-31520e88a3ce,SAMMS-TiftonV5
202608262209457086,202608261955299916,202608261955298282,85,993,Bronze INV,br_AdmissionAssessmentDimensionSix,TASK_COMPLETE,SUCCESS,INFO,663,663,0,,2026-08-26T19:55:35.047Z,2026-08-26T22:11:39.517Z,8164,2026-08-26T22:11:39.517Z,B46,Washington DC,20846baf-2fe5-403c-85d4-31520e88a3ce,SAMMS-WashingtonDCv5
202608262209457087,202608261955299917,202608261955298282,85,994,Bronze INV,br_AdmissionAssessmentDimensionSix,TASK_COMPLETE,SUCCESS,INFO,347,347,0,,2026-08-26T19:55:35.047Z,2026-08-26T22:11:39.517Z,8164,2026-08-26T22:11:39.517Z,B47,Mobile,20846baf-2fe5-403c-85d4-31520e88a3ce,SAMMS-MobileV5
202608262209457088,202608261955299918,202608261955298282,85,995,Bronze INV,br_AdmissionAssessmentDimensionSix,TASK_COMPLETE,SUCCESS,INFO,444,444,0,,2026-08-26T19:55:35.047Z,2026-08-26T22:11:39.517Z,8164,2026-08-26T22:11:39.517Z,B48,Tuscaloosa,20846baf-2fe5-403c-85d4-31520e88a3ce,SAMMS-TuscaloosaV5
202608262209457089,202608261955299919,202608261955298282,85,1004,Bronze INV,br_AdmissionAssessmentDimensionSix,TASK_COMPLETE,SUCCESS,INFO,310,310,0,,2026-08-26T19:55:35.047Z,2026-08-26T22:11:39.517Z,8164,2026-08-26T22:11:39.517Z,B51,N. Little Rock (OTP),20846baf-2fe5-403c-85d4-31520e88a3ce,SAMMS-NorthLittleRockV6
202608262209457090,202608261955299920,202608261955298282,85,1005,Bronze INV,br_AdmissionAssessmentDimensionSix,TASK_COMPLETE,SUCCESS,INFO,154,154,0,,2026-08-26T19:55:35.047Z,2026-08-26T22:11:39.517Z,8164,2026-08-26T22:11:39.517Z,B52,Jackson GA,20846baf-2fe5-403c-85d4-31520e88a3ce,SAMMS-JacksonGAV5
202608262209457091,202608261955299921,202608261955298282,85,1006,Bronze INV,br_AdmissionAssessmentDimensionSix,TASK_COMPLETE,SUCCESS,INFO,467,467,0,,2026-08-26T19:55:35.047Z,2026-08-26T22:11:39.517Z,8164,2026-08-26T22:11:39.517Z,B54,Gadsden,20846baf-2fe5-403c-85d4-31520e88a3ce,SAMMS-GadsdenV5
202608262209457093,202608261955299922,202608261955298282,85,1007,Bronze INV,br_AdmissionAssessmentDimensionSix,TASK_COMPLETE,SUCCESS,INFO,485,485,0,,2026-08-26T19:55:35.047Z,2026-08-26T22:11:39.517Z,8164,2026-08-26T22:11:39.517Z,B55,Shoals,20846baf-2fe5-403c-85d4-31520e88a3ce,SAMMS-ShoalsV5
202608262209457094,202608261955299923,202608261955298282,85,1008,Bronze INV,br_AdmissionAssessmentDimensionSix,TASK_COMPLETE,SUCCESS,INFO,171,171,0,,2026-08-26T19:55:35.047Z,2026-08-26T22:11:39.517Z,8164,2026-08-26T22:11:39.517Z,B57,Pawtucket,20846baf-2fe5-403c-85d4-31520e88a3ce,SAMMS-Pawtucket
202608262209457095,202608261955299924,202608261955298282,85,1009,Bronze INV,br_AdmissionAssessmentDimensionSix,TASK_COMPLETE,SUCCESS,INFO,169,169,0,,2026-08-26T19:55:35.047Z,2026-08-26T22:11:39.517Z,8164,2026-08-26T22:11:39.517Z,B57A,Johnston,20846baf-2fe5-403c-85d4-31520e88a3ce,SAMMS-Johnston
202608262209457096,202608261955299925,202608261955298282,85,1010,Bronze INV,br_AdmissionAssessmentDimensionSix,TASK_COMPLETE,SUCCESS,INFO,87,87,0,,2026-08-26T19:55:35.047Z,2026-08-26T22:11:39.517Z,8164,2026-08-26T22:11:39.517Z,B57B,Middletown,20846baf-2fe5-403c-85d4-31520e88a3ce,SAMMS-Middletown
202608262209457097,202608261955299926,202608261955298282,85,1011,Bronze INV,br_AdmissionAssessmentDimensionSix,TASK_COMPLETE,SUCCESS,INFO,176,176,0,,2026-08-26T19:55:35.047Z,2026-08-26T22:11:39.517Z,8164,2026-08-26T22:11:39.517Z,B57C,Providence,20846baf-2fe5-403c-85d4-31520e88a3ce,SAMMS-Providence
202608262209457098,202608261955299927,202608261955298282,85,1012,Bronze INV,br_AdmissionAssessmentDimensionSix,TASK_COMPLETE,SUCCESS,INFO,255,255,0,,2026-08-26T19:55:35.047Z,2026-08-26T22:11:39.517Z,8164,2026-08-26T22:11:39.517Z,B57D,Westerly,20846baf-2fe5-403c-85d4-31520e88a3ce,SAMMS-Westerly
202608262209457099,202608261955299928,202608261955298282,85,1016,Bronze INV,br_AdmissionAssessmentDimensionSix,TASK_COMPLETE,SUCCESS,INFO,364,364,0,,2026-08-26T19:55:35.047Z,2026-08-26T22:11:39.517Z,8164,2026-08-26T22:11:39.517Z,B66A,Bremen,20846baf-2fe5-403c-85d4-31520e88a3ce,SAMMS-Bremen
202608262209457100,202608261955299929,202608261955298282,85,1019,Bronze INV,br_AdmissionAssessmentDimensionSix,TASK_COMPLETE,SUCCESS,INFO,13,13,0,,2026-08-26T19:55:35.047Z,2026-08-26T22:11:39.517Z,8164,2026-08-26T22:11:39.517Z,B72,Mobile (OBOT),20846baf-2fe5-403c-85d4-31520e88a3ce,SAMMS-Mobile-OBOT
202608262209457102,202608261955299930,202608261955298282,85,1020,Bronze INV,br_AdmissionAssessmentDimensionSix,TASK_COMPLETE,SUCCESS,INFO,2,2,0,,2026-08-26T19:55:35.047Z,2026-08-26T22:11:39.517Z,8164,2026-08-26T22:11:39.517Z,B73,Montgomery,20846baf-2fe5-403c-85d4-31520e88a3ce,SAMMS-Montgomery
202608262209457103,202608261955299931,202608261955298282,85,1021,Bronze INV,br_AdmissionAssessmentDimensionSix,TASK_COMPLETE,SUCCESS,INFO,316,316,0,,2026-08-26T19:55:35.047Z,2026-08-26T22:11:39.517Z,8164,2026-08-26T22:11:39.517Z,B75,Lawrence,20846baf-2fe5-403c-85d4-31520e88a3ce,SAMMS-LawrenceV6
202608262209457104,202608261955299932,202608261955298282,85,1022,Bronze INV,br_AdmissionAssessmentDimensionSix,TASK_COMPLETE,SUCCESS,INFO,50,50,0,,2026-08-26T19:55:35.047Z,2026-08-26T22:11:39.517Z,8164,2026-08-26T22:11:39.517Z,B76,Huntsville OBOT,20846baf-2fe5-403c-85d4-31520e88a3ce,SAMMS-Huntsville-OBOT
202608262209457105,202608261955299933,202608261955298282,85,1023,Bronze INV,br_AdmissionAssessmentDimensionSix,TASK_COMPLETE,SUCCESS,INFO,299,299,0,,2026-08-26T19:55:35.047Z,2026-08-26T22:11:39.517Z,8164,2026-08-26T22:11:39.517Z,BAT,Batesville,20846baf-2fe5-403c-85d4-31520e88a3ce,SAMMS-Batesville
202608262209457106,202608261955299934,202608261955298282,85,1024,Bronze INV,br_AdmissionAssessmentDimensionSix,TASK_COMPLETE,SUCCESS,INFO,235,235,0,,2026-08-26T19:55:35.047Z,2026-08-26T22:11:39.517Z,8164,2026-08-26T22:11:39.517Z,BG,Bowling Green,20846baf-2fe5-403c-85d4-31520e88a3ce,SAMMS-BowlingGreen
202608262209457107,202608261955299935,202608261955298282,85,1025,Bronze INV,br_AdmissionAssessmentDimensionSix,TASK_COMPLETE,SUCCESS,INFO,215,215,0,,2026-08-26T19:55:35.047Z,2026-08-26T22:11:39.517Z,8164,2026-08-26T22:11:39.517Z,BOI,Boise,20846baf-2fe5-403c-85d4-31520e88a3ce,SAMMS-Boise
202608262209457108,202608261955299936,202608261955298282,85,1032,Bronze INV,br_AdmissionAssessmentDimensionSix,TASK_COMPLETE,SUCCESS,INFO,283,283,0,,2026-08-26T19:55:35.047Z,2026-08-26T22:11:39.517Z,8164,2026-08-26T22:11:39.517Z,CBCO,Coeur dAlene,20846baf-2fe5-403c-85d4-31520e88a3ce,SAMMS-CoeurdAleneV6
202608262209457109,202608261955299937,202608261955298282,85,1051,Bronze INV,br_AdmissionAssessmentDimensionSix,TASK_COMPLETE,SUCCESS,INFO,302,302,0,,2026-08-26T19:55:35.047Z,2026-08-26T22:11:39.517Z,8164,2026-08-26T22:11:39.517Z,CON,Conway,20846baf-2fe5-403c-85d4-31520e88a3ce,SAMMS-Conway
202608262209457110,202608261955299938,202608261955298282,85,1052,Bronze INV,br_AdmissionAssessmentDimensionSix,TASK_COMPLETE,SUCCESS,INFO,1536,1536,0,,2026-08-26T19:55:35.047Z,2026-08-26T22:11:39.517Z,8164,2026-08-26T22:11:39.517Z,D07,Medical Services Knox TN,20846baf-2fe5-403c-85d4-31520e88a3ce,SAMMS-KnoxvilleV6
202608262209457112,202608261955299939,202608261955298282,85,1053,Bronze INV,br_AdmissionAssessmentDimensionSix,TASK_COMPLETE,SUCCESS,INFO,955,955,0,,2026-08-26T19:55:35.047Z,2026-08-26T22:11:39.517Z,8164,2026-08-26T22:11:39.517Z,D08,Madison,20846baf-2fe5-403c-85d4-31520e88a3ce,SAMMS-MadisonV6
202608262209457113,202608261955299940,202608261955298282,85,1055,Bronze INV,br_AdmissionAssessmentDimensionSix,TASK_COMPLETE,SUCCESS,INFO,926,926,0,,2026-08-26T19:55:35.047Z,2026-08-26T22:11:39.517Z,8164,2026-08-26T22:11:39.517Z,D09,Murfreesboro,20846baf-2fe5-403c-85d4-31520e88a3ce,SAMMS-MurfreesboroV6
202608262209457114,202608261955299941,202608261955298282,85,1056,Bronze INV,br_AdmissionAssessmentDimensionSix,TASK_COMPLETE,SUCCESS,INFO,218,218,0,,2026-08-26T19:55:35.047Z,2026-08-26T22:11:39.517Z,8164,2026-08-26T22:11:39.517Z,DA,Davenport,20846baf-2fe5-403c-85d4-31520e88a3ce,SAMMS-Davenport
202608262209457115,202608261955299942,202608261955298282,85,1057,Bronze INV,br_AdmissionAssessmentDimensionSix,TASK_COMPLETE,SUCCESS,INFO,349,349,0,,2026-08-26T19:55:35.047Z,2026-08-26T22:11:39.517Z,8164,2026-08-26T22:11:39.517Z,DM,Des Moines,20846baf-2fe5-403c-85d4-31520e88a3ce,SAMMS-DesMoines
202608262209457116,202608261955299943,202608261955298282,85,1059,Bronze INV,br_AdmissionAssessmentDimensionSix,TASK_COMPLETE,SUCCESS,INFO,474,474,0,,2026-08-26T19:55:35.047Z,2026-08-26T22:11:39.517Z,8164,2026-08-26T22:11:39.517Z,DRD-CO,Columbia MO,20846baf-2fe5-403c-85d4-31520e88a3ce,SAMMS-ColumbiaV5
202608262209457117,202608261955299944,202608261955298282,85,1060,Bronze INV,br_AdmissionAssessmentDimensionSix,TASK_COMPLETE,SUCCESS,INFO,592,592,0,,2026-08-26T19:55:35.047Z,2026-08-26T22:11:39.517Z,8164,2026-08-26T22:11:39.517Z,DRD-KC,KC,20846baf-2fe5-403c-85d4-31520e88a3ce,SAMMS-KCv5
202608262209457118,202608261955299945,202608261955298282,85,1061,Bronze INV,br_AdmissionAssessmentDimensionSix,TASK_COMPLETE,SUCCESS,INFO,944,944,0,,2026-08-26T19:55:35.047Z,2026-08-26T22:11:39.517Z,8164,2026-08-26T22:11:39.517Z,DRD-KVB,KVB,20846baf-2fe5-403c-85d4-31520e88a3ce,SAMMS-KVBv5
202608262209457119,202608261955299946,202608261955298282,85,1062,Bronze INV,br_AdmissionAssessmentDimensionSix,TASK_COMPLETE,SUCCESS,INFO,1565,1565,0,,2026-08-26T19:55:35.047Z,2026-08-26T22:11:39.517Z,8164,2026-08-26T22:11:39.517Z,DRD-KVC,KVC,20846baf-2fe5-403c-85d4-31520e88a3ce,SAMMS-KVCv5
202608262209457120,202608261955299947,202608261955298282,85,1063,Bronze INV,br_AdmissionAssessmentDimensionSix,TASK_COMPLETE,SUCCESS,INFO,1253,1253,0,,2026-08-26T19:55:35.047Z,2026-08-26T22:11:39.517Z,8164,2026-08-26T22:11:39.517Z,DRD-NOLA,NOLA,20846baf-2fe5-403c-85d4-31520e88a3ce,SAMMS-NOLAv5
202608262209457122,202608261955299948,202608261955298282,85,1064,Bronze INV,br_AdmissionAssessmentDimensionSix,TASK_COMPLETE,SUCCESS,INFO,733,733,0,,2026-08-26T19:55:35.047Z,2026-08-26T22:11:39.517Z,8164,2026-08-26T22:11:39.517Z,DRD-SF,Springfield,20846baf-2fe5-403c-85d4-31520e88a3ce,SAMMS-SFv5
202608262209457123,202608261955299949,202608261955298282,85,1066,Bronze INV,br_AdmissionAssessmentDimensionSix,TASK_COMPLETE,SUCCESS,INFO,249,249,0,,2026-08-26T19:55:35.047Z,2026-08-26T22:11:39.517Z,8164,2026-08-26T22:11:39.517Z,ELC,Elizabeth City,20846baf-2fe5-403c-85d4-31520e88a3ce,SAMMS-ElizabethCity
202608262209457124,202608261955299950,202608261955298282,85,1067,Bronze INV,br_AdmissionAssessmentDimensionSix,TASK_COMPLETE,SUCCESS,INFO,260,260,0,,2026-08-26T19:55:35.047Z,2026-08-26T22:11:39.517Z,8164,2026-08-26T22:11:39.517Z,ET,Elizabethtown,20846baf-2fe5-403c-85d4-31520e88a3ce,SAMMS-Elizabethtown
202608262209457125,202608261955299951,202608261955298282,85,1068,Bronze INV,br_AdmissionAssessmentDimensionSix,TASK_COMPLETE,SUCCESS,INFO,226,226,0,,2026-08-26T19:55:35.047Z,2026-08-26T22:11:39.517Z,8164,2026-08-26T22:11:39.517Z,FAY,Fayetteville,20846baf-2fe5-403c-85d4-31520e88a3ce,SAMMS-Fayetteville
202608262209457126,202608261955299952,202608261955298282,85,1069,Bronze INV,br_AdmissionAssessmentDimensionSix,TASK_COMPLETE,SUCCESS,INFO,180,180,0,,2026-08-26T19:55:35.047Z,2026-08-26T22:11:39.517Z,8164,2026-08-26T22:11:39.517Z,FR,Frankfort,20846baf-2fe5-403c-85d4-31520e88a3ce,SAMMS-Frankfort
202608262209457127,202608261955299953,202608261955298282,85,1070,Bronze INV,br_AdmissionAssessmentDimensionSix,TASK_COMPLETE,SUCCESS,INFO,277,277,0,,2026-08-26T19:55:35.047Z,2026-08-26T22:11:39.517Z,8164,2026-08-26T22:11:39.517Z,FS,Fort Smith,20846baf-2fe5-403c-85d4-31520e88a3ce,SAMMS-FortSmith
202608262209457128,202608261955299954,202608261955298282,85,1071,Bronze INV,br_AdmissionAssessmentDimensionSix,TASK_COMPLETE,SUCCESS,INFO,679,679,0,,2026-08-26T19:55:35.047Z,2026-08-26T22:11:39.517Z,8164,2026-08-26T22:11:39.517Z,FW,Fort Wayne,20846baf-2fe5-403c-85d4-31520e88a3ce,SAMMS-FortWayne
202608262209457130,202608261955299955,202608261955298282,85,1072,Bronze INV,br_AdmissionAssessmentDimensionSix,TASK_COMPLETE,SUCCESS,INFO,103,103,0,,2026-08-26T19:55:35.047Z,2026-08-26T22:11:39.517Z,8164,2026-08-26T22:11:39.517Z,GAL,Gaylord,20846baf-2fe5-403c-85d4-31520e88a3ce,SAMMS-Gaylord
202608262209457131,202608261955299956,202608261955298282,85,1076,Bronze INV,br_AdmissionAssessmentDimensionSix,TASK_COMPLETE,SUCCESS,INFO,614,614,0,,2026-08-26T19:55:35.047Z,2026-08-26T22:11:39.517Z,8164,2026-08-26T22:11:39.517Z,HGT,Hagerstown,20846baf-2fe5-403c-85d4-31520e88a3ce,SAMMS-Hagerstown
202608262209457132,202608261955299957,202608261955298282,85,1077,Bronze INV,br_AdmissionAssessmentDimensionSix,TASK_COMPLETE,SUCCESS,INFO,462,462,0,,2026-08-26T19:55:35.047Z,2026-08-26T22:11:39.517Z,8164,2026-08-26T22:11:39.517Z,HNT,Huntsville,20846baf-2fe5-403c-85d4-31520e88a3ce,SAMMS-Huntsville
202608262209457133,202608261955299958,202608261955298282,85,1078,Bronze INV,br_AdmissionAssessmentDimensionSix,TASK_COMPLETE,SUCCESS,INFO,305,305,0,,2026-08-26T19:55:35.047Z,2026-08-26T22:11:39.517Z,8164,2026-08-26T22:11:39.517Z,HS,Hot Springs,20846baf-2fe5-403c-85d4-31520e88a3ce,SAMMS-HotSprings
202608262209457134,202608261955299959,202608261955298282,85,1079,Bronze INV,br_AdmissionAssessmentDimensionSix,TASK_COMPLETE,SUCCESS,INFO,266,266,0,,2026-08-26T19:55:35.047Z,2026-08-26T22:11:39.517Z,8164,2026-08-26T22:11:39.517Z,JON,Jonesboro,20846baf-2fe5-403c-85d4-31520e88a3ce,SAMMS-Jonesboro
202608262209457135,202608261955299960,202608261955298282,85,1081,Bronze INV,br_AdmissionAssessmentDimensionSix,TASK_COMPLETE,SUCCESS,INFO,151,151,0,,2026-08-26T19:55:35.047Z,2026-08-26T22:11:39.517Z,8164,2026-08-26T22:11:39.517Z,LAN,Lansing,20846baf-2fe5-403c-85d4-31520e88a3ce,SAMMS-Lansing
202608262209457136,202608261955299961,202608261955298282,85,1082,Bronze INV,br_AdmissionAssessmentDimensionSix,TASK_COMPLETE,SUCCESS,INFO,428,428,0,,2026-08-26T19:55:35.047Z,2026-08-26T22:11:39.517Z,8164,2026-08-26T22:11:39.517Z,LO,Louisville,20846baf-2fe5-403c-85d4-31520e88a3ce,SAMMS-Louisville
202608262209457137,202608261955299962,202608261955298282,85,1083,Bronze INV,br_AdmissionAssessmentDimensionSix,TASK_COMPLETE,SUCCESS,INFO,1155,1155,0,,2026-08-26T19:55:35.047Z,2026-08-26T22:11:39.517Z,8164,2026-08-26T22:11:39.517Z,LV1,Cheyenne,20846baf-2fe5-403c-85d4-31520e88a3ce,SAMMS-Cheyenne
202608262209457139,202608261955299963,202608261955298282,85,1084,Bronze INV,br_AdmissionAssessmentDimensionSix,TASK_COMPLETE,SUCCESS,INFO,930,930,0,,2026-08-26T19:55:35.047Z,2026-08-26T22:11:39.517Z,8164,2026-08-26T22:11:39.517Z,LV2,Desert Inn,20846baf-2fe5-403c-85d4-31520e88a3ce,SAMMS-DesertInn
202608262209457140,202608261955299964,202608261955298282,85,1085,Bronze INV,br_AdmissionAssessmentDimensionSix,TASK_COMPLETE,SUCCESS,INFO,307,307,0,,2026-08-26T19:55:35.047Z,2026-08-26T22:11:39.517Z,8164,2026-08-26T22:11:39.517Z,LV3,McDaniel,20846baf-2fe5-403c-85d4-31520e88a3ce,SAMMS-McDaniel
202608262209457141,202608261955299965,202608261955298282,85,1088,Bronze INV,br_AdmissionAssessmentDimensionSix,TASK_COMPLETE,SUCCESS,INFO,270,270,0,,2026-08-26T19:55:35.047Z,2026-08-26T22:11:39.517Z,8164,2026-08-26T22:11:39.517Z,MNRE,Monroe,20846baf-2fe5-403c-85d4-31520e88a3ce,SAMMS-Monroe
202608262209457142,202608261955299966,202608261955298282,85,1089,Bronze INV,br_AdmissionAssessmentDimensionSix,TASK_COMPLETE,SUCCESS,INFO,121,121,0,,2026-08-26T19:55:35.047Z,2026-08-26T22:11:39.517Z,8164,2026-08-26T22:11:39.517Z,MP,Mt. Pleasant,20846baf-2fe5-403c-85d4-31520e88a3ce,SAMMS-MtPleasant
202608262209457143,202608261955299967,202608261955298282,85,1090,Bronze INV,br_AdmissionAssessmentDimensionSix,TASK_COMPLETE,SUCCESS,INFO,170,170,0,,2026-08-26T19:55:35.047Z,2026-08-26T22:11:39.517Z,8164,2026-08-26T22:11:39.517Z,MRD,Meridian,20846baf-2fe5-403c-85d4-31520e88a3ce,SAMMS-Meridian
202608262209457144,202608261955299968,202608261955298282,85,1095,Bronze INV,br_AdmissionAssessmentDimensionSix,TASK_COMPLETE,SUCCESS,INFO,625,625,0,,2026-08-26T19:55:35.047Z,2026-08-26T22:11:39.517Z,8164,2026-08-26T22:11:39.517Z,NC,North Charleston,20846baf-2fe5-403c-85d4-31520e88a3ce,SAMMS-NorthCharleston
202608262209457145,202608261955299969,202608261955298282,85,1096,Bronze INV,br_AdmissionAssessmentDimensionSix,TASK_COMPLETE,SUCCESS,INFO,568,568,0,,2026-08-26T19:55:35.047Z,2026-08-26T22:11:39.517Z,8164,2026-08-26T22:11:39.517Z,NLR,N. Little Rock,20846baf-2fe5-403c-85d4-31520e88a3ce,SAMMS-NLROBOT
202608262209457146,202608261955299970,202608261955298282,85,1097,Bronze INV,br_AdmissionAssessmentDimensionSix,TASK_COMPLETE,SUCCESS,INFO,234,234,0,,2026-08-26T19:55:35.047Z,2026-08-26T22:11:39.517Z,8164,2026-08-26T22:11:39.517Z,PH,Phoenix,20846baf-2fe5-403c-85d4-31520e88a3ce,SAMMS-Phoenix
202608262209457147,202608261955299971,202608261955298282,85,1101,Bronze INV,br_AdmissionAssessmentDimensionSix,TASK_COMPLETE,SUCCESS,INFO,405,405,0,,2026-08-26T19:55:35.047Z,2026-08-26T22:11:39.517Z,8164,2026-08-26T22:11:39.517Z,RE,Reno,20846baf-2fe5-403c-85d4-31520e88a3ce,SAMMS-Reno
202608262209457149,202608261955299972,202608261955298282,85,1102,Bronze INV,br_AdmissionAssessmentDimensionSix,TASK_COMPLETE,SUCCESS,INFO,387,387,0,,2026-08-26T19:55:35.047Z,2026-08-26T22:11:39.517Z,8164,2026-08-26T22:11:39.517Z,RMD,Richmond,20846baf-2fe5-403c-85d4-31520e88a3ce,SAMMS-Richmond
202608262209457150,202608261955299973,202608261955298282,85,1103,Bronze INV,br_AdmissionAssessmentDimensionSix,TASK_COMPLETE,SUCCESS,INFO,480,480,0,,2026-08-26T19:55:35.047Z,2026-08-26T22:11:39.517Z,8164,2026-08-26T22:11:39.517Z,SFN,Springfield North,20846baf-2fe5-403c-85d4-31520e88a3ce,SAMMS-SFNv5
202608262209457151,202608261955299974,202608261955298282,85,1104,Bronze INV,br_AdmissionAssessmentDimensionSix,TASK_COMPLETE,SUCCESS,INFO,448,448,0,,2026-08-26T19:55:35.047Z,2026-08-26T22:11:39.517Z,8164,2026-08-26T22:11:39.517Z,SHP,Shreveport,20846baf-2fe5-403c-85d4-31520e88a3ce,SAMMS-Shreveport
202608262209457152,202608261955299975,202608261955298282,85,1106,Bronze INV,br_AdmissionAssessmentDimensionSix,TASK_COMPLETE,SUCCESS,INFO,81,81,0,,2026-08-26T19:55:35.047Z,2026-08-26T22:11:39.517Z,8164,2026-08-26T22:11:39.517Z,STN,Staunton,20846baf-2fe5-403c-85d4-31520e88a3ce,SAMMS-Staunton
202608262209457153,202608261955299976,202608261955298282,85,1107,Bronze INV,br_AdmissionAssessmentDimensionSix,TASK_COMPLETE,SUCCESS,INFO,53,53,0,,2026-08-26T19:55:35.047Z,2026-08-26T22:11:39.517Z,8164,2026-08-26T22:11:39.517Z,STVN,Stevenson,20846baf-2fe5-403c-85d4-31520e88a3ce,SAMMS-Stevenson
202608262209457154,202608261955299977,202608261955298282,85,1109,Bronze INV,br_AdmissionAssessmentDimensionSix,TASK_COMPLETE,SUCCESS,INFO,70,70,0,,2026-08-26T19:55:35.047Z,2026-08-26T22:11:39.517Z,8164,2026-08-26T22:11:39.517Z,TE,Tempe,20846baf-2fe5-403c-85d4-31520e88a3ce,SAMMS-Tempe
202608262209457155,202608261955299978,202608261955298282,85,1110,Bronze INV,br_AdmissionAssessmentDimensionSix,TASK_COMPLETE,SUCCESS,INFO,363,363,0,,2026-08-26T19:55:35.047Z,2026-08-26T22:11:39.517Z,8164,2026-08-26T22:11:39.517Z,TEX,Texarkana,20846baf-2fe5-403c-85d4-31520e88a3ce,SAMMS-Texarkana
202608262209457156,202608261955299979,202608261955298282,85,1111,Bronze INV,br_AdmissionAssessmentDimensionSix,TASK_COMPLETE,SUCCESS,INFO,414,414,0,,2026-08-26T19:55:35.047Z,2026-08-26T22:11:39.517Z,8164,2026-08-26T22:11:39.517Z,TTCA,Bessemer,20846baf-2fe5-403c-85d4-31520e88a3ce,SAMMS-BessemerV5
202608262209457157,202608261955299980,202608261955298282,85,1112,Bronze INV,br_AdmissionAssessmentDimensionSix,TASK_COMPLETE,SUCCESS,INFO,548,548,0,,2026-08-26T19:55:35.047Z,2026-08-26T22:11:39.517Z,8164,2026-08-26T22:11:39.517Z,TTCB,Cullman,20846baf-2fe5-403c-85d4-31520e88a3ce,SAMMS-CullmanV5
202608262209457159,202608261955299981,202608261955298282,85,1113,Bronze INV,br_AdmissionAssessmentDimensionSix,TASK_COMPLETE,SUCCESS,INFO,296,296,0,,2026-08-26T19:55:35.047Z,2026-08-26T22:11:39.517Z,8164,2026-08-26T22:11:39.517Z,TTCC,Grand Bay,20846baf-2fe5-403c-85d4-31520e88a3ce,SAMMS-GrandBay
202608262209457160,202608261955299982,202608261955298282,85,1114,Bronze INV,br_AdmissionAssessmentDimensionSix,TASK_COMPLETE,SUCCESS,INFO,20,20,0,,2026-08-26T19:55:35.047Z,2026-08-26T22:11:39.517Z,8164,2026-08-26T22:11:39.517Z,TU,Tucson,20846baf-2fe5-403c-85d4-31520e88a3ce,SAMMS-Tucson
202608262209457161,202608261955299983,202608261955298282,85,1116,Bronze INV,br_AdmissionAssessmentDimensionSix,TASK_COMPLETE,SUCCESS,INFO,250,250,0,,2026-08-26T19:55:35.047Z,2026-08-26T22:11:39.517Z,8164,2026-08-26T22:11:39.517Z,V1,Memphis South,20846baf-2fe5-403c-85d4-31520e88a3ce,SAMMS-VCPHCS-I-MemphisV5
202608262209457162,202608261955299984,202608261955298282,85,1117,Bronze INV,br_AdmissionAssessmentDimensionSix,TASK_COMPLETE,SUCCESS,INFO,690,690,0,,2026-08-26T19:55:35.047Z,2026-08-26T22:11:39.517Z,8164,2026-08-26T22:11:39.517Z,V10,Longmont,20846baf-2fe5-403c-85d4-31520e88a3ce,SAMMS-BoulderV5
202608262209457163,202608261955299985,202608261955298282,85,1118,Bronze INV,br_AdmissionAssessmentDimensionSix,TASK_COMPLETE,SUCCESS,INFO,1185,1185,0,,2026-08-26T19:55:35.047Z,2026-08-26T22:11:39.517Z,8164,2026-08-26T22:11:39.517Z,V10A,Fort Collins,20846baf-2fe5-403c-85d4-31520e88a3ce,SAMMS-FortCollinsV5
202608262209457164,202608261955299986,202608261955298282,85,1119,Bronze INV,br_AdmissionAssessmentDimensionSix,TASK_COMPLETE,SUCCESS,INFO,984,984,0,,2026-08-26T19:55:35.047Z,2026-08-26T22:11:39.517Z,8164,2026-08-26T22:11:39.517Z,V11,Westminster,20846baf-2fe5-403c-85d4-31520e88a3ce,SAMMS-VCPHCS-XI-NorthDenverV5
202608262209457165,202608261955299987,202608261955298282,85,1120,Bronze INV,br_AdmissionAssessmentDimensionSix,TASK_COMPLETE,SUCCESS,INFO,1044,1044,0,,2026-08-26T19:55:35.047Z,2026-08-26T22:11:39.517Z,8164,2026-08-26T22:11:39.517Z,V12,Downtown Denver,20846baf-2fe5-403c-85d4-31520e88a3ce,SAMMS-VCPHCS-XII-DowntownDenverV5
202608262209457166,202608261955299988,202608261955298282,85,1121,Bronze INV,br_AdmissionAssessmentDimensionSix,TASK_COMPLETE,SUCCESS,INFO,473,473,0,,2026-08-26T19:55:35.047Z,2026-08-26T22:11:39.517Z,8164,2026-08-26T22:11:39.517Z,V12A,Centennial,20846baf-2fe5-403c-85d4-31520e88a3ce,SAMMS-CentennialV5
202608262209457167,202608261955299989,202608261955298282,85,1122,Bronze INV,br_AdmissionAssessmentDimensionSix,TASK_COMPLETE,SUCCESS,INFO,292,292,0,,2026-08-26T19:55:35.047Z,2026-08-26T22:11:39.517Z,8164,2026-08-26T22:11:39.517Z,V14,Overland Park,20846baf-2fe5-403c-85d4-31520e88a3ce,SAMMS-VCPHCS-XIV-BridgewayV5
202608262209457168,202608261955299990,202608261955298282,85,1123,Bronze INV,br_AdmissionAssessmentDimensionSix,TASK_COMPLETE,SUCCESS,INFO,563,563,0,,2026-08-26T19:55:35.047Z,2026-08-26T22:11:39.517Z,8164,2026-08-26T22:11:39.517Z,V15,Joplin,20846baf-2fe5-403c-85d4-31520e88a3ce,SAMMS-JoplinV5
202608262209457170,202608261955299991,202608261955298282,85,1125,Bronze INV,br_AdmissionAssessmentDimensionSix,TASK_COMPLETE,SUCCESS,INFO,464,464,0,,2026-08-26T19:55:35.047Z,2026-08-26T22:11:39.517Z,8164,2026-08-26T22:11:39.517Z,V17,Columbia TN,20846baf-2fe5-403c-85d4-31520e88a3ce,SAMMS-ColumbiaTNv5
202608262209457171,202608261955299992,202608261955298282,85,1127,Bronze INV,br_AdmissionAssessmentDimensionSix,TASK_COMPLETE,SUCCESS,INFO,411,411,0,,2026-08-26T19:55:35.047Z,2026-08-26T22:11:39.517Z,8164,2026-08-26T22:11:39.517Z,V19,Jackson,20846baf-2fe5-403c-85d4-31520e88a3ce,SAMMS-JacksonV5
202608262209457172,202608261955299993,202608261955298282,85,1129,Bronze INV,br_AdmissionAssessmentDimensionSix,TASK_COMPLETE,SUCCESS,INFO,478,478,0,,2026-08-26T19:55:35.047Z,2026-08-26T22:11:39.517Z,8164,2026-08-26T22:11:39.517Z,V20,Paris,20846baf-2fe5-403c-85d4-31520e88a3ce,SAMMS-ParisV5
202608262209457173,202608261955299994,202608261955298282,85,1130,Bronze INV,br_AdmissionAssessmentDimensionSix,TASK_COMPLETE,SUCCESS,INFO,352,352,0,,2026-08-26T19:55:35.047Z,2026-08-26T22:11:39.517Z,8164,2026-08-26T22:11:39.517Z,V21,Memphis North,20846baf-2fe5-403c-85d4-31520e88a3ce,SAMMS-RaleighV5
202608262209457174,202608261955299995,202608261955298282,85,1133,Bronze INV,br_AdmissionAssessmentDimensionSix,TASK_COMPLETE,SUCCESS,INFO,698,698,0,,2026-08-26T19:55:35.047Z,2026-08-26T22:11:39.517Z,8164,2026-08-26T22:11:39.517Z,V5,West Bank,20846baf-2fe5-403c-85d4-31520e88a3ce,SAMMS-NONTCv5
202608262209457175,202608261955299996,202608261955298282,85,1135,Bronze INV,br_AdmissionAssessmentDimensionSix,TASK_COMPLETE,SUCCESS,INFO,250,250,0,,2026-08-26T19:55:35.047Z,2026-08-26T22:11:39.517Z,8164,2026-08-26T22:11:39.517Z,V5B,Houma,20846baf-2fe5-403c-85d4-31520e88a3ce,SAMMS-HoumaV6
202608262209457176,202608261955299997,202608261955298282,85,1136,Bronze INV,br_AdmissionAssessmentDimensionSix,TASK_COMPLETE,SUCCESS,INFO,948,948,0,,2026-08-26T19:55:35.047Z,2026-08-26T22:11:39.517Z,8164,2026-08-26T22:11:39.517Z,V6,Lake Charles,20846baf-2fe5-403c-85d4-31520e88a3ce,SAMMS-LCv5
202608262209457177,202608261955299998,202608261955298282,85,1138,Bronze INV,br_AdmissionAssessmentDimensionSix,TASK_COMPLETE,SUCCESS,INFO,560,560,0,,2026-08-26T19:55:35.047Z,2026-08-26T22:11:39.517Z,8164,2026-08-26T22:11:39.517Z,V8,Memphis Midtown,20846baf-2fe5-403c-85d4-31520e88a3ce,SAMMS-VCPHCS-VIII-MemphisV5
202608262209457178,202608261955299999,202608261955298282,85,1139,Bronze INV,br_AdmissionAssessmentDimensionSix,TASK_COMPLETE,SUCCESS,INFO,1566,1566,0,,2026-08-26T19:55:35.047Z,2026-08-26T22:11:39.517Z,8164,2026-08-26T22:11:39.517Z,V9,Nashville,20846baf-2fe5-403c-85d4-31520e88a3ce,SAMMS-NashvilleV5
202608232214222975,202608232010369889,202608232010368283,85,592,Bronze INV,br_AdmissionAssessmentDimensionFiveSubstanceUse,TASK_COMPLETE,SUCCESS,INFO,1057,1057,0,,2026-08-23T20:10:41.468Z,2026-08-23T22:16:21.732Z,7540,2026-08-23T22:16:21.732Z,VWBY,Woodbury,955211d4-28b8-44a0-8023-2bfaa48d6721,SAMMS-WoodburyV6
202608232214222976,202608232010369890,202608232010368283,85,594,Bronze INV,br_AdmissionAssessmentDimensionFiveSubstanceUse,TASK_COMPLETE,SUCCESS,INFO,425,425,0,,2026-08-23T20:10:41.468Z,2026-08-23T22:16:21.732Z,7540,2026-08-23T22:16:21.732Z,WIL,Wilson,955211d4-28b8-44a0-8023-2bfaa48d6721,SAMMS-Wilson
202608232214223078,202608232010468289,202608232010468283,86,5725,Silver INV,sl_AdmissionAssessmentDimensionFiveSubstanceUse,TASK_COMPLETE,SUCCESS,INFO,50613,50613,0,,2026-08-23T20:10:41.468Z,2026-08-23T22:16:21.732Z,7540,2026-08-23T22:16:21.732Z,,,955211d4-28b8-44a0-8023-2bfaa48d6721,
202608232214223009,202608232010369661,202608232010368283,85,598,Bronze INV,br_AdmissionAssessmentDimensionFour,TASK_COMPLETE,SUCCESS,INFO,98,98,0,,2026-08-23T20:10:41.468Z,2026-08-23T22:16:21.732Z,7540,2026-08-23T22:16:21.732Z,AHK,Ahoskie,955211d4-28b8-44a0-8023-2bfaa48d6721,SAMMS-Ahoskie
202608232214223010,202608232010369662,202608232010368283,85,599,Bronze INV,br_AdmissionAssessmentDimensionFour,TASK_COMPLETE,SUCCESS,INFO,786,786,0,,2026-08-23T20:10:41.468Z,2026-08-23T22:16:21.732Z,7540,2026-08-23T22:16:21.732Z,B12B,Colorado Springs,955211d4-28b8-44a0-8023-2bfaa48d6721,SAMMS-ColoradoSpringsV5
202608232214223011,202608232010369663,202608232010368283,85,600,Bronze INV,br_AdmissionAssessmentDimensionFour,TASK_COMPLETE,SUCCESS,INFO,411,411,0,,2026-08-23T20:10:41.468Z,2026-08-23T22:16:21.732Z,7540,2026-08-23T22:16:21.732Z,B24,Paintsville,955211d4-28b8-44a0-8023-2bfaa48d6721,SAMMS-PaintsvilleV5
202608232214223012,202608232010369664,202608232010368283,85,601,Bronze INV,br_AdmissionAssessmentDimensionFour,TASK_COMPLETE,SUCCESS,INFO,171,171,0,,2026-08-23T20:10:41.468Z,2026-08-23T22:16:21.732Z,7540,2026-08-23T22:16:21.732Z,B25,Pikeville,955211d4-28b8-44a0-8023-2bfaa48d6721,SAMMS-PikevilleV5
202608232214223013,202608232010369665,202608232010368283,85,602,Bronze INV,br_AdmissionAssessmentDimensionFour,TASK_COMPLETE,SUCCESS,INFO,492,492,0,,2026-08-23T20:10:41.468Z,2026-08-23T22:16:21.732Z,7540,2026-08-23T22:16:21.732Z,B26,Hazard,955211d4-28b8-44a0-8023-2bfaa48d6721,SAMMS-HazardV5
202608232214223014,202608232010369666,202608232010368283,85,603,Bronze INV,br_AdmissionAssessmentDimensionFour,TASK_COMPLETE,SUCCESS,INFO,187,187,0,,2026-08-23T20:10:41.468Z,2026-08-23T22:16:21.732Z,7540,2026-08-23T22:16:21.732Z,B27,Savannah,955211d4-28b8-44a0-8023-2bfaa48d6721,SAMMS-SavannahV6
202608232214223016,202608232010369667,202608232010368283,85,604,Bronze INV,br_AdmissionAssessmentDimensionFour,TASK_COMPLETE,SUCCESS,INFO,233,233,0,,2026-08-23T20:10:41.468Z,2026-08-23T22:16:21.732Z,7540,2026-08-23T22:16:21.732Z,B28,West Plains,955211d4-28b8-44a0-8023-2bfaa48d6721,SAMMS-WestPlainesV5
202608232214223017,202608232010369668,202608232010368283,85,605,Bronze INV,br_AdmissionAssessmentDimensionFour,TASK_COMPLETE,SUCCESS,INFO,258,258,0,,2026-08-23T20:10:41.468Z,2026-08-23T22:16:21.732Z,7540,2026-08-23T22:16:21.732Z,B29,Poplar Bluff,955211d4-28b8-44a0-8023-2bfaa48d6721,SAMMS-PoplarBluffV5
202608232214223018,202608232010369669,202608232010368283,85,606,Bronze INV,br_AdmissionAssessmentDimensionFour,TASK_COMPLETE,SUCCESS,INFO,138,138,0,,2026-08-23T20:10:41.468Z,2026-08-23T22:16:21.732Z,7540,2026-08-23T22:16:21.732Z,B30,KC North,955211d4-28b8-44a0-8023-2bfaa48d6721,SAMMS-KCNv5
202608232214223019,202608232010369670,202608232010368283,85,607,Bronze INV,br_AdmissionAssessmentDimensionFour,TASK_COMPLETE,SUCCESS,INFO,335,335,0,,2026-08-23T20:10:41.468Z,2026-08-23T22:16:21.732Z,7540,2026-08-23T22:16:21.732Z,B31,Dyersburg,955211d4-28b8-44a0-8023-2bfaa48d6721,SAMMS-DyersburgV5
202608232214223020,202608232010369671,202608232010368283,85,609,Bronze INV,br_AdmissionAssessmentDimensionFour,TASK_COMPLETE,SUCCESS,INFO,212,212,0,,2026-08-23T20:10:41.468Z,2026-08-23T22:16:21.732Z,7540,2026-08-23T22:16:21.732Z,B33,Paducah,955211d4-28b8-44a0-8023-2bfaa48d6721,SAMMS-Paducah
202608232214223021,202608232010369672,202608232010368283,85,610,Bronze INV,br_AdmissionAssessmentDimensionFour,TASK_COMPLETE,SUCCESS,INFO,448,448,0,,2026-08-23T20:10:41.468Z,2026-08-23T22:16:21.732Z,7540,2026-08-23T22:16:21.732Z,B34,Corbin,955211d4-28b8-44a0-8023-2bfaa48d6721,SAMMS-CorbinV5
202608232214223023,202608232010369673,202608232010368283,85,611,Bronze INV,br_AdmissionAssessmentDimensionFour,TASK_COMPLETE,SUCCESS,INFO,715,715,0,,2026-08-23T20:10:41.468Z,2026-08-23T22:16:21.732Z,7540,2026-08-23T22:16:21.732Z,B35,Lexington,955211d4-28b8-44a0-8023-2bfaa48d6721,SAMMS-LexingtonV5
202608232214223024,202608232010369674,202608232010368283,85,612,Bronze INV,br_AdmissionAssessmentDimensionFour,TASK_COMPLETE,SUCCESS,INFO,345,345,0,,2026-08-23T20:10:41.468Z,2026-08-23T22:16:21.732Z,7540,2026-08-23T22:16:21.732Z,B35A,Berea,955211d4-28b8-44a0-8023-2bfaa48d6721,SAMMS-BereaV5
202608232214223025,202608232010369675,202608232010368283,85,613,Bronze INV,br_AdmissionAssessmentDimensionFour,TASK_COMPLETE,SUCCESS,INFO,599,599,0,,2026-08-23T20:10:41.468Z,2026-08-23T22:16:21.732Z,7540,2026-08-23T22:16:21.732Z,B36,Asheville,955211d4-28b8-44a0-8023-2bfaa48d6721,SAMMS-AshevilleV5
202608232214223026,202608232010369676,202608232010368283,85,614,Bronze INV,br_AdmissionAssessmentDimensionFour,TASK_COMPLETE,SUCCESS,INFO,449,449,0,,2026-08-23T20:10:41.468Z,2026-08-23T22:16:21.732Z,7540,2026-08-23T22:16:21.732Z,B37,Clyde,955211d4-28b8-44a0-8023-2bfaa48d6721,SAMMS-ClydeV5
202608232214223027,202608232010369677,202608232010368283,85,615,Bronze INV,br_AdmissionAssessmentDimensionFour,TASK_COMPLETE,SUCCESS,INFO,631,631,0,,2026-08-23T20:10:41.468Z,2026-08-23T22:16:21.732Z,7540,2026-08-23T22:16:21.732Z,B38,Spartanburg,955211d4-28b8-44a0-8023-2bfaa48d6721,SAMMS-SpartanburgV5
202608232214223029,202608232010369678,202608232010368283,85,616,Bronze INV,br_AdmissionAssessmentDimensionFour,TASK_COMPLETE,SUCCESS,INFO,475,475,0,,2026-08-23T20:10:41.468Z,2026-08-23T22:16:21.732Z,7540,2026-08-23T22:16:21.732Z,B39,Aiken,955211d4-28b8-44a0-8023-2bfaa48d6721,SAMMS-AikenV5
202608232214223030,202608232010369679,202608232010368283,85,617,Bronze INV,br_AdmissionAssessmentDimensionFour,TASK_COMPLETE,SUCCESS,INFO,290,290,0,,2026-08-23T20:10:41.468Z,2026-08-23T22:16:21.732Z,7540,2026-08-23T22:16:21.732Z,B41,Chesapeake,955211d4-28b8-44a0-8023-2bfaa48d6721,SAMMS-ChesapeakeV5
202608232214223031,202608232010369680,202608232010368283,85,618,Bronze INV,br_AdmissionAssessmentDimensionFour,TASK_COMPLETE,SUCCESS,INFO,534,534,0,,2026-08-23T20:10:41.468Z,2026-08-23T22:16:21.732Z,7540,2026-08-23T22:16:21.732Z,B42,Virginia Beach,955211d4-28b8-44a0-8023-2bfaa48d6721,SAMMS-VirginiaBeachV5
202608232214223032,202608232010369681,202608232010368283,85,619,Bronze INV,br_AdmissionAssessmentDimensionFour,TASK_COMPLETE,SUCCESS,INFO,165,165,0,,2026-08-23T20:10:41.468Z,2026-08-23T22:16:21.732Z,7540,2026-08-23T22:16:21.732Z,B42A,Newport News,955211d4-28b8-44a0-8023-2bfaa48d6721,SAMMS-NewportNewsV5
202608232214223033,202608232010369682,202608232010368283,85,620,Bronze INV,br_AdmissionAssessmentDimensionFour,TASK_COMPLETE,SUCCESS,INFO,56,56,0,,2026-08-23T20:10:41.468Z,2026-08-23T22:16:21.732Z,7540,2026-08-23T22:16:21.732Z,B42B,Franklin,955211d4-28b8-44a0-8023-2bfaa48d6721,SAMMS-FranklinV5
202608232214223034,202608232010369683,202608232010368283,85,621,Bronze INV,br_AdmissionAssessmentDimensionFour,TASK_COMPLETE,SUCCESS,INFO,334,334,0,,2026-08-23T20:10:41.468Z,2026-08-23T22:16:21.732Z,7540,2026-08-23T22:16:21.732Z,B42C,Glen Allen,955211d4-28b8-44a0-8023-2bfaa48d6721,SAMMS-GlenAllenV5
202608232214223036,202608232010369684,202608232010368283,85,622,Bronze INV,br_AdmissionAssessmentDimensionFour,TASK_COMPLETE,SUCCESS,INFO,169,169,0,,2026-08-23T20:10:41.468Z,2026-08-23T22:16:21.732Z,7540,2026-08-23T22:16:21.732Z,B42D,Chesapeake South,955211d4-28b8-44a0-8023-2bfaa48d6721,SAMMS-ChesapeakeSouthV5
202608232214223037,202608232010369685,202608232010368283,85,623,Bronze INV,br_AdmissionAssessmentDimensionFour,TASK_COMPLETE,SUCCESS,INFO,206,206,0,,2026-08-23T20:10:41.468Z,2026-08-23T22:16:21.732Z,7540,2026-08-23T22:16:21.732Z,B44,Albany,955211d4-28b8-44a0-8023-2bfaa48d6721,SAMMS-AlbanyV5
202608232214223038,202608232010369686,202608232010368283,85,624,Bronze INV,br_AdmissionAssessmentDimensionFour,TASK_COMPLETE,SUCCESS,INFO,302,302,0,,2026-08-23T20:10:41.468Z,2026-08-23T22:16:21.732Z,7540,2026-08-23T22:16:21.732Z,B45,Tifton,955211d4-28b8-44a0-8023-2bfaa48d6721,SAMMS-TiftonV5
202608232214223039,202608232010369687,202608232010368283,85,625,Bronze INV,br_AdmissionAssessmentDimensionFour,TASK_COMPLETE,SUCCESS,INFO,657,657,0,,2026-08-23T20:10:41.468Z,2026-08-23T22:16:21.732Z,7540,2026-08-23T22:16:21.732Z,B46,Washington DC,955211d4-28b8-44a0-8023-2bfaa48d6721,SAMMS-WashingtonDCv5
202608232214223040,202608232010369688,202608232010368283,85,626,Bronze INV,br_AdmissionAssessmentDimensionFour,TASK_COMPLETE,SUCCESS,INFO,346,346,0,,2026-08-23T20:10:41.468Z,2026-08-23T22:16:21.732Z,7540,2026-08-23T22:16:21.732Z,B47,Mobile,955211d4-28b8-44a0-8023-2bfaa48d6721,SAMMS-MobileV5
202608232214223041,202608232010369689,202608232010368283,85,627,Bronze INV,br_AdmissionAssessmentDimensionFour,TASK_COMPLETE,SUCCESS,INFO,448,448,0,,2026-08-23T20:10:41.468Z,2026-08-23T22:16:21.732Z,7540,2026-08-23T22:16:21.732Z,B48,Tuscaloosa,955211d4-28b8-44a0-8023-2bfaa48d6721,SAMMS-TuscaloosaV5
202608232214223043,202608232010369690,202608232010368283,85,636,Bronze INV,br_AdmissionAssessmentDimensionFour,TASK_COMPLETE,SUCCESS,INFO,309,309,0,,2026-08-23T20:10:41.468Z,2026-08-23T22:16:21.732Z,7540,2026-08-23T22:16:21.732Z,B51,N. Little Rock (OTP),955211d4-28b8-44a0-8023-2bfaa48d6721,SAMMS-NorthLittleRockV6
202608232214223044,202608232010369691,202608232010368283,85,637,Bronze INV,br_AdmissionAssessmentDimensionFour,TASK_COMPLETE,SUCCESS,INFO,155,155,0,,2026-08-23T20:10:41.468Z,2026-08-23T22:16:21.732Z,7540,2026-08-23T22:16:21.732Z,B52,Jackson GA,955211d4-28b8-44a0-8023-2bfaa48d6721,SAMMS-JacksonGAV5
202608232214223045,202608232010369692,202608232010368283,85,638,Bronze INV,br_AdmissionAssessmentDimensionFour,TASK_COMPLETE,SUCCESS,INFO,468,468,0,,2026-08-23T20:10:41.468Z,2026-08-23T22:16:21.732Z,7540,2026-08-23T22:16:21.732Z,B54,Gadsden,955211d4-28b8-44a0-8023-2bfaa48d6721,SAMMS-GadsdenV5
202608232214223046,202608232010369693,202608232010368283,85,639,Bronze INV,br_AdmissionAssessmentDimensionFour,TASK_COMPLETE,SUCCESS,INFO,479,479,0,,2026-08-23T20:10:41.468Z,2026-08-23T22:16:21.732Z,7540,2026-08-23T22:16:21.732Z,B55,Shoals,955211d4-28b8-44a0-8023-2bfaa48d6721,SAMMS-ShoalsV5
202608232214223047,202608232010369694,202608232010368283,85,640,Bronze INV,br_AdmissionAssessmentDimensionFour,TASK_COMPLETE,SUCCESS,INFO,170,170,0,,2026-08-23T20:10:41.468Z,2026-08-23T22:16:21.732Z,7540,2026-08-23T22:16:21.732Z,B57,Pawtucket,955211d4-28b8-44a0-8023-2bfaa48d6721,SAMMS-Pawtucket
202608232214223048,202608232010369695,202608232010368283,85,641,Bronze INV,br_AdmissionAssessmentDimensionFour,TASK_COMPLETE,SUCCESS,INFO,167,167,0,,2026-08-23T20:10:41.468Z,2026-08-23T22:16:21.732Z,7540,2026-08-23T22:16:21.732Z,B57A,Johnston,955211d4-28b8-44a0-8023-2bfaa48d6721,SAMMS-Johnston
202608232214223050,202608232010369696,202608232010368283,85,642,Bronze INV,br_AdmissionAssessmentDimensionFour,TASK_COMPLETE,SUCCESS,INFO,86,86,0,,2026-08-23T20:10:41.468Z,2026-08-23T22:16:21.732Z,7540,2026-08-23T22:16:21.732Z,B57B,Middletown,955211d4-28b8-44a0-8023-2bfaa48d6721,SAMMS-Middletown
202608232214223051,202608232010369697,202608232010368283,85,643,Bronze INV,br_AdmissionAssessmentDimensionFour,TASK_COMPLETE,SUCCESS,INFO,172,172,0,,2026-08-23T20:10:41.468Z,2026-08-23T22:16:21.732Z,7540,2026-08-23T22:16:21.732Z,B57C,Providence,955211d4-28b8-44a0-8023-2bfaa48d6721,SAMMS-Providence
202608232214223052,202608232010369698,202608232010368283,85,644,Bronze INV,br_AdmissionAssessmentDimensionFour,TASK_COMPLETE,SUCCESS,INFO,249,249,0,,2026-08-23T20:10:41.468Z,2026-08-23T22:16:21.732Z,7540,2026-08-23T22:16:21.732Z,B57D,Westerly,955211d4-28b8-44a0-8023-2bfaa48d6721,SAMMS-Westerly
202608232214223053,202608232010369699,202608232010368283,85,648,Bronze INV,br_AdmissionAssessmentDimensionFour,TASK_COMPLETE,SUCCESS,INFO,362,362,0,,2026-08-23T20:10:41.468Z,2026-08-23T22:16:21.732Z,7540,2026-08-23T22:16:21.732Z,B66A,Bremen,955211d4-28b8-44a0-8023-2bfaa48d6721,SAMMS-Bremen
202608232214223054,202608232010369700,202608232010368283,85,651,Bronze INV,br_AdmissionAssessmentDimensionFour,TASK_COMPLETE,SUCCESS,INFO,13,13,0,,2026-08-23T20:10:41.468Z,2026-08-23T22:16:21.732Z,7540,2026-08-23T22:16:21.732Z,B72,Mobile (OBOT),955211d4-28b8-44a0-8023-2bfaa48d6721,SAMMS-Mobile-OBOT
202608232214223055,202608232010369701,202608232010368283,85,652,Bronze INV,br_AdmissionAssessmentDimensionFour,TASK_COMPLETE,SUCCESS,INFO,2,2,0,,2026-08-23T20:10:41.468Z,2026-08-23T22:16:21.732Z,7540,2026-08-23T22:16:21.732Z,B73,Montgomery,955211d4-28b8-44a0-8023-2bfaa48d6721,SAMMS-Montgomery
202608232214223057,202608232010369702,202608232010368283,85,653,Bronze INV,br_AdmissionAssessmentDimensionFour,TASK_COMPLETE,SUCCESS,INFO,315,315,0,,2026-08-23T20:10:41.468Z,2026-08-23T22:16:21.732Z,7540,2026-08-23T22:16:21.732Z,B75,Lawrence,955211d4-28b8-44a0-8023-2bfaa48d6721,SAMMS-LawrenceV6
202608232214223058,202608232010369703,202608232010368283,85,654,Bronze INV,br_AdmissionAssessmentDimensionFour,TASK_COMPLETE,SUCCESS,INFO,49,49,0,,2026-08-23T20:10:41.468Z,2026-08-23T22:16:21.732Z,7540,2026-08-23T22:16:21.732Z,B76,Huntsville OBOT,955211d4-28b8-44a0-8023-2bfaa48d6721,SAMMS-Huntsville-OBOT
202608232214223059,202608232010369704,202608232010368283,85,655,Bronze INV,br_AdmissionAssessmentDimensionFour,TASK_COMPLETE,SUCCESS,INFO,297,297,0,,2026-08-23T20:10:41.468Z,2026-08-23T22:16:21.732Z,7540,2026-08-23T22:16:21.732Z,BAT,Batesville,955211d4-28b8-44a0-8023-2bfaa48d6721,SAMMS-Batesville
202608232214223060,202608232010369705,202608232010368283,85,656,Bronze INV,br_AdmissionAssessmentDimensionFour,TASK_COMPLETE,SUCCESS,INFO,234,234,0,,2026-08-23T20:10:41.468Z,2026-08-23T22:16:21.732Z,7540,2026-08-23T22:16:21.732Z,BG,Bowling Green,955211d4-28b8-44a0-8023-2bfaa48d6721,SAMMS-BowlingGreen
202608232214223061,202608232010369706,202608232010368283,85,657,Bronze INV,br_AdmissionAssessmentDimensionFour,TASK_COMPLETE,SUCCESS,INFO,214,214,0,,2026-08-23T20:10:41.468Z,2026-08-23T22:16:21.732Z,7540,2026-08-23T22:16:21.732Z,BOI,Boise,955211d4-28b8-44a0-8023-2bfaa48d6721,SAMMS-Boise
202608232214223062,202608232010369707,202608232010368283,85,664,Bronze INV,br_AdmissionAssessmentDimensionFour,TASK_COMPLETE,SUCCESS,INFO,283,283,0,,2026-08-23T20:10:41.468Z,2026-08-23T22:16:21.732Z,7540,2026-08-23T22:16:21.732Z,CBCO,Coeur dAlene,955211d4-28b8-44a0-8023-2bfaa48d6721,SAMMS-CoeurdAleneV6
202608232214223063,202608232010369708,202608232010368283,85,683,Bronze INV,br_AdmissionAssessmentDimensionFour,TASK_COMPLETE,SUCCESS,INFO,300,300,0,,2026-08-23T20:10:41.468Z,2026-08-23T22:16:21.732Z,7540,2026-08-23T22:16:21.732Z,CON,Conway,955211d4-28b8-44a0-8023-2bfaa48d6721,SAMMS-Conway
202608232214223065,202608232010369709,202608232010368283,85,684,Bronze INV,br_AdmissionAssessmentDimensionFour,TASK_COMPLETE,SUCCESS,INFO,1542,1542,0,,2026-08-23T20:10:41.468Z,2026-08-23T22:16:21.732Z,7540,2026-08-23T22:16:21.732Z,D07,Medical Services Knox TN,955211d4-28b8-44a0-8023-2bfaa48d6721,SAMMS-KnoxvilleV6
202608232214223066,202608232010369710,202608232010368283,85,685,Bronze INV,br_AdmissionAssessmentDimensionFour,TASK_COMPLETE,SUCCESS,INFO,954,954,0,,2026-08-23T20:10:41.468Z,2026-08-23T22:16:21.732Z,7540,2026-08-23T22:16:21.732Z,D08,Madison,955211d4-28b8-44a0-8023-2bfaa48d6721,SAMMS-MadisonV6
202608232214223067,202608232010369711,202608232010368283,85,687,Bronze INV,br_AdmissionAssessmentDimensionFour,TASK_COMPLETE,SUCCESS,INFO,928,928,0,,2026-08-23T20:10:41.468Z,2026-08-23T22:16:21.732Z,7540,2026-08-23T22:16:21.732Z,D09,Murfreesboro,955211d4-28b8-44a0-8023-2bfaa48d6721,SAMMS-MurfreesboroV6
202608232214223068,202608232010369712,202608232010368283,85,688,Bronze INV,br_AdmissionAssessmentDimensionFour,TASK_COMPLETE,SUCCESS,INFO,218,218,0,,2026-08-23T20:10:41.468Z,2026-08-23T22:16:21.732Z,7540,2026-08-23T22:16:21.732Z,DA,Davenport,955211d4-28b8-44a0-8023-2bfaa48d6721,SAMMS-Davenport
202608232214223069,202608232010369713,202608232010368283,85,689,Bronze INV,br_AdmissionAssessmentDimensionFour,TASK_COMPLETE,SUCCESS,INFO,350,350,0,,2026-08-23T20:10:41.468Z,2026-08-23T22:16:21.732Z,7540,2026-08-23T22:16:21.732Z,DM,Des Moines,955211d4-28b8-44a0-8023-2bfaa48d6721,SAMMS-DesMoines
202608232214223070,202608232010369714,202608232010368283,85,691,Bronze INV,br_AdmissionAssessmentDimensionFour,TASK_COMPLETE,SUCCESS,INFO,475,475,0,,2026-08-23T20:10:41.468Z,2026-08-23T22:16:21.732Z,7540,2026-08-23T22:16:21.732Z,DRD-CO,Columbia MO,955211d4-28b8-44a0-8023-2bfaa48d6721,SAMMS-ColumbiaV5
202608232214223072,202608232010369715,202608232010368283,85,692,Bronze INV,br_AdmissionAssessmentDimensionFour,TASK_COMPLETE,SUCCESS,INFO,592,592,0,,2026-08-23T20:10:41.468Z,2026-08-23T22:16:21.732Z,7540,2026-08-23T22:16:21.732Z,DRD-KC,KC,955211d4-28b8-44a0-8023-2bfaa48d6721,SAMMS-KCv5
202608232214223073,202608232010369716,202608232010368283,85,693,Bronze INV,br_AdmissionAssessmentDimensionFour,TASK_COMPLETE,SUCCESS,INFO,949,949,0,,2026-08-23T20:10:41.468Z,2026-08-23T22:16:21.732Z,7540,2026-08-23T22:16:21.732Z,DRD-KVB,KVB,955211d4-28b8-44a0-8023-2bfaa48d6721,SAMMS-KVBv5
202608232214223074,202608232010369717,202608232010368283,85,694,Bronze INV,br_AdmissionAssessmentDimensionFour,TASK_COMPLETE,SUCCESS,INFO,1562,1562,0,,2026-08-23T20:10:41.468Z,2026-08-23T22:16:21.732Z,7540,2026-08-23T22:16:21.732Z,DRD-KVC,KVC,955211d4-28b8-44a0-8023-2bfaa48d6721,SAMMS-KVCv5
202608232214223075,202608232010369718,202608232010368283,85,695,Bronze INV,br_AdmissionAssessmentDimensionFour,TASK_COMPLETE,SUCCESS,INFO,1257,1257,0,,2026-08-23T20:10:41.468Z,2026-08-23T22:16:21.732Z,7540,2026-08-23T22:16:21.732Z,DRD-NOLA,NOLA,955211d4-28b8-44a0-8023-2bfaa48d6721,SAMMS-NOLAv5
202608232214223076,202608232010369719,202608232010368283,85,696,Bronze INV,br_AdmissionAssessmentDimensionFour,TASK_COMPLETE,SUCCESS,INFO,731,731,0,,2026-08-23T20:10:41.468Z,2026-08-23T22:16:21.732Z,7540,2026-08-23T22:16:21.732Z,DRD-SF,Springfield,955211d4-28b8-44a0-8023-2bfaa48d6721,SAMMS-SFv5
202608232214223077,202608232010369720,202608232010368283,85,698,Bronze INV,br_AdmissionAssessmentDimensionFour,TASK_COMPLETE,SUCCESS,INFO,249,249,0,,2026-08-23T20:10:41.468Z,2026-08-23T22:16:21.732Z,7540,2026-08-23T22:16:21.732Z,ELC,Elizabeth City,955211d4-28b8-44a0-8023-2bfaa48d6721,SAMMS-ElizabethCity
202608232214223079,202608232010369721,202608232010368283,85,699,Bronze INV,br_AdmissionAssessmentDimensionFour,TASK_COMPLETE,SUCCESS,INFO,263,263,0,,2026-08-23T20:10:41.468Z,2026-08-23T22:16:21.732Z,7540,2026-08-23T22:16:21.732Z,ET,Elizabethtown,955211d4-28b8-44a0-8023-2bfaa48d6721,SAMMS-Elizabethtown
202608232214223080,202608232010369722,202608232010368283,85,700,Bronze INV,br_AdmissionAssessmentDimensionFour,TASK_COMPLETE,SUCCESS,INFO,226,226,0,,2026-08-23T20:10:41.468Z,2026-08-23T22:16:21.732Z,7540,2026-08-23T22:16:21.732Z,FAY,Fayetteville,955211d4-28b8-44a0-8023-2bfaa48d6721,SAMMS-Fayetteville
202608232214223081,202608232010369723,202608232010368283,85,701,Bronze INV,br_AdmissionAssessmentDimensionFour,TASK_COMPLETE,SUCCESS,INFO,178,178,0,,2026-08-23T20:10:41.468Z,2026-08-23T22:16:21.732Z,7540,2026-08-23T22:16:21.732Z,FR,Frankfort,955211d4-28b8-44a0-8023-2bfaa48d6721,SAMMS-Frankfort
202608232214223082,202608232010369724,202608232010368283,85,702,Bronze INV,br_AdmissionAssessmentDimensionFour,TASK_COMPLETE,SUCCESS,INFO,278,278,0,,2026-08-23T20:10:41.468Z,2026-08-23T22:16:21.732Z,7540,2026-08-23T22:16:21.732Z,FS,Fort Smith,955211d4-28b8-44a0-8023-2bfaa48d6721,SAMMS-FortSmith
202608232214223083,202608232010369725,202608232010368283,85,703,Bronze INV,br_AdmissionAssessmentDimensionFour,TASK_COMPLETE,SUCCESS,INFO,678,678,0,,2026-08-23T20:10:41.468Z,2026-08-23T22:16:21.732Z,7540,2026-08-23T22:16:21.732Z,FW,Fort Wayne,955211d4-28b8-44a0-8023-2bfaa48d6721,SAMMS-FortWayne
202608232214223084,202608232010369726,202608232010368283,85,704,Bronze INV,br_AdmissionAssessmentDimensionFour,TASK_COMPLETE,SUCCESS,INFO,101,101,0,,2026-08-23T20:10:41.468Z,2026-08-23T22:16:21.732Z,7540,2026-08-23T22:16:21.732Z,GAL,Gaylord,955211d4-28b8-44a0-8023-2bfaa48d6721,SAMMS-Gaylord
202608232214223086,202608232010369727,202608232010368283,85,708,Bronze INV,br_AdmissionAssessmentDimensionFour,TASK_COMPLETE,SUCCESS,INFO,614,614,0,,2026-08-23T20:10:41.468Z,2026-08-23T22:16:21.732Z,7540,2026-08-23T22:16:21.732Z,HGT,Hagerstown,955211d4-28b8-44a0-8023-2bfaa48d6721,SAMMS-Hagerstown
202608232214223087,202608232010369728,202608232010368283,85,709,Bronze INV,br_AdmissionAssessmentDimensionFour,TASK_COMPLETE,SUCCESS,INFO,464,464,0,,2026-08-23T20:10:41.468Z,2026-08-23T22:16:21.732Z,7540,2026-08-23T22:16:21.732Z,HNT,Huntsville,955211d4-28b8-44a0-8023-2bfaa48d6721,SAMMS-Huntsville
202608232214223088,202608232010369729,202608232010368283,85,710,Bronze INV,br_AdmissionAssessmentDimensionFour,TASK_COMPLETE,SUCCESS,INFO,302,302,0,,2026-08-23T20:10:41.468Z,2026-08-23T22:16:21.732Z,7540,2026-08-23T22:16:21.732Z,HS,Hot Springs,955211d4-28b8-44a0-8023-2bfaa48d6721,SAMMS-HotSprings
202608232214223089,202608232010369730,202608232010368283,85,711,Bronze INV,br_AdmissionAssessmentDimensionFour,TASK_COMPLETE,SUCCESS,INFO,268,268,0,,2026-08-23T20:10:41.468Z,2026-08-23T22:16:21.732Z,7540,2026-08-23T22:16:21.732Z,JON,Jonesboro,955211d4-28b8-44a0-8023-2bfaa48d6721,SAMMS-Jonesboro
202608232214223090,202608232010369731,202608232010368283,85,713,Bronze INV,br_AdmissionAssessmentDimensionFour,TASK_COMPLETE,SUCCESS,INFO,150,150,0,,2026-08-23T20:10:41.468Z,2026-08-23T22:16:21.732Z,7540,2026-08-23T22:16:21.732Z,LAN,Lansing,955211d4-28b8-44a0-8023-2bfaa48d6721,SAMMS-Lansing
202608232214223091,202608232010369732,202608232010368283,85,714,Bronze INV,br_AdmissionAssessmentDimensionFour,TASK_COMPLETE,SUCCESS,INFO,427,427,0,,2026-08-23T20:10:41.468Z,2026-08-23T22:16:21.732Z,7540,2026-08-23T22:16:21.732Z,LO,Louisville,955211d4-28b8-44a0-8023-2bfaa48d6721,SAMMS-Louisville
202608232214223092,202608232010369733,202608232010368283,85,715,Bronze INV,br_AdmissionAssessmentDimensionFour,TASK_COMPLETE,SUCCESS,INFO,1163,1163,0,,2026-08-23T20:10:41.468Z,2026-08-23T22:16:21.732Z,7540,2026-08-23T22:16:21.732Z,LV1,Cheyenne,955211d4-28b8-44a0-8023-2bfaa48d6721,SAMMS-Cheyenne
202608232214223094,202608232010369734,202608232010368283,85,716,Bronze INV,br_AdmissionAssessmentDimensionFour,TASK_COMPLETE,SUCCESS,INFO,931,931,0,,2026-08-23T20:10:41.468Z,2026-08-23T22:16:21.732Z,7540,2026-08-23T22:16:21.732Z,LV2,Desert Inn,955211d4-28b8-44a0-8023-2bfaa48d6721,SAMMS-DesertInn
202608232214223095,202608232010369735,202608232010368283,85,717,Bronze INV,br_AdmissionAssessmentDimensionFour,TASK_COMPLETE,SUCCESS,INFO,309,309,0,,2026-08-23T20:10:41.468Z,2026-08-23T22:16:21.732Z,7540,2026-08-23T22:16:21.732Z,LV3,McDaniel,955211d4-28b8-44a0-8023-2bfaa48d6721,SAMMS-McDaniel
202608232214223096,202608232010369736,202608232010368283,85,720,Bronze INV,br_AdmissionAssessmentDimensionFour,TASK_COMPLETE,SUCCESS,INFO,269,269,0,,2026-08-23T20:10:41.468Z,2026-08-23T22:16:21.732Z,7540,2026-08-23T22:16:21.732Z,MNRE,Monroe,955211d4-28b8-44a0-8023-2bfaa48d6721,SAMMS-Monroe
202608232214223097,202608232010369737,202608232010368283,85,721,Bronze INV,br_AdmissionAssessmentDimensionFour,TASK_COMPLETE,SUCCESS,INFO,118,118,0,,2026-08-23T20:10:41.468Z,2026-08-23T22:16:21.732Z,7540,2026-08-23T22:16:21.732Z,MP,Mt. Pleasant,955211d4-28b8-44a0-8023-2bfaa48d6721,SAMMS-MtPleasant
202608232214223098,202608232010369738,202608232010368283,85,722,Bronze INV,br_AdmissionAssessmentDimensionFour,TASK_COMPLETE,SUCCESS,INFO,170,170,0,,2026-08-23T20:10:41.468Z,2026-08-23T22:16:21.732Z,7540,2026-08-23T22:16:21.732Z,MRD,Meridian,955211d4-28b8-44a0-8023-2bfaa48d6721,SAMMS-Meridian
202608232214223099,202608232010369739,202608232010368283,85,727,Bronze INV,br_AdmissionAssessmentDimensionFour,TASK_COMPLETE,SUCCESS,INFO,630,630,0,,2026-08-23T20:10:41.468Z,2026-08-23T22:16:21.732Z,7540,2026-08-23T22:16:21.732Z,NC,North Charleston,955211d4-28b8-44a0-8023-2bfaa48d6721,SAMMS-NorthCharleston
202608232214223101,202608232010369740,202608232010368283,85,728,Bronze INV,br_AdmissionAssessmentDimensionFour,TASK_COMPLETE,SUCCESS,INFO,564,564,0,,2026-08-23T20:10:41.468Z,2026-08-23T22:16:21.732Z,7540,2026-08-23T22:16:21.732Z,NLR,N. Little Rock,955211d4-28b8-44a0-8023-2bfaa48d6721,SAMMS-NLROBOT
202608232214223102,202608232010369741,202608232010368283,85,729,Bronze INV,br_AdmissionAssessmentDimensionFour,TASK_COMPLETE,SUCCESS,INFO,234,234,0,,2026-08-23T20:10:41.468Z,2026-08-23T22:16:21.732Z,7540,2026-08-23T22:16:21.732Z,PH,Phoenix,955211d4-28b8-44a0-8023-2bfaa48d6721,SAMMS-Phoenix
202608232214223103,202608232010369742,202608232010368283,85,733,Bronze INV,br_AdmissionAssessmentDimensionFour,TASK_COMPLETE,SUCCESS,INFO,405,405,0,,2026-08-23T20:10:41.468Z,2026-08-23T22:16:21.732Z,7540,2026-08-23T22:16:21.732Z,RE,Reno,955211d4-28b8-44a0-8023-2bfaa48d6721,SAMMS-Reno
202608232214223104,202608232010369743,202608232010368283,85,734,Bronze INV,br_AdmissionAssessmentDimensionFour,TASK_COMPLETE,SUCCESS,INFO,388,388,0,,2026-08-23T20:10:41.468Z,2026-08-23T22:16:21.732Z,7540,2026-08-23T22:16:21.732Z,RMD,Richmond,955211d4-28b8-44a0-8023-2bfaa48d6721,SAMMS-Richmond
202608232214223105,202608232010369744,202608232010368283,85,735,Bronze INV,br_AdmissionAssessmentDimensionFour,TASK_COMPLETE,SUCCESS,INFO,478,478,0,,2026-08-23T20:10:41.468Z,2026-08-23T22:16:21.732Z,7540,2026-08-23T22:16:21.732Z,SFN,Springfield North,955211d4-28b8-44a0-8023-2bfaa48d6721,SAMMS-SFNv5
202608232214223106,202608232010369745,202608232010368283,85,736,Bronze INV,br_AdmissionAssessmentDimensionFour,TASK_COMPLETE,SUCCESS,INFO,445,445,0,,2026-08-23T20:10:41.468Z,2026-08-23T22:16:21.732Z,7540,2026-08-23T22:16:21.732Z,SHP,Shreveport,955211d4-28b8-44a0-8023-2bfaa48d6721,SAMMS-Shreveport
202608232214223108,202608232010369746,202608232010368283,85,738,Bronze INV,br_AdmissionAssessmentDimensionFour,TASK_COMPLETE,SUCCESS,INFO,80,80,0,,2026-08-23T20:10:41.468Z,2026-08-23T22:16:21.732Z,7540,2026-08-23T22:16:21.732Z,STN,Staunton,955211d4-28b8-44a0-8023-2bfaa48d6721,SAMMS-Staunton
202608232214223109,202608232010369747,202608232010368283,85,739,Bronze INV,br_AdmissionAssessmentDimensionFour,TASK_COMPLETE,SUCCESS,INFO,52,52,0,,2026-08-23T20:10:41.468Z,2026-08-23T22:16:21.732Z,7540,2026-08-23T22:16:21.732Z,STVN,Stevenson,955211d4-28b8-44a0-8023-2bfaa48d6721,SAMMS-Stevenson
202608232214223110,202608232010369748,202608232010368283,85,741,Bronze INV,br_AdmissionAssessmentDimensionFour,TASK_COMPLETE,SUCCESS,INFO,70,70,0,,2026-08-23T20:10:41.468Z,2026-08-23T22:16:21.732Z,7540,2026-08-23T22:16:21.732Z,TE,Tempe,955211d4-28b8-44a0-8023-2bfaa48d6721,SAMMS-Tempe
202608232214223111,202608232010369749,202608232010368283,85,742,Bronze INV,br_AdmissionAssessmentDimensionFour,TASK_COMPLETE,SUCCESS,INFO,361,361,0,,2026-08-23T20:10:41.468Z,2026-08-23T22:16:21.732Z,7540,2026-08-23T22:16:21.732Z,TEX,Texarkana,955211d4-28b8-44a0-8023-2bfaa48d6721,SAMMS-Texarkana
202608232214223112,202608232010369750,202608232010368283,85,743,Bronze INV,br_AdmissionAssessmentDimensionFour,TASK_COMPLETE,SUCCESS,INFO,418,418,0,,2026-08-23T20:10:41.468Z,2026-08-23T22:16:21.732Z,7540,2026-08-23T22:16:21.732Z,TTCA,Bessemer,955211d4-28b8-44a0-8023-2bfaa48d6721,SAMMS-BessemerV5
202608232214223113,202608232010369751,202608232010368283,85,744,Bronze INV,br_AdmissionAssessmentDimensionFour,TASK_COMPLETE,SUCCESS,INFO,546,546,0,,2026-08-23T20:10:41.468Z,2026-08-23T22:16:21.732Z,7540,2026-08-23T22:16:21.732Z,TTCB,Cullman,955211d4-28b8-44a0-8023-2bfaa48d6721,SAMMS-CullmanV5
202608232214223115,202608232010369752,202608232010368283,85,745,Bronze INV,br_AdmissionAssessmentDimensionFour,TASK_COMPLETE,SUCCESS,INFO,292,292,0,,2026-08-23T20:10:41.468Z,2026-08-23T22:16:21.732Z,7540,2026-08-23T22:16:21.732Z,TTCC,Grand Bay,955211d4-28b8-44a0-8023-2bfaa48d6721,SAMMS-GrandBay
202608232214223116,202608232010369753,202608232010368283,85,746,Bronze INV,br_AdmissionAssessmentDimensionFour,TASK_COMPLETE,SUCCESS,INFO,22,22,0,,2026-08-23T20:10:41.468Z,2026-08-23T22:16:21.732Z,7540,2026-08-23T22:16:21.732Z,TU,Tucson,955211d4-28b8-44a0-8023-2bfaa48d6721,SAMMS-Tucson
202608232214223117,202608232010369754,202608232010368283,85,748,Bronze INV,br_AdmissionAssessmentDimensionFour,TASK_COMPLETE,SUCCESS,INFO,250,250,0,,2026-08-23T20:10:41.468Z,2026-08-23T22:16:21.732Z,7540,2026-08-23T22:16:21.732Z,V1,Memphis South,955211d4-28b8-44a0-8023-2bfaa48d6721,SAMMS-VCPHCS-I-MemphisV5
202608232214223118,202608232010369755,202608232010368283,85,749,Bronze INV,br_AdmissionAssessmentDimensionFour,TASK_COMPLETE,SUCCESS,INFO,690,690,0,,2026-08-23T20:10:41.468Z,2026-08-23T22:16:21.732Z,7540,2026-08-23T22:16:21.732Z,V10,Longmont,955211d4-28b8-44a0-8023-2bfaa48d6721,SAMMS-BoulderV5
202608232214223119,202608232010369756,202608232010368283,85,750,Bronze INV,br_AdmissionAssessmentDimensionFour,TASK_COMPLETE,SUCCESS,INFO,1182,1182,0,,2026-08-23T20:10:41.468Z,2026-08-23T22:16:21.732Z,7540,2026-08-23T22:16:21.732Z,V10A,Fort Collins,955211d4-28b8-44a0-8023-2bfaa48d6721,SAMMS-FortCollinsV5
202608232214223120,202608232010369757,202608232010368283,85,751,Bronze INV,br_AdmissionAssessmentDimensionFour,TASK_COMPLETE,SUCCESS,INFO,981,981,0,,2026-08-23T20:10:41.468Z,2026-08-23T22:16:21.732Z,7540,2026-08-23T22:16:21.732Z,V11,Westminster,955211d4-28b8-44a0-8023-2bfaa48d6721,SAMMS-VCPHCS-XI-NorthDenverV5
202608232214223121,202608232010369758,202608232010368283,85,752,Bronze INV,br_AdmissionAssessmentDimensionFour,TASK_COMPLETE,SUCCESS,INFO,1053,1053,0,,2026-08-23T20:10:41.468Z,2026-08-23T22:16:21.732Z,7540,2026-08-23T22:16:21.732Z,V12,Downtown Denver,955211d4-28b8-44a0-8023-2bfaa48d6721,SAMMS-VCPHCS-XII-DowntownDenverV5
202608232214223123,202608232010369759,202608232010368283,85,753,Bronze INV,br_AdmissionAssessmentDimensionFour,TASK_COMPLETE,SUCCESS,INFO,475,475,0,,2026-08-23T20:10:41.468Z,2026-08-23T22:16:21.732Z,7540,2026-08-23T22:16:21.732Z,V12A,Centennial,955211d4-28b8-44a0-8023-2bfaa48d6721,SAMMS-CentennialV5
202608232214223124,202608232010369760,202608232010368283,85,754,Bronze INV,br_AdmissionAssessmentDimensionFour,TASK_COMPLETE,SUCCESS,INFO,290,290,0,,2026-08-23T20:10:41.468Z,2026-08-23T22:16:21.732Z,7540,2026-08-23T22:16:21.732Z,V14,Overland Park,955211d4-28b8-44a0-8023-2bfaa48d6721,SAMMS-VCPHCS-XIV-BridgewayV5
202608232214223125,202608232010369761,202608232010368283,85,755,Bronze INV,br_AdmissionAssessmentDimensionFour,TASK_COMPLETE,SUCCESS,INFO,561,561,0,,2026-08-23T20:10:41.468Z,2026-08-23T22:16:21.732Z,7540,2026-08-23T22:16:21.732Z,V15,Joplin,955211d4-28b8-44a0-8023-2bfaa48d6721,SAMMS-JoplinV5
202608232214223126,202608232010369762,202608232010368283,85,757,Bronze INV,br_AdmissionAssessmentDimensionFour,TASK_COMPLETE,SUCCESS,INFO,469,469,0,,2026-08-23T20:10:41.468Z,2026-08-23T22:16:21.732Z,7540,2026-08-23T22:16:21.732Z,V17,Columbia TN,955211d4-28b8-44a0-8023-2bfaa48d6721,SAMMS-ColumbiaTNv5
202608232214223127,202608232010369763,202608232010368283,85,759,Bronze INV,br_AdmissionAssessmentDimensionFour,TASK_COMPLETE,SUCCESS,INFO,409,409,0,,2026-08-23T20:10:41.468Z,2026-08-23T22:16:21.732Z,7540,2026-08-23T22:16:21.732Z,V19,Jackson,955211d4-28b8-44a0-8023-2bfaa48d6721,SAMMS-JacksonV5
202608232214223128,202608232010369764,202608232010368283,85,761,Bronze INV,br_AdmissionAssessmentDimensionFour,TASK_COMPLETE,SUCCESS,INFO,480,480,0,,2026-08-23T20:10:41.468Z,2026-08-23T22:16:21.732Z,7540,2026-08-23T22:16:21.732Z,V20,Paris,955211d4-28b8-44a0-8023-2bfaa48d6721,SAMMS-ParisV5
202608232214223130,202608232010369765,202608232010368283,85,762,Bronze INV,br_AdmissionAssessmentDimensionFour,TASK_COMPLETE,SUCCESS,INFO,353,353,0,,2026-08-23T20:10:41.468Z,2026-08-23T22:16:21.732Z,7540,2026-08-23T22:16:21.732Z,V21,Memphis North,955211d4-28b8-44a0-8023-2bfaa48d6721,SAMMS-RaleighV5
202608232214223131,202608232010369766,202608232010368283,85,765,Bronze INV,br_AdmissionAssessmentDimensionFour,TASK_COMPLETE,SUCCESS,INFO,699,699,0,,2026-08-23T20:10:41.468Z,2026-08-23T22:16:21.732Z,7540,2026-08-23T22:16:21.732Z,V5,West Bank,955211d4-28b8-44a0-8023-2bfaa48d6721,SAMMS-NONTCv5
202608232214223132,202608232010369767,202608232010368283,85,767,Bronze INV,br_AdmissionAssessmentDimensionFour,TASK_COMPLETE,SUCCESS,INFO,253,253,0,,2026-08-23T20:10:41.468Z,2026-08-23T22:16:21.732Z,7540,2026-08-23T22:16:21.732Z,V5B,Houma,955211d4-28b8-44a0-8023-2bfaa48d6721,SAMMS-HoumaV6
202608232214223133,202608232010369768,202608232010368283,85,768,Bronze INV,br_AdmissionAssessmentDimensionFour,TASK_COMPLETE,SUCCESS,INFO,953,953,0,,2026-08-23T20:10:41.468Z,2026-08-23T22:16:21.732Z,7540,2026-08-23T22:16:21.732Z,V6,Lake Charles,955211d4-28b8-44a0-8023-2bfaa48d6721,SAMMS-LCv5
202608232214223134,202608232010369769,202608232010368283,85,770,Bronze INV,br_AdmissionAssessmentDimensionFour,TASK_COMPLETE,SUCCESS,INFO,558,558,0,,2026-08-23T20:10:41.468Z,2026-08-23T22:16:21.732Z,7540,2026-08-23T22:16:21.732Z,V8,Memphis Midtown,955211d4-28b8-44a0-8023-2bfaa48d6721,SAMMS-VCPHCS-VIII-MemphisV5
202608232214223135,202608232010369770,202608232010368283,85,771,Bronze INV,br_AdmissionAssessmentDimensionFour,TASK_COMPLETE,SUCCESS,INFO,1566,1566,0,,2026-08-23T20:10:41.468Z,2026-08-23T22:16:21.732Z,7540,2026-08-23T22:16:21.732Z,V9,Nashville,955211d4-28b8-44a0-8023-2bfaa48d6721,SAMMS-NashvilleV5
202608232214223137,202608232010369771,202608232010368283,85,772,Bronze INV,br_AdmissionAssessmentDimensionFour,TASK_COMPLETE,SUCCESS,INFO,330,330,0,,2026-08-23T20:10:41.468Z,2026-08-23T22:16:21.732Z,7540,2026-08-23T22:16:21.732Z,VBRA,Brainerd,955211d4-28b8-44a0-8023-2bfaa48d6721,SAMMS-BrainerdV6
202608232214223138,202608232010369772,202608232010368283,85,773,Bronze INV,br_AdmissionAssessmentDimensionFour,TASK_COMPLETE,SUCCESS,INFO,591,591,0,,2026-08-23T20:10:41.468Z,2026-08-23T22:16:21.732Z,7540,2026-08-23T22:16:21.732Z,VBRP,Brooklyn Park,955211d4-28b8-44a0-8023-2bfaa48d6721,SAMMS-BrooklynParkV6
202608270732274419,202608270732274419,20260827043602,132,13704,Enrollment Activity With Readmission Gold,EnrollmentActivityWReadmission,TASK_FAILED,FAILED,ERROR,0,0,1,"An error occurred while calling o13422.count. : java.lang.IllegalStateException: Couldn''t find FirstName#186843 in [ClinicName#186839,SiteCode#186840,CltID#186841,PatientID#186842,True14EnrollDate#186845,True14DischargeDate#186846,DaysINTreatment#186847,DaysOUTOfTreatment#186848,Readmission#186849,UniqueRank#186850] at org.apache.spark.sql.catalyst.expressions.BindReferences$$anonfun$bindReference$1.applyOrElse(BoundAttribute.scala:80) at org.apache.spark.sql.catalyst.expressions.BindReferences$$anonfun$bindReference$1.applyOrElse(BoundAttribute.scala:73) at org.apache.spark.sql.catalyst.trees.TreeNode.$anonfun$transformDownWithPruning$1(TreeNode.scala:461) at org.apache.spark.sql.catalyst.trees.CurrentOrigin$.withOrigin(origin.scala:76) at org.apache.spark.sql.catalyst.trees.TreeNode.transformDownWithPruning(TreeNode.scala:461) at org.apache.spark.sql.catalyst.trees.TreeNode.transformDown(TreeNode.scala:437) at org.apache.spark.sql.catalyst.trees.TreeNode.transform(TreeNode.scala:405",2026-08-27T07:32:27.441Z,2026-08-27T07:32:51.053Z,23,2026-08-27T07:32:51.053Z,,,67cdece8-9745-4c87-ab73-e4e58104b61d,
202608270902448504,202608270902448504,20260827043602,132,13704,Enrollment Activity With Readmission Gold,EnrollmentActivityWReadmission,TASK_FAILED,FAILED,ERROR,0,0,1,"An error occurred while calling o13222.count. : java.lang.IllegalStateException: Couldn''t find FirstName#186279 in [ClinicName#186275,SiteCode#186276,CltID#186277,PatientID#186278,True14EnrollDate#186281,True14DischargeDate#186282,DaysINTreatment#186283,DaysOUTOfTreatment#186284,Readmission#186285,UniqueRank#186286] at org.apache.spark.sql.catalyst.expressions.BindReferences$$anonfun$bindReference$1.applyOrElse(BoundAttribute.scala:80) at org.apache.spark.sql.catalyst.expressions.BindReferences$$anonfun$bindReference$1.applyOrElse(BoundAttribute.scala:73) at org.apache.spark.sql.catalyst.trees.TreeNode.$anonfun$transformDownWithPruning$1(TreeNode.scala:461) at org.apache.spark.sql.catalyst.trees.CurrentOrigin$.withOrigin(origin.scala:76) at org.apache.spark.sql.catalyst.trees.TreeNode.transformDownWithPruning(TreeNode.scala:461) at org.apache.spark.sql.catalyst.trees.TreeNode.transformDown(TreeNode.scala:437) at org.apache.spark.sql.catalyst.trees.TreeNode.transform(TreeNode.scala:405",2026-08-27T09:02:44.850Z,2026-08-27T09:03:04.862Z,20,2026-08-27T09:03:04.862Z,,,3fa64f84-15aa-45fb-9cca-2f2fe48cfae1,
202608270648485098,202608270648485098,20260827043602,132,13704,Enrollment Activity With Readmission Gold,EnrollmentActivityWReadmission,TASK_FAILED,FAILED,ERROR,0,0,1,"An error occurred while calling o13484.count. : java.lang.IllegalStateException: Couldn''t find FirstName#185124 in [ClinicName#185120,SiteCode#185121,CltID#185122,PatientID#185123,True14EnrollDate#185126,True14DischargeDate#185127,DaysINTreatment#185128,DaysOUTOfTreatment#185129,Readmission#185130,UniqueRank#185131] at org.apache.spark.sql.catalyst.expressions.BindReferences$$anonfun$bindReference$1.applyOrElse(BoundAttribute.scala:80) at org.apache.spark.sql.catalyst.expressions.BindReferences$$anonfun$bindReference$1.applyOrElse(BoundAttribute.scala:73) at org.apache.spark.sql.catalyst.trees.TreeNode.$anonfun$transformDownWithPruning$1(TreeNode.scala:461) at org.apache.spark.sql.catalyst.trees.CurrentOrigin$.withOrigin(origin.scala:76) at org.apache.spark.sql.catalyst.trees.TreeNode.transformDownWithPruning(TreeNode.scala:461) at org.apache.spark.sql.catalyst.trees.TreeNode.transformDown(TreeNode.scala:437) at org.apache.spark.sql.catalyst.trees.TreeNode.transform(TreeNode.scala:405",2026-08-27T06:48:48.509Z,2026-08-27T06:49:09.073Z,20,2026-08-27T06:49:09.073Z,,,475c3e58-0434-45d9-b3f8-9d768448de53,
202608232214223303,202608232010369427,202608232010368283,85,957,Bronze INV,br_AdmissionAssessmentDimensionOneDisorder,TASK_COMPLETE,SUCCESS,INFO,615,615,0,,2026-08-23T20:10:41.468Z,2026-08-23T22:16:21.732Z,7540,2026-08-23T22:16:21.732Z,VBRP,Brooklyn Park,955211d4-28b8-44a0-8023-2bfaa48d6721,SAMMS-BrooklynParkV6
202608232214223304,202608232010369428,202608232010368283,85,959,Bronze INV,br_AdmissionAssessmentDimensionOneDisorder,TASK_COMPLETE,SUCCESS,INFO,585,585,0,,2026-08-23T20:10:41.468Z,2026-08-23T22:16:21.732Z,7540,2026-08-23T22:16:21.732Z,VMIN,Minneapolis,955211d4-28b8-44a0-8023-2bfaa48d6721,SAMMS-MinneapolisV6
202608232214223305,202608232010369429,202608232010368283,85,960,Bronze INV,br_AdmissionAssessmentDimensionOneDisorder,TASK_COMPLETE,SUCCESS,INFO,1131,1131,0,,2026-08-23T20:10:41.468Z,2026-08-23T22:16:21.732Z,7540,2026-08-23T22:16:21.732Z,VWBY,Woodbury,955211d4-28b8-44a0-8023-2bfaa48d6721,SAMMS-WoodburyV6
202608232214223306,202608232010369430,202608232010368283,85,962,Bronze INV,br_AdmissionAssessmentDimensionOneDisorder,TASK_COMPLETE,SUCCESS,INFO,434,434,0,,2026-08-23T20:10:41.468Z,2026-08-23T22:16:21.732Z,7540,2026-08-23T22:16:21.732Z,WIL,Wilson,955211d4-28b8-44a0-8023-2bfaa48d6721,SAMMS-Wilson
202608232214223408,202608232010468285,202608232010468283,86,5721,Silver INV,sl_AdmissionAssessmentDimensionOneDisorder,TASK_COMPLETE,SUCCESS,INFO,53207,53207,0,,2026-08-23T20:10:41.468Z,2026-08-23T22:16:21.732Z,7540,2026-08-23T22:16:21.732Z,,,955211d4-28b8-44a0-8023-2bfaa48d6721,
202608232214223338,202608232010369891,202608232010368283,85,966,Bronze INV,br_AdmissionAssessmentDimensionSix,TASK_COMPLETE,SUCCESS,INFO,98,98,0,,2026-08-23T20:10:41.468Z,2026-08-23T22:16:21.732Z,7540,2026-08-23T22:16:21.732Z,AHK,Ahoskie,955211d4-28b8-44a0-8023-2bfaa48d6721,SAMMS-Ahoskie
202608232214223339,202608232010369892,202608232010368283,85,967,Bronze INV,br_AdmissionAssessmentDimensionSix,TASK_COMPLETE,SUCCESS,INFO,787,787,0,,2026-08-23T20:10:41.468Z,2026-08-23T22:16:21.732Z,7540,2026-08-23T22:16:21.732Z,B12B,Colorado Springs,955211d4-28b8-44a0-8023-2bfaa48d6721,SAMMS-ColoradoSpringsV5
202608232214223341,202608232010369893,202608232010368283,85,968,Bronze INV,br_AdmissionAssessmentDimensionSix,TASK_COMPLETE,SUCCESS,INFO,415,415,0,,2026-08-23T20:10:41.468Z,2026-08-23T22:16:21.732Z,7540,2026-08-23T22:16:21.732Z,B24,Paintsville,955211d4-28b8-44a0-8023-2bfaa48d6721,SAMMS-PaintsvilleV5
202608232214223342,202608232010369894,202608232010368283,85,969,Bronze INV,br_AdmissionAssessmentDimensionSix,TASK_COMPLETE,SUCCESS,INFO,171,171,0,,2026-08-23T20:10:41.468Z,2026-08-23T22:16:21.732Z,7540,2026-08-23T22:16:21.732Z,B25,Pikeville,955211d4-28b8-44a0-8023-2bfaa48d6721,SAMMS-PikevilleV5
202608232214223343,202608232010369895,202608232010368283,85,970,Bronze INV,br_AdmissionAssessmentDimensionSix,TASK_COMPLETE,SUCCESS,INFO,493,493,0,,2026-08-23T20:10:41.468Z,2026-08-23T22:16:21.732Z,7540,2026-08-23T22:16:21.732Z,B26,Hazard,955211d4-28b8-44a0-8023-2bfaa48d6721,SAMMS-HazardV5
202608232214223344,202608232010369896,202608232010368283,85,971,Bronze INV,br_AdmissionAssessmentDimensionSix,TASK_COMPLETE,SUCCESS,INFO,189,189,0,,2026-08-23T20:10:41.468Z,2026-08-23T22:16:21.732Z,7540,2026-08-23T22:16:21.732Z,B27,Savannah,955211d4-28b8-44a0-8023-2bfaa48d6721,SAMMS-SavannahV6
202608232214223345,202608232010369897,202608232010368283,85,972,Bronze INV,br_AdmissionAssessmentDimensionSix,TASK_COMPLETE,SUCCESS,INFO,235,235,0,,2026-08-23T20:10:41.468Z,2026-08-23T22:16:21.732Z,7540,2026-08-23T22:16:21.732Z,B28,West Plains,955211d4-28b8-44a0-8023-2bfaa48d6721,SAMMS-WestPlainesV5
202608232214223346,202608232010369898,202608232010368283,85,973,Bronze INV,br_AdmissionAssessmentDimensionSix,TASK_COMPLETE,SUCCESS,INFO,257,257,0,,2026-08-23T20:10:41.468Z,2026-08-23T22:16:21.732Z,7540,2026-08-23T22:16:21.732Z,B29,Poplar Bluff,955211d4-28b8-44a0-8023-2bfaa48d6721,SAMMS-PoplarBluffV5
202608232214223348,202608232010369899,202608232010368283,85,974,Bronze INV,br_AdmissionAssessmentDimensionSix,TASK_COMPLETE,SUCCESS,INFO,137,137,0,,2026-08-23T20:10:41.468Z,2026-08-23T22:16:21.732Z,7540,2026-08-23T22:16:21.732Z,B30,KC North,955211d4-28b8-44a0-8023-2bfaa48d6721,SAMMS-KCNv5
202608232214223349,202608232010369900,202608232010368283,85,975,Bronze INV,br_AdmissionAssessmentDimensionSix,TASK_COMPLETE,SUCCESS,INFO,336,336,0,,2026-08-23T20:10:41.468Z,2026-08-23T22:16:21.732Z,7540,2026-08-23T22:16:21.732Z,B31,Dyersburg,955211d4-28b8-44a0-8023-2bfaa48d6721,SAMMS-DyersburgV5
202608232214223350,202608232010369901,202608232010368283,85,977,Bronze INV,br_AdmissionAssessmentDimensionSix,TASK_COMPLETE,SUCCESS,INFO,213,213,0,,2026-08-23T20:10:41.468Z,2026-08-23T22:16:21.732Z,7540,2026-08-23T22:16:21.732Z,B33,Paducah,955211d4-28b8-44a0-8023-2bfaa48d6721,SAMMS-Paducah
202608232214223351,202608232010369902,202608232010368283,85,978,Bronze INV,br_AdmissionAssessmentDimensionSix,TASK_COMPLETE,SUCCESS,INFO,443,443,0,,2026-08-23T20:10:41.468Z,2026-08-23T22:16:21.732Z,7540,2026-08-23T22:16:21.732Z,B34,Corbin,955211d4-28b8-44a0-8023-2bfaa48d6721,SAMMS-CorbinV5
202608232214223352,202608232010369903,202608232010368283,85,979,Bronze INV,br_AdmissionAssessmentDimensionSix,TASK_COMPLETE,SUCCESS,INFO,712,712,0,,2026-08-23T20:10:41.468Z,2026-08-23T22:16:21.732Z,7540,2026-08-23T22:16:21.732Z,B35,Lexington,955211d4-28b8-44a0-8023-2bfaa48d6721,SAMMS-LexingtonV5
202608232214223353,202608232010369904,202608232010368283,85,980,Bronze INV,br_AdmissionAssessmentDimensionSix,TASK_COMPLETE,SUCCESS,INFO,346,346,0,,2026-08-23T20:10:41.468Z,2026-08-23T22:16:21.732Z,7540,2026-08-23T22:16:21.732Z,B35A,Berea,955211d4-28b8-44a0-8023-2bfaa48d6721,SAMMS-BereaV5
202608232214223355,202608232010369905,202608232010368283,85,981,Bronze INV,br_AdmissionAssessmentDimensionSix,TASK_COMPLETE,SUCCESS,INFO,600,600,0,,2026-08-23T20:10:41.468Z,2026-08-23T22:16:21.732Z,7540,2026-08-23T22:16:21.732Z,B36,Asheville,955211d4-28b8-44a0-8023-2bfaa48d6721,SAMMS-AshevilleV5
202608232214223356,202608232010369906,202608232010368283,85,982,Bronze INV,br_AdmissionAssessmentDimensionSix,TASK_COMPLETE,SUCCESS,INFO,446,446,0,,2026-08-23T20:10:41.468Z,2026-08-23T22:16:21.732Z,7540,2026-08-23T22:16:21.732Z,B37,Clyde,955211d4-28b8-44a0-8023-2bfaa48d6721,SAMMS-ClydeV5
202608232214223357,202608232010369907,202608232010368283,85,983,Bronze INV,br_AdmissionAssessmentDimensionSix,TASK_COMPLETE,SUCCESS,INFO,628,628,0,,2026-08-23T20:10:41.468Z,2026-08-23T22:16:21.732Z,7540,2026-08-23T22:16:21.732Z,B38,Spartanburg,955211d4-28b8-44a0-8023-2bfaa48d6721,SAMMS-SpartanburgV5
202608232214223358,202608232010369908,202608232010368283,85,984,Bronze INV,br_AdmissionAssessmentDimensionSix,TASK_COMPLETE,SUCCESS,INFO,469,469,0,,2026-08-23T20:10:41.468Z,2026-08-23T22:16:21.732Z,7540,2026-08-23T22:16:21.732Z,B39,Aiken,955211d4-28b8-44a0-8023-2bfaa48d6721,SAMMS-AikenV5
202608232214223359,202608232010369909,202608232010368283,85,985,Bronze INV,br_AdmissionAssessmentDimensionSix,TASK_COMPLETE,SUCCESS,INFO,289,289,0,,2026-08-23T20:10:41.468Z,2026-08-23T22:16:21.732Z,7540,2026-08-23T22:16:21.732Z,B41,Chesapeake,955211d4-28b8-44a0-8023-2bfaa48d6721,SAMMS-ChesapeakeV5
202608232214223360,202608232010369910,202608232010368283,85,986,Bronze INV,br_AdmissionAssessmentDimensionSix,TASK_COMPLETE,SUCCESS,INFO,531,531,0,,2026-08-23T20:10:41.468Z,2026-08-23T22:16:21.732Z,7540,2026-08-23T22:16:21.732Z,B42,Virginia Beach,955211d4-28b8-44a0-8023-2bfaa48d6721,SAMMS-VirginiaBeachV5
202608232214223361,202608232010369911,202608232010368283,85,987,Bronze INV,br_AdmissionAssessmentDimensionSix,TASK_COMPLETE,SUCCESS,INFO,162,162,0,,2026-08-23T20:10:41.468Z,2026-08-23T22:16:21.732Z,7540,2026-08-23T22:16:21.732Z,B42A,Newport News,955211d4-28b8-44a0-8023-2bfaa48d6721,SAMMS-NewportNewsV5
202608232214223363,202608232010369912,202608232010368283,85,988,Bronze INV,br_AdmissionAssessmentDimensionSix,TASK_COMPLETE,SUCCESS,INFO,54,54,0,,2026-08-23T20:10:41.468Z,2026-08-23T22:16:21.732Z,7540,2026-08-23T22:16:21.732Z,B42B,Franklin,955211d4-28b8-44a0-8023-2bfaa48d6721,SAMMS-FranklinV5
202608232214223364,202608232010369913,202608232010368283,85,989,Bronze INV,br_AdmissionAssessmentDimensionSix,TASK_COMPLETE,SUCCESS,INFO,334,334,0,,2026-08-23T20:10:41.468Z,2026-08-23T22:16:21.732Z,7540,2026-08-23T22:16:21.732Z,B42C,Glen Allen,955211d4-28b8-44a0-8023-2bfaa48d6721,SAMMS-GlenAllenV5
202608232214223365,202608232010369914,202608232010368283,85,990,Bronze INV,br_AdmissionAssessmentDimensionSix,TASK_COMPLETE,SUCCESS,INFO,168,168,0,,2026-08-23T20:10:41.468Z,2026-08-23T22:16:21.732Z,7540,2026-08-23T22:16:21.732Z,B42D,Chesapeake South,955211d4-28b8-44a0-8023-2bfaa48d6721,SAMMS-ChesapeakeSouthV5
202608232214223366,202608232010369915,202608232010368283,85,991,Bronze INV,br_AdmissionAssessmentDimensionSix,TASK_COMPLETE,SUCCESS,INFO,206,206,0,,2026-08-23T20:10:41.468Z,2026-08-23T22:16:21.732Z,7540,2026-08-23T22:16:21.732Z,B44,Albany,955211d4-28b8-44a0-8023-2bfaa48d6721,SAMMS-AlbanyV5
202608232214223367,202608232010369916,202608232010368283,85,992,Bronze INV,br_AdmissionAssessmentDimensionSix,TASK_COMPLETE,SUCCESS,INFO,302,302,0,,2026-08-23T20:10:41.468Z,2026-08-23T22:16:21.732Z,7540,2026-08-23T22:16:21.732Z,B45,Tifton,955211d4-28b8-44a0-8023-2bfaa48d6721,SAMMS-TiftonV5
202608232214223368,202608232010369917,202608232010368283,85,993,Bronze INV,br_AdmissionAssessmentDimensionSix,TASK_COMPLETE,SUCCESS,INFO,659,659,0,,2026-08-23T20:10:41.468Z,2026-08-23T22:16:21.732Z,7540,2026-08-23T22:16:21.732Z,B46,Washington DC,955211d4-28b8-44a0-8023-2bfaa48d6721,SAMMS-WashingtonDCv5
202608232214223370,202608232010369918,202608232010368283,85,994,Bronze INV,br_AdmissionAssessmentDimensionSix,TASK_COMPLETE,SUCCESS,INFO,343,343,0,,2026-08-23T20:10:41.468Z,2026-08-23T22:16:21.732Z,7540,2026-08-23T22:16:21.732Z,B47,Mobile,955211d4-28b8-44a0-8023-2bfaa48d6721,SAMMS-MobileV5
202608232214223371,202608232010369919,202608232010368283,85,995,Bronze INV,br_AdmissionAssessmentDimensionSix,TASK_COMPLETE,SUCCESS,INFO,443,443,0,,2026-08-23T20:10:41.468Z,2026-08-23T22:16:21.732Z,7540,2026-08-23T22:16:21.732Z,B48,Tuscaloosa,955211d4-28b8-44a0-8023-2bfaa48d6721,SAMMS-TuscaloosaV5
202608232214223372,202608232010369920,202608232010368283,85,1004,Bronze INV,br_AdmissionAssessmentDimensionSix,TASK_COMPLETE,SUCCESS,INFO,309,309,0,,2026-08-23T20:10:41.468Z,2026-08-23T22:16:21.732Z,7540,2026-08-23T22:16:21.732Z,B51,N. Little Rock (OTP),955211d4-28b8-44a0-8023-2bfaa48d6721,SAMMS-NorthLittleRockV6
202608232214223373,202608232010369921,202608232010368283,85,1005,Bronze INV,br_AdmissionAssessmentDimensionSix,TASK_COMPLETE,SUCCESS,INFO,154,154,0,,2026-08-23T20:10:41.468Z,2026-08-23T22:16:21.732Z,7540,2026-08-23T22:16:21.732Z,B52,Jackson GA,955211d4-28b8-44a0-8023-2bfaa48d6721,SAMMS-JacksonGAV5
202608232214223374,202608232010369922,202608232010368283,85,1006,Bronze INV,br_AdmissionAssessmentDimensionSix,TASK_COMPLETE,SUCCESS,INFO,464,464,0,,2026-08-23T20:10:41.468Z,2026-08-23T22:16:21.732Z,7540,2026-08-23T22:16:21.732Z,B54,Gadsden,955211d4-28b8-44a0-8023-2bfaa48d6721,SAMMS-GadsdenV5
202608232214223375,202608232010369923,202608232010368283,85,1007,Bronze INV,br_AdmissionAssessmentDimensionSix,TASK_COMPLETE,SUCCESS,INFO,482,482,0,,2026-08-23T20:10:41.468Z,2026-08-23T22:16:21.732Z,7540,2026-08-23T22:16:21.732Z,B55,Shoals,955211d4-28b8-44a0-8023-2bfaa48d6721,SAMMS-ShoalsV5
202608232214223377,202608232010369924,202608232010368283,85,1008,Bronze INV,br_AdmissionAssessmentDimensionSix,TASK_COMPLETE,SUCCESS,INFO,171,171,0,,2026-08-23T20:10:41.468Z,2026-08-23T22:16:21.732Z,7540,2026-08-23T22:16:21.732Z,B57,Pawtucket,955211d4-28b8-44a0-8023-2bfaa48d6721,SAMMS-Pawtucket
202608232214223378,202608232010369925,202608232010368283,85,1009,Bronze INV,br_AdmissionAssessmentDimensionSix,TASK_COMPLETE,SUCCESS,INFO,168,168,0,,2026-08-23T20:10:41.468Z,2026-08-23T22:16:21.732Z,7540,2026-08-23T22:16:21.732Z,B57A,Johnston,955211d4-28b8-44a0-8023-2bfaa48d6721,SAMMS-Johnston
202608232214223379,202608232010369926,202608232010368283,85,1010,Bronze INV,br_AdmissionAssessmentDimensionSix,TASK_COMPLETE,SUCCESS,INFO,86,86,0,,2026-08-23T20:10:41.468Z,2026-08-23T22:16:21.732Z,7540,2026-08-23T22:16:21.732Z,B57B,Middletown,955211d4-28b8-44a0-8023-2bfaa48d6721,SAMMS-Middletown
202608232214223380,202608232010369927,202608232010368283,85,1011,Bronze INV,br_AdmissionAssessmentDimensionSix,TASK_COMPLETE,SUCCESS,INFO,172,172,0,,2026-08-23T20:10:41.468Z,2026-08-23T22:16:21.732Z,7540,2026-08-23T22:16:21.732Z,B57C,Providence,955211d4-28b8-44a0-8023-2bfaa48d6721,SAMMS-Providence
202608232214223381,202608232010369928,202608232010368283,85,1012,Bronze INV,br_AdmissionAssessmentDimensionSix,TASK_COMPLETE,SUCCESS,INFO,253,253,0,,2026-08-23T20:10:41.468Z,2026-08-23T22:16:21.732Z,7540,2026-08-23T22:16:21.732Z,B57D,Westerly,955211d4-28b8-44a0-8023-2bfaa48d6721,SAMMS-Westerly
202608232214223382,202608232010369929,202608232010368283,85,1016,Bronze INV,br_AdmissionAssessmentDimensionSix,TASK_COMPLETE,SUCCESS,INFO,362,362,0,,2026-08-23T20:10:41.468Z,2026-08-23T22:16:21.732Z,7540,2026-08-23T22:16:21.732Z,B66A,Bremen,955211d4-28b8-44a0-8023-2bfaa48d6721,SAMMS-Bremen
202608232214223384,202608232010369930,202608232010368283,85,1019,Bronze INV,br_AdmissionAssessmentDimensionSix,TASK_COMPLETE,SUCCESS,INFO,13,13,0,,2026-08-23T20:10:41.468Z,2026-08-23T22:16:21.732Z,7540,2026-08-23T22:16:21.732Z,B72,Mobile (OBOT),955211d4-28b8-44a0-8023-2bfaa48d6721,SAMMS-Mobile-OBOT
202608232214223385,202608232010369931,202608232010368283,85,1020,Bronze INV,br_AdmissionAssessmentDimensionSix,TASK_COMPLETE,SUCCESS,INFO,2,2,0,,2026-08-23T20:10:41.468Z,2026-08-23T22:16:21.732Z,7540,2026-08-23T22:16:21.732Z,B73,Montgomery,955211d4-28b8-44a0-8023-2bfaa48d6721,SAMMS-Montgomery
202608232214223386,202608232010369932,202608232010368283,85,1021,Bronze INV,br_AdmissionAssessmentDimensionSix,TASK_COMPLETE,SUCCESS,INFO,315,315,0,,2026-08-23T20:10:41.468Z,2026-08-23T22:16:21.732Z,7540,2026-08-23T22:16:21.732Z,B75,Lawrence,955211d4-28b8-44a0-8023-2bfaa48d6721,SAMMS-LawrenceV6
202608232214223387,202608232010369933,202608232010368283,85,1022,Bronze INV,br_AdmissionAssessmentDimensionSix,TASK_COMPLETE,SUCCESS,INFO,50,50,0,,2026-08-23T20:10:41.468Z,2026-08-23T22:16:21.732Z,7540,2026-08-23T22:16:21.732Z,B76,Huntsville OBOT,955211d4-28b8-44a0-8023-2bfaa48d6721,SAMMS-Huntsville-OBOT
202608232214223388,202608232010369934,202608232010368283,85,1023,Bronze INV,br_AdmissionAssessmentDimensionSix,TASK_COMPLETE,SUCCESS,INFO,295,295,0,,2026-08-23T20:10:41.468Z,2026-08-23T22:16:21.732Z,7540,2026-08-23T22:16:21.732Z,BAT,Batesville,955211d4-28b8-44a0-8023-2bfaa48d6721,SAMMS-Batesville
202608232214223389,202608232010369935,202608232010368283,85,1024,Bronze INV,br_AdmissionAssessmentDimensionSix,TASK_COMPLETE,SUCCESS,INFO,235,235,0,,2026-08-23T20:10:41.468Z,2026-08-23T22:16:21.732Z,7540,2026-08-23T22:16:21.732Z,BG,Bowling Green,955211d4-28b8-44a0-8023-2bfaa48d6721,SAMMS-BowlingGreen
202608232214223390,202608232010369936,202608232010368283,85,1025,Bronze INV,br_AdmissionAssessmentDimensionSix,TASK_COMPLETE,SUCCESS,INFO,214,214,0,,2026-08-23T20:10:41.468Z,2026-08-23T22:16:21.732Z,7540,2026-08-23T22:16:21.732Z,BOI,Boise,955211d4-28b8-44a0-8023-2bfaa48d6721,SAMMS-Boise
202608232214223392,202608232010369937,202608232010368283,85,1032,Bronze INV,br_AdmissionAssessmentDimensionSix,TASK_COMPLETE,SUCCESS,INFO,283,283,0,,2026-08-23T20:10:41.468Z,2026-08-23T22:16:21.732Z,7540,2026-08-23T22:16:21.732Z,CBCO,Coeur dAlene,955211d4-28b8-44a0-8023-2bfaa48d6721,SAMMS-CoeurdAleneV6
202608232214223393,202608232010369938,202608232010368283,85,1051,Bronze INV,br_AdmissionAssessmentDimensionSix,TASK_COMPLETE,SUCCESS,INFO,300,300,0,,2026-08-23T20:10:41.468Z,2026-08-23T22:16:21.732Z,7540,2026-08-23T22:16:21.732Z,CON,Conway,955211d4-28b8-44a0-8023-2bfaa48d6721,SAMMS-Conway
202608232214223394,202608232010369939,202608232010368283,85,1052,Bronze INV,br_AdmissionAssessmentDimensionSix,TASK_COMPLETE,SUCCESS,INFO,1536,1536,0,,2026-08-23T20:10:41.468Z,2026-08-23T22:16:21.732Z,7540,2026-08-23T22:16:21.732Z,D07,Medical Services Knox TN,955211d4-28b8-44a0-8023-2bfaa48d6721,SAMMS-KnoxvilleV6
202608232214223395,202608232010369940,202608232010368283,85,1053,Bronze INV,br_AdmissionAssessmentDimensionSix,TASK_COMPLETE,SUCCESS,INFO,953,953,0,,2026-08-23T20:10:41.468Z,2026-08-23T22:16:21.732Z,7540,2026-08-23T22:16:21.732Z,D08,Madison,955211d4-28b8-44a0-8023-2bfaa48d6721,SAMMS-MadisonV6
202608232214223396,202608232010369941,202608232010368283,85,1055,Bronze INV,br_AdmissionAssessmentDimensionSix,TASK_COMPLETE,SUCCESS,INFO,926,926,0,,2026-08-23T20:10:41.468Z,2026-08-23T22:16:21.732Z,7540,2026-08-23T22:16:21.732Z,D09,Murfreesboro,955211d4-28b8-44a0-8023-2bfaa48d6721,SAMMS-MurfreesboroV6
202608232214223397,202608232010369942,202608232010368283,85,1056,Bronze INV,br_AdmissionAssessmentDimensionSix,TASK_COMPLETE,SUCCESS,INFO,217,217,0,,2026-08-23T20:10:41.468Z,2026-08-23T22:16:21.732Z,7540,2026-08-23T22:16:21.732Z,DA,Davenport,955211d4-28b8-44a0-8023-2bfaa48d6721,SAMMS-Davenport
202608232214223399,202608232010369943,202608232010368283,85,1057,Bronze INV,br_AdmissionAssessmentDimensionSix,TASK_COMPLETE,SUCCESS,INFO,348,348,0,,2026-08-23T20:10:41.468Z,2026-08-23T22:16:21.732Z,7540,2026-08-23T22:16:21.732Z,DM,Des Moines,955211d4-28b8-44a0-8023-2bfaa48d6721,SAMMS-DesMoines
202608232214223400,202608232010369944,202608232010368283,85,1059,Bronze INV,br_AdmissionAssessmentDimensionSix,TASK_COMPLETE,SUCCESS,INFO,472,472,0,,2026-08-23T20:10:41.468Z,2026-08-23T22:16:21.732Z,7540,2026-08-23T22:16:21.732Z,DRD-CO,Columbia MO,955211d4-28b8-44a0-8023-2bfaa48d6721,SAMMS-ColumbiaV5
202608232214223401,202608232010369945,202608232010368283,85,1060,Bronze INV,br_AdmissionAssessmentDimensionSix,TASK_COMPLETE,SUCCESS,INFO,592,592,0,,2026-08-23T20:10:41.468Z,2026-08-23T22:16:21.732Z,7540,2026-08-23T22:16:21.732Z,DRD-KC,KC,955211d4-28b8-44a0-8023-2bfaa48d6721,SAMMS-KCv5
202608232214223402,202608232010369946,202608232010368283,85,1061,Bronze INV,br_AdmissionAssessmentDimensionSix,TASK_COMPLETE,SUCCESS,INFO,943,943,0,,2026-08-23T20:10:41.468Z,2026-08-23T22:16:21.732Z,7540,2026-08-23T22:16:21.732Z,DRD-KVB,KVB,955211d4-28b8-44a0-8023-2bfaa48d6721,SAMMS-KVBv5
202608232214223403,202608232010369947,202608232010368283,85,1062,Bronze INV,br_AdmissionAssessmentDimensionSix,TASK_COMPLETE,SUCCESS,INFO,1561,1561,0,,2026-08-23T20:10:41.468Z,2026-08-23T22:16:21.732Z,7540,2026-08-23T22:16:21.732Z,DRD-KVC,KVC,955211d4-28b8-44a0-8023-2bfaa48d6721,SAMMS-KVCv5
202608232214223404,202608232010369948,202608232010368283,85,1063,Bronze INV,br_AdmissionAssessmentDimensionSix,TASK_COMPLETE,SUCCESS,INFO,1253,1253,0,,2026-08-23T20:10:41.468Z,2026-08-23T22:16:21.732Z,7540,2026-08-23T22:16:21.732Z,DRD-NOLA,NOLA,955211d4-28b8-44a0-8023-2bfaa48d6721,SAMMS-NOLAv5
202608232214223406,202608232010369949,202608232010368283,85,1064,Bronze INV,br_AdmissionAssessmentDimensionSix,TASK_COMPLETE,SUCCESS,INFO,729,729,0,,2026-08-23T20:10:41.468Z,2026-08-23T22:16:21.732Z,7540,2026-08-23T22:16:21.732Z,DRD-SF,Springfield,955211d4-28b8-44a0-8023-2bfaa48d6721,SAMMS-SFv5
202608232214223407,202608232010369950,202608232010368283,85,1066,Bronze INV,br_AdmissionAssessmentDimensionSix,TASK_COMPLETE,SUCCESS,INFO,248,248,0,,2026-08-23T20:10:41.468Z,2026-08-23T22:16:21.732Z,7540,2026-08-23T22:16:21.732Z,ELC,Elizabeth City,955211d4-28b8-44a0-8023-2bfaa48d6721,SAMMS-ElizabethCity
202608232214223408,202608232010369951,202608232010368283,85,1067,Bronze INV,br_AdmissionAssessmentDimensionSix,TASK_COMPLETE,SUCCESS,INFO,260,260,0,,2026-08-23T20:10:41.468Z,2026-08-23T22:16:21.732Z,7540,2026-08-23T22:16:21.732Z,ET,Elizabethtown,955211d4-28b8-44a0-8023-2bfaa48d6721,SAMMS-Elizabethtown
202608232214223409,202608232010369952,202608232010368283,85,1068,Bronze INV,br_AdmissionAssessmentDimensionSix,TASK_COMPLETE,SUCCESS,INFO,224,224,0,,2026-08-23T20:10:41.468Z,2026-08-23T22:16:21.732Z,7540,2026-08-23T22:16:21.732Z,FAY,Fayetteville,955211d4-28b8-44a0-8023-2bfaa48d6721,SAMMS-Fayetteville
202608232214223410,202608232010369953,202608232010368283,85,1069,Bronze INV,br_AdmissionAssessmentDimensionSix,TASK_COMPLETE,SUCCESS,INFO,180,180,0,,2026-08-23T20:10:41.468Z,2026-08-23T22:16:21.732Z,7540,2026-08-23T22:16:21.732Z,FR,Frankfort,955211d4-28b8-44a0-8023-2bfaa48d6721,SAMMS-Frankfort
202608232214223411,202608232010369954,202608232010368283,85,1070,Bronze INV,br_AdmissionAssessmentDimensionSix,TASK_COMPLETE,SUCCESS,INFO,276,276,0,,2026-08-23T20:10:41.468Z,2026-08-23T22:16:21.732Z,7540,2026-08-23T22:16:21.732Z,FS,Fort Smith,955211d4-28b8-44a0-8023-2bfaa48d6721,SAMMS-FortSmith
202608232214223413,202608232010369955,202608232010368283,85,1071,Bronze INV,br_AdmissionAssessmentDimensionSix,TASK_COMPLETE,SUCCESS,INFO,678,678,0,,2026-08-23T20:10:41.468Z,2026-08-23T22:16:21.732Z,7540,2026-08-23T22:16:21.732Z,FW,Fort Wayne,955211d4-28b8-44a0-8023-2bfaa48d6721,SAMMS-FortWayne
202608232214223414,202608232010369956,202608232010368283,85,1072,Bronze INV,br_AdmissionAssessmentDimensionSix,TASK_COMPLETE,SUCCESS,INFO,102,102,0,,2026-08-23T20:10:41.468Z,2026-08-23T22:16:21.732Z,7540,2026-08-23T22:16:21.732Z,GAL,Gaylord,955211d4-28b8-44a0-8023-2bfaa48d6721,SAMMS-Gaylord
202608232214223415,202608232010369957,202608232010368283,85,1076,Bronze INV,br_AdmissionAssessmentDimensionSix,TASK_COMPLETE,SUCCESS,INFO,612,612,0,,2026-08-23T20:10:41.468Z,2026-08-23T22:16:21.732Z,7540,2026-08-23T22:16:21.732Z,HGT,Hagerstown,955211d4-28b8-44a0-8023-2bfaa48d6721,SAMMS-Hagerstown
202608232214223416,202608232010369958,202608232010368283,85,1077,Bronze INV,br_AdmissionAssessmentDimensionSix,TASK_COMPLETE,SUCCESS,INFO,460,460,0,,2026-08-23T20:10:41.468Z,2026-08-23T22:16:21.732Z,7540,2026-08-23T22:16:21.732Z,HNT,Huntsville,955211d4-28b8-44a0-8023-2bfaa48d6721,SAMMS-Huntsville
202608232214223417,202608232010369959,202608232010368283,85,1078,Bronze INV,br_AdmissionAssessmentDimensionSix,TASK_COMPLETE,SUCCESS,INFO,303,303,0,,2026-08-23T20:10:41.468Z,2026-08-23T22:16:21.732Z,7540,2026-08-23T22:16:21.732Z,HS,Hot Springs,955211d4-28b8-44a0-8023-2bfaa48d6721,SAMMS-HotSprings
202608232214223418,202608232010369960,202608232010368283,85,1079,Bronze INV,br_AdmissionAssessmentDimensionSix,TASK_COMPLETE,SUCCESS,INFO,265,265,0,,2026-08-23T20:10:41.468Z,2026-08-23T22:16:21.732Z,7540,2026-08-23T22:16:21.732Z,JON,Jonesboro,955211d4-28b8-44a0-8023-2bfaa48d6721,SAMMS-Jonesboro
202608232214223419,202608232010369961,202608232010368283,85,1081,Bronze INV,br_AdmissionAssessmentDimensionSix,TASK_COMPLETE,SUCCESS,INFO,150,150,0,,2026-08-23T20:10:41.468Z,2026-08-23T22:16:21.732Z,7540,2026-08-23T22:16:21.732Z,LAN,Lansing,955211d4-28b8-44a0-8023-2bfaa48d6721,SAMMS-Lansing
202608232214223421,202608232010369962,202608232010368283,85,1082,Bronze INV,br_AdmissionAssessmentDimensionSix,TASK_COMPLETE,SUCCESS,INFO,428,428,0,,2026-08-23T20:10:41.468Z,2026-08-23T22:16:21.732Z,7540,2026-08-23T22:16:21.732Z,LO,Louisville,955211d4-28b8-44a0-8023-2bfaa48d6721,SAMMS-Louisville
202608232214223422,202608232010369963,202608232010368283,85,1083,Bronze INV,br_AdmissionAssessmentDimensionSix,TASK_COMPLETE,SUCCESS,INFO,1155,1155,0,,2026-08-23T20:10:41.468Z,2026-08-23T22:16:21.732Z,7540,2026-08-23T22:16:21.732Z,LV1,Cheyenne,955211d4-28b8-44a0-8023-2bfaa48d6721,SAMMS-Cheyenne
202608232214223423,202608232010369964,202608232010368283,85,1084,Bronze INV,br_AdmissionAssessmentDimensionSix,TASK_COMPLETE,SUCCESS,INFO,930,930,0,,2026-08-23T20:10:41.468Z,2026-08-23T22:16:21.732Z,7540,2026-08-23T22:16:21.732Z,LV2,Desert Inn,955211d4-28b8-44a0-8023-2bfaa48d6721,SAMMS-DesertInn
202608232214223424,202608232010369965,202608232010368283,85,1085,Bronze INV,br_AdmissionAssessmentDimensionSix,TASK_COMPLETE,SUCCESS,INFO,307,307,0,,2026-08-23T20:10:41.468Z,2026-08-23T22:16:21.732Z,7540,2026-08-23T22:16:21.732Z,LV3,McDaniel,955211d4-28b8-44a0-8023-2bfaa48d6721,SAMMS-McDaniel
202608232214223425,202608232010369966,202608232010368283,85,1088,Bronze INV,br_AdmissionAssessmentDimensionSix,TASK_COMPLETE,SUCCESS,INFO,270,270,0,,2026-08-23T20:10:41.468Z,2026-08-23T22:16:21.732Z,7540,2026-08-23T22:16:21.732Z,MNRE,Monroe,955211d4-28b8-44a0-8023-2bfaa48d6721,SAMMS-Monroe
202608232214223426,202608232010369967,202608232010368283,85,1089,Bronze INV,br_AdmissionAssessmentDimensionSix,TASK_COMPLETE,SUCCESS,INFO,121,121,0,,2026-08-23T20:10:41.468Z,2026-08-23T22:16:21.732Z,7540,2026-08-23T22:16:21.732Z,MP,Mt. Pleasant,955211d4-28b8-44a0-8023-2bfaa48d6721,SAMMS-MtPleasant
202608232214223428,202608232010369968,202608232010368283,85,1090,Bronze INV,br_AdmissionAssessmentDimensionSix,TASK_COMPLETE,SUCCESS,INFO,170,170,0,,2026-08-23T20:10:41.468Z,2026-08-23T22:16:21.732Z,7540,2026-08-23T22:16:21.732Z,MRD,Meridian,955211d4-28b8-44a0-8023-2bfaa48d6721,SAMMS-Meridian
202608232214223429,202608232010369969,202608232010368283,85,1095,Bronze INV,br_AdmissionAssessmentDimensionSix,TASK_COMPLETE,SUCCESS,INFO,619,619,0,,2026-08-23T20:10:41.468Z,2026-08-23T22:16:21.732Z,7540,2026-08-23T22:16:21.732Z,NC,North Charleston,955211d4-28b8-44a0-8023-2bfaa48d6721,SAMMS-NorthCharleston
202608232214223430,202608232010369970,202608232010368283,85,1096,Bronze INV,br_AdmissionAssessmentDimensionSix,TASK_COMPLETE,SUCCESS,INFO,562,562,0,,2026-08-23T20:10:41.468Z,2026-08-23T22:16:21.732Z,7540,2026-08-23T22:16:21.732Z,NLR,N. Little Rock,955211d4-28b8-44a0-8023-2bfaa48d6721,SAMMS-NLROBOT
202608232214223431,202608232010369971,202608232010368283,85,1097,Bronze INV,br_AdmissionAssessmentDimensionSix,TASK_COMPLETE,SUCCESS,INFO,234,234,0,,2026-08-23T20:10:41.468Z,2026-08-23T22:16:21.732Z,7540,2026-08-23T22:16:21.732Z,PH,Phoenix,955211d4-28b8-44a0-8023-2bfaa48d6721,SAMMS-Phoenix
202608232214223432,202608232010369972,202608232010368283,85,1101,Bronze INV,br_AdmissionAssessmentDimensionSix,TASK_COMPLETE,SUCCESS,INFO,404,404,0,,2026-08-23T20:10:41.468Z,2026-08-23T22:16:21.732Z,7540,2026-08-23T22:16:21.732Z,RE,Reno,955211d4-28b8-44a0-8023-2bfaa48d6721,SAMMS-Reno
202608232214223433,202608232010369973,202608232010368283,85,1102,Bronze INV,br_AdmissionAssessmentDimensionSix,TASK_COMPLETE,SUCCESS,INFO,387,387,0,,2026-08-23T20:10:41.468Z,2026-08-23T22:16:21.732Z,7540,2026-08-23T22:16:21.732Z,RMD,Richmond,955211d4-28b8-44a0-8023-2bfaa48d6721,SAMMS-Richmond
202608232214223435,202608232010369974,202608232010368283,85,1103,Bronze INV,br_AdmissionAssessmentDimensionSix,TASK_COMPLETE,SUCCESS,INFO,475,475,0,,2026-08-23T20:10:41.468Z,2026-08-23T22:16:21.732Z,7540,2026-08-23T22:16:21.732Z,SFN,Springfield North,955211d4-28b8-44a0-8023-2bfaa48d6721,SAMMS-SFNv5
202608232214223436,202608232010369975,202608232010368283,85,1104,Bronze INV,br_AdmissionAssessmentDimensionSix,TASK_COMPLETE,SUCCESS,INFO,447,447,0,,2026-08-23T20:10:41.468Z,2026-08-23T22:16:21.732Z,7540,2026-08-23T22:16:21.732Z,SHP,Shreveport,955211d4-28b8-44a0-8023-2bfaa48d6721,SAMMS-Shreveport
202608232214223437,202608232010369976,202608232010368283,85,1106,Bronze INV,br_AdmissionAssessmentDimensionSix,TASK_COMPLETE,SUCCESS,INFO,81,81,0,,2026-08-23T20:10:41.468Z,2026-08-23T22:16:21.732Z,7540,2026-08-23T22:16:21.732Z,STN,Staunton,955211d4-28b8-44a0-8023-2bfaa48d6721,SAMMS-Staunton
202608232214223438,202608232010369977,202608232010368283,85,1107,Bronze INV,br_AdmissionAssessmentDimensionSix,TASK_COMPLETE,SUCCESS,INFO,53,53,0,,2026-08-23T20:10:41.468Z,2026-08-23T22:16:21.732Z,7540,2026-08-23T22:16:21.732Z,STVN,Stevenson,955211d4-28b8-44a0-8023-2bfaa48d6721,SAMMS-Stevenson
202608232214223439,202608232010369978,202608232010368283,85,1109,Bronze INV,br_AdmissionAssessmentDimensionSix,TASK_COMPLETE,SUCCESS,INFO,70,70,0,,2026-08-23T20:10:41.468Z,2026-08-23T22:16:21.732Z,7540,2026-08-23T22:16:21.732Z,TE,Tempe,955211d4-28b8-44a0-8023-2bfaa48d6721,SAMMS-Tempe
202608232214223440,202608232010369979,202608232010368283,85,1110,Bronze INV,br_AdmissionAssessmentDimensionSix,TASK_COMPLETE,SUCCESS,INFO,358,358,0,,2026-08-23T20:10:41.468Z,2026-08-23T22:16:21.732Z,7540,2026-08-23T22:16:21.732Z,TEX,Texarkana,955211d4-28b8-44a0-8023-2bfaa48d6721,SAMMS-Texarkana
202608232214223442,202608232010369980,202608232010368283,85,1111,Bronze INV,br_AdmissionAssessmentDimensionSix,TASK_COMPLETE,SUCCESS,INFO,413,413,0,,2026-08-23T20:10:41.468Z,2026-08-23T22:16:21.732Z,7540,2026-08-23T22:16:21.732Z,TTCA,Bessemer,955211d4-28b8-44a0-8023-2bfaa48d6721,SAMMS-BessemerV5
202608232214223443,202608232010369981,202608232010368283,85,1112,Bronze INV,br_AdmissionAssessmentDimensionSix,TASK_COMPLETE,SUCCESS,INFO,546,546,0,,2026-08-23T20:10:41.468Z,2026-08-23T22:16:21.732Z,7540,2026-08-23T22:16:21.732Z,TTCB,Cullman,955211d4-28b8-44a0-8023-2bfaa48d6721,SAMMS-CullmanV5
202608232214223444,202608232010369982,202608232010368283,85,1113,Bronze INV,br_AdmissionAssessmentDimensionSix,TASK_COMPLETE,SUCCESS,INFO,293,293,0,,2026-08-23T20:10:41.468Z,2026-08-23T22:16:21.732Z,7540,2026-08-23T22:16:21.732Z,TTCC,Grand Bay,955211d4-28b8-44a0-8023-2bfaa48d6721,SAMMS-GrandBay
202608232214223445,202608232010369983,202608232010368283,85,1114,Bronze INV,br_AdmissionAssessmentDimensionSix,TASK_COMPLETE,SUCCESS,INFO,20,20,0,,2026-08-23T20:10:41.468Z,2026-08-23T22:16:21.732Z,7540,2026-08-23T22:16:21.732Z,TU,Tucson,955211d4-28b8-44a0-8023-2bfaa48d6721,SAMMS-Tucson
202608232214223446,202608232010369984,202608232010368283,85,1116,Bronze INV,br_AdmissionAssessmentDimensionSix,TASK_COMPLETE,SUCCESS,INFO,248,248,0,,2026-08-23T20:10:41.468Z,2026-08-23T22:16:21.732Z,7540,2026-08-23T22:16:21.732Z,V1,Memphis South,955211d4-28b8-44a0-8023-2bfaa48d6721,SAMMS-VCPHCS-I-MemphisV5
202608232214223447,202608232010369985,202608232010368283,85,1117,Bronze INV,br_AdmissionAssessmentDimensionSix,TASK_COMPLETE,SUCCESS,INFO,688,688,0,,2026-08-23T20:10:41.468Z,2026-08-23T22:16:21.732Z,7540,2026-08-23T22:16:21.732Z,V10,Longmont,955211d4-28b8-44a0-8023-2bfaa48d6721,SAMMS-BoulderV5
202608232214223448,202608232010369986,202608232010368283,85,1118,Bronze INV,br_AdmissionAssessmentDimensionSix,TASK_COMPLETE,SUCCESS,INFO,1180,1180,0,,2026-08-23T20:10:41.468Z,2026-08-23T22:16:21.732Z,7540,2026-08-23T22:16:21.732Z,V10A,Fort Collins,955211d4-28b8-44a0-8023-2bfaa48d6721,SAMMS-FortCollinsV5
202608232214223450,202608232010369987,202608232010368283,85,1119,Bronze INV,br_AdmissionAssessmentDimensionSix,TASK_COMPLETE,SUCCESS,INFO,981,981,0,,2026-08-23T20:10:41.468Z,2026-08-23T22:16:21.732Z,7540,2026-08-23T22:16:21.732Z,V11,Westminster,955211d4-28b8-44a0-8023-2bfaa48d6721,SAMMS-VCPHCS-XI-NorthDenverV5
202608232214223451,202608232010369988,202608232010368283,85,1120,Bronze INV,br_AdmissionAssessmentDimensionSix,TASK_COMPLETE,SUCCESS,INFO,1043,1043,0,,2026-08-23T20:10:41.468Z,2026-08-23T22:16:21.732Z,7540,2026-08-23T22:16:21.732Z,V12,Downtown Denver,955211d4-28b8-44a0-8023-2bfaa48d6721,SAMMS-VCPHCS-XII-DowntownDenverV5
202608232214223452,202608232010369989,202608232010368283,85,1121,Bronze INV,br_AdmissionAssessmentDimensionSix,TASK_COMPLETE,SUCCESS,INFO,473,473,0,,2026-08-23T20:10:41.468Z,2026-08-23T22:16:21.732Z,7540,2026-08-23T22:16:21.732Z,V12A,Centennial,955211d4-28b8-44a0-8023-2bfaa48d6721,SAMMS-CentennialV5
202608232214223453,202608232010369990,202608232010368283,85,1122,Bronze INV,br_AdmissionAssessmentDimensionSix,TASK_COMPLETE,SUCCESS,INFO,291,291,0,,2026-08-23T20:10:41.468Z,2026-08-23T22:16:21.732Z,7540,2026-08-23T22:16:21.732Z,V14,Overland Park,955211d4-28b8-44a0-8023-2bfaa48d6721,SAMMS-VCPHCS-XIV-BridgewayV5
202608232214223454,202608232010369991,202608232010368283,85,1123,Bronze INV,br_AdmissionAssessmentDimensionSix,TASK_COMPLETE,SUCCESS,INFO,560,560,0,,2026-08-23T20:10:41.468Z,2026-08-23T22:16:21.732Z,7540,2026-08-23T22:16:21.732Z,V15,Joplin,955211d4-28b8-44a0-8023-2bfaa48d6721,SAMMS-JoplinV5
202608232214223455,202608232010369992,202608232010368283,85,1125,Bronze INV,br_AdmissionAssessmentDimensionSix,TASK_COMPLETE,SUCCESS,INFO,464,464,0,,2026-08-23T20:10:41.468Z,2026-08-23T22:16:21.732Z,7540,2026-08-23T22:16:21.732Z,V17,Columbia TN,955211d4-28b8-44a0-8023-2bfaa48d6721,SAMMS-ColumbiaTNv5
202608232214223457,202608232010369993,202608232010368283,85,1127,Bronze INV,br_AdmissionAssessmentDimensionSix,TASK_COMPLETE,SUCCESS,INFO,410,410,0,,2026-08-23T20:10:41.468Z,2026-08-23T22:16:21.732Z,7540,2026-08-23T22:16:21.732Z,V19,Jackson,955211d4-28b8-44a0-8023-2bfaa48d6721,SAMMS-JacksonV5
202608232214223458,202608232010369994,202608232010368283,85,1129,Bronze INV,br_AdmissionAssessmentDimensionSix,TASK_COMPLETE,SUCCESS,INFO,476,476,0,,2026-08-23T20:10:41.468Z,2026-08-23T22:16:21.732Z,7540,2026-08-23T22:16:21.732Z,V20,Paris,955211d4-28b8-44a0-8023-2bfaa48d6721,SAMMS-ParisV5
202608232214223459,202608232010369995,202608232010368283,85,1130,Bronze INV,br_AdmissionAssessmentDimensionSix,TASK_COMPLETE,SUCCESS,INFO,352,352,0,,2026-08-23T20:10:41.468Z,2026-08-23T22:16:21.732Z,7540,2026-08-23T22:16:21.732Z,V21,Memphis North,955211d4-28b8-44a0-8023-2bfaa48d6721,SAMMS-RaleighV5
202608232214223460,202608232010369996,202608232010368283,85,1133,Bronze INV,br_AdmissionAssessmentDimensionSix,TASK_COMPLETE,SUCCESS,INFO,698,698,0,,2026-08-23T20:10:41.468Z,2026-08-23T22:16:21.732Z,7540,2026-08-23T22:16:21.732Z,V5,West Bank,955211d4-28b8-44a0-8023-2bfaa48d6721,SAMMS-NONTCv5
202608232214223461,202608232010369997,202608232010368283,85,1135,Bronze INV,br_AdmissionAssessmentDimensionSix,TASK_COMPLETE,SUCCESS,INFO,250,250,0,,2026-08-23T20:10:41.468Z,2026-08-23T22:16:21.732Z,7540,2026-08-23T22:16:21.732Z,V5B,Houma,955211d4-28b8-44a0-8023-2bfaa48d6721,SAMMS-HoumaV6
202608232214223462,202608232010369998,202608232010368283,85,1136,Bronze INV,br_AdmissionAssessmentDimensionSix,TASK_COMPLETE,SUCCESS,INFO,948,948,0,,2026-08-23T20:10:41.468Z,2026-08-23T22:16:21.732Z,7540,2026-08-23T22:16:21.732Z,V6,Lake Charles,955211d4-28b8-44a0-8023-2bfaa48d6721,SAMMS-LCv5
202608232214223464,202608232010369999,202608232010368283,85,1138,Bronze INV,br_AdmissionAssessmentDimensionSix,TASK_COMPLETE,SUCCESS,INFO,558,558,0,,2026-08-23T20:10:41.468Z,2026-08-23T22:16:21.732Z,7540,2026-08-23T22:16:21.732Z,V8,Memphis Midtown,955211d4-28b8-44a0-8023-2bfaa48d6721,SAMMS-VCPHCS-VIII-MemphisV5
202608232214223465,202608232010370000,202608232010368283,85,1139,Bronze INV,br_AdmissionAssessmentDimensionSix,TASK_COMPLETE,SUCCESS,INFO,1563,1563,0,,2026-08-23T20:10:41.468Z,2026-08-23T22:16:21.732Z,7540,2026-08-23T22:16:21.732Z,V9,Nashville,955211d4-28b8-44a0-8023-2bfaa48d6721,SAMMS-NashvilleV5
202608201425194989,202608201258109022,202608201258108173,46,9567,P1 Finance Claim Line Item Bronze - B73,br_samms_claim_line_item,TASK_COMPLETE,SUCCESS,INFO,293,293,0,,2026-08-20T12:58:15.698Z,2026-08-20T14:28:34.201Z,5419,2026-08-20T14:28:34.201Z,B73,Montgomery,5f0dd8ad-486e-4238-8933-2b89499a6e18,SAMMS-Montgomery
202608201425194990,202608201258109023,202608201258108173,46,9568,P1 Finance Claim Line Item Bronze - B75,br_samms_claim_line_item,TASK_COMPLETE,SUCCESS,INFO,21789,21789,0,,2026-08-20T12:58:15.698Z,2026-08-20T14:28:34.201Z,5419,2026-08-20T14:28:34.201Z,B75,Lawrence,5f0dd8ad-486e-4238-8933-2b89499a6e18,SAMMS-LawrenceV6
202608201425194992,202608201258109024,202608201258108173,46,9569,P1 Finance Claim Line Item Bronze - B76,br_samms_claim_line_item,TASK_COMPLETE,SUCCESS,INFO,33,33,0,,2026-08-20T12:58:15.698Z,2026-08-20T14:28:34.201Z,5419,2026-08-20T14:28:34.201Z,B76,Huntsville-OBOT,5f0dd8ad-486e-4238-8933-2b89499a6e18,SAMMS-Huntsville-OBOT
202608201425194993,202608201258109025,202608201258108173,46,9570,P1 Finance Claim Line Item Bronze - BAT,br_samms_claim_line_item,TASK_COMPLETE,SUCCESS,INFO,21021,21021,0,,2026-08-20T12:58:15.698Z,2026-08-20T14:28:34.201Z,5419,2026-08-20T14:28:34.201Z,BAT,Batesville,5f0dd8ad-486e-4238-8933-2b89499a6e18,SAMMS-Batesville
202608201425194995,202608201258109026,202608201258108173,46,9571,P1 Finance Claim Line Item Bronze - BG,br_samms_claim_line_item,TASK_COMPLETE,SUCCESS,INFO,53570,53570,0,,2026-08-20T12:58:15.698Z,2026-08-20T14:28:34.201Z,5419,2026-08-20T14:28:34.201Z,BG,BowlingGreen,5f0dd8ad-486e-4238-8933-2b89499a6e18,SAMMS-BowlingGreen
202608201425194997,202608201258109027,202608201258108173,46,9572,P1 Finance Claim Line Item Bronze - BOI,br_samms_claim_line_item,TASK_COMPLETE,SUCCESS,INFO,17204,17204,0,,2026-08-20T12:58:15.698Z,2026-08-20T14:28:34.201Z,5419,2026-08-20T14:28:34.201Z,BOI,Boise,5f0dd8ad-486e-4238-8933-2b89499a6e18,SAMMS-Boise
202608201425194998,202608201258109028,202608201258108173,46,9573,P1 Finance Claim Line Item Bronze - CBCO,br_samms_claim_line_item,TASK_COMPLETE,SUCCESS,INFO,11199,11199,0,,2026-08-20T12:58:15.698Z,2026-08-20T14:28:34.201Z,5419,2026-08-20T14:28:34.201Z,CBCO,CoeurdAlene,5f0dd8ad-486e-4238-8933-2b89499a6e18,SAMMS-CoeurdAleneV6
202608201425195000,202608201258109029,202608201258108173,46,9574,P1 Finance Claim Line Item Bronze - CON,br_samms_claim_line_item,TASK_COMPLETE,SUCCESS,INFO,27244,27244,0,,2026-08-20T12:58:15.698Z,2026-08-20T14:28:34.201Z,5419,2026-08-20T14:28:34.201Z,CON,Conway,5f0dd8ad-486e-4238-8933-2b89499a6e18,SAMMS-Conway
202608201425195002,202608201258109030,202608201258108173,46,9575,P1 Finance Claim Line Item Bronze - D07,br_samms_claim_line_item,TASK_COMPLETE,SUCCESS,INFO,99281,99281,0,,2026-08-20T12:58:15.698Z,2026-08-20T14:28:34.201Z,5419,2026-08-20T14:28:34.201Z,D07,Knoxville,5f0dd8ad-486e-4238-8933-2b89499a6e18,SAMMS-KnoxvilleV6
202608201425195003,202608201258109031,202608201258108173,46,9576,P1 Finance Claim Line Item Bronze - D08,br_samms_claim_line_item,TASK_COMPLETE,SUCCESS,INFO,107813,107813,0,,2026-08-20T12:58:15.698Z,2026-08-20T14:28:34.201Z,5419,2026-08-20T14:28:34.201Z,D08,Madison,5f0dd8ad-486e-4238-8933-2b89499a6e18,SAMMS-MadisonV6
202608201425195005,202608201258109032,202608201258108173,46,9577,P1 Finance Claim Line Item Bronze - D09,br_samms_claim_line_item,TASK_COMPLETE,SUCCESS,INFO,178374,178374,0,,2026-08-20T12:58:15.698Z,2026-08-20T14:28:34.201Z,5419,2026-08-20T14:28:34.201Z,D09,Murfreesboro,5f0dd8ad-486e-4238-8933-2b89499a6e18,SAMMS-MurfreesboroV6
202608201425195006,202608201258109033,202608201258108173,46,9578,P1 Finance Claim Line Item Bronze - DA,br_samms_claim_line_item,TASK_COMPLETE,SUCCESS,INFO,29766,29766,0,,2026-08-20T12:58:15.698Z,2026-08-20T14:28:34.201Z,5419,2026-08-20T14:28:34.201Z,DA,Davenport,5f0dd8ad-486e-4238-8933-2b89499a6e18,SAMMS-Davenport
202608201425195008,202608201258109034,202608201258108173,46,9579,P1 Finance Claim Line Item Bronze - DM,br_samms_claim_line_item,TASK_COMPLETE,SUCCESS,INFO,34263,34263,0,,2026-08-20T12:58:15.698Z,2026-08-20T14:28:34.201Z,5419,2026-08-20T14:28:34.201Z,DM,DesMoines,5f0dd8ad-486e-4238-8933-2b89499a6e18,SAMMS-DesMoines
202608201425195010,202608201258109035,202608201258108173,46,9580,P1 Finance Claim Line Item Bronze - DRD-CO,br_samms_claim_line_item,TASK_COMPLETE,SUCCESS,INFO,281482,281482,0,,2026-08-20T12:58:15.698Z,2026-08-20T14:28:34.201Z,5419,2026-08-20T14:28:34.201Z,DRD-CO,Columbia,5f0dd8ad-486e-4238-8933-2b89499a6e18,SAMMS-ColumbiaV5
202608201425195012,202608201258109036,202608201258108173,46,9581,P1 Finance Claim Line Item Bronze - DRD-KC,br_samms_claim_line_item,TASK_COMPLETE,SUCCESS,INFO,325864,325864,0,,2026-08-20T12:58:15.698Z,2026-08-20T14:28:34.201Z,5419,2026-08-20T14:28:34.201Z,DRD-KC,KC,5f0dd8ad-486e-4238-8933-2b89499a6e18,SAMMS-KCv5
202608201425195013,202608201258109037,202608201258108173,46,9582,P1 Finance Claim Line Item Bronze - DRD-KVB,br_samms_claim_line_item,TASK_COMPLETE,SUCCESS,INFO,1270500,1270500,0,,2026-08-20T12:58:15.698Z,2026-08-20T14:28:34.201Z,5419,2026-08-20T14:28:34.201Z,DRD-KVB,KVB,5f0dd8ad-486e-4238-8933-2b89499a6e18,SAMMS-KVBv5
202608201425195015,202608201258109038,202608201258108173,46,9583,P1 Finance Claim Line Item Bronze - DRD-KVC,br_samms_claim_line_item,TASK_COMPLETE,SUCCESS,INFO,1510681,1510681,0,,2026-08-20T12:58:15.698Z,2026-08-20T14:28:34.201Z,5419,2026-08-20T14:28:34.201Z,DRD-KVC,KVC,5f0dd8ad-486e-4238-8933-2b89499a6e18,SAMMS-KVCv5
202608201425195017,202608201258109039,202608201258108173,46,9584,P1 Finance Claim Line Item Bronze - DRD-NOLA,br_samms_claim_line_item,TASK_COMPLETE,SUCCESS,INFO,1600544,1600544,0,,2026-08-20T12:58:15.698Z,2026-08-20T14:28:34.201Z,5419,2026-08-20T14:28:34.201Z,DRD-NOLA,NOLA,5f0dd8ad-486e-4238-8933-2b89499a6e18,SAMMS-NOLAv5
202608201425195018,202608201258109040,202608201258108173,46,9585,P1 Finance Claim Line Item Bronze - DRD-SF,br_samms_claim_line_item,TASK_COMPLETE,SUCCESS,INFO,430426,430426,0,,2026-08-20T12:58:15.698Z,2026-08-20T14:28:34.201Z,5419,2026-08-20T14:28:34.201Z,DRD-SF,SF,5f0dd8ad-486e-4238-8933-2b89499a6e18,SAMMS-SFv5
202608201425195020,202608201258109041,202608201258108173,46,9586,P1 Finance Claim Line Item Bronze - ELC,br_samms_claim_line_item,TASK_COMPLETE,SUCCESS,INFO,38670,38670,0,,2026-08-20T12:58:15.698Z,2026-08-20T14:28:34.201Z,5419,2026-08-20T14:28:34.201Z,ELC,ElizabethCity,5f0dd8ad-486e-4238-8933-2b89499a6e18,SAMMS-ElizabethCity
202608201425195022,202608201258109042,202608201258108173,46,9587,P1 Finance Claim Line Item Bronze - ET,br_samms_claim_line_item,TASK_COMPLETE,SUCCESS,INFO,62898,62898,0,,2026-08-20T12:58:15.698Z,2026-08-20T14:28:34.201Z,5419,2026-08-20T14:28:34.201Z,ET,Elizabethtown,5f0dd8ad-486e-4238-8933-2b89499a6e18,SAMMS-Elizabethtown
202608201425195023,202608201258109043,202608201258108173,46,9588,P1 Finance Claim Line Item Bronze - FAY,br_samms_claim_line_item,TASK_COMPLETE,SUCCESS,INFO,21933,21933,0,,2026-08-20T12:58:15.698Z,2026-08-20T14:28:34.201Z,5419,2026-08-20T14:28:34.201Z,FAY,Fayetteville,5f0dd8ad-486e-4238-8933-2b89499a6e18,SAMMS-Fayetteville
202608201425195025,202608201258109044,202608201258108173,46,9589,P1 Finance Claim Line Item Bronze - FR,br_samms_claim_line_item,TASK_COMPLETE,SUCCESS,INFO,54866,54866,0,,2026-08-20T12:58:15.698Z,2026-08-20T14:28:34.201Z,5419,2026-08-20T14:28:34.201Z,FR,Frankfort,5f0dd8ad-486e-4238-8933-2b89499a6e18,SAMMS-Frankfort
202608201425195027,202608201258109045,202608201258108173,46,9590,P1 Finance Claim Line Item Bronze - FS,br_samms_claim_line_item,TASK_COMPLETE,SUCCESS,INFO,19238,19238,0,,2026-08-20T12:58:15.698Z,2026-08-20T14:28:34.201Z,5419,2026-08-20T14:28:34.201Z,FS,FortSmith,5f0dd8ad-486e-4238-8933-2b89499a6e18,SAMMS-FortSmith
202608201425195029,202608201258109046,202608201258108173,46,9591,P1 Finance Claim Line Item Bronze - FW,br_samms_claim_line_item,TASK_COMPLETE,SUCCESS,INFO,124187,124187,0,,2026-08-20T12:58:15.698Z,2026-08-20T14:28:34.201Z,5419,2026-08-20T14:28:34.201Z,FW,FortWayne,5f0dd8ad-486e-4238-8933-2b89499a6e18,SAMMS-FortWayne
202608201425195031,202608201258109047,202608201258108173,46,9592,P1 Finance Claim Line Item Bronze - GAL,br_samms_claim_line_item,TASK_COMPLETE,SUCCESS,INFO,171452,171452,0,,2026-08-20T12:58:15.698Z,2026-08-20T14:28:34.201Z,5419,2026-08-20T14:28:34.201Z,GAL,Gaylord,5f0dd8ad-486e-4238-8933-2b89499a6e18,SAMMS-Gaylord
202608201425195032,202608201258109048,202608201258108173,46,9593,P1 Finance Claim Line Item Bronze - HGT,br_samms_claim_line_item,TASK_COMPLETE,SUCCESS,INFO,274852,274852,0,,2026-08-20T12:58:15.698Z,2026-08-20T14:28:34.201Z,5419,2026-08-20T14:28:34.201Z,HGT,Hagerstown,5f0dd8ad-486e-4238-8933-2b89499a6e18,SAMMS-Hagerstown
202608201425195034,202608201258109049,202608201258108173,46,9594,P1 Finance Claim Line Item Bronze - HNT,br_samms_claim_line_item,TASK_COMPLETE,SUCCESS,INFO,246469,246469,0,,2026-08-20T12:58:15.698Z,2026-08-20T14:28:34.201Z,5419,2026-08-20T14:28:34.201Z,HNT,Huntsville,5f0dd8ad-486e-4238-8933-2b89499a6e18,SAMMS-Huntsville
202608201425195036,202608201258109050,202608201258108173,46,9595,P1 Finance Claim Line Item Bronze - HS,br_samms_claim_line_item,TASK_COMPLETE,SUCCESS,INFO,23293,23293,0,,2026-08-20T12:58:15.698Z,2026-08-20T14:28:34.201Z,5419,2026-08-20T14:28:34.201Z,HS,HotSprings,5f0dd8ad-486e-4238-8933-2b89499a6e18,SAMMS-HotSprings
202608201425195038,202608201258109051,202608201258108173,46,9596,P1 Finance Claim Line Item Bronze - JON,br_samms_claim_line_item,TASK_COMPLETE,SUCCESS,INFO,18500,18500,0,,2026-08-20T12:58:15.698Z,2026-08-20T14:28:34.201Z,5419,2026-08-20T14:28:34.201Z,JON,Jonesboro,5f0dd8ad-486e-4238-8933-2b89499a6e18,SAMMS-Jonesboro
202608201425195040,202608201258109052,202608201258108173,46,13667,P1 Finance Claim Line Item Bronze - LAB,br_samms_claim_line_item,TASK_COMPLETE,SUCCESS,INFO,775658,775658,0,,2026-08-20T12:58:15.698Z,2026-08-20T14:28:34.201Z,5419,2026-08-20T14:28:34.201Z,LAB,LabV5-V2,5f0dd8ad-486e-4238-8933-2b89499a6e18,SAMMS-LabV5-V2
202608201425195041,202608201258109053,202608201258108173,46,9597,P1 Finance Claim Line Item Bronze - LAN,br_samms_claim_line_item,TASK_COMPLETE,SUCCESS,INFO,169301,169301,0,,2026-08-20T12:58:15.698Z,2026-08-20T14:28:34.201Z,5419,2026-08-20T14:28:34.201Z,LAN,Lansing,5f0dd8ad-486e-4238-8933-2b89499a6e18,SAMMS-Lansing
202608201425195043,202608201258109054,202608201258108173,46,9598,P1 Finance Claim Line Item Bronze - LO,br_samms_claim_line_item,TASK_COMPLETE,SUCCESS,INFO,166286,166286,0,,2026-08-20T12:58:15.698Z,2026-08-20T14:28:34.201Z,5419,2026-08-20T14:28:34.201Z,LO,Louisville,5f0dd8ad-486e-4238-8933-2b89499a6e18,SAMMS-Louisville
202608201425195045,202608201258109055,202608201258108173,46,9599,P1 Finance Claim Line Item Bronze - LV1,br_samms_claim_line_item,TASK_COMPLETE,SUCCESS,INFO,254588,254588,0,,2026-08-20T12:58:15.698Z,2026-08-20T14:28:34.201Z,5419,2026-08-20T14:28:34.201Z,LV1,Cheyenne,5f0dd8ad-486e-4238-8933-2b89499a6e18,SAMMS-Cheyenne
202608201425195047,202608201258109056,202608201258108173,46,9600,P1 Finance Claim Line Item Bronze - LV2,br_samms_claim_line_item,TASK_COMPLETE,SUCCESS,INFO,219898,219898,0,,2026-08-20T12:58:15.698Z,2026-08-20T14:28:34.201Z,5419,2026-08-20T14:28:34.201Z,LV2,DesertInn,5f0dd8ad-486e-4238-8933-2b89499a6e18,SAMMS-DesertInn
202608201425195049,202608201258109057,202608201258108173,46,9601,P1 Finance Claim Line Item Bronze - LV3,br_samms_claim_line_item,TASK_COMPLETE,SUCCESS,INFO,111526,111526,0,,2026-08-20T12:58:15.698Z,2026-08-20T14:28:34.201Z,5419,2026-08-20T14:28:34.201Z,LV3,McDaniel,5f0dd8ad-486e-4238-8933-2b89499a6e18,SAMMS-McDaniel
202608201425195051,202608201258109058,202608201258108173,46,9602,P1 Finance Claim Line Item Bronze - MNRE,br_samms_claim_line_item,TASK_COMPLETE,SUCCESS,INFO,132155,132155,0,,2026-08-20T12:58:15.698Z,2026-08-20T14:28:34.201Z,5419,2026-08-20T14:28:34.201Z,MNRE,Monroe,5f0dd8ad-486e-4238-8933-2b89499a6e18,SAMMS-Monroe
202608201425195053,202608201258109059,202608201258108173,46,9603,P1 Finance Claim Line Item Bronze - MP,br_samms_claim_line_item,TASK_COMPLETE,SUCCESS,INFO,310171,310171,0,,2026-08-20T12:58:15.698Z,2026-08-20T14:28:34.201Z,5419,2026-08-20T14:28:34.201Z,MP,MtPleasant,5f0dd8ad-486e-4238-8933-2b89499a6e18,SAMMS-MtPleasant
202608201425195055,202608201258109060,202608201258108173,46,9604,P1 Finance Claim Line Item Bronze - MRD,br_samms_claim_line_item,TASK_COMPLETE,SUCCESS,INFO,13298,13298,0,,2026-08-20T12:58:15.698Z,2026-08-20T14:28:34.201Z,5419,2026-08-20T14:28:34.201Z,MRD,Meridian,5f0dd8ad-486e-4238-8933-2b89499a6e18,SAMMS-Meridian
202608201425195057,202608201258109061,202608201258108173,46,9605,P1 Finance Claim Line Item Bronze - NC,br_samms_claim_line_item,TASK_COMPLETE,SUCCESS,INFO,33593,33593,0,,2026-08-20T12:58:15.698Z,2026-08-20T14:28:34.201Z,5419,2026-08-20T14:28:34.201Z,NC,NorthCharleston,5f0dd8ad-486e-4238-8933-2b89499a6e18,SAMMS-NorthCharleston
202608201425195059,202608201258109062,202608201258108173,46,9606,P1 Finance Claim Line Item Bronze - NLR,br_samms_claim_line_item,TASK_COMPLETE,SUCCESS,INFO,34545,34545,0,,2026-08-20T12:58:15.698Z,2026-08-20T14:28:34.201Z,5419,2026-08-20T14:28:34.201Z,NLR,NLROBOT,5f0dd8ad-486e-4238-8933-2b89499a6e18,SAMMS-NLROBOT
202608201425195061,202608201258109063,202608201258108173,46,9607,P1 Finance Claim Line Item Bronze - PH,br_samms_claim_line_item,TASK_COMPLETE,SUCCESS,INFO,53298,53298,0,,2026-08-20T12:58:15.698Z,2026-08-20T14:28:34.201Z,5419,2026-08-20T14:28:34.201Z,PH,Phoenix,5f0dd8ad-486e-4238-8933-2b89499a6e18,SAMMS-Phoenix
202608201425195062,202608201258109064,202608201258108173,46,9608,P1 Finance Claim Line Item Bronze - RE,br_samms_claim_line_item,TASK_COMPLETE,SUCCESS,INFO,173683,173683,0,,2026-08-20T12:58:15.698Z,2026-08-20T14:28:34.201Z,5419,2026-08-20T14:28:34.201Z,RE,Reno,5f0dd8ad-486e-4238-8933-2b89499a6e18,SAMMS-Reno
202608201425195064,202608201258109065,202608201258108173,46,9609,P1 Finance Claim Line Item Bronze - RMD,br_samms_claim_line_item,TASK_COMPLETE,SUCCESS,INFO,69145,69145,0,,2026-08-20T12:58:15.698Z,2026-08-20T14:28:34.201Z,5419,2026-08-20T14:28:34.201Z,RMD,Richmond,5f0dd8ad-486e-4238-8933-2b89499a6e18,SAMMS-Richmond
202608200219256502,202608200029238583,202608200029237018,85,531,Bronze INV,br_AdmissionAssessmentDimensionFiveSubstanceUse,TASK_COMPLETE,FAILED,ERROR,1161,1161,1,SaveAdmissionAssessmentDimensionFiveSubstanceUse Bronze ForEach failed,2026-08-20T00:29:28.539Z,2026-08-20T02:40:07.937Z,7839,2026-08-20T02:40:07.937Z,LV1,Cheyenne,2e0eb052-bb28-45b1-894f-8dc0851c56cc,SAMMS-Cheyenne
202608200219256503,202608200029238584,202608200029237018,85,532,Bronze INV,br_AdmissionAssessmentDimensionFiveSubstanceUse,TASK_COMPLETE,FAILED,ERROR,927,927,1,SaveAdmissionAssessmentDimensionFiveSubstanceUse Bronze ForEach failed,2026-08-20T00:29:28.539Z,2026-08-20T02:40:07.937Z,7839,2026-08-20T02:40:07.937Z,LV2,Desert Inn,2e0eb052-bb28-45b1-894f-8dc0851c56cc,SAMMS-DesertInn
202608200219256504,202608200029238585,202608200029237018,85,533,Bronze INV,br_AdmissionAssessmentDimensionFiveSubstanceUse,TASK_COMPLETE,FAILED,ERROR,306,306,1,SaveAdmissionAssessmentDimensionFiveSubstanceUse Bronze ForEach failed,2026-08-20T00:29:28.539Z,2026-08-20T02:40:07.937Z,7839,2026-08-20T02:40:07.937Z,LV3,McDaniel,2e0eb052-bb28-45b1-894f-8dc0851c56cc,SAMMS-McDaniel
202608200219256505,202608200029238586,202608200029237018,85,536,Bronze INV,br_AdmissionAssessmentDimensionFiveSubstanceUse,TASK_COMPLETE,FAILED,ERROR,269,269,1,SaveAdmissionAssessmentDimensionFiveSubstanceUse Bronze ForEach failed,2026-08-20T00:29:28.539Z,2026-08-20T02:40:07.937Z,7839,2026-08-20T02:40:07.937Z,MNRE,Monroe,2e0eb052-bb28-45b1-894f-8dc0851c56cc,SAMMS-Monroe
202608200219256506,202608200029238587,202608200029237018,85,537,Bronze INV,br_AdmissionAssessmentDimensionFiveSubstanceUse,TASK_COMPLETE,FAILED,ERROR,120,120,1,SaveAdmissionAssessmentDimensionFiveSubstanceUse Bronze ForEach failed,2026-08-20T00:29:28.539Z,2026-08-20T02:40:07.937Z,7839,2026-08-20T02:40:07.937Z,MP,Mt. Pleasant,2e0eb052-bb28-45b1-894f-8dc0851c56cc,SAMMS-MtPleasant
202608200219256507,202608200029238588,202608200029237018,85,538,Bronze INV,br_AdmissionAssessmentDimensionFiveSubstanceUse,TASK_COMPLETE,FAILED,ERROR,167,167,1,SaveAdmissionAssessmentDimensionFiveSubstanceUse Bronze ForEach failed,2026-08-20T00:29:28.539Z,2026-08-20T02:40:07.937Z,7839,2026-08-20T02:40:07.937Z,MRD,Meridian,2e0eb052-bb28-45b1-894f-8dc0851c56cc,SAMMS-Meridian
202608200219256509,202608200029238589,202608200029237018,85,543,Bronze INV,br_AdmissionAssessmentDimensionFiveSubstanceUse,TASK_COMPLETE,FAILED,ERROR,621,621,1,SaveAdmissionAssessmentDimensionFiveSubstanceUse Bronze ForEach failed,2026-08-20T00:29:28.539Z,2026-08-20T02:40:07.937Z,7839,2026-08-20T02:40:07.937Z,NC,North Charleston,2e0eb052-bb28-45b1-894f-8dc0851c56cc,SAMMS-NorthCharleston
202608200219256510,202608200029238590,202608200029237018,85,544,Bronze INV,br_AdmissionAssessmentDimensionFiveSubstanceUse,TASK_COMPLETE,FAILED,ERROR,554,554,1,SaveAdmissionAssessmentDimensionFiveSubstanceUse Bronze ForEach failed,2026-08-20T00:29:28.539Z,2026-08-20T02:40:07.937Z,7839,2026-08-20T02:40:07.937Z,NLR,N. Little Rock,2e0eb052-bb28-45b1-894f-8dc0851c56cc,SAMMS-NLROBOT
202608200219256511,202608200029238591,202608200029237018,85,545,Bronze INV,br_AdmissionAssessmentDimensionFiveSubstanceUse,TASK_COMPLETE,FAILED,ERROR,232,232,1,SaveAdmissionAssessmentDimensionFiveSubstanceUse Bronze ForEach failed,2026-08-20T00:29:28.539Z,2026-08-20T02:40:07.937Z,7839,2026-08-20T02:40:07.937Z,PH,Phoenix,2e0eb052-bb28-45b1-894f-8dc0851c56cc,SAMMS-Phoenix
202608200219256512,202608200029238592,202608200029237018,85,549,Bronze INV,br_AdmissionAssessmentDimensionFiveSubstanceUse,TASK_COMPLETE,FAILED,ERROR,404,404,1,SaveAdmissionAssessmentDimensionFiveSubstanceUse Bronze ForEach failed,2026-08-20T00:29:28.539Z,2026-08-20T02:40:07.937Z,7839,2026-08-20T02:40:07.937Z,RE,Reno,2e0eb052-bb28-45b1-894f-8dc0851c56cc,SAMMS-Reno
202608200219256513,202608200029238593,202608200029237018,85,550,Bronze INV,br_AdmissionAssessmentDimensionFiveSubstanceUse,TASK_COMPLETE,FAILED,ERROR,386,386,1,SaveAdmissionAssessmentDimensionFiveSubstanceUse Bronze ForEach failed,2026-08-20T00:29:28.539Z,2026-08-20T02:40:07.937Z,7839,2026-08-20T02:40:07.937Z,RMD,Richmond,2e0eb052-bb28-45b1-894f-8dc0851c56cc,SAMMS-Richmond
202608200219256514,202608200029238594,202608200029237018,85,551,Bronze INV,br_AdmissionAssessmentDimensionFiveSubstanceUse,TASK_COMPLETE,FAILED,ERROR,478,478,1,SaveAdmissionAssessmentDimensionFiveSubstanceUse Bronze ForEach failed,2026-08-20T00:29:28.539Z,2026-08-20T02:40:07.937Z,7839,2026-08-20T02:40:07.937Z,SFN,Springfield North,2e0eb052-bb28-45b1-894f-8dc0851c56cc,SAMMS-SFNv5
202608200219256515,202608200029238595,202608200029237018,85,552,Bronze INV,br_AdmissionAssessmentDimensionFiveSubstanceUse,TASK_COMPLETE,FAILED,ERROR,443,443,1,SaveAdmissionAssessmentDimensionFiveSubstanceUse Bronze ForEach failed,2026-08-20T00:29:28.539Z,2026-08-20T02:40:07.937Z,7839,2026-08-20T02:40:07.937Z,SHP,Shreveport,2e0eb052-bb28-45b1-894f-8dc0851c56cc,SAMMS-Shreveport
202608200219256517,202608200029238596,202608200029237018,85,554,Bronze INV,br_AdmissionAssessmentDimensionFiveSubstanceUse,TASK_COMPLETE,FAILED,ERROR,80,80,1,SaveAdmissionAssessmentDimensionFiveSubstanceUse Bronze ForEach failed,2026-08-20T00:29:28.539Z,2026-08-20T02:40:07.937Z,7839,2026-08-20T02:40:07.937Z,STN,Staunton,2e0eb052-bb28-45b1-894f-8dc0851c56cc,SAMMS-Staunton
202608200219256518,202608200029238597,202608200029237018,85,555,Bronze INV,br_AdmissionAssessmentDimensionFiveSubstanceUse,TASK_COMPLETE,FAILED,ERROR,52,52,1,SaveAdmissionAssessmentDimensionFiveSubstanceUse Bronze ForEach failed,2026-08-20T00:29:28.539Z,2026-08-20T02:40:07.937Z,7839,2026-08-20T02:40:07.937Z,STVN,Stevenson,2e0eb052-bb28-45b1-894f-8dc0851c56cc,SAMMS-Stevenson
202608200219256519,202608200029238598,202608200029237018,85,557,Bronze INV,br_AdmissionAssessmentDimensionFiveSubstanceUse,TASK_COMPLETE,FAILED,ERROR,70,70,1,SaveAdmissionAssessmentDimensionFiveSubstanceUse Bronze ForEach failed,2026-08-20T00:29:28.539Z,2026-08-20T02:40:07.937Z,7839,2026-08-20T02:40:07.937Z,TE,Tempe,2e0eb052-bb28-45b1-894f-8dc0851c56cc,SAMMS-Tempe
202608200219256520,202608200029238599,202608200029237018,85,558,Bronze INV,br_AdmissionAssessmentDimensionFiveSubstanceUse,TASK_COMPLETE,FAILED,ERROR,361,361,1,SaveAdmissionAssessmentDimensionFiveSubstanceUse Bronze ForEach failed,2026-08-20T00:29:28.539Z,2026-08-20T02:40:07.937Z,7839,2026-08-20T02:40:07.937Z,TEX,Texarkana,2e0eb052-bb28-45b1-894f-8dc0851c56cc,SAMMS-Texarkana
202608200219256521,202608200029238600,202608200029237018,85,559,Bronze INV,br_AdmissionAssessmentDimensionFiveSubstanceUse,TASK_COMPLETE,FAILED,ERROR,414,414,1,SaveAdmissionAssessmentDimensionFiveSubstanceUse Bronze ForEach failed,2026-08-20T00:29:28.539Z,2026-08-20T02:40:07.937Z,7839,2026-08-20T02:40:07.937Z,TTCA,Bessemer,2e0eb052-bb28-45b1-894f-8dc0851c56cc,SAMMS-BessemerV5
202608200219256522,202608200029238601,202608200029237018,85,560,Bronze INV,br_AdmissionAssessmentDimensionFiveSubstanceUse,TASK_COMPLETE,FAILED,ERROR,544,544,1,SaveAdmissionAssessmentDimensionFiveSubstanceUse Bronze ForEach failed,2026-08-20T00:29:28.539Z,2026-08-20T02:40:07.937Z,7839,2026-08-20T02:40:07.937Z,TTCB,Cullman,2e0eb052-bb28-45b1-894f-8dc0851c56cc,SAMMS-CullmanV5
202608200219256523,202608200029238602,202608200029237018,85,561,Bronze INV,br_AdmissionAssessmentDimensionFiveSubstanceUse,TASK_COMPLETE,FAILED,ERROR,291,291,1,SaveAdmissionAssessmentDimensionFiveSubstanceUse Bronze ForEach failed,2026-08-20T00:29:28.539Z,2026-08-20T02:40:07.937Z,7839,2026-08-20T02:40:07.937Z,TTCC,Grand Bay,2e0eb052-bb28-45b1-894f-8dc0851c56cc,SAMMS-GrandBay
202608200219256524,202608200029238603,202608200029237018,85,562,Bronze INV,br_AdmissionAssessmentDimensionFiveSubstanceUse,TASK_COMPLETE,FAILED,ERROR,22,22,1,SaveAdmissionAssessmentDimensionFiveSubstanceUse Bronze ForEach failed,2026-08-20T00:29:28.539Z,2026-08-20T02:40:07.937Z,7839,2026-08-20T02:40:07.937Z,TU,Tucson,2e0eb052-bb28-45b1-894f-8dc0851c56cc,SAMMS-Tucson
202608200219256525,202608200029238604,202608200029237018,85,564,Bronze INV,br_AdmissionAssessmentDimensionFiveSubstanceUse,TASK_COMPLETE,FAILED,ERROR,248,248,1,SaveAdmissionAssessmentDimensionFiveSubstanceUse Bronze ForEach failed,2026-08-20T00:29:28.539Z,2026-08-20T02:40:07.937Z,7839,2026-08-20T02:40:07.937Z,V1,Memphis South,2e0eb052-bb28-45b1-894f-8dc0851c56cc,SAMMS-VCPHCS-I-MemphisV5
202608200219256527,202608200029238605,202608200029237018,85,565,Bronze INV,br_AdmissionAssessmentDimensionFiveSubstanceUse,TASK_COMPLETE,FAILED,ERROR,688,688,1,SaveAdmissionAssessmentDimensionFiveSubstanceUse Bronze ForEach failed,2026-08-20T00:29:28.539Z,2026-08-20T02:40:07.937Z,7839,2026-08-20T02:40:07.937Z,V10,Longmont,2e0eb052-bb28-45b1-894f-8dc0851c56cc,SAMMS-BoulderV5
202608200219256528,202608200029238606,202608200029237018,85,566,Bronze INV,br_AdmissionAssessmentDimensionFiveSubstanceUse,TASK_COMPLETE,FAILED,ERROR,1176,1176,1,SaveAdmissionAssessmentDimensionFiveSubstanceUse Bronze ForEach failed,2026-08-20T00:29:28.539Z,2026-08-20T02:40:07.937Z,7839,2026-08-20T02:40:07.937Z,V10A,Fort Collins,2e0eb052-bb28-45b1-894f-8dc0851c56cc,SAMMS-FortCollinsV5
202608200219256529,202608200029238607,202608200029237018,85,567,Bronze INV,br_AdmissionAssessmentDimensionFiveSubstanceUse,TASK_COMPLETE,FAILED,ERROR,976,976,1,SaveAdmissionAssessmentDimensionFiveSubstanceUse Bronze ForEach failed,2026-08-20T00:29:28.539Z,2026-08-20T02:40:07.937Z,7839,2026-08-20T02:40:07.937Z,V11,Westminster,2e0eb052-bb28-45b1-894f-8dc0851c56cc,SAMMS-VCPHCS-XI-NorthDenverV5
202608200219256530,202608200029238608,202608200029237018,85,568,Bronze INV,br_AdmissionAssessmentDimensionFiveSubstanceUse,TASK_COMPLETE,FAILED,ERROR,1048,1048,1,SaveAdmissionAssessmentDimensionFiveSubstanceUse Bronze ForEach failed,2026-08-20T00:29:28.539Z,2026-08-20T02:40:07.937Z,7839,2026-08-20T02:40:07.937Z,V12,Downtown Denver,2e0eb052-bb28-45b1-894f-8dc0851c56cc,SAMMS-VCPHCS-XII-DowntownDenverV5
202608200219256531,202608200029238609,202608200029237018,85,569,Bronze INV,br_AdmissionAssessmentDimensionFiveSubstanceUse,TASK_COMPLETE,FAILED,ERROR,474,474,1,SaveAdmissionAssessmentDimensionFiveSubstanceUse Bronze ForEach failed,2026-08-20T00:29:28.539Z,2026-08-20T02:40:07.937Z,7839,2026-08-20T02:40:07.937Z,V12A,Centennial,2e0eb052-bb28-45b1-894f-8dc0851c56cc,SAMMS-CentennialV5
202608200219256532,202608200029238610,202608200029237018,85,570,Bronze INV,br_AdmissionAssessmentDimensionFiveSubstanceUse,TASK_COMPLETE,FAILED,ERROR,290,290,1,SaveAdmissionAssessmentDimensionFiveSubstanceUse Bronze ForEach failed,2026-08-20T00:29:28.539Z,2026-08-20T02:40:07.937Z,7839,2026-08-20T02:40:07.937Z,V14,Overland Park,2e0eb052-bb28-45b1-894f-8dc0851c56cc,SAMMS-VCPHCS-XIV-BridgewayV5
202608200219256533,202608200029238611,202608200029237018,85,571,Bronze INV,br_AdmissionAssessmentDimensionFiveSubstanceUse,TASK_COMPLETE,FAILED,ERROR,556,556,1,SaveAdmissionAssessmentDimensionFiveSubstanceUse Bronze ForEach failed,2026-08-20T00:29:28.539Z,2026-08-20T02:40:07.937Z,7839,2026-08-20T02:40:07.937Z,V15,Joplin,2e0eb052-bb28-45b1-894f-8dc0851c56cc,SAMMS-JoplinV5
202608200219256534,202608200029238612,202608200029237018,85,573,Bronze INV,br_AdmissionAssessmentDimensionFiveSubstanceUse,TASK_COMPLETE,FAILED,ERROR,469,469,1,SaveAdmissionAssessmentDimensionFiveSubstanceUse Bronze ForEach failed,2026-08-20T00:29:28.539Z,2026-08-20T02:40:07.937Z,7839,2026-08-20T02:40:07.937Z,V17,Columbia TN,2e0eb052-bb28-45b1-894f-8dc0851c56cc,SAMMS-ColumbiaTNv5
202608200219256535,202608200029238613,202608200029237018,85,575,Bronze INV,br_AdmissionAssessmentDimensionFiveSubstanceUse,TASK_COMPLETE,FAILED,ERROR,410,410,1,SaveAdmissionAssessmentDimensionFiveSubstanceUse Bronze ForEach failed,2026-08-20T00:29:28.539Z,2026-08-20T02:40:07.937Z,7839,2026-08-20T02:40:07.937Z,V19,Jackson,2e0eb052-bb28-45b1-894f-8dc0851c56cc,SAMMS-JacksonV5
202608200219256537,202608200029238614,202608200029237018,85,577,Bronze INV,br_AdmissionAssessmentDimensionFiveSubstanceUse,TASK_COMPLETE,FAILED,ERROR,475,475,1,SaveAdmissionAssessmentDimensionFiveSubstanceUse Bronze ForEach failed,2026-08-20T00:29:28.539Z,2026-08-20T02:40:07.937Z,7839,2026-08-20T02:40:07.937Z,V20,Paris,2e0eb052-bb28-45b1-894f-8dc0851c56cc,SAMMS-ParisV5
202608200219256538,202608200029238615,202608200029237018,85,578,Bronze INV,br_AdmissionAssessmentDimensionFiveSubstanceUse,TASK_COMPLETE,FAILED,ERROR,352,352,1,SaveAdmissionAssessmentDimensionFiveSubstanceUse Bronze ForEach failed,2026-08-20T00:29:28.539Z,2026-08-20T02:40:07.937Z,7839,2026-08-20T02:40:07.937Z,V21,Memphis North,2e0eb052-bb28-45b1-894f-8dc0851c56cc,SAMMS-RaleighV5
202608200219256539,202608200029238616,202608200029237018,85,581,Bronze INV,br_AdmissionAssessmentDimensionFiveSubstanceUse,TASK_COMPLETE,FAILED,ERROR,697,697,1,SaveAdmissionAssessmentDimensionFiveSubstanceUse Bronze ForEach failed,2026-08-20T00:29:28.539Z,2026-08-20T02:40:07.937Z,7839,2026-08-20T02:40:07.937Z,V5,West Bank,2e0eb052-bb28-45b1-894f-8dc0851c56cc,SAMMS-NONTCv5
202608200219256540,202608200029238617,202608200029237018,85,583,Bronze INV,br_AdmissionAssessmentDimensionFiveSubstanceUse,TASK_COMPLETE,FAILED,ERROR,250,250,1,SaveAdmissionAssessmentDimensionFiveSubstanceUse Bronze ForEach failed,2026-08-20T00:29:28.539Z,2026-08-20T02:40:07.937Z,7839,2026-08-20T02:40:07.937Z,V5B,Houma,2e0eb052-bb28-45b1-894f-8dc0851c56cc,SAMMS-HoumaV6
202608200219256541,202608200029238618,202608200029237018,85,584,Bronze INV,br_AdmissionAssessmentDimensionFiveSubstanceUse,TASK_COMPLETE,FAILED,ERROR,950,950,1,SaveAdmissionAssessmentDimensionFiveSubstanceUse Bronze ForEach failed,2026-08-20T00:29:28.539Z,2026-08-20T02:40:07.937Z,7839,2026-08-20T02:40:07.937Z,V6,Lake Charles,2e0eb052-bb28-45b1-894f-8dc0851c56cc,SAMMS-LCv5
202608200219256542,202608200029238619,202608200029237018,85,586,Bronze INV,br_AdmissionAssessmentDimensionFiveSubstanceUse,TASK_COMPLETE,FAILED,ERROR,559,559,1,SaveAdmissionAssessmentDimensionFiveSubstanceUse Bronze ForEach failed,2026-08-20T00:29:28.539Z,2026-08-20T02:40:07.937Z,7839,2026-08-20T02:40:07.937Z,V8,Memphis Midtown,2e0eb052-bb28-45b1-894f-8dc0851c56cc,SAMMS-VCPHCS-VIII-MemphisV5
202608200219256544,202608200029238620,202608200029237018,85,587,Bronze INV,br_AdmissionAssessmentDimensionFiveSubstanceUse,TASK_COMPLETE,FAILED,ERROR,1558,1558,1,SaveAdmissionAssessmentDimensionFiveSubstanceUse Bronze ForEach failed,2026-08-20T00:29:28.539Z,2026-08-20T02:40:07.937Z,7839,2026-08-20T02:40:07.937Z,V9,Nashville,2e0eb052-bb28-45b1-894f-8dc0851c56cc,SAMMS-NashvilleV5
202608201819190076,202608201819190075,20260820181915,128,13682,Gold Overdue Courses,LearningReportsOverdue,TASK_FAILED,FAILED,ERROR,2565,0,2565,"An error occurred while calling o8391.synapsesql. : com.microsoft.spark.fabric.tds.write.error.FabricSparkTDSWriteError: Schemas are not equal: Fields in dataframe but missing in Table: StructField(People.Usemame,StringType,true), StructField(First Name,StringType,true), StructField(Last Name,StringType,true) Fields in table but missing in dataframe: StructField(People.Username,StringType,true), StructField(FirstName,StringType,true), StructField(LastName,StringType,true)",2026-08-20T18:19:19.007Z,2026-08-20T18:19:37.788Z,18,2026-08-20T18:19:37.788Z,,,693cfd70-4f2a-4d22-9e5a-9889207939bc,
202608200219256459,202608200029238545,202608200029237018,85,457,Bronze INV,br_AdmissionAssessmentDimensionFiveSubstanceUse,TASK_COMPLETE,FAILED,ERROR,165,165,1,SaveAdmissionAssessmentDimensionFiveSubstanceUse Bronze ForEach failed,2026-08-20T00:29:28.539Z,2026-08-20T02:40:07.937Z,7839,2026-08-20T02:40:07.937Z,B57A,Johnston,2e0eb052-bb28-45b1-894f-8dc0851c56cc,SAMMS-Johnston
202608200219256460,202608200029238546,202608200029237018,85,458,Bronze INV,br_AdmissionAssessmentDimensionFiveSubstanceUse,TASK_COMPLETE,FAILED,ERROR,85,85,1,SaveAdmissionAssessmentDimensionFiveSubstanceUse Bronze ForEach failed,2026-08-20T00:29:28.539Z,2026-08-20T02:40:07.937Z,7839,2026-08-20T02:40:07.937Z,B57B,Middletown,2e0eb052-bb28-45b1-894f-8dc0851c56cc,SAMMS-Middletown
202608200219256461,202608200029238547,202608200029237018,85,459,Bronze INV,br_AdmissionAssessmentDimensionFiveSubstanceUse,TASK_COMPLETE,FAILED,ERROR,171,171,1,SaveAdmissionAssessmentDimensionFiveSubstanceUse Bronze ForEach failed,2026-08-20T00:29:28.539Z,2026-08-20T02:40:07.937Z,7839,2026-08-20T02:40:07.937Z,B57C,Providence,2e0eb052-bb28-45b1-894f-8dc0851c56cc,SAMMS-Providence
202608200219256462,202608200029238548,202608200029237018,85,460,Bronze INV,br_AdmissionAssessmentDimensionFiveSubstanceUse,TASK_COMPLETE,FAILED,ERROR,249,249,1,SaveAdmissionAssessmentDimensionFiveSubstanceUse Bronze ForEach failed,2026-08-20T00:29:28.539Z,2026-08-20T02:40:07.937Z,7839,2026-08-20T02:40:07.937Z,B57D,Westerly,2e0eb052-bb28-45b1-894f-8dc0851c56cc,SAMMS-Westerly
202608200219256463,202608200029238549,202608200029237018,85,464,Bronze INV,br_AdmissionAssessmentDimensionFiveSubstanceUse,TASK_COMPLETE,FAILED,ERROR,362,362,1,SaveAdmissionAssessmentDimensionFiveSubstanceUse Bronze ForEach failed,2026-08-20T00:29:28.539Z,2026-08-20T02:40:07.937Z,7839,2026-08-20T02:40:07.937Z,B66A,Bremen,2e0eb052-bb28-45b1-894f-8dc0851c56cc,SAMMS-Bremen
202608200219256465,202608200029238550,202608200029237018,85,467,Bronze INV,br_AdmissionAssessmentDimensionFiveSubstanceUse,TASK_COMPLETE,FAILED,ERROR,12,12,1,SaveAdmissionAssessmentDimensionFiveSubstanceUse Bronze ForEach failed,2026-08-20T00:29:28.539Z,2026-08-20T02:40:07.937Z,7839,2026-08-20T02:40:07.937Z,B72,Mobile (OBOT),2e0eb052-bb28-45b1-894f-8dc0851c56cc,SAMMS-Mobile-OBOT
202608200219256466,202608200029238551,202608200029237018,85,468,Bronze INV,br_AdmissionAssessmentDimensionFiveSubstanceUse,TASK_COMPLETE,FAILED,ERROR,2,2,1,SaveAdmissionAssessmentDimensionFiveSubstanceUse Bronze ForEach failed,2026-08-20T00:29:28.539Z,2026-08-20T02:40:07.937Z,7839,2026-08-20T02:40:07.937Z,B73,Montgomery,2e0eb052-bb28-45b1-894f-8dc0851c56cc,SAMMS-Montgomery
202608200219256467,202608200029238552,202608200029237018,85,469,Bronze INV,br_AdmissionAssessmentDimensionFiveSubstanceUse,TASK_COMPLETE,FAILED,ERROR,314,314,1,SaveAdmissionAssessmentDimensionFiveSubstanceUse Bronze ForEach failed,2026-08-20T00:29:28.539Z,2026-08-20T02:40:07.937Z,7839,2026-08-20T02:40:07.937Z,B75,Lawrence,2e0eb052-bb28-45b1-894f-8dc0851c56cc,SAMMS-LawrenceV6
202608200219256468,202608200029238553,202608200029237018,85,470,Bronze INV,br_AdmissionAssessmentDimensionFiveSubstanceUse,TASK_COMPLETE,FAILED,ERROR,48,48,1,SaveAdmissionAssessmentDimensionFiveSubstanceUse Bronze ForEach failed,2026-08-20T00:29:28.539Z,2026-08-20T02:40:07.937Z,7839,2026-08-20T02:40:07.937Z,B76,Huntsville OBOT,2e0eb052-bb28-45b1-894f-8dc0851c56cc,SAMMS-Huntsville-OBOT
202608200219256469,202608200029238554,202608200029237018,85,471,Bronze INV,br_AdmissionAssessmentDimensionFiveSubstanceUse,TASK_COMPLETE,FAILED,ERROR,294,294,1,SaveAdmissionAssessmentDimensionFiveSubstanceUse Bronze ForEach failed,2026-08-20T00:29:28.539Z,2026-08-20T02:40:07.937Z,7839,2026-08-20T02:40:07.937Z,BAT,Batesville,2e0eb052-bb28-45b1-894f-8dc0851c56cc,SAMMS-Batesville
202608200219256470,202608200029238555,202608200029237018,85,472,Bronze INV,br_AdmissionAssessmentDimensionFiveSubstanceUse,TASK_COMPLETE,FAILED,ERROR,238,238,1,SaveAdmissionAssessmentDimensionFiveSubstanceUse Bronze ForEach failed,2026-08-20T00:29:28.539Z,2026-08-20T02:40:07.937Z,7839,2026-08-20T02:40:07.937Z,BG,Bowling Green,2e0eb052-bb28-45b1-894f-8dc0851c56cc,SAMMS-BowlingGreen
202608200219256471,202608200029238556,202608200029237018,85,473,Bronze INV,br_AdmissionAssessmentDimensionFiveSubstanceUse,TASK_COMPLETE,FAILED,ERROR,214,214,1,SaveAdmissionAssessmentDimensionFiveSubstanceUse Bronze ForEach failed,2026-08-20T00:29:28.539Z,2026-08-20T02:40:07.937Z,7839,2026-08-20T02:40:07.937Z,BOI,Boise,2e0eb052-bb28-45b1-894f-8dc0851c56cc,SAMMS-Boise
202608200219256472,202608200029238557,202608200029237018,85,480,Bronze INV,br_AdmissionAssessmentDimensionFiveSubstanceUse,TASK_COMPLETE,FAILED,ERROR,282,282,1,SaveAdmissionAssessmentDimensionFiveSubstanceUse Bronze ForEach failed,2026-08-20T00:29:28.539Z,2026-08-20T02:40:07.937Z,7839,2026-08-20T02:40:07.937Z,CBCO,Coeur dAlene,2e0eb052-bb28-45b1-894f-8dc0851c56cc,SAMMS-CoeurdAleneV6
202608200219256473,202608200029238558,202608200029237018,85,499,Bronze INV,br_AdmissionAssessmentDimensionFiveSubstanceUse,TASK_COMPLETE,FAILED,ERROR,296,296,1,SaveAdmissionAssessmentDimensionFiveSubstanceUse Bronze ForEach failed,2026-08-20T00:29:28.539Z,2026-08-20T02:40:07.937Z,7839,2026-08-20T02:40:07.937Z,CON,Conway,2e0eb052-bb28-45b1-894f-8dc0851c56cc,SAMMS-Conway
202608200219256475,202608200029238559,202608200029237018,85,500,Bronze INV,br_AdmissionAssessmentDimensionFiveSubstanceUse,TASK_COMPLETE,FAILED,ERROR,1540,1540,1,SaveAdmissionAssessmentDimensionFiveSubstanceUse Bronze ForEach failed,2026-08-20T00:29:28.539Z,2026-08-20T02:40:07.937Z,7839,2026-08-20T02:40:07.937Z,D07,Medical Services Knox TN,2e0eb052-bb28-45b1-894f-8dc0851c56cc,SAMMS-KnoxvilleV6
202608200219256476,202608200029238560,202608200029237018,85,501,Bronze INV,br_AdmissionAssessmentDimensionFiveSubstanceUse,TASK_COMPLETE,FAILED,ERROR,950,950,1,SaveAdmissionAssessmentDimensionFiveSubstanceUse Bronze ForEach failed,2026-08-20T00:29:28.539Z,2026-08-20T02:40:07.937Z,7839,2026-08-20T02:40:07.937Z,D08,Madison,2e0eb052-bb28-45b1-894f-8dc0851c56cc,SAMMS-MadisonV6
202608200219256477,202608200029238561,202608200029237018,85,503,Bronze INV,br_AdmissionAssessmentDimensionFiveSubstanceUse,TASK_COMPLETE,FAILED,ERROR,931,931,1,SaveAdmissionAssessmentDimensionFiveSubstanceUse Bronze ForEach failed,2026-08-20T00:29:28.539Z,2026-08-20T02:40:07.937Z,7839,2026-08-20T02:40:07.937Z,D09,Murfreesboro,2e0eb052-bb28-45b1-894f-8dc0851c56cc,SAMMS-MurfreesboroV6
202608200219256478,202608200029238562,202608200029237018,85,504,Bronze INV,br_AdmissionAssessmentDimensionFiveSubstanceUse,TASK_COMPLETE,FAILED,ERROR,217,217,1,SaveAdmissionAssessmentDimensionFiveSubstanceUse Bronze ForEach failed,2026-08-20T00:29:28.539Z,2026-08-20T02:40:07.937Z,7839,2026-08-20T02:40:07.937Z,DA,Davenport,2e0eb052-bb28-45b1-894f-8dc0851c56cc,SAMMS-Davenport
202608200219256479,202608200029238563,202608200029237018,85,505,Bronze INV,br_AdmissionAssessmentDimensionFiveSubstanceUse,TASK_COMPLETE,FAILED,ERROR,348,348,1,SaveAdmissionAssessmentDimensionFiveSubstanceUse Bronze ForEach failed,2026-08-20T00:29:28.539Z,2026-08-20T02:40:07.937Z,7839,2026-08-20T02:40:07.937Z,DM,Des Moines,2e0eb052-bb28-45b1-894f-8dc0851c56cc,SAMMS-DesMoines
202608200219256481,202608200029238564,202608200029237018,85,507,Bronze INV,br_AdmissionAssessmentDimensionFiveSubstanceUse,TASK_COMPLETE,FAILED,ERROR,468,468,1,SaveAdmissionAssessmentDimensionFiveSubstanceUse Bronze ForEach failed,2026-08-20T00:29:28.539Z,2026-08-20T02:40:07.937Z,7839,2026-08-20T02:40:07.937Z,DRD-CO,Columbia MO,2e0eb052-bb28-45b1-894f-8dc0851c56cc,SAMMS-ColumbiaV5
202608200219256482,202608200029238565,202608200029237018,85,508,Bronze INV,br_AdmissionAssessmentDimensionFiveSubstanceUse,TASK_COMPLETE,FAILED,ERROR,589,589,1,SaveAdmissionAssessmentDimensionFiveSubstanceUse Bronze ForEach failed,2026-08-20T00:29:28.539Z,2026-08-20T02:40:07.937Z,7839,2026-08-20T02:40:07.937Z,DRD-KC,KC,2e0eb052-bb28-45b1-894f-8dc0851c56cc,SAMMS-KCv5
202608200219256483,202608200029238566,202608200029237018,85,509,Bronze INV,br_AdmissionAssessmentDimensionFiveSubstanceUse,TASK_COMPLETE,FAILED,ERROR,943,943,1,SaveAdmissionAssessmentDimensionFiveSubstanceUse Bronze ForEach failed,2026-08-20T00:29:28.539Z,2026-08-20T02:40:07.937Z,7839,2026-08-20T02:40:07.937Z,DRD-KVB,KVB,2e0eb052-bb28-45b1-894f-8dc0851c56cc,SAMMS-KVBv5
202608200219256484,202608200029238567,202608200029237018,85,510,Bronze INV,br_AdmissionAssessmentDimensionFiveSubstanceUse,TASK_COMPLETE,FAILED,ERROR,1562,1562,1,SaveAdmissionAssessmentDimensionFiveSubstanceUse Bronze ForEach failed,2026-08-20T00:29:28.539Z,2026-08-20T02:40:07.937Z,7839,2026-08-20T02:40:07.937Z,DRD-KVC,KVC,2e0eb052-bb28-45b1-894f-8dc0851c56cc,SAMMS-KVCv5
202608200219256485,202608200029238568,202608200029237018,85,511,Bronze INV,br_AdmissionAssessmentDimensionFiveSubstanceUse,TASK_COMPLETE,FAILED,ERROR,1252,1252,1,SaveAdmissionAssessmentDimensionFiveSubstanceUse Bronze ForEach failed,2026-08-20T00:29:28.539Z,2026-08-20T02:40:07.937Z,7839,2026-08-20T02:40:07.937Z,DRD-NOLA,NOLA,2e0eb052-bb28-45b1-894f-8dc0851c56cc,SAMMS-NOLAv5
202608200219256486,202608200029238569,202608200029237018,85,512,Bronze INV,br_AdmissionAssessmentDimensionFiveSubstanceUse,TASK_COMPLETE,FAILED,ERROR,732,732,1,SaveAdmissionAssessmentDimensionFiveSubstanceUse Bronze ForEach failed,2026-08-20T00:29:28.539Z,2026-08-20T02:40:07.937Z,7839,2026-08-20T02:40:07.937Z,DRD-SF,Springfield,2e0eb052-bb28-45b1-894f-8dc0851c56cc,SAMMS-SFv5
202608200219256487,202608200029238570,202608200029237018,85,514,Bronze INV,br_AdmissionAssessmentDimensionFiveSubstanceUse,TASK_COMPLETE,FAILED,ERROR,247,247,1,SaveAdmissionAssessmentDimensionFiveSubstanceUse Bronze ForEach failed,2026-08-20T00:29:28.539Z,2026-08-20T02:40:07.937Z,7839,2026-08-20T02:40:07.937Z,ELC,Elizabeth City,2e0eb052-bb28-45b1-894f-8dc0851c56cc,SAMMS-ElizabethCity
202608200219256488,202608200029238571,202608200029237018,85,515,Bronze INV,br_AdmissionAssessmentDimensionFiveSubstanceUse,TASK_COMPLETE,FAILED,ERROR,260,260,1,SaveAdmissionAssessmentDimensionFiveSubstanceUse Bronze ForEach failed,2026-08-20T00:29:28.539Z,2026-08-20T02:40:07.937Z,7839,2026-08-20T02:40:07.937Z,ET,Elizabethtown,2e0eb052-bb28-45b1-894f-8dc0851c56cc,SAMMS-Elizabethtown
202608200219256489,202608200029238572,202608200029237018,85,516,Bronze INV,br_AdmissionAssessmentDimensionFiveSubstanceUse,TASK_COMPLETE,FAILED,ERROR,220,220,1,SaveAdmissionAssessmentDimensionFiveSubstanceUse Bronze ForEach failed,2026-08-20T00:29:28.539Z,2026-08-20T02:40:07.937Z,7839,2026-08-20T02:40:07.937Z,FAY,Fayetteville,2e0eb052-bb28-45b1-894f-8dc0851c56cc,SAMMS-Fayetteville
202608200219256491,202608200029238573,202608200029237018,85,517,Bronze INV,br_AdmissionAssessmentDimensionFiveSubstanceUse,TASK_COMPLETE,FAILED,ERROR,180,180,1,SaveAdmissionAssessmentDimensionFiveSubstanceUse Bronze ForEach failed,2026-08-20T00:29:28.539Z,2026-08-20T02:40:07.937Z,7839,2026-08-20T02:40:07.937Z,FR,Frankfort,2e0eb052-bb28-45b1-894f-8dc0851c56cc,SAMMS-Frankfort
202608200219256492,202608200029238574,202608200029237018,85,518,Bronze INV,br_AdmissionAssessmentDimensionFiveSubstanceUse,TASK_COMPLETE,FAILED,ERROR,277,277,1,SaveAdmissionAssessmentDimensionFiveSubstanceUse Bronze ForEach failed,2026-08-20T00:29:28.539Z,2026-08-20T02:40:07.937Z,7839,2026-08-20T02:40:07.937Z,FS,Fort Smith,2e0eb052-bb28-45b1-894f-8dc0851c56cc,SAMMS-FortSmith
202608200219256493,202608200029238575,202608200029237018,85,519,Bronze INV,br_AdmissionAssessmentDimensionFiveSubstanceUse,TASK_COMPLETE,FAILED,ERROR,676,676,1,SaveAdmissionAssessmentDimensionFiveSubstanceUse Bronze ForEach failed,2026-08-20T00:29:28.539Z,2026-08-20T02:40:07.937Z,7839,2026-08-20T02:40:07.937Z,FW,Fort Wayne,2e0eb052-bb28-45b1-894f-8dc0851c56cc,SAMMS-FortWayne
202608200219256494,202608200029238576,202608200029237018,85,520,Bronze INV,br_AdmissionAssessmentDimensionFiveSubstanceUse,TASK_COMPLETE,FAILED,ERROR,102,102,1,SaveAdmissionAssessmentDimensionFiveSubstanceUse Bronze ForEach failed,2026-08-20T00:29:28.539Z,2026-08-20T02:40:07.937Z,7839,2026-08-20T02:40:07.937Z,GAL,Gaylord,2e0eb052-bb28-45b1-894f-8dc0851c56cc,SAMMS-Gaylord
202608200219256495,202608200029238577,202608200029237018,85,524,Bronze INV,br_AdmissionAssessmentDimensionFiveSubstanceUse,TASK_COMPLETE,FAILED,ERROR,611,611,1,SaveAdmissionAssessmentDimensionFiveSubstanceUse Bronze ForEach failed,2026-08-20T00:29:28.539Z,2026-08-20T02:40:07.937Z,7839,2026-08-20T02:40:07.937Z,HGT,Hagerstown,2e0eb052-bb28-45b1-894f-8dc0851c56cc,SAMMS-Hagerstown
202608200219256496,202608200029238578,202608200029237018,85,525,Bronze INV,br_AdmissionAssessmentDimensionFiveSubstanceUse,TASK_COMPLETE,FAILED,ERROR,461,461,1,SaveAdmissionAssessmentDimensionFiveSubstanceUse Bronze ForEach failed,2026-08-20T00:29:28.539Z,2026-08-20T02:40:07.937Z,7839,2026-08-20T02:40:07.937Z,HNT,Huntsville,2e0eb052-bb28-45b1-894f-8dc0851c56cc,SAMMS-Huntsville
202608200219256497,202608200029238579,202608200029237018,85,526,Bronze INV,br_AdmissionAssessmentDimensionFiveSubstanceUse,TASK_COMPLETE,FAILED,ERROR,299,299,1,SaveAdmissionAssessmentDimensionFiveSubstanceUse Bronze ForEach failed,2026-08-20T00:29:28.539Z,2026-08-20T02:40:07.937Z,7839,2026-08-20T02:40:07.937Z,HS,Hot Springs,2e0eb052-bb28-45b1-894f-8dc0851c56cc,SAMMS-HotSprings
202608200219256498,202608200029238580,202608200029237018,85,527,Bronze INV,br_AdmissionAssessmentDimensionFiveSubstanceUse,TASK_COMPLETE,FAILED,ERROR,266,266,1,SaveAdmissionAssessmentDimensionFiveSubstanceUse Bronze ForEach failed,2026-08-20T00:29:28.539Z,2026-08-20T02:40:07.937Z,7839,2026-08-20T02:40:07.937Z,JON,Jonesboro,2e0eb052-bb28-45b1-894f-8dc0851c56cc,SAMMS-Jonesboro
202608200219256499,202608200029238581,202608200029237018,85,529,Bronze INV,br_AdmissionAssessmentDimensionFiveSubstanceUse,TASK_COMPLETE,FAILED,ERROR,149,149,1,SaveAdmissionAssessmentDimensionFiveSubstanceUse Bronze ForEach failed,2026-08-20T00:29:28.539Z,2026-08-20T02:40:07.937Z,7839,2026-08-20T02:40:07.937Z,LAN,Lansing,2e0eb052-bb28-45b1-894f-8dc0851c56cc,SAMMS-Lansing
202608200219256501,202608200029238582,202608200029237018,85,530,Bronze INV,br_AdmissionAssessmentDimensionFiveSubstanceUse,TASK_COMPLETE,FAILED,ERROR,429,429,1,SaveAdmissionAssessmentDimensionFiveSubstanceUse Bronze ForEach failed,2026-08-20T00:29:28.539Z,2026-08-20T02:40:07.937Z,7839,2026-08-20T02:40:07.937Z,LO,Louisville,2e0eb052-bb28-45b1-894f-8dc0851c56cc,SAMMS-Louisville
202608200219257140,202608200029238383,202608200029237018,85,1311,Bronze INV,br_AdmissionAssessmentDimensionThree,TASK_COMPLETE,FAILED,ERROR,413,413,1,SaveAdmissionAssessmentDimensionThree Bronze ForEach failed,2026-08-20T00:29:28.539Z,2026-08-20T02:40:07.937Z,7839,2026-08-20T02:40:07.937Z,V19,Jackson,2e0eb052-bb28-45b1-894f-8dc0851c56cc,SAMMS-JacksonV5
202608200219257141,202608200029238384,202608200029237018,85,1313,Bronze INV,br_AdmissionAssessmentDimensionThree,TASK_COMPLETE,FAILED,ERROR,484,484,1,SaveAdmissionAssessmentDimensionThree Bronze ForEach failed,2026-08-20T00:29:28.539Z,2026-08-20T02:40:07.937Z,7839,2026-08-20T02:40:07.937Z,V20,Paris,2e0eb052-bb28-45b1-894f-8dc0851c56cc,SAMMS-ParisV5
202608200219257142,202608200029238385,202608200029237018,85,1314,Bronze INV,br_AdmissionAssessmentDimensionThree,TASK_COMPLETE,FAILED,ERROR,352,352,1,SaveAdmissionAssessmentDimensionThree Bronze ForEach failed,2026-08-20T00:29:28.539Z,2026-08-20T02:40:07.937Z,7839,2026-08-20T02:40:07.937Z,V21,Memphis North,2e0eb052-bb28-45b1-894f-8dc0851c56cc,SAMMS-RaleighV5
202608200219257143,202608200029238386,202608200029237018,85,1317,Bronze INV,br_AdmissionAssessmentDimensionThree,TASK_COMPLETE,FAILED,ERROR,704,704,1,SaveAdmissionAssessmentDimensionThree Bronze ForEach failed,2026-08-20T00:29:28.539Z,2026-08-20T02:40:07.937Z,7839,2026-08-20T02:40:07.937Z,V5,West Bank,2e0eb052-bb28-45b1-894f-8dc0851c56cc,SAMMS-NONTCv5
202608200219257145,202608200029238387,202608200029237018,85,1319,Bronze INV,br_AdmissionAssessmentDimensionThree,TASK_COMPLETE,FAILED,ERROR,252,252,1,SaveAdmissionAssessmentDimensionThree Bronze ForEach failed,2026-08-20T00:29:28.539Z,2026-08-20T02:40:07.937Z,7839,2026-08-20T02:40:07.937Z,V5B,Houma,2e0eb052-bb28-45b1-894f-8dc0851c56cc,SAMMS-HoumaV6
202608200219257146,202608200029238388,202608200029237018,85,1320,Bronze INV,br_AdmissionAssessmentDimensionThree,TASK_COMPLETE,FAILED,ERROR,957,957,1,SaveAdmissionAssessmentDimensionThree Bronze ForEach failed,2026-08-20T00:29:28.539Z,2026-08-20T02:40:07.937Z,7839,2026-08-20T02:40:07.937Z,V6,Lake Charles,2e0eb052-bb28-45b1-894f-8dc0851c56cc,SAMMS-LCv5
202608200219257147,202608200029238389,202608200029237018,85,1322,Bronze INV,br_AdmissionAssessmentDimensionThree,TASK_COMPLETE,FAILED,ERROR,562,562,1,SaveAdmissionAssessmentDimensionThree Bronze ForEach failed,2026-08-20T00:29:28.539Z,2026-08-20T02:40:07.937Z,7839,2026-08-20T02:40:07.937Z,V8,Memphis Midtown,2e0eb052-bb28-45b1-894f-8dc0851c56cc,SAMMS-VCPHCS-VIII-MemphisV5
202608200219257148,202608200029238390,202608200029237018,85,1323,Bronze INV,br_AdmissionAssessmentDimensionThree,TASK_COMPLETE,FAILED,ERROR,1569,1569,1,SaveAdmissionAssessmentDimensionThree Bronze ForEach failed,2026-08-20T00:29:28.539Z,2026-08-20T02:40:07.937Z,7839,2026-08-20T02:40:07.937Z,V9,Nashville,2e0eb052-bb28-45b1-894f-8dc0851c56cc,SAMMS-NashvilleV5
202608200219257149,202608200029238391,202608200029237018,85,1324,Bronze INV,br_AdmissionAssessmentDimensionThree,TASK_COMPLETE,FAILED,ERROR,332,332,1,SaveAdmissionAssessmentDimensionThree Bronze ForEach failed,2026-08-20T00:29:28.539Z,2026-08-20T02:40:07.937Z,7839,2026-08-20T02:40:07.937Z,VBRA,Brainerd,2e0eb052-bb28-45b1-894f-8dc0851c56cc,SAMMS-BrainerdV6
202608200219257150,202608200029238392,202608200029237018,85,1325,Bronze INV,br_AdmissionAssessmentDimensionThree,TASK_COMPLETE,FAILED,ERROR,593,593,1,SaveAdmissionAssessmentDimensionThree Bronze ForEach failed,2026-08-20T00:29:28.539Z,2026-08-20T02:40:07.937Z,7839,2026-08-20T02:40:07.937Z,VBRP,Brooklyn Park,2e0eb052-bb28-45b1-894f-8dc0851c56cc,SAMMS-BrooklynParkV6
202608200219257151,202608200029238393,202608200029237018,85,1327,Bronze INV,br_AdmissionAssessmentDimensionThree,TASK_COMPLETE,FAILED,ERROR,577,577,1,SaveAdmissionAssessmentDimensionThree Bronze ForEach failed,2026-08-20T00:29:28.539Z,2026-08-20T02:40:07.937Z,7839,2026-08-20T02:40:07.937Z,VMIN,Minneapolis,2e0eb052-bb28-45b1-894f-8dc0851c56cc,SAMMS-MinneapolisV6
202608200219257153,202608200029238394,202608200029237018,85,1328,Bronze INV,br_AdmissionAssessmentDimensionThree,TASK_COMPLETE,FAILED,ERROR,1067,1067,1,SaveAdmissionAssessmentDimensionThree Bronze ForEach failed,2026-08-20T00:29:28.539Z,2026-08-20T02:40:07.937Z,7839,2026-08-20T02:40:07.937Z,VWBY,Woodbury,2e0eb052-bb28-45b1-894f-8dc0851c56cc,SAMMS-WoodburyV6
202608200219257154,202608200029238395,202608200029237018,85,1330,Bronze INV,br_AdmissionAssessmentDimensionThree,TASK_COMPLETE,FAILED,ERROR,424,424,1,SaveAdmissionAssessmentDimensionThree Bronze ForEach failed,2026-08-20T00:29:28.539Z,2026-08-20T02:40:07.937Z,7839,2026-08-20T02:40:07.937Z,WIL,Wilson,2e0eb052-bb28-45b1-894f-8dc0851c56cc,SAMMS-Wilson
202608200219257255,202608200029337022,202608200029337018,86,5723,Silver INV,sl_AdmissionAssessmentDimensionThree,TASK_COMPLETE,SKIPPED,WARN,0,0,0,Skipped: SaveAdmissionAssessmentDimensionThree failed at BR,2026-08-20T00:29:28.539Z,2026-08-20T02:40:07.937Z,7839,2026-08-20T02:40:07.937Z,,,2e0eb052-bb28-45b1-894f-8dc0851c56cc,
202608200219257174,202608200029238166,202608200029237018,85,1334,Bronze INV,br_AdmissionAssessmentDimensionTwo,TASK_COMPLETE,FAILED,ERROR,100,100,1,SaveAdmissionAssessmentDimensionTwo Bronze ForEach failed,2026-08-20T00:29:28.539Z,2026-08-20T02:40:07.937Z,7839,2026-08-20T02:40:07.937Z,AHK,Ahoskie,2e0eb052-bb28-45b1-894f-8dc0851c56cc,SAMMS-Ahoskie
202608200219257175,202608200029238167,202608200029237018,85,1335,Bronze INV,br_AdmissionAssessmentDimensionTwo,TASK_COMPLETE,FAILED,ERROR,783,783,1,SaveAdmissionAssessmentDimensionTwo Bronze ForEach failed,2026-08-20T00:29:28.539Z,2026-08-20T02:40:07.937Z,7839,2026-08-20T02:40:07.937Z,B12B,Colorado Springs,2e0eb052-bb28-45b1-894f-8dc0851c56cc,SAMMS-ColoradoSpringsV5
202608200219257176,202608200029238168,202608200029237018,85,1336,Bronze INV,br_AdmissionAssessmentDimensionTwo,TASK_COMPLETE,FAILED,ERROR,415,415,1,SaveAdmissionAssessmentDimensionTwo Bronze ForEach failed,2026-08-20T00:29:28.539Z,2026-08-20T02:40:07.937Z,7839,2026-08-20T02:40:07.937Z,B24,Paintsville,2e0eb052-bb28-45b1-894f-8dc0851c56cc,SAMMS-PaintsvilleV5
202608200219257177,202608200029238169,202608200029237018,85,1337,Bronze INV,br_AdmissionAssessmentDimensionTwo,TASK_COMPLETE,FAILED,ERROR,172,172,1,SaveAdmissionAssessmentDimensionTwo Bronze ForEach failed,2026-08-20T00:29:28.539Z,2026-08-20T02:40:07.937Z,7839,2026-08-20T02:40:07.937Z,B25,Pikeville,2e0eb052-bb28-45b1-894f-8dc0851c56cc,SAMMS-PikevilleV5
202608200219257178,202608200029238170,202608200029237018,85,1338,Bronze INV,br_AdmissionAssessmentDimensionTwo,TASK_COMPLETE,FAILED,ERROR,496,496,1,SaveAdmissionAssessmentDimensionTwo Bronze ForEach failed,2026-08-20T00:29:28.539Z,2026-08-20T02:40:07.937Z,7839,2026-08-20T02:40:07.937Z,B26,Hazard,2e0eb052-bb28-45b1-894f-8dc0851c56cc,SAMMS-HazardV5
202608200219257180,202608200029238171,202608200029237018,85,1339,Bronze INV,br_AdmissionAssessmentDimensionTwo,TASK_COMPLETE,FAILED,ERROR,187,187,1,SaveAdmissionAssessmentDimensionTwo Bronze ForEach failed,2026-08-20T00:29:28.539Z,2026-08-20T02:40:07.937Z,7839,2026-08-20T02:40:07.937Z,B27,Savannah,2e0eb052-bb28-45b1-894f-8dc0851c56cc,SAMMS-SavannahV6
202608200219257181,202608200029238172,202608200029237018,85,1340,Bronze INV,br_AdmissionAssessmentDimensionTwo,TASK_COMPLETE,FAILED,ERROR,231,231,1,SaveAdmissionAssessmentDimensionTwo Bronze ForEach failed,2026-08-20T00:29:28.539Z,2026-08-20T02:40:07.937Z,7839,2026-08-20T02:40:07.937Z,B28,West Plains,2e0eb052-bb28-45b1-894f-8dc0851c56cc,SAMMS-WestPlainesV5
202608200219257182,202608200029238173,202608200029237018,85,1341,Bronze INV,br_AdmissionAssessmentDimensionTwo,TASK_COMPLETE,FAILED,ERROR,257,257,1,SaveAdmissionAssessmentDimensionTwo Bronze ForEach failed,2026-08-20T00:29:28.539Z,2026-08-20T02:40:07.937Z,7839,2026-08-20T02:40:07.937Z,B29,Poplar Bluff,2e0eb052-bb28-45b1-894f-8dc0851c56cc,SAMMS-PoplarBluffV5
202608200219257183,202608200029238174,202608200029237018,85,1342,Bronze INV,br_AdmissionAssessmentDimensionTwo,TASK_COMPLETE,FAILED,ERROR,143,143,1,SaveAdmissionAssessmentDimensionTwo Bronze ForEach failed,2026-08-20T00:29:28.539Z,2026-08-20T02:40:07.937Z,7839,2026-08-20T02:40:07.937Z,B30,KC North,2e0eb052-bb28-45b1-894f-8dc0851c56cc,SAMMS-KCNv5
202608200219257184,202608200029238175,202608200029237018,85,1343,Bronze INV,br_AdmissionAssessmentDimensionTwo,TASK_COMPLETE,FAILED,ERROR,345,345,1,SaveAdmissionAssessmentDimensionTwo Bronze ForEach failed,2026-08-20T00:29:28.539Z,2026-08-20T02:40:07.937Z,7839,2026-08-20T02:40:07.937Z,B31,Dyersburg,2e0eb052-bb28-45b1-894f-8dc0851c56cc,SAMMS-DyersburgV5
202608200219257185,202608200029238176,202608200029237018,85,1345,Bronze INV,br_AdmissionAssessmentDimensionTwo,TASK_COMPLETE,FAILED,ERROR,213,213,1,SaveAdmissionAssessmentDimensionTwo Bronze ForEach failed,2026-08-20T00:29:28.539Z,2026-08-20T02:40:07.937Z,7839,2026-08-20T02:40:07.937Z,B33,Paducah,2e0eb052-bb28-45b1-894f-8dc0851c56cc,SAMMS-Paducah
202608200219257186,202608200029238177,202608200029237018,85,1346,Bronze INV,br_AdmissionAssessmentDimensionTwo,TASK_COMPLETE,FAILED,ERROR,449,449,1,SaveAdmissionAssessmentDimensionTwo Bronze ForEach failed,2026-08-20T00:29:28.539Z,2026-08-20T02:40:07.937Z,7839,2026-08-20T02:40:07.937Z,B34,Corbin,2e0eb052-bb28-45b1-894f-8dc0851c56cc,SAMMS-CorbinV5
202608200219257187,202608200029238178,202608200029237018,85,1347,Bronze INV,br_AdmissionAssessmentDimensionTwo,TASK_COMPLETE,FAILED,ERROR,719,719,1,SaveAdmissionAssessmentDimensionTwo Bronze ForEach failed,2026-08-20T00:29:28.539Z,2026-08-20T02:40:07.937Z,7839,2026-08-20T02:40:07.937Z,B35,Lexington,2e0eb052-bb28-45b1-894f-8dc0851c56cc,SAMMS-LexingtonV5
202608200219257189,202608200029238179,202608200029237018,85,1348,Bronze INV,br_AdmissionAssessmentDimensionTwo,TASK_COMPLETE,FAILED,ERROR,345,345,1,SaveAdmissionAssessmentDimensionTwo Bronze ForEach failed,2026-08-20T00:29:28.539Z,2026-08-20T02:40:07.937Z,7839,2026-08-20T02:40:07.937Z,B35A,Berea,2e0eb052-bb28-45b1-894f-8dc0851c56cc,SAMMS-BereaV5
202608200219257190,202608200029238180,202608200029237018,85,1349,Bronze INV,br_AdmissionAssessmentDimensionTwo,TASK_COMPLETE,FAILED,ERROR,606,606,1,SaveAdmissionAssessmentDimensionTwo Bronze ForEach failed,2026-08-20T00:29:28.539Z,2026-08-20T02:40:07.937Z,7839,2026-08-20T02:40:07.937Z,B36,Asheville,2e0eb052-bb28-45b1-894f-8dc0851c56cc,SAMMS-AshevilleV5
202608200219257191,202608200029238181,202608200029237018,85,1350,Bronze INV,br_AdmissionAssessmentDimensionTwo,TASK_COMPLETE,FAILED,ERROR,448,448,1,SaveAdmissionAssessmentDimensionTwo Bronze ForEach failed,2026-08-20T00:29:28.539Z,2026-08-20T02:40:07.937Z,7839,2026-08-20T02:40:07.937Z,B37,Clyde,2e0eb052-bb28-45b1-894f-8dc0851c56cc,SAMMS-ClydeV5
202608200219257192,202608200029238182,202608200029237018,85,1351,Bronze INV,br_AdmissionAssessmentDimensionTwo,TASK_COMPLETE,FAILED,ERROR,630,630,1,SaveAdmissionAssessmentDimensionTwo Bronze ForEach failed,2026-08-20T00:29:28.539Z,2026-08-20T02:40:07.937Z,7839,2026-08-20T02:40:07.937Z,B38,Spartanburg,2e0eb052-bb28-45b1-894f-8dc0851c56cc,SAMMS-SpartanburgV5
202608200219257193,202608200029238183,202608200029237018,85,1352,Bronze INV,br_AdmissionAssessmentDimensionTwo,TASK_COMPLETE,FAILED,ERROR,479,479,1,SaveAdmissionAssessmentDimensionTwo Bronze ForEach failed,2026-08-20T00:29:28.539Z,2026-08-20T02:40:07.937Z,7839,2026-08-20T02:40:07.937Z,B39,Aiken,2e0eb052-bb28-45b1-894f-8dc0851c56cc,SAMMS-AikenV5
202608200219257194,202608200029238184,202608200029237018,85,1353,Bronze INV,br_AdmissionAssessmentDimensionTwo,TASK_COMPLETE,FAILED,ERROR,301,301,1,SaveAdmissionAssessmentDimensionTwo Bronze ForEach failed,2026-08-20T00:29:28.539Z,2026-08-20T02:40:07.937Z,7839,2026-08-20T02:40:07.937Z,B41,Chesapeake,2e0eb052-bb28-45b1-894f-8dc0851c56cc,SAMMS-ChesapeakeV5
202608200219257195,202608200029238185,202608200029237018,85,1354,Bronze INV,br_AdmissionAssessmentDimensionTwo,TASK_COMPLETE,FAILED,ERROR,540,540,1,SaveAdmissionAssessmentDimensionTwo Bronze ForEach failed,2026-08-20T00:29:28.539Z,2026-08-20T02:40:07.937Z,7839,2026-08-20T02:40:07.937Z,B42,Virginia Beach,2e0eb052-bb28-45b1-894f-8dc0851c56cc,SAMMS-VirginiaBeachV5
202608200219257197,202608200029238186,202608200029237018,85,1355,Bronze INV,br_AdmissionAssessmentDimensionTwo,TASK_COMPLETE,FAILED,ERROR,168,168,1,SaveAdmissionAssessmentDimensionTwo Bronze ForEach failed,2026-08-20T00:29:28.539Z,2026-08-20T02:40:07.937Z,7839,2026-08-20T02:40:07.937Z,B42A,Newport News,2e0eb052-bb28-45b1-894f-8dc0851c56cc,SAMMS-NewportNewsV5
202608200219257198,202608200029238187,202608200029237018,85,1356,Bronze INV,br_AdmissionAssessmentDimensionTwo,TASK_COMPLETE,FAILED,ERROR,57,57,1,SaveAdmissionAssessmentDimensionTwo Bronze ForEach failed,2026-08-20T00:29:28.539Z,2026-08-20T02:40:07.937Z,7839,2026-08-20T02:40:07.937Z,B42B,Franklin,2e0eb052-bb28-45b1-894f-8dc0851c56cc,SAMMS-FranklinV5
202608200219257199,202608200029238188,202608200029237018,85,1357,Bronze INV,br_AdmissionAssessmentDimensionTwo,TASK_COMPLETE,FAILED,ERROR,340,340,1,SaveAdmissionAssessmentDimensionTwo Bronze ForEach failed,2026-08-20T00:29:28.539Z,2026-08-20T02:40:07.937Z,7839,2026-08-20T02:40:07.937Z,B42C,Glen Allen,2e0eb052-bb28-45b1-894f-8dc0851c56cc,SAMMS-GlenAllenV5
202608200219257200,202608200029238189,202608200029237018,85,1358,Bronze INV,br_AdmissionAssessmentDimensionTwo,TASK_COMPLETE,FAILED,ERROR,176,176,1,SaveAdmissionAssessmentDimensionTwo Bronze ForEach failed,2026-08-20T00:29:28.539Z,2026-08-20T02:40:07.937Z,7839,2026-08-20T02:40:07.937Z,B42D,Chesapeake South,2e0eb052-bb28-45b1-894f-8dc0851c56cc,SAMMS-ChesapeakeSouthV5
202608200219256845,202608200029238157,202608200029237018,85,951,Bronze INV,br_AdmissionAssessmentDimensionOneDisorder,TASK_COMPLETE,FAILED,ERROR,0,0,1,SaveAdmissionAssessmentDimensionOneDisorder Bronze ForEach failed,2026-08-20T00:29:28.539Z,2026-08-20T02:40:07.937Z,7839,2026-08-20T02:40:07.937Z,V5B,Houma,2e0eb052-bb28-45b1-894f-8dc0851c56cc,SAMMS-HoumaV6
202608200219256846,202608200029238158,202608200029237018,85,952,Bronze INV,br_AdmissionAssessmentDimensionOneDisorder,TASK_COMPLETE,FAILED,ERROR,0,0,1,SaveAdmissionAssessmentDimensionOneDisorder Bronze ForEach failed,2026-08-20T00:29:28.539Z,2026-08-20T02:40:07.937Z,7839,2026-08-20T02:40:07.937Z,V6,Lake Charles,2e0eb052-bb28-45b1-894f-8dc0851c56cc,SAMMS-LCv5
202608200219256847,202608200029238159,202608200029237018,85,954,Bronze INV,br_AdmissionAssessmentDimensionOneDisorder,TASK_COMPLETE,FAILED,ERROR,0,0,1,SaveAdmissionAssessmentDimensionOneDisorder Bronze ForEach failed,2026-08-20T00:29:28.539Z,2026-08-20T02:40:07.937Z,7839,2026-08-20T02:40:07.937Z,V8,Memphis Midtown,2e0eb052-bb28-45b1-894f-8dc0851c56cc,SAMMS-VCPHCS-VIII-MemphisV5
202608200219256848,202608200029238160,202608200029237018,85,955,Bronze INV,br_AdmissionAssessmentDimensionOneDisorder,TASK_COMPLETE,FAILED,ERROR,0,0,1,SaveAdmissionAssessmentDimensionOneDisorder Bronze ForEach failed,2026-08-20T00:29:28.539Z,2026-08-20T02:40:07.937Z,7839,2026-08-20T02:40:07.937Z,V9,Nashville,2e0eb052-bb28-45b1-894f-8dc0851c56cc,SAMMS-NashvilleV5
202608200219256849,202608200029238161,202608200029237018,85,956,Bronze INV,br_AdmissionAssessmentDimensionOneDisorder,TASK_COMPLETE,FAILED,ERROR,0,0,1,SaveAdmissionAssessmentDimensionOneDisorder Bronze ForEach failed,2026-08-20T00:29:28.539Z,2026-08-20T02:40:07.937Z,7839,2026-08-20T02:40:07.937Z,VBRA,Brainerd,2e0eb052-bb28-45b1-894f-8dc0851c56cc,SAMMS-BrainerdV6
202608200219256850,202608200029238162,202608200029237018,85,957,Bronze INV,br_AdmissionAssessmentDimensionOneDisorder,TASK_COMPLETE,FAILED,ERROR,0,0,1,SaveAdmissionAssessmentDimensionOneDisorder Bronze ForEach failed,2026-08-20T00:29:28.539Z,2026-08-20T02:40:07.937Z,7839,2026-08-20T02:40:07.937Z,VBRP,Brooklyn Park,2e0eb052-bb28-45b1-894f-8dc0851c56cc,SAMMS-BrooklynParkV6
202608200219256851,202608200029238163,202608200029237018,85,959,Bronze INV,br_AdmissionAssessmentDimensionOneDisorder,TASK_COMPLETE,FAILED,ERROR,0,0,1,SaveAdmissionAssessmentDimensionOneDisorder Bronze ForEach failed,2026-08-20T00:29:28.539Z,2026-08-20T02:40:07.937Z,7839,2026-08-20T02:40:07.937Z,VMIN,Minneapolis,2e0eb052-bb28-45b1-894f-8dc0851c56cc,SAMMS-MinneapolisV6
202608200219256852,202608200029238164,202608200029237018,85,960,Bronze INV,br_AdmissionAssessmentDimensionOneDisorder,TASK_COMPLETE,FAILED,ERROR,0,0,1,SaveAdmissionAssessmentDimensionOneDisorder Bronze ForEach failed,2026-08-20T00:29:28.539Z,2026-08-20T02:40:07.937Z,7839,2026-08-20T02:40:07.937Z,VWBY,Woodbury,2e0eb052-bb28-45b1-894f-8dc0851c56cc,SAMMS-WoodburyV6
202608200219256853,202608200029238165,202608200029237018,85,962,Bronze INV,br_AdmissionAssessmentDimensionOneDisorder,TASK_COMPLETE,FAILED,ERROR,0,0,1,SaveAdmissionAssessmentDimensionOneDisorder Bronze ForEach failed,2026-08-20T00:29:28.539Z,2026-08-20T02:40:07.937Z,7839,2026-08-20T02:40:07.937Z,WIL,Wilson,2e0eb052-bb28-45b1-894f-8dc0851c56cc,SAMMS-Wilson
202608200219256955,202608200029337020,202608200029337018,86,5721,Silver INV,sl_AdmissionAssessmentDimensionOneDisorder,TASK_COMPLETE,SKIPPED,WARN,0,0,0,Skipped: SaveAdmissionAssessmentDimensionOneDisorder failed at BR,2026-08-20T00:29:28.539Z,2026-08-20T02:40:07.937Z,7839,2026-08-20T02:40:07.937Z,,,2e0eb052-bb28-45b1-894f-8dc0851c56cc,
202608200219256875,202608200029238626,202608200029237018,85,966,Bronze INV,br_AdmissionAssessmentDimensionSix,TASK_COMPLETE,FAILED,ERROR,98,98,1,SaveAdmissionAssessmentDimensionSix Bronze ForEach failed,2026-08-20T00:29:28.539Z,2026-08-20T02:40:07.937Z,7839,2026-08-20T02:40:07.937Z,AHK,Ahoskie,2e0eb052-bb28-45b1-894f-8dc0851c56cc,SAMMS-Ahoskie
202608200219256876,202608200029238627,202608200029237018,85,967,Bronze INV,br_AdmissionAssessmentDimensionSix,TASK_COMPLETE,FAILED,ERROR,786,786,1,SaveAdmissionAssessmentDimensionSix Bronze ForEach failed,2026-08-20T00:29:28.539Z,2026-08-20T02:40:07.937Z,7839,2026-08-20T02:40:07.937Z,B12B,Colorado Springs,2e0eb052-bb28-45b1-894f-8dc0851c56cc,SAMMS-ColoradoSpringsV5
202608200219256877,202608200029238628,202608200029237018,85,968,Bronze INV,br_AdmissionAssessmentDimensionSix,TASK_COMPLETE,FAILED,ERROR,415,415,1,SaveAdmissionAssessmentDimensionSix Bronze ForEach failed,2026-08-20T00:29:28.539Z,2026-08-20T02:40:07.937Z,7839,2026-08-20T02:40:07.937Z,B24,Paintsville,2e0eb052-bb28-45b1-894f-8dc0851c56cc,SAMMS-PaintsvilleV5
202608200219256878,202608200029238629,202608200029237018,85,969,Bronze INV,br_AdmissionAssessmentDimensionSix,TASK_COMPLETE,FAILED,ERROR,171,171,1,SaveAdmissionAssessmentDimensionSix Bronze ForEach failed,2026-08-20T00:29:28.539Z,2026-08-20T02:40:07.937Z,7839,2026-08-20T02:40:07.937Z,B25,Pikeville,2e0eb052-bb28-45b1-894f-8dc0851c56cc,SAMMS-PikevilleV5
202608200219256880,202608200029238630,202608200029237018,85,970,Bronze INV,br_AdmissionAssessmentDimensionSix,TASK_COMPLETE,FAILED,ERROR,493,493,1,SaveAdmissionAssessmentDimensionSix Bronze ForEach failed,2026-08-20T00:29:28.539Z,2026-08-20T02:40:07.937Z,7839,2026-08-20T02:40:07.937Z,B26,Hazard,2e0eb052-bb28-45b1-894f-8dc0851c56cc,SAMMS-HazardV5
202608200219256881,202608200029238631,202608200029237018,85,971,Bronze INV,br_AdmissionAssessmentDimensionSix,TASK_COMPLETE,FAILED,ERROR,189,189,1,SaveAdmissionAssessmentDimensionSix Bronze ForEach failed,2026-08-20T00:29:28.539Z,2026-08-20T02:40:07.937Z,7839,2026-08-20T02:40:07.937Z,B27,Savannah,2e0eb052-bb28-45b1-894f-8dc0851c56cc,SAMMS-SavannahV6
202608200219256882,202608200029238632,202608200029237018,85,972,Bronze INV,br_AdmissionAssessmentDimensionSix,TASK_COMPLETE,FAILED,ERROR,233,233,1,SaveAdmissionAssessmentDimensionSix Bronze ForEach failed,2026-08-20T00:29:28.539Z,2026-08-20T02:40:07.937Z,7839,2026-08-20T02:40:07.937Z,B28,West Plains,2e0eb052-bb28-45b1-894f-8dc0851c56cc,SAMMS-WestPlainesV5
202608200219256883,202608200029238633,202608200029237018,85,973,Bronze INV,br_AdmissionAssessmentDimensionSix,TASK_COMPLETE,FAILED,ERROR,256,256,1,SaveAdmissionAssessmentDimensionSix Bronze ForEach failed,2026-08-20T00:29:28.539Z,2026-08-20T02:40:07.937Z,7839,2026-08-20T02:40:07.937Z,B29,Poplar Bluff,2e0eb052-bb28-45b1-894f-8dc0851c56cc,SAMMS-PoplarBluffV5
202608200219256884,202608200029238634,202608200029237018,85,974,Bronze INV,br_AdmissionAssessmentDimensionSix,TASK_COMPLETE,FAILED,ERROR,135,135,1,SaveAdmissionAssessmentDimensionSix Bronze ForEach failed,2026-08-20T00:29:28.539Z,2026-08-20T02:40:07.937Z,7839,2026-08-20T02:40:07.937Z,B30,KC North,2e0eb052-bb28-45b1-894f-8dc0851c56cc,SAMMS-KCNv5
202608200219256885,202608200029238635,202608200029237018,85,975,Bronze INV,br_AdmissionAssessmentDimensionSix,TASK_COMPLETE,FAILED,ERROR,336,336,1,SaveAdmissionAssessmentDimensionSix Bronze ForEach failed,2026-08-20T00:29:28.539Z,2026-08-20T02:40:07.937Z,7839,2026-08-20T02:40:07.937Z,B31,Dyersburg,2e0eb052-bb28-45b1-894f-8dc0851c56cc,SAMMS-DyersburgV5
202608200219256886,202608200029238636,202608200029237018,85,977,Bronze INV,br_AdmissionAssessmentDimensionSix,TASK_COMPLETE,FAILED,ERROR,213,213,1,SaveAdmissionAssessmentDimensionSix Bronze ForEach failed,2026-08-20T00:29:28.539Z,2026-08-20T02:40:07.937Z,7839,2026-08-20T02:40:07.937Z,B33,Paducah,2e0eb052-bb28-45b1-894f-8dc0851c56cc,SAMMS-Paducah
202608200219256887,202608200029238637,202608200029237018,85,978,Bronze INV,br_AdmissionAssessmentDimensionSix,TASK_COMPLETE,FAILED,ERROR,443,443,1,SaveAdmissionAssessmentDimensionSix Bronze ForEach failed,2026-08-20T00:29:28.539Z,2026-08-20T02:40:07.937Z,7839,2026-08-20T02:40:07.937Z,B34,Corbin,2e0eb052-bb28-45b1-894f-8dc0851c56cc,SAMMS-CorbinV5
202608200219256889,202608200029238638,202608200029237018,85,979,Bronze INV,br_AdmissionAssessmentDimensionSix,TASK_COMPLETE,FAILED,ERROR,712,712,1,SaveAdmissionAssessmentDimensionSix Bronze ForEach failed,2026-08-20T00:29:28.539Z,2026-08-20T02:40:07.937Z,7839,2026-08-20T02:40:07.937Z,B35,Lexington,2e0eb052-bb28-45b1-894f-8dc0851c56cc,SAMMS-LexingtonV5
202608200219256890,202608200029238639,202608200029237018,85,980,Bronze INV,br_AdmissionAssessmentDimensionSix,TASK_COMPLETE,FAILED,ERROR,346,346,1,SaveAdmissionAssessmentDimensionSix Bronze ForEach failed,2026-08-20T00:29:28.539Z,2026-08-20T02:40:07.937Z,7839,2026-08-20T02:40:07.937Z,B35A,Berea,2e0eb052-bb28-45b1-894f-8dc0851c56cc,SAMMS-BereaV5
202608200219256891,202608200029238640,202608200029237018,85,981,Bronze INV,br_AdmissionAssessmentDimensionSix,TASK_COMPLETE,FAILED,ERROR,599,599,1,SaveAdmissionAssessmentDimensionSix Bronze ForEach failed,2026-08-20T00:29:28.539Z,2026-08-20T02:40:07.937Z,7839,2026-08-20T02:40:07.937Z,B36,Asheville,2e0eb052-bb28-45b1-894f-8dc0851c56cc,SAMMS-AshevilleV5
202608200219256892,202608200029238641,202608200029237018,85,982,Bronze INV,br_AdmissionAssessmentDimensionSix,TASK_COMPLETE,FAILED,ERROR,443,443,1,SaveAdmissionAssessmentDimensionSix Bronze ForEach failed,2026-08-20T00:29:28.539Z,2026-08-20T02:40:07.937Z,7839,2026-08-20T02:40:07.937Z,B37,Clyde,2e0eb052-bb28-45b1-894f-8dc0851c56cc,SAMMS-ClydeV5
202608200219256893,202608200029238642,202608200029237018,85,983,Bronze INV,br_AdmissionAssessmentDimensionSix,TASK_COMPLETE,FAILED,ERROR,627,627,1,SaveAdmissionAssessmentDimensionSix Bronze ForEach failed,2026-08-20T00:29:28.539Z,2026-08-20T02:40:07.937Z,7839,2026-08-20T02:40:07.937Z,B38,Spartanburg,2e0eb052-bb28-45b1-894f-8dc0851c56cc,SAMMS-SpartanburgV5
202608200219256894,202608200029238643,202608200029237018,85,984,Bronze INV,br_AdmissionAssessmentDimensionSix,TASK_COMPLETE,FAILED,ERROR,469,469,1,SaveAdmissionAssessmentDimensionSix Bronze ForEach failed,2026-08-20T00:29:28.539Z,2026-08-20T02:40:07.937Z,7839,2026-08-20T02:40:07.937Z,B39,Aiken,2e0eb052-bb28-45b1-894f-8dc0851c56cc,SAMMS-AikenV5
202608200219256895,202608200029238644,202608200029237018,85,985,Bronze INV,br_AdmissionAssessmentDimensionSix,TASK_COMPLETE,FAILED,ERROR,289,289,1,SaveAdmissionAssessmentDimensionSix Bronze ForEach failed,2026-08-20T00:29:28.539Z,2026-08-20T02:40:07.937Z,7839,2026-08-20T02:40:07.937Z,B41,Chesapeake,2e0eb052-bb28-45b1-894f-8dc0851c56cc,SAMMS-ChesapeakeV5
202608200219256896,202608200029238645,202608200029237018,85,986,Bronze INV,br_AdmissionAssessmentDimensionSix,TASK_COMPLETE,FAILED,ERROR,531,531,1,SaveAdmissionAssessmentDimensionSix Bronze ForEach failed,2026-08-20T00:29:28.539Z,2026-08-20T02:40:07.937Z,7839,2026-08-20T02:40:07.937Z,B42,Virginia Beach,2e0eb052-bb28-45b1-894f-8dc0851c56cc,SAMMS-VirginiaBeachV5
202608200219256898,202608200029238646,202608200029237018,85,987,Bronze INV,br_AdmissionAssessmentDimensionSix,TASK_COMPLETE,FAILED,ERROR,162,162,1,SaveAdmissionAssessmentDimensionSix Bronze ForEach failed,2026-08-20T00:29:28.539Z,2026-08-20T02:40:07.937Z,7839,2026-08-20T02:40:07.937Z,B42A,Newport News,2e0eb052-bb28-45b1-894f-8dc0851c56cc,SAMMS-NewportNewsV5
202608200219256899,202608200029238647,202608200029237018,85,988,Bronze INV,br_AdmissionAssessmentDimensionSix,TASK_COMPLETE,FAILED,ERROR,54,54,1,SaveAdmissionAssessmentDimensionSix Bronze ForEach failed,2026-08-20T00:29:28.539Z,2026-08-20T02:40:07.937Z,7839,2026-08-20T02:40:07.937Z,B42B,Franklin,2e0eb052-bb28-45b1-894f-8dc0851c56cc,SAMMS-FranklinV5
202608200219256900,202608200029238648,202608200029237018,85,989,Bronze INV,br_AdmissionAssessmentDimensionSix,TASK_COMPLETE,FAILED,ERROR,334,334,1,SaveAdmissionAssessmentDimensionSix Bronze ForEach failed,2026-08-20T00:29:28.539Z,2026-08-20T02:40:07.937Z,7839,2026-08-20T02:40:07.937Z,B42C,Glen Allen,2e0eb052-bb28-45b1-894f-8dc0851c56cc,SAMMS-GlenAllenV5
202608200219256901,202608200029238649,202608200029237018,85,990,Bronze INV,br_AdmissionAssessmentDimensionSix,TASK_COMPLETE,FAILED,ERROR,168,168,1,SaveAdmissionAssessmentDimensionSix Bronze ForEach failed,2026-08-20T00:29:28.539Z,2026-08-20T02:40:07.937Z,7839,2026-08-20T02:40:07.937Z,B42D,Chesapeake South,2e0eb052-bb28-45b1-894f-8dc0851c56cc,SAMMS-ChesapeakeSouthV5
202608200219256902,202608200029238650,202608200029237018,85,991,Bronze INV,br_AdmissionAssessmentDimensionSix,TASK_COMPLETE,FAILED,ERROR,204,204,1,SaveAdmissionAssessmentDimensionSix Bronze ForEach failed,2026-08-20T00:29:28.539Z,2026-08-20T02:40:07.937Z,7839,2026-08-20T02:40:07.937Z,B44,Albany,2e0eb052-bb28-45b1-894f-8dc0851c56cc,SAMMS-AlbanyV5
202608200219256903,202608200029238651,202608200029237018,85,992,Bronze INV,br_AdmissionAssessmentDimensionSix,TASK_COMPLETE,FAILED,ERROR,302,302,1,SaveAdmissionAssessmentDimensionSix Bronze ForEach failed,2026-08-20T00:29:28.539Z,2026-08-20T02:40:07.937Z,7839,2026-08-20T02:40:07.937Z,B45,Tifton,2e0eb052-bb28-45b1-894f-8dc0851c56cc,SAMMS-TiftonV5
202608200219256904,202608200029238652,202608200029237018,85,993,Bronze INV,br_AdmissionAssessmentDimensionSix,TASK_COMPLETE,FAILED,ERROR,654,654,1,SaveAdmissionAssessmentDimensionSix Bronze ForEach failed,2026-08-20T00:29:28.539Z,2026-08-20T02:40:07.937Z,7839,2026-08-20T02:40:07.937Z,B46,Washington DC,2e0eb052-bb28-45b1-894f-8dc0851c56cc,SAMMS-WashingtonDCv5
202608200219256906,202608200029238653,202608200029237018,85,994,Bronze INV,br_AdmissionAssessmentDimensionSix,TASK_COMPLETE,FAILED,ERROR,338,338,1,SaveAdmissionAssessmentDimensionSix Bronze ForEach failed,2026-08-20T00:29:28.539Z,2026-08-20T02:40:07.937Z,7839,2026-08-20T02:40:07.937Z,B47,Mobile,2e0eb052-bb28-45b1-894f-8dc0851c56cc,SAMMS-MobileV5
202608200219256992,202608200029238730,202608200029237018,85,1130,Bronze INV,br_AdmissionAssessmentDimensionSix,TASK_COMPLETE,FAILED,ERROR,351,351,1,SaveAdmissionAssessmentDimensionSix Bronze ForEach failed,2026-08-20T00:29:28.539Z,2026-08-20T02:40:07.937Z,7839,2026-08-20T02:40:07.937Z,V21,Memphis North,2e0eb052-bb28-45b1-894f-8dc0851c56cc,SAMMS-RaleighV5
202608200219256994,202608200029238731,202608200029237018,85,1133,Bronze INV,br_AdmissionAssessmentDimensionSix,TASK_COMPLETE,FAILED,ERROR,697,697,1,SaveAdmissionAssessmentDimensionSix Bronze ForEach failed,2026-08-20T00:29:28.539Z,2026-08-20T02:40:07.937Z,7839,2026-08-20T02:40:07.937Z,V5,West Bank,2e0eb052-bb28-45b1-894f-8dc0851c56cc,SAMMS-NONTCv5
202608200219256995,202608200029238732,202608200029237018,85,1135,Bronze INV,br_AdmissionAssessmentDimensionSix,TASK_COMPLETE,FAILED,ERROR,248,248,1,SaveAdmissionAssessmentDimensionSix Bronze ForEach failed,2026-08-20T00:29:28.539Z,2026-08-20T02:40:07.937Z,7839,2026-08-20T02:40:07.937Z,V5B,Houma,2e0eb052-bb28-45b1-894f-8dc0851c56cc,SAMMS-HoumaV6
202608200219256996,202608200029238733,202608200029237018,85,1136,Bronze INV,br_AdmissionAssessmentDimensionSix,TASK_COMPLETE,FAILED,ERROR,947,947,1,SaveAdmissionAssessmentDimensionSix Bronze ForEach failed,2026-08-20T00:29:28.539Z,2026-08-20T02:40:07.937Z,7839,2026-08-20T02:40:07.937Z,V6,Lake Charles,2e0eb052-bb28-45b1-894f-8dc0851c56cc,SAMMS-LCv5
202608200219256997,202608200029238734,202608200029237018,85,1138,Bronze INV,br_AdmissionAssessmentDimensionSix,TASK_COMPLETE,FAILED,ERROR,558,558,1,SaveAdmissionAssessmentDimensionSix Bronze ForEach failed,2026-08-20T00:29:28.539Z,2026-08-20T02:40:07.937Z,7839,2026-08-20T02:40:07.937Z,V8,Memphis Midtown,2e0eb052-bb28-45b1-894f-8dc0851c56cc,SAMMS-VCPHCS-VIII-MemphisV5
202608200219256998,202608200029238735,202608200029237018,85,1139,Bronze INV,br_AdmissionAssessmentDimensionSix,TASK_COMPLETE,FAILED,ERROR,1559,1559,1,SaveAdmissionAssessmentDimensionSix Bronze ForEach failed,2026-08-20T00:29:28.539Z,2026-08-20T02:40:07.937Z,7839,2026-08-20T02:40:07.937Z,V9,Nashville,2e0eb052-bb28-45b1-894f-8dc0851c56cc,SAMMS-NashvilleV5
202608200219256999,202608200029238736,202608200029237018,85,1140,Bronze INV,br_AdmissionAssessmentDimensionSix,TASK_COMPLETE,FAILED,ERROR,329,329,1,SaveAdmissionAssessmentDimensionSix Bronze ForEach failed,2026-08-20T00:29:28.539Z,2026-08-20T02:40:07.937Z,7839,2026-08-20T02:40:07.937Z,VBRA,Brainerd,2e0eb052-bb28-45b1-894f-8dc0851c56cc,SAMMS-BrainerdV6
202608200219257000,202608200029238737,202608200029237018,85,1141,Bronze INV,br_AdmissionAssessmentDimensionSix,TASK_COMPLETE,FAILED,ERROR,585,585,1,SaveAdmissionAssessmentDimensionSix Bronze ForEach failed,2026-08-20T00:29:28.539Z,2026-08-20T02:40:07.937Z,7839,2026-08-20T02:40:07.937Z,VBRP,Brooklyn Park,2e0eb052-bb28-45b1-894f-8dc0851c56cc,SAMMS-BrooklynParkV6
202608200219257001,202608200029238738,202608200029237018,85,1143,Bronze INV,br_AdmissionAssessmentDimensionSix,TASK_COMPLETE,FAILED,ERROR,567,567,1,SaveAdmissionAssessmentDimensionSix Bronze ForEach failed,2026-08-20T00:29:28.539Z,2026-08-20T02:40:07.937Z,7839,2026-08-20T02:40:07.937Z,VMIN,Minneapolis,2e0eb052-bb28-45b1-894f-8dc0851c56cc,SAMMS-MinneapolisV6
202608200219257003,202608200029238739,202608200029237018,85,1144,Bronze INV,br_AdmissionAssessmentDimensionSix,TASK_COMPLETE,FAILED,ERROR,1062,1062,1,SaveAdmissionAssessmentDimensionSix Bronze ForEach failed,2026-08-20T00:29:28.539Z,2026-08-20T02:40:07.937Z,7839,2026-08-20T02:40:07.937Z,VWBY,Woodbury,2e0eb052-bb28-45b1-894f-8dc0851c56cc,SAMMS-WoodburyV6
202608200219257005,202608200029238740,202608200029237018,85,1146,Bronze INV,br_AdmissionAssessmentDimensionSix,TASK_COMPLETE,FAILED,ERROR,421,421,1,SaveAdmissionAssessmentDimensionSix Bronze ForEach failed,2026-08-20T00:29:28.539Z,2026-08-20T02:40:07.937Z,7839,2026-08-20T02:40:07.937Z,WIL,Wilson,2e0eb052-bb28-45b1-894f-8dc0851c56cc,SAMMS-Wilson
202608200219257106,202608200029337025,202608200029337018,86,5726,Silver INV,sl_AdmissionAssessmentDimensionSix,TASK_COMPLETE,SKIPPED,WARN,0,0,0,Skipped: SaveAdmissionAssessmentDimensionSix failed at BR,2026-08-20T00:29:28.539Z,2026-08-20T02:40:07.937Z,7839,2026-08-20T02:40:07.937Z,,,2e0eb052-bb28-45b1-894f-8dc0851c56cc,
202608200219257025,202608200029238281,202608200029237018,85,1150,Bronze INV,br_AdmissionAssessmentDimensionThree,TASK_COMPLETE,FAILED,ERROR,97,97,1,SaveAdmissionAssessmentDimensionThree Bronze ForEach failed,2026-08-20T00:29:28.539Z,2026-08-20T02:40:07.937Z,7839,2026-08-20T02:40:07.937Z,AHK,Ahoskie,2e0eb052-bb28-45b1-894f-8dc0851c56cc,SAMMS-Ahoskie
202608200219257027,202608200029238282,202608200029237018,85,1151,Bronze INV,br_AdmissionAssessmentDimensionThree,TASK_COMPLETE,FAILED,ERROR,784,784,1,SaveAdmissionAssessmentDimensionThree Bronze ForEach failed,2026-08-20T00:29:28.539Z,2026-08-20T02:40:07.937Z,7839,2026-08-20T02:40:07.937Z,B12B,Colorado Springs,2e0eb052-bb28-45b1-894f-8dc0851c56cc,SAMMS-ColoradoSpringsV5
202608200219257028,202608200029238283,202608200029237018,85,1152,Bronze INV,br_AdmissionAssessmentDimensionThree,TASK_COMPLETE,FAILED,ERROR,413,413,1,SaveAdmissionAssessmentDimensionThree Bronze ForEach failed,2026-08-20T00:29:28.539Z,2026-08-20T02:40:07.937Z,7839,2026-08-20T02:40:07.937Z,B24,Paintsville,2e0eb052-bb28-45b1-894f-8dc0851c56cc,SAMMS-PaintsvilleV5
202608200219257029,202608200029238284,202608200029237018,85,1153,Bronze INV,br_AdmissionAssessmentDimensionThree,TASK_COMPLETE,FAILED,ERROR,173,173,1,SaveAdmissionAssessmentDimensionThree Bronze ForEach failed,2026-08-20T00:29:28.539Z,2026-08-20T02:40:07.937Z,7839,2026-08-20T02:40:07.937Z,B25,Pikeville,2e0eb052-bb28-45b1-894f-8dc0851c56cc,SAMMS-PikevilleV5
202608200219257030,202608200029238285,202608200029237018,85,1154,Bronze INV,br_AdmissionAssessmentDimensionThree,TASK_COMPLETE,FAILED,ERROR,494,494,1,SaveAdmissionAssessmentDimensionThree Bronze ForEach failed,2026-08-20T00:29:28.539Z,2026-08-20T02:40:07.937Z,7839,2026-08-20T02:40:07.937Z,B26,Hazard,2e0eb052-bb28-45b1-894f-8dc0851c56cc,SAMMS-HazardV5
202608200219257031,202608200029238286,202608200029237018,85,1155,Bronze INV,br_AdmissionAssessmentDimensionThree,TASK_COMPLETE,FAILED,ERROR,188,188,1,SaveAdmissionAssessmentDimensionThree Bronze ForEach failed,2026-08-20T00:29:28.539Z,2026-08-20T02:40:07.937Z,7839,2026-08-20T02:40:07.937Z,B27,Savannah,2e0eb052-bb28-45b1-894f-8dc0851c56cc,SAMMS-SavannahV6
202608200219257032,202608200029238287,202608200029237018,85,1156,Bronze INV,br_AdmissionAssessmentDimensionThree,TASK_COMPLETE,FAILED,ERROR,231,231,1,SaveAdmissionAssessmentDimensionThree Bronze ForEach failed,2026-08-20T00:29:28.539Z,2026-08-20T02:40:07.937Z,7839,2026-08-20T02:40:07.937Z,B28,West Plains,2e0eb052-bb28-45b1-894f-8dc0851c56cc,SAMMS-WestPlainesV5
202608200219257033,202608200029238288,202608200029237018,85,1157,Bronze INV,br_AdmissionAssessmentDimensionThree,TASK_COMPLETE,FAILED,ERROR,257,257,1,SaveAdmissionAssessmentDimensionThree Bronze ForEach failed,2026-08-20T00:29:28.539Z,2026-08-20T02:40:07.937Z,7839,2026-08-20T02:40:07.937Z,B29,Poplar Bluff,2e0eb052-bb28-45b1-894f-8dc0851c56cc,SAMMS-PoplarBluffV5
202608200219257035,202608200029238289,202608200029237018,85,1158,Bronze INV,br_AdmissionAssessmentDimensionThree,TASK_COMPLETE,FAILED,ERROR,139,139,1,SaveAdmissionAssessmentDimensionThree Bronze ForEach failed,2026-08-20T00:29:28.539Z,2026-08-20T02:40:07.937Z,7839,2026-08-20T02:40:07.937Z,B30,KC North,2e0eb052-bb28-45b1-894f-8dc0851c56cc,SAMMS-KCNv5
202608200219257036,202608200029238290,202608200029237018,85,1159,Bronze INV,br_AdmissionAssessmentDimensionThree,TASK_COMPLETE,FAILED,ERROR,340,340,1,SaveAdmissionAssessmentDimensionThree Bronze ForEach failed,2026-08-20T00:29:28.539Z,2026-08-20T02:40:07.937Z,7839,2026-08-20T02:40:07.937Z,B31,Dyersburg,2e0eb052-bb28-45b1-894f-8dc0851c56cc,SAMMS-DyersburgV5
202608200219257037,202608200029238291,202608200029237018,85,1161,Bronze INV,br_AdmissionAssessmentDimensionThree,TASK_COMPLETE,FAILED,ERROR,213,213,1,SaveAdmissionAssessmentDimensionThree Bronze ForEach failed,2026-08-20T00:29:28.539Z,2026-08-20T02:40:07.937Z,7839,2026-08-20T02:40:07.937Z,B33,Paducah,2e0eb052-bb28-45b1-894f-8dc0851c56cc,SAMMS-Paducah
202608200219257038,202608200029238292,202608200029237018,85,1162,Bronze INV,br_AdmissionAssessmentDimensionThree,TASK_COMPLETE,FAILED,ERROR,446,446,1,SaveAdmissionAssessmentDimensionThree Bronze ForEach failed,2026-08-20T00:29:28.539Z,2026-08-20T02:40:07.937Z,7839,2026-08-20T02:40:07.937Z,B34,Corbin,2e0eb052-bb28-45b1-894f-8dc0851c56cc,SAMMS-CorbinV5
202608200219257039,202608200029238293,202608200029237018,85,1163,Bronze INV,br_AdmissionAssessmentDimensionThree,TASK_COMPLETE,FAILED,ERROR,718,718,1,SaveAdmissionAssessmentDimensionThree Bronze ForEach failed,2026-08-20T00:29:28.539Z,2026-08-20T02:40:07.937Z,7839,2026-08-20T02:40:07.937Z,B35,Lexington,2e0eb052-bb28-45b1-894f-8dc0851c56cc,SAMMS-LexingtonV5
202608200219257040,202608200029238294,202608200029237018,85,1164,Bronze INV,br_AdmissionAssessmentDimensionThree,TASK_COMPLETE,FAILED,ERROR,347,347,1,SaveAdmissionAssessmentDimensionThree Bronze ForEach failed,2026-08-20T00:29:28.539Z,2026-08-20T02:40:07.937Z,7839,2026-08-20T02:40:07.937Z,B35A,Berea,2e0eb052-bb28-45b1-894f-8dc0851c56cc,SAMMS-BereaV5
202608200219257041,202608200029238295,202608200029237018,85,1165,Bronze INV,br_AdmissionAssessmentDimensionThree,TASK_COMPLETE,FAILED,ERROR,605,605,1,SaveAdmissionAssessmentDimensionThree Bronze ForEach failed,2026-08-20T00:29:28.539Z,2026-08-20T02:40:07.937Z,7839,2026-08-20T02:40:07.937Z,B36,Asheville,2e0eb052-bb28-45b1-894f-8dc0851c56cc,SAMMS-AshevilleV5
202608200219257042,202608200029238296,202608200029237018,85,1166,Bronze INV,br_AdmissionAssessmentDimensionThree,TASK_COMPLETE,FAILED,ERROR,448,448,1,SaveAdmissionAssessmentDimensionThree Bronze ForEach failed,2026-08-20T00:29:28.539Z,2026-08-20T02:40:07.937Z,7839,2026-08-20T02:40:07.937Z,B37,Clyde,2e0eb052-bb28-45b1-894f-8dc0851c56cc,SAMMS-ClydeV5
202608200219257044,202608200029238297,202608200029237018,85,1167,Bronze INV,br_AdmissionAssessmentDimensionThree,TASK_COMPLETE,FAILED,ERROR,629,629,1,SaveAdmissionAssessmentDimensionThree Bronze ForEach failed,2026-08-20T00:29:28.539Z,2026-08-20T02:40:07.937Z,7839,2026-08-20T02:40:07.937Z,B38,Spartanburg,2e0eb052-bb28-45b1-894f-8dc0851c56cc,SAMMS-SpartanburgV5
202608200219257045,202608200029238298,202608200029237018,85,1168,Bronze INV,br_AdmissionAssessmentDimensionThree,TASK_COMPLETE,FAILED,ERROR,480,480,1,SaveAdmissionAssessmentDimensionThree Bronze ForEach failed,2026-08-20T00:29:28.539Z,2026-08-20T02:40:07.937Z,7839,2026-08-20T02:40:07.937Z,B39,Aiken,2e0eb052-bb28-45b1-894f-8dc0851c56cc,SAMMS-AikenV5
202608200219257046,202608200029238299,202608200029237018,85,1169,Bronze INV,br_AdmissionAssessmentDimensionThree,TASK_COMPLETE,FAILED,ERROR,295,295,1,SaveAdmissionAssessmentDimensionThree Bronze ForEach failed,2026-08-20T00:29:28.539Z,2026-08-20T02:40:07.937Z,7839,2026-08-20T02:40:07.937Z,B41,Chesapeake,2e0eb052-bb28-45b1-894f-8dc0851c56cc,SAMMS-ChesapeakeV5
202608200219257047,202608200029238300,202608200029237018,85,1170,Bronze INV,br_AdmissionAssessmentDimensionThree,TASK_COMPLETE,FAILED,ERROR,533,533,1,SaveAdmissionAssessmentDimensionThree Bronze ForEach failed,2026-08-20T00:29:28.539Z,2026-08-20T02:40:07.937Z,7839,2026-08-20T02:40:07.937Z,B42,Virginia Beach,2e0eb052-bb28-45b1-894f-8dc0851c56cc,SAMMS-VirginiaBeachV5
202608200219257048,202608200029238301,202608200029237018,85,1171,Bronze INV,br_AdmissionAssessmentDimensionThree,TASK_COMPLETE,FAILED,ERROR,165,165,1,SaveAdmissionAssessmentDimensionThree Bronze ForEach failed,2026-08-20T00:29:28.539Z,2026-08-20T02:40:07.937Z,7839,2026-08-20T02:40:07.937Z,B42A,Newport News,2e0eb052-bb28-45b1-894f-8dc0851c56cc,SAMMS-NewportNewsV5
202608200219257049,202608200029238302,202608200029237018,85,1172,Bronze INV,br_AdmissionAssessmentDimensionThree,TASK_COMPLETE,FAILED,ERROR,58,58,1,SaveAdmissionAssessmentDimensionThree Bronze ForEach failed,2026-08-20T00:29:28.539Z,2026-08-20T02:40:07.937Z,7839,2026-08-20T02:40:07.937Z,B42B,Franklin,2e0eb052-bb28-45b1-894f-8dc0851c56cc,SAMMS-FranklinV5
202608200219257050,202608200029238303,202608200029237018,85,1173,Bronze INV,br_AdmissionAssessmentDimensionThree,TASK_COMPLETE,FAILED,ERROR,337,337,1,SaveAdmissionAssessmentDimensionThree Bronze ForEach failed,2026-08-20T00:29:28.539Z,2026-08-20T02:40:07.937Z,7839,2026-08-20T02:40:07.937Z,B42C,Glen Allen,2e0eb052-bb28-45b1-894f-8dc0851c56cc,SAMMS-GlenAllenV5
202608200219257052,202608200029238304,202608200029237018,85,1174,Bronze INV,br_AdmissionAssessmentDimensionThree,TASK_COMPLETE,FAILED,ERROR,175,175,1,SaveAdmissionAssessmentDimensionThree Bronze ForEach failed,2026-08-20T00:29:28.539Z,2026-08-20T02:40:07.937Z,7839,2026-08-20T02:40:07.937Z,B42D,Chesapeake South,2e0eb052-bb28-45b1-894f-8dc0851c56cc,SAMMS-ChesapeakeSouthV5
202608200219257053,202608200029238305,202608200029237018,85,1175,Bronze INV,br_AdmissionAssessmentDimensionThree,TASK_COMPLETE,FAILED,ERROR,205,205,1,SaveAdmissionAssessmentDimensionThree Bronze ForEach failed,2026-08-20T00:29:28.539Z,2026-08-20T02:40:07.937Z,7839,2026-08-20T02:40:07.937Z,B44,Albany,2e0eb052-bb28-45b1-894f-8dc0851c56cc,SAMMS-AlbanyV5
202608200219257054,202608200029238306,202608200029237018,85,1176,Bronze INV,br_AdmissionAssessmentDimensionThree,TASK_COMPLETE,FAILED,ERROR,301,301,1,SaveAdmissionAssessmentDimensionThree Bronze ForEach failed,2026-08-20T00:29:28.539Z,2026-08-20T02:40:07.937Z,7839,2026-08-20T02:40:07.937Z,B45,Tifton,2e0eb052-bb28-45b1-894f-8dc0851c56cc,SAMMS-TiftonV5
202608200219257097,202608200029238345,202608200029237018,85,1255,Bronze INV,br_AdmissionAssessmentDimensionThree,TASK_COMPLETE,FAILED,ERROR,678,678,1,SaveAdmissionAssessmentDimensionThree Bronze ForEach failed,2026-08-20T00:29:28.539Z,2026-08-20T02:40:07.937Z,7839,2026-08-20T02:40:07.937Z,FW,Fort Wayne,2e0eb052-bb28-45b1-894f-8dc0851c56cc,SAMMS-FortWayne
202608200219257099,202608200029238346,202608200029237018,85,1256,Bronze INV,br_AdmissionAssessmentDimensionThree,TASK_COMPLETE,FAILED,ERROR,103,103,1,SaveAdmissionAssessmentDimensionThree Bronze ForEach failed,2026-08-20T00:29:28.539Z,2026-08-20T02:40:07.937Z,7839,2026-08-20T02:40:07.937Z,GAL,Gaylord,2e0eb052-bb28-45b1-894f-8dc0851c56cc,SAMMS-Gaylord
202608200219257100,202608200029238347,202608200029237018,85,1260,Bronze INV,br_AdmissionAssessmentDimensionThree,TASK_COMPLETE,FAILED,ERROR,617,617,1,SaveAdmissionAssessmentDimensionThree Bronze ForEach failed,2026-08-20T00:29:28.539Z,2026-08-20T02:40:07.937Z,7839,2026-08-20T02:40:07.937Z,HGT,Hagerstown,2e0eb052-bb28-45b1-894f-8dc0851c56cc,SAMMS-Hagerstown
202608200219257101,202608200029238348,202608200029237018,85,1261,Bronze INV,br_AdmissionAssessmentDimensionThree,TASK_COMPLETE,FAILED,ERROR,470,470,1,SaveAdmissionAssessmentDimensionThree Bronze ForEach failed,2026-08-20T00:29:28.539Z,2026-08-20T02:40:07.937Z,7839,2026-08-20T02:40:07.937Z,HNT,Huntsville,2e0eb052-bb28-45b1-894f-8dc0851c56cc,SAMMS-Huntsville
202608200219257102,202608200029238349,202608200029237018,85,1262,Bronze INV,br_AdmissionAssessmentDimensionThree,TASK_COMPLETE,FAILED,ERROR,303,303,1,SaveAdmissionAssessmentDimensionThree Bronze ForEach failed,2026-08-20T00:29:28.539Z,2026-08-20T02:40:07.937Z,7839,2026-08-20T02:40:07.937Z,HS,Hot Springs,2e0eb052-bb28-45b1-894f-8dc0851c56cc,SAMMS-HotSprings
202608200219257103,202608200029238350,202608200029237018,85,1263,Bronze INV,br_AdmissionAssessmentDimensionThree,TASK_COMPLETE,FAILED,ERROR,267,267,1,SaveAdmissionAssessmentDimensionThree Bronze ForEach failed,2026-08-20T00:29:28.539Z,2026-08-20T02:40:07.937Z,7839,2026-08-20T02:40:07.937Z,JON,Jonesboro,2e0eb052-bb28-45b1-894f-8dc0851c56cc,SAMMS-Jonesboro
202608200219257104,202608200029238351,202608200029237018,85,1265,Bronze INV,br_AdmissionAssessmentDimensionThree,TASK_COMPLETE,FAILED,ERROR,156,156,1,SaveAdmissionAssessmentDimensionThree Bronze ForEach failed,2026-08-20T00:29:28.539Z,2026-08-20T02:40:07.937Z,7839,2026-08-20T02:40:07.937Z,LAN,Lansing,2e0eb052-bb28-45b1-894f-8dc0851c56cc,SAMMS-Lansing
202608200219257105,202608200029238352,202608200029237018,85,1266,Bronze INV,br_AdmissionAssessmentDimensionThree,TASK_COMPLETE,FAILED,ERROR,429,429,1,SaveAdmissionAssessmentDimensionThree Bronze ForEach failed,2026-08-20T00:29:28.539Z,2026-08-20T02:40:07.937Z,7839,2026-08-20T02:40:07.937Z,LO,Louisville,2e0eb052-bb28-45b1-894f-8dc0851c56cc,SAMMS-Louisville
202608200219257106,202608200029238353,202608200029237018,85,1267,Bronze INV,br_AdmissionAssessmentDimensionThree,TASK_COMPLETE,FAILED,ERROR,1178,1178,1,SaveAdmissionAssessmentDimensionThree Bronze ForEach failed,2026-08-20T00:29:28.539Z,2026-08-20T02:40:07.937Z,7839,2026-08-20T02:40:07.937Z,LV1,Cheyenne,2e0eb052-bb28-45b1-894f-8dc0851c56cc,SAMMS-Cheyenne
202608200219257107,202608200029238354,202608200029237018,85,1268,Bronze INV,br_AdmissionAssessmentDimensionThree,TASK_COMPLETE,FAILED,ERROR,937,937,1,SaveAdmissionAssessmentDimensionThree Bronze ForEach failed,2026-08-20T00:29:28.539Z,2026-08-20T02:40:07.937Z,7839,2026-08-20T02:40:07.937Z,LV2,Desert Inn,2e0eb052-bb28-45b1-894f-8dc0851c56cc,SAMMS-DesertInn
202608200219257109,202608200029238355,202608200029237018,85,1269,Bronze INV,br_AdmissionAssessmentDimensionThree,TASK_COMPLETE,FAILED,ERROR,312,312,1,SaveAdmissionAssessmentDimensionThree Bronze ForEach failed,2026-08-20T00:29:28.539Z,2026-08-20T02:40:07.937Z,7839,2026-08-20T02:40:07.937Z,LV3,McDaniel,2e0eb052-bb28-45b1-894f-8dc0851c56cc,SAMMS-McDaniel
202608200219257110,202608200029238356,202608200029237018,85,1272,Bronze INV,br_AdmissionAssessmentDimensionThree,TASK_COMPLETE,FAILED,ERROR,270,270,1,SaveAdmissionAssessmentDimensionThree Bronze ForEach failed,2026-08-20T00:29:28.539Z,2026-08-20T02:40:07.937Z,7839,2026-08-20T02:40:07.937Z,MNRE,Monroe,2e0eb052-bb28-45b1-894f-8dc0851c56cc,SAMMS-Monroe
202608200219257111,202608200029238357,202608200029237018,85,1273,Bronze INV,br_AdmissionAssessmentDimensionThree,TASK_COMPLETE,FAILED,ERROR,124,124,1,SaveAdmissionAssessmentDimensionThree Bronze ForEach failed,2026-08-20T00:29:28.539Z,2026-08-20T02:40:07.937Z,7839,2026-08-20T02:40:07.937Z,MP,Mt. Pleasant,2e0eb052-bb28-45b1-894f-8dc0851c56cc,SAMMS-MtPleasant
202608200219257112,202608200029238358,202608200029237018,85,1274,Bronze INV,br_AdmissionAssessmentDimensionThree,TASK_COMPLETE,FAILED,ERROR,168,168,1,SaveAdmissionAssessmentDimensionThree Bronze ForEach failed,2026-08-20T00:29:28.539Z,2026-08-20T02:40:07.937Z,7839,2026-08-20T02:40:07.937Z,MRD,Meridian,2e0eb052-bb28-45b1-894f-8dc0851c56cc,SAMMS-Meridian
202608200219257113,202608200029238359,202608200029237018,85,1279,Bronze INV,br_AdmissionAssessmentDimensionThree,TASK_COMPLETE,FAILED,ERROR,629,629,1,SaveAdmissionAssessmentDimensionThree Bronze ForEach failed,2026-08-20T00:29:28.539Z,2026-08-20T02:40:07.937Z,7839,2026-08-20T02:40:07.937Z,NC,North Charleston,2e0eb052-bb28-45b1-894f-8dc0851c56cc,SAMMS-NorthCharleston
202608200219257114,202608200029238360,202608200029237018,85,1280,Bronze INV,br_AdmissionAssessmentDimensionThree,TASK_COMPLETE,FAILED,ERROR,560,560,1,SaveAdmissionAssessmentDimensionThree Bronze ForEach failed,2026-08-20T00:29:28.539Z,2026-08-20T02:40:07.937Z,7839,2026-08-20T02:40:07.937Z,NLR,N. Little Rock,2e0eb052-bb28-45b1-894f-8dc0851c56cc,SAMMS-NLROBOT
202608200219257115,202608200029238361,202608200029237018,85,1281,Bronze INV,br_AdmissionAssessmentDimensionThree,TASK_COMPLETE,FAILED,ERROR,235,235,1,SaveAdmissionAssessmentDimensionThree Bronze ForEach failed,2026-08-20T00:29:28.539Z,2026-08-20T02:40:07.937Z,7839,2026-08-20T02:40:07.937Z,PH,Phoenix,2e0eb052-bb28-45b1-894f-8dc0851c56cc,SAMMS-Phoenix
202608200219257117,202608200029238362,202608200029237018,85,1285,Bronze INV,br_AdmissionAssessmentDimensionThree,TASK_COMPLETE,FAILED,ERROR,407,407,1,SaveAdmissionAssessmentDimensionThree Bronze ForEach failed,2026-08-20T00:29:28.539Z,2026-08-20T02:40:07.937Z,7839,2026-08-20T02:40:07.937Z,RE,Reno,2e0eb052-bb28-45b1-894f-8dc0851c56cc,SAMMS-Reno
202608200219257118,202608200029238363,202608200029237018,85,1286,Bronze INV,br_AdmissionAssessmentDimensionThree,TASK_COMPLETE,FAILED,ERROR,389,389,1,SaveAdmissionAssessmentDimensionThree Bronze ForEach failed,2026-08-20T00:29:28.539Z,2026-08-20T02:40:07.937Z,7839,2026-08-20T02:40:07.937Z,RMD,Richmond,2e0eb052-bb28-45b1-894f-8dc0851c56cc,SAMMS-Richmond
202608200219257119,202608200029238364,202608200029237018,85,1287,Bronze INV,br_AdmissionAssessmentDimensionThree,TASK_COMPLETE,FAILED,ERROR,481,481,1,SaveAdmissionAssessmentDimensionThree Bronze ForEach failed,2026-08-20T00:29:28.539Z,2026-08-20T02:40:07.937Z,7839,2026-08-20T02:40:07.937Z,SFN,Springfield North,2e0eb052-bb28-45b1-894f-8dc0851c56cc,SAMMS-SFNv5
202608200219257120,202608200029238365,202608200029237018,85,1288,Bronze INV,br_AdmissionAssessmentDimensionThree,TASK_COMPLETE,FAILED,ERROR,448,448,1,SaveAdmissionAssessmentDimensionThree Bronze ForEach failed,2026-08-20T00:29:28.539Z,2026-08-20T02:40:07.937Z,7839,2026-08-20T02:40:07.937Z,SHP,Shreveport,2e0eb052-bb28-45b1-894f-8dc0851c56cc,SAMMS-Shreveport
202608200219257121,202608200029238366,202608200029237018,85,1290,Bronze INV,br_AdmissionAssessmentDimensionThree,TASK_COMPLETE,FAILED,ERROR,81,81,1,SaveAdmissionAssessmentDimensionThree Bronze ForEach failed,2026-08-20T00:29:28.539Z,2026-08-20T02:40:07.937Z,7839,2026-08-20T02:40:07.937Z,STN,Staunton,2e0eb052-bb28-45b1-894f-8dc0851c56cc,SAMMS-Staunton
202608200219257122,202608200029238367,202608200029237018,85,1291,Bronze INV,br_AdmissionAssessmentDimensionThree,TASK_COMPLETE,FAILED,ERROR,53,53,1,SaveAdmissionAssessmentDimensionThree Bronze ForEach failed,2026-08-20T00:29:28.539Z,2026-08-20T02:40:07.937Z,7839,2026-08-20T02:40:07.937Z,STVN,Stevenson,2e0eb052-bb28-45b1-894f-8dc0851c56cc,SAMMS-Stevenson
202608200219257123,202608200029238368,202608200029237018,85,1293,Bronze INV,br_AdmissionAssessmentDimensionThree,TASK_COMPLETE,FAILED,ERROR,70,70,1,SaveAdmissionAssessmentDimensionThree Bronze ForEach failed,2026-08-20T00:29:28.539Z,2026-08-20T02:40:07.937Z,7839,2026-08-20T02:40:07.937Z,TE,Tempe,2e0eb052-bb28-45b1-894f-8dc0851c56cc,SAMMS-Tempe
202608200219257124,202608200029238369,202608200029237018,85,1294,Bronze INV,br_AdmissionAssessmentDimensionThree,TASK_COMPLETE,FAILED,ERROR,362,362,1,SaveAdmissionAssessmentDimensionThree Bronze ForEach failed,2026-08-20T00:29:28.539Z,2026-08-20T02:40:07.937Z,7839,2026-08-20T02:40:07.937Z,TEX,Texarkana,2e0eb052-bb28-45b1-894f-8dc0851c56cc,SAMMS-Texarkana
202608200219257125,202608200029238370,202608200029237018,85,1295,Bronze INV,br_AdmissionAssessmentDimensionThree,TASK_COMPLETE,FAILED,ERROR,422,422,1,SaveAdmissionAssessmentDimensionThree Bronze ForEach failed,2026-08-20T00:29:28.539Z,2026-08-20T02:40:07.937Z,7839,2026-08-20T02:40:07.937Z,TTCA,Bessemer,2e0eb052-bb28-45b1-894f-8dc0851c56cc,SAMMS-BessemerV5
202608200219257126,202608200029238371,202608200029237018,85,1296,Bronze INV,br_AdmissionAssessmentDimensionThree,TASK_COMPLETE,FAILED,ERROR,545,545,1,SaveAdmissionAssessmentDimensionThree Bronze ForEach failed,2026-08-20T00:29:28.539Z,2026-08-20T02:40:07.937Z,7839,2026-08-20T02:40:07.937Z,TTCB,Cullman,2e0eb052-bb28-45b1-894f-8dc0851c56cc,SAMMS-CullmanV5
202608200219257128,202608200029238372,202608200029237018,85,1297,Bronze INV,br_AdmissionAssessmentDimensionThree,TASK_COMPLETE,FAILED,ERROR,300,300,1,SaveAdmissionAssessmentDimensionThree Bronze ForEach failed,2026-08-20T00:29:28.539Z,2026-08-20T02:40:07.937Z,7839,2026-08-20T02:40:07.937Z,TTCC,Grand Bay,2e0eb052-bb28-45b1-894f-8dc0851c56cc,SAMMS-GrandBay
202608200219257129,202608200029238373,202608200029237018,85,1298,Bronze INV,br_AdmissionAssessmentDimensionThree,TASK_COMPLETE,FAILED,ERROR,22,22,1,SaveAdmissionAssessmentDimensionThree Bronze ForEach failed,2026-08-20T00:29:28.539Z,2026-08-20T02:40:07.937Z,7839,2026-08-20T02:40:07.937Z,TU,Tucson,2e0eb052-bb28-45b1-894f-8dc0851c56cc,SAMMS-Tucson
202608200219257130,202608200029238374,202608200029237018,85,1300,Bronze INV,br_AdmissionAssessmentDimensionThree,TASK_COMPLETE,FAILED,ERROR,250,250,1,SaveAdmissionAssessmentDimensionThree Bronze ForEach failed,2026-08-20T00:29:28.539Z,2026-08-20T02:40:07.937Z,7839,2026-08-20T02:40:07.937Z,V1,Memphis South,2e0eb052-bb28-45b1-894f-8dc0851c56cc,SAMMS-VCPHCS-I-MemphisV5
202608200219257131,202608200029238375,202608200029237018,85,1301,Bronze INV,br_AdmissionAssessmentDimensionThree,TASK_COMPLETE,FAILED,ERROR,689,689,1,SaveAdmissionAssessmentDimensionThree Bronze ForEach failed,2026-08-20T00:29:28.539Z,2026-08-20T02:40:07.937Z,7839,2026-08-20T02:40:07.937Z,V10,Longmont,2e0eb052-bb28-45b1-894f-8dc0851c56cc,SAMMS-BoulderV5
202608200219257132,202608200029238376,202608200029237018,85,1302,Bronze INV,br_AdmissionAssessmentDimensionThree,TASK_COMPLETE,FAILED,ERROR,1186,1186,1,SaveAdmissionAssessmentDimensionThree Bronze ForEach failed,2026-08-20T00:29:28.539Z,2026-08-20T02:40:07.937Z,7839,2026-08-20T02:40:07.937Z,V10A,Fort Collins,2e0eb052-bb28-45b1-894f-8dc0851c56cc,SAMMS-FortCollinsV5
202608200219257133,202608200029238377,202608200029237018,85,1303,Bronze INV,br_AdmissionAssessmentDimensionThree,TASK_COMPLETE,FAILED,ERROR,985,985,1,SaveAdmissionAssessmentDimensionThree Bronze ForEach failed,2026-08-20T00:29:28.539Z,2026-08-20T02:40:07.937Z,7839,2026-08-20T02:40:07.937Z,V11,Westminster,2e0eb052-bb28-45b1-894f-8dc0851c56cc,SAMMS-VCPHCS-XI-NorthDenverV5
202608200219257134,202608200029238378,202608200029237018,85,1304,Bronze INV,br_AdmissionAssessmentDimensionThree,TASK_COMPLETE,FAILED,ERROR,1058,1058,1,SaveAdmissionAssessmentDimensionThree Bronze ForEach failed,2026-08-20T00:29:28.539Z,2026-08-20T02:40:07.937Z,7839,2026-08-20T02:40:07.937Z,V12,Downtown Denver,2e0eb052-bb28-45b1-894f-8dc0851c56cc,SAMMS-VCPHCS-XII-DowntownDenverV5
202608200219257136,202608200029238379,202608200029237018,85,1305,Bronze INV,br_AdmissionAssessmentDimensionThree,TASK_COMPLETE,FAILED,ERROR,474,474,1,SaveAdmissionAssessmentDimensionThree Bronze ForEach failed,2026-08-20T00:29:28.539Z,2026-08-20T02:40:07.937Z,7839,2026-08-20T02:40:07.937Z,V12A,Centennial,2e0eb052-bb28-45b1-894f-8dc0851c56cc,SAMMS-CentennialV5
202608200219257137,202608200029238380,202608200029237018,85,1306,Bronze INV,br_AdmissionAssessmentDimensionThree,TASK_COMPLETE,FAILED,ERROR,291,291,1,SaveAdmissionAssessmentDimensionThree Bronze ForEach failed,2026-08-20T00:29:28.539Z,2026-08-20T02:40:07.937Z,7839,2026-08-20T02:40:07.937Z,V14,Overland Park,2e0eb052-bb28-45b1-894f-8dc0851c56cc,SAMMS-VCPHCS-XIV-BridgewayV5
202608200219257138,202608200029238381,202608200029237018,85,1307,Bronze INV,br_AdmissionAssessmentDimensionThree,TASK_COMPLETE,FAILED,ERROR,563,563,1,SaveAdmissionAssessmentDimensionThree Bronze ForEach failed,2026-08-20T00:29:28.539Z,2026-08-20T02:40:07.937Z,7839,2026-08-20T02:40:07.937Z,V15,Joplin,2e0eb052-bb28-45b1-894f-8dc0851c56cc,SAMMS-JoplinV5
202608200219257139,202608200029238382,202608200029237018,85,1309,Bronze INV,br_AdmissionAssessmentDimensionThree,TASK_COMPLETE,FAILED,ERROR,470,470,1,SaveAdmissionAssessmentDimensionThree Bronze ForEach failed,2026-08-20T00:29:28.539Z,2026-08-20T02:40:07.937Z,7839,2026-08-20T02:40:07.937Z,V17,Columbia TN,2e0eb052-bb28-45b1-894f-8dc0851c56cc,SAMMS-ColumbiaTNv5
202608200219257287,202608200029238266,202608200029237018,85,1491,Bronze INV,br_AdmissionAssessmentDimensionTwo,TASK_COMPLETE,FAILED,ERROR,560,560,1,SaveAdmissionAssessmentDimensionTwo Bronze ForEach failed,2026-08-20T00:29:28.539Z,2026-08-20T02:40:07.937Z,7839,2026-08-20T02:40:07.937Z,V15,Joplin,2e0eb052-bb28-45b1-894f-8dc0851c56cc,SAMMS-JoplinV5
202608200219257288,202608200029238267,202608200029237018,85,1493,Bronze INV,br_AdmissionAssessmentDimensionTwo,TASK_COMPLETE,FAILED,ERROR,472,472,1,SaveAdmissionAssessmentDimensionTwo Bronze ForEach failed,2026-08-20T00:29:28.539Z,2026-08-20T02:40:07.937Z,7839,2026-08-20T02:40:07.937Z,V17,Columbia TN,2e0eb052-bb28-45b1-894f-8dc0851c56cc,SAMMS-ColumbiaTNv5
202608200219257289,202608200029238268,202608200029237018,85,1495,Bronze INV,br_AdmissionAssessmentDimensionTwo,TASK_COMPLETE,FAILED,ERROR,417,417,1,SaveAdmissionAssessmentDimensionTwo Bronze ForEach failed,2026-08-20T00:29:28.539Z,2026-08-20T02:40:07.937Z,7839,2026-08-20T02:40:07.937Z,V19,Jackson,2e0eb052-bb28-45b1-894f-8dc0851c56cc,SAMMS-JacksonV5
202608200219257290,202608200029238269,202608200029237018,85,1497,Bronze INV,br_AdmissionAssessmentDimensionTwo,TASK_COMPLETE,FAILED,ERROR,486,486,1,SaveAdmissionAssessmentDimensionTwo Bronze ForEach failed,2026-08-20T00:29:28.539Z,2026-08-20T02:40:07.937Z,7839,2026-08-20T02:40:07.937Z,V20,Paris,2e0eb052-bb28-45b1-894f-8dc0851c56cc,SAMMS-ParisV5
202608200219257292,202608200029238270,202608200029237018,85,1498,Bronze INV,br_AdmissionAssessmentDimensionTwo,TASK_COMPLETE,FAILED,ERROR,354,354,1,SaveAdmissionAssessmentDimensionTwo Bronze ForEach failed,2026-08-20T00:29:28.539Z,2026-08-20T02:40:07.937Z,7839,2026-08-20T02:40:07.937Z,V21,Memphis North,2e0eb052-bb28-45b1-894f-8dc0851c56cc,SAMMS-RaleighV5
202608200219257293,202608200029238271,202608200029237018,85,1501,Bronze INV,br_AdmissionAssessmentDimensionTwo,TASK_COMPLETE,FAILED,ERROR,706,706,1,SaveAdmissionAssessmentDimensionTwo Bronze ForEach failed,2026-08-20T00:29:28.539Z,2026-08-20T02:40:07.937Z,7839,2026-08-20T02:40:07.937Z,V5,West Bank,2e0eb052-bb28-45b1-894f-8dc0851c56cc,SAMMS-NONTCv5
202608200219257294,202608200029238272,202608200029237018,85,1503,Bronze INV,br_AdmissionAssessmentDimensionTwo,TASK_COMPLETE,FAILED,ERROR,255,255,1,SaveAdmissionAssessmentDimensionTwo Bronze ForEach failed,2026-08-20T00:29:28.539Z,2026-08-20T02:40:07.937Z,7839,2026-08-20T02:40:07.937Z,V5B,Houma,2e0eb052-bb28-45b1-894f-8dc0851c56cc,SAMMS-HoumaV6
202608200219257295,202608200029238273,202608200029237018,85,1504,Bronze INV,br_AdmissionAssessmentDimensionTwo,TASK_COMPLETE,FAILED,ERROR,959,959,1,SaveAdmissionAssessmentDimensionTwo Bronze ForEach failed,2026-08-20T00:29:28.539Z,2026-08-20T02:40:07.937Z,7839,2026-08-20T02:40:07.937Z,V6,Lake Charles,2e0eb052-bb28-45b1-894f-8dc0851c56cc,SAMMS-LCv5
202608200219257296,202608200029238274,202608200029237018,85,1506,Bronze INV,br_AdmissionAssessmentDimensionTwo,TASK_COMPLETE,FAILED,ERROR,567,567,1,SaveAdmissionAssessmentDimensionTwo Bronze ForEach failed,2026-08-20T00:29:28.539Z,2026-08-20T02:40:07.937Z,7839,2026-08-20T02:40:07.937Z,V8,Memphis Midtown,2e0eb052-bb28-45b1-894f-8dc0851c56cc,SAMMS-VCPHCS-VIII-MemphisV5
202608200219257297,202608200029238275,202608200029237018,85,1507,Bronze INV,br_AdmissionAssessmentDimensionTwo,TASK_COMPLETE,FAILED,ERROR,1575,1575,1,SaveAdmissionAssessmentDimensionTwo Bronze ForEach failed,2026-08-20T00:29:28.539Z,2026-08-20T02:40:07.937Z,7839,2026-08-20T02:40:07.937Z,V9,Nashville,2e0eb052-bb28-45b1-894f-8dc0851c56cc,SAMMS-NashvilleV5
202608200219257298,202608200029238276,202608200029237018,85,1508,Bronze INV,br_AdmissionAssessmentDimensionTwo,TASK_COMPLETE,FAILED,ERROR,332,332,1,SaveAdmissionAssessmentDimensionTwo Bronze ForEach failed,2026-08-20T00:29:28.539Z,2026-08-20T02:40:07.937Z,7839,2026-08-20T02:40:07.937Z,VBRA,Brainerd,2e0eb052-bb28-45b1-894f-8dc0851c56cc,SAMMS-BrainerdV6
202608200219257299,202608200029238277,202608200029237018,85,1509,Bronze INV,br_AdmissionAssessmentDimensionTwo,TASK_COMPLETE,FAILED,ERROR,598,598,1,SaveAdmissionAssessmentDimensionTwo Bronze ForEach failed,2026-08-20T00:29:28.539Z,2026-08-20T02:40:07.937Z,7839,2026-08-20T02:40:07.937Z,VBRP,Brooklyn Park,2e0eb052-bb28-45b1-894f-8dc0851c56cc,SAMMS-BrooklynParkV6
202608200219257300,202608200029238278,202608200029237018,85,1511,Bronze INV,br_AdmissionAssessmentDimensionTwo,TASK_COMPLETE,FAILED,ERROR,579,579,1,SaveAdmissionAssessmentDimensionTwo Bronze ForEach failed,2026-08-20T00:29:28.539Z,2026-08-20T02:40:07.937Z,7839,2026-08-20T02:40:07.937Z,VMIN,Minneapolis,2e0eb052-bb28-45b1-894f-8dc0851c56cc,SAMMS-MinneapolisV6
202608200219257302,202608200029238279,202608200029237018,85,1512,Bronze INV,br_AdmissionAssessmentDimensionTwo,TASK_COMPLETE,FAILED,ERROR,1075,1075,1,SaveAdmissionAssessmentDimensionTwo Bronze ForEach failed,2026-08-20T00:29:28.539Z,2026-08-20T02:40:07.937Z,7839,2026-08-20T02:40:07.937Z,VWBY,Woodbury,2e0eb052-bb28-45b1-894f-8dc0851c56cc,SAMMS-WoodburyV6
202608200219257303,202608200029238280,202608200029237018,85,1514,Bronze INV,br_AdmissionAssessmentDimensionTwo,TASK_COMPLETE,FAILED,ERROR,427,427,1,SaveAdmissionAssessmentDimensionTwo Bronze ForEach failed,2026-08-20T00:29:28.539Z,2026-08-20T02:40:07.937Z,7839,2026-08-20T02:40:07.937Z,WIL,Wilson,2e0eb052-bb28-45b1-894f-8dc0851c56cc,SAMMS-Wilson
202608200219257404,202608200029337021,202608200029337018,86,5722,Silver INV,sl_AdmissionAssessmentDimensionTwo,TASK_COMPLETE,SKIPPED,WARN,0,0,0,Skipped: SaveAdmissionAssessmentDimensionTwo failed at BR,2026-08-20T00:29:28.539Z,2026-08-20T02:40:07.937Z,7839,2026-08-20T02:40:07.937Z,,,2e0eb052-bb28-45b1-894f-8dc0851c56cc,
202608200219257323,202608200029237936,202608200029237018,85,1518,Bronze INV,br_AdmissionAssessmentSummary,TASK_COMPLETE,FAILED,ERROR,117,117,1,SaveAdmissionAssessmentSummary Bronze ForEach failed,2026-08-20T00:29:28.539Z,2026-08-20T02:40:07.937Z,7839,2026-08-20T02:40:07.937Z,AHK,Ahoskie,2e0eb052-bb28-45b1-894f-8dc0851c56cc,SAMMS-Ahoskie
202608200219257324,202608200029237937,202608200029237018,85,1519,Bronze INV,br_AdmissionAssessmentSummary,TASK_COMPLETE,FAILED,ERROR,800,800,1,SaveAdmissionAssessmentSummary Bronze ForEach failed,2026-08-20T00:29:28.539Z,2026-08-20T02:40:07.937Z,7839,2026-08-20T02:40:07.937Z,B12B,Colorado Springs,2e0eb052-bb28-45b1-894f-8dc0851c56cc,SAMMS-ColoradoSpringsV5
202608200219257325,202608200029237938,202608200029237018,85,1520,Bronze INV,br_AdmissionAssessmentSummary,TASK_COMPLETE,FAILED,ERROR,435,435,1,SaveAdmissionAssessmentSummary Bronze ForEach failed,2026-08-20T00:29:28.539Z,2026-08-20T02:40:07.937Z,7839,2026-08-20T02:40:07.937Z,B24,Paintsville,2e0eb052-bb28-45b1-894f-8dc0851c56cc,SAMMS-PaintsvilleV5
202608200219257326,202608200029237939,202608200029237018,85,1521,Bronze INV,br_AdmissionAssessmentSummary,TASK_COMPLETE,FAILED,ERROR,174,174,1,SaveAdmissionAssessmentSummary Bronze ForEach failed,2026-08-20T00:29:28.539Z,2026-08-20T02:40:07.937Z,7839,2026-08-20T02:40:07.937Z,B25,Pikeville,2e0eb052-bb28-45b1-894f-8dc0851c56cc,SAMMS-PikevilleV5
202608200219257327,202608200029237940,202608200029237018,85,1522,Bronze INV,br_AdmissionAssessmentSummary,TASK_COMPLETE,FAILED,ERROR,501,501,1,SaveAdmissionAssessmentSummary Bronze ForEach failed,2026-08-20T00:29:28.539Z,2026-08-20T02:40:07.937Z,7839,2026-08-20T02:40:07.937Z,B26,Hazard,2e0eb052-bb28-45b1-894f-8dc0851c56cc,SAMMS-HazardV5
202608200219257329,202608200029237941,202608200029237018,85,1523,Bronze INV,br_AdmissionAssessmentSummary,TASK_COMPLETE,FAILED,ERROR,198,198,1,SaveAdmissionAssessmentSummary Bronze ForEach failed,2026-08-20T00:29:28.539Z,2026-08-20T02:40:07.937Z,7839,2026-08-20T02:40:07.937Z,B27,Savannah,2e0eb052-bb28-45b1-894f-8dc0851c56cc,SAMMS-SavannahV6
202608200219257330,202608200029237942,202608200029237018,85,1524,Bronze INV,br_AdmissionAssessmentSummary,TASK_COMPLETE,FAILED,ERROR,236,236,1,SaveAdmissionAssessmentSummary Bronze ForEach failed,2026-08-20T00:29:28.539Z,2026-08-20T02:40:07.937Z,7839,2026-08-20T02:40:07.937Z,B28,West Plains,2e0eb052-bb28-45b1-894f-8dc0851c56cc,SAMMS-WestPlainesV5
202608200219257331,202608200029237943,202608200029237018,85,1525,Bronze INV,br_AdmissionAssessmentSummary,TASK_COMPLETE,FAILED,ERROR,260,260,1,SaveAdmissionAssessmentSummary Bronze ForEach failed,2026-08-20T00:29:28.539Z,2026-08-20T02:40:07.937Z,7839,2026-08-20T02:40:07.937Z,B29,Poplar Bluff,2e0eb052-bb28-45b1-894f-8dc0851c56cc,SAMMS-PoplarBluffV5
202608200219257332,202608200029237944,202608200029237018,85,1526,Bronze INV,br_AdmissionAssessmentSummary,TASK_COMPLETE,FAILED,ERROR,163,163,1,SaveAdmissionAssessmentSummary Bronze ForEach failed,2026-08-20T00:29:28.539Z,2026-08-20T02:40:07.937Z,7839,2026-08-20T02:40:07.937Z,B30,KC North,2e0eb052-bb28-45b1-894f-8dc0851c56cc,SAMMS-KCNv5
202608200219257333,202608200029237945,202608200029237018,85,1527,Bronze INV,br_AdmissionAssessmentSummary,TASK_COMPLETE,FAILED,ERROR,382,382,1,SaveAdmissionAssessmentSummary Bronze ForEach failed,2026-08-20T00:29:28.539Z,2026-08-20T02:40:07.937Z,7839,2026-08-20T02:40:07.937Z,B31,Dyersburg,2e0eb052-bb28-45b1-894f-8dc0851c56cc,SAMMS-DyersburgV5
202608200219257334,202608200029237946,202608200029237018,85,1529,Bronze INV,br_AdmissionAssessmentSummary,TASK_COMPLETE,FAILED,ERROR,217,217,1,SaveAdmissionAssessmentSummary Bronze ForEach failed,2026-08-20T00:29:28.539Z,2026-08-20T02:40:07.937Z,7839,2026-08-20T02:40:07.937Z,B33,Paducah,2e0eb052-bb28-45b1-894f-8dc0851c56cc,SAMMS-Paducah
202608200219257335,202608200029237947,202608200029237018,85,1530,Bronze INV,br_AdmissionAssessmentSummary,TASK_COMPLETE,FAILED,ERROR,461,461,1,SaveAdmissionAssessmentSummary Bronze ForEach failed,2026-08-20T00:29:28.539Z,2026-08-20T02:40:07.937Z,7839,2026-08-20T02:40:07.937Z,B34,Corbin,2e0eb052-bb28-45b1-894f-8dc0851c56cc,SAMMS-CorbinV5
202608200219257337,202608200029237948,202608200029237018,85,1531,Bronze INV,br_AdmissionAssessmentSummary,TASK_COMPLETE,FAILED,ERROR,738,738,1,SaveAdmissionAssessmentSummary Bronze ForEach failed,2026-08-20T00:29:28.539Z,2026-08-20T02:40:07.937Z,7839,2026-08-20T02:40:07.937Z,B35,Lexington,2e0eb052-bb28-45b1-894f-8dc0851c56cc,SAMMS-LexingtonV5
202608200219257338,202608200029237949,202608200029237018,85,1532,Bronze INV,br_AdmissionAssessmentSummary,TASK_COMPLETE,FAILED,ERROR,358,358,1,SaveAdmissionAssessmentSummary Bronze ForEach failed,2026-08-20T00:29:28.539Z,2026-08-20T02:40:07.937Z,7839,2026-08-20T02:40:07.937Z,B35A,Berea,2e0eb052-bb28-45b1-894f-8dc0851c56cc,SAMMS-BereaV5
202608200219257339,202608200029237950,202608200029237018,85,1533,Bronze INV,br_AdmissionAssessmentSummary,TASK_COMPLETE,FAILED,ERROR,629,629,1,SaveAdmissionAssessmentSummary Bronze ForEach failed,2026-08-20T00:29:28.539Z,2026-08-20T02:40:07.937Z,7839,2026-08-20T02:40:07.937Z,B36,Asheville,2e0eb052-bb28-45b1-894f-8dc0851c56cc,SAMMS-AshevilleV5
202608200219257340,202608200029237951,202608200029237018,85,1534,Bronze INV,br_AdmissionAssessmentSummary,TASK_COMPLETE,FAILED,ERROR,469,469,1,SaveAdmissionAssessmentSummary Bronze ForEach failed,2026-08-20T00:29:28.539Z,2026-08-20T02:40:07.937Z,7839,2026-08-20T02:40:07.937Z,B37,Clyde,2e0eb052-bb28-45b1-894f-8dc0851c56cc,SAMMS-ClydeV5
202608200219257341,202608200029237952,202608200029237018,85,1535,Bronze INV,br_AdmissionAssessmentSummary,TASK_COMPLETE,FAILED,ERROR,641,641,1,SaveAdmissionAssessmentSummary Bronze ForEach failed,2026-08-20T00:29:28.539Z,2026-08-20T02:40:07.937Z,7839,2026-08-20T02:40:07.937Z,B38,Spartanburg,2e0eb052-bb28-45b1-894f-8dc0851c56cc,SAMMS-SpartanburgV5
202608200219257342,202608200029237953,202608200029237018,85,1536,Bronze INV,br_AdmissionAssessmentSummary,TASK_COMPLETE,FAILED,ERROR,492,492,1,SaveAdmissionAssessmentSummary Bronze ForEach failed,2026-08-20T00:29:28.539Z,2026-08-20T02:40:07.937Z,7839,2026-08-20T02:40:07.937Z,B39,Aiken,2e0eb052-bb28-45b1-894f-8dc0851c56cc,SAMMS-AikenV5
202608200219257343,202608200029237954,202608200029237018,85,1537,Bronze INV,br_AdmissionAssessmentSummary,TASK_COMPLETE,FAILED,ERROR,329,329,1,SaveAdmissionAssessmentSummary Bronze ForEach failed,2026-08-20T00:29:28.539Z,2026-08-20T02:40:07.937Z,7839,2026-08-20T02:40:07.937Z,B41,Chesapeake,2e0eb052-bb28-45b1-894f-8dc0851c56cc,SAMMS-ChesapeakeV5
202608200219257344,202608200029237955,202608200029237018,85,1538,Bronze INV,br_AdmissionAssessmentSummary,TASK_COMPLETE,FAILED,ERROR,568,568,1,SaveAdmissionAssessmentSummary Bronze ForEach failed,2026-08-20T00:29:28.539Z,2026-08-20T02:40:07.937Z,7839,2026-08-20T02:40:07.937Z,B42,Virginia Beach,2e0eb052-bb28-45b1-894f-8dc0851c56cc,SAMMS-VirginiaBeachV5
202608200219257346,202608200029237956,202608200029237018,85,1539,Bronze INV,br_AdmissionAssessmentSummary,TASK_COMPLETE,FAILED,ERROR,175,175,1,SaveAdmissionAssessmentSummary Bronze ForEach failed,2026-08-20T00:29:28.539Z,2026-08-20T02:40:07.937Z,7839,2026-08-20T02:40:07.937Z,B42A,Newport News,2e0eb052-bb28-45b1-894f-8dc0851c56cc,SAMMS-NewportNewsV5
202608200219257347,202608200029237957,202608200029237018,85,1540,Bronze INV,br_AdmissionAssessmentSummary,TASK_COMPLETE,FAILED,ERROR,61,61,1,SaveAdmissionAssessmentSummary Bronze ForEach failed,2026-08-20T00:29:28.539Z,2026-08-20T02:40:07.937Z,7839,2026-08-20T02:40:07.937Z,B42B,Franklin,2e0eb052-bb28-45b1-894f-8dc0851c56cc,SAMMS-FranklinV5
202608140450119841,202608140450119840,20260814045003,116,8626,Silver Patient Services,sl_patientservicesnoshow,TASK_FAILED,FAILED,ERROR,0,0,1,"[DELTA_CONCURRENT_APPEND] ConcurrentAppendException: Files were added to the root of the table by a concurrent update. Please try the operation again. Conflicting commit: {\"timestamp\":1786683138975,\"operation\":\"MERGE\",\"operationParameters\":{\"predicate\":[\"(TaskId#4534L = TaskId#731L)\"],\"matchedPredicates\":[{\"actionType\":\"update\"}],\"notMatchedPredicates\":[{\"actionType\":\"insert\"}],\"notMatchedBySourcePredicates\":[]},\"readVersion\":18595,\"isolationLevel\":\"Serializable\",\"isBlindAppend\":false,\"operationMetrics\":{\"numTargetRowsCopied\":\"1\",\"numTargetRowsDeleted\":\"0\",\"numTargetFilesAdded\":\"8\",\"numTargetBytesAdded\":\"108241\",\"numTargetBytesRemoved\":\"93278\",\"numTargetDeletionVectorsAdded\":\"0\",\"numTargetRowsMatchedUpdated\":\"48\",\"executionTimeMs\":\"54531\",\"numTargetRowsInserted\":\"0\",\"numTargetRowsMatchedDeleted\":\"0\",\"numTargetDeletionVectorsUpdated\":\"0\",\"scanTimeMs\":\"51942\",\"numTargetRowsUpdated\":\"48\",\"numOutputRows\":\"49\",\"numTargetDeletionVectorsRemoved\":\"0\",\"numTargetRowsNotMatchedBySourceUpdated\":\"0",2026-08-14T04:50:18.957Z,2026-08-14T04:52:33.087Z,131,2026-08-14T04:52:33.087Z,,,8afeda11-72f5-4cc2-8e9a-e32799df0848,
202608241912325124,202608241904401263,202608241904401259,7,94427,Bronze DoseExcuse,br_tblDoseExcuse,TASK_COMPLETE,FAILED,ERROR,0,0,1,"{'errorCode':'ActionFailed','message':'Activity failed because an inner activity failed; Inner activity name: Dose_excuse_src_to_brz, Error: Failure happened on 'destination' side. ErrorCode=DeltaProtocolConcurrentModification,'Type=Microsoft.DataTransfer.Common.Shared.HybridDeliveryException,Message=Hit an error in Lakehouse table creation: conflicting protocol upgrade. This could happen when multiple copy activity runs are creating or replacing a table at the same time. Please retry copy or prepare the table upfront.,Source=Microsoft.DataTransfer.ClientLibrary,'','failureType':'UserError','target':'fe_samms_doseexcuse','details':''}",2026-08-24T19:04:44.377Z,2026-08-24T19:15:19.610Z,635,2026-08-24T19:15:19.610Z,B12B,ColoradoSprings,0346ab63-a7c9-42d8-8f80-92ecf515f1ad,SAMMS-ColoradoSpringsV5
202608212101410987,202608212020691650,202608212020690709,88,5610,P1 Reference Preadmission Referral Source Bronze - B35A,br_samms_preadmission_referral_source,TASK_COMPLETE,SUCCESS,INFO,484,484,0,,2026-08-21T20:21:13.701Z,2026-08-21T21:04:00.531Z,2567,2026-08-21T21:04:00.531Z,B35A,Berea,8488c727-7e26-424c-b4ea-f3ce6564dbed,SAMMS-BereaV5
202608212101410988,202608212020691651,202608212020690709,88,5611,P1 Reference Preadmission Referral Source Bronze - B36,br_samms_preadmission_referral_source,TASK_COMPLETE,SUCCESS,INFO,438,438,0,,2026-08-21T20:21:13.701Z,2026-08-21T21:04:00.531Z,2567,2026-08-21T21:04:00.531Z,B36,Asheville,8488c727-7e26-424c-b4ea-f3ce6564dbed,SAMMS-AshevilleV5
202608212101410989,202608212020691652,202608212020690709,88,5612,P1 Reference Preadmission Referral Source Bronze - B37,br_samms_preadmission_referral_source,TASK_COMPLETE,SUCCESS,INFO,330,330,0,,2026-08-21T20:21:13.701Z,2026-08-21T21:04:00.531Z,2567,2026-08-21T21:04:00.531Z,B37,Clyde,8488c727-7e26-424c-b4ea-f3ce6564dbed,SAMMS-ClydeV5
202608212101410991,202608212020691653,202608212020690709,88,5613,P1 Reference Preadmission Referral Source Bronze - B38,br_samms_preadmission_referral_source,TASK_COMPLETE,SUCCESS,INFO,455,455,0,,2026-08-21T20:21:13.701Z,2026-08-21T21:04:00.531Z,2567,2026-08-21T21:04:00.531Z,B38,Spartanburg,8488c727-7e26-424c-b4ea-f3ce6564dbed,SAMMS-SpartanburgV5
202608212101410992,202608212020691654,202608212020690709,88,5614,P1 Reference Preadmission Referral Source Bronze - B39,br_samms_preadmission_referral_source,TASK_COMPLETE,SUCCESS,INFO,407,407,0,,2026-08-21T20:21:13.701Z,2026-08-21T21:04:00.531Z,2567,2026-08-21T21:04:00.531Z,B39,Aiken,8488c727-7e26-424c-b4ea-f3ce6564dbed,SAMMS-AikenV5
202608212101410993,202608212020691655,202608212020690709,88,5615,P1 Reference Preadmission Referral Source Bronze - B41,br_samms_preadmission_referral_source,TASK_COMPLETE,SUCCESS,INFO,471,471,0,,2026-08-21T20:21:13.701Z,2026-08-21T21:04:00.531Z,2567,2026-08-21T21:04:00.531Z,B41,Chesapeake,8488c727-7e26-424c-b4ea-f3ce6564dbed,SAMMS-ChesapeakeV5
202608212101410995,202608212020691656,202608212020690709,88,5616,P1 Reference Preadmission Referral Source Bronze - B42,br_samms_preadmission_referral_source,TASK_COMPLETE,SUCCESS,INFO,882,882,0,,2026-08-21T20:21:13.701Z,2026-08-21T21:04:00.531Z,2567,2026-08-21T21:04:00.531Z,B42,VirginiaBeach,8488c727-7e26-424c-b4ea-f3ce6564dbed,SAMMS-VirginiaBeachV5
202608212101410996,202608212020691657,202608212020690709,88,5617,P1 Reference Preadmission Referral Source Bronze - B42A,br_samms_preadmission_referral_source,TASK_COMPLETE,SUCCESS,INFO,366,366,0,,2026-08-21T20:21:13.701Z,2026-08-21T21:04:00.531Z,2567,2026-08-21T21:04:00.531Z,B42A,NewportNews,8488c727-7e26-424c-b4ea-f3ce6564dbed,SAMMS-NewportNewsV5
202608212101410997,202608212020691658,202608212020690709,88,5618,P1 Reference Preadmission Referral Source Bronze - B42B,br_samms_preadmission_referral_source,TASK_COMPLETE,SUCCESS,INFO,98,98,0,,2026-08-21T20:21:13.701Z,2026-08-21T21:04:00.531Z,2567,2026-08-21T21:04:00.531Z,B42B,Franklin,8488c727-7e26-424c-b4ea-f3ce6564dbed,SAMMS-FranklinV5
202608212101410999,202608212020691659,202608212020690709,88,5619,P1 Reference Preadmission Referral Source Bronze - B42C,br_samms_preadmission_referral_source,TASK_COMPLETE,SUCCESS,INFO,506,506,0,,2026-08-21T20:21:13.701Z,2026-08-21T21:04:00.531Z,2567,2026-08-21T21:04:00.531Z,B42C,GlenAllen,8488c727-7e26-424c-b4ea-f3ce6564dbed,SAMMS-GlenAllenV5
202608212101411000,202608212020691660,202608212020690709,88,5620,P1 Reference Preadmission Referral Source Bronze - B42D,br_samms_preadmission_referral_source,TASK_COMPLETE,SUCCESS,INFO,271,271,0,,2026-08-21T20:21:13.701Z,2026-08-21T21:04:00.531Z,2567,2026-08-21T21:04:00.531Z,B42D,ChesapeakeSouth,8488c727-7e26-424c-b4ea-f3ce6564dbed,SAMMS-ChesapeakeSouthV5
202608212101411001,202608212020691661,202608212020690709,88,5621,P1 Reference Preadmission Referral Source Bronze - B44,br_samms_preadmission_referral_source,TASK_COMPLETE,SUCCESS,INFO,153,153,0,,2026-08-21T20:21:13.701Z,2026-08-21T21:04:00.531Z,2567,2026-08-21T21:04:00.531Z,B44,Albany,8488c727-7e26-424c-b4ea-f3ce6564dbed,SAMMS-AlbanyV5
202608212101411003,202608212020691662,202608212020690709,88,5622,P1 Reference Preadmission Referral Source Bronze - B45,br_samms_preadmission_referral_source,TASK_COMPLETE,SUCCESS,INFO,220,220,0,,2026-08-21T20:21:13.701Z,2026-08-21T21:04:00.531Z,2567,2026-08-21T21:04:00.531Z,B45,Tifton,8488c727-7e26-424c-b4ea-f3ce6564dbed,SAMMS-TiftonV5
202608212101411004,202608212020691663,202608212020690709,88,5623,P1 Reference Preadmission Referral Source Bronze - B46,br_samms_preadmission_referral_source,TASK_COMPLETE,SUCCESS,INFO,909,909,0,,2026-08-21T20:21:13.701Z,2026-08-21T21:04:00.531Z,2567,2026-08-21T21:04:00.531Z,B46,WashingtonDC,8488c727-7e26-424c-b4ea-f3ce6564dbed,SAMMS-WashingtonDCv5
202608212101411005,202608212020691664,202608212020690709,88,5624,P1 Reference Preadmission Referral Source Bronze - B47,br_samms_preadmission_referral_source,TASK_COMPLETE,SUCCESS,INFO,232,232,0,,2026-08-21T20:21:13.701Z,2026-08-21T21:04:00.531Z,2567,2026-08-21T21:04:00.531Z,B47,Mobile,8488c727-7e26-424c-b4ea-f3ce6564dbed,SAMMS-MobileV5
202608212101411007,202608212020691665,202608212020690709,88,5625,P1 Reference Preadmission Referral Source Bronze - B48,br_samms_preadmission_referral_source,TASK_COMPLETE,SUCCESS,INFO,346,346,0,,2026-08-21T20:21:13.701Z,2026-08-21T21:04:00.531Z,2567,2026-08-21T21:04:00.531Z,B48,Tuscaloosa,8488c727-7e26-424c-b4ea-f3ce6564dbed,SAMMS-TuscaloosaV5
202608212101411008,202608212020691666,202608212020690709,88,5626,P1 Reference Preadmission Referral Source Bronze - B51,br_samms_preadmission_referral_source,TASK_COMPLETE,SUCCESS,INFO,267,267,0,,2026-08-21T20:21:13.701Z,2026-08-21T21:04:00.531Z,2567,2026-08-21T21:04:00.531Z,B51,NorthLittleRock,8488c727-7e26-424c-b4ea-f3ce6564dbed,SAMMS-NorthLittleRockV6
202608212101411009,202608212020691667,202608212020690709,88,5627,P1 Reference Preadmission Referral Source Bronze - B52,br_samms_preadmission_referral_source,TASK_COMPLETE,SUCCESS,INFO,129,129,0,,2026-08-21T20:21:13.701Z,2026-08-21T21:04:00.531Z,2567,2026-08-21T21:04:00.531Z,B52,JacksonGA,8488c727-7e26-424c-b4ea-f3ce6564dbed,SAMMS-JacksonGAV5
202608212101411011,202608212020691668,202608212020690709,88,5628,P1 Reference Preadmission Referral Source Bronze - B54,br_samms_preadmission_referral_source,TASK_COMPLETE,SUCCESS,INFO,386,386,0,,2026-08-21T20:21:13.701Z,2026-08-21T21:04:00.531Z,2567,2026-08-21T21:04:00.531Z,B54,Gadsden,8488c727-7e26-424c-b4ea-f3ce6564dbed,SAMMS-GadsdenV5
202608212101411012,202608212020691669,202608212020690709,88,5629,P1 Reference Preadmission Referral Source Bronze - B55,br_samms_preadmission_referral_source,TASK_COMPLETE,SUCCESS,INFO,369,369,0,,2026-08-21T20:21:13.701Z,2026-08-21T21:04:00.531Z,2567,2026-08-21T21:04:00.531Z,B55,Shoals,8488c727-7e26-424c-b4ea-f3ce6564dbed,SAMMS-ShoalsV5
202608212101411014,202608212020691670,202608212020690709,88,5630,P1 Reference Preadmission Referral Source Bronze - B57,br_samms_preadmission_referral_source,TASK_COMPLETE,SUCCESS,INFO,100,100,0,,2026-08-21T20:21:13.701Z,2026-08-21T21:04:00.531Z,2567,2026-08-21T21:04:00.531Z,B57,Pawtucket,8488c727-7e26-424c-b4ea-f3ce6564dbed,SAMMS-Pawtucket
202608212101411015,202608212020691671,202608212020690709,88,5631,P1 Reference Preadmission Referral Source Bronze - B57A,br_samms_preadmission_referral_source,TASK_COMPLETE,SUCCESS,INFO,118,118,0,,2026-08-21T20:21:13.701Z,2026-08-21T21:04:00.531Z,2567,2026-08-21T21:04:00.531Z,B57A,Johnston,8488c727-7e26-424c-b4ea-f3ce6564dbed,SAMMS-Johnston
202608212101411017,202608212020691672,202608212020690709,88,5632,P1 Reference Preadmission Referral Source Bronze - B57B,br_samms_preadmission_referral_source,TASK_COMPLETE,SUCCESS,INFO,74,74,0,,2026-08-21T20:21:13.701Z,2026-08-21T21:04:00.531Z,2567,2026-08-21T21:04:00.531Z,B57B,Middletown,8488c727-7e26-424c-b4ea-f3ce6564dbed,SAMMS-Middletown
202608212101411018,202608212020691673,202608212020690709,88,5633,P1 Reference Preadmission Referral Source Bronze - B57C,br_samms_preadmission_referral_source,TASK_COMPLETE,SUCCESS,INFO,134,134,0,,2026-08-21T20:21:13.701Z,2026-08-21T21:04:00.531Z,2567,2026-08-21T21:04:00.531Z,B57C,Providence,8488c727-7e26-424c-b4ea-f3ce6564dbed,SAMMS-Providence
202608212101411019,202608212020691674,202608212020690709,88,5634,P1 Reference Preadmission Referral Source Bronze - B57D,br_samms_preadmission_referral_source,TASK_COMPLETE,SUCCESS,INFO,175,175,0,,2026-08-21T20:21:13.701Z,2026-08-21T21:04:00.531Z,2567,2026-08-21T21:04:00.531Z,B57D,Westerly,8488c727-7e26-424c-b4ea-f3ce6564dbed,SAMMS-Westerly
202608212101411021,202608212020691675,202608212020690709,88,5635,P1 Reference Preadmission Referral Source Bronze - B66A,br_samms_preadmission_referral_source,TASK_COMPLETE,SUCCESS,INFO,220,220,0,,2026-08-21T20:21:13.701Z,2026-08-21T21:04:00.531Z,2567,2026-08-21T21:04:00.531Z,B66A,Bremen,8488c727-7e26-424c-b4ea-f3ce6564dbed,SAMMS-Bremen
202608212101411022,202608212020691676,202608212020690709,88,5636,P1 Reference Preadmission Referral Source Bronze - B72,br_samms_preadmission_referral_source,TASK_COMPLETE,SUCCESS,INFO,407,407,0,,2026-08-21T20:21:13.701Z,2026-08-21T21:04:00.531Z,2567,2026-08-21T21:04:00.531Z,B72,Mobile-OBOT,8488c727-7e26-424c-b4ea-f3ce6564dbed,SAMMS-Mobile-OBOT
202608212101411024,202608212020691677,202608212020690709,88,5637,P1 Reference Preadmission Referral Source Bronze - B73,br_samms_preadmission_referral_source,TASK_COMPLETE,SUCCESS,INFO,216,216,0,,2026-08-21T20:21:13.701Z,2026-08-21T21:04:00.531Z,2567,2026-08-21T21:04:00.531Z,B73,Montgomery,8488c727-7e26-424c-b4ea-f3ce6564dbed,SAMMS-Montgomery
202608212101411026,202608212020691678,202608212020690709,88,5638,P1 Reference Preadmission Referral Source Bronze - B75,br_samms_preadmission_referral_source,TASK_COMPLETE,SUCCESS,INFO,225,225,0,,2026-08-21T20:21:13.701Z,2026-08-21T21:04:00.531Z,2567,2026-08-21T21:04:00.531Z,B75,Lawrence,8488c727-7e26-424c-b4ea-f3ce6564dbed,SAMMS-LawrenceV6
202608212101411027,202608212020691679,202608212020690709,88,5639,P1 Reference Preadmission Referral Source Bronze - B76,br_samms_preadmission_referral_source,TASK_COMPLETE,SUCCESS,INFO,261,261,0,,2026-08-21T20:21:13.701Z,2026-08-21T21:04:00.531Z,2567,2026-08-21T21:04:00.531Z,B76,Huntsville-OBOT,8488c727-7e26-424c-b4ea-f3ce6564dbed,SAMMS-Huntsville-OBOT
202608212101411028,202608212020691680,202608212020690709,88,5640,P1 Reference Preadmission Referral Source Bronze - BAT,br_samms_preadmission_referral_source,TASK_COMPLETE,SUCCESS,INFO,242,242,0,,2026-08-21T20:21:13.701Z,2026-08-21T21:04:00.531Z,2567,2026-08-21T21:04:00.531Z,BAT,Batesville,8488c727-7e26-424c-b4ea-f3ce6564dbed,SAMMS-Batesville
202608212101411030,202608212020691681,202608212020690709,88,5641,P1 Reference Preadmission Referral Source Bronze - BG,br_samms_preadmission_referral_source,TASK_COMPLETE,SUCCESS,INFO,413,413,0,,2026-08-21T20:21:13.701Z,2026-08-21T21:04:00.531Z,2567,2026-08-21T21:04:00.531Z,BG,BowlingGreen,8488c727-7e26-424c-b4ea-f3ce6564dbed,SAMMS-BowlingGreen
202608212101411032,202608212020691682,202608212020690709,88,5642,P1 Reference Preadmission Referral Source Bronze - BOI,br_samms_preadmission_referral_source,TASK_COMPLETE,SUCCESS,INFO,179,179,0,,2026-08-21T20:21:13.701Z,2026-08-21T21:04:00.531Z,2567,2026-08-21T21:04:00.531Z,BOI,Boise,8488c727-7e26-424c-b4ea-f3ce6564dbed,SAMMS-Boise
202608212101411033,202608212020691683,202608212020690709,88,5643,P1 Reference Preadmission Referral Source Bronze - CBCO,br_samms_preadmission_referral_source,TASK_COMPLETE,SUCCESS,INFO,173,173,0,,2026-08-21T20:21:13.701Z,2026-08-21T21:04:00.531Z,2567,2026-08-21T21:04:00.531Z,CBCO,CoeurdAlene,8488c727-7e26-424c-b4ea-f3ce6564dbed,SAMMS-CoeurdAleneV6
202608212101411035,202608212020691684,202608212020690709,88,5644,P1 Reference Preadmission Referral Source Bronze - CON,br_samms_preadmission_referral_source,TASK_COMPLETE,SUCCESS,INFO,301,301,0,,2026-08-21T20:21:13.701Z,2026-08-21T21:04:00.531Z,2567,2026-08-21T21:04:00.531Z,CON,Conway,8488c727-7e26-424c-b4ea-f3ce6564dbed,SAMMS-Conway
202608212101411036,202608212020691685,202608212020690709,88,5645,P1 Reference Preadmission Referral Source Bronze - D07,br_samms_preadmission_referral_source,TASK_COMPLETE,SUCCESS,INFO,499,499,0,,2026-08-21T20:21:13.701Z,2026-08-21T21:04:00.531Z,2567,2026-08-21T21:04:00.531Z,D07,Knoxville,8488c727-7e26-424c-b4ea-f3ce6564dbed,SAMMS-KnoxvilleV6
202608212101411038,202608212020691686,202608212020690709,88,5646,P1 Reference Preadmission Referral Source Bronze - D08,br_samms_preadmission_referral_source,TASK_COMPLETE,SUCCESS,INFO,457,457,0,,2026-08-21T20:21:13.701Z,2026-08-21T21:04:00.531Z,2567,2026-08-21T21:04:00.531Z,D08,Madison,8488c727-7e26-424c-b4ea-f3ce6564dbed,SAMMS-MadisonV6
202608212101411039,202608212020691687,202608212020690709,88,5647,P1 Reference Preadmission Referral Source Bronze - D09,br_samms_preadmission_referral_source,TASK_COMPLETE,SUCCESS,INFO,455,455,0,,2026-08-21T20:21:13.701Z,2026-08-21T21:04:00.531Z,2567,2026-08-21T21:04:00.531Z,D09,Murfreesboro,8488c727-7e26-424c-b4ea-f3ce6564dbed,SAMMS-MurfreesboroV6
202608212101411041,202608212020691688,202608212020690709,88,5648,P1 Reference Preadmission Referral Source Bronze - DA,br_samms_preadmission_referral_source,TASK_COMPLETE,SUCCESS,INFO,249,249,0,,2026-08-21T20:21:13.701Z,2026-08-21T21:04:00.531Z,2567,2026-08-21T21:04:00.531Z,DA,Davenport,8488c727-7e26-424c-b4ea-f3ce6564dbed,SAMMS-Davenport
202608212101411042,202608212020691689,202608212020690709,88,5649,P1 Reference Preadmission Referral Source Bronze - DM,br_samms_preadmission_referral_source,TASK_COMPLETE,SUCCESS,INFO,334,334,0,,2026-08-21T20:21:13.701Z,2026-08-21T21:04:00.531Z,2567,2026-08-21T21:04:00.531Z,DM,DesMoines,8488c727-7e26-424c-b4ea-f3ce6564dbed,SAMMS-DesMoines
202608212101411044,202608212020691690,202608212020690709,88,5650,P1 Reference Preadmission Referral Source Bronze - DRD-CO,br_samms_preadmission_referral_source,TASK_COMPLETE,SUCCESS,INFO,383,383,0,,2026-08-21T20:21:13.701Z,2026-08-21T21:04:00.531Z,2567,2026-08-21T21:04:00.531Z,DRD-CO,Columbia,8488c727-7e26-424c-b4ea-f3ce6564dbed,SAMMS-ColumbiaV5
202608212101411046,202608212020691691,202608212020690709,88,5651,P1 Reference Preadmission Referral Source Bronze - DRD-KC,br_samms_preadmission_referral_source,TASK_COMPLETE,SUCCESS,INFO,558,558,0,,2026-08-21T20:21:13.701Z,2026-08-21T21:04:00.531Z,2567,2026-08-21T21:04:00.531Z,DRD-KC,KC,8488c727-7e26-424c-b4ea-f3ce6564dbed,SAMMS-KCv5
202608212101411047,202608212020691692,202608212020690709,88,5652,P1 Reference Preadmission Referral Source Bronze - DRD-KVB,br_samms_preadmission_referral_source,TASK_COMPLETE,SUCCESS,INFO,653,653,0,,2026-08-21T20:21:13.701Z,2026-08-21T21:04:00.531Z,2567,2026-08-21T21:04:00.531Z,DRD-KVB,KVB,8488c727-7e26-424c-b4ea-f3ce6564dbed,SAMMS-KVBv5
202608212101411049,202608212020691693,202608212020690709,88,5653,P1 Reference Preadmission Referral Source Bronze - DRD-KVC,br_samms_preadmission_referral_source,TASK_COMPLETE,SUCCESS,INFO,1218,1218,0,,2026-08-21T20:21:13.701Z,2026-08-21T21:04:00.531Z,2567,2026-08-21T21:04:00.531Z,DRD-KVC,KVC,8488c727-7e26-424c-b4ea-f3ce6564dbed,SAMMS-KVCv5
202608212101411051,202608212020691694,202608212020690709,88,5654,P1 Reference Preadmission Referral Source Bronze - DRD-NOLA,br_samms_preadmission_referral_source,TASK_COMPLETE,SUCCESS,INFO,868,868,0,,2026-08-21T20:21:13.701Z,2026-08-21T21:04:00.531Z,2567,2026-08-21T21:04:00.531Z,DRD-NOLA,NOLA,8488c727-7e26-424c-b4ea-f3ce6564dbed,SAMMS-NOLAv5
202608212101411052,202608212020691695,202608212020690709,88,5655,P1 Reference Preadmission Referral Source Bronze - DRD-SF,br_samms_preadmission_referral_source,TASK_COMPLETE,SUCCESS,INFO,565,565,0,,2026-08-21T20:21:13.701Z,2026-08-21T21:04:00.531Z,2567,2026-08-21T21:04:00.531Z,DRD-SF,SF,8488c727-7e26-424c-b4ea-f3ce6564dbed,SAMMS-SFv5
202608212101411054,202608212020691696,202608212020690709,88,5656,P1 Reference Preadmission Referral Source Bronze - ELC,br_samms_preadmission_referral_source,TASK_COMPLETE,SUCCESS,INFO,214,214,0,,2026-08-21T20:21:13.701Z,2026-08-21T21:04:00.531Z,2567,2026-08-21T21:04:00.531Z,ELC,ElizabethCity,8488c727-7e26-424c-b4ea-f3ce6564dbed,SAMMS-ElizabethCity
202608212101411056,202608212020691697,202608212020690709,88,5657,P1 Reference Preadmission Referral Source Bronze - ET,br_samms_preadmission_referral_source,TASK_COMPLETE,SUCCESS,INFO,348,348,0,,2026-08-21T20:21:13.701Z,2026-08-21T21:04:00.531Z,2567,2026-08-21T21:04:00.531Z,ET,Elizabethtown,8488c727-7e26-424c-b4ea-f3ce6564dbed,SAMMS-Elizabethtown
202608212101411058,202608212020691698,202608212020690709,88,5658,P1 Reference Preadmission Referral Source Bronze - FAY,br_samms_preadmission_referral_source,TASK_COMPLETE,SUCCESS,INFO,234,234,0,,2026-08-21T20:21:13.701Z,2026-08-21T21:04:00.531Z,2567,2026-08-21T21:04:00.531Z,FAY,Fayetteville,8488c727-7e26-424c-b4ea-f3ce6564dbed,SAMMS-Fayetteville
202608212101411060,202608212020691699,202608212020690709,88,5659,P1 Reference Preadmission Referral Source Bronze - FR,br_samms_preadmission_referral_source,TASK_COMPLETE,SUCCESS,INFO,272,272,0,,2026-08-21T20:21:13.701Z,2026-08-21T21:04:00.531Z,2567,2026-08-21T21:04:00.531Z,FR,Frankfort,8488c727-7e26-424c-b4ea-f3ce6564dbed,SAMMS-Frankfort
202608212101411061,202608212020691700,202608212020690709,88,5660,P1 Reference Preadmission Referral Source Bronze - FS,br_samms_preadmission_referral_source,TASK_COMPLETE,SUCCESS,INFO,235,235,0,,2026-08-21T20:21:13.701Z,2026-08-21T21:04:00.531Z,2567,2026-08-21T21:04:00.531Z,FS,FortSmith,8488c727-7e26-424c-b4ea-f3ce6564dbed,SAMMS-FortSmith
202608212101411063,202608212020691701,202608212020690709,88,5661,P1 Reference Preadmission Referral Source Bronze - FW,br_samms_preadmission_referral_source,TASK_COMPLETE,SUCCESS,INFO,448,448,0,,2026-08-21T20:21:13.701Z,2026-08-21T21:04:00.531Z,2567,2026-08-21T21:04:00.531Z,FW,FortWayne,8488c727-7e26-424c-b4ea-f3ce6564dbed,SAMMS-FortWayne
202608212101411065,202608212020691702,202608212020690709,88,5662,P1 Reference Preadmission Referral Source Bronze - GAL,br_samms_preadmission_referral_source,TASK_COMPLETE,SUCCESS,INFO,162,162,0,,2026-08-21T20:21:13.701Z,2026-08-21T21:04:00.531Z,2567,2026-08-21T21:04:00.531Z,GAL,Gaylord,8488c727-7e26-424c-b4ea-f3ce6564dbed,SAMMS-Gaylord
202608212101411067,202608212020691703,202608212020690709,88,5663,P1 Reference Preadmission Referral Source Bronze - HGT,br_samms_preadmission_referral_source,TASK_COMPLETE,SUCCESS,INFO,354,354,0,,2026-08-21T20:21:13.701Z,2026-08-21T21:04:00.531Z,2567,2026-08-21T21:04:00.531Z,HGT,Hagerstown,8488c727-7e26-424c-b4ea-f3ce6564dbed,SAMMS-Hagerstown
202608212101411069,202608212020691704,202608212020690709,88,5664,P1 Reference Preadmission Referral Source Bronze - HNT,br_samms_preadmission_referral_source,TASK_COMPLETE,SUCCESS,INFO,358,358,0,,2026-08-21T20:21:13.701Z,2026-08-21T21:04:00.531Z,2567,2026-08-21T21:04:00.531Z,HNT,Huntsville,8488c727-7e26-424c-b4ea-f3ce6564dbed,SAMMS-Huntsville
202608212101411071,202608212020691705,202608212020690709,88,5665,P1 Reference Preadmission Referral Source Bronze - HS,br_samms_preadmission_referral_source,TASK_COMPLETE,SUCCESS,INFO,310,310,0,,2026-08-21T20:21:13.701Z,2026-08-21T21:04:00.531Z,2567,2026-08-21T21:04:00.531Z,HS,HotSprings,8488c727-7e26-424c-b4ea-f3ce6564dbed,SAMMS-HotSprings
202608212101411072,202608212020691706,202608212020690709,88,5666,P1 Reference Preadmission Referral Source Bronze - JON,br_samms_preadmission_referral_source,TASK_COMPLETE,SUCCESS,INFO,205,205,0,,2026-08-21T20:21:13.701Z,2026-08-21T21:04:00.531Z,2567,2026-08-21T21:04:00.531Z,JON,Jonesboro,8488c727-7e26-424c-b4ea-f3ce6564dbed,SAMMS-Jonesboro
202608212101411074,202608212020691707,202608212020690709,88,5667,P1 Reference Preadmission Referral Source Bronze - LAN,br_samms_preadmission_referral_source,TASK_COMPLETE,SUCCESS,INFO,357,357,0,,2026-08-21T20:21:13.701Z,2026-08-21T21:04:00.531Z,2567,2026-08-21T21:04:00.531Z,LAN,Lansing,8488c727-7e26-424c-b4ea-f3ce6564dbed,SAMMS-Lansing
202608212101411076,202608212020691708,202608212020690709,88,5668,P1 Reference Preadmission Referral Source Bronze - LO,br_samms_preadmission_referral_source,TASK_COMPLETE,SUCCESS,INFO,512,512,0,,2026-08-21T20:21:13.701Z,2026-08-21T21:04:00.531Z,2567,2026-08-21T21:04:00.531Z,LO,Louisville,8488c727-7e26-424c-b4ea-f3ce6564dbed,SAMMS-Louisville
202608212101411078,202608212020691709,202608212020690709,88,5669,P1 Reference Preadmission Referral Source Bronze - LV1,br_samms_preadmission_referral_source,TASK_COMPLETE,SUCCESS,INFO,925,925,0,,2026-08-21T20:21:13.701Z,2026-08-21T21:04:00.531Z,2567,2026-08-21T21:04:00.531Z,LV1,Cheyenne,8488c727-7e26-424c-b4ea-f3ce6564dbed,SAMMS-Cheyenne
202608212101411080,202608212020691710,202608212020690709,88,5670,P1 Reference Preadmission Referral Source Bronze - LV2,br_samms_preadmission_referral_source,TASK_COMPLETE,SUCCESS,INFO,988,988,0,,2026-08-21T20:21:13.701Z,2026-08-21T21:04:00.531Z,2567,2026-08-21T21:04:00.531Z,LV2,DesertInn,8488c727-7e26-424c-b4ea-f3ce6564dbed,SAMMS-DesertInn
202608212101411082,202608212020691711,202608212020690709,88,5671,P1 Reference Preadmission Referral Source Bronze - LV3,br_samms_preadmission_referral_source,TASK_COMPLETE,SUCCESS,INFO,329,329,0,,2026-08-21T20:21:13.701Z,2026-08-21T21:04:00.531Z,2567,2026-08-21T21:04:00.531Z,LV3,McDaniel,8488c727-7e26-424c-b4ea-f3ce6564dbed,SAMMS-McDaniel
202608212101411083,202608212020691712,202608212020690709,88,5672,P1 Reference Preadmission Referral Source Bronze - MNRE,br_samms_preadmission_referral_source,TASK_COMPLETE,SUCCESS,INFO,224,224,0,,2026-08-21T20:21:13.701Z,2026-08-21T21:04:00.531Z,2567,2026-08-21T21:04:00.531Z,MNRE,Monroe,8488c727-7e26-424c-b4ea-f3ce6564dbed,SAMMS-Monroe
202608212101411085,202608212020691713,202608212020690709,88,5673,P1 Reference Preadmission Referral Source Bronze - MP,br_samms_preadmission_referral_source,TASK_COMPLETE,SUCCESS,INFO,295,295,0,,2026-08-21T20:21:13.701Z,2026-08-21T21:04:00.531Z,2567,2026-08-21T21:04:00.531Z,MP,MtPleasant,8488c727-7e26-424c-b4ea-f3ce6564dbed,SAMMS-MtPleasant
202608212101411087,202608212020691714,202608212020690709,88,5674,P1 Reference Preadmission Referral Source Bronze - MRD,br_samms_preadmission_referral_source,TASK_COMPLETE,SUCCESS,INFO,139,139,0,,2026-08-21T20:21:13.701Z,2026-08-21T21:04:00.531Z,2567,2026-08-21T21:04:00.531Z,MRD,Meridian,8488c727-7e26-424c-b4ea-f3ce6564dbed,SAMMS-Meridian
202608212101410424,202608212020691329,202608212020690709,88,5282,P1 Reference Custom Answers Bronze - B72,br_samms_custom_answers,TASK_COMPLETE,SUCCESS,INFO,824,824,0,,2026-08-21T20:21:13.701Z,2026-08-21T21:04:00.531Z,2567,2026-08-21T21:04:00.531Z,B72,Mobile-OBOT,8488c727-7e26-424c-b4ea-f3ce6564dbed,SAMMS-Mobile-OBOT
202608212101410426,202608212020691330,202608212020690709,88,5283,P1 Reference Custom Answers Bronze - B73,br_samms_custom_answers,TASK_COMPLETE,SUCCESS,INFO,284,284,0,,2026-08-21T20:21:13.701Z,2026-08-21T21:04:00.531Z,2567,2026-08-21T21:04:00.531Z,B73,Montgomery,8488c727-7e26-424c-b4ea-f3ce6564dbed,SAMMS-Montgomery
202608212101410428,202608212020691331,202608212020690709,88,5284,P1 Reference Custom Answers Bronze - B75,br_samms_custom_answers,TASK_COMPLETE,SUCCESS,INFO,472,472,0,,2026-08-21T20:21:13.701Z,2026-08-21T21:04:00.531Z,2567,2026-08-21T21:04:00.531Z,B75,Lawrence,8488c727-7e26-424c-b4ea-f3ce6564dbed,SAMMS-LawrenceV6
202608212101410429,202608212020691332,202608212020690709,88,5285,P1 Reference Custom Answers Bronze - B76,br_samms_custom_answers,TASK_COMPLETE,SUCCESS,INFO,88,88,0,,2026-08-21T20:21:13.701Z,2026-08-21T21:04:00.531Z,2567,2026-08-21T21:04:00.531Z,B76,Huntsville-OBOT,8488c727-7e26-424c-b4ea-f3ce6564dbed,SAMMS-Huntsville-OBOT
202608212101410431,202608212020691333,202608212020690709,88,5286,P1 Reference Custom Answers Bronze - BAT,br_samms_custom_answers,TASK_COMPLETE,SUCCESS,INFO,194,194,0,,2026-08-21T20:21:13.701Z,2026-08-21T21:04:00.531Z,2567,2026-08-21T21:04:00.531Z,BAT,Batesville,8488c727-7e26-424c-b4ea-f3ce6564dbed,SAMMS-Batesville
202608212101410433,202608212020691334,202608212020690709,88,5287,P1 Reference Custom Answers Bronze - BG,br_samms_custom_answers,TASK_COMPLETE,SUCCESS,INFO,654,654,0,,2026-08-21T20:21:13.701Z,2026-08-21T21:04:00.531Z,2567,2026-08-21T21:04:00.531Z,BG,BowlingGreen,8488c727-7e26-424c-b4ea-f3ce6564dbed,SAMMS-BowlingGreen
202608212101410434,202608212020691335,202608212020690709,88,5288,P1 Reference Custom Answers Bronze - BOI,br_samms_custom_answers,TASK_COMPLETE,SUCCESS,INFO,254,254,0,,2026-08-21T20:21:13.701Z,2026-08-21T21:04:00.531Z,2567,2026-08-21T21:04:00.531Z,BOI,Boise,8488c727-7e26-424c-b4ea-f3ce6564dbed,SAMMS-Boise
202608212101410436,202608212020691336,202608212020690709,88,5289,P1 Reference Custom Answers Bronze - CBCO,br_samms_custom_answers,TASK_COMPLETE,SUCCESS,INFO,446,446,0,,2026-08-21T20:21:13.701Z,2026-08-21T21:04:00.531Z,2567,2026-08-21T21:04:00.531Z,CBCO,CoeurdAlene,8488c727-7e26-424c-b4ea-f3ce6564dbed,SAMMS-CoeurdAleneV6
202608212101410438,202608212020691337,202608212020690709,88,5290,P1 Reference Custom Answers Bronze - CON,br_samms_custom_answers,TASK_COMPLETE,SUCCESS,INFO,246,246,0,,2026-08-21T20:21:13.701Z,2026-08-21T21:04:00.531Z,2567,2026-08-21T21:04:00.531Z,CON,Conway,8488c727-7e26-424c-b4ea-f3ce6564dbed,SAMMS-Conway
202608212101410440,202608212020691338,202608212020690709,88,5291,P1 Reference Custom Answers Bronze - D07,br_samms_custom_answers,TASK_COMPLETE,SUCCESS,INFO,1838,1838,0,,2026-08-21T20:21:13.701Z,2026-08-21T21:04:00.531Z,2567,2026-08-21T21:04:00.531Z,D07,Knoxville,8488c727-7e26-424c-b4ea-f3ce6564dbed,SAMMS-KnoxvilleV6
202608212101410441,202608212020691339,202608212020690709,88,5292,P1 Reference Custom Answers Bronze - D08,br_samms_custom_answers,TASK_COMPLETE,SUCCESS,INFO,1224,1224,0,,2026-08-21T20:21:13.701Z,2026-08-21T21:04:00.531Z,2567,2026-08-21T21:04:00.531Z,D08,Madison,8488c727-7e26-424c-b4ea-f3ce6564dbed,SAMMS-MadisonV6
202608212101410443,202608212020691340,202608212020690709,88,5293,P1 Reference Custom Answers Bronze - D09,br_samms_custom_answers,TASK_COMPLETE,SUCCESS,INFO,1026,1026,0,,2026-08-21T20:21:13.701Z,2026-08-21T21:04:00.531Z,2567,2026-08-21T21:04:00.531Z,D09,Murfreesboro,8488c727-7e26-424c-b4ea-f3ce6564dbed,SAMMS-MurfreesboroV6
202608212101410444,202608212020691341,202608212020690709,88,5294,P1 Reference Custom Answers Bronze - DA,br_samms_custom_answers,TASK_COMPLETE,SUCCESS,INFO,180,180,0,,2026-08-21T20:21:13.701Z,2026-08-21T21:04:00.531Z,2567,2026-08-21T21:04:00.531Z,DA,Davenport,8488c727-7e26-424c-b4ea-f3ce6564dbed,SAMMS-Davenport
202608212101410446,202608212020691342,202608212020690709,88,5295,P1 Reference Custom Answers Bronze - DM,br_samms_custom_answers,TASK_COMPLETE,SUCCESS,INFO,554,554,0,,2026-08-21T20:21:13.701Z,2026-08-21T21:04:00.531Z,2567,2026-08-21T21:04:00.531Z,DM,DesMoines,8488c727-7e26-424c-b4ea-f3ce6564dbed,SAMMS-DesMoines
202608212101410448,202608212020691343,202608212020690709,88,5296,P1 Reference Custom Answers Bronze - DRD-CO,br_samms_custom_answers,TASK_COMPLETE,SUCCESS,INFO,1670,1670,0,,2026-08-21T20:21:13.701Z,2026-08-21T21:04:00.531Z,2567,2026-08-21T21:04:00.531Z,DRD-CO,Columbia,8488c727-7e26-424c-b4ea-f3ce6564dbed,SAMMS-ColumbiaV5
202608212101410449,202608212020691344,202608212020690709,88,5297,P1 Reference Custom Answers Bronze - DRD-KC,br_samms_custom_answers,TASK_COMPLETE,SUCCESS,INFO,2280,2280,0,,2026-08-21T20:21:13.701Z,2026-08-21T21:04:00.531Z,2567,2026-08-21T21:04:00.531Z,DRD-KC,KC,8488c727-7e26-424c-b4ea-f3ce6564dbed,SAMMS-KCv5
202608212101410451,202608212020691345,202608212020690709,88,5298,P1 Reference Custom Answers Bronze - DRD-KVB,br_samms_custom_answers,TASK_COMPLETE,SUCCESS,INFO,22052,22052,0,,2026-08-21T20:21:13.701Z,2026-08-21T21:04:00.531Z,2567,2026-08-21T21:04:00.531Z,DRD-KVB,KVB,8488c727-7e26-424c-b4ea-f3ce6564dbed,SAMMS-KVBv5
202608212101410452,202608212020691346,202608212020690709,88,5299,P1 Reference Custom Answers Bronze - DRD-KVC,br_samms_custom_answers,TASK_COMPLETE,SUCCESS,INFO,8730,8730,0,,2026-08-21T20:21:13.701Z,2026-08-21T21:04:00.531Z,2567,2026-08-21T21:04:00.531Z,DRD-KVC,KVC,8488c727-7e26-424c-b4ea-f3ce6564dbed,SAMMS-KVCv5
202608212101410454,202608212020691347,202608212020690709,88,5300,P1 Reference Custom Answers Bronze - DRD-NOLA,br_samms_custom_answers,TASK_COMPLETE,SUCCESS,INFO,8403,8403,0,,2026-08-21T20:21:13.701Z,2026-08-21T21:04:00.531Z,2567,2026-08-21T21:04:00.531Z,DRD-NOLA,NOLA,8488c727-7e26-424c-b4ea-f3ce6564dbed,SAMMS-NOLAv5
202608212101410456,202608212020691348,202608212020690709,88,5301,P1 Reference Custom Answers Bronze - DRD-SF,br_samms_custom_answers,TASK_COMPLETE,SUCCESS,INFO,3264,3264,0,,2026-08-21T20:21:13.701Z,2026-08-21T21:04:00.531Z,2567,2026-08-21T21:04:00.531Z,DRD-SF,SF,8488c727-7e26-424c-b4ea-f3ce6564dbed,SAMMS-SFv5
202608212101410457,202608212020691349,202608212020690709,88,5302,P1 Reference Custom Answers Bronze - ELC,br_samms_custom_answers,TASK_COMPLETE,SUCCESS,INFO,200,200,0,,2026-08-21T20:21:13.701Z,2026-08-21T21:04:00.531Z,2567,2026-08-21T21:04:00.531Z,ELC,ElizabethCity,8488c727-7e26-424c-b4ea-f3ce6564dbed,SAMMS-ElizabethCity
202608212101410459,202608212020691350,202608212020690709,88,5303,P1 Reference Custom Answers Bronze - ET,br_samms_custom_answers,TASK_COMPLETE,SUCCESS,INFO,580,580,0,,2026-08-21T20:21:13.701Z,2026-08-21T21:04:00.531Z,2567,2026-08-21T21:04:00.531Z,ET,Elizabethtown,8488c727-7e26-424c-b4ea-f3ce6564dbed,SAMMS-Elizabethtown
202608212101410461,202608212020691351,202608212020690709,88,5304,P1 Reference Custom Answers Bronze - FAY,br_samms_custom_answers,TASK_COMPLETE,SUCCESS,INFO,178,178,0,,2026-08-21T20:21:13.701Z,2026-08-21T21:04:00.531Z,2567,2026-08-21T21:04:00.531Z,FAY,Fayetteville,8488c727-7e26-424c-b4ea-f3ce6564dbed,SAMMS-Fayetteville
202608212101410462,202608212020691352,202608212020690709,88,5305,P1 Reference Custom Answers Bronze - FR,br_samms_custom_answers,TASK_COMPLETE,SUCCESS,INFO,236,236,0,,2026-08-21T20:21:13.701Z,2026-08-21T21:04:00.531Z,2567,2026-08-21T21:04:00.531Z,FR,Frankfort,8488c727-7e26-424c-b4ea-f3ce6564dbed,SAMMS-Frankfort
202608212101410464,202608212020691353,202608212020690709,88,5306,P1 Reference Custom Answers Bronze - FS,br_samms_custom_answers,TASK_COMPLETE,SUCCESS,INFO,164,164,0,,2026-08-21T20:21:13.701Z,2026-08-21T21:04:00.531Z,2567,2026-08-21T21:04:00.531Z,FS,FortSmith,8488c727-7e26-424c-b4ea-f3ce6564dbed,SAMMS-FortSmith
202608212101410466,202608212020691354,202608212020690709,88,5307,P1 Reference Custom Answers Bronze - FW,br_samms_custom_answers,TASK_COMPLETE,SUCCESS,INFO,660,660,0,,2026-08-21T20:21:13.701Z,2026-08-21T21:04:00.531Z,2567,2026-08-21T21:04:00.531Z,FW,FortWayne,8488c727-7e26-424c-b4ea-f3ce6564dbed,SAMMS-FortWayne
202608212101410467,202608212020691355,202608212020690709,88,5308,P1 Reference Custom Answers Bronze - GAL,br_samms_custom_answers,TASK_COMPLETE,SUCCESS,INFO,412,412,0,,2026-08-21T20:21:13.701Z,2026-08-21T21:04:00.531Z,2567,2026-08-21T21:04:00.531Z,GAL,Gaylord,8488c727-7e26-424c-b4ea-f3ce6564dbed,SAMMS-Gaylord
202608212101410469,202608212020691356,202608212020690709,88,5309,P1 Reference Custom Answers Bronze - HGT,br_samms_custom_answers,TASK_COMPLETE,SUCCESS,INFO,6769,6769,0,,2026-08-21T20:21:13.701Z,2026-08-21T21:04:00.531Z,2567,2026-08-21T21:04:00.531Z,HGT,Hagerstown,8488c727-7e26-424c-b4ea-f3ce6564dbed,SAMMS-Hagerstown
202608212101410471,202608212020691357,202608212020690709,88,5310,P1 Reference Custom Answers Bronze - HNT,br_samms_custom_answers,TASK_COMPLETE,SUCCESS,INFO,422,422,0,,2026-08-21T20:21:13.701Z,2026-08-21T21:04:00.531Z,2567,2026-08-21T21:04:00.531Z,HNT,Huntsville,8488c727-7e26-424c-b4ea-f3ce6564dbed,SAMMS-Huntsville
202608212101410472,202608212020691358,202608212020690709,88,5311,P1 Reference Custom Answers Bronze - HS,br_samms_custom_answers,TASK_COMPLETE,SUCCESS,INFO,228,228,0,,2026-08-21T20:21:13.701Z,2026-08-21T21:04:00.531Z,2567,2026-08-21T21:04:00.531Z,HS,HotSprings,8488c727-7e26-424c-b4ea-f3ce6564dbed,SAMMS-HotSprings
202608212101410474,202608212020691359,202608212020690709,88,5312,P1 Reference Custom Answers Bronze - JON,br_samms_custom_answers,TASK_COMPLETE,SUCCESS,INFO,158,158,0,,2026-08-21T20:21:13.701Z,2026-08-21T21:04:00.531Z,2567,2026-08-21T21:04:00.531Z,JON,Jonesboro,8488c727-7e26-424c-b4ea-f3ce6564dbed,SAMMS-Jonesboro
202608212101410476,202608212020691360,202608212020690709,88,8606,P1 Reference Custom Answers Bronze - LAB,br_samms_custom_answers,TASK_COMPLETE,SUCCESS,INFO,15,15,0,,2026-08-21T20:21:13.701Z,2026-08-21T21:04:00.531Z,2567,2026-08-21T21:04:00.531Z,LAB,Lab,8488c727-7e26-424c-b4ea-f3ce6564dbed,SAMMS-LabV5-V2
202608212101410478,202608212020691361,202608212020690709,88,5313,P1 Reference Custom Answers Bronze - LAN,br_samms_custom_answers,TASK_COMPLETE,SUCCESS,INFO,310,310,0,,2026-08-21T20:21:13.701Z,2026-08-21T21:04:00.531Z,2567,2026-08-21T21:04:00.531Z,LAN,Lansing,8488c727-7e26-424c-b4ea-f3ce6564dbed,SAMMS-Lansing
202608212101410479,202608212020691362,202608212020690709,88,5314,P1 Reference Custom Answers Bronze - LO,br_samms_custom_answers,TASK_COMPLETE,SUCCESS,INFO,618,618,0,,2026-08-21T20:21:13.701Z,2026-08-21T21:04:00.531Z,2567,2026-08-21T21:04:00.531Z,LO,Louisville,8488c727-7e26-424c-b4ea-f3ce6564dbed,SAMMS-Louisville
202608212101410481,202608212020691363,202608212020690709,88,5315,P1 Reference Custom Answers Bronze - LV1,br_samms_custom_answers,TASK_COMPLETE,SUCCESS,INFO,1360,1360,0,,2026-08-21T20:21:13.701Z,2026-08-21T21:04:00.531Z,2567,2026-08-21T21:04:00.531Z,LV1,Cheyenne,8488c727-7e26-424c-b4ea-f3ce6564dbed,SAMMS-Cheyenne
202608212101410483,202608212020691364,202608212020690709,88,5316,P1 Reference Custom Answers Bronze - LV2,br_samms_custom_answers,TASK_COMPLETE,SUCCESS,INFO,1802,1802,0,,2026-08-21T20:21:13.701Z,2026-08-21T21:04:00.531Z,2567,2026-08-21T21:04:00.531Z,LV2,DesertInn,8488c727-7e26-424c-b4ea-f3ce6564dbed,SAMMS-DesertInn
202608212101410485,202608212020691365,202608212020690709,88,5317,P1 Reference Custom Answers Bronze - LV3,br_samms_custom_answers,TASK_COMPLETE,SUCCESS,INFO,902,902,0,,2026-08-21T20:21:13.701Z,2026-08-21T21:04:00.531Z,2567,2026-08-21T21:04:00.531Z,LV3,McDaniel,8488c727-7e26-424c-b4ea-f3ce6564dbed,SAMMS-McDaniel
202608212101410487,202608212020691366,202608212020690709,88,5318,P1 Reference Custom Answers Bronze - MNRE,br_samms_custom_answers,TASK_COMPLETE,SUCCESS,INFO,242,242,0,,2026-08-21T20:21:13.701Z,2026-08-21T21:04:00.531Z,2567,2026-08-21T21:04:00.531Z,MNRE,Monroe,8488c727-7e26-424c-b4ea-f3ce6564dbed,SAMMS-Monroe
202608212101410489,202608212020691367,202608212020690709,88,5319,P1 Reference Custom Answers Bronze - MP,br_samms_custom_answers,TASK_COMPLETE,SUCCESS,INFO,238,238,0,,2026-08-21T20:21:13.701Z,2026-08-21T21:04:00.531Z,2567,2026-08-21T21:04:00.531Z,MP,MtPleasant,8488c727-7e26-424c-b4ea-f3ce6564dbed,SAMMS-MtPleasant
202608212101410490,202608212020691368,202608212020690709,88,5320,P1 Reference Custom Answers Bronze - MRD,br_samms_custom_answers,TASK_COMPLETE,SUCCESS,INFO,188,188,0,,2026-08-21T20:21:13.701Z,2026-08-21T21:04:00.531Z,2567,2026-08-21T21:04:00.531Z,MRD,Meridian,8488c727-7e26-424c-b4ea-f3ce6564dbed,SAMMS-Meridian
202608212101410492,202608212020691369,202608212020690709,88,5321,P1 Reference Custom Answers Bronze - NC,br_samms_custom_answers,TASK_COMPLETE,SUCCESS,INFO,688,688,0,,2026-08-21T20:21:13.701Z,2026-08-21T21:04:00.531Z,2567,2026-08-21T21:04:00.531Z,NC,NorthCharleston,8488c727-7e26-424c-b4ea-f3ce6564dbed,SAMMS-NorthCharleston
202608212101410494,202608212020691370,202608212020690709,88,5322,P1 Reference Custom Answers Bronze - NLR,br_samms_custom_answers,TASK_COMPLETE,SUCCESS,INFO,176,176,0,,2026-08-21T20:21:13.701Z,2026-08-21T21:04:00.531Z,2567,2026-08-21T21:04:00.531Z,NLR,NLROBOT,8488c727-7e26-424c-b4ea-f3ce6564dbed,SAMMS-NLROBOT
202608212101410496,202608212020691371,202608212020690709,88,5323,P1 Reference Custom Answers Bronze - PH,br_samms_custom_answers,TASK_COMPLETE,SUCCESS,INFO,468,468,0,,2026-08-21T20:21:13.701Z,2026-08-21T21:04:00.531Z,2567,2026-08-21T21:04:00.531Z,PH,Phoenix,8488c727-7e26-424c-b4ea-f3ce6564dbed,SAMMS-Phoenix
202608212101410498,202608212020691372,202608212020690709,88,5324,P1 Reference Custom Answers Bronze - RE,br_samms_custom_answers,TASK_COMPLETE,SUCCESS,INFO,556,556,0,,2026-08-21T20:21:13.701Z,2026-08-21T21:04:00.531Z,2567,2026-08-21T21:04:00.531Z,RE,Reno,8488c727-7e26-424c-b4ea-f3ce6564dbed,SAMMS-Reno
202608212101410499,202608212020691373,202608212020690709,88,5325,P1 Reference Custom Answers Bronze - RMD,br_samms_custom_answers,TASK_COMPLETE,SUCCESS,INFO,516,516,0,,2026-08-21T20:21:13.701Z,2026-08-21T21:04:00.531Z,2567,2026-08-21T21:04:00.531Z,RMD,Richmond,8488c727-7e26-424c-b4ea-f3ce6564dbed,SAMMS-Richmond
202608212101410501,202608212020691374,202608212020690709,88,5326,P1 Reference Custom Answers Bronze - SFN,br_samms_custom_answers,TASK_COMPLETE,SUCCESS,INFO,1532,1532,0,,2026-08-21T20:21:13.701Z,2026-08-21T21:04:00.531Z,2567,2026-08-21T21:04:00.531Z,SFN,SFN,8488c727-7e26-424c-b4ea-f3ce6564dbed,SAMMS-SFNv5
202608212101410503,202608212020691375,202608212020690709,88,5327,P1 Reference Custom Answers Bronze - SHP,br_samms_custom_answers,TASK_COMPLETE,SUCCESS,INFO,466,466,0,,2026-08-21T20:21:13.701Z,2026-08-21T21:04:00.531Z,2567,2026-08-21T21:04:00.531Z,SHP,Shreveport,8488c727-7e26-424c-b4ea-f3ce6564dbed,SAMMS-Shreveport
202608212101410505,202608212020691376,202608212020690709,88,5328,P1 Reference Custom Answers Bronze - STN,br_samms_custom_answers,TASK_COMPLETE,SUCCESS,INFO,218,218,0,,2026-08-21T20:21:13.701Z,2026-08-21T21:04:00.531Z,2567,2026-08-21T21:04:00.531Z,STN,Staunton,8488c727-7e26-424c-b4ea-f3ce6564dbed,SAMMS-Staunton
202608212101410507,202608212020691377,202608212020690709,88,5329,P1 Reference Custom Answers Bronze - STVN,br_samms_custom_answers,TASK_COMPLETE,SUCCESS,INFO,84,84,0,,2026-08-21T20:21:13.701Z,2026-08-21T21:04:00.531Z,2567,2026-08-21T21:04:00.531Z,STVN,Stevenson,8488c727-7e26-424c-b4ea-f3ce6564dbed,SAMMS-Stevenson
202608212101410509,202608212020691378,202608212020690709,88,5330,P1 Reference Custom Answers Bronze - TE,br_samms_custom_answers,TASK_COMPLETE,SUCCESS,INFO,84,84,0,,2026-08-21T20:21:13.701Z,2026-08-21T21:04:00.531Z,2567,2026-08-21T21:04:00.531Z,TE,Tempe,8488c727-7e26-424c-b4ea-f3ce6564dbed,SAMMS-Tempe
202608212101410511,202608212020691379,202608212020690709,88,5331,P1 Reference Custom Answers Bronze - TEX,br_samms_custom_answers,TASK_COMPLETE,SUCCESS,INFO,194,194,0,,2026-08-21T20:21:13.701Z,2026-08-21T21:04:00.531Z,2567,2026-08-21T21:04:00.531Z,TEX,Texarkana,8488c727-7e26-424c-b4ea-f3ce6564dbed,SAMMS-Texarkana
202608212101410513,202608212020691380,202608212020690709,88,5332,P1 Reference Custom Answers Bronze - TTCA,br_samms_custom_answers,TASK_COMPLETE,SUCCESS,INFO,1792,1792,0,,2026-08-21T20:21:13.701Z,2026-08-21T21:04:00.531Z,2567,2026-08-21T21:04:00.531Z,TTCA,Bessemer,8488c727-7e26-424c-b4ea-f3ce6564dbed,SAMMS-BessemerV5
202608212101410515,202608212020691381,202608212020690709,88,5333,P1 Reference Custom Answers Bronze - TTCB,br_samms_custom_answers,TASK_COMPLETE,SUCCESS,INFO,955,955,0,,2026-08-21T20:21:13.701Z,2026-08-21T21:04:00.531Z,2567,2026-08-21T21:04:00.531Z,TTCB,Cullman,8488c727-7e26-424c-b4ea-f3ce6564dbed,SAMMS-CullmanV5
202608212101410517,202608212020691382,202608212020690709,88,5334,P1 Reference Custom Answers Bronze - TTCC,br_samms_custom_answers,TASK_COMPLETE,SUCCESS,INFO,452,452,0,,2026-08-21T20:21:13.701Z,2026-08-21T21:04:00.531Z,2567,2026-08-21T21:04:00.531Z,TTCC,GrandBay,8488c727-7e26-424c-b4ea-f3ce6564dbed,SAMMS-GrandBay
202608212101410519,202608212020691383,202608212020690709,88,5335,P1 Reference Custom Answers Bronze - TU,br_samms_custom_answers,TASK_COMPLETE,SUCCESS,INFO,68,68,0,,2026-08-21T20:21:13.701Z,2026-08-21T21:04:00.531Z,2567,2026-08-21T21:04:00.531Z,TU,Tucson,8488c727-7e26-424c-b4ea-f3ce6564dbed,SAMMS-Tucson
202608212101410521,202608212020691384,202608212020690709,88,5336,P1 Reference Custom Answers Bronze - V1,br_samms_custom_answers,TASK_COMPLETE,SUCCESS,INFO,1990,1990,0,,2026-08-21T20:21:13.701Z,2026-08-21T21:04:00.531Z,2567,2026-08-21T21:04:00.531Z,V1,VCPHCS-I-Memphis,8488c727-7e26-424c-b4ea-f3ce6564dbed,SAMMS-VCPHCS-I-MemphisV5
202608212101410523,202608212020691385,202608212020690709,88,5337,P1 Reference Custom Answers Bronze - V10,br_samms_custom_answers,TASK_COMPLETE,SUCCESS,INFO,2490,2490,0,,2026-08-21T20:21:13.701Z,2026-08-21T21:04:00.531Z,2567,2026-08-21T21:04:00.531Z,V10,Boulder,8488c727-7e26-424c-b4ea-f3ce6564dbed,SAMMS-BoulderV5
202608212101410524,202608212020691386,202608212020690709,88,5338,P1 Reference Custom Answers Bronze - V10A,br_samms_custom_answers,TASK_COMPLETE,SUCCESS,INFO,3084,3084,0,,2026-08-21T20:21:13.701Z,2026-08-21T21:04:00.531Z,2567,2026-08-21T21:04:00.531Z,V10A,FortCollins,8488c727-7e26-424c-b4ea-f3ce6564dbed,SAMMS-FortCollinsV5
202608212101410526,202608212020691387,202608212020690709,88,5339,P1 Reference Custom Answers Bronze - V11,br_samms_custom_answers,TASK_COMPLETE,SUCCESS,INFO,4106,4106,0,,2026-08-21T20:21:13.701Z,2026-08-21T21:04:00.531Z,2567,2026-08-21T21:04:00.531Z,V11,VCPHCS-XI-NorthDenver,8488c727-7e26-424c-b4ea-f3ce6564dbed,SAMMS-VCPHCS-XI-NorthDenverV5
202608212101410529,202608212020691388,202608212020690709,88,5340,P1 Reference Custom Answers Bronze - V12,br_samms_custom_answers,TASK_COMPLETE,SUCCESS,INFO,5623,5623,0,,2026-08-21T20:21:13.701Z,2026-08-21T21:04:00.531Z,2567,2026-08-21T21:04:00.531Z,V12,VCPHCS-XII-DowntownDenver,8488c727-7e26-424c-b4ea-f3ce6564dbed,SAMMS-VCPHCS-XII-DowntownDenverV5
202608212101410531,202608212020691389,202608212020690709,88,5341,P1 Reference Custom Answers Bronze - V12A,br_samms_custom_answers,TASK_COMPLETE,SUCCESS,INFO,2456,2456,0,,2026-08-21T20:21:13.701Z,2026-08-21T21:04:00.531Z,2567,2026-08-21T21:04:00.531Z,V12A,Centennial,8488c727-7e26-424c-b4ea-f3ce6564dbed,SAMMS-CentennialV5
202608212101410533,202608212020691390,202608212020690709,88,5342,P1 Reference Custom Answers Bronze - V14,br_samms_custom_answers,TASK_COMPLETE,SUCCESS,INFO,2046,2046,0,,2026-08-21T20:21:13.701Z,2026-08-21T21:04:00.531Z,2567,2026-08-21T21:04:00.531Z,V14,VCPHCS-XIV-Bridgeway,8488c727-7e26-424c-b4ea-f3ce6564dbed,SAMMS-VCPHCS-XIV-BridgewayV5
202608212101410535,202608212020691391,202608212020690709,88,5343,P1 Reference Custom Answers Bronze - V15,br_samms_custom_answers,TASK_COMPLETE,SUCCESS,INFO,1642,1642,0,,2026-08-21T20:21:13.701Z,2026-08-21T21:04:00.531Z,2567,2026-08-21T21:04:00.531Z,V15,Joplin,8488c727-7e26-424c-b4ea-f3ce6564dbed,SAMMS-JoplinV5
202608212101410537,202608212020691392,202608212020690709,88,5344,P1 Reference Custom Answers Bronze - V17,br_samms_custom_answers,TASK_COMPLETE,SUCCESS,INFO,1411,1411,0,,2026-08-21T20:21:13.701Z,2026-08-21T21:04:00.531Z,2567,2026-08-21T21:04:00.531Z,V17,ColumbiaTN,8488c727-7e26-424c-b4ea-f3ce6564dbed,SAMMS-ColumbiaTNv5
202608212101410539,202608212020691393,202608212020690709,88,5345,P1 Reference Custom Answers Bronze - V19,br_samms_custom_answers,TASK_COMPLETE,SUCCESS,INFO,1364,1364,0,,2026-08-21T20:21:13.701Z,2026-08-21T21:04:00.531Z,2567,2026-08-21T21:04:00.531Z,V19,Jackson,8488c727-7e26-424c-b4ea-f3ce6564dbed,SAMMS-JacksonV5
202608191602179637,202608191519596479,202608191519595710,97,6524,P1 Forms Take Home Agreement And Diversion Control Bronze - NC,br_samms_take_home_agreement_diversion_control,TASK_COMPLETE,SUCCESS,INFO,75,75,0,,2026-08-19T15:20:02.186Z,2026-08-19T16:02:20.903Z,2538,2026-08-19T16:02:20.903Z,NC,NorthCharleston,0e774440-67e4-4817-8f97-24afdbb9d82f,SAMMS-NorthCharleston
202608191602179638,202608191519596480,202608191519595710,97,6525,P1 Forms Take Home Agreement And Diversion Control Bronze - NLR,br_samms_take_home_agreement_diversion_control,TASK_COMPLETE,SUCCESS,INFO,0,0,0,,2026-08-19T15:20:02.186Z,2026-08-19T16:02:20.903Z,2538,2026-08-19T16:02:20.903Z,NLR,NLROBOT,0e774440-67e4-4817-8f97-24afdbb9d82f,SAMMS-NLROBOT
202608191602179639,202608191519596481,202608191519595710,97,6526,P1 Forms Take Home Agreement And Diversion Control Bronze - PH,br_samms_take_home_agreement_diversion_control,TASK_COMPLETE,SUCCESS,INFO,0,0,0,,2026-08-19T15:20:02.186Z,2026-08-19T16:02:20.903Z,2538,2026-08-19T16:02:20.903Z,PH,Phoenix,0e774440-67e4-4817-8f97-24afdbb9d82f,SAMMS-Phoenix
202608191602179640,202608191519596482,202608191519595710,97,6527,P1 Forms Take Home Agreement And Diversion Control Bronze - RE,br_samms_take_home_agreement_diversion_control,TASK_COMPLETE,SUCCESS,INFO,138,138,0,,2026-08-19T15:20:02.186Z,2026-08-19T16:02:20.903Z,2538,2026-08-19T16:02:20.903Z,RE,Reno,0e774440-67e4-4817-8f97-24afdbb9d82f,SAMMS-Reno
202608191602179641,202608191519596483,202608191519595710,97,6528,P1 Forms Take Home Agreement And Diversion Control Bronze - RMD,br_samms_take_home_agreement_diversion_control,TASK_COMPLETE,SUCCESS,INFO,267,267,0,,2026-08-19T15:20:02.186Z,2026-08-19T16:02:20.903Z,2538,2026-08-19T16:02:20.903Z,RMD,Richmond,0e774440-67e4-4817-8f97-24afdbb9d82f,SAMMS-Richmond
202608191602179642,202608191519596484,202608191519595710,97,6529,P1 Forms Take Home Agreement And Diversion Control Bronze - SFN,br_samms_take_home_agreement_diversion_control,TASK_COMPLETE,SUCCESS,INFO,194,194,0,,2026-08-19T15:20:02.186Z,2026-08-19T16:02:20.903Z,2538,2026-08-19T16:02:20.903Z,SFN,SFN,0e774440-67e4-4817-8f97-24afdbb9d82f,SAMMS-SFNv5
202608191602179643,202608191519596485,202608191519595710,97,6530,P1 Forms Take Home Agreement And Diversion Control Bronze - SHP,br_samms_take_home_agreement_diversion_control,TASK_COMPLETE,SUCCESS,INFO,685,685,0,,2026-08-19T15:20:02.186Z,2026-08-19T16:02:20.903Z,2538,2026-08-19T16:02:20.903Z,SHP,Shreveport,0e774440-67e4-4817-8f97-24afdbb9d82f,SAMMS-Shreveport
202608191602179644,202608191519596486,202608191519595710,97,6531,P1 Forms Take Home Agreement And Diversion Control Bronze - STN,br_samms_take_home_agreement_diversion_control,TASK_COMPLETE,SUCCESS,INFO,174,174,0,,2026-08-19T15:20:02.186Z,2026-08-19T16:02:20.903Z,2538,2026-08-19T16:02:20.903Z,STN,Staunton,0e774440-67e4-4817-8f97-24afdbb9d82f,SAMMS-Staunton
202608191602179645,202608191519596487,202608191519595710,97,6532,P1 Forms Take Home Agreement And Diversion Control Bronze - STVN,br_samms_take_home_agreement_diversion_control,TASK_COMPLETE,SUCCESS,INFO,52,52,0,,2026-08-19T15:20:02.186Z,2026-08-19T16:02:20.903Z,2538,2026-08-19T16:02:20.903Z,STVN,Stevenson,0e774440-67e4-4817-8f97-24afdbb9d82f,SAMMS-Stevenson
202608191602179646,202608191519596488,202608191519595710,97,6533,P1 Forms Take Home Agreement And Diversion Control Bronze - TE,br_samms_take_home_agreement_diversion_control,TASK_COMPLETE,SUCCESS,INFO,0,0,0,,2026-08-19T15:20:02.186Z,2026-08-19T16:02:20.903Z,2538,2026-08-19T16:02:20.903Z,TE,Tempe,0e774440-67e4-4817-8f97-24afdbb9d82f,SAMMS-Tempe
202608191602179647,202608191519596489,202608191519595710,97,6534,P1 Forms Take Home Agreement And Diversion Control Bronze - TEX,br_samms_take_home_agreement_diversion_control,TASK_COMPLETE,SUCCESS,INFO,0,0,0,,2026-08-19T15:20:02.186Z,2026-08-19T16:02:20.903Z,2538,2026-08-19T16:02:20.903Z,TEX,Texarkana,0e774440-67e4-4817-8f97-24afdbb9d82f,SAMMS-Texarkana
202608191602179649,202608191519596490,202608191519595710,97,6535,P1 Forms Take Home Agreement And Diversion Control Bronze - TTCA,br_samms_take_home_agreement_diversion_control,TASK_COMPLETE,SUCCESS,INFO,54,54,0,,2026-08-19T15:20:02.186Z,2026-08-19T16:02:20.903Z,2538,2026-08-19T16:02:20.903Z,TTCA,Bessemer,0e774440-67e4-4817-8f97-24afdbb9d82f,SAMMS-BessemerV5
202608191602179650,202608191519596491,202608191519595710,97,6536,P1 Forms Take Home Agreement And Diversion Control Bronze - TTCB,br_samms_take_home_agreement_diversion_control,TASK_COMPLETE,SUCCESS,INFO,125,125,0,,2026-08-19T15:20:02.186Z,2026-08-19T16:02:20.903Z,2538,2026-08-19T16:02:20.903Z,TTCB,Cullman,0e774440-67e4-4817-8f97-24afdbb9d82f,SAMMS-CullmanV5
202608191602179651,202608191519596492,202608191519595710,97,6537,P1 Forms Take Home Agreement And Diversion Control Bronze - TTCC,br_samms_take_home_agreement_diversion_control,TASK_COMPLETE,SUCCESS,INFO,315,315,0,,2026-08-19T15:20:02.186Z,2026-08-19T16:02:20.903Z,2538,2026-08-19T16:02:20.903Z,TTCC,GrandBay,0e774440-67e4-4817-8f97-24afdbb9d82f,SAMMS-GrandBay
202608191602179652,202608191519596493,202608191519595710,97,6538,P1 Forms Take Home Agreement And Diversion Control Bronze - TU,br_samms_take_home_agreement_diversion_control,TASK_COMPLETE,SUCCESS,INFO,0,0,0,,2026-08-19T15:20:02.186Z,2026-08-19T16:02:20.903Z,2538,2026-08-19T16:02:20.903Z,TU,Tucson,0e774440-67e4-4817-8f97-24afdbb9d82f,SAMMS-Tucson
202608191602179653,202608191519596494,202608191519595710,97,6539,P1 Forms Take Home Agreement And Diversion Control Bronze - V1,br_samms_take_home_agreement_diversion_control,TASK_COMPLETE,SUCCESS,INFO,131,131,0,,2026-08-19T15:20:02.186Z,2026-08-19T16:02:20.903Z,2538,2026-08-19T16:02:20.903Z,V1,VCPHCS-I-Memphis,0e774440-67e4-4817-8f97-24afdbb9d82f,SAMMS-VCPHCS-I-MemphisV5
202608191602179654,202608191519596495,202608191519595710,97,6540,P1 Forms Take Home Agreement And Diversion Control Bronze - V10,br_samms_take_home_agreement_diversion_control,TASK_COMPLETE,SUCCESS,INFO,74,74,0,,2026-08-19T15:20:02.186Z,2026-08-19T16:02:20.903Z,2538,2026-08-19T16:02:20.903Z,V10,Boulder,0e774440-67e4-4817-8f97-24afdbb9d82f,SAMMS-BoulderV5
202608191602179655,202608191519596496,202608191519595710,97,6541,P1 Forms Take Home Agreement And Diversion Control Bronze - V10A,br_samms_take_home_agreement_diversion_control,TASK_COMPLETE,SUCCESS,INFO,97,97,0,,2026-08-19T15:20:02.186Z,2026-08-19T16:02:20.903Z,2538,2026-08-19T16:02:20.903Z,V10A,FortCollins,0e774440-67e4-4817-8f97-24afdbb9d82f,SAMMS-FortCollinsV5
202608191602179656,202608191519596497,202608191519595710,97,6542,P1 Forms Take Home Agreement And Diversion Control Bronze - V11,br_samms_take_home_agreement_diversion_control,TASK_COMPLETE,SUCCESS,INFO,76,76,0,,2026-08-19T15:20:02.186Z,2026-08-19T16:02:20.903Z,2538,2026-08-19T16:02:20.903Z,V11,VCPHCS-XI-NorthDenver,0e774440-67e4-4817-8f97-24afdbb9d82f,SAMMS-VCPHCS-XI-NorthDenverV5
202608191602179657,202608191519596498,202608191519595710,97,6543,P1 Forms Take Home Agreement And Diversion Control Bronze - V12,br_samms_take_home_agreement_diversion_control,TASK_COMPLETE,SUCCESS,INFO,40,40,0,,2026-08-19T15:20:02.186Z,2026-08-19T16:02:20.903Z,2538,2026-08-19T16:02:20.903Z,V12,VCPHCS-XII-DowntownDenver,0e774440-67e4-4817-8f97-24afdbb9d82f,SAMMS-VCPHCS-XII-DowntownDenverV5
202608191602179658,202608191519596499,202608191519595710,97,6544,P1 Forms Take Home Agreement And Diversion Control Bronze - V12A,br_samms_take_home_agreement_diversion_control,TASK_COMPLETE,SUCCESS,INFO,167,167,0,,2026-08-19T15:20:02.186Z,2026-08-19T16:02:20.903Z,2538,2026-08-19T16:02:20.903Z,V12A,Centennial,0e774440-67e4-4817-8f97-24afdbb9d82f,SAMMS-CentennialV5
202608191602179659,202608191519596500,202608191519595710,97,6545,P1 Forms Take Home Agreement And Diversion Control Bronze - V14,br_samms_take_home_agreement_diversion_control,TASK_COMPLETE,SUCCESS,INFO,28,28,0,,2026-08-19T15:20:02.186Z,2026-08-19T16:02:20.903Z,2538,2026-08-19T16:02:20.903Z,V14,VCPHCS-XIV-Bridgeway,0e774440-67e4-4817-8f97-24afdbb9d82f,SAMMS-VCPHCS-XIV-BridgewayV5
202608191602179660,202608191519596501,202608191519595710,97,6546,P1 Forms Take Home Agreement And Diversion Control Bronze - V15,br_samms_take_home_agreement_diversion_control,TASK_COMPLETE,SUCCESS,INFO,191,191,0,,2026-08-19T15:20:02.186Z,2026-08-19T16:02:20.903Z,2538,2026-08-19T16:02:20.903Z,V15,Joplin,0e774440-67e4-4817-8f97-24afdbb9d82f,SAMMS-JoplinV5
202608191602179661,202608191519596502,202608191519595710,97,6547,P1 Forms Take Home Agreement And Diversion Control Bronze - V17,br_samms_take_home_agreement_diversion_control,TASK_COMPLETE,SUCCESS,INFO,54,54,0,,2026-08-19T15:20:02.186Z,2026-08-19T16:02:20.903Z,2538,2026-08-19T16:02:20.903Z,V17,ColumbiaTN,0e774440-67e4-4817-8f97-24afdbb9d82f,SAMMS-ColumbiaTNv5
202608191602179662,202608191519596503,202608191519595710,97,6548,P1 Forms Take Home Agreement And Diversion Control Bronze - V19,br_samms_take_home_agreement_diversion_control,TASK_COMPLETE,SUCCESS,INFO,142,142,0,,2026-08-19T15:20:02.186Z,2026-08-19T16:02:20.903Z,2538,2026-08-19T16:02:20.903Z,V19,Jackson,0e774440-67e4-4817-8f97-24afdbb9d82f,SAMMS-JacksonV5
202608191602179664,202608191519596504,202608191519595710,97,6549,P1 Forms Take Home Agreement And Diversion Control Bronze - V20,br_samms_take_home_agreement_diversion_control,TASK_COMPLETE,SUCCESS,INFO,28,28,0,,2026-08-19T15:20:02.186Z,2026-08-19T16:02:20.903Z,2538,2026-08-19T16:02:20.903Z,V20,Paris,0e774440-67e4-4817-8f97-24afdbb9d82f,SAMMS-ParisV5
202608191602179665,202608191519596505,202608191519595710,97,6550,P1 Forms Take Home Agreement And Diversion Control Bronze - V21,br_samms_take_home_agreement_diversion_control,TASK_COMPLETE,SUCCESS,INFO,132,132,0,,2026-08-19T15:20:02.186Z,2026-08-19T16:02:20.903Z,2538,2026-08-19T16:02:20.903Z,V21,Raleigh,0e774440-67e4-4817-8f97-24afdbb9d82f,SAMMS-RaleighV5
202608191602179666,202608191519596506,202608191519595710,97,6551,P1 Forms Take Home Agreement And Diversion Control Bronze - V5,br_samms_take_home_agreement_diversion_control,TASK_COMPLETE,SUCCESS,INFO,380,380,0,,2026-08-19T15:20:02.186Z,2026-08-19T16:02:20.903Z,2538,2026-08-19T16:02:20.903Z,V5,NONTC,0e774440-67e4-4817-8f97-24afdbb9d82f,SAMMS-NONTCv5
202608191602179667,202608191519596507,202608191519595710,97,6552,P1 Forms Take Home Agreement And Diversion Control Bronze - V5B,br_samms_take_home_agreement_diversion_control,TASK_COMPLETE,SUCCESS,INFO,74,74,0,,2026-08-19T15:20:02.186Z,2026-08-19T16:02:20.903Z,2538,2026-08-19T16:02:20.903Z,V5B,Houma,0e774440-67e4-4817-8f97-24afdbb9d82f,SAMMS-HoumaV6
202608191602179668,202608191519596508,202608191519595710,97,6553,P1 Forms Take Home Agreement And Diversion Control Bronze - V6,br_samms_take_home_agreement_diversion_control,TASK_COMPLETE,SUCCESS,INFO,155,155,0,,2026-08-19T15:20:02.186Z,2026-08-19T16:02:20.903Z,2538,2026-08-19T16:02:20.903Z,V6,LC,0e774440-67e4-4817-8f97-24afdbb9d82f,SAMMS-LCv5
202608191602179669,202608191519596509,202608191519595710,97,6554,P1 Forms Take Home Agreement And Diversion Control Bronze - V8,br_samms_take_home_agreement_diversion_control,TASK_COMPLETE,SUCCESS,INFO,177,177,0,,2026-08-19T15:20:02.186Z,2026-08-19T16:02:20.903Z,2538,2026-08-19T16:02:20.903Z,V8,VCPHCS-VIII-Memphis,0e774440-67e4-4817-8f97-24afdbb9d82f,SAMMS-VCPHCS-VIII-MemphisV5
202608191602179670,202608191519596510,202608191519595710,97,6555,P1 Forms Take Home Agreement And Diversion Control Bronze - V9,br_samms_take_home_agreement_diversion_control,TASK_COMPLETE,SUCCESS,INFO,99,99,0,,2026-08-19T15:20:02.186Z,2026-08-19T16:02:20.903Z,2538,2026-08-19T16:02:20.903Z,V9,Nashville,0e774440-67e4-4817-8f97-24afdbb9d82f,SAMMS-NashvilleV5
202608191602179671,202608191519596511,202608191519595710,97,6556,P1 Forms Take Home Agreement And Diversion Control Bronze - VBRA,br_samms_take_home_agreement_diversion_control,TASK_COMPLETE,SUCCESS,INFO,170,170,0,,2026-08-19T15:20:02.186Z,2026-08-19T16:02:20.903Z,2538,2026-08-19T16:02:20.903Z,VBRA,Brainerd,0e774440-67e4-4817-8f97-24afdbb9d82f,SAMMS-BrainerdV6
202608191602179672,202608191519596512,202608191519595710,97,6557,P1 Forms Take Home Agreement And Diversion Control Bronze - VBRP,br_samms_take_home_agreement_diversion_control,TASK_COMPLETE,SUCCESS,INFO,292,292,0,,2026-08-19T15:20:02.186Z,2026-08-19T16:02:20.903Z,2538,2026-08-19T16:02:20.903Z,VBRP,BrooklynPark,0e774440-67e4-4817-8f97-24afdbb9d82f,SAMMS-BrooklynParkV6
202608191602179673,202608191519596513,202608191519595710,97,6558,P1 Forms Take Home Agreement And Diversion Control Bronze - VMIN,br_samms_take_home_agreement_diversion_control,TASK_COMPLETE,SUCCESS,INFO,79,79,0,,2026-08-19T15:20:02.186Z,2026-08-19T16:02:20.903Z,2538,2026-08-19T16:02:20.903Z,VMIN,Minneapolis,0e774440-67e4-4817-8f97-24afdbb9d82f,SAMMS-MinneapolisV6
202608191602179674,202608191519596514,202608191519595710,97,6559,P1 Forms Take Home Agreement And Diversion Control Bronze - VWBY,br_samms_take_home_agreement_diversion_control,TASK_COMPLETE,SUCCESS,INFO,266,266,0,,2026-08-19T15:20:02.186Z,2026-08-19T16:02:20.903Z,2538,2026-08-19T16:02:20.903Z,VWBY,Woodbury,0e774440-67e4-4817-8f97-24afdbb9d82f,SAMMS-WoodburyV6
202608191602179675,202608191519596515,202608191519595710,97,6560,P1 Forms Take Home Agreement And Diversion Control Bronze - WIL,br_samms_take_home_agreement_diversion_control,TASK_COMPLETE,SUCCESS,INFO,204,204,0,,2026-08-19T15:20:02.186Z,2026-08-19T16:02:20.903Z,2538,2026-08-19T16:02:20.903Z,WIL,Wilson,0e774440-67e4-4817-8f97-24afdbb9d82f,SAMMS-Wilson
202608191602179677,202608191519596516,202608191519595710,97,6563,P1 Forms Take Home Risk Assessment Bronze - AHK,br_samms_take_home_risk_assessment,TASK_COMPLETE,SUCCESS,INFO,240,240,0,,2026-08-19T15:20:02.186Z,2026-08-19T16:02:20.903Z,2538,2026-08-19T16:02:20.903Z,AHK,Ahoskie,0e774440-67e4-4817-8f97-24afdbb9d82f,SAMMS-Ahoskie
202608191602179678,202608191519596517,202608191519595710,97,6564,P1 Forms Take Home Risk Assessment Bronze - B12B,br_samms_take_home_risk_assessment,TASK_COMPLETE,SUCCESS,INFO,504,504,0,,2026-08-19T15:20:02.186Z,2026-08-19T16:02:20.903Z,2538,2026-08-19T16:02:20.903Z,B12B,ColoradoSprings,0e774440-67e4-4817-8f97-24afdbb9d82f,SAMMS-ColoradoSpringsV5
202608191602179679,202608191519596518,202608191519595710,97,6565,P1 Forms Take Home Risk Assessment Bronze - B24,br_samms_take_home_risk_assessment,TASK_COMPLETE,SUCCESS,INFO,704,704,0,,2026-08-19T15:20:02.186Z,2026-08-19T16:02:20.903Z,2538,2026-08-19T16:02:20.903Z,B24,Paintsville,0e774440-67e4-4817-8f97-24afdbb9d82f,SAMMS-PaintsvilleV5
202608191602179680,202608191519596519,202608191519595710,97,6566,P1 Forms Take Home Risk Assessment Bronze - B25,br_samms_take_home_risk_assessment,TASK_COMPLETE,SUCCESS,INFO,1794,1794,0,,2026-08-19T15:20:02.186Z,2026-08-19T16:02:20.903Z,2538,2026-08-19T16:02:20.903Z,B25,Pikeville,0e774440-67e4-4817-8f97-24afdbb9d82f,SAMMS-PikevilleV5
202608191602179681,202608191519596520,202608191519595710,97,6567,P1 Forms Take Home Risk Assessment Bronze - B26,br_samms_take_home_risk_assessment,TASK_COMPLETE,SUCCESS,INFO,587,587,0,,2026-08-19T15:20:02.186Z,2026-08-19T16:02:20.903Z,2538,2026-08-19T16:02:20.903Z,B26,Hazard,0e774440-67e4-4817-8f97-24afdbb9d82f,SAMMS-HazardV5
202608191602179682,202608191519596521,202608191519595710,97,6568,P1 Forms Take Home Risk Assessment Bronze - B27,br_samms_take_home_risk_assessment,TASK_COMPLETE,SUCCESS,INFO,444,444,0,,2026-08-19T15:20:02.186Z,2026-08-19T16:02:20.903Z,2538,2026-08-19T16:02:20.903Z,B27,Savannah,0e774440-67e4-4817-8f97-24afdbb9d82f,SAMMS-SavannahV6
202608191602179683,202608191519596522,202608191519595710,97,6569,P1 Forms Take Home Risk Assessment Bronze - B28,br_samms_take_home_risk_assessment,TASK_COMPLETE,SUCCESS,INFO,265,265,0,,2026-08-19T15:20:02.186Z,2026-08-19T16:02:20.903Z,2538,2026-08-19T16:02:20.903Z,B28,WestPlaines,0e774440-67e4-4817-8f97-24afdbb9d82f,SAMMS-WestPlainesV5
202608191602179684,202608191519596523,202608191519595710,97,6570,P1 Forms Take Home Risk Assessment Bronze - B29,br_samms_take_home_risk_assessment,TASK_COMPLETE,SUCCESS,INFO,505,505,0,,2026-08-19T15:20:02.186Z,2026-08-19T16:02:20.903Z,2538,2026-08-19T16:02:20.903Z,B29,PoplarBluff,0e774440-67e4-4817-8f97-24afdbb9d82f,SAMMS-PoplarBluffV5
202608191602179685,202608191519596524,202608191519595710,97,6571,P1 Forms Take Home Risk Assessment Bronze - B30,br_samms_take_home_risk_assessment,TASK_COMPLETE,SUCCESS,INFO,3,3,0,,2026-08-19T15:20:02.186Z,2026-08-19T16:02:20.903Z,2538,2026-08-19T16:02:20.903Z,B30,KCN,0e774440-67e4-4817-8f97-24afdbb9d82f,SAMMS-KCNv5
202608191602179686,202608191519596525,202608191519595710,97,6572,P1 Forms Take Home Risk Assessment Bronze - B31,br_samms_take_home_risk_assessment,TASK_COMPLETE,SUCCESS,INFO,1034,1034,0,,2026-08-19T15:20:02.186Z,2026-08-19T16:02:20.903Z,2538,2026-08-19T16:02:20.903Z,B31,Dyersburg,0e774440-67e4-4817-8f97-24afdbb9d82f,SAMMS-DyersburgV5
202608191602179687,202608191519596526,202608191519595710,97,6573,P1 Forms Take Home Risk Assessment Bronze - B33,br_samms_take_home_risk_assessment,TASK_COMPLETE,SUCCESS,INFO,526,526,0,,2026-08-19T15:20:02.186Z,2026-08-19T16:02:20.903Z,2538,2026-08-19T16:02:20.903Z,B33,Paducah,0e774440-67e4-4817-8f97-24afdbb9d82f,SAMMS-Paducah
202608191602179688,202608191519596527,202608191519595710,97,6574,P1 Forms Take Home Risk Assessment Bronze - B34,br_samms_take_home_risk_assessment,TASK_COMPLETE,SUCCESS,INFO,819,819,0,,2026-08-19T15:20:02.186Z,2026-08-19T16:02:20.903Z,2538,2026-08-19T16:02:20.903Z,B34,Corbin,0e774440-67e4-4817-8f97-24afdbb9d82f,SAMMS-CorbinV5
202608191602179689,202608191519596528,202608191519595710,97,6575,P1 Forms Take Home Risk Assessment Bronze - B35,br_samms_take_home_risk_assessment,TASK_COMPLETE,SUCCESS,INFO,2109,2109,0,,2026-08-19T15:20:02.186Z,2026-08-19T16:02:20.903Z,2538,2026-08-19T16:02:20.903Z,B35,Lexington,0e774440-67e4-4817-8f97-24afdbb9d82f,SAMMS-LexingtonV5
202608191602179690,202608191519596529,202608191519595710,97,6576,P1 Forms Take Home Risk Assessment Bronze - B35A,br_samms_take_home_risk_assessment,TASK_COMPLETE,SUCCESS,INFO,390,390,0,,2026-08-19T15:20:02.186Z,2026-08-19T16:02:20.903Z,2538,2026-08-19T16:02:20.903Z,B35A,Berea,0e774440-67e4-4817-8f97-24afdbb9d82f,SAMMS-BereaV5
202608191602179692,202608191519596530,202608191519595710,97,6577,P1 Forms Take Home Risk Assessment Bronze - B36,br_samms_take_home_risk_assessment,TASK_COMPLETE,SUCCESS,INFO,899,899,0,,2026-08-19T15:20:02.186Z,2026-08-19T16:02:20.903Z,2538,2026-08-19T16:02:20.903Z,B36,Asheville,0e774440-67e4-4817-8f97-24afdbb9d82f,SAMMS-AshevilleV5
202608191602179693,202608191519596531,202608191519595710,97,6578,P1 Forms Take Home Risk Assessment Bronze - B37,br_samms_take_home_risk_assessment,TASK_COMPLETE,SUCCESS,INFO,556,556,0,,2026-08-19T15:20:02.186Z,2026-08-19T16:02:20.903Z,2538,2026-08-19T16:02:20.903Z,B37,Clyde,0e774440-67e4-4817-8f97-24afdbb9d82f,SAMMS-ClydeV5
202608191602179694,202608191519596532,202608191519595710,97,6579,P1 Forms Take Home Risk Assessment Bronze - B38,br_samms_take_home_risk_assessment,TASK_COMPLETE,SUCCESS,INFO,1316,1316,0,,2026-08-19T15:20:02.186Z,2026-08-19T16:02:20.903Z,2538,2026-08-19T16:02:20.903Z,B38,Spartanburg,0e774440-67e4-4817-8f97-24afdbb9d82f,SAMMS-SpartanburgV5
202608191602179695,202608191519596533,202608191519595710,97,6580,P1 Forms Take Home Risk Assessment Bronze - B39,br_samms_take_home_risk_assessment,TASK_COMPLETE,SUCCESS,INFO,485,485,0,,2026-08-19T15:20:02.186Z,2026-08-19T16:02:20.903Z,2538,2026-08-19T16:02:20.903Z,B39,Aiken,0e774440-67e4-4817-8f97-24afdbb9d82f,SAMMS-AikenV5
202608191602179696,202608191519596534,202608191519595710,97,6581,P1 Forms Take Home Risk Assessment Bronze - B41,br_samms_take_home_risk_assessment,TASK_COMPLETE,SUCCESS,INFO,663,663,0,,2026-08-19T15:20:02.186Z,2026-08-19T16:02:20.903Z,2538,2026-08-19T16:02:20.903Z,B41,Chesapeake,0e774440-67e4-4817-8f97-24afdbb9d82f,SAMMS-ChesapeakeV5
202608191602179697,202608191519596535,202608191519595710,97,6582,P1 Forms Take Home Risk Assessment Bronze - B42,br_samms_take_home_risk_assessment,TASK_COMPLETE,SUCCESS,INFO,226,226,0,,2026-08-19T15:20:02.186Z,2026-08-19T16:02:20.903Z,2538,2026-08-19T16:02:20.903Z,B42,VirginiaBeach,0e774440-67e4-4817-8f97-24afdbb9d82f,SAMMS-VirginiaBeachV5
202608191602179698,202608191519596536,202608191519595710,97,6583,P1 Forms Take Home Risk Assessment Bronze - B42A,br_samms_take_home_risk_assessment,TASK_COMPLETE,SUCCESS,INFO,426,426,0,,2026-08-19T15:20:02.186Z,2026-08-19T16:02:20.903Z,2538,2026-08-19T16:02:20.903Z,B42A,NewportNews,0e774440-67e4-4817-8f97-24afdbb9d82f,SAMMS-NewportNewsV5
202608191602179699,202608191519596537,202608191519595710,97,6584,P1 Forms Take Home Risk Assessment Bronze - B42B,br_samms_take_home_risk_assessment,TASK_COMPLETE,SUCCESS,INFO,59,59,0,,2026-08-19T15:20:02.186Z,2026-08-19T16:02:20.903Z,2538,2026-08-19T16:02:20.903Z,B42B,Franklin,0e774440-67e4-4817-8f97-24afdbb9d82f,SAMMS-FranklinV5
202608191602179700,202608191519596538,202608191519595710,97,6585,P1 Forms Take Home Risk Assessment Bronze - B42C,br_samms_take_home_risk_assessment,TASK_COMPLETE,SUCCESS,INFO,333,333,0,,2026-08-19T15:20:02.186Z,2026-08-19T16:02:20.903Z,2538,2026-08-19T16:02:20.903Z,B42C,GlenAllen,0e774440-67e4-4817-8f97-24afdbb9d82f,SAMMS-GlenAllenV5
202608191602179701,202608191519596539,202608191519595710,97,6586,P1 Forms Take Home Risk Assessment Bronze - B42D,br_samms_take_home_risk_assessment,TASK_COMPLETE,SUCCESS,INFO,864,864,0,,2026-08-19T15:20:02.186Z,2026-08-19T16:02:20.903Z,2538,2026-08-19T16:02:20.903Z,B42D,ChesapeakeSouth,0e774440-67e4-4817-8f97-24afdbb9d82f,SAMMS-ChesapeakeSouthV5
202608191602179702,202608191519596540,202608191519595710,97,6587,P1 Forms Take Home Risk Assessment Bronze - B44,br_samms_take_home_risk_assessment,TASK_COMPLETE,SUCCESS,INFO,310,310,0,,2026-08-19T15:20:02.186Z,2026-08-19T16:02:20.903Z,2538,2026-08-19T16:02:20.903Z,B44,Albany,0e774440-67e4-4817-8f97-24afdbb9d82f,SAMMS-AlbanyV5
202608191602179703,202608191519596541,202608191519595710,97,6588,P1 Forms Take Home Risk Assessment Bronze - B45,br_samms_take_home_risk_assessment,TASK_COMPLETE,SUCCESS,INFO,737,737,0,,2026-08-19T15:20:02.186Z,2026-08-19T16:02:20.903Z,2538,2026-08-19T16:02:20.903Z,B45,Tifton,0e774440-67e4-4817-8f97-24afdbb9d82f,SAMMS-TiftonV5
202608191602179705,202608191519596542,202608191519595710,97,6589,P1 Forms Take Home Risk Assessment Bronze - B46,br_samms_take_home_risk_assessment,TASK_COMPLETE,SUCCESS,INFO,721,721,0,,2026-08-19T15:20:02.186Z,2026-08-19T16:02:20.903Z,2538,2026-08-19T16:02:20.903Z,B46,WashingtonDC,0e774440-67e4-4817-8f97-24afdbb9d82f,SAMMS-WashingtonDCv5
202608212101411089,202608212020691715,202608212020690709,88,5675,P1 Reference Preadmission Referral Source Bronze - NC,br_samms_preadmission_referral_source,TASK_COMPLETE,SUCCESS,INFO,479,479,0,,2026-08-21T20:21:13.701Z,2026-08-21T21:04:00.531Z,2567,2026-08-21T21:04:00.531Z,NC,NorthCharleston,8488c727-7e26-424c-b4ea-f3ce6564dbed,SAMMS-NorthCharleston
202608212101411090,202608212020691716,202608212020690709,88,5676,P1 Reference Preadmission Referral Source Bronze - NLR,br_samms_preadmission_referral_source,TASK_COMPLETE,SUCCESS,INFO,503,503,0,,2026-08-21T20:21:13.701Z,2026-08-21T21:04:00.531Z,2567,2026-08-21T21:04:00.531Z,NLR,NLROBOT,8488c727-7e26-424c-b4ea-f3ce6564dbed,SAMMS-NLROBOT
202608212101411092,202608212020691717,202608212020690709,88,5677,P1 Reference Preadmission Referral Source Bronze - PH,br_samms_preadmission_referral_source,TASK_COMPLETE,SUCCESS,INFO,43,43,0,,2026-08-21T20:21:13.701Z,2026-08-21T21:04:00.531Z,2567,2026-08-21T21:04:00.531Z,PH,Phoenix,8488c727-7e26-424c-b4ea-f3ce6564dbed,SAMMS-Phoenix
202608212101411094,202608212020691718,202608212020690709,88,5678,P1 Reference Preadmission Referral Source Bronze - RE,br_samms_preadmission_referral_source,TASK_COMPLETE,SUCCESS,INFO,405,405,0,,2026-08-21T20:21:13.701Z,2026-08-21T21:04:00.531Z,2567,2026-08-21T21:04:00.531Z,RE,Reno,8488c727-7e26-424c-b4ea-f3ce6564dbed,SAMMS-Reno
202608212101411096,202608212020691719,202608212020690709,88,5679,P1 Reference Preadmission Referral Source Bronze - RMD,br_samms_preadmission_referral_source,TASK_COMPLETE,SUCCESS,INFO,543,543,0,,2026-08-21T20:21:13.701Z,2026-08-21T21:04:00.531Z,2567,2026-08-21T21:04:00.531Z,RMD,Richmond,8488c727-7e26-424c-b4ea-f3ce6564dbed,SAMMS-Richmond
202608212101411098,202608212020691720,202608212020690709,88,5680,P1 Reference Preadmission Referral Source Bronze - SFN,br_samms_preadmission_referral_source,TASK_COMPLETE,SUCCESS,INFO,375,375,0,,2026-08-21T20:21:13.701Z,2026-08-21T21:04:00.531Z,2567,2026-08-21T21:04:00.531Z,SFN,SFN,8488c727-7e26-424c-b4ea-f3ce6564dbed,SAMMS-SFNv5
202608212101411100,202608212020691721,202608212020690709,88,5681,P1 Reference Preadmission Referral Source Bronze - SHP,br_samms_preadmission_referral_source,TASK_COMPLETE,SUCCESS,INFO,378,378,0,,2026-08-21T20:21:13.701Z,2026-08-21T21:04:00.531Z,2567,2026-08-21T21:04:00.531Z,SHP,Shreveport,8488c727-7e26-424c-b4ea-f3ce6564dbed,SAMMS-Shreveport
202608212101411102,202608212020691722,202608212020690709,88,5682,P1 Reference Preadmission Referral Source Bronze - STN,br_samms_preadmission_referral_source,TASK_COMPLETE,SUCCESS,INFO,156,156,0,,2026-08-21T20:21:13.701Z,2026-08-21T21:04:00.531Z,2567,2026-08-21T21:04:00.531Z,STN,Staunton,8488c727-7e26-424c-b4ea-f3ce6564dbed,SAMMS-Staunton
202608212101411104,202608212020691723,202608212020690709,88,5683,P1 Reference Preadmission Referral Source Bronze - STVN,br_samms_preadmission_referral_source,TASK_COMPLETE,SUCCESS,INFO,77,77,0,,2026-08-21T20:21:13.701Z,2026-08-21T21:04:00.531Z,2567,2026-08-21T21:04:00.531Z,STVN,Stevenson,8488c727-7e26-424c-b4ea-f3ce6564dbed,SAMMS-Stevenson
202608212101411106,202608212020691724,202608212020690709,88,5684,P1 Reference Preadmission Referral Source Bronze - TE,br_samms_preadmission_referral_source,TASK_COMPLETE,SUCCESS,INFO,42,42,0,,2026-08-21T20:21:13.701Z,2026-08-21T21:04:00.531Z,2567,2026-08-21T21:04:00.531Z,TE,Tempe,8488c727-7e26-424c-b4ea-f3ce6564dbed,SAMMS-Tempe
202608212101411108,202608212020691725,202608212020690709,88,5685,P1 Reference Preadmission Referral Source Bronze - TEX,br_samms_preadmission_referral_source,TASK_COMPLETE,SUCCESS,INFO,302,302,0,,2026-08-21T20:21:13.701Z,2026-08-21T21:04:00.531Z,2567,2026-08-21T21:04:00.531Z,TEX,Texarkana,8488c727-7e26-424c-b4ea-f3ce6564dbed,SAMMS-Texarkana
202608212101411110,202608212020691726,202608212020690709,88,5686,P1 Reference Preadmission Referral Source Bronze - TTCA,br_samms_preadmission_referral_source,TASK_COMPLETE,SUCCESS,INFO,347,347,0,,2026-08-21T20:21:13.701Z,2026-08-21T21:04:00.531Z,2567,2026-08-21T21:04:00.531Z,TTCA,Bessemer,8488c727-7e26-424c-b4ea-f3ce6564dbed,SAMMS-BessemerV5
202608212101411111,202608212020691727,202608212020690709,88,5687,P1 Reference Preadmission Referral Source Bronze - TTCB,br_samms_preadmission_referral_source,TASK_COMPLETE,SUCCESS,INFO,431,431,0,,2026-08-21T20:21:13.701Z,2026-08-21T21:04:00.531Z,2567,2026-08-21T21:04:00.531Z,TTCB,Cullman,8488c727-7e26-424c-b4ea-f3ce6564dbed,SAMMS-CullmanV5
202608212101411113,202608212020691728,202608212020690709,88,5688,P1 Reference Preadmission Referral Source Bronze - TTCC,br_samms_preadmission_referral_source,TASK_COMPLETE,SUCCESS,INFO,196,196,0,,2026-08-21T20:21:13.701Z,2026-08-21T21:04:00.531Z,2567,2026-08-21T21:04:00.531Z,TTCC,GrandBay,8488c727-7e26-424c-b4ea-f3ce6564dbed,SAMMS-GrandBay
202608212101411115,202608212020691729,202608212020690709,88,5689,P1 Reference Preadmission Referral Source Bronze - TU,br_samms_preadmission_referral_source,TASK_COMPLETE,SUCCESS,INFO,22,22,0,,2026-08-21T20:21:13.701Z,2026-08-21T21:04:00.531Z,2567,2026-08-21T21:04:00.531Z,TU,Tucson,8488c727-7e26-424c-b4ea-f3ce6564dbed,SAMMS-Tucson
202608212101411117,202608212020691730,202608212020690709,88,5690,P1 Reference Preadmission Referral Source Bronze - V1,br_samms_preadmission_referral_source,TASK_COMPLETE,SUCCESS,INFO,174,174,0,,2026-08-21T20:21:13.701Z,2026-08-21T21:04:00.531Z,2567,2026-08-21T21:04:00.531Z,V1,VCPHCS-I-Memphis,8488c727-7e26-424c-b4ea-f3ce6564dbed,SAMMS-VCPHCS-I-MemphisV5
202608212101411119,202608212020691731,202608212020690709,88,5691,P1 Reference Preadmission Referral Source Bronze - V10,br_samms_preadmission_referral_source,TASK_COMPLETE,SUCCESS,INFO,294,294,0,,2026-08-21T20:21:13.701Z,2026-08-21T21:04:00.531Z,2567,2026-08-21T21:04:00.531Z,V10,Boulder,8488c727-7e26-424c-b4ea-f3ce6564dbed,SAMMS-BoulderV5
202608212101411121,202608212020691732,202608212020690709,88,5692,P1 Reference Preadmission Referral Source Bronze - V10A,br_samms_preadmission_referral_source,TASK_COMPLETE,SUCCESS,INFO,567,567,0,,2026-08-21T20:21:13.701Z,2026-08-21T21:04:00.531Z,2567,2026-08-21T21:04:00.531Z,V10A,FortCollins,8488c727-7e26-424c-b4ea-f3ce6564dbed,SAMMS-FortCollinsV5
202608212101411123,202608212020691733,202608212020690709,88,5693,P1 Reference Preadmission Referral Source Bronze - V11,br_samms_preadmission_referral_source,TASK_COMPLETE,SUCCESS,INFO,487,487,0,,2026-08-21T20:21:13.701Z,2026-08-21T21:04:00.531Z,2567,2026-08-21T21:04:00.531Z,V11,VCPHCS-XI-NorthDenver,8488c727-7e26-424c-b4ea-f3ce6564dbed,SAMMS-VCPHCS-XI-NorthDenverV5
202608212101411125,202608212020691734,202608212020690709,88,5694,P1 Reference Preadmission Referral Source Bronze - V12,br_samms_preadmission_referral_source,TASK_COMPLETE,SUCCESS,INFO,463,463,0,,2026-08-21T20:21:13.701Z,2026-08-21T21:04:00.531Z,2567,2026-08-21T21:04:00.531Z,V12,VCPHCS-XII-DowntownDenver,8488c727-7e26-424c-b4ea-f3ce6564dbed,SAMMS-VCPHCS-XII-DowntownDenverV5
202608212101411127,202608212020691735,202608212020690709,88,5695,P1 Reference Preadmission Referral Source Bronze - V12A,br_samms_preadmission_referral_source,TASK_COMPLETE,SUCCESS,INFO,188,188,0,,2026-08-21T20:21:13.701Z,2026-08-21T21:04:00.531Z,2567,2026-08-21T21:04:00.531Z,V12A,Centennial,8488c727-7e26-424c-b4ea-f3ce6564dbed,SAMMS-CentennialV5
202608212101411129,202608212020691736,202608212020690709,88,5696,P1 Reference Preadmission Referral Source Bronze - V14,br_samms_preadmission_referral_source,TASK_COMPLETE,SUCCESS,INFO,265,265,0,,2026-08-21T20:21:13.701Z,2026-08-21T21:04:00.531Z,2567,2026-08-21T21:04:00.531Z,V14,VCPHCS-XIV-Bridgeway,8488c727-7e26-424c-b4ea-f3ce6564dbed,SAMMS-VCPHCS-XIV-BridgewayV5
202608212101411131,202608212020691737,202608212020690709,88,5697,P1 Reference Preadmission Referral Source Bronze - V15,br_samms_preadmission_referral_source,TASK_COMPLETE,SUCCESS,INFO,416,416,0,,2026-08-21T20:21:13.701Z,2026-08-21T21:04:00.531Z,2567,2026-08-21T21:04:00.531Z,V15,Joplin,8488c727-7e26-424c-b4ea-f3ce6564dbed,SAMMS-JoplinV5
202608212101411133,202608212020691738,202608212020690709,88,5698,P1 Reference Preadmission Referral Source Bronze - V17,br_samms_preadmission_referral_source,TASK_COMPLETE,SUCCESS,INFO,274,274,0,,2026-08-21T20:21:13.701Z,2026-08-21T21:04:00.531Z,2567,2026-08-21T21:04:00.531Z,V17,ColumbiaTN,8488c727-7e26-424c-b4ea-f3ce6564dbed,SAMMS-ColumbiaTNv5
202608212101411136,202608212020691739,202608212020690709,88,5699,P1 Reference Preadmission Referral Source Bronze - V19,br_samms_preadmission_referral_source,TASK_COMPLETE,SUCCESS,INFO,309,309,0,,2026-08-21T20:21:13.701Z,2026-08-21T21:04:00.531Z,2567,2026-08-21T21:04:00.531Z,V19,Jackson,8488c727-7e26-424c-b4ea-f3ce6564dbed,SAMMS-JacksonV5
202608212101411138,202608212020691740,202608212020690709,88,5700,P1 Reference Preadmission Referral Source Bronze - V20,br_samms_preadmission_referral_source,TASK_COMPLETE,SUCCESS,INFO,267,267,0,,2026-08-21T20:21:13.701Z,2026-08-21T21:04:00.531Z,2567,2026-08-21T21:04:00.531Z,V20,Paris,8488c727-7e26-424c-b4ea-f3ce6564dbed,SAMMS-ParisV5
202608212101411140,202608212020691741,202608212020690709,88,5701,P1 Reference Preadmission Referral Source Bronze - V21,br_samms_preadmission_referral_source,TASK_COMPLETE,SUCCESS,INFO,210,210,0,,2026-08-21T20:21:13.701Z,2026-08-21T21:04:00.531Z,2567,2026-08-21T21:04:00.531Z,V21,Raleigh,8488c727-7e26-424c-b4ea-f3ce6564dbed,SAMMS-RaleighV5
202608212101411142,202608212020691742,202608212020690709,88,5702,P1 Reference Preadmission Referral Source Bronze - V5,br_samms_preadmission_referral_source,TASK_COMPLETE,SUCCESS,INFO,511,511,0,,2026-08-21T20:21:13.701Z,2026-08-21T21:04:00.531Z,2567,2026-08-21T21:04:00.531Z,V5,NONTC,8488c727-7e26-424c-b4ea-f3ce6564dbed,SAMMS-NONTCv5
202608212101411144,202608212020691743,202608212020690709,88,5703,P1 Reference Preadmission Referral Source Bronze - V5B,br_samms_preadmission_referral_source,TASK_COMPLETE,SUCCESS,INFO,184,184,0,,2026-08-21T20:21:13.701Z,2026-08-21T21:04:00.531Z,2567,2026-08-21T21:04:00.531Z,V5B,Houma,8488c727-7e26-424c-b4ea-f3ce6564dbed,SAMMS-HoumaV6
202608212101411146,202608212020691744,202608212020690709,88,5704,P1 Reference Preadmission Referral Source Bronze - V6,br_samms_preadmission_referral_source,TASK_COMPLETE,SUCCESS,INFO,672,672,0,,2026-08-21T20:21:13.701Z,2026-08-21T21:04:00.531Z,2567,2026-08-21T21:04:00.531Z,V6,LC,8488c727-7e26-424c-b4ea-f3ce6564dbed,SAMMS-LCv5
202608212101411148,202608212020691745,202608212020690709,88,5705,P1 Reference Preadmission Referral Source Bronze - V8,br_samms_preadmission_referral_source,TASK_COMPLETE,SUCCESS,INFO,511,511,0,,2026-08-21T20:21:13.701Z,2026-08-21T21:04:00.531Z,2567,2026-08-21T21:04:00.531Z,V8,VCPHCS-VIII-Memphis,8488c727-7e26-424c-b4ea-f3ce6564dbed,SAMMS-VCPHCS-VIII-MemphisV5
202608212101411150,202608212020691746,202608212020690709,88,5706,P1 Reference Preadmission Referral Source Bronze - V9,br_samms_preadmission_referral_source,TASK_COMPLETE,SUCCESS,INFO,784,784,0,,2026-08-21T20:21:13.701Z,2026-08-21T21:04:00.531Z,2567,2026-08-21T21:04:00.531Z,V9,Nashville,8488c727-7e26-424c-b4ea-f3ce6564dbed,SAMMS-NashvilleV5
202608212101411152,202608212020691747,202608212020690709,88,5707,P1 Reference Preadmission Referral Source Bronze - VBRA,br_samms_preadmission_referral_source,TASK_COMPLETE,SUCCESS,INFO,430,430,0,,2026-08-21T20:21:13.701Z,2026-08-21T21:04:00.531Z,2567,2026-08-21T21:04:00.531Z,VBRA,Brainerd,8488c727-7e26-424c-b4ea-f3ce6564dbed,SAMMS-BrainerdV6
202608212101411154,202608212020691748,202608212020690709,88,5708,P1 Reference Preadmission Referral Source Bronze - VBRP,br_samms_preadmission_referral_source,TASK_COMPLETE,SUCCESS,INFO,683,683,0,,2026-08-21T20:21:13.701Z,2026-08-21T21:04:00.531Z,2567,2026-08-21T21:04:00.531Z,VBRP,BrooklynPark,8488c727-7e26-424c-b4ea-f3ce6564dbed,SAMMS-BrooklynParkV6
202608212101411156,202608212020691749,202608212020690709,88,5709,P1 Reference Preadmission Referral Source Bronze - VMIN,br_samms_preadmission_referral_source,TASK_COMPLETE,SUCCESS,INFO,404,404,0,,2026-08-21T20:21:13.701Z,2026-08-21T21:04:00.531Z,2567,2026-08-21T21:04:00.531Z,VMIN,Minneapolis,8488c727-7e26-424c-b4ea-f3ce6564dbed,SAMMS-MinneapolisV6
202608212101411158,202608212020691750,202608212020690709,88,5710,P1 Reference Preadmission Referral Source Bronze - VWBY,br_samms_preadmission_referral_source,TASK_COMPLETE,SUCCESS,INFO,663,663,0,,2026-08-21T20:21:13.701Z,2026-08-21T21:04:00.531Z,2567,2026-08-21T21:04:00.531Z,VWBY,Woodbury,8488c727-7e26-424c-b4ea-f3ce6564dbed,SAMMS-WoodburyV6
202608212101411161,202608212020691751,202608212020690709,88,5711,P1 Reference Preadmission Referral Source Bronze - WIL,br_samms_preadmission_referral_source,TASK_COMPLETE,SUCCESS,INFO,306,306,0,,2026-08-21T20:21:13.701Z,2026-08-21T21:04:00.531Z,2567,2026-08-21T21:04:00.531Z,WIL,Wilson,8488c727-7e26-424c-b4ea-f3ce6564dbed,SAMMS-Wilson
202608212101411262,202608212020790718,202608212020790709,89,5712,P1 Reference Preadmission Referral Source Silver,tbl_PreadmissionReferralSource,TASK_COMPLETE,SUCCESS,INFO,42499,42499,0,,2026-08-21T20:21:13.701Z,2026-08-21T21:04:00.531Z,2567,2026-08-21T21:04:00.531Z,,,8488c727-7e26-424c-b4ea-f3ce6564dbed,
202608212101411169,202608212020691522,202608212020690709,88,5479,P1 Reference PreAdmission V6 Bronze - AHK,br_samms_pre_admission_v6,TASK_COMPLETE,SUCCESS,INFO,43,43,0,,2026-08-21T20:21:13.701Z,2026-08-21T21:04:00.531Z,2567,2026-08-21T21:04:00.531Z,AHK,Ahoskie,8488c727-7e26-424c-b4ea-f3ce6564dbed,SAMMS-Ahoskie
202608212101411170,202608212020691523,202608212020690709,88,5480,P1 Reference PreAdmission V6 Bronze - B12B,br_samms_pre_admission_v6,TASK_COMPLETE,SUCCESS,INFO,141,141,0,,2026-08-21T20:21:13.701Z,2026-08-21T21:04:00.531Z,2567,2026-08-21T21:04:00.531Z,B12B,ColoradoSprings,8488c727-7e26-424c-b4ea-f3ce6564dbed,SAMMS-ColoradoSpringsV5
202608212101411171,202608212020691524,202608212020690709,88,5481,P1 Reference PreAdmission V6 Bronze - B24,br_samms_pre_admission_v6,TASK_COMPLETE,SUCCESS,INFO,225,225,0,,2026-08-21T20:21:13.701Z,2026-08-21T21:04:00.531Z,2567,2026-08-21T21:04:00.531Z,B24,Paintsville,8488c727-7e26-424c-b4ea-f3ce6564dbed,SAMMS-PaintsvilleV5
202608212101411172,202608212020691525,202608212020690709,88,5482,P1 Reference PreAdmission V6 Bronze - B25,br_samms_pre_admission_v6,TASK_COMPLETE,SUCCESS,INFO,188,188,0,,2026-08-21T20:21:13.701Z,2026-08-21T21:04:00.531Z,2567,2026-08-21T21:04:00.531Z,B25,Pikeville,8488c727-7e26-424c-b4ea-f3ce6564dbed,SAMMS-PikevilleV5
202608212101411173,202608212020691526,202608212020690709,88,5483,P1 Reference PreAdmission V6 Bronze - B26,br_samms_pre_admission_v6,TASK_COMPLETE,SUCCESS,INFO,262,262,0,,2026-08-21T20:21:13.701Z,2026-08-21T21:04:00.531Z,2567,2026-08-21T21:04:00.531Z,B26,Hazard,8488c727-7e26-424c-b4ea-f3ce6564dbed,SAMMS-HazardV5
202608212101411175,202608212020691527,202608212020690709,88,5484,P1 Reference PreAdmission V6 Bronze - B27,br_samms_pre_admission_v6,TASK_COMPLETE,SUCCESS,INFO,80,80,0,,2026-08-21T20:21:13.701Z,2026-08-21T21:04:00.531Z,2567,2026-08-21T21:04:00.531Z,B27,Savannah,8488c727-7e26-424c-b4ea-f3ce6564dbed,SAMMS-SavannahV6
202608212101411176,202608212020691528,202608212020690709,88,5485,P1 Reference PreAdmission V6 Bronze - B28,br_samms_pre_admission_v6,TASK_COMPLETE,SUCCESS,INFO,64,64,0,,2026-08-21T20:21:13.701Z,2026-08-21T21:04:00.531Z,2567,2026-08-21T21:04:00.531Z,B28,WestPlaines,8488c727-7e26-424c-b4ea-f3ce6564dbed,SAMMS-WestPlainesV5
202608212101411177,202608212020691529,202608212020690709,88,5486,P1 Reference PreAdmission V6 Bronze - B29,br_samms_pre_admission_v6,TASK_COMPLETE,SUCCESS,INFO,69,69,0,,2026-08-21T20:21:13.701Z,2026-08-21T21:04:00.531Z,2567,2026-08-21T21:04:00.531Z,B29,PoplarBluff,8488c727-7e26-424c-b4ea-f3ce6564dbed,SAMMS-PoplarBluffV5
202608212101411178,202608212020691530,202608212020690709,88,5487,P1 Reference PreAdmission V6 Bronze - B30,br_samms_pre_admission_v6,TASK_COMPLETE,SUCCESS,INFO,50,50,0,,2026-08-21T20:21:13.701Z,2026-08-21T21:04:00.531Z,2567,2026-08-21T21:04:00.531Z,B30,KCN,8488c727-7e26-424c-b4ea-f3ce6564dbed,SAMMS-KCNv5
202608212101411179,202608212020691531,202608212020690709,88,5488,P1 Reference PreAdmission V6 Bronze - B31,br_samms_pre_admission_v6,TASK_COMPLETE,SUCCESS,INFO,132,132,0,,2026-08-21T20:21:13.701Z,2026-08-21T21:04:00.531Z,2567,2026-08-21T21:04:00.531Z,B31,Dyersburg,8488c727-7e26-424c-b4ea-f3ce6564dbed,SAMMS-DyersburgV5
202608212101411181,202608212020691532,202608212020690709,88,5489,P1 Reference PreAdmission V6 Bronze - B33,br_samms_pre_admission_v6,TASK_COMPLETE,SUCCESS,INFO,134,134,0,,2026-08-21T20:21:13.701Z,2026-08-21T21:04:00.531Z,2567,2026-08-21T21:04:00.531Z,B33,Paducah,8488c727-7e26-424c-b4ea-f3ce6564dbed,SAMMS-Paducah
202608212101411182,202608212020691533,202608212020690709,88,5490,P1 Reference PreAdmission V6 Bronze - B34,br_samms_pre_admission_v6,TASK_COMPLETE,SUCCESS,INFO,240,240,0,,2026-08-21T20:21:13.701Z,2026-08-21T21:04:00.531Z,2567,2026-08-21T21:04:00.531Z,B34,Corbin,8488c727-7e26-424c-b4ea-f3ce6564dbed,SAMMS-CorbinV5
202608212101411183,202608212020691534,202608212020690709,88,5491,P1 Reference PreAdmission V6 Bronze - B35,br_samms_pre_admission_v6,TASK_COMPLETE,SUCCESS,INFO,560,560,0,,2026-08-21T20:21:13.701Z,2026-08-21T21:04:00.531Z,2567,2026-08-21T21:04:00.531Z,B35,Lexington,8488c727-7e26-424c-b4ea-f3ce6564dbed,SAMMS-LexingtonV5
202608212101411184,202608212020691535,202608212020690709,88,5492,P1 Reference PreAdmission V6 Bronze - B35A,br_samms_pre_admission_v6,TASK_COMPLETE,SUCCESS,INFO,175,175,0,,2026-08-21T20:21:13.701Z,2026-08-21T21:04:00.531Z,2567,2026-08-21T21:04:00.531Z,B35A,Berea,8488c727-7e26-424c-b4ea-f3ce6564dbed,SAMMS-BereaV5
202608212101411186,202608212020691536,202608212020690709,88,5493,P1 Reference PreAdmission V6 Bronze - B36,br_samms_pre_admission_v6,TASK_COMPLETE,SUCCESS,INFO,109,109,0,,2026-08-21T20:21:13.701Z,2026-08-21T21:04:00.531Z,2567,2026-08-21T21:04:00.531Z,B36,Asheville,8488c727-7e26-424c-b4ea-f3ce6564dbed,SAMMS-AshevilleV5
202608212101411187,202608212020691537,202608212020690709,88,5494,P1 Reference PreAdmission V6 Bronze - B37,br_samms_pre_admission_v6,TASK_COMPLETE,SUCCESS,INFO,175,175,0,,2026-08-21T20:21:13.701Z,2026-08-21T21:04:00.531Z,2567,2026-08-21T21:04:00.531Z,B37,Clyde,8488c727-7e26-424c-b4ea-f3ce6564dbed,SAMMS-ClydeV5
202608212101411188,202608212020691538,202608212020690709,88,5495,P1 Reference PreAdmission V6 Bronze - B38,br_samms_pre_admission_v6,TASK_COMPLETE,SUCCESS,INFO,286,286,0,,2026-08-21T20:21:13.701Z,2026-08-21T21:04:00.531Z,2567,2026-08-21T21:04:00.531Z,B38,Spartanburg,8488c727-7e26-424c-b4ea-f3ce6564dbed,SAMMS-SpartanburgV5
202608212101411189,202608212020691539,202608212020690709,88,5496,P1 Reference PreAdmission V6 Bronze - B39,br_samms_pre_admission_v6,TASK_COMPLETE,SUCCESS,INFO,187,187,0,,2026-08-21T20:21:13.701Z,2026-08-21T21:04:00.531Z,2567,2026-08-21T21:04:00.531Z,B39,Aiken,8488c727-7e26-424c-b4ea-f3ce6564dbed,SAMMS-AikenV5
202608212101411191,202608212020691540,202608212020690709,88,5497,P1 Reference PreAdmission V6 Bronze - B41,br_samms_pre_admission_v6,TASK_COMPLETE,SUCCESS,INFO,326,326,0,,2026-08-21T20:21:13.701Z,2026-08-21T21:04:00.531Z,2567,2026-08-21T21:04:00.531Z,B41,Chesapeake,8488c727-7e26-424c-b4ea-f3ce6564dbed,SAMMS-ChesapeakeV5
202608212101411192,202608212020691541,202608212020690709,88,5498,P1 Reference PreAdmission V6 Bronze - B42,br_samms_pre_admission_v6,TASK_COMPLETE,SUCCESS,INFO,724,724,0,,2026-08-21T20:21:13.701Z,2026-08-21T21:04:00.531Z,2567,2026-08-21T21:04:00.531Z,B42,VirginiaBeach,8488c727-7e26-424c-b4ea-f3ce6564dbed,SAMMS-VirginiaBeachV5
202608212101411193,202608212020691542,202608212020690709,88,5499,P1 Reference PreAdmission V6 Bronze - B42A,br_samms_pre_admission_v6,TASK_COMPLETE,SUCCESS,INFO,174,174,0,,2026-08-21T20:21:13.701Z,2026-08-21T21:04:00.531Z,2567,2026-08-21T21:04:00.531Z,B42A,NewportNews,8488c727-7e26-424c-b4ea-f3ce6564dbed,SAMMS-NewportNewsV5
202608212101411195,202608212020691543,202608212020690709,88,5500,P1 Reference PreAdmission V6 Bronze - B42B,br_samms_pre_admission_v6,TASK_COMPLETE,SUCCESS,INFO,65,65,0,,2026-08-21T20:21:13.701Z,2026-08-21T21:04:00.531Z,2567,2026-08-21T21:04:00.531Z,B42B,Franklin,8488c727-7e26-424c-b4ea-f3ce6564dbed,SAMMS-FranklinV5
202608212101411196,202608212020691544,202608212020690709,88,5501,P1 Reference PreAdmission V6 Bronze - B42C,br_samms_pre_admission_v6,TASK_COMPLETE,SUCCESS,INFO,422,422,0,,2026-08-21T20:21:13.701Z,2026-08-21T21:04:00.531Z,2567,2026-08-21T21:04:00.531Z,B42C,GlenAllen,8488c727-7e26-424c-b4ea-f3ce6564dbed,SAMMS-GlenAllenV5
202608212101411197,202608212020691545,202608212020690709,88,5502,P1 Reference PreAdmission V6 Bronze - B42D,br_samms_pre_admission_v6,TASK_COMPLETE,SUCCESS,INFO,218,218,0,,2026-08-21T20:21:13.701Z,2026-08-21T21:04:00.531Z,2567,2026-08-21T21:04:00.531Z,B42D,ChesapeakeSouth,8488c727-7e26-424c-b4ea-f3ce6564dbed,SAMMS-ChesapeakeSouthV5
202608212101411199,202608212020691546,202608212020690709,88,5503,P1 Reference PreAdmission V6 Bronze - B44,br_samms_pre_admission_v6,TASK_COMPLETE,SUCCESS,INFO,132,132,0,,2026-08-21T20:21:13.701Z,2026-08-21T21:04:00.531Z,2567,2026-08-21T21:04:00.531Z,B44,Albany,8488c727-7e26-424c-b4ea-f3ce6564dbed,SAMMS-AlbanyV5
202608212101411200,202608212020691547,202608212020690709,88,5504,P1 Reference PreAdmission V6 Bronze - B45,br_samms_pre_admission_v6,TASK_COMPLETE,SUCCESS,INFO,231,231,0,,2026-08-21T20:21:13.701Z,2026-08-21T21:04:00.531Z,2567,2026-08-21T21:04:00.531Z,B45,Tifton,8488c727-7e26-424c-b4ea-f3ce6564dbed,SAMMS-TiftonV5
202608212101411201,202608212020691548,202608212020690709,88,5505,P1 Reference PreAdmission V6 Bronze - B46,br_samms_pre_admission_v6,TASK_COMPLETE,SUCCESS,INFO,224,224,0,,2026-08-21T20:21:13.701Z,2026-08-21T21:04:00.531Z,2567,2026-08-21T21:04:00.531Z,B46,WashingtonDC,8488c727-7e26-424c-b4ea-f3ce6564dbed,SAMMS-WashingtonDCv5
202608191602179567,202608191519596415,202608191519595710,97,6460,P1 Forms Take Home Agreement And Diversion Control Bronze - B36,br_samms_take_home_agreement_diversion_control,TASK_COMPLETE,SUCCESS,INFO,143,143,0,,2026-08-19T15:20:02.186Z,2026-08-19T16:02:20.903Z,2538,2026-08-19T16:02:20.903Z,B36,Asheville,0e774440-67e4-4817-8f97-24afdbb9d82f,SAMMS-AshevilleV5
202608191602179568,202608191519596416,202608191519595710,97,6461,P1 Forms Take Home Agreement And Diversion Control Bronze - B37,br_samms_take_home_agreement_diversion_control,TASK_COMPLETE,SUCCESS,INFO,98,98,0,,2026-08-19T15:20:02.186Z,2026-08-19T16:02:20.903Z,2538,2026-08-19T16:02:20.903Z,B37,Clyde,0e774440-67e4-4817-8f97-24afdbb9d82f,SAMMS-ClydeV5
202608191602179569,202608191519596417,202608191519595710,97,6462,P1 Forms Take Home Agreement And Diversion Control Bronze - B38,br_samms_take_home_agreement_diversion_control,TASK_COMPLETE,SUCCESS,INFO,266,266,0,,2026-08-19T15:20:02.186Z,2026-08-19T16:02:20.903Z,2538,2026-08-19T16:02:20.903Z,B38,Spartanburg,0e774440-67e4-4817-8f97-24afdbb9d82f,SAMMS-SpartanburgV5
202608191602179570,202608191519596418,202608191519595710,97,6463,P1 Forms Take Home Agreement And Diversion Control Bronze - B39,br_samms_take_home_agreement_diversion_control,TASK_COMPLETE,SUCCESS,INFO,87,87,0,,2026-08-19T15:20:02.186Z,2026-08-19T16:02:20.903Z,2538,2026-08-19T16:02:20.903Z,B39,Aiken,0e774440-67e4-4817-8f97-24afdbb9d82f,SAMMS-AikenV5
202608191602179571,202608191519596419,202608191519595710,97,6464,P1 Forms Take Home Agreement And Diversion Control Bronze - B41,br_samms_take_home_agreement_diversion_control,TASK_COMPLETE,SUCCESS,INFO,177,177,0,,2026-08-19T15:20:02.186Z,2026-08-19T16:02:20.903Z,2538,2026-08-19T16:02:20.903Z,B41,Chesapeake,0e774440-67e4-4817-8f97-24afdbb9d82f,SAMMS-ChesapeakeV5
202608191602179572,202608191519596420,202608191519595710,97,6465,P1 Forms Take Home Agreement And Diversion Control Bronze - B42,br_samms_take_home_agreement_diversion_control,TASK_COMPLETE,SUCCESS,INFO,248,248,0,,2026-08-19T15:20:02.186Z,2026-08-19T16:02:20.903Z,2538,2026-08-19T16:02:20.903Z,B42,VirginiaBeach,0e774440-67e4-4817-8f97-24afdbb9d82f,SAMMS-VirginiaBeachV5
202608191602179573,202608191519596421,202608191519595710,97,6466,P1 Forms Take Home Agreement And Diversion Control Bronze - B42A,br_samms_take_home_agreement_diversion_control,TASK_COMPLETE,SUCCESS,INFO,137,137,0,,2026-08-19T15:20:02.186Z,2026-08-19T16:02:20.903Z,2538,2026-08-19T16:02:20.903Z,B42A,NewportNews,0e774440-67e4-4817-8f97-24afdbb9d82f,SAMMS-NewportNewsV5
202608191602179574,202608191519596422,202608191519595710,97,6467,P1 Forms Take Home Agreement And Diversion Control Bronze - B42B,br_samms_take_home_agreement_diversion_control,TASK_COMPLETE,SUCCESS,INFO,59,59,0,,2026-08-19T15:20:02.186Z,2026-08-19T16:02:20.903Z,2538,2026-08-19T16:02:20.903Z,B42B,Franklin,0e774440-67e4-4817-8f97-24afdbb9d82f,SAMMS-FranklinV5
202608191602179576,202608191519596423,202608191519595710,97,6468,P1 Forms Take Home Agreement And Diversion Control Bronze - B42C,br_samms_take_home_agreement_diversion_control,TASK_COMPLETE,SUCCESS,INFO,122,122,0,,2026-08-19T15:20:02.186Z,2026-08-19T16:02:20.903Z,2538,2026-08-19T16:02:20.903Z,B42C,GlenAllen,0e774440-67e4-4817-8f97-24afdbb9d82f,SAMMS-GlenAllenV5
202608191602179577,202608191519596424,202608191519595710,97,6469,P1 Forms Take Home Agreement And Diversion Control Bronze - B42D,br_samms_take_home_agreement_diversion_control,TASK_COMPLETE,SUCCESS,INFO,111,111,0,,2026-08-19T15:20:02.186Z,2026-08-19T16:02:20.903Z,2538,2026-08-19T16:02:20.903Z,B42D,ChesapeakeSouth,0e774440-67e4-4817-8f97-24afdbb9d82f,SAMMS-ChesapeakeSouthV5
202608191602179578,202608191519596425,202608191519595710,97,6470,P1 Forms Take Home Agreement And Diversion Control Bronze - B44,br_samms_take_home_agreement_diversion_control,TASK_COMPLETE,SUCCESS,INFO,95,95,0,,2026-08-19T15:20:02.186Z,2026-08-19T16:02:20.903Z,2538,2026-08-19T16:02:20.903Z,B44,Albany,0e774440-67e4-4817-8f97-24afdbb9d82f,SAMMS-AlbanyV5
202608191602179579,202608191519596426,202608191519595710,97,6471,P1 Forms Take Home Agreement And Diversion Control Bronze - B45,br_samms_take_home_agreement_diversion_control,TASK_COMPLETE,SUCCESS,INFO,231,231,0,,2026-08-19T15:20:02.186Z,2026-08-19T16:02:20.903Z,2538,2026-08-19T16:02:20.903Z,B45,Tifton,0e774440-67e4-4817-8f97-24afdbb9d82f,SAMMS-TiftonV5
202608191602179580,202608191519596427,202608191519595710,97,6472,P1 Forms Take Home Agreement And Diversion Control Bronze - B46,br_samms_take_home_agreement_diversion_control,TASK_COMPLETE,SUCCESS,INFO,86,86,0,,2026-08-19T15:20:02.186Z,2026-08-19T16:02:20.903Z,2538,2026-08-19T16:02:20.903Z,B46,WashingtonDC,0e774440-67e4-4817-8f97-24afdbb9d82f,SAMMS-WashingtonDCv5
202608191602179581,202608191519596428,202608191519595710,97,6473,P1 Forms Take Home Agreement And Diversion Control Bronze - B47,br_samms_take_home_agreement_diversion_control,TASK_COMPLETE,SUCCESS,INFO,303,303,0,,2026-08-19T15:20:02.186Z,2026-08-19T16:02:20.903Z,2538,2026-08-19T16:02:20.903Z,B47,Mobile,0e774440-67e4-4817-8f97-24afdbb9d82f,SAMMS-MobileV5
202608191602179582,202608191519596429,202608191519595710,97,6474,P1 Forms Take Home Agreement And Diversion Control Bronze - B48,br_samms_take_home_agreement_diversion_control,TASK_COMPLETE,SUCCESS,INFO,171,171,0,,2026-08-19T15:20:02.186Z,2026-08-19T16:02:20.903Z,2538,2026-08-19T16:02:20.903Z,B48,Tuscaloosa,0e774440-67e4-4817-8f97-24afdbb9d82f,SAMMS-TuscaloosaV5
202608191602179583,202608191519596430,202608191519595710,97,6475,P1 Forms Take Home Agreement And Diversion Control Bronze - B51,br_samms_take_home_agreement_diversion_control,TASK_COMPLETE,SUCCESS,INFO,120,120,0,,2026-08-19T15:20:02.186Z,2026-08-19T16:02:20.903Z,2538,2026-08-19T16:02:20.903Z,B51,NorthLittleRock,0e774440-67e4-4817-8f97-24afdbb9d82f,SAMMS-NorthLittleRockV6
202608191602179584,202608191519596431,202608191519595710,97,6476,P1 Forms Take Home Agreement And Diversion Control Bronze - B52,br_samms_take_home_agreement_diversion_control,TASK_COMPLETE,SUCCESS,INFO,94,94,0,,2026-08-19T15:20:02.186Z,2026-08-19T16:02:20.903Z,2538,2026-08-19T16:02:20.903Z,B52,JacksonGA,0e774440-67e4-4817-8f97-24afdbb9d82f,SAMMS-JacksonGAV5
202608191602179585,202608191519596432,202608191519595710,97,6477,P1 Forms Take Home Agreement And Diversion Control Bronze - B54,br_samms_take_home_agreement_diversion_control,TASK_COMPLETE,SUCCESS,INFO,82,82,0,,2026-08-19T15:20:02.186Z,2026-08-19T16:02:20.903Z,2538,2026-08-19T16:02:20.903Z,B54,Gadsden,0e774440-67e4-4817-8f97-24afdbb9d82f,SAMMS-GadsdenV5
202608191602179586,202608191519596433,202608191519595710,97,6478,P1 Forms Take Home Agreement And Diversion Control Bronze - B55,br_samms_take_home_agreement_diversion_control,TASK_COMPLETE,SUCCESS,INFO,216,216,0,,2026-08-19T15:20:02.186Z,2026-08-19T16:02:20.903Z,2538,2026-08-19T16:02:20.903Z,B55,Shoals,0e774440-67e4-4817-8f97-24afdbb9d82f,SAMMS-ShoalsV5
202608191602179587,202608191519596434,202608191519595710,97,6479,P1 Forms Take Home Agreement And Diversion Control Bronze - B57,br_samms_take_home_agreement_diversion_control,TASK_COMPLETE,SUCCESS,INFO,89,89,0,,2026-08-19T15:20:02.186Z,2026-08-19T16:02:20.903Z,2538,2026-08-19T16:02:20.903Z,B57,Pawtucket,0e774440-67e4-4817-8f97-24afdbb9d82f,SAMMS-Pawtucket
202608191602179588,202608191519596435,202608191519595710,97,6480,P1 Forms Take Home Agreement And Diversion Control Bronze - B57A,br_samms_take_home_agreement_diversion_control,TASK_COMPLETE,SUCCESS,INFO,77,77,0,,2026-08-19T15:20:02.186Z,2026-08-19T16:02:20.903Z,2538,2026-08-19T16:02:20.903Z,B57A,Johnston,0e774440-67e4-4817-8f97-24afdbb9d82f,SAMMS-Johnston
202608191602179590,202608191519596436,202608191519595710,97,6481,P1 Forms Take Home Agreement And Diversion Control Bronze - B57B,br_samms_take_home_agreement_diversion_control,TASK_COMPLETE,SUCCESS,INFO,44,44,0,,2026-08-19T15:20:02.186Z,2026-08-19T16:02:20.903Z,2538,2026-08-19T16:02:20.903Z,B57B,Middletown,0e774440-67e4-4817-8f97-24afdbb9d82f,SAMMS-Middletown
202608191602179591,202608191519596437,202608191519595710,97,6482,P1 Forms Take Home Agreement And Diversion Control Bronze - B57C,br_samms_take_home_agreement_diversion_control,TASK_COMPLETE,SUCCESS,INFO,84,84,0,,2026-08-19T15:20:02.186Z,2026-08-19T16:02:20.903Z,2538,2026-08-19T16:02:20.903Z,B57C,Providence,0e774440-67e4-4817-8f97-24afdbb9d82f,SAMMS-Providence
202608191602179592,202608191519596438,202608191519595710,97,6483,P1 Forms Take Home Agreement And Diversion Control Bronze - B57D,br_samms_take_home_agreement_diversion_control,TASK_COMPLETE,SUCCESS,INFO,119,119,0,,2026-08-19T15:20:02.186Z,2026-08-19T16:02:20.903Z,2538,2026-08-19T16:02:20.903Z,B57D,Westerly,0e774440-67e4-4817-8f97-24afdbb9d82f,SAMMS-Westerly
202608191602179593,202608191519596439,202608191519595710,97,6484,P1 Forms Take Home Agreement And Diversion Control Bronze - B66A,br_samms_take_home_agreement_diversion_control,TASK_COMPLETE,SUCCESS,INFO,0,0,0,,2026-08-19T15:20:02.186Z,2026-08-19T16:02:20.903Z,2538,2026-08-19T16:02:20.903Z,B66A,Bremen,0e774440-67e4-4817-8f97-24afdbb9d82f,SAMMS-Bremen
202608191602179594,202608191519596440,202608191519595710,97,6485,P1 Forms Take Home Agreement And Diversion Control Bronze - B72,br_samms_take_home_agreement_diversion_control,TASK_COMPLETE,SUCCESS,INFO,0,0,0,,2026-08-19T15:20:02.186Z,2026-08-19T16:02:20.903Z,2538,2026-08-19T16:02:20.903Z,B72,Mobile-OBOT,0e774440-67e4-4817-8f97-24afdbb9d82f,SAMMS-Mobile-OBOT
202608191602179595,202608191519596441,202608191519595710,97,6486,P1 Forms Take Home Agreement And Diversion Control Bronze - B73,br_samms_take_home_agreement_diversion_control,TASK_COMPLETE,SUCCESS,INFO,0,0,0,,2026-08-19T15:20:02.186Z,2026-08-19T16:02:20.903Z,2538,2026-08-19T16:02:20.903Z,B73,Montgomery,0e774440-67e4-4817-8f97-24afdbb9d82f,SAMMS-Montgomery
202608191602179596,202608191519596442,202608191519595710,97,6487,P1 Forms Take Home Agreement And Diversion Control Bronze - B75,br_samms_take_home_agreement_diversion_control,TASK_COMPLETE,SUCCESS,INFO,97,97,0,,2026-08-19T15:20:02.186Z,2026-08-19T16:02:20.903Z,2538,2026-08-19T16:02:20.903Z,B75,Lawrence,0e774440-67e4-4817-8f97-24afdbb9d82f,SAMMS-LawrenceV6
202608191602179597,202608191519596443,202608191519595710,97,6488,P1 Forms Take Home Agreement And Diversion Control Bronze - B76,br_samms_take_home_agreement_diversion_control,TASK_COMPLETE,SUCCESS,INFO,0,0,0,,2026-08-19T15:20:02.186Z,2026-08-19T16:02:20.903Z,2538,2026-08-19T16:02:20.903Z,B76,Huntsville-OBOT,0e774440-67e4-4817-8f97-24afdbb9d82f,SAMMS-Huntsville-OBOT
202608191602179598,202608191519596444,202608191519595710,97,6489,P1 Forms Take Home Agreement And Diversion Control Bronze - BAT,br_samms_take_home_agreement_diversion_control,TASK_COMPLETE,SUCCESS,INFO,0,0,0,,2026-08-19T15:20:02.186Z,2026-08-19T16:02:20.903Z,2538,2026-08-19T16:02:20.903Z,BAT,Batesville,0e774440-67e4-4817-8f97-24afdbb9d82f,SAMMS-Batesville
202608191602179599,202608191519596445,202608191519595710,97,6490,P1 Forms Take Home Agreement And Diversion Control Bronze - BG,br_samms_take_home_agreement_diversion_control,TASK_COMPLETE,SUCCESS,INFO,128,128,0,,2026-08-19T15:20:02.186Z,2026-08-19T16:02:20.903Z,2538,2026-08-19T16:02:20.903Z,BG,BowlingGreen,0e774440-67e4-4817-8f97-24afdbb9d82f,SAMMS-BowlingGreen
202608191602179600,202608191519596446,202608191519595710,97,6491,P1 Forms Take Home Agreement And Diversion Control Bronze - BOI,br_samms_take_home_agreement_diversion_control,TASK_COMPLETE,SUCCESS,INFO,132,132,0,,2026-08-19T15:20:02.186Z,2026-08-19T16:02:20.903Z,2538,2026-08-19T16:02:20.903Z,BOI,Boise,0e774440-67e4-4817-8f97-24afdbb9d82f,SAMMS-Boise
202608191602179602,202608191519596447,202608191519595710,97,6492,P1 Forms Take Home Agreement And Diversion Control Bronze - CBCO,br_samms_take_home_agreement_diversion_control,TASK_COMPLETE,SUCCESS,INFO,94,94,0,,2026-08-19T15:20:02.186Z,2026-08-19T16:02:20.903Z,2538,2026-08-19T16:02:20.903Z,CBCO,CoeurdAlene,0e774440-67e4-4817-8f97-24afdbb9d82f,SAMMS-CoeurdAleneV6
202608191602179603,202608191519596448,202608191519595710,97,6493,P1 Forms Take Home Agreement And Diversion Control Bronze - CON,br_samms_take_home_agreement_diversion_control,TASK_COMPLETE,SUCCESS,INFO,0,0,0,,2026-08-19T15:20:02.186Z,2026-08-19T16:02:20.903Z,2538,2026-08-19T16:02:20.903Z,CON,Conway,0e774440-67e4-4817-8f97-24afdbb9d82f,SAMMS-Conway
202608191602179604,202608191519596449,202608191519595710,97,6494,P1 Forms Take Home Agreement And Diversion Control Bronze - D07,br_samms_take_home_agreement_diversion_control,TASK_COMPLETE,SUCCESS,INFO,0,0,0,,2026-08-19T15:20:02.186Z,2026-08-19T16:02:20.903Z,2538,2026-08-19T16:02:20.903Z,D07,Knoxville,0e774440-67e4-4817-8f97-24afdbb9d82f,SAMMS-KnoxvilleV6
202608191602179605,202608191519596450,202608191519595710,97,6495,P1 Forms Take Home Agreement And Diversion Control Bronze - D08,br_samms_take_home_agreement_diversion_control,TASK_COMPLETE,SUCCESS,INFO,40,40,0,,2026-08-19T15:20:02.186Z,2026-08-19T16:02:20.903Z,2538,2026-08-19T16:02:20.903Z,D08,Madison,0e774440-67e4-4817-8f97-24afdbb9d82f,SAMMS-MadisonV6
202608191602179606,202608191519596451,202608191519595710,97,6496,P1 Forms Take Home Agreement And Diversion Control Bronze - D09,br_samms_take_home_agreement_diversion_control,TASK_COMPLETE,SUCCESS,INFO,164,164,0,,2026-08-19T15:20:02.186Z,2026-08-19T16:02:20.903Z,2538,2026-08-19T16:02:20.903Z,D09,Murfreesboro,0e774440-67e4-4817-8f97-24afdbb9d82f,SAMMS-MurfreesboroV6
202608191602179607,202608191519596452,202608191519595710,97,6497,P1 Forms Take Home Agreement And Diversion Control Bronze - DA,br_samms_take_home_agreement_diversion_control,TASK_COMPLETE,SUCCESS,INFO,162,162,0,,2026-08-19T15:20:02.186Z,2026-08-19T16:02:20.903Z,2538,2026-08-19T16:02:20.903Z,DA,Davenport,0e774440-67e4-4817-8f97-24afdbb9d82f,SAMMS-Davenport
202608191602179608,202608191519596453,202608191519595710,97,6498,P1 Forms Take Home Agreement And Diversion Control Bronze - DM,br_samms_take_home_agreement_diversion_control,TASK_COMPLETE,SUCCESS,INFO,148,148,0,,2026-08-19T15:20:02.186Z,2026-08-19T16:02:20.903Z,2538,2026-08-19T16:02:20.903Z,DM,DesMoines,0e774440-67e4-4817-8f97-24afdbb9d82f,SAMMS-DesMoines
202608191602179609,202608191519596454,202608191519595710,97,6499,P1 Forms Take Home Agreement And Diversion Control Bronze - DRD-CO,br_samms_take_home_agreement_diversion_control,TASK_COMPLETE,SUCCESS,INFO,62,62,0,,2026-08-19T15:20:02.186Z,2026-08-19T16:02:20.903Z,2538,2026-08-19T16:02:20.903Z,DRD-CO,Columbia,0e774440-67e4-4817-8f97-24afdbb9d82f,SAMMS-ColumbiaV5
202608191602179610,202608191519596455,202608191519595710,97,6500,P1 Forms Take Home Agreement And Diversion Control Bronze - DRD-KC,br_samms_take_home_agreement_diversion_control,TASK_COMPLETE,SUCCESS,INFO,148,148,0,,2026-08-19T15:20:02.186Z,2026-08-19T16:02:20.903Z,2538,2026-08-19T16:02:20.903Z,DRD-KC,KC,0e774440-67e4-4817-8f97-24afdbb9d82f,SAMMS-KCv5
202608191602179612,202608191519596456,202608191519595710,97,6501,P1 Forms Take Home Agreement And Diversion Control Bronze - DRD-KVB,br_samms_take_home_agreement_diversion_control,TASK_COMPLETE,SUCCESS,INFO,312,312,0,,2026-08-19T15:20:02.186Z,2026-08-19T16:02:20.903Z,2538,2026-08-19T16:02:20.903Z,DRD-KVB,KVB,0e774440-67e4-4817-8f97-24afdbb9d82f,SAMMS-KVBv5
202608191602179613,202608191519596457,202608191519595710,97,6502,P1 Forms Take Home Agreement And Diversion Control Bronze - DRD-KVC,br_samms_take_home_agreement_diversion_control,TASK_COMPLETE,SUCCESS,INFO,433,433,0,,2026-08-19T15:20:02.186Z,2026-08-19T16:02:20.903Z,2538,2026-08-19T16:02:20.903Z,DRD-KVC,KVC,0e774440-67e4-4817-8f97-24afdbb9d82f,SAMMS-KVCv5
202608191602179614,202608191519596458,202608191519595710,97,6503,P1 Forms Take Home Agreement And Diversion Control Bronze - DRD-NOLA,br_samms_take_home_agreement_diversion_control,TASK_COMPLETE,SUCCESS,INFO,628,628,0,,2026-08-19T15:20:02.186Z,2026-08-19T16:02:20.903Z,2538,2026-08-19T16:02:20.903Z,DRD-NOLA,NOLA,0e774440-67e4-4817-8f97-24afdbb9d82f,SAMMS-NOLAv5
202608191602179615,202608191519596459,202608191519595710,97,6504,P1 Forms Take Home Agreement And Diversion Control Bronze - DRD-SF,br_samms_take_home_agreement_diversion_control,TASK_COMPLETE,SUCCESS,INFO,377,377,0,,2026-08-19T15:20:02.186Z,2026-08-19T16:02:20.903Z,2538,2026-08-19T16:02:20.903Z,DRD-SF,SF,0e774440-67e4-4817-8f97-24afdbb9d82f,SAMMS-SFv5
202608191602179616,202608191519596460,202608191519595710,97,6505,P1 Forms Take Home Agreement And Diversion Control Bronze - ELC,br_samms_take_home_agreement_diversion_control,TASK_COMPLETE,SUCCESS,INFO,192,192,0,,2026-08-19T15:20:02.186Z,2026-08-19T16:02:20.903Z,2538,2026-08-19T16:02:20.903Z,ELC,ElizabethCity,0e774440-67e4-4817-8f97-24afdbb9d82f,SAMMS-ElizabethCity
202608191602179617,202608191519596461,202608191519595710,97,6506,P1 Forms Take Home Agreement And Diversion Control Bronze - ET,br_samms_take_home_agreement_diversion_control,TASK_COMPLETE,SUCCESS,INFO,190,190,0,,2026-08-19T15:20:02.186Z,2026-08-19T16:02:20.903Z,2538,2026-08-19T16:02:20.903Z,ET,Elizabethtown,0e774440-67e4-4817-8f97-24afdbb9d82f,SAMMS-Elizabethtown
202608191602179618,202608191519596462,202608191519595710,97,6507,P1 Forms Take Home Agreement And Diversion Control Bronze - FAY,br_samms_take_home_agreement_diversion_control,TASK_COMPLETE,SUCCESS,INFO,0,0,0,,2026-08-19T15:20:02.186Z,2026-08-19T16:02:20.903Z,2538,2026-08-19T16:02:20.903Z,FAY,Fayetteville,0e774440-67e4-4817-8f97-24afdbb9d82f,SAMMS-Fayetteville
202608191602179619,202608191519596463,202608191519595710,97,6508,P1 Forms Take Home Agreement And Diversion Control Bronze - FR,br_samms_take_home_agreement_diversion_control,TASK_COMPLETE,SUCCESS,INFO,228,228,0,,2026-08-19T15:20:02.186Z,2026-08-19T16:02:20.903Z,2538,2026-08-19T16:02:20.903Z,FR,Frankfort,0e774440-67e4-4817-8f97-24afdbb9d82f,SAMMS-Frankfort
202608191602179620,202608191519596464,202608191519595710,97,6509,P1 Forms Take Home Agreement And Diversion Control Bronze - FS,br_samms_take_home_agreement_diversion_control,TASK_COMPLETE,SUCCESS,INFO,0,0,0,,2026-08-19T15:20:02.186Z,2026-08-19T16:02:20.903Z,2538,2026-08-19T16:02:20.903Z,FS,FortSmith,0e774440-67e4-4817-8f97-24afdbb9d82f,SAMMS-FortSmith
202608191602179621,202608191519596465,202608191519595710,97,6510,P1 Forms Take Home Agreement And Diversion Control Bronze - FW,br_samms_take_home_agreement_diversion_control,TASK_COMPLETE,SUCCESS,INFO,244,244,0,,2026-08-19T15:20:02.186Z,2026-08-19T16:02:20.903Z,2538,2026-08-19T16:02:20.903Z,FW,FortWayne,0e774440-67e4-4817-8f97-24afdbb9d82f,SAMMS-FortWayne
202608191602179622,202608191519596466,202608191519595710,97,6511,P1 Forms Take Home Agreement And Diversion Control Bronze - GAL,br_samms_take_home_agreement_diversion_control,TASK_COMPLETE,SUCCESS,INFO,158,158,0,,2026-08-19T15:20:02.186Z,2026-08-19T16:02:20.903Z,2538,2026-08-19T16:02:20.903Z,GAL,Gaylord,0e774440-67e4-4817-8f97-24afdbb9d82f,SAMMS-Gaylord
202608191602179623,202608191519596467,202608191519595710,97,6512,P1 Forms Take Home Agreement And Diversion Control Bronze - HGT,br_samms_take_home_agreement_diversion_control,TASK_COMPLETE,SUCCESS,INFO,347,347,0,,2026-08-19T15:20:02.186Z,2026-08-19T16:02:20.903Z,2538,2026-08-19T16:02:20.903Z,HGT,Hagerstown,0e774440-67e4-4817-8f97-24afdbb9d82f,SAMMS-Hagerstown
202608191602179625,202608191519596468,202608191519595710,97,6513,P1 Forms Take Home Agreement And Diversion Control Bronze - HNT,br_samms_take_home_agreement_diversion_control,TASK_COMPLETE,SUCCESS,INFO,332,332,0,,2026-08-19T15:20:02.186Z,2026-08-19T16:02:20.903Z,2538,2026-08-19T16:02:20.903Z,HNT,Huntsville,0e774440-67e4-4817-8f97-24afdbb9d82f,SAMMS-Huntsville
202608191602179626,202608191519596469,202608191519595710,97,6514,P1 Forms Take Home Agreement And Diversion Control Bronze - HS,br_samms_take_home_agreement_diversion_control,TASK_COMPLETE,SUCCESS,INFO,0,0,0,,2026-08-19T15:20:02.186Z,2026-08-19T16:02:20.903Z,2538,2026-08-19T16:02:20.903Z,HS,HotSprings,0e774440-67e4-4817-8f97-24afdbb9d82f,SAMMS-HotSprings
202608191602179627,202608191519596470,202608191519595710,97,6515,P1 Forms Take Home Agreement And Diversion Control Bronze - JON,br_samms_take_home_agreement_diversion_control,TASK_COMPLETE,SUCCESS,INFO,0,0,0,,2026-08-19T15:20:02.186Z,2026-08-19T16:02:20.903Z,2538,2026-08-19T16:02:20.903Z,JON,Jonesboro,0e774440-67e4-4817-8f97-24afdbb9d82f,SAMMS-Jonesboro
202608191602179628,202608191519596471,202608191519595710,97,6516,P1 Forms Take Home Agreement And Diversion Control Bronze - LAN,br_samms_take_home_agreement_diversion_control,TASK_COMPLETE,SUCCESS,INFO,102,102,0,,2026-08-19T15:20:02.186Z,2026-08-19T16:02:20.903Z,2538,2026-08-19T16:02:20.903Z,LAN,Lansing,0e774440-67e4-4817-8f97-24afdbb9d82f,SAMMS-Lansing
202608191602179629,202608191519596472,202608191519595710,97,6517,P1 Forms Take Home Agreement And Diversion Control Bronze - LO,br_samms_take_home_agreement_diversion_control,TASK_COMPLETE,SUCCESS,INFO,517,517,0,,2026-08-19T15:20:02.186Z,2026-08-19T16:02:20.903Z,2538,2026-08-19T16:02:20.903Z,LO,Louisville,0e774440-67e4-4817-8f97-24afdbb9d82f,SAMMS-Louisville
202608191602179630,202608191519596473,202608191519595710,97,6518,P1 Forms Take Home Agreement And Diversion Control Bronze - LV1,br_samms_take_home_agreement_diversion_control,TASK_COMPLETE,SUCCESS,INFO,300,300,0,,2026-08-19T15:20:02.186Z,2026-08-19T16:02:20.903Z,2538,2026-08-19T16:02:20.903Z,LV1,Cheyenne,0e774440-67e4-4817-8f97-24afdbb9d82f,SAMMS-Cheyenne
202608191602179631,202608191519596474,202608191519595710,97,6519,P1 Forms Take Home Agreement And Diversion Control Bronze - LV2,br_samms_take_home_agreement_diversion_control,TASK_COMPLETE,SUCCESS,INFO,53,53,0,,2026-08-19T15:20:02.186Z,2026-08-19T16:02:20.903Z,2538,2026-08-19T16:02:20.903Z,LV2,DesertInn,0e774440-67e4-4817-8f97-24afdbb9d82f,SAMMS-DesertInn
202608191602179632,202608191519596475,202608191519595710,97,6520,P1 Forms Take Home Agreement And Diversion Control Bronze - LV3,br_samms_take_home_agreement_diversion_control,TASK_COMPLETE,SUCCESS,INFO,67,67,0,,2026-08-19T15:20:02.186Z,2026-08-19T16:02:20.903Z,2538,2026-08-19T16:02:20.903Z,LV3,McDaniel,0e774440-67e4-4817-8f97-24afdbb9d82f,SAMMS-McDaniel
202608191602179633,202608191519596476,202608191519595710,97,6521,P1 Forms Take Home Agreement And Diversion Control Bronze - MNRE,br_samms_take_home_agreement_diversion_control,TASK_COMPLETE,SUCCESS,INFO,273,273,0,,2026-08-19T15:20:02.186Z,2026-08-19T16:02:20.903Z,2538,2026-08-19T16:02:20.903Z,MNRE,Monroe,0e774440-67e4-4817-8f97-24afdbb9d82f,SAMMS-Monroe
202608191602179634,202608191519596477,202608191519595710,97,6522,P1 Forms Take Home Agreement And Diversion Control Bronze - MP,br_samms_take_home_agreement_diversion_control,TASK_COMPLETE,SUCCESS,INFO,200,200,0,,2026-08-19T15:20:02.186Z,2026-08-19T16:02:20.903Z,2538,2026-08-19T16:02:20.903Z,MP,MtPleasant,0e774440-67e4-4817-8f97-24afdbb9d82f,SAMMS-MtPleasant
202608191602179635,202608191519596478,202608191519595710,97,6523,P1 Forms Take Home Agreement And Diversion Control Bronze - MRD,br_samms_take_home_agreement_diversion_control,TASK_COMPLETE,SUCCESS,INFO,196,196,0,,2026-08-19T15:20:02.186Z,2026-08-19T16:02:20.903Z,2538,2026-08-19T16:02:20.903Z,MRD,Meridian,0e774440-67e4-4817-8f97-24afdbb9d82f,SAMMS-Meridian
202608191602179775,202608191519596607,202608191519595710,97,6654,P1 Forms Take Home Risk Assessment Bronze - TTCC,br_samms_take_home_risk_assessment,TASK_COMPLETE,SUCCESS,INFO,1097,1097,0,,2026-08-19T15:20:02.186Z,2026-08-19T16:02:20.903Z,2538,2026-08-19T16:02:20.903Z,TTCC,GrandBay,0e774440-67e4-4817-8f97-24afdbb9d82f,SAMMS-GrandBay
202608191602179776,202608191519596608,202608191519595710,97,6655,P1 Forms Take Home Risk Assessment Bronze - TU,br_samms_take_home_risk_assessment,TASK_COMPLETE,SUCCESS,INFO,39,39,0,,2026-08-19T15:20:02.186Z,2026-08-19T16:02:20.903Z,2538,2026-08-19T16:02:20.903Z,TU,Tucson,0e774440-67e4-4817-8f97-24afdbb9d82f,SAMMS-Tucson
202608191602179777,202608191519596609,202608191519595710,97,6656,P1 Forms Take Home Risk Assessment Bronze - V1,br_samms_take_home_risk_assessment,TASK_COMPLETE,SUCCESS,INFO,1647,1647,0,,2026-08-19T15:20:02.186Z,2026-08-19T16:02:20.903Z,2538,2026-08-19T16:02:20.903Z,V1,VCPHCS-I-Memphis,0e774440-67e4-4817-8f97-24afdbb9d82f,SAMMS-VCPHCS-I-MemphisV5
202608191602179778,202608191519596610,202608191519595710,97,6657,P1 Forms Take Home Risk Assessment Bronze - V10,br_samms_take_home_risk_assessment,TASK_COMPLETE,SUCCESS,INFO,554,554,0,,2026-08-19T15:20:02.186Z,2026-08-19T16:02:20.903Z,2538,2026-08-19T16:02:20.903Z,V10,Boulder,0e774440-67e4-4817-8f97-24afdbb9d82f,SAMMS-BoulderV5
202608191602179779,202608191519596611,202608191519595710,97,6658,P1 Forms Take Home Risk Assessment Bronze - V10A,br_samms_take_home_risk_assessment,TASK_COMPLETE,SUCCESS,INFO,565,565,0,,2026-08-19T15:20:02.186Z,2026-08-19T16:02:20.903Z,2538,2026-08-19T16:02:20.903Z,V10A,FortCollins,0e774440-67e4-4817-8f97-24afdbb9d82f,SAMMS-FortCollinsV5
202608191602179780,202608191519596612,202608191519595710,97,6659,P1 Forms Take Home Risk Assessment Bronze - V11,br_samms_take_home_risk_assessment,TASK_COMPLETE,SUCCESS,INFO,1440,1440,0,,2026-08-19T15:20:02.186Z,2026-08-19T16:02:20.903Z,2538,2026-08-19T16:02:20.903Z,V11,VCPHCS-XI-NorthDenver,0e774440-67e4-4817-8f97-24afdbb9d82f,SAMMS-VCPHCS-XI-NorthDenverV5
202608191602179781,202608191519596613,202608191519595710,97,6660,P1 Forms Take Home Risk Assessment Bronze - V12,br_samms_take_home_risk_assessment,TASK_COMPLETE,SUCCESS,INFO,507,507,0,,2026-08-19T15:20:02.186Z,2026-08-19T16:02:20.903Z,2538,2026-08-19T16:02:20.903Z,V12,VCPHCS-XII-DowntownDenver,0e774440-67e4-4817-8f97-24afdbb9d82f,SAMMS-VCPHCS-XII-DowntownDenverV5
202608191602179782,202608191519596614,202608191519595710,97,6661,P1 Forms Take Home Risk Assessment Bronze - V12A,br_samms_take_home_risk_assessment,TASK_COMPLETE,SUCCESS,INFO,369,369,0,,2026-08-19T15:20:02.186Z,2026-08-19T16:02:20.903Z,2538,2026-08-19T16:02:20.903Z,V12A,Centennial,0e774440-67e4-4817-8f97-24afdbb9d82f,SAMMS-CentennialV5
202608191602179784,202608191519596615,202608191519595710,97,6662,P1 Forms Take Home Risk Assessment Bronze - V14,br_samms_take_home_risk_assessment,TASK_COMPLETE,SUCCESS,INFO,4,4,0,,2026-08-19T15:20:02.186Z,2026-08-19T16:02:20.903Z,2538,2026-08-19T16:02:20.903Z,V14,VCPHCS-XIV-Bridgeway,0e774440-67e4-4817-8f97-24afdbb9d82f,SAMMS-VCPHCS-XIV-BridgewayV5
202608191602179785,202608191519596616,202608191519595710,97,6663,P1 Forms Take Home Risk Assessment Bronze - V15,br_samms_take_home_risk_assessment,TASK_COMPLETE,SUCCESS,INFO,2187,2187,0,,2026-08-19T15:20:02.186Z,2026-08-19T16:02:20.903Z,2538,2026-08-19T16:02:20.903Z,V15,Joplin,0e774440-67e4-4817-8f97-24afdbb9d82f,SAMMS-JoplinV5
202608191602179786,202608191519596617,202608191519595710,97,6664,P1 Forms Take Home Risk Assessment Bronze - V17,br_samms_take_home_risk_assessment,TASK_COMPLETE,SUCCESS,INFO,406,406,0,,2026-08-19T15:20:02.186Z,2026-08-19T16:02:20.903Z,2538,2026-08-19T16:02:20.903Z,V17,ColumbiaTN,0e774440-67e4-4817-8f97-24afdbb9d82f,SAMMS-ColumbiaTNv5
202608191602179787,202608191519596618,202608191519595710,97,6665,P1 Forms Take Home Risk Assessment Bronze - V19,br_samms_take_home_risk_assessment,TASK_COMPLETE,SUCCESS,INFO,813,813,0,,2026-08-19T15:20:02.186Z,2026-08-19T16:02:20.903Z,2538,2026-08-19T16:02:20.903Z,V19,Jackson,0e774440-67e4-4817-8f97-24afdbb9d82f,SAMMS-JacksonV5
202608191602179788,202608191519596619,202608191519595710,97,6666,P1 Forms Take Home Risk Assessment Bronze - V20,br_samms_take_home_risk_assessment,TASK_COMPLETE,SUCCESS,INFO,302,302,0,,2026-08-19T15:20:02.186Z,2026-08-19T16:02:20.903Z,2538,2026-08-19T16:02:20.903Z,V20,Paris,0e774440-67e4-4817-8f97-24afdbb9d82f,SAMMS-ParisV5
202608191602179789,202608191519596620,202608191519595710,97,6667,P1 Forms Take Home Risk Assessment Bronze - V21,br_samms_take_home_risk_assessment,TASK_COMPLETE,SUCCESS,INFO,809,809,0,,2026-08-19T15:20:02.186Z,2026-08-19T16:02:20.903Z,2538,2026-08-19T16:02:20.903Z,V21,Raleigh,0e774440-67e4-4817-8f97-24afdbb9d82f,SAMMS-RaleighV5
202608191602179790,202608191519596621,202608191519595710,97,6668,P1 Forms Take Home Risk Assessment Bronze - V5,br_samms_take_home_risk_assessment,TASK_COMPLETE,SUCCESS,INFO,1902,1902,0,,2026-08-19T15:20:02.186Z,2026-08-19T16:02:20.903Z,2538,2026-08-19T16:02:20.903Z,V5,NONTC,0e774440-67e4-4817-8f97-24afdbb9d82f,SAMMS-NONTCv5
202608191602179791,202608191519596622,202608191519595710,97,6669,P1 Forms Take Home Risk Assessment Bronze - V5B,br_samms_take_home_risk_assessment,TASK_COMPLETE,SUCCESS,INFO,44,44,0,,2026-08-19T15:20:02.186Z,2026-08-19T16:02:20.903Z,2538,2026-08-19T16:02:20.903Z,V5B,Houma,0e774440-67e4-4817-8f97-24afdbb9d82f,SAMMS-HoumaV6
202608191602179792,202608191519596623,202608191519595710,97,6670,P1 Forms Take Home Risk Assessment Bronze - V6,br_samms_take_home_risk_assessment,TASK_COMPLETE,SUCCESS,INFO,1344,1344,0,,2026-08-19T15:20:02.186Z,2026-08-19T16:02:20.903Z,2538,2026-08-19T16:02:20.903Z,V6,LC,0e774440-67e4-4817-8f97-24afdbb9d82f,SAMMS-LCv5
202608191602179793,202608191519596624,202608191519595710,97,6671,P1 Forms Take Home Risk Assessment Bronze - V8,br_samms_take_home_risk_assessment,TASK_COMPLETE,SUCCESS,INFO,464,464,0,,2026-08-19T15:20:02.186Z,2026-08-19T16:02:20.903Z,2538,2026-08-19T16:02:20.903Z,V8,VCPHCS-VIII-Memphis,0e774440-67e4-4817-8f97-24afdbb9d82f,SAMMS-VCPHCS-VIII-MemphisV5
202608191602179794,202608191519596625,202608191519595710,97,6672,P1 Forms Take Home Risk Assessment Bronze - V9,br_samms_take_home_risk_assessment,TASK_COMPLETE,SUCCESS,INFO,1523,1523,0,,2026-08-19T15:20:02.186Z,2026-08-19T16:02:20.903Z,2538,2026-08-19T16:02:20.903Z,V9,Nashville,0e774440-67e4-4817-8f97-24afdbb9d82f,SAMMS-NashvilleV5
202608191602179795,202608191519596626,202608191519595710,97,6673,P1 Forms Take Home Risk Assessment Bronze - VBRA,br_samms_take_home_risk_assessment,TASK_COMPLETE,SUCCESS,INFO,1371,1371,0,,2026-08-19T15:20:02.186Z,2026-08-19T16:02:20.903Z,2538,2026-08-19T16:02:20.903Z,VBRA,Brainerd,0e774440-67e4-4817-8f97-24afdbb9d82f,SAMMS-BrainerdV6
202608191602179797,202608191519596627,202608191519595710,97,6674,P1 Forms Take Home Risk Assessment Bronze - VBRP,br_samms_take_home_risk_assessment,TASK_COMPLETE,SUCCESS,INFO,2518,2518,0,,2026-08-19T15:20:02.186Z,2026-08-19T16:02:20.903Z,2538,2026-08-19T16:02:20.903Z,VBRP,BrooklynPark,0e774440-67e4-4817-8f97-24afdbb9d82f,SAMMS-BrooklynParkV6
202608191602179798,202608191519596628,202608191519595710,97,6675,P1 Forms Take Home Risk Assessment Bronze - VMIN,br_samms_take_home_risk_assessment,TASK_COMPLETE,SUCCESS,INFO,1202,1202,0,,2026-08-19T15:20:02.186Z,2026-08-19T16:02:20.903Z,2538,2026-08-19T16:02:20.903Z,VMIN,Minneapolis,0e774440-67e4-4817-8f97-24afdbb9d82f,SAMMS-MinneapolisV6
202608191602179799,202608191519596629,202608191519595710,97,6676,P1 Forms Take Home Risk Assessment Bronze - VWBY,br_samms_take_home_risk_assessment,TASK_COMPLETE,SUCCESS,INFO,2015,2015,0,,2026-08-19T15:20:02.186Z,2026-08-19T16:02:20.903Z,2538,2026-08-19T16:02:20.903Z,VWBY,Woodbury,0e774440-67e4-4817-8f97-24afdbb9d82f,SAMMS-WoodburyV6
202608191602179800,202608191519596630,202608191519595710,97,6677,P1 Forms Take Home Risk Assessment Bronze - WIL,br_samms_take_home_risk_assessment,TASK_COMPLETE,SUCCESS,INFO,911,911,0,,2026-08-19T15:20:02.186Z,2026-08-19T16:02:20.903Z,2538,2026-08-19T16:02:20.903Z,WIL,Wilson,0e774440-67e4-4817-8f97-24afdbb9d82f,SAMMS-Wilson
202608191602179801,202608191519596631,202608191519595710,97,6680,P1 Forms New Discharge Transfer Plan Form Bronze - AHK,br_samms_new_discharge_transfer_plan_form,TASK_COMPLETE,SUCCESS,INFO,24,24,0,,2026-08-19T15:20:02.186Z,2026-08-19T16:02:20.903Z,2538,2026-08-19T16:02:20.903Z,AHK,Ahoskie,0e774440-67e4-4817-8f97-24afdbb9d82f,SAMMS-Ahoskie
202608191602179802,202608191519596632,202608191519595710,97,6681,P1 Forms New Discharge Transfer Plan Form Bronze - B12B,br_samms_new_discharge_transfer_plan_form,TASK_COMPLETE,SUCCESS,INFO,145,145,0,,2026-08-19T15:20:02.186Z,2026-08-19T16:02:20.903Z,2538,2026-08-19T16:02:20.903Z,B12B,ColoradoSprings,0e774440-67e4-4817-8f97-24afdbb9d82f,SAMMS-ColoradoSpringsV5
202608191602179803,202608191519596633,202608191519595710,97,6682,P1 Forms New Discharge Transfer Plan Form Bronze - B24,br_samms_new_discharge_transfer_plan_form,TASK_COMPLETE,SUCCESS,INFO,168,168,0,,2026-08-19T15:20:02.186Z,2026-08-19T16:02:20.903Z,2538,2026-08-19T16:02:20.903Z,B24,Paintsville,0e774440-67e4-4817-8f97-24afdbb9d82f,SAMMS-PaintsvilleV5
202608191602179804,202608191519596634,202608191519595710,97,6683,P1 Forms New Discharge Transfer Plan Form Bronze - B25,br_samms_new_discharge_transfer_plan_form,TASK_COMPLETE,SUCCESS,INFO,181,181,0,,2026-08-19T15:20:02.186Z,2026-08-19T16:02:20.903Z,2538,2026-08-19T16:02:20.903Z,B25,Pikeville,0e774440-67e4-4817-8f97-24afdbb9d82f,SAMMS-PikevilleV5
202608191602179805,202608191519596635,202608191519595710,97,6684,P1 Forms New Discharge Transfer Plan Form Bronze - B26,br_samms_new_discharge_transfer_plan_form,TASK_COMPLETE,SUCCESS,INFO,246,246,0,,2026-08-19T15:20:02.186Z,2026-08-19T16:02:20.903Z,2538,2026-08-19T16:02:20.903Z,B26,Hazard,0e774440-67e4-4817-8f97-24afdbb9d82f,SAMMS-HazardV5
202608191602179806,202608191519596636,202608191519595710,97,6685,P1 Forms New Discharge Transfer Plan Form Bronze - B27,br_samms_new_discharge_transfer_plan_form,TASK_COMPLETE,SUCCESS,INFO,62,62,0,,2026-08-19T15:20:02.186Z,2026-08-19T16:02:20.903Z,2538,2026-08-19T16:02:20.903Z,B27,Savannah,0e774440-67e4-4817-8f97-24afdbb9d82f,SAMMS-SavannahV6
202608191602179807,202608191519596637,202608191519595710,97,6686,P1 Forms New Discharge Transfer Plan Form Bronze - B28,br_samms_new_discharge_transfer_plan_form,TASK_COMPLETE,SUCCESS,INFO,72,72,0,,2026-08-19T15:20:02.186Z,2026-08-19T16:02:20.903Z,2538,2026-08-19T16:02:20.903Z,B28,WestPlaines,0e774440-67e4-4817-8f97-24afdbb9d82f,SAMMS-WestPlainesV5
202608191602179808,202608191519596638,202608191519595710,97,6687,P1 Forms New Discharge Transfer Plan Form Bronze - B29,br_samms_new_discharge_transfer_plan_form,TASK_COMPLETE,SUCCESS,INFO,75,75,0,,2026-08-19T15:20:02.186Z,2026-08-19T16:02:20.903Z,2538,2026-08-19T16:02:20.903Z,B29,PoplarBluff,0e774440-67e4-4817-8f97-24afdbb9d82f,SAMMS-PoplarBluffV5
202608191602179810,202608191519596639,202608191519595710,97,6688,P1 Forms New Discharge Transfer Plan Form Bronze - B30,br_samms_new_discharge_transfer_plan_form,TASK_COMPLETE,SUCCESS,INFO,71,71,0,,2026-08-19T15:20:02.186Z,2026-08-19T16:02:20.903Z,2538,2026-08-19T16:02:20.903Z,B30,KCN,0e774440-67e4-4817-8f97-24afdbb9d82f,SAMMS-KCNv5
202608191602179811,202608191519596640,202608191519595710,97,6689,P1 Forms New Discharge Transfer Plan Form Bronze - B31,br_samms_new_discharge_transfer_plan_form,TASK_COMPLETE,SUCCESS,INFO,75,75,0,,2026-08-19T15:20:02.186Z,2026-08-19T16:02:20.903Z,2538,2026-08-19T16:02:20.903Z,B31,Dyersburg,0e774440-67e4-4817-8f97-24afdbb9d82f,SAMMS-DyersburgV5
202608191602179812,202608191519596641,202608191519595710,97,6690,P1 Forms New Discharge Transfer Plan Form Bronze - B33,br_samms_new_discharge_transfer_plan_form,TASK_COMPLETE,SUCCESS,INFO,116,116,0,,2026-08-19T15:20:02.186Z,2026-08-19T16:02:20.903Z,2538,2026-08-19T16:02:20.903Z,B33,Paducah,0e774440-67e4-4817-8f97-24afdbb9d82f,SAMMS-Paducah
202608191602179813,202608191519596642,202608191519595710,97,6691,P1 Forms New Discharge Transfer Plan Form Bronze - B34,br_samms_new_discharge_transfer_plan_form,TASK_COMPLETE,SUCCESS,INFO,247,247,0,,2026-08-19T15:20:02.186Z,2026-08-19T16:02:20.903Z,2538,2026-08-19T16:02:20.903Z,B34,Corbin,0e774440-67e4-4817-8f97-24afdbb9d82f,SAMMS-CorbinV5
202608191602179814,202608191519596643,202608191519595710,97,6692,P1 Forms New Discharge Transfer Plan Form Bronze - B35,br_samms_new_discharge_transfer_plan_form,TASK_COMPLETE,SUCCESS,INFO,315,315,0,,2026-08-19T15:20:02.186Z,2026-08-19T16:02:20.903Z,2538,2026-08-19T16:02:20.903Z,B35,Lexington,0e774440-67e4-4817-8f97-24afdbb9d82f,SAMMS-LexingtonV5
202608191602179815,202608191519596644,202608191519595710,97,6693,P1 Forms New Discharge Transfer Plan Form Bronze - B35A,br_samms_new_discharge_transfer_plan_form,TASK_COMPLETE,SUCCESS,INFO,144,144,0,,2026-08-19T15:20:02.186Z,2026-08-19T16:02:20.903Z,2538,2026-08-19T16:02:20.903Z,B35A,Berea,0e774440-67e4-4817-8f97-24afdbb9d82f,SAMMS-BereaV5
202608191602179816,202608191519596645,202608191519595710,97,6694,P1 Forms New Discharge Transfer Plan Form Bronze - B36,br_samms_new_discharge_transfer_plan_form,TASK_COMPLETE,SUCCESS,INFO,125,125,0,,2026-08-19T15:20:02.186Z,2026-08-19T16:02:20.903Z,2538,2026-08-19T16:02:20.903Z,B36,Asheville,0e774440-67e4-4817-8f97-24afdbb9d82f,SAMMS-AshevilleV5
202608191602179817,202608191519596646,202608191519595710,97,6695,P1 Forms New Discharge Transfer Plan Form Bronze - B37,br_samms_new_discharge_transfer_plan_form,TASK_COMPLETE,SUCCESS,INFO,73,73,0,,2026-08-19T15:20:02.186Z,2026-08-19T16:02:20.903Z,2538,2026-08-19T16:02:20.903Z,B37,Clyde,0e774440-67e4-4817-8f97-24afdbb9d82f,SAMMS-ClydeV5
202608191602179818,202608191519596647,202608191519595710,97,6696,P1 Forms New Discharge Transfer Plan Form Bronze - B38,br_samms_new_discharge_transfer_plan_form,TASK_COMPLETE,SUCCESS,INFO,153,153,0,,2026-08-19T15:20:02.186Z,2026-08-19T16:02:20.903Z,2538,2026-08-19T16:02:20.903Z,B38,Spartanburg,0e774440-67e4-4817-8f97-24afdbb9d82f,SAMMS-SpartanburgV5
202608191602179819,202608191519596648,202608191519595710,97,6697,P1 Forms New Discharge Transfer Plan Form Bronze - B39,br_samms_new_discharge_transfer_plan_form,TASK_COMPLETE,SUCCESS,INFO,142,142,0,,2026-08-19T15:20:02.186Z,2026-08-19T16:02:20.903Z,2538,2026-08-19T16:02:20.903Z,B39,Aiken,0e774440-67e4-4817-8f97-24afdbb9d82f,SAMMS-AikenV5
202608191602179820,202608191519596649,202608191519595710,97,6698,P1 Forms New Discharge Transfer Plan Form Bronze - B41,br_samms_new_discharge_transfer_plan_form,TASK_COMPLETE,SUCCESS,INFO,168,168,0,,2026-08-19T15:20:02.186Z,2026-08-19T16:02:20.903Z,2538,2026-08-19T16:02:20.903Z,B41,Chesapeake,0e774440-67e4-4817-8f97-24afdbb9d82f,SAMMS-ChesapeakeV5
202608191602179821,202608191519596650,202608191519595710,97,6699,P1 Forms New Discharge Transfer Plan Form Bronze - B42,br_samms_new_discharge_transfer_plan_form,TASK_COMPLETE,SUCCESS,INFO,281,281,0,,2026-08-19T15:20:02.186Z,2026-08-19T16:02:20.903Z,2538,2026-08-19T16:02:20.903Z,B42,VirginiaBeach,0e774440-67e4-4817-8f97-24afdbb9d82f,SAMMS-VirginiaBeachV5
202608191602179822,202608191519596651,202608191519595710,97,6700,P1 Forms New Discharge Transfer Plan Form Bronze - B42A,br_samms_new_discharge_transfer_plan_form,TASK_COMPLETE,SUCCESS,INFO,150,150,0,,2026-08-19T15:20:02.186Z,2026-08-19T16:02:20.903Z,2538,2026-08-19T16:02:20.903Z,B42A,NewportNews,0e774440-67e4-4817-8f97-24afdbb9d82f,SAMMS-NewportNewsV5
202608191602179823,202608191519596652,202608191519595710,97,6701,P1 Forms New Discharge Transfer Plan Form Bronze - B42B,br_samms_new_discharge_transfer_plan_form,TASK_COMPLETE,SUCCESS,INFO,21,21,0,,2026-08-19T15:20:02.186Z,2026-08-19T16:02:20.903Z,2538,2026-08-19T16:02:20.903Z,B42B,Franklin,0e774440-67e4-4817-8f97-24afdbb9d82f,SAMMS-FranklinV5
202608191602179825,202608191519596653,202608191519595710,97,6702,P1 Forms New Discharge Transfer Plan Form Bronze - B42C,br_samms_new_discharge_transfer_plan_form,TASK_COMPLETE,SUCCESS,INFO,155,155,0,,2026-08-19T15:20:02.186Z,2026-08-19T16:02:20.903Z,2538,2026-08-19T16:02:20.903Z,B42C,GlenAllen,0e774440-67e4-4817-8f97-24afdbb9d82f,SAMMS-GlenAllenV5
202608191602179826,202608191519596654,202608191519595710,97,6703,P1 Forms New Discharge Transfer Plan Form Bronze - B42D,br_samms_new_discharge_transfer_plan_form,TASK_COMPLETE,SUCCESS,INFO,77,77,0,,2026-08-19T15:20:02.186Z,2026-08-19T16:02:20.903Z,2538,2026-08-19T16:02:20.903Z,B42D,ChesapeakeSouth,0e774440-67e4-4817-8f97-24afdbb9d82f,SAMMS-ChesapeakeSouthV5
202608191602179827,202608191519596655,202608191519595710,97,6704,P1 Forms New Discharge Transfer Plan Form Bronze - B44,br_samms_new_discharge_transfer_plan_form,TASK_COMPLETE,SUCCESS,INFO,45,45,0,,2026-08-19T15:20:02.186Z,2026-08-19T16:02:20.903Z,2538,2026-08-19T16:02:20.903Z,B44,Albany,0e774440-67e4-4817-8f97-24afdbb9d82f,SAMMS-AlbanyV5
202608191602179828,202608191519596656,202608191519595710,97,6705,P1 Forms New Discharge Transfer Plan Form Bronze - B45,br_samms_new_discharge_transfer_plan_form,TASK_COMPLETE,SUCCESS,INFO,129,129,0,,2026-08-19T15:20:02.186Z,2026-08-19T16:02:20.903Z,2538,2026-08-19T16:02:20.903Z,B45,Tifton,0e774440-67e4-4817-8f97-24afdbb9d82f,SAMMS-TiftonV5
202608191602179829,202608191519596657,202608191519595710,97,6706,P1 Forms New Discharge Transfer Plan Form Bronze - B46,br_samms_new_discharge_transfer_plan_form,TASK_COMPLETE,SUCCESS,INFO,192,192,0,,2026-08-19T15:20:02.186Z,2026-08-19T16:02:20.903Z,2538,2026-08-19T16:02:20.903Z,B46,WashingtonDC,0e774440-67e4-4817-8f97-24afdbb9d82f,SAMMS-WashingtonDCv5
202608191602179830,202608191519596658,202608191519595710,97,6707,P1 Forms New Discharge Transfer Plan Form Bronze - B47,br_samms_new_discharge_transfer_plan_form,TASK_COMPLETE,SUCCESS,INFO,95,95,0,,2026-08-19T15:20:02.186Z,2026-08-19T16:02:20.903Z,2538,2026-08-19T16:02:20.903Z,B47,Mobile,0e774440-67e4-4817-8f97-24afdbb9d82f,SAMMS-MobileV5
202608191602179831,202608191519596659,202608191519595710,97,6708,P1 Forms New Discharge Transfer Plan Form Bronze - B48,br_samms_new_discharge_transfer_plan_form,TASK_COMPLETE,SUCCESS,INFO,133,133,0,,2026-08-19T15:20:02.186Z,2026-08-19T16:02:20.903Z,2538,2026-08-19T16:02:20.903Z,B48,Tuscaloosa,0e774440-67e4-4817-8f97-24afdbb9d82f,SAMMS-TuscaloosaV5
202608191602179832,202608191519596660,202608191519595710,97,6709,P1 Forms New Discharge Transfer Plan Form Bronze - B51,br_samms_new_discharge_transfer_plan_form,TASK_COMPLETE,SUCCESS,INFO,102,102,0,,2026-08-19T15:20:02.186Z,2026-08-19T16:02:20.903Z,2538,2026-08-19T16:02:20.903Z,B51,NorthLittleRock,0e774440-67e4-4817-8f97-24afdbb9d82f,SAMMS-NorthLittleRockV6
202608191602179833,202608191519596661,202608191519595710,97,6710,P1 Forms New Discharge Transfer Plan Form Bronze - B52,br_samms_new_discharge_transfer_plan_form,TASK_COMPLETE,SUCCESS,INFO,65,65,0,,2026-08-19T15:20:02.186Z,2026-08-19T16:02:20.903Z,2538,2026-08-19T16:02:20.903Z,B52,JacksonGA,0e774440-67e4-4817-8f97-24afdbb9d82f,SAMMS-JacksonGAV5
202608191602179834,202608191519596662,202608191519595710,97,6711,P1 Forms New Discharge Transfer Plan Form Bronze - B54,br_samms_new_discharge_transfer_plan_form,TASK_COMPLETE,SUCCESS,INFO,145,145,0,,2026-08-19T15:20:02.186Z,2026-08-19T16:02:20.903Z,2538,2026-08-19T16:02:20.903Z,B54,Gadsden,0e774440-67e4-4817-8f97-24afdbb9d82f,SAMMS-GadsdenV5
202608191602179835,202608191519596663,202608191519595710,97,6712,P1 Forms New Discharge Transfer Plan Form Bronze - B55,br_samms_new_discharge_transfer_plan_form,TASK_COMPLETE,SUCCESS,INFO,178,178,0,,2026-08-19T15:20:02.186Z,2026-08-19T16:02:20.903Z,2538,2026-08-19T16:02:20.903Z,B55,Shoals,0e774440-67e4-4817-8f97-24afdbb9d82f,SAMMS-ShoalsV5
202608191602179836,202608191519596664,202608191519595710,97,6713,P1 Forms New Discharge Transfer Plan Form Bronze - B57,br_samms_new_discharge_transfer_plan_form,TASK_COMPLETE,SUCCESS,INFO,94,94,0,,2026-08-19T15:20:02.186Z,2026-08-19T16:02:20.903Z,2538,2026-08-19T16:02:20.903Z,B57,Pawtucket,0e774440-67e4-4817-8f97-24afdbb9d82f,SAMMS-Pawtucket
202608191602179837,202608191519596665,202608191519595710,97,6714,P1 Forms New Discharge Transfer Plan Form Bronze - B57A,br_samms_new_discharge_transfer_plan_form,TASK_COMPLETE,SUCCESS,INFO,160,160,0,,2026-08-19T15:20:02.186Z,2026-08-19T16:02:20.903Z,2538,2026-08-19T16:02:20.903Z,B57A,Johnston,0e774440-67e4-4817-8f97-24afdbb9d82f,SAMMS-Johnston
202608191602179838,202608191519596666,202608191519595710,97,6715,P1 Forms New Discharge Transfer Plan Form Bronze - B57B,br_samms_new_discharge_transfer_plan_form,TASK_COMPLETE,SUCCESS,INFO,29,29,0,,2026-08-19T15:20:02.186Z,2026-08-19T16:02:20.903Z,2538,2026-08-19T16:02:20.903Z,B57B,Middletown,0e774440-67e4-4817-8f97-24afdbb9d82f,SAMMS-Middletown
202608191602179840,202608191519596667,202608191519595710,97,6716,P1 Forms New Discharge Transfer Plan Form Bronze - B57C,br_samms_new_discharge_transfer_plan_form,TASK_COMPLETE,SUCCESS,INFO,164,164,0,,2026-08-19T15:20:02.186Z,2026-08-19T16:02:20.903Z,2538,2026-08-19T16:02:20.903Z,B57C,Providence,0e774440-67e4-4817-8f97-24afdbb9d82f,SAMMS-Providence
202608191602179841,202608191519596668,202608191519595710,97,6717,P1 Forms New Discharge Transfer Plan Form Bronze - B57D,br_samms_new_discharge_transfer_plan_form,TASK_COMPLETE,SUCCESS,INFO,186,186,0,,2026-08-19T15:20:02.186Z,2026-08-19T16:02:20.903Z,2538,2026-08-19T16:02:20.903Z,B57D,Westerly,0e774440-67e4-4817-8f97-24afdbb9d82f,SAMMS-Westerly
202608191602179842,202608191519596669,202608191519595710,97,6718,P1 Forms New Discharge Transfer Plan Form Bronze - B66A,br_samms_new_discharge_transfer_plan_form,TASK_COMPLETE,SUCCESS,INFO,105,105,0,,2026-08-19T15:20:02.186Z,2026-08-19T16:02:20.903Z,2538,2026-08-19T16:02:20.903Z,B66A,Bremen,0e774440-67e4-4817-8f97-24afdbb9d82f,SAMMS-Bremen
202608191602179843,202608191519596670,202608191519595710,97,6719,P1 Forms New Discharge Transfer Plan Form Bronze - B72,br_samms_new_discharge_transfer_plan_form,TASK_COMPLETE,SUCCESS,INFO,245,245,0,,2026-08-19T15:20:02.186Z,2026-08-19T16:02:20.903Z,2538,2026-08-19T16:02:20.903Z,B72,Mobile-OBOT,0e774440-67e4-4817-8f97-24afdbb9d82f,SAMMS-Mobile-OBOT
202608191602179497,202608191519596351,202608191519595710,97,6394,P1 Forms Consent To Marketing Bronze - GAL,br_samms_consent_to_marketing,TASK_COMPLETE,SUCCESS,INFO,33,33,0,,2026-08-19T15:20:02.186Z,2026-08-19T16:02:20.903Z,2538,2026-08-19T16:02:20.903Z,GAL,Gaylord,0e774440-67e4-4817-8f97-24afdbb9d82f,SAMMS-Gaylord
202608191602179498,202608191519596352,202608191519595710,97,6395,P1 Forms Consent To Marketing Bronze - HGT,br_samms_consent_to_marketing,TASK_COMPLETE,SUCCESS,INFO,63,63,0,,2026-08-19T15:20:02.186Z,2026-08-19T16:02:20.903Z,2538,2026-08-19T16:02:20.903Z,HGT,Hagerstown,0e774440-67e4-4817-8f97-24afdbb9d82f,SAMMS-Hagerstown
202608191602179499,202608191519596353,202608191519595710,97,6396,P1 Forms Consent To Marketing Bronze - HNT,br_samms_consent_to_marketing,TASK_COMPLETE,SUCCESS,INFO,52,52,0,,2026-08-19T15:20:02.186Z,2026-08-19T16:02:20.903Z,2538,2026-08-19T16:02:20.903Z,HNT,Huntsville,0e774440-67e4-4817-8f97-24afdbb9d82f,SAMMS-Huntsville
202608191602179500,202608191519596354,202608191519595710,97,6397,P1 Forms Consent To Marketing Bronze - HS,br_samms_consent_to_marketing,TASK_COMPLETE,SUCCESS,INFO,67,67,0,,2026-08-19T15:20:02.186Z,2026-08-19T16:02:20.903Z,2538,2026-08-19T16:02:20.903Z,HS,HotSprings,0e774440-67e4-4817-8f97-24afdbb9d82f,SAMMS-HotSprings
202608191602179501,202608191519596355,202608191519595710,97,6398,P1 Forms Consent To Marketing Bronze - JON,br_samms_consent_to_marketing,TASK_COMPLETE,SUCCESS,INFO,37,37,0,,2026-08-19T15:20:02.186Z,2026-08-19T16:02:20.903Z,2538,2026-08-19T16:02:20.903Z,JON,Jonesboro,0e774440-67e4-4817-8f97-24afdbb9d82f,SAMMS-Jonesboro
202608191602179502,202608191519596356,202608191519595710,97,6399,P1 Forms Consent To Marketing Bronze - LAN,br_samms_consent_to_marketing,TASK_COMPLETE,SUCCESS,INFO,54,54,0,,2026-08-19T15:20:02.186Z,2026-08-19T16:02:20.903Z,2538,2026-08-19T16:02:20.903Z,LAN,Lansing,0e774440-67e4-4817-8f97-24afdbb9d82f,SAMMS-Lansing
202608191602179503,202608191519596357,202608191519595710,97,6400,P1 Forms Consent To Marketing Bronze - LO,br_samms_consent_to_marketing,TASK_COMPLETE,SUCCESS,INFO,108,108,0,,2026-08-19T15:20:02.186Z,2026-08-19T16:02:20.903Z,2538,2026-08-19T16:02:20.903Z,LO,Louisville,0e774440-67e4-4817-8f97-24afdbb9d82f,SAMMS-Louisville
202608191602179504,202608191519596358,202608191519595710,97,6401,P1 Forms Consent To Marketing Bronze - LV1,br_samms_consent_to_marketing,TASK_COMPLETE,SUCCESS,INFO,162,162,0,,2026-08-19T15:20:02.186Z,2026-08-19T16:02:20.903Z,2538,2026-08-19T16:02:20.903Z,LV1,Cheyenne,0e774440-67e4-4817-8f97-24afdbb9d82f,SAMMS-Cheyenne
202608191602179505,202608191519596359,202608191519595710,97,6402,P1 Forms Consent To Marketing Bronze - LV2,br_samms_consent_to_marketing,TASK_COMPLETE,SUCCESS,INFO,142,142,0,,2026-08-19T15:20:02.186Z,2026-08-19T16:02:20.903Z,2538,2026-08-19T16:02:20.903Z,LV2,DesertInn,0e774440-67e4-4817-8f97-24afdbb9d82f,SAMMS-DesertInn
202608191602179506,202608191519596360,202608191519595710,97,6403,P1 Forms Consent To Marketing Bronze - LV3,br_samms_consent_to_marketing,TASK_COMPLETE,SUCCESS,INFO,58,58,0,,2026-08-19T15:20:02.186Z,2026-08-19T16:02:20.903Z,2538,2026-08-19T16:02:20.903Z,LV3,McDaniel,0e774440-67e4-4817-8f97-24afdbb9d82f,SAMMS-McDaniel
202608191602179508,202608191519596361,202608191519595710,97,6404,P1 Forms Consent To Marketing Bronze - MNRE,br_samms_consent_to_marketing,TASK_COMPLETE,SUCCESS,INFO,36,36,0,,2026-08-19T15:20:02.186Z,2026-08-19T16:02:20.903Z,2538,2026-08-19T16:02:20.903Z,MNRE,Monroe,0e774440-67e4-4817-8f97-24afdbb9d82f,SAMMS-Monroe
202608191602179509,202608191519596362,202608191519595710,97,6405,P1 Forms Consent To Marketing Bronze - MP,br_samms_consent_to_marketing,TASK_COMPLETE,SUCCESS,INFO,62,62,0,,2026-08-19T15:20:02.186Z,2026-08-19T16:02:20.903Z,2538,2026-08-19T16:02:20.903Z,MP,MtPleasant,0e774440-67e4-4817-8f97-24afdbb9d82f,SAMMS-MtPleasant
202608191602179510,202608191519596363,202608191519595710,97,6406,P1 Forms Consent To Marketing Bronze - MRD,br_samms_consent_to_marketing,TASK_COMPLETE,SUCCESS,INFO,68,68,0,,2026-08-19T15:20:02.186Z,2026-08-19T16:02:20.903Z,2538,2026-08-19T16:02:20.903Z,MRD,Meridian,0e774440-67e4-4817-8f97-24afdbb9d82f,SAMMS-Meridian
202608191602179511,202608191519596364,202608191519595710,97,6407,P1 Forms Consent To Marketing Bronze - NC,br_samms_consent_to_marketing,TASK_COMPLETE,SUCCESS,INFO,70,70,0,,2026-08-19T15:20:02.186Z,2026-08-19T16:02:20.903Z,2538,2026-08-19T16:02:20.903Z,NC,NorthCharleston,0e774440-67e4-4817-8f97-24afdbb9d82f,SAMMS-NorthCharleston
202608191602179512,202608191519596365,202608191519595710,97,6408,P1 Forms Consent To Marketing Bronze - NLR,br_samms_consent_to_marketing,TASK_COMPLETE,SUCCESS,INFO,93,93,0,,2026-08-19T15:20:02.186Z,2026-08-19T16:02:20.903Z,2538,2026-08-19T16:02:20.903Z,NLR,NLROBOT,0e774440-67e4-4817-8f97-24afdbb9d82f,SAMMS-NLROBOT
202608191602179513,202608191519596366,202608191519595710,97,6409,P1 Forms Consent To Marketing Bronze - PH,br_samms_consent_to_marketing,TASK_COMPLETE,SUCCESS,INFO,0,0,0,,2026-08-19T15:20:02.186Z,2026-08-19T16:02:20.903Z,2538,2026-08-19T16:02:20.903Z,PH,Phoenix,0e774440-67e4-4817-8f97-24afdbb9d82f,SAMMS-Phoenix
202608191602179514,202608191519596367,202608191519595710,97,6410,P1 Forms Consent To Marketing Bronze - RE,br_samms_consent_to_marketing,TASK_COMPLETE,SUCCESS,INFO,75,75,0,,2026-08-19T15:20:02.186Z,2026-08-19T16:02:20.903Z,2538,2026-08-19T16:02:20.903Z,RE,Reno,0e774440-67e4-4817-8f97-24afdbb9d82f,SAMMS-Reno
202608191602179515,202608191519596368,202608191519595710,97,6411,P1 Forms Consent To Marketing Bronze - RMD,br_samms_consent_to_marketing,TASK_COMPLETE,SUCCESS,INFO,77,77,0,,2026-08-19T15:20:02.186Z,2026-08-19T16:02:20.903Z,2538,2026-08-19T16:02:20.903Z,RMD,Richmond,0e774440-67e4-4817-8f97-24afdbb9d82f,SAMMS-Richmond
202608191602179516,202608191519596369,202608191519595710,97,6412,P1 Forms Consent To Marketing Bronze - SFN,br_samms_consent_to_marketing,TASK_COMPLETE,SUCCESS,INFO,87,87,0,,2026-08-19T15:20:02.186Z,2026-08-19T16:02:20.903Z,2538,2026-08-19T16:02:20.903Z,SFN,SFN,0e774440-67e4-4817-8f97-24afdbb9d82f,SAMMS-SFNv5
202608191602179517,202608191519596370,202608191519595710,97,6413,P1 Forms Consent To Marketing Bronze - SHP,br_samms_consent_to_marketing,TASK_COMPLETE,SUCCESS,INFO,65,65,0,,2026-08-19T15:20:02.186Z,2026-08-19T16:02:20.903Z,2538,2026-08-19T16:02:20.903Z,SHP,Shreveport,0e774440-67e4-4817-8f97-24afdbb9d82f,SAMMS-Shreveport
202608191602179518,202608191519596371,202608191519595710,97,6414,P1 Forms Consent To Marketing Bronze - STN,br_samms_consent_to_marketing,TASK_COMPLETE,SUCCESS,INFO,76,76,0,,2026-08-19T15:20:02.186Z,2026-08-19T16:02:20.903Z,2538,2026-08-19T16:02:20.903Z,STN,Staunton,0e774440-67e4-4817-8f97-24afdbb9d82f,SAMMS-Staunton
202608191602179520,202608191519596372,202608191519595710,97,6415,P1 Forms Consent To Marketing Bronze - STVN,br_samms_consent_to_marketing,TASK_COMPLETE,SUCCESS,INFO,8,8,0,,2026-08-19T15:20:02.186Z,2026-08-19T16:02:20.903Z,2538,2026-08-19T16:02:20.903Z,STVN,Stevenson,0e774440-67e4-4817-8f97-24afdbb9d82f,SAMMS-Stevenson
202608191602179521,202608191519596373,202608191519595710,97,6416,P1 Forms Consent To Marketing Bronze - TE,br_samms_consent_to_marketing,TASK_COMPLETE,SUCCESS,INFO,0,0,0,,2026-08-19T15:20:02.186Z,2026-08-19T16:02:20.903Z,2538,2026-08-19T16:02:20.903Z,TE,Tempe,0e774440-67e4-4817-8f97-24afdbb9d82f,SAMMS-Tempe
202608191602179522,202608191519596374,202608191519595710,97,6417,P1 Forms Consent To Marketing Bronze - TEX,br_samms_consent_to_marketing,TASK_COMPLETE,SUCCESS,INFO,67,67,0,,2026-08-19T15:20:02.186Z,2026-08-19T16:02:20.903Z,2538,2026-08-19T16:02:20.903Z,TEX,Texarkana,0e774440-67e4-4817-8f97-24afdbb9d82f,SAMMS-Texarkana
202608191602179523,202608191519596375,202608191519595710,97,6418,P1 Forms Consent To Marketing Bronze - TTCA,br_samms_consent_to_marketing,TASK_COMPLETE,SUCCESS,INFO,45,45,0,,2026-08-19T15:20:02.186Z,2026-08-19T16:02:20.903Z,2538,2026-08-19T16:02:20.903Z,TTCA,Bessemer,0e774440-67e4-4817-8f97-24afdbb9d82f,SAMMS-BessemerV5
202608191602179524,202608191519596376,202608191519595710,97,6419,P1 Forms Consent To Marketing Bronze - TTCB,br_samms_consent_to_marketing,TASK_COMPLETE,SUCCESS,INFO,60,60,0,,2026-08-19T15:20:02.186Z,2026-08-19T16:02:20.903Z,2538,2026-08-19T16:02:20.903Z,TTCB,Cullman,0e774440-67e4-4817-8f97-24afdbb9d82f,SAMMS-CullmanV5
202608191602179525,202608191519596377,202608191519595710,97,6420,P1 Forms Consent To Marketing Bronze - TTCC,br_samms_consent_to_marketing,TASK_COMPLETE,SUCCESS,INFO,9,9,0,,2026-08-19T15:20:02.186Z,2026-08-19T16:02:20.903Z,2538,2026-08-19T16:02:20.903Z,TTCC,GrandBay,0e774440-67e4-4817-8f97-24afdbb9d82f,SAMMS-GrandBay
202608191602179526,202608191519596378,202608191519595710,97,6421,P1 Forms Consent To Marketing Bronze - TU,br_samms_consent_to_marketing,TASK_COMPLETE,SUCCESS,INFO,0,0,0,,2026-08-19T15:20:02.186Z,2026-08-19T16:02:20.903Z,2538,2026-08-19T16:02:20.903Z,TU,Tucson,0e774440-67e4-4817-8f97-24afdbb9d82f,SAMMS-Tucson
202608191602179527,202608191519596379,202608191519595710,97,6422,P1 Forms Consent To Marketing Bronze - V1,br_samms_consent_to_marketing,TASK_COMPLETE,SUCCESS,INFO,23,23,0,,2026-08-19T15:20:02.186Z,2026-08-19T16:02:20.903Z,2538,2026-08-19T16:02:20.903Z,V1,VCPHCS-I-Memphis,0e774440-67e4-4817-8f97-24afdbb9d82f,SAMMS-VCPHCS-I-MemphisV5
202608191602179528,202608191519596380,202608191519595710,97,6423,P1 Forms Consent To Marketing Bronze - V10,br_samms_consent_to_marketing,TASK_COMPLETE,SUCCESS,INFO,40,40,0,,2026-08-19T15:20:02.186Z,2026-08-19T16:02:20.903Z,2538,2026-08-19T16:02:20.903Z,V10,Boulder,0e774440-67e4-4817-8f97-24afdbb9d82f,SAMMS-BoulderV5
202608191602179529,202608191519596381,202608191519595710,97,6424,P1 Forms Consent To Marketing Bronze - V10A,br_samms_consent_to_marketing,TASK_COMPLETE,SUCCESS,INFO,98,98,0,,2026-08-19T15:20:02.186Z,2026-08-19T16:02:20.903Z,2538,2026-08-19T16:02:20.903Z,V10A,FortCollins,0e774440-67e4-4817-8f97-24afdbb9d82f,SAMMS-FortCollinsV5
202608191602179530,202608191519596382,202608191519595710,97,6425,P1 Forms Consent To Marketing Bronze - V11,br_samms_consent_to_marketing,TASK_COMPLETE,SUCCESS,INFO,42,42,0,,2026-08-19T15:20:02.186Z,2026-08-19T16:02:20.903Z,2538,2026-08-19T16:02:20.903Z,V11,VCPHCS-XI-NorthDenver,0e774440-67e4-4817-8f97-24afdbb9d82f,SAMMS-VCPHCS-XI-NorthDenverV5
202608191602179531,202608191519596383,202608191519595710,97,6426,P1 Forms Consent To Marketing Bronze - V12,br_samms_consent_to_marketing,TASK_COMPLETE,SUCCESS,INFO,77,77,0,,2026-08-19T15:20:02.186Z,2026-08-19T16:02:20.903Z,2538,2026-08-19T16:02:20.903Z,V12,VCPHCS-XII-DowntownDenver,0e774440-67e4-4817-8f97-24afdbb9d82f,SAMMS-VCPHCS-XII-DowntownDenverV5
202608191602179532,202608191519596384,202608191519595710,97,6427,P1 Forms Consent To Marketing Bronze - V12A,br_samms_consent_to_marketing,TASK_COMPLETE,SUCCESS,INFO,30,30,0,,2026-08-19T15:20:02.186Z,2026-08-19T16:02:20.903Z,2538,2026-08-19T16:02:20.903Z,V12A,Centennial,0e774440-67e4-4817-8f97-24afdbb9d82f,SAMMS-CentennialV5
202608191602179533,202608191519596385,202608191519595710,97,6428,P1 Forms Consent To Marketing Bronze - V14,br_samms_consent_to_marketing,TASK_COMPLETE,SUCCESS,INFO,30,30,0,,2026-08-19T15:20:02.186Z,2026-08-19T16:02:20.903Z,2538,2026-08-19T16:02:20.903Z,V14,VCPHCS-XIV-Bridgeway,0e774440-67e4-4817-8f97-24afdbb9d82f,SAMMS-VCPHCS-XIV-BridgewayV5
202608191602179535,202608191519596386,202608191519595710,97,6429,P1 Forms Consent To Marketing Bronze - V15,br_samms_consent_to_marketing,TASK_COMPLETE,SUCCESS,INFO,82,82,0,,2026-08-19T15:20:02.186Z,2026-08-19T16:02:20.903Z,2538,2026-08-19T16:02:20.903Z,V15,Joplin,0e774440-67e4-4817-8f97-24afdbb9d82f,SAMMS-JoplinV5
202608191602179536,202608191519596387,202608191519595710,97,6430,P1 Forms Consent To Marketing Bronze - V17,br_samms_consent_to_marketing,TASK_COMPLETE,SUCCESS,INFO,43,43,0,,2026-08-19T15:20:02.186Z,2026-08-19T16:02:20.903Z,2538,2026-08-19T16:02:20.903Z,V17,ColumbiaTN,0e774440-67e4-4817-8f97-24afdbb9d82f,SAMMS-ColumbiaTNv5
202608191602179537,202608191519596388,202608191519595710,97,6431,P1 Forms Consent To Marketing Bronze - V19,br_samms_consent_to_marketing,TASK_COMPLETE,SUCCESS,INFO,69,69,0,,2026-08-19T15:20:02.186Z,2026-08-19T16:02:20.903Z,2538,2026-08-19T16:02:20.903Z,V19,Jackson,0e774440-67e4-4817-8f97-24afdbb9d82f,SAMMS-JacksonV5
202608191602179538,202608191519596389,202608191519595710,97,6432,P1 Forms Consent To Marketing Bronze - V20,br_samms_consent_to_marketing,TASK_COMPLETE,SUCCESS,INFO,47,47,0,,2026-08-19T15:20:02.186Z,2026-08-19T16:02:20.903Z,2538,2026-08-19T16:02:20.903Z,V20,Paris,0e774440-67e4-4817-8f97-24afdbb9d82f,SAMMS-ParisV5
202608191602179539,202608191519596390,202608191519595710,97,6433,P1 Forms Consent To Marketing Bronze - V21,br_samms_consent_to_marketing,TASK_COMPLETE,SUCCESS,INFO,48,48,0,,2026-08-19T15:20:02.186Z,2026-08-19T16:02:20.903Z,2538,2026-08-19T16:02:20.903Z,V21,Raleigh,0e774440-67e4-4817-8f97-24afdbb9d82f,SAMMS-RaleighV5
202608191602179540,202608191519596391,202608191519595710,97,6434,P1 Forms Consent To Marketing Bronze - V5,br_samms_consent_to_marketing,TASK_COMPLETE,SUCCESS,INFO,80,80,0,,2026-08-19T15:20:02.186Z,2026-08-19T16:02:20.903Z,2538,2026-08-19T16:02:20.903Z,V5,NONTC,0e774440-67e4-4817-8f97-24afdbb9d82f,SAMMS-NONTCv5
202608191602179541,202608191519596392,202608191519595710,97,6435,P1 Forms Consent To Marketing Bronze - V5B,br_samms_consent_to_marketing,TASK_COMPLETE,SUCCESS,INFO,38,38,0,,2026-08-19T15:20:02.186Z,2026-08-19T16:02:20.903Z,2538,2026-08-19T16:02:20.903Z,V5B,Houma,0e774440-67e4-4817-8f97-24afdbb9d82f,SAMMS-HoumaV6
202608191602179542,202608191519596393,202608191519595710,97,6436,P1 Forms Consent To Marketing Bronze - V6,br_samms_consent_to_marketing,TASK_COMPLETE,SUCCESS,INFO,84,84,0,,2026-08-19T15:20:02.186Z,2026-08-19T16:02:20.903Z,2538,2026-08-19T16:02:20.903Z,V6,LC,0e774440-67e4-4817-8f97-24afdbb9d82f,SAMMS-LCv5
202608191602179543,202608191519596394,202608191519595710,97,6437,P1 Forms Consent To Marketing Bronze - V8,br_samms_consent_to_marketing,TASK_COMPLETE,SUCCESS,INFO,50,50,0,,2026-08-19T15:20:02.186Z,2026-08-19T16:02:20.903Z,2538,2026-08-19T16:02:20.903Z,V8,VCPHCS-VIII-Memphis,0e774440-67e4-4817-8f97-24afdbb9d82f,SAMMS-VCPHCS-VIII-MemphisV5
202608191602179544,202608191519596395,202608191519595710,97,6438,P1 Forms Consent To Marketing Bronze - V9,br_samms_consent_to_marketing,TASK_COMPLETE,SUCCESS,INFO,130,130,0,,2026-08-19T15:20:02.186Z,2026-08-19T16:02:20.903Z,2538,2026-08-19T16:02:20.903Z,V9,Nashville,0e774440-67e4-4817-8f97-24afdbb9d82f,SAMMS-NashvilleV5
202608191602179545,202608191519596396,202608191519595710,97,6439,P1 Forms Consent To Marketing Bronze - VBRA,br_samms_consent_to_marketing,TASK_COMPLETE,SUCCESS,INFO,84,84,0,,2026-08-19T15:20:02.186Z,2026-08-19T16:02:20.903Z,2538,2026-08-19T16:02:20.903Z,VBRA,Brainerd,0e774440-67e4-4817-8f97-24afdbb9d82f,SAMMS-BrainerdV6
202608191602179546,202608191519596397,202608191519595710,97,6440,P1 Forms Consent To Marketing Bronze - VBRP,br_samms_consent_to_marketing,TASK_COMPLETE,SUCCESS,INFO,64,64,0,,2026-08-19T15:20:02.186Z,2026-08-19T16:02:20.903Z,2538,2026-08-19T16:02:20.903Z,VBRP,BrooklynPark,0e774440-67e4-4817-8f97-24afdbb9d82f,SAMMS-BrooklynParkV6
202608191602179548,202608191519596398,202608191519595710,97,6441,P1 Forms Consent To Marketing Bronze - VMIN,br_samms_consent_to_marketing,TASK_COMPLETE,SUCCESS,INFO,63,63,0,,2026-08-19T15:20:02.186Z,2026-08-19T16:02:20.903Z,2538,2026-08-19T16:02:20.903Z,VMIN,Minneapolis,0e774440-67e4-4817-8f97-24afdbb9d82f,SAMMS-MinneapolisV6
202608191602179549,202608191519596399,202608191519595710,97,6442,P1 Forms Consent To Marketing Bronze - VWBY,br_samms_consent_to_marketing,TASK_COMPLETE,SUCCESS,INFO,53,53,0,,2026-08-19T15:20:02.186Z,2026-08-19T16:02:20.903Z,2538,2026-08-19T16:02:20.903Z,VWBY,Woodbury,0e774440-67e4-4817-8f97-24afdbb9d82f,SAMMS-WoodburyV6
202608191602179550,202608191519596400,202608191519595710,97,6443,P1 Forms Consent To Marketing Bronze - WIL,br_samms_consent_to_marketing,TASK_COMPLETE,SUCCESS,INFO,128,128,0,,2026-08-19T15:20:02.186Z,2026-08-19T16:02:20.903Z,2538,2026-08-19T16:02:20.903Z,WIL,Wilson,0e774440-67e4-4817-8f97-24afdbb9d82f,SAMMS-Wilson
202608191602179551,202608191519596401,202608191519595710,97,6446,P1 Forms Take Home Agreement And Diversion Control Bronze - AHK,br_samms_take_home_agreement_diversion_control,TASK_COMPLETE,SUCCESS,INFO,45,45,0,,2026-08-19T15:20:02.186Z,2026-08-19T16:02:20.903Z,2538,2026-08-19T16:02:20.903Z,AHK,Ahoskie,0e774440-67e4-4817-8f97-24afdbb9d82f,SAMMS-Ahoskie
202608191602179552,202608191519596402,202608191519595710,97,6447,P1 Forms Take Home Agreement And Diversion Control Bronze - B12B,br_samms_take_home_agreement_diversion_control,TASK_COMPLETE,SUCCESS,INFO,47,47,0,,2026-08-19T15:20:02.186Z,2026-08-19T16:02:20.903Z,2538,2026-08-19T16:02:20.903Z,B12B,ColoradoSprings,0e774440-67e4-4817-8f97-24afdbb9d82f,SAMMS-ColoradoSpringsV5
202608191602179553,202608191519596403,202608191519595710,97,6448,P1 Forms Take Home Agreement And Diversion Control Bronze - B24,br_samms_take_home_agreement_diversion_control,TASK_COMPLETE,SUCCESS,INFO,169,169,0,,2026-08-19T15:20:02.186Z,2026-08-19T16:02:20.903Z,2538,2026-08-19T16:02:20.903Z,B24,Paintsville,0e774440-67e4-4817-8f97-24afdbb9d82f,SAMMS-PaintsvilleV5
202608191602179555,202608191519596404,202608191519595710,97,6449,P1 Forms Take Home Agreement And Diversion Control Bronze - B25,br_samms_take_home_agreement_diversion_control,TASK_COMPLETE,SUCCESS,INFO,272,272,0,,2026-08-19T15:20:02.186Z,2026-08-19T16:02:20.903Z,2538,2026-08-19T16:02:20.903Z,B25,Pikeville,0e774440-67e4-4817-8f97-24afdbb9d82f,SAMMS-PikevilleV5
202608191602179556,202608191519596405,202608191519595710,97,6450,P1 Forms Take Home Agreement And Diversion Control Bronze - B26,br_samms_take_home_agreement_diversion_control,TASK_COMPLETE,SUCCESS,INFO,106,106,0,,2026-08-19T15:20:02.186Z,2026-08-19T16:02:20.903Z,2538,2026-08-19T16:02:20.903Z,B26,Hazard,0e774440-67e4-4817-8f97-24afdbb9d82f,SAMMS-HazardV5
202608191602179557,202608191519596406,202608191519595710,97,6451,P1 Forms Take Home Agreement And Diversion Control Bronze - B27,br_samms_take_home_agreement_diversion_control,TASK_COMPLETE,SUCCESS,INFO,97,97,0,,2026-08-19T15:20:02.186Z,2026-08-19T16:02:20.903Z,2538,2026-08-19T16:02:20.903Z,B27,Savannah,0e774440-67e4-4817-8f97-24afdbb9d82f,SAMMS-SavannahV6
202608191602179558,202608191519596407,202608191519595710,97,6452,P1 Forms Take Home Agreement And Diversion Control Bronze - B28,br_samms_take_home_agreement_diversion_control,TASK_COMPLETE,SUCCESS,INFO,105,105,0,,2026-08-19T15:20:02.186Z,2026-08-19T16:02:20.903Z,2538,2026-08-19T16:02:20.903Z,B28,WestPlaines,0e774440-67e4-4817-8f97-24afdbb9d82f,SAMMS-WestPlainesV5
202608191602179559,202608191519596408,202608191519595710,97,6453,P1 Forms Take Home Agreement And Diversion Control Bronze - B29,br_samms_take_home_agreement_diversion_control,TASK_COMPLETE,SUCCESS,INFO,70,70,0,,2026-08-19T15:20:02.186Z,2026-08-19T16:02:20.903Z,2538,2026-08-19T16:02:20.903Z,B29,PoplarBluff,0e774440-67e4-4817-8f97-24afdbb9d82f,SAMMS-PoplarBluffV5
202608191602179560,202608191519596409,202608191519595710,97,6454,P1 Forms Take Home Agreement And Diversion Control Bronze - B30,br_samms_take_home_agreement_diversion_control,TASK_COMPLETE,SUCCESS,INFO,44,44,0,,2026-08-19T15:20:02.186Z,2026-08-19T16:02:20.903Z,2538,2026-08-19T16:02:20.903Z,B30,KCN,0e774440-67e4-4817-8f97-24afdbb9d82f,SAMMS-KCNv5
202608191602179561,202608191519596410,202608191519595710,97,6455,P1 Forms Take Home Agreement And Diversion Control Bronze - B31,br_samms_take_home_agreement_diversion_control,TASK_COMPLETE,SUCCESS,INFO,50,50,0,,2026-08-19T15:20:02.186Z,2026-08-19T16:02:20.903Z,2538,2026-08-19T16:02:20.903Z,B31,Dyersburg,0e774440-67e4-4817-8f97-24afdbb9d82f,SAMMS-DyersburgV5
202608191602179562,202608191519596411,202608191519595710,97,6456,P1 Forms Take Home Agreement And Diversion Control Bronze - B33,br_samms_take_home_agreement_diversion_control,TASK_COMPLETE,SUCCESS,INFO,134,134,0,,2026-08-19T15:20:02.186Z,2026-08-19T16:02:20.903Z,2538,2026-08-19T16:02:20.903Z,B33,Paducah,0e774440-67e4-4817-8f97-24afdbb9d82f,SAMMS-Paducah
202608191602179564,202608191519596412,202608191519595710,97,6457,P1 Forms Take Home Agreement And Diversion Control Bronze - B34,br_samms_take_home_agreement_diversion_control,TASK_COMPLETE,SUCCESS,INFO,85,85,0,,2026-08-19T15:20:02.186Z,2026-08-19T16:02:20.903Z,2538,2026-08-19T16:02:20.903Z,B34,Corbin,0e774440-67e4-4817-8f97-24afdbb9d82f,SAMMS-CorbinV5
202608191602179565,202608191519596413,202608191519595710,97,6458,P1 Forms Take Home Agreement And Diversion Control Bronze - B35,br_samms_take_home_agreement_diversion_control,TASK_COMPLETE,SUCCESS,INFO,140,140,0,,2026-08-19T15:20:02.186Z,2026-08-19T16:02:20.903Z,2538,2026-08-19T16:02:20.903Z,B35,Lexington,0e774440-67e4-4817-8f97-24afdbb9d82f,SAMMS-LexingtonV5
202608191602179566,202608191519596414,202608191519595710,97,6459,P1 Forms Take Home Agreement And Diversion Control Bronze - B35A,br_samms_take_home_agreement_diversion_control,TASK_COMPLETE,SUCCESS,INFO,129,129,0,,2026-08-19T15:20:02.186Z,2026-08-19T16:02:20.903Z,2538,2026-08-19T16:02:20.903Z,B35A,Berea,0e774440-67e4-4817-8f97-24afdbb9d82f,SAMMS-BereaV5
202608191602178871,202608191519595775,202608191519595710,97,5808,P1 Forms Comprehensive Assessment Form Bronze - FW,br_samms_comprehensive_assessment_form,TASK_COMPLETE,SUCCESS,INFO,675,675,0,,2026-08-19T15:20:02.186Z,2026-08-19T16:02:20.903Z,2538,2026-08-19T16:02:20.903Z,FW,FortWayne,0e774440-67e4-4817-8f97-24afdbb9d82f,SAMMS-FortWayne
202608191602178872,202608191519595776,202608191519595710,97,5809,P1 Forms Comprehensive Assessment Form Bronze - GAL,br_samms_comprehensive_assessment_form,TASK_COMPLETE,SUCCESS,INFO,174,174,0,,2026-08-19T15:20:02.186Z,2026-08-19T16:02:20.903Z,2538,2026-08-19T16:02:20.903Z,GAL,Gaylord,0e774440-67e4-4817-8f97-24afdbb9d82f,SAMMS-Gaylord
202608191602178874,202608191519595777,202608191519595710,97,5810,P1 Forms Comprehensive Assessment Form Bronze - HGT,br_samms_comprehensive_assessment_form,TASK_COMPLETE,SUCCESS,INFO,582,582,0,,2026-08-19T15:20:02.186Z,2026-08-19T16:02:20.903Z,2538,2026-08-19T16:02:20.903Z,HGT,Hagerstown,0e774440-67e4-4817-8f97-24afdbb9d82f,SAMMS-Hagerstown
202608191602178875,202608191519595778,202608191519595710,97,5811,P1 Forms Comprehensive Assessment Form Bronze - HNT,br_samms_comprehensive_assessment_form,TASK_COMPLETE,SUCCESS,INFO,459,459,0,,2026-08-19T15:20:02.186Z,2026-08-19T16:02:20.903Z,2538,2026-08-19T16:02:20.903Z,HNT,Huntsville,0e774440-67e4-4817-8f97-24afdbb9d82f,SAMMS-Huntsville
202608191602178876,202608191519595779,202608191519595710,97,5812,P1 Forms Comprehensive Assessment Form Bronze - HS,br_samms_comprehensive_assessment_form,TASK_COMPLETE,SUCCESS,INFO,296,296,0,,2026-08-19T15:20:02.186Z,2026-08-19T16:02:20.903Z,2538,2026-08-19T16:02:20.903Z,HS,HotSprings,0e774440-67e4-4817-8f97-24afdbb9d82f,SAMMS-HotSprings
202608191602178877,202608191519595780,202608191519595710,97,5813,P1 Forms Comprehensive Assessment Form Bronze - JON,br_samms_comprehensive_assessment_form,TASK_COMPLETE,SUCCESS,INFO,264,264,0,,2026-08-19T15:20:02.186Z,2026-08-19T16:02:20.903Z,2538,2026-08-19T16:02:20.903Z,JON,Jonesboro,0e774440-67e4-4817-8f97-24afdbb9d82f,SAMMS-Jonesboro
202608191602178878,202608191519595781,202608191519595710,97,5814,P1 Forms Comprehensive Assessment Form Bronze - LAN,br_samms_comprehensive_assessment_form,TASK_COMPLETE,SUCCESS,INFO,206,206,0,,2026-08-19T15:20:02.186Z,2026-08-19T16:02:20.903Z,2538,2026-08-19T16:02:20.903Z,LAN,Lansing,0e774440-67e4-4817-8f97-24afdbb9d82f,SAMMS-Lansing
202608191602178879,202608191519595782,202608191519595710,97,5815,P1 Forms Comprehensive Assessment Form Bronze - LO,br_samms_comprehensive_assessment_form,TASK_COMPLETE,SUCCESS,INFO,680,680,0,,2026-08-19T15:20:02.186Z,2026-08-19T16:02:20.903Z,2538,2026-08-19T16:02:20.903Z,LO,Louisville,0e774440-67e4-4817-8f97-24afdbb9d82f,SAMMS-Louisville
202608191602178880,202608191519595783,202608191519595710,97,5816,P1 Forms Comprehensive Assessment Form Bronze - LV1,br_samms_comprehensive_assessment_form,TASK_COMPLETE,SUCCESS,INFO,1165,1165,0,,2026-08-19T15:20:02.186Z,2026-08-19T16:02:20.903Z,2538,2026-08-19T16:02:20.903Z,LV1,Cheyenne,0e774440-67e4-4817-8f97-24afdbb9d82f,SAMMS-Cheyenne
202608191602178881,202608191519595784,202608191519595710,97,5817,P1 Forms Comprehensive Assessment Form Bronze - LV2,br_samms_comprehensive_assessment_form,TASK_COMPLETE,SUCCESS,INFO,930,930,0,,2026-08-19T15:20:02.186Z,2026-08-19T16:02:20.903Z,2538,2026-08-19T16:02:20.903Z,LV2,DesertInn,0e774440-67e4-4817-8f97-24afdbb9d82f,SAMMS-DesertInn
202608191602178882,202608191519595785,202608191519595710,97,5818,P1 Forms Comprehensive Assessment Form Bronze - LV3,br_samms_comprehensive_assessment_form,TASK_COMPLETE,SUCCESS,INFO,307,307,0,,2026-08-19T15:20:02.186Z,2026-08-19T16:02:20.903Z,2538,2026-08-19T16:02:20.903Z,LV3,McDaniel,0e774440-67e4-4817-8f97-24afdbb9d82f,SAMMS-McDaniel
202608191602178883,202608191519595786,202608191519595710,97,5819,P1 Forms Comprehensive Assessment Form Bronze - MNRE,br_samms_comprehensive_assessment_form,TASK_COMPLETE,SUCCESS,INFO,252,252,0,,2026-08-19T15:20:02.186Z,2026-08-19T16:02:20.903Z,2538,2026-08-19T16:02:20.903Z,MNRE,Monroe,0e774440-67e4-4817-8f97-24afdbb9d82f,SAMMS-Monroe
202608191602178884,202608191519595787,202608191519595710,97,5820,P1 Forms Comprehensive Assessment Form Bronze - MP,br_samms_comprehensive_assessment_form,TASK_COMPLETE,SUCCESS,INFO,276,276,0,,2026-08-19T15:20:02.186Z,2026-08-19T16:02:20.903Z,2538,2026-08-19T16:02:20.903Z,MP,MtPleasant,0e774440-67e4-4817-8f97-24afdbb9d82f,SAMMS-MtPleasant
202608191602178885,202608191519595788,202608191519595710,97,5821,P1 Forms Comprehensive Assessment Form Bronze - MRD,br_samms_comprehensive_assessment_form,TASK_COMPLETE,SUCCESS,INFO,163,163,0,,2026-08-19T15:20:02.186Z,2026-08-19T16:02:20.903Z,2538,2026-08-19T16:02:20.903Z,MRD,Meridian,0e774440-67e4-4817-8f97-24afdbb9d82f,SAMMS-Meridian
202608191602178886,202608191519595789,202608191519595710,97,5822,P1 Forms Comprehensive Assessment Form Bronze - NC,br_samms_comprehensive_assessment_form,TASK_COMPLETE,SUCCESS,INFO,552,552,0,,2026-08-19T15:20:02.186Z,2026-08-19T16:02:20.903Z,2538,2026-08-19T16:02:20.903Z,NC,NorthCharleston,0e774440-67e4-4817-8f97-24afdbb9d82f,SAMMS-NorthCharleston
202608191602178888,202608191519595790,202608191519595710,97,5823,P1 Forms Comprehensive Assessment Form Bronze - NLR,br_samms_comprehensive_assessment_form,TASK_COMPLETE,SUCCESS,INFO,557,557,0,,2026-08-19T15:20:02.186Z,2026-08-19T16:02:20.903Z,2538,2026-08-19T16:02:20.903Z,NLR,NLROBOT,0e774440-67e4-4817-8f97-24afdbb9d82f,SAMMS-NLROBOT
202608191602178889,202608191519595791,202608191519595710,97,5824,P1 Forms Comprehensive Assessment Form Bronze - PH,br_samms_comprehensive_assessment_form,TASK_COMPLETE,SUCCESS,INFO,258,258,0,,2026-08-19T15:20:02.186Z,2026-08-19T16:02:20.903Z,2538,2026-08-19T16:02:20.903Z,PH,Phoenix,0e774440-67e4-4817-8f97-24afdbb9d82f,SAMMS-Phoenix
202608191602178890,202608191519595792,202608191519595710,97,5825,P1 Forms Comprehensive Assessment Form Bronze - RE,br_samms_comprehensive_assessment_form,TASK_COMPLETE,SUCCESS,INFO,376,376,0,,2026-08-19T15:20:02.186Z,2026-08-19T16:02:20.903Z,2538,2026-08-19T16:02:20.903Z,RE,Reno,0e774440-67e4-4817-8f97-24afdbb9d82f,SAMMS-Reno
202608191602178891,202608191519595793,202608191519595710,97,5826,P1 Forms Comprehensive Assessment Form Bronze - RMD,br_samms_comprehensive_assessment_form,TASK_COMPLETE,SUCCESS,INFO,680,680,0,,2026-08-19T15:20:02.186Z,2026-08-19T16:02:20.903Z,2538,2026-08-19T16:02:20.903Z,RMD,Richmond,0e774440-67e4-4817-8f97-24afdbb9d82f,SAMMS-Richmond
202608191602178892,202608191519595794,202608191519595710,97,5827,P1 Forms Comprehensive Assessment Form Bronze - SFN,br_samms_comprehensive_assessment_form,TASK_COMPLETE,SUCCESS,INFO,491,491,0,,2026-08-19T15:20:02.186Z,2026-08-19T16:02:20.903Z,2538,2026-08-19T16:02:20.903Z,SFN,SFN,0e774440-67e4-4817-8f97-24afdbb9d82f,SAMMS-SFNv5
202608191602178893,202608191519595795,202608191519595710,97,5828,P1 Forms Comprehensive Assessment Form Bronze - SHP,br_samms_comprehensive_assessment_form,TASK_COMPLETE,SUCCESS,INFO,418,418,0,,2026-08-19T15:20:02.186Z,2026-08-19T16:02:20.903Z,2538,2026-08-19T16:02:20.903Z,SHP,Shreveport,0e774440-67e4-4817-8f97-24afdbb9d82f,SAMMS-Shreveport
202608191602178894,202608191519595796,202608191519595710,97,5829,P1 Forms Comprehensive Assessment Form Bronze - STN,br_samms_comprehensive_assessment_form,TASK_COMPLETE,SUCCESS,INFO,80,80,0,,2026-08-19T15:20:02.186Z,2026-08-19T16:02:20.903Z,2538,2026-08-19T16:02:20.903Z,STN,Staunton,0e774440-67e4-4817-8f97-24afdbb9d82f,SAMMS-Staunton
202608191602178895,202608191519595797,202608191519595710,97,5830,P1 Forms Comprehensive Assessment Form Bronze - STVN,br_samms_comprehensive_assessment_form,TASK_COMPLETE,SUCCESS,INFO,82,82,0,,2026-08-19T15:20:02.186Z,2026-08-19T16:02:20.903Z,2538,2026-08-19T16:02:20.903Z,STVN,Stevenson,0e774440-67e4-4817-8f97-24afdbb9d82f,SAMMS-Stevenson
202608191602178896,202608191519595798,202608191519595710,97,5831,P1 Forms Comprehensive Assessment Form Bronze - TE,br_samms_comprehensive_assessment_form,TASK_COMPLETE,SUCCESS,INFO,107,107,0,,2026-08-19T15:20:02.186Z,2026-08-19T16:02:20.903Z,2538,2026-08-19T16:02:20.903Z,TE,Tempe,0e774440-67e4-4817-8f97-24afdbb9d82f,SAMMS-Tempe
202608191602178897,202608191519595799,202608191519595710,97,5832,P1 Forms Comprehensive Assessment Form Bronze - TEX,br_samms_comprehensive_assessment_form,TASK_COMPLETE,SUCCESS,INFO,384,384,0,,2026-08-19T15:20:02.186Z,2026-08-19T16:02:20.903Z,2538,2026-08-19T16:02:20.903Z,TEX,Texarkana,0e774440-67e4-4817-8f97-24afdbb9d82f,SAMMS-Texarkana
202608191602178898,202608191519595800,202608191519595710,97,5833,P1 Forms Comprehensive Assessment Form Bronze - TTCA,br_samms_comprehensive_assessment_form,TASK_COMPLETE,SUCCESS,INFO,407,407,0,,2026-08-19T15:20:02.186Z,2026-08-19T16:02:20.903Z,2538,2026-08-19T16:02:20.903Z,TTCA,Bessemer,0e774440-67e4-4817-8f97-24afdbb9d82f,SAMMS-BessemerV5
202608191602178899,202608191519595801,202608191519595710,97,5834,P1 Forms Comprehensive Assessment Form Bronze - TTCB,br_samms_comprehensive_assessment_form,TASK_COMPLETE,SUCCESS,INFO,477,477,0,,2026-08-19T15:20:02.186Z,2026-08-19T16:02:20.903Z,2538,2026-08-19T16:02:20.903Z,TTCB,Cullman,0e774440-67e4-4817-8f97-24afdbb9d82f,SAMMS-CullmanV5
202608191602178900,202608191519595802,202608191519595710,97,5835,P1 Forms Comprehensive Assessment Form Bronze - TTCC,br_samms_comprehensive_assessment_form,TASK_COMPLETE,SUCCESS,INFO,294,294,0,,2026-08-19T15:20:02.186Z,2026-08-19T16:02:20.903Z,2538,2026-08-19T16:02:20.903Z,TTCC,GrandBay,0e774440-67e4-4817-8f97-24afdbb9d82f,SAMMS-GrandBay
202608191602178902,202608191519595803,202608191519595710,97,5836,P1 Forms Comprehensive Assessment Form Bronze - TU,br_samms_comprehensive_assessment_form,TASK_COMPLETE,SUCCESS,INFO,26,26,0,,2026-08-19T15:20:02.186Z,2026-08-19T16:02:20.903Z,2538,2026-08-19T16:02:20.903Z,TU,Tucson,0e774440-67e4-4817-8f97-24afdbb9d82f,SAMMS-Tucson
202608191602178903,202608191519595804,202608191519595710,97,5837,P1 Forms Comprehensive Assessment Form Bronze - V1,br_samms_comprehensive_assessment_form,TASK_COMPLETE,SUCCESS,INFO,232,232,0,,2026-08-19T15:20:02.186Z,2026-08-19T16:02:20.903Z,2538,2026-08-19T16:02:20.903Z,V1,VCPHCS-I-Memphis,0e774440-67e4-4817-8f97-24afdbb9d82f,SAMMS-VCPHCS-I-MemphisV5
202608191602178904,202608191519595805,202608191519595710,97,5838,P1 Forms Comprehensive Assessment Form Bronze - V10,br_samms_comprehensive_assessment_form,TASK_COMPLETE,SUCCESS,INFO,647,647,0,,2026-08-19T15:20:02.186Z,2026-08-19T16:02:20.903Z,2538,2026-08-19T16:02:20.903Z,V10,Boulder,0e774440-67e4-4817-8f97-24afdbb9d82f,SAMMS-BoulderV5
202608191602178905,202608191519595806,202608191519595710,97,5839,P1 Forms Comprehensive Assessment Form Bronze - V10A,br_samms_comprehensive_assessment_form,TASK_COMPLETE,SUCCESS,INFO,1098,1098,0,,2026-08-19T15:20:02.186Z,2026-08-19T16:02:20.903Z,2538,2026-08-19T16:02:20.903Z,V10A,FortCollins,0e774440-67e4-4817-8f97-24afdbb9d82f,SAMMS-FortCollinsV5
202608191602178906,202608191519595807,202608191519595710,97,5840,P1 Forms Comprehensive Assessment Form Bronze - V11,br_samms_comprehensive_assessment_form,TASK_COMPLETE,SUCCESS,INFO,887,887,0,,2026-08-19T15:20:02.186Z,2026-08-19T16:02:20.903Z,2538,2026-08-19T16:02:20.903Z,V11,VCPHCS-XI-NorthDenver,0e774440-67e4-4817-8f97-24afdbb9d82f,SAMMS-VCPHCS-XI-NorthDenverV5
202608191602178907,202608191519595808,202608191519595710,97,5841,P1 Forms Comprehensive Assessment Form Bronze - V12,br_samms_comprehensive_assessment_form,TASK_COMPLETE,SUCCESS,INFO,946,946,0,,2026-08-19T15:20:02.186Z,2026-08-19T16:02:20.903Z,2538,2026-08-19T16:02:20.903Z,V12,VCPHCS-XII-DowntownDenver,0e774440-67e4-4817-8f97-24afdbb9d82f,SAMMS-VCPHCS-XII-DowntownDenverV5
202608191602178908,202608191519595809,202608191519595710,97,5842,P1 Forms Comprehensive Assessment Form Bronze - V12A,br_samms_comprehensive_assessment_form,TASK_COMPLETE,SUCCESS,INFO,452,452,0,,2026-08-19T15:20:02.186Z,2026-08-19T16:02:20.903Z,2538,2026-08-19T16:02:20.903Z,V12A,Centennial,0e774440-67e4-4817-8f97-24afdbb9d82f,SAMMS-CentennialV5
202608191602178909,202608191519595810,202608191519595710,97,5843,P1 Forms Comprehensive Assessment Form Bronze - V14,br_samms_comprehensive_assessment_form,TASK_COMPLETE,SUCCESS,INFO,241,241,0,,2026-08-19T15:20:02.186Z,2026-08-19T16:02:20.903Z,2538,2026-08-19T16:02:20.903Z,V14,VCPHCS-XIV-Bridgeway,0e774440-67e4-4817-8f97-24afdbb9d82f,SAMMS-VCPHCS-XIV-BridgewayV5
202608191602178910,202608191519595811,202608191519595710,97,5844,P1 Forms Comprehensive Assessment Form Bronze - V15,br_samms_comprehensive_assessment_form,TASK_COMPLETE,SUCCESS,INFO,562,562,0,,2026-08-19T15:20:02.186Z,2026-08-19T16:02:20.903Z,2538,2026-08-19T16:02:20.903Z,V15,Joplin,0e774440-67e4-4817-8f97-24afdbb9d82f,SAMMS-JoplinV5
202608191602178911,202608191519595812,202608191519595710,97,5845,P1 Forms Comprehensive Assessment Form Bronze - V17,br_samms_comprehensive_assessment_form,TASK_COMPLETE,SUCCESS,INFO,369,369,0,,2026-08-19T15:20:02.186Z,2026-08-19T16:02:20.903Z,2538,2026-08-19T16:02:20.903Z,V17,ColumbiaTN,0e774440-67e4-4817-8f97-24afdbb9d82f,SAMMS-ColumbiaTNv5
202608191602178912,202608191519595813,202608191519595710,97,5846,P1 Forms Comprehensive Assessment Form Bronze - V19,br_samms_comprehensive_assessment_form,TASK_COMPLETE,SUCCESS,INFO,353,353,0,,2026-08-19T15:20:02.186Z,2026-08-19T16:02:20.903Z,2538,2026-08-19T16:02:20.903Z,V19,Jackson,0e774440-67e4-4817-8f97-24afdbb9d82f,SAMMS-JacksonV5
202608191602178913,202608191519595814,202608191519595710,97,5847,P1 Forms Comprehensive Assessment Form Bronze - V20,br_samms_comprehensive_assessment_form,TASK_COMPLETE,SUCCESS,INFO,454,454,0,,2026-08-19T15:20:02.186Z,2026-08-19T16:02:20.903Z,2538,2026-08-19T16:02:20.903Z,V20,Paris,0e774440-67e4-4817-8f97-24afdbb9d82f,SAMMS-ParisV5
202608191602178915,202608191519595815,202608191519595710,97,5848,P1 Forms Comprehensive Assessment Form Bronze - V21,br_samms_comprehensive_assessment_form,TASK_COMPLETE,SUCCESS,INFO,271,271,0,,2026-08-19T15:20:02.186Z,2026-08-19T16:02:20.903Z,2538,2026-08-19T16:02:20.903Z,V21,Raleigh,0e774440-67e4-4817-8f97-24afdbb9d82f,SAMMS-RaleighV5
202608191602178916,202608191519595816,202608191519595710,97,5849,P1 Forms Comprehensive Assessment Form Bronze - V5,br_samms_comprehensive_assessment_form,TASK_COMPLETE,SUCCESS,INFO,628,628,0,,2026-08-19T15:20:02.186Z,2026-08-19T16:02:20.903Z,2538,2026-08-19T16:02:20.903Z,V5,NONTC,0e774440-67e4-4817-8f97-24afdbb9d82f,SAMMS-NONTCv5
202608191602178917,202608191519595817,202608191519595710,97,5850,P1 Forms Comprehensive Assessment Form Bronze - V5B,br_samms_comprehensive_assessment_form,TASK_COMPLETE,SUCCESS,INFO,211,211,0,,2026-08-19T15:20:02.186Z,2026-08-19T16:02:20.903Z,2538,2026-08-19T16:02:20.903Z,V5B,Houma,0e774440-67e4-4817-8f97-24afdbb9d82f,SAMMS-HoumaV6
202608191602178918,202608191519595818,202608191519595710,97,5851,P1 Forms Comprehensive Assessment Form Bronze - V6,br_samms_comprehensive_assessment_form,TASK_COMPLETE,SUCCESS,INFO,936,936,0,,2026-08-19T15:20:02.186Z,2026-08-19T16:02:20.903Z,2538,2026-08-19T16:02:20.903Z,V6,LC,0e774440-67e4-4817-8f97-24afdbb9d82f,SAMMS-LCv5
202608191602178919,202608191519595819,202608191519595710,97,5852,P1 Forms Comprehensive Assessment Form Bronze - V8,br_samms_comprehensive_assessment_form,TASK_COMPLETE,SUCCESS,INFO,470,470,0,,2026-08-19T15:20:02.186Z,2026-08-19T16:02:20.903Z,2538,2026-08-19T16:02:20.903Z,V8,VCPHCS-VIII-Memphis,0e774440-67e4-4817-8f97-24afdbb9d82f,SAMMS-VCPHCS-VIII-MemphisV5
202608191602178920,202608191519595820,202608191519595710,97,5853,P1 Forms Comprehensive Assessment Form Bronze - V9,br_samms_comprehensive_assessment_form,TASK_COMPLETE,SUCCESS,INFO,920,920,0,,2026-08-19T15:20:02.186Z,2026-08-19T16:02:20.903Z,2538,2026-08-19T16:02:20.903Z,V9,Nashville,0e774440-67e4-4817-8f97-24afdbb9d82f,SAMMS-NashvilleV5
202608191602178921,202608191519595821,202608191519595710,97,5854,P1 Forms Comprehensive Assessment Form Bronze - VBRA,br_samms_comprehensive_assessment_form,TASK_COMPLETE,SUCCESS,INFO,298,298,0,,2026-08-19T15:20:02.186Z,2026-08-19T16:02:20.903Z,2538,2026-08-19T16:02:20.903Z,VBRA,Brainerd,0e774440-67e4-4817-8f97-24afdbb9d82f,SAMMS-BrainerdV6
202608191602178922,202608191519595822,202608191519595710,97,5855,P1 Forms Comprehensive Assessment Form Bronze - VBRP,br_samms_comprehensive_assessment_form,TASK_COMPLETE,SUCCESS,INFO,515,515,0,,2026-08-19T15:20:02.186Z,2026-08-19T16:02:20.903Z,2538,2026-08-19T16:02:20.903Z,VBRP,BrooklynPark,0e774440-67e4-4817-8f97-24afdbb9d82f,SAMMS-BrooklynParkV6
202608191602178923,202608191519595823,202608191519595710,97,5856,P1 Forms Comprehensive Assessment Form Bronze - VMIN,br_samms_comprehensive_assessment_form,TASK_COMPLETE,SUCCESS,INFO,588,588,0,,2026-08-19T15:20:02.186Z,2026-08-19T16:02:20.903Z,2538,2026-08-19T16:02:20.903Z,VMIN,Minneapolis,0e774440-67e4-4817-8f97-24afdbb9d82f,SAMMS-MinneapolisV6
202608191602178924,202608191519595824,202608191519595710,97,5857,P1 Forms Comprehensive Assessment Form Bronze - VWBY,br_samms_comprehensive_assessment_form,TASK_COMPLETE,SUCCESS,INFO,863,863,0,,2026-08-19T15:20:02.186Z,2026-08-19T16:02:20.903Z,2538,2026-08-19T16:02:20.903Z,VWBY,Woodbury,0e774440-67e4-4817-8f97-24afdbb9d82f,SAMMS-WoodburyV6
202608191602178925,202608191519595825,202608191519595710,97,5858,P1 Forms Comprehensive Assessment Form Bronze - WIL,br_samms_comprehensive_assessment_form,TASK_COMPLETE,SUCCESS,INFO,426,426,0,,2026-08-19T15:20:02.186Z,2026-08-19T16:02:20.903Z,2538,2026-08-19T16:02:20.903Z,WIL,Wilson,0e774440-67e4-4817-8f97-24afdbb9d82f,SAMMS-Wilson
202608191602178926,202608191519595826,202608191519595710,97,5861,P1 Forms E&M Form Pregnancy Bronze - AHK,br_samms_eandm_form_pregnancy,TASK_COMPLETE,SUCCESS,INFO,126,126,0,,2026-08-19T15:20:02.186Z,2026-08-19T16:02:20.903Z,2538,2026-08-19T16:02:20.903Z,AHK,Ahoskie,0e774440-67e4-4817-8f97-24afdbb9d82f,SAMMS-Ahoskie
202608191602178928,202608191519595827,202608191519595710,97,5862,P1 Forms E&M Form Pregnancy Bronze - B12B,br_samms_eandm_form_pregnancy,TASK_COMPLETE,SUCCESS,INFO,828,828,0,,2026-08-19T15:20:02.186Z,2026-08-19T16:02:20.903Z,2538,2026-08-19T16:02:20.903Z,B12B,ColoradoSprings,0e774440-67e4-4817-8f97-24afdbb9d82f,SAMMS-ColoradoSpringsV5
202608191602178929,202608191519595828,202608191519595710,97,5863,P1 Forms E&M Form Pregnancy Bronze - B24,br_samms_eandm_form_pregnancy,TASK_COMPLETE,SUCCESS,INFO,727,727,0,,2026-08-19T15:20:02.186Z,2026-08-19T16:02:20.903Z,2538,2026-08-19T16:02:20.903Z,B24,Paintsville,0e774440-67e4-4817-8f97-24afdbb9d82f,SAMMS-PaintsvilleV5
202608191602178930,202608191519595829,202608191519595710,97,5864,P1 Forms E&M Form Pregnancy Bronze - B25,br_samms_eandm_form_pregnancy,TASK_COMPLETE,SUCCESS,INFO,305,305,0,,2026-08-19T15:20:02.186Z,2026-08-19T16:02:20.903Z,2538,2026-08-19T16:02:20.903Z,B25,Pikeville,0e774440-67e4-4817-8f97-24afdbb9d82f,SAMMS-PikevilleV5
202608191602178931,202608191519595830,202608191519595710,97,5865,P1 Forms E&M Form Pregnancy Bronze - B26,br_samms_eandm_form_pregnancy,TASK_COMPLETE,SUCCESS,INFO,953,953,0,,2026-08-19T15:20:02.186Z,2026-08-19T16:02:20.903Z,2538,2026-08-19T16:02:20.903Z,B26,Hazard,0e774440-67e4-4817-8f97-24afdbb9d82f,SAMMS-HazardV5
202608191602178932,202608191519595831,202608191519595710,97,5866,P1 Forms E&M Form Pregnancy Bronze - B27,br_samms_eandm_form_pregnancy,TASK_COMPLETE,SUCCESS,INFO,269,269,0,,2026-08-19T15:20:02.186Z,2026-08-19T16:02:20.903Z,2538,2026-08-19T16:02:20.903Z,B27,Savannah,0e774440-67e4-4817-8f97-24afdbb9d82f,SAMMS-SavannahV6
202608191602178933,202608191519595832,202608191519595710,97,5867,P1 Forms E&M Form Pregnancy Bronze - B28,br_samms_eandm_form_pregnancy,TASK_COMPLETE,SUCCESS,INFO,264,264,0,,2026-08-19T15:20:02.186Z,2026-08-19T16:02:20.903Z,2538,2026-08-19T16:02:20.903Z,B28,WestPlaines,0e774440-67e4-4817-8f97-24afdbb9d82f,SAMMS-WestPlainesV5
202608191602178934,202608191519595833,202608191519595710,97,5868,P1 Forms E&M Form Pregnancy Bronze - B29,br_samms_eandm_form_pregnancy,TASK_COMPLETE,SUCCESS,INFO,311,311,0,,2026-08-19T15:20:02.186Z,2026-08-19T16:02:20.903Z,2538,2026-08-19T16:02:20.903Z,B29,PoplarBluff,0e774440-67e4-4817-8f97-24afdbb9d82f,SAMMS-PoplarBluffV5
202608191602178935,202608191519595834,202608191519595710,97,5869,P1 Forms E&M Form Pregnancy Bronze - B30,br_samms_eandm_form_pregnancy,TASK_COMPLETE,SUCCESS,INFO,179,179,0,,2026-08-19T15:20:02.186Z,2026-08-19T16:02:20.903Z,2538,2026-08-19T16:02:20.903Z,B30,KCN,0e774440-67e4-4817-8f97-24afdbb9d82f,SAMMS-KCNv5
202608191602178936,202608191519595835,202608191519595710,97,5870,P1 Forms E&M Form Pregnancy Bronze - B31,br_samms_eandm_form_pregnancy,TASK_COMPLETE,SUCCESS,INFO,464,464,0,,2026-08-19T15:20:02.186Z,2026-08-19T16:02:20.903Z,2538,2026-08-19T16:02:20.903Z,B31,Dyersburg,0e774440-67e4-4817-8f97-24afdbb9d82f,SAMMS-DyersburgV5
202608191602178938,202608191519595836,202608191519595710,97,5871,P1 Forms E&M Form Pregnancy Bronze - B33,br_samms_eandm_form_pregnancy,TASK_COMPLETE,SUCCESS,INFO,454,454,0,,2026-08-19T15:20:02.186Z,2026-08-19T16:02:20.903Z,2538,2026-08-19T16:02:20.903Z,B33,Paducah,0e774440-67e4-4817-8f97-24afdbb9d82f,SAMMS-Paducah
202608191602178939,202608191519595837,202608191519595710,97,5872,P1 Forms E&M Form Pregnancy Bronze - B34,br_samms_eandm_form_pregnancy,TASK_COMPLETE,SUCCESS,INFO,770,770,0,,2026-08-19T15:20:02.186Z,2026-08-19T16:02:20.903Z,2538,2026-08-19T16:02:20.903Z,B34,Corbin,0e774440-67e4-4817-8f97-24afdbb9d82f,SAMMS-CorbinV5
202608191602178940,202608191519595838,202608191519595710,97,5873,P1 Forms E&M Form Pregnancy Bronze - B35,br_samms_eandm_form_pregnancy,TASK_COMPLETE,SUCCESS,INFO,1413,1413,0,,2026-08-19T15:20:02.186Z,2026-08-19T16:02:20.903Z,2538,2026-08-19T16:02:20.903Z,B35,Lexington,0e774440-67e4-4817-8f97-24afdbb9d82f,SAMMS-LexingtonV5
202608212101411203,202608212020691549,202608212020690709,88,5506,P1 Reference PreAdmission V6 Bronze - B47,br_samms_pre_admission_v6,TASK_COMPLETE,SUCCESS,INFO,172,172,0,,2026-08-21T20:21:13.701Z,2026-08-21T21:04:00.531Z,2567,2026-08-21T21:04:00.531Z,B47,Mobile,8488c727-7e26-424c-b4ea-f3ce6564dbed,SAMMS-MobileV5
202608212101411204,202608212020691550,202608212020690709,88,5507,P1 Reference PreAdmission V6 Bronze - B48,br_samms_pre_admission_v6,TASK_COMPLETE,SUCCESS,INFO,179,179,0,,2026-08-21T20:21:13.701Z,2026-08-21T21:04:00.531Z,2567,2026-08-21T21:04:00.531Z,B48,Tuscaloosa,8488c727-7e26-424c-b4ea-f3ce6564dbed,SAMMS-TuscaloosaV5
202608212101411206,202608212020691551,202608212020690709,88,5508,P1 Reference PreAdmission V6 Bronze - B51,br_samms_pre_admission_v6,TASK_COMPLETE,SUCCESS,INFO,156,156,0,,2026-08-21T20:21:13.701Z,2026-08-21T21:04:00.531Z,2567,2026-08-21T21:04:00.531Z,B51,NorthLittleRock,8488c727-7e26-424c-b4ea-f3ce6564dbed,SAMMS-NorthLittleRockV6
202608212101411207,202608212020691552,202608212020690709,88,5509,P1 Reference PreAdmission V6 Bronze - B52,br_samms_pre_admission_v6,TASK_COMPLETE,SUCCESS,INFO,79,79,0,,2026-08-21T20:21:13.701Z,2026-08-21T21:04:00.531Z,2567,2026-08-21T21:04:00.531Z,B52,JacksonGA,8488c727-7e26-424c-b4ea-f3ce6564dbed,SAMMS-JacksonGAV5
202608212101411209,202608212020691553,202608212020690709,88,5510,P1 Reference PreAdmission V6 Bronze - B54,br_samms_pre_admission_v6,TASK_COMPLETE,SUCCESS,INFO,152,152,0,,2026-08-21T20:21:13.701Z,2026-08-21T21:04:00.531Z,2567,2026-08-21T21:04:00.531Z,B54,Gadsden,8488c727-7e26-424c-b4ea-f3ce6564dbed,SAMMS-GadsdenV5
202608212101411210,202608212020691554,202608212020690709,88,5511,P1 Reference PreAdmission V6 Bronze - B55,br_samms_pre_admission_v6,TASK_COMPLETE,SUCCESS,INFO,161,161,0,,2026-08-21T20:21:13.701Z,2026-08-21T21:04:00.531Z,2567,2026-08-21T21:04:00.531Z,B55,Shoals,8488c727-7e26-424c-b4ea-f3ce6564dbed,SAMMS-ShoalsV5
202608212101411211,202608212020691555,202608212020690709,88,5512,P1 Reference PreAdmission V6 Bronze - B57,br_samms_pre_admission_v6,TASK_COMPLETE,SUCCESS,INFO,54,54,0,,2026-08-21T20:21:13.701Z,2026-08-21T21:04:00.531Z,2567,2026-08-21T21:04:00.531Z,B57,Pawtucket,8488c727-7e26-424c-b4ea-f3ce6564dbed,SAMMS-Pawtucket
202608212101411213,202608212020691556,202608212020690709,88,5513,P1 Reference PreAdmission V6 Bronze - B57A,br_samms_pre_admission_v6,TASK_COMPLETE,SUCCESS,INFO,28,28,0,,2026-08-21T20:21:13.701Z,2026-08-21T21:04:00.531Z,2567,2026-08-21T21:04:00.531Z,B57A,Johnston,8488c727-7e26-424c-b4ea-f3ce6564dbed,SAMMS-Johnston
202608212101411214,202608212020691557,202608212020690709,88,5514,P1 Reference PreAdmission V6 Bronze - B57B,br_samms_pre_admission_v6,TASK_COMPLETE,SUCCESS,INFO,27,27,0,,2026-08-21T20:21:13.701Z,2026-08-21T21:04:00.531Z,2567,2026-08-21T21:04:00.531Z,B57B,Middletown,8488c727-7e26-424c-b4ea-f3ce6564dbed,SAMMS-Middletown
202608212101411216,202608212020691558,202608212020690709,88,5515,P1 Reference PreAdmission V6 Bronze - B57C,br_samms_pre_admission_v6,TASK_COMPLETE,SUCCESS,INFO,76,76,0,,2026-08-21T20:21:13.701Z,2026-08-21T21:04:00.531Z,2567,2026-08-21T21:04:00.531Z,B57C,Providence,8488c727-7e26-424c-b4ea-f3ce6564dbed,SAMMS-Providence
202608212101411217,202608212020691559,202608212020690709,88,5516,P1 Reference PreAdmission V6 Bronze - B57D,br_samms_pre_admission_v6,TASK_COMPLETE,SUCCESS,INFO,74,74,0,,2026-08-21T20:21:13.701Z,2026-08-21T21:04:00.531Z,2567,2026-08-21T21:04:00.531Z,B57D,Westerly,8488c727-7e26-424c-b4ea-f3ce6564dbed,SAMMS-Westerly
202608212101411219,202608212020691560,202608212020690709,88,5517,P1 Reference PreAdmission V6 Bronze - B66A,br_samms_pre_admission_v6,TASK_COMPLETE,SUCCESS,INFO,70,70,0,,2026-08-21T20:21:13.701Z,2026-08-21T21:04:00.531Z,2567,2026-08-21T21:04:00.531Z,B66A,Bremen,8488c727-7e26-424c-b4ea-f3ce6564dbed,SAMMS-Bremen
202608212101411220,202608212020691561,202608212020690709,88,5518,P1 Reference PreAdmission V6 Bronze - B72,br_samms_pre_admission_v6,TASK_COMPLETE,SUCCESS,INFO,215,215,0,,2026-08-21T20:21:13.701Z,2026-08-21T21:04:00.531Z,2567,2026-08-21T21:04:00.531Z,B72,Mobile-OBOT,8488c727-7e26-424c-b4ea-f3ce6564dbed,SAMMS-Mobile-OBOT
202608212101411222,202608212020691562,202608212020690709,88,5519,P1 Reference PreAdmission V6 Bronze - B73,br_samms_pre_admission_v6,TASK_COMPLETE,SUCCESS,INFO,83,83,0,,2026-08-21T20:21:13.701Z,2026-08-21T21:04:00.531Z,2567,2026-08-21T21:04:00.531Z,B73,Montgomery,8488c727-7e26-424c-b4ea-f3ce6564dbed,SAMMS-Montgomery
202608212101411223,202608212020691563,202608212020690709,88,5520,P1 Reference PreAdmission V6 Bronze - B75,br_samms_pre_admission_v6,TASK_COMPLETE,SUCCESS,INFO,135,135,0,,2026-08-21T20:21:13.701Z,2026-08-21T21:04:00.531Z,2567,2026-08-21T21:04:00.531Z,B75,Lawrence,8488c727-7e26-424c-b4ea-f3ce6564dbed,SAMMS-LawrenceV6
202608212101411225,202608212020691564,202608212020690709,88,5521,P1 Reference PreAdmission V6 Bronze - B76,br_samms_pre_admission_v6,TASK_COMPLETE,SUCCESS,INFO,0,0,0,,2026-08-21T20:21:13.701Z,2026-08-21T21:04:00.531Z,2567,2026-08-21T21:04:00.531Z,B76,Huntsville-OBOT,8488c727-7e26-424c-b4ea-f3ce6564dbed,SAMMS-Huntsville-OBOT
202608212101411226,202608212020691565,202608212020690709,88,5522,P1 Reference PreAdmission V6 Bronze - BAT,br_samms_pre_admission_v6,TASK_COMPLETE,SUCCESS,INFO,42,42,0,,2026-08-21T20:21:13.701Z,2026-08-21T21:04:00.531Z,2567,2026-08-21T21:04:00.531Z,BAT,Batesville,8488c727-7e26-424c-b4ea-f3ce6564dbed,SAMMS-Batesville
202608212101411228,202608212020691566,202608212020690709,88,5523,P1 Reference PreAdmission V6 Bronze - BG,br_samms_pre_admission_v6,TASK_COMPLETE,SUCCESS,INFO,127,127,0,,2026-08-21T20:21:13.701Z,2026-08-21T21:04:00.531Z,2567,2026-08-21T21:04:00.531Z,BG,BowlingGreen,8488c727-7e26-424c-b4ea-f3ce6564dbed,SAMMS-BowlingGreen
202608212101411229,202608212020691567,202608212020690709,88,5524,P1 Reference PreAdmission V6 Bronze - BOI,br_samms_pre_admission_v6,TASK_COMPLETE,SUCCESS,INFO,126,126,0,,2026-08-21T20:21:13.701Z,2026-08-21T21:04:00.531Z,2567,2026-08-21T21:04:00.531Z,BOI,Boise,8488c727-7e26-424c-b4ea-f3ce6564dbed,SAMMS-Boise
202608212101411231,202608212020691568,202608212020690709,88,5525,P1 Reference PreAdmission V6 Bronze - CBCO,br_samms_pre_admission_v6,TASK_COMPLETE,SUCCESS,INFO,100,100,0,,2026-08-21T20:21:13.701Z,2026-08-21T21:04:00.531Z,2567,2026-08-21T21:04:00.531Z,CBCO,CoeurdAlene,8488c727-7e26-424c-b4ea-f3ce6564dbed,SAMMS-CoeurdAleneV6
202608212101411233,202608212020691569,202608212020690709,88,5526,P1 Reference PreAdmission V6 Bronze - CON,br_samms_pre_admission_v6,TASK_COMPLETE,SUCCESS,INFO,127,127,0,,2026-08-21T20:21:13.701Z,2026-08-21T21:04:00.531Z,2567,2026-08-21T21:04:00.531Z,CON,Conway,8488c727-7e26-424c-b4ea-f3ce6564dbed,SAMMS-Conway
202608212101411234,202608212020691570,202608212020690709,88,5527,P1 Reference PreAdmission V6 Bronze - D07,br_samms_pre_admission_v6,TASK_COMPLETE,SUCCESS,INFO,648,648,0,,2026-08-21T20:21:13.701Z,2026-08-21T21:04:00.531Z,2567,2026-08-21T21:04:00.531Z,D07,Knoxville,8488c727-7e26-424c-b4ea-f3ce6564dbed,SAMMS-KnoxvilleV6
202608212101411236,202608212020691571,202608212020690709,88,5528,P1 Reference PreAdmission V6 Bronze - D08,br_samms_pre_admission_v6,TASK_COMPLETE,SUCCESS,INFO,386,386,0,,2026-08-21T20:21:13.701Z,2026-08-21T21:04:00.531Z,2567,2026-08-21T21:04:00.531Z,D08,Madison,8488c727-7e26-424c-b4ea-f3ce6564dbed,SAMMS-MadisonV6
202608212101411238,202608212020691572,202608212020690709,88,5529,P1 Reference PreAdmission V6 Bronze - D09,br_samms_pre_admission_v6,TASK_COMPLETE,SUCCESS,INFO,295,295,0,,2026-08-21T20:21:13.701Z,2026-08-21T21:04:00.531Z,2567,2026-08-21T21:04:00.531Z,D09,Murfreesboro,8488c727-7e26-424c-b4ea-f3ce6564dbed,SAMMS-MurfreesboroV6
202608212101411239,202608212020691573,202608212020690709,88,5530,P1 Reference PreAdmission V6 Bronze - DA,br_samms_pre_admission_v6,TASK_COMPLETE,SUCCESS,INFO,72,72,0,,2026-08-21T20:21:13.701Z,2026-08-21T21:04:00.531Z,2567,2026-08-21T21:04:00.531Z,DA,Davenport,8488c727-7e26-424c-b4ea-f3ce6564dbed,SAMMS-Davenport
202608212101411241,202608212020691574,202608212020690709,88,5531,P1 Reference PreAdmission V6 Bronze - DM,br_samms_pre_admission_v6,TASK_COMPLETE,SUCCESS,INFO,146,146,0,,2026-08-21T20:21:13.701Z,2026-08-21T21:04:00.531Z,2567,2026-08-21T21:04:00.531Z,DM,DesMoines,8488c727-7e26-424c-b4ea-f3ce6564dbed,SAMMS-DesMoines
202608212101411242,202608212020691575,202608212020690709,88,5532,P1 Reference PreAdmission V6 Bronze - DRD-CO,br_samms_pre_admission_v6,TASK_COMPLETE,SUCCESS,INFO,167,167,0,,2026-08-21T20:21:13.701Z,2026-08-21T21:04:00.531Z,2567,2026-08-21T21:04:00.531Z,DRD-CO,Columbia,8488c727-7e26-424c-b4ea-f3ce6564dbed,SAMMS-ColumbiaV5
202608212101411244,202608212020691576,202608212020690709,88,5533,P1 Reference PreAdmission V6 Bronze - DRD-KC,br_samms_pre_admission_v6,TASK_COMPLETE,SUCCESS,INFO,326,326,0,,2026-08-21T20:21:13.701Z,2026-08-21T21:04:00.531Z,2567,2026-08-21T21:04:00.531Z,DRD-KC,KC,8488c727-7e26-424c-b4ea-f3ce6564dbed,SAMMS-KCv5
202608212101411246,202608212020691577,202608212020690709,88,5534,P1 Reference PreAdmission V6 Bronze - DRD-KVB,br_samms_pre_admission_v6,TASK_COMPLETE,SUCCESS,INFO,510,510,0,,2026-08-21T20:21:13.701Z,2026-08-21T21:04:00.531Z,2567,2026-08-21T21:04:00.531Z,DRD-KVB,KVB,8488c727-7e26-424c-b4ea-f3ce6564dbed,SAMMS-KVBv5
202608212101411247,202608212020691578,202608212020690709,88,5535,P1 Reference PreAdmission V6 Bronze - DRD-KVC,br_samms_pre_admission_v6,TASK_COMPLETE,SUCCESS,INFO,902,902,0,,2026-08-21T20:21:13.701Z,2026-08-21T21:04:00.531Z,2567,2026-08-21T21:04:00.531Z,DRD-KVC,KVC,8488c727-7e26-424c-b4ea-f3ce6564dbed,SAMMS-KVCv5
202608212101411249,202608212020691579,202608212020690709,88,5536,P1 Reference PreAdmission V6 Bronze - DRD-NOLA,br_samms_pre_admission_v6,TASK_COMPLETE,SUCCESS,INFO,805,805,0,,2026-08-21T20:21:13.701Z,2026-08-21T21:04:00.531Z,2567,2026-08-21T21:04:00.531Z,DRD-NOLA,NOLA,8488c727-7e26-424c-b4ea-f3ce6564dbed,SAMMS-NOLAv5
202608212101411251,202608212020691580,202608212020690709,88,5537,P1 Reference PreAdmission V6 Bronze - DRD-SF,br_samms_pre_admission_v6,TASK_COMPLETE,SUCCESS,INFO,212,212,0,,2026-08-21T20:21:13.701Z,2026-08-21T21:04:00.531Z,2567,2026-08-21T21:04:00.531Z,DRD-SF,SF,8488c727-7e26-424c-b4ea-f3ce6564dbed,SAMMS-SFv5
202608212101411252,202608212020691581,202608212020690709,88,5538,P1 Reference PreAdmission V6 Bronze - ELC,br_samms_pre_admission_v6,TASK_COMPLETE,SUCCESS,INFO,134,134,0,,2026-08-21T20:21:13.701Z,2026-08-21T21:04:00.531Z,2567,2026-08-21T21:04:00.531Z,ELC,ElizabethCity,8488c727-7e26-424c-b4ea-f3ce6564dbed,SAMMS-ElizabethCity
202608212101411254,202608212020691582,202608212020690709,88,5539,P1 Reference PreAdmission V6 Bronze - ET,br_samms_pre_admission_v6,TASK_COMPLETE,SUCCESS,INFO,150,150,0,,2026-08-21T20:21:13.701Z,2026-08-21T21:04:00.531Z,2567,2026-08-21T21:04:00.531Z,ET,Elizabethtown,8488c727-7e26-424c-b4ea-f3ce6564dbed,SAMMS-Elizabethtown
202608212101411255,202608212020691583,202608212020690709,88,5540,P1 Reference PreAdmission V6 Bronze - FAY,br_samms_pre_admission_v6,TASK_COMPLETE,SUCCESS,INFO,59,59,0,,2026-08-21T20:21:13.701Z,2026-08-21T21:04:00.531Z,2567,2026-08-21T21:04:00.531Z,FAY,Fayetteville,8488c727-7e26-424c-b4ea-f3ce6564dbed,SAMMS-Fayetteville
202608212101411257,202608212020691584,202608212020690709,88,5541,P1 Reference PreAdmission V6 Bronze - FR,br_samms_pre_admission_v6,TASK_COMPLETE,SUCCESS,INFO,100,100,0,,2026-08-21T20:21:13.701Z,2026-08-21T21:04:00.531Z,2567,2026-08-21T21:04:00.531Z,FR,Frankfort,8488c727-7e26-424c-b4ea-f3ce6564dbed,SAMMS-Frankfort
202608212101411259,202608212020691585,202608212020690709,88,5542,P1 Reference PreAdmission V6 Bronze - FS,br_samms_pre_admission_v6,TASK_COMPLETE,SUCCESS,INFO,70,70,0,,2026-08-21T20:21:13.701Z,2026-08-21T21:04:00.531Z,2567,2026-08-21T21:04:00.531Z,FS,FortSmith,8488c727-7e26-424c-b4ea-f3ce6564dbed,SAMMS-FortSmith
202608212101411260,202608212020691586,202608212020690709,88,5543,P1 Reference PreAdmission V6 Bronze - FW,br_samms_pre_admission_v6,TASK_COMPLETE,SUCCESS,INFO,310,310,0,,2026-08-21T20:21:13.701Z,2026-08-21T21:04:00.531Z,2567,2026-08-21T21:04:00.531Z,FW,FortWayne,8488c727-7e26-424c-b4ea-f3ce6564dbed,SAMMS-FortWayne
202608212101411262,202608212020691587,202608212020690709,88,5544,P1 Reference PreAdmission V6 Bronze - GAL,br_samms_pre_admission_v6,TASK_COMPLETE,SUCCESS,INFO,33,33,0,,2026-08-21T20:21:13.701Z,2026-08-21T21:04:00.531Z,2567,2026-08-21T21:04:00.531Z,GAL,Gaylord,8488c727-7e26-424c-b4ea-f3ce6564dbed,SAMMS-Gaylord
202608212101411264,202608212020691588,202608212020690709,88,5545,P1 Reference PreAdmission V6 Bronze - HGT,br_samms_pre_admission_v6,TASK_COMPLETE,SUCCESS,INFO,338,338,0,,2026-08-21T20:21:13.701Z,2026-08-21T21:04:00.531Z,2567,2026-08-21T21:04:00.531Z,HGT,Hagerstown,8488c727-7e26-424c-b4ea-f3ce6564dbed,SAMMS-Hagerstown
202608212101411266,202608212020691589,202608212020690709,88,5546,P1 Reference PreAdmission V6 Bronze - HNT,br_samms_pre_admission_v6,TASK_COMPLETE,SUCCESS,INFO,133,133,0,,2026-08-21T20:21:13.701Z,2026-08-21T21:04:00.531Z,2567,2026-08-21T21:04:00.531Z,HNT,Huntsville,8488c727-7e26-424c-b4ea-f3ce6564dbed,SAMMS-Huntsville
202608212101411267,202608212020691590,202608212020690709,88,5547,P1 Reference PreAdmission V6 Bronze - HS,br_samms_pre_admission_v6,TASK_COMPLETE,SUCCESS,INFO,119,119,0,,2026-08-21T20:21:13.701Z,2026-08-21T21:04:00.531Z,2567,2026-08-21T21:04:00.531Z,HS,HotSprings,8488c727-7e26-424c-b4ea-f3ce6564dbed,SAMMS-HotSprings
202608212101411269,202608212020691591,202608212020690709,88,5548,P1 Reference PreAdmission V6 Bronze - JON,br_samms_pre_admission_v6,TASK_COMPLETE,SUCCESS,INFO,137,137,0,,2026-08-21T20:21:13.701Z,2026-08-21T21:04:00.531Z,2567,2026-08-21T21:04:00.531Z,JON,Jonesboro,8488c727-7e26-424c-b4ea-f3ce6564dbed,SAMMS-Jonesboro
202608212101411271,202608212020691592,202608212020690709,88,5549,P1 Reference PreAdmission V6 Bronze - LAN,br_samms_pre_admission_v6,TASK_COMPLETE,SUCCESS,INFO,147,147,0,,2026-08-21T20:21:13.701Z,2026-08-21T21:04:00.531Z,2567,2026-08-21T21:04:00.531Z,LAN,Lansing,8488c727-7e26-424c-b4ea-f3ce6564dbed,SAMMS-Lansing
202608212101411272,202608212020691593,202608212020690709,88,5550,P1 Reference PreAdmission V6 Bronze - LO,br_samms_pre_admission_v6,TASK_COMPLETE,SUCCESS,INFO,305,305,0,,2026-08-21T20:21:13.701Z,2026-08-21T21:04:00.531Z,2567,2026-08-21T21:04:00.531Z,LO,Louisville,8488c727-7e26-424c-b4ea-f3ce6564dbed,SAMMS-Louisville
202608212101411274,202608212020691594,202608212020690709,88,5551,P1 Reference PreAdmission V6 Bronze - LV1,br_samms_pre_admission_v6,TASK_COMPLETE,SUCCESS,INFO,382,382,0,,2026-08-21T20:21:13.701Z,2026-08-21T21:04:00.531Z,2567,2026-08-21T21:04:00.531Z,LV1,Cheyenne,8488c727-7e26-424c-b4ea-f3ce6564dbed,SAMMS-Cheyenne
202608212101411276,202608212020691595,202608212020690709,88,5552,P1 Reference PreAdmission V6 Bronze - LV2,br_samms_pre_admission_v6,TASK_COMPLETE,SUCCESS,INFO,338,338,0,,2026-08-21T20:21:13.701Z,2026-08-21T21:04:00.531Z,2567,2026-08-21T21:04:00.531Z,LV2,DesertInn,8488c727-7e26-424c-b4ea-f3ce6564dbed,SAMMS-DesertInn
202608212101411278,202608212020691596,202608212020690709,88,5553,P1 Reference PreAdmission V6 Bronze - LV3,br_samms_pre_admission_v6,TASK_COMPLETE,SUCCESS,INFO,85,85,0,,2026-08-21T20:21:13.701Z,2026-08-21T21:04:00.531Z,2567,2026-08-21T21:04:00.531Z,LV3,McDaniel,8488c727-7e26-424c-b4ea-f3ce6564dbed,SAMMS-McDaniel
202608212101411280,202608212020691597,202608212020690709,88,5554,P1 Reference PreAdmission V6 Bronze - MNRE,br_samms_pre_admission_v6,TASK_COMPLETE,SUCCESS,INFO,105,105,0,,2026-08-21T20:21:13.701Z,2026-08-21T21:04:00.531Z,2567,2026-08-21T21:04:00.531Z,MNRE,Monroe,8488c727-7e26-424c-b4ea-f3ce6564dbed,SAMMS-Monroe
202608212101411281,202608212020691598,202608212020690709,88,5555,P1 Reference PreAdmission V6 Bronze - MP,br_samms_pre_admission_v6,TASK_COMPLETE,SUCCESS,INFO,108,108,0,,2026-08-21T20:21:13.701Z,2026-08-21T21:04:00.531Z,2567,2026-08-21T21:04:00.531Z,MP,MtPleasant,8488c727-7e26-424c-b4ea-f3ce6564dbed,SAMMS-MtPleasant
202608212101411283,202608212020691599,202608212020690709,88,5556,P1 Reference PreAdmission V6 Bronze - MRD,br_samms_pre_admission_v6,TASK_COMPLETE,SUCCESS,INFO,77,77,0,,2026-08-21T20:21:13.701Z,2026-08-21T21:04:00.531Z,2567,2026-08-21T21:04:00.531Z,MRD,Meridian,8488c727-7e26-424c-b4ea-f3ce6564dbed,SAMMS-Meridian
202608212101411285,202608212020691600,202608212020690709,88,5557,P1 Reference PreAdmission V6 Bronze - NC,br_samms_pre_admission_v6,TASK_COMPLETE,SUCCESS,INFO,206,206,0,,2026-08-21T20:21:13.701Z,2026-08-21T21:04:00.531Z,2567,2026-08-21T21:04:00.531Z,NC,NorthCharleston,8488c727-7e26-424c-b4ea-f3ce6564dbed,SAMMS-NorthCharleston
202608212101411287,202608212020691601,202608212020690709,88,5558,P1 Reference PreAdmission V6 Bronze - NLR,br_samms_pre_admission_v6,TASK_COMPLETE,SUCCESS,INFO,185,185,0,,2026-08-21T20:21:13.701Z,2026-08-21T21:04:00.531Z,2567,2026-08-21T21:04:00.531Z,NLR,NLROBOT,8488c727-7e26-424c-b4ea-f3ce6564dbed,SAMMS-NLROBOT
202608212101411289,202608212020691602,202608212020690709,88,5559,P1 Reference PreAdmission V6 Bronze - PH,br_samms_pre_admission_v6,TASK_COMPLETE,SUCCESS,INFO,58,58,0,,2026-08-21T20:21:13.701Z,2026-08-21T21:04:00.531Z,2567,2026-08-21T21:04:00.531Z,PH,Phoenix,8488c727-7e26-424c-b4ea-f3ce6564dbed,SAMMS-Phoenix
202608212101411290,202608212020691603,202608212020690709,88,5560,P1 Reference PreAdmission V6 Bronze - RE,br_samms_pre_admission_v6,TASK_COMPLETE,SUCCESS,INFO,98,98,0,,2026-08-21T20:21:13.701Z,2026-08-21T21:04:00.531Z,2567,2026-08-21T21:04:00.531Z,RE,Reno,8488c727-7e26-424c-b4ea-f3ce6564dbed,SAMMS-Reno
202608212101411292,202608212020691604,202608212020690709,88,5561,P1 Reference PreAdmission V6 Bronze - RMD,br_samms_pre_admission_v6,TASK_COMPLETE,SUCCESS,INFO,293,293,0,,2026-08-21T20:21:13.701Z,2026-08-21T21:04:00.531Z,2567,2026-08-21T21:04:00.531Z,RMD,Richmond,8488c727-7e26-424c-b4ea-f3ce6564dbed,SAMMS-Richmond
202608212101411294,202608212020691605,202608212020690709,88,5562,P1 Reference PreAdmission V6 Bronze - SFN,br_samms_pre_admission_v6,TASK_COMPLETE,SUCCESS,INFO,132,132,0,,2026-08-21T20:21:13.701Z,2026-08-21T21:04:00.531Z,2567,2026-08-21T21:04:00.531Z,SFN,SFN,8488c727-7e26-424c-b4ea-f3ce6564dbed,SAMMS-SFNv5
202608212101411296,202608212020691606,202608212020690709,88,5563,P1 Reference PreAdmission V6 Bronze - SHP,br_samms_pre_admission_v6,TASK_COMPLETE,SUCCESS,INFO,80,80,0,,2026-08-21T20:21:13.701Z,2026-08-21T21:04:00.531Z,2567,2026-08-21T21:04:00.531Z,SHP,Shreveport,8488c727-7e26-424c-b4ea-f3ce6564dbed,SAMMS-Shreveport
202608212101411298,202608212020691607,202608212020690709,88,5564,P1 Reference PreAdmission V6 Bronze - STN,br_samms_pre_admission_v6,TASK_COMPLETE,SUCCESS,INFO,63,63,0,,2026-08-21T20:21:13.701Z,2026-08-21T21:04:00.531Z,2567,2026-08-21T21:04:00.531Z,STN,Staunton,8488c727-7e26-424c-b4ea-f3ce6564dbed,SAMMS-Staunton
202608212101411300,202608212020691608,202608212020690709,88,5565,P1 Reference PreAdmission V6 Bronze - STVN,br_samms_pre_admission_v6,TASK_COMPLETE,SUCCESS,INFO,19,19,0,,2026-08-21T20:21:13.701Z,2026-08-21T21:04:00.531Z,2567,2026-08-21T21:04:00.531Z,STVN,Stevenson,8488c727-7e26-424c-b4ea-f3ce6564dbed,SAMMS-Stevenson
202608212101411302,202608212020691609,202608212020690709,88,5566,P1 Reference PreAdmission V6 Bronze - TE,br_samms_pre_admission_v6,TASK_COMPLETE,SUCCESS,INFO,59,59,0,,2026-08-21T20:21:13.701Z,2026-08-21T21:04:00.531Z,2567,2026-08-21T21:04:00.531Z,TE,Tempe,8488c727-7e26-424c-b4ea-f3ce6564dbed,SAMMS-Tempe
202608212101411304,202608212020691610,202608212020690709,88,5567,P1 Reference PreAdmission V6 Bronze - TEX,br_samms_pre_admission_v6,TASK_COMPLETE,SUCCESS,INFO,93,93,0,,2026-08-21T20:21:13.701Z,2026-08-21T21:04:00.531Z,2567,2026-08-21T21:04:00.531Z,TEX,Texarkana,8488c727-7e26-424c-b4ea-f3ce6564dbed,SAMMS-Texarkana
202608212101411306,202608212020691611,202608212020690709,88,5568,P1 Reference PreAdmission V6 Bronze - TTCA,br_samms_pre_admission_v6,TASK_COMPLETE,SUCCESS,INFO,155,155,0,,2026-08-21T20:21:13.701Z,2026-08-21T21:04:00.531Z,2567,2026-08-21T21:04:00.531Z,TTCA,Bessemer,8488c727-7e26-424c-b4ea-f3ce6564dbed,SAMMS-BessemerV5
202608212101411307,202608212020691612,202608212020690709,88,5569,P1 Reference PreAdmission V6 Bronze - TTCB,br_samms_pre_admission_v6,TASK_COMPLETE,SUCCESS,INFO,220,220,0,,2026-08-21T20:21:13.701Z,2026-08-21T21:04:00.531Z,2567,2026-08-21T21:04:00.531Z,TTCB,Cullman,8488c727-7e26-424c-b4ea-f3ce6564dbed,SAMMS-CullmanV5
202608212101411310,202608212020691613,202608212020690709,88,5570,P1 Reference PreAdmission V6 Bronze - TTCC,br_samms_pre_admission_v6,TASK_COMPLETE,SUCCESS,INFO,123,123,0,,2026-08-21T20:21:13.701Z,2026-08-21T21:04:00.531Z,2567,2026-08-21T21:04:00.531Z,TTCC,GrandBay,8488c727-7e26-424c-b4ea-f3ce6564dbed,SAMMS-GrandBay
202608212101411419,202608212020691099,202608212020690709,88,5048,P1 Reference Services Bronze - B75,br_samms_services,TASK_COMPLETE,SUCCESS,INFO,246,246,0,,2026-08-21T20:21:13.701Z,2026-08-21T21:04:00.531Z,2567,2026-08-21T21:04:00.531Z,B75,Lawrence,8488c727-7e26-424c-b4ea-f3ce6564dbed,SAMMS-LawrenceV6
202608212101411421,202608212020691100,202608212020690709,88,5049,P1 Reference Services Bronze - B76,br_samms_services,TASK_COMPLETE,SUCCESS,INFO,237,237,0,,2026-08-21T20:21:13.701Z,2026-08-21T21:04:00.531Z,2567,2026-08-21T21:04:00.531Z,B76,Huntsville-OBOT,8488c727-7e26-424c-b4ea-f3ce6564dbed,SAMMS-Huntsville-OBOT
202608212101411422,202608212020691101,202608212020690709,88,5050,P1 Reference Services Bronze - BAT,br_samms_services,TASK_COMPLETE,SUCCESS,INFO,237,237,0,,2026-08-21T20:21:13.701Z,2026-08-21T21:04:00.531Z,2567,2026-08-21T21:04:00.531Z,BAT,Batesville,8488c727-7e26-424c-b4ea-f3ce6564dbed,SAMMS-Batesville
202608212101411424,202608212020691102,202608212020690709,88,5051,P1 Reference Services Bronze - BG,br_samms_services,TASK_COMPLETE,SUCCESS,INFO,244,244,0,,2026-08-21T20:21:13.701Z,2026-08-21T21:04:00.531Z,2567,2026-08-21T21:04:00.531Z,BG,BowlingGreen,8488c727-7e26-424c-b4ea-f3ce6564dbed,SAMMS-BowlingGreen
202608212101411426,202608212020691103,202608212020690709,88,5052,P1 Reference Services Bronze - BOI,br_samms_services,TASK_COMPLETE,SUCCESS,INFO,237,237,0,,2026-08-21T20:21:13.701Z,2026-08-21T21:04:00.531Z,2567,2026-08-21T21:04:00.531Z,BOI,Boise,8488c727-7e26-424c-b4ea-f3ce6564dbed,SAMMS-Boise
202608212101411427,202608212020691104,202608212020690709,88,5053,P1 Reference Services Bronze - CBCO,br_samms_services,TASK_COMPLETE,SUCCESS,INFO,237,237,0,,2026-08-21T20:21:13.701Z,2026-08-21T21:04:00.531Z,2567,2026-08-21T21:04:00.531Z,CBCO,CoeurdAlene,8488c727-7e26-424c-b4ea-f3ce6564dbed,SAMMS-CoeurdAleneV6
202608212101411428,202608212020691105,202608212020690709,88,5054,P1 Reference Services Bronze - CON,br_samms_services,TASK_COMPLETE,SUCCESS,INFO,237,237,0,,2026-08-21T20:21:13.701Z,2026-08-21T21:04:00.531Z,2567,2026-08-21T21:04:00.531Z,CON,Conway,8488c727-7e26-424c-b4ea-f3ce6564dbed,SAMMS-Conway
202608212101411430,202608212020691106,202608212020690709,88,5055,P1 Reference Services Bronze - D07,br_samms_services,TASK_COMPLETE,SUCCESS,INFO,238,238,0,,2026-08-21T20:21:13.701Z,2026-08-21T21:04:00.531Z,2567,2026-08-21T21:04:00.531Z,D07,Knoxville,8488c727-7e26-424c-b4ea-f3ce6564dbed,SAMMS-KnoxvilleV6
202608212101411432,202608212020691107,202608212020690709,88,5056,P1 Reference Services Bronze - D08,br_samms_services,TASK_COMPLETE,SUCCESS,INFO,245,245,0,,2026-08-21T20:21:13.701Z,2026-08-21T21:04:00.531Z,2567,2026-08-21T21:04:00.531Z,D08,Madison,8488c727-7e26-424c-b4ea-f3ce6564dbed,SAMMS-MadisonV6
202608212101411433,202608212020691108,202608212020690709,88,5057,P1 Reference Services Bronze - D09,br_samms_services,TASK_COMPLETE,SUCCESS,INFO,245,245,0,,2026-08-21T20:21:13.701Z,2026-08-21T21:04:00.531Z,2567,2026-08-21T21:04:00.531Z,D09,Murfreesboro,8488c727-7e26-424c-b4ea-f3ce6564dbed,SAMMS-MurfreesboroV6
202608212101411435,202608212020691109,202608212020690709,88,5058,P1 Reference Services Bronze - DA,br_samms_services,TASK_COMPLETE,SUCCESS,INFO,239,239,0,,2026-08-21T20:21:13.701Z,2026-08-21T21:04:00.531Z,2567,2026-08-21T21:04:00.531Z,DA,Davenport,8488c727-7e26-424c-b4ea-f3ce6564dbed,SAMMS-Davenport
202608212101411436,202608212020691110,202608212020690709,88,5059,P1 Reference Services Bronze - DM,br_samms_services,TASK_COMPLETE,SUCCESS,INFO,239,239,0,,2026-08-21T20:21:13.701Z,2026-08-21T21:04:00.531Z,2567,2026-08-21T21:04:00.531Z,DM,DesMoines,8488c727-7e26-424c-b4ea-f3ce6564dbed,SAMMS-DesMoines
202608212101411438,202608212020691111,202608212020690709,88,5060,P1 Reference Services Bronze - DRD-CO,br_samms_services,TASK_COMPLETE,SUCCESS,INFO,251,251,0,,2026-08-21T20:21:13.701Z,2026-08-21T21:04:00.531Z,2567,2026-08-21T21:04:00.531Z,DRD-CO,Columbia,8488c727-7e26-424c-b4ea-f3ce6564dbed,SAMMS-ColumbiaV5
202608212101411439,202608212020691112,202608212020690709,88,5061,P1 Reference Services Bronze - DRD-KC,br_samms_services,TASK_COMPLETE,SUCCESS,INFO,251,251,0,,2026-08-21T20:21:13.701Z,2026-08-21T21:04:00.531Z,2567,2026-08-21T21:04:00.531Z,DRD-KC,KC,8488c727-7e26-424c-b4ea-f3ce6564dbed,SAMMS-KCv5
202608212101411441,202608212020691113,202608212020690709,88,5062,P1 Reference Services Bronze - DRD-KVB,br_samms_services,TASK_COMPLETE,SUCCESS,INFO,245,245,0,,2026-08-21T20:21:13.701Z,2026-08-21T21:04:00.531Z,2567,2026-08-21T21:04:00.531Z,DRD-KVB,KVB,8488c727-7e26-424c-b4ea-f3ce6564dbed,SAMMS-KVBv5
202608212101411443,202608212020691114,202608212020690709,88,5063,P1 Reference Services Bronze - DRD-KVC,br_samms_services,TASK_COMPLETE,SUCCESS,INFO,245,245,0,,2026-08-21T20:21:13.701Z,2026-08-21T21:04:00.531Z,2567,2026-08-21T21:04:00.531Z,DRD-KVC,KVC,8488c727-7e26-424c-b4ea-f3ce6564dbed,SAMMS-KVCv5
202608212101411445,202608212020691115,202608212020690709,88,5064,P1 Reference Services Bronze - DRD-NOLA,br_samms_services,TASK_COMPLETE,SUCCESS,INFO,239,239,0,,2026-08-21T20:21:13.701Z,2026-08-21T21:04:00.531Z,2567,2026-08-21T21:04:00.531Z,DRD-NOLA,NOLA,8488c727-7e26-424c-b4ea-f3ce6564dbed,SAMMS-NOLAv5
202608212101411446,202608212020691116,202608212020690709,88,5065,P1 Reference Services Bronze - DRD-SF,br_samms_services,TASK_COMPLETE,SUCCESS,INFO,251,251,0,,2026-08-21T20:21:13.701Z,2026-08-21T21:04:00.531Z,2567,2026-08-21T21:04:00.531Z,DRD-SF,SF,8488c727-7e26-424c-b4ea-f3ce6564dbed,SAMMS-SFv5
202608212101411448,202608212020691117,202608212020690709,88,5066,P1 Reference Services Bronze - ELC,br_samms_services,TASK_COMPLETE,SUCCESS,INFO,238,238,0,,2026-08-21T20:21:13.701Z,2026-08-21T21:04:00.531Z,2567,2026-08-21T21:04:00.531Z,ELC,ElizabethCity,8488c727-7e26-424c-b4ea-f3ce6564dbed,SAMMS-ElizabethCity
202608212101411450,202608212020691118,202608212020690709,88,5067,P1 Reference Services Bronze - ET,br_samms_services,TASK_COMPLETE,SUCCESS,INFO,244,244,0,,2026-08-21T20:21:13.701Z,2026-08-21T21:04:00.531Z,2567,2026-08-21T21:04:00.531Z,ET,Elizabethtown,8488c727-7e26-424c-b4ea-f3ce6564dbed,SAMMS-Elizabethtown
202608212101411451,202608212020691119,202608212020690709,88,5068,P1 Reference Services Bronze - FAY,br_samms_services,TASK_COMPLETE,SUCCESS,INFO,237,237,0,,2026-08-21T20:21:13.701Z,2026-08-21T21:04:00.531Z,2567,2026-08-21T21:04:00.531Z,FAY,Fayetteville,8488c727-7e26-424c-b4ea-f3ce6564dbed,SAMMS-Fayetteville
202608212101411453,202608212020691120,202608212020690709,88,5069,P1 Reference Services Bronze - FR,br_samms_services,TASK_COMPLETE,SUCCESS,INFO,244,244,0,,2026-08-21T20:21:13.701Z,2026-08-21T21:04:00.531Z,2567,2026-08-21T21:04:00.531Z,FR,Frankfort,8488c727-7e26-424c-b4ea-f3ce6564dbed,SAMMS-Frankfort
202608212101411455,202608212020691121,202608212020690709,88,5070,P1 Reference Services Bronze - FS,br_samms_services,TASK_COMPLETE,SUCCESS,INFO,237,237,0,,2026-08-21T20:21:13.701Z,2026-08-21T21:04:00.531Z,2567,2026-08-21T21:04:00.531Z,FS,FortSmith,8488c727-7e26-424c-b4ea-f3ce6564dbed,SAMMS-FortSmith
202608212101411456,202608212020691122,202608212020690709,88,5071,P1 Reference Services Bronze - FW,br_samms_services,TASK_COMPLETE,SUCCESS,INFO,237,237,0,,2026-08-21T20:21:13.701Z,2026-08-21T21:04:00.531Z,2567,2026-08-21T21:04:00.531Z,FW,FortWayne,8488c727-7e26-424c-b4ea-f3ce6564dbed,SAMMS-FortWayne
202608212101411458,202608212020691123,202608212020690709,88,5072,P1 Reference Services Bronze - GAL,br_samms_services,TASK_COMPLETE,SUCCESS,INFO,239,239,0,,2026-08-21T20:21:13.701Z,2026-08-21T21:04:00.531Z,2567,2026-08-21T21:04:00.531Z,GAL,Gaylord,8488c727-7e26-424c-b4ea-f3ce6564dbed,SAMMS-Gaylord
202608212101411460,202608212020691124,202608212020690709,88,5073,P1 Reference Services Bronze - HGT,br_samms_services,TASK_COMPLETE,SUCCESS,INFO,239,239,0,,2026-08-21T20:21:13.701Z,2026-08-21T21:04:00.531Z,2567,2026-08-21T21:04:00.531Z,HGT,Hagerstown,8488c727-7e26-424c-b4ea-f3ce6564dbed,SAMMS-Hagerstown
202608212101411461,202608212020691125,202608212020690709,88,5074,P1 Reference Services Bronze - HNT,br_samms_services,TASK_COMPLETE,SUCCESS,INFO,239,239,0,,2026-08-21T20:21:13.701Z,2026-08-21T21:04:00.531Z,2567,2026-08-21T21:04:00.531Z,HNT,Huntsville,8488c727-7e26-424c-b4ea-f3ce6564dbed,SAMMS-Huntsville
202608212101411463,202608212020691126,202608212020690709,88,5075,P1 Reference Services Bronze - HS,br_samms_services,TASK_COMPLETE,SUCCESS,INFO,237,237,0,,2026-08-21T20:21:13.701Z,2026-08-21T21:04:00.531Z,2567,2026-08-21T21:04:00.531Z,HS,HotSprings,8488c727-7e26-424c-b4ea-f3ce6564dbed,SAMMS-HotSprings
202608212101411464,202608212020691127,202608212020690709,88,5076,P1 Reference Services Bronze - JON,br_samms_services,TASK_COMPLETE,SUCCESS,INFO,237,237,0,,2026-08-21T20:21:13.701Z,2026-08-21T21:04:00.531Z,2567,2026-08-21T21:04:00.531Z,JON,Jonesboro,8488c727-7e26-424c-b4ea-f3ce6564dbed,SAMMS-Jonesboro
202608212101411466,202608212020691128,202608212020690709,88,8604,P1 Reference Services Bronze - LAB,br_samms_services,TASK_COMPLETE,SUCCESS,INFO,84,84,0,,2026-08-21T20:21:13.701Z,2026-08-21T21:04:00.531Z,2567,2026-08-21T21:04:00.531Z,LAB,Lab,8488c727-7e26-424c-b4ea-f3ce6564dbed,SAMMS-LabV5-V2
202608212101411468,202608212020691129,202608212020690709,88,5077,P1 Reference Services Bronze - LAN,br_samms_services,TASK_COMPLETE,SUCCESS,INFO,239,239,0,,2026-08-21T20:21:13.701Z,2026-08-21T21:04:00.531Z,2567,2026-08-21T21:04:00.531Z,LAN,Lansing,8488c727-7e26-424c-b4ea-f3ce6564dbed,SAMMS-Lansing
202608212101411469,202608212020691130,202608212020690709,88,5078,P1 Reference Services Bronze - LO,br_samms_services,TASK_COMPLETE,SUCCESS,INFO,245,245,0,,2026-08-21T20:21:13.701Z,2026-08-21T21:04:00.531Z,2567,2026-08-21T21:04:00.531Z,LO,Louisville,8488c727-7e26-424c-b4ea-f3ce6564dbed,SAMMS-Louisville
202608212101411472,202608212020691131,202608212020690709,88,5079,P1 Reference Services Bronze - LV1,br_samms_services,TASK_COMPLETE,SUCCESS,INFO,242,242,0,,2026-08-21T20:21:13.701Z,2026-08-21T21:04:00.531Z,2567,2026-08-21T21:04:00.531Z,LV1,Cheyenne,8488c727-7e26-424c-b4ea-f3ce6564dbed,SAMMS-Cheyenne
202608212101411473,202608212020691132,202608212020690709,88,5080,P1 Reference Services Bronze - LV2,br_samms_services,TASK_COMPLETE,SUCCESS,INFO,242,242,0,,2026-08-21T20:21:13.701Z,2026-08-21T21:04:00.531Z,2567,2026-08-21T21:04:00.531Z,LV2,DesertInn,8488c727-7e26-424c-b4ea-f3ce6564dbed,SAMMS-DesertInn
202608212101411475,202608212020691133,202608212020690709,88,5081,P1 Reference Services Bronze - LV3,br_samms_services,TASK_COMPLETE,SUCCESS,INFO,242,242,0,,2026-08-21T20:21:13.701Z,2026-08-21T21:04:00.531Z,2567,2026-08-21T21:04:00.531Z,LV3,McDaniel,8488c727-7e26-424c-b4ea-f3ce6564dbed,SAMMS-McDaniel
202608212101411477,202608212020691134,202608212020690709,88,5082,P1 Reference Services Bronze - MNRE,br_samms_services,TASK_COMPLETE,SUCCESS,INFO,239,239,0,,2026-08-21T20:21:13.701Z,2026-08-21T21:04:00.531Z,2567,2026-08-21T21:04:00.531Z,MNRE,Monroe,8488c727-7e26-424c-b4ea-f3ce6564dbed,SAMMS-Monroe
202608212101411479,202608212020691135,202608212020690709,88,5083,P1 Reference Services Bronze - MP,br_samms_services,TASK_COMPLETE,SUCCESS,INFO,239,239,0,,2026-08-21T20:21:13.701Z,2026-08-21T21:04:00.531Z,2567,2026-08-21T21:04:00.531Z,MP,MtPleasant,8488c727-7e26-424c-b4ea-f3ce6564dbed,SAMMS-MtPleasant
202608212101411480,202608212020691136,202608212020690709,88,5084,P1 Reference Services Bronze - MRD,br_samms_services,TASK_COMPLETE,SUCCESS,INFO,237,237,0,,2026-08-21T20:21:13.701Z,2026-08-21T21:04:00.531Z,2567,2026-08-21T21:04:00.531Z,MRD,Meridian,8488c727-7e26-424c-b4ea-f3ce6564dbed,SAMMS-Meridian
202608212101411482,202608212020691137,202608212020690709,88,5085,P1 Reference Services Bronze - NC,br_samms_services,TASK_COMPLETE,SUCCESS,INFO,238,238,0,,2026-08-21T20:21:13.701Z,2026-08-21T21:04:00.531Z,2567,2026-08-21T21:04:00.531Z,NC,NorthCharleston,8488c727-7e26-424c-b4ea-f3ce6564dbed,SAMMS-NorthCharleston
202608212101411484,202608212020691138,202608212020690709,88,5086,P1 Reference Services Bronze - NLR,br_samms_services,TASK_COMPLETE,SUCCESS,INFO,237,237,0,,2026-08-21T20:21:13.701Z,2026-08-21T21:04:00.531Z,2567,2026-08-21T21:04:00.531Z,NLR,NLROBOT,8488c727-7e26-424c-b4ea-f3ce6564dbed,SAMMS-NLROBOT
202608212101411486,202608212020691139,202608212020690709,88,5087,P1 Reference Services Bronze - PH,br_samms_services,TASK_COMPLETE,SUCCESS,INFO,227,227,0,,2026-08-21T20:21:13.701Z,2026-08-21T21:04:00.531Z,2567,2026-08-21T21:04:00.531Z,PH,Phoenix,8488c727-7e26-424c-b4ea-f3ce6564dbed,SAMMS-Phoenix
202608212101411488,202608212020691140,202608212020690709,88,5088,P1 Reference Services Bronze - RE,br_samms_services,TASK_COMPLETE,SUCCESS,INFO,242,242,0,,2026-08-21T20:21:13.701Z,2026-08-21T21:04:00.531Z,2567,2026-08-21T21:04:00.531Z,RE,Reno,8488c727-7e26-424c-b4ea-f3ce6564dbed,SAMMS-Reno
202608212101411489,202608212020691141,202608212020690709,88,5089,P1 Reference Services Bronze - RMD,br_samms_services,TASK_COMPLETE,SUCCESS,INFO,244,244,0,,2026-08-21T20:21:13.701Z,2026-08-21T21:04:00.531Z,2567,2026-08-21T21:04:00.531Z,RMD,Richmond,8488c727-7e26-424c-b4ea-f3ce6564dbed,SAMMS-Richmond
202608212101411491,202608212020691142,202608212020690709,88,5090,P1 Reference Services Bronze - SFN,br_samms_services,TASK_COMPLETE,SUCCESS,INFO,251,251,0,,2026-08-21T20:21:13.701Z,2026-08-21T21:04:00.531Z,2567,2026-08-21T21:04:00.531Z,SFN,SFN,8488c727-7e26-424c-b4ea-f3ce6564dbed,SAMMS-SFNv5
202608212101411493,202608212020691143,202608212020690709,88,5091,P1 Reference Services Bronze - SHP,br_samms_services,TASK_COMPLETE,SUCCESS,INFO,239,239,0,,2026-08-21T20:21:13.701Z,2026-08-21T21:04:00.531Z,2567,2026-08-21T21:04:00.531Z,SHP,Shreveport,8488c727-7e26-424c-b4ea-f3ce6564dbed,SAMMS-Shreveport
202608212101411495,202608212020691144,202608212020690709,88,5092,P1 Reference Services Bronze - STN,br_samms_services,TASK_COMPLETE,SUCCESS,INFO,242,242,0,,2026-08-21T20:21:13.701Z,2026-08-21T21:04:00.531Z,2567,2026-08-21T21:04:00.531Z,STN,Staunton,8488c727-7e26-424c-b4ea-f3ce6564dbed,SAMMS-Staunton
202608212101411497,202608212020691145,202608212020690709,88,5093,P1 Reference Services Bronze - STVN,br_samms_services,TASK_COMPLETE,SUCCESS,INFO,239,239,0,,2026-08-21T20:21:13.701Z,2026-08-21T21:04:00.531Z,2567,2026-08-21T21:04:00.531Z,STVN,Stevenson,8488c727-7e26-424c-b4ea-f3ce6564dbed,SAMMS-Stevenson
202608212101411499,202608212020691146,202608212020690709,88,5094,P1 Reference Services Bronze - TE,br_samms_services,TASK_COMPLETE,SUCCESS,INFO,227,227,0,,2026-08-21T20:21:13.701Z,2026-08-21T21:04:00.531Z,2567,2026-08-21T21:04:00.531Z,TE,Tempe,8488c727-7e26-424c-b4ea-f3ce6564dbed,SAMMS-Tempe
202608212101411501,202608212020691147,202608212020690709,88,5095,P1 Reference Services Bronze - TEX,br_samms_services,TASK_COMPLETE,SUCCESS,INFO,237,237,0,,2026-08-21T20:21:13.701Z,2026-08-21T21:04:00.531Z,2567,2026-08-21T21:04:00.531Z,TEX,Texarkana,8488c727-7e26-424c-b4ea-f3ce6564dbed,SAMMS-Texarkana
202608212101411503,202608212020691148,202608212020690709,88,5096,P1 Reference Services Bronze - TTCA,br_samms_services,TASK_COMPLETE,SUCCESS,INFO,239,239,0,,2026-08-21T20:21:13.701Z,2026-08-21T21:04:00.531Z,2567,2026-08-21T21:04:00.531Z,TTCA,Bessemer,8488c727-7e26-424c-b4ea-f3ce6564dbed,SAMMS-BessemerV5
202608212101411505,202608212020691149,202608212020690709,88,5097,P1 Reference Services Bronze - TTCB,br_samms_services,TASK_COMPLETE,SUCCESS,INFO,239,239,0,,2026-08-21T20:21:13.701Z,2026-08-21T21:04:00.531Z,2567,2026-08-21T21:04:00.531Z,TTCB,Cullman,8488c727-7e26-424c-b4ea-f3ce6564dbed,SAMMS-CullmanV5
202608212101411507,202608212020691150,202608212020690709,88,5098,P1 Reference Services Bronze - TTCC,br_samms_services,TASK_COMPLETE,SUCCESS,INFO,239,239,0,,2026-08-21T20:21:13.701Z,2026-08-21T21:04:00.531Z,2567,2026-08-21T21:04:00.531Z,TTCC,GrandBay,8488c727-7e26-424c-b4ea-f3ce6564dbed,SAMMS-GrandBay
202608212101411509,202608212020691151,202608212020690709,88,5099,P1 Reference Services Bronze - TU,br_samms_services,TASK_COMPLETE,SUCCESS,INFO,227,227,0,,2026-08-21T20:21:13.701Z,2026-08-21T21:04:00.531Z,2567,2026-08-21T21:04:00.531Z,TU,Tucson,8488c727-7e26-424c-b4ea-f3ce6564dbed,SAMMS-Tucson
202608212101411510,202608212020691152,202608212020690709,88,5100,P1 Reference Services Bronze - V1,br_samms_services,TASK_COMPLETE,SUCCESS,INFO,245,245,0,,2026-08-21T20:21:13.701Z,2026-08-21T21:04:00.531Z,2567,2026-08-21T21:04:00.531Z,V1,VCPHCS-I-Memphis,8488c727-7e26-424c-b4ea-f3ce6564dbed,SAMMS-VCPHCS-I-MemphisV5
202608212101411512,202608212020691153,202608212020690709,88,5101,P1 Reference Services Bronze - V10,br_samms_services,TASK_COMPLETE,SUCCESS,INFO,247,247,0,,2026-08-21T20:21:13.701Z,2026-08-21T21:04:00.531Z,2567,2026-08-21T21:04:00.531Z,V10,Boulder,8488c727-7e26-424c-b4ea-f3ce6564dbed,SAMMS-BoulderV5
202608212101411514,202608212020691154,202608212020690709,88,5102,P1 Reference Services Bronze - V10A,br_samms_services,TASK_COMPLETE,SUCCESS,INFO,247,247,0,,2026-08-21T20:21:13.701Z,2026-08-21T21:04:00.531Z,2567,2026-08-21T21:04:00.531Z,V10A,FortCollins,8488c727-7e26-424c-b4ea-f3ce6564dbed,SAMMS-FortCollinsV5
202608212101411516,202608212020691155,202608212020690709,88,5103,P1 Reference Services Bronze - V11,br_samms_services,TASK_COMPLETE,SUCCESS,INFO,247,247,0,,2026-08-21T20:21:13.701Z,2026-08-21T21:04:00.531Z,2567,2026-08-21T21:04:00.531Z,V11,VCPHCS-XI-NorthDenver,8488c727-7e26-424c-b4ea-f3ce6564dbed,SAMMS-VCPHCS-XI-NorthDenverV5
202608212101411518,202608212020691156,202608212020690709,88,5104,P1 Reference Services Bronze - V12,br_samms_services,TASK_COMPLETE,SUCCESS,INFO,247,247,0,,2026-08-21T20:21:13.701Z,2026-08-21T21:04:00.531Z,2567,2026-08-21T21:04:00.531Z,V12,VCPHCS-XII-DowntownDenver,8488c727-7e26-424c-b4ea-f3ce6564dbed,SAMMS-VCPHCS-XII-DowntownDenverV5
202608212101411520,202608212020691157,202608212020690709,88,5105,P1 Reference Services Bronze - V12A,br_samms_services,TASK_COMPLETE,SUCCESS,INFO,247,247,0,,2026-08-21T20:21:13.701Z,2026-08-21T21:04:00.531Z,2567,2026-08-21T21:04:00.531Z,V12A,Centennial,8488c727-7e26-424c-b4ea-f3ce6564dbed,SAMMS-CentennialV5
202608212101411523,202608212020691158,202608212020690709,88,5106,P1 Reference Services Bronze - V14,br_samms_services,TASK_COMPLETE,SUCCESS,INFO,246,246,0,,2026-08-21T20:21:13.701Z,2026-08-21T21:04:00.531Z,2567,2026-08-21T21:04:00.531Z,V14,VCPHCS-XIV-Bridgeway,8488c727-7e26-424c-b4ea-f3ce6564dbed,SAMMS-VCPHCS-XIV-BridgewayV5
202608212101411524,202608212020691159,202608212020690709,88,5107,P1 Reference Services Bronze - V15,br_samms_services,TASK_COMPLETE,SUCCESS,INFO,251,251,0,,2026-08-21T20:21:13.701Z,2026-08-21T21:04:00.531Z,2567,2026-08-21T21:04:00.531Z,V15,Joplin,8488c727-7e26-424c-b4ea-f3ce6564dbed,SAMMS-JoplinV5
202608212101411526,202608212020691160,202608212020690709,88,5108,P1 Reference Services Bronze - V17,br_samms_services,TASK_COMPLETE,SUCCESS,INFO,245,245,0,,2026-08-21T20:21:13.701Z,2026-08-21T21:04:00.531Z,2567,2026-08-21T21:04:00.531Z,V17,ColumbiaTN,8488c727-7e26-424c-b4ea-f3ce6564dbed,SAMMS-ColumbiaTNv5
202608212101411529,202608212020691161,202608212020690709,88,5109,P1 Reference Services Bronze - V19,br_samms_services,TASK_COMPLETE,SUCCESS,INFO,245,245,0,,2026-08-21T20:21:13.701Z,2026-08-21T21:04:00.531Z,2567,2026-08-21T21:04:00.531Z,V19,Jackson,8488c727-7e26-424c-b4ea-f3ce6564dbed,SAMMS-JacksonV5
202608212101411531,202608212020691162,202608212020690709,88,5110,P1 Reference Services Bronze - V20,br_samms_services,TASK_COMPLETE,SUCCESS,INFO,245,245,0,,2026-08-21T20:21:13.701Z,2026-08-21T21:04:00.531Z,2567,2026-08-21T21:04:00.531Z,V20,Paris,8488c727-7e26-424c-b4ea-f3ce6564dbed,SAMMS-ParisV5
202608212101411532,202608212020691163,202608212020690709,88,5111,P1 Reference Services Bronze - V21,br_samms_services,TASK_COMPLETE,SUCCESS,INFO,245,245,0,,2026-08-21T20:21:13.701Z,2026-08-21T21:04:00.531Z,2567,2026-08-21T21:04:00.531Z,V21,Raleigh,8488c727-7e26-424c-b4ea-f3ce6564dbed,SAMMS-RaleighV5
202608212101411534,202608212020691164,202608212020690709,88,5112,P1 Reference Services Bronze - V5,br_samms_services,TASK_COMPLETE,SUCCESS,INFO,239,239,0,,2026-08-21T20:21:13.701Z,2026-08-21T21:04:00.531Z,2567,2026-08-21T21:04:00.531Z,V5,NONTC,8488c727-7e26-424c-b4ea-f3ce6564dbed,SAMMS-NONTCv5
202608212101411536,202608212020691165,202608212020690709,88,5113,P1 Reference Services Bronze - V5B,br_samms_services,TASK_COMPLETE,SUCCESS,INFO,239,239,0,,2026-08-21T20:21:13.701Z,2026-08-21T21:04:00.531Z,2567,2026-08-21T21:04:00.531Z,V5B,Houma,8488c727-7e26-424c-b4ea-f3ce6564dbed,SAMMS-HoumaV6
202608212101411539,202608212020691166,202608212020690709,88,5114,P1 Reference Services Bronze - V6,br_samms_services,TASK_COMPLETE,SUCCESS,INFO,239,239,0,,2026-08-21T20:21:13.701Z,2026-08-21T21:04:00.531Z,2567,2026-08-21T21:04:00.531Z,V6,LC,8488c727-7e26-424c-b4ea-f3ce6564dbed,SAMMS-LCv5
202608212101411541,202608212020691167,202608212020690709,88,5115,P1 Reference Services Bronze - V8,br_samms_services,TASK_COMPLETE,SUCCESS,INFO,245,245,0,,2026-08-21T20:21:13.701Z,2026-08-21T21:04:00.531Z,2567,2026-08-21T21:04:00.531Z,V8,VCPHCS-VIII-Memphis,8488c727-7e26-424c-b4ea-f3ce6564dbed,SAMMS-VCPHCS-VIII-MemphisV5
202608212101411543,202608212020691168,202608212020690709,88,5116,P1 Reference Services Bronze - V9,br_samms_services,TASK_COMPLETE,SUCCESS,INFO,246,246,0,,2026-08-21T20:21:13.701Z,2026-08-21T21:04:00.531Z,2567,2026-08-21T21:04:00.531Z,V9,Nashville,8488c727-7e26-424c-b4ea-f3ce6564dbed,SAMMS-NashvilleV5
202608212101411545,202608212020691169,202608212020690709,88,5117,P1 Reference Services Bronze - VBRA,br_samms_services,TASK_COMPLETE,SUCCESS,INFO,241,241,0,,2026-08-21T20:21:13.701Z,2026-08-21T21:04:00.531Z,2567,2026-08-21T21:04:00.531Z,VBRA,Brainerd,8488c727-7e26-424c-b4ea-f3ce6564dbed,SAMMS-BrainerdV6
202608212101411547,202608212020691170,202608212020690709,88,5118,P1 Reference Services Bronze - VBRP,br_samms_services,TASK_COMPLETE,SUCCESS,INFO,241,241,0,,2026-08-21T20:21:13.701Z,2026-08-21T21:04:00.531Z,2567,2026-08-21T21:04:00.531Z,VBRP,BrooklynPark,8488c727-7e26-424c-b4ea-f3ce6564dbed,SAMMS-BrooklynParkV6
202608212101411549,202608212020691171,202608212020690709,88,5119,P1 Reference Services Bronze - VMIN,br_samms_services,TASK_COMPLETE,SUCCESS,INFO,241,241,0,,2026-08-21T20:21:13.701Z,2026-08-21T21:04:00.531Z,2567,2026-08-21T21:04:00.531Z,VMIN,Minneapolis,8488c727-7e26-424c-b4ea-f3ce6564dbed,SAMMS-MinneapolisV6
202608212101411551,202608212020691172,202608212020690709,88,5120,P1 Reference Services Bronze - VWBY,br_samms_services,TASK_COMPLETE,SUCCESS,INFO,241,241,0,,2026-08-21T20:21:13.701Z,2026-08-21T21:04:00.531Z,2567,2026-08-21T21:04:00.531Z,VWBY,Woodbury,8488c727-7e26-424c-b4ea-f3ce6564dbed,SAMMS-WoodburyV6
202608212101411553,202608212020691173,202608212020690709,88,5121,P1 Reference Services Bronze - WIL,br_samms_services,TASK_COMPLETE,SUCCESS,INFO,238,238,0,,2026-08-21T20:21:13.701Z,2026-08-21T21:04:00.531Z,2567,2026-08-21T21:04:00.531Z,WIL,Wilson,8488c727-7e26-424c-b4ea-f3ce6564dbed,SAMMS-Wilson
202608212101411654,202608212020790713,202608212020790709,89,5122,P1 Reference Services Silver,tbl_SERVICES,TASK_COMPLETE,SUCCESS,INFO,27860,27858,0,,2026-08-21T20:21:13.701Z,2026-08-21T21:04:00.531Z,2567,2026-08-21T21:04:00.531Z,,,8488c727-7e26-424c-b4ea-f3ce6564dbed,
202608191602178800,202608191519595711,202608191519595710,97,5744,P1 Forms Comprehensive Assessment Form Bronze - AHK,br_samms_comprehensive_assessment_form,TASK_COMPLETE,SUCCESS,INFO,62,62,0,,2026-08-19T15:20:02.186Z,2026-08-19T16:02:20.903Z,2538,2026-08-19T16:02:20.903Z,AHK,Ahoskie,0e774440-67e4-4817-8f97-24afdbb9d82f,SAMMS-Ahoskie
202608191602178801,202608191519595712,202608191519595710,97,5745,P1 Forms Comprehensive Assessment Form Bronze - B12B,br_samms_comprehensive_assessment_form,TASK_COMPLETE,SUCCESS,INFO,713,713,0,,2026-08-19T15:20:02.186Z,2026-08-19T16:02:20.903Z,2538,2026-08-19T16:02:20.903Z,B12B,ColoradoSprings,0e774440-67e4-4817-8f97-24afdbb9d82f,SAMMS-ColoradoSpringsV5
202608191602178802,202608191519595713,202608191519595710,97,5746,P1 Forms Comprehensive Assessment Form Bronze - B24,br_samms_comprehensive_assessment_form,TASK_COMPLETE,SUCCESS,INFO,660,660,0,,2026-08-19T15:20:02.186Z,2026-08-19T16:02:20.903Z,2538,2026-08-19T16:02:20.903Z,B24,Paintsville,0e774440-67e4-4817-8f97-24afdbb9d82f,SAMMS-PaintsvilleV5
202608191602178803,202608191519595714,202608191519595710,97,5747,P1 Forms Comprehensive Assessment Form Bronze - B25,br_samms_comprehensive_assessment_form,TASK_COMPLETE,SUCCESS,INFO,297,297,0,,2026-08-19T15:20:02.186Z,2026-08-19T16:02:20.903Z,2538,2026-08-19T16:02:20.903Z,B25,Pikeville,0e774440-67e4-4817-8f97-24afdbb9d82f,SAMMS-PikevilleV5
202608191602178805,202608191519595715,202608191519595710,97,5748,P1 Forms Comprehensive Assessment Form Bronze - B26,br_samms_comprehensive_assessment_form,TASK_COMPLETE,SUCCESS,INFO,902,902,0,,2026-08-19T15:20:02.186Z,2026-08-19T16:02:20.903Z,2538,2026-08-19T16:02:20.903Z,B26,Hazard,0e774440-67e4-4817-8f97-24afdbb9d82f,SAMMS-HazardV5
202608191602178806,202608191519595716,202608191519595710,97,5749,P1 Forms Comprehensive Assessment Form Bronze - B27,br_samms_comprehensive_assessment_form,TASK_COMPLETE,SUCCESS,INFO,163,163,0,,2026-08-19T15:20:02.186Z,2026-08-19T16:02:20.903Z,2538,2026-08-19T16:02:20.903Z,B27,Savannah,0e774440-67e4-4817-8f97-24afdbb9d82f,SAMMS-SavannahV6
202608191602178807,202608191519595717,202608191519595710,97,5750,P1 Forms Comprehensive Assessment Form Bronze - B28,br_samms_comprehensive_assessment_form,TASK_COMPLETE,SUCCESS,INFO,229,229,0,,2026-08-19T15:20:02.186Z,2026-08-19T16:02:20.903Z,2538,2026-08-19T16:02:20.903Z,B28,WestPlaines,0e774440-67e4-4817-8f97-24afdbb9d82f,SAMMS-WestPlainesV5
202608191602178808,202608191519595718,202608191519595710,97,5751,P1 Forms Comprehensive Assessment Form Bronze - B29,br_samms_comprehensive_assessment_form,TASK_COMPLETE,SUCCESS,INFO,259,259,0,,2026-08-19T15:20:02.186Z,2026-08-19T16:02:20.903Z,2538,2026-08-19T16:02:20.903Z,B29,PoplarBluff,0e774440-67e4-4817-8f97-24afdbb9d82f,SAMMS-PoplarBluffV5
202608191602178809,202608191519595719,202608191519595710,97,5752,P1 Forms Comprehensive Assessment Form Bronze - B30,br_samms_comprehensive_assessment_form,TASK_COMPLETE,SUCCESS,INFO,115,115,0,,2026-08-19T15:20:02.186Z,2026-08-19T16:02:20.903Z,2538,2026-08-19T16:02:20.903Z,B30,KCN,0e774440-67e4-4817-8f97-24afdbb9d82f,SAMMS-KCNv5
202608191602178811,202608191519595720,202608191519595710,97,5753,P1 Forms Comprehensive Assessment Form Bronze - B31,br_samms_comprehensive_assessment_form,TASK_COMPLETE,SUCCESS,INFO,332,332,0,,2026-08-19T15:20:02.186Z,2026-08-19T16:02:20.903Z,2538,2026-08-19T16:02:20.903Z,B31,Dyersburg,0e774440-67e4-4817-8f97-24afdbb9d82f,SAMMS-DyersburgV5
202608191602178812,202608191519595721,202608191519595710,97,5754,P1 Forms Comprehensive Assessment Form Bronze - B33,br_samms_comprehensive_assessment_form,TASK_COMPLETE,SUCCESS,INFO,352,352,0,,2026-08-19T15:20:02.186Z,2026-08-19T16:02:20.903Z,2538,2026-08-19T16:02:20.903Z,B33,Paducah,0e774440-67e4-4817-8f97-24afdbb9d82f,SAMMS-Paducah
202608191602178813,202608191519595722,202608191519595710,97,5755,P1 Forms Comprehensive Assessment Form Bronze - B34,br_samms_comprehensive_assessment_form,TASK_COMPLETE,SUCCESS,INFO,680,680,0,,2026-08-19T15:20:02.186Z,2026-08-19T16:02:20.903Z,2538,2026-08-19T16:02:20.903Z,B34,Corbin,0e774440-67e4-4817-8f97-24afdbb9d82f,SAMMS-CorbinV5
202608191602178814,202608191519595723,202608191519595710,97,5756,P1 Forms Comprehensive Assessment Form Bronze - B35,br_samms_comprehensive_assessment_form,TASK_COMPLETE,SUCCESS,INFO,1314,1314,0,,2026-08-19T15:20:02.186Z,2026-08-19T16:02:20.903Z,2538,2026-08-19T16:02:20.903Z,B35,Lexington,0e774440-67e4-4817-8f97-24afdbb9d82f,SAMMS-LexingtonV5
202608191602178815,202608191519595724,202608191519595710,97,5757,P1 Forms Comprehensive Assessment Form Bronze - B35A,br_samms_comprehensive_assessment_form,TASK_COMPLETE,SUCCESS,INFO,585,585,0,,2026-08-19T15:20:02.186Z,2026-08-19T16:02:20.903Z,2538,2026-08-19T16:02:20.903Z,B35A,Berea,0e774440-67e4-4817-8f97-24afdbb9d82f,SAMMS-BereaV5
202608191602178816,202608191519595725,202608191519595710,97,5758,P1 Forms Comprehensive Assessment Form Bronze - B36,br_samms_comprehensive_assessment_form,TASK_COMPLETE,SUCCESS,INFO,428,428,0,,2026-08-19T15:20:02.186Z,2026-08-19T16:02:20.903Z,2538,2026-08-19T16:02:20.903Z,B36,Asheville,0e774440-67e4-4817-8f97-24afdbb9d82f,SAMMS-AshevilleV5
202608191602178817,202608191519595726,202608191519595710,97,5759,P1 Forms Comprehensive Assessment Form Bronze - B37,br_samms_comprehensive_assessment_form,TASK_COMPLETE,SUCCESS,INFO,298,298,0,,2026-08-19T15:20:02.186Z,2026-08-19T16:02:20.903Z,2538,2026-08-19T16:02:20.903Z,B37,Clyde,0e774440-67e4-4817-8f97-24afdbb9d82f,SAMMS-ClydeV5
202608191602178818,202608191519595727,202608191519595710,97,5760,P1 Forms Comprehensive Assessment Form Bronze - B38,br_samms_comprehensive_assessment_form,TASK_COMPLETE,SUCCESS,INFO,612,612,0,,2026-08-19T15:20:02.186Z,2026-08-19T16:02:20.903Z,2538,2026-08-19T16:02:20.903Z,B38,Spartanburg,0e774440-67e4-4817-8f97-24afdbb9d82f,SAMMS-SpartanburgV5
202608191602178819,202608191519595728,202608191519595710,97,5761,P1 Forms Comprehensive Assessment Form Bronze - B39,br_samms_comprehensive_assessment_form,TASK_COMPLETE,SUCCESS,INFO,406,406,0,,2026-08-19T15:20:02.186Z,2026-08-19T16:02:20.903Z,2538,2026-08-19T16:02:20.903Z,B39,Aiken,0e774440-67e4-4817-8f97-24afdbb9d82f,SAMMS-AikenV5
202608191602178820,202608191519595729,202608191519595710,97,5762,P1 Forms Comprehensive Assessment Form Bronze - B41,br_samms_comprehensive_assessment_form,TASK_COMPLETE,SUCCESS,INFO,278,278,0,,2026-08-19T15:20:02.186Z,2026-08-19T16:02:20.903Z,2538,2026-08-19T16:02:20.903Z,B41,Chesapeake,0e774440-67e4-4817-8f97-24afdbb9d82f,SAMMS-ChesapeakeV5
202608191602178821,202608191519595730,202608191519595710,97,5763,P1 Forms Comprehensive Assessment Form Bronze - B42,br_samms_comprehensive_assessment_form,TASK_COMPLETE,SUCCESS,INFO,515,515,0,,2026-08-19T15:20:02.186Z,2026-08-19T16:02:20.903Z,2538,2026-08-19T16:02:20.903Z,B42,VirginiaBeach,0e774440-67e4-4817-8f97-24afdbb9d82f,SAMMS-VirginiaBeachV5
202608191602178823,202608191519595731,202608191519595710,97,5764,P1 Forms Comprehensive Assessment Form Bronze - B42A,br_samms_comprehensive_assessment_form,TASK_COMPLETE,SUCCESS,INFO,144,144,0,,2026-08-19T15:20:02.186Z,2026-08-19T16:02:20.903Z,2538,2026-08-19T16:02:20.903Z,B42A,NewportNews,0e774440-67e4-4817-8f97-24afdbb9d82f,SAMMS-NewportNewsV5
202608191602178824,202608191519595732,202608191519595710,97,5765,P1 Forms Comprehensive Assessment Form Bronze - B42B,br_samms_comprehensive_assessment_form,TASK_COMPLETE,SUCCESS,INFO,45,45,0,,2026-08-19T15:20:02.186Z,2026-08-19T16:02:20.903Z,2538,2026-08-19T16:02:20.903Z,B42B,Franklin,0e774440-67e4-4817-8f97-24afdbb9d82f,SAMMS-FranklinV5
202608191602178825,202608191519595733,202608191519595710,97,5766,P1 Forms Comprehensive Assessment Form Bronze - B42C,br_samms_comprehensive_assessment_form,TASK_COMPLETE,SUCCESS,INFO,332,332,0,,2026-08-19T15:20:02.186Z,2026-08-19T16:02:20.903Z,2538,2026-08-19T16:02:20.903Z,B42C,GlenAllen,0e774440-67e4-4817-8f97-24afdbb9d82f,SAMMS-GlenAllenV5
202608191602178826,202608191519595734,202608191519595710,97,5767,P1 Forms Comprehensive Assessment Form Bronze - B42D,br_samms_comprehensive_assessment_form,TASK_COMPLETE,SUCCESS,INFO,166,166,0,,2026-08-19T15:20:02.186Z,2026-08-19T16:02:20.903Z,2538,2026-08-19T16:02:20.903Z,B42D,ChesapeakeSouth,0e774440-67e4-4817-8f97-24afdbb9d82f,SAMMS-ChesapeakeSouthV5
202608191602178827,202608191519595735,202608191519595710,97,5768,P1 Forms Comprehensive Assessment Form Bronze - B44,br_samms_comprehensive_assessment_form,TASK_COMPLETE,SUCCESS,INFO,200,200,0,,2026-08-19T15:20:02.186Z,2026-08-19T16:02:20.903Z,2538,2026-08-19T16:02:20.903Z,B44,Albany,0e774440-67e4-4817-8f97-24afdbb9d82f,SAMMS-AlbanyV5
202608191602178828,202608191519595736,202608191519595710,97,5769,P1 Forms Comprehensive Assessment Form Bronze - B45,br_samms_comprehensive_assessment_form,TASK_COMPLETE,SUCCESS,INFO,301,301,0,,2026-08-19T15:20:02.186Z,2026-08-19T16:02:20.903Z,2538,2026-08-19T16:02:20.903Z,B45,Tifton,0e774440-67e4-4817-8f97-24afdbb9d82f,SAMMS-TiftonV5
202608191602178829,202608191519595737,202608191519595710,97,5770,P1 Forms Comprehensive Assessment Form Bronze - B46,br_samms_comprehensive_assessment_form,TASK_COMPLETE,SUCCESS,INFO,580,580,0,,2026-08-19T15:20:02.186Z,2026-08-19T16:02:20.903Z,2538,2026-08-19T16:02:20.903Z,B46,WashingtonDC,0e774440-67e4-4817-8f97-24afdbb9d82f,SAMMS-WashingtonDCv5
202608191602178830,202608191519595738,202608191519595710,97,5771,P1 Forms Comprehensive Assessment Form Bronze - B47,br_samms_comprehensive_assessment_form,TASK_COMPLETE,SUCCESS,INFO,316,316,0,,2026-08-19T15:20:02.186Z,2026-08-19T16:02:20.903Z,2538,2026-08-19T16:02:20.903Z,B47,Mobile,0e774440-67e4-4817-8f97-24afdbb9d82f,SAMMS-MobileV5
202608191602178831,202608191519595739,202608191519595710,97,5772,P1 Forms Comprehensive Assessment Form Bronze - B48,br_samms_comprehensive_assessment_form,TASK_COMPLETE,SUCCESS,INFO,407,407,0,,2026-08-19T15:20:02.186Z,2026-08-19T16:02:20.903Z,2538,2026-08-19T16:02:20.903Z,B48,Tuscaloosa,0e774440-67e4-4817-8f97-24afdbb9d82f,SAMMS-TuscaloosaV5
202608191602178833,202608191519595740,202608191519595710,97,5773,P1 Forms Comprehensive Assessment Form Bronze - B51,br_samms_comprehensive_assessment_form,TASK_COMPLETE,SUCCESS,INFO,310,310,0,,2026-08-19T15:20:02.186Z,2026-08-19T16:02:20.903Z,2538,2026-08-19T16:02:20.903Z,B51,NorthLittleRock,0e774440-67e4-4817-8f97-24afdbb9d82f,SAMMS-NorthLittleRockV6
202608191602178834,202608191519595741,202608191519595710,97,5774,P1 Forms Comprehensive Assessment Form Bronze - B52,br_samms_comprehensive_assessment_form,TASK_COMPLETE,SUCCESS,INFO,151,151,0,,2026-08-19T15:20:02.186Z,2026-08-19T16:02:20.903Z,2538,2026-08-19T16:02:20.903Z,B52,JacksonGA,0e774440-67e4-4817-8f97-24afdbb9d82f,SAMMS-JacksonGAV5
202608191602178835,202608191519595742,202608191519595710,97,5775,P1 Forms Comprehensive Assessment Form Bronze - B54,br_samms_comprehensive_assessment_form,TASK_COMPLETE,SUCCESS,INFO,433,433,0,,2026-08-19T15:20:02.186Z,2026-08-19T16:02:20.903Z,2538,2026-08-19T16:02:20.903Z,B54,Gadsden,0e774440-67e4-4817-8f97-24afdbb9d82f,SAMMS-GadsdenV5
202608191602178836,202608191519595743,202608191519595710,97,5776,P1 Forms Comprehensive Assessment Form Bronze - B55,br_samms_comprehensive_assessment_form,TASK_COMPLETE,SUCCESS,INFO,348,348,0,,2026-08-19T15:20:02.186Z,2026-08-19T16:02:20.903Z,2538,2026-08-19T16:02:20.903Z,B55,Shoals,0e774440-67e4-4817-8f97-24afdbb9d82f,SAMMS-ShoalsV5
202608191602178837,202608191519595744,202608191519595710,97,5777,P1 Forms Comprehensive Assessment Form Bronze - B57,br_samms_comprehensive_assessment_form,TASK_COMPLETE,SUCCESS,INFO,158,158,0,,2026-08-19T15:20:02.186Z,2026-08-19T16:02:20.903Z,2538,2026-08-19T16:02:20.903Z,B57,Pawtucket,0e774440-67e4-4817-8f97-24afdbb9d82f,SAMMS-Pawtucket
202608191602178838,202608191519595745,202608191519595710,97,5778,P1 Forms Comprehensive Assessment Form Bronze - B57A,br_samms_comprehensive_assessment_form,TASK_COMPLETE,SUCCESS,INFO,120,120,0,,2026-08-19T15:20:02.186Z,2026-08-19T16:02:20.903Z,2538,2026-08-19T16:02:20.903Z,B57A,Johnston,0e774440-67e4-4817-8f97-24afdbb9d82f,SAMMS-Johnston
202608191602178839,202608191519595746,202608191519595710,97,5779,P1 Forms Comprehensive Assessment Form Bronze - B57B,br_samms_comprehensive_assessment_form,TASK_COMPLETE,SUCCESS,INFO,81,81,0,,2026-08-19T15:20:02.186Z,2026-08-19T16:02:20.903Z,2538,2026-08-19T16:02:20.903Z,B57B,Middletown,0e774440-67e4-4817-8f97-24afdbb9d82f,SAMMS-Middletown
202608191602178840,202608191519595747,202608191519595710,97,5780,P1 Forms Comprehensive Assessment Form Bronze - B57C,br_samms_comprehensive_assessment_form,TASK_COMPLETE,SUCCESS,INFO,125,125,0,,2026-08-19T15:20:02.186Z,2026-08-19T16:02:20.903Z,2538,2026-08-19T16:02:20.903Z,B57C,Providence,0e774440-67e4-4817-8f97-24afdbb9d82f,SAMMS-Providence
202608191602178841,202608191519595748,202608191519595710,97,5781,P1 Forms Comprehensive Assessment Form Bronze - B57D,br_samms_comprehensive_assessment_form,TASK_COMPLETE,SUCCESS,INFO,271,271,0,,2026-08-19T15:20:02.186Z,2026-08-19T16:02:20.903Z,2538,2026-08-19T16:02:20.903Z,B57D,Westerly,0e774440-67e4-4817-8f97-24afdbb9d82f,SAMMS-Westerly
202608191602178843,202608191519595749,202608191519595710,97,5782,P1 Forms Comprehensive Assessment Form Bronze - B66A,br_samms_comprehensive_assessment_form,TASK_COMPLETE,SUCCESS,INFO,363,363,0,,2026-08-19T15:20:02.186Z,2026-08-19T16:02:20.903Z,2538,2026-08-19T16:02:20.903Z,B66A,Bremen,0e774440-67e4-4817-8f97-24afdbb9d82f,SAMMS-Bremen
202608191602178844,202608191519595750,202608191519595710,97,5783,P1 Forms Comprehensive Assessment Form Bronze - B72,br_samms_comprehensive_assessment_form,TASK_COMPLETE,SUCCESS,INFO,50,50,0,,2026-08-19T15:20:02.186Z,2026-08-19T16:02:20.903Z,2538,2026-08-19T16:02:20.903Z,B72,Mobile-OBOT,0e774440-67e4-4817-8f97-24afdbb9d82f,SAMMS-Mobile-OBOT
202608191602178845,202608191519595751,202608191519595710,97,5784,P1 Forms Comprehensive Assessment Form Bronze - B73,br_samms_comprehensive_assessment_form,TASK_COMPLETE,SUCCESS,INFO,2,2,0,,2026-08-19T15:20:02.186Z,2026-08-19T16:02:20.903Z,2538,2026-08-19T16:02:20.903Z,B73,Montgomery,0e774440-67e4-4817-8f97-24afdbb9d82f,SAMMS-Montgomery
202608191602178846,202608191519595752,202608191519595710,97,5785,P1 Forms Comprehensive Assessment Form Bronze - B75,br_samms_comprehensive_assessment_form,TASK_COMPLETE,SUCCESS,INFO,306,306,0,,2026-08-19T15:20:02.186Z,2026-08-19T16:02:20.903Z,2538,2026-08-19T16:02:20.903Z,B75,Lawrence,0e774440-67e4-4817-8f97-24afdbb9d82f,SAMMS-LawrenceV6
202608191602178847,202608191519595753,202608191519595710,97,5786,P1 Forms Comprehensive Assessment Form Bronze - B76,br_samms_comprehensive_assessment_form,TASK_COMPLETE,SUCCESS,INFO,32,32,0,,2026-08-19T15:20:02.186Z,2026-08-19T16:02:20.903Z,2538,2026-08-19T16:02:20.903Z,B76,Huntsville-OBOT,0e774440-67e4-4817-8f97-24afdbb9d82f,SAMMS-Huntsville-OBOT
202608191602178848,202608191519595754,202608191519595710,97,5787,P1 Forms Comprehensive Assessment Form Bronze - BAT,br_samms_comprehensive_assessment_form,TASK_COMPLETE,SUCCESS,INFO,298,298,0,,2026-08-19T15:20:02.186Z,2026-08-19T16:02:20.903Z,2538,2026-08-19T16:02:20.903Z,BAT,Batesville,0e774440-67e4-4817-8f97-24afdbb9d82f,SAMMS-Batesville
202608191602178849,202608191519595755,202608191519595710,97,5788,P1 Forms Comprehensive Assessment Form Bronze - BG,br_samms_comprehensive_assessment_form,TASK_COMPLETE,SUCCESS,INFO,430,430,0,,2026-08-19T15:20:02.186Z,2026-08-19T16:02:20.903Z,2538,2026-08-19T16:02:20.903Z,BG,BowlingGreen,0e774440-67e4-4817-8f97-24afdbb9d82f,SAMMS-BowlingGreen
202608191602178850,202608191519595756,202608191519595710,97,5789,P1 Forms Comprehensive Assessment Form Bronze - BOI,br_samms_comprehensive_assessment_form,TASK_COMPLETE,SUCCESS,INFO,156,156,0,,2026-08-19T15:20:02.186Z,2026-08-19T16:02:20.903Z,2538,2026-08-19T16:02:20.903Z,BOI,Boise,0e774440-67e4-4817-8f97-24afdbb9d82f,SAMMS-Boise
202608191602178851,202608191519595757,202608191519595710,97,5790,P1 Forms Comprehensive Assessment Form Bronze - CBCO,br_samms_comprehensive_assessment_form,TASK_COMPLETE,SUCCESS,INFO,290,290,0,,2026-08-19T15:20:02.186Z,2026-08-19T16:02:20.903Z,2538,2026-08-19T16:02:20.903Z,CBCO,CoeurdAlene,0e774440-67e4-4817-8f97-24afdbb9d82f,SAMMS-CoeurdAleneV6
202608191602178853,202608191519595758,202608191519595710,97,5791,P1 Forms Comprehensive Assessment Form Bronze - CON,br_samms_comprehensive_assessment_form,TASK_COMPLETE,SUCCESS,INFO,340,340,0,,2026-08-19T15:20:02.186Z,2026-08-19T16:02:20.903Z,2538,2026-08-19T16:02:20.903Z,CON,Conway,0e774440-67e4-4817-8f97-24afdbb9d82f,SAMMS-Conway
202608191602178854,202608191519595759,202608191519595710,97,5792,P1 Forms Comprehensive Assessment Form Bronze - D07,br_samms_comprehensive_assessment_form,TASK_COMPLETE,SUCCESS,INFO,1218,1218,0,,2026-08-19T15:20:02.186Z,2026-08-19T16:02:20.903Z,2538,2026-08-19T16:02:20.903Z,D07,Knoxville,0e774440-67e4-4817-8f97-24afdbb9d82f,SAMMS-KnoxvilleV6
202608191602178855,202608191519595760,202608191519595710,97,5793,P1 Forms Comprehensive Assessment Form Bronze - D08,br_samms_comprehensive_assessment_form,TASK_COMPLETE,SUCCESS,INFO,770,770,0,,2026-08-19T15:20:02.186Z,2026-08-19T16:02:20.903Z,2538,2026-08-19T16:02:20.903Z,D08,Madison,0e774440-67e4-4817-8f97-24afdbb9d82f,SAMMS-MadisonV6
202608191602178856,202608191519595761,202608191519595710,97,5794,P1 Forms Comprehensive Assessment Form Bronze - D09,br_samms_comprehensive_assessment_form,TASK_COMPLETE,SUCCESS,INFO,781,781,0,,2026-08-19T15:20:02.186Z,2026-08-19T16:02:20.903Z,2538,2026-08-19T16:02:20.903Z,D09,Murfreesboro,0e774440-67e4-4817-8f97-24afdbb9d82f,SAMMS-MurfreesboroV6
202608191602178857,202608191519595762,202608191519595710,97,5795,P1 Forms Comprehensive Assessment Form Bronze - DA,br_samms_comprehensive_assessment_form,TASK_COMPLETE,SUCCESS,INFO,211,211,0,,2026-08-19T15:20:02.186Z,2026-08-19T16:02:20.903Z,2538,2026-08-19T16:02:20.903Z,DA,Davenport,0e774440-67e4-4817-8f97-24afdbb9d82f,SAMMS-Davenport
202608191602178858,202608191519595763,202608191519595710,97,5796,P1 Forms Comprehensive Assessment Form Bronze - DM,br_samms_comprehensive_assessment_form,TASK_COMPLETE,SUCCESS,INFO,235,235,0,,2026-08-19T15:20:02.186Z,2026-08-19T16:02:20.903Z,2538,2026-08-19T16:02:20.903Z,DM,DesMoines,0e774440-67e4-4817-8f97-24afdbb9d82f,SAMMS-DesMoines
202608191602178859,202608191519595764,202608191519595710,97,5797,P1 Forms Comprehensive Assessment Form Bronze - DRD-CO,br_samms_comprehensive_assessment_form,TASK_COMPLETE,SUCCESS,INFO,473,473,0,,2026-08-19T15:20:02.186Z,2026-08-19T16:02:20.903Z,2538,2026-08-19T16:02:20.903Z,DRD-CO,Columbia,0e774440-67e4-4817-8f97-24afdbb9d82f,SAMMS-ColumbiaV5
202608191602178860,202608191519595765,202608191519595710,97,5798,P1 Forms Comprehensive Assessment Form Bronze - DRD-KC,br_samms_comprehensive_assessment_form,TASK_COMPLETE,SUCCESS,INFO,590,590,0,,2026-08-19T15:20:02.186Z,2026-08-19T16:02:20.903Z,2538,2026-08-19T16:02:20.903Z,DRD-KC,KC,0e774440-67e4-4817-8f97-24afdbb9d82f,SAMMS-KCv5
202608191602178861,202608191519595766,202608191519595710,97,5799,P1 Forms Comprehensive Assessment Form Bronze - DRD-KVB,br_samms_comprehensive_assessment_form,TASK_COMPLETE,SUCCESS,INFO,808,808,0,,2026-08-19T15:20:02.186Z,2026-08-19T16:02:20.903Z,2538,2026-08-19T16:02:20.903Z,DRD-KVB,KVB,0e774440-67e4-4817-8f97-24afdbb9d82f,SAMMS-KVBv5
202608191602178862,202608191519595767,202608191519595710,97,5800,P1 Forms Comprehensive Assessment Form Bronze - DRD-KVC,br_samms_comprehensive_assessment_form,TASK_COMPLETE,SUCCESS,INFO,1310,1310,0,,2026-08-19T15:20:02.186Z,2026-08-19T16:02:20.903Z,2538,2026-08-19T16:02:20.903Z,DRD-KVC,KVC,0e774440-67e4-4817-8f97-24afdbb9d82f,SAMMS-KVCv5
202608191602178864,202608191519595768,202608191519595710,97,5801,P1 Forms Comprehensive Assessment Form Bronze - DRD-NOLA,br_samms_comprehensive_assessment_form,TASK_COMPLETE,SUCCESS,INFO,1137,1137,0,,2026-08-19T15:20:02.186Z,2026-08-19T16:02:20.903Z,2538,2026-08-19T16:02:20.903Z,DRD-NOLA,NOLA,0e774440-67e4-4817-8f97-24afdbb9d82f,SAMMS-NOLAv5
202608191602178865,202608191519595769,202608191519595710,97,5802,P1 Forms Comprehensive Assessment Form Bronze - DRD-SF,br_samms_comprehensive_assessment_form,TASK_COMPLETE,SUCCESS,INFO,707,707,0,,2026-08-19T15:20:02.186Z,2026-08-19T16:02:20.903Z,2538,2026-08-19T16:02:20.903Z,DRD-SF,SF,0e774440-67e4-4817-8f97-24afdbb9d82f,SAMMS-SFv5
202608191602178866,202608191519595770,202608191519595710,97,5803,P1 Forms Comprehensive Assessment Form Bronze - ELC,br_samms_comprehensive_assessment_form,TASK_COMPLETE,SUCCESS,INFO,260,260,0,,2026-08-19T15:20:02.186Z,2026-08-19T16:02:20.903Z,2538,2026-08-19T16:02:20.903Z,ELC,ElizabethCity,0e774440-67e4-4817-8f97-24afdbb9d82f,SAMMS-ElizabethCity
202608191602178867,202608191519595771,202608191519595710,97,5804,P1 Forms Comprehensive Assessment Form Bronze - ET,br_samms_comprehensive_assessment_form,TASK_COMPLETE,SUCCESS,INFO,396,396,0,,2026-08-19T15:20:02.186Z,2026-08-19T16:02:20.903Z,2538,2026-08-19T16:02:20.903Z,ET,Elizabethtown,0e774440-67e4-4817-8f97-24afdbb9d82f,SAMMS-Elizabethtown
202608191602178868,202608191519595772,202608191519595710,97,5805,P1 Forms Comprehensive Assessment Form Bronze - FAY,br_samms_comprehensive_assessment_form,TASK_COMPLETE,SUCCESS,INFO,224,224,0,,2026-08-19T15:20:02.186Z,2026-08-19T16:02:20.903Z,2538,2026-08-19T16:02:20.903Z,FAY,Fayetteville,0e774440-67e4-4817-8f97-24afdbb9d82f,SAMMS-Fayetteville
202608191602178869,202608191519595773,202608191519595710,97,5806,P1 Forms Comprehensive Assessment Form Bronze - FR,br_samms_comprehensive_assessment_form,TASK_COMPLETE,SUCCESS,INFO,298,298,0,,2026-08-19T15:20:02.186Z,2026-08-19T16:02:20.903Z,2538,2026-08-19T16:02:20.903Z,FR,Frankfort,0e774440-67e4-4817-8f97-24afdbb9d82f,SAMMS-Frankfort
202608191602178870,202608191519595774,202608191519595710,97,5807,P1 Forms Comprehensive Assessment Form Bronze - FS,br_samms_comprehensive_assessment_form,TASK_COMPLETE,SUCCESS,INFO,289,289,0,,2026-08-19T15:20:02.186Z,2026-08-19T16:02:20.903Z,2538,2026-08-19T16:02:20.903Z,FS,FortSmith,0e774440-67e4-4817-8f97-24afdbb9d82f,SAMMS-FortSmith
202608191602179219,202608191519596095,202608191519595710,97,6134,P1 Forms SF Data Forms Bronze - B72,br_samms_sf_data_forms,TASK_COMPLETE,SUCCESS,INFO,259,259,0,,2026-08-19T15:20:02.186Z,2026-08-19T16:02:20.903Z,2538,2026-08-19T16:02:20.903Z,B72,Mobile-OBOT,0e774440-67e4-4817-8f97-24afdbb9d82f,SAMMS-Mobile-OBOT
202608191602179220,202608191519596096,202608191519595710,97,6135,P1 Forms SF Data Forms Bronze - B73,br_samms_sf_data_forms,TASK_COMPLETE,SUCCESS,INFO,159,159,0,,2026-08-19T15:20:02.186Z,2026-08-19T16:02:20.903Z,2538,2026-08-19T16:02:20.903Z,B73,Montgomery,0e774440-67e4-4817-8f97-24afdbb9d82f,SAMMS-Montgomery
202608191602179221,202608191519596097,202608191519595710,97,6136,P1 Forms SF Data Forms Bronze - B75,br_samms_sf_data_forms,TASK_COMPLETE,SUCCESS,INFO,2987,2987,0,,2026-08-19T15:20:02.186Z,2026-08-19T16:02:20.903Z,2538,2026-08-19T16:02:20.903Z,B75,Lawrence,0e774440-67e4-4817-8f97-24afdbb9d82f,SAMMS-LawrenceV6
202608191602179222,202608191519596098,202608191519595710,97,6137,P1 Forms SF Data Forms Bronze - B76,br_samms_sf_data_forms,TASK_COMPLETE,SUCCESS,INFO,445,445,0,,2026-08-19T15:20:02.186Z,2026-08-19T16:02:20.903Z,2538,2026-08-19T16:02:20.903Z,B76,Huntsville-OBOT,0e774440-67e4-4817-8f97-24afdbb9d82f,SAMMS-Huntsville-OBOT
202608191602179224,202608191519596099,202608191519595710,97,6138,P1 Forms SF Data Forms Bronze - BAT,br_samms_sf_data_forms,TASK_COMPLETE,SUCCESS,INFO,170,170,0,,2026-08-19T15:20:02.186Z,2026-08-19T16:02:20.903Z,2538,2026-08-19T16:02:20.903Z,BAT,Batesville,0e774440-67e4-4817-8f97-24afdbb9d82f,SAMMS-Batesville
202608191602179225,202608191519596100,202608191519595710,97,6139,P1 Forms SF Data Forms Bronze - BG,br_samms_sf_data_forms,TASK_COMPLETE,SUCCESS,INFO,6066,6066,0,,2026-08-19T15:20:02.186Z,2026-08-19T16:02:20.903Z,2538,2026-08-19T16:02:20.903Z,BG,BowlingGreen,0e774440-67e4-4817-8f97-24afdbb9d82f,SAMMS-BowlingGreen
202608191602179226,202608191519596101,202608191519595710,97,6140,P1 Forms SF Data Forms Bronze - BOI,br_samms_sf_data_forms,TASK_COMPLETE,SUCCESS,INFO,2424,2424,0,,2026-08-19T15:20:02.186Z,2026-08-19T16:02:20.903Z,2538,2026-08-19T16:02:20.903Z,BOI,Boise,0e774440-67e4-4817-8f97-24afdbb9d82f,SAMMS-Boise
202608191602179227,202608191519596102,202608191519595710,97,6141,P1 Forms SF Data Forms Bronze - CBCO,br_samms_sf_data_forms,TASK_COMPLETE,SUCCESS,INFO,2223,2223,0,,2026-08-19T15:20:02.186Z,2026-08-19T16:02:20.903Z,2538,2026-08-19T16:02:20.903Z,CBCO,CoeurdAlene,0e774440-67e4-4817-8f97-24afdbb9d82f,SAMMS-CoeurdAleneV6
202608191602179228,202608191519596103,202608191519595710,97,6142,P1 Forms SF Data Forms Bronze - CON,br_samms_sf_data_forms,TASK_COMPLETE,SUCCESS,INFO,152,152,0,,2026-08-19T15:20:02.186Z,2026-08-19T16:02:20.903Z,2538,2026-08-19T16:02:20.903Z,CON,Conway,0e774440-67e4-4817-8f97-24afdbb9d82f,SAMMS-Conway
202608191602179229,202608191519596104,202608191519595710,97,6143,P1 Forms SF Data Forms Bronze - D07,br_samms_sf_data_forms,TASK_COMPLETE,SUCCESS,INFO,5637,5637,0,,2026-08-19T15:20:02.186Z,2026-08-19T16:02:20.903Z,2538,2026-08-19T16:02:20.903Z,D07,Knoxville,0e774440-67e4-4817-8f97-24afdbb9d82f,SAMMS-KnoxvilleV6
202608191602179230,202608191519596105,202608191519595710,97,6144,P1 Forms SF Data Forms Bronze - D08,br_samms_sf_data_forms,TASK_COMPLETE,SUCCESS,INFO,2210,2210,0,,2026-08-19T15:20:02.186Z,2026-08-19T16:02:20.903Z,2538,2026-08-19T16:02:20.903Z,D08,Madison,0e774440-67e4-4817-8f97-24afdbb9d82f,SAMMS-MadisonV6
202608191602179231,202608191519596106,202608191519595710,97,6145,P1 Forms SF Data Forms Bronze - D09,br_samms_sf_data_forms,TASK_COMPLETE,SUCCESS,INFO,6039,6039,0,,2026-08-19T15:20:02.186Z,2026-08-19T16:02:20.903Z,2538,2026-08-19T16:02:20.903Z,D09,Murfreesboro,0e774440-67e4-4817-8f97-24afdbb9d82f,SAMMS-MurfreesboroV6
202608191602179232,202608191519596107,202608191519595710,97,6146,P1 Forms SF Data Forms Bronze - DA,br_samms_sf_data_forms,TASK_COMPLETE,SUCCESS,INFO,4495,4495,0,,2026-08-19T15:20:02.186Z,2026-08-19T16:02:20.903Z,2538,2026-08-19T16:02:20.903Z,DA,Davenport,0e774440-67e4-4817-8f97-24afdbb9d82f,SAMMS-Davenport
202608191602179233,202608191519596108,202608191519595710,97,6147,P1 Forms SF Data Forms Bronze - DM,br_samms_sf_data_forms,TASK_COMPLETE,SUCCESS,INFO,2638,2638,0,,2026-08-19T15:20:02.186Z,2026-08-19T16:02:20.903Z,2538,2026-08-19T16:02:20.903Z,DM,DesMoines,0e774440-67e4-4817-8f97-24afdbb9d82f,SAMMS-DesMoines
202608191602179235,202608191519596109,202608191519595710,97,6148,P1 Forms SF Data Forms Bronze - DRD-CO,br_samms_sf_data_forms,TASK_COMPLETE,SUCCESS,INFO,4040,4040,0,,2026-08-19T15:20:02.186Z,2026-08-19T16:02:20.903Z,2538,2026-08-19T16:02:20.903Z,DRD-CO,Columbia,0e774440-67e4-4817-8f97-24afdbb9d82f,SAMMS-ColumbiaV5
202608191602179236,202608191519596110,202608191519595710,97,6149,P1 Forms SF Data Forms Bronze - DRD-KC,br_samms_sf_data_forms,TASK_COMPLETE,SUCCESS,INFO,5409,5409,0,,2026-08-19T15:20:02.186Z,2026-08-19T16:02:20.903Z,2538,2026-08-19T16:02:20.903Z,DRD-KC,KC,0e774440-67e4-4817-8f97-24afdbb9d82f,SAMMS-KCv5
202608191602179237,202608191519596111,202608191519595710,97,6150,P1 Forms SF Data Forms Bronze - DRD-KVB,br_samms_sf_data_forms,TASK_COMPLETE,SUCCESS,INFO,8952,8952,0,,2026-08-19T15:20:02.186Z,2026-08-19T16:02:20.903Z,2538,2026-08-19T16:02:20.903Z,DRD-KVB,KVB,0e774440-67e4-4817-8f97-24afdbb9d82f,SAMMS-KVBv5
202608191602179238,202608191519596112,202608191519595710,97,6151,P1 Forms SF Data Forms Bronze - DRD-KVC,br_samms_sf_data_forms,TASK_COMPLETE,SUCCESS,INFO,11131,11131,0,,2026-08-19T15:20:02.186Z,2026-08-19T16:02:20.903Z,2538,2026-08-19T16:02:20.903Z,DRD-KVC,KVC,0e774440-67e4-4817-8f97-24afdbb9d82f,SAMMS-KVCv5
202608191602179239,202608191519596113,202608191519595710,97,6152,P1 Forms SF Data Forms Bronze - DRD-NOLA,br_samms_sf_data_forms,TASK_COMPLETE,SUCCESS,INFO,12836,12836,0,,2026-08-19T15:20:02.186Z,2026-08-19T16:02:20.903Z,2538,2026-08-19T16:02:20.903Z,DRD-NOLA,NOLA,0e774440-67e4-4817-8f97-24afdbb9d82f,SAMMS-NOLAv5
202608191602179240,202608191519596114,202608191519595710,97,6153,P1 Forms SF Data Forms Bronze - DRD-SF,br_samms_sf_data_forms,TASK_COMPLETE,SUCCESS,INFO,8775,8775,0,,2026-08-19T15:20:02.186Z,2026-08-19T16:02:20.903Z,2538,2026-08-19T16:02:20.903Z,DRD-SF,SF,0e774440-67e4-4817-8f97-24afdbb9d82f,SAMMS-SFv5
202608191602179241,202608191519596115,202608191519595710,97,6154,P1 Forms SF Data Forms Bronze - ELC,br_samms_sf_data_forms,TASK_COMPLETE,SUCCESS,INFO,3310,3310,0,,2026-08-19T15:20:02.186Z,2026-08-19T16:02:20.903Z,2538,2026-08-19T16:02:20.903Z,ELC,ElizabethCity,0e774440-67e4-4817-8f97-24afdbb9d82f,SAMMS-ElizabethCity
202608191602179242,202608191519596116,202608191519595710,97,6155,P1 Forms SF Data Forms Bronze - ET,br_samms_sf_data_forms,TASK_COMPLETE,SUCCESS,INFO,4766,4766,0,,2026-08-19T15:20:02.186Z,2026-08-19T16:02:20.903Z,2538,2026-08-19T16:02:20.903Z,ET,Elizabethtown,0e774440-67e4-4817-8f97-24afdbb9d82f,SAMMS-Elizabethtown
202608191602179243,202608191519596117,202608191519595710,97,6156,P1 Forms SF Data Forms Bronze - FAY,br_samms_sf_data_forms,TASK_COMPLETE,SUCCESS,INFO,128,128,0,,2026-08-19T15:20:02.186Z,2026-08-19T16:02:20.903Z,2538,2026-08-19T16:02:20.903Z,FAY,Fayetteville,0e774440-67e4-4817-8f97-24afdbb9d82f,SAMMS-Fayetteville
202608191602179244,202608191519596118,202608191519595710,97,6157,P1 Forms SF Data Forms Bronze - FR,br_samms_sf_data_forms,TASK_COMPLETE,SUCCESS,INFO,4387,4387,0,,2026-08-19T15:20:02.186Z,2026-08-19T16:02:20.903Z,2538,2026-08-19T16:02:20.903Z,FR,Frankfort,0e774440-67e4-4817-8f97-24afdbb9d82f,SAMMS-Frankfort
202608191602179245,202608191519596119,202608191519595710,97,6158,P1 Forms SF Data Forms Bronze - FS,br_samms_sf_data_forms,TASK_COMPLETE,SUCCESS,INFO,513,513,0,,2026-08-19T15:20:02.186Z,2026-08-19T16:02:20.903Z,2538,2026-08-19T16:02:20.903Z,FS,FortSmith,0e774440-67e4-4817-8f97-24afdbb9d82f,SAMMS-FortSmith
202608191602179246,202608191519596120,202608191519595710,97,6159,P1 Forms SF Data Forms Bronze - FW,br_samms_sf_data_forms,TASK_COMPLETE,SUCCESS,INFO,8677,8677,0,,2026-08-19T15:20:02.186Z,2026-08-19T16:02:20.903Z,2538,2026-08-19T16:02:20.903Z,FW,FortWayne,0e774440-67e4-4817-8f97-24afdbb9d82f,SAMMS-FortWayne
202608191602179248,202608191519596121,202608191519595710,97,6160,P1 Forms SF Data Forms Bronze - GAL,br_samms_sf_data_forms,TASK_COMPLETE,SUCCESS,INFO,3331,3331,0,,2026-08-19T15:20:02.186Z,2026-08-19T16:02:20.903Z,2538,2026-08-19T16:02:20.903Z,GAL,Gaylord,0e774440-67e4-4817-8f97-24afdbb9d82f,SAMMS-Gaylord
202608191602179249,202608191519596122,202608191519595710,97,6161,P1 Forms SF Data Forms Bronze - HGT,br_samms_sf_data_forms,TASK_COMPLETE,SUCCESS,INFO,7513,7513,0,,2026-08-19T15:20:02.186Z,2026-08-19T16:02:20.903Z,2538,2026-08-19T16:02:20.903Z,HGT,Hagerstown,0e774440-67e4-4817-8f97-24afdbb9d82f,SAMMS-Hagerstown
202608191602179250,202608191519596123,202608191519595710,97,6162,P1 Forms SF Data Forms Bronze - HNT,br_samms_sf_data_forms,TASK_COMPLETE,SUCCESS,INFO,6023,6023,0,,2026-08-19T15:20:02.186Z,2026-08-19T16:02:20.903Z,2538,2026-08-19T16:02:20.903Z,HNT,Huntsville,0e774440-67e4-4817-8f97-24afdbb9d82f,SAMMS-Huntsville
202608191602179251,202608191519596124,202608191519595710,97,6163,P1 Forms SF Data Forms Bronze - HS,br_samms_sf_data_forms,TASK_COMPLETE,SUCCESS,INFO,164,164,0,,2026-08-19T15:20:02.186Z,2026-08-19T16:02:20.903Z,2538,2026-08-19T16:02:20.903Z,HS,HotSprings,0e774440-67e4-4817-8f97-24afdbb9d82f,SAMMS-HotSprings
202608191602179252,202608191519596125,202608191519595710,97,6164,P1 Forms SF Data Forms Bronze - JON,br_samms_sf_data_forms,TASK_COMPLETE,SUCCESS,INFO,191,191,0,,2026-08-19T15:20:02.186Z,2026-08-19T16:02:20.903Z,2538,2026-08-19T16:02:20.903Z,JON,Jonesboro,0e774440-67e4-4817-8f97-24afdbb9d82f,SAMMS-Jonesboro
202608191602179253,202608191519596126,202608191519595710,97,6165,P1 Forms SF Data Forms Bronze - LAN,br_samms_sf_data_forms,TASK_COMPLETE,SUCCESS,INFO,2872,2872,0,,2026-08-19T15:20:02.186Z,2026-08-19T16:02:20.903Z,2538,2026-08-19T16:02:20.903Z,LAN,Lansing,0e774440-67e4-4817-8f97-24afdbb9d82f,SAMMS-Lansing
202608191602179254,202608191519596127,202608191519595710,97,6166,P1 Forms SF Data Forms Bronze - LO,br_samms_sf_data_forms,TASK_COMPLETE,SUCCESS,INFO,12971,12971,0,,2026-08-19T15:20:02.186Z,2026-08-19T16:02:20.903Z,2538,2026-08-19T16:02:20.903Z,LO,Louisville,0e774440-67e4-4817-8f97-24afdbb9d82f,SAMMS-Louisville
202608191602179255,202608191519596128,202608191519595710,97,6167,P1 Forms SF Data Forms Bronze - LV1,br_samms_sf_data_forms,TASK_COMPLETE,SUCCESS,INFO,5402,5402,0,,2026-08-19T15:20:02.186Z,2026-08-19T16:02:20.903Z,2538,2026-08-19T16:02:20.903Z,LV1,Cheyenne,0e774440-67e4-4817-8f97-24afdbb9d82f,SAMMS-Cheyenne
202608191602179256,202608191519596129,202608191519595710,97,6168,P1 Forms SF Data Forms Bronze - LV2,br_samms_sf_data_forms,TASK_COMPLETE,SUCCESS,INFO,5602,5602,0,,2026-08-19T15:20:02.186Z,2026-08-19T16:02:20.903Z,2538,2026-08-19T16:02:20.903Z,LV2,DesertInn,0e774440-67e4-4817-8f97-24afdbb9d82f,SAMMS-DesertInn
202608191602179257,202608191519596130,202608191519595710,97,6169,P1 Forms SF Data Forms Bronze - LV3,br_samms_sf_data_forms,TASK_COMPLETE,SUCCESS,INFO,2335,2335,0,,2026-08-19T15:20:02.186Z,2026-08-19T16:02:20.903Z,2538,2026-08-19T16:02:20.903Z,LV3,McDaniel,0e774440-67e4-4817-8f97-24afdbb9d82f,SAMMS-McDaniel
202608191602179258,202608191519596131,202608191519595710,97,6170,P1 Forms SF Data Forms Bronze - MNRE,br_samms_sf_data_forms,TASK_COMPLETE,SUCCESS,INFO,4004,4004,0,,2026-08-19T15:20:02.186Z,2026-08-19T16:02:20.903Z,2538,2026-08-19T16:02:20.903Z,MNRE,Monroe,0e774440-67e4-4817-8f97-24afdbb9d82f,SAMMS-Monroe
202608191602179259,202608191519596132,202608191519595710,97,6171,P1 Forms SF Data Forms Bronze - MP,br_samms_sf_data_forms,TASK_COMPLETE,SUCCESS,INFO,5257,5257,0,,2026-08-19T15:20:02.186Z,2026-08-19T16:02:20.903Z,2538,2026-08-19T16:02:20.903Z,MP,MtPleasant,0e774440-67e4-4817-8f97-24afdbb9d82f,SAMMS-MtPleasant
202608191602179260,202608191519596133,202608191519595710,97,6172,P1 Forms SF Data Forms Bronze - MRD,br_samms_sf_data_forms,TASK_COMPLETE,SUCCESS,INFO,2840,2840,0,,2026-08-19T15:20:02.186Z,2026-08-19T16:02:20.903Z,2538,2026-08-19T16:02:20.903Z,MRD,Meridian,0e774440-67e4-4817-8f97-24afdbb9d82f,SAMMS-Meridian
202608191602179261,202608191519596134,202608191519595710,97,6173,P1 Forms SF Data Forms Bronze - NC,br_samms_sf_data_forms,TASK_COMPLETE,SUCCESS,INFO,4483,4483,0,,2026-08-19T15:20:02.186Z,2026-08-19T16:02:20.903Z,2538,2026-08-19T16:02:20.903Z,NC,NorthCharleston,0e774440-67e4-4817-8f97-24afdbb9d82f,SAMMS-NorthCharleston
202608191602179263,202608191519596135,202608191519595710,97,6174,P1 Forms SF Data Forms Bronze - NLR,br_samms_sf_data_forms,TASK_COMPLETE,SUCCESS,INFO,352,352,0,,2026-08-19T15:20:02.186Z,2026-08-19T16:02:20.903Z,2538,2026-08-19T16:02:20.903Z,NLR,NLROBOT,0e774440-67e4-4817-8f97-24afdbb9d82f,SAMMS-NLROBOT
202608191602179264,202608191519596136,202608191519595710,97,6175,P1 Forms SF Data Forms Bronze - PH,br_samms_sf_data_forms,TASK_COMPLETE,SUCCESS,INFO,5,5,0,,2026-08-19T15:20:02.186Z,2026-08-19T16:02:20.903Z,2538,2026-08-19T16:02:20.903Z,PH,Phoenix,0e774440-67e4-4817-8f97-24afdbb9d82f,SAMMS-Phoenix
202608191602179265,202608191519596137,202608191519595710,97,6176,P1 Forms SF Data Forms Bronze - RE,br_samms_sf_data_forms,TASK_COMPLETE,SUCCESS,INFO,3329,3329,0,,2026-08-19T15:20:02.186Z,2026-08-19T16:02:20.903Z,2538,2026-08-19T16:02:20.903Z,RE,Reno,0e774440-67e4-4817-8f97-24afdbb9d82f,SAMMS-Reno
202608191602179266,202608191519596138,202608191519595710,97,6177,P1 Forms SF Data Forms Bronze - RMD,br_samms_sf_data_forms,TASK_COMPLETE,SUCCESS,INFO,8201,8201,0,,2026-08-19T15:20:02.186Z,2026-08-19T16:02:20.903Z,2538,2026-08-19T16:02:20.903Z,RMD,Richmond,0e774440-67e4-4817-8f97-24afdbb9d82f,SAMMS-Richmond
202608191602179267,202608191519596139,202608191519595710,97,6178,P1 Forms SF Data Forms Bronze - SFN,br_samms_sf_data_forms,TASK_COMPLETE,SUCCESS,INFO,3867,3867,0,,2026-08-19T15:20:02.186Z,2026-08-19T16:02:20.903Z,2538,2026-08-19T16:02:20.903Z,SFN,SFN,0e774440-67e4-4817-8f97-24afdbb9d82f,SAMMS-SFNv5
202608191602179268,202608191519596140,202608191519595710,97,6179,P1 Forms SF Data Forms Bronze - SHP,br_samms_sf_data_forms,TASK_COMPLETE,SUCCESS,INFO,6813,6813,0,,2026-08-19T15:20:02.186Z,2026-08-19T16:02:20.903Z,2538,2026-08-19T16:02:20.903Z,SHP,Shreveport,0e774440-67e4-4817-8f97-24afdbb9d82f,SAMMS-Shreveport
202608191602179269,202608191519596141,202608191519595710,97,6180,P1 Forms SF Data Forms Bronze - STN,br_samms_sf_data_forms,TASK_COMPLETE,SUCCESS,INFO,4396,4396,0,,2026-08-19T15:20:02.186Z,2026-08-19T16:02:20.903Z,2538,2026-08-19T16:02:20.903Z,STN,Staunton,0e774440-67e4-4817-8f97-24afdbb9d82f,SAMMS-Staunton
202608191602179270,202608191519596142,202608191519595710,97,6181,P1 Forms SF Data Forms Bronze - STVN,br_samms_sf_data_forms,TASK_COMPLETE,SUCCESS,INFO,1056,1056,0,,2026-08-19T15:20:02.186Z,2026-08-19T16:02:20.903Z,2538,2026-08-19T16:02:20.903Z,STVN,Stevenson,0e774440-67e4-4817-8f97-24afdbb9d82f,SAMMS-Stevenson
202608191602179271,202608191519596143,202608191519595710,97,6182,P1 Forms SF Data Forms Bronze - TE,br_samms_sf_data_forms,TASK_COMPLETE,SUCCESS,INFO,0,0,0,,2026-08-19T15:20:02.186Z,2026-08-19T16:02:20.903Z,2538,2026-08-19T16:02:20.903Z,TE,Tempe,0e774440-67e4-4817-8f97-24afdbb9d82f,SAMMS-Tempe
202608191602179272,202608191519596144,202608191519595710,97,6183,P1 Forms SF Data Forms Bronze - TEX,br_samms_sf_data_forms,TASK_COMPLETE,SUCCESS,INFO,297,297,0,,2026-08-19T15:20:02.186Z,2026-08-19T16:02:20.903Z,2538,2026-08-19T16:02:20.903Z,TEX,Texarkana,0e774440-67e4-4817-8f97-24afdbb9d82f,SAMMS-Texarkana
202608191602179273,202608191519596145,202608191519595710,97,6184,P1 Forms SF Data Forms Bronze - TTCA,br_samms_sf_data_forms,TASK_COMPLETE,SUCCESS,INFO,4837,4837,0,,2026-08-19T15:20:02.186Z,2026-08-19T16:02:20.903Z,2538,2026-08-19T16:02:20.903Z,TTCA,Bessemer,0e774440-67e4-4817-8f97-24afdbb9d82f,SAMMS-BessemerV5
202608191602179274,202608191519596146,202608191519595710,97,6185,P1 Forms SF Data Forms Bronze - TTCB,br_samms_sf_data_forms,TASK_COMPLETE,SUCCESS,INFO,5574,5574,0,,2026-08-19T15:20:02.186Z,2026-08-19T16:02:20.903Z,2538,2026-08-19T16:02:20.903Z,TTCB,Cullman,0e774440-67e4-4817-8f97-24afdbb9d82f,SAMMS-CullmanV5
202608191602179276,202608191519596147,202608191519595710,97,6186,P1 Forms SF Data Forms Bronze - TTCC,br_samms_sf_data_forms,TASK_COMPLETE,SUCCESS,INFO,7108,7108,0,,2026-08-19T15:20:02.186Z,2026-08-19T16:02:20.903Z,2538,2026-08-19T16:02:20.903Z,TTCC,GrandBay,0e774440-67e4-4817-8f97-24afdbb9d82f,SAMMS-GrandBay
202608191602179277,202608191519596148,202608191519595710,97,6187,P1 Forms SF Data Forms Bronze - TU,br_samms_sf_data_forms,TASK_COMPLETE,SUCCESS,INFO,0,0,0,,2026-08-19T15:20:02.186Z,2026-08-19T16:02:20.903Z,2538,2026-08-19T16:02:20.903Z,TU,Tucson,0e774440-67e4-4817-8f97-24afdbb9d82f,SAMMS-Tucson
202608191602179278,202608191519596149,202608191519595710,97,6188,P1 Forms SF Data Forms Bronze - V1,br_samms_sf_data_forms,TASK_COMPLETE,SUCCESS,INFO,3593,3593,0,,2026-08-19T15:20:02.186Z,2026-08-19T16:02:20.903Z,2538,2026-08-19T16:02:20.903Z,V1,VCPHCS-I-Memphis,0e774440-67e4-4817-8f97-24afdbb9d82f,SAMMS-VCPHCS-I-MemphisV5
202608191602179279,202608191519596150,202608191519595710,97,6189,P1 Forms SF Data Forms Bronze - V10,br_samms_sf_data_forms,TASK_COMPLETE,SUCCESS,INFO,3888,3888,0,,2026-08-19T15:20:02.186Z,2026-08-19T16:02:20.903Z,2538,2026-08-19T16:02:20.903Z,V10,Boulder,0e774440-67e4-4817-8f97-24afdbb9d82f,SAMMS-BoulderV5
202608191602179280,202608191519596151,202608191519595710,97,6190,P1 Forms SF Data Forms Bronze - V10A,br_samms_sf_data_forms,TASK_COMPLETE,SUCCESS,INFO,6866,6866,0,,2026-08-19T15:20:02.186Z,2026-08-19T16:02:20.903Z,2538,2026-08-19T16:02:20.903Z,V10A,FortCollins,0e774440-67e4-4817-8f97-24afdbb9d82f,SAMMS-FortCollinsV5
202608191602179281,202608191519596152,202608191519595710,97,6191,P1 Forms SF Data Forms Bronze - V11,br_samms_sf_data_forms,TASK_COMPLETE,SUCCESS,INFO,5584,5584,0,,2026-08-19T15:20:02.186Z,2026-08-19T16:02:20.903Z,2538,2026-08-19T16:02:20.903Z,V11,VCPHCS-XI-NorthDenver,0e774440-67e4-4817-8f97-24afdbb9d82f,SAMMS-VCPHCS-XI-NorthDenverV5
202608191602179282,202608191519596153,202608191519595710,97,6192,P1 Forms SF Data Forms Bronze - V12,br_samms_sf_data_forms,TASK_COMPLETE,SUCCESS,INFO,4948,4948,0,,2026-08-19T15:20:02.186Z,2026-08-19T16:02:20.903Z,2538,2026-08-19T16:02:20.903Z,V12,VCPHCS-XII-DowntownDenver,0e774440-67e4-4817-8f97-24afdbb9d82f,SAMMS-VCPHCS-XII-DowntownDenverV5
202608191602179283,202608191519596154,202608191519595710,97,6193,P1 Forms SF Data Forms Bronze - V12A,br_samms_sf_data_forms,TASK_COMPLETE,SUCCESS,INFO,3267,3267,0,,2026-08-19T15:20:02.186Z,2026-08-19T16:02:20.903Z,2538,2026-08-19T16:02:20.903Z,V12A,Centennial,0e774440-67e4-4817-8f97-24afdbb9d82f,SAMMS-CentennialV5
202608191602179284,202608191519596155,202608191519595710,97,6194,P1 Forms SF Data Forms Bronze - V14,br_samms_sf_data_forms,TASK_COMPLETE,SUCCESS,INFO,2273,2273,0,,2026-08-19T15:20:02.186Z,2026-08-19T16:02:20.903Z,2538,2026-08-19T16:02:20.903Z,V14,VCPHCS-XIV-Bridgeway,0e774440-67e4-4817-8f97-24afdbb9d82f,SAMMS-VCPHCS-XIV-BridgewayV5
202608191602179285,202608191519596156,202608191519595710,97,6195,P1 Forms SF Data Forms Bronze - V15,br_samms_sf_data_forms,TASK_COMPLETE,SUCCESS,INFO,6854,6854,0,,2026-08-19T15:20:02.186Z,2026-08-19T16:02:20.903Z,2538,2026-08-19T16:02:20.903Z,V15,Joplin,0e774440-67e4-4817-8f97-24afdbb9d82f,SAMMS-JoplinV5
202608191602179286,202608191519596157,202608191519595710,97,6196,P1 Forms SF Data Forms Bronze - V17,br_samms_sf_data_forms,TASK_COMPLETE,SUCCESS,INFO,2860,2860,0,,2026-08-19T15:20:02.186Z,2026-08-19T16:02:20.903Z,2538,2026-08-19T16:02:20.903Z,V17,ColumbiaTN,0e774440-67e4-4817-8f97-24afdbb9d82f,SAMMS-ColumbiaTNv5
202608191602179287,202608191519596158,202608191519595710,97,6197,P1 Forms SF Data Forms Bronze - V19,br_samms_sf_data_forms,TASK_COMPLETE,SUCCESS,INFO,5339,5339,0,,2026-08-19T15:20:02.186Z,2026-08-19T16:02:20.903Z,2538,2026-08-19T16:02:20.903Z,V19,Jackson,0e774440-67e4-4817-8f97-24afdbb9d82f,SAMMS-JacksonV5
202608212101410304,202608212020691033,202608212020690709,88,4979,P1 Reference Codes Bronze - TTCB,br_samms_codes,TASK_COMPLETE,SUCCESS,INFO,1822,1822,0,,2026-08-21T20:21:13.701Z,2026-08-21T21:04:00.531Z,2567,2026-08-21T21:04:00.531Z,TTCB,Cullman,8488c727-7e26-424c-b4ea-f3ce6564dbed,SAMMS-CullmanV5
202608212101410306,202608212020691034,202608212020690709,88,4980,P1 Reference Codes Bronze - TTCC,br_samms_codes,TASK_COMPLETE,SUCCESS,INFO,2045,2045,0,,2026-08-21T20:21:13.701Z,2026-08-21T21:04:00.531Z,2567,2026-08-21T21:04:00.531Z,TTCC,GrandBay,8488c727-7e26-424c-b4ea-f3ce6564dbed,SAMMS-GrandBay
202608212101410308,202608212020691035,202608212020690709,88,4981,P1 Reference Codes Bronze - TU,br_samms_codes,TASK_COMPLETE,SUCCESS,INFO,946,946,0,,2026-08-21T20:21:13.701Z,2026-08-21T21:04:00.531Z,2567,2026-08-21T21:04:00.531Z,TU,Tucson,8488c727-7e26-424c-b4ea-f3ce6564dbed,SAMMS-Tucson
202608212101410310,202608212020691036,202608212020690709,88,4982,P1 Reference Codes Bronze - V1,br_samms_codes,TASK_COMPLETE,SUCCESS,INFO,1731,1731,0,,2026-08-21T20:21:13.701Z,2026-08-21T21:04:00.531Z,2567,2026-08-21T21:04:00.531Z,V1,VCPHCS-I-Memphis,8488c727-7e26-424c-b4ea-f3ce6564dbed,SAMMS-VCPHCS-I-MemphisV5
202608212101410312,202608212020691037,202608212020690709,88,4983,P1 Reference Codes Bronze - V10,br_samms_codes,TASK_COMPLETE,SUCCESS,INFO,1289,1289,0,,2026-08-21T20:21:13.701Z,2026-08-21T21:04:00.531Z,2567,2026-08-21T21:04:00.531Z,V10,Boulder,8488c727-7e26-424c-b4ea-f3ce6564dbed,SAMMS-BoulderV5
202608212101410314,202608212020691038,202608212020690709,88,4984,P1 Reference Codes Bronze - V10A,br_samms_codes,TASK_COMPLETE,SUCCESS,INFO,1184,1184,0,,2026-08-21T20:21:13.701Z,2026-08-21T21:04:00.531Z,2567,2026-08-21T21:04:00.531Z,V10A,FortCollins,8488c727-7e26-424c-b4ea-f3ce6564dbed,SAMMS-FortCollinsV5
202608212101410316,202608212020691039,202608212020690709,88,4985,P1 Reference Codes Bronze - V11,br_samms_codes,TASK_COMPLETE,SUCCESS,INFO,1462,1462,0,,2026-08-21T20:21:13.701Z,2026-08-21T21:04:00.531Z,2567,2026-08-21T21:04:00.531Z,V11,VCPHCS-XI-NorthDenver,8488c727-7e26-424c-b4ea-f3ce6564dbed,SAMMS-VCPHCS-XI-NorthDenverV5
202608212101410319,202608212020691040,202608212020690709,88,4986,P1 Reference Codes Bronze - V12,br_samms_codes,TASK_COMPLETE,SUCCESS,INFO,2648,2648,0,,2026-08-21T20:21:13.701Z,2026-08-21T21:04:00.531Z,2567,2026-08-21T21:04:00.531Z,V12,VCPHCS-XII-DowntownDenver,8488c727-7e26-424c-b4ea-f3ce6564dbed,SAMMS-VCPHCS-XII-DowntownDenverV5
202608212101410321,202608212020691041,202608212020690709,88,4987,P1 Reference Codes Bronze - V12A,br_samms_codes,TASK_COMPLETE,SUCCESS,INFO,1210,1210,0,,2026-08-21T20:21:13.701Z,2026-08-21T21:04:00.531Z,2567,2026-08-21T21:04:00.531Z,V12A,Centennial,8488c727-7e26-424c-b4ea-f3ce6564dbed,SAMMS-CentennialV5
202608212101410323,202608212020691042,202608212020690709,88,4988,P1 Reference Codes Bronze - V14,br_samms_codes,TASK_COMPLETE,SUCCESS,INFO,1035,1035,0,,2026-08-21T20:21:13.701Z,2026-08-21T21:04:00.531Z,2567,2026-08-21T21:04:00.531Z,V14,VCPHCS-XIV-Bridgeway,8488c727-7e26-424c-b4ea-f3ce6564dbed,SAMMS-VCPHCS-XIV-BridgewayV5
202608212101410326,202608212020691043,202608212020690709,88,4989,P1 Reference Codes Bronze - V15,br_samms_codes,TASK_COMPLETE,SUCCESS,INFO,1521,1521,0,,2026-08-21T20:21:13.701Z,2026-08-21T21:04:00.531Z,2567,2026-08-21T21:04:00.531Z,V15,Joplin,8488c727-7e26-424c-b4ea-f3ce6564dbed,SAMMS-JoplinV5
202608212101410328,202608212020691044,202608212020690709,88,4990,P1 Reference Codes Bronze - V17,br_samms_codes,TASK_COMPLETE,SUCCESS,INFO,1075,1075,0,,2026-08-21T20:21:13.701Z,2026-08-21T21:04:00.531Z,2567,2026-08-21T21:04:00.531Z,V17,ColumbiaTN,8488c727-7e26-424c-b4ea-f3ce6564dbed,SAMMS-ColumbiaTNv5
202608212101410331,202608212020691045,202608212020690709,88,4991,P1 Reference Codes Bronze - V19,br_samms_codes,TASK_COMPLETE,SUCCESS,INFO,1697,1697,0,,2026-08-21T20:21:13.701Z,2026-08-21T21:04:00.531Z,2567,2026-08-21T21:04:00.531Z,V19,Jackson,8488c727-7e26-424c-b4ea-f3ce6564dbed,SAMMS-JacksonV5
202608212101410333,202608212020691046,202608212020690709,88,4992,P1 Reference Codes Bronze - V20,br_samms_codes,TASK_COMPLETE,SUCCESS,INFO,2170,2170,0,,2026-08-21T20:21:13.701Z,2026-08-21T21:04:00.531Z,2567,2026-08-21T21:04:00.531Z,V20,Paris,8488c727-7e26-424c-b4ea-f3ce6564dbed,SAMMS-ParisV5
202608212101410335,202608212020691047,202608212020690709,88,4993,P1 Reference Codes Bronze - V21,br_samms_codes,TASK_COMPLETE,SUCCESS,INFO,2882,2882,0,,2026-08-21T20:21:13.701Z,2026-08-21T21:04:00.531Z,2567,2026-08-21T21:04:00.531Z,V21,Raleigh,8488c727-7e26-424c-b4ea-f3ce6564dbed,SAMMS-RaleighV5
202608212101410338,202608212020691048,202608212020690709,88,4994,P1 Reference Codes Bronze - V5,br_samms_codes,TASK_COMPLETE,SUCCESS,INFO,2332,2332,0,,2026-08-21T20:21:13.701Z,2026-08-21T21:04:00.531Z,2567,2026-08-21T21:04:00.531Z,V5,NONTC,8488c727-7e26-424c-b4ea-f3ce6564dbed,SAMMS-NONTCv5
202608212101410340,202608212020691049,202608212020690709,88,4995,P1 Reference Codes Bronze - V5B,br_samms_codes,TASK_COMPLETE,SUCCESS,INFO,1376,1376,0,,2026-08-21T20:21:13.701Z,2026-08-21T21:04:00.531Z,2567,2026-08-21T21:04:00.531Z,V5B,Houma,8488c727-7e26-424c-b4ea-f3ce6564dbed,SAMMS-HoumaV6
202608212101410343,202608212020691050,202608212020690709,88,4996,P1 Reference Codes Bronze - V6,br_samms_codes,TASK_COMPLETE,SUCCESS,INFO,2861,2861,0,,2026-08-21T20:21:13.701Z,2026-08-21T21:04:00.531Z,2567,2026-08-21T21:04:00.531Z,V6,LC,8488c727-7e26-424c-b4ea-f3ce6564dbed,SAMMS-LCv5
202608212101410345,202608212020691051,202608212020690709,88,4997,P1 Reference Codes Bronze - V8,br_samms_codes,TASK_COMPLETE,SUCCESS,INFO,1470,1470,0,,2026-08-21T20:21:13.701Z,2026-08-21T21:04:00.531Z,2567,2026-08-21T21:04:00.531Z,V8,VCPHCS-VIII-Memphis,8488c727-7e26-424c-b4ea-f3ce6564dbed,SAMMS-VCPHCS-VIII-MemphisV5
202608212101410347,202608212020691052,202608212020690709,88,4998,P1 Reference Codes Bronze - V9,br_samms_codes,TASK_COMPLETE,SUCCESS,INFO,3611,3611,0,,2026-08-21T20:21:13.701Z,2026-08-21T21:04:00.531Z,2567,2026-08-21T21:04:00.531Z,V9,Nashville,8488c727-7e26-424c-b4ea-f3ce6564dbed,SAMMS-NashvilleV5
202608212101410350,202608212020691053,202608212020690709,88,4999,P1 Reference Codes Bronze - VBRA,br_samms_codes,TASK_COMPLETE,SUCCESS,INFO,1049,1049,0,,2026-08-21T20:21:13.701Z,2026-08-21T21:04:00.531Z,2567,2026-08-21T21:04:00.531Z,VBRA,Brainerd,8488c727-7e26-424c-b4ea-f3ce6564dbed,SAMMS-BrainerdV6
202608212101410352,202608212020691054,202608212020690709,88,5000,P1 Reference Codes Bronze - VBRP,br_samms_codes,TASK_COMPLETE,SUCCESS,INFO,1013,1013,0,,2026-08-21T20:21:13.701Z,2026-08-21T21:04:00.531Z,2567,2026-08-21T21:04:00.531Z,VBRP,BrooklynPark,8488c727-7e26-424c-b4ea-f3ce6564dbed,SAMMS-BrooklynParkV6
202608212101410355,202608212020691055,202608212020690709,88,5001,P1 Reference Codes Bronze - VMIN,br_samms_codes,TASK_COMPLETE,SUCCESS,INFO,957,957,0,,2026-08-21T20:21:13.701Z,2026-08-21T21:04:00.531Z,2567,2026-08-21T21:04:00.531Z,VMIN,Minneapolis,8488c727-7e26-424c-b4ea-f3ce6564dbed,SAMMS-MinneapolisV6
202608212101410357,202608212020691056,202608212020690709,88,5002,P1 Reference Codes Bronze - VWBY,br_samms_codes,TASK_COMPLETE,SUCCESS,INFO,1003,1003,0,,2026-08-21T20:21:13.701Z,2026-08-21T21:04:00.531Z,2567,2026-08-21T21:04:00.531Z,VWBY,Woodbury,8488c727-7e26-424c-b4ea-f3ce6564dbed,SAMMS-WoodburyV6
202608212101410360,202608212020691057,202608212020690709,88,5003,P1 Reference Codes Bronze - WIL,br_samms_codes,TASK_COMPLETE,SUCCESS,INFO,1087,1087,0,,2026-08-21T20:21:13.701Z,2026-08-21T21:04:00.531Z,2567,2026-08-21T21:04:00.531Z,WIL,Wilson,8488c727-7e26-424c-b4ea-f3ce6564dbed,SAMMS-Wilson
202608212101410461,202608212020790712,202608212020790709,89,5004,P1 Reference Codes Silver,tbl_Codes,TASK_COMPLETE,SUCCESS,INFO,174146,174146,0,,2026-08-21T20:21:13.701Z,2026-08-21T21:04:00.531Z,2567,2026-08-21T21:04:00.531Z,,,8488c727-7e26-424c-b4ea-f3ce6564dbed,
202608212101410370,202608212020691290,202608212020690709,88,5243,P1 Reference Custom Answers Bronze - AHK,br_samms_custom_answers,TASK_COMPLETE,SUCCESS,INFO,96,96,0,,2026-08-21T20:21:13.701Z,2026-08-21T21:04:00.531Z,2567,2026-08-21T21:04:00.531Z,AHK,Ahoskie,8488c727-7e26-424c-b4ea-f3ce6564dbed,SAMMS-Ahoskie
202608212101410371,202608212020691291,202608212020690709,88,5244,P1 Reference Custom Answers Bronze - B12B,br_samms_custom_answers,TASK_COMPLETE,SUCCESS,INFO,1748,1748,0,,2026-08-21T20:21:13.701Z,2026-08-21T21:04:00.531Z,2567,2026-08-21T21:04:00.531Z,B12B,ColoradoSprings,8488c727-7e26-424c-b4ea-f3ce6564dbed,SAMMS-ColoradoSpringsV5
202608212101410372,202608212020691292,202608212020690709,88,5245,P1 Reference Custom Answers Bronze - B24,br_samms_custom_answers,TASK_COMPLETE,SUCCESS,INFO,2242,2242,0,,2026-08-21T20:21:13.701Z,2026-08-21T21:04:00.531Z,2567,2026-08-21T21:04:00.531Z,B24,Paintsville,8488c727-7e26-424c-b4ea-f3ce6564dbed,SAMMS-PaintsvilleV5
202608212101410374,202608212020691293,202608212020690709,88,5246,P1 Reference Custom Answers Bronze - B25,br_samms_custom_answers,TASK_COMPLETE,SUCCESS,INFO,2451,2451,0,,2026-08-21T20:21:13.701Z,2026-08-21T21:04:00.531Z,2567,2026-08-21T21:04:00.531Z,B25,Pikeville,8488c727-7e26-424c-b4ea-f3ce6564dbed,SAMMS-PikevilleV5
202608212101410375,202608212020691294,202608212020690709,88,5247,P1 Reference Custom Answers Bronze - B26,br_samms_custom_answers,TASK_COMPLETE,SUCCESS,INFO,3254,3254,0,,2026-08-21T20:21:13.701Z,2026-08-21T21:04:00.531Z,2567,2026-08-21T21:04:00.531Z,B26,Hazard,8488c727-7e26-424c-b4ea-f3ce6564dbed,SAMMS-HazardV5
202608212101410376,202608212020691295,202608212020690709,88,5248,P1 Reference Custom Answers Bronze - B27,br_samms_custom_answers,TASK_COMPLETE,SUCCESS,INFO,148,148,0,,2026-08-21T20:21:13.701Z,2026-08-21T21:04:00.531Z,2567,2026-08-21T21:04:00.531Z,B27,Savannah,8488c727-7e26-424c-b4ea-f3ce6564dbed,SAMMS-SavannahV6
202608212101410377,202608212020691296,202608212020690709,88,5249,P1 Reference Custom Answers Bronze - B28,br_samms_custom_answers,TASK_COMPLETE,SUCCESS,INFO,942,942,0,,2026-08-21T20:21:13.701Z,2026-08-21T21:04:00.531Z,2567,2026-08-21T21:04:00.531Z,B28,WestPlaines,8488c727-7e26-424c-b4ea-f3ce6564dbed,SAMMS-WestPlainesV5
202608212101410379,202608212020691297,202608212020690709,88,5250,P1 Reference Custom Answers Bronze - B29,br_samms_custom_answers,TASK_COMPLETE,SUCCESS,INFO,1062,1062,0,,2026-08-21T20:21:13.701Z,2026-08-21T21:04:00.531Z,2567,2026-08-21T21:04:00.531Z,B29,PoplarBluff,8488c727-7e26-424c-b4ea-f3ce6564dbed,SAMMS-PoplarBluffV5
202608212101410380,202608212020691298,202608212020690709,88,5251,P1 Reference Custom Answers Bronze - B30,br_samms_custom_answers,TASK_COMPLETE,SUCCESS,INFO,1632,1632,0,,2026-08-21T20:21:13.701Z,2026-08-21T21:04:00.531Z,2567,2026-08-21T21:04:00.531Z,B30,KCN,8488c727-7e26-424c-b4ea-f3ce6564dbed,SAMMS-KCNv5
202608212101410381,202608212020691299,202608212020690709,88,5252,P1 Reference Custom Answers Bronze - B31,br_samms_custom_answers,TASK_COMPLETE,SUCCESS,INFO,1244,1244,0,,2026-08-21T20:21:13.701Z,2026-08-21T21:04:00.531Z,2567,2026-08-21T21:04:00.531Z,B31,Dyersburg,8488c727-7e26-424c-b4ea-f3ce6564dbed,SAMMS-DyersburgV5
202608212101410383,202608212020691300,202608212020690709,88,5253,P1 Reference Custom Answers Bronze - B33,br_samms_custom_answers,TASK_COMPLETE,SUCCESS,INFO,1780,1780,0,,2026-08-21T20:21:13.701Z,2026-08-21T21:04:00.531Z,2567,2026-08-21T21:04:00.531Z,B33,Paducah,8488c727-7e26-424c-b4ea-f3ce6564dbed,SAMMS-Paducah
202608212101410384,202608212020691301,202608212020690709,88,5254,P1 Reference Custom Answers Bronze - B34,br_samms_custom_answers,TASK_COMPLETE,SUCCESS,INFO,2398,2398,0,,2026-08-21T20:21:13.701Z,2026-08-21T21:04:00.531Z,2567,2026-08-21T21:04:00.531Z,B34,Corbin,8488c727-7e26-424c-b4ea-f3ce6564dbed,SAMMS-CorbinV5
202608212101410385,202608212020691302,202608212020690709,88,5255,P1 Reference Custom Answers Bronze - B35,br_samms_custom_answers,TASK_COMPLETE,SUCCESS,INFO,5868,5868,0,,2026-08-21T20:21:13.701Z,2026-08-21T21:04:00.531Z,2567,2026-08-21T21:04:00.531Z,B35,Lexington,8488c727-7e26-424c-b4ea-f3ce6564dbed,SAMMS-LexingtonV5
202608212101410386,202608212020691303,202608212020690709,88,5256,P1 Reference Custom Answers Bronze - B35A,br_samms_custom_answers,TASK_COMPLETE,SUCCESS,INFO,2440,2440,0,,2026-08-21T20:21:13.701Z,2026-08-21T21:04:00.531Z,2567,2026-08-21T21:04:00.531Z,B35A,Berea,8488c727-7e26-424c-b4ea-f3ce6564dbed,SAMMS-BereaV5
202608212101410388,202608212020691304,202608212020690709,88,5257,P1 Reference Custom Answers Bronze - B36,br_samms_custom_answers,TASK_COMPLETE,SUCCESS,INFO,2288,2288,0,,2026-08-21T20:21:13.701Z,2026-08-21T21:04:00.531Z,2567,2026-08-21T21:04:00.531Z,B36,Asheville,8488c727-7e26-424c-b4ea-f3ce6564dbed,SAMMS-AshevilleV5
202608212101410389,202608212020691305,202608212020690709,88,5258,P1 Reference Custom Answers Bronze - B37,br_samms_custom_answers,TASK_COMPLETE,SUCCESS,INFO,1826,1826,0,,2026-08-21T20:21:13.701Z,2026-08-21T21:04:00.531Z,2567,2026-08-21T21:04:00.531Z,B37,Clyde,8488c727-7e26-424c-b4ea-f3ce6564dbed,SAMMS-ClydeV5
202608212101410390,202608212020691306,202608212020690709,88,5259,P1 Reference Custom Answers Bronze - B38,br_samms_custom_answers,TASK_COMPLETE,SUCCESS,INFO,2417,2417,0,,2026-08-21T20:21:13.701Z,2026-08-21T21:04:00.531Z,2567,2026-08-21T21:04:00.531Z,B38,Spartanburg,8488c727-7e26-424c-b4ea-f3ce6564dbed,SAMMS-SpartanburgV5
202608212101410392,202608212020691307,202608212020690709,88,5260,P1 Reference Custom Answers Bronze - B39,br_samms_custom_answers,TASK_COMPLETE,SUCCESS,INFO,1703,1703,0,,2026-08-21T20:21:13.701Z,2026-08-21T21:04:00.531Z,2567,2026-08-21T21:04:00.531Z,B39,Aiken,8488c727-7e26-424c-b4ea-f3ce6564dbed,SAMMS-AikenV5
202608212101410393,202608212020691308,202608212020690709,88,5261,P1 Reference Custom Answers Bronze - B41,br_samms_custom_answers,TASK_COMPLETE,SUCCESS,INFO,2120,2120,0,,2026-08-21T20:21:13.701Z,2026-08-21T21:04:00.531Z,2567,2026-08-21T21:04:00.531Z,B41,Chesapeake,8488c727-7e26-424c-b4ea-f3ce6564dbed,SAMMS-ChesapeakeV5
202608212101410395,202608212020691309,202608212020690709,88,5262,P1 Reference Custom Answers Bronze - B42,br_samms_custom_answers,TASK_COMPLETE,SUCCESS,INFO,4182,4182,0,,2026-08-21T20:21:13.701Z,2026-08-21T21:04:00.531Z,2567,2026-08-21T21:04:00.531Z,B42,VirginiaBeach,8488c727-7e26-424c-b4ea-f3ce6564dbed,SAMMS-VirginiaBeachV5
202608212101410396,202608212020691310,202608212020690709,88,5263,P1 Reference Custom Answers Bronze - B42A,br_samms_custom_answers,TASK_COMPLETE,SUCCESS,INFO,1264,1264,0,,2026-08-21T20:21:13.701Z,2026-08-21T21:04:00.531Z,2567,2026-08-21T21:04:00.531Z,B42A,NewportNews,8488c727-7e26-424c-b4ea-f3ce6564dbed,SAMMS-NewportNewsV5
202608212101410397,202608212020691311,202608212020690709,88,5264,P1 Reference Custom Answers Bronze - B42B,br_samms_custom_answers,TASK_COMPLETE,SUCCESS,INFO,428,428,0,,2026-08-21T20:21:13.701Z,2026-08-21T21:04:00.531Z,2567,2026-08-21T21:04:00.531Z,B42B,Franklin,8488c727-7e26-424c-b4ea-f3ce6564dbed,SAMMS-FranklinV5
202608212101410399,202608212020691312,202608212020690709,88,5265,P1 Reference Custom Answers Bronze - B42C,br_samms_custom_answers,TASK_COMPLETE,SUCCESS,INFO,1304,1304,0,,2026-08-21T20:21:13.701Z,2026-08-21T21:04:00.531Z,2567,2026-08-21T21:04:00.531Z,B42C,GlenAllen,8488c727-7e26-424c-b4ea-f3ce6564dbed,SAMMS-GlenAllenV5
202608212101410400,202608212020691313,202608212020690709,88,5266,P1 Reference Custom Answers Bronze - B42D,br_samms_custom_answers,TASK_COMPLETE,SUCCESS,INFO,1200,1200,0,,2026-08-21T20:21:13.701Z,2026-08-21T21:04:00.531Z,2567,2026-08-21T21:04:00.531Z,B42D,ChesapeakeSouth,8488c727-7e26-424c-b4ea-f3ce6564dbed,SAMMS-ChesapeakeSouthV5
202608212101410402,202608212020691314,202608212020690709,88,5267,P1 Reference Custom Answers Bronze - B44,br_samms_custom_answers,TASK_COMPLETE,SUCCESS,INFO,808,808,0,,2026-08-21T20:21:13.701Z,2026-08-21T21:04:00.531Z,2567,2026-08-21T21:04:00.531Z,B44,Albany,8488c727-7e26-424c-b4ea-f3ce6564dbed,SAMMS-AlbanyV5
202608212101410403,202608212020691315,202608212020690709,88,5268,P1 Reference Custom Answers Bronze - B45,br_samms_custom_answers,TASK_COMPLETE,SUCCESS,INFO,1634,1634,0,,2026-08-21T20:21:13.701Z,2026-08-21T21:04:00.531Z,2567,2026-08-21T21:04:00.531Z,B45,Tifton,8488c727-7e26-424c-b4ea-f3ce6564dbed,SAMMS-TiftonV5
202608212101410405,202608212020691316,202608212020690709,88,5269,P1 Reference Custom Answers Bronze - B46,br_samms_custom_answers,TASK_COMPLETE,SUCCESS,INFO,252,252,0,,2026-08-21T20:21:13.701Z,2026-08-21T21:04:00.531Z,2567,2026-08-21T21:04:00.531Z,B46,WashingtonDC,8488c727-7e26-424c-b4ea-f3ce6564dbed,SAMMS-WashingtonDCv5
202608212101410406,202608212020691317,202608212020690709,88,5270,P1 Reference Custom Answers Bronze - B47,br_samms_custom_answers,TASK_COMPLETE,SUCCESS,INFO,1826,1826,0,,2026-08-21T20:21:13.701Z,2026-08-21T21:04:00.531Z,2567,2026-08-21T21:04:00.531Z,B47,Mobile,8488c727-7e26-424c-b4ea-f3ce6564dbed,SAMMS-MobileV5
202608212101410408,202608212020691318,202608212020690709,88,5271,P1 Reference Custom Answers Bronze - B48,br_samms_custom_answers,TASK_COMPLETE,SUCCESS,INFO,1294,1294,0,,2026-08-21T20:21:13.701Z,2026-08-21T21:04:00.531Z,2567,2026-08-21T21:04:00.531Z,B48,Tuscaloosa,8488c727-7e26-424c-b4ea-f3ce6564dbed,SAMMS-TuscaloosaV5
202608212101410409,202608212020691319,202608212020690709,88,5272,P1 Reference Custom Answers Bronze - B51,br_samms_custom_answers,TASK_COMPLETE,SUCCESS,INFO,342,342,0,,2026-08-21T20:21:13.701Z,2026-08-21T21:04:00.531Z,2567,2026-08-21T21:04:00.531Z,B51,NorthLittleRock,8488c727-7e26-424c-b4ea-f3ce6564dbed,SAMMS-NorthLittleRockV6
202608212101410411,202608212020691320,202608212020690709,88,5273,P1 Reference Custom Answers Bronze - B52,br_samms_custom_answers,TASK_COMPLETE,SUCCESS,INFO,616,616,0,,2026-08-21T20:21:13.701Z,2026-08-21T21:04:00.531Z,2567,2026-08-21T21:04:00.531Z,B52,JacksonGA,8488c727-7e26-424c-b4ea-f3ce6564dbed,SAMMS-JacksonGAV5
202608212101410412,202608212020691321,202608212020690709,88,5274,P1 Reference Custom Answers Bronze - B54,br_samms_custom_answers,TASK_COMPLETE,SUCCESS,INFO,1630,1630,0,,2026-08-21T20:21:13.701Z,2026-08-21T21:04:00.531Z,2567,2026-08-21T21:04:00.531Z,B54,Gadsden,8488c727-7e26-424c-b4ea-f3ce6564dbed,SAMMS-GadsdenV5
202608212101410414,202608212020691322,202608212020690709,88,5275,P1 Reference Custom Answers Bronze - B55,br_samms_custom_answers,TASK_COMPLETE,SUCCESS,INFO,1534,1534,0,,2026-08-21T20:21:13.701Z,2026-08-21T21:04:00.531Z,2567,2026-08-21T21:04:00.531Z,B55,Shoals,8488c727-7e26-424c-b4ea-f3ce6564dbed,SAMMS-ShoalsV5
202608212101410415,202608212020691323,202608212020690709,88,5276,P1 Reference Custom Answers Bronze - B57,br_samms_custom_answers,TASK_COMPLETE,SUCCESS,INFO,288,288,0,,2026-08-21T20:21:13.701Z,2026-08-21T21:04:00.531Z,2567,2026-08-21T21:04:00.531Z,B57,Pawtucket,8488c727-7e26-424c-b4ea-f3ce6564dbed,SAMMS-Pawtucket
202608212101410417,202608212020691324,202608212020690709,88,5277,P1 Reference Custom Answers Bronze - B57A,br_samms_custom_answers,TASK_COMPLETE,SUCCESS,INFO,288,288,0,,2026-08-21T20:21:13.701Z,2026-08-21T21:04:00.531Z,2567,2026-08-21T21:04:00.531Z,B57A,Johnston,8488c727-7e26-424c-b4ea-f3ce6564dbed,SAMMS-Johnston
202608212101410418,202608212020691325,202608212020690709,88,5278,P1 Reference Custom Answers Bronze - B57B,br_samms_custom_answers,TASK_COMPLETE,SUCCESS,INFO,116,116,0,,2026-08-21T20:21:13.701Z,2026-08-21T21:04:00.531Z,2567,2026-08-21T21:04:00.531Z,B57B,Middletown,8488c727-7e26-424c-b4ea-f3ce6564dbed,SAMMS-Middletown
202608212101410420,202608212020691326,202608212020690709,88,5279,P1 Reference Custom Answers Bronze - B57C,br_samms_custom_answers,TASK_COMPLETE,SUCCESS,INFO,340,340,0,,2026-08-21T20:21:13.701Z,2026-08-21T21:04:00.531Z,2567,2026-08-21T21:04:00.531Z,B57C,Providence,8488c727-7e26-424c-b4ea-f3ce6564dbed,SAMMS-Providence
202608212101410421,202608212020691327,202608212020690709,88,5280,P1 Reference Custom Answers Bronze - B57D,br_samms_custom_answers,TASK_COMPLETE,SUCCESS,INFO,250,250,0,,2026-08-21T20:21:13.701Z,2026-08-21T21:04:00.531Z,2567,2026-08-21T21:04:00.531Z,B57D,Westerly,8488c727-7e26-424c-b4ea-f3ce6564dbed,SAMMS-Westerly
202608212101410423,202608212020691328,202608212020690709,88,5281,P1 Reference Custom Answers Bronze - B66A,br_samms_custom_answers,TASK_COMPLETE,SUCCESS,INFO,322,322,0,,2026-08-21T20:21:13.701Z,2026-08-21T21:04:00.531Z,2567,2026-08-21T21:04:00.531Z,B66A,Bremen,8488c727-7e26-424c-b4ea-f3ce6564dbed,SAMMS-Bremen
202608191602179150,202608191519596031,202608191519595710,97,6068,P1 Forms E&M Form MDM Bronze - TTCB,br_samms_eandm_form_mdm,TASK_COMPLETE,SUCCESS,INFO,4903,4903,0,,2026-08-19T15:20:02.186Z,2026-08-19T16:02:20.903Z,2538,2026-08-19T16:02:20.903Z,TTCB,Cullman,0e774440-67e4-4817-8f97-24afdbb9d82f,SAMMS-CullmanV5
202608191602179151,202608191519596032,202608191519595710,97,6069,P1 Forms E&M Form MDM Bronze - TTCC,br_samms_eandm_form_mdm,TASK_COMPLETE,SUCCESS,INFO,1394,1394,0,,2026-08-19T15:20:02.186Z,2026-08-19T16:02:20.903Z,2538,2026-08-19T16:02:20.903Z,TTCC,GrandBay,0e774440-67e4-4817-8f97-24afdbb9d82f,SAMMS-GrandBay
202608191602179152,202608191519596033,202608191519595710,97,6070,P1 Forms E&M Form MDM Bronze - TU,br_samms_eandm_form_mdm,TASK_COMPLETE,SUCCESS,INFO,342,342,0,,2026-08-19T15:20:02.186Z,2026-08-19T16:02:20.903Z,2538,2026-08-19T16:02:20.903Z,TU,Tucson,0e774440-67e4-4817-8f97-24afdbb9d82f,SAMMS-Tucson
202608191602179153,202608191519596034,202608191519595710,97,6071,P1 Forms E&M Form MDM Bronze - V1,br_samms_eandm_form_mdm,TASK_COMPLETE,SUCCESS,INFO,2761,2761,0,,2026-08-19T15:20:02.186Z,2026-08-19T16:02:20.903Z,2538,2026-08-19T16:02:20.903Z,V1,VCPHCS-I-Memphis,0e774440-67e4-4817-8f97-24afdbb9d82f,SAMMS-VCPHCS-I-MemphisV5
202608191602179154,202608191519596035,202608191519595710,97,6072,P1 Forms E&M Form MDM Bronze - V10,br_samms_eandm_form_mdm,TASK_COMPLETE,SUCCESS,INFO,6409,6409,0,,2026-08-19T15:20:02.186Z,2026-08-19T16:02:20.903Z,2538,2026-08-19T16:02:20.903Z,V10,Boulder,0e774440-67e4-4817-8f97-24afdbb9d82f,SAMMS-BoulderV5
202608191602179155,202608191519596036,202608191519595710,97,6073,P1 Forms E&M Form MDM Bronze - V10A,br_samms_eandm_form_mdm,TASK_COMPLETE,SUCCESS,INFO,9201,9201,0,,2026-08-19T15:20:02.186Z,2026-08-19T16:02:20.903Z,2538,2026-08-19T16:02:20.903Z,V10A,FortCollins,0e774440-67e4-4817-8f97-24afdbb9d82f,SAMMS-FortCollinsV5
202608191602179156,202608191519596037,202608191519595710,97,6074,P1 Forms E&M Form MDM Bronze - V11,br_samms_eandm_form_mdm,TASK_COMPLETE,SUCCESS,INFO,6786,6786,0,,2026-08-19T15:20:02.186Z,2026-08-19T16:02:20.903Z,2538,2026-08-19T16:02:20.903Z,V11,VCPHCS-XI-NorthDenver,0e774440-67e4-4817-8f97-24afdbb9d82f,SAMMS-VCPHCS-XI-NorthDenverV5
202608191602179157,202608191519596038,202608191519595710,97,6075,P1 Forms E&M Form MDM Bronze - V12,br_samms_eandm_form_mdm,TASK_COMPLETE,SUCCESS,INFO,8176,8176,0,,2026-08-19T15:20:02.186Z,2026-08-19T16:02:20.903Z,2538,2026-08-19T16:02:20.903Z,V12,VCPHCS-XII-DowntownDenver,0e774440-67e4-4817-8f97-24afdbb9d82f,SAMMS-VCPHCS-XII-DowntownDenverV5
202608191602179158,202608191519596039,202608191519595710,97,6076,P1 Forms E&M Form MDM Bronze - V12A,br_samms_eandm_form_mdm,TASK_COMPLETE,SUCCESS,INFO,3815,3815,0,,2026-08-19T15:20:02.186Z,2026-08-19T16:02:20.903Z,2538,2026-08-19T16:02:20.903Z,V12A,Centennial,0e774440-67e4-4817-8f97-24afdbb9d82f,SAMMS-CentennialV5
202608191602179160,202608191519596040,202608191519595710,97,6077,P1 Forms E&M Form MDM Bronze - V14,br_samms_eandm_form_mdm,TASK_COMPLETE,SUCCESS,INFO,1130,1130,0,,2026-08-19T15:20:02.186Z,2026-08-19T16:02:20.903Z,2538,2026-08-19T16:02:20.903Z,V14,VCPHCS-XIV-Bridgeway,0e774440-67e4-4817-8f97-24afdbb9d82f,SAMMS-VCPHCS-XIV-BridgewayV5
202608191602179161,202608191519596041,202608191519595710,97,6078,P1 Forms E&M Form MDM Bronze - V15,br_samms_eandm_form_mdm,TASK_COMPLETE,SUCCESS,INFO,2628,2628,0,,2026-08-19T15:20:02.186Z,2026-08-19T16:02:20.903Z,2538,2026-08-19T16:02:20.903Z,V15,Joplin,0e774440-67e4-4817-8f97-24afdbb9d82f,SAMMS-JoplinV5
202608191602179162,202608191519596042,202608191519595710,97,6079,P1 Forms E&M Form MDM Bronze - V17,br_samms_eandm_form_mdm,TASK_COMPLETE,SUCCESS,INFO,3546,3546,0,,2026-08-19T15:20:02.186Z,2026-08-19T16:02:20.903Z,2538,2026-08-19T16:02:20.903Z,V17,ColumbiaTN,0e774440-67e4-4817-8f97-24afdbb9d82f,SAMMS-ColumbiaTNv5
202608191602179163,202608191519596043,202608191519595710,97,6080,P1 Forms E&M Form MDM Bronze - V19,br_samms_eandm_form_mdm,TASK_COMPLETE,SUCCESS,INFO,4265,4265,0,,2026-08-19T15:20:02.186Z,2026-08-19T16:02:20.903Z,2538,2026-08-19T16:02:20.903Z,V19,Jackson,0e774440-67e4-4817-8f97-24afdbb9d82f,SAMMS-JacksonV5
202608191602179164,202608191519596044,202608191519595710,97,6081,P1 Forms E&M Form MDM Bronze - V20,br_samms_eandm_form_mdm,TASK_COMPLETE,SUCCESS,INFO,5784,5784,0,,2026-08-19T15:20:02.186Z,2026-08-19T16:02:20.903Z,2538,2026-08-19T16:02:20.903Z,V20,Paris,0e774440-67e4-4817-8f97-24afdbb9d82f,SAMMS-ParisV5
202608191602179165,202608191519596045,202608191519595710,97,6082,P1 Forms E&M Form MDM Bronze - V21,br_samms_eandm_form_mdm,TASK_COMPLETE,SUCCESS,INFO,4924,4924,0,,2026-08-19T15:20:02.186Z,2026-08-19T16:02:20.903Z,2538,2026-08-19T16:02:20.903Z,V21,Raleigh,0e774440-67e4-4817-8f97-24afdbb9d82f,SAMMS-RaleighV5
202608191602179166,202608191519596046,202608191519595710,97,6083,P1 Forms E&M Form MDM Bronze - V5,br_samms_eandm_form_mdm,TASK_COMPLETE,SUCCESS,INFO,1106,1106,0,,2026-08-19T15:20:02.186Z,2026-08-19T16:02:20.903Z,2538,2026-08-19T16:02:20.903Z,V5,NONTC,0e774440-67e4-4817-8f97-24afdbb9d82f,SAMMS-NONTCv5
202608191602179167,202608191519596047,202608191519595710,97,6084,P1 Forms E&M Form MDM Bronze - V5B,br_samms_eandm_form_mdm,TASK_COMPLETE,SUCCESS,INFO,921,921,0,,2026-08-19T15:20:02.186Z,2026-08-19T16:02:20.903Z,2538,2026-08-19T16:02:20.903Z,V5B,Houma,0e774440-67e4-4817-8f97-24afdbb9d82f,SAMMS-HoumaV6
202608191602179168,202608191519596048,202608191519595710,97,6085,P1 Forms E&M Form MDM Bronze - V6,br_samms_eandm_form_mdm,TASK_COMPLETE,SUCCESS,INFO,5171,5171,0,,2026-08-19T15:20:02.186Z,2026-08-19T16:02:20.903Z,2538,2026-08-19T16:02:20.903Z,V6,LC,0e774440-67e4-4817-8f97-24afdbb9d82f,SAMMS-LCv5
202608191602179169,202608191519596049,202608191519595710,97,6086,P1 Forms E&M Form MDM Bronze - V8,br_samms_eandm_form_mdm,TASK_COMPLETE,SUCCESS,INFO,7376,7376,0,,2026-08-19T15:20:02.186Z,2026-08-19T16:02:20.903Z,2538,2026-08-19T16:02:20.903Z,V8,VCPHCS-VIII-Memphis,0e774440-67e4-4817-8f97-24afdbb9d82f,SAMMS-VCPHCS-VIII-MemphisV5
202608191602179170,202608191519596050,202608191519595710,97,6087,P1 Forms E&M Form MDM Bronze - V9,br_samms_eandm_form_mdm,TASK_COMPLETE,SUCCESS,INFO,9338,9338,0,,2026-08-19T15:20:02.186Z,2026-08-19T16:02:20.903Z,2538,2026-08-19T16:02:20.903Z,V9,Nashville,0e774440-67e4-4817-8f97-24afdbb9d82f,SAMMS-NashvilleV5
202608191602179171,202608191519596051,202608191519595710,97,6088,P1 Forms E&M Form MDM Bronze - VBRA,br_samms_eandm_form_mdm,TASK_COMPLETE,SUCCESS,INFO,1724,1724,0,,2026-08-19T15:20:02.186Z,2026-08-19T16:02:20.903Z,2538,2026-08-19T16:02:20.903Z,VBRA,Brainerd,0e774440-67e4-4817-8f97-24afdbb9d82f,SAMMS-BrainerdV6
202608191602179173,202608191519596052,202608191519595710,97,6089,P1 Forms E&M Form MDM Bronze - VBRP,br_samms_eandm_form_mdm,TASK_COMPLETE,SUCCESS,INFO,4661,4661,0,,2026-08-19T15:20:02.186Z,2026-08-19T16:02:20.903Z,2538,2026-08-19T16:02:20.903Z,VBRP,BrooklynPark,0e774440-67e4-4817-8f97-24afdbb9d82f,SAMMS-BrooklynParkV6
202608191602179174,202608191519596053,202608191519595710,97,6090,P1 Forms E&M Form MDM Bronze - VMIN,br_samms_eandm_form_mdm,TASK_COMPLETE,SUCCESS,INFO,3065,3065,0,,2026-08-19T15:20:02.186Z,2026-08-19T16:02:20.903Z,2538,2026-08-19T16:02:20.903Z,VMIN,Minneapolis,0e774440-67e4-4817-8f97-24afdbb9d82f,SAMMS-MinneapolisV6
202608191602179175,202608191519596054,202608191519595710,97,6091,P1 Forms E&M Form MDM Bronze - VWBY,br_samms_eandm_form_mdm,TASK_COMPLETE,SUCCESS,INFO,8421,8421,0,,2026-08-19T15:20:02.186Z,2026-08-19T16:02:20.903Z,2538,2026-08-19T16:02:20.903Z,VWBY,Woodbury,0e774440-67e4-4817-8f97-24afdbb9d82f,SAMMS-WoodburyV6
202608191602179176,202608191519596055,202608191519595710,97,6092,P1 Forms E&M Form MDM Bronze - WIL,br_samms_eandm_form_mdm,TASK_COMPLETE,SUCCESS,INFO,2551,2551,0,,2026-08-19T15:20:02.186Z,2026-08-19T16:02:20.903Z,2538,2026-08-19T16:02:20.903Z,WIL,Wilson,0e774440-67e4-4817-8f97-24afdbb9d82f,SAMMS-Wilson
202608191602179177,202608191519596056,202608191519595710,97,6095,P1 Forms SF Data Forms Bronze - AHK,br_samms_sf_data_forms,TASK_COMPLETE,SUCCESS,INFO,1066,1066,0,,2026-08-19T15:20:02.186Z,2026-08-19T16:02:20.903Z,2538,2026-08-19T16:02:20.903Z,AHK,Ahoskie,0e774440-67e4-4817-8f97-24afdbb9d82f,SAMMS-Ahoskie
202608191602179178,202608191519596057,202608191519595710,97,6096,P1 Forms SF Data Forms Bronze - B12B,br_samms_sf_data_forms,TASK_COMPLETE,SUCCESS,INFO,2636,2636,0,,2026-08-19T15:20:02.186Z,2026-08-19T16:02:20.903Z,2538,2026-08-19T16:02:20.903Z,B12B,ColoradoSprings,0e774440-67e4-4817-8f97-24afdbb9d82f,SAMMS-ColoradoSpringsV5
202608191602179179,202608191519596058,202608191519595710,97,6097,P1 Forms SF Data Forms Bronze - B24,br_samms_sf_data_forms,TASK_COMPLETE,SUCCESS,INFO,6504,6504,0,,2026-08-19T15:20:02.186Z,2026-08-19T16:02:20.903Z,2538,2026-08-19T16:02:20.903Z,B24,Paintsville,0e774440-67e4-4817-8f97-24afdbb9d82f,SAMMS-PaintsvilleV5
202608191602179180,202608191519596059,202608191519595710,97,6098,P1 Forms SF Data Forms Bronze - B25,br_samms_sf_data_forms,TASK_COMPLETE,SUCCESS,INFO,6355,6355,0,,2026-08-19T15:20:02.186Z,2026-08-19T16:02:20.903Z,2538,2026-08-19T16:02:20.903Z,B25,Pikeville,0e774440-67e4-4817-8f97-24afdbb9d82f,SAMMS-PikevilleV5
202608191602179181,202608191519596060,202608191519595710,97,6099,P1 Forms SF Data Forms Bronze - B26,br_samms_sf_data_forms,TASK_COMPLETE,SUCCESS,INFO,16552,16552,0,,2026-08-19T15:20:02.186Z,2026-08-19T16:02:20.903Z,2538,2026-08-19T16:02:20.903Z,B26,Hazard,0e774440-67e4-4817-8f97-24afdbb9d82f,SAMMS-HazardV5
202608191602179182,202608191519596061,202608191519595710,97,6100,P1 Forms SF Data Forms Bronze - B27,br_samms_sf_data_forms,TASK_COMPLETE,SUCCESS,INFO,2827,2827,0,,2026-08-19T15:20:02.186Z,2026-08-19T16:02:20.903Z,2538,2026-08-19T16:02:20.903Z,B27,Savannah,0e774440-67e4-4817-8f97-24afdbb9d82f,SAMMS-SavannahV6
202608191602179183,202608191519596062,202608191519595710,97,6101,P1 Forms SF Data Forms Bronze - B28,br_samms_sf_data_forms,TASK_COMPLETE,SUCCESS,INFO,1991,1991,0,,2026-08-19T15:20:02.186Z,2026-08-19T16:02:20.903Z,2538,2026-08-19T16:02:20.903Z,B28,WestPlaines,0e774440-67e4-4817-8f97-24afdbb9d82f,SAMMS-WestPlainesV5
202608191602179184,202608191519596063,202608191519595710,97,6102,P1 Forms SF Data Forms Bronze - B29,br_samms_sf_data_forms,TASK_COMPLETE,SUCCESS,INFO,3096,3096,0,,2026-08-19T15:20:02.186Z,2026-08-19T16:02:20.903Z,2538,2026-08-19T16:02:20.903Z,B29,PoplarBluff,0e774440-67e4-4817-8f97-24afdbb9d82f,SAMMS-PoplarBluffV5
202608191602179185,202608191519596064,202608191519595710,97,6103,P1 Forms SF Data Forms Bronze - B30,br_samms_sf_data_forms,TASK_COMPLETE,SUCCESS,INFO,1953,1953,0,,2026-08-19T15:20:02.186Z,2026-08-19T16:02:20.903Z,2538,2026-08-19T16:02:20.903Z,B30,KCN,0e774440-67e4-4817-8f97-24afdbb9d82f,SAMMS-KCNv5
202608191602179186,202608191519596065,202608191519595710,97,6104,P1 Forms SF Data Forms Bronze - B31,br_samms_sf_data_forms,TASK_COMPLETE,SUCCESS,INFO,5878,5878,0,,2026-08-19T15:20:02.186Z,2026-08-19T16:02:20.903Z,2538,2026-08-19T16:02:20.903Z,B31,Dyersburg,0e774440-67e4-4817-8f97-24afdbb9d82f,SAMMS-DyersburgV5
202608191602179188,202608191519596066,202608191519595710,97,6105,P1 Forms SF Data Forms Bronze - B33,br_samms_sf_data_forms,TASK_COMPLETE,SUCCESS,INFO,5396,5396,0,,2026-08-19T15:20:02.186Z,2026-08-19T16:02:20.903Z,2538,2026-08-19T16:02:20.903Z,B33,Paducah,0e774440-67e4-4817-8f97-24afdbb9d82f,SAMMS-Paducah
202608191602179189,202608191519596067,202608191519595710,97,6106,P1 Forms SF Data Forms Bronze - B34,br_samms_sf_data_forms,TASK_COMPLETE,SUCCESS,INFO,8650,8650,0,,2026-08-19T15:20:02.186Z,2026-08-19T16:02:20.903Z,2538,2026-08-19T16:02:20.903Z,B34,Corbin,0e774440-67e4-4817-8f97-24afdbb9d82f,SAMMS-CorbinV5
202608191602179190,202608191519596068,202608191519595710,97,6107,P1 Forms SF Data Forms Bronze - B35,br_samms_sf_data_forms,TASK_COMPLETE,SUCCESS,INFO,12076,12076,0,,2026-08-19T15:20:02.186Z,2026-08-19T16:02:20.903Z,2538,2026-08-19T16:02:20.903Z,B35,Lexington,0e774440-67e4-4817-8f97-24afdbb9d82f,SAMMS-LexingtonV5
202608191602179191,202608191519596069,202608191519595710,97,6108,P1 Forms SF Data Forms Bronze - B35A,br_samms_sf_data_forms,TASK_COMPLETE,SUCCESS,INFO,2837,2837,0,,2026-08-19T15:20:02.186Z,2026-08-19T16:02:20.903Z,2538,2026-08-19T16:02:20.903Z,B35A,Berea,0e774440-67e4-4817-8f97-24afdbb9d82f,SAMMS-BereaV5
202608191602179192,202608191519596070,202608191519595710,97,6109,P1 Forms SF Data Forms Bronze - B36,br_samms_sf_data_forms,TASK_COMPLETE,SUCCESS,INFO,4833,4833,0,,2026-08-19T15:20:02.186Z,2026-08-19T16:02:20.903Z,2538,2026-08-19T16:02:20.903Z,B36,Asheville,0e774440-67e4-4817-8f97-24afdbb9d82f,SAMMS-AshevilleV5
202608191602179193,202608191519596071,202608191519595710,97,6110,P1 Forms SF Data Forms Bronze - B37,br_samms_sf_data_forms,TASK_COMPLETE,SUCCESS,INFO,3147,3147,0,,2026-08-19T15:20:02.186Z,2026-08-19T16:02:20.903Z,2538,2026-08-19T16:02:20.903Z,B37,Clyde,0e774440-67e4-4817-8f97-24afdbb9d82f,SAMMS-ClydeV5
202608191602179194,202608191519596072,202608191519595710,97,6111,P1 Forms SF Data Forms Bronze - B38,br_samms_sf_data_forms,TASK_COMPLETE,SUCCESS,INFO,6357,6357,0,,2026-08-19T15:20:02.186Z,2026-08-19T16:02:20.903Z,2538,2026-08-19T16:02:20.903Z,B38,Spartanburg,0e774440-67e4-4817-8f97-24afdbb9d82f,SAMMS-SpartanburgV5
202608191602179195,202608191519596073,202608191519595710,97,6112,P1 Forms SF Data Forms Bronze - B39,br_samms_sf_data_forms,TASK_COMPLETE,SUCCESS,INFO,3198,3198,0,,2026-08-19T15:20:02.186Z,2026-08-19T16:02:20.903Z,2538,2026-08-19T16:02:20.903Z,B39,Aiken,0e774440-67e4-4817-8f97-24afdbb9d82f,SAMMS-AikenV5
202608191602179196,202608191519596074,202608191519595710,97,6113,P1 Forms SF Data Forms Bronze - B41,br_samms_sf_data_forms,TASK_COMPLETE,SUCCESS,INFO,6340,6340,0,,2026-08-19T15:20:02.186Z,2026-08-19T16:02:20.903Z,2538,2026-08-19T16:02:20.903Z,B41,Chesapeake,0e774440-67e4-4817-8f97-24afdbb9d82f,SAMMS-ChesapeakeV5
202608191602179197,202608191519596075,202608191519595710,97,6114,P1 Forms SF Data Forms Bronze - B42,br_samms_sf_data_forms,TASK_COMPLETE,SUCCESS,INFO,8236,8236,0,,2026-08-19T15:20:02.186Z,2026-08-19T16:02:20.903Z,2538,2026-08-19T16:02:20.903Z,B42,VirginiaBeach,0e774440-67e4-4817-8f97-24afdbb9d82f,SAMMS-VirginiaBeachV5
202608191602179198,202608191519596076,202608191519595710,97,6115,P1 Forms SF Data Forms Bronze - B42A,br_samms_sf_data_forms,TASK_COMPLETE,SUCCESS,INFO,5164,5164,0,,2026-08-19T15:20:02.186Z,2026-08-19T16:02:20.903Z,2538,2026-08-19T16:02:20.903Z,B42A,NewportNews,0e774440-67e4-4817-8f97-24afdbb9d82f,SAMMS-NewportNewsV5
202608191602179200,202608191519596077,202608191519595710,97,6116,P1 Forms SF Data Forms Bronze - B42B,br_samms_sf_data_forms,TASK_COMPLETE,SUCCESS,INFO,1245,1245,0,,2026-08-19T15:20:02.186Z,2026-08-19T16:02:20.903Z,2538,2026-08-19T16:02:20.903Z,B42B,Franklin,0e774440-67e4-4817-8f97-24afdbb9d82f,SAMMS-FranklinV5
202608191602179201,202608191519596078,202608191519595710,97,6117,P1 Forms SF Data Forms Bronze - B42C,br_samms_sf_data_forms,TASK_COMPLETE,SUCCESS,INFO,5542,5542,0,,2026-08-19T15:20:02.186Z,2026-08-19T16:02:20.903Z,2538,2026-08-19T16:02:20.903Z,B42C,GlenAllen,0e774440-67e4-4817-8f97-24afdbb9d82f,SAMMS-GlenAllenV5
202608191602179202,202608191519596079,202608191519595710,97,6118,P1 Forms SF Data Forms Bronze - B42D,br_samms_sf_data_forms,TASK_COMPLETE,SUCCESS,INFO,4551,4551,0,,2026-08-19T15:20:02.186Z,2026-08-19T16:02:20.903Z,2538,2026-08-19T16:02:20.903Z,B42D,ChesapeakeSouth,0e774440-67e4-4817-8f97-24afdbb9d82f,SAMMS-ChesapeakeSouthV5
202608191602179203,202608191519596080,202608191519595710,97,6119,P1 Forms SF Data Forms Bronze - B44,br_samms_sf_data_forms,TASK_COMPLETE,SUCCESS,INFO,2493,2493,0,,2026-08-19T15:20:02.186Z,2026-08-19T16:02:20.903Z,2538,2026-08-19T16:02:20.903Z,B44,Albany,0e774440-67e4-4817-8f97-24afdbb9d82f,SAMMS-AlbanyV5
202608191602179204,202608191519596081,202608191519595710,97,6120,P1 Forms SF Data Forms Bronze - B45,br_samms_sf_data_forms,TASK_COMPLETE,SUCCESS,INFO,5188,5188,0,,2026-08-19T15:20:02.186Z,2026-08-19T16:02:20.903Z,2538,2026-08-19T16:02:20.903Z,B45,Tifton,0e774440-67e4-4817-8f97-24afdbb9d82f,SAMMS-TiftonV5
202608191602179205,202608191519596082,202608191519595710,97,6121,P1 Forms SF Data Forms Bronze - B46,br_samms_sf_data_forms,TASK_COMPLETE,SUCCESS,INFO,8388,8388,0,,2026-08-19T15:20:02.186Z,2026-08-19T16:02:20.903Z,2538,2026-08-19T16:02:20.903Z,B46,WashingtonDC,0e774440-67e4-4817-8f97-24afdbb9d82f,SAMMS-WashingtonDCv5
202608191602179206,202608191519596083,202608191519595710,97,6122,P1 Forms SF Data Forms Bronze - B47,br_samms_sf_data_forms,TASK_COMPLETE,SUCCESS,INFO,7203,7203,0,,2026-08-19T15:20:02.186Z,2026-08-19T16:02:20.903Z,2538,2026-08-19T16:02:20.903Z,B47,Mobile,0e774440-67e4-4817-8f97-24afdbb9d82f,SAMMS-MobileV5
202608191602179207,202608191519596084,202608191519595710,97,6123,P1 Forms SF Data Forms Bronze - B48,br_samms_sf_data_forms,TASK_COMPLETE,SUCCESS,INFO,5272,5272,0,,2026-08-19T15:20:02.186Z,2026-08-19T16:02:20.903Z,2538,2026-08-19T16:02:20.903Z,B48,Tuscaloosa,0e774440-67e4-4817-8f97-24afdbb9d82f,SAMMS-TuscaloosaV5
202608191602179208,202608191519596085,202608191519595710,97,6124,P1 Forms SF Data Forms Bronze - B51,br_samms_sf_data_forms,TASK_COMPLETE,SUCCESS,INFO,2941,2941,0,,2026-08-19T15:20:02.186Z,2026-08-19T16:02:20.903Z,2538,2026-08-19T16:02:20.903Z,B51,NorthLittleRock,0e774440-67e4-4817-8f97-24afdbb9d82f,SAMMS-NorthLittleRockV6
202608191602179209,202608191519596086,202608191519595710,97,6125,P1 Forms SF Data Forms Bronze - B52,br_samms_sf_data_forms,TASK_COMPLETE,SUCCESS,INFO,3018,3018,0,,2026-08-19T15:20:02.186Z,2026-08-19T16:02:20.903Z,2538,2026-08-19T16:02:20.903Z,B52,JacksonGA,0e774440-67e4-4817-8f97-24afdbb9d82f,SAMMS-JacksonGAV5
202608191602179211,202608191519596087,202608191519595710,97,6126,P1 Forms SF Data Forms Bronze - B54,br_samms_sf_data_forms,TASK_COMPLETE,SUCCESS,INFO,4815,4815,0,,2026-08-19T15:20:02.186Z,2026-08-19T16:02:20.903Z,2538,2026-08-19T16:02:20.903Z,B54,Gadsden,0e774440-67e4-4817-8f97-24afdbb9d82f,SAMMS-GadsdenV5
202608191602179212,202608191519596088,202608191519595710,97,6127,P1 Forms SF Data Forms Bronze - B55,br_samms_sf_data_forms,TASK_COMPLETE,SUCCESS,INFO,6866,6866,0,,2026-08-19T15:20:02.186Z,2026-08-19T16:02:20.903Z,2538,2026-08-19T16:02:20.903Z,B55,Shoals,0e774440-67e4-4817-8f97-24afdbb9d82f,SAMMS-ShoalsV5
202608191602179213,202608191519596089,202608191519595710,97,6128,P1 Forms SF Data Forms Bronze - B57,br_samms_sf_data_forms,TASK_COMPLETE,SUCCESS,INFO,2594,2594,0,,2026-08-19T15:20:02.186Z,2026-08-19T16:02:20.903Z,2538,2026-08-19T16:02:20.903Z,B57,Pawtucket,0e774440-67e4-4817-8f97-24afdbb9d82f,SAMMS-Pawtucket
202608191602179214,202608191519596090,202608191519595710,97,6129,P1 Forms SF Data Forms Bronze - B57A,br_samms_sf_data_forms,TASK_COMPLETE,SUCCESS,INFO,3958,3958,0,,2026-08-19T15:20:02.186Z,2026-08-19T16:02:20.903Z,2538,2026-08-19T16:02:20.903Z,B57A,Johnston,0e774440-67e4-4817-8f97-24afdbb9d82f,SAMMS-Johnston
202608191602179215,202608191519596091,202608191519595710,97,6130,P1 Forms SF Data Forms Bronze - B57B,br_samms_sf_data_forms,TASK_COMPLETE,SUCCESS,INFO,1347,1347,0,,2026-08-19T15:20:02.186Z,2026-08-19T16:02:20.903Z,2538,2026-08-19T16:02:20.903Z,B57B,Middletown,0e774440-67e4-4817-8f97-24afdbb9d82f,SAMMS-Middletown
202608191602179216,202608191519596092,202608191519595710,97,6131,P1 Forms SF Data Forms Bronze - B57C,br_samms_sf_data_forms,TASK_COMPLETE,SUCCESS,INFO,2643,2643,0,,2026-08-19T15:20:02.186Z,2026-08-19T16:02:20.903Z,2538,2026-08-19T16:02:20.903Z,B57C,Providence,0e774440-67e4-4817-8f97-24afdbb9d82f,SAMMS-Providence
202608191602179217,202608191519596093,202608191519595710,97,6132,P1 Forms SF Data Forms Bronze - B57D,br_samms_sf_data_forms,TASK_COMPLETE,SUCCESS,INFO,2581,2581,0,,2026-08-19T15:20:02.186Z,2026-08-19T16:02:20.903Z,2538,2026-08-19T16:02:20.903Z,B57D,Westerly,0e774440-67e4-4817-8f97-24afdbb9d82f,SAMMS-Westerly
202608191602179218,202608191519596094,202608191519595710,97,6133,P1 Forms SF Data Forms Bronze - B66A,br_samms_sf_data_forms,TASK_COMPLETE,SUCCESS,INFO,2440,2440,0,,2026-08-19T15:20:02.186Z,2026-08-19T16:02:20.903Z,2538,2026-08-19T16:02:20.903Z,B66A,Bremen,0e774440-67e4-4817-8f97-24afdbb9d82f,SAMMS-Bremen
202608191602179011,202608191519595903,202608191519595710,97,5938,P1 Forms E&M Form Pregnancy Bronze - MRD,br_samms_eandm_form_pregnancy,TASK_COMPLETE,SUCCESS,INFO,203,203,0,,2026-08-19T15:20:02.186Z,2026-08-19T16:02:20.903Z,2538,2026-08-19T16:02:20.903Z,MRD,Meridian,0e774440-67e4-4817-8f97-24afdbb9d82f,SAMMS-Meridian
202608191602179012,202608191519595904,202608191519595710,97,5939,P1 Forms E&M Form Pregnancy Bronze - NC,br_samms_eandm_form_pregnancy,TASK_COMPLETE,SUCCESS,INFO,597,597,0,,2026-08-19T15:20:02.186Z,2026-08-19T16:02:20.903Z,2538,2026-08-19T16:02:20.903Z,NC,NorthCharleston,0e774440-67e4-4817-8f97-24afdbb9d82f,SAMMS-NorthCharleston
202608191602179013,202608191519595905,202608191519595710,97,5940,P1 Forms E&M Form Pregnancy Bronze - NLR,br_samms_eandm_form_pregnancy,TASK_COMPLETE,SUCCESS,INFO,586,586,0,,2026-08-19T15:20:02.186Z,2026-08-19T16:02:20.903Z,2538,2026-08-19T16:02:20.903Z,NLR,NLROBOT,0e774440-67e4-4817-8f97-24afdbb9d82f,SAMMS-NLROBOT
202608191602179014,202608191519595906,202608191519595710,97,5941,P1 Forms E&M Form Pregnancy Bronze - PH,br_samms_eandm_form_pregnancy,TASK_COMPLETE,SUCCESS,INFO,93,93,0,,2026-08-19T15:20:02.186Z,2026-08-19T16:02:20.903Z,2538,2026-08-19T16:02:20.903Z,PH,Phoenix,0e774440-67e4-4817-8f97-24afdbb9d82f,SAMMS-Phoenix
202608191602179015,202608191519595907,202608191519595710,97,5942,P1 Forms E&M Form Pregnancy Bronze - RE,br_samms_eandm_form_pregnancy,TASK_COMPLETE,SUCCESS,INFO,483,483,0,,2026-08-19T15:20:02.186Z,2026-08-19T16:02:20.903Z,2538,2026-08-19T16:02:20.903Z,RE,Reno,0e774440-67e4-4817-8f97-24afdbb9d82f,SAMMS-Reno
202608191602179016,202608191519595908,202608191519595710,97,5943,P1 Forms E&M Form Pregnancy Bronze - RMD,br_samms_eandm_form_pregnancy,TASK_COMPLETE,SUCCESS,INFO,733,733,0,,2026-08-19T15:20:02.186Z,2026-08-19T16:02:20.903Z,2538,2026-08-19T16:02:20.903Z,RMD,Richmond,0e774440-67e4-4817-8f97-24afdbb9d82f,SAMMS-Richmond
202608191602179017,202608191519595909,202608191519595710,97,5944,P1 Forms E&M Form Pregnancy Bronze - SFN,br_samms_eandm_form_pregnancy,TASK_COMPLETE,SUCCESS,INFO,498,498,0,,2026-08-19T15:20:02.186Z,2026-08-19T16:02:20.903Z,2538,2026-08-19T16:02:20.903Z,SFN,SFN,0e774440-67e4-4817-8f97-24afdbb9d82f,SAMMS-SFNv5
202608191602179018,202608191519595910,202608191519595710,97,5945,P1 Forms E&M Form Pregnancy Bronze - SHP,br_samms_eandm_form_pregnancy,TASK_COMPLETE,SUCCESS,INFO,496,496,0,,2026-08-19T15:20:02.186Z,2026-08-19T16:02:20.903Z,2538,2026-08-19T16:02:20.903Z,SHP,Shreveport,0e774440-67e4-4817-8f97-24afdbb9d82f,SAMMS-Shreveport
202608191602179019,202608191519595911,202608191519595710,97,5946,P1 Forms E&M Form Pregnancy Bronze - STN,br_samms_eandm_form_pregnancy,TASK_COMPLETE,SUCCESS,INFO,209,209,0,,2026-08-19T15:20:02.186Z,2026-08-19T16:02:20.903Z,2538,2026-08-19T16:02:20.903Z,STN,Staunton,0e774440-67e4-4817-8f97-24afdbb9d82f,SAMMS-Staunton
202608191602179020,202608191519595912,202608191519595710,97,5947,P1 Forms E&M Form Pregnancy Bronze - STVN,br_samms_eandm_form_pregnancy,TASK_COMPLETE,SUCCESS,INFO,54,54,0,,2026-08-19T15:20:02.186Z,2026-08-19T16:02:20.903Z,2538,2026-08-19T16:02:20.903Z,STVN,Stevenson,0e774440-67e4-4817-8f97-24afdbb9d82f,SAMMS-Stevenson
202608191602179022,202608191519595913,202608191519595710,97,5948,P1 Forms E&M Form Pregnancy Bronze - TE,br_samms_eandm_form_pregnancy,TASK_COMPLETE,SUCCESS,INFO,74,74,0,,2026-08-19T15:20:02.186Z,2026-08-19T16:02:20.903Z,2538,2026-08-19T16:02:20.903Z,TE,Tempe,0e774440-67e4-4817-8f97-24afdbb9d82f,SAMMS-Tempe
202608191602179023,202608191519595914,202608191519595710,97,5949,P1 Forms E&M Form Pregnancy Bronze - TEX,br_samms_eandm_form_pregnancy,TASK_COMPLETE,SUCCESS,INFO,406,406,0,,2026-08-19T15:20:02.186Z,2026-08-19T16:02:20.903Z,2538,2026-08-19T16:02:20.903Z,TEX,Texarkana,0e774440-67e4-4817-8f97-24afdbb9d82f,SAMMS-Texarkana
202608191602179024,202608191519595915,202608191519595710,97,5950,P1 Forms E&M Form Pregnancy Bronze - TTCA,br_samms_eandm_form_pregnancy,TASK_COMPLETE,SUCCESS,INFO,538,538,0,,2026-08-19T15:20:02.186Z,2026-08-19T16:02:20.903Z,2538,2026-08-19T16:02:20.903Z,TTCA,Bessemer,0e774440-67e4-4817-8f97-24afdbb9d82f,SAMMS-BessemerV5
202608191602179025,202608191519595916,202608191519595710,97,5951,P1 Forms E&M Form Pregnancy Bronze - TTCB,br_samms_eandm_form_pregnancy,TASK_COMPLETE,SUCCESS,INFO,499,499,0,,2026-08-19T15:20:02.186Z,2026-08-19T16:02:20.903Z,2538,2026-08-19T16:02:20.903Z,TTCB,Cullman,0e774440-67e4-4817-8f97-24afdbb9d82f,SAMMS-CullmanV5
202608191602179026,202608191519595917,202608191519595710,97,5952,P1 Forms E&M Form Pregnancy Bronze - TTCC,br_samms_eandm_form_pregnancy,TASK_COMPLETE,SUCCESS,INFO,390,390,0,,2026-08-19T15:20:02.186Z,2026-08-19T16:02:20.903Z,2538,2026-08-19T16:02:20.903Z,TTCC,GrandBay,0e774440-67e4-4817-8f97-24afdbb9d82f,SAMMS-GrandBay
202608191602179027,202608191519595918,202608191519595710,97,5953,P1 Forms E&M Form Pregnancy Bronze - TU,br_samms_eandm_form_pregnancy,TASK_COMPLETE,SUCCESS,INFO,40,40,0,,2026-08-19T15:20:02.186Z,2026-08-19T16:02:20.903Z,2538,2026-08-19T16:02:20.903Z,TU,Tucson,0e774440-67e4-4817-8f97-24afdbb9d82f,SAMMS-Tucson
202608191602179028,202608191519595919,202608191519595710,97,5954,P1 Forms E&M Form Pregnancy Bronze - V1,br_samms_eandm_form_pregnancy,TASK_COMPLETE,SUCCESS,INFO,268,268,0,,2026-08-19T15:20:02.186Z,2026-08-19T16:02:20.903Z,2538,2026-08-19T16:02:20.903Z,V1,VCPHCS-I-Memphis,0e774440-67e4-4817-8f97-24afdbb9d82f,SAMMS-VCPHCS-I-MemphisV5
202608191602179029,202608191519595920,202608191519595710,97,5955,P1 Forms E&M Form Pregnancy Bronze - V10,br_samms_eandm_form_pregnancy,TASK_COMPLETE,SUCCESS,INFO,685,685,0,,2026-08-19T15:20:02.186Z,2026-08-19T16:02:20.903Z,2538,2026-08-19T16:02:20.903Z,V10,Boulder,0e774440-67e4-4817-8f97-24afdbb9d82f,SAMMS-BoulderV5
202608191602179030,202608191519595921,202608191519595710,97,5956,P1 Forms E&M Form Pregnancy Bronze - V10A,br_samms_eandm_form_pregnancy,TASK_COMPLETE,SUCCESS,INFO,1154,1154,0,,2026-08-19T15:20:02.186Z,2026-08-19T16:02:20.903Z,2538,2026-08-19T16:02:20.903Z,V10A,FortCollins,0e774440-67e4-4817-8f97-24afdbb9d82f,SAMMS-FortCollinsV5
202608191602179032,202608191519595922,202608191519595710,97,5957,P1 Forms E&M Form Pregnancy Bronze - V11,br_samms_eandm_form_pregnancy,TASK_COMPLETE,SUCCESS,INFO,995,995,0,,2026-08-19T15:20:02.186Z,2026-08-19T16:02:20.903Z,2538,2026-08-19T16:02:20.903Z,V11,VCPHCS-XI-NorthDenver,0e774440-67e4-4817-8f97-24afdbb9d82f,SAMMS-VCPHCS-XI-NorthDenverV5
202608191602179033,202608191519595923,202608191519595710,97,5958,P1 Forms E&M Form Pregnancy Bronze - V12,br_samms_eandm_form_pregnancy,TASK_COMPLETE,SUCCESS,INFO,1039,1039,0,,2026-08-19T15:20:02.186Z,2026-08-19T16:02:20.903Z,2538,2026-08-19T16:02:20.903Z,V12,VCPHCS-XII-DowntownDenver,0e774440-67e4-4817-8f97-24afdbb9d82f,SAMMS-VCPHCS-XII-DowntownDenverV5
202608191602179034,202608191519595924,202608191519595710,97,5959,P1 Forms E&M Form Pregnancy Bronze - V12A,br_samms_eandm_form_pregnancy,TASK_COMPLETE,SUCCESS,INFO,512,512,0,,2026-08-19T15:20:02.186Z,2026-08-19T16:02:20.903Z,2538,2026-08-19T16:02:20.903Z,V12A,Centennial,0e774440-67e4-4817-8f97-24afdbb9d82f,SAMMS-CentennialV5
202608191602179035,202608191519595925,202608191519595710,97,5960,P1 Forms E&M Form Pregnancy Bronze - V14,br_samms_eandm_form_pregnancy,TASK_COMPLETE,SUCCESS,INFO,340,340,0,,2026-08-19T15:20:02.186Z,2026-08-19T16:02:20.903Z,2538,2026-08-19T16:02:20.903Z,V14,VCPHCS-XIV-Bridgeway,0e774440-67e4-4817-8f97-24afdbb9d82f,SAMMS-VCPHCS-XIV-BridgewayV5
202608191602179036,202608191519595926,202608191519595710,97,5961,P1 Forms E&M Form Pregnancy Bronze - V15,br_samms_eandm_form_pregnancy,TASK_COMPLETE,SUCCESS,INFO,590,590,0,,2026-08-19T15:20:02.186Z,2026-08-19T16:02:20.903Z,2538,2026-08-19T16:02:20.903Z,V15,Joplin,0e774440-67e4-4817-8f97-24afdbb9d82f,SAMMS-JoplinV5
202608191602179037,202608191519595927,202608191519595710,97,5962,P1 Forms E&M Form Pregnancy Bronze - V17,br_samms_eandm_form_pregnancy,TASK_COMPLETE,SUCCESS,INFO,556,556,0,,2026-08-19T15:20:02.186Z,2026-08-19T16:02:20.903Z,2538,2026-08-19T16:02:20.903Z,V17,ColumbiaTN,0e774440-67e4-4817-8f97-24afdbb9d82f,SAMMS-ColumbiaTNv5
202608191602179038,202608191519595928,202608191519595710,97,5963,P1 Forms E&M Form Pregnancy Bronze - V19,br_samms_eandm_form_pregnancy,TASK_COMPLETE,SUCCESS,INFO,508,508,0,,2026-08-19T15:20:02.186Z,2026-08-19T16:02:20.903Z,2538,2026-08-19T16:02:20.903Z,V19,Jackson,0e774440-67e4-4817-8f97-24afdbb9d82f,SAMMS-JacksonV5
202608191602179039,202608191519595929,202608191519595710,97,5964,P1 Forms E&M Form Pregnancy Bronze - V20,br_samms_eandm_form_pregnancy,TASK_COMPLETE,SUCCESS,INFO,474,474,0,,2026-08-19T15:20:02.186Z,2026-08-19T16:02:20.903Z,2538,2026-08-19T16:02:20.903Z,V20,Paris,0e774440-67e4-4817-8f97-24afdbb9d82f,SAMMS-ParisV5
202608191602179040,202608191519595930,202608191519595710,97,5965,P1 Forms E&M Form Pregnancy Bronze - V21,br_samms_eandm_form_pregnancy,TASK_COMPLETE,SUCCESS,INFO,399,399,0,,2026-08-19T15:20:02.186Z,2026-08-19T16:02:20.903Z,2538,2026-08-19T16:02:20.903Z,V21,Raleigh,0e774440-67e4-4817-8f97-24afdbb9d82f,SAMMS-RaleighV5
202608191602179041,202608191519595931,202608191519595710,97,5966,P1 Forms E&M Form Pregnancy Bronze - V5,br_samms_eandm_form_pregnancy,TASK_COMPLETE,SUCCESS,INFO,696,696,0,,2026-08-19T15:20:02.186Z,2026-08-19T16:02:20.903Z,2538,2026-08-19T16:02:20.903Z,V5,NONTC,0e774440-67e4-4817-8f97-24afdbb9d82f,SAMMS-NONTCv5
202608191602179042,202608191519595932,202608191519595710,97,5967,P1 Forms E&M Form Pregnancy Bronze - V5B,br_samms_eandm_form_pregnancy,TASK_COMPLETE,SUCCESS,INFO,242,242,0,,2026-08-19T15:20:02.186Z,2026-08-19T16:02:20.903Z,2538,2026-08-19T16:02:20.903Z,V5B,Houma,0e774440-67e4-4817-8f97-24afdbb9d82f,SAMMS-HoumaV6
202608191602179043,202608191519595933,202608191519595710,97,5968,P1 Forms E&M Form Pregnancy Bronze - V6,br_samms_eandm_form_pregnancy,TASK_COMPLETE,SUCCESS,INFO,907,907,0,,2026-08-19T15:20:02.186Z,2026-08-19T16:02:20.903Z,2538,2026-08-19T16:02:20.903Z,V6,LC,0e774440-67e4-4817-8f97-24afdbb9d82f,SAMMS-LCv5
202608191602179044,202608191519595934,202608191519595710,97,5969,P1 Forms E&M Form Pregnancy Bronze - V8,br_samms_eandm_form_pregnancy,TASK_COMPLETE,SUCCESS,INFO,824,824,0,,2026-08-19T15:20:02.186Z,2026-08-19T16:02:20.903Z,2538,2026-08-19T16:02:20.903Z,V8,VCPHCS-VIII-Memphis,0e774440-67e4-4817-8f97-24afdbb9d82f,SAMMS-VCPHCS-VIII-MemphisV5
202608191602179045,202608191519595935,202608191519595710,97,5970,P1 Forms E&M Form Pregnancy Bronze - V9,br_samms_eandm_form_pregnancy,TASK_COMPLETE,SUCCESS,INFO,1818,1818,0,,2026-08-19T15:20:02.186Z,2026-08-19T16:02:20.903Z,2538,2026-08-19T16:02:20.903Z,V9,Nashville,0e774440-67e4-4817-8f97-24afdbb9d82f,SAMMS-NashvilleV5
202608191602179047,202608191519595936,202608191519595710,97,5971,P1 Forms E&M Form Pregnancy Bronze - VBRA,br_samms_eandm_form_pregnancy,TASK_COMPLETE,SUCCESS,INFO,570,570,0,,2026-08-19T15:20:02.186Z,2026-08-19T16:02:20.903Z,2538,2026-08-19T16:02:20.903Z,VBRA,Brainerd,0e774440-67e4-4817-8f97-24afdbb9d82f,SAMMS-BrainerdV6
202608191602179048,202608191519595937,202608191519595710,97,5972,P1 Forms E&M Form Pregnancy Bronze - VBRP,br_samms_eandm_form_pregnancy,TASK_COMPLETE,SUCCESS,INFO,1083,1083,0,,2026-08-19T15:20:02.186Z,2026-08-19T16:02:20.903Z,2538,2026-08-19T16:02:20.903Z,VBRP,BrooklynPark,0e774440-67e4-4817-8f97-24afdbb9d82f,SAMMS-BrooklynParkV6
202608191602179049,202608191519595938,202608191519595710,97,5973,P1 Forms E&M Form Pregnancy Bronze - VMIN,br_samms_eandm_form_pregnancy,TASK_COMPLETE,SUCCESS,INFO,981,981,0,,2026-08-19T15:20:02.186Z,2026-08-19T16:02:20.903Z,2538,2026-08-19T16:02:20.903Z,VMIN,Minneapolis,0e774440-67e4-4817-8f97-24afdbb9d82f,SAMMS-MinneapolisV6
202608191602179050,202608191519595939,202608191519595710,97,5974,P1 Forms E&M Form Pregnancy Bronze - VWBY,br_samms_eandm_form_pregnancy,TASK_COMPLETE,SUCCESS,INFO,1595,1595,0,,2026-08-19T15:20:02.186Z,2026-08-19T16:02:20.903Z,2538,2026-08-19T16:02:20.903Z,VWBY,Woodbury,0e774440-67e4-4817-8f97-24afdbb9d82f,SAMMS-WoodburyV6
202608191602179051,202608191519595940,202608191519595710,97,5975,P1 Forms E&M Form Pregnancy Bronze - WIL,br_samms_eandm_form_pregnancy,TASK_COMPLETE,SUCCESS,INFO,485,485,0,,2026-08-19T15:20:02.186Z,2026-08-19T16:02:20.903Z,2538,2026-08-19T16:02:20.903Z,WIL,Wilson,0e774440-67e4-4817-8f97-24afdbb9d82f,SAMMS-Wilson
202608191602179052,202608191519595941,202608191519595710,97,5978,P1 Forms E&M Form MDM Bronze - AHK,br_samms_eandm_form_mdm,TASK_COMPLETE,SUCCESS,INFO,468,468,0,,2026-08-19T15:20:02.186Z,2026-08-19T16:02:20.903Z,2538,2026-08-19T16:02:20.903Z,AHK,Ahoskie,0e774440-67e4-4817-8f97-24afdbb9d82f,SAMMS-Ahoskie
202608191602179053,202608191519595942,202608191519595710,97,5979,P1 Forms E&M Form MDM Bronze - B12B,br_samms_eandm_form_mdm,TASK_COMPLETE,SUCCESS,INFO,2918,2918,0,,2026-08-19T15:20:02.186Z,2026-08-19T16:02:20.903Z,2538,2026-08-19T16:02:20.903Z,B12B,ColoradoSprings,0e774440-67e4-4817-8f97-24afdbb9d82f,SAMMS-ColoradoSpringsV5
202608191602179054,202608191519595943,202608191519595710,97,5980,P1 Forms E&M Form MDM Bronze - B24,br_samms_eandm_form_mdm,TASK_COMPLETE,SUCCESS,INFO,12424,12424,0,,2026-08-19T15:20:02.186Z,2026-08-19T16:02:20.903Z,2538,2026-08-19T16:02:20.903Z,B24,Paintsville,0e774440-67e4-4817-8f97-24afdbb9d82f,SAMMS-PaintsvilleV5
202608191602179055,202608191519595944,202608191519595710,97,5981,P1 Forms E&M Form MDM Bronze - B25,br_samms_eandm_form_mdm,TASK_COMPLETE,SUCCESS,INFO,2436,2436,0,,2026-08-19T15:20:02.186Z,2026-08-19T16:02:20.903Z,2538,2026-08-19T16:02:20.903Z,B25,Pikeville,0e774440-67e4-4817-8f97-24afdbb9d82f,SAMMS-PikevilleV5
202608191602179056,202608191519595945,202608191519595710,97,5982,P1 Forms E&M Form MDM Bronze - B26,br_samms_eandm_form_mdm,TASK_COMPLETE,SUCCESS,INFO,6783,6783,0,,2026-08-19T15:20:02.186Z,2026-08-19T16:02:20.903Z,2538,2026-08-19T16:02:20.903Z,B26,Hazard,0e774440-67e4-4817-8f97-24afdbb9d82f,SAMMS-HazardV5
202608191602179058,202608191519595946,202608191519595710,97,5983,P1 Forms E&M Form MDM Bronze - B27,br_samms_eandm_form_mdm,TASK_COMPLETE,SUCCESS,INFO,2968,2968,0,,2026-08-19T15:20:02.186Z,2026-08-19T16:02:20.903Z,2538,2026-08-19T16:02:20.903Z,B27,Savannah,0e774440-67e4-4817-8f97-24afdbb9d82f,SAMMS-SavannahV6
202608191602179059,202608191519595947,202608191519595710,97,5984,P1 Forms E&M Form MDM Bronze - B28,br_samms_eandm_form_mdm,TASK_COMPLETE,SUCCESS,INFO,1052,1052,0,,2026-08-19T15:20:02.186Z,2026-08-19T16:02:20.903Z,2538,2026-08-19T16:02:20.903Z,B28,WestPlaines,0e774440-67e4-4817-8f97-24afdbb9d82f,SAMMS-WestPlainesV5
202608191602179060,202608191519595948,202608191519595710,97,5985,P1 Forms E&M Form MDM Bronze - B29,br_samms_eandm_form_mdm,TASK_COMPLETE,SUCCESS,INFO,1249,1249,0,,2026-08-19T15:20:02.186Z,2026-08-19T16:02:20.903Z,2538,2026-08-19T16:02:20.903Z,B29,PoplarBluff,0e774440-67e4-4817-8f97-24afdbb9d82f,SAMMS-PoplarBluffV5
202608191602179061,202608191519595949,202608191519595710,97,5986,P1 Forms E&M Form MDM Bronze - B30,br_samms_eandm_form_mdm,TASK_COMPLETE,SUCCESS,INFO,763,763,0,,2026-08-19T15:20:02.186Z,2026-08-19T16:02:20.903Z,2538,2026-08-19T16:02:20.903Z,B30,KCN,0e774440-67e4-4817-8f97-24afdbb9d82f,SAMMS-KCNv5
202608191602179062,202608191519595950,202608191519595710,97,5987,P1 Forms E&M Form MDM Bronze - B31,br_samms_eandm_form_mdm,TASK_COMPLETE,SUCCESS,INFO,5791,5791,0,,2026-08-19T15:20:02.186Z,2026-08-19T16:02:20.903Z,2538,2026-08-19T16:02:20.903Z,B31,Dyersburg,0e774440-67e4-4817-8f97-24afdbb9d82f,SAMMS-DyersburgV5
202608191602179063,202608191519595951,202608191519595710,97,5988,P1 Forms E&M Form MDM Bronze - B33,br_samms_eandm_form_mdm,TASK_COMPLETE,SUCCESS,INFO,7229,7229,0,,2026-08-19T15:20:02.186Z,2026-08-19T16:02:20.903Z,2538,2026-08-19T16:02:20.903Z,B33,Paducah,0e774440-67e4-4817-8f97-24afdbb9d82f,SAMMS-Paducah
202608191602179064,202608191519595952,202608191519595710,97,5989,P1 Forms E&M Form MDM Bronze - B34,br_samms_eandm_form_mdm,TASK_COMPLETE,SUCCESS,INFO,5128,5128,0,,2026-08-19T15:20:02.186Z,2026-08-19T16:02:20.903Z,2538,2026-08-19T16:02:20.903Z,B34,Corbin,0e774440-67e4-4817-8f97-24afdbb9d82f,SAMMS-CorbinV5
202608191602179065,202608191519595953,202608191519595710,97,5990,P1 Forms E&M Form MDM Bronze - B35,br_samms_eandm_form_mdm,TASK_COMPLETE,SUCCESS,INFO,6724,6724,0,,2026-08-19T15:20:02.186Z,2026-08-19T16:02:20.903Z,2538,2026-08-19T16:02:20.903Z,B35,Lexington,0e774440-67e4-4817-8f97-24afdbb9d82f,SAMMS-LexingtonV5
202608191602179066,202608191519595954,202608191519595710,97,5991,P1 Forms E&M Form MDM Bronze - B35A,br_samms_eandm_form_mdm,TASK_COMPLETE,SUCCESS,INFO,2918,2918,0,,2026-08-19T15:20:02.186Z,2026-08-19T16:02:20.903Z,2538,2026-08-19T16:02:20.903Z,B35A,Berea,0e774440-67e4-4817-8f97-24afdbb9d82f,SAMMS-BereaV5
202608191602179067,202608191519595955,202608191519595710,97,5992,P1 Forms E&M Form MDM Bronze - B36,br_samms_eandm_form_mdm,TASK_COMPLETE,SUCCESS,INFO,4019,4019,0,,2026-08-19T15:20:02.186Z,2026-08-19T16:02:20.903Z,2538,2026-08-19T16:02:20.903Z,B36,Asheville,0e774440-67e4-4817-8f97-24afdbb9d82f,SAMMS-AshevilleV5
202608191602179068,202608191519595956,202608191519595710,97,5993,P1 Forms E&M Form MDM Bronze - B37,br_samms_eandm_form_mdm,TASK_COMPLETE,SUCCESS,INFO,4856,4856,0,,2026-08-19T15:20:02.186Z,2026-08-19T16:02:20.903Z,2538,2026-08-19T16:02:20.903Z,B37,Clyde,0e774440-67e4-4817-8f97-24afdbb9d82f,SAMMS-ClydeV5
202608191602179070,202608191519595957,202608191519595710,97,5994,P1 Forms E&M Form MDM Bronze - B38,br_samms_eandm_form_mdm,TASK_COMPLETE,SUCCESS,INFO,4488,4488,0,,2026-08-19T15:20:02.186Z,2026-08-19T16:02:20.903Z,2538,2026-08-19T16:02:20.903Z,B38,Spartanburg,0e774440-67e4-4817-8f97-24afdbb9d82f,SAMMS-SpartanburgV5
202608191602179071,202608191519595958,202608191519595710,97,5995,P1 Forms E&M Form MDM Bronze - B39,br_samms_eandm_form_mdm,TASK_COMPLETE,SUCCESS,INFO,1302,1302,0,,2026-08-19T15:20:02.186Z,2026-08-19T16:02:20.903Z,2538,2026-08-19T16:02:20.903Z,B39,Aiken,0e774440-67e4-4817-8f97-24afdbb9d82f,SAMMS-AikenV5
202608191602179072,202608191519595959,202608191519595710,97,5996,P1 Forms E&M Form MDM Bronze - B41,br_samms_eandm_form_mdm,TASK_COMPLETE,SUCCESS,INFO,3698,3698,0,,2026-08-19T15:20:02.186Z,2026-08-19T16:02:20.903Z,2538,2026-08-19T16:02:20.903Z,B41,Chesapeake,0e774440-67e4-4817-8f97-24afdbb9d82f,SAMMS-ChesapeakeV5
202608191602179073,202608191519595960,202608191519595710,97,5997,P1 Forms E&M Form MDM Bronze - B42,br_samms_eandm_form_mdm,TASK_COMPLETE,SUCCESS,INFO,7034,7034,0,,2026-08-19T15:20:02.186Z,2026-08-19T16:02:20.903Z,2538,2026-08-19T16:02:20.903Z,B42,VirginiaBeach,0e774440-67e4-4817-8f97-24afdbb9d82f,SAMMS-VirginiaBeachV5
202608191602179074,202608191519595961,202608191519595710,97,5998,P1 Forms E&M Form MDM Bronze - B42A,br_samms_eandm_form_mdm,TASK_COMPLETE,SUCCESS,INFO,2005,2005,0,,2026-08-19T15:20:02.186Z,2026-08-19T16:02:20.903Z,2538,2026-08-19T16:02:20.903Z,B42A,NewportNews,0e774440-67e4-4817-8f97-24afdbb9d82f,SAMMS-NewportNewsV5
202608191602179075,202608191519595962,202608191519595710,97,5999,P1 Forms E&M Form MDM Bronze - B42B,br_samms_eandm_form_mdm,TASK_COMPLETE,SUCCESS,INFO,449,449,0,,2026-08-19T15:20:02.186Z,2026-08-19T16:02:20.903Z,2538,2026-08-19T16:02:20.903Z,B42B,Franklin,0e774440-67e4-4817-8f97-24afdbb9d82f,SAMMS-FranklinV5
202608191602179076,202608191519595963,202608191519595710,97,6000,P1 Forms E&M Form MDM Bronze - B42C,br_samms_eandm_form_mdm,TASK_COMPLETE,SUCCESS,INFO,1320,1320,0,,2026-08-19T15:20:02.186Z,2026-08-19T16:02:20.903Z,2538,2026-08-19T16:02:20.903Z,B42C,GlenAllen,0e774440-67e4-4817-8f97-24afdbb9d82f,SAMMS-GlenAllenV5
202608191602179077,202608191519595964,202608191519595710,97,6001,P1 Forms E&M Form MDM Bronze - B42D,br_samms_eandm_form_mdm,TASK_COMPLETE,SUCCESS,INFO,2023,2023,0,,2026-08-19T15:20:02.186Z,2026-08-19T16:02:20.903Z,2538,2026-08-19T16:02:20.903Z,B42D,ChesapeakeSouth,0e774440-67e4-4817-8f97-24afdbb9d82f,SAMMS-ChesapeakeSouthV5
202608191602179078,202608191519595965,202608191519595710,97,6002,P1 Forms E&M Form MDM Bronze - B44,br_samms_eandm_form_mdm,TASK_COMPLETE,SUCCESS,INFO,485,485,0,,2026-08-19T15:20:02.186Z,2026-08-19T16:02:20.903Z,2538,2026-08-19T16:02:20.903Z,B44,Albany,0e774440-67e4-4817-8f97-24afdbb9d82f,SAMMS-AlbanyV5
202608191602179079,202608191519595966,202608191519595710,97,6003,P1 Forms E&M Form MDM Bronze - B45,br_samms_eandm_form_mdm,TASK_COMPLETE,SUCCESS,INFO,1319,1319,0,,2026-08-19T15:20:02.186Z,2026-08-19T16:02:20.903Z,2538,2026-08-19T16:02:20.903Z,B45,Tifton,0e774440-67e4-4817-8f97-24afdbb9d82f,SAMMS-TiftonV5
202608191602179706,202608191519596543,202608191519595710,97,6590,P1 Forms Take Home Risk Assessment Bronze - B47,br_samms_take_home_risk_assessment,TASK_COMPLETE,SUCCESS,INFO,1015,1015,0,,2026-08-19T15:20:02.186Z,2026-08-19T16:02:20.903Z,2538,2026-08-19T16:02:20.903Z,B47,Mobile,0e774440-67e4-4817-8f97-24afdbb9d82f,SAMMS-MobileV5
202608191602179707,202608191519596544,202608191519595710,97,6591,P1 Forms Take Home Risk Assessment Bronze - B48,br_samms_take_home_risk_assessment,TASK_COMPLETE,SUCCESS,INFO,1260,1260,0,,2026-08-19T15:20:02.186Z,2026-08-19T16:02:20.903Z,2538,2026-08-19T16:02:20.903Z,B48,Tuscaloosa,0e774440-67e4-4817-8f97-24afdbb9d82f,SAMMS-TuscaloosaV5
202608191602179708,202608191519596545,202608191519595710,97,6592,P1 Forms Take Home Risk Assessment Bronze - B51,br_samms_take_home_risk_assessment,TASK_COMPLETE,SUCCESS,INFO,1,1,0,,2026-08-19T15:20:02.186Z,2026-08-19T16:02:20.903Z,2538,2026-08-19T16:02:20.903Z,B51,NorthLittleRock,0e774440-67e4-4817-8f97-24afdbb9d82f,SAMMS-NorthLittleRockV6
202608191602179709,202608191519596546,202608191519595710,97,6593,P1 Forms Take Home Risk Assessment Bronze - B52,br_samms_take_home_risk_assessment,TASK_COMPLETE,SUCCESS,INFO,666,666,0,,2026-08-19T15:20:02.186Z,2026-08-19T16:02:20.903Z,2538,2026-08-19T16:02:20.903Z,B52,JacksonGA,0e774440-67e4-4817-8f97-24afdbb9d82f,SAMMS-JacksonGAV5
202608191602179710,202608191519596547,202608191519595710,97,6594,P1 Forms Take Home Risk Assessment Bronze - B54,br_samms_take_home_risk_assessment,TASK_COMPLETE,SUCCESS,INFO,1526,1526,0,,2026-08-19T15:20:02.186Z,2026-08-19T16:02:20.903Z,2538,2026-08-19T16:02:20.903Z,B54,Gadsden,0e774440-67e4-4817-8f97-24afdbb9d82f,SAMMS-GadsdenV5
202608191602179711,202608191519596548,202608191519595710,97,6595,P1 Forms Take Home Risk Assessment Bronze - B55,br_samms_take_home_risk_assessment,TASK_COMPLETE,SUCCESS,INFO,8387,8387,0,,2026-08-19T15:20:02.186Z,2026-08-19T16:02:20.903Z,2538,2026-08-19T16:02:20.903Z,B55,Shoals,0e774440-67e4-4817-8f97-24afdbb9d82f,SAMMS-ShoalsV5
202608191602179712,202608191519596549,202608191519595710,97,6596,P1 Forms Take Home Risk Assessment Bronze - B57,br_samms_take_home_risk_assessment,TASK_COMPLETE,SUCCESS,INFO,246,246,0,,2026-08-19T15:20:02.186Z,2026-08-19T16:02:20.903Z,2538,2026-08-19T16:02:20.903Z,B57,Pawtucket,0e774440-67e4-4817-8f97-24afdbb9d82f,SAMMS-Pawtucket
202608191602179713,202608191519596550,202608191519595710,97,6597,P1 Forms Take Home Risk Assessment Bronze - B57A,br_samms_take_home_risk_assessment,TASK_COMPLETE,SUCCESS,INFO,287,287,0,,2026-08-19T15:20:02.186Z,2026-08-19T16:02:20.903Z,2538,2026-08-19T16:02:20.903Z,B57A,Johnston,0e774440-67e4-4817-8f97-24afdbb9d82f,SAMMS-Johnston
202608191602179714,202608191519596551,202608191519595710,97,6598,P1 Forms Take Home Risk Assessment Bronze - B57B,br_samms_take_home_risk_assessment,TASK_COMPLETE,SUCCESS,INFO,61,61,0,,2026-08-19T15:20:02.186Z,2026-08-19T16:02:20.903Z,2538,2026-08-19T16:02:20.903Z,B57B,Middletown,0e774440-67e4-4817-8f97-24afdbb9d82f,SAMMS-Middletown
202608191602179715,202608191519596552,202608191519595710,97,6599,P1 Forms Take Home Risk Assessment Bronze - B57C,br_samms_take_home_risk_assessment,TASK_COMPLETE,SUCCESS,INFO,218,218,0,,2026-08-19T15:20:02.186Z,2026-08-19T16:02:20.903Z,2538,2026-08-19T16:02:20.903Z,B57C,Providence,0e774440-67e4-4817-8f97-24afdbb9d82f,SAMMS-Providence
202608191602179716,202608191519596553,202608191519595710,97,6600,P1 Forms Take Home Risk Assessment Bronze - B57D,br_samms_take_home_risk_assessment,TASK_COMPLETE,SUCCESS,INFO,425,425,0,,2026-08-19T15:20:02.186Z,2026-08-19T16:02:20.903Z,2538,2026-08-19T16:02:20.903Z,B57D,Westerly,0e774440-67e4-4817-8f97-24afdbb9d82f,SAMMS-Westerly
202608191602179717,202608191519596554,202608191519595710,97,6601,P1 Forms Take Home Risk Assessment Bronze - B66A,br_samms_take_home_risk_assessment,TASK_COMPLETE,SUCCESS,INFO,0,0,0,,2026-08-19T15:20:02.186Z,2026-08-19T16:02:20.903Z,2538,2026-08-19T16:02:20.903Z,B66A,Bremen,0e774440-67e4-4817-8f97-24afdbb9d82f,SAMMS-Bremen
202608191602179718,202608191519596555,202608191519595710,97,6602,P1 Forms Take Home Risk Assessment Bronze - B72,br_samms_take_home_risk_assessment,TASK_COMPLETE,SUCCESS,INFO,0,0,0,,2026-08-19T15:20:02.186Z,2026-08-19T16:02:20.903Z,2538,2026-08-19T16:02:20.903Z,B72,Mobile-OBOT,0e774440-67e4-4817-8f97-24afdbb9d82f,SAMMS-Mobile-OBOT
202608191602179720,202608191519596556,202608191519595710,97,6603,P1 Forms Take Home Risk Assessment Bronze - B73,br_samms_take_home_risk_assessment,TASK_COMPLETE,SUCCESS,INFO,0,0,0,,2026-08-19T15:20:02.186Z,2026-08-19T16:02:20.903Z,2538,2026-08-19T16:02:20.903Z,B73,Montgomery,0e774440-67e4-4817-8f97-24afdbb9d82f,SAMMS-Montgomery
202608191602179721,202608191519596557,202608191519595710,97,6604,P1 Forms Take Home Risk Assessment Bronze - B75,br_samms_take_home_risk_assessment,TASK_COMPLETE,SUCCESS,INFO,3,3,0,,2026-08-19T15:20:02.186Z,2026-08-19T16:02:20.903Z,2538,2026-08-19T16:02:20.903Z,B75,Lawrence,0e774440-67e4-4817-8f97-24afdbb9d82f,SAMMS-LawrenceV6
202608191602179722,202608191519596558,202608191519595710,97,6605,P1 Forms Take Home Risk Assessment Bronze - B76,br_samms_take_home_risk_assessment,TASK_COMPLETE,SUCCESS,INFO,0,0,0,,2026-08-19T15:20:02.186Z,2026-08-19T16:02:20.903Z,2538,2026-08-19T16:02:20.903Z,B76,Huntsville-OBOT,0e774440-67e4-4817-8f97-24afdbb9d82f,SAMMS-Huntsville-OBOT
202608191602179723,202608191519596559,202608191519595710,97,6606,P1 Forms Take Home Risk Assessment Bronze - BAT,br_samms_take_home_risk_assessment,TASK_COMPLETE,SUCCESS,INFO,0,0,0,,2026-08-19T15:20:02.186Z,2026-08-19T16:02:20.903Z,2538,2026-08-19T16:02:20.903Z,BAT,Batesville,0e774440-67e4-4817-8f97-24afdbb9d82f,SAMMS-Batesville
202608191602179724,202608191519596560,202608191519595710,97,6607,P1 Forms Take Home Risk Assessment Bronze - BG,br_samms_take_home_risk_assessment,TASK_COMPLETE,SUCCESS,INFO,1421,1421,0,,2026-08-19T15:20:02.186Z,2026-08-19T16:02:20.903Z,2538,2026-08-19T16:02:20.903Z,BG,BowlingGreen,0e774440-67e4-4817-8f97-24afdbb9d82f,SAMMS-BowlingGreen
202608191602179725,202608191519596561,202608191519595710,97,6608,P1 Forms Take Home Risk Assessment Bronze - BOI,br_samms_take_home_risk_assessment,TASK_COMPLETE,SUCCESS,INFO,97,97,0,,2026-08-19T15:20:02.186Z,2026-08-19T16:02:20.903Z,2538,2026-08-19T16:02:20.903Z,BOI,Boise,0e774440-67e4-4817-8f97-24afdbb9d82f,SAMMS-Boise
202608191602179726,202608191519596562,202608191519595710,97,6609,P1 Forms Take Home Risk Assessment Bronze - CBCO,br_samms_take_home_risk_assessment,TASK_COMPLETE,SUCCESS,INFO,117,117,0,,2026-08-19T15:20:02.186Z,2026-08-19T16:02:20.903Z,2538,2026-08-19T16:02:20.903Z,CBCO,CoeurdAlene,0e774440-67e4-4817-8f97-24afdbb9d82f,SAMMS-CoeurdAleneV6
202608191602179727,202608191519596563,202608191519595710,97,6610,P1 Forms Take Home Risk Assessment Bronze - CON,br_samms_take_home_risk_assessment,TASK_COMPLETE,SUCCESS,INFO,0,0,0,,2026-08-19T15:20:02.186Z,2026-08-19T16:02:20.903Z,2538,2026-08-19T16:02:20.903Z,CON,Conway,0e774440-67e4-4817-8f97-24afdbb9d82f,SAMMS-Conway
202608191602179728,202608191519596564,202608191519595710,97,6611,P1 Forms Take Home Risk Assessment Bronze - D07,br_samms_take_home_risk_assessment,TASK_COMPLETE,SUCCESS,INFO,0,0,0,,2026-08-19T15:20:02.186Z,2026-08-19T16:02:20.903Z,2538,2026-08-19T16:02:20.903Z,D07,Knoxville,0e774440-67e4-4817-8f97-24afdbb9d82f,SAMMS-KnoxvilleV6
202608191602179729,202608191519596565,202608191519595710,97,6612,P1 Forms Take Home Risk Assessment Bronze - D08,br_samms_take_home_risk_assessment,TASK_COMPLETE,SUCCESS,INFO,327,327,0,,2026-08-19T15:20:02.186Z,2026-08-19T16:02:20.903Z,2538,2026-08-19T16:02:20.903Z,D08,Madison,0e774440-67e4-4817-8f97-24afdbb9d82f,SAMMS-MadisonV6
202608191602179730,202608191519596566,202608191519595710,97,6613,P1 Forms Take Home Risk Assessment Bronze - D09,br_samms_take_home_risk_assessment,TASK_COMPLETE,SUCCESS,INFO,303,303,0,,2026-08-19T15:20:02.186Z,2026-08-19T16:02:20.903Z,2538,2026-08-19T16:02:20.903Z,D09,Murfreesboro,0e774440-67e4-4817-8f97-24afdbb9d82f,SAMMS-MurfreesboroV6
202608191602179732,202608191519596567,202608191519595710,97,6614,P1 Forms Take Home Risk Assessment Bronze - DA,br_samms_take_home_risk_assessment,TASK_COMPLETE,SUCCESS,INFO,1623,1623,0,,2026-08-19T15:20:02.186Z,2026-08-19T16:02:20.903Z,2538,2026-08-19T16:02:20.903Z,DA,Davenport,0e774440-67e4-4817-8f97-24afdbb9d82f,SAMMS-Davenport
202608191602179733,202608191519596568,202608191519595710,97,6615,P1 Forms Take Home Risk Assessment Bronze - DM,br_samms_take_home_risk_assessment,TASK_COMPLETE,SUCCESS,INFO,435,435,0,,2026-08-19T15:20:02.186Z,2026-08-19T16:02:20.903Z,2538,2026-08-19T16:02:20.903Z,DM,DesMoines,0e774440-67e4-4817-8f97-24afdbb9d82f,SAMMS-DesMoines
202608191602179734,202608191519596569,202608191519595710,97,6616,P1 Forms Take Home Risk Assessment Bronze - DRD-CO,br_samms_take_home_risk_assessment,TASK_COMPLETE,SUCCESS,INFO,436,436,0,,2026-08-19T15:20:02.186Z,2026-08-19T16:02:20.903Z,2538,2026-08-19T16:02:20.903Z,DRD-CO,Columbia,0e774440-67e4-4817-8f97-24afdbb9d82f,SAMMS-ColumbiaV5
202608191602179735,202608191519596570,202608191519595710,97,6617,P1 Forms Take Home Risk Assessment Bronze - DRD-KC,br_samms_take_home_risk_assessment,TASK_COMPLETE,SUCCESS,INFO,1375,1375,0,,2026-08-19T15:20:02.186Z,2026-08-19T16:02:20.903Z,2538,2026-08-19T16:02:20.903Z,DRD-KC,KC,0e774440-67e4-4817-8f97-24afdbb9d82f,SAMMS-KCv5
202608191602179736,202608191519596571,202608191519595710,97,6618,P1 Forms Take Home Risk Assessment Bronze - DRD-KVB,br_samms_take_home_risk_assessment,TASK_COMPLETE,SUCCESS,INFO,2880,2880,0,,2026-08-19T15:20:02.186Z,2026-08-19T16:02:20.903Z,2538,2026-08-19T16:02:20.903Z,DRD-KVB,KVB,0e774440-67e4-4817-8f97-24afdbb9d82f,SAMMS-KVBv5
202608191602179737,202608191519596572,202608191519595710,97,6619,P1 Forms Take Home Risk Assessment Bronze - DRD-KVC,br_samms_take_home_risk_assessment,TASK_COMPLETE,SUCCESS,INFO,3887,3887,0,,2026-08-19T15:20:02.186Z,2026-08-19T16:02:20.903Z,2538,2026-08-19T16:02:20.903Z,DRD-KVC,KVC,0e774440-67e4-4817-8f97-24afdbb9d82f,SAMMS-KVCv5
202608191602179738,202608191519596573,202608191519595710,97,6620,P1 Forms Take Home Risk Assessment Bronze - DRD-NOLA,br_samms_take_home_risk_assessment,TASK_COMPLETE,SUCCESS,INFO,4169,4169,0,,2026-08-19T15:20:02.186Z,2026-08-19T16:02:20.903Z,2538,2026-08-19T16:02:20.903Z,DRD-NOLA,NOLA,0e774440-67e4-4817-8f97-24afdbb9d82f,SAMMS-NOLAv5
202608191602179739,202608191519596574,202608191519595710,97,6621,P1 Forms Take Home Risk Assessment Bronze - DRD-SF,br_samms_take_home_risk_assessment,TASK_COMPLETE,SUCCESS,INFO,1942,1942,0,,2026-08-19T15:20:02.186Z,2026-08-19T16:02:20.903Z,2538,2026-08-19T16:02:20.903Z,DRD-SF,SF,0e774440-67e4-4817-8f97-24afdbb9d82f,SAMMS-SFv5
202608191602179740,202608191519596575,202608191519595710,97,6622,P1 Forms Take Home Risk Assessment Bronze - ELC,br_samms_take_home_risk_assessment,TASK_COMPLETE,SUCCESS,INFO,1512,1512,0,,2026-08-19T15:20:02.186Z,2026-08-19T16:02:20.903Z,2538,2026-08-19T16:02:20.903Z,ELC,ElizabethCity,0e774440-67e4-4817-8f97-24afdbb9d82f,SAMMS-ElizabethCity
202608191602179741,202608191519596576,202608191519595710,97,6623,P1 Forms Take Home Risk Assessment Bronze - ET,br_samms_take_home_risk_assessment,TASK_COMPLETE,SUCCESS,INFO,984,984,0,,2026-08-19T15:20:02.186Z,2026-08-19T16:02:20.903Z,2538,2026-08-19T16:02:20.903Z,ET,Elizabethtown,0e774440-67e4-4817-8f97-24afdbb9d82f,SAMMS-Elizabethtown
202608191602179742,202608191519596577,202608191519595710,97,6624,P1 Forms Take Home Risk Assessment Bronze - FAY,br_samms_take_home_risk_assessment,TASK_COMPLETE,SUCCESS,INFO,0,0,0,,2026-08-19T15:20:02.186Z,2026-08-19T16:02:20.903Z,2538,2026-08-19T16:02:20.903Z,FAY,Fayetteville,0e774440-67e4-4817-8f97-24afdbb9d82f,SAMMS-Fayetteville
202608191602179744,202608191519596578,202608191519595710,97,6625,P1 Forms Take Home Risk Assessment Bronze - FR,br_samms_take_home_risk_assessment,TASK_COMPLETE,SUCCESS,INFO,1056,1056,0,,2026-08-19T15:20:02.186Z,2026-08-19T16:02:20.903Z,2538,2026-08-19T16:02:20.903Z,FR,Frankfort,0e774440-67e4-4817-8f97-24afdbb9d82f,SAMMS-Frankfort
202608191602179745,202608191519596579,202608191519595710,97,6626,P1 Forms Take Home Risk Assessment Bronze - FS,br_samms_take_home_risk_assessment,TASK_COMPLETE,SUCCESS,INFO,0,0,0,,2026-08-19T15:20:02.186Z,2026-08-19T16:02:20.903Z,2538,2026-08-19T16:02:20.903Z,FS,FortSmith,0e774440-67e4-4817-8f97-24afdbb9d82f,SAMMS-FortSmith
202608191602179746,202608191519596580,202608191519595710,97,6627,P1 Forms Take Home Risk Assessment Bronze - FW,br_samms_take_home_risk_assessment,TASK_COMPLETE,SUCCESS,INFO,1180,1180,0,,2026-08-19T15:20:02.186Z,2026-08-19T16:02:20.903Z,2538,2026-08-19T16:02:20.903Z,FW,FortWayne,0e774440-67e4-4817-8f97-24afdbb9d82f,SAMMS-FortWayne
202608191602179747,202608191519596581,202608191519595710,97,6628,P1 Forms Take Home Risk Assessment Bronze - GAL,br_samms_take_home_risk_assessment,TASK_COMPLETE,SUCCESS,INFO,227,227,0,,2026-08-19T15:20:02.186Z,2026-08-19T16:02:20.903Z,2538,2026-08-19T16:02:20.903Z,GAL,Gaylord,0e774440-67e4-4817-8f97-24afdbb9d82f,SAMMS-Gaylord
202608191602179748,202608191519596582,202608191519595710,97,6629,P1 Forms Take Home Risk Assessment Bronze - HGT,br_samms_take_home_risk_assessment,TASK_COMPLETE,SUCCESS,INFO,1463,1463,0,,2026-08-19T15:20:02.186Z,2026-08-19T16:02:20.903Z,2538,2026-08-19T16:02:20.903Z,HGT,Hagerstown,0e774440-67e4-4817-8f97-24afdbb9d82f,SAMMS-Hagerstown
202608191602179749,202608191519596583,202608191519595710,97,6630,P1 Forms Take Home Risk Assessment Bronze - HNT,br_samms_take_home_risk_assessment,TASK_COMPLETE,SUCCESS,INFO,1672,1672,0,,2026-08-19T15:20:02.186Z,2026-08-19T16:02:20.903Z,2538,2026-08-19T16:02:20.903Z,HNT,Huntsville,0e774440-67e4-4817-8f97-24afdbb9d82f,SAMMS-Huntsville
202608191602179750,202608191519596584,202608191519595710,97,6631,P1 Forms Take Home Risk Assessment Bronze - HS,br_samms_take_home_risk_assessment,TASK_COMPLETE,SUCCESS,INFO,0,0,0,,2026-08-19T15:20:02.186Z,2026-08-19T16:02:20.903Z,2538,2026-08-19T16:02:20.903Z,HS,HotSprings,0e774440-67e4-4817-8f97-24afdbb9d82f,SAMMS-HotSprings
202608191602179751,202608191519596585,202608191519595710,97,6632,P1 Forms Take Home Risk Assessment Bronze - JON,br_samms_take_home_risk_assessment,TASK_COMPLETE,SUCCESS,INFO,0,0,0,,2026-08-19T15:20:02.186Z,2026-08-19T16:02:20.903Z,2538,2026-08-19T16:02:20.903Z,JON,Jonesboro,0e774440-67e4-4817-8f97-24afdbb9d82f,SAMMS-Jonesboro
202608191602179752,202608191519596586,202608191519595710,97,6633,P1 Forms Take Home Risk Assessment Bronze - LAN,br_samms_take_home_risk_assessment,TASK_COMPLETE,SUCCESS,INFO,947,947,0,,2026-08-19T15:20:02.186Z,2026-08-19T16:02:20.903Z,2538,2026-08-19T16:02:20.903Z,LAN,Lansing,0e774440-67e4-4817-8f97-24afdbb9d82f,SAMMS-Lansing
202608191602179753,202608191519596587,202608191519595710,97,6634,P1 Forms Take Home Risk Assessment Bronze - LO,br_samms_take_home_risk_assessment,TASK_COMPLETE,SUCCESS,INFO,1187,1187,0,,2026-08-19T15:20:02.186Z,2026-08-19T16:02:20.903Z,2538,2026-08-19T16:02:20.903Z,LO,Louisville,0e774440-67e4-4817-8f97-24afdbb9d82f,SAMMS-Louisville
202608191602179754,202608191519596588,202608191519595710,97,6635,P1 Forms Take Home Risk Assessment Bronze - LV1,br_samms_take_home_risk_assessment,TASK_COMPLETE,SUCCESS,INFO,544,544,0,,2026-08-19T15:20:02.186Z,2026-08-19T16:02:20.903Z,2538,2026-08-19T16:02:20.903Z,LV1,Cheyenne,0e774440-67e4-4817-8f97-24afdbb9d82f,SAMMS-Cheyenne
202608191602179755,202608191519596589,202608191519595710,97,6636,P1 Forms Take Home Risk Assessment Bronze - LV2,br_samms_take_home_risk_assessment,TASK_COMPLETE,SUCCESS,INFO,529,529,0,,2026-08-19T15:20:02.186Z,2026-08-19T16:02:20.903Z,2538,2026-08-19T16:02:20.903Z,LV2,DesertInn,0e774440-67e4-4817-8f97-24afdbb9d82f,SAMMS-DesertInn
202608191602179756,202608191519596590,202608191519595710,97,6637,P1 Forms Take Home Risk Assessment Bronze - LV3,br_samms_take_home_risk_assessment,TASK_COMPLETE,SUCCESS,INFO,427,427,0,,2026-08-19T15:20:02.186Z,2026-08-19T16:02:20.903Z,2538,2026-08-19T16:02:20.903Z,LV3,McDaniel,0e774440-67e4-4817-8f97-24afdbb9d82f,SAMMS-McDaniel
202608191602179757,202608191519596591,202608191519595710,97,6638,P1 Forms Take Home Risk Assessment Bronze - MNRE,br_samms_take_home_risk_assessment,TASK_COMPLETE,SUCCESS,INFO,1527,1527,0,,2026-08-19T15:20:02.186Z,2026-08-19T16:02:20.903Z,2538,2026-08-19T16:02:20.903Z,MNRE,Monroe,0e774440-67e4-4817-8f97-24afdbb9d82f,SAMMS-Monroe
202608191602179759,202608191519596592,202608191519595710,97,6639,P1 Forms Take Home Risk Assessment Bronze - MP,br_samms_take_home_risk_assessment,TASK_COMPLETE,SUCCESS,INFO,871,871,0,,2026-08-19T15:20:02.186Z,2026-08-19T16:02:20.903Z,2538,2026-08-19T16:02:20.903Z,MP,MtPleasant,0e774440-67e4-4817-8f97-24afdbb9d82f,SAMMS-MtPleasant
202608191602179760,202608191519596593,202608191519595710,97,6640,P1 Forms Take Home Risk Assessment Bronze - MRD,br_samms_take_home_risk_assessment,TASK_COMPLETE,SUCCESS,INFO,262,262,0,,2026-08-19T15:20:02.186Z,2026-08-19T16:02:20.903Z,2538,2026-08-19T16:02:20.903Z,MRD,Meridian,0e774440-67e4-4817-8f97-24afdbb9d82f,SAMMS-Meridian
202608191602179761,202608191519596594,202608191519595710,97,6641,P1 Forms Take Home Risk Assessment Bronze - NC,br_samms_take_home_risk_assessment,TASK_COMPLETE,SUCCESS,INFO,761,761,0,,2026-08-19T15:20:02.186Z,2026-08-19T16:02:20.903Z,2538,2026-08-19T16:02:20.903Z,NC,NorthCharleston,0e774440-67e4-4817-8f97-24afdbb9d82f,SAMMS-NorthCharleston
202608191602179762,202608191519596595,202608191519595710,97,6642,P1 Forms Take Home Risk Assessment Bronze - NLR,br_samms_take_home_risk_assessment,TASK_COMPLETE,SUCCESS,INFO,0,0,0,,2026-08-19T15:20:02.186Z,2026-08-19T16:02:20.903Z,2538,2026-08-19T16:02:20.903Z,NLR,NLROBOT,0e774440-67e4-4817-8f97-24afdbb9d82f,SAMMS-NLROBOT
202608191602179763,202608191519596596,202608191519595710,97,6643,P1 Forms Take Home Risk Assessment Bronze - PH,br_samms_take_home_risk_assessment,TASK_COMPLETE,SUCCESS,INFO,224,224,0,,2026-08-19T15:20:02.186Z,2026-08-19T16:02:20.903Z,2538,2026-08-19T16:02:20.903Z,PH,Phoenix,0e774440-67e4-4817-8f97-24afdbb9d82f,SAMMS-Phoenix
202608191602179764,202608191519596597,202608191519595710,97,6644,P1 Forms Take Home Risk Assessment Bronze - RE,br_samms_take_home_risk_assessment,TASK_COMPLETE,SUCCESS,INFO,470,470,0,,2026-08-19T15:20:02.186Z,2026-08-19T16:02:20.903Z,2538,2026-08-19T16:02:20.903Z,RE,Reno,0e774440-67e4-4817-8f97-24afdbb9d82f,SAMMS-Reno
202608191602179765,202608191519596598,202608191519595710,97,6645,P1 Forms Take Home Risk Assessment Bronze - RMD,br_samms_take_home_risk_assessment,TASK_COMPLETE,SUCCESS,INFO,938,938,0,,2026-08-19T15:20:02.186Z,2026-08-19T16:02:20.903Z,2538,2026-08-19T16:02:20.903Z,RMD,Richmond,0e774440-67e4-4817-8f97-24afdbb9d82f,SAMMS-Richmond
202608191602179766,202608191519596599,202608191519595710,97,6646,P1 Forms Take Home Risk Assessment Bronze - SFN,br_samms_take_home_risk_assessment,TASK_COMPLETE,SUCCESS,INFO,742,742,0,,2026-08-19T15:20:02.186Z,2026-08-19T16:02:20.903Z,2538,2026-08-19T16:02:20.903Z,SFN,SFN,0e774440-67e4-4817-8f97-24afdbb9d82f,SAMMS-SFNv5
202608191602179767,202608191519596600,202608191519595710,97,6647,P1 Forms Take Home Risk Assessment Bronze - SHP,br_samms_take_home_risk_assessment,TASK_COMPLETE,SUCCESS,INFO,2170,2170,0,,2026-08-19T15:20:02.186Z,2026-08-19T16:02:20.903Z,2538,2026-08-19T16:02:20.903Z,SHP,Shreveport,0e774440-67e4-4817-8f97-24afdbb9d82f,SAMMS-Shreveport
202608191602179768,202608191519596601,202608191519595710,97,6648,P1 Forms Take Home Risk Assessment Bronze - STN,br_samms_take_home_risk_assessment,TASK_COMPLETE,SUCCESS,INFO,391,391,0,,2026-08-19T15:20:02.186Z,2026-08-19T16:02:20.903Z,2538,2026-08-19T16:02:20.903Z,STN,Staunton,0e774440-67e4-4817-8f97-24afdbb9d82f,SAMMS-Staunton
202608191602179769,202608191519596602,202608191519595710,97,6649,P1 Forms Take Home Risk Assessment Bronze - STVN,br_samms_take_home_risk_assessment,TASK_COMPLETE,SUCCESS,INFO,201,201,0,,2026-08-19T15:20:02.186Z,2026-08-19T16:02:20.903Z,2538,2026-08-19T16:02:20.903Z,STVN,Stevenson,0e774440-67e4-4817-8f97-24afdbb9d82f,SAMMS-Stevenson
202608191602179770,202608191519596603,202608191519595710,97,6650,P1 Forms Take Home Risk Assessment Bronze - TE,br_samms_take_home_risk_assessment,TASK_COMPLETE,SUCCESS,INFO,277,277,0,,2026-08-19T15:20:02.186Z,2026-08-19T16:02:20.903Z,2538,2026-08-19T16:02:20.903Z,TE,Tempe,0e774440-67e4-4817-8f97-24afdbb9d82f,SAMMS-Tempe
202608191602179772,202608191519596604,202608191519595710,97,6651,P1 Forms Take Home Risk Assessment Bronze - TEX,br_samms_take_home_risk_assessment,TASK_COMPLETE,SUCCESS,INFO,0,0,0,,2026-08-19T15:20:02.186Z,2026-08-19T16:02:20.903Z,2538,2026-08-19T16:02:20.903Z,TEX,Texarkana,0e774440-67e4-4817-8f97-24afdbb9d82f,SAMMS-Texarkana
202608191602179773,202608191519596605,202608191519595710,97,6652,P1 Forms Take Home Risk Assessment Bronze - TTCA,br_samms_take_home_risk_assessment,TASK_COMPLETE,SUCCESS,INFO,1361,1361,0,,2026-08-19T15:20:02.186Z,2026-08-19T16:02:20.903Z,2538,2026-08-19T16:02:20.903Z,TTCA,Bessemer,0e774440-67e4-4817-8f97-24afdbb9d82f,SAMMS-BessemerV5
202608191602179774,202608191519596606,202608191519595710,97,6653,P1 Forms Take Home Risk Assessment Bronze - TTCB,br_samms_take_home_risk_assessment,TASK_COMPLETE,SUCCESS,INFO,2269,2269,0,,2026-08-19T15:20:02.186Z,2026-08-19T16:02:20.903Z,2538,2026-08-19T16:02:20.903Z,TTCB,Cullman,0e774440-67e4-4817-8f97-24afdbb9d82f,SAMMS-CullmanV5
202608212101410866,202608212020691239,202608212020690709,88,5190,P1 Reference Dropdown List Items Bronze - GAL,br_samms_dropdown_list_items,TASK_COMPLETE,SUCCESS,INFO,4383,4383,0,,2026-08-21T20:21:13.701Z,2026-08-21T21:04:00.531Z,2567,2026-08-21T21:04:00.531Z,GAL,Gaylord,8488c727-7e26-424c-b4ea-f3ce6564dbed,SAMMS-Gaylord
202608212101410867,202608212020691240,202608212020690709,88,5191,P1 Reference Dropdown List Items Bronze - HGT,br_samms_dropdown_list_items,TASK_COMPLETE,SUCCESS,INFO,4369,4369,0,,2026-08-21T20:21:13.701Z,2026-08-21T21:04:00.531Z,2567,2026-08-21T21:04:00.531Z,HGT,Hagerstown,8488c727-7e26-424c-b4ea-f3ce6564dbed,SAMMS-Hagerstown
202608212101410869,202608212020691241,202608212020690709,88,5192,P1 Reference Dropdown List Items Bronze - HNT,br_samms_dropdown_list_items,TASK_COMPLETE,SUCCESS,INFO,4267,4267,0,,2026-08-21T20:21:13.701Z,2026-08-21T21:04:00.531Z,2567,2026-08-21T21:04:00.531Z,HNT,Huntsville,8488c727-7e26-424c-b4ea-f3ce6564dbed,SAMMS-Huntsville
202608212101410871,202608212020691242,202608212020690709,88,5193,P1 Reference Dropdown List Items Bronze - HS,br_samms_dropdown_list_items,TASK_COMPLETE,SUCCESS,INFO,4383,4383,0,,2026-08-21T20:21:13.701Z,2026-08-21T21:04:00.531Z,2567,2026-08-21T21:04:00.531Z,HS,HotSprings,8488c727-7e26-424c-b4ea-f3ce6564dbed,SAMMS-HotSprings
202608212101410873,202608212020691243,202608212020690709,88,5194,P1 Reference Dropdown List Items Bronze - JON,br_samms_dropdown_list_items,TASK_COMPLETE,SUCCESS,INFO,4383,4383,0,,2026-08-21T20:21:13.701Z,2026-08-21T21:04:00.531Z,2567,2026-08-21T21:04:00.531Z,JON,Jonesboro,8488c727-7e26-424c-b4ea-f3ce6564dbed,SAMMS-Jonesboro
202608212101410874,202608212020691244,202608212020690709,88,8605,P1 Reference Dropdown List Items Bronze - LAB,br_samms_dropdown_list_items,TASK_COMPLETE,SUCCESS,INFO,1846,1846,0,,2026-08-21T20:21:13.701Z,2026-08-21T21:04:00.531Z,2567,2026-08-21T21:04:00.531Z,LAB,Lab,8488c727-7e26-424c-b4ea-f3ce6564dbed,SAMMS-LabV5-V2
202608212101410876,202608212020691245,202608212020690709,88,5195,P1 Reference Dropdown List Items Bronze - LAN,br_samms_dropdown_list_items,TASK_COMPLETE,SUCCESS,INFO,4383,4383,0,,2026-08-21T20:21:13.701Z,2026-08-21T21:04:00.531Z,2567,2026-08-21T21:04:00.531Z,LAN,Lansing,8488c727-7e26-424c-b4ea-f3ce6564dbed,SAMMS-Lansing
202608212101410878,202608212020691246,202608212020690709,88,5196,P1 Reference Dropdown List Items Bronze - LO,br_samms_dropdown_list_items,TASK_COMPLETE,SUCCESS,INFO,4383,4383,0,,2026-08-21T20:21:13.701Z,2026-08-21T21:04:00.531Z,2567,2026-08-21T21:04:00.531Z,LO,Louisville,8488c727-7e26-424c-b4ea-f3ce6564dbed,SAMMS-Louisville
202608212101410880,202608212020691247,202608212020690709,88,5197,P1 Reference Dropdown List Items Bronze - LV1,br_samms_dropdown_list_items,TASK_COMPLETE,SUCCESS,INFO,4383,4383,0,,2026-08-21T20:21:13.701Z,2026-08-21T21:04:00.531Z,2567,2026-08-21T21:04:00.531Z,LV1,Cheyenne,8488c727-7e26-424c-b4ea-f3ce6564dbed,SAMMS-Cheyenne
202608212101410882,202608212020691248,202608212020690709,88,5198,P1 Reference Dropdown List Items Bronze - LV2,br_samms_dropdown_list_items,TASK_COMPLETE,SUCCESS,INFO,4383,4383,0,,2026-08-21T20:21:13.701Z,2026-08-21T21:04:00.531Z,2567,2026-08-21T21:04:00.531Z,LV2,DesertInn,8488c727-7e26-424c-b4ea-f3ce6564dbed,SAMMS-DesertInn
202608212101410883,202608212020691249,202608212020690709,88,5199,P1 Reference Dropdown List Items Bronze - LV3,br_samms_dropdown_list_items,TASK_COMPLETE,SUCCESS,INFO,4383,4383,0,,2026-08-21T20:21:13.701Z,2026-08-21T21:04:00.531Z,2567,2026-08-21T21:04:00.531Z,LV3,McDaniel,8488c727-7e26-424c-b4ea-f3ce6564dbed,SAMMS-McDaniel
202608212101410885,202608212020691250,202608212020690709,88,5200,P1 Reference Dropdown List Items Bronze - MNRE,br_samms_dropdown_list_items,TASK_COMPLETE,SUCCESS,INFO,4365,4365,0,,2026-08-21T20:21:13.701Z,2026-08-21T21:04:00.531Z,2567,2026-08-21T21:04:00.531Z,MNRE,Monroe,8488c727-7e26-424c-b4ea-f3ce6564dbed,SAMMS-Monroe
202608212101410887,202608212020691251,202608212020690709,88,5201,P1 Reference Dropdown List Items Bronze - MP,br_samms_dropdown_list_items,TASK_COMPLETE,SUCCESS,INFO,4366,4366,0,,2026-08-21T20:21:13.701Z,2026-08-21T21:04:00.531Z,2567,2026-08-21T21:04:00.531Z,MP,MtPleasant,8488c727-7e26-424c-b4ea-f3ce6564dbed,SAMMS-MtPleasant
202608212101410889,202608212020691252,202608212020690709,88,5202,P1 Reference Dropdown List Items Bronze - MRD,br_samms_dropdown_list_items,TASK_COMPLETE,SUCCESS,INFO,4365,4365,0,,2026-08-21T20:21:13.701Z,2026-08-21T21:04:00.531Z,2567,2026-08-21T21:04:00.531Z,MRD,Meridian,8488c727-7e26-424c-b4ea-f3ce6564dbed,SAMMS-Meridian
202608212101410890,202608212020691253,202608212020690709,88,5203,P1 Reference Dropdown List Items Bronze - NC,br_samms_dropdown_list_items,TASK_COMPLETE,SUCCESS,INFO,4383,4383,0,,2026-08-21T20:21:13.701Z,2026-08-21T21:04:00.531Z,2567,2026-08-21T21:04:00.531Z,NC,NorthCharleston,8488c727-7e26-424c-b4ea-f3ce6564dbed,SAMMS-NorthCharleston
202608212101410892,202608212020691254,202608212020690709,88,5204,P1 Reference Dropdown List Items Bronze - NLR,br_samms_dropdown_list_items,TASK_COMPLETE,SUCCESS,INFO,4383,4383,0,,2026-08-21T20:21:13.701Z,2026-08-21T21:04:00.531Z,2567,2026-08-21T21:04:00.531Z,NLR,NLROBOT,8488c727-7e26-424c-b4ea-f3ce6564dbed,SAMMS-NLROBOT
202608212101410894,202608212020691255,202608212020690709,88,5205,P1 Reference Dropdown List Items Bronze - PH,br_samms_dropdown_list_items,TASK_COMPLETE,SUCCESS,INFO,3851,3851,0,,2026-08-21T20:21:13.701Z,2026-08-21T21:04:00.531Z,2567,2026-08-21T21:04:00.531Z,PH,Phoenix,8488c727-7e26-424c-b4ea-f3ce6564dbed,SAMMS-Phoenix
202608212101410896,202608212020691256,202608212020690709,88,5206,P1 Reference Dropdown List Items Bronze - RE,br_samms_dropdown_list_items,TASK_COMPLETE,SUCCESS,INFO,4383,4383,0,,2026-08-21T20:21:13.701Z,2026-08-21T21:04:00.531Z,2567,2026-08-21T21:04:00.531Z,RE,Reno,8488c727-7e26-424c-b4ea-f3ce6564dbed,SAMMS-Reno
202608212101410898,202608212020691257,202608212020690709,88,5207,P1 Reference Dropdown List Items Bronze - RMD,br_samms_dropdown_list_items,TASK_COMPLETE,SUCCESS,INFO,4383,4383,0,,2026-08-21T20:21:13.701Z,2026-08-21T21:04:00.531Z,2567,2026-08-21T21:04:00.531Z,RMD,Richmond,8488c727-7e26-424c-b4ea-f3ce6564dbed,SAMMS-Richmond
202608212101410900,202608212020691258,202608212020690709,88,5208,P1 Reference Dropdown List Items Bronze - SFN,br_samms_dropdown_list_items,TASK_COMPLETE,SUCCESS,INFO,4355,4355,0,,2026-08-21T20:21:13.701Z,2026-08-21T21:04:00.531Z,2567,2026-08-21T21:04:00.531Z,SFN,SFN,8488c727-7e26-424c-b4ea-f3ce6564dbed,SAMMS-SFNv5
202608212101410902,202608212020691259,202608212020690709,88,5209,P1 Reference Dropdown List Items Bronze - SHP,br_samms_dropdown_list_items,TASK_COMPLETE,SUCCESS,INFO,4365,4365,0,,2026-08-21T20:21:13.701Z,2026-08-21T21:04:00.531Z,2567,2026-08-21T21:04:00.531Z,SHP,Shreveport,8488c727-7e26-424c-b4ea-f3ce6564dbed,SAMMS-Shreveport
202608212101410903,202608212020691260,202608212020690709,88,5210,P1 Reference Dropdown List Items Bronze - STN,br_samms_dropdown_list_items,TASK_COMPLETE,SUCCESS,INFO,4359,4359,0,,2026-08-21T20:21:13.701Z,2026-08-21T21:04:00.531Z,2567,2026-08-21T21:04:00.531Z,STN,Staunton,8488c727-7e26-424c-b4ea-f3ce6564dbed,SAMMS-Staunton
202608212101410905,202608212020691261,202608212020690709,88,5211,P1 Reference Dropdown List Items Bronze - STVN,br_samms_dropdown_list_items,TASK_COMPLETE,SUCCESS,INFO,4267,4267,0,,2026-08-21T20:21:13.701Z,2026-08-21T21:04:00.531Z,2567,2026-08-21T21:04:00.531Z,STVN,Stevenson,8488c727-7e26-424c-b4ea-f3ce6564dbed,SAMMS-Stevenson
202608212101410907,202608212020691262,202608212020690709,88,5212,P1 Reference Dropdown List Items Bronze - TE,br_samms_dropdown_list_items,TASK_COMPLETE,SUCCESS,INFO,3851,3851,0,,2026-08-21T20:21:13.701Z,2026-08-21T21:04:00.531Z,2567,2026-08-21T21:04:00.531Z,TE,Tempe,8488c727-7e26-424c-b4ea-f3ce6564dbed,SAMMS-Tempe
202608212101410909,202608212020691263,202608212020690709,88,5213,P1 Reference Dropdown List Items Bronze - TEX,br_samms_dropdown_list_items,TASK_COMPLETE,SUCCESS,INFO,4383,4383,0,,2026-08-21T20:21:13.701Z,2026-08-21T21:04:00.531Z,2567,2026-08-21T21:04:00.531Z,TEX,Texarkana,8488c727-7e26-424c-b4ea-f3ce6564dbed,SAMMS-Texarkana
202608212101410911,202608212020691264,202608212020690709,88,5214,P1 Reference Dropdown List Items Bronze - TTCA,br_samms_dropdown_list_items,TASK_COMPLETE,SUCCESS,INFO,4355,4355,0,,2026-08-21T20:21:13.701Z,2026-08-21T21:04:00.531Z,2567,2026-08-21T21:04:00.531Z,TTCA,Bessemer,8488c727-7e26-424c-b4ea-f3ce6564dbed,SAMMS-BessemerV5
202608212101410913,202608212020691265,202608212020690709,88,5215,P1 Reference Dropdown List Items Bronze - TTCB,br_samms_dropdown_list_items,TASK_COMPLETE,SUCCESS,INFO,4355,4355,0,,2026-08-21T20:21:13.701Z,2026-08-21T21:04:00.531Z,2567,2026-08-21T21:04:00.531Z,TTCB,Cullman,8488c727-7e26-424c-b4ea-f3ce6564dbed,SAMMS-CullmanV5
202608212101410915,202608212020691266,202608212020690709,88,5216,P1 Reference Dropdown List Items Bronze - TTCC,br_samms_dropdown_list_items,TASK_COMPLETE,SUCCESS,INFO,4267,4267,0,,2026-08-21T20:21:13.701Z,2026-08-21T21:04:00.531Z,2567,2026-08-21T21:04:00.531Z,TTCC,GrandBay,8488c727-7e26-424c-b4ea-f3ce6564dbed,SAMMS-GrandBay
202608212101410917,202608212020691267,202608212020690709,88,5217,P1 Reference Dropdown List Items Bronze - TU,br_samms_dropdown_list_items,TASK_COMPLETE,SUCCESS,INFO,3851,3851,0,,2026-08-21T20:21:13.701Z,2026-08-21T21:04:00.531Z,2567,2026-08-21T21:04:00.531Z,TU,Tucson,8488c727-7e26-424c-b4ea-f3ce6564dbed,SAMMS-Tucson
202608212101410919,202608212020691268,202608212020690709,88,5218,P1 Reference Dropdown List Items Bronze - V1,br_samms_dropdown_list_items,TASK_COMPLETE,SUCCESS,INFO,4365,4365,0,,2026-08-21T20:21:13.701Z,2026-08-21T21:04:00.531Z,2567,2026-08-21T21:04:00.531Z,V1,VCPHCS-I-Memphis,8488c727-7e26-424c-b4ea-f3ce6564dbed,SAMMS-VCPHCS-I-MemphisV5
202608212101410921,202608212020691269,202608212020690709,88,5219,P1 Reference Dropdown List Items Bronze - V10,br_samms_dropdown_list_items,TASK_COMPLETE,SUCCESS,INFO,4375,4375,0,,2026-08-21T20:21:13.701Z,2026-08-21T21:04:00.531Z,2567,2026-08-21T21:04:00.531Z,V10,Boulder,8488c727-7e26-424c-b4ea-f3ce6564dbed,SAMMS-BoulderV5
202608212101410923,202608212020691270,202608212020690709,88,5220,P1 Reference Dropdown List Items Bronze - V10A,br_samms_dropdown_list_items,TASK_COMPLETE,SUCCESS,INFO,4375,4375,0,,2026-08-21T20:21:13.701Z,2026-08-21T21:04:00.531Z,2567,2026-08-21T21:04:00.531Z,V10A,FortCollins,8488c727-7e26-424c-b4ea-f3ce6564dbed,SAMMS-FortCollinsV5
202608212101410925,202608212020691271,202608212020690709,88,5221,P1 Reference Dropdown List Items Bronze - V11,br_samms_dropdown_list_items,TASK_COMPLETE,SUCCESS,INFO,4375,4375,0,,2026-08-21T20:21:13.701Z,2026-08-21T21:04:00.531Z,2567,2026-08-21T21:04:00.531Z,V11,VCPHCS-XI-NorthDenver,8488c727-7e26-424c-b4ea-f3ce6564dbed,SAMMS-VCPHCS-XI-NorthDenverV5
202608212101410927,202608212020691272,202608212020690709,88,5222,P1 Reference Dropdown List Items Bronze - V12,br_samms_dropdown_list_items,TASK_COMPLETE,SUCCESS,INFO,4388,4388,0,,2026-08-21T20:21:13.701Z,2026-08-21T21:04:00.531Z,2567,2026-08-21T21:04:00.531Z,V12,VCPHCS-XII-DowntownDenver,8488c727-7e26-424c-b4ea-f3ce6564dbed,SAMMS-VCPHCS-XII-DowntownDenverV5
202608212101410929,202608212020691273,202608212020690709,88,5223,P1 Reference Dropdown List Items Bronze - V12A,br_samms_dropdown_list_items,TASK_COMPLETE,SUCCESS,INFO,4369,4369,0,,2026-08-21T20:21:13.701Z,2026-08-21T21:04:00.531Z,2567,2026-08-21T21:04:00.531Z,V12A,Centennial,8488c727-7e26-424c-b4ea-f3ce6564dbed,SAMMS-CentennialV5
202608212101410931,202608212020691274,202608212020690709,88,5224,P1 Reference Dropdown List Items Bronze - V14,br_samms_dropdown_list_items,TASK_COMPLETE,SUCCESS,INFO,4355,4355,0,,2026-08-21T20:21:13.701Z,2026-08-21T21:04:00.531Z,2567,2026-08-21T21:04:00.531Z,V14,VCPHCS-XIV-Bridgeway,8488c727-7e26-424c-b4ea-f3ce6564dbed,SAMMS-VCPHCS-XIV-BridgewayV5
202608212101410933,202608212020691275,202608212020690709,88,5225,P1 Reference Dropdown List Items Bronze - V15,br_samms_dropdown_list_items,TASK_COMPLETE,SUCCESS,INFO,4355,4355,0,,2026-08-21T20:21:13.701Z,2026-08-21T21:04:00.531Z,2567,2026-08-21T21:04:00.531Z,V15,Joplin,8488c727-7e26-424c-b4ea-f3ce6564dbed,SAMMS-JoplinV5
202608212101410935,202608212020691276,202608212020690709,88,5226,P1 Reference Dropdown List Items Bronze - V17,br_samms_dropdown_list_items,TASK_COMPLETE,SUCCESS,INFO,4366,4366,0,,2026-08-21T20:21:13.701Z,2026-08-21T21:04:00.531Z,2567,2026-08-21T21:04:00.531Z,V17,ColumbiaTN,8488c727-7e26-424c-b4ea-f3ce6564dbed,SAMMS-ColumbiaTNv5
202608212101410937,202608212020691277,202608212020690709,88,5227,P1 Reference Dropdown List Items Bronze - V19,br_samms_dropdown_list_items,TASK_COMPLETE,SUCCESS,INFO,4365,4365,0,,2026-08-21T20:21:13.701Z,2026-08-21T21:04:00.531Z,2567,2026-08-21T21:04:00.531Z,V19,Jackson,8488c727-7e26-424c-b4ea-f3ce6564dbed,SAMMS-JacksonV5
202608212101410939,202608212020691278,202608212020690709,88,5228,P1 Reference Dropdown List Items Bronze - V20,br_samms_dropdown_list_items,TASK_COMPLETE,SUCCESS,INFO,4365,4365,0,,2026-08-21T20:21:13.701Z,2026-08-21T21:04:00.531Z,2567,2026-08-21T21:04:00.531Z,V20,Paris,8488c727-7e26-424c-b4ea-f3ce6564dbed,SAMMS-ParisV5
202608212101410941,202608212020691279,202608212020690709,88,5229,P1 Reference Dropdown List Items Bronze - V21,br_samms_dropdown_list_items,TASK_COMPLETE,SUCCESS,INFO,4365,4365,0,,2026-08-21T20:21:13.701Z,2026-08-21T21:04:00.531Z,2567,2026-08-21T21:04:00.531Z,V21,Raleigh,8488c727-7e26-424c-b4ea-f3ce6564dbed,SAMMS-RaleighV5
202608212101410943,202608212020691280,202608212020690709,88,5230,P1 Reference Dropdown List Items Bronze - V5,br_samms_dropdown_list_items,TASK_COMPLETE,SUCCESS,INFO,4365,4365,0,,2026-08-21T20:21:13.701Z,2026-08-21T21:04:00.531Z,2567,2026-08-21T21:04:00.531Z,V5,NONTC,8488c727-7e26-424c-b4ea-f3ce6564dbed,SAMMS-NONTCv5
202608212101410945,202608212020691281,202608212020690709,88,5231,P1 Reference Dropdown List Items Bronze - V5B,br_samms_dropdown_list_items,TASK_COMPLETE,SUCCESS,INFO,4365,4365,0,,2026-08-21T20:21:13.701Z,2026-08-21T21:04:00.531Z,2567,2026-08-21T21:04:00.531Z,V5B,Houma,8488c727-7e26-424c-b4ea-f3ce6564dbed,SAMMS-HoumaV6
202608212101410947,202608212020691282,202608212020690709,88,5232,P1 Reference Dropdown List Items Bronze - V6,br_samms_dropdown_list_items,TASK_COMPLETE,SUCCESS,INFO,4368,4368,0,,2026-08-21T20:21:13.701Z,2026-08-21T21:04:00.531Z,2567,2026-08-21T21:04:00.531Z,V6,LC,8488c727-7e26-424c-b4ea-f3ce6564dbed,SAMMS-LCv5
202608212101410951,202608212020691283,202608212020690709,88,5233,P1 Reference Dropdown List Items Bronze - V8,br_samms_dropdown_list_items,TASK_COMPLETE,SUCCESS,INFO,4365,4365,0,,2026-08-21T20:21:13.701Z,2026-08-21T21:04:00.531Z,2567,2026-08-21T21:04:00.531Z,V8,VCPHCS-VIII-Memphis,8488c727-7e26-424c-b4ea-f3ce6564dbed,SAMMS-VCPHCS-VIII-MemphisV5
202608212101410953,202608212020691284,202608212020690709,88,5234,P1 Reference Dropdown List Items Bronze - V9,br_samms_dropdown_list_items,TASK_COMPLETE,SUCCESS,INFO,4365,4365,0,,2026-08-21T20:21:13.701Z,2026-08-21T21:04:00.531Z,2567,2026-08-21T21:04:00.531Z,V9,Nashville,8488c727-7e26-424c-b4ea-f3ce6564dbed,SAMMS-NashvilleV5
202608212101410955,202608212020691285,202608212020690709,88,5235,P1 Reference Dropdown List Items Bronze - VBRA,br_samms_dropdown_list_items,TASK_COMPLETE,SUCCESS,INFO,4369,4369,0,,2026-08-21T20:21:13.701Z,2026-08-21T21:04:00.531Z,2567,2026-08-21T21:04:00.531Z,VBRA,Brainerd,8488c727-7e26-424c-b4ea-f3ce6564dbed,SAMMS-BrainerdV6
202608212101410957,202608212020691286,202608212020690709,88,5236,P1 Reference Dropdown List Items Bronze - VBRP,br_samms_dropdown_list_items,TASK_COMPLETE,SUCCESS,INFO,4369,4369,0,,2026-08-21T20:21:13.701Z,2026-08-21T21:04:00.531Z,2567,2026-08-21T21:04:00.531Z,VBRP,BrooklynPark,8488c727-7e26-424c-b4ea-f3ce6564dbed,SAMMS-BrooklynParkV6
202608212101410959,202608212020691287,202608212020690709,88,5237,P1 Reference Dropdown List Items Bronze - VMIN,br_samms_dropdown_list_items,TASK_COMPLETE,SUCCESS,INFO,4369,4369,0,,2026-08-21T20:21:13.701Z,2026-08-21T21:04:00.531Z,2567,2026-08-21T21:04:00.531Z,VMIN,Minneapolis,8488c727-7e26-424c-b4ea-f3ce6564dbed,SAMMS-MinneapolisV6
202608212101410961,202608212020691288,202608212020690709,88,5238,P1 Reference Dropdown List Items Bronze - VWBY,br_samms_dropdown_list_items,TASK_COMPLETE,SUCCESS,INFO,4369,4369,0,,2026-08-21T20:21:13.701Z,2026-08-21T21:04:00.531Z,2567,2026-08-21T21:04:00.531Z,VWBY,Woodbury,8488c727-7e26-424c-b4ea-f3ce6564dbed,SAMMS-WoodburyV6
202608212101410963,202608212020691289,202608212020690709,88,5239,P1 Reference Dropdown List Items Bronze - WIL,br_samms_dropdown_list_items,TASK_COMPLETE,SUCCESS,INFO,4383,4383,0,,2026-08-21T20:21:13.701Z,2026-08-21T21:04:00.531Z,2567,2026-08-21T21:04:00.531Z,WIL,Wilson,8488c727-7e26-424c-b4ea-f3ce6564dbed,SAMMS-Wilson
202608212101411065,202608212020790714,202608212020790709,89,5240,P1 Reference Dropdown List Items Silver,tbl_DroDownListItems,TASK_COMPLETE,SUCCESS,INFO,501788,501788,0,,2026-08-21T20:21:13.701Z,2026-08-21T21:04:00.531Z,2567,2026-08-21T21:04:00.531Z,,,8488c727-7e26-424c-b4ea-f3ce6564dbed,
202608212101410971,202608212020691637,202608212020690709,88,5597,P1 Reference Preadmission Referral Source Bronze - AHK,br_samms_preadmission_referral_source,TASK_COMPLETE,SUCCESS,INFO,78,78,0,,2026-08-21T20:21:13.701Z,2026-08-21T21:04:00.531Z,2567,2026-08-21T21:04:00.531Z,AHK,Ahoskie,8488c727-7e26-424c-b4ea-f3ce6564dbed,SAMMS-Ahoskie
202608212101410972,202608212020691638,202608212020690709,88,5598,P1 Reference Preadmission Referral Source Bronze - B12B,br_samms_preadmission_referral_source,TASK_COMPLETE,SUCCESS,INFO,541,541,0,,2026-08-21T20:21:13.701Z,2026-08-21T21:04:00.531Z,2567,2026-08-21T21:04:00.531Z,B12B,ColoradoSprings,8488c727-7e26-424c-b4ea-f3ce6564dbed,SAMMS-ColoradoSpringsV5
202608212101410974,202608212020691639,202608212020690709,88,5599,P1 Reference Preadmission Referral Source Bronze - B24,br_samms_preadmission_referral_source,TASK_COMPLETE,SUCCESS,INFO,461,461,0,,2026-08-21T20:21:13.701Z,2026-08-21T21:04:00.531Z,2567,2026-08-21T21:04:00.531Z,B24,Paintsville,8488c727-7e26-424c-b4ea-f3ce6564dbed,SAMMS-PaintsvilleV5
202608212101410975,202608212020691640,202608212020690709,88,5600,P1 Reference Preadmission Referral Source Bronze - B25,br_samms_preadmission_referral_source,TASK_COMPLETE,SUCCESS,INFO,332,332,0,,2026-08-21T20:21:13.701Z,2026-08-21T21:04:00.531Z,2567,2026-08-21T21:04:00.531Z,B25,Pikeville,8488c727-7e26-424c-b4ea-f3ce6564dbed,SAMMS-PikevilleV5
202608212101410976,202608212020691641,202608212020690709,88,5601,P1 Reference Preadmission Referral Source Bronze - B26,br_samms_preadmission_referral_source,TASK_COMPLETE,SUCCESS,INFO,643,643,0,,2026-08-21T20:21:13.701Z,2026-08-21T21:04:00.531Z,2567,2026-08-21T21:04:00.531Z,B26,Hazard,8488c727-7e26-424c-b4ea-f3ce6564dbed,SAMMS-HazardV5
202608212101410977,202608212020691642,202608212020690709,88,5602,P1 Reference Preadmission Referral Source Bronze - B27,br_samms_preadmission_referral_source,TASK_COMPLETE,SUCCESS,INFO,125,125,0,,2026-08-21T20:21:13.701Z,2026-08-21T21:04:00.531Z,2567,2026-08-21T21:04:00.531Z,B27,Savannah,8488c727-7e26-424c-b4ea-f3ce6564dbed,SAMMS-SavannahV6
202608212101410978,202608212020691643,202608212020690709,88,5603,P1 Reference Preadmission Referral Source Bronze - B28,br_samms_preadmission_referral_source,TASK_COMPLETE,SUCCESS,INFO,213,213,0,,2026-08-21T20:21:13.701Z,2026-08-21T21:04:00.531Z,2567,2026-08-21T21:04:00.531Z,B28,WestPlaines,8488c727-7e26-424c-b4ea-f3ce6564dbed,SAMMS-WestPlainesV5
202608212101410980,202608212020691644,202608212020690709,88,5604,P1 Reference Preadmission Referral Source Bronze - B29,br_samms_preadmission_referral_source,TASK_COMPLETE,SUCCESS,INFO,235,235,0,,2026-08-21T20:21:13.701Z,2026-08-21T21:04:00.531Z,2567,2026-08-21T21:04:00.531Z,B29,PoplarBluff,8488c727-7e26-424c-b4ea-f3ce6564dbed,SAMMS-PoplarBluffV5
202608212101410981,202608212020691645,202608212020690709,88,5605,P1 Reference Preadmission Referral Source Bronze - B30,br_samms_preadmission_referral_source,TASK_COMPLETE,SUCCESS,INFO,150,150,0,,2026-08-21T20:21:13.701Z,2026-08-21T21:04:00.531Z,2567,2026-08-21T21:04:00.531Z,B30,KCN,8488c727-7e26-424c-b4ea-f3ce6564dbed,SAMMS-KCNv5
202608212101410982,202608212020691646,202608212020690709,88,5606,P1 Reference Preadmission Referral Source Bronze - B31,br_samms_preadmission_referral_source,TASK_COMPLETE,SUCCESS,INFO,245,245,0,,2026-08-21T20:21:13.701Z,2026-08-21T21:04:00.531Z,2567,2026-08-21T21:04:00.531Z,B31,Dyersburg,8488c727-7e26-424c-b4ea-f3ce6564dbed,SAMMS-DyersburgV5
202608212101410983,202608212020691647,202608212020690709,88,5607,P1 Reference Preadmission Referral Source Bronze - B33,br_samms_preadmission_referral_source,TASK_COMPLETE,SUCCESS,INFO,315,315,0,,2026-08-21T20:21:13.701Z,2026-08-21T21:04:00.531Z,2567,2026-08-21T21:04:00.531Z,B33,Paducah,8488c727-7e26-424c-b4ea-f3ce6564dbed,SAMMS-Paducah
202608212101410984,202608212020691648,202608212020690709,88,5608,P1 Reference Preadmission Referral Source Bronze - B34,br_samms_preadmission_referral_source,TASK_COMPLETE,SUCCESS,INFO,565,565,0,,2026-08-21T20:21:13.701Z,2026-08-21T21:04:00.531Z,2567,2026-08-21T21:04:00.531Z,B34,Corbin,8488c727-7e26-424c-b4ea-f3ce6564dbed,SAMMS-CorbinV5
202608212101410986,202608212020691649,202608212020690709,88,5609,P1 Reference Preadmission Referral Source Bronze - B35,br_samms_preadmission_referral_source,TASK_COMPLETE,SUCCESS,INFO,1130,1130,0,,2026-08-21T20:21:13.701Z,2026-08-21T21:04:00.531Z,2567,2026-08-21T21:04:00.531Z,B35,Lexington,8488c727-7e26-424c-b4ea-f3ce6564dbed,SAMMS-LexingtonV5
202608191602179081,202608191519595967,202608191519595710,97,6004,P1 Forms E&M Form MDM Bronze - B46,br_samms_eandm_form_mdm,TASK_COMPLETE,SUCCESS,INFO,3849,3849,0,,2026-08-19T15:20:02.186Z,2026-08-19T16:02:20.903Z,2538,2026-08-19T16:02:20.903Z,B46,WashingtonDC,0e774440-67e4-4817-8f97-24afdbb9d82f,SAMMS-WashingtonDCv5
202608191602179082,202608191519595968,202608191519595710,97,6005,P1 Forms E&M Form MDM Bronze - B47,br_samms_eandm_form_mdm,TASK_COMPLETE,SUCCESS,INFO,663,663,0,,2026-08-19T15:20:02.186Z,2026-08-19T16:02:20.903Z,2538,2026-08-19T16:02:20.903Z,B47,Mobile,0e774440-67e4-4817-8f97-24afdbb9d82f,SAMMS-MobileV5
202608191602179083,202608191519595969,202608191519595710,97,6006,P1 Forms E&M Form MDM Bronze - B48,br_samms_eandm_form_mdm,TASK_COMPLETE,SUCCESS,INFO,2556,2556,0,,2026-08-19T15:20:02.186Z,2026-08-19T16:02:20.903Z,2538,2026-08-19T16:02:20.903Z,B48,Tuscaloosa,0e774440-67e4-4817-8f97-24afdbb9d82f,SAMMS-TuscaloosaV5
202608191602179084,202608191519595970,202608191519595710,97,6007,P1 Forms E&M Form MDM Bronze - B51,br_samms_eandm_form_mdm,TASK_COMPLETE,SUCCESS,INFO,645,645,0,,2026-08-19T15:20:02.186Z,2026-08-19T16:02:20.903Z,2538,2026-08-19T16:02:20.903Z,B51,NorthLittleRock,0e774440-67e4-4817-8f97-24afdbb9d82f,SAMMS-NorthLittleRockV6
202608191602179085,202608191519595971,202608191519595710,97,6008,P1 Forms E&M Form MDM Bronze - B52,br_samms_eandm_form_mdm,TASK_COMPLETE,SUCCESS,INFO,2611,2611,0,,2026-08-19T15:20:02.186Z,2026-08-19T16:02:20.903Z,2538,2026-08-19T16:02:20.903Z,B52,JacksonGA,0e774440-67e4-4817-8f97-24afdbb9d82f,SAMMS-JacksonGAV5
202608191602179086,202608191519595972,202608191519595710,97,6009,P1 Forms E&M Form MDM Bronze - B54,br_samms_eandm_form_mdm,TASK_COMPLETE,SUCCESS,INFO,725,725,0,,2026-08-19T15:20:02.186Z,2026-08-19T16:02:20.903Z,2538,2026-08-19T16:02:20.903Z,B54,Gadsden,0e774440-67e4-4817-8f97-24afdbb9d82f,SAMMS-GadsdenV5
202608191602179087,202608191519595973,202608191519595710,97,6010,P1 Forms E&M Form MDM Bronze - B55,br_samms_eandm_form_mdm,TASK_COMPLETE,SUCCESS,INFO,1247,1247,0,,2026-08-19T15:20:02.186Z,2026-08-19T16:02:20.903Z,2538,2026-08-19T16:02:20.903Z,B55,Shoals,0e774440-67e4-4817-8f97-24afdbb9d82f,SAMMS-ShoalsV5
202608191602179088,202608191519595974,202608191519595710,97,6011,P1 Forms E&M Form MDM Bronze - B57,br_samms_eandm_form_mdm,TASK_COMPLETE,SUCCESS,INFO,2461,2461,0,,2026-08-19T15:20:02.186Z,2026-08-19T16:02:20.903Z,2538,2026-08-19T16:02:20.903Z,B57,Pawtucket,0e774440-67e4-4817-8f97-24afdbb9d82f,SAMMS-Pawtucket
202608191602179089,202608191519595975,202608191519595710,97,6012,P1 Forms E&M Form MDM Bronze - B57A,br_samms_eandm_form_mdm,TASK_COMPLETE,SUCCESS,INFO,2516,2516,0,,2026-08-19T15:20:02.186Z,2026-08-19T16:02:20.903Z,2538,2026-08-19T16:02:20.903Z,B57A,Johnston,0e774440-67e4-4817-8f97-24afdbb9d82f,SAMMS-Johnston
202608191602179090,202608191519595976,202608191519595710,97,6013,P1 Forms E&M Form MDM Bronze - B57B,br_samms_eandm_form_mdm,TASK_COMPLETE,SUCCESS,INFO,1618,1618,0,,2026-08-19T15:20:02.186Z,2026-08-19T16:02:20.903Z,2538,2026-08-19T16:02:20.903Z,B57B,Middletown,0e774440-67e4-4817-8f97-24afdbb9d82f,SAMMS-Middletown
202608191602179092,202608191519595977,202608191519595710,97,6014,P1 Forms E&M Form MDM Bronze - B57C,br_samms_eandm_form_mdm,TASK_COMPLETE,SUCCESS,INFO,2044,2044,0,,2026-08-19T15:20:02.186Z,2026-08-19T16:02:20.903Z,2538,2026-08-19T16:02:20.903Z,B57C,Providence,0e774440-67e4-4817-8f97-24afdbb9d82f,SAMMS-Providence
202608191602179093,202608191519595978,202608191519595710,97,6015,P1 Forms E&M Form MDM Bronze - B57D,br_samms_eandm_form_mdm,TASK_COMPLETE,SUCCESS,INFO,3519,3519,0,,2026-08-19T15:20:02.186Z,2026-08-19T16:02:20.903Z,2538,2026-08-19T16:02:20.903Z,B57D,Westerly,0e774440-67e4-4817-8f97-24afdbb9d82f,SAMMS-Westerly
202608191602179094,202608191519595979,202608191519595710,97,6016,P1 Forms E&M Form MDM Bronze - B66A,br_samms_eandm_form_mdm,TASK_COMPLETE,SUCCESS,INFO,6965,6965,0,,2026-08-19T15:20:02.186Z,2026-08-19T16:02:20.903Z,2538,2026-08-19T16:02:20.903Z,B66A,Bremen,0e774440-67e4-4817-8f97-24afdbb9d82f,SAMMS-Bremen
202608191602179095,202608191519595980,202608191519595710,97,6017,P1 Forms E&M Form MDM Bronze - B72,br_samms_eandm_form_mdm,TASK_COMPLETE,SUCCESS,INFO,26941,26941,0,,2026-08-19T15:20:02.186Z,2026-08-19T16:02:20.903Z,2538,2026-08-19T16:02:20.903Z,B72,Mobile-OBOT,0e774440-67e4-4817-8f97-24afdbb9d82f,SAMMS-Mobile-OBOT
202608191602179096,202608191519595981,202608191519595710,97,6018,P1 Forms E&M Form MDM Bronze - B73,br_samms_eandm_form_mdm,TASK_COMPLETE,SUCCESS,INFO,11599,11599,0,,2026-08-19T15:20:02.186Z,2026-08-19T16:02:20.903Z,2538,2026-08-19T16:02:20.903Z,B73,Montgomery,0e774440-67e4-4817-8f97-24afdbb9d82f,SAMMS-Montgomery
202608191602179097,202608191519595982,202608191519595710,97,6019,P1 Forms E&M Form MDM Bronze - B75,br_samms_eandm_form_mdm,TASK_COMPLETE,SUCCESS,INFO,1295,1295,0,,2026-08-19T15:20:02.186Z,2026-08-19T16:02:20.903Z,2538,2026-08-19T16:02:20.903Z,B75,Lawrence,0e774440-67e4-4817-8f97-24afdbb9d82f,SAMMS-LawrenceV6
202608191602179098,202608191519595983,202608191519595710,97,6020,P1 Forms E&M Form MDM Bronze - B76,br_samms_eandm_form_mdm,TASK_COMPLETE,SUCCESS,INFO,1090,1090,0,,2026-08-19T15:20:02.186Z,2026-08-19T16:02:20.903Z,2538,2026-08-19T16:02:20.903Z,B76,Huntsville-OBOT,0e774440-67e4-4817-8f97-24afdbb9d82f,SAMMS-Huntsville-OBOT
202608191602179099,202608191519595984,202608191519595710,97,6021,P1 Forms E&M Form MDM Bronze - BAT,br_samms_eandm_form_mdm,TASK_COMPLETE,SUCCESS,INFO,11505,11505,0,,2026-08-19T15:20:02.186Z,2026-08-19T16:02:20.903Z,2538,2026-08-19T16:02:20.903Z,BAT,Batesville,0e774440-67e4-4817-8f97-24afdbb9d82f,SAMMS-Batesville
202608191602179101,202608191519595985,202608191519595710,97,6022,P1 Forms E&M Form MDM Bronze - BG,br_samms_eandm_form_mdm,TASK_COMPLETE,SUCCESS,INFO,3089,3089,0,,2026-08-19T15:20:02.186Z,2026-08-19T16:02:20.903Z,2538,2026-08-19T16:02:20.903Z,BG,BowlingGreen,0e774440-67e4-4817-8f97-24afdbb9d82f,SAMMS-BowlingGreen
202608191602179102,202608191519595986,202608191519595710,97,6023,P1 Forms E&M Form MDM Bronze - BOI,br_samms_eandm_form_mdm,TASK_COMPLETE,SUCCESS,INFO,709,709,0,,2026-08-19T15:20:02.186Z,2026-08-19T16:02:20.903Z,2538,2026-08-19T16:02:20.903Z,BOI,Boise,0e774440-67e4-4817-8f97-24afdbb9d82f,SAMMS-Boise
202608191602179103,202608191519595987,202608191519595710,97,6024,P1 Forms E&M Form MDM Bronze - CBCO,br_samms_eandm_form_mdm,TASK_COMPLETE,SUCCESS,INFO,601,601,0,,2026-08-19T15:20:02.186Z,2026-08-19T16:02:20.903Z,2538,2026-08-19T16:02:20.903Z,CBCO,CoeurdAlene,0e774440-67e4-4817-8f97-24afdbb9d82f,SAMMS-CoeurdAleneV6
202608191602179104,202608191519595988,202608191519595710,97,6025,P1 Forms E&M Form MDM Bronze - CON,br_samms_eandm_form_mdm,TASK_COMPLETE,SUCCESS,INFO,15392,15392,0,,2026-08-19T15:20:02.186Z,2026-08-19T16:02:20.903Z,2538,2026-08-19T16:02:20.903Z,CON,Conway,0e774440-67e4-4817-8f97-24afdbb9d82f,SAMMS-Conway
202608191602179105,202608191519595989,202608191519595710,97,6026,P1 Forms E&M Form MDM Bronze - D07,br_samms_eandm_form_mdm,TASK_COMPLETE,SUCCESS,INFO,59259,59259,0,,2026-08-19T15:20:02.186Z,2026-08-19T16:02:20.903Z,2538,2026-08-19T16:02:20.903Z,D07,Knoxville,0e774440-67e4-4817-8f97-24afdbb9d82f,SAMMS-KnoxvilleV6
202608191602179106,202608191519595990,202608191519595710,97,6027,P1 Forms E&M Form MDM Bronze - D08,br_samms_eandm_form_mdm,TASK_COMPLETE,SUCCESS,INFO,4969,4969,0,,2026-08-19T15:20:02.186Z,2026-08-19T16:02:20.903Z,2538,2026-08-19T16:02:20.903Z,D08,Madison,0e774440-67e4-4817-8f97-24afdbb9d82f,SAMMS-MadisonV6
202608191602179107,202608191519595991,202608191519595710,97,6028,P1 Forms E&M Form MDM Bronze - D09,br_samms_eandm_form_mdm,TASK_COMPLETE,SUCCESS,INFO,5144,5144,0,,2026-08-19T15:20:02.186Z,2026-08-19T16:02:20.903Z,2538,2026-08-19T16:02:20.903Z,D09,Murfreesboro,0e774440-67e4-4817-8f97-24afdbb9d82f,SAMMS-MurfreesboroV6
202608191602179108,202608191519595992,202608191519595710,97,6029,P1 Forms E&M Form MDM Bronze - DA,br_samms_eandm_form_mdm,TASK_COMPLETE,SUCCESS,INFO,1413,1413,0,,2026-08-19T15:20:02.186Z,2026-08-19T16:02:20.903Z,2538,2026-08-19T16:02:20.903Z,DA,Davenport,0e774440-67e4-4817-8f97-24afdbb9d82f,SAMMS-Davenport
202608191602179109,202608191519595993,202608191519595710,97,6030,P1 Forms E&M Form MDM Bronze - DM,br_samms_eandm_form_mdm,TASK_COMPLETE,SUCCESS,INFO,1899,1899,0,,2026-08-19T15:20:02.186Z,2026-08-19T16:02:20.903Z,2538,2026-08-19T16:02:20.903Z,DM,DesMoines,0e774440-67e4-4817-8f97-24afdbb9d82f,SAMMS-DesMoines
202608191602179110,202608191519595994,202608191519595710,97,6031,P1 Forms E&M Form MDM Bronze - DRD-CO,br_samms_eandm_form_mdm,TASK_COMPLETE,SUCCESS,INFO,1343,1343,0,,2026-08-19T15:20:02.186Z,2026-08-19T16:02:20.903Z,2538,2026-08-19T16:02:20.903Z,DRD-CO,Columbia,0e774440-67e4-4817-8f97-24afdbb9d82f,SAMMS-ColumbiaV5
202608191602179111,202608191519595995,202608191519595710,97,6032,P1 Forms E&M Form MDM Bronze - DRD-KC,br_samms_eandm_form_mdm,TASK_COMPLETE,SUCCESS,INFO,1965,1965,0,,2026-08-19T15:20:02.186Z,2026-08-19T16:02:20.903Z,2538,2026-08-19T16:02:20.903Z,DRD-KC,KC,0e774440-67e4-4817-8f97-24afdbb9d82f,SAMMS-KCv5
202608191602179112,202608191519595996,202608191519595710,97,6033,P1 Forms E&M Form MDM Bronze - DRD-KVB,br_samms_eandm_form_mdm,TASK_COMPLETE,SUCCESS,INFO,2934,2934,0,,2026-08-19T15:20:02.186Z,2026-08-19T16:02:20.903Z,2538,2026-08-19T16:02:20.903Z,DRD-KVB,KVB,0e774440-67e4-4817-8f97-24afdbb9d82f,SAMMS-KVBv5
202608191602179113,202608191519595997,202608191519595710,97,6034,P1 Forms E&M Form MDM Bronze - DRD-KVC,br_samms_eandm_form_mdm,TASK_COMPLETE,SUCCESS,INFO,3966,3966,0,,2026-08-19T15:20:02.186Z,2026-08-19T16:02:20.903Z,2538,2026-08-19T16:02:20.903Z,DRD-KVC,KVC,0e774440-67e4-4817-8f97-24afdbb9d82f,SAMMS-KVCv5
202608191602179114,202608191519595998,202608191519595710,97,6035,P1 Forms E&M Form MDM Bronze - DRD-NOLA,br_samms_eandm_form_mdm,TASK_COMPLETE,SUCCESS,INFO,2296,2296,0,,2026-08-19T15:20:02.186Z,2026-08-19T16:02:20.903Z,2538,2026-08-19T16:02:20.903Z,DRD-NOLA,NOLA,0e774440-67e4-4817-8f97-24afdbb9d82f,SAMMS-NOLAv5
202608191602179116,202608191519595999,202608191519595710,97,6036,P1 Forms E&M Form MDM Bronze - DRD-SF,br_samms_eandm_form_mdm,TASK_COMPLETE,SUCCESS,INFO,1112,1112,0,,2026-08-19T15:20:02.186Z,2026-08-19T16:02:20.903Z,2538,2026-08-19T16:02:20.903Z,DRD-SF,SF,0e774440-67e4-4817-8f97-24afdbb9d82f,SAMMS-SFv5
202608191602179117,202608191519596000,202608191519595710,97,6037,P1 Forms E&M Form MDM Bronze - ELC,br_samms_eandm_form_mdm,TASK_COMPLETE,SUCCESS,INFO,1415,1415,0,,2026-08-19T15:20:02.186Z,2026-08-19T16:02:20.903Z,2538,2026-08-19T16:02:20.903Z,ELC,ElizabethCity,0e774440-67e4-4817-8f97-24afdbb9d82f,SAMMS-ElizabethCity
202608191602179118,202608191519596001,202608191519595710,97,6038,P1 Forms E&M Form MDM Bronze - ET,br_samms_eandm_form_mdm,TASK_COMPLETE,SUCCESS,INFO,1641,1641,0,,2026-08-19T15:20:02.186Z,2026-08-19T16:02:20.903Z,2538,2026-08-19T16:02:20.903Z,ET,Elizabethtown,0e774440-67e4-4817-8f97-24afdbb9d82f,SAMMS-Elizabethtown
202608191602179119,202608191519596002,202608191519595710,97,6039,P1 Forms E&M Form MDM Bronze - FAY,br_samms_eandm_form_mdm,TASK_COMPLETE,SUCCESS,INFO,12797,12797,0,,2026-08-19T15:20:02.186Z,2026-08-19T16:02:20.903Z,2538,2026-08-19T16:02:20.903Z,FAY,Fayetteville,0e774440-67e4-4817-8f97-24afdbb9d82f,SAMMS-Fayetteville
202608191602179120,202608191519596003,202608191519595710,97,6040,P1 Forms E&M Form MDM Bronze - FR,br_samms_eandm_form_mdm,TASK_COMPLETE,SUCCESS,INFO,3642,3642,0,,2026-08-19T15:20:02.186Z,2026-08-19T16:02:20.903Z,2538,2026-08-19T16:02:20.903Z,FR,Frankfort,0e774440-67e4-4817-8f97-24afdbb9d82f,SAMMS-Frankfort
202608191602179121,202608191519596004,202608191519595710,97,6041,P1 Forms E&M Form MDM Bronze - FS,br_samms_eandm_form_mdm,TASK_COMPLETE,SUCCESS,INFO,10814,10814,0,,2026-08-19T15:20:02.186Z,2026-08-19T16:02:20.903Z,2538,2026-08-19T16:02:20.903Z,FS,FortSmith,0e774440-67e4-4817-8f97-24afdbb9d82f,SAMMS-FortSmith
202608191602179122,202608191519596005,202608191519595710,97,6042,P1 Forms E&M Form MDM Bronze - FW,br_samms_eandm_form_mdm,TASK_COMPLETE,SUCCESS,INFO,2337,2337,0,,2026-08-19T15:20:02.186Z,2026-08-19T16:02:20.903Z,2538,2026-08-19T16:02:20.903Z,FW,FortWayne,0e774440-67e4-4817-8f97-24afdbb9d82f,SAMMS-FortWayne
202608191602179123,202608191519596006,202608191519595710,97,6043,P1 Forms E&M Form MDM Bronze - GAL,br_samms_eandm_form_mdm,TASK_COMPLETE,SUCCESS,INFO,2031,2031,0,,2026-08-19T15:20:02.186Z,2026-08-19T16:02:20.903Z,2538,2026-08-19T16:02:20.903Z,GAL,Gaylord,0e774440-67e4-4817-8f97-24afdbb9d82f,SAMMS-Gaylord
202608191602179124,202608191519596007,202608191519595710,97,6044,P1 Forms E&M Form MDM Bronze - HGT,br_samms_eandm_form_mdm,TASK_COMPLETE,SUCCESS,INFO,9041,9041,0,,2026-08-19T15:20:02.186Z,2026-08-19T16:02:20.903Z,2538,2026-08-19T16:02:20.903Z,HGT,Hagerstown,0e774440-67e4-4817-8f97-24afdbb9d82f,SAMMS-Hagerstown
202608191602179125,202608191519596008,202608191519595710,97,6045,P1 Forms E&M Form MDM Bronze - HNT,br_samms_eandm_form_mdm,TASK_COMPLETE,SUCCESS,INFO,1630,1630,0,,2026-08-19T15:20:02.186Z,2026-08-19T16:02:20.903Z,2538,2026-08-19T16:02:20.903Z,HNT,Huntsville,0e774440-67e4-4817-8f97-24afdbb9d82f,SAMMS-Huntsville
202608191602179126,202608191519596009,202608191519595710,97,6046,P1 Forms E&M Form MDM Bronze - HS,br_samms_eandm_form_mdm,TASK_COMPLETE,SUCCESS,INFO,13462,13462,0,,2026-08-19T15:20:02.186Z,2026-08-19T16:02:20.903Z,2538,2026-08-19T16:02:20.903Z,HS,HotSprings,0e774440-67e4-4817-8f97-24afdbb9d82f,SAMMS-HotSprings
202608191602179127,202608191519596010,202608191519595710,97,6047,P1 Forms E&M Form MDM Bronze - JON,br_samms_eandm_form_mdm,TASK_COMPLETE,SUCCESS,INFO,9605,9605,0,,2026-08-19T15:20:02.186Z,2026-08-19T16:02:20.903Z,2538,2026-08-19T16:02:20.903Z,JON,Jonesboro,0e774440-67e4-4817-8f97-24afdbb9d82f,SAMMS-Jonesboro
202608191602179128,202608191519596011,202608191519595710,97,6048,P1 Forms E&M Form MDM Bronze - LAN,br_samms_eandm_form_mdm,TASK_COMPLETE,SUCCESS,INFO,3626,3626,0,,2026-08-19T15:20:02.186Z,2026-08-19T16:02:20.903Z,2538,2026-08-19T16:02:20.903Z,LAN,Lansing,0e774440-67e4-4817-8f97-24afdbb9d82f,SAMMS-Lansing
202608191602179130,202608191519596012,202608191519595710,97,6049,P1 Forms E&M Form MDM Bronze - LO,br_samms_eandm_form_mdm,TASK_COMPLETE,SUCCESS,INFO,4752,4752,0,,2026-08-19T15:20:02.186Z,2026-08-19T16:02:20.903Z,2538,2026-08-19T16:02:20.903Z,LO,Louisville,0e774440-67e4-4817-8f97-24afdbb9d82f,SAMMS-Louisville
202608191602179131,202608191519596013,202608191519595710,97,6050,P1 Forms E&M Form MDM Bronze - LV1,br_samms_eandm_form_mdm,TASK_COMPLETE,SUCCESS,INFO,4495,4495,0,,2026-08-19T15:20:02.186Z,2026-08-19T16:02:20.903Z,2538,2026-08-19T16:02:20.903Z,LV1,Cheyenne,0e774440-67e4-4817-8f97-24afdbb9d82f,SAMMS-Cheyenne
202608191602179132,202608191519596014,202608191519595710,97,6051,P1 Forms E&M Form MDM Bronze - LV2,br_samms_eandm_form_mdm,TASK_COMPLETE,SUCCESS,INFO,3845,3845,0,,2026-08-19T15:20:02.186Z,2026-08-19T16:02:20.903Z,2538,2026-08-19T16:02:20.903Z,LV2,DesertInn,0e774440-67e4-4817-8f97-24afdbb9d82f,SAMMS-DesertInn
202608191602179133,202608191519596015,202608191519595710,97,6052,P1 Forms E&M Form MDM Bronze - LV3,br_samms_eandm_form_mdm,TASK_COMPLETE,SUCCESS,INFO,1849,1849,0,,2026-08-19T15:20:02.186Z,2026-08-19T16:02:20.903Z,2538,2026-08-19T16:02:20.903Z,LV3,McDaniel,0e774440-67e4-4817-8f97-24afdbb9d82f,SAMMS-McDaniel
202608191602179134,202608191519596016,202608191519595710,97,6053,P1 Forms E&M Form MDM Bronze - MNRE,br_samms_eandm_form_mdm,TASK_COMPLETE,SUCCESS,INFO,1239,1239,0,,2026-08-19T15:20:02.186Z,2026-08-19T16:02:20.903Z,2538,2026-08-19T16:02:20.903Z,MNRE,Monroe,0e774440-67e4-4817-8f97-24afdbb9d82f,SAMMS-Monroe
202608191602179135,202608191519596017,202608191519595710,97,6054,P1 Forms E&M Form MDM Bronze - MP,br_samms_eandm_form_mdm,TASK_COMPLETE,SUCCESS,INFO,3427,3427,0,,2026-08-19T15:20:02.186Z,2026-08-19T16:02:20.903Z,2538,2026-08-19T16:02:20.903Z,MP,MtPleasant,0e774440-67e4-4817-8f97-24afdbb9d82f,SAMMS-MtPleasant
202608191602179136,202608191519596018,202608191519595710,97,6055,P1 Forms E&M Form MDM Bronze - MRD,br_samms_eandm_form_mdm,TASK_COMPLETE,SUCCESS,INFO,676,676,0,,2026-08-19T15:20:02.186Z,2026-08-19T16:02:20.903Z,2538,2026-08-19T16:02:20.903Z,MRD,Meridian,0e774440-67e4-4817-8f97-24afdbb9d82f,SAMMS-Meridian
202608191602179137,202608191519596019,202608191519595710,97,6056,P1 Forms E&M Form MDM Bronze - NC,br_samms_eandm_form_mdm,TASK_COMPLETE,SUCCESS,INFO,3941,3941,0,,2026-08-19T15:20:02.186Z,2026-08-19T16:02:20.903Z,2538,2026-08-19T16:02:20.903Z,NC,NorthCharleston,0e774440-67e4-4817-8f97-24afdbb9d82f,SAMMS-NorthCharleston
202608191602179138,202608191519596020,202608191519595710,97,6057,P1 Forms E&M Form MDM Bronze - NLR,br_samms_eandm_form_mdm,TASK_COMPLETE,SUCCESS,INFO,20231,20231,0,,2026-08-19T15:20:02.186Z,2026-08-19T16:02:20.903Z,2538,2026-08-19T16:02:20.903Z,NLR,NLROBOT,0e774440-67e4-4817-8f97-24afdbb9d82f,SAMMS-NLROBOT
202608191602179139,202608191519596021,202608191519595710,97,6058,P1 Forms E&M Form MDM Bronze - PH,br_samms_eandm_form_mdm,TASK_COMPLETE,SUCCESS,INFO,651,651,0,,2026-08-19T15:20:02.186Z,2026-08-19T16:02:20.903Z,2538,2026-08-19T16:02:20.903Z,PH,Phoenix,0e774440-67e4-4817-8f97-24afdbb9d82f,SAMMS-Phoenix
202608191602179140,202608191519596022,202608191519595710,97,6059,P1 Forms E&M Form MDM Bronze - RE,br_samms_eandm_form_mdm,TASK_COMPLETE,SUCCESS,INFO,2279,2279,0,,2026-08-19T15:20:02.186Z,2026-08-19T16:02:20.903Z,2538,2026-08-19T16:02:20.903Z,RE,Reno,0e774440-67e4-4817-8f97-24afdbb9d82f,SAMMS-Reno
202608191602179141,202608191519596023,202608191519595710,97,6060,P1 Forms E&M Form MDM Bronze - RMD,br_samms_eandm_form_mdm,TASK_COMPLETE,SUCCESS,INFO,2356,2356,0,,2026-08-19T15:20:02.186Z,2026-08-19T16:02:20.903Z,2538,2026-08-19T16:02:20.903Z,RMD,Richmond,0e774440-67e4-4817-8f97-24afdbb9d82f,SAMMS-Richmond
202608191602179142,202608191519596024,202608191519595710,97,6061,P1 Forms E&M Form MDM Bronze - SFN,br_samms_eandm_form_mdm,TASK_COMPLETE,SUCCESS,INFO,2045,2045,0,,2026-08-19T15:20:02.186Z,2026-08-19T16:02:20.903Z,2538,2026-08-19T16:02:20.903Z,SFN,SFN,0e774440-67e4-4817-8f97-24afdbb9d82f,SAMMS-SFNv5
202608191602179143,202608191519596025,202608191519595710,97,6062,P1 Forms E&M Form MDM Bronze - SHP,br_samms_eandm_form_mdm,TASK_COMPLETE,SUCCESS,INFO,2939,2939,0,,2026-08-19T15:20:02.186Z,2026-08-19T16:02:20.903Z,2538,2026-08-19T16:02:20.903Z,SHP,Shreveport,0e774440-67e4-4817-8f97-24afdbb9d82f,SAMMS-Shreveport
202608191602179145,202608191519596026,202608191519595710,97,6063,P1 Forms E&M Form MDM Bronze - STN,br_samms_eandm_form_mdm,TASK_COMPLETE,SUCCESS,INFO,735,735,0,,2026-08-19T15:20:02.186Z,2026-08-19T16:02:20.903Z,2538,2026-08-19T16:02:20.903Z,STN,Staunton,0e774440-67e4-4817-8f97-24afdbb9d82f,SAMMS-Staunton
202608191602179146,202608191519596027,202608191519595710,97,6064,P1 Forms E&M Form MDM Bronze - STVN,br_samms_eandm_form_mdm,TASK_COMPLETE,SUCCESS,INFO,286,286,0,,2026-08-19T15:20:02.186Z,2026-08-19T16:02:20.903Z,2538,2026-08-19T16:02:20.903Z,STVN,Stevenson,0e774440-67e4-4817-8f97-24afdbb9d82f,SAMMS-Stevenson
202608191602179147,202608191519596028,202608191519595710,97,6065,P1 Forms E&M Form MDM Bronze - TE,br_samms_eandm_form_mdm,TASK_COMPLETE,SUCCESS,INFO,677,677,0,,2026-08-19T15:20:02.186Z,2026-08-19T16:02:20.903Z,2538,2026-08-19T16:02:20.903Z,TE,Tempe,0e774440-67e4-4817-8f97-24afdbb9d82f,SAMMS-Tempe
202608191602179148,202608191519596029,202608191519595710,97,6066,P1 Forms E&M Form MDM Bronze - TEX,br_samms_eandm_form_mdm,TASK_COMPLETE,SUCCESS,INFO,12736,12736,0,,2026-08-19T15:20:02.186Z,2026-08-19T16:02:20.903Z,2538,2026-08-19T16:02:20.903Z,TEX,Texarkana,0e774440-67e4-4817-8f97-24afdbb9d82f,SAMMS-Texarkana
202608191602179149,202608191519596030,202608191519595710,97,6067,P1 Forms E&M Form MDM Bronze - TTCA,br_samms_eandm_form_mdm,TASK_COMPLETE,SUCCESS,INFO,3051,3051,0,,2026-08-19T15:20:02.186Z,2026-08-19T16:02:20.903Z,2538,2026-08-19T16:02:20.903Z,TTCA,Bessemer,0e774440-67e4-4817-8f97-24afdbb9d82f,SAMMS-BessemerV5
202608191602179288,202608191519596159,202608191519595710,97,6198,P1 Forms SF Data Forms Bronze - V20,br_samms_sf_data_forms,TASK_COMPLETE,SUCCESS,INFO,5537,5537,0,,2026-08-19T15:20:02.186Z,2026-08-19T16:02:20.903Z,2538,2026-08-19T16:02:20.903Z,V20,Paris,0e774440-67e4-4817-8f97-24afdbb9d82f,SAMMS-ParisV5
202608191602179289,202608191519596160,202608191519595710,97,6199,P1 Forms SF Data Forms Bronze - V21,br_samms_sf_data_forms,TASK_COMPLETE,SUCCESS,INFO,3510,3510,0,,2026-08-19T15:20:02.186Z,2026-08-19T16:02:20.903Z,2538,2026-08-19T16:02:20.903Z,V21,Raleigh,0e774440-67e4-4817-8f97-24afdbb9d82f,SAMMS-RaleighV5
202608191602179291,202608191519596161,202608191519595710,97,6200,P1 Forms SF Data Forms Bronze - V5,br_samms_sf_data_forms,TASK_COMPLETE,SUCCESS,INFO,7557,7557,0,,2026-08-19T15:20:02.186Z,2026-08-19T16:02:20.903Z,2538,2026-08-19T16:02:20.903Z,V5,NONTC,0e774440-67e4-4817-8f97-24afdbb9d82f,SAMMS-NONTCv5
202608191602179292,202608191519596162,202608191519595710,97,6201,P1 Forms SF Data Forms Bronze - V5B,br_samms_sf_data_forms,TASK_COMPLETE,SUCCESS,INFO,1597,1597,0,,2026-08-19T15:20:02.186Z,2026-08-19T16:02:20.903Z,2538,2026-08-19T16:02:20.903Z,V5B,Houma,0e774440-67e4-4817-8f97-24afdbb9d82f,SAMMS-HoumaV6
202608191602179293,202608191519596163,202608191519595710,97,6202,P1 Forms SF Data Forms Bronze - V6,br_samms_sf_data_forms,TASK_COMPLETE,SUCCESS,INFO,6823,6823,0,,2026-08-19T15:20:02.186Z,2026-08-19T16:02:20.903Z,2538,2026-08-19T16:02:20.903Z,V6,LC,0e774440-67e4-4817-8f97-24afdbb9d82f,SAMMS-LCv5
202608191602179294,202608191519596164,202608191519595710,97,6203,P1 Forms SF Data Forms Bronze - V8,br_samms_sf_data_forms,TASK_COMPLETE,SUCCESS,INFO,4797,4797,0,,2026-08-19T15:20:02.186Z,2026-08-19T16:02:20.903Z,2538,2026-08-19T16:02:20.903Z,V8,VCPHCS-VIII-Memphis,0e774440-67e4-4817-8f97-24afdbb9d82f,SAMMS-VCPHCS-VIII-MemphisV5
202608191602179295,202608191519596165,202608191519595710,97,6204,P1 Forms SF Data Forms Bronze - V9,br_samms_sf_data_forms,TASK_COMPLETE,SUCCESS,INFO,6770,6770,0,,2026-08-19T15:20:02.186Z,2026-08-19T16:02:20.903Z,2538,2026-08-19T16:02:20.903Z,V9,Nashville,0e774440-67e4-4817-8f97-24afdbb9d82f,SAMMS-NashvilleV5
202608191602179296,202608191519596166,202608191519595710,97,6205,P1 Forms SF Data Forms Bronze - VBRA,br_samms_sf_data_forms,TASK_COMPLETE,SUCCESS,INFO,8151,8151,0,,2026-08-19T15:20:02.186Z,2026-08-19T16:02:20.903Z,2538,2026-08-19T16:02:20.903Z,VBRA,Brainerd,0e774440-67e4-4817-8f97-24afdbb9d82f,SAMMS-BrainerdV6
202608191602179297,202608191519596167,202608191519595710,97,6206,P1 Forms SF Data Forms Bronze - VBRP,br_samms_sf_data_forms,TASK_COMPLETE,SUCCESS,INFO,13108,13108,0,,2026-08-19T15:20:02.186Z,2026-08-19T16:02:20.903Z,2538,2026-08-19T16:02:20.903Z,VBRP,BrooklynPark,0e774440-67e4-4817-8f97-24afdbb9d82f,SAMMS-BrooklynParkV6
202608191602179298,202608191519596168,202608191519595710,97,6207,P1 Forms SF Data Forms Bronze - VMIN,br_samms_sf_data_forms,TASK_COMPLETE,SUCCESS,INFO,6625,6625,0,,2026-08-19T15:20:02.186Z,2026-08-19T16:02:20.903Z,2538,2026-08-19T16:02:20.903Z,VMIN,Minneapolis,0e774440-67e4-4817-8f97-24afdbb9d82f,SAMMS-MinneapolisV6
202608191602179299,202608191519596169,202608191519595710,97,6208,P1 Forms SF Data Forms Bronze - VWBY,br_samms_sf_data_forms,TASK_COMPLETE,SUCCESS,INFO,13885,13885,0,,2026-08-19T15:20:02.186Z,2026-08-19T16:02:20.903Z,2538,2026-08-19T16:02:20.903Z,VWBY,Woodbury,0e774440-67e4-4817-8f97-24afdbb9d82f,SAMMS-WoodburyV6
202608191602179300,202608191519596170,202608191519595710,97,6209,P1 Forms SF Data Forms Bronze - WIL,br_samms_sf_data_forms,TASK_COMPLETE,SUCCESS,INFO,3825,3825,0,,2026-08-19T15:20:02.186Z,2026-08-19T16:02:20.903Z,2538,2026-08-19T16:02:20.903Z,WIL,Wilson,0e774440-67e4-4817-8f97-24afdbb9d82f,SAMMS-Wilson
202608191602179301,202608191519596171,202608191519595710,97,6212,P1 Forms SMS Text Consent Form Bronze - AHK,br_samms_sms_text_consent_form,TASK_COMPLETE,SUCCESS,INFO,19,19,0,,2026-08-19T15:20:02.186Z,2026-08-19T16:02:20.903Z,2538,2026-08-19T16:02:20.903Z,AHK,Ahoskie,0e774440-67e4-4817-8f97-24afdbb9d82f,SAMMS-Ahoskie
202608191602179302,202608191519596172,202608191519595710,97,6213,P1 Forms SMS Text Consent Form Bronze - B12B,br_samms_sms_text_consent_form,TASK_COMPLETE,SUCCESS,INFO,121,121,0,,2026-08-19T15:20:02.186Z,2026-08-19T16:02:20.903Z,2538,2026-08-19T16:02:20.903Z,B12B,ColoradoSprings,0e774440-67e4-4817-8f97-24afdbb9d82f,SAMMS-ColoradoSpringsV5
202608191602179304,202608191519596173,202608191519595710,97,6214,P1 Forms SMS Text Consent Form Bronze - B24,br_samms_sms_text_consent_form,TASK_COMPLETE,SUCCESS,INFO,220,220,0,,2026-08-19T15:20:02.186Z,2026-08-19T16:02:20.903Z,2538,2026-08-19T16:02:20.903Z,B24,Paintsville,0e774440-67e4-4817-8f97-24afdbb9d82f,SAMMS-PaintsvilleV5
202608191602179305,202608191519596174,202608191519595710,97,6215,P1 Forms SMS Text Consent Form Bronze - B25,br_samms_sms_text_consent_form,TASK_COMPLETE,SUCCESS,INFO,88,88,0,,2026-08-19T15:20:02.186Z,2026-08-19T16:02:20.903Z,2538,2026-08-19T16:02:20.903Z,B25,Pikeville,0e774440-67e4-4817-8f97-24afdbb9d82f,SAMMS-PikevilleV5
202608191602179306,202608191519596175,202608191519595710,97,6216,P1 Forms SMS Text Consent Form Bronze - B26,br_samms_sms_text_consent_form,TASK_COMPLETE,SUCCESS,INFO,462,462,0,,2026-08-19T15:20:02.186Z,2026-08-19T16:02:20.903Z,2538,2026-08-19T16:02:20.903Z,B26,Hazard,0e774440-67e4-4817-8f97-24afdbb9d82f,SAMMS-HazardV5
202608191602179307,202608191519596176,202608191519595710,97,6217,P1 Forms SMS Text Consent Form Bronze - B27,br_samms_sms_text_consent_form,TASK_COMPLETE,SUCCESS,INFO,27,27,0,,2026-08-19T15:20:02.186Z,2026-08-19T16:02:20.903Z,2538,2026-08-19T16:02:20.903Z,B27,Savannah,0e774440-67e4-4817-8f97-24afdbb9d82f,SAMMS-SavannahV6
202608191602179308,202608191519596177,202608191519595710,97,6218,P1 Forms SMS Text Consent Form Bronze - B28,br_samms_sms_text_consent_form,TASK_COMPLETE,SUCCESS,INFO,77,77,0,,2026-08-19T15:20:02.186Z,2026-08-19T16:02:20.903Z,2538,2026-08-19T16:02:20.903Z,B28,WestPlaines,0e774440-67e4-4817-8f97-24afdbb9d82f,SAMMS-WestPlainesV5
202608191602179309,202608191519596178,202608191519595710,97,6219,P1 Forms SMS Text Consent Form Bronze - B29,br_samms_sms_text_consent_form,TASK_COMPLETE,SUCCESS,INFO,52,52,0,,2026-08-19T15:20:02.186Z,2026-08-19T16:02:20.903Z,2538,2026-08-19T16:02:20.903Z,B29,PoplarBluff,0e774440-67e4-4817-8f97-24afdbb9d82f,SAMMS-PoplarBluffV5
202608191602179310,202608191519596179,202608191519595710,97,6220,P1 Forms SMS Text Consent Form Bronze - B30,br_samms_sms_text_consent_form,TASK_COMPLETE,SUCCESS,INFO,33,33,0,,2026-08-19T15:20:02.186Z,2026-08-19T16:02:20.903Z,2538,2026-08-19T16:02:20.903Z,B30,KCN,0e774440-67e4-4817-8f97-24afdbb9d82f,SAMMS-KCNv5
202608191602179311,202608191519596180,202608191519595710,97,6221,P1 Forms SMS Text Consent Form Bronze - B31,br_samms_sms_text_consent_form,TASK_COMPLETE,SUCCESS,INFO,212,212,0,,2026-08-19T15:20:02.186Z,2026-08-19T16:02:20.903Z,2538,2026-08-19T16:02:20.903Z,B31,Dyersburg,0e774440-67e4-4817-8f97-24afdbb9d82f,SAMMS-DyersburgV5
202608191602179312,202608191519596181,202608191519595710,97,6222,P1 Forms SMS Text Consent Form Bronze - B33,br_samms_sms_text_consent_form,TASK_COMPLETE,SUCCESS,INFO,124,124,0,,2026-08-19T15:20:02.186Z,2026-08-19T16:02:20.903Z,2538,2026-08-19T16:02:20.903Z,B33,Paducah,0e774440-67e4-4817-8f97-24afdbb9d82f,SAMMS-Paducah
202608191602179313,202608191519596182,202608191519595710,97,6223,P1 Forms SMS Text Consent Form Bronze - B34,br_samms_sms_text_consent_form,TASK_COMPLETE,SUCCESS,INFO,198,198,0,,2026-08-19T15:20:02.186Z,2026-08-19T16:02:20.903Z,2538,2026-08-19T16:02:20.903Z,B34,Corbin,0e774440-67e4-4817-8f97-24afdbb9d82f,SAMMS-CorbinV5
202608191602179314,202608191519596183,202608191519595710,97,6224,P1 Forms SMS Text Consent Form Bronze - B35,br_samms_sms_text_consent_form,TASK_COMPLETE,SUCCESS,INFO,456,456,0,,2026-08-19T15:20:02.186Z,2026-08-19T16:02:20.903Z,2538,2026-08-19T16:02:20.903Z,B35,Lexington,0e774440-67e4-4817-8f97-24afdbb9d82f,SAMMS-LexingtonV5
202608191602179315,202608191519596184,202608191519595710,97,6225,P1 Forms SMS Text Consent Form Bronze - B35A,br_samms_sms_text_consent_form,TASK_COMPLETE,SUCCESS,INFO,194,194,0,,2026-08-19T15:20:02.186Z,2026-08-19T16:02:20.903Z,2538,2026-08-19T16:02:20.903Z,B35A,Berea,0e774440-67e4-4817-8f97-24afdbb9d82f,SAMMS-BereaV5
202608191602179316,202608191519596185,202608191519595710,97,6226,P1 Forms SMS Text Consent Form Bronze - B36,br_samms_sms_text_consent_form,TASK_COMPLETE,SUCCESS,INFO,120,120,0,,2026-08-19T15:20:02.186Z,2026-08-19T16:02:20.903Z,2538,2026-08-19T16:02:20.903Z,B36,Asheville,0e774440-67e4-4817-8f97-24afdbb9d82f,SAMMS-AshevilleV5
202608191602179317,202608191519596186,202608191519595710,97,6227,P1 Forms SMS Text Consent Form Bronze - B37,br_samms_sms_text_consent_form,TASK_COMPLETE,SUCCESS,INFO,11,11,0,,2026-08-19T15:20:02.186Z,2026-08-19T16:02:20.903Z,2538,2026-08-19T16:02:20.903Z,B37,Clyde,0e774440-67e4-4817-8f97-24afdbb9d82f,SAMMS-ClydeV5
202608191602179319,202608191519596187,202608191519595710,97,6228,P1 Forms SMS Text Consent Form Bronze - B38,br_samms_sms_text_consent_form,TASK_COMPLETE,SUCCESS,INFO,140,140,0,,2026-08-19T15:20:02.186Z,2026-08-19T16:02:20.903Z,2538,2026-08-19T16:02:20.903Z,B38,Spartanburg,0e774440-67e4-4817-8f97-24afdbb9d82f,SAMMS-SpartanburgV5
202608191602179320,202608191519596188,202608191519595710,97,6229,P1 Forms SMS Text Consent Form Bronze - B39,br_samms_sms_text_consent_form,TASK_COMPLETE,SUCCESS,INFO,106,106,0,,2026-08-19T15:20:02.186Z,2026-08-19T16:02:20.903Z,2538,2026-08-19T16:02:20.903Z,B39,Aiken,0e774440-67e4-4817-8f97-24afdbb9d82f,SAMMS-AikenV5
202608191602179321,202608191519596189,202608191519595710,97,6230,P1 Forms SMS Text Consent Form Bronze - B41,br_samms_sms_text_consent_form,TASK_COMPLETE,SUCCESS,INFO,104,104,0,,2026-08-19T15:20:02.186Z,2026-08-19T16:02:20.903Z,2538,2026-08-19T16:02:20.903Z,B41,Chesapeake,0e774440-67e4-4817-8f97-24afdbb9d82f,SAMMS-ChesapeakeV5
202608191602179322,202608191519596190,202608191519595710,97,6231,P1 Forms SMS Text Consent Form Bronze - B42,br_samms_sms_text_consent_form,TASK_COMPLETE,SUCCESS,INFO,63,63,0,,2026-08-19T15:20:02.186Z,2026-08-19T16:02:20.903Z,2538,2026-08-19T16:02:20.903Z,B42,VirginiaBeach,0e774440-67e4-4817-8f97-24afdbb9d82f,SAMMS-VirginiaBeachV5
202608191602179323,202608191519596191,202608191519595710,97,6232,P1 Forms SMS Text Consent Form Bronze - B42A,br_samms_sms_text_consent_form,TASK_COMPLETE,SUCCESS,INFO,97,97,0,,2026-08-19T15:20:02.186Z,2026-08-19T16:02:20.903Z,2538,2026-08-19T16:02:20.903Z,B42A,NewportNews,0e774440-67e4-4817-8f97-24afdbb9d82f,SAMMS-NewportNewsV5
202608191602179324,202608191519596192,202608191519595710,97,6233,P1 Forms SMS Text Consent Form Bronze - B42B,br_samms_sms_text_consent_form,TASK_COMPLETE,SUCCESS,INFO,12,12,0,,2026-08-19T15:20:02.186Z,2026-08-19T16:02:20.903Z,2538,2026-08-19T16:02:20.903Z,B42B,Franklin,0e774440-67e4-4817-8f97-24afdbb9d82f,SAMMS-FranklinV5
202608191602179325,202608191519596193,202608191519595710,97,6234,P1 Forms SMS Text Consent Form Bronze - B42C,br_samms_sms_text_consent_form,TASK_COMPLETE,SUCCESS,INFO,135,135,0,,2026-08-19T15:20:02.186Z,2026-08-19T16:02:20.903Z,2538,2026-08-19T16:02:20.903Z,B42C,GlenAllen,0e774440-67e4-4817-8f97-24afdbb9d82f,SAMMS-GlenAllenV5
202608191602179326,202608191519596194,202608191519595710,97,6235,P1 Forms SMS Text Consent Form Bronze - B42D,br_samms_sms_text_consent_form,TASK_COMPLETE,SUCCESS,INFO,38,38,0,,2026-08-19T15:20:02.186Z,2026-08-19T16:02:20.903Z,2538,2026-08-19T16:02:20.903Z,B42D,ChesapeakeSouth,0e774440-67e4-4817-8f97-24afdbb9d82f,SAMMS-ChesapeakeSouthV5
202608191602179327,202608191519596195,202608191519595710,97,6236,P1 Forms SMS Text Consent Form Bronze - B44,br_samms_sms_text_consent_form,TASK_COMPLETE,SUCCESS,INFO,29,29,0,,2026-08-19T15:20:02.186Z,2026-08-19T16:02:20.903Z,2538,2026-08-19T16:02:20.903Z,B44,Albany,0e774440-67e4-4817-8f97-24afdbb9d82f,SAMMS-AlbanyV5
202608191602179328,202608191519596196,202608191519595710,97,6237,P1 Forms SMS Text Consent Form Bronze - B45,br_samms_sms_text_consent_form,TASK_COMPLETE,SUCCESS,INFO,57,57,0,,2026-08-19T15:20:02.186Z,2026-08-19T16:02:20.903Z,2538,2026-08-19T16:02:20.903Z,B45,Tifton,0e774440-67e4-4817-8f97-24afdbb9d82f,SAMMS-TiftonV5
202608191602179329,202608191519596197,202608191519595710,97,6238,P1 Forms SMS Text Consent Form Bronze - B46,br_samms_sms_text_consent_form,TASK_COMPLETE,SUCCESS,INFO,206,206,0,,2026-08-19T15:20:02.186Z,2026-08-19T16:02:20.903Z,2538,2026-08-19T16:02:20.903Z,B46,WashingtonDC,0e774440-67e4-4817-8f97-24afdbb9d82f,SAMMS-WashingtonDCv5
202608191602179331,202608191519596198,202608191519595710,97,6239,P1 Forms SMS Text Consent Form Bronze - B47,br_samms_sms_text_consent_form,TASK_COMPLETE,SUCCESS,INFO,69,69,0,,2026-08-19T15:20:02.186Z,2026-08-19T16:02:20.903Z,2538,2026-08-19T16:02:20.903Z,B47,Mobile,0e774440-67e4-4817-8f97-24afdbb9d82f,SAMMS-MobileV5
202608191602179332,202608191519596199,202608191519595710,97,6240,P1 Forms SMS Text Consent Form Bronze - B48,br_samms_sms_text_consent_form,TASK_COMPLETE,SUCCESS,INFO,88,88,0,,2026-08-19T15:20:02.186Z,2026-08-19T16:02:20.903Z,2538,2026-08-19T16:02:20.903Z,B48,Tuscaloosa,0e774440-67e4-4817-8f97-24afdbb9d82f,SAMMS-TuscaloosaV5
202608191602179333,202608191519596200,202608191519595710,97,6241,P1 Forms SMS Text Consent Form Bronze - B51,br_samms_sms_text_consent_form,TASK_COMPLETE,SUCCESS,INFO,63,63,0,,2026-08-19T15:20:02.186Z,2026-08-19T16:02:20.903Z,2538,2026-08-19T16:02:20.903Z,B51,NorthLittleRock,0e774440-67e4-4817-8f97-24afdbb9d82f,SAMMS-NorthLittleRockV6
202608191602179334,202608191519596201,202608191519595710,97,6242,P1 Forms SMS Text Consent Form Bronze - B52,br_samms_sms_text_consent_form,TASK_COMPLETE,SUCCESS,INFO,96,96,0,,2026-08-19T15:20:02.186Z,2026-08-19T16:02:20.903Z,2538,2026-08-19T16:02:20.903Z,B52,JacksonGA,0e774440-67e4-4817-8f97-24afdbb9d82f,SAMMS-JacksonGAV5
202608191602179335,202608191519596202,202608191519595710,97,6243,P1 Forms SMS Text Consent Form Bronze - B54,br_samms_sms_text_consent_form,TASK_COMPLETE,SUCCESS,INFO,99,99,0,,2026-08-19T15:20:02.186Z,2026-08-19T16:02:20.903Z,2538,2026-08-19T16:02:20.903Z,B54,Gadsden,0e774440-67e4-4817-8f97-24afdbb9d82f,SAMMS-GadsdenV5
202608191602179336,202608191519596203,202608191519595710,97,6244,P1 Forms SMS Text Consent Form Bronze - B55,br_samms_sms_text_consent_form,TASK_COMPLETE,SUCCESS,INFO,93,93,0,,2026-08-19T15:20:02.186Z,2026-08-19T16:02:20.903Z,2538,2026-08-19T16:02:20.903Z,B55,Shoals,0e774440-67e4-4817-8f97-24afdbb9d82f,SAMMS-ShoalsV5
202608191602179337,202608191519596204,202608191519595710,97,6245,P1 Forms SMS Text Consent Form Bronze - B57,br_samms_sms_text_consent_form,TASK_COMPLETE,SUCCESS,INFO,92,92,0,,2026-08-19T15:20:02.186Z,2026-08-19T16:02:20.903Z,2538,2026-08-19T16:02:20.903Z,B57,Pawtucket,0e774440-67e4-4817-8f97-24afdbb9d82f,SAMMS-Pawtucket
202608191602179338,202608191519596205,202608191519595710,97,6246,P1 Forms SMS Text Consent Form Bronze - B57A,br_samms_sms_text_consent_form,TASK_COMPLETE,SUCCESS,INFO,49,49,0,,2026-08-19T15:20:02.186Z,2026-08-19T16:02:20.903Z,2538,2026-08-19T16:02:20.903Z,B57A,Johnston,0e774440-67e4-4817-8f97-24afdbb9d82f,SAMMS-Johnston
202608191602179339,202608191519596206,202608191519595710,97,6247,P1 Forms SMS Text Consent Form Bronze - B57B,br_samms_sms_text_consent_form,TASK_COMPLETE,SUCCESS,INFO,39,39,0,,2026-08-19T15:20:02.186Z,2026-08-19T16:02:20.903Z,2538,2026-08-19T16:02:20.903Z,B57B,Middletown,0e774440-67e4-4817-8f97-24afdbb9d82f,SAMMS-Middletown
202608191602179340,202608191519596207,202608191519595710,97,6248,P1 Forms SMS Text Consent Form Bronze - B57C,br_samms_sms_text_consent_form,TASK_COMPLETE,SUCCESS,INFO,95,95,0,,2026-08-19T15:20:02.186Z,2026-08-19T16:02:20.903Z,2538,2026-08-19T16:02:20.903Z,B57C,Providence,0e774440-67e4-4817-8f97-24afdbb9d82f,SAMMS-Providence
202608191602179341,202608191519596208,202608191519595710,97,6249,P1 Forms SMS Text Consent Form Bronze - B57D,br_samms_sms_text_consent_form,TASK_COMPLETE,SUCCESS,INFO,105,105,0,,2026-08-19T15:20:02.186Z,2026-08-19T16:02:20.903Z,2538,2026-08-19T16:02:20.903Z,B57D,Westerly,0e774440-67e4-4817-8f97-24afdbb9d82f,SAMMS-Westerly
202608191602179342,202608191519596209,202608191519595710,97,6250,P1 Forms SMS Text Consent Form Bronze - B66A,br_samms_sms_text_consent_form,TASK_COMPLETE,SUCCESS,INFO,92,92,0,,2026-08-19T15:20:02.186Z,2026-08-19T16:02:20.903Z,2538,2026-08-19T16:02:20.903Z,B66A,Bremen,0e774440-67e4-4817-8f97-24afdbb9d82f,SAMMS-Bremen
202608191602179344,202608191519596210,202608191519595710,97,6251,P1 Forms SMS Text Consent Form Bronze - B72,br_samms_sms_text_consent_form,TASK_COMPLETE,SUCCESS,INFO,123,123,0,,2026-08-19T15:20:02.186Z,2026-08-19T16:02:20.903Z,2538,2026-08-19T16:02:20.903Z,B72,Mobile-OBOT,0e774440-67e4-4817-8f97-24afdbb9d82f,SAMMS-Mobile-OBOT
202608191602179345,202608191519596211,202608191519595710,97,6252,P1 Forms SMS Text Consent Form Bronze - B73,br_samms_sms_text_consent_form,TASK_COMPLETE,SUCCESS,INFO,65,65,0,,2026-08-19T15:20:02.186Z,2026-08-19T16:02:20.903Z,2538,2026-08-19T16:02:20.903Z,B73,Montgomery,0e774440-67e4-4817-8f97-24afdbb9d82f,SAMMS-Montgomery
202608191602179346,202608191519596212,202608191519595710,97,6253,P1 Forms SMS Text Consent Form Bronze - B75,br_samms_sms_text_consent_form,TASK_COMPLETE,SUCCESS,INFO,69,69,0,,2026-08-19T15:20:02.186Z,2026-08-19T16:02:20.903Z,2538,2026-08-19T16:02:20.903Z,B75,Lawrence,0e774440-67e4-4817-8f97-24afdbb9d82f,SAMMS-LawrenceV6
202608191602179347,202608191519596213,202608191519595710,97,6254,P1 Forms SMS Text Consent Form Bronze - B76,br_samms_sms_text_consent_form,TASK_COMPLETE,SUCCESS,INFO,7,7,0,,2026-08-19T15:20:02.186Z,2026-08-19T16:02:20.903Z,2538,2026-08-19T16:02:20.903Z,B76,Huntsville-OBOT,0e774440-67e4-4817-8f97-24afdbb9d82f,SAMMS-Huntsville-OBOT
202608191602179348,202608191519596214,202608191519595710,97,6255,P1 Forms SMS Text Consent Form Bronze - BAT,br_samms_sms_text_consent_form,TASK_COMPLETE,SUCCESS,INFO,76,76,0,,2026-08-19T15:20:02.186Z,2026-08-19T16:02:20.903Z,2538,2026-08-19T16:02:20.903Z,BAT,Batesville,0e774440-67e4-4817-8f97-24afdbb9d82f,SAMMS-Batesville
202608191602179349,202608191519596215,202608191519595710,97,6256,P1 Forms SMS Text Consent Form Bronze - BG,br_samms_sms_text_consent_form,TASK_COMPLETE,SUCCESS,INFO,128,128,0,,2026-08-19T15:20:02.186Z,2026-08-19T16:02:20.903Z,2538,2026-08-19T16:02:20.903Z,BG,BowlingGreen,0e774440-67e4-4817-8f97-24afdbb9d82f,SAMMS-BowlingGreen
202608191602179350,202608191519596216,202608191519595710,97,6257,P1 Forms SMS Text Consent Form Bronze - BOI,br_samms_sms_text_consent_form,TASK_COMPLETE,SUCCESS,INFO,139,139,0,,2026-08-19T15:20:02.186Z,2026-08-19T16:02:20.903Z,2538,2026-08-19T16:02:20.903Z,BOI,Boise,0e774440-67e4-4817-8f97-24afdbb9d82f,SAMMS-Boise
202608191602179351,202608191519596217,202608191519595710,97,6258,P1 Forms SMS Text Consent Form Bronze - CBCO,br_samms_sms_text_consent_form,TASK_COMPLETE,SUCCESS,INFO,84,84,0,,2026-08-19T15:20:02.186Z,2026-08-19T16:02:20.903Z,2538,2026-08-19T16:02:20.903Z,CBCO,CoeurdAlene,0e774440-67e4-4817-8f97-24afdbb9d82f,SAMMS-CoeurdAleneV6
202608191602179352,202608191519596218,202608191519595710,97,6259,P1 Forms SMS Text Consent Form Bronze - CON,br_samms_sms_text_consent_form,TASK_COMPLETE,SUCCESS,INFO,84,84,0,,2026-08-19T15:20:02.186Z,2026-08-19T16:02:20.903Z,2538,2026-08-19T16:02:20.903Z,CON,Conway,0e774440-67e4-4817-8f97-24afdbb9d82f,SAMMS-Conway
202608191602179353,202608191519596219,202608191519595710,97,6260,P1 Forms SMS Text Consent Form Bronze - D07,br_samms_sms_text_consent_form,TASK_COMPLETE,SUCCESS,INFO,93,93,0,,2026-08-19T15:20:02.186Z,2026-08-19T16:02:20.903Z,2538,2026-08-19T16:02:20.903Z,D07,Knoxville,0e774440-67e4-4817-8f97-24afdbb9d82f,SAMMS-KnoxvilleV6
202608191602179354,202608191519596220,202608191519595710,97,6261,P1 Forms SMS Text Consent Form Bronze - D08,br_samms_sms_text_consent_form,TASK_COMPLETE,SUCCESS,INFO,120,120,0,,2026-08-19T15:20:02.186Z,2026-08-19T16:02:20.903Z,2538,2026-08-19T16:02:20.903Z,D08,Madison,0e774440-67e4-4817-8f97-24afdbb9d82f,SAMMS-MadisonV6
202608191602179356,202608191519596221,202608191519595710,97,6262,P1 Forms SMS Text Consent Form Bronze - D09,br_samms_sms_text_consent_form,TASK_COMPLETE,SUCCESS,INFO,160,160,0,,2026-08-19T15:20:02.186Z,2026-08-19T16:02:20.903Z,2538,2026-08-19T16:02:20.903Z,D09,Murfreesboro,0e774440-67e4-4817-8f97-24afdbb9d82f,SAMMS-MurfreesboroV6
202608191602179357,202608191519596222,202608191519595710,97,6263,P1 Forms SMS Text Consent Form Bronze - DA,br_samms_sms_text_consent_form,TASK_COMPLETE,SUCCESS,INFO,194,194,0,,2026-08-19T15:20:02.186Z,2026-08-19T16:02:20.903Z,2538,2026-08-19T16:02:20.903Z,DA,Davenport,0e774440-67e4-4817-8f97-24afdbb9d82f,SAMMS-Davenport
202608191602179358,202608191519596223,202608191519595710,97,6264,P1 Forms SMS Text Consent Form Bronze - DM,br_samms_sms_text_consent_form,TASK_COMPLETE,SUCCESS,INFO,96,96,0,,2026-08-19T15:20:02.186Z,2026-08-19T16:02:20.903Z,2538,2026-08-19T16:02:20.903Z,DM,DesMoines,0e774440-67e4-4817-8f97-24afdbb9d82f,SAMMS-DesMoines
202608191602179359,202608191519596224,202608191519595710,97,6265,P1 Forms SMS Text Consent Form Bronze - DRD-CO,br_samms_sms_text_consent_form,TASK_COMPLETE,SUCCESS,INFO,103,103,0,,2026-08-19T15:20:02.186Z,2026-08-19T16:02:20.903Z,2538,2026-08-19T16:02:20.903Z,DRD-CO,Columbia,0e774440-67e4-4817-8f97-24afdbb9d82f,SAMMS-ColumbiaV5
202608191602179360,202608191519596225,202608191519595710,97,6266,P1 Forms SMS Text Consent Form Bronze - DRD-KC,br_samms_sms_text_consent_form,TASK_COMPLETE,SUCCESS,INFO,86,86,0,,2026-08-19T15:20:02.186Z,2026-08-19T16:02:20.903Z,2538,2026-08-19T16:02:20.903Z,DRD-KC,KC,0e774440-67e4-4817-8f97-24afdbb9d82f,SAMMS-KCv5
202608191602179361,202608191519596226,202608191519595710,97,6267,P1 Forms SMS Text Consent Form Bronze - DRD-KVB,br_samms_sms_text_consent_form,TASK_COMPLETE,SUCCESS,INFO,99,99,0,,2026-08-19T15:20:02.186Z,2026-08-19T16:02:20.903Z,2538,2026-08-19T16:02:20.903Z,DRD-KVB,KVB,0e774440-67e4-4817-8f97-24afdbb9d82f,SAMMS-KVBv5
202608191602179362,202608191519596227,202608191519595710,97,6268,P1 Forms SMS Text Consent Form Bronze - DRD-KVC,br_samms_sms_text_consent_form,TASK_COMPLETE,SUCCESS,INFO,295,295,0,,2026-08-19T15:20:02.186Z,2026-08-19T16:02:20.903Z,2538,2026-08-19T16:02:20.903Z,DRD-KVC,KVC,0e774440-67e4-4817-8f97-24afdbb9d82f,SAMMS-KVCv5
202608191602179363,202608191519596228,202608191519595710,97,6269,P1 Forms SMS Text Consent Form Bronze - DRD-NOLA,br_samms_sms_text_consent_form,TASK_COMPLETE,SUCCESS,INFO,963,963,0,,2026-08-19T15:20:02.186Z,2026-08-19T16:02:20.903Z,2538,2026-08-19T16:02:20.903Z,DRD-NOLA,NOLA,0e774440-67e4-4817-8f97-24afdbb9d82f,SAMMS-NOLAv5
202608191602179364,202608191519596229,202608191519595710,97,6270,P1 Forms SMS Text Consent Form Bronze - DRD-SF,br_samms_sms_text_consent_form,TASK_COMPLETE,SUCCESS,INFO,176,176,0,,2026-08-19T15:20:02.186Z,2026-08-19T16:02:20.903Z,2538,2026-08-19T16:02:20.903Z,DRD-SF,SF,0e774440-67e4-4817-8f97-24afdbb9d82f,SAMMS-SFv5
202608191602179366,202608191519596230,202608191519595710,97,6271,P1 Forms SMS Text Consent Form Bronze - ELC,br_samms_sms_text_consent_form,TASK_COMPLETE,SUCCESS,INFO,143,143,0,,2026-08-19T15:20:02.186Z,2026-08-19T16:02:20.903Z,2538,2026-08-19T16:02:20.903Z,ELC,ElizabethCity,0e774440-67e4-4817-8f97-24afdbb9d82f,SAMMS-ElizabethCity
202608191602179367,202608191519596231,202608191519595710,97,6272,P1 Forms SMS Text Consent Form Bronze - ET,br_samms_sms_text_consent_form,TASK_COMPLETE,SUCCESS,INFO,118,118,0,,2026-08-19T15:20:02.186Z,2026-08-19T16:02:20.903Z,2538,2026-08-19T16:02:20.903Z,ET,Elizabethtown,0e774440-67e4-4817-8f97-24afdbb9d82f,SAMMS-Elizabethtown
202608191602179368,202608191519596232,202608191519595710,97,6273,P1 Forms SMS Text Consent Form Bronze - FAY,br_samms_sms_text_consent_form,TASK_COMPLETE,SUCCESS,INFO,72,72,0,,2026-08-19T15:20:02.186Z,2026-08-19T16:02:20.903Z,2538,2026-08-19T16:02:20.903Z,FAY,Fayetteville,0e774440-67e4-4817-8f97-24afdbb9d82f,SAMMS-Fayetteville
202608191602179369,202608191519596233,202608191519595710,97,6274,P1 Forms SMS Text Consent Form Bronze - FR,br_samms_sms_text_consent_form,TASK_COMPLETE,SUCCESS,INFO,9,9,0,,2026-08-19T15:20:02.186Z,2026-08-19T16:02:20.903Z,2538,2026-08-19T16:02:20.903Z,FR,Frankfort,0e774440-67e4-4817-8f97-24afdbb9d82f,SAMMS-Frankfort
202608191602179370,202608191519596234,202608191519595710,97,6275,P1 Forms SMS Text Consent Form Bronze - FS,br_samms_sms_text_consent_form,TASK_COMPLETE,SUCCESS,INFO,64,64,0,,2026-08-19T15:20:02.186Z,2026-08-19T16:02:20.903Z,2538,2026-08-19T16:02:20.903Z,FS,FortSmith,0e774440-67e4-4817-8f97-24afdbb9d82f,SAMMS-FortSmith
202608191602179371,202608191519596235,202608191519595710,97,6276,P1 Forms SMS Text Consent Form Bronze - FW,br_samms_sms_text_consent_form,TASK_COMPLETE,SUCCESS,INFO,132,132,0,,2026-08-19T15:20:02.186Z,2026-08-19T16:02:20.903Z,2538,2026-08-19T16:02:20.903Z,FW,FortWayne,0e774440-67e4-4817-8f97-24afdbb9d82f,SAMMS-FortWayne
202608191602179372,202608191519596236,202608191519595710,97,6277,P1 Forms SMS Text Consent Form Bronze - GAL,br_samms_sms_text_consent_form,TASK_COMPLETE,SUCCESS,INFO,74,74,0,,2026-08-19T15:20:02.186Z,2026-08-19T16:02:20.903Z,2538,2026-08-19T16:02:20.903Z,GAL,Gaylord,0e774440-67e4-4817-8f97-24afdbb9d82f,SAMMS-Gaylord
202608191602179373,202608191519596237,202608191519595710,97,6278,P1 Forms SMS Text Consent Form Bronze - HGT,br_samms_sms_text_consent_form,TASK_COMPLETE,SUCCESS,INFO,116,116,0,,2026-08-19T15:20:02.186Z,2026-08-19T16:02:20.903Z,2538,2026-08-19T16:02:20.903Z,HGT,Hagerstown,0e774440-67e4-4817-8f97-24afdbb9d82f,SAMMS-Hagerstown
202608191602179374,202608191519596238,202608191519595710,97,6279,P1 Forms SMS Text Consent Form Bronze - HNT,br_samms_sms_text_consent_form,TASK_COMPLETE,SUCCESS,INFO,69,69,0,,2026-08-19T15:20:02.186Z,2026-08-19T16:02:20.903Z,2538,2026-08-19T16:02:20.903Z,HNT,Huntsville,0e774440-67e4-4817-8f97-24afdbb9d82f,SAMMS-Huntsville
202608191602179375,202608191519596239,202608191519595710,97,6280,P1 Forms SMS Text Consent Form Bronze - HS,br_samms_sms_text_consent_form,TASK_COMPLETE,SUCCESS,INFO,102,102,0,,2026-08-19T15:20:02.186Z,2026-08-19T16:02:20.903Z,2538,2026-08-19T16:02:20.903Z,HS,HotSprings,0e774440-67e4-4817-8f97-24afdbb9d82f,SAMMS-HotSprings
202608191602179377,202608191519596240,202608191519595710,97,6281,P1 Forms SMS Text Consent Form Bronze - JON,br_samms_sms_text_consent_form,TASK_COMPLETE,SUCCESS,INFO,58,58,0,,2026-08-19T15:20:02.186Z,2026-08-19T16:02:20.903Z,2538,2026-08-19T16:02:20.903Z,JON,Jonesboro,0e774440-67e4-4817-8f97-24afdbb9d82f,SAMMS-Jonesboro
202608191602179378,202608191519596241,202608191519595710,97,6282,P1 Forms SMS Text Consent Form Bronze - LAN,br_samms_sms_text_consent_form,TASK_COMPLETE,SUCCESS,INFO,108,108,0,,2026-08-19T15:20:02.186Z,2026-08-19T16:02:20.903Z,2538,2026-08-19T16:02:20.903Z,LAN,Lansing,0e774440-67e4-4817-8f97-24afdbb9d82f,SAMMS-Lansing
202608191602179379,202608191519596242,202608191519595710,97,6283,P1 Forms SMS Text Consent Form Bronze - LO,br_samms_sms_text_consent_form,TASK_COMPLETE,SUCCESS,INFO,542,542,0,,2026-08-19T15:20:02.186Z,2026-08-19T16:02:20.903Z,2538,2026-08-19T16:02:20.903Z,LO,Louisville,0e774440-67e4-4817-8f97-24afdbb9d82f,SAMMS-Louisville
202608191602179380,202608191519596243,202608191519595710,97,6284,P1 Forms SMS Text Consent Form Bronze - LV1,br_samms_sms_text_consent_form,TASK_COMPLETE,SUCCESS,INFO,374,374,0,,2026-08-19T15:20:02.186Z,2026-08-19T16:02:20.903Z,2538,2026-08-19T16:02:20.903Z,LV1,Cheyenne,0e774440-67e4-4817-8f97-24afdbb9d82f,SAMMS-Cheyenne
202608191602179381,202608191519596244,202608191519595710,97,6285,P1 Forms SMS Text Consent Form Bronze - LV2,br_samms_sms_text_consent_form,TASK_COMPLETE,SUCCESS,INFO,238,238,0,,2026-08-19T15:20:02.186Z,2026-08-19T16:02:20.903Z,2538,2026-08-19T16:02:20.903Z,LV2,DesertInn,0e774440-67e4-4817-8f97-24afdbb9d82f,SAMMS-DesertInn
202608191602179382,202608191519596245,202608191519595710,97,6286,P1 Forms SMS Text Consent Form Bronze - LV3,br_samms_sms_text_consent_form,TASK_COMPLETE,SUCCESS,INFO,221,221,0,,2026-08-19T15:20:02.186Z,2026-08-19T16:02:20.903Z,2538,2026-08-19T16:02:20.903Z,LV3,McDaniel,0e774440-67e4-4817-8f97-24afdbb9d82f,SAMMS-McDaniel
202608191602179383,202608191519596246,202608191519595710,97,6287,P1 Forms SMS Text Consent Form Bronze - MNRE,br_samms_sms_text_consent_form,TASK_COMPLETE,SUCCESS,INFO,66,66,0,,2026-08-19T15:20:02.186Z,2026-08-19T16:02:20.903Z,2538,2026-08-19T16:02:20.903Z,MNRE,Monroe,0e774440-67e4-4817-8f97-24afdbb9d82f,SAMMS-Monroe
202608191602179384,202608191519596247,202608191519595710,97,6288,P1 Forms SMS Text Consent Form Bronze - MP,br_samms_sms_text_consent_form,TASK_COMPLETE,SUCCESS,INFO,89,89,0,,2026-08-19T15:20:02.186Z,2026-08-19T16:02:20.903Z,2538,2026-08-19T16:02:20.903Z,MP,MtPleasant,0e774440-67e4-4817-8f97-24afdbb9d82f,SAMMS-MtPleasant
202608191602179385,202608191519596248,202608191519595710,97,6289,P1 Forms SMS Text Consent Form Bronze - MRD,br_samms_sms_text_consent_form,TASK_COMPLETE,SUCCESS,INFO,129,129,0,,2026-08-19T15:20:02.186Z,2026-08-19T16:02:20.903Z,2538,2026-08-19T16:02:20.903Z,MRD,Meridian,0e774440-67e4-4817-8f97-24afdbb9d82f,SAMMS-Meridian
202608191602179386,202608191519596249,202608191519595710,97,6290,P1 Forms SMS Text Consent Form Bronze - NC,br_samms_sms_text_consent_form,TASK_COMPLETE,SUCCESS,INFO,113,113,0,,2026-08-19T15:20:02.186Z,2026-08-19T16:02:20.903Z,2538,2026-08-19T16:02:20.903Z,NC,NorthCharleston,0e774440-67e4-4817-8f97-24afdbb9d82f,SAMMS-NorthCharleston
202608191602179387,202608191519596250,202608191519595710,97,6291,P1 Forms SMS Text Consent Form Bronze - NLR,br_samms_sms_text_consent_form,TASK_COMPLETE,SUCCESS,INFO,164,164,0,,2026-08-19T15:20:02.186Z,2026-08-19T16:02:20.903Z,2538,2026-08-19T16:02:20.903Z,NLR,NLROBOT,0e774440-67e4-4817-8f97-24afdbb9d82f,SAMMS-NLROBOT
202608191602179388,202608191519596251,202608191519595710,97,6292,P1 Forms SMS Text Consent Form Bronze - PH,br_samms_sms_text_consent_form,TASK_COMPLETE,SUCCESS,INFO,0,0,0,,2026-08-19T15:20:02.186Z,2026-08-19T16:02:20.903Z,2538,2026-08-19T16:02:20.903Z,PH,Phoenix,0e774440-67e4-4817-8f97-24afdbb9d82f,SAMMS-Phoenix
202608191602179390,202608191519596252,202608191519595710,97,6293,P1 Forms SMS Text Consent Form Bronze - RE,br_samms_sms_text_consent_form,TASK_COMPLETE,SUCCESS,INFO,129,129,0,,2026-08-19T15:20:02.186Z,2026-08-19T16:02:20.903Z,2538,2026-08-19T16:02:20.903Z,RE,Reno,0e774440-67e4-4817-8f97-24afdbb9d82f,SAMMS-Reno
202608191602179391,202608191519596253,202608191519595710,97,6294,P1 Forms SMS Text Consent Form Bronze - RMD,br_samms_sms_text_consent_form,TASK_COMPLETE,SUCCESS,INFO,200,200,0,,2026-08-19T15:20:02.186Z,2026-08-19T16:02:20.903Z,2538,2026-08-19T16:02:20.903Z,RMD,Richmond,0e774440-67e4-4817-8f97-24afdbb9d82f,SAMMS-Richmond
202608191602179392,202608191519596254,202608191519595710,97,6295,P1 Forms SMS Text Consent Form Bronze - SFN,br_samms_sms_text_consent_form,TASK_COMPLETE,SUCCESS,INFO,135,135,0,,2026-08-19T15:20:02.186Z,2026-08-19T16:02:20.903Z,2538,2026-08-19T16:02:20.903Z,SFN,SFN,0e774440-67e4-4817-8f97-24afdbb9d82f,SAMMS-SFNv5
202608191602179393,202608191519596255,202608191519595710,97,6296,P1 Forms SMS Text Consent Form Bronze - SHP,br_samms_sms_text_consent_form,TASK_COMPLETE,SUCCESS,INFO,104,104,0,,2026-08-19T15:20:02.186Z,2026-08-19T16:02:20.903Z,2538,2026-08-19T16:02:20.903Z,SHP,Shreveport,0e774440-67e4-4817-8f97-24afdbb9d82f,SAMMS-Shreveport
202608191602179394,202608191519596256,202608191519595710,97,6297,P1 Forms SMS Text Consent Form Bronze - STN,br_samms_sms_text_consent_form,TASK_COMPLETE,SUCCESS,INFO,103,103,0,,2026-08-19T15:20:02.186Z,2026-08-19T16:02:20.903Z,2538,2026-08-19T16:02:20.903Z,STN,Staunton,0e774440-67e4-4817-8f97-24afdbb9d82f,SAMMS-Staunton
202608191602179395,202608191519596257,202608191519595710,97,6298,P1 Forms SMS Text Consent Form Bronze - STVN,br_samms_sms_text_consent_form,TASK_COMPLETE,SUCCESS,INFO,12,12,0,,2026-08-19T15:20:02.186Z,2026-08-19T16:02:20.903Z,2538,2026-08-19T16:02:20.903Z,STVN,Stevenson,0e774440-67e4-4817-8f97-24afdbb9d82f,SAMMS-Stevenson
202608191602179396,202608191519596258,202608191519595710,97,6299,P1 Forms SMS Text Consent Form Bronze - TE,br_samms_sms_text_consent_form,TASK_COMPLETE,SUCCESS,INFO,0,0,0,,2026-08-19T15:20:02.186Z,2026-08-19T16:02:20.903Z,2538,2026-08-19T16:02:20.903Z,TE,Tempe,0e774440-67e4-4817-8f97-24afdbb9d82f,SAMMS-Tempe
202608191602179397,202608191519596259,202608191519595710,97,6300,P1 Forms SMS Text Consent Form Bronze - TEX,br_samms_sms_text_consent_form,TASK_COMPLETE,SUCCESS,INFO,101,101,0,,2026-08-19T15:20:02.186Z,2026-08-19T16:02:20.903Z,2538,2026-08-19T16:02:20.903Z,TEX,Texarkana,0e774440-67e4-4817-8f97-24afdbb9d82f,SAMMS-Texarkana
202608191602179398,202608191519596260,202608191519595710,97,6301,P1 Forms SMS Text Consent Form Bronze - TTCA,br_samms_sms_text_consent_form,TASK_COMPLETE,SUCCESS,INFO,71,71,0,,2026-08-19T15:20:02.186Z,2026-08-19T16:02:20.903Z,2538,2026-08-19T16:02:20.903Z,TTCA,Bessemer,0e774440-67e4-4817-8f97-24afdbb9d82f,SAMMS-BessemerV5
202608191602179399,202608191519596261,202608191519595710,97,6302,P1 Forms SMS Text Consent Form Bronze - TTCB,br_samms_sms_text_consent_form,TASK_COMPLETE,SUCCESS,INFO,120,120,0,,2026-08-19T15:20:02.186Z,2026-08-19T16:02:20.903Z,2538,2026-08-19T16:02:20.903Z,TTCB,Cullman,0e774440-67e4-4817-8f97-24afdbb9d82f,SAMMS-CullmanV5
202608191602179400,202608191519596262,202608191519595710,97,6303,P1 Forms SMS Text Consent Form Bronze - TTCC,br_samms_sms_text_consent_form,TASK_COMPLETE,SUCCESS,INFO,56,56,0,,2026-08-19T15:20:02.186Z,2026-08-19T16:02:20.903Z,2538,2026-08-19T16:02:20.903Z,TTCC,GrandBay,0e774440-67e4-4817-8f97-24afdbb9d82f,SAMMS-GrandBay
202608191602179401,202608191519596263,202608191519595710,97,6304,P1 Forms SMS Text Consent Form Bronze - TU,br_samms_sms_text_consent_form,TASK_COMPLETE,SUCCESS,INFO,0,0,0,,2026-08-19T15:20:02.186Z,2026-08-19T16:02:20.903Z,2538,2026-08-19T16:02:20.903Z,TU,Tucson,0e774440-67e4-4817-8f97-24afdbb9d82f,SAMMS-Tucson
202608191602179403,202608191519596264,202608191519595710,97,6305,P1 Forms SMS Text Consent Form Bronze - V1,br_samms_sms_text_consent_form,TASK_COMPLETE,SUCCESS,INFO,47,47,0,,2026-08-19T15:20:02.186Z,2026-08-19T16:02:20.903Z,2538,2026-08-19T16:02:20.903Z,V1,VCPHCS-I-Memphis,0e774440-67e4-4817-8f97-24afdbb9d82f,SAMMS-VCPHCS-I-MemphisV5
202608191602179404,202608191519596265,202608191519595710,97,6306,P1 Forms SMS Text Consent Form Bronze - V10,br_samms_sms_text_consent_form,TASK_COMPLETE,SUCCESS,INFO,72,72,0,,2026-08-19T15:20:02.186Z,2026-08-19T16:02:20.903Z,2538,2026-08-19T16:02:20.903Z,V10,Boulder,0e774440-67e4-4817-8f97-24afdbb9d82f,SAMMS-BoulderV5
202608191602179405,202608191519596266,202608191519595710,97,6307,P1 Forms SMS Text Consent Form Bronze - V10A,br_samms_sms_text_consent_form,TASK_COMPLETE,SUCCESS,INFO,221,221,0,,2026-08-19T15:20:02.186Z,2026-08-19T16:02:20.903Z,2538,2026-08-19T16:02:20.903Z,V10A,FortCollins,0e774440-67e4-4817-8f97-24afdbb9d82f,SAMMS-FortCollinsV5
202608191602179406,202608191519596267,202608191519595710,97,6308,P1 Forms SMS Text Consent Form Bronze - V11,br_samms_sms_text_consent_form,TASK_COMPLETE,SUCCESS,INFO,96,96,0,,2026-08-19T15:20:02.186Z,2026-08-19T16:02:20.903Z,2538,2026-08-19T16:02:20.903Z,V11,VCPHCS-XI-NorthDenver,0e774440-67e4-4817-8f97-24afdbb9d82f,SAMMS-VCPHCS-XI-NorthDenverV5
202608191602179407,202608191519596268,202608191519595710,97,6309,P1 Forms SMS Text Consent Form Bronze - V12,br_samms_sms_text_consent_form,TASK_COMPLETE,SUCCESS,INFO,129,129,0,,2026-08-19T15:20:02.186Z,2026-08-19T16:02:20.903Z,2538,2026-08-19T16:02:20.903Z,V12,VCPHCS-XII-DowntownDenver,0e774440-67e4-4817-8f97-24afdbb9d82f,SAMMS-VCPHCS-XII-DowntownDenverV5
202608191602179408,202608191519596269,202608191519595710,97,6310,P1 Forms SMS Text Consent Form Bronze - V12A,br_samms_sms_text_consent_form,TASK_COMPLETE,SUCCESS,INFO,55,55,0,,2026-08-19T15:20:02.186Z,2026-08-19T16:02:20.903Z,2538,2026-08-19T16:02:20.903Z,V12A,Centennial,0e774440-67e4-4817-8f97-24afdbb9d82f,SAMMS-CentennialV5
202608191602179409,202608191519596270,202608191519595710,97,6311,P1 Forms SMS Text Consent Form Bronze - V14,br_samms_sms_text_consent_form,TASK_COMPLETE,SUCCESS,INFO,69,69,0,,2026-08-19T15:20:02.186Z,2026-08-19T16:02:20.903Z,2538,2026-08-19T16:02:20.903Z,V14,VCPHCS-XIV-Bridgeway,0e774440-67e4-4817-8f97-24afdbb9d82f,SAMMS-VCPHCS-XIV-BridgewayV5
202608191602179410,202608191519596271,202608191519595710,97,6312,P1 Forms SMS Text Consent Form Bronze - V15,br_samms_sms_text_consent_form,TASK_COMPLETE,SUCCESS,INFO,133,133,0,,2026-08-19T15:20:02.186Z,2026-08-19T16:02:20.903Z,2538,2026-08-19T16:02:20.903Z,V15,Joplin,0e774440-67e4-4817-8f97-24afdbb9d82f,SAMMS-JoplinV5
202608191602179411,202608191519596272,202608191519595710,97,6313,P1 Forms SMS Text Consent Form Bronze - V17,br_samms_sms_text_consent_form,TASK_COMPLETE,SUCCESS,INFO,82,82,0,,2026-08-19T15:20:02.186Z,2026-08-19T16:02:20.903Z,2538,2026-08-19T16:02:20.903Z,V17,ColumbiaTN,0e774440-67e4-4817-8f97-24afdbb9d82f,SAMMS-ColumbiaTNv5
202608191602179412,202608191519596273,202608191519595710,97,6314,P1 Forms SMS Text Consent Form Bronze - V19,br_samms_sms_text_consent_form,TASK_COMPLETE,SUCCESS,INFO,108,108,0,,2026-08-19T15:20:02.186Z,2026-08-19T16:02:20.903Z,2538,2026-08-19T16:02:20.903Z,V19,Jackson,0e774440-67e4-4817-8f97-24afdbb9d82f,SAMMS-JacksonV5
202608191602179413,202608191519596274,202608191519595710,97,6315,P1 Forms SMS Text Consent Form Bronze - V20,br_samms_sms_text_consent_form,TASK_COMPLETE,SUCCESS,INFO,83,83,0,,2026-08-19T15:20:02.186Z,2026-08-19T16:02:20.903Z,2538,2026-08-19T16:02:20.903Z,V20,Paris,0e774440-67e4-4817-8f97-24afdbb9d82f,SAMMS-ParisV5
202608191602179414,202608191519596275,202608191519595710,97,6316,P1 Forms SMS Text Consent Form Bronze - V21,br_samms_sms_text_consent_form,TASK_COMPLETE,SUCCESS,INFO,227,227,0,,2026-08-19T15:20:02.186Z,2026-08-19T16:02:20.903Z,2538,2026-08-19T16:02:20.903Z,V21,Raleigh,0e774440-67e4-4817-8f97-24afdbb9d82f,SAMMS-RaleighV5
202608191602179415,202608191519596276,202608191519595710,97,6317,P1 Forms SMS Text Consent Form Bronze - V5,br_samms_sms_text_consent_form,TASK_COMPLETE,SUCCESS,INFO,352,352,0,,2026-08-19T15:20:02.186Z,2026-08-19T16:02:20.903Z,2538,2026-08-19T16:02:20.903Z,V5,NONTC,0e774440-67e4-4817-8f97-24afdbb9d82f,SAMMS-NONTCv5
202608191602179416,202608191519596277,202608191519595710,97,6318,P1 Forms SMS Text Consent Form Bronze - V5B,br_samms_sms_text_consent_form,TASK_COMPLETE,SUCCESS,INFO,53,53,0,,2026-08-19T15:20:02.186Z,2026-08-19T16:02:20.903Z,2538,2026-08-19T16:02:20.903Z,V5B,Houma,0e774440-67e4-4817-8f97-24afdbb9d82f,SAMMS-HoumaV6
202608191602179418,202608191519596278,202608191519595710,97,6319,P1 Forms SMS Text Consent Form Bronze - V6,br_samms_sms_text_consent_form,TASK_COMPLETE,SUCCESS,INFO,148,148,0,,2026-08-19T15:20:02.186Z,2026-08-19T16:02:20.903Z,2538,2026-08-19T16:02:20.903Z,V6,LC,0e774440-67e4-4817-8f97-24afdbb9d82f,SAMMS-LCv5
202608191602179419,202608191519596279,202608191519595710,97,6320,P1 Forms SMS Text Consent Form Bronze - V8,br_samms_sms_text_consent_form,TASK_COMPLETE,SUCCESS,INFO,182,182,0,,2026-08-19T15:20:02.186Z,2026-08-19T16:02:20.903Z,2538,2026-08-19T16:02:20.903Z,V8,VCPHCS-VIII-Memphis,0e774440-67e4-4817-8f97-24afdbb9d82f,SAMMS-VCPHCS-VIII-MemphisV5
202608191602179420,202608191519596280,202608191519595710,97,6321,P1 Forms SMS Text Consent Form Bronze - V9,br_samms_sms_text_consent_form,TASK_COMPLETE,SUCCESS,INFO,194,194,0,,2026-08-19T15:20:02.186Z,2026-08-19T16:02:20.903Z,2538,2026-08-19T16:02:20.903Z,V9,Nashville,0e774440-67e4-4817-8f97-24afdbb9d82f,SAMMS-NashvilleV5
202608191602179421,202608191519596281,202608191519595710,97,6322,P1 Forms SMS Text Consent Form Bronze - VBRA,br_samms_sms_text_consent_form,TASK_COMPLETE,SUCCESS,INFO,150,150,0,,2026-08-19T15:20:02.186Z,2026-08-19T16:02:20.903Z,2538,2026-08-19T16:02:20.903Z,VBRA,Brainerd,0e774440-67e4-4817-8f97-24afdbb9d82f,SAMMS-BrainerdV6
202608191602179422,202608191519596282,202608191519595710,97,6323,P1 Forms SMS Text Consent Form Bronze - VBRP,br_samms_sms_text_consent_form,TASK_COMPLETE,SUCCESS,INFO,127,127,0,,2026-08-19T15:20:02.186Z,2026-08-19T16:02:20.903Z,2538,2026-08-19T16:02:20.903Z,VBRP,BrooklynPark,0e774440-67e4-4817-8f97-24afdbb9d82f,SAMMS-BrooklynParkV6
202608191602179423,202608191519596283,202608191519595710,97,6324,P1 Forms SMS Text Consent Form Bronze - VMIN,br_samms_sms_text_consent_form,TASK_COMPLETE,SUCCESS,INFO,85,85,0,,2026-08-19T15:20:02.186Z,2026-08-19T16:02:20.903Z,2538,2026-08-19T16:02:20.903Z,VMIN,Minneapolis,0e774440-67e4-4817-8f97-24afdbb9d82f,SAMMS-MinneapolisV6
202608191602179424,202608191519596284,202608191519595710,97,6325,P1 Forms SMS Text Consent Form Bronze - VWBY,br_samms_sms_text_consent_form,TASK_COMPLETE,SUCCESS,INFO,127,127,0,,2026-08-19T15:20:02.186Z,2026-08-19T16:02:20.903Z,2538,2026-08-19T16:02:20.903Z,VWBY,Woodbury,0e774440-67e4-4817-8f97-24afdbb9d82f,SAMMS-WoodburyV6
202608191602179425,202608191519596285,202608191519595710,97,6326,P1 Forms SMS Text Consent Form Bronze - WIL,br_samms_sms_text_consent_form,TASK_COMPLETE,SUCCESS,INFO,167,167,0,,2026-08-19T15:20:02.186Z,2026-08-19T16:02:20.903Z,2538,2026-08-19T16:02:20.903Z,WIL,Wilson,0e774440-67e4-4817-8f97-24afdbb9d82f,SAMMS-Wilson
202608191602179426,202608191519596286,202608191519595710,97,6329,P1 Forms Consent To Marketing Bronze - AHK,br_samms_consent_to_marketing,TASK_COMPLETE,SUCCESS,INFO,15,15,0,,2026-08-19T15:20:02.186Z,2026-08-19T16:02:20.903Z,2538,2026-08-19T16:02:20.903Z,AHK,Ahoskie,0e774440-67e4-4817-8f97-24afdbb9d82f,SAMMS-Ahoskie
202608260854401342,202608260654256067,202608260654255519,85,2400,Bronze INV,br_LabResult,TASK_COMPLETE,SUCCESS,INFO,2100,2100,0,,2026-08-26T06:54:31.515Z,2026-08-26T08:57:15.847Z,7364,2026-08-26T08:57:15.847Z,TTCB,Cullman,912d32aa-0b7f-4999-bf60-6670fe5985ea,SAMMS-CullmanV5
202608260854401343,202608260654256068,202608260654255519,85,2401,Bronze INV,br_LabResult,TASK_COMPLETE,SUCCESS,INFO,4,4,0,,2026-08-26T06:54:31.515Z,2026-08-26T08:57:15.847Z,7364,2026-08-26T08:57:15.847Z,TTCC,Grand Bay,912d32aa-0b7f-4999-bf60-6670fe5985ea,SAMMS-GrandBay
202608260854401344,202608260654256069,202608260654255519,85,2402,Bronze INV,br_LabResult,TASK_COMPLETE,SUCCESS,INFO,717,717,0,,2026-08-26T06:54:31.515Z,2026-08-26T08:57:15.847Z,7364,2026-08-26T08:57:15.847Z,TU,Tucson,912d32aa-0b7f-4999-bf60-6670fe5985ea,SAMMS-Tucson
202608260854401345,202608260654256070,202608260654255519,85,2404,Bronze INV,br_LabResult,TASK_COMPLETE,SUCCESS,INFO,4984,4984,0,,2026-08-26T06:54:31.515Z,2026-08-26T08:57:15.847Z,7364,2026-08-26T08:57:15.847Z,V1,Memphis South,912d32aa-0b7f-4999-bf60-6670fe5985ea,SAMMS-VCPHCS-I-MemphisV5
202608260854401346,202608260654256071,202608260654255519,85,2405,Bronze INV,br_LabResult,TASK_COMPLETE,SUCCESS,INFO,6236,6236,0,,2026-08-26T06:54:31.515Z,2026-08-26T08:57:15.847Z,7364,2026-08-26T08:57:15.847Z,V10,Longmont,912d32aa-0b7f-4999-bf60-6670fe5985ea,SAMMS-BoulderV5
202608260854401347,202608260654256072,202608260654255519,85,2406,Bronze INV,br_LabResult,TASK_COMPLETE,SUCCESS,INFO,3558,3558,0,,2026-08-26T06:54:31.515Z,2026-08-26T08:57:15.847Z,7364,2026-08-26T08:57:15.847Z,V10A,Fort Collins,912d32aa-0b7f-4999-bf60-6670fe5985ea,SAMMS-FortCollinsV5
202608260854401348,202608260654256073,202608260654255519,85,2407,Bronze INV,br_LabResult,TASK_COMPLETE,SUCCESS,INFO,7566,7566,0,,2026-08-26T06:54:31.515Z,2026-08-26T08:57:15.847Z,7364,2026-08-26T08:57:15.847Z,V11,Westminster,912d32aa-0b7f-4999-bf60-6670fe5985ea,SAMMS-VCPHCS-XI-NorthDenverV5
202608260854401349,202608260654256074,202608260654255519,85,2408,Bronze INV,br_LabResult,TASK_COMPLETE,SUCCESS,INFO,10262,10262,0,,2026-08-26T06:54:31.515Z,2026-08-26T08:57:15.847Z,7364,2026-08-26T08:57:15.847Z,V12,Downtown Denver,912d32aa-0b7f-4999-bf60-6670fe5985ea,SAMMS-VCPHCS-XII-DowntownDenverV5
202608260854401350,202608260654256075,202608260654255519,85,2409,Bronze INV,br_LabResult,TASK_COMPLETE,SUCCESS,INFO,4812,4812,0,,2026-08-26T06:54:31.515Z,2026-08-26T08:57:15.847Z,7364,2026-08-26T08:57:15.847Z,V12A,Centennial,912d32aa-0b7f-4999-bf60-6670fe5985ea,SAMMS-CentennialV5
202608260854401351,202608260654256076,202608260654255519,85,2410,Bronze INV,br_LabResult,TASK_COMPLETE,SUCCESS,INFO,3270,3270,0,,2026-08-26T06:54:31.515Z,2026-08-26T08:57:15.847Z,7364,2026-08-26T08:57:15.847Z,V14,Overland Park,912d32aa-0b7f-4999-bf60-6670fe5985ea,SAMMS-VCPHCS-XIV-BridgewayV5
202608260854401353,202608260654256077,202608260654255519,85,2411,Bronze INV,br_LabResult,TASK_COMPLETE,SUCCESS,INFO,2519,2519,0,,2026-08-26T06:54:31.515Z,2026-08-26T08:57:15.847Z,7364,2026-08-26T08:57:15.847Z,V15,Joplin,912d32aa-0b7f-4999-bf60-6670fe5985ea,SAMMS-JoplinV5
202608260854401354,202608260654256078,202608260654255519,85,2413,Bronze INV,br_LabResult,TASK_COMPLETE,SUCCESS,INFO,905,905,0,,2026-08-26T06:54:31.515Z,2026-08-26T08:57:15.847Z,7364,2026-08-26T08:57:15.847Z,V17,Columbia TN,912d32aa-0b7f-4999-bf60-6670fe5985ea,SAMMS-ColumbiaTNv5
202608260854401355,202608260654256079,202608260654255519,85,2415,Bronze INV,br_LabResult,TASK_COMPLETE,SUCCESS,INFO,4894,4894,0,,2026-08-26T06:54:31.515Z,2026-08-26T08:57:15.847Z,7364,2026-08-26T08:57:15.847Z,V19,Jackson,912d32aa-0b7f-4999-bf60-6670fe5985ea,SAMMS-JacksonV5
202608260854401356,202608260654256080,202608260654255519,85,2417,Bronze INV,br_LabResult,TASK_COMPLETE,SUCCESS,INFO,6728,6728,0,,2026-08-26T06:54:31.515Z,2026-08-26T08:57:15.847Z,7364,2026-08-26T08:57:15.847Z,V20,Paris,912d32aa-0b7f-4999-bf60-6670fe5985ea,SAMMS-ParisV5
202608260854401357,202608260654256081,202608260654255519,85,2418,Bronze INV,br_LabResult,TASK_COMPLETE,SUCCESS,INFO,6040,6040,0,,2026-08-26T06:54:31.515Z,2026-08-26T08:57:15.847Z,7364,2026-08-26T08:57:15.847Z,V21,Memphis North,912d32aa-0b7f-4999-bf60-6670fe5985ea,SAMMS-RaleighV5
202608260854401359,202608260654256082,202608260654255519,85,2421,Bronze INV,br_LabResult,TASK_COMPLETE,SUCCESS,INFO,7014,7014,0,,2026-08-26T06:54:31.515Z,2026-08-26T08:57:15.847Z,7364,2026-08-26T08:57:15.847Z,V5,West Bank,912d32aa-0b7f-4999-bf60-6670fe5985ea,SAMMS-NONTCv5
202608260854401360,202608260654256083,202608260654255519,85,2423,Bronze INV,br_LabResult,TASK_COMPLETE,SUCCESS,INFO,213,213,0,,2026-08-26T06:54:31.515Z,2026-08-26T08:57:15.847Z,7364,2026-08-26T08:57:15.847Z,V5B,Houma,912d32aa-0b7f-4999-bf60-6670fe5985ea,SAMMS-HoumaV6
202608260854401361,202608260654256084,202608260654255519,85,2424,Bronze INV,br_LabResult,TASK_COMPLETE,SUCCESS,INFO,4802,4802,0,,2026-08-26T06:54:31.515Z,2026-08-26T08:57:15.847Z,7364,2026-08-26T08:57:15.847Z,V6,Lake Charles,912d32aa-0b7f-4999-bf60-6670fe5985ea,SAMMS-LCv5
202608260854401362,202608260654256085,202608260654255519,85,2426,Bronze INV,br_LabResult,TASK_COMPLETE,SUCCESS,INFO,19723,19723,0,,2026-08-26T06:54:31.515Z,2026-08-26T08:57:15.847Z,7364,2026-08-26T08:57:15.847Z,V8,Memphis Midtown,912d32aa-0b7f-4999-bf60-6670fe5985ea,SAMMS-VCPHCS-VIII-MemphisV5
202608260854401363,202608260654256086,202608260654255519,85,2427,Bronze INV,br_LabResult,TASK_COMPLETE,SUCCESS,INFO,17517,17517,0,,2026-08-26T06:54:31.515Z,2026-08-26T08:57:15.847Z,7364,2026-08-26T08:57:15.847Z,V9,Nashville,912d32aa-0b7f-4999-bf60-6670fe5985ea,SAMMS-NashvilleV5
202608260854401364,202608260654256087,202608260654255519,85,2428,Bronze INV,br_LabResult,TASK_COMPLETE,SUCCESS,INFO,921,921,0,,2026-08-26T06:54:31.515Z,2026-08-26T08:57:15.847Z,7364,2026-08-26T08:57:15.847Z,VBRA,Brainerd,912d32aa-0b7f-4999-bf60-6670fe5985ea,SAMMS-BrainerdV6
202608260854401365,202608260654256088,202608260654255519,85,2429,Bronze INV,br_LabResult,TASK_COMPLETE,SUCCESS,INFO,17,17,0,,2026-08-26T06:54:31.515Z,2026-08-26T08:57:15.847Z,7364,2026-08-26T08:57:15.847Z,VBRP,Brooklyn Park,912d32aa-0b7f-4999-bf60-6670fe5985ea,SAMMS-BrooklynParkV6
202608260854401367,202608260654256089,202608260654255519,85,2431,Bronze INV,br_LabResult,TASK_COMPLETE,SUCCESS,INFO,2,2,0,,2026-08-26T06:54:31.515Z,2026-08-26T08:57:15.847Z,7364,2026-08-26T08:57:15.847Z,VMIN,Minneapolis,912d32aa-0b7f-4999-bf60-6670fe5985ea,SAMMS-MinneapolisV6
202608260854401368,202608260654256090,202608260654255519,85,2432,Bronze INV,br_LabResult,TASK_COMPLETE,SUCCESS,INFO,6,6,0,,2026-08-26T06:54:31.515Z,2026-08-26T08:57:15.847Z,7364,2026-08-26T08:57:15.847Z,VWBY,Woodbury,912d32aa-0b7f-4999-bf60-6670fe5985ea,SAMMS-WoodburyV6
202608260854401369,202608260654256091,202608260654255519,85,2434,Bronze INV,br_LabResult,TASK_COMPLETE,SUCCESS,INFO,3352,3352,0,,2026-08-26T06:54:31.515Z,2026-08-26T08:57:15.847Z,7364,2026-08-26T08:57:15.847Z,WIL,Wilson,912d32aa-0b7f-4999-bf60-6670fe5985ea,SAMMS-Wilson
202608260854401470,202608260654355541,202608260654355519,86,8581,Silver INV,sl_LABResult,TASK_COMPLETE,FAILED,ERROR,394070,0,1,"Traceback (most recent call last):
  File \"/tmp/ipykernel_6845/1811102182.py\", line 357, in merge_to_silver
    silver_df.write.format(\"delta\").mode(\"overwrite\").saveAsTable(silver_table)
  File \"/opt/spark/python/lib/pyspark.zip/pyspark/sql/readwriter.py\", line 1586, in saveAsTable
    self._jwrite.saveAsTable(name)
  File \"/home/trusted-service-user/cluster-env/trident_env/lib/python3.11/site-packages/py4j/java_gateway.py\", line 1322, in __call__
    return_value = get_return_value(
                   ^^^^^^^^^^^^^^^^^
  File \"/opt/spark/python/lib/pyspark.zip/pyspark/errors/exceptions/captured.py\", line 179, in deco
    return f(*a, **kw)
           ^^^^^^^^^^^
  File \"/home/trusted-service-user/cluster-env/trident_env/lib/python3.11/site-packages/py4j/protocol.py\", line 326, in get_return_value
    raise Py4JJavaError(
py4j.protocol.Py4JJavaError: An error occurred while calling o14939.saveAsTable.
: org.apache.spark.SparkException: Job aborted due to stage failure: Task 0 in stage 1866.0 failed 4 times, most recent failure: Lost task 0.3 in stage 1866.0 (TID 19541) (vm-df949913 executor 3): org.apache.spark.SparkUpgradeException: [INCONSISTENT_BEHAVIOR_CROSS_VERSION.READ_ANCIENT_DATETIME] You may get a different result due to the upgrading to Spark >= 3.0:
reading dates before 1582-10-15 or timestamps before 1900-01-01T00:00:00Z
from Parquet files can be ambiguous, as the files may be written by
Spark 2.x or legacy versions of Hive, which uses a legacy hybrid calendar
that is different from Spark 3.0+'s Proleptic Gregorian calendar.
See more details in SPARK-31404. You can set the SQL config \"spark.sql.parquet.datetimeRebaseModeInRead\" or
the datasource option \"datetimeRebaseMode\" to \"LEGACY\" to rebase the datetime values
w.r.t. the calendar difference during reading. To read the datetime values
as it is, set the SQL config or the datasource option to \"CORRECTED\".
	at org.apache.spark.sql.errors.QueryExecutionErrors$.sparkUpgradeInReadingDatesError(QueryExecutionErrors.scala:752)
	at org.apache.spark.sql.execution.datasources.DataSourceUtils$.newRebaseExceptionInRead(DataSourceUtils.scala:177)
	at org.apache.spark.sql.execution.datasources.DataSourceUtils.newRebaseExceptionInRead(DataSourceUtils.scala)
	at org.apache.spark.sql.execution.datasources.parquet.ParquetVectorUpdaterFactory.rebaseTimestamp(ParquetVectorUpdaterFactory.java:1100)
	at org.apache.spark.sql.execution.datasources.parquet.ParquetVectorUpdaterFactory.rebaseMicros(ParquetVectorUpdaterFactory.java:1113)
	at org.apache.spark.sql.execution.datasources.parquet.ParquetVectorUpdaterFactory$LongWithRebaseUpdater.decodeSingleDictionaryId(ParquetVectorUpdaterFactory.java:577)
	at org.apache.spark.sql.execution.datasources.parquet.ParquetVectorUpdater.decodeDictionaryIds(ParquetVectorUpdater.java:75)
	at org.apache.spark.sql.execution.datasources.parquet.VectorizedColumnReader.readBatch(VectorizedColumnReader.java:240)
	at org.apache.spark.sql.execution.datasources.parquet.VectorizedParquetRecordReader.nextBatch(VectorizedParquetRecordReader.java:342)
	at org.apache.spark.sql.execution.datasources.parquet.VectorizedParquetRecordReader.nextKeyValue(VectorizedParquetRecordReader.java:233)
	at org.apache.spark.sql.execution.datasources.RecordReaderIterator.hasNext(RecordReaderIterator.scala:39)
	at org.apache.spark.sql.execution.datasources.FileScanRDD$$anon$1.hasNext(FileScanRDD.scala:189)
	at org.apache.spark.sql.execution.datasources.FileScanRDD$$anon$1.nextIterator(FileScanRDD.scala:362)
	at org.apache.spark.sql.execution.datasources.FileScanRDD$$anon$1.hasNext(FileScanRDD.scala:189)
	at org.apache.spark.sql.execution.FileSourceScanExec$$anon$1.hasNext(DataSourceScanExec.scala:634)
	at org.apache.spark.sql.catalyst.expressions.GeneratedClass$GeneratedIteratorForCodegenStage1.columnartorow_nextBatch_0$(Unknown Source)
	at org.apache.spark.sql.catalyst.expressions.GeneratedClass$GeneratedIteratorForCodegenStage1.sort_addToSorter_0$(Unknown Source)
	at org.apache.sp",2026-08-26T06:54:31.515Z,2026-08-26T08:57:15.847Z,7364,2026-08-26T08:57:15.847Z,,,912d32aa-0b7f-4999-bf60-6670fe5985ea,
202608260854401391,202608260654255750,202608260654255519,85,2622,Bronze INV,br_LiquidLog,TASK_COMPLETE,SUCCESS,INFO,31999,31999,0,,2026-08-26T06:54:31.515Z,2026-08-26T08:57:15.847Z,7364,2026-08-26T08:57:15.847Z,AHK,Ahoskie,912d32aa-0b7f-4999-bf60-6670fe5985ea,SAMMS-Ahoskie
202608260854401392,202608260654255751,202608260654255519,85,2623,Bronze INV,br_LiquidLog,TASK_COMPLETE,SUCCESS,INFO,62438,62438,0,,2026-08-26T06:54:31.515Z,2026-08-26T08:57:15.847Z,7364,2026-08-26T08:57:15.847Z,B12B,Colorado Springs,912d32aa-0b7f-4999-bf60-6670fe5985ea,SAMMS-ColoradoSpringsV5
202608260854401394,202608260654255752,202608260654255519,85,2624,Bronze INV,br_LiquidLog,TASK_COMPLETE,SUCCESS,INFO,265140,265140,0,,2026-08-26T06:54:31.515Z,2026-08-26T08:57:15.847Z,7364,2026-08-26T08:57:15.847Z,B24,Paintsville,912d32aa-0b7f-4999-bf60-6670fe5985ea,SAMMS-PaintsvilleV5
202608260854401395,202608260654255753,202608260654255519,85,2625,Bronze INV,br_LiquidLog,TASK_COMPLETE,SUCCESS,INFO,195890,195890,0,,2026-08-26T06:54:31.515Z,2026-08-26T08:57:15.847Z,7364,2026-08-26T08:57:15.847Z,B25,Pikeville,912d32aa-0b7f-4999-bf60-6670fe5985ea,SAMMS-PikevilleV5
202608260854401396,202608260654255754,202608260654255519,85,2626,Bronze INV,br_LiquidLog,TASK_COMPLETE,SUCCESS,INFO,474691,474691,0,,2026-08-26T06:54:31.515Z,2026-08-26T08:57:15.847Z,7364,2026-08-26T08:57:15.847Z,B26,Hazard,912d32aa-0b7f-4999-bf60-6670fe5985ea,SAMMS-HazardV5
202608260854401397,202608260654255755,202608260654255519,85,2627,Bronze INV,br_LiquidLog,TASK_COMPLETE,SUCCESS,INFO,50413,50413,0,,2026-08-26T06:54:31.515Z,2026-08-26T08:57:15.847Z,7364,2026-08-26T08:57:15.847Z,B27,Savannah,912d32aa-0b7f-4999-bf60-6670fe5985ea,SAMMS-SavannahV6
202608260854401398,202608260654255756,202608260654255519,85,2628,Bronze INV,br_LiquidLog,TASK_COMPLETE,SUCCESS,INFO,133945,133945,0,,2026-08-26T06:54:31.515Z,2026-08-26T08:57:15.847Z,7364,2026-08-26T08:57:15.847Z,B28,West Plains,912d32aa-0b7f-4999-bf60-6670fe5985ea,SAMMS-WestPlainesV5
202608260854401399,202608260654255757,202608260654255519,85,2629,Bronze INV,br_LiquidLog,TASK_COMPLETE,SUCCESS,INFO,92468,92468,0,,2026-08-26T06:54:31.515Z,2026-08-26T08:57:15.847Z,7364,2026-08-26T08:57:15.847Z,B29,Poplar Bluff,912d32aa-0b7f-4999-bf60-6670fe5985ea,SAMMS-PoplarBluffV5
202608260854401400,202608260654255758,202608260654255519,85,2630,Bronze INV,br_LiquidLog,TASK_COMPLETE,SUCCESS,INFO,50065,50065,0,,2026-08-26T06:54:31.515Z,2026-08-26T08:57:15.847Z,7364,2026-08-26T08:57:15.847Z,B30,KC North,912d32aa-0b7f-4999-bf60-6670fe5985ea,SAMMS-KCNv5
202608260854401401,202608260654255759,202608260654255519,85,2631,Bronze INV,br_LiquidLog,TASK_COMPLETE,SUCCESS,INFO,236119,236119,0,,2026-08-26T06:54:31.515Z,2026-08-26T08:57:15.847Z,7364,2026-08-26T08:57:15.847Z,B31,Dyersburg,912d32aa-0b7f-4999-bf60-6670fe5985ea,SAMMS-DyersburgV5
202608260854401403,202608260654255760,202608260654255519,85,2633,Bronze INV,br_LiquidLog,TASK_COMPLETE,SUCCESS,INFO,174270,174270,0,,2026-08-26T06:54:31.515Z,2026-08-26T08:57:15.847Z,7364,2026-08-26T08:57:15.847Z,B33,Paducah,912d32aa-0b7f-4999-bf60-6670fe5985ea,SAMMS-Paducah
202608260854401404,202608260654255761,202608260654255519,85,2634,Bronze INV,br_LiquidLog,TASK_COMPLETE,SUCCESS,INFO,281136,281136,0,,2026-08-26T06:54:31.515Z,2026-08-26T08:57:15.847Z,7364,2026-08-26T08:57:15.847Z,B34,Corbin,912d32aa-0b7f-4999-bf60-6670fe5985ea,SAMMS-CorbinV5
202608171332283426,202608171332283425,202608171018106132,83,208,Silver Salesforce Accounts,sl_sf_accounts,TASK_FAILED,FAILED,ERROR,0,0,0,"An error occurred while calling o417.sql. : io.delta.exceptions.ConcurrentAppendException: [DELTA_CONCURRENT_APPEND] ConcurrentAppendException: Files were added to the root of the table by a concurrent update. Please try the operation again. Conflicting commit: {\"timestamp\":1786973594308,\"operation\":\"MERGE\",\"operationParameters\":{\"predicate\":[\"(TaskId#42413L = TaskId#42367L)\"],\"matchedPredicates\":[{\"actionType\":\"update\"}],\"notMatchedPredicates\":[{\"actionType\":\"insert\"}],\"notMatchedBySourcePredicates\":[]},\"readVersion\":19820,\"isolationLevel\":\"Serializable\",\"isBlindAppend\":false,\"operationMetrics\":{\"numTargetRowsCopied\":\"0\",\"numTargetRowsDeleted\":\"0\",\"numTargetFilesAdded\":\"5\",\"numTargetBytesAdded\":\"64645\",\"numTargetBytesRemoved\":\"61270\",\"numTargetDeletionVectorsAdded\":\"0\",\"numTargetRowsMatchedUpdated\":\"9\",\"executionTimeMs\":\"19549\",\"numTargetRowsInserted\":\"0\",\"numTargetRowsMatchedDeleted\":\"0\",\"numTargetDeletionVectorsUpdated\":\"0\",\"scanTimeMs\":\"15743\",\"numTargetRowsUpdated\":\"9\",\"numOutputRows\":\"9\",\"numTargetDeletionVectorsRemoved\":\"0\",\"numTargetRowsNotMatchedBySourceUpdated\":\"0\",\"numTargetChangeFilesAdded\":\"0\",\"numSourceRows\":\"9\",\"numTargetFilesRemoved\":\"5\",\"numTargetRowsNotMatchedBySourceDeleted\":\"0\",\"rewriteTimeMs\":\"2917\"},\"engineInfo\":\"Apache-Spark/3.5.5.5.4.20260807.1 Delta-Lake/3.2.1.20260609.1\",\"txnId\":\"01d47352-08ee-4abd-baab-9535ee2ccc53\"} Refer to https://docs.delta.io/latest/concurrency-control.html for more details. at org.apache.spark.sql.delta.DeltaErrorsBase.concurrentAppendException(DeltaErrors.scala:2374) at org.apache.spark.sql.delta.DeltaErrorsBase.concurrentAppendException$(DeltaErrors.scala:2367) at org.apache.spark.sql.delta.DeltaErrors$.concurrentAppendException(DeltaErrors.scala:3382) at org.apache.spark.sql.delta.ConflictChecker.$anonfun$checkForAddedFilesThatShouldHaveBeenReadByCurrentTxn$1(ConflictChecker.scala:384) at scala.runtime.java8.JFunction0$mcV$sp.apply(JFunction0$mcV$sp.java:23) at org.apache.spark.sql.delta.ConflictChecker.recordTime(ConflictChecker.scala:647) at org.apache.spark.sql.delta.ConflictChecker.checkForAddedFilesThatShouldHaveBeenReadByCurrentTxn(ConflictChecker.scala:355) at org.apache.spark.sql.delta.ConflictChecker.checkConflicts(ConflictChecker.scala:170) at org.apache.spark.sql.delta.OptimisticTransactionImpl.checkForConflictsAgainstVersion(OptimisticTransaction.scala:2557) at org.apache.spark.sql.delta.OptimisticTransactionImpl.checkForConflictsAgainstVersion$(OptimisticTransaction.scala:2547) at org.apache.spark.sql.delta.OptimisticTransaction.checkForConflictsAgainstVersion(OptimisticTransaction.scala:161) at org.apache.spark.sql.delta.OptimisticTransactionImpl.$anonfun$checkForConflicts$10(OptimisticTransaction.scala:2535) at org.apache.spark.sql.delta.OptimisticTransactionImpl.$anonfun$checkForConflicts$10$adapted(OptimisticTransaction.scala:2531) at scala.collection.Iterator.foreach(Iterator.scala:943) at scala.collection.Iterator.foreach$(Iterator.scala:943) at scala.collection.AbstractIterator.foreach(Iterator.scala:1431) at scala.collection.IterableLike.foreach(IterableLike.scala:74) at scala.collection.IterableLike.foreach$(IterableLike.scala:73) at scala.collection.AbstractIterable.foreach(Iterable.scala:56) at org.apache.spark.sql.delta.OptimisticTransactionImpl.$anonfun$checkForConflicts$2(OptimisticTransaction.scala:2531) at org.apache.spark.sql.delta.catalog.DeltaTableV2$.withEnrichedUnsupportedTableException(DeltaTableV2.scala:574) at org.apache.spark.sql.delta.OptimisticTransactionImpl.$anonfun$checkForConflicts$1(OptimisticTransaction.scala:2500) at org.apache.spark.sql.delta.metering.DeltaLogging.recordFrameProfile(DeltaLogging.scala:173) at org.apache.spark.sql.delta.metering.DeltaLogging.recordFrameProfile$(DeltaLogging.scala:171) at org.apache.spark.sql.delta.OptimisticTransaction.recordFrameProfile(OptimisticTransaction.scala:161) at org.apache.spark.sql.delta.metering.DeltaLogging.$anonfun$recordDeltaOperationInternal$1(DeltaLogging.scala:141)",2026-08-17T13:32:35.516Z,2026-08-17T13:33:31.385Z,52,2026-08-17T13:33:31.385Z,,,1cdba2b7-2cc0-4832-97e7-304e1a700c17,
202608150824173343,202608150824173343,202608150818522823,83,215,Silver Salesforce Outreach Events,sl_sf_events,TASK_FAILED,FAILED,ERROR,0,0,0,"An error occurred while calling o417.sql. : io.delta.exceptions.ConcurrentAppendException: [DELTA_CONCURRENT_APPEND] ConcurrentAppendException: Files were added to the root of the table by a concurrent update. Please try the operation again. Conflicting commit: {\"timestamp\":1786782273760,\"operation\":\"UPDATE\",\"operationParameters\":{\"predicate\":[\"(TaskId#50079L = 202608150824068563)\"]},\"readVersion\":19190,\"isolationLevel\":\"Serializable\",\"isBlindAppend\":false,\"operationMetrics\":{\"numRemovedFiles\":\"1\",\"numRemovedBytes\":\"12346\",\"numCopiedRows\":\"0\",\"numDeletionVectorsAdded\":\"0\",\"numDeletionVectorsRemoved\":\"0\",\"numAddedChangeFiles\":\"0\",\"executionTimeMs\":\"2265\",\"numDeletionVectorsUpdated\":\"0\",\"scanTimeMs\":\"1902\",\"numAddedFiles\":\"1\",\"numUpdatedRows\":\"1\",\"numAddedBytes\":\"12643\",\"rewriteTimeMs\":\"362\"},\"engineInfo\":\"Apache-Spark/3.5.5.5.4.20260807.1 Delta-Lake/3.2.1.20260609.1\",\"txnId\":\"1b765f70-fca9-42fc-a835-5604fbf74fde\"} Refer to https://docs.delta.io/latest/concurrency-control.html for more details. at org.apache.spark.sql.delta.DeltaErrorsBase.concurrentAppendException(DeltaErrors.scala:2374) at org.apache.spark.sql.delta.DeltaErrorsBase.concurrentAppendException$(DeltaErrors.scala:2367) at org.apache.spark.sql.delta.DeltaErrors$.concurrentAppendException(DeltaErrors.scala:3382) at org.apache.spark.sql.delta.ConflictChecker.$anonfun$checkForAddedFilesThatShouldHaveBeenReadByCurrentTxn$1(ConflictChecker.scala:384) at scala.runtime.java8.JFunction0$mcV$sp.apply(JFunction0$mcV$sp.java:23) at org.apache.spark.sql.delta.ConflictChecker.recordTime(ConflictChecker.scala:647) at org.apache.spark.sql.delta.ConflictChecker.checkForAddedFilesThatShouldHaveBeenReadByCurrentTxn(ConflictChecker.scala:355) at org.apache.spark.sql.delta.ConflictChecker.checkConflicts(ConflictChecker.scala:170) at org.apache.spark.sql.delta.OptimisticTransactionImpl.checkForConflictsAgainstVersion(OptimisticTransaction.scala:2557) at org.apache.spark.sql.delta.OptimisticTransactionImpl.checkForConflictsAgainstVersion$(OptimisticTransaction.scala:2547) at org.apache.spark.sql.delta.OptimisticTransaction.checkForConflictsAgainstVersion(OptimisticTransaction.scala:161) at org.apache.spark.sql.delta.OptimisticTransactionImpl.$anonfun$checkForConflicts$10(OptimisticTransaction.scala:2535) at org.apache.spark.sql.delta.OptimisticTransactionImpl.$anonfun$checkForConflicts$10$adapted(OptimisticTransaction.scala:2531) at scala.collection.Iterator.foreach(Iterator.scala:943) at scala.collection.Iterator.foreach$(Iterator.scala:943) at scala.collection.AbstractIterator.foreach(Iterator.scala:1431) at scala.collection.IterableLike.foreach(IterableLike.scala:74) at scala.collection.IterableLike.foreach$(IterableLike.scala:73) at scala.collection.AbstractIterable.foreach(Iterable.scala:56) at org.apache.spark.sql.delta.OptimisticTransactionImpl.$anonfun$checkForConflicts$2(OptimisticTransaction.scala:2531) at org.apache.spark.sql.delta.catalog.DeltaTableV2$.withEnrichedUnsupportedTableException(DeltaTableV2.scala:574) at org.apache.spark.sql.delta.OptimisticTransactionImpl.$anonfun$checkForConflicts$1(OptimisticTransaction.scala:2500) at org.apache.spark.sql.delta.metering.DeltaLogging.recordFrameProfile(DeltaLogging.scala:173) at org.apache.spark.sql.delta.metering.DeltaLogging.recordFrameProfile$(DeltaLogging.scala:171) at org.apache.spark.sql.delta.OptimisticTransaction.recordFrameProfile(OptimisticTransaction.scala:161) at org.apache.spark.sql.delta.metering.DeltaLogging.$anonfun$recordDeltaOperationInternal$1(DeltaLogging.scala:141)",2026-08-15T08:24:21.855Z,2026-08-15T08:24:47.793Z,23,2026-08-15T08:24:47.793Z,,,749d5262-86ff-40e0-8a86-2235f2d6051c,
202608211055212271,202608211055212271,202608211048467468,84,13674,Gold Salesforce Leads,Leads,TASK_FAILED,FAILED,ERROR,0,0,0,"An error occurred while calling o417.sql. : io.delta.exceptions.ConcurrentAppendException: [DELTA_CONCURRENT_APPEND] ConcurrentAppendException: Files were added to the root of the table by a concurrent update. Please try the operation again. Conflicting commit: {\"timestamp\":1787309735643,\"operation\":\"WRITE\",\"operationParameters\":{\"mode\":Append,\"partitionBy\":[]},\"readVersion\":21523,\"isolationLevel\":\"Serializable\",\"isBlindAppend\":true,\"operationMetrics\":{\"numFiles\":\"1\",\"numOutputRows\":\"1\",\"numOutputBytes\":\"12538\"},\"engineInfo\":\"Apache-Spark/3.5.5.5.4.20260807.1 Delta-Lake/3.2.1.20260609.1\",\"txnId\":\"e1f0649f-f1a4-465c-aad2-389c550caf7b\"} Refer to https://docs.delta.io/latest/concurrency-control.html for more details. at org.apache.spark.sql.delta.DeltaErrorsBase.concurrentAppendException(DeltaErrors.scala:2374) at org.apache.spark.sql.delta.DeltaErrorsBase.concurrentAppendException$(DeltaErrors.scala:2367) at org.apache.spark.sql.delta.DeltaErrors$.concurrentAppendException(DeltaErrors.scala:3382) at org.apache.spark.sql.delta.ConflictChecker.$anonfun$checkForAddedFilesThatShouldHaveBeenReadByCurrentTxn$1(ConflictChecker.scala:384) at scala.runtime.java8.JFunction0$mcV$sp.apply(JFunction0$mcV$sp.java:23) at org.apache.spark.sql.delta.ConflictChecker.recordTime(ConflictChecker.scala:647) at org.apache.spark.sql.delta.ConflictChecker.checkForAddedFilesThatShouldHaveBeenReadByCurrentTxn(ConflictChecker.scala:355) at org.apache.spark.sql.delta.ConflictChecker.checkConflicts(ConflictChecker.scala:170) at org.apache.spark.sql.delta.OptimisticTransactionImpl.checkForConflictsAgainstVersion(OptimisticTransaction.scala:2557) at org.apache.spark.sql.delta.OptimisticTransactionImpl.checkForConflictsAgainstVersion$(OptimisticTransaction.scala:2547) at org.apache.spark.sql.delta.OptimisticTransaction.checkForConflictsAgainstVersion(OptimisticTransaction.scala:161) at org.apache.spark.sql.delta.OptimisticTransactionImpl.$anonfun$checkForConflicts$10(OptimisticTransaction.scala:2535) at org.apache.spark.sql.delta.OptimisticTransactionImpl.$anonfun$checkForConflicts$10$adapted(OptimisticTransaction.scala:2531) at scala.collection.Iterator.foreach(Iterator.scala:943) at scala.collection.Iterator.foreach$(Iterator.scala:943) at scala.collection.AbstractIterator.foreach(Iterator.scala:1431) at scala.collection.IterableLike.foreach(IterableLike.scala:74) at scala.collection.IterableLike.foreach$(IterableLike.scala:73) at scala.collection.AbstractIterable.foreach(Iterable.scala:56) at org.apache.spark.sql.delta.OptimisticTransactionImpl.$anonfun$checkForConflicts$2(OptimisticTransaction.scala:2531) at org.apache.spark.sql.delta.catalog.DeltaTableV2$.withEnrichedUnsupportedTableException(DeltaTableV2.scala:574) at org.apache.spark.sql.delta.OptimisticTransactionImpl.$anonfun$checkForConflicts$1(OptimisticTransaction.scala:2500) at org.apache.spark.sql.delta.metering.DeltaLogging.recordFrameProfile(DeltaLogging.scala:173) at org.apache.spark.sql.delta.metering.DeltaLogging.recordFrameProfile$(DeltaLogging.scala:171) at org.apache.spark.sql.delta.OptimisticTransaction.recordFrameProfile(OptimisticTransaction.scala:161) at org.apache.spark.sql.delta.metering.DeltaLogging.$anonfun$recordDeltaOperationInternal$1(DeltaLogging.scala:141)",2026-08-21T10:55:25.917Z,2026-08-21T10:55:46.091Z,18,2026-08-21T10:55:46.091Z,,,45603680-296f-4487-82f1-f8045d5f38e1,
202608141011106850,202608141011106850,20260814101048,105,6814,Gold Active Directory AADUsers,AADUsers,TASK_FAILED,FAILED,ERROR,0,0,0,"An error occurred while calling o414.sql. : io.delta.exceptions.ConcurrentAppendException: [DELTA_CONCURRENT_APPEND] ConcurrentAppendException: Files were added to the root of the table by a concurrent update. Please try the operation again. Conflicting commit: {\"timestamp\":1786702320881,\"operation\":\"WRITE\",\"operationParameters\":{\"mode\":Append,\"partitionBy\":[]},\"readVersion\":18765,\"isolationLevel\":\"Serializable\",\"isBlindAppend\":true,\"operationMetrics\":{\"numFiles\":\"1\",\"numOutputRows\":\"1\",\"numOutputBytes\":\"13022\"},\"engineInfo\":\"Apache-Spark/3.5.5.5.4.20260403.6 Delta-Lake/3.2.1.20260427.3\",\"txnId\":\"1c4e71bc-c019-4394-8809-394012b533da\"} Refer to https://docs.delta.io/latest/concurrency-control.html for more details. at org.apache.spark.sql.delta.DeltaErrorsBase.concurrentAppendException(DeltaErrors.scala:2374) at org.apache.spark.sql.delta.DeltaErrorsBase.concurrentAppendException$(DeltaErrors.scala:2367) at org.apache.spark.sql.delta.DeltaErrors$.concurrentAppendException(DeltaErrors.scala:3382) at org.apache.spark.sql.delta.ConflictChecker.$anonfun$checkForAddedFilesThatShouldHaveBeenReadByCurrentTxn$1(ConflictChecker.scala:384) at scala.runtime.java8.JFunction0$mcV$sp.apply(JFunction0$mcV$sp.java:23) at org.apache.spark.sql.delta.ConflictChecker.recordTime(ConflictChecker.scala:647) at org.apache.spark.sql.delta.ConflictChecker.checkForAddedFilesThatShouldHaveBeenReadByCurrentTxn(ConflictChecker.scala:355) at org.apache.spark.sql.delta.ConflictChecker.checkConflicts(ConflictChecker.scala:170) at org.apache.spark.sql.delta.OptimisticTransactionImpl.checkForConflictsAgainstVersion(OptimisticTransaction.scala:2428) at org.apache.spark.sql.delta.OptimisticTransactionImpl.checkForConflictsAgainstVersion$(OptimisticTransaction.scala:2418) at org.apache.spark.sql.delta.OptimisticTransaction.checkForConflictsAgainstVersion(OptimisticTransaction.scala:152) at org.apache.spark.sql.delta.OptimisticTransactionImpl.$anonfun$checkForConflicts$10(OptimisticTransaction.scala:2406) at org.apache.spark.sql.delta.OptimisticTransactionImpl.$anonfun$checkForConflicts$10$adapted(OptimisticTransaction.scala:2402) at scala.collection.Iterator.foreach(Iterator.scala:943) at scala.collection.Iterator.foreach$(Iterator.scala:943) at scala.collection.AbstractIterator.foreach(Iterator.scala:1431) at scala.collection.IterableLike.foreach(IterableLike.scala:74) at scala.collection.IterableLike.foreach$(IterableLike.scala:73) at scala.collection.AbstractIterable.foreach(Iterable.scala:56) at org.apache.spark.sql.delta.OptimisticTransactionImpl.$anonfun$checkForConflicts$2(OptimisticTransaction.scala:2402) at org.apache.spark.sql.delta.catalog.DeltaTableV2$.withEnrichedUnsupportedTableException(DeltaTableV2.scala:574) at org.apache.spark.sql.delta.OptimisticTransactionImpl.$anonfun$checkForConflicts$1(OptimisticTransaction.scala:2371) at org.apache.spark.sql.delta.metering.DeltaLogging.recordFrameProfile(DeltaLogging.scala:169) at org.apache.spark.sql.delta.metering.DeltaLogging.recordFrameProfile$(DeltaLogging.scala:167) at org.apache.spark.sql.delta.OptimisticTransaction.recordFrameProfile(OptimisticTransaction.scala:152) at org.apache.spark.sql.delta.metering.DeltaLogging.$anonfun$recordDeltaOperationInternal$1(DeltaLogging.scala:137)",2026-08-14T10:11:28.129Z,2026-08-14T10:12:18.548Z,47,2026-08-14T10:12:18.548Z,,,86da3734-c4d3-4a01-9b94-6fc5fe6dd0dd,
202608192252097397,202608192152669170,202608192152666995,85,3528,Bronze INV,br_ReAssessmentLegal,TASK_COMPLETE,FAILED,ERROR,1907,1907,1,SAMMS INV pipeline failed. Check the failed parent/child activity run details.,2026-08-19T21:53:13.467Z,2026-08-19T22:54:29.012Z,3676,2026-08-19T22:54:29.012Z,V6,Lake Charles,2caac1da-4db4-431b-998d-21dc6fd03dce,SAMMS-LCv5
202608192252097398,202608192152669171,202608192152666995,85,3530,Bronze INV,br_ReAssessmentLegal,TASK_COMPLETE,FAILED,ERROR,741,741,1,SAMMS INV pipeline failed. Check the failed parent/child activity run details.,2026-08-19T21:53:13.467Z,2026-08-19T22:54:29.012Z,3676,2026-08-19T22:54:29.012Z,V8,Memphis Midtown,2caac1da-4db4-431b-998d-21dc6fd03dce,SAMMS-VCPHCS-VIII-MemphisV5
202608192252097399,202608192152669172,202608192152666995,85,3531,Bronze INV,br_ReAssessmentLegal,TASK_COMPLETE,FAILED,ERROR,1758,1758,1,SAMMS INV pipeline failed. Check the failed parent/child activity run details.,2026-08-19T21:53:13.467Z,2026-08-19T22:54:29.012Z,3676,2026-08-19T22:54:29.012Z,V9,Nashville,2caac1da-4db4-431b-998d-21dc6fd03dce,SAMMS-NashvilleV5
202608192252097400,202608192152669173,202608192152666995,85,3532,Bronze INV,br_ReAssessmentLegal,TASK_COMPLETE,FAILED,ERROR,837,837,1,SAMMS INV pipeline failed. Check the failed parent/child activity run details.,2026-08-19T21:53:13.467Z,2026-08-19T22:54:29.012Z,3676,2026-08-19T22:54:29.012Z,VBRA,Brainerd,2caac1da-4db4-431b-998d-21dc6fd03dce,SAMMS-BrainerdV6
202608192252097401,202608192152669174,202608192152666995,85,3533,Bronze INV,br_ReAssessmentLegal,TASK_COMPLETE,FAILED,ERROR,0,0,1,SAMMS INV pipeline failed. Check the failed parent/child activity run details.,2026-08-19T21:53:13.467Z,2026-08-19T22:54:29.012Z,3676,2026-08-19T22:54:29.012Z,VBRP,Brooklyn Park,2caac1da-4db4-431b-998d-21dc6fd03dce,SAMMS-BrooklynParkV6
202608192252097402,202608192152669175,202608192152666995,85,3535,Bronze INV,br_ReAssessmentLegal,TASK_COMPLETE,FAILED,ERROR,743,743,1,SAMMS INV pipeline failed. Check the failed parent/child activity run details.,2026-08-19T21:53:13.467Z,2026-08-19T22:54:29.012Z,3676,2026-08-19T22:54:29.012Z,VMIN,Minneapolis,2caac1da-4db4-431b-998d-21dc6fd03dce,SAMMS-MinneapolisV6
202608192252097403,202608192152669176,202608192152666995,85,3536,Bronze INV,br_ReAssessmentLegal,TASK_COMPLETE,FAILED,ERROR,881,881,1,SAMMS INV pipeline failed. Check the failed parent/child activity run details.,2026-08-19T21:53:13.467Z,2026-08-19T22:54:29.012Z,3676,2026-08-19T22:54:29.012Z,VWBY,Woodbury,2caac1da-4db4-431b-998d-21dc6fd03dce,SAMMS-WoodburyV6
202608192252097405,202608192152669177,202608192152666995,85,3538,Bronze INV,br_ReAssessmentLegal,TASK_COMPLETE,FAILED,ERROR,160,160,1,SAMMS INV pipeline failed. Check the failed parent/child activity run details.,2026-08-19T21:53:13.467Z,2026-08-19T22:54:29.012Z,3676,2026-08-19T22:54:29.012Z,WIL,Wilson,2caac1da-4db4-431b-998d-21dc6fd03dce,SAMMS-Wilson
202608192252097506,202608192152767006,202608192152766995,86,5730,Silver INV,sl_ReAssessmentLegal,TASK_COMPLETE,SUCCESS,INFO,75593,75593,0,,2026-08-19T21:53:13.467Z,2026-08-19T22:54:29.012Z,3676,2026-08-19T22:54:29.012Z,,,2caac1da-4db4-431b-998d-21dc6fd03dce,
202608192252097432,202608192152669178,202608192152666995,85,3542,Bronze INV,br_ReAssessmentMentalHealth,TASK_COMPLETE,FAILED,ERROR,35,35,1,SAMMS INV pipeline failed. Check the failed parent/child activity run details.,2026-08-19T21:53:13.467Z,2026-08-19T22:54:29.012Z,3676,2026-08-19T22:54:29.012Z,AHK,Ahoskie,2caac1da-4db4-431b-998d-21dc6fd03dce,SAMMS-Ahoskie
202608192252097433,202608192152669179,202608192152666995,85,3543,Bronze INV,br_ReAssessmentMentalHealth,TASK_COMPLETE,FAILED,ERROR,662,662,1,SAMMS INV pipeline failed. Check the failed parent/child activity run details.,2026-08-19T21:53:13.467Z,2026-08-19T22:54:29.012Z,3676,2026-08-19T22:54:29.012Z,B12B,Colorado Springs,2caac1da-4db4-431b-998d-21dc6fd03dce,SAMMS-ColoradoSpringsV5
202608192252097434,202608192152669180,202608192152666995,85,3544,Bronze INV,br_ReAssessmentMentalHealth,TASK_COMPLETE,FAILED,ERROR,835,835,1,SAMMS INV pipeline failed. Check the failed parent/child activity run details.,2026-08-19T21:53:13.467Z,2026-08-19T22:54:29.012Z,3676,2026-08-19T22:54:29.012Z,B24,Paintsville,2caac1da-4db4-431b-998d-21dc6fd03dce,SAMMS-PaintsvilleV5
202608192252097436,202608192152669181,202608192152666995,85,3545,Bronze INV,br_ReAssessmentMentalHealth,TASK_COMPLETE,FAILED,ERROR,646,646,1,SAMMS INV pipeline failed. Check the failed parent/child activity run details.,2026-08-19T21:53:13.467Z,2026-08-19T22:54:29.012Z,3676,2026-08-19T22:54:29.012Z,B25,Pikeville,2caac1da-4db4-431b-998d-21dc6fd03dce,SAMMS-PikevilleV5
202608192252097437,202608192152669182,202608192152666995,85,3546,Bronze INV,br_ReAssessmentMentalHealth,TASK_COMPLETE,FAILED,ERROR,970,970,1,SAMMS INV pipeline failed. Check the failed parent/child activity run details.,2026-08-19T21:53:13.467Z,2026-08-19T22:54:29.012Z,3676,2026-08-19T22:54:29.012Z,B26,Hazard,2caac1da-4db4-431b-998d-21dc6fd03dce,SAMMS-HazardV5
202608192252097439,202608192152669183,202608192152666995,85,3547,Bronze INV,br_ReAssessmentMentalHealth,TASK_COMPLETE,FAILED,ERROR,532,532,1,SAMMS INV pipeline failed. Check the failed parent/child activity run details.,2026-08-19T21:53:13.467Z,2026-08-19T22:54:29.012Z,3676,2026-08-19T22:54:29.012Z,B27,Savannah,2caac1da-4db4-431b-998d-21dc6fd03dce,SAMMS-SavannahV6
202608192252097440,202608192152669184,202608192152666995,85,3548,Bronze INV,br_ReAssessmentMentalHealth,TASK_COMPLETE,FAILED,ERROR,246,246,1,SAMMS INV pipeline failed. Check the failed parent/child activity run details.,2026-08-19T21:53:13.467Z,2026-08-19T22:54:29.012Z,3676,2026-08-19T22:54:29.012Z,B28,West Plains,2caac1da-4db4-431b-998d-21dc6fd03dce,SAMMS-WestPlainesV5
202608192252097441,202608192152669185,202608192152666995,85,3549,Bronze INV,br_ReAssessmentMentalHealth,TASK_COMPLETE,FAILED,ERROR,461,461,1,SAMMS INV pipeline failed. Check the failed parent/child activity run details.,2026-08-19T21:53:13.467Z,2026-08-19T22:54:29.012Z,3676,2026-08-19T22:54:29.012Z,B29,Poplar Bluff,2caac1da-4db4-431b-998d-21dc6fd03dce,SAMMS-PoplarBluffV5
202608192252097443,202608192152669186,202608192152666995,85,3550,Bronze INV,br_ReAssessmentMentalHealth,TASK_COMPLETE,FAILED,ERROR,79,79,1,SAMMS INV pipeline failed. Check the failed parent/child activity run details.,2026-08-19T21:53:13.467Z,2026-08-19T22:54:29.012Z,3676,2026-08-19T22:54:29.012Z,B30,KC North,2caac1da-4db4-431b-998d-21dc6fd03dce,SAMMS-KCNv5
202608192252097444,202608192152669187,202608192152666995,85,3551,Bronze INV,br_ReAssessmentMentalHealth,TASK_COMPLETE,FAILED,ERROR,401,401,1,SAMMS INV pipeline failed. Check the failed parent/child activity run details.,2026-08-19T21:53:13.467Z,2026-08-19T22:54:29.012Z,3676,2026-08-19T22:54:29.012Z,B31,Dyersburg,2caac1da-4db4-431b-998d-21dc6fd03dce,SAMMS-DyersburgV5
202608192252097445,202608192152669188,202608192152666995,85,3553,Bronze INV,br_ReAssessmentMentalHealth,TASK_COMPLETE,FAILED,ERROR,487,487,1,SAMMS INV pipeline failed. Check the failed parent/child activity run details.,2026-08-19T21:53:13.467Z,2026-08-19T22:54:29.012Z,3676,2026-08-19T22:54:29.012Z,B33,Paducah,2caac1da-4db4-431b-998d-21dc6fd03dce,SAMMS-Paducah
202608192252097446,202608192152669189,202608192152666995,85,3554,Bronze INV,br_ReAssessmentMentalHealth,TASK_COMPLETE,FAILED,ERROR,386,386,1,SAMMS INV pipeline failed. Check the failed parent/child activity run details.,2026-08-19T21:53:13.467Z,2026-08-19T22:54:29.012Z,3676,2026-08-19T22:54:29.012Z,B34,Corbin,2caac1da-4db4-431b-998d-21dc6fd03dce,SAMMS-CorbinV5
202608192252097447,202608192152669190,202608192152666995,85,3555,Bronze INV,br_ReAssessmentMentalHealth,TASK_COMPLETE,FAILED,ERROR,242,242,1,SAMMS INV pipeline failed. Check the failed parent/child activity run details.,2026-08-19T21:53:13.467Z,2026-08-19T22:54:29.012Z,3676,2026-08-19T22:54:29.012Z,B35,Lexington,2caac1da-4db4-431b-998d-21dc6fd03dce,SAMMS-LexingtonV5
202608192252097448,202608192152669191,202608192152666995,85,3556,Bronze INV,br_ReAssessmentMentalHealth,TASK_COMPLETE,FAILED,ERROR,77,77,1,SAMMS INV pipeline failed. Check the failed parent/child activity run details.,2026-08-19T21:53:13.467Z,2026-08-19T22:54:29.012Z,3676,2026-08-19T22:54:29.012Z,B35A,Berea,2caac1da-4db4-431b-998d-21dc6fd03dce,SAMMS-BereaV5
202608192252097450,202608192152669192,202608192152666995,85,3557,Bronze INV,br_ReAssessmentMentalHealth,TASK_COMPLETE,FAILED,ERROR,20,20,1,SAMMS INV pipeline failed. Check the failed parent/child activity run details.,2026-08-19T21:53:13.467Z,2026-08-19T22:54:29.012Z,3676,2026-08-19T22:54:29.012Z,B36,Asheville,2caac1da-4db4-431b-998d-21dc6fd03dce,SAMMS-AshevilleV5
202608192252097451,202608192152669193,202608192152666995,85,3558,Bronze INV,br_ReAssessmentMentalHealth,TASK_COMPLETE,FAILED,ERROR,1,1,1,SAMMS INV pipeline failed. Check the failed parent/child activity run details.,2026-08-19T21:53:13.467Z,2026-08-19T22:54:29.012Z,3676,2026-08-19T22:54:29.012Z,B37,Clyde,2caac1da-4db4-431b-998d-21dc6fd03dce,SAMMS-ClydeV5
202608192252097452,202608192152669194,202608192152666995,85,3559,Bronze INV,br_ReAssessmentMentalHealth,TASK_COMPLETE,FAILED,ERROR,1188,1188,1,SAMMS INV pipeline failed. Check the failed parent/child activity run details.,2026-08-19T21:53:13.467Z,2026-08-19T22:54:29.012Z,3676,2026-08-19T22:54:29.012Z,B38,Spartanburg,2caac1da-4db4-431b-998d-21dc6fd03dce,SAMMS-SpartanburgV5
202608192252097453,202608192152669195,202608192152666995,85,3560,Bronze INV,br_ReAssessmentMentalHealth,TASK_COMPLETE,FAILED,ERROR,362,362,1,SAMMS INV pipeline failed. Check the failed parent/child activity run details.,2026-08-19T21:53:13.467Z,2026-08-19T22:54:29.012Z,3676,2026-08-19T22:54:29.012Z,B39,Aiken,2caac1da-4db4-431b-998d-21dc6fd03dce,SAMMS-AikenV5
202608192252097454,202608192152669196,202608192152666995,85,3561,Bronze INV,br_ReAssessmentMentalHealth,TASK_COMPLETE,FAILED,ERROR,1892,1892,1,SAMMS INV pipeline failed. Check the failed parent/child activity run details.,2026-08-19T21:53:13.467Z,2026-08-19T22:54:29.012Z,3676,2026-08-19T22:54:29.012Z,B41,Chesapeake,2caac1da-4db4-431b-998d-21dc6fd03dce,SAMMS-ChesapeakeV5
202608192252097455,202608192152669197,202608192152666995,85,3562,Bronze INV,br_ReAssessmentMentalHealth,TASK_COMPLETE,FAILED,ERROR,1919,1919,1,SAMMS INV pipeline failed. Check the failed parent/child activity run details.,2026-08-19T21:53:13.467Z,2026-08-19T22:54:29.012Z,3676,2026-08-19T22:54:29.012Z,B42,Virginia Beach,2caac1da-4db4-431b-998d-21dc6fd03dce,SAMMS-VirginiaBeachV5
202608192252097456,202608192152669198,202608192152666995,85,3563,Bronze INV,br_ReAssessmentMentalHealth,TASK_COMPLETE,FAILED,ERROR,931,931,1,SAMMS INV pipeline failed. Check the failed parent/child activity run details.,2026-08-19T21:53:13.467Z,2026-08-19T22:54:29.012Z,3676,2026-08-19T22:54:29.012Z,B42A,Newport News,2caac1da-4db4-431b-998d-21dc6fd03dce,SAMMS-NewportNewsV5
202608192252097458,202608192152669199,202608192152666995,85,3564,Bronze INV,br_ReAssessmentMentalHealth,TASK_COMPLETE,FAILED,ERROR,508,508,1,SAMMS INV pipeline failed. Check the failed parent/child activity run details.,2026-08-19T21:53:13.467Z,2026-08-19T22:54:29.012Z,3676,2026-08-19T22:54:29.012Z,B42B,Franklin,2caac1da-4db4-431b-998d-21dc6fd03dce,SAMMS-FranklinV5
202608192252097459,202608192152669200,202608192152666995,85,3565,Bronze INV,br_ReAssessmentMentalHealth,TASK_COMPLETE,FAILED,ERROR,345,345,1,SAMMS INV pipeline failed. Check the failed parent/child activity run details.,2026-08-19T21:53:13.467Z,2026-08-19T22:54:29.012Z,3676,2026-08-19T22:54:29.012Z,B42C,Glen Allen,2caac1da-4db4-431b-998d-21dc6fd03dce,SAMMS-GlenAllenV5
202608192252097460,202608192152669201,202608192152666995,85,3566,Bronze INV,br_ReAssessmentMentalHealth,TASK_COMPLETE,FAILED,ERROR,1483,1483,1,SAMMS INV pipeline failed. Check the failed parent/child activity run details.,2026-08-19T21:53:13.467Z,2026-08-19T22:54:29.012Z,3676,2026-08-19T22:54:29.012Z,B42D,Chesapeake South,2caac1da-4db4-431b-998d-21dc6fd03dce,SAMMS-ChesapeakeSouthV5
202608192252097461,202608192152669202,202608192152666995,85,3567,Bronze INV,br_ReAssessmentMentalHealth,TASK_COMPLETE,FAILED,ERROR,632,632,1,SAMMS INV pipeline failed. Check the failed parent/child activity run details.,2026-08-19T21:53:13.467Z,2026-08-19T22:54:29.012Z,3676,2026-08-19T22:54:29.012Z,B44,Albany,2caac1da-4db4-431b-998d-21dc6fd03dce,SAMMS-AlbanyV5
202608192252097462,202608192152669203,202608192152666995,85,3568,Bronze INV,br_ReAssessmentMentalHealth,TASK_COMPLETE,FAILED,ERROR,1270,1270,1,SAMMS INV pipeline failed. Check the failed parent/child activity run details.,2026-08-19T21:53:13.467Z,2026-08-19T22:54:29.012Z,3676,2026-08-19T22:54:29.012Z,B45,Tifton,2caac1da-4db4-431b-998d-21dc6fd03dce,SAMMS-TiftonV5
202608192252097463,202608192152669204,202608192152666995,85,3569,Bronze INV,br_ReAssessmentMentalHealth,TASK_COMPLETE,FAILED,ERROR,590,590,1,SAMMS INV pipeline failed. Check the failed parent/child activity run details.,2026-08-19T21:53:13.467Z,2026-08-19T22:54:29.012Z,3676,2026-08-19T22:54:29.012Z,B46,Washington DC,2caac1da-4db4-431b-998d-21dc6fd03dce,SAMMS-WashingtonDCv5
202608192252097465,202608192152669205,202608192152666995,85,3570,Bronze INV,br_ReAssessmentMentalHealth,TASK_COMPLETE,FAILED,ERROR,1573,1573,1,SAMMS INV pipeline failed. Check the failed parent/child activity run details.,2026-08-19T21:53:13.467Z,2026-08-19T22:54:29.012Z,3676,2026-08-19T22:54:29.012Z,B47,Mobile,2caac1da-4db4-431b-998d-21dc6fd03dce,SAMMS-MobileV5
202608192252097466,202608192152669206,202608192152666995,85,3571,Bronze INV,br_ReAssessmentMentalHealth,TASK_COMPLETE,FAILED,ERROR,1297,1297,1,SAMMS INV pipeline failed. Check the failed parent/child activity run details.,2026-08-19T21:53:13.467Z,2026-08-19T22:54:29.012Z,3676,2026-08-19T22:54:29.012Z,B48,Tuscaloosa,2caac1da-4db4-431b-998d-21dc6fd03dce,SAMMS-TuscaloosaV5
202608192252097467,202608192152669207,202608192152666995,85,3580,Bronze INV,br_ReAssessmentMentalHealth,TASK_COMPLETE,FAILED,ERROR,2,2,1,SAMMS INV pipeline failed. Check the failed parent/child activity run details.,2026-08-19T21:53:13.467Z,2026-08-19T22:54:29.012Z,3676,2026-08-19T22:54:29.012Z,B51,N. Little Rock (OTP),2caac1da-4db4-431b-998d-21dc6fd03dce,SAMMS-NorthLittleRockV6
202608192252097468,202608192152669208,202608192152666995,85,3581,Bronze INV,br_ReAssessmentMentalHealth,TASK_COMPLETE,FAILED,ERROR,457,457,1,SAMMS INV pipeline failed. Check the failed parent/child activity run details.,2026-08-19T21:53:13.467Z,2026-08-19T22:54:29.012Z,3676,2026-08-19T22:54:29.012Z,B52,Jackson GA,2caac1da-4db4-431b-998d-21dc6fd03dce,SAMMS-JacksonGAV5
202608192252097469,202608192152669209,202608192152666995,85,3582,Bronze INV,br_ReAssessmentMentalHealth,TASK_COMPLETE,FAILED,ERROR,1703,1703,1,SAMMS INV pipeline failed. Check the failed parent/child activity run details.,2026-08-19T21:53:13.467Z,2026-08-19T22:54:29.012Z,3676,2026-08-19T22:54:29.012Z,B54,Gadsden,2caac1da-4db4-431b-998d-21dc6fd03dce,SAMMS-GadsdenV5
202608192252097470,202608192152669210,202608192152666995,85,3583,Bronze INV,br_ReAssessmentMentalHealth,TASK_COMPLETE,FAILED,ERROR,952,952,1,SAMMS INV pipeline failed. Check the failed parent/child activity run details.,2026-08-19T21:53:13.467Z,2026-08-19T22:54:29.012Z,3676,2026-08-19T22:54:29.012Z,B55,Shoals,2caac1da-4db4-431b-998d-21dc6fd03dce,SAMMS-ShoalsV5
202608192252097472,202608192152669211,202608192152666995,85,3584,Bronze INV,br_ReAssessmentMentalHealth,TASK_COMPLETE,FAILED,ERROR,294,294,1,SAMMS INV pipeline failed. Check the failed parent/child activity run details.,2026-08-19T21:53:13.467Z,2026-08-19T22:54:29.012Z,3676,2026-08-19T22:54:29.012Z,B57,Pawtucket,2caac1da-4db4-431b-998d-21dc6fd03dce,SAMMS-Pawtucket
202608192252097473,202608192152669212,202608192152666995,85,3585,Bronze INV,br_ReAssessmentMentalHealth,TASK_COMPLETE,FAILED,ERROR,554,554,1,SAMMS INV pipeline failed. Check the failed parent/child activity run details.,2026-08-19T21:53:13.467Z,2026-08-19T22:54:29.012Z,3676,2026-08-19T22:54:29.012Z,B57A,Johnston,2caac1da-4db4-431b-998d-21dc6fd03dce,SAMMS-Johnston
202608192252097474,202608192152669213,202608192152666995,85,3586,Bronze INV,br_ReAssessmentMentalHealth,TASK_COMPLETE,FAILED,ERROR,166,166,1,SAMMS INV pipeline failed. Check the failed parent/child activity run details.,2026-08-19T21:53:13.467Z,2026-08-19T22:54:29.012Z,3676,2026-08-19T22:54:29.012Z,B57B,Middletown,2caac1da-4db4-431b-998d-21dc6fd03dce,SAMMS-Middletown
202608192252097475,202608192152669214,202608192152666995,85,3587,Bronze INV,br_ReAssessmentMentalHealth,TASK_COMPLETE,FAILED,ERROR,413,413,1,SAMMS INV pipeline failed. Check the failed parent/child activity run details.,2026-08-19T21:53:13.467Z,2026-08-19T22:54:29.012Z,3676,2026-08-19T22:54:29.012Z,B57C,Providence,2caac1da-4db4-431b-998d-21dc6fd03dce,SAMMS-Providence
202608192252097476,202608192152669215,202608192152666995,85,3588,Bronze INV,br_ReAssessmentMentalHealth,TASK_COMPLETE,FAILED,ERROR,626,626,1,SAMMS INV pipeline failed. Check the failed parent/child activity run details.,2026-08-19T21:53:13.467Z,2026-08-19T22:54:29.012Z,3676,2026-08-19T22:54:29.012Z,B57D,Westerly,2caac1da-4db4-431b-998d-21dc6fd03dce,SAMMS-Westerly
202608192252097477,202608192152669216,202608192152666995,85,3592,Bronze INV,br_ReAssessmentMentalHealth,TASK_COMPLETE,FAILED,ERROR,4,4,1,SAMMS INV pipeline failed. Check the failed parent/child activity run details.,2026-08-19T21:53:13.467Z,2026-08-19T22:54:29.012Z,3676,2026-08-19T22:54:29.012Z,B66A,Bremen,2caac1da-4db4-431b-998d-21dc6fd03dce,SAMMS-Bremen
202608192252097478,202608192152669217,202608192152666995,85,3595,Bronze INV,br_ReAssessmentMentalHealth,TASK_COMPLETE,FAILED,ERROR,0,0,1,SAMMS INV pipeline failed. Check the failed parent/child activity run details.,2026-08-19T21:53:13.467Z,2026-08-19T22:54:29.012Z,3676,2026-08-19T22:54:29.012Z,B72,Mobile (OBOT),2caac1da-4db4-431b-998d-21dc6fd03dce,SAMMS-Mobile-OBOT
202608192252097480,202608192152669218,202608192152666995,85,3596,Bronze INV,br_ReAssessmentMentalHealth,TASK_COMPLETE,FAILED,ERROR,0,0,1,SAMMS INV pipeline failed. Check the failed parent/child activity run details.,2026-08-19T21:53:13.467Z,2026-08-19T22:54:29.012Z,3676,2026-08-19T22:54:29.012Z,B73,Montgomery,2caac1da-4db4-431b-998d-21dc6fd03dce,SAMMS-Montgomery
202608192252097481,202608192152669219,202608192152666995,85,3597,Bronze INV,br_ReAssessmentMentalHealth,TASK_COMPLETE,FAILED,ERROR,518,518,1,SAMMS INV pipeline failed. Check the failed parent/child activity run details.,2026-08-19T21:53:13.467Z,2026-08-19T22:54:29.012Z,3676,2026-08-19T22:54:29.012Z,B75,Lawrence,2caac1da-4db4-431b-998d-21dc6fd03dce,SAMMS-LawrenceV6
202608192252097482,202608192152669220,202608192152666995,85,3598,Bronze INV,br_ReAssessmentMentalHealth,TASK_COMPLETE,FAILED,ERROR,0,0,1,SAMMS INV pipeline failed. Check the failed parent/child activity run details.,2026-08-19T21:53:13.467Z,2026-08-19T22:54:29.012Z,3676,2026-08-19T22:54:29.012Z,B76,Huntsville OBOT,2caac1da-4db4-431b-998d-21dc6fd03dce,SAMMS-Huntsville-OBOT
202608192252097483,202608192152669221,202608192152666995,85,3599,Bronze INV,br_ReAssessmentMentalHealth,TASK_COMPLETE,FAILED,ERROR,0,0,1,SAMMS INV pipeline failed. Check the failed parent/child activity run details.,2026-08-19T21:53:13.467Z,2026-08-19T22:54:29.012Z,3676,2026-08-19T22:54:29.012Z,BAT,Batesville,2caac1da-4db4-431b-998d-21dc6fd03dce,SAMMS-Batesville
202608192252097484,202608192152669222,202608192152666995,85,3600,Bronze INV,br_ReAssessmentMentalHealth,TASK_COMPLETE,FAILED,ERROR,461,461,1,SAMMS INV pipeline failed. Check the failed parent/child activity run details.,2026-08-19T21:53:13.467Z,2026-08-19T22:54:29.012Z,3676,2026-08-19T22:54:29.012Z,BG,Bowling Green,2caac1da-4db4-431b-998d-21dc6fd03dce,SAMMS-BowlingGreen
202608192252097485,202608192152669223,202608192152666995,85,3601,Bronze INV,br_ReAssessmentMentalHealth,TASK_COMPLETE,FAILED,ERROR,182,182,1,SAMMS INV pipeline failed. Check the failed parent/child activity run details.,2026-08-19T21:53:13.467Z,2026-08-19T22:54:29.012Z,3676,2026-08-19T22:54:29.012Z,BOI,Boise,2caac1da-4db4-431b-998d-21dc6fd03dce,SAMMS-Boise
202608192252097487,202608192152669224,202608192152666995,85,3608,Bronze INV,br_ReAssessmentMentalHealth,TASK_COMPLETE,FAILED,ERROR,51,51,1,SAMMS INV pipeline failed. Check the failed parent/child activity run details.,2026-08-19T21:53:13.467Z,2026-08-19T22:54:29.012Z,3676,2026-08-19T22:54:29.012Z,CBCO,Coeur dAlene,2caac1da-4db4-431b-998d-21dc6fd03dce,SAMMS-CoeurdAleneV6
202608192252097488,202608192152669225,202608192152666995,85,3627,Bronze INV,br_ReAssessmentMentalHealth,TASK_COMPLETE,FAILED,ERROR,0,0,1,SAMMS INV pipeline failed. Check the failed parent/child activity run details.,2026-08-19T21:53:13.467Z,2026-08-19T22:54:29.012Z,3676,2026-08-19T22:54:29.012Z,CON,Conway,2caac1da-4db4-431b-998d-21dc6fd03dce,SAMMS-Conway
202608192252097489,202608192152669226,202608192152666995,85,3628,Bronze INV,br_ReAssessmentMentalHealth,TASK_COMPLETE,FAILED,ERROR,2578,2578,1,SAMMS INV pipeline failed. Check the failed parent/child activity run details.,2026-08-19T21:53:13.467Z,2026-08-19T22:54:29.012Z,3676,2026-08-19T22:54:29.012Z,D07,Medical Services Knox TN,2caac1da-4db4-431b-998d-21dc6fd03dce,SAMMS-KnoxvilleV6
202608192252097490,202608192152669227,202608192152666995,85,3629,Bronze INV,br_ReAssessmentMentalHealth,TASK_COMPLETE,FAILED,ERROR,113,113,1,SAMMS INV pipeline failed. Check the failed parent/child activity run details.,2026-08-19T21:53:13.467Z,2026-08-19T22:54:29.012Z,3676,2026-08-19T22:54:29.012Z,D08,Madison,2caac1da-4db4-431b-998d-21dc6fd03dce,SAMMS-MadisonV6
202608192252097491,202608192152669228,202608192152666995,85,3631,Bronze INV,br_ReAssessmentMentalHealth,TASK_COMPLETE,FAILED,ERROR,120,120,1,SAMMS INV pipeline failed. Check the failed parent/child activity run details.,2026-08-19T21:53:13.467Z,2026-08-19T22:54:29.012Z,3676,2026-08-19T22:54:29.012Z,D09,Murfreesboro,2caac1da-4db4-431b-998d-21dc6fd03dce,SAMMS-MurfreesboroV6
202608192252097492,202608192152669229,202608192152666995,85,3632,Bronze INV,br_ReAssessmentMentalHealth,TASK_COMPLETE,FAILED,ERROR,337,337,1,SAMMS INV pipeline failed. Check the failed parent/child activity run details.,2026-08-19T21:53:13.467Z,2026-08-19T22:54:29.012Z,3676,2026-08-19T22:54:29.012Z,DA,Davenport,2caac1da-4db4-431b-998d-21dc6fd03dce,SAMMS-Davenport
202608192252097493,202608192152669230,202608192152666995,85,3633,Bronze INV,br_ReAssessmentMentalHealth,TASK_COMPLETE,FAILED,ERROR,288,288,1,SAMMS INV pipeline failed. Check the failed parent/child activity run details.,2026-08-19T21:53:13.467Z,2026-08-19T22:54:29.012Z,3676,2026-08-19T22:54:29.012Z,DM,Des Moines,2caac1da-4db4-431b-998d-21dc6fd03dce,SAMMS-DesMoines
202608192252097495,202608192152669231,202608192152666995,85,3635,Bronze INV,br_ReAssessmentMentalHealth,TASK_COMPLETE,FAILED,ERROR,530,530,1,SAMMS INV pipeline failed. Check the failed parent/child activity run details.,2026-08-19T21:53:13.467Z,2026-08-19T22:54:29.012Z,3676,2026-08-19T22:54:29.012Z,DRD-CO,Columbia MO,2caac1da-4db4-431b-998d-21dc6fd03dce,SAMMS-ColumbiaV5
202608192252097496,202608192152669232,202608192152666995,85,3636,Bronze INV,br_ReAssessmentMentalHealth,TASK_COMPLETE,FAILED,ERROR,347,347,1,SAMMS INV pipeline failed. Check the failed parent/child activity run details.,2026-08-19T21:53:13.467Z,2026-08-19T22:54:29.012Z,3676,2026-08-19T22:54:29.012Z,DRD-KC,KC,2caac1da-4db4-431b-998d-21dc6fd03dce,SAMMS-KCv5
202608192252097497,202608192152669233,202608192152666995,85,3637,Bronze INV,br_ReAssessmentMentalHealth,TASK_COMPLETE,FAILED,ERROR,1555,1555,1,SAMMS INV pipeline failed. Check the failed parent/child activity run details.,2026-08-19T21:53:13.467Z,2026-08-19T22:54:29.012Z,3676,2026-08-19T22:54:29.012Z,DRD-KVB,KVB,2caac1da-4db4-431b-998d-21dc6fd03dce,SAMMS-KVBv5
202608192252097498,202608192152669234,202608192152666995,85,3638,Bronze INV,br_ReAssessmentMentalHealth,TASK_COMPLETE,FAILED,ERROR,1674,1674,1,SAMMS INV pipeline failed. Check the failed parent/child activity run details.,2026-08-19T21:53:13.467Z,2026-08-19T22:54:29.012Z,3676,2026-08-19T22:54:29.012Z,DRD-KVC,KVC,2caac1da-4db4-431b-998d-21dc6fd03dce,SAMMS-KVCv5
202608192252097499,202608192152669235,202608192152666995,85,3639,Bronze INV,br_ReAssessmentMentalHealth,TASK_COMPLETE,FAILED,ERROR,3203,3203,1,SAMMS INV pipeline failed. Check the failed parent/child activity run details.,2026-08-19T21:53:13.467Z,2026-08-19T22:54:29.012Z,3676,2026-08-19T22:54:29.012Z,DRD-NOLA,NOLA,2caac1da-4db4-431b-998d-21dc6fd03dce,SAMMS-NOLAv5
202608192252097500,202608192152669236,202608192152666995,85,3640,Bronze INV,br_ReAssessmentMentalHealth,TASK_COMPLETE,FAILED,ERROR,800,800,1,SAMMS INV pipeline failed. Check the failed parent/child activity run details.,2026-08-19T21:53:13.467Z,2026-08-19T22:54:29.012Z,3676,2026-08-19T22:54:29.012Z,DRD-SF,Springfield,2caac1da-4db4-431b-998d-21dc6fd03dce,SAMMS-SFv5
202608192252097502,202608192152669237,202608192152666995,85,3642,Bronze INV,br_ReAssessmentMentalHealth,TASK_COMPLETE,FAILED,ERROR,260,260,1,SAMMS INV pipeline failed. Check the failed parent/child activity run details.,2026-08-19T21:53:13.467Z,2026-08-19T22:54:29.012Z,3676,2026-08-19T22:54:29.012Z,ELC,Elizabeth City,2caac1da-4db4-431b-998d-21dc6fd03dce,SAMMS-ElizabethCity
202608192252097503,202608192152669238,202608192152666995,85,3643,Bronze INV,br_ReAssessmentMentalHealth,TASK_COMPLETE,FAILED,ERROR,128,128,1,SAMMS INV pipeline failed. Check the failed parent/child activity run details.,2026-08-19T21:53:13.467Z,2026-08-19T22:54:29.012Z,3676,2026-08-19T22:54:29.012Z,ET,Elizabethtown,2caac1da-4db4-431b-998d-21dc6fd03dce,SAMMS-Elizabethtown
202608192252097504,202608192152669239,202608192152666995,85,3644,Bronze INV,br_ReAssessmentMentalHealth,TASK_COMPLETE,FAILED,ERROR,0,0,1,SAMMS INV pipeline failed. Check the failed parent/child activity run details.,2026-08-19T21:53:13.467Z,2026-08-19T22:54:29.012Z,3676,2026-08-19T22:54:29.012Z,FAY,Fayetteville,2caac1da-4db4-431b-998d-21dc6fd03dce,SAMMS-Fayetteville
202608192252097505,202608192152669240,202608192152666995,85,3645,Bronze INV,br_ReAssessmentMentalHealth,TASK_COMPLETE,FAILED,ERROR,156,156,1,SAMMS INV pipeline failed. Check the failed parent/child activity run details.,2026-08-19T21:53:13.467Z,2026-08-19T22:54:29.012Z,3676,2026-08-19T22:54:29.012Z,FR,Frankfort,2caac1da-4db4-431b-998d-21dc6fd03dce,SAMMS-Frankfort
202608192252097506,202608192152669241,202608192152666995,85,3646,Bronze INV,br_ReAssessmentMentalHealth,TASK_COMPLETE,FAILED,ERROR,0,0,1,SAMMS INV pipeline failed. Check the failed parent/child activity run details.,2026-08-19T21:53:13.467Z,2026-08-19T22:54:29.012Z,3676,2026-08-19T22:54:29.012Z,FS,Fort Smith,2caac1da-4db4-431b-998d-21dc6fd03dce,SAMMS-FortSmith
202608192252097507,202608192152669242,202608192152666995,85,3647,Bronze INV,br_ReAssessmentMentalHealth,TASK_COMPLETE,FAILED,ERROR,469,469,1,SAMMS INV pipeline failed. Check the failed parent/child activity run details.,2026-08-19T21:53:13.467Z,2026-08-19T22:54:29.012Z,3676,2026-08-19T22:54:29.012Z,FW,Fort Wayne,2caac1da-4db4-431b-998d-21dc6fd03dce,SAMMS-FortWayne
202608192252097509,202608192152669243,202608192152666995,85,3648,Bronze INV,br_ReAssessmentMentalHealth,TASK_COMPLETE,FAILED,ERROR,276,276,1,SAMMS INV pipeline failed. Check the failed parent/child activity run details.,2026-08-19T21:53:13.467Z,2026-08-19T22:54:29.012Z,3676,2026-08-19T22:54:29.012Z,GAL,Gaylord,2caac1da-4db4-431b-998d-21dc6fd03dce,SAMMS-Gaylord
202608192252097510,202608192152669244,202608192152666995,85,3652,Bronze INV,br_ReAssessmentMentalHealth,TASK_COMPLETE,FAILED,ERROR,100,100,1,SAMMS INV pipeline failed. Check the failed parent/child activity run details.,2026-08-19T21:53:13.467Z,2026-08-19T22:54:29.012Z,3676,2026-08-19T22:54:29.012Z,HGT,Hagerstown,2caac1da-4db4-431b-998d-21dc6fd03dce,SAMMS-Hagerstown
202608192252097511,202608192152669245,202608192152666995,85,3653,Bronze INV,br_ReAssessmentMentalHealth,TASK_COMPLETE,FAILED,ERROR,1724,1724,1,SAMMS INV pipeline failed. Check the failed parent/child activity run details.,2026-08-19T21:53:13.467Z,2026-08-19T22:54:29.012Z,3676,2026-08-19T22:54:29.012Z,HNT,Huntsville,2caac1da-4db4-431b-998d-21dc6fd03dce,SAMMS-Huntsville
202608192252097512,202608192152669246,202608192152666995,85,3654,Bronze INV,br_ReAssessmentMentalHealth,TASK_COMPLETE,FAILED,ERROR,0,0,1,SAMMS INV pipeline failed. Check the failed parent/child activity run details.,2026-08-19T21:53:13.467Z,2026-08-19T22:54:29.012Z,3676,2026-08-19T22:54:29.012Z,HS,Hot Springs,2caac1da-4db4-431b-998d-21dc6fd03dce,SAMMS-HotSprings
202608192252097513,202608192152669247,202608192152666995,85,3655,Bronze INV,br_ReAssessmentMentalHealth,TASK_COMPLETE,FAILED,ERROR,0,0,1,SAMMS INV pipeline failed. Check the failed parent/child activity run details.,2026-08-19T21:53:13.467Z,2026-08-19T22:54:29.012Z,3676,2026-08-19T22:54:29.012Z,JON,Jonesboro,2caac1da-4db4-431b-998d-21dc6fd03dce,SAMMS-Jonesboro
202608192252097514,202608192152669248,202608192152666995,85,3657,Bronze INV,br_ReAssessmentMentalHealth,TASK_COMPLETE,FAILED,ERROR,448,448,1,SAMMS INV pipeline failed. Check the failed parent/child activity run details.,2026-08-19T21:53:13.467Z,2026-08-19T22:54:29.012Z,3676,2026-08-19T22:54:29.012Z,LAN,Lansing,2caac1da-4db4-431b-998d-21dc6fd03dce,SAMMS-Lansing
202608192252097515,202608192152669249,202608192152666995,85,3658,Bronze INV,br_ReAssessmentMentalHealth,TASK_COMPLETE,FAILED,ERROR,1289,1289,1,SAMMS INV pipeline failed. Check the failed parent/child activity run details.,2026-08-19T21:53:13.467Z,2026-08-19T22:54:29.012Z,3676,2026-08-19T22:54:29.012Z,LO,Louisville,2caac1da-4db4-431b-998d-21dc6fd03dce,SAMMS-Louisville
202608192252097517,202608192152669250,202608192152666995,85,3659,Bronze INV,br_ReAssessmentMentalHealth,TASK_COMPLETE,FAILED,ERROR,291,291,1,SAMMS INV pipeline failed. Check the failed parent/child activity run details.,2026-08-19T21:53:13.467Z,2026-08-19T22:54:29.012Z,3676,2026-08-19T22:54:29.012Z,LV1,Cheyenne,2caac1da-4db4-431b-998d-21dc6fd03dce,SAMMS-Cheyenne
202608192252097518,202608192152669251,202608192152666995,85,3660,Bronze INV,br_ReAssessmentMentalHealth,TASK_COMPLETE,FAILED,ERROR,205,205,1,SAMMS INV pipeline failed. Check the failed parent/child activity run details.,2026-08-19T21:53:13.467Z,2026-08-19T22:54:29.012Z,3676,2026-08-19T22:54:29.012Z,LV2,Desert Inn,2caac1da-4db4-431b-998d-21dc6fd03dce,SAMMS-DesertInn
202608192252097519,202608192152669252,202608192152666995,85,3661,Bronze INV,br_ReAssessmentMentalHealth,TASK_COMPLETE,FAILED,ERROR,110,110,1,SAMMS INV pipeline failed. Check the failed parent/child activity run details.,2026-08-19T21:53:13.467Z,2026-08-19T22:54:29.012Z,3676,2026-08-19T22:54:29.012Z,LV3,McDaniel,2caac1da-4db4-431b-998d-21dc6fd03dce,SAMMS-McDaniel
202608192252097520,202608192152669253,202608192152666995,85,3664,Bronze INV,br_ReAssessmentMentalHealth,TASK_COMPLETE,FAILED,ERROR,357,357,1,SAMMS INV pipeline failed. Check the failed parent/child activity run details.,2026-08-19T21:53:13.467Z,2026-08-19T22:54:29.012Z,3676,2026-08-19T22:54:29.012Z,MNRE,Monroe,2caac1da-4db4-431b-998d-21dc6fd03dce,SAMMS-Monroe
202608192252097521,202608192152669254,202608192152666995,85,3665,Bronze INV,br_ReAssessmentMentalHealth,TASK_COMPLETE,FAILED,ERROR,1425,1425,1,SAMMS INV pipeline failed. Check the failed parent/child activity run details.,2026-08-19T21:53:13.467Z,2026-08-19T22:54:29.012Z,3676,2026-08-19T22:54:29.012Z,MP,Mt. Pleasant,2caac1da-4db4-431b-998d-21dc6fd03dce,SAMMS-MtPleasant
202608192252097522,202608192152669255,202608192152666995,85,3666,Bronze INV,br_ReAssessmentMentalHealth,TASK_COMPLETE,FAILED,ERROR,153,153,1,SAMMS INV pipeline failed. Check the failed parent/child activity run details.,2026-08-19T21:53:13.467Z,2026-08-19T22:54:29.012Z,3676,2026-08-19T22:54:29.012Z,MRD,Meridian,2caac1da-4db4-431b-998d-21dc6fd03dce,SAMMS-Meridian
202608192252097524,202608192152669256,202608192152666995,85,3671,Bronze INV,br_ReAssessmentMentalHealth,TASK_COMPLETE,FAILED,ERROR,694,694,1,SAMMS INV pipeline failed. Check the failed parent/child activity run details.,2026-08-19T21:53:13.467Z,2026-08-19T22:54:29.012Z,3676,2026-08-19T22:54:29.012Z,NC,North Charleston,2caac1da-4db4-431b-998d-21dc6fd03dce,SAMMS-NorthCharleston
202608192252097525,202608192152669257,202608192152666995,85,3672,Bronze INV,br_ReAssessmentMentalHealth,TASK_COMPLETE,FAILED,ERROR,0,0,1,SAMMS INV pipeline failed. Check the failed parent/child activity run details.,2026-08-19T21:53:13.467Z,2026-08-19T22:54:29.012Z,3676,2026-08-19T22:54:29.012Z,NLR,N. Little Rock,2caac1da-4db4-431b-998d-21dc6fd03dce,SAMMS-NLROBOT
202608192252097526,202608192152669258,202608192152666995,85,3673,Bronze INV,br_ReAssessmentMentalHealth,TASK_COMPLETE,FAILED,ERROR,111,111,1,SAMMS INV pipeline failed. Check the failed parent/child activity run details.,2026-08-19T21:53:13.467Z,2026-08-19T22:54:29.012Z,3676,2026-08-19T22:54:29.012Z,PH,Phoenix,2caac1da-4db4-431b-998d-21dc6fd03dce,SAMMS-Phoenix
202608192252097527,202608192152669259,202608192152666995,85,3677,Bronze INV,br_ReAssessmentMentalHealth,TASK_COMPLETE,FAILED,ERROR,0,0,1,SAMMS INV pipeline failed. Check the failed parent/child activity run details.,2026-08-19T21:53:13.467Z,2026-08-19T22:54:29.012Z,3676,2026-08-19T22:54:29.012Z,RE,Reno,2caac1da-4db4-431b-998d-21dc6fd03dce,SAMMS-Reno
202608192252097528,202608192152669260,202608192152666995,85,3678,Bronze INV,br_ReAssessmentMentalHealth,TASK_COMPLETE,FAILED,ERROR,88,88,1,SAMMS INV pipeline failed. Check the failed parent/child activity run details.,2026-08-19T21:53:13.467Z,2026-08-19T22:54:29.012Z,3676,2026-08-19T22:54:29.012Z,RMD,Richmond,2caac1da-4db4-431b-998d-21dc6fd03dce,SAMMS-Richmond
202608192252097529,202608192152669261,202608192152666995,85,3679,Bronze INV,br_ReAssessmentMentalHealth,TASK_COMPLETE,FAILED,ERROR,592,592,1,SAMMS INV pipeline failed. Check the failed parent/child activity run details.,2026-08-19T21:53:13.467Z,2026-08-19T22:54:29.012Z,3676,2026-08-19T22:54:29.012Z,SFN,Springfield North,2caac1da-4db4-431b-998d-21dc6fd03dce,SAMMS-SFNv5
202608192252097530,202608192152669262,202608192152666995,85,3680,Bronze INV,br_ReAssessmentMentalHealth,TASK_COMPLETE,FAILED,ERROR,767,767,1,SAMMS INV pipeline failed. Check the failed parent/child activity run details.,2026-08-19T21:53:13.467Z,2026-08-19T22:54:29.012Z,3676,2026-08-19T22:54:29.012Z,SHP,Shreveport,2caac1da-4db4-431b-998d-21dc6fd03dce,SAMMS-Shreveport
202608192252097532,202608192152669263,202608192152666995,85,3682,Bronze INV,br_ReAssessmentMentalHealth,TASK_COMPLETE,FAILED,ERROR,486,486,1,SAMMS INV pipeline failed. Check the failed parent/child activity run details.,2026-08-19T21:53:13.467Z,2026-08-19T22:54:29.012Z,3676,2026-08-19T22:54:29.012Z,STN,Staunton,2caac1da-4db4-431b-998d-21dc6fd03dce,SAMMS-Staunton
202608192252097533,202608192152669264,202608192152666995,85,3683,Bronze INV,br_ReAssessmentMentalHealth,TASK_COMPLETE,FAILED,ERROR,225,225,1,SAMMS INV pipeline failed. Check the failed parent/child activity run details.,2026-08-19T21:53:13.467Z,2026-08-19T22:54:29.012Z,3676,2026-08-19T22:54:29.012Z,STVN,Stevenson,2caac1da-4db4-431b-998d-21dc6fd03dce,SAMMS-Stevenson
202608192252097534,202608192152669265,202608192152666995,85,3685,Bronze INV,br_ReAssessmentMentalHealth,TASK_COMPLETE,FAILED,ERROR,174,174,1,SAMMS INV pipeline failed. Check the failed parent/child activity run details.,2026-08-19T21:53:13.467Z,2026-08-19T22:54:29.012Z,3676,2026-08-19T22:54:29.012Z,TE,Tempe,2caac1da-4db4-431b-998d-21dc6fd03dce,SAMMS-Tempe
202608192252097535,202608192152669266,202608192152666995,85,3686,Bronze INV,br_ReAssessmentMentalHealth,TASK_COMPLETE,FAILED,ERROR,0,0,1,SAMMS INV pipeline failed. Check the failed parent/child activity run details.,2026-08-19T21:53:13.467Z,2026-08-19T22:54:29.012Z,3676,2026-08-19T22:54:29.012Z,TEX,Texarkana,2caac1da-4db4-431b-998d-21dc6fd03dce,SAMMS-Texarkana
202608192252097536,202608192152669267,202608192152666995,85,3687,Bronze INV,br_ReAssessmentMentalHealth,TASK_COMPLETE,FAILED,ERROR,1077,1077,1,SAMMS INV pipeline failed. Check the failed parent/child activity run details.,2026-08-19T21:53:13.467Z,2026-08-19T22:54:29.012Z,3676,2026-08-19T22:54:29.012Z,TTCA,Bessemer,2caac1da-4db4-431b-998d-21dc6fd03dce,SAMMS-BessemerV5
202608192252097537,202608192152669268,202608192152666995,85,3688,Bronze INV,br_ReAssessmentMentalHealth,TASK_COMPLETE,FAILED,ERROR,1316,1316,1,SAMMS INV pipeline failed. Check the failed parent/child activity run details.,2026-08-19T21:53:13.467Z,2026-08-19T22:54:29.012Z,3676,2026-08-19T22:54:29.012Z,TTCB,Cullman,2caac1da-4db4-431b-998d-21dc6fd03dce,SAMMS-CullmanV5
202608192252097539,202608192152669269,202608192152666995,85,3689,Bronze INV,br_ReAssessmentMentalHealth,TASK_COMPLETE,FAILED,ERROR,0,0,1,SAMMS INV pipeline failed. Check the failed parent/child activity run details.,2026-08-19T21:53:13.467Z,2026-08-19T22:54:29.012Z,3676,2026-08-19T22:54:29.012Z,TTCC,Grand Bay,2caac1da-4db4-431b-998d-21dc6fd03dce,SAMMS-GrandBay
202608192252097540,202608192152669270,202608192152666995,85,3690,Bronze INV,br_ReAssessmentMentalHealth,TASK_COMPLETE,FAILED,ERROR,15,15,1,SAMMS INV pipeline failed. Check the failed parent/child activity run details.,2026-08-19T21:53:13.467Z,2026-08-19T22:54:29.012Z,3676,2026-08-19T22:54:29.012Z,TU,Tucson,2caac1da-4db4-431b-998d-21dc6fd03dce,SAMMS-Tucson
202608192252097541,202608192152669271,202608192152666995,85,3692,Bronze INV,br_ReAssessmentMentalHealth,TASK_COMPLETE,FAILED,ERROR,660,660,1,SAMMS INV pipeline failed. Check the failed parent/child activity run details.,2026-08-19T21:53:13.467Z,2026-08-19T22:54:29.012Z,3676,2026-08-19T22:54:29.012Z,V1,Memphis South,2caac1da-4db4-431b-998d-21dc6fd03dce,SAMMS-VCPHCS-I-MemphisV5
202608192252097542,202608192152669272,202608192152666995,85,3693,Bronze INV,br_ReAssessmentMentalHealth,TASK_COMPLETE,FAILED,ERROR,1630,1630,1,SAMMS INV pipeline failed. Check the failed parent/child activity run details.,2026-08-19T21:53:13.467Z,2026-08-19T22:54:29.012Z,3676,2026-08-19T22:54:29.012Z,V10,Longmont,2caac1da-4db4-431b-998d-21dc6fd03dce,SAMMS-BoulderV5
202608192252097543,202608192152669273,202608192152666995,85,3694,Bronze INV,br_ReAssessmentMentalHealth,TASK_COMPLETE,FAILED,ERROR,1516,1516,1,SAMMS INV pipeline failed. Check the failed parent/child activity run details.,2026-08-19T21:53:13.467Z,2026-08-19T22:54:29.012Z,3676,2026-08-19T22:54:29.012Z,V10A,Fort Collins,2caac1da-4db4-431b-998d-21dc6fd03dce,SAMMS-FortCollinsV5
202608192252097544,202608192152669274,202608192152666995,85,3695,Bronze INV,br_ReAssessmentMentalHealth,TASK_COMPLETE,FAILED,ERROR,2871,2871,1,SAMMS INV pipeline failed. Check the failed parent/child activity run details.,2026-08-19T21:53:13.467Z,2026-08-19T22:54:29.012Z,3676,2026-08-19T22:54:29.012Z,V11,Westminster,2caac1da-4db4-431b-998d-21dc6fd03dce,SAMMS-VCPHCS-XI-NorthDenverV5
202608192252097545,202608192152669275,202608192152666995,85,3696,Bronze INV,br_ReAssessmentMentalHealth,TASK_COMPLETE,FAILED,ERROR,3042,3042,1,SAMMS INV pipeline failed. Check the failed parent/child activity run details.,2026-08-19T21:53:13.467Z,2026-08-19T22:54:29.012Z,3676,2026-08-19T22:54:29.012Z,V12,Downtown Denver,2caac1da-4db4-431b-998d-21dc6fd03dce,SAMMS-VCPHCS-XII-DowntownDenverV5
202608192252097547,202608192152669276,202608192152666995,85,3697,Bronze INV,br_ReAssessmentMentalHealth,TASK_COMPLETE,FAILED,ERROR,1143,1143,1,SAMMS INV pipeline failed. Check the failed parent/child activity run details.,2026-08-19T21:53:13.467Z,2026-08-19T22:54:29.012Z,3676,2026-08-19T22:54:29.012Z,V12A,Centennial,2caac1da-4db4-431b-998d-21dc6fd03dce,SAMMS-CentennialV5
202608192252097548,202608192152669277,202608192152666995,85,3698,Bronze INV,br_ReAssessmentMentalHealth,TASK_COMPLETE,FAILED,ERROR,295,295,1,SAMMS INV pipeline failed. Check the failed parent/child activity run details.,2026-08-19T21:53:13.467Z,2026-08-19T22:54:29.012Z,3676,2026-08-19T22:54:29.012Z,V14,Overland Park,2caac1da-4db4-431b-998d-21dc6fd03dce,SAMMS-VCPHCS-XIV-BridgewayV5
202608192252097549,202608192152669278,202608192152666995,85,3699,Bronze INV,br_ReAssessmentMentalHealth,TASK_COMPLETE,FAILED,ERROR,609,609,1,SAMMS INV pipeline failed. Check the failed parent/child activity run details.,2026-08-19T21:53:13.467Z,2026-08-19T22:54:29.012Z,3676,2026-08-19T22:54:29.012Z,V15,Joplin,2caac1da-4db4-431b-998d-21dc6fd03dce,SAMMS-JoplinV5
202608192252097550,202608192152669279,202608192152666995,85,3701,Bronze INV,br_ReAssessmentMentalHealth,TASK_COMPLETE,FAILED,ERROR,0,0,1,SAMMS INV pipeline failed. Check the failed parent/child activity run details.,2026-08-19T21:53:13.467Z,2026-08-19T22:54:29.012Z,3676,2026-08-19T22:54:29.012Z,V17,Columbia TN,2caac1da-4db4-431b-998d-21dc6fd03dce,SAMMS-ColumbiaTNv5
202608192252097551,202608192152669280,202608192152666995,85,3703,Bronze INV,br_ReAssessmentMentalHealth,TASK_COMPLETE,FAILED,ERROR,533,533,1,SAMMS INV pipeline failed. Check the failed parent/child activity run details.,2026-08-19T21:53:13.467Z,2026-08-19T22:54:29.012Z,3676,2026-08-19T22:54:29.012Z,V19,Jackson,2caac1da-4db4-431b-998d-21dc6fd03dce,SAMMS-JacksonV5
202608192252097552,202608192152669281,202608192152666995,85,3705,Bronze INV,br_ReAssessmentMentalHealth,TASK_COMPLETE,FAILED,ERROR,1771,1771,1,SAMMS INV pipeline failed. Check the failed parent/child activity run details.,2026-08-19T21:53:13.467Z,2026-08-19T22:54:29.012Z,3676,2026-08-19T22:54:29.012Z,V20,Paris,2caac1da-4db4-431b-998d-21dc6fd03dce,SAMMS-ParisV5
202608192252097554,202608192152669282,202608192152666995,85,3706,Bronze INV,br_ReAssessmentMentalHealth,TASK_COMPLETE,FAILED,ERROR,726,726,1,SAMMS INV pipeline failed. Check the failed parent/child activity run details.,2026-08-19T21:53:13.467Z,2026-08-19T22:54:29.012Z,3676,2026-08-19T22:54:29.012Z,V21,Memphis North,2caac1da-4db4-431b-998d-21dc6fd03dce,SAMMS-RaleighV5
202608192252097555,202608192152669283,202608192152666995,85,3709,Bronze INV,br_ReAssessmentMentalHealth,TASK_COMPLETE,FAILED,ERROR,1780,1780,1,SAMMS INV pipeline failed. Check the failed parent/child activity run details.,2026-08-19T21:53:13.467Z,2026-08-19T22:54:29.012Z,3676,2026-08-19T22:54:29.012Z,V5,West Bank,2caac1da-4db4-431b-998d-21dc6fd03dce,SAMMS-NONTCv5
202608192252097556,202608192152669284,202608192152666995,85,3711,Bronze INV,br_ReAssessmentMentalHealth,TASK_COMPLETE,FAILED,ERROR,145,145,1,SAMMS INV pipeline failed. Check the failed parent/child activity run details.,2026-08-19T21:53:13.467Z,2026-08-19T22:54:29.012Z,3676,2026-08-19T22:54:29.012Z,V5B,Houma,2caac1da-4db4-431b-998d-21dc6fd03dce,SAMMS-HoumaV6
202608192252097557,202608192152669285,202608192152666995,85,3712,Bronze INV,br_ReAssessmentMentalHealth,TASK_COMPLETE,FAILED,ERROR,1913,1913,1,SAMMS INV pipeline failed. Check the failed parent/child activity run details.,2026-08-19T21:53:13.467Z,2026-08-19T22:54:29.012Z,3676,2026-08-19T22:54:29.012Z,V6,Lake Charles,2caac1da-4db4-431b-998d-21dc6fd03dce,SAMMS-LCv5
202608192252097558,202608192152669286,202608192152666995,85,3714,Bronze INV,br_ReAssessmentMentalHealth,TASK_COMPLETE,FAILED,ERROR,742,742,1,SAMMS INV pipeline failed. Check the failed parent/child activity run details.,2026-08-19T21:53:13.467Z,2026-08-19T22:54:29.012Z,3676,2026-08-19T22:54:29.012Z,V8,Memphis Midtown,2caac1da-4db4-431b-998d-21dc6fd03dce,SAMMS-VCPHCS-VIII-MemphisV5
202608192252097559,202608192152669287,202608192152666995,85,3715,Bronze INV,br_ReAssessmentMentalHealth,TASK_COMPLETE,FAILED,ERROR,1765,1765,1,SAMMS INV pipeline failed. Check the failed parent/child activity run details.,2026-08-19T21:53:13.467Z,2026-08-19T22:54:29.012Z,3676,2026-08-19T22:54:29.012Z,V9,Nashville,2caac1da-4db4-431b-998d-21dc6fd03dce,SAMMS-NashvilleV5
202608192252097561,202608192152669288,202608192152666995,85,3716,Bronze INV,br_ReAssessmentMentalHealth,TASK_COMPLETE,FAILED,ERROR,839,839,1,SAMMS INV pipeline failed. Check the failed parent/child activity run details.,2026-08-19T21:53:13.467Z,2026-08-19T22:54:29.012Z,3676,2026-08-19T22:54:29.012Z,VBRA,Brainerd,2caac1da-4db4-431b-998d-21dc6fd03dce,SAMMS-BrainerdV6
202608192252097562,202608192152669289,202608192152666995,85,3717,Bronze INV,br_ReAssessmentMentalHealth,TASK_COMPLETE,FAILED,ERROR,0,0,1,SAMMS INV pipeline failed. Check the failed parent/child activity run details.,2026-08-19T21:53:13.467Z,2026-08-19T22:54:29.012Z,3676,2026-08-19T22:54:29.012Z,VBRP,Brooklyn Park,2caac1da-4db4-431b-998d-21dc6fd03dce,SAMMS-BrooklynParkV6
202608192252097563,202608192152669290,202608192152666995,85,3719,Bronze INV,br_ReAssessmentMentalHealth,TASK_COMPLETE,FAILED,ERROR,747,747,1,SAMMS INV pipeline failed. Check the failed parent/child activity run details.,2026-08-19T21:53:13.467Z,2026-08-19T22:54:29.012Z,3676,2026-08-19T22:54:29.012Z,VMIN,Minneapolis,2caac1da-4db4-431b-998d-21dc6fd03dce,SAMMS-MinneapolisV6
202608192252097564,202608192152669291,202608192152666995,85,3720,Bronze INV,br_ReAssessmentMentalHealth,TASK_COMPLETE,FAILED,ERROR,885,885,1,SAMMS INV pipeline failed. Check the failed parent/child activity run details.,2026-08-19T21:53:13.467Z,2026-08-19T22:54:29.012Z,3676,2026-08-19T22:54:29.012Z,VWBY,Woodbury,2caac1da-4db4-431b-998d-21dc6fd03dce,SAMMS-WoodburyV6
202608192252097565,202608192152669292,202608192152666995,85,3722,Bronze INV,br_ReAssessmentMentalHealth,TASK_COMPLETE,FAILED,ERROR,161,161,1,SAMMS INV pipeline failed. Check the failed parent/child activity run details.,2026-08-19T21:53:13.467Z,2026-08-19T22:54:29.012Z,3676,2026-08-19T22:54:29.012Z,WIL,Wilson,2caac1da-4db4-431b-998d-21dc6fd03dce,SAMMS-Wilson
202608192252097667,202608192152767007,202608192152766995,86,5731,Silver INV,sl_ReAssessmentMentalHealth,TASK_COMPLETE,SUCCESS,INFO,74707,74707,0,,2026-08-19T21:53:13.467Z,2026-08-19T22:54:29.012Z,3676,2026-08-19T22:54:29.012Z,,,2caac1da-4db4-431b-998d-21dc6fd03dce,
202608192252097592,202608192152668833,202608192152666995,85,3726,Bronze INV,br_ReAssessmentOccupational,TASK_COMPLETE,FAILED,ERROR,35,35,1,SAMMS INV pipeline failed. Check the failed parent/child activity run details.,2026-08-19T21:53:13.467Z,2026-08-19T22:54:29.012Z,3676,2026-08-19T22:54:29.012Z,AHK,Ahoskie,2caac1da-4db4-431b-998d-21dc6fd03dce,SAMMS-Ahoskie
202608192252097593,202608192152668834,202608192152666995,85,3727,Bronze INV,br_ReAssessmentOccupational,TASK_COMPLETE,FAILED,ERROR,663,663,1,SAMMS INV pipeline failed. Check the failed parent/child activity run details.,2026-08-19T21:53:13.467Z,2026-08-19T22:54:29.012Z,3676,2026-08-19T22:54:29.012Z,B12B,Colorado Springs,2caac1da-4db4-431b-998d-21dc6fd03dce,SAMMS-ColoradoSpringsV5
202608192252097595,202608192152668835,202608192152666995,85,3728,Bronze INV,br_ReAssessmentOccupational,TASK_COMPLETE,FAILED,ERROR,829,829,1,SAMMS INV pipeline failed. Check the failed parent/child activity run details.,2026-08-19T21:53:13.467Z,2026-08-19T22:54:29.012Z,3676,2026-08-19T22:54:29.012Z,B24,Paintsville,2caac1da-4db4-431b-998d-21dc6fd03dce,SAMMS-PaintsvilleV5
202608192252097596,202608192152668836,202608192152666995,85,3729,Bronze INV,br_ReAssessmentOccupational,TASK_COMPLETE,FAILED,ERROR,646,646,1,SAMMS INV pipeline failed. Check the failed parent/child activity run details.,2026-08-19T21:53:13.467Z,2026-08-19T22:54:29.012Z,3676,2026-08-19T22:54:29.012Z,B25,Pikeville,2caac1da-4db4-431b-998d-21dc6fd03dce,SAMMS-PikevilleV5
202608192252097597,202608192152668837,202608192152666995,85,3730,Bronze INV,br_ReAssessmentOccupational,TASK_COMPLETE,FAILED,ERROR,970,970,1,SAMMS INV pipeline failed. Check the failed parent/child activity run details.,2026-08-19T21:53:13.467Z,2026-08-19T22:54:29.012Z,3676,2026-08-19T22:54:29.012Z,B26,Hazard,2caac1da-4db4-431b-998d-21dc6fd03dce,SAMMS-HazardV5
202608192252097598,202608192152668838,202608192152666995,85,3731,Bronze INV,br_ReAssessmentOccupational,TASK_COMPLETE,FAILED,ERROR,531,531,1,SAMMS INV pipeline failed. Check the failed parent/child activity run details.,2026-08-19T21:53:13.467Z,2026-08-19T22:54:29.012Z,3676,2026-08-19T22:54:29.012Z,B27,Savannah,2caac1da-4db4-431b-998d-21dc6fd03dce,SAMMS-SavannahV6
202608192252097599,202608192152668839,202608192152666995,85,3732,Bronze INV,br_ReAssessmentOccupational,TASK_COMPLETE,FAILED,ERROR,245,245,1,SAMMS INV pipeline failed. Check the failed parent/child activity run details.,2026-08-19T21:53:13.467Z,2026-08-19T22:54:29.012Z,3676,2026-08-19T22:54:29.012Z,B28,West Plains,2caac1da-4db4-431b-998d-21dc6fd03dce,SAMMS-WestPlainesV5
202608192252097600,202608192152668840,202608192152666995,85,3733,Bronze INV,br_ReAssessmentOccupational,TASK_COMPLETE,FAILED,ERROR,461,461,1,SAMMS INV pipeline failed. Check the failed parent/child activity run details.,2026-08-19T21:53:13.467Z,2026-08-19T22:54:29.012Z,3676,2026-08-19T22:54:29.012Z,B29,Poplar Bluff,2caac1da-4db4-431b-998d-21dc6fd03dce,SAMMS-PoplarBluffV5
202608192252097602,202608192152668841,202608192152666995,85,3734,Bronze INV,br_ReAssessmentOccupational,TASK_COMPLETE,FAILED,ERROR,78,78,1,SAMMS INV pipeline failed. Check the failed parent/child activity run details.,2026-08-19T21:53:13.467Z,2026-08-19T22:54:29.012Z,3676,2026-08-19T22:54:29.012Z,B30,KC North,2caac1da-4db4-431b-998d-21dc6fd03dce,SAMMS-KCNv5
202608192252097603,202608192152668842,202608192152666995,85,3735,Bronze INV,br_ReAssessmentOccupational,TASK_COMPLETE,FAILED,ERROR,400,400,1,SAMMS INV pipeline failed. Check the failed parent/child activity run details.,2026-08-19T21:53:13.467Z,2026-08-19T22:54:29.012Z,3676,2026-08-19T22:54:29.012Z,B31,Dyersburg,2caac1da-4db4-431b-998d-21dc6fd03dce,SAMMS-DyersburgV5
202608192252097604,202608192152668843,202608192152666995,85,3737,Bronze INV,br_ReAssessmentOccupational,TASK_COMPLETE,FAILED,ERROR,487,487,1,SAMMS INV pipeline failed. Check the failed parent/child activity run details.,2026-08-19T21:53:13.467Z,2026-08-19T22:54:29.012Z,3676,2026-08-19T22:54:29.012Z,B33,Paducah,2caac1da-4db4-431b-998d-21dc6fd03dce,SAMMS-Paducah
202608192252097605,202608192152668844,202608192152666995,85,3738,Bronze INV,br_ReAssessmentOccupational,TASK_COMPLETE,FAILED,ERROR,385,385,1,SAMMS INV pipeline failed. Check the failed parent/child activity run details.,2026-08-19T21:53:13.467Z,2026-08-19T22:54:29.012Z,3676,2026-08-19T22:54:29.012Z,B34,Corbin,2caac1da-4db4-431b-998d-21dc6fd03dce,SAMMS-CorbinV5
202608192252097606,202608192152668845,202608192152666995,85,3739,Bronze INV,br_ReAssessmentOccupational,TASK_COMPLETE,FAILED,ERROR,239,239,1,SAMMS INV pipeline failed. Check the failed parent/child activity run details.,2026-08-19T21:53:13.467Z,2026-08-19T22:54:29.012Z,3676,2026-08-19T22:54:29.012Z,B35,Lexington,2caac1da-4db4-431b-998d-21dc6fd03dce,SAMMS-LexingtonV5
202608192252097607,202608192152668846,202608192152666995,85,3740,Bronze INV,br_ReAssessmentOccupational,TASK_COMPLETE,FAILED,ERROR,77,77,1,SAMMS INV pipeline failed. Check the failed parent/child activity run details.,2026-08-19T21:53:13.467Z,2026-08-19T22:54:29.012Z,3676,2026-08-19T22:54:29.012Z,B35A,Berea,2caac1da-4db4-431b-998d-21dc6fd03dce,SAMMS-BereaV5
202608192252097608,202608192152668847,202608192152666995,85,3741,Bronze INV,br_ReAssessmentOccupational,TASK_COMPLETE,FAILED,ERROR,21,21,1,SAMMS INV pipeline failed. Check the failed parent/child activity run details.,2026-08-19T21:53:13.467Z,2026-08-19T22:54:29.012Z,3676,2026-08-19T22:54:29.012Z,B36,Asheville,2caac1da-4db4-431b-998d-21dc6fd03dce,SAMMS-AshevilleV5
202608192252097610,202608192152668848,202608192152666995,85,3742,Bronze INV,br_ReAssessmentOccupational,TASK_COMPLETE,FAILED,ERROR,1,1,1,SAMMS INV pipeline failed. Check the failed parent/child activity run details.,2026-08-19T21:53:13.467Z,2026-08-19T22:54:29.012Z,3676,2026-08-19T22:54:29.012Z,B37,Clyde,2caac1da-4db4-431b-998d-21dc6fd03dce,SAMMS-ClydeV5
202608192252097611,202608192152668849,202608192152666995,85,3743,Bronze INV,br_ReAssessmentOccupational,TASK_COMPLETE,FAILED,ERROR,1187,1187,1,SAMMS INV pipeline failed. Check the failed parent/child activity run details.,2026-08-19T21:53:13.467Z,2026-08-19T22:54:29.012Z,3676,2026-08-19T22:54:29.012Z,B38,Spartanburg,2caac1da-4db4-431b-998d-21dc6fd03dce,SAMMS-SpartanburgV5
202608192252097612,202608192152668850,202608192152666995,85,3744,Bronze INV,br_ReAssessmentOccupational,TASK_COMPLETE,FAILED,ERROR,362,362,1,SAMMS INV pipeline failed. Check the failed parent/child activity run details.,2026-08-19T21:53:13.467Z,2026-08-19T22:54:29.012Z,3676,2026-08-19T22:54:29.012Z,B39,Aiken,2caac1da-4db4-431b-998d-21dc6fd03dce,SAMMS-AikenV5
202608192252097613,202608192152668851,202608192152666995,85,3745,Bronze INV,br_ReAssessmentOccupational,TASK_COMPLETE,FAILED,ERROR,1887,1887,1,SAMMS INV pipeline failed. Check the failed parent/child activity run details.,2026-08-19T21:53:13.467Z,2026-08-19T22:54:29.012Z,3676,2026-08-19T22:54:29.012Z,B41,Chesapeake,2caac1da-4db4-431b-998d-21dc6fd03dce,SAMMS-ChesapeakeV5
202608192252097614,202608192152668852,202608192152666995,85,3746,Bronze INV,br_ReAssessmentOccupational,TASK_COMPLETE,FAILED,ERROR,1914,1914,1,SAMMS INV pipeline failed. Check the failed parent/child activity run details.,2026-08-19T21:53:13.467Z,2026-08-19T22:54:29.012Z,3676,2026-08-19T22:54:29.012Z,B42,Virginia Beach,2caac1da-4db4-431b-998d-21dc6fd03dce,SAMMS-VirginiaBeachV5
202608192252097615,202608192152668853,202608192152666995,85,3747,Bronze INV,br_ReAssessmentOccupational,TASK_COMPLETE,FAILED,ERROR,924,924,1,SAMMS INV pipeline failed. Check the failed parent/child activity run details.,2026-08-19T21:53:13.467Z,2026-08-19T22:54:29.012Z,3676,2026-08-19T22:54:29.012Z,B42A,Newport News,2caac1da-4db4-431b-998d-21dc6fd03dce,SAMMS-NewportNewsV5
202608192252097617,202608192152668854,202608192152666995,85,3748,Bronze INV,br_ReAssessmentOccupational,TASK_COMPLETE,FAILED,ERROR,507,507,1,SAMMS INV pipeline failed. Check the failed parent/child activity run details.,2026-08-19T21:53:13.467Z,2026-08-19T22:54:29.012Z,3676,2026-08-19T22:54:29.012Z,B42B,Franklin,2caac1da-4db4-431b-998d-21dc6fd03dce,SAMMS-FranklinV5
202608192252097618,202608192152668855,202608192152666995,85,3749,Bronze INV,br_ReAssessmentOccupational,TASK_COMPLETE,FAILED,ERROR,343,343,1,SAMMS INV pipeline failed. Check the failed parent/child activity run details.,2026-08-19T21:53:13.467Z,2026-08-19T22:54:29.012Z,3676,2026-08-19T22:54:29.012Z,B42C,Glen Allen,2caac1da-4db4-431b-998d-21dc6fd03dce,SAMMS-GlenAllenV5
202608192252097619,202608192152668856,202608192152666995,85,3750,Bronze INV,br_ReAssessmentOccupational,TASK_COMPLETE,FAILED,ERROR,1481,1481,1,SAMMS INV pipeline failed. Check the failed parent/child activity run details.,2026-08-19T21:53:13.467Z,2026-08-19T22:54:29.012Z,3676,2026-08-19T22:54:29.012Z,B42D,Chesapeake South,2caac1da-4db4-431b-998d-21dc6fd03dce,SAMMS-ChesapeakeSouthV5
202608192252097620,202608192152668857,202608192152666995,85,3751,Bronze INV,br_ReAssessmentOccupational,TASK_COMPLETE,FAILED,ERROR,631,631,1,SAMMS INV pipeline failed. Check the failed parent/child activity run details.,2026-08-19T21:53:13.467Z,2026-08-19T22:54:29.012Z,3676,2026-08-19T22:54:29.012Z,B44,Albany,2caac1da-4db4-431b-998d-21dc6fd03dce,SAMMS-AlbanyV5
202608192252097621,202608192152668858,202608192152666995,85,3752,Bronze INV,br_ReAssessmentOccupational,TASK_COMPLETE,FAILED,ERROR,1268,1268,1,SAMMS INV pipeline failed. Check the failed parent/child activity run details.,2026-08-19T21:53:13.467Z,2026-08-19T22:54:29.012Z,3676,2026-08-19T22:54:29.012Z,B45,Tifton,2caac1da-4db4-431b-998d-21dc6fd03dce,SAMMS-TiftonV5
202608192252097622,202608192152668859,202608192152666995,85,3753,Bronze INV,br_ReAssessmentOccupational,TASK_COMPLETE,FAILED,ERROR,590,590,1,SAMMS INV pipeline failed. Check the failed parent/child activity run details.,2026-08-19T21:53:13.467Z,2026-08-19T22:54:29.012Z,3676,2026-08-19T22:54:29.012Z,B46,Washington DC,2caac1da-4db4-431b-998d-21dc6fd03dce,SAMMS-WashingtonDCv5
202608192252097623,202608192152668860,202608192152666995,85,3754,Bronze INV,br_ReAssessmentOccupational,TASK_COMPLETE,FAILED,ERROR,1564,1564,1,SAMMS INV pipeline failed. Check the failed parent/child activity run details.,2026-08-19T21:53:13.467Z,2026-08-19T22:54:29.012Z,3676,2026-08-19T22:54:29.012Z,B47,Mobile,2caac1da-4db4-431b-998d-21dc6fd03dce,SAMMS-MobileV5
202608192252097625,202608192152668861,202608192152666995,85,3755,Bronze INV,br_ReAssessmentOccupational,TASK_COMPLETE,FAILED,ERROR,1296,1296,1,SAMMS INV pipeline failed. Check the failed parent/child activity run details.,2026-08-19T21:53:13.467Z,2026-08-19T22:54:29.012Z,3676,2026-08-19T22:54:29.012Z,B48,Tuscaloosa,2caac1da-4db4-431b-998d-21dc6fd03dce,SAMMS-TuscaloosaV5
202608192252097626,202608192152668862,202608192152666995,85,3764,Bronze INV,br_ReAssessmentOccupational,TASK_COMPLETE,FAILED,ERROR,2,2,1,SAMMS INV pipeline failed. Check the failed parent/child activity run details.,2026-08-19T21:53:13.467Z,2026-08-19T22:54:29.012Z,3676,2026-08-19T22:54:29.012Z,B51,N. Little Rock (OTP),2caac1da-4db4-431b-998d-21dc6fd03dce,SAMMS-NorthLittleRockV6
202608192252097627,202608192152668863,202608192152666995,85,3765,Bronze INV,br_ReAssessmentOccupational,TASK_COMPLETE,FAILED,ERROR,455,455,1,SAMMS INV pipeline failed. Check the failed parent/child activity run details.,2026-08-19T21:53:13.467Z,2026-08-19T22:54:29.012Z,3676,2026-08-19T22:54:29.012Z,B52,Jackson GA,2caac1da-4db4-431b-998d-21dc6fd03dce,SAMMS-JacksonGAV5
202608192252097628,202608192152668864,202608192152666995,85,3766,Bronze INV,br_ReAssessmentOccupational,TASK_COMPLETE,FAILED,ERROR,1701,1701,1,SAMMS INV pipeline failed. Check the failed parent/child activity run details.,2026-08-19T21:53:13.467Z,2026-08-19T22:54:29.012Z,3676,2026-08-19T22:54:29.012Z,B54,Gadsden,2caac1da-4db4-431b-998d-21dc6fd03dce,SAMMS-GadsdenV5
202608192252097629,202608192152668865,202608192152666995,85,3767,Bronze INV,br_ReAssessmentOccupational,TASK_COMPLETE,FAILED,ERROR,947,947,1,SAMMS INV pipeline failed. Check the failed parent/child activity run details.,2026-08-19T21:53:13.467Z,2026-08-19T22:54:29.012Z,3676,2026-08-19T22:54:29.012Z,B55,Shoals,2caac1da-4db4-431b-998d-21dc6fd03dce,SAMMS-ShoalsV5
202608192252097630,202608192152668866,202608192152666995,85,3768,Bronze INV,br_ReAssessmentOccupational,TASK_COMPLETE,FAILED,ERROR,294,294,1,SAMMS INV pipeline failed. Check the failed parent/child activity run details.,2026-08-19T21:53:13.467Z,2026-08-19T22:54:29.012Z,3676,2026-08-19T22:54:29.012Z,B57,Pawtucket,2caac1da-4db4-431b-998d-21dc6fd03dce,SAMMS-Pawtucket
202608192252097632,202608192152668867,202608192152666995,85,3769,Bronze INV,br_ReAssessmentOccupational,TASK_COMPLETE,FAILED,ERROR,555,555,1,SAMMS INV pipeline failed. Check the failed parent/child activity run details.,2026-08-19T21:53:13.467Z,2026-08-19T22:54:29.012Z,3676,2026-08-19T22:54:29.012Z,B57A,Johnston,2caac1da-4db4-431b-998d-21dc6fd03dce,SAMMS-Johnston
202608192252097633,202608192152668868,202608192152666995,85,3770,Bronze INV,br_ReAssessmentOccupational,TASK_COMPLETE,FAILED,ERROR,165,165,1,SAMMS INV pipeline failed. Check the failed parent/child activity run details.,2026-08-19T21:53:13.467Z,2026-08-19T22:54:29.012Z,3676,2026-08-19T22:54:29.012Z,B57B,Middletown,2caac1da-4db4-431b-998d-21dc6fd03dce,SAMMS-Middletown
202608192252097634,202608192152668869,202608192152666995,85,3771,Bronze INV,br_ReAssessmentOccupational,TASK_COMPLETE,FAILED,ERROR,412,412,1,SAMMS INV pipeline failed. Check the failed parent/child activity run details.,2026-08-19T21:53:13.467Z,2026-08-19T22:54:29.012Z,3676,2026-08-19T22:54:29.012Z,B57C,Providence,2caac1da-4db4-431b-998d-21dc6fd03dce,SAMMS-Providence
202608192252097635,202608192152668870,202608192152666995,85,3772,Bronze INV,br_ReAssessmentOccupational,TASK_COMPLETE,FAILED,ERROR,623,623,1,SAMMS INV pipeline failed. Check the failed parent/child activity run details.,2026-08-19T21:53:13.467Z,2026-08-19T22:54:29.012Z,3676,2026-08-19T22:54:29.012Z,B57D,Westerly,2caac1da-4db4-431b-998d-21dc6fd03dce,SAMMS-Westerly
202608192252097636,202608192152668871,202608192152666995,85,3776,Bronze INV,br_ReAssessmentOccupational,TASK_COMPLETE,FAILED,ERROR,4,4,1,SAMMS INV pipeline failed. Check the failed parent/child activity run details.,2026-08-19T21:53:13.467Z,2026-08-19T22:54:29.012Z,3676,2026-08-19T22:54:29.012Z,B66A,Bremen,2caac1da-4db4-431b-998d-21dc6fd03dce,SAMMS-Bremen
202608192252097637,202608192152668872,202608192152666995,85,3779,Bronze INV,br_ReAssessmentOccupational,TASK_COMPLETE,FAILED,ERROR,0,0,1,SAMMS INV pipeline failed. Check the failed parent/child activity run details.,2026-08-19T21:53:13.467Z,2026-08-19T22:54:29.012Z,3676,2026-08-19T22:54:29.012Z,B72,Mobile (OBOT),2caac1da-4db4-431b-998d-21dc6fd03dce,SAMMS-Mobile-OBOT
202608192252097639,202608192152668873,202608192152666995,85,3780,Bronze INV,br_ReAssessmentOccupational,TASK_COMPLETE,FAILED,ERROR,0,0,1,SAMMS INV pipeline failed. Check the failed parent/child activity run details.,2026-08-19T21:53:13.467Z,2026-08-19T22:54:29.012Z,3676,2026-08-19T22:54:29.012Z,B73,Montgomery,2caac1da-4db4-431b-998d-21dc6fd03dce,SAMMS-Montgomery
202608192252097640,202608192152668874,202608192152666995,85,3781,Bronze INV,br_ReAssessmentOccupational,TASK_COMPLETE,FAILED,ERROR,515,515,1,SAMMS INV pipeline failed. Check the failed parent/child activity run details.,2026-08-19T21:53:13.467Z,2026-08-19T22:54:29.012Z,3676,2026-08-19T22:54:29.012Z,B75,Lawrence,2caac1da-4db4-431b-998d-21dc6fd03dce,SAMMS-LawrenceV6
202608192252097641,202608192152668875,202608192152666995,85,3782,Bronze INV,br_ReAssessmentOccupational,TASK_COMPLETE,FAILED,ERROR,0,0,1,SAMMS INV pipeline failed. Check the failed parent/child activity run details.,2026-08-19T21:53:13.467Z,2026-08-19T22:54:29.012Z,3676,2026-08-19T22:54:29.012Z,B76,Huntsville OBOT,2caac1da-4db4-431b-998d-21dc6fd03dce,SAMMS-Huntsville-OBOT
202608192252097642,202608192152668876,202608192152666995,85,3783,Bronze INV,br_ReAssessmentOccupational,TASK_COMPLETE,FAILED,ERROR,0,0,1,SAMMS INV pipeline failed. Check the failed parent/child activity run details.,2026-08-19T21:53:13.467Z,2026-08-19T22:54:29.012Z,3676,2026-08-19T22:54:29.012Z,BAT,Batesville,2caac1da-4db4-431b-998d-21dc6fd03dce,SAMMS-Batesville
202608192252097643,202608192152668877,202608192152666995,85,3784,Bronze INV,br_ReAssessmentOccupational,TASK_COMPLETE,FAILED,ERROR,460,460,1,SAMMS INV pipeline failed. Check the failed parent/child activity run details.,2026-08-19T21:53:13.467Z,2026-08-19T22:54:29.012Z,3676,2026-08-19T22:54:29.012Z,BG,Bowling Green,2caac1da-4db4-431b-998d-21dc6fd03dce,SAMMS-BowlingGreen
202608192252097644,202608192152668878,202608192152666995,85,3785,Bronze INV,br_ReAssessmentOccupational,TASK_COMPLETE,FAILED,ERROR,180,180,1,SAMMS INV pipeline failed. Check the failed parent/child activity run details.,2026-08-19T21:53:13.467Z,2026-08-19T22:54:29.012Z,3676,2026-08-19T22:54:29.012Z,BOI,Boise,2caac1da-4db4-431b-998d-21dc6fd03dce,SAMMS-Boise
202608192252097645,202608192152668879,202608192152666995,85,3792,Bronze INV,br_ReAssessmentOccupational,TASK_COMPLETE,FAILED,ERROR,51,51,1,SAMMS INV pipeline failed. Check the failed parent/child activity run details.,2026-08-19T21:53:13.467Z,2026-08-19T22:54:29.012Z,3676,2026-08-19T22:54:29.012Z,CBCO,Coeur dAlene,2caac1da-4db4-431b-998d-21dc6fd03dce,SAMMS-CoeurdAleneV6
202608192252097647,202608192152668880,202608192152666995,85,3811,Bronze INV,br_ReAssessmentOccupational,TASK_COMPLETE,FAILED,ERROR,0,0,1,SAMMS INV pipeline failed. Check the failed parent/child activity run details.,2026-08-19T21:53:13.467Z,2026-08-19T22:54:29.012Z,3676,2026-08-19T22:54:29.012Z,CON,Conway,2caac1da-4db4-431b-998d-21dc6fd03dce,SAMMS-Conway
202608192252097648,202608192152668881,202608192152666995,85,3812,Bronze INV,br_ReAssessmentOccupational,TASK_COMPLETE,FAILED,ERROR,2573,2573,1,SAMMS INV pipeline failed. Check the failed parent/child activity run details.,2026-08-19T21:53:13.467Z,2026-08-19T22:54:29.012Z,3676,2026-08-19T22:54:29.012Z,D07,Medical Services Knox TN,2caac1da-4db4-431b-998d-21dc6fd03dce,SAMMS-KnoxvilleV6
202608192252097649,202608192152668882,202608192152666995,85,3813,Bronze INV,br_ReAssessmentOccupational,TASK_COMPLETE,FAILED,ERROR,111,111,1,SAMMS INV pipeline failed. Check the failed parent/child activity run details.,2026-08-19T21:53:13.467Z,2026-08-19T22:54:29.012Z,3676,2026-08-19T22:54:29.012Z,D08,Madison,2caac1da-4db4-431b-998d-21dc6fd03dce,SAMMS-MadisonV6
202608192252097650,202608192152668883,202608192152666995,85,3815,Bronze INV,br_ReAssessmentOccupational,TASK_COMPLETE,FAILED,ERROR,120,120,1,SAMMS INV pipeline failed. Check the failed parent/child activity run details.,2026-08-19T21:53:13.467Z,2026-08-19T22:54:29.012Z,3676,2026-08-19T22:54:29.012Z,D09,Murfreesboro,2caac1da-4db4-431b-998d-21dc6fd03dce,SAMMS-MurfreesboroV6
202608192252097651,202608192152668884,202608192152666995,85,3816,Bronze INV,br_ReAssessmentOccupational,TASK_COMPLETE,FAILED,ERROR,336,336,1,SAMMS INV pipeline failed. Check the failed parent/child activity run details.,2026-08-19T21:53:13.467Z,2026-08-19T22:54:29.012Z,3676,2026-08-19T22:54:29.012Z,DA,Davenport,2caac1da-4db4-431b-998d-21dc6fd03dce,SAMMS-Davenport
202608192252097652,202608192152668885,202608192152666995,85,3817,Bronze INV,br_ReAssessmentOccupational,TASK_COMPLETE,FAILED,ERROR,287,287,1,SAMMS INV pipeline failed. Check the failed parent/child activity run details.,2026-08-19T21:53:13.467Z,2026-08-19T22:54:29.012Z,3676,2026-08-19T22:54:29.012Z,DM,Des Moines,2caac1da-4db4-431b-998d-21dc6fd03dce,SAMMS-DesMoines
202608192252097654,202608192152668886,202608192152666995,85,3819,Bronze INV,br_ReAssessmentOccupational,TASK_COMPLETE,FAILED,ERROR,530,530,1,SAMMS INV pipeline failed. Check the failed parent/child activity run details.,2026-08-19T21:53:13.467Z,2026-08-19T22:54:29.012Z,3676,2026-08-19T22:54:29.012Z,DRD-CO,Columbia MO,2caac1da-4db4-431b-998d-21dc6fd03dce,SAMMS-ColumbiaV5
202608192252097655,202608192152668887,202608192152666995,85,3820,Bronze INV,br_ReAssessmentOccupational,TASK_COMPLETE,FAILED,ERROR,347,347,1,SAMMS INV pipeline failed. Check the failed parent/child activity run details.,2026-08-19T21:53:13.467Z,2026-08-19T22:54:29.012Z,3676,2026-08-19T22:54:29.012Z,DRD-KC,KC,2caac1da-4db4-431b-998d-21dc6fd03dce,SAMMS-KCv5
202608192252097656,202608192152668888,202608192152666995,85,3821,Bronze INV,br_ReAssessmentOccupational,TASK_COMPLETE,FAILED,ERROR,1550,1550,1,SAMMS INV pipeline failed. Check the failed parent/child activity run details.,2026-08-19T21:53:13.467Z,2026-08-19T22:54:29.012Z,3676,2026-08-19T22:54:29.012Z,DRD-KVB,KVB,2caac1da-4db4-431b-998d-21dc6fd03dce,SAMMS-KVBv5
202608192252097657,202608192152668889,202608192152666995,85,3822,Bronze INV,br_ReAssessmentOccupational,TASK_COMPLETE,FAILED,ERROR,1672,1672,1,SAMMS INV pipeline failed. Check the failed parent/child activity run details.,2026-08-19T21:53:13.467Z,2026-08-19T22:54:29.012Z,3676,2026-08-19T22:54:29.012Z,DRD-KVC,KVC,2caac1da-4db4-431b-998d-21dc6fd03dce,SAMMS-KVCv5
202608192252097658,202608192152668890,202608192152666995,85,3823,Bronze INV,br_ReAssessmentOccupational,TASK_COMPLETE,FAILED,ERROR,3204,3204,1,SAMMS INV pipeline failed. Check the failed parent/child activity run details.,2026-08-19T21:53:13.467Z,2026-08-19T22:54:29.012Z,3676,2026-08-19T22:54:29.012Z,DRD-NOLA,NOLA,2caac1da-4db4-431b-998d-21dc6fd03dce,SAMMS-NOLAv5
202608192252097659,202608192152668891,202608192152666995,85,3824,Bronze INV,br_ReAssessmentOccupational,TASK_COMPLETE,FAILED,ERROR,801,801,1,SAMMS INV pipeline failed. Check the failed parent/child activity run details.,2026-08-19T21:53:13.467Z,2026-08-19T22:54:29.012Z,3676,2026-08-19T22:54:29.012Z,DRD-SF,Springfield,2caac1da-4db4-431b-998d-21dc6fd03dce,SAMMS-SFv5
202608192252097660,202608192152668892,202608192152666995,85,3826,Bronze INV,br_ReAssessmentOccupational,TASK_COMPLETE,FAILED,ERROR,260,260,1,SAMMS INV pipeline failed. Check the failed parent/child activity run details.,2026-08-19T21:53:13.467Z,2026-08-19T22:54:29.012Z,3676,2026-08-19T22:54:29.012Z,ELC,Elizabeth City,2caac1da-4db4-431b-998d-21dc6fd03dce,SAMMS-ElizabethCity
202608192252097662,202608192152668893,202608192152666995,85,3827,Bronze INV,br_ReAssessmentOccupational,TASK_COMPLETE,FAILED,ERROR,128,128,1,SAMMS INV pipeline failed. Check the failed parent/child activity run details.,2026-08-19T21:53:13.467Z,2026-08-19T22:54:29.012Z,3676,2026-08-19T22:54:29.012Z,ET,Elizabethtown,2caac1da-4db4-431b-998d-21dc6fd03dce,SAMMS-Elizabethtown
202608192252097663,202608192152668894,202608192152666995,85,3828,Bronze INV,br_ReAssessmentOccupational,TASK_COMPLETE,FAILED,ERROR,0,0,1,SAMMS INV pipeline failed. Check the failed parent/child activity run details.,2026-08-19T21:53:13.467Z,2026-08-19T22:54:29.012Z,3676,2026-08-19T22:54:29.012Z,FAY,Fayetteville,2caac1da-4db4-431b-998d-21dc6fd03dce,SAMMS-Fayetteville
202608192252097664,202608192152668895,202608192152666995,85,3829,Bronze INV,br_ReAssessmentOccupational,TASK_COMPLETE,FAILED,ERROR,156,156,1,SAMMS INV pipeline failed. Check the failed parent/child activity run details.,2026-08-19T21:53:13.467Z,2026-08-19T22:54:29.012Z,3676,2026-08-19T22:54:29.012Z,FR,Frankfort,2caac1da-4db4-431b-998d-21dc6fd03dce,SAMMS-Frankfort
202608192252097665,202608192152668896,202608192152666995,85,3830,Bronze INV,br_ReAssessmentOccupational,TASK_COMPLETE,FAILED,ERROR,0,0,1,SAMMS INV pipeline failed. Check the failed parent/child activity run details.,2026-08-19T21:53:13.467Z,2026-08-19T22:54:29.012Z,3676,2026-08-19T22:54:29.012Z,FS,Fort Smith,2caac1da-4db4-431b-998d-21dc6fd03dce,SAMMS-FortSmith
202608192252097666,202608192152668897,202608192152666995,85,3831,Bronze INV,br_ReAssessmentOccupational,TASK_COMPLETE,FAILED,ERROR,467,467,1,SAMMS INV pipeline failed. Check the failed parent/child activity run details.,2026-08-19T21:53:13.467Z,2026-08-19T22:54:29.012Z,3676,2026-08-19T22:54:29.012Z,FW,Fort Wayne,2caac1da-4db4-431b-998d-21dc6fd03dce,SAMMS-FortWayne
202608192252097667,202608192152668898,202608192152666995,85,3832,Bronze INV,br_ReAssessmentOccupational,TASK_COMPLETE,FAILED,ERROR,275,275,1,SAMMS INV pipeline failed. Check the failed parent/child activity run details.,2026-08-19T21:53:13.467Z,2026-08-19T22:54:29.012Z,3676,2026-08-19T22:54:29.012Z,GAL,Gaylord,2caac1da-4db4-431b-998d-21dc6fd03dce,SAMMS-Gaylord
202608192252097669,202608192152668899,202608192152666995,85,3836,Bronze INV,br_ReAssessmentOccupational,TASK_COMPLETE,FAILED,ERROR,100,100,1,SAMMS INV pipeline failed. Check the failed parent/child activity run details.,2026-08-19T21:53:13.467Z,2026-08-19T22:54:29.012Z,3676,2026-08-19T22:54:29.012Z,HGT,Hagerstown,2caac1da-4db4-431b-998d-21dc6fd03dce,SAMMS-Hagerstown
202608192252097670,202608192152668900,202608192152666995,85,3837,Bronze INV,br_ReAssessmentOccupational,TASK_COMPLETE,FAILED,ERROR,1723,1723,1,SAMMS INV pipeline failed. Check the failed parent/child activity run details.,2026-08-19T21:53:13.467Z,2026-08-19T22:54:29.012Z,3676,2026-08-19T22:54:29.012Z,HNT,Huntsville,2caac1da-4db4-431b-998d-21dc6fd03dce,SAMMS-Huntsville
202608192252097671,202608192152668901,202608192152666995,85,3838,Bronze INV,br_ReAssessmentOccupational,TASK_COMPLETE,FAILED,ERROR,0,0,1,SAMMS INV pipeline failed. Check the failed parent/child activity run details.,2026-08-19T21:53:13.467Z,2026-08-19T22:54:29.012Z,3676,2026-08-19T22:54:29.012Z,HS,Hot Springs,2caac1da-4db4-431b-998d-21dc6fd03dce,SAMMS-HotSprings
202608192252097672,202608192152668902,202608192152666995,85,3839,Bronze INV,br_ReAssessmentOccupational,TASK_COMPLETE,FAILED,ERROR,0,0,1,SAMMS INV pipeline failed. Check the failed parent/child activity run details.,2026-08-19T21:53:13.467Z,2026-08-19T22:54:29.012Z,3676,2026-08-19T22:54:29.012Z,JON,Jonesboro,2caac1da-4db4-431b-998d-21dc6fd03dce,SAMMS-Jonesboro
202608192252097673,202608192152668903,202608192152666995,85,3841,Bronze INV,br_ReAssessmentOccupational,TASK_COMPLETE,FAILED,ERROR,446,446,1,SAMMS INV pipeline failed. Check the failed parent/child activity run details.,2026-08-19T21:53:13.467Z,2026-08-19T22:54:29.012Z,3676,2026-08-19T22:54:29.012Z,LAN,Lansing,2caac1da-4db4-431b-998d-21dc6fd03dce,SAMMS-Lansing
202608192252097674,202608192152668904,202608192152666995,85,3842,Bronze INV,br_ReAssessmentOccupational,TASK_COMPLETE,FAILED,ERROR,1287,1287,1,SAMMS INV pipeline failed. Check the failed parent/child activity run details.,2026-08-19T21:53:13.467Z,2026-08-19T22:54:29.012Z,3676,2026-08-19T22:54:29.012Z,LO,Louisville,2caac1da-4db4-431b-998d-21dc6fd03dce,SAMMS-Louisville
202608192252097676,202608192152668905,202608192152666995,85,3843,Bronze INV,br_ReAssessmentOccupational,TASK_COMPLETE,FAILED,ERROR,291,291,1,SAMMS INV pipeline failed. Check the failed parent/child activity run details.,2026-08-19T21:53:13.467Z,2026-08-19T22:54:29.012Z,3676,2026-08-19T22:54:29.012Z,LV1,Cheyenne,2caac1da-4db4-431b-998d-21dc6fd03dce,SAMMS-Cheyenne
202608192252097677,202608192152668906,202608192152666995,85,3844,Bronze INV,br_ReAssessmentOccupational,TASK_COMPLETE,FAILED,ERROR,204,204,1,SAMMS INV pipeline failed. Check the failed parent/child activity run details.,2026-08-19T21:53:13.467Z,2026-08-19T22:54:29.012Z,3676,2026-08-19T22:54:29.012Z,LV2,Desert Inn,2caac1da-4db4-431b-998d-21dc6fd03dce,SAMMS-DesertInn
202608192252097678,202608192152668907,202608192152666995,85,3845,Bronze INV,br_ReAssessmentOccupational,TASK_COMPLETE,FAILED,ERROR,110,110,1,SAMMS INV pipeline failed. Check the failed parent/child activity run details.,2026-08-19T21:53:13.467Z,2026-08-19T22:54:29.012Z,3676,2026-08-19T22:54:29.012Z,LV3,McDaniel,2caac1da-4db4-431b-998d-21dc6fd03dce,SAMMS-McDaniel
202608192252097679,202608192152668908,202608192152666995,85,3848,Bronze INV,br_ReAssessmentOccupational,TASK_COMPLETE,FAILED,ERROR,358,358,1,SAMMS INV pipeline failed. Check the failed parent/child activity run details.,2026-08-19T21:53:13.467Z,2026-08-19T22:54:29.012Z,3676,2026-08-19T22:54:29.012Z,MNRE,Monroe,2caac1da-4db4-431b-998d-21dc6fd03dce,SAMMS-Monroe
202608192252097680,202608192152668909,202608192152666995,85,3849,Bronze INV,br_ReAssessmentOccupational,TASK_COMPLETE,FAILED,ERROR,1423,1423,1,SAMMS INV pipeline failed. Check the failed parent/child activity run details.,2026-08-19T21:53:13.467Z,2026-08-19T22:54:29.012Z,3676,2026-08-19T22:54:29.012Z,MP,Mt. Pleasant,2caac1da-4db4-431b-998d-21dc6fd03dce,SAMMS-MtPleasant
202608192252097681,202608192152668910,202608192152666995,85,3850,Bronze INV,br_ReAssessmentOccupational,TASK_COMPLETE,FAILED,ERROR,153,153,1,SAMMS INV pipeline failed. Check the failed parent/child activity run details.,2026-08-19T21:53:13.467Z,2026-08-19T22:54:29.012Z,3676,2026-08-19T22:54:29.012Z,MRD,Meridian,2caac1da-4db4-431b-998d-21dc6fd03dce,SAMMS-Meridian
202608192252097682,202608192152668911,202608192152666995,85,3855,Bronze INV,br_ReAssessmentOccupational,TASK_COMPLETE,FAILED,ERROR,693,693,1,SAMMS INV pipeline failed. Check the failed parent/child activity run details.,2026-08-19T21:53:13.467Z,2026-08-19T22:54:29.012Z,3676,2026-08-19T22:54:29.012Z,NC,North Charleston,2caac1da-4db4-431b-998d-21dc6fd03dce,SAMMS-NorthCharleston
202608192252097684,202608192152668912,202608192152666995,85,3856,Bronze INV,br_ReAssessmentOccupational,TASK_COMPLETE,FAILED,ERROR,0,0,1,SAMMS INV pipeline failed. Check the failed parent/child activity run details.,2026-08-19T21:53:13.467Z,2026-08-19T22:54:29.012Z,3676,2026-08-19T22:54:29.012Z,NLR,N. Little Rock,2caac1da-4db4-431b-998d-21dc6fd03dce,SAMMS-NLROBOT
202608192252097685,202608192152668913,202608192152666995,85,3857,Bronze INV,br_ReAssessmentOccupational,TASK_COMPLETE,FAILED,ERROR,112,112,1,SAMMS INV pipeline failed. Check the failed parent/child activity run details.,2026-08-19T21:53:13.467Z,2026-08-19T22:54:29.012Z,3676,2026-08-19T22:54:29.012Z,PH,Phoenix,2caac1da-4db4-431b-998d-21dc6fd03dce,SAMMS-Phoenix
202608192252097686,202608192152668914,202608192152666995,85,3861,Bronze INV,br_ReAssessmentOccupational,TASK_COMPLETE,FAILED,ERROR,213,213,1,SAMMS INV pipeline failed. Check the failed parent/child activity run details.,2026-08-19T21:53:13.467Z,2026-08-19T22:54:29.012Z,3676,2026-08-19T22:54:29.012Z,RE,Reno,2caac1da-4db4-431b-998d-21dc6fd03dce,SAMMS-Reno
202608192252097687,202608192152668915,202608192152666995,85,3862,Bronze INV,br_ReAssessmentOccupational,TASK_COMPLETE,FAILED,ERROR,87,87,1,SAMMS INV pipeline failed. Check the failed parent/child activity run details.,2026-08-19T21:53:13.467Z,2026-08-19T22:54:29.012Z,3676,2026-08-19T22:54:29.012Z,RMD,Richmond,2caac1da-4db4-431b-998d-21dc6fd03dce,SAMMS-Richmond
202608192252097688,202608192152668916,202608192152666995,85,3863,Bronze INV,br_ReAssessmentOccupational,TASK_COMPLETE,FAILED,ERROR,589,589,1,SAMMS INV pipeline failed. Check the failed parent/child activity run details.,2026-08-19T21:53:13.467Z,2026-08-19T22:54:29.012Z,3676,2026-08-19T22:54:29.012Z,SFN,Springfield North,2caac1da-4db4-431b-998d-21dc6fd03dce,SAMMS-SFNv5
202608192252097689,202608192152668917,202608192152666995,85,3864,Bronze INV,br_ReAssessmentOccupational,TASK_COMPLETE,FAILED,ERROR,762,762,1,SAMMS INV pipeline failed. Check the failed parent/child activity run details.,2026-08-19T21:53:13.467Z,2026-08-19T22:54:29.012Z,3676,2026-08-19T22:54:29.012Z,SHP,Shreveport,2caac1da-4db4-431b-998d-21dc6fd03dce,SAMMS-Shreveport
202608192252097691,202608192152668918,202608192152666995,85,3866,Bronze INV,br_ReAssessmentOccupational,TASK_COMPLETE,FAILED,ERROR,484,484,1,SAMMS INV pipeline failed. Check the failed parent/child activity run details.,2026-08-19T21:53:13.467Z,2026-08-19T22:54:29.012Z,3676,2026-08-19T22:54:29.012Z,STN,Staunton,2caac1da-4db4-431b-998d-21dc6fd03dce,SAMMS-Staunton
202608192252097692,202608192152668919,202608192152666995,85,3867,Bronze INV,br_ReAssessmentOccupational,TASK_COMPLETE,FAILED,ERROR,226,226,1,SAMMS INV pipeline failed. Check the failed parent/child activity run details.,2026-08-19T21:53:13.467Z,2026-08-19T22:54:29.012Z,3676,2026-08-19T22:54:29.012Z,STVN,Stevenson,2caac1da-4db4-431b-998d-21dc6fd03dce,SAMMS-Stevenson
202608192252097693,202608192152668920,202608192152666995,85,3869,Bronze INV,br_ReAssessmentOccupational,TASK_COMPLETE,FAILED,ERROR,173,173,1,SAMMS INV pipeline failed. Check the failed parent/child activity run details.,2026-08-19T21:53:13.467Z,2026-08-19T22:54:29.012Z,3676,2026-08-19T22:54:29.012Z,TE,Tempe,2caac1da-4db4-431b-998d-21dc6fd03dce,SAMMS-Tempe
202608192252097694,202608192152668921,202608192152666995,85,3870,Bronze INV,br_ReAssessmentOccupational,TASK_COMPLETE,FAILED,ERROR,0,0,1,SAMMS INV pipeline failed. Check the failed parent/child activity run details.,2026-08-19T21:53:13.467Z,2026-08-19T22:54:29.012Z,3676,2026-08-19T22:54:29.012Z,TEX,Texarkana,2caac1da-4db4-431b-998d-21dc6fd03dce,SAMMS-Texarkana
202608192252097695,202608192152668922,202608192152666995,85,3871,Bronze INV,br_ReAssessmentOccupational,TASK_COMPLETE,FAILED,ERROR,1073,1073,1,SAMMS INV pipeline failed. Check the failed parent/child activity run details.,2026-08-19T21:53:13.467Z,2026-08-19T22:54:29.012Z,3676,2026-08-19T22:54:29.012Z,TTCA,Bessemer,2caac1da-4db4-431b-998d-21dc6fd03dce,SAMMS-BessemerV5
202608192252097696,202608192152668923,202608192152666995,85,3872,Bronze INV,br_ReAssessmentOccupational,TASK_COMPLETE,FAILED,ERROR,1317,1317,1,SAMMS INV pipeline failed. Check the failed parent/child activity run details.,2026-08-19T21:53:13.467Z,2026-08-19T22:54:29.012Z,3676,2026-08-19T22:54:29.012Z,TTCB,Cullman,2caac1da-4db4-431b-998d-21dc6fd03dce,SAMMS-CullmanV5
202608192252097697,202608192152668924,202608192152666995,85,3873,Bronze INV,br_ReAssessmentOccupational,TASK_COMPLETE,FAILED,ERROR,938,938,1,SAMMS INV pipeline failed. Check the failed parent/child activity run details.,2026-08-19T21:53:13.467Z,2026-08-19T22:54:29.012Z,3676,2026-08-19T22:54:29.012Z,TTCC,Grand Bay,2caac1da-4db4-431b-998d-21dc6fd03dce,SAMMS-GrandBay
202608192252097699,202608192152668925,202608192152666995,85,3874,Bronze INV,br_ReAssessmentOccupational,TASK_COMPLETE,FAILED,ERROR,15,15,1,SAMMS INV pipeline failed. Check the failed parent/child activity run details.,2026-08-19T21:53:13.467Z,2026-08-19T22:54:29.012Z,3676,2026-08-19T22:54:29.012Z,TU,Tucson,2caac1da-4db4-431b-998d-21dc6fd03dce,SAMMS-Tucson
202608192252097700,202608192152668926,202608192152666995,85,3876,Bronze INV,br_ReAssessmentOccupational,TASK_COMPLETE,FAILED,ERROR,661,661,1,SAMMS INV pipeline failed. Check the failed parent/child activity run details.,2026-08-19T21:53:13.467Z,2026-08-19T22:54:29.012Z,3676,2026-08-19T22:54:29.012Z,V1,Memphis South,2caac1da-4db4-431b-998d-21dc6fd03dce,SAMMS-VCPHCS-I-MemphisV5
202608192252097701,202608192152668927,202608192152666995,85,3877,Bronze INV,br_ReAssessmentOccupational,TASK_COMPLETE,FAILED,ERROR,1627,1627,1,SAMMS INV pipeline failed. Check the failed parent/child activity run details.,2026-08-19T21:53:13.467Z,2026-08-19T22:54:29.012Z,3676,2026-08-19T22:54:29.012Z,V10,Longmont,2caac1da-4db4-431b-998d-21dc6fd03dce,SAMMS-BoulderV5
202608192252097702,202608192152668928,202608192152666995,85,3878,Bronze INV,br_ReAssessmentOccupational,TASK_COMPLETE,FAILED,ERROR,1513,1513,1,SAMMS INV pipeline failed. Check the failed parent/child activity run details.,2026-08-19T21:53:13.467Z,2026-08-19T22:54:29.012Z,3676,2026-08-19T22:54:29.012Z,V10A,Fort Collins,2caac1da-4db4-431b-998d-21dc6fd03dce,SAMMS-FortCollinsV5
202608192252097703,202608192152668929,202608192152666995,85,3879,Bronze INV,br_ReAssessmentOccupational,TASK_COMPLETE,FAILED,ERROR,2864,2864,1,SAMMS INV pipeline failed. Check the failed parent/child activity run details.,2026-08-19T21:53:13.467Z,2026-08-19T22:54:29.012Z,3676,2026-08-19T22:54:29.012Z,V11,Westminster,2caac1da-4db4-431b-998d-21dc6fd03dce,SAMMS-VCPHCS-XI-NorthDenverV5
202608192252097704,202608192152668930,202608192152666995,85,3880,Bronze INV,br_ReAssessmentOccupational,TASK_COMPLETE,FAILED,ERROR,3036,3036,1,SAMMS INV pipeline failed. Check the failed parent/child activity run details.,2026-08-19T21:53:13.467Z,2026-08-19T22:54:29.012Z,3676,2026-08-19T22:54:29.012Z,V12,Downtown Denver,2caac1da-4db4-431b-998d-21dc6fd03dce,SAMMS-VCPHCS-XII-DowntownDenverV5
202608192252097706,202608192152668931,202608192152666995,85,3881,Bronze INV,br_ReAssessmentOccupational,TASK_COMPLETE,FAILED,ERROR,1136,1136,1,SAMMS INV pipeline failed. Check the failed parent/child activity run details.,2026-08-19T21:53:13.467Z,2026-08-19T22:54:29.012Z,3676,2026-08-19T22:54:29.012Z,V12A,Centennial,2caac1da-4db4-431b-998d-21dc6fd03dce,SAMMS-CentennialV5
202608192252097707,202608192152668932,202608192152666995,85,3882,Bronze INV,br_ReAssessmentOccupational,TASK_COMPLETE,FAILED,ERROR,295,295,1,SAMMS INV pipeline failed. Check the failed parent/child activity run details.,2026-08-19T21:53:13.467Z,2026-08-19T22:54:29.012Z,3676,2026-08-19T22:54:29.012Z,V14,Overland Park,2caac1da-4db4-431b-998d-21dc6fd03dce,SAMMS-VCPHCS-XIV-BridgewayV5
202608192252097708,202608192152668933,202608192152666995,85,3883,Bronze INV,br_ReAssessmentOccupational,TASK_COMPLETE,FAILED,ERROR,609,609,1,SAMMS INV pipeline failed. Check the failed parent/child activity run details.,2026-08-19T21:53:13.467Z,2026-08-19T22:54:29.012Z,3676,2026-08-19T22:54:29.012Z,V15,Joplin,2caac1da-4db4-431b-998d-21dc6fd03dce,SAMMS-JoplinV5
202608192252097709,202608192152668934,202608192152666995,85,3885,Bronze INV,br_ReAssessmentOccupational,TASK_COMPLETE,FAILED,ERROR,0,0,1,SAMMS INV pipeline failed. Check the failed parent/child activity run details.,2026-08-19T21:53:13.467Z,2026-08-19T22:54:29.012Z,3676,2026-08-19T22:54:29.012Z,V17,Columbia TN,2caac1da-4db4-431b-998d-21dc6fd03dce,SAMMS-ColumbiaTNv5
202608192252097710,202608192152668935,202608192152666995,85,3887,Bronze INV,br_ReAssessmentOccupational,TASK_COMPLETE,FAILED,ERROR,533,533,1,SAMMS INV pipeline failed. Check the failed parent/child activity run details.,2026-08-19T21:53:13.467Z,2026-08-19T22:54:29.012Z,3676,2026-08-19T22:54:29.012Z,V19,Jackson,2caac1da-4db4-431b-998d-21dc6fd03dce,SAMMS-JacksonV5
202608192252097711,202608192152668936,202608192152666995,85,3889,Bronze INV,br_ReAssessmentOccupational,TASK_COMPLETE,FAILED,ERROR,1766,1766,1,SAMMS INV pipeline failed. Check the failed parent/child activity run details.,2026-08-19T21:53:13.467Z,2026-08-19T22:54:29.012Z,3676,2026-08-19T22:54:29.012Z,V20,Paris,2caac1da-4db4-431b-998d-21dc6fd03dce,SAMMS-ParisV5
202608192252097713,202608192152668937,202608192152666995,85,3890,Bronze INV,br_ReAssessmentOccupational,TASK_COMPLETE,FAILED,ERROR,0,0,1,SAMMS INV pipeline failed. Check the failed parent/child activity run details.,2026-08-19T21:53:13.467Z,2026-08-19T22:54:29.012Z,3676,2026-08-19T22:54:29.012Z,V21,Memphis North,2caac1da-4db4-431b-998d-21dc6fd03dce,SAMMS-RaleighV5
202608192252097714,202608192152668938,202608192152666995,85,3893,Bronze INV,br_ReAssessmentOccupational,TASK_COMPLETE,FAILED,ERROR,1778,1778,1,SAMMS INV pipeline failed. Check the failed parent/child activity run details.,2026-08-19T21:53:13.467Z,2026-08-19T22:54:29.012Z,3676,2026-08-19T22:54:29.012Z,V5,West Bank,2caac1da-4db4-431b-998d-21dc6fd03dce,SAMMS-NONTCv5
202608192252097715,202608192152668939,202608192152666995,85,3895,Bronze INV,br_ReAssessmentOccupational,TASK_COMPLETE,FAILED,ERROR,144,144,1,SAMMS INV pipeline failed. Check the failed parent/child activity run details.,2026-08-19T21:53:13.467Z,2026-08-19T22:54:29.012Z,3676,2026-08-19T22:54:29.012Z,V5B,Houma,2caac1da-4db4-431b-998d-21dc6fd03dce,SAMMS-HoumaV6
202608192252097716,202608192152668940,202608192152666995,85,3896,Bronze INV,br_ReAssessmentOccupational,TASK_COMPLETE,FAILED,ERROR,1907,1907,1,SAMMS INV pipeline failed. Check the failed parent/child activity run details.,2026-08-19T21:53:13.467Z,2026-08-19T22:54:29.012Z,3676,2026-08-19T22:54:29.012Z,V6,Lake Charles,2caac1da-4db4-431b-998d-21dc6fd03dce,SAMMS-LCv5
202608192252097717,202608192152668941,202608192152666995,85,3898,Bronze INV,br_ReAssessmentOccupational,TASK_COMPLETE,FAILED,ERROR,741,741,1,SAMMS INV pipeline failed. Check the failed parent/child activity run details.,2026-08-19T21:53:13.467Z,2026-08-19T22:54:29.012Z,3676,2026-08-19T22:54:29.012Z,V8,Memphis Midtown,2caac1da-4db4-431b-998d-21dc6fd03dce,SAMMS-VCPHCS-VIII-MemphisV5
202608192252097718,202608192152668942,202608192152666995,85,3899,Bronze INV,br_ReAssessmentOccupational,TASK_COMPLETE,FAILED,ERROR,1761,1761,1,SAMMS INV pipeline failed. Check the failed parent/child activity run details.,2026-08-19T21:53:13.467Z,2026-08-19T22:54:29.012Z,3676,2026-08-19T22:54:29.012Z,V9,Nashville,2caac1da-4db4-431b-998d-21dc6fd03dce,SAMMS-NashvilleV5
202608192252097720,202608192152668943,202608192152666995,85,3900,Bronze INV,br_ReAssessmentOccupational,TASK_COMPLETE,FAILED,ERROR,837,837,1,SAMMS INV pipeline failed. Check the failed parent/child activity run details.,2026-08-19T21:53:13.467Z,2026-08-19T22:54:29.012Z,3676,2026-08-19T22:54:29.012Z,VBRA,Brainerd,2caac1da-4db4-431b-998d-21dc6fd03dce,SAMMS-BrainerdV6
202608192252097721,202608192152668944,202608192152666995,85,3901,Bronze INV,br_ReAssessmentOccupational,TASK_COMPLETE,FAILED,ERROR,0,0,1,SAMMS INV pipeline failed. Check the failed parent/child activity run details.,2026-08-19T21:53:13.467Z,2026-08-19T22:54:29.012Z,3676,2026-08-19T22:54:29.012Z,VBRP,Brooklyn Park,2caac1da-4db4-431b-998d-21dc6fd03dce,SAMMS-BrooklynParkV6
202608192252097722,202608192152668945,202608192152666995,85,3903,Bronze INV,br_ReAssessmentOccupational,TASK_COMPLETE,FAILED,ERROR,742,742,1,SAMMS INV pipeline failed. Check the failed parent/child activity run details.,2026-08-19T21:53:13.467Z,2026-08-19T22:54:29.012Z,3676,2026-08-19T22:54:29.012Z,VMIN,Minneapolis,2caac1da-4db4-431b-998d-21dc6fd03dce,SAMMS-MinneapolisV6
202608192252097723,202608192152668946,202608192152666995,85,3904,Bronze INV,br_ReAssessmentOccupational,TASK_COMPLETE,FAILED,ERROR,881,881,1,SAMMS INV pipeline failed. Check the failed parent/child activity run details.,2026-08-19T21:53:13.467Z,2026-08-19T22:54:29.012Z,3676,2026-08-19T22:54:29.012Z,VWBY,Woodbury,2caac1da-4db4-431b-998d-21dc6fd03dce,SAMMS-WoodburyV6
202608192252097724,202608192152668947,202608192152666995,85,3906,Bronze INV,br_ReAssessmentOccupational,TASK_COMPLETE,FAILED,ERROR,0,0,1,SAMMS INV pipeline failed. Check the failed parent/child activity run details.,2026-08-19T21:53:13.467Z,2026-08-19T22:54:29.012Z,3676,2026-08-19T22:54:29.012Z,WIL,Wilson,2caac1da-4db4-431b-998d-21dc6fd03dce,SAMMS-Wilson
202608192252097826,202608192152767008,202608192152766995,86,5732,Silver INV,sl_ReAssessmentOccupational,TASK_COMPLETE,SUCCESS,INFO,74811,74811,0,,2026-08-19T21:53:13.467Z,2026-08-19T22:54:29.012Z,3676,2026-08-19T22:54:29.012Z,,,2caac1da-4db4-431b-998d-21dc6fd03dce,
202608192252097751,202608192152669293,202608192152666995,85,3910,Bronze INV,br_ReAssessmentPhysicalHealth,TASK_COMPLETE,FAILED,ERROR,35,35,1,SAMMS INV pipeline failed. Check the failed parent/child activity run details.,2026-08-19T21:53:13.467Z,2026-08-19T22:54:29.012Z,3676,2026-08-19T22:54:29.012Z,AHK,Ahoskie,2caac1da-4db4-431b-998d-21dc6fd03dce,SAMMS-Ahoskie
202608192252097753,202608192152669294,202608192152666995,85,3911,Bronze INV,br_ReAssessmentPhysicalHealth,TASK_COMPLETE,FAILED,ERROR,662,662,1,SAMMS INV pipeline failed. Check the failed parent/child activity run details.,2026-08-19T21:53:13.467Z,2026-08-19T22:54:29.012Z,3676,2026-08-19T22:54:29.012Z,B12B,Colorado Springs,2caac1da-4db4-431b-998d-21dc6fd03dce,SAMMS-ColoradoSpringsV5
202608192252097754,202608192152669295,202608192152666995,85,3912,Bronze INV,br_ReAssessmentPhysicalHealth,TASK_COMPLETE,FAILED,ERROR,835,835,1,SAMMS INV pipeline failed. Check the failed parent/child activity run details.,2026-08-19T21:53:13.467Z,2026-08-19T22:54:29.012Z,3676,2026-08-19T22:54:29.012Z,B24,Paintsville,2caac1da-4db4-431b-998d-21dc6fd03dce,SAMMS-PaintsvilleV5
202608192252097755,202608192152669296,202608192152666995,85,3913,Bronze INV,br_ReAssessmentPhysicalHealth,TASK_COMPLETE,FAILED,ERROR,646,646,1,SAMMS INV pipeline failed. Check the failed parent/child activity run details.,2026-08-19T21:53:13.467Z,2026-08-19T22:54:29.012Z,3676,2026-08-19T22:54:29.012Z,B25,Pikeville,2caac1da-4db4-431b-998d-21dc6fd03dce,SAMMS-PikevilleV5
202608192252097756,202608192152669297,202608192152666995,85,3914,Bronze INV,br_ReAssessmentPhysicalHealth,TASK_COMPLETE,FAILED,ERROR,970,970,1,SAMMS INV pipeline failed. Check the failed parent/child activity run details.,2026-08-19T21:53:13.467Z,2026-08-19T22:54:29.012Z,3676,2026-08-19T22:54:29.012Z,B26,Hazard,2caac1da-4db4-431b-998d-21dc6fd03dce,SAMMS-HazardV5
202608192252097757,202608192152669298,202608192152666995,85,3915,Bronze INV,br_ReAssessmentPhysicalHealth,TASK_COMPLETE,FAILED,ERROR,532,532,1,SAMMS INV pipeline failed. Check the failed parent/child activity run details.,2026-08-19T21:53:13.467Z,2026-08-19T22:54:29.012Z,3676,2026-08-19T22:54:29.012Z,B27,Savannah,2caac1da-4db4-431b-998d-21dc6fd03dce,SAMMS-SavannahV6
202608192252097758,202608192152669299,202608192152666995,85,3916,Bronze INV,br_ReAssessmentPhysicalHealth,TASK_COMPLETE,FAILED,ERROR,246,246,1,SAMMS INV pipeline failed. Check the failed parent/child activity run details.,2026-08-19T21:53:13.467Z,2026-08-19T22:54:29.012Z,3676,2026-08-19T22:54:29.012Z,B28,West Plains,2caac1da-4db4-431b-998d-21dc6fd03dce,SAMMS-WestPlainesV5
202608192252097760,202608192152669300,202608192152666995,85,3917,Bronze INV,br_ReAssessmentPhysicalHealth,TASK_COMPLETE,FAILED,ERROR,461,461,1,SAMMS INV pipeline failed. Check the failed parent/child activity run details.,2026-08-19T21:53:13.467Z,2026-08-19T22:54:29.012Z,3676,2026-08-19T22:54:29.012Z,B29,Poplar Bluff,2caac1da-4db4-431b-998d-21dc6fd03dce,SAMMS-PoplarBluffV5
202608192252097761,202608192152669301,202608192152666995,85,3918,Bronze INV,br_ReAssessmentPhysicalHealth,TASK_COMPLETE,FAILED,ERROR,80,80,1,SAMMS INV pipeline failed. Check the failed parent/child activity run details.,2026-08-19T21:53:13.467Z,2026-08-19T22:54:29.012Z,3676,2026-08-19T22:54:29.012Z,B30,KC North,2caac1da-4db4-431b-998d-21dc6fd03dce,SAMMS-KCNv5
202608192252097762,202608192152669302,202608192152666995,85,3919,Bronze INV,br_ReAssessmentPhysicalHealth,TASK_COMPLETE,FAILED,ERROR,400,400,1,SAMMS INV pipeline failed. Check the failed parent/child activity run details.,2026-08-19T21:53:13.467Z,2026-08-19T22:54:29.012Z,3676,2026-08-19T22:54:29.012Z,B31,Dyersburg,2caac1da-4db4-431b-998d-21dc6fd03dce,SAMMS-DyersburgV5
202608192252097763,202608192152669303,202608192152666995,85,3921,Bronze INV,br_ReAssessmentPhysicalHealth,TASK_COMPLETE,FAILED,ERROR,488,488,1,SAMMS INV pipeline failed. Check the failed parent/child activity run details.,2026-08-19T21:53:13.467Z,2026-08-19T22:54:29.012Z,3676,2026-08-19T22:54:29.012Z,B33,Paducah,2caac1da-4db4-431b-998d-21dc6fd03dce,SAMMS-Paducah
202608192252097764,202608192152669304,202608192152666995,85,3922,Bronze INV,br_ReAssessmentPhysicalHealth,TASK_COMPLETE,FAILED,ERROR,386,386,1,SAMMS INV pipeline failed. Check the failed parent/child activity run details.,2026-08-19T21:53:13.467Z,2026-08-19T22:54:29.012Z,3676,2026-08-19T22:54:29.012Z,B34,Corbin,2caac1da-4db4-431b-998d-21dc6fd03dce,SAMMS-CorbinV5
202608192252097765,202608192152669305,202608192152666995,85,3923,Bronze INV,br_ReAssessmentPhysicalHealth,TASK_COMPLETE,FAILED,ERROR,243,243,1,SAMMS INV pipeline failed. Check the failed parent/child activity run details.,2026-08-19T21:53:13.467Z,2026-08-19T22:54:29.012Z,3676,2026-08-19T22:54:29.012Z,B35,Lexington,2caac1da-4db4-431b-998d-21dc6fd03dce,SAMMS-LexingtonV5
202608192252097767,202608192152669306,202608192152666995,85,3924,Bronze INV,br_ReAssessmentPhysicalHealth,TASK_COMPLETE,FAILED,ERROR,77,77,1,SAMMS INV pipeline failed. Check the failed parent/child activity run details.,2026-08-19T21:53:13.467Z,2026-08-19T22:54:29.012Z,3676,2026-08-19T22:54:29.012Z,B35A,Berea,2caac1da-4db4-431b-998d-21dc6fd03dce,SAMMS-BereaV5
202608192252097768,202608192152669307,202608192152666995,85,3925,Bronze INV,br_ReAssessmentPhysicalHealth,TASK_COMPLETE,FAILED,ERROR,22,22,1,SAMMS INV pipeline failed. Check the failed parent/child activity run details.,2026-08-19T21:53:13.467Z,2026-08-19T22:54:29.012Z,3676,2026-08-19T22:54:29.012Z,B36,Asheville,2caac1da-4db4-431b-998d-21dc6fd03dce,SAMMS-AshevilleV5
202608192252097769,202608192152669308,202608192152666995,85,3926,Bronze INV,br_ReAssessmentPhysicalHealth,TASK_COMPLETE,FAILED,ERROR,1,1,1,SAMMS INV pipeline failed. Check the failed parent/child activity run details.,2026-08-19T21:53:13.467Z,2026-08-19T22:54:29.012Z,3676,2026-08-19T22:54:29.012Z,B37,Clyde,2caac1da-4db4-431b-998d-21dc6fd03dce,SAMMS-ClydeV5
202608192252097770,202608192152669309,202608192152666995,85,3927,Bronze INV,br_ReAssessmentPhysicalHealth,TASK_COMPLETE,FAILED,ERROR,1189,1189,1,SAMMS INV pipeline failed. Check the failed parent/child activity run details.,2026-08-19T21:53:13.467Z,2026-08-19T22:54:29.012Z,3676,2026-08-19T22:54:29.012Z,B38,Spartanburg,2caac1da-4db4-431b-998d-21dc6fd03dce,SAMMS-SpartanburgV5
202608192252097771,202608192152669310,202608192152666995,85,3928,Bronze INV,br_ReAssessmentPhysicalHealth,TASK_COMPLETE,FAILED,ERROR,362,362,1,SAMMS INV pipeline failed. Check the failed parent/child activity run details.,2026-08-19T21:53:13.467Z,2026-08-19T22:54:29.012Z,3676,2026-08-19T22:54:29.012Z,B39,Aiken,2caac1da-4db4-431b-998d-21dc6fd03dce,SAMMS-AikenV5
202608192252097772,202608192152669311,202608192152666995,85,3929,Bronze INV,br_ReAssessmentPhysicalHealth,TASK_COMPLETE,FAILED,ERROR,1894,1894,1,SAMMS INV pipeline failed. Check the failed parent/child activity run details.,2026-08-19T21:53:13.467Z,2026-08-19T22:54:29.012Z,3676,2026-08-19T22:54:29.012Z,B41,Chesapeake,2caac1da-4db4-431b-998d-21dc6fd03dce,SAMMS-ChesapeakeV5
202608192252097773,202608192152669312,202608192152666995,85,3930,Bronze INV,br_ReAssessmentPhysicalHealth,TASK_COMPLETE,FAILED,ERROR,1922,1922,1,SAMMS INV pipeline failed. Check the failed parent/child activity run details.,2026-08-19T21:53:13.467Z,2026-08-19T22:54:29.012Z,3676,2026-08-19T22:54:29.012Z,B42,Virginia Beach,2caac1da-4db4-431b-998d-21dc6fd03dce,SAMMS-VirginiaBeachV5
202608192252097775,202608192152669313,202608192152666995,85,3931,Bronze INV,br_ReAssessmentPhysicalHealth,TASK_COMPLETE,FAILED,ERROR,936,936,1,SAMMS INV pipeline failed. Check the failed parent/child activity run details.,2026-08-19T21:53:13.467Z,2026-08-19T22:54:29.012Z,3676,2026-08-19T22:54:29.012Z,B42A,Newport News,2caac1da-4db4-431b-998d-21dc6fd03dce,SAMMS-NewportNewsV5
202608192252097776,202608192152669314,202608192152666995,85,3932,Bronze INV,br_ReAssessmentPhysicalHealth,TASK_COMPLETE,FAILED,ERROR,508,508,1,SAMMS INV pipeline failed. Check the failed parent/child activity run details.,2026-08-19T21:53:13.467Z,2026-08-19T22:54:29.012Z,3676,2026-08-19T22:54:29.012Z,B42B,Franklin,2caac1da-4db4-431b-998d-21dc6fd03dce,SAMMS-FranklinV5
202608192252097777,202608192152669315,202608192152666995,85,3933,Bronze INV,br_ReAssessmentPhysicalHealth,TASK_COMPLETE,FAILED,ERROR,346,346,1,SAMMS INV pipeline failed. Check the failed parent/child activity run details.,2026-08-19T21:53:13.467Z,2026-08-19T22:54:29.012Z,3676,2026-08-19T22:54:29.012Z,B42C,Glen Allen,2caac1da-4db4-431b-998d-21dc6fd03dce,SAMMS-GlenAllenV5
202608192252097778,202608192152669316,202608192152666995,85,3934,Bronze INV,br_ReAssessmentPhysicalHealth,TASK_COMPLETE,FAILED,ERROR,1487,1487,1,SAMMS INV pipeline failed. Check the failed parent/child activity run details.,2026-08-19T21:53:13.467Z,2026-08-19T22:54:29.012Z,3676,2026-08-19T22:54:29.012Z,B42D,Chesapeake South,2caac1da-4db4-431b-998d-21dc6fd03dce,SAMMS-ChesapeakeSouthV5
202608192252097779,202608192152669317,202608192152666995,85,3935,Bronze INV,br_ReAssessmentPhysicalHealth,TASK_COMPLETE,FAILED,ERROR,632,632,1,SAMMS INV pipeline failed. Check the failed parent/child activity run details.,2026-08-19T21:53:13.467Z,2026-08-19T22:54:29.012Z,3676,2026-08-19T22:54:29.012Z,B44,Albany,2caac1da-4db4-431b-998d-21dc6fd03dce,SAMMS-AlbanyV5
202608192252097780,202608192152669318,202608192152666995,85,3936,Bronze INV,br_ReAssessmentPhysicalHealth,TASK_COMPLETE,FAILED,ERROR,1273,1273,1,SAMMS INV pipeline failed. Check the failed parent/child activity run details.,2026-08-19T21:53:13.467Z,2026-08-19T22:54:29.012Z,3676,2026-08-19T22:54:29.012Z,B45,Tifton,2caac1da-4db4-431b-998d-21dc6fd03dce,SAMMS-TiftonV5
202608192252097782,202608192152669319,202608192152666995,85,3937,Bronze INV,br_ReAssessmentPhysicalHealth,TASK_COMPLETE,FAILED,ERROR,591,591,1,SAMMS INV pipeline failed. Check the failed parent/child activity run details.,2026-08-19T21:53:13.467Z,2026-08-19T22:54:29.012Z,3676,2026-08-19T22:54:29.012Z,B46,Washington DC,2caac1da-4db4-431b-998d-21dc6fd03dce,SAMMS-WashingtonDCv5
202608192252097783,202608192152669320,202608192152666995,85,3938,Bronze INV,br_ReAssessmentPhysicalHealth,TASK_COMPLETE,FAILED,ERROR,1575,1575,1,SAMMS INV pipeline failed. Check the failed parent/child activity run details.,2026-08-19T21:53:13.467Z,2026-08-19T22:54:29.012Z,3676,2026-08-19T22:54:29.012Z,B47,Mobile,2caac1da-4db4-431b-998d-21dc6fd03dce,SAMMS-MobileV5
202608192252097784,202608192152669321,202608192152666995,85,3939,Bronze INV,br_ReAssessmentPhysicalHealth,TASK_COMPLETE,FAILED,ERROR,1301,1301,1,SAMMS INV pipeline failed. Check the failed parent/child activity run details.,2026-08-19T21:53:13.467Z,2026-08-19T22:54:29.012Z,3676,2026-08-19T22:54:29.012Z,B48,Tuscaloosa,2caac1da-4db4-431b-998d-21dc6fd03dce,SAMMS-TuscaloosaV5
202608192252097785,202608192152669322,202608192152666995,85,3948,Bronze INV,br_ReAssessmentPhysicalHealth,TASK_COMPLETE,FAILED,ERROR,3,3,1,SAMMS INV pipeline failed. Check the failed parent/child activity run details.,2026-08-19T21:53:13.467Z,2026-08-19T22:54:29.012Z,3676,2026-08-19T22:54:29.012Z,B51,N. Little Rock (OTP),2caac1da-4db4-431b-998d-21dc6fd03dce,SAMMS-NorthLittleRockV6
202608192252097786,202608192152669323,202608192152666995,85,3949,Bronze INV,br_ReAssessmentPhysicalHealth,TASK_COMPLETE,FAILED,ERROR,460,460,1,SAMMS INV pipeline failed. Check the failed parent/child activity run details.,2026-08-19T21:53:13.467Z,2026-08-19T22:54:29.012Z,3676,2026-08-19T22:54:29.012Z,B52,Jackson GA,2caac1da-4db4-431b-998d-21dc6fd03dce,SAMMS-JacksonGAV5
202608192252097787,202608192152669324,202608192152666995,85,3950,Bronze INV,br_ReAssessmentPhysicalHealth,TASK_COMPLETE,FAILED,ERROR,1704,1704,1,SAMMS INV pipeline failed. Check the failed parent/child activity run details.,2026-08-19T21:53:13.467Z,2026-08-19T22:54:29.012Z,3676,2026-08-19T22:54:29.012Z,B54,Gadsden,2caac1da-4db4-431b-998d-21dc6fd03dce,SAMMS-GadsdenV5
202608192252097788,202608192152669325,202608192152666995,85,3951,Bronze INV,br_ReAssessmentPhysicalHealth,TASK_COMPLETE,FAILED,ERROR,956,956,1,SAMMS INV pipeline failed. Check the failed parent/child activity run details.,2026-08-19T21:53:13.467Z,2026-08-19T22:54:29.012Z,3676,2026-08-19T22:54:29.012Z,B55,Shoals,2caac1da-4db4-431b-998d-21dc6fd03dce,SAMMS-ShoalsV5
202608192252097789,202608192152669326,202608192152666995,85,3952,Bronze INV,br_ReAssessmentPhysicalHealth,TASK_COMPLETE,FAILED,ERROR,294,294,1,SAMMS INV pipeline failed. Check the failed parent/child activity run details.,2026-08-19T21:53:13.467Z,2026-08-19T22:54:29.012Z,3676,2026-08-19T22:54:29.012Z,B57,Pawtucket,2caac1da-4db4-431b-998d-21dc6fd03dce,SAMMS-Pawtucket
202608192252097791,202608192152669327,202608192152666995,85,3953,Bronze INV,br_ReAssessmentPhysicalHealth,TASK_COMPLETE,FAILED,ERROR,555,555,1,SAMMS INV pipeline failed. Check the failed parent/child activity run details.,2026-08-19T21:53:13.467Z,2026-08-19T22:54:29.012Z,3676,2026-08-19T22:54:29.012Z,B57A,Johnston,2caac1da-4db4-431b-998d-21dc6fd03dce,SAMMS-Johnston
202608192252097792,202608192152669328,202608192152666995,85,3954,Bronze INV,br_ReAssessmentPhysicalHealth,TASK_COMPLETE,FAILED,ERROR,166,166,1,SAMMS INV pipeline failed. Check the failed parent/child activity run details.,2026-08-19T21:53:13.467Z,2026-08-19T22:54:29.012Z,3676,2026-08-19T22:54:29.012Z,B57B,Middletown,2caac1da-4db4-431b-998d-21dc6fd03dce,SAMMS-Middletown
202608192252097793,202608192152669329,202608192152666995,85,3955,Bronze INV,br_ReAssessmentPhysicalHealth,TASK_COMPLETE,FAILED,ERROR,414,414,1,SAMMS INV pipeline failed. Check the failed parent/child activity run details.,2026-08-19T21:53:13.467Z,2026-08-19T22:54:29.012Z,3676,2026-08-19T22:54:29.012Z,B57C,Providence,2caac1da-4db4-431b-998d-21dc6fd03dce,SAMMS-Providence
202608192252097794,202608192152669330,202608192152666995,85,3956,Bronze INV,br_ReAssessmentPhysicalHealth,TASK_COMPLETE,FAILED,ERROR,631,631,1,SAMMS INV pipeline failed. Check the failed parent/child activity run details.,2026-08-19T21:53:13.467Z,2026-08-19T22:54:29.012Z,3676,2026-08-19T22:54:29.012Z,B57D,Westerly,2caac1da-4db4-431b-998d-21dc6fd03dce,SAMMS-Westerly
202608192252097795,202608192152669331,202608192152666995,85,3960,Bronze INV,br_ReAssessmentPhysicalHealth,TASK_COMPLETE,FAILED,ERROR,4,4,1,SAMMS INV pipeline failed. Check the failed parent/child activity run details.,2026-08-19T21:53:13.467Z,2026-08-19T22:54:29.012Z,3676,2026-08-19T22:54:29.012Z,B66A,Bremen,2caac1da-4db4-431b-998d-21dc6fd03dce,SAMMS-Bremen
202608192252097796,202608192152669332,202608192152666995,85,3963,Bronze INV,br_ReAssessmentPhysicalHealth,TASK_COMPLETE,FAILED,ERROR,0,0,1,SAMMS INV pipeline failed. Check the failed parent/child activity run details.,2026-08-19T21:53:13.467Z,2026-08-19T22:54:29.012Z,3676,2026-08-19T22:54:29.012Z,B72,Mobile (OBOT),2caac1da-4db4-431b-998d-21dc6fd03dce,SAMMS-Mobile-OBOT
202608192252097797,202608192152669333,202608192152666995,85,3964,Bronze INV,br_ReAssessmentPhysicalHealth,TASK_COMPLETE,FAILED,ERROR,0,0,1,SAMMS INV pipeline failed. Check the failed parent/child activity run details.,2026-08-19T21:53:13.467Z,2026-08-19T22:54:29.012Z,3676,2026-08-19T22:54:29.012Z,B73,Montgomery,2caac1da-4db4-431b-998d-21dc6fd03dce,SAMMS-Montgomery
202608192252097798,202608192152669334,202608192152666995,85,3965,Bronze INV,br_ReAssessmentPhysicalHealth,TASK_COMPLETE,FAILED,ERROR,517,517,1,SAMMS INV pipeline failed. Check the failed parent/child activity run details.,2026-08-19T21:53:13.467Z,2026-08-19T22:54:29.012Z,3676,2026-08-19T22:54:29.012Z,B75,Lawrence,2caac1da-4db4-431b-998d-21dc6fd03dce,SAMMS-LawrenceV6
202608192252097799,202608192152669335,202608192152666995,85,3966,Bronze INV,br_ReAssessmentPhysicalHealth,TASK_COMPLETE,FAILED,ERROR,0,0,1,SAMMS INV pipeline failed. Check the failed parent/child activity run details.,2026-08-19T21:53:13.467Z,2026-08-19T22:54:29.012Z,3676,2026-08-19T22:54:29.012Z,B76,Huntsville OBOT,2caac1da-4db4-431b-998d-21dc6fd03dce,SAMMS-Huntsville-OBOT
202608192252097800,202608192152669336,202608192152666995,85,3967,Bronze INV,br_ReAssessmentPhysicalHealth,TASK_COMPLETE,FAILED,ERROR,0,0,1,SAMMS INV pipeline failed. Check the failed parent/child activity run details.,2026-08-19T21:53:13.467Z,2026-08-19T22:54:29.012Z,3676,2026-08-19T22:54:29.012Z,BAT,Batesville,2caac1da-4db4-431b-998d-21dc6fd03dce,SAMMS-Batesville
202608192252097802,202608192152669337,202608192152666995,85,3968,Bronze INV,br_ReAssessmentPhysicalHealth,TASK_COMPLETE,FAILED,ERROR,461,461,1,SAMMS INV pipeline failed. Check the failed parent/child activity run details.,2026-08-19T21:53:13.467Z,2026-08-19T22:54:29.012Z,3676,2026-08-19T22:54:29.012Z,BG,Bowling Green,2caac1da-4db4-431b-998d-21dc6fd03dce,SAMMS-BowlingGreen
202608192252097803,202608192152669338,202608192152666995,85,3969,Bronze INV,br_ReAssessmentPhysicalHealth,TASK_COMPLETE,FAILED,ERROR,179,179,1,SAMMS INV pipeline failed. Check the failed parent/child activity run details.,2026-08-19T21:53:13.467Z,2026-08-19T22:54:29.012Z,3676,2026-08-19T22:54:29.012Z,BOI,Boise,2caac1da-4db4-431b-998d-21dc6fd03dce,SAMMS-Boise
202608192252097804,202608192152669339,202608192152666995,85,3976,Bronze INV,br_ReAssessmentPhysicalHealth,TASK_COMPLETE,FAILED,ERROR,51,51,1,SAMMS INV pipeline failed. Check the failed parent/child activity run details.,2026-08-19T21:53:13.467Z,2026-08-19T22:54:29.012Z,3676,2026-08-19T22:54:29.012Z,CBCO,Coeur dAlene,2caac1da-4db4-431b-998d-21dc6fd03dce,SAMMS-CoeurdAleneV6
202608192252097805,202608192152669340,202608192152666995,85,3995,Bronze INV,br_ReAssessmentPhysicalHealth,TASK_COMPLETE,FAILED,ERROR,0,0,1,SAMMS INV pipeline failed. Check the failed parent/child activity run details.,2026-08-19T21:53:13.467Z,2026-08-19T22:54:29.012Z,3676,2026-08-19T22:54:29.012Z,CON,Conway,2caac1da-4db4-431b-998d-21dc6fd03dce,SAMMS-Conway
202608192252097806,202608192152669341,202608192152666995,85,3996,Bronze INV,br_ReAssessmentPhysicalHealth,TASK_COMPLETE,FAILED,ERROR,2590,2590,1,SAMMS INV pipeline failed. Check the failed parent/child activity run details.,2026-08-19T21:53:13.467Z,2026-08-19T22:54:29.012Z,3676,2026-08-19T22:54:29.012Z,D07,Medical Services Knox TN,2caac1da-4db4-431b-998d-21dc6fd03dce,SAMMS-KnoxvilleV6
202608192252097807,202608192152669342,202608192152666995,85,3997,Bronze INV,br_ReAssessmentPhysicalHealth,TASK_COMPLETE,FAILED,ERROR,116,116,1,SAMMS INV pipeline failed. Check the failed parent/child activity run details.,2026-08-19T21:53:13.467Z,2026-08-19T22:54:29.012Z,3676,2026-08-19T22:54:29.012Z,D08,Madison,2caac1da-4db4-431b-998d-21dc6fd03dce,SAMMS-MadisonV6
202608192252097808,202608192152669343,202608192152666995,85,3999,Bronze INV,br_ReAssessmentPhysicalHealth,TASK_COMPLETE,FAILED,ERROR,123,123,1,SAMMS INV pipeline failed. Check the failed parent/child activity run details.,2026-08-19T21:53:13.467Z,2026-08-19T22:54:29.012Z,3676,2026-08-19T22:54:29.012Z,D09,Murfreesboro,2caac1da-4db4-431b-998d-21dc6fd03dce,SAMMS-MurfreesboroV6
202608192252097809,202608192152669344,202608192152666995,85,4000,Bronze INV,br_ReAssessmentPhysicalHealth,TASK_COMPLETE,FAILED,ERROR,337,337,1,SAMMS INV pipeline failed. Check the failed parent/child activity run details.,2026-08-19T21:53:13.467Z,2026-08-19T22:54:29.012Z,3676,2026-08-19T22:54:29.012Z,DA,Davenport,2caac1da-4db4-431b-998d-21dc6fd03dce,SAMMS-Davenport
202608192252097810,202608192152669345,202608192152666995,85,4001,Bronze INV,br_ReAssessmentPhysicalHealth,TASK_COMPLETE,FAILED,ERROR,292,292,1,SAMMS INV pipeline failed. Check the failed parent/child activity run details.,2026-08-19T21:53:13.467Z,2026-08-19T22:54:29.012Z,3676,2026-08-19T22:54:29.012Z,DM,Des Moines,2caac1da-4db4-431b-998d-21dc6fd03dce,SAMMS-DesMoines
202608192252097811,202608192152669346,202608192152666995,85,4003,Bronze INV,br_ReAssessmentPhysicalHealth,TASK_COMPLETE,FAILED,ERROR,530,530,1,SAMMS INV pipeline failed. Check the failed parent/child activity run details.,2026-08-19T21:53:13.467Z,2026-08-19T22:54:29.012Z,3676,2026-08-19T22:54:29.012Z,DRD-CO,Columbia MO,2caac1da-4db4-431b-998d-21dc6fd03dce,SAMMS-ColumbiaV5
202608192252097813,202608192152669347,202608192152666995,85,4004,Bronze INV,br_ReAssessmentPhysicalHealth,TASK_COMPLETE,FAILED,ERROR,347,347,1,SAMMS INV pipeline failed. Check the failed parent/child activity run details.,2026-08-19T21:53:13.467Z,2026-08-19T22:54:29.012Z,3676,2026-08-19T22:54:29.012Z,DRD-KC,KC,2caac1da-4db4-431b-998d-21dc6fd03dce,SAMMS-KCv5
202608192252097814,202608192152669348,202608192152666995,85,4005,Bronze INV,br_ReAssessmentPhysicalHealth,TASK_COMPLETE,FAILED,ERROR,1556,1556,1,SAMMS INV pipeline failed. Check the failed parent/child activity run details.,2026-08-19T21:53:13.467Z,2026-08-19T22:54:29.012Z,3676,2026-08-19T22:54:29.012Z,DRD-KVB,KVB,2caac1da-4db4-431b-998d-21dc6fd03dce,SAMMS-KVBv5
202608192252097815,202608192152669349,202608192152666995,85,4006,Bronze INV,br_ReAssessmentPhysicalHealth,TASK_COMPLETE,FAILED,ERROR,1676,1676,1,SAMMS INV pipeline failed. Check the failed parent/child activity run details.,2026-08-19T21:53:13.467Z,2026-08-19T22:54:29.012Z,3676,2026-08-19T22:54:29.012Z,DRD-KVC,KVC,2caac1da-4db4-431b-998d-21dc6fd03dce,SAMMS-KVCv5
202608192252097816,202608192152669350,202608192152666995,85,4007,Bronze INV,br_ReAssessmentPhysicalHealth,TASK_COMPLETE,FAILED,ERROR,3205,3205,1,SAMMS INV pipeline failed. Check the failed parent/child activity run details.,2026-08-19T21:53:13.467Z,2026-08-19T22:54:29.012Z,3676,2026-08-19T22:54:29.012Z,DRD-NOLA,NOLA,2caac1da-4db4-431b-998d-21dc6fd03dce,SAMMS-NOLAv5
202608192252097817,202608192152669351,202608192152666995,85,4008,Bronze INV,br_ReAssessmentPhysicalHealth,TASK_COMPLETE,FAILED,ERROR,802,802,1,SAMMS INV pipeline failed. Check the failed parent/child activity run details.,2026-08-19T21:53:13.467Z,2026-08-19T22:54:29.012Z,3676,2026-08-19T22:54:29.012Z,DRD-SF,Springfield,2caac1da-4db4-431b-998d-21dc6fd03dce,SAMMS-SFv5
202608192252097818,202608192152669352,202608192152666995,85,4010,Bronze INV,br_ReAssessmentPhysicalHealth,TASK_COMPLETE,FAILED,ERROR,261,261,1,SAMMS INV pipeline failed. Check the failed parent/child activity run details.,2026-08-19T21:53:13.467Z,2026-08-19T22:54:29.012Z,3676,2026-08-19T22:54:29.012Z,ELC,Elizabeth City,2caac1da-4db4-431b-998d-21dc6fd03dce,SAMMS-ElizabethCity
202608192252097819,202608192152669353,202608192152666995,85,4011,Bronze INV,br_ReAssessmentPhysicalHealth,TASK_COMPLETE,FAILED,ERROR,128,128,1,SAMMS INV pipeline failed. Check the failed parent/child activity run details.,2026-08-19T21:53:13.467Z,2026-08-19T22:54:29.012Z,3676,2026-08-19T22:54:29.012Z,ET,Elizabethtown,2caac1da-4db4-431b-998d-21dc6fd03dce,SAMMS-Elizabethtown
202608192252097820,202608192152669354,202608192152666995,85,4012,Bronze INV,br_ReAssessmentPhysicalHealth,TASK_COMPLETE,FAILED,ERROR,0,0,1,SAMMS INV pipeline failed. Check the failed parent/child activity run details.,2026-08-19T21:53:13.467Z,2026-08-19T22:54:29.012Z,3676,2026-08-19T22:54:29.012Z,FAY,Fayetteville,2caac1da-4db4-431b-998d-21dc6fd03dce,SAMMS-Fayetteville
202608192252097821,202608192152669355,202608192152666995,85,4013,Bronze INV,br_ReAssessmentPhysicalHealth,TASK_COMPLETE,FAILED,ERROR,156,156,1,SAMMS INV pipeline failed. Check the failed parent/child activity run details.,2026-08-19T21:53:13.467Z,2026-08-19T22:54:29.012Z,3676,2026-08-19T22:54:29.012Z,FR,Frankfort,2caac1da-4db4-431b-998d-21dc6fd03dce,SAMMS-Frankfort
202608192252097822,202608192152669356,202608192152666995,85,4014,Bronze INV,br_ReAssessmentPhysicalHealth,TASK_COMPLETE,FAILED,ERROR,0,0,1,SAMMS INV pipeline failed. Check the failed parent/child activity run details.,2026-08-19T21:53:13.467Z,2026-08-19T22:54:29.012Z,3676,2026-08-19T22:54:29.012Z,FS,Fort Smith,2caac1da-4db4-431b-998d-21dc6fd03dce,SAMMS-FortSmith
202608192252097824,202608192152669357,202608192152666995,85,4015,Bronze INV,br_ReAssessmentPhysicalHealth,TASK_COMPLETE,FAILED,ERROR,471,471,1,SAMMS INV pipeline failed. Check the failed parent/child activity run details.,2026-08-19T21:53:13.467Z,2026-08-19T22:54:29.012Z,3676,2026-08-19T22:54:29.012Z,FW,Fort Wayne,2caac1da-4db4-431b-998d-21dc6fd03dce,SAMMS-FortWayne
202608192252097825,202608192152669358,202608192152666995,85,4016,Bronze INV,br_ReAssessmentPhysicalHealth,TASK_COMPLETE,FAILED,ERROR,276,276,1,SAMMS INV pipeline failed. Check the failed parent/child activity run details.,2026-08-19T21:53:13.467Z,2026-08-19T22:54:29.012Z,3676,2026-08-19T22:54:29.012Z,GAL,Gaylord,2caac1da-4db4-431b-998d-21dc6fd03dce,SAMMS-Gaylord
202608192252097826,202608192152669359,202608192152666995,85,4020,Bronze INV,br_ReAssessmentPhysicalHealth,TASK_COMPLETE,FAILED,ERROR,100,100,1,SAMMS INV pipeline failed. Check the failed parent/child activity run details.,2026-08-19T21:53:13.467Z,2026-08-19T22:54:29.012Z,3676,2026-08-19T22:54:29.012Z,HGT,Hagerstown,2caac1da-4db4-431b-998d-21dc6fd03dce,SAMMS-Hagerstown
202608192252097827,202608192152669360,202608192152666995,85,4021,Bronze INV,br_ReAssessmentPhysicalHealth,TASK_COMPLETE,FAILED,ERROR,1727,1727,1,SAMMS INV pipeline failed. Check the failed parent/child activity run details.,2026-08-19T21:53:13.467Z,2026-08-19T22:54:29.012Z,3676,2026-08-19T22:54:29.012Z,HNT,Huntsville,2caac1da-4db4-431b-998d-21dc6fd03dce,SAMMS-Huntsville
202608192252097828,202608192152669361,202608192152666995,85,4022,Bronze INV,br_ReAssessmentPhysicalHealth,TASK_COMPLETE,FAILED,ERROR,0,0,1,SAMMS INV pipeline failed. Check the failed parent/child activity run details.,2026-08-19T21:53:13.467Z,2026-08-19T22:54:29.012Z,3676,2026-08-19T22:54:29.012Z,HS,Hot Springs,2caac1da-4db4-431b-998d-21dc6fd03dce,SAMMS-HotSprings
202608192252097829,202608192152669362,202608192152666995,85,4023,Bronze INV,br_ReAssessmentPhysicalHealth,TASK_COMPLETE,FAILED,ERROR,0,0,1,SAMMS INV pipeline failed. Check the failed parent/child activity run details.,2026-08-19T21:53:13.467Z,2026-08-19T22:54:29.012Z,3676,2026-08-19T22:54:29.012Z,JON,Jonesboro,2caac1da-4db4-431b-998d-21dc6fd03dce,SAMMS-Jonesboro
202608192252097830,202608192152669363,202608192152666995,85,4025,Bronze INV,br_ReAssessmentPhysicalHealth,TASK_COMPLETE,FAILED,ERROR,448,448,1,SAMMS INV pipeline failed. Check the failed parent/child activity run details.,2026-08-19T21:53:13.467Z,2026-08-19T22:54:29.012Z,3676,2026-08-19T22:54:29.012Z,LAN,Lansing,2caac1da-4db4-431b-998d-21dc6fd03dce,SAMMS-Lansing
202608192252097831,202608192152669364,202608192152666995,85,4026,Bronze INV,br_ReAssessmentPhysicalHealth,TASK_COMPLETE,FAILED,ERROR,1290,1290,1,SAMMS INV pipeline failed. Check the failed parent/child activity run details.,2026-08-19T21:53:13.467Z,2026-08-19T22:54:29.012Z,3676,2026-08-19T22:54:29.012Z,LO,Louisville,2caac1da-4db4-431b-998d-21dc6fd03dce,SAMMS-Louisville
202608192252097833,202608192152669365,202608192152666995,85,4027,Bronze INV,br_ReAssessmentPhysicalHealth,TASK_COMPLETE,FAILED,ERROR,292,292,1,SAMMS INV pipeline failed. Check the failed parent/child activity run details.,2026-08-19T21:53:13.467Z,2026-08-19T22:54:29.012Z,3676,2026-08-19T22:54:29.012Z,LV1,Cheyenne,2caac1da-4db4-431b-998d-21dc6fd03dce,SAMMS-Cheyenne
202608192252097834,202608192152669366,202608192152666995,85,4028,Bronze INV,br_ReAssessmentPhysicalHealth,TASK_COMPLETE,FAILED,ERROR,205,205,1,SAMMS INV pipeline failed. Check the failed parent/child activity run details.,2026-08-19T21:53:13.467Z,2026-08-19T22:54:29.012Z,3676,2026-08-19T22:54:29.012Z,LV2,Desert Inn,2caac1da-4db4-431b-998d-21dc6fd03dce,SAMMS-DesertInn
202608192252097835,202608192152669367,202608192152666995,85,4029,Bronze INV,br_ReAssessmentPhysicalHealth,TASK_COMPLETE,FAILED,ERROR,110,110,1,SAMMS INV pipeline failed. Check the failed parent/child activity run details.,2026-08-19T21:53:13.467Z,2026-08-19T22:54:29.012Z,3676,2026-08-19T22:54:29.012Z,LV3,McDaniel,2caac1da-4db4-431b-998d-21dc6fd03dce,SAMMS-McDaniel
202608192252097836,202608192152669368,202608192152666995,85,4032,Bronze INV,br_ReAssessmentPhysicalHealth,TASK_COMPLETE,FAILED,ERROR,358,358,1,SAMMS INV pipeline failed. Check the failed parent/child activity run details.,2026-08-19T21:53:13.467Z,2026-08-19T22:54:29.012Z,3676,2026-08-19T22:54:29.012Z,MNRE,Monroe,2caac1da-4db4-431b-998d-21dc6fd03dce,SAMMS-Monroe
202608192252097837,202608192152669369,202608192152666995,85,4033,Bronze INV,br_ReAssessmentPhysicalHealth,TASK_COMPLETE,FAILED,ERROR,1427,1427,1,SAMMS INV pipeline failed. Check the failed parent/child activity run details.,2026-08-19T21:53:13.467Z,2026-08-19T22:54:29.012Z,3676,2026-08-19T22:54:29.012Z,MP,Mt. Pleasant,2caac1da-4db4-431b-998d-21dc6fd03dce,SAMMS-MtPleasant
202608192252097838,202608192152669370,202608192152666995,85,4034,Bronze INV,br_ReAssessmentPhysicalHealth,TASK_COMPLETE,FAILED,ERROR,153,153,1,SAMMS INV pipeline failed. Check the failed parent/child activity run details.,2026-08-19T21:53:13.467Z,2026-08-19T22:54:29.012Z,3676,2026-08-19T22:54:29.012Z,MRD,Meridian,2caac1da-4db4-431b-998d-21dc6fd03dce,SAMMS-Meridian
202608192252097840,202608192152669371,202608192152666995,85,4039,Bronze INV,br_ReAssessmentPhysicalHealth,TASK_COMPLETE,FAILED,ERROR,694,694,1,SAMMS INV pipeline failed. Check the failed parent/child activity run details.,2026-08-19T21:53:13.467Z,2026-08-19T22:54:29.012Z,3676,2026-08-19T22:54:29.012Z,NC,North Charleston,2caac1da-4db4-431b-998d-21dc6fd03dce,SAMMS-NorthCharleston
202608192252097841,202608192152669372,202608192152666995,85,4040,Bronze INV,br_ReAssessmentPhysicalHealth,TASK_COMPLETE,FAILED,ERROR,0,0,1,SAMMS INV pipeline failed. Check the failed parent/child activity run details.,2026-08-19T21:53:13.467Z,2026-08-19T22:54:29.012Z,3676,2026-08-19T22:54:29.012Z,NLR,N. Little Rock,2caac1da-4db4-431b-998d-21dc6fd03dce,SAMMS-NLROBOT
202608192252097842,202608192152669373,202608192152666995,85,4041,Bronze INV,br_ReAssessmentPhysicalHealth,TASK_COMPLETE,FAILED,ERROR,112,112,1,SAMMS INV pipeline failed. Check the failed parent/child activity run details.,2026-08-19T21:53:13.467Z,2026-08-19T22:54:29.012Z,3676,2026-08-19T22:54:29.012Z,PH,Phoenix,2caac1da-4db4-431b-998d-21dc6fd03dce,SAMMS-Phoenix
202608192252097843,202608192152669374,202608192152666995,85,4045,Bronze INV,br_ReAssessmentPhysicalHealth,TASK_COMPLETE,FAILED,ERROR,216,216,1,SAMMS INV pipeline failed. Check the failed parent/child activity run details.,2026-08-19T21:53:13.467Z,2026-08-19T22:54:29.012Z,3676,2026-08-19T22:54:29.012Z,RE,Reno,2caac1da-4db4-431b-998d-21dc6fd03dce,SAMMS-Reno
202608192252097844,202608192152669375,202608192152666995,85,4046,Bronze INV,br_ReAssessmentPhysicalHealth,TASK_COMPLETE,FAILED,ERROR,88,88,1,SAMMS INV pipeline failed. Check the failed parent/child activity run details.,2026-08-19T21:53:13.467Z,2026-08-19T22:54:29.012Z,3676,2026-08-19T22:54:29.012Z,RMD,Richmond,2caac1da-4db4-431b-998d-21dc6fd03dce,SAMMS-Richmond
202608192252097845,202608192152669376,202608192152666995,85,4047,Bronze INV,br_ReAssessmentPhysicalHealth,TASK_COMPLETE,FAILED,ERROR,589,589,1,SAMMS INV pipeline failed. Check the failed parent/child activity run details.,2026-08-19T21:53:13.467Z,2026-08-19T22:54:29.012Z,3676,2026-08-19T22:54:29.012Z,SFN,Springfield North,2caac1da-4db4-431b-998d-21dc6fd03dce,SAMMS-SFNv5
202608192252097846,202608192152669377,202608192152666995,85,4048,Bronze INV,br_ReAssessmentPhysicalHealth,TASK_COMPLETE,FAILED,ERROR,769,769,1,SAMMS INV pipeline failed. Check the failed parent/child activity run details.,2026-08-19T21:53:13.467Z,2026-08-19T22:54:29.012Z,3676,2026-08-19T22:54:29.012Z,SHP,Shreveport,2caac1da-4db4-431b-998d-21dc6fd03dce,SAMMS-Shreveport
202608192252097848,202608192152669378,202608192152666995,85,4050,Bronze INV,br_ReAssessmentPhysicalHealth,TASK_COMPLETE,FAILED,ERROR,486,486,1,SAMMS INV pipeline failed. Check the failed parent/child activity run details.,2026-08-19T21:53:13.467Z,2026-08-19T22:54:29.012Z,3676,2026-08-19T22:54:29.012Z,STN,Staunton,2caac1da-4db4-431b-998d-21dc6fd03dce,SAMMS-Staunton
202608192252097849,202608192152669379,202608192152666995,85,4051,Bronze INV,br_ReAssessmentPhysicalHealth,TASK_COMPLETE,FAILED,ERROR,225,225,1,SAMMS INV pipeline failed. Check the failed parent/child activity run details.,2026-08-19T21:53:13.467Z,2026-08-19T22:54:29.012Z,3676,2026-08-19T22:54:29.012Z,STVN,Stevenson,2caac1da-4db4-431b-998d-21dc6fd03dce,SAMMS-Stevenson
202608192252097850,202608192152669380,202608192152666995,85,4053,Bronze INV,br_ReAssessmentPhysicalHealth,TASK_COMPLETE,FAILED,ERROR,174,174,1,SAMMS INV pipeline failed. Check the failed parent/child activity run details.,2026-08-19T21:53:13.467Z,2026-08-19T22:54:29.012Z,3676,2026-08-19T22:54:29.012Z,TE,Tempe,2caac1da-4db4-431b-998d-21dc6fd03dce,SAMMS-Tempe
202608192252097851,202608192152669381,202608192152666995,85,4054,Bronze INV,br_ReAssessmentPhysicalHealth,TASK_COMPLETE,FAILED,ERROR,0,0,1,SAMMS INV pipeline failed. Check the failed parent/child activity run details.,2026-08-19T21:53:13.467Z,2026-08-19T22:54:29.012Z,3676,2026-08-19T22:54:29.012Z,TEX,Texarkana,2caac1da-4db4-431b-998d-21dc6fd03dce,SAMMS-Texarkana
202608192252097852,202608192152669382,202608192152666995,85,4055,Bronze INV,br_ReAssessmentPhysicalHealth,TASK_COMPLETE,FAILED,ERROR,1084,1084,1,SAMMS INV pipeline failed. Check the failed parent/child activity run details.,2026-08-19T21:53:13.467Z,2026-08-19T22:54:29.012Z,3676,2026-08-19T22:54:29.012Z,TTCA,Bessemer,2caac1da-4db4-431b-998d-21dc6fd03dce,SAMMS-BessemerV5
202608192252097853,202608192152669383,202608192152666995,85,4056,Bronze INV,br_ReAssessmentPhysicalHealth,TASK_COMPLETE,FAILED,ERROR,1321,1321,1,SAMMS INV pipeline failed. Check the failed parent/child activity run details.,2026-08-19T21:53:13.467Z,2026-08-19T22:54:29.012Z,3676,2026-08-19T22:54:29.012Z,TTCB,Cullman,2caac1da-4db4-431b-998d-21dc6fd03dce,SAMMS-CullmanV5
202608192252097855,202608192152669384,202608192152666995,85,4057,Bronze INV,br_ReAssessmentPhysicalHealth,TASK_COMPLETE,FAILED,ERROR,945,945,1,SAMMS INV pipeline failed. Check the failed parent/child activity run details.,2026-08-19T21:53:13.467Z,2026-08-19T22:54:29.012Z,3676,2026-08-19T22:54:29.012Z,TTCC,Grand Bay,2caac1da-4db4-431b-998d-21dc6fd03dce,SAMMS-GrandBay
202608192252097856,202608192152669385,202608192152666995,85,4058,Bronze INV,br_ReAssessmentPhysicalHealth,TASK_COMPLETE,FAILED,ERROR,15,15,1,SAMMS INV pipeline failed. Check the failed parent/child activity run details.,2026-08-19T21:53:13.467Z,2026-08-19T22:54:29.012Z,3676,2026-08-19T22:54:29.012Z,TU,Tucson,2caac1da-4db4-431b-998d-21dc6fd03dce,SAMMS-Tucson
202608192252097857,202608192152669386,202608192152666995,85,4060,Bronze INV,br_ReAssessmentPhysicalHealth,TASK_COMPLETE,FAILED,ERROR,661,661,1,SAMMS INV pipeline failed. Check the failed parent/child activity run details.,2026-08-19T21:53:13.467Z,2026-08-19T22:54:29.012Z,3676,2026-08-19T22:54:29.012Z,V1,Memphis South,2caac1da-4db4-431b-998d-21dc6fd03dce,SAMMS-VCPHCS-I-MemphisV5
202608192252097858,202608192152669387,202608192152666995,85,4061,Bronze INV,br_ReAssessmentPhysicalHealth,TASK_COMPLETE,FAILED,ERROR,1630,1630,1,SAMMS INV pipeline failed. Check the failed parent/child activity run details.,2026-08-19T21:53:13.467Z,2026-08-19T22:54:29.012Z,3676,2026-08-19T22:54:29.012Z,V10,Longmont,2caac1da-4db4-431b-998d-21dc6fd03dce,SAMMS-BoulderV5
202608192252097859,202608192152669388,202608192152666995,85,4062,Bronze INV,br_ReAssessmentPhysicalHealth,TASK_COMPLETE,FAILED,ERROR,1517,1517,1,SAMMS INV pipeline failed. Check the failed parent/child activity run details.,2026-08-19T21:53:13.467Z,2026-08-19T22:54:29.012Z,3676,2026-08-19T22:54:29.012Z,V10A,Fort Collins,2caac1da-4db4-431b-998d-21dc6fd03dce,SAMMS-FortCollinsV5
202608192252097860,202608192152669389,202608192152666995,85,4063,Bronze INV,br_ReAssessmentPhysicalHealth,TASK_COMPLETE,FAILED,ERROR,2876,2876,1,SAMMS INV pipeline failed. Check the failed parent/child activity run details.,2026-08-19T21:53:13.467Z,2026-08-19T22:54:29.012Z,3676,2026-08-19T22:54:29.012Z,V11,Westminster,2caac1da-4db4-431b-998d-21dc6fd03dce,SAMMS-VCPHCS-XI-NorthDenverV5
202608192252097862,202608192152669390,202608192152666995,85,4064,Bronze INV,br_ReAssessmentPhysicalHealth,TASK_COMPLETE,FAILED,ERROR,3046,3046,1,SAMMS INV pipeline failed. Check the failed parent/child activity run details.,2026-08-19T21:53:13.467Z,2026-08-19T22:54:29.012Z,3676,2026-08-19T22:54:29.012Z,V12,Downtown Denver,2caac1da-4db4-431b-998d-21dc6fd03dce,SAMMS-VCPHCS-XII-DowntownDenverV5
202608192252097863,202608192152669391,202608192152666995,85,4065,Bronze INV,br_ReAssessmentPhysicalHealth,TASK_COMPLETE,FAILED,ERROR,1144,1144,1,SAMMS INV pipeline failed. Check the failed parent/child activity run details.,2026-08-19T21:53:13.467Z,2026-08-19T22:54:29.012Z,3676,2026-08-19T22:54:29.012Z,V12A,Centennial,2caac1da-4db4-431b-998d-21dc6fd03dce,SAMMS-CentennialV5
202608192252097864,202608192152669392,202608192152666995,85,4066,Bronze INV,br_ReAssessmentPhysicalHealth,TASK_COMPLETE,FAILED,ERROR,295,295,1,SAMMS INV pipeline failed. Check the failed parent/child activity run details.,2026-08-19T21:53:13.467Z,2026-08-19T22:54:29.012Z,3676,2026-08-19T22:54:29.012Z,V14,Overland Park,2caac1da-4db4-431b-998d-21dc6fd03dce,SAMMS-VCPHCS-XIV-BridgewayV5
202608192252097865,202608192152669393,202608192152666995,85,4067,Bronze INV,br_ReAssessmentPhysicalHealth,TASK_COMPLETE,FAILED,ERROR,609,609,1,SAMMS INV pipeline failed. Check the failed parent/child activity run details.,2026-08-19T21:53:13.467Z,2026-08-19T22:54:29.012Z,3676,2026-08-19T22:54:29.012Z,V15,Joplin,2caac1da-4db4-431b-998d-21dc6fd03dce,SAMMS-JoplinV5
202608192252097866,202608192152669394,202608192152666995,85,4069,Bronze INV,br_ReAssessmentPhysicalHealth,TASK_COMPLETE,FAILED,ERROR,906,906,1,SAMMS INV pipeline failed. Check the failed parent/child activity run details.,2026-08-19T21:53:13.467Z,2026-08-19T22:54:29.012Z,3676,2026-08-19T22:54:29.012Z,V17,Columbia TN,2caac1da-4db4-431b-998d-21dc6fd03dce,SAMMS-ColumbiaTNv5
202608192252097867,202608192152669395,202608192152666995,85,4071,Bronze INV,br_ReAssessmentPhysicalHealth,TASK_COMPLETE,FAILED,ERROR,534,534,1,SAMMS INV pipeline failed. Check the failed parent/child activity run details.,2026-08-19T21:53:13.467Z,2026-08-19T22:54:29.012Z,3676,2026-08-19T22:54:29.012Z,V19,Jackson,2caac1da-4db4-431b-998d-21dc6fd03dce,SAMMS-JacksonV5
202608192252097869,202608192152669396,202608192152666995,85,4073,Bronze INV,br_ReAssessmentPhysicalHealth,TASK_COMPLETE,FAILED,ERROR,1776,1776,1,SAMMS INV pipeline failed. Check the failed parent/child activity run details.,2026-08-19T21:53:13.467Z,2026-08-19T22:54:29.012Z,3676,2026-08-19T22:54:29.012Z,V20,Paris,2caac1da-4db4-431b-998d-21dc6fd03dce,SAMMS-ParisV5
202608192252097870,202608192152669397,202608192152666995,85,4074,Bronze INV,br_ReAssessmentPhysicalHealth,TASK_COMPLETE,FAILED,ERROR,723,723,1,SAMMS INV pipeline failed. Check the failed parent/child activity run details.,2026-08-19T21:53:13.467Z,2026-08-19T22:54:29.012Z,3676,2026-08-19T22:54:29.012Z,V21,Memphis North,2caac1da-4db4-431b-998d-21dc6fd03dce,SAMMS-RaleighV5
202608192252096460,202608192152667104,202608192152666995,85,2242,Bronze INV,br_InvType,TASK_COMPLETE,FAILED,ERROR,7,7,1,SAMMS INV pipeline failed. Check the failed parent/child activity run details.,2026-08-19T21:53:13.467Z,2026-08-19T22:54:29.012Z,3676,2026-08-19T22:54:29.012Z,V8,Memphis Midtown,2caac1da-4db4-431b-998d-21dc6fd03dce,SAMMS-VCPHCS-VIII-MemphisV5
202608192252096461,202608192152667105,202608192152666995,85,2243,Bronze INV,br_InvType,TASK_COMPLETE,FAILED,ERROR,7,7,1,SAMMS INV pipeline failed. Check the failed parent/child activity run details.,2026-08-19T21:53:13.467Z,2026-08-19T22:54:29.012Z,3676,2026-08-19T22:54:29.012Z,V9,Nashville,2caac1da-4db4-431b-998d-21dc6fd03dce,SAMMS-NashvilleV5
202608192252096463,202608192152667106,202608192152666995,85,2244,Bronze INV,br_InvType,TASK_COMPLETE,FAILED,ERROR,7,7,1,SAMMS INV pipeline failed. Check the failed parent/child activity run details.,2026-08-19T21:53:13.467Z,2026-08-19T22:54:29.012Z,3676,2026-08-19T22:54:29.012Z,VBRA,Brainerd,2caac1da-4db4-431b-998d-21dc6fd03dce,SAMMS-BrainerdV6
202608192252096464,202608192152667107,202608192152666995,85,2245,Bronze INV,br_InvType,TASK_COMPLETE,FAILED,ERROR,7,7,1,SAMMS INV pipeline failed. Check the failed parent/child activity run details.,2026-08-19T21:53:13.467Z,2026-08-19T22:54:29.012Z,3676,2026-08-19T22:54:29.012Z,VBRP,Brooklyn Park,2caac1da-4db4-431b-998d-21dc6fd03dce,SAMMS-BrooklynParkV6
202608192252096465,202608192152667108,202608192152666995,85,2247,Bronze INV,br_InvType,TASK_COMPLETE,FAILED,ERROR,7,7,1,SAMMS INV pipeline failed. Check the failed parent/child activity run details.,2026-08-19T21:53:13.467Z,2026-08-19T22:54:29.012Z,3676,2026-08-19T22:54:29.012Z,VMIN,Minneapolis,2caac1da-4db4-431b-998d-21dc6fd03dce,SAMMS-MinneapolisV6
202608192252096466,202608192152667109,202608192152666995,85,2248,Bronze INV,br_InvType,TASK_COMPLETE,FAILED,ERROR,7,7,1,SAMMS INV pipeline failed. Check the failed parent/child activity run details.,2026-08-19T21:53:13.467Z,2026-08-19T22:54:29.012Z,3676,2026-08-19T22:54:29.012Z,VWBY,Woodbury,2caac1da-4db4-431b-998d-21dc6fd03dce,SAMMS-WoodburyV6
202608192252096467,202608192152667110,202608192152666995,85,2250,Bronze INV,br_InvType,TASK_COMPLETE,FAILED,ERROR,7,7,1,SAMMS INV pipeline failed. Check the failed parent/child activity run details.,2026-08-19T21:53:13.467Z,2026-08-19T22:54:29.012Z,3676,2026-08-19T22:54:29.012Z,WIL,Wilson,2caac1da-4db4-431b-998d-21dc6fd03dce,SAMMS-Wilson
202608192252096573,202608192152767013,202608192152766995,86,8577,Silver INV,sl_InvType,TASK_COMPLETE,SUCCESS,INFO,755,755,0,,2026-08-19T21:53:13.467Z,2026-08-19T22:54:29.012Z,3676,2026-08-19T22:54:29.012Z,,,2caac1da-4db4-431b-998d-21dc6fd03dce,
202608192252096489,202608192152667453,202608192152666995,85,2254,Bronze INV,br_LabResult,TASK_COMPLETE,FAILED,ERROR,1693,1693,1,SAMMS INV pipeline failed. Check the failed parent/child activity run details.,2026-08-19T21:53:13.467Z,2026-08-19T22:54:29.012Z,3676,2026-08-19T22:54:29.012Z,AHK,Ahoskie,2caac1da-4db4-431b-998d-21dc6fd03dce,SAMMS-Ahoskie
202608192252096490,202608192152667454,202608192152666995,85,2255,Bronze INV,br_LabResult,TASK_COMPLETE,FAILED,ERROR,1260,1260,1,SAMMS INV pipeline failed. Check the failed parent/child activity run details.,2026-08-19T21:53:13.467Z,2026-08-19T22:54:29.012Z,3676,2026-08-19T22:54:29.012Z,B12B,Colorado Springs,2caac1da-4db4-431b-998d-21dc6fd03dce,SAMMS-ColoradoSpringsV5
202608192252096492,202608192152667455,202608192152666995,85,2256,Bronze INV,br_LabResult,TASK_COMPLETE,FAILED,ERROR,1833,1833,1,SAMMS INV pipeline failed. Check the failed parent/child activity run details.,2026-08-19T21:53:13.467Z,2026-08-19T22:54:29.012Z,3676,2026-08-19T22:54:29.012Z,B24,Paintsville,2caac1da-4db4-431b-998d-21dc6fd03dce,SAMMS-PaintsvilleV5
202608192252096493,202608192152667456,202608192152666995,85,2257,Bronze INV,br_LabResult,TASK_COMPLETE,FAILED,ERROR,2281,2281,1,SAMMS INV pipeline failed. Check the failed parent/child activity run details.,2026-08-19T21:53:13.467Z,2026-08-19T22:54:29.012Z,3676,2026-08-19T22:54:29.012Z,B25,Pikeville,2caac1da-4db4-431b-998d-21dc6fd03dce,SAMMS-PikevilleV5
202608192252096494,202608192152667457,202608192152666995,85,2258,Bronze INV,br_LabResult,TASK_COMPLETE,FAILED,ERROR,2734,2734,1,SAMMS INV pipeline failed. Check the failed parent/child activity run details.,2026-08-19T21:53:13.467Z,2026-08-19T22:54:29.012Z,3676,2026-08-19T22:54:29.012Z,B26,Hazard,2caac1da-4db4-431b-998d-21dc6fd03dce,SAMMS-HazardV5
202608192252096495,202608192152667458,202608192152666995,85,2259,Bronze INV,br_LabResult,TASK_COMPLETE,FAILED,ERROR,3,3,1,SAMMS INV pipeline failed. Check the failed parent/child activity run details.,2026-08-19T21:53:13.467Z,2026-08-19T22:54:29.012Z,3676,2026-08-19T22:54:29.012Z,B27,Savannah,2caac1da-4db4-431b-998d-21dc6fd03dce,SAMMS-SavannahV6
202608192252096496,202608192152667459,202608192152666995,85,2260,Bronze INV,br_LabResult,TASK_COMPLETE,FAILED,ERROR,1555,1555,1,SAMMS INV pipeline failed. Check the failed parent/child activity run details.,2026-08-19T21:53:13.467Z,2026-08-19T22:54:29.012Z,3676,2026-08-19T22:54:29.012Z,B28,West Plains,2caac1da-4db4-431b-998d-21dc6fd03dce,SAMMS-WestPlainesV5
202608192252096497,202608192152667460,202608192152666995,85,2261,Bronze INV,br_LabResult,TASK_COMPLETE,FAILED,ERROR,1884,1884,1,SAMMS INV pipeline failed. Check the failed parent/child activity run details.,2026-08-19T21:53:13.467Z,2026-08-19T22:54:29.012Z,3676,2026-08-19T22:54:29.012Z,B29,Poplar Bluff,2caac1da-4db4-431b-998d-21dc6fd03dce,SAMMS-PoplarBluffV5
202608192252096499,202608192152667461,202608192152666995,85,2262,Bronze INV,br_LabResult,TASK_COMPLETE,FAILED,ERROR,1509,1509,1,SAMMS INV pipeline failed. Check the failed parent/child activity run details.,2026-08-19T21:53:13.467Z,2026-08-19T22:54:29.012Z,3676,2026-08-19T22:54:29.012Z,B30,KC North,2caac1da-4db4-431b-998d-21dc6fd03dce,SAMMS-KCNv5
202608192252096500,202608192152667462,202608192152666995,85,2263,Bronze INV,br_LabResult,TASK_COMPLETE,FAILED,ERROR,5367,5367,1,SAMMS INV pipeline failed. Check the failed parent/child activity run details.,2026-08-19T21:53:13.467Z,2026-08-19T22:54:29.012Z,3676,2026-08-19T22:54:29.012Z,B31,Dyersburg,2caac1da-4db4-431b-998d-21dc6fd03dce,SAMMS-DyersburgV5
202608192252096501,202608192152667463,202608192152666995,85,2265,Bronze INV,br_LabResult,TASK_COMPLETE,FAILED,ERROR,4139,4139,1,SAMMS INV pipeline failed. Check the failed parent/child activity run details.,2026-08-19T21:53:13.467Z,2026-08-19T22:54:29.012Z,3676,2026-08-19T22:54:29.012Z,B33,Paducah,2caac1da-4db4-431b-998d-21dc6fd03dce,SAMMS-Paducah
202608192252096502,202608192152667464,202608192152666995,85,2266,Bronze INV,br_LabResult,TASK_COMPLETE,FAILED,ERROR,2293,2293,1,SAMMS INV pipeline failed. Check the failed parent/child activity run details.,2026-08-19T21:53:13.467Z,2026-08-19T22:54:29.012Z,3676,2026-08-19T22:54:29.012Z,B34,Corbin,2caac1da-4db4-431b-998d-21dc6fd03dce,SAMMS-CorbinV5
202608192252096503,202608192152667465,202608192152666995,85,2267,Bronze INV,br_LabResult,TASK_COMPLETE,FAILED,ERROR,11636,11636,1,SAMMS INV pipeline failed. Check the failed parent/child activity run details.,2026-08-19T21:53:13.467Z,2026-08-19T22:54:29.012Z,3676,2026-08-19T22:54:29.012Z,B35,Lexington,2caac1da-4db4-431b-998d-21dc6fd03dce,SAMMS-LexingtonV5
202608192252096504,202608192152667466,202608192152666995,85,2268,Bronze INV,br_LabResult,TASK_COMPLETE,FAILED,ERROR,2393,2393,1,SAMMS INV pipeline failed. Check the failed parent/child activity run details.,2026-08-19T21:53:13.467Z,2026-08-19T22:54:29.012Z,3676,2026-08-19T22:54:29.012Z,B35A,Berea,2caac1da-4db4-431b-998d-21dc6fd03dce,SAMMS-BereaV5
202608192252096505,202608192152667467,202608192152666995,85,2269,Bronze INV,br_LabResult,TASK_COMPLETE,FAILED,ERROR,1162,1162,1,SAMMS INV pipeline failed. Check the failed parent/child activity run details.,2026-08-19T21:53:13.467Z,2026-08-19T22:54:29.012Z,3676,2026-08-19T22:54:29.012Z,B36,Asheville,2caac1da-4db4-431b-998d-21dc6fd03dce,SAMMS-AshevilleV5
202608192252096506,202608192152667468,202608192152666995,85,2270,Bronze INV,br_LabResult,TASK_COMPLETE,FAILED,ERROR,1697,1697,1,SAMMS INV pipeline failed. Check the failed parent/child activity run details.,2026-08-19T21:53:13.467Z,2026-08-19T22:54:29.012Z,3676,2026-08-19T22:54:29.012Z,B37,Clyde,2caac1da-4db4-431b-998d-21dc6fd03dce,SAMMS-ClydeV5
202608192252096508,202608192152667469,202608192152666995,85,2271,Bronze INV,br_LabResult,TASK_COMPLETE,FAILED,ERROR,5918,5918,1,SAMMS INV pipeline failed. Check the failed parent/child activity run details.,2026-08-19T21:53:13.467Z,2026-08-19T22:54:29.012Z,3676,2026-08-19T22:54:29.012Z,B38,Spartanburg,2caac1da-4db4-431b-998d-21dc6fd03dce,SAMMS-SpartanburgV5
202608192252096509,202608192152667470,202608192152666995,85,2272,Bronze INV,br_LabResult,TASK_COMPLETE,FAILED,ERROR,1795,1795,1,SAMMS INV pipeline failed. Check the failed parent/child activity run details.,2026-08-19T21:53:13.467Z,2026-08-19T22:54:29.012Z,3676,2026-08-19T22:54:29.012Z,B39,Aiken,2caac1da-4db4-431b-998d-21dc6fd03dce,SAMMS-AikenV5
202608192252096510,202608192152667471,202608192152666995,85,2273,Bronze INV,br_LabResult,TASK_COMPLETE,FAILED,ERROR,4044,4044,1,SAMMS INV pipeline failed. Check the failed parent/child activity run details.,2026-08-19T21:53:13.467Z,2026-08-19T22:54:29.012Z,3676,2026-08-19T22:54:29.012Z,B41,Chesapeake,2caac1da-4db4-431b-998d-21dc6fd03dce,SAMMS-ChesapeakeV5
202608192252096511,202608192152667472,202608192152666995,85,2274,Bronze INV,br_LabResult,TASK_COMPLETE,FAILED,ERROR,14366,14366,1,SAMMS INV pipeline failed. Check the failed parent/child activity run details.,2026-08-19T21:53:13.467Z,2026-08-19T22:54:29.012Z,3676,2026-08-19T22:54:29.012Z,B42,Virginia Beach,2caac1da-4db4-431b-998d-21dc6fd03dce,SAMMS-VirginiaBeachV5
202608192252096512,202608192152667473,202608192152666995,85,2275,Bronze INV,br_LabResult,TASK_COMPLETE,FAILED,ERROR,1413,1413,1,SAMMS INV pipeline failed. Check the failed parent/child activity run details.,2026-08-19T21:53:13.467Z,2026-08-19T22:54:29.012Z,3676,2026-08-19T22:54:29.012Z,B42A,Newport News,2caac1da-4db4-431b-998d-21dc6fd03dce,SAMMS-NewportNewsV5
202608192252096513,202608192152667474,202608192152666995,85,2276,Bronze INV,br_LabResult,TASK_COMPLETE,FAILED,ERROR,751,751,1,SAMMS INV pipeline failed. Check the failed parent/child activity run details.,2026-08-19T21:53:13.467Z,2026-08-19T22:54:29.012Z,3676,2026-08-19T22:54:29.012Z,B42B,Franklin,2caac1da-4db4-431b-998d-21dc6fd03dce,SAMMS-FranklinV5
202608192252096514,202608192152667475,202608192152666995,85,2277,Bronze INV,br_LabResult,TASK_COMPLETE,FAILED,ERROR,1475,1475,1,SAMMS INV pipeline failed. Check the failed parent/child activity run details.,2026-08-19T21:53:13.467Z,2026-08-19T22:54:29.012Z,3676,2026-08-19T22:54:29.012Z,B42C,Glen Allen,2caac1da-4db4-431b-998d-21dc6fd03dce,SAMMS-GlenAllenV5
202608192252096515,202608192152667476,202608192152666995,85,2278,Bronze INV,br_LabResult,TASK_COMPLETE,FAILED,ERROR,1330,1330,1,SAMMS INV pipeline failed. Check the failed parent/child activity run details.,2026-08-19T21:53:13.467Z,2026-08-19T22:54:29.012Z,3676,2026-08-19T22:54:29.012Z,B42D,Chesapeake South,2caac1da-4db4-431b-998d-21dc6fd03dce,SAMMS-ChesapeakeSouthV5
202608192252096516,202608192152667477,202608192152666995,85,2279,Bronze INV,br_LabResult,TASK_COMPLETE,FAILED,ERROR,2928,2928,1,SAMMS INV pipeline failed. Check the failed parent/child activity run details.,2026-08-19T21:53:13.467Z,2026-08-19T22:54:29.012Z,3676,2026-08-19T22:54:29.012Z,B44,Albany,2caac1da-4db4-431b-998d-21dc6fd03dce,SAMMS-AlbanyV5
202608192252096517,202608192152667478,202608192152666995,85,2280,Bronze INV,br_LabResult,TASK_COMPLETE,FAILED,ERROR,2383,2383,1,SAMMS INV pipeline failed. Check the failed parent/child activity run details.,2026-08-19T21:53:13.467Z,2026-08-19T22:54:29.012Z,3676,2026-08-19T22:54:29.012Z,B45,Tifton,2caac1da-4db4-431b-998d-21dc6fd03dce,SAMMS-TiftonV5
202608192252096519,202608192152667479,202608192152666995,85,2281,Bronze INV,br_LabResult,TASK_COMPLETE,FAILED,ERROR,617,617,1,SAMMS INV pipeline failed. Check the failed parent/child activity run details.,2026-08-19T21:53:13.467Z,2026-08-19T22:54:29.012Z,3676,2026-08-19T22:54:29.012Z,B46,Washington DC,2caac1da-4db4-431b-998d-21dc6fd03dce,SAMMS-WashingtonDCv5
202608192252096520,202608192152667480,202608192152666995,85,2282,Bronze INV,br_LabResult,TASK_COMPLETE,FAILED,ERROR,334,334,1,SAMMS INV pipeline failed. Check the failed parent/child activity run details.,2026-08-19T21:53:13.467Z,2026-08-19T22:54:29.012Z,3676,2026-08-19T22:54:29.012Z,B47,Mobile,2caac1da-4db4-431b-998d-21dc6fd03dce,SAMMS-MobileV5
202608192252096521,202608192152667481,202608192152666995,85,2283,Bronze INV,br_LabResult,TASK_COMPLETE,FAILED,ERROR,3347,3347,1,SAMMS INV pipeline failed. Check the failed parent/child activity run details.,2026-08-19T21:53:13.467Z,2026-08-19T22:54:29.012Z,3676,2026-08-19T22:54:29.012Z,B48,Tuscaloosa,2caac1da-4db4-431b-998d-21dc6fd03dce,SAMMS-TuscaloosaV5
202608192252096522,202608192152667482,202608192152666995,85,2292,Bronze INV,br_LabResult,TASK_COMPLETE,FAILED,ERROR,5,5,1,SAMMS INV pipeline failed. Check the failed parent/child activity run details.,2026-08-19T21:53:13.467Z,2026-08-19T22:54:29.012Z,3676,2026-08-19T22:54:29.012Z,B51,N. Little Rock (OTP),2caac1da-4db4-431b-998d-21dc6fd03dce,SAMMS-NorthLittleRockV6
202608192252096523,202608192152667483,202608192152666995,85,2293,Bronze INV,br_LabResult,TASK_COMPLETE,FAILED,ERROR,253,253,1,SAMMS INV pipeline failed. Check the failed parent/child activity run details.,2026-08-19T21:53:13.467Z,2026-08-19T22:54:29.012Z,3676,2026-08-19T22:54:29.012Z,B52,Jackson GA,2caac1da-4db4-431b-998d-21dc6fd03dce,SAMMS-JacksonGAV5
202608192252096524,202608192152667484,202608192152666995,85,2294,Bronze INV,br_LabResult,TASK_COMPLETE,FAILED,ERROR,2660,2660,1,SAMMS INV pipeline failed. Check the failed parent/child activity run details.,2026-08-19T21:53:13.467Z,2026-08-19T22:54:29.012Z,3676,2026-08-19T22:54:29.012Z,B54,Gadsden,2caac1da-4db4-431b-998d-21dc6fd03dce,SAMMS-GadsdenV5
202608192252096525,202608192152667485,202608192152666995,85,2295,Bronze INV,br_LabResult,TASK_COMPLETE,FAILED,ERROR,489,489,1,SAMMS INV pipeline failed. Check the failed parent/child activity run details.,2026-08-19T21:53:13.467Z,2026-08-19T22:54:29.012Z,3676,2026-08-19T22:54:29.012Z,B55,Shoals,2caac1da-4db4-431b-998d-21dc6fd03dce,SAMMS-ShoalsV5
202608192252096526,202608192152667486,202608192152666995,85,2296,Bronze INV,br_LabResult,TASK_COMPLETE,FAILED,ERROR,3,3,1,SAMMS INV pipeline failed. Check the failed parent/child activity run details.,2026-08-19T21:53:13.467Z,2026-08-19T22:54:29.012Z,3676,2026-08-19T22:54:29.012Z,B57,Pawtucket,2caac1da-4db4-431b-998d-21dc6fd03dce,SAMMS-Pawtucket
202608192252096527,202608192152667487,202608192152666995,85,2297,Bronze INV,br_LabResult,TASK_COMPLETE,FAILED,ERROR,6,6,1,SAMMS INV pipeline failed. Check the failed parent/child activity run details.,2026-08-19T21:53:13.467Z,2026-08-19T22:54:29.012Z,3676,2026-08-19T22:54:29.012Z,B57A,Johnston,2caac1da-4db4-431b-998d-21dc6fd03dce,SAMMS-Johnston
202608192252096529,202608192152667488,202608192152666995,85,2298,Bronze INV,br_LabResult,TASK_COMPLETE,FAILED,ERROR,9,9,1,SAMMS INV pipeline failed. Check the failed parent/child activity run details.,2026-08-19T21:53:13.467Z,2026-08-19T22:54:29.012Z,3676,2026-08-19T22:54:29.012Z,B57B,Middletown,2caac1da-4db4-431b-998d-21dc6fd03dce,SAMMS-Middletown
202608192252096530,202608192152667489,202608192152666995,85,2299,Bronze INV,br_LabResult,TASK_COMPLETE,FAILED,ERROR,2,2,1,SAMMS INV pipeline failed. Check the failed parent/child activity run details.,2026-08-19T21:53:13.467Z,2026-08-19T22:54:29.012Z,3676,2026-08-19T22:54:29.012Z,B57C,Providence,2caac1da-4db4-431b-998d-21dc6fd03dce,SAMMS-Providence
202608192252096531,202608192152667490,202608192152666995,85,2300,Bronze INV,br_LabResult,TASK_COMPLETE,FAILED,ERROR,3,3,1,SAMMS INV pipeline failed. Check the failed parent/child activity run details.,2026-08-19T21:53:13.467Z,2026-08-19T22:54:29.012Z,3676,2026-08-19T22:54:29.012Z,B57D,Westerly,2caac1da-4db4-431b-998d-21dc6fd03dce,SAMMS-Westerly
202608192252096532,202608192152667491,202608192152666995,85,2304,Bronze INV,br_LabResult,TASK_COMPLETE,FAILED,ERROR,2,2,1,SAMMS INV pipeline failed. Check the failed parent/child activity run details.,2026-08-19T21:53:13.467Z,2026-08-19T22:54:29.012Z,3676,2026-08-19T22:54:29.012Z,B66A,Bremen,2caac1da-4db4-431b-998d-21dc6fd03dce,SAMMS-Bremen
202608192252096533,202608192152667492,202608192152666995,85,2307,Bronze INV,br_LabResult,TASK_COMPLETE,FAILED,ERROR,3,3,1,SAMMS INV pipeline failed. Check the failed parent/child activity run details.,2026-08-19T21:53:13.467Z,2026-08-19T22:54:29.012Z,3676,2026-08-19T22:54:29.012Z,B72,Mobile (OBOT),2caac1da-4db4-431b-998d-21dc6fd03dce,SAMMS-Mobile-OBOT
202608192252096534,202608192152667493,202608192152666995,85,2308,Bronze INV,br_LabResult,TASK_COMPLETE,FAILED,ERROR,1,1,1,SAMMS INV pipeline failed. Check the failed parent/child activity run details.,2026-08-19T21:53:13.467Z,2026-08-19T22:54:29.012Z,3676,2026-08-19T22:54:29.012Z,B73,Montgomery,2caac1da-4db4-431b-998d-21dc6fd03dce,SAMMS-Montgomery
202608192252096535,202608192152667494,202608192152666995,85,2309,Bronze INV,br_LabResult,TASK_COMPLETE,FAILED,ERROR,499,499,1,SAMMS INV pipeline failed. Check the failed parent/child activity run details.,2026-08-19T21:53:13.467Z,2026-08-19T22:54:29.012Z,3676,2026-08-19T22:54:29.012Z,B75,Lawrence,2caac1da-4db4-431b-998d-21dc6fd03dce,SAMMS-LawrenceV6
202608192252096536,202608192152667495,202608192152666995,85,2310,Bronze INV,br_LabResult,TASK_COMPLETE,FAILED,ERROR,1,1,1,SAMMS INV pipeline failed. Check the failed parent/child activity run details.,2026-08-19T21:53:13.467Z,2026-08-19T22:54:29.012Z,3676,2026-08-19T22:54:29.012Z,B76,Huntsville OBOT,2caac1da-4db4-431b-998d-21dc6fd03dce,SAMMS-Huntsville-OBOT
202608192252096537,202608192152667496,202608192152666995,85,2311,Bronze INV,br_LabResult,TASK_COMPLETE,FAILED,ERROR,4,4,1,SAMMS INV pipeline failed. Check the failed parent/child activity run details.,2026-08-19T21:53:13.467Z,2026-08-19T22:54:29.012Z,3676,2026-08-19T22:54:29.012Z,BAT,Batesville,2caac1da-4db4-431b-998d-21dc6fd03dce,SAMMS-Batesville
202608192252096539,202608192152667497,202608192152666995,85,2312,Bronze INV,br_LabResult,TASK_COMPLETE,FAILED,ERROR,2692,2692,1,SAMMS INV pipeline failed. Check the failed parent/child activity run details.,2026-08-19T21:53:13.467Z,2026-08-19T22:54:29.012Z,3676,2026-08-19T22:54:29.012Z,BG,Bowling Green,2caac1da-4db4-431b-998d-21dc6fd03dce,SAMMS-BowlingGreen
202608192252096540,202608192152667498,202608192152666995,85,2313,Bronze INV,br_LabResult,TASK_COMPLETE,FAILED,ERROR,184,184,1,SAMMS INV pipeline failed. Check the failed parent/child activity run details.,2026-08-19T21:53:13.467Z,2026-08-19T22:54:29.012Z,3676,2026-08-19T22:54:29.012Z,BOI,Boise,2caac1da-4db4-431b-998d-21dc6fd03dce,SAMMS-Boise
202608192252096541,202608192152667499,202608192152666995,85,2320,Bronze INV,br_LabResult,TASK_COMPLETE,FAILED,ERROR,234,234,1,SAMMS INV pipeline failed. Check the failed parent/child activity run details.,2026-08-19T21:53:13.467Z,2026-08-19T22:54:29.012Z,3676,2026-08-19T22:54:29.012Z,CBCO,Coeur dAlene,2caac1da-4db4-431b-998d-21dc6fd03dce,SAMMS-CoeurdAleneV6
202608192252096542,202608192152667500,202608192152666995,85,2339,Bronze INV,br_LabResult,TASK_COMPLETE,FAILED,ERROR,1,1,1,SAMMS INV pipeline failed. Check the failed parent/child activity run details.,2026-08-19T21:53:13.467Z,2026-08-19T22:54:29.012Z,3676,2026-08-19T22:54:29.012Z,CON,Conway,2caac1da-4db4-431b-998d-21dc6fd03dce,SAMMS-Conway
202608192252096543,202608192152667501,202608192152666995,85,2340,Bronze INV,br_LabResult,TASK_COMPLETE,FAILED,ERROR,11,11,1,SAMMS INV pipeline failed. Check the failed parent/child activity run details.,2026-08-19T21:53:13.467Z,2026-08-19T22:54:29.012Z,3676,2026-08-19T22:54:29.012Z,D07,Medical Services Knox TN,2caac1da-4db4-431b-998d-21dc6fd03dce,SAMMS-KnoxvilleV6
202608192252096544,202608192152667502,202608192152666995,85,2341,Bronze INV,br_LabResult,TASK_COMPLETE,FAILED,ERROR,995,995,1,SAMMS INV pipeline failed. Check the failed parent/child activity run details.,2026-08-19T21:53:13.467Z,2026-08-19T22:54:29.012Z,3676,2026-08-19T22:54:29.012Z,D08,Madison,2caac1da-4db4-431b-998d-21dc6fd03dce,SAMMS-MadisonV6
202608192252096545,202608192152667503,202608192152666995,85,2343,Bronze INV,br_LabResult,TASK_COMPLETE,FAILED,ERROR,705,705,1,SAMMS INV pipeline failed. Check the failed parent/child activity run details.,2026-08-19T21:53:13.467Z,2026-08-19T22:54:29.012Z,3676,2026-08-19T22:54:29.012Z,D09,Murfreesboro,2caac1da-4db4-431b-998d-21dc6fd03dce,SAMMS-MurfreesboroV6
202608192252096546,202608192152667504,202608192152666995,85,2344,Bronze INV,br_LabResult,TASK_COMPLETE,FAILED,ERROR,5,5,1,SAMMS INV pipeline failed. Check the failed parent/child activity run details.,2026-08-19T21:53:13.467Z,2026-08-19T22:54:29.012Z,3676,2026-08-19T22:54:29.012Z,DA,Davenport,2caac1da-4db4-431b-998d-21dc6fd03dce,SAMMS-Davenport
202608192252096547,202608192152667505,202608192152666995,85,2345,Bronze INV,br_LabResult,TASK_COMPLETE,FAILED,ERROR,2652,2652,1,SAMMS INV pipeline failed. Check the failed parent/child activity run details.,2026-08-19T21:53:13.467Z,2026-08-19T22:54:29.012Z,3676,2026-08-19T22:54:29.012Z,DM,Des Moines,2caac1da-4db4-431b-998d-21dc6fd03dce,SAMMS-DesMoines
202608192252096549,202608192152667506,202608192152666995,85,2347,Bronze INV,br_LabResult,TASK_COMPLETE,FAILED,ERROR,3024,3024,1,SAMMS INV pipeline failed. Check the failed parent/child activity run details.,2026-08-19T21:53:13.467Z,2026-08-19T22:54:29.012Z,3676,2026-08-19T22:54:29.012Z,DRD-CO,Columbia MO,2caac1da-4db4-431b-998d-21dc6fd03dce,SAMMS-ColumbiaV5
202608192252096550,202608192152667507,202608192152666995,85,2348,Bronze INV,br_LabResult,TASK_COMPLETE,FAILED,ERROR,3292,3292,1,SAMMS INV pipeline failed. Check the failed parent/child activity run details.,2026-08-19T21:53:13.467Z,2026-08-19T22:54:29.012Z,3676,2026-08-19T22:54:29.012Z,DRD-KC,KC,2caac1da-4db4-431b-998d-21dc6fd03dce,SAMMS-KCv5
202608192252096551,202608192152667508,202608192152666995,85,2349,Bronze INV,br_LabResult,TASK_COMPLETE,FAILED,ERROR,19358,19358,1,SAMMS INV pipeline failed. Check the failed parent/child activity run details.,2026-08-19T21:53:13.467Z,2026-08-19T22:54:29.012Z,3676,2026-08-19T22:54:29.012Z,DRD-KVB,KVB,2caac1da-4db4-431b-998d-21dc6fd03dce,SAMMS-KVBv5
202608192252096552,202608192152667509,202608192152666995,85,2350,Bronze INV,br_LabResult,TASK_COMPLETE,FAILED,ERROR,23661,23661,1,SAMMS INV pipeline failed. Check the failed parent/child activity run details.,2026-08-19T21:53:13.467Z,2026-08-19T22:54:29.012Z,3676,2026-08-19T22:54:29.012Z,DRD-KVC,KVC,2caac1da-4db4-431b-998d-21dc6fd03dce,SAMMS-KVCv5
202608192252096553,202608192152667510,202608192152666995,85,2351,Bronze INV,br_LabResult,TASK_COMPLETE,FAILED,ERROR,6445,6445,1,SAMMS INV pipeline failed. Check the failed parent/child activity run details.,2026-08-19T21:53:13.467Z,2026-08-19T22:54:29.012Z,3676,2026-08-19T22:54:29.012Z,DRD-NOLA,NOLA,2caac1da-4db4-431b-998d-21dc6fd03dce,SAMMS-NOLAv5
202608192252096554,202608192152667511,202608192152666995,85,2352,Bronze INV,br_LabResult,TASK_COMPLETE,FAILED,ERROR,5673,5673,1,SAMMS INV pipeline failed. Check the failed parent/child activity run details.,2026-08-19T21:53:13.467Z,2026-08-19T22:54:29.012Z,3676,2026-08-19T22:54:29.012Z,DRD-SF,Springfield,2caac1da-4db4-431b-998d-21dc6fd03dce,SAMMS-SFv5
202608192252096555,202608192152667512,202608192152666995,85,2354,Bronze INV,br_LabResult,TASK_COMPLETE,FAILED,ERROR,9544,9544,1,SAMMS INV pipeline failed. Check the failed parent/child activity run details.,2026-08-19T21:53:13.467Z,2026-08-19T22:54:29.012Z,3676,2026-08-19T22:54:29.012Z,ELC,Elizabeth City,2caac1da-4db4-431b-998d-21dc6fd03dce,SAMMS-ElizabethCity
202608192252096556,202608192152667513,202608192152666995,85,2355,Bronze INV,br_LabResult,TASK_COMPLETE,FAILED,ERROR,2231,2231,1,SAMMS INV pipeline failed. Check the failed parent/child activity run details.,2026-08-19T21:53:13.467Z,2026-08-19T22:54:29.012Z,3676,2026-08-19T22:54:29.012Z,ET,Elizabethtown,2caac1da-4db4-431b-998d-21dc6fd03dce,SAMMS-Elizabethtown
202608192252096557,202608192152667514,202608192152666995,85,2356,Bronze INV,br_LabResult,TASK_COMPLETE,FAILED,ERROR,1,1,1,SAMMS INV pipeline failed. Check the failed parent/child activity run details.,2026-08-19T21:53:13.467Z,2026-08-19T22:54:29.012Z,3676,2026-08-19T22:54:29.012Z,FAY,Fayetteville,2caac1da-4db4-431b-998d-21dc6fd03dce,SAMMS-Fayetteville
202608192252096558,202608192152667515,202608192152666995,85,2357,Bronze INV,br_LabResult,TASK_COMPLETE,FAILED,ERROR,5345,5345,1,SAMMS INV pipeline failed. Check the failed parent/child activity run details.,2026-08-19T21:53:13.467Z,2026-08-19T22:54:29.012Z,3676,2026-08-19T22:54:29.012Z,FR,Frankfort,2caac1da-4db4-431b-998d-21dc6fd03dce,SAMMS-Frankfort
202608192252096560,202608192152667516,202608192152666995,85,2358,Bronze INV,br_LabResult,TASK_COMPLETE,FAILED,ERROR,2,2,1,SAMMS INV pipeline failed. Check the failed parent/child activity run details.,2026-08-19T21:53:13.467Z,2026-08-19T22:54:29.012Z,3676,2026-08-19T22:54:29.012Z,FS,Fort Smith,2caac1da-4db4-431b-998d-21dc6fd03dce,SAMMS-FortSmith
202608192252096561,202608192152667517,202608192152666995,85,2359,Bronze INV,br_LabResult,TASK_COMPLETE,FAILED,ERROR,9150,9150,1,SAMMS INV pipeline failed. Check the failed parent/child activity run details.,2026-08-19T21:53:13.467Z,2026-08-19T22:54:29.012Z,3676,2026-08-19T22:54:29.012Z,FW,Fort Wayne,2caac1da-4db4-431b-998d-21dc6fd03dce,SAMMS-FortWayne
202608192252096562,202608192152667518,202608192152666995,85,2360,Bronze INV,br_LabResult,TASK_COMPLETE,FAILED,ERROR,2,2,1,SAMMS INV pipeline failed. Check the failed parent/child activity run details.,2026-08-19T21:53:13.467Z,2026-08-19T22:54:29.012Z,3676,2026-08-19T22:54:29.012Z,GAL,Gaylord,2caac1da-4db4-431b-998d-21dc6fd03dce,SAMMS-Gaylord
202608192252096563,202608192152667519,202608192152666995,85,2364,Bronze INV,br_LabResult,TASK_COMPLETE,FAILED,ERROR,4642,4642,1,SAMMS INV pipeline failed. Check the failed parent/child activity run details.,2026-08-19T21:53:13.467Z,2026-08-19T22:54:29.012Z,3676,2026-08-19T22:54:29.012Z,HGT,Hagerstown,2caac1da-4db4-431b-998d-21dc6fd03dce,SAMMS-Hagerstown
202608192252096564,202608192152667520,202608192152666995,85,2365,Bronze INV,br_LabResult,TASK_COMPLETE,FAILED,ERROR,645,645,1,SAMMS INV pipeline failed. Check the failed parent/child activity run details.,2026-08-19T21:53:13.467Z,2026-08-19T22:54:29.012Z,3676,2026-08-19T22:54:29.012Z,HNT,Huntsville,2caac1da-4db4-431b-998d-21dc6fd03dce,SAMMS-Huntsville
202608192252096565,202608192152667521,202608192152666995,85,2366,Bronze INV,br_LabResult,TASK_COMPLETE,FAILED,ERROR,1,1,1,SAMMS INV pipeline failed. Check the failed parent/child activity run details.,2026-08-19T21:53:13.467Z,2026-08-19T22:54:29.012Z,3676,2026-08-19T22:54:29.012Z,HS,Hot Springs,2caac1da-4db4-431b-998d-21dc6fd03dce,SAMMS-HotSprings
202608192252096566,202608192152667522,202608192152666995,85,2367,Bronze INV,br_LabResult,TASK_COMPLETE,FAILED,ERROR,2,2,1,SAMMS INV pipeline failed. Check the failed parent/child activity run details.,2026-08-19T21:53:13.467Z,2026-08-19T22:54:29.012Z,3676,2026-08-19T22:54:29.012Z,JON,Jonesboro,2caac1da-4db4-431b-998d-21dc6fd03dce,SAMMS-Jonesboro
202608192252096567,202608192152667523,202608192152666995,85,2369,Bronze INV,br_LabResult,TASK_COMPLETE,FAILED,ERROR,3,3,1,SAMMS INV pipeline failed. Check the failed parent/child activity run details.,2026-08-19T21:53:13.467Z,2026-08-19T22:54:29.012Z,3676,2026-08-19T22:54:29.012Z,LAN,Lansing,2caac1da-4db4-431b-998d-21dc6fd03dce,SAMMS-Lansing
202608192252096568,202608192152667524,202608192152666995,85,2370,Bronze INV,br_LabResult,TASK_COMPLETE,FAILED,ERROR,27823,27823,1,SAMMS INV pipeline failed. Check the failed parent/child activity run details.,2026-08-19T21:53:13.467Z,2026-08-19T22:54:29.012Z,3676,2026-08-19T22:54:29.012Z,LO,Louisville,2caac1da-4db4-431b-998d-21dc6fd03dce,SAMMS-Louisville
202608192252096570,202608192152667525,202608192152666995,85,2371,Bronze INV,br_LabResult,TASK_COMPLETE,FAILED,ERROR,6517,6517,1,SAMMS INV pipeline failed. Check the failed parent/child activity run details.,2026-08-19T21:53:13.467Z,2026-08-19T22:54:29.012Z,3676,2026-08-19T22:54:29.012Z,LV1,Cheyenne,2caac1da-4db4-431b-998d-21dc6fd03dce,SAMMS-Cheyenne
202608192252096571,202608192152667526,202608192152666995,85,2372,Bronze INV,br_LabResult,TASK_COMPLETE,FAILED,ERROR,9268,9268,1,SAMMS INV pipeline failed. Check the failed parent/child activity run details.,2026-08-19T21:53:13.467Z,2026-08-19T22:54:29.012Z,3676,2026-08-19T22:54:29.012Z,LV2,Desert Inn,2caac1da-4db4-431b-998d-21dc6fd03dce,SAMMS-DesertInn
202608192252096572,202608192152667527,202608192152666995,85,2373,Bronze INV,br_LabResult,TASK_COMPLETE,FAILED,ERROR,1876,1876,1,SAMMS INV pipeline failed. Check the failed parent/child activity run details.,2026-08-19T21:53:13.467Z,2026-08-19T22:54:29.012Z,3676,2026-08-19T22:54:29.012Z,LV3,McDaniel,2caac1da-4db4-431b-998d-21dc6fd03dce,SAMMS-McDaniel
202608192252096573,202608192152667528,202608192152666995,85,2376,Bronze INV,br_LabResult,TASK_COMPLETE,FAILED,ERROR,2,2,1,SAMMS INV pipeline failed. Check the failed parent/child activity run details.,2026-08-19T21:53:13.467Z,2026-08-19T22:54:29.012Z,3676,2026-08-19T22:54:29.012Z,MNRE,Monroe,2caac1da-4db4-431b-998d-21dc6fd03dce,SAMMS-Monroe
202608192252096574,202608192152667529,202608192152666995,85,2377,Bronze INV,br_LabResult,TASK_COMPLETE,FAILED,ERROR,1,1,1,SAMMS INV pipeline failed. Check the failed parent/child activity run details.,2026-08-19T21:53:13.467Z,2026-08-19T22:54:29.012Z,3676,2026-08-19T22:54:29.012Z,MP,Mt. Pleasant,2caac1da-4db4-431b-998d-21dc6fd03dce,SAMMS-MtPleasant
202608192252096575,202608192152667530,202608192152666995,85,2378,Bronze INV,br_LabResult,TASK_COMPLETE,FAILED,ERROR,253,253,1,SAMMS INV pipeline failed. Check the failed parent/child activity run details.,2026-08-19T21:53:13.467Z,2026-08-19T22:54:29.012Z,3676,2026-08-19T22:54:29.012Z,MRD,Meridian,2caac1da-4db4-431b-998d-21dc6fd03dce,SAMMS-Meridian
202608192252096576,202608192152667531,202608192152666995,85,2383,Bronze INV,br_LabResult,TASK_COMPLETE,FAILED,ERROR,7508,7508,1,SAMMS INV pipeline failed. Check the failed parent/child activity run details.,2026-08-19T21:53:13.467Z,2026-08-19T22:54:29.012Z,3676,2026-08-19T22:54:29.012Z,NC,North Charleston,2caac1da-4db4-431b-998d-21dc6fd03dce,SAMMS-NorthCharleston
202608192252096578,202608192152667532,202608192152666995,85,2384,Bronze INV,br_LabResult,TASK_COMPLETE,FAILED,ERROR,2,2,1,SAMMS INV pipeline failed. Check the failed parent/child activity run details.,2026-08-19T21:53:13.467Z,2026-08-19T22:54:29.012Z,3676,2026-08-19T22:54:29.012Z,NLR,N. Little Rock,2caac1da-4db4-431b-998d-21dc6fd03dce,SAMMS-NLROBOT
202608192252096579,202608192152667533,202608192152666995,85,2385,Bronze INV,br_LabResult,TASK_COMPLETE,FAILED,ERROR,1914,1914,1,SAMMS INV pipeline failed. Check the failed parent/child activity run details.,2026-08-19T21:53:13.467Z,2026-08-19T22:54:29.012Z,3676,2026-08-19T22:54:29.012Z,PH,Phoenix,2caac1da-4db4-431b-998d-21dc6fd03dce,SAMMS-Phoenix
202608192252096580,202608192152667534,202608192152666995,85,2389,Bronze INV,br_LabResult,TASK_COMPLETE,FAILED,ERROR,18872,18872,1,SAMMS INV pipeline failed. Check the failed parent/child activity run details.,2026-08-19T21:53:13.467Z,2026-08-19T22:54:29.012Z,3676,2026-08-19T22:54:29.012Z,RE,Reno,2caac1da-4db4-431b-998d-21dc6fd03dce,SAMMS-Reno
202608192252096581,202608192152667535,202608192152666995,85,2390,Bronze INV,br_LabResult,TASK_COMPLETE,FAILED,ERROR,1995,1995,1,SAMMS INV pipeline failed. Check the failed parent/child activity run details.,2026-08-19T21:53:13.467Z,2026-08-19T22:54:29.012Z,3676,2026-08-19T22:54:29.012Z,RMD,Richmond,2caac1da-4db4-431b-998d-21dc6fd03dce,SAMMS-Richmond
202608192252096582,202608192152667536,202608192152666995,85,2391,Bronze INV,br_LabResult,TASK_COMPLETE,FAILED,ERROR,3664,3664,1,SAMMS INV pipeline failed. Check the failed parent/child activity run details.,2026-08-19T21:53:13.467Z,2026-08-19T22:54:29.012Z,3676,2026-08-19T22:54:29.012Z,SFN,Springfield North,2caac1da-4db4-431b-998d-21dc6fd03dce,SAMMS-SFNv5
202608192252096583,202608192152667537,202608192152666995,85,2392,Bronze INV,br_LabResult,TASK_COMPLETE,FAILED,ERROR,156,156,1,SAMMS INV pipeline failed. Check the failed parent/child activity run details.,2026-08-19T21:53:13.467Z,2026-08-19T22:54:29.012Z,3676,2026-08-19T22:54:29.012Z,SHP,Shreveport,2caac1da-4db4-431b-998d-21dc6fd03dce,SAMMS-Shreveport
202608192252096584,202608192152667538,202608192152666995,85,2394,Bronze INV,br_LabResult,TASK_COMPLETE,FAILED,ERROR,4,4,1,SAMMS INV pipeline failed. Check the failed parent/child activity run details.,2026-08-19T21:53:13.467Z,2026-08-19T22:54:29.012Z,3676,2026-08-19T22:54:29.012Z,STN,Staunton,2caac1da-4db4-431b-998d-21dc6fd03dce,SAMMS-Staunton
202608192252096585,202608192152667539,202608192152666995,85,2395,Bronze INV,br_LabResult,TASK_COMPLETE,FAILED,ERROR,241,241,1,SAMMS INV pipeline failed. Check the failed parent/child activity run details.,2026-08-19T21:53:13.467Z,2026-08-19T22:54:29.012Z,3676,2026-08-19T22:54:29.012Z,STVN,Stevenson,2caac1da-4db4-431b-998d-21dc6fd03dce,SAMMS-Stevenson
202608192252096587,202608192152667540,202608192152666995,85,2397,Bronze INV,br_LabResult,TASK_COMPLETE,FAILED,ERROR,5278,5278,1,SAMMS INV pipeline failed. Check the failed parent/child activity run details.,2026-08-19T21:53:13.467Z,2026-08-19T22:54:29.012Z,3676,2026-08-19T22:54:29.012Z,TE,Tempe,2caac1da-4db4-431b-998d-21dc6fd03dce,SAMMS-Tempe
202608192252096588,202608192152667541,202608192152666995,85,2398,Bronze INV,br_LabResult,TASK_COMPLETE,FAILED,ERROR,2,2,1,SAMMS INV pipeline failed. Check the failed parent/child activity run details.,2026-08-19T21:53:13.467Z,2026-08-19T22:54:29.012Z,3676,2026-08-19T22:54:29.012Z,TEX,Texarkana,2caac1da-4db4-431b-998d-21dc6fd03dce,SAMMS-Texarkana
202608192252096589,202608192152667542,202608192152666995,85,2399,Bronze INV,br_LabResult,TASK_COMPLETE,FAILED,ERROR,1662,1662,1,SAMMS INV pipeline failed. Check the failed parent/child activity run details.,2026-08-19T21:53:13.467Z,2026-08-19T22:54:29.012Z,3676,2026-08-19T22:54:29.012Z,TTCA,Bessemer,2caac1da-4db4-431b-998d-21dc6fd03dce,SAMMS-BessemerV5
202608192252096590,202608192152667543,202608192152666995,85,2400,Bronze INV,br_LabResult,TASK_COMPLETE,FAILED,ERROR,2087,2087,1,SAMMS INV pipeline failed. Check the failed parent/child activity run details.,2026-08-19T21:53:13.467Z,2026-08-19T22:54:29.012Z,3676,2026-08-19T22:54:29.012Z,TTCB,Cullman,2caac1da-4db4-431b-998d-21dc6fd03dce,SAMMS-CullmanV5
202608192252096591,202608192152667544,202608192152666995,85,2401,Bronze INV,br_LabResult,TASK_COMPLETE,FAILED,ERROR,4,4,1,SAMMS INV pipeline failed. Check the failed parent/child activity run details.,2026-08-19T21:53:13.467Z,2026-08-19T22:54:29.012Z,3676,2026-08-19T22:54:29.012Z,TTCC,Grand Bay,2caac1da-4db4-431b-998d-21dc6fd03dce,SAMMS-GrandBay
202608192252096592,202608192152667545,202608192152666995,85,2402,Bronze INV,br_LabResult,TASK_COMPLETE,FAILED,ERROR,717,717,1,SAMMS INV pipeline failed. Check the failed parent/child activity run details.,2026-08-19T21:53:13.467Z,2026-08-19T22:54:29.012Z,3676,2026-08-19T22:54:29.012Z,TU,Tucson,2caac1da-4db4-431b-998d-21dc6fd03dce,SAMMS-Tucson
202608192252096593,202608192152667546,202608192152666995,85,2404,Bronze INV,br_LabResult,TASK_COMPLETE,FAILED,ERROR,4984,4984,1,SAMMS INV pipeline failed. Check the failed parent/child activity run details.,2026-08-19T21:53:13.467Z,2026-08-19T22:54:29.012Z,3676,2026-08-19T22:54:29.012Z,V1,Memphis South,2caac1da-4db4-431b-998d-21dc6fd03dce,SAMMS-VCPHCS-I-MemphisV5
202608192252096594,202608192152667547,202608192152666995,85,2405,Bronze INV,br_LabResult,TASK_COMPLETE,FAILED,ERROR,6230,6230,1,SAMMS INV pipeline failed. Check the failed parent/child activity run details.,2026-08-19T21:53:13.467Z,2026-08-19T22:54:29.012Z,3676,2026-08-19T22:54:29.012Z,V10,Longmont,2caac1da-4db4-431b-998d-21dc6fd03dce,SAMMS-BoulderV5
202608192252096595,202608192152667548,202608192152666995,85,2406,Bronze INV,br_LabResult,TASK_COMPLETE,FAILED,ERROR,3553,3553,1,SAMMS INV pipeline failed. Check the failed parent/child activity run details.,2026-08-19T21:53:13.467Z,2026-08-19T22:54:29.012Z,3676,2026-08-19T22:54:29.012Z,V10A,Fort Collins,2caac1da-4db4-431b-998d-21dc6fd03dce,SAMMS-FortCollinsV5
202608192252096596,202608192152667549,202608192152666995,85,2407,Bronze INV,br_LabResult,TASK_COMPLETE,FAILED,ERROR,7560,7560,1,SAMMS INV pipeline failed. Check the failed parent/child activity run details.,2026-08-19T21:53:13.467Z,2026-08-19T22:54:29.012Z,3676,2026-08-19T22:54:29.012Z,V11,Westminster,2caac1da-4db4-431b-998d-21dc6fd03dce,SAMMS-VCPHCS-XI-NorthDenverV5
202608192252096598,202608192152667550,202608192152666995,85,2408,Bronze INV,br_LabResult,TASK_COMPLETE,FAILED,ERROR,10261,10261,1,SAMMS INV pipeline failed. Check the failed parent/child activity run details.,2026-08-19T21:53:13.467Z,2026-08-19T22:54:29.012Z,3676,2026-08-19T22:54:29.012Z,V12,Downtown Denver,2caac1da-4db4-431b-998d-21dc6fd03dce,SAMMS-VCPHCS-XII-DowntownDenverV5
202608192252096599,202608192152667551,202608192152666995,85,2409,Bronze INV,br_LabResult,TASK_COMPLETE,FAILED,ERROR,4811,4811,1,SAMMS INV pipeline failed. Check the failed parent/child activity run details.,2026-08-19T21:53:13.467Z,2026-08-19T22:54:29.012Z,3676,2026-08-19T22:54:29.012Z,V12A,Centennial,2caac1da-4db4-431b-998d-21dc6fd03dce,SAMMS-CentennialV5
202608192252096600,202608192152667552,202608192152666995,85,2410,Bronze INV,br_LabResult,TASK_COMPLETE,FAILED,ERROR,3266,3266,1,SAMMS INV pipeline failed. Check the failed parent/child activity run details.,2026-08-19T21:53:13.467Z,2026-08-19T22:54:29.012Z,3676,2026-08-19T22:54:29.012Z,V14,Overland Park,2caac1da-4db4-431b-998d-21dc6fd03dce,SAMMS-VCPHCS-XIV-BridgewayV5
202608192252096601,202608192152667553,202608192152666995,85,2411,Bronze INV,br_LabResult,TASK_COMPLETE,FAILED,ERROR,2515,2515,1,SAMMS INV pipeline failed. Check the failed parent/child activity run details.,2026-08-19T21:53:13.467Z,2026-08-19T22:54:29.012Z,3676,2026-08-19T22:54:29.012Z,V15,Joplin,2caac1da-4db4-431b-998d-21dc6fd03dce,SAMMS-JoplinV5
202608192252096602,202608192152667554,202608192152666995,85,2413,Bronze INV,br_LabResult,TASK_COMPLETE,FAILED,ERROR,892,892,1,SAMMS INV pipeline failed. Check the failed parent/child activity run details.,2026-08-19T21:53:13.467Z,2026-08-19T22:54:29.012Z,3676,2026-08-19T22:54:29.012Z,V17,Columbia TN,2caac1da-4db4-431b-998d-21dc6fd03dce,SAMMS-ColumbiaTNv5
202608192252096603,202608192152667555,202608192152666995,85,2415,Bronze INV,br_LabResult,TASK_COMPLETE,FAILED,ERROR,4893,4893,1,SAMMS INV pipeline failed. Check the failed parent/child activity run details.,2026-08-19T21:53:13.467Z,2026-08-19T22:54:29.012Z,3676,2026-08-19T22:54:29.012Z,V19,Jackson,2caac1da-4db4-431b-998d-21dc6fd03dce,SAMMS-JacksonV5
202608192252096604,202608192152667556,202608192152666995,85,2417,Bronze INV,br_LabResult,TASK_COMPLETE,FAILED,ERROR,6726,6726,1,SAMMS INV pipeline failed. Check the failed parent/child activity run details.,2026-08-19T21:53:13.467Z,2026-08-19T22:54:29.012Z,3676,2026-08-19T22:54:29.012Z,V20,Paris,2caac1da-4db4-431b-998d-21dc6fd03dce,SAMMS-ParisV5
202608192252096605,202608192152667557,202608192152666995,85,2418,Bronze INV,br_LabResult,TASK_COMPLETE,FAILED,ERROR,6030,6030,1,SAMMS INV pipeline failed. Check the failed parent/child activity run details.,2026-08-19T21:53:13.467Z,2026-08-19T22:54:29.012Z,3676,2026-08-19T22:54:29.012Z,V21,Memphis North,2caac1da-4db4-431b-998d-21dc6fd03dce,SAMMS-RaleighV5
202608192252096607,202608192152667558,202608192152666995,85,2421,Bronze INV,br_LabResult,TASK_COMPLETE,FAILED,ERROR,7001,7001,1,SAMMS INV pipeline failed. Check the failed parent/child activity run details.,2026-08-19T21:53:13.467Z,2026-08-19T22:54:29.012Z,3676,2026-08-19T22:54:29.012Z,V5,West Bank,2caac1da-4db4-431b-998d-21dc6fd03dce,SAMMS-NONTCv5
202608192252096608,202608192152667559,202608192152666995,85,2423,Bronze INV,br_LabResult,TASK_COMPLETE,FAILED,ERROR,212,212,1,SAMMS INV pipeline failed. Check the failed parent/child activity run details.,2026-08-19T21:53:13.467Z,2026-08-19T22:54:29.012Z,3676,2026-08-19T22:54:29.012Z,V5B,Houma,2caac1da-4db4-431b-998d-21dc6fd03dce,SAMMS-HoumaV6
202608192252096609,202608192152667560,202608192152666995,85,2424,Bronze INV,br_LabResult,TASK_COMPLETE,FAILED,ERROR,4793,4793,1,SAMMS INV pipeline failed. Check the failed parent/child activity run details.,2026-08-19T21:53:13.467Z,2026-08-19T22:54:29.012Z,3676,2026-08-19T22:54:29.012Z,V6,Lake Charles,2caac1da-4db4-431b-998d-21dc6fd03dce,SAMMS-LCv5
202608192252096610,202608192152667561,202608192152666995,85,2426,Bronze INV,br_LabResult,TASK_COMPLETE,FAILED,ERROR,19679,19679,1,SAMMS INV pipeline failed. Check the failed parent/child activity run details.,2026-08-19T21:53:13.467Z,2026-08-19T22:54:29.012Z,3676,2026-08-19T22:54:29.012Z,V8,Memphis Midtown,2caac1da-4db4-431b-998d-21dc6fd03dce,SAMMS-VCPHCS-VIII-MemphisV5
202608192252096611,202608192152667562,202608192152666995,85,2427,Bronze INV,br_LabResult,TASK_COMPLETE,FAILED,ERROR,17501,17501,1,SAMMS INV pipeline failed. Check the failed parent/child activity run details.,2026-08-19T21:53:13.467Z,2026-08-19T22:54:29.012Z,3676,2026-08-19T22:54:29.012Z,V9,Nashville,2caac1da-4db4-431b-998d-21dc6fd03dce,SAMMS-NashvilleV5
202608192252096612,202608192152667563,202608192152666995,85,2428,Bronze INV,br_LabResult,TASK_COMPLETE,FAILED,ERROR,917,917,1,SAMMS INV pipeline failed. Check the failed parent/child activity run details.,2026-08-19T21:53:13.467Z,2026-08-19T22:54:29.012Z,3676,2026-08-19T22:54:29.012Z,VBRA,Brainerd,2caac1da-4db4-431b-998d-21dc6fd03dce,SAMMS-BrainerdV6
202608192252096613,202608192152667564,202608192152666995,85,2429,Bronze INV,br_LabResult,TASK_COMPLETE,FAILED,ERROR,17,17,1,SAMMS INV pipeline failed. Check the failed parent/child activity run details.,2026-08-19T21:53:13.467Z,2026-08-19T22:54:29.012Z,3676,2026-08-19T22:54:29.012Z,VBRP,Brooklyn Park,2caac1da-4db4-431b-998d-21dc6fd03dce,SAMMS-BrooklynParkV6
202608192252096614,202608192152667565,202608192152666995,85,2431,Bronze INV,br_LabResult,TASK_COMPLETE,FAILED,ERROR,2,2,1,SAMMS INV pipeline failed. Check the failed parent/child activity run details.,2026-08-19T21:53:13.467Z,2026-08-19T22:54:29.012Z,3676,2026-08-19T22:54:29.012Z,VMIN,Minneapolis,2caac1da-4db4-431b-998d-21dc6fd03dce,SAMMS-MinneapolisV6
202608192252096615,202608192152667566,202608192152666995,85,2432,Bronze INV,br_LabResult,TASK_COMPLETE,FAILED,ERROR,6,6,1,SAMMS INV pipeline failed. Check the failed parent/child activity run details.,2026-08-19T21:53:13.467Z,2026-08-19T22:54:29.012Z,3676,2026-08-19T22:54:29.012Z,VWBY,Woodbury,2caac1da-4db4-431b-998d-21dc6fd03dce,SAMMS-WoodburyV6
202608192252096616,202608192152667567,202608192152666995,85,2434,Bronze INV,br_LabResult,TASK_COMPLETE,FAILED,ERROR,3346,3346,1,SAMMS INV pipeline failed. Check the failed parent/child activity run details.,2026-08-19T21:53:13.467Z,2026-08-19T22:54:29.012Z,3676,2026-08-19T22:54:29.012Z,WIL,Wilson,2caac1da-4db4-431b-998d-21dc6fd03dce,SAMMS-Wilson
202608192252096718,202608192152767017,202608192152766995,86,8581,Silver INV,sl_LABResult,TASK_COMPLETE,FAILED,ERROR,393621,393621,1,SAMMS INV pipeline failed. Check the failed parent/child activity run details.,2026-08-19T21:53:13.467Z,2026-08-19T22:54:29.012Z,3676,2026-08-19T22:54:29.012Z,,,2caac1da-4db4-431b-998d-21dc6fd03dce,
202608192252096638,202608192152667226,202608192152666995,85,2622,Bronze INV,br_LiquidLog,TASK_COMPLETE,FAILED,ERROR,1549,1549,1,SAMMS INV pipeline failed. Check the failed parent/child activity run details.,2026-08-19T21:53:13.467Z,2026-08-19T22:54:29.012Z,3676,2026-08-19T22:54:29.012Z,AHK,Ahoskie,2caac1da-4db4-431b-998d-21dc6fd03dce,SAMMS-Ahoskie
202608192252096639,202608192152667227,202608192152666995,85,2623,Bronze INV,br_LiquidLog,TASK_COMPLETE,FAILED,ERROR,3959,3959,1,SAMMS INV pipeline failed. Check the failed parent/child activity run details.,2026-08-19T21:53:13.467Z,2026-08-19T22:54:29.012Z,3676,2026-08-19T22:54:29.012Z,B12B,Colorado Springs,2caac1da-4db4-431b-998d-21dc6fd03dce,SAMMS-ColoradoSpringsV5
202608192252096640,202608192152667228,202608192152666995,85,2624,Bronze INV,br_LiquidLog,TASK_COMPLETE,FAILED,ERROR,13780,13780,1,SAMMS INV pipeline failed. Check the failed parent/child activity run details.,2026-08-19T21:53:13.467Z,2026-08-19T22:54:29.012Z,3676,2026-08-19T22:54:29.012Z,B24,Paintsville,2caac1da-4db4-431b-998d-21dc6fd03dce,SAMMS-PaintsvilleV5
202608192252096641,202608192152667229,202608192152666995,85,2625,Bronze INV,br_LiquidLog,TASK_COMPLETE,FAILED,ERROR,11281,11281,1,SAMMS INV pipeline failed. Check the failed parent/child activity run details.,2026-08-19T21:53:13.467Z,2026-08-19T22:54:29.012Z,3676,2026-08-19T22:54:29.012Z,B25,Pikeville,2caac1da-4db4-431b-998d-21dc6fd03dce,SAMMS-PikevilleV5
202608192252096643,202608192152667230,202608192152666995,85,2626,Bronze INV,br_LiquidLog,TASK_COMPLETE,FAILED,ERROR,28705,28705,1,SAMMS INV pipeline failed. Check the failed parent/child activity run details.,2026-08-19T21:53:13.467Z,2026-08-19T22:54:29.012Z,3676,2026-08-19T22:54:29.012Z,B26,Hazard,2caac1da-4db4-431b-998d-21dc6fd03dce,SAMMS-HazardV5
202608192252096644,202608192152667231,202608192152666995,85,2627,Bronze INV,br_LiquidLog,TASK_COMPLETE,FAILED,ERROR,2619,2619,1,SAMMS INV pipeline failed. Check the failed parent/child activity run details.,2026-08-19T21:53:13.467Z,2026-08-19T22:54:29.012Z,3676,2026-08-19T22:54:29.012Z,B27,Savannah,2caac1da-4db4-431b-998d-21dc6fd03dce,SAMMS-SavannahV6
202608192252096645,202608192152667232,202608192152666995,85,2628,Bronze INV,br_LiquidLog,TASK_COMPLETE,FAILED,ERROR,8433,8433,1,SAMMS INV pipeline failed. Check the failed parent/child activity run details.,2026-08-19T21:53:13.467Z,2026-08-19T22:54:29.012Z,3676,2026-08-19T22:54:29.012Z,B28,West Plains,2caac1da-4db4-431b-998d-21dc6fd03dce,SAMMS-WestPlainesV5
202608192252096646,202608192152667233,202608192152666995,85,2629,Bronze INV,br_LiquidLog,TASK_COMPLETE,FAILED,ERROR,5850,5850,1,SAMMS INV pipeline failed. Check the failed parent/child activity run details.,2026-08-19T21:53:13.467Z,2026-08-19T22:54:29.012Z,3676,2026-08-19T22:54:29.012Z,B29,Poplar Bluff,2caac1da-4db4-431b-998d-21dc6fd03dce,SAMMS-PoplarBluffV5
202608192252096647,202608192152667234,202608192152666995,85,2630,Bronze INV,br_LiquidLog,TASK_COMPLETE,FAILED,ERROR,2735,2735,1,SAMMS INV pipeline failed. Check the failed parent/child activity run details.,2026-08-19T21:53:13.467Z,2026-08-19T22:54:29.012Z,3676,2026-08-19T22:54:29.012Z,B30,KC North,2caac1da-4db4-431b-998d-21dc6fd03dce,SAMMS-KCNv5
202608192252096648,202608192152667235,202608192152666995,85,2631,Bronze INV,br_LiquidLog,TASK_COMPLETE,FAILED,ERROR,16607,16607,1,SAMMS INV pipeline failed. Check the failed parent/child activity run details.,2026-08-19T21:53:13.467Z,2026-08-19T22:54:29.012Z,3676,2026-08-19T22:54:29.012Z,B31,Dyersburg,2caac1da-4db4-431b-998d-21dc6fd03dce,SAMMS-DyersburgV5
202608192252096650,202608192152667236,202608192152666995,85,2633,Bronze INV,br_LiquidLog,TASK_COMPLETE,FAILED,ERROR,10154,10154,1,SAMMS INV pipeline failed. Check the failed parent/child activity run details.,2026-08-19T21:53:13.467Z,2026-08-19T22:54:29.012Z,3676,2026-08-19T22:54:29.012Z,B33,Paducah,2caac1da-4db4-431b-998d-21dc6fd03dce,SAMMS-Paducah
202608192252096651,202608192152667237,202608192152666995,85,2634,Bronze INV,br_LiquidLog,TASK_COMPLETE,FAILED,ERROR,16991,16991,1,SAMMS INV pipeline failed. Check the failed parent/child activity run details.,2026-08-19T21:53:13.467Z,2026-08-19T22:54:29.012Z,3676,2026-08-19T22:54:29.012Z,B34,Corbin,2caac1da-4db4-431b-998d-21dc6fd03dce,SAMMS-CorbinV5
202608192252096652,202608192152667238,202608192152666995,85,2635,Bronze INV,br_LiquidLog,TASK_COMPLETE,FAILED,ERROR,28418,28418,1,SAMMS INV pipeline failed. Check the failed parent/child activity run details.,2026-08-19T21:53:13.467Z,2026-08-19T22:54:29.012Z,3676,2026-08-19T22:54:29.012Z,B35,Lexington,2caac1da-4db4-431b-998d-21dc6fd03dce,SAMMS-LexingtonV5
202608192252096653,202608192152667239,202608192152666995,85,2636,Bronze INV,br_LiquidLog,TASK_COMPLETE,FAILED,ERROR,10884,10884,1,SAMMS INV pipeline failed. Check the failed parent/child activity run details.,2026-08-19T21:53:13.467Z,2026-08-19T22:54:29.012Z,3676,2026-08-19T22:54:29.012Z,B35A,Berea,2caac1da-4db4-431b-998d-21dc6fd03dce,SAMMS-BereaV5
202608192252096654,202608192152667240,202608192152666995,85,2637,Bronze INV,br_LiquidLog,TASK_COMPLETE,FAILED,ERROR,8799,8799,1,SAMMS INV pipeline failed. Check the failed parent/child activity run details.,2026-08-19T21:53:13.467Z,2026-08-19T22:54:29.012Z,3676,2026-08-19T22:54:29.012Z,B36,Asheville,2caac1da-4db4-431b-998d-21dc6fd03dce,SAMMS-AshevilleV5
202608192252096655,202608192152667241,202608192152666995,85,2638,Bronze INV,br_LiquidLog,TASK_COMPLETE,FAILED,ERROR,7472,7472,1,SAMMS INV pipeline failed. Check the failed parent/child activity run details.,2026-08-19T21:53:13.467Z,2026-08-19T22:54:29.012Z,3676,2026-08-19T22:54:29.012Z,B37,Clyde,2caac1da-4db4-431b-998d-21dc6fd03dce,SAMMS-ClydeV5
202608192252096657,202608192152667242,202608192152666995,85,2639,Bronze INV,br_LiquidLog,TASK_COMPLETE,FAILED,ERROR,10165,10165,1,SAMMS INV pipeline failed. Check the failed parent/child activity run details.,2026-08-19T21:53:13.467Z,2026-08-19T22:54:29.012Z,3676,2026-08-19T22:54:29.012Z,B38,Spartanburg,2caac1da-4db4-431b-998d-21dc6fd03dce,SAMMS-SpartanburgV5
202608192252096658,202608192152667243,202608192152666995,85,2640,Bronze INV,br_LiquidLog,TASK_COMPLETE,FAILED,ERROR,4159,4159,1,SAMMS INV pipeline failed. Check the failed parent/child activity run details.,2026-08-19T21:53:13.467Z,2026-08-19T22:54:29.012Z,3676,2026-08-19T22:54:29.012Z,B39,Aiken,2caac1da-4db4-431b-998d-21dc6fd03dce,SAMMS-AikenV5
202608192252096659,202608192152667244,202608192152666995,85,2641,Bronze INV,br_LiquidLog,TASK_COMPLETE,FAILED,ERROR,6480,6480,1,SAMMS INV pipeline failed. Check the failed parent/child activity run details.,2026-08-19T21:53:13.467Z,2026-08-19T22:54:29.012Z,3676,2026-08-19T22:54:29.012Z,B41,Chesapeake,2caac1da-4db4-431b-998d-21dc6fd03dce,SAMMS-ChesapeakeV5
202608192252096660,202608192152667245,202608192152666995,85,2642,Bronze INV,br_LiquidLog,TASK_COMPLETE,FAILED,ERROR,9439,9439,1,SAMMS INV pipeline failed. Check the failed parent/child activity run details.,2026-08-19T21:53:13.467Z,2026-08-19T22:54:29.012Z,3676,2026-08-19T22:54:29.012Z,B42,Virginia Beach,2caac1da-4db4-431b-998d-21dc6fd03dce,SAMMS-VirginiaBeachV5
202608192252096661,202608192152667246,202608192152666995,85,2643,Bronze INV,br_LiquidLog,TASK_COMPLETE,FAILED,ERROR,4809,4809,1,SAMMS INV pipeline failed. Check the failed parent/child activity run details.,2026-08-19T21:53:13.467Z,2026-08-19T22:54:29.012Z,3676,2026-08-19T22:54:29.012Z,B42A,Newport News,2caac1da-4db4-431b-998d-21dc6fd03dce,SAMMS-NewportNewsV5
202608192252096662,202608192152667247,202608192152666995,85,2644,Bronze INV,br_LiquidLog,TASK_COMPLETE,FAILED,ERROR,1464,1464,1,SAMMS INV pipeline failed. Check the failed parent/child activity run details.,2026-08-19T21:53:13.467Z,2026-08-19T22:54:29.012Z,3676,2026-08-19T22:54:29.012Z,B42B,Franklin,2caac1da-4db4-431b-998d-21dc6fd03dce,SAMMS-FranklinV5
202608192252096663,202608192152667248,202608192152666995,85,2645,Bronze INV,br_LiquidLog,TASK_COMPLETE,FAILED,ERROR,6435,6435,1,SAMMS INV pipeline failed. Check the failed parent/child activity run details.,2026-08-19T21:53:13.467Z,2026-08-19T22:54:29.012Z,3676,2026-08-19T22:54:29.012Z,B42C,Glen Allen,2caac1da-4db4-431b-998d-21dc6fd03dce,SAMMS-GlenAllenV5
202608192252096665,202608192152667249,202608192152666995,85,2646,Bronze INV,br_LiquidLog,TASK_COMPLETE,FAILED,ERROR,4427,4427,1,SAMMS INV pipeline failed. Check the failed parent/child activity run details.,2026-08-19T21:53:13.467Z,2026-08-19T22:54:29.012Z,3676,2026-08-19T22:54:29.012Z,B42D,Chesapeake South,2caac1da-4db4-431b-998d-21dc6fd03dce,SAMMS-ChesapeakeSouthV5
202608192252096666,202608192152667250,202608192152666995,85,2647,Bronze INV,br_LiquidLog,TASK_COMPLETE,FAILED,ERROR,5023,5023,1,SAMMS INV pipeline failed. Check the failed parent/child activity run details.,2026-08-19T21:53:13.467Z,2026-08-19T22:54:29.012Z,3676,2026-08-19T22:54:29.012Z,B44,Albany,2caac1da-4db4-431b-998d-21dc6fd03dce,SAMMS-AlbanyV5
202608192252096667,202608192152667251,202608192152666995,85,2648,Bronze INV,br_LiquidLog,TASK_COMPLETE,FAILED,ERROR,5897,5897,1,SAMMS INV pipeline failed. Check the failed parent/child activity run details.,2026-08-19T21:53:13.467Z,2026-08-19T22:54:29.012Z,3676,2026-08-19T22:54:29.012Z,B45,Tifton,2caac1da-4db4-431b-998d-21dc6fd03dce,SAMMS-TiftonV5
202608192252096668,202608192152667252,202608192152666995,85,2649,Bronze INV,br_LiquidLog,TASK_COMPLETE,FAILED,ERROR,8442,8442,1,SAMMS INV pipeline failed. Check the failed parent/child activity run details.,2026-08-19T21:53:13.467Z,2026-08-19T22:54:29.012Z,3676,2026-08-19T22:54:29.012Z,B46,Washington DC,2caac1da-4db4-431b-998d-21dc6fd03dce,SAMMS-WashingtonDCv5
202608192252096669,202608192152667253,202608192152666995,85,2650,Bronze INV,br_LiquidLog,TASK_COMPLETE,FAILED,ERROR,7295,7295,1,SAMMS INV pipeline failed. Check the failed parent/child activity run details.,2026-08-19T21:53:13.467Z,2026-08-19T22:54:29.012Z,3676,2026-08-19T22:54:29.012Z,B47,Mobile,2caac1da-4db4-431b-998d-21dc6fd03dce,SAMMS-MobileV5
202608192252096670,202608192152667254,202608192152666995,85,2651,Bronze INV,br_LiquidLog,TASK_COMPLETE,FAILED,ERROR,14202,14202,1,SAMMS INV pipeline failed. Check the failed parent/child activity run details.,2026-08-19T21:53:13.467Z,2026-08-19T22:54:29.012Z,3676,2026-08-19T22:54:29.012Z,B48,Tuscaloosa,2caac1da-4db4-431b-998d-21dc6fd03dce,SAMMS-TuscaloosaV5
202608192252096672,202608192152667255,202608192152666995,85,2660,Bronze INV,br_LiquidLog,TASK_COMPLETE,FAILED,ERROR,3001,3001,1,SAMMS INV pipeline failed. Check the failed parent/child activity run details.,2026-08-19T21:53:13.467Z,2026-08-19T22:54:29.012Z,3676,2026-08-19T22:54:29.012Z,B51,N. Little Rock (OTP),2caac1da-4db4-431b-998d-21dc6fd03dce,SAMMS-NorthLittleRockV6
202608192252096673,202608192152667256,202608192152666995,85,2661,Bronze INV,br_LiquidLog,TASK_COMPLETE,FAILED,ERROR,6049,6049,1,SAMMS INV pipeline failed. Check the failed parent/child activity run details.,2026-08-19T21:53:13.467Z,2026-08-19T22:54:29.012Z,3676,2026-08-19T22:54:29.012Z,B52,Jackson GA,2caac1da-4db4-431b-998d-21dc6fd03dce,SAMMS-JacksonGAV5
202608192252096674,202608192152667257,202608192152666995,85,2662,Bronze INV,br_LiquidLog,TASK_COMPLETE,FAILED,ERROR,12292,12292,1,SAMMS INV pipeline failed. Check the failed parent/child activity run details.,2026-08-19T21:53:13.467Z,2026-08-19T22:54:29.012Z,3676,2026-08-19T22:54:29.012Z,B54,Gadsden,2caac1da-4db4-431b-998d-21dc6fd03dce,SAMMS-GadsdenV5
202608192252096675,202608192152667258,202608192152666995,85,2663,Bronze INV,br_LiquidLog,TASK_COMPLETE,FAILED,ERROR,11517,11517,1,SAMMS INV pipeline failed. Check the failed parent/child activity run details.,2026-08-19T21:53:13.467Z,2026-08-19T22:54:29.012Z,3676,2026-08-19T22:54:29.012Z,B55,Shoals,2caac1da-4db4-431b-998d-21dc6fd03dce,SAMMS-ShoalsV5
202608192252096676,202608192152667259,202608192152666995,85,2664,Bronze INV,br_LiquidLog,TASK_COMPLETE,FAILED,ERROR,3242,3242,1,SAMMS INV pipeline failed. Check the failed parent/child activity run details.,2026-08-19T21:53:13.467Z,2026-08-19T22:54:29.012Z,3676,2026-08-19T22:54:29.012Z,B57,Pawtucket,2caac1da-4db4-431b-998d-21dc6fd03dce,SAMMS-Pawtucket
202608192252096677,202608192152667260,202608192152666995,85,2665,Bronze INV,br_LiquidLog,TASK_COMPLETE,FAILED,ERROR,3626,3626,1,SAMMS INV pipeline failed. Check the failed parent/child activity run details.,2026-08-19T21:53:13.467Z,2026-08-19T22:54:29.012Z,3676,2026-08-19T22:54:29.012Z,B57A,Johnston,2caac1da-4db4-431b-998d-21dc6fd03dce,SAMMS-Johnston
202608192252096679,202608192152667261,202608192152666995,85,2666,Bronze INV,br_LiquidLog,TASK_COMPLETE,FAILED,ERROR,1006,1006,1,SAMMS INV pipeline failed. Check the failed parent/child activity run details.,2026-08-19T21:53:13.467Z,2026-08-19T22:54:29.012Z,3676,2026-08-19T22:54:29.012Z,B57B,Middletown,2caac1da-4db4-431b-998d-21dc6fd03dce,SAMMS-Middletown
202608192252096680,202608192152667262,202608192152666995,85,2667,Bronze INV,br_LiquidLog,TASK_COMPLETE,FAILED,ERROR,1797,1797,1,SAMMS INV pipeline failed. Check the failed parent/child activity run details.,2026-08-19T21:53:13.467Z,2026-08-19T22:54:29.012Z,3676,2026-08-19T22:54:29.012Z,B57C,Providence,2caac1da-4db4-431b-998d-21dc6fd03dce,SAMMS-Providence
202608192252096681,202608192152667263,202608192152666995,85,2668,Bronze INV,br_LiquidLog,TASK_COMPLETE,FAILED,ERROR,3621,3621,1,SAMMS INV pipeline failed. Check the failed parent/child activity run details.,2026-08-19T21:53:13.467Z,2026-08-19T22:54:29.012Z,3676,2026-08-19T22:54:29.012Z,B57D,Westerly,2caac1da-4db4-431b-998d-21dc6fd03dce,SAMMS-Westerly
202608192252096682,202608192152667264,202608192152666995,85,2672,Bronze INV,br_LiquidLog,TASK_COMPLETE,FAILED,ERROR,0,0,1,SAMMS INV pipeline failed. Check the failed parent/child activity run details.,2026-08-19T21:53:13.467Z,2026-08-19T22:54:29.012Z,3676,2026-08-19T22:54:29.012Z,B66A,Bremen,2caac1da-4db4-431b-998d-21dc6fd03dce,SAMMS-Bremen
202608192252096683,202608192152667265,202608192152666995,85,2675,Bronze INV,br_LiquidLog,TASK_COMPLETE,FAILED,ERROR,0,0,1,SAMMS INV pipeline failed. Check the failed parent/child activity run details.,2026-08-19T21:53:13.467Z,2026-08-19T22:54:29.012Z,3676,2026-08-19T22:54:29.012Z,B72,Mobile (OBOT),2caac1da-4db4-431b-998d-21dc6fd03dce,SAMMS-Mobile-OBOT
202608192252096684,202608192152667266,202608192152666995,85,2676,Bronze INV,br_LiquidLog,TASK_COMPLETE,FAILED,ERROR,0,0,1,SAMMS INV pipeline failed. Check the failed parent/child activity run details.,2026-08-19T21:53:13.467Z,2026-08-19T22:54:29.012Z,3676,2026-08-19T22:54:29.012Z,B73,Montgomery,2caac1da-4db4-431b-998d-21dc6fd03dce,SAMMS-Montgomery
202608192252096685,202608192152667267,202608192152666995,85,2677,Bronze INV,br_LiquidLog,TASK_COMPLETE,FAILED,ERROR,3854,3854,1,SAMMS INV pipeline failed. Check the failed parent/child activity run details.,2026-08-19T21:53:13.467Z,2026-08-19T22:54:29.012Z,3676,2026-08-19T22:54:29.012Z,B75,Lawrence,2caac1da-4db4-431b-998d-21dc6fd03dce,SAMMS-LawrenceV6
202608192252096687,202608192152667268,202608192152666995,85,2678,Bronze INV,br_LiquidLog,TASK_COMPLETE,FAILED,ERROR,0,0,1,SAMMS INV pipeline failed. Check the failed parent/child activity run details.,2026-08-19T21:53:13.467Z,2026-08-19T22:54:29.012Z,3676,2026-08-19T22:54:29.012Z,B76,Huntsville OBOT,2caac1da-4db4-431b-998d-21dc6fd03dce,SAMMS-Huntsville-OBOT
202608192252096688,202608192152667269,202608192152666995,85,2679,Bronze INV,br_LiquidLog,TASK_COMPLETE,FAILED,ERROR,0,0,1,SAMMS INV pipeline failed. Check the failed parent/child activity run details.,2026-08-19T21:53:13.467Z,2026-08-19T22:54:29.012Z,3676,2026-08-19T22:54:29.012Z,BAT,Batesville,2caac1da-4db4-431b-998d-21dc6fd03dce,SAMMS-Batesville
202608192252096689,202608192152667270,202608192152666995,85,2680,Bronze INV,br_LiquidLog,TASK_COMPLETE,FAILED,ERROR,6921,6921,1,SAMMS INV pipeline failed. Check the failed parent/child activity run details.,2026-08-19T21:53:13.467Z,2026-08-19T22:54:29.012Z,3676,2026-08-19T22:54:29.012Z,BG,Bowling Green,2caac1da-4db4-431b-998d-21dc6fd03dce,SAMMS-BowlingGreen
202608192252096690,202608192152667271,202608192152666995,85,2681,Bronze INV,br_LiquidLog,TASK_COMPLETE,FAILED,ERROR,3142,3142,1,SAMMS INV pipeline failed. Check the failed parent/child activity run details.,2026-08-19T21:53:13.467Z,2026-08-19T22:54:29.012Z,3676,2026-08-19T22:54:29.012Z,BOI,Boise,2caac1da-4db4-431b-998d-21dc6fd03dce,SAMMS-Boise
202608192252096691,202608192152667272,202608192152666995,85,2688,Bronze INV,br_LiquidLog,TASK_COMPLETE,FAILED,ERROR,1804,1804,1,SAMMS INV pipeline failed. Check the failed parent/child activity run details.,2026-08-19T21:53:13.467Z,2026-08-19T22:54:29.012Z,3676,2026-08-19T22:54:29.012Z,CBCO,Coeur dAlene,2caac1da-4db4-431b-998d-21dc6fd03dce,SAMMS-CoeurdAleneV6
202608192252096692,202608192152667273,202608192152666995,85,2707,Bronze INV,br_LiquidLog,TASK_COMPLETE,FAILED,ERROR,0,0,1,SAMMS INV pipeline failed. Check the failed parent/child activity run details.,2026-08-19T21:53:13.467Z,2026-08-19T22:54:29.012Z,3676,2026-08-19T22:54:29.012Z,CON,Conway,2caac1da-4db4-431b-998d-21dc6fd03dce,SAMMS-Conway
202608192252096694,202608192152667274,202608192152666995,85,2708,Bronze INV,br_LiquidLog,TASK_COMPLETE,FAILED,ERROR,0,0,1,SAMMS INV pipeline failed. Check the failed parent/child activity run details.,2026-08-19T21:53:13.467Z,2026-08-19T22:54:29.012Z,3676,2026-08-19T22:54:29.012Z,D07,Medical Services Knox TN,2caac1da-4db4-431b-998d-21dc6fd03dce,SAMMS-KnoxvilleV6
202608192252097172,202608192152668998,202608192152666995,85,3263,Bronze INV,br_ReAssessmentFamily,TASK_COMPLETE,FAILED,ERROR,121,121,1,SAMMS INV pipeline failed. Check the failed parent/child activity run details.,2026-08-19T21:53:13.467Z,2026-08-19T22:54:29.012Z,3676,2026-08-19T22:54:29.012Z,D09,Murfreesboro,2caac1da-4db4-431b-998d-21dc6fd03dce,SAMMS-MurfreesboroV6
202608192252097173,202608192152668999,202608192152666995,85,3264,Bronze INV,br_ReAssessmentFamily,TASK_COMPLETE,FAILED,ERROR,335,335,1,SAMMS INV pipeline failed. Check the failed parent/child activity run details.,2026-08-19T21:53:13.467Z,2026-08-19T22:54:29.012Z,3676,2026-08-19T22:54:29.012Z,DA,Davenport,2caac1da-4db4-431b-998d-21dc6fd03dce,SAMMS-Davenport
202608192252097174,202608192152669000,202608192152666995,85,3265,Bronze INV,br_ReAssessmentFamily,TASK_COMPLETE,FAILED,ERROR,288,288,1,SAMMS INV pipeline failed. Check the failed parent/child activity run details.,2026-08-19T21:53:13.467Z,2026-08-19T22:54:29.012Z,3676,2026-08-19T22:54:29.012Z,DM,Des Moines,2caac1da-4db4-431b-998d-21dc6fd03dce,SAMMS-DesMoines
202608192252097175,202608192152669001,202608192152666995,85,3267,Bronze INV,br_ReAssessmentFamily,TASK_COMPLETE,FAILED,ERROR,530,530,1,SAMMS INV pipeline failed. Check the failed parent/child activity run details.,2026-08-19T21:53:13.467Z,2026-08-19T22:54:29.012Z,3676,2026-08-19T22:54:29.012Z,DRD-CO,Columbia MO,2caac1da-4db4-431b-998d-21dc6fd03dce,SAMMS-ColumbiaV5
202608192252097176,202608192152669002,202608192152666995,85,3268,Bronze INV,br_ReAssessmentFamily,TASK_COMPLETE,FAILED,ERROR,348,348,1,SAMMS INV pipeline failed. Check the failed parent/child activity run details.,2026-08-19T21:53:13.467Z,2026-08-19T22:54:29.012Z,3676,2026-08-19T22:54:29.012Z,DRD-KC,KC,2caac1da-4db4-431b-998d-21dc6fd03dce,SAMMS-KCv5
202608192252097177,202608192152669003,202608192152666995,85,3269,Bronze INV,br_ReAssessmentFamily,TASK_COMPLETE,FAILED,ERROR,1549,1549,1,SAMMS INV pipeline failed. Check the failed parent/child activity run details.,2026-08-19T21:53:13.467Z,2026-08-19T22:54:29.012Z,3676,2026-08-19T22:54:29.012Z,DRD-KVB,KVB,2caac1da-4db4-431b-998d-21dc6fd03dce,SAMMS-KVBv5
202608192252097179,202608192152669004,202608192152666995,85,3270,Bronze INV,br_ReAssessmentFamily,TASK_COMPLETE,FAILED,ERROR,1674,1674,1,SAMMS INV pipeline failed. Check the failed parent/child activity run details.,2026-08-19T21:53:13.467Z,2026-08-19T22:54:29.012Z,3676,2026-08-19T22:54:29.012Z,DRD-KVC,KVC,2caac1da-4db4-431b-998d-21dc6fd03dce,SAMMS-KVCv5
202608192252097180,202608192152669005,202608192152666995,85,3271,Bronze INV,br_ReAssessmentFamily,TASK_COMPLETE,FAILED,ERROR,3205,3205,1,SAMMS INV pipeline failed. Check the failed parent/child activity run details.,2026-08-19T21:53:13.467Z,2026-08-19T22:54:29.012Z,3676,2026-08-19T22:54:29.012Z,DRD-NOLA,NOLA,2caac1da-4db4-431b-998d-21dc6fd03dce,SAMMS-NOLAv5
202608192252097181,202608192152669006,202608192152666995,85,3272,Bronze INV,br_ReAssessmentFamily,TASK_COMPLETE,FAILED,ERROR,800,800,1,SAMMS INV pipeline failed. Check the failed parent/child activity run details.,2026-08-19T21:53:13.467Z,2026-08-19T22:54:29.012Z,3676,2026-08-19T22:54:29.012Z,DRD-SF,Springfield,2caac1da-4db4-431b-998d-21dc6fd03dce,SAMMS-SFv5
202608192252097182,202608192152669007,202608192152666995,85,3274,Bronze INV,br_ReAssessmentFamily,TASK_COMPLETE,FAILED,ERROR,260,260,1,SAMMS INV pipeline failed. Check the failed parent/child activity run details.,2026-08-19T21:53:13.467Z,2026-08-19T22:54:29.012Z,3676,2026-08-19T22:54:29.012Z,ELC,Elizabeth City,2caac1da-4db4-431b-998d-21dc6fd03dce,SAMMS-ElizabethCity
202608192252097183,202608192152669008,202608192152666995,85,3275,Bronze INV,br_ReAssessmentFamily,TASK_COMPLETE,FAILED,ERROR,128,128,1,SAMMS INV pipeline failed. Check the failed parent/child activity run details.,2026-08-19T21:53:13.467Z,2026-08-19T22:54:29.012Z,3676,2026-08-19T22:54:29.012Z,ET,Elizabethtown,2caac1da-4db4-431b-998d-21dc6fd03dce,SAMMS-Elizabethtown
202608192252097184,202608192152669009,202608192152666995,85,3276,Bronze INV,br_ReAssessmentFamily,TASK_COMPLETE,FAILED,ERROR,0,0,1,SAMMS INV pipeline failed. Check the failed parent/child activity run details.,2026-08-19T21:53:13.467Z,2026-08-19T22:54:29.012Z,3676,2026-08-19T22:54:29.012Z,FAY,Fayetteville,2caac1da-4db4-431b-998d-21dc6fd03dce,SAMMS-Fayetteville
202608192252097185,202608192152669010,202608192152666995,85,3277,Bronze INV,br_ReAssessmentFamily,TASK_COMPLETE,FAILED,ERROR,156,156,1,SAMMS INV pipeline failed. Check the failed parent/child activity run details.,2026-08-19T21:53:13.467Z,2026-08-19T22:54:29.012Z,3676,2026-08-19T22:54:29.012Z,FR,Frankfort,2caac1da-4db4-431b-998d-21dc6fd03dce,SAMMS-Frankfort
202608192252097187,202608192152669011,202608192152666995,85,3278,Bronze INV,br_ReAssessmentFamily,TASK_COMPLETE,FAILED,ERROR,0,0,1,SAMMS INV pipeline failed. Check the failed parent/child activity run details.,2026-08-19T21:53:13.467Z,2026-08-19T22:54:29.012Z,3676,2026-08-19T22:54:29.012Z,FS,Fort Smith,2caac1da-4db4-431b-998d-21dc6fd03dce,SAMMS-FortSmith
202608192252097188,202608192152669012,202608192152666995,85,3279,Bronze INV,br_ReAssessmentFamily,TASK_COMPLETE,FAILED,ERROR,467,467,1,SAMMS INV pipeline failed. Check the failed parent/child activity run details.,2026-08-19T21:53:13.467Z,2026-08-19T22:54:29.012Z,3676,2026-08-19T22:54:29.012Z,FW,Fort Wayne,2caac1da-4db4-431b-998d-21dc6fd03dce,SAMMS-FortWayne
202608192252097189,202608192152669013,202608192152666995,85,3280,Bronze INV,br_ReAssessmentFamily,TASK_COMPLETE,FAILED,ERROR,276,276,1,SAMMS INV pipeline failed. Check the failed parent/child activity run details.,2026-08-19T21:53:13.467Z,2026-08-19T22:54:29.012Z,3676,2026-08-19T22:54:29.012Z,GAL,Gaylord,2caac1da-4db4-431b-998d-21dc6fd03dce,SAMMS-Gaylord
202608192252097190,202608192152669014,202608192152666995,85,3284,Bronze INV,br_ReAssessmentFamily,TASK_COMPLETE,FAILED,ERROR,100,100,1,SAMMS INV pipeline failed. Check the failed parent/child activity run details.,2026-08-19T21:53:13.467Z,2026-08-19T22:54:29.012Z,3676,2026-08-19T22:54:29.012Z,HGT,Hagerstown,2caac1da-4db4-431b-998d-21dc6fd03dce,SAMMS-Hagerstown
202608192252097191,202608192152669015,202608192152666995,85,3285,Bronze INV,br_ReAssessmentFamily,TASK_COMPLETE,FAILED,ERROR,1725,1725,1,SAMMS INV pipeline failed. Check the failed parent/child activity run details.,2026-08-19T21:53:13.467Z,2026-08-19T22:54:29.012Z,3676,2026-08-19T22:54:29.012Z,HNT,Huntsville,2caac1da-4db4-431b-998d-21dc6fd03dce,SAMMS-Huntsville
202608192252097192,202608192152669016,202608192152666995,85,3286,Bronze INV,br_ReAssessmentFamily,TASK_COMPLETE,FAILED,ERROR,0,0,1,SAMMS INV pipeline failed. Check the failed parent/child activity run details.,2026-08-19T21:53:13.467Z,2026-08-19T22:54:29.012Z,3676,2026-08-19T22:54:29.012Z,HS,Hot Springs,2caac1da-4db4-431b-998d-21dc6fd03dce,SAMMS-HotSprings
202608192252097194,202608192152669017,202608192152666995,85,3287,Bronze INV,br_ReAssessmentFamily,TASK_COMPLETE,FAILED,ERROR,0,0,1,SAMMS INV pipeline failed. Check the failed parent/child activity run details.,2026-08-19T21:53:13.467Z,2026-08-19T22:54:29.012Z,3676,2026-08-19T22:54:29.012Z,JON,Jonesboro,2caac1da-4db4-431b-998d-21dc6fd03dce,SAMMS-Jonesboro
202608192252097195,202608192152669018,202608192152666995,85,3289,Bronze INV,br_ReAssessmentFamily,TASK_COMPLETE,FAILED,ERROR,447,447,1,SAMMS INV pipeline failed. Check the failed parent/child activity run details.,2026-08-19T21:53:13.467Z,2026-08-19T22:54:29.012Z,3676,2026-08-19T22:54:29.012Z,LAN,Lansing,2caac1da-4db4-431b-998d-21dc6fd03dce,SAMMS-Lansing
202608192252097196,202608192152669019,202608192152666995,85,3290,Bronze INV,br_ReAssessmentFamily,TASK_COMPLETE,FAILED,ERROR,1287,1287,1,SAMMS INV pipeline failed. Check the failed parent/child activity run details.,2026-08-19T21:53:13.467Z,2026-08-19T22:54:29.012Z,3676,2026-08-19T22:54:29.012Z,LO,Louisville,2caac1da-4db4-431b-998d-21dc6fd03dce,SAMMS-Louisville
202608192252097197,202608192152669020,202608192152666995,85,3291,Bronze INV,br_ReAssessmentFamily,TASK_COMPLETE,FAILED,ERROR,291,291,1,SAMMS INV pipeline failed. Check the failed parent/child activity run details.,2026-08-19T21:53:13.467Z,2026-08-19T22:54:29.012Z,3676,2026-08-19T22:54:29.012Z,LV1,Cheyenne,2caac1da-4db4-431b-998d-21dc6fd03dce,SAMMS-Cheyenne
202608192252097198,202608192152669021,202608192152666995,85,3292,Bronze INV,br_ReAssessmentFamily,TASK_COMPLETE,FAILED,ERROR,205,205,1,SAMMS INV pipeline failed. Check the failed parent/child activity run details.,2026-08-19T21:53:13.467Z,2026-08-19T22:54:29.012Z,3676,2026-08-19T22:54:29.012Z,LV2,Desert Inn,2caac1da-4db4-431b-998d-21dc6fd03dce,SAMMS-DesertInn
202608192252097199,202608192152669022,202608192152666995,85,3293,Bronze INV,br_ReAssessmentFamily,TASK_COMPLETE,FAILED,ERROR,110,110,1,SAMMS INV pipeline failed. Check the failed parent/child activity run details.,2026-08-19T21:53:13.467Z,2026-08-19T22:54:29.012Z,3676,2026-08-19T22:54:29.012Z,LV3,McDaniel,2caac1da-4db4-431b-998d-21dc6fd03dce,SAMMS-McDaniel
202608192252097200,202608192152669023,202608192152666995,85,3296,Bronze INV,br_ReAssessmentFamily,TASK_COMPLETE,FAILED,ERROR,356,356,1,SAMMS INV pipeline failed. Check the failed parent/child activity run details.,2026-08-19T21:53:13.467Z,2026-08-19T22:54:29.012Z,3676,2026-08-19T22:54:29.012Z,MNRE,Monroe,2caac1da-4db4-431b-998d-21dc6fd03dce,SAMMS-Monroe
202608192252097202,202608192152669024,202608192152666995,85,3297,Bronze INV,br_ReAssessmentFamily,TASK_COMPLETE,FAILED,ERROR,1423,1423,1,SAMMS INV pipeline failed. Check the failed parent/child activity run details.,2026-08-19T21:53:13.467Z,2026-08-19T22:54:29.012Z,3676,2026-08-19T22:54:29.012Z,MP,Mt. Pleasant,2caac1da-4db4-431b-998d-21dc6fd03dce,SAMMS-MtPleasant
202608192252097203,202608192152669025,202608192152666995,85,3298,Bronze INV,br_ReAssessmentFamily,TASK_COMPLETE,FAILED,ERROR,153,153,1,SAMMS INV pipeline failed. Check the failed parent/child activity run details.,2026-08-19T21:53:13.467Z,2026-08-19T22:54:29.012Z,3676,2026-08-19T22:54:29.012Z,MRD,Meridian,2caac1da-4db4-431b-998d-21dc6fd03dce,SAMMS-Meridian
202608192252097204,202608192152669026,202608192152666995,85,3303,Bronze INV,br_ReAssessmentFamily,TASK_COMPLETE,FAILED,ERROR,693,693,1,SAMMS INV pipeline failed. Check the failed parent/child activity run details.,2026-08-19T21:53:13.467Z,2026-08-19T22:54:29.012Z,3676,2026-08-19T22:54:29.012Z,NC,North Charleston,2caac1da-4db4-431b-998d-21dc6fd03dce,SAMMS-NorthCharleston
202608192252097205,202608192152669027,202608192152666995,85,3304,Bronze INV,br_ReAssessmentFamily,TASK_COMPLETE,FAILED,ERROR,0,0,1,SAMMS INV pipeline failed. Check the failed parent/child activity run details.,2026-08-19T21:53:13.467Z,2026-08-19T22:54:29.012Z,3676,2026-08-19T22:54:29.012Z,NLR,N. Little Rock,2caac1da-4db4-431b-998d-21dc6fd03dce,SAMMS-NLROBOT
202608192252097206,202608192152669028,202608192152666995,85,3305,Bronze INV,br_ReAssessmentFamily,TASK_COMPLETE,FAILED,ERROR,112,112,1,SAMMS INV pipeline failed. Check the failed parent/child activity run details.,2026-08-19T21:53:13.467Z,2026-08-19T22:54:29.012Z,3676,2026-08-19T22:54:29.012Z,PH,Phoenix,2caac1da-4db4-431b-998d-21dc6fd03dce,SAMMS-Phoenix
202608192252097207,202608192152669029,202608192152666995,85,3309,Bronze INV,br_ReAssessmentFamily,TASK_COMPLETE,FAILED,ERROR,214,214,1,SAMMS INV pipeline failed. Check the failed parent/child activity run details.,2026-08-19T21:53:13.467Z,2026-08-19T22:54:29.012Z,3676,2026-08-19T22:54:29.012Z,RE,Reno,2caac1da-4db4-431b-998d-21dc6fd03dce,SAMMS-Reno
202608192252097209,202608192152669030,202608192152666995,85,3310,Bronze INV,br_ReAssessmentFamily,TASK_COMPLETE,FAILED,ERROR,88,88,1,SAMMS INV pipeline failed. Check the failed parent/child activity run details.,2026-08-19T21:53:13.467Z,2026-08-19T22:54:29.012Z,3676,2026-08-19T22:54:29.012Z,RMD,Richmond,2caac1da-4db4-431b-998d-21dc6fd03dce,SAMMS-Richmond
202608192252097210,202608192152669031,202608192152666995,85,3311,Bronze INV,br_ReAssessmentFamily,TASK_COMPLETE,FAILED,ERROR,589,589,1,SAMMS INV pipeline failed. Check the failed parent/child activity run details.,2026-08-19T21:53:13.467Z,2026-08-19T22:54:29.012Z,3676,2026-08-19T22:54:29.012Z,SFN,Springfield North,2caac1da-4db4-431b-998d-21dc6fd03dce,SAMMS-SFNv5
202608192252097211,202608192152669032,202608192152666995,85,3312,Bronze INV,br_ReAssessmentFamily,TASK_COMPLETE,FAILED,ERROR,763,763,1,SAMMS INV pipeline failed. Check the failed parent/child activity run details.,2026-08-19T21:53:13.467Z,2026-08-19T22:54:29.012Z,3676,2026-08-19T22:54:29.012Z,SHP,Shreveport,2caac1da-4db4-431b-998d-21dc6fd03dce,SAMMS-Shreveport
202608192252097212,202608192152669033,202608192152666995,85,3314,Bronze INV,br_ReAssessmentFamily,TASK_COMPLETE,FAILED,ERROR,484,484,1,SAMMS INV pipeline failed. Check the failed parent/child activity run details.,2026-08-19T21:53:13.467Z,2026-08-19T22:54:29.012Z,3676,2026-08-19T22:54:29.012Z,STN,Staunton,2caac1da-4db4-431b-998d-21dc6fd03dce,SAMMS-Staunton
202608192252097213,202608192152669034,202608192152666995,85,3315,Bronze INV,br_ReAssessmentFamily,TASK_COMPLETE,FAILED,ERROR,225,225,1,SAMMS INV pipeline failed. Check the failed parent/child activity run details.,2026-08-19T21:53:13.467Z,2026-08-19T22:54:29.012Z,3676,2026-08-19T22:54:29.012Z,STVN,Stevenson,2caac1da-4db4-431b-998d-21dc6fd03dce,SAMMS-Stevenson
202608192252097214,202608192152669035,202608192152666995,85,3317,Bronze INV,br_ReAssessmentFamily,TASK_COMPLETE,FAILED,ERROR,173,173,1,SAMMS INV pipeline failed. Check the failed parent/child activity run details.,2026-08-19T21:53:13.467Z,2026-08-19T22:54:29.012Z,3676,2026-08-19T22:54:29.012Z,TE,Tempe,2caac1da-4db4-431b-998d-21dc6fd03dce,SAMMS-Tempe
202608192252097215,202608192152669036,202608192152666995,85,3318,Bronze INV,br_ReAssessmentFamily,TASK_COMPLETE,FAILED,ERROR,0,0,1,SAMMS INV pipeline failed. Check the failed parent/child activity run details.,2026-08-19T21:53:13.467Z,2026-08-19T22:54:29.012Z,3676,2026-08-19T22:54:29.012Z,TEX,Texarkana,2caac1da-4db4-431b-998d-21dc6fd03dce,SAMMS-Texarkana
202608192252097217,202608192152669037,202608192152666995,85,3319,Bronze INV,br_ReAssessmentFamily,TASK_COMPLETE,FAILED,ERROR,1079,1079,1,SAMMS INV pipeline failed. Check the failed parent/child activity run details.,2026-08-19T21:53:13.467Z,2026-08-19T22:54:29.012Z,3676,2026-08-19T22:54:29.012Z,TTCA,Bessemer,2caac1da-4db4-431b-998d-21dc6fd03dce,SAMMS-BessemerV5
202608192252097218,202608192152669038,202608192152666995,85,3320,Bronze INV,br_ReAssessmentFamily,TASK_COMPLETE,FAILED,ERROR,1317,1317,1,SAMMS INV pipeline failed. Check the failed parent/child activity run details.,2026-08-19T21:53:13.467Z,2026-08-19T22:54:29.012Z,3676,2026-08-19T22:54:29.012Z,TTCB,Cullman,2caac1da-4db4-431b-998d-21dc6fd03dce,SAMMS-CullmanV5
202608192252097219,202608192152669039,202608192152666995,85,3321,Bronze INV,br_ReAssessmentFamily,TASK_COMPLETE,FAILED,ERROR,944,944,1,SAMMS INV pipeline failed. Check the failed parent/child activity run details.,2026-08-19T21:53:13.467Z,2026-08-19T22:54:29.012Z,3676,2026-08-19T22:54:29.012Z,TTCC,Grand Bay,2caac1da-4db4-431b-998d-21dc6fd03dce,SAMMS-GrandBay
202608192252097220,202608192152669040,202608192152666995,85,3322,Bronze INV,br_ReAssessmentFamily,TASK_COMPLETE,FAILED,ERROR,15,15,1,SAMMS INV pipeline failed. Check the failed parent/child activity run details.,2026-08-19T21:53:13.467Z,2026-08-19T22:54:29.012Z,3676,2026-08-19T22:54:29.012Z,TU,Tucson,2caac1da-4db4-431b-998d-21dc6fd03dce,SAMMS-Tucson
202608192252097221,202608192152669041,202608192152666995,85,3324,Bronze INV,br_ReAssessmentFamily,TASK_COMPLETE,FAILED,ERROR,660,660,1,SAMMS INV pipeline failed. Check the failed parent/child activity run details.,2026-08-19T21:53:13.467Z,2026-08-19T22:54:29.012Z,3676,2026-08-19T22:54:29.012Z,V1,Memphis South,2caac1da-4db4-431b-998d-21dc6fd03dce,SAMMS-VCPHCS-I-MemphisV5
202608192252097222,202608192152669042,202608192152666995,85,3325,Bronze INV,br_ReAssessmentFamily,TASK_COMPLETE,FAILED,ERROR,1628,1628,1,SAMMS INV pipeline failed. Check the failed parent/child activity run details.,2026-08-19T21:53:13.467Z,2026-08-19T22:54:29.012Z,3676,2026-08-19T22:54:29.012Z,V10,Longmont,2caac1da-4db4-431b-998d-21dc6fd03dce,SAMMS-BoulderV5
202608192252097224,202608192152669043,202608192152666995,85,3326,Bronze INV,br_ReAssessmentFamily,TASK_COMPLETE,FAILED,ERROR,1513,1513,1,SAMMS INV pipeline failed. Check the failed parent/child activity run details.,2026-08-19T21:53:13.467Z,2026-08-19T22:54:29.012Z,3676,2026-08-19T22:54:29.012Z,V10A,Fort Collins,2caac1da-4db4-431b-998d-21dc6fd03dce,SAMMS-FortCollinsV5
202608192252097225,202608192152669044,202608192152666995,85,3327,Bronze INV,br_ReAssessmentFamily,TASK_COMPLETE,FAILED,ERROR,2870,2870,1,SAMMS INV pipeline failed. Check the failed parent/child activity run details.,2026-08-19T21:53:13.467Z,2026-08-19T22:54:29.012Z,3676,2026-08-19T22:54:29.012Z,V11,Westminster,2caac1da-4db4-431b-998d-21dc6fd03dce,SAMMS-VCPHCS-XI-NorthDenverV5
202608192252097226,202608192152669045,202608192152666995,85,3328,Bronze INV,br_ReAssessmentFamily,TASK_COMPLETE,FAILED,ERROR,3037,3037,1,SAMMS INV pipeline failed. Check the failed parent/child activity run details.,2026-08-19T21:53:13.467Z,2026-08-19T22:54:29.012Z,3676,2026-08-19T22:54:29.012Z,V12,Downtown Denver,2caac1da-4db4-431b-998d-21dc6fd03dce,SAMMS-VCPHCS-XII-DowntownDenverV5
202608192252097227,202608192152669046,202608192152666995,85,3329,Bronze INV,br_ReAssessmentFamily,TASK_COMPLETE,FAILED,ERROR,1141,1141,1,SAMMS INV pipeline failed. Check the failed parent/child activity run details.,2026-08-19T21:53:13.467Z,2026-08-19T22:54:29.012Z,3676,2026-08-19T22:54:29.012Z,V12A,Centennial,2caac1da-4db4-431b-998d-21dc6fd03dce,SAMMS-CentennialV5
202608192252097228,202608192152669047,202608192152666995,85,3330,Bronze INV,br_ReAssessmentFamily,TASK_COMPLETE,FAILED,ERROR,294,294,1,SAMMS INV pipeline failed. Check the failed parent/child activity run details.,2026-08-19T21:53:13.467Z,2026-08-19T22:54:29.012Z,3676,2026-08-19T22:54:29.012Z,V14,Overland Park,2caac1da-4db4-431b-998d-21dc6fd03dce,SAMMS-VCPHCS-XIV-BridgewayV5
202608192252097229,202608192152669048,202608192152666995,85,3331,Bronze INV,br_ReAssessmentFamily,TASK_COMPLETE,FAILED,ERROR,610,610,1,SAMMS INV pipeline failed. Check the failed parent/child activity run details.,2026-08-19T21:53:13.467Z,2026-08-19T22:54:29.012Z,3676,2026-08-19T22:54:29.012Z,V15,Joplin,2caac1da-4db4-431b-998d-21dc6fd03dce,SAMMS-JoplinV5
202608192252097231,202608192152669049,202608192152666995,85,3333,Bronze INV,br_ReAssessmentFamily,TASK_COMPLETE,FAILED,ERROR,903,903,1,SAMMS INV pipeline failed. Check the failed parent/child activity run details.,2026-08-19T21:53:13.467Z,2026-08-19T22:54:29.012Z,3676,2026-08-19T22:54:29.012Z,V17,Columbia TN,2caac1da-4db4-431b-998d-21dc6fd03dce,SAMMS-ColumbiaTNv5
202608192252097232,202608192152669050,202608192152666995,85,3335,Bronze INV,br_ReAssessmentFamily,TASK_COMPLETE,FAILED,ERROR,533,533,1,SAMMS INV pipeline failed. Check the failed parent/child activity run details.,2026-08-19T21:53:13.467Z,2026-08-19T22:54:29.012Z,3676,2026-08-19T22:54:29.012Z,V19,Jackson,2caac1da-4db4-431b-998d-21dc6fd03dce,SAMMS-JacksonV5
202608192252097233,202608192152669051,202608192152666995,85,3337,Bronze INV,br_ReAssessmentFamily,TASK_COMPLETE,FAILED,ERROR,1768,1768,1,SAMMS INV pipeline failed. Check the failed parent/child activity run details.,2026-08-19T21:53:13.467Z,2026-08-19T22:54:29.012Z,3676,2026-08-19T22:54:29.012Z,V20,Paris,2caac1da-4db4-431b-998d-21dc6fd03dce,SAMMS-ParisV5
202608192252097234,202608192152669052,202608192152666995,85,3338,Bronze INV,br_ReAssessmentFamily,TASK_COMPLETE,FAILED,ERROR,723,723,1,SAMMS INV pipeline failed. Check the failed parent/child activity run details.,2026-08-19T21:53:13.467Z,2026-08-19T22:54:29.012Z,3676,2026-08-19T22:54:29.012Z,V21,Memphis North,2caac1da-4db4-431b-998d-21dc6fd03dce,SAMMS-RaleighV5
202608192252097235,202608192152669053,202608192152666995,85,3341,Bronze INV,br_ReAssessmentFamily,TASK_COMPLETE,FAILED,ERROR,1780,1780,1,SAMMS INV pipeline failed. Check the failed parent/child activity run details.,2026-08-19T21:53:13.467Z,2026-08-19T22:54:29.012Z,3676,2026-08-19T22:54:29.012Z,V5,West Bank,2caac1da-4db4-431b-998d-21dc6fd03dce,SAMMS-NONTCv5
202608192252097236,202608192152669054,202608192152666995,85,3343,Bronze INV,br_ReAssessmentFamily,TASK_COMPLETE,FAILED,ERROR,144,144,1,SAMMS INV pipeline failed. Check the failed parent/child activity run details.,2026-08-19T21:53:13.467Z,2026-08-19T22:54:29.012Z,3676,2026-08-19T22:54:29.012Z,V5B,Houma,2caac1da-4db4-431b-998d-21dc6fd03dce,SAMMS-HoumaV6
202608192252097237,202608192152669055,202608192152666995,85,3344,Bronze INV,br_ReAssessmentFamily,TASK_COMPLETE,FAILED,ERROR,1910,1910,1,SAMMS INV pipeline failed. Check the failed parent/child activity run details.,2026-08-19T21:53:13.467Z,2026-08-19T22:54:29.012Z,3676,2026-08-19T22:54:29.012Z,V6,Lake Charles,2caac1da-4db4-431b-998d-21dc6fd03dce,SAMMS-LCv5
202608192252097239,202608192152669056,202608192152666995,85,3346,Bronze INV,br_ReAssessmentFamily,TASK_COMPLETE,FAILED,ERROR,741,741,1,SAMMS INV pipeline failed. Check the failed parent/child activity run details.,2026-08-19T21:53:13.467Z,2026-08-19T22:54:29.012Z,3676,2026-08-19T22:54:29.012Z,V8,Memphis Midtown,2caac1da-4db4-431b-998d-21dc6fd03dce,SAMMS-VCPHCS-VIII-MemphisV5
202608192252097240,202608192152669057,202608192152666995,85,3347,Bronze INV,br_ReAssessmentFamily,TASK_COMPLETE,FAILED,ERROR,1763,1763,1,SAMMS INV pipeline failed. Check the failed parent/child activity run details.,2026-08-19T21:53:13.467Z,2026-08-19T22:54:29.012Z,3676,2026-08-19T22:54:29.012Z,V9,Nashville,2caac1da-4db4-431b-998d-21dc6fd03dce,SAMMS-NashvilleV5
202608192252097241,202608192152669058,202608192152666995,85,3348,Bronze INV,br_ReAssessmentFamily,TASK_COMPLETE,FAILED,ERROR,838,838,1,SAMMS INV pipeline failed. Check the failed parent/child activity run details.,2026-08-19T21:53:13.467Z,2026-08-19T22:54:29.012Z,3676,2026-08-19T22:54:29.012Z,VBRA,Brainerd,2caac1da-4db4-431b-998d-21dc6fd03dce,SAMMS-BrainerdV6
202608192252097242,202608192152669059,202608192152666995,85,3349,Bronze INV,br_ReAssessmentFamily,TASK_COMPLETE,FAILED,ERROR,1958,1958,1,SAMMS INV pipeline failed. Check the failed parent/child activity run details.,2026-08-19T21:53:13.467Z,2026-08-19T22:54:29.012Z,3676,2026-08-19T22:54:29.012Z,VBRP,Brooklyn Park,2caac1da-4db4-431b-998d-21dc6fd03dce,SAMMS-BrooklynParkV6
202608192252097243,202608192152669060,202608192152666995,85,3351,Bronze INV,br_ReAssessmentFamily,TASK_COMPLETE,FAILED,ERROR,745,745,1,SAMMS INV pipeline failed. Check the failed parent/child activity run details.,2026-08-19T21:53:13.467Z,2026-08-19T22:54:29.012Z,3676,2026-08-19T22:54:29.012Z,VMIN,Minneapolis,2caac1da-4db4-431b-998d-21dc6fd03dce,SAMMS-MinneapolisV6
202608192252097244,202608192152669061,202608192152666995,85,3352,Bronze INV,br_ReAssessmentFamily,TASK_COMPLETE,FAILED,ERROR,884,884,1,SAMMS INV pipeline failed. Check the failed parent/child activity run details.,2026-08-19T21:53:13.467Z,2026-08-19T22:54:29.012Z,3676,2026-08-19T22:54:29.012Z,VWBY,Woodbury,2caac1da-4db4-431b-998d-21dc6fd03dce,SAMMS-WoodburyV6
202608192252097246,202608192152669062,202608192152666995,85,3354,Bronze INV,br_ReAssessmentFamily,TASK_COMPLETE,FAILED,ERROR,161,161,1,SAMMS INV pipeline failed. Check the failed parent/child activity run details.,2026-08-19T21:53:13.467Z,2026-08-19T22:54:29.012Z,3676,2026-08-19T22:54:29.012Z,WIL,Wilson,2caac1da-4db4-431b-998d-21dc6fd03dce,SAMMS-Wilson
202608192252097347,202608192152767005,202608192152766995,86,5729,Silver INV,sl_ReAssessmentFamily,TASK_COMPLETE,SUCCESS,INFO,78632,78632,0,,2026-08-19T21:53:13.467Z,2026-08-19T22:54:29.012Z,3676,2026-08-19T22:54:29.012Z,,,2caac1da-4db4-431b-998d-21dc6fd03dce,
202608192252097273,202608192152669063,202608192152666995,85,3358,Bronze INV,br_ReAssessmentLegal,TASK_COMPLETE,FAILED,ERROR,35,35,1,SAMMS INV pipeline failed. Check the failed parent/child activity run details.,2026-08-19T21:53:13.467Z,2026-08-19T22:54:29.012Z,3676,2026-08-19T22:54:29.012Z,AHK,Ahoskie,2caac1da-4db4-431b-998d-21dc6fd03dce,SAMMS-Ahoskie
202608192252097274,202608192152669064,202608192152666995,85,3359,Bronze INV,br_ReAssessmentLegal,TASK_COMPLETE,FAILED,ERROR,661,661,1,SAMMS INV pipeline failed. Check the failed parent/child activity run details.,2026-08-19T21:53:13.467Z,2026-08-19T22:54:29.012Z,3676,2026-08-19T22:54:29.012Z,B12B,Colorado Springs,2caac1da-4db4-431b-998d-21dc6fd03dce,SAMMS-ColoradoSpringsV5
202608192252097275,202608192152669065,202608192152666995,85,3360,Bronze INV,br_ReAssessmentLegal,TASK_COMPLETE,FAILED,ERROR,828,828,1,SAMMS INV pipeline failed. Check the failed parent/child activity run details.,2026-08-19T21:53:13.467Z,2026-08-19T22:54:29.012Z,3676,2026-08-19T22:54:29.012Z,B24,Paintsville,2caac1da-4db4-431b-998d-21dc6fd03dce,SAMMS-PaintsvilleV5
202608192252097276,202608192152669066,202608192152666995,85,3361,Bronze INV,br_ReAssessmentLegal,TASK_COMPLETE,FAILED,ERROR,646,646,1,SAMMS INV pipeline failed. Check the failed parent/child activity run details.,2026-08-19T21:53:13.467Z,2026-08-19T22:54:29.012Z,3676,2026-08-19T22:54:29.012Z,B25,Pikeville,2caac1da-4db4-431b-998d-21dc6fd03dce,SAMMS-PikevilleV5
202608192252097277,202608192152669067,202608192152666995,85,3362,Bronze INV,br_ReAssessmentLegal,TASK_COMPLETE,FAILED,ERROR,971,971,1,SAMMS INV pipeline failed. Check the failed parent/child activity run details.,2026-08-19T21:53:13.467Z,2026-08-19T22:54:29.012Z,3676,2026-08-19T22:54:29.012Z,B26,Hazard,2caac1da-4db4-431b-998d-21dc6fd03dce,SAMMS-HazardV5
202608192252097278,202608192152669068,202608192152666995,85,3363,Bronze INV,br_ReAssessmentLegal,TASK_COMPLETE,FAILED,ERROR,530,530,1,SAMMS INV pipeline failed. Check the failed parent/child activity run details.,2026-08-19T21:53:13.467Z,2026-08-19T22:54:29.012Z,3676,2026-08-19T22:54:29.012Z,B27,Savannah,2caac1da-4db4-431b-998d-21dc6fd03dce,SAMMS-SavannahV6
202608192252097280,202608192152669069,202608192152666995,85,3364,Bronze INV,br_ReAssessmentLegal,TASK_COMPLETE,FAILED,ERROR,245,245,1,SAMMS INV pipeline failed. Check the failed parent/child activity run details.,2026-08-19T21:53:13.467Z,2026-08-19T22:54:29.012Z,3676,2026-08-19T22:54:29.012Z,B28,West Plains,2caac1da-4db4-431b-998d-21dc6fd03dce,SAMMS-WestPlainesV5
202608192252097281,202608192152669070,202608192152666995,85,3365,Bronze INV,br_ReAssessmentLegal,TASK_COMPLETE,FAILED,ERROR,460,460,1,SAMMS INV pipeline failed. Check the failed parent/child activity run details.,2026-08-19T21:53:13.467Z,2026-08-19T22:54:29.012Z,3676,2026-08-19T22:54:29.012Z,B29,Poplar Bluff,2caac1da-4db4-431b-998d-21dc6fd03dce,SAMMS-PoplarBluffV5
202608192252097282,202608192152669071,202608192152666995,85,3366,Bronze INV,br_ReAssessmentLegal,TASK_COMPLETE,FAILED,ERROR,77,77,1,SAMMS INV pipeline failed. Check the failed parent/child activity run details.,2026-08-19T21:53:13.467Z,2026-08-19T22:54:29.012Z,3676,2026-08-19T22:54:29.012Z,B30,KC North,2caac1da-4db4-431b-998d-21dc6fd03dce,SAMMS-KCNv5
202608192252097283,202608192152669072,202608192152666995,85,3367,Bronze INV,br_ReAssessmentLegal,TASK_COMPLETE,FAILED,ERROR,400,400,1,SAMMS INV pipeline failed. Check the failed parent/child activity run details.,2026-08-19T21:53:13.467Z,2026-08-19T22:54:29.012Z,3676,2026-08-19T22:54:29.012Z,B31,Dyersburg,2caac1da-4db4-431b-998d-21dc6fd03dce,SAMMS-DyersburgV5
202608192252097284,202608192152669073,202608192152666995,85,3369,Bronze INV,br_ReAssessmentLegal,TASK_COMPLETE,FAILED,ERROR,487,487,1,SAMMS INV pipeline failed. Check the failed parent/child activity run details.,2026-08-19T21:53:13.467Z,2026-08-19T22:54:29.012Z,3676,2026-08-19T22:54:29.012Z,B33,Paducah,2caac1da-4db4-431b-998d-21dc6fd03dce,SAMMS-Paducah
202608192252097285,202608192152669074,202608192152666995,85,3370,Bronze INV,br_ReAssessmentLegal,TASK_COMPLETE,FAILED,ERROR,385,385,1,SAMMS INV pipeline failed. Check the failed parent/child activity run details.,2026-08-19T21:53:13.467Z,2026-08-19T22:54:29.012Z,3676,2026-08-19T22:54:29.012Z,B34,Corbin,2caac1da-4db4-431b-998d-21dc6fd03dce,SAMMS-CorbinV5
202608192252097287,202608192152669075,202608192152666995,85,3371,Bronze INV,br_ReAssessmentLegal,TASK_COMPLETE,FAILED,ERROR,239,239,1,SAMMS INV pipeline failed. Check the failed parent/child activity run details.,2026-08-19T21:53:13.467Z,2026-08-19T22:54:29.012Z,3676,2026-08-19T22:54:29.012Z,B35,Lexington,2caac1da-4db4-431b-998d-21dc6fd03dce,SAMMS-LexingtonV5
202608192252097288,202608192152669076,202608192152666995,85,3372,Bronze INV,br_ReAssessmentLegal,TASK_COMPLETE,FAILED,ERROR,77,77,1,SAMMS INV pipeline failed. Check the failed parent/child activity run details.,2026-08-19T21:53:13.467Z,2026-08-19T22:54:29.012Z,3676,2026-08-19T22:54:29.012Z,B35A,Berea,2caac1da-4db4-431b-998d-21dc6fd03dce,SAMMS-BereaV5
202608192252097289,202608192152669077,202608192152666995,85,3373,Bronze INV,br_ReAssessmentLegal,TASK_COMPLETE,FAILED,ERROR,20,20,1,SAMMS INV pipeline failed. Check the failed parent/child activity run details.,2026-08-19T21:53:13.467Z,2026-08-19T22:54:29.012Z,3676,2026-08-19T22:54:29.012Z,B36,Asheville,2caac1da-4db4-431b-998d-21dc6fd03dce,SAMMS-AshevilleV5
202608192252097290,202608192152669078,202608192152666995,85,3374,Bronze INV,br_ReAssessmentLegal,TASK_COMPLETE,FAILED,ERROR,1,1,1,SAMMS INV pipeline failed. Check the failed parent/child activity run details.,2026-08-19T21:53:13.467Z,2026-08-19T22:54:29.012Z,3676,2026-08-19T22:54:29.012Z,B37,Clyde,2caac1da-4db4-431b-998d-21dc6fd03dce,SAMMS-ClydeV5
202608192252097291,202608192152669079,202608192152666995,85,3375,Bronze INV,br_ReAssessmentLegal,TASK_COMPLETE,FAILED,ERROR,1188,1188,1,SAMMS INV pipeline failed. Check the failed parent/child activity run details.,2026-08-19T21:53:13.467Z,2026-08-19T22:54:29.012Z,3676,2026-08-19T22:54:29.012Z,B38,Spartanburg,2caac1da-4db4-431b-998d-21dc6fd03dce,SAMMS-SpartanburgV5
202608192252097292,202608192152669080,202608192152666995,85,3376,Bronze INV,br_ReAssessmentLegal,TASK_COMPLETE,FAILED,ERROR,362,362,1,SAMMS INV pipeline failed. Check the failed parent/child activity run details.,2026-08-19T21:53:13.467Z,2026-08-19T22:54:29.012Z,3676,2026-08-19T22:54:29.012Z,B39,Aiken,2caac1da-4db4-431b-998d-21dc6fd03dce,SAMMS-AikenV5
202608192252097294,202608192152669081,202608192152666995,85,3377,Bronze INV,br_ReAssessmentLegal,TASK_COMPLETE,FAILED,ERROR,1887,1887,1,SAMMS INV pipeline failed. Check the failed parent/child activity run details.,2026-08-19T21:53:13.467Z,2026-08-19T22:54:29.012Z,3676,2026-08-19T22:54:29.012Z,B41,Chesapeake,2caac1da-4db4-431b-998d-21dc6fd03dce,SAMMS-ChesapeakeV5
202608192252097295,202608192152669082,202608192152666995,85,3378,Bronze INV,br_ReAssessmentLegal,TASK_COMPLETE,FAILED,ERROR,1912,1912,1,SAMMS INV pipeline failed. Check the failed parent/child activity run details.,2026-08-19T21:53:13.467Z,2026-08-19T22:54:29.012Z,3676,2026-08-19T22:54:29.012Z,B42,Virginia Beach,2caac1da-4db4-431b-998d-21dc6fd03dce,SAMMS-VirginiaBeachV5
202608192252097296,202608192152669083,202608192152666995,85,3379,Bronze INV,br_ReAssessmentLegal,TASK_COMPLETE,FAILED,ERROR,923,923,1,SAMMS INV pipeline failed. Check the failed parent/child activity run details.,2026-08-19T21:53:13.467Z,2026-08-19T22:54:29.012Z,3676,2026-08-19T22:54:29.012Z,B42A,Newport News,2caac1da-4db4-431b-998d-21dc6fd03dce,SAMMS-NewportNewsV5
202608192252097297,202608192152669084,202608192152666995,85,3380,Bronze INV,br_ReAssessmentLegal,TASK_COMPLETE,FAILED,ERROR,507,507,1,SAMMS INV pipeline failed. Check the failed parent/child activity run details.,2026-08-19T21:53:13.467Z,2026-08-19T22:54:29.012Z,3676,2026-08-19T22:54:29.012Z,B42B,Franklin,2caac1da-4db4-431b-998d-21dc6fd03dce,SAMMS-FranklinV5
202608192252097298,202608192152669085,202608192152666995,85,3381,Bronze INV,br_ReAssessmentLegal,TASK_COMPLETE,FAILED,ERROR,340,340,1,SAMMS INV pipeline failed. Check the failed parent/child activity run details.,2026-08-19T21:53:13.467Z,2026-08-19T22:54:29.012Z,3676,2026-08-19T22:54:29.012Z,B42C,Glen Allen,2caac1da-4db4-431b-998d-21dc6fd03dce,SAMMS-GlenAllenV5
202608192252097299,202608192152669086,202608192152666995,85,3382,Bronze INV,br_ReAssessmentLegal,TASK_COMPLETE,FAILED,ERROR,1479,1479,1,SAMMS INV pipeline failed. Check the failed parent/child activity run details.,2026-08-19T21:53:13.467Z,2026-08-19T22:54:29.012Z,3676,2026-08-19T22:54:29.012Z,B42D,Chesapeake South,2caac1da-4db4-431b-998d-21dc6fd03dce,SAMMS-ChesapeakeSouthV5
202608192252097301,202608192152669087,202608192152666995,85,3383,Bronze INV,br_ReAssessmentLegal,TASK_COMPLETE,FAILED,ERROR,633,633,1,SAMMS INV pipeline failed. Check the failed parent/child activity run details.,2026-08-19T21:53:13.467Z,2026-08-19T22:54:29.012Z,3676,2026-08-19T22:54:29.012Z,B44,Albany,2caac1da-4db4-431b-998d-21dc6fd03dce,SAMMS-AlbanyV5
202608192252097302,202608192152669088,202608192152666995,85,3384,Bronze INV,br_ReAssessmentLegal,TASK_COMPLETE,FAILED,ERROR,1267,1267,1,SAMMS INV pipeline failed. Check the failed parent/child activity run details.,2026-08-19T21:53:13.467Z,2026-08-19T22:54:29.012Z,3676,2026-08-19T22:54:29.012Z,B45,Tifton,2caac1da-4db4-431b-998d-21dc6fd03dce,SAMMS-TiftonV5
202608192252097303,202608192152669089,202608192152666995,85,3385,Bronze INV,br_ReAssessmentLegal,TASK_COMPLETE,FAILED,ERROR,588,588,1,SAMMS INV pipeline failed. Check the failed parent/child activity run details.,2026-08-19T21:53:13.467Z,2026-08-19T22:54:29.012Z,3676,2026-08-19T22:54:29.012Z,B46,Washington DC,2caac1da-4db4-431b-998d-21dc6fd03dce,SAMMS-WashingtonDCv5
202608192252097304,202608192152669090,202608192152666995,85,3386,Bronze INV,br_ReAssessmentLegal,TASK_COMPLETE,FAILED,ERROR,1557,1557,1,SAMMS INV pipeline failed. Check the failed parent/child activity run details.,2026-08-19T21:53:13.467Z,2026-08-19T22:54:29.012Z,3676,2026-08-19T22:54:29.012Z,B47,Mobile,2caac1da-4db4-431b-998d-21dc6fd03dce,SAMMS-MobileV5
202608192252097305,202608192152669091,202608192152666995,85,3387,Bronze INV,br_ReAssessmentLegal,TASK_COMPLETE,FAILED,ERROR,1296,1296,1,SAMMS INV pipeline failed. Check the failed parent/child activity run details.,2026-08-19T21:53:13.467Z,2026-08-19T22:54:29.012Z,3676,2026-08-19T22:54:29.012Z,B48,Tuscaloosa,2caac1da-4db4-431b-998d-21dc6fd03dce,SAMMS-TuscaloosaV5
202608192252097306,202608192152669092,202608192152666995,85,3396,Bronze INV,br_ReAssessmentLegal,TASK_COMPLETE,FAILED,ERROR,2,2,1,SAMMS INV pipeline failed. Check the failed parent/child activity run details.,2026-08-19T21:53:13.467Z,2026-08-19T22:54:29.012Z,3676,2026-08-19T22:54:29.012Z,B51,N. Little Rock (OTP),2caac1da-4db4-431b-998d-21dc6fd03dce,SAMMS-NorthLittleRockV6
202608192252097308,202608192152669093,202608192152666995,85,3397,Bronze INV,br_ReAssessmentLegal,TASK_COMPLETE,FAILED,ERROR,454,454,1,SAMMS INV pipeline failed. Check the failed parent/child activity run details.,2026-08-19T21:53:13.467Z,2026-08-19T22:54:29.012Z,3676,2026-08-19T22:54:29.012Z,B52,Jackson GA,2caac1da-4db4-431b-998d-21dc6fd03dce,SAMMS-JacksonGAV5
202608192252097309,202608192152669094,202608192152666995,85,3398,Bronze INV,br_ReAssessmentLegal,TASK_COMPLETE,FAILED,ERROR,1702,1702,1,SAMMS INV pipeline failed. Check the failed parent/child activity run details.,2026-08-19T21:53:13.467Z,2026-08-19T22:54:29.012Z,3676,2026-08-19T22:54:29.012Z,B54,Gadsden,2caac1da-4db4-431b-998d-21dc6fd03dce,SAMMS-GadsdenV5
202608192252097310,202608192152669095,202608192152666995,85,3399,Bronze INV,br_ReAssessmentLegal,TASK_COMPLETE,FAILED,ERROR,946,946,1,SAMMS INV pipeline failed. Check the failed parent/child activity run details.,2026-08-19T21:53:13.467Z,2026-08-19T22:54:29.012Z,3676,2026-08-19T22:54:29.012Z,B55,Shoals,2caac1da-4db4-431b-998d-21dc6fd03dce,SAMMS-ShoalsV5
202608192252097311,202608192152669096,202608192152666995,85,3400,Bronze INV,br_ReAssessmentLegal,TASK_COMPLETE,FAILED,ERROR,294,294,1,SAMMS INV pipeline failed. Check the failed parent/child activity run details.,2026-08-19T21:53:13.467Z,2026-08-19T22:54:29.012Z,3676,2026-08-19T22:54:29.012Z,B57,Pawtucket,2caac1da-4db4-431b-998d-21dc6fd03dce,SAMMS-Pawtucket
202608192252097312,202608192152669097,202608192152666995,85,3401,Bronze INV,br_ReAssessmentLegal,TASK_COMPLETE,FAILED,ERROR,550,550,1,SAMMS INV pipeline failed. Check the failed parent/child activity run details.,2026-08-19T21:53:13.467Z,2026-08-19T22:54:29.012Z,3676,2026-08-19T22:54:29.012Z,B57A,Johnston,2caac1da-4db4-431b-998d-21dc6fd03dce,SAMMS-Johnston
202608192252097313,202608192152669098,202608192152666995,85,3402,Bronze INV,br_ReAssessmentLegal,TASK_COMPLETE,FAILED,ERROR,164,164,1,SAMMS INV pipeline failed. Check the failed parent/child activity run details.,2026-08-19T21:53:13.467Z,2026-08-19T22:54:29.012Z,3676,2026-08-19T22:54:29.012Z,B57B,Middletown,2caac1da-4db4-431b-998d-21dc6fd03dce,SAMMS-Middletown
202608192252097314,202608192152669099,202608192152666995,85,3403,Bronze INV,br_ReAssessmentLegal,TASK_COMPLETE,FAILED,ERROR,411,411,1,SAMMS INV pipeline failed. Check the failed parent/child activity run details.,2026-08-19T21:53:13.467Z,2026-08-19T22:54:29.012Z,3676,2026-08-19T22:54:29.012Z,B57C,Providence,2caac1da-4db4-431b-998d-21dc6fd03dce,SAMMS-Providence
202608192252097316,202608192152669100,202608192152666995,85,3404,Bronze INV,br_ReAssessmentLegal,TASK_COMPLETE,FAILED,ERROR,622,622,1,SAMMS INV pipeline failed. Check the failed parent/child activity run details.,2026-08-19T21:53:13.467Z,2026-08-19T22:54:29.012Z,3676,2026-08-19T22:54:29.012Z,B57D,Westerly,2caac1da-4db4-431b-998d-21dc6fd03dce,SAMMS-Westerly
202608192252097317,202608192152669101,202608192152666995,85,3408,Bronze INV,br_ReAssessmentLegal,TASK_COMPLETE,FAILED,ERROR,4,4,1,SAMMS INV pipeline failed. Check the failed parent/child activity run details.,2026-08-19T21:53:13.467Z,2026-08-19T22:54:29.012Z,3676,2026-08-19T22:54:29.012Z,B66A,Bremen,2caac1da-4db4-431b-998d-21dc6fd03dce,SAMMS-Bremen
202608192252097318,202608192152669102,202608192152666995,85,3411,Bronze INV,br_ReAssessmentLegal,TASK_COMPLETE,FAILED,ERROR,0,0,1,SAMMS INV pipeline failed. Check the failed parent/child activity run details.,2026-08-19T21:53:13.467Z,2026-08-19T22:54:29.012Z,3676,2026-08-19T22:54:29.012Z,B72,Mobile (OBOT),2caac1da-4db4-431b-998d-21dc6fd03dce,SAMMS-Mobile-OBOT
202608192252097319,202608192152669103,202608192152666995,85,3412,Bronze INV,br_ReAssessmentLegal,TASK_COMPLETE,FAILED,ERROR,0,0,1,SAMMS INV pipeline failed. Check the failed parent/child activity run details.,2026-08-19T21:53:13.467Z,2026-08-19T22:54:29.012Z,3676,2026-08-19T22:54:29.012Z,B73,Montgomery,2caac1da-4db4-431b-998d-21dc6fd03dce,SAMMS-Montgomery
202608192252097320,202608192152669104,202608192152666995,85,3413,Bronze INV,br_ReAssessmentLegal,TASK_COMPLETE,FAILED,ERROR,516,516,1,SAMMS INV pipeline failed. Check the failed parent/child activity run details.,2026-08-19T21:53:13.467Z,2026-08-19T22:54:29.012Z,3676,2026-08-19T22:54:29.012Z,B75,Lawrence,2caac1da-4db4-431b-998d-21dc6fd03dce,SAMMS-LawrenceV6
202608192252097321,202608192152669105,202608192152666995,85,3414,Bronze INV,br_ReAssessmentLegal,TASK_COMPLETE,FAILED,ERROR,0,0,1,SAMMS INV pipeline failed. Check the failed parent/child activity run details.,2026-08-19T21:53:13.467Z,2026-08-19T22:54:29.012Z,3676,2026-08-19T22:54:29.012Z,B76,Huntsville OBOT,2caac1da-4db4-431b-998d-21dc6fd03dce,SAMMS-Huntsville-OBOT
202608192252097323,202608192152669106,202608192152666995,85,3415,Bronze INV,br_ReAssessmentLegal,TASK_COMPLETE,FAILED,ERROR,0,0,1,SAMMS INV pipeline failed. Check the failed parent/child activity run details.,2026-08-19T21:53:13.467Z,2026-08-19T22:54:29.012Z,3676,2026-08-19T22:54:29.012Z,BAT,Batesville,2caac1da-4db4-431b-998d-21dc6fd03dce,SAMMS-Batesville
202608192252097324,202608192152669107,202608192152666995,85,3416,Bronze INV,br_ReAssessmentLegal,TASK_COMPLETE,FAILED,ERROR,460,460,1,SAMMS INV pipeline failed. Check the failed parent/child activity run details.,2026-08-19T21:53:13.467Z,2026-08-19T22:54:29.012Z,3676,2026-08-19T22:54:29.012Z,BG,Bowling Green,2caac1da-4db4-431b-998d-21dc6fd03dce,SAMMS-BowlingGreen
202608192252097325,202608192152669108,202608192152666995,85,3417,Bronze INV,br_ReAssessmentLegal,TASK_COMPLETE,FAILED,ERROR,180,180,1,SAMMS INV pipeline failed. Check the failed parent/child activity run details.,2026-08-19T21:53:13.467Z,2026-08-19T22:54:29.012Z,3676,2026-08-19T22:54:29.012Z,BOI,Boise,2caac1da-4db4-431b-998d-21dc6fd03dce,SAMMS-Boise
202608192252097326,202608192152669109,202608192152666995,85,3424,Bronze INV,br_ReAssessmentLegal,TASK_COMPLETE,FAILED,ERROR,51,51,1,SAMMS INV pipeline failed. Check the failed parent/child activity run details.,2026-08-19T21:53:13.467Z,2026-08-19T22:54:29.012Z,3676,2026-08-19T22:54:29.012Z,CBCO,Coeur dAlene,2caac1da-4db4-431b-998d-21dc6fd03dce,SAMMS-CoeurdAleneV6
202608192252097327,202608192152669110,202608192152666995,85,3443,Bronze INV,br_ReAssessmentLegal,TASK_COMPLETE,FAILED,ERROR,0,0,1,SAMMS INV pipeline failed. Check the failed parent/child activity run details.,2026-08-19T21:53:13.467Z,2026-08-19T22:54:29.012Z,3676,2026-08-19T22:54:29.012Z,CON,Conway,2caac1da-4db4-431b-998d-21dc6fd03dce,SAMMS-Conway
202608192252097328,202608192152669111,202608192152666995,85,3444,Bronze INV,br_ReAssessmentLegal,TASK_COMPLETE,FAILED,ERROR,2568,2568,1,SAMMS INV pipeline failed. Check the failed parent/child activity run details.,2026-08-19T21:53:13.467Z,2026-08-19T22:54:29.012Z,3676,2026-08-19T22:54:29.012Z,D07,Medical Services Knox TN,2caac1da-4db4-431b-998d-21dc6fd03dce,SAMMS-KnoxvilleV6
202608192252097330,202608192152669112,202608192152666995,85,3445,Bronze INV,br_ReAssessmentLegal,TASK_COMPLETE,FAILED,ERROR,111,111,1,SAMMS INV pipeline failed. Check the failed parent/child activity run details.,2026-08-19T21:53:13.467Z,2026-08-19T22:54:29.012Z,3676,2026-08-19T22:54:29.012Z,D08,Madison,2caac1da-4db4-431b-998d-21dc6fd03dce,SAMMS-MadisonV6
202608192252097331,202608192152669113,202608192152666995,85,3447,Bronze INV,br_ReAssessmentLegal,TASK_COMPLETE,FAILED,ERROR,117,117,1,SAMMS INV pipeline failed. Check the failed parent/child activity run details.,2026-08-19T21:53:13.467Z,2026-08-19T22:54:29.012Z,3676,2026-08-19T22:54:29.012Z,D09,Murfreesboro,2caac1da-4db4-431b-998d-21dc6fd03dce,SAMMS-MurfreesboroV6
202608192252097332,202608192152669114,202608192152666995,85,3448,Bronze INV,br_ReAssessmentLegal,TASK_COMPLETE,FAILED,ERROR,335,335,1,SAMMS INV pipeline failed. Check the failed parent/child activity run details.,2026-08-19T21:53:13.467Z,2026-08-19T22:54:29.012Z,3676,2026-08-19T22:54:29.012Z,DA,Davenport,2caac1da-4db4-431b-998d-21dc6fd03dce,SAMMS-Davenport
202608192252097333,202608192152669115,202608192152666995,85,3449,Bronze INV,br_ReAssessmentLegal,TASK_COMPLETE,FAILED,ERROR,287,287,1,SAMMS INV pipeline failed. Check the failed parent/child activity run details.,2026-08-19T21:53:13.467Z,2026-08-19T22:54:29.012Z,3676,2026-08-19T22:54:29.012Z,DM,Des Moines,2caac1da-4db4-431b-998d-21dc6fd03dce,SAMMS-DesMoines
202608192252097334,202608192152669116,202608192152666995,85,3451,Bronze INV,br_ReAssessmentLegal,TASK_COMPLETE,FAILED,ERROR,529,529,1,SAMMS INV pipeline failed. Check the failed parent/child activity run details.,2026-08-19T21:53:13.467Z,2026-08-19T22:54:29.012Z,3676,2026-08-19T22:54:29.012Z,DRD-CO,Columbia MO,2caac1da-4db4-431b-998d-21dc6fd03dce,SAMMS-ColumbiaV5
202608192252097335,202608192152669117,202608192152666995,85,3452,Bronze INV,br_ReAssessmentLegal,TASK_COMPLETE,FAILED,ERROR,346,346,1,SAMMS INV pipeline failed. Check the failed parent/child activity run details.,2026-08-19T21:53:13.467Z,2026-08-19T22:54:29.012Z,3676,2026-08-19T22:54:29.012Z,DRD-KC,KC,2caac1da-4db4-431b-998d-21dc6fd03dce,SAMMS-KCv5
202608192252097336,202608192152669118,202608192152666995,85,3453,Bronze INV,br_ReAssessmentLegal,TASK_COMPLETE,FAILED,ERROR,1551,1551,1,SAMMS INV pipeline failed. Check the failed parent/child activity run details.,2026-08-19T21:53:13.467Z,2026-08-19T22:54:29.012Z,3676,2026-08-19T22:54:29.012Z,DRD-KVB,KVB,2caac1da-4db4-431b-998d-21dc6fd03dce,SAMMS-KVBv5
202608192252097338,202608192152669119,202608192152666995,85,3454,Bronze INV,br_ReAssessmentLegal,TASK_COMPLETE,FAILED,ERROR,1672,1672,1,SAMMS INV pipeline failed. Check the failed parent/child activity run details.,2026-08-19T21:53:13.467Z,2026-08-19T22:54:29.012Z,3676,2026-08-19T22:54:29.012Z,DRD-KVC,KVC,2caac1da-4db4-431b-998d-21dc6fd03dce,SAMMS-KVCv5
202608192252097339,202608192152669120,202608192152666995,85,3455,Bronze INV,br_ReAssessmentLegal,TASK_COMPLETE,FAILED,ERROR,3202,3202,1,SAMMS INV pipeline failed. Check the failed parent/child activity run details.,2026-08-19T21:53:13.467Z,2026-08-19T22:54:29.012Z,3676,2026-08-19T22:54:29.012Z,DRD-NOLA,NOLA,2caac1da-4db4-431b-998d-21dc6fd03dce,SAMMS-NOLAv5
202608192252097340,202608192152669121,202608192152666995,85,3456,Bronze INV,br_ReAssessmentLegal,TASK_COMPLETE,FAILED,ERROR,798,798,1,SAMMS INV pipeline failed. Check the failed parent/child activity run details.,2026-08-19T21:53:13.467Z,2026-08-19T22:54:29.012Z,3676,2026-08-19T22:54:29.012Z,DRD-SF,Springfield,2caac1da-4db4-431b-998d-21dc6fd03dce,SAMMS-SFv5
202608192252097341,202608192152669122,202608192152666995,85,3458,Bronze INV,br_ReAssessmentLegal,TASK_COMPLETE,FAILED,ERROR,260,260,1,SAMMS INV pipeline failed. Check the failed parent/child activity run details.,2026-08-19T21:53:13.467Z,2026-08-19T22:54:29.012Z,3676,2026-08-19T22:54:29.012Z,ELC,Elizabeth City,2caac1da-4db4-431b-998d-21dc6fd03dce,SAMMS-ElizabethCity
202608192252097342,202608192152669123,202608192152666995,85,3459,Bronze INV,br_ReAssessmentLegal,TASK_COMPLETE,FAILED,ERROR,128,128,1,SAMMS INV pipeline failed. Check the failed parent/child activity run details.,2026-08-19T21:53:13.467Z,2026-08-19T22:54:29.012Z,3676,2026-08-19T22:54:29.012Z,ET,Elizabethtown,2caac1da-4db4-431b-998d-21dc6fd03dce,SAMMS-Elizabethtown
202608192252097343,202608192152669124,202608192152666995,85,3460,Bronze INV,br_ReAssessmentLegal,TASK_COMPLETE,FAILED,ERROR,0,0,1,SAMMS INV pipeline failed. Check the failed parent/child activity run details.,2026-08-19T21:53:13.467Z,2026-08-19T22:54:29.012Z,3676,2026-08-19T22:54:29.012Z,FAY,Fayetteville,2caac1da-4db4-431b-998d-21dc6fd03dce,SAMMS-Fayetteville
202608192252097345,202608192152669125,202608192152666995,85,3461,Bronze INV,br_ReAssessmentLegal,TASK_COMPLETE,FAILED,ERROR,156,156,1,SAMMS INV pipeline failed. Check the failed parent/child activity run details.,2026-08-19T21:53:13.467Z,2026-08-19T22:54:29.012Z,3676,2026-08-19T22:54:29.012Z,FR,Frankfort,2caac1da-4db4-431b-998d-21dc6fd03dce,SAMMS-Frankfort
202608192252097346,202608192152669126,202608192152666995,85,3462,Bronze INV,br_ReAssessmentLegal,TASK_COMPLETE,FAILED,ERROR,0,0,1,SAMMS INV pipeline failed. Check the failed parent/child activity run details.,2026-08-19T21:53:13.467Z,2026-08-19T22:54:29.012Z,3676,2026-08-19T22:54:29.012Z,FS,Fort Smith,2caac1da-4db4-431b-998d-21dc6fd03dce,SAMMS-FortSmith
202608192252097347,202608192152669127,202608192152666995,85,3463,Bronze INV,br_ReAssessmentLegal,TASK_COMPLETE,FAILED,ERROR,466,466,1,SAMMS INV pipeline failed. Check the failed parent/child activity run details.,2026-08-19T21:53:13.467Z,2026-08-19T22:54:29.012Z,3676,2026-08-19T22:54:29.012Z,FW,Fort Wayne,2caac1da-4db4-431b-998d-21dc6fd03dce,SAMMS-FortWayne
202608192252097348,202608192152669128,202608192152666995,85,3464,Bronze INV,br_ReAssessmentLegal,TASK_COMPLETE,FAILED,ERROR,273,273,1,SAMMS INV pipeline failed. Check the failed parent/child activity run details.,2026-08-19T21:53:13.467Z,2026-08-19T22:54:29.012Z,3676,2026-08-19T22:54:29.012Z,GAL,Gaylord,2caac1da-4db4-431b-998d-21dc6fd03dce,SAMMS-Gaylord
202608192252097349,202608192152669129,202608192152666995,85,3468,Bronze INV,br_ReAssessmentLegal,TASK_COMPLETE,FAILED,ERROR,100,100,1,SAMMS INV pipeline failed. Check the failed parent/child activity run details.,2026-08-19T21:53:13.467Z,2026-08-19T22:54:29.012Z,3676,2026-08-19T22:54:29.012Z,HGT,Hagerstown,2caac1da-4db4-431b-998d-21dc6fd03dce,SAMMS-Hagerstown
202608192252097350,202608192152669130,202608192152666995,85,3469,Bronze INV,br_ReAssessmentLegal,TASK_COMPLETE,FAILED,ERROR,1723,1723,1,SAMMS INV pipeline failed. Check the failed parent/child activity run details.,2026-08-19T21:53:13.467Z,2026-08-19T22:54:29.012Z,3676,2026-08-19T22:54:29.012Z,HNT,Huntsville,2caac1da-4db4-431b-998d-21dc6fd03dce,SAMMS-Huntsville
202608192252097352,202608192152669131,202608192152666995,85,3470,Bronze INV,br_ReAssessmentLegal,TASK_COMPLETE,FAILED,ERROR,0,0,1,SAMMS INV pipeline failed. Check the failed parent/child activity run details.,2026-08-19T21:53:13.467Z,2026-08-19T22:54:29.012Z,3676,2026-08-19T22:54:29.012Z,HS,Hot Springs,2caac1da-4db4-431b-998d-21dc6fd03dce,SAMMS-HotSprings
202608192252097353,202608192152669132,202608192152666995,85,3471,Bronze INV,br_ReAssessmentLegal,TASK_COMPLETE,FAILED,ERROR,0,0,1,SAMMS INV pipeline failed. Check the failed parent/child activity run details.,2026-08-19T21:53:13.467Z,2026-08-19T22:54:29.012Z,3676,2026-08-19T22:54:29.012Z,JON,Jonesboro,2caac1da-4db4-431b-998d-21dc6fd03dce,SAMMS-Jonesboro
202608192252097354,202608192152669133,202608192152666995,85,3473,Bronze INV,br_ReAssessmentLegal,TASK_COMPLETE,FAILED,ERROR,445,445,1,SAMMS INV pipeline failed. Check the failed parent/child activity run details.,2026-08-19T21:53:13.467Z,2026-08-19T22:54:29.012Z,3676,2026-08-19T22:54:29.012Z,LAN,Lansing,2caac1da-4db4-431b-998d-21dc6fd03dce,SAMMS-Lansing
202608192252097355,202608192152669134,202608192152666995,85,3474,Bronze INV,br_ReAssessmentLegal,TASK_COMPLETE,FAILED,ERROR,1286,1286,1,SAMMS INV pipeline failed. Check the failed parent/child activity run details.,2026-08-19T21:53:13.467Z,2026-08-19T22:54:29.012Z,3676,2026-08-19T22:54:29.012Z,LO,Louisville,2caac1da-4db4-431b-998d-21dc6fd03dce,SAMMS-Louisville
202608192252097356,202608192152669135,202608192152666995,85,3475,Bronze INV,br_ReAssessmentLegal,TASK_COMPLETE,FAILED,ERROR,291,291,1,SAMMS INV pipeline failed. Check the failed parent/child activity run details.,2026-08-19T21:53:13.467Z,2026-08-19T22:54:29.012Z,3676,2026-08-19T22:54:29.012Z,LV1,Cheyenne,2caac1da-4db4-431b-998d-21dc6fd03dce,SAMMS-Cheyenne
202608192252097357,202608192152669136,202608192152666995,85,3476,Bronze INV,br_ReAssessmentLegal,TASK_COMPLETE,FAILED,ERROR,204,204,1,SAMMS INV pipeline failed. Check the failed parent/child activity run details.,2026-08-19T21:53:13.467Z,2026-08-19T22:54:29.012Z,3676,2026-08-19T22:54:29.012Z,LV2,Desert Inn,2caac1da-4db4-431b-998d-21dc6fd03dce,SAMMS-DesertInn
202608192252097358,202608192152669137,202608192152666995,85,3477,Bronze INV,br_ReAssessmentLegal,TASK_COMPLETE,FAILED,ERROR,109,109,1,SAMMS INV pipeline failed. Check the failed parent/child activity run details.,2026-08-19T21:53:13.467Z,2026-08-19T22:54:29.012Z,3676,2026-08-19T22:54:29.012Z,LV3,McDaniel,2caac1da-4db4-431b-998d-21dc6fd03dce,SAMMS-McDaniel
202608192252097360,202608192152669138,202608192152666995,85,3480,Bronze INV,br_ReAssessmentLegal,TASK_COMPLETE,FAILED,ERROR,358,358,1,SAMMS INV pipeline failed. Check the failed parent/child activity run details.,2026-08-19T21:53:13.467Z,2026-08-19T22:54:29.012Z,3676,2026-08-19T22:54:29.012Z,MNRE,Monroe,2caac1da-4db4-431b-998d-21dc6fd03dce,SAMMS-Monroe
202608192252097361,202608192152669139,202608192152666995,85,3481,Bronze INV,br_ReAssessmentLegal,TASK_COMPLETE,FAILED,ERROR,1420,1420,1,SAMMS INV pipeline failed. Check the failed parent/child activity run details.,2026-08-19T21:53:13.467Z,2026-08-19T22:54:29.012Z,3676,2026-08-19T22:54:29.012Z,MP,Mt. Pleasant,2caac1da-4db4-431b-998d-21dc6fd03dce,SAMMS-MtPleasant
202608192252097362,202608192152669140,202608192152666995,85,3482,Bronze INV,br_ReAssessmentLegal,TASK_COMPLETE,FAILED,ERROR,153,153,1,SAMMS INV pipeline failed. Check the failed parent/child activity run details.,2026-08-19T21:53:13.467Z,2026-08-19T22:54:29.012Z,3676,2026-08-19T22:54:29.012Z,MRD,Meridian,2caac1da-4db4-431b-998d-21dc6fd03dce,SAMMS-Meridian
202608192252097363,202608192152669141,202608192152666995,85,3487,Bronze INV,br_ReAssessmentLegal,TASK_COMPLETE,FAILED,ERROR,693,693,1,SAMMS INV pipeline failed. Check the failed parent/child activity run details.,2026-08-19T21:53:13.467Z,2026-08-19T22:54:29.012Z,3676,2026-08-19T22:54:29.012Z,NC,North Charleston,2caac1da-4db4-431b-998d-21dc6fd03dce,SAMMS-NorthCharleston
202608192252097364,202608192152669142,202608192152666995,85,3488,Bronze INV,br_ReAssessmentLegal,TASK_COMPLETE,FAILED,ERROR,0,0,1,SAMMS INV pipeline failed. Check the failed parent/child activity run details.,2026-08-19T21:53:13.467Z,2026-08-19T22:54:29.012Z,3676,2026-08-19T22:54:29.012Z,NLR,N. Little Rock,2caac1da-4db4-431b-998d-21dc6fd03dce,SAMMS-NLROBOT
202608192252097365,202608192152669143,202608192152666995,85,3489,Bronze INV,br_ReAssessmentLegal,TASK_COMPLETE,FAILED,ERROR,111,111,1,SAMMS INV pipeline failed. Check the failed parent/child activity run details.,2026-08-19T21:53:13.467Z,2026-08-19T22:54:29.012Z,3676,2026-08-19T22:54:29.012Z,PH,Phoenix,2caac1da-4db4-431b-998d-21dc6fd03dce,SAMMS-Phoenix
202608192252097367,202608192152669144,202608192152666995,85,3493,Bronze INV,br_ReAssessmentLegal,TASK_COMPLETE,FAILED,ERROR,212,212,1,SAMMS INV pipeline failed. Check the failed parent/child activity run details.,2026-08-19T21:53:13.467Z,2026-08-19T22:54:29.012Z,3676,2026-08-19T22:54:29.012Z,RE,Reno,2caac1da-4db4-431b-998d-21dc6fd03dce,SAMMS-Reno
202608192252097368,202608192152669145,202608192152666995,85,3494,Bronze INV,br_ReAssessmentLegal,TASK_COMPLETE,FAILED,ERROR,88,88,1,SAMMS INV pipeline failed. Check the failed parent/child activity run details.,2026-08-19T21:53:13.467Z,2026-08-19T22:54:29.012Z,3676,2026-08-19T22:54:29.012Z,RMD,Richmond,2caac1da-4db4-431b-998d-21dc6fd03dce,SAMMS-Richmond
202608192252097369,202608192152669146,202608192152666995,85,3495,Bronze INV,br_ReAssessmentLegal,TASK_COMPLETE,FAILED,ERROR,588,588,1,SAMMS INV pipeline failed. Check the failed parent/child activity run details.,2026-08-19T21:53:13.467Z,2026-08-19T22:54:29.012Z,3676,2026-08-19T22:54:29.012Z,SFN,Springfield North,2caac1da-4db4-431b-998d-21dc6fd03dce,SAMMS-SFNv5
202608192252097370,202608192152669147,202608192152666995,85,3496,Bronze INV,br_ReAssessmentLegal,TASK_COMPLETE,FAILED,ERROR,763,763,1,SAMMS INV pipeline failed. Check the failed parent/child activity run details.,2026-08-19T21:53:13.467Z,2026-08-19T22:54:29.012Z,3676,2026-08-19T22:54:29.012Z,SHP,Shreveport,2caac1da-4db4-431b-998d-21dc6fd03dce,SAMMS-Shreveport
202608192252097371,202608192152669148,202608192152666995,85,3498,Bronze INV,br_ReAssessmentLegal,TASK_COMPLETE,FAILED,ERROR,481,481,1,SAMMS INV pipeline failed. Check the failed parent/child activity run details.,2026-08-19T21:53:13.467Z,2026-08-19T22:54:29.012Z,3676,2026-08-19T22:54:29.012Z,STN,Staunton,2caac1da-4db4-431b-998d-21dc6fd03dce,SAMMS-Staunton
202608192252097372,202608192152669149,202608192152666995,85,3499,Bronze INV,br_ReAssessmentLegal,TASK_COMPLETE,FAILED,ERROR,224,224,1,SAMMS INV pipeline failed. Check the failed parent/child activity run details.,2026-08-19T21:53:13.467Z,2026-08-19T22:54:29.012Z,3676,2026-08-19T22:54:29.012Z,STVN,Stevenson,2caac1da-4db4-431b-998d-21dc6fd03dce,SAMMS-Stevenson
202608192252097373,202608192152669150,202608192152666995,85,3501,Bronze INV,br_ReAssessmentLegal,TASK_COMPLETE,FAILED,ERROR,173,173,1,SAMMS INV pipeline failed. Check the failed parent/child activity run details.,2026-08-19T21:53:13.467Z,2026-08-19T22:54:29.012Z,3676,2026-08-19T22:54:29.012Z,TE,Tempe,2caac1da-4db4-431b-998d-21dc6fd03dce,SAMMS-Tempe
202608192252097375,202608192152669151,202608192152666995,85,3502,Bronze INV,br_ReAssessmentLegal,TASK_COMPLETE,FAILED,ERROR,0,0,1,SAMMS INV pipeline failed. Check the failed parent/child activity run details.,2026-08-19T21:53:13.467Z,2026-08-19T22:54:29.012Z,3676,2026-08-19T22:54:29.012Z,TEX,Texarkana,2caac1da-4db4-431b-998d-21dc6fd03dce,SAMMS-Texarkana
202608192252097376,202608192152669152,202608192152666995,85,3503,Bronze INV,br_ReAssessmentLegal,TASK_COMPLETE,FAILED,ERROR,1068,1068,1,SAMMS INV pipeline failed. Check the failed parent/child activity run details.,2026-08-19T21:53:13.467Z,2026-08-19T22:54:29.012Z,3676,2026-08-19T22:54:29.012Z,TTCA,Bessemer,2caac1da-4db4-431b-998d-21dc6fd03dce,SAMMS-BessemerV5
202608192252097377,202608192152669153,202608192152666995,85,3504,Bronze INV,br_ReAssessmentLegal,TASK_COMPLETE,FAILED,ERROR,1315,1315,1,SAMMS INV pipeline failed. Check the failed parent/child activity run details.,2026-08-19T21:53:13.467Z,2026-08-19T22:54:29.012Z,3676,2026-08-19T22:54:29.012Z,TTCB,Cullman,2caac1da-4db4-431b-998d-21dc6fd03dce,SAMMS-CullmanV5
202608192252097378,202608192152669154,202608192152666995,85,3505,Bronze INV,br_ReAssessmentLegal,TASK_COMPLETE,FAILED,ERROR,938,938,1,SAMMS INV pipeline failed. Check the failed parent/child activity run details.,2026-08-19T21:53:13.467Z,2026-08-19T22:54:29.012Z,3676,2026-08-19T22:54:29.012Z,TTCC,Grand Bay,2caac1da-4db4-431b-998d-21dc6fd03dce,SAMMS-GrandBay
202608192252097379,202608192152669155,202608192152666995,85,3506,Bronze INV,br_ReAssessmentLegal,TASK_COMPLETE,FAILED,ERROR,15,15,1,SAMMS INV pipeline failed. Check the failed parent/child activity run details.,2026-08-19T21:53:13.467Z,2026-08-19T22:54:29.012Z,3676,2026-08-19T22:54:29.012Z,TU,Tucson,2caac1da-4db4-431b-998d-21dc6fd03dce,SAMMS-Tucson
202608192252097380,202608192152669156,202608192152666995,85,3508,Bronze INV,br_ReAssessmentLegal,TASK_COMPLETE,FAILED,ERROR,660,660,1,SAMMS INV pipeline failed. Check the failed parent/child activity run details.,2026-08-19T21:53:13.467Z,2026-08-19T22:54:29.012Z,3676,2026-08-19T22:54:29.012Z,V1,Memphis South,2caac1da-4db4-431b-998d-21dc6fd03dce,SAMMS-VCPHCS-I-MemphisV5
202608192252097381,202608192152669157,202608192152666995,85,3509,Bronze INV,br_ReAssessmentLegal,TASK_COMPLETE,FAILED,ERROR,1625,1625,1,SAMMS INV pipeline failed. Check the failed parent/child activity run details.,2026-08-19T21:53:13.467Z,2026-08-19T22:54:29.012Z,3676,2026-08-19T22:54:29.012Z,V10,Longmont,2caac1da-4db4-431b-998d-21dc6fd03dce,SAMMS-BoulderV5
202608192252097383,202608192152669158,202608192152666995,85,3510,Bronze INV,br_ReAssessmentLegal,TASK_COMPLETE,FAILED,ERROR,1511,1511,1,SAMMS INV pipeline failed. Check the failed parent/child activity run details.,2026-08-19T21:53:13.467Z,2026-08-19T22:54:29.012Z,3676,2026-08-19T22:54:29.012Z,V10A,Fort Collins,2caac1da-4db4-431b-998d-21dc6fd03dce,SAMMS-FortCollinsV5
202608192252097384,202608192152669159,202608192152666995,85,3511,Bronze INV,br_ReAssessmentLegal,TASK_COMPLETE,FAILED,ERROR,2862,2862,1,SAMMS INV pipeline failed. Check the failed parent/child activity run details.,2026-08-19T21:53:13.467Z,2026-08-19T22:54:29.012Z,3676,2026-08-19T22:54:29.012Z,V11,Westminster,2caac1da-4db4-431b-998d-21dc6fd03dce,SAMMS-VCPHCS-XI-NorthDenverV5
202608192252097385,202608192152669160,202608192152666995,85,3512,Bronze INV,br_ReAssessmentLegal,TASK_COMPLETE,FAILED,ERROR,3027,3027,1,SAMMS INV pipeline failed. Check the failed parent/child activity run details.,2026-08-19T21:53:13.467Z,2026-08-19T22:54:29.012Z,3676,2026-08-19T22:54:29.012Z,V12,Downtown Denver,2caac1da-4db4-431b-998d-21dc6fd03dce,SAMMS-VCPHCS-XII-DowntownDenverV5
202608192252097386,202608192152669161,202608192152666995,85,3513,Bronze INV,br_ReAssessmentLegal,TASK_COMPLETE,FAILED,ERROR,1132,1132,1,SAMMS INV pipeline failed. Check the failed parent/child activity run details.,2026-08-19T21:53:13.467Z,2026-08-19T22:54:29.012Z,3676,2026-08-19T22:54:29.012Z,V12A,Centennial,2caac1da-4db4-431b-998d-21dc6fd03dce,SAMMS-CentennialV5
202608192252097387,202608192152669162,202608192152666995,85,3514,Bronze INV,br_ReAssessmentLegal,TASK_COMPLETE,FAILED,ERROR,293,293,1,SAMMS INV pipeline failed. Check the failed parent/child activity run details.,2026-08-19T21:53:13.467Z,2026-08-19T22:54:29.012Z,3676,2026-08-19T22:54:29.012Z,V14,Overland Park,2caac1da-4db4-431b-998d-21dc6fd03dce,SAMMS-VCPHCS-XIV-BridgewayV5
202608192252097388,202608192152669163,202608192152666995,85,3515,Bronze INV,br_ReAssessmentLegal,TASK_COMPLETE,FAILED,ERROR,608,608,1,SAMMS INV pipeline failed. Check the failed parent/child activity run details.,2026-08-19T21:53:13.467Z,2026-08-19T22:54:29.012Z,3676,2026-08-19T22:54:29.012Z,V15,Joplin,2caac1da-4db4-431b-998d-21dc6fd03dce,SAMMS-JoplinV5
202608192252097390,202608192152669164,202608192152666995,85,3517,Bronze INV,br_ReAssessmentLegal,TASK_COMPLETE,FAILED,ERROR,0,0,1,SAMMS INV pipeline failed. Check the failed parent/child activity run details.,2026-08-19T21:53:13.467Z,2026-08-19T22:54:29.012Z,3676,2026-08-19T22:54:29.012Z,V17,Columbia TN,2caac1da-4db4-431b-998d-21dc6fd03dce,SAMMS-ColumbiaTNv5
202608192252097391,202608192152669165,202608192152666995,85,3519,Bronze INV,br_ReAssessmentLegal,TASK_COMPLETE,FAILED,ERROR,533,533,1,SAMMS INV pipeline failed. Check the failed parent/child activity run details.,2026-08-19T21:53:13.467Z,2026-08-19T22:54:29.012Z,3676,2026-08-19T22:54:29.012Z,V19,Jackson,2caac1da-4db4-431b-998d-21dc6fd03dce,SAMMS-JacksonV5
202608192252097392,202608192152669166,202608192152666995,85,3521,Bronze INV,br_ReAssessmentLegal,TASK_COMPLETE,FAILED,ERROR,1761,1761,1,SAMMS INV pipeline failed. Check the failed parent/child activity run details.,2026-08-19T21:53:13.467Z,2026-08-19T22:54:29.012Z,3676,2026-08-19T22:54:29.012Z,V20,Paris,2caac1da-4db4-431b-998d-21dc6fd03dce,SAMMS-ParisV5
202608192252097393,202608192152669167,202608192152666995,85,3522,Bronze INV,br_ReAssessmentLegal,TASK_COMPLETE,FAILED,ERROR,723,723,1,SAMMS INV pipeline failed. Check the failed parent/child activity run details.,2026-08-19T21:53:13.467Z,2026-08-19T22:54:29.012Z,3676,2026-08-19T22:54:29.012Z,V21,Memphis North,2caac1da-4db4-431b-998d-21dc6fd03dce,SAMMS-RaleighV5
202608192252097394,202608192152669168,202608192152666995,85,3525,Bronze INV,br_ReAssessmentLegal,TASK_COMPLETE,FAILED,ERROR,1773,1773,1,SAMMS INV pipeline failed. Check the failed parent/child activity run details.,2026-08-19T21:53:13.467Z,2026-08-19T22:54:29.012Z,3676,2026-08-19T22:54:29.012Z,V5,West Bank,2caac1da-4db4-431b-998d-21dc6fd03dce,SAMMS-NONTCv5
202608192252097395,202608192152669169,202608192152666995,85,3527,Bronze INV,br_ReAssessmentLegal,TASK_COMPLETE,FAILED,ERROR,144,144,1,SAMMS INV pipeline failed. Check the failed parent/child activity run details.,2026-08-19T21:53:13.467Z,2026-08-19T22:54:29.012Z,3676,2026-08-19T22:54:29.012Z,V5B,Houma,2caac1da-4db4-431b-998d-21dc6fd03dce,SAMMS-HoumaV6
202608192252094923,202608192152667855,202608192152666995,85,327,Bronze INV,br_AdmissionAssessment,TASK_COMPLETE,FAILED,ERROR,25,25,1,SAMMS INV pipeline failed. Check the failed parent/child activity run details.,2026-08-19T21:53:13.467Z,2026-08-19T22:54:29.012Z,3676,2026-08-19T22:54:29.012Z,DRD-NOLA,NOLA,2caac1da-4db4-431b-998d-21dc6fd03dce,SAMMS-NOLAv5
202608192252094924,202608192152667856,202608192152666995,85,328,Bronze INV,br_AdmissionAssessment,TASK_COMPLETE,FAILED,ERROR,44,44,1,SAMMS INV pipeline failed. Check the failed parent/child activity run details.,2026-08-19T21:53:13.467Z,2026-08-19T22:54:29.012Z,3676,2026-08-19T22:54:29.012Z,DRD-SF,Springfield,2caac1da-4db4-431b-998d-21dc6fd03dce,SAMMS-SFv5
202608192252094925,202608192152667857,202608192152666995,85,330,Bronze INV,br_AdmissionAssessment,TASK_COMPLETE,FAILED,ERROR,1,1,1,SAMMS INV pipeline failed. Check the failed parent/child activity run details.,2026-08-19T21:53:13.467Z,2026-08-19T22:54:29.012Z,3676,2026-08-19T22:54:29.012Z,ELC,Elizabeth City,2caac1da-4db4-431b-998d-21dc6fd03dce,SAMMS-ElizabethCity
202608192252094926,202608192152667858,202608192152666995,85,331,Bronze INV,br_AdmissionAssessment,TASK_COMPLETE,FAILED,ERROR,0,0,1,SAMMS INV pipeline failed. Check the failed parent/child activity run details.,2026-08-19T21:53:13.467Z,2026-08-19T22:54:29.012Z,3676,2026-08-19T22:54:29.012Z,ET,Elizabethtown,2caac1da-4db4-431b-998d-21dc6fd03dce,SAMMS-Elizabethtown
202608192252094927,202608192152667859,202608192152666995,85,332,Bronze INV,br_AdmissionAssessment,TASK_COMPLETE,FAILED,ERROR,8,8,1,SAMMS INV pipeline failed. Check the failed parent/child activity run details.,2026-08-19T21:53:13.467Z,2026-08-19T22:54:29.012Z,3676,2026-08-19T22:54:29.012Z,FAY,Fayetteville,2caac1da-4db4-431b-998d-21dc6fd03dce,SAMMS-Fayetteville
202608192252094928,202608192152667860,202608192152666995,85,333,Bronze INV,br_AdmissionAssessment,TASK_COMPLETE,FAILED,ERROR,0,0,1,SAMMS INV pipeline failed. Check the failed parent/child activity run details.,2026-08-19T21:53:13.467Z,2026-08-19T22:54:29.012Z,3676,2026-08-19T22:54:29.012Z,FR,Frankfort,2caac1da-4db4-431b-998d-21dc6fd03dce,SAMMS-Frankfort
202608192252094930,202608192152667861,202608192152666995,85,334,Bronze INV,br_AdmissionAssessment,TASK_COMPLETE,FAILED,ERROR,11,11,1,SAMMS INV pipeline failed. Check the failed parent/child activity run details.,2026-08-19T21:53:13.467Z,2026-08-19T22:54:29.012Z,3676,2026-08-19T22:54:29.012Z,FS,Fort Smith,2caac1da-4db4-431b-998d-21dc6fd03dce,SAMMS-FortSmith
202608192252094931,202608192152667862,202608192152666995,85,335,Bronze INV,br_AdmissionAssessment,TASK_COMPLETE,FAILED,ERROR,18,18,1,SAMMS INV pipeline failed. Check the failed parent/child activity run details.,2026-08-19T21:53:13.467Z,2026-08-19T22:54:29.012Z,3676,2026-08-19T22:54:29.012Z,FW,Fort Wayne,2caac1da-4db4-431b-998d-21dc6fd03dce,SAMMS-FortWayne
202608192252094932,202608192152667863,202608192152666995,85,336,Bronze INV,br_AdmissionAssessment,TASK_COMPLETE,FAILED,ERROR,3,3,1,SAMMS INV pipeline failed. Check the failed parent/child activity run details.,2026-08-19T21:53:13.467Z,2026-08-19T22:54:29.012Z,3676,2026-08-19T22:54:29.012Z,GAL,Gaylord,2caac1da-4db4-431b-998d-21dc6fd03dce,SAMMS-Gaylord
202608192252094933,202608192152667864,202608192152666995,85,340,Bronze INV,br_AdmissionAssessment,TASK_COMPLETE,FAILED,ERROR,11,11,1,SAMMS INV pipeline failed. Check the failed parent/child activity run details.,2026-08-19T21:53:13.467Z,2026-08-19T22:54:29.012Z,3676,2026-08-19T22:54:29.012Z,HGT,Hagerstown,2caac1da-4db4-431b-998d-21dc6fd03dce,SAMMS-Hagerstown
202608192252094934,202608192152667865,202608192152666995,85,341,Bronze INV,br_AdmissionAssessment,TASK_COMPLETE,FAILED,ERROR,13,13,1,SAMMS INV pipeline failed. Check the failed parent/child activity run details.,2026-08-19T21:53:13.467Z,2026-08-19T22:54:29.012Z,3676,2026-08-19T22:54:29.012Z,HNT,Huntsville,2caac1da-4db4-431b-998d-21dc6fd03dce,SAMMS-Huntsville
202608192252094935,202608192152667866,202608192152666995,85,342,Bronze INV,br_AdmissionAssessment,TASK_COMPLETE,FAILED,ERROR,18,18,1,SAMMS INV pipeline failed. Check the failed parent/child activity run details.,2026-08-19T21:53:13.467Z,2026-08-19T22:54:29.012Z,3676,2026-08-19T22:54:29.012Z,HS,Hot Springs,2caac1da-4db4-431b-998d-21dc6fd03dce,SAMMS-HotSprings
202608192252094936,202608192152667867,202608192152666995,85,343,Bronze INV,br_AdmissionAssessment,TASK_COMPLETE,FAILED,ERROR,6,6,1,SAMMS INV pipeline failed. Check the failed parent/child activity run details.,2026-08-19T21:53:13.467Z,2026-08-19T22:54:29.012Z,3676,2026-08-19T22:54:29.012Z,JON,Jonesboro,2caac1da-4db4-431b-998d-21dc6fd03dce,SAMMS-Jonesboro
202608192252094937,202608192152667868,202608192152666995,85,345,Bronze INV,br_AdmissionAssessment,TASK_COMPLETE,FAILED,ERROR,6,6,1,SAMMS INV pipeline failed. Check the failed parent/child activity run details.,2026-08-19T21:53:13.467Z,2026-08-19T22:54:29.012Z,3676,2026-08-19T22:54:29.012Z,LAN,Lansing,2caac1da-4db4-431b-998d-21dc6fd03dce,SAMMS-Lansing
202608192252094939,202608192152667869,202608192152666995,85,346,Bronze INV,br_AdmissionAssessment,TASK_COMPLETE,FAILED,ERROR,0,0,1,SAMMS INV pipeline failed. Check the failed parent/child activity run details.,2026-08-19T21:53:13.467Z,2026-08-19T22:54:29.012Z,3676,2026-08-19T22:54:29.012Z,LO,Louisville,2caac1da-4db4-431b-998d-21dc6fd03dce,SAMMS-Louisville
202608192252094940,202608192152667870,202608192152666995,85,347,Bronze INV,br_AdmissionAssessment,TASK_COMPLETE,FAILED,ERROR,0,0,1,SAMMS INV pipeline failed. Check the failed parent/child activity run details.,2026-08-19T21:53:13.467Z,2026-08-19T22:54:29.012Z,3676,2026-08-19T22:54:29.012Z,LV1,Cheyenne,2caac1da-4db4-431b-998d-21dc6fd03dce,SAMMS-Cheyenne
202608192252094941,202608192152667871,202608192152666995,85,348,Bronze INV,br_AdmissionAssessment,TASK_COMPLETE,FAILED,ERROR,18,18,1,SAMMS INV pipeline failed. Check the failed parent/child activity run details.,2026-08-19T21:53:13.467Z,2026-08-19T22:54:29.012Z,3676,2026-08-19T22:54:29.012Z,LV2,Desert Inn,2caac1da-4db4-431b-998d-21dc6fd03dce,SAMMS-DesertInn
202608192252094942,202608192152667872,202608192152666995,85,349,Bronze INV,br_AdmissionAssessment,TASK_COMPLETE,FAILED,ERROR,5,5,1,SAMMS INV pipeline failed. Check the failed parent/child activity run details.,2026-08-19T21:53:13.467Z,2026-08-19T22:54:29.012Z,3676,2026-08-19T22:54:29.012Z,LV3,McDaniel,2caac1da-4db4-431b-998d-21dc6fd03dce,SAMMS-McDaniel
202608192252094943,202608192152667873,202608192152666995,85,352,Bronze INV,br_AdmissionAssessment,TASK_COMPLETE,FAILED,ERROR,8,8,1,SAMMS INV pipeline failed. Check the failed parent/child activity run details.,2026-08-19T21:53:13.467Z,2026-08-19T22:54:29.012Z,3676,2026-08-19T22:54:29.012Z,MNRE,Monroe,2caac1da-4db4-431b-998d-21dc6fd03dce,SAMMS-Monroe
202608192252094944,202608192152667874,202608192152666995,85,353,Bronze INV,br_AdmissionAssessment,TASK_COMPLETE,FAILED,ERROR,3,3,1,SAMMS INV pipeline failed. Check the failed parent/child activity run details.,2026-08-19T21:53:13.467Z,2026-08-19T22:54:29.012Z,3676,2026-08-19T22:54:29.012Z,MP,Mt. Pleasant,2caac1da-4db4-431b-998d-21dc6fd03dce,SAMMS-MtPleasant
202608192252094945,202608192152667875,202608192152666995,85,354,Bronze INV,br_AdmissionAssessment,TASK_COMPLETE,FAILED,ERROR,1,1,1,SAMMS INV pipeline failed. Check the failed parent/child activity run details.,2026-08-19T21:53:13.467Z,2026-08-19T22:54:29.012Z,3676,2026-08-19T22:54:29.012Z,MRD,Meridian,2caac1da-4db4-431b-998d-21dc6fd03dce,SAMMS-Meridian
202608192252094947,202608192152667876,202608192152666995,85,359,Bronze INV,br_AdmissionAssessment,TASK_COMPLETE,FAILED,ERROR,13,13,1,SAMMS INV pipeline failed. Check the failed parent/child activity run details.,2026-08-19T21:53:13.467Z,2026-08-19T22:54:29.012Z,3676,2026-08-19T22:54:29.012Z,NC,North Charleston,2caac1da-4db4-431b-998d-21dc6fd03dce,SAMMS-NorthCharleston
202608192252094948,202608192152667877,202608192152666995,85,360,Bronze INV,br_AdmissionAssessment,TASK_COMPLETE,FAILED,ERROR,7,7,1,SAMMS INV pipeline failed. Check the failed parent/child activity run details.,2026-08-19T21:53:13.467Z,2026-08-19T22:54:29.012Z,3676,2026-08-19T22:54:29.012Z,NLR,N. Little Rock,2caac1da-4db4-431b-998d-21dc6fd03dce,SAMMS-NLROBOT
202608192252094949,202608192152667878,202608192152666995,85,361,Bronze INV,br_AdmissionAssessment,TASK_COMPLETE,FAILED,ERROR,0,0,1,SAMMS INV pipeline failed. Check the failed parent/child activity run details.,2026-08-19T21:53:13.467Z,2026-08-19T22:54:29.012Z,3676,2026-08-19T22:54:29.012Z,PH,Phoenix,2caac1da-4db4-431b-998d-21dc6fd03dce,SAMMS-Phoenix
202608192252094950,202608192152667879,202608192152666995,85,365,Bronze INV,br_AdmissionAssessment,TASK_COMPLETE,FAILED,ERROR,0,0,1,SAMMS INV pipeline failed. Check the failed parent/child activity run details.,2026-08-19T21:53:13.467Z,2026-08-19T22:54:29.012Z,3676,2026-08-19T22:54:29.012Z,RE,Reno,2caac1da-4db4-431b-998d-21dc6fd03dce,SAMMS-Reno
202608192252094951,202608192152667880,202608192152666995,85,366,Bronze INV,br_AdmissionAssessment,TASK_COMPLETE,FAILED,ERROR,0,0,1,SAMMS INV pipeline failed. Check the failed parent/child activity run details.,2026-08-19T21:53:13.467Z,2026-08-19T22:54:29.012Z,3676,2026-08-19T22:54:29.012Z,RMD,Richmond,2caac1da-4db4-431b-998d-21dc6fd03dce,SAMMS-Richmond
202608192252094952,202608192152667881,202608192152666995,85,367,Bronze INV,br_AdmissionAssessment,TASK_COMPLETE,FAILED,ERROR,31,31,1,SAMMS INV pipeline failed. Check the failed parent/child activity run details.,2026-08-19T21:53:13.467Z,2026-08-19T22:54:29.012Z,3676,2026-08-19T22:54:29.012Z,SFN,Springfield North,2caac1da-4db4-431b-998d-21dc6fd03dce,SAMMS-SFNv5
202608192252094953,202608192152667882,202608192152666995,85,368,Bronze INV,br_AdmissionAssessment,TASK_COMPLETE,FAILED,ERROR,13,13,1,SAMMS INV pipeline failed. Check the failed parent/child activity run details.,2026-08-19T21:53:13.467Z,2026-08-19T22:54:29.012Z,3676,2026-08-19T22:54:29.012Z,SHP,Shreveport,2caac1da-4db4-431b-998d-21dc6fd03dce,SAMMS-Shreveport
202608192252094955,202608192152667883,202608192152666995,85,370,Bronze INV,br_AdmissionAssessment,TASK_COMPLETE,FAILED,ERROR,0,0,1,SAMMS INV pipeline failed. Check the failed parent/child activity run details.,2026-08-19T21:53:13.467Z,2026-08-19T22:54:29.012Z,3676,2026-08-19T22:54:29.012Z,STN,Staunton,2caac1da-4db4-431b-998d-21dc6fd03dce,SAMMS-Staunton
202608192252094956,202608192152667884,202608192152666995,85,371,Bronze INV,br_AdmissionAssessment,TASK_COMPLETE,FAILED,ERROR,0,0,1,SAMMS INV pipeline failed. Check the failed parent/child activity run details.,2026-08-19T21:53:13.467Z,2026-08-19T22:54:29.012Z,3676,2026-08-19T22:54:29.012Z,STVN,Stevenson,2caac1da-4db4-431b-998d-21dc6fd03dce,SAMMS-Stevenson
202608192252094957,202608192152667885,202608192152666995,85,373,Bronze INV,br_AdmissionAssessment,TASK_COMPLETE,FAILED,ERROR,0,0,1,SAMMS INV pipeline failed. Check the failed parent/child activity run details.,2026-08-19T21:53:13.467Z,2026-08-19T22:54:29.012Z,3676,2026-08-19T22:54:29.012Z,TE,Tempe,2caac1da-4db4-431b-998d-21dc6fd03dce,SAMMS-Tempe
202608192252094958,202608192152667886,202608192152666995,85,374,Bronze INV,br_AdmissionAssessment,TASK_COMPLETE,FAILED,ERROR,14,14,1,SAMMS INV pipeline failed. Check the failed parent/child activity run details.,2026-08-19T21:53:13.467Z,2026-08-19T22:54:29.012Z,3676,2026-08-19T22:54:29.012Z,TEX,Texarkana,2caac1da-4db4-431b-998d-21dc6fd03dce,SAMMS-Texarkana
202608192252094959,202608192152667887,202608192152666995,85,375,Bronze INV,br_AdmissionAssessment,TASK_COMPLETE,FAILED,ERROR,6,6,1,SAMMS INV pipeline failed. Check the failed parent/child activity run details.,2026-08-19T21:53:13.467Z,2026-08-19T22:54:29.012Z,3676,2026-08-19T22:54:29.012Z,TTCA,Bessemer,2caac1da-4db4-431b-998d-21dc6fd03dce,SAMMS-BessemerV5
202608192252094960,202608192152667888,202608192152666995,85,376,Bronze INV,br_AdmissionAssessment,TASK_COMPLETE,FAILED,ERROR,18,18,1,SAMMS INV pipeline failed. Check the failed parent/child activity run details.,2026-08-19T21:53:13.467Z,2026-08-19T22:54:29.012Z,3676,2026-08-19T22:54:29.012Z,TTCB,Cullman,2caac1da-4db4-431b-998d-21dc6fd03dce,SAMMS-CullmanV5
202608192252094961,202608192152667889,202608192152666995,85,377,Bronze INV,br_AdmissionAssessment,TASK_COMPLETE,FAILED,ERROR,0,0,1,SAMMS INV pipeline failed. Check the failed parent/child activity run details.,2026-08-19T21:53:13.467Z,2026-08-19T22:54:29.012Z,3676,2026-08-19T22:54:29.012Z,TTCC,Grand Bay,2caac1da-4db4-431b-998d-21dc6fd03dce,SAMMS-GrandBay
202608192252094962,202608192152667890,202608192152666995,85,378,Bronze INV,br_AdmissionAssessment,TASK_COMPLETE,FAILED,ERROR,0,0,1,SAMMS INV pipeline failed. Check the failed parent/child activity run details.,2026-08-19T21:53:13.467Z,2026-08-19T22:54:29.012Z,3676,2026-08-19T22:54:29.012Z,TU,Tucson,2caac1da-4db4-431b-998d-21dc6fd03dce,SAMMS-Tucson
202608192252094964,202608192152667891,202608192152666995,85,380,Bronze INV,br_AdmissionAssessment,TASK_COMPLETE,FAILED,ERROR,4,4,1,SAMMS INV pipeline failed. Check the failed parent/child activity run details.,2026-08-19T21:53:13.467Z,2026-08-19T22:54:29.012Z,3676,2026-08-19T22:54:29.012Z,V1,Memphis South,2caac1da-4db4-431b-998d-21dc6fd03dce,SAMMS-VCPHCS-I-MemphisV5
202608192252094965,202608192152667892,202608192152666995,85,381,Bronze INV,br_AdmissionAssessment,TASK_COMPLETE,FAILED,ERROR,9,9,1,SAMMS INV pipeline failed. Check the failed parent/child activity run details.,2026-08-19T21:53:13.467Z,2026-08-19T22:54:29.012Z,3676,2026-08-19T22:54:29.012Z,V10,Longmont,2caac1da-4db4-431b-998d-21dc6fd03dce,SAMMS-BoulderV5
202608192252094966,202608192152667893,202608192152666995,85,382,Bronze INV,br_AdmissionAssessment,TASK_COMPLETE,FAILED,ERROR,26,26,1,SAMMS INV pipeline failed. Check the failed parent/child activity run details.,2026-08-19T21:53:13.467Z,2026-08-19T22:54:29.012Z,3676,2026-08-19T22:54:29.012Z,V10A,Fort Collins,2caac1da-4db4-431b-998d-21dc6fd03dce,SAMMS-FortCollinsV5
202608192252094967,202608192152667894,202608192152666995,85,383,Bronze INV,br_AdmissionAssessment,TASK_COMPLETE,FAILED,ERROR,0,0,1,SAMMS INV pipeline failed. Check the failed parent/child activity run details.,2026-08-19T21:53:13.467Z,2026-08-19T22:54:29.012Z,3676,2026-08-19T22:54:29.012Z,V11,Westminster,2caac1da-4db4-431b-998d-21dc6fd03dce,SAMMS-VCPHCS-XI-NorthDenverV5
202608192252094968,202608192152667895,202608192152666995,85,384,Bronze INV,br_AdmissionAssessment,TASK_COMPLETE,FAILED,ERROR,22,22,1,SAMMS INV pipeline failed. Check the failed parent/child activity run details.,2026-08-19T21:53:13.467Z,2026-08-19T22:54:29.012Z,3676,2026-08-19T22:54:29.012Z,V12,Downtown Denver,2caac1da-4db4-431b-998d-21dc6fd03dce,SAMMS-VCPHCS-XII-DowntownDenverV5
202608192252094969,202608192152667896,202608192152666995,85,385,Bronze INV,br_AdmissionAssessment,TASK_COMPLETE,FAILED,ERROR,17,17,1,SAMMS INV pipeline failed. Check the failed parent/child activity run details.,2026-08-19T21:53:13.467Z,2026-08-19T22:54:29.012Z,3676,2026-08-19T22:54:29.012Z,V12A,Centennial,2caac1da-4db4-431b-998d-21dc6fd03dce,SAMMS-CentennialV5
202608192252094970,202608192152667897,202608192152666995,85,386,Bronze INV,br_AdmissionAssessment,TASK_COMPLETE,FAILED,ERROR,7,7,1,SAMMS INV pipeline failed. Check the failed parent/child activity run details.,2026-08-19T21:53:13.467Z,2026-08-19T22:54:29.012Z,3676,2026-08-19T22:54:29.012Z,V14,Overland Park,2caac1da-4db4-431b-998d-21dc6fd03dce,SAMMS-VCPHCS-XIV-BridgewayV5
202608192252094971,202608192152667898,202608192152666995,85,387,Bronze INV,br_AdmissionAssessment,TASK_COMPLETE,FAILED,ERROR,24,24,1,SAMMS INV pipeline failed. Check the failed parent/child activity run details.,2026-08-19T21:53:13.467Z,2026-08-19T22:54:29.012Z,3676,2026-08-19T22:54:29.012Z,V15,Joplin,2caac1da-4db4-431b-998d-21dc6fd03dce,SAMMS-JoplinV5
202608192252094972,202608192152667899,202608192152666995,85,389,Bronze INV,br_AdmissionAssessment,TASK_COMPLETE,FAILED,ERROR,0,0,1,SAMMS INV pipeline failed. Check the failed parent/child activity run details.,2026-08-19T21:53:13.467Z,2026-08-19T22:54:29.012Z,3676,2026-08-19T22:54:29.012Z,V17,Columbia TN,2caac1da-4db4-431b-998d-21dc6fd03dce,SAMMS-ColumbiaTNv5
202608192252094973,202608192152667900,202608192152666995,85,391,Bronze INV,br_AdmissionAssessment,TASK_COMPLETE,FAILED,ERROR,16,16,1,SAMMS INV pipeline failed. Check the failed parent/child activity run details.,2026-08-19T21:53:13.467Z,2026-08-19T22:54:29.012Z,3676,2026-08-19T22:54:29.012Z,V19,Jackson,2caac1da-4db4-431b-998d-21dc6fd03dce,SAMMS-JacksonV5
202608192252094975,202608192152667901,202608192152666995,85,393,Bronze INV,br_AdmissionAssessment,TASK_COMPLETE,FAILED,ERROR,0,0,1,SAMMS INV pipeline failed. Check the failed parent/child activity run details.,2026-08-19T21:53:13.467Z,2026-08-19T22:54:29.012Z,3676,2026-08-19T22:54:29.012Z,V20,Paris,2caac1da-4db4-431b-998d-21dc6fd03dce,SAMMS-ParisV5
202608192252094976,202608192152667902,202608192152666995,85,394,Bronze INV,br_AdmissionAssessment,TASK_COMPLETE,FAILED,ERROR,3,3,1,SAMMS INV pipeline failed. Check the failed parent/child activity run details.,2026-08-19T21:53:13.467Z,2026-08-19T22:54:29.012Z,3676,2026-08-19T22:54:29.012Z,V21,Memphis North,2caac1da-4db4-431b-998d-21dc6fd03dce,SAMMS-RaleighV5
202608192252094977,202608192152667903,202608192152666995,85,397,Bronze INV,br_AdmissionAssessment,TASK_COMPLETE,FAILED,ERROR,11,11,1,SAMMS INV pipeline failed. Check the failed parent/child activity run details.,2026-08-19T21:53:13.467Z,2026-08-19T22:54:29.012Z,3676,2026-08-19T22:54:29.012Z,V5,West Bank,2caac1da-4db4-431b-998d-21dc6fd03dce,SAMMS-NONTCv5
202608192252094978,202608192152667904,202608192152666995,85,399,Bronze INV,br_AdmissionAssessment,TASK_COMPLETE,FAILED,ERROR,0,0,1,SAMMS INV pipeline failed. Check the failed parent/child activity run details.,2026-08-19T21:53:13.467Z,2026-08-19T22:54:29.012Z,3676,2026-08-19T22:54:29.012Z,V5B,Houma,2caac1da-4db4-431b-998d-21dc6fd03dce,SAMMS-HoumaV6
202608192252094979,202608192152667905,202608192152666995,85,400,Bronze INV,br_AdmissionAssessment,TASK_COMPLETE,FAILED,ERROR,10,10,1,SAMMS INV pipeline failed. Check the failed parent/child activity run details.,2026-08-19T21:53:13.467Z,2026-08-19T22:54:29.012Z,3676,2026-08-19T22:54:29.012Z,V6,Lake Charles,2caac1da-4db4-431b-998d-21dc6fd03dce,SAMMS-LCv5
202608192252094980,202608192152667906,202608192152666995,85,402,Bronze INV,br_AdmissionAssessment,TASK_COMPLETE,FAILED,ERROR,0,0,1,SAMMS INV pipeline failed. Check the failed parent/child activity run details.,2026-08-19T21:53:13.467Z,2026-08-19T22:54:29.012Z,3676,2026-08-19T22:54:29.012Z,V8,Memphis Midtown,2caac1da-4db4-431b-998d-21dc6fd03dce,SAMMS-VCPHCS-VIII-MemphisV5
202608192252094981,202608192152667907,202608192152666995,85,403,Bronze INV,br_AdmissionAssessment,TASK_COMPLETE,FAILED,ERROR,27,27,1,SAMMS INV pipeline failed. Check the failed parent/child activity run details.,2026-08-19T21:53:13.467Z,2026-08-19T22:54:29.012Z,3676,2026-08-19T22:54:29.012Z,V9,Nashville,2caac1da-4db4-431b-998d-21dc6fd03dce,SAMMS-NashvilleV5
202608192252094982,202608192152667908,202608192152666995,85,404,Bronze INV,br_AdmissionAssessment,TASK_COMPLETE,FAILED,ERROR,0,0,1,SAMMS INV pipeline failed. Check the failed parent/child activity run details.,2026-08-19T21:53:13.467Z,2026-08-19T22:54:29.012Z,3676,2026-08-19T22:54:29.012Z,VBRA,Brainerd,2caac1da-4db4-431b-998d-21dc6fd03dce,SAMMS-BrainerdV6
202608192252094983,202608192152667909,202608192152666995,85,405,Bronze INV,br_AdmissionAssessment,TASK_COMPLETE,FAILED,ERROR,0,0,1,SAMMS INV pipeline failed. Check the failed parent/child activity run details.,2026-08-19T21:53:13.467Z,2026-08-19T22:54:29.012Z,3676,2026-08-19T22:54:29.012Z,VBRP,Brooklyn Park,2caac1da-4db4-431b-998d-21dc6fd03dce,SAMMS-BrooklynParkV6
202608192252094984,202608192152667910,202608192152666995,85,407,Bronze INV,br_AdmissionAssessment,TASK_COMPLETE,FAILED,ERROR,0,0,1,SAMMS INV pipeline failed. Check the failed parent/child activity run details.,2026-08-19T21:53:13.467Z,2026-08-19T22:54:29.012Z,3676,2026-08-19T22:54:29.012Z,VMIN,Minneapolis,2caac1da-4db4-431b-998d-21dc6fd03dce,SAMMS-MinneapolisV6
202608192252094986,202608192152667911,202608192152666995,85,408,Bronze INV,br_AdmissionAssessment,TASK_COMPLETE,FAILED,ERROR,0,0,1,SAMMS INV pipeline failed. Check the failed parent/child activity run details.,2026-08-19T21:53:13.467Z,2026-08-19T22:54:29.012Z,3676,2026-08-19T22:54:29.012Z,VWBY,Woodbury,2caac1da-4db4-431b-998d-21dc6fd03dce,SAMMS-WoodburyV6
202608192252094987,202608192152667912,202608192152666995,85,410,Bronze INV,br_AdmissionAssessment,TASK_COMPLETE,FAILED,ERROR,16,16,1,SAMMS INV pipeline failed. Check the failed parent/child activity run details.,2026-08-19T21:53:13.467Z,2026-08-19T22:54:29.012Z,3676,2026-08-19T22:54:29.012Z,WIL,Wilson,2caac1da-4db4-431b-998d-21dc6fd03dce,SAMMS-Wilson
202608192252095088,202608192152766996,202608192152766995,86,5720,Silver INV,sl_AdmissionAssessment,TASK_COMPLETE,SUCCESS,INFO,915,915,0,,2026-08-19T21:53:13.467Z,2026-08-19T22:54:29.012Z,3676,2026-08-19T22:54:29.012Z,,,2caac1da-4db4-431b-998d-21dc6fd03dce,
202608192252095010,202608192152668488,202608192152666995,85,414,Bronze INV,br_AdmissionAssessmentDimensionFiveSubstanceUse,TASK_COMPLETE,FAILED,ERROR,97,97,1,SAMMS INV pipeline failed. Check the failed parent/child activity run details.,2026-08-19T21:53:13.467Z,2026-08-19T22:54:29.012Z,3676,2026-08-19T22:54:29.012Z,AHK,Ahoskie,2caac1da-4db4-431b-998d-21dc6fd03dce,SAMMS-Ahoskie
202608192252095011,202608192152668489,202608192152666995,85,415,Bronze INV,br_AdmissionAssessmentDimensionFiveSubstanceUse,TASK_COMPLETE,FAILED,ERROR,785,785,1,SAMMS INV pipeline failed. Check the failed parent/child activity run details.,2026-08-19T21:53:13.467Z,2026-08-19T22:54:29.012Z,3676,2026-08-19T22:54:29.012Z,B12B,Colorado Springs,2caac1da-4db4-431b-998d-21dc6fd03dce,SAMMS-ColoradoSpringsV5
202608192252095013,202608192152668490,202608192152666995,85,416,Bronze INV,br_AdmissionAssessmentDimensionFiveSubstanceUse,TASK_COMPLETE,FAILED,ERROR,412,412,1,SAMMS INV pipeline failed. Check the failed parent/child activity run details.,2026-08-19T21:53:13.467Z,2026-08-19T22:54:29.012Z,3676,2026-08-19T22:54:29.012Z,B24,Paintsville,2caac1da-4db4-431b-998d-21dc6fd03dce,SAMMS-PaintsvilleV5
202608192252095014,202608192152668491,202608192152666995,85,417,Bronze INV,br_AdmissionAssessmentDimensionFiveSubstanceUse,TASK_COMPLETE,FAILED,ERROR,171,171,1,SAMMS INV pipeline failed. Check the failed parent/child activity run details.,2026-08-19T21:53:13.467Z,2026-08-19T22:54:29.012Z,3676,2026-08-19T22:54:29.012Z,B25,Pikeville,2caac1da-4db4-431b-998d-21dc6fd03dce,SAMMS-PikevilleV5
202608192252095015,202608192152668492,202608192152666995,85,418,Bronze INV,br_AdmissionAssessmentDimensionFiveSubstanceUse,TASK_COMPLETE,FAILED,ERROR,493,493,1,SAMMS INV pipeline failed. Check the failed parent/child activity run details.,2026-08-19T21:53:13.467Z,2026-08-19T22:54:29.012Z,3676,2026-08-19T22:54:29.012Z,B26,Hazard,2caac1da-4db4-431b-998d-21dc6fd03dce,SAMMS-HazardV5
202608192252095016,202608192152668493,202608192152666995,85,419,Bronze INV,br_AdmissionAssessmentDimensionFiveSubstanceUse,TASK_COMPLETE,FAILED,ERROR,188,188,1,SAMMS INV pipeline failed. Check the failed parent/child activity run details.,2026-08-19T21:53:13.467Z,2026-08-19T22:54:29.012Z,3676,2026-08-19T22:54:29.012Z,B27,Savannah,2caac1da-4db4-431b-998d-21dc6fd03dce,SAMMS-SavannahV6
202608192252095017,202608192152668494,202608192152666995,85,420,Bronze INV,br_AdmissionAssessmentDimensionFiveSubstanceUse,TASK_COMPLETE,FAILED,ERROR,232,232,1,SAMMS INV pipeline failed. Check the failed parent/child activity run details.,2026-08-19T21:53:13.467Z,2026-08-19T22:54:29.012Z,3676,2026-08-19T22:54:29.012Z,B28,West Plains,2caac1da-4db4-431b-998d-21dc6fd03dce,SAMMS-WestPlainesV5
202608192252095018,202608192152668495,202608192152666995,85,421,Bronze INV,br_AdmissionAssessmentDimensionFiveSubstanceUse,TASK_COMPLETE,FAILED,ERROR,257,257,1,SAMMS INV pipeline failed. Check the failed parent/child activity run details.,2026-08-19T21:53:13.467Z,2026-08-19T22:54:29.012Z,3676,2026-08-19T22:54:29.012Z,B29,Poplar Bluff,2caac1da-4db4-431b-998d-21dc6fd03dce,SAMMS-PoplarBluffV5
202608192252095019,202608192152668496,202608192152666995,85,422,Bronze INV,br_AdmissionAssessmentDimensionFiveSubstanceUse,TASK_COMPLETE,FAILED,ERROR,135,135,1,SAMMS INV pipeline failed. Check the failed parent/child activity run details.,2026-08-19T21:53:13.467Z,2026-08-19T22:54:29.012Z,3676,2026-08-19T22:54:29.012Z,B30,KC North,2caac1da-4db4-431b-998d-21dc6fd03dce,SAMMS-KCNv5
202608192252095020,202608192152668497,202608192152666995,85,423,Bronze INV,br_AdmissionAssessmentDimensionFiveSubstanceUse,TASK_COMPLETE,FAILED,ERROR,333,333,1,SAMMS INV pipeline failed. Check the failed parent/child activity run details.,2026-08-19T21:53:13.467Z,2026-08-19T22:54:29.012Z,3676,2026-08-19T22:54:29.012Z,B31,Dyersburg,2caac1da-4db4-431b-998d-21dc6fd03dce,SAMMS-DyersburgV5
202608192252095022,202608192152668498,202608192152666995,85,425,Bronze INV,br_AdmissionAssessmentDimensionFiveSubstanceUse,TASK_COMPLETE,FAILED,ERROR,211,211,1,SAMMS INV pipeline failed. Check the failed parent/child activity run details.,2026-08-19T21:53:13.467Z,2026-08-19T22:54:29.012Z,3676,2026-08-19T22:54:29.012Z,B33,Paducah,2caac1da-4db4-431b-998d-21dc6fd03dce,SAMMS-Paducah
202608192252095023,202608192152668499,202608192152666995,85,426,Bronze INV,br_AdmissionAssessmentDimensionFiveSubstanceUse,TASK_COMPLETE,FAILED,ERROR,448,448,1,SAMMS INV pipeline failed. Check the failed parent/child activity run details.,2026-08-19T21:53:13.467Z,2026-08-19T22:54:29.012Z,3676,2026-08-19T22:54:29.012Z,B34,Corbin,2caac1da-4db4-431b-998d-21dc6fd03dce,SAMMS-CorbinV5
202608192252095024,202608192152668500,202608192152666995,85,427,Bronze INV,br_AdmissionAssessmentDimensionFiveSubstanceUse,TASK_COMPLETE,FAILED,ERROR,711,711,1,SAMMS INV pipeline failed. Check the failed parent/child activity run details.,2026-08-19T21:53:13.467Z,2026-08-19T22:54:29.012Z,3676,2026-08-19T22:54:29.012Z,B35,Lexington,2caac1da-4db4-431b-998d-21dc6fd03dce,SAMMS-LexingtonV5
202608192252095025,202608192152668501,202608192152666995,85,428,Bronze INV,br_AdmissionAssessmentDimensionFiveSubstanceUse,TASK_COMPLETE,FAILED,ERROR,347,347,1,SAMMS INV pipeline failed. Check the failed parent/child activity run details.,2026-08-19T21:53:13.467Z,2026-08-19T22:54:29.012Z,3676,2026-08-19T22:54:29.012Z,B35A,Berea,2caac1da-4db4-431b-998d-21dc6fd03dce,SAMMS-BereaV5
202608192252095026,202608192152668502,202608192152666995,85,429,Bronze INV,br_AdmissionAssessmentDimensionFiveSubstanceUse,TASK_COMPLETE,FAILED,ERROR,596,596,1,SAMMS INV pipeline failed. Check the failed parent/child activity run details.,2026-08-19T21:53:13.467Z,2026-08-19T22:54:29.012Z,3676,2026-08-19T22:54:29.012Z,B36,Asheville,2caac1da-4db4-431b-998d-21dc6fd03dce,SAMMS-AshevilleV5
202608192252095027,202608192152668503,202608192152666995,85,430,Bronze INV,br_AdmissionAssessmentDimensionFiveSubstanceUse,TASK_COMPLETE,FAILED,ERROR,441,441,1,SAMMS INV pipeline failed. Check the failed parent/child activity run details.,2026-08-19T21:53:13.467Z,2026-08-19T22:54:29.012Z,3676,2026-08-19T22:54:29.012Z,B37,Clyde,2caac1da-4db4-431b-998d-21dc6fd03dce,SAMMS-ClydeV5
202608192252095028,202608192152668504,202608192152666995,85,431,Bronze INV,br_AdmissionAssessmentDimensionFiveSubstanceUse,TASK_COMPLETE,FAILED,ERROR,630,630,1,SAMMS INV pipeline failed. Check the failed parent/child activity run details.,2026-08-19T21:53:13.467Z,2026-08-19T22:54:29.012Z,3676,2026-08-19T22:54:29.012Z,B38,Spartanburg,2caac1da-4db4-431b-998d-21dc6fd03dce,SAMMS-SpartanburgV5
202608192252095029,202608192152668505,202608192152666995,85,432,Bronze INV,br_AdmissionAssessmentDimensionFiveSubstanceUse,TASK_COMPLETE,FAILED,ERROR,473,473,1,SAMMS INV pipeline failed. Check the failed parent/child activity run details.,2026-08-19T21:53:13.467Z,2026-08-19T22:54:29.012Z,3676,2026-08-19T22:54:29.012Z,B39,Aiken,2caac1da-4db4-431b-998d-21dc6fd03dce,SAMMS-AikenV5
202608192252095030,202608192152668506,202608192152666995,85,433,Bronze INV,br_AdmissionAssessmentDimensionFiveSubstanceUse,TASK_COMPLETE,FAILED,ERROR,289,289,1,SAMMS INV pipeline failed. Check the failed parent/child activity run details.,2026-08-19T21:53:13.467Z,2026-08-19T22:54:29.012Z,3676,2026-08-19T22:54:29.012Z,B41,Chesapeake,2caac1da-4db4-431b-998d-21dc6fd03dce,SAMMS-ChesapeakeV5
202608192252095032,202608192152668507,202608192152666995,85,434,Bronze INV,br_AdmissionAssessmentDimensionFiveSubstanceUse,TASK_COMPLETE,FAILED,ERROR,534,534,1,SAMMS INV pipeline failed. Check the failed parent/child activity run details.,2026-08-19T21:53:13.467Z,2026-08-19T22:54:29.012Z,3676,2026-08-19T22:54:29.012Z,B42,Virginia Beach,2caac1da-4db4-431b-998d-21dc6fd03dce,SAMMS-VirginiaBeachV5
202608192252095033,202608192152668508,202608192152666995,85,435,Bronze INV,br_AdmissionAssessmentDimensionFiveSubstanceUse,TASK_COMPLETE,FAILED,ERROR,161,161,1,SAMMS INV pipeline failed. Check the failed parent/child activity run details.,2026-08-19T21:53:13.467Z,2026-08-19T22:54:29.012Z,3676,2026-08-19T22:54:29.012Z,B42A,Newport News,2caac1da-4db4-431b-998d-21dc6fd03dce,SAMMS-NewportNewsV5
202608192252095034,202608192152668509,202608192152666995,85,436,Bronze INV,br_AdmissionAssessmentDimensionFiveSubstanceUse,TASK_COMPLETE,FAILED,ERROR,54,54,1,SAMMS INV pipeline failed. Check the failed parent/child activity run details.,2026-08-19T21:53:13.467Z,2026-08-19T22:54:29.012Z,3676,2026-08-19T22:54:29.012Z,B42B,Franklin,2caac1da-4db4-431b-998d-21dc6fd03dce,SAMMS-FranklinV5
202608192252095035,202608192152668510,202608192152666995,85,437,Bronze INV,br_AdmissionAssessmentDimensionFiveSubstanceUse,TASK_COMPLETE,FAILED,ERROR,334,334,1,SAMMS INV pipeline failed. Check the failed parent/child activity run details.,2026-08-19T21:53:13.467Z,2026-08-19T22:54:29.012Z,3676,2026-08-19T22:54:29.012Z,B42C,Glen Allen,2caac1da-4db4-431b-998d-21dc6fd03dce,SAMMS-GlenAllenV5
202608192252095036,202608192152668511,202608192152666995,85,438,Bronze INV,br_AdmissionAssessmentDimensionFiveSubstanceUse,TASK_COMPLETE,FAILED,ERROR,166,166,1,SAMMS INV pipeline failed. Check the failed parent/child activity run details.,2026-08-19T21:53:13.467Z,2026-08-19T22:54:29.012Z,3676,2026-08-19T22:54:29.012Z,B42D,Chesapeake South,2caac1da-4db4-431b-998d-21dc6fd03dce,SAMMS-ChesapeakeSouthV5
202608192252095037,202608192152668512,202608192152666995,85,439,Bronze INV,br_AdmissionAssessmentDimensionFiveSubstanceUse,TASK_COMPLETE,FAILED,ERROR,203,203,1,SAMMS INV pipeline failed. Check the failed parent/child activity run details.,2026-08-19T21:53:13.467Z,2026-08-19T22:54:29.012Z,3676,2026-08-19T22:54:29.012Z,B44,Albany,2caac1da-4db4-431b-998d-21dc6fd03dce,SAMMS-AlbanyV5
202608192252095038,202608192152668513,202608192152666995,85,440,Bronze INV,br_AdmissionAssessmentDimensionFiveSubstanceUse,TASK_COMPLETE,FAILED,ERROR,302,302,1,SAMMS INV pipeline failed. Check the failed parent/child activity run details.,2026-08-19T21:53:13.467Z,2026-08-19T22:54:29.012Z,3676,2026-08-19T22:54:29.012Z,B45,Tifton,2caac1da-4db4-431b-998d-21dc6fd03dce,SAMMS-TiftonV5
202608192252095039,202608192152668514,202608192152666995,85,441,Bronze INV,br_AdmissionAssessmentDimensionFiveSubstanceUse,TASK_COMPLETE,FAILED,ERROR,649,649,1,SAMMS INV pipeline failed. Check the failed parent/child activity run details.,2026-08-19T21:53:13.467Z,2026-08-19T22:54:29.012Z,3676,2026-08-19T22:54:29.012Z,B46,Washington DC,2caac1da-4db4-431b-998d-21dc6fd03dce,SAMMS-WashingtonDCv5
202608192252095040,202608192152668515,202608192152666995,85,442,Bronze INV,br_AdmissionAssessmentDimensionFiveSubstanceUse,TASK_COMPLETE,FAILED,ERROR,344,344,1,SAMMS INV pipeline failed. Check the failed parent/child activity run details.,2026-08-19T21:53:13.467Z,2026-08-19T22:54:29.012Z,3676,2026-08-19T22:54:29.012Z,B47,Mobile,2caac1da-4db4-431b-998d-21dc6fd03dce,SAMMS-MobileV5
202608192252095042,202608192152668516,202608192152666995,85,443,Bronze INV,br_AdmissionAssessmentDimensionFiveSubstanceUse,TASK_COMPLETE,FAILED,ERROR,443,443,1,SAMMS INV pipeline failed. Check the failed parent/child activity run details.,2026-08-19T21:53:13.467Z,2026-08-19T22:54:29.012Z,3676,2026-08-19T22:54:29.012Z,B48,Tuscaloosa,2caac1da-4db4-431b-998d-21dc6fd03dce,SAMMS-TuscaloosaV5
202608192252095043,202608192152668517,202608192152666995,85,452,Bronze INV,br_AdmissionAssessmentDimensionFiveSubstanceUse,TASK_COMPLETE,FAILED,ERROR,310,310,1,SAMMS INV pipeline failed. Check the failed parent/child activity run details.,2026-08-19T21:53:13.467Z,2026-08-19T22:54:29.012Z,3676,2026-08-19T22:54:29.012Z,B51,N. Little Rock (OTP),2caac1da-4db4-431b-998d-21dc6fd03dce,SAMMS-NorthLittleRockV6
202608192252095044,202608192152668518,202608192152666995,85,453,Bronze INV,br_AdmissionAssessmentDimensionFiveSubstanceUse,TASK_COMPLETE,FAILED,ERROR,154,154,1,SAMMS INV pipeline failed. Check the failed parent/child activity run details.,2026-08-19T21:53:13.467Z,2026-08-19T22:54:29.012Z,3676,2026-08-19T22:54:29.012Z,B52,Jackson GA,2caac1da-4db4-431b-998d-21dc6fd03dce,SAMMS-JacksonGAV5
202608192252095045,202608192152668519,202608192152666995,85,454,Bronze INV,br_AdmissionAssessmentDimensionFiveSubstanceUse,TASK_COMPLETE,FAILED,ERROR,465,465,1,SAMMS INV pipeline failed. Check the failed parent/child activity run details.,2026-08-19T21:53:13.467Z,2026-08-19T22:54:29.012Z,3676,2026-08-19T22:54:29.012Z,B54,Gadsden,2caac1da-4db4-431b-998d-21dc6fd03dce,SAMMS-GadsdenV5
202608192252095046,202608192152668520,202608192152666995,85,455,Bronze INV,br_AdmissionAssessmentDimensionFiveSubstanceUse,TASK_COMPLETE,FAILED,ERROR,476,476,1,SAMMS INV pipeline failed. Check the failed parent/child activity run details.,2026-08-19T21:53:13.467Z,2026-08-19T22:54:29.012Z,3676,2026-08-19T22:54:29.012Z,B55,Shoals,2caac1da-4db4-431b-998d-21dc6fd03dce,SAMMS-ShoalsV5
202608192252095047,202608192152668521,202608192152666995,85,456,Bronze INV,br_AdmissionAssessmentDimensionFiveSubstanceUse,TASK_COMPLETE,FAILED,ERROR,170,170,1,SAMMS INV pipeline failed. Check the failed parent/child activity run details.,2026-08-19T21:53:13.467Z,2026-08-19T22:54:29.012Z,3676,2026-08-19T22:54:29.012Z,B57,Pawtucket,2caac1da-4db4-431b-998d-21dc6fd03dce,SAMMS-Pawtucket
202608192252095048,202608192152668522,202608192152666995,85,457,Bronze INV,br_AdmissionAssessmentDimensionFiveSubstanceUse,TASK_COMPLETE,FAILED,ERROR,165,165,1,SAMMS INV pipeline failed. Check the failed parent/child activity run details.,2026-08-19T21:53:13.467Z,2026-08-19T22:54:29.012Z,3676,2026-08-19T22:54:29.012Z,B57A,Johnston,2caac1da-4db4-431b-998d-21dc6fd03dce,SAMMS-Johnston
202608192252095049,202608192152668523,202608192152666995,85,458,Bronze INV,br_AdmissionAssessmentDimensionFiveSubstanceUse,TASK_COMPLETE,FAILED,ERROR,85,85,1,SAMMS INV pipeline failed. Check the failed parent/child activity run details.,2026-08-19T21:53:13.467Z,2026-08-19T22:54:29.012Z,3676,2026-08-19T22:54:29.012Z,B57B,Middletown,2caac1da-4db4-431b-998d-21dc6fd03dce,SAMMS-Middletown
202608192252095050,202608192152668524,202608192152666995,85,459,Bronze INV,br_AdmissionAssessmentDimensionFiveSubstanceUse,TASK_COMPLETE,FAILED,ERROR,171,171,1,SAMMS INV pipeline failed. Check the failed parent/child activity run details.,2026-08-19T21:53:13.467Z,2026-08-19T22:54:29.012Z,3676,2026-08-19T22:54:29.012Z,B57C,Providence,2caac1da-4db4-431b-998d-21dc6fd03dce,SAMMS-Providence
202608192252095052,202608192152668525,202608192152666995,85,460,Bronze INV,br_AdmissionAssessmentDimensionFiveSubstanceUse,TASK_COMPLETE,FAILED,ERROR,249,249,1,SAMMS INV pipeline failed. Check the failed parent/child activity run details.,2026-08-19T21:53:13.467Z,2026-08-19T22:54:29.012Z,3676,2026-08-19T22:54:29.012Z,B57D,Westerly,2caac1da-4db4-431b-998d-21dc6fd03dce,SAMMS-Westerly
202608192252095053,202608192152668526,202608192152666995,85,464,Bronze INV,br_AdmissionAssessmentDimensionFiveSubstanceUse,TASK_COMPLETE,FAILED,ERROR,362,362,1,SAMMS INV pipeline failed. Check the failed parent/child activity run details.,2026-08-19T21:53:13.467Z,2026-08-19T22:54:29.012Z,3676,2026-08-19T22:54:29.012Z,B66A,Bremen,2caac1da-4db4-431b-998d-21dc6fd03dce,SAMMS-Bremen
202608192252095054,202608192152668527,202608192152666995,85,467,Bronze INV,br_AdmissionAssessmentDimensionFiveSubstanceUse,TASK_COMPLETE,FAILED,ERROR,12,12,1,SAMMS INV pipeline failed. Check the failed parent/child activity run details.,2026-08-19T21:53:13.467Z,2026-08-19T22:54:29.012Z,3676,2026-08-19T22:54:29.012Z,B72,Mobile (OBOT),2caac1da-4db4-431b-998d-21dc6fd03dce,SAMMS-Mobile-OBOT
202608192252095055,202608192152668528,202608192152666995,85,468,Bronze INV,br_AdmissionAssessmentDimensionFiveSubstanceUse,TASK_COMPLETE,FAILED,ERROR,2,2,1,SAMMS INV pipeline failed. Check the failed parent/child activity run details.,2026-08-19T21:53:13.467Z,2026-08-19T22:54:29.012Z,3676,2026-08-19T22:54:29.012Z,B73,Montgomery,2caac1da-4db4-431b-998d-21dc6fd03dce,SAMMS-Montgomery
202608192252095056,202608192152668529,202608192152666995,85,469,Bronze INV,br_AdmissionAssessmentDimensionFiveSubstanceUse,TASK_COMPLETE,FAILED,ERROR,314,314,1,SAMMS INV pipeline failed. Check the failed parent/child activity run details.,2026-08-19T21:53:13.467Z,2026-08-19T22:54:29.012Z,3676,2026-08-19T22:54:29.012Z,B75,Lawrence,2caac1da-4db4-431b-998d-21dc6fd03dce,SAMMS-LawrenceV6
202608192252095057,202608192152668530,202608192152666995,85,470,Bronze INV,br_AdmissionAssessmentDimensionFiveSubstanceUse,TASK_COMPLETE,FAILED,ERROR,48,48,1,SAMMS INV pipeline failed. Check the failed parent/child activity run details.,2026-08-19T21:53:13.467Z,2026-08-19T22:54:29.012Z,3676,2026-08-19T22:54:29.012Z,B76,Huntsville OBOT,2caac1da-4db4-431b-998d-21dc6fd03dce,SAMMS-Huntsville-OBOT
202608192252095058,202608192152668531,202608192152666995,85,471,Bronze INV,br_AdmissionAssessmentDimensionFiveSubstanceUse,TASK_COMPLETE,FAILED,ERROR,294,294,1,SAMMS INV pipeline failed. Check the failed parent/child activity run details.,2026-08-19T21:53:13.467Z,2026-08-19T22:54:29.012Z,3676,2026-08-19T22:54:29.012Z,BAT,Batesville,2caac1da-4db4-431b-998d-21dc6fd03dce,SAMMS-Batesville
202608192252095059,202608192152668532,202608192152666995,85,472,Bronze INV,br_AdmissionAssessmentDimensionFiveSubstanceUse,TASK_COMPLETE,FAILED,ERROR,238,238,1,SAMMS INV pipeline failed. Check the failed parent/child activity run details.,2026-08-19T21:53:13.467Z,2026-08-19T22:54:29.012Z,3676,2026-08-19T22:54:29.012Z,BG,Bowling Green,2caac1da-4db4-431b-998d-21dc6fd03dce,SAMMS-BowlingGreen
202608192252095061,202608192152668533,202608192152666995,85,473,Bronze INV,br_AdmissionAssessmentDimensionFiveSubstanceUse,TASK_COMPLETE,FAILED,ERROR,214,214,1,SAMMS INV pipeline failed. Check the failed parent/child activity run details.,2026-08-19T21:53:13.467Z,2026-08-19T22:54:29.012Z,3676,2026-08-19T22:54:29.012Z,BOI,Boise,2caac1da-4db4-431b-998d-21dc6fd03dce,SAMMS-Boise
202608192252095062,202608192152668534,202608192152666995,85,480,Bronze INV,br_AdmissionAssessmentDimensionFiveSubstanceUse,TASK_COMPLETE,FAILED,ERROR,282,282,1,SAMMS INV pipeline failed. Check the failed parent/child activity run details.,2026-08-19T21:53:13.467Z,2026-08-19T22:54:29.012Z,3676,2026-08-19T22:54:29.012Z,CBCO,Coeur dAlene,2caac1da-4db4-431b-998d-21dc6fd03dce,SAMMS-CoeurdAleneV6
202608192252095063,202608192152668535,202608192152666995,85,499,Bronze INV,br_AdmissionAssessmentDimensionFiveSubstanceUse,TASK_COMPLETE,FAILED,ERROR,296,296,1,SAMMS INV pipeline failed. Check the failed parent/child activity run details.,2026-08-19T21:53:13.467Z,2026-08-19T22:54:29.012Z,3676,2026-08-19T22:54:29.012Z,CON,Conway,2caac1da-4db4-431b-998d-21dc6fd03dce,SAMMS-Conway
202608192252095064,202608192152668536,202608192152666995,85,500,Bronze INV,br_AdmissionAssessmentDimensionFiveSubstanceUse,TASK_COMPLETE,FAILED,ERROR,1540,1540,1,SAMMS INV pipeline failed. Check the failed parent/child activity run details.,2026-08-19T21:53:13.467Z,2026-08-19T22:54:29.012Z,3676,2026-08-19T22:54:29.012Z,D07,Medical Services Knox TN,2caac1da-4db4-431b-998d-21dc6fd03dce,SAMMS-KnoxvilleV6
202608192252095065,202608192152668537,202608192152666995,85,501,Bronze INV,br_AdmissionAssessmentDimensionFiveSubstanceUse,TASK_COMPLETE,FAILED,ERROR,950,950,1,SAMMS INV pipeline failed. Check the failed parent/child activity run details.,2026-08-19T21:53:13.467Z,2026-08-19T22:54:29.012Z,3676,2026-08-19T22:54:29.012Z,D08,Madison,2caac1da-4db4-431b-998d-21dc6fd03dce,SAMMS-MadisonV6
202608192252095066,202608192152668538,202608192152666995,85,503,Bronze INV,br_AdmissionAssessmentDimensionFiveSubstanceUse,TASK_COMPLETE,FAILED,ERROR,931,931,1,SAMMS INV pipeline failed. Check the failed parent/child activity run details.,2026-08-19T21:53:13.467Z,2026-08-19T22:54:29.012Z,3676,2026-08-19T22:54:29.012Z,D09,Murfreesboro,2caac1da-4db4-431b-998d-21dc6fd03dce,SAMMS-MurfreesboroV6
202608192252095068,202608192152668539,202608192152666995,85,504,Bronze INV,br_AdmissionAssessmentDimensionFiveSubstanceUse,TASK_COMPLETE,FAILED,ERROR,217,217,1,SAMMS INV pipeline failed. Check the failed parent/child activity run details.,2026-08-19T21:53:13.467Z,2026-08-19T22:54:29.012Z,3676,2026-08-19T22:54:29.012Z,DA,Davenport,2caac1da-4db4-431b-998d-21dc6fd03dce,SAMMS-Davenport
202608192252095069,202608192152668540,202608192152666995,85,505,Bronze INV,br_AdmissionAssessmentDimensionFiveSubstanceUse,TASK_COMPLETE,FAILED,ERROR,348,348,1,SAMMS INV pipeline failed. Check the failed parent/child activity run details.,2026-08-19T21:53:13.467Z,2026-08-19T22:54:29.012Z,3676,2026-08-19T22:54:29.012Z,DM,Des Moines,2caac1da-4db4-431b-998d-21dc6fd03dce,SAMMS-DesMoines
202608192252095070,202608192152668541,202608192152666995,85,507,Bronze INV,br_AdmissionAssessmentDimensionFiveSubstanceUse,TASK_COMPLETE,FAILED,ERROR,468,468,1,SAMMS INV pipeline failed. Check the failed parent/child activity run details.,2026-08-19T21:53:13.467Z,2026-08-19T22:54:29.012Z,3676,2026-08-19T22:54:29.012Z,DRD-CO,Columbia MO,2caac1da-4db4-431b-998d-21dc6fd03dce,SAMMS-ColumbiaV5
202608192252095071,202608192152668542,202608192152666995,85,508,Bronze INV,br_AdmissionAssessmentDimensionFiveSubstanceUse,TASK_COMPLETE,FAILED,ERROR,589,589,1,SAMMS INV pipeline failed. Check the failed parent/child activity run details.,2026-08-19T21:53:13.467Z,2026-08-19T22:54:29.012Z,3676,2026-08-19T22:54:29.012Z,DRD-KC,KC,2caac1da-4db4-431b-998d-21dc6fd03dce,SAMMS-KCv5
202608192252095072,202608192152668543,202608192152666995,85,509,Bronze INV,br_AdmissionAssessmentDimensionFiveSubstanceUse,TASK_COMPLETE,FAILED,ERROR,943,943,1,SAMMS INV pipeline failed. Check the failed parent/child activity run details.,2026-08-19T21:53:13.467Z,2026-08-19T22:54:29.012Z,3676,2026-08-19T22:54:29.012Z,DRD-KVB,KVB,2caac1da-4db4-431b-998d-21dc6fd03dce,SAMMS-KVBv5
202608192252095073,202608192152668544,202608192152666995,85,510,Bronze INV,br_AdmissionAssessmentDimensionFiveSubstanceUse,TASK_COMPLETE,FAILED,ERROR,1562,1562,1,SAMMS INV pipeline failed. Check the failed parent/child activity run details.,2026-08-19T21:53:13.467Z,2026-08-19T22:54:29.012Z,3676,2026-08-19T22:54:29.012Z,DRD-KVC,KVC,2caac1da-4db4-431b-998d-21dc6fd03dce,SAMMS-KVCv5
202608192252095074,202608192152668545,202608192152666995,85,511,Bronze INV,br_AdmissionAssessmentDimensionFiveSubstanceUse,TASK_COMPLETE,FAILED,ERROR,1252,1252,1,SAMMS INV pipeline failed. Check the failed parent/child activity run details.,2026-08-19T21:53:13.467Z,2026-08-19T22:54:29.012Z,3676,2026-08-19T22:54:29.012Z,DRD-NOLA,NOLA,2caac1da-4db4-431b-998d-21dc6fd03dce,SAMMS-NOLAv5
202608192252095076,202608192152668546,202608192152666995,85,512,Bronze INV,br_AdmissionAssessmentDimensionFiveSubstanceUse,TASK_COMPLETE,FAILED,ERROR,732,732,1,SAMMS INV pipeline failed. Check the failed parent/child activity run details.,2026-08-19T21:53:13.467Z,2026-08-19T22:54:29.012Z,3676,2026-08-19T22:54:29.012Z,DRD-SF,Springfield,2caac1da-4db4-431b-998d-21dc6fd03dce,SAMMS-SFv5
202608192252095077,202608192152668547,202608192152666995,85,514,Bronze INV,br_AdmissionAssessmentDimensionFiveSubstanceUse,TASK_COMPLETE,FAILED,ERROR,247,247,1,SAMMS INV pipeline failed. Check the failed parent/child activity run details.,2026-08-19T21:53:13.467Z,2026-08-19T22:54:29.012Z,3676,2026-08-19T22:54:29.012Z,ELC,Elizabeth City,2caac1da-4db4-431b-998d-21dc6fd03dce,SAMMS-ElizabethCity
202608192252095078,202608192152668548,202608192152666995,85,515,Bronze INV,br_AdmissionAssessmentDimensionFiveSubstanceUse,TASK_COMPLETE,FAILED,ERROR,260,260,1,SAMMS INV pipeline failed. Check the failed parent/child activity run details.,2026-08-19T21:53:13.467Z,2026-08-19T22:54:29.012Z,3676,2026-08-19T22:54:29.012Z,ET,Elizabethtown,2caac1da-4db4-431b-998d-21dc6fd03dce,SAMMS-Elizabethtown
202608192252095079,202608192152668549,202608192152666995,85,516,Bronze INV,br_AdmissionAssessmentDimensionFiveSubstanceUse,TASK_COMPLETE,FAILED,ERROR,220,220,1,SAMMS INV pipeline failed. Check the failed parent/child activity run details.,2026-08-19T21:53:13.467Z,2026-08-19T22:54:29.012Z,3676,2026-08-19T22:54:29.012Z,FAY,Fayetteville,2caac1da-4db4-431b-998d-21dc6fd03dce,SAMMS-Fayetteville
202608192252095080,202608192152668550,202608192152666995,85,517,Bronze INV,br_AdmissionAssessmentDimensionFiveSubstanceUse,TASK_COMPLETE,FAILED,ERROR,180,180,1,SAMMS INV pipeline failed. Check the failed parent/child activity run details.,2026-08-19T21:53:13.467Z,2026-08-19T22:54:29.012Z,3676,2026-08-19T22:54:29.012Z,FR,Frankfort,2caac1da-4db4-431b-998d-21dc6fd03dce,SAMMS-Frankfort
202608192252095081,202608192152668551,202608192152666995,85,518,Bronze INV,br_AdmissionAssessmentDimensionFiveSubstanceUse,TASK_COMPLETE,FAILED,ERROR,277,277,1,SAMMS INV pipeline failed. Check the failed parent/child activity run details.,2026-08-19T21:53:13.467Z,2026-08-19T22:54:29.012Z,3676,2026-08-19T22:54:29.012Z,FS,Fort Smith,2caac1da-4db4-431b-998d-21dc6fd03dce,SAMMS-FortSmith
202608192252095083,202608192152668552,202608192152666995,85,519,Bronze INV,br_AdmissionAssessmentDimensionFiveSubstanceUse,TASK_COMPLETE,FAILED,ERROR,676,676,1,SAMMS INV pipeline failed. Check the failed parent/child activity run details.,2026-08-19T21:53:13.467Z,2026-08-19T22:54:29.012Z,3676,2026-08-19T22:54:29.012Z,FW,Fort Wayne,2caac1da-4db4-431b-998d-21dc6fd03dce,SAMMS-FortWayne
202608192252095084,202608192152668553,202608192152666995,85,520,Bronze INV,br_AdmissionAssessmentDimensionFiveSubstanceUse,TASK_COMPLETE,FAILED,ERROR,102,102,1,SAMMS INV pipeline failed. Check the failed parent/child activity run details.,2026-08-19T21:53:13.467Z,2026-08-19T22:54:29.012Z,3676,2026-08-19T22:54:29.012Z,GAL,Gaylord,2caac1da-4db4-431b-998d-21dc6fd03dce,SAMMS-Gaylord
202608192252095085,202608192152668554,202608192152666995,85,524,Bronze INV,br_AdmissionAssessmentDimensionFiveSubstanceUse,TASK_COMPLETE,FAILED,ERROR,611,611,1,SAMMS INV pipeline failed. Check the failed parent/child activity run details.,2026-08-19T21:53:13.467Z,2026-08-19T22:54:29.012Z,3676,2026-08-19T22:54:29.012Z,HGT,Hagerstown,2caac1da-4db4-431b-998d-21dc6fd03dce,SAMMS-Hagerstown
202608192252095086,202608192152668555,202608192152666995,85,525,Bronze INV,br_AdmissionAssessmentDimensionFiveSubstanceUse,TASK_COMPLETE,FAILED,ERROR,461,461,1,SAMMS INV pipeline failed. Check the failed parent/child activity run details.,2026-08-19T21:53:13.467Z,2026-08-19T22:54:29.012Z,3676,2026-08-19T22:54:29.012Z,HNT,Huntsville,2caac1da-4db4-431b-998d-21dc6fd03dce,SAMMS-Huntsville
202608192252095087,202608192152668556,202608192152666995,85,526,Bronze INV,br_AdmissionAssessmentDimensionFiveSubstanceUse,TASK_COMPLETE,FAILED,ERROR,299,299,1,SAMMS INV pipeline failed. Check the failed parent/child activity run details.,2026-08-19T21:53:13.467Z,2026-08-19T22:54:29.012Z,3676,2026-08-19T22:54:29.012Z,HS,Hot Springs,2caac1da-4db4-431b-998d-21dc6fd03dce,SAMMS-HotSprings
202608192252095088,202608192152668557,202608192152666995,85,527,Bronze INV,br_AdmissionAssessmentDimensionFiveSubstanceUse,TASK_COMPLETE,FAILED,ERROR,266,266,1,SAMMS INV pipeline failed. Check the failed parent/child activity run details.,2026-08-19T21:53:13.467Z,2026-08-19T22:54:29.012Z,3676,2026-08-19T22:54:29.012Z,JON,Jonesboro,2caac1da-4db4-431b-998d-21dc6fd03dce,SAMMS-Jonesboro
202608192252095089,202608192152668558,202608192152666995,85,529,Bronze INV,br_AdmissionAssessmentDimensionFiveSubstanceUse,TASK_COMPLETE,FAILED,ERROR,149,149,1,SAMMS INV pipeline failed. Check the failed parent/child activity run details.,2026-08-19T21:53:13.467Z,2026-08-19T22:54:29.012Z,3676,2026-08-19T22:54:29.012Z,LAN,Lansing,2caac1da-4db4-431b-998d-21dc6fd03dce,SAMMS-Lansing
202608192252095090,202608192152668559,202608192152666995,85,530,Bronze INV,br_AdmissionAssessmentDimensionFiveSubstanceUse,TASK_COMPLETE,FAILED,ERROR,429,429,1,SAMMS INV pipeline failed. Check the failed parent/child activity run details.,2026-08-19T21:53:13.467Z,2026-08-19T22:54:29.012Z,3676,2026-08-19T22:54:29.012Z,LO,Louisville,2caac1da-4db4-431b-998d-21dc6fd03dce,SAMMS-Louisville
202608192252095091,202608192152668560,202608192152666995,85,531,Bronze INV,br_AdmissionAssessmentDimensionFiveSubstanceUse,TASK_COMPLETE,FAILED,ERROR,1161,1161,1,SAMMS INV pipeline failed. Check the failed parent/child activity run details.,2026-08-19T21:53:13.467Z,2026-08-19T22:54:29.012Z,3676,2026-08-19T22:54:29.012Z,LV1,Cheyenne,2caac1da-4db4-431b-998d-21dc6fd03dce,SAMMS-Cheyenne
202608192252095093,202608192152668561,202608192152666995,85,532,Bronze INV,br_AdmissionAssessmentDimensionFiveSubstanceUse,TASK_COMPLETE,FAILED,ERROR,927,927,1,SAMMS INV pipeline failed. Check the failed parent/child activity run details.,2026-08-19T21:53:13.467Z,2026-08-19T22:54:29.012Z,3676,2026-08-19T22:54:29.012Z,LV2,Desert Inn,2caac1da-4db4-431b-998d-21dc6fd03dce,SAMMS-DesertInn
202608192252095094,202608192152668562,202608192152666995,85,533,Bronze INV,br_AdmissionAssessmentDimensionFiveSubstanceUse,TASK_COMPLETE,FAILED,ERROR,306,306,1,SAMMS INV pipeline failed. Check the failed parent/child activity run details.,2026-08-19T21:53:13.467Z,2026-08-19T22:54:29.012Z,3676,2026-08-19T22:54:29.012Z,LV3,McDaniel,2caac1da-4db4-431b-998d-21dc6fd03dce,SAMMS-McDaniel
202608192252095095,202608192152668563,202608192152666995,85,536,Bronze INV,br_AdmissionAssessmentDimensionFiveSubstanceUse,TASK_COMPLETE,FAILED,ERROR,269,269,1,SAMMS INV pipeline failed. Check the failed parent/child activity run details.,2026-08-19T21:53:13.467Z,2026-08-19T22:54:29.012Z,3676,2026-08-19T22:54:29.012Z,MNRE,Monroe,2caac1da-4db4-431b-998d-21dc6fd03dce,SAMMS-Monroe
202608192252095096,202608192152668564,202608192152666995,85,537,Bronze INV,br_AdmissionAssessmentDimensionFiveSubstanceUse,TASK_COMPLETE,FAILED,ERROR,120,120,1,SAMMS INV pipeline failed. Check the failed parent/child activity run details.,2026-08-19T21:53:13.467Z,2026-08-19T22:54:29.012Z,3676,2026-08-19T22:54:29.012Z,MP,Mt. Pleasant,2caac1da-4db4-431b-998d-21dc6fd03dce,SAMMS-MtPleasant
202608192252095097,202608192152668565,202608192152666995,85,538,Bronze INV,br_AdmissionAssessmentDimensionFiveSubstanceUse,TASK_COMPLETE,FAILED,ERROR,167,167,1,SAMMS INV pipeline failed. Check the failed parent/child activity run details.,2026-08-19T21:53:13.467Z,2026-08-19T22:54:29.012Z,3676,2026-08-19T22:54:29.012Z,MRD,Meridian,2caac1da-4db4-431b-998d-21dc6fd03dce,SAMMS-Meridian
202608192252095098,202608192152668566,202608192152666995,85,543,Bronze INV,br_AdmissionAssessmentDimensionFiveSubstanceUse,TASK_COMPLETE,FAILED,ERROR,621,621,1,SAMMS INV pipeline failed. Check the failed parent/child activity run details.,2026-08-19T21:53:13.467Z,2026-08-19T22:54:29.012Z,3676,2026-08-19T22:54:29.012Z,NC,North Charleston,2caac1da-4db4-431b-998d-21dc6fd03dce,SAMMS-NorthCharleston
202608192252095099,202608192152668567,202608192152666995,85,544,Bronze INV,br_AdmissionAssessmentDimensionFiveSubstanceUse,TASK_COMPLETE,FAILED,ERROR,554,554,1,SAMMS INV pipeline failed. Check the failed parent/child activity run details.,2026-08-19T21:53:13.467Z,2026-08-19T22:54:29.012Z,3676,2026-08-19T22:54:29.012Z,NLR,N. Little Rock,2caac1da-4db4-431b-998d-21dc6fd03dce,SAMMS-NLROBOT
202608192252095100,202608192152668568,202608192152666995,85,545,Bronze INV,br_AdmissionAssessmentDimensionFiveSubstanceUse,TASK_COMPLETE,FAILED,ERROR,232,232,1,SAMMS INV pipeline failed. Check the failed parent/child activity run details.,2026-08-19T21:53:13.467Z,2026-08-19T22:54:29.012Z,3676,2026-08-19T22:54:29.012Z,PH,Phoenix,2caac1da-4db4-431b-998d-21dc6fd03dce,SAMMS-Phoenix
202608192252095101,202608192152668569,202608192152666995,85,549,Bronze INV,br_AdmissionAssessmentDimensionFiveSubstanceUse,TASK_COMPLETE,FAILED,ERROR,404,404,1,SAMMS INV pipeline failed. Check the failed parent/child activity run details.,2026-08-19T21:53:13.467Z,2026-08-19T22:54:29.012Z,3676,2026-08-19T22:54:29.012Z,RE,Reno,2caac1da-4db4-431b-998d-21dc6fd03dce,SAMMS-Reno
202608192252095102,202608192152668570,202608192152666995,85,550,Bronze INV,br_AdmissionAssessmentDimensionFiveSubstanceUse,TASK_COMPLETE,FAILED,ERROR,386,386,1,SAMMS INV pipeline failed. Check the failed parent/child activity run details.,2026-08-19T21:53:13.467Z,2026-08-19T22:54:29.012Z,3676,2026-08-19T22:54:29.012Z,RMD,Richmond,2caac1da-4db4-431b-998d-21dc6fd03dce,SAMMS-Richmond
202608192252095104,202608192152668571,202608192152666995,85,551,Bronze INV,br_AdmissionAssessmentDimensionFiveSubstanceUse,TASK_COMPLETE,FAILED,ERROR,478,478,1,SAMMS INV pipeline failed. Check the failed parent/child activity run details.,2026-08-19T21:53:13.467Z,2026-08-19T22:54:29.012Z,3676,2026-08-19T22:54:29.012Z,SFN,Springfield North,2caac1da-4db4-431b-998d-21dc6fd03dce,SAMMS-SFNv5
202608192252095105,202608192152668572,202608192152666995,85,552,Bronze INV,br_AdmissionAssessmentDimensionFiveSubstanceUse,TASK_COMPLETE,FAILED,ERROR,443,443,1,SAMMS INV pipeline failed. Check the failed parent/child activity run details.,2026-08-19T21:53:13.467Z,2026-08-19T22:54:29.012Z,3676,2026-08-19T22:54:29.012Z,SHP,Shreveport,2caac1da-4db4-431b-998d-21dc6fd03dce,SAMMS-Shreveport
202608192252095106,202608192152668573,202608192152666995,85,554,Bronze INV,br_AdmissionAssessmentDimensionFiveSubstanceUse,TASK_COMPLETE,FAILED,ERROR,80,80,1,SAMMS INV pipeline failed. Check the failed parent/child activity run details.,2026-08-19T21:53:13.467Z,2026-08-19T22:54:29.012Z,3676,2026-08-19T22:54:29.012Z,STN,Staunton,2caac1da-4db4-431b-998d-21dc6fd03dce,SAMMS-Staunton
202608192252095107,202608192152668574,202608192152666995,85,555,Bronze INV,br_AdmissionAssessmentDimensionFiveSubstanceUse,TASK_COMPLETE,FAILED,ERROR,52,52,1,SAMMS INV pipeline failed. Check the failed parent/child activity run details.,2026-08-19T21:53:13.467Z,2026-08-19T22:54:29.012Z,3676,2026-08-19T22:54:29.012Z,STVN,Stevenson,2caac1da-4db4-431b-998d-21dc6fd03dce,SAMMS-Stevenson
202608192252095108,202608192152668575,202608192152666995,85,557,Bronze INV,br_AdmissionAssessmentDimensionFiveSubstanceUse,TASK_COMPLETE,FAILED,ERROR,70,70,1,SAMMS INV pipeline failed. Check the failed parent/child activity run details.,2026-08-19T21:53:13.467Z,2026-08-19T22:54:29.012Z,3676,2026-08-19T22:54:29.012Z,TE,Tempe,2caac1da-4db4-431b-998d-21dc6fd03dce,SAMMS-Tempe
202608192252095109,202608192152668576,202608192152666995,85,558,Bronze INV,br_AdmissionAssessmentDimensionFiveSubstanceUse,TASK_COMPLETE,FAILED,ERROR,361,361,1,SAMMS INV pipeline failed. Check the failed parent/child activity run details.,2026-08-19T21:53:13.467Z,2026-08-19T22:54:29.012Z,3676,2026-08-19T22:54:29.012Z,TEX,Texarkana,2caac1da-4db4-431b-998d-21dc6fd03dce,SAMMS-Texarkana
202608192252095110,202608192152668577,202608192152666995,85,559,Bronze INV,br_AdmissionAssessmentDimensionFiveSubstanceUse,TASK_COMPLETE,FAILED,ERROR,414,414,1,SAMMS INV pipeline failed. Check the failed parent/child activity run details.,2026-08-19T21:53:13.467Z,2026-08-19T22:54:29.012Z,3676,2026-08-19T22:54:29.012Z,TTCA,Bessemer,2caac1da-4db4-431b-998d-21dc6fd03dce,SAMMS-BessemerV5
202608192252095111,202608192152668578,202608192152666995,85,560,Bronze INV,br_AdmissionAssessmentDimensionFiveSubstanceUse,TASK_COMPLETE,FAILED,ERROR,544,544,1,SAMMS INV pipeline failed. Check the failed parent/child activity run details.,2026-08-19T21:53:13.467Z,2026-08-19T22:54:29.012Z,3676,2026-08-19T22:54:29.012Z,TTCB,Cullman,2caac1da-4db4-431b-998d-21dc6fd03dce,SAMMS-CullmanV5
202608192252095112,202608192152668579,202608192152666995,85,561,Bronze INV,br_AdmissionAssessmentDimensionFiveSubstanceUse,TASK_COMPLETE,FAILED,ERROR,291,291,1,SAMMS INV pipeline failed. Check the failed parent/child activity run details.,2026-08-19T21:53:13.467Z,2026-08-19T22:54:29.012Z,3676,2026-08-19T22:54:29.012Z,TTCC,Grand Bay,2caac1da-4db4-431b-998d-21dc6fd03dce,SAMMS-GrandBay
202608192252095114,202608192152668580,202608192152666995,85,562,Bronze INV,br_AdmissionAssessmentDimensionFiveSubstanceUse,TASK_COMPLETE,FAILED,ERROR,22,22,1,SAMMS INV pipeline failed. Check the failed parent/child activity run details.,2026-08-19T21:53:13.467Z,2026-08-19T22:54:29.012Z,3676,2026-08-19T22:54:29.012Z,TU,Tucson,2caac1da-4db4-431b-998d-21dc6fd03dce,SAMMS-Tucson
202608192252095115,202608192152668581,202608192152666995,85,564,Bronze INV,br_AdmissionAssessmentDimensionFiveSubstanceUse,TASK_COMPLETE,FAILED,ERROR,248,248,1,SAMMS INV pipeline failed. Check the failed parent/child activity run details.,2026-08-19T21:53:13.467Z,2026-08-19T22:54:29.012Z,3676,2026-08-19T22:54:29.012Z,V1,Memphis South,2caac1da-4db4-431b-998d-21dc6fd03dce,SAMMS-VCPHCS-I-MemphisV5
202608192252095116,202608192152668582,202608192152666995,85,565,Bronze INV,br_AdmissionAssessmentDimensionFiveSubstanceUse,TASK_COMPLETE,FAILED,ERROR,688,688,1,SAMMS INV pipeline failed. Check the failed parent/child activity run details.,2026-08-19T21:53:13.467Z,2026-08-19T22:54:29.012Z,3676,2026-08-19T22:54:29.012Z,V10,Longmont,2caac1da-4db4-431b-998d-21dc6fd03dce,SAMMS-BoulderV5
202608192252095117,202608192152668583,202608192152666995,85,566,Bronze INV,br_AdmissionAssessmentDimensionFiveSubstanceUse,TASK_COMPLETE,FAILED,ERROR,1176,1176,1,SAMMS INV pipeline failed. Check the failed parent/child activity run details.,2026-08-19T21:53:13.467Z,2026-08-19T22:54:29.012Z,3676,2026-08-19T22:54:29.012Z,V10A,Fort Collins,2caac1da-4db4-431b-998d-21dc6fd03dce,SAMMS-FortCollinsV5
202608192252095118,202608192152668584,202608192152666995,85,567,Bronze INV,br_AdmissionAssessmentDimensionFiveSubstanceUse,TASK_COMPLETE,FAILED,ERROR,976,976,1,SAMMS INV pipeline failed. Check the failed parent/child activity run details.,2026-08-19T21:53:13.467Z,2026-08-19T22:54:29.012Z,3676,2026-08-19T22:54:29.012Z,V11,Westminster,2caac1da-4db4-431b-998d-21dc6fd03dce,SAMMS-VCPHCS-XI-NorthDenverV5
202608192252095119,202608192152668585,202608192152666995,85,568,Bronze INV,br_AdmissionAssessmentDimensionFiveSubstanceUse,TASK_COMPLETE,FAILED,ERROR,1048,1048,1,SAMMS INV pipeline failed. Check the failed parent/child activity run details.,2026-08-19T21:53:13.467Z,2026-08-19T22:54:29.012Z,3676,2026-08-19T22:54:29.012Z,V12,Downtown Denver,2caac1da-4db4-431b-998d-21dc6fd03dce,SAMMS-VCPHCS-XII-DowntownDenverV5
202608192252095120,202608192152668586,202608192152666995,85,569,Bronze INV,br_AdmissionAssessmentDimensionFiveSubstanceUse,TASK_COMPLETE,FAILED,ERROR,474,474,1,SAMMS INV pipeline failed. Check the failed parent/child activity run details.,2026-08-19T21:53:13.467Z,2026-08-19T22:54:29.012Z,3676,2026-08-19T22:54:29.012Z,V12A,Centennial,2caac1da-4db4-431b-998d-21dc6fd03dce,SAMMS-CentennialV5
202608192252095121,202608192152668587,202608192152666995,85,570,Bronze INV,br_AdmissionAssessmentDimensionFiveSubstanceUse,TASK_COMPLETE,FAILED,ERROR,0,0,1,SAMMS INV pipeline failed. Check the failed parent/child activity run details.,2026-08-19T21:53:13.467Z,2026-08-19T22:54:29.012Z,3676,2026-08-19T22:54:29.012Z,V14,Overland Park,2caac1da-4db4-431b-998d-21dc6fd03dce,SAMMS-VCPHCS-XIV-BridgewayV5
202608192252095123,202608192152668588,202608192152666995,85,571,Bronze INV,br_AdmissionAssessmentDimensionFiveSubstanceUse,TASK_COMPLETE,FAILED,ERROR,556,556,1,SAMMS INV pipeline failed. Check the failed parent/child activity run details.,2026-08-19T21:53:13.467Z,2026-08-19T22:54:29.012Z,3676,2026-08-19T22:54:29.012Z,V15,Joplin,2caac1da-4db4-431b-998d-21dc6fd03dce,SAMMS-JoplinV5
202608192252095124,202608192152668589,202608192152666995,85,573,Bronze INV,br_AdmissionAssessmentDimensionFiveSubstanceUse,TASK_COMPLETE,FAILED,ERROR,469,469,1,SAMMS INV pipeline failed. Check the failed parent/child activity run details.,2026-08-19T21:53:13.467Z,2026-08-19T22:54:29.012Z,3676,2026-08-19T22:54:29.012Z,V17,Columbia TN,2caac1da-4db4-431b-998d-21dc6fd03dce,SAMMS-ColumbiaTNv5
202608192252095125,202608192152668590,202608192152666995,85,575,Bronze INV,br_AdmissionAssessmentDimensionFiveSubstanceUse,TASK_COMPLETE,FAILED,ERROR,410,410,1,SAMMS INV pipeline failed. Check the failed parent/child activity run details.,2026-08-19T21:53:13.467Z,2026-08-19T22:54:29.012Z,3676,2026-08-19T22:54:29.012Z,V19,Jackson,2caac1da-4db4-431b-998d-21dc6fd03dce,SAMMS-JacksonV5
202608192252095126,202608192152668591,202608192152666995,85,577,Bronze INV,br_AdmissionAssessmentDimensionFiveSubstanceUse,TASK_COMPLETE,FAILED,ERROR,475,475,1,SAMMS INV pipeline failed. Check the failed parent/child activity run details.,2026-08-19T21:53:13.467Z,2026-08-19T22:54:29.012Z,3676,2026-08-19T22:54:29.012Z,V20,Paris,2caac1da-4db4-431b-998d-21dc6fd03dce,SAMMS-ParisV5
202608192252095127,202608192152668592,202608192152666995,85,578,Bronze INV,br_AdmissionAssessmentDimensionFiveSubstanceUse,TASK_COMPLETE,FAILED,ERROR,352,352,1,SAMMS INV pipeline failed. Check the failed parent/child activity run details.,2026-08-19T21:53:13.467Z,2026-08-19T22:54:29.012Z,3676,2026-08-19T22:54:29.012Z,V21,Memphis North,2caac1da-4db4-431b-998d-21dc6fd03dce,SAMMS-RaleighV5
202608192252095128,202608192152668593,202608192152666995,85,581,Bronze INV,br_AdmissionAssessmentDimensionFiveSubstanceUse,TASK_COMPLETE,FAILED,ERROR,697,697,1,SAMMS INV pipeline failed. Check the failed parent/child activity run details.,2026-08-19T21:53:13.467Z,2026-08-19T22:54:29.012Z,3676,2026-08-19T22:54:29.012Z,V5,West Bank,2caac1da-4db4-431b-998d-21dc6fd03dce,SAMMS-NONTCv5
202608192252095129,202608192152668594,202608192152666995,85,583,Bronze INV,br_AdmissionAssessmentDimensionFiveSubstanceUse,TASK_COMPLETE,FAILED,ERROR,250,250,1,SAMMS INV pipeline failed. Check the failed parent/child activity run details.,2026-08-19T21:53:13.467Z,2026-08-19T22:54:29.012Z,3676,2026-08-19T22:54:29.012Z,V5B,Houma,2caac1da-4db4-431b-998d-21dc6fd03dce,SAMMS-HoumaV6
202608192252095130,202608192152668595,202608192152666995,85,584,Bronze INV,br_AdmissionAssessmentDimensionFiveSubstanceUse,TASK_COMPLETE,FAILED,ERROR,950,950,1,SAMMS INV pipeline failed. Check the failed parent/child activity run details.,2026-08-19T21:53:13.467Z,2026-08-19T22:54:29.012Z,3676,2026-08-19T22:54:29.012Z,V6,Lake Charles,2caac1da-4db4-431b-998d-21dc6fd03dce,SAMMS-LCv5
202608192252095131,202608192152668596,202608192152666995,85,586,Bronze INV,br_AdmissionAssessmentDimensionFiveSubstanceUse,TASK_COMPLETE,FAILED,ERROR,559,559,1,SAMMS INV pipeline failed. Check the failed parent/child activity run details.,2026-08-19T21:53:13.467Z,2026-08-19T22:54:29.012Z,3676,2026-08-19T22:54:29.012Z,V8,Memphis Midtown,2caac1da-4db4-431b-998d-21dc6fd03dce,SAMMS-VCPHCS-VIII-MemphisV5
202608192252095133,202608192152668597,202608192152666995,85,587,Bronze INV,br_AdmissionAssessmentDimensionFiveSubstanceUse,TASK_COMPLETE,FAILED,ERROR,0,0,1,SAMMS INV pipeline failed. Check the failed parent/child activity run details.,2026-08-19T21:53:13.467Z,2026-08-19T22:54:29.012Z,3676,2026-08-19T22:54:29.012Z,V9,Nashville,2caac1da-4db4-431b-998d-21dc6fd03dce,SAMMS-NashvilleV5
202608192252095134,202608192152668598,202608192152666995,85,588,Bronze INV,br_AdmissionAssessmentDimensionFiveSubstanceUse,TASK_COMPLETE,FAILED,ERROR,331,331,1,SAMMS INV pipeline failed. Check the failed parent/child activity run details.,2026-08-19T21:53:13.467Z,2026-08-19T22:54:29.012Z,3676,2026-08-19T22:54:29.012Z,VBRA,Brainerd,2caac1da-4db4-431b-998d-21dc6fd03dce,SAMMS-BrainerdV6
202608192252095135,202608192152668599,202608192152666995,85,589,Bronze INV,br_AdmissionAssessmentDimensionFiveSubstanceUse,TASK_COMPLETE,FAILED,ERROR,587,587,1,SAMMS INV pipeline failed. Check the failed parent/child activity run details.,2026-08-19T21:53:13.467Z,2026-08-19T22:54:29.012Z,3676,2026-08-19T22:54:29.012Z,VBRP,Brooklyn Park,2caac1da-4db4-431b-998d-21dc6fd03dce,SAMMS-BrooklynParkV6
202608192252095136,202608192152668600,202608192152666995,85,591,Bronze INV,br_AdmissionAssessmentDimensionFiveSubstanceUse,TASK_COMPLETE,FAILED,ERROR,573,573,1,SAMMS INV pipeline failed. Check the failed parent/child activity run details.,2026-08-19T21:53:13.467Z,2026-08-19T22:54:29.012Z,3676,2026-08-19T22:54:29.012Z,VMIN,Minneapolis,2caac1da-4db4-431b-998d-21dc6fd03dce,SAMMS-MinneapolisV6
202608192252095137,202608192152668601,202608192152666995,85,592,Bronze INV,br_AdmissionAssessmentDimensionFiveSubstanceUse,TASK_COMPLETE,FAILED,ERROR,1057,1057,1,SAMMS INV pipeline failed. Check the failed parent/child activity run details.,2026-08-19T21:53:13.467Z,2026-08-19T22:54:29.012Z,3676,2026-08-19T22:54:29.012Z,VWBY,Woodbury,2caac1da-4db4-431b-998d-21dc6fd03dce,SAMMS-WoodburyV6
202608192252094707,202608192152667568,202608192152666995,85,2438,Bronze INV,br_LabResultDetail,TASK_COMPLETE,FAILED,ERROR,9628,9628,1,SAMMS INV pipeline failed. Check the failed parent/child activity run details.,2026-08-19T21:53:13.467Z,2026-08-19T22:54:29.012Z,3676,2026-08-19T22:54:29.012Z,AHK,Ahoskie,2caac1da-4db4-431b-998d-21dc6fd03dce,SAMMS-Ahoskie
202608192252094709,202608192152667569,202608192152666995,85,2439,Bronze INV,br_LabResultDetail,TASK_COMPLETE,FAILED,ERROR,1390,1390,1,SAMMS INV pipeline failed. Check the failed parent/child activity run details.,2026-08-19T21:53:13.467Z,2026-08-19T22:54:29.012Z,3676,2026-08-19T22:54:29.012Z,B12B,Colorado Springs,2caac1da-4db4-431b-998d-21dc6fd03dce,SAMMS-ColoradoSpringsV5
202608192252094710,202608192152667570,202608192152666995,85,2440,Bronze INV,br_LabResultDetail,TASK_COMPLETE,FAILED,ERROR,1855,1855,1,SAMMS INV pipeline failed. Check the failed parent/child activity run details.,2026-08-19T21:53:13.467Z,2026-08-19T22:54:29.012Z,3676,2026-08-19T22:54:29.012Z,B24,Paintsville,2caac1da-4db4-431b-998d-21dc6fd03dce,SAMMS-PaintsvilleV5
202608192252094711,202608192152667571,202608192152666995,85,2441,Bronze INV,br_LabResultDetail,TASK_COMPLETE,FAILED,ERROR,2312,2312,1,SAMMS INV pipeline failed. Check the failed parent/child activity run details.,2026-08-19T21:53:13.467Z,2026-08-19T22:54:29.012Z,3676,2026-08-19T22:54:29.012Z,B25,Pikeville,2caac1da-4db4-431b-998d-21dc6fd03dce,SAMMS-PikevilleV5
202608192252094712,202608192152667572,202608192152666995,85,2442,Bronze INV,br_LabResultDetail,TASK_COMPLETE,FAILED,ERROR,3169,3169,1,SAMMS INV pipeline failed. Check the failed parent/child activity run details.,2026-08-19T21:53:13.467Z,2026-08-19T22:54:29.012Z,3676,2026-08-19T22:54:29.012Z,B26,Hazard,2caac1da-4db4-431b-998d-21dc6fd03dce,SAMMS-HazardV5
202608192252094713,202608192152667573,202608192152666995,85,2443,Bronze INV,br_LabResultDetail,TASK_COMPLETE,FAILED,ERROR,6,6,1,SAMMS INV pipeline failed. Check the failed parent/child activity run details.,2026-08-19T21:53:13.467Z,2026-08-19T22:54:29.012Z,3676,2026-08-19T22:54:29.012Z,B27,Savannah,2caac1da-4db4-431b-998d-21dc6fd03dce,SAMMS-SavannahV6
202608192252094715,202608192152667574,202608192152666995,85,2444,Bronze INV,br_LabResultDetail,TASK_COMPLETE,FAILED,ERROR,1598,1598,1,SAMMS INV pipeline failed. Check the failed parent/child activity run details.,2026-08-19T21:53:13.467Z,2026-08-19T22:54:29.012Z,3676,2026-08-19T22:54:29.012Z,B28,West Plains,2caac1da-4db4-431b-998d-21dc6fd03dce,SAMMS-WestPlainesV5
202608192252094716,202608192152667575,202608192152666995,85,2445,Bronze INV,br_LabResultDetail,TASK_COMPLETE,FAILED,ERROR,1897,1897,1,SAMMS INV pipeline failed. Check the failed parent/child activity run details.,2026-08-19T21:53:13.467Z,2026-08-19T22:54:29.012Z,3676,2026-08-19T22:54:29.012Z,B29,Poplar Bluff,2caac1da-4db4-431b-998d-21dc6fd03dce,SAMMS-PoplarBluffV5
202608192252094717,202608192152667576,202608192152666995,85,2446,Bronze INV,br_LabResultDetail,TASK_COMPLETE,FAILED,ERROR,1514,1514,1,SAMMS INV pipeline failed. Check the failed parent/child activity run details.,2026-08-19T21:53:13.467Z,2026-08-19T22:54:29.012Z,3676,2026-08-19T22:54:29.012Z,B30,KC North,2caac1da-4db4-431b-998d-21dc6fd03dce,SAMMS-KCNv5
202608192252094718,202608192152667577,202608192152666995,85,2447,Bronze INV,br_LabResultDetail,TASK_COMPLETE,FAILED,ERROR,5433,5433,1,SAMMS INV pipeline failed. Check the failed parent/child activity run details.,2026-08-19T21:53:13.467Z,2026-08-19T22:54:29.012Z,3676,2026-08-19T22:54:29.012Z,B31,Dyersburg,2caac1da-4db4-431b-998d-21dc6fd03dce,SAMMS-DyersburgV5
202608192252094719,202608192152667578,202608192152666995,85,2449,Bronze INV,br_LabResultDetail,TASK_COMPLETE,FAILED,ERROR,4153,4153,1,SAMMS INV pipeline failed. Check the failed parent/child activity run details.,2026-08-19T21:53:13.467Z,2026-08-19T22:54:29.012Z,3676,2026-08-19T22:54:29.012Z,B33,Paducah,2caac1da-4db4-431b-998d-21dc6fd03dce,SAMMS-Paducah
202608192252094720,202608192152667579,202608192152666995,85,2450,Bronze INV,br_LabResultDetail,TASK_COMPLETE,FAILED,ERROR,2360,2360,1,SAMMS INV pipeline failed. Check the failed parent/child activity run details.,2026-08-19T21:53:13.467Z,2026-08-19T22:54:29.012Z,3676,2026-08-19T22:54:29.012Z,B34,Corbin,2caac1da-4db4-431b-998d-21dc6fd03dce,SAMMS-CorbinV5
202608192252094722,202608192152667580,202608192152666995,85,2451,Bronze INV,br_LabResultDetail,TASK_COMPLETE,FAILED,ERROR,11942,11942,1,SAMMS INV pipeline failed. Check the failed parent/child activity run details.,2026-08-19T21:53:13.467Z,2026-08-19T22:54:29.012Z,3676,2026-08-19T22:54:29.012Z,B35,Lexington,2caac1da-4db4-431b-998d-21dc6fd03dce,SAMMS-LexingtonV5
202608192252094723,202608192152667581,202608192152666995,85,2452,Bronze INV,br_LabResultDetail,TASK_COMPLETE,FAILED,ERROR,2556,2556,1,SAMMS INV pipeline failed. Check the failed parent/child activity run details.,2026-08-19T21:53:13.467Z,2026-08-19T22:54:29.012Z,3676,2026-08-19T22:54:29.012Z,B35A,Berea,2caac1da-4db4-431b-998d-21dc6fd03dce,SAMMS-BereaV5
202608192252094724,202608192152667582,202608192152666995,85,2453,Bronze INV,br_LabResultDetail,TASK_COMPLETE,FAILED,ERROR,1228,1228,1,SAMMS INV pipeline failed. Check the failed parent/child activity run details.,2026-08-19T21:53:13.467Z,2026-08-19T22:54:29.012Z,3676,2026-08-19T22:54:29.012Z,B36,Asheville,2caac1da-4db4-431b-998d-21dc6fd03dce,SAMMS-AshevilleV5
202608192252094725,202608192152667583,202608192152666995,85,2454,Bronze INV,br_LabResultDetail,TASK_COMPLETE,FAILED,ERROR,1865,1865,1,SAMMS INV pipeline failed. Check the failed parent/child activity run details.,2026-08-19T21:53:13.467Z,2026-08-19T22:54:29.012Z,3676,2026-08-19T22:54:29.012Z,B37,Clyde,2caac1da-4db4-431b-998d-21dc6fd03dce,SAMMS-ClydeV5
202608192252094726,202608192152667584,202608192152666995,85,2455,Bronze INV,br_LabResultDetail,TASK_COMPLETE,FAILED,ERROR,6340,6340,1,SAMMS INV pipeline failed. Check the failed parent/child activity run details.,2026-08-19T21:53:13.467Z,2026-08-19T22:54:29.012Z,3676,2026-08-19T22:54:29.012Z,B38,Spartanburg,2caac1da-4db4-431b-998d-21dc6fd03dce,SAMMS-SpartanburgV5
202608192252094727,202608192152667585,202608192152666995,85,2456,Bronze INV,br_LabResultDetail,TASK_COMPLETE,FAILED,ERROR,2215,2215,1,SAMMS INV pipeline failed. Check the failed parent/child activity run details.,2026-08-19T21:53:13.467Z,2026-08-19T22:54:29.012Z,3676,2026-08-19T22:54:29.012Z,B39,Aiken,2caac1da-4db4-431b-998d-21dc6fd03dce,SAMMS-AikenV5
202608192252094728,202608192152667586,202608192152666995,85,2457,Bronze INV,br_LabResultDetail,TASK_COMPLETE,FAILED,ERROR,4482,4482,1,SAMMS INV pipeline failed. Check the failed parent/child activity run details.,2026-08-19T21:53:13.467Z,2026-08-19T22:54:29.012Z,3676,2026-08-19T22:54:29.012Z,B41,Chesapeake,2caac1da-4db4-431b-998d-21dc6fd03dce,SAMMS-ChesapeakeV5
202608192252094730,202608192152667587,202608192152666995,85,2458,Bronze INV,br_LabResultDetail,TASK_COMPLETE,FAILED,ERROR,14503,14503,1,SAMMS INV pipeline failed. Check the failed parent/child activity run details.,2026-08-19T21:53:13.467Z,2026-08-19T22:54:29.012Z,3676,2026-08-19T22:54:29.012Z,B42,Virginia Beach,2caac1da-4db4-431b-998d-21dc6fd03dce,SAMMS-VirginiaBeachV5
202608192252094731,202608192152667588,202608192152666995,85,2459,Bronze INV,br_LabResultDetail,TASK_COMPLETE,FAILED,ERROR,1421,1421,1,SAMMS INV pipeline failed. Check the failed parent/child activity run details.,2026-08-19T21:53:13.467Z,2026-08-19T22:54:29.012Z,3676,2026-08-19T22:54:29.012Z,B42A,Newport News,2caac1da-4db4-431b-998d-21dc6fd03dce,SAMMS-NewportNewsV5
202608192252094732,202608192152667589,202608192152666995,85,2460,Bronze INV,br_LabResultDetail,TASK_COMPLETE,FAILED,ERROR,756,756,1,SAMMS INV pipeline failed. Check the failed parent/child activity run details.,2026-08-19T21:53:13.467Z,2026-08-19T22:54:29.012Z,3676,2026-08-19T22:54:29.012Z,B42B,Franklin,2caac1da-4db4-431b-998d-21dc6fd03dce,SAMMS-FranklinV5
202608192252094733,202608192152667590,202608192152666995,85,2461,Bronze INV,br_LabResultDetail,TASK_COMPLETE,FAILED,ERROR,1478,1478,1,SAMMS INV pipeline failed. Check the failed parent/child activity run details.,2026-08-19T21:53:13.467Z,2026-08-19T22:54:29.012Z,3676,2026-08-19T22:54:29.012Z,B42C,Glen Allen,2caac1da-4db4-431b-998d-21dc6fd03dce,SAMMS-GlenAllenV5
202608192252094734,202608192152667591,202608192152666995,85,2462,Bronze INV,br_LabResultDetail,TASK_COMPLETE,FAILED,ERROR,1332,1332,1,SAMMS INV pipeline failed. Check the failed parent/child activity run details.,2026-08-19T21:53:13.467Z,2026-08-19T22:54:29.012Z,3676,2026-08-19T22:54:29.012Z,B42D,Chesapeake South,2caac1da-4db4-431b-998d-21dc6fd03dce,SAMMS-ChesapeakeSouthV5
202608192252094735,202608192152667592,202608192152666995,85,2463,Bronze INV,br_LabResultDetail,TASK_COMPLETE,FAILED,ERROR,3333,3333,1,SAMMS INV pipeline failed. Check the failed parent/child activity run details.,2026-08-19T21:53:13.467Z,2026-08-19T22:54:29.012Z,3676,2026-08-19T22:54:29.012Z,B44,Albany,2caac1da-4db4-431b-998d-21dc6fd03dce,SAMMS-AlbanyV5
202608192252094736,202608192152667593,202608192152666995,85,2464,Bronze INV,br_LabResultDetail,TASK_COMPLETE,FAILED,ERROR,4709,4709,1,SAMMS INV pipeline failed. Check the failed parent/child activity run details.,2026-08-19T21:53:13.467Z,2026-08-19T22:54:29.012Z,3676,2026-08-19T22:54:29.012Z,B45,Tifton,2caac1da-4db4-431b-998d-21dc6fd03dce,SAMMS-TiftonV5
202608192252094738,202608192152667594,202608192152666995,85,2465,Bronze INV,br_LabResultDetail,TASK_COMPLETE,FAILED,ERROR,675,675,1,SAMMS INV pipeline failed. Check the failed parent/child activity run details.,2026-08-19T21:53:13.467Z,2026-08-19T22:54:29.012Z,3676,2026-08-19T22:54:29.012Z,B46,Washington DC,2caac1da-4db4-431b-998d-21dc6fd03dce,SAMMS-WashingtonDCv5
202608192252094739,202608192152667595,202608192152666995,85,2466,Bronze INV,br_LabResultDetail,TASK_COMPLETE,FAILED,ERROR,770,770,1,SAMMS INV pipeline failed. Check the failed parent/child activity run details.,2026-08-19T21:53:13.467Z,2026-08-19T22:54:29.012Z,3676,2026-08-19T22:54:29.012Z,B47,Mobile,2caac1da-4db4-431b-998d-21dc6fd03dce,SAMMS-MobileV5
202608192252094740,202608192152667596,202608192152666995,85,2467,Bronze INV,br_LabResultDetail,TASK_COMPLETE,FAILED,ERROR,3357,3357,1,SAMMS INV pipeline failed. Check the failed parent/child activity run details.,2026-08-19T21:53:13.467Z,2026-08-19T22:54:29.012Z,3676,2026-08-19T22:54:29.012Z,B48,Tuscaloosa,2caac1da-4db4-431b-998d-21dc6fd03dce,SAMMS-TuscaloosaV5
202608192252094741,202608192152667597,202608192152666995,85,2476,Bronze INV,br_LabResultDetail,TASK_COMPLETE,FAILED,ERROR,9,9,1,SAMMS INV pipeline failed. Check the failed parent/child activity run details.,2026-08-19T21:53:13.467Z,2026-08-19T22:54:29.012Z,3676,2026-08-19T22:54:29.012Z,B51,N. Little Rock (OTP),2caac1da-4db4-431b-998d-21dc6fd03dce,SAMMS-NorthLittleRockV6
202608192252094742,202608192152667598,202608192152666995,85,2477,Bronze INV,br_LabResultDetail,TASK_COMPLETE,FAILED,ERROR,257,257,1,SAMMS INV pipeline failed. Check the failed parent/child activity run details.,2026-08-19T21:53:13.467Z,2026-08-19T22:54:29.012Z,3676,2026-08-19T22:54:29.012Z,B52,Jackson GA,2caac1da-4db4-431b-998d-21dc6fd03dce,SAMMS-JacksonGAV5
202608192252094743,202608192152667599,202608192152666995,85,2478,Bronze INV,br_LabResultDetail,TASK_COMPLETE,FAILED,ERROR,2682,2682,1,SAMMS INV pipeline failed. Check the failed parent/child activity run details.,2026-08-19T21:53:13.467Z,2026-08-19T22:54:29.012Z,3676,2026-08-19T22:54:29.012Z,B54,Gadsden,2caac1da-4db4-431b-998d-21dc6fd03dce,SAMMS-GadsdenV5
202608192252094744,202608192152667600,202608192152666995,85,2479,Bronze INV,br_LabResultDetail,TASK_COMPLETE,FAILED,ERROR,679,679,1,SAMMS INV pipeline failed. Check the failed parent/child activity run details.,2026-08-19T21:53:13.467Z,2026-08-19T22:54:29.012Z,3676,2026-08-19T22:54:29.012Z,B55,Shoals,2caac1da-4db4-431b-998d-21dc6fd03dce,SAMMS-ShoalsV5
202608192252094745,202608192152667601,202608192152666995,85,2480,Bronze INV,br_LabResultDetail,TASK_COMPLETE,FAILED,ERROR,4,4,1,SAMMS INV pipeline failed. Check the failed parent/child activity run details.,2026-08-19T21:53:13.467Z,2026-08-19T22:54:29.012Z,3676,2026-08-19T22:54:29.012Z,B57,Pawtucket,2caac1da-4db4-431b-998d-21dc6fd03dce,SAMMS-Pawtucket
202608192252094747,202608192152667602,202608192152666995,85,2481,Bronze INV,br_LabResultDetail,TASK_COMPLETE,FAILED,ERROR,6,6,1,SAMMS INV pipeline failed. Check the failed parent/child activity run details.,2026-08-19T21:53:13.467Z,2026-08-19T22:54:29.012Z,3676,2026-08-19T22:54:29.012Z,B57A,Johnston,2caac1da-4db4-431b-998d-21dc6fd03dce,SAMMS-Johnston
202608192252094748,202608192152667603,202608192152666995,85,2482,Bronze INV,br_LabResultDetail,TASK_COMPLETE,FAILED,ERROR,9,9,1,SAMMS INV pipeline failed. Check the failed parent/child activity run details.,2026-08-19T21:53:13.467Z,2026-08-19T22:54:29.012Z,3676,2026-08-19T22:54:29.012Z,B57B,Middletown,2caac1da-4db4-431b-998d-21dc6fd03dce,SAMMS-Middletown
202608192252094749,202608192152667604,202608192152666995,85,2483,Bronze INV,br_LabResultDetail,TASK_COMPLETE,FAILED,ERROR,3,3,1,SAMMS INV pipeline failed. Check the failed parent/child activity run details.,2026-08-19T21:53:13.467Z,2026-08-19T22:54:29.012Z,3676,2026-08-19T22:54:29.012Z,B57C,Providence,2caac1da-4db4-431b-998d-21dc6fd03dce,SAMMS-Providence
202608192252094750,202608192152667605,202608192152666995,85,2484,Bronze INV,br_LabResultDetail,TASK_COMPLETE,FAILED,ERROR,3,3,1,SAMMS INV pipeline failed. Check the failed parent/child activity run details.,2026-08-19T21:53:13.467Z,2026-08-19T22:54:29.012Z,3676,2026-08-19T22:54:29.012Z,B57D,Westerly,2caac1da-4db4-431b-998d-21dc6fd03dce,SAMMS-Westerly
202608192252094751,202608192152667606,202608192152666995,85,2488,Bronze INV,br_LabResultDetail,TASK_COMPLETE,FAILED,ERROR,4,4,1,SAMMS INV pipeline failed. Check the failed parent/child activity run details.,2026-08-19T21:53:13.467Z,2026-08-19T22:54:29.012Z,3676,2026-08-19T22:54:29.012Z,B66A,Bremen,2caac1da-4db4-431b-998d-21dc6fd03dce,SAMMS-Bremen
202608192252094752,202608192152667607,202608192152666995,85,2491,Bronze INV,br_LabResultDetail,TASK_COMPLETE,FAILED,ERROR,6,6,1,SAMMS INV pipeline failed. Check the failed parent/child activity run details.,2026-08-19T21:53:13.467Z,2026-08-19T22:54:29.012Z,3676,2026-08-19T22:54:29.012Z,B72,Mobile (OBOT),2caac1da-4db4-431b-998d-21dc6fd03dce,SAMMS-Mobile-OBOT
202608192252094753,202608192152667608,202608192152666995,85,2492,Bronze INV,br_LabResultDetail,TASK_COMPLETE,FAILED,ERROR,2,2,1,SAMMS INV pipeline failed. Check the failed parent/child activity run details.,2026-08-19T21:53:13.467Z,2026-08-19T22:54:29.012Z,3676,2026-08-19T22:54:29.012Z,B73,Montgomery,2caac1da-4db4-431b-998d-21dc6fd03dce,SAMMS-Montgomery
202608192252094754,202608192152667609,202608192152666995,85,2493,Bronze INV,br_LabResultDetail,TASK_COMPLETE,FAILED,ERROR,502,502,1,SAMMS INV pipeline failed. Check the failed parent/child activity run details.,2026-08-19T21:53:13.467Z,2026-08-19T22:54:29.012Z,3676,2026-08-19T22:54:29.012Z,B75,Lawrence,2caac1da-4db4-431b-998d-21dc6fd03dce,SAMMS-LawrenceV6
202608192252094755,202608192152667610,202608192152666995,85,2494,Bronze INV,br_LabResultDetail,TASK_COMPLETE,FAILED,ERROR,1,1,1,SAMMS INV pipeline failed. Check the failed parent/child activity run details.,2026-08-19T21:53:13.467Z,2026-08-19T22:54:29.012Z,3676,2026-08-19T22:54:29.012Z,B76,Huntsville OBOT,2caac1da-4db4-431b-998d-21dc6fd03dce,SAMMS-Huntsville-OBOT
202608192252094757,202608192152667611,202608192152666995,85,2495,Bronze INV,br_LabResultDetail,TASK_COMPLETE,FAILED,ERROR,8,8,1,SAMMS INV pipeline failed. Check the failed parent/child activity run details.,2026-08-19T21:53:13.467Z,2026-08-19T22:54:29.012Z,3676,2026-08-19T22:54:29.012Z,BAT,Batesville,2caac1da-4db4-431b-998d-21dc6fd03dce,SAMMS-Batesville
202608192252094758,202608192152667612,202608192152666995,85,2496,Bronze INV,br_LabResultDetail,TASK_COMPLETE,FAILED,ERROR,2977,2977,1,SAMMS INV pipeline failed. Check the failed parent/child activity run details.,2026-08-19T21:53:13.467Z,2026-08-19T22:54:29.012Z,3676,2026-08-19T22:54:29.012Z,BG,Bowling Green,2caac1da-4db4-431b-998d-21dc6fd03dce,SAMMS-BowlingGreen
202608192252094759,202608192152667613,202608192152666995,85,2497,Bronze INV,br_LabResultDetail,TASK_COMPLETE,FAILED,ERROR,184,184,1,SAMMS INV pipeline failed. Check the failed parent/child activity run details.,2026-08-19T21:53:13.467Z,2026-08-19T22:54:29.012Z,3676,2026-08-19T22:54:29.012Z,BOI,Boise,2caac1da-4db4-431b-998d-21dc6fd03dce,SAMMS-Boise
202608192252094760,202608192152667614,202608192152666995,85,2504,Bronze INV,br_LabResultDetail,TASK_COMPLETE,FAILED,ERROR,239,239,1,SAMMS INV pipeline failed. Check the failed parent/child activity run details.,2026-08-19T21:53:13.467Z,2026-08-19T22:54:29.012Z,3676,2026-08-19T22:54:29.012Z,CBCO,Coeur dAlene,2caac1da-4db4-431b-998d-21dc6fd03dce,SAMMS-CoeurdAleneV6
202608192252094761,202608192152667615,202608192152666995,85,2523,Bronze INV,br_LabResultDetail,TASK_COMPLETE,FAILED,ERROR,2,2,1,SAMMS INV pipeline failed. Check the failed parent/child activity run details.,2026-08-19T21:53:13.467Z,2026-08-19T22:54:29.012Z,3676,2026-08-19T22:54:29.012Z,CON,Conway,2caac1da-4db4-431b-998d-21dc6fd03dce,SAMMS-Conway
202608192252094762,202608192152667616,202608192152666995,85,2524,Bronze INV,br_LabResultDetail,TASK_COMPLETE,FAILED,ERROR,15,15,1,SAMMS INV pipeline failed. Check the failed parent/child activity run details.,2026-08-19T21:53:13.467Z,2026-08-19T22:54:29.012Z,3676,2026-08-19T22:54:29.012Z,D07,Medical Services Knox TN,2caac1da-4db4-431b-998d-21dc6fd03dce,SAMMS-KnoxvilleV6
202608192252094763,202608192152667617,202608192152666995,85,2525,Bronze INV,br_LabResultDetail,TASK_COMPLETE,FAILED,ERROR,1001,1001,1,SAMMS INV pipeline failed. Check the failed parent/child activity run details.,2026-08-19T21:53:13.467Z,2026-08-19T22:54:29.012Z,3676,2026-08-19T22:54:29.012Z,D08,Madison,2caac1da-4db4-431b-998d-21dc6fd03dce,SAMMS-MadisonV6
202608192252094764,202608192152667618,202608192152666995,85,2527,Bronze INV,br_LabResultDetail,TASK_COMPLETE,FAILED,ERROR,717,717,1,SAMMS INV pipeline failed. Check the failed parent/child activity run details.,2026-08-19T21:53:13.467Z,2026-08-19T22:54:29.012Z,3676,2026-08-19T22:54:29.012Z,D09,Murfreesboro,2caac1da-4db4-431b-998d-21dc6fd03dce,SAMMS-MurfreesboroV6
202608192252094765,202608192152667619,202608192152666995,85,2528,Bronze INV,br_LabResultDetail,TASK_COMPLETE,FAILED,ERROR,7,7,1,SAMMS INV pipeline failed. Check the failed parent/child activity run details.,2026-08-19T21:53:13.467Z,2026-08-19T22:54:29.012Z,3676,2026-08-19T22:54:29.012Z,DA,Davenport,2caac1da-4db4-431b-998d-21dc6fd03dce,SAMMS-Davenport
202608192252094767,202608192152667620,202608192152666995,85,2529,Bronze INV,br_LabResultDetail,TASK_COMPLETE,FAILED,ERROR,2759,2759,1,SAMMS INV pipeline failed. Check the failed parent/child activity run details.,2026-08-19T21:53:13.467Z,2026-08-19T22:54:29.012Z,3676,2026-08-19T22:54:29.012Z,DM,Des Moines,2caac1da-4db4-431b-998d-21dc6fd03dce,SAMMS-DesMoines
202608192252094768,202608192152667621,202608192152666995,85,2531,Bronze INV,br_LabResultDetail,TASK_COMPLETE,FAILED,ERROR,3523,3523,1,SAMMS INV pipeline failed. Check the failed parent/child activity run details.,2026-08-19T21:53:13.467Z,2026-08-19T22:54:29.012Z,3676,2026-08-19T22:54:29.012Z,DRD-CO,Columbia MO,2caac1da-4db4-431b-998d-21dc6fd03dce,SAMMS-ColumbiaV5
202608192252094769,202608192152667622,202608192152666995,85,2532,Bronze INV,br_LabResultDetail,TASK_COMPLETE,FAILED,ERROR,3416,3416,1,SAMMS INV pipeline failed. Check the failed parent/child activity run details.,2026-08-19T21:53:13.467Z,2026-08-19T22:54:29.012Z,3676,2026-08-19T22:54:29.012Z,DRD-KC,KC,2caac1da-4db4-431b-998d-21dc6fd03dce,SAMMS-KCv5
202608192252094770,202608192152667623,202608192152666995,85,2533,Bronze INV,br_LabResultDetail,TASK_COMPLETE,FAILED,ERROR,19553,19553,1,SAMMS INV pipeline failed. Check the failed parent/child activity run details.,2026-08-19T21:53:13.467Z,2026-08-19T22:54:29.012Z,3676,2026-08-19T22:54:29.012Z,DRD-KVB,KVB,2caac1da-4db4-431b-998d-21dc6fd03dce,SAMMS-KVBv5
202608192252094771,202608192152667624,202608192152666995,85,2534,Bronze INV,br_LabResultDetail,TASK_COMPLETE,FAILED,ERROR,23708,23708,1,SAMMS INV pipeline failed. Check the failed parent/child activity run details.,2026-08-19T21:53:13.467Z,2026-08-19T22:54:29.012Z,3676,2026-08-19T22:54:29.012Z,DRD-KVC,KVC,2caac1da-4db4-431b-998d-21dc6fd03dce,SAMMS-KVCv5
202608192252094772,202608192152667625,202608192152666995,85,2535,Bronze INV,br_LabResultDetail,TASK_COMPLETE,FAILED,ERROR,6438,6438,1,SAMMS INV pipeline failed. Check the failed parent/child activity run details.,2026-08-19T21:53:13.467Z,2026-08-19T22:54:29.012Z,3676,2026-08-19T22:54:29.012Z,DRD-NOLA,NOLA,2caac1da-4db4-431b-998d-21dc6fd03dce,SAMMS-NOLAv5
202608192252094773,202608192152667626,202608192152666995,85,2536,Bronze INV,br_LabResultDetail,TASK_COMPLETE,FAILED,ERROR,5708,5708,1,SAMMS INV pipeline failed. Check the failed parent/child activity run details.,2026-08-19T21:53:13.467Z,2026-08-19T22:54:29.012Z,3676,2026-08-19T22:54:29.012Z,DRD-SF,Springfield,2caac1da-4db4-431b-998d-21dc6fd03dce,SAMMS-SFv5
202608192252094774,202608192152667627,202608192152666995,85,2538,Bronze INV,br_LabResultDetail,TASK_COMPLETE,FAILED,ERROR,16774,16774,1,SAMMS INV pipeline failed. Check the failed parent/child activity run details.,2026-08-19T21:53:13.467Z,2026-08-19T22:54:29.012Z,3676,2026-08-19T22:54:29.012Z,ELC,Elizabeth City,2caac1da-4db4-431b-998d-21dc6fd03dce,SAMMS-ElizabethCity
202608192252094775,202608192152667628,202608192152666995,85,2539,Bronze INV,br_LabResultDetail,TASK_COMPLETE,FAILED,ERROR,3113,3113,1,SAMMS INV pipeline failed. Check the failed parent/child activity run details.,2026-08-19T21:53:13.467Z,2026-08-19T22:54:29.012Z,3676,2026-08-19T22:54:29.012Z,ET,Elizabethtown,2caac1da-4db4-431b-998d-21dc6fd03dce,SAMMS-Elizabethtown
202608192252094776,202608192152667629,202608192152666995,85,2540,Bronze INV,br_LabResultDetail,TASK_COMPLETE,FAILED,ERROR,2,2,1,SAMMS INV pipeline failed. Check the failed parent/child activity run details.,2026-08-19T21:53:13.467Z,2026-08-19T22:54:29.012Z,3676,2026-08-19T22:54:29.012Z,FAY,Fayetteville,2caac1da-4db4-431b-998d-21dc6fd03dce,SAMMS-Fayetteville
202608192252094778,202608192152667630,202608192152666995,85,2541,Bronze INV,br_LabResultDetail,TASK_COMPLETE,FAILED,ERROR,14063,14063,1,SAMMS INV pipeline failed. Check the failed parent/child activity run details.,2026-08-19T21:53:13.467Z,2026-08-19T22:54:29.012Z,3676,2026-08-19T22:54:29.012Z,FR,Frankfort,2caac1da-4db4-431b-998d-21dc6fd03dce,SAMMS-Frankfort
202608192252094779,202608192152667631,202608192152666995,85,2542,Bronze INV,br_LabResultDetail,TASK_COMPLETE,FAILED,ERROR,3,3,1,SAMMS INV pipeline failed. Check the failed parent/child activity run details.,2026-08-19T21:53:13.467Z,2026-08-19T22:54:29.012Z,3676,2026-08-19T22:54:29.012Z,FS,Fort Smith,2caac1da-4db4-431b-998d-21dc6fd03dce,SAMMS-FortSmith
202608192252094780,202608192152667632,202608192152666995,85,2543,Bronze INV,br_LabResultDetail,TASK_COMPLETE,FAILED,ERROR,9165,9165,1,SAMMS INV pipeline failed. Check the failed parent/child activity run details.,2026-08-19T21:53:13.467Z,2026-08-19T22:54:29.012Z,3676,2026-08-19T22:54:29.012Z,FW,Fort Wayne,2caac1da-4db4-431b-998d-21dc6fd03dce,SAMMS-FortWayne
202608192252094781,202608192152667633,202608192152666995,85,2544,Bronze INV,br_LabResultDetail,TASK_COMPLETE,FAILED,ERROR,4,4,1,SAMMS INV pipeline failed. Check the failed parent/child activity run details.,2026-08-19T21:53:13.467Z,2026-08-19T22:54:29.012Z,3676,2026-08-19T22:54:29.012Z,GAL,Gaylord,2caac1da-4db4-431b-998d-21dc6fd03dce,SAMMS-Gaylord
202608192252094782,202608192152667634,202608192152666995,85,2548,Bronze INV,br_LabResultDetail,TASK_COMPLETE,FAILED,ERROR,4746,4746,1,SAMMS INV pipeline failed. Check the failed parent/child activity run details.,2026-08-19T21:53:13.467Z,2026-08-19T22:54:29.012Z,3676,2026-08-19T22:54:29.012Z,HGT,Hagerstown,2caac1da-4db4-431b-998d-21dc6fd03dce,SAMMS-Hagerstown
202608192252094783,202608192152667635,202608192152666995,85,2549,Bronze INV,br_LabResultDetail,TASK_COMPLETE,FAILED,ERROR,647,647,1,SAMMS INV pipeline failed. Check the failed parent/child activity run details.,2026-08-19T21:53:13.467Z,2026-08-19T22:54:29.012Z,3676,2026-08-19T22:54:29.012Z,HNT,Huntsville,2caac1da-4db4-431b-998d-21dc6fd03dce,SAMMS-Huntsville
202608192252094784,202608192152667636,202608192152666995,85,2550,Bronze INV,br_LabResultDetail,TASK_COMPLETE,FAILED,ERROR,2,2,1,SAMMS INV pipeline failed. Check the failed parent/child activity run details.,2026-08-19T21:53:13.467Z,2026-08-19T22:54:29.012Z,3676,2026-08-19T22:54:29.012Z,HS,Hot Springs,2caac1da-4db4-431b-998d-21dc6fd03dce,SAMMS-HotSprings
202608192252094785,202608192152667637,202608192152666995,85,2551,Bronze INV,br_LabResultDetail,TASK_COMPLETE,FAILED,ERROR,4,4,1,SAMMS INV pipeline failed. Check the failed parent/child activity run details.,2026-08-19T21:53:13.467Z,2026-08-19T22:54:29.012Z,3676,2026-08-19T22:54:29.012Z,JON,Jonesboro,2caac1da-4db4-431b-998d-21dc6fd03dce,SAMMS-Jonesboro
202608192252094787,202608192152667638,202608192152666995,85,2553,Bronze INV,br_LabResultDetail,TASK_COMPLETE,FAILED,ERROR,4,4,1,SAMMS INV pipeline failed. Check the failed parent/child activity run details.,2026-08-19T21:53:13.467Z,2026-08-19T22:54:29.012Z,3676,2026-08-19T22:54:29.012Z,LAN,Lansing,2caac1da-4db4-431b-998d-21dc6fd03dce,SAMMS-Lansing
202608192252094788,202608192152667639,202608192152666995,85,2554,Bronze INV,br_LabResultDetail,TASK_COMPLETE,FAILED,ERROR,88940,88940,1,SAMMS INV pipeline failed. Check the failed parent/child activity run details.,2026-08-19T21:53:13.467Z,2026-08-19T22:54:29.012Z,3676,2026-08-19T22:54:29.012Z,LO,Louisville,2caac1da-4db4-431b-998d-21dc6fd03dce,SAMMS-Louisville
202608192252094789,202608192152667640,202608192152666995,85,2555,Bronze INV,br_LabResultDetail,TASK_COMPLETE,FAILED,ERROR,6532,6532,1,SAMMS INV pipeline failed. Check the failed parent/child activity run details.,2026-08-19T21:53:13.467Z,2026-08-19T22:54:29.012Z,3676,2026-08-19T22:54:29.012Z,LV1,Cheyenne,2caac1da-4db4-431b-998d-21dc6fd03dce,SAMMS-Cheyenne
202608192252094790,202608192152667641,202608192152666995,85,2556,Bronze INV,br_LabResultDetail,TASK_COMPLETE,FAILED,ERROR,9491,9491,1,SAMMS INV pipeline failed. Check the failed parent/child activity run details.,2026-08-19T21:53:13.467Z,2026-08-19T22:54:29.012Z,3676,2026-08-19T22:54:29.012Z,LV2,Desert Inn,2caac1da-4db4-431b-998d-21dc6fd03dce,SAMMS-DesertInn
202608192252094791,202608192152667642,202608192152666995,85,2557,Bronze INV,br_LabResultDetail,TASK_COMPLETE,FAILED,ERROR,1882,1882,1,SAMMS INV pipeline failed. Check the failed parent/child activity run details.,2026-08-19T21:53:13.467Z,2026-08-19T22:54:29.012Z,3676,2026-08-19T22:54:29.012Z,LV3,McDaniel,2caac1da-4db4-431b-998d-21dc6fd03dce,SAMMS-McDaniel
202608192252094792,202608192152667643,202608192152666995,85,2560,Bronze INV,br_LabResultDetail,TASK_COMPLETE,FAILED,ERROR,3,3,1,SAMMS INV pipeline failed. Check the failed parent/child activity run details.,2026-08-19T21:53:13.467Z,2026-08-19T22:54:29.012Z,3676,2026-08-19T22:54:29.012Z,MNRE,Monroe,2caac1da-4db4-431b-998d-21dc6fd03dce,SAMMS-Monroe
202608192252094793,202608192152667644,202608192152666995,85,2561,Bronze INV,br_LabResultDetail,TASK_COMPLETE,FAILED,ERROR,2,2,1,SAMMS INV pipeline failed. Check the failed parent/child activity run details.,2026-08-19T21:53:13.467Z,2026-08-19T22:54:29.012Z,3676,2026-08-19T22:54:29.012Z,MP,Mt. Pleasant,2caac1da-4db4-431b-998d-21dc6fd03dce,SAMMS-MtPleasant
202608192252094794,202608192152667645,202608192152666995,85,2562,Bronze INV,br_LabResultDetail,TASK_COMPLETE,FAILED,ERROR,258,258,1,SAMMS INV pipeline failed. Check the failed parent/child activity run details.,2026-08-19T21:53:13.467Z,2026-08-19T22:54:29.012Z,3676,2026-08-19T22:54:29.012Z,MRD,Meridian,2caac1da-4db4-431b-998d-21dc6fd03dce,SAMMS-Meridian
202608192252094795,202608192152667646,202608192152666995,85,2567,Bronze INV,br_LabResultDetail,TASK_COMPLETE,FAILED,ERROR,15250,15250,1,SAMMS INV pipeline failed. Check the failed parent/child activity run details.,2026-08-19T21:53:13.467Z,2026-08-19T22:54:29.012Z,3676,2026-08-19T22:54:29.012Z,NC,North Charleston,2caac1da-4db4-431b-998d-21dc6fd03dce,SAMMS-NorthCharleston
202608192252094797,202608192152667647,202608192152666995,85,2568,Bronze INV,br_LabResultDetail,TASK_COMPLETE,FAILED,ERROR,3,3,1,SAMMS INV pipeline failed. Check the failed parent/child activity run details.,2026-08-19T21:53:13.467Z,2026-08-19T22:54:29.012Z,3676,2026-08-19T22:54:29.012Z,NLR,N. Little Rock,2caac1da-4db4-431b-998d-21dc6fd03dce,SAMMS-NLROBOT
202608192252094798,202608192152667648,202608192152666995,85,2569,Bronze INV,br_LabResultDetail,TASK_COMPLETE,FAILED,ERROR,4833,4833,1,SAMMS INV pipeline failed. Check the failed parent/child activity run details.,2026-08-19T21:53:13.467Z,2026-08-19T22:54:29.012Z,3676,2026-08-19T22:54:29.012Z,PH,Phoenix,2caac1da-4db4-431b-998d-21dc6fd03dce,SAMMS-Phoenix
202608192252094799,202608192152667649,202608192152666995,85,2573,Bronze INV,br_LabResultDetail,TASK_COMPLETE,FAILED,ERROR,62967,62967,1,SAMMS INV pipeline failed. Check the failed parent/child activity run details.,2026-08-19T21:53:13.467Z,2026-08-19T22:54:29.012Z,3676,2026-08-19T22:54:29.012Z,RE,Reno,2caac1da-4db4-431b-998d-21dc6fd03dce,SAMMS-Reno
202608192252094800,202608192152667650,202608192152666995,85,2574,Bronze INV,br_LabResultDetail,TASK_COMPLETE,FAILED,ERROR,2425,2425,1,SAMMS INV pipeline failed. Check the failed parent/child activity run details.,2026-08-19T21:53:13.467Z,2026-08-19T22:54:29.012Z,3676,2026-08-19T22:54:29.012Z,RMD,Richmond,2caac1da-4db4-431b-998d-21dc6fd03dce,SAMMS-Richmond
202608192252094801,202608192152667651,202608192152666995,85,2575,Bronze INV,br_LabResultDetail,TASK_COMPLETE,FAILED,ERROR,3704,3704,1,SAMMS INV pipeline failed. Check the failed parent/child activity run details.,2026-08-19T21:53:13.467Z,2026-08-19T22:54:29.012Z,3676,2026-08-19T22:54:29.012Z,SFN,Springfield North,2caac1da-4db4-431b-998d-21dc6fd03dce,SAMMS-SFNv5
202608192252094802,202608192152667652,202608192152666995,85,2576,Bronze INV,br_LabResultDetail,TASK_COMPLETE,FAILED,ERROR,331,331,1,SAMMS INV pipeline failed. Check the failed parent/child activity run details.,2026-08-19T21:53:13.467Z,2026-08-19T22:54:29.012Z,3676,2026-08-19T22:54:29.012Z,SHP,Shreveport,2caac1da-4db4-431b-998d-21dc6fd03dce,SAMMS-Shreveport
202608192252094803,202608192152667653,202608192152666995,85,2578,Bronze INV,br_LabResultDetail,TASK_COMPLETE,FAILED,ERROR,6,6,1,SAMMS INV pipeline failed. Check the failed parent/child activity run details.,2026-08-19T21:53:13.467Z,2026-08-19T22:54:29.012Z,3676,2026-08-19T22:54:29.012Z,STN,Staunton,2caac1da-4db4-431b-998d-21dc6fd03dce,SAMMS-Staunton
202608192252094804,202608192152667654,202608192152666995,85,2579,Bronze INV,br_LabResultDetail,TASK_COMPLETE,FAILED,ERROR,454,454,1,SAMMS INV pipeline failed. Check the failed parent/child activity run details.,2026-08-19T21:53:13.467Z,2026-08-19T22:54:29.012Z,3676,2026-08-19T22:54:29.012Z,STVN,Stevenson,2caac1da-4db4-431b-998d-21dc6fd03dce,SAMMS-Stevenson
202608192252094805,202608192152667655,202608192152666995,85,2581,Bronze INV,br_LabResultDetail,TASK_COMPLETE,FAILED,ERROR,18155,18155,1,SAMMS INV pipeline failed. Check the failed parent/child activity run details.,2026-08-19T21:53:13.467Z,2026-08-19T22:54:29.012Z,3676,2026-08-19T22:54:29.012Z,TE,Tempe,2caac1da-4db4-431b-998d-21dc6fd03dce,SAMMS-Tempe
202608192252094807,202608192152667656,202608192152666995,85,2582,Bronze INV,br_LabResultDetail,TASK_COMPLETE,FAILED,ERROR,4,4,1,SAMMS INV pipeline failed. Check the failed parent/child activity run details.,2026-08-19T21:53:13.467Z,2026-08-19T22:54:29.012Z,3676,2026-08-19T22:54:29.012Z,TEX,Texarkana,2caac1da-4db4-431b-998d-21dc6fd03dce,SAMMS-Texarkana
202608192252094808,202608192152667657,202608192152666995,85,2583,Bronze INV,br_LabResultDetail,TASK_COMPLETE,FAILED,ERROR,1711,1711,1,SAMMS INV pipeline failed. Check the failed parent/child activity run details.,2026-08-19T21:53:13.467Z,2026-08-19T22:54:29.012Z,3676,2026-08-19T22:54:29.012Z,TTCA,Bessemer,2caac1da-4db4-431b-998d-21dc6fd03dce,SAMMS-BessemerV5
202608192252094809,202608192152667658,202608192152666995,85,2584,Bronze INV,br_LabResultDetail,TASK_COMPLETE,FAILED,ERROR,2135,2135,1,SAMMS INV pipeline failed. Check the failed parent/child activity run details.,2026-08-19T21:53:13.467Z,2026-08-19T22:54:29.012Z,3676,2026-08-19T22:54:29.012Z,TTCB,Cullman,2caac1da-4db4-431b-998d-21dc6fd03dce,SAMMS-CullmanV5
202608192252094810,202608192152667659,202608192152666995,85,2585,Bronze INV,br_LabResultDetail,TASK_COMPLETE,FAILED,ERROR,4,4,1,SAMMS INV pipeline failed. Check the failed parent/child activity run details.,2026-08-19T21:53:13.467Z,2026-08-19T22:54:29.012Z,3676,2026-08-19T22:54:29.012Z,TTCC,Grand Bay,2caac1da-4db4-431b-998d-21dc6fd03dce,SAMMS-GrandBay
202608192252094811,202608192152667660,202608192152666995,85,2586,Bronze INV,br_LabResultDetail,TASK_COMPLETE,FAILED,ERROR,1162,1162,1,SAMMS INV pipeline failed. Check the failed parent/child activity run details.,2026-08-19T21:53:13.467Z,2026-08-19T22:54:29.012Z,3676,2026-08-19T22:54:29.012Z,TU,Tucson,2caac1da-4db4-431b-998d-21dc6fd03dce,SAMMS-Tucson
202608192252094812,202608192152667661,202608192152666995,85,2588,Bronze INV,br_LabResultDetail,TASK_COMPLETE,FAILED,ERROR,5376,5376,1,SAMMS INV pipeline failed. Check the failed parent/child activity run details.,2026-08-19T21:53:13.467Z,2026-08-19T22:54:29.012Z,3676,2026-08-19T22:54:29.012Z,V1,Memphis South,2caac1da-4db4-431b-998d-21dc6fd03dce,SAMMS-VCPHCS-I-MemphisV5
202608192252094813,202608192152667662,202608192152666995,85,2589,Bronze INV,br_LabResultDetail,TASK_COMPLETE,FAILED,ERROR,6257,6257,1,SAMMS INV pipeline failed. Check the failed parent/child activity run details.,2026-08-19T21:53:13.467Z,2026-08-19T22:54:29.012Z,3676,2026-08-19T22:54:29.012Z,V10,Longmont,2caac1da-4db4-431b-998d-21dc6fd03dce,SAMMS-BoulderV5
202608192252094814,202608192152667663,202608192152666995,85,2590,Bronze INV,br_LabResultDetail,TASK_COMPLETE,FAILED,ERROR,3570,3570,1,SAMMS INV pipeline failed. Check the failed parent/child activity run details.,2026-08-19T21:53:13.467Z,2026-08-19T22:54:29.012Z,3676,2026-08-19T22:54:29.012Z,V10A,Fort Collins,2caac1da-4db4-431b-998d-21dc6fd03dce,SAMMS-FortCollinsV5
202608192252094816,202608192152667664,202608192152666995,85,2591,Bronze INV,br_LabResultDetail,TASK_COMPLETE,FAILED,ERROR,7568,7568,1,SAMMS INV pipeline failed. Check the failed parent/child activity run details.,2026-08-19T21:53:13.467Z,2026-08-19T22:54:29.012Z,3676,2026-08-19T22:54:29.012Z,V11,Westminster,2caac1da-4db4-431b-998d-21dc6fd03dce,SAMMS-VCPHCS-XI-NorthDenverV5
202608192252094817,202608192152667665,202608192152666995,85,2592,Bronze INV,br_LabResultDetail,TASK_COMPLETE,FAILED,ERROR,10350,10350,1,SAMMS INV pipeline failed. Check the failed parent/child activity run details.,2026-08-19T21:53:13.467Z,2026-08-19T22:54:29.012Z,3676,2026-08-19T22:54:29.012Z,V12,Downtown Denver,2caac1da-4db4-431b-998d-21dc6fd03dce,SAMMS-VCPHCS-XII-DowntownDenverV5
202608192252094818,202608192152667666,202608192152666995,85,2593,Bronze INV,br_LabResultDetail,TASK_COMPLETE,FAILED,ERROR,4837,4837,1,SAMMS INV pipeline failed. Check the failed parent/child activity run details.,2026-08-19T21:53:13.467Z,2026-08-19T22:54:29.012Z,3676,2026-08-19T22:54:29.012Z,V12A,Centennial,2caac1da-4db4-431b-998d-21dc6fd03dce,SAMMS-CentennialV5
202608192252094819,202608192152667667,202608192152666995,85,2594,Bronze INV,br_LabResultDetail,TASK_COMPLETE,FAILED,ERROR,3383,3383,1,SAMMS INV pipeline failed. Check the failed parent/child activity run details.,2026-08-19T21:53:13.467Z,2026-08-19T22:54:29.012Z,3676,2026-08-19T22:54:29.012Z,V14,Overland Park,2caac1da-4db4-431b-998d-21dc6fd03dce,SAMMS-VCPHCS-XIV-BridgewayV5
202608192252094820,202608192152667668,202608192152666995,85,2595,Bronze INV,br_LabResultDetail,TASK_COMPLETE,FAILED,ERROR,2912,2912,1,SAMMS INV pipeline failed. Check the failed parent/child activity run details.,2026-08-19T21:53:13.467Z,2026-08-19T22:54:29.012Z,3676,2026-08-19T22:54:29.012Z,V15,Joplin,2caac1da-4db4-431b-998d-21dc6fd03dce,SAMMS-JoplinV5
202608192252094821,202608192152667669,202608192152666995,85,2597,Bronze INV,br_LabResultDetail,TASK_COMPLETE,FAILED,ERROR,1316,1316,1,SAMMS INV pipeline failed. Check the failed parent/child activity run details.,2026-08-19T21:53:13.467Z,2026-08-19T22:54:29.012Z,3676,2026-08-19T22:54:29.012Z,V17,Columbia TN,2caac1da-4db4-431b-998d-21dc6fd03dce,SAMMS-ColumbiaTNv5
202608192252094822,202608192152667670,202608192152666995,85,2599,Bronze INV,br_LabResultDetail,TASK_COMPLETE,FAILED,ERROR,5127,5127,1,SAMMS INV pipeline failed. Check the failed parent/child activity run details.,2026-08-19T21:53:13.467Z,2026-08-19T22:54:29.012Z,3676,2026-08-19T22:54:29.012Z,V19,Jackson,2caac1da-4db4-431b-998d-21dc6fd03dce,SAMMS-JacksonV5
202608192252094824,202608192152667671,202608192152666995,85,2601,Bronze INV,br_LabResultDetail,TASK_COMPLETE,FAILED,ERROR,7047,7047,1,SAMMS INV pipeline failed. Check the failed parent/child activity run details.,2026-08-19T21:53:13.467Z,2026-08-19T22:54:29.012Z,3676,2026-08-19T22:54:29.012Z,V20,Paris,2caac1da-4db4-431b-998d-21dc6fd03dce,SAMMS-ParisV5
202608192252094825,202608192152667672,202608192152666995,85,2602,Bronze INV,br_LabResultDetail,TASK_COMPLETE,FAILED,ERROR,6064,6064,1,SAMMS INV pipeline failed. Check the failed parent/child activity run details.,2026-08-19T21:53:13.467Z,2026-08-19T22:54:29.012Z,3676,2026-08-19T22:54:29.012Z,V21,Memphis North,2caac1da-4db4-431b-998d-21dc6fd03dce,SAMMS-RaleighV5
202608192252094826,202608192152667673,202608192152666995,85,2605,Bronze INV,br_LabResultDetail,TASK_COMPLETE,FAILED,ERROR,7024,7024,1,SAMMS INV pipeline failed. Check the failed parent/child activity run details.,2026-08-19T21:53:13.467Z,2026-08-19T22:54:29.012Z,3676,2026-08-19T22:54:29.012Z,V5,West Bank,2caac1da-4db4-431b-998d-21dc6fd03dce,SAMMS-NONTCv5
202608192252094827,202608192152667674,202608192152666995,85,2607,Bronze INV,br_LabResultDetail,TASK_COMPLETE,FAILED,ERROR,529,529,1,SAMMS INV pipeline failed. Check the failed parent/child activity run details.,2026-08-19T21:53:13.467Z,2026-08-19T22:54:29.012Z,3676,2026-08-19T22:54:29.012Z,V5B,Houma,2caac1da-4db4-431b-998d-21dc6fd03dce,SAMMS-HoumaV6
202608192252094828,202608192152667675,202608192152666995,85,2608,Bronze INV,br_LabResultDetail,TASK_COMPLETE,FAILED,ERROR,4795,4795,1,SAMMS INV pipeline failed. Check the failed parent/child activity run details.,2026-08-19T21:53:13.467Z,2026-08-19T22:54:29.012Z,3676,2026-08-19T22:54:29.012Z,V6,Lake Charles,2caac1da-4db4-431b-998d-21dc6fd03dce,SAMMS-LCv5
202608192252094829,202608192152667676,202608192152666995,85,2610,Bronze INV,br_LabResultDetail,TASK_COMPLETE,FAILED,ERROR,19739,19739,1,SAMMS INV pipeline failed. Check the failed parent/child activity run details.,2026-08-19T21:53:13.467Z,2026-08-19T22:54:29.012Z,3676,2026-08-19T22:54:29.012Z,V8,Memphis Midtown,2caac1da-4db4-431b-998d-21dc6fd03dce,SAMMS-VCPHCS-VIII-MemphisV5
202608192252094830,202608192152667677,202608192152666995,85,2611,Bronze INV,br_LabResultDetail,TASK_COMPLETE,FAILED,ERROR,17614,17614,1,SAMMS INV pipeline failed. Check the failed parent/child activity run details.,2026-08-19T21:53:13.467Z,2026-08-19T22:54:29.012Z,3676,2026-08-19T22:54:29.012Z,V9,Nashville,2caac1da-4db4-431b-998d-21dc6fd03dce,SAMMS-NashvilleV5
202608192252094832,202608192152667678,202608192152666995,85,2612,Bronze INV,br_LabResultDetail,TASK_COMPLETE,FAILED,ERROR,1090,1090,1,SAMMS INV pipeline failed. Check the failed parent/child activity run details.,2026-08-19T21:53:13.467Z,2026-08-19T22:54:29.012Z,3676,2026-08-19T22:54:29.012Z,VBRA,Brainerd,2caac1da-4db4-431b-998d-21dc6fd03dce,SAMMS-BrainerdV6
202608192252094833,202608192152667679,202608192152666995,85,2613,Bronze INV,br_LabResultDetail,TASK_COMPLETE,FAILED,ERROR,18,18,1,SAMMS INV pipeline failed. Check the failed parent/child activity run details.,2026-08-19T21:53:13.467Z,2026-08-19T22:54:29.012Z,3676,2026-08-19T22:54:29.012Z,VBRP,Brooklyn Park,2caac1da-4db4-431b-998d-21dc6fd03dce,SAMMS-BrooklynParkV6
202608192252094834,202608192152667680,202608192152666995,85,2615,Bronze INV,br_LabResultDetail,TASK_COMPLETE,FAILED,ERROR,3,3,1,SAMMS INV pipeline failed. Check the failed parent/child activity run details.,2026-08-19T21:53:13.467Z,2026-08-19T22:54:29.012Z,3676,2026-08-19T22:54:29.012Z,VMIN,Minneapolis,2caac1da-4db4-431b-998d-21dc6fd03dce,SAMMS-MinneapolisV6
202608192252094835,202608192152667681,202608192152666995,85,2616,Bronze INV,br_LabResultDetail,TASK_COMPLETE,FAILED,ERROR,8,8,1,SAMMS INV pipeline failed. Check the failed parent/child activity run details.,2026-08-19T21:53:13.467Z,2026-08-19T22:54:29.012Z,3676,2026-08-19T22:54:29.012Z,VWBY,Woodbury,2caac1da-4db4-431b-998d-21dc6fd03dce,SAMMS-WoodburyV6
202608192252094836,202608192152667682,202608192152666995,85,2618,Bronze INV,br_LabResultDetail,TASK_COMPLETE,FAILED,ERROR,8638,8638,1,SAMMS INV pipeline failed. Check the failed parent/child activity run details.,2026-08-19T21:53:13.467Z,2026-08-19T22:54:29.012Z,3676,2026-08-19T22:54:29.012Z,WIL,Wilson,2caac1da-4db4-431b-998d-21dc6fd03dce,SAMMS-Wilson
202608192252094938,202608192152767018,202608192152766995,86,8582,Silver INV,sl_LABResultDetail,TASK_COMPLETE,SUCCESS,INFO,564743,564743,0,,2026-08-19T21:53:13.467Z,2026-08-19T22:54:29.012Z,3676,2026-08-19T22:54:29.012Z,,,2caac1da-4db4-431b-998d-21dc6fd03dce,
202608192252094859,202608192152667683,202608192152666995,85,230,Bronze INV,br_AdmissionAssessment,TASK_COMPLETE,FAILED,ERROR,4,4,1,SAMMS INV pipeline failed. Check the failed parent/child activity run details.,2026-08-19T21:53:13.467Z,2026-08-19T22:54:29.012Z,3676,2026-08-19T22:54:29.012Z,AHK,Ahoskie,2caac1da-4db4-431b-998d-21dc6fd03dce,SAMMS-Ahoskie
202608192252094860,202608192152667799,202608192152666995,85,231,Bronze INV,br_AdmissionAssessment,TASK_COMPLETE,FAILED,ERROR,19,19,1,SAMMS INV pipeline failed. Check the failed parent/child activity run details.,2026-08-19T21:53:13.467Z,2026-08-19T22:54:29.012Z,3676,2026-08-19T22:54:29.012Z,B12B,Colorado Springs,2caac1da-4db4-431b-998d-21dc6fd03dce,SAMMS-ColoradoSpringsV5
202608192252094861,202608192152667800,202608192152666995,85,232,Bronze INV,br_AdmissionAssessment,TASK_COMPLETE,FAILED,ERROR,0,0,1,SAMMS INV pipeline failed. Check the failed parent/child activity run details.,2026-08-19T21:53:13.467Z,2026-08-19T22:54:29.012Z,3676,2026-08-19T22:54:29.012Z,B24,Paintsville,2caac1da-4db4-431b-998d-21dc6fd03dce,SAMMS-PaintsvilleV5
202608192252094863,202608192152667801,202608192152666995,85,233,Bronze INV,br_AdmissionAssessment,TASK_COMPLETE,FAILED,ERROR,0,0,1,SAMMS INV pipeline failed. Check the failed parent/child activity run details.,2026-08-19T21:53:13.467Z,2026-08-19T22:54:29.012Z,3676,2026-08-19T22:54:29.012Z,B25,Pikeville,2caac1da-4db4-431b-998d-21dc6fd03dce,SAMMS-PikevilleV5
202608192252094864,202608192152667802,202608192152666995,85,234,Bronze INV,br_AdmissionAssessment,TASK_COMPLETE,FAILED,ERROR,0,0,1,SAMMS INV pipeline failed. Check the failed parent/child activity run details.,2026-08-19T21:53:13.467Z,2026-08-19T22:54:29.012Z,3676,2026-08-19T22:54:29.012Z,B26,Hazard,2caac1da-4db4-431b-998d-21dc6fd03dce,SAMMS-HazardV5
202608192252094865,202608192152667803,202608192152666995,85,235,Bronze INV,br_AdmissionAssessment,TASK_COMPLETE,FAILED,ERROR,2,2,1,SAMMS INV pipeline failed. Check the failed parent/child activity run details.,2026-08-19T21:53:13.467Z,2026-08-19T22:54:29.012Z,3676,2026-08-19T22:54:29.012Z,B27,Savannah,2caac1da-4db4-431b-998d-21dc6fd03dce,SAMMS-SavannahV6
202608192252094866,202608192152667804,202608192152666995,85,236,Bronze INV,br_AdmissionAssessment,TASK_COMPLETE,FAILED,ERROR,16,16,1,SAMMS INV pipeline failed. Check the failed parent/child activity run details.,2026-08-19T21:53:13.467Z,2026-08-19T22:54:29.012Z,3676,2026-08-19T22:54:29.012Z,B28,West Plains,2caac1da-4db4-431b-998d-21dc6fd03dce,SAMMS-WestPlainesV5
202608192252094867,202608192152667805,202608192152666995,85,237,Bronze INV,br_AdmissionAssessment,TASK_COMPLETE,FAILED,ERROR,10,10,1,SAMMS INV pipeline failed. Check the failed parent/child activity run details.,2026-08-19T21:53:13.467Z,2026-08-19T22:54:29.012Z,3676,2026-08-19T22:54:29.012Z,B29,Poplar Bluff,2caac1da-4db4-431b-998d-21dc6fd03dce,SAMMS-PoplarBluffV5
202608192252094868,202608192152667806,202608192152666995,85,238,Bronze INV,br_AdmissionAssessment,TASK_COMPLETE,FAILED,ERROR,6,6,1,SAMMS INV pipeline failed. Check the failed parent/child activity run details.,2026-08-19T21:53:13.467Z,2026-08-19T22:54:29.012Z,3676,2026-08-19T22:54:29.012Z,B30,KC North,2caac1da-4db4-431b-998d-21dc6fd03dce,SAMMS-KCNv5
202608192252094869,202608192152667807,202608192152666995,85,239,Bronze INV,br_AdmissionAssessment,TASK_COMPLETE,FAILED,ERROR,11,11,1,SAMMS INV pipeline failed. Check the failed parent/child activity run details.,2026-08-19T21:53:13.467Z,2026-08-19T22:54:29.012Z,3676,2026-08-19T22:54:29.012Z,B31,Dyersburg,2caac1da-4db4-431b-998d-21dc6fd03dce,SAMMS-DyersburgV5
202608192252094870,202608192152667808,202608192152666995,85,241,Bronze INV,br_AdmissionAssessment,TASK_COMPLETE,FAILED,ERROR,0,0,1,SAMMS INV pipeline failed. Check the failed parent/child activity run details.,2026-08-19T21:53:13.467Z,2026-08-19T22:54:29.012Z,3676,2026-08-19T22:54:29.012Z,B33,Paducah,2caac1da-4db4-431b-998d-21dc6fd03dce,SAMMS-Paducah
202608192252094872,202608192152667809,202608192152666995,85,242,Bronze INV,br_AdmissionAssessment,TASK_COMPLETE,FAILED,ERROR,0,0,1,SAMMS INV pipeline failed. Check the failed parent/child activity run details.,2026-08-19T21:53:13.467Z,2026-08-19T22:54:29.012Z,3676,2026-08-19T22:54:29.012Z,B34,Corbin,2caac1da-4db4-431b-998d-21dc6fd03dce,SAMMS-CorbinV5
202608192252094873,202608192152667810,202608192152666995,85,243,Bronze INV,br_AdmissionAssessment,TASK_COMPLETE,FAILED,ERROR,0,0,1,SAMMS INV pipeline failed. Check the failed parent/child activity run details.,2026-08-19T21:53:13.467Z,2026-08-19T22:54:29.012Z,3676,2026-08-19T22:54:29.012Z,B35,Lexington,2caac1da-4db4-431b-998d-21dc6fd03dce,SAMMS-LexingtonV5
202608192252094874,202608192152667811,202608192152666995,85,244,Bronze INV,br_AdmissionAssessment,TASK_COMPLETE,FAILED,ERROR,0,0,1,SAMMS INV pipeline failed. Check the failed parent/child activity run details.,2026-08-19T21:53:13.467Z,2026-08-19T22:54:29.012Z,3676,2026-08-19T22:54:29.012Z,B35A,Berea,2caac1da-4db4-431b-998d-21dc6fd03dce,SAMMS-BereaV5
202608192252094875,202608192152667812,202608192152666995,85,245,Bronze INV,br_AdmissionAssessment,TASK_COMPLETE,FAILED,ERROR,14,14,1,SAMMS INV pipeline failed. Check the failed parent/child activity run details.,2026-08-19T21:53:13.467Z,2026-08-19T22:54:29.012Z,3676,2026-08-19T22:54:29.012Z,B36,Asheville,2caac1da-4db4-431b-998d-21dc6fd03dce,SAMMS-AshevilleV5
202608192252094876,202608192152667813,202608192152666995,85,246,Bronze INV,br_AdmissionAssessment,TASK_COMPLETE,FAILED,ERROR,8,8,1,SAMMS INV pipeline failed. Check the failed parent/child activity run details.,2026-08-19T21:53:13.467Z,2026-08-19T22:54:29.012Z,3676,2026-08-19T22:54:29.012Z,B37,Clyde,2caac1da-4db4-431b-998d-21dc6fd03dce,SAMMS-ClydeV5
202608192252094877,202608192152667814,202608192152666995,85,247,Bronze INV,br_AdmissionAssessment,TASK_COMPLETE,FAILED,ERROR,15,15,1,SAMMS INV pipeline failed. Check the failed parent/child activity run details.,2026-08-19T21:53:13.467Z,2026-08-19T22:54:29.012Z,3676,2026-08-19T22:54:29.012Z,B38,Spartanburg,2caac1da-4db4-431b-998d-21dc6fd03dce,SAMMS-SpartanburgV5
202608192252094878,202608192152667815,202608192152666995,85,248,Bronze INV,br_AdmissionAssessment,TASK_COMPLETE,FAILED,ERROR,5,5,1,SAMMS INV pipeline failed. Check the failed parent/child activity run details.,2026-08-19T21:53:13.467Z,2026-08-19T22:54:29.012Z,3676,2026-08-19T22:54:29.012Z,B39,Aiken,2caac1da-4db4-431b-998d-21dc6fd03dce,SAMMS-AikenV5
202608192252094879,202608192152667816,202608192152666995,85,249,Bronze INV,br_AdmissionAssessment,TASK_COMPLETE,FAILED,ERROR,0,0,1,SAMMS INV pipeline failed. Check the failed parent/child activity run details.,2026-08-19T21:53:13.467Z,2026-08-19T22:54:29.012Z,3676,2026-08-19T22:54:29.012Z,B41,Chesapeake,2caac1da-4db4-431b-998d-21dc6fd03dce,SAMMS-ChesapeakeV5
202608192252094880,202608192152667817,202608192152666995,85,250,Bronze INV,br_AdmissionAssessment,TASK_COMPLETE,FAILED,ERROR,0,0,1,SAMMS INV pipeline failed. Check the failed parent/child activity run details.,2026-08-19T21:53:13.467Z,2026-08-19T22:54:29.012Z,3676,2026-08-19T22:54:29.012Z,B42,Virginia Beach,2caac1da-4db4-431b-998d-21dc6fd03dce,SAMMS-VirginiaBeachV5
202608192252094882,202608192152667818,202608192152666995,85,251,Bronze INV,br_AdmissionAssessment,TASK_COMPLETE,FAILED,ERROR,0,0,1,SAMMS INV pipeline failed. Check the failed parent/child activity run details.,2026-08-19T21:53:13.467Z,2026-08-19T22:54:29.012Z,3676,2026-08-19T22:54:29.012Z,B42A,Newport News,2caac1da-4db4-431b-998d-21dc6fd03dce,SAMMS-NewportNewsV5
202608192252094883,202608192152667819,202608192152666995,85,252,Bronze INV,br_AdmissionAssessment,TASK_COMPLETE,FAILED,ERROR,0,0,1,SAMMS INV pipeline failed. Check the failed parent/child activity run details.,2026-08-19T21:53:13.467Z,2026-08-19T22:54:29.012Z,3676,2026-08-19T22:54:29.012Z,B42B,Franklin,2caac1da-4db4-431b-998d-21dc6fd03dce,SAMMS-FranklinV5
202608192252094884,202608192152667820,202608192152666995,85,253,Bronze INV,br_AdmissionAssessment,TASK_COMPLETE,FAILED,ERROR,0,0,1,SAMMS INV pipeline failed. Check the failed parent/child activity run details.,2026-08-19T21:53:13.467Z,2026-08-19T22:54:29.012Z,3676,2026-08-19T22:54:29.012Z,B42C,Glen Allen,2caac1da-4db4-431b-998d-21dc6fd03dce,SAMMS-GlenAllenV5
202608192252094885,202608192152667821,202608192152666995,85,254,Bronze INV,br_AdmissionAssessment,TASK_COMPLETE,FAILED,ERROR,1,1,1,SAMMS INV pipeline failed. Check the failed parent/child activity run details.,2026-08-19T21:53:13.467Z,2026-08-19T22:54:29.012Z,3676,2026-08-19T22:54:29.012Z,B42D,Chesapeake South,2caac1da-4db4-431b-998d-21dc6fd03dce,SAMMS-ChesapeakeSouthV5
202608192252094886,202608192152667822,202608192152666995,85,255,Bronze INV,br_AdmissionAssessment,TASK_COMPLETE,FAILED,ERROR,6,6,1,SAMMS INV pipeline failed. Check the failed parent/child activity run details.,2026-08-19T21:53:13.467Z,2026-08-19T22:54:29.012Z,3676,2026-08-19T22:54:29.012Z,B44,Albany,2caac1da-4db4-431b-998d-21dc6fd03dce,SAMMS-AlbanyV5
202608192252094887,202608192152667823,202608192152666995,85,256,Bronze INV,br_AdmissionAssessment,TASK_COMPLETE,FAILED,ERROR,9,9,1,SAMMS INV pipeline failed. Check the failed parent/child activity run details.,2026-08-19T21:53:13.467Z,2026-08-19T22:54:29.012Z,3676,2026-08-19T22:54:29.012Z,B45,Tifton,2caac1da-4db4-431b-998d-21dc6fd03dce,SAMMS-TiftonV5
202608192252094888,202608192152667824,202608192152666995,85,257,Bronze INV,br_AdmissionAssessment,TASK_COMPLETE,FAILED,ERROR,36,36,1,SAMMS INV pipeline failed. Check the failed parent/child activity run details.,2026-08-19T21:53:13.467Z,2026-08-19T22:54:29.012Z,3676,2026-08-19T22:54:29.012Z,B46,Washington DC,2caac1da-4db4-431b-998d-21dc6fd03dce,SAMMS-WashingtonDCv5
202608192252094889,202608192152667825,202608192152666995,85,258,Bronze INV,br_AdmissionAssessment,TASK_COMPLETE,FAILED,ERROR,5,5,1,SAMMS INV pipeline failed. Check the failed parent/child activity run details.,2026-08-19T21:53:13.467Z,2026-08-19T22:54:29.012Z,3676,2026-08-19T22:54:29.012Z,B47,Mobile,2caac1da-4db4-431b-998d-21dc6fd03dce,SAMMS-MobileV5
202608192252094891,202608192152667826,202608192152666995,85,259,Bronze INV,br_AdmissionAssessment,TASK_COMPLETE,FAILED,ERROR,14,14,1,SAMMS INV pipeline failed. Check the failed parent/child activity run details.,2026-08-19T21:53:13.467Z,2026-08-19T22:54:29.012Z,3676,2026-08-19T22:54:29.012Z,B48,Tuscaloosa,2caac1da-4db4-431b-998d-21dc6fd03dce,SAMMS-TuscaloosaV5
202608192252094892,202608192152667827,202608192152666995,85,268,Bronze INV,br_AdmissionAssessment,TASK_COMPLETE,FAILED,ERROR,9,9,1,SAMMS INV pipeline failed. Check the failed parent/child activity run details.,2026-08-19T21:53:13.467Z,2026-08-19T22:54:29.012Z,3676,2026-08-19T22:54:29.012Z,B51,N. Little Rock (OTP),2caac1da-4db4-431b-998d-21dc6fd03dce,SAMMS-NorthLittleRockV6
202608192252094893,202608192152667828,202608192152666995,85,269,Bronze INV,br_AdmissionAssessment,TASK_COMPLETE,FAILED,ERROR,8,8,1,SAMMS INV pipeline failed. Check the failed parent/child activity run details.,2026-08-19T21:53:13.467Z,2026-08-19T22:54:29.012Z,3676,2026-08-19T22:54:29.012Z,B52,Jackson GA,2caac1da-4db4-431b-998d-21dc6fd03dce,SAMMS-JacksonGAV5
202608192252094894,202608192152667829,202608192152666995,85,270,Bronze INV,br_AdmissionAssessment,TASK_COMPLETE,FAILED,ERROR,24,24,1,SAMMS INV pipeline failed. Check the failed parent/child activity run details.,2026-08-19T21:53:13.467Z,2026-08-19T22:54:29.012Z,3676,2026-08-19T22:54:29.012Z,B54,Gadsden,2caac1da-4db4-431b-998d-21dc6fd03dce,SAMMS-GadsdenV5
202608192252094895,202608192152667830,202608192152666995,85,271,Bronze INV,br_AdmissionAssessment,TASK_COMPLETE,FAILED,ERROR,12,12,1,SAMMS INV pipeline failed. Check the failed parent/child activity run details.,2026-08-19T21:53:13.467Z,2026-08-19T22:54:29.012Z,3676,2026-08-19T22:54:29.012Z,B55,Shoals,2caac1da-4db4-431b-998d-21dc6fd03dce,SAMMS-ShoalsV5
202608192252094896,202608192152667831,202608192152666995,85,272,Bronze INV,br_AdmissionAssessment,TASK_COMPLETE,FAILED,ERROR,1,1,1,SAMMS INV pipeline failed. Check the failed parent/child activity run details.,2026-08-19T21:53:13.467Z,2026-08-19T22:54:29.012Z,3676,2026-08-19T22:54:29.012Z,B57,Pawtucket,2caac1da-4db4-431b-998d-21dc6fd03dce,SAMMS-Pawtucket
202608192252094897,202608192152667832,202608192152666995,85,273,Bronze INV,br_AdmissionAssessment,TASK_COMPLETE,FAILED,ERROR,5,5,1,SAMMS INV pipeline failed. Check the failed parent/child activity run details.,2026-08-19T21:53:13.467Z,2026-08-19T22:54:29.012Z,3676,2026-08-19T22:54:29.012Z,B57A,Johnston,2caac1da-4db4-431b-998d-21dc6fd03dce,SAMMS-Johnston
202608192252094898,202608192152667833,202608192152666995,85,274,Bronze INV,br_AdmissionAssessment,TASK_COMPLETE,FAILED,ERROR,3,3,1,SAMMS INV pipeline failed. Check the failed parent/child activity run details.,2026-08-19T21:53:13.467Z,2026-08-19T22:54:29.012Z,3676,2026-08-19T22:54:29.012Z,B57B,Middletown,2caac1da-4db4-431b-998d-21dc6fd03dce,SAMMS-Middletown
202608192252094900,202608192152667834,202608192152666995,85,275,Bronze INV,br_AdmissionAssessment,TASK_COMPLETE,FAILED,ERROR,5,5,1,SAMMS INV pipeline failed. Check the failed parent/child activity run details.,2026-08-19T21:53:13.467Z,2026-08-19T22:54:29.012Z,3676,2026-08-19T22:54:29.012Z,B57C,Providence,2caac1da-4db4-431b-998d-21dc6fd03dce,SAMMS-Providence
202608192252094901,202608192152667835,202608192152666995,85,276,Bronze INV,br_AdmissionAssessment,TASK_COMPLETE,FAILED,ERROR,1,1,1,SAMMS INV pipeline failed. Check the failed parent/child activity run details.,2026-08-19T21:53:13.467Z,2026-08-19T22:54:29.012Z,3676,2026-08-19T22:54:29.012Z,B57D,Westerly,2caac1da-4db4-431b-998d-21dc6fd03dce,SAMMS-Westerly
202608192252094902,202608192152667836,202608192152666995,85,280,Bronze INV,br_AdmissionAssessment,TASK_COMPLETE,FAILED,ERROR,4,4,1,SAMMS INV pipeline failed. Check the failed parent/child activity run details.,2026-08-19T21:53:13.467Z,2026-08-19T22:54:29.012Z,3676,2026-08-19T22:54:29.012Z,B66A,Bremen,2caac1da-4db4-431b-998d-21dc6fd03dce,SAMMS-Bremen
202608192252094903,202608192152667837,202608192152666995,85,283,Bronze INV,br_AdmissionAssessment,TASK_COMPLETE,FAILED,ERROR,0,0,1,SAMMS INV pipeline failed. Check the failed parent/child activity run details.,2026-08-19T21:53:13.467Z,2026-08-19T22:54:29.012Z,3676,2026-08-19T22:54:29.012Z,B72,Mobile (OBOT),2caac1da-4db4-431b-998d-21dc6fd03dce,SAMMS-Mobile-OBOT
202608192252094904,202608192152667838,202608192152666995,85,284,Bronze INV,br_AdmissionAssessment,TASK_COMPLETE,FAILED,ERROR,0,0,1,SAMMS INV pipeline failed. Check the failed parent/child activity run details.,2026-08-19T21:53:13.467Z,2026-08-19T22:54:29.012Z,3676,2026-08-19T22:54:29.012Z,B73,Montgomery,2caac1da-4db4-431b-998d-21dc6fd03dce,SAMMS-Montgomery
202608192252094905,202608192152667839,202608192152666995,85,285,Bronze INV,br_AdmissionAssessment,TASK_COMPLETE,FAILED,ERROR,11,11,1,SAMMS INV pipeline failed. Check the failed parent/child activity run details.,2026-08-19T21:53:13.467Z,2026-08-19T22:54:29.012Z,3676,2026-08-19T22:54:29.012Z,B75,Lawrence,2caac1da-4db4-431b-998d-21dc6fd03dce,SAMMS-LawrenceV6
202608192252094906,202608192152667840,202608192152666995,85,286,Bronze INV,br_AdmissionAssessment,TASK_COMPLETE,FAILED,ERROR,4,4,1,SAMMS INV pipeline failed. Check the failed parent/child activity run details.,2026-08-19T21:53:13.467Z,2026-08-19T22:54:29.012Z,3676,2026-08-19T22:54:29.012Z,B76,Huntsville OBOT,2caac1da-4db4-431b-998d-21dc6fd03dce,SAMMS-Huntsville-OBOT
202608192252094907,202608192152667841,202608192152666995,85,287,Bronze INV,br_AdmissionAssessment,TASK_COMPLETE,FAILED,ERROR,6,6,1,SAMMS INV pipeline failed. Check the failed parent/child activity run details.,2026-08-19T21:53:13.467Z,2026-08-19T22:54:29.012Z,3676,2026-08-19T22:54:29.012Z,BAT,Batesville,2caac1da-4db4-431b-998d-21dc6fd03dce,SAMMS-Batesville
202608192252094908,202608192152667842,202608192152666995,85,288,Bronze INV,br_AdmissionAssessment,TASK_COMPLETE,FAILED,ERROR,0,0,1,SAMMS INV pipeline failed. Check the failed parent/child activity run details.,2026-08-19T21:53:13.467Z,2026-08-19T22:54:29.012Z,3676,2026-08-19T22:54:29.012Z,BG,Bowling Green,2caac1da-4db4-431b-998d-21dc6fd03dce,SAMMS-BowlingGreen
202608192252094910,202608192152667843,202608192152666995,85,289,Bronze INV,br_AdmissionAssessment,TASK_COMPLETE,FAILED,ERROR,5,5,1,SAMMS INV pipeline failed. Check the failed parent/child activity run details.,2026-08-19T21:53:13.467Z,2026-08-19T22:54:29.012Z,3676,2026-08-19T22:54:29.012Z,BOI,Boise,2caac1da-4db4-431b-998d-21dc6fd03dce,SAMMS-Boise
202608192252094911,202608192152667844,202608192152666995,85,296,Bronze INV,br_AdmissionAssessment,TASK_COMPLETE,FAILED,ERROR,5,5,1,SAMMS INV pipeline failed. Check the failed parent/child activity run details.,2026-08-19T21:53:13.467Z,2026-08-19T22:54:29.012Z,3676,2026-08-19T22:54:29.012Z,CBCO,Coeur dAlene,2caac1da-4db4-431b-998d-21dc6fd03dce,SAMMS-CoeurdAleneV6
202608192252094912,202608192152667845,202608192152666995,85,315,Bronze INV,br_AdmissionAssessment,TASK_COMPLETE,FAILED,ERROR,9,9,1,SAMMS INV pipeline failed. Check the failed parent/child activity run details.,2026-08-19T21:53:13.467Z,2026-08-19T22:54:29.012Z,3676,2026-08-19T22:54:29.012Z,CON,Conway,2caac1da-4db4-431b-998d-21dc6fd03dce,SAMMS-Conway
202608192252094913,202608192152667846,202608192152666995,85,316,Bronze INV,br_AdmissionAssessment,TASK_COMPLETE,FAILED,ERROR,12,12,1,SAMMS INV pipeline failed. Check the failed parent/child activity run details.,2026-08-19T21:53:13.467Z,2026-08-19T22:54:29.012Z,3676,2026-08-19T22:54:29.012Z,D07,Medical Services Knox TN,2caac1da-4db4-431b-998d-21dc6fd03dce,SAMMS-KnoxvilleV6
202608192252094914,202608192152667847,202608192152666995,85,317,Bronze INV,br_AdmissionAssessment,TASK_COMPLETE,FAILED,ERROR,17,17,1,SAMMS INV pipeline failed. Check the failed parent/child activity run details.,2026-08-19T21:53:13.467Z,2026-08-19T22:54:29.012Z,3676,2026-08-19T22:54:29.012Z,D08,Madison,2caac1da-4db4-431b-998d-21dc6fd03dce,SAMMS-MadisonV6
202608192252094915,202608192152667848,202608192152666995,85,319,Bronze INV,br_AdmissionAssessment,TASK_COMPLETE,FAILED,ERROR,14,14,1,SAMMS INV pipeline failed. Check the failed parent/child activity run details.,2026-08-19T21:53:13.467Z,2026-08-19T22:54:29.012Z,3676,2026-08-19T22:54:29.012Z,D09,Murfreesboro,2caac1da-4db4-431b-998d-21dc6fd03dce,SAMMS-MurfreesboroV6
202608192252094916,202608192152667849,202608192152666995,85,320,Bronze INV,br_AdmissionAssessment,TASK_COMPLETE,FAILED,ERROR,5,5,1,SAMMS INV pipeline failed. Check the failed parent/child activity run details.,2026-08-19T21:53:13.467Z,2026-08-19T22:54:29.012Z,3676,2026-08-19T22:54:29.012Z,DA,Davenport,2caac1da-4db4-431b-998d-21dc6fd03dce,SAMMS-Davenport
202608192252094917,202608192152667850,202608192152666995,85,321,Bronze INV,br_AdmissionAssessment,TASK_COMPLETE,FAILED,ERROR,12,12,1,SAMMS INV pipeline failed. Check the failed parent/child activity run details.,2026-08-19T21:53:13.467Z,2026-08-19T22:54:29.012Z,3676,2026-08-19T22:54:29.012Z,DM,Des Moines,2caac1da-4db4-431b-998d-21dc6fd03dce,SAMMS-DesMoines
202608192252094918,202608192152667851,202608192152666995,85,323,Bronze INV,br_AdmissionAssessment,TASK_COMPLETE,FAILED,ERROR,17,17,1,SAMMS INV pipeline failed. Check the failed parent/child activity run details.,2026-08-19T21:53:13.467Z,2026-08-19T22:54:29.012Z,3676,2026-08-19T22:54:29.012Z,DRD-CO,Columbia MO,2caac1da-4db4-431b-998d-21dc6fd03dce,SAMMS-ColumbiaV5
202608192252094920,202608192152667852,202608192152666995,85,324,Bronze INV,br_AdmissionAssessment,TASK_COMPLETE,FAILED,ERROR,16,16,1,SAMMS INV pipeline failed. Check the failed parent/child activity run details.,2026-08-19T21:53:13.467Z,2026-08-19T22:54:29.012Z,3676,2026-08-19T22:54:29.012Z,DRD-KC,KC,2caac1da-4db4-431b-998d-21dc6fd03dce,SAMMS-KCv5
202608192252094921,202608192152667853,202608192152666995,85,325,Bronze INV,br_AdmissionAssessment,TASK_COMPLETE,FAILED,ERROR,5,5,1,SAMMS INV pipeline failed. Check the failed parent/child activity run details.,2026-08-19T21:53:13.467Z,2026-08-19T22:54:29.012Z,3676,2026-08-19T22:54:29.012Z,DRD-KVB,KVB,2caac1da-4db4-431b-998d-21dc6fd03dce,SAMMS-KVBv5
202608192252094922,202608192152667854,202608192152666995,85,326,Bronze INV,br_AdmissionAssessment,TASK_COMPLETE,FAILED,ERROR,31,31,1,SAMMS INV pipeline failed. Check the failed parent/child activity run details.,2026-08-19T21:53:13.467Z,2026-08-19T22:54:29.012Z,3676,2026-08-19T22:54:29.012Z,DRD-KVC,KVC,2caac1da-4db4-431b-998d-21dc6fd03dce,SAMMS-KVCv5
202608192252096695,202608192152667275,202608192152666995,85,2709,Bronze INV,br_LiquidLog,TASK_COMPLETE,FAILED,ERROR,4800,4800,1,SAMMS INV pipeline failed. Check the failed parent/child activity run details.,2026-08-19T21:53:13.467Z,2026-08-19T22:54:29.012Z,3676,2026-08-19T22:54:29.012Z,D08,Madison,2caac1da-4db4-431b-998d-21dc6fd03dce,SAMMS-MadisonV6
202608192252096696,202608192152667276,202608192152666995,85,2711,Bronze INV,br_LiquidLog,TASK_COMPLETE,FAILED,ERROR,8319,8319,1,SAMMS INV pipeline failed. Check the failed parent/child activity run details.,2026-08-19T21:53:13.467Z,2026-08-19T22:54:29.012Z,3676,2026-08-19T22:54:29.012Z,D09,Murfreesboro,2caac1da-4db4-431b-998d-21dc6fd03dce,SAMMS-MurfreesboroV6
202608192252096697,202608192152667277,202608192152666995,85,2712,Bronze INV,br_LiquidLog,TASK_COMPLETE,FAILED,ERROR,3788,3788,1,SAMMS INV pipeline failed. Check the failed parent/child activity run details.,2026-08-19T21:53:13.467Z,2026-08-19T22:54:29.012Z,3676,2026-08-19T22:54:29.012Z,DA,Davenport,2caac1da-4db4-431b-998d-21dc6fd03dce,SAMMS-Davenport
202608192252096698,202608192152667278,202608192152666995,85,2713,Bronze INV,br_LiquidLog,TASK_COMPLETE,FAILED,ERROR,3894,3894,1,SAMMS INV pipeline failed. Check the failed parent/child activity run details.,2026-08-19T21:53:13.467Z,2026-08-19T22:54:29.012Z,3676,2026-08-19T22:54:29.012Z,DM,Des Moines,2caac1da-4db4-431b-998d-21dc6fd03dce,SAMMS-DesMoines
202608192252096699,202608192152667279,202608192152666995,85,2715,Bronze INV,br_LiquidLog,TASK_COMPLETE,FAILED,ERROR,9359,9359,1,SAMMS INV pipeline failed. Check the failed parent/child activity run details.,2026-08-19T21:53:13.467Z,2026-08-19T22:54:29.012Z,3676,2026-08-19T22:54:29.012Z,DRD-CO,Columbia MO,2caac1da-4db4-431b-998d-21dc6fd03dce,SAMMS-ColumbiaV5
202608192252096701,202608192152667280,202608192152666995,85,2716,Bronze INV,br_LiquidLog,TASK_COMPLETE,FAILED,ERROR,8959,8959,1,SAMMS INV pipeline failed. Check the failed parent/child activity run details.,2026-08-19T21:53:13.467Z,2026-08-19T22:54:29.012Z,3676,2026-08-19T22:54:29.012Z,DRD-KC,KC,2caac1da-4db4-431b-998d-21dc6fd03dce,SAMMS-KCv5
202608192252096702,202608192152667281,202608192152666995,85,2717,Bronze INV,br_LiquidLog,TASK_COMPLETE,FAILED,ERROR,28337,28337,1,SAMMS INV pipeline failed. Check the failed parent/child activity run details.,2026-08-19T21:53:13.467Z,2026-08-19T22:54:29.012Z,3676,2026-08-19T22:54:29.012Z,DRD-KVB,KVB,2caac1da-4db4-431b-998d-21dc6fd03dce,SAMMS-KVBv5
202608192252096703,202608192152667282,202608192152666995,85,2718,Bronze INV,br_LiquidLog,TASK_COMPLETE,FAILED,ERROR,28720,28720,1,SAMMS INV pipeline failed. Check the failed parent/child activity run details.,2026-08-19T21:53:13.467Z,2026-08-19T22:54:29.012Z,3676,2026-08-19T22:54:29.012Z,DRD-KVC,KVC,2caac1da-4db4-431b-998d-21dc6fd03dce,SAMMS-KVCv5
202608192252096704,202608192152667283,202608192152666995,85,2719,Bronze INV,br_LiquidLog,TASK_COMPLETE,FAILED,ERROR,27771,27771,1,SAMMS INV pipeline failed. Check the failed parent/child activity run details.,2026-08-19T21:53:13.467Z,2026-08-19T22:54:29.012Z,3676,2026-08-19T22:54:29.012Z,DRD-NOLA,NOLA,2caac1da-4db4-431b-998d-21dc6fd03dce,SAMMS-NOLAv5
202608192252096705,202608192152667284,202608192152666995,85,2720,Bronze INV,br_LiquidLog,TASK_COMPLETE,FAILED,ERROR,12786,12786,1,SAMMS INV pipeline failed. Check the failed parent/child activity run details.,2026-08-19T21:53:13.467Z,2026-08-19T22:54:29.012Z,3676,2026-08-19T22:54:29.012Z,DRD-SF,Springfield,2caac1da-4db4-431b-998d-21dc6fd03dce,SAMMS-SFv5
202608192252096706,202608192152667285,202608192152666995,85,2722,Bronze INV,br_LiquidLog,TASK_COMPLETE,FAILED,ERROR,4665,4665,1,SAMMS INV pipeline failed. Check the failed parent/child activity run details.,2026-08-19T21:53:13.467Z,2026-08-19T22:54:29.012Z,3676,2026-08-19T22:54:29.012Z,ELC,Elizabeth City,2caac1da-4db4-431b-998d-21dc6fd03dce,SAMMS-ElizabethCity
202608192252096707,202608192152667286,202608192152666995,85,2723,Bronze INV,br_LiquidLog,TASK_COMPLETE,FAILED,ERROR,5338,5338,1,SAMMS INV pipeline failed. Check the failed parent/child activity run details.,2026-08-19T21:53:13.467Z,2026-08-19T22:54:29.012Z,3676,2026-08-19T22:54:29.012Z,ET,Elizabethtown,2caac1da-4db4-431b-998d-21dc6fd03dce,SAMMS-Elizabethtown
202608192252096709,202608192152667287,202608192152666995,85,2724,Bronze INV,br_LiquidLog,TASK_COMPLETE,FAILED,ERROR,0,0,1,SAMMS INV pipeline failed. Check the failed parent/child activity run details.,2026-08-19T21:53:13.467Z,2026-08-19T22:54:29.012Z,3676,2026-08-19T22:54:29.012Z,FAY,Fayetteville,2caac1da-4db4-431b-998d-21dc6fd03dce,SAMMS-Fayetteville
202608192252096710,202608192152667288,202608192152666995,85,2725,Bronze INV,br_LiquidLog,TASK_COMPLETE,FAILED,ERROR,5516,5516,1,SAMMS INV pipeline failed. Check the failed parent/child activity run details.,2026-08-19T21:53:13.467Z,2026-08-19T22:54:29.012Z,3676,2026-08-19T22:54:29.012Z,FR,Frankfort,2caac1da-4db4-431b-998d-21dc6fd03dce,SAMMS-Frankfort
202608192252096711,202608192152667289,202608192152666995,85,2726,Bronze INV,br_LiquidLog,TASK_COMPLETE,FAILED,ERROR,0,0,1,SAMMS INV pipeline failed. Check the failed parent/child activity run details.,2026-08-19T21:53:13.467Z,2026-08-19T22:54:29.012Z,3676,2026-08-19T22:54:29.012Z,FS,Fort Smith,2caac1da-4db4-431b-998d-21dc6fd03dce,SAMMS-FortSmith
202608192252096712,202608192152667290,202608192152666995,85,2727,Bronze INV,br_LiquidLog,TASK_COMPLETE,FAILED,ERROR,11188,11188,1,SAMMS INV pipeline failed. Check the failed parent/child activity run details.,2026-08-19T21:53:13.467Z,2026-08-19T22:54:29.012Z,3676,2026-08-19T22:54:29.012Z,FW,Fort Wayne,2caac1da-4db4-431b-998d-21dc6fd03dce,SAMMS-FortWayne
202608192252096713,202608192152667291,202608192152666995,85,2728,Bronze INV,br_LiquidLog,TASK_COMPLETE,FAILED,ERROR,4370,4370,1,SAMMS INV pipeline failed. Check the failed parent/child activity run details.,2026-08-19T21:53:13.467Z,2026-08-19T22:54:29.012Z,3676,2026-08-19T22:54:29.012Z,GAL,Gaylord,2caac1da-4db4-431b-998d-21dc6fd03dce,SAMMS-Gaylord
202608192252096714,202608192152667292,202608192152666995,85,2732,Bronze INV,br_LiquidLog,TASK_COMPLETE,FAILED,ERROR,9858,9858,1,SAMMS INV pipeline failed. Check the failed parent/child activity run details.,2026-08-19T21:53:13.467Z,2026-08-19T22:54:29.012Z,3676,2026-08-19T22:54:29.012Z,HGT,Hagerstown,2caac1da-4db4-431b-998d-21dc6fd03dce,SAMMS-Hagerstown
202608192252096716,202608192152667293,202608192152666995,85,2733,Bronze INV,br_LiquidLog,TASK_COMPLETE,FAILED,ERROR,9132,9132,1,SAMMS INV pipeline failed. Check the failed parent/child activity run details.,2026-08-19T21:53:13.467Z,2026-08-19T22:54:29.012Z,3676,2026-08-19T22:54:29.012Z,HNT,Huntsville,2caac1da-4db4-431b-998d-21dc6fd03dce,SAMMS-Huntsville
202608192252096717,202608192152667294,202608192152666995,85,2734,Bronze INV,br_LiquidLog,TASK_COMPLETE,FAILED,ERROR,0,0,1,SAMMS INV pipeline failed. Check the failed parent/child activity run details.,2026-08-19T21:53:13.467Z,2026-08-19T22:54:29.012Z,3676,2026-08-19T22:54:29.012Z,HS,Hot Springs,2caac1da-4db4-431b-998d-21dc6fd03dce,SAMMS-HotSprings
202608192252096718,202608192152667295,202608192152666995,85,2735,Bronze INV,br_LiquidLog,TASK_COMPLETE,FAILED,ERROR,0,0,1,SAMMS INV pipeline failed. Check the failed parent/child activity run details.,2026-08-19T21:53:13.467Z,2026-08-19T22:54:29.012Z,3676,2026-08-19T22:54:29.012Z,JON,Jonesboro,2caac1da-4db4-431b-998d-21dc6fd03dce,SAMMS-Jonesboro
202608192252096719,202608192152667296,202608192152666995,85,2737,Bronze INV,br_LiquidLog,TASK_COMPLETE,FAILED,ERROR,4007,4007,1,SAMMS INV pipeline failed. Check the failed parent/child activity run details.,2026-08-19T21:53:13.467Z,2026-08-19T22:54:29.012Z,3676,2026-08-19T22:54:29.012Z,LAN,Lansing,2caac1da-4db4-431b-998d-21dc6fd03dce,SAMMS-Lansing
202608192252096720,202608192152667297,202608192152666995,85,2738,Bronze INV,br_LiquidLog,TASK_COMPLETE,FAILED,ERROR,12391,12391,1,SAMMS INV pipeline failed. Check the failed parent/child activity run details.,2026-08-19T21:53:13.467Z,2026-08-19T22:54:29.012Z,3676,2026-08-19T22:54:29.012Z,LO,Louisville,2caac1da-4db4-431b-998d-21dc6fd03dce,SAMMS-Louisville
202608192252096721,202608192152667298,202608192152666995,85,2739,Bronze INV,br_LiquidLog,TASK_COMPLETE,FAILED,ERROR,6606,6606,1,SAMMS INV pipeline failed. Check the failed parent/child activity run details.,2026-08-19T21:53:13.467Z,2026-08-19T22:54:29.012Z,3676,2026-08-19T22:54:29.012Z,LV1,Cheyenne,2caac1da-4db4-431b-998d-21dc6fd03dce,SAMMS-Cheyenne
202608192252096722,202608192152667299,202608192152666995,85,2740,Bronze INV,br_LiquidLog,TASK_COMPLETE,FAILED,ERROR,6405,6405,1,SAMMS INV pipeline failed. Check the failed parent/child activity run details.,2026-08-19T21:53:13.467Z,2026-08-19T22:54:29.012Z,3676,2026-08-19T22:54:29.012Z,LV2,Desert Inn,2caac1da-4db4-431b-998d-21dc6fd03dce,SAMMS-DesertInn
202608192252096724,202608192152667300,202608192152666995,85,2741,Bronze INV,br_LiquidLog,TASK_COMPLETE,FAILED,ERROR,3312,3312,1,SAMMS INV pipeline failed. Check the failed parent/child activity run details.,2026-08-19T21:53:13.467Z,2026-08-19T22:54:29.012Z,3676,2026-08-19T22:54:29.012Z,LV3,McDaniel,2caac1da-4db4-431b-998d-21dc6fd03dce,SAMMS-McDaniel
202608192252096725,202608192152667301,202608192152666995,85,2744,Bronze INV,br_LiquidLog,TASK_COMPLETE,FAILED,ERROR,3533,3533,1,SAMMS INV pipeline failed. Check the failed parent/child activity run details.,2026-08-19T21:53:13.467Z,2026-08-19T22:54:29.012Z,3676,2026-08-19T22:54:29.012Z,MNRE,Monroe,2caac1da-4db4-431b-998d-21dc6fd03dce,SAMMS-Monroe
202608192252096726,202608192152667302,202608192152666995,85,2745,Bronze INV,br_LiquidLog,TASK_COMPLETE,FAILED,ERROR,8240,8240,1,SAMMS INV pipeline failed. Check the failed parent/child activity run details.,2026-08-19T21:53:13.467Z,2026-08-19T22:54:29.012Z,3676,2026-08-19T22:54:29.012Z,MP,Mt. Pleasant,2caac1da-4db4-431b-998d-21dc6fd03dce,SAMMS-MtPleasant
202608192252096727,202608192152667303,202608192152666995,85,2746,Bronze INV,br_LiquidLog,TASK_COMPLETE,FAILED,ERROR,2611,2611,1,SAMMS INV pipeline failed. Check the failed parent/child activity run details.,2026-08-19T21:53:13.467Z,2026-08-19T22:54:29.012Z,3676,2026-08-19T22:54:29.012Z,MRD,Meridian,2caac1da-4db4-431b-998d-21dc6fd03dce,SAMMS-Meridian
202608192252096728,202608192152667304,202608192152666995,85,2751,Bronze INV,br_LiquidLog,TASK_COMPLETE,FAILED,ERROR,6300,6300,1,SAMMS INV pipeline failed. Check the failed parent/child activity run details.,2026-08-19T21:53:13.467Z,2026-08-19T22:54:29.012Z,3676,2026-08-19T22:54:29.012Z,NC,North Charleston,2caac1da-4db4-431b-998d-21dc6fd03dce,SAMMS-NorthCharleston
202608192252096730,202608192152667305,202608192152666995,85,2752,Bronze INV,br_LiquidLog,TASK_COMPLETE,FAILED,ERROR,0,0,1,SAMMS INV pipeline failed. Check the failed parent/child activity run details.,2026-08-19T21:53:13.467Z,2026-08-19T22:54:29.012Z,3676,2026-08-19T22:54:29.012Z,NLR,N. Little Rock,2caac1da-4db4-431b-998d-21dc6fd03dce,SAMMS-NLROBOT
202608192252096731,202608192152667306,202608192152666995,85,2753,Bronze INV,br_LiquidLog,TASK_COMPLETE,FAILED,ERROR,0,0,1,SAMMS INV pipeline failed. Check the failed parent/child activity run details.,2026-08-19T21:53:13.467Z,2026-08-19T22:54:29.012Z,3676,2026-08-19T22:54:29.012Z,PH,Phoenix,2caac1da-4db4-431b-998d-21dc6fd03dce,SAMMS-Phoenix
202608192252096732,202608192152667307,202608192152666995,85,2757,Bronze INV,br_LiquidLog,TASK_COMPLETE,FAILED,ERROR,5354,5354,1,SAMMS INV pipeline failed. Check the failed parent/child activity run details.,2026-08-19T21:53:13.467Z,2026-08-19T22:54:29.012Z,3676,2026-08-19T22:54:29.012Z,RE,Reno,2caac1da-4db4-431b-998d-21dc6fd03dce,SAMMS-Reno
202608192252096733,202608192152667308,202608192152666995,85,2758,Bronze INV,br_LiquidLog,TASK_COMPLETE,FAILED,ERROR,7167,7167,1,SAMMS INV pipeline failed. Check the failed parent/child activity run details.,2026-08-19T21:53:13.467Z,2026-08-19T22:54:29.012Z,3676,2026-08-19T22:54:29.012Z,RMD,Richmond,2caac1da-4db4-431b-998d-21dc6fd03dce,SAMMS-Richmond
202608192252096734,202608192152667309,202608192152666995,85,2759,Bronze INV,br_LiquidLog,TASK_COMPLETE,FAILED,ERROR,10123,10123,1,SAMMS INV pipeline failed. Check the failed parent/child activity run details.,2026-08-19T21:53:13.467Z,2026-08-19T22:54:29.012Z,3676,2026-08-19T22:54:29.012Z,SFN,Springfield North,2caac1da-4db4-431b-998d-21dc6fd03dce,SAMMS-SFNv5
202608192252096735,202608192152667310,202608192152666995,85,2760,Bronze INV,br_LiquidLog,TASK_COMPLETE,FAILED,ERROR,10717,10717,1,SAMMS INV pipeline failed. Check the failed parent/child activity run details.,2026-08-19T21:53:13.467Z,2026-08-19T22:54:29.012Z,3676,2026-08-19T22:54:29.012Z,SHP,Shreveport,2caac1da-4db4-431b-998d-21dc6fd03dce,SAMMS-Shreveport
202608192252096736,202608192152667311,202608192152666995,85,2762,Bronze INV,br_LiquidLog,TASK_COMPLETE,FAILED,ERROR,2835,2835,1,SAMMS INV pipeline failed. Check the failed parent/child activity run details.,2026-08-19T21:53:13.467Z,2026-08-19T22:54:29.012Z,3676,2026-08-19T22:54:29.012Z,STN,Staunton,2caac1da-4db4-431b-998d-21dc6fd03dce,SAMMS-Staunton
202608192252096738,202608192152667312,202608192152666995,85,2763,Bronze INV,br_LiquidLog,TASK_COMPLETE,FAILED,ERROR,1519,1519,1,SAMMS INV pipeline failed. Check the failed parent/child activity run details.,2026-08-19T21:53:13.467Z,2026-08-19T22:54:29.012Z,3676,2026-08-19T22:54:29.012Z,STVN,Stevenson,2caac1da-4db4-431b-998d-21dc6fd03dce,SAMMS-Stevenson
202608192252096739,202608192152667313,202608192152666995,85,2765,Bronze INV,br_LiquidLog,TASK_COMPLETE,FAILED,ERROR,0,0,1,SAMMS INV pipeline failed. Check the failed parent/child activity run details.,2026-08-19T21:53:13.467Z,2026-08-19T22:54:29.012Z,3676,2026-08-19T22:54:29.012Z,TE,Tempe,2caac1da-4db4-431b-998d-21dc6fd03dce,SAMMS-Tempe
202608192252096740,202608192152667314,202608192152666995,85,2766,Bronze INV,br_LiquidLog,TASK_COMPLETE,FAILED,ERROR,0,0,1,SAMMS INV pipeline failed. Check the failed parent/child activity run details.,2026-08-19T21:53:13.467Z,2026-08-19T22:54:29.012Z,3676,2026-08-19T22:54:29.012Z,TEX,Texarkana,2caac1da-4db4-431b-998d-21dc6fd03dce,SAMMS-Texarkana
202608192252096741,202608192152667315,202608192152666995,85,2767,Bronze INV,br_LiquidLog,TASK_COMPLETE,FAILED,ERROR,15004,15004,1,SAMMS INV pipeline failed. Check the failed parent/child activity run details.,2026-08-19T21:53:13.467Z,2026-08-19T22:54:29.012Z,3676,2026-08-19T22:54:29.012Z,TTCA,Bessemer,2caac1da-4db4-431b-998d-21dc6fd03dce,SAMMS-BessemerV5
202608192252096742,202608192152667316,202608192152666995,85,2768,Bronze INV,br_LiquidLog,TASK_COMPLETE,FAILED,ERROR,5994,5994,1,SAMMS INV pipeline failed. Check the failed parent/child activity run details.,2026-08-19T21:53:13.467Z,2026-08-19T22:54:29.012Z,3676,2026-08-19T22:54:29.012Z,TTCB,Cullman,2caac1da-4db4-431b-998d-21dc6fd03dce,SAMMS-CullmanV5
202608192252096743,202608192152667317,202608192152666995,85,2769,Bronze INV,br_LiquidLog,TASK_COMPLETE,FAILED,ERROR,11713,11713,1,SAMMS INV pipeline failed. Check the failed parent/child activity run details.,2026-08-19T21:53:13.467Z,2026-08-19T22:54:29.012Z,3676,2026-08-19T22:54:29.012Z,TTCC,Grand Bay,2caac1da-4db4-431b-998d-21dc6fd03dce,SAMMS-GrandBay
202608192252096745,202608192152667318,202608192152666995,85,2770,Bronze INV,br_LiquidLog,TASK_COMPLETE,FAILED,ERROR,0,0,1,SAMMS INV pipeline failed. Check the failed parent/child activity run details.,2026-08-19T21:53:13.467Z,2026-08-19T22:54:29.012Z,3676,2026-08-19T22:54:29.012Z,TU,Tucson,2caac1da-4db4-431b-998d-21dc6fd03dce,SAMMS-Tucson
202608192252096746,202608192152667319,202608192152666995,85,2772,Bronze INV,br_LiquidLog,TASK_COMPLETE,FAILED,ERROR,7048,7048,1,SAMMS INV pipeline failed. Check the failed parent/child activity run details.,2026-08-19T21:53:13.467Z,2026-08-19T22:54:29.012Z,3676,2026-08-19T22:54:29.012Z,V1,Memphis South,2caac1da-4db4-431b-998d-21dc6fd03dce,SAMMS-VCPHCS-I-MemphisV5
202608192252096747,202608192152667320,202608192152666995,85,2773,Bronze INV,br_LiquidLog,TASK_COMPLETE,FAILED,ERROR,3745,3745,1,SAMMS INV pipeline failed. Check the failed parent/child activity run details.,2026-08-19T21:53:13.467Z,2026-08-19T22:54:29.012Z,3676,2026-08-19T22:54:29.012Z,V10,Longmont,2caac1da-4db4-431b-998d-21dc6fd03dce,SAMMS-BoulderV5
202608192252096748,202608192152667321,202608192152666995,85,2774,Bronze INV,br_LiquidLog,TASK_COMPLETE,FAILED,ERROR,7415,7415,1,SAMMS INV pipeline failed. Check the failed parent/child activity run details.,2026-08-19T21:53:13.467Z,2026-08-19T22:54:29.012Z,3676,2026-08-19T22:54:29.012Z,V10A,Fort Collins,2caac1da-4db4-431b-998d-21dc6fd03dce,SAMMS-FortCollinsV5
202608192252096749,202608192152667322,202608192152666995,85,2775,Bronze INV,br_LiquidLog,TASK_COMPLETE,FAILED,ERROR,6500,6500,1,SAMMS INV pipeline failed. Check the failed parent/child activity run details.,2026-08-19T21:53:13.467Z,2026-08-19T22:54:29.012Z,3676,2026-08-19T22:54:29.012Z,V11,Westminster,2caac1da-4db4-431b-998d-21dc6fd03dce,SAMMS-VCPHCS-XI-NorthDenverV5
202608192252096750,202608192152667323,202608192152666995,85,2776,Bronze INV,br_LiquidLog,TASK_COMPLETE,FAILED,ERROR,7012,7012,1,SAMMS INV pipeline failed. Check the failed parent/child activity run details.,2026-08-19T21:53:13.467Z,2026-08-19T22:54:29.012Z,3676,2026-08-19T22:54:29.012Z,V12,Downtown Denver,2caac1da-4db4-431b-998d-21dc6fd03dce,SAMMS-VCPHCS-XII-DowntownDenverV5
202608192252096751,202608192152667324,202608192152666995,85,2777,Bronze INV,br_LiquidLog,TASK_COMPLETE,FAILED,ERROR,4631,4631,1,SAMMS INV pipeline failed. Check the failed parent/child activity run details.,2026-08-19T21:53:13.467Z,2026-08-19T22:54:29.012Z,3676,2026-08-19T22:54:29.012Z,V12A,Centennial,2caac1da-4db4-431b-998d-21dc6fd03dce,SAMMS-CentennialV5
202608192252096753,202608192152667325,202608192152666995,85,2778,Bronze INV,br_LiquidLog,TASK_COMPLETE,FAILED,ERROR,3996,3996,1,SAMMS INV pipeline failed. Check the failed parent/child activity run details.,2026-08-19T21:53:13.467Z,2026-08-19T22:54:29.012Z,3676,2026-08-19T22:54:29.012Z,V14,Overland Park,2caac1da-4db4-431b-998d-21dc6fd03dce,SAMMS-VCPHCS-XIV-BridgewayV5
202608192252096754,202608192152667326,202608192152666995,85,2779,Bronze INV,br_LiquidLog,TASK_COMPLETE,FAILED,ERROR,7307,7307,1,SAMMS INV pipeline failed. Check the failed parent/child activity run details.,2026-08-19T21:53:13.467Z,2026-08-19T22:54:29.012Z,3676,2026-08-19T22:54:29.012Z,V15,Joplin,2caac1da-4db4-431b-998d-21dc6fd03dce,SAMMS-JoplinV5
202608192252096755,202608192152667327,202608192152666995,85,2781,Bronze INV,br_LiquidLog,TASK_COMPLETE,FAILED,ERROR,3489,3489,1,SAMMS INV pipeline failed. Check the failed parent/child activity run details.,2026-08-19T21:53:13.467Z,2026-08-19T22:54:29.012Z,3676,2026-08-19T22:54:29.012Z,V17,Columbia TN,2caac1da-4db4-431b-998d-21dc6fd03dce,SAMMS-ColumbiaTNv5
202608192252096756,202608192152667328,202608192152666995,85,2783,Bronze INV,br_LiquidLog,TASK_COMPLETE,FAILED,ERROR,11609,11609,1,SAMMS INV pipeline failed. Check the failed parent/child activity run details.,2026-08-19T21:53:13.467Z,2026-08-19T22:54:29.012Z,3676,2026-08-19T22:54:29.012Z,V19,Jackson,2caac1da-4db4-431b-998d-21dc6fd03dce,SAMMS-JacksonV5
202608192252096757,202608192152667329,202608192152666995,85,2785,Bronze INV,br_LiquidLog,TASK_COMPLETE,FAILED,ERROR,11226,11226,1,SAMMS INV pipeline failed. Check the failed parent/child activity run details.,2026-08-19T21:53:13.467Z,2026-08-19T22:54:29.012Z,3676,2026-08-19T22:54:29.012Z,V20,Paris,2caac1da-4db4-431b-998d-21dc6fd03dce,SAMMS-ParisV5
202608192252096759,202608192152667330,202608192152666995,85,2786,Bronze INV,br_LiquidLog,TASK_COMPLETE,FAILED,ERROR,8868,8868,1,SAMMS INV pipeline failed. Check the failed parent/child activity run details.,2026-08-19T21:53:13.467Z,2026-08-19T22:54:29.012Z,3676,2026-08-19T22:54:29.012Z,V21,Memphis North,2caac1da-4db4-431b-998d-21dc6fd03dce,SAMMS-RaleighV5
202608192252096760,202608192152667331,202608192152666995,85,2789,Bronze INV,br_LiquidLog,TASK_COMPLETE,FAILED,ERROR,17659,17659,1,SAMMS INV pipeline failed. Check the failed parent/child activity run details.,2026-08-19T21:53:13.467Z,2026-08-19T22:54:29.012Z,3676,2026-08-19T22:54:29.012Z,V5,West Bank,2caac1da-4db4-431b-998d-21dc6fd03dce,SAMMS-NONTCv5
202608192252096761,202608192152667332,202608192152666995,85,2791,Bronze INV,br_LiquidLog,TASK_COMPLETE,FAILED,ERROR,2277,2277,1,SAMMS INV pipeline failed. Check the failed parent/child activity run details.,2026-08-19T21:53:13.467Z,2026-08-19T22:54:29.012Z,3676,2026-08-19T22:54:29.012Z,V5B,Houma,2caac1da-4db4-431b-998d-21dc6fd03dce,SAMMS-HoumaV6
202608192252096762,202608192152667333,202608192152666995,85,2792,Bronze INV,br_LiquidLog,TASK_COMPLETE,FAILED,ERROR,14521,14521,1,SAMMS INV pipeline failed. Check the failed parent/child activity run details.,2026-08-19T21:53:13.467Z,2026-08-19T22:54:29.012Z,3676,2026-08-19T22:54:29.012Z,V6,Lake Charles,2caac1da-4db4-431b-998d-21dc6fd03dce,SAMMS-LCv5
202608192252096763,202608192152667334,202608192152666995,85,2794,Bronze INV,br_LiquidLog,TASK_COMPLETE,FAILED,ERROR,9132,9132,1,SAMMS INV pipeline failed. Check the failed parent/child activity run details.,2026-08-19T21:53:13.467Z,2026-08-19T22:54:29.012Z,3676,2026-08-19T22:54:29.012Z,V8,Memphis Midtown,2caac1da-4db4-431b-998d-21dc6fd03dce,SAMMS-VCPHCS-VIII-MemphisV5
202608192252096764,202608192152667335,202608192152666995,85,2795,Bronze INV,br_LiquidLog,TASK_COMPLETE,FAILED,ERROR,17240,17240,1,SAMMS INV pipeline failed. Check the failed parent/child activity run details.,2026-08-19T21:53:13.467Z,2026-08-19T22:54:29.012Z,3676,2026-08-19T22:54:29.012Z,V9,Nashville,2caac1da-4db4-431b-998d-21dc6fd03dce,SAMMS-NashvilleV5
202608192252096766,202608192152667336,202608192152666995,85,2796,Bronze INV,br_LiquidLog,TASK_COMPLETE,FAILED,ERROR,6136,6136,1,SAMMS INV pipeline failed. Check the failed parent/child activity run details.,2026-08-19T21:53:13.467Z,2026-08-19T22:54:29.012Z,3676,2026-08-19T22:54:29.012Z,VBRA,Brainerd,2caac1da-4db4-431b-998d-21dc6fd03dce,SAMMS-BrainerdV6
202608192252096767,202608192152667337,202608192152666995,85,2797,Bronze INV,br_LiquidLog,TASK_COMPLETE,FAILED,ERROR,11959,11959,1,SAMMS INV pipeline failed. Check the failed parent/child activity run details.,2026-08-19T21:53:13.467Z,2026-08-19T22:54:29.012Z,3676,2026-08-19T22:54:29.012Z,VBRP,Brooklyn Park,2caac1da-4db4-431b-998d-21dc6fd03dce,SAMMS-BrooklynParkV6
202608192252096768,202608192152667338,202608192152666995,85,2799,Bronze INV,br_LiquidLog,TASK_COMPLETE,FAILED,ERROR,7299,7299,1,SAMMS INV pipeline failed. Check the failed parent/child activity run details.,2026-08-19T21:53:13.467Z,2026-08-19T22:54:29.012Z,3676,2026-08-19T22:54:29.012Z,VMIN,Minneapolis,2caac1da-4db4-431b-998d-21dc6fd03dce,SAMMS-MinneapolisV6
202608192252096769,202608192152667339,202608192152666995,85,2800,Bronze INV,br_LiquidLog,TASK_COMPLETE,FAILED,ERROR,13782,13782,1,SAMMS INV pipeline failed. Check the failed parent/child activity run details.,2026-08-19T21:53:13.467Z,2026-08-19T22:54:29.012Z,3676,2026-08-19T22:54:29.012Z,VWBY,Woodbury,2caac1da-4db4-431b-998d-21dc6fd03dce,SAMMS-WoodburyV6
202608192252096770,202608192152667340,202608192152666995,85,2802,Bronze INV,br_LiquidLog,TASK_COMPLETE,FAILED,ERROR,6178,6178,1,SAMMS INV pipeline failed. Check the failed parent/child activity run details.,2026-08-19T21:53:13.467Z,2026-08-19T22:54:29.012Z,3676,2026-08-19T22:54:29.012Z,WIL,Wilson,2caac1da-4db4-431b-998d-21dc6fd03dce,SAMMS-Wilson
202608192252096872,202608192152767015,202608192152766995,86,8579,Silver INV,sl_LiquidLog,TASK_COMPLETE,SUCCESS,INFO,828005,828005,0,,2026-08-19T21:53:13.467Z,2026-08-19T22:54:29.012Z,3676,2026-08-19T22:54:29.012Z,,,2caac1da-4db4-431b-998d-21dc6fd03dce,
202608192252096798,202608192152667341,202608192152666995,85,2806,Bronze INV,br_OrientationChecklistNew,TASK_COMPLETE,FAILED,ERROR,2,2,1,SAMMS INV pipeline failed. Check the failed parent/child activity run details.,2026-08-19T21:53:13.467Z,2026-08-19T22:54:29.012Z,3676,2026-08-19T22:54:29.012Z,AHK,Ahoskie,2caac1da-4db4-431b-998d-21dc6fd03dce,SAMMS-Ahoskie
202608192252096799,202608192152667342,202608192152666995,85,2807,Bronze INV,br_OrientationChecklistNew,TASK_COMPLETE,FAILED,ERROR,9,9,1,SAMMS INV pipeline failed. Check the failed parent/child activity run details.,2026-08-19T21:53:13.467Z,2026-08-19T22:54:29.012Z,3676,2026-08-19T22:54:29.012Z,B12B,Colorado Springs,2caac1da-4db4-431b-998d-21dc6fd03dce,SAMMS-ColoradoSpringsV5
202608192252096800,202608192152667343,202608192152666995,85,2808,Bronze INV,br_OrientationChecklistNew,TASK_COMPLETE,FAILED,ERROR,10,10,1,SAMMS INV pipeline failed. Check the failed parent/child activity run details.,2026-08-19T21:53:13.467Z,2026-08-19T22:54:29.012Z,3676,2026-08-19T22:54:29.012Z,B24,Paintsville,2caac1da-4db4-431b-998d-21dc6fd03dce,SAMMS-PaintsvilleV5
202608192252096801,202608192152667344,202608192152666995,85,2809,Bronze INV,br_OrientationChecklistNew,TASK_COMPLETE,FAILED,ERROR,5,5,1,SAMMS INV pipeline failed. Check the failed parent/child activity run details.,2026-08-19T21:53:13.467Z,2026-08-19T22:54:29.012Z,3676,2026-08-19T22:54:29.012Z,B25,Pikeville,2caac1da-4db4-431b-998d-21dc6fd03dce,SAMMS-PikevilleV5
202608192252096802,202608192152667345,202608192152666995,85,2810,Bronze INV,br_OrientationChecklistNew,TASK_COMPLETE,FAILED,ERROR,15,15,1,SAMMS INV pipeline failed. Check the failed parent/child activity run details.,2026-08-19T21:53:13.467Z,2026-08-19T22:54:29.012Z,3676,2026-08-19T22:54:29.012Z,B26,Hazard,2caac1da-4db4-431b-998d-21dc6fd03dce,SAMMS-HazardV5
202608192252096804,202608192152667346,202608192152666995,85,2811,Bronze INV,br_OrientationChecklistNew,TASK_COMPLETE,FAILED,ERROR,1,1,1,SAMMS INV pipeline failed. Check the failed parent/child activity run details.,2026-08-19T21:53:13.467Z,2026-08-19T22:54:29.012Z,3676,2026-08-19T22:54:29.012Z,B27,Savannah,2caac1da-4db4-431b-998d-21dc6fd03dce,SAMMS-SavannahV6
202608192252096805,202608192152667347,202608192152666995,85,2812,Bronze INV,br_OrientationChecklistNew,TASK_COMPLETE,FAILED,ERROR,13,13,1,SAMMS INV pipeline failed. Check the failed parent/child activity run details.,2026-08-19T21:53:13.467Z,2026-08-19T22:54:29.012Z,3676,2026-08-19T22:54:29.012Z,B28,West Plains,2caac1da-4db4-431b-998d-21dc6fd03dce,SAMMS-WestPlainesV5
202608192252096806,202608192152667348,202608192152666995,85,2813,Bronze INV,br_OrientationChecklistNew,TASK_COMPLETE,FAILED,ERROR,6,6,1,SAMMS INV pipeline failed. Check the failed parent/child activity run details.,2026-08-19T21:53:13.467Z,2026-08-19T22:54:29.012Z,3676,2026-08-19T22:54:29.012Z,B29,Poplar Bluff,2caac1da-4db4-431b-998d-21dc6fd03dce,SAMMS-PoplarBluffV5
202608192252096807,202608192152667349,202608192152666995,85,2814,Bronze INV,br_OrientationChecklistNew,TASK_COMPLETE,FAILED,ERROR,5,5,1,SAMMS INV pipeline failed. Check the failed parent/child activity run details.,2026-08-19T21:53:13.467Z,2026-08-19T22:54:29.012Z,3676,2026-08-19T22:54:29.012Z,B30,KC North,2caac1da-4db4-431b-998d-21dc6fd03dce,SAMMS-KCNv5
202608192252096808,202608192152667350,202608192152666995,85,2815,Bronze INV,br_OrientationChecklistNew,TASK_COMPLETE,FAILED,ERROR,6,6,1,SAMMS INV pipeline failed. Check the failed parent/child activity run details.,2026-08-19T21:53:13.467Z,2026-08-19T22:54:29.012Z,3676,2026-08-19T22:54:29.012Z,B31,Dyersburg,2caac1da-4db4-431b-998d-21dc6fd03dce,SAMMS-DyersburgV5
202608192252096809,202608192152667351,202608192152666995,85,2817,Bronze INV,br_OrientationChecklistNew,TASK_COMPLETE,FAILED,ERROR,7,7,1,SAMMS INV pipeline failed. Check the failed parent/child activity run details.,2026-08-19T21:53:13.467Z,2026-08-19T22:54:29.012Z,3676,2026-08-19T22:54:29.012Z,B33,Paducah,2caac1da-4db4-431b-998d-21dc6fd03dce,SAMMS-Paducah
202608192252096811,202608192152667352,202608192152666995,85,2818,Bronze INV,br_OrientationChecklistNew,TASK_COMPLETE,FAILED,ERROR,8,8,1,SAMMS INV pipeline failed. Check the failed parent/child activity run details.,2026-08-19T21:53:13.467Z,2026-08-19T22:54:29.012Z,3676,2026-08-19T22:54:29.012Z,B34,Corbin,2caac1da-4db4-431b-998d-21dc6fd03dce,SAMMS-CorbinV5
202608192252096812,202608192152667353,202608192152666995,85,2819,Bronze INV,br_OrientationChecklistNew,TASK_COMPLETE,FAILED,ERROR,16,16,1,SAMMS INV pipeline failed. Check the failed parent/child activity run details.,2026-08-19T21:53:13.467Z,2026-08-19T22:54:29.012Z,3676,2026-08-19T22:54:29.012Z,B35,Lexington,2caac1da-4db4-431b-998d-21dc6fd03dce,SAMMS-LexingtonV5
202608192252096813,202608192152667354,202608192152666995,85,2820,Bronze INV,br_OrientationChecklistNew,TASK_COMPLETE,FAILED,ERROR,8,8,1,SAMMS INV pipeline failed. Check the failed parent/child activity run details.,2026-08-19T21:53:13.467Z,2026-08-19T22:54:29.012Z,3676,2026-08-19T22:54:29.012Z,B35A,Berea,2caac1da-4db4-431b-998d-21dc6fd03dce,SAMMS-BereaV5
202608192252096814,202608192152667355,202608192152666995,85,2821,Bronze INV,br_OrientationChecklistNew,TASK_COMPLETE,FAILED,ERROR,13,13,1,SAMMS INV pipeline failed. Check the failed parent/child activity run details.,2026-08-19T21:53:13.467Z,2026-08-19T22:54:29.012Z,3676,2026-08-19T22:54:29.012Z,B36,Asheville,2caac1da-4db4-431b-998d-21dc6fd03dce,SAMMS-AshevilleV5
202608192252096815,202608192152667356,202608192152666995,85,2822,Bronze INV,br_OrientationChecklistNew,TASK_COMPLETE,FAILED,ERROR,1,1,1,SAMMS INV pipeline failed. Check the failed parent/child activity run details.,2026-08-19T21:53:13.467Z,2026-08-19T22:54:29.012Z,3676,2026-08-19T22:54:29.012Z,B37,Clyde,2caac1da-4db4-431b-998d-21dc6fd03dce,SAMMS-ClydeV5
202608192252096816,202608192152667357,202608192152666995,85,2823,Bronze INV,br_OrientationChecklistNew,TASK_COMPLETE,FAILED,ERROR,8,8,1,SAMMS INV pipeline failed. Check the failed parent/child activity run details.,2026-08-19T21:53:13.467Z,2026-08-19T22:54:29.012Z,3676,2026-08-19T22:54:29.012Z,B38,Spartanburg,2caac1da-4db4-431b-998d-21dc6fd03dce,SAMMS-SpartanburgV5
202608192252096817,202608192152667358,202608192152666995,85,2824,Bronze INV,br_OrientationChecklistNew,TASK_COMPLETE,FAILED,ERROR,4,4,1,SAMMS INV pipeline failed. Check the failed parent/child activity run details.,2026-08-19T21:53:13.467Z,2026-08-19T22:54:29.012Z,3676,2026-08-19T22:54:29.012Z,B39,Aiken,2caac1da-4db4-431b-998d-21dc6fd03dce,SAMMS-AikenV5
202608192252096819,202608192152667359,202608192152666995,85,2825,Bronze INV,br_OrientationChecklistNew,TASK_COMPLETE,FAILED,ERROR,7,7,1,SAMMS INV pipeline failed. Check the failed parent/child activity run details.,2026-08-19T21:53:13.467Z,2026-08-19T22:54:29.012Z,3676,2026-08-19T22:54:29.012Z,B41,Chesapeake,2caac1da-4db4-431b-998d-21dc6fd03dce,SAMMS-ChesapeakeV5
202608192252096820,202608192152667360,202608192152666995,85,2826,Bronze INV,br_OrientationChecklistNew,TASK_COMPLETE,FAILED,ERROR,8,8,1,SAMMS INV pipeline failed. Check the failed parent/child activity run details.,2026-08-19T21:53:13.467Z,2026-08-19T22:54:29.012Z,3676,2026-08-19T22:54:29.012Z,B42,Virginia Beach,2caac1da-4db4-431b-998d-21dc6fd03dce,SAMMS-VirginiaBeachV5
202608192252096821,202608192152667361,202608192152666995,85,2827,Bronze INV,br_OrientationChecklistNew,TASK_COMPLETE,FAILED,ERROR,8,8,1,SAMMS INV pipeline failed. Check the failed parent/child activity run details.,2026-08-19T21:53:13.467Z,2026-08-19T22:54:29.012Z,3676,2026-08-19T22:54:29.012Z,B42A,Newport News,2caac1da-4db4-431b-998d-21dc6fd03dce,SAMMS-NewportNewsV5
202608192252096822,202608192152667362,202608192152666995,85,2828,Bronze INV,br_OrientationChecklistNew,TASK_COMPLETE,FAILED,ERROR,0,0,1,SAMMS INV pipeline failed. Check the failed parent/child activity run details.,2026-08-19T21:53:13.467Z,2026-08-19T22:54:29.012Z,3676,2026-08-19T22:54:29.012Z,B42B,Franklin,2caac1da-4db4-431b-998d-21dc6fd03dce,SAMMS-FranklinV5
202608192252096823,202608192152667363,202608192152666995,85,2829,Bronze INV,br_OrientationChecklistNew,TASK_COMPLETE,FAILED,ERROR,8,8,1,SAMMS INV pipeline failed. Check the failed parent/child activity run details.,2026-08-19T21:53:13.467Z,2026-08-19T22:54:29.012Z,3676,2026-08-19T22:54:29.012Z,B42C,Glen Allen,2caac1da-4db4-431b-998d-21dc6fd03dce,SAMMS-GlenAllenV5
202608192252096824,202608192152667364,202608192152666995,85,2830,Bronze INV,br_OrientationChecklistNew,TASK_COMPLETE,FAILED,ERROR,8,8,1,SAMMS INV pipeline failed. Check the failed parent/child activity run details.,2026-08-19T21:53:13.467Z,2026-08-19T22:54:29.012Z,3676,2026-08-19T22:54:29.012Z,B42D,Chesapeake South,2caac1da-4db4-431b-998d-21dc6fd03dce,SAMMS-ChesapeakeSouthV5
202608192252096826,202608192152667365,202608192152666995,85,2831,Bronze INV,br_OrientationChecklistNew,TASK_COMPLETE,FAILED,ERROR,3,3,1,SAMMS INV pipeline failed. Check the failed parent/child activity run details.,2026-08-19T21:53:13.467Z,2026-08-19T22:54:29.012Z,3676,2026-08-19T22:54:29.012Z,B44,Albany,2caac1da-4db4-431b-998d-21dc6fd03dce,SAMMS-AlbanyV5
202608192252096827,202608192152667366,202608192152666995,85,2832,Bronze INV,br_OrientationChecklistNew,TASK_COMPLETE,FAILED,ERROR,9,9,1,SAMMS INV pipeline failed. Check the failed parent/child activity run details.,2026-08-19T21:53:13.467Z,2026-08-19T22:54:29.012Z,3676,2026-08-19T22:54:29.012Z,B45,Tifton,2caac1da-4db4-431b-998d-21dc6fd03dce,SAMMS-TiftonV5
202608192252096828,202608192152667367,202608192152666995,85,2833,Bronze INV,br_OrientationChecklistNew,TASK_COMPLETE,FAILED,ERROR,16,16,1,SAMMS INV pipeline failed. Check the failed parent/child activity run details.,2026-08-19T21:53:13.467Z,2026-08-19T22:54:29.012Z,3676,2026-08-19T22:54:29.012Z,B46,Washington DC,2caac1da-4db4-431b-998d-21dc6fd03dce,SAMMS-WashingtonDCv5
202608192252096829,202608192152667368,202608192152666995,85,2834,Bronze INV,br_OrientationChecklistNew,TASK_COMPLETE,FAILED,ERROR,2,2,1,SAMMS INV pipeline failed. Check the failed parent/child activity run details.,2026-08-19T21:53:13.467Z,2026-08-19T22:54:29.012Z,3676,2026-08-19T22:54:29.012Z,B47,Mobile,2caac1da-4db4-431b-998d-21dc6fd03dce,SAMMS-MobileV5
202608192252096830,202608192152667369,202608192152666995,85,2835,Bronze INV,br_OrientationChecklistNew,TASK_COMPLETE,FAILED,ERROR,6,6,1,SAMMS INV pipeline failed. Check the failed parent/child activity run details.,2026-08-19T21:53:13.467Z,2026-08-19T22:54:29.012Z,3676,2026-08-19T22:54:29.012Z,B48,Tuscaloosa,2caac1da-4db4-431b-998d-21dc6fd03dce,SAMMS-TuscaloosaV5
202608192252096831,202608192152667370,202608192152666995,85,2844,Bronze INV,br_OrientationChecklistNew,TASK_COMPLETE,FAILED,ERROR,6,6,1,SAMMS INV pipeline failed. Check the failed parent/child activity run details.,2026-08-19T21:53:13.467Z,2026-08-19T22:54:29.012Z,3676,2026-08-19T22:54:29.012Z,B51,N. Little Rock (OTP),2caac1da-4db4-431b-998d-21dc6fd03dce,SAMMS-NorthLittleRockV6
202608192252096833,202608192152667371,202608192152666995,85,2845,Bronze INV,br_OrientationChecklistNew,TASK_COMPLETE,FAILED,ERROR,2,2,1,SAMMS INV pipeline failed. Check the failed parent/child activity run details.,2026-08-19T21:53:13.467Z,2026-08-19T22:54:29.012Z,3676,2026-08-19T22:54:29.012Z,B52,Jackson GA,2caac1da-4db4-431b-998d-21dc6fd03dce,SAMMS-JacksonGAV5
202608192252096834,202608192152667372,202608192152666995,85,2846,Bronze INV,br_OrientationChecklistNew,TASK_COMPLETE,FAILED,ERROR,11,11,1,SAMMS INV pipeline failed. Check the failed parent/child activity run details.,2026-08-19T21:53:13.467Z,2026-08-19T22:54:29.012Z,3676,2026-08-19T22:54:29.012Z,B54,Gadsden,2caac1da-4db4-431b-998d-21dc6fd03dce,SAMMS-GadsdenV5
202608192252096835,202608192152667373,202608192152666995,85,2847,Bronze INV,br_OrientationChecklistNew,TASK_COMPLETE,FAILED,ERROR,7,7,1,SAMMS INV pipeline failed. Check the failed parent/child activity run details.,2026-08-19T21:53:13.467Z,2026-08-19T22:54:29.012Z,3676,2026-08-19T22:54:29.012Z,B55,Shoals,2caac1da-4db4-431b-998d-21dc6fd03dce,SAMMS-ShoalsV5
202608192252096836,202608192152667374,202608192152666995,85,2848,Bronze INV,br_OrientationChecklistNew,TASK_COMPLETE,FAILED,ERROR,0,0,1,SAMMS INV pipeline failed. Check the failed parent/child activity run details.,2026-08-19T21:53:13.467Z,2026-08-19T22:54:29.012Z,3676,2026-08-19T22:54:29.012Z,B57,Pawtucket,2caac1da-4db4-431b-998d-21dc6fd03dce,SAMMS-Pawtucket
202608192252096837,202608192152667375,202608192152666995,85,2849,Bronze INV,br_OrientationChecklistNew,TASK_COMPLETE,FAILED,ERROR,3,3,1,SAMMS INV pipeline failed. Check the failed parent/child activity run details.,2026-08-19T21:53:13.467Z,2026-08-19T22:54:29.012Z,3676,2026-08-19T22:54:29.012Z,B57A,Johnston,2caac1da-4db4-431b-998d-21dc6fd03dce,SAMMS-Johnston
202608192252096838,202608192152667376,202608192152666995,85,2850,Bronze INV,br_OrientationChecklistNew,TASK_COMPLETE,FAILED,ERROR,1,1,1,SAMMS INV pipeline failed. Check the failed parent/child activity run details.,2026-08-19T21:53:13.467Z,2026-08-19T22:54:29.012Z,3676,2026-08-19T22:54:29.012Z,B57B,Middletown,2caac1da-4db4-431b-998d-21dc6fd03dce,SAMMS-Middletown
202608192252096839,202608192152667377,202608192152666995,85,2851,Bronze INV,br_OrientationChecklistNew,TASK_COMPLETE,FAILED,ERROR,5,5,1,SAMMS INV pipeline failed. Check the failed parent/child activity run details.,2026-08-19T21:53:13.467Z,2026-08-19T22:54:29.012Z,3676,2026-08-19T22:54:29.012Z,B57C,Providence,2caac1da-4db4-431b-998d-21dc6fd03dce,SAMMS-Providence
202608192252096841,202608192152667378,202608192152666995,85,2852,Bronze INV,br_OrientationChecklistNew,TASK_COMPLETE,FAILED,ERROR,0,0,1,SAMMS INV pipeline failed. Check the failed parent/child activity run details.,2026-08-19T21:53:13.467Z,2026-08-19T22:54:29.012Z,3676,2026-08-19T22:54:29.012Z,B57D,Westerly,2caac1da-4db4-431b-998d-21dc6fd03dce,SAMMS-Westerly
202608192252096842,202608192152667379,202608192152666995,85,2856,Bronze INV,br_OrientationChecklistNew,TASK_COMPLETE,FAILED,ERROR,0,0,1,SAMMS INV pipeline failed. Check the failed parent/child activity run details.,2026-08-19T21:53:13.467Z,2026-08-19T22:54:29.012Z,3676,2026-08-19T22:54:29.012Z,B66A,Bremen,2caac1da-4db4-431b-998d-21dc6fd03dce,SAMMS-Bremen
202608192252096843,202608192152667380,202608192152666995,85,2859,Bronze INV,br_OrientationChecklistNew,TASK_COMPLETE,FAILED,ERROR,0,0,1,SAMMS INV pipeline failed. Check the failed parent/child activity run details.,2026-08-19T21:53:13.467Z,2026-08-19T22:54:29.012Z,3676,2026-08-19T22:54:29.012Z,B72,Mobile (OBOT),2caac1da-4db4-431b-998d-21dc6fd03dce,SAMMS-Mobile-OBOT
202608192252096844,202608192152667381,202608192152666995,85,2860,Bronze INV,br_OrientationChecklistNew,TASK_COMPLETE,FAILED,ERROR,0,0,1,SAMMS INV pipeline failed. Check the failed parent/child activity run details.,2026-08-19T21:53:13.467Z,2026-08-19T22:54:29.012Z,3676,2026-08-19T22:54:29.012Z,B73,Montgomery,2caac1da-4db4-431b-998d-21dc6fd03dce,SAMMS-Montgomery
202608192252096845,202608192152667382,202608192152666995,85,2861,Bronze INV,br_OrientationChecklistNew,TASK_COMPLETE,FAILED,ERROR,7,7,1,SAMMS INV pipeline failed. Check the failed parent/child activity run details.,2026-08-19T21:53:13.467Z,2026-08-19T22:54:29.012Z,3676,2026-08-19T22:54:29.012Z,B75,Lawrence,2caac1da-4db4-431b-998d-21dc6fd03dce,SAMMS-LawrenceV6
202608192252096846,202608192152667383,202608192152666995,85,2862,Bronze INV,br_OrientationChecklistNew,TASK_COMPLETE,FAILED,ERROR,0,0,1,SAMMS INV pipeline failed. Check the failed parent/child activity run details.,2026-08-19T21:53:13.467Z,2026-08-19T22:54:29.012Z,3676,2026-08-19T22:54:29.012Z,B76,Huntsville OBOT,2caac1da-4db4-431b-998d-21dc6fd03dce,SAMMS-Huntsville-OBOT
202608192252096848,202608192152667384,202608192152666995,85,2863,Bronze INV,br_OrientationChecklistNew,TASK_COMPLETE,FAILED,ERROR,0,0,1,SAMMS INV pipeline failed. Check the failed parent/child activity run details.,2026-08-19T21:53:13.467Z,2026-08-19T22:54:29.012Z,3676,2026-08-19T22:54:29.012Z,BAT,Batesville,2caac1da-4db4-431b-998d-21dc6fd03dce,SAMMS-Batesville
202608192252096849,202608192152667385,202608192152666995,85,2864,Bronze INV,br_OrientationChecklistNew,TASK_COMPLETE,FAILED,ERROR,8,8,1,SAMMS INV pipeline failed. Check the failed parent/child activity run details.,2026-08-19T21:53:13.467Z,2026-08-19T22:54:29.012Z,3676,2026-08-19T22:54:29.012Z,BG,Bowling Green,2caac1da-4db4-431b-998d-21dc6fd03dce,SAMMS-BowlingGreen
202608192252096850,202608192152667386,202608192152666995,85,2865,Bronze INV,br_OrientationChecklistNew,TASK_COMPLETE,FAILED,ERROR,3,3,1,SAMMS INV pipeline failed. Check the failed parent/child activity run details.,2026-08-19T21:53:13.467Z,2026-08-19T22:54:29.012Z,3676,2026-08-19T22:54:29.012Z,BOI,Boise,2caac1da-4db4-431b-998d-21dc6fd03dce,SAMMS-Boise
202608192252096851,202608192152667387,202608192152666995,85,2872,Bronze INV,br_OrientationChecklistNew,TASK_COMPLETE,FAILED,ERROR,7,7,1,SAMMS INV pipeline failed. Check the failed parent/child activity run details.,2026-08-19T21:53:13.467Z,2026-08-19T22:54:29.012Z,3676,2026-08-19T22:54:29.012Z,CBCO,Coeur dAlene,2caac1da-4db4-431b-998d-21dc6fd03dce,SAMMS-CoeurdAleneV6
202608192252096852,202608192152667388,202608192152666995,85,2891,Bronze INV,br_OrientationChecklistNew,TASK_COMPLETE,FAILED,ERROR,0,0,1,SAMMS INV pipeline failed. Check the failed parent/child activity run details.,2026-08-19T21:53:13.467Z,2026-08-19T22:54:29.012Z,3676,2026-08-19T22:54:29.012Z,CON,Conway,2caac1da-4db4-431b-998d-21dc6fd03dce,SAMMS-Conway
202608192252096853,202608192152667389,202608192152666995,85,2892,Bronze INV,br_OrientationChecklistNew,TASK_COMPLETE,FAILED,ERROR,0,0,1,SAMMS INV pipeline failed. Check the failed parent/child activity run details.,2026-08-19T21:53:13.467Z,2026-08-19T22:54:29.012Z,3676,2026-08-19T22:54:29.012Z,D07,Medical Services Knox TN,2caac1da-4db4-431b-998d-21dc6fd03dce,SAMMS-KnoxvilleV6
202608192252096854,202608192152667390,202608192152666995,85,2893,Bronze INV,br_OrientationChecklistNew,TASK_COMPLETE,FAILED,ERROR,7,7,1,SAMMS INV pipeline failed. Check the failed parent/child activity run details.,2026-08-19T21:53:13.467Z,2026-08-19T22:54:29.012Z,3676,2026-08-19T22:54:29.012Z,D08,Madison,2caac1da-4db4-431b-998d-21dc6fd03dce,SAMMS-MadisonV6
202608192252096856,202608192152667391,202608192152666995,85,2895,Bronze INV,br_OrientationChecklistNew,TASK_COMPLETE,FAILED,ERROR,14,14,1,SAMMS INV pipeline failed. Check the failed parent/child activity run details.,2026-08-19T21:53:13.467Z,2026-08-19T22:54:29.012Z,3676,2026-08-19T22:54:29.012Z,D09,Murfreesboro,2caac1da-4db4-431b-998d-21dc6fd03dce,SAMMS-MurfreesboroV6
202608192252096857,202608192152667392,202608192152666995,85,2896,Bronze INV,br_OrientationChecklistNew,TASK_COMPLETE,FAILED,ERROR,1,1,1,SAMMS INV pipeline failed. Check the failed parent/child activity run details.,2026-08-19T21:53:13.467Z,2026-08-19T22:54:29.012Z,3676,2026-08-19T22:54:29.012Z,DA,Davenport,2caac1da-4db4-431b-998d-21dc6fd03dce,SAMMS-Davenport
202608192252096858,202608192152667393,202608192152666995,85,2897,Bronze INV,br_OrientationChecklistNew,TASK_COMPLETE,FAILED,ERROR,9,9,1,SAMMS INV pipeline failed. Check the failed parent/child activity run details.,2026-08-19T21:53:13.467Z,2026-08-19T22:54:29.012Z,3676,2026-08-19T22:54:29.012Z,DM,Des Moines,2caac1da-4db4-431b-998d-21dc6fd03dce,SAMMS-DesMoines
202608192252096859,202608192152667394,202608192152666995,85,2899,Bronze INV,br_OrientationChecklistNew,TASK_COMPLETE,FAILED,ERROR,8,8,1,SAMMS INV pipeline failed. Check the failed parent/child activity run details.,2026-08-19T21:53:13.467Z,2026-08-19T22:54:29.012Z,3676,2026-08-19T22:54:29.012Z,DRD-CO,Columbia MO,2caac1da-4db4-431b-998d-21dc6fd03dce,SAMMS-ColumbiaV5
202608192252096860,202608192152667395,202608192152666995,85,2900,Bronze INV,br_OrientationChecklistNew,TASK_COMPLETE,FAILED,ERROR,14,14,1,SAMMS INV pipeline failed. Check the failed parent/child activity run details.,2026-08-19T21:53:13.467Z,2026-08-19T22:54:29.012Z,3676,2026-08-19T22:54:29.012Z,DRD-KC,KC,2caac1da-4db4-431b-998d-21dc6fd03dce,SAMMS-KCv5
202608192252096861,202608192152667396,202608192152666995,85,2901,Bronze INV,br_OrientationChecklistNew,TASK_COMPLETE,FAILED,ERROR,6,6,1,SAMMS INV pipeline failed. Check the failed parent/child activity run details.,2026-08-19T21:53:13.467Z,2026-08-19T22:54:29.012Z,3676,2026-08-19T22:54:29.012Z,DRD-KVB,KVB,2caac1da-4db4-431b-998d-21dc6fd03dce,SAMMS-KVBv5
202608192252096863,202608192152667397,202608192152666995,85,2902,Bronze INV,br_OrientationChecklistNew,TASK_COMPLETE,FAILED,ERROR,18,18,1,SAMMS INV pipeline failed. Check the failed parent/child activity run details.,2026-08-19T21:53:13.467Z,2026-08-19T22:54:29.012Z,3676,2026-08-19T22:54:29.012Z,DRD-KVC,KVC,2caac1da-4db4-431b-998d-21dc6fd03dce,SAMMS-KVCv5
202608192252096864,202608192152667398,202608192152666995,85,2903,Bronze INV,br_OrientationChecklistNew,TASK_COMPLETE,FAILED,ERROR,27,27,1,SAMMS INV pipeline failed. Check the failed parent/child activity run details.,2026-08-19T21:53:13.467Z,2026-08-19T22:54:29.012Z,3676,2026-08-19T22:54:29.012Z,DRD-NOLA,NOLA,2caac1da-4db4-431b-998d-21dc6fd03dce,SAMMS-NOLAv5
202608192252096865,202608192152667399,202608192152666995,85,2904,Bronze INV,br_OrientationChecklistNew,TASK_COMPLETE,FAILED,ERROR,20,20,1,SAMMS INV pipeline failed. Check the failed parent/child activity run details.,2026-08-19T21:53:13.467Z,2026-08-19T22:54:29.012Z,3676,2026-08-19T22:54:29.012Z,DRD-SF,Springfield,2caac1da-4db4-431b-998d-21dc6fd03dce,SAMMS-SFv5
202608192252096866,202608192152667400,202608192152666995,85,2906,Bronze INV,br_OrientationChecklistNew,TASK_COMPLETE,FAILED,ERROR,5,5,1,SAMMS INV pipeline failed. Check the failed parent/child activity run details.,2026-08-19T21:53:13.467Z,2026-08-19T22:54:29.012Z,3676,2026-08-19T22:54:29.012Z,ELC,Elizabeth City,2caac1da-4db4-431b-998d-21dc6fd03dce,SAMMS-ElizabethCity
202608192252096867,202608192152667401,202608192152666995,85,2907,Bronze INV,br_OrientationChecklistNew,TASK_COMPLETE,FAILED,ERROR,5,5,1,SAMMS INV pipeline failed. Check the failed parent/child activity run details.,2026-08-19T21:53:13.467Z,2026-08-19T22:54:29.012Z,3676,2026-08-19T22:54:29.012Z,ET,Elizabethtown,2caac1da-4db4-431b-998d-21dc6fd03dce,SAMMS-Elizabethtown
202608192252096868,202608192152667402,202608192152666995,85,2908,Bronze INV,br_OrientationChecklistNew,TASK_COMPLETE,FAILED,ERROR,0,0,1,SAMMS INV pipeline failed. Check the failed parent/child activity run details.,2026-08-19T21:53:13.467Z,2026-08-19T22:54:29.012Z,3676,2026-08-19T22:54:29.012Z,FAY,Fayetteville,2caac1da-4db4-431b-998d-21dc6fd03dce,SAMMS-Fayetteville
202608192252096870,202608192152667403,202608192152666995,85,2909,Bronze INV,br_OrientationChecklistNew,TASK_COMPLETE,FAILED,ERROR,10,10,1,SAMMS INV pipeline failed. Check the failed parent/child activity run details.,2026-08-19T21:53:13.467Z,2026-08-19T22:54:29.012Z,3676,2026-08-19T22:54:29.012Z,FR,Frankfort,2caac1da-4db4-431b-998d-21dc6fd03dce,SAMMS-Frankfort
202608192252096871,202608192152667404,202608192152666995,85,2910,Bronze INV,br_OrientationChecklistNew,TASK_COMPLETE,FAILED,ERROR,0,0,1,SAMMS INV pipeline failed. Check the failed parent/child activity run details.,2026-08-19T21:53:13.467Z,2026-08-19T22:54:29.012Z,3676,2026-08-19T22:54:29.012Z,FS,Fort Smith,2caac1da-4db4-431b-998d-21dc6fd03dce,SAMMS-FortSmith
202608192252096872,202608192152667405,202608192152666995,85,2911,Bronze INV,br_OrientationChecklistNew,TASK_COMPLETE,FAILED,ERROR,17,17,1,SAMMS INV pipeline failed. Check the failed parent/child activity run details.,2026-08-19T21:53:13.467Z,2026-08-19T22:54:29.012Z,3676,2026-08-19T22:54:29.012Z,FW,Fort Wayne,2caac1da-4db4-431b-998d-21dc6fd03dce,SAMMS-FortWayne
202608192252096873,202608192152667406,202608192152666995,85,2912,Bronze INV,br_OrientationChecklistNew,TASK_COMPLETE,FAILED,ERROR,0,0,1,SAMMS INV pipeline failed. Check the failed parent/child activity run details.,2026-08-19T21:53:13.467Z,2026-08-19T22:54:29.012Z,3676,2026-08-19T22:54:29.012Z,GAL,Gaylord,2caac1da-4db4-431b-998d-21dc6fd03dce,SAMMS-Gaylord
202608192252096874,202608192152667407,202608192152666995,85,2916,Bronze INV,br_OrientationChecklistNew,TASK_COMPLETE,FAILED,ERROR,7,7,1,SAMMS INV pipeline failed. Check the failed parent/child activity run details.,2026-08-19T21:53:13.467Z,2026-08-19T22:54:29.012Z,3676,2026-08-19T22:54:29.012Z,HGT,Hagerstown,2caac1da-4db4-431b-998d-21dc6fd03dce,SAMMS-Hagerstown
202608192252096875,202608192152667408,202608192152666995,85,2917,Bronze INV,br_OrientationChecklistNew,TASK_COMPLETE,FAILED,ERROR,7,7,1,SAMMS INV pipeline failed. Check the failed parent/child activity run details.,2026-08-19T21:53:13.467Z,2026-08-19T22:54:29.012Z,3676,2026-08-19T22:54:29.012Z,HNT,Huntsville,2caac1da-4db4-431b-998d-21dc6fd03dce,SAMMS-Huntsville
202608192252096877,202608192152667409,202608192152666995,85,2918,Bronze INV,br_OrientationChecklistNew,TASK_COMPLETE,FAILED,ERROR,0,0,1,SAMMS INV pipeline failed. Check the failed parent/child activity run details.,2026-08-19T21:53:13.467Z,2026-08-19T22:54:29.012Z,3676,2026-08-19T22:54:29.012Z,HS,Hot Springs,2caac1da-4db4-431b-998d-21dc6fd03dce,SAMMS-HotSprings
202608192252096878,202608192152667410,202608192152666995,85,2919,Bronze INV,br_OrientationChecklistNew,TASK_COMPLETE,FAILED,ERROR,0,0,1,SAMMS INV pipeline failed. Check the failed parent/child activity run details.,2026-08-19T21:53:13.467Z,2026-08-19T22:54:29.012Z,3676,2026-08-19T22:54:29.012Z,JON,Jonesboro,2caac1da-4db4-431b-998d-21dc6fd03dce,SAMMS-Jonesboro
202608192252096879,202608192152667411,202608192152666995,85,2921,Bronze INV,br_OrientationChecklistNew,TASK_COMPLETE,FAILED,ERROR,0,0,1,SAMMS INV pipeline failed. Check the failed parent/child activity run details.,2026-08-19T21:53:13.467Z,2026-08-19T22:54:29.012Z,3676,2026-08-19T22:54:29.012Z,LAN,Lansing,2caac1da-4db4-431b-998d-21dc6fd03dce,SAMMS-Lansing
202608192252096880,202608192152667412,202608192152666995,85,2922,Bronze INV,br_OrientationChecklistNew,TASK_COMPLETE,FAILED,ERROR,10,10,1,SAMMS INV pipeline failed. Check the failed parent/child activity run details.,2026-08-19T21:53:13.467Z,2026-08-19T22:54:29.012Z,3676,2026-08-19T22:54:29.012Z,LO,Louisville,2caac1da-4db4-431b-998d-21dc6fd03dce,SAMMS-Louisville
202608192252096881,202608192152667413,202608192152666995,85,2923,Bronze INV,br_OrientationChecklistNew,TASK_COMPLETE,FAILED,ERROR,25,25,1,SAMMS INV pipeline failed. Check the failed parent/child activity run details.,2026-08-19T21:53:13.467Z,2026-08-19T22:54:29.012Z,3676,2026-08-19T22:54:29.012Z,LV1,Cheyenne,2caac1da-4db4-431b-998d-21dc6fd03dce,SAMMS-Cheyenne
202608192252096882,202608192152667414,202608192152666995,85,2924,Bronze INV,br_OrientationChecklistNew,TASK_COMPLETE,FAILED,ERROR,13,13,1,SAMMS INV pipeline failed. Check the failed parent/child activity run details.,2026-08-19T21:53:13.467Z,2026-08-19T22:54:29.012Z,3676,2026-08-19T22:54:29.012Z,LV2,Desert Inn,2caac1da-4db4-431b-998d-21dc6fd03dce,SAMMS-DesertInn
202608192252096883,202608192152667415,202608192152666995,85,2925,Bronze INV,br_OrientationChecklistNew,TASK_COMPLETE,FAILED,ERROR,7,7,1,SAMMS INV pipeline failed. Check the failed parent/child activity run details.,2026-08-19T21:53:13.467Z,2026-08-19T22:54:29.012Z,3676,2026-08-19T22:54:29.012Z,LV3,McDaniel,2caac1da-4db4-431b-998d-21dc6fd03dce,SAMMS-McDaniel
202608192252096885,202608192152667416,202608192152666995,85,2928,Bronze INV,br_OrientationChecklistNew,TASK_COMPLETE,FAILED,ERROR,10,10,1,SAMMS INV pipeline failed. Check the failed parent/child activity run details.,2026-08-19T21:53:13.467Z,2026-08-19T22:54:29.012Z,3676,2026-08-19T22:54:29.012Z,MNRE,Monroe,2caac1da-4db4-431b-998d-21dc6fd03dce,SAMMS-Monroe
202608192252096886,202608192152667417,202608192152666995,85,2929,Bronze INV,br_OrientationChecklistNew,TASK_COMPLETE,FAILED,ERROR,0,0,1,SAMMS INV pipeline failed. Check the failed parent/child activity run details.,2026-08-19T21:53:13.467Z,2026-08-19T22:54:29.012Z,3676,2026-08-19T22:54:29.012Z,MP,Mt. Pleasant,2caac1da-4db4-431b-998d-21dc6fd03dce,SAMMS-MtPleasant
202608192252096887,202608192152667418,202608192152666995,85,2930,Bronze INV,br_OrientationChecklistNew,TASK_COMPLETE,FAILED,ERROR,0,0,1,SAMMS INV pipeline failed. Check the failed parent/child activity run details.,2026-08-19T21:53:13.467Z,2026-08-19T22:54:29.012Z,3676,2026-08-19T22:54:29.012Z,MRD,Meridian,2caac1da-4db4-431b-998d-21dc6fd03dce,SAMMS-Meridian
202608192252096888,202608192152667419,202608192152666995,85,2935,Bronze INV,br_OrientationChecklistNew,TASK_COMPLETE,FAILED,ERROR,9,9,1,SAMMS INV pipeline failed. Check the failed parent/child activity run details.,2026-08-19T21:53:13.467Z,2026-08-19T22:54:29.012Z,3676,2026-08-19T22:54:29.012Z,NC,North Charleston,2caac1da-4db4-431b-998d-21dc6fd03dce,SAMMS-NorthCharleston
202608192252096889,202608192152667420,202608192152666995,85,2936,Bronze INV,br_OrientationChecklistNew,TASK_COMPLETE,FAILED,ERROR,0,0,1,SAMMS INV pipeline failed. Check the failed parent/child activity run details.,2026-08-19T21:53:13.467Z,2026-08-19T22:54:29.012Z,3676,2026-08-19T22:54:29.012Z,NLR,N. Little Rock,2caac1da-4db4-431b-998d-21dc6fd03dce,SAMMS-NLROBOT
202608192252096891,202608192152667421,202608192152666995,85,2941,Bronze INV,br_OrientationChecklistNew,TASK_COMPLETE,FAILED,ERROR,4,4,1,SAMMS INV pipeline failed. Check the failed parent/child activity run details.,2026-08-19T21:53:13.467Z,2026-08-19T22:54:29.012Z,3676,2026-08-19T22:54:29.012Z,RE,Reno,2caac1da-4db4-431b-998d-21dc6fd03dce,SAMMS-Reno
202608192252096892,202608192152667422,202608192152666995,85,2942,Bronze INV,br_OrientationChecklistNew,TASK_COMPLETE,FAILED,ERROR,16,16,1,SAMMS INV pipeline failed. Check the failed parent/child activity run details.,2026-08-19T21:53:13.467Z,2026-08-19T22:54:29.012Z,3676,2026-08-19T22:54:29.012Z,RMD,Richmond,2caac1da-4db4-431b-998d-21dc6fd03dce,SAMMS-Richmond
202608192252096893,202608192152667423,202608192152666995,85,2943,Bronze INV,br_OrientationChecklistNew,TASK_COMPLETE,FAILED,ERROR,15,15,1,SAMMS INV pipeline failed. Check the failed parent/child activity run details.,2026-08-19T21:53:13.467Z,2026-08-19T22:54:29.012Z,3676,2026-08-19T22:54:29.012Z,SFN,Springfield North,2caac1da-4db4-431b-998d-21dc6fd03dce,SAMMS-SFNv5
202608192252096894,202608192152667424,202608192152666995,85,2944,Bronze INV,br_OrientationChecklistNew,TASK_COMPLETE,FAILED,ERROR,8,8,1,SAMMS INV pipeline failed. Check the failed parent/child activity run details.,2026-08-19T21:53:13.467Z,2026-08-19T22:54:29.012Z,3676,2026-08-19T22:54:29.012Z,SHP,Shreveport,2caac1da-4db4-431b-998d-21dc6fd03dce,SAMMS-Shreveport
202608192252096895,202608192152667425,202608192152666995,85,2946,Bronze INV,br_OrientationChecklistNew,TASK_COMPLETE,FAILED,ERROR,3,3,1,SAMMS INV pipeline failed. Check the failed parent/child activity run details.,2026-08-19T21:53:13.467Z,2026-08-19T22:54:29.012Z,3676,2026-08-19T22:54:29.012Z,STN,Staunton,2caac1da-4db4-431b-998d-21dc6fd03dce,SAMMS-Staunton
202608192252096896,202608192152667426,202608192152666995,85,2947,Bronze INV,br_OrientationChecklistNew,TASK_COMPLETE,FAILED,ERROR,2,2,1,SAMMS INV pipeline failed. Check the failed parent/child activity run details.,2026-08-19T21:53:13.467Z,2026-08-19T22:54:29.012Z,3676,2026-08-19T22:54:29.012Z,STVN,Stevenson,2caac1da-4db4-431b-998d-21dc6fd03dce,SAMMS-Stevenson
202608192252096897,202608192152667427,202608192152666995,85,2950,Bronze INV,br_OrientationChecklistNew,TASK_COMPLETE,FAILED,ERROR,0,0,1,SAMMS INV pipeline failed. Check the failed parent/child activity run details.,2026-08-19T21:53:13.467Z,2026-08-19T22:54:29.012Z,3676,2026-08-19T22:54:29.012Z,TEX,Texarkana,2caac1da-4db4-431b-998d-21dc6fd03dce,SAMMS-Texarkana
202608192252096899,202608192152667428,202608192152666995,85,2951,Bronze INV,br_OrientationChecklistNew,TASK_COMPLETE,FAILED,ERROR,2,2,1,SAMMS INV pipeline failed. Check the failed parent/child activity run details.,2026-08-19T21:53:13.467Z,2026-08-19T22:54:29.012Z,3676,2026-08-19T22:54:29.012Z,TTCA,Bessemer,2caac1da-4db4-431b-998d-21dc6fd03dce,SAMMS-BessemerV5
202608192252096900,202608192152667429,202608192152666995,85,2952,Bronze INV,br_OrientationChecklistNew,TASK_COMPLETE,FAILED,ERROR,5,5,1,SAMMS INV pipeline failed. Check the failed parent/child activity run details.,2026-08-19T21:53:13.467Z,2026-08-19T22:54:29.012Z,3676,2026-08-19T22:54:29.012Z,TTCB,Cullman,2caac1da-4db4-431b-998d-21dc6fd03dce,SAMMS-CullmanV5
202608192252096901,202608192152667430,202608192152666995,85,2953,Bronze INV,br_OrientationChecklistNew,TASK_COMPLETE,FAILED,ERROR,2,2,1,SAMMS INV pipeline failed. Check the failed parent/child activity run details.,2026-08-19T21:53:13.467Z,2026-08-19T22:54:29.012Z,3676,2026-08-19T22:54:29.012Z,TTCC,Grand Bay,2caac1da-4db4-431b-998d-21dc6fd03dce,SAMMS-GrandBay
202608192252096902,202608192152667431,202608192152666995,85,2956,Bronze INV,br_OrientationChecklistNew,TASK_COMPLETE,FAILED,ERROR,7,7,1,SAMMS INV pipeline failed. Check the failed parent/child activity run details.,2026-08-19T21:53:13.467Z,2026-08-19T22:54:29.012Z,3676,2026-08-19T22:54:29.012Z,V1,Memphis South,2caac1da-4db4-431b-998d-21dc6fd03dce,SAMMS-VCPHCS-I-MemphisV5
202608192252096903,202608192152667432,202608192152666995,85,2957,Bronze INV,br_OrientationChecklistNew,TASK_COMPLETE,FAILED,ERROR,3,3,1,SAMMS INV pipeline failed. Check the failed parent/child activity run details.,2026-08-19T21:53:13.467Z,2026-08-19T22:54:29.012Z,3676,2026-08-19T22:54:29.012Z,V10,Longmont,2caac1da-4db4-431b-998d-21dc6fd03dce,SAMMS-BoulderV5
202608192252096905,202608192152667433,202608192152666995,85,2958,Bronze INV,br_OrientationChecklistNew,TASK_COMPLETE,FAILED,ERROR,18,18,1,SAMMS INV pipeline failed. Check the failed parent/child activity run details.,2026-08-19T21:53:13.467Z,2026-08-19T22:54:29.012Z,3676,2026-08-19T22:54:29.012Z,V10A,Fort Collins,2caac1da-4db4-431b-998d-21dc6fd03dce,SAMMS-FortCollinsV5
202608192252096906,202608192152667434,202608192152666995,85,2959,Bronze INV,br_OrientationChecklistNew,TASK_COMPLETE,FAILED,ERROR,11,11,1,SAMMS INV pipeline failed. Check the failed parent/child activity run details.,2026-08-19T21:53:13.467Z,2026-08-19T22:54:29.012Z,3676,2026-08-19T22:54:29.012Z,V11,Westminster,2caac1da-4db4-431b-998d-21dc6fd03dce,SAMMS-VCPHCS-XI-NorthDenverV5
202608192252096907,202608192152667435,202608192152666995,85,2960,Bronze INV,br_OrientationChecklistNew,TASK_COMPLETE,FAILED,ERROR,14,14,1,SAMMS INV pipeline failed. Check the failed parent/child activity run details.,2026-08-19T21:53:13.467Z,2026-08-19T22:54:29.012Z,3676,2026-08-19T22:54:29.012Z,V12,Downtown Denver,2caac1da-4db4-431b-998d-21dc6fd03dce,SAMMS-VCPHCS-XII-DowntownDenverV5
202608192252096908,202608192152667436,202608192152666995,85,2961,Bronze INV,br_OrientationChecklistNew,TASK_COMPLETE,FAILED,ERROR,3,3,1,SAMMS INV pipeline failed. Check the failed parent/child activity run details.,2026-08-19T21:53:13.467Z,2026-08-19T22:54:29.012Z,3676,2026-08-19T22:54:29.012Z,V12A,Centennial,2caac1da-4db4-431b-998d-21dc6fd03dce,SAMMS-CentennialV5
202608192252096909,202608192152667437,202608192152666995,85,2962,Bronze INV,br_OrientationChecklistNew,TASK_COMPLETE,FAILED,ERROR,4,4,1,SAMMS INV pipeline failed. Check the failed parent/child activity run details.,2026-08-19T21:53:13.467Z,2026-08-19T22:54:29.012Z,3676,2026-08-19T22:54:29.012Z,V14,Overland Park,2caac1da-4db4-431b-998d-21dc6fd03dce,SAMMS-VCPHCS-XIV-BridgewayV5
202608192252096910,202608192152667438,202608192152666995,85,2963,Bronze INV,br_OrientationChecklistNew,TASK_COMPLETE,FAILED,ERROR,15,15,1,SAMMS INV pipeline failed. Check the failed parent/child activity run details.,2026-08-19T21:53:13.467Z,2026-08-19T22:54:29.012Z,3676,2026-08-19T22:54:29.012Z,V15,Joplin,2caac1da-4db4-431b-998d-21dc6fd03dce,SAMMS-JoplinV5
202608192252096912,202608192152667439,202608192152666995,85,2965,Bronze INV,br_OrientationChecklistNew,TASK_COMPLETE,FAILED,ERROR,8,8,1,SAMMS INV pipeline failed. Check the failed parent/child activity run details.,2026-08-19T21:53:13.467Z,2026-08-19T22:54:29.012Z,3676,2026-08-19T22:54:29.012Z,V17,Columbia TN,2caac1da-4db4-431b-998d-21dc6fd03dce,SAMMS-ColumbiaTNv5
202608192252096913,202608192152667440,202608192152666995,85,2967,Bronze INV,br_OrientationChecklistNew,TASK_COMPLETE,FAILED,ERROR,5,5,1,SAMMS INV pipeline failed. Check the failed parent/child activity run details.,2026-08-19T21:53:13.467Z,2026-08-19T22:54:29.012Z,3676,2026-08-19T22:54:29.012Z,V19,Jackson,2caac1da-4db4-431b-998d-21dc6fd03dce,SAMMS-JacksonV5
202608192252096914,202608192152667441,202608192152666995,85,2969,Bronze INV,br_OrientationChecklistNew,TASK_COMPLETE,FAILED,ERROR,7,7,1,SAMMS INV pipeline failed. Check the failed parent/child activity run details.,2026-08-19T21:53:13.467Z,2026-08-19T22:54:29.012Z,3676,2026-08-19T22:54:29.012Z,V20,Paris,2caac1da-4db4-431b-998d-21dc6fd03dce,SAMMS-ParisV5
202608192252096915,202608192152667442,202608192152666995,85,2970,Bronze INV,br_OrientationChecklistNew,TASK_COMPLETE,FAILED,ERROR,2,2,1,SAMMS INV pipeline failed. Check the failed parent/child activity run details.,2026-08-19T21:53:13.467Z,2026-08-19T22:54:29.012Z,3676,2026-08-19T22:54:29.012Z,V21,Memphis North,2caac1da-4db4-431b-998d-21dc6fd03dce,SAMMS-RaleighV5
202608192252096916,202608192152667443,202608192152666995,85,2973,Bronze INV,br_OrientationChecklistNew,TASK_COMPLETE,FAILED,ERROR,7,7,1,SAMMS INV pipeline failed. Check the failed parent/child activity run details.,2026-08-19T21:53:13.467Z,2026-08-19T22:54:29.012Z,3676,2026-08-19T22:54:29.012Z,V5,West Bank,2caac1da-4db4-431b-998d-21dc6fd03dce,SAMMS-NONTCv5
202608192252096917,202608192152667444,202608192152666995,85,2975,Bronze INV,br_OrientationChecklistNew,TASK_COMPLETE,FAILED,ERROR,6,6,1,SAMMS INV pipeline failed. Check the failed parent/child activity run details.,2026-08-19T21:53:13.467Z,2026-08-19T22:54:29.012Z,3676,2026-08-19T22:54:29.012Z,V5B,Houma,2caac1da-4db4-431b-998d-21dc6fd03dce,SAMMS-HoumaV6
202608192252096918,202608192152667445,202608192152666995,85,2976,Bronze INV,br_OrientationChecklistNew,TASK_COMPLETE,FAILED,ERROR,6,6,1,SAMMS INV pipeline failed. Check the failed parent/child activity run details.,2026-08-19T21:53:13.467Z,2026-08-19T22:54:29.012Z,3676,2026-08-19T22:54:29.012Z,V6,Lake Charles,2caac1da-4db4-431b-998d-21dc6fd03dce,SAMMS-LCv5
202608192252096920,202608192152667446,202608192152666995,85,2978,Bronze INV,br_OrientationChecklistNew,TASK_COMPLETE,FAILED,ERROR,12,12,1,SAMMS INV pipeline failed. Check the failed parent/child activity run details.,2026-08-19T21:53:13.467Z,2026-08-19T22:54:29.012Z,3676,2026-08-19T22:54:29.012Z,V8,Memphis Midtown,2caac1da-4db4-431b-998d-21dc6fd03dce,SAMMS-VCPHCS-VIII-MemphisV5
202608200351423522,202608200351423521,20260820035127,39,154,Gold KnowBe4 Enrollments,KnowBe4Enrollments,TASK_FAILED,FAILED,ERROR,0,0,0,"An error occurred while calling o7829.synapsesql. : com.microsoft.spark.fabric.tds.write.error.FabricSparkTDSWriteError: Schemas are not equal: Fields in dataframe but missing in Table: StructField(campaign_name,StringType,true), StructField(completion_date,StringType,true), StructField(content_type,StringType,true), StructField(enrollment_date,StringType,true), StructField(enrollment_id,LongType,true), StructField(module_name,StringType,true), StructField(policy_acknowledged,BooleanType,true), StructField(score,DoubleType,true), StructField(start_date,StringType,true), StructField(status,StringType,true), StructField(time_spent,LongType,true), StructField(user,StructType(StructField(email,StringType,true),StructField(first_name,StringType,true),StructField(id,LongType,true),StructField(last_name,StringType,true)),true) Fields in table but missing in dataframe: StructField(CampaignName,StringType,true), StructField(CompletionDate,DateType,true), StructField(ContentType,StringType,true), StructField(EnrollmentDate,DateType,true), StructField(EnrollmentId,IntegerType,true), StructField(ModuleName,StringType,true), StructField(PolicyAcknowledged,IntegerType,true), StructField(Score,FloatType,true), StructField(StartDate,DateType,true), StructField(Status,StringType,true), StructField(TimeSpent,IntegerType,true), StructField(UserEmail,StringType,true), StructField(UserFirstName,StringType,true), StructField(UserId,IntegerType,true), StructField(UserLastName,StringType,true)",2026-08-20T03:51:48.162Z,2026-08-20T03:52:10.955Z,20,2026-08-20T03:52:10.955Z,,,10674be9-f2b1-4514-8872-e5284ac360a9,
202608192252098128,202608192152669454,202608192152666995,85,4344,Bronze INV,br_ReAssessmentSubstanceUse,TASK_COMPLETE,FAILED,ERROR,57,57,1,SAMMS INV pipeline failed. Check the failed parent/child activity run details.,2026-08-19T21:53:13.467Z,2026-08-19T22:54:29.012Z,3676,2026-08-19T22:54:29.012Z,CBCO,Coeur dAlene,2caac1da-4db4-431b-998d-21dc6fd03dce,SAMMS-CoeurdAleneV6
202608192252098130,202608192152669455,202608192152666995,85,4363,Bronze INV,br_ReAssessmentSubstanceUse,TASK_COMPLETE,FAILED,ERROR,0,0,1,SAMMS INV pipeline failed. Check the failed parent/child activity run details.,2026-08-19T21:53:13.467Z,2026-08-19T22:54:29.012Z,3676,2026-08-19T22:54:29.012Z,CON,Conway,2caac1da-4db4-431b-998d-21dc6fd03dce,SAMMS-Conway
202608192252098131,202608192152669456,202608192152666995,85,4364,Bronze INV,br_ReAssessmentSubstanceUse,TASK_COMPLETE,FAILED,ERROR,2630,2630,1,SAMMS INV pipeline failed. Check the failed parent/child activity run details.,2026-08-19T21:53:13.467Z,2026-08-19T22:54:29.012Z,3676,2026-08-19T22:54:29.012Z,D07,Medical Services Knox TN,2caac1da-4db4-431b-998d-21dc6fd03dce,SAMMS-KnoxvilleV6
202608192252098132,202608192152669457,202608192152666995,85,4365,Bronze INV,br_ReAssessmentSubstanceUse,TASK_COMPLETE,FAILED,ERROR,116,116,1,SAMMS INV pipeline failed. Check the failed parent/child activity run details.,2026-08-19T21:53:13.467Z,2026-08-19T22:54:29.012Z,3676,2026-08-19T22:54:29.012Z,D08,Madison,2caac1da-4db4-431b-998d-21dc6fd03dce,SAMMS-MadisonV6
202608192252098133,202608192152669458,202608192152666995,85,4367,Bronze INV,br_ReAssessmentSubstanceUse,TASK_COMPLETE,FAILED,ERROR,137,137,1,SAMMS INV pipeline failed. Check the failed parent/child activity run details.,2026-08-19T21:53:13.467Z,2026-08-19T22:54:29.012Z,3676,2026-08-19T22:54:29.012Z,D09,Murfreesboro,2caac1da-4db4-431b-998d-21dc6fd03dce,SAMMS-MurfreesboroV6
202608192252098134,202608192152669459,202608192152666995,85,4368,Bronze INV,br_ReAssessmentSubstanceUse,TASK_COMPLETE,FAILED,ERROR,340,340,1,SAMMS INV pipeline failed. Check the failed parent/child activity run details.,2026-08-19T21:53:13.467Z,2026-08-19T22:54:29.012Z,3676,2026-08-19T22:54:29.012Z,DA,Davenport,2caac1da-4db4-431b-998d-21dc6fd03dce,SAMMS-Davenport
202608192252098135,202608192152669460,202608192152666995,85,4369,Bronze INV,br_ReAssessmentSubstanceUse,TASK_COMPLETE,FAILED,ERROR,292,292,1,SAMMS INV pipeline failed. Check the failed parent/child activity run details.,2026-08-19T21:53:13.467Z,2026-08-19T22:54:29.012Z,3676,2026-08-19T22:54:29.012Z,DM,Des Moines,2caac1da-4db4-431b-998d-21dc6fd03dce,SAMMS-DesMoines
202608192252098137,202608192152669461,202608192152666995,85,4371,Bronze INV,br_ReAssessmentSubstanceUse,TASK_COMPLETE,FAILED,ERROR,534,534,1,SAMMS INV pipeline failed. Check the failed parent/child activity run details.,2026-08-19T21:53:13.467Z,2026-08-19T22:54:29.012Z,3676,2026-08-19T22:54:29.012Z,DRD-CO,Columbia MO,2caac1da-4db4-431b-998d-21dc6fd03dce,SAMMS-ColumbiaV5
202608192252098138,202608192152669462,202608192152666995,85,4372,Bronze INV,br_ReAssessmentSubstanceUse,TASK_COMPLETE,FAILED,ERROR,348,348,1,SAMMS INV pipeline failed. Check the failed parent/child activity run details.,2026-08-19T21:53:13.467Z,2026-08-19T22:54:29.012Z,3676,2026-08-19T22:54:29.012Z,DRD-KC,KC,2caac1da-4db4-431b-998d-21dc6fd03dce,SAMMS-KCv5
202608192252098139,202608192152669463,202608192152666995,85,4373,Bronze INV,br_ReAssessmentSubstanceUse,TASK_COMPLETE,FAILED,ERROR,1572,1572,1,SAMMS INV pipeline failed. Check the failed parent/child activity run details.,2026-08-19T21:53:13.467Z,2026-08-19T22:54:29.012Z,3676,2026-08-19T22:54:29.012Z,DRD-KVB,KVB,2caac1da-4db4-431b-998d-21dc6fd03dce,SAMMS-KVBv5
202608192252098140,202608192152669464,202608192152666995,85,4374,Bronze INV,br_ReAssessmentSubstanceUse,TASK_COMPLETE,FAILED,ERROR,1688,1688,1,SAMMS INV pipeline failed. Check the failed parent/child activity run details.,2026-08-19T21:53:13.467Z,2026-08-19T22:54:29.012Z,3676,2026-08-19T22:54:29.012Z,DRD-KVC,KVC,2caac1da-4db4-431b-998d-21dc6fd03dce,SAMMS-KVCv5
202608192252098141,202608192152669465,202608192152666995,85,4375,Bronze INV,br_ReAssessmentSubstanceUse,TASK_COMPLETE,FAILED,ERROR,3216,3216,1,SAMMS INV pipeline failed. Check the failed parent/child activity run details.,2026-08-19T21:53:13.467Z,2026-08-19T22:54:29.012Z,3676,2026-08-19T22:54:29.012Z,DRD-NOLA,NOLA,2caac1da-4db4-431b-998d-21dc6fd03dce,SAMMS-NOLAv5
202608192252098142,202608192152669466,202608192152666995,85,4376,Bronze INV,br_ReAssessmentSubstanceUse,TASK_COMPLETE,FAILED,ERROR,817,817,1,SAMMS INV pipeline failed. Check the failed parent/child activity run details.,2026-08-19T21:53:13.467Z,2026-08-19T22:54:29.012Z,3676,2026-08-19T22:54:29.012Z,DRD-SF,Springfield,2caac1da-4db4-431b-998d-21dc6fd03dce,SAMMS-SFv5
202608192252098144,202608192152669467,202608192152666995,85,4378,Bronze INV,br_ReAssessmentSubstanceUse,TASK_COMPLETE,FAILED,ERROR,262,262,1,SAMMS INV pipeline failed. Check the failed parent/child activity run details.,2026-08-19T21:53:13.467Z,2026-08-19T22:54:29.012Z,3676,2026-08-19T22:54:29.012Z,ELC,Elizabeth City,2caac1da-4db4-431b-998d-21dc6fd03dce,SAMMS-ElizabethCity
202608192252098145,202608192152669468,202608192152666995,85,4379,Bronze INV,br_ReAssessmentSubstanceUse,TASK_COMPLETE,FAILED,ERROR,128,128,1,SAMMS INV pipeline failed. Check the failed parent/child activity run details.,2026-08-19T21:53:13.467Z,2026-08-19T22:54:29.012Z,3676,2026-08-19T22:54:29.012Z,ET,Elizabethtown,2caac1da-4db4-431b-998d-21dc6fd03dce,SAMMS-Elizabethtown
202608192252098146,202608192152669469,202608192152666995,85,4380,Bronze INV,br_ReAssessmentSubstanceUse,TASK_COMPLETE,FAILED,ERROR,0,0,1,SAMMS INV pipeline failed. Check the failed parent/child activity run details.,2026-08-19T21:53:13.467Z,2026-08-19T22:54:29.012Z,3676,2026-08-19T22:54:29.012Z,FAY,Fayetteville,2caac1da-4db4-431b-998d-21dc6fd03dce,SAMMS-Fayetteville
202608192252098147,202608192152669470,202608192152666995,85,4381,Bronze INV,br_ReAssessmentSubstanceUse,TASK_COMPLETE,FAILED,ERROR,158,158,1,SAMMS INV pipeline failed. Check the failed parent/child activity run details.,2026-08-19T21:53:13.467Z,2026-08-19T22:54:29.012Z,3676,2026-08-19T22:54:29.012Z,FR,Frankfort,2caac1da-4db4-431b-998d-21dc6fd03dce,SAMMS-Frankfort
202608192252098148,202608192152669471,202608192152666995,85,4382,Bronze INV,br_ReAssessmentSubstanceUse,TASK_COMPLETE,FAILED,ERROR,0,0,1,SAMMS INV pipeline failed. Check the failed parent/child activity run details.,2026-08-19T21:53:13.467Z,2026-08-19T22:54:29.012Z,3676,2026-08-19T22:54:29.012Z,FS,Fort Smith,2caac1da-4db4-431b-998d-21dc6fd03dce,SAMMS-FortSmith
202608192252098149,202608192152669472,202608192152666995,85,4383,Bronze INV,br_ReAssessmentSubstanceUse,TASK_COMPLETE,FAILED,ERROR,472,472,1,SAMMS INV pipeline failed. Check the failed parent/child activity run details.,2026-08-19T21:53:13.467Z,2026-08-19T22:54:29.012Z,3676,2026-08-19T22:54:29.012Z,FW,Fort Wayne,2caac1da-4db4-431b-998d-21dc6fd03dce,SAMMS-FortWayne
202608192252098150,202608192152669473,202608192152666995,85,4384,Bronze INV,br_ReAssessmentSubstanceUse,TASK_COMPLETE,FAILED,ERROR,276,276,1,SAMMS INV pipeline failed. Check the failed parent/child activity run details.,2026-08-19T21:53:13.467Z,2026-08-19T22:54:29.012Z,3676,2026-08-19T22:54:29.012Z,GAL,Gaylord,2caac1da-4db4-431b-998d-21dc6fd03dce,SAMMS-Gaylord
202608192252098152,202608192152669474,202608192152666995,85,4388,Bronze INV,br_ReAssessmentSubstanceUse,TASK_COMPLETE,FAILED,ERROR,102,102,1,SAMMS INV pipeline failed. Check the failed parent/child activity run details.,2026-08-19T21:53:13.467Z,2026-08-19T22:54:29.012Z,3676,2026-08-19T22:54:29.012Z,HGT,Hagerstown,2caac1da-4db4-431b-998d-21dc6fd03dce,SAMMS-Hagerstown
202608192252098153,202608192152669475,202608192152666995,85,4389,Bronze INV,br_ReAssessmentSubstanceUse,TASK_COMPLETE,FAILED,ERROR,1747,1747,1,SAMMS INV pipeline failed. Check the failed parent/child activity run details.,2026-08-19T21:53:13.467Z,2026-08-19T22:54:29.012Z,3676,2026-08-19T22:54:29.012Z,HNT,Huntsville,2caac1da-4db4-431b-998d-21dc6fd03dce,SAMMS-Huntsville
202608192252098154,202608192152669476,202608192152666995,85,4390,Bronze INV,br_ReAssessmentSubstanceUse,TASK_COMPLETE,FAILED,ERROR,0,0,1,SAMMS INV pipeline failed. Check the failed parent/child activity run details.,2026-08-19T21:53:13.467Z,2026-08-19T22:54:29.012Z,3676,2026-08-19T22:54:29.012Z,HS,Hot Springs,2caac1da-4db4-431b-998d-21dc6fd03dce,SAMMS-HotSprings
202608192252098155,202608192152669477,202608192152666995,85,4391,Bronze INV,br_ReAssessmentSubstanceUse,TASK_COMPLETE,FAILED,ERROR,0,0,1,SAMMS INV pipeline failed. Check the failed parent/child activity run details.,2026-08-19T21:53:13.467Z,2026-08-19T22:54:29.012Z,3676,2026-08-19T22:54:29.012Z,JON,Jonesboro,2caac1da-4db4-431b-998d-21dc6fd03dce,SAMMS-Jonesboro
202608192252098156,202608192152669478,202608192152666995,85,4393,Bronze INV,br_ReAssessmentSubstanceUse,TASK_COMPLETE,FAILED,ERROR,455,455,1,SAMMS INV pipeline failed. Check the failed parent/child activity run details.,2026-08-19T21:53:13.467Z,2026-08-19T22:54:29.012Z,3676,2026-08-19T22:54:29.012Z,LAN,Lansing,2caac1da-4db4-431b-998d-21dc6fd03dce,SAMMS-Lansing
202608192252098157,202608192152669479,202608192152666995,85,4394,Bronze INV,br_ReAssessmentSubstanceUse,TASK_COMPLETE,FAILED,ERROR,1293,1293,1,SAMMS INV pipeline failed. Check the failed parent/child activity run details.,2026-08-19T21:53:13.467Z,2026-08-19T22:54:29.012Z,3676,2026-08-19T22:54:29.012Z,LO,Louisville,2caac1da-4db4-431b-998d-21dc6fd03dce,SAMMS-Louisville
202608192252098159,202608192152669480,202608192152666995,85,4395,Bronze INV,br_ReAssessmentSubstanceUse,TASK_COMPLETE,FAILED,ERROR,295,295,1,SAMMS INV pipeline failed. Check the failed parent/child activity run details.,2026-08-19T21:53:13.467Z,2026-08-19T22:54:29.012Z,3676,2026-08-19T22:54:29.012Z,LV1,Cheyenne,2caac1da-4db4-431b-998d-21dc6fd03dce,SAMMS-Cheyenne
202608192252098160,202608192152669481,202608192152666995,85,4396,Bronze INV,br_ReAssessmentSubstanceUse,TASK_COMPLETE,FAILED,ERROR,205,205,1,SAMMS INV pipeline failed. Check the failed parent/child activity run details.,2026-08-19T21:53:13.467Z,2026-08-19T22:54:29.012Z,3676,2026-08-19T22:54:29.012Z,LV2,Desert Inn,2caac1da-4db4-431b-998d-21dc6fd03dce,SAMMS-DesertInn
202608192252098161,202608192152669482,202608192152666995,85,4397,Bronze INV,br_ReAssessmentSubstanceUse,TASK_COMPLETE,FAILED,ERROR,111,111,1,SAMMS INV pipeline failed. Check the failed parent/child activity run details.,2026-08-19T21:53:13.467Z,2026-08-19T22:54:29.012Z,3676,2026-08-19T22:54:29.012Z,LV3,McDaniel,2caac1da-4db4-431b-998d-21dc6fd03dce,SAMMS-McDaniel
202608192252098162,202608192152669483,202608192152666995,85,4400,Bronze INV,br_ReAssessmentSubstanceUse,TASK_COMPLETE,FAILED,ERROR,365,365,1,SAMMS INV pipeline failed. Check the failed parent/child activity run details.,2026-08-19T21:53:13.467Z,2026-08-19T22:54:29.012Z,3676,2026-08-19T22:54:29.012Z,MNRE,Monroe,2caac1da-4db4-431b-998d-21dc6fd03dce,SAMMS-Monroe
202608192252098163,202608192152669484,202608192152666995,85,4401,Bronze INV,br_ReAssessmentSubstanceUse,TASK_COMPLETE,FAILED,ERROR,1437,1437,1,SAMMS INV pipeline failed. Check the failed parent/child activity run details.,2026-08-19T21:53:13.467Z,2026-08-19T22:54:29.012Z,3676,2026-08-19T22:54:29.012Z,MP,Mt. Pleasant,2caac1da-4db4-431b-998d-21dc6fd03dce,SAMMS-MtPleasant
202608192252098164,202608192152669485,202608192152666995,85,4402,Bronze INV,br_ReAssessmentSubstanceUse,TASK_COMPLETE,FAILED,ERROR,156,156,1,SAMMS INV pipeline failed. Check the failed parent/child activity run details.,2026-08-19T21:53:13.467Z,2026-08-19T22:54:29.012Z,3676,2026-08-19T22:54:29.012Z,MRD,Meridian,2caac1da-4db4-431b-998d-21dc6fd03dce,SAMMS-Meridian
202608192252098166,202608192152669486,202608192152666995,85,4407,Bronze INV,br_ReAssessmentSubstanceUse,TASK_COMPLETE,FAILED,ERROR,697,697,1,SAMMS INV pipeline failed. Check the failed parent/child activity run details.,2026-08-19T21:53:13.467Z,2026-08-19T22:54:29.012Z,3676,2026-08-19T22:54:29.012Z,NC,North Charleston,2caac1da-4db4-431b-998d-21dc6fd03dce,SAMMS-NorthCharleston
202608192252098167,202608192152669487,202608192152666995,85,4408,Bronze INV,br_ReAssessmentSubstanceUse,TASK_COMPLETE,FAILED,ERROR,0,0,1,SAMMS INV pipeline failed. Check the failed parent/child activity run details.,2026-08-19T21:53:13.467Z,2026-08-19T22:54:29.012Z,3676,2026-08-19T22:54:29.012Z,NLR,N. Little Rock,2caac1da-4db4-431b-998d-21dc6fd03dce,SAMMS-NLROBOT
202608192252098168,202608192152669488,202608192152666995,85,4409,Bronze INV,br_ReAssessmentSubstanceUse,TASK_COMPLETE,FAILED,ERROR,115,115,1,SAMMS INV pipeline failed. Check the failed parent/child activity run details.,2026-08-19T21:53:13.467Z,2026-08-19T22:54:29.012Z,3676,2026-08-19T22:54:29.012Z,PH,Phoenix,2caac1da-4db4-431b-998d-21dc6fd03dce,SAMMS-Phoenix
202608192252098169,202608192152669489,202608192152666995,85,4413,Bronze INV,br_ReAssessmentSubstanceUse,TASK_COMPLETE,FAILED,ERROR,219,219,1,SAMMS INV pipeline failed. Check the failed parent/child activity run details.,2026-08-19T21:53:13.467Z,2026-08-19T22:54:29.012Z,3676,2026-08-19T22:54:29.012Z,RE,Reno,2caac1da-4db4-431b-998d-21dc6fd03dce,SAMMS-Reno
202608192252098170,202608192152669490,202608192152666995,85,4414,Bronze INV,br_ReAssessmentSubstanceUse,TASK_COMPLETE,FAILED,ERROR,89,89,1,SAMMS INV pipeline failed. Check the failed parent/child activity run details.,2026-08-19T21:53:13.467Z,2026-08-19T22:54:29.012Z,3676,2026-08-19T22:54:29.012Z,RMD,Richmond,2caac1da-4db4-431b-998d-21dc6fd03dce,SAMMS-Richmond
202608192252098171,202608192152669491,202608192152666995,85,4415,Bronze INV,br_ReAssessmentSubstanceUse,TASK_COMPLETE,FAILED,ERROR,594,594,1,SAMMS INV pipeline failed. Check the failed parent/child activity run details.,2026-08-19T21:53:13.467Z,2026-08-19T22:54:29.012Z,3676,2026-08-19T22:54:29.012Z,SFN,Springfield North,2caac1da-4db4-431b-998d-21dc6fd03dce,SAMMS-SFNv5
202608192252098172,202608192152669492,202608192152666995,85,4416,Bronze INV,br_ReAssessmentSubstanceUse,TASK_COMPLETE,FAILED,ERROR,790,790,1,SAMMS INV pipeline failed. Check the failed parent/child activity run details.,2026-08-19T21:53:13.467Z,2026-08-19T22:54:29.012Z,3676,2026-08-19T22:54:29.012Z,SHP,Shreveport,2caac1da-4db4-431b-998d-21dc6fd03dce,SAMMS-Shreveport
202608192252098174,202608192152669493,202608192152666995,85,4418,Bronze INV,br_ReAssessmentSubstanceUse,TASK_COMPLETE,FAILED,ERROR,488,488,1,SAMMS INV pipeline failed. Check the failed parent/child activity run details.,2026-08-19T21:53:13.467Z,2026-08-19T22:54:29.012Z,3676,2026-08-19T22:54:29.012Z,STN,Staunton,2caac1da-4db4-431b-998d-21dc6fd03dce,SAMMS-Staunton
202608192252098175,202608192152669494,202608192152666995,85,4419,Bronze INV,br_ReAssessmentSubstanceUse,TASK_COMPLETE,FAILED,ERROR,228,228,1,SAMMS INV pipeline failed. Check the failed parent/child activity run details.,2026-08-19T21:53:13.467Z,2026-08-19T22:54:29.012Z,3676,2026-08-19T22:54:29.012Z,STVN,Stevenson,2caac1da-4db4-431b-998d-21dc6fd03dce,SAMMS-Stevenson
202608192252098176,202608192152669495,202608192152666995,85,4421,Bronze INV,br_ReAssessmentSubstanceUse,TASK_COMPLETE,FAILED,ERROR,178,178,1,SAMMS INV pipeline failed. Check the failed parent/child activity run details.,2026-08-19T21:53:13.467Z,2026-08-19T22:54:29.012Z,3676,2026-08-19T22:54:29.012Z,TE,Tempe,2caac1da-4db4-431b-998d-21dc6fd03dce,SAMMS-Tempe
202608192252098177,202608192152669496,202608192152666995,85,4422,Bronze INV,br_ReAssessmentSubstanceUse,TASK_COMPLETE,FAILED,ERROR,0,0,1,SAMMS INV pipeline failed. Check the failed parent/child activity run details.,2026-08-19T21:53:13.467Z,2026-08-19T22:54:29.012Z,3676,2026-08-19T22:54:29.012Z,TEX,Texarkana,2caac1da-4db4-431b-998d-21dc6fd03dce,SAMMS-Texarkana
202608192252098178,202608192152669497,202608192152666995,85,4423,Bronze INV,br_ReAssessmentSubstanceUse,TASK_COMPLETE,FAILED,ERROR,1104,1104,1,SAMMS INV pipeline failed. Check the failed parent/child activity run details.,2026-08-19T21:53:13.467Z,2026-08-19T22:54:29.012Z,3676,2026-08-19T22:54:29.012Z,TTCA,Bessemer,2caac1da-4db4-431b-998d-21dc6fd03dce,SAMMS-BessemerV5
202608192252098179,202608192152669498,202608192152666995,85,4424,Bronze INV,br_ReAssessmentSubstanceUse,TASK_COMPLETE,FAILED,ERROR,1326,1326,1,SAMMS INV pipeline failed. Check the failed parent/child activity run details.,2026-08-19T21:53:13.467Z,2026-08-19T22:54:29.012Z,3676,2026-08-19T22:54:29.012Z,TTCB,Cullman,2caac1da-4db4-431b-998d-21dc6fd03dce,SAMMS-CullmanV5
202608192252098181,202608192152669499,202608192152666995,85,4425,Bronze INV,br_ReAssessmentSubstanceUse,TASK_COMPLETE,FAILED,ERROR,973,973,1,SAMMS INV pipeline failed. Check the failed parent/child activity run details.,2026-08-19T21:53:13.467Z,2026-08-19T22:54:29.012Z,3676,2026-08-19T22:54:29.012Z,TTCC,Grand Bay,2caac1da-4db4-431b-998d-21dc6fd03dce,SAMMS-GrandBay
202608192252098182,202608192152669500,202608192152666995,85,4426,Bronze INV,br_ReAssessmentSubstanceUse,TASK_COMPLETE,FAILED,ERROR,17,17,1,SAMMS INV pipeline failed. Check the failed parent/child activity run details.,2026-08-19T21:53:13.467Z,2026-08-19T22:54:29.012Z,3676,2026-08-19T22:54:29.012Z,TU,Tucson,2caac1da-4db4-431b-998d-21dc6fd03dce,SAMMS-Tucson
202608192252098183,202608192152669501,202608192152666995,85,4428,Bronze INV,br_ReAssessmentSubstanceUse,TASK_COMPLETE,FAILED,ERROR,663,663,1,SAMMS INV pipeline failed. Check the failed parent/child activity run details.,2026-08-19T21:53:13.467Z,2026-08-19T22:54:29.012Z,3676,2026-08-19T22:54:29.012Z,V1,Memphis South,2caac1da-4db4-431b-998d-21dc6fd03dce,SAMMS-VCPHCS-I-MemphisV5
202608192252098184,202608192152669502,202608192152666995,85,4429,Bronze INV,br_ReAssessmentSubstanceUse,TASK_COMPLETE,FAILED,ERROR,1641,1641,1,SAMMS INV pipeline failed. Check the failed parent/child activity run details.,2026-08-19T21:53:13.467Z,2026-08-19T22:54:29.012Z,3676,2026-08-19T22:54:29.012Z,V10,Longmont,2caac1da-4db4-431b-998d-21dc6fd03dce,SAMMS-BoulderV5
202608192252098185,202608192152669503,202608192152666995,85,4430,Bronze INV,br_ReAssessmentSubstanceUse,TASK_COMPLETE,FAILED,ERROR,1527,1527,1,SAMMS INV pipeline failed. Check the failed parent/child activity run details.,2026-08-19T21:53:13.467Z,2026-08-19T22:54:29.012Z,3676,2026-08-19T22:54:29.012Z,V10A,Fort Collins,2caac1da-4db4-431b-998d-21dc6fd03dce,SAMMS-FortCollinsV5
202608192252098186,202608192152669504,202608192152666995,85,4431,Bronze INV,br_ReAssessmentSubstanceUse,TASK_COMPLETE,FAILED,ERROR,2896,2896,1,SAMMS INV pipeline failed. Check the failed parent/child activity run details.,2026-08-19T21:53:13.467Z,2026-08-19T22:54:29.012Z,3676,2026-08-19T22:54:29.012Z,V11,Westminster,2caac1da-4db4-431b-998d-21dc6fd03dce,SAMMS-VCPHCS-XI-NorthDenverV5
202608192252098188,202608192152669505,202608192152666995,85,4432,Bronze INV,br_ReAssessmentSubstanceUse,TASK_COMPLETE,FAILED,ERROR,3073,3073,1,SAMMS INV pipeline failed. Check the failed parent/child activity run details.,2026-08-19T21:53:13.467Z,2026-08-19T22:54:29.012Z,3676,2026-08-19T22:54:29.012Z,V12,Downtown Denver,2caac1da-4db4-431b-998d-21dc6fd03dce,SAMMS-VCPHCS-XII-DowntownDenverV5
202608192252098189,202608192152669506,202608192152666995,85,4433,Bronze INV,br_ReAssessmentSubstanceUse,TASK_COMPLETE,FAILED,ERROR,1148,1148,1,SAMMS INV pipeline failed. Check the failed parent/child activity run details.,2026-08-19T21:53:13.467Z,2026-08-19T22:54:29.012Z,3676,2026-08-19T22:54:29.012Z,V12A,Centennial,2caac1da-4db4-431b-998d-21dc6fd03dce,SAMMS-CentennialV5
202608192252098190,202608192152669507,202608192152666995,85,4434,Bronze INV,br_ReAssessmentSubstanceUse,TASK_COMPLETE,FAILED,ERROR,301,301,1,SAMMS INV pipeline failed. Check the failed parent/child activity run details.,2026-08-19T21:53:13.467Z,2026-08-19T22:54:29.012Z,3676,2026-08-19T22:54:29.012Z,V14,Overland Park,2caac1da-4db4-431b-998d-21dc6fd03dce,SAMMS-VCPHCS-XIV-BridgewayV5
202608192252098191,202608192152669508,202608192152666995,85,4435,Bronze INV,br_ReAssessmentSubstanceUse,TASK_COMPLETE,FAILED,ERROR,611,611,1,SAMMS INV pipeline failed. Check the failed parent/child activity run details.,2026-08-19T21:53:13.467Z,2026-08-19T22:54:29.012Z,3676,2026-08-19T22:54:29.012Z,V15,Joplin,2caac1da-4db4-431b-998d-21dc6fd03dce,SAMMS-JoplinV5
202608192252098192,202608192152669509,202608192152666995,85,4437,Bronze INV,br_ReAssessmentSubstanceUse,TASK_COMPLETE,FAILED,ERROR,918,918,1,SAMMS INV pipeline failed. Check the failed parent/child activity run details.,2026-08-19T21:53:13.467Z,2026-08-19T22:54:29.012Z,3676,2026-08-19T22:54:29.012Z,V17,Columbia TN,2caac1da-4db4-431b-998d-21dc6fd03dce,SAMMS-ColumbiaTNv5
202608192252098193,202608192152669510,202608192152666995,85,4439,Bronze INV,br_ReAssessmentSubstanceUse,TASK_COMPLETE,FAILED,ERROR,544,544,1,SAMMS INV pipeline failed. Check the failed parent/child activity run details.,2026-08-19T21:53:13.467Z,2026-08-19T22:54:29.012Z,3676,2026-08-19T22:54:29.012Z,V19,Jackson,2caac1da-4db4-431b-998d-21dc6fd03dce,SAMMS-JacksonV5
202608192252098194,202608192152669511,202608192152666995,85,4441,Bronze INV,br_ReAssessmentSubstanceUse,TASK_COMPLETE,FAILED,ERROR,1815,1815,1,SAMMS INV pipeline failed. Check the failed parent/child activity run details.,2026-08-19T21:53:13.467Z,2026-08-19T22:54:29.012Z,3676,2026-08-19T22:54:29.012Z,V20,Paris,2caac1da-4db4-431b-998d-21dc6fd03dce,SAMMS-ParisV5
202608192252098196,202608192152669512,202608192152666995,85,4442,Bronze INV,br_ReAssessmentSubstanceUse,TASK_COMPLETE,FAILED,ERROR,732,732,1,SAMMS INV pipeline failed. Check the failed parent/child activity run details.,2026-08-19T21:53:13.467Z,2026-08-19T22:54:29.012Z,3676,2026-08-19T22:54:29.012Z,V21,Memphis North,2caac1da-4db4-431b-998d-21dc6fd03dce,SAMMS-RaleighV5
202608192252098197,202608192152669513,202608192152666995,85,4445,Bronze INV,br_ReAssessmentSubstanceUse,TASK_COMPLETE,FAILED,ERROR,1817,1817,1,SAMMS INV pipeline failed. Check the failed parent/child activity run details.,2026-08-19T21:53:13.467Z,2026-08-19T22:54:29.012Z,3676,2026-08-19T22:54:29.012Z,V5,West Bank,2caac1da-4db4-431b-998d-21dc6fd03dce,SAMMS-NONTCv5
202608192252098198,202608192152669514,202608192152666995,85,4447,Bronze INV,br_ReAssessmentSubstanceUse,TASK_COMPLETE,FAILED,ERROR,150,150,1,SAMMS INV pipeline failed. Check the failed parent/child activity run details.,2026-08-19T21:53:13.467Z,2026-08-19T22:54:29.012Z,3676,2026-08-19T22:54:29.012Z,V5B,Houma,2caac1da-4db4-431b-998d-21dc6fd03dce,SAMMS-HoumaV6
202608192252098199,202608192152669515,202608192152666995,85,4448,Bronze INV,br_ReAssessmentSubstanceUse,TASK_COMPLETE,FAILED,ERROR,1929,1929,1,SAMMS INV pipeline failed. Check the failed parent/child activity run details.,2026-08-19T21:53:13.467Z,2026-08-19T22:54:29.012Z,3676,2026-08-19T22:54:29.012Z,V6,Lake Charles,2caac1da-4db4-431b-998d-21dc6fd03dce,SAMMS-LCv5
202608192252098200,202608192152669516,202608192152666995,85,4450,Bronze INV,br_ReAssessmentSubstanceUse,TASK_COMPLETE,FAILED,ERROR,748,748,1,SAMMS INV pipeline failed. Check the failed parent/child activity run details.,2026-08-19T21:53:13.467Z,2026-08-19T22:54:29.012Z,3676,2026-08-19T22:54:29.012Z,V8,Memphis Midtown,2caac1da-4db4-431b-998d-21dc6fd03dce,SAMMS-VCPHCS-VIII-MemphisV5
202608192252098201,202608192152669517,202608192152666995,85,4451,Bronze INV,br_ReAssessmentSubstanceUse,TASK_COMPLETE,FAILED,ERROR,1785,1785,1,SAMMS INV pipeline failed. Check the failed parent/child activity run details.,2026-08-19T21:53:13.467Z,2026-08-19T22:54:29.012Z,3676,2026-08-19T22:54:29.012Z,V9,Nashville,2caac1da-4db4-431b-998d-21dc6fd03dce,SAMMS-NashvilleV5
202608192252098203,202608192152669518,202608192152666995,85,4452,Bronze INV,br_ReAssessmentSubstanceUse,TASK_COMPLETE,FAILED,ERROR,854,854,1,SAMMS INV pipeline failed. Check the failed parent/child activity run details.,2026-08-19T21:53:13.467Z,2026-08-19T22:54:29.012Z,3676,2026-08-19T22:54:29.012Z,VBRA,Brainerd,2caac1da-4db4-431b-998d-21dc6fd03dce,SAMMS-BrainerdV6
202608192252098204,202608192152669519,202608192152666995,85,4453,Bronze INV,br_ReAssessmentSubstanceUse,TASK_COMPLETE,FAILED,ERROR,1988,1988,1,SAMMS INV pipeline failed. Check the failed parent/child activity run details.,2026-08-19T21:53:13.467Z,2026-08-19T22:54:29.012Z,3676,2026-08-19T22:54:29.012Z,VBRP,Brooklyn Park,2caac1da-4db4-431b-998d-21dc6fd03dce,SAMMS-BrooklynParkV6
202608192252098205,202608192152669520,202608192152666995,85,4455,Bronze INV,br_ReAssessmentSubstanceUse,TASK_COMPLETE,FAILED,ERROR,764,764,1,SAMMS INV pipeline failed. Check the failed parent/child activity run details.,2026-08-19T21:53:13.467Z,2026-08-19T22:54:29.012Z,3676,2026-08-19T22:54:29.012Z,VMIN,Minneapolis,2caac1da-4db4-431b-998d-21dc6fd03dce,SAMMS-MinneapolisV6
202608192252098206,202608192152669521,202608192152666995,85,4456,Bronze INV,br_ReAssessmentSubstanceUse,TASK_COMPLETE,FAILED,ERROR,920,920,1,SAMMS INV pipeline failed. Check the failed parent/child activity run details.,2026-08-19T21:53:13.467Z,2026-08-19T22:54:29.012Z,3676,2026-08-19T22:54:29.012Z,VWBY,Woodbury,2caac1da-4db4-431b-998d-21dc6fd03dce,SAMMS-WoodburyV6
202608192252098207,202608192152669522,202608192152666995,85,4458,Bronze INV,br_ReAssessmentSubstanceUse,TASK_COMPLETE,FAILED,ERROR,162,162,1,SAMMS INV pipeline failed. Check the failed parent/child activity run details.,2026-08-19T21:53:13.467Z,2026-08-19T22:54:29.012Z,3676,2026-08-19T22:54:29.012Z,WIL,Wilson,2caac1da-4db4-431b-998d-21dc6fd03dce,SAMMS-Wilson
202608192252098309,202608192152767011,202608192152766995,86,5735,Silver INV,sl_ReAssessmentSubstanceUse,TASK_COMPLETE,SUCCESS,INFO,79713,79713,0,,2026-08-19T21:53:13.467Z,2026-08-19T22:54:29.012Z,3676,2026-08-19T22:54:29.012Z,,,2caac1da-4db4-431b-998d-21dc6fd03dce,
202608192252098233,202608192152669638,202608192152666995,85,4462,Bronze INV,br_ReAssessmentTreatment,TASK_COMPLETE,FAILED,ERROR,35,35,1,SAMMS INV pipeline failed. Check the failed parent/child activity run details.,2026-08-19T21:53:13.467Z,2026-08-19T22:54:29.012Z,3676,2026-08-19T22:54:29.012Z,AHK,Ahoskie,2caac1da-4db4-431b-998d-21dc6fd03dce,SAMMS-Ahoskie
202608192252098234,202608192152669639,202608192152666995,85,4463,Bronze INV,br_ReAssessmentTreatment,TASK_COMPLETE,FAILED,ERROR,662,662,1,SAMMS INV pipeline failed. Check the failed parent/child activity run details.,2026-08-19T21:53:13.467Z,2026-08-19T22:54:29.012Z,3676,2026-08-19T22:54:29.012Z,B12B,Colorado Springs,2caac1da-4db4-431b-998d-21dc6fd03dce,SAMMS-ColoradoSpringsV5
202608192252098236,202608192152669640,202608192152666995,85,4464,Bronze INV,br_ReAssessmentTreatment,TASK_COMPLETE,FAILED,ERROR,828,828,1,SAMMS INV pipeline failed. Check the failed parent/child activity run details.,2026-08-19T21:53:13.467Z,2026-08-19T22:54:29.012Z,3676,2026-08-19T22:54:29.012Z,B24,Paintsville,2caac1da-4db4-431b-998d-21dc6fd03dce,SAMMS-PaintsvilleV5
202608192252098237,202608192152669641,202608192152666995,85,4465,Bronze INV,br_ReAssessmentTreatment,TASK_COMPLETE,FAILED,ERROR,646,646,1,SAMMS INV pipeline failed. Check the failed parent/child activity run details.,2026-08-19T21:53:13.467Z,2026-08-19T22:54:29.012Z,3676,2026-08-19T22:54:29.012Z,B25,Pikeville,2caac1da-4db4-431b-998d-21dc6fd03dce,SAMMS-PikevilleV5
202608192252098238,202608192152669642,202608192152666995,85,4466,Bronze INV,br_ReAssessmentTreatment,TASK_COMPLETE,FAILED,ERROR,973,973,1,SAMMS INV pipeline failed. Check the failed parent/child activity run details.,2026-08-19T21:53:13.467Z,2026-08-19T22:54:29.012Z,3676,2026-08-19T22:54:29.012Z,B26,Hazard,2caac1da-4db4-431b-998d-21dc6fd03dce,SAMMS-HazardV5
202608192252098239,202608192152669643,202608192152666995,85,4467,Bronze INV,br_ReAssessmentTreatment,TASK_COMPLETE,FAILED,ERROR,532,532,1,SAMMS INV pipeline failed. Check the failed parent/child activity run details.,2026-08-19T21:53:13.467Z,2026-08-19T22:54:29.012Z,3676,2026-08-19T22:54:29.012Z,B27,Savannah,2caac1da-4db4-431b-998d-21dc6fd03dce,SAMMS-SavannahV6
202608192252098240,202608192152669644,202608192152666995,85,4468,Bronze INV,br_ReAssessmentTreatment,TASK_COMPLETE,FAILED,ERROR,247,247,1,SAMMS INV pipeline failed. Check the failed parent/child activity run details.,2026-08-19T21:53:13.467Z,2026-08-19T22:54:29.012Z,3676,2026-08-19T22:54:29.012Z,B28,West Plains,2caac1da-4db4-431b-998d-21dc6fd03dce,SAMMS-WestPlainesV5
202608192252098241,202608192152669645,202608192152666995,85,4469,Bronze INV,br_ReAssessmentTreatment,TASK_COMPLETE,FAILED,ERROR,460,460,1,SAMMS INV pipeline failed. Check the failed parent/child activity run details.,2026-08-19T21:53:13.467Z,2026-08-19T22:54:29.012Z,3676,2026-08-19T22:54:29.012Z,B29,Poplar Bluff,2caac1da-4db4-431b-998d-21dc6fd03dce,SAMMS-PoplarBluffV5
202608192252098242,202608192152669646,202608192152666995,85,4470,Bronze INV,br_ReAssessmentTreatment,TASK_COMPLETE,FAILED,ERROR,78,78,1,SAMMS INV pipeline failed. Check the failed parent/child activity run details.,2026-08-19T21:53:13.467Z,2026-08-19T22:54:29.012Z,3676,2026-08-19T22:54:29.012Z,B30,KC North,2caac1da-4db4-431b-998d-21dc6fd03dce,SAMMS-KCNv5
202608192252098244,202608192152669647,202608192152666995,85,4471,Bronze INV,br_ReAssessmentTreatment,TASK_COMPLETE,FAILED,ERROR,400,400,1,SAMMS INV pipeline failed. Check the failed parent/child activity run details.,2026-08-19T21:53:13.467Z,2026-08-19T22:54:29.012Z,3676,2026-08-19T22:54:29.012Z,B31,Dyersburg,2caac1da-4db4-431b-998d-21dc6fd03dce,SAMMS-DyersburgV5
202608192252098245,202608192152669648,202608192152666995,85,4473,Bronze INV,br_ReAssessmentTreatment,TASK_COMPLETE,FAILED,ERROR,488,488,1,SAMMS INV pipeline failed. Check the failed parent/child activity run details.,2026-08-19T21:53:13.467Z,2026-08-19T22:54:29.012Z,3676,2026-08-19T22:54:29.012Z,B33,Paducah,2caac1da-4db4-431b-998d-21dc6fd03dce,SAMMS-Paducah
202608192252098246,202608192152669649,202608192152666995,85,4474,Bronze INV,br_ReAssessmentTreatment,TASK_COMPLETE,FAILED,ERROR,382,382,1,SAMMS INV pipeline failed. Check the failed parent/child activity run details.,2026-08-19T21:53:13.467Z,2026-08-19T22:54:29.012Z,3676,2026-08-19T22:54:29.012Z,B34,Corbin,2caac1da-4db4-431b-998d-21dc6fd03dce,SAMMS-CorbinV5
202608192252098247,202608192152669650,202608192152666995,85,4475,Bronze INV,br_ReAssessmentTreatment,TASK_COMPLETE,FAILED,ERROR,239,239,1,SAMMS INV pipeline failed. Check the failed parent/child activity run details.,2026-08-19T21:53:13.467Z,2026-08-19T22:54:29.012Z,3676,2026-08-19T22:54:29.012Z,B35,Lexington,2caac1da-4db4-431b-998d-21dc6fd03dce,SAMMS-LexingtonV5
202608192252098248,202608192152669651,202608192152666995,85,4476,Bronze INV,br_ReAssessmentTreatment,TASK_COMPLETE,FAILED,ERROR,77,77,1,SAMMS INV pipeline failed. Check the failed parent/child activity run details.,2026-08-19T21:53:13.467Z,2026-08-19T22:54:29.012Z,3676,2026-08-19T22:54:29.012Z,B35A,Berea,2caac1da-4db4-431b-998d-21dc6fd03dce,SAMMS-BereaV5
202608192252098249,202608192152669652,202608192152666995,85,4477,Bronze INV,br_ReAssessmentTreatment,TASK_COMPLETE,FAILED,ERROR,21,21,1,SAMMS INV pipeline failed. Check the failed parent/child activity run details.,2026-08-19T21:53:13.467Z,2026-08-19T22:54:29.012Z,3676,2026-08-19T22:54:29.012Z,B36,Asheville,2caac1da-4db4-431b-998d-21dc6fd03dce,SAMMS-AshevilleV5
202608192252098251,202608192152669653,202608192152666995,85,4478,Bronze INV,br_ReAssessmentTreatment,TASK_COMPLETE,FAILED,ERROR,1,1,1,SAMMS INV pipeline failed. Check the failed parent/child activity run details.,2026-08-19T21:53:13.467Z,2026-08-19T22:54:29.012Z,3676,2026-08-19T22:54:29.012Z,B37,Clyde,2caac1da-4db4-431b-998d-21dc6fd03dce,SAMMS-ClydeV5
202608192252098252,202608192152669654,202608192152666995,85,4479,Bronze INV,br_ReAssessmentTreatment,TASK_COMPLETE,FAILED,ERROR,1185,1185,1,SAMMS INV pipeline failed. Check the failed parent/child activity run details.,2026-08-19T21:53:13.467Z,2026-08-19T22:54:29.012Z,3676,2026-08-19T22:54:29.012Z,B38,Spartanburg,2caac1da-4db4-431b-998d-21dc6fd03dce,SAMMS-SpartanburgV5
202608192252098253,202608192152669655,202608192152666995,85,4480,Bronze INV,br_ReAssessmentTreatment,TASK_COMPLETE,FAILED,ERROR,361,361,1,SAMMS INV pipeline failed. Check the failed parent/child activity run details.,2026-08-19T21:53:13.467Z,2026-08-19T22:54:29.012Z,3676,2026-08-19T22:54:29.012Z,B39,Aiken,2caac1da-4db4-431b-998d-21dc6fd03dce,SAMMS-AikenV5
202608192252098254,202608192152669656,202608192152666995,85,4481,Bronze INV,br_ReAssessmentTreatment,TASK_COMPLETE,FAILED,ERROR,1886,1886,1,SAMMS INV pipeline failed. Check the failed parent/child activity run details.,2026-08-19T21:53:13.467Z,2026-08-19T22:54:29.012Z,3676,2026-08-19T22:54:29.012Z,B41,Chesapeake,2caac1da-4db4-431b-998d-21dc6fd03dce,SAMMS-ChesapeakeV5
202608192252098255,202608192152669657,202608192152666995,85,4482,Bronze INV,br_ReAssessmentTreatment,TASK_COMPLETE,FAILED,ERROR,1911,1911,1,SAMMS INV pipeline failed. Check the failed parent/child activity run details.,2026-08-19T21:53:13.467Z,2026-08-19T22:54:29.012Z,3676,2026-08-19T22:54:29.012Z,B42,Virginia Beach,2caac1da-4db4-431b-998d-21dc6fd03dce,SAMMS-VirginiaBeachV5
202608192252098256,202608192152669658,202608192152666995,85,4483,Bronze INV,br_ReAssessmentTreatment,TASK_COMPLETE,FAILED,ERROR,925,925,1,SAMMS INV pipeline failed. Check the failed parent/child activity run details.,2026-08-19T21:53:13.467Z,2026-08-19T22:54:29.012Z,3676,2026-08-19T22:54:29.012Z,B42A,Newport News,2caac1da-4db4-431b-998d-21dc6fd03dce,SAMMS-NewportNewsV5
202608192252098258,202608192152669659,202608192152666995,85,4484,Bronze INV,br_ReAssessmentTreatment,TASK_COMPLETE,FAILED,ERROR,507,507,1,SAMMS INV pipeline failed. Check the failed parent/child activity run details.,2026-08-19T21:53:13.467Z,2026-08-19T22:54:29.012Z,3676,2026-08-19T22:54:29.012Z,B42B,Franklin,2caac1da-4db4-431b-998d-21dc6fd03dce,SAMMS-FranklinV5
202608192252098259,202608192152669660,202608192152666995,85,4485,Bronze INV,br_ReAssessmentTreatment,TASK_COMPLETE,FAILED,ERROR,340,340,1,SAMMS INV pipeline failed. Check the failed parent/child activity run details.,2026-08-19T21:53:13.467Z,2026-08-19T22:54:29.012Z,3676,2026-08-19T22:54:29.012Z,B42C,Glen Allen,2caac1da-4db4-431b-998d-21dc6fd03dce,SAMMS-GlenAllenV5
202608192252098260,202608192152669661,202608192152666995,85,4486,Bronze INV,br_ReAssessmentTreatment,TASK_COMPLETE,FAILED,ERROR,1481,1481,1,SAMMS INV pipeline failed. Check the failed parent/child activity run details.,2026-08-19T21:53:13.467Z,2026-08-19T22:54:29.012Z,3676,2026-08-19T22:54:29.012Z,B42D,Chesapeake South,2caac1da-4db4-431b-998d-21dc6fd03dce,SAMMS-ChesapeakeSouthV5
202608192252098261,202608192152669662,202608192152666995,85,4487,Bronze INV,br_ReAssessmentTreatment,TASK_COMPLETE,FAILED,ERROR,633,633,1,SAMMS INV pipeline failed. Check the failed parent/child activity run details.,2026-08-19T21:53:13.467Z,2026-08-19T22:54:29.012Z,3676,2026-08-19T22:54:29.012Z,B44,Albany,2caac1da-4db4-431b-998d-21dc6fd03dce,SAMMS-AlbanyV5
202608192252098262,202608192152669663,202608192152666995,85,4488,Bronze INV,br_ReAssessmentTreatment,TASK_COMPLETE,FAILED,ERROR,1269,1269,1,SAMMS INV pipeline failed. Check the failed parent/child activity run details.,2026-08-19T21:53:13.467Z,2026-08-19T22:54:29.012Z,3676,2026-08-19T22:54:29.012Z,B45,Tifton,2caac1da-4db4-431b-998d-21dc6fd03dce,SAMMS-TiftonV5
202608192252098263,202608192152669664,202608192152666995,85,4489,Bronze INV,br_ReAssessmentTreatment,TASK_COMPLETE,FAILED,ERROR,591,591,1,SAMMS INV pipeline failed. Check the failed parent/child activity run details.,2026-08-19T21:53:13.467Z,2026-08-19T22:54:29.012Z,3676,2026-08-19T22:54:29.012Z,B46,Washington DC,2caac1da-4db4-431b-998d-21dc6fd03dce,SAMMS-WashingtonDCv5
202608192252098265,202608192152669665,202608192152666995,85,4490,Bronze INV,br_ReAssessmentTreatment,TASK_COMPLETE,FAILED,ERROR,1524,1524,1,SAMMS INV pipeline failed. Check the failed parent/child activity run details.,2026-08-19T21:53:13.467Z,2026-08-19T22:54:29.012Z,3676,2026-08-19T22:54:29.012Z,B47,Mobile,2caac1da-4db4-431b-998d-21dc6fd03dce,SAMMS-MobileV5
202608192252098266,202608192152669666,202608192152666995,85,4491,Bronze INV,br_ReAssessmentTreatment,TASK_COMPLETE,FAILED,ERROR,1295,1295,1,SAMMS INV pipeline failed. Check the failed parent/child activity run details.,2026-08-19T21:53:13.467Z,2026-08-19T22:54:29.012Z,3676,2026-08-19T22:54:29.012Z,B48,Tuscaloosa,2caac1da-4db4-431b-998d-21dc6fd03dce,SAMMS-TuscaloosaV5
202608192252098267,202608192152669667,202608192152666995,85,4500,Bronze INV,br_ReAssessmentTreatment,TASK_COMPLETE,FAILED,ERROR,2,2,1,SAMMS INV pipeline failed. Check the failed parent/child activity run details.,2026-08-19T21:53:13.467Z,2026-08-19T22:54:29.012Z,3676,2026-08-19T22:54:29.012Z,B51,N. Little Rock (OTP),2caac1da-4db4-431b-998d-21dc6fd03dce,SAMMS-NorthLittleRockV6
202608192252098268,202608192152669668,202608192152666995,85,4501,Bronze INV,br_ReAssessmentTreatment,TASK_COMPLETE,FAILED,ERROR,451,451,1,SAMMS INV pipeline failed. Check the failed parent/child activity run details.,2026-08-19T21:53:13.467Z,2026-08-19T22:54:29.012Z,3676,2026-08-19T22:54:29.012Z,B52,Jackson GA,2caac1da-4db4-431b-998d-21dc6fd03dce,SAMMS-JacksonGAV5
202608192252098269,202608192152669669,202608192152666995,85,4502,Bronze INV,br_ReAssessmentTreatment,TASK_COMPLETE,FAILED,ERROR,1700,1700,1,SAMMS INV pipeline failed. Check the failed parent/child activity run details.,2026-08-19T21:53:13.467Z,2026-08-19T22:54:29.012Z,3676,2026-08-19T22:54:29.012Z,B54,Gadsden,2caac1da-4db4-431b-998d-21dc6fd03dce,SAMMS-GadsdenV5
202608192252098270,202608192152669670,202608192152666995,85,4503,Bronze INV,br_ReAssessmentTreatment,TASK_COMPLETE,FAILED,ERROR,941,941,1,SAMMS INV pipeline failed. Check the failed parent/child activity run details.,2026-08-19T21:53:13.467Z,2026-08-19T22:54:29.012Z,3676,2026-08-19T22:54:29.012Z,B55,Shoals,2caac1da-4db4-431b-998d-21dc6fd03dce,SAMMS-ShoalsV5
202608192252098272,202608192152669671,202608192152666995,85,4504,Bronze INV,br_ReAssessmentTreatment,TASK_COMPLETE,FAILED,ERROR,294,294,1,SAMMS INV pipeline failed. Check the failed parent/child activity run details.,2026-08-19T21:53:13.467Z,2026-08-19T22:54:29.012Z,3676,2026-08-19T22:54:29.012Z,B57,Pawtucket,2caac1da-4db4-431b-998d-21dc6fd03dce,SAMMS-Pawtucket
202608192252098273,202608192152669672,202608192152666995,85,4505,Bronze INV,br_ReAssessmentTreatment,TASK_COMPLETE,FAILED,ERROR,553,553,1,SAMMS INV pipeline failed. Check the failed parent/child activity run details.,2026-08-19T21:53:13.467Z,2026-08-19T22:54:29.012Z,3676,2026-08-19T22:54:29.012Z,B57A,Johnston,2caac1da-4db4-431b-998d-21dc6fd03dce,SAMMS-Johnston
202608192252098274,202608192152669673,202608192152666995,85,4506,Bronze INV,br_ReAssessmentTreatment,TASK_COMPLETE,FAILED,ERROR,167,167,1,SAMMS INV pipeline failed. Check the failed parent/child activity run details.,2026-08-19T21:53:13.467Z,2026-08-19T22:54:29.012Z,3676,2026-08-19T22:54:29.012Z,B57B,Middletown,2caac1da-4db4-431b-998d-21dc6fd03dce,SAMMS-Middletown
202608192252098275,202608192152669674,202608192152666995,85,4507,Bronze INV,br_ReAssessmentTreatment,TASK_COMPLETE,FAILED,ERROR,411,411,1,SAMMS INV pipeline failed. Check the failed parent/child activity run details.,2026-08-19T21:53:13.467Z,2026-08-19T22:54:29.012Z,3676,2026-08-19T22:54:29.012Z,B57C,Providence,2caac1da-4db4-431b-998d-21dc6fd03dce,SAMMS-Providence
202608192252098276,202608192152669675,202608192152666995,85,4508,Bronze INV,br_ReAssessmentTreatment,TASK_COMPLETE,FAILED,ERROR,622,622,1,SAMMS INV pipeline failed. Check the failed parent/child activity run details.,2026-08-19T21:53:13.467Z,2026-08-19T22:54:29.012Z,3676,2026-08-19T22:54:29.012Z,B57D,Westerly,2caac1da-4db4-431b-998d-21dc6fd03dce,SAMMS-Westerly
202608192252098277,202608192152669676,202608192152666995,85,4512,Bronze INV,br_ReAssessmentTreatment,TASK_COMPLETE,FAILED,ERROR,4,4,1,SAMMS INV pipeline failed. Check the failed parent/child activity run details.,2026-08-19T21:53:13.467Z,2026-08-19T22:54:29.012Z,3676,2026-08-19T22:54:29.012Z,B66A,Bremen,2caac1da-4db4-431b-998d-21dc6fd03dce,SAMMS-Bremen
202608192252098278,202608192152669677,202608192152666995,85,4515,Bronze INV,br_ReAssessmentTreatment,TASK_COMPLETE,FAILED,ERROR,0,0,1,SAMMS INV pipeline failed. Check the failed parent/child activity run details.,2026-08-19T21:53:13.467Z,2026-08-19T22:54:29.012Z,3676,2026-08-19T22:54:29.012Z,B72,Mobile (OBOT),2caac1da-4db4-431b-998d-21dc6fd03dce,SAMMS-Mobile-OBOT
202608192252098280,202608192152669678,202608192152666995,85,4516,Bronze INV,br_ReAssessmentTreatment,TASK_COMPLETE,FAILED,ERROR,0,0,1,SAMMS INV pipeline failed. Check the failed parent/child activity run details.,2026-08-19T21:53:13.467Z,2026-08-19T22:54:29.012Z,3676,2026-08-19T22:54:29.012Z,B73,Montgomery,2caac1da-4db4-431b-998d-21dc6fd03dce,SAMMS-Montgomery
202608192252098281,202608192152669679,202608192152666995,85,4517,Bronze INV,br_ReAssessmentTreatment,TASK_COMPLETE,FAILED,ERROR,516,516,1,SAMMS INV pipeline failed. Check the failed parent/child activity run details.,2026-08-19T21:53:13.467Z,2026-08-19T22:54:29.012Z,3676,2026-08-19T22:54:29.012Z,B75,Lawrence,2caac1da-4db4-431b-998d-21dc6fd03dce,SAMMS-LawrenceV6
202608192252098282,202608192152669680,202608192152666995,85,4518,Bronze INV,br_ReAssessmentTreatment,TASK_COMPLETE,FAILED,ERROR,0,0,1,SAMMS INV pipeline failed. Check the failed parent/child activity run details.,2026-08-19T21:53:13.467Z,2026-08-19T22:54:29.012Z,3676,2026-08-19T22:54:29.012Z,B76,Huntsville OBOT,2caac1da-4db4-431b-998d-21dc6fd03dce,SAMMS-Huntsville-OBOT
202608192252098283,202608192152669681,202608192152666995,85,4519,Bronze INV,br_ReAssessmentTreatment,TASK_COMPLETE,FAILED,ERROR,0,0,1,SAMMS INV pipeline failed. Check the failed parent/child activity run details.,2026-08-19T21:53:13.467Z,2026-08-19T22:54:29.012Z,3676,2026-08-19T22:54:29.012Z,BAT,Batesville,2caac1da-4db4-431b-998d-21dc6fd03dce,SAMMS-Batesville
202608192252098284,202608192152669682,202608192152666995,85,4520,Bronze INV,br_ReAssessmentTreatment,TASK_COMPLETE,FAILED,ERROR,463,463,1,SAMMS INV pipeline failed. Check the failed parent/child activity run details.,2026-08-19T21:53:13.467Z,2026-08-19T22:54:29.012Z,3676,2026-08-19T22:54:29.012Z,BG,Bowling Green,2caac1da-4db4-431b-998d-21dc6fd03dce,SAMMS-BowlingGreen
202608192252098285,202608192152669683,202608192152666995,85,4521,Bronze INV,br_ReAssessmentTreatment,TASK_COMPLETE,FAILED,ERROR,181,181,1,SAMMS INV pipeline failed. Check the failed parent/child activity run details.,2026-08-19T21:53:13.467Z,2026-08-19T22:54:29.012Z,3676,2026-08-19T22:54:29.012Z,BOI,Boise,2caac1da-4db4-431b-998d-21dc6fd03dce,SAMMS-Boise
202608192252098287,202608192152669684,202608192152666995,85,4528,Bronze INV,br_ReAssessmentTreatment,TASK_COMPLETE,FAILED,ERROR,48,48,1,SAMMS INV pipeline failed. Check the failed parent/child activity run details.,2026-08-19T21:53:13.467Z,2026-08-19T22:54:29.012Z,3676,2026-08-19T22:54:29.012Z,CBCO,Coeur dAlene,2caac1da-4db4-431b-998d-21dc6fd03dce,SAMMS-CoeurdAleneV6
202608192252098288,202608192152669685,202608192152666995,85,4547,Bronze INV,br_ReAssessmentTreatment,TASK_COMPLETE,FAILED,ERROR,0,0,1,SAMMS INV pipeline failed. Check the failed parent/child activity run details.,2026-08-19T21:53:13.467Z,2026-08-19T22:54:29.012Z,3676,2026-08-19T22:54:29.012Z,CON,Conway,2caac1da-4db4-431b-998d-21dc6fd03dce,SAMMS-Conway
202608192252098289,202608192152669686,202608192152666995,85,4548,Bronze INV,br_ReAssessmentTreatment,TASK_COMPLETE,FAILED,ERROR,2557,2557,1,SAMMS INV pipeline failed. Check the failed parent/child activity run details.,2026-08-19T21:53:13.467Z,2026-08-19T22:54:29.012Z,3676,2026-08-19T22:54:29.012Z,D07,Medical Services Knox TN,2caac1da-4db4-431b-998d-21dc6fd03dce,SAMMS-KnoxvilleV6
202608192252098290,202608192152669687,202608192152666995,85,4549,Bronze INV,br_ReAssessmentTreatment,TASK_COMPLETE,FAILED,ERROR,111,111,1,SAMMS INV pipeline failed. Check the failed parent/child activity run details.,2026-08-19T21:53:13.467Z,2026-08-19T22:54:29.012Z,3676,2026-08-19T22:54:29.012Z,D08,Madison,2caac1da-4db4-431b-998d-21dc6fd03dce,SAMMS-MadisonV6
202608192252098291,202608192152669688,202608192152666995,85,4551,Bronze INV,br_ReAssessmentTreatment,TASK_COMPLETE,FAILED,ERROR,104,104,1,SAMMS INV pipeline failed. Check the failed parent/child activity run details.,2026-08-19T21:53:13.467Z,2026-08-19T22:54:29.012Z,3676,2026-08-19T22:54:29.012Z,D09,Murfreesboro,2caac1da-4db4-431b-998d-21dc6fd03dce,SAMMS-MurfreesboroV6
202608192252098292,202608192152669689,202608192152666995,85,4552,Bronze INV,br_ReAssessmentTreatment,TASK_COMPLETE,FAILED,ERROR,335,335,1,SAMMS INV pipeline failed. Check the failed parent/child activity run details.,2026-08-19T21:53:13.467Z,2026-08-19T22:54:29.012Z,3676,2026-08-19T22:54:29.012Z,DA,Davenport,2caac1da-4db4-431b-998d-21dc6fd03dce,SAMMS-Davenport
202608192252098294,202608192152669690,202608192152666995,85,4553,Bronze INV,br_ReAssessmentTreatment,TASK_COMPLETE,FAILED,ERROR,286,286,1,SAMMS INV pipeline failed. Check the failed parent/child activity run details.,2026-08-19T21:53:13.467Z,2026-08-19T22:54:29.012Z,3676,2026-08-19T22:54:29.012Z,DM,Des Moines,2caac1da-4db4-431b-998d-21dc6fd03dce,SAMMS-DesMoines
202608192252098295,202608192152669691,202608192152666995,85,4555,Bronze INV,br_ReAssessmentTreatment,TASK_COMPLETE,FAILED,ERROR,526,526,1,SAMMS INV pipeline failed. Check the failed parent/child activity run details.,2026-08-19T21:53:13.467Z,2026-08-19T22:54:29.012Z,3676,2026-08-19T22:54:29.012Z,DRD-CO,Columbia MO,2caac1da-4db4-431b-998d-21dc6fd03dce,SAMMS-ColumbiaV5
202608192252098296,202608192152669692,202608192152666995,85,4556,Bronze INV,br_ReAssessmentTreatment,TASK_COMPLETE,FAILED,ERROR,342,342,1,SAMMS INV pipeline failed. Check the failed parent/child activity run details.,2026-08-19T21:53:13.467Z,2026-08-19T22:54:29.012Z,3676,2026-08-19T22:54:29.012Z,DRD-KC,KC,2caac1da-4db4-431b-998d-21dc6fd03dce,SAMMS-KCv5
202608192252098297,202608192152669693,202608192152666995,85,4557,Bronze INV,br_ReAssessmentTreatment,TASK_COMPLETE,FAILED,ERROR,1545,1545,1,SAMMS INV pipeline failed. Check the failed parent/child activity run details.,2026-08-19T21:53:13.467Z,2026-08-19T22:54:29.012Z,3676,2026-08-19T22:54:29.012Z,DRD-KVB,KVB,2caac1da-4db4-431b-998d-21dc6fd03dce,SAMMS-KVBv5
202608192252098298,202608192152669694,202608192152666995,85,4558,Bronze INV,br_ReAssessmentTreatment,TASK_COMPLETE,FAILED,ERROR,1672,1672,1,SAMMS INV pipeline failed. Check the failed parent/child activity run details.,2026-08-19T21:53:13.467Z,2026-08-19T22:54:29.012Z,3676,2026-08-19T22:54:29.012Z,DRD-KVC,KVC,2caac1da-4db4-431b-998d-21dc6fd03dce,SAMMS-KVCv5
202608192252098299,202608192152669695,202608192152666995,85,4559,Bronze INV,br_ReAssessmentTreatment,TASK_COMPLETE,FAILED,ERROR,3195,3195,1,SAMMS INV pipeline failed. Check the failed parent/child activity run details.,2026-08-19T21:53:13.467Z,2026-08-19T22:54:29.012Z,3676,2026-08-19T22:54:29.012Z,DRD-NOLA,NOLA,2caac1da-4db4-431b-998d-21dc6fd03dce,SAMMS-NOLAv5
202608192252098300,202608192152669696,202608192152666995,85,4560,Bronze INV,br_ReAssessmentTreatment,TASK_COMPLETE,FAILED,ERROR,797,797,1,SAMMS INV pipeline failed. Check the failed parent/child activity run details.,2026-08-19T21:53:13.467Z,2026-08-19T22:54:29.012Z,3676,2026-08-19T22:54:29.012Z,DRD-SF,Springfield,2caac1da-4db4-431b-998d-21dc6fd03dce,SAMMS-SFv5
202608192252098302,202608192152669697,202608192152666995,85,4562,Bronze INV,br_ReAssessmentTreatment,TASK_COMPLETE,FAILED,ERROR,260,260,1,SAMMS INV pipeline failed. Check the failed parent/child activity run details.,2026-08-19T21:53:13.467Z,2026-08-19T22:54:29.012Z,3676,2026-08-19T22:54:29.012Z,ELC,Elizabeth City,2caac1da-4db4-431b-998d-21dc6fd03dce,SAMMS-ElizabethCity
202608192252098303,202608192152669698,202608192152666995,85,4563,Bronze INV,br_ReAssessmentTreatment,TASK_COMPLETE,FAILED,ERROR,127,127,1,SAMMS INV pipeline failed. Check the failed parent/child activity run details.,2026-08-19T21:53:13.467Z,2026-08-19T22:54:29.012Z,3676,2026-08-19T22:54:29.012Z,ET,Elizabethtown,2caac1da-4db4-431b-998d-21dc6fd03dce,SAMMS-Elizabethtown
202608192252098304,202608192152669699,202608192152666995,85,4564,Bronze INV,br_ReAssessmentTreatment,TASK_COMPLETE,FAILED,ERROR,0,0,1,SAMMS INV pipeline failed. Check the failed parent/child activity run details.,2026-08-19T21:53:13.467Z,2026-08-19T22:54:29.012Z,3676,2026-08-19T22:54:29.012Z,FAY,Fayetteville,2caac1da-4db4-431b-998d-21dc6fd03dce,SAMMS-Fayetteville
202608192252098305,202608192152669700,202608192152666995,85,4565,Bronze INV,br_ReAssessmentTreatment,TASK_COMPLETE,FAILED,ERROR,156,156,1,SAMMS INV pipeline failed. Check the failed parent/child activity run details.,2026-08-19T21:53:13.467Z,2026-08-19T22:54:29.012Z,3676,2026-08-19T22:54:29.012Z,FR,Frankfort,2caac1da-4db4-431b-998d-21dc6fd03dce,SAMMS-Frankfort
202608192252098306,202608192152669701,202608192152666995,85,4566,Bronze INV,br_ReAssessmentTreatment,TASK_COMPLETE,FAILED,ERROR,0,0,1,SAMMS INV pipeline failed. Check the failed parent/child activity run details.,2026-08-19T21:53:13.467Z,2026-08-19T22:54:29.012Z,3676,2026-08-19T22:54:29.012Z,FS,Fort Smith,2caac1da-4db4-431b-998d-21dc6fd03dce,SAMMS-FortSmith
202608192252098307,202608192152669702,202608192152666995,85,4567,Bronze INV,br_ReAssessmentTreatment,TASK_COMPLETE,FAILED,ERROR,466,466,1,SAMMS INV pipeline failed. Check the failed parent/child activity run details.,2026-08-19T21:53:13.467Z,2026-08-19T22:54:29.012Z,3676,2026-08-19T22:54:29.012Z,FW,Fort Wayne,2caac1da-4db4-431b-998d-21dc6fd03dce,SAMMS-FortWayne
202608192252098309,202608192152669703,202608192152666995,85,4568,Bronze INV,br_ReAssessmentTreatment,TASK_COMPLETE,FAILED,ERROR,271,271,1,SAMMS INV pipeline failed. Check the failed parent/child activity run details.,2026-08-19T21:53:13.467Z,2026-08-19T22:54:29.012Z,3676,2026-08-19T22:54:29.012Z,GAL,Gaylord,2caac1da-4db4-431b-998d-21dc6fd03dce,SAMMS-Gaylord
202608192252098310,202608192152669704,202608192152666995,85,4572,Bronze INV,br_ReAssessmentTreatment,TASK_COMPLETE,FAILED,ERROR,99,99,1,SAMMS INV pipeline failed. Check the failed parent/child activity run details.,2026-08-19T21:53:13.467Z,2026-08-19T22:54:29.012Z,3676,2026-08-19T22:54:29.012Z,HGT,Hagerstown,2caac1da-4db4-431b-998d-21dc6fd03dce,SAMMS-Hagerstown
202608192252098311,202608192152669705,202608192152666995,85,4573,Bronze INV,br_ReAssessmentTreatment,TASK_COMPLETE,FAILED,ERROR,1717,1717,1,SAMMS INV pipeline failed. Check the failed parent/child activity run details.,2026-08-19T21:53:13.467Z,2026-08-19T22:54:29.012Z,3676,2026-08-19T22:54:29.012Z,HNT,Huntsville,2caac1da-4db4-431b-998d-21dc6fd03dce,SAMMS-Huntsville
202608192252098312,202608192152669706,202608192152666995,85,4574,Bronze INV,br_ReAssessmentTreatment,TASK_COMPLETE,FAILED,ERROR,0,0,1,SAMMS INV pipeline failed. Check the failed parent/child activity run details.,2026-08-19T21:53:13.467Z,2026-08-19T22:54:29.012Z,3676,2026-08-19T22:54:29.012Z,HS,Hot Springs,2caac1da-4db4-431b-998d-21dc6fd03dce,SAMMS-HotSprings
202608192252098313,202608192152669707,202608192152666995,85,4575,Bronze INV,br_ReAssessmentTreatment,TASK_COMPLETE,FAILED,ERROR,0,0,1,SAMMS INV pipeline failed. Check the failed parent/child activity run details.,2026-08-19T21:53:13.467Z,2026-08-19T22:54:29.012Z,3676,2026-08-19T22:54:29.012Z,JON,Jonesboro,2caac1da-4db4-431b-998d-21dc6fd03dce,SAMMS-Jonesboro
202608192252098314,202608192152669708,202608192152666995,85,4577,Bronze INV,br_ReAssessmentTreatment,TASK_COMPLETE,FAILED,ERROR,444,444,1,SAMMS INV pipeline failed. Check the failed parent/child activity run details.,2026-08-19T21:53:13.467Z,2026-08-19T22:54:29.012Z,3676,2026-08-19T22:54:29.012Z,LAN,Lansing,2caac1da-4db4-431b-998d-21dc6fd03dce,SAMMS-Lansing
202608192252098316,202608192152669709,202608192152666995,85,4578,Bronze INV,br_ReAssessmentTreatment,TASK_COMPLETE,FAILED,ERROR,1288,1288,1,SAMMS INV pipeline failed. Check the failed parent/child activity run details.,2026-08-19T21:53:13.467Z,2026-08-19T22:54:29.012Z,3676,2026-08-19T22:54:29.012Z,LO,Louisville,2caac1da-4db4-431b-998d-21dc6fd03dce,SAMMS-Louisville
202608192252098317,202608192152669710,202608192152666995,85,4579,Bronze INV,br_ReAssessmentTreatment,TASK_COMPLETE,FAILED,ERROR,291,291,1,SAMMS INV pipeline failed. Check the failed parent/child activity run details.,2026-08-19T21:53:13.467Z,2026-08-19T22:54:29.012Z,3676,2026-08-19T22:54:29.012Z,LV1,Cheyenne,2caac1da-4db4-431b-998d-21dc6fd03dce,SAMMS-Cheyenne
202608192252098318,202608192152669711,202608192152666995,85,4580,Bronze INV,br_ReAssessmentTreatment,TASK_COMPLETE,FAILED,ERROR,204,204,1,SAMMS INV pipeline failed. Check the failed parent/child activity run details.,2026-08-19T21:53:13.467Z,2026-08-19T22:54:29.012Z,3676,2026-08-19T22:54:29.012Z,LV2,Desert Inn,2caac1da-4db4-431b-998d-21dc6fd03dce,SAMMS-DesertInn
202608192252098319,202608192152669712,202608192152666995,85,4581,Bronze INV,br_ReAssessmentTreatment,TASK_COMPLETE,FAILED,ERROR,110,110,1,SAMMS INV pipeline failed. Check the failed parent/child activity run details.,2026-08-19T21:53:13.467Z,2026-08-19T22:54:29.012Z,3676,2026-08-19T22:54:29.012Z,LV3,McDaniel,2caac1da-4db4-431b-998d-21dc6fd03dce,SAMMS-McDaniel
202608192252098320,202608192152669713,202608192152666995,85,4584,Bronze INV,br_ReAssessmentTreatment,TASK_COMPLETE,FAILED,ERROR,356,356,1,SAMMS INV pipeline failed. Check the failed parent/child activity run details.,2026-08-19T21:53:13.467Z,2026-08-19T22:54:29.012Z,3676,2026-08-19T22:54:29.012Z,MNRE,Monroe,2caac1da-4db4-431b-998d-21dc6fd03dce,SAMMS-Monroe
202608192252098321,202608192152669714,202608192152666995,85,4585,Bronze INV,br_ReAssessmentTreatment,TASK_COMPLETE,FAILED,ERROR,1422,1422,1,SAMMS INV pipeline failed. Check the failed parent/child activity run details.,2026-08-19T21:53:13.467Z,2026-08-19T22:54:29.012Z,3676,2026-08-19T22:54:29.012Z,MP,Mt. Pleasant,2caac1da-4db4-431b-998d-21dc6fd03dce,SAMMS-MtPleasant
202608192252098322,202608192152669715,202608192152666995,85,4586,Bronze INV,br_ReAssessmentTreatment,TASK_COMPLETE,FAILED,ERROR,153,153,1,SAMMS INV pipeline failed. Check the failed parent/child activity run details.,2026-08-19T21:53:13.467Z,2026-08-19T22:54:29.012Z,3676,2026-08-19T22:54:29.012Z,MRD,Meridian,2caac1da-4db4-431b-998d-21dc6fd03dce,SAMMS-Meridian
202608192252098324,202608192152669716,202608192152666995,85,4591,Bronze INV,br_ReAssessmentTreatment,TASK_COMPLETE,FAILED,ERROR,691,691,1,SAMMS INV pipeline failed. Check the failed parent/child activity run details.,2026-08-19T21:53:13.467Z,2026-08-19T22:54:29.012Z,3676,2026-08-19T22:54:29.012Z,NC,North Charleston,2caac1da-4db4-431b-998d-21dc6fd03dce,SAMMS-NorthCharleston
202608192252098325,202608192152669717,202608192152666995,85,4592,Bronze INV,br_ReAssessmentTreatment,TASK_COMPLETE,FAILED,ERROR,0,0,1,SAMMS INV pipeline failed. Check the failed parent/child activity run details.,2026-08-19T21:53:13.467Z,2026-08-19T22:54:29.012Z,3676,2026-08-19T22:54:29.012Z,NLR,N. Little Rock,2caac1da-4db4-431b-998d-21dc6fd03dce,SAMMS-NLROBOT
202608192252098326,202608192152669718,202608192152666995,85,4593,Bronze INV,br_ReAssessmentTreatment,TASK_COMPLETE,FAILED,ERROR,112,112,1,SAMMS INV pipeline failed. Check the failed parent/child activity run details.,2026-08-19T21:53:13.467Z,2026-08-19T22:54:29.012Z,3676,2026-08-19T22:54:29.012Z,PH,Phoenix,2caac1da-4db4-431b-998d-21dc6fd03dce,SAMMS-Phoenix
202608192252098327,202608192152669719,202608192152666995,85,4597,Bronze INV,br_ReAssessmentTreatment,TASK_COMPLETE,FAILED,ERROR,212,212,1,SAMMS INV pipeline failed. Check the failed parent/child activity run details.,2026-08-19T21:53:13.467Z,2026-08-19T22:54:29.012Z,3676,2026-08-19T22:54:29.012Z,RE,Reno,2caac1da-4db4-431b-998d-21dc6fd03dce,SAMMS-Reno
202608192252098328,202608192152669720,202608192152666995,85,4598,Bronze INV,br_ReAssessmentTreatment,TASK_COMPLETE,FAILED,ERROR,87,87,1,SAMMS INV pipeline failed. Check the failed parent/child activity run details.,2026-08-19T21:53:13.467Z,2026-08-19T22:54:29.012Z,3676,2026-08-19T22:54:29.012Z,RMD,Richmond,2caac1da-4db4-431b-998d-21dc6fd03dce,SAMMS-Richmond
202608192252098329,202608192152669721,202608192152666995,85,4599,Bronze INV,br_ReAssessmentTreatment,TASK_COMPLETE,FAILED,ERROR,587,587,1,SAMMS INV pipeline failed. Check the failed parent/child activity run details.,2026-08-19T21:53:13.467Z,2026-08-19T22:54:29.012Z,3676,2026-08-19T22:54:29.012Z,SFN,Springfield North,2caac1da-4db4-431b-998d-21dc6fd03dce,SAMMS-SFNv5
202608192252098331,202608192152669722,202608192152666995,85,4600,Bronze INV,br_ReAssessmentTreatment,TASK_COMPLETE,FAILED,ERROR,762,762,1,SAMMS INV pipeline failed. Check the failed parent/child activity run details.,2026-08-19T21:53:13.467Z,2026-08-19T22:54:29.012Z,3676,2026-08-19T22:54:29.012Z,SHP,Shreveport,2caac1da-4db4-431b-998d-21dc6fd03dce,SAMMS-Shreveport
202608192252098332,202608192152669723,202608192152666995,85,4602,Bronze INV,br_ReAssessmentTreatment,TASK_COMPLETE,FAILED,ERROR,484,484,1,SAMMS INV pipeline failed. Check the failed parent/child activity run details.,2026-08-19T21:53:13.467Z,2026-08-19T22:54:29.012Z,3676,2026-08-19T22:54:29.012Z,STN,Staunton,2caac1da-4db4-431b-998d-21dc6fd03dce,SAMMS-Staunton
202608192252098333,202608192152669724,202608192152666995,85,4603,Bronze INV,br_ReAssessmentTreatment,TASK_COMPLETE,FAILED,ERROR,225,225,1,SAMMS INV pipeline failed. Check the failed parent/child activity run details.,2026-08-19T21:53:13.467Z,2026-08-19T22:54:29.012Z,3676,2026-08-19T22:54:29.012Z,STVN,Stevenson,2caac1da-4db4-431b-998d-21dc6fd03dce,SAMMS-Stevenson
202608192252098334,202608192152669725,202608192152666995,85,4605,Bronze INV,br_ReAssessmentTreatment,TASK_COMPLETE,FAILED,ERROR,174,174,1,SAMMS INV pipeline failed. Check the failed parent/child activity run details.,2026-08-19T21:53:13.467Z,2026-08-19T22:54:29.012Z,3676,2026-08-19T22:54:29.012Z,TE,Tempe,2caac1da-4db4-431b-998d-21dc6fd03dce,SAMMS-Tempe
202608192252098335,202608192152669726,202608192152666995,85,4606,Bronze INV,br_ReAssessmentTreatment,TASK_COMPLETE,FAILED,ERROR,0,0,1,SAMMS INV pipeline failed. Check the failed parent/child activity run details.,2026-08-19T21:53:13.467Z,2026-08-19T22:54:29.012Z,3676,2026-08-19T22:54:29.012Z,TEX,Texarkana,2caac1da-4db4-431b-998d-21dc6fd03dce,SAMMS-Texarkana
202608192252098336,202608192152669727,202608192152666995,85,4607,Bronze INV,br_ReAssessmentTreatment,TASK_COMPLETE,FAILED,ERROR,1057,1057,1,SAMMS INV pipeline failed. Check the failed parent/child activity run details.,2026-08-19T21:53:13.467Z,2026-08-19T22:54:29.012Z,3676,2026-08-19T22:54:29.012Z,TTCA,Bessemer,2caac1da-4db4-431b-998d-21dc6fd03dce,SAMMS-BessemerV5
202608192252098337,202608192152669728,202608192152666995,85,4608,Bronze INV,br_ReAssessmentTreatment,TASK_COMPLETE,FAILED,ERROR,1314,1314,1,SAMMS INV pipeline failed. Check the failed parent/child activity run details.,2026-08-19T21:53:13.467Z,2026-08-19T22:54:29.012Z,3676,2026-08-19T22:54:29.012Z,TTCB,Cullman,2caac1da-4db4-431b-998d-21dc6fd03dce,SAMMS-CullmanV5
202608192252098339,202608192152669729,202608192152666995,85,4609,Bronze INV,br_ReAssessmentTreatment,TASK_COMPLETE,FAILED,ERROR,931,931,1,SAMMS INV pipeline failed. Check the failed parent/child activity run details.,2026-08-19T21:53:13.467Z,2026-08-19T22:54:29.012Z,3676,2026-08-19T22:54:29.012Z,TTCC,Grand Bay,2caac1da-4db4-431b-998d-21dc6fd03dce,SAMMS-GrandBay
202608192252098340,202608192152669730,202608192152666995,85,4610,Bronze INV,br_ReAssessmentTreatment,TASK_COMPLETE,FAILED,ERROR,15,15,1,SAMMS INV pipeline failed. Check the failed parent/child activity run details.,2026-08-19T21:53:13.467Z,2026-08-19T22:54:29.012Z,3676,2026-08-19T22:54:29.012Z,TU,Tucson,2caac1da-4db4-431b-998d-21dc6fd03dce,SAMMS-Tucson
202608192252098341,202608192152669731,202608192152666995,85,4612,Bronze INV,br_ReAssessmentTreatment,TASK_COMPLETE,FAILED,ERROR,660,660,1,SAMMS INV pipeline failed. Check the failed parent/child activity run details.,2026-08-19T21:53:13.467Z,2026-08-19T22:54:29.012Z,3676,2026-08-19T22:54:29.012Z,V1,Memphis South,2caac1da-4db4-431b-998d-21dc6fd03dce,SAMMS-VCPHCS-I-MemphisV5
202608192252098342,202608192152669732,202608192152666995,85,4613,Bronze INV,br_ReAssessmentTreatment,TASK_COMPLETE,FAILED,ERROR,1626,1626,1,SAMMS INV pipeline failed. Check the failed parent/child activity run details.,2026-08-19T21:53:13.467Z,2026-08-19T22:54:29.012Z,3676,2026-08-19T22:54:29.012Z,V10,Longmont,2caac1da-4db4-431b-998d-21dc6fd03dce,SAMMS-BoulderV5
202608192252098343,202608192152669733,202608192152666995,85,4614,Bronze INV,br_ReAssessmentTreatment,TASK_COMPLETE,FAILED,ERROR,1508,1508,1,SAMMS INV pipeline failed. Check the failed parent/child activity run details.,2026-08-19T21:53:13.467Z,2026-08-19T22:54:29.012Z,3676,2026-08-19T22:54:29.012Z,V10A,Fort Collins,2caac1da-4db4-431b-998d-21dc6fd03dce,SAMMS-FortCollinsV5
202608192252098344,202608192152669734,202608192152666995,85,4615,Bronze INV,br_ReAssessmentTreatment,TASK_COMPLETE,FAILED,ERROR,2862,2862,1,SAMMS INV pipeline failed. Check the failed parent/child activity run details.,2026-08-19T21:53:13.467Z,2026-08-19T22:54:29.012Z,3676,2026-08-19T22:54:29.012Z,V11,Westminster,2caac1da-4db4-431b-998d-21dc6fd03dce,SAMMS-VCPHCS-XI-NorthDenverV5
202608192252098346,202608192152669735,202608192152666995,85,4616,Bronze INV,br_ReAssessmentTreatment,TASK_COMPLETE,FAILED,ERROR,2991,2991,1,SAMMS INV pipeline failed. Check the failed parent/child activity run details.,2026-08-19T21:53:13.467Z,2026-08-19T22:54:29.012Z,3676,2026-08-19T22:54:29.012Z,V12,Downtown Denver,2caac1da-4db4-431b-998d-21dc6fd03dce,SAMMS-VCPHCS-XII-DowntownDenverV5
202608192252098347,202608192152669736,202608192152666995,85,4617,Bronze INV,br_ReAssessmentTreatment,TASK_COMPLETE,FAILED,ERROR,1127,1127,1,SAMMS INV pipeline failed. Check the failed parent/child activity run details.,2026-08-19T21:53:13.467Z,2026-08-19T22:54:29.012Z,3676,2026-08-19T22:54:29.012Z,V12A,Centennial,2caac1da-4db4-431b-998d-21dc6fd03dce,SAMMS-CentennialV5
202608192252098348,202608192152669737,202608192152666995,85,4618,Bronze INV,br_ReAssessmentTreatment,TASK_COMPLETE,FAILED,ERROR,293,293,1,SAMMS INV pipeline failed. Check the failed parent/child activity run details.,2026-08-19T21:53:13.467Z,2026-08-19T22:54:29.012Z,3676,2026-08-19T22:54:29.012Z,V14,Overland Park,2caac1da-4db4-431b-998d-21dc6fd03dce,SAMMS-VCPHCS-XIV-BridgewayV5
202608192252098349,202608192152669738,202608192152666995,85,4619,Bronze INV,br_ReAssessmentTreatment,TASK_COMPLETE,FAILED,ERROR,608,608,1,SAMMS INV pipeline failed. Check the failed parent/child activity run details.,2026-08-19T21:53:13.467Z,2026-08-19T22:54:29.012Z,3676,2026-08-19T22:54:29.012Z,V15,Joplin,2caac1da-4db4-431b-998d-21dc6fd03dce,SAMMS-JoplinV5
202608192252098350,202608192152669739,202608192152666995,85,4621,Bronze INV,br_ReAssessmentTreatment,TASK_COMPLETE,FAILED,ERROR,902,902,1,SAMMS INV pipeline failed. Check the failed parent/child activity run details.,2026-08-19T21:53:13.467Z,2026-08-19T22:54:29.012Z,3676,2026-08-19T22:54:29.012Z,V17,Columbia TN,2caac1da-4db4-431b-998d-21dc6fd03dce,SAMMS-ColumbiaTNv5
202608192252098351,202608192152669740,202608192152666995,85,4623,Bronze INV,br_ReAssessmentTreatment,TASK_COMPLETE,FAILED,ERROR,527,527,1,SAMMS INV pipeline failed. Check the failed parent/child activity run details.,2026-08-19T21:53:13.467Z,2026-08-19T22:54:29.012Z,3676,2026-08-19T22:54:29.012Z,V19,Jackson,2caac1da-4db4-431b-998d-21dc6fd03dce,SAMMS-JacksonV5
202608192252098353,202608192152669741,202608192152666995,85,4625,Bronze INV,br_ReAssessmentTreatment,TASK_COMPLETE,FAILED,ERROR,1683,1683,1,SAMMS INV pipeline failed. Check the failed parent/child activity run details.,2026-08-19T21:53:13.467Z,2026-08-19T22:54:29.012Z,3676,2026-08-19T22:54:29.012Z,V20,Paris,2caac1da-4db4-431b-998d-21dc6fd03dce,SAMMS-ParisV5
202608192252098354,202608192152669742,202608192152666995,85,4626,Bronze INV,br_ReAssessmentTreatment,TASK_COMPLETE,FAILED,ERROR,723,723,1,SAMMS INV pipeline failed. Check the failed parent/child activity run details.,2026-08-19T21:53:13.467Z,2026-08-19T22:54:29.012Z,3676,2026-08-19T22:54:29.012Z,V21,Memphis North,2caac1da-4db4-431b-998d-21dc6fd03dce,SAMMS-RaleighV5
202608192252098355,202608192152669743,202608192152666995,85,4629,Bronze INV,br_ReAssessmentTreatment,TASK_COMPLETE,FAILED,ERROR,1765,1765,1,SAMMS INV pipeline failed. Check the failed parent/child activity run details.,2026-08-19T21:53:13.467Z,2026-08-19T22:54:29.012Z,3676,2026-08-19T22:54:29.012Z,V5,West Bank,2caac1da-4db4-431b-998d-21dc6fd03dce,SAMMS-NONTCv5
202608192252098356,202608192152669744,202608192152666995,85,4631,Bronze INV,br_ReAssessmentTreatment,TASK_COMPLETE,FAILED,ERROR,145,145,1,SAMMS INV pipeline failed. Check the failed parent/child activity run details.,2026-08-19T21:53:13.467Z,2026-08-19T22:54:29.012Z,3676,2026-08-19T22:54:29.012Z,V5B,Houma,2caac1da-4db4-431b-998d-21dc6fd03dce,SAMMS-HoumaV6
202608192252098357,202608192152669745,202608192152666995,85,4632,Bronze INV,br_ReAssessmentTreatment,TASK_COMPLETE,FAILED,ERROR,1905,1905,1,SAMMS INV pipeline failed. Check the failed parent/child activity run details.,2026-08-19T21:53:13.467Z,2026-08-19T22:54:29.012Z,3676,2026-08-19T22:54:29.012Z,V6,Lake Charles,2caac1da-4db4-431b-998d-21dc6fd03dce,SAMMS-LCv5
202608192252098358,202608192152669746,202608192152666995,85,4634,Bronze INV,br_ReAssessmentTreatment,TASK_COMPLETE,FAILED,ERROR,738,738,1,SAMMS INV pipeline failed. Check the failed parent/child activity run details.,2026-08-19T21:53:13.467Z,2026-08-19T22:54:29.012Z,3676,2026-08-19T22:54:29.012Z,V8,Memphis Midtown,2caac1da-4db4-431b-998d-21dc6fd03dce,SAMMS-VCPHCS-VIII-MemphisV5
202608192252098360,202608192152669747,202608192152666995,85,4635,Bronze INV,br_ReAssessmentTreatment,TASK_COMPLETE,FAILED,ERROR,1761,1761,1,SAMMS INV pipeline failed. Check the failed parent/child activity run details.,2026-08-19T21:53:13.467Z,2026-08-19T22:54:29.012Z,3676,2026-08-19T22:54:29.012Z,V9,Nashville,2caac1da-4db4-431b-998d-21dc6fd03dce,SAMMS-NashvilleV5
202608192252098361,202608192152669748,202608192152666995,85,4636,Bronze INV,br_ReAssessmentTreatment,TASK_COMPLETE,FAILED,ERROR,838,838,1,SAMMS INV pipeline failed. Check the failed parent/child activity run details.,2026-08-19T21:53:13.467Z,2026-08-19T22:54:29.012Z,3676,2026-08-19T22:54:29.012Z,VBRA,Brainerd,2caac1da-4db4-431b-998d-21dc6fd03dce,SAMMS-BrainerdV6
202608192252098362,202608192152669749,202608192152666995,85,4637,Bronze INV,br_ReAssessmentTreatment,TASK_COMPLETE,FAILED,ERROR,1952,1952,1,SAMMS INV pipeline failed. Check the failed parent/child activity run details.,2026-08-19T21:53:13.467Z,2026-08-19T22:54:29.012Z,3676,2026-08-19T22:54:29.012Z,VBRP,Brooklyn Park,2caac1da-4db4-431b-998d-21dc6fd03dce,SAMMS-BrooklynParkV6
202608192252098363,202608192152669750,202608192152666995,85,4639,Bronze INV,br_ReAssessmentTreatment,TASK_COMPLETE,FAILED,ERROR,740,740,1,SAMMS INV pipeline failed. Check the failed parent/child activity run details.,2026-08-19T21:53:13.467Z,2026-08-19T22:54:29.012Z,3676,2026-08-19T22:54:29.012Z,VMIN,Minneapolis,2caac1da-4db4-431b-998d-21dc6fd03dce,SAMMS-MinneapolisV6
202608192252098364,202608192152669751,202608192152666995,85,4640,Bronze INV,br_ReAssessmentTreatment,TASK_COMPLETE,FAILED,ERROR,873,873,1,SAMMS INV pipeline failed. Check the failed parent/child activity run details.,2026-08-19T21:53:13.467Z,2026-08-19T22:54:29.012Z,3676,2026-08-19T22:54:29.012Z,VWBY,Woodbury,2caac1da-4db4-431b-998d-21dc6fd03dce,SAMMS-WoodburyV6
202608192252098365,202608192152669752,202608192152666995,85,4642,Bronze INV,br_ReAssessmentTreatment,TASK_COMPLETE,FAILED,ERROR,161,161,1,SAMMS INV pipeline failed. Check the failed parent/child activity run details.,2026-08-19T21:53:13.467Z,2026-08-19T22:54:29.012Z,3676,2026-08-19T22:54:29.012Z,WIL,Wilson,2caac1da-4db4-431b-998d-21dc6fd03dce,SAMMS-Wilson
202608192252098467,202608192152767012,202608192152766995,86,5736,Silver INV,sl_ReAssessmentTreatment,TASK_COMPLETE,SUCCESS,INFO,78203,78203,0,,2026-08-19T21:53:13.467Z,2026-08-19T22:54:29.012Z,3676,2026-08-19T22:54:29.012Z,,,2caac1da-4db4-431b-998d-21dc6fd03dce,
202608192252095372,202608192152668083,202608192152666995,85,877,Bronze INV,br_AdmissionAssessmentDimensionOneDisorder,TASK_COMPLETE,FAILED,ERROR,982,982,1,SAMMS INV pipeline failed. Check the failed parent/child activity run details.,2026-08-19T21:53:13.467Z,2026-08-19T22:54:29.012Z,3676,2026-08-19T22:54:29.012Z,DRD-KVB,KVB,2caac1da-4db4-431b-998d-21dc6fd03dce,SAMMS-KVBv5
202608192252095373,202608192152668084,202608192152666995,85,878,Bronze INV,br_AdmissionAssessmentDimensionOneDisorder,TASK_COMPLETE,FAILED,ERROR,1598,1598,1,SAMMS INV pipeline failed. Check the failed parent/child activity run details.,2026-08-19T21:53:13.467Z,2026-08-19T22:54:29.012Z,3676,2026-08-19T22:54:29.012Z,DRD-KVC,KVC,2caac1da-4db4-431b-998d-21dc6fd03dce,SAMMS-KVCv5
202608192252095374,202608192152668085,202608192152666995,85,879,Bronze INV,br_AdmissionAssessmentDimensionOneDisorder,TASK_COMPLETE,FAILED,ERROR,1270,1270,1,SAMMS INV pipeline failed. Check the failed parent/child activity run details.,2026-08-19T21:53:13.467Z,2026-08-19T22:54:29.012Z,3676,2026-08-19T22:54:29.012Z,DRD-NOLA,NOLA,2caac1da-4db4-431b-998d-21dc6fd03dce,SAMMS-NOLAv5
202608192252095376,202608192152668086,202608192152666995,85,880,Bronze INV,br_AdmissionAssessmentDimensionOneDisorder,TASK_COMPLETE,FAILED,ERROR,771,771,1,SAMMS INV pipeline failed. Check the failed parent/child activity run details.,2026-08-19T21:53:13.467Z,2026-08-19T22:54:29.012Z,3676,2026-08-19T22:54:29.012Z,DRD-SF,Springfield,2caac1da-4db4-431b-998d-21dc6fd03dce,SAMMS-SFv5
202608192252095377,202608192152668087,202608192152666995,85,882,Bronze INV,br_AdmissionAssessmentDimensionOneDisorder,TASK_COMPLETE,FAILED,ERROR,274,274,1,SAMMS INV pipeline failed. Check the failed parent/child activity run details.,2026-08-19T21:53:13.467Z,2026-08-19T22:54:29.012Z,3676,2026-08-19T22:54:29.012Z,ELC,Elizabeth City,2caac1da-4db4-431b-998d-21dc6fd03dce,SAMMS-ElizabethCity
202608192252095378,202608192152668088,202608192152666995,85,883,Bronze INV,br_AdmissionAssessmentDimensionOneDisorder,TASK_COMPLETE,FAILED,ERROR,283,283,1,SAMMS INV pipeline failed. Check the failed parent/child activity run details.,2026-08-19T21:53:13.467Z,2026-08-19T22:54:29.012Z,3676,2026-08-19T22:54:29.012Z,ET,Elizabethtown,2caac1da-4db4-431b-998d-21dc6fd03dce,SAMMS-Elizabethtown
202608192252095379,202608192152668089,202608192152666995,85,884,Bronze INV,br_AdmissionAssessmentDimensionOneDisorder,TASK_COMPLETE,FAILED,ERROR,229,229,1,SAMMS INV pipeline failed. Check the failed parent/child activity run details.,2026-08-19T21:53:13.467Z,2026-08-19T22:54:29.012Z,3676,2026-08-19T22:54:29.012Z,FAY,Fayetteville,2caac1da-4db4-431b-998d-21dc6fd03dce,SAMMS-Fayetteville
202608192252095380,202608192152668090,202608192152666995,85,885,Bronze INV,br_AdmissionAssessmentDimensionOneDisorder,TASK_COMPLETE,FAILED,ERROR,185,185,1,SAMMS INV pipeline failed. Check the failed parent/child activity run details.,2026-08-19T21:53:13.467Z,2026-08-19T22:54:29.012Z,3676,2026-08-19T22:54:29.012Z,FR,Frankfort,2caac1da-4db4-431b-998d-21dc6fd03dce,SAMMS-Frankfort
202608192252095381,202608192152668091,202608192152666995,85,886,Bronze INV,br_AdmissionAssessmentDimensionOneDisorder,TASK_COMPLETE,FAILED,ERROR,288,288,1,SAMMS INV pipeline failed. Check the failed parent/child activity run details.,2026-08-19T21:53:13.467Z,2026-08-19T22:54:29.012Z,3676,2026-08-19T22:54:29.012Z,FS,Fort Smith,2caac1da-4db4-431b-998d-21dc6fd03dce,SAMMS-FortSmith
202608192252095382,202608192152668092,202608192152666995,85,887,Bronze INV,br_AdmissionAssessmentDimensionOneDisorder,TASK_COMPLETE,FAILED,ERROR,683,683,1,SAMMS INV pipeline failed. Check the failed parent/child activity run details.,2026-08-19T21:53:13.467Z,2026-08-19T22:54:29.012Z,3676,2026-08-19T22:54:29.012Z,FW,Fort Wayne,2caac1da-4db4-431b-998d-21dc6fd03dce,SAMMS-FortWayne
202608192252095383,202608192152668093,202608192152666995,85,888,Bronze INV,br_AdmissionAssessmentDimensionOneDisorder,TASK_COMPLETE,FAILED,ERROR,123,123,1,SAMMS INV pipeline failed. Check the failed parent/child activity run details.,2026-08-19T21:53:13.467Z,2026-08-19T22:54:29.012Z,3676,2026-08-19T22:54:29.012Z,GAL,Gaylord,2caac1da-4db4-431b-998d-21dc6fd03dce,SAMMS-Gaylord
202608192252095385,202608192152668094,202608192152666995,85,892,Bronze INV,br_AdmissionAssessmentDimensionOneDisorder,TASK_COMPLETE,FAILED,ERROR,628,628,1,SAMMS INV pipeline failed. Check the failed parent/child activity run details.,2026-08-19T21:53:13.467Z,2026-08-19T22:54:29.012Z,3676,2026-08-19T22:54:29.012Z,HGT,Hagerstown,2caac1da-4db4-431b-998d-21dc6fd03dce,SAMMS-Hagerstown
202608192252095386,202608192152668095,202608192152666995,85,893,Bronze INV,br_AdmissionAssessmentDimensionOneDisorder,TASK_COMPLETE,FAILED,ERROR,484,484,1,SAMMS INV pipeline failed. Check the failed parent/child activity run details.,2026-08-19T21:53:13.467Z,2026-08-19T22:54:29.012Z,3676,2026-08-19T22:54:29.012Z,HNT,Huntsville,2caac1da-4db4-431b-998d-21dc6fd03dce,SAMMS-Huntsville
202608192252095387,202608192152668096,202608192152666995,85,894,Bronze INV,br_AdmissionAssessmentDimensionOneDisorder,TASK_COMPLETE,FAILED,ERROR,351,351,1,SAMMS INV pipeline failed. Check the failed parent/child activity run details.,2026-08-19T21:53:13.467Z,2026-08-19T22:54:29.012Z,3676,2026-08-19T22:54:29.012Z,HS,Hot Springs,2caac1da-4db4-431b-998d-21dc6fd03dce,SAMMS-HotSprings
202608192252095388,202608192152668097,202608192152666995,85,895,Bronze INV,br_AdmissionAssessmentDimensionOneDisorder,TASK_COMPLETE,FAILED,ERROR,267,267,1,SAMMS INV pipeline failed. Check the failed parent/child activity run details.,2026-08-19T21:53:13.467Z,2026-08-19T22:54:29.012Z,3676,2026-08-19T22:54:29.012Z,JON,Jonesboro,2caac1da-4db4-431b-998d-21dc6fd03dce,SAMMS-Jonesboro
202608192252095389,202608192152668098,202608192152666995,85,897,Bronze INV,br_AdmissionAssessmentDimensionOneDisorder,TASK_COMPLETE,FAILED,ERROR,193,193,1,SAMMS INV pipeline failed. Check the failed parent/child activity run details.,2026-08-19T21:53:13.467Z,2026-08-19T22:54:29.012Z,3676,2026-08-19T22:54:29.012Z,LAN,Lansing,2caac1da-4db4-431b-998d-21dc6fd03dce,SAMMS-Lansing
202608192252095390,202608192152668099,202608192152666995,85,898,Bronze INV,br_AdmissionAssessmentDimensionOneDisorder,TASK_COMPLETE,FAILED,ERROR,447,447,1,SAMMS INV pipeline failed. Check the failed parent/child activity run details.,2026-08-19T21:53:13.467Z,2026-08-19T22:54:29.012Z,3676,2026-08-19T22:54:29.012Z,LO,Louisville,2caac1da-4db4-431b-998d-21dc6fd03dce,SAMMS-Louisville
202608192252095391,202608192152668100,202608192152666995,85,899,Bronze INV,br_AdmissionAssessmentDimensionOneDisorder,TASK_COMPLETE,FAILED,ERROR,1222,1222,1,SAMMS INV pipeline failed. Check the failed parent/child activity run details.,2026-08-19T21:53:13.467Z,2026-08-19T22:54:29.012Z,3676,2026-08-19T22:54:29.012Z,LV1,Cheyenne,2caac1da-4db4-431b-998d-21dc6fd03dce,SAMMS-Cheyenne
202608192252095392,202608192152668101,202608192152666995,85,900,Bronze INV,br_AdmissionAssessmentDimensionOneDisorder,TASK_COMPLETE,FAILED,ERROR,965,965,1,SAMMS INV pipeline failed. Check the failed parent/child activity run details.,2026-08-19T21:53:13.467Z,2026-08-19T22:54:29.012Z,3676,2026-08-19T22:54:29.012Z,LV2,Desert Inn,2caac1da-4db4-431b-998d-21dc6fd03dce,SAMMS-DesertInn
202608192252095394,202608192152668102,202608192152666995,85,901,Bronze INV,br_AdmissionAssessmentDimensionOneDisorder,TASK_COMPLETE,FAILED,ERROR,322,322,1,SAMMS INV pipeline failed. Check the failed parent/child activity run details.,2026-08-19T21:53:13.467Z,2026-08-19T22:54:29.012Z,3676,2026-08-19T22:54:29.012Z,LV3,McDaniel,2caac1da-4db4-431b-998d-21dc6fd03dce,SAMMS-McDaniel
202608192252095395,202608192152668103,202608192152666995,85,904,Bronze INV,br_AdmissionAssessmentDimensionOneDisorder,TASK_COMPLETE,FAILED,ERROR,278,278,1,SAMMS INV pipeline failed. Check the failed parent/child activity run details.,2026-08-19T21:53:13.467Z,2026-08-19T22:54:29.012Z,3676,2026-08-19T22:54:29.012Z,MNRE,Monroe,2caac1da-4db4-431b-998d-21dc6fd03dce,SAMMS-Monroe
202608192252095396,202608192152668104,202608192152666995,85,905,Bronze INV,br_AdmissionAssessmentDimensionOneDisorder,TASK_COMPLETE,FAILED,ERROR,192,192,1,SAMMS INV pipeline failed. Check the failed parent/child activity run details.,2026-08-19T21:53:13.467Z,2026-08-19T22:54:29.012Z,3676,2026-08-19T22:54:29.012Z,MP,Mt. Pleasant,2caac1da-4db4-431b-998d-21dc6fd03dce,SAMMS-MtPleasant
202608192252095397,202608192152668105,202608192152666995,85,906,Bronze INV,br_AdmissionAssessmentDimensionOneDisorder,TASK_COMPLETE,FAILED,ERROR,169,169,1,SAMMS INV pipeline failed. Check the failed parent/child activity run details.,2026-08-19T21:53:13.467Z,2026-08-19T22:54:29.012Z,3676,2026-08-19T22:54:29.012Z,MRD,Meridian,2caac1da-4db4-431b-998d-21dc6fd03dce,SAMMS-Meridian
202608192252095398,202608192152668106,202608192152666995,85,911,Bronze INV,br_AdmissionAssessmentDimensionOneDisorder,TASK_COMPLETE,FAILED,ERROR,632,632,1,SAMMS INV pipeline failed. Check the failed parent/child activity run details.,2026-08-19T21:53:13.467Z,2026-08-19T22:54:29.012Z,3676,2026-08-19T22:54:29.012Z,NC,North Charleston,2caac1da-4db4-431b-998d-21dc6fd03dce,SAMMS-NorthCharleston
202608192252095399,202608192152668107,202608192152666995,85,912,Bronze INV,br_AdmissionAssessmentDimensionOneDisorder,TASK_COMPLETE,FAILED,ERROR,563,563,1,SAMMS INV pipeline failed. Check the failed parent/child activity run details.,2026-08-19T21:53:13.467Z,2026-08-19T22:54:29.012Z,3676,2026-08-19T22:54:29.012Z,NLR,N. Little Rock,2caac1da-4db4-431b-998d-21dc6fd03dce,SAMMS-NLROBOT
202608192252095400,202608192152668108,202608192152666995,85,913,Bronze INV,br_AdmissionAssessmentDimensionOneDisorder,TASK_COMPLETE,FAILED,ERROR,245,245,1,SAMMS INV pipeline failed. Check the failed parent/child activity run details.,2026-08-19T21:53:13.467Z,2026-08-19T22:54:29.012Z,3676,2026-08-19T22:54:29.012Z,PH,Phoenix,2caac1da-4db4-431b-998d-21dc6fd03dce,SAMMS-Phoenix
202608192252095401,202608192152668109,202608192152666995,85,917,Bronze INV,br_AdmissionAssessmentDimensionOneDisorder,TASK_COMPLETE,FAILED,ERROR,423,423,1,SAMMS INV pipeline failed. Check the failed parent/child activity run details.,2026-08-19T21:53:13.467Z,2026-08-19T22:54:29.012Z,3676,2026-08-19T22:54:29.012Z,RE,Reno,2caac1da-4db4-431b-998d-21dc6fd03dce,SAMMS-Reno
202608192252095402,202608192152668110,202608192152666995,85,918,Bronze INV,br_AdmissionAssessmentDimensionOneDisorder,TASK_COMPLETE,FAILED,ERROR,402,402,1,SAMMS INV pipeline failed. Check the failed parent/child activity run details.,2026-08-19T21:53:13.467Z,2026-08-19T22:54:29.012Z,3676,2026-08-19T22:54:29.012Z,RMD,Richmond,2caac1da-4db4-431b-998d-21dc6fd03dce,SAMMS-Richmond
202608192252095403,202608192152668111,202608192152666995,85,919,Bronze INV,br_AdmissionAssessmentDimensionOneDisorder,TASK_COMPLETE,FAILED,ERROR,498,498,1,SAMMS INV pipeline failed. Check the failed parent/child activity run details.,2026-08-19T21:53:13.467Z,2026-08-19T22:54:29.012Z,3676,2026-08-19T22:54:29.012Z,SFN,Springfield North,2caac1da-4db4-431b-998d-21dc6fd03dce,SAMMS-SFNv5
202608192252095405,202608192152668112,202608192152666995,85,920,Bronze INV,br_AdmissionAssessmentDimensionOneDisorder,TASK_COMPLETE,FAILED,ERROR,461,461,1,SAMMS INV pipeline failed. Check the failed parent/child activity run details.,2026-08-19T21:53:13.467Z,2026-08-19T22:54:29.012Z,3676,2026-08-19T22:54:29.012Z,SHP,Shreveport,2caac1da-4db4-431b-998d-21dc6fd03dce,SAMMS-Shreveport
202608192252095406,202608192152668113,202608192152666995,85,922,Bronze INV,br_AdmissionAssessmentDimensionOneDisorder,TASK_COMPLETE,FAILED,ERROR,86,86,1,SAMMS INV pipeline failed. Check the failed parent/child activity run details.,2026-08-19T21:53:13.467Z,2026-08-19T22:54:29.012Z,3676,2026-08-19T22:54:29.012Z,STN,Staunton,2caac1da-4db4-431b-998d-21dc6fd03dce,SAMMS-Staunton
202608192252095407,202608192152668114,202608192152666995,85,923,Bronze INV,br_AdmissionAssessmentDimensionOneDisorder,TASK_COMPLETE,FAILED,ERROR,56,56,1,SAMMS INV pipeline failed. Check the failed parent/child activity run details.,2026-08-19T21:53:13.467Z,2026-08-19T22:54:29.012Z,3676,2026-08-19T22:54:29.012Z,STVN,Stevenson,2caac1da-4db4-431b-998d-21dc6fd03dce,SAMMS-Stevenson
202608192252095408,202608192152668115,202608192152666995,85,925,Bronze INV,br_AdmissionAssessmentDimensionOneDisorder,TASK_COMPLETE,FAILED,ERROR,76,76,1,SAMMS INV pipeline failed. Check the failed parent/child activity run details.,2026-08-19T21:53:13.467Z,2026-08-19T22:54:29.012Z,3676,2026-08-19T22:54:29.012Z,TE,Tempe,2caac1da-4db4-431b-998d-21dc6fd03dce,SAMMS-Tempe
202608192252095409,202608192152668116,202608192152666995,85,926,Bronze INV,br_AdmissionAssessmentDimensionOneDisorder,TASK_COMPLETE,FAILED,ERROR,365,365,1,SAMMS INV pipeline failed. Check the failed parent/child activity run details.,2026-08-19T21:53:13.467Z,2026-08-19T22:54:29.012Z,3676,2026-08-19T22:54:29.012Z,TEX,Texarkana,2caac1da-4db4-431b-998d-21dc6fd03dce,SAMMS-Texarkana
202608192252095410,202608192152668117,202608192152666995,85,927,Bronze INV,br_AdmissionAssessmentDimensionOneDisorder,TASK_COMPLETE,FAILED,ERROR,449,449,1,SAMMS INV pipeline failed. Check the failed parent/child activity run details.,2026-08-19T21:53:13.467Z,2026-08-19T22:54:29.012Z,3676,2026-08-19T22:54:29.012Z,TTCA,Bessemer,2caac1da-4db4-431b-998d-21dc6fd03dce,SAMMS-BessemerV5
202608192252095411,202608192152668118,202608192152666995,85,928,Bronze INV,br_AdmissionAssessmentDimensionOneDisorder,TASK_COMPLETE,FAILED,ERROR,550,550,1,SAMMS INV pipeline failed. Check the failed parent/child activity run details.,2026-08-19T21:53:13.467Z,2026-08-19T22:54:29.012Z,3676,2026-08-19T22:54:29.012Z,TTCB,Cullman,2caac1da-4db4-431b-998d-21dc6fd03dce,SAMMS-CullmanV5
202608192252095412,202608192152668119,202608192152666995,85,929,Bronze INV,br_AdmissionAssessmentDimensionOneDisorder,TASK_COMPLETE,FAILED,ERROR,360,360,1,SAMMS INV pipeline failed. Check the failed parent/child activity run details.,2026-08-19T21:53:13.467Z,2026-08-19T22:54:29.012Z,3676,2026-08-19T22:54:29.012Z,TTCC,Grand Bay,2caac1da-4db4-431b-998d-21dc6fd03dce,SAMMS-GrandBay
202608192252095413,202608192152668120,202608192152666995,85,930,Bronze INV,br_AdmissionAssessmentDimensionOneDisorder,TASK_COMPLETE,FAILED,ERROR,24,24,1,SAMMS INV pipeline failed. Check the failed parent/child activity run details.,2026-08-19T21:53:13.467Z,2026-08-19T22:54:29.012Z,3676,2026-08-19T22:54:29.012Z,TU,Tucson,2caac1da-4db4-431b-998d-21dc6fd03dce,SAMMS-Tucson
202608192252095415,202608192152668121,202608192152666995,85,932,Bronze INV,br_AdmissionAssessmentDimensionOneDisorder,TASK_COMPLETE,FAILED,ERROR,264,264,1,SAMMS INV pipeline failed. Check the failed parent/child activity run details.,2026-08-19T21:53:13.467Z,2026-08-19T22:54:29.012Z,3676,2026-08-19T22:54:29.012Z,V1,Memphis South,2caac1da-4db4-431b-998d-21dc6fd03dce,SAMMS-VCPHCS-I-MemphisV5
202608192252095416,202608192152668122,202608192152666995,85,933,Bronze INV,br_AdmissionAssessmentDimensionOneDisorder,TASK_COMPLETE,FAILED,ERROR,704,704,1,SAMMS INV pipeline failed. Check the failed parent/child activity run details.,2026-08-19T21:53:13.467Z,2026-08-19T22:54:29.012Z,3676,2026-08-19T22:54:29.012Z,V10,Longmont,2caac1da-4db4-431b-998d-21dc6fd03dce,SAMMS-BoulderV5
202608192252095417,202608192152668123,202608192152666995,85,934,Bronze INV,br_AdmissionAssessmentDimensionOneDisorder,TASK_COMPLETE,FAILED,ERROR,1198,1198,1,SAMMS INV pipeline failed. Check the failed parent/child activity run details.,2026-08-19T21:53:13.467Z,2026-08-19T22:54:29.012Z,3676,2026-08-19T22:54:29.012Z,V10A,Fort Collins,2caac1da-4db4-431b-998d-21dc6fd03dce,SAMMS-FortCollinsV5
202608192252095418,202608192152668124,202608192152666995,85,935,Bronze INV,br_AdmissionAssessmentDimensionOneDisorder,TASK_COMPLETE,FAILED,ERROR,1041,1041,1,SAMMS INV pipeline failed. Check the failed parent/child activity run details.,2026-08-19T21:53:13.467Z,2026-08-19T22:54:29.012Z,3676,2026-08-19T22:54:29.012Z,V11,Westminster,2caac1da-4db4-431b-998d-21dc6fd03dce,SAMMS-VCPHCS-XI-NorthDenverV5
202608192252095419,202608192152668125,202608192152666995,85,936,Bronze INV,br_AdmissionAssessmentDimensionOneDisorder,TASK_COMPLETE,FAILED,ERROR,1108,1108,1,SAMMS INV pipeline failed. Check the failed parent/child activity run details.,2026-08-19T21:53:13.467Z,2026-08-19T22:54:29.012Z,3676,2026-08-19T22:54:29.012Z,V12,Downtown Denver,2caac1da-4db4-431b-998d-21dc6fd03dce,SAMMS-VCPHCS-XII-DowntownDenverV5
202608192252095420,202608192152668126,202608192152666995,85,937,Bronze INV,br_AdmissionAssessmentDimensionOneDisorder,TASK_COMPLETE,FAILED,ERROR,501,501,1,SAMMS INV pipeline failed. Check the failed parent/child activity run details.,2026-08-19T21:53:13.467Z,2026-08-19T22:54:29.012Z,3676,2026-08-19T22:54:29.012Z,V12A,Centennial,2caac1da-4db4-431b-998d-21dc6fd03dce,SAMMS-CentennialV5
202608192252095422,202608192152668127,202608192152666995,85,938,Bronze INV,br_AdmissionAssessmentDimensionOneDisorder,TASK_COMPLETE,FAILED,ERROR,314,314,1,SAMMS INV pipeline failed. Check the failed parent/child activity run details.,2026-08-19T21:53:13.467Z,2026-08-19T22:54:29.012Z,3676,2026-08-19T22:54:29.012Z,V14,Overland Park,2caac1da-4db4-431b-998d-21dc6fd03dce,SAMMS-VCPHCS-XIV-BridgewayV5
202608192252095423,202608192152668128,202608192152666995,85,939,Bronze INV,br_AdmissionAssessmentDimensionOneDisorder,TASK_COMPLETE,FAILED,ERROR,564,564,1,SAMMS INV pipeline failed. Check the failed parent/child activity run details.,2026-08-19T21:53:13.467Z,2026-08-19T22:54:29.012Z,3676,2026-08-19T22:54:29.012Z,V15,Joplin,2caac1da-4db4-431b-998d-21dc6fd03dce,SAMMS-JoplinV5
202608192252095424,202608192152668129,202608192152666995,85,941,Bronze INV,br_AdmissionAssessmentDimensionOneDisorder,TASK_COMPLETE,FAILED,ERROR,488,488,1,SAMMS INV pipeline failed. Check the failed parent/child activity run details.,2026-08-19T21:53:13.467Z,2026-08-19T22:54:29.012Z,3676,2026-08-19T22:54:29.012Z,V17,Columbia TN,2caac1da-4db4-431b-998d-21dc6fd03dce,SAMMS-ColumbiaTNv5
202608192252095425,202608192152668130,202608192152666995,85,943,Bronze INV,br_AdmissionAssessmentDimensionOneDisorder,TASK_COMPLETE,FAILED,ERROR,436,436,1,SAMMS INV pipeline failed. Check the failed parent/child activity run details.,2026-08-19T21:53:13.467Z,2026-08-19T22:54:29.012Z,3676,2026-08-19T22:54:29.012Z,V19,Jackson,2caac1da-4db4-431b-998d-21dc6fd03dce,SAMMS-JacksonV5
202608192252095426,202608192152668131,202608192152666995,85,945,Bronze INV,br_AdmissionAssessmentDimensionOneDisorder,TASK_COMPLETE,FAILED,ERROR,519,519,1,SAMMS INV pipeline failed. Check the failed parent/child activity run details.,2026-08-19T21:53:13.467Z,2026-08-19T22:54:29.012Z,3676,2026-08-19T22:54:29.012Z,V20,Paris,2caac1da-4db4-431b-998d-21dc6fd03dce,SAMMS-ParisV5
202608192252095427,202608192152668132,202608192152666995,85,946,Bronze INV,br_AdmissionAssessmentDimensionOneDisorder,TASK_COMPLETE,FAILED,ERROR,364,364,1,SAMMS INV pipeline failed. Check the failed parent/child activity run details.,2026-08-19T21:53:13.467Z,2026-08-19T22:54:29.012Z,3676,2026-08-19T22:54:29.012Z,V21,Memphis North,2caac1da-4db4-431b-998d-21dc6fd03dce,SAMMS-RaleighV5
202608192252095428,202608192152668133,202608192152666995,85,949,Bronze INV,br_AdmissionAssessmentDimensionOneDisorder,TASK_COMPLETE,FAILED,ERROR,723,723,1,SAMMS INV pipeline failed. Check the failed parent/child activity run details.,2026-08-19T21:53:13.467Z,2026-08-19T22:54:29.012Z,3676,2026-08-19T22:54:29.012Z,V5,West Bank,2caac1da-4db4-431b-998d-21dc6fd03dce,SAMMS-NONTCv5
202608192252095430,202608192152668134,202608192152666995,85,951,Bronze INV,br_AdmissionAssessmentDimensionOneDisorder,TASK_COMPLETE,FAILED,ERROR,260,260,1,SAMMS INV pipeline failed. Check the failed parent/child activity run details.,2026-08-19T21:53:13.467Z,2026-08-19T22:54:29.012Z,3676,2026-08-19T22:54:29.012Z,V5B,Houma,2caac1da-4db4-431b-998d-21dc6fd03dce,SAMMS-HoumaV6
202608192252095431,202608192152668135,202608192152666995,85,952,Bronze INV,br_AdmissionAssessmentDimensionOneDisorder,TASK_COMPLETE,FAILED,ERROR,981,981,1,SAMMS INV pipeline failed. Check the failed parent/child activity run details.,2026-08-19T21:53:13.467Z,2026-08-19T22:54:29.012Z,3676,2026-08-19T22:54:29.012Z,V6,Lake Charles,2caac1da-4db4-431b-998d-21dc6fd03dce,SAMMS-LCv5
202608192252095432,202608192152668136,202608192152666995,85,954,Bronze INV,br_AdmissionAssessmentDimensionOneDisorder,TASK_COMPLETE,FAILED,ERROR,578,578,1,SAMMS INV pipeline failed. Check the failed parent/child activity run details.,2026-08-19T21:53:13.467Z,2026-08-19T22:54:29.012Z,3676,2026-08-19T22:54:29.012Z,V8,Memphis Midtown,2caac1da-4db4-431b-998d-21dc6fd03dce,SAMMS-VCPHCS-VIII-MemphisV5
202608192252095433,202608192152668137,202608192152666995,85,955,Bronze INV,br_AdmissionAssessmentDimensionOneDisorder,TASK_COMPLETE,FAILED,ERROR,1620,1620,1,SAMMS INV pipeline failed. Check the failed parent/child activity run details.,2026-08-19T21:53:13.467Z,2026-08-19T22:54:29.012Z,3676,2026-08-19T22:54:29.012Z,V9,Nashville,2caac1da-4db4-431b-998d-21dc6fd03dce,SAMMS-NashvilleV5
202608192252095434,202608192152668138,202608192152666995,85,956,Bronze INV,br_AdmissionAssessmentDimensionOneDisorder,TASK_COMPLETE,FAILED,ERROR,349,349,1,SAMMS INV pipeline failed. Check the failed parent/child activity run details.,2026-08-19T21:53:13.467Z,2026-08-19T22:54:29.012Z,3676,2026-08-19T22:54:29.012Z,VBRA,Brainerd,2caac1da-4db4-431b-998d-21dc6fd03dce,SAMMS-BrainerdV6
202608192252095435,202608192152668139,202608192152666995,85,957,Bronze INV,br_AdmissionAssessmentDimensionOneDisorder,TASK_COMPLETE,FAILED,ERROR,615,615,1,SAMMS INV pipeline failed. Check the failed parent/child activity run details.,2026-08-19T21:53:13.467Z,2026-08-19T22:54:29.012Z,3676,2026-08-19T22:54:29.012Z,VBRP,Brooklyn Park,2caac1da-4db4-431b-998d-21dc6fd03dce,SAMMS-BrooklynParkV6
202608192252095436,202608192152668140,202608192152666995,85,959,Bronze INV,br_AdmissionAssessmentDimensionOneDisorder,TASK_COMPLETE,FAILED,ERROR,585,585,1,SAMMS INV pipeline failed. Check the failed parent/child activity run details.,2026-08-19T21:53:13.467Z,2026-08-19T22:54:29.012Z,3676,2026-08-19T22:54:29.012Z,VMIN,Minneapolis,2caac1da-4db4-431b-998d-21dc6fd03dce,SAMMS-MinneapolisV6
202608192252095438,202608192152668141,202608192152666995,85,960,Bronze INV,br_AdmissionAssessmentDimensionOneDisorder,TASK_COMPLETE,FAILED,ERROR,1131,1131,1,SAMMS INV pipeline failed. Check the failed parent/child activity run details.,2026-08-19T21:53:13.467Z,2026-08-19T22:54:29.012Z,3676,2026-08-19T22:54:29.012Z,VWBY,Woodbury,2caac1da-4db4-431b-998d-21dc6fd03dce,SAMMS-WoodburyV6
202608192252095439,202608192152668142,202608192152666995,85,962,Bronze INV,br_AdmissionAssessmentDimensionOneDisorder,TASK_COMPLETE,FAILED,ERROR,432,432,1,SAMMS INV pipeline failed. Check the failed parent/child activity run details.,2026-08-19T21:53:13.467Z,2026-08-19T22:54:29.012Z,3676,2026-08-19T22:54:29.012Z,WIL,Wilson,2caac1da-4db4-431b-998d-21dc6fd03dce,SAMMS-Wilson
202608192252095540,202608192152766997,202608192152766995,86,5721,Silver INV,sl_AdmissionAssessmentDimensionOneDisorder,TASK_COMPLETE,SUCCESS,INFO,53095,53095,0,,2026-08-19T21:53:13.467Z,2026-08-19T22:54:29.012Z,3676,2026-08-19T22:54:29.012Z,,,2caac1da-4db4-431b-998d-21dc6fd03dce,
202608192252095461,202608192152668603,202608192152666995,85,966,Bronze INV,br_AdmissionAssessmentDimensionSix,TASK_COMPLETE,FAILED,ERROR,98,98,1,SAMMS INV pipeline failed. Check the failed parent/child activity run details.,2026-08-19T21:53:13.467Z,2026-08-19T22:54:29.012Z,3676,2026-08-19T22:54:29.012Z,AHK,Ahoskie,2caac1da-4db4-431b-998d-21dc6fd03dce,SAMMS-Ahoskie
202608192252095462,202608192152668604,202608192152666995,85,967,Bronze INV,br_AdmissionAssessmentDimensionSix,TASK_COMPLETE,FAILED,ERROR,786,786,1,SAMMS INV pipeline failed. Check the failed parent/child activity run details.,2026-08-19T21:53:13.467Z,2026-08-19T22:54:29.012Z,3676,2026-08-19T22:54:29.012Z,B12B,Colorado Springs,2caac1da-4db4-431b-998d-21dc6fd03dce,SAMMS-ColoradoSpringsV5
202608192252095463,202608192152668605,202608192152666995,85,968,Bronze INV,br_AdmissionAssessmentDimensionSix,TASK_COMPLETE,FAILED,ERROR,415,415,1,SAMMS INV pipeline failed. Check the failed parent/child activity run details.,2026-08-19T21:53:13.467Z,2026-08-19T22:54:29.012Z,3676,2026-08-19T22:54:29.012Z,B24,Paintsville,2caac1da-4db4-431b-998d-21dc6fd03dce,SAMMS-PaintsvilleV5
202608192252095464,202608192152668606,202608192152666995,85,969,Bronze INV,br_AdmissionAssessmentDimensionSix,TASK_COMPLETE,FAILED,ERROR,171,171,1,SAMMS INV pipeline failed. Check the failed parent/child activity run details.,2026-08-19T21:53:13.467Z,2026-08-19T22:54:29.012Z,3676,2026-08-19T22:54:29.012Z,B25,Pikeville,2caac1da-4db4-431b-998d-21dc6fd03dce,SAMMS-PikevilleV5
202608192252095465,202608192152668607,202608192152666995,85,970,Bronze INV,br_AdmissionAssessmentDimensionSix,TASK_COMPLETE,FAILED,ERROR,493,493,1,SAMMS INV pipeline failed. Check the failed parent/child activity run details.,2026-08-19T21:53:13.467Z,2026-08-19T22:54:29.012Z,3676,2026-08-19T22:54:29.012Z,B26,Hazard,2caac1da-4db4-431b-998d-21dc6fd03dce,SAMMS-HazardV5
202608192252095466,202608192152668608,202608192152666995,85,971,Bronze INV,br_AdmissionAssessmentDimensionSix,TASK_COMPLETE,FAILED,ERROR,189,189,1,SAMMS INV pipeline failed. Check the failed parent/child activity run details.,2026-08-19T21:53:13.467Z,2026-08-19T22:54:29.012Z,3676,2026-08-19T22:54:29.012Z,B27,Savannah,2caac1da-4db4-431b-998d-21dc6fd03dce,SAMMS-SavannahV6
202608192252095468,202608192152668609,202608192152666995,85,972,Bronze INV,br_AdmissionAssessmentDimensionSix,TASK_COMPLETE,FAILED,ERROR,233,233,1,SAMMS INV pipeline failed. Check the failed parent/child activity run details.,2026-08-19T21:53:13.467Z,2026-08-19T22:54:29.012Z,3676,2026-08-19T22:54:29.012Z,B28,West Plains,2caac1da-4db4-431b-998d-21dc6fd03dce,SAMMS-WestPlainesV5
202608192252095469,202608192152668610,202608192152666995,85,973,Bronze INV,br_AdmissionAssessmentDimensionSix,TASK_COMPLETE,FAILED,ERROR,256,256,1,SAMMS INV pipeline failed. Check the failed parent/child activity run details.,2026-08-19T21:53:13.467Z,2026-08-19T22:54:29.012Z,3676,2026-08-19T22:54:29.012Z,B29,Poplar Bluff,2caac1da-4db4-431b-998d-21dc6fd03dce,SAMMS-PoplarBluffV5
202608192252095470,202608192152668611,202608192152666995,85,974,Bronze INV,br_AdmissionAssessmentDimensionSix,TASK_COMPLETE,FAILED,ERROR,135,135,1,SAMMS INV pipeline failed. Check the failed parent/child activity run details.,2026-08-19T21:53:13.467Z,2026-08-19T22:54:29.012Z,3676,2026-08-19T22:54:29.012Z,B30,KC North,2caac1da-4db4-431b-998d-21dc6fd03dce,SAMMS-KCNv5
202608192252095471,202608192152668612,202608192152666995,85,975,Bronze INV,br_AdmissionAssessmentDimensionSix,TASK_COMPLETE,FAILED,ERROR,336,336,1,SAMMS INV pipeline failed. Check the failed parent/child activity run details.,2026-08-19T21:53:13.467Z,2026-08-19T22:54:29.012Z,3676,2026-08-19T22:54:29.012Z,B31,Dyersburg,2caac1da-4db4-431b-998d-21dc6fd03dce,SAMMS-DyersburgV5
202608192252095472,202608192152668613,202608192152666995,85,977,Bronze INV,br_AdmissionAssessmentDimensionSix,TASK_COMPLETE,FAILED,ERROR,213,213,1,SAMMS INV pipeline failed. Check the failed parent/child activity run details.,2026-08-19T21:53:13.467Z,2026-08-19T22:54:29.012Z,3676,2026-08-19T22:54:29.012Z,B33,Paducah,2caac1da-4db4-431b-998d-21dc6fd03dce,SAMMS-Paducah
202608192252095473,202608192152668614,202608192152666995,85,978,Bronze INV,br_AdmissionAssessmentDimensionSix,TASK_COMPLETE,FAILED,ERROR,443,443,1,SAMMS INV pipeline failed. Check the failed parent/child activity run details.,2026-08-19T21:53:13.467Z,2026-08-19T22:54:29.012Z,3676,2026-08-19T22:54:29.012Z,B34,Corbin,2caac1da-4db4-431b-998d-21dc6fd03dce,SAMMS-CorbinV5
202608192252095475,202608192152668615,202608192152666995,85,979,Bronze INV,br_AdmissionAssessmentDimensionSix,TASK_COMPLETE,FAILED,ERROR,712,712,1,SAMMS INV pipeline failed. Check the failed parent/child activity run details.,2026-08-19T21:53:13.467Z,2026-08-19T22:54:29.012Z,3676,2026-08-19T22:54:29.012Z,B35,Lexington,2caac1da-4db4-431b-998d-21dc6fd03dce,SAMMS-LexingtonV5
202608192252095476,202608192152668616,202608192152666995,85,980,Bronze INV,br_AdmissionAssessmentDimensionSix,TASK_COMPLETE,FAILED,ERROR,346,346,1,SAMMS INV pipeline failed. Check the failed parent/child activity run details.,2026-08-19T21:53:13.467Z,2026-08-19T22:54:29.012Z,3676,2026-08-19T22:54:29.012Z,B35A,Berea,2caac1da-4db4-431b-998d-21dc6fd03dce,SAMMS-BereaV5
202608192252095477,202608192152668617,202608192152666995,85,981,Bronze INV,br_AdmissionAssessmentDimensionSix,TASK_COMPLETE,FAILED,ERROR,599,599,1,SAMMS INV pipeline failed. Check the failed parent/child activity run details.,2026-08-19T21:53:13.467Z,2026-08-19T22:54:29.012Z,3676,2026-08-19T22:54:29.012Z,B36,Asheville,2caac1da-4db4-431b-998d-21dc6fd03dce,SAMMS-AshevilleV5
202608192252095478,202608192152668618,202608192152666995,85,982,Bronze INV,br_AdmissionAssessmentDimensionSix,TASK_COMPLETE,FAILED,ERROR,443,443,1,SAMMS INV pipeline failed. Check the failed parent/child activity run details.,2026-08-19T21:53:13.467Z,2026-08-19T22:54:29.012Z,3676,2026-08-19T22:54:29.012Z,B37,Clyde,2caac1da-4db4-431b-998d-21dc6fd03dce,SAMMS-ClydeV5
202608192252095479,202608192152668619,202608192152666995,85,983,Bronze INV,br_AdmissionAssessmentDimensionSix,TASK_COMPLETE,FAILED,ERROR,627,627,1,SAMMS INV pipeline failed. Check the failed parent/child activity run details.,2026-08-19T21:53:13.467Z,2026-08-19T22:54:29.012Z,3676,2026-08-19T22:54:29.012Z,B38,Spartanburg,2caac1da-4db4-431b-998d-21dc6fd03dce,SAMMS-SpartanburgV5
202608192252095480,202608192152668620,202608192152666995,85,984,Bronze INV,br_AdmissionAssessmentDimensionSix,TASK_COMPLETE,FAILED,ERROR,469,469,1,SAMMS INV pipeline failed. Check the failed parent/child activity run details.,2026-08-19T21:53:13.467Z,2026-08-19T22:54:29.012Z,3676,2026-08-19T22:54:29.012Z,B39,Aiken,2caac1da-4db4-431b-998d-21dc6fd03dce,SAMMS-AikenV5
202608192252095481,202608192152668621,202608192152666995,85,985,Bronze INV,br_AdmissionAssessmentDimensionSix,TASK_COMPLETE,FAILED,ERROR,289,289,1,SAMMS INV pipeline failed. Check the failed parent/child activity run details.,2026-08-19T21:53:13.467Z,2026-08-19T22:54:29.012Z,3676,2026-08-19T22:54:29.012Z,B41,Chesapeake,2caac1da-4db4-431b-998d-21dc6fd03dce,SAMMS-ChesapeakeV5
202608192252095483,202608192152668622,202608192152666995,85,986,Bronze INV,br_AdmissionAssessmentDimensionSix,TASK_COMPLETE,FAILED,ERROR,531,531,1,SAMMS INV pipeline failed. Check the failed parent/child activity run details.,2026-08-19T21:53:13.467Z,2026-08-19T22:54:29.012Z,3676,2026-08-19T22:54:29.012Z,B42,Virginia Beach,2caac1da-4db4-431b-998d-21dc6fd03dce,SAMMS-VirginiaBeachV5
202608192252095484,202608192152668623,202608192152666995,85,987,Bronze INV,br_AdmissionAssessmentDimensionSix,TASK_COMPLETE,FAILED,ERROR,162,162,1,SAMMS INV pipeline failed. Check the failed parent/child activity run details.,2026-08-19T21:53:13.467Z,2026-08-19T22:54:29.012Z,3676,2026-08-19T22:54:29.012Z,B42A,Newport News,2caac1da-4db4-431b-998d-21dc6fd03dce,SAMMS-NewportNewsV5
202608192252095485,202608192152668624,202608192152666995,85,988,Bronze INV,br_AdmissionAssessmentDimensionSix,TASK_COMPLETE,FAILED,ERROR,54,54,1,SAMMS INV pipeline failed. Check the failed parent/child activity run details.,2026-08-19T21:53:13.467Z,2026-08-19T22:54:29.012Z,3676,2026-08-19T22:54:29.012Z,B42B,Franklin,2caac1da-4db4-431b-998d-21dc6fd03dce,SAMMS-FranklinV5
202608192252095486,202608192152668625,202608192152666995,85,989,Bronze INV,br_AdmissionAssessmentDimensionSix,TASK_COMPLETE,FAILED,ERROR,334,334,1,SAMMS INV pipeline failed. Check the failed parent/child activity run details.,2026-08-19T21:53:13.467Z,2026-08-19T22:54:29.012Z,3676,2026-08-19T22:54:29.012Z,B42C,Glen Allen,2caac1da-4db4-431b-998d-21dc6fd03dce,SAMMS-GlenAllenV5
202608192252095487,202608192152668626,202608192152666995,85,990,Bronze INV,br_AdmissionAssessmentDimensionSix,TASK_COMPLETE,FAILED,ERROR,168,168,1,SAMMS INV pipeline failed. Check the failed parent/child activity run details.,2026-08-19T21:53:13.467Z,2026-08-19T22:54:29.012Z,3676,2026-08-19T22:54:29.012Z,B42D,Chesapeake South,2caac1da-4db4-431b-998d-21dc6fd03dce,SAMMS-ChesapeakeSouthV5
202608192252095488,202608192152668627,202608192152666995,85,991,Bronze INV,br_AdmissionAssessmentDimensionSix,TASK_COMPLETE,FAILED,ERROR,204,204,1,SAMMS INV pipeline failed. Check the failed parent/child activity run details.,2026-08-19T21:53:13.467Z,2026-08-19T22:54:29.012Z,3676,2026-08-19T22:54:29.012Z,B44,Albany,2caac1da-4db4-431b-998d-21dc6fd03dce,SAMMS-AlbanyV5
202608192252095489,202608192152668628,202608192152666995,85,992,Bronze INV,br_AdmissionAssessmentDimensionSix,TASK_COMPLETE,FAILED,ERROR,302,302,1,SAMMS INV pipeline failed. Check the failed parent/child activity run details.,2026-08-19T21:53:13.467Z,2026-08-19T22:54:29.012Z,3676,2026-08-19T22:54:29.012Z,B45,Tifton,2caac1da-4db4-431b-998d-21dc6fd03dce,SAMMS-TiftonV5
202608192252095491,202608192152668629,202608192152666995,85,993,Bronze INV,br_AdmissionAssessmentDimensionSix,TASK_COMPLETE,FAILED,ERROR,654,654,1,SAMMS INV pipeline failed. Check the failed parent/child activity run details.,2026-08-19T21:53:13.467Z,2026-08-19T22:54:29.012Z,3676,2026-08-19T22:54:29.012Z,B46,Washington DC,2caac1da-4db4-431b-998d-21dc6fd03dce,SAMMS-WashingtonDCv5
202608192252095492,202608192152668630,202608192152666995,85,994,Bronze INV,br_AdmissionAssessmentDimensionSix,TASK_COMPLETE,FAILED,ERROR,338,338,1,SAMMS INV pipeline failed. Check the failed parent/child activity run details.,2026-08-19T21:53:13.467Z,2026-08-19T22:54:29.012Z,3676,2026-08-19T22:54:29.012Z,B47,Mobile,2caac1da-4db4-431b-998d-21dc6fd03dce,SAMMS-MobileV5
202608192252095493,202608192152668631,202608192152666995,85,995,Bronze INV,br_AdmissionAssessmentDimensionSix,TASK_COMPLETE,FAILED,ERROR,441,441,1,SAMMS INV pipeline failed. Check the failed parent/child activity run details.,2026-08-19T21:53:13.467Z,2026-08-19T22:54:29.012Z,3676,2026-08-19T22:54:29.012Z,B48,Tuscaloosa,2caac1da-4db4-431b-998d-21dc6fd03dce,SAMMS-TuscaloosaV5
202608192252095494,202608192152668632,202608192152666995,85,1004,Bronze INV,br_AdmissionAssessmentDimensionSix,TASK_COMPLETE,FAILED,ERROR,309,309,1,SAMMS INV pipeline failed. Check the failed parent/child activity run details.,2026-08-19T21:53:13.467Z,2026-08-19T22:54:29.012Z,3676,2026-08-19T22:54:29.012Z,B51,N. Little Rock (OTP),2caac1da-4db4-431b-998d-21dc6fd03dce,SAMMS-NorthLittleRockV6
202608192252095495,202608192152668633,202608192152666995,85,1005,Bronze INV,br_AdmissionAssessmentDimensionSix,TASK_COMPLETE,FAILED,ERROR,154,154,1,SAMMS INV pipeline failed. Check the failed parent/child activity run details.,2026-08-19T21:53:13.467Z,2026-08-19T22:54:29.012Z,3676,2026-08-19T22:54:29.012Z,B52,Jackson GA,2caac1da-4db4-431b-998d-21dc6fd03dce,SAMMS-JacksonGAV5
202608192252095496,202608192152668634,202608192152666995,85,1006,Bronze INV,br_AdmissionAssessmentDimensionSix,TASK_COMPLETE,FAILED,ERROR,463,463,1,SAMMS INV pipeline failed. Check the failed parent/child activity run details.,2026-08-19T21:53:13.467Z,2026-08-19T22:54:29.012Z,3676,2026-08-19T22:54:29.012Z,B54,Gadsden,2caac1da-4db4-431b-998d-21dc6fd03dce,SAMMS-GadsdenV5
202608192252095498,202608192152668635,202608192152666995,85,1007,Bronze INV,br_AdmissionAssessmentDimensionSix,TASK_COMPLETE,FAILED,ERROR,481,481,1,SAMMS INV pipeline failed. Check the failed parent/child activity run details.,2026-08-19T21:53:13.467Z,2026-08-19T22:54:29.012Z,3676,2026-08-19T22:54:29.012Z,B55,Shoals,2caac1da-4db4-431b-998d-21dc6fd03dce,SAMMS-ShoalsV5
202608192252095499,202608192152668636,202608192152666995,85,1008,Bronze INV,br_AdmissionAssessmentDimensionSix,TASK_COMPLETE,FAILED,ERROR,171,171,1,SAMMS INV pipeline failed. Check the failed parent/child activity run details.,2026-08-19T21:53:13.467Z,2026-08-19T22:54:29.012Z,3676,2026-08-19T22:54:29.012Z,B57,Pawtucket,2caac1da-4db4-431b-998d-21dc6fd03dce,SAMMS-Pawtucket
202608192252095500,202608192152668637,202608192152666995,85,1009,Bronze INV,br_AdmissionAssessmentDimensionSix,TASK_COMPLETE,FAILED,ERROR,167,167,1,SAMMS INV pipeline failed. Check the failed parent/child activity run details.,2026-08-19T21:53:13.467Z,2026-08-19T22:54:29.012Z,3676,2026-08-19T22:54:29.012Z,B57A,Johnston,2caac1da-4db4-431b-998d-21dc6fd03dce,SAMMS-Johnston
202608192252095501,202608192152668638,202608192152666995,85,1010,Bronze INV,br_AdmissionAssessmentDimensionSix,TASK_COMPLETE,FAILED,ERROR,86,86,1,SAMMS INV pipeline failed. Check the failed parent/child activity run details.,2026-08-19T21:53:13.467Z,2026-08-19T22:54:29.012Z,3676,2026-08-19T22:54:29.012Z,B57B,Middletown,2caac1da-4db4-431b-998d-21dc6fd03dce,SAMMS-Middletown
202608192252095502,202608192152668639,202608192152666995,85,1011,Bronze INV,br_AdmissionAssessmentDimensionSix,TASK_COMPLETE,FAILED,ERROR,172,172,1,SAMMS INV pipeline failed. Check the failed parent/child activity run details.,2026-08-19T21:53:13.467Z,2026-08-19T22:54:29.012Z,3676,2026-08-19T22:54:29.012Z,B57C,Providence,2caac1da-4db4-431b-998d-21dc6fd03dce,SAMMS-Providence
202608192252095503,202608192152668640,202608192152666995,85,1012,Bronze INV,br_AdmissionAssessmentDimensionSix,TASK_COMPLETE,FAILED,ERROR,252,252,1,SAMMS INV pipeline failed. Check the failed parent/child activity run details.,2026-08-19T21:53:13.467Z,2026-08-19T22:54:29.012Z,3676,2026-08-19T22:54:29.012Z,B57D,Westerly,2caac1da-4db4-431b-998d-21dc6fd03dce,SAMMS-Westerly
202608192252095504,202608192152668641,202608192152666995,85,1016,Bronze INV,br_AdmissionAssessmentDimensionSix,TASK_COMPLETE,FAILED,ERROR,362,362,1,SAMMS INV pipeline failed. Check the failed parent/child activity run details.,2026-08-19T21:53:13.467Z,2026-08-19T22:54:29.012Z,3676,2026-08-19T22:54:29.012Z,B66A,Bremen,2caac1da-4db4-431b-998d-21dc6fd03dce,SAMMS-Bremen
202608192252095506,202608192152668642,202608192152666995,85,1019,Bronze INV,br_AdmissionAssessmentDimensionSix,TASK_COMPLETE,FAILED,ERROR,13,13,1,SAMMS INV pipeline failed. Check the failed parent/child activity run details.,2026-08-19T21:53:13.467Z,2026-08-19T22:54:29.012Z,3676,2026-08-19T22:54:29.012Z,B72,Mobile (OBOT),2caac1da-4db4-431b-998d-21dc6fd03dce,SAMMS-Mobile-OBOT
202608192252095507,202608192152668643,202608192152666995,85,1020,Bronze INV,br_AdmissionAssessmentDimensionSix,TASK_COMPLETE,FAILED,ERROR,2,2,1,SAMMS INV pipeline failed. Check the failed parent/child activity run details.,2026-08-19T21:53:13.467Z,2026-08-19T22:54:29.012Z,3676,2026-08-19T22:54:29.012Z,B73,Montgomery,2caac1da-4db4-431b-998d-21dc6fd03dce,SAMMS-Montgomery
202608192252095508,202608192152668644,202608192152666995,85,1021,Bronze INV,br_AdmissionAssessmentDimensionSix,TASK_COMPLETE,FAILED,ERROR,314,314,1,SAMMS INV pipeline failed. Check the failed parent/child activity run details.,2026-08-19T21:53:13.467Z,2026-08-19T22:54:29.012Z,3676,2026-08-19T22:54:29.012Z,B75,Lawrence,2caac1da-4db4-431b-998d-21dc6fd03dce,SAMMS-LawrenceV6
202608192252095509,202608192152668645,202608192152666995,85,1022,Bronze INV,br_AdmissionAssessmentDimensionSix,TASK_COMPLETE,FAILED,ERROR,49,49,1,SAMMS INV pipeline failed. Check the failed parent/child activity run details.,2026-08-19T21:53:13.467Z,2026-08-19T22:54:29.012Z,3676,2026-08-19T22:54:29.012Z,B76,Huntsville OBOT,2caac1da-4db4-431b-998d-21dc6fd03dce,SAMMS-Huntsville-OBOT
202608192252095510,202608192152668646,202608192152666995,85,1023,Bronze INV,br_AdmissionAssessmentDimensionSix,TASK_COMPLETE,FAILED,ERROR,293,293,1,SAMMS INV pipeline failed. Check the failed parent/child activity run details.,2026-08-19T21:53:13.467Z,2026-08-19T22:54:29.012Z,3676,2026-08-19T22:54:29.012Z,BAT,Batesville,2caac1da-4db4-431b-998d-21dc6fd03dce,SAMMS-Batesville
202608192252095511,202608192152668647,202608192152666995,85,1024,Bronze INV,br_AdmissionAssessmentDimensionSix,TASK_COMPLETE,FAILED,ERROR,235,235,1,SAMMS INV pipeline failed. Check the failed parent/child activity run details.,2026-08-19T21:53:13.467Z,2026-08-19T22:54:29.012Z,3676,2026-08-19T22:54:29.012Z,BG,Bowling Green,2caac1da-4db4-431b-998d-21dc6fd03dce,SAMMS-BowlingGreen
202608192252095512,202608192152668648,202608192152666995,85,1025,Bronze INV,br_AdmissionAssessmentDimensionSix,TASK_COMPLETE,FAILED,ERROR,214,214,1,SAMMS INV pipeline failed. Check the failed parent/child activity run details.,2026-08-19T21:53:13.467Z,2026-08-19T22:54:29.012Z,3676,2026-08-19T22:54:29.012Z,BOI,Boise,2caac1da-4db4-431b-998d-21dc6fd03dce,SAMMS-Boise
202608192252095514,202608192152668649,202608192152666995,85,1032,Bronze INV,br_AdmissionAssessmentDimensionSix,TASK_COMPLETE,FAILED,ERROR,282,282,1,SAMMS INV pipeline failed. Check the failed parent/child activity run details.,2026-08-19T21:53:13.467Z,2026-08-19T22:54:29.012Z,3676,2026-08-19T22:54:29.012Z,CBCO,Coeur dAlene,2caac1da-4db4-431b-998d-21dc6fd03dce,SAMMS-CoeurdAleneV6
202608192252095515,202608192152668650,202608192152666995,85,1051,Bronze INV,br_AdmissionAssessmentDimensionSix,TASK_COMPLETE,FAILED,ERROR,297,297,1,SAMMS INV pipeline failed. Check the failed parent/child activity run details.,2026-08-19T21:53:13.467Z,2026-08-19T22:54:29.012Z,3676,2026-08-19T22:54:29.012Z,CON,Conway,2caac1da-4db4-431b-998d-21dc6fd03dce,SAMMS-Conway
202608192252095516,202608192152668651,202608192152666995,85,1052,Bronze INV,br_AdmissionAssessmentDimensionSix,TASK_COMPLETE,FAILED,ERROR,1535,1535,1,SAMMS INV pipeline failed. Check the failed parent/child activity run details.,2026-08-19T21:53:13.467Z,2026-08-19T22:54:29.012Z,3676,2026-08-19T22:54:29.012Z,D07,Medical Services Knox TN,2caac1da-4db4-431b-998d-21dc6fd03dce,SAMMS-KnoxvilleV6
202608192252095517,202608192152668652,202608192152666995,85,1053,Bronze INV,br_AdmissionAssessmentDimensionSix,TASK_COMPLETE,FAILED,ERROR,953,953,1,SAMMS INV pipeline failed. Check the failed parent/child activity run details.,2026-08-19T21:53:13.467Z,2026-08-19T22:54:29.012Z,3676,2026-08-19T22:54:29.012Z,D08,Madison,2caac1da-4db4-431b-998d-21dc6fd03dce,SAMMS-MadisonV6
202608192252095518,202608192152668653,202608192152666995,85,1055,Bronze INV,br_AdmissionAssessmentDimensionSix,TASK_COMPLETE,FAILED,ERROR,926,926,1,SAMMS INV pipeline failed. Check the failed parent/child activity run details.,2026-08-19T21:53:13.467Z,2026-08-19T22:54:29.012Z,3676,2026-08-19T22:54:29.012Z,D09,Murfreesboro,2caac1da-4db4-431b-998d-21dc6fd03dce,SAMMS-MurfreesboroV6
202608192252095519,202608192152668654,202608192152666995,85,1056,Bronze INV,br_AdmissionAssessmentDimensionSix,TASK_COMPLETE,FAILED,ERROR,216,216,1,SAMMS INV pipeline failed. Check the failed parent/child activity run details.,2026-08-19T21:53:13.467Z,2026-08-19T22:54:29.012Z,3676,2026-08-19T22:54:29.012Z,DA,Davenport,2caac1da-4db4-431b-998d-21dc6fd03dce,SAMMS-Davenport
202608192252095521,202608192152668655,202608192152666995,85,1057,Bronze INV,br_AdmissionAssessmentDimensionSix,TASK_COMPLETE,FAILED,ERROR,345,345,1,SAMMS INV pipeline failed. Check the failed parent/child activity run details.,2026-08-19T21:53:13.467Z,2026-08-19T22:54:29.012Z,3676,2026-08-19T22:54:29.012Z,DM,Des Moines,2caac1da-4db4-431b-998d-21dc6fd03dce,SAMMS-DesMoines
202608192252095522,202608192152668656,202608192152666995,85,1059,Bronze INV,br_AdmissionAssessmentDimensionSix,TASK_COMPLETE,FAILED,ERROR,470,470,1,SAMMS INV pipeline failed. Check the failed parent/child activity run details.,2026-08-19T21:53:13.467Z,2026-08-19T22:54:29.012Z,3676,2026-08-19T22:54:29.012Z,DRD-CO,Columbia MO,2caac1da-4db4-431b-998d-21dc6fd03dce,SAMMS-ColumbiaV5
202608192252095523,202608192152668657,202608192152666995,85,1060,Bronze INV,br_AdmissionAssessmentDimensionSix,TASK_COMPLETE,FAILED,ERROR,591,591,1,SAMMS INV pipeline failed. Check the failed parent/child activity run details.,2026-08-19T21:53:13.467Z,2026-08-19T22:54:29.012Z,3676,2026-08-19T22:54:29.012Z,DRD-KC,KC,2caac1da-4db4-431b-998d-21dc6fd03dce,SAMMS-KCv5
202608192252095524,202608192152668658,202608192152666995,85,1061,Bronze INV,br_AdmissionAssessmentDimensionSix,TASK_COMPLETE,FAILED,ERROR,941,941,1,SAMMS INV pipeline failed. Check the failed parent/child activity run details.,2026-08-19T21:53:13.467Z,2026-08-19T22:54:29.012Z,3676,2026-08-19T22:54:29.012Z,DRD-KVB,KVB,2caac1da-4db4-431b-998d-21dc6fd03dce,SAMMS-KVBv5
202608192252095525,202608192152668659,202608192152666995,85,1062,Bronze INV,br_AdmissionAssessmentDimensionSix,TASK_COMPLETE,FAILED,ERROR,1559,1559,1,SAMMS INV pipeline failed. Check the failed parent/child activity run details.,2026-08-19T21:53:13.467Z,2026-08-19T22:54:29.012Z,3676,2026-08-19T22:54:29.012Z,DRD-KVC,KVC,2caac1da-4db4-431b-998d-21dc6fd03dce,SAMMS-KVCv5
202608192252095526,202608192152668660,202608192152666995,85,1063,Bronze INV,br_AdmissionAssessmentDimensionSix,TASK_COMPLETE,FAILED,ERROR,1250,1250,1,SAMMS INV pipeline failed. Check the failed parent/child activity run details.,2026-08-19T21:53:13.467Z,2026-08-19T22:54:29.012Z,3676,2026-08-19T22:54:29.012Z,DRD-NOLA,NOLA,2caac1da-4db4-431b-998d-21dc6fd03dce,SAMMS-NOLAv5
202608192252095527,202608192152668661,202608192152666995,85,1064,Bronze INV,br_AdmissionAssessmentDimensionSix,TASK_COMPLETE,FAILED,ERROR,728,728,1,SAMMS INV pipeline failed. Check the failed parent/child activity run details.,2026-08-19T21:53:13.467Z,2026-08-19T22:54:29.012Z,3676,2026-08-19T22:54:29.012Z,DRD-SF,Springfield,2caac1da-4db4-431b-998d-21dc6fd03dce,SAMMS-SFv5
202608192252095529,202608192152668662,202608192152666995,85,1066,Bronze INV,br_AdmissionAssessmentDimensionSix,TASK_COMPLETE,FAILED,ERROR,248,248,1,SAMMS INV pipeline failed. Check the failed parent/child activity run details.,2026-08-19T21:53:13.467Z,2026-08-19T22:54:29.012Z,3676,2026-08-19T22:54:29.012Z,ELC,Elizabeth City,2caac1da-4db4-431b-998d-21dc6fd03dce,SAMMS-ElizabethCity
202608192252095530,202608192152668663,202608192152666995,85,1067,Bronze INV,br_AdmissionAssessmentDimensionSix,TASK_COMPLETE,FAILED,ERROR,260,260,1,SAMMS INV pipeline failed. Check the failed parent/child activity run details.,2026-08-19T21:53:13.467Z,2026-08-19T22:54:29.012Z,3676,2026-08-19T22:54:29.012Z,ET,Elizabethtown,2caac1da-4db4-431b-998d-21dc6fd03dce,SAMMS-Elizabethtown
202608192252095531,202608192152668664,202608192152666995,85,1068,Bronze INV,br_AdmissionAssessmentDimensionSix,TASK_COMPLETE,FAILED,ERROR,220,220,1,SAMMS INV pipeline failed. Check the failed parent/child activity run details.,2026-08-19T21:53:13.467Z,2026-08-19T22:54:29.012Z,3676,2026-08-19T22:54:29.012Z,FAY,Fayetteville,2caac1da-4db4-431b-998d-21dc6fd03dce,SAMMS-Fayetteville
202608192252095532,202608192152668665,202608192152666995,85,1069,Bronze INV,br_AdmissionAssessmentDimensionSix,TASK_COMPLETE,FAILED,ERROR,180,180,1,SAMMS INV pipeline failed. Check the failed parent/child activity run details.,2026-08-19T21:53:13.467Z,2026-08-19T22:54:29.012Z,3676,2026-08-19T22:54:29.012Z,FR,Frankfort,2caac1da-4db4-431b-998d-21dc6fd03dce,SAMMS-Frankfort
202608192252095533,202608192152668666,202608192152666995,85,1070,Bronze INV,br_AdmissionAssessmentDimensionSix,TASK_COMPLETE,FAILED,ERROR,276,276,1,SAMMS INV pipeline failed. Check the failed parent/child activity run details.,2026-08-19T21:53:13.467Z,2026-08-19T22:54:29.012Z,3676,2026-08-19T22:54:29.012Z,FS,Fort Smith,2caac1da-4db4-431b-998d-21dc6fd03dce,SAMMS-FortSmith
202608192252095534,202608192152668667,202608192152666995,85,1071,Bronze INV,br_AdmissionAssessmentDimensionSix,TASK_COMPLETE,FAILED,ERROR,677,677,1,SAMMS INV pipeline failed. Check the failed parent/child activity run details.,2026-08-19T21:53:13.467Z,2026-08-19T22:54:29.012Z,3676,2026-08-19T22:54:29.012Z,FW,Fort Wayne,2caac1da-4db4-431b-998d-21dc6fd03dce,SAMMS-FortWayne
202608192252095535,202608192152668668,202608192152666995,85,1072,Bronze INV,br_AdmissionAssessmentDimensionSix,TASK_COMPLETE,FAILED,ERROR,102,102,1,SAMMS INV pipeline failed. Check the failed parent/child activity run details.,2026-08-19T21:53:13.467Z,2026-08-19T22:54:29.012Z,3676,2026-08-19T22:54:29.012Z,GAL,Gaylord,2caac1da-4db4-431b-998d-21dc6fd03dce,SAMMS-Gaylord
202608192252095537,202608192152668669,202608192152666995,85,1076,Bronze INV,br_AdmissionAssessmentDimensionSix,TASK_COMPLETE,FAILED,ERROR,611,611,1,SAMMS INV pipeline failed. Check the failed parent/child activity run details.,2026-08-19T21:53:13.467Z,2026-08-19T22:54:29.012Z,3676,2026-08-19T22:54:29.012Z,HGT,Hagerstown,2caac1da-4db4-431b-998d-21dc6fd03dce,SAMMS-Hagerstown
202608192252095538,202608192152668670,202608192152666995,85,1077,Bronze INV,br_AdmissionAssessmentDimensionSix,TASK_COMPLETE,FAILED,ERROR,458,458,1,SAMMS INV pipeline failed. Check the failed parent/child activity run details.,2026-08-19T21:53:13.467Z,2026-08-19T22:54:29.012Z,3676,2026-08-19T22:54:29.012Z,HNT,Huntsville,2caac1da-4db4-431b-998d-21dc6fd03dce,SAMMS-Huntsville
202608192252095539,202608192152668671,202608192152666995,85,1078,Bronze INV,br_AdmissionAssessmentDimensionSix,TASK_COMPLETE,FAILED,ERROR,300,300,1,SAMMS INV pipeline failed. Check the failed parent/child activity run details.,2026-08-19T21:53:13.467Z,2026-08-19T22:54:29.012Z,3676,2026-08-19T22:54:29.012Z,HS,Hot Springs,2caac1da-4db4-431b-998d-21dc6fd03dce,SAMMS-HotSprings
202608192252095540,202608192152668672,202608192152666995,85,1079,Bronze INV,br_AdmissionAssessmentDimensionSix,TASK_COMPLETE,FAILED,ERROR,265,265,1,SAMMS INV pipeline failed. Check the failed parent/child activity run details.,2026-08-19T21:53:13.467Z,2026-08-19T22:54:29.012Z,3676,2026-08-19T22:54:29.012Z,JON,Jonesboro,2caac1da-4db4-431b-998d-21dc6fd03dce,SAMMS-Jonesboro
202608192252095541,202608192152668673,202608192152666995,85,1081,Bronze INV,br_AdmissionAssessmentDimensionSix,TASK_COMPLETE,FAILED,ERROR,149,149,1,SAMMS INV pipeline failed. Check the failed parent/child activity run details.,2026-08-19T21:53:13.467Z,2026-08-19T22:54:29.012Z,3676,2026-08-19T22:54:29.012Z,LAN,Lansing,2caac1da-4db4-431b-998d-21dc6fd03dce,SAMMS-Lansing
202608192252095542,202608192152668674,202608192152666995,85,1082,Bronze INV,br_AdmissionAssessmentDimensionSix,TASK_COMPLETE,FAILED,ERROR,428,428,1,SAMMS INV pipeline failed. Check the failed parent/child activity run details.,2026-08-19T21:53:13.467Z,2026-08-19T22:54:29.012Z,3676,2026-08-19T22:54:29.012Z,LO,Louisville,2caac1da-4db4-431b-998d-21dc6fd03dce,SAMMS-Louisville
202608192252095544,202608192152668675,202608192152666995,85,1083,Bronze INV,br_AdmissionAssessmentDimensionSix,TASK_COMPLETE,FAILED,ERROR,1155,1155,1,SAMMS INV pipeline failed. Check the failed parent/child activity run details.,2026-08-19T21:53:13.467Z,2026-08-19T22:54:29.012Z,3676,2026-08-19T22:54:29.012Z,LV1,Cheyenne,2caac1da-4db4-431b-998d-21dc6fd03dce,SAMMS-Cheyenne
202608192252095545,202608192152668676,202608192152666995,85,1084,Bronze INV,br_AdmissionAssessmentDimensionSix,TASK_COMPLETE,FAILED,ERROR,929,929,1,SAMMS INV pipeline failed. Check the failed parent/child activity run details.,2026-08-19T21:53:13.467Z,2026-08-19T22:54:29.012Z,3676,2026-08-19T22:54:29.012Z,LV2,Desert Inn,2caac1da-4db4-431b-998d-21dc6fd03dce,SAMMS-DesertInn
202608192252095546,202608192152668677,202608192152666995,85,1085,Bronze INV,br_AdmissionAssessmentDimensionSix,TASK_COMPLETE,FAILED,ERROR,307,307,1,SAMMS INV pipeline failed. Check the failed parent/child activity run details.,2026-08-19T21:53:13.467Z,2026-08-19T22:54:29.012Z,3676,2026-08-19T22:54:29.012Z,LV3,McDaniel,2caac1da-4db4-431b-998d-21dc6fd03dce,SAMMS-McDaniel
202608192252095547,202608192152668678,202608192152666995,85,1088,Bronze INV,br_AdmissionAssessmentDimensionSix,TASK_COMPLETE,FAILED,ERROR,270,270,1,SAMMS INV pipeline failed. Check the failed parent/child activity run details.,2026-08-19T21:53:13.467Z,2026-08-19T22:54:29.012Z,3676,2026-08-19T22:54:29.012Z,MNRE,Monroe,2caac1da-4db4-431b-998d-21dc6fd03dce,SAMMS-Monroe
202608192252095548,202608192152668679,202608192152666995,85,1089,Bronze INV,br_AdmissionAssessmentDimensionSix,TASK_COMPLETE,FAILED,ERROR,121,121,1,SAMMS INV pipeline failed. Check the failed parent/child activity run details.,2026-08-19T21:53:13.467Z,2026-08-19T22:54:29.012Z,3676,2026-08-19T22:54:29.012Z,MP,Mt. Pleasant,2caac1da-4db4-431b-998d-21dc6fd03dce,SAMMS-MtPleasant
202608192252095549,202608192152668680,202608192152666995,85,1090,Bronze INV,br_AdmissionAssessmentDimensionSix,TASK_COMPLETE,FAILED,ERROR,167,167,1,SAMMS INV pipeline failed. Check the failed parent/child activity run details.,2026-08-19T21:53:13.467Z,2026-08-19T22:54:29.012Z,3676,2026-08-19T22:54:29.012Z,MRD,Meridian,2caac1da-4db4-431b-998d-21dc6fd03dce,SAMMS-Meridian
202608192252095551,202608192152668681,202608192152666995,85,1095,Bronze INV,br_AdmissionAssessmentDimensionSix,TASK_COMPLETE,FAILED,ERROR,618,618,1,SAMMS INV pipeline failed. Check the failed parent/child activity run details.,2026-08-19T21:53:13.467Z,2026-08-19T22:54:29.012Z,3676,2026-08-19T22:54:29.012Z,NC,North Charleston,2caac1da-4db4-431b-998d-21dc6fd03dce,SAMMS-NorthCharleston
202608192252095552,202608192152668682,202608192152666995,85,1096,Bronze INV,br_AdmissionAssessmentDimensionSix,TASK_COMPLETE,FAILED,ERROR,555,555,1,SAMMS INV pipeline failed. Check the failed parent/child activity run details.,2026-08-19T21:53:13.467Z,2026-08-19T22:54:29.012Z,3676,2026-08-19T22:54:29.012Z,NLR,N. Little Rock,2caac1da-4db4-431b-998d-21dc6fd03dce,SAMMS-NLROBOT
202608192252095553,202608192152668683,202608192152666995,85,1097,Bronze INV,br_AdmissionAssessmentDimensionSix,TASK_COMPLETE,FAILED,ERROR,234,234,1,SAMMS INV pipeline failed. Check the failed parent/child activity run details.,2026-08-19T21:53:13.467Z,2026-08-19T22:54:29.012Z,3676,2026-08-19T22:54:29.012Z,PH,Phoenix,2caac1da-4db4-431b-998d-21dc6fd03dce,SAMMS-Phoenix
202608192252095554,202608192152668684,202608192152666995,85,1101,Bronze INV,br_AdmissionAssessmentDimensionSix,TASK_COMPLETE,FAILED,ERROR,404,404,1,SAMMS INV pipeline failed. Check the failed parent/child activity run details.,2026-08-19T21:53:13.467Z,2026-08-19T22:54:29.012Z,3676,2026-08-19T22:54:29.012Z,RE,Reno,2caac1da-4db4-431b-998d-21dc6fd03dce,SAMMS-Reno
202608192252095555,202608192152668685,202608192152666995,85,1102,Bronze INV,br_AdmissionAssessmentDimensionSix,TASK_COMPLETE,FAILED,ERROR,387,387,1,SAMMS INV pipeline failed. Check the failed parent/child activity run details.,2026-08-19T21:53:13.467Z,2026-08-19T22:54:29.012Z,3676,2026-08-19T22:54:29.012Z,RMD,Richmond,2caac1da-4db4-431b-998d-21dc6fd03dce,SAMMS-Richmond
202608192252095556,202608192152668686,202608192152666995,85,1103,Bronze INV,br_AdmissionAssessmentDimensionSix,TASK_COMPLETE,FAILED,ERROR,474,474,1,SAMMS INV pipeline failed. Check the failed parent/child activity run details.,2026-08-19T21:53:13.467Z,2026-08-19T22:54:29.012Z,3676,2026-08-19T22:54:29.012Z,SFN,Springfield North,2caac1da-4db4-431b-998d-21dc6fd03dce,SAMMS-SFNv5
202608192252095557,202608192152668687,202608192152666995,85,1104,Bronze INV,br_AdmissionAssessmentDimensionSix,TASK_COMPLETE,FAILED,ERROR,446,446,1,SAMMS INV pipeline failed. Check the failed parent/child activity run details.,2026-08-19T21:53:13.467Z,2026-08-19T22:54:29.012Z,3676,2026-08-19T22:54:29.012Z,SHP,Shreveport,2caac1da-4db4-431b-998d-21dc6fd03dce,SAMMS-Shreveport
202608192252095559,202608192152668688,202608192152666995,85,1106,Bronze INV,br_AdmissionAssessmentDimensionSix,TASK_COMPLETE,FAILED,ERROR,81,81,1,SAMMS INV pipeline failed. Check the failed parent/child activity run details.,2026-08-19T21:53:13.467Z,2026-08-19T22:54:29.012Z,3676,2026-08-19T22:54:29.012Z,STN,Staunton,2caac1da-4db4-431b-998d-21dc6fd03dce,SAMMS-Staunton
202608192252095560,202608192152668689,202608192152666995,85,1107,Bronze INV,br_AdmissionAssessmentDimensionSix,TASK_COMPLETE,FAILED,ERROR,53,53,1,SAMMS INV pipeline failed. Check the failed parent/child activity run details.,2026-08-19T21:53:13.467Z,2026-08-19T22:54:29.012Z,3676,2026-08-19T22:54:29.012Z,STVN,Stevenson,2caac1da-4db4-431b-998d-21dc6fd03dce,SAMMS-Stevenson
202608192252095561,202608192152668690,202608192152666995,85,1109,Bronze INV,br_AdmissionAssessmentDimensionSix,TASK_COMPLETE,FAILED,ERROR,70,70,1,SAMMS INV pipeline failed. Check the failed parent/child activity run details.,2026-08-19T21:53:13.467Z,2026-08-19T22:54:29.012Z,3676,2026-08-19T22:54:29.012Z,TE,Tempe,2caac1da-4db4-431b-998d-21dc6fd03dce,SAMMS-Tempe
202608192252095562,202608192152668691,202608192152666995,85,1110,Bronze INV,br_AdmissionAssessmentDimensionSix,TASK_COMPLETE,FAILED,ERROR,358,358,1,SAMMS INV pipeline failed. Check the failed parent/child activity run details.,2026-08-19T21:53:13.467Z,2026-08-19T22:54:29.012Z,3676,2026-08-19T22:54:29.012Z,TEX,Texarkana,2caac1da-4db4-431b-998d-21dc6fd03dce,SAMMS-Texarkana
202608192252095563,202608192152668692,202608192152666995,85,1111,Bronze INV,br_AdmissionAssessmentDimensionSix,TASK_COMPLETE,FAILED,ERROR,411,411,1,SAMMS INV pipeline failed. Check the failed parent/child activity run details.,2026-08-19T21:53:13.467Z,2026-08-19T22:54:29.012Z,3676,2026-08-19T22:54:29.012Z,TTCA,Bessemer,2caac1da-4db4-431b-998d-21dc6fd03dce,SAMMS-BessemerV5
202608192252095564,202608192152668693,202608192152666995,85,1112,Bronze INV,br_AdmissionAssessmentDimensionSix,TASK_COMPLETE,FAILED,ERROR,543,543,1,SAMMS INV pipeline failed. Check the failed parent/child activity run details.,2026-08-19T21:53:13.467Z,2026-08-19T22:54:29.012Z,3676,2026-08-19T22:54:29.012Z,TTCB,Cullman,2caac1da-4db4-431b-998d-21dc6fd03dce,SAMMS-CullmanV5
202608192252095565,202608192152668694,202608192152666995,85,1113,Bronze INV,br_AdmissionAssessmentDimensionSix,TASK_COMPLETE,FAILED,ERROR,292,292,1,SAMMS INV pipeline failed. Check the failed parent/child activity run details.,2026-08-19T21:53:13.467Z,2026-08-19T22:54:29.012Z,3676,2026-08-19T22:54:29.012Z,TTCC,Grand Bay,2caac1da-4db4-431b-998d-21dc6fd03dce,SAMMS-GrandBay
202608192252095567,202608192152668695,202608192152666995,85,1114,Bronze INV,br_AdmissionAssessmentDimensionSix,TASK_COMPLETE,FAILED,ERROR,20,20,1,SAMMS INV pipeline failed. Check the failed parent/child activity run details.,2026-08-19T21:53:13.467Z,2026-08-19T22:54:29.012Z,3676,2026-08-19T22:54:29.012Z,TU,Tucson,2caac1da-4db4-431b-998d-21dc6fd03dce,SAMMS-Tucson
202608192252095568,202608192152668696,202608192152666995,85,1116,Bronze INV,br_AdmissionAssessmentDimensionSix,TASK_COMPLETE,FAILED,ERROR,248,248,1,SAMMS INV pipeline failed. Check the failed parent/child activity run details.,2026-08-19T21:53:13.467Z,2026-08-19T22:54:29.012Z,3676,2026-08-19T22:54:29.012Z,V1,Memphis South,2caac1da-4db4-431b-998d-21dc6fd03dce,SAMMS-VCPHCS-I-MemphisV5
202608192252095569,202608192152668697,202608192152666995,85,1117,Bronze INV,br_AdmissionAssessmentDimensionSix,TASK_COMPLETE,FAILED,ERROR,687,687,1,SAMMS INV pipeline failed. Check the failed parent/child activity run details.,2026-08-19T21:53:13.467Z,2026-08-19T22:54:29.012Z,3676,2026-08-19T22:54:29.012Z,V10,Longmont,2caac1da-4db4-431b-998d-21dc6fd03dce,SAMMS-BoulderV5
202608192252095570,202608192152668698,202608192152666995,85,1118,Bronze INV,br_AdmissionAssessmentDimensionSix,TASK_COMPLETE,FAILED,ERROR,1177,1177,1,SAMMS INV pipeline failed. Check the failed parent/child activity run details.,2026-08-19T21:53:13.467Z,2026-08-19T22:54:29.012Z,3676,2026-08-19T22:54:29.012Z,V10A,Fort Collins,2caac1da-4db4-431b-998d-21dc6fd03dce,SAMMS-FortCollinsV5
202608192252095571,202608192152668699,202608192152666995,85,1119,Bronze INV,br_AdmissionAssessmentDimensionSix,TASK_COMPLETE,FAILED,ERROR,979,979,1,SAMMS INV pipeline failed. Check the failed parent/child activity run details.,2026-08-19T21:53:13.467Z,2026-08-19T22:54:29.012Z,3676,2026-08-19T22:54:29.012Z,V11,Westminster,2caac1da-4db4-431b-998d-21dc6fd03dce,SAMMS-VCPHCS-XI-NorthDenverV5
202608192252095572,202608192152668700,202608192152666995,85,1120,Bronze INV,br_AdmissionAssessmentDimensionSix,TASK_COMPLETE,FAILED,ERROR,1041,1041,1,SAMMS INV pipeline failed. Check the failed parent/child activity run details.,2026-08-19T21:53:13.467Z,2026-08-19T22:54:29.012Z,3676,2026-08-19T22:54:29.012Z,V12,Downtown Denver,2caac1da-4db4-431b-998d-21dc6fd03dce,SAMMS-VCPHCS-XII-DowntownDenverV5
202608192252095573,202608192152668701,202608192152666995,85,1121,Bronze INV,br_AdmissionAssessmentDimensionSix,TASK_COMPLETE,FAILED,ERROR,473,473,1,SAMMS INV pipeline failed. Check the failed parent/child activity run details.,2026-08-19T21:53:13.467Z,2026-08-19T22:54:29.012Z,3676,2026-08-19T22:54:29.012Z,V12A,Centennial,2caac1da-4db4-431b-998d-21dc6fd03dce,SAMMS-CentennialV5
202608192252095574,202608192152668702,202608192152666995,85,1122,Bronze INV,br_AdmissionAssessmentDimensionSix,TASK_COMPLETE,FAILED,ERROR,291,291,1,SAMMS INV pipeline failed. Check the failed parent/child activity run details.,2026-08-19T21:53:13.467Z,2026-08-19T22:54:29.012Z,3676,2026-08-19T22:54:29.012Z,V14,Overland Park,2caac1da-4db4-431b-998d-21dc6fd03dce,SAMMS-VCPHCS-XIV-BridgewayV5
202608192252095575,202608192152668703,202608192152666995,85,1123,Bronze INV,br_AdmissionAssessmentDimensionSix,TASK_COMPLETE,FAILED,ERROR,556,556,1,SAMMS INV pipeline failed. Check the failed parent/child activity run details.,2026-08-19T21:53:13.467Z,2026-08-19T22:54:29.012Z,3676,2026-08-19T22:54:29.012Z,V15,Joplin,2caac1da-4db4-431b-998d-21dc6fd03dce,SAMMS-JoplinV5
202608192252095577,202608192152668704,202608192152666995,85,1125,Bronze INV,br_AdmissionAssessmentDimensionSix,TASK_COMPLETE,FAILED,ERROR,464,464,1,SAMMS INV pipeline failed. Check the failed parent/child activity run details.,2026-08-19T21:53:13.467Z,2026-08-19T22:54:29.012Z,3676,2026-08-19T22:54:29.012Z,V17,Columbia TN,2caac1da-4db4-431b-998d-21dc6fd03dce,SAMMS-ColumbiaTNv5
202608192252095578,202608192152668705,202608192152666995,85,1127,Bronze INV,br_AdmissionAssessmentDimensionSix,TASK_COMPLETE,FAILED,ERROR,409,409,1,SAMMS INV pipeline failed. Check the failed parent/child activity run details.,2026-08-19T21:53:13.467Z,2026-08-19T22:54:29.012Z,3676,2026-08-19T22:54:29.012Z,V19,Jackson,2caac1da-4db4-431b-998d-21dc6fd03dce,SAMMS-JacksonV5
202608192252095579,202608192152668706,202608192152666995,85,1129,Bronze INV,br_AdmissionAssessmentDimensionSix,TASK_COMPLETE,FAILED,ERROR,475,475,1,SAMMS INV pipeline failed. Check the failed parent/child activity run details.,2026-08-19T21:53:13.467Z,2026-08-19T22:54:29.012Z,3676,2026-08-19T22:54:29.012Z,V20,Paris,2caac1da-4db4-431b-998d-21dc6fd03dce,SAMMS-ParisV5
202608192252095580,202608192152668707,202608192152666995,85,1130,Bronze INV,br_AdmissionAssessmentDimensionSix,TASK_COMPLETE,FAILED,ERROR,351,351,1,SAMMS INV pipeline failed. Check the failed parent/child activity run details.,2026-08-19T21:53:13.467Z,2026-08-19T22:54:29.012Z,3676,2026-08-19T22:54:29.012Z,V21,Memphis North,2caac1da-4db4-431b-998d-21dc6fd03dce,SAMMS-RaleighV5
202608192252095581,202608192152668708,202608192152666995,85,1133,Bronze INV,br_AdmissionAssessmentDimensionSix,TASK_COMPLETE,FAILED,ERROR,697,697,1,SAMMS INV pipeline failed. Check the failed parent/child activity run details.,2026-08-19T21:53:13.467Z,2026-08-19T22:54:29.012Z,3676,2026-08-19T22:54:29.012Z,V5,West Bank,2caac1da-4db4-431b-998d-21dc6fd03dce,SAMMS-NONTCv5
202608192252095582,202608192152668709,202608192152666995,85,1135,Bronze INV,br_AdmissionAssessmentDimensionSix,TASK_COMPLETE,FAILED,ERROR,248,248,1,SAMMS INV pipeline failed. Check the failed parent/child activity run details.,2026-08-19T21:53:13.467Z,2026-08-19T22:54:29.012Z,3676,2026-08-19T22:54:29.012Z,V5B,Houma,2caac1da-4db4-431b-998d-21dc6fd03dce,SAMMS-HoumaV6
202608192252095583,202608192152668710,202608192152666995,85,1136,Bronze INV,br_AdmissionAssessmentDimensionSix,TASK_COMPLETE,FAILED,ERROR,947,947,1,SAMMS INV pipeline failed. Check the failed parent/child activity run details.,2026-08-19T21:53:13.467Z,2026-08-19T22:54:29.012Z,3676,2026-08-19T22:54:29.012Z,V6,Lake Charles,2caac1da-4db4-431b-998d-21dc6fd03dce,SAMMS-LCv5
202608192252095584,202608192152668711,202608192152666995,85,1138,Bronze INV,br_AdmissionAssessmentDimensionSix,TASK_COMPLETE,FAILED,ERROR,558,558,1,SAMMS INV pipeline failed. Check the failed parent/child activity run details.,2026-08-19T21:53:13.467Z,2026-08-19T22:54:29.012Z,3676,2026-08-19T22:54:29.012Z,V8,Memphis Midtown,2caac1da-4db4-431b-998d-21dc6fd03dce,SAMMS-VCPHCS-VIII-MemphisV5
202608192252095586,202608192152668712,202608192152666995,85,1139,Bronze INV,br_AdmissionAssessmentDimensionSix,TASK_COMPLETE,FAILED,ERROR,1559,1559,1,SAMMS INV pipeline failed. Check the failed parent/child activity run details.,2026-08-19T21:53:13.467Z,2026-08-19T22:54:29.012Z,3676,2026-08-19T22:54:29.012Z,V9,Nashville,2caac1da-4db4-431b-998d-21dc6fd03dce,SAMMS-NashvilleV5
202608192252095587,202608192152668713,202608192152666995,85,1140,Bronze INV,br_AdmissionAssessmentDimensionSix,TASK_COMPLETE,FAILED,ERROR,329,329,1,SAMMS INV pipeline failed. Check the failed parent/child activity run details.,2026-08-19T21:53:13.467Z,2026-08-19T22:54:29.012Z,3676,2026-08-19T22:54:29.012Z,VBRA,Brainerd,2caac1da-4db4-431b-998d-21dc6fd03dce,SAMMS-BrainerdV6
202608192252095588,202608192152668714,202608192152666995,85,1141,Bronze INV,br_AdmissionAssessmentDimensionSix,TASK_COMPLETE,FAILED,ERROR,585,585,1,SAMMS INV pipeline failed. Check the failed parent/child activity run details.,2026-08-19T21:53:13.467Z,2026-08-19T22:54:29.012Z,3676,2026-08-19T22:54:29.012Z,VBRP,Brooklyn Park,2caac1da-4db4-431b-998d-21dc6fd03dce,SAMMS-BrooklynParkV6
202608192252095138,202608192152668602,202608192152666995,85,594,Bronze INV,br_AdmissionAssessmentDimensionFiveSubstanceUse,TASK_COMPLETE,FAILED,ERROR,423,423,1,SAMMS INV pipeline failed. Check the failed parent/child activity run details.,2026-08-19T21:53:13.467Z,2026-08-19T22:54:29.012Z,3676,2026-08-19T22:54:29.012Z,WIL,Wilson,2caac1da-4db4-431b-998d-21dc6fd03dce,SAMMS-Wilson
202608192252095239,202608192152767001,202608192152766995,86,5725,Silver INV,sl_AdmissionAssessmentDimensionFiveSubstanceUse,TASK_COMPLETE,SUCCESS,INFO,48656,48656,0,,2026-08-19T21:53:13.467Z,2026-08-19T22:54:29.012Z,3676,2026-08-19T22:54:29.012Z,,,2caac1da-4db4-431b-998d-21dc6fd03dce,
202608192252095161,202608192152668373,202608192152666995,85,598,Bronze INV,br_AdmissionAssessmentDimensionFour,TASK_COMPLETE,FAILED,ERROR,98,98,1,SAMMS INV pipeline failed. Check the failed parent/child activity run details.,2026-08-19T21:53:13.467Z,2026-08-19T22:54:29.012Z,3676,2026-08-19T22:54:29.012Z,AHK,Ahoskie,2caac1da-4db4-431b-998d-21dc6fd03dce,SAMMS-Ahoskie
202608192252095162,202608192152668374,202608192152666995,85,599,Bronze INV,br_AdmissionAssessmentDimensionFour,TASK_COMPLETE,FAILED,ERROR,785,785,1,SAMMS INV pipeline failed. Check the failed parent/child activity run details.,2026-08-19T21:53:13.467Z,2026-08-19T22:54:29.012Z,3676,2026-08-19T22:54:29.012Z,B12B,Colorado Springs,2caac1da-4db4-431b-998d-21dc6fd03dce,SAMMS-ColoradoSpringsV5
202608192252095163,202608192152668375,202608192152666995,85,600,Bronze INV,br_AdmissionAssessmentDimensionFour,TASK_COMPLETE,FAILED,ERROR,411,411,1,SAMMS INV pipeline failed. Check the failed parent/child activity run details.,2026-08-19T21:53:13.467Z,2026-08-19T22:54:29.012Z,3676,2026-08-19T22:54:29.012Z,B24,Paintsville,2caac1da-4db4-431b-998d-21dc6fd03dce,SAMMS-PaintsvilleV5
202608192252095164,202608192152668376,202608192152666995,85,601,Bronze INV,br_AdmissionAssessmentDimensionFour,TASK_COMPLETE,FAILED,ERROR,171,171,1,SAMMS INV pipeline failed. Check the failed parent/child activity run details.,2026-08-19T21:53:13.467Z,2026-08-19T22:54:29.012Z,3676,2026-08-19T22:54:29.012Z,B25,Pikeville,2caac1da-4db4-431b-998d-21dc6fd03dce,SAMMS-PikevilleV5
202608192252095165,202608192152668377,202608192152666995,85,602,Bronze INV,br_AdmissionAssessmentDimensionFour,TASK_COMPLETE,FAILED,ERROR,492,492,1,SAMMS INV pipeline failed. Check the failed parent/child activity run details.,2026-08-19T21:53:13.467Z,2026-08-19T22:54:29.012Z,3676,2026-08-19T22:54:29.012Z,B26,Hazard,2caac1da-4db4-431b-998d-21dc6fd03dce,SAMMS-HazardV5
202608192252095166,202608192152668378,202608192152666995,85,603,Bronze INV,br_AdmissionAssessmentDimensionFour,TASK_COMPLETE,FAILED,ERROR,187,187,1,SAMMS INV pipeline failed. Check the failed parent/child activity run details.,2026-08-19T21:53:13.467Z,2026-08-19T22:54:29.012Z,3676,2026-08-19T22:54:29.012Z,B27,Savannah,2caac1da-4db4-431b-998d-21dc6fd03dce,SAMMS-SavannahV6
202608192252095168,202608192152668379,202608192152666995,85,604,Bronze INV,br_AdmissionAssessmentDimensionFour,TASK_COMPLETE,FAILED,ERROR,231,231,1,SAMMS INV pipeline failed. Check the failed parent/child activity run details.,2026-08-19T21:53:13.467Z,2026-08-19T22:54:29.012Z,3676,2026-08-19T22:54:29.012Z,B28,West Plains,2caac1da-4db4-431b-998d-21dc6fd03dce,SAMMS-WestPlainesV5
202608192252095169,202608192152668380,202608192152666995,85,605,Bronze INV,br_AdmissionAssessmentDimensionFour,TASK_COMPLETE,FAILED,ERROR,257,257,1,SAMMS INV pipeline failed. Check the failed parent/child activity run details.,2026-08-19T21:53:13.467Z,2026-08-19T22:54:29.012Z,3676,2026-08-19T22:54:29.012Z,B29,Poplar Bluff,2caac1da-4db4-431b-998d-21dc6fd03dce,SAMMS-PoplarBluffV5
202608192252095170,202608192152668381,202608192152666995,85,606,Bronze INV,br_AdmissionAssessmentDimensionFour,TASK_COMPLETE,FAILED,ERROR,136,136,1,SAMMS INV pipeline failed. Check the failed parent/child activity run details.,2026-08-19T21:53:13.467Z,2026-08-19T22:54:29.012Z,3676,2026-08-19T22:54:29.012Z,B30,KC North,2caac1da-4db4-431b-998d-21dc6fd03dce,SAMMS-KCNv5
202608192252095171,202608192152668382,202608192152666995,85,607,Bronze INV,br_AdmissionAssessmentDimensionFour,TASK_COMPLETE,FAILED,ERROR,335,335,1,SAMMS INV pipeline failed. Check the failed parent/child activity run details.,2026-08-19T21:53:13.467Z,2026-08-19T22:54:29.012Z,3676,2026-08-19T22:54:29.012Z,B31,Dyersburg,2caac1da-4db4-431b-998d-21dc6fd03dce,SAMMS-DyersburgV5
202608192252095172,202608192152668383,202608192152666995,85,609,Bronze INV,br_AdmissionAssessmentDimensionFour,TASK_COMPLETE,FAILED,ERROR,212,212,1,SAMMS INV pipeline failed. Check the failed parent/child activity run details.,2026-08-19T21:53:13.467Z,2026-08-19T22:54:29.012Z,3676,2026-08-19T22:54:29.012Z,B33,Paducah,2caac1da-4db4-431b-998d-21dc6fd03dce,SAMMS-Paducah
202608192252095173,202608192152668384,202608192152666995,85,610,Bronze INV,br_AdmissionAssessmentDimensionFour,TASK_COMPLETE,FAILED,ERROR,448,448,1,SAMMS INV pipeline failed. Check the failed parent/child activity run details.,2026-08-19T21:53:13.467Z,2026-08-19T22:54:29.012Z,3676,2026-08-19T22:54:29.012Z,B34,Corbin,2caac1da-4db4-431b-998d-21dc6fd03dce,SAMMS-CorbinV5
202608192252095174,202608192152668385,202608192152666995,85,611,Bronze INV,br_AdmissionAssessmentDimensionFour,TASK_COMPLETE,FAILED,ERROR,715,715,1,SAMMS INV pipeline failed. Check the failed parent/child activity run details.,2026-08-19T21:53:13.467Z,2026-08-19T22:54:29.012Z,3676,2026-08-19T22:54:29.012Z,B35,Lexington,2caac1da-4db4-431b-998d-21dc6fd03dce,SAMMS-LexingtonV5
202608192252095175,202608192152668386,202608192152666995,85,612,Bronze INV,br_AdmissionAssessmentDimensionFour,TASK_COMPLETE,FAILED,ERROR,345,345,1,SAMMS INV pipeline failed. Check the failed parent/child activity run details.,2026-08-19T21:53:13.467Z,2026-08-19T22:54:29.012Z,3676,2026-08-19T22:54:29.012Z,B35A,Berea,2caac1da-4db4-431b-998d-21dc6fd03dce,SAMMS-BereaV5
202608192252095176,202608192152668387,202608192152666995,85,613,Bronze INV,br_AdmissionAssessmentDimensionFour,TASK_COMPLETE,FAILED,ERROR,598,598,1,SAMMS INV pipeline failed. Check the failed parent/child activity run details.,2026-08-19T21:53:13.467Z,2026-08-19T22:54:29.012Z,3676,2026-08-19T22:54:29.012Z,B36,Asheville,2caac1da-4db4-431b-998d-21dc6fd03dce,SAMMS-AshevilleV5
202608192252095177,202608192152668388,202608192152666995,85,614,Bronze INV,br_AdmissionAssessmentDimensionFour,TASK_COMPLETE,FAILED,ERROR,446,446,1,SAMMS INV pipeline failed. Check the failed parent/child activity run details.,2026-08-19T21:53:13.467Z,2026-08-19T22:54:29.012Z,3676,2026-08-19T22:54:29.012Z,B37,Clyde,2caac1da-4db4-431b-998d-21dc6fd03dce,SAMMS-ClydeV5
202608192252095179,202608192152668389,202608192152666995,85,615,Bronze INV,br_AdmissionAssessmentDimensionFour,TASK_COMPLETE,FAILED,ERROR,630,630,1,SAMMS INV pipeline failed. Check the failed parent/child activity run details.,2026-08-19T21:53:13.467Z,2026-08-19T22:54:29.012Z,3676,2026-08-19T22:54:29.012Z,B38,Spartanburg,2caac1da-4db4-431b-998d-21dc6fd03dce,SAMMS-SpartanburgV5
202608192252095180,202608192152668390,202608192152666995,85,616,Bronze INV,br_AdmissionAssessmentDimensionFour,TASK_COMPLETE,FAILED,ERROR,475,475,1,SAMMS INV pipeline failed. Check the failed parent/child activity run details.,2026-08-19T21:53:13.467Z,2026-08-19T22:54:29.012Z,3676,2026-08-19T22:54:29.012Z,B39,Aiken,2caac1da-4db4-431b-998d-21dc6fd03dce,SAMMS-AikenV5
202608192252095181,202608192152668391,202608192152666995,85,617,Bronze INV,br_AdmissionAssessmentDimensionFour,TASK_COMPLETE,FAILED,ERROR,290,290,1,SAMMS INV pipeline failed. Check the failed parent/child activity run details.,2026-08-19T21:53:13.467Z,2026-08-19T22:54:29.012Z,3676,2026-08-19T22:54:29.012Z,B41,Chesapeake,2caac1da-4db4-431b-998d-21dc6fd03dce,SAMMS-ChesapeakeV5
202608192252095182,202608192152668392,202608192152666995,85,618,Bronze INV,br_AdmissionAssessmentDimensionFour,TASK_COMPLETE,FAILED,ERROR,534,534,1,SAMMS INV pipeline failed. Check the failed parent/child activity run details.,2026-08-19T21:53:13.467Z,2026-08-19T22:54:29.012Z,3676,2026-08-19T22:54:29.012Z,B42,Virginia Beach,2caac1da-4db4-431b-998d-21dc6fd03dce,SAMMS-VirginiaBeachV5
202608192252095183,202608192152668393,202608192152666995,85,619,Bronze INV,br_AdmissionAssessmentDimensionFour,TASK_COMPLETE,FAILED,ERROR,165,165,1,SAMMS INV pipeline failed. Check the failed parent/child activity run details.,2026-08-19T21:53:13.467Z,2026-08-19T22:54:29.012Z,3676,2026-08-19T22:54:29.012Z,B42A,Newport News,2caac1da-4db4-431b-998d-21dc6fd03dce,SAMMS-NewportNewsV5
202608192252095184,202608192152668394,202608192152666995,85,620,Bronze INV,br_AdmissionAssessmentDimensionFour,TASK_COMPLETE,FAILED,ERROR,56,56,1,SAMMS INV pipeline failed. Check the failed parent/child activity run details.,2026-08-19T21:53:13.467Z,2026-08-19T22:54:29.012Z,3676,2026-08-19T22:54:29.012Z,B42B,Franklin,2caac1da-4db4-431b-998d-21dc6fd03dce,SAMMS-FranklinV5
202608192252095185,202608192152668395,202608192152666995,85,621,Bronze INV,br_AdmissionAssessmentDimensionFour,TASK_COMPLETE,FAILED,ERROR,334,334,1,SAMMS INV pipeline failed. Check the failed parent/child activity run details.,2026-08-19T21:53:13.467Z,2026-08-19T22:54:29.012Z,3676,2026-08-19T22:54:29.012Z,B42C,Glen Allen,2caac1da-4db4-431b-998d-21dc6fd03dce,SAMMS-GlenAllenV5
202608192252095186,202608192152668396,202608192152666995,85,622,Bronze INV,br_AdmissionAssessmentDimensionFour,TASK_COMPLETE,FAILED,ERROR,169,169,1,SAMMS INV pipeline failed. Check the failed parent/child activity run details.,2026-08-19T21:53:13.467Z,2026-08-19T22:54:29.012Z,3676,2026-08-19T22:54:29.012Z,B42D,Chesapeake South,2caac1da-4db4-431b-998d-21dc6fd03dce,SAMMS-ChesapeakeSouthV5
202608192252095188,202608192152668397,202608192152666995,85,623,Bronze INV,br_AdmissionAssessmentDimensionFour,TASK_COMPLETE,FAILED,ERROR,204,204,1,SAMMS INV pipeline failed. Check the failed parent/child activity run details.,2026-08-19T21:53:13.467Z,2026-08-19T22:54:29.012Z,3676,2026-08-19T22:54:29.012Z,B44,Albany,2caac1da-4db4-431b-998d-21dc6fd03dce,SAMMS-AlbanyV5
202608192252095189,202608192152668398,202608192152666995,85,624,Bronze INV,br_AdmissionAssessmentDimensionFour,TASK_COMPLETE,FAILED,ERROR,302,302,1,SAMMS INV pipeline failed. Check the failed parent/child activity run details.,2026-08-19T21:53:13.467Z,2026-08-19T22:54:29.012Z,3676,2026-08-19T22:54:29.012Z,B45,Tifton,2caac1da-4db4-431b-998d-21dc6fd03dce,SAMMS-TiftonV5
202608192252095190,202608192152668399,202608192152666995,85,625,Bronze INV,br_AdmissionAssessmentDimensionFour,TASK_COMPLETE,FAILED,ERROR,652,652,1,SAMMS INV pipeline failed. Check the failed parent/child activity run details.,2026-08-19T21:53:13.467Z,2026-08-19T22:54:29.012Z,3676,2026-08-19T22:54:29.012Z,B46,Washington DC,2caac1da-4db4-431b-998d-21dc6fd03dce,SAMMS-WashingtonDCv5
202608192252095191,202608192152668400,202608192152666995,85,626,Bronze INV,br_AdmissionAssessmentDimensionFour,TASK_COMPLETE,FAILED,ERROR,341,341,1,SAMMS INV pipeline failed. Check the failed parent/child activity run details.,2026-08-19T21:53:13.467Z,2026-08-19T22:54:29.012Z,3676,2026-08-19T22:54:29.012Z,B47,Mobile,2caac1da-4db4-431b-998d-21dc6fd03dce,SAMMS-MobileV5
202608192252095192,202608192152668401,202608192152666995,85,627,Bronze INV,br_AdmissionAssessmentDimensionFour,TASK_COMPLETE,FAILED,ERROR,446,446,1,SAMMS INV pipeline failed. Check the failed parent/child activity run details.,2026-08-19T21:53:13.467Z,2026-08-19T22:54:29.012Z,3676,2026-08-19T22:54:29.012Z,B48,Tuscaloosa,2caac1da-4db4-431b-998d-21dc6fd03dce,SAMMS-TuscaloosaV5
202608192252095193,202608192152668402,202608192152666995,85,636,Bronze INV,br_AdmissionAssessmentDimensionFour,TASK_COMPLETE,FAILED,ERROR,309,309,1,SAMMS INV pipeline failed. Check the failed parent/child activity run details.,2026-08-19T21:53:13.467Z,2026-08-19T22:54:29.012Z,3676,2026-08-19T22:54:29.012Z,B51,N. Little Rock (OTP),2caac1da-4db4-431b-998d-21dc6fd03dce,SAMMS-NorthLittleRockV6
202608192252095195,202608192152668403,202608192152666995,85,637,Bronze INV,br_AdmissionAssessmentDimensionFour,TASK_COMPLETE,FAILED,ERROR,155,155,1,SAMMS INV pipeline failed. Check the failed parent/child activity run details.,2026-08-19T21:53:13.467Z,2026-08-19T22:54:29.012Z,3676,2026-08-19T22:54:29.012Z,B52,Jackson GA,2caac1da-4db4-431b-998d-21dc6fd03dce,SAMMS-JacksonGAV5
202608192252095196,202608192152668404,202608192152666995,85,638,Bronze INV,br_AdmissionAssessmentDimensionFour,TASK_COMPLETE,FAILED,ERROR,466,466,1,SAMMS INV pipeline failed. Check the failed parent/child activity run details.,2026-08-19T21:53:13.467Z,2026-08-19T22:54:29.012Z,3676,2026-08-19T22:54:29.012Z,B54,Gadsden,2caac1da-4db4-431b-998d-21dc6fd03dce,SAMMS-GadsdenV5
202608192252095197,202608192152668405,202608192152666995,85,639,Bronze INV,br_AdmissionAssessmentDimensionFour,TASK_COMPLETE,FAILED,ERROR,478,478,1,SAMMS INV pipeline failed. Check the failed parent/child activity run details.,2026-08-19T21:53:13.467Z,2026-08-19T22:54:29.012Z,3676,2026-08-19T22:54:29.012Z,B55,Shoals,2caac1da-4db4-431b-998d-21dc6fd03dce,SAMMS-ShoalsV5
202608192252095198,202608192152668406,202608192152666995,85,640,Bronze INV,br_AdmissionAssessmentDimensionFour,TASK_COMPLETE,FAILED,ERROR,170,170,1,SAMMS INV pipeline failed. Check the failed parent/child activity run details.,2026-08-19T21:53:13.467Z,2026-08-19T22:54:29.012Z,3676,2026-08-19T22:54:29.012Z,B57,Pawtucket,2caac1da-4db4-431b-998d-21dc6fd03dce,SAMMS-Pawtucket
202608192252095199,202608192152668407,202608192152666995,85,641,Bronze INV,br_AdmissionAssessmentDimensionFour,TASK_COMPLETE,FAILED,ERROR,166,166,1,SAMMS INV pipeline failed. Check the failed parent/child activity run details.,2026-08-19T21:53:13.467Z,2026-08-19T22:54:29.012Z,3676,2026-08-19T22:54:29.012Z,B57A,Johnston,2caac1da-4db4-431b-998d-21dc6fd03dce,SAMMS-Johnston
202608192252095200,202608192152668408,202608192152666995,85,642,Bronze INV,br_AdmissionAssessmentDimensionFour,TASK_COMPLETE,FAILED,ERROR,86,86,1,SAMMS INV pipeline failed. Check the failed parent/child activity run details.,2026-08-19T21:53:13.467Z,2026-08-19T22:54:29.012Z,3676,2026-08-19T22:54:29.012Z,B57B,Middletown,2caac1da-4db4-431b-998d-21dc6fd03dce,SAMMS-Middletown
202608192252095201,202608192152668409,202608192152666995,85,643,Bronze INV,br_AdmissionAssessmentDimensionFour,TASK_COMPLETE,FAILED,ERROR,172,172,1,SAMMS INV pipeline failed. Check the failed parent/child activity run details.,2026-08-19T21:53:13.467Z,2026-08-19T22:54:29.012Z,3676,2026-08-19T22:54:29.012Z,B57C,Providence,2caac1da-4db4-431b-998d-21dc6fd03dce,SAMMS-Providence
202608192252095202,202608192152668410,202608192152666995,85,644,Bronze INV,br_AdmissionAssessmentDimensionFour,TASK_COMPLETE,FAILED,ERROR,248,248,1,SAMMS INV pipeline failed. Check the failed parent/child activity run details.,2026-08-19T21:53:13.467Z,2026-08-19T22:54:29.012Z,3676,2026-08-19T22:54:29.012Z,B57D,Westerly,2caac1da-4db4-431b-998d-21dc6fd03dce,SAMMS-Westerly
202608192252095204,202608192152668411,202608192152666995,85,648,Bronze INV,br_AdmissionAssessmentDimensionFour,TASK_COMPLETE,FAILED,ERROR,362,362,1,SAMMS INV pipeline failed. Check the failed parent/child activity run details.,2026-08-19T21:53:13.467Z,2026-08-19T22:54:29.012Z,3676,2026-08-19T22:54:29.012Z,B66A,Bremen,2caac1da-4db4-431b-998d-21dc6fd03dce,SAMMS-Bremen
202608192252095205,202608192152668412,202608192152666995,85,651,Bronze INV,br_AdmissionAssessmentDimensionFour,TASK_COMPLETE,FAILED,ERROR,13,13,1,SAMMS INV pipeline failed. Check the failed parent/child activity run details.,2026-08-19T21:53:13.467Z,2026-08-19T22:54:29.012Z,3676,2026-08-19T22:54:29.012Z,B72,Mobile (OBOT),2caac1da-4db4-431b-998d-21dc6fd03dce,SAMMS-Mobile-OBOT
202608192252095206,202608192152668413,202608192152666995,85,652,Bronze INV,br_AdmissionAssessmentDimensionFour,TASK_COMPLETE,FAILED,ERROR,2,2,1,SAMMS INV pipeline failed. Check the failed parent/child activity run details.,2026-08-19T21:53:13.467Z,2026-08-19T22:54:29.012Z,3676,2026-08-19T22:54:29.012Z,B73,Montgomery,2caac1da-4db4-431b-998d-21dc6fd03dce,SAMMS-Montgomery
202608192252095207,202608192152668414,202608192152666995,85,653,Bronze INV,br_AdmissionAssessmentDimensionFour,TASK_COMPLETE,FAILED,ERROR,314,314,1,SAMMS INV pipeline failed. Check the failed parent/child activity run details.,2026-08-19T21:53:13.467Z,2026-08-19T22:54:29.012Z,3676,2026-08-19T22:54:29.012Z,B75,Lawrence,2caac1da-4db4-431b-998d-21dc6fd03dce,SAMMS-LawrenceV6
202608192252095208,202608192152668415,202608192152666995,85,654,Bronze INV,br_AdmissionAssessmentDimensionFour,TASK_COMPLETE,FAILED,ERROR,48,48,1,SAMMS INV pipeline failed. Check the failed parent/child activity run details.,2026-08-19T21:53:13.467Z,2026-08-19T22:54:29.012Z,3676,2026-08-19T22:54:29.012Z,B76,Huntsville OBOT,2caac1da-4db4-431b-998d-21dc6fd03dce,SAMMS-Huntsville-OBOT
202608192252095209,202608192152668416,202608192152666995,85,655,Bronze INV,br_AdmissionAssessmentDimensionFour,TASK_COMPLETE,FAILED,ERROR,295,295,1,SAMMS INV pipeline failed. Check the failed parent/child activity run details.,2026-08-19T21:53:13.467Z,2026-08-19T22:54:29.012Z,3676,2026-08-19T22:54:29.012Z,BAT,Batesville,2caac1da-4db4-431b-998d-21dc6fd03dce,SAMMS-Batesville
202608192252095210,202608192152668417,202608192152666995,85,656,Bronze INV,br_AdmissionAssessmentDimensionFour,TASK_COMPLETE,FAILED,ERROR,234,234,1,SAMMS INV pipeline failed. Check the failed parent/child activity run details.,2026-08-19T21:53:13.467Z,2026-08-19T22:54:29.012Z,3676,2026-08-19T22:54:29.012Z,BG,Bowling Green,2caac1da-4db4-431b-998d-21dc6fd03dce,SAMMS-BowlingGreen
202608192252095212,202608192152668418,202608192152666995,85,657,Bronze INV,br_AdmissionAssessmentDimensionFour,TASK_COMPLETE,FAILED,ERROR,214,214,1,SAMMS INV pipeline failed. Check the failed parent/child activity run details.,2026-08-19T21:53:13.467Z,2026-08-19T22:54:29.012Z,3676,2026-08-19T22:54:29.012Z,BOI,Boise,2caac1da-4db4-431b-998d-21dc6fd03dce,SAMMS-Boise
202608192252095213,202608192152668419,202608192152666995,85,664,Bronze INV,br_AdmissionAssessmentDimensionFour,TASK_COMPLETE,FAILED,ERROR,282,282,1,SAMMS INV pipeline failed. Check the failed parent/child activity run details.,2026-08-19T21:53:13.467Z,2026-08-19T22:54:29.012Z,3676,2026-08-19T22:54:29.012Z,CBCO,Coeur dAlene,2caac1da-4db4-431b-998d-21dc6fd03dce,SAMMS-CoeurdAleneV6
202608192252095214,202608192152668420,202608192152666995,85,683,Bronze INV,br_AdmissionAssessmentDimensionFour,TASK_COMPLETE,FAILED,ERROR,297,297,1,SAMMS INV pipeline failed. Check the failed parent/child activity run details.,2026-08-19T21:53:13.467Z,2026-08-19T22:54:29.012Z,3676,2026-08-19T22:54:29.012Z,CON,Conway,2caac1da-4db4-431b-998d-21dc6fd03dce,SAMMS-Conway
202608192252095215,202608192152668421,202608192152666995,85,684,Bronze INV,br_AdmissionAssessmentDimensionFour,TASK_COMPLETE,FAILED,ERROR,1541,1541,1,SAMMS INV pipeline failed. Check the failed parent/child activity run details.,2026-08-19T21:53:13.467Z,2026-08-19T22:54:29.012Z,3676,2026-08-19T22:54:29.012Z,D07,Medical Services Knox TN,2caac1da-4db4-431b-998d-21dc6fd03dce,SAMMS-KnoxvilleV6
202608192252095216,202608192152668422,202608192152666995,85,685,Bronze INV,br_AdmissionAssessmentDimensionFour,TASK_COMPLETE,FAILED,ERROR,954,954,1,SAMMS INV pipeline failed. Check the failed parent/child activity run details.,2026-08-19T21:53:13.467Z,2026-08-19T22:54:29.012Z,3676,2026-08-19T22:54:29.012Z,D08,Madison,2caac1da-4db4-431b-998d-21dc6fd03dce,SAMMS-MadisonV6
202608192252095217,202608192152668423,202608192152666995,85,687,Bronze INV,br_AdmissionAssessmentDimensionFour,TASK_COMPLETE,FAILED,ERROR,928,928,1,SAMMS INV pipeline failed. Check the failed parent/child activity run details.,2026-08-19T21:53:13.467Z,2026-08-19T22:54:29.012Z,3676,2026-08-19T22:54:29.012Z,D09,Murfreesboro,2caac1da-4db4-431b-998d-21dc6fd03dce,SAMMS-MurfreesboroV6
202608192252095218,202608192152668424,202608192152666995,85,688,Bronze INV,br_AdmissionAssessmentDimensionFour,TASK_COMPLETE,FAILED,ERROR,217,217,1,SAMMS INV pipeline failed. Check the failed parent/child activity run details.,2026-08-19T21:53:13.467Z,2026-08-19T22:54:29.012Z,3676,2026-08-19T22:54:29.012Z,DA,Davenport,2caac1da-4db4-431b-998d-21dc6fd03dce,SAMMS-Davenport
202608192252095219,202608192152668425,202608192152666995,85,689,Bronze INV,br_AdmissionAssessmentDimensionFour,TASK_COMPLETE,FAILED,ERROR,347,347,1,SAMMS INV pipeline failed. Check the failed parent/child activity run details.,2026-08-19T21:53:13.467Z,2026-08-19T22:54:29.012Z,3676,2026-08-19T22:54:29.012Z,DM,Des Moines,2caac1da-4db4-431b-998d-21dc6fd03dce,SAMMS-DesMoines
202608192252095220,202608192152668426,202608192152666995,85,691,Bronze INV,br_AdmissionAssessmentDimensionFour,TASK_COMPLETE,FAILED,ERROR,473,473,1,SAMMS INV pipeline failed. Check the failed parent/child activity run details.,2026-08-19T21:53:13.467Z,2026-08-19T22:54:29.012Z,3676,2026-08-19T22:54:29.012Z,DRD-CO,Columbia MO,2caac1da-4db4-431b-998d-21dc6fd03dce,SAMMS-ColumbiaV5
202608192252095221,202608192152668427,202608192152666995,85,692,Bronze INV,br_AdmissionAssessmentDimensionFour,TASK_COMPLETE,FAILED,ERROR,591,591,1,SAMMS INV pipeline failed. Check the failed parent/child activity run details.,2026-08-19T21:53:13.467Z,2026-08-19T22:54:29.012Z,3676,2026-08-19T22:54:29.012Z,DRD-KC,KC,2caac1da-4db4-431b-998d-21dc6fd03dce,SAMMS-KCv5
202608192252095223,202608192152668428,202608192152666995,85,693,Bronze INV,br_AdmissionAssessmentDimensionFour,TASK_COMPLETE,FAILED,ERROR,947,947,1,SAMMS INV pipeline failed. Check the failed parent/child activity run details.,2026-08-19T21:53:13.467Z,2026-08-19T22:54:29.012Z,3676,2026-08-19T22:54:29.012Z,DRD-KVB,KVB,2caac1da-4db4-431b-998d-21dc6fd03dce,SAMMS-KVBv5
202608192252095224,202608192152668429,202608192152666995,85,694,Bronze INV,br_AdmissionAssessmentDimensionFour,TASK_COMPLETE,FAILED,ERROR,1560,1560,1,SAMMS INV pipeline failed. Check the failed parent/child activity run details.,2026-08-19T21:53:13.467Z,2026-08-19T22:54:29.012Z,3676,2026-08-19T22:54:29.012Z,DRD-KVC,KVC,2caac1da-4db4-431b-998d-21dc6fd03dce,SAMMS-KVCv5
202608192252095225,202608192152668430,202608192152666995,85,695,Bronze INV,br_AdmissionAssessmentDimensionFour,TASK_COMPLETE,FAILED,ERROR,1254,1254,1,SAMMS INV pipeline failed. Check the failed parent/child activity run details.,2026-08-19T21:53:13.467Z,2026-08-19T22:54:29.012Z,3676,2026-08-19T22:54:29.012Z,DRD-NOLA,NOLA,2caac1da-4db4-431b-998d-21dc6fd03dce,SAMMS-NOLAv5
202608192252095226,202608192152668431,202608192152666995,85,696,Bronze INV,br_AdmissionAssessmentDimensionFour,TASK_COMPLETE,FAILED,ERROR,730,730,1,SAMMS INV pipeline failed. Check the failed parent/child activity run details.,2026-08-19T21:53:13.467Z,2026-08-19T22:54:29.012Z,3676,2026-08-19T22:54:29.012Z,DRD-SF,Springfield,2caac1da-4db4-431b-998d-21dc6fd03dce,SAMMS-SFv5
202608192252095227,202608192152668432,202608192152666995,85,698,Bronze INV,br_AdmissionAssessmentDimensionFour,TASK_COMPLETE,FAILED,ERROR,249,249,1,SAMMS INV pipeline failed. Check the failed parent/child activity run details.,2026-08-19T21:53:13.467Z,2026-08-19T22:54:29.012Z,3676,2026-08-19T22:54:29.012Z,ELC,Elizabeth City,2caac1da-4db4-431b-998d-21dc6fd03dce,SAMMS-ElizabethCity
202608192252095228,202608192152668433,202608192152666995,85,699,Bronze INV,br_AdmissionAssessmentDimensionFour,TASK_COMPLETE,FAILED,ERROR,263,263,1,SAMMS INV pipeline failed. Check the failed parent/child activity run details.,2026-08-19T21:53:13.467Z,2026-08-19T22:54:29.012Z,3676,2026-08-19T22:54:29.012Z,ET,Elizabethtown,2caac1da-4db4-431b-998d-21dc6fd03dce,SAMMS-Elizabethtown
202608192252095229,202608192152668434,202608192152666995,85,700,Bronze INV,br_AdmissionAssessmentDimensionFour,TASK_COMPLETE,FAILED,ERROR,222,222,1,SAMMS INV pipeline failed. Check the failed parent/child activity run details.,2026-08-19T21:53:13.467Z,2026-08-19T22:54:29.012Z,3676,2026-08-19T22:54:29.012Z,FAY,Fayetteville,2caac1da-4db4-431b-998d-21dc6fd03dce,SAMMS-Fayetteville
202608192252095230,202608192152668435,202608192152666995,85,701,Bronze INV,br_AdmissionAssessmentDimensionFour,TASK_COMPLETE,FAILED,ERROR,178,178,1,SAMMS INV pipeline failed. Check the failed parent/child activity run details.,2026-08-19T21:53:13.467Z,2026-08-19T22:54:29.012Z,3676,2026-08-19T22:54:29.012Z,FR,Frankfort,2caac1da-4db4-431b-998d-21dc6fd03dce,SAMMS-Frankfort
202608192252095231,202608192152668436,202608192152666995,85,702,Bronze INV,br_AdmissionAssessmentDimensionFour,TASK_COMPLETE,FAILED,ERROR,278,278,1,SAMMS INV pipeline failed. Check the failed parent/child activity run details.,2026-08-19T21:53:13.467Z,2026-08-19T22:54:29.012Z,3676,2026-08-19T22:54:29.012Z,FS,Fort Smith,2caac1da-4db4-431b-998d-21dc6fd03dce,SAMMS-FortSmith
202608192252095232,202608192152668437,202608192152666995,85,703,Bronze INV,br_AdmissionAssessmentDimensionFour,TASK_COMPLETE,FAILED,ERROR,677,677,1,SAMMS INV pipeline failed. Check the failed parent/child activity run details.,2026-08-19T21:53:13.467Z,2026-08-19T22:54:29.012Z,3676,2026-08-19T22:54:29.012Z,FW,Fort Wayne,2caac1da-4db4-431b-998d-21dc6fd03dce,SAMMS-FortWayne
202608192252095234,202608192152668438,202608192152666995,85,704,Bronze INV,br_AdmissionAssessmentDimensionFour,TASK_COMPLETE,FAILED,ERROR,101,101,1,SAMMS INV pipeline failed. Check the failed parent/child activity run details.,2026-08-19T21:53:13.467Z,2026-08-19T22:54:29.012Z,3676,2026-08-19T22:54:29.012Z,GAL,Gaylord,2caac1da-4db4-431b-998d-21dc6fd03dce,SAMMS-Gaylord
202608192252095235,202608192152668439,202608192152666995,85,708,Bronze INV,br_AdmissionAssessmentDimensionFour,TASK_COMPLETE,FAILED,ERROR,613,613,1,SAMMS INV pipeline failed. Check the failed parent/child activity run details.,2026-08-19T21:53:13.467Z,2026-08-19T22:54:29.012Z,3676,2026-08-19T22:54:29.012Z,HGT,Hagerstown,2caac1da-4db4-431b-998d-21dc6fd03dce,SAMMS-Hagerstown
202608192252095236,202608192152668440,202608192152666995,85,709,Bronze INV,br_AdmissionAssessmentDimensionFour,TASK_COMPLETE,FAILED,ERROR,462,462,1,SAMMS INV pipeline failed. Check the failed parent/child activity run details.,2026-08-19T21:53:13.467Z,2026-08-19T22:54:29.012Z,3676,2026-08-19T22:54:29.012Z,HNT,Huntsville,2caac1da-4db4-431b-998d-21dc6fd03dce,SAMMS-Huntsville
202608192252095237,202608192152668441,202608192152666995,85,710,Bronze INV,br_AdmissionAssessmentDimensionFour,TASK_COMPLETE,FAILED,ERROR,299,299,1,SAMMS INV pipeline failed. Check the failed parent/child activity run details.,2026-08-19T21:53:13.467Z,2026-08-19T22:54:29.012Z,3676,2026-08-19T22:54:29.012Z,HS,Hot Springs,2caac1da-4db4-431b-998d-21dc6fd03dce,SAMMS-HotSprings
202608192252095238,202608192152668442,202608192152666995,85,711,Bronze INV,br_AdmissionAssessmentDimensionFour,TASK_COMPLETE,FAILED,ERROR,268,268,1,SAMMS INV pipeline failed. Check the failed parent/child activity run details.,2026-08-19T21:53:13.467Z,2026-08-19T22:54:29.012Z,3676,2026-08-19T22:54:29.012Z,JON,Jonesboro,2caac1da-4db4-431b-998d-21dc6fd03dce,SAMMS-Jonesboro
202608192252095239,202608192152668443,202608192152666995,85,713,Bronze INV,br_AdmissionAssessmentDimensionFour,TASK_COMPLETE,FAILED,ERROR,149,149,1,SAMMS INV pipeline failed. Check the failed parent/child activity run details.,2026-08-19T21:53:13.467Z,2026-08-19T22:54:29.012Z,3676,2026-08-19T22:54:29.012Z,LAN,Lansing,2caac1da-4db4-431b-998d-21dc6fd03dce,SAMMS-Lansing
202608192252095240,202608192152668444,202608192152666995,85,714,Bronze INV,br_AdmissionAssessmentDimensionFour,TASK_COMPLETE,FAILED,ERROR,427,427,1,SAMMS INV pipeline failed. Check the failed parent/child activity run details.,2026-08-19T21:53:13.467Z,2026-08-19T22:54:29.012Z,3676,2026-08-19T22:54:29.012Z,LO,Louisville,2caac1da-4db4-431b-998d-21dc6fd03dce,SAMMS-Louisville
202608192252095241,202608192152668445,202608192152666995,85,715,Bronze INV,br_AdmissionAssessmentDimensionFour,TASK_COMPLETE,FAILED,ERROR,1163,1163,1,SAMMS INV pipeline failed. Check the failed parent/child activity run details.,2026-08-19T21:53:13.467Z,2026-08-19T22:54:29.012Z,3676,2026-08-19T22:54:29.012Z,LV1,Cheyenne,2caac1da-4db4-431b-998d-21dc6fd03dce,SAMMS-Cheyenne
202608192252095242,202608192152668446,202608192152666995,85,716,Bronze INV,br_AdmissionAssessmentDimensionFour,TASK_COMPLETE,FAILED,ERROR,930,930,1,SAMMS INV pipeline failed. Check the failed parent/child activity run details.,2026-08-19T21:53:13.467Z,2026-08-19T22:54:29.012Z,3676,2026-08-19T22:54:29.012Z,LV2,Desert Inn,2caac1da-4db4-431b-998d-21dc6fd03dce,SAMMS-DesertInn
202608192252095244,202608192152668447,202608192152666995,85,717,Bronze INV,br_AdmissionAssessmentDimensionFour,TASK_COMPLETE,FAILED,ERROR,309,309,1,SAMMS INV pipeline failed. Check the failed parent/child activity run details.,2026-08-19T21:53:13.467Z,2026-08-19T22:54:29.012Z,3676,2026-08-19T22:54:29.012Z,LV3,McDaniel,2caac1da-4db4-431b-998d-21dc6fd03dce,SAMMS-McDaniel
202608192252095245,202608192152668448,202608192152666995,85,720,Bronze INV,br_AdmissionAssessmentDimensionFour,TASK_COMPLETE,FAILED,ERROR,269,269,1,SAMMS INV pipeline failed. Check the failed parent/child activity run details.,2026-08-19T21:53:13.467Z,2026-08-19T22:54:29.012Z,3676,2026-08-19T22:54:29.012Z,MNRE,Monroe,2caac1da-4db4-431b-998d-21dc6fd03dce,SAMMS-Monroe
202608192252095246,202608192152668449,202608192152666995,85,721,Bronze INV,br_AdmissionAssessmentDimensionFour,TASK_COMPLETE,FAILED,ERROR,118,118,1,SAMMS INV pipeline failed. Check the failed parent/child activity run details.,2026-08-19T21:53:13.467Z,2026-08-19T22:54:29.012Z,3676,2026-08-19T22:54:29.012Z,MP,Mt. Pleasant,2caac1da-4db4-431b-998d-21dc6fd03dce,SAMMS-MtPleasant
202608192252095247,202608192152668450,202608192152666995,85,722,Bronze INV,br_AdmissionAssessmentDimensionFour,TASK_COMPLETE,FAILED,ERROR,167,167,1,SAMMS INV pipeline failed. Check the failed parent/child activity run details.,2026-08-19T21:53:13.467Z,2026-08-19T22:54:29.012Z,3676,2026-08-19T22:54:29.012Z,MRD,Meridian,2caac1da-4db4-431b-998d-21dc6fd03dce,SAMMS-Meridian
202608192252095248,202608192152668451,202608192152666995,85,727,Bronze INV,br_AdmissionAssessmentDimensionFour,TASK_COMPLETE,FAILED,ERROR,629,629,1,SAMMS INV pipeline failed. Check the failed parent/child activity run details.,2026-08-19T21:53:13.467Z,2026-08-19T22:54:29.012Z,3676,2026-08-19T22:54:29.012Z,NC,North Charleston,2caac1da-4db4-431b-998d-21dc6fd03dce,SAMMS-NorthCharleston
202608192252095249,202608192152668452,202608192152666995,85,728,Bronze INV,br_AdmissionAssessmentDimensionFour,TASK_COMPLETE,FAILED,ERROR,557,557,1,SAMMS INV pipeline failed. Check the failed parent/child activity run details.,2026-08-19T21:53:13.467Z,2026-08-19T22:54:29.012Z,3676,2026-08-19T22:54:29.012Z,NLR,N. Little Rock,2caac1da-4db4-431b-998d-21dc6fd03dce,SAMMS-NLROBOT
202608192252095250,202608192152668453,202608192152666995,85,729,Bronze INV,br_AdmissionAssessmentDimensionFour,TASK_COMPLETE,FAILED,ERROR,234,234,1,SAMMS INV pipeline failed. Check the failed parent/child activity run details.,2026-08-19T21:53:13.467Z,2026-08-19T22:54:29.012Z,3676,2026-08-19T22:54:29.012Z,PH,Phoenix,2caac1da-4db4-431b-998d-21dc6fd03dce,SAMMS-Phoenix
202608192252095251,202608192152668454,202608192152666995,85,733,Bronze INV,br_AdmissionAssessmentDimensionFour,TASK_COMPLETE,FAILED,ERROR,405,405,1,SAMMS INV pipeline failed. Check the failed parent/child activity run details.,2026-08-19T21:53:13.467Z,2026-08-19T22:54:29.012Z,3676,2026-08-19T22:54:29.012Z,RE,Reno,2caac1da-4db4-431b-998d-21dc6fd03dce,SAMMS-Reno
202608192252095252,202608192152668455,202608192152666995,85,734,Bronze INV,br_AdmissionAssessmentDimensionFour,TASK_COMPLETE,FAILED,ERROR,388,388,1,SAMMS INV pipeline failed. Check the failed parent/child activity run details.,2026-08-19T21:53:13.467Z,2026-08-19T22:54:29.012Z,3676,2026-08-19T22:54:29.012Z,RMD,Richmond,2caac1da-4db4-431b-998d-21dc6fd03dce,SAMMS-Richmond
202608192252095254,202608192152668456,202608192152666995,85,735,Bronze INV,br_AdmissionAssessmentDimensionFour,TASK_COMPLETE,FAILED,ERROR,477,477,1,SAMMS INV pipeline failed. Check the failed parent/child activity run details.,2026-08-19T21:53:13.467Z,2026-08-19T22:54:29.012Z,3676,2026-08-19T22:54:29.012Z,SFN,Springfield North,2caac1da-4db4-431b-998d-21dc6fd03dce,SAMMS-SFNv5
202608192252095255,202608192152668457,202608192152666995,85,736,Bronze INV,br_AdmissionAssessmentDimensionFour,TASK_COMPLETE,FAILED,ERROR,444,444,1,SAMMS INV pipeline failed. Check the failed parent/child activity run details.,2026-08-19T21:53:13.467Z,2026-08-19T22:54:29.012Z,3676,2026-08-19T22:54:29.012Z,SHP,Shreveport,2caac1da-4db4-431b-998d-21dc6fd03dce,SAMMS-Shreveport
202608192252095256,202608192152668458,202608192152666995,85,738,Bronze INV,br_AdmissionAssessmentDimensionFour,TASK_COMPLETE,FAILED,ERROR,80,80,1,SAMMS INV pipeline failed. Check the failed parent/child activity run details.,2026-08-19T21:53:13.467Z,2026-08-19T22:54:29.012Z,3676,2026-08-19T22:54:29.012Z,STN,Staunton,2caac1da-4db4-431b-998d-21dc6fd03dce,SAMMS-Staunton
202608192252095257,202608192152668459,202608192152666995,85,739,Bronze INV,br_AdmissionAssessmentDimensionFour,TASK_COMPLETE,FAILED,ERROR,52,52,1,SAMMS INV pipeline failed. Check the failed parent/child activity run details.,2026-08-19T21:53:13.467Z,2026-08-19T22:54:29.012Z,3676,2026-08-19T22:54:29.012Z,STVN,Stevenson,2caac1da-4db4-431b-998d-21dc6fd03dce,SAMMS-Stevenson
202608192252095258,202608192152668460,202608192152666995,85,741,Bronze INV,br_AdmissionAssessmentDimensionFour,TASK_COMPLETE,FAILED,ERROR,70,70,1,SAMMS INV pipeline failed. Check the failed parent/child activity run details.,2026-08-19T21:53:13.467Z,2026-08-19T22:54:29.012Z,3676,2026-08-19T22:54:29.012Z,TE,Tempe,2caac1da-4db4-431b-998d-21dc6fd03dce,SAMMS-Tempe
202608192252095259,202608192152668461,202608192152666995,85,742,Bronze INV,br_AdmissionAssessmentDimensionFour,TASK_COMPLETE,FAILED,ERROR,361,361,1,SAMMS INV pipeline failed. Check the failed parent/child activity run details.,2026-08-19T21:53:13.467Z,2026-08-19T22:54:29.012Z,3676,2026-08-19T22:54:29.012Z,TEX,Texarkana,2caac1da-4db4-431b-998d-21dc6fd03dce,SAMMS-Texarkana
202608192252095260,202608192152668462,202608192152666995,85,743,Bronze INV,br_AdmissionAssessmentDimensionFour,TASK_COMPLETE,FAILED,ERROR,416,416,1,SAMMS INV pipeline failed. Check the failed parent/child activity run details.,2026-08-19T21:53:13.467Z,2026-08-19T22:54:29.012Z,3676,2026-08-19T22:54:29.012Z,TTCA,Bessemer,2caac1da-4db4-431b-998d-21dc6fd03dce,SAMMS-BessemerV5
202608192252095261,202608192152668463,202608192152666995,85,744,Bronze INV,br_AdmissionAssessmentDimensionFour,TASK_COMPLETE,FAILED,ERROR,543,543,1,SAMMS INV pipeline failed. Check the failed parent/child activity run details.,2026-08-19T21:53:13.467Z,2026-08-19T22:54:29.012Z,3676,2026-08-19T22:54:29.012Z,TTCB,Cullman,2caac1da-4db4-431b-998d-21dc6fd03dce,SAMMS-CullmanV5
202608192252095262,202608192152668464,202608192152666995,85,745,Bronze INV,br_AdmissionAssessmentDimensionFour,TASK_COMPLETE,FAILED,ERROR,291,291,1,SAMMS INV pipeline failed. Check the failed parent/child activity run details.,2026-08-19T21:53:13.467Z,2026-08-19T22:54:29.012Z,3676,2026-08-19T22:54:29.012Z,TTCC,Grand Bay,2caac1da-4db4-431b-998d-21dc6fd03dce,SAMMS-GrandBay
202608192252095264,202608192152668465,202608192152666995,85,746,Bronze INV,br_AdmissionAssessmentDimensionFour,TASK_COMPLETE,FAILED,ERROR,22,22,1,SAMMS INV pipeline failed. Check the failed parent/child activity run details.,2026-08-19T21:53:13.467Z,2026-08-19T22:54:29.012Z,3676,2026-08-19T22:54:29.012Z,TU,Tucson,2caac1da-4db4-431b-998d-21dc6fd03dce,SAMMS-Tucson
202608192252095265,202608192152668466,202608192152666995,85,748,Bronze INV,br_AdmissionAssessmentDimensionFour,TASK_COMPLETE,FAILED,ERROR,250,250,1,SAMMS INV pipeline failed. Check the failed parent/child activity run details.,2026-08-19T21:53:13.467Z,2026-08-19T22:54:29.012Z,3676,2026-08-19T22:54:29.012Z,V1,Memphis South,2caac1da-4db4-431b-998d-21dc6fd03dce,SAMMS-VCPHCS-I-MemphisV5
202608192252095266,202608192152668467,202608192152666995,85,749,Bronze INV,br_AdmissionAssessmentDimensionFour,TASK_COMPLETE,FAILED,ERROR,689,689,1,SAMMS INV pipeline failed. Check the failed parent/child activity run details.,2026-08-19T21:53:13.467Z,2026-08-19T22:54:29.012Z,3676,2026-08-19T22:54:29.012Z,V10,Longmont,2caac1da-4db4-431b-998d-21dc6fd03dce,SAMMS-BoulderV5
202608192252095267,202608192152668468,202608192152666995,85,750,Bronze INV,br_AdmissionAssessmentDimensionFour,TASK_COMPLETE,FAILED,ERROR,0,0,1,SAMMS INV pipeline failed. Check the failed parent/child activity run details.,2026-08-19T21:53:13.467Z,2026-08-19T22:54:29.012Z,3676,2026-08-19T22:54:29.012Z,V10A,Fort Collins,2caac1da-4db4-431b-998d-21dc6fd03dce,SAMMS-FortCollinsV5
202608192252095268,202608192152668469,202608192152666995,85,751,Bronze INV,br_AdmissionAssessmentDimensionFour,TASK_COMPLETE,FAILED,ERROR,979,979,1,SAMMS INV pipeline failed. Check the failed parent/child activity run details.,2026-08-19T21:53:13.467Z,2026-08-19T22:54:29.012Z,3676,2026-08-19T22:54:29.012Z,V11,Westminster,2caac1da-4db4-431b-998d-21dc6fd03dce,SAMMS-VCPHCS-XI-NorthDenverV5
202608192252095269,202608192152668470,202608192152666995,85,752,Bronze INV,br_AdmissionAssessmentDimensionFour,TASK_COMPLETE,FAILED,ERROR,1051,1051,1,SAMMS INV pipeline failed. Check the failed parent/child activity run details.,2026-08-19T21:53:13.467Z,2026-08-19T22:54:29.012Z,3676,2026-08-19T22:54:29.012Z,V12,Downtown Denver,2caac1da-4db4-431b-998d-21dc6fd03dce,SAMMS-VCPHCS-XII-DowntownDenverV5
202608192252095270,202608192152668471,202608192152666995,85,753,Bronze INV,br_AdmissionAssessmentDimensionFour,TASK_COMPLETE,FAILED,ERROR,475,475,1,SAMMS INV pipeline failed. Check the failed parent/child activity run details.,2026-08-19T21:53:13.467Z,2026-08-19T22:54:29.012Z,3676,2026-08-19T22:54:29.012Z,V12A,Centennial,2caac1da-4db4-431b-998d-21dc6fd03dce,SAMMS-CentennialV5
202608192252095271,202608192152668472,202608192152666995,85,754,Bronze INV,br_AdmissionAssessmentDimensionFour,TASK_COMPLETE,FAILED,ERROR,290,290,1,SAMMS INV pipeline failed. Check the failed parent/child activity run details.,2026-08-19T21:53:13.467Z,2026-08-19T22:54:29.012Z,3676,2026-08-19T22:54:29.012Z,V14,Overland Park,2caac1da-4db4-431b-998d-21dc6fd03dce,SAMMS-VCPHCS-XIV-BridgewayV5
202608192252095272,202608192152668473,202608192152666995,85,755,Bronze INV,br_AdmissionAssessmentDimensionFour,TASK_COMPLETE,FAILED,ERROR,557,557,1,SAMMS INV pipeline failed. Check the failed parent/child activity run details.,2026-08-19T21:53:13.467Z,2026-08-19T22:54:29.012Z,3676,2026-08-19T22:54:29.012Z,V15,Joplin,2caac1da-4db4-431b-998d-21dc6fd03dce,SAMMS-JoplinV5
202608192252095274,202608192152668474,202608192152666995,85,757,Bronze INV,br_AdmissionAssessmentDimensionFour,TASK_COMPLETE,FAILED,ERROR,469,469,1,SAMMS INV pipeline failed. Check the failed parent/child activity run details.,2026-08-19T21:53:13.467Z,2026-08-19T22:54:29.012Z,3676,2026-08-19T22:54:29.012Z,V17,Columbia TN,2caac1da-4db4-431b-998d-21dc6fd03dce,SAMMS-ColumbiaTNv5
202608192252095275,202608192152668475,202608192152666995,85,759,Bronze INV,br_AdmissionAssessmentDimensionFour,TASK_COMPLETE,FAILED,ERROR,408,408,1,SAMMS INV pipeline failed. Check the failed parent/child activity run details.,2026-08-19T21:53:13.467Z,2026-08-19T22:54:29.012Z,3676,2026-08-19T22:54:29.012Z,V19,Jackson,2caac1da-4db4-431b-998d-21dc6fd03dce,SAMMS-JacksonV5
202608192252095276,202608192152668476,202608192152666995,85,761,Bronze INV,br_AdmissionAssessmentDimensionFour,TASK_COMPLETE,FAILED,ERROR,479,479,1,SAMMS INV pipeline failed. Check the failed parent/child activity run details.,2026-08-19T21:53:13.467Z,2026-08-19T22:54:29.012Z,3676,2026-08-19T22:54:29.012Z,V20,Paris,2caac1da-4db4-431b-998d-21dc6fd03dce,SAMMS-ParisV5
202608192252095277,202608192152668477,202608192152666995,85,762,Bronze INV,br_AdmissionAssessmentDimensionFour,TASK_COMPLETE,FAILED,ERROR,352,352,1,SAMMS INV pipeline failed. Check the failed parent/child activity run details.,2026-08-19T21:53:13.467Z,2026-08-19T22:54:29.012Z,3676,2026-08-19T22:54:29.012Z,V21,Memphis North,2caac1da-4db4-431b-998d-21dc6fd03dce,SAMMS-RaleighV5
202608192252095278,202608192152668478,202608192152666995,85,765,Bronze INV,br_AdmissionAssessmentDimensionFour,TASK_COMPLETE,FAILED,ERROR,0,0,1,SAMMS INV pipeline failed. Check the failed parent/child activity run details.,2026-08-19T21:53:13.467Z,2026-08-19T22:54:29.012Z,3676,2026-08-19T22:54:29.012Z,V5,West Bank,2caac1da-4db4-431b-998d-21dc6fd03dce,SAMMS-NONTCv5
202608192252095279,202608192152668479,202608192152666995,85,767,Bronze INV,br_AdmissionAssessmentDimensionFour,TASK_COMPLETE,FAILED,ERROR,251,251,1,SAMMS INV pipeline failed. Check the failed parent/child activity run details.,2026-08-19T21:53:13.467Z,2026-08-19T22:54:29.012Z,3676,2026-08-19T22:54:29.012Z,V5B,Houma,2caac1da-4db4-431b-998d-21dc6fd03dce,SAMMS-HoumaV6
202608192252095280,202608192152668480,202608192152666995,85,768,Bronze INV,br_AdmissionAssessmentDimensionFour,TASK_COMPLETE,FAILED,ERROR,952,952,1,SAMMS INV pipeline failed. Check the failed parent/child activity run details.,2026-08-19T21:53:13.467Z,2026-08-19T22:54:29.012Z,3676,2026-08-19T22:54:29.012Z,V6,Lake Charles,2caac1da-4db4-431b-998d-21dc6fd03dce,SAMMS-LCv5
202608192252095281,202608192152668481,202608192152666995,85,770,Bronze INV,br_AdmissionAssessmentDimensionFour,TASK_COMPLETE,FAILED,ERROR,558,558,1,SAMMS INV pipeline failed. Check the failed parent/child activity run details.,2026-08-19T21:53:13.467Z,2026-08-19T22:54:29.012Z,3676,2026-08-19T22:54:29.012Z,V8,Memphis Midtown,2caac1da-4db4-431b-998d-21dc6fd03dce,SAMMS-VCPHCS-VIII-MemphisV5
202608192252095282,202608192152668482,202608192152666995,85,771,Bronze INV,br_AdmissionAssessmentDimensionFour,TASK_COMPLETE,FAILED,ERROR,1563,1563,1,SAMMS INV pipeline failed. Check the failed parent/child activity run details.,2026-08-19T21:53:13.467Z,2026-08-19T22:54:29.012Z,3676,2026-08-19T22:54:29.012Z,V9,Nashville,2caac1da-4db4-431b-998d-21dc6fd03dce,SAMMS-NashvilleV5
202608192252095284,202608192152668483,202608192152666995,85,772,Bronze INV,br_AdmissionAssessmentDimensionFour,TASK_COMPLETE,FAILED,ERROR,330,330,1,SAMMS INV pipeline failed. Check the failed parent/child activity run details.,2026-08-19T21:53:13.467Z,2026-08-19T22:54:29.012Z,3676,2026-08-19T22:54:29.012Z,VBRA,Brainerd,2caac1da-4db4-431b-998d-21dc6fd03dce,SAMMS-BrainerdV6
202608192252095285,202608192152668484,202608192152666995,85,773,Bronze INV,br_AdmissionAssessmentDimensionFour,TASK_COMPLETE,FAILED,ERROR,591,591,1,SAMMS INV pipeline failed. Check the failed parent/child activity run details.,2026-08-19T21:53:13.467Z,2026-08-19T22:54:29.012Z,3676,2026-08-19T22:54:29.012Z,VBRP,Brooklyn Park,2caac1da-4db4-431b-998d-21dc6fd03dce,SAMMS-BrooklynParkV6
202608192252095286,202608192152668485,202608192152666995,85,775,Bronze INV,br_AdmissionAssessmentDimensionFour,TASK_COMPLETE,FAILED,ERROR,571,571,1,SAMMS INV pipeline failed. Check the failed parent/child activity run details.,2026-08-19T21:53:13.467Z,2026-08-19T22:54:29.012Z,3676,2026-08-19T22:54:29.012Z,VMIN,Minneapolis,2caac1da-4db4-431b-998d-21dc6fd03dce,SAMMS-MinneapolisV6
202608192252095287,202608192152668486,202608192152666995,85,776,Bronze INV,br_AdmissionAssessmentDimensionFour,TASK_COMPLETE,FAILED,ERROR,1059,1059,1,SAMMS INV pipeline failed. Check the failed parent/child activity run details.,2026-08-19T21:53:13.467Z,2026-08-19T22:54:29.012Z,3676,2026-08-19T22:54:29.012Z,VWBY,Woodbury,2caac1da-4db4-431b-998d-21dc6fd03dce,SAMMS-WoodburyV6
202608192252095288,202608192152668487,202608192152666995,85,778,Bronze INV,br_AdmissionAssessmentDimensionFour,TASK_COMPLETE,FAILED,ERROR,423,423,1,SAMMS INV pipeline failed. Check the failed parent/child activity run details.,2026-08-19T21:53:13.467Z,2026-08-19T22:54:29.012Z,3676,2026-08-19T22:54:29.012Z,WIL,Wilson,2caac1da-4db4-431b-998d-21dc6fd03dce,SAMMS-Wilson
202608192252095390,202608192152767000,202608192152766995,86,5724,Silver INV,sl_AdmissionAssessmentDimensionFour,TASK_COMPLETE,SUCCESS,INFO,48726,48726,0,,2026-08-19T21:53:13.467Z,2026-08-19T22:54:29.012Z,3676,2026-08-19T22:54:29.012Z,,,2caac1da-4db4-431b-998d-21dc6fd03dce,
202608192252095310,202608192152668028,202608192152666995,85,782,Bronze INV,br_AdmissionAssessmentDimensionOneDisorder,TASK_COMPLETE,FAILED,ERROR,115,115,1,SAMMS INV pipeline failed. Check the failed parent/child activity run details.,2026-08-19T21:53:13.467Z,2026-08-19T22:54:29.012Z,3676,2026-08-19T22:54:29.012Z,AHK,Ahoskie,2caac1da-4db4-431b-998d-21dc6fd03dce,SAMMS-Ahoskie
202608192252095311,202608192152668029,202608192152666995,85,783,Bronze INV,br_AdmissionAssessmentDimensionOneDisorder,TASK_COMPLETE,FAILED,ERROR,797,797,1,SAMMS INV pipeline failed. Check the failed parent/child activity run details.,2026-08-19T21:53:13.467Z,2026-08-19T22:54:29.012Z,3676,2026-08-19T22:54:29.012Z,B12B,Colorado Springs,2caac1da-4db4-431b-998d-21dc6fd03dce,SAMMS-ColoradoSpringsV5
202608192252095313,202608192152668030,202608192152666995,85,784,Bronze INV,br_AdmissionAssessmentDimensionOneDisorder,TASK_COMPLETE,FAILED,ERROR,432,432,1,SAMMS INV pipeline failed. Check the failed parent/child activity run details.,2026-08-19T21:53:13.467Z,2026-08-19T22:54:29.012Z,3676,2026-08-19T22:54:29.012Z,B24,Paintsville,2caac1da-4db4-431b-998d-21dc6fd03dce,SAMMS-PaintsvilleV5
202608192252095314,202608192152668031,202608192152666995,85,785,Bronze INV,br_AdmissionAssessmentDimensionOneDisorder,TASK_COMPLETE,FAILED,ERROR,174,174,1,SAMMS INV pipeline failed. Check the failed parent/child activity run details.,2026-08-19T21:53:13.467Z,2026-08-19T22:54:29.012Z,3676,2026-08-19T22:54:29.012Z,B25,Pikeville,2caac1da-4db4-431b-998d-21dc6fd03dce,SAMMS-PikevilleV5
202608192252095315,202608192152668032,202608192152666995,85,786,Bronze INV,br_AdmissionAssessmentDimensionOneDisorder,TASK_COMPLETE,FAILED,ERROR,500,500,1,SAMMS INV pipeline failed. Check the failed parent/child activity run details.,2026-08-19T21:53:13.467Z,2026-08-19T22:54:29.012Z,3676,2026-08-19T22:54:29.012Z,B26,Hazard,2caac1da-4db4-431b-998d-21dc6fd03dce,SAMMS-HazardV5
202608192252095316,202608192152668033,202608192152666995,85,787,Bronze INV,br_AdmissionAssessmentDimensionOneDisorder,TASK_COMPLETE,FAILED,ERROR,197,197,1,SAMMS INV pipeline failed. Check the failed parent/child activity run details.,2026-08-19T21:53:13.467Z,2026-08-19T22:54:29.012Z,3676,2026-08-19T22:54:29.012Z,B27,Savannah,2caac1da-4db4-431b-998d-21dc6fd03dce,SAMMS-SavannahV6
202608192252095317,202608192152668034,202608192152666995,85,788,Bronze INV,br_AdmissionAssessmentDimensionOneDisorder,TASK_COMPLETE,FAILED,ERROR,235,235,1,SAMMS INV pipeline failed. Check the failed parent/child activity run details.,2026-08-19T21:53:13.467Z,2026-08-19T22:54:29.012Z,3676,2026-08-19T22:54:29.012Z,B28,West Plains,2caac1da-4db4-431b-998d-21dc6fd03dce,SAMMS-WestPlainesV5
202608192252095318,202608192152668035,202608192152666995,85,789,Bronze INV,br_AdmissionAssessmentDimensionOneDisorder,TASK_COMPLETE,FAILED,ERROR,260,260,1,SAMMS INV pipeline failed. Check the failed parent/child activity run details.,2026-08-19T21:53:13.467Z,2026-08-19T22:54:29.012Z,3676,2026-08-19T22:54:29.012Z,B29,Poplar Bluff,2caac1da-4db4-431b-998d-21dc6fd03dce,SAMMS-PoplarBluffV5
202608192252095319,202608192152668036,202608192152666995,85,790,Bronze INV,br_AdmissionAssessmentDimensionOneDisorder,TASK_COMPLETE,FAILED,ERROR,163,163,1,SAMMS INV pipeline failed. Check the failed parent/child activity run details.,2026-08-19T21:53:13.467Z,2026-08-19T22:54:29.012Z,3676,2026-08-19T22:54:29.012Z,B30,KC North,2caac1da-4db4-431b-998d-21dc6fd03dce,SAMMS-KCNv5
202608192252095321,202608192152668037,202608192152666995,85,791,Bronze INV,br_AdmissionAssessmentDimensionOneDisorder,TASK_COMPLETE,FAILED,ERROR,382,382,1,SAMMS INV pipeline failed. Check the failed parent/child activity run details.,2026-08-19T21:53:13.467Z,2026-08-19T22:54:29.012Z,3676,2026-08-19T22:54:29.012Z,B31,Dyersburg,2caac1da-4db4-431b-998d-21dc6fd03dce,SAMMS-DyersburgV5
202608192252095322,202608192152668038,202608192152666995,85,793,Bronze INV,br_AdmissionAssessmentDimensionOneDisorder,TASK_COMPLETE,FAILED,ERROR,216,216,1,SAMMS INV pipeline failed. Check the failed parent/child activity run details.,2026-08-19T21:53:13.467Z,2026-08-19T22:54:29.012Z,3676,2026-08-19T22:54:29.012Z,B33,Paducah,2caac1da-4db4-431b-998d-21dc6fd03dce,SAMMS-Paducah
202608192252095323,202608192152668039,202608192152666995,85,794,Bronze INV,br_AdmissionAssessmentDimensionOneDisorder,TASK_COMPLETE,FAILED,ERROR,461,461,1,SAMMS INV pipeline failed. Check the failed parent/child activity run details.,2026-08-19T21:53:13.467Z,2026-08-19T22:54:29.012Z,3676,2026-08-19T22:54:29.012Z,B34,Corbin,2caac1da-4db4-431b-998d-21dc6fd03dce,SAMMS-CorbinV5
202608192252095324,202608192152668040,202608192152666995,85,795,Bronze INV,br_AdmissionAssessmentDimensionOneDisorder,TASK_COMPLETE,FAILED,ERROR,738,738,1,SAMMS INV pipeline failed. Check the failed parent/child activity run details.,2026-08-19T21:53:13.467Z,2026-08-19T22:54:29.012Z,3676,2026-08-19T22:54:29.012Z,B35,Lexington,2caac1da-4db4-431b-998d-21dc6fd03dce,SAMMS-LexingtonV5
202608192252095325,202608192152668041,202608192152666995,85,796,Bronze INV,br_AdmissionAssessmentDimensionOneDisorder,TASK_COMPLETE,FAILED,ERROR,354,354,1,SAMMS INV pipeline failed. Check the failed parent/child activity run details.,2026-08-19T21:53:13.467Z,2026-08-19T22:54:29.012Z,3676,2026-08-19T22:54:29.012Z,B35A,Berea,2caac1da-4db4-431b-998d-21dc6fd03dce,SAMMS-BereaV5
202608192252095326,202608192152668042,202608192152666995,85,797,Bronze INV,br_AdmissionAssessmentDimensionOneDisorder,TASK_COMPLETE,FAILED,ERROR,628,628,1,SAMMS INV pipeline failed. Check the failed parent/child activity run details.,2026-08-19T21:53:13.467Z,2026-08-19T22:54:29.012Z,3676,2026-08-19T22:54:29.012Z,B36,Asheville,2caac1da-4db4-431b-998d-21dc6fd03dce,SAMMS-AshevilleV5
202608192252095328,202608192152668043,202608192152666995,85,798,Bronze INV,br_AdmissionAssessmentDimensionOneDisorder,TASK_COMPLETE,FAILED,ERROR,466,466,1,SAMMS INV pipeline failed. Check the failed parent/child activity run details.,2026-08-19T21:53:13.467Z,2026-08-19T22:54:29.012Z,3676,2026-08-19T22:54:29.012Z,B37,Clyde,2caac1da-4db4-431b-998d-21dc6fd03dce,SAMMS-ClydeV5
202608192252095329,202608192152668044,202608192152666995,85,799,Bronze INV,br_AdmissionAssessmentDimensionOneDisorder,TASK_COMPLETE,FAILED,ERROR,640,640,1,SAMMS INV pipeline failed. Check the failed parent/child activity run details.,2026-08-19T21:53:13.467Z,2026-08-19T22:54:29.012Z,3676,2026-08-19T22:54:29.012Z,B38,Spartanburg,2caac1da-4db4-431b-998d-21dc6fd03dce,SAMMS-SpartanburgV5
202608192252095330,202608192152668045,202608192152666995,85,800,Bronze INV,br_AdmissionAssessmentDimensionOneDisorder,TASK_COMPLETE,FAILED,ERROR,490,490,1,SAMMS INV pipeline failed. Check the failed parent/child activity run details.,2026-08-19T21:53:13.467Z,2026-08-19T22:54:29.012Z,3676,2026-08-19T22:54:29.012Z,B39,Aiken,2caac1da-4db4-431b-998d-21dc6fd03dce,SAMMS-AikenV5
202608192252095331,202608192152668046,202608192152666995,85,801,Bronze INV,br_AdmissionAssessmentDimensionOneDisorder,TASK_COMPLETE,FAILED,ERROR,329,329,1,SAMMS INV pipeline failed. Check the failed parent/child activity run details.,2026-08-19T21:53:13.467Z,2026-08-19T22:54:29.012Z,3676,2026-08-19T22:54:29.012Z,B41,Chesapeake,2caac1da-4db4-431b-998d-21dc6fd03dce,SAMMS-ChesapeakeV5
202608192252095332,202608192152668047,202608192152666995,85,802,Bronze INV,br_AdmissionAssessmentDimensionOneDisorder,TASK_COMPLETE,FAILED,ERROR,562,562,1,SAMMS INV pipeline failed. Check the failed parent/child activity run details.,2026-08-19T21:53:13.467Z,2026-08-19T22:54:29.012Z,3676,2026-08-19T22:54:29.012Z,B42,Virginia Beach,2caac1da-4db4-431b-998d-21dc6fd03dce,SAMMS-VirginiaBeachV5
202608192252095333,202608192152668048,202608192152666995,85,803,Bronze INV,br_AdmissionAssessmentDimensionOneDisorder,TASK_COMPLETE,FAILED,ERROR,170,170,1,SAMMS INV pipeline failed. Check the failed parent/child activity run details.,2026-08-19T21:53:13.467Z,2026-08-19T22:54:29.012Z,3676,2026-08-19T22:54:29.012Z,B42A,Newport News,2caac1da-4db4-431b-998d-21dc6fd03dce,SAMMS-NewportNewsV5
202608192252095334,202608192152668049,202608192152666995,85,804,Bronze INV,br_AdmissionAssessmentDimensionOneDisorder,TASK_COMPLETE,FAILED,ERROR,61,61,1,SAMMS INV pipeline failed. Check the failed parent/child activity run details.,2026-08-19T21:53:13.467Z,2026-08-19T22:54:29.012Z,3676,2026-08-19T22:54:29.012Z,B42B,Franklin,2caac1da-4db4-431b-998d-21dc6fd03dce,SAMMS-FranklinV5
202608192252095335,202608192152668050,202608192152666995,85,805,Bronze INV,br_AdmissionAssessmentDimensionOneDisorder,TASK_COMPLETE,FAILED,ERROR,351,351,1,SAMMS INV pipeline failed. Check the failed parent/child activity run details.,2026-08-19T21:53:13.467Z,2026-08-19T22:54:29.012Z,3676,2026-08-19T22:54:29.012Z,B42C,Glen Allen,2caac1da-4db4-431b-998d-21dc6fd03dce,SAMMS-GlenAllenV5
202608192252095337,202608192152668051,202608192152666995,85,806,Bronze INV,br_AdmissionAssessmentDimensionOneDisorder,TASK_COMPLETE,FAILED,ERROR,174,174,1,SAMMS INV pipeline failed. Check the failed parent/child activity run details.,2026-08-19T21:53:13.467Z,2026-08-19T22:54:29.012Z,3676,2026-08-19T22:54:29.012Z,B42D,Chesapeake South,2caac1da-4db4-431b-998d-21dc6fd03dce,SAMMS-ChesapeakeSouthV5
202608192252095338,202608192152668052,202608192152666995,85,807,Bronze INV,br_AdmissionAssessmentDimensionOneDisorder,TASK_COMPLETE,FAILED,ERROR,214,214,1,SAMMS INV pipeline failed. Check the failed parent/child activity run details.,2026-08-19T21:53:13.467Z,2026-08-19T22:54:29.012Z,3676,2026-08-19T22:54:29.012Z,B44,Albany,2caac1da-4db4-431b-998d-21dc6fd03dce,SAMMS-AlbanyV5
202608192252095339,202608192152668053,202608192152666995,85,808,Bronze INV,br_AdmissionAssessmentDimensionOneDisorder,TASK_COMPLETE,FAILED,ERROR,308,308,1,SAMMS INV pipeline failed. Check the failed parent/child activity run details.,2026-08-19T21:53:13.467Z,2026-08-19T22:54:29.012Z,3676,2026-08-19T22:54:29.012Z,B45,Tifton,2caac1da-4db4-431b-998d-21dc6fd03dce,SAMMS-TiftonV5
202608192252095340,202608192152668054,202608192152666995,85,809,Bronze INV,br_AdmissionAssessmentDimensionOneDisorder,TASK_COMPLETE,FAILED,ERROR,695,695,1,SAMMS INV pipeline failed. Check the failed parent/child activity run details.,2026-08-19T21:53:13.467Z,2026-08-19T22:54:29.012Z,3676,2026-08-19T22:54:29.012Z,B46,Washington DC,2caac1da-4db4-431b-998d-21dc6fd03dce,SAMMS-WashingtonDCv5
202608192252095341,202608192152668055,202608192152666995,85,810,Bronze INV,br_AdmissionAssessmentDimensionOneDisorder,TASK_COMPLETE,FAILED,ERROR,384,384,1,SAMMS INV pipeline failed. Check the failed parent/child activity run details.,2026-08-19T21:53:13.467Z,2026-08-19T22:54:29.012Z,3676,2026-08-19T22:54:29.012Z,B47,Mobile,2caac1da-4db4-431b-998d-21dc6fd03dce,SAMMS-MobileV5
202608192252095342,202608192152668056,202608192152666995,85,811,Bronze INV,br_AdmissionAssessmentDimensionOneDisorder,TASK_COMPLETE,FAILED,ERROR,473,473,1,SAMMS INV pipeline failed. Check the failed parent/child activity run details.,2026-08-19T21:53:13.467Z,2026-08-19T22:54:29.012Z,3676,2026-08-19T22:54:29.012Z,B48,Tuscaloosa,2caac1da-4db4-431b-998d-21dc6fd03dce,SAMMS-TuscaloosaV5
202608192252095343,202608192152668057,202608192152666995,85,820,Bronze INV,br_AdmissionAssessmentDimensionOneDisorder,TASK_COMPLETE,FAILED,ERROR,321,321,1,SAMMS INV pipeline failed. Check the failed parent/child activity run details.,2026-08-19T21:53:13.467Z,2026-08-19T22:54:29.012Z,3676,2026-08-19T22:54:29.012Z,B51,N. Little Rock (OTP),2caac1da-4db4-431b-998d-21dc6fd03dce,SAMMS-NorthLittleRockV6
202608192252095345,202608192152668058,202608192152666995,85,821,Bronze INV,br_AdmissionAssessmentDimensionOneDisorder,TASK_COMPLETE,FAILED,ERROR,164,164,1,SAMMS INV pipeline failed. Check the failed parent/child activity run details.,2026-08-19T21:53:13.467Z,2026-08-19T22:54:29.012Z,3676,2026-08-19T22:54:29.012Z,B52,Jackson GA,2caac1da-4db4-431b-998d-21dc6fd03dce,SAMMS-JacksonGAV5
202608192252095346,202608192152668059,202608192152666995,85,822,Bronze INV,br_AdmissionAssessmentDimensionOneDisorder,TASK_COMPLETE,FAILED,ERROR,500,500,1,SAMMS INV pipeline failed. Check the failed parent/child activity run details.,2026-08-19T21:53:13.467Z,2026-08-19T22:54:29.012Z,3676,2026-08-19T22:54:29.012Z,B54,Gadsden,2caac1da-4db4-431b-998d-21dc6fd03dce,SAMMS-GadsdenV5
202608192252095347,202608192152668060,202608192152666995,85,823,Bronze INV,br_AdmissionAssessmentDimensionOneDisorder,TASK_COMPLETE,FAILED,ERROR,512,512,1,SAMMS INV pipeline failed. Check the failed parent/child activity run details.,2026-08-19T21:53:13.467Z,2026-08-19T22:54:29.012Z,3676,2026-08-19T22:54:29.012Z,B55,Shoals,2caac1da-4db4-431b-998d-21dc6fd03dce,SAMMS-ShoalsV5
202608192252095348,202608192152668061,202608192152666995,85,824,Bronze INV,br_AdmissionAssessmentDimensionOneDisorder,TASK_COMPLETE,FAILED,ERROR,178,178,1,SAMMS INV pipeline failed. Check the failed parent/child activity run details.,2026-08-19T21:53:13.467Z,2026-08-19T22:54:29.012Z,3676,2026-08-19T22:54:29.012Z,B57,Pawtucket,2caac1da-4db4-431b-998d-21dc6fd03dce,SAMMS-Pawtucket
202608192252095349,202608192152668062,202608192152666995,85,825,Bronze INV,br_AdmissionAssessmentDimensionOneDisorder,TASK_COMPLETE,FAILED,ERROR,174,174,1,SAMMS INV pipeline failed. Check the failed parent/child activity run details.,2026-08-19T21:53:13.467Z,2026-08-19T22:54:29.012Z,3676,2026-08-19T22:54:29.012Z,B57A,Johnston,2caac1da-4db4-431b-998d-21dc6fd03dce,SAMMS-Johnston
202608192252095350,202608192152668063,202608192152666995,85,826,Bronze INV,br_AdmissionAssessmentDimensionOneDisorder,TASK_COMPLETE,FAILED,ERROR,98,98,1,SAMMS INV pipeline failed. Check the failed parent/child activity run details.,2026-08-19T21:53:13.467Z,2026-08-19T22:54:29.012Z,3676,2026-08-19T22:54:29.012Z,B57B,Middletown,2caac1da-4db4-431b-998d-21dc6fd03dce,SAMMS-Middletown
202608192252095351,202608192152668064,202608192152666995,85,827,Bronze INV,br_AdmissionAssessmentDimensionOneDisorder,TASK_COMPLETE,FAILED,ERROR,184,184,1,SAMMS INV pipeline failed. Check the failed parent/child activity run details.,2026-08-19T21:53:13.467Z,2026-08-19T22:54:29.012Z,3676,2026-08-19T22:54:29.012Z,B57C,Providence,2caac1da-4db4-431b-998d-21dc6fd03dce,SAMMS-Providence
202608192252095352,202608192152668065,202608192152666995,85,828,Bronze INV,br_AdmissionAssessmentDimensionOneDisorder,TASK_COMPLETE,FAILED,ERROR,261,261,1,SAMMS INV pipeline failed. Check the failed parent/child activity run details.,2026-08-19T21:53:13.467Z,2026-08-19T22:54:29.012Z,3676,2026-08-19T22:54:29.012Z,B57D,Westerly,2caac1da-4db4-431b-998d-21dc6fd03dce,SAMMS-Westerly
202608192252095353,202608192152668066,202608192152666995,85,832,Bronze INV,br_AdmissionAssessmentDimensionOneDisorder,TASK_COMPLETE,FAILED,ERROR,371,371,1,SAMMS INV pipeline failed. Check the failed parent/child activity run details.,2026-08-19T21:53:13.467Z,2026-08-19T22:54:29.012Z,3676,2026-08-19T22:54:29.012Z,B66A,Bremen,2caac1da-4db4-431b-998d-21dc6fd03dce,SAMMS-Bremen
202608192252095354,202608192152668067,202608192152666995,85,835,Bronze INV,br_AdmissionAssessmentDimensionOneDisorder,TASK_COMPLETE,FAILED,ERROR,41,41,1,SAMMS INV pipeline failed. Check the failed parent/child activity run details.,2026-08-19T21:53:13.467Z,2026-08-19T22:54:29.012Z,3676,2026-08-19T22:54:29.012Z,B72,Mobile (OBOT),2caac1da-4db4-431b-998d-21dc6fd03dce,SAMMS-Mobile-OBOT
202608192252095356,202608192152668068,202608192152666995,85,836,Bronze INV,br_AdmissionAssessmentDimensionOneDisorder,TASK_COMPLETE,FAILED,ERROR,4,4,1,SAMMS INV pipeline failed. Check the failed parent/child activity run details.,2026-08-19T21:53:13.467Z,2026-08-19T22:54:29.012Z,3676,2026-08-19T22:54:29.012Z,B73,Montgomery,2caac1da-4db4-431b-998d-21dc6fd03dce,SAMMS-Montgomery
202608192252095357,202608192152668069,202608192152666995,85,837,Bronze INV,br_AdmissionAssessmentDimensionOneDisorder,TASK_COMPLETE,FAILED,ERROR,339,339,1,SAMMS INV pipeline failed. Check the failed parent/child activity run details.,2026-08-19T21:53:13.467Z,2026-08-19T22:54:29.012Z,3676,2026-08-19T22:54:29.012Z,B75,Lawrence,2caac1da-4db4-431b-998d-21dc6fd03dce,SAMMS-LawrenceV6
202608192252095358,202608192152668070,202608192152666995,85,838,Bronze INV,br_AdmissionAssessmentDimensionOneDisorder,TASK_COMPLETE,FAILED,ERROR,53,53,1,SAMMS INV pipeline failed. Check the failed parent/child activity run details.,2026-08-19T21:53:13.467Z,2026-08-19T22:54:29.012Z,3676,2026-08-19T22:54:29.012Z,B76,Huntsville OBOT,2caac1da-4db4-431b-998d-21dc6fd03dce,SAMMS-Huntsville-OBOT
202608192252095359,202608192152668071,202608192152666995,85,839,Bronze INV,br_AdmissionAssessmentDimensionOneDisorder,TASK_COMPLETE,FAILED,ERROR,299,299,1,SAMMS INV pipeline failed. Check the failed parent/child activity run details.,2026-08-19T21:53:13.467Z,2026-08-19T22:54:29.012Z,3676,2026-08-19T22:54:29.012Z,BAT,Batesville,2caac1da-4db4-431b-998d-21dc6fd03dce,SAMMS-Batesville
202608192252095360,202608192152668072,202608192152666995,85,840,Bronze INV,br_AdmissionAssessmentDimensionOneDisorder,TASK_COMPLETE,FAILED,ERROR,245,245,1,SAMMS INV pipeline failed. Check the failed parent/child activity run details.,2026-08-19T21:53:13.467Z,2026-08-19T22:54:29.012Z,3676,2026-08-19T22:54:29.012Z,BG,Bowling Green,2caac1da-4db4-431b-998d-21dc6fd03dce,SAMMS-BowlingGreen
202608192252095361,202608192152668073,202608192152666995,85,841,Bronze INV,br_AdmissionAssessmentDimensionOneDisorder,TASK_COMPLETE,FAILED,ERROR,232,232,1,SAMMS INV pipeline failed. Check the failed parent/child activity run details.,2026-08-19T21:53:13.467Z,2026-08-19T22:54:29.012Z,3676,2026-08-19T22:54:29.012Z,BOI,Boise,2caac1da-4db4-431b-998d-21dc6fd03dce,SAMMS-Boise
202608192252095362,202608192152668074,202608192152666995,85,848,Bronze INV,br_AdmissionAssessmentDimensionOneDisorder,TASK_COMPLETE,FAILED,ERROR,306,306,1,SAMMS INV pipeline failed. Check the failed parent/child activity run details.,2026-08-19T21:53:13.467Z,2026-08-19T22:54:29.012Z,3676,2026-08-19T22:54:29.012Z,CBCO,Coeur dAlene,2caac1da-4db4-431b-998d-21dc6fd03dce,SAMMS-CoeurdAleneV6
202608192252095363,202608192152668075,202608192152666995,85,867,Bronze INV,br_AdmissionAssessmentDimensionOneDisorder,TASK_COMPLETE,FAILED,ERROR,340,340,1,SAMMS INV pipeline failed. Check the failed parent/child activity run details.,2026-08-19T21:53:13.467Z,2026-08-19T22:54:29.012Z,3676,2026-08-19T22:54:29.012Z,CON,Conway,2caac1da-4db4-431b-998d-21dc6fd03dce,SAMMS-Conway
202608192252095364,202608192152668076,202608192152666995,85,868,Bronze INV,br_AdmissionAssessmentDimensionOneDisorder,TASK_COMPLETE,FAILED,ERROR,1628,1628,1,SAMMS INV pipeline failed. Check the failed parent/child activity run details.,2026-08-19T21:53:13.467Z,2026-08-19T22:54:29.012Z,3676,2026-08-19T22:54:29.012Z,D07,Medical Services Knox TN,2caac1da-4db4-431b-998d-21dc6fd03dce,SAMMS-KnoxvilleV6
202608192252095366,202608192152668077,202608192152666995,85,869,Bronze INV,br_AdmissionAssessmentDimensionOneDisorder,TASK_COMPLETE,FAILED,ERROR,1033,1033,1,SAMMS INV pipeline failed. Check the failed parent/child activity run details.,2026-08-19T21:53:13.467Z,2026-08-19T22:54:29.012Z,3676,2026-08-19T22:54:29.012Z,D08,Madison,2caac1da-4db4-431b-998d-21dc6fd03dce,SAMMS-MadisonV6
202608192252095367,202608192152668078,202608192152666995,85,871,Bronze INV,br_AdmissionAssessmentDimensionOneDisorder,TASK_COMPLETE,FAILED,ERROR,982,982,1,SAMMS INV pipeline failed. Check the failed parent/child activity run details.,2026-08-19T21:53:13.467Z,2026-08-19T22:54:29.012Z,3676,2026-08-19T22:54:29.012Z,D09,Murfreesboro,2caac1da-4db4-431b-998d-21dc6fd03dce,SAMMS-MurfreesboroV6
202608192252095368,202608192152668079,202608192152666995,85,872,Bronze INV,br_AdmissionAssessmentDimensionOneDisorder,TASK_COMPLETE,FAILED,ERROR,227,227,1,SAMMS INV pipeline failed. Check the failed parent/child activity run details.,2026-08-19T21:53:13.467Z,2026-08-19T22:54:29.012Z,3676,2026-08-19T22:54:29.012Z,DA,Davenport,2caac1da-4db4-431b-998d-21dc6fd03dce,SAMMS-Davenport
202608192252095369,202608192152668080,202608192152666995,85,873,Bronze INV,br_AdmissionAssessmentDimensionOneDisorder,TASK_COMPLETE,FAILED,ERROR,359,359,1,SAMMS INV pipeline failed. Check the failed parent/child activity run details.,2026-08-19T21:53:13.467Z,2026-08-19T22:54:29.012Z,3676,2026-08-19T22:54:29.012Z,DM,Des Moines,2caac1da-4db4-431b-998d-21dc6fd03dce,SAMMS-DesMoines
202608192252095370,202608192152668081,202608192152666995,85,875,Bronze INV,br_AdmissionAssessmentDimensionOneDisorder,TASK_COMPLETE,FAILED,ERROR,493,493,1,SAMMS INV pipeline failed. Check the failed parent/child activity run details.,2026-08-19T21:53:13.467Z,2026-08-19T22:54:29.012Z,3676,2026-08-19T22:54:29.012Z,DRD-CO,Columbia MO,2caac1da-4db4-431b-998d-21dc6fd03dce,SAMMS-ColumbiaV5
202608192252095371,202608192152668082,202608192152666995,85,876,Bronze INV,br_AdmissionAssessmentDimensionOneDisorder,TASK_COMPLETE,FAILED,ERROR,613,613,1,SAMMS INV pipeline failed. Check the failed parent/child activity run details.,2026-08-19T21:53:13.467Z,2026-08-19T22:54:29.012Z,3676,2026-08-19T22:54:29.012Z,DRD-KC,KC,2caac1da-4db4-431b-998d-21dc6fd03dce,SAMMS-KCv5
202608192252095818,202608192152668196,202608192152666995,85,1427,Bronze INV,br_AdmissionAssessmentDimensionTwo,TASK_COMPLETE,FAILED,ERROR,473,473,1,SAMMS INV pipeline failed. Check the failed parent/child activity run details.,2026-08-19T21:53:13.467Z,2026-08-19T22:54:29.012Z,3676,2026-08-19T22:54:29.012Z,DRD-CO,Columbia MO,2caac1da-4db4-431b-998d-21dc6fd03dce,SAMMS-ColumbiaV5
202608192252095819,202608192152668197,202608192152666995,85,1428,Bronze INV,br_AdmissionAssessmentDimensionTwo,TASK_COMPLETE,FAILED,ERROR,594,594,1,SAMMS INV pipeline failed. Check the failed parent/child activity run details.,2026-08-19T21:53:13.467Z,2026-08-19T22:54:29.012Z,3676,2026-08-19T22:54:29.012Z,DRD-KC,KC,2caac1da-4db4-431b-998d-21dc6fd03dce,SAMMS-KCv5
202608192252095820,202608192152668198,202608192152666995,85,1429,Bronze INV,br_AdmissionAssessmentDimensionTwo,TASK_COMPLETE,FAILED,ERROR,947,947,1,SAMMS INV pipeline failed. Check the failed parent/child activity run details.,2026-08-19T21:53:13.467Z,2026-08-19T22:54:29.012Z,3676,2026-08-19T22:54:29.012Z,DRD-KVB,KVB,2caac1da-4db4-431b-998d-21dc6fd03dce,SAMMS-KVBv5
202608192252095822,202608192152668199,202608192152666995,85,1430,Bronze INV,br_AdmissionAssessmentDimensionTwo,TASK_COMPLETE,FAILED,ERROR,1567,1567,1,SAMMS INV pipeline failed. Check the failed parent/child activity run details.,2026-08-19T21:53:13.467Z,2026-08-19T22:54:29.012Z,3676,2026-08-19T22:54:29.012Z,DRD-KVC,KVC,2caac1da-4db4-431b-998d-21dc6fd03dce,SAMMS-KVCv5
202608192252095823,202608192152668200,202608192152666995,85,1431,Bronze INV,br_AdmissionAssessmentDimensionTwo,TASK_COMPLETE,FAILED,ERROR,1254,1254,1,SAMMS INV pipeline failed. Check the failed parent/child activity run details.,2026-08-19T21:53:13.467Z,2026-08-19T22:54:29.012Z,3676,2026-08-19T22:54:29.012Z,DRD-NOLA,NOLA,2caac1da-4db4-431b-998d-21dc6fd03dce,SAMMS-NOLAv5
202608192252095824,202608192152668201,202608192152666995,85,1432,Bronze INV,br_AdmissionAssessmentDimensionTwo,TASK_COMPLETE,FAILED,ERROR,742,742,1,SAMMS INV pipeline failed. Check the failed parent/child activity run details.,2026-08-19T21:53:13.467Z,2026-08-19T22:54:29.012Z,3676,2026-08-19T22:54:29.012Z,DRD-SF,Springfield,2caac1da-4db4-431b-998d-21dc6fd03dce,SAMMS-SFv5
202608192252095825,202608192152668202,202608192152666995,85,1434,Bronze INV,br_AdmissionAssessmentDimensionTwo,TASK_COMPLETE,FAILED,ERROR,253,253,1,SAMMS INV pipeline failed. Check the failed parent/child activity run details.,2026-08-19T21:53:13.467Z,2026-08-19T22:54:29.012Z,3676,2026-08-19T22:54:29.012Z,ELC,Elizabeth City,2caac1da-4db4-431b-998d-21dc6fd03dce,SAMMS-ElizabethCity
202608192252095826,202608192152668203,202608192152666995,85,1435,Bronze INV,br_AdmissionAssessmentDimensionTwo,TASK_COMPLETE,FAILED,ERROR,264,264,1,SAMMS INV pipeline failed. Check the failed parent/child activity run details.,2026-08-19T21:53:13.467Z,2026-08-19T22:54:29.012Z,3676,2026-08-19T22:54:29.012Z,ET,Elizabethtown,2caac1da-4db4-431b-998d-21dc6fd03dce,SAMMS-Elizabethtown
202608192252095827,202608192152668204,202608192152666995,85,1436,Bronze INV,br_AdmissionAssessmentDimensionTwo,TASK_COMPLETE,FAILED,ERROR,226,226,1,SAMMS INV pipeline failed. Check the failed parent/child activity run details.,2026-08-19T21:53:13.467Z,2026-08-19T22:54:29.012Z,3676,2026-08-19T22:54:29.012Z,FAY,Fayetteville,2caac1da-4db4-431b-998d-21dc6fd03dce,SAMMS-Fayetteville
202608192252095828,202608192152668205,202608192152666995,85,1437,Bronze INV,br_AdmissionAssessmentDimensionTwo,TASK_COMPLETE,FAILED,ERROR,179,179,1,SAMMS INV pipeline failed. Check the failed parent/child activity run details.,2026-08-19T21:53:13.467Z,2026-08-19T22:54:29.012Z,3676,2026-08-19T22:54:29.012Z,FR,Frankfort,2caac1da-4db4-431b-998d-21dc6fd03dce,SAMMS-Frankfort
202608192252095829,202608192152668206,202608192152666995,85,1438,Bronze INV,br_AdmissionAssessmentDimensionTwo,TASK_COMPLETE,FAILED,ERROR,279,279,1,SAMMS INV pipeline failed. Check the failed parent/child activity run details.,2026-08-19T21:53:13.467Z,2026-08-19T22:54:29.012Z,3676,2026-08-19T22:54:29.012Z,FS,Fort Smith,2caac1da-4db4-431b-998d-21dc6fd03dce,SAMMS-FortSmith
202608192252095831,202608192152668207,202608192152666995,85,1439,Bronze INV,br_AdmissionAssessmentDimensionTwo,TASK_COMPLETE,FAILED,ERROR,678,678,1,SAMMS INV pipeline failed. Check the failed parent/child activity run details.,2026-08-19T21:53:13.467Z,2026-08-19T22:54:29.012Z,3676,2026-08-19T22:54:29.012Z,FW,Fort Wayne,2caac1da-4db4-431b-998d-21dc6fd03dce,SAMMS-FortWayne
202608192252095832,202608192152668208,202608192152666995,85,1440,Bronze INV,br_AdmissionAssessmentDimensionTwo,TASK_COMPLETE,FAILED,ERROR,105,105,1,SAMMS INV pipeline failed. Check the failed parent/child activity run details.,2026-08-19T21:53:13.467Z,2026-08-19T22:54:29.012Z,3676,2026-08-19T22:54:29.012Z,GAL,Gaylord,2caac1da-4db4-431b-998d-21dc6fd03dce,SAMMS-Gaylord
202608192252095833,202608192152668209,202608192152666995,85,1444,Bronze INV,br_AdmissionAssessmentDimensionTwo,TASK_COMPLETE,FAILED,ERROR,621,621,1,SAMMS INV pipeline failed. Check the failed parent/child activity run details.,2026-08-19T21:53:13.467Z,2026-08-19T22:54:29.012Z,3676,2026-08-19T22:54:29.012Z,HGT,Hagerstown,2caac1da-4db4-431b-998d-21dc6fd03dce,SAMMS-Hagerstown
202608192252095834,202608192152668210,202608192152666995,85,1445,Bronze INV,br_AdmissionAssessmentDimensionTwo,TASK_COMPLETE,FAILED,ERROR,469,469,1,SAMMS INV pipeline failed. Check the failed parent/child activity run details.,2026-08-19T21:53:13.467Z,2026-08-19T22:54:29.012Z,3676,2026-08-19T22:54:29.012Z,HNT,Huntsville,2caac1da-4db4-431b-998d-21dc6fd03dce,SAMMS-Huntsville
202608192252095835,202608192152668211,202608192152666995,85,1446,Bronze INV,br_AdmissionAssessmentDimensionTwo,TASK_COMPLETE,FAILED,ERROR,306,306,1,SAMMS INV pipeline failed. Check the failed parent/child activity run details.,2026-08-19T21:53:13.467Z,2026-08-19T22:54:29.012Z,3676,2026-08-19T22:54:29.012Z,HS,Hot Springs,2caac1da-4db4-431b-998d-21dc6fd03dce,SAMMS-HotSprings
202608192252095836,202608192152668212,202608192152666995,85,1447,Bronze INV,br_AdmissionAssessmentDimensionTwo,TASK_COMPLETE,FAILED,ERROR,267,267,1,SAMMS INV pipeline failed. Check the failed parent/child activity run details.,2026-08-19T21:53:13.467Z,2026-08-19T22:54:29.012Z,3676,2026-08-19T22:54:29.012Z,JON,Jonesboro,2caac1da-4db4-431b-998d-21dc6fd03dce,SAMMS-Jonesboro
202608192252095837,202608192152668213,202608192152666995,85,1449,Bronze INV,br_AdmissionAssessmentDimensionTwo,TASK_COMPLETE,FAILED,ERROR,153,153,1,SAMMS INV pipeline failed. Check the failed parent/child activity run details.,2026-08-19T21:53:13.467Z,2026-08-19T22:54:29.012Z,3676,2026-08-19T22:54:29.012Z,LAN,Lansing,2caac1da-4db4-431b-998d-21dc6fd03dce,SAMMS-Lansing
202608192252095838,202608192152668214,202608192152666995,85,1450,Bronze INV,br_AdmissionAssessmentDimensionTwo,TASK_COMPLETE,FAILED,ERROR,429,429,1,SAMMS INV pipeline failed. Check the failed parent/child activity run details.,2026-08-19T21:53:13.467Z,2026-08-19T22:54:29.012Z,3676,2026-08-19T22:54:29.012Z,LO,Louisville,2caac1da-4db4-431b-998d-21dc6fd03dce,SAMMS-Louisville
202608192252095839,202608192152668215,202608192152666995,85,1451,Bronze INV,br_AdmissionAssessmentDimensionTwo,TASK_COMPLETE,FAILED,ERROR,1170,1170,1,SAMMS INV pipeline failed. Check the failed parent/child activity run details.,2026-08-19T21:53:13.467Z,2026-08-19T22:54:29.012Z,3676,2026-08-19T22:54:29.012Z,LV1,Cheyenne,2caac1da-4db4-431b-998d-21dc6fd03dce,SAMMS-Cheyenne
202608192252095841,202608192152668216,202608192152666995,85,1452,Bronze INV,br_AdmissionAssessmentDimensionTwo,TASK_COMPLETE,FAILED,ERROR,944,944,1,SAMMS INV pipeline failed. Check the failed parent/child activity run details.,2026-08-19T21:53:13.467Z,2026-08-19T22:54:29.012Z,3676,2026-08-19T22:54:29.012Z,LV2,Desert Inn,2caac1da-4db4-431b-998d-21dc6fd03dce,SAMMS-DesertInn
202608192252095842,202608192152668217,202608192152666995,85,1453,Bronze INV,br_AdmissionAssessmentDimensionTwo,TASK_COMPLETE,FAILED,ERROR,311,311,1,SAMMS INV pipeline failed. Check the failed parent/child activity run details.,2026-08-19T21:53:13.467Z,2026-08-19T22:54:29.012Z,3676,2026-08-19T22:54:29.012Z,LV3,McDaniel,2caac1da-4db4-431b-998d-21dc6fd03dce,SAMMS-McDaniel
202608192252095843,202608192152668218,202608192152666995,85,1456,Bronze INV,br_AdmissionAssessmentDimensionTwo,TASK_COMPLETE,FAILED,ERROR,271,271,1,SAMMS INV pipeline failed. Check the failed parent/child activity run details.,2026-08-19T21:53:13.467Z,2026-08-19T22:54:29.012Z,3676,2026-08-19T22:54:29.012Z,MNRE,Monroe,2caac1da-4db4-431b-998d-21dc6fd03dce,SAMMS-Monroe
202608192252095844,202608192152668219,202608192152666995,85,1457,Bronze INV,br_AdmissionAssessmentDimensionTwo,TASK_COMPLETE,FAILED,ERROR,0,0,1,SAMMS INV pipeline failed. Check the failed parent/child activity run details.,2026-08-19T21:53:13.467Z,2026-08-19T22:54:29.012Z,3676,2026-08-19T22:54:29.012Z,MP,Mt. Pleasant,2caac1da-4db4-431b-998d-21dc6fd03dce,SAMMS-MtPleasant
202608192252095845,202608192152668220,202608192152666995,85,1458,Bronze INV,br_AdmissionAssessmentDimensionTwo,TASK_COMPLETE,FAILED,ERROR,169,169,1,SAMMS INV pipeline failed. Check the failed parent/child activity run details.,2026-08-19T21:53:13.467Z,2026-08-19T22:54:29.012Z,3676,2026-08-19T22:54:29.012Z,MRD,Meridian,2caac1da-4db4-431b-998d-21dc6fd03dce,SAMMS-Meridian
202608192252095846,202608192152668221,202608192152666995,85,1463,Bronze INV,br_AdmissionAssessmentDimensionTwo,TASK_COMPLETE,FAILED,ERROR,629,629,1,SAMMS INV pipeline failed. Check the failed parent/child activity run details.,2026-08-19T21:53:13.467Z,2026-08-19T22:54:29.012Z,3676,2026-08-19T22:54:29.012Z,NC,North Charleston,2caac1da-4db4-431b-998d-21dc6fd03dce,SAMMS-NorthCharleston
202608192252095847,202608192152668222,202608192152666995,85,1464,Bronze INV,br_AdmissionAssessmentDimensionTwo,TASK_COMPLETE,FAILED,ERROR,561,561,1,SAMMS INV pipeline failed. Check the failed parent/child activity run details.,2026-08-19T21:53:13.467Z,2026-08-19T22:54:29.012Z,3676,2026-08-19T22:54:29.012Z,NLR,N. Little Rock,2caac1da-4db4-431b-998d-21dc6fd03dce,SAMMS-NLROBOT
202608192252095848,202608192152668223,202608192152666995,85,1465,Bronze INV,br_AdmissionAssessmentDimensionTwo,TASK_COMPLETE,FAILED,ERROR,238,238,1,SAMMS INV pipeline failed. Check the failed parent/child activity run details.,2026-08-19T21:53:13.467Z,2026-08-19T22:54:29.012Z,3676,2026-08-19T22:54:29.012Z,PH,Phoenix,2caac1da-4db4-431b-998d-21dc6fd03dce,SAMMS-Phoenix
202608192252095849,202608192152668224,202608192152666995,85,1469,Bronze INV,br_AdmissionAssessmentDimensionTwo,TASK_COMPLETE,FAILED,ERROR,409,409,1,SAMMS INV pipeline failed. Check the failed parent/child activity run details.,2026-08-19T21:53:13.467Z,2026-08-19T22:54:29.012Z,3676,2026-08-19T22:54:29.012Z,RE,Reno,2caac1da-4db4-431b-998d-21dc6fd03dce,SAMMS-Reno
202608192252095851,202608192152668225,202608192152666995,85,1470,Bronze INV,br_AdmissionAssessmentDimensionTwo,TASK_COMPLETE,FAILED,ERROR,392,392,1,SAMMS INV pipeline failed. Check the failed parent/child activity run details.,2026-08-19T21:53:13.467Z,2026-08-19T22:54:29.012Z,3676,2026-08-19T22:54:29.012Z,RMD,Richmond,2caac1da-4db4-431b-998d-21dc6fd03dce,SAMMS-Richmond
202608192252095852,202608192152668226,202608192152666995,85,1471,Bronze INV,br_AdmissionAssessmentDimensionTwo,TASK_COMPLETE,FAILED,ERROR,481,481,1,SAMMS INV pipeline failed. Check the failed parent/child activity run details.,2026-08-19T21:53:13.467Z,2026-08-19T22:54:29.012Z,3676,2026-08-19T22:54:29.012Z,SFN,Springfield North,2caac1da-4db4-431b-998d-21dc6fd03dce,SAMMS-SFNv5
202608192252095853,202608192152668227,202608192152666995,85,1472,Bronze INV,br_AdmissionAssessmentDimensionTwo,TASK_COMPLETE,FAILED,ERROR,447,447,1,SAMMS INV pipeline failed. Check the failed parent/child activity run details.,2026-08-19T21:53:13.467Z,2026-08-19T22:54:29.012Z,3676,2026-08-19T22:54:29.012Z,SHP,Shreveport,2caac1da-4db4-431b-998d-21dc6fd03dce,SAMMS-Shreveport
202608192252095854,202608192152668228,202608192152666995,85,1474,Bronze INV,br_AdmissionAssessmentDimensionTwo,TASK_COMPLETE,FAILED,ERROR,82,82,1,SAMMS INV pipeline failed. Check the failed parent/child activity run details.,2026-08-19T21:53:13.467Z,2026-08-19T22:54:29.012Z,3676,2026-08-19T22:54:29.012Z,STN,Staunton,2caac1da-4db4-431b-998d-21dc6fd03dce,SAMMS-Staunton
202608192252095855,202608192152668229,202608192152666995,85,1475,Bronze INV,br_AdmissionAssessmentDimensionTwo,TASK_COMPLETE,FAILED,ERROR,0,0,1,SAMMS INV pipeline failed. Check the failed parent/child activity run details.,2026-08-19T21:53:13.467Z,2026-08-19T22:54:29.012Z,3676,2026-08-19T22:54:29.012Z,STVN,Stevenson,2caac1da-4db4-431b-998d-21dc6fd03dce,SAMMS-Stevenson
202608192252095856,202608192152668230,202608192152666995,85,1477,Bronze INV,br_AdmissionAssessmentDimensionTwo,TASK_COMPLETE,FAILED,ERROR,71,71,1,SAMMS INV pipeline failed. Check the failed parent/child activity run details.,2026-08-19T21:53:13.467Z,2026-08-19T22:54:29.012Z,3676,2026-08-19T22:54:29.012Z,TE,Tempe,2caac1da-4db4-431b-998d-21dc6fd03dce,SAMMS-Tempe
202608192252095857,202608192152668231,202608192152666995,85,1478,Bronze INV,br_AdmissionAssessmentDimensionTwo,TASK_COMPLETE,FAILED,ERROR,360,360,1,SAMMS INV pipeline failed. Check the failed parent/child activity run details.,2026-08-19T21:53:13.467Z,2026-08-19T22:54:29.012Z,3676,2026-08-19T22:54:29.012Z,TEX,Texarkana,2caac1da-4db4-431b-998d-21dc6fd03dce,SAMMS-Texarkana
202608192252095858,202608192152668232,202608192152666995,85,1479,Bronze INV,br_AdmissionAssessmentDimensionTwo,TASK_COMPLETE,FAILED,ERROR,426,426,1,SAMMS INV pipeline failed. Check the failed parent/child activity run details.,2026-08-19T21:53:13.467Z,2026-08-19T22:54:29.012Z,3676,2026-08-19T22:54:29.012Z,TTCA,Bessemer,2caac1da-4db4-431b-998d-21dc6fd03dce,SAMMS-BessemerV5
202608192252095859,202608192152668233,202608192152666995,85,1480,Bronze INV,br_AdmissionAssessmentDimensionTwo,TASK_COMPLETE,FAILED,ERROR,544,544,1,SAMMS INV pipeline failed. Check the failed parent/child activity run details.,2026-08-19T21:53:13.467Z,2026-08-19T22:54:29.012Z,3676,2026-08-19T22:54:29.012Z,TTCB,Cullman,2caac1da-4db4-431b-998d-21dc6fd03dce,SAMMS-CullmanV5
202608192252095860,202608192152668234,202608192152666995,85,1481,Bronze INV,br_AdmissionAssessmentDimensionTwo,TASK_COMPLETE,FAILED,ERROR,317,317,1,SAMMS INV pipeline failed. Check the failed parent/child activity run details.,2026-08-19T21:53:13.467Z,2026-08-19T22:54:29.012Z,3676,2026-08-19T22:54:29.012Z,TTCC,Grand Bay,2caac1da-4db4-431b-998d-21dc6fd03dce,SAMMS-GrandBay
202608192252095862,202608192152668235,202608192152666995,85,1482,Bronze INV,br_AdmissionAssessmentDimensionTwo,TASK_COMPLETE,FAILED,ERROR,22,22,1,SAMMS INV pipeline failed. Check the failed parent/child activity run details.,2026-08-19T21:53:13.467Z,2026-08-19T22:54:29.012Z,3676,2026-08-19T22:54:29.012Z,TU,Tucson,2caac1da-4db4-431b-998d-21dc6fd03dce,SAMMS-Tucson
202608192252095863,202608192152668236,202608192152666995,85,1484,Bronze INV,br_AdmissionAssessmentDimensionTwo,TASK_COMPLETE,FAILED,ERROR,251,251,1,SAMMS INV pipeline failed. Check the failed parent/child activity run details.,2026-08-19T21:53:13.467Z,2026-08-19T22:54:29.012Z,3676,2026-08-19T22:54:29.012Z,V1,Memphis South,2caac1da-4db4-431b-998d-21dc6fd03dce,SAMMS-VCPHCS-I-MemphisV5
202608192252095864,202608192152668237,202608192152666995,85,1485,Bronze INV,br_AdmissionAssessmentDimensionTwo,TASK_COMPLETE,FAILED,ERROR,694,694,1,SAMMS INV pipeline failed. Check the failed parent/child activity run details.,2026-08-19T21:53:13.467Z,2026-08-19T22:54:29.012Z,3676,2026-08-19T22:54:29.012Z,V10,Longmont,2caac1da-4db4-431b-998d-21dc6fd03dce,SAMMS-BoulderV5
202608192252095865,202608192152668238,202608192152666995,85,1486,Bronze INV,br_AdmissionAssessmentDimensionTwo,TASK_COMPLETE,FAILED,ERROR,1184,1184,1,SAMMS INV pipeline failed. Check the failed parent/child activity run details.,2026-08-19T21:53:13.467Z,2026-08-19T22:54:29.012Z,3676,2026-08-19T22:54:29.012Z,V10A,Fort Collins,2caac1da-4db4-431b-998d-21dc6fd03dce,SAMMS-FortCollinsV5
202608192252095866,202608192152668239,202608192152666995,85,1487,Bronze INV,br_AdmissionAssessmentDimensionTwo,TASK_COMPLETE,FAILED,ERROR,0,0,1,SAMMS INV pipeline failed. Check the failed parent/child activity run details.,2026-08-19T21:53:13.467Z,2026-08-19T22:54:29.012Z,3676,2026-08-19T22:54:29.012Z,V11,Westminster,2caac1da-4db4-431b-998d-21dc6fd03dce,SAMMS-VCPHCS-XI-NorthDenverV5
202608192252095867,202608192152668240,202608192152666995,85,1488,Bronze INV,br_AdmissionAssessmentDimensionTwo,TASK_COMPLETE,FAILED,ERROR,1067,1067,1,SAMMS INV pipeline failed. Check the failed parent/child activity run details.,2026-08-19T21:53:13.467Z,2026-08-19T22:54:29.012Z,3676,2026-08-19T22:54:29.012Z,V12,Downtown Denver,2caac1da-4db4-431b-998d-21dc6fd03dce,SAMMS-VCPHCS-XII-DowntownDenverV5
202608192252095868,202608192152668241,202608192152666995,85,1489,Bronze INV,br_AdmissionAssessmentDimensionTwo,TASK_COMPLETE,FAILED,ERROR,479,479,1,SAMMS INV pipeline failed. Check the failed parent/child activity run details.,2026-08-19T21:53:13.467Z,2026-08-19T22:54:29.012Z,3676,2026-08-19T22:54:29.012Z,V12A,Centennial,2caac1da-4db4-431b-998d-21dc6fd03dce,SAMMS-CentennialV5
202608192252095870,202608192152668242,202608192152666995,85,1490,Bronze INV,br_AdmissionAssessmentDimensionTwo,TASK_COMPLETE,FAILED,ERROR,294,294,1,SAMMS INV pipeline failed. Check the failed parent/child activity run details.,2026-08-19T21:53:13.467Z,2026-08-19T22:54:29.012Z,3676,2026-08-19T22:54:29.012Z,V14,Overland Park,2caac1da-4db4-431b-998d-21dc6fd03dce,SAMMS-VCPHCS-XIV-BridgewayV5
202608192252095871,202608192152668243,202608192152666995,85,1491,Bronze INV,br_AdmissionAssessmentDimensionTwo,TASK_COMPLETE,FAILED,ERROR,560,560,1,SAMMS INV pipeline failed. Check the failed parent/child activity run details.,2026-08-19T21:53:13.467Z,2026-08-19T22:54:29.012Z,3676,2026-08-19T22:54:29.012Z,V15,Joplin,2caac1da-4db4-431b-998d-21dc6fd03dce,SAMMS-JoplinV5
202608192252095872,202608192152668244,202608192152666995,85,1493,Bronze INV,br_AdmissionAssessmentDimensionTwo,TASK_COMPLETE,FAILED,ERROR,472,472,1,SAMMS INV pipeline failed. Check the failed parent/child activity run details.,2026-08-19T21:53:13.467Z,2026-08-19T22:54:29.012Z,3676,2026-08-19T22:54:29.012Z,V17,Columbia TN,2caac1da-4db4-431b-998d-21dc6fd03dce,SAMMS-ColumbiaTNv5
202608192252095873,202608192152668245,202608192152666995,85,1495,Bronze INV,br_AdmissionAssessmentDimensionTwo,TASK_COMPLETE,FAILED,ERROR,0,0,1,SAMMS INV pipeline failed. Check the failed parent/child activity run details.,2026-08-19T21:53:13.467Z,2026-08-19T22:54:29.012Z,3676,2026-08-19T22:54:29.012Z,V19,Jackson,2caac1da-4db4-431b-998d-21dc6fd03dce,SAMMS-JacksonV5
202608192252095874,202608192152668246,202608192152666995,85,1497,Bronze INV,br_AdmissionAssessmentDimensionTwo,TASK_COMPLETE,FAILED,ERROR,486,486,1,SAMMS INV pipeline failed. Check the failed parent/child activity run details.,2026-08-19T21:53:13.467Z,2026-08-19T22:54:29.012Z,3676,2026-08-19T22:54:29.012Z,V20,Paris,2caac1da-4db4-431b-998d-21dc6fd03dce,SAMMS-ParisV5
202608192252095875,202608192152668247,202608192152666995,85,1498,Bronze INV,br_AdmissionAssessmentDimensionTwo,TASK_COMPLETE,FAILED,ERROR,354,354,1,SAMMS INV pipeline failed. Check the failed parent/child activity run details.,2026-08-19T21:53:13.467Z,2026-08-19T22:54:29.012Z,3676,2026-08-19T22:54:29.012Z,V21,Memphis North,2caac1da-4db4-431b-998d-21dc6fd03dce,SAMMS-RaleighV5
202608192252095876,202608192152668248,202608192152666995,85,1501,Bronze INV,br_AdmissionAssessmentDimensionTwo,TASK_COMPLETE,FAILED,ERROR,706,706,1,SAMMS INV pipeline failed. Check the failed parent/child activity run details.,2026-08-19T21:53:13.467Z,2026-08-19T22:54:29.012Z,3676,2026-08-19T22:54:29.012Z,V5,West Bank,2caac1da-4db4-431b-998d-21dc6fd03dce,SAMMS-NONTCv5
202608192252095877,202608192152668249,202608192152666995,85,1503,Bronze INV,br_AdmissionAssessmentDimensionTwo,TASK_COMPLETE,FAILED,ERROR,0,0,1,SAMMS INV pipeline failed. Check the failed parent/child activity run details.,2026-08-19T21:53:13.467Z,2026-08-19T22:54:29.012Z,3676,2026-08-19T22:54:29.012Z,V5B,Houma,2caac1da-4db4-431b-998d-21dc6fd03dce,SAMMS-HoumaV6
202608192252095878,202608192152668250,202608192152666995,85,1504,Bronze INV,br_AdmissionAssessmentDimensionTwo,TASK_COMPLETE,FAILED,ERROR,959,959,1,SAMMS INV pipeline failed. Check the failed parent/child activity run details.,2026-08-19T21:53:13.467Z,2026-08-19T22:54:29.012Z,3676,2026-08-19T22:54:29.012Z,V6,Lake Charles,2caac1da-4db4-431b-998d-21dc6fd03dce,SAMMS-LCv5
202608192252095879,202608192152668251,202608192152666995,85,1506,Bronze INV,br_AdmissionAssessmentDimensionTwo,TASK_COMPLETE,FAILED,ERROR,567,567,1,SAMMS INV pipeline failed. Check the failed parent/child activity run details.,2026-08-19T21:53:13.467Z,2026-08-19T22:54:29.012Z,3676,2026-08-19T22:54:29.012Z,V8,Memphis Midtown,2caac1da-4db4-431b-998d-21dc6fd03dce,SAMMS-VCPHCS-VIII-MemphisV5
202608192252095881,202608192152668252,202608192152666995,85,1507,Bronze INV,br_AdmissionAssessmentDimensionTwo,TASK_COMPLETE,FAILED,ERROR,1575,1575,1,SAMMS INV pipeline failed. Check the failed parent/child activity run details.,2026-08-19T21:53:13.467Z,2026-08-19T22:54:29.012Z,3676,2026-08-19T22:54:29.012Z,V9,Nashville,2caac1da-4db4-431b-998d-21dc6fd03dce,SAMMS-NashvilleV5
202608192252095882,202608192152668253,202608192152666995,85,1508,Bronze INV,br_AdmissionAssessmentDimensionTwo,TASK_COMPLETE,FAILED,ERROR,332,332,1,SAMMS INV pipeline failed. Check the failed parent/child activity run details.,2026-08-19T21:53:13.467Z,2026-08-19T22:54:29.012Z,3676,2026-08-19T22:54:29.012Z,VBRA,Brainerd,2caac1da-4db4-431b-998d-21dc6fd03dce,SAMMS-BrainerdV6
202608192252095883,202608192152668254,202608192152666995,85,1509,Bronze INV,br_AdmissionAssessmentDimensionTwo,TASK_COMPLETE,FAILED,ERROR,598,598,1,SAMMS INV pipeline failed. Check the failed parent/child activity run details.,2026-08-19T21:53:13.467Z,2026-08-19T22:54:29.012Z,3676,2026-08-19T22:54:29.012Z,VBRP,Brooklyn Park,2caac1da-4db4-431b-998d-21dc6fd03dce,SAMMS-BrooklynParkV6
202608192252095884,202608192152668255,202608192152666995,85,1511,Bronze INV,br_AdmissionAssessmentDimensionTwo,TASK_COMPLETE,FAILED,ERROR,0,0,1,SAMMS INV pipeline failed. Check the failed parent/child activity run details.,2026-08-19T21:53:13.467Z,2026-08-19T22:54:29.012Z,3676,2026-08-19T22:54:29.012Z,VMIN,Minneapolis,2caac1da-4db4-431b-998d-21dc6fd03dce,SAMMS-MinneapolisV6
202608192252095885,202608192152668256,202608192152666995,85,1512,Bronze INV,br_AdmissionAssessmentDimensionTwo,TASK_COMPLETE,FAILED,ERROR,1075,1075,1,SAMMS INV pipeline failed. Check the failed parent/child activity run details.,2026-08-19T21:53:13.467Z,2026-08-19T22:54:29.012Z,3676,2026-08-19T22:54:29.012Z,VWBY,Woodbury,2caac1da-4db4-431b-998d-21dc6fd03dce,SAMMS-WoodburyV6
202608192252095886,202608192152668257,202608192152666995,85,1514,Bronze INV,br_AdmissionAssessmentDimensionTwo,TASK_COMPLETE,FAILED,ERROR,427,427,1,SAMMS INV pipeline failed. Check the failed parent/child activity run details.,2026-08-19T21:53:13.467Z,2026-08-19T22:54:29.012Z,3676,2026-08-19T22:54:29.012Z,WIL,Wilson,2caac1da-4db4-431b-998d-21dc6fd03dce,SAMMS-Wilson
202608192252095988,202608192152766998,202608192152766995,86,5722,Silver INV,sl_AdmissionAssessmentDimensionTwo,TASK_COMPLETE,SUCCESS,INFO,48733,48733,0,,2026-08-19T21:53:13.467Z,2026-08-19T22:54:29.012Z,3676,2026-08-19T22:54:29.012Z,,,2caac1da-4db4-431b-998d-21dc6fd03dce,
202608192252095904,202608192152667913,202608192152666995,85,1518,Bronze INV,br_AdmissionAssessmentSummary,TASK_COMPLETE,FAILED,ERROR,117,117,1,SAMMS INV pipeline failed. Check the failed parent/child activity run details.,2026-08-19T21:53:13.467Z,2026-08-19T22:54:29.012Z,3676,2026-08-19T22:54:29.012Z,AHK,Ahoskie,2caac1da-4db4-431b-998d-21dc6fd03dce,SAMMS-Ahoskie
202608192252095905,202608192152667914,202608192152666995,85,1519,Bronze INV,br_AdmissionAssessmentSummary,TASK_COMPLETE,FAILED,ERROR,800,800,1,SAMMS INV pipeline failed. Check the failed parent/child activity run details.,2026-08-19T21:53:13.467Z,2026-08-19T22:54:29.012Z,3676,2026-08-19T22:54:29.012Z,B12B,Colorado Springs,2caac1da-4db4-431b-998d-21dc6fd03dce,SAMMS-ColoradoSpringsV5
202608192252095906,202608192152667915,202608192152666995,85,1520,Bronze INV,br_AdmissionAssessmentSummary,TASK_COMPLETE,FAILED,ERROR,435,435,1,SAMMS INV pipeline failed. Check the failed parent/child activity run details.,2026-08-19T21:53:13.467Z,2026-08-19T22:54:29.012Z,3676,2026-08-19T22:54:29.012Z,B24,Paintsville,2caac1da-4db4-431b-998d-21dc6fd03dce,SAMMS-PaintsvilleV5
202608192252095907,202608192152667916,202608192152666995,85,1521,Bronze INV,br_AdmissionAssessmentSummary,TASK_COMPLETE,FAILED,ERROR,174,174,1,SAMMS INV pipeline failed. Check the failed parent/child activity run details.,2026-08-19T21:53:13.467Z,2026-08-19T22:54:29.012Z,3676,2026-08-19T22:54:29.012Z,B25,Pikeville,2caac1da-4db4-431b-998d-21dc6fd03dce,SAMMS-PikevilleV5
202608192252095908,202608192152667917,202608192152666995,85,1522,Bronze INV,br_AdmissionAssessmentSummary,TASK_COMPLETE,FAILED,ERROR,501,501,1,SAMMS INV pipeline failed. Check the failed parent/child activity run details.,2026-08-19T21:53:13.467Z,2026-08-19T22:54:29.012Z,3676,2026-08-19T22:54:29.012Z,B26,Hazard,2caac1da-4db4-431b-998d-21dc6fd03dce,SAMMS-HazardV5
202608192252095909,202608192152667918,202608192152666995,85,1523,Bronze INV,br_AdmissionAssessmentSummary,TASK_COMPLETE,FAILED,ERROR,198,198,1,SAMMS INV pipeline failed. Check the failed parent/child activity run details.,2026-08-19T21:53:13.467Z,2026-08-19T22:54:29.012Z,3676,2026-08-19T22:54:29.012Z,B27,Savannah,2caac1da-4db4-431b-998d-21dc6fd03dce,SAMMS-SavannahV6
202608192252095910,202608192152667919,202608192152666995,85,1524,Bronze INV,br_AdmissionAssessmentSummary,TASK_COMPLETE,FAILED,ERROR,236,236,1,SAMMS INV pipeline failed. Check the failed parent/child activity run details.,2026-08-19T21:53:13.467Z,2026-08-19T22:54:29.012Z,3676,2026-08-19T22:54:29.012Z,B28,West Plains,2caac1da-4db4-431b-998d-21dc6fd03dce,SAMMS-WestPlainesV5
202608192252095912,202608192152667920,202608192152666995,85,1525,Bronze INV,br_AdmissionAssessmentSummary,TASK_COMPLETE,FAILED,ERROR,260,260,1,SAMMS INV pipeline failed. Check the failed parent/child activity run details.,2026-08-19T21:53:13.467Z,2026-08-19T22:54:29.012Z,3676,2026-08-19T22:54:29.012Z,B29,Poplar Bluff,2caac1da-4db4-431b-998d-21dc6fd03dce,SAMMS-PoplarBluffV5
202608192252095913,202608192152667921,202608192152666995,85,1526,Bronze INV,br_AdmissionAssessmentSummary,TASK_COMPLETE,FAILED,ERROR,163,163,1,SAMMS INV pipeline failed. Check the failed parent/child activity run details.,2026-08-19T21:53:13.467Z,2026-08-19T22:54:29.012Z,3676,2026-08-19T22:54:29.012Z,B30,KC North,2caac1da-4db4-431b-998d-21dc6fd03dce,SAMMS-KCNv5
202608192252095914,202608192152667922,202608192152666995,85,1527,Bronze INV,br_AdmissionAssessmentSummary,TASK_COMPLETE,FAILED,ERROR,382,382,1,SAMMS INV pipeline failed. Check the failed parent/child activity run details.,2026-08-19T21:53:13.467Z,2026-08-19T22:54:29.012Z,3676,2026-08-19T22:54:29.012Z,B31,Dyersburg,2caac1da-4db4-431b-998d-21dc6fd03dce,SAMMS-DyersburgV5
202608192252095915,202608192152667923,202608192152666995,85,1529,Bronze INV,br_AdmissionAssessmentSummary,TASK_COMPLETE,FAILED,ERROR,217,217,1,SAMMS INV pipeline failed. Check the failed parent/child activity run details.,2026-08-19T21:53:13.467Z,2026-08-19T22:54:29.012Z,3676,2026-08-19T22:54:29.012Z,B33,Paducah,2caac1da-4db4-431b-998d-21dc6fd03dce,SAMMS-Paducah
202608192252095916,202608192152667924,202608192152666995,85,1530,Bronze INV,br_AdmissionAssessmentSummary,TASK_COMPLETE,FAILED,ERROR,461,461,1,SAMMS INV pipeline failed. Check the failed parent/child activity run details.,2026-08-19T21:53:13.467Z,2026-08-19T22:54:29.012Z,3676,2026-08-19T22:54:29.012Z,B34,Corbin,2caac1da-4db4-431b-998d-21dc6fd03dce,SAMMS-CorbinV5
202608192252095917,202608192152667925,202608192152666995,85,1531,Bronze INV,br_AdmissionAssessmentSummary,TASK_COMPLETE,FAILED,ERROR,738,738,1,SAMMS INV pipeline failed. Check the failed parent/child activity run details.,2026-08-19T21:53:13.467Z,2026-08-19T22:54:29.012Z,3676,2026-08-19T22:54:29.012Z,B35,Lexington,2caac1da-4db4-431b-998d-21dc6fd03dce,SAMMS-LexingtonV5
202608192252095918,202608192152667926,202608192152666995,85,1532,Bronze INV,br_AdmissionAssessmentSummary,TASK_COMPLETE,FAILED,ERROR,358,358,1,SAMMS INV pipeline failed. Check the failed parent/child activity run details.,2026-08-19T21:53:13.467Z,2026-08-19T22:54:29.012Z,3676,2026-08-19T22:54:29.012Z,B35A,Berea,2caac1da-4db4-431b-998d-21dc6fd03dce,SAMMS-BereaV5
202608192252095919,202608192152667927,202608192152666995,85,1533,Bronze INV,br_AdmissionAssessmentSummary,TASK_COMPLETE,FAILED,ERROR,629,629,1,SAMMS INV pipeline failed. Check the failed parent/child activity run details.,2026-08-19T21:53:13.467Z,2026-08-19T22:54:29.012Z,3676,2026-08-19T22:54:29.012Z,B36,Asheville,2caac1da-4db4-431b-998d-21dc6fd03dce,SAMMS-AshevilleV5
202608192252095921,202608192152667928,202608192152666995,85,1534,Bronze INV,br_AdmissionAssessmentSummary,TASK_COMPLETE,FAILED,ERROR,469,469,1,SAMMS INV pipeline failed. Check the failed parent/child activity run details.,2026-08-19T21:53:13.467Z,2026-08-19T22:54:29.012Z,3676,2026-08-19T22:54:29.012Z,B37,Clyde,2caac1da-4db4-431b-998d-21dc6fd03dce,SAMMS-ClydeV5
202608192252095922,202608192152667929,202608192152666995,85,1535,Bronze INV,br_AdmissionAssessmentSummary,TASK_COMPLETE,FAILED,ERROR,641,641,1,SAMMS INV pipeline failed. Check the failed parent/child activity run details.,2026-08-19T21:53:13.467Z,2026-08-19T22:54:29.012Z,3676,2026-08-19T22:54:29.012Z,B38,Spartanburg,2caac1da-4db4-431b-998d-21dc6fd03dce,SAMMS-SpartanburgV5
202608192252095923,202608192152667930,202608192152666995,85,1536,Bronze INV,br_AdmissionAssessmentSummary,TASK_COMPLETE,FAILED,ERROR,492,492,1,SAMMS INV pipeline failed. Check the failed parent/child activity run details.,2026-08-19T21:53:13.467Z,2026-08-19T22:54:29.012Z,3676,2026-08-19T22:54:29.012Z,B39,Aiken,2caac1da-4db4-431b-998d-21dc6fd03dce,SAMMS-AikenV5
202608192252095924,202608192152667931,202608192152666995,85,1537,Bronze INV,br_AdmissionAssessmentSummary,TASK_COMPLETE,FAILED,ERROR,329,329,1,SAMMS INV pipeline failed. Check the failed parent/child activity run details.,2026-08-19T21:53:13.467Z,2026-08-19T22:54:29.012Z,3676,2026-08-19T22:54:29.012Z,B41,Chesapeake,2caac1da-4db4-431b-998d-21dc6fd03dce,SAMMS-ChesapeakeV5
202608192252095925,202608192152667932,202608192152666995,85,1538,Bronze INV,br_AdmissionAssessmentSummary,TASK_COMPLETE,FAILED,ERROR,568,568,1,SAMMS INV pipeline failed. Check the failed parent/child activity run details.,2026-08-19T21:53:13.467Z,2026-08-19T22:54:29.012Z,3676,2026-08-19T22:54:29.012Z,B42,Virginia Beach,2caac1da-4db4-431b-998d-21dc6fd03dce,SAMMS-VirginiaBeachV5
202608192252095926,202608192152667933,202608192152666995,85,1539,Bronze INV,br_AdmissionAssessmentSummary,TASK_COMPLETE,FAILED,ERROR,175,175,1,SAMMS INV pipeline failed. Check the failed parent/child activity run details.,2026-08-19T21:53:13.467Z,2026-08-19T22:54:29.012Z,3676,2026-08-19T22:54:29.012Z,B42A,Newport News,2caac1da-4db4-431b-998d-21dc6fd03dce,SAMMS-NewportNewsV5
202608192252095927,202608192152667934,202608192152666995,85,1540,Bronze INV,br_AdmissionAssessmentSummary,TASK_COMPLETE,FAILED,ERROR,61,61,1,SAMMS INV pipeline failed. Check the failed parent/child activity run details.,2026-08-19T21:53:13.467Z,2026-08-19T22:54:29.012Z,3676,2026-08-19T22:54:29.012Z,B42B,Franklin,2caac1da-4db4-431b-998d-21dc6fd03dce,SAMMS-FranklinV5
202608192252095928,202608192152667935,202608192152666995,85,1541,Bronze INV,br_AdmissionAssessmentSummary,TASK_COMPLETE,FAILED,ERROR,352,352,1,SAMMS INV pipeline failed. Check the failed parent/child activity run details.,2026-08-19T21:53:13.467Z,2026-08-19T22:54:29.012Z,3676,2026-08-19T22:54:29.012Z,B42C,Glen Allen,2caac1da-4db4-431b-998d-21dc6fd03dce,SAMMS-GlenAllenV5
202608192252095929,202608192152667936,202608192152666995,85,1542,Bronze INV,br_AdmissionAssessmentSummary,TASK_COMPLETE,FAILED,ERROR,176,176,1,SAMMS INV pipeline failed. Check the failed parent/child activity run details.,2026-08-19T21:53:13.467Z,2026-08-19T22:54:29.012Z,3676,2026-08-19T22:54:29.012Z,B42D,Chesapeake South,2caac1da-4db4-431b-998d-21dc6fd03dce,SAMMS-ChesapeakeSouthV5
202608192252095930,202608192152667937,202608192152666995,85,1543,Bronze INV,br_AdmissionAssessmentSummary,TASK_COMPLETE,FAILED,ERROR,215,215,1,SAMMS INV pipeline failed. Check the failed parent/child activity run details.,2026-08-19T21:53:13.467Z,2026-08-19T22:54:29.012Z,3676,2026-08-19T22:54:29.012Z,B44,Albany,2caac1da-4db4-431b-998d-21dc6fd03dce,SAMMS-AlbanyV5
202608192252095932,202608192152667938,202608192152666995,85,1544,Bronze INV,br_AdmissionAssessmentSummary,TASK_COMPLETE,FAILED,ERROR,309,309,1,SAMMS INV pipeline failed. Check the failed parent/child activity run details.,2026-08-19T21:53:13.467Z,2026-08-19T22:54:29.012Z,3676,2026-08-19T22:54:29.012Z,B45,Tifton,2caac1da-4db4-431b-998d-21dc6fd03dce,SAMMS-TiftonV5
202608192252095933,202608192152667939,202608192152666995,85,1545,Bronze INV,br_AdmissionAssessmentSummary,TASK_COMPLETE,FAILED,ERROR,702,702,1,SAMMS INV pipeline failed. Check the failed parent/child activity run details.,2026-08-19T21:53:13.467Z,2026-08-19T22:54:29.012Z,3676,2026-08-19T22:54:29.012Z,B46,Washington DC,2caac1da-4db4-431b-998d-21dc6fd03dce,SAMMS-WashingtonDCv5
202608192252095934,202608192152667940,202608192152666995,85,1546,Bronze INV,br_AdmissionAssessmentSummary,TASK_COMPLETE,FAILED,ERROR,402,402,1,SAMMS INV pipeline failed. Check the failed parent/child activity run details.,2026-08-19T21:53:13.467Z,2026-08-19T22:54:29.012Z,3676,2026-08-19T22:54:29.012Z,B47,Mobile,2caac1da-4db4-431b-998d-21dc6fd03dce,SAMMS-MobileV5
202608192252095935,202608192152667941,202608192152666995,85,1547,Bronze INV,br_AdmissionAssessmentSummary,TASK_COMPLETE,FAILED,ERROR,474,474,1,SAMMS INV pipeline failed. Check the failed parent/child activity run details.,2026-08-19T21:53:13.467Z,2026-08-19T22:54:29.012Z,3676,2026-08-19T22:54:29.012Z,B48,Tuscaloosa,2caac1da-4db4-431b-998d-21dc6fd03dce,SAMMS-TuscaloosaV5
202608192252095936,202608192152667942,202608192152666995,85,1556,Bronze INV,br_AdmissionAssessmentSummary,TASK_COMPLETE,FAILED,ERROR,322,322,1,SAMMS INV pipeline failed. Check the failed parent/child activity run details.,2026-08-19T21:53:13.467Z,2026-08-19T22:54:29.012Z,3676,2026-08-19T22:54:29.012Z,B51,N. Little Rock (OTP),2caac1da-4db4-431b-998d-21dc6fd03dce,SAMMS-NorthLittleRockV6
202608192252095937,202608192152667943,202608192152666995,85,1557,Bronze INV,br_AdmissionAssessmentSummary,TASK_COMPLETE,FAILED,ERROR,165,165,1,SAMMS INV pipeline failed. Check the failed parent/child activity run details.,2026-08-19T21:53:13.467Z,2026-08-19T22:54:29.012Z,3676,2026-08-19T22:54:29.012Z,B52,Jackson GA,2caac1da-4db4-431b-998d-21dc6fd03dce,SAMMS-JacksonGAV5
202608192252095938,202608192152667944,202608192152666995,85,1558,Bronze INV,br_AdmissionAssessmentSummary,TASK_COMPLETE,FAILED,ERROR,506,506,1,SAMMS INV pipeline failed. Check the failed parent/child activity run details.,2026-08-19T21:53:13.467Z,2026-08-19T22:54:29.012Z,3676,2026-08-19T22:54:29.012Z,B54,Gadsden,2caac1da-4db4-431b-998d-21dc6fd03dce,SAMMS-GadsdenV5
202608192252095940,202608192152667945,202608192152666995,85,1559,Bronze INV,br_AdmissionAssessmentSummary,TASK_COMPLETE,FAILED,ERROR,518,518,1,SAMMS INV pipeline failed. Check the failed parent/child activity run details.,2026-08-19T21:53:13.467Z,2026-08-19T22:54:29.012Z,3676,2026-08-19T22:54:29.012Z,B55,Shoals,2caac1da-4db4-431b-998d-21dc6fd03dce,SAMMS-ShoalsV5
202608192252095941,202608192152667946,202608192152666995,85,1560,Bronze INV,br_AdmissionAssessmentSummary,TASK_COMPLETE,FAILED,ERROR,178,178,1,SAMMS INV pipeline failed. Check the failed parent/child activity run details.,2026-08-19T21:53:13.467Z,2026-08-19T22:54:29.012Z,3676,2026-08-19T22:54:29.012Z,B57,Pawtucket,2caac1da-4db4-431b-998d-21dc6fd03dce,SAMMS-Pawtucket
202608192252095942,202608192152667947,202608192152666995,85,1561,Bronze INV,br_AdmissionAssessmentSummary,TASK_COMPLETE,FAILED,ERROR,177,177,1,SAMMS INV pipeline failed. Check the failed parent/child activity run details.,2026-08-19T21:53:13.467Z,2026-08-19T22:54:29.012Z,3676,2026-08-19T22:54:29.012Z,B57A,Johnston,2caac1da-4db4-431b-998d-21dc6fd03dce,SAMMS-Johnston
202608192252095943,202608192152667948,202608192152666995,85,1562,Bronze INV,br_AdmissionAssessmentSummary,TASK_COMPLETE,FAILED,ERROR,98,98,1,SAMMS INV pipeline failed. Check the failed parent/child activity run details.,2026-08-19T21:53:13.467Z,2026-08-19T22:54:29.012Z,3676,2026-08-19T22:54:29.012Z,B57B,Middletown,2caac1da-4db4-431b-998d-21dc6fd03dce,SAMMS-Middletown
202608192252095944,202608192152667949,202608192152666995,85,1563,Bronze INV,br_AdmissionAssessmentSummary,TASK_COMPLETE,FAILED,ERROR,184,184,1,SAMMS INV pipeline failed. Check the failed parent/child activity run details.,2026-08-19T21:53:13.467Z,2026-08-19T22:54:29.012Z,3676,2026-08-19T22:54:29.012Z,B57C,Providence,2caac1da-4db4-431b-998d-21dc6fd03dce,SAMMS-Providence
202608192252095945,202608192152667950,202608192152666995,85,1564,Bronze INV,br_AdmissionAssessmentSummary,TASK_COMPLETE,FAILED,ERROR,263,263,1,SAMMS INV pipeline failed. Check the failed parent/child activity run details.,2026-08-19T21:53:13.467Z,2026-08-19T22:54:29.012Z,3676,2026-08-19T22:54:29.012Z,B57D,Westerly,2caac1da-4db4-431b-998d-21dc6fd03dce,SAMMS-Westerly
202608192252095946,202608192152667951,202608192152666995,85,1568,Bronze INV,br_AdmissionAssessmentSummary,TASK_COMPLETE,FAILED,ERROR,371,371,1,SAMMS INV pipeline failed. Check the failed parent/child activity run details.,2026-08-19T21:53:13.467Z,2026-08-19T22:54:29.012Z,3676,2026-08-19T22:54:29.012Z,B66A,Bremen,2caac1da-4db4-431b-998d-21dc6fd03dce,SAMMS-Bremen
202608192252095947,202608192152667952,202608192152666995,85,1571,Bronze INV,br_AdmissionAssessmentSummary,TASK_COMPLETE,FAILED,ERROR,52,52,1,SAMMS INV pipeline failed. Check the failed parent/child activity run details.,2026-08-19T21:53:13.467Z,2026-08-19T22:54:29.012Z,3676,2026-08-19T22:54:29.012Z,B72,Mobile (OBOT),2caac1da-4db4-431b-998d-21dc6fd03dce,SAMMS-Mobile-OBOT
202608192252095948,202608192152667953,202608192152666995,85,1572,Bronze INV,br_AdmissionAssessmentSummary,TASK_COMPLETE,FAILED,ERROR,4,4,1,SAMMS INV pipeline failed. Check the failed parent/child activity run details.,2026-08-19T21:53:13.467Z,2026-08-19T22:54:29.012Z,3676,2026-08-19T22:54:29.012Z,B73,Montgomery,2caac1da-4db4-431b-998d-21dc6fd03dce,SAMMS-Montgomery
202608192252095949,202608192152667954,202608192152666995,85,1573,Bronze INV,br_AdmissionAssessmentSummary,TASK_COMPLETE,FAILED,ERROR,339,339,1,SAMMS INV pipeline failed. Check the failed parent/child activity run details.,2026-08-19T21:53:13.467Z,2026-08-19T22:54:29.012Z,3676,2026-08-19T22:54:29.012Z,B75,Lawrence,2caac1da-4db4-431b-998d-21dc6fd03dce,SAMMS-LawrenceV6
202608192252095951,202608192152667955,202608192152666995,85,1574,Bronze INV,br_AdmissionAssessmentSummary,TASK_COMPLETE,FAILED,ERROR,53,53,1,SAMMS INV pipeline failed. Check the failed parent/child activity run details.,2026-08-19T21:53:13.467Z,2026-08-19T22:54:29.012Z,3676,2026-08-19T22:54:29.012Z,B76,Huntsville OBOT,2caac1da-4db4-431b-998d-21dc6fd03dce,SAMMS-Huntsville-OBOT
202608192252095952,202608192152667956,202608192152666995,85,1575,Bronze INV,br_AdmissionAssessmentSummary,TASK_COMPLETE,FAILED,ERROR,301,301,1,SAMMS INV pipeline failed. Check the failed parent/child activity run details.,2026-08-19T21:53:13.467Z,2026-08-19T22:54:29.012Z,3676,2026-08-19T22:54:29.012Z,BAT,Batesville,2caac1da-4db4-431b-998d-21dc6fd03dce,SAMMS-Batesville
202608192252095953,202608192152667957,202608192152666995,85,1576,Bronze INV,br_AdmissionAssessmentSummary,TASK_COMPLETE,FAILED,ERROR,246,246,1,SAMMS INV pipeline failed. Check the failed parent/child activity run details.,2026-08-19T21:53:13.467Z,2026-08-19T22:54:29.012Z,3676,2026-08-19T22:54:29.012Z,BG,Bowling Green,2caac1da-4db4-431b-998d-21dc6fd03dce,SAMMS-BowlingGreen
202608192252095954,202608192152667958,202608192152666995,85,1577,Bronze INV,br_AdmissionAssessmentSummary,TASK_COMPLETE,FAILED,ERROR,233,233,1,SAMMS INV pipeline failed. Check the failed parent/child activity run details.,2026-08-19T21:53:13.467Z,2026-08-19T22:54:29.012Z,3676,2026-08-19T22:54:29.012Z,BOI,Boise,2caac1da-4db4-431b-998d-21dc6fd03dce,SAMMS-Boise
202608192252095955,202608192152667959,202608192152666995,85,1584,Bronze INV,br_AdmissionAssessmentSummary,TASK_COMPLETE,FAILED,ERROR,307,307,1,SAMMS INV pipeline failed. Check the failed parent/child activity run details.,2026-08-19T21:53:13.467Z,2026-08-19T22:54:29.012Z,3676,2026-08-19T22:54:29.012Z,CBCO,Coeur dAlene,2caac1da-4db4-431b-998d-21dc6fd03dce,SAMMS-CoeurdAleneV6
202608192252095956,202608192152667960,202608192152666995,85,1603,Bronze INV,br_AdmissionAssessmentSummary,TASK_COMPLETE,FAILED,ERROR,340,340,1,SAMMS INV pipeline failed. Check the failed parent/child activity run details.,2026-08-19T21:53:13.467Z,2026-08-19T22:54:29.012Z,3676,2026-08-19T22:54:29.012Z,CON,Conway,2caac1da-4db4-431b-998d-21dc6fd03dce,SAMMS-Conway
202608192252095957,202608192152667961,202608192152666995,85,1604,Bronze INV,br_AdmissionAssessmentSummary,TASK_COMPLETE,FAILED,ERROR,1637,1637,1,SAMMS INV pipeline failed. Check the failed parent/child activity run details.,2026-08-19T21:53:13.467Z,2026-08-19T22:54:29.012Z,3676,2026-08-19T22:54:29.012Z,D07,Medical Services Knox TN,2caac1da-4db4-431b-998d-21dc6fd03dce,SAMMS-KnoxvilleV6
202608192252095958,202608192152667962,202608192152666995,85,1605,Bronze INV,br_AdmissionAssessmentSummary,TASK_COMPLETE,FAILED,ERROR,1038,1038,1,SAMMS INV pipeline failed. Check the failed parent/child activity run details.,2026-08-19T21:53:13.467Z,2026-08-19T22:54:29.012Z,3676,2026-08-19T22:54:29.012Z,D08,Madison,2caac1da-4db4-431b-998d-21dc6fd03dce,SAMMS-MadisonV6
202608192252095959,202608192152667963,202608192152666995,85,1607,Bronze INV,br_AdmissionAssessmentSummary,TASK_COMPLETE,FAILED,ERROR,987,987,1,SAMMS INV pipeline failed. Check the failed parent/child activity run details.,2026-08-19T21:53:13.467Z,2026-08-19T22:54:29.012Z,3676,2026-08-19T22:54:29.012Z,D09,Murfreesboro,2caac1da-4db4-431b-998d-21dc6fd03dce,SAMMS-MurfreesboroV6
202608192252095961,202608192152667964,202608192152666995,85,1608,Bronze INV,br_AdmissionAssessmentSummary,TASK_COMPLETE,FAILED,ERROR,229,229,1,SAMMS INV pipeline failed. Check the failed parent/child activity run details.,2026-08-19T21:53:13.467Z,2026-08-19T22:54:29.012Z,3676,2026-08-19T22:54:29.012Z,DA,Davenport,2caac1da-4db4-431b-998d-21dc6fd03dce,SAMMS-Davenport
202608192252095962,202608192152667965,202608192152666995,85,1609,Bronze INV,br_AdmissionAssessmentSummary,TASK_COMPLETE,FAILED,ERROR,361,361,1,SAMMS INV pipeline failed. Check the failed parent/child activity run details.,2026-08-19T21:53:13.467Z,2026-08-19T22:54:29.012Z,3676,2026-08-19T22:54:29.012Z,DM,Des Moines,2caac1da-4db4-431b-998d-21dc6fd03dce,SAMMS-DesMoines
202608192252095963,202608192152667966,202608192152666995,85,1611,Bronze INV,br_AdmissionAssessmentSummary,TASK_COMPLETE,FAILED,ERROR,494,494,1,SAMMS INV pipeline failed. Check the failed parent/child activity run details.,2026-08-19T21:53:13.467Z,2026-08-19T22:54:29.012Z,3676,2026-08-19T22:54:29.012Z,DRD-CO,Columbia MO,2caac1da-4db4-431b-998d-21dc6fd03dce,SAMMS-ColumbiaV5
202608192252095964,202608192152667967,202608192152666995,85,1612,Bronze INV,br_AdmissionAssessmentSummary,TASK_COMPLETE,FAILED,ERROR,619,619,1,SAMMS INV pipeline failed. Check the failed parent/child activity run details.,2026-08-19T21:53:13.467Z,2026-08-19T22:54:29.012Z,3676,2026-08-19T22:54:29.012Z,DRD-KC,KC,2caac1da-4db4-431b-998d-21dc6fd03dce,SAMMS-KCv5
202608192252095965,202608192152667968,202608192152666995,85,1613,Bronze INV,br_AdmissionAssessmentSummary,TASK_COMPLETE,FAILED,ERROR,984,984,1,SAMMS INV pipeline failed. Check the failed parent/child activity run details.,2026-08-19T21:53:13.467Z,2026-08-19T22:54:29.012Z,3676,2026-08-19T22:54:29.012Z,DRD-KVB,KVB,2caac1da-4db4-431b-998d-21dc6fd03dce,SAMMS-KVBv5
202608192252095966,202608192152667969,202608192152666995,85,1614,Bronze INV,br_AdmissionAssessmentSummary,TASK_COMPLETE,FAILED,ERROR,1601,1601,1,SAMMS INV pipeline failed. Check the failed parent/child activity run details.,2026-08-19T21:53:13.467Z,2026-08-19T22:54:29.012Z,3676,2026-08-19T22:54:29.012Z,DRD-KVC,KVC,2caac1da-4db4-431b-998d-21dc6fd03dce,SAMMS-KVCv5
202608192252095967,202608192152667970,202608192152666995,85,1615,Bronze INV,br_AdmissionAssessmentSummary,TASK_COMPLETE,FAILED,ERROR,1272,1272,1,SAMMS INV pipeline failed. Check the failed parent/child activity run details.,2026-08-19T21:53:13.467Z,2026-08-19T22:54:29.012Z,3676,2026-08-19T22:54:29.012Z,DRD-NOLA,NOLA,2caac1da-4db4-431b-998d-21dc6fd03dce,SAMMS-NOLAv5
202608192252095968,202608192152667971,202608192152666995,85,1616,Bronze INV,br_AdmissionAssessmentSummary,TASK_COMPLETE,FAILED,ERROR,771,771,1,SAMMS INV pipeline failed. Check the failed parent/child activity run details.,2026-08-19T21:53:13.467Z,2026-08-19T22:54:29.012Z,3676,2026-08-19T22:54:29.012Z,DRD-SF,Springfield,2caac1da-4db4-431b-998d-21dc6fd03dce,SAMMS-SFv5
202608192252095970,202608192152667972,202608192152666995,85,1618,Bronze INV,br_AdmissionAssessmentSummary,TASK_COMPLETE,FAILED,ERROR,283,283,1,SAMMS INV pipeline failed. Check the failed parent/child activity run details.,2026-08-19T21:53:13.467Z,2026-08-19T22:54:29.012Z,3676,2026-08-19T22:54:29.012Z,ELC,Elizabeth City,2caac1da-4db4-431b-998d-21dc6fd03dce,SAMMS-ElizabethCity
202608192252095971,202608192152667973,202608192152666995,85,1619,Bronze INV,br_AdmissionAssessmentSummary,TASK_COMPLETE,FAILED,ERROR,285,285,1,SAMMS INV pipeline failed. Check the failed parent/child activity run details.,2026-08-19T21:53:13.467Z,2026-08-19T22:54:29.012Z,3676,2026-08-19T22:54:29.012Z,ET,Elizabethtown,2caac1da-4db4-431b-998d-21dc6fd03dce,SAMMS-Elizabethtown
202608192252095972,202608192152667974,202608192152666995,85,1620,Bronze INV,br_AdmissionAssessmentSummary,TASK_COMPLETE,FAILED,ERROR,232,232,1,SAMMS INV pipeline failed. Check the failed parent/child activity run details.,2026-08-19T21:53:13.467Z,2026-08-19T22:54:29.012Z,3676,2026-08-19T22:54:29.012Z,FAY,Fayetteville,2caac1da-4db4-431b-998d-21dc6fd03dce,SAMMS-Fayetteville
202608192252095973,202608192152667975,202608192152666995,85,1621,Bronze INV,br_AdmissionAssessmentSummary,TASK_COMPLETE,FAILED,ERROR,185,185,1,SAMMS INV pipeline failed. Check the failed parent/child activity run details.,2026-08-19T21:53:13.467Z,2026-08-19T22:54:29.012Z,3676,2026-08-19T22:54:29.012Z,FR,Frankfort,2caac1da-4db4-431b-998d-21dc6fd03dce,SAMMS-Frankfort
202608192252095974,202608192152667976,202608192152666995,85,1622,Bronze INV,br_AdmissionAssessmentSummary,TASK_COMPLETE,FAILED,ERROR,293,293,1,SAMMS INV pipeline failed. Check the failed parent/child activity run details.,2026-08-19T21:53:13.467Z,2026-08-19T22:54:29.012Z,3676,2026-08-19T22:54:29.012Z,FS,Fort Smith,2caac1da-4db4-431b-998d-21dc6fd03dce,SAMMS-FortSmith
202608192252095975,202608192152667977,202608192152666995,85,1623,Bronze INV,br_AdmissionAssessmentSummary,TASK_COMPLETE,FAILED,ERROR,683,683,1,SAMMS INV pipeline failed. Check the failed parent/child activity run details.,2026-08-19T21:53:13.467Z,2026-08-19T22:54:29.012Z,3676,2026-08-19T22:54:29.012Z,FW,Fort Wayne,2caac1da-4db4-431b-998d-21dc6fd03dce,SAMMS-FortWayne
202608192252095976,202608192152667978,202608192152666995,85,1624,Bronze INV,br_AdmissionAssessmentSummary,TASK_COMPLETE,FAILED,ERROR,127,127,1,SAMMS INV pipeline failed. Check the failed parent/child activity run details.,2026-08-19T21:53:13.467Z,2026-08-19T22:54:29.012Z,3676,2026-08-19T22:54:29.012Z,GAL,Gaylord,2caac1da-4db4-431b-998d-21dc6fd03dce,SAMMS-Gaylord
202608192252095977,202608192152667979,202608192152666995,85,1628,Bronze INV,br_AdmissionAssessmentSummary,TASK_COMPLETE,FAILED,ERROR,634,634,1,SAMMS INV pipeline failed. Check the failed parent/child activity run details.,2026-08-19T21:53:13.467Z,2026-08-19T22:54:29.012Z,3676,2026-08-19T22:54:29.012Z,HGT,Hagerstown,2caac1da-4db4-431b-998d-21dc6fd03dce,SAMMS-Hagerstown
202608192252095978,202608192152667980,202608192152666995,85,1629,Bronze INV,br_AdmissionAssessmentSummary,TASK_COMPLETE,FAILED,ERROR,485,485,1,SAMMS INV pipeline failed. Check the failed parent/child activity run details.,2026-08-19T21:53:13.467Z,2026-08-19T22:54:29.012Z,3676,2026-08-19T22:54:29.012Z,HNT,Huntsville,2caac1da-4db4-431b-998d-21dc6fd03dce,SAMMS-Huntsville
202608192252095980,202608192152667981,202608192152666995,85,1630,Bronze INV,br_AdmissionAssessmentSummary,TASK_COMPLETE,FAILED,ERROR,353,353,1,SAMMS INV pipeline failed. Check the failed parent/child activity run details.,2026-08-19T21:53:13.467Z,2026-08-19T22:54:29.012Z,3676,2026-08-19T22:54:29.012Z,HS,Hot Springs,2caac1da-4db4-431b-998d-21dc6fd03dce,SAMMS-HotSprings
202608192252095981,202608192152667982,202608192152666995,85,1631,Bronze INV,br_AdmissionAssessmentSummary,TASK_COMPLETE,FAILED,ERROR,267,267,1,SAMMS INV pipeline failed. Check the failed parent/child activity run details.,2026-08-19T21:53:13.467Z,2026-08-19T22:54:29.012Z,3676,2026-08-19T22:54:29.012Z,JON,Jonesboro,2caac1da-4db4-431b-998d-21dc6fd03dce,SAMMS-Jonesboro
202608192252095982,202608192152667983,202608192152666995,85,1633,Bronze INV,br_AdmissionAssessmentSummary,TASK_COMPLETE,FAILED,ERROR,194,194,1,SAMMS INV pipeline failed. Check the failed parent/child activity run details.,2026-08-19T21:53:13.467Z,2026-08-19T22:54:29.012Z,3676,2026-08-19T22:54:29.012Z,LAN,Lansing,2caac1da-4db4-431b-998d-21dc6fd03dce,SAMMS-Lansing
202608192252095983,202608192152667984,202608192152666995,85,1634,Bronze INV,br_AdmissionAssessmentSummary,TASK_COMPLETE,FAILED,ERROR,450,450,1,SAMMS INV pipeline failed. Check the failed parent/child activity run details.,2026-08-19T21:53:13.467Z,2026-08-19T22:54:29.012Z,3676,2026-08-19T22:54:29.012Z,LO,Louisville,2caac1da-4db4-431b-998d-21dc6fd03dce,SAMMS-Louisville
202608192252095984,202608192152667985,202608192152666995,85,1635,Bronze INV,br_AdmissionAssessmentSummary,TASK_COMPLETE,FAILED,ERROR,1223,1223,1,SAMMS INV pipeline failed. Check the failed parent/child activity run details.,2026-08-19T21:53:13.467Z,2026-08-19T22:54:29.012Z,3676,2026-08-19T22:54:29.012Z,LV1,Cheyenne,2caac1da-4db4-431b-998d-21dc6fd03dce,SAMMS-Cheyenne
202608192252095985,202608192152667986,202608192152666995,85,1636,Bronze INV,br_AdmissionAssessmentSummary,TASK_COMPLETE,FAILED,ERROR,967,967,1,SAMMS INV pipeline failed. Check the failed parent/child activity run details.,2026-08-19T21:53:13.467Z,2026-08-19T22:54:29.012Z,3676,2026-08-19T22:54:29.012Z,LV2,Desert Inn,2caac1da-4db4-431b-998d-21dc6fd03dce,SAMMS-DesertInn
202608192252095986,202608192152667987,202608192152666995,85,1637,Bronze INV,br_AdmissionAssessmentSummary,TASK_COMPLETE,FAILED,ERROR,322,322,1,SAMMS INV pipeline failed. Check the failed parent/child activity run details.,2026-08-19T21:53:13.467Z,2026-08-19T22:54:29.012Z,3676,2026-08-19T22:54:29.012Z,LV3,McDaniel,2caac1da-4db4-431b-998d-21dc6fd03dce,SAMMS-McDaniel
202608192252095987,202608192152667988,202608192152666995,85,1640,Bronze INV,br_AdmissionAssessmentSummary,TASK_COMPLETE,FAILED,ERROR,279,279,1,SAMMS INV pipeline failed. Check the failed parent/child activity run details.,2026-08-19T21:53:13.467Z,2026-08-19T22:54:29.012Z,3676,2026-08-19T22:54:29.012Z,MNRE,Monroe,2caac1da-4db4-431b-998d-21dc6fd03dce,SAMMS-Monroe
202608192252095988,202608192152667989,202608192152666995,85,1641,Bronze INV,br_AdmissionAssessmentSummary,TASK_COMPLETE,FAILED,ERROR,195,195,1,SAMMS INV pipeline failed. Check the failed parent/child activity run details.,2026-08-19T21:53:13.467Z,2026-08-19T22:54:29.012Z,3676,2026-08-19T22:54:29.012Z,MP,Mt. Pleasant,2caac1da-4db4-431b-998d-21dc6fd03dce,SAMMS-MtPleasant
202608192252095989,202608192152667990,202608192152666995,85,1642,Bronze INV,br_AdmissionAssessmentSummary,TASK_COMPLETE,FAILED,ERROR,170,170,1,SAMMS INV pipeline failed. Check the failed parent/child activity run details.,2026-08-19T21:53:13.467Z,2026-08-19T22:54:29.012Z,3676,2026-08-19T22:54:29.012Z,MRD,Meridian,2caac1da-4db4-431b-998d-21dc6fd03dce,SAMMS-Meridian
202608192252095991,202608192152667991,202608192152666995,85,1647,Bronze INV,br_AdmissionAssessmentSummary,TASK_COMPLETE,FAILED,ERROR,633,633,1,SAMMS INV pipeline failed. Check the failed parent/child activity run details.,2026-08-19T21:53:13.467Z,2026-08-19T22:54:29.012Z,3676,2026-08-19T22:54:29.012Z,NC,North Charleston,2caac1da-4db4-431b-998d-21dc6fd03dce,SAMMS-NorthCharleston
202608192252095992,202608192152667992,202608192152666995,85,1648,Bronze INV,br_AdmissionAssessmentSummary,TASK_COMPLETE,FAILED,ERROR,563,563,1,SAMMS INV pipeline failed. Check the failed parent/child activity run details.,2026-08-19T21:53:13.467Z,2026-08-19T22:54:29.012Z,3676,2026-08-19T22:54:29.012Z,NLR,N. Little Rock,2caac1da-4db4-431b-998d-21dc6fd03dce,SAMMS-NLROBOT
202608192252095993,202608192152667993,202608192152666995,85,1649,Bronze INV,br_AdmissionAssessmentSummary,TASK_COMPLETE,FAILED,ERROR,247,247,1,SAMMS INV pipeline failed. Check the failed parent/child activity run details.,2026-08-19T21:53:13.467Z,2026-08-19T22:54:29.012Z,3676,2026-08-19T22:54:29.012Z,PH,Phoenix,2caac1da-4db4-431b-998d-21dc6fd03dce,SAMMS-Phoenix
202608192252095994,202608192152667994,202608192152666995,85,1653,Bronze INV,br_AdmissionAssessmentSummary,TASK_COMPLETE,FAILED,ERROR,424,424,1,SAMMS INV pipeline failed. Check the failed parent/child activity run details.,2026-08-19T21:53:13.467Z,2026-08-19T22:54:29.012Z,3676,2026-08-19T22:54:29.012Z,RE,Reno,2caac1da-4db4-431b-998d-21dc6fd03dce,SAMMS-Reno
202608192252095995,202608192152667995,202608192152666995,85,1654,Bronze INV,br_AdmissionAssessmentSummary,TASK_COMPLETE,FAILED,ERROR,407,407,1,SAMMS INV pipeline failed. Check the failed parent/child activity run details.,2026-08-19T21:53:13.467Z,2026-08-19T22:54:29.012Z,3676,2026-08-19T22:54:29.012Z,RMD,Richmond,2caac1da-4db4-431b-998d-21dc6fd03dce,SAMMS-Richmond
202608192252095996,202608192152667996,202608192152666995,85,1655,Bronze INV,br_AdmissionAssessmentSummary,TASK_COMPLETE,FAILED,ERROR,498,498,1,SAMMS INV pipeline failed. Check the failed parent/child activity run details.,2026-08-19T21:53:13.467Z,2026-08-19T22:54:29.012Z,3676,2026-08-19T22:54:29.012Z,SFN,Springfield North,2caac1da-4db4-431b-998d-21dc6fd03dce,SAMMS-SFNv5
202608192252095997,202608192152667997,202608192152666995,85,1656,Bronze INV,br_AdmissionAssessmentSummary,TASK_COMPLETE,FAILED,ERROR,463,463,1,SAMMS INV pipeline failed. Check the failed parent/child activity run details.,2026-08-19T21:53:13.467Z,2026-08-19T22:54:29.012Z,3676,2026-08-19T22:54:29.012Z,SHP,Shreveport,2caac1da-4db4-431b-998d-21dc6fd03dce,SAMMS-Shreveport
202608192252095998,202608192152667998,202608192152666995,85,1658,Bronze INV,br_AdmissionAssessmentSummary,TASK_COMPLETE,FAILED,ERROR,88,88,1,SAMMS INV pipeline failed. Check the failed parent/child activity run details.,2026-08-19T21:53:13.467Z,2026-08-19T22:54:29.012Z,3676,2026-08-19T22:54:29.012Z,STN,Staunton,2caac1da-4db4-431b-998d-21dc6fd03dce,SAMMS-Staunton
202608192252096000,202608192152667999,202608192152666995,85,1659,Bronze INV,br_AdmissionAssessmentSummary,TASK_COMPLETE,FAILED,ERROR,57,57,1,SAMMS INV pipeline failed. Check the failed parent/child activity run details.,2026-08-19T21:53:13.467Z,2026-08-19T22:54:29.012Z,3676,2026-08-19T22:54:29.012Z,STVN,Stevenson,2caac1da-4db4-431b-998d-21dc6fd03dce,SAMMS-Stevenson
202608192252096001,202608192152668000,202608192152666995,85,1661,Bronze INV,br_AdmissionAssessmentSummary,TASK_COMPLETE,FAILED,ERROR,77,77,1,SAMMS INV pipeline failed. Check the failed parent/child activity run details.,2026-08-19T21:53:13.467Z,2026-08-19T22:54:29.012Z,3676,2026-08-19T22:54:29.012Z,TE,Tempe,2caac1da-4db4-431b-998d-21dc6fd03dce,SAMMS-Tempe
202608192252096002,202608192152668001,202608192152666995,85,1662,Bronze INV,br_AdmissionAssessmentSummary,TASK_COMPLETE,FAILED,ERROR,387,387,1,SAMMS INV pipeline failed. Check the failed parent/child activity run details.,2026-08-19T21:53:13.467Z,2026-08-19T22:54:29.012Z,3676,2026-08-19T22:54:29.012Z,TEX,Texarkana,2caac1da-4db4-431b-998d-21dc6fd03dce,SAMMS-Texarkana
202608192252096003,202608192152668002,202608192152666995,85,1663,Bronze INV,br_AdmissionAssessmentSummary,TASK_COMPLETE,FAILED,ERROR,465,465,1,SAMMS INV pipeline failed. Check the failed parent/child activity run details.,2026-08-19T21:53:13.467Z,2026-08-19T22:54:29.012Z,3676,2026-08-19T22:54:29.012Z,TTCA,Bessemer,2caac1da-4db4-431b-998d-21dc6fd03dce,SAMMS-BessemerV5
202608192252096004,202608192152668003,202608192152666995,85,1664,Bronze INV,br_AdmissionAssessmentSummary,TASK_COMPLETE,FAILED,ERROR,550,550,1,SAMMS INV pipeline failed. Check the failed parent/child activity run details.,2026-08-19T21:53:13.467Z,2026-08-19T22:54:29.012Z,3676,2026-08-19T22:54:29.012Z,TTCB,Cullman,2caac1da-4db4-431b-998d-21dc6fd03dce,SAMMS-CullmanV5
202608192252096005,202608192152668004,202608192152666995,85,1665,Bronze INV,br_AdmissionAssessmentSummary,TASK_COMPLETE,FAILED,ERROR,389,389,1,SAMMS INV pipeline failed. Check the failed parent/child activity run details.,2026-08-19T21:53:13.467Z,2026-08-19T22:54:29.012Z,3676,2026-08-19T22:54:29.012Z,TTCC,Grand Bay,2caac1da-4db4-431b-998d-21dc6fd03dce,SAMMS-GrandBay
202608192252096006,202608192152668005,202608192152666995,85,1666,Bronze INV,br_AdmissionAssessmentSummary,TASK_COMPLETE,FAILED,ERROR,25,25,1,SAMMS INV pipeline failed. Check the failed parent/child activity run details.,2026-08-19T21:53:13.467Z,2026-08-19T22:54:29.012Z,3676,2026-08-19T22:54:29.012Z,TU,Tucson,2caac1da-4db4-431b-998d-21dc6fd03dce,SAMMS-Tucson
202608192252096007,202608192152668006,202608192152666995,85,1668,Bronze INV,br_AdmissionAssessmentSummary,TASK_COMPLETE,FAILED,ERROR,264,264,1,SAMMS INV pipeline failed. Check the failed parent/child activity run details.,2026-08-19T21:53:13.467Z,2026-08-19T22:54:29.012Z,3676,2026-08-19T22:54:29.012Z,V1,Memphis South,2caac1da-4db4-431b-998d-21dc6fd03dce,SAMMS-VCPHCS-I-MemphisV5
202608192252096009,202608192152668007,202608192152666995,85,1669,Bronze INV,br_AdmissionAssessmentSummary,TASK_COMPLETE,FAILED,ERROR,706,706,1,SAMMS INV pipeline failed. Check the failed parent/child activity run details.,2026-08-19T21:53:13.467Z,2026-08-19T22:54:29.012Z,3676,2026-08-19T22:54:29.012Z,V10,Longmont,2caac1da-4db4-431b-998d-21dc6fd03dce,SAMMS-BoulderV5
202608192252096010,202608192152668008,202608192152666995,85,1670,Bronze INV,br_AdmissionAssessmentSummary,TASK_COMPLETE,FAILED,ERROR,1203,1203,1,SAMMS INV pipeline failed. Check the failed parent/child activity run details.,2026-08-19T21:53:13.467Z,2026-08-19T22:54:29.012Z,3676,2026-08-19T22:54:29.012Z,V10A,Fort Collins,2caac1da-4db4-431b-998d-21dc6fd03dce,SAMMS-FortCollinsV5
202608192252096011,202608192152668009,202608192152666995,85,1671,Bronze INV,br_AdmissionAssessmentSummary,TASK_COMPLETE,FAILED,ERROR,1046,1046,1,SAMMS INV pipeline failed. Check the failed parent/child activity run details.,2026-08-19T21:53:13.467Z,2026-08-19T22:54:29.012Z,3676,2026-08-19T22:54:29.012Z,V11,Westminster,2caac1da-4db4-431b-998d-21dc6fd03dce,SAMMS-VCPHCS-XI-NorthDenverV5
202608192252096012,202608192152668010,202608192152666995,85,1672,Bronze INV,br_AdmissionAssessmentSummary,TASK_COMPLETE,FAILED,ERROR,1114,1114,1,SAMMS INV pipeline failed. Check the failed parent/child activity run details.,2026-08-19T21:53:13.467Z,2026-08-19T22:54:29.012Z,3676,2026-08-19T22:54:29.012Z,V12,Downtown Denver,2caac1da-4db4-431b-998d-21dc6fd03dce,SAMMS-VCPHCS-XII-DowntownDenverV5
202608192252096013,202608192152668011,202608192152666995,85,1673,Bronze INV,br_AdmissionAssessmentSummary,TASK_COMPLETE,FAILED,ERROR,507,507,1,SAMMS INV pipeline failed. Check the failed parent/child activity run details.,2026-08-19T21:53:13.467Z,2026-08-19T22:54:29.012Z,3676,2026-08-19T22:54:29.012Z,V12A,Centennial,2caac1da-4db4-431b-998d-21dc6fd03dce,SAMMS-CentennialV5
202608192252096014,202608192152668012,202608192152666995,85,1674,Bronze INV,br_AdmissionAssessmentSummary,TASK_COMPLETE,FAILED,ERROR,314,314,1,SAMMS INV pipeline failed. Check the failed parent/child activity run details.,2026-08-19T21:53:13.467Z,2026-08-19T22:54:29.012Z,3676,2026-08-19T22:54:29.012Z,V14,Overland Park,2caac1da-4db4-431b-998d-21dc6fd03dce,SAMMS-VCPHCS-XIV-BridgewayV5
202608192252096015,202608192152668013,202608192152666995,85,1675,Bronze INV,br_AdmissionAssessmentSummary,TASK_COMPLETE,FAILED,ERROR,566,566,1,SAMMS INV pipeline failed. Check the failed parent/child activity run details.,2026-08-19T21:53:13.467Z,2026-08-19T22:54:29.012Z,3676,2026-08-19T22:54:29.012Z,V15,Joplin,2caac1da-4db4-431b-998d-21dc6fd03dce,SAMMS-JoplinV5
202608192252096016,202608192152668014,202608192152666995,85,1677,Bronze INV,br_AdmissionAssessmentSummary,TASK_COMPLETE,FAILED,ERROR,489,489,1,SAMMS INV pipeline failed. Check the failed parent/child activity run details.,2026-08-19T21:53:13.467Z,2026-08-19T22:54:29.012Z,3676,2026-08-19T22:54:29.012Z,V17,Columbia TN,2caac1da-4db4-431b-998d-21dc6fd03dce,SAMMS-ColumbiaTNv5
202608192252096018,202608192152668015,202608192152666995,85,1679,Bronze INV,br_AdmissionAssessmentSummary,TASK_COMPLETE,FAILED,ERROR,437,437,1,SAMMS INV pipeline failed. Check the failed parent/child activity run details.,2026-08-19T21:53:13.467Z,2026-08-19T22:54:29.012Z,3676,2026-08-19T22:54:29.012Z,V19,Jackson,2caac1da-4db4-431b-998d-21dc6fd03dce,SAMMS-JacksonV5
202608192252096019,202608192152668016,202608192152666995,85,1681,Bronze INV,br_AdmissionAssessmentSummary,TASK_COMPLETE,FAILED,ERROR,522,522,1,SAMMS INV pipeline failed. Check the failed parent/child activity run details.,2026-08-19T21:53:13.467Z,2026-08-19T22:54:29.012Z,3676,2026-08-19T22:54:29.012Z,V20,Paris,2caac1da-4db4-431b-998d-21dc6fd03dce,SAMMS-ParisV5
202608192252096020,202608192152668017,202608192152666995,85,1682,Bronze INV,br_AdmissionAssessmentSummary,TASK_COMPLETE,FAILED,ERROR,367,367,1,SAMMS INV pipeline failed. Check the failed parent/child activity run details.,2026-08-19T21:53:13.467Z,2026-08-19T22:54:29.012Z,3676,2026-08-19T22:54:29.012Z,V21,Memphis North,2caac1da-4db4-431b-998d-21dc6fd03dce,SAMMS-RaleighV5
202608192252096021,202608192152668018,202608192152666995,85,1685,Bronze INV,br_AdmissionAssessmentSummary,TASK_COMPLETE,FAILED,ERROR,729,729,1,SAMMS INV pipeline failed. Check the failed parent/child activity run details.,2026-08-19T21:53:13.467Z,2026-08-19T22:54:29.012Z,3676,2026-08-19T22:54:29.012Z,V5,West Bank,2caac1da-4db4-431b-998d-21dc6fd03dce,SAMMS-NONTCv5
202608192252096022,202608192152668019,202608192152666995,85,1687,Bronze INV,br_AdmissionAssessmentSummary,TASK_COMPLETE,FAILED,ERROR,260,260,1,SAMMS INV pipeline failed. Check the failed parent/child activity run details.,2026-08-19T21:53:13.467Z,2026-08-19T22:54:29.012Z,3676,2026-08-19T22:54:29.012Z,V5B,Houma,2caac1da-4db4-431b-998d-21dc6fd03dce,SAMMS-HoumaV6
202608192252096023,202608192152668020,202608192152666995,85,1688,Bronze INV,br_AdmissionAssessmentSummary,TASK_COMPLETE,FAILED,ERROR,982,982,1,SAMMS INV pipeline failed. Check the failed parent/child activity run details.,2026-08-19T21:53:13.467Z,2026-08-19T22:54:29.012Z,3676,2026-08-19T22:54:29.012Z,V6,Lake Charles,2caac1da-4db4-431b-998d-21dc6fd03dce,SAMMS-LCv5
202608192252096024,202608192152668021,202608192152666995,85,1690,Bronze INV,br_AdmissionAssessmentSummary,TASK_COMPLETE,FAILED,ERROR,579,579,1,SAMMS INV pipeline failed. Check the failed parent/child activity run details.,2026-08-19T21:53:13.467Z,2026-08-19T22:54:29.012Z,3676,2026-08-19T22:54:29.012Z,V8,Memphis Midtown,2caac1da-4db4-431b-998d-21dc6fd03dce,SAMMS-VCPHCS-VIII-MemphisV5
202608192252096025,202608192152668022,202608192152666995,85,1691,Bronze INV,br_AdmissionAssessmentSummary,TASK_COMPLETE,FAILED,ERROR,1622,1622,1,SAMMS INV pipeline failed. Check the failed parent/child activity run details.,2026-08-19T21:53:13.467Z,2026-08-19T22:54:29.012Z,3676,2026-08-19T22:54:29.012Z,V9,Nashville,2caac1da-4db4-431b-998d-21dc6fd03dce,SAMMS-NashvilleV5
202608192252097871,202608192152669398,202608192152666995,85,4077,Bronze INV,br_ReAssessmentPhysicalHealth,TASK_COMPLETE,FAILED,ERROR,1786,1786,1,SAMMS INV pipeline failed. Check the failed parent/child activity run details.,2026-08-19T21:53:13.467Z,2026-08-19T22:54:29.012Z,3676,2026-08-19T22:54:29.012Z,V5,West Bank,2caac1da-4db4-431b-998d-21dc6fd03dce,SAMMS-NONTCv5
202608192252097872,202608192152669399,202608192152666995,85,4079,Bronze INV,br_ReAssessmentPhysicalHealth,TASK_COMPLETE,FAILED,ERROR,146,146,1,SAMMS INV pipeline failed. Check the failed parent/child activity run details.,2026-08-19T21:53:13.467Z,2026-08-19T22:54:29.012Z,3676,2026-08-19T22:54:29.012Z,V5B,Houma,2caac1da-4db4-431b-998d-21dc6fd03dce,SAMMS-HoumaV6
202608192252097873,202608192152669400,202608192152666995,85,4080,Bronze INV,br_ReAssessmentPhysicalHealth,TASK_COMPLETE,FAILED,ERROR,1917,1917,1,SAMMS INV pipeline failed. Check the failed parent/child activity run details.,2026-08-19T21:53:13.467Z,2026-08-19T22:54:29.012Z,3676,2026-08-19T22:54:29.012Z,V6,Lake Charles,2caac1da-4db4-431b-998d-21dc6fd03dce,SAMMS-LCv5
202608192252097874,202608192152669401,202608192152666995,85,4082,Bronze INV,br_ReAssessmentPhysicalHealth,TASK_COMPLETE,FAILED,ERROR,744,744,1,SAMMS INV pipeline failed. Check the failed parent/child activity run details.,2026-08-19T21:53:13.467Z,2026-08-19T22:54:29.012Z,3676,2026-08-19T22:54:29.012Z,V8,Memphis Midtown,2caac1da-4db4-431b-998d-21dc6fd03dce,SAMMS-VCPHCS-VIII-MemphisV5
202608192252097875,202608192152669402,202608192152666995,85,4083,Bronze INV,br_ReAssessmentPhysicalHealth,TASK_COMPLETE,FAILED,ERROR,1769,1769,1,SAMMS INV pipeline failed. Check the failed parent/child activity run details.,2026-08-19T21:53:13.467Z,2026-08-19T22:54:29.012Z,3676,2026-08-19T22:54:29.012Z,V9,Nashville,2caac1da-4db4-431b-998d-21dc6fd03dce,SAMMS-NashvilleV5
202608192252097877,202608192152669403,202608192152666995,85,4084,Bronze INV,br_ReAssessmentPhysicalHealth,TASK_COMPLETE,FAILED,ERROR,842,842,1,SAMMS INV pipeline failed. Check the failed parent/child activity run details.,2026-08-19T21:53:13.467Z,2026-08-19T22:54:29.012Z,3676,2026-08-19T22:54:29.012Z,VBRA,Brainerd,2caac1da-4db4-431b-998d-21dc6fd03dce,SAMMS-BrainerdV6
202608192252097878,202608192152669404,202608192152666995,85,4085,Bronze INV,br_ReAssessmentPhysicalHealth,TASK_COMPLETE,FAILED,ERROR,1965,1965,1,SAMMS INV pipeline failed. Check the failed parent/child activity run details.,2026-08-19T21:53:13.467Z,2026-08-19T22:54:29.012Z,3676,2026-08-19T22:54:29.012Z,VBRP,Brooklyn Park,2caac1da-4db4-431b-998d-21dc6fd03dce,SAMMS-BrooklynParkV6
202608192252097879,202608192152669405,202608192152666995,85,4087,Bronze INV,br_ReAssessmentPhysicalHealth,TASK_COMPLETE,FAILED,ERROR,746,746,1,SAMMS INV pipeline failed. Check the failed parent/child activity run details.,2026-08-19T21:53:13.467Z,2026-08-19T22:54:29.012Z,3676,2026-08-19T22:54:29.012Z,VMIN,Minneapolis,2caac1da-4db4-431b-998d-21dc6fd03dce,SAMMS-MinneapolisV6
202608192252097880,202608192152669406,202608192152666995,85,4088,Bronze INV,br_ReAssessmentPhysicalHealth,TASK_COMPLETE,FAILED,ERROR,889,889,1,SAMMS INV pipeline failed. Check the failed parent/child activity run details.,2026-08-19T21:53:13.467Z,2026-08-19T22:54:29.012Z,3676,2026-08-19T22:54:29.012Z,VWBY,Woodbury,2caac1da-4db4-431b-998d-21dc6fd03dce,SAMMS-WoodburyV6
202608192252097881,202608192152669407,202608192152666995,85,4090,Bronze INV,br_ReAssessmentPhysicalHealth,TASK_COMPLETE,FAILED,ERROR,161,161,1,SAMMS INV pipeline failed. Check the failed parent/child activity run details.,2026-08-19T21:53:13.467Z,2026-08-19T22:54:29.012Z,3676,2026-08-19T22:54:29.012Z,WIL,Wilson,2caac1da-4db4-431b-998d-21dc6fd03dce,SAMMS-Wilson
202608192252097983,202608192152767009,202608192152766995,86,5733,Silver INV,sl_ReAssessmentPhysicalHealth,TASK_COMPLETE,SUCCESS,INFO,78871,78871,0,,2026-08-19T21:53:13.467Z,2026-08-19T22:54:29.012Z,3676,2026-08-19T22:54:29.012Z,,,2caac1da-4db4-431b-998d-21dc6fd03dce,
202608192252097915,202608192152669523,202608192152666995,85,4094,Bronze INV,br_ReAssessmentSocial,TASK_COMPLETE,FAILED,ERROR,35,35,1,SAMMS INV pipeline failed. Check the failed parent/child activity run details.,2026-08-19T21:53:13.467Z,2026-08-19T22:54:29.012Z,3676,2026-08-19T22:54:29.012Z,AHK,Ahoskie,2caac1da-4db4-431b-998d-21dc6fd03dce,SAMMS-Ahoskie
202608192252097916,202608192152669524,202608192152666995,85,4095,Bronze INV,br_ReAssessmentSocial,TASK_COMPLETE,FAILED,ERROR,662,662,1,SAMMS INV pipeline failed. Check the failed parent/child activity run details.,2026-08-19T21:53:13.467Z,2026-08-19T22:54:29.012Z,3676,2026-08-19T22:54:29.012Z,B12B,Colorado Springs,2caac1da-4db4-431b-998d-21dc6fd03dce,SAMMS-ColoradoSpringsV5
202608192252097918,202608192152669525,202608192152666995,85,4096,Bronze INV,br_ReAssessmentSocial,TASK_COMPLETE,FAILED,ERROR,826,826,1,SAMMS INV pipeline failed. Check the failed parent/child activity run details.,2026-08-19T21:53:13.467Z,2026-08-19T22:54:29.012Z,3676,2026-08-19T22:54:29.012Z,B24,Paintsville,2caac1da-4db4-431b-998d-21dc6fd03dce,SAMMS-PaintsvilleV5
202608192252097919,202608192152669526,202608192152666995,85,4097,Bronze INV,br_ReAssessmentSocial,TASK_COMPLETE,FAILED,ERROR,646,646,1,SAMMS INV pipeline failed. Check the failed parent/child activity run details.,2026-08-19T21:53:13.467Z,2026-08-19T22:54:29.012Z,3676,2026-08-19T22:54:29.012Z,B25,Pikeville,2caac1da-4db4-431b-998d-21dc6fd03dce,SAMMS-PikevilleV5
202608192252097920,202608192152669527,202608192152666995,85,4098,Bronze INV,br_ReAssessmentSocial,TASK_COMPLETE,FAILED,ERROR,971,971,1,SAMMS INV pipeline failed. Check the failed parent/child activity run details.,2026-08-19T21:53:13.467Z,2026-08-19T22:54:29.012Z,3676,2026-08-19T22:54:29.012Z,B26,Hazard,2caac1da-4db4-431b-998d-21dc6fd03dce,SAMMS-HazardV5
202608192252097921,202608192152669528,202608192152666995,85,4099,Bronze INV,br_ReAssessmentSocial,TASK_COMPLETE,FAILED,ERROR,531,531,1,SAMMS INV pipeline failed. Check the failed parent/child activity run details.,2026-08-19T21:53:13.467Z,2026-08-19T22:54:29.012Z,3676,2026-08-19T22:54:29.012Z,B27,Savannah,2caac1da-4db4-431b-998d-21dc6fd03dce,SAMMS-SavannahV6
202608192252097922,202608192152669529,202608192152666995,85,4100,Bronze INV,br_ReAssessmentSocial,TASK_COMPLETE,FAILED,ERROR,245,245,1,SAMMS INV pipeline failed. Check the failed parent/child activity run details.,2026-08-19T21:53:13.467Z,2026-08-19T22:54:29.012Z,3676,2026-08-19T22:54:29.012Z,B28,West Plains,2caac1da-4db4-431b-998d-21dc6fd03dce,SAMMS-WestPlainesV5
202608192252097923,202608192152669530,202608192152666995,85,4101,Bronze INV,br_ReAssessmentSocial,TASK_COMPLETE,FAILED,ERROR,461,461,1,SAMMS INV pipeline failed. Check the failed parent/child activity run details.,2026-08-19T21:53:13.467Z,2026-08-19T22:54:29.012Z,3676,2026-08-19T22:54:29.012Z,B29,Poplar Bluff,2caac1da-4db4-431b-998d-21dc6fd03dce,SAMMS-PoplarBluffV5
202608192252097925,202608192152669531,202608192152666995,85,4102,Bronze INV,br_ReAssessmentSocial,TASK_COMPLETE,FAILED,ERROR,77,77,1,SAMMS INV pipeline failed. Check the failed parent/child activity run details.,2026-08-19T21:53:13.467Z,2026-08-19T22:54:29.012Z,3676,2026-08-19T22:54:29.012Z,B30,KC North,2caac1da-4db4-431b-998d-21dc6fd03dce,SAMMS-KCNv5
202608192252097926,202608192152669532,202608192152666995,85,4103,Bronze INV,br_ReAssessmentSocial,TASK_COMPLETE,FAILED,ERROR,401,401,1,SAMMS INV pipeline failed. Check the failed parent/child activity run details.,2026-08-19T21:53:13.467Z,2026-08-19T22:54:29.012Z,3676,2026-08-19T22:54:29.012Z,B31,Dyersburg,2caac1da-4db4-431b-998d-21dc6fd03dce,SAMMS-DyersburgV5
202608192252097927,202608192152669533,202608192152666995,85,4105,Bronze INV,br_ReAssessmentSocial,TASK_COMPLETE,FAILED,ERROR,487,487,1,SAMMS INV pipeline failed. Check the failed parent/child activity run details.,2026-08-19T21:53:13.467Z,2026-08-19T22:54:29.012Z,3676,2026-08-19T22:54:29.012Z,B33,Paducah,2caac1da-4db4-431b-998d-21dc6fd03dce,SAMMS-Paducah
202608192252097928,202608192152669534,202608192152666995,85,4106,Bronze INV,br_ReAssessmentSocial,TASK_COMPLETE,FAILED,ERROR,384,384,1,SAMMS INV pipeline failed. Check the failed parent/child activity run details.,2026-08-19T21:53:13.467Z,2026-08-19T22:54:29.012Z,3676,2026-08-19T22:54:29.012Z,B34,Corbin,2caac1da-4db4-431b-998d-21dc6fd03dce,SAMMS-CorbinV5
202608192252097929,202608192152669535,202608192152666995,85,4107,Bronze INV,br_ReAssessmentSocial,TASK_COMPLETE,FAILED,ERROR,239,239,1,SAMMS INV pipeline failed. Check the failed parent/child activity run details.,2026-08-19T21:53:13.467Z,2026-08-19T22:54:29.012Z,3676,2026-08-19T22:54:29.012Z,B35,Lexington,2caac1da-4db4-431b-998d-21dc6fd03dce,SAMMS-LexingtonV5
202608192252097930,202608192152669536,202608192152666995,85,4108,Bronze INV,br_ReAssessmentSocial,TASK_COMPLETE,FAILED,ERROR,77,77,1,SAMMS INV pipeline failed. Check the failed parent/child activity run details.,2026-08-19T21:53:13.467Z,2026-08-19T22:54:29.012Z,3676,2026-08-19T22:54:29.012Z,B35A,Berea,2caac1da-4db4-431b-998d-21dc6fd03dce,SAMMS-BereaV5
202608192252097932,202608192152669537,202608192152666995,85,4109,Bronze INV,br_ReAssessmentSocial,TASK_COMPLETE,FAILED,ERROR,20,20,1,SAMMS INV pipeline failed. Check the failed parent/child activity run details.,2026-08-19T21:53:13.467Z,2026-08-19T22:54:29.012Z,3676,2026-08-19T22:54:29.012Z,B36,Asheville,2caac1da-4db4-431b-998d-21dc6fd03dce,SAMMS-AshevilleV5
202608192252097933,202608192152669538,202608192152666995,85,4110,Bronze INV,br_ReAssessmentSocial,TASK_COMPLETE,FAILED,ERROR,1,1,1,SAMMS INV pipeline failed. Check the failed parent/child activity run details.,2026-08-19T21:53:13.467Z,2026-08-19T22:54:29.012Z,3676,2026-08-19T22:54:29.012Z,B37,Clyde,2caac1da-4db4-431b-998d-21dc6fd03dce,SAMMS-ClydeV5
202608192252097934,202608192152669539,202608192152666995,85,4111,Bronze INV,br_ReAssessmentSocial,TASK_COMPLETE,FAILED,ERROR,1186,1186,1,SAMMS INV pipeline failed. Check the failed parent/child activity run details.,2026-08-19T21:53:13.467Z,2026-08-19T22:54:29.012Z,3676,2026-08-19T22:54:29.012Z,B38,Spartanburg,2caac1da-4db4-431b-998d-21dc6fd03dce,SAMMS-SpartanburgV5
202608192252097935,202608192152669540,202608192152666995,85,4112,Bronze INV,br_ReAssessmentSocial,TASK_COMPLETE,FAILED,ERROR,361,361,1,SAMMS INV pipeline failed. Check the failed parent/child activity run details.,2026-08-19T21:53:13.467Z,2026-08-19T22:54:29.012Z,3676,2026-08-19T22:54:29.012Z,B39,Aiken,2caac1da-4db4-431b-998d-21dc6fd03dce,SAMMS-AikenV5
202608192252097936,202608192152669541,202608192152666995,85,4113,Bronze INV,br_ReAssessmentSocial,TASK_COMPLETE,FAILED,ERROR,1887,1887,1,SAMMS INV pipeline failed. Check the failed parent/child activity run details.,2026-08-19T21:53:13.467Z,2026-08-19T22:54:29.012Z,3676,2026-08-19T22:54:29.012Z,B41,Chesapeake,2caac1da-4db4-431b-998d-21dc6fd03dce,SAMMS-ChesapeakeV5
202608192252097937,202608192152669542,202608192152666995,85,4114,Bronze INV,br_ReAssessmentSocial,TASK_COMPLETE,FAILED,ERROR,1911,1911,1,SAMMS INV pipeline failed. Check the failed parent/child activity run details.,2026-08-19T21:53:13.467Z,2026-08-19T22:54:29.012Z,3676,2026-08-19T22:54:29.012Z,B42,Virginia Beach,2caac1da-4db4-431b-998d-21dc6fd03dce,SAMMS-VirginiaBeachV5
202608192252097939,202608192152669543,202608192152666995,85,4115,Bronze INV,br_ReAssessmentSocial,TASK_COMPLETE,FAILED,ERROR,925,925,1,SAMMS INV pipeline failed. Check the failed parent/child activity run details.,2026-08-19T21:53:13.467Z,2026-08-19T22:54:29.012Z,3676,2026-08-19T22:54:29.012Z,B42A,Newport News,2caac1da-4db4-431b-998d-21dc6fd03dce,SAMMS-NewportNewsV5
202608192252097940,202608192152669544,202608192152666995,85,4116,Bronze INV,br_ReAssessmentSocial,TASK_COMPLETE,FAILED,ERROR,507,507,1,SAMMS INV pipeline failed. Check the failed parent/child activity run details.,2026-08-19T21:53:13.467Z,2026-08-19T22:54:29.012Z,3676,2026-08-19T22:54:29.012Z,B42B,Franklin,2caac1da-4db4-431b-998d-21dc6fd03dce,SAMMS-FranklinV5
202608192252097941,202608192152669545,202608192152666995,85,4117,Bronze INV,br_ReAssessmentSocial,TASK_COMPLETE,FAILED,ERROR,340,340,1,SAMMS INV pipeline failed. Check the failed parent/child activity run details.,2026-08-19T21:53:13.467Z,2026-08-19T22:54:29.012Z,3676,2026-08-19T22:54:29.012Z,B42C,Glen Allen,2caac1da-4db4-431b-998d-21dc6fd03dce,SAMMS-GlenAllenV5
202608192252097942,202608192152669546,202608192152666995,85,4118,Bronze INV,br_ReAssessmentSocial,TASK_COMPLETE,FAILED,ERROR,1480,1480,1,SAMMS INV pipeline failed. Check the failed parent/child activity run details.,2026-08-19T21:53:13.467Z,2026-08-19T22:54:29.012Z,3676,2026-08-19T22:54:29.012Z,B42D,Chesapeake South,2caac1da-4db4-431b-998d-21dc6fd03dce,SAMMS-ChesapeakeSouthV5
202608192252097943,202608192152669547,202608192152666995,85,4119,Bronze INV,br_ReAssessmentSocial,TASK_COMPLETE,FAILED,ERROR,632,632,1,SAMMS INV pipeline failed. Check the failed parent/child activity run details.,2026-08-19T21:53:13.467Z,2026-08-19T22:54:29.012Z,3676,2026-08-19T22:54:29.012Z,B44,Albany,2caac1da-4db4-431b-998d-21dc6fd03dce,SAMMS-AlbanyV5
202608192252097944,202608192152669548,202608192152666995,85,4120,Bronze INV,br_ReAssessmentSocial,TASK_COMPLETE,FAILED,ERROR,1268,1268,1,SAMMS INV pipeline failed. Check the failed parent/child activity run details.,2026-08-19T21:53:13.467Z,2026-08-19T22:54:29.012Z,3676,2026-08-19T22:54:29.012Z,B45,Tifton,2caac1da-4db4-431b-998d-21dc6fd03dce,SAMMS-TiftonV5
202608192252097945,202608192152669549,202608192152666995,85,4121,Bronze INV,br_ReAssessmentSocial,TASK_COMPLETE,FAILED,ERROR,588,588,1,SAMMS INV pipeline failed. Check the failed parent/child activity run details.,2026-08-19T21:53:13.467Z,2026-08-19T22:54:29.012Z,3676,2026-08-19T22:54:29.012Z,B46,Washington DC,2caac1da-4db4-431b-998d-21dc6fd03dce,SAMMS-WashingtonDCv5
202608192252097947,202608192152669550,202608192152666995,85,4122,Bronze INV,br_ReAssessmentSocial,TASK_COMPLETE,FAILED,ERROR,1558,1558,1,SAMMS INV pipeline failed. Check the failed parent/child activity run details.,2026-08-19T21:53:13.467Z,2026-08-19T22:54:29.012Z,3676,2026-08-19T22:54:29.012Z,B47,Mobile,2caac1da-4db4-431b-998d-21dc6fd03dce,SAMMS-MobileV5
202608192252097948,202608192152669551,202608192152666995,85,4123,Bronze INV,br_ReAssessmentSocial,TASK_COMPLETE,FAILED,ERROR,1294,1294,1,SAMMS INV pipeline failed. Check the failed parent/child activity run details.,2026-08-19T21:53:13.467Z,2026-08-19T22:54:29.012Z,3676,2026-08-19T22:54:29.012Z,B48,Tuscaloosa,2caac1da-4db4-431b-998d-21dc6fd03dce,SAMMS-TuscaloosaV5
202608192252097949,202608192152669552,202608192152666995,85,4132,Bronze INV,br_ReAssessmentSocial,TASK_COMPLETE,FAILED,ERROR,2,2,1,SAMMS INV pipeline failed. Check the failed parent/child activity run details.,2026-08-19T21:53:13.467Z,2026-08-19T22:54:29.012Z,3676,2026-08-19T22:54:29.012Z,B51,N. Little Rock (OTP),2caac1da-4db4-431b-998d-21dc6fd03dce,SAMMS-NorthLittleRockV6
202608192252097950,202608192152669553,202608192152666995,85,4133,Bronze INV,br_ReAssessmentSocial,TASK_COMPLETE,FAILED,ERROR,453,453,1,SAMMS INV pipeline failed. Check the failed parent/child activity run details.,2026-08-19T21:53:13.467Z,2026-08-19T22:54:29.012Z,3676,2026-08-19T22:54:29.012Z,B52,Jackson GA,2caac1da-4db4-431b-998d-21dc6fd03dce,SAMMS-JacksonGAV5
202608192252097951,202608192152669554,202608192152666995,85,4134,Bronze INV,br_ReAssessmentSocial,TASK_COMPLETE,FAILED,ERROR,1702,1702,1,SAMMS INV pipeline failed. Check the failed parent/child activity run details.,2026-08-19T21:53:13.467Z,2026-08-19T22:54:29.012Z,3676,2026-08-19T22:54:29.012Z,B54,Gadsden,2caac1da-4db4-431b-998d-21dc6fd03dce,SAMMS-GadsdenV5
202608192252097952,202608192152669555,202608192152666995,85,4135,Bronze INV,br_ReAssessmentSocial,TASK_COMPLETE,FAILED,ERROR,945,945,1,SAMMS INV pipeline failed. Check the failed parent/child activity run details.,2026-08-19T21:53:13.467Z,2026-08-19T22:54:29.012Z,3676,2026-08-19T22:54:29.012Z,B55,Shoals,2caac1da-4db4-431b-998d-21dc6fd03dce,SAMMS-ShoalsV5
202608192252097954,202608192152669556,202608192152666995,85,4136,Bronze INV,br_ReAssessmentSocial,TASK_COMPLETE,FAILED,ERROR,294,294,1,SAMMS INV pipeline failed. Check the failed parent/child activity run details.,2026-08-19T21:53:13.467Z,2026-08-19T22:54:29.012Z,3676,2026-08-19T22:54:29.012Z,B57,Pawtucket,2caac1da-4db4-431b-998d-21dc6fd03dce,SAMMS-Pawtucket
202608192252097955,202608192152669557,202608192152666995,85,4137,Bronze INV,br_ReAssessmentSocial,TASK_COMPLETE,FAILED,ERROR,550,550,1,SAMMS INV pipeline failed. Check the failed parent/child activity run details.,2026-08-19T21:53:13.467Z,2026-08-19T22:54:29.012Z,3676,2026-08-19T22:54:29.012Z,B57A,Johnston,2caac1da-4db4-431b-998d-21dc6fd03dce,SAMMS-Johnston
202608192252097956,202608192152669558,202608192152666995,85,4138,Bronze INV,br_ReAssessmentSocial,TASK_COMPLETE,FAILED,ERROR,166,166,1,SAMMS INV pipeline failed. Check the failed parent/child activity run details.,2026-08-19T21:53:13.467Z,2026-08-19T22:54:29.012Z,3676,2026-08-19T22:54:29.012Z,B57B,Middletown,2caac1da-4db4-431b-998d-21dc6fd03dce,SAMMS-Middletown
202608192252097957,202608192152669559,202608192152666995,85,4139,Bronze INV,br_ReAssessmentSocial,TASK_COMPLETE,FAILED,ERROR,410,410,1,SAMMS INV pipeline failed. Check the failed parent/child activity run details.,2026-08-19T21:53:13.467Z,2026-08-19T22:54:29.012Z,3676,2026-08-19T22:54:29.012Z,B57C,Providence,2caac1da-4db4-431b-998d-21dc6fd03dce,SAMMS-Providence
202608192252097958,202608192152669560,202608192152666995,85,4140,Bronze INV,br_ReAssessmentSocial,TASK_COMPLETE,FAILED,ERROR,621,621,1,SAMMS INV pipeline failed. Check the failed parent/child activity run details.,2026-08-19T21:53:13.467Z,2026-08-19T22:54:29.012Z,3676,2026-08-19T22:54:29.012Z,B57D,Westerly,2caac1da-4db4-431b-998d-21dc6fd03dce,SAMMS-Westerly
202608192252097959,202608192152669561,202608192152666995,85,4144,Bronze INV,br_ReAssessmentSocial,TASK_COMPLETE,FAILED,ERROR,4,4,1,SAMMS INV pipeline failed. Check the failed parent/child activity run details.,2026-08-19T21:53:13.467Z,2026-08-19T22:54:29.012Z,3676,2026-08-19T22:54:29.012Z,B66A,Bremen,2caac1da-4db4-431b-998d-21dc6fd03dce,SAMMS-Bremen
202608192252097961,202608192152669562,202608192152666995,85,4147,Bronze INV,br_ReAssessmentSocial,TASK_COMPLETE,FAILED,ERROR,0,0,1,SAMMS INV pipeline failed. Check the failed parent/child activity run details.,2026-08-19T21:53:13.467Z,2026-08-19T22:54:29.012Z,3676,2026-08-19T22:54:29.012Z,B72,Mobile (OBOT),2caac1da-4db4-431b-998d-21dc6fd03dce,SAMMS-Mobile-OBOT
202608192252097962,202608192152669563,202608192152666995,85,4148,Bronze INV,br_ReAssessmentSocial,TASK_COMPLETE,FAILED,ERROR,0,0,1,SAMMS INV pipeline failed. Check the failed parent/child activity run details.,2026-08-19T21:53:13.467Z,2026-08-19T22:54:29.012Z,3676,2026-08-19T22:54:29.012Z,B73,Montgomery,2caac1da-4db4-431b-998d-21dc6fd03dce,SAMMS-Montgomery
202608192252097963,202608192152669564,202608192152666995,85,4149,Bronze INV,br_ReAssessmentSocial,TASK_COMPLETE,FAILED,ERROR,516,516,1,SAMMS INV pipeline failed. Check the failed parent/child activity run details.,2026-08-19T21:53:13.467Z,2026-08-19T22:54:29.012Z,3676,2026-08-19T22:54:29.012Z,B75,Lawrence,2caac1da-4db4-431b-998d-21dc6fd03dce,SAMMS-LawrenceV6
202608192252097964,202608192152669565,202608192152666995,85,4150,Bronze INV,br_ReAssessmentSocial,TASK_COMPLETE,FAILED,ERROR,0,0,1,SAMMS INV pipeline failed. Check the failed parent/child activity run details.,2026-08-19T21:53:13.467Z,2026-08-19T22:54:29.012Z,3676,2026-08-19T22:54:29.012Z,B76,Huntsville OBOT,2caac1da-4db4-431b-998d-21dc6fd03dce,SAMMS-Huntsville-OBOT
202608192252097965,202608192152669566,202608192152666995,85,4151,Bronze INV,br_ReAssessmentSocial,TASK_COMPLETE,FAILED,ERROR,0,0,1,SAMMS INV pipeline failed. Check the failed parent/child activity run details.,2026-08-19T21:53:13.467Z,2026-08-19T22:54:29.012Z,3676,2026-08-19T22:54:29.012Z,BAT,Batesville,2caac1da-4db4-431b-998d-21dc6fd03dce,SAMMS-Batesville
202608192252097966,202608192152669567,202608192152666995,85,4152,Bronze INV,br_ReAssessmentSocial,TASK_COMPLETE,FAILED,ERROR,460,460,1,SAMMS INV pipeline failed. Check the failed parent/child activity run details.,2026-08-19T21:53:13.467Z,2026-08-19T22:54:29.012Z,3676,2026-08-19T22:54:29.012Z,BG,Bowling Green,2caac1da-4db4-431b-998d-21dc6fd03dce,SAMMS-BowlingGreen
202608192252097968,202608192152669568,202608192152666995,85,4153,Bronze INV,br_ReAssessmentSocial,TASK_COMPLETE,FAILED,ERROR,180,180,1,SAMMS INV pipeline failed. Check the failed parent/child activity run details.,2026-08-19T21:53:13.467Z,2026-08-19T22:54:29.012Z,3676,2026-08-19T22:54:29.012Z,BOI,Boise,2caac1da-4db4-431b-998d-21dc6fd03dce,SAMMS-Boise
202608192252097969,202608192152669569,202608192152666995,85,4160,Bronze INV,br_ReAssessmentSocial,TASK_COMPLETE,FAILED,ERROR,51,51,1,SAMMS INV pipeline failed. Check the failed parent/child activity run details.,2026-08-19T21:53:13.467Z,2026-08-19T22:54:29.012Z,3676,2026-08-19T22:54:29.012Z,CBCO,Coeur dAlene,2caac1da-4db4-431b-998d-21dc6fd03dce,SAMMS-CoeurdAleneV6
202608192252097970,202608192152669570,202608192152666995,85,4179,Bronze INV,br_ReAssessmentSocial,TASK_COMPLETE,FAILED,ERROR,0,0,1,SAMMS INV pipeline failed. Check the failed parent/child activity run details.,2026-08-19T21:53:13.467Z,2026-08-19T22:54:29.012Z,3676,2026-08-19T22:54:29.012Z,CON,Conway,2caac1da-4db4-431b-998d-21dc6fd03dce,SAMMS-Conway
202608192252097971,202608192152669571,202608192152666995,85,4180,Bronze INV,br_ReAssessmentSocial,TASK_COMPLETE,FAILED,ERROR,2568,2568,1,SAMMS INV pipeline failed. Check the failed parent/child activity run details.,2026-08-19T21:53:13.467Z,2026-08-19T22:54:29.012Z,3676,2026-08-19T22:54:29.012Z,D07,Medical Services Knox TN,2caac1da-4db4-431b-998d-21dc6fd03dce,SAMMS-KnoxvilleV6
202608192252097972,202608192152669572,202608192152666995,85,4181,Bronze INV,br_ReAssessmentSocial,TASK_COMPLETE,FAILED,ERROR,111,111,1,SAMMS INV pipeline failed. Check the failed parent/child activity run details.,2026-08-19T21:53:13.467Z,2026-08-19T22:54:29.012Z,3676,2026-08-19T22:54:29.012Z,D08,Madison,2caac1da-4db4-431b-998d-21dc6fd03dce,SAMMS-MadisonV6
202608192252097973,202608192152669573,202608192152666995,85,4183,Bronze INV,br_ReAssessmentSocial,TASK_COMPLETE,FAILED,ERROR,118,118,1,SAMMS INV pipeline failed. Check the failed parent/child activity run details.,2026-08-19T21:53:13.467Z,2026-08-19T22:54:29.012Z,3676,2026-08-19T22:54:29.012Z,D09,Murfreesboro,2caac1da-4db4-431b-998d-21dc6fd03dce,SAMMS-MurfreesboroV6
202608192252097975,202608192152669574,202608192152666995,85,4184,Bronze INV,br_ReAssessmentSocial,TASK_COMPLETE,FAILED,ERROR,336,336,1,SAMMS INV pipeline failed. Check the failed parent/child activity run details.,2026-08-19T21:53:13.467Z,2026-08-19T22:54:29.012Z,3676,2026-08-19T22:54:29.012Z,DA,Davenport,2caac1da-4db4-431b-998d-21dc6fd03dce,SAMMS-Davenport
202608192252097976,202608192152669575,202608192152666995,85,4185,Bronze INV,br_ReAssessmentSocial,TASK_COMPLETE,FAILED,ERROR,286,286,1,SAMMS INV pipeline failed. Check the failed parent/child activity run details.,2026-08-19T21:53:13.467Z,2026-08-19T22:54:29.012Z,3676,2026-08-19T22:54:29.012Z,DM,Des Moines,2caac1da-4db4-431b-998d-21dc6fd03dce,SAMMS-DesMoines
202608192252097977,202608192152669576,202608192152666995,85,4187,Bronze INV,br_ReAssessmentSocial,TASK_COMPLETE,FAILED,ERROR,529,529,1,SAMMS INV pipeline failed. Check the failed parent/child activity run details.,2026-08-19T21:53:13.467Z,2026-08-19T22:54:29.012Z,3676,2026-08-19T22:54:29.012Z,DRD-CO,Columbia MO,2caac1da-4db4-431b-998d-21dc6fd03dce,SAMMS-ColumbiaV5
202608192252097978,202608192152669577,202608192152666995,85,4188,Bronze INV,br_ReAssessmentSocial,TASK_COMPLETE,FAILED,ERROR,347,347,1,SAMMS INV pipeline failed. Check the failed parent/child activity run details.,2026-08-19T21:53:13.467Z,2026-08-19T22:54:29.012Z,3676,2026-08-19T22:54:29.012Z,DRD-KC,KC,2caac1da-4db4-431b-998d-21dc6fd03dce,SAMMS-KCv5
202608192252097979,202608192152669578,202608192152666995,85,4189,Bronze INV,br_ReAssessmentSocial,TASK_COMPLETE,FAILED,ERROR,1551,1551,1,SAMMS INV pipeline failed. Check the failed parent/child activity run details.,2026-08-19T21:53:13.467Z,2026-08-19T22:54:29.012Z,3676,2026-08-19T22:54:29.012Z,DRD-KVB,KVB,2caac1da-4db4-431b-998d-21dc6fd03dce,SAMMS-KVBv5
202608192252097980,202608192152669579,202608192152666995,85,4190,Bronze INV,br_ReAssessmentSocial,TASK_COMPLETE,FAILED,ERROR,1669,1669,1,SAMMS INV pipeline failed. Check the failed parent/child activity run details.,2026-08-19T21:53:13.467Z,2026-08-19T22:54:29.012Z,3676,2026-08-19T22:54:29.012Z,DRD-KVC,KVC,2caac1da-4db4-431b-998d-21dc6fd03dce,SAMMS-KVCv5
202608192252097981,202608192152669580,202608192152666995,85,4191,Bronze INV,br_ReAssessmentSocial,TASK_COMPLETE,FAILED,ERROR,3201,3201,1,SAMMS INV pipeline failed. Check the failed parent/child activity run details.,2026-08-19T21:53:13.467Z,2026-08-19T22:54:29.012Z,3676,2026-08-19T22:54:29.012Z,DRD-NOLA,NOLA,2caac1da-4db4-431b-998d-21dc6fd03dce,SAMMS-NOLAv5
202608192252097983,202608192152669581,202608192152666995,85,4192,Bronze INV,br_ReAssessmentSocial,TASK_COMPLETE,FAILED,ERROR,798,798,1,SAMMS INV pipeline failed. Check the failed parent/child activity run details.,2026-08-19T21:53:13.467Z,2026-08-19T22:54:29.012Z,3676,2026-08-19T22:54:29.012Z,DRD-SF,Springfield,2caac1da-4db4-431b-998d-21dc6fd03dce,SAMMS-SFv5
202608192252097984,202608192152669582,202608192152666995,85,4194,Bronze INV,br_ReAssessmentSocial,TASK_COMPLETE,FAILED,ERROR,260,260,1,SAMMS INV pipeline failed. Check the failed parent/child activity run details.,2026-08-19T21:53:13.467Z,2026-08-19T22:54:29.012Z,3676,2026-08-19T22:54:29.012Z,ELC,Elizabeth City,2caac1da-4db4-431b-998d-21dc6fd03dce,SAMMS-ElizabethCity
202608192252097985,202608192152669583,202608192152666995,85,4195,Bronze INV,br_ReAssessmentSocial,TASK_COMPLETE,FAILED,ERROR,128,128,1,SAMMS INV pipeline failed. Check the failed parent/child activity run details.,2026-08-19T21:53:13.467Z,2026-08-19T22:54:29.012Z,3676,2026-08-19T22:54:29.012Z,ET,Elizabethtown,2caac1da-4db4-431b-998d-21dc6fd03dce,SAMMS-Elizabethtown
202608192252097986,202608192152669584,202608192152666995,85,4196,Bronze INV,br_ReAssessmentSocial,TASK_COMPLETE,FAILED,ERROR,0,0,1,SAMMS INV pipeline failed. Check the failed parent/child activity run details.,2026-08-19T21:53:13.467Z,2026-08-19T22:54:29.012Z,3676,2026-08-19T22:54:29.012Z,FAY,Fayetteville,2caac1da-4db4-431b-998d-21dc6fd03dce,SAMMS-Fayetteville
202608192252097987,202608192152669585,202608192152666995,85,4197,Bronze INV,br_ReAssessmentSocial,TASK_COMPLETE,FAILED,ERROR,156,156,1,SAMMS INV pipeline failed. Check the failed parent/child activity run details.,2026-08-19T21:53:13.467Z,2026-08-19T22:54:29.012Z,3676,2026-08-19T22:54:29.012Z,FR,Frankfort,2caac1da-4db4-431b-998d-21dc6fd03dce,SAMMS-Frankfort
202608192252097988,202608192152669586,202608192152666995,85,4198,Bronze INV,br_ReAssessmentSocial,TASK_COMPLETE,FAILED,ERROR,0,0,1,SAMMS INV pipeline failed. Check the failed parent/child activity run details.,2026-08-19T21:53:13.467Z,2026-08-19T22:54:29.012Z,3676,2026-08-19T22:54:29.012Z,FS,Fort Smith,2caac1da-4db4-431b-998d-21dc6fd03dce,SAMMS-FortSmith
202608192252097990,202608192152669587,202608192152666995,85,4199,Bronze INV,br_ReAssessmentSocial,TASK_COMPLETE,FAILED,ERROR,465,465,1,SAMMS INV pipeline failed. Check the failed parent/child activity run details.,2026-08-19T21:53:13.467Z,2026-08-19T22:54:29.012Z,3676,2026-08-19T22:54:29.012Z,FW,Fort Wayne,2caac1da-4db4-431b-998d-21dc6fd03dce,SAMMS-FortWayne
202608192252097991,202608192152669588,202608192152666995,85,4200,Bronze INV,br_ReAssessmentSocial,TASK_COMPLETE,FAILED,ERROR,273,273,1,SAMMS INV pipeline failed. Check the failed parent/child activity run details.,2026-08-19T21:53:13.467Z,2026-08-19T22:54:29.012Z,3676,2026-08-19T22:54:29.012Z,GAL,Gaylord,2caac1da-4db4-431b-998d-21dc6fd03dce,SAMMS-Gaylord
202608192252097992,202608192152669589,202608192152666995,85,4204,Bronze INV,br_ReAssessmentSocial,TASK_COMPLETE,FAILED,ERROR,100,100,1,SAMMS INV pipeline failed. Check the failed parent/child activity run details.,2026-08-19T21:53:13.467Z,2026-08-19T22:54:29.012Z,3676,2026-08-19T22:54:29.012Z,HGT,Hagerstown,2caac1da-4db4-431b-998d-21dc6fd03dce,SAMMS-Hagerstown
202608192252097993,202608192152669590,202608192152666995,85,4205,Bronze INV,br_ReAssessmentSocial,TASK_COMPLETE,FAILED,ERROR,1718,1718,1,SAMMS INV pipeline failed. Check the failed parent/child activity run details.,2026-08-19T21:53:13.467Z,2026-08-19T22:54:29.012Z,3676,2026-08-19T22:54:29.012Z,HNT,Huntsville,2caac1da-4db4-431b-998d-21dc6fd03dce,SAMMS-Huntsville
202608192252097994,202608192152669591,202608192152666995,85,4206,Bronze INV,br_ReAssessmentSocial,TASK_COMPLETE,FAILED,ERROR,0,0,1,SAMMS INV pipeline failed. Check the failed parent/child activity run details.,2026-08-19T21:53:13.467Z,2026-08-19T22:54:29.012Z,3676,2026-08-19T22:54:29.012Z,HS,Hot Springs,2caac1da-4db4-431b-998d-21dc6fd03dce,SAMMS-HotSprings
202608192252097995,202608192152669592,202608192152666995,85,4207,Bronze INV,br_ReAssessmentSocial,TASK_COMPLETE,FAILED,ERROR,0,0,1,SAMMS INV pipeline failed. Check the failed parent/child activity run details.,2026-08-19T21:53:13.467Z,2026-08-19T22:54:29.012Z,3676,2026-08-19T22:54:29.012Z,JON,Jonesboro,2caac1da-4db4-431b-998d-21dc6fd03dce,SAMMS-Jonesboro
202608192252097997,202608192152669593,202608192152666995,85,4209,Bronze INV,br_ReAssessmentSocial,TASK_COMPLETE,FAILED,ERROR,444,444,1,SAMMS INV pipeline failed. Check the failed parent/child activity run details.,2026-08-19T21:53:13.467Z,2026-08-19T22:54:29.012Z,3676,2026-08-19T22:54:29.012Z,LAN,Lansing,2caac1da-4db4-431b-998d-21dc6fd03dce,SAMMS-Lansing
202608192252097998,202608192152669594,202608192152666995,85,4210,Bronze INV,br_ReAssessmentSocial,TASK_COMPLETE,FAILED,ERROR,1286,1286,1,SAMMS INV pipeline failed. Check the failed parent/child activity run details.,2026-08-19T21:53:13.467Z,2026-08-19T22:54:29.012Z,3676,2026-08-19T22:54:29.012Z,LO,Louisville,2caac1da-4db4-431b-998d-21dc6fd03dce,SAMMS-Louisville
202608192252097999,202608192152669595,202608192152666995,85,4211,Bronze INV,br_ReAssessmentSocial,TASK_COMPLETE,FAILED,ERROR,291,291,1,SAMMS INV pipeline failed. Check the failed parent/child activity run details.,2026-08-19T21:53:13.467Z,2026-08-19T22:54:29.012Z,3676,2026-08-19T22:54:29.012Z,LV1,Cheyenne,2caac1da-4db4-431b-998d-21dc6fd03dce,SAMMS-Cheyenne
202608192252098000,202608192152669596,202608192152666995,85,4212,Bronze INV,br_ReAssessmentSocial,TASK_COMPLETE,FAILED,ERROR,204,204,1,SAMMS INV pipeline failed. Check the failed parent/child activity run details.,2026-08-19T21:53:13.467Z,2026-08-19T22:54:29.012Z,3676,2026-08-19T22:54:29.012Z,LV2,Desert Inn,2caac1da-4db4-431b-998d-21dc6fd03dce,SAMMS-DesertInn
202608192252098001,202608192152669597,202608192152666995,85,4213,Bronze INV,br_ReAssessmentSocial,TASK_COMPLETE,FAILED,ERROR,110,110,1,SAMMS INV pipeline failed. Check the failed parent/child activity run details.,2026-08-19T21:53:13.467Z,2026-08-19T22:54:29.012Z,3676,2026-08-19T22:54:29.012Z,LV3,McDaniel,2caac1da-4db4-431b-998d-21dc6fd03dce,SAMMS-McDaniel
202608192252098002,202608192152669598,202608192152666995,85,4216,Bronze INV,br_ReAssessmentSocial,TASK_COMPLETE,FAILED,ERROR,358,358,1,SAMMS INV pipeline failed. Check the failed parent/child activity run details.,2026-08-19T21:53:13.467Z,2026-08-19T22:54:29.012Z,3676,2026-08-19T22:54:29.012Z,MNRE,Monroe,2caac1da-4db4-431b-998d-21dc6fd03dce,SAMMS-Monroe
202608192252098003,202608192152669599,202608192152666995,85,4217,Bronze INV,br_ReAssessmentSocial,TASK_COMPLETE,FAILED,ERROR,1422,1422,1,SAMMS INV pipeline failed. Check the failed parent/child activity run details.,2026-08-19T21:53:13.467Z,2026-08-19T22:54:29.012Z,3676,2026-08-19T22:54:29.012Z,MP,Mt. Pleasant,2caac1da-4db4-431b-998d-21dc6fd03dce,SAMMS-MtPleasant
202608192252098005,202608192152669600,202608192152666995,85,4218,Bronze INV,br_ReAssessmentSocial,TASK_COMPLETE,FAILED,ERROR,153,153,1,SAMMS INV pipeline failed. Check the failed parent/child activity run details.,2026-08-19T21:53:13.467Z,2026-08-19T22:54:29.012Z,3676,2026-08-19T22:54:29.012Z,MRD,Meridian,2caac1da-4db4-431b-998d-21dc6fd03dce,SAMMS-Meridian
202608192252098006,202608192152669601,202608192152666995,85,4223,Bronze INV,br_ReAssessmentSocial,TASK_COMPLETE,FAILED,ERROR,693,693,1,SAMMS INV pipeline failed. Check the failed parent/child activity run details.,2026-08-19T21:53:13.467Z,2026-08-19T22:54:29.012Z,3676,2026-08-19T22:54:29.012Z,NC,North Charleston,2caac1da-4db4-431b-998d-21dc6fd03dce,SAMMS-NorthCharleston
202608192252098007,202608192152669602,202608192152666995,85,4224,Bronze INV,br_ReAssessmentSocial,TASK_COMPLETE,FAILED,ERROR,0,0,1,SAMMS INV pipeline failed. Check the failed parent/child activity run details.,2026-08-19T21:53:13.467Z,2026-08-19T22:54:29.012Z,3676,2026-08-19T22:54:29.012Z,NLR,N. Little Rock,2caac1da-4db4-431b-998d-21dc6fd03dce,SAMMS-NLROBOT
202608192252098008,202608192152669603,202608192152666995,85,4225,Bronze INV,br_ReAssessmentSocial,TASK_COMPLETE,FAILED,ERROR,111,111,1,SAMMS INV pipeline failed. Check the failed parent/child activity run details.,2026-08-19T21:53:13.467Z,2026-08-19T22:54:29.012Z,3676,2026-08-19T22:54:29.012Z,PH,Phoenix,2caac1da-4db4-431b-998d-21dc6fd03dce,SAMMS-Phoenix
202608192252098009,202608192152669604,202608192152666995,85,4229,Bronze INV,br_ReAssessmentSocial,TASK_COMPLETE,FAILED,ERROR,213,213,1,SAMMS INV pipeline failed. Check the failed parent/child activity run details.,2026-08-19T21:53:13.467Z,2026-08-19T22:54:29.012Z,3676,2026-08-19T22:54:29.012Z,RE,Reno,2caac1da-4db4-431b-998d-21dc6fd03dce,SAMMS-Reno
202608192252098010,202608192152669605,202608192152666995,85,4230,Bronze INV,br_ReAssessmentSocial,TASK_COMPLETE,FAILED,ERROR,87,87,1,SAMMS INV pipeline failed. Check the failed parent/child activity run details.,2026-08-19T21:53:13.467Z,2026-08-19T22:54:29.012Z,3676,2026-08-19T22:54:29.012Z,RMD,Richmond,2caac1da-4db4-431b-998d-21dc6fd03dce,SAMMS-Richmond
202608192252098012,202608192152669606,202608192152666995,85,4231,Bronze INV,br_ReAssessmentSocial,TASK_COMPLETE,FAILED,ERROR,589,589,1,SAMMS INV pipeline failed. Check the failed parent/child activity run details.,2026-08-19T21:53:13.467Z,2026-08-19T22:54:29.012Z,3676,2026-08-19T22:54:29.012Z,SFN,Springfield North,2caac1da-4db4-431b-998d-21dc6fd03dce,SAMMS-SFNv5
202608192252098013,202608192152669607,202608192152666995,85,4232,Bronze INV,br_ReAssessmentSocial,TASK_COMPLETE,FAILED,ERROR,762,762,1,SAMMS INV pipeline failed. Check the failed parent/child activity run details.,2026-08-19T21:53:13.467Z,2026-08-19T22:54:29.012Z,3676,2026-08-19T22:54:29.012Z,SHP,Shreveport,2caac1da-4db4-431b-998d-21dc6fd03dce,SAMMS-Shreveport
202608192252098014,202608192152669608,202608192152666995,85,4234,Bronze INV,br_ReAssessmentSocial,TASK_COMPLETE,FAILED,ERROR,483,483,1,SAMMS INV pipeline failed. Check the failed parent/child activity run details.,2026-08-19T21:53:13.467Z,2026-08-19T22:54:29.012Z,3676,2026-08-19T22:54:29.012Z,STN,Staunton,2caac1da-4db4-431b-998d-21dc6fd03dce,SAMMS-Staunton
202608192252098015,202608192152669609,202608192152666995,85,4235,Bronze INV,br_ReAssessmentSocial,TASK_COMPLETE,FAILED,ERROR,225,225,1,SAMMS INV pipeline failed. Check the failed parent/child activity run details.,2026-08-19T21:53:13.467Z,2026-08-19T22:54:29.012Z,3676,2026-08-19T22:54:29.012Z,STVN,Stevenson,2caac1da-4db4-431b-998d-21dc6fd03dce,SAMMS-Stevenson
202608192252098016,202608192152669610,202608192152666995,85,4237,Bronze INV,br_ReAssessmentSocial,TASK_COMPLETE,FAILED,ERROR,173,173,1,SAMMS INV pipeline failed. Check the failed parent/child activity run details.,2026-08-19T21:53:13.467Z,2026-08-19T22:54:29.012Z,3676,2026-08-19T22:54:29.012Z,TE,Tempe,2caac1da-4db4-431b-998d-21dc6fd03dce,SAMMS-Tempe
202608192252098017,202608192152669611,202608192152666995,85,4238,Bronze INV,br_ReAssessmentSocial,TASK_COMPLETE,FAILED,ERROR,0,0,1,SAMMS INV pipeline failed. Check the failed parent/child activity run details.,2026-08-19T21:53:13.467Z,2026-08-19T22:54:29.012Z,3676,2026-08-19T22:54:29.012Z,TEX,Texarkana,2caac1da-4db4-431b-998d-21dc6fd03dce,SAMMS-Texarkana
202608192252098019,202608192152669612,202608192152666995,85,4239,Bronze INV,br_ReAssessmentSocial,TASK_COMPLETE,FAILED,ERROR,1069,1069,1,SAMMS INV pipeline failed. Check the failed parent/child activity run details.,2026-08-19T21:53:13.467Z,2026-08-19T22:54:29.012Z,3676,2026-08-19T22:54:29.012Z,TTCA,Bessemer,2caac1da-4db4-431b-998d-21dc6fd03dce,SAMMS-BessemerV5
202608192252098020,202608192152669613,202608192152666995,85,4240,Bronze INV,br_ReAssessmentSocial,TASK_COMPLETE,FAILED,ERROR,1315,1315,1,SAMMS INV pipeline failed. Check the failed parent/child activity run details.,2026-08-19T21:53:13.467Z,2026-08-19T22:54:29.012Z,3676,2026-08-19T22:54:29.012Z,TTCB,Cullman,2caac1da-4db4-431b-998d-21dc6fd03dce,SAMMS-CullmanV5
202608192252098021,202608192152669614,202608192152666995,85,4241,Bronze INV,br_ReAssessmentSocial,TASK_COMPLETE,FAILED,ERROR,939,939,1,SAMMS INV pipeline failed. Check the failed parent/child activity run details.,2026-08-19T21:53:13.467Z,2026-08-19T22:54:29.012Z,3676,2026-08-19T22:54:29.012Z,TTCC,Grand Bay,2caac1da-4db4-431b-998d-21dc6fd03dce,SAMMS-GrandBay
202608192252098022,202608192152669615,202608192152666995,85,4242,Bronze INV,br_ReAssessmentSocial,TASK_COMPLETE,FAILED,ERROR,15,15,1,SAMMS INV pipeline failed. Check the failed parent/child activity run details.,2026-08-19T21:53:13.467Z,2026-08-19T22:54:29.012Z,3676,2026-08-19T22:54:29.012Z,TU,Tucson,2caac1da-4db4-431b-998d-21dc6fd03dce,SAMMS-Tucson
202608192252098023,202608192152669616,202608192152666995,85,4244,Bronze INV,br_ReAssessmentSocial,TASK_COMPLETE,FAILED,ERROR,660,660,1,SAMMS INV pipeline failed. Check the failed parent/child activity run details.,2026-08-19T21:53:13.467Z,2026-08-19T22:54:29.012Z,3676,2026-08-19T22:54:29.012Z,V1,Memphis South,2caac1da-4db4-431b-998d-21dc6fd03dce,SAMMS-VCPHCS-I-MemphisV5
202608192252098024,202608192152669617,202608192152666995,85,4245,Bronze INV,br_ReAssessmentSocial,TASK_COMPLETE,FAILED,ERROR,1626,1626,1,SAMMS INV pipeline failed. Check the failed parent/child activity run details.,2026-08-19T21:53:13.467Z,2026-08-19T22:54:29.012Z,3676,2026-08-19T22:54:29.012Z,V10,Longmont,2caac1da-4db4-431b-998d-21dc6fd03dce,SAMMS-BoulderV5
202608192252098026,202608192152669618,202608192152666995,85,4246,Bronze INV,br_ReAssessmentSocial,TASK_COMPLETE,FAILED,ERROR,1511,1511,1,SAMMS INV pipeline failed. Check the failed parent/child activity run details.,2026-08-19T21:53:13.467Z,2026-08-19T22:54:29.012Z,3676,2026-08-19T22:54:29.012Z,V10A,Fort Collins,2caac1da-4db4-431b-998d-21dc6fd03dce,SAMMS-FortCollinsV5
202608192252098027,202608192152669619,202608192152666995,85,4247,Bronze INV,br_ReAssessmentSocial,TASK_COMPLETE,FAILED,ERROR,2864,2864,1,SAMMS INV pipeline failed. Check the failed parent/child activity run details.,2026-08-19T21:53:13.467Z,2026-08-19T22:54:29.012Z,3676,2026-08-19T22:54:29.012Z,V11,Westminster,2caac1da-4db4-431b-998d-21dc6fd03dce,SAMMS-VCPHCS-XI-NorthDenverV5
202608192252098028,202608192152669620,202608192152666995,85,4248,Bronze INV,br_ReAssessmentSocial,TASK_COMPLETE,FAILED,ERROR,3024,3024,1,SAMMS INV pipeline failed. Check the failed parent/child activity run details.,2026-08-19T21:53:13.467Z,2026-08-19T22:54:29.012Z,3676,2026-08-19T22:54:29.012Z,V12,Downtown Denver,2caac1da-4db4-431b-998d-21dc6fd03dce,SAMMS-VCPHCS-XII-DowntownDenverV5
202608192252098029,202608192152669621,202608192152666995,85,4249,Bronze INV,br_ReAssessmentSocial,TASK_COMPLETE,FAILED,ERROR,1132,1132,1,SAMMS INV pipeline failed. Check the failed parent/child activity run details.,2026-08-19T21:53:13.467Z,2026-08-19T22:54:29.012Z,3676,2026-08-19T22:54:29.012Z,V12A,Centennial,2caac1da-4db4-431b-998d-21dc6fd03dce,SAMMS-CentennialV5
202608192252098030,202608192152669622,202608192152666995,85,4250,Bronze INV,br_ReAssessmentSocial,TASK_COMPLETE,FAILED,ERROR,293,293,1,SAMMS INV pipeline failed. Check the failed parent/child activity run details.,2026-08-19T21:53:13.467Z,2026-08-19T22:54:29.012Z,3676,2026-08-19T22:54:29.012Z,V14,Overland Park,2caac1da-4db4-431b-998d-21dc6fd03dce,SAMMS-VCPHCS-XIV-BridgewayV5
202608192252098031,202608192152669623,202608192152666995,85,4251,Bronze INV,br_ReAssessmentSocial,TASK_COMPLETE,FAILED,ERROR,608,608,1,SAMMS INV pipeline failed. Check the failed parent/child activity run details.,2026-08-19T21:53:13.467Z,2026-08-19T22:54:29.012Z,3676,2026-08-19T22:54:29.012Z,V15,Joplin,2caac1da-4db4-431b-998d-21dc6fd03dce,SAMMS-JoplinV5
202608192252098032,202608192152669624,202608192152666995,85,4253,Bronze INV,br_ReAssessmentSocial,TASK_COMPLETE,FAILED,ERROR,901,901,1,SAMMS INV pipeline failed. Check the failed parent/child activity run details.,2026-08-19T21:53:13.467Z,2026-08-19T22:54:29.012Z,3676,2026-08-19T22:54:29.012Z,V17,Columbia TN,2caac1da-4db4-431b-998d-21dc6fd03dce,SAMMS-ColumbiaTNv5
202608192252098034,202608192152669625,202608192152666995,85,4255,Bronze INV,br_ReAssessmentSocial,TASK_COMPLETE,FAILED,ERROR,533,533,1,SAMMS INV pipeline failed. Check the failed parent/child activity run details.,2026-08-19T21:53:13.467Z,2026-08-19T22:54:29.012Z,3676,2026-08-19T22:54:29.012Z,V19,Jackson,2caac1da-4db4-431b-998d-21dc6fd03dce,SAMMS-JacksonV5
202608192252098035,202608192152669626,202608192152666995,85,4257,Bronze INV,br_ReAssessmentSocial,TASK_COMPLETE,FAILED,ERROR,1758,1758,1,SAMMS INV pipeline failed. Check the failed parent/child activity run details.,2026-08-19T21:53:13.467Z,2026-08-19T22:54:29.012Z,3676,2026-08-19T22:54:29.012Z,V20,Paris,2caac1da-4db4-431b-998d-21dc6fd03dce,SAMMS-ParisV5
202608192252098036,202608192152669627,202608192152666995,85,4258,Bronze INV,br_ReAssessmentSocial,TASK_COMPLETE,FAILED,ERROR,723,723,1,SAMMS INV pipeline failed. Check the failed parent/child activity run details.,2026-08-19T21:53:13.467Z,2026-08-19T22:54:29.012Z,3676,2026-08-19T22:54:29.012Z,V21,Memphis North,2caac1da-4db4-431b-998d-21dc6fd03dce,SAMMS-RaleighV5
202608192252098037,202608192152669628,202608192152666995,85,4261,Bronze INV,br_ReAssessmentSocial,TASK_COMPLETE,FAILED,ERROR,1770,1770,1,SAMMS INV pipeline failed. Check the failed parent/child activity run details.,2026-08-19T21:53:13.467Z,2026-08-19T22:54:29.012Z,3676,2026-08-19T22:54:29.012Z,V5,West Bank,2caac1da-4db4-431b-998d-21dc6fd03dce,SAMMS-NONTCv5
202608192252098038,202608192152669629,202608192152666995,85,4263,Bronze INV,br_ReAssessmentSocial,TASK_COMPLETE,FAILED,ERROR,144,144,1,SAMMS INV pipeline failed. Check the failed parent/child activity run details.,2026-08-19T21:53:13.467Z,2026-08-19T22:54:29.012Z,3676,2026-08-19T22:54:29.012Z,V5B,Houma,2caac1da-4db4-431b-998d-21dc6fd03dce,SAMMS-HoumaV6
202608192252098039,202608192152669630,202608192152666995,85,4264,Bronze INV,br_ReAssessmentSocial,TASK_COMPLETE,FAILED,ERROR,1906,1906,1,SAMMS INV pipeline failed. Check the failed parent/child activity run details.,2026-08-19T21:53:13.467Z,2026-08-19T22:54:29.012Z,3676,2026-08-19T22:54:29.012Z,V6,Lake Charles,2caac1da-4db4-431b-998d-21dc6fd03dce,SAMMS-LCv5
202608192252098041,202608192152669631,202608192152666995,85,4266,Bronze INV,br_ReAssessmentSocial,TASK_COMPLETE,FAILED,ERROR,739,739,1,SAMMS INV pipeline failed. Check the failed parent/child activity run details.,2026-08-19T21:53:13.467Z,2026-08-19T22:54:29.012Z,3676,2026-08-19T22:54:29.012Z,V8,Memphis Midtown,2caac1da-4db4-431b-998d-21dc6fd03dce,SAMMS-VCPHCS-VIII-MemphisV5
202608192252098042,202608192152669632,202608192152666995,85,4267,Bronze INV,br_ReAssessmentSocial,TASK_COMPLETE,FAILED,ERROR,1760,1760,1,SAMMS INV pipeline failed. Check the failed parent/child activity run details.,2026-08-19T21:53:13.467Z,2026-08-19T22:54:29.012Z,3676,2026-08-19T22:54:29.012Z,V9,Nashville,2caac1da-4db4-431b-998d-21dc6fd03dce,SAMMS-NashvilleV5
202608192252098043,202608192152669633,202608192152666995,85,4268,Bronze INV,br_ReAssessmentSocial,TASK_COMPLETE,FAILED,ERROR,838,838,1,SAMMS INV pipeline failed. Check the failed parent/child activity run details.,2026-08-19T21:53:13.467Z,2026-08-19T22:54:29.012Z,3676,2026-08-19T22:54:29.012Z,VBRA,Brainerd,2caac1da-4db4-431b-998d-21dc6fd03dce,SAMMS-BrainerdV6
202608192252098044,202608192152669634,202608192152666995,85,4269,Bronze INV,br_ReAssessmentSocial,TASK_COMPLETE,FAILED,ERROR,1957,1957,1,SAMMS INV pipeline failed. Check the failed parent/child activity run details.,2026-08-19T21:53:13.467Z,2026-08-19T22:54:29.012Z,3676,2026-08-19T22:54:29.012Z,VBRP,Brooklyn Park,2caac1da-4db4-431b-998d-21dc6fd03dce,SAMMS-BrooklynParkV6
202608192252098045,202608192152669635,202608192152666995,85,4271,Bronze INV,br_ReAssessmentSocial,TASK_COMPLETE,FAILED,ERROR,740,740,1,SAMMS INV pipeline failed. Check the failed parent/child activity run details.,2026-08-19T21:53:13.467Z,2026-08-19T22:54:29.012Z,3676,2026-08-19T22:54:29.012Z,VMIN,Minneapolis,2caac1da-4db4-431b-998d-21dc6fd03dce,SAMMS-MinneapolisV6
202608192252098046,202608192152669636,202608192152666995,85,4272,Bronze INV,br_ReAssessmentSocial,TASK_COMPLETE,FAILED,ERROR,876,876,1,SAMMS INV pipeline failed. Check the failed parent/child activity run details.,2026-08-19T21:53:13.467Z,2026-08-19T22:54:29.012Z,3676,2026-08-19T22:54:29.012Z,VWBY,Woodbury,2caac1da-4db4-431b-998d-21dc6fd03dce,SAMMS-WoodburyV6
202608192252098048,202608192152669637,202608192152666995,85,4274,Bronze INV,br_ReAssessmentSocial,TASK_COMPLETE,FAILED,ERROR,161,161,1,SAMMS INV pipeline failed. Check the failed parent/child activity run details.,2026-08-19T21:53:13.467Z,2026-08-19T22:54:29.012Z,3676,2026-08-19T22:54:29.012Z,WIL,Wilson,2caac1da-4db4-431b-998d-21dc6fd03dce,SAMMS-Wilson
202608192252098149,202608192152767010,202608192152766995,86,5734,Silver INV,sl_ReAssessmentSocial,TASK_COMPLETE,SUCCESS,INFO,78434,78434,0,,2026-08-19T21:53:13.467Z,2026-08-19T22:54:29.012Z,3676,2026-08-19T22:54:29.012Z,,,2caac1da-4db4-431b-998d-21dc6fd03dce,
202608192252098075,202608192152669408,202608192152666995,85,4278,Bronze INV,br_ReAssessmentSubstanceUse,TASK_COMPLETE,FAILED,ERROR,35,35,1,SAMMS INV pipeline failed. Check the failed parent/child activity run details.,2026-08-19T21:53:13.467Z,2026-08-19T22:54:29.012Z,3676,2026-08-19T22:54:29.012Z,AHK,Ahoskie,2caac1da-4db4-431b-998d-21dc6fd03dce,SAMMS-Ahoskie
202608192252098076,202608192152669409,202608192152666995,85,4279,Bronze INV,br_ReAssessmentSubstanceUse,TASK_COMPLETE,FAILED,ERROR,673,673,1,SAMMS INV pipeline failed. Check the failed parent/child activity run details.,2026-08-19T21:53:13.467Z,2026-08-19T22:54:29.012Z,3676,2026-08-19T22:54:29.012Z,B12B,Colorado Springs,2caac1da-4db4-431b-998d-21dc6fd03dce,SAMMS-ColoradoSpringsV5
202608192252098077,202608192152669410,202608192152666995,85,4280,Bronze INV,br_ReAssessmentSubstanceUse,TASK_COMPLETE,FAILED,ERROR,848,848,1,SAMMS INV pipeline failed. Check the failed parent/child activity run details.,2026-08-19T21:53:13.467Z,2026-08-19T22:54:29.012Z,3676,2026-08-19T22:54:29.012Z,B24,Paintsville,2caac1da-4db4-431b-998d-21dc6fd03dce,SAMMS-PaintsvilleV5
202608192252098078,202608192152669411,202608192152666995,85,4281,Bronze INV,br_ReAssessmentSubstanceUse,TASK_COMPLETE,FAILED,ERROR,649,649,1,SAMMS INV pipeline failed. Check the failed parent/child activity run details.,2026-08-19T21:53:13.467Z,2026-08-19T22:54:29.012Z,3676,2026-08-19T22:54:29.012Z,B25,Pikeville,2caac1da-4db4-431b-998d-21dc6fd03dce,SAMMS-PikevilleV5
202608192252098079,202608192152669412,202608192152666995,85,4282,Bronze INV,br_ReAssessmentSubstanceUse,TASK_COMPLETE,FAILED,ERROR,973,973,1,SAMMS INV pipeline failed. Check the failed parent/child activity run details.,2026-08-19T21:53:13.467Z,2026-08-19T22:54:29.012Z,3676,2026-08-19T22:54:29.012Z,B26,Hazard,2caac1da-4db4-431b-998d-21dc6fd03dce,SAMMS-HazardV5
202608192252098081,202608192152669413,202608192152666995,85,4283,Bronze INV,br_ReAssessmentSubstanceUse,TASK_COMPLETE,FAILED,ERROR,538,538,1,SAMMS INV pipeline failed. Check the failed parent/child activity run details.,2026-08-19T21:53:13.467Z,2026-08-19T22:54:29.012Z,3676,2026-08-19T22:54:29.012Z,B27,Savannah,2caac1da-4db4-431b-998d-21dc6fd03dce,SAMMS-SavannahV6
202608192252098082,202608192152669414,202608192152666995,85,4284,Bronze INV,br_ReAssessmentSubstanceUse,TASK_COMPLETE,FAILED,ERROR,248,248,1,SAMMS INV pipeline failed. Check the failed parent/child activity run details.,2026-08-19T21:53:13.467Z,2026-08-19T22:54:29.012Z,3676,2026-08-19T22:54:29.012Z,B28,West Plains,2caac1da-4db4-431b-998d-21dc6fd03dce,SAMMS-WestPlainesV5
202608192252098083,202608192152669415,202608192152666995,85,4285,Bronze INV,br_ReAssessmentSubstanceUse,TASK_COMPLETE,FAILED,ERROR,464,464,1,SAMMS INV pipeline failed. Check the failed parent/child activity run details.,2026-08-19T21:53:13.467Z,2026-08-19T22:54:29.012Z,3676,2026-08-19T22:54:29.012Z,B29,Poplar Bluff,2caac1da-4db4-431b-998d-21dc6fd03dce,SAMMS-PoplarBluffV5
202608192252098084,202608192152669416,202608192152666995,85,4286,Bronze INV,br_ReAssessmentSubstanceUse,TASK_COMPLETE,FAILED,ERROR,82,82,1,SAMMS INV pipeline failed. Check the failed parent/child activity run details.,2026-08-19T21:53:13.467Z,2026-08-19T22:54:29.012Z,3676,2026-08-19T22:54:29.012Z,B30,KC North,2caac1da-4db4-431b-998d-21dc6fd03dce,SAMMS-KCNv5
202608192252098085,202608192152669417,202608192152666995,85,4287,Bronze INV,br_ReAssessmentSubstanceUse,TASK_COMPLETE,FAILED,ERROR,402,402,1,SAMMS INV pipeline failed. Check the failed parent/child activity run details.,2026-08-19T21:53:13.467Z,2026-08-19T22:54:29.012Z,3676,2026-08-19T22:54:29.012Z,B31,Dyersburg,2caac1da-4db4-431b-998d-21dc6fd03dce,SAMMS-DyersburgV5
202608192252098087,202608192152669418,202608192152666995,85,4289,Bronze INV,br_ReAssessmentSubstanceUse,TASK_COMPLETE,FAILED,ERROR,489,489,1,SAMMS INV pipeline failed. Check the failed parent/child activity run details.,2026-08-19T21:53:13.467Z,2026-08-19T22:54:29.012Z,3676,2026-08-19T22:54:29.012Z,B33,Paducah,2caac1da-4db4-431b-998d-21dc6fd03dce,SAMMS-Paducah
202608192252098088,202608192152669419,202608192152666995,85,4290,Bronze INV,br_ReAssessmentSubstanceUse,TASK_COMPLETE,FAILED,ERROR,388,388,1,SAMMS INV pipeline failed. Check the failed parent/child activity run details.,2026-08-19T21:53:13.467Z,2026-08-19T22:54:29.012Z,3676,2026-08-19T22:54:29.012Z,B34,Corbin,2caac1da-4db4-431b-998d-21dc6fd03dce,SAMMS-CorbinV5
202608192252098089,202608192152669420,202608192152666995,85,4291,Bronze INV,br_ReAssessmentSubstanceUse,TASK_COMPLETE,FAILED,ERROR,243,243,1,SAMMS INV pipeline failed. Check the failed parent/child activity run details.,2026-08-19T21:53:13.467Z,2026-08-19T22:54:29.012Z,3676,2026-08-19T22:54:29.012Z,B35,Lexington,2caac1da-4db4-431b-998d-21dc6fd03dce,SAMMS-LexingtonV5
202608192252098090,202608192152669421,202608192152666995,85,4292,Bronze INV,br_ReAssessmentSubstanceUse,TASK_COMPLETE,FAILED,ERROR,77,77,1,SAMMS INV pipeline failed. Check the failed parent/child activity run details.,2026-08-19T21:53:13.467Z,2026-08-19T22:54:29.012Z,3676,2026-08-19T22:54:29.012Z,B35A,Berea,2caac1da-4db4-431b-998d-21dc6fd03dce,SAMMS-BereaV5
202608192252098091,202608192152669422,202608192152666995,85,4293,Bronze INV,br_ReAssessmentSubstanceUse,TASK_COMPLETE,FAILED,ERROR,22,22,1,SAMMS INV pipeline failed. Check the failed parent/child activity run details.,2026-08-19T21:53:13.467Z,2026-08-19T22:54:29.012Z,3676,2026-08-19T22:54:29.012Z,B36,Asheville,2caac1da-4db4-431b-998d-21dc6fd03dce,SAMMS-AshevilleV5
202608192252098092,202608192152669423,202608192152666995,85,4294,Bronze INV,br_ReAssessmentSubstanceUse,TASK_COMPLETE,FAILED,ERROR,2,2,1,SAMMS INV pipeline failed. Check the failed parent/child activity run details.,2026-08-19T21:53:13.467Z,2026-08-19T22:54:29.012Z,3676,2026-08-19T22:54:29.012Z,B37,Clyde,2caac1da-4db4-431b-998d-21dc6fd03dce,SAMMS-ClydeV5
202608192252098093,202608192152669424,202608192152666995,85,4295,Bronze INV,br_ReAssessmentSubstanceUse,TASK_COMPLETE,FAILED,ERROR,1194,1194,1,SAMMS INV pipeline failed. Check the failed parent/child activity run details.,2026-08-19T21:53:13.467Z,2026-08-19T22:54:29.012Z,3676,2026-08-19T22:54:29.012Z,B38,Spartanburg,2caac1da-4db4-431b-998d-21dc6fd03dce,SAMMS-SpartanburgV5
202608192252098095,202608192152669425,202608192152666995,85,4296,Bronze INV,br_ReAssessmentSubstanceUse,TASK_COMPLETE,FAILED,ERROR,367,367,1,SAMMS INV pipeline failed. Check the failed parent/child activity run details.,2026-08-19T21:53:13.467Z,2026-08-19T22:54:29.012Z,3676,2026-08-19T22:54:29.012Z,B39,Aiken,2caac1da-4db4-431b-998d-21dc6fd03dce,SAMMS-AikenV5
202608192252098096,202608192152669426,202608192152666995,85,4297,Bronze INV,br_ReAssessmentSubstanceUse,TASK_COMPLETE,FAILED,ERROR,1908,1908,1,SAMMS INV pipeline failed. Check the failed parent/child activity run details.,2026-08-19T21:53:13.467Z,2026-08-19T22:54:29.012Z,3676,2026-08-19T22:54:29.012Z,B41,Chesapeake,2caac1da-4db4-431b-998d-21dc6fd03dce,SAMMS-ChesapeakeV5
202608192252098097,202608192152669427,202608192152666995,85,4298,Bronze INV,br_ReAssessmentSubstanceUse,TASK_COMPLETE,FAILED,ERROR,1938,1938,1,SAMMS INV pipeline failed. Check the failed parent/child activity run details.,2026-08-19T21:53:13.467Z,2026-08-19T22:54:29.012Z,3676,2026-08-19T22:54:29.012Z,B42,Virginia Beach,2caac1da-4db4-431b-998d-21dc6fd03dce,SAMMS-VirginiaBeachV5
202608192252098098,202608192152669428,202608192152666995,85,4299,Bronze INV,br_ReAssessmentSubstanceUse,TASK_COMPLETE,FAILED,ERROR,945,945,1,SAMMS INV pipeline failed. Check the failed parent/child activity run details.,2026-08-19T21:53:13.467Z,2026-08-19T22:54:29.012Z,3676,2026-08-19T22:54:29.012Z,B42A,Newport News,2caac1da-4db4-431b-998d-21dc6fd03dce,SAMMS-NewportNewsV5
202608192252098099,202608192152669429,202608192152666995,85,4300,Bronze INV,br_ReAssessmentSubstanceUse,TASK_COMPLETE,FAILED,ERROR,515,515,1,SAMMS INV pipeline failed. Check the failed parent/child activity run details.,2026-08-19T21:53:13.467Z,2026-08-19T22:54:29.012Z,3676,2026-08-19T22:54:29.012Z,B42B,Franklin,2caac1da-4db4-431b-998d-21dc6fd03dce,SAMMS-FranklinV5
202608192252098100,202608192152669430,202608192152666995,85,4301,Bronze INV,br_ReAssessmentSubstanceUse,TASK_COMPLETE,FAILED,ERROR,352,352,1,SAMMS INV pipeline failed. Check the failed parent/child activity run details.,2026-08-19T21:53:13.467Z,2026-08-19T22:54:29.012Z,3676,2026-08-19T22:54:29.012Z,B42C,Glen Allen,2caac1da-4db4-431b-998d-21dc6fd03dce,SAMMS-GlenAllenV5
202608192252098102,202608192152669431,202608192152666995,85,4302,Bronze INV,br_ReAssessmentSubstanceUse,TASK_COMPLETE,FAILED,ERROR,1510,1510,1,SAMMS INV pipeline failed. Check the failed parent/child activity run details.,2026-08-19T21:53:13.467Z,2026-08-19T22:54:29.012Z,3676,2026-08-19T22:54:29.012Z,B42D,Chesapeake South,2caac1da-4db4-431b-998d-21dc6fd03dce,SAMMS-ChesapeakeSouthV5
202608192252098103,202608192152669432,202608192152666995,85,4303,Bronze INV,br_ReAssessmentSubstanceUse,TASK_COMPLETE,FAILED,ERROR,638,638,1,SAMMS INV pipeline failed. Check the failed parent/child activity run details.,2026-08-19T21:53:13.467Z,2026-08-19T22:54:29.012Z,3676,2026-08-19T22:54:29.012Z,B44,Albany,2caac1da-4db4-431b-998d-21dc6fd03dce,SAMMS-AlbanyV5
202608192252098104,202608192152669433,202608192152666995,85,4304,Bronze INV,br_ReAssessmentSubstanceUse,TASK_COMPLETE,FAILED,ERROR,1278,1278,1,SAMMS INV pipeline failed. Check the failed parent/child activity run details.,2026-08-19T21:53:13.467Z,2026-08-19T22:54:29.012Z,3676,2026-08-19T22:54:29.012Z,B45,Tifton,2caac1da-4db4-431b-998d-21dc6fd03dce,SAMMS-TiftonV5
202608192252098105,202608192152669434,202608192152666995,85,4305,Bronze INV,br_ReAssessmentSubstanceUse,TASK_COMPLETE,FAILED,ERROR,605,605,1,SAMMS INV pipeline failed. Check the failed parent/child activity run details.,2026-08-19T21:53:13.467Z,2026-08-19T22:54:29.012Z,3676,2026-08-19T22:54:29.012Z,B46,Washington DC,2caac1da-4db4-431b-998d-21dc6fd03dce,SAMMS-WashingtonDCv5
202608192252098106,202608192152669435,202608192152666995,85,4306,Bronze INV,br_ReAssessmentSubstanceUse,TASK_COMPLETE,FAILED,ERROR,1599,1599,1,SAMMS INV pipeline failed. Check the failed parent/child activity run details.,2026-08-19T21:53:13.467Z,2026-08-19T22:54:29.012Z,3676,2026-08-19T22:54:29.012Z,B47,Mobile,2caac1da-4db4-431b-998d-21dc6fd03dce,SAMMS-MobileV5
202608192252098107,202608192152669436,202608192152666995,85,4307,Bronze INV,br_ReAssessmentSubstanceUse,TASK_COMPLETE,FAILED,ERROR,1307,1307,1,SAMMS INV pipeline failed. Check the failed parent/child activity run details.,2026-08-19T21:53:13.467Z,2026-08-19T22:54:29.012Z,3676,2026-08-19T22:54:29.012Z,B48,Tuscaloosa,2caac1da-4db4-431b-998d-21dc6fd03dce,SAMMS-TuscaloosaV5
202608192252098109,202608192152669437,202608192152666995,85,4316,Bronze INV,br_ReAssessmentSubstanceUse,TASK_COMPLETE,FAILED,ERROR,5,5,1,SAMMS INV pipeline failed. Check the failed parent/child activity run details.,2026-08-19T21:53:13.467Z,2026-08-19T22:54:29.012Z,3676,2026-08-19T22:54:29.012Z,B51,N. Little Rock (OTP),2caac1da-4db4-431b-998d-21dc6fd03dce,SAMMS-NorthLittleRockV6
202608192252098110,202608192152669438,202608192152666995,85,4317,Bronze INV,br_ReAssessmentSubstanceUse,TASK_COMPLETE,FAILED,ERROR,466,466,1,SAMMS INV pipeline failed. Check the failed parent/child activity run details.,2026-08-19T21:53:13.467Z,2026-08-19T22:54:29.012Z,3676,2026-08-19T22:54:29.012Z,B52,Jackson GA,2caac1da-4db4-431b-998d-21dc6fd03dce,SAMMS-JacksonGAV5
202608192252098111,202608192152669439,202608192152666995,85,4318,Bronze INV,br_ReAssessmentSubstanceUse,TASK_COMPLETE,FAILED,ERROR,1711,1711,1,SAMMS INV pipeline failed. Check the failed parent/child activity run details.,2026-08-19T21:53:13.467Z,2026-08-19T22:54:29.012Z,3676,2026-08-19T22:54:29.012Z,B54,Gadsden,2caac1da-4db4-431b-998d-21dc6fd03dce,SAMMS-GadsdenV5
202608192252098112,202608192152669440,202608192152666995,85,4319,Bronze INV,br_ReAssessmentSubstanceUse,TASK_COMPLETE,FAILED,ERROR,968,968,1,SAMMS INV pipeline failed. Check the failed parent/child activity run details.,2026-08-19T21:53:13.467Z,2026-08-19T22:54:29.012Z,3676,2026-08-19T22:54:29.012Z,B55,Shoals,2caac1da-4db4-431b-998d-21dc6fd03dce,SAMMS-ShoalsV5
202608192252098113,202608192152669441,202608192152666995,85,4320,Bronze INV,br_ReAssessmentSubstanceUse,TASK_COMPLETE,FAILED,ERROR,296,296,1,SAMMS INV pipeline failed. Check the failed parent/child activity run details.,2026-08-19T21:53:13.467Z,2026-08-19T22:54:29.012Z,3676,2026-08-19T22:54:29.012Z,B57,Pawtucket,2caac1da-4db4-431b-998d-21dc6fd03dce,SAMMS-Pawtucket
202608192252098115,202608192152669442,202608192152666995,85,4321,Bronze INV,br_ReAssessmentSubstanceUse,TASK_COMPLETE,FAILED,ERROR,559,559,1,SAMMS INV pipeline failed. Check the failed parent/child activity run details.,2026-08-19T21:53:13.467Z,2026-08-19T22:54:29.012Z,3676,2026-08-19T22:54:29.012Z,B57A,Johnston,2caac1da-4db4-431b-998d-21dc6fd03dce,SAMMS-Johnston
202608192252098116,202608192152669443,202608192152666995,85,4322,Bronze INV,br_ReAssessmentSubstanceUse,TASK_COMPLETE,FAILED,ERROR,169,169,1,SAMMS INV pipeline failed. Check the failed parent/child activity run details.,2026-08-19T21:53:13.467Z,2026-08-19T22:54:29.012Z,3676,2026-08-19T22:54:29.012Z,B57B,Middletown,2caac1da-4db4-431b-998d-21dc6fd03dce,SAMMS-Middletown
202608192252098117,202608192152669444,202608192152666995,85,4323,Bronze INV,br_ReAssessmentSubstanceUse,TASK_COMPLETE,FAILED,ERROR,418,418,1,SAMMS INV pipeline failed. Check the failed parent/child activity run details.,2026-08-19T21:53:13.467Z,2026-08-19T22:54:29.012Z,3676,2026-08-19T22:54:29.012Z,B57C,Providence,2caac1da-4db4-431b-998d-21dc6fd03dce,SAMMS-Providence
202608192252098118,202608192152669445,202608192152666995,85,4324,Bronze INV,br_ReAssessmentSubstanceUse,TASK_COMPLETE,FAILED,ERROR,642,642,1,SAMMS INV pipeline failed. Check the failed parent/child activity run details.,2026-08-19T21:53:13.467Z,2026-08-19T22:54:29.012Z,3676,2026-08-19T22:54:29.012Z,B57D,Westerly,2caac1da-4db4-431b-998d-21dc6fd03dce,SAMMS-Westerly
202608192252098119,202608192152669446,202608192152666995,85,4328,Bronze INV,br_ReAssessmentSubstanceUse,TASK_COMPLETE,FAILED,ERROR,4,4,1,SAMMS INV pipeline failed. Check the failed parent/child activity run details.,2026-08-19T21:53:13.467Z,2026-08-19T22:54:29.012Z,3676,2026-08-19T22:54:29.012Z,B66A,Bremen,2caac1da-4db4-431b-998d-21dc6fd03dce,SAMMS-Bremen
202608192252098120,202608192152669447,202608192152666995,85,4331,Bronze INV,br_ReAssessmentSubstanceUse,TASK_COMPLETE,FAILED,ERROR,0,0,1,SAMMS INV pipeline failed. Check the failed parent/child activity run details.,2026-08-19T21:53:13.467Z,2026-08-19T22:54:29.012Z,3676,2026-08-19T22:54:29.012Z,B72,Mobile (OBOT),2caac1da-4db4-431b-998d-21dc6fd03dce,SAMMS-Mobile-OBOT
202608192252098121,202608192152669448,202608192152666995,85,4332,Bronze INV,br_ReAssessmentSubstanceUse,TASK_COMPLETE,FAILED,ERROR,0,0,1,SAMMS INV pipeline failed. Check the failed parent/child activity run details.,2026-08-19T21:53:13.467Z,2026-08-19T22:54:29.012Z,3676,2026-08-19T22:54:29.012Z,B73,Montgomery,2caac1da-4db4-431b-998d-21dc6fd03dce,SAMMS-Montgomery
202608192252098123,202608192152669449,202608192152666995,85,4333,Bronze INV,br_ReAssessmentSubstanceUse,TASK_COMPLETE,FAILED,ERROR,523,523,1,SAMMS INV pipeline failed. Check the failed parent/child activity run details.,2026-08-19T21:53:13.467Z,2026-08-19T22:54:29.012Z,3676,2026-08-19T22:54:29.012Z,B75,Lawrence,2caac1da-4db4-431b-998d-21dc6fd03dce,SAMMS-LawrenceV6
202608192252098124,202608192152669450,202608192152666995,85,4334,Bronze INV,br_ReAssessmentSubstanceUse,TASK_COMPLETE,FAILED,ERROR,0,0,1,SAMMS INV pipeline failed. Check the failed parent/child activity run details.,2026-08-19T21:53:13.467Z,2026-08-19T22:54:29.012Z,3676,2026-08-19T22:54:29.012Z,B76,Huntsville OBOT,2caac1da-4db4-431b-998d-21dc6fd03dce,SAMMS-Huntsville-OBOT
202608192252098125,202608192152669451,202608192152666995,85,4335,Bronze INV,br_ReAssessmentSubstanceUse,TASK_COMPLETE,FAILED,ERROR,0,0,1,SAMMS INV pipeline failed. Check the failed parent/child activity run details.,2026-08-19T21:53:13.467Z,2026-08-19T22:54:29.012Z,3676,2026-08-19T22:54:29.012Z,BAT,Batesville,2caac1da-4db4-431b-998d-21dc6fd03dce,SAMMS-Batesville
202608192252098126,202608192152669452,202608192152666995,85,4336,Bronze INV,br_ReAssessmentSubstanceUse,TASK_COMPLETE,FAILED,ERROR,465,465,1,SAMMS INV pipeline failed. Check the failed parent/child activity run details.,2026-08-19T21:53:13.467Z,2026-08-19T22:54:29.012Z,3676,2026-08-19T22:54:29.012Z,BG,Bowling Green,2caac1da-4db4-431b-998d-21dc6fd03dce,SAMMS-BowlingGreen
202608192252098127,202608192152669453,202608192152666995,85,4337,Bronze INV,br_ReAssessmentSubstanceUse,TASK_COMPLETE,FAILED,ERROR,185,185,1,SAMMS INV pipeline failed. Check the failed parent/child activity run details.,2026-08-19T21:53:13.467Z,2026-08-19T22:54:29.012Z,3676,2026-08-19T22:54:29.012Z,BOI,Boise,2caac1da-4db4-431b-998d-21dc6fd03dce,SAMMS-Boise
202608192252095589,202608192152668715,202608192152666995,85,1143,Bronze INV,br_AdmissionAssessmentDimensionSix,TASK_COMPLETE,FAILED,ERROR,567,567,1,SAMMS INV pipeline failed. Check the failed parent/child activity run details.,2026-08-19T21:53:13.467Z,2026-08-19T22:54:29.012Z,3676,2026-08-19T22:54:29.012Z,VMIN,Minneapolis,2caac1da-4db4-431b-998d-21dc6fd03dce,SAMMS-MinneapolisV6
202608192252095591,202608192152668716,202608192152666995,85,1144,Bronze INV,br_AdmissionAssessmentDimensionSix,TASK_COMPLETE,FAILED,ERROR,1062,1062,1,SAMMS INV pipeline failed. Check the failed parent/child activity run details.,2026-08-19T21:53:13.467Z,2026-08-19T22:54:29.012Z,3676,2026-08-19T22:54:29.012Z,VWBY,Woodbury,2caac1da-4db4-431b-998d-21dc6fd03dce,SAMMS-WoodburyV6
202608192252095592,202608192152668717,202608192152666995,85,1146,Bronze INV,br_AdmissionAssessmentDimensionSix,TASK_COMPLETE,FAILED,ERROR,421,421,1,SAMMS INV pipeline failed. Check the failed parent/child activity run details.,2026-08-19T21:53:13.467Z,2026-08-19T22:54:29.012Z,3676,2026-08-19T22:54:29.012Z,WIL,Wilson,2caac1da-4db4-431b-998d-21dc6fd03dce,SAMMS-Wilson
202608192252095694,202608192152767002,202608192152766995,86,5726,Silver INV,sl_AdmissionAssessmentDimensionSix,TASK_COMPLETE,SUCCESS,INFO,50464,50464,0,,2026-08-19T21:53:13.467Z,2026-08-19T22:54:29.012Z,3676,2026-08-19T22:54:29.012Z,,,2caac1da-4db4-431b-998d-21dc6fd03dce,
202608192252095613,202608192152668258,202608192152666995,85,1150,Bronze INV,br_AdmissionAssessmentDimensionThree,TASK_COMPLETE,FAILED,ERROR,97,97,1,SAMMS INV pipeline failed. Check the failed parent/child activity run details.,2026-08-19T21:53:13.467Z,2026-08-19T22:54:29.012Z,3676,2026-08-19T22:54:29.012Z,AHK,Ahoskie,2caac1da-4db4-431b-998d-21dc6fd03dce,SAMMS-Ahoskie
202608192252095615,202608192152668259,202608192152666995,85,1151,Bronze INV,br_AdmissionAssessmentDimensionThree,TASK_COMPLETE,FAILED,ERROR,784,784,1,SAMMS INV pipeline failed. Check the failed parent/child activity run details.,2026-08-19T21:53:13.467Z,2026-08-19T22:54:29.012Z,3676,2026-08-19T22:54:29.012Z,B12B,Colorado Springs,2caac1da-4db4-431b-998d-21dc6fd03dce,SAMMS-ColoradoSpringsV5
202608192252095616,202608192152668260,202608192152666995,85,1152,Bronze INV,br_AdmissionAssessmentDimensionThree,TASK_COMPLETE,FAILED,ERROR,413,413,1,SAMMS INV pipeline failed. Check the failed parent/child activity run details.,2026-08-19T21:53:13.467Z,2026-08-19T22:54:29.012Z,3676,2026-08-19T22:54:29.012Z,B24,Paintsville,2caac1da-4db4-431b-998d-21dc6fd03dce,SAMMS-PaintsvilleV5
202608192252095617,202608192152668261,202608192152666995,85,1153,Bronze INV,br_AdmissionAssessmentDimensionThree,TASK_COMPLETE,FAILED,ERROR,173,173,1,SAMMS INV pipeline failed. Check the failed parent/child activity run details.,2026-08-19T21:53:13.467Z,2026-08-19T22:54:29.012Z,3676,2026-08-19T22:54:29.012Z,B25,Pikeville,2caac1da-4db4-431b-998d-21dc6fd03dce,SAMMS-PikevilleV5
202608192252095618,202608192152668262,202608192152666995,85,1154,Bronze INV,br_AdmissionAssessmentDimensionThree,TASK_COMPLETE,FAILED,ERROR,494,494,1,SAMMS INV pipeline failed. Check the failed parent/child activity run details.,2026-08-19T21:53:13.467Z,2026-08-19T22:54:29.012Z,3676,2026-08-19T22:54:29.012Z,B26,Hazard,2caac1da-4db4-431b-998d-21dc6fd03dce,SAMMS-HazardV5
202608192252095619,202608192152668263,202608192152666995,85,1155,Bronze INV,br_AdmissionAssessmentDimensionThree,TASK_COMPLETE,FAILED,ERROR,188,188,1,SAMMS INV pipeline failed. Check the failed parent/child activity run details.,2026-08-19T21:53:13.467Z,2026-08-19T22:54:29.012Z,3676,2026-08-19T22:54:29.012Z,B27,Savannah,2caac1da-4db4-431b-998d-21dc6fd03dce,SAMMS-SavannahV6
202608192252095621,202608192152668264,202608192152666995,85,1156,Bronze INV,br_AdmissionAssessmentDimensionThree,TASK_COMPLETE,FAILED,ERROR,231,231,1,SAMMS INV pipeline failed. Check the failed parent/child activity run details.,2026-08-19T21:53:13.467Z,2026-08-19T22:54:29.012Z,3676,2026-08-19T22:54:29.012Z,B28,West Plains,2caac1da-4db4-431b-998d-21dc6fd03dce,SAMMS-WestPlainesV5
202608192252095622,202608192152668265,202608192152666995,85,1157,Bronze INV,br_AdmissionAssessmentDimensionThree,TASK_COMPLETE,FAILED,ERROR,257,257,1,SAMMS INV pipeline failed. Check the failed parent/child activity run details.,2026-08-19T21:53:13.467Z,2026-08-19T22:54:29.012Z,3676,2026-08-19T22:54:29.012Z,B29,Poplar Bluff,2caac1da-4db4-431b-998d-21dc6fd03dce,SAMMS-PoplarBluffV5
202608192252095623,202608192152668266,202608192152666995,85,1158,Bronze INV,br_AdmissionAssessmentDimensionThree,TASK_COMPLETE,FAILED,ERROR,139,139,1,SAMMS INV pipeline failed. Check the failed parent/child activity run details.,2026-08-19T21:53:13.467Z,2026-08-19T22:54:29.012Z,3676,2026-08-19T22:54:29.012Z,B30,KC North,2caac1da-4db4-431b-998d-21dc6fd03dce,SAMMS-KCNv5
202608192252095624,202608192152668267,202608192152666995,85,1159,Bronze INV,br_AdmissionAssessmentDimensionThree,TASK_COMPLETE,FAILED,ERROR,340,340,1,SAMMS INV pipeline failed. Check the failed parent/child activity run details.,2026-08-19T21:53:13.467Z,2026-08-19T22:54:29.012Z,3676,2026-08-19T22:54:29.012Z,B31,Dyersburg,2caac1da-4db4-431b-998d-21dc6fd03dce,SAMMS-DyersburgV5
202608192252095625,202608192152668268,202608192152666995,85,1161,Bronze INV,br_AdmissionAssessmentDimensionThree,TASK_COMPLETE,FAILED,ERROR,213,213,1,SAMMS INV pipeline failed. Check the failed parent/child activity run details.,2026-08-19T21:53:13.467Z,2026-08-19T22:54:29.012Z,3676,2026-08-19T22:54:29.012Z,B33,Paducah,2caac1da-4db4-431b-998d-21dc6fd03dce,SAMMS-Paducah
202608192252095626,202608192152668269,202608192152666995,85,1162,Bronze INV,br_AdmissionAssessmentDimensionThree,TASK_COMPLETE,FAILED,ERROR,446,446,1,SAMMS INV pipeline failed. Check the failed parent/child activity run details.,2026-08-19T21:53:13.467Z,2026-08-19T22:54:29.012Z,3676,2026-08-19T22:54:29.012Z,B34,Corbin,2caac1da-4db4-431b-998d-21dc6fd03dce,SAMMS-CorbinV5
202608192252095627,202608192152668270,202608192152666995,85,1163,Bronze INV,br_AdmissionAssessmentDimensionThree,TASK_COMPLETE,FAILED,ERROR,718,718,1,SAMMS INV pipeline failed. Check the failed parent/child activity run details.,2026-08-19T21:53:13.467Z,2026-08-19T22:54:29.012Z,3676,2026-08-19T22:54:29.012Z,B35,Lexington,2caac1da-4db4-431b-998d-21dc6fd03dce,SAMMS-LexingtonV5
202608192252095628,202608192152668271,202608192152666995,85,1164,Bronze INV,br_AdmissionAssessmentDimensionThree,TASK_COMPLETE,FAILED,ERROR,347,347,1,SAMMS INV pipeline failed. Check the failed parent/child activity run details.,2026-08-19T21:53:13.467Z,2026-08-19T22:54:29.012Z,3676,2026-08-19T22:54:29.012Z,B35A,Berea,2caac1da-4db4-431b-998d-21dc6fd03dce,SAMMS-BereaV5
202608192252095629,202608192152668272,202608192152666995,85,1165,Bronze INV,br_AdmissionAssessmentDimensionThree,TASK_COMPLETE,FAILED,ERROR,605,605,1,SAMMS INV pipeline failed. Check the failed parent/child activity run details.,2026-08-19T21:53:13.467Z,2026-08-19T22:54:29.012Z,3676,2026-08-19T22:54:29.012Z,B36,Asheville,2caac1da-4db4-431b-998d-21dc6fd03dce,SAMMS-AshevilleV5
202608192252095631,202608192152668273,202608192152666995,85,1166,Bronze INV,br_AdmissionAssessmentDimensionThree,TASK_COMPLETE,FAILED,ERROR,448,448,1,SAMMS INV pipeline failed. Check the failed parent/child activity run details.,2026-08-19T21:53:13.467Z,2026-08-19T22:54:29.012Z,3676,2026-08-19T22:54:29.012Z,B37,Clyde,2caac1da-4db4-431b-998d-21dc6fd03dce,SAMMS-ClydeV5
202608192252095632,202608192152668274,202608192152666995,85,1167,Bronze INV,br_AdmissionAssessmentDimensionThree,TASK_COMPLETE,FAILED,ERROR,629,629,1,SAMMS INV pipeline failed. Check the failed parent/child activity run details.,2026-08-19T21:53:13.467Z,2026-08-19T22:54:29.012Z,3676,2026-08-19T22:54:29.012Z,B38,Spartanburg,2caac1da-4db4-431b-998d-21dc6fd03dce,SAMMS-SpartanburgV5
202608192252095633,202608192152668275,202608192152666995,85,1168,Bronze INV,br_AdmissionAssessmentDimensionThree,TASK_COMPLETE,FAILED,ERROR,480,480,1,SAMMS INV pipeline failed. Check the failed parent/child activity run details.,2026-08-19T21:53:13.467Z,2026-08-19T22:54:29.012Z,3676,2026-08-19T22:54:29.012Z,B39,Aiken,2caac1da-4db4-431b-998d-21dc6fd03dce,SAMMS-AikenV5
202608192252095634,202608192152668276,202608192152666995,85,1169,Bronze INV,br_AdmissionAssessmentDimensionThree,TASK_COMPLETE,FAILED,ERROR,295,295,1,SAMMS INV pipeline failed. Check the failed parent/child activity run details.,2026-08-19T21:53:13.467Z,2026-08-19T22:54:29.012Z,3676,2026-08-19T22:54:29.012Z,B41,Chesapeake,2caac1da-4db4-431b-998d-21dc6fd03dce,SAMMS-ChesapeakeV5
202608192252095635,202608192152668277,202608192152666995,85,1170,Bronze INV,br_AdmissionAssessmentDimensionThree,TASK_COMPLETE,FAILED,ERROR,533,533,1,SAMMS INV pipeline failed. Check the failed parent/child activity run details.,2026-08-19T21:53:13.467Z,2026-08-19T22:54:29.012Z,3676,2026-08-19T22:54:29.012Z,B42,Virginia Beach,2caac1da-4db4-431b-998d-21dc6fd03dce,SAMMS-VirginiaBeachV5
202608192252095636,202608192152668278,202608192152666995,85,1171,Bronze INV,br_AdmissionAssessmentDimensionThree,TASK_COMPLETE,FAILED,ERROR,165,165,1,SAMMS INV pipeline failed. Check the failed parent/child activity run details.,2026-08-19T21:53:13.467Z,2026-08-19T22:54:29.012Z,3676,2026-08-19T22:54:29.012Z,B42A,Newport News,2caac1da-4db4-431b-998d-21dc6fd03dce,SAMMS-NewportNewsV5
202608192252095637,202608192152668279,202608192152666995,85,1172,Bronze INV,br_AdmissionAssessmentDimensionThree,TASK_COMPLETE,FAILED,ERROR,58,58,1,SAMMS INV pipeline failed. Check the failed parent/child activity run details.,2026-08-19T21:53:13.467Z,2026-08-19T22:54:29.012Z,3676,2026-08-19T22:54:29.012Z,B42B,Franklin,2caac1da-4db4-431b-998d-21dc6fd03dce,SAMMS-FranklinV5
202608192252095638,202608192152668280,202608192152666995,85,1173,Bronze INV,br_AdmissionAssessmentDimensionThree,TASK_COMPLETE,FAILED,ERROR,337,337,1,SAMMS INV pipeline failed. Check the failed parent/child activity run details.,2026-08-19T21:53:13.467Z,2026-08-19T22:54:29.012Z,3676,2026-08-19T22:54:29.012Z,B42C,Glen Allen,2caac1da-4db4-431b-998d-21dc6fd03dce,SAMMS-GlenAllenV5
202608192252095639,202608192152668281,202608192152666995,85,1174,Bronze INV,br_AdmissionAssessmentDimensionThree,TASK_COMPLETE,FAILED,ERROR,175,175,1,SAMMS INV pipeline failed. Check the failed parent/child activity run details.,2026-08-19T21:53:13.467Z,2026-08-19T22:54:29.012Z,3676,2026-08-19T22:54:29.012Z,B42D,Chesapeake South,2caac1da-4db4-431b-998d-21dc6fd03dce,SAMMS-ChesapeakeSouthV5
202608192252095640,202608192152668282,202608192152666995,85,1175,Bronze INV,br_AdmissionAssessmentDimensionThree,TASK_COMPLETE,FAILED,ERROR,205,205,1,SAMMS INV pipeline failed. Check the failed parent/child activity run details.,2026-08-19T21:53:13.467Z,2026-08-19T22:54:29.012Z,3676,2026-08-19T22:54:29.012Z,B44,Albany,2caac1da-4db4-431b-998d-21dc6fd03dce,SAMMS-AlbanyV5
202608192252095642,202608192152668283,202608192152666995,85,1176,Bronze INV,br_AdmissionAssessmentDimensionThree,TASK_COMPLETE,FAILED,ERROR,301,301,1,SAMMS INV pipeline failed. Check the failed parent/child activity run details.,2026-08-19T21:53:13.467Z,2026-08-19T22:54:29.012Z,3676,2026-08-19T22:54:29.012Z,B45,Tifton,2caac1da-4db4-431b-998d-21dc6fd03dce,SAMMS-TiftonV5
202608192252095643,202608192152668284,202608192152666995,85,1177,Bronze INV,br_AdmissionAssessmentDimensionThree,TASK_COMPLETE,FAILED,ERROR,659,659,1,SAMMS INV pipeline failed. Check the failed parent/child activity run details.,2026-08-19T21:53:13.467Z,2026-08-19T22:54:29.012Z,3676,2026-08-19T22:54:29.012Z,B46,Washington DC,2caac1da-4db4-431b-998d-21dc6fd03dce,SAMMS-WashingtonDCv5
202608192252095644,202608192152668285,202608192152666995,85,1178,Bronze INV,br_AdmissionAssessmentDimensionThree,TASK_COMPLETE,FAILED,ERROR,349,349,1,SAMMS INV pipeline failed. Check the failed parent/child activity run details.,2026-08-19T21:53:13.467Z,2026-08-19T22:54:29.012Z,3676,2026-08-19T22:54:29.012Z,B47,Mobile,2caac1da-4db4-431b-998d-21dc6fd03dce,SAMMS-MobileV5
202608192252095645,202608192152668286,202608192152666995,85,1179,Bronze INV,br_AdmissionAssessmentDimensionThree,TASK_COMPLETE,FAILED,ERROR,445,445,1,SAMMS INV pipeline failed. Check the failed parent/child activity run details.,2026-08-19T21:53:13.467Z,2026-08-19T22:54:29.012Z,3676,2026-08-19T22:54:29.012Z,B48,Tuscaloosa,2caac1da-4db4-431b-998d-21dc6fd03dce,SAMMS-TuscaloosaV5
202608192252095646,202608192152668287,202608192152666995,85,1188,Bronze INV,br_AdmissionAssessmentDimensionThree,TASK_COMPLETE,FAILED,ERROR,310,310,1,SAMMS INV pipeline failed. Check the failed parent/child activity run details.,2026-08-19T21:53:13.467Z,2026-08-19T22:54:29.012Z,3676,2026-08-19T22:54:29.012Z,B51,N. Little Rock (OTP),2caac1da-4db4-431b-998d-21dc6fd03dce,SAMMS-NorthLittleRockV6
202608192252095647,202608192152668288,202608192152666995,85,1189,Bronze INV,br_AdmissionAssessmentDimensionThree,TASK_COMPLETE,FAILED,ERROR,156,156,1,SAMMS INV pipeline failed. Check the failed parent/child activity run details.,2026-08-19T21:53:13.467Z,2026-08-19T22:54:29.012Z,3676,2026-08-19T22:54:29.012Z,B52,Jackson GA,2caac1da-4db4-431b-998d-21dc6fd03dce,SAMMS-JacksonGAV5
202608192252095648,202608192152668289,202608192152666995,85,1190,Bronze INV,br_AdmissionAssessmentDimensionThree,TASK_COMPLETE,FAILED,ERROR,466,466,1,SAMMS INV pipeline failed. Check the failed parent/child activity run details.,2026-08-19T21:53:13.467Z,2026-08-19T22:54:29.012Z,3676,2026-08-19T22:54:29.012Z,B54,Gadsden,2caac1da-4db4-431b-998d-21dc6fd03dce,SAMMS-GadsdenV5
202608192252095649,202608192152668290,202608192152666995,85,1191,Bronze INV,br_AdmissionAssessmentDimensionThree,TASK_COMPLETE,FAILED,ERROR,480,480,1,SAMMS INV pipeline failed. Check the failed parent/child activity run details.,2026-08-19T21:53:13.467Z,2026-08-19T22:54:29.012Z,3676,2026-08-19T22:54:29.012Z,B55,Shoals,2caac1da-4db4-431b-998d-21dc6fd03dce,SAMMS-ShoalsV5
202608192252095650,202608192152668291,202608192152666995,85,1192,Bronze INV,br_AdmissionAssessmentDimensionThree,TASK_COMPLETE,FAILED,ERROR,179,179,1,SAMMS INV pipeline failed. Check the failed parent/child activity run details.,2026-08-19T21:53:13.467Z,2026-08-19T22:54:29.012Z,3676,2026-08-19T22:54:29.012Z,B57,Pawtucket,2caac1da-4db4-431b-998d-21dc6fd03dce,SAMMS-Pawtucket
202608192252095652,202608192152668292,202608192152666995,85,1193,Bronze INV,br_AdmissionAssessmentDimensionThree,TASK_COMPLETE,FAILED,ERROR,167,167,1,SAMMS INV pipeline failed. Check the failed parent/child activity run details.,2026-08-19T21:53:13.467Z,2026-08-19T22:54:29.012Z,3676,2026-08-19T22:54:29.012Z,B57A,Johnston,2caac1da-4db4-431b-998d-21dc6fd03dce,SAMMS-Johnston
202608192252095653,202608192152668293,202608192152666995,85,1194,Bronze INV,br_AdmissionAssessmentDimensionThree,TASK_COMPLETE,FAILED,ERROR,87,87,1,SAMMS INV pipeline failed. Check the failed parent/child activity run details.,2026-08-19T21:53:13.467Z,2026-08-19T22:54:29.012Z,3676,2026-08-19T22:54:29.012Z,B57B,Middletown,2caac1da-4db4-431b-998d-21dc6fd03dce,SAMMS-Middletown
202608192252095654,202608192152668294,202608192152666995,85,1195,Bronze INV,br_AdmissionAssessmentDimensionThree,TASK_COMPLETE,FAILED,ERROR,174,174,1,SAMMS INV pipeline failed. Check the failed parent/child activity run details.,2026-08-19T21:53:13.467Z,2026-08-19T22:54:29.012Z,3676,2026-08-19T22:54:29.012Z,B57C,Providence,2caac1da-4db4-431b-998d-21dc6fd03dce,SAMMS-Providence
202608192252095655,202608192152668295,202608192152666995,85,1196,Bronze INV,br_AdmissionAssessmentDimensionThree,TASK_COMPLETE,FAILED,ERROR,251,251,1,SAMMS INV pipeline failed. Check the failed parent/child activity run details.,2026-08-19T21:53:13.467Z,2026-08-19T22:54:29.012Z,3676,2026-08-19T22:54:29.012Z,B57D,Westerly,2caac1da-4db4-431b-998d-21dc6fd03dce,SAMMS-Westerly
202608192252095656,202608192152668296,202608192152666995,85,1200,Bronze INV,br_AdmissionAssessmentDimensionThree,TASK_COMPLETE,FAILED,ERROR,362,362,1,SAMMS INV pipeline failed. Check the failed parent/child activity run details.,2026-08-19T21:53:13.467Z,2026-08-19T22:54:29.012Z,3676,2026-08-19T22:54:29.012Z,B66A,Bremen,2caac1da-4db4-431b-998d-21dc6fd03dce,SAMMS-Bremen
202608192252095657,202608192152668297,202608192152666995,85,1203,Bronze INV,br_AdmissionAssessmentDimensionThree,TASK_COMPLETE,FAILED,ERROR,16,16,1,SAMMS INV pipeline failed. Check the failed parent/child activity run details.,2026-08-19T21:53:13.467Z,2026-08-19T22:54:29.012Z,3676,2026-08-19T22:54:29.012Z,B72,Mobile (OBOT),2caac1da-4db4-431b-998d-21dc6fd03dce,SAMMS-Mobile-OBOT
202608192252095658,202608192152668298,202608192152666995,85,1204,Bronze INV,br_AdmissionAssessmentDimensionThree,TASK_COMPLETE,FAILED,ERROR,2,2,1,SAMMS INV pipeline failed. Check the failed parent/child activity run details.,2026-08-19T21:53:13.467Z,2026-08-19T22:54:29.012Z,3676,2026-08-19T22:54:29.012Z,B73,Montgomery,2caac1da-4db4-431b-998d-21dc6fd03dce,SAMMS-Montgomery
202608192252095659,202608192152668299,202608192152666995,85,1205,Bronze INV,br_AdmissionAssessmentDimensionThree,TASK_COMPLETE,FAILED,ERROR,322,322,1,SAMMS INV pipeline failed. Check the failed parent/child activity run details.,2026-08-19T21:53:13.467Z,2026-08-19T22:54:29.012Z,3676,2026-08-19T22:54:29.012Z,B75,Lawrence,2caac1da-4db4-431b-998d-21dc6fd03dce,SAMMS-LawrenceV6
202608192252095661,202608192152668300,202608192152666995,85,1206,Bronze INV,br_AdmissionAssessmentDimensionThree,TASK_COMPLETE,FAILED,ERROR,49,49,1,SAMMS INV pipeline failed. Check the failed parent/child activity run details.,2026-08-19T21:53:13.467Z,2026-08-19T22:54:29.012Z,3676,2026-08-19T22:54:29.012Z,B76,Huntsville OBOT,2caac1da-4db4-431b-998d-21dc6fd03dce,SAMMS-Huntsville-OBOT
202608192252095662,202608192152668301,202608192152666995,85,1207,Bronze INV,br_AdmissionAssessmentDimensionThree,TASK_COMPLETE,FAILED,ERROR,294,294,1,SAMMS INV pipeline failed. Check the failed parent/child activity run details.,2026-08-19T21:53:13.467Z,2026-08-19T22:54:29.012Z,3676,2026-08-19T22:54:29.012Z,BAT,Batesville,2caac1da-4db4-431b-998d-21dc6fd03dce,SAMMS-Batesville
202608192252095663,202608192152668302,202608192152666995,85,1208,Bronze INV,br_AdmissionAssessmentDimensionThree,TASK_COMPLETE,FAILED,ERROR,240,240,1,SAMMS INV pipeline failed. Check the failed parent/child activity run details.,2026-08-19T21:53:13.467Z,2026-08-19T22:54:29.012Z,3676,2026-08-19T22:54:29.012Z,BG,Bowling Green,2caac1da-4db4-431b-998d-21dc6fd03dce,SAMMS-BowlingGreen
202608192252095664,202608192152668303,202608192152666995,85,1209,Bronze INV,br_AdmissionAssessmentDimensionThree,TASK_COMPLETE,FAILED,ERROR,219,219,1,SAMMS INV pipeline failed. Check the failed parent/child activity run details.,2026-08-19T21:53:13.467Z,2026-08-19T22:54:29.012Z,3676,2026-08-19T22:54:29.012Z,BOI,Boise,2caac1da-4db4-431b-998d-21dc6fd03dce,SAMMS-Boise
202608192252095665,202608192152668304,202608192152666995,85,1216,Bronze INV,br_AdmissionAssessmentDimensionThree,TASK_COMPLETE,FAILED,ERROR,283,283,1,SAMMS INV pipeline failed. Check the failed parent/child activity run details.,2026-08-19T21:53:13.467Z,2026-08-19T22:54:29.012Z,3676,2026-08-19T22:54:29.012Z,CBCO,Coeur dAlene,2caac1da-4db4-431b-998d-21dc6fd03dce,SAMMS-CoeurdAleneV6
202608192252095666,202608192152668305,202608192152666995,85,1235,Bronze INV,br_AdmissionAssessmentDimensionThree,TASK_COMPLETE,FAILED,ERROR,297,297,1,SAMMS INV pipeline failed. Check the failed parent/child activity run details.,2026-08-19T21:53:13.467Z,2026-08-19T22:54:29.012Z,3676,2026-08-19T22:54:29.012Z,CON,Conway,2caac1da-4db4-431b-998d-21dc6fd03dce,SAMMS-Conway
202608192252095667,202608192152668306,202608192152666995,85,1236,Bronze INV,br_AdmissionAssessmentDimensionThree,TASK_COMPLETE,FAILED,ERROR,1548,1548,1,SAMMS INV pipeline failed. Check the failed parent/child activity run details.,2026-08-19T21:53:13.467Z,2026-08-19T22:54:29.012Z,3676,2026-08-19T22:54:29.012Z,D07,Medical Services Knox TN,2caac1da-4db4-431b-998d-21dc6fd03dce,SAMMS-KnoxvilleV6
202608192252095668,202608192152668307,202608192152666995,85,1237,Bronze INV,br_AdmissionAssessmentDimensionThree,TASK_COMPLETE,FAILED,ERROR,963,963,1,SAMMS INV pipeline failed. Check the failed parent/child activity run details.,2026-08-19T21:53:13.467Z,2026-08-19T22:54:29.012Z,3676,2026-08-19T22:54:29.012Z,D08,Madison,2caac1da-4db4-431b-998d-21dc6fd03dce,SAMMS-MadisonV6
202608192252095669,202608192152668308,202608192152666995,85,1239,Bronze INV,br_AdmissionAssessmentDimensionThree,TASK_COMPLETE,FAILED,ERROR,939,939,1,SAMMS INV pipeline failed. Check the failed parent/child activity run details.,2026-08-19T21:53:13.467Z,2026-08-19T22:54:29.012Z,3676,2026-08-19T22:54:29.012Z,D09,Murfreesboro,2caac1da-4db4-431b-998d-21dc6fd03dce,SAMMS-MurfreesboroV6
202608192252095671,202608192152668309,202608192152666995,85,1240,Bronze INV,br_AdmissionAssessmentDimensionThree,TASK_COMPLETE,FAILED,ERROR,218,218,1,SAMMS INV pipeline failed. Check the failed parent/child activity run details.,2026-08-19T21:53:13.467Z,2026-08-19T22:54:29.012Z,3676,2026-08-19T22:54:29.012Z,DA,Davenport,2caac1da-4db4-431b-998d-21dc6fd03dce,SAMMS-Davenport
202608192252095672,202608192152668310,202608192152666995,85,1241,Bronze INV,br_AdmissionAssessmentDimensionThree,TASK_COMPLETE,FAILED,ERROR,348,348,1,SAMMS INV pipeline failed. Check the failed parent/child activity run details.,2026-08-19T21:53:13.467Z,2026-08-19T22:54:29.012Z,3676,2026-08-19T22:54:29.012Z,DM,Des Moines,2caac1da-4db4-431b-998d-21dc6fd03dce,SAMMS-DesMoines
202608192252095673,202608192152668311,202608192152666995,85,1243,Bronze INV,br_AdmissionAssessmentDimensionThree,TASK_COMPLETE,FAILED,ERROR,472,472,1,SAMMS INV pipeline failed. Check the failed parent/child activity run details.,2026-08-19T21:53:13.467Z,2026-08-19T22:54:29.012Z,3676,2026-08-19T22:54:29.012Z,DRD-CO,Columbia MO,2caac1da-4db4-431b-998d-21dc6fd03dce,SAMMS-ColumbiaV5
202608192252095674,202608192152668312,202608192152666995,85,1244,Bronze INV,br_AdmissionAssessmentDimensionThree,TASK_COMPLETE,FAILED,ERROR,592,592,1,SAMMS INV pipeline failed. Check the failed parent/child activity run details.,2026-08-19T21:53:13.467Z,2026-08-19T22:54:29.012Z,3676,2026-08-19T22:54:29.012Z,DRD-KC,KC,2caac1da-4db4-431b-998d-21dc6fd03dce,SAMMS-KCv5
202608192252095675,202608192152668313,202608192152666995,85,1245,Bronze INV,br_AdmissionAssessmentDimensionThree,TASK_COMPLETE,FAILED,ERROR,949,949,1,SAMMS INV pipeline failed. Check the failed parent/child activity run details.,2026-08-19T21:53:13.467Z,2026-08-19T22:54:29.012Z,3676,2026-08-19T22:54:29.012Z,DRD-KVB,KVB,2caac1da-4db4-431b-998d-21dc6fd03dce,SAMMS-KVBv5
202608192252095676,202608192152668314,202608192152666995,85,1246,Bronze INV,br_AdmissionAssessmentDimensionThree,TASK_COMPLETE,FAILED,ERROR,1570,1570,1,SAMMS INV pipeline failed. Check the failed parent/child activity run details.,2026-08-19T21:53:13.467Z,2026-08-19T22:54:29.012Z,3676,2026-08-19T22:54:29.012Z,DRD-KVC,KVC,2caac1da-4db4-431b-998d-21dc6fd03dce,SAMMS-KVCv5
202608192252095677,202608192152668315,202608192152666995,85,1247,Bronze INV,br_AdmissionAssessmentDimensionThree,TASK_COMPLETE,FAILED,ERROR,1254,1254,1,SAMMS INV pipeline failed. Check the failed parent/child activity run details.,2026-08-19T21:53:13.467Z,2026-08-19T22:54:29.012Z,3676,2026-08-19T22:54:29.012Z,DRD-NOLA,NOLA,2caac1da-4db4-431b-998d-21dc6fd03dce,SAMMS-NOLAv5
202608192252095678,202608192152668316,202608192152666995,85,1248,Bronze INV,br_AdmissionAssessmentDimensionThree,TASK_COMPLETE,FAILED,ERROR,738,738,1,SAMMS INV pipeline failed. Check the failed parent/child activity run details.,2026-08-19T21:53:13.467Z,2026-08-19T22:54:29.012Z,3676,2026-08-19T22:54:29.012Z,DRD-SF,Springfield,2caac1da-4db4-431b-998d-21dc6fd03dce,SAMMS-SFv5
202608192252095679,202608192152668317,202608192152666995,85,1250,Bronze INV,br_AdmissionAssessmentDimensionThree,TASK_COMPLETE,FAILED,ERROR,251,251,1,SAMMS INV pipeline failed. Check the failed parent/child activity run details.,2026-08-19T21:53:13.467Z,2026-08-19T22:54:29.012Z,3676,2026-08-19T22:54:29.012Z,ELC,Elizabeth City,2caac1da-4db4-431b-998d-21dc6fd03dce,SAMMS-ElizabethCity
202608192252095681,202608192152668318,202608192152666995,85,1251,Bronze INV,br_AdmissionAssessmentDimensionThree,TASK_COMPLETE,FAILED,ERROR,261,261,1,SAMMS INV pipeline failed. Check the failed parent/child activity run details.,2026-08-19T21:53:13.467Z,2026-08-19T22:54:29.012Z,3676,2026-08-19T22:54:29.012Z,ET,Elizabethtown,2caac1da-4db4-431b-998d-21dc6fd03dce,SAMMS-Elizabethtown
202608192252095682,202608192152668319,202608192152666995,85,1252,Bronze INV,br_AdmissionAssessmentDimensionThree,TASK_COMPLETE,FAILED,ERROR,224,224,1,SAMMS INV pipeline failed. Check the failed parent/child activity run details.,2026-08-19T21:53:13.467Z,2026-08-19T22:54:29.012Z,3676,2026-08-19T22:54:29.012Z,FAY,Fayetteville,2caac1da-4db4-431b-998d-21dc6fd03dce,SAMMS-Fayetteville
202608192252095683,202608192152668320,202608192152666995,85,1253,Bronze INV,br_AdmissionAssessmentDimensionThree,TASK_COMPLETE,FAILED,ERROR,182,182,1,SAMMS INV pipeline failed. Check the failed parent/child activity run details.,2026-08-19T21:53:13.467Z,2026-08-19T22:54:29.012Z,3676,2026-08-19T22:54:29.012Z,FR,Frankfort,2caac1da-4db4-431b-998d-21dc6fd03dce,SAMMS-Frankfort
202608192252095684,202608192152668321,202608192152666995,85,1254,Bronze INV,br_AdmissionAssessmentDimensionThree,TASK_COMPLETE,FAILED,ERROR,278,278,1,SAMMS INV pipeline failed. Check the failed parent/child activity run details.,2026-08-19T21:53:13.467Z,2026-08-19T22:54:29.012Z,3676,2026-08-19T22:54:29.012Z,FS,Fort Smith,2caac1da-4db4-431b-998d-21dc6fd03dce,SAMMS-FortSmith
202608192252095685,202608192152668322,202608192152666995,85,1255,Bronze INV,br_AdmissionAssessmentDimensionThree,TASK_COMPLETE,FAILED,ERROR,678,678,1,SAMMS INV pipeline failed. Check the failed parent/child activity run details.,2026-08-19T21:53:13.467Z,2026-08-19T22:54:29.012Z,3676,2026-08-19T22:54:29.012Z,FW,Fort Wayne,2caac1da-4db4-431b-998d-21dc6fd03dce,SAMMS-FortWayne
202608192252095686,202608192152668323,202608192152666995,85,1256,Bronze INV,br_AdmissionAssessmentDimensionThree,TASK_COMPLETE,FAILED,ERROR,103,103,1,SAMMS INV pipeline failed. Check the failed parent/child activity run details.,2026-08-19T21:53:13.467Z,2026-08-19T22:54:29.012Z,3676,2026-08-19T22:54:29.012Z,GAL,Gaylord,2caac1da-4db4-431b-998d-21dc6fd03dce,SAMMS-Gaylord
202608192252095687,202608192152668324,202608192152666995,85,1260,Bronze INV,br_AdmissionAssessmentDimensionThree,TASK_COMPLETE,FAILED,ERROR,617,617,1,SAMMS INV pipeline failed. Check the failed parent/child activity run details.,2026-08-19T21:53:13.467Z,2026-08-19T22:54:29.012Z,3676,2026-08-19T22:54:29.012Z,HGT,Hagerstown,2caac1da-4db4-431b-998d-21dc6fd03dce,SAMMS-Hagerstown
202608192252095688,202608192152668325,202608192152666995,85,1261,Bronze INV,br_AdmissionAssessmentDimensionThree,TASK_COMPLETE,FAILED,ERROR,470,470,1,SAMMS INV pipeline failed. Check the failed parent/child activity run details.,2026-08-19T21:53:13.467Z,2026-08-19T22:54:29.012Z,3676,2026-08-19T22:54:29.012Z,HNT,Huntsville,2caac1da-4db4-431b-998d-21dc6fd03dce,SAMMS-Huntsville
202608192252095689,202608192152668326,202608192152666995,85,1262,Bronze INV,br_AdmissionAssessmentDimensionThree,TASK_COMPLETE,FAILED,ERROR,303,303,1,SAMMS INV pipeline failed. Check the failed parent/child activity run details.,2026-08-19T21:53:13.467Z,2026-08-19T22:54:29.012Z,3676,2026-08-19T22:54:29.012Z,HS,Hot Springs,2caac1da-4db4-431b-998d-21dc6fd03dce,SAMMS-HotSprings
202608192252095690,202608192152668327,202608192152666995,85,1263,Bronze INV,br_AdmissionAssessmentDimensionThree,TASK_COMPLETE,FAILED,ERROR,267,267,1,SAMMS INV pipeline failed. Check the failed parent/child activity run details.,2026-08-19T21:53:13.467Z,2026-08-19T22:54:29.012Z,3676,2026-08-19T22:54:29.012Z,JON,Jonesboro,2caac1da-4db4-431b-998d-21dc6fd03dce,SAMMS-Jonesboro
202608192252095692,202608192152668328,202608192152666995,85,1265,Bronze INV,br_AdmissionAssessmentDimensionThree,TASK_COMPLETE,FAILED,ERROR,156,156,1,SAMMS INV pipeline failed. Check the failed parent/child activity run details.,2026-08-19T21:53:13.467Z,2026-08-19T22:54:29.012Z,3676,2026-08-19T22:54:29.012Z,LAN,Lansing,2caac1da-4db4-431b-998d-21dc6fd03dce,SAMMS-Lansing
202608192252095693,202608192152668329,202608192152666995,85,1266,Bronze INV,br_AdmissionAssessmentDimensionThree,TASK_COMPLETE,FAILED,ERROR,429,429,1,SAMMS INV pipeline failed. Check the failed parent/child activity run details.,2026-08-19T21:53:13.467Z,2026-08-19T22:54:29.012Z,3676,2026-08-19T22:54:29.012Z,LO,Louisville,2caac1da-4db4-431b-998d-21dc6fd03dce,SAMMS-Louisville
202608192252095694,202608192152668330,202608192152666995,85,1267,Bronze INV,br_AdmissionAssessmentDimensionThree,TASK_COMPLETE,FAILED,ERROR,1178,1178,1,SAMMS INV pipeline failed. Check the failed parent/child activity run details.,2026-08-19T21:53:13.467Z,2026-08-19T22:54:29.012Z,3676,2026-08-19T22:54:29.012Z,LV1,Cheyenne,2caac1da-4db4-431b-998d-21dc6fd03dce,SAMMS-Cheyenne
202608192252095695,202608192152668331,202608192152666995,85,1268,Bronze INV,br_AdmissionAssessmentDimensionThree,TASK_COMPLETE,FAILED,ERROR,937,937,1,SAMMS INV pipeline failed. Check the failed parent/child activity run details.,2026-08-19T21:53:13.467Z,2026-08-19T22:54:29.012Z,3676,2026-08-19T22:54:29.012Z,LV2,Desert Inn,2caac1da-4db4-431b-998d-21dc6fd03dce,SAMMS-DesertInn
202608192252095696,202608192152668332,202608192152666995,85,1269,Bronze INV,br_AdmissionAssessmentDimensionThree,TASK_COMPLETE,FAILED,ERROR,312,312,1,SAMMS INV pipeline failed. Check the failed parent/child activity run details.,2026-08-19T21:53:13.467Z,2026-08-19T22:54:29.012Z,3676,2026-08-19T22:54:29.012Z,LV3,McDaniel,2caac1da-4db4-431b-998d-21dc6fd03dce,SAMMS-McDaniel
202608192252095697,202608192152668333,202608192152666995,85,1272,Bronze INV,br_AdmissionAssessmentDimensionThree,TASK_COMPLETE,FAILED,ERROR,270,270,1,SAMMS INV pipeline failed. Check the failed parent/child activity run details.,2026-08-19T21:53:13.467Z,2026-08-19T22:54:29.012Z,3676,2026-08-19T22:54:29.012Z,MNRE,Monroe,2caac1da-4db4-431b-998d-21dc6fd03dce,SAMMS-Monroe
202608192252095698,202608192152668334,202608192152666995,85,1273,Bronze INV,br_AdmissionAssessmentDimensionThree,TASK_COMPLETE,FAILED,ERROR,124,124,1,SAMMS INV pipeline failed. Check the failed parent/child activity run details.,2026-08-19T21:53:13.467Z,2026-08-19T22:54:29.012Z,3676,2026-08-19T22:54:29.012Z,MP,Mt. Pleasant,2caac1da-4db4-431b-998d-21dc6fd03dce,SAMMS-MtPleasant
202608192252095700,202608192152668335,202608192152666995,85,1274,Bronze INV,br_AdmissionAssessmentDimensionThree,TASK_COMPLETE,FAILED,ERROR,168,168,1,SAMMS INV pipeline failed. Check the failed parent/child activity run details.,2026-08-19T21:53:13.467Z,2026-08-19T22:54:29.012Z,3676,2026-08-19T22:54:29.012Z,MRD,Meridian,2caac1da-4db4-431b-998d-21dc6fd03dce,SAMMS-Meridian
202608192252095701,202608192152668336,202608192152666995,85,1279,Bronze INV,br_AdmissionAssessmentDimensionThree,TASK_COMPLETE,FAILED,ERROR,629,629,1,SAMMS INV pipeline failed. Check the failed parent/child activity run details.,2026-08-19T21:53:13.467Z,2026-08-19T22:54:29.012Z,3676,2026-08-19T22:54:29.012Z,NC,North Charleston,2caac1da-4db4-431b-998d-21dc6fd03dce,SAMMS-NorthCharleston
202608192252095702,202608192152668337,202608192152666995,85,1280,Bronze INV,br_AdmissionAssessmentDimensionThree,TASK_COMPLETE,FAILED,ERROR,560,560,1,SAMMS INV pipeline failed. Check the failed parent/child activity run details.,2026-08-19T21:53:13.467Z,2026-08-19T22:54:29.012Z,3676,2026-08-19T22:54:29.012Z,NLR,N. Little Rock,2caac1da-4db4-431b-998d-21dc6fd03dce,SAMMS-NLROBOT
202608192252095703,202608192152668338,202608192152666995,85,1281,Bronze INV,br_AdmissionAssessmentDimensionThree,TASK_COMPLETE,FAILED,ERROR,0,0,1,SAMMS INV pipeline failed. Check the failed parent/child activity run details.,2026-08-19T21:53:13.467Z,2026-08-19T22:54:29.012Z,3676,2026-08-19T22:54:29.012Z,PH,Phoenix,2caac1da-4db4-431b-998d-21dc6fd03dce,SAMMS-Phoenix
202608192252095704,202608192152668339,202608192152666995,85,1285,Bronze INV,br_AdmissionAssessmentDimensionThree,TASK_COMPLETE,FAILED,ERROR,407,407,1,SAMMS INV pipeline failed. Check the failed parent/child activity run details.,2026-08-19T21:53:13.467Z,2026-08-19T22:54:29.012Z,3676,2026-08-19T22:54:29.012Z,RE,Reno,2caac1da-4db4-431b-998d-21dc6fd03dce,SAMMS-Reno
202608192252095705,202608192152668340,202608192152666995,85,1286,Bronze INV,br_AdmissionAssessmentDimensionThree,TASK_COMPLETE,FAILED,ERROR,389,389,1,SAMMS INV pipeline failed. Check the failed parent/child activity run details.,2026-08-19T21:53:13.467Z,2026-08-19T22:54:29.012Z,3676,2026-08-19T22:54:29.012Z,RMD,Richmond,2caac1da-4db4-431b-998d-21dc6fd03dce,SAMMS-Richmond
202608192252095706,202608192152668341,202608192152666995,85,1287,Bronze INV,br_AdmissionAssessmentDimensionThree,TASK_COMPLETE,FAILED,ERROR,481,481,1,SAMMS INV pipeline failed. Check the failed parent/child activity run details.,2026-08-19T21:53:13.467Z,2026-08-19T22:54:29.012Z,3676,2026-08-19T22:54:29.012Z,SFN,Springfield North,2caac1da-4db4-431b-998d-21dc6fd03dce,SAMMS-SFNv5
202608192252095707,202608192152668342,202608192152666995,85,1288,Bronze INV,br_AdmissionAssessmentDimensionThree,TASK_COMPLETE,FAILED,ERROR,448,448,1,SAMMS INV pipeline failed. Check the failed parent/child activity run details.,2026-08-19T21:53:13.467Z,2026-08-19T22:54:29.012Z,3676,2026-08-19T22:54:29.012Z,SHP,Shreveport,2caac1da-4db4-431b-998d-21dc6fd03dce,SAMMS-Shreveport
202608192252095708,202608192152668343,202608192152666995,85,1290,Bronze INV,br_AdmissionAssessmentDimensionThree,TASK_COMPLETE,FAILED,ERROR,81,81,1,SAMMS INV pipeline failed. Check the failed parent/child activity run details.,2026-08-19T21:53:13.467Z,2026-08-19T22:54:29.012Z,3676,2026-08-19T22:54:29.012Z,STN,Staunton,2caac1da-4db4-431b-998d-21dc6fd03dce,SAMMS-Staunton
202608192252095709,202608192152668344,202608192152666995,85,1291,Bronze INV,br_AdmissionAssessmentDimensionThree,TASK_COMPLETE,FAILED,ERROR,53,53,1,SAMMS INV pipeline failed. Check the failed parent/child activity run details.,2026-08-19T21:53:13.467Z,2026-08-19T22:54:29.012Z,3676,2026-08-19T22:54:29.012Z,STVN,Stevenson,2caac1da-4db4-431b-998d-21dc6fd03dce,SAMMS-Stevenson
202608192252095711,202608192152668345,202608192152666995,85,1293,Bronze INV,br_AdmissionAssessmentDimensionThree,TASK_COMPLETE,FAILED,ERROR,70,70,1,SAMMS INV pipeline failed. Check the failed parent/child activity run details.,2026-08-19T21:53:13.467Z,2026-08-19T22:54:29.012Z,3676,2026-08-19T22:54:29.012Z,TE,Tempe,2caac1da-4db4-431b-998d-21dc6fd03dce,SAMMS-Tempe
202608192252095712,202608192152668346,202608192152666995,85,1294,Bronze INV,br_AdmissionAssessmentDimensionThree,TASK_COMPLETE,FAILED,ERROR,362,362,1,SAMMS INV pipeline failed. Check the failed parent/child activity run details.,2026-08-19T21:53:13.467Z,2026-08-19T22:54:29.012Z,3676,2026-08-19T22:54:29.012Z,TEX,Texarkana,2caac1da-4db4-431b-998d-21dc6fd03dce,SAMMS-Texarkana
202608192252095713,202608192152668347,202608192152666995,85,1295,Bronze INV,br_AdmissionAssessmentDimensionThree,TASK_COMPLETE,FAILED,ERROR,422,422,1,SAMMS INV pipeline failed. Check the failed parent/child activity run details.,2026-08-19T21:53:13.467Z,2026-08-19T22:54:29.012Z,3676,2026-08-19T22:54:29.012Z,TTCA,Bessemer,2caac1da-4db4-431b-998d-21dc6fd03dce,SAMMS-BessemerV5
202608192252095714,202608192152668348,202608192152666995,85,1296,Bronze INV,br_AdmissionAssessmentDimensionThree,TASK_COMPLETE,FAILED,ERROR,0,0,1,SAMMS INV pipeline failed. Check the failed parent/child activity run details.,2026-08-19T21:53:13.467Z,2026-08-19T22:54:29.012Z,3676,2026-08-19T22:54:29.012Z,TTCB,Cullman,2caac1da-4db4-431b-998d-21dc6fd03dce,SAMMS-CullmanV5
202608192252095715,202608192152668349,202608192152666995,85,1297,Bronze INV,br_AdmissionAssessmentDimensionThree,TASK_COMPLETE,FAILED,ERROR,300,300,1,SAMMS INV pipeline failed. Check the failed parent/child activity run details.,2026-08-19T21:53:13.467Z,2026-08-19T22:54:29.012Z,3676,2026-08-19T22:54:29.012Z,TTCC,Grand Bay,2caac1da-4db4-431b-998d-21dc6fd03dce,SAMMS-GrandBay
202608192252095716,202608192152668350,202608192152666995,85,1298,Bronze INV,br_AdmissionAssessmentDimensionThree,TASK_COMPLETE,FAILED,ERROR,22,22,1,SAMMS INV pipeline failed. Check the failed parent/child activity run details.,2026-08-19T21:53:13.467Z,2026-08-19T22:54:29.012Z,3676,2026-08-19T22:54:29.012Z,TU,Tucson,2caac1da-4db4-431b-998d-21dc6fd03dce,SAMMS-Tucson
202608192252095717,202608192152668351,202608192152666995,85,1300,Bronze INV,br_AdmissionAssessmentDimensionThree,TASK_COMPLETE,FAILED,ERROR,250,250,1,SAMMS INV pipeline failed. Check the failed parent/child activity run details.,2026-08-19T21:53:13.467Z,2026-08-19T22:54:29.012Z,3676,2026-08-19T22:54:29.012Z,V1,Memphis South,2caac1da-4db4-431b-998d-21dc6fd03dce,SAMMS-VCPHCS-I-MemphisV5
202608192252095718,202608192152668352,202608192152666995,85,1301,Bronze INV,br_AdmissionAssessmentDimensionThree,TASK_COMPLETE,FAILED,ERROR,689,689,1,SAMMS INV pipeline failed. Check the failed parent/child activity run details.,2026-08-19T21:53:13.467Z,2026-08-19T22:54:29.012Z,3676,2026-08-19T22:54:29.012Z,V10,Longmont,2caac1da-4db4-431b-998d-21dc6fd03dce,SAMMS-BoulderV5
202608192252095720,202608192152668353,202608192152666995,85,1302,Bronze INV,br_AdmissionAssessmentDimensionThree,TASK_COMPLETE,FAILED,ERROR,1186,1186,1,SAMMS INV pipeline failed. Check the failed parent/child activity run details.,2026-08-19T21:53:13.467Z,2026-08-19T22:54:29.012Z,3676,2026-08-19T22:54:29.012Z,V10A,Fort Collins,2caac1da-4db4-431b-998d-21dc6fd03dce,SAMMS-FortCollinsV5
202608192252095721,202608192152668354,202608192152666995,85,1303,Bronze INV,br_AdmissionAssessmentDimensionThree,TASK_COMPLETE,FAILED,ERROR,985,985,1,SAMMS INV pipeline failed. Check the failed parent/child activity run details.,2026-08-19T21:53:13.467Z,2026-08-19T22:54:29.012Z,3676,2026-08-19T22:54:29.012Z,V11,Westminster,2caac1da-4db4-431b-998d-21dc6fd03dce,SAMMS-VCPHCS-XI-NorthDenverV5
202608192252095722,202608192152668355,202608192152666995,85,1304,Bronze INV,br_AdmissionAssessmentDimensionThree,TASK_COMPLETE,FAILED,ERROR,1058,1058,1,SAMMS INV pipeline failed. Check the failed parent/child activity run details.,2026-08-19T21:53:13.467Z,2026-08-19T22:54:29.012Z,3676,2026-08-19T22:54:29.012Z,V12,Downtown Denver,2caac1da-4db4-431b-998d-21dc6fd03dce,SAMMS-VCPHCS-XII-DowntownDenverV5
202608192252095723,202608192152668356,202608192152666995,85,1305,Bronze INV,br_AdmissionAssessmentDimensionThree,TASK_COMPLETE,FAILED,ERROR,474,474,1,SAMMS INV pipeline failed. Check the failed parent/child activity run details.,2026-08-19T21:53:13.467Z,2026-08-19T22:54:29.012Z,3676,2026-08-19T22:54:29.012Z,V12A,Centennial,2caac1da-4db4-431b-998d-21dc6fd03dce,SAMMS-CentennialV5
202608192252095724,202608192152668357,202608192152666995,85,1306,Bronze INV,br_AdmissionAssessmentDimensionThree,TASK_COMPLETE,FAILED,ERROR,291,291,1,SAMMS INV pipeline failed. Check the failed parent/child activity run details.,2026-08-19T21:53:13.467Z,2026-08-19T22:54:29.012Z,3676,2026-08-19T22:54:29.012Z,V14,Overland Park,2caac1da-4db4-431b-998d-21dc6fd03dce,SAMMS-VCPHCS-XIV-BridgewayV5
202608192252095725,202608192152668358,202608192152666995,85,1307,Bronze INV,br_AdmissionAssessmentDimensionThree,TASK_COMPLETE,FAILED,ERROR,0,0,1,SAMMS INV pipeline failed. Check the failed parent/child activity run details.,2026-08-19T21:53:13.467Z,2026-08-19T22:54:29.012Z,3676,2026-08-19T22:54:29.012Z,V15,Joplin,2caac1da-4db4-431b-998d-21dc6fd03dce,SAMMS-JoplinV5
202608192252095726,202608192152668359,202608192152666995,85,1309,Bronze INV,br_AdmissionAssessmentDimensionThree,TASK_COMPLETE,FAILED,ERROR,470,470,1,SAMMS INV pipeline failed. Check the failed parent/child activity run details.,2026-08-19T21:53:13.467Z,2026-08-19T22:54:29.012Z,3676,2026-08-19T22:54:29.012Z,V17,Columbia TN,2caac1da-4db4-431b-998d-21dc6fd03dce,SAMMS-ColumbiaTNv5
202608192252095727,202608192152668360,202608192152666995,85,1311,Bronze INV,br_AdmissionAssessmentDimensionThree,TASK_COMPLETE,FAILED,ERROR,413,413,1,SAMMS INV pipeline failed. Check the failed parent/child activity run details.,2026-08-19T21:53:13.467Z,2026-08-19T22:54:29.012Z,3676,2026-08-19T22:54:29.012Z,V19,Jackson,2caac1da-4db4-431b-998d-21dc6fd03dce,SAMMS-JacksonV5
202608192252095728,202608192152668361,202608192152666995,85,1313,Bronze INV,br_AdmissionAssessmentDimensionThree,TASK_COMPLETE,FAILED,ERROR,484,484,1,SAMMS INV pipeline failed. Check the failed parent/child activity run details.,2026-08-19T21:53:13.467Z,2026-08-19T22:54:29.012Z,3676,2026-08-19T22:54:29.012Z,V20,Paris,2caac1da-4db4-431b-998d-21dc6fd03dce,SAMMS-ParisV5
202608192252095730,202608192152668362,202608192152666995,85,1314,Bronze INV,br_AdmissionAssessmentDimensionThree,TASK_COMPLETE,FAILED,ERROR,352,352,1,SAMMS INV pipeline failed. Check the failed parent/child activity run details.,2026-08-19T21:53:13.467Z,2026-08-19T22:54:29.012Z,3676,2026-08-19T22:54:29.012Z,V21,Memphis North,2caac1da-4db4-431b-998d-21dc6fd03dce,SAMMS-RaleighV5
202608192252095731,202608192152668363,202608192152666995,85,1317,Bronze INV,br_AdmissionAssessmentDimensionThree,TASK_COMPLETE,FAILED,ERROR,704,704,1,SAMMS INV pipeline failed. Check the failed parent/child activity run details.,2026-08-19T21:53:13.467Z,2026-08-19T22:54:29.012Z,3676,2026-08-19T22:54:29.012Z,V5,West Bank,2caac1da-4db4-431b-998d-21dc6fd03dce,SAMMS-NONTCv5
202608192252095732,202608192152668364,202608192152666995,85,1319,Bronze INV,br_AdmissionAssessmentDimensionThree,TASK_COMPLETE,FAILED,ERROR,252,252,1,SAMMS INV pipeline failed. Check the failed parent/child activity run details.,2026-08-19T21:53:13.467Z,2026-08-19T22:54:29.012Z,3676,2026-08-19T22:54:29.012Z,V5B,Houma,2caac1da-4db4-431b-998d-21dc6fd03dce,SAMMS-HoumaV6
202608192252095733,202608192152668365,202608192152666995,85,1320,Bronze INV,br_AdmissionAssessmentDimensionThree,TASK_COMPLETE,FAILED,ERROR,957,957,1,SAMMS INV pipeline failed. Check the failed parent/child activity run details.,2026-08-19T21:53:13.467Z,2026-08-19T22:54:29.012Z,3676,2026-08-19T22:54:29.012Z,V6,Lake Charles,2caac1da-4db4-431b-998d-21dc6fd03dce,SAMMS-LCv5
202608192252095734,202608192152668366,202608192152666995,85,1322,Bronze INV,br_AdmissionAssessmentDimensionThree,TASK_COMPLETE,FAILED,ERROR,562,562,1,SAMMS INV pipeline failed. Check the failed parent/child activity run details.,2026-08-19T21:53:13.467Z,2026-08-19T22:54:29.012Z,3676,2026-08-19T22:54:29.012Z,V8,Memphis Midtown,2caac1da-4db4-431b-998d-21dc6fd03dce,SAMMS-VCPHCS-VIII-MemphisV5
202608192252095735,202608192152668367,202608192152666995,85,1323,Bronze INV,br_AdmissionAssessmentDimensionThree,TASK_COMPLETE,FAILED,ERROR,1569,1569,1,SAMMS INV pipeline failed. Check the failed parent/child activity run details.,2026-08-19T21:53:13.467Z,2026-08-19T22:54:29.012Z,3676,2026-08-19T22:54:29.012Z,V9,Nashville,2caac1da-4db4-431b-998d-21dc6fd03dce,SAMMS-NashvilleV5
202608192252095736,202608192152668368,202608192152666995,85,1324,Bronze INV,br_AdmissionAssessmentDimensionThree,TASK_COMPLETE,FAILED,ERROR,0,0,1,SAMMS INV pipeline failed. Check the failed parent/child activity run details.,2026-08-19T21:53:13.467Z,2026-08-19T22:54:29.012Z,3676,2026-08-19T22:54:29.012Z,VBRA,Brainerd,2caac1da-4db4-431b-998d-21dc6fd03dce,SAMMS-BrainerdV6
202608192252095737,202608192152668369,202608192152666995,85,1325,Bronze INV,br_AdmissionAssessmentDimensionThree,TASK_COMPLETE,FAILED,ERROR,593,593,1,SAMMS INV pipeline failed. Check the failed parent/child activity run details.,2026-08-19T21:53:13.467Z,2026-08-19T22:54:29.012Z,3676,2026-08-19T22:54:29.012Z,VBRP,Brooklyn Park,2caac1da-4db4-431b-998d-21dc6fd03dce,SAMMS-BrooklynParkV6
202608192252095738,202608192152668370,202608192152666995,85,1327,Bronze INV,br_AdmissionAssessmentDimensionThree,TASK_COMPLETE,FAILED,ERROR,577,577,1,SAMMS INV pipeline failed. Check the failed parent/child activity run details.,2026-08-19T21:53:13.467Z,2026-08-19T22:54:29.012Z,3676,2026-08-19T22:54:29.012Z,VMIN,Minneapolis,2caac1da-4db4-431b-998d-21dc6fd03dce,SAMMS-MinneapolisV6
202608192252095740,202608192152668371,202608192152666995,85,1328,Bronze INV,br_AdmissionAssessmentDimensionThree,TASK_COMPLETE,FAILED,ERROR,1067,1067,1,SAMMS INV pipeline failed. Check the failed parent/child activity run details.,2026-08-19T21:53:13.467Z,2026-08-19T22:54:29.012Z,3676,2026-08-19T22:54:29.012Z,VWBY,Woodbury,2caac1da-4db4-431b-998d-21dc6fd03dce,SAMMS-WoodburyV6
202608192252095741,202608192152668372,202608192152666995,85,1330,Bronze INV,br_AdmissionAssessmentDimensionThree,TASK_COMPLETE,FAILED,ERROR,424,424,1,SAMMS INV pipeline failed. Check the failed parent/child activity run details.,2026-08-19T21:53:13.467Z,2026-08-19T22:54:29.012Z,3676,2026-08-19T22:54:29.012Z,WIL,Wilson,2caac1da-4db4-431b-998d-21dc6fd03dce,SAMMS-Wilson
202608192252095842,202608192152766999,202608192152766995,86,5723,Silver INV,sl_AdmissionAssessmentDimensionThree,TASK_COMPLETE,SUCCESS,INFO,49258,49258,0,,2026-08-19T21:53:13.467Z,2026-08-19T22:54:29.012Z,3676,2026-08-19T22:54:29.012Z,,,2caac1da-4db4-431b-998d-21dc6fd03dce,
202608192252095759,202608192152668143,202608192152666995,85,1334,Bronze INV,br_AdmissionAssessmentDimensionTwo,TASK_COMPLETE,FAILED,ERROR,100,100,1,SAMMS INV pipeline failed. Check the failed parent/child activity run details.,2026-08-19T21:53:13.467Z,2026-08-19T22:54:29.012Z,3676,2026-08-19T22:54:29.012Z,AHK,Ahoskie,2caac1da-4db4-431b-998d-21dc6fd03dce,SAMMS-Ahoskie
202608192252095760,202608192152668144,202608192152666995,85,1335,Bronze INV,br_AdmissionAssessmentDimensionTwo,TASK_COMPLETE,FAILED,ERROR,783,783,1,SAMMS INV pipeline failed. Check the failed parent/child activity run details.,2026-08-19T21:53:13.467Z,2026-08-19T22:54:29.012Z,3676,2026-08-19T22:54:29.012Z,B12B,Colorado Springs,2caac1da-4db4-431b-998d-21dc6fd03dce,SAMMS-ColoradoSpringsV5
202608192252095761,202608192152668145,202608192152666995,85,1336,Bronze INV,br_AdmissionAssessmentDimensionTwo,TASK_COMPLETE,FAILED,ERROR,415,415,1,SAMMS INV pipeline failed. Check the failed parent/child activity run details.,2026-08-19T21:53:13.467Z,2026-08-19T22:54:29.012Z,3676,2026-08-19T22:54:29.012Z,B24,Paintsville,2caac1da-4db4-431b-998d-21dc6fd03dce,SAMMS-PaintsvilleV5
202608192252095763,202608192152668146,202608192152666995,85,1337,Bronze INV,br_AdmissionAssessmentDimensionTwo,TASK_COMPLETE,FAILED,ERROR,172,172,1,SAMMS INV pipeline failed. Check the failed parent/child activity run details.,2026-08-19T21:53:13.467Z,2026-08-19T22:54:29.012Z,3676,2026-08-19T22:54:29.012Z,B25,Pikeville,2caac1da-4db4-431b-998d-21dc6fd03dce,SAMMS-PikevilleV5
202608192252095764,202608192152668147,202608192152666995,85,1338,Bronze INV,br_AdmissionAssessmentDimensionTwo,TASK_COMPLETE,FAILED,ERROR,496,496,1,SAMMS INV pipeline failed. Check the failed parent/child activity run details.,2026-08-19T21:53:13.467Z,2026-08-19T22:54:29.012Z,3676,2026-08-19T22:54:29.012Z,B26,Hazard,2caac1da-4db4-431b-998d-21dc6fd03dce,SAMMS-HazardV5
202608192252095765,202608192152668148,202608192152666995,85,1339,Bronze INV,br_AdmissionAssessmentDimensionTwo,TASK_COMPLETE,FAILED,ERROR,187,187,1,SAMMS INV pipeline failed. Check the failed parent/child activity run details.,2026-08-19T21:53:13.467Z,2026-08-19T22:54:29.012Z,3676,2026-08-19T22:54:29.012Z,B27,Savannah,2caac1da-4db4-431b-998d-21dc6fd03dce,SAMMS-SavannahV6
202608192252095766,202608192152668149,202608192152666995,85,1340,Bronze INV,br_AdmissionAssessmentDimensionTwo,TASK_COMPLETE,FAILED,ERROR,231,231,1,SAMMS INV pipeline failed. Check the failed parent/child activity run details.,2026-08-19T21:53:13.467Z,2026-08-19T22:54:29.012Z,3676,2026-08-19T22:54:29.012Z,B28,West Plains,2caac1da-4db4-431b-998d-21dc6fd03dce,SAMMS-WestPlainesV5
202608192252095767,202608192152668150,202608192152666995,85,1341,Bronze INV,br_AdmissionAssessmentDimensionTwo,TASK_COMPLETE,FAILED,ERROR,257,257,1,SAMMS INV pipeline failed. Check the failed parent/child activity run details.,2026-08-19T21:53:13.467Z,2026-08-19T22:54:29.012Z,3676,2026-08-19T22:54:29.012Z,B29,Poplar Bluff,2caac1da-4db4-431b-998d-21dc6fd03dce,SAMMS-PoplarBluffV5
202608192252095768,202608192152668151,202608192152666995,85,1342,Bronze INV,br_AdmissionAssessmentDimensionTwo,TASK_COMPLETE,FAILED,ERROR,143,143,1,SAMMS INV pipeline failed. Check the failed parent/child activity run details.,2026-08-19T21:53:13.467Z,2026-08-19T22:54:29.012Z,3676,2026-08-19T22:54:29.012Z,B30,KC North,2caac1da-4db4-431b-998d-21dc6fd03dce,SAMMS-KCNv5
202608192252095769,202608192152668152,202608192152666995,85,1343,Bronze INV,br_AdmissionAssessmentDimensionTwo,TASK_COMPLETE,FAILED,ERROR,345,345,1,SAMMS INV pipeline failed. Check the failed parent/child activity run details.,2026-08-19T21:53:13.467Z,2026-08-19T22:54:29.012Z,3676,2026-08-19T22:54:29.012Z,B31,Dyersburg,2caac1da-4db4-431b-998d-21dc6fd03dce,SAMMS-DyersburgV5
202608192252095770,202608192152668153,202608192152666995,85,1345,Bronze INV,br_AdmissionAssessmentDimensionTwo,TASK_COMPLETE,FAILED,ERROR,213,213,1,SAMMS INV pipeline failed. Check the failed parent/child activity run details.,2026-08-19T21:53:13.467Z,2026-08-19T22:54:29.012Z,3676,2026-08-19T22:54:29.012Z,B33,Paducah,2caac1da-4db4-431b-998d-21dc6fd03dce,SAMMS-Paducah
202608192252095771,202608192152668154,202608192152666995,85,1346,Bronze INV,br_AdmissionAssessmentDimensionTwo,TASK_COMPLETE,FAILED,ERROR,449,449,1,SAMMS INV pipeline failed. Check the failed parent/child activity run details.,2026-08-19T21:53:13.467Z,2026-08-19T22:54:29.012Z,3676,2026-08-19T22:54:29.012Z,B34,Corbin,2caac1da-4db4-431b-998d-21dc6fd03dce,SAMMS-CorbinV5
202608192252095773,202608192152668155,202608192152666995,85,1347,Bronze INV,br_AdmissionAssessmentDimensionTwo,TASK_COMPLETE,FAILED,ERROR,719,719,1,SAMMS INV pipeline failed. Check the failed parent/child activity run details.,2026-08-19T21:53:13.467Z,2026-08-19T22:54:29.012Z,3676,2026-08-19T22:54:29.012Z,B35,Lexington,2caac1da-4db4-431b-998d-21dc6fd03dce,SAMMS-LexingtonV5
202608192252095774,202608192152668156,202608192152666995,85,1348,Bronze INV,br_AdmissionAssessmentDimensionTwo,TASK_COMPLETE,FAILED,ERROR,345,345,1,SAMMS INV pipeline failed. Check the failed parent/child activity run details.,2026-08-19T21:53:13.467Z,2026-08-19T22:54:29.012Z,3676,2026-08-19T22:54:29.012Z,B35A,Berea,2caac1da-4db4-431b-998d-21dc6fd03dce,SAMMS-BereaV5
202608192252095775,202608192152668157,202608192152666995,85,1349,Bronze INV,br_AdmissionAssessmentDimensionTwo,TASK_COMPLETE,FAILED,ERROR,606,606,1,SAMMS INV pipeline failed. Check the failed parent/child activity run details.,2026-08-19T21:53:13.467Z,2026-08-19T22:54:29.012Z,3676,2026-08-19T22:54:29.012Z,B36,Asheville,2caac1da-4db4-431b-998d-21dc6fd03dce,SAMMS-AshevilleV5
202608192252095776,202608192152668158,202608192152666995,85,1350,Bronze INV,br_AdmissionAssessmentDimensionTwo,TASK_COMPLETE,FAILED,ERROR,448,448,1,SAMMS INV pipeline failed. Check the failed parent/child activity run details.,2026-08-19T21:53:13.467Z,2026-08-19T22:54:29.012Z,3676,2026-08-19T22:54:29.012Z,B37,Clyde,2caac1da-4db4-431b-998d-21dc6fd03dce,SAMMS-ClydeV5
202608192252095777,202608192152668159,202608192152666995,85,1351,Bronze INV,br_AdmissionAssessmentDimensionTwo,TASK_COMPLETE,FAILED,ERROR,630,630,1,SAMMS INV pipeline failed. Check the failed parent/child activity run details.,2026-08-19T21:53:13.467Z,2026-08-19T22:54:29.012Z,3676,2026-08-19T22:54:29.012Z,B38,Spartanburg,2caac1da-4db4-431b-998d-21dc6fd03dce,SAMMS-SpartanburgV5
202608192252095778,202608192152668160,202608192152666995,85,1352,Bronze INV,br_AdmissionAssessmentDimensionTwo,TASK_COMPLETE,FAILED,ERROR,479,479,1,SAMMS INV pipeline failed. Check the failed parent/child activity run details.,2026-08-19T21:53:13.467Z,2026-08-19T22:54:29.012Z,3676,2026-08-19T22:54:29.012Z,B39,Aiken,2caac1da-4db4-431b-998d-21dc6fd03dce,SAMMS-AikenV5
202608192252095779,202608192152668161,202608192152666995,85,1353,Bronze INV,br_AdmissionAssessmentDimensionTwo,TASK_COMPLETE,FAILED,ERROR,301,301,1,SAMMS INV pipeline failed. Check the failed parent/child activity run details.,2026-08-19T21:53:13.467Z,2026-08-19T22:54:29.012Z,3676,2026-08-19T22:54:29.012Z,B41,Chesapeake,2caac1da-4db4-431b-998d-21dc6fd03dce,SAMMS-ChesapeakeV5
202608192252095780,202608192152668162,202608192152666995,85,1354,Bronze INV,br_AdmissionAssessmentDimensionTwo,TASK_COMPLETE,FAILED,ERROR,540,540,1,SAMMS INV pipeline failed. Check the failed parent/child activity run details.,2026-08-19T21:53:13.467Z,2026-08-19T22:54:29.012Z,3676,2026-08-19T22:54:29.012Z,B42,Virginia Beach,2caac1da-4db4-431b-998d-21dc6fd03dce,SAMMS-VirginiaBeachV5
202608192252095782,202608192152668163,202608192152666995,85,1355,Bronze INV,br_AdmissionAssessmentDimensionTwo,TASK_COMPLETE,FAILED,ERROR,168,168,1,SAMMS INV pipeline failed. Check the failed parent/child activity run details.,2026-08-19T21:53:13.467Z,2026-08-19T22:54:29.012Z,3676,2026-08-19T22:54:29.012Z,B42A,Newport News,2caac1da-4db4-431b-998d-21dc6fd03dce,SAMMS-NewportNewsV5
202608192252095783,202608192152668164,202608192152666995,85,1356,Bronze INV,br_AdmissionAssessmentDimensionTwo,TASK_COMPLETE,FAILED,ERROR,57,57,1,SAMMS INV pipeline failed. Check the failed parent/child activity run details.,2026-08-19T21:53:13.467Z,2026-08-19T22:54:29.012Z,3676,2026-08-19T22:54:29.012Z,B42B,Franklin,2caac1da-4db4-431b-998d-21dc6fd03dce,SAMMS-FranklinV5
202608192252095784,202608192152668165,202608192152666995,85,1357,Bronze INV,br_AdmissionAssessmentDimensionTwo,TASK_COMPLETE,FAILED,ERROR,340,340,1,SAMMS INV pipeline failed. Check the failed parent/child activity run details.,2026-08-19T21:53:13.467Z,2026-08-19T22:54:29.012Z,3676,2026-08-19T22:54:29.012Z,B42C,Glen Allen,2caac1da-4db4-431b-998d-21dc6fd03dce,SAMMS-GlenAllenV5
202608192252095785,202608192152668166,202608192152666995,85,1358,Bronze INV,br_AdmissionAssessmentDimensionTwo,TASK_COMPLETE,FAILED,ERROR,176,176,1,SAMMS INV pipeline failed. Check the failed parent/child activity run details.,2026-08-19T21:53:13.467Z,2026-08-19T22:54:29.012Z,3676,2026-08-19T22:54:29.012Z,B42D,Chesapeake South,2caac1da-4db4-431b-998d-21dc6fd03dce,SAMMS-ChesapeakeSouthV5
202608192252095786,202608192152668167,202608192152666995,85,1359,Bronze INV,br_AdmissionAssessmentDimensionTwo,TASK_COMPLETE,FAILED,ERROR,206,206,1,SAMMS INV pipeline failed. Check the failed parent/child activity run details.,2026-08-19T21:53:13.467Z,2026-08-19T22:54:29.012Z,3676,2026-08-19T22:54:29.012Z,B44,Albany,2caac1da-4db4-431b-998d-21dc6fd03dce,SAMMS-AlbanyV5
202608192252095787,202608192152668168,202608192152666995,85,1360,Bronze INV,br_AdmissionAssessmentDimensionTwo,TASK_COMPLETE,FAILED,ERROR,302,302,1,SAMMS INV pipeline failed. Check the failed parent/child activity run details.,2026-08-19T21:53:13.467Z,2026-08-19T22:54:29.012Z,3676,2026-08-19T22:54:29.012Z,B45,Tifton,2caac1da-4db4-431b-998d-21dc6fd03dce,SAMMS-TiftonV5
202608192252095788,202608192152668169,202608192152666995,85,1361,Bronze INV,br_AdmissionAssessmentDimensionTwo,TASK_COMPLETE,FAILED,ERROR,657,657,1,SAMMS INV pipeline failed. Check the failed parent/child activity run details.,2026-08-19T21:53:13.467Z,2026-08-19T22:54:29.012Z,3676,2026-08-19T22:54:29.012Z,B46,Washington DC,2caac1da-4db4-431b-998d-21dc6fd03dce,SAMMS-WashingtonDCv5
202608192252095789,202608192152668170,202608192152666995,85,1362,Bronze INV,br_AdmissionAssessmentDimensionTwo,TASK_COMPLETE,FAILED,ERROR,351,351,1,SAMMS INV pipeline failed. Check the failed parent/child activity run details.,2026-08-19T21:53:13.467Z,2026-08-19T22:54:29.012Z,3676,2026-08-19T22:54:29.012Z,B47,Mobile,2caac1da-4db4-431b-998d-21dc6fd03dce,SAMMS-MobileV5
202608192252095791,202608192152668171,202608192152666995,85,1363,Bronze INV,br_AdmissionAssessmentDimensionTwo,TASK_COMPLETE,FAILED,ERROR,445,445,1,SAMMS INV pipeline failed. Check the failed parent/child activity run details.,2026-08-19T21:53:13.467Z,2026-08-19T22:54:29.012Z,3676,2026-08-19T22:54:29.012Z,B48,Tuscaloosa,2caac1da-4db4-431b-998d-21dc6fd03dce,SAMMS-TuscaloosaV5
202608192252095792,202608192152668172,202608192152666995,85,1372,Bronze INV,br_AdmissionAssessmentDimensionTwo,TASK_COMPLETE,FAILED,ERROR,313,313,1,SAMMS INV pipeline failed. Check the failed parent/child activity run details.,2026-08-19T21:53:13.467Z,2026-08-19T22:54:29.012Z,3676,2026-08-19T22:54:29.012Z,B51,N. Little Rock (OTP),2caac1da-4db4-431b-998d-21dc6fd03dce,SAMMS-NorthLittleRockV6
202608192252095793,202608192152668173,202608192152666995,85,1373,Bronze INV,br_AdmissionAssessmentDimensionTwo,TASK_COMPLETE,FAILED,ERROR,160,160,1,SAMMS INV pipeline failed. Check the failed parent/child activity run details.,2026-08-19T21:53:13.467Z,2026-08-19T22:54:29.012Z,3676,2026-08-19T22:54:29.012Z,B52,Jackson GA,2caac1da-4db4-431b-998d-21dc6fd03dce,SAMMS-JacksonGAV5
202608192252095794,202608192152668174,202608192152666995,85,1374,Bronze INV,br_AdmissionAssessmentDimensionTwo,TASK_COMPLETE,FAILED,ERROR,474,474,1,SAMMS INV pipeline failed. Check the failed parent/child activity run details.,2026-08-19T21:53:13.467Z,2026-08-19T22:54:29.012Z,3676,2026-08-19T22:54:29.012Z,B54,Gadsden,2caac1da-4db4-431b-998d-21dc6fd03dce,SAMMS-GadsdenV5
202608192252095795,202608192152668175,202608192152666995,85,1375,Bronze INV,br_AdmissionAssessmentDimensionTwo,TASK_COMPLETE,FAILED,ERROR,487,487,1,SAMMS INV pipeline failed. Check the failed parent/child activity run details.,2026-08-19T21:53:13.467Z,2026-08-19T22:54:29.012Z,3676,2026-08-19T22:54:29.012Z,B55,Shoals,2caac1da-4db4-431b-998d-21dc6fd03dce,SAMMS-ShoalsV5
202608192252095796,202608192152668176,202608192152666995,85,1376,Bronze INV,br_AdmissionAssessmentDimensionTwo,TASK_COMPLETE,FAILED,ERROR,174,174,1,SAMMS INV pipeline failed. Check the failed parent/child activity run details.,2026-08-19T21:53:13.467Z,2026-08-19T22:54:29.012Z,3676,2026-08-19T22:54:29.012Z,B57,Pawtucket,2caac1da-4db4-431b-998d-21dc6fd03dce,SAMMS-Pawtucket
202608192252095797,202608192152668177,202608192152666995,85,1377,Bronze INV,br_AdmissionAssessmentDimensionTwo,TASK_COMPLETE,FAILED,ERROR,170,170,1,SAMMS INV pipeline failed. Check the failed parent/child activity run details.,2026-08-19T21:53:13.467Z,2026-08-19T22:54:29.012Z,3676,2026-08-19T22:54:29.012Z,B57A,Johnston,2caac1da-4db4-431b-998d-21dc6fd03dce,SAMMS-Johnston
202608192252095798,202608192152668178,202608192152666995,85,1378,Bronze INV,br_AdmissionAssessmentDimensionTwo,TASK_COMPLETE,FAILED,ERROR,91,91,1,SAMMS INV pipeline failed. Check the failed parent/child activity run details.,2026-08-19T21:53:13.467Z,2026-08-19T22:54:29.012Z,3676,2026-08-19T22:54:29.012Z,B57B,Middletown,2caac1da-4db4-431b-998d-21dc6fd03dce,SAMMS-Middletown
202608192252095799,202608192152668179,202608192152666995,85,1379,Bronze INV,br_AdmissionAssessmentDimensionTwo,TASK_COMPLETE,FAILED,ERROR,178,178,1,SAMMS INV pipeline failed. Check the failed parent/child activity run details.,2026-08-19T21:53:13.467Z,2026-08-19T22:54:29.012Z,3676,2026-08-19T22:54:29.012Z,B57C,Providence,2caac1da-4db4-431b-998d-21dc6fd03dce,SAMMS-Providence
202608192252095800,202608192152668180,202608192152666995,85,1380,Bronze INV,br_AdmissionAssessmentDimensionTwo,TASK_COMPLETE,FAILED,ERROR,254,254,1,SAMMS INV pipeline failed. Check the failed parent/child activity run details.,2026-08-19T21:53:13.467Z,2026-08-19T22:54:29.012Z,3676,2026-08-19T22:54:29.012Z,B57D,Westerly,2caac1da-4db4-431b-998d-21dc6fd03dce,SAMMS-Westerly
202608192252095802,202608192152668181,202608192152666995,85,1384,Bronze INV,br_AdmissionAssessmentDimensionTwo,TASK_COMPLETE,FAILED,ERROR,362,362,1,SAMMS INV pipeline failed. Check the failed parent/child activity run details.,2026-08-19T21:53:13.467Z,2026-08-19T22:54:29.012Z,3676,2026-08-19T22:54:29.012Z,B66A,Bremen,2caac1da-4db4-431b-998d-21dc6fd03dce,SAMMS-Bremen
202608192252095803,202608192152668182,202608192152666995,85,1387,Bronze INV,br_AdmissionAssessmentDimensionTwo,TASK_COMPLETE,FAILED,ERROR,16,16,1,SAMMS INV pipeline failed. Check the failed parent/child activity run details.,2026-08-19T21:53:13.467Z,2026-08-19T22:54:29.012Z,3676,2026-08-19T22:54:29.012Z,B72,Mobile (OBOT),2caac1da-4db4-431b-998d-21dc6fd03dce,SAMMS-Mobile-OBOT
202608192252095804,202608192152668183,202608192152666995,85,1388,Bronze INV,br_AdmissionAssessmentDimensionTwo,TASK_COMPLETE,FAILED,ERROR,5,5,1,SAMMS INV pipeline failed. Check the failed parent/child activity run details.,2026-08-19T21:53:13.467Z,2026-08-19T22:54:29.012Z,3676,2026-08-19T22:54:29.012Z,B73,Montgomery,2caac1da-4db4-431b-998d-21dc6fd03dce,SAMMS-Montgomery
202608192252095805,202608192152668184,202608192152666995,85,1389,Bronze INV,br_AdmissionAssessmentDimensionTwo,TASK_COMPLETE,FAILED,ERROR,321,321,1,SAMMS INV pipeline failed. Check the failed parent/child activity run details.,2026-08-19T21:53:13.467Z,2026-08-19T22:54:29.012Z,3676,2026-08-19T22:54:29.012Z,B75,Lawrence,2caac1da-4db4-431b-998d-21dc6fd03dce,SAMMS-LawrenceV6
202608192252095806,202608192152668185,202608192152666995,85,1390,Bronze INV,br_AdmissionAssessmentDimensionTwo,TASK_COMPLETE,FAILED,ERROR,50,50,1,SAMMS INV pipeline failed. Check the failed parent/child activity run details.,2026-08-19T21:53:13.467Z,2026-08-19T22:54:29.012Z,3676,2026-08-19T22:54:29.012Z,B76,Huntsville OBOT,2caac1da-4db4-431b-998d-21dc6fd03dce,SAMMS-Huntsville-OBOT
202608192252095807,202608192152668186,202608192152666995,85,1391,Bronze INV,br_AdmissionAssessmentDimensionTwo,TASK_COMPLETE,FAILED,ERROR,295,295,1,SAMMS INV pipeline failed. Check the failed parent/child activity run details.,2026-08-19T21:53:13.467Z,2026-08-19T22:54:29.012Z,3676,2026-08-19T22:54:29.012Z,BAT,Batesville,2caac1da-4db4-431b-998d-21dc6fd03dce,SAMMS-Batesville
202608192252095808,202608192152668187,202608192152666995,85,1392,Bronze INV,br_AdmissionAssessmentDimensionTwo,TASK_COMPLETE,FAILED,ERROR,238,238,1,SAMMS INV pipeline failed. Check the failed parent/child activity run details.,2026-08-19T21:53:13.467Z,2026-08-19T22:54:29.012Z,3676,2026-08-19T22:54:29.012Z,BG,Bowling Green,2caac1da-4db4-431b-998d-21dc6fd03dce,SAMMS-BowlingGreen
202608192252095809,202608192152668188,202608192152666995,85,1393,Bronze INV,br_AdmissionAssessmentDimensionTwo,TASK_COMPLETE,FAILED,ERROR,220,220,1,SAMMS INV pipeline failed. Check the failed parent/child activity run details.,2026-08-19T21:53:13.467Z,2026-08-19T22:54:29.012Z,3676,2026-08-19T22:54:29.012Z,BOI,Boise,2caac1da-4db4-431b-998d-21dc6fd03dce,SAMMS-Boise
202608192252095810,202608192152668189,202608192152666995,85,1400,Bronze INV,br_AdmissionAssessmentDimensionTwo,TASK_COMPLETE,FAILED,ERROR,285,285,1,SAMMS INV pipeline failed. Check the failed parent/child activity run details.,2026-08-19T21:53:13.467Z,2026-08-19T22:54:29.012Z,3676,2026-08-19T22:54:29.012Z,CBCO,Coeur dAlene,2caac1da-4db4-431b-998d-21dc6fd03dce,SAMMS-CoeurdAleneV6
202608192252095812,202608192152668190,202608192152666995,85,1419,Bronze INV,br_AdmissionAssessmentDimensionTwo,TASK_COMPLETE,FAILED,ERROR,297,297,1,SAMMS INV pipeline failed. Check the failed parent/child activity run details.,2026-08-19T21:53:13.467Z,2026-08-19T22:54:29.012Z,3676,2026-08-19T22:54:29.012Z,CON,Conway,2caac1da-4db4-431b-998d-21dc6fd03dce,SAMMS-Conway
202608192252095813,202608192152668191,202608192152666995,85,1420,Bronze INV,br_AdmissionAssessmentDimensionTwo,TASK_COMPLETE,FAILED,ERROR,1568,1568,1,SAMMS INV pipeline failed. Check the failed parent/child activity run details.,2026-08-19T21:53:13.467Z,2026-08-19T22:54:29.012Z,3676,2026-08-19T22:54:29.012Z,D07,Medical Services Knox TN,2caac1da-4db4-431b-998d-21dc6fd03dce,SAMMS-KnoxvilleV6
202608192252095814,202608192152668192,202608192152666995,85,1421,Bronze INV,br_AdmissionAssessmentDimensionTwo,TASK_COMPLETE,FAILED,ERROR,973,973,1,SAMMS INV pipeline failed. Check the failed parent/child activity run details.,2026-08-19T21:53:13.467Z,2026-08-19T22:54:29.012Z,3676,2026-08-19T22:54:29.012Z,D08,Madison,2caac1da-4db4-431b-998d-21dc6fd03dce,SAMMS-MadisonV6
202608192252095815,202608192152668193,202608192152666995,85,1423,Bronze INV,br_AdmissionAssessmentDimensionTwo,TASK_COMPLETE,FAILED,ERROR,945,945,1,SAMMS INV pipeline failed. Check the failed parent/child activity run details.,2026-08-19T21:53:13.467Z,2026-08-19T22:54:29.012Z,3676,2026-08-19T22:54:29.012Z,D09,Murfreesboro,2caac1da-4db4-431b-998d-21dc6fd03dce,SAMMS-MurfreesboroV6
202608192252095816,202608192152668194,202608192152666995,85,1424,Bronze INV,br_AdmissionAssessmentDimensionTwo,TASK_COMPLETE,FAILED,ERROR,217,217,1,SAMMS INV pipeline failed. Check the failed parent/child activity run details.,2026-08-19T21:53:13.467Z,2026-08-19T22:54:29.012Z,3676,2026-08-19T22:54:29.012Z,DA,Davenport,2caac1da-4db4-431b-998d-21dc6fd03dce,SAMMS-Davenport
202608192252095817,202608192152668195,202608192152666995,85,1425,Bronze INV,br_AdmissionAssessmentDimensionTwo,TASK_COMPLETE,FAILED,ERROR,349,349,1,SAMMS INV pipeline failed. Check the failed parent/child activity run details.,2026-08-19T21:53:13.467Z,2026-08-19T22:54:29.012Z,3676,2026-08-19T22:54:29.012Z,DM,Des Moines,2caac1da-4db4-431b-998d-21dc6fd03dce,SAMMS-DesMoines
202608260854401144,202608260654255574,202608260654255519,85,2164,Bronze INV,br_InvType,TASK_COMPLETE,SUCCESS,INFO,7,7,0,,2026-08-26T06:54:31.515Z,2026-08-26T08:57:15.847Z,7364,2026-08-26T08:57:15.847Z,DRD-KC,KC,912d32aa-0b7f-4999-bf60-6670fe5985ea,SAMMS-KCv5
202608260854401145,202608260654255575,202608260654255519,85,2165,Bronze INV,br_InvType,TASK_COMPLETE,SUCCESS,INFO,8,8,0,,2026-08-26T06:54:31.515Z,2026-08-26T08:57:15.847Z,7364,2026-08-26T08:57:15.847Z,DRD-KVB,KVB,912d32aa-0b7f-4999-bf60-6670fe5985ea,SAMMS-KVBv5
202608260854401146,202608260654255576,202608260654255519,85,2166,Bronze INV,br_InvType,TASK_COMPLETE,SUCCESS,INFO,9,9,0,,2026-08-26T06:54:31.515Z,2026-08-26T08:57:15.847Z,7364,2026-08-26T08:57:15.847Z,DRD-KVC,KVC,912d32aa-0b7f-4999-bf60-6670fe5985ea,SAMMS-KVCv5
202608260854401148,202608260654255577,202608260654255519,85,2167,Bronze INV,br_InvType,TASK_COMPLETE,SUCCESS,INFO,7,7,0,,2026-08-26T06:54:31.515Z,2026-08-26T08:57:15.847Z,7364,2026-08-26T08:57:15.847Z,DRD-NOLA,NOLA,912d32aa-0b7f-4999-bf60-6670fe5985ea,SAMMS-NOLAv5
202608260854401149,202608260654255578,202608260654255519,85,2168,Bronze INV,br_InvType,TASK_COMPLETE,SUCCESS,INFO,7,7,0,,2026-08-26T06:54:31.515Z,2026-08-26T08:57:15.847Z,7364,2026-08-26T08:57:15.847Z,DRD-SF,Springfield,912d32aa-0b7f-4999-bf60-6670fe5985ea,SAMMS-SFv5
202608260854401150,202608260654255579,202608260654255519,85,2170,Bronze INV,br_InvType,TASK_COMPLETE,SUCCESS,INFO,7,7,0,,2026-08-26T06:54:31.515Z,2026-08-26T08:57:15.847Z,7364,2026-08-26T08:57:15.847Z,ELC,Elizabeth City,912d32aa-0b7f-4999-bf60-6670fe5985ea,SAMMS-ElizabethCity
202608260854401151,202608260654255580,202608260654255519,85,2171,Bronze INV,br_InvType,TASK_COMPLETE,SUCCESS,INFO,7,7,0,,2026-08-26T06:54:31.515Z,2026-08-26T08:57:15.847Z,7364,2026-08-26T08:57:15.847Z,ET,Elizabethtown,912d32aa-0b7f-4999-bf60-6670fe5985ea,SAMMS-Elizabethtown
202608260854401152,202608260654255581,202608260654255519,85,2172,Bronze INV,br_InvType,TASK_COMPLETE,SUCCESS,INFO,7,7,0,,2026-08-26T06:54:31.515Z,2026-08-26T08:57:15.847Z,7364,2026-08-26T08:57:15.847Z,FAY,Fayetteville,912d32aa-0b7f-4999-bf60-6670fe5985ea,SAMMS-Fayetteville
202608260854401153,202608260654255582,202608260654255519,85,2173,Bronze INV,br_InvType,TASK_COMPLETE,SUCCESS,INFO,7,7,0,,2026-08-26T06:54:31.515Z,2026-08-26T08:57:15.847Z,7364,2026-08-26T08:57:15.847Z,FR,Frankfort,912d32aa-0b7f-4999-bf60-6670fe5985ea,SAMMS-Frankfort
202608260854401154,202608260654255583,202608260654255519,85,2174,Bronze INV,br_InvType,TASK_COMPLETE,SUCCESS,INFO,7,7,0,,2026-08-26T06:54:31.515Z,2026-08-26T08:57:15.847Z,7364,2026-08-26T08:57:15.847Z,FS,Fort Smith,912d32aa-0b7f-4999-bf60-6670fe5985ea,SAMMS-FortSmith
202608260854401155,202608260654255584,202608260654255519,85,2175,Bronze INV,br_InvType,TASK_COMPLETE,SUCCESS,INFO,7,7,0,,2026-08-26T06:54:31.515Z,2026-08-26T08:57:15.847Z,7364,2026-08-26T08:57:15.847Z,FW,Fort Wayne,912d32aa-0b7f-4999-bf60-6670fe5985ea,SAMMS-FortWayne
202608260854401156,202608260654255585,202608260654255519,85,2176,Bronze INV,br_InvType,TASK_COMPLETE,SUCCESS,INFO,7,7,0,,2026-08-26T06:54:31.515Z,2026-08-26T08:57:15.847Z,7364,2026-08-26T08:57:15.847Z,GAL,Gaylord,912d32aa-0b7f-4999-bf60-6670fe5985ea,SAMMS-Gaylord
202608260854401157,202608260654255586,202608260654255519,85,2180,Bronze INV,br_InvType,TASK_COMPLETE,SUCCESS,INFO,4,4,0,,2026-08-26T06:54:31.515Z,2026-08-26T08:57:15.847Z,7364,2026-08-26T08:57:15.847Z,HGT,Hagerstown,912d32aa-0b7f-4999-bf60-6670fe5985ea,SAMMS-Hagerstown
202608260854401159,202608260654255587,202608260654255519,85,2181,Bronze INV,br_InvType,TASK_COMPLETE,SUCCESS,INFO,5,5,0,,2026-08-26T06:54:31.515Z,2026-08-26T08:57:15.847Z,7364,2026-08-26T08:57:15.847Z,HNT,Huntsville,912d32aa-0b7f-4999-bf60-6670fe5985ea,SAMMS-Huntsville
202608260854401160,202608260654255588,202608260654255519,85,2182,Bronze INV,br_InvType,TASK_COMPLETE,SUCCESS,INFO,7,7,0,,2026-08-26T06:54:31.515Z,2026-08-26T08:57:15.847Z,7364,2026-08-26T08:57:15.847Z,HS,Hot Springs,912d32aa-0b7f-4999-bf60-6670fe5985ea,SAMMS-HotSprings
202608260854401161,202608260654255589,202608260654255519,85,2183,Bronze INV,br_InvType,TASK_COMPLETE,SUCCESS,INFO,7,7,0,,2026-08-26T06:54:31.515Z,2026-08-26T08:57:15.847Z,7364,2026-08-26T08:57:15.847Z,JON,Jonesboro,912d32aa-0b7f-4999-bf60-6670fe5985ea,SAMMS-Jonesboro
202608260854401162,202608260654255590,202608260654255519,85,2185,Bronze INV,br_InvType,TASK_COMPLETE,SUCCESS,INFO,7,7,0,,2026-08-26T06:54:31.515Z,2026-08-26T08:57:15.847Z,7364,2026-08-26T08:57:15.847Z,LAN,Lansing,912d32aa-0b7f-4999-bf60-6670fe5985ea,SAMMS-Lansing
202608260854401163,202608260654255591,202608260654255519,85,2186,Bronze INV,br_InvType,TASK_COMPLETE,SUCCESS,INFO,7,7,0,,2026-08-26T06:54:31.515Z,2026-08-26T08:57:15.847Z,7364,2026-08-26T08:57:15.847Z,LO,Louisville,912d32aa-0b7f-4999-bf60-6670fe5985ea,SAMMS-Louisville
202608260854401164,202608260654255592,202608260654255519,85,2187,Bronze INV,br_InvType,TASK_COMPLETE,SUCCESS,INFO,7,7,0,,2026-08-26T06:54:31.515Z,2026-08-26T08:57:15.847Z,7364,2026-08-26T08:57:15.847Z,LV1,Cheyenne,912d32aa-0b7f-4999-bf60-6670fe5985ea,SAMMS-Cheyenne
202608260854401165,202608260654255593,202608260654255519,85,2188,Bronze INV,br_InvType,TASK_COMPLETE,SUCCESS,INFO,6,6,0,,2026-08-26T06:54:31.515Z,2026-08-26T08:57:15.847Z,7364,2026-08-26T08:57:15.847Z,LV2,Desert Inn,912d32aa-0b7f-4999-bf60-6670fe5985ea,SAMMS-DesertInn
202608260854401166,202608260654255594,202608260654255519,85,2189,Bronze INV,br_InvType,TASK_COMPLETE,SUCCESS,INFO,7,7,0,,2026-08-26T06:54:31.515Z,2026-08-26T08:57:15.847Z,7364,2026-08-26T08:57:15.847Z,LV3,McDaniel,912d32aa-0b7f-4999-bf60-6670fe5985ea,SAMMS-McDaniel
202608260854401167,202608260654255595,202608260654255519,85,2192,Bronze INV,br_InvType,TASK_COMPLETE,SUCCESS,INFO,7,7,0,,2026-08-26T06:54:31.515Z,2026-08-26T08:57:15.847Z,7364,2026-08-26T08:57:15.847Z,MNRE,Monroe,912d32aa-0b7f-4999-bf60-6670fe5985ea,SAMMS-Monroe
202608260854401168,202608260654255596,202608260654255519,85,2193,Bronze INV,br_InvType,TASK_COMPLETE,SUCCESS,INFO,7,7,0,,2026-08-26T06:54:31.515Z,2026-08-26T08:57:15.847Z,7364,2026-08-26T08:57:15.847Z,MP,Mt. Pleasant,912d32aa-0b7f-4999-bf60-6670fe5985ea,SAMMS-MtPleasant
202608260854401169,202608260654255597,202608260654255519,85,2194,Bronze INV,br_InvType,TASK_COMPLETE,SUCCESS,INFO,7,7,0,,2026-08-26T06:54:31.515Z,2026-08-26T08:57:15.847Z,7364,2026-08-26T08:57:15.847Z,MRD,Meridian,912d32aa-0b7f-4999-bf60-6670fe5985ea,SAMMS-Meridian
202608260854401171,202608260654255598,202608260654255519,85,2199,Bronze INV,br_InvType,TASK_COMPLETE,SUCCESS,INFO,7,7,0,,2026-08-26T06:54:31.515Z,2026-08-26T08:57:15.847Z,7364,2026-08-26T08:57:15.847Z,NC,North Charleston,912d32aa-0b7f-4999-bf60-6670fe5985ea,SAMMS-NorthCharleston
202608260854401172,202608260654255599,202608260654255519,85,2200,Bronze INV,br_InvType,TASK_COMPLETE,SUCCESS,INFO,7,7,0,,2026-08-26T06:54:31.515Z,2026-08-26T08:57:15.847Z,7364,2026-08-26T08:57:15.847Z,NLR,N. Little Rock,912d32aa-0b7f-4999-bf60-6670fe5985ea,SAMMS-NLROBOT
202608260854401173,202608260654255600,202608260654255519,85,2201,Bronze INV,br_InvType,TASK_COMPLETE,SUCCESS,INFO,6,6,0,,2026-08-26T06:54:31.515Z,2026-08-26T08:57:15.847Z,7364,2026-08-26T08:57:15.847Z,PH,Phoenix,912d32aa-0b7f-4999-bf60-6670fe5985ea,SAMMS-Phoenix
202608260854401174,202608260654255601,202608260654255519,85,2205,Bronze INV,br_InvType,TASK_COMPLETE,SUCCESS,INFO,8,8,0,,2026-08-26T06:54:31.515Z,2026-08-26T08:57:15.847Z,7364,2026-08-26T08:57:15.847Z,RE,Reno,912d32aa-0b7f-4999-bf60-6670fe5985ea,SAMMS-Reno
202608260854401175,202608260654255602,202608260654255519,85,2206,Bronze INV,br_InvType,TASK_COMPLETE,SUCCESS,INFO,7,7,0,,2026-08-26T06:54:31.515Z,2026-08-26T08:57:15.847Z,7364,2026-08-26T08:57:15.847Z,RMD,Richmond,912d32aa-0b7f-4999-bf60-6670fe5985ea,SAMMS-Richmond
202608260854401176,202608260654255603,202608260654255519,85,2207,Bronze INV,br_InvType,TASK_COMPLETE,SUCCESS,INFO,7,7,0,,2026-08-26T06:54:31.515Z,2026-08-26T08:57:15.847Z,7364,2026-08-26T08:57:15.847Z,SFN,Springfield North,912d32aa-0b7f-4999-bf60-6670fe5985ea,SAMMS-SFNv5
202608260854401177,202608260654255604,202608260654255519,85,2208,Bronze INV,br_InvType,TASK_COMPLETE,SUCCESS,INFO,7,7,0,,2026-08-26T06:54:31.515Z,2026-08-26T08:57:15.847Z,7364,2026-08-26T08:57:15.847Z,SHP,Shreveport,912d32aa-0b7f-4999-bf60-6670fe5985ea,SAMMS-Shreveport
202608260854401178,202608260654255605,202608260654255519,85,2210,Bronze INV,br_InvType,TASK_COMPLETE,SUCCESS,INFO,7,7,0,,2026-08-26T06:54:31.515Z,2026-08-26T08:57:15.847Z,7364,2026-08-26T08:57:15.847Z,STN,Staunton,912d32aa-0b7f-4999-bf60-6670fe5985ea,SAMMS-Staunton
202608260854401180,202608260654255606,202608260654255519,85,2211,Bronze INV,br_InvType,TASK_COMPLETE,SUCCESS,INFO,8,8,0,,2026-08-26T06:54:31.515Z,2026-08-26T08:57:15.847Z,7364,2026-08-26T08:57:15.847Z,STVN,Stevenson,912d32aa-0b7f-4999-bf60-6670fe5985ea,SAMMS-Stevenson
202608260854401181,202608260654255607,202608260654255519,85,2213,Bronze INV,br_InvType,TASK_COMPLETE,SUCCESS,INFO,7,7,0,,2026-08-26T06:54:31.515Z,2026-08-26T08:57:15.847Z,7364,2026-08-26T08:57:15.847Z,TE,Tempe,912d32aa-0b7f-4999-bf60-6670fe5985ea,SAMMS-Tempe
202608260854401182,202608260654255608,202608260654255519,85,2214,Bronze INV,br_InvType,TASK_COMPLETE,SUCCESS,INFO,7,7,0,,2026-08-26T06:54:31.515Z,2026-08-26T08:57:15.847Z,7364,2026-08-26T08:57:15.847Z,TEX,Texarkana,912d32aa-0b7f-4999-bf60-6670fe5985ea,SAMMS-Texarkana
202608260854401183,202608260654255609,202608260654255519,85,2215,Bronze INV,br_InvType,TASK_COMPLETE,SUCCESS,INFO,6,6,0,,2026-08-26T06:54:31.515Z,2026-08-26T08:57:15.847Z,7364,2026-08-26T08:57:15.847Z,TTCA,Bessemer,912d32aa-0b7f-4999-bf60-6670fe5985ea,SAMMS-BessemerV5
202608260854401184,202608260654255610,202608260654255519,85,2216,Bronze INV,br_InvType,TASK_COMPLETE,SUCCESS,INFO,6,6,0,,2026-08-26T06:54:31.515Z,2026-08-26T08:57:15.847Z,7364,2026-08-26T08:57:15.847Z,TTCB,Cullman,912d32aa-0b7f-4999-bf60-6670fe5985ea,SAMMS-CullmanV5
202608260854401185,202608260654255611,202608260654255519,85,2217,Bronze INV,br_InvType,TASK_COMPLETE,SUCCESS,INFO,7,7,0,,2026-08-26T06:54:31.515Z,2026-08-26T08:57:15.847Z,7364,2026-08-26T08:57:15.847Z,TTCC,Grand Bay,912d32aa-0b7f-4999-bf60-6670fe5985ea,SAMMS-GrandBay
202608260854401187,202608260654255612,202608260654255519,85,2218,Bronze INV,br_InvType,TASK_COMPLETE,SUCCESS,INFO,7,7,0,,2026-08-26T06:54:31.515Z,2026-08-26T08:57:15.847Z,7364,2026-08-26T08:57:15.847Z,TU,Tucson,912d32aa-0b7f-4999-bf60-6670fe5985ea,SAMMS-Tucson
202608260854401188,202608260654255613,202608260654255519,85,2220,Bronze INV,br_InvType,TASK_COMPLETE,SUCCESS,INFO,6,6,0,,2026-08-26T06:54:31.515Z,2026-08-26T08:57:15.847Z,7364,2026-08-26T08:57:15.847Z,V1,Memphis South,912d32aa-0b7f-4999-bf60-6670fe5985ea,SAMMS-VCPHCS-I-MemphisV5
202608260854401189,202608260654255614,202608260654255519,85,2221,Bronze INV,br_InvType,TASK_COMPLETE,SUCCESS,INFO,8,8,0,,2026-08-26T06:54:31.515Z,2026-08-26T08:57:15.847Z,7364,2026-08-26T08:57:15.847Z,V10,Longmont,912d32aa-0b7f-4999-bf60-6670fe5985ea,SAMMS-BoulderV5
202608260854401190,202608260654255615,202608260654255519,85,2222,Bronze INV,br_InvType,TASK_COMPLETE,SUCCESS,INFO,8,8,0,,2026-08-26T06:54:31.515Z,2026-08-26T08:57:15.847Z,7364,2026-08-26T08:57:15.847Z,V10A,Fort Collins,912d32aa-0b7f-4999-bf60-6670fe5985ea,SAMMS-FortCollinsV5
202608260854401191,202608260654255616,202608260654255519,85,2223,Bronze INV,br_InvType,TASK_COMPLETE,SUCCESS,INFO,8,8,0,,2026-08-26T06:54:31.515Z,2026-08-26T08:57:15.847Z,7364,2026-08-26T08:57:15.847Z,V11,Westminster,912d32aa-0b7f-4999-bf60-6670fe5985ea,SAMMS-VCPHCS-XI-NorthDenverV5
202608260854401192,202608260654255617,202608260654255519,85,2224,Bronze INV,br_InvType,TASK_COMPLETE,SUCCESS,INFO,7,7,0,,2026-08-26T06:54:31.515Z,2026-08-26T08:57:15.847Z,7364,2026-08-26T08:57:15.847Z,V12,Downtown Denver,912d32aa-0b7f-4999-bf60-6670fe5985ea,SAMMS-VCPHCS-XII-DowntownDenverV5
202608260854401193,202608260654255618,202608260654255519,85,2225,Bronze INV,br_InvType,TASK_COMPLETE,SUCCESS,INFO,8,8,0,,2026-08-26T06:54:31.515Z,2026-08-26T08:57:15.847Z,7364,2026-08-26T08:57:15.847Z,V12A,Centennial,912d32aa-0b7f-4999-bf60-6670fe5985ea,SAMMS-CentennialV5
202608260854401195,202608260654255619,202608260654255519,85,2226,Bronze INV,br_InvType,TASK_COMPLETE,SUCCESS,INFO,7,7,0,,2026-08-26T06:54:31.515Z,2026-08-26T08:57:15.847Z,7364,2026-08-26T08:57:15.847Z,V14,Overland Park,912d32aa-0b7f-4999-bf60-6670fe5985ea,SAMMS-VCPHCS-XIV-BridgewayV5
202608260854401196,202608260654255620,202608260654255519,85,2227,Bronze INV,br_InvType,TASK_COMPLETE,SUCCESS,INFO,5,5,0,,2026-08-26T06:54:31.515Z,2026-08-26T08:57:15.847Z,7364,2026-08-26T08:57:15.847Z,V15,Joplin,912d32aa-0b7f-4999-bf60-6670fe5985ea,SAMMS-JoplinV5
202608260854401197,202608260654255621,202608260654255519,85,2229,Bronze INV,br_InvType,TASK_COMPLETE,SUCCESS,INFO,8,8,0,,2026-08-26T06:54:31.515Z,2026-08-26T08:57:15.847Z,7364,2026-08-26T08:57:15.847Z,V17,Columbia TN,912d32aa-0b7f-4999-bf60-6670fe5985ea,SAMMS-ColumbiaTNv5
202608260854401198,202608260654255622,202608260654255519,85,2231,Bronze INV,br_InvType,TASK_COMPLETE,SUCCESS,INFO,7,7,0,,2026-08-26T06:54:31.515Z,2026-08-26T08:57:15.847Z,7364,2026-08-26T08:57:15.847Z,V19,Jackson,912d32aa-0b7f-4999-bf60-6670fe5985ea,SAMMS-JacksonV5
202608260854401199,202608260654255623,202608260654255519,85,2233,Bronze INV,br_InvType,TASK_COMPLETE,SUCCESS,INFO,7,7,0,,2026-08-26T06:54:31.515Z,2026-08-26T08:57:15.847Z,7364,2026-08-26T08:57:15.847Z,V20,Paris,912d32aa-0b7f-4999-bf60-6670fe5985ea,SAMMS-ParisV5
202608260854401200,202608260654255624,202608260654255519,85,2234,Bronze INV,br_InvType,TASK_COMPLETE,SUCCESS,INFO,8,8,0,,2026-08-26T06:54:31.515Z,2026-08-26T08:57:15.847Z,7364,2026-08-26T08:57:15.847Z,V21,Memphis North,912d32aa-0b7f-4999-bf60-6670fe5985ea,SAMMS-RaleighV5
202608260854401201,202608260654255625,202608260654255519,85,2237,Bronze INV,br_InvType,TASK_COMPLETE,SUCCESS,INFO,7,7,0,,2026-08-26T06:54:31.515Z,2026-08-26T08:57:15.847Z,7364,2026-08-26T08:57:15.847Z,V5,West Bank,912d32aa-0b7f-4999-bf60-6670fe5985ea,SAMMS-NONTCv5
202608260854401202,202608260654255626,202608260654255519,85,2239,Bronze INV,br_InvType,TASK_COMPLETE,SUCCESS,INFO,7,7,0,,2026-08-26T06:54:31.515Z,2026-08-26T08:57:15.847Z,7364,2026-08-26T08:57:15.847Z,V5B,Houma,912d32aa-0b7f-4999-bf60-6670fe5985ea,SAMMS-HoumaV6
202608260854401204,202608260654255627,202608260654255519,85,2240,Bronze INV,br_InvType,TASK_COMPLETE,SUCCESS,INFO,8,8,0,,2026-08-26T06:54:31.515Z,2026-08-26T08:57:15.847Z,7364,2026-08-26T08:57:15.847Z,V6,Lake Charles,912d32aa-0b7f-4999-bf60-6670fe5985ea,SAMMS-LCv5
202608260854401205,202608260654255628,202608260654255519,85,2242,Bronze INV,br_InvType,TASK_COMPLETE,SUCCESS,INFO,7,7,0,,2026-08-26T06:54:31.515Z,2026-08-26T08:57:15.847Z,7364,2026-08-26T08:57:15.847Z,V8,Memphis Midtown,912d32aa-0b7f-4999-bf60-6670fe5985ea,SAMMS-VCPHCS-VIII-MemphisV5
202608260854401206,202608260654255629,202608260654255519,85,2243,Bronze INV,br_InvType,TASK_COMPLETE,SUCCESS,INFO,7,7,0,,2026-08-26T06:54:31.515Z,2026-08-26T08:57:15.847Z,7364,2026-08-26T08:57:15.847Z,V9,Nashville,912d32aa-0b7f-4999-bf60-6670fe5985ea,SAMMS-NashvilleV5
202608260854401207,202608260654255630,202608260654255519,85,2244,Bronze INV,br_InvType,TASK_COMPLETE,SUCCESS,INFO,7,7,0,,2026-08-26T06:54:31.515Z,2026-08-26T08:57:15.847Z,7364,2026-08-26T08:57:15.847Z,VBRA,Brainerd,912d32aa-0b7f-4999-bf60-6670fe5985ea,SAMMS-BrainerdV6
202608260854401208,202608260654255631,202608260654255519,85,2245,Bronze INV,br_InvType,TASK_COMPLETE,SUCCESS,INFO,7,7,0,,2026-08-26T06:54:31.515Z,2026-08-26T08:57:15.847Z,7364,2026-08-26T08:57:15.847Z,VBRP,Brooklyn Park,912d32aa-0b7f-4999-bf60-6670fe5985ea,SAMMS-BrooklynParkV6
202608260854401209,202608260654255632,202608260654255519,85,2247,Bronze INV,br_InvType,TASK_COMPLETE,SUCCESS,INFO,7,7,0,,2026-08-26T06:54:31.515Z,2026-08-26T08:57:15.847Z,7364,2026-08-26T08:57:15.847Z,VMIN,Minneapolis,912d32aa-0b7f-4999-bf60-6670fe5985ea,SAMMS-MinneapolisV6
202608260854401210,202608260654255633,202608260654255519,85,2248,Bronze INV,br_InvType,TASK_COMPLETE,SUCCESS,INFO,7,7,0,,2026-08-26T06:54:31.515Z,2026-08-26T08:57:15.847Z,7364,2026-08-26T08:57:15.847Z,VWBY,Woodbury,912d32aa-0b7f-4999-bf60-6670fe5985ea,SAMMS-WoodburyV6
202608260854401212,202608260654255634,202608260654255519,85,2250,Bronze INV,br_InvType,TASK_COMPLETE,SUCCESS,INFO,7,7,0,,2026-08-26T06:54:31.515Z,2026-08-26T08:57:15.847Z,7364,2026-08-26T08:57:15.847Z,WIL,Wilson,912d32aa-0b7f-4999-bf60-6670fe5985ea,SAMMS-Wilson
202608260854401318,202608260654355537,202608260654355519,86,8577,Silver INV,sl_InvType,TASK_COMPLETE,SUCCESS,INFO,755,755,0,,2026-08-26T06:54:31.515Z,2026-08-26T08:57:15.847Z,7364,2026-08-26T08:57:15.847Z,,,912d32aa-0b7f-4999-bf60-6670fe5985ea,
202608260854401240,202608260654255977,202608260654255519,85,2254,Bronze INV,br_LabResult,TASK_COMPLETE,SUCCESS,INFO,1693,1693,0,,2026-08-26T06:54:31.515Z,2026-08-26T08:57:15.847Z,7364,2026-08-26T08:57:15.847Z,AHK,Ahoskie,912d32aa-0b7f-4999-bf60-6670fe5985ea,SAMMS-Ahoskie
202608260854401241,202608260654255978,202608260654255519,85,2255,Bronze INV,br_LabResult,TASK_COMPLETE,SUCCESS,INFO,1260,1260,0,,2026-08-26T06:54:31.515Z,2026-08-26T08:57:15.847Z,7364,2026-08-26T08:57:15.847Z,B12B,Colorado Springs,912d32aa-0b7f-4999-bf60-6670fe5985ea,SAMMS-ColoradoSpringsV5
202608260854401242,202608260654255979,202608260654255519,85,2256,Bronze INV,br_LabResult,TASK_COMPLETE,SUCCESS,INFO,1833,1833,0,,2026-08-26T06:54:31.515Z,2026-08-26T08:57:15.847Z,7364,2026-08-26T08:57:15.847Z,B24,Paintsville,912d32aa-0b7f-4999-bf60-6670fe5985ea,SAMMS-PaintsvilleV5
202608260854401243,202608260654255980,202608260654255519,85,2257,Bronze INV,br_LabResult,TASK_COMPLETE,SUCCESS,INFO,2285,2285,0,,2026-08-26T06:54:31.515Z,2026-08-26T08:57:15.847Z,7364,2026-08-26T08:57:15.847Z,B25,Pikeville,912d32aa-0b7f-4999-bf60-6670fe5985ea,SAMMS-PikevilleV5
202608260854401244,202608260654255981,202608260654255519,85,2258,Bronze INV,br_LabResult,TASK_COMPLETE,SUCCESS,INFO,2741,2741,0,,2026-08-26T06:54:31.515Z,2026-08-26T08:57:15.847Z,7364,2026-08-26T08:57:15.847Z,B26,Hazard,912d32aa-0b7f-4999-bf60-6670fe5985ea,SAMMS-HazardV5
202608260854401246,202608260654255982,202608260654255519,85,2259,Bronze INV,br_LabResult,TASK_COMPLETE,SUCCESS,INFO,3,3,0,,2026-08-26T06:54:31.515Z,2026-08-26T08:57:15.847Z,7364,2026-08-26T08:57:15.847Z,B27,Savannah,912d32aa-0b7f-4999-bf60-6670fe5985ea,SAMMS-SavannahV6
202608260854401247,202608260654255983,202608260654255519,85,2260,Bronze INV,br_LabResult,TASK_COMPLETE,SUCCESS,INFO,1555,1555,0,,2026-08-26T06:54:31.515Z,2026-08-26T08:57:15.847Z,7364,2026-08-26T08:57:15.847Z,B28,West Plains,912d32aa-0b7f-4999-bf60-6670fe5985ea,SAMMS-WestPlainesV5
202608260854401248,202608260654255984,202608260654255519,85,2261,Bronze INV,br_LabResult,TASK_COMPLETE,SUCCESS,INFO,1885,1885,0,,2026-08-26T06:54:31.515Z,2026-08-26T08:57:15.847Z,7364,2026-08-26T08:57:15.847Z,B29,Poplar Bluff,912d32aa-0b7f-4999-bf60-6670fe5985ea,SAMMS-PoplarBluffV5
202608260854401249,202608260654255985,202608260654255519,85,2262,Bronze INV,br_LabResult,TASK_COMPLETE,SUCCESS,INFO,1513,1513,0,,2026-08-26T06:54:31.515Z,2026-08-26T08:57:15.847Z,7364,2026-08-26T08:57:15.847Z,B30,KC North,912d32aa-0b7f-4999-bf60-6670fe5985ea,SAMMS-KCNv5
202608260854401250,202608260654255986,202608260654255519,85,2263,Bronze INV,br_LabResult,TASK_COMPLETE,SUCCESS,INFO,5376,5376,0,,2026-08-26T06:54:31.515Z,2026-08-26T08:57:15.847Z,7364,2026-08-26T08:57:15.847Z,B31,Dyersburg,912d32aa-0b7f-4999-bf60-6670fe5985ea,SAMMS-DyersburgV5
202608260854401251,202608260654255987,202608260654255519,85,2265,Bronze INV,br_LabResult,TASK_COMPLETE,SUCCESS,INFO,4142,4142,0,,2026-08-26T06:54:31.515Z,2026-08-26T08:57:15.847Z,7364,2026-08-26T08:57:15.847Z,B33,Paducah,912d32aa-0b7f-4999-bf60-6670fe5985ea,SAMMS-Paducah
202608260854401252,202608260654255988,202608260654255519,85,2266,Bronze INV,br_LabResult,TASK_COMPLETE,SUCCESS,INFO,2293,2293,0,,2026-08-26T06:54:31.515Z,2026-08-26T08:57:15.847Z,7364,2026-08-26T08:57:15.847Z,B34,Corbin,912d32aa-0b7f-4999-bf60-6670fe5985ea,SAMMS-CorbinV5
202608260854401253,202608260654255989,202608260654255519,85,2267,Bronze INV,br_LabResult,TASK_COMPLETE,SUCCESS,INFO,11678,11678,0,,2026-08-26T06:54:31.515Z,2026-08-26T08:57:15.847Z,7364,2026-08-26T08:57:15.847Z,B35,Lexington,912d32aa-0b7f-4999-bf60-6670fe5985ea,SAMMS-LexingtonV5
202608260854401254,202608260654255990,202608260654255519,85,2268,Bronze INV,br_LabResult,TASK_COMPLETE,SUCCESS,INFO,2393,2393,0,,2026-08-26T06:54:31.515Z,2026-08-26T08:57:15.847Z,7364,2026-08-26T08:57:15.847Z,B35A,Berea,912d32aa-0b7f-4999-bf60-6670fe5985ea,SAMMS-BereaV5
202608212101409765,202608212020690826,202608212020690709,88,4771,P1 Reference 3P Setup Bronze - AHK,br_samms_3p_setup,TASK_COMPLETE,SUCCESS,INFO,3,3,0,,2026-08-21T20:21:13.701Z,2026-08-21T21:04:00.531Z,2567,2026-08-21T21:04:00.531Z,AHK,Ahoskie,8488c727-7e26-424c-b4ea-f3ce6564dbed,SAMMS-Ahoskie
202608212101409767,202608212020690827,202608212020690709,88,4772,P1 Reference 3P Setup Bronze - B12B,br_samms_3p_setup,TASK_COMPLETE,SUCCESS,INFO,3,3,0,,2026-08-21T20:21:13.701Z,2026-08-21T21:04:00.531Z,2567,2026-08-21T21:04:00.531Z,B12B,ColoradoSprings,8488c727-7e26-424c-b4ea-f3ce6564dbed,SAMMS-ColoradoSpringsV5
202608212101409768,202608212020690828,202608212020690709,88,4773,P1 Reference 3P Setup Bronze - B24,br_samms_3p_setup,TASK_COMPLETE,SUCCESS,INFO,3,3,0,,2026-08-21T20:21:13.701Z,2026-08-21T21:04:00.531Z,2567,2026-08-21T21:04:00.531Z,B24,Paintsville,8488c727-7e26-424c-b4ea-f3ce6564dbed,SAMMS-PaintsvilleV5
202608212101409769,202608212020690829,202608212020690709,88,4774,P1 Reference 3P Setup Bronze - B25,br_samms_3p_setup,TASK_COMPLETE,SUCCESS,INFO,4,4,0,,2026-08-21T20:21:13.701Z,2026-08-21T21:04:00.531Z,2567,2026-08-21T21:04:00.531Z,B25,Pikeville,8488c727-7e26-424c-b4ea-f3ce6564dbed,SAMMS-PikevilleV5
202608212101409770,202608212020690830,202608212020690709,88,4775,P1 Reference 3P Setup Bronze - B26,br_samms_3p_setup,TASK_COMPLETE,SUCCESS,INFO,3,3,0,,2026-08-21T20:21:13.701Z,2026-08-21T21:04:00.531Z,2567,2026-08-21T21:04:00.531Z,B26,Hazard,8488c727-7e26-424c-b4ea-f3ce6564dbed,SAMMS-HazardV5
202608212101409772,202608212020690831,202608212020690709,88,4776,P1 Reference 3P Setup Bronze - B27,br_samms_3p_setup,TASK_COMPLETE,SUCCESS,INFO,3,3,0,,2026-08-21T20:21:13.701Z,2026-08-21T21:04:00.531Z,2567,2026-08-21T21:04:00.531Z,B27,Savannah,8488c727-7e26-424c-b4ea-f3ce6564dbed,SAMMS-SavannahV6
202608212101409773,202608212020690832,202608212020690709,88,4777,P1 Reference 3P Setup Bronze - B28,br_samms_3p_setup,TASK_COMPLETE,SUCCESS,INFO,3,3,0,,2026-08-21T20:21:13.701Z,2026-08-21T21:04:00.531Z,2567,2026-08-21T21:04:00.531Z,B28,WestPlaines,8488c727-7e26-424c-b4ea-f3ce6564dbed,SAMMS-WestPlainesV5
202608212101409774,202608212020690833,202608212020690709,88,4778,P1 Reference 3P Setup Bronze - B29,br_samms_3p_setup,TASK_COMPLETE,SUCCESS,INFO,3,3,0,,2026-08-21T20:21:13.701Z,2026-08-21T21:04:00.531Z,2567,2026-08-21T21:04:00.531Z,B29,PoplarBluff,8488c727-7e26-424c-b4ea-f3ce6564dbed,SAMMS-PoplarBluffV5
202608212101409776,202608212020690834,202608212020690709,88,4779,P1 Reference 3P Setup Bronze - B30,br_samms_3p_setup,TASK_COMPLETE,SUCCESS,INFO,3,3,0,,2026-08-21T20:21:13.701Z,2026-08-21T21:04:00.531Z,2567,2026-08-21T21:04:00.531Z,B30,KCN,8488c727-7e26-424c-b4ea-f3ce6564dbed,SAMMS-KCNv5
202608212101409777,202608212020690835,202608212020690709,88,4780,P1 Reference 3P Setup Bronze - B31,br_samms_3p_setup,TASK_COMPLETE,SUCCESS,INFO,3,3,0,,2026-08-21T20:21:13.701Z,2026-08-21T21:04:00.531Z,2567,2026-08-21T21:04:00.531Z,B31,Dyersburg,8488c727-7e26-424c-b4ea-f3ce6564dbed,SAMMS-DyersburgV5
202608212101409778,202608212020690836,202608212020690709,88,4781,P1 Reference 3P Setup Bronze - B33,br_samms_3p_setup,TASK_COMPLETE,SUCCESS,INFO,3,3,0,,2026-08-21T20:21:13.701Z,2026-08-21T21:04:00.531Z,2567,2026-08-21T21:04:00.531Z,B33,Paducah,8488c727-7e26-424c-b4ea-f3ce6564dbed,SAMMS-Paducah
202608212101409779,202608212020690837,202608212020690709,88,4782,P1 Reference 3P Setup Bronze - B34,br_samms_3p_setup,TASK_COMPLETE,SUCCESS,INFO,3,3,0,,2026-08-21T20:21:13.701Z,2026-08-21T21:04:00.531Z,2567,2026-08-21T21:04:00.531Z,B34,Corbin,8488c727-7e26-424c-b4ea-f3ce6564dbed,SAMMS-CorbinV5
202608212101409780,202608212020690838,202608212020690709,88,4783,P1 Reference 3P Setup Bronze - B35,br_samms_3p_setup,TASK_COMPLETE,SUCCESS,INFO,3,3,0,,2026-08-21T20:21:13.701Z,2026-08-21T21:04:00.531Z,2567,2026-08-21T21:04:00.531Z,B35,Lexington,8488c727-7e26-424c-b4ea-f3ce6564dbed,SAMMS-LexingtonV5
202608212101409782,202608212020690839,202608212020690709,88,4784,P1 Reference 3P Setup Bronze - B35A,br_samms_3p_setup,TASK_COMPLETE,SUCCESS,INFO,3,3,0,,2026-08-21T20:21:13.701Z,2026-08-21T21:04:00.531Z,2567,2026-08-21T21:04:00.531Z,B35A,Berea,8488c727-7e26-424c-b4ea-f3ce6564dbed,SAMMS-BereaV5
202608212101409783,202608212020690840,202608212020690709,88,4785,P1 Reference 3P Setup Bronze - B36,br_samms_3p_setup,TASK_COMPLETE,SUCCESS,INFO,3,3,0,,2026-08-21T20:21:13.701Z,2026-08-21T21:04:00.531Z,2567,2026-08-21T21:04:00.531Z,B36,Asheville,8488c727-7e26-424c-b4ea-f3ce6564dbed,SAMMS-AshevilleV5
202608212101409785,202608212020690841,202608212020690709,88,4786,P1 Reference 3P Setup Bronze - B37,br_samms_3p_setup,TASK_COMPLETE,SUCCESS,INFO,3,3,0,,2026-08-21T20:21:13.701Z,2026-08-21T21:04:00.531Z,2567,2026-08-21T21:04:00.531Z,B37,Clyde,8488c727-7e26-424c-b4ea-f3ce6564dbed,SAMMS-ClydeV5
202608212101409786,202608212020690842,202608212020690709,88,4787,P1 Reference 3P Setup Bronze - B38,br_samms_3p_setup,TASK_COMPLETE,SUCCESS,INFO,3,3,0,,2026-08-21T20:21:13.701Z,2026-08-21T21:04:00.531Z,2567,2026-08-21T21:04:00.531Z,B38,Spartanburg,8488c727-7e26-424c-b4ea-f3ce6564dbed,SAMMS-SpartanburgV5
202608212101409787,202608212020690843,202608212020690709,88,4788,P1 Reference 3P Setup Bronze - B39,br_samms_3p_setup,TASK_COMPLETE,SUCCESS,INFO,3,3,0,,2026-08-21T20:21:13.701Z,2026-08-21T21:04:00.531Z,2567,2026-08-21T21:04:00.531Z,B39,Aiken,8488c727-7e26-424c-b4ea-f3ce6564dbed,SAMMS-AikenV5
202608212101409789,202608212020690844,202608212020690709,88,4789,P1 Reference 3P Setup Bronze - B41,br_samms_3p_setup,TASK_COMPLETE,SUCCESS,INFO,2,2,0,,2026-08-21T20:21:13.701Z,2026-08-21T21:04:00.531Z,2567,2026-08-21T21:04:00.531Z,B41,Chesapeake,8488c727-7e26-424c-b4ea-f3ce6564dbed,SAMMS-ChesapeakeV5
202608212101409790,202608212020690845,202608212020690709,88,4790,P1 Reference 3P Setup Bronze - B42,br_samms_3p_setup,TASK_COMPLETE,SUCCESS,INFO,3,3,0,,2026-08-21T20:21:13.701Z,2026-08-21T21:04:00.531Z,2567,2026-08-21T21:04:00.531Z,B42,VirginiaBeach,8488c727-7e26-424c-b4ea-f3ce6564dbed,SAMMS-VirginiaBeachV5
202608212101409792,202608212020690846,202608212020690709,88,4791,P1 Reference 3P Setup Bronze - B42A,br_samms_3p_setup,TASK_COMPLETE,SUCCESS,INFO,3,3,0,,2026-08-21T20:21:13.701Z,2026-08-21T21:04:00.531Z,2567,2026-08-21T21:04:00.531Z,B42A,NewportNews,8488c727-7e26-424c-b4ea-f3ce6564dbed,SAMMS-NewportNewsV5
202608212101409793,202608212020690847,202608212020690709,88,4792,P1 Reference 3P Setup Bronze - B42B,br_samms_3p_setup,TASK_COMPLETE,SUCCESS,INFO,3,3,0,,2026-08-21T20:21:13.701Z,2026-08-21T21:04:00.531Z,2567,2026-08-21T21:04:00.531Z,B42B,Franklin,8488c727-7e26-424c-b4ea-f3ce6564dbed,SAMMS-FranklinV5
202608212101409795,202608212020690848,202608212020690709,88,4793,P1 Reference 3P Setup Bronze - B42C,br_samms_3p_setup,TASK_COMPLETE,SUCCESS,INFO,2,2,0,,2026-08-21T20:21:13.701Z,2026-08-21T21:04:00.531Z,2567,2026-08-21T21:04:00.531Z,B42C,GlenAllen,8488c727-7e26-424c-b4ea-f3ce6564dbed,SAMMS-GlenAllenV5
202608212101409796,202608212020690849,202608212020690709,88,4794,P1 Reference 3P Setup Bronze - B42D,br_samms_3p_setup,TASK_COMPLETE,SUCCESS,INFO,3,3,0,,2026-08-21T20:21:13.701Z,2026-08-21T21:04:00.531Z,2567,2026-08-21T21:04:00.531Z,B42D,ChesapeakeSouth,8488c727-7e26-424c-b4ea-f3ce6564dbed,SAMMS-ChesapeakeSouthV5
202608212101409798,202608212020690850,202608212020690709,88,4795,P1 Reference 3P Setup Bronze - B44,br_samms_3p_setup,TASK_COMPLETE,SUCCESS,INFO,3,3,0,,2026-08-21T20:21:13.701Z,2026-08-21T21:04:00.531Z,2567,2026-08-21T21:04:00.531Z,B44,Albany,8488c727-7e26-424c-b4ea-f3ce6564dbed,SAMMS-AlbanyV5
202608212101409799,202608212020690851,202608212020690709,88,4796,P1 Reference 3P Setup Bronze - B45,br_samms_3p_setup,TASK_COMPLETE,SUCCESS,INFO,3,3,0,,2026-08-21T20:21:13.701Z,2026-08-21T21:04:00.531Z,2567,2026-08-21T21:04:00.531Z,B45,Tifton,8488c727-7e26-424c-b4ea-f3ce6564dbed,SAMMS-TiftonV5
202608212101409801,202608212020690852,202608212020690709,88,4797,P1 Reference 3P Setup Bronze - B46,br_samms_3p_setup,TASK_COMPLETE,SUCCESS,INFO,3,3,0,,2026-08-21T20:21:13.701Z,2026-08-21T21:04:00.531Z,2567,2026-08-21T21:04:00.531Z,B46,WashingtonDC,8488c727-7e26-424c-b4ea-f3ce6564dbed,SAMMS-WashingtonDCv5
202608212101409802,202608212020690853,202608212020690709,88,4798,P1 Reference 3P Setup Bronze - B47,br_samms_3p_setup,TASK_COMPLETE,SUCCESS,INFO,3,3,0,,2026-08-21T20:21:13.701Z,2026-08-21T21:04:00.531Z,2567,2026-08-21T21:04:00.531Z,B47,Mobile,8488c727-7e26-424c-b4ea-f3ce6564dbed,SAMMS-MobileV5
202608212101409804,202608212020690854,202608212020690709,88,4799,P1 Reference 3P Setup Bronze - B48,br_samms_3p_setup,TASK_COMPLETE,SUCCESS,INFO,5,5,0,,2026-08-21T20:21:13.701Z,2026-08-21T21:04:00.531Z,2567,2026-08-21T21:04:00.531Z,B48,Tuscaloosa,8488c727-7e26-424c-b4ea-f3ce6564dbed,SAMMS-TuscaloosaV5
202608212101409805,202608212020690855,202608212020690709,88,4800,P1 Reference 3P Setup Bronze - B51,br_samms_3p_setup,TASK_COMPLETE,SUCCESS,INFO,2,2,0,,2026-08-21T20:21:13.701Z,2026-08-21T21:04:00.531Z,2567,2026-08-21T21:04:00.531Z,B51,NorthLittleRock,8488c727-7e26-424c-b4ea-f3ce6564dbed,SAMMS-NorthLittleRockV6
202608212101409806,202608212020690856,202608212020690709,88,4801,P1 Reference 3P Setup Bronze - B52,br_samms_3p_setup,TASK_COMPLETE,SUCCESS,INFO,3,3,0,,2026-08-21T20:21:13.701Z,2026-08-21T21:04:00.531Z,2567,2026-08-21T21:04:00.531Z,B52,JacksonGA,8488c727-7e26-424c-b4ea-f3ce6564dbed,SAMMS-JacksonGAV5
202608212101409808,202608212020690857,202608212020690709,88,4802,P1 Reference 3P Setup Bronze - B54,br_samms_3p_setup,TASK_COMPLETE,SUCCESS,INFO,3,3,0,,2026-08-21T20:21:13.701Z,2026-08-21T21:04:00.531Z,2567,2026-08-21T21:04:00.531Z,B54,Gadsden,8488c727-7e26-424c-b4ea-f3ce6564dbed,SAMMS-GadsdenV5
202608212101409809,202608212020690858,202608212020690709,88,4803,P1 Reference 3P Setup Bronze - B55,br_samms_3p_setup,TASK_COMPLETE,SUCCESS,INFO,3,3,0,,2026-08-21T20:21:13.701Z,2026-08-21T21:04:00.531Z,2567,2026-08-21T21:04:00.531Z,B55,Shoals,8488c727-7e26-424c-b4ea-f3ce6564dbed,SAMMS-ShoalsV5
202608212101409811,202608212020690859,202608212020690709,88,4804,P1 Reference 3P Setup Bronze - B57,br_samms_3p_setup,TASK_COMPLETE,SUCCESS,INFO,4,4,0,,2026-08-21T20:21:13.701Z,2026-08-21T21:04:00.531Z,2567,2026-08-21T21:04:00.531Z,B57,Pawtucket,8488c727-7e26-424c-b4ea-f3ce6564dbed,SAMMS-Pawtucket
202608212101409812,202608212020690860,202608212020690709,88,4805,P1 Reference 3P Setup Bronze - B57A,br_samms_3p_setup,TASK_COMPLETE,SUCCESS,INFO,4,4,0,,2026-08-21T20:21:13.701Z,2026-08-21T21:04:00.531Z,2567,2026-08-21T21:04:00.531Z,B57A,Johnston,8488c727-7e26-424c-b4ea-f3ce6564dbed,SAMMS-Johnston
202608212101409813,202608212020690861,202608212020690709,88,4806,P1 Reference 3P Setup Bronze - B57B,br_samms_3p_setup,TASK_COMPLETE,SUCCESS,INFO,4,4,0,,2026-08-21T20:21:13.701Z,2026-08-21T21:04:00.531Z,2567,2026-08-21T21:04:00.531Z,B57B,Middletown,8488c727-7e26-424c-b4ea-f3ce6564dbed,SAMMS-Middletown
202608212101409815,202608212020690862,202608212020690709,88,4807,P1 Reference 3P Setup Bronze - B57C,br_samms_3p_setup,TASK_COMPLETE,SUCCESS,INFO,4,4,0,,2026-08-21T20:21:13.701Z,2026-08-21T21:04:00.531Z,2567,2026-08-21T21:04:00.531Z,B57C,Providence,8488c727-7e26-424c-b4ea-f3ce6564dbed,SAMMS-Providence
202608212101409816,202608212020690863,202608212020690709,88,4808,P1 Reference 3P Setup Bronze - B57D,br_samms_3p_setup,TASK_COMPLETE,SUCCESS,INFO,4,4,0,,2026-08-21T20:21:13.701Z,2026-08-21T21:04:00.531Z,2567,2026-08-21T21:04:00.531Z,B57D,Westerly,8488c727-7e26-424c-b4ea-f3ce6564dbed,SAMMS-Westerly
202608212101409818,202608212020690864,202608212020690709,88,4809,P1 Reference 3P Setup Bronze - B66A,br_samms_3p_setup,TASK_COMPLETE,SUCCESS,INFO,2,2,0,,2026-08-21T20:21:13.701Z,2026-08-21T21:04:00.531Z,2567,2026-08-21T21:04:00.531Z,B66A,Bremen,8488c727-7e26-424c-b4ea-f3ce6564dbed,SAMMS-Bremen
202608212101409819,202608212020690865,202608212020690709,88,4810,P1 Reference 3P Setup Bronze - B72,br_samms_3p_setup,TASK_COMPLETE,SUCCESS,INFO,2,2,0,,2026-08-21T20:21:13.701Z,2026-08-21T21:04:00.531Z,2567,2026-08-21T21:04:00.531Z,B72,Mobile-OBOT,8488c727-7e26-424c-b4ea-f3ce6564dbed,SAMMS-Mobile-OBOT
202608212101409821,202608212020690866,202608212020690709,88,4811,P1 Reference 3P Setup Bronze - B73,br_samms_3p_setup,TASK_COMPLETE,SUCCESS,INFO,2,2,0,,2026-08-21T20:21:13.701Z,2026-08-21T21:04:00.531Z,2567,2026-08-21T21:04:00.531Z,B73,Montgomery,8488c727-7e26-424c-b4ea-f3ce6564dbed,SAMMS-Montgomery
202608212101409822,202608212020690867,202608212020690709,88,4812,P1 Reference 3P Setup Bronze - B75,br_samms_3p_setup,TASK_COMPLETE,SUCCESS,INFO,3,3,0,,2026-08-21T20:21:13.701Z,2026-08-21T21:04:00.531Z,2567,2026-08-21T21:04:00.531Z,B75,Lawrence,8488c727-7e26-424c-b4ea-f3ce6564dbed,SAMMS-LawrenceV6
202608212101409824,202608212020690868,202608212020690709,88,4813,P1 Reference 3P Setup Bronze - B76,br_samms_3p_setup,TASK_COMPLETE,SUCCESS,INFO,2,2,0,,2026-08-21T20:21:13.701Z,2026-08-21T21:04:00.531Z,2567,2026-08-21T21:04:00.531Z,B76,Huntsville-OBOT,8488c727-7e26-424c-b4ea-f3ce6564dbed,SAMMS-Huntsville-OBOT
202608212101409826,202608212020690869,202608212020690709,88,4814,P1 Reference 3P Setup Bronze - BAT,br_samms_3p_setup,TASK_COMPLETE,SUCCESS,INFO,2,2,0,,2026-08-21T20:21:13.701Z,2026-08-21T21:04:00.531Z,2567,2026-08-21T21:04:00.531Z,BAT,Batesville,8488c727-7e26-424c-b4ea-f3ce6564dbed,SAMMS-Batesville
202608212101409827,202608212020690870,202608212020690709,88,4815,P1 Reference 3P Setup Bronze - BG,br_samms_3p_setup,TASK_COMPLETE,SUCCESS,INFO,3,3,0,,2026-08-21T20:21:13.701Z,2026-08-21T21:04:00.531Z,2567,2026-08-21T21:04:00.531Z,BG,BowlingGreen,8488c727-7e26-424c-b4ea-f3ce6564dbed,SAMMS-BowlingGreen
202608212101409829,202608212020690871,202608212020690709,88,4816,P1 Reference 3P Setup Bronze - BOI,br_samms_3p_setup,TASK_COMPLETE,SUCCESS,INFO,3,3,0,,2026-08-21T20:21:13.701Z,2026-08-21T21:04:00.531Z,2567,2026-08-21T21:04:00.531Z,BOI,Boise,8488c727-7e26-424c-b4ea-f3ce6564dbed,SAMMS-Boise
202608212101409830,202608212020690872,202608212020690709,88,4817,P1 Reference 3P Setup Bronze - CBCO,br_samms_3p_setup,TASK_COMPLETE,SUCCESS,INFO,3,3,0,,2026-08-21T20:21:13.701Z,2026-08-21T21:04:00.531Z,2567,2026-08-21T21:04:00.531Z,CBCO,CoeurdAlene,8488c727-7e26-424c-b4ea-f3ce6564dbed,SAMMS-CoeurdAleneV6
202608212101409832,202608212020690873,202608212020690709,88,4818,P1 Reference 3P Setup Bronze - CON,br_samms_3p_setup,TASK_COMPLETE,SUCCESS,INFO,2,2,0,,2026-08-21T20:21:13.701Z,2026-08-21T21:04:00.531Z,2567,2026-08-21T21:04:00.531Z,CON,Conway,8488c727-7e26-424c-b4ea-f3ce6564dbed,SAMMS-Conway
202608212101409833,202608212020690874,202608212020690709,88,4819,P1 Reference 3P Setup Bronze - D07,br_samms_3p_setup,TASK_COMPLETE,SUCCESS,INFO,2,2,0,,2026-08-21T20:21:13.701Z,2026-08-21T21:04:00.531Z,2567,2026-08-21T21:04:00.531Z,D07,Knoxville,8488c727-7e26-424c-b4ea-f3ce6564dbed,SAMMS-KnoxvilleV6
202608212101409835,202608212020690875,202608212020690709,88,4820,P1 Reference 3P Setup Bronze - D08,br_samms_3p_setup,TASK_COMPLETE,SUCCESS,INFO,3,3,0,,2026-08-21T20:21:13.701Z,2026-08-21T21:04:00.531Z,2567,2026-08-21T21:04:00.531Z,D08,Madison,8488c727-7e26-424c-b4ea-f3ce6564dbed,SAMMS-MadisonV6
202608212101409836,202608212020690876,202608212020690709,88,4821,P1 Reference 3P Setup Bronze - D09,br_samms_3p_setup,TASK_COMPLETE,SUCCESS,INFO,3,3,0,,2026-08-21T20:21:13.701Z,2026-08-21T21:04:00.531Z,2567,2026-08-21T21:04:00.531Z,D09,Murfreesboro,8488c727-7e26-424c-b4ea-f3ce6564dbed,SAMMS-MurfreesboroV6
202608212101409838,202608212020690877,202608212020690709,88,4822,P1 Reference 3P Setup Bronze - DA,br_samms_3p_setup,TASK_COMPLETE,SUCCESS,INFO,3,3,0,,2026-08-21T20:21:13.701Z,2026-08-21T21:04:00.531Z,2567,2026-08-21T21:04:00.531Z,DA,Davenport,8488c727-7e26-424c-b4ea-f3ce6564dbed,SAMMS-Davenport
202608212101409839,202608212020690878,202608212020690709,88,4823,P1 Reference 3P Setup Bronze - DM,br_samms_3p_setup,TASK_COMPLETE,SUCCESS,INFO,3,3,0,,2026-08-21T20:21:13.701Z,2026-08-21T21:04:00.531Z,2567,2026-08-21T21:04:00.531Z,DM,DesMoines,8488c727-7e26-424c-b4ea-f3ce6564dbed,SAMMS-DesMoines
202608212101409841,202608212020690879,202608212020690709,88,4824,P1 Reference 3P Setup Bronze - DRD-CO,br_samms_3p_setup,TASK_COMPLETE,SUCCESS,INFO,3,3,0,,2026-08-21T20:21:13.701Z,2026-08-21T21:04:00.531Z,2567,2026-08-21T21:04:00.531Z,DRD-CO,Columbia,8488c727-7e26-424c-b4ea-f3ce6564dbed,SAMMS-ColumbiaV5
202608212101409843,202608212020690880,202608212020690709,88,4825,P1 Reference 3P Setup Bronze - DRD-KC,br_samms_3p_setup,TASK_COMPLETE,SUCCESS,INFO,3,3,0,,2026-08-21T20:21:13.701Z,2026-08-21T21:04:00.531Z,2567,2026-08-21T21:04:00.531Z,DRD-KC,KC,8488c727-7e26-424c-b4ea-f3ce6564dbed,SAMMS-KCv5
202608212101409844,202608212020690881,202608212020690709,88,4826,P1 Reference 3P Setup Bronze - DRD-KVB,br_samms_3p_setup,TASK_COMPLETE,SUCCESS,INFO,3,3,0,,2026-08-21T20:21:13.701Z,2026-08-21T21:04:00.531Z,2567,2026-08-21T21:04:00.531Z,DRD-KVB,KVB,8488c727-7e26-424c-b4ea-f3ce6564dbed,SAMMS-KVBv5
202608212101409846,202608212020690882,202608212020690709,88,4827,P1 Reference 3P Setup Bronze - DRD-KVC,br_samms_3p_setup,TASK_COMPLETE,SUCCESS,INFO,3,3,0,,2026-08-21T20:21:13.701Z,2026-08-21T21:04:00.531Z,2567,2026-08-21T21:04:00.531Z,DRD-KVC,KVC,8488c727-7e26-424c-b4ea-f3ce6564dbed,SAMMS-KVCv5
202608212101409848,202608212020690883,202608212020690709,88,4828,P1 Reference 3P Setup Bronze - DRD-NOLA,br_samms_3p_setup,TASK_COMPLETE,SUCCESS,INFO,3,3,0,,2026-08-21T20:21:13.701Z,2026-08-21T21:04:00.531Z,2567,2026-08-21T21:04:00.531Z,DRD-NOLA,NOLA,8488c727-7e26-424c-b4ea-f3ce6564dbed,SAMMS-NOLAv5
202608212101409850,202608212020690884,202608212020690709,88,4829,P1 Reference 3P Setup Bronze - DRD-SF,br_samms_3p_setup,TASK_COMPLETE,SUCCESS,INFO,3,3,0,,2026-08-21T20:21:13.701Z,2026-08-21T21:04:00.531Z,2567,2026-08-21T21:04:00.531Z,DRD-SF,SF,8488c727-7e26-424c-b4ea-f3ce6564dbed,SAMMS-SFv5
202608212101409851,202608212020690885,202608212020690709,88,4830,P1 Reference 3P Setup Bronze - ELC,br_samms_3p_setup,TASK_COMPLETE,SUCCESS,INFO,3,3,0,,2026-08-21T20:21:13.701Z,2026-08-21T21:04:00.531Z,2567,2026-08-21T21:04:00.531Z,ELC,ElizabethCity,8488c727-7e26-424c-b4ea-f3ce6564dbed,SAMMS-ElizabethCity
202608212101409853,202608212020690886,202608212020690709,88,4831,P1 Reference 3P Setup Bronze - ET,br_samms_3p_setup,TASK_COMPLETE,SUCCESS,INFO,3,3,0,,2026-08-21T20:21:13.701Z,2026-08-21T21:04:00.531Z,2567,2026-08-21T21:04:00.531Z,ET,Elizabethtown,8488c727-7e26-424c-b4ea-f3ce6564dbed,SAMMS-Elizabethtown
202608212101409855,202608212020690887,202608212020690709,88,4832,P1 Reference 3P Setup Bronze - FAY,br_samms_3p_setup,TASK_COMPLETE,SUCCESS,INFO,2,2,0,,2026-08-21T20:21:13.701Z,2026-08-21T21:04:00.531Z,2567,2026-08-21T21:04:00.531Z,FAY,Fayetteville,8488c727-7e26-424c-b4ea-f3ce6564dbed,SAMMS-Fayetteville
202608212101409856,202608212020690888,202608212020690709,88,4833,P1 Reference 3P Setup Bronze - FR,br_samms_3p_setup,TASK_COMPLETE,SUCCESS,INFO,3,3,0,,2026-08-21T20:21:13.701Z,2026-08-21T21:04:00.531Z,2567,2026-08-21T21:04:00.531Z,FR,Frankfort,8488c727-7e26-424c-b4ea-f3ce6564dbed,SAMMS-Frankfort
202608212101409858,202608212020690889,202608212020690709,88,4834,P1 Reference 3P Setup Bronze - FS,br_samms_3p_setup,TASK_COMPLETE,SUCCESS,INFO,2,2,0,,2026-08-21T20:21:13.701Z,2026-08-21T21:04:00.531Z,2567,2026-08-21T21:04:00.531Z,FS,FortSmith,8488c727-7e26-424c-b4ea-f3ce6564dbed,SAMMS-FortSmith
202608212101409860,202608212020690890,202608212020690709,88,4835,P1 Reference 3P Setup Bronze - FW,br_samms_3p_setup,TASK_COMPLETE,SUCCESS,INFO,3,3,0,,2026-08-21T20:21:13.701Z,2026-08-21T21:04:00.531Z,2567,2026-08-21T21:04:00.531Z,FW,FortWayne,8488c727-7e26-424c-b4ea-f3ce6564dbed,SAMMS-FortWayne
202608201425195984,202608201258108759,202608201258108173,46,9298,P1 Finance Financial Hardship Application Bronze - B29,br_samms_financial_hardship_application,TASK_COMPLETE,SUCCESS,INFO,25,25,0,,2026-08-20T12:58:15.698Z,2026-08-20T14:28:34.201Z,5419,2026-08-20T14:28:34.201Z,B29,PoplarBluff,5f0dd8ad-486e-4238-8933-2b89499a6e18,SAMMS-PoplarBluffV5
202608201425195985,202608201258108760,202608201258108173,46,9299,P1 Finance Financial Hardship Application Bronze - B30,br_samms_financial_hardship_application,TASK_COMPLETE,SUCCESS,INFO,74,74,0,,2026-08-20T12:58:15.698Z,2026-08-20T14:28:34.201Z,5419,2026-08-20T14:28:34.201Z,B30,KCN,5f0dd8ad-486e-4238-8933-2b89499a6e18,SAMMS-KCNv5
202608201425195986,202608201258108761,202608201258108173,46,9300,P1 Finance Financial Hardship Application Bronze - B31,br_samms_financial_hardship_application,TASK_COMPLETE,SUCCESS,INFO,990,990,0,,2026-08-20T12:58:15.698Z,2026-08-20T14:28:34.201Z,5419,2026-08-20T14:28:34.201Z,B31,Dyersburg,5f0dd8ad-486e-4238-8933-2b89499a6e18,SAMMS-DyersburgV5
202608201425195987,202608201258108762,202608201258108173,46,9301,P1 Finance Financial Hardship Application Bronze - B33,br_samms_financial_hardship_application,TASK_COMPLETE,SUCCESS,INFO,511,511,0,,2026-08-20T12:58:15.698Z,2026-08-20T14:28:34.201Z,5419,2026-08-20T14:28:34.201Z,B33,Paducah,5f0dd8ad-486e-4238-8933-2b89499a6e18,SAMMS-Paducah
202608201425195989,202608201258108763,202608201258108173,46,9302,P1 Finance Financial Hardship Application Bronze - B34,br_samms_financial_hardship_application,TASK_COMPLETE,SUCCESS,INFO,880,880,0,,2026-08-20T12:58:15.698Z,2026-08-20T14:28:34.201Z,5419,2026-08-20T14:28:34.201Z,B34,Corbin,5f0dd8ad-486e-4238-8933-2b89499a6e18,SAMMS-CorbinV5
202608201425195990,202608201258108764,202608201258108173,46,9303,P1 Finance Financial Hardship Application Bronze - B35,br_samms_financial_hardship_application,TASK_COMPLETE,SUCCESS,INFO,1349,1349,0,,2026-08-20T12:58:15.698Z,2026-08-20T14:28:34.201Z,5419,2026-08-20T14:28:34.201Z,B35,Lexington,5f0dd8ad-486e-4238-8933-2b89499a6e18,SAMMS-LexingtonV5
202608201425195991,202608201258108765,202608201258108173,46,9304,P1 Finance Financial Hardship Application Bronze - B35A,br_samms_financial_hardship_application,TASK_COMPLETE,SUCCESS,INFO,617,617,0,,2026-08-20T12:58:15.698Z,2026-08-20T14:28:34.201Z,5419,2026-08-20T14:28:34.201Z,B35A,Berea,5f0dd8ad-486e-4238-8933-2b89499a6e18,SAMMS-BereaV5
202608201425195993,202608201258108766,202608201258108173,46,9305,P1 Finance Financial Hardship Application Bronze - B36,br_samms_financial_hardship_application,TASK_COMPLETE,SUCCESS,INFO,739,739,0,,2026-08-20T12:58:15.698Z,2026-08-20T14:28:34.201Z,5419,2026-08-20T14:28:34.201Z,B36,Asheville,5f0dd8ad-486e-4238-8933-2b89499a6e18,SAMMS-AshevilleV5
202608201425195994,202608201258108767,202608201258108173,46,9306,P1 Finance Financial Hardship Application Bronze - B37,br_samms_financial_hardship_application,TASK_COMPLETE,SUCCESS,INFO,771,771,0,,2026-08-20T12:58:15.698Z,2026-08-20T14:28:34.201Z,5419,2026-08-20T14:28:34.201Z,B37,Clyde,5f0dd8ad-486e-4238-8933-2b89499a6e18,SAMMS-ClydeV5
202608201425195996,202608201258108768,202608201258108173,46,9307,P1 Finance Financial Hardship Application Bronze - B38,br_samms_financial_hardship_application,TASK_COMPLETE,FAILED,ERROR,0,0,1,SaveFinancialHardshipApplication Bronze ForEach failed,2026-08-20T12:58:15.698Z,2026-08-20T14:28:34.201Z,5419,2026-08-20T14:28:34.201Z,B38,Spartanburg,5f0dd8ad-486e-4238-8933-2b89499a6e18,SAMMS-SpartanburgV5
202608201425195997,202608201258108769,202608201258108173,46,9308,P1 Finance Financial Hardship Application Bronze - B39,br_samms_financial_hardship_application,TASK_COMPLETE,SUCCESS,INFO,694,694,0,,2026-08-20T12:58:15.698Z,2026-08-20T14:28:34.201Z,5419,2026-08-20T14:28:34.201Z,B39,Aiken,5f0dd8ad-486e-4238-8933-2b89499a6e18,SAMMS-AikenV5
202608201425195998,202608201258108770,202608201258108173,46,9309,P1 Finance Financial Hardship Application Bronze - B41,br_samms_financial_hardship_application,TASK_COMPLETE,SUCCESS,INFO,577,577,0,,2026-08-20T12:58:15.698Z,2026-08-20T14:28:34.201Z,5419,2026-08-20T14:28:34.201Z,B41,Chesapeake,5f0dd8ad-486e-4238-8933-2b89499a6e18,SAMMS-ChesapeakeV5
202608201425196000,202608201258108771,202608201258108173,46,9310,P1 Finance Financial Hardship Application Bronze - B42,br_samms_financial_hardship_application,TASK_COMPLETE,SUCCESS,INFO,1082,1082,0,,2026-08-20T12:58:15.698Z,2026-08-20T14:28:34.201Z,5419,2026-08-20T14:28:34.201Z,B42,VirginiaBeach,5f0dd8ad-486e-4238-8933-2b89499a6e18,SAMMS-VirginiaBeachV5
202608201425196001,202608201258108772,202608201258108173,46,9311,P1 Finance Financial Hardship Application Bronze - B42A,br_samms_financial_hardship_application,TASK_COMPLETE,SUCCESS,INFO,443,443,0,,2026-08-20T12:58:15.698Z,2026-08-20T14:28:34.201Z,5419,2026-08-20T14:28:34.201Z,B42A,NewportNews,5f0dd8ad-486e-4238-8933-2b89499a6e18,SAMMS-NewportNewsV5
202608201425196002,202608201258108773,202608201258108173,46,9312,P1 Finance Financial Hardship Application Bronze - B42B,br_samms_financial_hardship_application,TASK_COMPLETE,SUCCESS,INFO,46,46,0,,2026-08-20T12:58:15.698Z,2026-08-20T14:28:34.201Z,5419,2026-08-20T14:28:34.201Z,B42B,Franklin,5f0dd8ad-486e-4238-8933-2b89499a6e18,SAMMS-FranklinV5
202608201425196004,202608201258108774,202608201258108173,46,9313,P1 Finance Financial Hardship Application Bronze - B42C,br_samms_financial_hardship_application,TASK_COMPLETE,SUCCESS,INFO,385,385,0,,2026-08-20T12:58:15.698Z,2026-08-20T14:28:34.201Z,5419,2026-08-20T14:28:34.201Z,B42C,GlenAllen,5f0dd8ad-486e-4238-8933-2b89499a6e18,SAMMS-GlenAllenV5
202608201425196005,202608201258108775,202608201258108173,46,9314,P1 Finance Financial Hardship Application Bronze - B42D,br_samms_financial_hardship_application,TASK_COMPLETE,SUCCESS,INFO,492,492,0,,2026-08-20T12:58:15.698Z,2026-08-20T14:28:34.201Z,5419,2026-08-20T14:28:34.201Z,B42D,ChesapeakeSouth,5f0dd8ad-486e-4238-8933-2b89499a6e18,SAMMS-ChesapeakeSouthV5
202608201425196007,202608201258108776,202608201258108173,46,9315,P1 Finance Financial Hardship Application Bronze - B44,br_samms_financial_hardship_application,TASK_COMPLETE,SUCCESS,INFO,562,562,0,,2026-08-20T12:58:15.698Z,2026-08-20T14:28:34.201Z,5419,2026-08-20T14:28:34.201Z,B44,Albany,5f0dd8ad-486e-4238-8933-2b89499a6e18,SAMMS-AlbanyV5
202608201425196008,202608201258108777,202608201258108173,46,9316,P1 Finance Financial Hardship Application Bronze - B45,br_samms_financial_hardship_application,TASK_COMPLETE,SUCCESS,INFO,1025,1025,0,,2026-08-20T12:58:15.698Z,2026-08-20T14:28:34.201Z,5419,2026-08-20T14:28:34.201Z,B45,Tifton,5f0dd8ad-486e-4238-8933-2b89499a6e18,SAMMS-TiftonV5
202608201425196009,202608201258108778,202608201258108173,46,9317,P1 Finance Financial Hardship Application Bronze - B46,br_samms_financial_hardship_application,TASK_COMPLETE,SUCCESS,INFO,388,388,0,,2026-08-20T12:58:15.698Z,2026-08-20T14:28:34.201Z,5419,2026-08-20T14:28:34.201Z,B46,WashingtonDC,5f0dd8ad-486e-4238-8933-2b89499a6e18,SAMMS-WashingtonDCv5
202608201425196011,202608201258108779,202608201258108173,46,9318,P1 Finance Financial Hardship Application Bronze - B47,br_samms_financial_hardship_application,TASK_COMPLETE,SUCCESS,INFO,916,916,0,,2026-08-20T12:58:15.698Z,2026-08-20T14:28:34.201Z,5419,2026-08-20T14:28:34.201Z,B47,Mobile,5f0dd8ad-486e-4238-8933-2b89499a6e18,SAMMS-MobileV5
202608201425196012,202608201258108780,202608201258108173,46,9319,P1 Finance Financial Hardship Application Bronze - B48,br_samms_financial_hardship_application,TASK_COMPLETE,SUCCESS,INFO,1016,1016,0,,2026-08-20T12:58:15.698Z,2026-08-20T14:28:34.201Z,5419,2026-08-20T14:28:34.201Z,B48,Tuscaloosa,5f0dd8ad-486e-4238-8933-2b89499a6e18,SAMMS-TuscaloosaV5
202608201425196014,202608201258108781,202608201258108173,46,9320,P1 Finance Financial Hardship Application Bronze - B51,br_samms_financial_hardship_application,TASK_COMPLETE,SUCCESS,INFO,237,237,0,,2026-08-20T12:58:15.698Z,2026-08-20T14:28:34.201Z,5419,2026-08-20T14:28:34.201Z,B51,NorthLittleRock,5f0dd8ad-486e-4238-8933-2b89499a6e18,SAMMS-NorthLittleRockV6
202608201425196015,202608201258108782,202608201258108173,46,9321,P1 Finance Financial Hardship Application Bronze - B52,br_samms_financial_hardship_application,TASK_COMPLETE,SUCCESS,INFO,594,594,0,,2026-08-20T12:58:15.698Z,2026-08-20T14:28:34.201Z,5419,2026-08-20T14:28:34.201Z,B52,JacksonGA,5f0dd8ad-486e-4238-8933-2b89499a6e18,SAMMS-JacksonGAV5
202608201425196017,202608201258108783,202608201258108173,46,9322,P1 Finance Financial Hardship Application Bronze - B54,br_samms_financial_hardship_application,TASK_COMPLETE,SUCCESS,INFO,923,923,0,,2026-08-20T12:58:15.698Z,2026-08-20T14:28:34.201Z,5419,2026-08-20T14:28:34.201Z,B54,Gadsden,5f0dd8ad-486e-4238-8933-2b89499a6e18,SAMMS-GadsdenV5
202608201425196018,202608201258108784,202608201258108173,46,9323,P1 Finance Financial Hardship Application Bronze - B55,br_samms_financial_hardship_application,TASK_COMPLETE,SUCCESS,INFO,571,571,0,,2026-08-20T12:58:15.698Z,2026-08-20T14:28:34.201Z,5419,2026-08-20T14:28:34.201Z,B55,Shoals,5f0dd8ad-486e-4238-8933-2b89499a6e18,SAMMS-ShoalsV5
202608201425196020,202608201258108785,202608201258108173,46,9324,P1 Finance Financial Hardship Application Bronze - B57,br_samms_financial_hardship_application,TASK_COMPLETE,SUCCESS,INFO,209,209,0,,2026-08-20T12:58:15.698Z,2026-08-20T14:28:34.201Z,5419,2026-08-20T14:28:34.201Z,B57,Pawtucket,5f0dd8ad-486e-4238-8933-2b89499a6e18,SAMMS-Pawtucket
202608201425196021,202608201258108786,202608201258108173,46,9325,P1 Finance Financial Hardship Application Bronze - B57A,br_samms_financial_hardship_application,TASK_COMPLETE,SUCCESS,INFO,36,36,0,,2026-08-20T12:58:15.698Z,2026-08-20T14:28:34.201Z,5419,2026-08-20T14:28:34.201Z,B57A,Johnston,5f0dd8ad-486e-4238-8933-2b89499a6e18,SAMMS-Johnston
202608201425196023,202608201258108787,202608201258108173,46,9326,P1 Finance Financial Hardship Application Bronze - B57B,br_samms_financial_hardship_application,TASK_COMPLETE,SUCCESS,INFO,46,46,0,,2026-08-20T12:58:15.698Z,2026-08-20T14:28:34.201Z,5419,2026-08-20T14:28:34.201Z,B57B,Middletown,5f0dd8ad-486e-4238-8933-2b89499a6e18,SAMMS-Middletown
202608201425196024,202608201258108788,202608201258108173,46,9327,P1 Finance Financial Hardship Application Bronze - B57C,br_samms_financial_hardship_application,TASK_COMPLETE,SUCCESS,INFO,59,59,0,,2026-08-20T12:58:15.698Z,2026-08-20T14:28:34.201Z,5419,2026-08-20T14:28:34.201Z,B57C,Providence,5f0dd8ad-486e-4238-8933-2b89499a6e18,SAMMS-Providence
202608201425196026,202608201258108789,202608201258108173,46,9328,P1 Finance Financial Hardship Application Bronze - B57D,br_samms_financial_hardship_application,TASK_COMPLETE,SUCCESS,INFO,49,49,0,,2026-08-20T12:58:15.698Z,2026-08-20T14:28:34.201Z,5419,2026-08-20T14:28:34.201Z,B57D,Westerly,5f0dd8ad-486e-4238-8933-2b89499a6e18,SAMMS-Westerly
202608201425196027,202608201258108790,202608201258108173,46,9329,P1 Finance Financial Hardship Application Bronze - B66A,br_samms_financial_hardship_application,TASK_COMPLETE,SUCCESS,INFO,321,321,0,,2026-08-20T12:58:15.698Z,2026-08-20T14:28:34.201Z,5419,2026-08-20T14:28:34.201Z,B66A,Bremen,5f0dd8ad-486e-4238-8933-2b89499a6e18,SAMMS-Bremen
202608201425196029,202608201258108791,202608201258108173,46,9330,P1 Finance Financial Hardship Application Bronze - B72,br_samms_financial_hardship_application,TASK_COMPLETE,SUCCESS,INFO,82,82,0,,2026-08-20T12:58:15.698Z,2026-08-20T14:28:34.201Z,5419,2026-08-20T14:28:34.201Z,B72,Mobile-OBOT,5f0dd8ad-486e-4238-8933-2b89499a6e18,SAMMS-Mobile-OBOT
202608201425196031,202608201258108792,202608201258108173,46,9331,P1 Finance Financial Hardship Application Bronze - B73,br_samms_financial_hardship_application,TASK_COMPLETE,SUCCESS,INFO,4,4,0,,2026-08-20T12:58:15.698Z,2026-08-20T14:28:34.201Z,5419,2026-08-20T14:28:34.201Z,B73,Montgomery,5f0dd8ad-486e-4238-8933-2b89499a6e18,SAMMS-Montgomery
202608201425196032,202608201258108793,202608201258108173,46,9332,P1 Finance Financial Hardship Application Bronze - B75,br_samms_financial_hardship_application,TASK_COMPLETE,SUCCESS,INFO,326,326,0,,2026-08-20T12:58:15.698Z,2026-08-20T14:28:34.201Z,5419,2026-08-20T14:28:34.201Z,B75,Lawrence,5f0dd8ad-486e-4238-8933-2b89499a6e18,SAMMS-LawrenceV6
202608201425196034,202608201258108794,202608201258108173,46,9333,P1 Finance Financial Hardship Application Bronze - B76,br_samms_financial_hardship_application,TASK_COMPLETE,SUCCESS,INFO,28,28,0,,2026-08-20T12:58:15.698Z,2026-08-20T14:28:34.201Z,5419,2026-08-20T14:28:34.201Z,B76,Huntsville-OBOT,5f0dd8ad-486e-4238-8933-2b89499a6e18,SAMMS-Huntsville-OBOT
202608201425196035,202608201258108795,202608201258108173,46,9334,P1 Finance Financial Hardship Application Bronze - BAT,br_samms_financial_hardship_application,TASK_COMPLETE,SUCCESS,INFO,284,284,0,,2026-08-20T12:58:15.698Z,2026-08-20T14:28:34.201Z,5419,2026-08-20T14:28:34.201Z,BAT,Batesville,5f0dd8ad-486e-4238-8933-2b89499a6e18,SAMMS-Batesville
202608201425196037,202608201258108796,202608201258108173,46,9335,P1 Finance Financial Hardship Application Bronze - BG,br_samms_financial_hardship_application,TASK_COMPLETE,SUCCESS,INFO,883,883,0,,2026-08-20T12:58:15.698Z,2026-08-20T14:28:34.201Z,5419,2026-08-20T14:28:34.201Z,BG,BowlingGreen,5f0dd8ad-486e-4238-8933-2b89499a6e18,SAMMS-BowlingGreen
202608201425196038,202608201258108797,202608201258108173,46,9336,P1 Finance Financial Hardship Application Bronze - BOI,br_samms_financial_hardship_application,TASK_COMPLETE,SUCCESS,INFO,33,33,0,,2026-08-20T12:58:15.698Z,2026-08-20T14:28:34.201Z,5419,2026-08-20T14:28:34.201Z,BOI,Boise,5f0dd8ad-486e-4238-8933-2b89499a6e18,SAMMS-Boise
202608201425196040,202608201258108798,202608201258108173,46,9337,P1 Finance Financial Hardship Application Bronze - CBCO,br_samms_financial_hardship_application,TASK_COMPLETE,SUCCESS,INFO,449,449,0,,2026-08-20T12:58:15.698Z,2026-08-20T14:28:34.201Z,5419,2026-08-20T14:28:34.201Z,CBCO,CoeurdAlene,5f0dd8ad-486e-4238-8933-2b89499a6e18,SAMMS-CoeurdAleneV6
202608201425196041,202608201258108799,202608201258108173,46,9338,P1 Finance Financial Hardship Application Bronze - CON,br_samms_financial_hardship_application,TASK_COMPLETE,SUCCESS,INFO,337,337,0,,2026-08-20T12:58:15.698Z,2026-08-20T14:28:34.201Z,5419,2026-08-20T14:28:34.201Z,CON,Conway,5f0dd8ad-486e-4238-8933-2b89499a6e18,SAMMS-Conway
202608201425196043,202608201258108800,202608201258108173,46,9339,P1 Finance Financial Hardship Application Bronze - D07,br_samms_financial_hardship_application,TASK_COMPLETE,SUCCESS,INFO,1892,1892,0,,2026-08-20T12:58:15.698Z,2026-08-20T14:28:34.201Z,5419,2026-08-20T14:28:34.201Z,D07,Knoxville,5f0dd8ad-486e-4238-8933-2b89499a6e18,SAMMS-KnoxvilleV6
202608201425196045,202608201258108801,202608201258108173,46,9340,P1 Finance Financial Hardship Application Bronze - D08,br_samms_financial_hardship_application,TASK_COMPLETE,SUCCESS,INFO,501,501,0,,2026-08-20T12:58:15.698Z,2026-08-20T14:28:34.201Z,5419,2026-08-20T14:28:34.201Z,D08,Madison,5f0dd8ad-486e-4238-8933-2b89499a6e18,SAMMS-MadisonV6
202608201425196047,202608201258108802,202608201258108173,46,9341,P1 Finance Financial Hardship Application Bronze - D09,br_samms_financial_hardship_application,TASK_COMPLETE,SUCCESS,INFO,1109,1109,0,,2026-08-20T12:58:15.698Z,2026-08-20T14:28:34.201Z,5419,2026-08-20T14:28:34.201Z,D09,Murfreesboro,5f0dd8ad-486e-4238-8933-2b89499a6e18,SAMMS-MurfreesboroV6
202608141011231640,202608141011231640,20260814100213,109,8611,Bronze Text Input,br_cashflow_textinput,TASK_FAILED,FAILED,ERROR,0,0,1,"[DELTA_CONCURRENT_APPEND] ConcurrentAppendException: Files were added to the root of the table by a concurrent update. Please try the operation again. Conflicting commit: {\"timestamp\":1786702304060,\"operation\":\"WRITE\",\"operationParameters\":{\"mode\":Append,\"partitionBy\":[]},\"readVersion\":18763,\"isolationLevel\":\"Serializable\",\"isBlindAppend\":true,\"operationMetrics\":{\"numFiles\":\"1\",\"numOutputRows\":\"1\",\"numOutputBytes\":\"13094\"},\"engineInfo\":\"Apache-Spark/3.5.5.5.4.20260403.6 Delta-Lake/3.2.1.20260427.3\",\"txnId\":\"310bd5b3-55de-485b-af4e-b7d3960676f0\"} Refer to https://docs.delta.io/latest/concurrency-control.html for more details.",2026-08-14T10:11:29.597Z,2026-08-14T10:11:54.383Z,22,2026-08-14T10:11:54.383Z,,,06018e17-471e-496d-b3c3-22a4b000055f,
202608120855091397,202608120855091396,20260812085501,116,8626,Silver Patient Services,sl_patientservicesnoshow,TASK_FAILED,FAILED,ERROR,0,0,1,"[UNRESOLVED_COLUMN.WITH_SUGGESTION] A column or function parameter with name `SiteCode` cannot be resolved. Did you mean one of the following? [`Program`, `cltID`, `PatientId`, `FirstName`, `LastName`, `Payor`, `FinClass`, `PayorType`, `EnrollDate`, `conttxdt`, `DischargeDate`, `Physician`, `Counselor`, `CensusDate`, `NextSchedCounseling`, `Location`, `Region`, `GlobalPayorLookup`, `ProgGroup`, `LatestServiceDate`, `dsClt`, `DateOfLastCounselingSession`, `dsClt`, `DateOfLastCaseManagement`, `dsClt`, `LastMissedAppt`, `dsClt`, `LastTrueCounseling`, `dsClt`, `DateOfLastDrVisit`, `dsClt`, `NoShowCallsInLast7Days`].",2026-08-12T08:55:09.139Z,2026-08-12T08:56:09.825Z,58,2026-08-12T08:56:09.825Z,,,473be684-042c-471f-a263-402ba6fc6c7d,
202608200219259669,202608200029239732,202608200029237018,85,4578,Bronze INV,br_ReAssessmentTreatment,TASK_COMPLETE,FAILED,ERROR,1288,1288,1,SaveReAssessmentTreatment Bronze ForEach failed,2026-08-20T00:29:28.539Z,2026-08-20T02:40:07.937Z,7839,2026-08-20T02:40:07.937Z,LO,Louisville,2e0eb052-bb28-45b1-894f-8dc0851c56cc,SAMMS-Louisville
202608200219259670,202608200029239733,202608200029237018,85,4579,Bronze INV,br_ReAssessmentTreatment,TASK_COMPLETE,FAILED,ERROR,291,291,1,SaveReAssessmentTreatment Bronze ForEach failed,2026-08-20T00:29:28.539Z,2026-08-20T02:40:07.937Z,7839,2026-08-20T02:40:07.937Z,LV1,Cheyenne,2e0eb052-bb28-45b1-894f-8dc0851c56cc,SAMMS-Cheyenne
202608200219259671,202608200029239734,202608200029237018,85,4580,Bronze INV,br_ReAssessmentTreatment,TASK_COMPLETE,FAILED,ERROR,204,204,1,SaveReAssessmentTreatment Bronze ForEach failed,2026-08-20T00:29:28.539Z,2026-08-20T02:40:07.937Z,7839,2026-08-20T02:40:07.937Z,LV2,Desert Inn,2e0eb052-bb28-45b1-894f-8dc0851c56cc,SAMMS-DesertInn
202608200219259672,202608200029239735,202608200029237018,85,4581,Bronze INV,br_ReAssessmentTreatment,TASK_COMPLETE,FAILED,ERROR,110,110,1,SaveReAssessmentTreatment Bronze ForEach failed,2026-08-20T00:29:28.539Z,2026-08-20T02:40:07.937Z,7839,2026-08-20T02:40:07.937Z,LV3,McDaniel,2e0eb052-bb28-45b1-894f-8dc0851c56cc,SAMMS-McDaniel
202608200219259673,202608200029239736,202608200029237018,85,4584,Bronze INV,br_ReAssessmentTreatment,TASK_COMPLETE,FAILED,ERROR,356,356,1,SaveReAssessmentTreatment Bronze ForEach failed,2026-08-20T00:29:28.539Z,2026-08-20T02:40:07.937Z,7839,2026-08-20T02:40:07.937Z,MNRE,Monroe,2e0eb052-bb28-45b1-894f-8dc0851c56cc,SAMMS-Monroe
202608200219259674,202608200029239737,202608200029237018,85,4585,Bronze INV,br_ReAssessmentTreatment,TASK_COMPLETE,FAILED,ERROR,1422,1422,1,SaveReAssessmentTreatment Bronze ForEach failed,2026-08-20T00:29:28.539Z,2026-08-20T02:40:07.937Z,7839,2026-08-20T02:40:07.937Z,MP,Mt. Pleasant,2e0eb052-bb28-45b1-894f-8dc0851c56cc,SAMMS-MtPleasant
202608200219259676,202608200029239738,202608200029237018,85,4586,Bronze INV,br_ReAssessmentTreatment,TASK_COMPLETE,FAILED,ERROR,153,153,1,SaveReAssessmentTreatment Bronze ForEach failed,2026-08-20T00:29:28.539Z,2026-08-20T02:40:07.937Z,7839,2026-08-20T02:40:07.937Z,MRD,Meridian,2e0eb052-bb28-45b1-894f-8dc0851c56cc,SAMMS-Meridian
202608200219259677,202608200029239739,202608200029237018,85,4591,Bronze INV,br_ReAssessmentTreatment,TASK_COMPLETE,FAILED,ERROR,691,691,1,SaveReAssessmentTreatment Bronze ForEach failed,2026-08-20T00:29:28.539Z,2026-08-20T02:40:07.937Z,7839,2026-08-20T02:40:07.937Z,NC,North Charleston,2e0eb052-bb28-45b1-894f-8dc0851c56cc,SAMMS-NorthCharleston
202608200219259678,202608200029239740,202608200029237018,85,4592,Bronze INV,br_ReAssessmentTreatment,TASK_COMPLETE,FAILED,ERROR,0,0,1,SaveReAssessmentTreatment Bronze ForEach failed,2026-08-20T00:29:28.539Z,2026-08-20T02:40:07.937Z,7839,2026-08-20T02:40:07.937Z,NLR,N. Little Rock,2e0eb052-bb28-45b1-894f-8dc0851c56cc,SAMMS-NLROBOT
202608200219259679,202608200029239741,202608200029237018,85,4593,Bronze INV,br_ReAssessmentTreatment,TASK_COMPLETE,FAILED,ERROR,112,112,1,SaveReAssessmentTreatment Bronze ForEach failed,2026-08-20T00:29:28.539Z,2026-08-20T02:40:07.937Z,7839,2026-08-20T02:40:07.937Z,PH,Phoenix,2e0eb052-bb28-45b1-894f-8dc0851c56cc,SAMMS-Phoenix
202608200219259680,202608200029239742,202608200029237018,85,4597,Bronze INV,br_ReAssessmentTreatment,TASK_COMPLETE,FAILED,ERROR,212,212,1,SaveReAssessmentTreatment Bronze ForEach failed,2026-08-20T00:29:28.539Z,2026-08-20T02:40:07.937Z,7839,2026-08-20T02:40:07.937Z,RE,Reno,2e0eb052-bb28-45b1-894f-8dc0851c56cc,SAMMS-Reno
202608200219259681,202608200029239743,202608200029237018,85,4598,Bronze INV,br_ReAssessmentTreatment,TASK_COMPLETE,FAILED,ERROR,87,87,1,SaveReAssessmentTreatment Bronze ForEach failed,2026-08-20T00:29:28.539Z,2026-08-20T02:40:07.937Z,7839,2026-08-20T02:40:07.937Z,RMD,Richmond,2e0eb052-bb28-45b1-894f-8dc0851c56cc,SAMMS-Richmond
202608200219259682,202608200029239744,202608200029237018,85,4599,Bronze INV,br_ReAssessmentTreatment,TASK_COMPLETE,FAILED,ERROR,587,587,1,SaveReAssessmentTreatment Bronze ForEach failed,2026-08-20T00:29:28.539Z,2026-08-20T02:40:07.937Z,7839,2026-08-20T02:40:07.937Z,SFN,Springfield North,2e0eb052-bb28-45b1-894f-8dc0851c56cc,SAMMS-SFNv5
202608200219259683,202608200029239745,202608200029237018,85,4600,Bronze INV,br_ReAssessmentTreatment,TASK_COMPLETE,FAILED,ERROR,762,762,1,SaveReAssessmentTreatment Bronze ForEach failed,2026-08-20T00:29:28.539Z,2026-08-20T02:40:07.937Z,7839,2026-08-20T02:40:07.937Z,SHP,Shreveport,2e0eb052-bb28-45b1-894f-8dc0851c56cc,SAMMS-Shreveport
202608200219259685,202608200029239746,202608200029237018,85,4602,Bronze INV,br_ReAssessmentTreatment,TASK_COMPLETE,FAILED,ERROR,484,484,1,SaveReAssessmentTreatment Bronze ForEach failed,2026-08-20T00:29:28.539Z,2026-08-20T02:40:07.937Z,7839,2026-08-20T02:40:07.937Z,STN,Staunton,2e0eb052-bb28-45b1-894f-8dc0851c56cc,SAMMS-Staunton
202608200219259686,202608200029239747,202608200029237018,85,4603,Bronze INV,br_ReAssessmentTreatment,TASK_COMPLETE,FAILED,ERROR,225,225,1,SaveReAssessmentTreatment Bronze ForEach failed,2026-08-20T00:29:28.539Z,2026-08-20T02:40:07.937Z,7839,2026-08-20T02:40:07.937Z,STVN,Stevenson,2e0eb052-bb28-45b1-894f-8dc0851c56cc,SAMMS-Stevenson
202608200219259687,202608200029239748,202608200029237018,85,4605,Bronze INV,br_ReAssessmentTreatment,TASK_COMPLETE,FAILED,ERROR,174,174,1,SaveReAssessmentTreatment Bronze ForEach failed,2026-08-20T00:29:28.539Z,2026-08-20T02:40:07.937Z,7839,2026-08-20T02:40:07.937Z,TE,Tempe,2e0eb052-bb28-45b1-894f-8dc0851c56cc,SAMMS-Tempe
202608200219259688,202608200029239749,202608200029237018,85,4606,Bronze INV,br_ReAssessmentTreatment,TASK_COMPLETE,FAILED,ERROR,0,0,1,SaveReAssessmentTreatment Bronze ForEach failed,2026-08-20T00:29:28.539Z,2026-08-20T02:40:07.937Z,7839,2026-08-20T02:40:07.937Z,TEX,Texarkana,2e0eb052-bb28-45b1-894f-8dc0851c56cc,SAMMS-Texarkana
202608200219259689,202608200029239750,202608200029237018,85,4607,Bronze INV,br_ReAssessmentTreatment,TASK_COMPLETE,FAILED,ERROR,1057,1057,1,SaveReAssessmentTreatment Bronze ForEach failed,2026-08-20T00:29:28.539Z,2026-08-20T02:40:07.937Z,7839,2026-08-20T02:40:07.937Z,TTCA,Bessemer,2e0eb052-bb28-45b1-894f-8dc0851c56cc,SAMMS-BessemerV5
202608200219259690,202608200029239751,202608200029237018,85,4608,Bronze INV,br_ReAssessmentTreatment,TASK_COMPLETE,FAILED,ERROR,1314,1314,1,SaveReAssessmentTreatment Bronze ForEach failed,2026-08-20T00:29:28.539Z,2026-08-20T02:40:07.937Z,7839,2026-08-20T02:40:07.937Z,TTCB,Cullman,2e0eb052-bb28-45b1-894f-8dc0851c56cc,SAMMS-CullmanV5
202608200219259691,202608200029239752,202608200029237018,85,4609,Bronze INV,br_ReAssessmentTreatment,TASK_COMPLETE,FAILED,ERROR,931,931,1,SaveReAssessmentTreatment Bronze ForEach failed,2026-08-20T00:29:28.539Z,2026-08-20T02:40:07.937Z,7839,2026-08-20T02:40:07.937Z,TTCC,Grand Bay,2e0eb052-bb28-45b1-894f-8dc0851c56cc,SAMMS-GrandBay
202608200219259693,202608200029239753,202608200029237018,85,4610,Bronze INV,br_ReAssessmentTreatment,TASK_COMPLETE,FAILED,ERROR,15,15,1,SaveReAssessmentTreatment Bronze ForEach failed,2026-08-20T00:29:28.539Z,2026-08-20T02:40:07.937Z,7839,2026-08-20T02:40:07.937Z,TU,Tucson,2e0eb052-bb28-45b1-894f-8dc0851c56cc,SAMMS-Tucson
202608200219259694,202608200029239754,202608200029237018,85,4612,Bronze INV,br_ReAssessmentTreatment,TASK_COMPLETE,FAILED,ERROR,660,660,1,SaveReAssessmentTreatment Bronze ForEach failed,2026-08-20T00:29:28.539Z,2026-08-20T02:40:07.937Z,7839,2026-08-20T02:40:07.937Z,V1,Memphis South,2e0eb052-bb28-45b1-894f-8dc0851c56cc,SAMMS-VCPHCS-I-MemphisV5
202608200219259695,202608200029239755,202608200029237018,85,4613,Bronze INV,br_ReAssessmentTreatment,TASK_COMPLETE,FAILED,ERROR,1626,1626,1,SaveReAssessmentTreatment Bronze ForEach failed,2026-08-20T00:29:28.539Z,2026-08-20T02:40:07.937Z,7839,2026-08-20T02:40:07.937Z,V10,Longmont,2e0eb052-bb28-45b1-894f-8dc0851c56cc,SAMMS-BoulderV5
202608200219259696,202608200029239756,202608200029237018,85,4614,Bronze INV,br_ReAssessmentTreatment,TASK_COMPLETE,FAILED,ERROR,1508,1508,1,SaveReAssessmentTreatment Bronze ForEach failed,2026-08-20T00:29:28.539Z,2026-08-20T02:40:07.937Z,7839,2026-08-20T02:40:07.937Z,V10A,Fort Collins,2e0eb052-bb28-45b1-894f-8dc0851c56cc,SAMMS-FortCollinsV5
202608200219259697,202608200029239757,202608200029237018,85,4615,Bronze INV,br_ReAssessmentTreatment,TASK_COMPLETE,FAILED,ERROR,2862,2862,1,SaveReAssessmentTreatment Bronze ForEach failed,2026-08-20T00:29:28.539Z,2026-08-20T02:40:07.937Z,7839,2026-08-20T02:40:07.937Z,V11,Westminster,2e0eb052-bb28-45b1-894f-8dc0851c56cc,SAMMS-VCPHCS-XI-NorthDenverV5
202608200219259698,202608200029239758,202608200029237018,85,4616,Bronze INV,br_ReAssessmentTreatment,TASK_COMPLETE,FAILED,ERROR,2991,2991,1,SaveReAssessmentTreatment Bronze ForEach failed,2026-08-20T00:29:28.539Z,2026-08-20T02:40:07.937Z,7839,2026-08-20T02:40:07.937Z,V12,Downtown Denver,2e0eb052-bb28-45b1-894f-8dc0851c56cc,SAMMS-VCPHCS-XII-DowntownDenverV5
202608200219259699,202608200029239759,202608200029237018,85,4617,Bronze INV,br_ReAssessmentTreatment,TASK_COMPLETE,FAILED,ERROR,1127,1127,1,SaveReAssessmentTreatment Bronze ForEach failed,2026-08-20T00:29:28.539Z,2026-08-20T02:40:07.937Z,7839,2026-08-20T02:40:07.937Z,V12A,Centennial,2e0eb052-bb28-45b1-894f-8dc0851c56cc,SAMMS-CentennialV5
202608200219259700,202608200029239760,202608200029237018,85,4618,Bronze INV,br_ReAssessmentTreatment,TASK_COMPLETE,FAILED,ERROR,293,293,1,SaveReAssessmentTreatment Bronze ForEach failed,2026-08-20T00:29:28.539Z,2026-08-20T02:40:07.937Z,7839,2026-08-20T02:40:07.937Z,V14,Overland Park,2e0eb052-bb28-45b1-894f-8dc0851c56cc,SAMMS-VCPHCS-XIV-BridgewayV5
202608200219259701,202608200029239761,202608200029237018,85,4619,Bronze INV,br_ReAssessmentTreatment,TASK_COMPLETE,FAILED,ERROR,608,608,1,SaveReAssessmentTreatment Bronze ForEach failed,2026-08-20T00:29:28.539Z,2026-08-20T02:40:07.937Z,7839,2026-08-20T02:40:07.937Z,V15,Joplin,2e0eb052-bb28-45b1-894f-8dc0851c56cc,SAMMS-JoplinV5
202608200219259703,202608200029239762,202608200029237018,85,4621,Bronze INV,br_ReAssessmentTreatment,TASK_COMPLETE,FAILED,ERROR,902,902,1,SaveReAssessmentTreatment Bronze ForEach failed,2026-08-20T00:29:28.539Z,2026-08-20T02:40:07.937Z,7839,2026-08-20T02:40:07.937Z,V17,Columbia TN,2e0eb052-bb28-45b1-894f-8dc0851c56cc,SAMMS-ColumbiaTNv5
202608200219259704,202608200029239763,202608200029237018,85,4623,Bronze INV,br_ReAssessmentTreatment,TASK_COMPLETE,FAILED,ERROR,527,527,1,SaveReAssessmentTreatment Bronze ForEach failed,2026-08-20T00:29:28.539Z,2026-08-20T02:40:07.937Z,7839,2026-08-20T02:40:07.937Z,V19,Jackson,2e0eb052-bb28-45b1-894f-8dc0851c56cc,SAMMS-JacksonV5
202608200219259705,202608200029239764,202608200029237018,85,4625,Bronze INV,br_ReAssessmentTreatment,TASK_COMPLETE,FAILED,ERROR,1683,1683,1,SaveReAssessmentTreatment Bronze ForEach failed,2026-08-20T00:29:28.539Z,2026-08-20T02:40:07.937Z,7839,2026-08-20T02:40:07.937Z,V20,Paris,2e0eb052-bb28-45b1-894f-8dc0851c56cc,SAMMS-ParisV5
202608200219259706,202608200029239765,202608200029237018,85,4626,Bronze INV,br_ReAssessmentTreatment,TASK_COMPLETE,FAILED,ERROR,723,723,1,SaveReAssessmentTreatment Bronze ForEach failed,2026-08-20T00:29:28.539Z,2026-08-20T02:40:07.937Z,7839,2026-08-20T02:40:07.937Z,V21,Memphis North,2e0eb052-bb28-45b1-894f-8dc0851c56cc,SAMMS-RaleighV5
202608200219259707,202608200029239766,202608200029237018,85,4629,Bronze INV,br_ReAssessmentTreatment,TASK_COMPLETE,FAILED,ERROR,1765,1765,1,SaveReAssessmentTreatment Bronze ForEach failed,2026-08-20T00:29:28.539Z,2026-08-20T02:40:07.937Z,7839,2026-08-20T02:40:07.937Z,V5,West Bank,2e0eb052-bb28-45b1-894f-8dc0851c56cc,SAMMS-NONTCv5
202608200219259709,202608200029239767,202608200029237018,85,4631,Bronze INV,br_ReAssessmentTreatment,TASK_COMPLETE,FAILED,ERROR,145,145,1,SaveReAssessmentTreatment Bronze ForEach failed,2026-08-20T00:29:28.539Z,2026-08-20T02:40:07.937Z,7839,2026-08-20T02:40:07.937Z,V5B,Houma,2e0eb052-bb28-45b1-894f-8dc0851c56cc,SAMMS-HoumaV6
202608200219259710,202608200029239768,202608200029237018,85,4632,Bronze INV,br_ReAssessmentTreatment,TASK_COMPLETE,FAILED,ERROR,1905,1905,1,SaveReAssessmentTreatment Bronze ForEach failed,2026-08-20T00:29:28.539Z,2026-08-20T02:40:07.937Z,7839,2026-08-20T02:40:07.937Z,V6,Lake Charles,2e0eb052-bb28-45b1-894f-8dc0851c56cc,SAMMS-LCv5
202608200219259711,202608200029239769,202608200029237018,85,4634,Bronze INV,br_ReAssessmentTreatment,TASK_COMPLETE,FAILED,ERROR,738,738,1,SaveReAssessmentTreatment Bronze ForEach failed,2026-08-20T00:29:28.539Z,2026-08-20T02:40:07.937Z,7839,2026-08-20T02:40:07.937Z,V8,Memphis Midtown,2e0eb052-bb28-45b1-894f-8dc0851c56cc,SAMMS-VCPHCS-VIII-MemphisV5
202608200219259712,202608200029239770,202608200029237018,85,4635,Bronze INV,br_ReAssessmentTreatment,TASK_COMPLETE,FAILED,ERROR,1761,1761,1,SaveReAssessmentTreatment Bronze ForEach failed,2026-08-20T00:29:28.539Z,2026-08-20T02:40:07.937Z,7839,2026-08-20T02:40:07.937Z,V9,Nashville,2e0eb052-bb28-45b1-894f-8dc0851c56cc,SAMMS-NashvilleV5
202608200219259713,202608200029239771,202608200029237018,85,4636,Bronze INV,br_ReAssessmentTreatment,TASK_COMPLETE,FAILED,ERROR,838,838,1,SaveReAssessmentTreatment Bronze ForEach failed,2026-08-20T00:29:28.539Z,2026-08-20T02:40:07.937Z,7839,2026-08-20T02:40:07.937Z,VBRA,Brainerd,2e0eb052-bb28-45b1-894f-8dc0851c56cc,SAMMS-BrainerdV6
202608200219259715,202608200029239772,202608200029237018,85,4637,Bronze INV,br_ReAssessmentTreatment,TASK_COMPLETE,FAILED,ERROR,1952,1952,1,SaveReAssessmentTreatment Bronze ForEach failed,2026-08-20T00:29:28.539Z,2026-08-20T02:40:07.937Z,7839,2026-08-20T02:40:07.937Z,VBRP,Brooklyn Park,2e0eb052-bb28-45b1-894f-8dc0851c56cc,SAMMS-BrooklynParkV6
202608200219259716,202608200029239773,202608200029237018,85,4639,Bronze INV,br_ReAssessmentTreatment,TASK_COMPLETE,FAILED,ERROR,740,740,1,SaveReAssessmentTreatment Bronze ForEach failed,2026-08-20T00:29:28.539Z,2026-08-20T02:40:07.937Z,7839,2026-08-20T02:40:07.937Z,VMIN,Minneapolis,2e0eb052-bb28-45b1-894f-8dc0851c56cc,SAMMS-MinneapolisV6
202608200219259717,202608200029239774,202608200029237018,85,4640,Bronze INV,br_ReAssessmentTreatment,TASK_COMPLETE,FAILED,ERROR,873,873,1,SaveReAssessmentTreatment Bronze ForEach failed,2026-08-20T00:29:28.539Z,2026-08-20T02:40:07.937Z,7839,2026-08-20T02:40:07.937Z,VWBY,Woodbury,2e0eb052-bb28-45b1-894f-8dc0851c56cc,SAMMS-WoodburyV6
202608200219259718,202608200029239775,202608200029237018,85,4642,Bronze INV,br_ReAssessmentTreatment,TASK_COMPLETE,FAILED,ERROR,161,161,1,SaveReAssessmentTreatment Bronze ForEach failed,2026-08-20T00:29:28.539Z,2026-08-20T02:40:07.937Z,7839,2026-08-20T02:40:07.937Z,WIL,Wilson,2e0eb052-bb28-45b1-894f-8dc0851c56cc,SAMMS-Wilson
202608200219259820,202608200029337035,202608200029337018,86,5736,Silver INV,sl_ReAssessmentTreatment,TASK_COMPLETE,SKIPPED,WARN,0,0,0,Skipped: SaveReAssessmentTreatment failed at BR,2026-08-20T00:29:28.539Z,2026-08-20T02:40:07.937Z,7839,2026-08-20T02:40:07.937Z,,,2e0eb052-bb28-45b1-894f-8dc0851c56cc,
202608200219256545,202608200029238621,202608200029237018,85,588,Bronze INV,br_AdmissionAssessmentDimensionFiveSubstanceUse,TASK_COMPLETE,FAILED,ERROR,331,331,1,SaveAdmissionAssessmentDimensionFiveSubstanceUse Bronze ForEach failed,2026-08-20T00:29:28.539Z,2026-08-20T02:40:07.937Z,7839,2026-08-20T02:40:07.937Z,VBRA,Brainerd,2e0eb052-bb28-45b1-894f-8dc0851c56cc,SAMMS-BrainerdV6
202608200219256546,202608200029238622,202608200029237018,85,589,Bronze INV,br_AdmissionAssessmentDimensionFiveSubstanceUse,TASK_COMPLETE,FAILED,ERROR,587,587,1,SaveAdmissionAssessmentDimensionFiveSubstanceUse Bronze ForEach failed,2026-08-20T00:29:28.539Z,2026-08-20T02:40:07.937Z,7839,2026-08-20T02:40:07.937Z,VBRP,Brooklyn Park,2e0eb052-bb28-45b1-894f-8dc0851c56cc,SAMMS-BrooklynParkV6
202608200219256547,202608200029238623,202608200029237018,85,591,Bronze INV,br_AdmissionAssessmentDimensionFiveSubstanceUse,TASK_COMPLETE,FAILED,ERROR,573,573,1,SaveAdmissionAssessmentDimensionFiveSubstanceUse Bronze ForEach failed,2026-08-20T00:29:28.539Z,2026-08-20T02:40:07.937Z,7839,2026-08-20T02:40:07.937Z,VMIN,Minneapolis,2e0eb052-bb28-45b1-894f-8dc0851c56cc,SAMMS-MinneapolisV6
202608200219256548,202608200029238624,202608200029237018,85,592,Bronze INV,br_AdmissionAssessmentDimensionFiveSubstanceUse,TASK_COMPLETE,FAILED,ERROR,1057,1057,1,SaveAdmissionAssessmentDimensionFiveSubstanceUse Bronze ForEach failed,2026-08-20T00:29:28.539Z,2026-08-20T02:40:07.937Z,7839,2026-08-20T02:40:07.937Z,VWBY,Woodbury,2e0eb052-bb28-45b1-894f-8dc0851c56cc,SAMMS-WoodburyV6
202608200219256549,202608200029238625,202608200029237018,85,594,Bronze INV,br_AdmissionAssessmentDimensionFiveSubstanceUse,TASK_COMPLETE,FAILED,ERROR,423,423,1,SaveAdmissionAssessmentDimensionFiveSubstanceUse Bronze ForEach failed,2026-08-20T00:29:28.539Z,2026-08-20T02:40:07.937Z,7839,2026-08-20T02:40:07.937Z,WIL,Wilson,2e0eb052-bb28-45b1-894f-8dc0851c56cc,SAMMS-Wilson
202608200219256651,202608200029337024,202608200029337018,86,5725,Silver INV,sl_AdmissionAssessmentDimensionFiveSubstanceUse,TASK_COMPLETE,SKIPPED,WARN,0,0,0,Skipped: SaveAdmissionAssessmentDimensionFiveSubstanceUse failed at BR,2026-08-20T00:29:28.539Z,2026-08-20T02:40:07.937Z,7839,2026-08-20T02:40:07.937Z,,,2e0eb052-bb28-45b1-894f-8dc0851c56cc,
202608200219256571,202608200029238396,202608200029237018,85,598,Bronze INV,br_AdmissionAssessmentDimensionFour,TASK_COMPLETE,FAILED,ERROR,98,98,1,SaveAdmissionAssessmentDimensionfour Bronze ForEach failed,2026-08-20T00:29:28.539Z,2026-08-20T02:40:07.937Z,7839,2026-08-20T02:40:07.937Z,AHK,Ahoskie,2e0eb052-bb28-45b1-894f-8dc0851c56cc,SAMMS-Ahoskie
202608200219256573,202608200029238397,202608200029237018,85,599,Bronze INV,br_AdmissionAssessmentDimensionFour,TASK_COMPLETE,FAILED,ERROR,785,785,1,SaveAdmissionAssessmentDimensionfour Bronze ForEach failed,2026-08-20T00:29:28.539Z,2026-08-20T02:40:07.937Z,7839,2026-08-20T02:40:07.937Z,B12B,Colorado Springs,2e0eb052-bb28-45b1-894f-8dc0851c56cc,SAMMS-ColoradoSpringsV5
202608200219256574,202608200029238398,202608200029237018,85,600,Bronze INV,br_AdmissionAssessmentDimensionFour,TASK_COMPLETE,FAILED,ERROR,411,411,1,SaveAdmissionAssessmentDimensionfour Bronze ForEach failed,2026-08-20T00:29:28.539Z,2026-08-20T02:40:07.937Z,7839,2026-08-20T02:40:07.937Z,B24,Paintsville,2e0eb052-bb28-45b1-894f-8dc0851c56cc,SAMMS-PaintsvilleV5
202608200219256575,202608200029238399,202608200029237018,85,601,Bronze INV,br_AdmissionAssessmentDimensionFour,TASK_COMPLETE,FAILED,ERROR,171,171,1,SaveAdmissionAssessmentDimensionfour Bronze ForEach failed,2026-08-20T00:29:28.539Z,2026-08-20T02:40:07.937Z,7839,2026-08-20T02:40:07.937Z,B25,Pikeville,2e0eb052-bb28-45b1-894f-8dc0851c56cc,SAMMS-PikevilleV5
202608200219256576,202608200029238400,202608200029237018,85,602,Bronze INV,br_AdmissionAssessmentDimensionFour,TASK_COMPLETE,FAILED,ERROR,492,492,1,SaveAdmissionAssessmentDimensionfour Bronze ForEach failed,2026-08-20T00:29:28.539Z,2026-08-20T02:40:07.937Z,7839,2026-08-20T02:40:07.937Z,B26,Hazard,2e0eb052-bb28-45b1-894f-8dc0851c56cc,SAMMS-HazardV5
202608200219256577,202608200029238401,202608200029237018,85,603,Bronze INV,br_AdmissionAssessmentDimensionFour,TASK_COMPLETE,FAILED,ERROR,187,187,1,SaveAdmissionAssessmentDimensionfour Bronze ForEach failed,2026-08-20T00:29:28.539Z,2026-08-20T02:40:07.937Z,7839,2026-08-20T02:40:07.937Z,B27,Savannah,2e0eb052-bb28-45b1-894f-8dc0851c56cc,SAMMS-SavannahV6
202608200219256579,202608200029238402,202608200029237018,85,604,Bronze INV,br_AdmissionAssessmentDimensionFour,TASK_COMPLETE,FAILED,ERROR,231,231,1,SaveAdmissionAssessmentDimensionfour Bronze ForEach failed,2026-08-20T00:29:28.539Z,2026-08-20T02:40:07.937Z,7839,2026-08-20T02:40:07.937Z,B28,West Plains,2e0eb052-bb28-45b1-894f-8dc0851c56cc,SAMMS-WestPlainesV5
202608200219256580,202608200029238403,202608200029237018,85,605,Bronze INV,br_AdmissionAssessmentDimensionFour,TASK_COMPLETE,FAILED,ERROR,257,257,1,SaveAdmissionAssessmentDimensionfour Bronze ForEach failed,2026-08-20T00:29:28.539Z,2026-08-20T02:40:07.937Z,7839,2026-08-20T02:40:07.937Z,B29,Poplar Bluff,2e0eb052-bb28-45b1-894f-8dc0851c56cc,SAMMS-PoplarBluffV5
202608200219256581,202608200029238404,202608200029237018,85,606,Bronze INV,br_AdmissionAssessmentDimensionFour,TASK_COMPLETE,FAILED,ERROR,136,136,1,SaveAdmissionAssessmentDimensionfour Bronze ForEach failed,2026-08-20T00:29:28.539Z,2026-08-20T02:40:07.937Z,7839,2026-08-20T02:40:07.937Z,B30,KC North,2e0eb052-bb28-45b1-894f-8dc0851c56cc,SAMMS-KCNv5
202608200219256582,202608200029238405,202608200029237018,85,607,Bronze INV,br_AdmissionAssessmentDimensionFour,TASK_COMPLETE,FAILED,ERROR,335,335,1,SaveAdmissionAssessmentDimensionfour Bronze ForEach failed,2026-08-20T00:29:28.539Z,2026-08-20T02:40:07.937Z,7839,2026-08-20T02:40:07.937Z,B31,Dyersburg,2e0eb052-bb28-45b1-894f-8dc0851c56cc,SAMMS-DyersburgV5
202608200219256583,202608200029238406,202608200029237018,85,609,Bronze INV,br_AdmissionAssessmentDimensionFour,TASK_COMPLETE,FAILED,ERROR,212,212,1,SaveAdmissionAssessmentDimensionfour Bronze ForEach failed,2026-08-20T00:29:28.539Z,2026-08-20T02:40:07.937Z,7839,2026-08-20T02:40:07.937Z,B33,Paducah,2e0eb052-bb28-45b1-894f-8dc0851c56cc,SAMMS-Paducah
202608200219256584,202608200029238407,202608200029237018,85,610,Bronze INV,br_AdmissionAssessmentDimensionFour,TASK_COMPLETE,FAILED,ERROR,448,448,1,SaveAdmissionAssessmentDimensionfour Bronze ForEach failed,2026-08-20T00:29:28.539Z,2026-08-20T02:40:07.937Z,7839,2026-08-20T02:40:07.937Z,B34,Corbin,2e0eb052-bb28-45b1-894f-8dc0851c56cc,SAMMS-CorbinV5
202608200219256586,202608200029238408,202608200029237018,85,611,Bronze INV,br_AdmissionAssessmentDimensionFour,TASK_COMPLETE,FAILED,ERROR,715,715,1,SaveAdmissionAssessmentDimensionfour Bronze ForEach failed,2026-08-20T00:29:28.539Z,2026-08-20T02:40:07.937Z,7839,2026-08-20T02:40:07.937Z,B35,Lexington,2e0eb052-bb28-45b1-894f-8dc0851c56cc,SAMMS-LexingtonV5
202608200219256587,202608200029238409,202608200029237018,85,612,Bronze INV,br_AdmissionAssessmentDimensionFour,TASK_COMPLETE,FAILED,ERROR,345,345,1,SaveAdmissionAssessmentDimensionfour Bronze ForEach failed,2026-08-20T00:29:28.539Z,2026-08-20T02:40:07.937Z,7839,2026-08-20T02:40:07.937Z,B35A,Berea,2e0eb052-bb28-45b1-894f-8dc0851c56cc,SAMMS-BereaV5
202608200219256588,202608200029238410,202608200029237018,85,613,Bronze INV,br_AdmissionAssessmentDimensionFour,TASK_COMPLETE,FAILED,ERROR,598,598,1,SaveAdmissionAssessmentDimensionfour Bronze ForEach failed,2026-08-20T00:29:28.539Z,2026-08-20T02:40:07.937Z,7839,2026-08-20T02:40:07.937Z,B36,Asheville,2e0eb052-bb28-45b1-894f-8dc0851c56cc,SAMMS-AshevilleV5
202608200219256589,202608200029238411,202608200029237018,85,614,Bronze INV,br_AdmissionAssessmentDimensionFour,TASK_COMPLETE,FAILED,ERROR,446,446,1,SaveAdmissionAssessmentDimensionfour Bronze ForEach failed,2026-08-20T00:29:28.539Z,2026-08-20T02:40:07.937Z,7839,2026-08-20T02:40:07.937Z,B37,Clyde,2e0eb052-bb28-45b1-894f-8dc0851c56cc,SAMMS-ClydeV5
202608200219256590,202608200029238412,202608200029237018,85,615,Bronze INV,br_AdmissionAssessmentDimensionFour,TASK_COMPLETE,FAILED,ERROR,630,630,1,SaveAdmissionAssessmentDimensionfour Bronze ForEach failed,2026-08-20T00:29:28.539Z,2026-08-20T02:40:07.937Z,7839,2026-08-20T02:40:07.937Z,B38,Spartanburg,2e0eb052-bb28-45b1-894f-8dc0851c56cc,SAMMS-SpartanburgV5
202608200219256591,202608200029238413,202608200029237018,85,616,Bronze INV,br_AdmissionAssessmentDimensionFour,TASK_COMPLETE,FAILED,ERROR,475,475,1,SaveAdmissionAssessmentDimensionfour Bronze ForEach failed,2026-08-20T00:29:28.539Z,2026-08-20T02:40:07.937Z,7839,2026-08-20T02:40:07.937Z,B39,Aiken,2e0eb052-bb28-45b1-894f-8dc0851c56cc,SAMMS-AikenV5
202608200219256592,202608200029238414,202608200029237018,85,617,Bronze INV,br_AdmissionAssessmentDimensionFour,TASK_COMPLETE,FAILED,ERROR,290,290,1,SaveAdmissionAssessmentDimensionfour Bronze ForEach failed,2026-08-20T00:29:28.539Z,2026-08-20T02:40:07.937Z,7839,2026-08-20T02:40:07.937Z,B41,Chesapeake,2e0eb052-bb28-45b1-894f-8dc0851c56cc,SAMMS-ChesapeakeV5
202608200219256593,202608200029238415,202608200029237018,85,618,Bronze INV,br_AdmissionAssessmentDimensionFour,TASK_COMPLETE,FAILED,ERROR,534,534,1,SaveAdmissionAssessmentDimensionfour Bronze ForEach failed,2026-08-20T00:29:28.539Z,2026-08-20T02:40:07.937Z,7839,2026-08-20T02:40:07.937Z,B42,Virginia Beach,2e0eb052-bb28-45b1-894f-8dc0851c56cc,SAMMS-VirginiaBeachV5
202608200219256594,202608200029238416,202608200029237018,85,619,Bronze INV,br_AdmissionAssessmentDimensionFour,TASK_COMPLETE,FAILED,ERROR,165,165,1,SaveAdmissionAssessmentDimensionfour Bronze ForEach failed,2026-08-20T00:29:28.539Z,2026-08-20T02:40:07.937Z,7839,2026-08-20T02:40:07.937Z,B42A,Newport News,2e0eb052-bb28-45b1-894f-8dc0851c56cc,SAMMS-NewportNewsV5
202608200219256596,202608200029238417,202608200029237018,85,620,Bronze INV,br_AdmissionAssessmentDimensionFour,TASK_COMPLETE,FAILED,ERROR,56,56,1,SaveAdmissionAssessmentDimensionfour Bronze ForEach failed,2026-08-20T00:29:28.539Z,2026-08-20T02:40:07.937Z,7839,2026-08-20T02:40:07.937Z,B42B,Franklin,2e0eb052-bb28-45b1-894f-8dc0851c56cc,SAMMS-FranklinV5
202608200219256597,202608200029238418,202608200029237018,85,621,Bronze INV,br_AdmissionAssessmentDimensionFour,TASK_COMPLETE,FAILED,ERROR,334,334,1,SaveAdmissionAssessmentDimensionfour Bronze ForEach failed,2026-08-20T00:29:28.539Z,2026-08-20T02:40:07.937Z,7839,2026-08-20T02:40:07.937Z,B42C,Glen Allen,2e0eb052-bb28-45b1-894f-8dc0851c56cc,SAMMS-GlenAllenV5
202608200219256598,202608200029238419,202608200029237018,85,622,Bronze INV,br_AdmissionAssessmentDimensionFour,TASK_COMPLETE,FAILED,ERROR,169,169,1,SaveAdmissionAssessmentDimensionfour Bronze ForEach failed,2026-08-20T00:29:28.539Z,2026-08-20T02:40:07.937Z,7839,2026-08-20T02:40:07.937Z,B42D,Chesapeake South,2e0eb052-bb28-45b1-894f-8dc0851c56cc,SAMMS-ChesapeakeSouthV5
202608200219256599,202608200029238420,202608200029237018,85,623,Bronze INV,br_AdmissionAssessmentDimensionFour,TASK_COMPLETE,FAILED,ERROR,204,204,1,SaveAdmissionAssessmentDimensionfour Bronze ForEach failed,2026-08-20T00:29:28.539Z,2026-08-20T02:40:07.937Z,7839,2026-08-20T02:40:07.937Z,B44,Albany,2e0eb052-bb28-45b1-894f-8dc0851c56cc,SAMMS-AlbanyV5
202608200219256600,202608200029238421,202608200029237018,85,624,Bronze INV,br_AdmissionAssessmentDimensionFour,TASK_COMPLETE,FAILED,ERROR,302,302,1,SaveAdmissionAssessmentDimensionfour Bronze ForEach failed,2026-08-20T00:29:28.539Z,2026-08-20T02:40:07.937Z,7839,2026-08-20T02:40:07.937Z,B45,Tifton,2e0eb052-bb28-45b1-894f-8dc0851c56cc,SAMMS-TiftonV5
202608200219256601,202608200029238422,202608200029237018,85,625,Bronze INV,br_AdmissionAssessmentDimensionFour,TASK_COMPLETE,FAILED,ERROR,652,652,1,SaveAdmissionAssessmentDimensionfour Bronze ForEach failed,2026-08-20T00:29:28.539Z,2026-08-20T02:40:07.937Z,7839,2026-08-20T02:40:07.937Z,B46,Washington DC,2e0eb052-bb28-45b1-894f-8dc0851c56cc,SAMMS-WashingtonDCv5
202608200219256603,202608200029238423,202608200029237018,85,626,Bronze INV,br_AdmissionAssessmentDimensionFour,TASK_COMPLETE,FAILED,ERROR,341,341,1,SaveAdmissionAssessmentDimensionfour Bronze ForEach failed,2026-08-20T00:29:28.539Z,2026-08-20T02:40:07.937Z,7839,2026-08-20T02:40:07.937Z,B47,Mobile,2e0eb052-bb28-45b1-894f-8dc0851c56cc,SAMMS-MobileV5
202608200219256604,202608200029238424,202608200029237018,85,627,Bronze INV,br_AdmissionAssessmentDimensionFour,TASK_COMPLETE,FAILED,ERROR,446,446,1,SaveAdmissionAssessmentDimensionfour Bronze ForEach failed,2026-08-20T00:29:28.539Z,2026-08-20T02:40:07.937Z,7839,2026-08-20T02:40:07.937Z,B48,Tuscaloosa,2e0eb052-bb28-45b1-894f-8dc0851c56cc,SAMMS-TuscaloosaV5
202608200219256605,202608200029238425,202608200029237018,85,636,Bronze INV,br_AdmissionAssessmentDimensionFour,TASK_COMPLETE,FAILED,ERROR,309,309,1,SaveAdmissionAssessmentDimensionfour Bronze ForEach failed,2026-08-20T00:29:28.539Z,2026-08-20T02:40:07.937Z,7839,2026-08-20T02:40:07.937Z,B51,N. Little Rock (OTP),2e0eb052-bb28-45b1-894f-8dc0851c56cc,SAMMS-NorthLittleRockV6
202608200219256606,202608200029238426,202608200029237018,85,637,Bronze INV,br_AdmissionAssessmentDimensionFour,TASK_COMPLETE,FAILED,ERROR,155,155,1,SaveAdmissionAssessmentDimensionfour Bronze ForEach failed,2026-08-20T00:29:28.539Z,2026-08-20T02:40:07.937Z,7839,2026-08-20T02:40:07.937Z,B52,Jackson GA,2e0eb052-bb28-45b1-894f-8dc0851c56cc,SAMMS-JacksonGAV5
202608200219256607,202608200029238427,202608200029237018,85,638,Bronze INV,br_AdmissionAssessmentDimensionFour,TASK_COMPLETE,FAILED,ERROR,466,466,1,SaveAdmissionAssessmentDimensionfour Bronze ForEach failed,2026-08-20T00:29:28.539Z,2026-08-20T02:40:07.937Z,7839,2026-08-20T02:40:07.937Z,B54,Gadsden,2e0eb052-bb28-45b1-894f-8dc0851c56cc,SAMMS-GadsdenV5
202608191602178941,202608191519595839,202608191519595710,97,5874,P1 Forms E&M Form Pregnancy Bronze - B35A,br_samms_eandm_form_pregnancy,TASK_COMPLETE,SUCCESS,INFO,618,618,0,,2026-08-19T15:20:02.186Z,2026-08-19T16:02:20.903Z,2538,2026-08-19T16:02:20.903Z,B35A,Berea,0e774440-67e4-4817-8f97-24afdbb9d82f,SAMMS-BereaV5
202608191602178942,202608191519595840,202608191519595710,97,5875,P1 Forms E&M Form Pregnancy Bronze - B36,br_samms_eandm_form_pregnancy,TASK_COMPLETE,SUCCESS,INFO,640,640,0,,2026-08-19T15:20:02.186Z,2026-08-19T16:02:20.903Z,2538,2026-08-19T16:02:20.903Z,B36,Asheville,0e774440-67e4-4817-8f97-24afdbb9d82f,SAMMS-AshevilleV5
202608191602178943,202608191519595841,202608191519595710,97,5876,P1 Forms E&M Form Pregnancy Bronze - B37,br_samms_eandm_form_pregnancy,TASK_COMPLETE,SUCCESS,INFO,528,528,0,,2026-08-19T15:20:02.186Z,2026-08-19T16:02:20.903Z,2538,2026-08-19T16:02:20.903Z,B37,Clyde,0e774440-67e4-4817-8f97-24afdbb9d82f,SAMMS-ClydeV5
202608191602178944,202608191519595842,202608191519595710,97,5877,P1 Forms E&M Form Pregnancy Bronze - B38,br_samms_eandm_form_pregnancy,TASK_COMPLETE,SUCCESS,INFO,700,700,0,,2026-08-19T15:20:02.186Z,2026-08-19T16:02:20.903Z,2538,2026-08-19T16:02:20.903Z,B38,Spartanburg,0e774440-67e4-4817-8f97-24afdbb9d82f,SAMMS-SpartanburgV5
202608191602178945,202608191519595843,202608191519595710,97,5878,P1 Forms E&M Form Pregnancy Bronze - B39,br_samms_eandm_form_pregnancy,TASK_COMPLETE,SUCCESS,INFO,490,490,0,,2026-08-19T15:20:02.186Z,2026-08-19T16:02:20.903Z,2538,2026-08-19T16:02:20.903Z,B39,Aiken,0e774440-67e4-4817-8f97-24afdbb9d82f,SAMMS-AikenV5
202608191602178946,202608191519595844,202608191519595710,97,5879,P1 Forms E&M Form Pregnancy Bronze - B41,br_samms_eandm_form_pregnancy,TASK_COMPLETE,SUCCESS,INFO,725,725,0,,2026-08-19T15:20:02.186Z,2026-08-19T16:02:20.903Z,2538,2026-08-19T16:02:20.903Z,B41,Chesapeake,0e774440-67e4-4817-8f97-24afdbb9d82f,SAMMS-ChesapeakeV5
202608191602178948,202608191519595845,202608191519595710,97,5880,P1 Forms E&M Form Pregnancy Bronze - B42,br_samms_eandm_form_pregnancy,TASK_COMPLETE,SUCCESS,INFO,1296,1296,0,,2026-08-19T15:20:02.186Z,2026-08-19T16:02:20.903Z,2538,2026-08-19T16:02:20.903Z,B42,VirginiaBeach,0e774440-67e4-4817-8f97-24afdbb9d82f,SAMMS-VirginiaBeachV5
202608191602178949,202608191519595846,202608191519595710,97,5881,P1 Forms E&M Form Pregnancy Bronze - B42A,br_samms_eandm_form_pregnancy,TASK_COMPLETE,SUCCESS,INFO,493,493,0,,2026-08-19T15:20:02.186Z,2026-08-19T16:02:20.903Z,2538,2026-08-19T16:02:20.903Z,B42A,NewportNews,0e774440-67e4-4817-8f97-24afdbb9d82f,SAMMS-NewportNewsV5
202608191602178950,202608191519595847,202608191519595710,97,5882,P1 Forms E&M Form Pregnancy Bronze - B42B,br_samms_eandm_form_pregnancy,TASK_COMPLETE,SUCCESS,INFO,131,131,0,,2026-08-19T15:20:02.186Z,2026-08-19T16:02:20.903Z,2538,2026-08-19T16:02:20.903Z,B42B,Franklin,0e774440-67e4-4817-8f97-24afdbb9d82f,SAMMS-FranklinV5
202608191602178951,202608191519595848,202608191519595710,97,5883,P1 Forms E&M Form Pregnancy Bronze - B42C,br_samms_eandm_form_pregnancy,TASK_COMPLETE,SUCCESS,INFO,727,727,0,,2026-08-19T15:20:02.186Z,2026-08-19T16:02:20.903Z,2538,2026-08-19T16:02:20.903Z,B42C,GlenAllen,0e774440-67e4-4817-8f97-24afdbb9d82f,SAMMS-GlenAllenV5
202608191602178952,202608191519595849,202608191519595710,97,5884,P1 Forms E&M Form Pregnancy Bronze - B42D,br_samms_eandm_form_pregnancy,TASK_COMPLETE,SUCCESS,INFO,459,459,0,,2026-08-19T15:20:02.186Z,2026-08-19T16:02:20.903Z,2538,2026-08-19T16:02:20.903Z,B42D,ChesapeakeSouth,0e774440-67e4-4817-8f97-24afdbb9d82f,SAMMS-ChesapeakeSouthV5
202608191602178953,202608191519595850,202608191519595710,97,5885,P1 Forms E&M Form Pregnancy Bronze - B44,br_samms_eandm_form_pregnancy,TASK_COMPLETE,SUCCESS,INFO,196,196,0,,2026-08-19T15:20:02.186Z,2026-08-19T16:02:20.903Z,2538,2026-08-19T16:02:20.903Z,B44,Albany,0e774440-67e4-4817-8f97-24afdbb9d82f,SAMMS-AlbanyV5
202608191602178954,202608191519595851,202608191519595710,97,5886,P1 Forms E&M Form Pregnancy Bronze - B45,br_samms_eandm_form_pregnancy,TASK_COMPLETE,SUCCESS,INFO,326,326,0,,2026-08-19T15:20:02.186Z,2026-08-19T16:02:20.903Z,2538,2026-08-19T16:02:20.903Z,B45,Tifton,0e774440-67e4-4817-8f97-24afdbb9d82f,SAMMS-TiftonV5
202608191602178955,202608191519595852,202608191519595710,97,5887,P1 Forms E&M Form Pregnancy Bronze - B46,br_samms_eandm_form_pregnancy,TASK_COMPLETE,SUCCESS,INFO,727,727,0,,2026-08-19T15:20:02.186Z,2026-08-19T16:02:20.903Z,2538,2026-08-19T16:02:20.903Z,B46,WashingtonDC,0e774440-67e4-4817-8f97-24afdbb9d82f,SAMMS-WashingtonDCv5
202608191602178956,202608191519595853,202608191519595710,97,5888,P1 Forms E&M Form Pregnancy Bronze - B47,br_samms_eandm_form_pregnancy,TASK_COMPLETE,SUCCESS,INFO,398,398,0,,2026-08-19T15:20:02.186Z,2026-08-19T16:02:20.903Z,2538,2026-08-19T16:02:20.903Z,B47,Mobile,0e774440-67e4-4817-8f97-24afdbb9d82f,SAMMS-MobileV5
202608191602178957,202608191519595854,202608191519595710,97,5889,P1 Forms E&M Form Pregnancy Bronze - B48,br_samms_eandm_form_pregnancy,TASK_COMPLETE,SUCCESS,INFO,468,468,0,,2026-08-19T15:20:02.186Z,2026-08-19T16:02:20.903Z,2538,2026-08-19T16:02:20.903Z,B48,Tuscaloosa,0e774440-67e4-4817-8f97-24afdbb9d82f,SAMMS-TuscaloosaV5
202608191602178959,202608191519595855,202608191519595710,97,5890,P1 Forms E&M Form Pregnancy Bronze - B51,br_samms_eandm_form_pregnancy,TASK_COMPLETE,SUCCESS,INFO,318,318,0,,2026-08-19T15:20:02.186Z,2026-08-19T16:02:20.903Z,2538,2026-08-19T16:02:20.903Z,B51,NorthLittleRock,0e774440-67e4-4817-8f97-24afdbb9d82f,SAMMS-NorthLittleRockV6
202608191602178960,202608191519595856,202608191519595710,97,5891,P1 Forms E&M Form Pregnancy Bronze - B52,br_samms_eandm_form_pregnancy,TASK_COMPLETE,SUCCESS,INFO,235,235,0,,2026-08-19T15:20:02.186Z,2026-08-19T16:02:20.903Z,2538,2026-08-19T16:02:20.903Z,B52,JacksonGA,0e774440-67e4-4817-8f97-24afdbb9d82f,SAMMS-JacksonGAV5
202608191602178961,202608191519595857,202608191519595710,97,5892,P1 Forms E&M Form Pregnancy Bronze - B54,br_samms_eandm_form_pregnancy,TASK_COMPLETE,SUCCESS,INFO,414,414,0,,2026-08-19T15:20:02.186Z,2026-08-19T16:02:20.903Z,2538,2026-08-19T16:02:20.903Z,B54,Gadsden,0e774440-67e4-4817-8f97-24afdbb9d82f,SAMMS-GadsdenV5
202608191602178962,202608191519595858,202608191519595710,97,5893,P1 Forms E&M Form Pregnancy Bronze - B55,br_samms_eandm_form_pregnancy,TASK_COMPLETE,SUCCESS,INFO,295,295,0,,2026-08-19T15:20:02.186Z,2026-08-19T16:02:20.903Z,2538,2026-08-19T16:02:20.903Z,B55,Shoals,0e774440-67e4-4817-8f97-24afdbb9d82f,SAMMS-ShoalsV5
202608191602178963,202608191519595859,202608191519595710,97,5894,P1 Forms E&M Form Pregnancy Bronze - B57,br_samms_eandm_form_pregnancy,TASK_COMPLETE,SUCCESS,INFO,152,152,0,,2026-08-19T15:20:02.186Z,2026-08-19T16:02:20.903Z,2538,2026-08-19T16:02:20.903Z,B57,Pawtucket,0e774440-67e4-4817-8f97-24afdbb9d82f,SAMMS-Pawtucket
202608191602178964,202608191519595860,202608191519595710,97,5895,P1 Forms E&M Form Pregnancy Bronze - B57A,br_samms_eandm_form_pregnancy,TASK_COMPLETE,SUCCESS,INFO,171,171,0,,2026-08-19T15:20:02.186Z,2026-08-19T16:02:20.903Z,2538,2026-08-19T16:02:20.903Z,B57A,Johnston,0e774440-67e4-4817-8f97-24afdbb9d82f,SAMMS-Johnston
202608191602178965,202608191519595861,202608191519595710,97,5896,P1 Forms E&M Form Pregnancy Bronze - B57B,br_samms_eandm_form_pregnancy,TASK_COMPLETE,SUCCESS,INFO,71,71,0,,2026-08-19T15:20:02.186Z,2026-08-19T16:02:20.903Z,2538,2026-08-19T16:02:20.903Z,B57B,Middletown,0e774440-67e4-4817-8f97-24afdbb9d82f,SAMMS-Middletown
202608191602178966,202608191519595862,202608191519595710,97,5897,P1 Forms E&M Form Pregnancy Bronze - B57C,br_samms_eandm_form_pregnancy,TASK_COMPLETE,SUCCESS,INFO,130,130,0,,2026-08-19T15:20:02.186Z,2026-08-19T16:02:20.903Z,2538,2026-08-19T16:02:20.903Z,B57C,Providence,0e774440-67e4-4817-8f97-24afdbb9d82f,SAMMS-Providence
202608191602178967,202608191519595863,202608191519595710,97,5898,P1 Forms E&M Form Pregnancy Bronze - B57D,br_samms_eandm_form_pregnancy,TASK_COMPLETE,SUCCESS,INFO,222,222,0,,2026-08-19T15:20:02.186Z,2026-08-19T16:02:20.903Z,2538,2026-08-19T16:02:20.903Z,B57D,Westerly,0e774440-67e4-4817-8f97-24afdbb9d82f,SAMMS-Westerly
202608191602178969,202608191519595864,202608191519595710,97,5899,P1 Forms E&M Form Pregnancy Bronze - B66A,br_samms_eandm_form_pregnancy,TASK_COMPLETE,SUCCESS,INFO,361,361,0,,2026-08-19T15:20:02.186Z,2026-08-19T16:02:20.903Z,2538,2026-08-19T16:02:20.903Z,B66A,Bremen,0e774440-67e4-4817-8f97-24afdbb9d82f,SAMMS-Bremen
202608191602178970,202608191519595865,202608191519595710,97,5900,P1 Forms E&M Form Pregnancy Bronze - B72,br_samms_eandm_form_pregnancy,TASK_COMPLETE,SUCCESS,INFO,569,569,0,,2026-08-19T15:20:02.186Z,2026-08-19T16:02:20.903Z,2538,2026-08-19T16:02:20.903Z,B72,Mobile-OBOT,0e774440-67e4-4817-8f97-24afdbb9d82f,SAMMS-Mobile-OBOT
202608191602178971,202608191519595866,202608191519595710,97,5901,P1 Forms E&M Form Pregnancy Bronze - B73,br_samms_eandm_form_pregnancy,TASK_COMPLETE,SUCCESS,INFO,247,247,0,,2026-08-19T15:20:02.186Z,2026-08-19T16:02:20.903Z,2538,2026-08-19T16:02:20.903Z,B73,Montgomery,0e774440-67e4-4817-8f97-24afdbb9d82f,SAMMS-Montgomery
202608191602178972,202608191519595867,202608191519595710,97,5902,P1 Forms E&M Form Pregnancy Bronze - B75,br_samms_eandm_form_pregnancy,TASK_COMPLETE,SUCCESS,INFO,378,378,0,,2026-08-19T15:20:02.186Z,2026-08-19T16:02:20.903Z,2538,2026-08-19T16:02:20.903Z,B75,Lawrence,0e774440-67e4-4817-8f97-24afdbb9d82f,SAMMS-LawrenceV6
202608191602178973,202608191519595868,202608191519595710,97,5903,P1 Forms E&M Form Pregnancy Bronze - B76,br_samms_eandm_form_pregnancy,TASK_COMPLETE,SUCCESS,INFO,120,120,0,,2026-08-19T15:20:02.186Z,2026-08-19T16:02:20.903Z,2538,2026-08-19T16:02:20.903Z,B76,Huntsville-OBOT,0e774440-67e4-4817-8f97-24afdbb9d82f,SAMMS-Huntsville-OBOT
202608191602178974,202608191519595869,202608191519595710,97,5904,P1 Forms E&M Form Pregnancy Bronze - BAT,br_samms_eandm_form_pregnancy,TASK_COMPLETE,SUCCESS,INFO,329,329,0,,2026-08-19T15:20:02.186Z,2026-08-19T16:02:20.903Z,2538,2026-08-19T16:02:20.903Z,BAT,Batesville,0e774440-67e4-4817-8f97-24afdbb9d82f,SAMMS-Batesville
202608191602178975,202608191519595870,202608191519595710,97,5905,P1 Forms E&M Form Pregnancy Bronze - BG,br_samms_eandm_form_pregnancy,TASK_COMPLETE,SUCCESS,INFO,504,504,0,,2026-08-19T15:20:02.186Z,2026-08-19T16:02:20.903Z,2538,2026-08-19T16:02:20.903Z,BG,BowlingGreen,0e774440-67e4-4817-8f97-24afdbb9d82f,SAMMS-BowlingGreen
202608191602178976,202608191519595871,202608191519595710,97,5906,P1 Forms E&M Form Pregnancy Bronze - BOI,br_samms_eandm_form_pregnancy,TASK_COMPLETE,SUCCESS,INFO,246,246,0,,2026-08-19T15:20:02.186Z,2026-08-19T16:02:20.903Z,2538,2026-08-19T16:02:20.903Z,BOI,Boise,0e774440-67e4-4817-8f97-24afdbb9d82f,SAMMS-Boise
202608191602178977,202608191519595872,202608191519595710,97,5907,P1 Forms E&M Form Pregnancy Bronze - CBCO,br_samms_eandm_form_pregnancy,TASK_COMPLETE,SUCCESS,INFO,351,351,0,,2026-08-19T15:20:02.186Z,2026-08-19T16:02:20.903Z,2538,2026-08-19T16:02:20.903Z,CBCO,CoeurdAlene,0e774440-67e4-4817-8f97-24afdbb9d82f,SAMMS-CoeurdAleneV6
202608191602178978,202608191519595873,202608191519595710,97,5908,P1 Forms E&M Form Pregnancy Bronze - CON,br_samms_eandm_form_pregnancy,TASK_COMPLETE,SUCCESS,INFO,394,394,0,,2026-08-19T15:20:02.186Z,2026-08-19T16:02:20.903Z,2538,2026-08-19T16:02:20.903Z,CON,Conway,0e774440-67e4-4817-8f97-24afdbb9d82f,SAMMS-Conway
202608191602178980,202608191519595874,202608191519595710,97,5909,P1 Forms E&M Form Pregnancy Bronze - D07,br_samms_eandm_form_pregnancy,TASK_COMPLETE,SUCCESS,INFO,1792,1792,0,,2026-08-19T15:20:02.186Z,2026-08-19T16:02:20.903Z,2538,2026-08-19T16:02:20.903Z,D07,Knoxville,0e774440-67e4-4817-8f97-24afdbb9d82f,SAMMS-KnoxvilleV6
202608191602178981,202608191519595875,202608191519595710,97,5910,P1 Forms E&M Form Pregnancy Bronze - D08,br_samms_eandm_form_pregnancy,TASK_COMPLETE,SUCCESS,INFO,1093,1093,0,,2026-08-19T15:20:02.186Z,2026-08-19T16:02:20.903Z,2538,2026-08-19T16:02:20.903Z,D08,Madison,0e774440-67e4-4817-8f97-24afdbb9d82f,SAMMS-MadisonV6
202608191602178982,202608191519595876,202608191519595710,97,5911,P1 Forms E&M Form Pregnancy Bronze - D09,br_samms_eandm_form_pregnancy,TASK_COMPLETE,SUCCESS,INFO,1022,1022,0,,2026-08-19T15:20:02.186Z,2026-08-19T16:02:20.903Z,2538,2026-08-19T16:02:20.903Z,D09,Murfreesboro,0e774440-67e4-4817-8f97-24afdbb9d82f,SAMMS-MurfreesboroV6
202608191602178983,202608191519595877,202608191519595710,97,5912,P1 Forms E&M Form Pregnancy Bronze - DA,br_samms_eandm_form_pregnancy,TASK_COMPLETE,SUCCESS,INFO,220,220,0,,2026-08-19T15:20:02.186Z,2026-08-19T16:02:20.903Z,2538,2026-08-19T16:02:20.903Z,DA,Davenport,0e774440-67e4-4817-8f97-24afdbb9d82f,SAMMS-Davenport
202608191602178984,202608191519595878,202608191519595710,97,5913,P1 Forms E&M Form Pregnancy Bronze - DM,br_samms_eandm_form_pregnancy,TASK_COMPLETE,SUCCESS,INFO,380,380,0,,2026-08-19T15:20:02.186Z,2026-08-19T16:02:20.903Z,2538,2026-08-19T16:02:20.903Z,DM,DesMoines,0e774440-67e4-4817-8f97-24afdbb9d82f,SAMMS-DesMoines
202608191602178985,202608191519595879,202608191519595710,97,5914,P1 Forms E&M Form Pregnancy Bronze - DRD-CO,br_samms_eandm_form_pregnancy,TASK_COMPLETE,SUCCESS,INFO,488,488,0,,2026-08-19T15:20:02.186Z,2026-08-19T16:02:20.903Z,2538,2026-08-19T16:02:20.903Z,DRD-CO,Columbia,0e774440-67e4-4817-8f97-24afdbb9d82f,SAMMS-ColumbiaV5
202608191602178986,202608191519595880,202608191519595710,97,5915,P1 Forms E&M Form Pregnancy Bronze - DRD-KC,br_samms_eandm_form_pregnancy,TASK_COMPLETE,SUCCESS,INFO,673,673,0,,2026-08-19T15:20:02.186Z,2026-08-19T16:02:20.903Z,2538,2026-08-19T16:02:20.903Z,DRD-KC,KC,0e774440-67e4-4817-8f97-24afdbb9d82f,SAMMS-KCv5
202608191602178987,202608191519595881,202608191519595710,97,5916,P1 Forms E&M Form Pregnancy Bronze - DRD-KVB,br_samms_eandm_form_pregnancy,TASK_COMPLETE,SUCCESS,INFO,940,940,0,,2026-08-19T15:20:02.186Z,2026-08-19T16:02:20.903Z,2538,2026-08-19T16:02:20.903Z,DRD-KVB,KVB,0e774440-67e4-4817-8f97-24afdbb9d82f,SAMMS-KVBv5
202608191602178988,202608191519595882,202608191519595710,97,5917,P1 Forms E&M Form Pregnancy Bronze - DRD-KVC,br_samms_eandm_form_pregnancy,TASK_COMPLETE,SUCCESS,INFO,1627,1627,0,,2026-08-19T15:20:02.186Z,2026-08-19T16:02:20.903Z,2538,2026-08-19T16:02:20.903Z,DRD-KVC,KVC,0e774440-67e4-4817-8f97-24afdbb9d82f,SAMMS-KVCv5
202608191602178989,202608191519595883,202608191519595710,97,5918,P1 Forms E&M Form Pregnancy Bronze - DRD-NOLA,br_samms_eandm_form_pregnancy,TASK_COMPLETE,SUCCESS,INFO,1310,1310,0,,2026-08-19T15:20:02.186Z,2026-08-19T16:02:20.903Z,2538,2026-08-19T16:02:20.903Z,DRD-NOLA,NOLA,0e774440-67e4-4817-8f97-24afdbb9d82f,SAMMS-NOLAv5
202608191602178990,202608191519595884,202608191519595710,97,5919,P1 Forms E&M Form Pregnancy Bronze - DRD-SF,br_samms_eandm_form_pregnancy,TASK_COMPLETE,SUCCESS,INFO,348,348,0,,2026-08-19T15:20:02.186Z,2026-08-19T16:02:20.903Z,2538,2026-08-19T16:02:20.903Z,DRD-SF,SF,0e774440-67e4-4817-8f97-24afdbb9d82f,SAMMS-SFv5
202608191602178992,202608191519595885,202608191519595710,97,5920,P1 Forms E&M Form Pregnancy Bronze - ELC,br_samms_eandm_form_pregnancy,TASK_COMPLETE,SUCCESS,INFO,294,294,0,,2026-08-19T15:20:02.186Z,2026-08-19T16:02:20.903Z,2538,2026-08-19T16:02:20.903Z,ELC,ElizabethCity,0e774440-67e4-4817-8f97-24afdbb9d82f,SAMMS-ElizabethCity
202608191602178993,202608191519595886,202608191519595710,97,5921,P1 Forms E&M Form Pregnancy Bronze - ET,br_samms_eandm_form_pregnancy,TASK_COMPLETE,SUCCESS,INFO,443,443,0,,2026-08-19T15:20:02.186Z,2026-08-19T16:02:20.903Z,2538,2026-08-19T16:02:20.903Z,ET,Elizabethtown,0e774440-67e4-4817-8f97-24afdbb9d82f,SAMMS-Elizabethtown
202608191602178994,202608191519595887,202608191519595710,97,5922,P1 Forms E&M Form Pregnancy Bronze - FAY,br_samms_eandm_form_pregnancy,TASK_COMPLETE,SUCCESS,INFO,288,288,0,,2026-08-19T15:20:02.186Z,2026-08-19T16:02:20.903Z,2538,2026-08-19T16:02:20.903Z,FAY,Fayetteville,0e774440-67e4-4817-8f97-24afdbb9d82f,SAMMS-Fayetteville
202608191602178995,202608191519595888,202608191519595710,97,5923,P1 Forms E&M Form Pregnancy Bronze - FR,br_samms_eandm_form_pregnancy,TASK_COMPLETE,SUCCESS,INFO,358,358,0,,2026-08-19T15:20:02.186Z,2026-08-19T16:02:20.903Z,2538,2026-08-19T16:02:20.903Z,FR,Frankfort,0e774440-67e4-4817-8f97-24afdbb9d82f,SAMMS-Frankfort
202608191602178996,202608191519595889,202608191519595710,97,5924,P1 Forms E&M Form Pregnancy Bronze - FS,br_samms_eandm_form_pregnancy,TASK_COMPLETE,SUCCESS,INFO,289,289,0,,2026-08-19T15:20:02.186Z,2026-08-19T16:02:20.903Z,2538,2026-08-19T16:02:20.903Z,FS,FortSmith,0e774440-67e4-4817-8f97-24afdbb9d82f,SAMMS-FortSmith
202608191602178997,202608191519595890,202608191519595710,97,5925,P1 Forms E&M Form Pregnancy Bronze - FW,br_samms_eandm_form_pregnancy,TASK_COMPLETE,SUCCESS,INFO,697,697,0,,2026-08-19T15:20:02.186Z,2026-08-19T16:02:20.903Z,2538,2026-08-19T16:02:20.903Z,FW,FortWayne,0e774440-67e4-4817-8f97-24afdbb9d82f,SAMMS-FortWayne
202608191602178998,202608191519595891,202608191519595710,97,5926,P1 Forms E&M Form Pregnancy Bronze - GAL,br_samms_eandm_form_pregnancy,TASK_COMPLETE,SUCCESS,INFO,162,162,0,,2026-08-19T15:20:02.186Z,2026-08-19T16:02:20.903Z,2538,2026-08-19T16:02:20.903Z,GAL,Gaylord,0e774440-67e4-4817-8f97-24afdbb9d82f,SAMMS-Gaylord
202608191602178999,202608191519595892,202608191519595710,97,5927,P1 Forms E&M Form Pregnancy Bronze - HGT,br_samms_eandm_form_pregnancy,TASK_COMPLETE,SUCCESS,INFO,574,574,0,,2026-08-19T15:20:02.186Z,2026-08-19T16:02:20.903Z,2538,2026-08-19T16:02:20.903Z,HGT,Hagerstown,0e774440-67e4-4817-8f97-24afdbb9d82f,SAMMS-Hagerstown
202608191602179000,202608191519595893,202608191519595710,97,5928,P1 Forms E&M Form Pregnancy Bronze - HNT,br_samms_eandm_form_pregnancy,TASK_COMPLETE,SUCCESS,INFO,498,498,0,,2026-08-19T15:20:02.186Z,2026-08-19T16:02:20.903Z,2538,2026-08-19T16:02:20.903Z,HNT,Huntsville,0e774440-67e4-4817-8f97-24afdbb9d82f,SAMMS-Huntsville
202608191602179001,202608191519595894,202608191519595710,97,5929,P1 Forms E&M Form Pregnancy Bronze - HS,br_samms_eandm_form_pregnancy,TASK_COMPLETE,SUCCESS,INFO,426,426,0,,2026-08-19T15:20:02.186Z,2026-08-19T16:02:20.903Z,2538,2026-08-19T16:02:20.903Z,HS,HotSprings,0e774440-67e4-4817-8f97-24afdbb9d82f,SAMMS-HotSprings
202608191602179002,202608191519595895,202608191519595710,97,5930,P1 Forms E&M Form Pregnancy Bronze - JON,br_samms_eandm_form_pregnancy,TASK_COMPLETE,SUCCESS,INFO,268,268,0,,2026-08-19T15:20:02.186Z,2026-08-19T16:02:20.903Z,2538,2026-08-19T16:02:20.903Z,JON,Jonesboro,0e774440-67e4-4817-8f97-24afdbb9d82f,SAMMS-Jonesboro
202608191602179003,202608191519595896,202608191519595710,97,5931,P1 Forms E&M Form Pregnancy Bronze - LAN,br_samms_eandm_form_pregnancy,TASK_COMPLETE,SUCCESS,INFO,342,342,0,,2026-08-19T15:20:02.186Z,2026-08-19T16:02:20.903Z,2538,2026-08-19T16:02:20.903Z,LAN,Lansing,0e774440-67e4-4817-8f97-24afdbb9d82f,SAMMS-Lansing
202608191602179004,202608191519595897,202608191519595710,97,5932,P1 Forms E&M Form Pregnancy Bronze - LO,br_samms_eandm_form_pregnancy,TASK_COMPLETE,SUCCESS,INFO,733,733,0,,2026-08-19T15:20:02.186Z,2026-08-19T16:02:20.903Z,2538,2026-08-19T16:02:20.903Z,LO,Louisville,0e774440-67e4-4817-8f97-24afdbb9d82f,SAMMS-Louisville
202608191602179006,202608191519595898,202608191519595710,97,5933,P1 Forms E&M Form Pregnancy Bronze - LV1,br_samms_eandm_form_pregnancy,TASK_COMPLETE,SUCCESS,INFO,1178,1178,0,,2026-08-19T15:20:02.186Z,2026-08-19T16:02:20.903Z,2538,2026-08-19T16:02:20.903Z,LV1,Cheyenne,0e774440-67e4-4817-8f97-24afdbb9d82f,SAMMS-Cheyenne
202608191602179007,202608191519595899,202608191519595710,97,5934,P1 Forms E&M Form Pregnancy Bronze - LV2,br_samms_eandm_form_pregnancy,TASK_COMPLETE,SUCCESS,INFO,1000,1000,0,,2026-08-19T15:20:02.186Z,2026-08-19T16:02:20.903Z,2538,2026-08-19T16:02:20.903Z,LV2,DesertInn,0e774440-67e4-4817-8f97-24afdbb9d82f,SAMMS-DesertInn
202608191602179008,202608191519595900,202608191519595710,97,5935,P1 Forms E&M Form Pregnancy Bronze - LV3,br_samms_eandm_form_pregnancy,TASK_COMPLETE,SUCCESS,INFO,343,343,0,,2026-08-19T15:20:02.186Z,2026-08-19T16:02:20.903Z,2538,2026-08-19T16:02:20.903Z,LV3,McDaniel,0e774440-67e4-4817-8f97-24afdbb9d82f,SAMMS-McDaniel
202608191602179009,202608191519595901,202608191519595710,97,5936,P1 Forms E&M Form Pregnancy Bronze - MNRE,br_samms_eandm_form_pregnancy,TASK_COMPLETE,SUCCESS,INFO,254,254,0,,2026-08-19T15:20:02.186Z,2026-08-19T16:02:20.903Z,2538,2026-08-19T16:02:20.903Z,MNRE,Monroe,0e774440-67e4-4817-8f97-24afdbb9d82f,SAMMS-Monroe
202608191602179010,202608191519595902,202608191519595710,97,5937,P1 Forms E&M Form Pregnancy Bronze - MP,br_samms_eandm_form_pregnancy,TASK_COMPLETE,SUCCESS,INFO,321,321,0,,2026-08-19T15:20:02.186Z,2026-08-19T16:02:20.903Z,2538,2026-08-19T16:02:20.903Z,MP,MtPleasant,0e774440-67e4-4817-8f97-24afdbb9d82f,SAMMS-MtPleasant
202608270902094368,202608270902094368,20260827043602,132,13703,Location Retention Gold,LocationRetention,TASK_FAILED,FAILED,ERROR,0,0,1,"An error occurred while calling o12269.synapsesql. : com.microsoft.spark.fabric.tds.write.error.FabricSparkTDSWriteError: Schemas are not equal: Fields in dataframe but missing in Table: StructField(CensusGroups,StringType,true), StructField(CompanyDischarged,IntegerType,true), StructField(CompanyCensus,IntegerType,true), StructField(CompanyRetentionPct,DoubleType,true), StructField(RetentionPct,DoubleType,true) Fields in table but missing in dataframe: StructField(Census Groups,StringType,true), StructField(Company Discharged,IntegerType,true), StructField(Company Census,IntegerType,true), StructField(Company Retention %,IntegerType,true), StructField(Retention %,IntegerType,true)",2026-08-27T09:02:09.436Z,2026-08-27T09:02:31.294Z,21,2026-08-27T09:02:31.294Z,,,3fa64f84-15aa-45fb-9cca-2f2fe48cfae1,
202608212101410198,202608212020690968,202608212020690709,88,4915,P1 Reference Codes Bronze - B46,br_samms_codes,TASK_COMPLETE,SUCCESS,INFO,1672,1672,0,,2026-08-21T20:21:13.701Z,2026-08-21T21:04:00.531Z,2567,2026-08-21T21:04:00.531Z,B46,WashingtonDC,8488c727-7e26-424c-b4ea-f3ce6564dbed,SAMMS-WashingtonDCv5
202608212101410199,202608212020690969,202608212020690709,88,4916,P1 Reference Codes Bronze - B47,br_samms_codes,TASK_COMPLETE,SUCCESS,INFO,1054,1054,0,,2026-08-21T20:21:13.701Z,2026-08-21T21:04:00.531Z,2567,2026-08-21T21:04:00.531Z,B47,Mobile,8488c727-7e26-424c-b4ea-f3ce6564dbed,SAMMS-MobileV5
202608212101410200,202608212020690970,202608212020690709,88,4917,P1 Reference Codes Bronze - B48,br_samms_codes,TASK_COMPLETE,SUCCESS,INFO,1311,1311,0,,2026-08-21T20:21:13.701Z,2026-08-21T21:04:00.531Z,2567,2026-08-21T21:04:00.531Z,B48,Tuscaloosa,8488c727-7e26-424c-b4ea-f3ce6564dbed,SAMMS-TuscaloosaV5
202608212101410202,202608212020690971,202608212020690709,88,4918,P1 Reference Codes Bronze - B51,br_samms_codes,TASK_COMPLETE,SUCCESS,INFO,1328,1328,0,,2026-08-21T20:21:13.701Z,2026-08-21T21:04:00.531Z,2567,2026-08-21T21:04:00.531Z,B51,NorthLittleRock,8488c727-7e26-424c-b4ea-f3ce6564dbed,SAMMS-NorthLittleRockV6
202608212101410203,202608212020690972,202608212020690709,88,4919,P1 Reference Codes Bronze - B52,br_samms_codes,TASK_COMPLETE,SUCCESS,INFO,1265,1265,0,,2026-08-21T20:21:13.701Z,2026-08-21T21:04:00.531Z,2567,2026-08-21T21:04:00.531Z,B52,JacksonGA,8488c727-7e26-424c-b4ea-f3ce6564dbed,SAMMS-JacksonGAV5
202608212101410204,202608212020690973,202608212020690709,88,4920,P1 Reference Codes Bronze - B54,br_samms_codes,TASK_COMPLETE,SUCCESS,INFO,1058,1058,0,,2026-08-21T20:21:13.701Z,2026-08-21T21:04:00.531Z,2567,2026-08-21T21:04:00.531Z,B54,Gadsden,8488c727-7e26-424c-b4ea-f3ce6564dbed,SAMMS-GadsdenV5
202608212101410206,202608212020690974,202608212020690709,88,4921,P1 Reference Codes Bronze - B55,br_samms_codes,TASK_COMPLETE,SUCCESS,INFO,2113,2113,0,,2026-08-21T20:21:13.701Z,2026-08-21T21:04:00.531Z,2567,2026-08-21T21:04:00.531Z,B55,Shoals,8488c727-7e26-424c-b4ea-f3ce6564dbed,SAMMS-ShoalsV5
202608212101410207,202608212020690975,202608212020690709,88,4922,P1 Reference Codes Bronze - B57,br_samms_codes,TASK_COMPLETE,SUCCESS,INFO,2050,2050,0,,2026-08-21T20:21:13.701Z,2026-08-21T21:04:00.531Z,2567,2026-08-21T21:04:00.531Z,B57,Pawtucket,8488c727-7e26-424c-b4ea-f3ce6564dbed,SAMMS-Pawtucket
202608212101410209,202608212020690976,202608212020690709,88,4923,P1 Reference Codes Bronze - B57A,br_samms_codes,TASK_COMPLETE,SUCCESS,INFO,1306,1306,0,,2026-08-21T20:21:13.701Z,2026-08-21T21:04:00.531Z,2567,2026-08-21T21:04:00.531Z,B57A,Johnston,8488c727-7e26-424c-b4ea-f3ce6564dbed,SAMMS-Johnston
202608212101410210,202608212020690977,202608212020690709,88,4924,P1 Reference Codes Bronze - B57B,br_samms_codes,TASK_COMPLETE,SUCCESS,INFO,1272,1272,0,,2026-08-21T20:21:13.701Z,2026-08-21T21:04:00.531Z,2567,2026-08-21T21:04:00.531Z,B57B,Middletown,8488c727-7e26-424c-b4ea-f3ce6564dbed,SAMMS-Middletown
202608212101410212,202608212020690978,202608212020690709,88,4925,P1 Reference Codes Bronze - B57C,br_samms_codes,TASK_COMPLETE,SUCCESS,INFO,989,989,0,,2026-08-21T20:21:13.701Z,2026-08-21T21:04:00.531Z,2567,2026-08-21T21:04:00.531Z,B57C,Providence,8488c727-7e26-424c-b4ea-f3ce6564dbed,SAMMS-Providence
202608212101410213,202608212020690979,202608212020690709,88,4926,P1 Reference Codes Bronze - B57D,br_samms_codes,TASK_COMPLETE,SUCCESS,INFO,1506,1506,0,,2026-08-21T20:21:13.701Z,2026-08-21T21:04:00.531Z,2567,2026-08-21T21:04:00.531Z,B57D,Westerly,8488c727-7e26-424c-b4ea-f3ce6564dbed,SAMMS-Westerly
202608212101410215,202608212020690980,202608212020690709,88,4927,P1 Reference Codes Bronze - B66A,br_samms_codes,TASK_COMPLETE,SUCCESS,INFO,1050,1050,0,,2026-08-21T20:21:13.701Z,2026-08-21T21:04:00.531Z,2567,2026-08-21T21:04:00.531Z,B66A,Bremen,8488c727-7e26-424c-b4ea-f3ce6564dbed,SAMMS-Bremen
202608212101410216,202608212020690981,202608212020690709,88,4928,P1 Reference Codes Bronze - B72,br_samms_codes,TASK_COMPLETE,SUCCESS,INFO,893,893,0,,2026-08-21T20:21:13.701Z,2026-08-21T21:04:00.531Z,2567,2026-08-21T21:04:00.531Z,B72,Mobile-OBOT,8488c727-7e26-424c-b4ea-f3ce6564dbed,SAMMS-Mobile-OBOT
202608212101410218,202608212020690982,202608212020690709,88,4929,P1 Reference Codes Bronze - B73,br_samms_codes,TASK_COMPLETE,SUCCESS,INFO,893,893,0,,2026-08-21T20:21:13.701Z,2026-08-21T21:04:00.531Z,2567,2026-08-21T21:04:00.531Z,B73,Montgomery,8488c727-7e26-424c-b4ea-f3ce6564dbed,SAMMS-Montgomery
202608212101410219,202608212020690983,202608212020690709,88,4930,P1 Reference Codes Bronze - B75,br_samms_codes,TASK_COMPLETE,SUCCESS,INFO,1047,1047,0,,2026-08-21T20:21:13.701Z,2026-08-21T21:04:00.531Z,2567,2026-08-21T21:04:00.531Z,B75,Lawrence,8488c727-7e26-424c-b4ea-f3ce6564dbed,SAMMS-LawrenceV6
202608212101410221,202608212020690984,202608212020690709,88,4931,P1 Reference Codes Bronze - B76,br_samms_codes,TASK_COMPLETE,SUCCESS,INFO,895,895,0,,2026-08-21T20:21:13.701Z,2026-08-21T21:04:00.531Z,2567,2026-08-21T21:04:00.531Z,B76,Huntsville-OBOT,8488c727-7e26-424c-b4ea-f3ce6564dbed,SAMMS-Huntsville-OBOT
202608212101410222,202608212020690985,202608212020690709,88,4932,P1 Reference Codes Bronze - BAT,br_samms_codes,TASK_COMPLETE,SUCCESS,INFO,1010,1010,0,,2026-08-21T20:21:13.701Z,2026-08-21T21:04:00.531Z,2567,2026-08-21T21:04:00.531Z,BAT,Batesville,8488c727-7e26-424c-b4ea-f3ce6564dbed,SAMMS-Batesville
202608212101410224,202608212020690986,202608212020690709,88,4933,P1 Reference Codes Bronze - BG,br_samms_codes,TASK_COMPLETE,SUCCESS,INFO,1153,1153,0,,2026-08-21T20:21:13.701Z,2026-08-21T21:04:00.531Z,2567,2026-08-21T21:04:00.531Z,BG,BowlingGreen,8488c727-7e26-424c-b4ea-f3ce6564dbed,SAMMS-BowlingGreen
202608212101410225,202608212020690987,202608212020690709,88,4934,P1 Reference Codes Bronze - BOI,br_samms_codes,TASK_COMPLETE,SUCCESS,INFO,1134,1134,0,,2026-08-21T20:21:13.701Z,2026-08-21T21:04:00.531Z,2567,2026-08-21T21:04:00.531Z,BOI,Boise,8488c727-7e26-424c-b4ea-f3ce6564dbed,SAMMS-Boise
202608212101410227,202608212020690988,202608212020690709,88,4935,P1 Reference Codes Bronze - CBCO,br_samms_codes,TASK_COMPLETE,SUCCESS,INFO,1003,1003,0,,2026-08-21T20:21:13.701Z,2026-08-21T21:04:00.531Z,2567,2026-08-21T21:04:00.531Z,CBCO,CoeurdAlene,8488c727-7e26-424c-b4ea-f3ce6564dbed,SAMMS-CoeurdAleneV6
202608212101410228,202608212020690989,202608212020690709,88,4936,P1 Reference Codes Bronze - CON,br_samms_codes,TASK_COMPLETE,SUCCESS,INFO,1012,1012,0,,2026-08-21T20:21:13.701Z,2026-08-21T21:04:00.531Z,2567,2026-08-21T21:04:00.531Z,CON,Conway,8488c727-7e26-424c-b4ea-f3ce6564dbed,SAMMS-Conway
202608212101410230,202608212020690990,202608212020690709,88,4937,P1 Reference Codes Bronze - D07,br_samms_codes,TASK_COMPLETE,SUCCESS,INFO,1013,1013,0,,2026-08-21T20:21:13.701Z,2026-08-21T21:04:00.531Z,2567,2026-08-21T21:04:00.531Z,D07,Knoxville,8488c727-7e26-424c-b4ea-f3ce6564dbed,SAMMS-KnoxvilleV6
202608212101410231,202608212020690991,202608212020690709,88,4938,P1 Reference Codes Bronze - D08,br_samms_codes,TASK_COMPLETE,SUCCESS,INFO,1104,1104,0,,2026-08-21T20:21:13.701Z,2026-08-21T21:04:00.531Z,2567,2026-08-21T21:04:00.531Z,D08,Madison,8488c727-7e26-424c-b4ea-f3ce6564dbed,SAMMS-MadisonV6
202608212101410233,202608212020690992,202608212020690709,88,4939,P1 Reference Codes Bronze - D09,br_samms_codes,TASK_COMPLETE,SUCCESS,INFO,1105,1105,0,,2026-08-21T20:21:13.701Z,2026-08-21T21:04:00.531Z,2567,2026-08-21T21:04:00.531Z,D09,Murfreesboro,8488c727-7e26-424c-b4ea-f3ce6564dbed,SAMMS-MurfreesboroV6
202608212101410234,202608212020690993,202608212020690709,88,4940,P1 Reference Codes Bronze - DA,br_samms_codes,TASK_COMPLETE,SUCCESS,INFO,1107,1107,0,,2026-08-21T20:21:13.701Z,2026-08-21T21:04:00.531Z,2567,2026-08-21T21:04:00.531Z,DA,Davenport,8488c727-7e26-424c-b4ea-f3ce6564dbed,SAMMS-Davenport
202608212101410236,202608212020690994,202608212020690709,88,4941,P1 Reference Codes Bronze - DM,br_samms_codes,TASK_COMPLETE,SUCCESS,INFO,1101,1101,0,,2026-08-21T20:21:13.701Z,2026-08-21T21:04:00.531Z,2567,2026-08-21T21:04:00.531Z,DM,DesMoines,8488c727-7e26-424c-b4ea-f3ce6564dbed,SAMMS-DesMoines
202608212101410237,202608212020690995,202608212020690709,88,4942,P1 Reference Codes Bronze - DRD-CO,br_samms_codes,TASK_COMPLETE,SUCCESS,INFO,1287,1287,0,,2026-08-21T20:21:13.701Z,2026-08-21T21:04:00.531Z,2567,2026-08-21T21:04:00.531Z,DRD-CO,Columbia,8488c727-7e26-424c-b4ea-f3ce6564dbed,SAMMS-ColumbiaV5
202608212101410239,202608212020690996,202608212020690709,88,4943,P1 Reference Codes Bronze - DRD-KC,br_samms_codes,TASK_COMPLETE,SUCCESS,INFO,1122,1122,0,,2026-08-21T20:21:13.701Z,2026-08-21T21:04:00.531Z,2567,2026-08-21T21:04:00.531Z,DRD-KC,KC,8488c727-7e26-424c-b4ea-f3ce6564dbed,SAMMS-KCv5
202608212101410241,202608212020690997,202608212020690709,88,4944,P1 Reference Codes Bronze - DRD-KVB,br_samms_codes,TASK_COMPLETE,SUCCESS,INFO,4165,4165,0,,2026-08-21T20:21:13.701Z,2026-08-21T21:04:00.531Z,2567,2026-08-21T21:04:00.531Z,DRD-KVB,KVB,8488c727-7e26-424c-b4ea-f3ce6564dbed,SAMMS-KVBv5
202608212101410242,202608212020690998,202608212020690709,88,4945,P1 Reference Codes Bronze - DRD-KVC,br_samms_codes,TASK_COMPLETE,SUCCESS,INFO,3520,3520,0,,2026-08-21T20:21:13.701Z,2026-08-21T21:04:00.531Z,2567,2026-08-21T21:04:00.531Z,DRD-KVC,KVC,8488c727-7e26-424c-b4ea-f3ce6564dbed,SAMMS-KVCv5
202608212101410244,202608212020690999,202608212020690709,88,4946,P1 Reference Codes Bronze - DRD-NOLA,br_samms_codes,TASK_COMPLETE,SUCCESS,INFO,2432,2432,0,,2026-08-21T20:21:13.701Z,2026-08-21T21:04:00.531Z,2567,2026-08-21T21:04:00.531Z,DRD-NOLA,NOLA,8488c727-7e26-424c-b4ea-f3ce6564dbed,SAMMS-NOLAv5
202608212101410246,202608212020691000,202608212020690709,88,4947,P1 Reference Codes Bronze - DRD-SF,br_samms_codes,TASK_COMPLETE,SUCCESS,INFO,1274,1274,0,,2026-08-21T20:21:13.701Z,2026-08-21T21:04:00.531Z,2567,2026-08-21T21:04:00.531Z,DRD-SF,SF,8488c727-7e26-424c-b4ea-f3ce6564dbed,SAMMS-SFv5
202608212101410247,202608212020691001,202608212020690709,88,4948,P1 Reference Codes Bronze - ELC,br_samms_codes,TASK_COMPLETE,SUCCESS,INFO,1080,1080,0,,2026-08-21T20:21:13.701Z,2026-08-21T21:04:00.531Z,2567,2026-08-21T21:04:00.531Z,ELC,ElizabethCity,8488c727-7e26-424c-b4ea-f3ce6564dbed,SAMMS-ElizabethCity
202608212101410249,202608212020691002,202608212020690709,88,4949,P1 Reference Codes Bronze - ET,br_samms_codes,TASK_COMPLETE,SUCCESS,INFO,1122,1122,0,,2026-08-21T20:21:13.701Z,2026-08-21T21:04:00.531Z,2567,2026-08-21T21:04:00.531Z,ET,Elizabethtown,8488c727-7e26-424c-b4ea-f3ce6564dbed,SAMMS-Elizabethtown
202608212101410251,202608212020691003,202608212020690709,88,4950,P1 Reference Codes Bronze - FAY,br_samms_codes,TASK_COMPLETE,SUCCESS,INFO,1011,1011,0,,2026-08-21T20:21:13.701Z,2026-08-21T21:04:00.531Z,2567,2026-08-21T21:04:00.531Z,FAY,Fayetteville,8488c727-7e26-424c-b4ea-f3ce6564dbed,SAMMS-Fayetteville
202608212101410252,202608212020691004,202608212020690709,88,4951,P1 Reference Codes Bronze - FR,br_samms_codes,TASK_COMPLETE,SUCCESS,INFO,1123,1123,0,,2026-08-21T20:21:13.701Z,2026-08-21T21:04:00.531Z,2567,2026-08-21T21:04:00.531Z,FR,Frankfort,8488c727-7e26-424c-b4ea-f3ce6564dbed,SAMMS-Frankfort
202608212101410254,202608212020691005,202608212020690709,88,4952,P1 Reference Codes Bronze - FS,br_samms_codes,TASK_COMPLETE,SUCCESS,INFO,1011,1011,0,,2026-08-21T20:21:13.701Z,2026-08-21T21:04:00.531Z,2567,2026-08-21T21:04:00.531Z,FS,FortSmith,8488c727-7e26-424c-b4ea-f3ce6564dbed,SAMMS-FortSmith
202608212101410255,202608212020691006,202608212020690709,88,4953,P1 Reference Codes Bronze - FW,br_samms_codes,TASK_COMPLETE,SUCCESS,INFO,1058,1058,0,,2026-08-21T20:21:13.701Z,2026-08-21T21:04:00.531Z,2567,2026-08-21T21:04:00.531Z,FW,FortWayne,8488c727-7e26-424c-b4ea-f3ce6564dbed,SAMMS-FortWayne
202608212101410257,202608212020691007,202608212020690709,88,4954,P1 Reference Codes Bronze - GAL,br_samms_codes,TASK_COMPLETE,SUCCESS,INFO,1069,1069,0,,2026-08-21T20:21:13.701Z,2026-08-21T21:04:00.531Z,2567,2026-08-21T21:04:00.531Z,GAL,Gaylord,8488c727-7e26-424c-b4ea-f3ce6564dbed,SAMMS-Gaylord
202608212101410259,202608212020691008,202608212020690709,88,4955,P1 Reference Codes Bronze - HGT,br_samms_codes,TASK_COMPLETE,SUCCESS,INFO,997,997,0,,2026-08-21T20:21:13.701Z,2026-08-21T21:04:00.531Z,2567,2026-08-21T21:04:00.531Z,HGT,Hagerstown,8488c727-7e26-424c-b4ea-f3ce6564dbed,SAMMS-Hagerstown
202608212101410261,202608212020691009,202608212020690709,88,4956,P1 Reference Codes Bronze - HNT,br_samms_codes,TASK_COMPLETE,SUCCESS,INFO,3457,3457,0,,2026-08-21T20:21:13.701Z,2026-08-21T21:04:00.531Z,2567,2026-08-21T21:04:00.531Z,HNT,Huntsville,8488c727-7e26-424c-b4ea-f3ce6564dbed,SAMMS-Huntsville
202608212101410262,202608212020691010,202608212020690709,88,4957,P1 Reference Codes Bronze - HS,br_samms_codes,TASK_COMPLETE,SUCCESS,INFO,1014,1014,0,,2026-08-21T20:21:13.701Z,2026-08-21T21:04:00.531Z,2567,2026-08-21T21:04:00.531Z,HS,HotSprings,8488c727-7e26-424c-b4ea-f3ce6564dbed,SAMMS-HotSprings
202608212101410264,202608212020691011,202608212020690709,88,4958,P1 Reference Codes Bronze - JON,br_samms_codes,TASK_COMPLETE,SUCCESS,INFO,1016,1016,0,,2026-08-21T20:21:13.701Z,2026-08-21T21:04:00.531Z,2567,2026-08-21T21:04:00.531Z,JON,Jonesboro,8488c727-7e26-424c-b4ea-f3ce6564dbed,SAMMS-Jonesboro
202608212101410266,202608212020691012,202608212020690709,88,8603,P1 Reference Codes Bronze - LAB,br_samms_codes,TASK_COMPLETE,SUCCESS,INFO,432,432,0,,2026-08-21T20:21:13.701Z,2026-08-21T21:04:00.531Z,2567,2026-08-21T21:04:00.531Z,LAB,Lab,8488c727-7e26-424c-b4ea-f3ce6564dbed,SAMMS-LabV5-V2
202608212101410268,202608212020691013,202608212020690709,88,4959,P1 Reference Codes Bronze - LAN,br_samms_codes,TASK_COMPLETE,SUCCESS,INFO,1047,1047,0,,2026-08-21T20:21:13.701Z,2026-08-21T21:04:00.531Z,2567,2026-08-21T21:04:00.531Z,LAN,Lansing,8488c727-7e26-424c-b4ea-f3ce6564dbed,SAMMS-Lansing
202608212101410269,202608212020691014,202608212020690709,88,4960,P1 Reference Codes Bronze - LO,br_samms_codes,TASK_COMPLETE,SUCCESS,INFO,1101,1101,0,,2026-08-21T20:21:13.701Z,2026-08-21T21:04:00.531Z,2567,2026-08-21T21:04:00.531Z,LO,Louisville,8488c727-7e26-424c-b4ea-f3ce6564dbed,SAMMS-Louisville
202608212101410271,202608212020691015,202608212020690709,88,4961,P1 Reference Codes Bronze - LV1,br_samms_codes,TASK_COMPLETE,SUCCESS,INFO,993,993,0,,2026-08-21T20:21:13.701Z,2026-08-21T21:04:00.531Z,2567,2026-08-21T21:04:00.531Z,LV1,Cheyenne,8488c727-7e26-424c-b4ea-f3ce6564dbed,SAMMS-Cheyenne
202608212101410273,202608212020691016,202608212020690709,88,4962,P1 Reference Codes Bronze - LV2,br_samms_codes,TASK_COMPLETE,SUCCESS,INFO,1003,1003,0,,2026-08-21T20:21:13.701Z,2026-08-21T21:04:00.531Z,2567,2026-08-21T21:04:00.531Z,LV2,DesertInn,8488c727-7e26-424c-b4ea-f3ce6564dbed,SAMMS-DesertInn
202608212101410275,202608212020691017,202608212020690709,88,4963,P1 Reference Codes Bronze - LV3,br_samms_codes,TASK_COMPLETE,SUCCESS,INFO,990,990,0,,2026-08-21T20:21:13.701Z,2026-08-21T21:04:00.531Z,2567,2026-08-21T21:04:00.531Z,LV3,McDaniel,8488c727-7e26-424c-b4ea-f3ce6564dbed,SAMMS-McDaniel
202608212101410277,202608212020691018,202608212020690709,88,4964,P1 Reference Codes Bronze - MNRE,br_samms_codes,TASK_COMPLETE,SUCCESS,INFO,1013,1013,0,,2026-08-21T20:21:13.701Z,2026-08-21T21:04:00.531Z,2567,2026-08-21T21:04:00.531Z,MNRE,Monroe,8488c727-7e26-424c-b4ea-f3ce6564dbed,SAMMS-Monroe
202608212101410278,202608212020691019,202608212020690709,88,4965,P1 Reference Codes Bronze - MP,br_samms_codes,TASK_COMPLETE,SUCCESS,INFO,1056,1056,0,,2026-08-21T20:21:13.701Z,2026-08-21T21:04:00.531Z,2567,2026-08-21T21:04:00.531Z,MP,MtPleasant,8488c727-7e26-424c-b4ea-f3ce6564dbed,SAMMS-MtPleasant
202608212101410280,202608212020691020,202608212020690709,88,4966,P1 Reference Codes Bronze - MRD,br_samms_codes,TASK_COMPLETE,SUCCESS,INFO,1154,1154,0,,2026-08-21T20:21:13.701Z,2026-08-21T21:04:00.531Z,2567,2026-08-21T21:04:00.531Z,MRD,Meridian,8488c727-7e26-424c-b4ea-f3ce6564dbed,SAMMS-Meridian
202608212101410282,202608212020691021,202608212020690709,88,4967,P1 Reference Codes Bronze - NC,br_samms_codes,TASK_COMPLETE,SUCCESS,INFO,1037,1037,0,,2026-08-21T20:21:13.701Z,2026-08-21T21:04:00.531Z,2567,2026-08-21T21:04:00.531Z,NC,NorthCharleston,8488c727-7e26-424c-b4ea-f3ce6564dbed,SAMMS-NorthCharleston
202608212101410284,202608212020691022,202608212020690709,88,4968,P1 Reference Codes Bronze - NLR,br_samms_codes,TASK_COMPLETE,SUCCESS,INFO,1017,1017,0,,2026-08-21T20:21:13.701Z,2026-08-21T21:04:00.531Z,2567,2026-08-21T21:04:00.531Z,NLR,NLROBOT,8488c727-7e26-424c-b4ea-f3ce6564dbed,SAMMS-NLROBOT
202608212101410285,202608212020691023,202608212020690709,88,4969,P1 Reference Codes Bronze - PH,br_samms_codes,TASK_COMPLETE,SUCCESS,INFO,946,946,0,,2026-08-21T20:21:13.701Z,2026-08-21T21:04:00.531Z,2567,2026-08-21T21:04:00.531Z,PH,Phoenix,8488c727-7e26-424c-b4ea-f3ce6564dbed,SAMMS-Phoenix
202608212101410287,202608212020691024,202608212020690709,88,4970,P1 Reference Codes Bronze - RE,br_samms_codes,TASK_COMPLETE,SUCCESS,INFO,957,957,0,,2026-08-21T20:21:13.701Z,2026-08-21T21:04:00.531Z,2567,2026-08-21T21:04:00.531Z,RE,Reno,8488c727-7e26-424c-b4ea-f3ce6564dbed,SAMMS-Reno
202608212101410289,202608212020691025,202608212020690709,88,4971,P1 Reference Codes Bronze - RMD,br_samms_codes,TASK_COMPLETE,SUCCESS,INFO,1139,1139,0,,2026-08-21T20:21:13.701Z,2026-08-21T21:04:00.531Z,2567,2026-08-21T21:04:00.531Z,RMD,Richmond,8488c727-7e26-424c-b4ea-f3ce6564dbed,SAMMS-Richmond
202608212101410291,202608212020691026,202608212020690709,88,4972,P1 Reference Codes Bronze - SFN,br_samms_codes,TASK_COMPLETE,SUCCESS,INFO,1119,1119,0,,2026-08-21T20:21:13.701Z,2026-08-21T21:04:00.531Z,2567,2026-08-21T21:04:00.531Z,SFN,SFN,8488c727-7e26-424c-b4ea-f3ce6564dbed,SAMMS-SFNv5
202608212101410293,202608212020691027,202608212020690709,88,4973,P1 Reference Codes Bronze - SHP,br_samms_codes,TASK_COMPLETE,SUCCESS,INFO,1056,1056,0,,2026-08-21T20:21:13.701Z,2026-08-21T21:04:00.531Z,2567,2026-08-21T21:04:00.531Z,SHP,Shreveport,8488c727-7e26-424c-b4ea-f3ce6564dbed,SAMMS-Shreveport
202608212101410295,202608212020691028,202608212020690709,88,4974,P1 Reference Codes Bronze - STN,br_samms_codes,TASK_COMPLETE,SUCCESS,INFO,1421,1421,0,,2026-08-21T20:21:13.701Z,2026-08-21T21:04:00.531Z,2567,2026-08-21T21:04:00.531Z,STN,Staunton,8488c727-7e26-424c-b4ea-f3ce6564dbed,SAMMS-Staunton
202608212101410297,202608212020691029,202608212020690709,88,4975,P1 Reference Codes Bronze - STVN,br_samms_codes,TASK_COMPLETE,SUCCESS,INFO,1082,1082,0,,2026-08-21T20:21:13.701Z,2026-08-21T21:04:00.531Z,2567,2026-08-21T21:04:00.531Z,STVN,Stevenson,8488c727-7e26-424c-b4ea-f3ce6564dbed,SAMMS-Stevenson
202608212101410299,202608212020691030,202608212020690709,88,4976,P1 Reference Codes Bronze - TE,br_samms_codes,TASK_COMPLETE,SUCCESS,INFO,958,958,0,,2026-08-21T20:21:13.701Z,2026-08-21T21:04:00.531Z,2567,2026-08-21T21:04:00.531Z,TE,Tempe,8488c727-7e26-424c-b4ea-f3ce6564dbed,SAMMS-Tempe
202608212101410301,202608212020691031,202608212020690709,88,4977,P1 Reference Codes Bronze - TEX,br_samms_codes,TASK_COMPLETE,SUCCESS,INFO,1014,1014,0,,2026-08-21T20:21:13.701Z,2026-08-21T21:04:00.531Z,2567,2026-08-21T21:04:00.531Z,TEX,Texarkana,8488c727-7e26-424c-b4ea-f3ce6564dbed,SAMMS-Texarkana
202608212101410302,202608212020691032,202608212020690709,88,4978,P1 Reference Codes Bronze - TTCA,br_samms_codes,TASK_COMPLETE,SUCCESS,INFO,2454,2454,0,,2026-08-21T20:21:13.701Z,2026-08-21T21:04:00.531Z,2567,2026-08-21T21:04:00.531Z,TTCA,Bessemer,8488c727-7e26-424c-b4ea-f3ce6564dbed,SAMMS-BessemerV5
202608200219257827,202608200029237073,202608200029237018,85,2164,Bronze INV,br_InvType,TASK_COMPLETE,FAILED,ERROR,7,7,1,SaveInvTypes Bronze ForEach failed,2026-08-20T00:29:28.539Z,2026-08-20T02:40:07.937Z,7839,2026-08-20T02:40:07.937Z,DRD-KC,KC,2e0eb052-bb28-45b1-894f-8dc0851c56cc,SAMMS-KCv5
202608200219257828,202608200029237074,202608200029237018,85,2165,Bronze INV,br_InvType,TASK_COMPLETE,FAILED,ERROR,8,8,1,SaveInvTypes Bronze ForEach failed,2026-08-20T00:29:28.539Z,2026-08-20T02:40:07.937Z,7839,2026-08-20T02:40:07.937Z,DRD-KVB,KVB,2e0eb052-bb28-45b1-894f-8dc0851c56cc,SAMMS-KVBv5
202608200219257829,202608200029237075,202608200029237018,85,2166,Bronze INV,br_InvType,TASK_COMPLETE,FAILED,ERROR,9,9,1,SaveInvTypes Bronze ForEach failed,2026-08-20T00:29:28.539Z,2026-08-20T02:40:07.937Z,7839,2026-08-20T02:40:07.937Z,DRD-KVC,KVC,2e0eb052-bb28-45b1-894f-8dc0851c56cc,SAMMS-KVCv5
202608200219257830,202608200029237076,202608200029237018,85,2167,Bronze INV,br_InvType,TASK_COMPLETE,FAILED,ERROR,7,7,1,SaveInvTypes Bronze ForEach failed,2026-08-20T00:29:28.539Z,2026-08-20T02:40:07.937Z,7839,2026-08-20T02:40:07.937Z,DRD-NOLA,NOLA,2e0eb052-bb28-45b1-894f-8dc0851c56cc,SAMMS-NOLAv5
202608200219257831,202608200029237077,202608200029237018,85,2168,Bronze INV,br_InvType,TASK_COMPLETE,FAILED,ERROR,7,7,1,SaveInvTypes Bronze ForEach failed,2026-08-20T00:29:28.539Z,2026-08-20T02:40:07.937Z,7839,2026-08-20T02:40:07.937Z,DRD-SF,Springfield,2e0eb052-bb28-45b1-894f-8dc0851c56cc,SAMMS-SFv5
202608200219257833,202608200029237078,202608200029237018,85,2170,Bronze INV,br_InvType,TASK_COMPLETE,FAILED,ERROR,7,7,1,SaveInvTypes Bronze ForEach failed,2026-08-20T00:29:28.539Z,2026-08-20T02:40:07.937Z,7839,2026-08-20T02:40:07.937Z,ELC,Elizabeth City,2e0eb052-bb28-45b1-894f-8dc0851c56cc,SAMMS-ElizabethCity
202608200219257834,202608200029237079,202608200029237018,85,2171,Bronze INV,br_InvType,TASK_COMPLETE,FAILED,ERROR,7,7,1,SaveInvTypes Bronze ForEach failed,2026-08-20T00:29:28.539Z,2026-08-20T02:40:07.937Z,7839,2026-08-20T02:40:07.937Z,ET,Elizabethtown,2e0eb052-bb28-45b1-894f-8dc0851c56cc,SAMMS-Elizabethtown
202608200219257835,202608200029237080,202608200029237018,85,2172,Bronze INV,br_InvType,TASK_COMPLETE,FAILED,ERROR,7,7,1,SaveInvTypes Bronze ForEach failed,2026-08-20T00:29:28.539Z,2026-08-20T02:40:07.937Z,7839,2026-08-20T02:40:07.937Z,FAY,Fayetteville,2e0eb052-bb28-45b1-894f-8dc0851c56cc,SAMMS-Fayetteville
202608200219257836,202608200029237081,202608200029237018,85,2173,Bronze INV,br_InvType,TASK_COMPLETE,FAILED,ERROR,7,7,1,SaveInvTypes Bronze ForEach failed,2026-08-20T00:29:28.539Z,2026-08-20T02:40:07.937Z,7839,2026-08-20T02:40:07.937Z,FR,Frankfort,2e0eb052-bb28-45b1-894f-8dc0851c56cc,SAMMS-Frankfort
202608200219257837,202608200029237082,202608200029237018,85,2174,Bronze INV,br_InvType,TASK_COMPLETE,FAILED,ERROR,7,7,1,SaveInvTypes Bronze ForEach failed,2026-08-20T00:29:28.539Z,2026-08-20T02:40:07.937Z,7839,2026-08-20T02:40:07.937Z,FS,Fort Smith,2e0eb052-bb28-45b1-894f-8dc0851c56cc,SAMMS-FortSmith
202608200219257838,202608200029237083,202608200029237018,85,2175,Bronze INV,br_InvType,TASK_COMPLETE,FAILED,ERROR,7,7,1,SaveInvTypes Bronze ForEach failed,2026-08-20T00:29:28.539Z,2026-08-20T02:40:07.937Z,7839,2026-08-20T02:40:07.937Z,FW,Fort Wayne,2e0eb052-bb28-45b1-894f-8dc0851c56cc,SAMMS-FortWayne
202608200219257839,202608200029237084,202608200029237018,85,2176,Bronze INV,br_InvType,TASK_COMPLETE,FAILED,ERROR,7,7,1,SaveInvTypes Bronze ForEach failed,2026-08-20T00:29:28.539Z,2026-08-20T02:40:07.937Z,7839,2026-08-20T02:40:07.937Z,GAL,Gaylord,2e0eb052-bb28-45b1-894f-8dc0851c56cc,SAMMS-Gaylord
202608200219257840,202608200029237085,202608200029237018,85,2180,Bronze INV,br_InvType,TASK_COMPLETE,FAILED,ERROR,4,4,1,SaveInvTypes Bronze ForEach failed,2026-08-20T00:29:28.539Z,2026-08-20T02:40:07.937Z,7839,2026-08-20T02:40:07.937Z,HGT,Hagerstown,2e0eb052-bb28-45b1-894f-8dc0851c56cc,SAMMS-Hagerstown
202608200219257841,202608200029237086,202608200029237018,85,2181,Bronze INV,br_InvType,TASK_COMPLETE,FAILED,ERROR,5,5,1,SaveInvTypes Bronze ForEach failed,2026-08-20T00:29:28.539Z,2026-08-20T02:40:07.937Z,7839,2026-08-20T02:40:07.937Z,HNT,Huntsville,2e0eb052-bb28-45b1-894f-8dc0851c56cc,SAMMS-Huntsville
202608200219257842,202608200029237087,202608200029237018,85,2182,Bronze INV,br_InvType,TASK_COMPLETE,FAILED,ERROR,7,7,1,SaveInvTypes Bronze ForEach failed,2026-08-20T00:29:28.539Z,2026-08-20T02:40:07.937Z,7839,2026-08-20T02:40:07.937Z,HS,Hot Springs,2e0eb052-bb28-45b1-894f-8dc0851c56cc,SAMMS-HotSprings
202608200219257844,202608200029237088,202608200029237018,85,2183,Bronze INV,br_InvType,TASK_COMPLETE,FAILED,ERROR,7,7,1,SaveInvTypes Bronze ForEach failed,2026-08-20T00:29:28.539Z,2026-08-20T02:40:07.937Z,7839,2026-08-20T02:40:07.937Z,JON,Jonesboro,2e0eb052-bb28-45b1-894f-8dc0851c56cc,SAMMS-Jonesboro
202608200219257845,202608200029237089,202608200029237018,85,2185,Bronze INV,br_InvType,TASK_COMPLETE,FAILED,ERROR,7,7,1,SaveInvTypes Bronze ForEach failed,2026-08-20T00:29:28.539Z,2026-08-20T02:40:07.937Z,7839,2026-08-20T02:40:07.937Z,LAN,Lansing,2e0eb052-bb28-45b1-894f-8dc0851c56cc,SAMMS-Lansing
202608200219257846,202608200029237090,202608200029237018,85,2186,Bronze INV,br_InvType,TASK_COMPLETE,FAILED,ERROR,7,7,1,SaveInvTypes Bronze ForEach failed,2026-08-20T00:29:28.539Z,2026-08-20T02:40:07.937Z,7839,2026-08-20T02:40:07.937Z,LO,Louisville,2e0eb052-bb28-45b1-894f-8dc0851c56cc,SAMMS-Louisville
202608200219257847,202608200029237091,202608200029237018,85,2187,Bronze INV,br_InvType,TASK_COMPLETE,FAILED,ERROR,7,7,1,SaveInvTypes Bronze ForEach failed,2026-08-20T00:29:28.539Z,2026-08-20T02:40:07.937Z,7839,2026-08-20T02:40:07.937Z,LV1,Cheyenne,2e0eb052-bb28-45b1-894f-8dc0851c56cc,SAMMS-Cheyenne
202608200219257848,202608200029237092,202608200029237018,85,2188,Bronze INV,br_InvType,TASK_COMPLETE,FAILED,ERROR,6,6,1,SaveInvTypes Bronze ForEach failed,2026-08-20T00:29:28.539Z,2026-08-20T02:40:07.937Z,7839,2026-08-20T02:40:07.937Z,LV2,Desert Inn,2e0eb052-bb28-45b1-894f-8dc0851c56cc,SAMMS-DesertInn
202608200219257849,202608200029237093,202608200029237018,85,2189,Bronze INV,br_InvType,TASK_COMPLETE,FAILED,ERROR,7,7,1,SaveInvTypes Bronze ForEach failed,2026-08-20T00:29:28.539Z,2026-08-20T02:40:07.937Z,7839,2026-08-20T02:40:07.937Z,LV3,McDaniel,2e0eb052-bb28-45b1-894f-8dc0851c56cc,SAMMS-McDaniel
202608200219257850,202608200029237094,202608200029237018,85,2192,Bronze INV,br_InvType,TASK_COMPLETE,FAILED,ERROR,7,7,1,SaveInvTypes Bronze ForEach failed,2026-08-20T00:29:28.539Z,2026-08-20T02:40:07.937Z,7839,2026-08-20T02:40:07.937Z,MNRE,Monroe,2e0eb052-bb28-45b1-894f-8dc0851c56cc,SAMMS-Monroe
202608200219257851,202608200029237095,202608200029237018,85,2193,Bronze INV,br_InvType,TASK_COMPLETE,FAILED,ERROR,7,7,1,SaveInvTypes Bronze ForEach failed,2026-08-20T00:29:28.539Z,2026-08-20T02:40:07.937Z,7839,2026-08-20T02:40:07.937Z,MP,Mt. Pleasant,2e0eb052-bb28-45b1-894f-8dc0851c56cc,SAMMS-MtPleasant
202608200219257853,202608200029237096,202608200029237018,85,2194,Bronze INV,br_InvType,TASK_COMPLETE,FAILED,ERROR,7,7,1,SaveInvTypes Bronze ForEach failed,2026-08-20T00:29:28.539Z,2026-08-20T02:40:07.937Z,7839,2026-08-20T02:40:07.937Z,MRD,Meridian,2e0eb052-bb28-45b1-894f-8dc0851c56cc,SAMMS-Meridian
202608200219257854,202608200029237097,202608200029237018,85,2199,Bronze INV,br_InvType,TASK_COMPLETE,FAILED,ERROR,7,7,1,SaveInvTypes Bronze ForEach failed,2026-08-20T00:29:28.539Z,2026-08-20T02:40:07.937Z,7839,2026-08-20T02:40:07.937Z,NC,North Charleston,2e0eb052-bb28-45b1-894f-8dc0851c56cc,SAMMS-NorthCharleston
202608200219257855,202608200029237098,202608200029237018,85,2200,Bronze INV,br_InvType,TASK_COMPLETE,FAILED,ERROR,7,7,1,SaveInvTypes Bronze ForEach failed,2026-08-20T00:29:28.539Z,2026-08-20T02:40:07.937Z,7839,2026-08-20T02:40:07.937Z,NLR,N. Little Rock,2e0eb052-bb28-45b1-894f-8dc0851c56cc,SAMMS-NLROBOT
202608200219257856,202608200029237099,202608200029237018,85,2201,Bronze INV,br_InvType,TASK_COMPLETE,FAILED,ERROR,6,6,1,SaveInvTypes Bronze ForEach failed,2026-08-20T00:29:28.539Z,2026-08-20T02:40:07.937Z,7839,2026-08-20T02:40:07.937Z,PH,Phoenix,2e0eb052-bb28-45b1-894f-8dc0851c56cc,SAMMS-Phoenix
202608200219257857,202608200029237100,202608200029237018,85,2205,Bronze INV,br_InvType,TASK_COMPLETE,FAILED,ERROR,8,8,1,SaveInvTypes Bronze ForEach failed,2026-08-20T00:29:28.539Z,2026-08-20T02:40:07.937Z,7839,2026-08-20T02:40:07.937Z,RE,Reno,2e0eb052-bb28-45b1-894f-8dc0851c56cc,SAMMS-Reno
202608200219257858,202608200029237101,202608200029237018,85,2206,Bronze INV,br_InvType,TASK_COMPLETE,FAILED,ERROR,7,7,1,SaveInvTypes Bronze ForEach failed,2026-08-20T00:29:28.539Z,2026-08-20T02:40:07.937Z,7839,2026-08-20T02:40:07.937Z,RMD,Richmond,2e0eb052-bb28-45b1-894f-8dc0851c56cc,SAMMS-Richmond
202608200219257859,202608200029237102,202608200029237018,85,2207,Bronze INV,br_InvType,TASK_COMPLETE,FAILED,ERROR,7,7,1,SaveInvTypes Bronze ForEach failed,2026-08-20T00:29:28.539Z,2026-08-20T02:40:07.937Z,7839,2026-08-20T02:40:07.937Z,SFN,Springfield North,2e0eb052-bb28-45b1-894f-8dc0851c56cc,SAMMS-SFNv5
202608200219257861,202608200029237103,202608200029237018,85,2208,Bronze INV,br_InvType,TASK_COMPLETE,FAILED,ERROR,7,7,1,SaveInvTypes Bronze ForEach failed,2026-08-20T00:29:28.539Z,2026-08-20T02:40:07.937Z,7839,2026-08-20T02:40:07.937Z,SHP,Shreveport,2e0eb052-bb28-45b1-894f-8dc0851c56cc,SAMMS-Shreveport
202608200219257862,202608200029237104,202608200029237018,85,2210,Bronze INV,br_InvType,TASK_COMPLETE,FAILED,ERROR,7,7,1,SaveInvTypes Bronze ForEach failed,2026-08-20T00:29:28.539Z,2026-08-20T02:40:07.937Z,7839,2026-08-20T02:40:07.937Z,STN,Staunton,2e0eb052-bb28-45b1-894f-8dc0851c56cc,SAMMS-Staunton
202608200219257863,202608200029237105,202608200029237018,85,2211,Bronze INV,br_InvType,TASK_COMPLETE,FAILED,ERROR,8,8,1,SaveInvTypes Bronze ForEach failed,2026-08-20T00:29:28.539Z,2026-08-20T02:40:07.937Z,7839,2026-08-20T02:40:07.937Z,STVN,Stevenson,2e0eb052-bb28-45b1-894f-8dc0851c56cc,SAMMS-Stevenson
202608200219257864,202608200029237106,202608200029237018,85,2213,Bronze INV,br_InvType,TASK_COMPLETE,FAILED,ERROR,7,7,1,SaveInvTypes Bronze ForEach failed,2026-08-20T00:29:28.539Z,2026-08-20T02:40:07.937Z,7839,2026-08-20T02:40:07.937Z,TE,Tempe,2e0eb052-bb28-45b1-894f-8dc0851c56cc,SAMMS-Tempe
202608200219257865,202608200029237107,202608200029237018,85,2214,Bronze INV,br_InvType,TASK_COMPLETE,FAILED,ERROR,7,7,1,SaveInvTypes Bronze ForEach failed,2026-08-20T00:29:28.539Z,2026-08-20T02:40:07.937Z,7839,2026-08-20T02:40:07.937Z,TEX,Texarkana,2e0eb052-bb28-45b1-894f-8dc0851c56cc,SAMMS-Texarkana
202608200219257866,202608200029237108,202608200029237018,85,2215,Bronze INV,br_InvType,TASK_COMPLETE,FAILED,ERROR,6,6,1,SaveInvTypes Bronze ForEach failed,2026-08-20T00:29:28.539Z,2026-08-20T02:40:07.937Z,7839,2026-08-20T02:40:07.937Z,TTCA,Bessemer,2e0eb052-bb28-45b1-894f-8dc0851c56cc,SAMMS-BessemerV5
202608200219257867,202608200029237109,202608200029237018,85,2216,Bronze INV,br_InvType,TASK_COMPLETE,FAILED,ERROR,6,6,1,SaveInvTypes Bronze ForEach failed,2026-08-20T00:29:28.539Z,2026-08-20T02:40:07.937Z,7839,2026-08-20T02:40:07.937Z,TTCB,Cullman,2e0eb052-bb28-45b1-894f-8dc0851c56cc,SAMMS-CullmanV5
202608200219257869,202608200029237110,202608200029237018,85,2217,Bronze INV,br_InvType,TASK_COMPLETE,FAILED,ERROR,7,7,1,SaveInvTypes Bronze ForEach failed,2026-08-20T00:29:28.539Z,2026-08-20T02:40:07.937Z,7839,2026-08-20T02:40:07.937Z,TTCC,Grand Bay,2e0eb052-bb28-45b1-894f-8dc0851c56cc,SAMMS-GrandBay
202608200219257870,202608200029237111,202608200029237018,85,2218,Bronze INV,br_InvType,TASK_COMPLETE,FAILED,ERROR,7,7,1,SaveInvTypes Bronze ForEach failed,2026-08-20T00:29:28.539Z,2026-08-20T02:40:07.937Z,7839,2026-08-20T02:40:07.937Z,TU,Tucson,2e0eb052-bb28-45b1-894f-8dc0851c56cc,SAMMS-Tucson
202608200219257871,202608200029237112,202608200029237018,85,2220,Bronze INV,br_InvType,TASK_COMPLETE,FAILED,ERROR,6,6,1,SaveInvTypes Bronze ForEach failed,2026-08-20T00:29:28.539Z,2026-08-20T02:40:07.937Z,7839,2026-08-20T02:40:07.937Z,V1,Memphis South,2e0eb052-bb28-45b1-894f-8dc0851c56cc,SAMMS-VCPHCS-I-MemphisV5
202608200219257872,202608200029237113,202608200029237018,85,2221,Bronze INV,br_InvType,TASK_COMPLETE,FAILED,ERROR,8,8,1,SaveInvTypes Bronze ForEach failed,2026-08-20T00:29:28.539Z,2026-08-20T02:40:07.937Z,7839,2026-08-20T02:40:07.937Z,V10,Longmont,2e0eb052-bb28-45b1-894f-8dc0851c56cc,SAMMS-BoulderV5
202608200219257873,202608200029237114,202608200029237018,85,2222,Bronze INV,br_InvType,TASK_COMPLETE,FAILED,ERROR,8,8,1,SaveInvTypes Bronze ForEach failed,2026-08-20T00:29:28.539Z,2026-08-20T02:40:07.937Z,7839,2026-08-20T02:40:07.937Z,V10A,Fort Collins,2e0eb052-bb28-45b1-894f-8dc0851c56cc,SAMMS-FortCollinsV5
202608200219257874,202608200029237115,202608200029237018,85,2223,Bronze INV,br_InvType,TASK_COMPLETE,FAILED,ERROR,8,8,1,SaveInvTypes Bronze ForEach failed,2026-08-20T00:29:28.539Z,2026-08-20T02:40:07.937Z,7839,2026-08-20T02:40:07.937Z,V11,Westminster,2e0eb052-bb28-45b1-894f-8dc0851c56cc,SAMMS-VCPHCS-XI-NorthDenverV5
202608200219257875,202608200029237116,202608200029237018,85,2224,Bronze INV,br_InvType,TASK_COMPLETE,FAILED,ERROR,7,7,1,SaveInvTypes Bronze ForEach failed,2026-08-20T00:29:28.539Z,2026-08-20T02:40:07.937Z,7839,2026-08-20T02:40:07.937Z,V12,Downtown Denver,2e0eb052-bb28-45b1-894f-8dc0851c56cc,SAMMS-VCPHCS-XII-DowntownDenverV5
202608200219257877,202608200029237117,202608200029237018,85,2225,Bronze INV,br_InvType,TASK_COMPLETE,FAILED,ERROR,8,8,1,SaveInvTypes Bronze ForEach failed,2026-08-20T00:29:28.539Z,2026-08-20T02:40:07.937Z,7839,2026-08-20T02:40:07.937Z,V12A,Centennial,2e0eb052-bb28-45b1-894f-8dc0851c56cc,SAMMS-CentennialV5
202608200219257878,202608200029237118,202608200029237018,85,2226,Bronze INV,br_InvType,TASK_COMPLETE,FAILED,ERROR,7,7,1,SaveInvTypes Bronze ForEach failed,2026-08-20T00:29:28.539Z,2026-08-20T02:40:07.937Z,7839,2026-08-20T02:40:07.937Z,V14,Overland Park,2e0eb052-bb28-45b1-894f-8dc0851c56cc,SAMMS-VCPHCS-XIV-BridgewayV5
202608200219257879,202608200029237119,202608200029237018,85,2227,Bronze INV,br_InvType,TASK_COMPLETE,FAILED,ERROR,5,5,1,SaveInvTypes Bronze ForEach failed,2026-08-20T00:29:28.539Z,2026-08-20T02:40:07.937Z,7839,2026-08-20T02:40:07.937Z,V15,Joplin,2e0eb052-bb28-45b1-894f-8dc0851c56cc,SAMMS-JoplinV5
202608200219257880,202608200029237120,202608200029237018,85,2229,Bronze INV,br_InvType,TASK_COMPLETE,FAILED,ERROR,8,8,1,SaveInvTypes Bronze ForEach failed,2026-08-20T00:29:28.539Z,2026-08-20T02:40:07.937Z,7839,2026-08-20T02:40:07.937Z,V17,Columbia TN,2e0eb052-bb28-45b1-894f-8dc0851c56cc,SAMMS-ColumbiaTNv5
202608200219257881,202608200029237121,202608200029237018,85,2231,Bronze INV,br_InvType,TASK_COMPLETE,FAILED,ERROR,7,7,1,SaveInvTypes Bronze ForEach failed,2026-08-20T00:29:28.539Z,2026-08-20T02:40:07.937Z,7839,2026-08-20T02:40:07.937Z,V19,Jackson,2e0eb052-bb28-45b1-894f-8dc0851c56cc,SAMMS-JacksonV5
202608200219257882,202608200029237122,202608200029237018,85,2233,Bronze INV,br_InvType,TASK_COMPLETE,FAILED,ERROR,7,7,1,SaveInvTypes Bronze ForEach failed,2026-08-20T00:29:28.539Z,2026-08-20T02:40:07.937Z,7839,2026-08-20T02:40:07.937Z,V20,Paris,2e0eb052-bb28-45b1-894f-8dc0851c56cc,SAMMS-ParisV5
202608200219257883,202608200029237123,202608200029237018,85,2234,Bronze INV,br_InvType,TASK_COMPLETE,FAILED,ERROR,8,8,1,SaveInvTypes Bronze ForEach failed,2026-08-20T00:29:28.539Z,2026-08-20T02:40:07.937Z,7839,2026-08-20T02:40:07.937Z,V21,Memphis North,2e0eb052-bb28-45b1-894f-8dc0851c56cc,SAMMS-RaleighV5
202608200219257884,202608200029237124,202608200029237018,85,2237,Bronze INV,br_InvType,TASK_COMPLETE,FAILED,ERROR,7,7,1,SaveInvTypes Bronze ForEach failed,2026-08-20T00:29:28.539Z,2026-08-20T02:40:07.937Z,7839,2026-08-20T02:40:07.937Z,V5,West Bank,2e0eb052-bb28-45b1-894f-8dc0851c56cc,SAMMS-NONTCv5
202608200219257886,202608200029237125,202608200029237018,85,2239,Bronze INV,br_InvType,TASK_COMPLETE,FAILED,ERROR,7,7,1,SaveInvTypes Bronze ForEach failed,2026-08-20T00:29:28.539Z,2026-08-20T02:40:07.937Z,7839,2026-08-20T02:40:07.937Z,V5B,Houma,2e0eb052-bb28-45b1-894f-8dc0851c56cc,SAMMS-HoumaV6
202608200219257887,202608200029237126,202608200029237018,85,2240,Bronze INV,br_InvType,TASK_COMPLETE,FAILED,ERROR,8,8,1,SaveInvTypes Bronze ForEach failed,2026-08-20T00:29:28.539Z,2026-08-20T02:40:07.937Z,7839,2026-08-20T02:40:07.937Z,V6,Lake Charles,2e0eb052-bb28-45b1-894f-8dc0851c56cc,SAMMS-LCv5
202608200219257888,202608200029237127,202608200029237018,85,2242,Bronze INV,br_InvType,TASK_COMPLETE,FAILED,ERROR,7,7,1,SaveInvTypes Bronze ForEach failed,2026-08-20T00:29:28.539Z,2026-08-20T02:40:07.937Z,7839,2026-08-20T02:40:07.937Z,V8,Memphis Midtown,2e0eb052-bb28-45b1-894f-8dc0851c56cc,SAMMS-VCPHCS-VIII-MemphisV5
202608200219257889,202608200029237128,202608200029237018,85,2243,Bronze INV,br_InvType,TASK_COMPLETE,FAILED,ERROR,7,7,1,SaveInvTypes Bronze ForEach failed,2026-08-20T00:29:28.539Z,2026-08-20T02:40:07.937Z,7839,2026-08-20T02:40:07.937Z,V9,Nashville,2e0eb052-bb28-45b1-894f-8dc0851c56cc,SAMMS-NashvilleV5
202608200219257890,202608200029237129,202608200029237018,85,2244,Bronze INV,br_InvType,TASK_COMPLETE,FAILED,ERROR,7,7,1,SaveInvTypes Bronze ForEach failed,2026-08-20T00:29:28.539Z,2026-08-20T02:40:07.937Z,7839,2026-08-20T02:40:07.937Z,VBRA,Brainerd,2e0eb052-bb28-45b1-894f-8dc0851c56cc,SAMMS-BrainerdV6
202608200219257891,202608200029237130,202608200029237018,85,2245,Bronze INV,br_InvType,TASK_COMPLETE,FAILED,ERROR,7,7,1,SaveInvTypes Bronze ForEach failed,2026-08-20T00:29:28.539Z,2026-08-20T02:40:07.937Z,7839,2026-08-20T02:40:07.937Z,VBRP,Brooklyn Park,2e0eb052-bb28-45b1-894f-8dc0851c56cc,SAMMS-BrooklynParkV6
202608200219257892,202608200029237131,202608200029237018,85,2247,Bronze INV,br_InvType,TASK_COMPLETE,FAILED,ERROR,7,7,1,SaveInvTypes Bronze ForEach failed,2026-08-20T00:29:28.539Z,2026-08-20T02:40:07.937Z,7839,2026-08-20T02:40:07.937Z,VMIN,Minneapolis,2e0eb052-bb28-45b1-894f-8dc0851c56cc,SAMMS-MinneapolisV6
202608200219257893,202608200029237132,202608200029237018,85,2248,Bronze INV,br_InvType,TASK_COMPLETE,FAILED,ERROR,7,7,1,SaveInvTypes Bronze ForEach failed,2026-08-20T00:29:28.539Z,2026-08-20T02:40:07.937Z,7839,2026-08-20T02:40:07.937Z,VWBY,Woodbury,2e0eb052-bb28-45b1-894f-8dc0851c56cc,SAMMS-WoodburyV6
202608200219257895,202608200029237133,202608200029237018,85,2250,Bronze INV,br_InvType,TASK_COMPLETE,FAILED,ERROR,7,7,1,SaveInvTypes Bronze ForEach failed,2026-08-20T00:29:28.539Z,2026-08-20T02:40:07.937Z,7839,2026-08-20T02:40:07.937Z,WIL,Wilson,2e0eb052-bb28-45b1-894f-8dc0851c56cc,SAMMS-Wilson
202608200219258000,202608200029337036,202608200029337018,86,8577,Silver INV,sl_InvType,TASK_COMPLETE,SKIPPED,WARN,0,0,0,Skipped: SaveInvTypes failed at BR,2026-08-20T00:29:28.539Z,2026-08-20T02:40:07.937Z,7839,2026-08-20T02:40:07.937Z,,,2e0eb052-bb28-45b1-894f-8dc0851c56cc,
202608200219257919,202608200029237476,202608200029237018,85,2254,Bronze INV,br_LabResult,TASK_COMPLETE,FAILED,ERROR,1693,1693,1,SaveLABResults Bronze ForEach failed,2026-08-20T00:29:28.539Z,2026-08-20T02:40:07.937Z,7839,2026-08-20T02:40:07.937Z,AHK,Ahoskie,2e0eb052-bb28-45b1-894f-8dc0851c56cc,SAMMS-Ahoskie
202608200219257920,202608200029237477,202608200029237018,85,2255,Bronze INV,br_LabResult,TASK_COMPLETE,FAILED,ERROR,1260,1260,1,SaveLABResults Bronze ForEach failed,2026-08-20T00:29:28.539Z,2026-08-20T02:40:07.937Z,7839,2026-08-20T02:40:07.937Z,B12B,Colorado Springs,2e0eb052-bb28-45b1-894f-8dc0851c56cc,SAMMS-ColoradoSpringsV5
202608200219257922,202608200029237478,202608200029237018,85,2256,Bronze INV,br_LabResult,TASK_COMPLETE,FAILED,ERROR,1833,1833,1,SaveLABResults Bronze ForEach failed,2026-08-20T00:29:28.539Z,2026-08-20T02:40:07.937Z,7839,2026-08-20T02:40:07.937Z,B24,Paintsville,2e0eb052-bb28-45b1-894f-8dc0851c56cc,SAMMS-PaintsvilleV5
202608200219257923,202608200029237479,202608200029237018,85,2257,Bronze INV,br_LabResult,TASK_COMPLETE,FAILED,ERROR,2281,2281,1,SaveLABResults Bronze ForEach failed,2026-08-20T00:29:28.539Z,2026-08-20T02:40:07.937Z,7839,2026-08-20T02:40:07.937Z,B25,Pikeville,2e0eb052-bb28-45b1-894f-8dc0851c56cc,SAMMS-PikevilleV5
202608200219257924,202608200029237480,202608200029237018,85,2258,Bronze INV,br_LabResult,TASK_COMPLETE,FAILED,ERROR,2734,2734,1,SaveLABResults Bronze ForEach failed,2026-08-20T00:29:28.539Z,2026-08-20T02:40:07.937Z,7839,2026-08-20T02:40:07.937Z,B26,Hazard,2e0eb052-bb28-45b1-894f-8dc0851c56cc,SAMMS-HazardV5
202608200219257925,202608200029237481,202608200029237018,85,2259,Bronze INV,br_LabResult,TASK_COMPLETE,FAILED,ERROR,3,3,1,SaveLABResults Bronze ForEach failed,2026-08-20T00:29:28.539Z,2026-08-20T02:40:07.937Z,7839,2026-08-20T02:40:07.937Z,B27,Savannah,2e0eb052-bb28-45b1-894f-8dc0851c56cc,SAMMS-SavannahV6
202608200219257926,202608200029237482,202608200029237018,85,2260,Bronze INV,br_LabResult,TASK_COMPLETE,FAILED,ERROR,1555,1555,1,SaveLABResults Bronze ForEach failed,2026-08-20T00:29:28.539Z,2026-08-20T02:40:07.937Z,7839,2026-08-20T02:40:07.937Z,B28,West Plains,2e0eb052-bb28-45b1-894f-8dc0851c56cc,SAMMS-WestPlainesV5
202608200219257927,202608200029237483,202608200029237018,85,2261,Bronze INV,br_LabResult,TASK_COMPLETE,FAILED,ERROR,1884,1884,1,SaveLABResults Bronze ForEach failed,2026-08-20T00:29:28.539Z,2026-08-20T02:40:07.937Z,7839,2026-08-20T02:40:07.937Z,B29,Poplar Bluff,2e0eb052-bb28-45b1-894f-8dc0851c56cc,SAMMS-PoplarBluffV5
202608200219257928,202608200029237484,202608200029237018,85,2262,Bronze INV,br_LabResult,TASK_COMPLETE,FAILED,ERROR,1509,1509,1,SaveLABResults Bronze ForEach failed,2026-08-20T00:29:28.539Z,2026-08-20T02:40:07.937Z,7839,2026-08-20T02:40:07.937Z,B30,KC North,2e0eb052-bb28-45b1-894f-8dc0851c56cc,SAMMS-KCNv5
202608200219257930,202608200029237485,202608200029237018,85,2263,Bronze INV,br_LabResult,TASK_COMPLETE,FAILED,ERROR,5367,5367,1,SaveLABResults Bronze ForEach failed,2026-08-20T00:29:28.539Z,2026-08-20T02:40:07.937Z,7839,2026-08-20T02:40:07.937Z,B31,Dyersburg,2e0eb052-bb28-45b1-894f-8dc0851c56cc,SAMMS-DyersburgV5
202608200219257931,202608200029237486,202608200029237018,85,2265,Bronze INV,br_LabResult,TASK_COMPLETE,FAILED,ERROR,4139,4139,1,SaveLABResults Bronze ForEach failed,2026-08-20T00:29:28.539Z,2026-08-20T02:40:07.937Z,7839,2026-08-20T02:40:07.937Z,B33,Paducah,2e0eb052-bb28-45b1-894f-8dc0851c56cc,SAMMS-Paducah
202608200219257932,202608200029237487,202608200029237018,85,2266,Bronze INV,br_LabResult,TASK_COMPLETE,FAILED,ERROR,2293,2293,1,SaveLABResults Bronze ForEach failed,2026-08-20T00:29:28.539Z,2026-08-20T02:40:07.937Z,7839,2026-08-20T02:40:07.937Z,B34,Corbin,2e0eb052-bb28-45b1-894f-8dc0851c56cc,SAMMS-CorbinV5
202608200219257933,202608200029237488,202608200029237018,85,2267,Bronze INV,br_LabResult,TASK_COMPLETE,FAILED,ERROR,11636,11636,1,SaveLABResults Bronze ForEach failed,2026-08-20T00:29:28.539Z,2026-08-20T02:40:07.937Z,7839,2026-08-20T02:40:07.937Z,B35,Lexington,2e0eb052-bb28-45b1-894f-8dc0851c56cc,SAMMS-LexingtonV5
202608200219257934,202608200029237489,202608200029237018,85,2268,Bronze INV,br_LabResult,TASK_COMPLETE,FAILED,ERROR,2393,2393,1,SaveLABResults Bronze ForEach failed,2026-08-20T00:29:28.539Z,2026-08-20T02:40:07.937Z,7839,2026-08-20T02:40:07.937Z,B35A,Berea,2e0eb052-bb28-45b1-894f-8dc0851c56cc,SAMMS-BereaV5
202608212101411311,202608212020691614,202608212020690709,88,5571,P1 Reference PreAdmission V6 Bronze - TU,br_samms_pre_admission_v6,TASK_COMPLETE,SUCCESS,INFO,13,13,0,,2026-08-21T20:21:13.701Z,2026-08-21T21:04:00.531Z,2567,2026-08-21T21:04:00.531Z,TU,Tucson,8488c727-7e26-424c-b4ea-f3ce6564dbed,SAMMS-Tucson
202608212101411313,202608212020691615,202608212020690709,88,5572,P1 Reference PreAdmission V6 Bronze - V1,br_samms_pre_admission_v6,TASK_COMPLETE,SUCCESS,INFO,126,126,0,,2026-08-21T20:21:13.701Z,2026-08-21T21:04:00.531Z,2567,2026-08-21T21:04:00.531Z,V1,VCPHCS-I-Memphis,8488c727-7e26-424c-b4ea-f3ce6564dbed,SAMMS-VCPHCS-I-MemphisV5
202608212101411315,202608212020691616,202608212020690709,88,5573,P1 Reference PreAdmission V6 Bronze - V10,br_samms_pre_admission_v6,TASK_COMPLETE,SUCCESS,INFO,265,265,0,,2026-08-21T20:21:13.701Z,2026-08-21T21:04:00.531Z,2567,2026-08-21T21:04:00.531Z,V10,Boulder,8488c727-7e26-424c-b4ea-f3ce6564dbed,SAMMS-BoulderV5
202608212101411317,202608212020691617,202608212020690709,88,5574,P1 Reference PreAdmission V6 Bronze - V10A,br_samms_pre_admission_v6,TASK_COMPLETE,SUCCESS,INFO,490,490,0,,2026-08-21T20:21:13.701Z,2026-08-21T21:04:00.531Z,2567,2026-08-21T21:04:00.531Z,V10A,FortCollins,8488c727-7e26-424c-b4ea-f3ce6564dbed,SAMMS-FortCollinsV5
202608212101411319,202608212020691618,202608212020690709,88,5575,P1 Reference PreAdmission V6 Bronze - V11,br_samms_pre_admission_v6,TASK_COMPLETE,SUCCESS,INFO,400,400,0,,2026-08-21T20:21:13.701Z,2026-08-21T21:04:00.531Z,2567,2026-08-21T21:04:00.531Z,V11,VCPHCS-XI-NorthDenver,8488c727-7e26-424c-b4ea-f3ce6564dbed,SAMMS-VCPHCS-XI-NorthDenverV5
202608212101411321,202608212020691619,202608212020690709,88,5576,P1 Reference PreAdmission V6 Bronze - V12,br_samms_pre_admission_v6,TASK_COMPLETE,SUCCESS,INFO,374,374,0,,2026-08-21T20:21:13.701Z,2026-08-21T21:04:00.531Z,2567,2026-08-21T21:04:00.531Z,V12,VCPHCS-XII-DowntownDenver,8488c727-7e26-424c-b4ea-f3ce6564dbed,SAMMS-VCPHCS-XII-DowntownDenverV5
202608212101411323,202608212020691620,202608212020690709,88,5577,P1 Reference PreAdmission V6 Bronze - V12A,br_samms_pre_admission_v6,TASK_COMPLETE,SUCCESS,INFO,131,131,0,,2026-08-21T20:21:13.701Z,2026-08-21T21:04:00.531Z,2567,2026-08-21T21:04:00.531Z,V12A,Centennial,8488c727-7e26-424c-b4ea-f3ce6564dbed,SAMMS-CentennialV5
202608212101411325,202608212020691621,202608212020690709,88,5578,P1 Reference PreAdmission V6 Bronze - V14,br_samms_pre_admission_v6,TASK_COMPLETE,SUCCESS,INFO,64,64,0,,2026-08-21T20:21:13.701Z,2026-08-21T21:04:00.531Z,2567,2026-08-21T21:04:00.531Z,V14,VCPHCS-XIV-Bridgeway,8488c727-7e26-424c-b4ea-f3ce6564dbed,SAMMS-VCPHCS-XIV-BridgewayV5
202608212101411327,202608212020691622,202608212020690709,88,5579,P1 Reference PreAdmission V6 Bronze - V15,br_samms_pre_admission_v6,TASK_COMPLETE,SUCCESS,INFO,195,195,0,,2026-08-21T20:21:13.701Z,2026-08-21T21:04:00.531Z,2567,2026-08-21T21:04:00.531Z,V15,Joplin,8488c727-7e26-424c-b4ea-f3ce6564dbed,SAMMS-JoplinV5
202608212101411329,202608212020691623,202608212020690709,88,5580,P1 Reference PreAdmission V6 Bronze - V17,br_samms_pre_admission_v6,TASK_COMPLETE,SUCCESS,INFO,127,127,0,,2026-08-21T20:21:13.701Z,2026-08-21T21:04:00.531Z,2567,2026-08-21T21:04:00.531Z,V17,ColumbiaTN,8488c727-7e26-424c-b4ea-f3ce6564dbed,SAMMS-ColumbiaTNv5
202608212101411331,202608212020691624,202608212020690709,88,5581,P1 Reference PreAdmission V6 Bronze - V19,br_samms_pre_admission_v6,TASK_COMPLETE,SUCCESS,INFO,121,121,0,,2026-08-21T20:21:13.701Z,2026-08-21T21:04:00.531Z,2567,2026-08-21T21:04:00.531Z,V19,Jackson,8488c727-7e26-424c-b4ea-f3ce6564dbed,SAMMS-JacksonV5
202608212101411334,202608212020691625,202608212020690709,88,5582,P1 Reference PreAdmission V6 Bronze - V20,br_samms_pre_admission_v6,TASK_COMPLETE,SUCCESS,INFO,142,142,0,,2026-08-21T20:21:13.701Z,2026-08-21T21:04:00.531Z,2567,2026-08-21T21:04:00.531Z,V20,Paris,8488c727-7e26-424c-b4ea-f3ce6564dbed,SAMMS-ParisV5
202608212101411336,202608212020691626,202608212020690709,88,5583,P1 Reference PreAdmission V6 Bronze - V21,br_samms_pre_admission_v6,TASK_COMPLETE,SUCCESS,INFO,156,156,0,,2026-08-21T20:21:13.701Z,2026-08-21T21:04:00.531Z,2567,2026-08-21T21:04:00.531Z,V21,Raleigh,8488c727-7e26-424c-b4ea-f3ce6564dbed,SAMMS-RaleighV5
202608212101411338,202608212020691627,202608212020690709,88,5584,P1 Reference PreAdmission V6 Bronze - V5,br_samms_pre_admission_v6,TASK_COMPLETE,SUCCESS,INFO,296,296,0,,2026-08-21T20:21:13.701Z,2026-08-21T21:04:00.531Z,2567,2026-08-21T21:04:00.531Z,V5,NONTC,8488c727-7e26-424c-b4ea-f3ce6564dbed,SAMMS-NONTCv5
202608212101411340,202608212020691628,202608212020690709,88,5585,P1 Reference PreAdmission V6 Bronze - V5B,br_samms_pre_admission_v6,TASK_COMPLETE,SUCCESS,INFO,112,112,0,,2026-08-21T20:21:13.701Z,2026-08-21T21:04:00.531Z,2567,2026-08-21T21:04:00.531Z,V5B,Houma,8488c727-7e26-424c-b4ea-f3ce6564dbed,SAMMS-HoumaV6
202608212101411342,202608212020691629,202608212020690709,88,5586,P1 Reference PreAdmission V6 Bronze - V6,br_samms_pre_admission_v6,TASK_COMPLETE,SUCCESS,INFO,443,443,0,,2026-08-21T20:21:13.701Z,2026-08-21T21:04:00.531Z,2567,2026-08-21T21:04:00.531Z,V6,LC,8488c727-7e26-424c-b4ea-f3ce6564dbed,SAMMS-LCv5
202608212101411344,202608212020691630,202608212020690709,88,5587,P1 Reference PreAdmission V6 Bronze - V8,br_samms_pre_admission_v6,TASK_COMPLETE,SUCCESS,INFO,355,355,0,,2026-08-21T20:21:13.701Z,2026-08-21T21:04:00.531Z,2567,2026-08-21T21:04:00.531Z,V8,VCPHCS-VIII-Memphis,8488c727-7e26-424c-b4ea-f3ce6564dbed,SAMMS-VCPHCS-VIII-MemphisV5
202608212101411346,202608212020691631,202608212020690709,88,5588,P1 Reference PreAdmission V6 Bronze - V9,br_samms_pre_admission_v6,TASK_COMPLETE,SUCCESS,INFO,747,747,0,,2026-08-21T20:21:13.701Z,2026-08-21T21:04:00.531Z,2567,2026-08-21T21:04:00.531Z,V9,Nashville,8488c727-7e26-424c-b4ea-f3ce6564dbed,SAMMS-NashvilleV5
202608212101411348,202608212020691632,202608212020690709,88,5589,P1 Reference PreAdmission V6 Bronze - VBRA,br_samms_pre_admission_v6,TASK_COMPLETE,SUCCESS,INFO,372,372,0,,2026-08-21T20:21:13.701Z,2026-08-21T21:04:00.531Z,2567,2026-08-21T21:04:00.531Z,VBRA,Brainerd,8488c727-7e26-424c-b4ea-f3ce6564dbed,SAMMS-BrainerdV6
202608212101411350,202608212020691633,202608212020690709,88,5590,P1 Reference PreAdmission V6 Bronze - VBRP,br_samms_pre_admission_v6,TASK_COMPLETE,SUCCESS,INFO,488,488,0,,2026-08-21T20:21:13.701Z,2026-08-21T21:04:00.531Z,2567,2026-08-21T21:04:00.531Z,VBRP,BrooklynPark,8488c727-7e26-424c-b4ea-f3ce6564dbed,SAMMS-BrooklynParkV6
202608212101411353,202608212020691634,202608212020690709,88,5591,P1 Reference PreAdmission V6 Bronze - VMIN,br_samms_pre_admission_v6,TASK_COMPLETE,SUCCESS,INFO,588,588,0,,2026-08-21T20:21:13.701Z,2026-08-21T21:04:00.531Z,2567,2026-08-21T21:04:00.531Z,VMIN,Minneapolis,8488c727-7e26-424c-b4ea-f3ce6564dbed,SAMMS-MinneapolisV6
202608212101411355,202608212020691635,202608212020690709,88,5592,P1 Reference PreAdmission V6 Bronze - VWBY,br_samms_pre_admission_v6,TASK_COMPLETE,SUCCESS,INFO,546,546,0,,2026-08-21T20:21:13.701Z,2026-08-21T21:04:00.531Z,2567,2026-08-21T21:04:00.531Z,VWBY,Woodbury,8488c727-7e26-424c-b4ea-f3ce6564dbed,SAMMS-WoodburyV6
202608212101411357,202608212020691636,202608212020690709,88,5593,P1 Reference PreAdmission V6 Bronze - WIL,br_samms_pre_admission_v6,TASK_COMPLETE,SUCCESS,INFO,213,213,0,,2026-08-21T20:21:13.701Z,2026-08-21T21:04:00.531Z,2567,2026-08-21T21:04:00.531Z,WIL,Wilson,8488c727-7e26-424c-b4ea-f3ce6564dbed,SAMMS-Wilson
202608212101411458,202608212020790717,202608212020790709,89,5594,P1 Reference PreAdmission V6 Silver,tbl_PreAdmission_V6,TASK_COMPLETE,SUCCESS,INFO,23966,23966,0,,2026-08-21T20:21:13.701Z,2026-08-21T21:04:00.531Z,2567,2026-08-21T21:04:00.531Z,,,8488c727-7e26-424c-b4ea-f3ce6564dbed,
202608212101411364,202608212020691058,202608212020690709,88,5007,P1 Reference Services Bronze - AHK,br_samms_services,TASK_COMPLETE,SUCCESS,INFO,238,238,0,,2026-08-21T20:21:13.701Z,2026-08-21T21:04:00.531Z,2567,2026-08-21T21:04:00.531Z,AHK,Ahoskie,8488c727-7e26-424c-b4ea-f3ce6564dbed,SAMMS-Ahoskie
202608212101411366,202608212020691059,202608212020690709,88,5008,P1 Reference Services Bronze - B12B,br_samms_services,TASK_COMPLETE,SUCCESS,INFO,247,247,0,,2026-08-21T20:21:13.701Z,2026-08-21T21:04:00.531Z,2567,2026-08-21T21:04:00.531Z,B12B,ColoradoSprings,8488c727-7e26-424c-b4ea-f3ce6564dbed,SAMMS-ColoradoSpringsV5
202608212101411367,202608212020691060,202608212020690709,88,5009,P1 Reference Services Bronze - B24,br_samms_services,TASK_COMPLETE,SUCCESS,INFO,244,244,0,,2026-08-21T20:21:13.701Z,2026-08-21T21:04:00.531Z,2567,2026-08-21T21:04:00.531Z,B24,Paintsville,8488c727-7e26-424c-b4ea-f3ce6564dbed,SAMMS-PaintsvilleV5
202608212101411368,202608212020691061,202608212020690709,88,5010,P1 Reference Services Bronze - B25,br_samms_services,TASK_COMPLETE,SUCCESS,INFO,244,244,0,,2026-08-21T20:21:13.701Z,2026-08-21T21:04:00.531Z,2567,2026-08-21T21:04:00.531Z,B25,Pikeville,8488c727-7e26-424c-b4ea-f3ce6564dbed,SAMMS-PikevilleV5
202608212101411369,202608212020691062,202608212020690709,88,5011,P1 Reference Services Bronze - B26,br_samms_services,TASK_COMPLETE,SUCCESS,INFO,244,244,0,,2026-08-21T20:21:13.701Z,2026-08-21T21:04:00.531Z,2567,2026-08-21T21:04:00.531Z,B26,Hazard,8488c727-7e26-424c-b4ea-f3ce6564dbed,SAMMS-HazardV5
202608212101411371,202608212020691063,202608212020690709,88,5012,P1 Reference Services Bronze - B27,br_samms_services,TASK_COMPLETE,SUCCESS,INFO,245,245,0,,2026-08-21T20:21:13.701Z,2026-08-21T21:04:00.531Z,2567,2026-08-21T21:04:00.531Z,B27,Savannah,8488c727-7e26-424c-b4ea-f3ce6564dbed,SAMMS-SavannahV6
202608212101411372,202608212020691064,202608212020690709,88,5013,P1 Reference Services Bronze - B28,br_samms_services,TASK_COMPLETE,SUCCESS,INFO,251,251,0,,2026-08-21T20:21:13.701Z,2026-08-21T21:04:00.531Z,2567,2026-08-21T21:04:00.531Z,B28,WestPlaines,8488c727-7e26-424c-b4ea-f3ce6564dbed,SAMMS-WestPlainesV5
202608212101411373,202608212020691065,202608212020690709,88,5014,P1 Reference Services Bronze - B29,br_samms_services,TASK_COMPLETE,SUCCESS,INFO,251,251,0,,2026-08-21T20:21:13.701Z,2026-08-21T21:04:00.531Z,2567,2026-08-21T21:04:00.531Z,B29,PoplarBluff,8488c727-7e26-424c-b4ea-f3ce6564dbed,SAMMS-PoplarBluffV5
202608212101411374,202608212020691066,202608212020690709,88,5015,P1 Reference Services Bronze - B30,br_samms_services,TASK_COMPLETE,SUCCESS,INFO,246,246,0,,2026-08-21T20:21:13.701Z,2026-08-21T21:04:00.531Z,2567,2026-08-21T21:04:00.531Z,B30,KCN,8488c727-7e26-424c-b4ea-f3ce6564dbed,SAMMS-KCNv5
202608212101411376,202608212020691067,202608212020690709,88,5016,P1 Reference Services Bronze - B31,br_samms_services,TASK_COMPLETE,SUCCESS,INFO,245,245,0,,2026-08-21T20:21:13.701Z,2026-08-21T21:04:00.531Z,2567,2026-08-21T21:04:00.531Z,B31,Dyersburg,8488c727-7e26-424c-b4ea-f3ce6564dbed,SAMMS-DyersburgV5
202608212101411377,202608212020691068,202608212020690709,88,5017,P1 Reference Services Bronze - B33,br_samms_services,TASK_COMPLETE,SUCCESS,INFO,244,244,0,,2026-08-21T20:21:13.701Z,2026-08-21T21:04:00.531Z,2567,2026-08-21T21:04:00.531Z,B33,Paducah,8488c727-7e26-424c-b4ea-f3ce6564dbed,SAMMS-Paducah
202608212101411378,202608212020691069,202608212020690709,88,5018,P1 Reference Services Bronze - B34,br_samms_services,TASK_COMPLETE,SUCCESS,INFO,244,244,0,,2026-08-21T20:21:13.701Z,2026-08-21T21:04:00.531Z,2567,2026-08-21T21:04:00.531Z,B34,Corbin,8488c727-7e26-424c-b4ea-f3ce6564dbed,SAMMS-CorbinV5
202608212101411379,202608212020691070,202608212020690709,88,5019,P1 Reference Services Bronze - B35,br_samms_services,TASK_COMPLETE,SUCCESS,INFO,244,244,0,,2026-08-21T20:21:13.701Z,2026-08-21T21:04:00.531Z,2567,2026-08-21T21:04:00.531Z,B35,Lexington,8488c727-7e26-424c-b4ea-f3ce6564dbed,SAMMS-LexingtonV5
202608212101411381,202608212020691071,202608212020690709,88,5020,P1 Reference Services Bronze - B35A,br_samms_services,TASK_COMPLETE,SUCCESS,INFO,244,244,0,,2026-08-21T20:21:13.701Z,2026-08-21T21:04:00.531Z,2567,2026-08-21T21:04:00.531Z,B35A,Berea,8488c727-7e26-424c-b4ea-f3ce6564dbed,SAMMS-BereaV5
202608212101411382,202608212020691072,202608212020690709,88,5021,P1 Reference Services Bronze - B36,br_samms_services,TASK_COMPLETE,SUCCESS,INFO,240,240,0,,2026-08-21T20:21:13.701Z,2026-08-21T21:04:00.531Z,2567,2026-08-21T21:04:00.531Z,B36,Asheville,8488c727-7e26-424c-b4ea-f3ce6564dbed,SAMMS-AshevilleV5
202608212101411383,202608212020691073,202608212020690709,88,5022,P1 Reference Services Bronze - B37,br_samms_services,TASK_COMPLETE,SUCCESS,INFO,238,238,0,,2026-08-21T20:21:13.701Z,2026-08-21T21:04:00.531Z,2567,2026-08-21T21:04:00.531Z,B37,Clyde,8488c727-7e26-424c-b4ea-f3ce6564dbed,SAMMS-ClydeV5
202608212101411384,202608212020691074,202608212020690709,88,5023,P1 Reference Services Bronze - B38,br_samms_services,TASK_COMPLETE,SUCCESS,INFO,237,237,0,,2026-08-21T20:21:13.701Z,2026-08-21T21:04:00.531Z,2567,2026-08-21T21:04:00.531Z,B38,Spartanburg,8488c727-7e26-424c-b4ea-f3ce6564dbed,SAMMS-SpartanburgV5
202608212101411386,202608212020691075,202608212020690709,88,5024,P1 Reference Services Bronze - B39,br_samms_services,TASK_COMPLETE,SUCCESS,INFO,237,237,0,,2026-08-21T20:21:13.701Z,2026-08-21T21:04:00.531Z,2567,2026-08-21T21:04:00.531Z,B39,Aiken,8488c727-7e26-424c-b4ea-f3ce6564dbed,SAMMS-AikenV5
202608212101411387,202608212020691076,202608212020690709,88,5025,P1 Reference Services Bronze - B41,br_samms_services,TASK_COMPLETE,SUCCESS,INFO,242,242,0,,2026-08-21T20:21:13.701Z,2026-08-21T21:04:00.531Z,2567,2026-08-21T21:04:00.531Z,B41,Chesapeake,8488c727-7e26-424c-b4ea-f3ce6564dbed,SAMMS-ChesapeakeV5
202608212101411388,202608212020691077,202608212020690709,88,5026,P1 Reference Services Bronze - B42,br_samms_services,TASK_COMPLETE,SUCCESS,INFO,242,242,0,,2026-08-21T20:21:13.701Z,2026-08-21T21:04:00.531Z,2567,2026-08-21T21:04:00.531Z,B42,VirginiaBeach,8488c727-7e26-424c-b4ea-f3ce6564dbed,SAMMS-VirginiaBeachV5
202608212101411390,202608212020691078,202608212020690709,88,5027,P1 Reference Services Bronze - B42A,br_samms_services,TASK_COMPLETE,SUCCESS,INFO,242,242,0,,2026-08-21T20:21:13.701Z,2026-08-21T21:04:00.531Z,2567,2026-08-21T21:04:00.531Z,B42A,NewportNews,8488c727-7e26-424c-b4ea-f3ce6564dbed,SAMMS-NewportNewsV5
202608212101411391,202608212020691079,202608212020690709,88,5028,P1 Reference Services Bronze - B42B,br_samms_services,TASK_COMPLETE,SUCCESS,INFO,242,242,0,,2026-08-21T20:21:13.701Z,2026-08-21T21:04:00.531Z,2567,2026-08-21T21:04:00.531Z,B42B,Franklin,8488c727-7e26-424c-b4ea-f3ce6564dbed,SAMMS-FranklinV5
202608212101411392,202608212020691080,202608212020690709,88,5029,P1 Reference Services Bronze - B42C,br_samms_services,TASK_COMPLETE,SUCCESS,INFO,242,242,0,,2026-08-21T20:21:13.701Z,2026-08-21T21:04:00.531Z,2567,2026-08-21T21:04:00.531Z,B42C,GlenAllen,8488c727-7e26-424c-b4ea-f3ce6564dbed,SAMMS-GlenAllenV5
202608212101411394,202608212020691081,202608212020690709,88,5030,P1 Reference Services Bronze - B42D,br_samms_services,TASK_COMPLETE,SUCCESS,INFO,242,242,0,,2026-08-21T20:21:13.701Z,2026-08-21T21:04:00.531Z,2567,2026-08-21T21:04:00.531Z,B42D,ChesapeakeSouth,8488c727-7e26-424c-b4ea-f3ce6564dbed,SAMMS-ChesapeakeSouthV5
202608212101411395,202608212020691082,202608212020690709,88,5031,P1 Reference Services Bronze - B44,br_samms_services,TASK_COMPLETE,SUCCESS,INFO,248,248,0,,2026-08-21T20:21:13.701Z,2026-08-21T21:04:00.531Z,2567,2026-08-21T21:04:00.531Z,B44,Albany,8488c727-7e26-424c-b4ea-f3ce6564dbed,SAMMS-AlbanyV5
202608212101411396,202608212020691083,202608212020690709,88,5032,P1 Reference Services Bronze - B45,br_samms_services,TASK_COMPLETE,SUCCESS,INFO,248,248,0,,2026-08-21T20:21:13.701Z,2026-08-21T21:04:00.531Z,2567,2026-08-21T21:04:00.531Z,B45,Tifton,8488c727-7e26-424c-b4ea-f3ce6564dbed,SAMMS-TiftonV5
202608212101411398,202608212020691084,202608212020690709,88,5033,P1 Reference Services Bronze - B46,br_samms_services,TASK_COMPLETE,SUCCESS,INFO,237,237,0,,2026-08-21T20:21:13.701Z,2026-08-21T21:04:00.531Z,2567,2026-08-21T21:04:00.531Z,B46,WashingtonDC,8488c727-7e26-424c-b4ea-f3ce6564dbed,SAMMS-WashingtonDCv5
202608212101411399,202608212020691085,202608212020690709,88,5034,P1 Reference Services Bronze - B47,br_samms_services,TASK_COMPLETE,SUCCESS,INFO,239,239,0,,2026-08-21T20:21:13.701Z,2026-08-21T21:04:00.531Z,2567,2026-08-21T21:04:00.531Z,B47,Mobile,8488c727-7e26-424c-b4ea-f3ce6564dbed,SAMMS-MobileV5
202608212101411400,202608212020691086,202608212020690709,88,5035,P1 Reference Services Bronze - B48,br_samms_services,TASK_COMPLETE,SUCCESS,INFO,239,239,0,,2026-08-21T20:21:13.701Z,2026-08-21T21:04:00.531Z,2567,2026-08-21T21:04:00.531Z,B48,Tuscaloosa,8488c727-7e26-424c-b4ea-f3ce6564dbed,SAMMS-TuscaloosaV5
202608212101411402,202608212020691087,202608212020690709,88,5036,P1 Reference Services Bronze - B51,br_samms_services,TASK_COMPLETE,SUCCESS,INFO,239,239,0,,2026-08-21T20:21:13.701Z,2026-08-21T21:04:00.531Z,2567,2026-08-21T21:04:00.531Z,B51,NorthLittleRock,8488c727-7e26-424c-b4ea-f3ce6564dbed,SAMMS-NorthLittleRockV6
202608212101411403,202608212020691088,202608212020690709,88,5037,P1 Reference Services Bronze - B52,br_samms_services,TASK_COMPLETE,SUCCESS,INFO,248,248,0,,2026-08-21T20:21:13.701Z,2026-08-21T21:04:00.531Z,2567,2026-08-21T21:04:00.531Z,B52,JacksonGA,8488c727-7e26-424c-b4ea-f3ce6564dbed,SAMMS-JacksonGAV5
202608212101411404,202608212020691089,202608212020690709,88,5038,P1 Reference Services Bronze - B54,br_samms_services,TASK_COMPLETE,SUCCESS,INFO,239,239,0,,2026-08-21T20:21:13.701Z,2026-08-21T21:04:00.531Z,2567,2026-08-21T21:04:00.531Z,B54,Gadsden,8488c727-7e26-424c-b4ea-f3ce6564dbed,SAMMS-GadsdenV5
202608212101411406,202608212020691090,202608212020690709,88,5039,P1 Reference Services Bronze - B55,br_samms_services,TASK_COMPLETE,SUCCESS,INFO,239,239,0,,2026-08-21T20:21:13.701Z,2026-08-21T21:04:00.531Z,2567,2026-08-21T21:04:00.531Z,B55,Shoals,8488c727-7e26-424c-b4ea-f3ce6564dbed,SAMMS-ShoalsV5
202608212101411407,202608212020691091,202608212020690709,88,5040,P1 Reference Services Bronze - B57,br_samms_services,TASK_COMPLETE,SUCCESS,INFO,239,239,0,,2026-08-21T20:21:13.701Z,2026-08-21T21:04:00.531Z,2567,2026-08-21T21:04:00.531Z,B57,Pawtucket,8488c727-7e26-424c-b4ea-f3ce6564dbed,SAMMS-Pawtucket
202608212101411409,202608212020691092,202608212020690709,88,5041,P1 Reference Services Bronze - B57A,br_samms_services,TASK_COMPLETE,SUCCESS,INFO,239,239,0,,2026-08-21T20:21:13.701Z,2026-08-21T21:04:00.531Z,2567,2026-08-21T21:04:00.531Z,B57A,Johnston,8488c727-7e26-424c-b4ea-f3ce6564dbed,SAMMS-Johnston
202608212101411410,202608212020691093,202608212020690709,88,5042,P1 Reference Services Bronze - B57B,br_samms_services,TASK_COMPLETE,SUCCESS,INFO,239,239,0,,2026-08-21T20:21:13.701Z,2026-08-21T21:04:00.531Z,2567,2026-08-21T21:04:00.531Z,B57B,Middletown,8488c727-7e26-424c-b4ea-f3ce6564dbed,SAMMS-Middletown
202608212101411412,202608212020691094,202608212020690709,88,5043,P1 Reference Services Bronze - B57C,br_samms_services,TASK_COMPLETE,SUCCESS,INFO,239,239,0,,2026-08-21T20:21:13.701Z,2026-08-21T21:04:00.531Z,2567,2026-08-21T21:04:00.531Z,B57C,Providence,8488c727-7e26-424c-b4ea-f3ce6564dbed,SAMMS-Providence
202608212101411413,202608212020691095,202608212020690709,88,5044,P1 Reference Services Bronze - B57D,br_samms_services,TASK_COMPLETE,SUCCESS,INFO,239,239,0,,2026-08-21T20:21:13.701Z,2026-08-21T21:04:00.531Z,2567,2026-08-21T21:04:00.531Z,B57D,Westerly,8488c727-7e26-424c-b4ea-f3ce6564dbed,SAMMS-Westerly
202608212101411415,202608212020691096,202608212020690709,88,5045,P1 Reference Services Bronze - B66A,br_samms_services,TASK_COMPLETE,SUCCESS,INFO,246,246,0,,2026-08-21T20:21:13.701Z,2026-08-21T21:04:00.531Z,2567,2026-08-21T21:04:00.531Z,B66A,Bremen,8488c727-7e26-424c-b4ea-f3ce6564dbed,SAMMS-Bremen
202608212101411416,202608212020691097,202608212020690709,88,5046,P1 Reference Services Bronze - B72,br_samms_services,TASK_COMPLETE,SUCCESS,INFO,237,237,0,,2026-08-21T20:21:13.701Z,2026-08-21T21:04:00.531Z,2567,2026-08-21T21:04:00.531Z,B72,Mobile-OBOT,8488c727-7e26-424c-b4ea-f3ce6564dbed,SAMMS-Mobile-OBOT
202608212101411418,202608212020691098,202608212020690709,88,5047,P1 Reference Services Bronze - B73,br_samms_services,TASK_COMPLETE,SUCCESS,INFO,237,237,0,,2026-08-21T20:21:13.701Z,2026-08-21T21:04:00.531Z,2567,2026-08-21T21:04:00.531Z,B73,Montgomery,8488c727-7e26-424c-b4ea-f3ce6564dbed,SAMMS-Montgomery
202608191602179427,202608191519596287,202608191519595710,97,6330,P1 Forms Consent To Marketing Bronze - B12B,br_samms_consent_to_marketing,TASK_COMPLETE,SUCCESS,INFO,70,70,0,,2026-08-19T15:20:02.186Z,2026-08-19T16:02:20.903Z,2538,2026-08-19T16:02:20.903Z,B12B,ColoradoSprings,0e774440-67e4-4817-8f97-24afdbb9d82f,SAMMS-ColoradoSpringsV5
202608191602179428,202608191519596288,202608191519595710,97,6331,P1 Forms Consent To Marketing Bronze - B24,br_samms_consent_to_marketing,TASK_COMPLETE,SUCCESS,INFO,81,81,0,,2026-08-19T15:20:02.186Z,2026-08-19T16:02:20.903Z,2538,2026-08-19T16:02:20.903Z,B24,Paintsville,0e774440-67e4-4817-8f97-24afdbb9d82f,SAMMS-PaintsvilleV5
202608191602179429,202608191519596289,202608191519595710,97,6332,P1 Forms Consent To Marketing Bronze - B25,br_samms_consent_to_marketing,TASK_COMPLETE,SUCCESS,INFO,44,44,0,,2026-08-19T15:20:02.186Z,2026-08-19T16:02:20.903Z,2538,2026-08-19T16:02:20.903Z,B25,Pikeville,0e774440-67e4-4817-8f97-24afdbb9d82f,SAMMS-PikevilleV5
202608191602179430,202608191519596290,202608191519595710,97,6333,P1 Forms Consent To Marketing Bronze - B26,br_samms_consent_to_marketing,TASK_COMPLETE,SUCCESS,INFO,132,132,0,,2026-08-19T15:20:02.186Z,2026-08-19T16:02:20.903Z,2538,2026-08-19T16:02:20.903Z,B26,Hazard,0e774440-67e4-4817-8f97-24afdbb9d82f,SAMMS-HazardV5
202608191602179431,202608191519596291,202608191519595710,97,6334,P1 Forms Consent To Marketing Bronze - B27,br_samms_consent_to_marketing,TASK_COMPLETE,SUCCESS,INFO,19,19,0,,2026-08-19T15:20:02.186Z,2026-08-19T16:02:20.903Z,2538,2026-08-19T16:02:20.903Z,B27,Savannah,0e774440-67e4-4817-8f97-24afdbb9d82f,SAMMS-SavannahV6
202608191602179433,202608191519596292,202608191519595710,97,6335,P1 Forms Consent To Marketing Bronze - B28,br_samms_consent_to_marketing,TASK_COMPLETE,SUCCESS,INFO,51,51,0,,2026-08-19T15:20:02.186Z,2026-08-19T16:02:20.903Z,2538,2026-08-19T16:02:20.903Z,B28,WestPlaines,0e774440-67e4-4817-8f97-24afdbb9d82f,SAMMS-WestPlainesV5
202608191602179434,202608191519596293,202608191519595710,97,6336,P1 Forms Consent To Marketing Bronze - B29,br_samms_consent_to_marketing,TASK_COMPLETE,SUCCESS,INFO,40,40,0,,2026-08-19T15:20:02.186Z,2026-08-19T16:02:20.903Z,2538,2026-08-19T16:02:20.903Z,B29,PoplarBluff,0e774440-67e4-4817-8f97-24afdbb9d82f,SAMMS-PoplarBluffV5
202608191602179435,202608191519596294,202608191519595710,97,6337,P1 Forms Consent To Marketing Bronze - B30,br_samms_consent_to_marketing,TASK_COMPLETE,SUCCESS,INFO,17,17,0,,2026-08-19T15:20:02.186Z,2026-08-19T16:02:20.903Z,2538,2026-08-19T16:02:20.903Z,B30,KCN,0e774440-67e4-4817-8f97-24afdbb9d82f,SAMMS-KCNv5
202608191602179436,202608191519596295,202608191519595710,97,6338,P1 Forms Consent To Marketing Bronze - B31,br_samms_consent_to_marketing,TASK_COMPLETE,SUCCESS,INFO,127,127,0,,2026-08-19T15:20:02.186Z,2026-08-19T16:02:20.903Z,2538,2026-08-19T16:02:20.903Z,B31,Dyersburg,0e774440-67e4-4817-8f97-24afdbb9d82f,SAMMS-DyersburgV5
202608191602179437,202608191519596296,202608191519595710,97,6339,P1 Forms Consent To Marketing Bronze - B33,br_samms_consent_to_marketing,TASK_COMPLETE,SUCCESS,INFO,62,62,0,,2026-08-19T15:20:02.186Z,2026-08-19T16:02:20.903Z,2538,2026-08-19T16:02:20.903Z,B33,Paducah,0e774440-67e4-4817-8f97-24afdbb9d82f,SAMMS-Paducah
202608191602179438,202608191519596297,202608191519595710,97,6340,P1 Forms Consent To Marketing Bronze - B34,br_samms_consent_to_marketing,TASK_COMPLETE,SUCCESS,INFO,68,68,0,,2026-08-19T15:20:02.186Z,2026-08-19T16:02:20.903Z,2538,2026-08-19T16:02:20.903Z,B34,Corbin,0e774440-67e4-4817-8f97-24afdbb9d82f,SAMMS-CorbinV5
202608191602179439,202608191519596298,202608191519595710,97,6341,P1 Forms Consent To Marketing Bronze - B35,br_samms_consent_to_marketing,TASK_COMPLETE,SUCCESS,INFO,181,181,0,,2026-08-19T15:20:02.186Z,2026-08-19T16:02:20.903Z,2538,2026-08-19T16:02:20.903Z,B35,Lexington,0e774440-67e4-4817-8f97-24afdbb9d82f,SAMMS-LexingtonV5
202608191602179440,202608191519596299,202608191519595710,97,6342,P1 Forms Consent To Marketing Bronze - B35A,br_samms_consent_to_marketing,TASK_COMPLETE,SUCCESS,INFO,78,78,0,,2026-08-19T15:20:02.186Z,2026-08-19T16:02:20.903Z,2538,2026-08-19T16:02:20.903Z,B35A,Berea,0e774440-67e4-4817-8f97-24afdbb9d82f,SAMMS-BereaV5
202608191602179441,202608191519596300,202608191519595710,97,6343,P1 Forms Consent To Marketing Bronze - B36,br_samms_consent_to_marketing,TASK_COMPLETE,SUCCESS,INFO,71,71,0,,2026-08-19T15:20:02.186Z,2026-08-19T16:02:20.903Z,2538,2026-08-19T16:02:20.903Z,B36,Asheville,0e774440-67e4-4817-8f97-24afdbb9d82f,SAMMS-AshevilleV5
202608191602179442,202608191519596301,202608191519595710,97,6344,P1 Forms Consent To Marketing Bronze - B37,br_samms_consent_to_marketing,TASK_COMPLETE,SUCCESS,INFO,1,1,0,,2026-08-19T15:20:02.186Z,2026-08-19T16:02:20.903Z,2538,2026-08-19T16:02:20.903Z,B37,Clyde,0e774440-67e4-4817-8f97-24afdbb9d82f,SAMMS-ClydeV5
202608191602179443,202608191519596302,202608191519595710,97,6345,P1 Forms Consent To Marketing Bronze - B38,br_samms_consent_to_marketing,TASK_COMPLETE,SUCCESS,INFO,76,76,0,,2026-08-19T15:20:02.186Z,2026-08-19T16:02:20.903Z,2538,2026-08-19T16:02:20.903Z,B38,Spartanburg,0e774440-67e4-4817-8f97-24afdbb9d82f,SAMMS-SpartanburgV5
202608191602179444,202608191519596303,202608191519595710,97,6346,P1 Forms Consent To Marketing Bronze - B39,br_samms_consent_to_marketing,TASK_COMPLETE,SUCCESS,INFO,37,37,0,,2026-08-19T15:20:02.186Z,2026-08-19T16:02:20.903Z,2538,2026-08-19T16:02:20.903Z,B39,Aiken,0e774440-67e4-4817-8f97-24afdbb9d82f,SAMMS-AikenV5
202608191602179446,202608191519596304,202608191519595710,97,6347,P1 Forms Consent To Marketing Bronze - B41,br_samms_consent_to_marketing,TASK_COMPLETE,SUCCESS,INFO,63,63,0,,2026-08-19T15:20:02.186Z,2026-08-19T16:02:20.903Z,2538,2026-08-19T16:02:20.903Z,B41,Chesapeake,0e774440-67e4-4817-8f97-24afdbb9d82f,SAMMS-ChesapeakeV5
202608191602179447,202608191519596305,202608191519595710,97,6348,P1 Forms Consent To Marketing Bronze - B42,br_samms_consent_to_marketing,TASK_COMPLETE,SUCCESS,INFO,35,35,0,,2026-08-19T15:20:02.186Z,2026-08-19T16:02:20.903Z,2538,2026-08-19T16:02:20.903Z,B42,VirginiaBeach,0e774440-67e4-4817-8f97-24afdbb9d82f,SAMMS-VirginiaBeachV5
202608191602179448,202608191519596306,202608191519595710,97,6349,P1 Forms Consent To Marketing Bronze - B42A,br_samms_consent_to_marketing,TASK_COMPLETE,SUCCESS,INFO,68,68,0,,2026-08-19T15:20:02.186Z,2026-08-19T16:02:20.903Z,2538,2026-08-19T16:02:20.903Z,B42A,NewportNews,0e774440-67e4-4817-8f97-24afdbb9d82f,SAMMS-NewportNewsV5
202608191602179449,202608191519596307,202608191519595710,97,6350,P1 Forms Consent To Marketing Bronze - B42B,br_samms_consent_to_marketing,TASK_COMPLETE,SUCCESS,INFO,10,10,0,,2026-08-19T15:20:02.186Z,2026-08-19T16:02:20.903Z,2538,2026-08-19T16:02:20.903Z,B42B,Franklin,0e774440-67e4-4817-8f97-24afdbb9d82f,SAMMS-FranklinV5
202608191602179450,202608191519596308,202608191519595710,97,6351,P1 Forms Consent To Marketing Bronze - B42C,br_samms_consent_to_marketing,TASK_COMPLETE,SUCCESS,INFO,75,75,0,,2026-08-19T15:20:02.186Z,2026-08-19T16:02:20.903Z,2538,2026-08-19T16:02:20.903Z,B42C,GlenAllen,0e774440-67e4-4817-8f97-24afdbb9d82f,SAMMS-GlenAllenV5
202608191602179451,202608191519596309,202608191519595710,97,6352,P1 Forms Consent To Marketing Bronze - B42D,br_samms_consent_to_marketing,TASK_COMPLETE,SUCCESS,INFO,23,23,0,,2026-08-19T15:20:02.186Z,2026-08-19T16:02:20.903Z,2538,2026-08-19T16:02:20.903Z,B42D,ChesapeakeSouth,0e774440-67e4-4817-8f97-24afdbb9d82f,SAMMS-ChesapeakeSouthV5
202608191602179452,202608191519596310,202608191519595710,97,6353,P1 Forms Consent To Marketing Bronze - B44,br_samms_consent_to_marketing,TASK_COMPLETE,SUCCESS,INFO,19,19,0,,2026-08-19T15:20:02.186Z,2026-08-19T16:02:20.903Z,2538,2026-08-19T16:02:20.903Z,B44,Albany,0e774440-67e4-4817-8f97-24afdbb9d82f,SAMMS-AlbanyV5
202608191602179453,202608191519596311,202608191519595710,97,6354,P1 Forms Consent To Marketing Bronze - B45,br_samms_consent_to_marketing,TASK_COMPLETE,SUCCESS,INFO,38,38,0,,2026-08-19T15:20:02.186Z,2026-08-19T16:02:20.903Z,2538,2026-08-19T16:02:20.903Z,B45,Tifton,0e774440-67e4-4817-8f97-24afdbb9d82f,SAMMS-TiftonV5
202608191602179454,202608191519596312,202608191519595710,97,6355,P1 Forms Consent To Marketing Bronze - B46,br_samms_consent_to_marketing,TASK_COMPLETE,SUCCESS,INFO,159,159,0,,2026-08-19T15:20:02.186Z,2026-08-19T16:02:20.903Z,2538,2026-08-19T16:02:20.903Z,B46,WashingtonDC,0e774440-67e4-4817-8f97-24afdbb9d82f,SAMMS-WashingtonDCv5
202608191602179455,202608191519596313,202608191519595710,97,6356,P1 Forms Consent To Marketing Bronze - B47,br_samms_consent_to_marketing,TASK_COMPLETE,SUCCESS,INFO,44,44,0,,2026-08-19T15:20:02.186Z,2026-08-19T16:02:20.903Z,2538,2026-08-19T16:02:20.903Z,B47,Mobile,0e774440-67e4-4817-8f97-24afdbb9d82f,SAMMS-MobileV5
202608191602179456,202608191519596314,202608191519595710,97,6357,P1 Forms Consent To Marketing Bronze - B48,br_samms_consent_to_marketing,TASK_COMPLETE,SUCCESS,INFO,57,57,0,,2026-08-19T15:20:02.186Z,2026-08-19T16:02:20.903Z,2538,2026-08-19T16:02:20.903Z,B48,Tuscaloosa,0e774440-67e4-4817-8f97-24afdbb9d82f,SAMMS-TuscaloosaV5
202608191602179457,202608191519596315,202608191519595710,97,6358,P1 Forms Consent To Marketing Bronze - B51,br_samms_consent_to_marketing,TASK_COMPLETE,SUCCESS,INFO,30,30,0,,2026-08-19T15:20:02.186Z,2026-08-19T16:02:20.903Z,2538,2026-08-19T16:02:20.903Z,B51,NorthLittleRock,0e774440-67e4-4817-8f97-24afdbb9d82f,SAMMS-NorthLittleRockV6
202608191602179458,202608191519596316,202608191519595710,97,6359,P1 Forms Consent To Marketing Bronze - B52,br_samms_consent_to_marketing,TASK_COMPLETE,SUCCESS,INFO,15,15,0,,2026-08-19T15:20:02.186Z,2026-08-19T16:02:20.903Z,2538,2026-08-19T16:02:20.903Z,B52,JacksonGA,0e774440-67e4-4817-8f97-24afdbb9d82f,SAMMS-JacksonGAV5
202608191602179459,202608191519596317,202608191519595710,97,6360,P1 Forms Consent To Marketing Bronze - B54,br_samms_consent_to_marketing,TASK_COMPLETE,SUCCESS,INFO,55,55,0,,2026-08-19T15:20:02.186Z,2026-08-19T16:02:20.903Z,2538,2026-08-19T16:02:20.903Z,B54,Gadsden,0e774440-67e4-4817-8f97-24afdbb9d82f,SAMMS-GadsdenV5
202608191602179461,202608191519596318,202608191519595710,97,6361,P1 Forms Consent To Marketing Bronze - B55,br_samms_consent_to_marketing,TASK_COMPLETE,SUCCESS,INFO,60,60,0,,2026-08-19T15:20:02.186Z,2026-08-19T16:02:20.903Z,2538,2026-08-19T16:02:20.903Z,B55,Shoals,0e774440-67e4-4817-8f97-24afdbb9d82f,SAMMS-ShoalsV5
202608191602179462,202608191519596319,202608191519595710,97,6362,P1 Forms Consent To Marketing Bronze - B57,br_samms_consent_to_marketing,TASK_COMPLETE,SUCCESS,INFO,16,16,0,,2026-08-19T15:20:02.186Z,2026-08-19T16:02:20.903Z,2538,2026-08-19T16:02:20.903Z,B57,Pawtucket,0e774440-67e4-4817-8f97-24afdbb9d82f,SAMMS-Pawtucket
202608191602179463,202608191519596320,202608191519595710,97,6363,P1 Forms Consent To Marketing Bronze - B57A,br_samms_consent_to_marketing,TASK_COMPLETE,SUCCESS,INFO,18,18,0,,2026-08-19T15:20:02.186Z,2026-08-19T16:02:20.903Z,2538,2026-08-19T16:02:20.903Z,B57A,Johnston,0e774440-67e4-4817-8f97-24afdbb9d82f,SAMMS-Johnston
202608191602179464,202608191519596321,202608191519595710,97,6364,P1 Forms Consent To Marketing Bronze - B57B,br_samms_consent_to_marketing,TASK_COMPLETE,SUCCESS,INFO,9,9,0,,2026-08-19T15:20:02.186Z,2026-08-19T16:02:20.903Z,2538,2026-08-19T16:02:20.903Z,B57B,Middletown,0e774440-67e4-4817-8f97-24afdbb9d82f,SAMMS-Middletown
202608191602179465,202608191519596322,202608191519595710,97,6365,P1 Forms Consent To Marketing Bronze - B57C,br_samms_consent_to_marketing,TASK_COMPLETE,SUCCESS,INFO,18,18,0,,2026-08-19T15:20:02.186Z,2026-08-19T16:02:20.903Z,2538,2026-08-19T16:02:20.903Z,B57C,Providence,0e774440-67e4-4817-8f97-24afdbb9d82f,SAMMS-Providence
202608191602179466,202608191519596323,202608191519595710,97,6366,P1 Forms Consent To Marketing Bronze - B57D,br_samms_consent_to_marketing,TASK_COMPLETE,SUCCESS,INFO,14,14,0,,2026-08-19T15:20:02.186Z,2026-08-19T16:02:20.903Z,2538,2026-08-19T16:02:20.903Z,B57D,Westerly,0e774440-67e4-4817-8f97-24afdbb9d82f,SAMMS-Westerly
202608191602179467,202608191519596324,202608191519595710,97,6367,P1 Forms Consent To Marketing Bronze - B66A,br_samms_consent_to_marketing,TASK_COMPLETE,SUCCESS,INFO,51,51,0,,2026-08-19T15:20:02.186Z,2026-08-19T16:02:20.903Z,2538,2026-08-19T16:02:20.903Z,B66A,Bremen,0e774440-67e4-4817-8f97-24afdbb9d82f,SAMMS-Bremen
202608191602179468,202608191519596325,202608191519595710,97,6368,P1 Forms Consent To Marketing Bronze - B72,br_samms_consent_to_marketing,TASK_COMPLETE,SUCCESS,INFO,110,110,0,,2026-08-19T15:20:02.186Z,2026-08-19T16:02:20.903Z,2538,2026-08-19T16:02:20.903Z,B72,Mobile-OBOT,0e774440-67e4-4817-8f97-24afdbb9d82f,SAMMS-Mobile-OBOT
202608191602179469,202608191519596326,202608191519595710,97,6369,P1 Forms Consent To Marketing Bronze - B73,br_samms_consent_to_marketing,TASK_COMPLETE,SUCCESS,INFO,66,66,0,,2026-08-19T15:20:02.186Z,2026-08-19T16:02:20.903Z,2538,2026-08-19T16:02:20.903Z,B73,Montgomery,0e774440-67e4-4817-8f97-24afdbb9d82f,SAMMS-Montgomery
202608191602179470,202608191519596327,202608191519595710,97,6370,P1 Forms Consent To Marketing Bronze - B75,br_samms_consent_to_marketing,TASK_COMPLETE,SUCCESS,INFO,42,42,0,,2026-08-19T15:20:02.186Z,2026-08-19T16:02:20.903Z,2538,2026-08-19T16:02:20.903Z,B75,Lawrence,0e774440-67e4-4817-8f97-24afdbb9d82f,SAMMS-LawrenceV6
202608191602179472,202608191519596328,202608191519595710,97,6371,P1 Forms Consent To Marketing Bronze - B76,br_samms_consent_to_marketing,TASK_COMPLETE,SUCCESS,INFO,7,7,0,,2026-08-19T15:20:02.186Z,2026-08-19T16:02:20.903Z,2538,2026-08-19T16:02:20.903Z,B76,Huntsville-OBOT,0e774440-67e4-4817-8f97-24afdbb9d82f,SAMMS-Huntsville-OBOT
202608191602179473,202608191519596329,202608191519595710,97,6372,P1 Forms Consent To Marketing Bronze - BAT,br_samms_consent_to_marketing,TASK_COMPLETE,SUCCESS,INFO,45,45,0,,2026-08-19T15:20:02.186Z,2026-08-19T16:02:20.903Z,2538,2026-08-19T16:02:20.903Z,BAT,Batesville,0e774440-67e4-4817-8f97-24afdbb9d82f,SAMMS-Batesville
202608191602179474,202608191519596330,202608191519595710,97,6373,P1 Forms Consent To Marketing Bronze - BG,br_samms_consent_to_marketing,TASK_COMPLETE,SUCCESS,INFO,59,59,0,,2026-08-19T15:20:02.186Z,2026-08-19T16:02:20.903Z,2538,2026-08-19T16:02:20.903Z,BG,BowlingGreen,0e774440-67e4-4817-8f97-24afdbb9d82f,SAMMS-BowlingGreen
202608191602179475,202608191519596331,202608191519595710,97,6374,P1 Forms Consent To Marketing Bronze - BOI,br_samms_consent_to_marketing,TASK_COMPLETE,SUCCESS,INFO,66,66,0,,2026-08-19T15:20:02.186Z,2026-08-19T16:02:20.903Z,2538,2026-08-19T16:02:20.903Z,BOI,Boise,0e774440-67e4-4817-8f97-24afdbb9d82f,SAMMS-Boise
202608191602179476,202608191519596332,202608191519595710,97,6375,P1 Forms Consent To Marketing Bronze - CBCO,br_samms_consent_to_marketing,TASK_COMPLETE,SUCCESS,INFO,54,54,0,,2026-08-19T15:20:02.186Z,2026-08-19T16:02:20.903Z,2538,2026-08-19T16:02:20.903Z,CBCO,CoeurdAlene,0e774440-67e4-4817-8f97-24afdbb9d82f,SAMMS-CoeurdAleneV6
202608191602179477,202608191519596333,202608191519595710,97,6376,P1 Forms Consent To Marketing Bronze - CON,br_samms_consent_to_marketing,TASK_COMPLETE,SUCCESS,INFO,53,53,0,,2026-08-19T15:20:02.186Z,2026-08-19T16:02:20.903Z,2538,2026-08-19T16:02:20.903Z,CON,Conway,0e774440-67e4-4817-8f97-24afdbb9d82f,SAMMS-Conway
202608191602179478,202608191519596334,202608191519595710,97,6377,P1 Forms Consent To Marketing Bronze - D07,br_samms_consent_to_marketing,TASK_COMPLETE,SUCCESS,INFO,60,60,0,,2026-08-19T15:20:02.186Z,2026-08-19T16:02:20.903Z,2538,2026-08-19T16:02:20.903Z,D07,Knoxville,0e774440-67e4-4817-8f97-24afdbb9d82f,SAMMS-KnoxvilleV6
202608191602179479,202608191519596335,202608191519595710,97,6378,P1 Forms Consent To Marketing Bronze - D08,br_samms_consent_to_marketing,TASK_COMPLETE,SUCCESS,INFO,60,60,0,,2026-08-19T15:20:02.186Z,2026-08-19T16:02:20.903Z,2538,2026-08-19T16:02:20.903Z,D08,Madison,0e774440-67e4-4817-8f97-24afdbb9d82f,SAMMS-MadisonV6
202608191602179480,202608191519596336,202608191519595710,97,6379,P1 Forms Consent To Marketing Bronze - D09,br_samms_consent_to_marketing,TASK_COMPLETE,SUCCESS,INFO,95,95,0,,2026-08-19T15:20:02.186Z,2026-08-19T16:02:20.903Z,2538,2026-08-19T16:02:20.903Z,D09,Murfreesboro,0e774440-67e4-4817-8f97-24afdbb9d82f,SAMMS-MurfreesboroV6
202608191602179481,202608191519596337,202608191519595710,97,6380,P1 Forms Consent To Marketing Bronze - DA,br_samms_consent_to_marketing,TASK_COMPLETE,SUCCESS,INFO,95,95,0,,2026-08-19T15:20:02.186Z,2026-08-19T16:02:20.903Z,2538,2026-08-19T16:02:20.903Z,DA,Davenport,0e774440-67e4-4817-8f97-24afdbb9d82f,SAMMS-Davenport
202608191602179482,202608191519596338,202608191519595710,97,6381,P1 Forms Consent To Marketing Bronze - DM,br_samms_consent_to_marketing,TASK_COMPLETE,SUCCESS,INFO,49,49,0,,2026-08-19T15:20:02.186Z,2026-08-19T16:02:20.903Z,2538,2026-08-19T16:02:20.903Z,DM,DesMoines,0e774440-67e4-4817-8f97-24afdbb9d82f,SAMMS-DesMoines
202608191602179483,202608191519596339,202608191519595710,97,6382,P1 Forms Consent To Marketing Bronze - DRD-CO,br_samms_consent_to_marketing,TASK_COMPLETE,SUCCESS,INFO,63,63,0,,2026-08-19T15:20:02.186Z,2026-08-19T16:02:20.903Z,2538,2026-08-19T16:02:20.903Z,DRD-CO,Columbia,0e774440-67e4-4817-8f97-24afdbb9d82f,SAMMS-ColumbiaV5
202608191602179485,202608191519596340,202608191519595710,97,6383,P1 Forms Consent To Marketing Bronze - DRD-KC,br_samms_consent_to_marketing,TASK_COMPLETE,SUCCESS,INFO,66,66,0,,2026-08-19T15:20:02.186Z,2026-08-19T16:02:20.903Z,2538,2026-08-19T16:02:20.903Z,DRD-KC,KC,0e774440-67e4-4817-8f97-24afdbb9d82f,SAMMS-KCv5
202608191602179486,202608191519596341,202608191519595710,97,6384,P1 Forms Consent To Marketing Bronze - DRD-KVB,br_samms_consent_to_marketing,TASK_COMPLETE,SUCCESS,INFO,62,62,0,,2026-08-19T15:20:02.186Z,2026-08-19T16:02:20.903Z,2538,2026-08-19T16:02:20.903Z,DRD-KVB,KVB,0e774440-67e4-4817-8f97-24afdbb9d82f,SAMMS-KVBv5
202608191602179487,202608191519596342,202608191519595710,97,6385,P1 Forms Consent To Marketing Bronze - DRD-KVC,br_samms_consent_to_marketing,TASK_COMPLETE,SUCCESS,INFO,175,175,0,,2026-08-19T15:20:02.186Z,2026-08-19T16:02:20.903Z,2538,2026-08-19T16:02:20.903Z,DRD-KVC,KVC,0e774440-67e4-4817-8f97-24afdbb9d82f,SAMMS-KVCv5
202608191602179488,202608191519596343,202608191519595710,97,6386,P1 Forms Consent To Marketing Bronze - DRD-NOLA,br_samms_consent_to_marketing,TASK_COMPLETE,SUCCESS,INFO,269,269,0,,2026-08-19T15:20:02.186Z,2026-08-19T16:02:20.903Z,2538,2026-08-19T16:02:20.903Z,DRD-NOLA,NOLA,0e774440-67e4-4817-8f97-24afdbb9d82f,SAMMS-NOLAv5
202608191602179489,202608191519596344,202608191519595710,97,6387,P1 Forms Consent To Marketing Bronze - DRD-SF,br_samms_consent_to_marketing,TASK_COMPLETE,SUCCESS,INFO,117,117,0,,2026-08-19T15:20:02.186Z,2026-08-19T16:02:20.903Z,2538,2026-08-19T16:02:20.903Z,DRD-SF,SF,0e774440-67e4-4817-8f97-24afdbb9d82f,SAMMS-SFv5
202608191602179490,202608191519596345,202608191519595710,97,6388,P1 Forms Consent To Marketing Bronze - ELC,br_samms_consent_to_marketing,TASK_COMPLETE,SUCCESS,INFO,24,24,0,,2026-08-19T15:20:02.186Z,2026-08-19T16:02:20.903Z,2538,2026-08-19T16:02:20.903Z,ELC,ElizabethCity,0e774440-67e4-4817-8f97-24afdbb9d82f,SAMMS-ElizabethCity
202608191602179491,202608191519596346,202608191519595710,97,6389,P1 Forms Consent To Marketing Bronze - ET,br_samms_consent_to_marketing,TASK_COMPLETE,SUCCESS,INFO,57,57,0,,2026-08-19T15:20:02.186Z,2026-08-19T16:02:20.903Z,2538,2026-08-19T16:02:20.903Z,ET,Elizabethtown,0e774440-67e4-4817-8f97-24afdbb9d82f,SAMMS-Elizabethtown
202608191602179492,202608191519596347,202608191519595710,97,6390,P1 Forms Consent To Marketing Bronze - FAY,br_samms_consent_to_marketing,TASK_COMPLETE,SUCCESS,INFO,43,43,0,,2026-08-19T15:20:02.186Z,2026-08-19T16:02:20.903Z,2538,2026-08-19T16:02:20.903Z,FAY,Fayetteville,0e774440-67e4-4817-8f97-24afdbb9d82f,SAMMS-Fayetteville
202608191602179493,202608191519596348,202608191519595710,97,6391,P1 Forms Consent To Marketing Bronze - FR,br_samms_consent_to_marketing,TASK_COMPLETE,SUCCESS,INFO,7,7,0,,2026-08-19T15:20:02.186Z,2026-08-19T16:02:20.903Z,2538,2026-08-19T16:02:20.903Z,FR,Frankfort,0e774440-67e4-4817-8f97-24afdbb9d82f,SAMMS-Frankfort
202608191602179494,202608191519596349,202608191519595710,97,6392,P1 Forms Consent To Marketing Bronze - FS,br_samms_consent_to_marketing,TASK_COMPLETE,SUCCESS,INFO,50,50,0,,2026-08-19T15:20:02.186Z,2026-08-19T16:02:20.903Z,2538,2026-08-19T16:02:20.903Z,FS,FortSmith,0e774440-67e4-4817-8f97-24afdbb9d82f,SAMMS-FortSmith
202608191602179495,202608191519596350,202608191519595710,97,6393,P1 Forms Consent To Marketing Bronze - FW,br_samms_consent_to_marketing,TASK_COMPLETE,SUCCESS,INFO,63,63,0,,2026-08-19T15:20:02.186Z,2026-08-19T16:02:20.903Z,2538,2026-08-19T16:02:20.903Z,FW,FortWayne,0e774440-67e4-4817-8f97-24afdbb9d82f,SAMMS-FortWayne
202608212101409983,202608212020690723,202608212020690709,88,4666,P1 Reference Clinic Bronze - B35A,br_samms_clinic,TASK_COMPLETE,SUCCESS,INFO,1,1,0,,2026-08-21T20:21:13.701Z,2026-08-21T21:04:00.531Z,2567,2026-08-21T21:04:00.531Z,B35A,Berea,8488c727-7e26-424c-b4ea-f3ce6564dbed,SAMMS-BereaV5
202608212101409984,202608212020690724,202608212020690709,88,4667,P1 Reference Clinic Bronze - B36,br_samms_clinic,TASK_COMPLETE,SUCCESS,INFO,1,1,0,,2026-08-21T20:21:13.701Z,2026-08-21T21:04:00.531Z,2567,2026-08-21T21:04:00.531Z,B36,Asheville,8488c727-7e26-424c-b4ea-f3ce6564dbed,SAMMS-AshevilleV5
202608212101409986,202608212020690725,202608212020690709,88,4668,P1 Reference Clinic Bronze - B37,br_samms_clinic,TASK_COMPLETE,SUCCESS,INFO,1,1,0,,2026-08-21T20:21:13.701Z,2026-08-21T21:04:00.531Z,2567,2026-08-21T21:04:00.531Z,B37,Clyde,8488c727-7e26-424c-b4ea-f3ce6564dbed,SAMMS-ClydeV5
202608212101409987,202608212020690726,202608212020690709,88,4669,P1 Reference Clinic Bronze - B38,br_samms_clinic,TASK_COMPLETE,SUCCESS,INFO,1,1,0,,2026-08-21T20:21:13.701Z,2026-08-21T21:04:00.531Z,2567,2026-08-21T21:04:00.531Z,B38,Spartanburg,8488c727-7e26-424c-b4ea-f3ce6564dbed,SAMMS-SpartanburgV5
202608212101409988,202608212020690727,202608212020690709,88,4670,P1 Reference Clinic Bronze - B39,br_samms_clinic,TASK_COMPLETE,SUCCESS,INFO,1,1,0,,2026-08-21T20:21:13.701Z,2026-08-21T21:04:00.531Z,2567,2026-08-21T21:04:00.531Z,B39,Aiken,8488c727-7e26-424c-b4ea-f3ce6564dbed,SAMMS-AikenV5
202608212101409989,202608212020690728,202608212020690709,88,4671,P1 Reference Clinic Bronze - B41,br_samms_clinic,TASK_COMPLETE,SUCCESS,INFO,1,1,0,,2026-08-21T20:21:13.701Z,2026-08-21T21:04:00.531Z,2567,2026-08-21T21:04:00.531Z,B41,Chesapeake,8488c727-7e26-424c-b4ea-f3ce6564dbed,SAMMS-ChesapeakeV5
202608212101409991,202608212020690729,202608212020690709,88,4672,P1 Reference Clinic Bronze - B42,br_samms_clinic,TASK_COMPLETE,SUCCESS,INFO,1,1,0,,2026-08-21T20:21:13.701Z,2026-08-21T21:04:00.531Z,2567,2026-08-21T21:04:00.531Z,B42,VirginiaBeach,8488c727-7e26-424c-b4ea-f3ce6564dbed,SAMMS-VirginiaBeachV5
202608212101409992,202608212020690730,202608212020690709,88,4673,P1 Reference Clinic Bronze - B42A,br_samms_clinic,TASK_COMPLETE,SUCCESS,INFO,1,1,0,,2026-08-21T20:21:13.701Z,2026-08-21T21:04:00.531Z,2567,2026-08-21T21:04:00.531Z,B42A,NewportNews,8488c727-7e26-424c-b4ea-f3ce6564dbed,SAMMS-NewportNewsV5
202608212101409993,202608212020690731,202608212020690709,88,4674,P1 Reference Clinic Bronze - B42B,br_samms_clinic,TASK_COMPLETE,SUCCESS,INFO,1,1,0,,2026-08-21T20:21:13.701Z,2026-08-21T21:04:00.531Z,2567,2026-08-21T21:04:00.531Z,B42B,Franklin,8488c727-7e26-424c-b4ea-f3ce6564dbed,SAMMS-FranklinV5
202608212101409995,202608212020690732,202608212020690709,88,4675,P1 Reference Clinic Bronze - B42C,br_samms_clinic,TASK_COMPLETE,SUCCESS,INFO,1,1,0,,2026-08-21T20:21:13.701Z,2026-08-21T21:04:00.531Z,2567,2026-08-21T21:04:00.531Z,B42C,GlenAllen,8488c727-7e26-424c-b4ea-f3ce6564dbed,SAMMS-GlenAllenV5
202608212101409996,202608212020690733,202608212020690709,88,4676,P1 Reference Clinic Bronze - B42D,br_samms_clinic,TASK_COMPLETE,SUCCESS,INFO,1,1,0,,2026-08-21T20:21:13.701Z,2026-08-21T21:04:00.531Z,2567,2026-08-21T21:04:00.531Z,B42D,ChesapeakeSouth,8488c727-7e26-424c-b4ea-f3ce6564dbed,SAMMS-ChesapeakeSouthV5
202608212101409998,202608212020690734,202608212020690709,88,4677,P1 Reference Clinic Bronze - B44,br_samms_clinic,TASK_COMPLETE,SUCCESS,INFO,1,1,0,,2026-08-21T20:21:13.701Z,2026-08-21T21:04:00.531Z,2567,2026-08-21T21:04:00.531Z,B44,Albany,8488c727-7e26-424c-b4ea-f3ce6564dbed,SAMMS-AlbanyV5
202608212101409999,202608212020690735,202608212020690709,88,4678,P1 Reference Clinic Bronze - B45,br_samms_clinic,TASK_COMPLETE,SUCCESS,INFO,1,1,0,,2026-08-21T20:21:13.701Z,2026-08-21T21:04:00.531Z,2567,2026-08-21T21:04:00.531Z,B45,Tifton,8488c727-7e26-424c-b4ea-f3ce6564dbed,SAMMS-TiftonV5
202608212101410000,202608212020690736,202608212020690709,88,4679,P1 Reference Clinic Bronze - B46,br_samms_clinic,TASK_COMPLETE,SUCCESS,INFO,1,1,0,,2026-08-21T20:21:13.701Z,2026-08-21T21:04:00.531Z,2567,2026-08-21T21:04:00.531Z,B46,WashingtonDC,8488c727-7e26-424c-b4ea-f3ce6564dbed,SAMMS-WashingtonDCv5
202608212101410002,202608212020690737,202608212020690709,88,4680,P1 Reference Clinic Bronze - B47,br_samms_clinic,TASK_COMPLETE,SUCCESS,INFO,1,1,0,,2026-08-21T20:21:13.701Z,2026-08-21T21:04:00.531Z,2567,2026-08-21T21:04:00.531Z,B47,Mobile,8488c727-7e26-424c-b4ea-f3ce6564dbed,SAMMS-MobileV5
202608212101410003,202608212020690738,202608212020690709,88,4681,P1 Reference Clinic Bronze - B48,br_samms_clinic,TASK_COMPLETE,SUCCESS,INFO,1,1,0,,2026-08-21T20:21:13.701Z,2026-08-21T21:04:00.531Z,2567,2026-08-21T21:04:00.531Z,B48,Tuscaloosa,8488c727-7e26-424c-b4ea-f3ce6564dbed,SAMMS-TuscaloosaV5
202608212101410005,202608212020690739,202608212020690709,88,4682,P1 Reference Clinic Bronze - B51,br_samms_clinic,TASK_COMPLETE,SUCCESS,INFO,1,1,0,,2026-08-21T20:21:13.701Z,2026-08-21T21:04:00.531Z,2567,2026-08-21T21:04:00.531Z,B51,NorthLittleRock,8488c727-7e26-424c-b4ea-f3ce6564dbed,SAMMS-NorthLittleRockV6
202608212101410006,202608212020690740,202608212020690709,88,4683,P1 Reference Clinic Bronze - B52,br_samms_clinic,TASK_COMPLETE,SUCCESS,INFO,1,1,0,,2026-08-21T20:21:13.701Z,2026-08-21T21:04:00.531Z,2567,2026-08-21T21:04:00.531Z,B52,JacksonGA,8488c727-7e26-424c-b4ea-f3ce6564dbed,SAMMS-JacksonGAV5
202608212101410007,202608212020690741,202608212020690709,88,4684,P1 Reference Clinic Bronze - B54,br_samms_clinic,TASK_COMPLETE,SUCCESS,INFO,1,1,0,,2026-08-21T20:21:13.701Z,2026-08-21T21:04:00.531Z,2567,2026-08-21T21:04:00.531Z,B54,Gadsden,8488c727-7e26-424c-b4ea-f3ce6564dbed,SAMMS-GadsdenV5
202608212101410009,202608212020690742,202608212020690709,88,4685,P1 Reference Clinic Bronze - B55,br_samms_clinic,TASK_COMPLETE,SUCCESS,INFO,1,1,0,,2026-08-21T20:21:13.701Z,2026-08-21T21:04:00.531Z,2567,2026-08-21T21:04:00.531Z,B55,Shoals,8488c727-7e26-424c-b4ea-f3ce6564dbed,SAMMS-ShoalsV5
202608212101410010,202608212020690743,202608212020690709,88,4686,P1 Reference Clinic Bronze - B57,br_samms_clinic,TASK_COMPLETE,SUCCESS,INFO,1,1,0,,2026-08-21T20:21:13.701Z,2026-08-21T21:04:00.531Z,2567,2026-08-21T21:04:00.531Z,B57,Pawtucket,8488c727-7e26-424c-b4ea-f3ce6564dbed,SAMMS-Pawtucket
202608212101410012,202608212020690744,202608212020690709,88,4687,P1 Reference Clinic Bronze - B57A,br_samms_clinic,TASK_COMPLETE,SUCCESS,INFO,1,1,0,,2026-08-21T20:21:13.701Z,2026-08-21T21:04:00.531Z,2567,2026-08-21T21:04:00.531Z,B57A,Johnston,8488c727-7e26-424c-b4ea-f3ce6564dbed,SAMMS-Johnston
202608212101410013,202608212020690745,202608212020690709,88,4688,P1 Reference Clinic Bronze - B57B,br_samms_clinic,TASK_COMPLETE,SUCCESS,INFO,1,1,0,,2026-08-21T20:21:13.701Z,2026-08-21T21:04:00.531Z,2567,2026-08-21T21:04:00.531Z,B57B,Middletown,8488c727-7e26-424c-b4ea-f3ce6564dbed,SAMMS-Middletown
202608212101410014,202608212020690746,202608212020690709,88,4689,P1 Reference Clinic Bronze - B57C,br_samms_clinic,TASK_COMPLETE,SUCCESS,INFO,1,1,0,,2026-08-21T20:21:13.701Z,2026-08-21T21:04:00.531Z,2567,2026-08-21T21:04:00.531Z,B57C,Providence,8488c727-7e26-424c-b4ea-f3ce6564dbed,SAMMS-Providence
202608212101410016,202608212020690747,202608212020690709,88,4690,P1 Reference Clinic Bronze - B57D,br_samms_clinic,TASK_COMPLETE,SUCCESS,INFO,1,1,0,,2026-08-21T20:21:13.701Z,2026-08-21T21:04:00.531Z,2567,2026-08-21T21:04:00.531Z,B57D,Westerly,8488c727-7e26-424c-b4ea-f3ce6564dbed,SAMMS-Westerly
202608212101410017,202608212020690748,202608212020690709,88,4691,P1 Reference Clinic Bronze - B66A,br_samms_clinic,TASK_COMPLETE,SUCCESS,INFO,1,1,0,,2026-08-21T20:21:13.701Z,2026-08-21T21:04:00.531Z,2567,2026-08-21T21:04:00.531Z,B66A,Bremen,8488c727-7e26-424c-b4ea-f3ce6564dbed,SAMMS-Bremen
202608212101410019,202608212020690749,202608212020690709,88,4692,P1 Reference Clinic Bronze - B72,br_samms_clinic,TASK_COMPLETE,SUCCESS,INFO,1,1,0,,2026-08-21T20:21:13.701Z,2026-08-21T21:04:00.531Z,2567,2026-08-21T21:04:00.531Z,B72,Mobile-OBOT,8488c727-7e26-424c-b4ea-f3ce6564dbed,SAMMS-Mobile-OBOT
202608212101410020,202608212020690750,202608212020690709,88,4693,P1 Reference Clinic Bronze - B73,br_samms_clinic,TASK_COMPLETE,SUCCESS,INFO,1,1,0,,2026-08-21T20:21:13.701Z,2026-08-21T21:04:00.531Z,2567,2026-08-21T21:04:00.531Z,B73,Montgomery,8488c727-7e26-424c-b4ea-f3ce6564dbed,SAMMS-Montgomery
202608212101410022,202608212020690751,202608212020690709,88,4694,P1 Reference Clinic Bronze - B75,br_samms_clinic,TASK_COMPLETE,SUCCESS,INFO,1,1,0,,2026-08-21T20:21:13.701Z,2026-08-21T21:04:00.531Z,2567,2026-08-21T21:04:00.531Z,B75,Lawrence,8488c727-7e26-424c-b4ea-f3ce6564dbed,SAMMS-LawrenceV6
202608212101410023,202608212020690752,202608212020690709,88,4695,P1 Reference Clinic Bronze - B76,br_samms_clinic,TASK_COMPLETE,SUCCESS,INFO,1,1,0,,2026-08-21T20:21:13.701Z,2026-08-21T21:04:00.531Z,2567,2026-08-21T21:04:00.531Z,B76,Huntsville-OBOT,8488c727-7e26-424c-b4ea-f3ce6564dbed,SAMMS-Huntsville-OBOT
202608212101410025,202608212020690753,202608212020690709,88,4696,P1 Reference Clinic Bronze - BAT,br_samms_clinic,TASK_COMPLETE,SUCCESS,INFO,1,1,0,,2026-08-21T20:21:13.701Z,2026-08-21T21:04:00.531Z,2567,2026-08-21T21:04:00.531Z,BAT,Batesville,8488c727-7e26-424c-b4ea-f3ce6564dbed,SAMMS-Batesville
202608212101410026,202608212020690754,202608212020690709,88,4697,P1 Reference Clinic Bronze - BG,br_samms_clinic,TASK_COMPLETE,SUCCESS,INFO,1,1,0,,2026-08-21T20:21:13.701Z,2026-08-21T21:04:00.531Z,2567,2026-08-21T21:04:00.531Z,BG,BowlingGreen,8488c727-7e26-424c-b4ea-f3ce6564dbed,SAMMS-BowlingGreen
202608212101410028,202608212020690755,202608212020690709,88,4698,P1 Reference Clinic Bronze - BOI,br_samms_clinic,TASK_COMPLETE,SUCCESS,INFO,1,1,0,,2026-08-21T20:21:13.701Z,2026-08-21T21:04:00.531Z,2567,2026-08-21T21:04:00.531Z,BOI,Boise,8488c727-7e26-424c-b4ea-f3ce6564dbed,SAMMS-Boise
202608212101410029,202608212020690756,202608212020690709,88,4699,P1 Reference Clinic Bronze - CBCO,br_samms_clinic,TASK_COMPLETE,SUCCESS,INFO,1,1,0,,2026-08-21T20:21:13.701Z,2026-08-21T21:04:00.531Z,2567,2026-08-21T21:04:00.531Z,CBCO,CoeurdAlene,8488c727-7e26-424c-b4ea-f3ce6564dbed,SAMMS-CoeurdAleneV6
202608212101410031,202608212020690757,202608212020690709,88,4700,P1 Reference Clinic Bronze - CON,br_samms_clinic,TASK_COMPLETE,SUCCESS,INFO,1,1,0,,2026-08-21T20:21:13.701Z,2026-08-21T21:04:00.531Z,2567,2026-08-21T21:04:00.531Z,CON,Conway,8488c727-7e26-424c-b4ea-f3ce6564dbed,SAMMS-Conway
202608212101410032,202608212020690758,202608212020690709,88,4701,P1 Reference Clinic Bronze - D07,br_samms_clinic,TASK_COMPLETE,SUCCESS,INFO,1,1,0,,2026-08-21T20:21:13.701Z,2026-08-21T21:04:00.531Z,2567,2026-08-21T21:04:00.531Z,D07,Knoxville,8488c727-7e26-424c-b4ea-f3ce6564dbed,SAMMS-KnoxvilleV6
202608212101410034,202608212020690759,202608212020690709,88,4702,P1 Reference Clinic Bronze - D08,br_samms_clinic,TASK_COMPLETE,SUCCESS,INFO,1,1,0,,2026-08-21T20:21:13.701Z,2026-08-21T21:04:00.531Z,2567,2026-08-21T21:04:00.531Z,D08,Madison,8488c727-7e26-424c-b4ea-f3ce6564dbed,SAMMS-MadisonV6
202608212101410036,202608212020690760,202608212020690709,88,4703,P1 Reference Clinic Bronze - D09,br_samms_clinic,TASK_COMPLETE,SUCCESS,INFO,1,1,0,,2026-08-21T20:21:13.701Z,2026-08-21T21:04:00.531Z,2567,2026-08-21T21:04:00.531Z,D09,Murfreesboro,8488c727-7e26-424c-b4ea-f3ce6564dbed,SAMMS-MurfreesboroV6
202608212101410037,202608212020690761,202608212020690709,88,4704,P1 Reference Clinic Bronze - DA,br_samms_clinic,TASK_COMPLETE,SUCCESS,INFO,1,1,0,,2026-08-21T20:21:13.701Z,2026-08-21T21:04:00.531Z,2567,2026-08-21T21:04:00.531Z,DA,Davenport,8488c727-7e26-424c-b4ea-f3ce6564dbed,SAMMS-Davenport
202608212101410039,202608212020690762,202608212020690709,88,4705,P1 Reference Clinic Bronze - DM,br_samms_clinic,TASK_COMPLETE,SUCCESS,INFO,1,1,0,,2026-08-21T20:21:13.701Z,2026-08-21T21:04:00.531Z,2567,2026-08-21T21:04:00.531Z,DM,DesMoines,8488c727-7e26-424c-b4ea-f3ce6564dbed,SAMMS-DesMoines
202608212101410040,202608212020690763,202608212020690709,88,4706,P1 Reference Clinic Bronze - DRD-CO,br_samms_clinic,TASK_COMPLETE,SUCCESS,INFO,1,1,0,,2026-08-21T20:21:13.701Z,2026-08-21T21:04:00.531Z,2567,2026-08-21T21:04:00.531Z,DRD-CO,Columbia,8488c727-7e26-424c-b4ea-f3ce6564dbed,SAMMS-ColumbiaV5
202608212101410042,202608212020690764,202608212020690709,88,4707,P1 Reference Clinic Bronze - DRD-KC,br_samms_clinic,TASK_COMPLETE,SUCCESS,INFO,1,1,0,,2026-08-21T20:21:13.701Z,2026-08-21T21:04:00.531Z,2567,2026-08-21T21:04:00.531Z,DRD-KC,KC,8488c727-7e26-424c-b4ea-f3ce6564dbed,SAMMS-KCv5
202608212101410043,202608212020690765,202608212020690709,88,4708,P1 Reference Clinic Bronze - DRD-KVB,br_samms_clinic,TASK_COMPLETE,SUCCESS,INFO,1,1,0,,2026-08-21T20:21:13.701Z,2026-08-21T21:04:00.531Z,2567,2026-08-21T21:04:00.531Z,DRD-KVB,KVB,8488c727-7e26-424c-b4ea-f3ce6564dbed,SAMMS-KVBv5
202608212101410045,202608212020690766,202608212020690709,88,4709,P1 Reference Clinic Bronze - DRD-KVC,br_samms_clinic,TASK_COMPLETE,SUCCESS,INFO,1,1,0,,2026-08-21T20:21:13.701Z,2026-08-21T21:04:00.531Z,2567,2026-08-21T21:04:00.531Z,DRD-KVC,KVC,8488c727-7e26-424c-b4ea-f3ce6564dbed,SAMMS-KVCv5
202608212101410046,202608212020690767,202608212020690709,88,4710,P1 Reference Clinic Bronze - DRD-NOLA,br_samms_clinic,TASK_COMPLETE,SUCCESS,INFO,1,1,0,,2026-08-21T20:21:13.701Z,2026-08-21T21:04:00.531Z,2567,2026-08-21T21:04:00.531Z,DRD-NOLA,NOLA,8488c727-7e26-424c-b4ea-f3ce6564dbed,SAMMS-NOLAv5
202608212101410048,202608212020690768,202608212020690709,88,4711,P1 Reference Clinic Bronze - DRD-SF,br_samms_clinic,TASK_COMPLETE,SUCCESS,INFO,1,1,0,,2026-08-21T20:21:13.701Z,2026-08-21T21:04:00.531Z,2567,2026-08-21T21:04:00.531Z,DRD-SF,SF,8488c727-7e26-424c-b4ea-f3ce6564dbed,SAMMS-SFv5
202608212101410050,202608212020690769,202608212020690709,88,4712,P1 Reference Clinic Bronze - ELC,br_samms_clinic,TASK_COMPLETE,SUCCESS,INFO,1,1,0,,2026-08-21T20:21:13.701Z,2026-08-21T21:04:00.531Z,2567,2026-08-21T21:04:00.531Z,ELC,ElizabethCity,8488c727-7e26-424c-b4ea-f3ce6564dbed,SAMMS-ElizabethCity
202608212101410051,202608212020690770,202608212020690709,88,4713,P1 Reference Clinic Bronze - ET,br_samms_clinic,TASK_COMPLETE,SUCCESS,INFO,1,1,0,,2026-08-21T20:21:13.701Z,2026-08-21T21:04:00.531Z,2567,2026-08-21T21:04:00.531Z,ET,Elizabethtown,8488c727-7e26-424c-b4ea-f3ce6564dbed,SAMMS-Elizabethtown
202608212101410053,202608212020690771,202608212020690709,88,4714,P1 Reference Clinic Bronze - FAY,br_samms_clinic,TASK_COMPLETE,SUCCESS,INFO,1,1,0,,2026-08-21T20:21:13.701Z,2026-08-21T21:04:00.531Z,2567,2026-08-21T21:04:00.531Z,FAY,Fayetteville,8488c727-7e26-424c-b4ea-f3ce6564dbed,SAMMS-Fayetteville
202608212101410055,202608212020690772,202608212020690709,88,4715,P1 Reference Clinic Bronze - FR,br_samms_clinic,TASK_COMPLETE,SUCCESS,INFO,1,1,0,,2026-08-21T20:21:13.701Z,2026-08-21T21:04:00.531Z,2567,2026-08-21T21:04:00.531Z,FR,Frankfort,8488c727-7e26-424c-b4ea-f3ce6564dbed,SAMMS-Frankfort
202608212101410056,202608212020690773,202608212020690709,88,4716,P1 Reference Clinic Bronze - FS,br_samms_clinic,TASK_COMPLETE,SUCCESS,INFO,1,1,0,,2026-08-21T20:21:13.701Z,2026-08-21T21:04:00.531Z,2567,2026-08-21T21:04:00.531Z,FS,FortSmith,8488c727-7e26-424c-b4ea-f3ce6564dbed,SAMMS-FortSmith
202608212101410058,202608212020690774,202608212020690709,88,4717,P1 Reference Clinic Bronze - FW,br_samms_clinic,TASK_COMPLETE,SUCCESS,INFO,1,1,0,,2026-08-21T20:21:13.701Z,2026-08-21T21:04:00.531Z,2567,2026-08-21T21:04:00.531Z,FW,FortWayne,8488c727-7e26-424c-b4ea-f3ce6564dbed,SAMMS-FortWayne
202608212101410060,202608212020690775,202608212020690709,88,4718,P1 Reference Clinic Bronze - GAL,br_samms_clinic,TASK_COMPLETE,SUCCESS,INFO,1,1,0,,2026-08-21T20:21:13.701Z,2026-08-21T21:04:00.531Z,2567,2026-08-21T21:04:00.531Z,GAL,Gaylord,8488c727-7e26-424c-b4ea-f3ce6564dbed,SAMMS-Gaylord
202608212101410062,202608212020690776,202608212020690709,88,4719,P1 Reference Clinic Bronze - HGT,br_samms_clinic,TASK_COMPLETE,SUCCESS,INFO,1,1,0,,2026-08-21T20:21:13.701Z,2026-08-21T21:04:00.531Z,2567,2026-08-21T21:04:00.531Z,HGT,Hagerstown,8488c727-7e26-424c-b4ea-f3ce6564dbed,SAMMS-Hagerstown
202608212101410063,202608212020690777,202608212020690709,88,4720,P1 Reference Clinic Bronze - HNT,br_samms_clinic,TASK_COMPLETE,SUCCESS,INFO,1,1,0,,2026-08-21T20:21:13.701Z,2026-08-21T21:04:00.531Z,2567,2026-08-21T21:04:00.531Z,HNT,Huntsville,8488c727-7e26-424c-b4ea-f3ce6564dbed,SAMMS-Huntsville
202608212101410065,202608212020690778,202608212020690709,88,4721,P1 Reference Clinic Bronze - HS,br_samms_clinic,TASK_COMPLETE,SUCCESS,INFO,1,1,0,,2026-08-21T20:21:13.701Z,2026-08-21T21:04:00.531Z,2567,2026-08-21T21:04:00.531Z,HS,HotSprings,8488c727-7e26-424c-b4ea-f3ce6564dbed,SAMMS-HotSprings
202608212101410067,202608212020690779,202608212020690709,88,4722,P1 Reference Clinic Bronze - JON,br_samms_clinic,TASK_COMPLETE,SUCCESS,INFO,1,1,0,,2026-08-21T20:21:13.701Z,2026-08-21T21:04:00.531Z,2567,2026-08-21T21:04:00.531Z,JON,Jonesboro,8488c727-7e26-424c-b4ea-f3ce6564dbed,SAMMS-Jonesboro
202608212101410068,202608212020690780,202608212020690709,88,8601,P1 Reference Clinic Bronze - LAB,br_samms_clinic,TASK_COMPLETE,FAILED,ERROR,0,0,1,SaveClinic Bronze ForEach failed,2026-08-21T20:21:13.701Z,2026-08-21T21:04:00.531Z,2567,2026-08-21T21:04:00.531Z,LAB,Lab,8488c727-7e26-424c-b4ea-f3ce6564dbed,SAMMS-LabV5-V2
202608212101410070,202608212020690781,202608212020690709,88,4723,P1 Reference Clinic Bronze - LAN,br_samms_clinic,TASK_COMPLETE,SUCCESS,INFO,1,1,0,,2026-08-21T20:21:13.701Z,2026-08-21T21:04:00.531Z,2567,2026-08-21T21:04:00.531Z,LAN,Lansing,8488c727-7e26-424c-b4ea-f3ce6564dbed,SAMMS-Lansing
202608212101410072,202608212020690782,202608212020690709,88,4724,P1 Reference Clinic Bronze - LO,br_samms_clinic,TASK_COMPLETE,SUCCESS,INFO,1,1,0,,2026-08-21T20:21:13.701Z,2026-08-21T21:04:00.531Z,2567,2026-08-21T21:04:00.531Z,LO,Louisville,8488c727-7e26-424c-b4ea-f3ce6564dbed,SAMMS-Louisville
202608212101410074,202608212020690783,202608212020690709,88,4725,P1 Reference Clinic Bronze - LV1,br_samms_clinic,TASK_COMPLETE,SUCCESS,INFO,1,1,0,,2026-08-21T20:21:13.701Z,2026-08-21T21:04:00.531Z,2567,2026-08-21T21:04:00.531Z,LV1,Cheyenne,8488c727-7e26-424c-b4ea-f3ce6564dbed,SAMMS-Cheyenne
202608212101410076,202608212020690784,202608212020690709,88,4726,P1 Reference Clinic Bronze - LV2,br_samms_clinic,TASK_COMPLETE,SUCCESS,INFO,1,1,0,,2026-08-21T20:21:13.701Z,2026-08-21T21:04:00.531Z,2567,2026-08-21T21:04:00.531Z,LV2,DesertInn,8488c727-7e26-424c-b4ea-f3ce6564dbed,SAMMS-DesertInn
202608212101410078,202608212020690785,202608212020690709,88,4727,P1 Reference Clinic Bronze - LV3,br_samms_clinic,TASK_COMPLETE,SUCCESS,INFO,1,1,0,,2026-08-21T20:21:13.701Z,2026-08-21T21:04:00.531Z,2567,2026-08-21T21:04:00.531Z,LV3,McDaniel,8488c727-7e26-424c-b4ea-f3ce6564dbed,SAMMS-McDaniel
202608212101410079,202608212020690786,202608212020690709,88,4728,P1 Reference Clinic Bronze - MNRE,br_samms_clinic,TASK_COMPLETE,SUCCESS,INFO,1,1,0,,2026-08-21T20:21:13.701Z,2026-08-21T21:04:00.531Z,2567,2026-08-21T21:04:00.531Z,MNRE,Monroe,8488c727-7e26-424c-b4ea-f3ce6564dbed,SAMMS-Monroe
202608212101410081,202608212020690787,202608212020690709,88,4729,P1 Reference Clinic Bronze - MP,br_samms_clinic,TASK_COMPLETE,SUCCESS,INFO,1,1,0,,2026-08-21T20:21:13.701Z,2026-08-21T21:04:00.531Z,2567,2026-08-21T21:04:00.531Z,MP,MtPleasant,8488c727-7e26-424c-b4ea-f3ce6564dbed,SAMMS-MtPleasant
202608212101410541,202608212020691394,202608212020690709,88,5346,P1 Reference Custom Answers Bronze - V20,br_samms_custom_answers,TASK_COMPLETE,SUCCESS,INFO,1258,1258,0,,2026-08-21T20:21:13.701Z,2026-08-21T21:04:00.531Z,2567,2026-08-21T21:04:00.531Z,V20,Paris,8488c727-7e26-424c-b4ea-f3ce6564dbed,SAMMS-ParisV5
202608212101410543,202608212020691395,202608212020690709,88,5347,P1 Reference Custom Answers Bronze - V21,br_samms_custom_answers,TASK_COMPLETE,SUCCESS,INFO,2090,2090,0,,2026-08-21T20:21:13.701Z,2026-08-21T21:04:00.531Z,2567,2026-08-21T21:04:00.531Z,V21,Raleigh,8488c727-7e26-424c-b4ea-f3ce6564dbed,SAMMS-RaleighV5
202608212101410545,202608212020691396,202608212020690709,88,5348,P1 Reference Custom Answers Bronze - V5,br_samms_custom_answers,TASK_COMPLETE,SUCCESS,INFO,4612,4612,0,,2026-08-21T20:21:13.701Z,2026-08-21T21:04:00.531Z,2567,2026-08-21T21:04:00.531Z,V5,NONTC,8488c727-7e26-424c-b4ea-f3ce6564dbed,SAMMS-NONTCv5
202608212101410547,202608212020691397,202608212020690709,88,5349,P1 Reference Custom Answers Bronze - V5B,br_samms_custom_answers,TASK_COMPLETE,SUCCESS,INFO,398,398,0,,2026-08-21T20:21:13.701Z,2026-08-21T21:04:00.531Z,2567,2026-08-21T21:04:00.531Z,V5B,Houma,8488c727-7e26-424c-b4ea-f3ce6564dbed,SAMMS-HoumaV6
202608212101410550,202608212020691398,202608212020690709,88,5350,P1 Reference Custom Answers Bronze - V6,br_samms_custom_answers,TASK_COMPLETE,SUCCESS,INFO,3152,3152,0,,2026-08-21T20:21:13.701Z,2026-08-21T21:04:00.531Z,2567,2026-08-21T21:04:00.531Z,V6,LC,8488c727-7e26-424c-b4ea-f3ce6564dbed,SAMMS-LCv5
202608212101410552,202608212020691399,202608212020690709,88,5351,P1 Reference Custom Answers Bronze - V8,br_samms_custom_answers,TASK_COMPLETE,SUCCESS,INFO,4976,4976,0,,2026-08-21T20:21:13.701Z,2026-08-21T21:04:00.531Z,2567,2026-08-21T21:04:00.531Z,V8,VCPHCS-VIII-Memphis,8488c727-7e26-424c-b4ea-f3ce6564dbed,SAMMS-VCPHCS-VIII-MemphisV5
202608212101410554,202608212020691400,202608212020690709,88,5352,P1 Reference Custom Answers Bronze - V9,br_samms_custom_answers,TASK_COMPLETE,SUCCESS,INFO,8438,8438,0,,2026-08-21T20:21:13.701Z,2026-08-21T21:04:00.531Z,2567,2026-08-21T21:04:00.531Z,V9,Nashville,8488c727-7e26-424c-b4ea-f3ce6564dbed,SAMMS-NashvilleV5
202608212101410556,202608212020691401,202608212020690709,88,5353,P1 Reference Custom Answers Bronze - VBRA,br_samms_custom_answers,TASK_COMPLETE,SUCCESS,INFO,978,978,0,,2026-08-21T20:21:13.701Z,2026-08-21T21:04:00.531Z,2567,2026-08-21T21:04:00.531Z,VBRA,Brainerd,8488c727-7e26-424c-b4ea-f3ce6564dbed,SAMMS-BrainerdV6
202608212101410558,202608212020691402,202608212020690709,88,5354,P1 Reference Custom Answers Bronze - VBRP,br_samms_custom_answers,TASK_COMPLETE,SUCCESS,INFO,1136,1136,0,,2026-08-21T20:21:13.701Z,2026-08-21T21:04:00.531Z,2567,2026-08-21T21:04:00.531Z,VBRP,BrooklynPark,8488c727-7e26-424c-b4ea-f3ce6564dbed,SAMMS-BrooklynParkV6
202608212101410560,202608212020691403,202608212020690709,88,5355,P1 Reference Custom Answers Bronze - VMIN,br_samms_custom_answers,TASK_COMPLETE,SUCCESS,INFO,1124,1124,0,,2026-08-21T20:21:13.701Z,2026-08-21T21:04:00.531Z,2567,2026-08-21T21:04:00.531Z,VMIN,Minneapolis,8488c727-7e26-424c-b4ea-f3ce6564dbed,SAMMS-MinneapolisV6
202608212101410562,202608212020691404,202608212020690709,88,5356,P1 Reference Custom Answers Bronze - VWBY,br_samms_custom_answers,TASK_COMPLETE,SUCCESS,INFO,1642,1642,0,,2026-08-21T20:21:13.701Z,2026-08-21T21:04:00.531Z,2567,2026-08-21T21:04:00.531Z,VWBY,Woodbury,8488c727-7e26-424c-b4ea-f3ce6564dbed,SAMMS-WoodburyV6
202608212101410565,202608212020691405,202608212020690709,88,5357,P1 Reference Custom Answers Bronze - WIL,br_samms_custom_answers,TASK_COMPLETE,SUCCESS,INFO,338,338,0,,2026-08-21T20:21:13.701Z,2026-08-21T21:04:00.531Z,2567,2026-08-21T21:04:00.531Z,WIL,Wilson,8488c727-7e26-424c-b4ea-f3ce6564dbed,SAMMS-Wilson
202608212101410666,202608212020790715,202608212020790709,89,5358,P1 Reference Custom Answers Silver,tbl_CustomAnswers,TASK_COMPLETE,SUCCESS,INFO,192545,192545,0,,2026-08-21T20:21:13.701Z,2026-08-21T21:04:00.531Z,2567,2026-08-21T21:04:00.531Z,,,8488c727-7e26-424c-b4ea-f3ce6564dbed,
202608212101410573,202608212020691406,202608212020690709,88,5361,P1 Reference Custom Questions Bronze - AHK,br_samms_custom_questions,TASK_COMPLETE,SUCCESS,INFO,0,0,0,,2026-08-21T20:21:13.701Z,2026-08-21T21:04:00.531Z,2567,2026-08-21T21:04:00.531Z,AHK,Ahoskie,8488c727-7e26-424c-b4ea-f3ce6564dbed,SAMMS-Ahoskie
202608212101410574,202608212020691407,202608212020690709,88,5362,P1 Reference Custom Questions Bronze - B12B,br_samms_custom_questions,TASK_COMPLETE,SUCCESS,INFO,49,49,0,,2026-08-21T20:21:13.701Z,2026-08-21T21:04:00.531Z,2567,2026-08-21T21:04:00.531Z,B12B,ColoradoSprings,8488c727-7e26-424c-b4ea-f3ce6564dbed,SAMMS-ColoradoSpringsV5
202608212101410575,202608212020691408,202608212020690709,88,5363,P1 Reference Custom Questions Bronze - B24,br_samms_custom_questions,TASK_COMPLETE,SUCCESS,INFO,2,2,0,,2026-08-21T20:21:13.701Z,2026-08-21T21:04:00.531Z,2567,2026-08-21T21:04:00.531Z,B24,Paintsville,8488c727-7e26-424c-b4ea-f3ce6564dbed,SAMMS-PaintsvilleV5
202608212101410576,202608212020691409,202608212020690709,88,5364,P1 Reference Custom Questions Bronze - B25,br_samms_custom_questions,TASK_COMPLETE,SUCCESS,INFO,2,2,0,,2026-08-21T20:21:13.701Z,2026-08-21T21:04:00.531Z,2567,2026-08-21T21:04:00.531Z,B25,Pikeville,8488c727-7e26-424c-b4ea-f3ce6564dbed,SAMMS-PikevilleV5
202608212101410577,202608212020691410,202608212020690709,88,5365,P1 Reference Custom Questions Bronze - B26,br_samms_custom_questions,TASK_COMPLETE,SUCCESS,INFO,48,48,0,,2026-08-21T20:21:13.701Z,2026-08-21T21:04:00.531Z,2567,2026-08-21T21:04:00.531Z,B26,Hazard,8488c727-7e26-424c-b4ea-f3ce6564dbed,SAMMS-HazardV5
202608212101410579,202608212020691411,202608212020690709,88,5366,P1 Reference Custom Questions Bronze - B27,br_samms_custom_questions,TASK_COMPLETE,SUCCESS,INFO,0,0,0,,2026-08-21T20:21:13.701Z,2026-08-21T21:04:00.531Z,2567,2026-08-21T21:04:00.531Z,B27,Savannah,8488c727-7e26-424c-b4ea-f3ce6564dbed,SAMMS-SavannahV6
202608212101410580,202608212020691412,202608212020690709,88,5367,P1 Reference Custom Questions Bronze - B28,br_samms_custom_questions,TASK_COMPLETE,SUCCESS,INFO,48,48,0,,2026-08-21T20:21:13.701Z,2026-08-21T21:04:00.531Z,2567,2026-08-21T21:04:00.531Z,B28,WestPlaines,8488c727-7e26-424c-b4ea-f3ce6564dbed,SAMMS-WestPlainesV5
202608212101410581,202608212020691413,202608212020690709,88,5368,P1 Reference Custom Questions Bronze - B29,br_samms_custom_questions,TASK_COMPLETE,SUCCESS,INFO,48,48,0,,2026-08-21T20:21:13.701Z,2026-08-21T21:04:00.531Z,2567,2026-08-21T21:04:00.531Z,B29,PoplarBluff,8488c727-7e26-424c-b4ea-f3ce6564dbed,SAMMS-PoplarBluffV5
202608212101410582,202608212020691414,202608212020690709,88,5369,P1 Reference Custom Questions Bronze - B30,br_samms_custom_questions,TASK_COMPLETE,SUCCESS,INFO,48,48,0,,2026-08-21T20:21:13.701Z,2026-08-21T21:04:00.531Z,2567,2026-08-21T21:04:00.531Z,B30,KCN,8488c727-7e26-424c-b4ea-f3ce6564dbed,SAMMS-KCNv5
202608212101410583,202608212020691415,202608212020690709,88,5370,P1 Reference Custom Questions Bronze - B31,br_samms_custom_questions,TASK_COMPLETE,SUCCESS,INFO,2,2,0,,2026-08-21T20:21:13.701Z,2026-08-21T21:04:00.531Z,2567,2026-08-21T21:04:00.531Z,B31,Dyersburg,8488c727-7e26-424c-b4ea-f3ce6564dbed,SAMMS-DyersburgV5
202608212101410585,202608212020691416,202608212020690709,88,5371,P1 Reference Custom Questions Bronze - B33,br_samms_custom_questions,TASK_COMPLETE,SUCCESS,INFO,2,2,0,,2026-08-21T20:21:13.701Z,2026-08-21T21:04:00.531Z,2567,2026-08-21T21:04:00.531Z,B33,Paducah,8488c727-7e26-424c-b4ea-f3ce6564dbed,SAMMS-Paducah
202608212101410586,202608212020691417,202608212020690709,88,5372,P1 Reference Custom Questions Bronze - B34,br_samms_custom_questions,TASK_COMPLETE,SUCCESS,INFO,2,2,0,,2026-08-21T20:21:13.701Z,2026-08-21T21:04:00.531Z,2567,2026-08-21T21:04:00.531Z,B34,Corbin,8488c727-7e26-424c-b4ea-f3ce6564dbed,SAMMS-CorbinV5
202608212101410587,202608212020691418,202608212020690709,88,5373,P1 Reference Custom Questions Bronze - B35,br_samms_custom_questions,TASK_COMPLETE,SUCCESS,INFO,2,2,0,,2026-08-21T20:21:13.701Z,2026-08-21T21:04:00.531Z,2567,2026-08-21T21:04:00.531Z,B35,Lexington,8488c727-7e26-424c-b4ea-f3ce6564dbed,SAMMS-LexingtonV5
202608212101410588,202608212020691419,202608212020690709,88,5374,P1 Reference Custom Questions Bronze - B35A,br_samms_custom_questions,TASK_COMPLETE,SUCCESS,INFO,2,2,0,,2026-08-21T20:21:13.701Z,2026-08-21T21:04:00.531Z,2567,2026-08-21T21:04:00.531Z,B35A,Berea,8488c727-7e26-424c-b4ea-f3ce6564dbed,SAMMS-BereaV5
202608212101410590,202608212020691420,202608212020690709,88,5375,P1 Reference Custom Questions Bronze - B36,br_samms_custom_questions,TASK_COMPLETE,SUCCESS,INFO,2,2,0,,2026-08-21T20:21:13.701Z,2026-08-21T21:04:00.531Z,2567,2026-08-21T21:04:00.531Z,B36,Asheville,8488c727-7e26-424c-b4ea-f3ce6564dbed,SAMMS-AshevilleV5
202608212101410591,202608212020691421,202608212020690709,88,5376,P1 Reference Custom Questions Bronze - B37,br_samms_custom_questions,TASK_COMPLETE,SUCCESS,INFO,2,2,0,,2026-08-21T20:21:13.701Z,2026-08-21T21:04:00.531Z,2567,2026-08-21T21:04:00.531Z,B37,Clyde,8488c727-7e26-424c-b4ea-f3ce6564dbed,SAMMS-ClydeV5
202608212101410592,202608212020691422,202608212020690709,88,5377,P1 Reference Custom Questions Bronze - B38,br_samms_custom_questions,TASK_COMPLETE,SUCCESS,INFO,2,2,0,,2026-08-21T20:21:13.701Z,2026-08-21T21:04:00.531Z,2567,2026-08-21T21:04:00.531Z,B38,Spartanburg,8488c727-7e26-424c-b4ea-f3ce6564dbed,SAMMS-SpartanburgV5
202608212101410594,202608212020691423,202608212020690709,88,5378,P1 Reference Custom Questions Bronze - B39,br_samms_custom_questions,TASK_COMPLETE,SUCCESS,INFO,2,2,0,,2026-08-21T20:21:13.701Z,2026-08-21T21:04:00.531Z,2567,2026-08-21T21:04:00.531Z,B39,Aiken,8488c727-7e26-424c-b4ea-f3ce6564dbed,SAMMS-AikenV5
202608212101410595,202608212020691424,202608212020690709,88,5379,P1 Reference Custom Questions Bronze - B41,br_samms_custom_questions,TASK_COMPLETE,SUCCESS,INFO,49,49,0,,2026-08-21T20:21:13.701Z,2026-08-21T21:04:00.531Z,2567,2026-08-21T21:04:00.531Z,B41,Chesapeake,8488c727-7e26-424c-b4ea-f3ce6564dbed,SAMMS-ChesapeakeV5
202608212101410597,202608212020691425,202608212020690709,88,5380,P1 Reference Custom Questions Bronze - B42,br_samms_custom_questions,TASK_COMPLETE,SUCCESS,INFO,49,49,0,,2026-08-21T20:21:13.701Z,2026-08-21T21:04:00.531Z,2567,2026-08-21T21:04:00.531Z,B42,VirginiaBeach,8488c727-7e26-424c-b4ea-f3ce6564dbed,SAMMS-VirginiaBeachV5
202608212101410598,202608212020691426,202608212020690709,88,5381,P1 Reference Custom Questions Bronze - B42A,br_samms_custom_questions,TASK_COMPLETE,SUCCESS,INFO,49,49,0,,2026-08-21T20:21:13.701Z,2026-08-21T21:04:00.531Z,2567,2026-08-21T21:04:00.531Z,B42A,NewportNews,8488c727-7e26-424c-b4ea-f3ce6564dbed,SAMMS-NewportNewsV5
202608212101410600,202608212020691427,202608212020690709,88,5382,P1 Reference Custom Questions Bronze - B42B,br_samms_custom_questions,TASK_COMPLETE,SUCCESS,INFO,49,49,0,,2026-08-21T20:21:13.701Z,2026-08-21T21:04:00.531Z,2567,2026-08-21T21:04:00.531Z,B42B,Franklin,8488c727-7e26-424c-b4ea-f3ce6564dbed,SAMMS-FranklinV5
202608212101410601,202608212020691428,202608212020690709,88,5383,P1 Reference Custom Questions Bronze - B42C,br_samms_custom_questions,TASK_COMPLETE,SUCCESS,INFO,49,49,0,,2026-08-21T20:21:13.701Z,2026-08-21T21:04:00.531Z,2567,2026-08-21T21:04:00.531Z,B42C,GlenAllen,8488c727-7e26-424c-b4ea-f3ce6564dbed,SAMMS-GlenAllenV5
202608212101410603,202608212020691429,202608212020690709,88,5384,P1 Reference Custom Questions Bronze - B42D,br_samms_custom_questions,TASK_COMPLETE,SUCCESS,INFO,49,49,0,,2026-08-21T20:21:13.701Z,2026-08-21T21:04:00.531Z,2567,2026-08-21T21:04:00.531Z,B42D,ChesapeakeSouth,8488c727-7e26-424c-b4ea-f3ce6564dbed,SAMMS-ChesapeakeSouthV5
202608212101410604,202608212020691430,202608212020690709,88,5385,P1 Reference Custom Questions Bronze - B44,br_samms_custom_questions,TASK_COMPLETE,SUCCESS,INFO,48,48,0,,2026-08-21T20:21:13.701Z,2026-08-21T21:04:00.531Z,2567,2026-08-21T21:04:00.531Z,B44,Albany,8488c727-7e26-424c-b4ea-f3ce6564dbed,SAMMS-AlbanyV5
202608212101410605,202608212020691431,202608212020690709,88,5386,P1 Reference Custom Questions Bronze - B45,br_samms_custom_questions,TASK_COMPLETE,SUCCESS,INFO,48,48,0,,2026-08-21T20:21:13.701Z,2026-08-21T21:04:00.531Z,2567,2026-08-21T21:04:00.531Z,B45,Tifton,8488c727-7e26-424c-b4ea-f3ce6564dbed,SAMMS-TiftonV5
202608212101410607,202608212020691432,202608212020690709,88,5387,P1 Reference Custom Questions Bronze - B46,br_samms_custom_questions,TASK_COMPLETE,SUCCESS,INFO,0,0,0,,2026-08-21T20:21:13.701Z,2026-08-21T21:04:00.531Z,2567,2026-08-21T21:04:00.531Z,B46,WashingtonDC,8488c727-7e26-424c-b4ea-f3ce6564dbed,SAMMS-WashingtonDCv5
202608212101410608,202608212020691433,202608212020690709,88,5388,P1 Reference Custom Questions Bronze - B47,br_samms_custom_questions,TASK_COMPLETE,SUCCESS,INFO,48,48,0,,2026-08-21T20:21:13.701Z,2026-08-21T21:04:00.531Z,2567,2026-08-21T21:04:00.531Z,B47,Mobile,8488c727-7e26-424c-b4ea-f3ce6564dbed,SAMMS-MobileV5
202608212101410609,202608212020691434,202608212020690709,88,5389,P1 Reference Custom Questions Bronze - B48,br_samms_custom_questions,TASK_COMPLETE,SUCCESS,INFO,48,48,0,,2026-08-21T20:21:13.701Z,2026-08-21T21:04:00.531Z,2567,2026-08-21T21:04:00.531Z,B48,Tuscaloosa,8488c727-7e26-424c-b4ea-f3ce6564dbed,SAMMS-TuscaloosaV5
202608212101410611,202608212020691435,202608212020690709,88,5390,P1 Reference Custom Questions Bronze - B51,br_samms_custom_questions,TASK_COMPLETE,SUCCESS,INFO,0,0,0,,2026-08-21T20:21:13.701Z,2026-08-21T21:04:00.531Z,2567,2026-08-21T21:04:00.531Z,B51,NorthLittleRock,8488c727-7e26-424c-b4ea-f3ce6564dbed,SAMMS-NorthLittleRockV6
202608212101410612,202608212020691436,202608212020690709,88,5391,P1 Reference Custom Questions Bronze - B52,br_samms_custom_questions,TASK_COMPLETE,SUCCESS,INFO,48,48,0,,2026-08-21T20:21:13.701Z,2026-08-21T21:04:00.531Z,2567,2026-08-21T21:04:00.531Z,B52,JacksonGA,8488c727-7e26-424c-b4ea-f3ce6564dbed,SAMMS-JacksonGAV5
202608212101410614,202608212020691437,202608212020690709,88,5392,P1 Reference Custom Questions Bronze - B54,br_samms_custom_questions,TASK_COMPLETE,SUCCESS,INFO,48,48,0,,2026-08-21T20:21:13.701Z,2026-08-21T21:04:00.531Z,2567,2026-08-21T21:04:00.531Z,B54,Gadsden,8488c727-7e26-424c-b4ea-f3ce6564dbed,SAMMS-GadsdenV5
202608212101410615,202608212020691438,202608212020690709,88,5393,P1 Reference Custom Questions Bronze - B55,br_samms_custom_questions,TASK_COMPLETE,SUCCESS,INFO,48,48,0,,2026-08-21T20:21:13.701Z,2026-08-21T21:04:00.531Z,2567,2026-08-21T21:04:00.531Z,B55,Shoals,8488c727-7e26-424c-b4ea-f3ce6564dbed,SAMMS-ShoalsV5
202608212101410616,202608212020691439,202608212020690709,88,5394,P1 Reference Custom Questions Bronze - B57,br_samms_custom_questions,TASK_COMPLETE,SUCCESS,INFO,0,0,0,,2026-08-21T20:21:13.701Z,2026-08-21T21:04:00.531Z,2567,2026-08-21T21:04:00.531Z,B57,Pawtucket,8488c727-7e26-424c-b4ea-f3ce6564dbed,SAMMS-Pawtucket
202608212101410618,202608212020691440,202608212020690709,88,5395,P1 Reference Custom Questions Bronze - B57A,br_samms_custom_questions,TASK_COMPLETE,SUCCESS,INFO,0,0,0,,2026-08-21T20:21:13.701Z,2026-08-21T21:04:00.531Z,2567,2026-08-21T21:04:00.531Z,B57A,Johnston,8488c727-7e26-424c-b4ea-f3ce6564dbed,SAMMS-Johnston
202608212101410619,202608212020691441,202608212020690709,88,5396,P1 Reference Custom Questions Bronze - B57B,br_samms_custom_questions,TASK_COMPLETE,SUCCESS,INFO,0,0,0,,2026-08-21T20:21:13.701Z,2026-08-21T21:04:00.531Z,2567,2026-08-21T21:04:00.531Z,B57B,Middletown,8488c727-7e26-424c-b4ea-f3ce6564dbed,SAMMS-Middletown
202608212101410621,202608212020691442,202608212020690709,88,5397,P1 Reference Custom Questions Bronze - B57C,br_samms_custom_questions,TASK_COMPLETE,SUCCESS,INFO,0,0,0,,2026-08-21T20:21:13.701Z,2026-08-21T21:04:00.531Z,2567,2026-08-21T21:04:00.531Z,B57C,Providence,8488c727-7e26-424c-b4ea-f3ce6564dbed,SAMMS-Providence
202608212101410622,202608212020691443,202608212020690709,88,5398,P1 Reference Custom Questions Bronze - B57D,br_samms_custom_questions,TASK_COMPLETE,SUCCESS,INFO,0,0,0,,2026-08-21T20:21:13.701Z,2026-08-21T21:04:00.531Z,2567,2026-08-21T21:04:00.531Z,B57D,Westerly,8488c727-7e26-424c-b4ea-f3ce6564dbed,SAMMS-Westerly
202608212101410624,202608212020691444,202608212020690709,88,5399,P1 Reference Custom Questions Bronze - B66A,br_samms_custom_questions,TASK_COMPLETE,SUCCESS,INFO,0,0,0,,2026-08-21T20:21:13.701Z,2026-08-21T21:04:00.531Z,2567,2026-08-21T21:04:00.531Z,B66A,Bremen,8488c727-7e26-424c-b4ea-f3ce6564dbed,SAMMS-Bremen
202608212101410625,202608212020691445,202608212020690709,88,5400,P1 Reference Custom Questions Bronze - B72,br_samms_custom_questions,TASK_COMPLETE,SUCCESS,INFO,0,0,0,,2026-08-21T20:21:13.701Z,2026-08-21T21:04:00.531Z,2567,2026-08-21T21:04:00.531Z,B72,Mobile-OBOT,8488c727-7e26-424c-b4ea-f3ce6564dbed,SAMMS-Mobile-OBOT
202608212101410627,202608212020691446,202608212020690709,88,5401,P1 Reference Custom Questions Bronze - B73,br_samms_custom_questions,TASK_COMPLETE,SUCCESS,INFO,0,0,0,,2026-08-21T20:21:13.701Z,2026-08-21T21:04:00.531Z,2567,2026-08-21T21:04:00.531Z,B73,Montgomery,8488c727-7e26-424c-b4ea-f3ce6564dbed,SAMMS-Montgomery
202608212101410628,202608212020691447,202608212020690709,88,5402,P1 Reference Custom Questions Bronze - B75,br_samms_custom_questions,TASK_COMPLETE,SUCCESS,INFO,0,0,0,,2026-08-21T20:21:13.701Z,2026-08-21T21:04:00.531Z,2567,2026-08-21T21:04:00.531Z,B75,Lawrence,8488c727-7e26-424c-b4ea-f3ce6564dbed,SAMMS-LawrenceV6
202608212101410630,202608212020691448,202608212020690709,88,5403,P1 Reference Custom Questions Bronze - B76,br_samms_custom_questions,TASK_COMPLETE,SUCCESS,INFO,0,0,0,,2026-08-21T20:21:13.701Z,2026-08-21T21:04:00.531Z,2567,2026-08-21T21:04:00.531Z,B76,Huntsville-OBOT,8488c727-7e26-424c-b4ea-f3ce6564dbed,SAMMS-Huntsville-OBOT
202608212101410631,202608212020691449,202608212020690709,88,5404,P1 Reference Custom Questions Bronze - BAT,br_samms_custom_questions,TASK_COMPLETE,SUCCESS,INFO,0,0,0,,2026-08-21T20:21:13.701Z,2026-08-21T21:04:00.531Z,2567,2026-08-21T21:04:00.531Z,BAT,Batesville,8488c727-7e26-424c-b4ea-f3ce6564dbed,SAMMS-Batesville
202608212101410633,202608212020691450,202608212020690709,88,5405,P1 Reference Custom Questions Bronze - BG,br_samms_custom_questions,TASK_COMPLETE,SUCCESS,INFO,0,0,0,,2026-08-21T20:21:13.701Z,2026-08-21T21:04:00.531Z,2567,2026-08-21T21:04:00.531Z,BG,BowlingGreen,8488c727-7e26-424c-b4ea-f3ce6564dbed,SAMMS-BowlingGreen
202608212101410634,202608212020691451,202608212020690709,88,5406,P1 Reference Custom Questions Bronze - BOI,br_samms_custom_questions,TASK_COMPLETE,SUCCESS,INFO,0,0,0,,2026-08-21T20:21:13.701Z,2026-08-21T21:04:00.531Z,2567,2026-08-21T21:04:00.531Z,BOI,Boise,8488c727-7e26-424c-b4ea-f3ce6564dbed,SAMMS-Boise
202608212101410636,202608212020691452,202608212020690709,88,5407,P1 Reference Custom Questions Bronze - CBCO,br_samms_custom_questions,TASK_COMPLETE,SUCCESS,INFO,0,0,0,,2026-08-21T20:21:13.701Z,2026-08-21T21:04:00.531Z,2567,2026-08-21T21:04:00.531Z,CBCO,CoeurdAlene,8488c727-7e26-424c-b4ea-f3ce6564dbed,SAMMS-CoeurdAleneV6
202608212101410638,202608212020691453,202608212020690709,88,5408,P1 Reference Custom Questions Bronze - CON,br_samms_custom_questions,TASK_COMPLETE,SUCCESS,INFO,0,0,0,,2026-08-21T20:21:13.701Z,2026-08-21T21:04:00.531Z,2567,2026-08-21T21:04:00.531Z,CON,Conway,8488c727-7e26-424c-b4ea-f3ce6564dbed,SAMMS-Conway
202608212101410639,202608212020691454,202608212020690709,88,5409,P1 Reference Custom Questions Bronze - D07,br_samms_custom_questions,TASK_COMPLETE,SUCCESS,INFO,0,0,0,,2026-08-21T20:21:13.701Z,2026-08-21T21:04:00.531Z,2567,2026-08-21T21:04:00.531Z,D07,Knoxville,8488c727-7e26-424c-b4ea-f3ce6564dbed,SAMMS-KnoxvilleV6
202608212101410641,202608212020691455,202608212020690709,88,5410,P1 Reference Custom Questions Bronze - D08,br_samms_custom_questions,TASK_COMPLETE,SUCCESS,INFO,0,0,0,,2026-08-21T20:21:13.701Z,2026-08-21T21:04:00.531Z,2567,2026-08-21T21:04:00.531Z,D08,Madison,8488c727-7e26-424c-b4ea-f3ce6564dbed,SAMMS-MadisonV6
202608212101410642,202608212020691456,202608212020690709,88,5411,P1 Reference Custom Questions Bronze - D09,br_samms_custom_questions,TASK_COMPLETE,SUCCESS,INFO,0,0,0,,2026-08-21T20:21:13.701Z,2026-08-21T21:04:00.531Z,2567,2026-08-21T21:04:00.531Z,D09,Murfreesboro,8488c727-7e26-424c-b4ea-f3ce6564dbed,SAMMS-MurfreesboroV6
202608212101410644,202608212020691457,202608212020690709,88,5412,P1 Reference Custom Questions Bronze - DA,br_samms_custom_questions,TASK_COMPLETE,SUCCESS,INFO,0,0,0,,2026-08-21T20:21:13.701Z,2026-08-21T21:04:00.531Z,2567,2026-08-21T21:04:00.531Z,DA,Davenport,8488c727-7e26-424c-b4ea-f3ce6564dbed,SAMMS-Davenport
202608212101410772,202608212020691174,202608212020690709,88,5125,P1 Reference Dropdown List Items Bronze - AHK,br_samms_dropdown_list_items,TASK_COMPLETE,SUCCESS,INFO,4383,4383,0,,2026-08-21T20:21:13.701Z,2026-08-21T21:04:00.531Z,2567,2026-08-21T21:04:00.531Z,AHK,Ahoskie,8488c727-7e26-424c-b4ea-f3ce6564dbed,SAMMS-Ahoskie
202608212101410773,202608212020691175,202608212020690709,88,5126,P1 Reference Dropdown List Items Bronze - B12B,br_samms_dropdown_list_items,TASK_COMPLETE,SUCCESS,INFO,4387,4387,0,,2026-08-21T20:21:13.701Z,2026-08-21T21:04:00.531Z,2567,2026-08-21T21:04:00.531Z,B12B,ColoradoSprings,8488c727-7e26-424c-b4ea-f3ce6564dbed,SAMMS-ColoradoSpringsV5
202608212101410774,202608212020691176,202608212020690709,88,5127,P1 Reference Dropdown List Items Bronze - B24,br_samms_dropdown_list_items,TASK_COMPLETE,SUCCESS,INFO,4368,4368,0,,2026-08-21T20:21:13.701Z,2026-08-21T21:04:00.531Z,2567,2026-08-21T21:04:00.531Z,B24,Paintsville,8488c727-7e26-424c-b4ea-f3ce6564dbed,SAMMS-PaintsvilleV5
202608212101410776,202608212020691177,202608212020690709,88,5128,P1 Reference Dropdown List Items Bronze - B25,br_samms_dropdown_list_items,TASK_COMPLETE,SUCCESS,INFO,4368,4368,0,,2026-08-21T20:21:13.701Z,2026-08-21T21:04:00.531Z,2567,2026-08-21T21:04:00.531Z,B25,Pikeville,8488c727-7e26-424c-b4ea-f3ce6564dbed,SAMMS-PikevilleV5
202608212101410777,202608212020691178,202608212020690709,88,5129,P1 Reference Dropdown List Items Bronze - B26,br_samms_dropdown_list_items,TASK_COMPLETE,SUCCESS,INFO,4355,4355,0,,2026-08-21T20:21:13.701Z,2026-08-21T21:04:00.531Z,2567,2026-08-21T21:04:00.531Z,B26,Hazard,8488c727-7e26-424c-b4ea-f3ce6564dbed,SAMMS-HazardV5
202608212101410778,202608212020691179,202608212020690709,88,5130,P1 Reference Dropdown List Items Bronze - B27,br_samms_dropdown_list_items,TASK_COMPLETE,SUCCESS,INFO,4365,4365,0,,2026-08-21T20:21:13.701Z,2026-08-21T21:04:00.531Z,2567,2026-08-21T21:04:00.531Z,B27,Savannah,8488c727-7e26-424c-b4ea-f3ce6564dbed,SAMMS-SavannahV6
202608212101410779,202608212020691180,202608212020690709,88,5131,P1 Reference Dropdown List Items Bronze - B28,br_samms_dropdown_list_items,TASK_COMPLETE,SUCCESS,INFO,4355,4355,0,,2026-08-21T20:21:13.701Z,2026-08-21T21:04:00.531Z,2567,2026-08-21T21:04:00.531Z,B28,WestPlaines,8488c727-7e26-424c-b4ea-f3ce6564dbed,SAMMS-WestPlainesV5
202608212101410780,202608212020691181,202608212020690709,88,5132,P1 Reference Dropdown List Items Bronze - B29,br_samms_dropdown_list_items,TASK_COMPLETE,SUCCESS,INFO,4355,4355,0,,2026-08-21T20:21:13.701Z,2026-08-21T21:04:00.531Z,2567,2026-08-21T21:04:00.531Z,B29,PoplarBluff,8488c727-7e26-424c-b4ea-f3ce6564dbed,SAMMS-PoplarBluffV5
202608212101410782,202608212020691182,202608212020690709,88,5133,P1 Reference Dropdown List Items Bronze - B30,br_samms_dropdown_list_items,TASK_COMPLETE,SUCCESS,INFO,4355,4355,0,,2026-08-21T20:21:13.701Z,2026-08-21T21:04:00.531Z,2567,2026-08-21T21:04:00.531Z,B30,KCN,8488c727-7e26-424c-b4ea-f3ce6564dbed,SAMMS-KCNv5
202608212101410783,202608212020691183,202608212020690709,88,5134,P1 Reference Dropdown List Items Bronze - B31,br_samms_dropdown_list_items,TASK_COMPLETE,SUCCESS,INFO,4355,4355,0,,2026-08-21T20:21:13.701Z,2026-08-21T21:04:00.531Z,2567,2026-08-21T21:04:00.531Z,B31,Dyersburg,8488c727-7e26-424c-b4ea-f3ce6564dbed,SAMMS-DyersburgV5
202608212101410784,202608212020691184,202608212020690709,88,5135,P1 Reference Dropdown List Items Bronze - B33,br_samms_dropdown_list_items,TASK_COMPLETE,SUCCESS,INFO,4355,4355,0,,2026-08-21T20:21:13.701Z,2026-08-21T21:04:00.531Z,2567,2026-08-21T21:04:00.531Z,B33,Paducah,8488c727-7e26-424c-b4ea-f3ce6564dbed,SAMMS-Paducah
202608212101410785,202608212020691185,202608212020690709,88,5136,P1 Reference Dropdown List Items Bronze - B34,br_samms_dropdown_list_items,TASK_COMPLETE,SUCCESS,INFO,4355,4355,0,,2026-08-21T20:21:13.701Z,2026-08-21T21:04:00.531Z,2567,2026-08-21T21:04:00.531Z,B34,Corbin,8488c727-7e26-424c-b4ea-f3ce6564dbed,SAMMS-CorbinV5
202608212101410787,202608212020691186,202608212020690709,88,5137,P1 Reference Dropdown List Items Bronze - B35,br_samms_dropdown_list_items,TASK_COMPLETE,SUCCESS,INFO,4368,4368,0,,2026-08-21T20:21:13.701Z,2026-08-21T21:04:00.531Z,2567,2026-08-21T21:04:00.531Z,B35,Lexington,8488c727-7e26-424c-b4ea-f3ce6564dbed,SAMMS-LexingtonV5
202608212101410788,202608212020691187,202608212020690709,88,5138,P1 Reference Dropdown List Items Bronze - B35A,br_samms_dropdown_list_items,TASK_COMPLETE,SUCCESS,INFO,4355,4355,0,,2026-08-21T20:21:13.701Z,2026-08-21T21:04:00.531Z,2567,2026-08-21T21:04:00.531Z,B35A,Berea,8488c727-7e26-424c-b4ea-f3ce6564dbed,SAMMS-BereaV5
202608212101410789,202608212020691188,202608212020690709,88,5139,P1 Reference Dropdown List Items Bronze - B36,br_samms_dropdown_list_items,TASK_COMPLETE,SUCCESS,INFO,4355,4355,0,,2026-08-21T20:21:13.701Z,2026-08-21T21:04:00.531Z,2567,2026-08-21T21:04:00.531Z,B36,Asheville,8488c727-7e26-424c-b4ea-f3ce6564dbed,SAMMS-AshevilleV5
202608212101410790,202608212020691189,202608212020690709,88,5140,P1 Reference Dropdown List Items Bronze - B37,br_samms_dropdown_list_items,TASK_COMPLETE,SUCCESS,INFO,4355,4355,0,,2026-08-21T20:21:13.701Z,2026-08-21T21:04:00.531Z,2567,2026-08-21T21:04:00.531Z,B37,Clyde,8488c727-7e26-424c-b4ea-f3ce6564dbed,SAMMS-ClydeV5
202608212101410792,202608212020691190,202608212020690709,88,5141,P1 Reference Dropdown List Items Bronze - B38,br_samms_dropdown_list_items,TASK_COMPLETE,SUCCESS,INFO,4355,4355,0,,2026-08-21T20:21:13.701Z,2026-08-21T21:04:00.531Z,2567,2026-08-21T21:04:00.531Z,B38,Spartanburg,8488c727-7e26-424c-b4ea-f3ce6564dbed,SAMMS-SpartanburgV5
202608212101410793,202608212020691191,202608212020690709,88,5142,P1 Reference Dropdown List Items Bronze - B39,br_samms_dropdown_list_items,TASK_COMPLETE,SUCCESS,INFO,4355,4355,0,,2026-08-21T20:21:13.701Z,2026-08-21T21:04:00.531Z,2567,2026-08-21T21:04:00.531Z,B39,Aiken,8488c727-7e26-424c-b4ea-f3ce6564dbed,SAMMS-AikenV5
202608212101410794,202608212020691192,202608212020690709,88,5143,P1 Reference Dropdown List Items Bronze - B41,br_samms_dropdown_list_items,TASK_COMPLETE,SUCCESS,INFO,4359,4359,0,,2026-08-21T20:21:13.701Z,2026-08-21T21:04:00.531Z,2567,2026-08-21T21:04:00.531Z,B41,Chesapeake,8488c727-7e26-424c-b4ea-f3ce6564dbed,SAMMS-ChesapeakeV5
202608212101410795,202608212020691193,202608212020690709,88,5144,P1 Reference Dropdown List Items Bronze - B42,br_samms_dropdown_list_items,TASK_COMPLETE,SUCCESS,INFO,4359,4359,0,,2026-08-21T20:21:13.701Z,2026-08-21T21:04:00.531Z,2567,2026-08-21T21:04:00.531Z,B42,VirginiaBeach,8488c727-7e26-424c-b4ea-f3ce6564dbed,SAMMS-VirginiaBeachV5
202608212101410797,202608212020691194,202608212020690709,88,5145,P1 Reference Dropdown List Items Bronze - B42A,br_samms_dropdown_list_items,TASK_COMPLETE,SUCCESS,INFO,4359,4359,0,,2026-08-21T20:21:13.701Z,2026-08-21T21:04:00.531Z,2567,2026-08-21T21:04:00.531Z,B42A,NewportNews,8488c727-7e26-424c-b4ea-f3ce6564dbed,SAMMS-NewportNewsV5
202608212101410798,202608212020691195,202608212020690709,88,5146,P1 Reference Dropdown List Items Bronze - B42B,br_samms_dropdown_list_items,TASK_COMPLETE,SUCCESS,INFO,4360,4360,0,,2026-08-21T20:21:13.701Z,2026-08-21T21:04:00.531Z,2567,2026-08-21T21:04:00.531Z,B42B,Franklin,8488c727-7e26-424c-b4ea-f3ce6564dbed,SAMMS-FranklinV5
202608212101410800,202608212020691196,202608212020690709,88,5147,P1 Reference Dropdown List Items Bronze - B42C,br_samms_dropdown_list_items,TASK_COMPLETE,SUCCESS,INFO,4360,4360,0,,2026-08-21T20:21:13.701Z,2026-08-21T21:04:00.531Z,2567,2026-08-21T21:04:00.531Z,B42C,GlenAllen,8488c727-7e26-424c-b4ea-f3ce6564dbed,SAMMS-GlenAllenV5
202608212101410801,202608212020691197,202608212020690709,88,5148,P1 Reference Dropdown List Items Bronze - B42D,br_samms_dropdown_list_items,TASK_COMPLETE,SUCCESS,INFO,4359,4359,0,,2026-08-21T20:21:13.701Z,2026-08-21T21:04:00.531Z,2567,2026-08-21T21:04:00.531Z,B42D,ChesapeakeSouth,8488c727-7e26-424c-b4ea-f3ce6564dbed,SAMMS-ChesapeakeSouthV5
202608212101410803,202608212020691198,202608212020690709,88,5149,P1 Reference Dropdown List Items Bronze - B44,br_samms_dropdown_list_items,TASK_COMPLETE,SUCCESS,INFO,4359,4359,0,,2026-08-21T20:21:13.701Z,2026-08-21T21:04:00.531Z,2567,2026-08-21T21:04:00.531Z,B44,Albany,8488c727-7e26-424c-b4ea-f3ce6564dbed,SAMMS-AlbanyV5
202608212101410804,202608212020691199,202608212020690709,88,5150,P1 Reference Dropdown List Items Bronze - B45,br_samms_dropdown_list_items,TASK_COMPLETE,SUCCESS,INFO,4359,4359,0,,2026-08-21T20:21:13.701Z,2026-08-21T21:04:00.531Z,2567,2026-08-21T21:04:00.531Z,B45,Tifton,8488c727-7e26-424c-b4ea-f3ce6564dbed,SAMMS-TiftonV5
202608212101410805,202608212020691200,202608212020690709,88,5151,P1 Reference Dropdown List Items Bronze - B46,br_samms_dropdown_list_items,TASK_COMPLETE,SUCCESS,INFO,4355,4355,0,,2026-08-21T20:21:13.701Z,2026-08-21T21:04:00.531Z,2567,2026-08-21T21:04:00.531Z,B46,WashingtonDC,8488c727-7e26-424c-b4ea-f3ce6564dbed,SAMMS-WashingtonDCv5
202608212101410806,202608212020691201,202608212020690709,88,5152,P1 Reference Dropdown List Items Bronze - B47,br_samms_dropdown_list_items,TASK_COMPLETE,SUCCESS,INFO,4355,4355,0,,2026-08-21T20:21:13.701Z,2026-08-21T21:04:00.531Z,2567,2026-08-21T21:04:00.531Z,B47,Mobile,8488c727-7e26-424c-b4ea-f3ce6564dbed,SAMMS-MobileV5
202608212101410808,202608212020691202,202608212020690709,88,5153,P1 Reference Dropdown List Items Bronze - B48,br_samms_dropdown_list_items,TASK_COMPLETE,SUCCESS,INFO,4355,4355,0,,2026-08-21T20:21:13.701Z,2026-08-21T21:04:00.531Z,2567,2026-08-21T21:04:00.531Z,B48,Tuscaloosa,8488c727-7e26-424c-b4ea-f3ce6564dbed,SAMMS-TuscaloosaV5
202608212101410809,202608212020691203,202608212020690709,88,5154,P1 Reference Dropdown List Items Bronze - B51,br_samms_dropdown_list_items,TASK_COMPLETE,SUCCESS,INFO,4365,4365,0,,2026-08-21T20:21:13.701Z,2026-08-21T21:04:00.531Z,2567,2026-08-21T21:04:00.531Z,B51,NorthLittleRock,8488c727-7e26-424c-b4ea-f3ce6564dbed,SAMMS-NorthLittleRockV6
202608212101410811,202608212020691204,202608212020690709,88,5155,P1 Reference Dropdown List Items Bronze - B52,br_samms_dropdown_list_items,TASK_COMPLETE,SUCCESS,INFO,4359,4359,0,,2026-08-21T20:21:13.701Z,2026-08-21T21:04:00.531Z,2567,2026-08-21T21:04:00.531Z,B52,JacksonGA,8488c727-7e26-424c-b4ea-f3ce6564dbed,SAMMS-JacksonGAV5
202608212101410812,202608212020691205,202608212020690709,88,5156,P1 Reference Dropdown List Items Bronze - B54,br_samms_dropdown_list_items,TASK_COMPLETE,SUCCESS,INFO,4355,4355,0,,2026-08-21T20:21:13.701Z,2026-08-21T21:04:00.531Z,2567,2026-08-21T21:04:00.531Z,B54,Gadsden,8488c727-7e26-424c-b4ea-f3ce6564dbed,SAMMS-GadsdenV5
202608212101410814,202608212020691206,202608212020690709,88,5157,P1 Reference Dropdown List Items Bronze - B55,br_samms_dropdown_list_items,TASK_COMPLETE,SUCCESS,INFO,4355,4355,0,,2026-08-21T20:21:13.701Z,2026-08-21T21:04:00.531Z,2567,2026-08-21T21:04:00.531Z,B55,Shoals,8488c727-7e26-424c-b4ea-f3ce6564dbed,SAMMS-ShoalsV5
202608212101410815,202608212020691207,202608212020690709,88,5158,P1 Reference Dropdown List Items Bronze - B57,br_samms_dropdown_list_items,TASK_COMPLETE,SUCCESS,INFO,4267,4267,0,,2026-08-21T20:21:13.701Z,2026-08-21T21:04:00.531Z,2567,2026-08-21T21:04:00.531Z,B57,Pawtucket,8488c727-7e26-424c-b4ea-f3ce6564dbed,SAMMS-Pawtucket
202608212101410817,202608212020691208,202608212020690709,88,5159,P1 Reference Dropdown List Items Bronze - B57A,br_samms_dropdown_list_items,TASK_COMPLETE,SUCCESS,INFO,4267,4267,0,,2026-08-21T20:21:13.701Z,2026-08-21T21:04:00.531Z,2567,2026-08-21T21:04:00.531Z,B57A,Johnston,8488c727-7e26-424c-b4ea-f3ce6564dbed,SAMMS-Johnston
202608212101410818,202608212020691209,202608212020690709,88,5160,P1 Reference Dropdown List Items Bronze - B57B,br_samms_dropdown_list_items,TASK_COMPLETE,SUCCESS,INFO,4267,4267,0,,2026-08-21T20:21:13.701Z,2026-08-21T21:04:00.531Z,2567,2026-08-21T21:04:00.531Z,B57B,Middletown,8488c727-7e26-424c-b4ea-f3ce6564dbed,SAMMS-Middletown
202608212101410819,202608212020691210,202608212020690709,88,5161,P1 Reference Dropdown List Items Bronze - B57C,br_samms_dropdown_list_items,TASK_COMPLETE,SUCCESS,INFO,4267,4267,0,,2026-08-21T20:21:13.701Z,2026-08-21T21:04:00.531Z,2567,2026-08-21T21:04:00.531Z,B57C,Providence,8488c727-7e26-424c-b4ea-f3ce6564dbed,SAMMS-Providence
202608212101410821,202608212020691211,202608212020690709,88,5162,P1 Reference Dropdown List Items Bronze - B57D,br_samms_dropdown_list_items,TASK_COMPLETE,SUCCESS,INFO,4267,4267,0,,2026-08-21T20:21:13.701Z,2026-08-21T21:04:00.531Z,2567,2026-08-21T21:04:00.531Z,B57D,Westerly,8488c727-7e26-424c-b4ea-f3ce6564dbed,SAMMS-Westerly
202608212101410822,202608212020691212,202608212020690709,88,5163,P1 Reference Dropdown List Items Bronze - B66A,br_samms_dropdown_list_items,TASK_COMPLETE,SUCCESS,INFO,4371,4371,0,,2026-08-21T20:21:13.701Z,2026-08-21T21:04:00.531Z,2567,2026-08-21T21:04:00.531Z,B66A,Bremen,8488c727-7e26-424c-b4ea-f3ce6564dbed,SAMMS-Bremen
202608212101410824,202608212020691213,202608212020690709,88,5164,P1 Reference Dropdown List Items Bronze - B72,br_samms_dropdown_list_items,TASK_COMPLETE,SUCCESS,INFO,4367,4367,0,,2026-08-21T20:21:13.701Z,2026-08-21T21:04:00.531Z,2567,2026-08-21T21:04:00.531Z,B72,Mobile-OBOT,8488c727-7e26-424c-b4ea-f3ce6564dbed,SAMMS-Mobile-OBOT
202608212101410825,202608212020691214,202608212020690709,88,5165,P1 Reference Dropdown List Items Bronze - B73,br_samms_dropdown_list_items,TASK_COMPLETE,SUCCESS,INFO,4367,4367,0,,2026-08-21T20:21:13.701Z,2026-08-21T21:04:00.531Z,2567,2026-08-21T21:04:00.531Z,B73,Montgomery,8488c727-7e26-424c-b4ea-f3ce6564dbed,SAMMS-Montgomery
202608212101410827,202608212020691215,202608212020690709,88,5166,P1 Reference Dropdown List Items Bronze - B75,br_samms_dropdown_list_items,TASK_COMPLETE,SUCCESS,INFO,4365,4365,0,,2026-08-21T20:21:13.701Z,2026-08-21T21:04:00.531Z,2567,2026-08-21T21:04:00.531Z,B75,Lawrence,8488c727-7e26-424c-b4ea-f3ce6564dbed,SAMMS-LawrenceV6
202608212101410829,202608212020691216,202608212020690709,88,5167,P1 Reference Dropdown List Items Bronze - B76,br_samms_dropdown_list_items,TASK_COMPLETE,SUCCESS,INFO,4367,4367,0,,2026-08-21T20:21:13.701Z,2026-08-21T21:04:00.531Z,2567,2026-08-21T21:04:00.531Z,B76,Huntsville-OBOT,8488c727-7e26-424c-b4ea-f3ce6564dbed,SAMMS-Huntsville-OBOT
202608212101410830,202608212020691217,202608212020690709,88,5168,P1 Reference Dropdown List Items Bronze - BAT,br_samms_dropdown_list_items,TASK_COMPLETE,SUCCESS,INFO,4383,4383,0,,2026-08-21T20:21:13.701Z,2026-08-21T21:04:00.531Z,2567,2026-08-21T21:04:00.531Z,BAT,Batesville,8488c727-7e26-424c-b4ea-f3ce6564dbed,SAMMS-Batesville
202608212101410831,202608212020691218,202608212020690709,88,5169,P1 Reference Dropdown List Items Bronze - BG,br_samms_dropdown_list_items,TASK_COMPLETE,SUCCESS,INFO,4383,4383,0,,2026-08-21T20:21:13.701Z,2026-08-21T21:04:00.531Z,2567,2026-08-21T21:04:00.531Z,BG,BowlingGreen,8488c727-7e26-424c-b4ea-f3ce6564dbed,SAMMS-BowlingGreen
202608212101410833,202608212020691219,202608212020690709,88,5170,P1 Reference Dropdown List Items Bronze - BOI,br_samms_dropdown_list_items,TASK_COMPLETE,SUCCESS,INFO,4365,4365,0,,2026-08-21T20:21:13.701Z,2026-08-21T21:04:00.531Z,2567,2026-08-21T21:04:00.531Z,BOI,Boise,8488c727-7e26-424c-b4ea-f3ce6564dbed,SAMMS-Boise
202608212101410835,202608212020691220,202608212020690709,88,5171,P1 Reference Dropdown List Items Bronze - CBCO,br_samms_dropdown_list_items,TASK_COMPLETE,SUCCESS,INFO,4365,4365,0,,2026-08-21T20:21:13.701Z,2026-08-21T21:04:00.531Z,2567,2026-08-21T21:04:00.531Z,CBCO,CoeurdAlene,8488c727-7e26-424c-b4ea-f3ce6564dbed,SAMMS-CoeurdAleneV6
202608212101410836,202608212020691221,202608212020690709,88,5172,P1 Reference Dropdown List Items Bronze - CON,br_samms_dropdown_list_items,TASK_COMPLETE,SUCCESS,INFO,4383,4383,0,,2026-08-21T20:21:13.701Z,2026-08-21T21:04:00.531Z,2567,2026-08-21T21:04:00.531Z,CON,Conway,8488c727-7e26-424c-b4ea-f3ce6564dbed,SAMMS-Conway
202608212101410838,202608212020691222,202608212020690709,88,5173,P1 Reference Dropdown List Items Bronze - D07,br_samms_dropdown_list_items,TASK_COMPLETE,SUCCESS,INFO,4367,4367,0,,2026-08-21T20:21:13.701Z,2026-08-21T21:04:00.531Z,2567,2026-08-21T21:04:00.531Z,D07,Knoxville,8488c727-7e26-424c-b4ea-f3ce6564dbed,SAMMS-KnoxvilleV6
202608212101410839,202608212020691223,202608212020690709,88,5174,P1 Reference Dropdown List Items Bronze - D08,br_samms_dropdown_list_items,TASK_COMPLETE,SUCCESS,INFO,4365,4365,0,,2026-08-21T20:21:13.701Z,2026-08-21T21:04:00.531Z,2567,2026-08-21T21:04:00.531Z,D08,Madison,8488c727-7e26-424c-b4ea-f3ce6564dbed,SAMMS-MadisonV6
202608212101410841,202608212020691224,202608212020690709,88,5175,P1 Reference Dropdown List Items Bronze - D09,br_samms_dropdown_list_items,TASK_COMPLETE,SUCCESS,INFO,4365,4365,0,,2026-08-21T20:21:13.701Z,2026-08-21T21:04:00.531Z,2567,2026-08-21T21:04:00.531Z,D09,Murfreesboro,8488c727-7e26-424c-b4ea-f3ce6564dbed,SAMMS-MurfreesboroV6
202608212101410842,202608212020691225,202608212020690709,88,5176,P1 Reference Dropdown List Items Bronze - DA,br_samms_dropdown_list_items,TASK_COMPLETE,SUCCESS,INFO,4383,4383,0,,2026-08-21T20:21:13.701Z,2026-08-21T21:04:00.531Z,2567,2026-08-21T21:04:00.531Z,DA,Davenport,8488c727-7e26-424c-b4ea-f3ce6564dbed,SAMMS-Davenport
202608212101410844,202608212020691226,202608212020690709,88,5177,P1 Reference Dropdown List Items Bronze - DM,br_samms_dropdown_list_items,TASK_COMPLETE,SUCCESS,INFO,4383,4383,0,,2026-08-21T20:21:13.701Z,2026-08-21T21:04:00.531Z,2567,2026-08-21T21:04:00.531Z,DM,DesMoines,8488c727-7e26-424c-b4ea-f3ce6564dbed,SAMMS-DesMoines
202608212101410846,202608212020691227,202608212020690709,88,5178,P1 Reference Dropdown List Items Bronze - DRD-CO,br_samms_dropdown_list_items,TASK_COMPLETE,SUCCESS,INFO,4355,4355,0,,2026-08-21T20:21:13.701Z,2026-08-21T21:04:00.531Z,2567,2026-08-21T21:04:00.531Z,DRD-CO,Columbia,8488c727-7e26-424c-b4ea-f3ce6564dbed,SAMMS-ColumbiaV5
202608212101410847,202608212020691228,202608212020690709,88,5179,P1 Reference Dropdown List Items Bronze - DRD-KC,br_samms_dropdown_list_items,TASK_COMPLETE,SUCCESS,INFO,4355,4355,0,,2026-08-21T20:21:13.701Z,2026-08-21T21:04:00.531Z,2567,2026-08-21T21:04:00.531Z,DRD-KC,KC,8488c727-7e26-424c-b4ea-f3ce6564dbed,SAMMS-KCv5
202608212101410849,202608212020691229,202608212020690709,88,5180,P1 Reference Dropdown List Items Bronze - DRD-KVB,br_samms_dropdown_list_items,TASK_COMPLETE,SUCCESS,INFO,4365,4365,0,,2026-08-21T20:21:13.701Z,2026-08-21T21:04:00.531Z,2567,2026-08-21T21:04:00.531Z,DRD-KVB,KVB,8488c727-7e26-424c-b4ea-f3ce6564dbed,SAMMS-KVBv5
202608212101410850,202608212020691230,202608212020690709,88,5181,P1 Reference Dropdown List Items Bronze - DRD-KVC,br_samms_dropdown_list_items,TASK_COMPLETE,SUCCESS,INFO,4371,4371,0,,2026-08-21T20:21:13.701Z,2026-08-21T21:04:00.531Z,2567,2026-08-21T21:04:00.531Z,DRD-KVC,KVC,8488c727-7e26-424c-b4ea-f3ce6564dbed,SAMMS-KVCv5
202608212101410852,202608212020691231,202608212020690709,88,5182,P1 Reference Dropdown List Items Bronze - DRD-NOLA,br_samms_dropdown_list_items,TASK_COMPLETE,SUCCESS,INFO,4365,4365,0,,2026-08-21T20:21:13.701Z,2026-08-21T21:04:00.531Z,2567,2026-08-21T21:04:00.531Z,DRD-NOLA,NOLA,8488c727-7e26-424c-b4ea-f3ce6564dbed,SAMMS-NOLAv5
202608212101410854,202608212020691232,202608212020690709,88,5183,P1 Reference Dropdown List Items Bronze - DRD-SF,br_samms_dropdown_list_items,TASK_COMPLETE,SUCCESS,INFO,4355,4355,0,,2026-08-21T20:21:13.701Z,2026-08-21T21:04:00.531Z,2567,2026-08-21T21:04:00.531Z,DRD-SF,SF,8488c727-7e26-424c-b4ea-f3ce6564dbed,SAMMS-SFv5
202608212101410856,202608212020691233,202608212020690709,88,5184,P1 Reference Dropdown List Items Bronze - ELC,br_samms_dropdown_list_items,TASK_COMPLETE,SUCCESS,INFO,4383,4383,0,,2026-08-21T20:21:13.701Z,2026-08-21T21:04:00.531Z,2567,2026-08-21T21:04:00.531Z,ELC,ElizabethCity,8488c727-7e26-424c-b4ea-f3ce6564dbed,SAMMS-ElizabethCity
202608212101410857,202608212020691234,202608212020690709,88,5185,P1 Reference Dropdown List Items Bronze - ET,br_samms_dropdown_list_items,TASK_COMPLETE,SUCCESS,INFO,4383,4383,0,,2026-08-21T20:21:13.701Z,2026-08-21T21:04:00.531Z,2567,2026-08-21T21:04:00.531Z,ET,Elizabethtown,8488c727-7e26-424c-b4ea-f3ce6564dbed,SAMMS-Elizabethtown
202608212101410859,202608212020691235,202608212020690709,88,5186,P1 Reference Dropdown List Items Bronze - FAY,br_samms_dropdown_list_items,TASK_COMPLETE,SUCCESS,INFO,4383,4383,0,,2026-08-21T20:21:13.701Z,2026-08-21T21:04:00.531Z,2567,2026-08-21T21:04:00.531Z,FAY,Fayetteville,8488c727-7e26-424c-b4ea-f3ce6564dbed,SAMMS-Fayetteville
202608212101410861,202608212020691236,202608212020690709,88,5187,P1 Reference Dropdown List Items Bronze - FR,br_samms_dropdown_list_items,TASK_COMPLETE,SUCCESS,INFO,4383,4383,0,,2026-08-21T20:21:13.701Z,2026-08-21T21:04:00.531Z,2567,2026-08-21T21:04:00.531Z,FR,Frankfort,8488c727-7e26-424c-b4ea-f3ce6564dbed,SAMMS-Frankfort
202608212101410862,202608212020691237,202608212020690709,88,5188,P1 Reference Dropdown List Items Bronze - FS,br_samms_dropdown_list_items,TASK_COMPLETE,SUCCESS,INFO,4383,4383,0,,2026-08-21T20:21:13.701Z,2026-08-21T21:04:00.531Z,2567,2026-08-21T21:04:00.531Z,FS,FortSmith,8488c727-7e26-424c-b4ea-f3ce6564dbed,SAMMS-FortSmith
202608212101410864,202608212020691238,202608212020690709,88,5189,P1 Reference Dropdown List Items Bronze - FW,br_samms_dropdown_list_items,TASK_COMPLETE,SUCCESS,INFO,4383,4383,0,,2026-08-21T20:21:13.701Z,2026-08-21T21:04:00.531Z,2567,2026-08-21T21:04:00.531Z,FW,FortWayne,8488c727-7e26-424c-b4ea-f3ce6564dbed,SAMMS-FortWayne
202608212101410083,202608212020690788,202608212020690709,88,4730,P1 Reference Clinic Bronze - MRD,br_samms_clinic,TASK_COMPLETE,SUCCESS,INFO,1,1,0,,2026-08-21T20:21:13.701Z,2026-08-21T21:04:00.531Z,2567,2026-08-21T21:04:00.531Z,MRD,Meridian,8488c727-7e26-424c-b4ea-f3ce6564dbed,SAMMS-Meridian
202608212101410085,202608212020690789,202608212020690709,88,4731,P1 Reference Clinic Bronze - NC,br_samms_clinic,TASK_COMPLETE,SUCCESS,INFO,1,1,0,,2026-08-21T20:21:13.701Z,2026-08-21T21:04:00.531Z,2567,2026-08-21T21:04:00.531Z,NC,NorthCharleston,8488c727-7e26-424c-b4ea-f3ce6564dbed,SAMMS-NorthCharleston
202608212101410087,202608212020690790,202608212020690709,88,4732,P1 Reference Clinic Bronze - NLR,br_samms_clinic,TASK_COMPLETE,SUCCESS,INFO,1,1,0,,2026-08-21T20:21:13.701Z,2026-08-21T21:04:00.531Z,2567,2026-08-21T21:04:00.531Z,NLR,NLROBOT,8488c727-7e26-424c-b4ea-f3ce6564dbed,SAMMS-NLROBOT
202608212101410089,202608212020690791,202608212020690709,88,4733,P1 Reference Clinic Bronze - PH,br_samms_clinic,TASK_COMPLETE,SUCCESS,INFO,1,1,0,,2026-08-21T20:21:13.701Z,2026-08-21T21:04:00.531Z,2567,2026-08-21T21:04:00.531Z,PH,Phoenix,8488c727-7e26-424c-b4ea-f3ce6564dbed,SAMMS-Phoenix
202608212101410091,202608212020690792,202608212020690709,88,4734,P1 Reference Clinic Bronze - RE,br_samms_clinic,TASK_COMPLETE,SUCCESS,INFO,1,1,0,,2026-08-21T20:21:13.701Z,2026-08-21T21:04:00.531Z,2567,2026-08-21T21:04:00.531Z,RE,Reno,8488c727-7e26-424c-b4ea-f3ce6564dbed,SAMMS-Reno
202608212101410092,202608212020690793,202608212020690709,88,4735,P1 Reference Clinic Bronze - RMD,br_samms_clinic,TASK_COMPLETE,SUCCESS,INFO,1,1,0,,2026-08-21T20:21:13.701Z,2026-08-21T21:04:00.531Z,2567,2026-08-21T21:04:00.531Z,RMD,Richmond,8488c727-7e26-424c-b4ea-f3ce6564dbed,SAMMS-Richmond
202608212101410094,202608212020690794,202608212020690709,88,4736,P1 Reference Clinic Bronze - SFN,br_samms_clinic,TASK_COMPLETE,SUCCESS,INFO,1,1,0,,2026-08-21T20:21:13.701Z,2026-08-21T21:04:00.531Z,2567,2026-08-21T21:04:00.531Z,SFN,SFN,8488c727-7e26-424c-b4ea-f3ce6564dbed,SAMMS-SFNv5
202608212101410096,202608212020690795,202608212020690709,88,4737,P1 Reference Clinic Bronze - SHP,br_samms_clinic,TASK_COMPLETE,SUCCESS,INFO,1,1,0,,2026-08-21T20:21:13.701Z,2026-08-21T21:04:00.531Z,2567,2026-08-21T21:04:00.531Z,SHP,Shreveport,8488c727-7e26-424c-b4ea-f3ce6564dbed,SAMMS-Shreveport
202608212101410098,202608212020690796,202608212020690709,88,4738,P1 Reference Clinic Bronze - STN,br_samms_clinic,TASK_COMPLETE,SUCCESS,INFO,1,1,0,,2026-08-21T20:21:13.701Z,2026-08-21T21:04:00.531Z,2567,2026-08-21T21:04:00.531Z,STN,Staunton,8488c727-7e26-424c-b4ea-f3ce6564dbed,SAMMS-Staunton
202608212101410100,202608212020690797,202608212020690709,88,4739,P1 Reference Clinic Bronze - STVN,br_samms_clinic,TASK_COMPLETE,SUCCESS,INFO,1,1,0,,2026-08-21T20:21:13.701Z,2026-08-21T21:04:00.531Z,2567,2026-08-21T21:04:00.531Z,STVN,Stevenson,8488c727-7e26-424c-b4ea-f3ce6564dbed,SAMMS-Stevenson
202608212101410102,202608212020690798,202608212020690709,88,4740,P1 Reference Clinic Bronze - TE,br_samms_clinic,TASK_COMPLETE,SUCCESS,INFO,1,1,0,,2026-08-21T20:21:13.701Z,2026-08-21T21:04:00.531Z,2567,2026-08-21T21:04:00.531Z,TE,Tempe,8488c727-7e26-424c-b4ea-f3ce6564dbed,SAMMS-Tempe
202608212101410104,202608212020690799,202608212020690709,88,4741,P1 Reference Clinic Bronze - TEX,br_samms_clinic,TASK_COMPLETE,SUCCESS,INFO,1,1,0,,2026-08-21T20:21:13.701Z,2026-08-21T21:04:00.531Z,2567,2026-08-21T21:04:00.531Z,TEX,Texarkana,8488c727-7e26-424c-b4ea-f3ce6564dbed,SAMMS-Texarkana
202608212101410106,202608212020690800,202608212020690709,88,4742,P1 Reference Clinic Bronze - TTCA,br_samms_clinic,TASK_COMPLETE,SUCCESS,INFO,1,1,0,,2026-08-21T20:21:13.701Z,2026-08-21T21:04:00.531Z,2567,2026-08-21T21:04:00.531Z,TTCA,Bessemer,8488c727-7e26-424c-b4ea-f3ce6564dbed,SAMMS-BessemerV5
202608212101410108,202608212020690801,202608212020690709,88,4743,P1 Reference Clinic Bronze - TTCB,br_samms_clinic,TASK_COMPLETE,SUCCESS,INFO,1,1,0,,2026-08-21T20:21:13.701Z,2026-08-21T21:04:00.531Z,2567,2026-08-21T21:04:00.531Z,TTCB,Cullman,8488c727-7e26-424c-b4ea-f3ce6564dbed,SAMMS-CullmanV5
202608212101410110,202608212020690802,202608212020690709,88,4744,P1 Reference Clinic Bronze - TTCC,br_samms_clinic,TASK_COMPLETE,SUCCESS,INFO,1,1,0,,2026-08-21T20:21:13.701Z,2026-08-21T21:04:00.531Z,2567,2026-08-21T21:04:00.531Z,TTCC,GrandBay,8488c727-7e26-424c-b4ea-f3ce6564dbed,SAMMS-GrandBay
202608212101410112,202608212020690803,202608212020690709,88,4745,P1 Reference Clinic Bronze - TU,br_samms_clinic,TASK_COMPLETE,SUCCESS,INFO,1,1,0,,2026-08-21T20:21:13.701Z,2026-08-21T21:04:00.531Z,2567,2026-08-21T21:04:00.531Z,TU,Tucson,8488c727-7e26-424c-b4ea-f3ce6564dbed,SAMMS-Tucson
202608212101410114,202608212020690804,202608212020690709,88,4746,P1 Reference Clinic Bronze - V1,br_samms_clinic,TASK_COMPLETE,SUCCESS,INFO,1,1,0,,2026-08-21T20:21:13.701Z,2026-08-21T21:04:00.531Z,2567,2026-08-21T21:04:00.531Z,V1,VCPHCS-I-Memphis,8488c727-7e26-424c-b4ea-f3ce6564dbed,SAMMS-VCPHCS-I-MemphisV5
202608212101410116,202608212020690805,202608212020690709,88,4747,P1 Reference Clinic Bronze - V10,br_samms_clinic,TASK_COMPLETE,SUCCESS,INFO,1,1,0,,2026-08-21T20:21:13.701Z,2026-08-21T21:04:00.531Z,2567,2026-08-21T21:04:00.531Z,V10,Boulder,8488c727-7e26-424c-b4ea-f3ce6564dbed,SAMMS-BoulderV5
202608212101410118,202608212020690806,202608212020690709,88,4748,P1 Reference Clinic Bronze - V10A,br_samms_clinic,TASK_COMPLETE,SUCCESS,INFO,1,1,0,,2026-08-21T20:21:13.701Z,2026-08-21T21:04:00.531Z,2567,2026-08-21T21:04:00.531Z,V10A,FortCollins,8488c727-7e26-424c-b4ea-f3ce6564dbed,SAMMS-FortCollinsV5
202608212101410120,202608212020690807,202608212020690709,88,4749,P1 Reference Clinic Bronze - V11,br_samms_clinic,TASK_COMPLETE,SUCCESS,INFO,1,1,0,,2026-08-21T20:21:13.701Z,2026-08-21T21:04:00.531Z,2567,2026-08-21T21:04:00.531Z,V11,VCPHCS-XI-NorthDenver,8488c727-7e26-424c-b4ea-f3ce6564dbed,SAMMS-VCPHCS-XI-NorthDenverV5
202608212101410122,202608212020690808,202608212020690709,88,4750,P1 Reference Clinic Bronze - V12,br_samms_clinic,TASK_COMPLETE,SUCCESS,INFO,1,1,0,,2026-08-21T20:21:13.701Z,2026-08-21T21:04:00.531Z,2567,2026-08-21T21:04:00.531Z,V12,VCPHCS-XII-DowntownDenver,8488c727-7e26-424c-b4ea-f3ce6564dbed,SAMMS-VCPHCS-XII-DowntownDenverV5
202608212101410124,202608212020690809,202608212020690709,88,4751,P1 Reference Clinic Bronze - V12A,br_samms_clinic,TASK_COMPLETE,SUCCESS,INFO,1,1,0,,2026-08-21T20:21:13.701Z,2026-08-21T21:04:00.531Z,2567,2026-08-21T21:04:00.531Z,V12A,Centennial,8488c727-7e26-424c-b4ea-f3ce6564dbed,SAMMS-CentennialV5
202608212101410126,202608212020690810,202608212020690709,88,4752,P1 Reference Clinic Bronze - V14,br_samms_clinic,TASK_COMPLETE,SUCCESS,INFO,1,1,0,,2026-08-21T20:21:13.701Z,2026-08-21T21:04:00.531Z,2567,2026-08-21T21:04:00.531Z,V14,VCPHCS-XIV-Bridgeway,8488c727-7e26-424c-b4ea-f3ce6564dbed,SAMMS-VCPHCS-XIV-BridgewayV5
202608212101410128,202608212020690811,202608212020690709,88,4753,P1 Reference Clinic Bronze - V15,br_samms_clinic,TASK_COMPLETE,SUCCESS,INFO,1,1,0,,2026-08-21T20:21:13.701Z,2026-08-21T21:04:00.531Z,2567,2026-08-21T21:04:00.531Z,V15,Joplin,8488c727-7e26-424c-b4ea-f3ce6564dbed,SAMMS-JoplinV5
202608212101410130,202608212020690812,202608212020690709,88,4754,P1 Reference Clinic Bronze - V17,br_samms_clinic,TASK_COMPLETE,SUCCESS,INFO,1,1,0,,2026-08-21T20:21:13.701Z,2026-08-21T21:04:00.531Z,2567,2026-08-21T21:04:00.531Z,V17,ColumbiaTN,8488c727-7e26-424c-b4ea-f3ce6564dbed,SAMMS-ColumbiaTNv5
202608212101410132,202608212020690813,202608212020690709,88,4755,P1 Reference Clinic Bronze - V19,br_samms_clinic,TASK_COMPLETE,SUCCESS,INFO,1,1,0,,2026-08-21T20:21:13.701Z,2026-08-21T21:04:00.531Z,2567,2026-08-21T21:04:00.531Z,V19,Jackson,8488c727-7e26-424c-b4ea-f3ce6564dbed,SAMMS-JacksonV5
202608212101410134,202608212020690814,202608212020690709,88,4756,P1 Reference Clinic Bronze - V20,br_samms_clinic,TASK_COMPLETE,SUCCESS,INFO,1,1,0,,2026-08-21T20:21:13.701Z,2026-08-21T21:04:00.531Z,2567,2026-08-21T21:04:00.531Z,V20,Paris,8488c727-7e26-424c-b4ea-f3ce6564dbed,SAMMS-ParisV5
202608212101410136,202608212020690815,202608212020690709,88,4757,P1 Reference Clinic Bronze - V21,br_samms_clinic,TASK_COMPLETE,SUCCESS,INFO,1,1,0,,2026-08-21T20:21:13.701Z,2026-08-21T21:04:00.531Z,2567,2026-08-21T21:04:00.531Z,V21,Raleigh,8488c727-7e26-424c-b4ea-f3ce6564dbed,SAMMS-RaleighV5
202608212101410138,202608212020690816,202608212020690709,88,4758,P1 Reference Clinic Bronze - V5,br_samms_clinic,TASK_COMPLETE,SUCCESS,INFO,1,1,0,,2026-08-21T20:21:13.701Z,2026-08-21T21:04:00.531Z,2567,2026-08-21T21:04:00.531Z,V5,NONTC,8488c727-7e26-424c-b4ea-f3ce6564dbed,SAMMS-NONTCv5
202608212101410140,202608212020690817,202608212020690709,88,4759,P1 Reference Clinic Bronze - V5B,br_samms_clinic,TASK_COMPLETE,SUCCESS,INFO,1,1,0,,2026-08-21T20:21:13.701Z,2026-08-21T21:04:00.531Z,2567,2026-08-21T21:04:00.531Z,V5B,Houma,8488c727-7e26-424c-b4ea-f3ce6564dbed,SAMMS-HoumaV6
202608212101410142,202608212020690818,202608212020690709,88,4760,P1 Reference Clinic Bronze - V6,br_samms_clinic,TASK_COMPLETE,SUCCESS,INFO,1,1,0,,2026-08-21T20:21:13.701Z,2026-08-21T21:04:00.531Z,2567,2026-08-21T21:04:00.531Z,V6,LC,8488c727-7e26-424c-b4ea-f3ce6564dbed,SAMMS-LCv5
202608212101410144,202608212020690819,202608212020690709,88,4761,P1 Reference Clinic Bronze - V8,br_samms_clinic,TASK_COMPLETE,SUCCESS,INFO,1,1,0,,2026-08-21T20:21:13.701Z,2026-08-21T21:04:00.531Z,2567,2026-08-21T21:04:00.531Z,V8,VCPHCS-VIII-Memphis,8488c727-7e26-424c-b4ea-f3ce6564dbed,SAMMS-VCPHCS-VIII-MemphisV5
202608212101410146,202608212020690820,202608212020690709,88,4762,P1 Reference Clinic Bronze - V9,br_samms_clinic,TASK_COMPLETE,SUCCESS,INFO,1,1,0,,2026-08-21T20:21:13.701Z,2026-08-21T21:04:00.531Z,2567,2026-08-21T21:04:00.531Z,V9,Nashville,8488c727-7e26-424c-b4ea-f3ce6564dbed,SAMMS-NashvilleV5
202608212101410148,202608212020690821,202608212020690709,88,4763,P1 Reference Clinic Bronze - VBRA,br_samms_clinic,TASK_COMPLETE,SUCCESS,INFO,1,1,0,,2026-08-21T20:21:13.701Z,2026-08-21T21:04:00.531Z,2567,2026-08-21T21:04:00.531Z,VBRA,Brainerd,8488c727-7e26-424c-b4ea-f3ce6564dbed,SAMMS-BrainerdV6
202608212101410151,202608212020690822,202608212020690709,88,4764,P1 Reference Clinic Bronze - VBRP,br_samms_clinic,TASK_COMPLETE,SUCCESS,INFO,1,1,0,,2026-08-21T20:21:13.701Z,2026-08-21T21:04:00.531Z,2567,2026-08-21T21:04:00.531Z,VBRP,BrooklynPark,8488c727-7e26-424c-b4ea-f3ce6564dbed,SAMMS-BrooklynParkV6
202608212101410153,202608212020690823,202608212020690709,88,4765,P1 Reference Clinic Bronze - VMIN,br_samms_clinic,TASK_COMPLETE,SUCCESS,INFO,1,1,0,,2026-08-21T20:21:13.701Z,2026-08-21T21:04:00.531Z,2567,2026-08-21T21:04:00.531Z,VMIN,Minneapolis,8488c727-7e26-424c-b4ea-f3ce6564dbed,SAMMS-MinneapolisV6
202608212101410155,202608212020690824,202608212020690709,88,4766,P1 Reference Clinic Bronze - VWBY,br_samms_clinic,TASK_COMPLETE,SUCCESS,INFO,1,1,0,,2026-08-21T20:21:13.701Z,2026-08-21T21:04:00.531Z,2567,2026-08-21T21:04:00.531Z,VWBY,Woodbury,8488c727-7e26-424c-b4ea-f3ce6564dbed,SAMMS-WoodburyV6
202608212101410157,202608212020690825,202608212020690709,88,4767,P1 Reference Clinic Bronze - WIL,br_samms_clinic,TASK_COMPLETE,SUCCESS,INFO,1,1,0,,2026-08-21T20:21:13.701Z,2026-08-21T21:04:00.531Z,2567,2026-08-21T21:04:00.531Z,WIL,Wilson,8488c727-7e26-424c-b4ea-f3ce6564dbed,SAMMS-Wilson
202608212101410258,202608212020790710,202608212020790709,89,4768,P1 Reference Clinic Silver,tbl_Clinic,TASK_COMPLETE,SUCCESS,INFO,115,115,0,,2026-08-21T20:21:13.701Z,2026-08-21T21:04:00.531Z,2567,2026-08-21T21:04:00.531Z,,,8488c727-7e26-424c-b4ea-f3ce6564dbed,
202608212101410165,202608212020690942,202608212020690709,88,4889,P1 Reference Codes Bronze - AHK,br_samms_codes,TASK_COMPLETE,SUCCESS,INFO,1087,1087,0,,2026-08-21T20:21:13.701Z,2026-08-21T21:04:00.531Z,2567,2026-08-21T21:04:00.531Z,AHK,Ahoskie,8488c727-7e26-424c-b4ea-f3ce6564dbed,SAMMS-Ahoskie
202608212101410166,202608212020690943,202608212020690709,88,4890,P1 Reference Codes Bronze - B12B,br_samms_codes,TASK_COMPLETE,SUCCESS,INFO,1106,1106,0,,2026-08-21T20:21:13.701Z,2026-08-21T21:04:00.531Z,2567,2026-08-21T21:04:00.531Z,B12B,ColoradoSprings,8488c727-7e26-424c-b4ea-f3ce6564dbed,SAMMS-ColoradoSpringsV5
202608212101410167,202608212020690944,202608212020690709,88,4891,P1 Reference Codes Bronze - B24,br_samms_codes,TASK_COMPLETE,SUCCESS,INFO,1583,1583,0,,2026-08-21T20:21:13.701Z,2026-08-21T21:04:00.531Z,2567,2026-08-21T21:04:00.531Z,B24,Paintsville,8488c727-7e26-424c-b4ea-f3ce6564dbed,SAMMS-PaintsvilleV5
202608212101410168,202608212020690945,202608212020690709,88,4892,P1 Reference Codes Bronze - B25,br_samms_codes,TASK_COMPLETE,SUCCESS,INFO,1984,1984,0,,2026-08-21T20:21:13.701Z,2026-08-21T21:04:00.531Z,2567,2026-08-21T21:04:00.531Z,B25,Pikeville,8488c727-7e26-424c-b4ea-f3ce6564dbed,SAMMS-PikevilleV5
202608212101410169,202608212020690946,202608212020690709,88,4893,P1 Reference Codes Bronze - B26,br_samms_codes,TASK_COMPLETE,SUCCESS,INFO,1704,1704,0,,2026-08-21T20:21:13.701Z,2026-08-21T21:04:00.531Z,2567,2026-08-21T21:04:00.531Z,B26,Hazard,8488c727-7e26-424c-b4ea-f3ce6564dbed,SAMMS-HazardV5
202608212101410171,202608212020690947,202608212020690709,88,4894,P1 Reference Codes Bronze - B27,br_samms_codes,TASK_COMPLETE,SUCCESS,INFO,2220,2220,0,,2026-08-21T20:21:13.701Z,2026-08-21T21:04:00.531Z,2567,2026-08-21T21:04:00.531Z,B27,Savannah,8488c727-7e26-424c-b4ea-f3ce6564dbed,SAMMS-SavannahV6
202608212101410172,202608212020690948,202608212020690709,88,4895,P1 Reference Codes Bronze - B28,br_samms_codes,TASK_COMPLETE,SUCCESS,INFO,2751,2751,0,,2026-08-21T20:21:13.701Z,2026-08-21T21:04:00.531Z,2567,2026-08-21T21:04:00.531Z,B28,WestPlaines,8488c727-7e26-424c-b4ea-f3ce6564dbed,SAMMS-WestPlainesV5
202608212101410173,202608212020690949,202608212020690709,88,4896,P1 Reference Codes Bronze - B29,br_samms_codes,TASK_COMPLETE,SUCCESS,INFO,1678,1678,0,,2026-08-21T20:21:13.701Z,2026-08-21T21:04:00.531Z,2567,2026-08-21T21:04:00.531Z,B29,PoplarBluff,8488c727-7e26-424c-b4ea-f3ce6564dbed,SAMMS-PoplarBluffV5
202608212101410175,202608212020690950,202608212020690709,88,4897,P1 Reference Codes Bronze - B30,br_samms_codes,TASK_COMPLETE,SUCCESS,INFO,1013,1013,0,,2026-08-21T20:21:13.701Z,2026-08-21T21:04:00.531Z,2567,2026-08-21T21:04:00.531Z,B30,KCN,8488c727-7e26-424c-b4ea-f3ce6564dbed,SAMMS-KCNv5
202608212101410176,202608212020690951,202608212020690709,88,4898,P1 Reference Codes Bronze - B31,br_samms_codes,TASK_COMPLETE,SUCCESS,INFO,4092,4092,0,,2026-08-21T20:21:13.701Z,2026-08-21T21:04:00.531Z,2567,2026-08-21T21:04:00.531Z,B31,Dyersburg,8488c727-7e26-424c-b4ea-f3ce6564dbed,SAMMS-DyersburgV5
202608212101410177,202608212020690952,202608212020690709,88,4899,P1 Reference Codes Bronze - B33,br_samms_codes,TASK_COMPLETE,SUCCESS,INFO,1683,1683,0,,2026-08-21T20:21:13.701Z,2026-08-21T21:04:00.531Z,2567,2026-08-21T21:04:00.531Z,B33,Paducah,8488c727-7e26-424c-b4ea-f3ce6564dbed,SAMMS-Paducah
202608212101410179,202608212020690953,202608212020690709,88,4900,P1 Reference Codes Bronze - B34,br_samms_codes,TASK_COMPLETE,SUCCESS,INFO,2116,2116,0,,2026-08-21T20:21:13.701Z,2026-08-21T21:04:00.531Z,2567,2026-08-21T21:04:00.531Z,B34,Corbin,8488c727-7e26-424c-b4ea-f3ce6564dbed,SAMMS-CorbinV5
202608212101410180,202608212020690954,202608212020690709,88,4901,P1 Reference Codes Bronze - B35,br_samms_codes,TASK_COMPLETE,SUCCESS,INFO,4069,4069,0,,2026-08-21T20:21:13.701Z,2026-08-21T21:04:00.531Z,2567,2026-08-21T21:04:00.531Z,B35,Lexington,8488c727-7e26-424c-b4ea-f3ce6564dbed,SAMMS-LexingtonV5
202608212101410181,202608212020690955,202608212020690709,88,4902,P1 Reference Codes Bronze - B35A,br_samms_codes,TASK_COMPLETE,SUCCESS,INFO,2132,2132,0,,2026-08-21T20:21:13.701Z,2026-08-21T21:04:00.531Z,2567,2026-08-21T21:04:00.531Z,B35A,Berea,8488c727-7e26-424c-b4ea-f3ce6564dbed,SAMMS-BereaV5
202608212101410182,202608212020690956,202608212020690709,88,4903,P1 Reference Codes Bronze - B36,br_samms_codes,TASK_COMPLETE,SUCCESS,INFO,1415,1415,0,,2026-08-21T20:21:13.701Z,2026-08-21T21:04:00.531Z,2567,2026-08-21T21:04:00.531Z,B36,Asheville,8488c727-7e26-424c-b4ea-f3ce6564dbed,SAMMS-AshevilleV5
202608212101410183,202608212020690957,202608212020690709,88,4904,P1 Reference Codes Bronze - B37,br_samms_codes,TASK_COMPLETE,SUCCESS,INFO,1678,1678,0,,2026-08-21T20:21:13.701Z,2026-08-21T21:04:00.531Z,2567,2026-08-21T21:04:00.531Z,B37,Clyde,8488c727-7e26-424c-b4ea-f3ce6564dbed,SAMMS-ClydeV5
202608212101410185,202608212020690958,202608212020690709,88,4905,P1 Reference Codes Bronze - B38,br_samms_codes,TASK_COMPLETE,SUCCESS,INFO,2431,2431,0,,2026-08-21T20:21:13.701Z,2026-08-21T21:04:00.531Z,2567,2026-08-21T21:04:00.531Z,B38,Spartanburg,8488c727-7e26-424c-b4ea-f3ce6564dbed,SAMMS-SpartanburgV5
202608212101410186,202608212020690959,202608212020690709,88,4906,P1 Reference Codes Bronze - B39,br_samms_codes,TASK_COMPLETE,SUCCESS,INFO,1235,1235,0,,2026-08-21T20:21:13.701Z,2026-08-21T21:04:00.531Z,2567,2026-08-21T21:04:00.531Z,B39,Aiken,8488c727-7e26-424c-b4ea-f3ce6564dbed,SAMMS-AikenV5
202608212101410187,202608212020690960,202608212020690709,88,4907,P1 Reference Codes Bronze - B41,br_samms_codes,TASK_COMPLETE,SUCCESS,INFO,1133,1133,0,,2026-08-21T20:21:13.701Z,2026-08-21T21:04:00.531Z,2567,2026-08-21T21:04:00.531Z,B41,Chesapeake,8488c727-7e26-424c-b4ea-f3ce6564dbed,SAMMS-ChesapeakeV5
202608212101410188,202608212020690961,202608212020690709,88,4908,P1 Reference Codes Bronze - B42,br_samms_codes,TASK_COMPLETE,SUCCESS,INFO,1790,1790,0,,2026-08-21T20:21:13.701Z,2026-08-21T21:04:00.531Z,2567,2026-08-21T21:04:00.531Z,B42,VirginiaBeach,8488c727-7e26-424c-b4ea-f3ce6564dbed,SAMMS-VirginiaBeachV5
202608212101410190,202608212020690962,202608212020690709,88,4909,P1 Reference Codes Bronze - B42A,br_samms_codes,TASK_COMPLETE,SUCCESS,INFO,2023,2023,0,,2026-08-21T20:21:13.701Z,2026-08-21T21:04:00.531Z,2567,2026-08-21T21:04:00.531Z,B42A,NewportNews,8488c727-7e26-424c-b4ea-f3ce6564dbed,SAMMS-NewportNewsV5
202608212101410191,202608212020690963,202608212020690709,88,4910,P1 Reference Codes Bronze - B42B,br_samms_codes,TASK_COMPLETE,SUCCESS,INFO,1061,1061,0,,2026-08-21T20:21:13.701Z,2026-08-21T21:04:00.531Z,2567,2026-08-21T21:04:00.531Z,B42B,Franklin,8488c727-7e26-424c-b4ea-f3ce6564dbed,SAMMS-FranklinV5
202608212101410192,202608212020690964,202608212020690709,88,4911,P1 Reference Codes Bronze - B42C,br_samms_codes,TASK_COMPLETE,SUCCESS,INFO,2434,2434,0,,2026-08-21T20:21:13.701Z,2026-08-21T21:04:00.531Z,2567,2026-08-21T21:04:00.531Z,B42C,GlenAllen,8488c727-7e26-424c-b4ea-f3ce6564dbed,SAMMS-GlenAllenV5
202608212101410193,202608212020690965,202608212020690709,88,4912,P1 Reference Codes Bronze - B42D,br_samms_codes,TASK_COMPLETE,SUCCESS,INFO,1816,1816,0,,2026-08-21T20:21:13.701Z,2026-08-21T21:04:00.531Z,2567,2026-08-21T21:04:00.531Z,B42D,ChesapeakeSouth,8488c727-7e26-424c-b4ea-f3ce6564dbed,SAMMS-ChesapeakeSouthV5
202608212101410195,202608212020690966,202608212020690709,88,4913,P1 Reference Codes Bronze - B44,br_samms_codes,TASK_COMPLETE,SUCCESS,INFO,1318,1318,0,,2026-08-21T20:21:13.701Z,2026-08-21T21:04:00.531Z,2567,2026-08-21T21:04:00.531Z,B44,Albany,8488c727-7e26-424c-b4ea-f3ce6564dbed,SAMMS-AlbanyV5
202608212101410196,202608212020690967,202608212020690709,88,4914,P1 Reference Codes Bronze - B45,br_samms_codes,TASK_COMPLETE,SUCCESS,INFO,1927,1927,0,,2026-08-21T20:21:13.701Z,2026-08-21T21:04:00.531Z,2567,2026-08-21T21:04:00.531Z,B45,Tifton,8488c727-7e26-424c-b4ea-f3ce6564dbed,SAMMS-TiftonV5
202608212101410645,202608212020691458,202608212020690709,88,5413,P1 Reference Custom Questions Bronze - DM,br_samms_custom_questions,TASK_COMPLETE,SUCCESS,INFO,0,0,0,,2026-08-21T20:21:13.701Z,2026-08-21T21:04:00.531Z,2567,2026-08-21T21:04:00.531Z,DM,DesMoines,8488c727-7e26-424c-b4ea-f3ce6564dbed,SAMMS-DesMoines
202608212101410647,202608212020691459,202608212020690709,88,5414,P1 Reference Custom Questions Bronze - DRD-CO,br_samms_custom_questions,TASK_COMPLETE,SUCCESS,INFO,48,48,0,,2026-08-21T20:21:13.701Z,2026-08-21T21:04:00.531Z,2567,2026-08-21T21:04:00.531Z,DRD-CO,Columbia,8488c727-7e26-424c-b4ea-f3ce6564dbed,SAMMS-ColumbiaV5
202608212101410649,202608212020691460,202608212020690709,88,5415,P1 Reference Custom Questions Bronze - DRD-KC,br_samms_custom_questions,TASK_COMPLETE,SUCCESS,INFO,48,48,0,,2026-08-21T20:21:13.701Z,2026-08-21T21:04:00.531Z,2567,2026-08-21T21:04:00.531Z,DRD-KC,KC,8488c727-7e26-424c-b4ea-f3ce6564dbed,SAMMS-KCv5
202608212101410650,202608212020691461,202608212020690709,88,5416,P1 Reference Custom Questions Bronze - DRD-KVB,br_samms_custom_questions,TASK_COMPLETE,SUCCESS,INFO,15,15,0,,2026-08-21T20:21:13.701Z,2026-08-21T21:04:00.531Z,2567,2026-08-21T21:04:00.531Z,DRD-KVB,KVB,8488c727-7e26-424c-b4ea-f3ce6564dbed,SAMMS-KVBv5
202608212101410652,202608212020691462,202608212020690709,88,5417,P1 Reference Custom Questions Bronze - DRD-KVC,br_samms_custom_questions,TASK_COMPLETE,SUCCESS,INFO,48,48,0,,2026-08-21T20:21:13.701Z,2026-08-21T21:04:00.531Z,2567,2026-08-21T21:04:00.531Z,DRD-KVC,KVC,8488c727-7e26-424c-b4ea-f3ce6564dbed,SAMMS-KVCv5
202608212101410653,202608212020691463,202608212020690709,88,5418,P1 Reference Custom Questions Bronze - DRD-NOLA,br_samms_custom_questions,TASK_COMPLETE,SUCCESS,INFO,48,48,0,,2026-08-21T20:21:13.701Z,2026-08-21T21:04:00.531Z,2567,2026-08-21T21:04:00.531Z,DRD-NOLA,NOLA,8488c727-7e26-424c-b4ea-f3ce6564dbed,SAMMS-NOLAv5
202608212101410655,202608212020691464,202608212020690709,88,5419,P1 Reference Custom Questions Bronze - DRD-SF,br_samms_custom_questions,TASK_COMPLETE,SUCCESS,INFO,48,48,0,,2026-08-21T20:21:13.701Z,2026-08-21T21:04:00.531Z,2567,2026-08-21T21:04:00.531Z,DRD-SF,SF,8488c727-7e26-424c-b4ea-f3ce6564dbed,SAMMS-SFv5
202608212101410657,202608212020691465,202608212020690709,88,5420,P1 Reference Custom Questions Bronze - ELC,br_samms_custom_questions,TASK_COMPLETE,SUCCESS,INFO,0,0,0,,2026-08-21T20:21:13.701Z,2026-08-21T21:04:00.531Z,2567,2026-08-21T21:04:00.531Z,ELC,ElizabethCity,8488c727-7e26-424c-b4ea-f3ce6564dbed,SAMMS-ElizabethCity
202608212101410658,202608212020691466,202608212020690709,88,5421,P1 Reference Custom Questions Bronze - ET,br_samms_custom_questions,TASK_COMPLETE,SUCCESS,INFO,0,0,0,,2026-08-21T20:21:13.701Z,2026-08-21T21:04:00.531Z,2567,2026-08-21T21:04:00.531Z,ET,Elizabethtown,8488c727-7e26-424c-b4ea-f3ce6564dbed,SAMMS-Elizabethtown
202608212101410660,202608212020691467,202608212020690709,88,5422,P1 Reference Custom Questions Bronze - FAY,br_samms_custom_questions,TASK_COMPLETE,SUCCESS,INFO,0,0,0,,2026-08-21T20:21:13.701Z,2026-08-21T21:04:00.531Z,2567,2026-08-21T21:04:00.531Z,FAY,Fayetteville,8488c727-7e26-424c-b4ea-f3ce6564dbed,SAMMS-Fayetteville
202608212101410662,202608212020691468,202608212020690709,88,5423,P1 Reference Custom Questions Bronze - FR,br_samms_custom_questions,TASK_COMPLETE,SUCCESS,INFO,0,0,0,,2026-08-21T20:21:13.701Z,2026-08-21T21:04:00.531Z,2567,2026-08-21T21:04:00.531Z,FR,Frankfort,8488c727-7e26-424c-b4ea-f3ce6564dbed,SAMMS-Frankfort
202608212101410664,202608212020691469,202608212020690709,88,5424,P1 Reference Custom Questions Bronze - FS,br_samms_custom_questions,TASK_COMPLETE,SUCCESS,INFO,0,0,0,,2026-08-21T20:21:13.701Z,2026-08-21T21:04:00.531Z,2567,2026-08-21T21:04:00.531Z,FS,FortSmith,8488c727-7e26-424c-b4ea-f3ce6564dbed,SAMMS-FortSmith
202608212101410665,202608212020691470,202608212020690709,88,5425,P1 Reference Custom Questions Bronze - FW,br_samms_custom_questions,TASK_COMPLETE,SUCCESS,INFO,3,3,0,,2026-08-21T20:21:13.701Z,2026-08-21T21:04:00.531Z,2567,2026-08-21T21:04:00.531Z,FW,FortWayne,8488c727-7e26-424c-b4ea-f3ce6564dbed,SAMMS-FortWayne
202608212101410667,202608212020691471,202608212020690709,88,5426,P1 Reference Custom Questions Bronze - GAL,br_samms_custom_questions,TASK_COMPLETE,SUCCESS,INFO,0,0,0,,2026-08-21T20:21:13.701Z,2026-08-21T21:04:00.531Z,2567,2026-08-21T21:04:00.531Z,GAL,Gaylord,8488c727-7e26-424c-b4ea-f3ce6564dbed,SAMMS-Gaylord
202608212101410669,202608212020691472,202608212020690709,88,5427,P1 Reference Custom Questions Bronze - HGT,br_samms_custom_questions,TASK_COMPLETE,SUCCESS,INFO,20,20,0,,2026-08-21T20:21:13.701Z,2026-08-21T21:04:00.531Z,2567,2026-08-21T21:04:00.531Z,HGT,Hagerstown,8488c727-7e26-424c-b4ea-f3ce6564dbed,SAMMS-Hagerstown
202608212101410671,202608212020691473,202608212020690709,88,5428,P1 Reference Custom Questions Bronze - HNT,br_samms_custom_questions,TASK_COMPLETE,SUCCESS,INFO,0,0,0,,2026-08-21T20:21:13.701Z,2026-08-21T21:04:00.531Z,2567,2026-08-21T21:04:00.531Z,HNT,Huntsville,8488c727-7e26-424c-b4ea-f3ce6564dbed,SAMMS-Huntsville
202608212101410672,202608212020691474,202608212020690709,88,5429,P1 Reference Custom Questions Bronze - HS,br_samms_custom_questions,TASK_COMPLETE,SUCCESS,INFO,0,0,0,,2026-08-21T20:21:13.701Z,2026-08-21T21:04:00.531Z,2567,2026-08-21T21:04:00.531Z,HS,HotSprings,8488c727-7e26-424c-b4ea-f3ce6564dbed,SAMMS-HotSprings
202608212101410674,202608212020691475,202608212020690709,88,5430,P1 Reference Custom Questions Bronze - JON,br_samms_custom_questions,TASK_COMPLETE,SUCCESS,INFO,0,0,0,,2026-08-21T20:21:13.701Z,2026-08-21T21:04:00.531Z,2567,2026-08-21T21:04:00.531Z,JON,Jonesboro,8488c727-7e26-424c-b4ea-f3ce6564dbed,SAMMS-Jonesboro
202608212101410676,202608212020691476,202608212020690709,88,8607,P1 Reference Custom Questions Bronze - LAB,br_samms_custom_questions,TASK_COMPLETE,SUCCESS,INFO,2,2,0,,2026-08-21T20:21:13.701Z,2026-08-21T21:04:00.531Z,2567,2026-08-21T21:04:00.531Z,LAB,Lab,8488c727-7e26-424c-b4ea-f3ce6564dbed,SAMMS-LabV5-V2
202608212101410677,202608212020691477,202608212020690709,88,5431,P1 Reference Custom Questions Bronze - LAN,br_samms_custom_questions,TASK_COMPLETE,SUCCESS,INFO,0,0,0,,2026-08-21T20:21:13.701Z,2026-08-21T21:04:00.531Z,2567,2026-08-21T21:04:00.531Z,LAN,Lansing,8488c727-7e26-424c-b4ea-f3ce6564dbed,SAMMS-Lansing
202608212101410679,202608212020691478,202608212020690709,88,5432,P1 Reference Custom Questions Bronze - LO,br_samms_custom_questions,TASK_COMPLETE,SUCCESS,INFO,0,0,0,,2026-08-21T20:21:13.701Z,2026-08-21T21:04:00.531Z,2567,2026-08-21T21:04:00.531Z,LO,Louisville,8488c727-7e26-424c-b4ea-f3ce6564dbed,SAMMS-Louisville
202608212101410681,202608212020691479,202608212020690709,88,5433,P1 Reference Custom Questions Bronze - LV1,br_samms_custom_questions,TASK_COMPLETE,SUCCESS,INFO,0,0,0,,2026-08-21T20:21:13.701Z,2026-08-21T21:04:00.531Z,2567,2026-08-21T21:04:00.531Z,LV1,Cheyenne,8488c727-7e26-424c-b4ea-f3ce6564dbed,SAMMS-Cheyenne
202608212101410683,202608212020691480,202608212020690709,88,5434,P1 Reference Custom Questions Bronze - LV2,br_samms_custom_questions,TASK_COMPLETE,SUCCESS,INFO,0,0,0,,2026-08-21T20:21:13.701Z,2026-08-21T21:04:00.531Z,2567,2026-08-21T21:04:00.531Z,LV2,DesertInn,8488c727-7e26-424c-b4ea-f3ce6564dbed,SAMMS-DesertInn
202608212101410685,202608212020691481,202608212020690709,88,5435,P1 Reference Custom Questions Bronze - LV3,br_samms_custom_questions,TASK_COMPLETE,SUCCESS,INFO,0,0,0,,2026-08-21T20:21:13.701Z,2026-08-21T21:04:00.531Z,2567,2026-08-21T21:04:00.531Z,LV3,McDaniel,8488c727-7e26-424c-b4ea-f3ce6564dbed,SAMMS-McDaniel
202608212101410687,202608212020691482,202608212020690709,88,5436,P1 Reference Custom Questions Bronze - MNRE,br_samms_custom_questions,TASK_COMPLETE,SUCCESS,INFO,0,0,0,,2026-08-21T20:21:13.701Z,2026-08-21T21:04:00.531Z,2567,2026-08-21T21:04:00.531Z,MNRE,Monroe,8488c727-7e26-424c-b4ea-f3ce6564dbed,SAMMS-Monroe
202608212101410689,202608212020691483,202608212020690709,88,5437,P1 Reference Custom Questions Bronze - MP,br_samms_custom_questions,TASK_COMPLETE,SUCCESS,INFO,0,0,0,,2026-08-21T20:21:13.701Z,2026-08-21T21:04:00.531Z,2567,2026-08-21T21:04:00.531Z,MP,MtPleasant,8488c727-7e26-424c-b4ea-f3ce6564dbed,SAMMS-MtPleasant
202608212101410691,202608212020691484,202608212020690709,88,5438,P1 Reference Custom Questions Bronze - MRD,br_samms_custom_questions,TASK_COMPLETE,SUCCESS,INFO,0,0,0,,2026-08-21T20:21:13.701Z,2026-08-21T21:04:00.531Z,2567,2026-08-21T21:04:00.531Z,MRD,Meridian,8488c727-7e26-424c-b4ea-f3ce6564dbed,SAMMS-Meridian
202608212101410692,202608212020691485,202608212020690709,88,5439,P1 Reference Custom Questions Bronze - NC,br_samms_custom_questions,TASK_COMPLETE,SUCCESS,INFO,0,0,0,,2026-08-21T20:21:13.701Z,2026-08-21T21:04:00.531Z,2567,2026-08-21T21:04:00.531Z,NC,NorthCharleston,8488c727-7e26-424c-b4ea-f3ce6564dbed,SAMMS-NorthCharleston
202608212101410694,202608212020691486,202608212020690709,88,5440,P1 Reference Custom Questions Bronze - NLR,br_samms_custom_questions,TASK_COMPLETE,SUCCESS,INFO,0,0,0,,2026-08-21T20:21:13.701Z,2026-08-21T21:04:00.531Z,2567,2026-08-21T21:04:00.531Z,NLR,NLROBOT,8488c727-7e26-424c-b4ea-f3ce6564dbed,SAMMS-NLROBOT
202608212101410696,202608212020691487,202608212020690709,88,5441,P1 Reference Custom Questions Bronze - PH,br_samms_custom_questions,TASK_COMPLETE,SUCCESS,INFO,0,0,0,,2026-08-21T20:21:13.701Z,2026-08-21T21:04:00.531Z,2567,2026-08-21T21:04:00.531Z,PH,Phoenix,8488c727-7e26-424c-b4ea-f3ce6564dbed,SAMMS-Phoenix
202608212101410698,202608212020691488,202608212020690709,88,5442,P1 Reference Custom Questions Bronze - RE,br_samms_custom_questions,TASK_COMPLETE,SUCCESS,INFO,0,0,0,,2026-08-21T20:21:13.701Z,2026-08-21T21:04:00.531Z,2567,2026-08-21T21:04:00.531Z,RE,Reno,8488c727-7e26-424c-b4ea-f3ce6564dbed,SAMMS-Reno
202608212101410700,202608212020691489,202608212020690709,88,5443,P1 Reference Custom Questions Bronze - RMD,br_samms_custom_questions,TASK_COMPLETE,SUCCESS,INFO,0,0,0,,2026-08-21T20:21:13.701Z,2026-08-21T21:04:00.531Z,2567,2026-08-21T21:04:00.531Z,RMD,Richmond,8488c727-7e26-424c-b4ea-f3ce6564dbed,SAMMS-Richmond
202608212101410702,202608212020691490,202608212020690709,88,5444,P1 Reference Custom Questions Bronze - SFN,br_samms_custom_questions,TASK_COMPLETE,SUCCESS,INFO,48,48,0,,2026-08-21T20:21:13.701Z,2026-08-21T21:04:00.531Z,2567,2026-08-21T21:04:00.531Z,SFN,SFN,8488c727-7e26-424c-b4ea-f3ce6564dbed,SAMMS-SFNv5
202608212101410704,202608212020691491,202608212020690709,88,5445,P1 Reference Custom Questions Bronze - SHP,br_samms_custom_questions,TASK_COMPLETE,SUCCESS,INFO,0,0,0,,2026-08-21T20:21:13.701Z,2026-08-21T21:04:00.531Z,2567,2026-08-21T21:04:00.531Z,SHP,Shreveport,8488c727-7e26-424c-b4ea-f3ce6564dbed,SAMMS-Shreveport
202608212101410706,202608212020691492,202608212020690709,88,5446,P1 Reference Custom Questions Bronze - STN,br_samms_custom_questions,TASK_COMPLETE,SUCCESS,INFO,1,1,0,,2026-08-21T20:21:13.701Z,2026-08-21T21:04:00.531Z,2567,2026-08-21T21:04:00.531Z,STN,Staunton,8488c727-7e26-424c-b4ea-f3ce6564dbed,SAMMS-Staunton
202608212101410707,202608212020691493,202608212020690709,88,5447,P1 Reference Custom Questions Bronze - STVN,br_samms_custom_questions,TASK_COMPLETE,SUCCESS,INFO,0,0,0,,2026-08-21T20:21:13.701Z,2026-08-21T21:04:00.531Z,2567,2026-08-21T21:04:00.531Z,STVN,Stevenson,8488c727-7e26-424c-b4ea-f3ce6564dbed,SAMMS-Stevenson
202608212101410709,202608212020691494,202608212020690709,88,5448,P1 Reference Custom Questions Bronze - TE,br_samms_custom_questions,TASK_COMPLETE,SUCCESS,INFO,0,0,0,,2026-08-21T20:21:13.701Z,2026-08-21T21:04:00.531Z,2567,2026-08-21T21:04:00.531Z,TE,Tempe,8488c727-7e26-424c-b4ea-f3ce6564dbed,SAMMS-Tempe
202608212101410711,202608212020691495,202608212020690709,88,5449,P1 Reference Custom Questions Bronze - TEX,br_samms_custom_questions,TASK_COMPLETE,SUCCESS,INFO,0,0,0,,2026-08-21T20:21:13.701Z,2026-08-21T21:04:00.531Z,2567,2026-08-21T21:04:00.531Z,TEX,Texarkana,8488c727-7e26-424c-b4ea-f3ce6564dbed,SAMMS-Texarkana
202608212101410713,202608212020691496,202608212020690709,88,5450,P1 Reference Custom Questions Bronze - TTCA,br_samms_custom_questions,TASK_COMPLETE,SUCCESS,INFO,48,48,0,,2026-08-21T20:21:13.701Z,2026-08-21T21:04:00.531Z,2567,2026-08-21T21:04:00.531Z,TTCA,Bessemer,8488c727-7e26-424c-b4ea-f3ce6564dbed,SAMMS-BessemerV5
202608212101410715,202608212020691497,202608212020690709,88,5451,P1 Reference Custom Questions Bronze - TTCB,br_samms_custom_questions,TASK_COMPLETE,SUCCESS,INFO,48,48,0,,2026-08-21T20:21:13.701Z,2026-08-21T21:04:00.531Z,2567,2026-08-21T21:04:00.531Z,TTCB,Cullman,8488c727-7e26-424c-b4ea-f3ce6564dbed,SAMMS-CullmanV5
202608212101410717,202608212020691498,202608212020690709,88,5452,P1 Reference Custom Questions Bronze - TTCC,br_samms_custom_questions,TASK_COMPLETE,SUCCESS,INFO,0,0,0,,2026-08-21T20:21:13.701Z,2026-08-21T21:04:00.531Z,2567,2026-08-21T21:04:00.531Z,TTCC,GrandBay,8488c727-7e26-424c-b4ea-f3ce6564dbed,SAMMS-GrandBay
202608212101410719,202608212020691499,202608212020690709,88,5453,P1 Reference Custom Questions Bronze - TU,br_samms_custom_questions,TASK_COMPLETE,SUCCESS,INFO,0,0,0,,2026-08-21T20:21:13.701Z,2026-08-21T21:04:00.531Z,2567,2026-08-21T21:04:00.531Z,TU,Tucson,8488c727-7e26-424c-b4ea-f3ce6564dbed,SAMMS-Tucson
202608212101410721,202608212020691500,202608212020690709,88,5454,P1 Reference Custom Questions Bronze - V1,br_samms_custom_questions,TASK_COMPLETE,SUCCESS,INFO,48,48,0,,2026-08-21T20:21:13.701Z,2026-08-21T21:04:00.531Z,2567,2026-08-21T21:04:00.531Z,V1,VCPHCS-I-Memphis,8488c727-7e26-424c-b4ea-f3ce6564dbed,SAMMS-VCPHCS-I-MemphisV5
202608212101410723,202608212020691501,202608212020690709,88,5455,P1 Reference Custom Questions Bronze - V10,br_samms_custom_questions,TASK_COMPLETE,SUCCESS,INFO,49,49,0,,2026-08-21T20:21:13.701Z,2026-08-21T21:04:00.531Z,2567,2026-08-21T21:04:00.531Z,V10,Boulder,8488c727-7e26-424c-b4ea-f3ce6564dbed,SAMMS-BoulderV5
202608212101410725,202608212020691502,202608212020690709,88,5456,P1 Reference Custom Questions Bronze - V10A,br_samms_custom_questions,TASK_COMPLETE,SUCCESS,INFO,49,49,0,,2026-08-21T20:21:13.701Z,2026-08-21T21:04:00.531Z,2567,2026-08-21T21:04:00.531Z,V10A,FortCollins,8488c727-7e26-424c-b4ea-f3ce6564dbed,SAMMS-FortCollinsV5
202608212101410727,202608212020691503,202608212020690709,88,5457,P1 Reference Custom Questions Bronze - V11,br_samms_custom_questions,TASK_COMPLETE,SUCCESS,INFO,49,49,0,,2026-08-21T20:21:13.701Z,2026-08-21T21:04:00.531Z,2567,2026-08-21T21:04:00.531Z,V11,VCPHCS-XI-NorthDenver,8488c727-7e26-424c-b4ea-f3ce6564dbed,SAMMS-VCPHCS-XI-NorthDenverV5
202608212101410729,202608212020691504,202608212020690709,88,5458,P1 Reference Custom Questions Bronze - V12,br_samms_custom_questions,TASK_COMPLETE,SUCCESS,INFO,49,49,0,,2026-08-21T20:21:13.701Z,2026-08-21T21:04:00.531Z,2567,2026-08-21T21:04:00.531Z,V12,VCPHCS-XII-DowntownDenver,8488c727-7e26-424c-b4ea-f3ce6564dbed,SAMMS-VCPHCS-XII-DowntownDenverV5
202608212101410731,202608212020691505,202608212020690709,88,5459,P1 Reference Custom Questions Bronze - V12A,br_samms_custom_questions,TASK_COMPLETE,SUCCESS,INFO,49,49,0,,2026-08-21T20:21:13.701Z,2026-08-21T21:04:00.531Z,2567,2026-08-21T21:04:00.531Z,V12A,Centennial,8488c727-7e26-424c-b4ea-f3ce6564dbed,SAMMS-CentennialV5
202608212101410733,202608212020691506,202608212020690709,88,5460,P1 Reference Custom Questions Bronze - V14,br_samms_custom_questions,TASK_COMPLETE,SUCCESS,INFO,48,48,0,,2026-08-21T20:21:13.701Z,2026-08-21T21:04:00.531Z,2567,2026-08-21T21:04:00.531Z,V14,VCPHCS-XIV-Bridgeway,8488c727-7e26-424c-b4ea-f3ce6564dbed,SAMMS-VCPHCS-XIV-BridgewayV5
202608212101410735,202608212020691507,202608212020690709,88,5461,P1 Reference Custom Questions Bronze - V15,br_samms_custom_questions,TASK_COMPLETE,SUCCESS,INFO,48,48,0,,2026-08-21T20:21:13.701Z,2026-08-21T21:04:00.531Z,2567,2026-08-21T21:04:00.531Z,V15,Joplin,8488c727-7e26-424c-b4ea-f3ce6564dbed,SAMMS-JoplinV5
202608212101410737,202608212020691508,202608212020690709,88,5462,P1 Reference Custom Questions Bronze - V17,br_samms_custom_questions,TASK_COMPLETE,SUCCESS,INFO,2,2,0,,2026-08-21T20:21:13.701Z,2026-08-21T21:04:00.531Z,2567,2026-08-21T21:04:00.531Z,V17,ColumbiaTN,8488c727-7e26-424c-b4ea-f3ce6564dbed,SAMMS-ColumbiaTNv5
202608212101410739,202608212020691509,202608212020690709,88,5463,P1 Reference Custom Questions Bronze - V19,br_samms_custom_questions,TASK_COMPLETE,SUCCESS,INFO,48,48,0,,2026-08-21T20:21:13.701Z,2026-08-21T21:04:00.531Z,2567,2026-08-21T21:04:00.531Z,V19,Jackson,8488c727-7e26-424c-b4ea-f3ce6564dbed,SAMMS-JacksonV5
202608212101410741,202608212020691510,202608212020690709,88,5464,P1 Reference Custom Questions Bronze - V20,br_samms_custom_questions,TASK_COMPLETE,SUCCESS,INFO,48,48,0,,2026-08-21T20:21:13.701Z,2026-08-21T21:04:00.531Z,2567,2026-08-21T21:04:00.531Z,V20,Paris,8488c727-7e26-424c-b4ea-f3ce6564dbed,SAMMS-ParisV5
202608212101410743,202608212020691511,202608212020690709,88,5465,P1 Reference Custom Questions Bronze - V21,br_samms_custom_questions,TASK_COMPLETE,SUCCESS,INFO,48,48,0,,2026-08-21T20:21:13.701Z,2026-08-21T21:04:00.531Z,2567,2026-08-21T21:04:00.531Z,V21,Raleigh,8488c727-7e26-424c-b4ea-f3ce6564dbed,SAMMS-RaleighV5
202608212101410745,202608212020691512,202608212020690709,88,5466,P1 Reference Custom Questions Bronze - V5,br_samms_custom_questions,TASK_COMPLETE,SUCCESS,INFO,48,48,0,,2026-08-21T20:21:13.701Z,2026-08-21T21:04:00.531Z,2567,2026-08-21T21:04:00.531Z,V5,NONTC,8488c727-7e26-424c-b4ea-f3ce6564dbed,SAMMS-NONTCv5
202608212101410747,202608212020691513,202608212020690709,88,5467,P1 Reference Custom Questions Bronze - V5B,br_samms_custom_questions,TASK_COMPLETE,SUCCESS,INFO,0,0,0,,2026-08-21T20:21:13.701Z,2026-08-21T21:04:00.531Z,2567,2026-08-21T21:04:00.531Z,V5B,Houma,8488c727-7e26-424c-b4ea-f3ce6564dbed,SAMMS-HoumaV6
202608212101410749,202608212020691514,202608212020690709,88,5468,P1 Reference Custom Questions Bronze - V6,br_samms_custom_questions,TASK_COMPLETE,SUCCESS,INFO,2,2,0,,2026-08-21T20:21:13.701Z,2026-08-21T21:04:00.531Z,2567,2026-08-21T21:04:00.531Z,V6,LC,8488c727-7e26-424c-b4ea-f3ce6564dbed,SAMMS-LCv5
202608212101410751,202608212020691515,202608212020690709,88,5469,P1 Reference Custom Questions Bronze - V8,br_samms_custom_questions,TASK_COMPLETE,SUCCESS,INFO,48,48,0,,2026-08-21T20:21:13.701Z,2026-08-21T21:04:00.531Z,2567,2026-08-21T21:04:00.531Z,V8,VCPHCS-VIII-Memphis,8488c727-7e26-424c-b4ea-f3ce6564dbed,SAMMS-VCPHCS-VIII-MemphisV5
202608212101410753,202608212020691516,202608212020690709,88,5470,P1 Reference Custom Questions Bronze - V9,br_samms_custom_questions,TASK_COMPLETE,SUCCESS,INFO,3,3,0,,2026-08-21T20:21:13.701Z,2026-08-21T21:04:00.531Z,2567,2026-08-21T21:04:00.531Z,V9,Nashville,8488c727-7e26-424c-b4ea-f3ce6564dbed,SAMMS-NashvilleV5
202608212101410756,202608212020691517,202608212020690709,88,5471,P1 Reference Custom Questions Bronze - VBRA,br_samms_custom_questions,TASK_COMPLETE,SUCCESS,INFO,1,1,0,,2026-08-21T20:21:13.701Z,2026-08-21T21:04:00.531Z,2567,2026-08-21T21:04:00.531Z,VBRA,Brainerd,8488c727-7e26-424c-b4ea-f3ce6564dbed,SAMMS-BrainerdV6
202608212101410758,202608212020691518,202608212020690709,88,5472,P1 Reference Custom Questions Bronze - VBRP,br_samms_custom_questions,TASK_COMPLETE,SUCCESS,INFO,1,1,0,,2026-08-21T20:21:13.701Z,2026-08-21T21:04:00.531Z,2567,2026-08-21T21:04:00.531Z,VBRP,BrooklynPark,8488c727-7e26-424c-b4ea-f3ce6564dbed,SAMMS-BrooklynParkV6
202608212101410760,202608212020691519,202608212020690709,88,5473,P1 Reference Custom Questions Bronze - VMIN,br_samms_custom_questions,TASK_COMPLETE,SUCCESS,INFO,1,1,0,,2026-08-21T20:21:13.701Z,2026-08-21T21:04:00.531Z,2567,2026-08-21T21:04:00.531Z,VMIN,Minneapolis,8488c727-7e26-424c-b4ea-f3ce6564dbed,SAMMS-MinneapolisV6
202608212101410762,202608212020691520,202608212020690709,88,5474,P1 Reference Custom Questions Bronze - VWBY,br_samms_custom_questions,TASK_COMPLETE,SUCCESS,INFO,1,1,0,,2026-08-21T20:21:13.701Z,2026-08-21T21:04:00.531Z,2567,2026-08-21T21:04:00.531Z,VWBY,Woodbury,8488c727-7e26-424c-b4ea-f3ce6564dbed,SAMMS-WoodburyV6
202608212101410764,202608212020691521,202608212020690709,88,5475,P1 Reference Custom Questions Bronze - WIL,br_samms_custom_questions,TASK_COMPLETE,SUCCESS,INFO,0,0,0,,2026-08-21T20:21:13.701Z,2026-08-21T21:04:00.531Z,2567,2026-08-21T21:04:00.531Z,WIL,Wilson,8488c727-7e26-424c-b4ea-f3ce6564dbed,SAMMS-Wilson
202608212101410865,202608212020790716,202608212020790709,89,5476,P1 Reference Custom Questions Silver,tbl_CustomQuestions,TASK_COMPLETE,SUCCESS,INFO,1958,1958,0,,2026-08-21T20:21:13.701Z,2026-08-21T21:04:00.531Z,2567,2026-08-21T21:04:00.531Z,,,8488c727-7e26-424c-b4ea-f3ce6564dbed,
202608141101118956,202608141101118955,20260814110100,109,8608,Bronze Wells Transactions,br_cashflow_transactions,TASK_FAILED,FAILED,ERROR,0,0,1,"[DELTA_CONCURRENT_APPEND] ConcurrentAppendException: Files were added to the root of the table by a concurrent update. Please try the operation again. Conflicting commit: {\"timestamp\":1786705501621,\"operation\":\"WRITE\",\"operationParameters\":{\"mode\":Append,\"partitionBy\":[]},\"readVersion\":18796,\"isolationLevel\":\"Serializable\",\"isBlindAppend\":true,\"operationMetrics\":{\"numFiles\":\"1\",\"numOutputRows\":\"1\",\"numOutputBytes\":\"12293\"},\"engineInfo\":\"Apache-Spark/3.5.5.5.4.20260403.6 Delta-Lake/3.2.1.20260427.3\",\"txnId\":\"c3782f19-a8b7-44ea-ae12-555df26decba\"} Refer to https://docs.delta.io/latest/concurrency-control.html for more details.",2026-08-14T11:01:18.751Z,2026-08-14T11:05:19.388Z,238,2026-08-14T11:05:19.388Z,,,316e02be-3a9a-4c93-8ef8-ecca66ba18c5,
202608212101409861,202608212020690891,202608212020690709,88,4836,P1 Reference 3P Setup Bronze - GAL,br_samms_3p_setup,TASK_COMPLETE,SUCCESS,INFO,3,3,0,,2026-08-21T20:21:13.701Z,2026-08-21T21:04:00.531Z,2567,2026-08-21T21:04:00.531Z,GAL,Gaylord,8488c727-7e26-424c-b4ea-f3ce6564dbed,SAMMS-Gaylord
202608212101409863,202608212020690892,202608212020690709,88,4837,P1 Reference 3P Setup Bronze - HGT,br_samms_3p_setup,TASK_COMPLETE,SUCCESS,INFO,3,3,0,,2026-08-21T20:21:13.701Z,2026-08-21T21:04:00.531Z,2567,2026-08-21T21:04:00.531Z,HGT,Hagerstown,8488c727-7e26-424c-b4ea-f3ce6564dbed,SAMMS-Hagerstown
202608212101409865,202608212020690893,202608212020690709,88,4838,P1 Reference 3P Setup Bronze - HNT,br_samms_3p_setup,TASK_COMPLETE,SUCCESS,INFO,3,3,0,,2026-08-21T20:21:13.701Z,2026-08-21T21:04:00.531Z,2567,2026-08-21T21:04:00.531Z,HNT,Huntsville,8488c727-7e26-424c-b4ea-f3ce6564dbed,SAMMS-Huntsville
202608212101409866,202608212020690894,202608212020690709,88,4839,P1 Reference 3P Setup Bronze - HS,br_samms_3p_setup,TASK_COMPLETE,SUCCESS,INFO,2,2,0,,2026-08-21T20:21:13.701Z,2026-08-21T21:04:00.531Z,2567,2026-08-21T21:04:00.531Z,HS,HotSprings,8488c727-7e26-424c-b4ea-f3ce6564dbed,SAMMS-HotSprings
202608212101409868,202608212020690895,202608212020690709,88,4840,P1 Reference 3P Setup Bronze - JON,br_samms_3p_setup,TASK_COMPLETE,SUCCESS,INFO,2,2,0,,2026-08-21T20:21:13.701Z,2026-08-21T21:04:00.531Z,2567,2026-08-21T21:04:00.531Z,JON,Jonesboro,8488c727-7e26-424c-b4ea-f3ce6564dbed,SAMMS-Jonesboro
202608212101409870,202608212020690896,202608212020690709,88,8602,P1 Reference 3P Setup Bronze - LAB,br_samms_3p_setup,TASK_COMPLETE,SUCCESS,INFO,1,1,0,,2026-08-21T20:21:13.701Z,2026-08-21T21:04:00.531Z,2567,2026-08-21T21:04:00.531Z,LAB,Lab,8488c727-7e26-424c-b4ea-f3ce6564dbed,SAMMS-LabV5-V2
202608212101409872,202608212020690897,202608212020690709,88,4841,P1 Reference 3P Setup Bronze - LAN,br_samms_3p_setup,TASK_COMPLETE,SUCCESS,INFO,3,3,0,,2026-08-21T20:21:13.701Z,2026-08-21T21:04:00.531Z,2567,2026-08-21T21:04:00.531Z,LAN,Lansing,8488c727-7e26-424c-b4ea-f3ce6564dbed,SAMMS-Lansing
202608212101409874,202608212020690898,202608212020690709,88,4842,P1 Reference 3P Setup Bronze - LO,br_samms_3p_setup,TASK_COMPLETE,SUCCESS,INFO,3,3,0,,2026-08-21T20:21:13.701Z,2026-08-21T21:04:00.531Z,2567,2026-08-21T21:04:00.531Z,LO,Louisville,8488c727-7e26-424c-b4ea-f3ce6564dbed,SAMMS-Louisville
202608212101409876,202608212020690899,202608212020690709,88,4843,P1 Reference 3P Setup Bronze - LV1,br_samms_3p_setup,TASK_COMPLETE,SUCCESS,INFO,3,3,0,,2026-08-21T20:21:13.701Z,2026-08-21T21:04:00.531Z,2567,2026-08-21T21:04:00.531Z,LV1,Cheyenne,8488c727-7e26-424c-b4ea-f3ce6564dbed,SAMMS-Cheyenne
202608212101409877,202608212020690900,202608212020690709,88,4844,P1 Reference 3P Setup Bronze - LV2,br_samms_3p_setup,TASK_COMPLETE,SUCCESS,INFO,3,3,0,,2026-08-21T20:21:13.701Z,2026-08-21T21:04:00.531Z,2567,2026-08-21T21:04:00.531Z,LV2,DesertInn,8488c727-7e26-424c-b4ea-f3ce6564dbed,SAMMS-DesertInn
202608212101409879,202608212020690901,202608212020690709,88,4845,P1 Reference 3P Setup Bronze - LV3,br_samms_3p_setup,TASK_COMPLETE,SUCCESS,INFO,3,3,0,,2026-08-21T20:21:13.701Z,2026-08-21T21:04:00.531Z,2567,2026-08-21T21:04:00.531Z,LV3,McDaniel,8488c727-7e26-424c-b4ea-f3ce6564dbed,SAMMS-McDaniel
202608212101409881,202608212020690902,202608212020690709,88,4846,P1 Reference 3P Setup Bronze - MNRE,br_samms_3p_setup,TASK_COMPLETE,SUCCESS,INFO,3,3,0,,2026-08-21T20:21:13.701Z,2026-08-21T21:04:00.531Z,2567,2026-08-21T21:04:00.531Z,MNRE,Monroe,8488c727-7e26-424c-b4ea-f3ce6564dbed,SAMMS-Monroe
202608212101409883,202608212020690903,202608212020690709,88,4847,P1 Reference 3P Setup Bronze - MP,br_samms_3p_setup,TASK_COMPLETE,SUCCESS,INFO,3,3,0,,2026-08-21T20:21:13.701Z,2026-08-21T21:04:00.531Z,2567,2026-08-21T21:04:00.531Z,MP,MtPleasant,8488c727-7e26-424c-b4ea-f3ce6564dbed,SAMMS-MtPleasant
202608212101409885,202608212020690904,202608212020690709,88,4848,P1 Reference 3P Setup Bronze - MRD,br_samms_3p_setup,TASK_COMPLETE,SUCCESS,INFO,3,3,0,,2026-08-21T20:21:13.701Z,2026-08-21T21:04:00.531Z,2567,2026-08-21T21:04:00.531Z,MRD,Meridian,8488c727-7e26-424c-b4ea-f3ce6564dbed,SAMMS-Meridian
202608212101409887,202608212020690905,202608212020690709,88,4849,P1 Reference 3P Setup Bronze - NC,br_samms_3p_setup,TASK_COMPLETE,SUCCESS,INFO,3,3,0,,2026-08-21T20:21:13.701Z,2026-08-21T21:04:00.531Z,2567,2026-08-21T21:04:00.531Z,NC,NorthCharleston,8488c727-7e26-424c-b4ea-f3ce6564dbed,SAMMS-NorthCharleston
202608212101409888,202608212020690906,202608212020690709,88,4850,P1 Reference 3P Setup Bronze - NLR,br_samms_3p_setup,TASK_COMPLETE,SUCCESS,INFO,2,2,0,,2026-08-21T20:21:13.701Z,2026-08-21T21:04:00.531Z,2567,2026-08-21T21:04:00.531Z,NLR,NLROBOT,8488c727-7e26-424c-b4ea-f3ce6564dbed,SAMMS-NLROBOT
202608212101409890,202608212020690907,202608212020690709,88,4851,P1 Reference 3P Setup Bronze - PH,br_samms_3p_setup,TASK_COMPLETE,SUCCESS,INFO,3,3,0,,2026-08-21T20:21:13.701Z,2026-08-21T21:04:00.531Z,2567,2026-08-21T21:04:00.531Z,PH,Phoenix,8488c727-7e26-424c-b4ea-f3ce6564dbed,SAMMS-Phoenix
202608212101409892,202608212020690908,202608212020690709,88,4852,P1 Reference 3P Setup Bronze - RE,br_samms_3p_setup,TASK_COMPLETE,SUCCESS,INFO,3,3,0,,2026-08-21T20:21:13.701Z,2026-08-21T21:04:00.531Z,2567,2026-08-21T21:04:00.531Z,RE,Reno,8488c727-7e26-424c-b4ea-f3ce6564dbed,SAMMS-Reno
202608212101409894,202608212020690909,202608212020690709,88,4853,P1 Reference 3P Setup Bronze - RMD,br_samms_3p_setup,TASK_COMPLETE,SUCCESS,INFO,3,3,0,,2026-08-21T20:21:13.701Z,2026-08-21T21:04:00.531Z,2567,2026-08-21T21:04:00.531Z,RMD,Richmond,8488c727-7e26-424c-b4ea-f3ce6564dbed,SAMMS-Richmond
202608212101409896,202608212020690910,202608212020690709,88,4854,P1 Reference 3P Setup Bronze - SFN,br_samms_3p_setup,TASK_COMPLETE,SUCCESS,INFO,3,3,0,,2026-08-21T20:21:13.701Z,2026-08-21T21:04:00.531Z,2567,2026-08-21T21:04:00.531Z,SFN,SFN,8488c727-7e26-424c-b4ea-f3ce6564dbed,SAMMS-SFNv5
202608212101409898,202608212020690911,202608212020690709,88,4855,P1 Reference 3P Setup Bronze - SHP,br_samms_3p_setup,TASK_COMPLETE,SUCCESS,INFO,3,3,0,,2026-08-21T20:21:13.701Z,2026-08-21T21:04:00.531Z,2567,2026-08-21T21:04:00.531Z,SHP,Shreveport,8488c727-7e26-424c-b4ea-f3ce6564dbed,SAMMS-Shreveport
202608212101409900,202608212020690912,202608212020690709,88,4856,P1 Reference 3P Setup Bronze - STN,br_samms_3p_setup,TASK_COMPLETE,SUCCESS,INFO,3,3,0,,2026-08-21T20:21:13.701Z,2026-08-21T21:04:00.531Z,2567,2026-08-21T21:04:00.531Z,STN,Staunton,8488c727-7e26-424c-b4ea-f3ce6564dbed,SAMMS-Staunton
202608212101409902,202608212020690913,202608212020690709,88,4857,P1 Reference 3P Setup Bronze - STVN,br_samms_3p_setup,TASK_COMPLETE,SUCCESS,INFO,3,3,0,,2026-08-21T20:21:13.701Z,2026-08-21T21:04:00.531Z,2567,2026-08-21T21:04:00.531Z,STVN,Stevenson,8488c727-7e26-424c-b4ea-f3ce6564dbed,SAMMS-Stevenson
202608212101409904,202608212020690914,202608212020690709,88,4858,P1 Reference 3P Setup Bronze - TE,br_samms_3p_setup,TASK_COMPLETE,SUCCESS,INFO,3,3,0,,2026-08-21T20:21:13.701Z,2026-08-21T21:04:00.531Z,2567,2026-08-21T21:04:00.531Z,TE,Tempe,8488c727-7e26-424c-b4ea-f3ce6564dbed,SAMMS-Tempe
202608212101409906,202608212020690915,202608212020690709,88,4859,P1 Reference 3P Setup Bronze - TEX,br_samms_3p_setup,TASK_COMPLETE,SUCCESS,INFO,2,2,0,,2026-08-21T20:21:13.701Z,2026-08-21T21:04:00.531Z,2567,2026-08-21T21:04:00.531Z,TEX,Texarkana,8488c727-7e26-424c-b4ea-f3ce6564dbed,SAMMS-Texarkana
202608212101409908,202608212020690916,202608212020690709,88,4860,P1 Reference 3P Setup Bronze - TTCA,br_samms_3p_setup,TASK_COMPLETE,SUCCESS,INFO,3,3,0,,2026-08-21T20:21:13.701Z,2026-08-21T21:04:00.531Z,2567,2026-08-21T21:04:00.531Z,TTCA,Bessemer,8488c727-7e26-424c-b4ea-f3ce6564dbed,SAMMS-BessemerV5
202608212101409909,202608212020690917,202608212020690709,88,4861,P1 Reference 3P Setup Bronze - TTCB,br_samms_3p_setup,TASK_COMPLETE,SUCCESS,INFO,3,3,0,,2026-08-21T20:21:13.701Z,2026-08-21T21:04:00.531Z,2567,2026-08-21T21:04:00.531Z,TTCB,Cullman,8488c727-7e26-424c-b4ea-f3ce6564dbed,SAMMS-CullmanV5
202608212101409911,202608212020690918,202608212020690709,88,4862,P1 Reference 3P Setup Bronze - TTCC,br_samms_3p_setup,TASK_COMPLETE,SUCCESS,INFO,2,2,0,,2026-08-21T20:21:13.701Z,2026-08-21T21:04:00.531Z,2567,2026-08-21T21:04:00.531Z,TTCC,GrandBay,8488c727-7e26-424c-b4ea-f3ce6564dbed,SAMMS-GrandBay
202608212101409913,202608212020690919,202608212020690709,88,4863,P1 Reference 3P Setup Bronze - TU,br_samms_3p_setup,TASK_COMPLETE,SUCCESS,INFO,3,3,0,,2026-08-21T20:21:13.701Z,2026-08-21T21:04:00.531Z,2567,2026-08-21T21:04:00.531Z,TU,Tucson,8488c727-7e26-424c-b4ea-f3ce6564dbed,SAMMS-Tucson
202608212101409915,202608212020690920,202608212020690709,88,4864,P1 Reference 3P Setup Bronze - V1,br_samms_3p_setup,TASK_COMPLETE,SUCCESS,INFO,3,3,0,,2026-08-21T20:21:13.701Z,2026-08-21T21:04:00.531Z,2567,2026-08-21T21:04:00.531Z,V1,VCPHCS-I-Memphis,8488c727-7e26-424c-b4ea-f3ce6564dbed,SAMMS-VCPHCS-I-MemphisV5
202608212101409917,202608212020690921,202608212020690709,88,4865,P1 Reference 3P Setup Bronze - V10,br_samms_3p_setup,TASK_COMPLETE,SUCCESS,INFO,3,3,0,,2026-08-21T20:21:13.701Z,2026-08-21T21:04:00.531Z,2567,2026-08-21T21:04:00.531Z,V10,Boulder,8488c727-7e26-424c-b4ea-f3ce6564dbed,SAMMS-BoulderV5
202608212101409919,202608212020690922,202608212020690709,88,4866,P1 Reference 3P Setup Bronze - V10A,br_samms_3p_setup,TASK_COMPLETE,SUCCESS,INFO,3,3,0,,2026-08-21T20:21:13.701Z,2026-08-21T21:04:00.531Z,2567,2026-08-21T21:04:00.531Z,V10A,FortCollins,8488c727-7e26-424c-b4ea-f3ce6564dbed,SAMMS-FortCollinsV5
202608212101409921,202608212020690923,202608212020690709,88,4867,P1 Reference 3P Setup Bronze - V11,br_samms_3p_setup,TASK_COMPLETE,SUCCESS,INFO,3,3,0,,2026-08-21T20:21:13.701Z,2026-08-21T21:04:00.531Z,2567,2026-08-21T21:04:00.531Z,V11,VCPHCS-XI-NorthDenver,8488c727-7e26-424c-b4ea-f3ce6564dbed,SAMMS-VCPHCS-XI-NorthDenverV5
202608212101409923,202608212020690924,202608212020690709,88,4868,P1 Reference 3P Setup Bronze - V12,br_samms_3p_setup,TASK_COMPLETE,SUCCESS,INFO,3,3,0,,2026-08-21T20:21:13.701Z,2026-08-21T21:04:00.531Z,2567,2026-08-21T21:04:00.531Z,V12,VCPHCS-XII-DowntownDenver,8488c727-7e26-424c-b4ea-f3ce6564dbed,SAMMS-VCPHCS-XII-DowntownDenverV5
202608212101409925,202608212020690925,202608212020690709,88,4869,P1 Reference 3P Setup Bronze - V12A,br_samms_3p_setup,TASK_COMPLETE,SUCCESS,INFO,3,3,0,,2026-08-21T20:21:13.701Z,2026-08-21T21:04:00.531Z,2567,2026-08-21T21:04:00.531Z,V12A,Centennial,8488c727-7e26-424c-b4ea-f3ce6564dbed,SAMMS-CentennialV5
202608212101409927,202608212020690926,202608212020690709,88,4870,P1 Reference 3P Setup Bronze - V14,br_samms_3p_setup,TASK_COMPLETE,SUCCESS,INFO,3,3,0,,2026-08-21T20:21:13.701Z,2026-08-21T21:04:00.531Z,2567,2026-08-21T21:04:00.531Z,V14,VCPHCS-XIV-Bridgeway,8488c727-7e26-424c-b4ea-f3ce6564dbed,SAMMS-VCPHCS-XIV-BridgewayV5
202608212101409929,202608212020690927,202608212020690709,88,4871,P1 Reference 3P Setup Bronze - V15,br_samms_3p_setup,TASK_COMPLETE,SUCCESS,INFO,3,3,0,,2026-08-21T20:21:13.701Z,2026-08-21T21:04:00.531Z,2567,2026-08-21T21:04:00.531Z,V15,Joplin,8488c727-7e26-424c-b4ea-f3ce6564dbed,SAMMS-JoplinV5
202608212101409931,202608212020690928,202608212020690709,88,4872,P1 Reference 3P Setup Bronze - V17,br_samms_3p_setup,TASK_COMPLETE,SUCCESS,INFO,3,3,0,,2026-08-21T20:21:13.701Z,2026-08-21T21:04:00.531Z,2567,2026-08-21T21:04:00.531Z,V17,ColumbiaTN,8488c727-7e26-424c-b4ea-f3ce6564dbed,SAMMS-ColumbiaTNv5
202608212101409933,202608212020690929,202608212020690709,88,4873,P1 Reference 3P Setup Bronze - V19,br_samms_3p_setup,TASK_COMPLETE,SUCCESS,INFO,3,3,0,,2026-08-21T20:21:13.701Z,2026-08-21T21:04:00.531Z,2567,2026-08-21T21:04:00.531Z,V19,Jackson,8488c727-7e26-424c-b4ea-f3ce6564dbed,SAMMS-JacksonV5
202608212101409935,202608212020690930,202608212020690709,88,4874,P1 Reference 3P Setup Bronze - V20,br_samms_3p_setup,TASK_COMPLETE,SUCCESS,INFO,3,3,0,,2026-08-21T20:21:13.701Z,2026-08-21T21:04:00.531Z,2567,2026-08-21T21:04:00.531Z,V20,Paris,8488c727-7e26-424c-b4ea-f3ce6564dbed,SAMMS-ParisV5
202608212101409937,202608212020690931,202608212020690709,88,4875,P1 Reference 3P Setup Bronze - V21,br_samms_3p_setup,TASK_COMPLETE,SUCCESS,INFO,3,3,0,,2026-08-21T20:21:13.701Z,2026-08-21T21:04:00.531Z,2567,2026-08-21T21:04:00.531Z,V21,Raleigh,8488c727-7e26-424c-b4ea-f3ce6564dbed,SAMMS-RaleighV5
202608212101409939,202608212020690932,202608212020690709,88,4876,P1 Reference 3P Setup Bronze - V5,br_samms_3p_setup,TASK_COMPLETE,SUCCESS,INFO,3,3,0,,2026-08-21T20:21:13.701Z,2026-08-21T21:04:00.531Z,2567,2026-08-21T21:04:00.531Z,V5,NONTC,8488c727-7e26-424c-b4ea-f3ce6564dbed,SAMMS-NONTCv5
202608212101409942,202608212020690933,202608212020690709,88,4877,P1 Reference 3P Setup Bronze - V5B,br_samms_3p_setup,TASK_COMPLETE,SUCCESS,INFO,3,3,0,,2026-08-21T20:21:13.701Z,2026-08-21T21:04:00.531Z,2567,2026-08-21T21:04:00.531Z,V5B,Houma,8488c727-7e26-424c-b4ea-f3ce6564dbed,SAMMS-HoumaV6
202608212101409944,202608212020690934,202608212020690709,88,4878,P1 Reference 3P Setup Bronze - V6,br_samms_3p_setup,TASK_COMPLETE,SUCCESS,INFO,3,3,0,,2026-08-21T20:21:13.701Z,2026-08-21T21:04:00.531Z,2567,2026-08-21T21:04:00.531Z,V6,LC,8488c727-7e26-424c-b4ea-f3ce6564dbed,SAMMS-LCv5
202608212101409946,202608212020690935,202608212020690709,88,4879,P1 Reference 3P Setup Bronze - V8,br_samms_3p_setup,TASK_COMPLETE,SUCCESS,INFO,3,3,0,,2026-08-21T20:21:13.701Z,2026-08-21T21:04:00.531Z,2567,2026-08-21T21:04:00.531Z,V8,VCPHCS-VIII-Memphis,8488c727-7e26-424c-b4ea-f3ce6564dbed,SAMMS-VCPHCS-VIII-MemphisV5
202608212101409948,202608212020690936,202608212020690709,88,4880,P1 Reference 3P Setup Bronze - V9,br_samms_3p_setup,TASK_COMPLETE,SUCCESS,INFO,3,3,0,,2026-08-21T20:21:13.701Z,2026-08-21T21:04:00.531Z,2567,2026-08-21T21:04:00.531Z,V9,Nashville,8488c727-7e26-424c-b4ea-f3ce6564dbed,SAMMS-NashvilleV5
202608212101409950,202608212020690937,202608212020690709,88,4881,P1 Reference 3P Setup Bronze - VBRA,br_samms_3p_setup,TASK_COMPLETE,SUCCESS,INFO,5,5,0,,2026-08-21T20:21:13.701Z,2026-08-21T21:04:00.531Z,2567,2026-08-21T21:04:00.531Z,VBRA,Brainerd,8488c727-7e26-424c-b4ea-f3ce6564dbed,SAMMS-BrainerdV6
202608212101409952,202608212020690938,202608212020690709,88,4882,P1 Reference 3P Setup Bronze - VBRP,br_samms_3p_setup,TASK_COMPLETE,SUCCESS,INFO,5,5,0,,2026-08-21T20:21:13.701Z,2026-08-21T21:04:00.531Z,2567,2026-08-21T21:04:00.531Z,VBRP,BrooklynPark,8488c727-7e26-424c-b4ea-f3ce6564dbed,SAMMS-BrooklynParkV6
202608212101409954,202608212020690939,202608212020690709,88,4883,P1 Reference 3P Setup Bronze - VMIN,br_samms_3p_setup,TASK_COMPLETE,SUCCESS,INFO,5,5,0,,2026-08-21T20:21:13.701Z,2026-08-21T21:04:00.531Z,2567,2026-08-21T21:04:00.531Z,VMIN,Minneapolis,8488c727-7e26-424c-b4ea-f3ce6564dbed,SAMMS-MinneapolisV6
202608212101409956,202608212020690940,202608212020690709,88,4884,P1 Reference 3P Setup Bronze - VWBY,br_samms_3p_setup,TASK_COMPLETE,SUCCESS,INFO,5,5,0,,2026-08-21T20:21:13.701Z,2026-08-21T21:04:00.531Z,2567,2026-08-21T21:04:00.531Z,VWBY,Woodbury,8488c727-7e26-424c-b4ea-f3ce6564dbed,SAMMS-WoodburyV6
202608212101409958,202608212020690941,202608212020690709,88,4885,P1 Reference 3P Setup Bronze - WIL,br_samms_3p_setup,TASK_COMPLETE,SUCCESS,INFO,3,3,0,,2026-08-21T20:21:13.701Z,2026-08-21T21:04:00.531Z,2567,2026-08-21T21:04:00.531Z,WIL,Wilson,8488c727-7e26-424c-b4ea-f3ce6564dbed,SAMMS-Wilson
202608212101410060,202608212020790711,202608212020790709,89,4886,P1 Reference 3P Setup Silver,tbl_3PSETUP,TASK_COMPLETE,SUCCESS,INFO,345,345,0,,2026-08-21T20:21:13.701Z,2026-08-21T21:04:00.531Z,2567,2026-08-21T21:04:00.531Z,,,8488c727-7e26-424c-b4ea-f3ce6564dbed,
202608212101409967,202608212020690710,202608212020690709,88,4653,P1 Reference Clinic Bronze - AHK,br_samms_clinic,TASK_COMPLETE,SUCCESS,INFO,1,1,0,,2026-08-21T20:21:13.701Z,2026-08-21T21:04:00.531Z,2567,2026-08-21T21:04:00.531Z,AHK,Ahoskie,8488c727-7e26-424c-b4ea-f3ce6564dbed,SAMMS-Ahoskie
202608212101409968,202608212020690711,202608212020690709,88,4654,P1 Reference Clinic Bronze - B12B,br_samms_clinic,TASK_COMPLETE,SUCCESS,INFO,1,1,0,,2026-08-21T20:21:13.701Z,2026-08-21T21:04:00.531Z,2567,2026-08-21T21:04:00.531Z,B12B,ColoradoSprings,8488c727-7e26-424c-b4ea-f3ce6564dbed,SAMMS-ColoradoSpringsV5
202608212101409969,202608212020690712,202608212020690709,88,4655,P1 Reference Clinic Bronze - B24,br_samms_clinic,TASK_COMPLETE,SUCCESS,INFO,1,1,0,,2026-08-21T20:21:13.701Z,2026-08-21T21:04:00.531Z,2567,2026-08-21T21:04:00.531Z,B24,Paintsville,8488c727-7e26-424c-b4ea-f3ce6564dbed,SAMMS-PaintsvilleV5
202608212101409971,202608212020690713,202608212020690709,88,4656,P1 Reference Clinic Bronze - B25,br_samms_clinic,TASK_COMPLETE,SUCCESS,INFO,1,1,0,,2026-08-21T20:21:13.701Z,2026-08-21T21:04:00.531Z,2567,2026-08-21T21:04:00.531Z,B25,Pikeville,8488c727-7e26-424c-b4ea-f3ce6564dbed,SAMMS-PikevilleV5
202608212101409972,202608212020690714,202608212020690709,88,4657,P1 Reference Clinic Bronze - B26,br_samms_clinic,TASK_COMPLETE,SUCCESS,INFO,1,1,0,,2026-08-21T20:21:13.701Z,2026-08-21T21:04:00.531Z,2567,2026-08-21T21:04:00.531Z,B26,Hazard,8488c727-7e26-424c-b4ea-f3ce6564dbed,SAMMS-HazardV5
202608212101409973,202608212020690715,202608212020690709,88,4658,P1 Reference Clinic Bronze - B27,br_samms_clinic,TASK_COMPLETE,SUCCESS,INFO,1,1,0,,2026-08-21T20:21:13.701Z,2026-08-21T21:04:00.531Z,2567,2026-08-21T21:04:00.531Z,B27,Savannah,8488c727-7e26-424c-b4ea-f3ce6564dbed,SAMMS-SavannahV6
202608212101409974,202608212020690716,202608212020690709,88,4659,P1 Reference Clinic Bronze - B28,br_samms_clinic,TASK_COMPLETE,SUCCESS,INFO,1,1,0,,2026-08-21T20:21:13.701Z,2026-08-21T21:04:00.531Z,2567,2026-08-21T21:04:00.531Z,B28,WestPlaines,8488c727-7e26-424c-b4ea-f3ce6564dbed,SAMMS-WestPlainesV5
202608212101409975,202608212020690717,202608212020690709,88,4660,P1 Reference Clinic Bronze - B29,br_samms_clinic,TASK_COMPLETE,SUCCESS,INFO,1,1,0,,2026-08-21T20:21:13.701Z,2026-08-21T21:04:00.531Z,2567,2026-08-21T21:04:00.531Z,B29,PoplarBluff,8488c727-7e26-424c-b4ea-f3ce6564dbed,SAMMS-PoplarBluffV5
202608212101409977,202608212020690718,202608212020690709,88,4661,P1 Reference Clinic Bronze - B30,br_samms_clinic,TASK_COMPLETE,SUCCESS,INFO,1,1,0,,2026-08-21T20:21:13.701Z,2026-08-21T21:04:00.531Z,2567,2026-08-21T21:04:00.531Z,B30,KCN,8488c727-7e26-424c-b4ea-f3ce6564dbed,SAMMS-KCNv5
202608212101409978,202608212020690719,202608212020690709,88,4662,P1 Reference Clinic Bronze - B31,br_samms_clinic,TASK_COMPLETE,SUCCESS,INFO,1,1,0,,2026-08-21T20:21:13.701Z,2026-08-21T21:04:00.531Z,2567,2026-08-21T21:04:00.531Z,B31,Dyersburg,8488c727-7e26-424c-b4ea-f3ce6564dbed,SAMMS-DyersburgV5
202608212101409979,202608212020690720,202608212020690709,88,4663,P1 Reference Clinic Bronze - B33,br_samms_clinic,TASK_COMPLETE,SUCCESS,INFO,1,1,0,,2026-08-21T20:21:13.701Z,2026-08-21T21:04:00.531Z,2567,2026-08-21T21:04:00.531Z,B33,Paducah,8488c727-7e26-424c-b4ea-f3ce6564dbed,SAMMS-Paducah
202608212101409981,202608212020690721,202608212020690709,88,4664,P1 Reference Clinic Bronze - B34,br_samms_clinic,TASK_COMPLETE,SUCCESS,INFO,1,1,0,,2026-08-21T20:21:13.701Z,2026-08-21T21:04:00.531Z,2567,2026-08-21T21:04:00.531Z,B34,Corbin,8488c727-7e26-424c-b4ea-f3ce6564dbed,SAMMS-CorbinV5
202608212101409982,202608212020690722,202608212020690709,88,4665,P1 Reference Clinic Bronze - B35,br_samms_clinic,TASK_COMPLETE,SUCCESS,INFO,1,1,0,,2026-08-21T20:21:13.701Z,2026-08-21T21:04:00.531Z,2567,2026-08-21T21:04:00.531Z,B35,Lexington,8488c727-7e26-424c-b4ea-f3ce6564dbed,SAMMS-LexingtonV5
202608200219258022,202608200029237566,202608200029237018,85,2400,Bronze INV,br_LabResult,TASK_COMPLETE,FAILED,ERROR,2087,2087,1,SaveLABResults Bronze ForEach failed,2026-08-20T00:29:28.539Z,2026-08-20T02:40:07.937Z,7839,2026-08-20T02:40:07.937Z,TTCB,Cullman,2e0eb052-bb28-45b1-894f-8dc0851c56cc,SAMMS-CullmanV5
202608200219258023,202608200029237567,202608200029237018,85,2401,Bronze INV,br_LabResult,TASK_COMPLETE,FAILED,ERROR,4,4,1,SaveLABResults Bronze ForEach failed,2026-08-20T00:29:28.539Z,2026-08-20T02:40:07.937Z,7839,2026-08-20T02:40:07.937Z,TTCC,Grand Bay,2e0eb052-bb28-45b1-894f-8dc0851c56cc,SAMMS-GrandBay
202608200219258024,202608200029237568,202608200029237018,85,2402,Bronze INV,br_LabResult,TASK_COMPLETE,FAILED,ERROR,717,717,1,SaveLABResults Bronze ForEach failed,2026-08-20T00:29:28.539Z,2026-08-20T02:40:07.937Z,7839,2026-08-20T02:40:07.937Z,TU,Tucson,2e0eb052-bb28-45b1-894f-8dc0851c56cc,SAMMS-Tucson
202608200219258025,202608200029237569,202608200029237018,85,2404,Bronze INV,br_LabResult,TASK_COMPLETE,FAILED,ERROR,4984,4984,1,SaveLABResults Bronze ForEach failed,2026-08-20T00:29:28.539Z,2026-08-20T02:40:07.937Z,7839,2026-08-20T02:40:07.937Z,V1,Memphis South,2e0eb052-bb28-45b1-894f-8dc0851c56cc,SAMMS-VCPHCS-I-MemphisV5
202608200219258026,202608200029237570,202608200029237018,85,2405,Bronze INV,br_LabResult,TASK_COMPLETE,FAILED,ERROR,6230,6230,1,SaveLABResults Bronze ForEach failed,2026-08-20T00:29:28.539Z,2026-08-20T02:40:07.937Z,7839,2026-08-20T02:40:07.937Z,V10,Longmont,2e0eb052-bb28-45b1-894f-8dc0851c56cc,SAMMS-BoulderV5
202608200219258027,202608200029237571,202608200029237018,85,2406,Bronze INV,br_LabResult,TASK_COMPLETE,FAILED,ERROR,3553,3553,1,SaveLABResults Bronze ForEach failed,2026-08-20T00:29:28.539Z,2026-08-20T02:40:07.937Z,7839,2026-08-20T02:40:07.937Z,V10A,Fort Collins,2e0eb052-bb28-45b1-894f-8dc0851c56cc,SAMMS-FortCollinsV5
202608200219258028,202608200029237572,202608200029237018,85,2407,Bronze INV,br_LabResult,TASK_COMPLETE,FAILED,ERROR,7560,7560,1,SaveLABResults Bronze ForEach failed,2026-08-20T00:29:28.539Z,2026-08-20T02:40:07.937Z,7839,2026-08-20T02:40:07.937Z,V11,Westminster,2e0eb052-bb28-45b1-894f-8dc0851c56cc,SAMMS-VCPHCS-XI-NorthDenverV5
202608200219258029,202608200029237573,202608200029237018,85,2408,Bronze INV,br_LabResult,TASK_COMPLETE,FAILED,ERROR,10261,10261,1,SaveLABResults Bronze ForEach failed,2026-08-20T00:29:28.539Z,2026-08-20T02:40:07.937Z,7839,2026-08-20T02:40:07.937Z,V12,Downtown Denver,2e0eb052-bb28-45b1-894f-8dc0851c56cc,SAMMS-VCPHCS-XII-DowntownDenverV5
202608200219258031,202608200029237574,202608200029237018,85,2409,Bronze INV,br_LabResult,TASK_COMPLETE,FAILED,ERROR,4811,4811,1,SaveLABResults Bronze ForEach failed,2026-08-20T00:29:28.539Z,2026-08-20T02:40:07.937Z,7839,2026-08-20T02:40:07.937Z,V12A,Centennial,2e0eb052-bb28-45b1-894f-8dc0851c56cc,SAMMS-CentennialV5
202608200219258032,202608200029237575,202608200029237018,85,2410,Bronze INV,br_LabResult,TASK_COMPLETE,FAILED,ERROR,3266,3266,1,SaveLABResults Bronze ForEach failed,2026-08-20T00:29:28.539Z,2026-08-20T02:40:07.937Z,7839,2026-08-20T02:40:07.937Z,V14,Overland Park,2e0eb052-bb28-45b1-894f-8dc0851c56cc,SAMMS-VCPHCS-XIV-BridgewayV5
202608200219258033,202608200029237576,202608200029237018,85,2411,Bronze INV,br_LabResult,TASK_COMPLETE,FAILED,ERROR,2515,2515,1,SaveLABResults Bronze ForEach failed,2026-08-20T00:29:28.539Z,2026-08-20T02:40:07.937Z,7839,2026-08-20T02:40:07.937Z,V15,Joplin,2e0eb052-bb28-45b1-894f-8dc0851c56cc,SAMMS-JoplinV5
202608200219258034,202608200029237577,202608200029237018,85,2413,Bronze INV,br_LabResult,TASK_COMPLETE,FAILED,ERROR,892,892,1,SaveLABResults Bronze ForEach failed,2026-08-20T00:29:28.539Z,2026-08-20T02:40:07.937Z,7839,2026-08-20T02:40:07.937Z,V17,Columbia TN,2e0eb052-bb28-45b1-894f-8dc0851c56cc,SAMMS-ColumbiaTNv5
202608200219258035,202608200029237578,202608200029237018,85,2415,Bronze INV,br_LabResult,TASK_COMPLETE,FAILED,ERROR,4893,4893,1,SaveLABResults Bronze ForEach failed,2026-08-20T00:29:28.539Z,2026-08-20T02:40:07.937Z,7839,2026-08-20T02:40:07.937Z,V19,Jackson,2e0eb052-bb28-45b1-894f-8dc0851c56cc,SAMMS-JacksonV5
202608200219258036,202608200029237579,202608200029237018,85,2417,Bronze INV,br_LabResult,TASK_COMPLETE,FAILED,ERROR,6726,6726,1,SaveLABResults Bronze ForEach failed,2026-08-20T00:29:28.539Z,2026-08-20T02:40:07.937Z,7839,2026-08-20T02:40:07.937Z,V20,Paris,2e0eb052-bb28-45b1-894f-8dc0851c56cc,SAMMS-ParisV5
202608200219258037,202608200029237580,202608200029237018,85,2418,Bronze INV,br_LabResult,TASK_COMPLETE,FAILED,ERROR,6030,6030,1,SaveLABResults Bronze ForEach failed,2026-08-20T00:29:28.539Z,2026-08-20T02:40:07.937Z,7839,2026-08-20T02:40:07.937Z,V21,Memphis North,2e0eb052-bb28-45b1-894f-8dc0851c56cc,SAMMS-RaleighV5
202608200219258038,202608200029237581,202608200029237018,85,2421,Bronze INV,br_LabResult,TASK_COMPLETE,FAILED,ERROR,7001,7001,1,SaveLABResults Bronze ForEach failed,2026-08-20T00:29:28.539Z,2026-08-20T02:40:07.937Z,7839,2026-08-20T02:40:07.937Z,V5,West Bank,2e0eb052-bb28-45b1-894f-8dc0851c56cc,SAMMS-NONTCv5
202608200219258040,202608200029237582,202608200029237018,85,2423,Bronze INV,br_LabResult,TASK_COMPLETE,FAILED,ERROR,212,212,1,SaveLABResults Bronze ForEach failed,2026-08-20T00:29:28.539Z,2026-08-20T02:40:07.937Z,7839,2026-08-20T02:40:07.937Z,V5B,Houma,2e0eb052-bb28-45b1-894f-8dc0851c56cc,SAMMS-HoumaV6
202608200219258041,202608200029237583,202608200029237018,85,2424,Bronze INV,br_LabResult,TASK_COMPLETE,FAILED,ERROR,4793,4793,1,SaveLABResults Bronze ForEach failed,2026-08-20T00:29:28.539Z,2026-08-20T02:40:07.937Z,7839,2026-08-20T02:40:07.937Z,V6,Lake Charles,2e0eb052-bb28-45b1-894f-8dc0851c56cc,SAMMS-LCv5
202608200219258042,202608200029237584,202608200029237018,85,2426,Bronze INV,br_LabResult,TASK_COMPLETE,FAILED,ERROR,19679,19679,1,SaveLABResults Bronze ForEach failed,2026-08-20T00:29:28.539Z,2026-08-20T02:40:07.937Z,7839,2026-08-20T02:40:07.937Z,V8,Memphis Midtown,2e0eb052-bb28-45b1-894f-8dc0851c56cc,SAMMS-VCPHCS-VIII-MemphisV5
202608200219258043,202608200029237585,202608200029237018,85,2427,Bronze INV,br_LabResult,TASK_COMPLETE,FAILED,ERROR,17501,17501,1,SaveLABResults Bronze ForEach failed,2026-08-20T00:29:28.539Z,2026-08-20T02:40:07.937Z,7839,2026-08-20T02:40:07.937Z,V9,Nashville,2e0eb052-bb28-45b1-894f-8dc0851c56cc,SAMMS-NashvilleV5
202608200219258044,202608200029237586,202608200029237018,85,2428,Bronze INV,br_LabResult,TASK_COMPLETE,FAILED,ERROR,917,917,1,SaveLABResults Bronze ForEach failed,2026-08-20T00:29:28.539Z,2026-08-20T02:40:07.937Z,7839,2026-08-20T02:40:07.937Z,VBRA,Brainerd,2e0eb052-bb28-45b1-894f-8dc0851c56cc,SAMMS-BrainerdV6
202608200219258045,202608200029237587,202608200029237018,85,2429,Bronze INV,br_LabResult,TASK_COMPLETE,FAILED,ERROR,17,17,1,SaveLABResults Bronze ForEach failed,2026-08-20T00:29:28.539Z,2026-08-20T02:40:07.937Z,7839,2026-08-20T02:40:07.937Z,VBRP,Brooklyn Park,2e0eb052-bb28-45b1-894f-8dc0851c56cc,SAMMS-BrooklynParkV6
202608200219258046,202608200029237588,202608200029237018,85,2431,Bronze INV,br_LabResult,TASK_COMPLETE,FAILED,ERROR,2,2,1,SaveLABResults Bronze ForEach failed,2026-08-20T00:29:28.539Z,2026-08-20T02:40:07.937Z,7839,2026-08-20T02:40:07.937Z,VMIN,Minneapolis,2e0eb052-bb28-45b1-894f-8dc0851c56cc,SAMMS-MinneapolisV6
202608200219258047,202608200029237589,202608200029237018,85,2432,Bronze INV,br_LabResult,TASK_COMPLETE,FAILED,ERROR,6,6,1,SaveLABResults Bronze ForEach failed,2026-08-20T00:29:28.539Z,2026-08-20T02:40:07.937Z,7839,2026-08-20T02:40:07.937Z,VWBY,Woodbury,2e0eb052-bb28-45b1-894f-8dc0851c56cc,SAMMS-WoodburyV6
202608200219258048,202608200029237590,202608200029237018,85,2434,Bronze INV,br_LabResult,TASK_COMPLETE,FAILED,ERROR,3346,3346,1,SaveLABResults Bronze ForEach failed,2026-08-20T00:29:28.539Z,2026-08-20T02:40:07.937Z,7839,2026-08-20T02:40:07.937Z,WIL,Wilson,2e0eb052-bb28-45b1-894f-8dc0851c56cc,SAMMS-Wilson
202608200219258150,202608200029337040,202608200029337018,86,8581,Silver INV,sl_LABResult,TASK_COMPLETE,SKIPPED,WARN,0,0,0,Skipped: SaveLABResults failed at BR,2026-08-20T00:29:28.539Z,2026-08-20T02:40:07.937Z,7839,2026-08-20T02:40:07.937Z,,,2e0eb052-bb28-45b1-894f-8dc0851c56cc,
202608200219258070,202608200029237249,202608200029237018,85,2622,Bronze INV,br_LiquidLog,TASK_COMPLETE,FAILED,ERROR,1473,1473,1,SaveLiquidlog Bronze ForEach failed,2026-08-20T00:29:28.539Z,2026-08-20T02:40:07.937Z,7839,2026-08-20T02:40:07.937Z,AHK,Ahoskie,2e0eb052-bb28-45b1-894f-8dc0851c56cc,SAMMS-Ahoskie
202608200219258072,202608200029237250,202608200029237018,85,2623,Bronze INV,br_LiquidLog,TASK_COMPLETE,FAILED,ERROR,3710,3710,1,SaveLiquidlog Bronze ForEach failed,2026-08-20T00:29:28.539Z,2026-08-20T02:40:07.937Z,7839,2026-08-20T02:40:07.937Z,B12B,Colorado Springs,2e0eb052-bb28-45b1-894f-8dc0851c56cc,SAMMS-ColoradoSpringsV5
202608200219258073,202608200029237251,202608200029237018,85,2624,Bronze INV,br_LiquidLog,TASK_COMPLETE,FAILED,ERROR,13074,13074,1,SaveLiquidlog Bronze ForEach failed,2026-08-20T00:29:28.539Z,2026-08-20T02:40:07.937Z,7839,2026-08-20T02:40:07.937Z,B24,Paintsville,2e0eb052-bb28-45b1-894f-8dc0851c56cc,SAMMS-PaintsvilleV5
202608200219258074,202608200029237252,202608200029237018,85,2625,Bronze INV,br_LiquidLog,TASK_COMPLETE,FAILED,ERROR,9991,9991,1,SaveLiquidlog Bronze ForEach failed,2026-08-20T00:29:28.539Z,2026-08-20T02:40:07.937Z,7839,2026-08-20T02:40:07.937Z,B25,Pikeville,2e0eb052-bb28-45b1-894f-8dc0851c56cc,SAMMS-PikevilleV5
202608200219258075,202608200029237253,202608200029237018,85,2626,Bronze INV,br_LiquidLog,TASK_COMPLETE,FAILED,ERROR,26625,26625,1,SaveLiquidlog Bronze ForEach failed,2026-08-20T00:29:28.539Z,2026-08-20T02:40:07.937Z,7839,2026-08-20T02:40:07.937Z,B26,Hazard,2e0eb052-bb28-45b1-894f-8dc0851c56cc,SAMMS-HazardV5
202608200219258076,202608200029237254,202608200029237018,85,2627,Bronze INV,br_LiquidLog,TASK_COMPLETE,FAILED,ERROR,2435,2435,1,SaveLiquidlog Bronze ForEach failed,2026-08-20T00:29:28.539Z,2026-08-20T02:40:07.937Z,7839,2026-08-20T02:40:07.937Z,B27,Savannah,2e0eb052-bb28-45b1-894f-8dc0851c56cc,SAMMS-SavannahV6
202608200219258077,202608200029237255,202608200029237018,85,2628,Bronze INV,br_LiquidLog,TASK_COMPLETE,FAILED,ERROR,7879,7879,1,SaveLiquidlog Bronze ForEach failed,2026-08-20T00:29:28.539Z,2026-08-20T02:40:07.937Z,7839,2026-08-20T02:40:07.937Z,B28,West Plains,2e0eb052-bb28-45b1-894f-8dc0851c56cc,SAMMS-WestPlainesV5
202608200219258078,202608200029237256,202608200029237018,85,2629,Bronze INV,br_LiquidLog,TASK_COMPLETE,FAILED,ERROR,5469,5469,1,SaveLiquidlog Bronze ForEach failed,2026-08-20T00:29:28.539Z,2026-08-20T02:40:07.937Z,7839,2026-08-20T02:40:07.937Z,B29,Poplar Bluff,2e0eb052-bb28-45b1-894f-8dc0851c56cc,SAMMS-PoplarBluffV5
202608200219258080,202608200029237257,202608200029237018,85,2630,Bronze INV,br_LiquidLog,TASK_COMPLETE,FAILED,ERROR,2582,2582,1,SaveLiquidlog Bronze ForEach failed,2026-08-20T00:29:28.539Z,2026-08-20T02:40:07.937Z,7839,2026-08-20T02:40:07.937Z,B30,KC North,2e0eb052-bb28-45b1-894f-8dc0851c56cc,SAMMS-KCNv5
202608200219258081,202608200029237258,202608200029237018,85,2631,Bronze INV,br_LiquidLog,TASK_COMPLETE,FAILED,ERROR,14945,14945,1,SaveLiquidlog Bronze ForEach failed,2026-08-20T00:29:28.539Z,2026-08-20T02:40:07.937Z,7839,2026-08-20T02:40:07.937Z,B31,Dyersburg,2e0eb052-bb28-45b1-894f-8dc0851c56cc,SAMMS-DyersburgV5
202608200219258082,202608200029237259,202608200029237018,85,2633,Bronze INV,br_LiquidLog,TASK_COMPLETE,FAILED,ERROR,9448,9448,1,SaveLiquidlog Bronze ForEach failed,2026-08-20T00:29:28.539Z,2026-08-20T02:40:07.937Z,7839,2026-08-20T02:40:07.937Z,B33,Paducah,2e0eb052-bb28-45b1-894f-8dc0851c56cc,SAMMS-Paducah
202608200219258083,202608200029237260,202608200029237018,85,2634,Bronze INV,br_LiquidLog,TASK_COMPLETE,FAILED,ERROR,15779,15779,1,SaveLiquidlog Bronze ForEach failed,2026-08-20T00:29:28.539Z,2026-08-20T02:40:07.937Z,7839,2026-08-20T02:40:07.937Z,B34,Corbin,2e0eb052-bb28-45b1-894f-8dc0851c56cc,SAMMS-CorbinV5
202608200219258828,202608200029239206,202608200029237018,85,3547,Bronze INV,br_ReAssessmentMentalHealth,TASK_COMPLETE,FAILED,ERROR,532,532,1,SaveReAssessmentMentalHealth Bronze ForEach failed,2026-08-20T00:29:28.539Z,2026-08-20T02:40:07.937Z,7839,2026-08-20T02:40:07.937Z,B27,Savannah,2e0eb052-bb28-45b1-894f-8dc0851c56cc,SAMMS-SavannahV6
202608200219258829,202608200029239207,202608200029237018,85,3548,Bronze INV,br_ReAssessmentMentalHealth,TASK_COMPLETE,FAILED,ERROR,246,246,1,SaveReAssessmentMentalHealth Bronze ForEach failed,2026-08-20T00:29:28.539Z,2026-08-20T02:40:07.937Z,7839,2026-08-20T02:40:07.937Z,B28,West Plains,2e0eb052-bb28-45b1-894f-8dc0851c56cc,SAMMS-WestPlainesV5
202608200219258830,202608200029239208,202608200029237018,85,3549,Bronze INV,br_ReAssessmentMentalHealth,TASK_COMPLETE,FAILED,ERROR,461,461,1,SaveReAssessmentMentalHealth Bronze ForEach failed,2026-08-20T00:29:28.539Z,2026-08-20T02:40:07.937Z,7839,2026-08-20T02:40:07.937Z,B29,Poplar Bluff,2e0eb052-bb28-45b1-894f-8dc0851c56cc,SAMMS-PoplarBluffV5
202608200219258831,202608200029239209,202608200029237018,85,3550,Bronze INV,br_ReAssessmentMentalHealth,TASK_COMPLETE,FAILED,ERROR,79,79,1,SaveReAssessmentMentalHealth Bronze ForEach failed,2026-08-20T00:29:28.539Z,2026-08-20T02:40:07.937Z,7839,2026-08-20T02:40:07.937Z,B30,KC North,2e0eb052-bb28-45b1-894f-8dc0851c56cc,SAMMS-KCNv5
202608200219258832,202608200029239210,202608200029237018,85,3551,Bronze INV,br_ReAssessmentMentalHealth,TASK_COMPLETE,FAILED,ERROR,401,401,1,SaveReAssessmentMentalHealth Bronze ForEach failed,2026-08-20T00:29:28.539Z,2026-08-20T02:40:07.937Z,7839,2026-08-20T02:40:07.937Z,B31,Dyersburg,2e0eb052-bb28-45b1-894f-8dc0851c56cc,SAMMS-DyersburgV5
202608200219258833,202608200029239211,202608200029237018,85,3553,Bronze INV,br_ReAssessmentMentalHealth,TASK_COMPLETE,FAILED,ERROR,487,487,1,SaveReAssessmentMentalHealth Bronze ForEach failed,2026-08-20T00:29:28.539Z,2026-08-20T02:40:07.937Z,7839,2026-08-20T02:40:07.937Z,B33,Paducah,2e0eb052-bb28-45b1-894f-8dc0851c56cc,SAMMS-Paducah
202608200219258835,202608200029239212,202608200029237018,85,3554,Bronze INV,br_ReAssessmentMentalHealth,TASK_COMPLETE,FAILED,ERROR,386,386,1,SaveReAssessmentMentalHealth Bronze ForEach failed,2026-08-20T00:29:28.539Z,2026-08-20T02:40:07.937Z,7839,2026-08-20T02:40:07.937Z,B34,Corbin,2e0eb052-bb28-45b1-894f-8dc0851c56cc,SAMMS-CorbinV5
202608200219258836,202608200029239213,202608200029237018,85,3555,Bronze INV,br_ReAssessmentMentalHealth,TASK_COMPLETE,FAILED,ERROR,242,242,1,SaveReAssessmentMentalHealth Bronze ForEach failed,2026-08-20T00:29:28.539Z,2026-08-20T02:40:07.937Z,7839,2026-08-20T02:40:07.937Z,B35,Lexington,2e0eb052-bb28-45b1-894f-8dc0851c56cc,SAMMS-LexingtonV5
202608200219258837,202608200029239214,202608200029237018,85,3556,Bronze INV,br_ReAssessmentMentalHealth,TASK_COMPLETE,FAILED,ERROR,77,77,1,SaveReAssessmentMentalHealth Bronze ForEach failed,2026-08-20T00:29:28.539Z,2026-08-20T02:40:07.937Z,7839,2026-08-20T02:40:07.937Z,B35A,Berea,2e0eb052-bb28-45b1-894f-8dc0851c56cc,SAMMS-BereaV5
202608200219258839,202608200029239215,202608200029237018,85,3557,Bronze INV,br_ReAssessmentMentalHealth,TASK_COMPLETE,FAILED,ERROR,20,20,1,SaveReAssessmentMentalHealth Bronze ForEach failed,2026-08-20T00:29:28.539Z,2026-08-20T02:40:07.937Z,7839,2026-08-20T02:40:07.937Z,B36,Asheville,2e0eb052-bb28-45b1-894f-8dc0851c56cc,SAMMS-AshevilleV5
202608200219258840,202608200029239216,202608200029237018,85,3558,Bronze INV,br_ReAssessmentMentalHealth,TASK_COMPLETE,FAILED,ERROR,1,1,1,SaveReAssessmentMentalHealth Bronze ForEach failed,2026-08-20T00:29:28.539Z,2026-08-20T02:40:07.937Z,7839,2026-08-20T02:40:07.937Z,B37,Clyde,2e0eb052-bb28-45b1-894f-8dc0851c56cc,SAMMS-ClydeV5
202608200219258841,202608200029239217,202608200029237018,85,3559,Bronze INV,br_ReAssessmentMentalHealth,TASK_COMPLETE,FAILED,ERROR,1188,1188,1,SaveReAssessmentMentalHealth Bronze ForEach failed,2026-08-20T00:29:28.539Z,2026-08-20T02:40:07.937Z,7839,2026-08-20T02:40:07.937Z,B38,Spartanburg,2e0eb052-bb28-45b1-894f-8dc0851c56cc,SAMMS-SpartanburgV5
202608200219258842,202608200029239218,202608200029237018,85,3560,Bronze INV,br_ReAssessmentMentalHealth,TASK_COMPLETE,FAILED,ERROR,362,362,1,SaveReAssessmentMentalHealth Bronze ForEach failed,2026-08-20T00:29:28.539Z,2026-08-20T02:40:07.937Z,7839,2026-08-20T02:40:07.937Z,B39,Aiken,2e0eb052-bb28-45b1-894f-8dc0851c56cc,SAMMS-AikenV5
202608200219258843,202608200029239219,202608200029237018,85,3561,Bronze INV,br_ReAssessmentMentalHealth,TASK_COMPLETE,FAILED,ERROR,1892,1892,1,SaveReAssessmentMentalHealth Bronze ForEach failed,2026-08-20T00:29:28.539Z,2026-08-20T02:40:07.937Z,7839,2026-08-20T02:40:07.937Z,B41,Chesapeake,2e0eb052-bb28-45b1-894f-8dc0851c56cc,SAMMS-ChesapeakeV5
202608200219258845,202608200029239220,202608200029237018,85,3562,Bronze INV,br_ReAssessmentMentalHealth,TASK_COMPLETE,FAILED,ERROR,1919,1919,1,SaveReAssessmentMentalHealth Bronze ForEach failed,2026-08-20T00:29:28.539Z,2026-08-20T02:40:07.937Z,7839,2026-08-20T02:40:07.937Z,B42,Virginia Beach,2e0eb052-bb28-45b1-894f-8dc0851c56cc,SAMMS-VirginiaBeachV5
202608200219258846,202608200029239221,202608200029237018,85,3563,Bronze INV,br_ReAssessmentMentalHealth,TASK_COMPLETE,FAILED,ERROR,931,931,1,SaveReAssessmentMentalHealth Bronze ForEach failed,2026-08-20T00:29:28.539Z,2026-08-20T02:40:07.937Z,7839,2026-08-20T02:40:07.937Z,B42A,Newport News,2e0eb052-bb28-45b1-894f-8dc0851c56cc,SAMMS-NewportNewsV5
202608200219258847,202608200029239222,202608200029237018,85,3564,Bronze INV,br_ReAssessmentMentalHealth,TASK_COMPLETE,FAILED,ERROR,508,508,1,SaveReAssessmentMentalHealth Bronze ForEach failed,2026-08-20T00:29:28.539Z,2026-08-20T02:40:07.937Z,7839,2026-08-20T02:40:07.937Z,B42B,Franklin,2e0eb052-bb28-45b1-894f-8dc0851c56cc,SAMMS-FranklinV5
202608200219258848,202608200029239223,202608200029237018,85,3565,Bronze INV,br_ReAssessmentMentalHealth,TASK_COMPLETE,FAILED,ERROR,345,345,1,SaveReAssessmentMentalHealth Bronze ForEach failed,2026-08-20T00:29:28.539Z,2026-08-20T02:40:07.937Z,7839,2026-08-20T02:40:07.937Z,B42C,Glen Allen,2e0eb052-bb28-45b1-894f-8dc0851c56cc,SAMMS-GlenAllenV5
202608200219258849,202608200029239224,202608200029237018,85,3566,Bronze INV,br_ReAssessmentMentalHealth,TASK_COMPLETE,FAILED,ERROR,1483,1483,1,SaveReAssessmentMentalHealth Bronze ForEach failed,2026-08-20T00:29:28.539Z,2026-08-20T02:40:07.937Z,7839,2026-08-20T02:40:07.937Z,B42D,Chesapeake South,2e0eb052-bb28-45b1-894f-8dc0851c56cc,SAMMS-ChesapeakeSouthV5
202608200219258850,202608200029239225,202608200029237018,85,3567,Bronze INV,br_ReAssessmentMentalHealth,TASK_COMPLETE,FAILED,ERROR,632,632,1,SaveReAssessmentMentalHealth Bronze ForEach failed,2026-08-20T00:29:28.539Z,2026-08-20T02:40:07.937Z,7839,2026-08-20T02:40:07.937Z,B44,Albany,2e0eb052-bb28-45b1-894f-8dc0851c56cc,SAMMS-AlbanyV5
202608200219258851,202608200029239226,202608200029237018,85,3568,Bronze INV,br_ReAssessmentMentalHealth,TASK_COMPLETE,FAILED,ERROR,1270,1270,1,SaveReAssessmentMentalHealth Bronze ForEach failed,2026-08-20T00:29:28.539Z,2026-08-20T02:40:07.937Z,7839,2026-08-20T02:40:07.937Z,B45,Tifton,2e0eb052-bb28-45b1-894f-8dc0851c56cc,SAMMS-TiftonV5
202608200219258853,202608200029239227,202608200029237018,85,3569,Bronze INV,br_ReAssessmentMentalHealth,TASK_COMPLETE,FAILED,ERROR,590,590,1,SaveReAssessmentMentalHealth Bronze ForEach failed,2026-08-20T00:29:28.539Z,2026-08-20T02:40:07.937Z,7839,2026-08-20T02:40:07.937Z,B46,Washington DC,2e0eb052-bb28-45b1-894f-8dc0851c56cc,SAMMS-WashingtonDCv5
202608200219258854,202608200029239228,202608200029237018,85,3570,Bronze INV,br_ReAssessmentMentalHealth,TASK_COMPLETE,FAILED,ERROR,1573,1573,1,SaveReAssessmentMentalHealth Bronze ForEach failed,2026-08-20T00:29:28.539Z,2026-08-20T02:40:07.937Z,7839,2026-08-20T02:40:07.937Z,B47,Mobile,2e0eb052-bb28-45b1-894f-8dc0851c56cc,SAMMS-MobileV5
202608200219258855,202608200029239229,202608200029237018,85,3571,Bronze INV,br_ReAssessmentMentalHealth,TASK_COMPLETE,FAILED,ERROR,1297,1297,1,SaveReAssessmentMentalHealth Bronze ForEach failed,2026-08-20T00:29:28.539Z,2026-08-20T02:40:07.937Z,7839,2026-08-20T02:40:07.937Z,B48,Tuscaloosa,2e0eb052-bb28-45b1-894f-8dc0851c56cc,SAMMS-TuscaloosaV5
202608200219258856,202608200029239230,202608200029237018,85,3580,Bronze INV,br_ReAssessmentMentalHealth,TASK_COMPLETE,FAILED,ERROR,2,2,1,SaveReAssessmentMentalHealth Bronze ForEach failed,2026-08-20T00:29:28.539Z,2026-08-20T02:40:07.937Z,7839,2026-08-20T02:40:07.937Z,B51,N. Little Rock (OTP),2e0eb052-bb28-45b1-894f-8dc0851c56cc,SAMMS-NorthLittleRockV6
202608200219258857,202608200029239231,202608200029237018,85,3581,Bronze INV,br_ReAssessmentMentalHealth,TASK_COMPLETE,FAILED,ERROR,457,457,1,SaveReAssessmentMentalHealth Bronze ForEach failed,2026-08-20T00:29:28.539Z,2026-08-20T02:40:07.937Z,7839,2026-08-20T02:40:07.937Z,B52,Jackson GA,2e0eb052-bb28-45b1-894f-8dc0851c56cc,SAMMS-JacksonGAV5
202608200219258859,202608200029239232,202608200029237018,85,3582,Bronze INV,br_ReAssessmentMentalHealth,TASK_COMPLETE,FAILED,ERROR,1703,1703,1,SaveReAssessmentMentalHealth Bronze ForEach failed,2026-08-20T00:29:28.539Z,2026-08-20T02:40:07.937Z,7839,2026-08-20T02:40:07.937Z,B54,Gadsden,2e0eb052-bb28-45b1-894f-8dc0851c56cc,SAMMS-GadsdenV5
202608200219258860,202608200029239233,202608200029237018,85,3583,Bronze INV,br_ReAssessmentMentalHealth,TASK_COMPLETE,FAILED,ERROR,952,952,1,SaveReAssessmentMentalHealth Bronze ForEach failed,2026-08-20T00:29:28.539Z,2026-08-20T02:40:07.937Z,7839,2026-08-20T02:40:07.937Z,B55,Shoals,2e0eb052-bb28-45b1-894f-8dc0851c56cc,SAMMS-ShoalsV5
202608200219258861,202608200029239234,202608200029237018,85,3584,Bronze INV,br_ReAssessmentMentalHealth,TASK_COMPLETE,FAILED,ERROR,294,294,1,SaveReAssessmentMentalHealth Bronze ForEach failed,2026-08-20T00:29:28.539Z,2026-08-20T02:40:07.937Z,7839,2026-08-20T02:40:07.937Z,B57,Pawtucket,2e0eb052-bb28-45b1-894f-8dc0851c56cc,SAMMS-Pawtucket
202608200219258862,202608200029239235,202608200029237018,85,3585,Bronze INV,br_ReAssessmentMentalHealth,TASK_COMPLETE,FAILED,ERROR,554,554,1,SaveReAssessmentMentalHealth Bronze ForEach failed,2026-08-20T00:29:28.539Z,2026-08-20T02:40:07.937Z,7839,2026-08-20T02:40:07.937Z,B57A,Johnston,2e0eb052-bb28-45b1-894f-8dc0851c56cc,SAMMS-Johnston
202608200219258864,202608200029239236,202608200029237018,85,3586,Bronze INV,br_ReAssessmentMentalHealth,TASK_COMPLETE,FAILED,ERROR,166,166,1,SaveReAssessmentMentalHealth Bronze ForEach failed,2026-08-20T00:29:28.539Z,2026-08-20T02:40:07.937Z,7839,2026-08-20T02:40:07.937Z,B57B,Middletown,2e0eb052-bb28-45b1-894f-8dc0851c56cc,SAMMS-Middletown
202608200219258865,202608200029239237,202608200029237018,85,3587,Bronze INV,br_ReAssessmentMentalHealth,TASK_COMPLETE,FAILED,ERROR,413,413,1,SaveReAssessmentMentalHealth Bronze ForEach failed,2026-08-20T00:29:28.539Z,2026-08-20T02:40:07.937Z,7839,2026-08-20T02:40:07.937Z,B57C,Providence,2e0eb052-bb28-45b1-894f-8dc0851c56cc,SAMMS-Providence
202608200219258866,202608200029239238,202608200029237018,85,3588,Bronze INV,br_ReAssessmentMentalHealth,TASK_COMPLETE,FAILED,ERROR,626,626,1,SaveReAssessmentMentalHealth Bronze ForEach failed,2026-08-20T00:29:28.539Z,2026-08-20T02:40:07.937Z,7839,2026-08-20T02:40:07.937Z,B57D,Westerly,2e0eb052-bb28-45b1-894f-8dc0851c56cc,SAMMS-Westerly
202608200219258867,202608200029239239,202608200029237018,85,3592,Bronze INV,br_ReAssessmentMentalHealth,TASK_COMPLETE,FAILED,ERROR,4,4,1,SaveReAssessmentMentalHealth Bronze ForEach failed,2026-08-20T00:29:28.539Z,2026-08-20T02:40:07.937Z,7839,2026-08-20T02:40:07.937Z,B66A,Bremen,2e0eb052-bb28-45b1-894f-8dc0851c56cc,SAMMS-Bremen
202608200219258868,202608200029239240,202608200029237018,85,3595,Bronze INV,br_ReAssessmentMentalHealth,TASK_COMPLETE,FAILED,ERROR,0,0,1,SaveReAssessmentMentalHealth Bronze ForEach failed,2026-08-20T00:29:28.539Z,2026-08-20T02:40:07.937Z,7839,2026-08-20T02:40:07.937Z,B72,Mobile (OBOT),2e0eb052-bb28-45b1-894f-8dc0851c56cc,SAMMS-Mobile-OBOT
202608200219258869,202608200029239241,202608200029237018,85,3596,Bronze INV,br_ReAssessmentMentalHealth,TASK_COMPLETE,FAILED,ERROR,0,0,1,SaveReAssessmentMentalHealth Bronze ForEach failed,2026-08-20T00:29:28.539Z,2026-08-20T02:40:07.937Z,7839,2026-08-20T02:40:07.937Z,B73,Montgomery,2e0eb052-bb28-45b1-894f-8dc0851c56cc,SAMMS-Montgomery
202608200219258870,202608200029239242,202608200029237018,85,3597,Bronze INV,br_ReAssessmentMentalHealth,TASK_COMPLETE,FAILED,ERROR,518,518,1,SaveReAssessmentMentalHealth Bronze ForEach failed,2026-08-20T00:29:28.539Z,2026-08-20T02:40:07.937Z,7839,2026-08-20T02:40:07.937Z,B75,Lawrence,2e0eb052-bb28-45b1-894f-8dc0851c56cc,SAMMS-LawrenceV6
202608200219258871,202608200029239243,202608200029237018,85,3598,Bronze INV,br_ReAssessmentMentalHealth,TASK_COMPLETE,FAILED,ERROR,0,0,1,SaveReAssessmentMentalHealth Bronze ForEach failed,2026-08-20T00:29:28.539Z,2026-08-20T02:40:07.937Z,7839,2026-08-20T02:40:07.937Z,B76,Huntsville OBOT,2e0eb052-bb28-45b1-894f-8dc0851c56cc,SAMMS-Huntsville-OBOT
202608200219258980,202608200029238859,202608200029237018,85,3729,Bronze INV,br_ReAssessmentOccupational,TASK_COMPLETE,FAILED,ERROR,646,646,1,SaveReAssessmentOccupational Bronze ForEach failed,2026-08-20T00:29:28.539Z,2026-08-20T02:40:07.937Z,7839,2026-08-20T02:40:07.937Z,B25,Pikeville,2e0eb052-bb28-45b1-894f-8dc0851c56cc,SAMMS-PikevilleV5
202608200219258981,202608200029238860,202608200029237018,85,3730,Bronze INV,br_ReAssessmentOccupational,TASK_COMPLETE,FAILED,ERROR,970,970,1,SaveReAssessmentOccupational Bronze ForEach failed,2026-08-20T00:29:28.539Z,2026-08-20T02:40:07.937Z,7839,2026-08-20T02:40:07.937Z,B26,Hazard,2e0eb052-bb28-45b1-894f-8dc0851c56cc,SAMMS-HazardV5
202608200219258982,202608200029238861,202608200029237018,85,3731,Bronze INV,br_ReAssessmentOccupational,TASK_COMPLETE,FAILED,ERROR,531,531,1,SaveReAssessmentOccupational Bronze ForEach failed,2026-08-20T00:29:28.539Z,2026-08-20T02:40:07.937Z,7839,2026-08-20T02:40:07.937Z,B27,Savannah,2e0eb052-bb28-45b1-894f-8dc0851c56cc,SAMMS-SavannahV6
202608200219258983,202608200029238862,202608200029237018,85,3732,Bronze INV,br_ReAssessmentOccupational,TASK_COMPLETE,FAILED,ERROR,245,245,1,SaveReAssessmentOccupational Bronze ForEach failed,2026-08-20T00:29:28.539Z,2026-08-20T02:40:07.937Z,7839,2026-08-20T02:40:07.937Z,B28,West Plains,2e0eb052-bb28-45b1-894f-8dc0851c56cc,SAMMS-WestPlainesV5
202608200219258984,202608200029238863,202608200029237018,85,3733,Bronze INV,br_ReAssessmentOccupational,TASK_COMPLETE,FAILED,ERROR,461,461,1,SaveReAssessmentOccupational Bronze ForEach failed,2026-08-20T00:29:28.539Z,2026-08-20T02:40:07.937Z,7839,2026-08-20T02:40:07.937Z,B29,Poplar Bluff,2e0eb052-bb28-45b1-894f-8dc0851c56cc,SAMMS-PoplarBluffV5
202608200219258986,202608200029238864,202608200029237018,85,3734,Bronze INV,br_ReAssessmentOccupational,TASK_COMPLETE,FAILED,ERROR,78,78,1,SaveReAssessmentOccupational Bronze ForEach failed,2026-08-20T00:29:28.539Z,2026-08-20T02:40:07.937Z,7839,2026-08-20T02:40:07.937Z,B30,KC North,2e0eb052-bb28-45b1-894f-8dc0851c56cc,SAMMS-KCNv5
202608200219258987,202608200029238865,202608200029237018,85,3735,Bronze INV,br_ReAssessmentOccupational,TASK_COMPLETE,FAILED,ERROR,400,400,1,SaveReAssessmentOccupational Bronze ForEach failed,2026-08-20T00:29:28.539Z,2026-08-20T02:40:07.937Z,7839,2026-08-20T02:40:07.937Z,B31,Dyersburg,2e0eb052-bb28-45b1-894f-8dc0851c56cc,SAMMS-DyersburgV5
202608200219258988,202608200029238866,202608200029237018,85,3737,Bronze INV,br_ReAssessmentOccupational,TASK_COMPLETE,FAILED,ERROR,487,487,1,SaveReAssessmentOccupational Bronze ForEach failed,2026-08-20T00:29:28.539Z,2026-08-20T02:40:07.937Z,7839,2026-08-20T02:40:07.937Z,B33,Paducah,2e0eb052-bb28-45b1-894f-8dc0851c56cc,SAMMS-Paducah
202608200219258989,202608200029238867,202608200029237018,85,3738,Bronze INV,br_ReAssessmentOccupational,TASK_COMPLETE,FAILED,ERROR,385,385,1,SaveReAssessmentOccupational Bronze ForEach failed,2026-08-20T00:29:28.539Z,2026-08-20T02:40:07.937Z,7839,2026-08-20T02:40:07.937Z,B34,Corbin,2e0eb052-bb28-45b1-894f-8dc0851c56cc,SAMMS-CorbinV5
202608200219258990,202608200029238868,202608200029237018,85,3739,Bronze INV,br_ReAssessmentOccupational,TASK_COMPLETE,FAILED,ERROR,239,239,1,SaveReAssessmentOccupational Bronze ForEach failed,2026-08-20T00:29:28.539Z,2026-08-20T02:40:07.937Z,7839,2026-08-20T02:40:07.937Z,B35,Lexington,2e0eb052-bb28-45b1-894f-8dc0851c56cc,SAMMS-LexingtonV5
202608200219258991,202608200029238869,202608200029237018,85,3740,Bronze INV,br_ReAssessmentOccupational,TASK_COMPLETE,FAILED,ERROR,77,77,1,SaveReAssessmentOccupational Bronze ForEach failed,2026-08-20T00:29:28.539Z,2026-08-20T02:40:07.937Z,7839,2026-08-20T02:40:07.937Z,B35A,Berea,2e0eb052-bb28-45b1-894f-8dc0851c56cc,SAMMS-BereaV5
202608200219258992,202608200029238870,202608200029237018,85,3741,Bronze INV,br_ReAssessmentOccupational,TASK_COMPLETE,FAILED,ERROR,21,21,1,SaveReAssessmentOccupational Bronze ForEach failed,2026-08-20T00:29:28.539Z,2026-08-20T02:40:07.937Z,7839,2026-08-20T02:40:07.937Z,B36,Asheville,2e0eb052-bb28-45b1-894f-8dc0851c56cc,SAMMS-AshevilleV5
202608200219258993,202608200029238871,202608200029237018,85,3742,Bronze INV,br_ReAssessmentOccupational,TASK_COMPLETE,FAILED,ERROR,1,1,1,SaveReAssessmentOccupational Bronze ForEach failed,2026-08-20T00:29:28.539Z,2026-08-20T02:40:07.937Z,7839,2026-08-20T02:40:07.937Z,B37,Clyde,2e0eb052-bb28-45b1-894f-8dc0851c56cc,SAMMS-ClydeV5
202608200219258995,202608200029238872,202608200029237018,85,3743,Bronze INV,br_ReAssessmentOccupational,TASK_COMPLETE,FAILED,ERROR,1187,1187,1,SaveReAssessmentOccupational Bronze ForEach failed,2026-08-20T00:29:28.539Z,2026-08-20T02:40:07.937Z,7839,2026-08-20T02:40:07.937Z,B38,Spartanburg,2e0eb052-bb28-45b1-894f-8dc0851c56cc,SAMMS-SpartanburgV5
202608200219258996,202608200029238873,202608200029237018,85,3744,Bronze INV,br_ReAssessmentOccupational,TASK_COMPLETE,FAILED,ERROR,362,362,1,SaveReAssessmentOccupational Bronze ForEach failed,2026-08-20T00:29:28.539Z,2026-08-20T02:40:07.937Z,7839,2026-08-20T02:40:07.937Z,B39,Aiken,2e0eb052-bb28-45b1-894f-8dc0851c56cc,SAMMS-AikenV5
202608200219258997,202608200029238874,202608200029237018,85,3745,Bronze INV,br_ReAssessmentOccupational,TASK_COMPLETE,FAILED,ERROR,1887,1887,1,SaveReAssessmentOccupational Bronze ForEach failed,2026-08-20T00:29:28.539Z,2026-08-20T02:40:07.937Z,7839,2026-08-20T02:40:07.937Z,B41,Chesapeake,2e0eb052-bb28-45b1-894f-8dc0851c56cc,SAMMS-ChesapeakeV5
202608200219258998,202608200029238875,202608200029237018,85,3746,Bronze INV,br_ReAssessmentOccupational,TASK_COMPLETE,FAILED,ERROR,1914,1914,1,SaveReAssessmentOccupational Bronze ForEach failed,2026-08-20T00:29:28.539Z,2026-08-20T02:40:07.937Z,7839,2026-08-20T02:40:07.937Z,B42,Virginia Beach,2e0eb052-bb28-45b1-894f-8dc0851c56cc,SAMMS-VirginiaBeachV5
202608200219258999,202608200029238876,202608200029237018,85,3747,Bronze INV,br_ReAssessmentOccupational,TASK_COMPLETE,FAILED,ERROR,924,924,1,SaveReAssessmentOccupational Bronze ForEach failed,2026-08-20T00:29:28.539Z,2026-08-20T02:40:07.937Z,7839,2026-08-20T02:40:07.937Z,B42A,Newport News,2e0eb052-bb28-45b1-894f-8dc0851c56cc,SAMMS-NewportNewsV5
202608200219259001,202608200029238877,202608200029237018,85,3748,Bronze INV,br_ReAssessmentOccupational,TASK_COMPLETE,FAILED,ERROR,507,507,1,SaveReAssessmentOccupational Bronze ForEach failed,2026-08-20T00:29:28.539Z,2026-08-20T02:40:07.937Z,7839,2026-08-20T02:40:07.937Z,B42B,Franklin,2e0eb052-bb28-45b1-894f-8dc0851c56cc,SAMMS-FranklinV5
202608200219259002,202608200029238878,202608200029237018,85,3749,Bronze INV,br_ReAssessmentOccupational,TASK_COMPLETE,FAILED,ERROR,343,343,1,SaveReAssessmentOccupational Bronze ForEach failed,2026-08-20T00:29:28.539Z,2026-08-20T02:40:07.937Z,7839,2026-08-20T02:40:07.937Z,B42C,Glen Allen,2e0eb052-bb28-45b1-894f-8dc0851c56cc,SAMMS-GlenAllenV5
202608200219259003,202608200029238879,202608200029237018,85,3750,Bronze INV,br_ReAssessmentOccupational,TASK_COMPLETE,FAILED,ERROR,1481,1481,1,SaveReAssessmentOccupational Bronze ForEach failed,2026-08-20T00:29:28.539Z,2026-08-20T02:40:07.937Z,7839,2026-08-20T02:40:07.937Z,B42D,Chesapeake South,2e0eb052-bb28-45b1-894f-8dc0851c56cc,SAMMS-ChesapeakeSouthV5
202608200219259004,202608200029238880,202608200029237018,85,3751,Bronze INV,br_ReAssessmentOccupational,TASK_COMPLETE,FAILED,ERROR,631,631,1,SaveReAssessmentOccupational Bronze ForEach failed,2026-08-20T00:29:28.539Z,2026-08-20T02:40:07.937Z,7839,2026-08-20T02:40:07.937Z,B44,Albany,2e0eb052-bb28-45b1-894f-8dc0851c56cc,SAMMS-AlbanyV5
202608200219259005,202608200029238881,202608200029237018,85,3752,Bronze INV,br_ReAssessmentOccupational,TASK_COMPLETE,FAILED,ERROR,1268,1268,1,SaveReAssessmentOccupational Bronze ForEach failed,2026-08-20T00:29:28.539Z,2026-08-20T02:40:07.937Z,7839,2026-08-20T02:40:07.937Z,B45,Tifton,2e0eb052-bb28-45b1-894f-8dc0851c56cc,SAMMS-TiftonV5
202608200219259006,202608200029238882,202608200029237018,85,3753,Bronze INV,br_ReAssessmentOccupational,TASK_COMPLETE,FAILED,ERROR,590,590,1,SaveReAssessmentOccupational Bronze ForEach failed,2026-08-20T00:29:28.539Z,2026-08-20T02:40:07.937Z,7839,2026-08-20T02:40:07.937Z,B46,Washington DC,2e0eb052-bb28-45b1-894f-8dc0851c56cc,SAMMS-WashingtonDCv5
202608200219259007,202608200029238883,202608200029237018,85,3754,Bronze INV,br_ReAssessmentOccupational,TASK_COMPLETE,FAILED,ERROR,1564,1564,1,SaveReAssessmentOccupational Bronze ForEach failed,2026-08-20T00:29:28.539Z,2026-08-20T02:40:07.937Z,7839,2026-08-20T02:40:07.937Z,B47,Mobile,2e0eb052-bb28-45b1-894f-8dc0851c56cc,SAMMS-MobileV5
202608200219259008,202608200029238884,202608200029237018,85,3755,Bronze INV,br_ReAssessmentOccupational,TASK_COMPLETE,FAILED,ERROR,1296,1296,1,SaveReAssessmentOccupational Bronze ForEach failed,2026-08-20T00:29:28.539Z,2026-08-20T02:40:07.937Z,7839,2026-08-20T02:40:07.937Z,B48,Tuscaloosa,2e0eb052-bb28-45b1-894f-8dc0851c56cc,SAMMS-TuscaloosaV5
202608200219259010,202608200029238885,202608200029237018,85,3764,Bronze INV,br_ReAssessmentOccupational,TASK_COMPLETE,FAILED,ERROR,2,2,1,SaveReAssessmentOccupational Bronze ForEach failed,2026-08-20T00:29:28.539Z,2026-08-20T02:40:07.937Z,7839,2026-08-20T02:40:07.937Z,B51,N. Little Rock (OTP),2e0eb052-bb28-45b1-894f-8dc0851c56cc,SAMMS-NorthLittleRockV6
202608200219259011,202608200029238886,202608200029237018,85,3765,Bronze INV,br_ReAssessmentOccupational,TASK_COMPLETE,FAILED,ERROR,455,455,1,SaveReAssessmentOccupational Bronze ForEach failed,2026-08-20T00:29:28.539Z,2026-08-20T02:40:07.937Z,7839,2026-08-20T02:40:07.937Z,B52,Jackson GA,2e0eb052-bb28-45b1-894f-8dc0851c56cc,SAMMS-JacksonGAV5
202608200219259012,202608200029238887,202608200029237018,85,3766,Bronze INV,br_ReAssessmentOccupational,TASK_COMPLETE,FAILED,ERROR,1701,1701,1,SaveReAssessmentOccupational Bronze ForEach failed,2026-08-20T00:29:28.539Z,2026-08-20T02:40:07.937Z,7839,2026-08-20T02:40:07.937Z,B54,Gadsden,2e0eb052-bb28-45b1-894f-8dc0851c56cc,SAMMS-GadsdenV5
202608200219259013,202608200029238888,202608200029237018,85,3767,Bronze INV,br_ReAssessmentOccupational,TASK_COMPLETE,FAILED,ERROR,947,947,1,SaveReAssessmentOccupational Bronze ForEach failed,2026-08-20T00:29:28.539Z,2026-08-20T02:40:07.937Z,7839,2026-08-20T02:40:07.937Z,B55,Shoals,2e0eb052-bb28-45b1-894f-8dc0851c56cc,SAMMS-ShoalsV5
202608200219259014,202608200029238889,202608200029237018,85,3768,Bronze INV,br_ReAssessmentOccupational,TASK_COMPLETE,FAILED,ERROR,294,294,1,SaveReAssessmentOccupational Bronze ForEach failed,2026-08-20T00:29:28.539Z,2026-08-20T02:40:07.937Z,7839,2026-08-20T02:40:07.937Z,B57,Pawtucket,2e0eb052-bb28-45b1-894f-8dc0851c56cc,SAMMS-Pawtucket
202608200219259015,202608200029238890,202608200029237018,85,3769,Bronze INV,br_ReAssessmentOccupational,TASK_COMPLETE,FAILED,ERROR,555,555,1,SaveReAssessmentOccupational Bronze ForEach failed,2026-08-20T00:29:28.539Z,2026-08-20T02:40:07.937Z,7839,2026-08-20T02:40:07.937Z,B57A,Johnston,2e0eb052-bb28-45b1-894f-8dc0851c56cc,SAMMS-Johnston
202608200219259016,202608200029238891,202608200029237018,85,3770,Bronze INV,br_ReAssessmentOccupational,TASK_COMPLETE,FAILED,ERROR,165,165,1,SaveReAssessmentOccupational Bronze ForEach failed,2026-08-20T00:29:28.539Z,2026-08-20T02:40:07.937Z,7839,2026-08-20T02:40:07.937Z,B57B,Middletown,2e0eb052-bb28-45b1-894f-8dc0851c56cc,SAMMS-Middletown
202608200219259018,202608200029238892,202608200029237018,85,3771,Bronze INV,br_ReAssessmentOccupational,TASK_COMPLETE,FAILED,ERROR,412,412,1,SaveReAssessmentOccupational Bronze ForEach failed,2026-08-20T00:29:28.539Z,2026-08-20T02:40:07.937Z,7839,2026-08-20T02:40:07.937Z,B57C,Providence,2e0eb052-bb28-45b1-894f-8dc0851c56cc,SAMMS-Providence
202608200219259019,202608200029238893,202608200029237018,85,3772,Bronze INV,br_ReAssessmentOccupational,TASK_COMPLETE,FAILED,ERROR,623,623,1,SaveReAssessmentOccupational Bronze ForEach failed,2026-08-20T00:29:28.539Z,2026-08-20T02:40:07.937Z,7839,2026-08-20T02:40:07.937Z,B57D,Westerly,2e0eb052-bb28-45b1-894f-8dc0851c56cc,SAMMS-Westerly
202608200219259020,202608200029238894,202608200029237018,85,3776,Bronze INV,br_ReAssessmentOccupational,TASK_COMPLETE,FAILED,ERROR,4,4,1,SaveReAssessmentOccupational Bronze ForEach failed,2026-08-20T00:29:28.539Z,2026-08-20T02:40:07.937Z,7839,2026-08-20T02:40:07.937Z,B66A,Bremen,2e0eb052-bb28-45b1-894f-8dc0851c56cc,SAMMS-Bremen
202608200219259021,202608200029238895,202608200029237018,85,3779,Bronze INV,br_ReAssessmentOccupational,TASK_COMPLETE,FAILED,ERROR,0,0,1,SaveReAssessmentOccupational Bronze ForEach failed,2026-08-20T00:29:28.539Z,2026-08-20T02:40:07.937Z,7839,2026-08-20T02:40:07.937Z,B72,Mobile (OBOT),2e0eb052-bb28-45b1-894f-8dc0851c56cc,SAMMS-Mobile-OBOT
202608200219259022,202608200029238896,202608200029237018,85,3780,Bronze INV,br_ReAssessmentOccupational,TASK_COMPLETE,FAILED,ERROR,0,0,1,SaveReAssessmentOccupational Bronze ForEach failed,2026-08-20T00:29:28.539Z,2026-08-20T02:40:07.937Z,7839,2026-08-20T02:40:07.937Z,B73,Montgomery,2e0eb052-bb28-45b1-894f-8dc0851c56cc,SAMMS-Montgomery
202608200219258174,202608200029237337,202608200029237018,85,2766,Bronze INV,br_LiquidLog,TASK_COMPLETE,FAILED,ERROR,0,0,1,SaveLiquidlog Bronze ForEach failed,2026-08-20T00:29:28.539Z,2026-08-20T02:40:07.937Z,7839,2026-08-20T02:40:07.937Z,TEX,Texarkana,2e0eb052-bb28-45b1-894f-8dc0851c56cc,SAMMS-Texarkana
202608200219258175,202608200029237338,202608200029237018,85,2767,Bronze INV,br_LiquidLog,TASK_COMPLETE,FAILED,ERROR,13686,13686,1,SaveLiquidlog Bronze ForEach failed,2026-08-20T00:29:28.539Z,2026-08-20T02:40:07.937Z,7839,2026-08-20T02:40:07.937Z,TTCA,Bessemer,2e0eb052-bb28-45b1-894f-8dc0851c56cc,SAMMS-BessemerV5
202608200219258176,202608200029237339,202608200029237018,85,2768,Bronze INV,br_LiquidLog,TASK_COMPLETE,FAILED,ERROR,5451,5451,1,SaveLiquidlog Bronze ForEach failed,2026-08-20T00:29:28.539Z,2026-08-20T02:40:07.937Z,7839,2026-08-20T02:40:07.937Z,TTCB,Cullman,2e0eb052-bb28-45b1-894f-8dc0851c56cc,SAMMS-CullmanV5
202608200219258177,202608200029237340,202608200029237018,85,2769,Bronze INV,br_LiquidLog,TASK_COMPLETE,FAILED,ERROR,11534,11534,1,SaveLiquidlog Bronze ForEach failed,2026-08-20T00:29:28.539Z,2026-08-20T02:40:07.937Z,7839,2026-08-20T02:40:07.937Z,TTCC,Grand Bay,2e0eb052-bb28-45b1-894f-8dc0851c56cc,SAMMS-GrandBay
202608200219258178,202608200029237341,202608200029237018,85,2770,Bronze INV,br_LiquidLog,TASK_COMPLETE,FAILED,ERROR,0,0,1,SaveLiquidlog Bronze ForEach failed,2026-08-20T00:29:28.539Z,2026-08-20T02:40:07.937Z,7839,2026-08-20T02:40:07.937Z,TU,Tucson,2e0eb052-bb28-45b1-894f-8dc0851c56cc,SAMMS-Tucson
202608200219258179,202608200029237342,202608200029237018,85,2772,Bronze INV,br_LiquidLog,TASK_COMPLETE,FAILED,ERROR,6488,6488,1,SaveLiquidlog Bronze ForEach failed,2026-08-20T00:29:28.539Z,2026-08-20T02:40:07.937Z,7839,2026-08-20T02:40:07.937Z,V1,Memphis South,2e0eb052-bb28-45b1-894f-8dc0851c56cc,SAMMS-VCPHCS-I-MemphisV5
202608200219258181,202608200029237343,202608200029237018,85,2773,Bronze INV,br_LiquidLog,TASK_COMPLETE,FAILED,ERROR,3487,3487,1,SaveLiquidlog Bronze ForEach failed,2026-08-20T00:29:28.539Z,2026-08-20T02:40:07.937Z,7839,2026-08-20T02:40:07.937Z,V10,Longmont,2e0eb052-bb28-45b1-894f-8dc0851c56cc,SAMMS-BoulderV5
202608200219258182,202608200029237344,202608200029237018,85,2774,Bronze INV,br_LiquidLog,TASK_COMPLETE,FAILED,ERROR,6823,6823,1,SaveLiquidlog Bronze ForEach failed,2026-08-20T00:29:28.539Z,2026-08-20T02:40:07.937Z,7839,2026-08-20T02:40:07.937Z,V10A,Fort Collins,2e0eb052-bb28-45b1-894f-8dc0851c56cc,SAMMS-FortCollinsV5
202608200219258183,202608200029237345,202608200029237018,85,2775,Bronze INV,br_LiquidLog,TASK_COMPLETE,FAILED,ERROR,6250,6250,1,SaveLiquidlog Bronze ForEach failed,2026-08-20T00:29:28.539Z,2026-08-20T02:40:07.937Z,7839,2026-08-20T02:40:07.937Z,V11,Westminster,2e0eb052-bb28-45b1-894f-8dc0851c56cc,SAMMS-VCPHCS-XI-NorthDenverV5
202608200219258184,202608200029237346,202608200029237018,85,2776,Bronze INV,br_LiquidLog,TASK_COMPLETE,FAILED,ERROR,6562,6562,1,SaveLiquidlog Bronze ForEach failed,2026-08-20T00:29:28.539Z,2026-08-20T02:40:07.937Z,7839,2026-08-20T02:40:07.937Z,V12,Downtown Denver,2e0eb052-bb28-45b1-894f-8dc0851c56cc,SAMMS-VCPHCS-XII-DowntownDenverV5
202608200219258185,202608200029237347,202608200029237018,85,2777,Bronze INV,br_LiquidLog,TASK_COMPLETE,FAILED,ERROR,4110,4110,1,SaveLiquidlog Bronze ForEach failed,2026-08-20T00:29:28.539Z,2026-08-20T02:40:07.937Z,7839,2026-08-20T02:40:07.937Z,V12A,Centennial,2e0eb052-bb28-45b1-894f-8dc0851c56cc,SAMMS-CentennialV5
202608200219258186,202608200029237348,202608200029237018,85,2778,Bronze INV,br_LiquidLog,TASK_COMPLETE,FAILED,ERROR,3737,3737,1,SaveLiquidlog Bronze ForEach failed,2026-08-20T00:29:28.539Z,2026-08-20T02:40:07.937Z,7839,2026-08-20T02:40:07.937Z,V14,Overland Park,2e0eb052-bb28-45b1-894f-8dc0851c56cc,SAMMS-VCPHCS-XIV-BridgewayV5
202608200219258187,202608200029237349,202608200029237018,85,2779,Bronze INV,br_LiquidLog,TASK_COMPLETE,FAILED,ERROR,6505,6505,1,SaveLiquidlog Bronze ForEach failed,2026-08-20T00:29:28.539Z,2026-08-20T02:40:07.937Z,7839,2026-08-20T02:40:07.937Z,V15,Joplin,2e0eb052-bb28-45b1-894f-8dc0851c56cc,SAMMS-JoplinV5
202608200219258189,202608200029237350,202608200029237018,85,2781,Bronze INV,br_LiquidLog,TASK_COMPLETE,FAILED,ERROR,3323,3323,1,SaveLiquidlog Bronze ForEach failed,2026-08-20T00:29:28.539Z,2026-08-20T02:40:07.937Z,7839,2026-08-20T02:40:07.937Z,V17,Columbia TN,2e0eb052-bb28-45b1-894f-8dc0851c56cc,SAMMS-ColumbiaTNv5
202608200219258190,202608200029237351,202608200029237018,85,2783,Bronze INV,br_LiquidLog,TASK_COMPLETE,FAILED,ERROR,10808,10808,1,SaveLiquidlog Bronze ForEach failed,2026-08-20T00:29:28.539Z,2026-08-20T02:40:07.937Z,7839,2026-08-20T02:40:07.937Z,V19,Jackson,2e0eb052-bb28-45b1-894f-8dc0851c56cc,SAMMS-JacksonV5
202608200219258191,202608200029237352,202608200029237018,85,2785,Bronze INV,br_LiquidLog,TASK_COMPLETE,FAILED,ERROR,10372,10372,1,SaveLiquidlog Bronze ForEach failed,2026-08-20T00:29:28.539Z,2026-08-20T02:40:07.937Z,7839,2026-08-20T02:40:07.937Z,V20,Paris,2e0eb052-bb28-45b1-894f-8dc0851c56cc,SAMMS-ParisV5
202608200219258192,202608200029237353,202608200029237018,85,2786,Bronze INV,br_LiquidLog,TASK_COMPLETE,FAILED,ERROR,8254,8254,1,SaveLiquidlog Bronze ForEach failed,2026-08-20T00:29:28.539Z,2026-08-20T02:40:07.937Z,7839,2026-08-20T02:40:07.937Z,V21,Memphis North,2e0eb052-bb28-45b1-894f-8dc0851c56cc,SAMMS-RaleighV5
202608200219258193,202608200029237354,202608200029237018,85,2789,Bronze INV,br_LiquidLog,TASK_COMPLETE,FAILED,ERROR,17200,17200,1,SaveLiquidlog Bronze ForEach failed,2026-08-20T00:29:28.539Z,2026-08-20T02:40:07.937Z,7839,2026-08-20T02:40:07.937Z,V5,West Bank,2e0eb052-bb28-45b1-894f-8dc0851c56cc,SAMMS-NONTCv5
202608200219258194,202608200029237355,202608200029237018,85,2791,Bronze INV,br_LiquidLog,TASK_COMPLETE,FAILED,ERROR,2012,2012,1,SaveLiquidlog Bronze ForEach failed,2026-08-20T00:29:28.539Z,2026-08-20T02:40:07.937Z,7839,2026-08-20T02:40:07.937Z,V5B,Houma,2e0eb052-bb28-45b1-894f-8dc0851c56cc,SAMMS-HoumaV6
202608200219258195,202608200029237356,202608200029237018,85,2792,Bronze INV,br_LiquidLog,TASK_COMPLETE,FAILED,ERROR,13269,13269,1,SaveLiquidlog Bronze ForEach failed,2026-08-20T00:29:28.539Z,2026-08-20T02:40:07.937Z,7839,2026-08-20T02:40:07.937Z,V6,Lake Charles,2e0eb052-bb28-45b1-894f-8dc0851c56cc,SAMMS-LCv5
202608200219258196,202608200029237357,202608200029237018,85,2794,Bronze INV,br_LiquidLog,TASK_COMPLETE,FAILED,ERROR,8342,8342,1,SaveLiquidlog Bronze ForEach failed,2026-08-20T00:29:28.539Z,2026-08-20T02:40:07.937Z,7839,2026-08-20T02:40:07.937Z,V8,Memphis Midtown,2e0eb052-bb28-45b1-894f-8dc0851c56cc,SAMMS-VCPHCS-VIII-MemphisV5
202608200219258197,202608200029237358,202608200029237018,85,2795,Bronze INV,br_LiquidLog,TASK_COMPLETE,FAILED,ERROR,16037,16037,1,SaveLiquidlog Bronze ForEach failed,2026-08-20T00:29:28.539Z,2026-08-20T02:40:07.937Z,7839,2026-08-20T02:40:07.937Z,V9,Nashville,2e0eb052-bb28-45b1-894f-8dc0851c56cc,SAMMS-NashvilleV5
202608200219258198,202608200029237359,202608200029237018,85,2796,Bronze INV,br_LiquidLog,TASK_COMPLETE,FAILED,ERROR,5532,5532,1,SaveLiquidlog Bronze ForEach failed,2026-08-20T00:29:28.539Z,2026-08-20T02:40:07.937Z,7839,2026-08-20T02:40:07.937Z,VBRA,Brainerd,2e0eb052-bb28-45b1-894f-8dc0851c56cc,SAMMS-BrainerdV6
202608200219258200,202608200029237360,202608200029237018,85,2797,Bronze INV,br_LiquidLog,TASK_COMPLETE,FAILED,ERROR,10820,10820,1,SaveLiquidlog Bronze ForEach failed,2026-08-20T00:29:28.539Z,2026-08-20T02:40:07.937Z,7839,2026-08-20T02:40:07.937Z,VBRP,Brooklyn Park,2e0eb052-bb28-45b1-894f-8dc0851c56cc,SAMMS-BrooklynParkV6
202608200219258201,202608200029237361,202608200029237018,85,2799,Bronze INV,br_LiquidLog,TASK_COMPLETE,FAILED,ERROR,6602,6602,1,SaveLiquidlog Bronze ForEach failed,2026-08-20T00:29:28.539Z,2026-08-20T02:40:07.937Z,7839,2026-08-20T02:40:07.937Z,VMIN,Minneapolis,2e0eb052-bb28-45b1-894f-8dc0851c56cc,SAMMS-MinneapolisV6
202608200219258202,202608200029237362,202608200029237018,85,2800,Bronze INV,br_LiquidLog,TASK_COMPLETE,FAILED,ERROR,12860,12860,1,SaveLiquidlog Bronze ForEach failed,2026-08-20T00:29:28.539Z,2026-08-20T02:40:07.937Z,7839,2026-08-20T02:40:07.937Z,VWBY,Woodbury,2e0eb052-bb28-45b1-894f-8dc0851c56cc,SAMMS-WoodburyV6
202608200219258203,202608200029237363,202608200029237018,85,2802,Bronze INV,br_LiquidLog,TASK_COMPLETE,FAILED,ERROR,5753,5753,1,SaveLiquidlog Bronze ForEach failed,2026-08-20T00:29:28.539Z,2026-08-20T02:40:07.937Z,7839,2026-08-20T02:40:07.937Z,WIL,Wilson,2e0eb052-bb28-45b1-894f-8dc0851c56cc,SAMMS-Wilson
202608200219258304,202608200029337038,202608200029337018,86,8579,Silver INV,sl_LiquidLog,TASK_COMPLETE,SKIPPED,WARN,0,0,0,Skipped: SaveLiquidlog failed at BR,2026-08-20T00:29:28.539Z,2026-08-20T02:40:07.937Z,7839,2026-08-20T02:40:07.937Z,,,2e0eb052-bb28-45b1-894f-8dc0851c56cc,
202608200219258224,202608200029237364,202608200029237018,85,2806,Bronze INV,br_OrientationChecklistNew,TASK_COMPLETE,FAILED,ERROR,2,2,1,SaveOrientationCheckList Bronze ForEach failed,2026-08-20T00:29:28.539Z,2026-08-20T02:40:07.937Z,7839,2026-08-20T02:40:07.937Z,AHK,Ahoskie,2e0eb052-bb28-45b1-894f-8dc0851c56cc,SAMMS-Ahoskie
202608200219258225,202608200029237365,202608200029237018,85,2807,Bronze INV,br_OrientationChecklistNew,TASK_COMPLETE,FAILED,ERROR,8,8,1,SaveOrientationCheckList Bronze ForEach failed,2026-08-20T00:29:28.539Z,2026-08-20T02:40:07.937Z,7839,2026-08-20T02:40:07.937Z,B12B,Colorado Springs,2e0eb052-bb28-45b1-894f-8dc0851c56cc,SAMMS-ColoradoSpringsV5
202608200219258226,202608200029237366,202608200029237018,85,2808,Bronze INV,br_OrientationChecklistNew,TASK_COMPLETE,FAILED,ERROR,9,9,1,SaveOrientationCheckList Bronze ForEach failed,2026-08-20T00:29:28.539Z,2026-08-20T02:40:07.937Z,7839,2026-08-20T02:40:07.937Z,B24,Paintsville,2e0eb052-bb28-45b1-894f-8dc0851c56cc,SAMMS-PaintsvilleV5
202608200219258227,202608200029237367,202608200029237018,85,2809,Bronze INV,br_OrientationChecklistNew,TASK_COMPLETE,FAILED,ERROR,5,5,1,SaveOrientationCheckList Bronze ForEach failed,2026-08-20T00:29:28.539Z,2026-08-20T02:40:07.937Z,7839,2026-08-20T02:40:07.937Z,B25,Pikeville,2e0eb052-bb28-45b1-894f-8dc0851c56cc,SAMMS-PikevilleV5
202608200219258228,202608200029237368,202608200029237018,85,2810,Bronze INV,br_OrientationChecklistNew,TASK_COMPLETE,FAILED,ERROR,14,14,1,SaveOrientationCheckList Bronze ForEach failed,2026-08-20T00:29:28.539Z,2026-08-20T02:40:07.937Z,7839,2026-08-20T02:40:07.937Z,B26,Hazard,2e0eb052-bb28-45b1-894f-8dc0851c56cc,SAMMS-HazardV5
202608200219258229,202608200029237369,202608200029237018,85,2811,Bronze INV,br_OrientationChecklistNew,TASK_COMPLETE,FAILED,ERROR,1,1,1,SaveOrientationCheckList Bronze ForEach failed,2026-08-20T00:29:28.539Z,2026-08-20T02:40:07.937Z,7839,2026-08-20T02:40:07.937Z,B27,Savannah,2e0eb052-bb28-45b1-894f-8dc0851c56cc,SAMMS-SavannahV6
202608200219258231,202608200029237370,202608200029237018,85,2812,Bronze INV,br_OrientationChecklistNew,TASK_COMPLETE,FAILED,ERROR,12,12,1,SaveOrientationCheckList Bronze ForEach failed,2026-08-20T00:29:28.539Z,2026-08-20T02:40:07.937Z,7839,2026-08-20T02:40:07.937Z,B28,West Plains,2e0eb052-bb28-45b1-894f-8dc0851c56cc,SAMMS-WestPlainesV5
202608200219258232,202608200029237371,202608200029237018,85,2813,Bronze INV,br_OrientationChecklistNew,TASK_COMPLETE,FAILED,ERROR,5,5,1,SaveOrientationCheckList Bronze ForEach failed,2026-08-20T00:29:28.539Z,2026-08-20T02:40:07.937Z,7839,2026-08-20T02:40:07.937Z,B29,Poplar Bluff,2e0eb052-bb28-45b1-894f-8dc0851c56cc,SAMMS-PoplarBluffV5
202608200219258233,202608200029237372,202608200029237018,85,2814,Bronze INV,br_OrientationChecklistNew,TASK_COMPLETE,FAILED,ERROR,5,5,1,SaveOrientationCheckList Bronze ForEach failed,2026-08-20T00:29:28.539Z,2026-08-20T02:40:07.937Z,7839,2026-08-20T02:40:07.937Z,B30,KC North,2e0eb052-bb28-45b1-894f-8dc0851c56cc,SAMMS-KCNv5
202608200219258234,202608200029237373,202608200029237018,85,2815,Bronze INV,br_OrientationChecklistNew,TASK_COMPLETE,FAILED,ERROR,4,4,1,SaveOrientationCheckList Bronze ForEach failed,2026-08-20T00:29:28.539Z,2026-08-20T02:40:07.937Z,7839,2026-08-20T02:40:07.937Z,B31,Dyersburg,2e0eb052-bb28-45b1-894f-8dc0851c56cc,SAMMS-DyersburgV5
202608200219258321,202608200029237450,202608200029237018,85,2950,Bronze INV,br_OrientationChecklistNew,TASK_COMPLETE,FAILED,ERROR,0,0,1,SaveOrientationCheckList Bronze ForEach failed,2026-08-20T00:29:28.539Z,2026-08-20T02:40:07.937Z,7839,2026-08-20T02:40:07.937Z,TEX,Texarkana,2e0eb052-bb28-45b1-894f-8dc0851c56cc,SAMMS-Texarkana
202608200219258322,202608200029237451,202608200029237018,85,2951,Bronze INV,br_OrientationChecklistNew,TASK_COMPLETE,FAILED,ERROR,2,2,1,SaveOrientationCheckList Bronze ForEach failed,2026-08-20T00:29:28.539Z,2026-08-20T02:40:07.937Z,7839,2026-08-20T02:40:07.937Z,TTCA,Bessemer,2e0eb052-bb28-45b1-894f-8dc0851c56cc,SAMMS-BessemerV5
202608200219258324,202608200029237452,202608200029237018,85,2952,Bronze INV,br_OrientationChecklistNew,TASK_COMPLETE,FAILED,ERROR,4,4,1,SaveOrientationCheckList Bronze ForEach failed,2026-08-20T00:29:28.539Z,2026-08-20T02:40:07.937Z,7839,2026-08-20T02:40:07.937Z,TTCB,Cullman,2e0eb052-bb28-45b1-894f-8dc0851c56cc,SAMMS-CullmanV5
202608200219258325,202608200029237453,202608200029237018,85,2953,Bronze INV,br_OrientationChecklistNew,TASK_COMPLETE,FAILED,ERROR,2,2,1,SaveOrientationCheckList Bronze ForEach failed,2026-08-20T00:29:28.539Z,2026-08-20T02:40:07.937Z,7839,2026-08-20T02:40:07.937Z,TTCC,Grand Bay,2e0eb052-bb28-45b1-894f-8dc0851c56cc,SAMMS-GrandBay
202608200219258326,202608200029237454,202608200029237018,85,2956,Bronze INV,br_OrientationChecklistNew,TASK_COMPLETE,FAILED,ERROR,7,7,1,SaveOrientationCheckList Bronze ForEach failed,2026-08-20T00:29:28.539Z,2026-08-20T02:40:07.937Z,7839,2026-08-20T02:40:07.937Z,V1,Memphis South,2e0eb052-bb28-45b1-894f-8dc0851c56cc,SAMMS-VCPHCS-I-MemphisV5
202608200219258327,202608200029237455,202608200029237018,85,2957,Bronze INV,br_OrientationChecklistNew,TASK_COMPLETE,FAILED,ERROR,2,2,1,SaveOrientationCheckList Bronze ForEach failed,2026-08-20T00:29:28.539Z,2026-08-20T02:40:07.937Z,7839,2026-08-20T02:40:07.937Z,V10,Longmont,2e0eb052-bb28-45b1-894f-8dc0851c56cc,SAMMS-BoulderV5
202608200219258328,202608200029237456,202608200029237018,85,2958,Bronze INV,br_OrientationChecklistNew,TASK_COMPLETE,FAILED,ERROR,17,17,1,SaveOrientationCheckList Bronze ForEach failed,2026-08-20T00:29:28.539Z,2026-08-20T02:40:07.937Z,7839,2026-08-20T02:40:07.937Z,V10A,Fort Collins,2e0eb052-bb28-45b1-894f-8dc0851c56cc,SAMMS-FortCollinsV5
202608200219258329,202608200029237457,202608200029237018,85,2959,Bronze INV,br_OrientationChecklistNew,TASK_COMPLETE,FAILED,ERROR,11,11,1,SaveOrientationCheckList Bronze ForEach failed,2026-08-20T00:29:28.539Z,2026-08-20T02:40:07.937Z,7839,2026-08-20T02:40:07.937Z,V11,Westminster,2e0eb052-bb28-45b1-894f-8dc0851c56cc,SAMMS-VCPHCS-XI-NorthDenverV5
202608200219258330,202608200029237458,202608200029237018,85,2960,Bronze INV,br_OrientationChecklistNew,TASK_COMPLETE,FAILED,ERROR,12,12,1,SaveOrientationCheckList Bronze ForEach failed,2026-08-20T00:29:28.539Z,2026-08-20T02:40:07.937Z,7839,2026-08-20T02:40:07.937Z,V12,Downtown Denver,2e0eb052-bb28-45b1-894f-8dc0851c56cc,SAMMS-VCPHCS-XII-DowntownDenverV5
202608200219258331,202608200029237459,202608200029237018,85,2961,Bronze INV,br_OrientationChecklistNew,TASK_COMPLETE,FAILED,ERROR,2,2,1,SaveOrientationCheckList Bronze ForEach failed,2026-08-20T00:29:28.539Z,2026-08-20T02:40:07.937Z,7839,2026-08-20T02:40:07.937Z,V12A,Centennial,2e0eb052-bb28-45b1-894f-8dc0851c56cc,SAMMS-CentennialV5
202608200219258332,202608200029237460,202608200029237018,85,2962,Bronze INV,br_OrientationChecklistNew,TASK_COMPLETE,FAILED,ERROR,4,4,1,SaveOrientationCheckList Bronze ForEach failed,2026-08-20T00:29:28.539Z,2026-08-20T02:40:07.937Z,7839,2026-08-20T02:40:07.937Z,V14,Overland Park,2e0eb052-bb28-45b1-894f-8dc0851c56cc,SAMMS-VCPHCS-XIV-BridgewayV5
202608200219258334,202608200029237461,202608200029237018,85,2963,Bronze INV,br_OrientationChecklistNew,TASK_COMPLETE,FAILED,ERROR,15,15,1,SaveOrientationCheckList Bronze ForEach failed,2026-08-20T00:29:28.539Z,2026-08-20T02:40:07.937Z,7839,2026-08-20T02:40:07.937Z,V15,Joplin,2e0eb052-bb28-45b1-894f-8dc0851c56cc,SAMMS-JoplinV5
202608200219258335,202608200029237462,202608200029237018,85,2965,Bronze INV,br_OrientationChecklistNew,TASK_COMPLETE,FAILED,ERROR,8,8,1,SaveOrientationCheckList Bronze ForEach failed,2026-08-20T00:29:28.539Z,2026-08-20T02:40:07.937Z,7839,2026-08-20T02:40:07.937Z,V17,Columbia TN,2e0eb052-bb28-45b1-894f-8dc0851c56cc,SAMMS-ColumbiaTNv5
202608200219258336,202608200029237463,202608200029237018,85,2967,Bronze INV,br_OrientationChecklistNew,TASK_COMPLETE,FAILED,ERROR,5,5,1,SaveOrientationCheckList Bronze ForEach failed,2026-08-20T00:29:28.539Z,2026-08-20T02:40:07.937Z,7839,2026-08-20T02:40:07.937Z,V19,Jackson,2e0eb052-bb28-45b1-894f-8dc0851c56cc,SAMMS-JacksonV5
202608200219258337,202608200029237464,202608200029237018,85,2969,Bronze INV,br_OrientationChecklistNew,TASK_COMPLETE,FAILED,ERROR,7,7,1,SaveOrientationCheckList Bronze ForEach failed,2026-08-20T00:29:28.539Z,2026-08-20T02:40:07.937Z,7839,2026-08-20T02:40:07.937Z,V20,Paris,2e0eb052-bb28-45b1-894f-8dc0851c56cc,SAMMS-ParisV5
202608200219258338,202608200029237465,202608200029237018,85,2970,Bronze INV,br_OrientationChecklistNew,TASK_COMPLETE,FAILED,ERROR,2,2,1,SaveOrientationCheckList Bronze ForEach failed,2026-08-20T00:29:28.539Z,2026-08-20T02:40:07.937Z,7839,2026-08-20T02:40:07.937Z,V21,Memphis North,2e0eb052-bb28-45b1-894f-8dc0851c56cc,SAMMS-RaleighV5
202608200219258339,202608200029237466,202608200029237018,85,2973,Bronze INV,br_OrientationChecklistNew,TASK_COMPLETE,FAILED,ERROR,6,6,1,SaveOrientationCheckList Bronze ForEach failed,2026-08-20T00:29:28.539Z,2026-08-20T02:40:07.937Z,7839,2026-08-20T02:40:07.937Z,V5,West Bank,2e0eb052-bb28-45b1-894f-8dc0851c56cc,SAMMS-NONTCv5
202608200219258340,202608200029237467,202608200029237018,85,2975,Bronze INV,br_OrientationChecklistNew,TASK_COMPLETE,FAILED,ERROR,6,6,1,SaveOrientationCheckList Bronze ForEach failed,2026-08-20T00:29:28.539Z,2026-08-20T02:40:07.937Z,7839,2026-08-20T02:40:07.937Z,V5B,Houma,2e0eb052-bb28-45b1-894f-8dc0851c56cc,SAMMS-HoumaV6
202608200219258341,202608200029237468,202608200029237018,85,2976,Bronze INV,br_OrientationChecklistNew,TASK_COMPLETE,FAILED,ERROR,5,5,1,SaveOrientationCheckList Bronze ForEach failed,2026-08-20T00:29:28.539Z,2026-08-20T02:40:07.937Z,7839,2026-08-20T02:40:07.937Z,V6,Lake Charles,2e0eb052-bb28-45b1-894f-8dc0851c56cc,SAMMS-LCv5
202608200219258342,202608200029237469,202608200029237018,85,2978,Bronze INV,br_OrientationChecklistNew,TASK_COMPLETE,FAILED,ERROR,11,11,1,SaveOrientationCheckList Bronze ForEach failed,2026-08-20T00:29:28.539Z,2026-08-20T02:40:07.937Z,7839,2026-08-20T02:40:07.937Z,V8,Memphis Midtown,2e0eb052-bb28-45b1-894f-8dc0851c56cc,SAMMS-VCPHCS-VIII-MemphisV5
202608200219258343,202608200029237470,202608200029237018,85,2979,Bronze INV,br_OrientationChecklistNew,TASK_COMPLETE,FAILED,ERROR,8,8,1,SaveOrientationCheckList Bronze ForEach failed,2026-08-20T00:29:28.539Z,2026-08-20T02:40:07.937Z,7839,2026-08-20T02:40:07.937Z,V9,Nashville,2e0eb052-bb28-45b1-894f-8dc0851c56cc,SAMMS-NashvilleV5
202608200219258345,202608200029237471,202608200029237018,85,2980,Bronze INV,br_OrientationChecklistNew,TASK_COMPLETE,FAILED,ERROR,6,6,1,SaveOrientationCheckList Bronze ForEach failed,2026-08-20T00:29:28.539Z,2026-08-20T02:40:07.937Z,7839,2026-08-20T02:40:07.937Z,VBRA,Brainerd,2e0eb052-bb28-45b1-894f-8dc0851c56cc,SAMMS-BrainerdV6
202608200219258346,202608200029237472,202608200029237018,85,2981,Bronze INV,br_OrientationChecklistNew,TASK_COMPLETE,FAILED,ERROR,14,14,1,SaveOrientationCheckList Bronze ForEach failed,2026-08-20T00:29:28.539Z,2026-08-20T02:40:07.937Z,7839,2026-08-20T02:40:07.937Z,VBRP,Brooklyn Park,2e0eb052-bb28-45b1-894f-8dc0851c56cc,SAMMS-BrooklynParkV6
202608200219258347,202608200029237473,202608200029237018,85,2983,Bronze INV,br_OrientationChecklistNew,TASK_COMPLETE,FAILED,ERROR,14,14,1,SaveOrientationCheckList Bronze ForEach failed,2026-08-20T00:29:28.539Z,2026-08-20T02:40:07.937Z,7839,2026-08-20T02:40:07.937Z,VMIN,Minneapolis,2e0eb052-bb28-45b1-894f-8dc0851c56cc,SAMMS-MinneapolisV6
202608200219258348,202608200029237474,202608200029237018,85,2984,Bronze INV,br_OrientationChecklistNew,TASK_COMPLETE,FAILED,ERROR,5,5,1,SaveOrientationCheckList Bronze ForEach failed,2026-08-20T00:29:28.539Z,2026-08-20T02:40:07.937Z,7839,2026-08-20T02:40:07.937Z,VWBY,Woodbury,2e0eb052-bb28-45b1-894f-8dc0851c56cc,SAMMS-WoodburyV6
202608200219258349,202608200029237475,202608200029237018,85,2986,Bronze INV,br_OrientationChecklistNew,TASK_COMPLETE,FAILED,ERROR,8,8,1,SaveOrientationCheckList Bronze ForEach failed,2026-08-20T00:29:28.539Z,2026-08-20T02:40:07.937Z,7839,2026-08-20T02:40:07.937Z,WIL,Wilson,2e0eb052-bb28-45b1-894f-8dc0851c56cc,SAMMS-Wilson
202608200219258451,202608200029337039,202608200029337018,86,8580,Silver INV,sl_OrientationChecklistNew,TASK_COMPLETE,SKIPPED,WARN,0,0,0,Skipped: SaveOrientationCheckList failed at BR,2026-08-20T00:29:28.539Z,2026-08-20T02:40:07.937Z,7839,2026-08-20T02:40:07.937Z,,,2e0eb052-bb28-45b1-894f-8dc0851c56cc,
202608200219258370,202608200029238741,202608200029237018,85,2990,Bronze INV,br_ReAssessment,TASK_COMPLETE,FAILED,ERROR,0,0,1,SaveReAssessment Bronze ForEach failed,2026-08-20T00:29:28.539Z,2026-08-20T02:40:07.937Z,7839,2026-08-20T02:40:07.937Z,AHK,Ahoskie,2e0eb052-bb28-45b1-894f-8dc0851c56cc,SAMMS-Ahoskie
202608200219258371,202608200029238742,202608200029237018,85,2991,Bronze INV,br_ReAssessment,TASK_COMPLETE,FAILED,ERROR,0,0,1,SaveReAssessment Bronze ForEach failed,2026-08-20T00:29:28.539Z,2026-08-20T02:40:07.937Z,7839,2026-08-20T02:40:07.937Z,B12B,Colorado Springs,2e0eb052-bb28-45b1-894f-8dc0851c56cc,SAMMS-ColoradoSpringsV5
202608200219258372,202608200029238743,202608200029237018,85,2992,Bronze INV,br_ReAssessment,TASK_COMPLETE,FAILED,ERROR,0,0,1,SaveReAssessment Bronze ForEach failed,2026-08-20T00:29:28.539Z,2026-08-20T02:40:07.937Z,7839,2026-08-20T02:40:07.937Z,B24,Paintsville,2e0eb052-bb28-45b1-894f-8dc0851c56cc,SAMMS-PaintsvilleV5
202608200219258373,202608200029238744,202608200029237018,85,2993,Bronze INV,br_ReAssessment,TASK_COMPLETE,FAILED,ERROR,0,0,1,SaveReAssessment Bronze ForEach failed,2026-08-20T00:29:28.539Z,2026-08-20T02:40:07.937Z,7839,2026-08-20T02:40:07.937Z,B25,Pikeville,2e0eb052-bb28-45b1-894f-8dc0851c56cc,SAMMS-PikevilleV5
202608200219258374,202608200029238745,202608200029237018,85,2994,Bronze INV,br_ReAssessment,TASK_COMPLETE,FAILED,ERROR,0,0,1,SaveReAssessment Bronze ForEach failed,2026-08-20T00:29:28.539Z,2026-08-20T02:40:07.937Z,7839,2026-08-20T02:40:07.937Z,B26,Hazard,2e0eb052-bb28-45b1-894f-8dc0851c56cc,SAMMS-HazardV5
202608200219258375,202608200029238746,202608200029237018,85,2995,Bronze INV,br_ReAssessment,TASK_COMPLETE,FAILED,ERROR,0,0,1,SaveReAssessment Bronze ForEach failed,2026-08-20T00:29:28.539Z,2026-08-20T02:40:07.937Z,7839,2026-08-20T02:40:07.937Z,B27,Savannah,2e0eb052-bb28-45b1-894f-8dc0851c56cc,SAMMS-SavannahV6
202608200219258377,202608200029238747,202608200029237018,85,2996,Bronze INV,br_ReAssessment,TASK_COMPLETE,FAILED,ERROR,0,0,1,SaveReAssessment Bronze ForEach failed,2026-08-20T00:29:28.539Z,2026-08-20T02:40:07.937Z,7839,2026-08-20T02:40:07.937Z,B28,West Plains,2e0eb052-bb28-45b1-894f-8dc0851c56cc,SAMMS-WestPlainesV5
202608200219258378,202608200029238748,202608200029237018,85,2997,Bronze INV,br_ReAssessment,TASK_COMPLETE,FAILED,ERROR,0,0,1,SaveReAssessment Bronze ForEach failed,2026-08-20T00:29:28.539Z,2026-08-20T02:40:07.937Z,7839,2026-08-20T02:40:07.937Z,B29,Poplar Bluff,2e0eb052-bb28-45b1-894f-8dc0851c56cc,SAMMS-PoplarBluffV5
202608200219258379,202608200029238749,202608200029237018,85,2998,Bronze INV,br_ReAssessment,TASK_COMPLETE,FAILED,ERROR,0,0,1,SaveReAssessment Bronze ForEach failed,2026-08-20T00:29:28.539Z,2026-08-20T02:40:07.937Z,7839,2026-08-20T02:40:07.937Z,B30,KC North,2e0eb052-bb28-45b1-894f-8dc0851c56cc,SAMMS-KCNv5
202608200219258380,202608200029238750,202608200029237018,85,2999,Bronze INV,br_ReAssessment,TASK_COMPLETE,FAILED,ERROR,0,0,1,SaveReAssessment Bronze ForEach failed,2026-08-20T00:29:28.539Z,2026-08-20T02:40:07.937Z,7839,2026-08-20T02:40:07.937Z,B31,Dyersburg,2e0eb052-bb28-45b1-894f-8dc0851c56cc,SAMMS-DyersburgV5
202608200219258381,202608200029238751,202608200029237018,85,3001,Bronze INV,br_ReAssessment,TASK_COMPLETE,FAILED,ERROR,0,0,1,SaveReAssessment Bronze ForEach failed,2026-08-20T00:29:28.539Z,2026-08-20T02:40:07.937Z,7839,2026-08-20T02:40:07.937Z,B33,Paducah,2e0eb052-bb28-45b1-894f-8dc0851c56cc,SAMMS-Paducah
202608260854402980,202608260654258233,202608260654255519,85,4578,Bronze INV,br_ReAssessmentTreatment,TASK_COMPLETE,SUCCESS,INFO,1288,1288,0,,2026-08-26T06:54:31.515Z,2026-08-26T08:57:15.847Z,7364,2026-08-26T08:57:15.847Z,LO,Louisville,912d32aa-0b7f-4999-bf60-6670fe5985ea,SAMMS-Louisville
202608260854402981,202608260654258234,202608260654255519,85,4579,Bronze INV,br_ReAssessmentTreatment,TASK_COMPLETE,SUCCESS,INFO,291,291,0,,2026-08-26T06:54:31.515Z,2026-08-26T08:57:15.847Z,7364,2026-08-26T08:57:15.847Z,LV1,Cheyenne,912d32aa-0b7f-4999-bf60-6670fe5985ea,SAMMS-Cheyenne
202608260854402982,202608260654258235,202608260654255519,85,4580,Bronze INV,br_ReAssessmentTreatment,TASK_COMPLETE,SUCCESS,INFO,204,204,0,,2026-08-26T06:54:31.515Z,2026-08-26T08:57:15.847Z,7364,2026-08-26T08:57:15.847Z,LV2,Desert Inn,912d32aa-0b7f-4999-bf60-6670fe5985ea,SAMMS-DesertInn
202608260854402983,202608260654258236,202608260654255519,85,4581,Bronze INV,br_ReAssessmentTreatment,TASK_COMPLETE,SUCCESS,INFO,110,110,0,,2026-08-26T06:54:31.515Z,2026-08-26T08:57:15.847Z,7364,2026-08-26T08:57:15.847Z,LV3,McDaniel,912d32aa-0b7f-4999-bf60-6670fe5985ea,SAMMS-McDaniel
202608260854402985,202608260654258237,202608260654255519,85,4584,Bronze INV,br_ReAssessmentTreatment,TASK_COMPLETE,SUCCESS,INFO,356,356,0,,2026-08-26T06:54:31.515Z,2026-08-26T08:57:15.847Z,7364,2026-08-26T08:57:15.847Z,MNRE,Monroe,912d32aa-0b7f-4999-bf60-6670fe5985ea,SAMMS-Monroe
202608260854402986,202608260654258238,202608260654255519,85,4585,Bronze INV,br_ReAssessmentTreatment,TASK_COMPLETE,SUCCESS,INFO,1422,1422,0,,2026-08-26T06:54:31.515Z,2026-08-26T08:57:15.847Z,7364,2026-08-26T08:57:15.847Z,MP,Mt. Pleasant,912d32aa-0b7f-4999-bf60-6670fe5985ea,SAMMS-MtPleasant
202608260854402987,202608260654258239,202608260654255519,85,4586,Bronze INV,br_ReAssessmentTreatment,TASK_COMPLETE,SUCCESS,INFO,153,153,0,,2026-08-26T06:54:31.515Z,2026-08-26T08:57:15.847Z,7364,2026-08-26T08:57:15.847Z,MRD,Meridian,912d32aa-0b7f-4999-bf60-6670fe5985ea,SAMMS-Meridian
202608260854402988,202608260654258240,202608260654255519,85,4591,Bronze INV,br_ReAssessmentTreatment,TASK_COMPLETE,SUCCESS,INFO,691,691,0,,2026-08-26T06:54:31.515Z,2026-08-26T08:57:15.847Z,7364,2026-08-26T08:57:15.847Z,NC,North Charleston,912d32aa-0b7f-4999-bf60-6670fe5985ea,SAMMS-NorthCharleston
202608260854402989,202608260654258241,202608260654255519,85,4592,Bronze INV,br_ReAssessmentTreatment,TASK_COMPLETE,SUCCESS,INFO,0,0,0,,2026-08-26T06:54:31.515Z,2026-08-26T08:57:15.847Z,7364,2026-08-26T08:57:15.847Z,NLR,N. Little Rock,912d32aa-0b7f-4999-bf60-6670fe5985ea,SAMMS-NLROBOT
202608260854402990,202608260654258242,202608260654255519,85,4593,Bronze INV,br_ReAssessmentTreatment,TASK_COMPLETE,SUCCESS,INFO,112,112,0,,2026-08-26T06:54:31.515Z,2026-08-26T08:57:15.847Z,7364,2026-08-26T08:57:15.847Z,PH,Phoenix,912d32aa-0b7f-4999-bf60-6670fe5985ea,SAMMS-Phoenix
202608260854402991,202608260654258243,202608260654255519,85,4597,Bronze INV,br_ReAssessmentTreatment,TASK_COMPLETE,SUCCESS,INFO,212,212,0,,2026-08-26T06:54:31.515Z,2026-08-26T08:57:15.847Z,7364,2026-08-26T08:57:15.847Z,RE,Reno,912d32aa-0b7f-4999-bf60-6670fe5985ea,SAMMS-Reno
202608260854402992,202608260654258244,202608260654255519,85,4598,Bronze INV,br_ReAssessmentTreatment,TASK_COMPLETE,SUCCESS,INFO,87,87,0,,2026-08-26T06:54:31.515Z,2026-08-26T08:57:15.847Z,7364,2026-08-26T08:57:15.847Z,RMD,Richmond,912d32aa-0b7f-4999-bf60-6670fe5985ea,SAMMS-Richmond
202608260854402993,202608260654258245,202608260654255519,85,4599,Bronze INV,br_ReAssessmentTreatment,TASK_COMPLETE,SUCCESS,INFO,587,587,0,,2026-08-26T06:54:31.515Z,2026-08-26T08:57:15.847Z,7364,2026-08-26T08:57:15.847Z,SFN,Springfield North,912d32aa-0b7f-4999-bf60-6670fe5985ea,SAMMS-SFNv5
202608260854402994,202608260654258246,202608260654255519,85,4600,Bronze INV,br_ReAssessmentTreatment,TASK_COMPLETE,SUCCESS,INFO,762,762,0,,2026-08-26T06:54:31.515Z,2026-08-26T08:57:15.847Z,7364,2026-08-26T08:57:15.847Z,SHP,Shreveport,912d32aa-0b7f-4999-bf60-6670fe5985ea,SAMMS-Shreveport
202608260854402996,202608260654258247,202608260654255519,85,4602,Bronze INV,br_ReAssessmentTreatment,TASK_COMPLETE,SUCCESS,INFO,484,484,0,,2026-08-26T06:54:31.515Z,2026-08-26T08:57:15.847Z,7364,2026-08-26T08:57:15.847Z,STN,Staunton,912d32aa-0b7f-4999-bf60-6670fe5985ea,SAMMS-Staunton
202608260854402997,202608260654258248,202608260654255519,85,4603,Bronze INV,br_ReAssessmentTreatment,TASK_COMPLETE,SUCCESS,INFO,225,225,0,,2026-08-26T06:54:31.515Z,2026-08-26T08:57:15.847Z,7364,2026-08-26T08:57:15.847Z,STVN,Stevenson,912d32aa-0b7f-4999-bf60-6670fe5985ea,SAMMS-Stevenson
202608260854402998,202608260654258249,202608260654255519,85,4605,Bronze INV,br_ReAssessmentTreatment,TASK_COMPLETE,SUCCESS,INFO,174,174,0,,2026-08-26T06:54:31.515Z,2026-08-26T08:57:15.847Z,7364,2026-08-26T08:57:15.847Z,TE,Tempe,912d32aa-0b7f-4999-bf60-6670fe5985ea,SAMMS-Tempe
202608260854402999,202608260654258250,202608260654255519,85,4606,Bronze INV,br_ReAssessmentTreatment,TASK_COMPLETE,SUCCESS,INFO,0,0,0,,2026-08-26T06:54:31.515Z,2026-08-26T08:57:15.847Z,7364,2026-08-26T08:57:15.847Z,TEX,Texarkana,912d32aa-0b7f-4999-bf60-6670fe5985ea,SAMMS-Texarkana
202608260854403000,202608260654258251,202608260654255519,85,4607,Bronze INV,br_ReAssessmentTreatment,TASK_COMPLETE,SUCCESS,INFO,1057,1057,0,,2026-08-26T06:54:31.515Z,2026-08-26T08:57:15.847Z,7364,2026-08-26T08:57:15.847Z,TTCA,Bessemer,912d32aa-0b7f-4999-bf60-6670fe5985ea,SAMMS-BessemerV5
202608260854403001,202608260654258252,202608260654255519,85,4608,Bronze INV,br_ReAssessmentTreatment,TASK_COMPLETE,SUCCESS,INFO,1314,1314,0,,2026-08-26T06:54:31.515Z,2026-08-26T08:57:15.847Z,7364,2026-08-26T08:57:15.847Z,TTCB,Cullman,912d32aa-0b7f-4999-bf60-6670fe5985ea,SAMMS-CullmanV5
202608260854403002,202608260654258253,202608260654255519,85,4609,Bronze INV,br_ReAssessmentTreatment,TASK_COMPLETE,SUCCESS,INFO,931,931,0,,2026-08-26T06:54:31.515Z,2026-08-26T08:57:15.847Z,7364,2026-08-26T08:57:15.847Z,TTCC,Grand Bay,912d32aa-0b7f-4999-bf60-6670fe5985ea,SAMMS-GrandBay
202608260854403003,202608260654258254,202608260654255519,85,4610,Bronze INV,br_ReAssessmentTreatment,TASK_COMPLETE,SUCCESS,INFO,15,15,0,,2026-08-26T06:54:31.515Z,2026-08-26T08:57:15.847Z,7364,2026-08-26T08:57:15.847Z,TU,Tucson,912d32aa-0b7f-4999-bf60-6670fe5985ea,SAMMS-Tucson
202608260854403005,202608260654258255,202608260654255519,85,4612,Bronze INV,br_ReAssessmentTreatment,TASK_COMPLETE,SUCCESS,INFO,660,660,0,,2026-08-26T06:54:31.515Z,2026-08-26T08:57:15.847Z,7364,2026-08-26T08:57:15.847Z,V1,Memphis South,912d32aa-0b7f-4999-bf60-6670fe5985ea,SAMMS-VCPHCS-I-MemphisV5
202608260854403006,202608260654258256,202608260654255519,85,4613,Bronze INV,br_ReAssessmentTreatment,TASK_COMPLETE,SUCCESS,INFO,1626,1626,0,,2026-08-26T06:54:31.515Z,2026-08-26T08:57:15.847Z,7364,2026-08-26T08:57:15.847Z,V10,Longmont,912d32aa-0b7f-4999-bf60-6670fe5985ea,SAMMS-BoulderV5
202608260854403007,202608260654258257,202608260654255519,85,4614,Bronze INV,br_ReAssessmentTreatment,TASK_COMPLETE,SUCCESS,INFO,1508,1508,0,,2026-08-26T06:54:31.515Z,2026-08-26T08:57:15.847Z,7364,2026-08-26T08:57:15.847Z,V10A,Fort Collins,912d32aa-0b7f-4999-bf60-6670fe5985ea,SAMMS-FortCollinsV5
202608260854403008,202608260654258258,202608260654255519,85,4615,Bronze INV,br_ReAssessmentTreatment,TASK_COMPLETE,SUCCESS,INFO,2862,2862,0,,2026-08-26T06:54:31.515Z,2026-08-26T08:57:15.847Z,7364,2026-08-26T08:57:15.847Z,V11,Westminster,912d32aa-0b7f-4999-bf60-6670fe5985ea,SAMMS-VCPHCS-XI-NorthDenverV5
202608260854403009,202608260654258259,202608260654255519,85,4616,Bronze INV,br_ReAssessmentTreatment,TASK_COMPLETE,SUCCESS,INFO,2991,2991,0,,2026-08-26T06:54:31.515Z,2026-08-26T08:57:15.847Z,7364,2026-08-26T08:57:15.847Z,V12,Downtown Denver,912d32aa-0b7f-4999-bf60-6670fe5985ea,SAMMS-VCPHCS-XII-DowntownDenverV5
202608260854403010,202608260654258260,202608260654255519,85,4617,Bronze INV,br_ReAssessmentTreatment,TASK_COMPLETE,SUCCESS,INFO,1127,1127,0,,2026-08-26T06:54:31.515Z,2026-08-26T08:57:15.847Z,7364,2026-08-26T08:57:15.847Z,V12A,Centennial,912d32aa-0b7f-4999-bf60-6670fe5985ea,SAMMS-CentennialV5
202608260854403011,202608260654258261,202608260654255519,85,4618,Bronze INV,br_ReAssessmentTreatment,TASK_COMPLETE,SUCCESS,INFO,293,293,0,,2026-08-26T06:54:31.515Z,2026-08-26T08:57:15.847Z,7364,2026-08-26T08:57:15.847Z,V14,Overland Park,912d32aa-0b7f-4999-bf60-6670fe5985ea,SAMMS-VCPHCS-XIV-BridgewayV5
202608260854403012,202608260654258262,202608260654255519,85,4619,Bronze INV,br_ReAssessmentTreatment,TASK_COMPLETE,SUCCESS,INFO,608,608,0,,2026-08-26T06:54:31.515Z,2026-08-26T08:57:15.847Z,7364,2026-08-26T08:57:15.847Z,V15,Joplin,912d32aa-0b7f-4999-bf60-6670fe5985ea,SAMMS-JoplinV5
202608260854403013,202608260654258263,202608260654255519,85,4621,Bronze INV,br_ReAssessmentTreatment,TASK_COMPLETE,SUCCESS,INFO,902,902,0,,2026-08-26T06:54:31.515Z,2026-08-26T08:57:15.847Z,7364,2026-08-26T08:57:15.847Z,V17,Columbia TN,912d32aa-0b7f-4999-bf60-6670fe5985ea,SAMMS-ColumbiaTNv5
202608260854403015,202608260654258264,202608260654255519,85,4623,Bronze INV,br_ReAssessmentTreatment,TASK_COMPLETE,SUCCESS,INFO,527,527,0,,2026-08-26T06:54:31.515Z,2026-08-26T08:57:15.847Z,7364,2026-08-26T08:57:15.847Z,V19,Jackson,912d32aa-0b7f-4999-bf60-6670fe5985ea,SAMMS-JacksonV5
202608260854403016,202608260654258265,202608260654255519,85,4625,Bronze INV,br_ReAssessmentTreatment,TASK_COMPLETE,SUCCESS,INFO,1683,1683,0,,2026-08-26T06:54:31.515Z,2026-08-26T08:57:15.847Z,7364,2026-08-26T08:57:15.847Z,V20,Paris,912d32aa-0b7f-4999-bf60-6670fe5985ea,SAMMS-ParisV5
202608260854403017,202608260654258266,202608260654255519,85,4626,Bronze INV,br_ReAssessmentTreatment,TASK_COMPLETE,SUCCESS,INFO,723,723,0,,2026-08-26T06:54:31.515Z,2026-08-26T08:57:15.847Z,7364,2026-08-26T08:57:15.847Z,V21,Memphis North,912d32aa-0b7f-4999-bf60-6670fe5985ea,SAMMS-RaleighV5
202608260854403018,202608260654258267,202608260654255519,85,4629,Bronze INV,br_ReAssessmentTreatment,TASK_COMPLETE,SUCCESS,INFO,1765,1765,0,,2026-08-26T06:54:31.515Z,2026-08-26T08:57:15.847Z,7364,2026-08-26T08:57:15.847Z,V5,West Bank,912d32aa-0b7f-4999-bf60-6670fe5985ea,SAMMS-NONTCv5
202608260854403019,202608260654258268,202608260654255519,85,4631,Bronze INV,br_ReAssessmentTreatment,TASK_COMPLETE,SUCCESS,INFO,145,145,0,,2026-08-26T06:54:31.515Z,2026-08-26T08:57:15.847Z,7364,2026-08-26T08:57:15.847Z,V5B,Houma,912d32aa-0b7f-4999-bf60-6670fe5985ea,SAMMS-HoumaV6
202608260854403020,202608260654258269,202608260654255519,85,4632,Bronze INV,br_ReAssessmentTreatment,TASK_COMPLETE,SUCCESS,INFO,1905,1905,0,,2026-08-26T06:54:31.515Z,2026-08-26T08:57:15.847Z,7364,2026-08-26T08:57:15.847Z,V6,Lake Charles,912d32aa-0b7f-4999-bf60-6670fe5985ea,SAMMS-LCv5
202608260854403021,202608260654258270,202608260654255519,85,4634,Bronze INV,br_ReAssessmentTreatment,TASK_COMPLETE,SUCCESS,INFO,738,738,0,,2026-08-26T06:54:31.515Z,2026-08-26T08:57:15.847Z,7364,2026-08-26T08:57:15.847Z,V8,Memphis Midtown,912d32aa-0b7f-4999-bf60-6670fe5985ea,SAMMS-VCPHCS-VIII-MemphisV5
202608260854403022,202608260654258271,202608260654255519,85,4635,Bronze INV,br_ReAssessmentTreatment,TASK_COMPLETE,SUCCESS,INFO,1761,1761,0,,2026-08-26T06:54:31.515Z,2026-08-26T08:57:15.847Z,7364,2026-08-26T08:57:15.847Z,V9,Nashville,912d32aa-0b7f-4999-bf60-6670fe5985ea,SAMMS-NashvilleV5
202608260854403023,202608260654258272,202608260654255519,85,4636,Bronze INV,br_ReAssessmentTreatment,TASK_COMPLETE,SUCCESS,INFO,838,838,0,,2026-08-26T06:54:31.515Z,2026-08-26T08:57:15.847Z,7364,2026-08-26T08:57:15.847Z,VBRA,Brainerd,912d32aa-0b7f-4999-bf60-6670fe5985ea,SAMMS-BrainerdV6
202608260854403024,202608260654258273,202608260654255519,85,4637,Bronze INV,br_ReAssessmentTreatment,TASK_COMPLETE,SUCCESS,INFO,1952,1952,0,,2026-08-26T06:54:31.515Z,2026-08-26T08:57:15.847Z,7364,2026-08-26T08:57:15.847Z,VBRP,Brooklyn Park,912d32aa-0b7f-4999-bf60-6670fe5985ea,SAMMS-BrooklynParkV6
202608260854403026,202608260654258274,202608260654255519,85,4639,Bronze INV,br_ReAssessmentTreatment,TASK_COMPLETE,SUCCESS,INFO,740,740,0,,2026-08-26T06:54:31.515Z,2026-08-26T08:57:15.847Z,7364,2026-08-26T08:57:15.847Z,VMIN,Minneapolis,912d32aa-0b7f-4999-bf60-6670fe5985ea,SAMMS-MinneapolisV6
202608260854403027,202608260654258275,202608260654255519,85,4640,Bronze INV,br_ReAssessmentTreatment,TASK_COMPLETE,SUCCESS,INFO,873,873,0,,2026-08-26T06:54:31.515Z,2026-08-26T08:57:15.847Z,7364,2026-08-26T08:57:15.847Z,VWBY,Woodbury,912d32aa-0b7f-4999-bf60-6670fe5985ea,SAMMS-WoodburyV6
202608260854403028,202608260654258276,202608260654255519,85,4642,Bronze INV,br_ReAssessmentTreatment,TASK_COMPLETE,SUCCESS,INFO,161,161,0,,2026-08-26T06:54:31.515Z,2026-08-26T08:57:15.847Z,7364,2026-08-26T08:57:15.847Z,WIL,Wilson,912d32aa-0b7f-4999-bf60-6670fe5985ea,SAMMS-Wilson
202608260854403129,202608260654355536,202608260654355519,86,5736,Silver INV,sl_ReAssessmentTreatment,TASK_COMPLETE,SUCCESS,INFO,78203,78203,0,,2026-08-26T06:54:31.515Z,2026-08-26T08:57:15.847Z,7364,2026-08-26T08:57:15.847Z,,,912d32aa-0b7f-4999-bf60-6670fe5985ea,
202608200219258872,202608200029239244,202608200029237018,85,3599,Bronze INV,br_ReAssessmentMentalHealth,TASK_COMPLETE,FAILED,ERROR,0,0,1,SaveReAssessmentMentalHealth Bronze ForEach failed,2026-08-20T00:29:28.539Z,2026-08-20T02:40:07.937Z,7839,2026-08-20T02:40:07.937Z,BAT,Batesville,2e0eb052-bb28-45b1-894f-8dc0851c56cc,SAMMS-Batesville
202608200219258874,202608200029239245,202608200029237018,85,3600,Bronze INV,br_ReAssessmentMentalHealth,TASK_COMPLETE,FAILED,ERROR,461,461,1,SaveReAssessmentMentalHealth Bronze ForEach failed,2026-08-20T00:29:28.539Z,2026-08-20T02:40:07.937Z,7839,2026-08-20T02:40:07.937Z,BG,Bowling Green,2e0eb052-bb28-45b1-894f-8dc0851c56cc,SAMMS-BowlingGreen
202608200219258875,202608200029239246,202608200029237018,85,3601,Bronze INV,br_ReAssessmentMentalHealth,TASK_COMPLETE,FAILED,ERROR,182,182,1,SaveReAssessmentMentalHealth Bronze ForEach failed,2026-08-20T00:29:28.539Z,2026-08-20T02:40:07.937Z,7839,2026-08-20T02:40:07.937Z,BOI,Boise,2e0eb052-bb28-45b1-894f-8dc0851c56cc,SAMMS-Boise
202608200219258876,202608200029239247,202608200029237018,85,3608,Bronze INV,br_ReAssessmentMentalHealth,TASK_COMPLETE,FAILED,ERROR,51,51,1,SaveReAssessmentMentalHealth Bronze ForEach failed,2026-08-20T00:29:28.539Z,2026-08-20T02:40:07.937Z,7839,2026-08-20T02:40:07.937Z,CBCO,Coeur dAlene,2e0eb052-bb28-45b1-894f-8dc0851c56cc,SAMMS-CoeurdAleneV6
202608200219258877,202608200029239248,202608200029237018,85,3627,Bronze INV,br_ReAssessmentMentalHealth,TASK_COMPLETE,FAILED,ERROR,0,0,1,SaveReAssessmentMentalHealth Bronze ForEach failed,2026-08-20T00:29:28.539Z,2026-08-20T02:40:07.937Z,7839,2026-08-20T02:40:07.937Z,CON,Conway,2e0eb052-bb28-45b1-894f-8dc0851c56cc,SAMMS-Conway
202608200219258878,202608200029239249,202608200029237018,85,3628,Bronze INV,br_ReAssessmentMentalHealth,TASK_COMPLETE,FAILED,ERROR,2578,2578,1,SaveReAssessmentMentalHealth Bronze ForEach failed,2026-08-20T00:29:28.539Z,2026-08-20T02:40:07.937Z,7839,2026-08-20T02:40:07.937Z,D07,Medical Services Knox TN,2e0eb052-bb28-45b1-894f-8dc0851c56cc,SAMMS-KnoxvilleV6
202608200219258879,202608200029239250,202608200029237018,85,3629,Bronze INV,br_ReAssessmentMentalHealth,TASK_COMPLETE,FAILED,ERROR,113,113,1,SaveReAssessmentMentalHealth Bronze ForEach failed,2026-08-20T00:29:28.539Z,2026-08-20T02:40:07.937Z,7839,2026-08-20T02:40:07.937Z,D08,Madison,2e0eb052-bb28-45b1-894f-8dc0851c56cc,SAMMS-MadisonV6
202608200219258880,202608200029239251,202608200029237018,85,3631,Bronze INV,br_ReAssessmentMentalHealth,TASK_COMPLETE,FAILED,ERROR,120,120,1,SaveReAssessmentMentalHealth Bronze ForEach failed,2026-08-20T00:29:28.539Z,2026-08-20T02:40:07.937Z,7839,2026-08-20T02:40:07.937Z,D09,Murfreesboro,2e0eb052-bb28-45b1-894f-8dc0851c56cc,SAMMS-MurfreesboroV6
202608200219258881,202608200029239252,202608200029237018,85,3632,Bronze INV,br_ReAssessmentMentalHealth,TASK_COMPLETE,FAILED,ERROR,337,337,1,SaveReAssessmentMentalHealth Bronze ForEach failed,2026-08-20T00:29:28.539Z,2026-08-20T02:40:07.937Z,7839,2026-08-20T02:40:07.937Z,DA,Davenport,2e0eb052-bb28-45b1-894f-8dc0851c56cc,SAMMS-Davenport
202608200219258882,202608200029239253,202608200029237018,85,3633,Bronze INV,br_ReAssessmentMentalHealth,TASK_COMPLETE,FAILED,ERROR,288,288,1,SaveReAssessmentMentalHealth Bronze ForEach failed,2026-08-20T00:29:28.539Z,2026-08-20T02:40:07.937Z,7839,2026-08-20T02:40:07.937Z,DM,Des Moines,2e0eb052-bb28-45b1-894f-8dc0851c56cc,SAMMS-DesMoines
202608200219258884,202608200029239254,202608200029237018,85,3635,Bronze INV,br_ReAssessmentMentalHealth,TASK_COMPLETE,FAILED,ERROR,530,530,1,SaveReAssessmentMentalHealth Bronze ForEach failed,2026-08-20T00:29:28.539Z,2026-08-20T02:40:07.937Z,7839,2026-08-20T02:40:07.937Z,DRD-CO,Columbia MO,2e0eb052-bb28-45b1-894f-8dc0851c56cc,SAMMS-ColumbiaV5
202608200219258885,202608200029239255,202608200029237018,85,3636,Bronze INV,br_ReAssessmentMentalHealth,TASK_COMPLETE,FAILED,ERROR,347,347,1,SaveReAssessmentMentalHealth Bronze ForEach failed,2026-08-20T00:29:28.539Z,2026-08-20T02:40:07.937Z,7839,2026-08-20T02:40:07.937Z,DRD-KC,KC,2e0eb052-bb28-45b1-894f-8dc0851c56cc,SAMMS-KCv5
202608200219258886,202608200029239256,202608200029237018,85,3637,Bronze INV,br_ReAssessmentMentalHealth,TASK_COMPLETE,FAILED,ERROR,1555,1555,1,SaveReAssessmentMentalHealth Bronze ForEach failed,2026-08-20T00:29:28.539Z,2026-08-20T02:40:07.937Z,7839,2026-08-20T02:40:07.937Z,DRD-KVB,KVB,2e0eb052-bb28-45b1-894f-8dc0851c56cc,SAMMS-KVBv5
202608200219258887,202608200029239257,202608200029237018,85,3638,Bronze INV,br_ReAssessmentMentalHealth,TASK_COMPLETE,FAILED,ERROR,1674,1674,1,SaveReAssessmentMentalHealth Bronze ForEach failed,2026-08-20T00:29:28.539Z,2026-08-20T02:40:07.937Z,7839,2026-08-20T02:40:07.937Z,DRD-KVC,KVC,2e0eb052-bb28-45b1-894f-8dc0851c56cc,SAMMS-KVCv5
202608200219258888,202608200029239258,202608200029237018,85,3639,Bronze INV,br_ReAssessmentMentalHealth,TASK_COMPLETE,FAILED,ERROR,3203,3203,1,SaveReAssessmentMentalHealth Bronze ForEach failed,2026-08-20T00:29:28.539Z,2026-08-20T02:40:07.937Z,7839,2026-08-20T02:40:07.937Z,DRD-NOLA,NOLA,2e0eb052-bb28-45b1-894f-8dc0851c56cc,SAMMS-NOLAv5
202608200219258889,202608200029239259,202608200029237018,85,3640,Bronze INV,br_ReAssessmentMentalHealth,TASK_COMPLETE,FAILED,ERROR,800,800,1,SaveReAssessmentMentalHealth Bronze ForEach failed,2026-08-20T00:29:28.539Z,2026-08-20T02:40:07.937Z,7839,2026-08-20T02:40:07.937Z,DRD-SF,Springfield,2e0eb052-bb28-45b1-894f-8dc0851c56cc,SAMMS-SFv5
202608200219258890,202608200029239260,202608200029237018,85,3642,Bronze INV,br_ReAssessmentMentalHealth,TASK_COMPLETE,FAILED,ERROR,260,260,1,SaveReAssessmentMentalHealth Bronze ForEach failed,2026-08-20T00:29:28.539Z,2026-08-20T02:40:07.937Z,7839,2026-08-20T02:40:07.937Z,ELC,Elizabeth City,2e0eb052-bb28-45b1-894f-8dc0851c56cc,SAMMS-ElizabethCity
202608200219258892,202608200029239261,202608200029237018,85,3643,Bronze INV,br_ReAssessmentMentalHealth,TASK_COMPLETE,FAILED,ERROR,128,128,1,SaveReAssessmentMentalHealth Bronze ForEach failed,2026-08-20T00:29:28.539Z,2026-08-20T02:40:07.937Z,7839,2026-08-20T02:40:07.937Z,ET,Elizabethtown,2e0eb052-bb28-45b1-894f-8dc0851c56cc,SAMMS-Elizabethtown
202608200219258893,202608200029239262,202608200029237018,85,3644,Bronze INV,br_ReAssessmentMentalHealth,TASK_COMPLETE,FAILED,ERROR,0,0,1,SaveReAssessmentMentalHealth Bronze ForEach failed,2026-08-20T00:29:28.539Z,2026-08-20T02:40:07.937Z,7839,2026-08-20T02:40:07.937Z,FAY,Fayetteville,2e0eb052-bb28-45b1-894f-8dc0851c56cc,SAMMS-Fayetteville
202608200219258894,202608200029239263,202608200029237018,85,3645,Bronze INV,br_ReAssessmentMentalHealth,TASK_COMPLETE,FAILED,ERROR,156,156,1,SaveReAssessmentMentalHealth Bronze ForEach failed,2026-08-20T00:29:28.539Z,2026-08-20T02:40:07.937Z,7839,2026-08-20T02:40:07.937Z,FR,Frankfort,2e0eb052-bb28-45b1-894f-8dc0851c56cc,SAMMS-Frankfort
202608200219258895,202608200029239264,202608200029237018,85,3646,Bronze INV,br_ReAssessmentMentalHealth,TASK_COMPLETE,FAILED,ERROR,0,0,1,SaveReAssessmentMentalHealth Bronze ForEach failed,2026-08-20T00:29:28.539Z,2026-08-20T02:40:07.937Z,7839,2026-08-20T02:40:07.937Z,FS,Fort Smith,2e0eb052-bb28-45b1-894f-8dc0851c56cc,SAMMS-FortSmith
202608200219258896,202608200029239265,202608200029237018,85,3647,Bronze INV,br_ReAssessmentMentalHealth,TASK_COMPLETE,FAILED,ERROR,469,469,1,SaveReAssessmentMentalHealth Bronze ForEach failed,2026-08-20T00:29:28.539Z,2026-08-20T02:40:07.937Z,7839,2026-08-20T02:40:07.937Z,FW,Fort Wayne,2e0eb052-bb28-45b1-894f-8dc0851c56cc,SAMMS-FortWayne
202608200219258897,202608200029239266,202608200029237018,85,3648,Bronze INV,br_ReAssessmentMentalHealth,TASK_COMPLETE,FAILED,ERROR,276,276,1,SaveReAssessmentMentalHealth Bronze ForEach failed,2026-08-20T00:29:28.539Z,2026-08-20T02:40:07.937Z,7839,2026-08-20T02:40:07.937Z,GAL,Gaylord,2e0eb052-bb28-45b1-894f-8dc0851c56cc,SAMMS-Gaylord
202608200219258898,202608200029239267,202608200029237018,85,3652,Bronze INV,br_ReAssessmentMentalHealth,TASK_COMPLETE,FAILED,ERROR,100,100,1,SaveReAssessmentMentalHealth Bronze ForEach failed,2026-08-20T00:29:28.539Z,2026-08-20T02:40:07.937Z,7839,2026-08-20T02:40:07.937Z,HGT,Hagerstown,2e0eb052-bb28-45b1-894f-8dc0851c56cc,SAMMS-Hagerstown
202608200219258899,202608200029239268,202608200029237018,85,3653,Bronze INV,br_ReAssessmentMentalHealth,TASK_COMPLETE,FAILED,ERROR,1724,1724,1,SaveReAssessmentMentalHealth Bronze ForEach failed,2026-08-20T00:29:28.539Z,2026-08-20T02:40:07.937Z,7839,2026-08-20T02:40:07.937Z,HNT,Huntsville,2e0eb052-bb28-45b1-894f-8dc0851c56cc,SAMMS-Huntsville
202608200219258901,202608200029239269,202608200029237018,85,3654,Bronze INV,br_ReAssessmentMentalHealth,TASK_COMPLETE,FAILED,ERROR,0,0,1,SaveReAssessmentMentalHealth Bronze ForEach failed,2026-08-20T00:29:28.539Z,2026-08-20T02:40:07.937Z,7839,2026-08-20T02:40:07.937Z,HS,Hot Springs,2e0eb052-bb28-45b1-894f-8dc0851c56cc,SAMMS-HotSprings
202608200219258902,202608200029239270,202608200029237018,85,3655,Bronze INV,br_ReAssessmentMentalHealth,TASK_COMPLETE,FAILED,ERROR,0,0,1,SaveReAssessmentMentalHealth Bronze ForEach failed,2026-08-20T00:29:28.539Z,2026-08-20T02:40:07.937Z,7839,2026-08-20T02:40:07.937Z,JON,Jonesboro,2e0eb052-bb28-45b1-894f-8dc0851c56cc,SAMMS-Jonesboro
202608200219258903,202608200029239271,202608200029237018,85,3657,Bronze INV,br_ReAssessmentMentalHealth,TASK_COMPLETE,FAILED,ERROR,448,448,1,SaveReAssessmentMentalHealth Bronze ForEach failed,2026-08-20T00:29:28.539Z,2026-08-20T02:40:07.937Z,7839,2026-08-20T02:40:07.937Z,LAN,Lansing,2e0eb052-bb28-45b1-894f-8dc0851c56cc,SAMMS-Lansing
202608200219258904,202608200029239272,202608200029237018,85,3658,Bronze INV,br_ReAssessmentMentalHealth,TASK_COMPLETE,FAILED,ERROR,1289,1289,1,SaveReAssessmentMentalHealth Bronze ForEach failed,2026-08-20T00:29:28.539Z,2026-08-20T02:40:07.937Z,7839,2026-08-20T02:40:07.937Z,LO,Louisville,2e0eb052-bb28-45b1-894f-8dc0851c56cc,SAMMS-Louisville
202608200219258905,202608200029239273,202608200029237018,85,3659,Bronze INV,br_ReAssessmentMentalHealth,TASK_COMPLETE,FAILED,ERROR,291,291,1,SaveReAssessmentMentalHealth Bronze ForEach failed,2026-08-20T00:29:28.539Z,2026-08-20T02:40:07.937Z,7839,2026-08-20T02:40:07.937Z,LV1,Cheyenne,2e0eb052-bb28-45b1-894f-8dc0851c56cc,SAMMS-Cheyenne
202608200219258906,202608200029239274,202608200029237018,85,3660,Bronze INV,br_ReAssessmentMentalHealth,TASK_COMPLETE,FAILED,ERROR,205,205,1,SaveReAssessmentMentalHealth Bronze ForEach failed,2026-08-20T00:29:28.539Z,2026-08-20T02:40:07.937Z,7839,2026-08-20T02:40:07.937Z,LV2,Desert Inn,2e0eb052-bb28-45b1-894f-8dc0851c56cc,SAMMS-DesertInn
202608200219258907,202608200029239275,202608200029237018,85,3661,Bronze INV,br_ReAssessmentMentalHealth,TASK_COMPLETE,FAILED,ERROR,110,110,1,SaveReAssessmentMentalHealth Bronze ForEach failed,2026-08-20T00:29:28.539Z,2026-08-20T02:40:07.937Z,7839,2026-08-20T02:40:07.937Z,LV3,McDaniel,2e0eb052-bb28-45b1-894f-8dc0851c56cc,SAMMS-McDaniel
202608200219258909,202608200029239276,202608200029237018,85,3664,Bronze INV,br_ReAssessmentMentalHealth,TASK_COMPLETE,FAILED,ERROR,357,357,1,SaveReAssessmentMentalHealth Bronze ForEach failed,2026-08-20T00:29:28.539Z,2026-08-20T02:40:07.937Z,7839,2026-08-20T02:40:07.937Z,MNRE,Monroe,2e0eb052-bb28-45b1-894f-8dc0851c56cc,SAMMS-Monroe
202608200219258910,202608200029239277,202608200029237018,85,3665,Bronze INV,br_ReAssessmentMentalHealth,TASK_COMPLETE,FAILED,ERROR,1425,1425,1,SaveReAssessmentMentalHealth Bronze ForEach failed,2026-08-20T00:29:28.539Z,2026-08-20T02:40:07.937Z,7839,2026-08-20T02:40:07.937Z,MP,Mt. Pleasant,2e0eb052-bb28-45b1-894f-8dc0851c56cc,SAMMS-MtPleasant
202608200219258911,202608200029239278,202608200029237018,85,3666,Bronze INV,br_ReAssessmentMentalHealth,TASK_COMPLETE,FAILED,ERROR,153,153,1,SaveReAssessmentMentalHealth Bronze ForEach failed,2026-08-20T00:29:28.539Z,2026-08-20T02:40:07.937Z,7839,2026-08-20T02:40:07.937Z,MRD,Meridian,2e0eb052-bb28-45b1-894f-8dc0851c56cc,SAMMS-Meridian
202608200219258912,202608200029239279,202608200029237018,85,3671,Bronze INV,br_ReAssessmentMentalHealth,TASK_COMPLETE,FAILED,ERROR,694,694,1,SaveReAssessmentMentalHealth Bronze ForEach failed,2026-08-20T00:29:28.539Z,2026-08-20T02:40:07.937Z,7839,2026-08-20T02:40:07.937Z,NC,North Charleston,2e0eb052-bb28-45b1-894f-8dc0851c56cc,SAMMS-NorthCharleston
202608200219258913,202608200029239280,202608200029237018,85,3672,Bronze INV,br_ReAssessmentMentalHealth,TASK_COMPLETE,FAILED,ERROR,0,0,1,SaveReAssessmentMentalHealth Bronze ForEach failed,2026-08-20T00:29:28.539Z,2026-08-20T02:40:07.937Z,7839,2026-08-20T02:40:07.937Z,NLR,N. Little Rock,2e0eb052-bb28-45b1-894f-8dc0851c56cc,SAMMS-NLROBOT
202608200219258914,202608200029239281,202608200029237018,85,3673,Bronze INV,br_ReAssessmentMentalHealth,TASK_COMPLETE,FAILED,ERROR,111,111,1,SaveReAssessmentMentalHealth Bronze ForEach failed,2026-08-20T00:29:28.539Z,2026-08-20T02:40:07.937Z,7839,2026-08-20T02:40:07.937Z,PH,Phoenix,2e0eb052-bb28-45b1-894f-8dc0851c56cc,SAMMS-Phoenix
202608200219259174,202608200029239355,202608200029237018,85,3963,Bronze INV,br_ReAssessmentPhysicalHealth,TASK_COMPLETE,FAILED,ERROR,0,0,1,SaveReAssessmentPhysicalHealth Bronze ForEach failed,2026-08-20T00:29:28.539Z,2026-08-20T02:40:07.937Z,7839,2026-08-20T02:40:07.937Z,B72,Mobile (OBOT),2e0eb052-bb28-45b1-894f-8dc0851c56cc,SAMMS-Mobile-OBOT
202608200219259175,202608200029239356,202608200029237018,85,3964,Bronze INV,br_ReAssessmentPhysicalHealth,TASK_COMPLETE,FAILED,ERROR,0,0,1,SaveReAssessmentPhysicalHealth Bronze ForEach failed,2026-08-20T00:29:28.539Z,2026-08-20T02:40:07.937Z,7839,2026-08-20T02:40:07.937Z,B73,Montgomery,2e0eb052-bb28-45b1-894f-8dc0851c56cc,SAMMS-Montgomery
202608200219259176,202608200029239357,202608200029237018,85,3965,Bronze INV,br_ReAssessmentPhysicalHealth,TASK_COMPLETE,FAILED,ERROR,517,517,1,SaveReAssessmentPhysicalHealth Bronze ForEach failed,2026-08-20T00:29:28.539Z,2026-08-20T02:40:07.937Z,7839,2026-08-20T02:40:07.937Z,B75,Lawrence,2e0eb052-bb28-45b1-894f-8dc0851c56cc,SAMMS-LawrenceV6
202608200219259178,202608200029239358,202608200029237018,85,3966,Bronze INV,br_ReAssessmentPhysicalHealth,TASK_COMPLETE,FAILED,ERROR,0,0,1,SaveReAssessmentPhysicalHealth Bronze ForEach failed,2026-08-20T00:29:28.539Z,2026-08-20T02:40:07.937Z,7839,2026-08-20T02:40:07.937Z,B76,Huntsville OBOT,2e0eb052-bb28-45b1-894f-8dc0851c56cc,SAMMS-Huntsville-OBOT
202608200219259179,202608200029239359,202608200029237018,85,3967,Bronze INV,br_ReAssessmentPhysicalHealth,TASK_COMPLETE,FAILED,ERROR,0,0,1,SaveReAssessmentPhysicalHealth Bronze ForEach failed,2026-08-20T00:29:28.539Z,2026-08-20T02:40:07.937Z,7839,2026-08-20T02:40:07.937Z,BAT,Batesville,2e0eb052-bb28-45b1-894f-8dc0851c56cc,SAMMS-Batesville
202608200219259180,202608200029239360,202608200029237018,85,3968,Bronze INV,br_ReAssessmentPhysicalHealth,TASK_COMPLETE,FAILED,ERROR,461,461,1,SaveReAssessmentPhysicalHealth Bronze ForEach failed,2026-08-20T00:29:28.539Z,2026-08-20T02:40:07.937Z,7839,2026-08-20T02:40:07.937Z,BG,Bowling Green,2e0eb052-bb28-45b1-894f-8dc0851c56cc,SAMMS-BowlingGreen
202608200219259181,202608200029239361,202608200029237018,85,3969,Bronze INV,br_ReAssessmentPhysicalHealth,TASK_COMPLETE,FAILED,ERROR,179,179,1,SaveReAssessmentPhysicalHealth Bronze ForEach failed,2026-08-20T00:29:28.539Z,2026-08-20T02:40:07.937Z,7839,2026-08-20T02:40:07.937Z,BOI,Boise,2e0eb052-bb28-45b1-894f-8dc0851c56cc,SAMMS-Boise
202608200219259182,202608200029239362,202608200029237018,85,3976,Bronze INV,br_ReAssessmentPhysicalHealth,TASK_COMPLETE,FAILED,ERROR,51,51,1,SaveReAssessmentPhysicalHealth Bronze ForEach failed,2026-08-20T00:29:28.539Z,2026-08-20T02:40:07.937Z,7839,2026-08-20T02:40:07.937Z,CBCO,Coeur dAlene,2e0eb052-bb28-45b1-894f-8dc0851c56cc,SAMMS-CoeurdAleneV6
202608200219259184,202608200029239363,202608200029237018,85,3995,Bronze INV,br_ReAssessmentPhysicalHealth,TASK_COMPLETE,FAILED,ERROR,0,0,1,SaveReAssessmentPhysicalHealth Bronze ForEach failed,2026-08-20T00:29:28.539Z,2026-08-20T02:40:07.937Z,7839,2026-08-20T02:40:07.937Z,CON,Conway,2e0eb052-bb28-45b1-894f-8dc0851c56cc,SAMMS-Conway
202608200219259185,202608200029239364,202608200029237018,85,3996,Bronze INV,br_ReAssessmentPhysicalHealth,TASK_COMPLETE,FAILED,ERROR,2590,2590,1,SaveReAssessmentPhysicalHealth Bronze ForEach failed,2026-08-20T00:29:28.539Z,2026-08-20T02:40:07.937Z,7839,2026-08-20T02:40:07.937Z,D07,Medical Services Knox TN,2e0eb052-bb28-45b1-894f-8dc0851c56cc,SAMMS-KnoxvilleV6
202608200219259186,202608200029239365,202608200029237018,85,3997,Bronze INV,br_ReAssessmentPhysicalHealth,TASK_COMPLETE,FAILED,ERROR,116,116,1,SaveReAssessmentPhysicalHealth Bronze ForEach failed,2026-08-20T00:29:28.539Z,2026-08-20T02:40:07.937Z,7839,2026-08-20T02:40:07.937Z,D08,Madison,2e0eb052-bb28-45b1-894f-8dc0851c56cc,SAMMS-MadisonV6
202608200219259187,202608200029239366,202608200029237018,85,3999,Bronze INV,br_ReAssessmentPhysicalHealth,TASK_COMPLETE,FAILED,ERROR,123,123,1,SaveReAssessmentPhysicalHealth Bronze ForEach failed,2026-08-20T00:29:28.539Z,2026-08-20T02:40:07.937Z,7839,2026-08-20T02:40:07.937Z,D09,Murfreesboro,2e0eb052-bb28-45b1-894f-8dc0851c56cc,SAMMS-MurfreesboroV6
202608200219259188,202608200029239367,202608200029237018,85,4000,Bronze INV,br_ReAssessmentPhysicalHealth,TASK_COMPLETE,FAILED,ERROR,337,337,1,SaveReAssessmentPhysicalHealth Bronze ForEach failed,2026-08-20T00:29:28.539Z,2026-08-20T02:40:07.937Z,7839,2026-08-20T02:40:07.937Z,DA,Davenport,2e0eb052-bb28-45b1-894f-8dc0851c56cc,SAMMS-Davenport
202608200219259189,202608200029239368,202608200029237018,85,4001,Bronze INV,br_ReAssessmentPhysicalHealth,TASK_COMPLETE,FAILED,ERROR,292,292,1,SaveReAssessmentPhysicalHealth Bronze ForEach failed,2026-08-20T00:29:28.539Z,2026-08-20T02:40:07.937Z,7839,2026-08-20T02:40:07.937Z,DM,Des Moines,2e0eb052-bb28-45b1-894f-8dc0851c56cc,SAMMS-DesMoines
202608200219259190,202608200029239369,202608200029237018,85,4003,Bronze INV,br_ReAssessmentPhysicalHealth,TASK_COMPLETE,FAILED,ERROR,530,530,1,SaveReAssessmentPhysicalHealth Bronze ForEach failed,2026-08-20T00:29:28.539Z,2026-08-20T02:40:07.937Z,7839,2026-08-20T02:40:07.937Z,DRD-CO,Columbia MO,2e0eb052-bb28-45b1-894f-8dc0851c56cc,SAMMS-ColumbiaV5
202608200219259191,202608200029239370,202608200029237018,85,4004,Bronze INV,br_ReAssessmentPhysicalHealth,TASK_COMPLETE,FAILED,ERROR,347,347,1,SaveReAssessmentPhysicalHealth Bronze ForEach failed,2026-08-20T00:29:28.539Z,2026-08-20T02:40:07.937Z,7839,2026-08-20T02:40:07.937Z,DRD-KC,KC,2e0eb052-bb28-45b1-894f-8dc0851c56cc,SAMMS-KCv5
202608200219259192,202608200029239371,202608200029237018,85,4005,Bronze INV,br_ReAssessmentPhysicalHealth,TASK_COMPLETE,FAILED,ERROR,1556,1556,1,SaveReAssessmentPhysicalHealth Bronze ForEach failed,2026-08-20T00:29:28.539Z,2026-08-20T02:40:07.937Z,7839,2026-08-20T02:40:07.937Z,DRD-KVB,KVB,2e0eb052-bb28-45b1-894f-8dc0851c56cc,SAMMS-KVBv5
202608200219259194,202608200029239372,202608200029237018,85,4006,Bronze INV,br_ReAssessmentPhysicalHealth,TASK_COMPLETE,FAILED,ERROR,1676,1676,1,SaveReAssessmentPhysicalHealth Bronze ForEach failed,2026-08-20T00:29:28.539Z,2026-08-20T02:40:07.937Z,7839,2026-08-20T02:40:07.937Z,DRD-KVC,KVC,2e0eb052-bb28-45b1-894f-8dc0851c56cc,SAMMS-KVCv5
202608200219259195,202608200029239373,202608200029237018,85,4007,Bronze INV,br_ReAssessmentPhysicalHealth,TASK_COMPLETE,FAILED,ERROR,3205,3205,1,SaveReAssessmentPhysicalHealth Bronze ForEach failed,2026-08-20T00:29:28.539Z,2026-08-20T02:40:07.937Z,7839,2026-08-20T02:40:07.937Z,DRD-NOLA,NOLA,2e0eb052-bb28-45b1-894f-8dc0851c56cc,SAMMS-NOLAv5
202608200219259196,202608200029239374,202608200029237018,85,4008,Bronze INV,br_ReAssessmentPhysicalHealth,TASK_COMPLETE,FAILED,ERROR,802,802,1,SaveReAssessmentPhysicalHealth Bronze ForEach failed,2026-08-20T00:29:28.539Z,2026-08-20T02:40:07.937Z,7839,2026-08-20T02:40:07.937Z,DRD-SF,Springfield,2e0eb052-bb28-45b1-894f-8dc0851c56cc,SAMMS-SFv5
202608200219259197,202608200029239375,202608200029237018,85,4010,Bronze INV,br_ReAssessmentPhysicalHealth,TASK_COMPLETE,FAILED,ERROR,261,261,1,SaveReAssessmentPhysicalHealth Bronze ForEach failed,2026-08-20T00:29:28.539Z,2026-08-20T02:40:07.937Z,7839,2026-08-20T02:40:07.937Z,ELC,Elizabeth City,2e0eb052-bb28-45b1-894f-8dc0851c56cc,SAMMS-ElizabethCity
202608200219259198,202608200029239376,202608200029237018,85,4011,Bronze INV,br_ReAssessmentPhysicalHealth,TASK_COMPLETE,FAILED,ERROR,128,128,1,SaveReAssessmentPhysicalHealth Bronze ForEach failed,2026-08-20T00:29:28.539Z,2026-08-20T02:40:07.937Z,7839,2026-08-20T02:40:07.937Z,ET,Elizabethtown,2e0eb052-bb28-45b1-894f-8dc0851c56cc,SAMMS-Elizabethtown
202608200219259199,202608200029239377,202608200029237018,85,4012,Bronze INV,br_ReAssessmentPhysicalHealth,TASK_COMPLETE,FAILED,ERROR,0,0,1,SaveReAssessmentPhysicalHealth Bronze ForEach failed,2026-08-20T00:29:28.539Z,2026-08-20T02:40:07.937Z,7839,2026-08-20T02:40:07.937Z,FAY,Fayetteville,2e0eb052-bb28-45b1-894f-8dc0851c56cc,SAMMS-Fayetteville
202608200219259200,202608200029239378,202608200029237018,85,4013,Bronze INV,br_ReAssessmentPhysicalHealth,TASK_COMPLETE,FAILED,ERROR,156,156,1,SaveReAssessmentPhysicalHealth Bronze ForEach failed,2026-08-20T00:29:28.539Z,2026-08-20T02:40:07.937Z,7839,2026-08-20T02:40:07.937Z,FR,Frankfort,2e0eb052-bb28-45b1-894f-8dc0851c56cc,SAMMS-Frankfort
202608200219259202,202608200029239379,202608200029237018,85,4014,Bronze INV,br_ReAssessmentPhysicalHealth,TASK_COMPLETE,FAILED,ERROR,0,0,1,SaveReAssessmentPhysicalHealth Bronze ForEach failed,2026-08-20T00:29:28.539Z,2026-08-20T02:40:07.937Z,7839,2026-08-20T02:40:07.937Z,FS,Fort Smith,2e0eb052-bb28-45b1-894f-8dc0851c56cc,SAMMS-FortSmith
202608200219259203,202608200029239380,202608200029237018,85,4015,Bronze INV,br_ReAssessmentPhysicalHealth,TASK_COMPLETE,FAILED,ERROR,471,471,1,SaveReAssessmentPhysicalHealth Bronze ForEach failed,2026-08-20T00:29:28.539Z,2026-08-20T02:40:07.937Z,7839,2026-08-20T02:40:07.937Z,FW,Fort Wayne,2e0eb052-bb28-45b1-894f-8dc0851c56cc,SAMMS-FortWayne
202608200219259204,202608200029239381,202608200029237018,85,4016,Bronze INV,br_ReAssessmentPhysicalHealth,TASK_COMPLETE,FAILED,ERROR,276,276,1,SaveReAssessmentPhysicalHealth Bronze ForEach failed,2026-08-20T00:29:28.539Z,2026-08-20T02:40:07.937Z,7839,2026-08-20T02:40:07.937Z,GAL,Gaylord,2e0eb052-bb28-45b1-894f-8dc0851c56cc,SAMMS-Gaylord
202608200219259205,202608200029239382,202608200029237018,85,4020,Bronze INV,br_ReAssessmentPhysicalHealth,TASK_COMPLETE,FAILED,ERROR,100,100,1,SaveReAssessmentPhysicalHealth Bronze ForEach failed,2026-08-20T00:29:28.539Z,2026-08-20T02:40:07.937Z,7839,2026-08-20T02:40:07.937Z,HGT,Hagerstown,2e0eb052-bb28-45b1-894f-8dc0851c56cc,SAMMS-Hagerstown
202608200219259206,202608200029239383,202608200029237018,85,4021,Bronze INV,br_ReAssessmentPhysicalHealth,TASK_COMPLETE,FAILED,ERROR,1727,1727,1,SaveReAssessmentPhysicalHealth Bronze ForEach failed,2026-08-20T00:29:28.539Z,2026-08-20T02:40:07.937Z,7839,2026-08-20T02:40:07.937Z,HNT,Huntsville,2e0eb052-bb28-45b1-894f-8dc0851c56cc,SAMMS-Huntsville
202608200219259207,202608200029239384,202608200029237018,85,4022,Bronze INV,br_ReAssessmentPhysicalHealth,TASK_COMPLETE,FAILED,ERROR,0,0,1,SaveReAssessmentPhysicalHealth Bronze ForEach failed,2026-08-20T00:29:28.539Z,2026-08-20T02:40:07.937Z,7839,2026-08-20T02:40:07.937Z,HS,Hot Springs,2e0eb052-bb28-45b1-894f-8dc0851c56cc,SAMMS-HotSprings
202608200219259208,202608200029239385,202608200029237018,85,4023,Bronze INV,br_ReAssessmentPhysicalHealth,TASK_COMPLETE,FAILED,ERROR,0,0,1,SaveReAssessmentPhysicalHealth Bronze ForEach failed,2026-08-20T00:29:28.539Z,2026-08-20T02:40:07.937Z,7839,2026-08-20T02:40:07.937Z,JON,Jonesboro,2e0eb052-bb28-45b1-894f-8dc0851c56cc,SAMMS-Jonesboro
202608200219259210,202608200029239386,202608200029237018,85,4025,Bronze INV,br_ReAssessmentPhysicalHealth,TASK_COMPLETE,FAILED,ERROR,448,448,1,SaveReAssessmentPhysicalHealth Bronze ForEach failed,2026-08-20T00:29:28.539Z,2026-08-20T02:40:07.937Z,7839,2026-08-20T02:40:07.937Z,LAN,Lansing,2e0eb052-bb28-45b1-894f-8dc0851c56cc,SAMMS-Lansing
202608200219259211,202608200029239387,202608200029237018,85,4026,Bronze INV,br_ReAssessmentPhysicalHealth,TASK_COMPLETE,FAILED,ERROR,1290,1290,1,SaveReAssessmentPhysicalHealth Bronze ForEach failed,2026-08-20T00:29:28.539Z,2026-08-20T02:40:07.937Z,7839,2026-08-20T02:40:07.937Z,LO,Louisville,2e0eb052-bb28-45b1-894f-8dc0851c56cc,SAMMS-Louisville
202608200219259212,202608200029239388,202608200029237018,85,4027,Bronze INV,br_ReAssessmentPhysicalHealth,TASK_COMPLETE,FAILED,ERROR,292,292,1,SaveReAssessmentPhysicalHealth Bronze ForEach failed,2026-08-20T00:29:28.539Z,2026-08-20T02:40:07.937Z,7839,2026-08-20T02:40:07.937Z,LV1,Cheyenne,2e0eb052-bb28-45b1-894f-8dc0851c56cc,SAMMS-Cheyenne
202608200219259213,202608200029239389,202608200029237018,85,4028,Bronze INV,br_ReAssessmentPhysicalHealth,TASK_COMPLETE,FAILED,ERROR,205,205,1,SaveReAssessmentPhysicalHealth Bronze ForEach failed,2026-08-20T00:29:28.539Z,2026-08-20T02:40:07.937Z,7839,2026-08-20T02:40:07.937Z,LV2,Desert Inn,2e0eb052-bb28-45b1-894f-8dc0851c56cc,SAMMS-DesertInn
202608200219259214,202608200029239390,202608200029237018,85,4029,Bronze INV,br_ReAssessmentPhysicalHealth,TASK_COMPLETE,FAILED,ERROR,110,110,1,SaveReAssessmentPhysicalHealth Bronze ForEach failed,2026-08-20T00:29:28.539Z,2026-08-20T02:40:07.937Z,7839,2026-08-20T02:40:07.937Z,LV3,McDaniel,2e0eb052-bb28-45b1-894f-8dc0851c56cc,SAMMS-McDaniel
202608200219259215,202608200029239391,202608200029237018,85,4032,Bronze INV,br_ReAssessmentPhysicalHealth,TASK_COMPLETE,FAILED,ERROR,358,358,1,SaveReAssessmentPhysicalHealth Bronze ForEach failed,2026-08-20T00:29:28.539Z,2026-08-20T02:40:07.937Z,7839,2026-08-20T02:40:07.937Z,MNRE,Monroe,2e0eb052-bb28-45b1-894f-8dc0851c56cc,SAMMS-Monroe
202608200219259216,202608200029239392,202608200029237018,85,4033,Bronze INV,br_ReAssessmentPhysicalHealth,TASK_COMPLETE,FAILED,ERROR,1427,1427,1,SaveReAssessmentPhysicalHealth Bronze ForEach failed,2026-08-20T00:29:28.539Z,2026-08-20T02:40:07.937Z,7839,2026-08-20T02:40:07.937Z,MP,Mt. Pleasant,2e0eb052-bb28-45b1-894f-8dc0851c56cc,SAMMS-MtPleasant
202608200219259023,202608200029238897,202608200029237018,85,3781,Bronze INV,br_ReAssessmentOccupational,TASK_COMPLETE,FAILED,ERROR,515,515,1,SaveReAssessmentOccupational Bronze ForEach failed,2026-08-20T00:29:28.539Z,2026-08-20T02:40:07.937Z,7839,2026-08-20T02:40:07.937Z,B75,Lawrence,2e0eb052-bb28-45b1-894f-8dc0851c56cc,SAMMS-LawrenceV6
202608200219259024,202608200029238898,202608200029237018,85,3782,Bronze INV,br_ReAssessmentOccupational,TASK_COMPLETE,FAILED,ERROR,0,0,1,SaveReAssessmentOccupational Bronze ForEach failed,2026-08-20T00:29:28.539Z,2026-08-20T02:40:07.937Z,7839,2026-08-20T02:40:07.937Z,B76,Huntsville OBOT,2e0eb052-bb28-45b1-894f-8dc0851c56cc,SAMMS-Huntsville-OBOT
202608200219259026,202608200029238899,202608200029237018,85,3783,Bronze INV,br_ReAssessmentOccupational,TASK_COMPLETE,FAILED,ERROR,0,0,1,SaveReAssessmentOccupational Bronze ForEach failed,2026-08-20T00:29:28.539Z,2026-08-20T02:40:07.937Z,7839,2026-08-20T02:40:07.937Z,BAT,Batesville,2e0eb052-bb28-45b1-894f-8dc0851c56cc,SAMMS-Batesville
202608200219259027,202608200029238900,202608200029237018,85,3784,Bronze INV,br_ReAssessmentOccupational,TASK_COMPLETE,FAILED,ERROR,460,460,1,SaveReAssessmentOccupational Bronze ForEach failed,2026-08-20T00:29:28.539Z,2026-08-20T02:40:07.937Z,7839,2026-08-20T02:40:07.937Z,BG,Bowling Green,2e0eb052-bb28-45b1-894f-8dc0851c56cc,SAMMS-BowlingGreen
202608200219259028,202608200029238901,202608200029237018,85,3785,Bronze INV,br_ReAssessmentOccupational,TASK_COMPLETE,FAILED,ERROR,180,180,1,SaveReAssessmentOccupational Bronze ForEach failed,2026-08-20T00:29:28.539Z,2026-08-20T02:40:07.937Z,7839,2026-08-20T02:40:07.937Z,BOI,Boise,2e0eb052-bb28-45b1-894f-8dc0851c56cc,SAMMS-Boise
202608200219259029,202608200029238902,202608200029237018,85,3792,Bronze INV,br_ReAssessmentOccupational,TASK_COMPLETE,FAILED,ERROR,51,51,1,SaveReAssessmentOccupational Bronze ForEach failed,2026-08-20T00:29:28.539Z,2026-08-20T02:40:07.937Z,7839,2026-08-20T02:40:07.937Z,CBCO,Coeur dAlene,2e0eb052-bb28-45b1-894f-8dc0851c56cc,SAMMS-CoeurdAleneV6
202608200219259030,202608200029238903,202608200029237018,85,3811,Bronze INV,br_ReAssessmentOccupational,TASK_COMPLETE,FAILED,ERROR,0,0,1,SaveReAssessmentOccupational Bronze ForEach failed,2026-08-20T00:29:28.539Z,2026-08-20T02:40:07.937Z,7839,2026-08-20T02:40:07.937Z,CON,Conway,2e0eb052-bb28-45b1-894f-8dc0851c56cc,SAMMS-Conway
202608200219259032,202608200029238904,202608200029237018,85,3812,Bronze INV,br_ReAssessmentOccupational,TASK_COMPLETE,FAILED,ERROR,2573,2573,1,SaveReAssessmentOccupational Bronze ForEach failed,2026-08-20T00:29:28.539Z,2026-08-20T02:40:07.937Z,7839,2026-08-20T02:40:07.937Z,D07,Medical Services Knox TN,2e0eb052-bb28-45b1-894f-8dc0851c56cc,SAMMS-KnoxvilleV6
202608200219259033,202608200029238905,202608200029237018,85,3813,Bronze INV,br_ReAssessmentOccupational,TASK_COMPLETE,FAILED,ERROR,111,111,1,SaveReAssessmentOccupational Bronze ForEach failed,2026-08-20T00:29:28.539Z,2026-08-20T02:40:07.937Z,7839,2026-08-20T02:40:07.937Z,D08,Madison,2e0eb052-bb28-45b1-894f-8dc0851c56cc,SAMMS-MadisonV6
202608200219259034,202608200029238906,202608200029237018,85,3815,Bronze INV,br_ReAssessmentOccupational,TASK_COMPLETE,FAILED,ERROR,120,120,1,SaveReAssessmentOccupational Bronze ForEach failed,2026-08-20T00:29:28.539Z,2026-08-20T02:40:07.937Z,7839,2026-08-20T02:40:07.937Z,D09,Murfreesboro,2e0eb052-bb28-45b1-894f-8dc0851c56cc,SAMMS-MurfreesboroV6
202608200219259035,202608200029238907,202608200029237018,85,3816,Bronze INV,br_ReAssessmentOccupational,TASK_COMPLETE,FAILED,ERROR,336,336,1,SaveReAssessmentOccupational Bronze ForEach failed,2026-08-20T00:29:28.539Z,2026-08-20T02:40:07.937Z,7839,2026-08-20T02:40:07.937Z,DA,Davenport,2e0eb052-bb28-45b1-894f-8dc0851c56cc,SAMMS-Davenport
202608200219259036,202608200029238908,202608200029237018,85,3817,Bronze INV,br_ReAssessmentOccupational,TASK_COMPLETE,FAILED,ERROR,287,287,1,SaveReAssessmentOccupational Bronze ForEach failed,2026-08-20T00:29:28.539Z,2026-08-20T02:40:07.937Z,7839,2026-08-20T02:40:07.937Z,DM,Des Moines,2e0eb052-bb28-45b1-894f-8dc0851c56cc,SAMMS-DesMoines
202608200219259037,202608200029238909,202608200029237018,85,3819,Bronze INV,br_ReAssessmentOccupational,TASK_COMPLETE,FAILED,ERROR,530,530,1,SaveReAssessmentOccupational Bronze ForEach failed,2026-08-20T00:29:28.539Z,2026-08-20T02:40:07.937Z,7839,2026-08-20T02:40:07.937Z,DRD-CO,Columbia MO,2e0eb052-bb28-45b1-894f-8dc0851c56cc,SAMMS-ColumbiaV5
202608200219259038,202608200029238910,202608200029237018,85,3820,Bronze INV,br_ReAssessmentOccupational,TASK_COMPLETE,FAILED,ERROR,347,347,1,SaveReAssessmentOccupational Bronze ForEach failed,2026-08-20T00:29:28.539Z,2026-08-20T02:40:07.937Z,7839,2026-08-20T02:40:07.937Z,DRD-KC,KC,2e0eb052-bb28-45b1-894f-8dc0851c56cc,SAMMS-KCv5
202608200219259039,202608200029238911,202608200029237018,85,3821,Bronze INV,br_ReAssessmentOccupational,TASK_COMPLETE,FAILED,ERROR,1550,1550,1,SaveReAssessmentOccupational Bronze ForEach failed,2026-08-20T00:29:28.539Z,2026-08-20T02:40:07.937Z,7839,2026-08-20T02:40:07.937Z,DRD-KVB,KVB,2e0eb052-bb28-45b1-894f-8dc0851c56cc,SAMMS-KVBv5
202608200219259041,202608200029238912,202608200029237018,85,3822,Bronze INV,br_ReAssessmentOccupational,TASK_COMPLETE,FAILED,ERROR,1672,1672,1,SaveReAssessmentOccupational Bronze ForEach failed,2026-08-20T00:29:28.539Z,2026-08-20T02:40:07.937Z,7839,2026-08-20T02:40:07.937Z,DRD-KVC,KVC,2e0eb052-bb28-45b1-894f-8dc0851c56cc,SAMMS-KVCv5
202608200219259042,202608200029238913,202608200029237018,85,3823,Bronze INV,br_ReAssessmentOccupational,TASK_COMPLETE,FAILED,ERROR,3204,3204,1,SaveReAssessmentOccupational Bronze ForEach failed,2026-08-20T00:29:28.539Z,2026-08-20T02:40:07.937Z,7839,2026-08-20T02:40:07.937Z,DRD-NOLA,NOLA,2e0eb052-bb28-45b1-894f-8dc0851c56cc,SAMMS-NOLAv5
202608200219259043,202608200029238914,202608200029237018,85,3824,Bronze INV,br_ReAssessmentOccupational,TASK_COMPLETE,FAILED,ERROR,801,801,1,SaveReAssessmentOccupational Bronze ForEach failed,2026-08-20T00:29:28.539Z,2026-08-20T02:40:07.937Z,7839,2026-08-20T02:40:07.937Z,DRD-SF,Springfield,2e0eb052-bb28-45b1-894f-8dc0851c56cc,SAMMS-SFv5
202608200219259044,202608200029238915,202608200029237018,85,3826,Bronze INV,br_ReAssessmentOccupational,TASK_COMPLETE,FAILED,ERROR,260,260,1,SaveReAssessmentOccupational Bronze ForEach failed,2026-08-20T00:29:28.539Z,2026-08-20T02:40:07.937Z,7839,2026-08-20T02:40:07.937Z,ELC,Elizabeth City,2e0eb052-bb28-45b1-894f-8dc0851c56cc,SAMMS-ElizabethCity
202608200219259045,202608200029238916,202608200029237018,85,3827,Bronze INV,br_ReAssessmentOccupational,TASK_COMPLETE,FAILED,ERROR,128,128,1,SaveReAssessmentOccupational Bronze ForEach failed,2026-08-20T00:29:28.539Z,2026-08-20T02:40:07.937Z,7839,2026-08-20T02:40:07.937Z,ET,Elizabethtown,2e0eb052-bb28-45b1-894f-8dc0851c56cc,SAMMS-Elizabethtown
202608200219259046,202608200029238917,202608200029237018,85,3828,Bronze INV,br_ReAssessmentOccupational,TASK_COMPLETE,FAILED,ERROR,0,0,1,SaveReAssessmentOccupational Bronze ForEach failed,2026-08-20T00:29:28.539Z,2026-08-20T02:40:07.937Z,7839,2026-08-20T02:40:07.937Z,FAY,Fayetteville,2e0eb052-bb28-45b1-894f-8dc0851c56cc,SAMMS-Fayetteville
202608200219259047,202608200029238918,202608200029237018,85,3829,Bronze INV,br_ReAssessmentOccupational,TASK_COMPLETE,FAILED,ERROR,156,156,1,SaveReAssessmentOccupational Bronze ForEach failed,2026-08-20T00:29:28.539Z,2026-08-20T02:40:07.937Z,7839,2026-08-20T02:40:07.937Z,FR,Frankfort,2e0eb052-bb28-45b1-894f-8dc0851c56cc,SAMMS-Frankfort
202608200219259048,202608200029238919,202608200029237018,85,3830,Bronze INV,br_ReAssessmentOccupational,TASK_COMPLETE,FAILED,ERROR,0,0,1,SaveReAssessmentOccupational Bronze ForEach failed,2026-08-20T00:29:28.539Z,2026-08-20T02:40:07.937Z,7839,2026-08-20T02:40:07.937Z,FS,Fort Smith,2e0eb052-bb28-45b1-894f-8dc0851c56cc,SAMMS-FortSmith
202608200219259049,202608200029238920,202608200029237018,85,3831,Bronze INV,br_ReAssessmentOccupational,TASK_COMPLETE,FAILED,ERROR,467,467,1,SaveReAssessmentOccupational Bronze ForEach failed,2026-08-20T00:29:28.539Z,2026-08-20T02:40:07.937Z,7839,2026-08-20T02:40:07.937Z,FW,Fort Wayne,2e0eb052-bb28-45b1-894f-8dc0851c56cc,SAMMS-FortWayne
202608200219259051,202608200029238921,202608200029237018,85,3832,Bronze INV,br_ReAssessmentOccupational,TASK_COMPLETE,FAILED,ERROR,275,275,1,SaveReAssessmentOccupational Bronze ForEach failed,2026-08-20T00:29:28.539Z,2026-08-20T02:40:07.937Z,7839,2026-08-20T02:40:07.937Z,GAL,Gaylord,2e0eb052-bb28-45b1-894f-8dc0851c56cc,SAMMS-Gaylord
202608200219259052,202608200029238922,202608200029237018,85,3836,Bronze INV,br_ReAssessmentOccupational,TASK_COMPLETE,FAILED,ERROR,100,100,1,SaveReAssessmentOccupational Bronze ForEach failed,2026-08-20T00:29:28.539Z,2026-08-20T02:40:07.937Z,7839,2026-08-20T02:40:07.937Z,HGT,Hagerstown,2e0eb052-bb28-45b1-894f-8dc0851c56cc,SAMMS-Hagerstown
202608200219259053,202608200029238923,202608200029237018,85,3837,Bronze INV,br_ReAssessmentOccupational,TASK_COMPLETE,FAILED,ERROR,1723,1723,1,SaveReAssessmentOccupational Bronze ForEach failed,2026-08-20T00:29:28.539Z,2026-08-20T02:40:07.937Z,7839,2026-08-20T02:40:07.937Z,HNT,Huntsville,2e0eb052-bb28-45b1-894f-8dc0851c56cc,SAMMS-Huntsville
202608200219259054,202608200029238924,202608200029237018,85,3838,Bronze INV,br_ReAssessmentOccupational,TASK_COMPLETE,FAILED,ERROR,0,0,1,SaveReAssessmentOccupational Bronze ForEach failed,2026-08-20T00:29:28.539Z,2026-08-20T02:40:07.937Z,7839,2026-08-20T02:40:07.937Z,HS,Hot Springs,2e0eb052-bb28-45b1-894f-8dc0851c56cc,SAMMS-HotSprings
202608200219259055,202608200029238925,202608200029237018,85,3839,Bronze INV,br_ReAssessmentOccupational,TASK_COMPLETE,FAILED,ERROR,0,0,1,SaveReAssessmentOccupational Bronze ForEach failed,2026-08-20T00:29:28.539Z,2026-08-20T02:40:07.937Z,7839,2026-08-20T02:40:07.937Z,JON,Jonesboro,2e0eb052-bb28-45b1-894f-8dc0851c56cc,SAMMS-Jonesboro
202608200219259057,202608200029238926,202608200029237018,85,3841,Bronze INV,br_ReAssessmentOccupational,TASK_COMPLETE,FAILED,ERROR,446,446,1,SaveReAssessmentOccupational Bronze ForEach failed,2026-08-20T00:29:28.539Z,2026-08-20T02:40:07.937Z,7839,2026-08-20T02:40:07.937Z,LAN,Lansing,2e0eb052-bb28-45b1-894f-8dc0851c56cc,SAMMS-Lansing
202608200219259058,202608200029238927,202608200029237018,85,3842,Bronze INV,br_ReAssessmentOccupational,TASK_COMPLETE,FAILED,ERROR,1287,1287,1,SaveReAssessmentOccupational Bronze ForEach failed,2026-08-20T00:29:28.539Z,2026-08-20T02:40:07.937Z,7839,2026-08-20T02:40:07.937Z,LO,Louisville,2e0eb052-bb28-45b1-894f-8dc0851c56cc,SAMMS-Louisville
202608200219259059,202608200029238928,202608200029237018,85,3843,Bronze INV,br_ReAssessmentOccupational,TASK_COMPLETE,FAILED,ERROR,291,291,1,SaveReAssessmentOccupational Bronze ForEach failed,2026-08-20T00:29:28.539Z,2026-08-20T02:40:07.937Z,7839,2026-08-20T02:40:07.937Z,LV1,Cheyenne,2e0eb052-bb28-45b1-894f-8dc0851c56cc,SAMMS-Cheyenne
202608200219259060,202608200029238929,202608200029237018,85,3844,Bronze INV,br_ReAssessmentOccupational,TASK_COMPLETE,FAILED,ERROR,204,204,1,SaveReAssessmentOccupational Bronze ForEach failed,2026-08-20T00:29:28.539Z,2026-08-20T02:40:07.937Z,7839,2026-08-20T02:40:07.937Z,LV2,Desert Inn,2e0eb052-bb28-45b1-894f-8dc0851c56cc,SAMMS-DesertInn
202608200219259061,202608200029238930,202608200029237018,85,3845,Bronze INV,br_ReAssessmentOccupational,TASK_COMPLETE,FAILED,ERROR,110,110,1,SaveReAssessmentOccupational Bronze ForEach failed,2026-08-20T00:29:28.539Z,2026-08-20T02:40:07.937Z,7839,2026-08-20T02:40:07.937Z,LV3,McDaniel,2e0eb052-bb28-45b1-894f-8dc0851c56cc,SAMMS-McDaniel
202608200219259063,202608200029238931,202608200029237018,85,3848,Bronze INV,br_ReAssessmentOccupational,TASK_COMPLETE,FAILED,ERROR,358,358,1,SaveReAssessmentOccupational Bronze ForEach failed,2026-08-20T00:29:28.539Z,2026-08-20T02:40:07.937Z,7839,2026-08-20T02:40:07.937Z,MNRE,Monroe,2e0eb052-bb28-45b1-894f-8dc0851c56cc,SAMMS-Monroe
202608200219259064,202608200029238932,202608200029237018,85,3849,Bronze INV,br_ReAssessmentOccupational,TASK_COMPLETE,FAILED,ERROR,1423,1423,1,SaveReAssessmentOccupational Bronze ForEach failed,2026-08-20T00:29:28.539Z,2026-08-20T02:40:07.937Z,7839,2026-08-20T02:40:07.937Z,MP,Mt. Pleasant,2e0eb052-bb28-45b1-894f-8dc0851c56cc,SAMMS-MtPleasant
202608200219259065,202608200029238933,202608200029237018,85,3850,Bronze INV,br_ReAssessmentOccupational,TASK_COMPLETE,FAILED,ERROR,153,153,1,SaveReAssessmentOccupational Bronze ForEach failed,2026-08-20T00:29:28.539Z,2026-08-20T02:40:07.937Z,7839,2026-08-20T02:40:07.937Z,MRD,Meridian,2e0eb052-bb28-45b1-894f-8dc0851c56cc,SAMMS-Meridian
202608200219259066,202608200029238934,202608200029237018,85,3855,Bronze INV,br_ReAssessmentOccupational,TASK_COMPLETE,FAILED,ERROR,693,693,1,SaveReAssessmentOccupational Bronze ForEach failed,2026-08-20T00:29:28.539Z,2026-08-20T02:40:07.937Z,7839,2026-08-20T02:40:07.937Z,NC,North Charleston,2e0eb052-bb28-45b1-894f-8dc0851c56cc,SAMMS-NorthCharleston
202608200219256801,202608200029238119,202608200029237018,85,894,Bronze INV,br_AdmissionAssessmentDimensionOneDisorder,TASK_COMPLETE,FAILED,ERROR,0,0,1,SaveAdmissionAssessmentDimensionOneDisorder Bronze ForEach failed,2026-08-20T00:29:28.539Z,2026-08-20T02:40:07.937Z,7839,2026-08-20T02:40:07.937Z,HS,Hot Springs,2e0eb052-bb28-45b1-894f-8dc0851c56cc,SAMMS-HotSprings
202608200219256802,202608200029238120,202608200029237018,85,895,Bronze INV,br_AdmissionAssessmentDimensionOneDisorder,TASK_COMPLETE,FAILED,ERROR,0,0,1,SaveAdmissionAssessmentDimensionOneDisorder Bronze ForEach failed,2026-08-20T00:29:28.539Z,2026-08-20T02:40:07.937Z,7839,2026-08-20T02:40:07.937Z,JON,Jonesboro,2e0eb052-bb28-45b1-894f-8dc0851c56cc,SAMMS-Jonesboro
202608200219256803,202608200029238121,202608200029237018,85,897,Bronze INV,br_AdmissionAssessmentDimensionOneDisorder,TASK_COMPLETE,FAILED,ERROR,0,0,1,SaveAdmissionAssessmentDimensionOneDisorder Bronze ForEach failed,2026-08-20T00:29:28.539Z,2026-08-20T02:40:07.937Z,7839,2026-08-20T02:40:07.937Z,LAN,Lansing,2e0eb052-bb28-45b1-894f-8dc0851c56cc,SAMMS-Lansing
202608200219256804,202608200029238122,202608200029237018,85,898,Bronze INV,br_AdmissionAssessmentDimensionOneDisorder,TASK_COMPLETE,FAILED,ERROR,0,0,1,SaveAdmissionAssessmentDimensionOneDisorder Bronze ForEach failed,2026-08-20T00:29:28.539Z,2026-08-20T02:40:07.937Z,7839,2026-08-20T02:40:07.937Z,LO,Louisville,2e0eb052-bb28-45b1-894f-8dc0851c56cc,SAMMS-Louisville
202608200219256806,202608200029238123,202608200029237018,85,899,Bronze INV,br_AdmissionAssessmentDimensionOneDisorder,TASK_COMPLETE,FAILED,ERROR,0,0,1,SaveAdmissionAssessmentDimensionOneDisorder Bronze ForEach failed,2026-08-20T00:29:28.539Z,2026-08-20T02:40:07.937Z,7839,2026-08-20T02:40:07.937Z,LV1,Cheyenne,2e0eb052-bb28-45b1-894f-8dc0851c56cc,SAMMS-Cheyenne
202608200219256807,202608200029238124,202608200029237018,85,900,Bronze INV,br_AdmissionAssessmentDimensionOneDisorder,TASK_COMPLETE,FAILED,ERROR,0,0,1,SaveAdmissionAssessmentDimensionOneDisorder Bronze ForEach failed,2026-08-20T00:29:28.539Z,2026-08-20T02:40:07.937Z,7839,2026-08-20T02:40:07.937Z,LV2,Desert Inn,2e0eb052-bb28-45b1-894f-8dc0851c56cc,SAMMS-DesertInn
202608200219256808,202608200029238125,202608200029237018,85,901,Bronze INV,br_AdmissionAssessmentDimensionOneDisorder,TASK_COMPLETE,FAILED,ERROR,0,0,1,SaveAdmissionAssessmentDimensionOneDisorder Bronze ForEach failed,2026-08-20T00:29:28.539Z,2026-08-20T02:40:07.937Z,7839,2026-08-20T02:40:07.937Z,LV3,McDaniel,2e0eb052-bb28-45b1-894f-8dc0851c56cc,SAMMS-McDaniel
202608200219256809,202608200029238126,202608200029237018,85,904,Bronze INV,br_AdmissionAssessmentDimensionOneDisorder,TASK_COMPLETE,FAILED,ERROR,0,0,1,SaveAdmissionAssessmentDimensionOneDisorder Bronze ForEach failed,2026-08-20T00:29:28.539Z,2026-08-20T02:40:07.937Z,7839,2026-08-20T02:40:07.937Z,MNRE,Monroe,2e0eb052-bb28-45b1-894f-8dc0851c56cc,SAMMS-Monroe
202608200219256810,202608200029238127,202608200029237018,85,905,Bronze INV,br_AdmissionAssessmentDimensionOneDisorder,TASK_COMPLETE,FAILED,ERROR,0,0,1,SaveAdmissionAssessmentDimensionOneDisorder Bronze ForEach failed,2026-08-20T00:29:28.539Z,2026-08-20T02:40:07.937Z,7839,2026-08-20T02:40:07.937Z,MP,Mt. Pleasant,2e0eb052-bb28-45b1-894f-8dc0851c56cc,SAMMS-MtPleasant
202608200219256812,202608200029238128,202608200029237018,85,906,Bronze INV,br_AdmissionAssessmentDimensionOneDisorder,TASK_COMPLETE,FAILED,ERROR,0,0,1,SaveAdmissionAssessmentDimensionOneDisorder Bronze ForEach failed,2026-08-20T00:29:28.539Z,2026-08-20T02:40:07.937Z,7839,2026-08-20T02:40:07.937Z,MRD,Meridian,2e0eb052-bb28-45b1-894f-8dc0851c56cc,SAMMS-Meridian
202608200219256813,202608200029238129,202608200029237018,85,911,Bronze INV,br_AdmissionAssessmentDimensionOneDisorder,TASK_COMPLETE,FAILED,ERROR,0,0,1,SaveAdmissionAssessmentDimensionOneDisorder Bronze ForEach failed,2026-08-20T00:29:28.539Z,2026-08-20T02:40:07.937Z,7839,2026-08-20T02:40:07.937Z,NC,North Charleston,2e0eb052-bb28-45b1-894f-8dc0851c56cc,SAMMS-NorthCharleston
202608200219256814,202608200029238130,202608200029237018,85,912,Bronze INV,br_AdmissionAssessmentDimensionOneDisorder,TASK_COMPLETE,FAILED,ERROR,0,0,1,SaveAdmissionAssessmentDimensionOneDisorder Bronze ForEach failed,2026-08-20T00:29:28.539Z,2026-08-20T02:40:07.937Z,7839,2026-08-20T02:40:07.937Z,NLR,N. Little Rock,2e0eb052-bb28-45b1-894f-8dc0851c56cc,SAMMS-NLROBOT
202608200219256815,202608200029238131,202608200029237018,85,913,Bronze INV,br_AdmissionAssessmentDimensionOneDisorder,TASK_COMPLETE,FAILED,ERROR,0,0,1,SaveAdmissionAssessmentDimensionOneDisorder Bronze ForEach failed,2026-08-20T00:29:28.539Z,2026-08-20T02:40:07.937Z,7839,2026-08-20T02:40:07.937Z,PH,Phoenix,2e0eb052-bb28-45b1-894f-8dc0851c56cc,SAMMS-Phoenix
202608200219256816,202608200029238132,202608200029237018,85,917,Bronze INV,br_AdmissionAssessmentDimensionOneDisorder,TASK_COMPLETE,FAILED,ERROR,0,0,1,SaveAdmissionAssessmentDimensionOneDisorder Bronze ForEach failed,2026-08-20T00:29:28.539Z,2026-08-20T02:40:07.937Z,7839,2026-08-20T02:40:07.937Z,RE,Reno,2e0eb052-bb28-45b1-894f-8dc0851c56cc,SAMMS-Reno
202608200219256817,202608200029238133,202608200029237018,85,918,Bronze INV,br_AdmissionAssessmentDimensionOneDisorder,TASK_COMPLETE,FAILED,ERROR,0,0,1,SaveAdmissionAssessmentDimensionOneDisorder Bronze ForEach failed,2026-08-20T00:29:28.539Z,2026-08-20T02:40:07.937Z,7839,2026-08-20T02:40:07.937Z,RMD,Richmond,2e0eb052-bb28-45b1-894f-8dc0851c56cc,SAMMS-Richmond
202608200219256818,202608200029238134,202608200029237018,85,919,Bronze INV,br_AdmissionAssessmentDimensionOneDisorder,TASK_COMPLETE,FAILED,ERROR,0,0,1,SaveAdmissionAssessmentDimensionOneDisorder Bronze ForEach failed,2026-08-20T00:29:28.539Z,2026-08-20T02:40:07.937Z,7839,2026-08-20T02:40:07.937Z,SFN,Springfield North,2e0eb052-bb28-45b1-894f-8dc0851c56cc,SAMMS-SFNv5
202608200219256820,202608200029238135,202608200029237018,85,920,Bronze INV,br_AdmissionAssessmentDimensionOneDisorder,TASK_COMPLETE,FAILED,ERROR,0,0,1,SaveAdmissionAssessmentDimensionOneDisorder Bronze ForEach failed,2026-08-20T00:29:28.539Z,2026-08-20T02:40:07.937Z,7839,2026-08-20T02:40:07.937Z,SHP,Shreveport,2e0eb052-bb28-45b1-894f-8dc0851c56cc,SAMMS-Shreveport
202608200219256821,202608200029238136,202608200029237018,85,922,Bronze INV,br_AdmissionAssessmentDimensionOneDisorder,TASK_COMPLETE,FAILED,ERROR,0,0,1,SaveAdmissionAssessmentDimensionOneDisorder Bronze ForEach failed,2026-08-20T00:29:28.539Z,2026-08-20T02:40:07.937Z,7839,2026-08-20T02:40:07.937Z,STN,Staunton,2e0eb052-bb28-45b1-894f-8dc0851c56cc,SAMMS-Staunton
202608200219256822,202608200029238137,202608200029237018,85,923,Bronze INV,br_AdmissionAssessmentDimensionOneDisorder,TASK_COMPLETE,FAILED,ERROR,0,0,1,SaveAdmissionAssessmentDimensionOneDisorder Bronze ForEach failed,2026-08-20T00:29:28.539Z,2026-08-20T02:40:07.937Z,7839,2026-08-20T02:40:07.937Z,STVN,Stevenson,2e0eb052-bb28-45b1-894f-8dc0851c56cc,SAMMS-Stevenson
202608200219256823,202608200029238138,202608200029237018,85,925,Bronze INV,br_AdmissionAssessmentDimensionOneDisorder,TASK_COMPLETE,FAILED,ERROR,0,0,1,SaveAdmissionAssessmentDimensionOneDisorder Bronze ForEach failed,2026-08-20T00:29:28.539Z,2026-08-20T02:40:07.937Z,7839,2026-08-20T02:40:07.937Z,TE,Tempe,2e0eb052-bb28-45b1-894f-8dc0851c56cc,SAMMS-Tempe
202608200219256824,202608200029238139,202608200029237018,85,926,Bronze INV,br_AdmissionAssessmentDimensionOneDisorder,TASK_COMPLETE,FAILED,ERROR,0,0,1,SaveAdmissionAssessmentDimensionOneDisorder Bronze ForEach failed,2026-08-20T00:29:28.539Z,2026-08-20T02:40:07.937Z,7839,2026-08-20T02:40:07.937Z,TEX,Texarkana,2e0eb052-bb28-45b1-894f-8dc0851c56cc,SAMMS-Texarkana
202608200219256825,202608200029238140,202608200029237018,85,927,Bronze INV,br_AdmissionAssessmentDimensionOneDisorder,TASK_COMPLETE,FAILED,ERROR,0,0,1,SaveAdmissionAssessmentDimensionOneDisorder Bronze ForEach failed,2026-08-20T00:29:28.539Z,2026-08-20T02:40:07.937Z,7839,2026-08-20T02:40:07.937Z,TTCA,Bessemer,2e0eb052-bb28-45b1-894f-8dc0851c56cc,SAMMS-BessemerV5
202608200219256826,202608200029238141,202608200029237018,85,928,Bronze INV,br_AdmissionAssessmentDimensionOneDisorder,TASK_COMPLETE,FAILED,ERROR,0,0,1,SaveAdmissionAssessmentDimensionOneDisorder Bronze ForEach failed,2026-08-20T00:29:28.539Z,2026-08-20T02:40:07.937Z,7839,2026-08-20T02:40:07.937Z,TTCB,Cullman,2e0eb052-bb28-45b1-894f-8dc0851c56cc,SAMMS-CullmanV5
202608200219256827,202608200029238142,202608200029237018,85,929,Bronze INV,br_AdmissionAssessmentDimensionOneDisorder,TASK_COMPLETE,FAILED,ERROR,0,0,1,SaveAdmissionAssessmentDimensionOneDisorder Bronze ForEach failed,2026-08-20T00:29:28.539Z,2026-08-20T02:40:07.937Z,7839,2026-08-20T02:40:07.937Z,TTCC,Grand Bay,2e0eb052-bb28-45b1-894f-8dc0851c56cc,SAMMS-GrandBay
202608200219256828,202608200029238143,202608200029237018,85,930,Bronze INV,br_AdmissionAssessmentDimensionOneDisorder,TASK_COMPLETE,FAILED,ERROR,0,0,1,SaveAdmissionAssessmentDimensionOneDisorder Bronze ForEach failed,2026-08-20T00:29:28.539Z,2026-08-20T02:40:07.937Z,7839,2026-08-20T02:40:07.937Z,TU,Tucson,2e0eb052-bb28-45b1-894f-8dc0851c56cc,SAMMS-Tucson
202608200219256830,202608200029238144,202608200029237018,85,932,Bronze INV,br_AdmissionAssessmentDimensionOneDisorder,TASK_COMPLETE,FAILED,ERROR,0,0,1,SaveAdmissionAssessmentDimensionOneDisorder Bronze ForEach failed,2026-08-20T00:29:28.539Z,2026-08-20T02:40:07.937Z,7839,2026-08-20T02:40:07.937Z,V1,Memphis South,2e0eb052-bb28-45b1-894f-8dc0851c56cc,SAMMS-VCPHCS-I-MemphisV5
202608200219256831,202608200029238145,202608200029237018,85,933,Bronze INV,br_AdmissionAssessmentDimensionOneDisorder,TASK_COMPLETE,FAILED,ERROR,0,0,1,SaveAdmissionAssessmentDimensionOneDisorder Bronze ForEach failed,2026-08-20T00:29:28.539Z,2026-08-20T02:40:07.937Z,7839,2026-08-20T02:40:07.937Z,V10,Longmont,2e0eb052-bb28-45b1-894f-8dc0851c56cc,SAMMS-BoulderV5
202608200219256832,202608200029238146,202608200029237018,85,934,Bronze INV,br_AdmissionAssessmentDimensionOneDisorder,TASK_COMPLETE,FAILED,ERROR,0,0,1,SaveAdmissionAssessmentDimensionOneDisorder Bronze ForEach failed,2026-08-20T00:29:28.539Z,2026-08-20T02:40:07.937Z,7839,2026-08-20T02:40:07.937Z,V10A,Fort Collins,2e0eb052-bb28-45b1-894f-8dc0851c56cc,SAMMS-FortCollinsV5
202608200219256833,202608200029238147,202608200029237018,85,935,Bronze INV,br_AdmissionAssessmentDimensionOneDisorder,TASK_COMPLETE,FAILED,ERROR,0,0,1,SaveAdmissionAssessmentDimensionOneDisorder Bronze ForEach failed,2026-08-20T00:29:28.539Z,2026-08-20T02:40:07.937Z,7839,2026-08-20T02:40:07.937Z,V11,Westminster,2e0eb052-bb28-45b1-894f-8dc0851c56cc,SAMMS-VCPHCS-XI-NorthDenverV5
202608200219256834,202608200029238148,202608200029237018,85,936,Bronze INV,br_AdmissionAssessmentDimensionOneDisorder,TASK_COMPLETE,FAILED,ERROR,0,0,1,SaveAdmissionAssessmentDimensionOneDisorder Bronze ForEach failed,2026-08-20T00:29:28.539Z,2026-08-20T02:40:07.937Z,7839,2026-08-20T02:40:07.937Z,V12,Downtown Denver,2e0eb052-bb28-45b1-894f-8dc0851c56cc,SAMMS-VCPHCS-XII-DowntownDenverV5
202608200219256835,202608200029238149,202608200029237018,85,937,Bronze INV,br_AdmissionAssessmentDimensionOneDisorder,TASK_COMPLETE,FAILED,ERROR,0,0,1,SaveAdmissionAssessmentDimensionOneDisorder Bronze ForEach failed,2026-08-20T00:29:28.539Z,2026-08-20T02:40:07.937Z,7839,2026-08-20T02:40:07.937Z,V12A,Centennial,2e0eb052-bb28-45b1-894f-8dc0851c56cc,SAMMS-CentennialV5
202608200219256837,202608200029238150,202608200029237018,85,938,Bronze INV,br_AdmissionAssessmentDimensionOneDisorder,TASK_COMPLETE,FAILED,ERROR,0,0,1,SaveAdmissionAssessmentDimensionOneDisorder Bronze ForEach failed,2026-08-20T00:29:28.539Z,2026-08-20T02:40:07.937Z,7839,2026-08-20T02:40:07.937Z,V14,Overland Park,2e0eb052-bb28-45b1-894f-8dc0851c56cc,SAMMS-VCPHCS-XIV-BridgewayV5
202608200219256838,202608200029238151,202608200029237018,85,939,Bronze INV,br_AdmissionAssessmentDimensionOneDisorder,TASK_COMPLETE,FAILED,ERROR,0,0,1,SaveAdmissionAssessmentDimensionOneDisorder Bronze ForEach failed,2026-08-20T00:29:28.539Z,2026-08-20T02:40:07.937Z,7839,2026-08-20T02:40:07.937Z,V15,Joplin,2e0eb052-bb28-45b1-894f-8dc0851c56cc,SAMMS-JoplinV5
202608200219256839,202608200029238152,202608200029237018,85,941,Bronze INV,br_AdmissionAssessmentDimensionOneDisorder,TASK_COMPLETE,FAILED,ERROR,0,0,1,SaveAdmissionAssessmentDimensionOneDisorder Bronze ForEach failed,2026-08-20T00:29:28.539Z,2026-08-20T02:40:07.937Z,7839,2026-08-20T02:40:07.937Z,V17,Columbia TN,2e0eb052-bb28-45b1-894f-8dc0851c56cc,SAMMS-ColumbiaTNv5
202608200219256840,202608200029238153,202608200029237018,85,943,Bronze INV,br_AdmissionAssessmentDimensionOneDisorder,TASK_COMPLETE,FAILED,ERROR,0,0,1,SaveAdmissionAssessmentDimensionOneDisorder Bronze ForEach failed,2026-08-20T00:29:28.539Z,2026-08-20T02:40:07.937Z,7839,2026-08-20T02:40:07.937Z,V19,Jackson,2e0eb052-bb28-45b1-894f-8dc0851c56cc,SAMMS-JacksonV5
202608200219256841,202608200029238154,202608200029237018,85,945,Bronze INV,br_AdmissionAssessmentDimensionOneDisorder,TASK_COMPLETE,FAILED,ERROR,0,0,1,SaveAdmissionAssessmentDimensionOneDisorder Bronze ForEach failed,2026-08-20T00:29:28.539Z,2026-08-20T02:40:07.937Z,7839,2026-08-20T02:40:07.937Z,V20,Paris,2e0eb052-bb28-45b1-894f-8dc0851c56cc,SAMMS-ParisV5
202608200219256842,202608200029238155,202608200029237018,85,946,Bronze INV,br_AdmissionAssessmentDimensionOneDisorder,TASK_COMPLETE,FAILED,ERROR,0,0,1,SaveAdmissionAssessmentDimensionOneDisorder Bronze ForEach failed,2026-08-20T00:29:28.539Z,2026-08-20T02:40:07.937Z,7839,2026-08-20T02:40:07.937Z,V21,Memphis North,2e0eb052-bb28-45b1-894f-8dc0851c56cc,SAMMS-RaleighV5
202608200219256843,202608200029238156,202608200029237018,85,949,Bronze INV,br_AdmissionAssessmentDimensionOneDisorder,TASK_COMPLETE,FAILED,ERROR,0,0,1,SaveAdmissionAssessmentDimensionOneDisorder Bronze ForEach failed,2026-08-20T00:29:28.539Z,2026-08-20T02:40:07.937Z,7839,2026-08-20T02:40:07.937Z,V5,West Bank,2e0eb052-bb28-45b1-894f-8dc0851c56cc,SAMMS-NONTCv5
202608200219257493,202608200029237727,202608200029237018,85,1723,Bronze INV,br_Appointments,TASK_COMPLETE,FAILED,ERROR,15712,15712,1,SaveAppointments Bronze ForEach failed,2026-08-20T00:29:28.539Z,2026-08-20T02:40:07.937Z,7839,2026-08-20T02:40:07.937Z,B42A,Newport News,2e0eb052-bb28-45b1-894f-8dc0851c56cc,SAMMS-NewportNewsV5
202608200219257495,202608200029237728,202608200029237018,85,1724,Bronze INV,br_Appointments,TASK_COMPLETE,FAILED,ERROR,4615,4615,1,SaveAppointments Bronze ForEach failed,2026-08-20T00:29:28.539Z,2026-08-20T02:40:07.937Z,7839,2026-08-20T02:40:07.937Z,B42B,Franklin,2e0eb052-bb28-45b1-894f-8dc0851c56cc,SAMMS-FranklinV5
202608200219257496,202608200029237729,202608200029237018,85,1725,Bronze INV,br_Appointments,TASK_COMPLETE,FAILED,ERROR,10074,10074,1,SaveAppointments Bronze ForEach failed,2026-08-20T00:29:28.539Z,2026-08-20T02:40:07.937Z,7839,2026-08-20T02:40:07.937Z,B42C,Glen Allen,2e0eb052-bb28-45b1-894f-8dc0851c56cc,SAMMS-GlenAllenV5
202608200219257497,202608200029237730,202608200029237018,85,1726,Bronze INV,br_Appointments,TASK_COMPLETE,FAILED,ERROR,18170,18170,1,SaveAppointments Bronze ForEach failed,2026-08-20T00:29:28.539Z,2026-08-20T02:40:07.937Z,7839,2026-08-20T02:40:07.937Z,B42D,Chesapeake South,2e0eb052-bb28-45b1-894f-8dc0851c56cc,SAMMS-ChesapeakeSouthV5
202608200219257498,202608200029237731,202608200029237018,85,1727,Bronze INV,br_Appointments,TASK_COMPLETE,FAILED,ERROR,9687,9687,1,SaveAppointments Bronze ForEach failed,2026-08-20T00:29:28.539Z,2026-08-20T02:40:07.937Z,7839,2026-08-20T02:40:07.937Z,B44,Albany,2e0eb052-bb28-45b1-894f-8dc0851c56cc,SAMMS-AlbanyV5
202608200219257499,202608200029237732,202608200029237018,85,1728,Bronze INV,br_Appointments,TASK_COMPLETE,FAILED,ERROR,12225,12225,1,SaveAppointments Bronze ForEach failed,2026-08-20T00:29:28.539Z,2026-08-20T02:40:07.937Z,7839,2026-08-20T02:40:07.937Z,B45,Tifton,2e0eb052-bb28-45b1-894f-8dc0851c56cc,SAMMS-TiftonV5
202608200219257500,202608200029237733,202608200029237018,85,1729,Bronze INV,br_Appointments,TASK_COMPLETE,FAILED,ERROR,18384,18384,1,SaveAppointments Bronze ForEach failed,2026-08-20T00:29:28.539Z,2026-08-20T02:40:07.937Z,7839,2026-08-20T02:40:07.937Z,B46,Washington DC,2e0eb052-bb28-45b1-894f-8dc0851c56cc,SAMMS-WashingtonDCv5
202608200219257501,202608200029237734,202608200029237018,85,1730,Bronze INV,br_Appointments,TASK_COMPLETE,FAILED,ERROR,14421,14421,1,SaveAppointments Bronze ForEach failed,2026-08-20T00:29:28.539Z,2026-08-20T02:40:07.937Z,7839,2026-08-20T02:40:07.937Z,B47,Mobile,2e0eb052-bb28-45b1-894f-8dc0851c56cc,SAMMS-MobileV5
202608200219257502,202608200029237735,202608200029237018,85,1731,Bronze INV,br_Appointments,TASK_COMPLETE,FAILED,ERROR,18810,18810,1,SaveAppointments Bronze ForEach failed,2026-08-20T00:29:28.539Z,2026-08-20T02:40:07.937Z,7839,2026-08-20T02:40:07.937Z,B48,Tuscaloosa,2e0eb052-bb28-45b1-894f-8dc0851c56cc,SAMMS-TuscaloosaV5
202608200219257503,202608200029237736,202608200029237018,85,1740,Bronze INV,br_Appointments,TASK_COMPLETE,FAILED,ERROR,6639,6639,1,SaveAppointments Bronze ForEach failed,2026-08-20T00:29:28.539Z,2026-08-20T02:40:07.937Z,7839,2026-08-20T02:40:07.937Z,B51,N. Little Rock (OTP),2e0eb052-bb28-45b1-894f-8dc0851c56cc,SAMMS-NorthLittleRockV6
202608200219257505,202608200029237737,202608200029237018,85,1741,Bronze INV,br_Appointments,TASK_COMPLETE,FAILED,ERROR,11279,11279,1,SaveAppointments Bronze ForEach failed,2026-08-20T00:29:28.539Z,2026-08-20T02:40:07.937Z,7839,2026-08-20T02:40:07.937Z,B52,Jackson GA,2e0eb052-bb28-45b1-894f-8dc0851c56cc,SAMMS-JacksonGAV5
202608200219257506,202608200029237738,202608200029237018,85,1742,Bronze INV,br_Appointments,TASK_COMPLETE,FAILED,ERROR,8833,8833,1,SaveAppointments Bronze ForEach failed,2026-08-20T00:29:28.539Z,2026-08-20T02:40:07.937Z,7839,2026-08-20T02:40:07.937Z,B54,Gadsden,2e0eb052-bb28-45b1-894f-8dc0851c56cc,SAMMS-GadsdenV5
202608200219257507,202608200029237739,202608200029237018,85,1743,Bronze INV,br_Appointments,TASK_COMPLETE,FAILED,ERROR,13885,13885,1,SaveAppointments Bronze ForEach failed,2026-08-20T00:29:28.539Z,2026-08-20T02:40:07.937Z,7839,2026-08-20T02:40:07.937Z,B55,Shoals,2e0eb052-bb28-45b1-894f-8dc0851c56cc,SAMMS-ShoalsV5
202608200219257508,202608200029237740,202608200029237018,85,1744,Bronze INV,br_Appointments,TASK_COMPLETE,FAILED,ERROR,15545,15545,1,SaveAppointments Bronze ForEach failed,2026-08-20T00:29:28.539Z,2026-08-20T02:40:07.937Z,7839,2026-08-20T02:40:07.937Z,B57,Pawtucket,2e0eb052-bb28-45b1-894f-8dc0851c56cc,SAMMS-Pawtucket
202608200219257509,202608200029237741,202608200029237018,85,1745,Bronze INV,br_Appointments,TASK_COMPLETE,FAILED,ERROR,11669,11669,1,SaveAppointments Bronze ForEach failed,2026-08-20T00:29:28.539Z,2026-08-20T02:40:07.937Z,7839,2026-08-20T02:40:07.937Z,B57A,Johnston,2e0eb052-bb28-45b1-894f-8dc0851c56cc,SAMMS-Johnston
202608200219257510,202608200029237742,202608200029237018,85,1746,Bronze INV,br_Appointments,TASK_COMPLETE,FAILED,ERROR,4076,4076,1,SaveAppointments Bronze ForEach failed,2026-08-20T00:29:28.539Z,2026-08-20T02:40:07.937Z,7839,2026-08-20T02:40:07.937Z,B57B,Middletown,2e0eb052-bb28-45b1-894f-8dc0851c56cc,SAMMS-Middletown
202608200219257511,202608200029237743,202608200029237018,85,1747,Bronze INV,br_Appointments,TASK_COMPLETE,FAILED,ERROR,11601,11601,1,SaveAppointments Bronze ForEach failed,2026-08-20T00:29:28.539Z,2026-08-20T02:40:07.937Z,7839,2026-08-20T02:40:07.937Z,B57C,Providence,2e0eb052-bb28-45b1-894f-8dc0851c56cc,SAMMS-Providence
202608200219257512,202608200029237744,202608200029237018,85,1748,Bronze INV,br_Appointments,TASK_COMPLETE,FAILED,ERROR,20834,20834,1,SaveAppointments Bronze ForEach failed,2026-08-20T00:29:28.539Z,2026-08-20T02:40:07.937Z,7839,2026-08-20T02:40:07.937Z,B57D,Westerly,2e0eb052-bb28-45b1-894f-8dc0851c56cc,SAMMS-Westerly
202608200219257513,202608200029237745,202608200029237018,85,1752,Bronze INV,br_Appointments,TASK_COMPLETE,FAILED,ERROR,15456,15456,1,SaveAppointments Bronze ForEach failed,2026-08-20T00:29:28.539Z,2026-08-20T02:40:07.937Z,7839,2026-08-20T02:40:07.937Z,B66A,Bremen,2e0eb052-bb28-45b1-894f-8dc0851c56cc,SAMMS-Bremen
202608200219257514,202608200029237746,202608200029237018,85,1755,Bronze INV,br_Appointments,TASK_COMPLETE,FAILED,ERROR,38054,38054,1,SaveAppointments Bronze ForEach failed,2026-08-20T00:29:28.539Z,2026-08-20T02:40:07.937Z,7839,2026-08-20T02:40:07.937Z,B72,Mobile (OBOT),2e0eb052-bb28-45b1-894f-8dc0851c56cc,SAMMS-Mobile-OBOT
202608200219257516,202608200029237747,202608200029237018,85,1756,Bronze INV,br_Appointments,TASK_COMPLETE,FAILED,ERROR,15725,15725,1,SaveAppointments Bronze ForEach failed,2026-08-20T00:29:28.539Z,2026-08-20T02:40:07.937Z,7839,2026-08-20T02:40:07.937Z,B73,Montgomery,2e0eb052-bb28-45b1-894f-8dc0851c56cc,SAMMS-Montgomery
202608200219257517,202608200029237748,202608200029237018,85,1757,Bronze INV,br_Appointments,TASK_COMPLETE,FAILED,ERROR,8527,8527,1,SaveAppointments Bronze ForEach failed,2026-08-20T00:29:28.539Z,2026-08-20T02:40:07.937Z,7839,2026-08-20T02:40:07.937Z,B75,Lawrence,2e0eb052-bb28-45b1-894f-8dc0851c56cc,SAMMS-LawrenceV6
202608200219257518,202608200029237749,202608200029237018,85,1758,Bronze INV,br_Appointments,TASK_COMPLETE,FAILED,ERROR,1717,1717,1,SaveAppointments Bronze ForEach failed,2026-08-20T00:29:28.539Z,2026-08-20T02:40:07.937Z,7839,2026-08-20T02:40:07.937Z,B76,Huntsville OBOT,2e0eb052-bb28-45b1-894f-8dc0851c56cc,SAMMS-Huntsville-OBOT
202608200219257519,202608200029237750,202608200029237018,85,1759,Bronze INV,br_Appointments,TASK_COMPLETE,FAILED,ERROR,12074,12074,1,SaveAppointments Bronze ForEach failed,2026-08-20T00:29:28.539Z,2026-08-20T02:40:07.937Z,7839,2026-08-20T02:40:07.937Z,BAT,Batesville,2e0eb052-bb28-45b1-894f-8dc0851c56cc,SAMMS-Batesville
202608200219257520,202608200029237751,202608200029237018,85,1760,Bronze INV,br_Appointments,TASK_COMPLETE,FAILED,ERROR,11291,11291,1,SaveAppointments Bronze ForEach failed,2026-08-20T00:29:28.539Z,2026-08-20T02:40:07.937Z,7839,2026-08-20T02:40:07.937Z,BG,Bowling Green,2e0eb052-bb28-45b1-894f-8dc0851c56cc,SAMMS-BowlingGreen
202608200219257521,202608200029237752,202608200029237018,85,1761,Bronze INV,br_Appointments,TASK_COMPLETE,FAILED,ERROR,10077,10077,1,SaveAppointments Bronze ForEach failed,2026-08-20T00:29:28.539Z,2026-08-20T02:40:07.937Z,7839,2026-08-20T02:40:07.937Z,BOI,Boise,2e0eb052-bb28-45b1-894f-8dc0851c56cc,SAMMS-Boise
202608200219257523,202608200029237753,202608200029237018,85,1768,Bronze INV,br_Appointments,TASK_COMPLETE,FAILED,ERROR,5410,5410,1,SaveAppointments Bronze ForEach failed,2026-08-20T00:29:28.539Z,2026-08-20T02:40:07.937Z,7839,2026-08-20T02:40:07.937Z,CBCO,Coeur dAlene,2e0eb052-bb28-45b1-894f-8dc0851c56cc,SAMMS-CoeurdAleneV6
202608200219257524,202608200029237754,202608200029237018,85,1787,Bronze INV,br_Appointments,TASK_COMPLETE,FAILED,ERROR,18384,18384,1,SaveAppointments Bronze ForEach failed,2026-08-20T00:29:28.539Z,2026-08-20T02:40:07.937Z,7839,2026-08-20T02:40:07.937Z,CON,Conway,2e0eb052-bb28-45b1-894f-8dc0851c56cc,SAMMS-Conway
202608200219257525,202608200029237755,202608200029237018,85,1788,Bronze INV,br_Appointments,TASK_COMPLETE,FAILED,ERROR,99147,99147,1,SaveAppointments Bronze ForEach failed,2026-08-20T00:29:28.539Z,2026-08-20T02:40:07.937Z,7839,2026-08-20T02:40:07.937Z,D07,Medical Services Knox TN,2e0eb052-bb28-45b1-894f-8dc0851c56cc,SAMMS-KnoxvilleV6
202608200219257526,202608200029237756,202608200029237018,85,1789,Bronze INV,br_Appointments,TASK_COMPLETE,FAILED,ERROR,12775,12775,1,SaveAppointments Bronze ForEach failed,2026-08-20T00:29:28.539Z,2026-08-20T02:40:07.937Z,7839,2026-08-20T02:40:07.937Z,D08,Madison,2e0eb052-bb28-45b1-894f-8dc0851c56cc,SAMMS-MadisonV6
202608200219257527,202608200029237757,202608200029237018,85,1791,Bronze INV,br_Appointments,TASK_COMPLETE,FAILED,ERROR,9861,9861,1,SaveAppointments Bronze ForEach failed,2026-08-20T00:29:28.539Z,2026-08-20T02:40:07.937Z,7839,2026-08-20T02:40:07.937Z,D09,Murfreesboro,2e0eb052-bb28-45b1-894f-8dc0851c56cc,SAMMS-MurfreesboroV6
202608200219257528,202608200029237758,202608200029237018,85,1792,Bronze INV,br_Appointments,TASK_COMPLETE,FAILED,ERROR,27629,27629,1,SaveAppointments Bronze ForEach failed,2026-08-20T00:29:28.539Z,2026-08-20T02:40:07.937Z,7839,2026-08-20T02:40:07.937Z,DA,Davenport,2e0eb052-bb28-45b1-894f-8dc0851c56cc,SAMMS-Davenport
202608200219257529,202608200029237759,202608200029237018,85,1793,Bronze INV,br_Appointments,TASK_COMPLETE,FAILED,ERROR,19388,19388,1,SaveAppointments Bronze ForEach failed,2026-08-20T00:29:28.539Z,2026-08-20T02:40:07.937Z,7839,2026-08-20T02:40:07.937Z,DM,Des Moines,2e0eb052-bb28-45b1-894f-8dc0851c56cc,SAMMS-DesMoines
202608200219257530,202608200029237760,202608200029237018,85,1795,Bronze INV,br_Appointments,TASK_COMPLETE,FAILED,ERROR,16117,16117,1,SaveAppointments Bronze ForEach failed,2026-08-20T00:29:28.539Z,2026-08-20T02:40:07.937Z,7839,2026-08-20T02:40:07.937Z,DRD-CO,Columbia MO,2e0eb052-bb28-45b1-894f-8dc0851c56cc,SAMMS-ColumbiaV5
202608200219257532,202608200029237761,202608200029237018,85,1796,Bronze INV,br_Appointments,TASK_COMPLETE,FAILED,ERROR,15804,15804,1,SaveAppointments Bronze ForEach failed,2026-08-20T00:29:28.539Z,2026-08-20T02:40:07.937Z,7839,2026-08-20T02:40:07.937Z,DRD-KC,KC,2e0eb052-bb28-45b1-894f-8dc0851c56cc,SAMMS-KCv5
202608200219257533,202608200029237762,202608200029237018,85,1797,Bronze INV,br_Appointments,TASK_COMPLETE,FAILED,ERROR,41047,41047,1,SaveAppointments Bronze ForEach failed,2026-08-20T00:29:28.539Z,2026-08-20T02:40:07.937Z,7839,2026-08-20T02:40:07.937Z,DRD-KVB,KVB,2e0eb052-bb28-45b1-894f-8dc0851c56cc,SAMMS-KVBv5
202608200219257534,202608200029237763,202608200029237018,85,1798,Bronze INV,br_Appointments,TASK_COMPLETE,FAILED,ERROR,51849,51849,1,SaveAppointments Bronze ForEach failed,2026-08-20T00:29:28.539Z,2026-08-20T02:40:07.937Z,7839,2026-08-20T02:40:07.937Z,DRD-KVC,KVC,2e0eb052-bb28-45b1-894f-8dc0851c56cc,SAMMS-KVCv5
202608200219257535,202608200029237764,202608200029237018,85,1799,Bronze INV,br_Appointments,TASK_COMPLETE,FAILED,ERROR,49983,49983,1,SaveAppointments Bronze ForEach failed,2026-08-20T00:29:28.539Z,2026-08-20T02:40:07.937Z,7839,2026-08-20T02:40:07.937Z,DRD-NOLA,NOLA,2e0eb052-bb28-45b1-894f-8dc0851c56cc,SAMMS-NOLAv5
202608200219259475,202608200029239466,202608200029237018,85,4322,Bronze INV,br_ReAssessmentSubstanceUse,TASK_COMPLETE,FAILED,ERROR,169,169,1,SaveReAssessmentSubstanceUse Bronze ForEach failed,2026-08-20T00:29:28.539Z,2026-08-20T02:40:07.937Z,7839,2026-08-20T02:40:07.937Z,B57B,Middletown,2e0eb052-bb28-45b1-894f-8dc0851c56cc,SAMMS-Middletown
202608200219259476,202608200029239467,202608200029237018,85,4323,Bronze INV,br_ReAssessmentSubstanceUse,TASK_COMPLETE,FAILED,ERROR,418,418,1,SaveReAssessmentSubstanceUse Bronze ForEach failed,2026-08-20T00:29:28.539Z,2026-08-20T02:40:07.937Z,7839,2026-08-20T02:40:07.937Z,B57C,Providence,2e0eb052-bb28-45b1-894f-8dc0851c56cc,SAMMS-Providence
202608200219259478,202608200029239468,202608200029237018,85,4324,Bronze INV,br_ReAssessmentSubstanceUse,TASK_COMPLETE,FAILED,ERROR,642,642,1,SaveReAssessmentSubstanceUse Bronze ForEach failed,2026-08-20T00:29:28.539Z,2026-08-20T02:40:07.937Z,7839,2026-08-20T02:40:07.937Z,B57D,Westerly,2e0eb052-bb28-45b1-894f-8dc0851c56cc,SAMMS-Westerly
202608200219259479,202608200029239469,202608200029237018,85,4328,Bronze INV,br_ReAssessmentSubstanceUse,TASK_COMPLETE,FAILED,ERROR,4,4,1,SaveReAssessmentSubstanceUse Bronze ForEach failed,2026-08-20T00:29:28.539Z,2026-08-20T02:40:07.937Z,7839,2026-08-20T02:40:07.937Z,B66A,Bremen,2e0eb052-bb28-45b1-894f-8dc0851c56cc,SAMMS-Bremen
202608200219259480,202608200029239470,202608200029237018,85,4331,Bronze INV,br_ReAssessmentSubstanceUse,TASK_COMPLETE,FAILED,ERROR,0,0,1,SaveReAssessmentSubstanceUse Bronze ForEach failed,2026-08-20T00:29:28.539Z,2026-08-20T02:40:07.937Z,7839,2026-08-20T02:40:07.937Z,B72,Mobile (OBOT),2e0eb052-bb28-45b1-894f-8dc0851c56cc,SAMMS-Mobile-OBOT
202608200219259481,202608200029239471,202608200029237018,85,4332,Bronze INV,br_ReAssessmentSubstanceUse,TASK_COMPLETE,FAILED,ERROR,0,0,1,SaveReAssessmentSubstanceUse Bronze ForEach failed,2026-08-20T00:29:28.539Z,2026-08-20T02:40:07.937Z,7839,2026-08-20T02:40:07.937Z,B73,Montgomery,2e0eb052-bb28-45b1-894f-8dc0851c56cc,SAMMS-Montgomery
202608200219259482,202608200029239472,202608200029237018,85,4333,Bronze INV,br_ReAssessmentSubstanceUse,TASK_COMPLETE,FAILED,ERROR,523,523,1,SaveReAssessmentSubstanceUse Bronze ForEach failed,2026-08-20T00:29:28.539Z,2026-08-20T02:40:07.937Z,7839,2026-08-20T02:40:07.937Z,B75,Lawrence,2e0eb052-bb28-45b1-894f-8dc0851c56cc,SAMMS-LawrenceV6
202608200219259483,202608200029239473,202608200029237018,85,4334,Bronze INV,br_ReAssessmentSubstanceUse,TASK_COMPLETE,FAILED,ERROR,0,0,1,SaveReAssessmentSubstanceUse Bronze ForEach failed,2026-08-20T00:29:28.539Z,2026-08-20T02:40:07.937Z,7839,2026-08-20T02:40:07.937Z,B76,Huntsville OBOT,2e0eb052-bb28-45b1-894f-8dc0851c56cc,SAMMS-Huntsville-OBOT
202608200219259484,202608200029239474,202608200029237018,85,4335,Bronze INV,br_ReAssessmentSubstanceUse,TASK_COMPLETE,FAILED,ERROR,0,0,1,SaveReAssessmentSubstanceUse Bronze ForEach failed,2026-08-20T00:29:28.539Z,2026-08-20T02:40:07.937Z,7839,2026-08-20T02:40:07.937Z,BAT,Batesville,2e0eb052-bb28-45b1-894f-8dc0851c56cc,SAMMS-Batesville
202608200219259486,202608200029239475,202608200029237018,85,4336,Bronze INV,br_ReAssessmentSubstanceUse,TASK_COMPLETE,FAILED,ERROR,465,465,1,SaveReAssessmentSubstanceUse Bronze ForEach failed,2026-08-20T00:29:28.539Z,2026-08-20T02:40:07.937Z,7839,2026-08-20T02:40:07.937Z,BG,Bowling Green,2e0eb052-bb28-45b1-894f-8dc0851c56cc,SAMMS-BowlingGreen
202608200219259487,202608200029239476,202608200029237018,85,4337,Bronze INV,br_ReAssessmentSubstanceUse,TASK_COMPLETE,FAILED,ERROR,185,185,1,SaveReAssessmentSubstanceUse Bronze ForEach failed,2026-08-20T00:29:28.539Z,2026-08-20T02:40:07.937Z,7839,2026-08-20T02:40:07.937Z,BOI,Boise,2e0eb052-bb28-45b1-894f-8dc0851c56cc,SAMMS-Boise
202608200219259488,202608200029239477,202608200029237018,85,4344,Bronze INV,br_ReAssessmentSubstanceUse,TASK_COMPLETE,FAILED,ERROR,57,57,1,SaveReAssessmentSubstanceUse Bronze ForEach failed,2026-08-20T00:29:28.539Z,2026-08-20T02:40:07.937Z,7839,2026-08-20T02:40:07.937Z,CBCO,Coeur dAlene,2e0eb052-bb28-45b1-894f-8dc0851c56cc,SAMMS-CoeurdAleneV6
202608200219259489,202608200029239478,202608200029237018,85,4363,Bronze INV,br_ReAssessmentSubstanceUse,TASK_COMPLETE,FAILED,ERROR,0,0,1,SaveReAssessmentSubstanceUse Bronze ForEach failed,2026-08-20T00:29:28.539Z,2026-08-20T02:40:07.937Z,7839,2026-08-20T02:40:07.937Z,CON,Conway,2e0eb052-bb28-45b1-894f-8dc0851c56cc,SAMMS-Conway
202608200219259490,202608200029239479,202608200029237018,85,4364,Bronze INV,br_ReAssessmentSubstanceUse,TASK_COMPLETE,FAILED,ERROR,2630,2630,1,SaveReAssessmentSubstanceUse Bronze ForEach failed,2026-08-20T00:29:28.539Z,2026-08-20T02:40:07.937Z,7839,2026-08-20T02:40:07.937Z,D07,Medical Services Knox TN,2e0eb052-bb28-45b1-894f-8dc0851c56cc,SAMMS-KnoxvilleV6
202608200219259491,202608200029239480,202608200029237018,85,4365,Bronze INV,br_ReAssessmentSubstanceUse,TASK_COMPLETE,FAILED,ERROR,116,116,1,SaveReAssessmentSubstanceUse Bronze ForEach failed,2026-08-20T00:29:28.539Z,2026-08-20T02:40:07.937Z,7839,2026-08-20T02:40:07.937Z,D08,Madison,2e0eb052-bb28-45b1-894f-8dc0851c56cc,SAMMS-MadisonV6
202608200219259492,202608200029239481,202608200029237018,85,4367,Bronze INV,br_ReAssessmentSubstanceUse,TASK_COMPLETE,FAILED,ERROR,137,137,1,SaveReAssessmentSubstanceUse Bronze ForEach failed,2026-08-20T00:29:28.539Z,2026-08-20T02:40:07.937Z,7839,2026-08-20T02:40:07.937Z,D09,Murfreesboro,2e0eb052-bb28-45b1-894f-8dc0851c56cc,SAMMS-MurfreesboroV6
202608200219259494,202608200029239482,202608200029237018,85,4368,Bronze INV,br_ReAssessmentSubstanceUse,TASK_COMPLETE,FAILED,ERROR,340,340,1,SaveReAssessmentSubstanceUse Bronze ForEach failed,2026-08-20T00:29:28.539Z,2026-08-20T02:40:07.937Z,7839,2026-08-20T02:40:07.937Z,DA,Davenport,2e0eb052-bb28-45b1-894f-8dc0851c56cc,SAMMS-Davenport
202608200219259495,202608200029239483,202608200029237018,85,4369,Bronze INV,br_ReAssessmentSubstanceUse,TASK_COMPLETE,FAILED,ERROR,292,292,1,SaveReAssessmentSubstanceUse Bronze ForEach failed,2026-08-20T00:29:28.539Z,2026-08-20T02:40:07.937Z,7839,2026-08-20T02:40:07.937Z,DM,Des Moines,2e0eb052-bb28-45b1-894f-8dc0851c56cc,SAMMS-DesMoines
202608200219259496,202608200029239484,202608200029237018,85,4371,Bronze INV,br_ReAssessmentSubstanceUse,TASK_COMPLETE,FAILED,ERROR,534,534,1,SaveReAssessmentSubstanceUse Bronze ForEach failed,2026-08-20T00:29:28.539Z,2026-08-20T02:40:07.937Z,7839,2026-08-20T02:40:07.937Z,DRD-CO,Columbia MO,2e0eb052-bb28-45b1-894f-8dc0851c56cc,SAMMS-ColumbiaV5
202608200219259497,202608200029239485,202608200029237018,85,4372,Bronze INV,br_ReAssessmentSubstanceUse,TASK_COMPLETE,FAILED,ERROR,348,348,1,SaveReAssessmentSubstanceUse Bronze ForEach failed,2026-08-20T00:29:28.539Z,2026-08-20T02:40:07.937Z,7839,2026-08-20T02:40:07.937Z,DRD-KC,KC,2e0eb052-bb28-45b1-894f-8dc0851c56cc,SAMMS-KCv5
202608200219259498,202608200029239486,202608200029237018,85,4373,Bronze INV,br_ReAssessmentSubstanceUse,TASK_COMPLETE,FAILED,ERROR,1572,1572,1,SaveReAssessmentSubstanceUse Bronze ForEach failed,2026-08-20T00:29:28.539Z,2026-08-20T02:40:07.937Z,7839,2026-08-20T02:40:07.937Z,DRD-KVB,KVB,2e0eb052-bb28-45b1-894f-8dc0851c56cc,SAMMS-KVBv5
202608200219259500,202608200029239487,202608200029237018,85,4374,Bronze INV,br_ReAssessmentSubstanceUse,TASK_COMPLETE,FAILED,ERROR,1688,1688,1,SaveReAssessmentSubstanceUse Bronze ForEach failed,2026-08-20T00:29:28.539Z,2026-08-20T02:40:07.937Z,7839,2026-08-20T02:40:07.937Z,DRD-KVC,KVC,2e0eb052-bb28-45b1-894f-8dc0851c56cc,SAMMS-KVCv5
202608200219259501,202608200029239488,202608200029237018,85,4375,Bronze INV,br_ReAssessmentSubstanceUse,TASK_COMPLETE,FAILED,ERROR,3216,3216,1,SaveReAssessmentSubstanceUse Bronze ForEach failed,2026-08-20T00:29:28.539Z,2026-08-20T02:40:07.937Z,7839,2026-08-20T02:40:07.937Z,DRD-NOLA,NOLA,2e0eb052-bb28-45b1-894f-8dc0851c56cc,SAMMS-NOLAv5
202608200219259502,202608200029239489,202608200029237018,85,4376,Bronze INV,br_ReAssessmentSubstanceUse,TASK_COMPLETE,FAILED,ERROR,817,817,1,SaveReAssessmentSubstanceUse Bronze ForEach failed,2026-08-20T00:29:28.539Z,2026-08-20T02:40:07.937Z,7839,2026-08-20T02:40:07.937Z,DRD-SF,Springfield,2e0eb052-bb28-45b1-894f-8dc0851c56cc,SAMMS-SFv5
202608200219259503,202608200029239490,202608200029237018,85,4378,Bronze INV,br_ReAssessmentSubstanceUse,TASK_COMPLETE,FAILED,ERROR,262,262,1,SaveReAssessmentSubstanceUse Bronze ForEach failed,2026-08-20T00:29:28.539Z,2026-08-20T02:40:07.937Z,7839,2026-08-20T02:40:07.937Z,ELC,Elizabeth City,2e0eb052-bb28-45b1-894f-8dc0851c56cc,SAMMS-ElizabethCity
202608200219259504,202608200029239491,202608200029237018,85,4379,Bronze INV,br_ReAssessmentSubstanceUse,TASK_COMPLETE,FAILED,ERROR,128,128,1,SaveReAssessmentSubstanceUse Bronze ForEach failed,2026-08-20T00:29:28.539Z,2026-08-20T02:40:07.937Z,7839,2026-08-20T02:40:07.937Z,ET,Elizabethtown,2e0eb052-bb28-45b1-894f-8dc0851c56cc,SAMMS-Elizabethtown
202608200219259505,202608200029239492,202608200029237018,85,4380,Bronze INV,br_ReAssessmentSubstanceUse,TASK_COMPLETE,FAILED,ERROR,0,0,1,SaveReAssessmentSubstanceUse Bronze ForEach failed,2026-08-20T00:29:28.539Z,2026-08-20T02:40:07.937Z,7839,2026-08-20T02:40:07.937Z,FAY,Fayetteville,2e0eb052-bb28-45b1-894f-8dc0851c56cc,SAMMS-Fayetteville
202608200219259506,202608200029239493,202608200029237018,85,4381,Bronze INV,br_ReAssessmentSubstanceUse,TASK_COMPLETE,FAILED,ERROR,158,158,1,SaveReAssessmentSubstanceUse Bronze ForEach failed,2026-08-20T00:29:28.539Z,2026-08-20T02:40:07.937Z,7839,2026-08-20T02:40:07.937Z,FR,Frankfort,2e0eb052-bb28-45b1-894f-8dc0851c56cc,SAMMS-Frankfort
202608200219259508,202608200029239494,202608200029237018,85,4382,Bronze INV,br_ReAssessmentSubstanceUse,TASK_COMPLETE,FAILED,ERROR,0,0,1,SaveReAssessmentSubstanceUse Bronze ForEach failed,2026-08-20T00:29:28.539Z,2026-08-20T02:40:07.937Z,7839,2026-08-20T02:40:07.937Z,FS,Fort Smith,2e0eb052-bb28-45b1-894f-8dc0851c56cc,SAMMS-FortSmith
202608200219259509,202608200029239495,202608200029237018,85,4383,Bronze INV,br_ReAssessmentSubstanceUse,TASK_COMPLETE,FAILED,ERROR,472,472,1,SaveReAssessmentSubstanceUse Bronze ForEach failed,2026-08-20T00:29:28.539Z,2026-08-20T02:40:07.937Z,7839,2026-08-20T02:40:07.937Z,FW,Fort Wayne,2e0eb052-bb28-45b1-894f-8dc0851c56cc,SAMMS-FortWayne
202608200219259510,202608200029239496,202608200029237018,85,4384,Bronze INV,br_ReAssessmentSubstanceUse,TASK_COMPLETE,FAILED,ERROR,276,276,1,SaveReAssessmentSubstanceUse Bronze ForEach failed,2026-08-20T00:29:28.539Z,2026-08-20T02:40:07.937Z,7839,2026-08-20T02:40:07.937Z,GAL,Gaylord,2e0eb052-bb28-45b1-894f-8dc0851c56cc,SAMMS-Gaylord
202608200219259511,202608200029239497,202608200029237018,85,4388,Bronze INV,br_ReAssessmentSubstanceUse,TASK_COMPLETE,FAILED,ERROR,102,102,1,SaveReAssessmentSubstanceUse Bronze ForEach failed,2026-08-20T00:29:28.539Z,2026-08-20T02:40:07.937Z,7839,2026-08-20T02:40:07.937Z,HGT,Hagerstown,2e0eb052-bb28-45b1-894f-8dc0851c56cc,SAMMS-Hagerstown
202608200219259512,202608200029239498,202608200029237018,85,4389,Bronze INV,br_ReAssessmentSubstanceUse,TASK_COMPLETE,FAILED,ERROR,1747,1747,1,SaveReAssessmentSubstanceUse Bronze ForEach failed,2026-08-20T00:29:28.539Z,2026-08-20T02:40:07.937Z,7839,2026-08-20T02:40:07.937Z,HNT,Huntsville,2e0eb052-bb28-45b1-894f-8dc0851c56cc,SAMMS-Huntsville
202608200219259513,202608200029239499,202608200029237018,85,4390,Bronze INV,br_ReAssessmentSubstanceUse,TASK_COMPLETE,FAILED,ERROR,0,0,1,SaveReAssessmentSubstanceUse Bronze ForEach failed,2026-08-20T00:29:28.539Z,2026-08-20T02:40:07.937Z,7839,2026-08-20T02:40:07.937Z,HS,Hot Springs,2e0eb052-bb28-45b1-894f-8dc0851c56cc,SAMMS-HotSprings
202608200219259514,202608200029239500,202608200029237018,85,4391,Bronze INV,br_ReAssessmentSubstanceUse,TASK_COMPLETE,FAILED,ERROR,0,0,1,SaveReAssessmentSubstanceUse Bronze ForEach failed,2026-08-20T00:29:28.539Z,2026-08-20T02:40:07.937Z,7839,2026-08-20T02:40:07.937Z,JON,Jonesboro,2e0eb052-bb28-45b1-894f-8dc0851c56cc,SAMMS-Jonesboro
202608200219259516,202608200029239501,202608200029237018,85,4393,Bronze INV,br_ReAssessmentSubstanceUse,TASK_COMPLETE,FAILED,ERROR,455,455,1,SaveReAssessmentSubstanceUse Bronze ForEach failed,2026-08-20T00:29:28.539Z,2026-08-20T02:40:07.937Z,7839,2026-08-20T02:40:07.937Z,LAN,Lansing,2e0eb052-bb28-45b1-894f-8dc0851c56cc,SAMMS-Lansing
202608200219259517,202608200029239502,202608200029237018,85,4394,Bronze INV,br_ReAssessmentSubstanceUse,TASK_COMPLETE,FAILED,ERROR,1293,1293,1,SaveReAssessmentSubstanceUse Bronze ForEach failed,2026-08-20T00:29:28.539Z,2026-08-20T02:40:07.937Z,7839,2026-08-20T02:40:07.937Z,LO,Louisville,2e0eb052-bb28-45b1-894f-8dc0851c56cc,SAMMS-Louisville
202608200219259518,202608200029239503,202608200029237018,85,4395,Bronze INV,br_ReAssessmentSubstanceUse,TASK_COMPLETE,FAILED,ERROR,295,295,1,SaveReAssessmentSubstanceUse Bronze ForEach failed,2026-08-20T00:29:28.539Z,2026-08-20T02:40:07.937Z,7839,2026-08-20T02:40:07.937Z,LV1,Cheyenne,2e0eb052-bb28-45b1-894f-8dc0851c56cc,SAMMS-Cheyenne
202608200219257536,202608200029237765,202608200029237018,85,1800,Bronze INV,br_Appointments,TASK_COMPLETE,FAILED,ERROR,15866,15866,1,SaveAppointments Bronze ForEach failed,2026-08-20T00:29:28.539Z,2026-08-20T02:40:07.937Z,7839,2026-08-20T02:40:07.937Z,DRD-SF,Springfield,2e0eb052-bb28-45b1-894f-8dc0851c56cc,SAMMS-SFv5
202608200219257537,202608200029237766,202608200029237018,85,1802,Bronze INV,br_Appointments,TASK_COMPLETE,FAILED,ERROR,21267,21267,1,SaveAppointments Bronze ForEach failed,2026-08-20T00:29:28.539Z,2026-08-20T02:40:07.937Z,7839,2026-08-20T02:40:07.937Z,ELC,Elizabeth City,2e0eb052-bb28-45b1-894f-8dc0851c56cc,SAMMS-ElizabethCity
202608200219257538,202608200029237767,202608200029237018,85,1803,Bronze INV,br_Appointments,TASK_COMPLETE,FAILED,ERROR,12910,12910,1,SaveAppointments Bronze ForEach failed,2026-08-20T00:29:28.539Z,2026-08-20T02:40:07.937Z,7839,2026-08-20T02:40:07.937Z,ET,Elizabethtown,2e0eb052-bb28-45b1-894f-8dc0851c56cc,SAMMS-Elizabethtown
202608200219257539,202608200029237768,202608200029237018,85,1804,Bronze INV,br_Appointments,TASK_COMPLETE,FAILED,ERROR,17349,17349,1,SaveAppointments Bronze ForEach failed,2026-08-20T00:29:28.539Z,2026-08-20T02:40:07.937Z,7839,2026-08-20T02:40:07.937Z,FAY,Fayetteville,2e0eb052-bb28-45b1-894f-8dc0851c56cc,SAMMS-Fayetteville
202608200219257540,202608200029237769,202608200029237018,85,1805,Bronze INV,br_Appointments,TASK_COMPLETE,FAILED,ERROR,2608,2608,1,SaveAppointments Bronze ForEach failed,2026-08-20T00:29:28.539Z,2026-08-20T02:40:07.937Z,7839,2026-08-20T02:40:07.937Z,FR,Frankfort,2e0eb052-bb28-45b1-894f-8dc0851c56cc,SAMMS-Frankfort
202608200219257541,202608200029237770,202608200029237018,85,1806,Bronze INV,br_Appointments,TASK_COMPLETE,FAILED,ERROR,13960,13960,1,SaveAppointments Bronze ForEach failed,2026-08-20T00:29:28.539Z,2026-08-20T02:40:07.937Z,7839,2026-08-20T02:40:07.937Z,FS,Fort Smith,2e0eb052-bb28-45b1-894f-8dc0851c56cc,SAMMS-FortSmith
202608200219257543,202608200029237771,202608200029237018,85,1807,Bronze INV,br_Appointments,TASK_COMPLETE,FAILED,ERROR,25022,25022,1,SaveAppointments Bronze ForEach failed,2026-08-20T00:29:28.539Z,2026-08-20T02:40:07.937Z,7839,2026-08-20T02:40:07.937Z,FW,Fort Wayne,2e0eb052-bb28-45b1-894f-8dc0851c56cc,SAMMS-FortWayne
202608200219257544,202608200029237772,202608200029237018,85,1808,Bronze INV,br_Appointments,TASK_COMPLETE,FAILED,ERROR,23887,23887,1,SaveAppointments Bronze ForEach failed,2026-08-20T00:29:28.539Z,2026-08-20T02:40:07.937Z,7839,2026-08-20T02:40:07.937Z,GAL,Gaylord,2e0eb052-bb28-45b1-894f-8dc0851c56cc,SAMMS-Gaylord
202608200219257545,202608200029237773,202608200029237018,85,1812,Bronze INV,br_Appointments,TASK_COMPLETE,FAILED,ERROR,49211,49211,1,SaveAppointments Bronze ForEach failed,2026-08-20T00:29:28.539Z,2026-08-20T02:40:07.937Z,7839,2026-08-20T02:40:07.937Z,HGT,Hagerstown,2e0eb052-bb28-45b1-894f-8dc0851c56cc,SAMMS-Hagerstown
202608200219257546,202608200029237774,202608200029237018,85,1813,Bronze INV,br_Appointments,TASK_COMPLETE,FAILED,ERROR,16570,16570,1,SaveAppointments Bronze ForEach failed,2026-08-20T00:29:28.539Z,2026-08-20T02:40:07.937Z,7839,2026-08-20T02:40:07.937Z,HNT,Huntsville,2e0eb052-bb28-45b1-894f-8dc0851c56cc,SAMMS-Huntsville
202608200219257547,202608200029237775,202608200029237018,85,1814,Bronze INV,br_Appointments,TASK_COMPLETE,FAILED,ERROR,17280,17280,1,SaveAppointments Bronze ForEach failed,2026-08-20T00:29:28.539Z,2026-08-20T02:40:07.937Z,7839,2026-08-20T02:40:07.937Z,HS,Hot Springs,2e0eb052-bb28-45b1-894f-8dc0851c56cc,SAMMS-HotSprings
202608200219257548,202608200029237776,202608200029237018,85,1815,Bronze INV,br_Appointments,TASK_COMPLETE,FAILED,ERROR,10249,10249,1,SaveAppointments Bronze ForEach failed,2026-08-20T00:29:28.539Z,2026-08-20T02:40:07.937Z,7839,2026-08-20T02:40:07.937Z,JON,Jonesboro,2e0eb052-bb28-45b1-894f-8dc0851c56cc,SAMMS-Jonesboro
202608200219257549,202608200029237777,202608200029237018,85,1817,Bronze INV,br_Appointments,TASK_COMPLETE,FAILED,ERROR,23259,23259,1,SaveAppointments Bronze ForEach failed,2026-08-20T00:29:28.539Z,2026-08-20T02:40:07.937Z,7839,2026-08-20T02:40:07.937Z,LAN,Lansing,2e0eb052-bb28-45b1-894f-8dc0851c56cc,SAMMS-Lansing
202608200219257550,202608200029237778,202608200029237018,85,1818,Bronze INV,br_Appointments,TASK_COMPLETE,FAILED,ERROR,18957,18957,1,SaveAppointments Bronze ForEach failed,2026-08-20T00:29:28.539Z,2026-08-20T02:40:07.937Z,7839,2026-08-20T02:40:07.937Z,LO,Louisville,2e0eb052-bb28-45b1-894f-8dc0851c56cc,SAMMS-Louisville
202608200219257552,202608200029237779,202608200029237018,85,1819,Bronze INV,br_Appointments,TASK_COMPLETE,FAILED,ERROR,13167,13167,1,SaveAppointments Bronze ForEach failed,2026-08-20T00:29:28.539Z,2026-08-20T02:40:07.937Z,7839,2026-08-20T02:40:07.937Z,LV1,Cheyenne,2e0eb052-bb28-45b1-894f-8dc0851c56cc,SAMMS-Cheyenne
202608200219257553,202608200029237780,202608200029237018,85,1820,Bronze INV,br_Appointments,TASK_COMPLETE,FAILED,ERROR,13211,13211,1,SaveAppointments Bronze ForEach failed,2026-08-20T00:29:28.539Z,2026-08-20T02:40:07.937Z,7839,2026-08-20T02:40:07.937Z,LV2,Desert Inn,2e0eb052-bb28-45b1-894f-8dc0851c56cc,SAMMS-DesertInn
202608200219257554,202608200029237781,202608200029237018,85,1821,Bronze INV,br_Appointments,TASK_COMPLETE,FAILED,ERROR,3106,3106,1,SaveAppointments Bronze ForEach failed,2026-08-20T00:29:28.539Z,2026-08-20T02:40:07.937Z,7839,2026-08-20T02:40:07.937Z,LV3,McDaniel,2e0eb052-bb28-45b1-894f-8dc0851c56cc,SAMMS-McDaniel
202608200219257555,202608200029237782,202608200029237018,85,1824,Bronze INV,br_Appointments,TASK_COMPLETE,FAILED,ERROR,7928,7928,1,SaveAppointments Bronze ForEach failed,2026-08-20T00:29:28.539Z,2026-08-20T02:40:07.937Z,7839,2026-08-20T02:40:07.937Z,MNRE,Monroe,2e0eb052-bb28-45b1-894f-8dc0851c56cc,SAMMS-Monroe
202608200219257556,202608200029237783,202608200029237018,85,1825,Bronze INV,br_Appointments,TASK_COMPLETE,FAILED,ERROR,29042,29042,1,SaveAppointments Bronze ForEach failed,2026-08-20T00:29:28.539Z,2026-08-20T02:40:07.937Z,7839,2026-08-20T02:40:07.937Z,MP,Mt. Pleasant,2e0eb052-bb28-45b1-894f-8dc0851c56cc,SAMMS-MtPleasant
202608200219257557,202608200029237784,202608200029237018,85,1826,Bronze INV,br_Appointments,TASK_COMPLETE,FAILED,ERROR,11436,11436,1,SaveAppointments Bronze ForEach failed,2026-08-20T00:29:28.539Z,2026-08-20T02:40:07.937Z,7839,2026-08-20T02:40:07.937Z,MRD,Meridian,2e0eb052-bb28-45b1-894f-8dc0851c56cc,SAMMS-Meridian
202608200219257558,202608200029237785,202608200029237018,85,1831,Bronze INV,br_Appointments,TASK_COMPLETE,FAILED,ERROR,15669,15669,1,SaveAppointments Bronze ForEach failed,2026-08-20T00:29:28.539Z,2026-08-20T02:40:07.937Z,7839,2026-08-20T02:40:07.937Z,NC,North Charleston,2e0eb052-bb28-45b1-894f-8dc0851c56cc,SAMMS-NorthCharleston
202608200219257560,202608200029237786,202608200029237018,85,1832,Bronze INV,br_Appointments,TASK_COMPLETE,FAILED,ERROR,26652,26652,1,SaveAppointments Bronze ForEach failed,2026-08-20T00:29:28.539Z,2026-08-20T02:40:07.937Z,7839,2026-08-20T02:40:07.937Z,NLR,N. Little Rock,2e0eb052-bb28-45b1-894f-8dc0851c56cc,SAMMS-NLROBOT
202608200219257561,202608200029237787,202608200029237018,85,1833,Bronze INV,br_Appointments,TASK_COMPLETE,FAILED,ERROR,3399,3399,1,SaveAppointments Bronze ForEach failed,2026-08-20T00:29:28.539Z,2026-08-20T02:40:07.937Z,7839,2026-08-20T02:40:07.937Z,PH,Phoenix,2e0eb052-bb28-45b1-894f-8dc0851c56cc,SAMMS-Phoenix
202608200219257562,202608200029237788,202608200029237018,85,1837,Bronze INV,br_Appointments,TASK_COMPLETE,FAILED,ERROR,19198,19198,1,SaveAppointments Bronze ForEach failed,2026-08-20T00:29:28.539Z,2026-08-20T02:40:07.937Z,7839,2026-08-20T02:40:07.937Z,RE,Reno,2e0eb052-bb28-45b1-894f-8dc0851c56cc,SAMMS-Reno
202608200219257563,202608200029237789,202608200029237018,85,1838,Bronze INV,br_Appointments,TASK_COMPLETE,FAILED,ERROR,11979,11979,1,SaveAppointments Bronze ForEach failed,2026-08-20T00:29:28.539Z,2026-08-20T02:40:07.937Z,7839,2026-08-20T02:40:07.937Z,RMD,Richmond,2e0eb052-bb28-45b1-894f-8dc0851c56cc,SAMMS-Richmond
202608200219257564,202608200029237790,202608200029237018,85,1839,Bronze INV,br_Appointments,TASK_COMPLETE,FAILED,ERROR,13054,13054,1,SaveAppointments Bronze ForEach failed,2026-08-20T00:29:28.539Z,2026-08-20T02:40:07.937Z,7839,2026-08-20T02:40:07.937Z,SFN,Springfield North,2e0eb052-bb28-45b1-894f-8dc0851c56cc,SAMMS-SFNv5
202608200219257566,202608200029237791,202608200029237018,85,1840,Bronze INV,br_Appointments,TASK_COMPLETE,FAILED,ERROR,12615,12615,1,SaveAppointments Bronze ForEach failed,2026-08-20T00:29:28.539Z,2026-08-20T02:40:07.937Z,7839,2026-08-20T02:40:07.937Z,SHP,Shreveport,2e0eb052-bb28-45b1-894f-8dc0851c56cc,SAMMS-Shreveport
202608200219257567,202608200029237792,202608200029237018,85,1842,Bronze INV,br_Appointments,TASK_COMPLETE,FAILED,ERROR,14067,14067,1,SaveAppointments Bronze ForEach failed,2026-08-20T00:29:28.539Z,2026-08-20T02:40:07.937Z,7839,2026-08-20T02:40:07.937Z,STN,Staunton,2e0eb052-bb28-45b1-894f-8dc0851c56cc,SAMMS-Staunton
202608200219257568,202608200029237793,202608200029237018,85,1843,Bronze INV,br_Appointments,TASK_COMPLETE,FAILED,ERROR,1821,1821,1,SaveAppointments Bronze ForEach failed,2026-08-20T00:29:28.539Z,2026-08-20T02:40:07.937Z,7839,2026-08-20T02:40:07.937Z,STVN,Stevenson,2e0eb052-bb28-45b1-894f-8dc0851c56cc,SAMMS-Stevenson
202608200219257569,202608200029237794,202608200029237018,85,1845,Bronze INV,br_Appointments,TASK_COMPLETE,FAILED,ERROR,5535,5535,1,SaveAppointments Bronze ForEach failed,2026-08-20T00:29:28.539Z,2026-08-20T02:40:07.937Z,7839,2026-08-20T02:40:07.937Z,TE,Tempe,2e0eb052-bb28-45b1-894f-8dc0851c56cc,SAMMS-Tempe
202608200219257570,202608200029237795,202608200029237018,85,1846,Bronze INV,br_Appointments,TASK_COMPLETE,FAILED,ERROR,15124,15124,1,SaveAppointments Bronze ForEach failed,2026-08-20T00:29:28.539Z,2026-08-20T02:40:07.937Z,7839,2026-08-20T02:40:07.937Z,TEX,Texarkana,2e0eb052-bb28-45b1-894f-8dc0851c56cc,SAMMS-Texarkana
202608200219257571,202608200029237796,202608200029237018,85,1847,Bronze INV,br_Appointments,TASK_COMPLETE,FAILED,ERROR,7621,7621,1,SaveAppointments Bronze ForEach failed,2026-08-20T00:29:28.539Z,2026-08-20T02:40:07.937Z,7839,2026-08-20T02:40:07.937Z,TTCA,Bessemer,2e0eb052-bb28-45b1-894f-8dc0851c56cc,SAMMS-BessemerV5
202608200219257572,202608200029237797,202608200029237018,85,1848,Bronze INV,br_Appointments,TASK_COMPLETE,FAILED,ERROR,22715,22715,1,SaveAppointments Bronze ForEach failed,2026-08-20T00:29:28.539Z,2026-08-20T02:40:07.937Z,7839,2026-08-20T02:40:07.937Z,TTCB,Cullman,2e0eb052-bb28-45b1-894f-8dc0851c56cc,SAMMS-CullmanV5
202608200219257573,202608200029237798,202608200029237018,85,1849,Bronze INV,br_Appointments,TASK_COMPLETE,FAILED,ERROR,12278,12278,1,SaveAppointments Bronze ForEach failed,2026-08-20T00:29:28.539Z,2026-08-20T02:40:07.937Z,7839,2026-08-20T02:40:07.937Z,TTCC,Grand Bay,2e0eb052-bb28-45b1-894f-8dc0851c56cc,SAMMS-GrandBay
202608200219257575,202608200029237799,202608200029237018,85,1850,Bronze INV,br_Appointments,TASK_COMPLETE,FAILED,ERROR,1300,1300,1,SaveAppointments Bronze ForEach failed,2026-08-20T00:29:28.539Z,2026-08-20T02:40:07.937Z,7839,2026-08-20T02:40:07.937Z,TU,Tucson,2e0eb052-bb28-45b1-894f-8dc0851c56cc,SAMMS-Tucson
202608200219257576,202608200029237800,202608200029237018,85,1852,Bronze INV,br_Appointments,TASK_COMPLETE,FAILED,ERROR,8342,8342,1,SaveAppointments Bronze ForEach failed,2026-08-20T00:29:28.539Z,2026-08-20T02:40:07.937Z,7839,2026-08-20T02:40:07.937Z,V1,Memphis South,2e0eb052-bb28-45b1-894f-8dc0851c56cc,SAMMS-VCPHCS-I-MemphisV5
202608200219257577,202608200029237801,202608200029237018,85,1853,Bronze INV,br_Appointments,TASK_COMPLETE,FAILED,ERROR,17784,17784,1,SaveAppointments Bronze ForEach failed,2026-08-20T00:29:28.539Z,2026-08-20T02:40:07.937Z,7839,2026-08-20T02:40:07.937Z,V10,Longmont,2e0eb052-bb28-45b1-894f-8dc0851c56cc,SAMMS-BoulderV5
202608200219257578,202608200029237802,202608200029237018,85,1854,Bronze INV,br_Appointments,TASK_COMPLETE,FAILED,ERROR,42764,42764,1,SaveAppointments Bronze ForEach failed,2026-08-20T00:29:28.539Z,2026-08-20T02:40:07.937Z,7839,2026-08-20T02:40:07.937Z,V10A,Fort Collins,2e0eb052-bb28-45b1-894f-8dc0851c56cc,SAMMS-FortCollinsV5
202608200219256950,202608200029238692,202608200029237018,85,1076,Bronze INV,br_AdmissionAssessmentDimensionSix,TASK_COMPLETE,FAILED,ERROR,611,611,1,SaveAdmissionAssessmentDimensionSix Bronze ForEach failed,2026-08-20T00:29:28.539Z,2026-08-20T02:40:07.937Z,7839,2026-08-20T02:40:07.937Z,HGT,Hagerstown,2e0eb052-bb28-45b1-894f-8dc0851c56cc,SAMMS-Hagerstown
202608200219256951,202608200029238693,202608200029237018,85,1077,Bronze INV,br_AdmissionAssessmentDimensionSix,TASK_COMPLETE,FAILED,ERROR,458,458,1,SaveAdmissionAssessmentDimensionSix Bronze ForEach failed,2026-08-20T00:29:28.539Z,2026-08-20T02:40:07.937Z,7839,2026-08-20T02:40:07.937Z,HNT,Huntsville,2e0eb052-bb28-45b1-894f-8dc0851c56cc,SAMMS-Huntsville
202608200219256952,202608200029238694,202608200029237018,85,1078,Bronze INV,br_AdmissionAssessmentDimensionSix,TASK_COMPLETE,FAILED,ERROR,300,300,1,SaveAdmissionAssessmentDimensionSix Bronze ForEach failed,2026-08-20T00:29:28.539Z,2026-08-20T02:40:07.937Z,7839,2026-08-20T02:40:07.937Z,HS,Hot Springs,2e0eb052-bb28-45b1-894f-8dc0851c56cc,SAMMS-HotSprings
202608200219256953,202608200029238695,202608200029237018,85,1079,Bronze INV,br_AdmissionAssessmentDimensionSix,TASK_COMPLETE,FAILED,ERROR,265,265,1,SaveAdmissionAssessmentDimensionSix Bronze ForEach failed,2026-08-20T00:29:28.539Z,2026-08-20T02:40:07.937Z,7839,2026-08-20T02:40:07.937Z,JON,Jonesboro,2e0eb052-bb28-45b1-894f-8dc0851c56cc,SAMMS-Jonesboro
202608200219256954,202608200029238696,202608200029237018,85,1081,Bronze INV,br_AdmissionAssessmentDimensionSix,TASK_COMPLETE,FAILED,ERROR,149,149,1,SaveAdmissionAssessmentDimensionSix Bronze ForEach failed,2026-08-20T00:29:28.539Z,2026-08-20T02:40:07.937Z,7839,2026-08-20T02:40:07.937Z,LAN,Lansing,2e0eb052-bb28-45b1-894f-8dc0851c56cc,SAMMS-Lansing
202608200219256955,202608200029238697,202608200029237018,85,1082,Bronze INV,br_AdmissionAssessmentDimensionSix,TASK_COMPLETE,FAILED,ERROR,428,428,1,SaveAdmissionAssessmentDimensionSix Bronze ForEach failed,2026-08-20T00:29:28.539Z,2026-08-20T02:40:07.937Z,7839,2026-08-20T02:40:07.937Z,LO,Louisville,2e0eb052-bb28-45b1-894f-8dc0851c56cc,SAMMS-Louisville
202608200219256956,202608200029238698,202608200029237018,85,1083,Bronze INV,br_AdmissionAssessmentDimensionSix,TASK_COMPLETE,FAILED,ERROR,1155,1155,1,SaveAdmissionAssessmentDimensionSix Bronze ForEach failed,2026-08-20T00:29:28.539Z,2026-08-20T02:40:07.937Z,7839,2026-08-20T02:40:07.937Z,LV1,Cheyenne,2e0eb052-bb28-45b1-894f-8dc0851c56cc,SAMMS-Cheyenne
202608200219256957,202608200029238699,202608200029237018,85,1084,Bronze INV,br_AdmissionAssessmentDimensionSix,TASK_COMPLETE,FAILED,ERROR,929,929,1,SaveAdmissionAssessmentDimensionSix Bronze ForEach failed,2026-08-20T00:29:28.539Z,2026-08-20T02:40:07.937Z,7839,2026-08-20T02:40:07.937Z,LV2,Desert Inn,2e0eb052-bb28-45b1-894f-8dc0851c56cc,SAMMS-DesertInn
202608200219256958,202608200029238700,202608200029237018,85,1085,Bronze INV,br_AdmissionAssessmentDimensionSix,TASK_COMPLETE,FAILED,ERROR,307,307,1,SaveAdmissionAssessmentDimensionSix Bronze ForEach failed,2026-08-20T00:29:28.539Z,2026-08-20T02:40:07.937Z,7839,2026-08-20T02:40:07.937Z,LV3,McDaniel,2e0eb052-bb28-45b1-894f-8dc0851c56cc,SAMMS-McDaniel
202608200219256960,202608200029238701,202608200029237018,85,1088,Bronze INV,br_AdmissionAssessmentDimensionSix,TASK_COMPLETE,FAILED,ERROR,270,270,1,SaveAdmissionAssessmentDimensionSix Bronze ForEach failed,2026-08-20T00:29:28.539Z,2026-08-20T02:40:07.937Z,7839,2026-08-20T02:40:07.937Z,MNRE,Monroe,2e0eb052-bb28-45b1-894f-8dc0851c56cc,SAMMS-Monroe
202608200219256961,202608200029238702,202608200029237018,85,1089,Bronze INV,br_AdmissionAssessmentDimensionSix,TASK_COMPLETE,FAILED,ERROR,121,121,1,SaveAdmissionAssessmentDimensionSix Bronze ForEach failed,2026-08-20T00:29:28.539Z,2026-08-20T02:40:07.937Z,7839,2026-08-20T02:40:07.937Z,MP,Mt. Pleasant,2e0eb052-bb28-45b1-894f-8dc0851c56cc,SAMMS-MtPleasant
202608200219256962,202608200029238703,202608200029237018,85,1090,Bronze INV,br_AdmissionAssessmentDimensionSix,TASK_COMPLETE,FAILED,ERROR,167,167,1,SaveAdmissionAssessmentDimensionSix Bronze ForEach failed,2026-08-20T00:29:28.539Z,2026-08-20T02:40:07.937Z,7839,2026-08-20T02:40:07.937Z,MRD,Meridian,2e0eb052-bb28-45b1-894f-8dc0851c56cc,SAMMS-Meridian
202608200219256963,202608200029238704,202608200029237018,85,1095,Bronze INV,br_AdmissionAssessmentDimensionSix,TASK_COMPLETE,FAILED,ERROR,618,618,1,SaveAdmissionAssessmentDimensionSix Bronze ForEach failed,2026-08-20T00:29:28.539Z,2026-08-20T02:40:07.937Z,7839,2026-08-20T02:40:07.937Z,NC,North Charleston,2e0eb052-bb28-45b1-894f-8dc0851c56cc,SAMMS-NorthCharleston
202608200219256964,202608200029238705,202608200029237018,85,1096,Bronze INV,br_AdmissionAssessmentDimensionSix,TASK_COMPLETE,FAILED,ERROR,555,555,1,SaveAdmissionAssessmentDimensionSix Bronze ForEach failed,2026-08-20T00:29:28.539Z,2026-08-20T02:40:07.937Z,7839,2026-08-20T02:40:07.937Z,NLR,N. Little Rock,2e0eb052-bb28-45b1-894f-8dc0851c56cc,SAMMS-NLROBOT
202608200219256965,202608200029238706,202608200029237018,85,1097,Bronze INV,br_AdmissionAssessmentDimensionSix,TASK_COMPLETE,FAILED,ERROR,234,234,1,SaveAdmissionAssessmentDimensionSix Bronze ForEach failed,2026-08-20T00:29:28.539Z,2026-08-20T02:40:07.937Z,7839,2026-08-20T02:40:07.937Z,PH,Phoenix,2e0eb052-bb28-45b1-894f-8dc0851c56cc,SAMMS-Phoenix
202608200219256966,202608200029238707,202608200029237018,85,1101,Bronze INV,br_AdmissionAssessmentDimensionSix,TASK_COMPLETE,FAILED,ERROR,404,404,1,SaveAdmissionAssessmentDimensionSix Bronze ForEach failed,2026-08-20T00:29:28.539Z,2026-08-20T02:40:07.937Z,7839,2026-08-20T02:40:07.937Z,RE,Reno,2e0eb052-bb28-45b1-894f-8dc0851c56cc,SAMMS-Reno
202608200219256968,202608200029238708,202608200029237018,85,1102,Bronze INV,br_AdmissionAssessmentDimensionSix,TASK_COMPLETE,FAILED,ERROR,387,387,1,SaveAdmissionAssessmentDimensionSix Bronze ForEach failed,2026-08-20T00:29:28.539Z,2026-08-20T02:40:07.937Z,7839,2026-08-20T02:40:07.937Z,RMD,Richmond,2e0eb052-bb28-45b1-894f-8dc0851c56cc,SAMMS-Richmond
202608200219256969,202608200029238709,202608200029237018,85,1103,Bronze INV,br_AdmissionAssessmentDimensionSix,TASK_COMPLETE,FAILED,ERROR,474,474,1,SaveAdmissionAssessmentDimensionSix Bronze ForEach failed,2026-08-20T00:29:28.539Z,2026-08-20T02:40:07.937Z,7839,2026-08-20T02:40:07.937Z,SFN,Springfield North,2e0eb052-bb28-45b1-894f-8dc0851c56cc,SAMMS-SFNv5
202608200219256970,202608200029238710,202608200029237018,85,1104,Bronze INV,br_AdmissionAssessmentDimensionSix,TASK_COMPLETE,FAILED,ERROR,446,446,1,SaveAdmissionAssessmentDimensionSix Bronze ForEach failed,2026-08-20T00:29:28.539Z,2026-08-20T02:40:07.937Z,7839,2026-08-20T02:40:07.937Z,SHP,Shreveport,2e0eb052-bb28-45b1-894f-8dc0851c56cc,SAMMS-Shreveport
202608200219256971,202608200029238711,202608200029237018,85,1106,Bronze INV,br_AdmissionAssessmentDimensionSix,TASK_COMPLETE,FAILED,ERROR,81,81,1,SaveAdmissionAssessmentDimensionSix Bronze ForEach failed,2026-08-20T00:29:28.539Z,2026-08-20T02:40:07.937Z,7839,2026-08-20T02:40:07.937Z,STN,Staunton,2e0eb052-bb28-45b1-894f-8dc0851c56cc,SAMMS-Staunton
202608200219256972,202608200029238712,202608200029237018,85,1107,Bronze INV,br_AdmissionAssessmentDimensionSix,TASK_COMPLETE,FAILED,ERROR,53,53,1,SaveAdmissionAssessmentDimensionSix Bronze ForEach failed,2026-08-20T00:29:28.539Z,2026-08-20T02:40:07.937Z,7839,2026-08-20T02:40:07.937Z,STVN,Stevenson,2e0eb052-bb28-45b1-894f-8dc0851c56cc,SAMMS-Stevenson
202608200219256973,202608200029238713,202608200029237018,85,1109,Bronze INV,br_AdmissionAssessmentDimensionSix,TASK_COMPLETE,FAILED,ERROR,70,70,1,SaveAdmissionAssessmentDimensionSix Bronze ForEach failed,2026-08-20T00:29:28.539Z,2026-08-20T02:40:07.937Z,7839,2026-08-20T02:40:07.937Z,TE,Tempe,2e0eb052-bb28-45b1-894f-8dc0851c56cc,SAMMS-Tempe
202608200219256974,202608200029238714,202608200029237018,85,1110,Bronze INV,br_AdmissionAssessmentDimensionSix,TASK_COMPLETE,FAILED,ERROR,358,358,1,SaveAdmissionAssessmentDimensionSix Bronze ForEach failed,2026-08-20T00:29:28.539Z,2026-08-20T02:40:07.937Z,7839,2026-08-20T02:40:07.937Z,TEX,Texarkana,2e0eb052-bb28-45b1-894f-8dc0851c56cc,SAMMS-Texarkana
202608200219256975,202608200029238715,202608200029237018,85,1111,Bronze INV,br_AdmissionAssessmentDimensionSix,TASK_COMPLETE,FAILED,ERROR,411,411,1,SaveAdmissionAssessmentDimensionSix Bronze ForEach failed,2026-08-20T00:29:28.539Z,2026-08-20T02:40:07.937Z,7839,2026-08-20T02:40:07.937Z,TTCA,Bessemer,2e0eb052-bb28-45b1-894f-8dc0851c56cc,SAMMS-BessemerV5
202608200219256977,202608200029238716,202608200029237018,85,1112,Bronze INV,br_AdmissionAssessmentDimensionSix,TASK_COMPLETE,FAILED,ERROR,543,543,1,SaveAdmissionAssessmentDimensionSix Bronze ForEach failed,2026-08-20T00:29:28.539Z,2026-08-20T02:40:07.937Z,7839,2026-08-20T02:40:07.937Z,TTCB,Cullman,2e0eb052-bb28-45b1-894f-8dc0851c56cc,SAMMS-CullmanV5
202608200219256978,202608200029238717,202608200029237018,85,1113,Bronze INV,br_AdmissionAssessmentDimensionSix,TASK_COMPLETE,FAILED,ERROR,292,292,1,SaveAdmissionAssessmentDimensionSix Bronze ForEach failed,2026-08-20T00:29:28.539Z,2026-08-20T02:40:07.937Z,7839,2026-08-20T02:40:07.937Z,TTCC,Grand Bay,2e0eb052-bb28-45b1-894f-8dc0851c56cc,SAMMS-GrandBay
202608200219256979,202608200029238718,202608200029237018,85,1114,Bronze INV,br_AdmissionAssessmentDimensionSix,TASK_COMPLETE,FAILED,ERROR,20,20,1,SaveAdmissionAssessmentDimensionSix Bronze ForEach failed,2026-08-20T00:29:28.539Z,2026-08-20T02:40:07.937Z,7839,2026-08-20T02:40:07.937Z,TU,Tucson,2e0eb052-bb28-45b1-894f-8dc0851c56cc,SAMMS-Tucson
202608200219256980,202608200029238719,202608200029237018,85,1116,Bronze INV,br_AdmissionAssessmentDimensionSix,TASK_COMPLETE,FAILED,ERROR,248,248,1,SaveAdmissionAssessmentDimensionSix Bronze ForEach failed,2026-08-20T00:29:28.539Z,2026-08-20T02:40:07.937Z,7839,2026-08-20T02:40:07.937Z,V1,Memphis South,2e0eb052-bb28-45b1-894f-8dc0851c56cc,SAMMS-VCPHCS-I-MemphisV5
202608200219256981,202608200029238720,202608200029237018,85,1117,Bronze INV,br_AdmissionAssessmentDimensionSix,TASK_COMPLETE,FAILED,ERROR,687,687,1,SaveAdmissionAssessmentDimensionSix Bronze ForEach failed,2026-08-20T00:29:28.539Z,2026-08-20T02:40:07.937Z,7839,2026-08-20T02:40:07.937Z,V10,Longmont,2e0eb052-bb28-45b1-894f-8dc0851c56cc,SAMMS-BoulderV5
202608200219256982,202608200029238721,202608200029237018,85,1118,Bronze INV,br_AdmissionAssessmentDimensionSix,TASK_COMPLETE,FAILED,ERROR,1177,1177,1,SaveAdmissionAssessmentDimensionSix Bronze ForEach failed,2026-08-20T00:29:28.539Z,2026-08-20T02:40:07.937Z,7839,2026-08-20T02:40:07.937Z,V10A,Fort Collins,2e0eb052-bb28-45b1-894f-8dc0851c56cc,SAMMS-FortCollinsV5
202608200219256983,202608200029238722,202608200029237018,85,1119,Bronze INV,br_AdmissionAssessmentDimensionSix,TASK_COMPLETE,FAILED,ERROR,979,979,1,SaveAdmissionAssessmentDimensionSix Bronze ForEach failed,2026-08-20T00:29:28.539Z,2026-08-20T02:40:07.937Z,7839,2026-08-20T02:40:07.937Z,V11,Westminster,2e0eb052-bb28-45b1-894f-8dc0851c56cc,SAMMS-VCPHCS-XI-NorthDenverV5
202608200219256985,202608200029238723,202608200029237018,85,1120,Bronze INV,br_AdmissionAssessmentDimensionSix,TASK_COMPLETE,FAILED,ERROR,1041,1041,1,SaveAdmissionAssessmentDimensionSix Bronze ForEach failed,2026-08-20T00:29:28.539Z,2026-08-20T02:40:07.937Z,7839,2026-08-20T02:40:07.937Z,V12,Downtown Denver,2e0eb052-bb28-45b1-894f-8dc0851c56cc,SAMMS-VCPHCS-XII-DowntownDenverV5
202608200219256986,202608200029238724,202608200029237018,85,1121,Bronze INV,br_AdmissionAssessmentDimensionSix,TASK_COMPLETE,FAILED,ERROR,473,473,1,SaveAdmissionAssessmentDimensionSix Bronze ForEach failed,2026-08-20T00:29:28.539Z,2026-08-20T02:40:07.937Z,7839,2026-08-20T02:40:07.937Z,V12A,Centennial,2e0eb052-bb28-45b1-894f-8dc0851c56cc,SAMMS-CentennialV5
202608200219256987,202608200029238725,202608200029237018,85,1122,Bronze INV,br_AdmissionAssessmentDimensionSix,TASK_COMPLETE,FAILED,ERROR,291,291,1,SaveAdmissionAssessmentDimensionSix Bronze ForEach failed,2026-08-20T00:29:28.539Z,2026-08-20T02:40:07.937Z,7839,2026-08-20T02:40:07.937Z,V14,Overland Park,2e0eb052-bb28-45b1-894f-8dc0851c56cc,SAMMS-VCPHCS-XIV-BridgewayV5
202608200219256988,202608200029238726,202608200029237018,85,1123,Bronze INV,br_AdmissionAssessmentDimensionSix,TASK_COMPLETE,FAILED,ERROR,556,556,1,SaveAdmissionAssessmentDimensionSix Bronze ForEach failed,2026-08-20T00:29:28.539Z,2026-08-20T02:40:07.937Z,7839,2026-08-20T02:40:07.937Z,V15,Joplin,2e0eb052-bb28-45b1-894f-8dc0851c56cc,SAMMS-JoplinV5
202608200219256989,202608200029238727,202608200029237018,85,1125,Bronze INV,br_AdmissionAssessmentDimensionSix,TASK_COMPLETE,FAILED,ERROR,464,464,1,SaveAdmissionAssessmentDimensionSix Bronze ForEach failed,2026-08-20T00:29:28.539Z,2026-08-20T02:40:07.937Z,7839,2026-08-20T02:40:07.937Z,V17,Columbia TN,2e0eb052-bb28-45b1-894f-8dc0851c56cc,SAMMS-ColumbiaTNv5
202608200219256990,202608200029238728,202608200029237018,85,1127,Bronze INV,br_AdmissionAssessmentDimensionSix,TASK_COMPLETE,FAILED,ERROR,409,409,1,SaveAdmissionAssessmentDimensionSix Bronze ForEach failed,2026-08-20T00:29:28.539Z,2026-08-20T02:40:07.937Z,7839,2026-08-20T02:40:07.937Z,V19,Jackson,2e0eb052-bb28-45b1-894f-8dc0851c56cc,SAMMS-JacksonV5
202608200219256991,202608200029238729,202608200029237018,85,1129,Bronze INV,br_AdmissionAssessmentDimensionSix,TASK_COMPLETE,FAILED,ERROR,475,475,1,SaveAdmissionAssessmentDimensionSix Bronze ForEach failed,2026-08-20T00:29:28.539Z,2026-08-20T02:40:07.937Z,7839,2026-08-20T02:40:07.937Z,V20,Paris,2e0eb052-bb28-45b1-894f-8dc0851c56cc,SAMMS-ParisV5
202608200219257434,202608200029238034,202608200029237018,85,1673,Bronze INV,br_AdmissionAssessmentSummary,TASK_COMPLETE,FAILED,ERROR,507,507,1,SaveAdmissionAssessmentSummary Bronze ForEach failed,2026-08-20T00:29:28.539Z,2026-08-20T02:40:07.937Z,7839,2026-08-20T02:40:07.937Z,V12A,Centennial,2e0eb052-bb28-45b1-894f-8dc0851c56cc,SAMMS-CentennialV5
202608200219257435,202608200029238035,202608200029237018,85,1674,Bronze INV,br_AdmissionAssessmentSummary,TASK_COMPLETE,FAILED,ERROR,314,314,1,SaveAdmissionAssessmentSummary Bronze ForEach failed,2026-08-20T00:29:28.539Z,2026-08-20T02:40:07.937Z,7839,2026-08-20T02:40:07.937Z,V14,Overland Park,2e0eb052-bb28-45b1-894f-8dc0851c56cc,SAMMS-VCPHCS-XIV-BridgewayV5
202608200219257436,202608200029238036,202608200029237018,85,1675,Bronze INV,br_AdmissionAssessmentSummary,TASK_COMPLETE,FAILED,ERROR,566,566,1,SaveAdmissionAssessmentSummary Bronze ForEach failed,2026-08-20T00:29:28.539Z,2026-08-20T02:40:07.937Z,7839,2026-08-20T02:40:07.937Z,V15,Joplin,2e0eb052-bb28-45b1-894f-8dc0851c56cc,SAMMS-JoplinV5
202608200219257437,202608200029238037,202608200029237018,85,1677,Bronze INV,br_AdmissionAssessmentSummary,TASK_COMPLETE,FAILED,ERROR,489,489,1,SaveAdmissionAssessmentSummary Bronze ForEach failed,2026-08-20T00:29:28.539Z,2026-08-20T02:40:07.937Z,7839,2026-08-20T02:40:07.937Z,V17,Columbia TN,2e0eb052-bb28-45b1-894f-8dc0851c56cc,SAMMS-ColumbiaTNv5
202608200219257438,202608200029238038,202608200029237018,85,1679,Bronze INV,br_AdmissionAssessmentSummary,TASK_COMPLETE,FAILED,ERROR,437,437,1,SaveAdmissionAssessmentSummary Bronze ForEach failed,2026-08-20T00:29:28.539Z,2026-08-20T02:40:07.937Z,7839,2026-08-20T02:40:07.937Z,V19,Jackson,2e0eb052-bb28-45b1-894f-8dc0851c56cc,SAMMS-JacksonV5
202608200219257439,202608200029238039,202608200029237018,85,1681,Bronze INV,br_AdmissionAssessmentSummary,TASK_COMPLETE,FAILED,ERROR,522,522,1,SaveAdmissionAssessmentSummary Bronze ForEach failed,2026-08-20T00:29:28.539Z,2026-08-20T02:40:07.937Z,7839,2026-08-20T02:40:07.937Z,V20,Paris,2e0eb052-bb28-45b1-894f-8dc0851c56cc,SAMMS-ParisV5
202608200219257441,202608200029238040,202608200029237018,85,1682,Bronze INV,br_AdmissionAssessmentSummary,TASK_COMPLETE,FAILED,ERROR,367,367,1,SaveAdmissionAssessmentSummary Bronze ForEach failed,2026-08-20T00:29:28.539Z,2026-08-20T02:40:07.937Z,7839,2026-08-20T02:40:07.937Z,V21,Memphis North,2e0eb052-bb28-45b1-894f-8dc0851c56cc,SAMMS-RaleighV5
202608200219257442,202608200029238041,202608200029237018,85,1685,Bronze INV,br_AdmissionAssessmentSummary,TASK_COMPLETE,FAILED,ERROR,729,729,1,SaveAdmissionAssessmentSummary Bronze ForEach failed,2026-08-20T00:29:28.539Z,2026-08-20T02:40:07.937Z,7839,2026-08-20T02:40:07.937Z,V5,West Bank,2e0eb052-bb28-45b1-894f-8dc0851c56cc,SAMMS-NONTCv5
202608200219257443,202608200029238042,202608200029237018,85,1687,Bronze INV,br_AdmissionAssessmentSummary,TASK_COMPLETE,FAILED,ERROR,260,260,1,SaveAdmissionAssessmentSummary Bronze ForEach failed,2026-08-20T00:29:28.539Z,2026-08-20T02:40:07.937Z,7839,2026-08-20T02:40:07.937Z,V5B,Houma,2e0eb052-bb28-45b1-894f-8dc0851c56cc,SAMMS-HoumaV6
202608200219257444,202608200029238043,202608200029237018,85,1688,Bronze INV,br_AdmissionAssessmentSummary,TASK_COMPLETE,FAILED,ERROR,982,982,1,SaveAdmissionAssessmentSummary Bronze ForEach failed,2026-08-20T00:29:28.539Z,2026-08-20T02:40:07.937Z,7839,2026-08-20T02:40:07.937Z,V6,Lake Charles,2e0eb052-bb28-45b1-894f-8dc0851c56cc,SAMMS-LCv5
202608200219257446,202608200029238044,202608200029237018,85,1690,Bronze INV,br_AdmissionAssessmentSummary,TASK_COMPLETE,FAILED,ERROR,579,579,1,SaveAdmissionAssessmentSummary Bronze ForEach failed,2026-08-20T00:29:28.539Z,2026-08-20T02:40:07.937Z,7839,2026-08-20T02:40:07.937Z,V8,Memphis Midtown,2e0eb052-bb28-45b1-894f-8dc0851c56cc,SAMMS-VCPHCS-VIII-MemphisV5
202608200219257447,202608200029238045,202608200029237018,85,1691,Bronze INV,br_AdmissionAssessmentSummary,TASK_COMPLETE,FAILED,ERROR,1622,1622,1,SaveAdmissionAssessmentSummary Bronze ForEach failed,2026-08-20T00:29:28.539Z,2026-08-20T02:40:07.937Z,7839,2026-08-20T02:40:07.937Z,V9,Nashville,2e0eb052-bb28-45b1-894f-8dc0851c56cc,SAMMS-NashvilleV5
202608200219257448,202608200029238046,202608200029237018,85,1692,Bronze INV,br_AdmissionAssessmentSummary,TASK_COMPLETE,FAILED,ERROR,350,350,1,SaveAdmissionAssessmentSummary Bronze ForEach failed,2026-08-20T00:29:28.539Z,2026-08-20T02:40:07.937Z,7839,2026-08-20T02:40:07.937Z,VBRA,Brainerd,2e0eb052-bb28-45b1-894f-8dc0851c56cc,SAMMS-BrainerdV6
202608200219257449,202608200029238047,202608200029237018,85,1693,Bronze INV,br_AdmissionAssessmentSummary,TASK_COMPLETE,FAILED,ERROR,617,617,1,SaveAdmissionAssessmentSummary Bronze ForEach failed,2026-08-20T00:29:28.539Z,2026-08-20T02:40:07.937Z,7839,2026-08-20T02:40:07.937Z,VBRP,Brooklyn Park,2e0eb052-bb28-45b1-894f-8dc0851c56cc,SAMMS-BrooklynParkV6
202608200219257450,202608200029238048,202608200029237018,85,1695,Bronze INV,br_AdmissionAssessmentSummary,TASK_COMPLETE,FAILED,ERROR,596,596,1,SaveAdmissionAssessmentSummary Bronze ForEach failed,2026-08-20T00:29:28.539Z,2026-08-20T02:40:07.937Z,7839,2026-08-20T02:40:07.937Z,VMIN,Minneapolis,2e0eb052-bb28-45b1-894f-8dc0851c56cc,SAMMS-MinneapolisV6
202608200219257451,202608200029238049,202608200029237018,85,1696,Bronze INV,br_AdmissionAssessmentSummary,TASK_COMPLETE,FAILED,ERROR,1132,1132,1,SaveAdmissionAssessmentSummary Bronze ForEach failed,2026-08-20T00:29:28.539Z,2026-08-20T02:40:07.937Z,7839,2026-08-20T02:40:07.937Z,VWBY,Woodbury,2e0eb052-bb28-45b1-894f-8dc0851c56cc,SAMMS-WoodburyV6
202608200219257452,202608200029238050,202608200029237018,85,1698,Bronze INV,br_AdmissionAssessmentSummary,TASK_COMPLETE,FAILED,ERROR,435,435,1,SaveAdmissionAssessmentSummary Bronze ForEach failed,2026-08-20T00:29:28.539Z,2026-08-20T02:40:07.937Z,7839,2026-08-20T02:40:07.937Z,WIL,Wilson,2e0eb052-bb28-45b1-894f-8dc0851c56cc,SAMMS-Wilson
202608200219257554,202608200029337026,202608200029337018,86,5727,Silver INV,sl_AdmissionAssessmentSummary,TASK_COMPLETE,SKIPPED,WARN,0,0,0,Skipped: SaveAdmissionAssessmentSummary failed at BR,2026-08-20T00:29:28.539Z,2026-08-20T02:40:07.937Z,7839,2026-08-20T02:40:07.937Z,,,2e0eb052-bb28-45b1-894f-8dc0851c56cc,
202608200219257471,202608200029237707,202608200029237018,85,1702,Bronze INV,br_Appointments,TASK_COMPLETE,FAILED,ERROR,7595,7595,1,SaveAppointments Bronze ForEach failed,2026-08-20T00:29:28.539Z,2026-08-20T02:40:07.937Z,7839,2026-08-20T02:40:07.937Z,AHK,Ahoskie,2e0eb052-bb28-45b1-894f-8dc0851c56cc,SAMMS-Ahoskie
202608200219257472,202608200029237708,202608200029237018,85,1703,Bronze INV,br_Appointments,TASK_COMPLETE,FAILED,ERROR,14695,14695,1,SaveAppointments Bronze ForEach failed,2026-08-20T00:29:28.539Z,2026-08-20T02:40:07.937Z,7839,2026-08-20T02:40:07.937Z,B12B,Colorado Springs,2e0eb052-bb28-45b1-894f-8dc0851c56cc,SAMMS-ColoradoSpringsV5
202608200219257473,202608200029237709,202608200029237018,85,1704,Bronze INV,br_Appointments,TASK_COMPLETE,FAILED,ERROR,19997,19997,1,SaveAppointments Bronze ForEach failed,2026-08-20T00:29:28.539Z,2026-08-20T02:40:07.937Z,7839,2026-08-20T02:40:07.937Z,B24,Paintsville,2e0eb052-bb28-45b1-894f-8dc0851c56cc,SAMMS-PaintsvilleV5
202608200219257474,202608200029237710,202608200029237018,85,1705,Bronze INV,br_Appointments,TASK_COMPLETE,FAILED,ERROR,15762,15762,1,SaveAppointments Bronze ForEach failed,2026-08-20T00:29:28.539Z,2026-08-20T02:40:07.937Z,7839,2026-08-20T02:40:07.937Z,B25,Pikeville,2e0eb052-bb28-45b1-894f-8dc0851c56cc,SAMMS-PikevilleV5
202608200219257475,202608200029237711,202608200029237018,85,1706,Bronze INV,br_Appointments,TASK_COMPLETE,FAILED,ERROR,48835,48835,1,SaveAppointments Bronze ForEach failed,2026-08-20T00:29:28.539Z,2026-08-20T02:40:07.937Z,7839,2026-08-20T02:40:07.937Z,B26,Hazard,2e0eb052-bb28-45b1-894f-8dc0851c56cc,SAMMS-HazardV5
202608200219257477,202608200029237712,202608200029237018,85,1707,Bronze INV,br_Appointments,TASK_COMPLETE,FAILED,ERROR,21609,21609,1,SaveAppointments Bronze ForEach failed,2026-08-20T00:29:28.539Z,2026-08-20T02:40:07.937Z,7839,2026-08-20T02:40:07.937Z,B27,Savannah,2e0eb052-bb28-45b1-894f-8dc0851c56cc,SAMMS-SavannahV6
202608200219257478,202608200029237713,202608200029237018,85,1708,Bronze INV,br_Appointments,TASK_COMPLETE,FAILED,ERROR,6675,6675,1,SaveAppointments Bronze ForEach failed,2026-08-20T00:29:28.539Z,2026-08-20T02:40:07.937Z,7839,2026-08-20T02:40:07.937Z,B28,West Plains,2e0eb052-bb28-45b1-894f-8dc0851c56cc,SAMMS-WestPlainesV5
202608200219257479,202608200029237714,202608200029237018,85,1709,Bronze INV,br_Appointments,TASK_COMPLETE,FAILED,ERROR,8103,8103,1,SaveAppointments Bronze ForEach failed,2026-08-20T00:29:28.539Z,2026-08-20T02:40:07.937Z,7839,2026-08-20T02:40:07.937Z,B29,Poplar Bluff,2e0eb052-bb28-45b1-894f-8dc0851c56cc,SAMMS-PoplarBluffV5
202608200219257480,202608200029237715,202608200029237018,85,1710,Bronze INV,br_Appointments,TASK_COMPLETE,FAILED,ERROR,6762,6762,1,SaveAppointments Bronze ForEach failed,2026-08-20T00:29:28.539Z,2026-08-20T02:40:07.937Z,7839,2026-08-20T02:40:07.937Z,B30,KC North,2e0eb052-bb28-45b1-894f-8dc0851c56cc,SAMMS-KCNv5
202608200219257481,202608200029237716,202608200029237018,85,1711,Bronze INV,br_Appointments,TASK_COMPLETE,FAILED,ERROR,31684,31684,1,SaveAppointments Bronze ForEach failed,2026-08-20T00:29:28.539Z,2026-08-20T02:40:07.937Z,7839,2026-08-20T02:40:07.937Z,B31,Dyersburg,2e0eb052-bb28-45b1-894f-8dc0851c56cc,SAMMS-DyersburgV5
202608200219257482,202608200029237717,202608200029237018,85,1713,Bronze INV,br_Appointments,TASK_COMPLETE,FAILED,ERROR,52791,52791,1,SaveAppointments Bronze ForEach failed,2026-08-20T00:29:28.539Z,2026-08-20T02:40:07.937Z,7839,2026-08-20T02:40:07.937Z,B33,Paducah,2e0eb052-bb28-45b1-894f-8dc0851c56cc,SAMMS-Paducah
202608200219257483,202608200029237718,202608200029237018,85,1714,Bronze INV,br_Appointments,TASK_COMPLETE,FAILED,ERROR,23778,23778,1,SaveAppointments Bronze ForEach failed,2026-08-20T00:29:28.539Z,2026-08-20T02:40:07.937Z,7839,2026-08-20T02:40:07.937Z,B34,Corbin,2e0eb052-bb28-45b1-894f-8dc0851c56cc,SAMMS-CorbinV5
202608200219257484,202608200029237719,202608200029237018,85,1715,Bronze INV,br_Appointments,TASK_COMPLETE,FAILED,ERROR,44331,44331,1,SaveAppointments Bronze ForEach failed,2026-08-20T00:29:28.539Z,2026-08-20T02:40:07.937Z,7839,2026-08-20T02:40:07.937Z,B35,Lexington,2e0eb052-bb28-45b1-894f-8dc0851c56cc,SAMMS-LexingtonV5
202608200219257485,202608200029237720,202608200029237018,85,1716,Bronze INV,br_Appointments,TASK_COMPLETE,FAILED,ERROR,26475,26475,1,SaveAppointments Bronze ForEach failed,2026-08-20T00:29:28.539Z,2026-08-20T02:40:07.937Z,7839,2026-08-20T02:40:07.937Z,B35A,Berea,2e0eb052-bb28-45b1-894f-8dc0851c56cc,SAMMS-BereaV5
202608200219257487,202608200029237721,202608200029237018,85,1717,Bronze INV,br_Appointments,TASK_COMPLETE,FAILED,ERROR,57238,57238,1,SaveAppointments Bronze ForEach failed,2026-08-20T00:29:28.539Z,2026-08-20T02:40:07.937Z,7839,2026-08-20T02:40:07.937Z,B36,Asheville,2e0eb052-bb28-45b1-894f-8dc0851c56cc,SAMMS-AshevilleV5
202608200219257488,202608200029237722,202608200029237018,85,1718,Bronze INV,br_Appointments,TASK_COMPLETE,FAILED,ERROR,40393,40393,1,SaveAppointments Bronze ForEach failed,2026-08-20T00:29:28.539Z,2026-08-20T02:40:07.937Z,7839,2026-08-20T02:40:07.937Z,B37,Clyde,2e0eb052-bb28-45b1-894f-8dc0851c56cc,SAMMS-ClydeV5
202608200219257489,202608200029237723,202608200029237018,85,1719,Bronze INV,br_Appointments,TASK_COMPLETE,FAILED,ERROR,16034,16034,1,SaveAppointments Bronze ForEach failed,2026-08-20T00:29:28.539Z,2026-08-20T02:40:07.937Z,7839,2026-08-20T02:40:07.937Z,B38,Spartanburg,2e0eb052-bb28-45b1-894f-8dc0851c56cc,SAMMS-SpartanburgV5
202608200219257490,202608200029237724,202608200029237018,85,1720,Bronze INV,br_Appointments,TASK_COMPLETE,FAILED,ERROR,20179,20179,1,SaveAppointments Bronze ForEach failed,2026-08-20T00:29:28.539Z,2026-08-20T02:40:07.937Z,7839,2026-08-20T02:40:07.937Z,B39,Aiken,2e0eb052-bb28-45b1-894f-8dc0851c56cc,SAMMS-AikenV5
202608200219257491,202608200029237725,202608200029237018,85,1721,Bronze INV,br_Appointments,TASK_COMPLETE,FAILED,ERROR,20045,20045,1,SaveAppointments Bronze ForEach failed,2026-08-20T00:29:28.539Z,2026-08-20T02:40:07.937Z,7839,2026-08-20T02:40:07.937Z,B41,Chesapeake,2e0eb052-bb28-45b1-894f-8dc0851c56cc,SAMMS-ChesapeakeV5
202608200219257492,202608200029237726,202608200029237018,85,1722,Bronze INV,br_Appointments,TASK_COMPLETE,FAILED,ERROR,18950,18950,1,SaveAppointments Bronze ForEach failed,2026-08-20T00:29:28.539Z,2026-08-20T02:40:07.937Z,7839,2026-08-20T02:40:07.937Z,B42,Virginia Beach,2e0eb052-bb28-45b1-894f-8dc0851c56cc,SAMMS-VirginiaBeachV5
202608200219257244,202608200029238228,202608200029237018,85,1437,Bronze INV,br_AdmissionAssessmentDimensionTwo,TASK_COMPLETE,FAILED,ERROR,179,179,1,SaveAdmissionAssessmentDimensionTwo Bronze ForEach failed,2026-08-20T00:29:28.539Z,2026-08-20T02:40:07.937Z,7839,2026-08-20T02:40:07.937Z,FR,Frankfort,2e0eb052-bb28-45b1-894f-8dc0851c56cc,SAMMS-Frankfort
202608200219257245,202608200029238229,202608200029237018,85,1438,Bronze INV,br_AdmissionAssessmentDimensionTwo,TASK_COMPLETE,FAILED,ERROR,279,279,1,SaveAdmissionAssessmentDimensionTwo Bronze ForEach failed,2026-08-20T00:29:28.539Z,2026-08-20T02:40:07.937Z,7839,2026-08-20T02:40:07.937Z,FS,Fort Smith,2e0eb052-bb28-45b1-894f-8dc0851c56cc,SAMMS-FortSmith
202608200219257246,202608200029238230,202608200029237018,85,1439,Bronze INV,br_AdmissionAssessmentDimensionTwo,TASK_COMPLETE,FAILED,ERROR,678,678,1,SaveAdmissionAssessmentDimensionTwo Bronze ForEach failed,2026-08-20T00:29:28.539Z,2026-08-20T02:40:07.937Z,7839,2026-08-20T02:40:07.937Z,FW,Fort Wayne,2e0eb052-bb28-45b1-894f-8dc0851c56cc,SAMMS-FortWayne
202608200219257247,202608200029238231,202608200029237018,85,1440,Bronze INV,br_AdmissionAssessmentDimensionTwo,TASK_COMPLETE,FAILED,ERROR,105,105,1,SaveAdmissionAssessmentDimensionTwo Bronze ForEach failed,2026-08-20T00:29:28.539Z,2026-08-20T02:40:07.937Z,7839,2026-08-20T02:40:07.937Z,GAL,Gaylord,2e0eb052-bb28-45b1-894f-8dc0851c56cc,SAMMS-Gaylord
202608200219257248,202608200029238232,202608200029237018,85,1444,Bronze INV,br_AdmissionAssessmentDimensionTwo,TASK_COMPLETE,FAILED,ERROR,621,621,1,SaveAdmissionAssessmentDimensionTwo Bronze ForEach failed,2026-08-20T00:29:28.539Z,2026-08-20T02:40:07.937Z,7839,2026-08-20T02:40:07.937Z,HGT,Hagerstown,2e0eb052-bb28-45b1-894f-8dc0851c56cc,SAMMS-Hagerstown
202608200219257250,202608200029238233,202608200029237018,85,1445,Bronze INV,br_AdmissionAssessmentDimensionTwo,TASK_COMPLETE,FAILED,ERROR,469,469,1,SaveAdmissionAssessmentDimensionTwo Bronze ForEach failed,2026-08-20T00:29:28.539Z,2026-08-20T02:40:07.937Z,7839,2026-08-20T02:40:07.937Z,HNT,Huntsville,2e0eb052-bb28-45b1-894f-8dc0851c56cc,SAMMS-Huntsville
202608200219257251,202608200029238234,202608200029237018,85,1446,Bronze INV,br_AdmissionAssessmentDimensionTwo,TASK_COMPLETE,FAILED,ERROR,306,306,1,SaveAdmissionAssessmentDimensionTwo Bronze ForEach failed,2026-08-20T00:29:28.539Z,2026-08-20T02:40:07.937Z,7839,2026-08-20T02:40:07.937Z,HS,Hot Springs,2e0eb052-bb28-45b1-894f-8dc0851c56cc,SAMMS-HotSprings
202608200219257252,202608200029238235,202608200029237018,85,1447,Bronze INV,br_AdmissionAssessmentDimensionTwo,TASK_COMPLETE,FAILED,ERROR,267,267,1,SaveAdmissionAssessmentDimensionTwo Bronze ForEach failed,2026-08-20T00:29:28.539Z,2026-08-20T02:40:07.937Z,7839,2026-08-20T02:40:07.937Z,JON,Jonesboro,2e0eb052-bb28-45b1-894f-8dc0851c56cc,SAMMS-Jonesboro
202608200219257253,202608200029238236,202608200029237018,85,1449,Bronze INV,br_AdmissionAssessmentDimensionTwo,TASK_COMPLETE,FAILED,ERROR,153,153,1,SaveAdmissionAssessmentDimensionTwo Bronze ForEach failed,2026-08-20T00:29:28.539Z,2026-08-20T02:40:07.937Z,7839,2026-08-20T02:40:07.937Z,LAN,Lansing,2e0eb052-bb28-45b1-894f-8dc0851c56cc,SAMMS-Lansing
202608200219257254,202608200029238237,202608200029237018,85,1450,Bronze INV,br_AdmissionAssessmentDimensionTwo,TASK_COMPLETE,FAILED,ERROR,429,429,1,SaveAdmissionAssessmentDimensionTwo Bronze ForEach failed,2026-08-20T00:29:28.539Z,2026-08-20T02:40:07.937Z,7839,2026-08-20T02:40:07.937Z,LO,Louisville,2e0eb052-bb28-45b1-894f-8dc0851c56cc,SAMMS-Louisville
202608200219257255,202608200029238238,202608200029237018,85,1451,Bronze INV,br_AdmissionAssessmentDimensionTwo,TASK_COMPLETE,FAILED,ERROR,1170,1170,1,SaveAdmissionAssessmentDimensionTwo Bronze ForEach failed,2026-08-20T00:29:28.539Z,2026-08-20T02:40:07.937Z,7839,2026-08-20T02:40:07.937Z,LV1,Cheyenne,2e0eb052-bb28-45b1-894f-8dc0851c56cc,SAMMS-Cheyenne
202608200219257256,202608200029238239,202608200029237018,85,1452,Bronze INV,br_AdmissionAssessmentDimensionTwo,TASK_COMPLETE,FAILED,ERROR,944,944,1,SaveAdmissionAssessmentDimensionTwo Bronze ForEach failed,2026-08-20T00:29:28.539Z,2026-08-20T02:40:07.937Z,7839,2026-08-20T02:40:07.937Z,LV2,Desert Inn,2e0eb052-bb28-45b1-894f-8dc0851c56cc,SAMMS-DesertInn
202608200219257257,202608200029238240,202608200029237018,85,1453,Bronze INV,br_AdmissionAssessmentDimensionTwo,TASK_COMPLETE,FAILED,ERROR,311,311,1,SaveAdmissionAssessmentDimensionTwo Bronze ForEach failed,2026-08-20T00:29:28.539Z,2026-08-20T02:40:07.937Z,7839,2026-08-20T02:40:07.937Z,LV3,McDaniel,2e0eb052-bb28-45b1-894f-8dc0851c56cc,SAMMS-McDaniel
202608200219257259,202608200029238241,202608200029237018,85,1456,Bronze INV,br_AdmissionAssessmentDimensionTwo,TASK_COMPLETE,FAILED,ERROR,271,271,1,SaveAdmissionAssessmentDimensionTwo Bronze ForEach failed,2026-08-20T00:29:28.539Z,2026-08-20T02:40:07.937Z,7839,2026-08-20T02:40:07.937Z,MNRE,Monroe,2e0eb052-bb28-45b1-894f-8dc0851c56cc,SAMMS-Monroe
202608200219257260,202608200029238242,202608200029237018,85,1457,Bronze INV,br_AdmissionAssessmentDimensionTwo,TASK_COMPLETE,FAILED,ERROR,130,130,1,SaveAdmissionAssessmentDimensionTwo Bronze ForEach failed,2026-08-20T00:29:28.539Z,2026-08-20T02:40:07.937Z,7839,2026-08-20T02:40:07.937Z,MP,Mt. Pleasant,2e0eb052-bb28-45b1-894f-8dc0851c56cc,SAMMS-MtPleasant
202608200219257261,202608200029238243,202608200029237018,85,1458,Bronze INV,br_AdmissionAssessmentDimensionTwo,TASK_COMPLETE,FAILED,ERROR,169,169,1,SaveAdmissionAssessmentDimensionTwo Bronze ForEach failed,2026-08-20T00:29:28.539Z,2026-08-20T02:40:07.937Z,7839,2026-08-20T02:40:07.937Z,MRD,Meridian,2e0eb052-bb28-45b1-894f-8dc0851c56cc,SAMMS-Meridian
202608200219257262,202608200029238244,202608200029237018,85,1463,Bronze INV,br_AdmissionAssessmentDimensionTwo,TASK_COMPLETE,FAILED,ERROR,629,629,1,SaveAdmissionAssessmentDimensionTwo Bronze ForEach failed,2026-08-20T00:29:28.539Z,2026-08-20T02:40:07.937Z,7839,2026-08-20T02:40:07.937Z,NC,North Charleston,2e0eb052-bb28-45b1-894f-8dc0851c56cc,SAMMS-NorthCharleston
202608200219257263,202608200029238245,202608200029237018,85,1464,Bronze INV,br_AdmissionAssessmentDimensionTwo,TASK_COMPLETE,FAILED,ERROR,561,561,1,SaveAdmissionAssessmentDimensionTwo Bronze ForEach failed,2026-08-20T00:29:28.539Z,2026-08-20T02:40:07.937Z,7839,2026-08-20T02:40:07.937Z,NLR,N. Little Rock,2e0eb052-bb28-45b1-894f-8dc0851c56cc,SAMMS-NLROBOT
202608200219257264,202608200029238246,202608200029237018,85,1465,Bronze INV,br_AdmissionAssessmentDimensionTwo,TASK_COMPLETE,FAILED,ERROR,238,238,1,SaveAdmissionAssessmentDimensionTwo Bronze ForEach failed,2026-08-20T00:29:28.539Z,2026-08-20T02:40:07.937Z,7839,2026-08-20T02:40:07.937Z,PH,Phoenix,2e0eb052-bb28-45b1-894f-8dc0851c56cc,SAMMS-Phoenix
202608200219257265,202608200029238247,202608200029237018,85,1469,Bronze INV,br_AdmissionAssessmentDimensionTwo,TASK_COMPLETE,FAILED,ERROR,409,409,1,SaveAdmissionAssessmentDimensionTwo Bronze ForEach failed,2026-08-20T00:29:28.539Z,2026-08-20T02:40:07.937Z,7839,2026-08-20T02:40:07.937Z,RE,Reno,2e0eb052-bb28-45b1-894f-8dc0851c56cc,SAMMS-Reno
202608200219257267,202608200029238248,202608200029237018,85,1470,Bronze INV,br_AdmissionAssessmentDimensionTwo,TASK_COMPLETE,FAILED,ERROR,392,392,1,SaveAdmissionAssessmentDimensionTwo Bronze ForEach failed,2026-08-20T00:29:28.539Z,2026-08-20T02:40:07.937Z,7839,2026-08-20T02:40:07.937Z,RMD,Richmond,2e0eb052-bb28-45b1-894f-8dc0851c56cc,SAMMS-Richmond
202608200219257268,202608200029238249,202608200029237018,85,1471,Bronze INV,br_AdmissionAssessmentDimensionTwo,TASK_COMPLETE,FAILED,ERROR,481,481,1,SaveAdmissionAssessmentDimensionTwo Bronze ForEach failed,2026-08-20T00:29:28.539Z,2026-08-20T02:40:07.937Z,7839,2026-08-20T02:40:07.937Z,SFN,Springfield North,2e0eb052-bb28-45b1-894f-8dc0851c56cc,SAMMS-SFNv5
202608200219257269,202608200029238250,202608200029237018,85,1472,Bronze INV,br_AdmissionAssessmentDimensionTwo,TASK_COMPLETE,FAILED,ERROR,447,447,1,SaveAdmissionAssessmentDimensionTwo Bronze ForEach failed,2026-08-20T00:29:28.539Z,2026-08-20T02:40:07.937Z,7839,2026-08-20T02:40:07.937Z,SHP,Shreveport,2e0eb052-bb28-45b1-894f-8dc0851c56cc,SAMMS-Shreveport
202608200219257270,202608200029238251,202608200029237018,85,1474,Bronze INV,br_AdmissionAssessmentDimensionTwo,TASK_COMPLETE,FAILED,ERROR,82,82,1,SaveAdmissionAssessmentDimensionTwo Bronze ForEach failed,2026-08-20T00:29:28.539Z,2026-08-20T02:40:07.937Z,7839,2026-08-20T02:40:07.937Z,STN,Staunton,2e0eb052-bb28-45b1-894f-8dc0851c56cc,SAMMS-Staunton
202608200219257271,202608200029238252,202608200029237018,85,1475,Bronze INV,br_AdmissionAssessmentDimensionTwo,TASK_COMPLETE,FAILED,ERROR,52,52,1,SaveAdmissionAssessmentDimensionTwo Bronze ForEach failed,2026-08-20T00:29:28.539Z,2026-08-20T02:40:07.937Z,7839,2026-08-20T02:40:07.937Z,STVN,Stevenson,2e0eb052-bb28-45b1-894f-8dc0851c56cc,SAMMS-Stevenson
202608200219257272,202608200029238253,202608200029237018,85,1477,Bronze INV,br_AdmissionAssessmentDimensionTwo,TASK_COMPLETE,FAILED,ERROR,71,71,1,SaveAdmissionAssessmentDimensionTwo Bronze ForEach failed,2026-08-20T00:29:28.539Z,2026-08-20T02:40:07.937Z,7839,2026-08-20T02:40:07.937Z,TE,Tempe,2e0eb052-bb28-45b1-894f-8dc0851c56cc,SAMMS-Tempe
202608200219257273,202608200029238254,202608200029237018,85,1478,Bronze INV,br_AdmissionAssessmentDimensionTwo,TASK_COMPLETE,FAILED,ERROR,360,360,1,SaveAdmissionAssessmentDimensionTwo Bronze ForEach failed,2026-08-20T00:29:28.539Z,2026-08-20T02:40:07.937Z,7839,2026-08-20T02:40:07.937Z,TEX,Texarkana,2e0eb052-bb28-45b1-894f-8dc0851c56cc,SAMMS-Texarkana
202608200219257275,202608200029238255,202608200029237018,85,1479,Bronze INV,br_AdmissionAssessmentDimensionTwo,TASK_COMPLETE,FAILED,ERROR,426,426,1,SaveAdmissionAssessmentDimensionTwo Bronze ForEach failed,2026-08-20T00:29:28.539Z,2026-08-20T02:40:07.937Z,7839,2026-08-20T02:40:07.937Z,TTCA,Bessemer,2e0eb052-bb28-45b1-894f-8dc0851c56cc,SAMMS-BessemerV5
202608200219257276,202608200029238256,202608200029237018,85,1480,Bronze INV,br_AdmissionAssessmentDimensionTwo,TASK_COMPLETE,FAILED,ERROR,544,544,1,SaveAdmissionAssessmentDimensionTwo Bronze ForEach failed,2026-08-20T00:29:28.539Z,2026-08-20T02:40:07.937Z,7839,2026-08-20T02:40:07.937Z,TTCB,Cullman,2e0eb052-bb28-45b1-894f-8dc0851c56cc,SAMMS-CullmanV5
202608200219257277,202608200029238257,202608200029237018,85,1481,Bronze INV,br_AdmissionAssessmentDimensionTwo,TASK_COMPLETE,FAILED,ERROR,317,317,1,SaveAdmissionAssessmentDimensionTwo Bronze ForEach failed,2026-08-20T00:29:28.539Z,2026-08-20T02:40:07.937Z,7839,2026-08-20T02:40:07.937Z,TTCC,Grand Bay,2e0eb052-bb28-45b1-894f-8dc0851c56cc,SAMMS-GrandBay
202608200219257278,202608200029238258,202608200029237018,85,1482,Bronze INV,br_AdmissionAssessmentDimensionTwo,TASK_COMPLETE,FAILED,ERROR,22,22,1,SaveAdmissionAssessmentDimensionTwo Bronze ForEach failed,2026-08-20T00:29:28.539Z,2026-08-20T02:40:07.937Z,7839,2026-08-20T02:40:07.937Z,TU,Tucson,2e0eb052-bb28-45b1-894f-8dc0851c56cc,SAMMS-Tucson
202608200219257279,202608200029238259,202608200029237018,85,1484,Bronze INV,br_AdmissionAssessmentDimensionTwo,TASK_COMPLETE,FAILED,ERROR,251,251,1,SaveAdmissionAssessmentDimensionTwo Bronze ForEach failed,2026-08-20T00:29:28.539Z,2026-08-20T02:40:07.937Z,7839,2026-08-20T02:40:07.937Z,V1,Memphis South,2e0eb052-bb28-45b1-894f-8dc0851c56cc,SAMMS-VCPHCS-I-MemphisV5
202608200219257280,202608200029238260,202608200029237018,85,1485,Bronze INV,br_AdmissionAssessmentDimensionTwo,TASK_COMPLETE,FAILED,ERROR,694,694,1,SaveAdmissionAssessmentDimensionTwo Bronze ForEach failed,2026-08-20T00:29:28.539Z,2026-08-20T02:40:07.937Z,7839,2026-08-20T02:40:07.937Z,V10,Longmont,2e0eb052-bb28-45b1-894f-8dc0851c56cc,SAMMS-BoulderV5
202608200219257281,202608200029238261,202608200029237018,85,1486,Bronze INV,br_AdmissionAssessmentDimensionTwo,TASK_COMPLETE,FAILED,ERROR,1184,1184,1,SaveAdmissionAssessmentDimensionTwo Bronze ForEach failed,2026-08-20T00:29:28.539Z,2026-08-20T02:40:07.937Z,7839,2026-08-20T02:40:07.937Z,V10A,Fort Collins,2e0eb052-bb28-45b1-894f-8dc0851c56cc,SAMMS-FortCollinsV5
202608200219257282,202608200029238262,202608200029237018,85,1487,Bronze INV,br_AdmissionAssessmentDimensionTwo,TASK_COMPLETE,FAILED,ERROR,991,991,1,SaveAdmissionAssessmentDimensionTwo Bronze ForEach failed,2026-08-20T00:29:28.539Z,2026-08-20T02:40:07.937Z,7839,2026-08-20T02:40:07.937Z,V11,Westminster,2e0eb052-bb28-45b1-894f-8dc0851c56cc,SAMMS-VCPHCS-XI-NorthDenverV5
202608200219257284,202608200029238263,202608200029237018,85,1488,Bronze INV,br_AdmissionAssessmentDimensionTwo,TASK_COMPLETE,FAILED,ERROR,1067,1067,1,SaveAdmissionAssessmentDimensionTwo Bronze ForEach failed,2026-08-20T00:29:28.539Z,2026-08-20T02:40:07.937Z,7839,2026-08-20T02:40:07.937Z,V12,Downtown Denver,2e0eb052-bb28-45b1-894f-8dc0851c56cc,SAMMS-VCPHCS-XII-DowntownDenverV5
202608200219257285,202608200029238264,202608200029237018,85,1489,Bronze INV,br_AdmissionAssessmentDimensionTwo,TASK_COMPLETE,FAILED,ERROR,479,479,1,SaveAdmissionAssessmentDimensionTwo Bronze ForEach failed,2026-08-20T00:29:28.539Z,2026-08-20T02:40:07.937Z,7839,2026-08-20T02:40:07.937Z,V12A,Centennial,2e0eb052-bb28-45b1-894f-8dc0851c56cc,SAMMS-CentennialV5
202608200219257286,202608200029238265,202608200029237018,85,1490,Bronze INV,br_AdmissionAssessmentDimensionTwo,TASK_COMPLETE,FAILED,ERROR,294,294,1,SaveAdmissionAssessmentDimensionTwo Bronze ForEach failed,2026-08-20T00:29:28.539Z,2026-08-20T02:40:07.937Z,7839,2026-08-20T02:40:07.937Z,V14,Overland Park,2e0eb052-bb28-45b1-894f-8dc0851c56cc,SAMMS-VCPHCS-XIV-BridgewayV5
202608200219256651,202608200029238466,202608200029237018,85,713,Bronze INV,br_AdmissionAssessmentDimensionFour,TASK_COMPLETE,FAILED,ERROR,149,149,1,SaveAdmissionAssessmentDimensionfour Bronze ForEach failed,2026-08-20T00:29:28.539Z,2026-08-20T02:40:07.937Z,7839,2026-08-20T02:40:07.937Z,LAN,Lansing,2e0eb052-bb28-45b1-894f-8dc0851c56cc,SAMMS-Lansing
202608200219256652,202608200029238467,202608200029237018,85,714,Bronze INV,br_AdmissionAssessmentDimensionFour,TASK_COMPLETE,FAILED,ERROR,427,427,1,SaveAdmissionAssessmentDimensionfour Bronze ForEach failed,2026-08-20T00:29:28.539Z,2026-08-20T02:40:07.937Z,7839,2026-08-20T02:40:07.937Z,LO,Louisville,2e0eb052-bb28-45b1-894f-8dc0851c56cc,SAMMS-Louisville
202608200219256654,202608200029238468,202608200029237018,85,715,Bronze INV,br_AdmissionAssessmentDimensionFour,TASK_COMPLETE,FAILED,ERROR,1163,1163,1,SaveAdmissionAssessmentDimensionfour Bronze ForEach failed,2026-08-20T00:29:28.539Z,2026-08-20T02:40:07.937Z,7839,2026-08-20T02:40:07.937Z,LV1,Cheyenne,2e0eb052-bb28-45b1-894f-8dc0851c56cc,SAMMS-Cheyenne
202608200219256655,202608200029238469,202608200029237018,85,716,Bronze INV,br_AdmissionAssessmentDimensionFour,TASK_COMPLETE,FAILED,ERROR,930,930,1,SaveAdmissionAssessmentDimensionfour Bronze ForEach failed,2026-08-20T00:29:28.539Z,2026-08-20T02:40:07.937Z,7839,2026-08-20T02:40:07.937Z,LV2,Desert Inn,2e0eb052-bb28-45b1-894f-8dc0851c56cc,SAMMS-DesertInn
202608200219256656,202608200029238470,202608200029237018,85,717,Bronze INV,br_AdmissionAssessmentDimensionFour,TASK_COMPLETE,FAILED,ERROR,309,309,1,SaveAdmissionAssessmentDimensionfour Bronze ForEach failed,2026-08-20T00:29:28.539Z,2026-08-20T02:40:07.937Z,7839,2026-08-20T02:40:07.937Z,LV3,McDaniel,2e0eb052-bb28-45b1-894f-8dc0851c56cc,SAMMS-McDaniel
202608200219256657,202608200029238471,202608200029237018,85,720,Bronze INV,br_AdmissionAssessmentDimensionFour,TASK_COMPLETE,FAILED,ERROR,269,269,1,SaveAdmissionAssessmentDimensionfour Bronze ForEach failed,2026-08-20T00:29:28.539Z,2026-08-20T02:40:07.937Z,7839,2026-08-20T02:40:07.937Z,MNRE,Monroe,2e0eb052-bb28-45b1-894f-8dc0851c56cc,SAMMS-Monroe
202608200219256658,202608200029238472,202608200029237018,85,721,Bronze INV,br_AdmissionAssessmentDimensionFour,TASK_COMPLETE,FAILED,ERROR,118,118,1,SaveAdmissionAssessmentDimensionfour Bronze ForEach failed,2026-08-20T00:29:28.539Z,2026-08-20T02:40:07.937Z,7839,2026-08-20T02:40:07.937Z,MP,Mt. Pleasant,2e0eb052-bb28-45b1-894f-8dc0851c56cc,SAMMS-MtPleasant
202608200219256659,202608200029238473,202608200029237018,85,722,Bronze INV,br_AdmissionAssessmentDimensionFour,TASK_COMPLETE,FAILED,ERROR,167,167,1,SaveAdmissionAssessmentDimensionfour Bronze ForEach failed,2026-08-20T00:29:28.539Z,2026-08-20T02:40:07.937Z,7839,2026-08-20T02:40:07.937Z,MRD,Meridian,2e0eb052-bb28-45b1-894f-8dc0851c56cc,SAMMS-Meridian
202608200219256660,202608200029238474,202608200029237018,85,727,Bronze INV,br_AdmissionAssessmentDimensionFour,TASK_COMPLETE,FAILED,ERROR,629,629,1,SaveAdmissionAssessmentDimensionfour Bronze ForEach failed,2026-08-20T00:29:28.539Z,2026-08-20T02:40:07.937Z,7839,2026-08-20T02:40:07.937Z,NC,North Charleston,2e0eb052-bb28-45b1-894f-8dc0851c56cc,SAMMS-NorthCharleston
202608200219256662,202608200029238475,202608200029237018,85,728,Bronze INV,br_AdmissionAssessmentDimensionFour,TASK_COMPLETE,FAILED,ERROR,557,557,1,SaveAdmissionAssessmentDimensionfour Bronze ForEach failed,2026-08-20T00:29:28.539Z,2026-08-20T02:40:07.937Z,7839,2026-08-20T02:40:07.937Z,NLR,N. Little Rock,2e0eb052-bb28-45b1-894f-8dc0851c56cc,SAMMS-NLROBOT
202608200219256663,202608200029238476,202608200029237018,85,729,Bronze INV,br_AdmissionAssessmentDimensionFour,TASK_COMPLETE,FAILED,ERROR,234,234,1,SaveAdmissionAssessmentDimensionfour Bronze ForEach failed,2026-08-20T00:29:28.539Z,2026-08-20T02:40:07.937Z,7839,2026-08-20T02:40:07.937Z,PH,Phoenix,2e0eb052-bb28-45b1-894f-8dc0851c56cc,SAMMS-Phoenix
202608200219256664,202608200029238477,202608200029237018,85,733,Bronze INV,br_AdmissionAssessmentDimensionFour,TASK_COMPLETE,FAILED,ERROR,405,405,1,SaveAdmissionAssessmentDimensionfour Bronze ForEach failed,2026-08-20T00:29:28.539Z,2026-08-20T02:40:07.937Z,7839,2026-08-20T02:40:07.937Z,RE,Reno,2e0eb052-bb28-45b1-894f-8dc0851c56cc,SAMMS-Reno
202608200219256665,202608200029238478,202608200029237018,85,734,Bronze INV,br_AdmissionAssessmentDimensionFour,TASK_COMPLETE,FAILED,ERROR,388,388,1,SaveAdmissionAssessmentDimensionfour Bronze ForEach failed,2026-08-20T00:29:28.539Z,2026-08-20T02:40:07.937Z,7839,2026-08-20T02:40:07.937Z,RMD,Richmond,2e0eb052-bb28-45b1-894f-8dc0851c56cc,SAMMS-Richmond
202608200219256666,202608200029238479,202608200029237018,85,735,Bronze INV,br_AdmissionAssessmentDimensionFour,TASK_COMPLETE,FAILED,ERROR,477,477,1,SaveAdmissionAssessmentDimensionfour Bronze ForEach failed,2026-08-20T00:29:28.539Z,2026-08-20T02:40:07.937Z,7839,2026-08-20T02:40:07.937Z,SFN,Springfield North,2e0eb052-bb28-45b1-894f-8dc0851c56cc,SAMMS-SFNv5
202608200219256667,202608200029238480,202608200029237018,85,736,Bronze INV,br_AdmissionAssessmentDimensionFour,TASK_COMPLETE,FAILED,ERROR,444,444,1,SaveAdmissionAssessmentDimensionfour Bronze ForEach failed,2026-08-20T00:29:28.539Z,2026-08-20T02:40:07.937Z,7839,2026-08-20T02:40:07.937Z,SHP,Shreveport,2e0eb052-bb28-45b1-894f-8dc0851c56cc,SAMMS-Shreveport
202608200219256668,202608200029238481,202608200029237018,85,738,Bronze INV,br_AdmissionAssessmentDimensionFour,TASK_COMPLETE,FAILED,ERROR,80,80,1,SaveAdmissionAssessmentDimensionfour Bronze ForEach failed,2026-08-20T00:29:28.539Z,2026-08-20T02:40:07.937Z,7839,2026-08-20T02:40:07.937Z,STN,Staunton,2e0eb052-bb28-45b1-894f-8dc0851c56cc,SAMMS-Staunton
202608200219256669,202608200029238482,202608200029237018,85,739,Bronze INV,br_AdmissionAssessmentDimensionFour,TASK_COMPLETE,FAILED,ERROR,52,52,1,SaveAdmissionAssessmentDimensionfour Bronze ForEach failed,2026-08-20T00:29:28.539Z,2026-08-20T02:40:07.937Z,7839,2026-08-20T02:40:07.937Z,STVN,Stevenson,2e0eb052-bb28-45b1-894f-8dc0851c56cc,SAMMS-Stevenson
202608200219256671,202608200029238483,202608200029237018,85,741,Bronze INV,br_AdmissionAssessmentDimensionFour,TASK_COMPLETE,FAILED,ERROR,70,70,1,SaveAdmissionAssessmentDimensionfour Bronze ForEach failed,2026-08-20T00:29:28.539Z,2026-08-20T02:40:07.937Z,7839,2026-08-20T02:40:07.937Z,TE,Tempe,2e0eb052-bb28-45b1-894f-8dc0851c56cc,SAMMS-Tempe
202608200219256672,202608200029238484,202608200029237018,85,742,Bronze INV,br_AdmissionAssessmentDimensionFour,TASK_COMPLETE,FAILED,ERROR,361,361,1,SaveAdmissionAssessmentDimensionfour Bronze ForEach failed,2026-08-20T00:29:28.539Z,2026-08-20T02:40:07.937Z,7839,2026-08-20T02:40:07.937Z,TEX,Texarkana,2e0eb052-bb28-45b1-894f-8dc0851c56cc,SAMMS-Texarkana
202608200219256673,202608200029238485,202608200029237018,85,743,Bronze INV,br_AdmissionAssessmentDimensionFour,TASK_COMPLETE,FAILED,ERROR,416,416,1,SaveAdmissionAssessmentDimensionfour Bronze ForEach failed,2026-08-20T00:29:28.539Z,2026-08-20T02:40:07.937Z,7839,2026-08-20T02:40:07.937Z,TTCA,Bessemer,2e0eb052-bb28-45b1-894f-8dc0851c56cc,SAMMS-BessemerV5
202608200219256674,202608200029238486,202608200029237018,85,744,Bronze INV,br_AdmissionAssessmentDimensionFour,TASK_COMPLETE,FAILED,ERROR,543,543,1,SaveAdmissionAssessmentDimensionfour Bronze ForEach failed,2026-08-20T00:29:28.539Z,2026-08-20T02:40:07.937Z,7839,2026-08-20T02:40:07.937Z,TTCB,Cullman,2e0eb052-bb28-45b1-894f-8dc0851c56cc,SAMMS-CullmanV5
202608200219256675,202608200029238487,202608200029237018,85,745,Bronze INV,br_AdmissionAssessmentDimensionFour,TASK_COMPLETE,FAILED,ERROR,291,291,1,SaveAdmissionAssessmentDimensionfour Bronze ForEach failed,2026-08-20T00:29:28.539Z,2026-08-20T02:40:07.937Z,7839,2026-08-20T02:40:07.937Z,TTCC,Grand Bay,2e0eb052-bb28-45b1-894f-8dc0851c56cc,SAMMS-GrandBay
202608200219256676,202608200029238488,202608200029237018,85,746,Bronze INV,br_AdmissionAssessmentDimensionFour,TASK_COMPLETE,FAILED,ERROR,22,22,1,SaveAdmissionAssessmentDimensionfour Bronze ForEach failed,2026-08-20T00:29:28.539Z,2026-08-20T02:40:07.937Z,7839,2026-08-20T02:40:07.937Z,TU,Tucson,2e0eb052-bb28-45b1-894f-8dc0851c56cc,SAMMS-Tucson
202608200219256677,202608200029238489,202608200029237018,85,748,Bronze INV,br_AdmissionAssessmentDimensionFour,TASK_COMPLETE,FAILED,ERROR,250,250,1,SaveAdmissionAssessmentDimensionfour Bronze ForEach failed,2026-08-20T00:29:28.539Z,2026-08-20T02:40:07.937Z,7839,2026-08-20T02:40:07.937Z,V1,Memphis South,2e0eb052-bb28-45b1-894f-8dc0851c56cc,SAMMS-VCPHCS-I-MemphisV5
202608200219256679,202608200029238490,202608200029237018,85,749,Bronze INV,br_AdmissionAssessmentDimensionFour,TASK_COMPLETE,FAILED,ERROR,689,689,1,SaveAdmissionAssessmentDimensionfour Bronze ForEach failed,2026-08-20T00:29:28.539Z,2026-08-20T02:40:07.937Z,7839,2026-08-20T02:40:07.937Z,V10,Longmont,2e0eb052-bb28-45b1-894f-8dc0851c56cc,SAMMS-BoulderV5
202608200219256680,202608200029238491,202608200029237018,85,750,Bronze INV,br_AdmissionAssessmentDimensionFour,TASK_COMPLETE,FAILED,ERROR,1179,1179,1,SaveAdmissionAssessmentDimensionfour Bronze ForEach failed,2026-08-20T00:29:28.539Z,2026-08-20T02:40:07.937Z,7839,2026-08-20T02:40:07.937Z,V10A,Fort Collins,2e0eb052-bb28-45b1-894f-8dc0851c56cc,SAMMS-FortCollinsV5
202608200219256681,202608200029238492,202608200029237018,85,751,Bronze INV,br_AdmissionAssessmentDimensionFour,TASK_COMPLETE,FAILED,ERROR,979,979,1,SaveAdmissionAssessmentDimensionfour Bronze ForEach failed,2026-08-20T00:29:28.539Z,2026-08-20T02:40:07.937Z,7839,2026-08-20T02:40:07.937Z,V11,Westminster,2e0eb052-bb28-45b1-894f-8dc0851c56cc,SAMMS-VCPHCS-XI-NorthDenverV5
202608200219256682,202608200029238493,202608200029237018,85,752,Bronze INV,br_AdmissionAssessmentDimensionFour,TASK_COMPLETE,FAILED,ERROR,1051,1051,1,SaveAdmissionAssessmentDimensionfour Bronze ForEach failed,2026-08-20T00:29:28.539Z,2026-08-20T02:40:07.937Z,7839,2026-08-20T02:40:07.937Z,V12,Downtown Denver,2e0eb052-bb28-45b1-894f-8dc0851c56cc,SAMMS-VCPHCS-XII-DowntownDenverV5
202608200219256683,202608200029238494,202608200029237018,85,753,Bronze INV,br_AdmissionAssessmentDimensionFour,TASK_COMPLETE,FAILED,ERROR,475,475,1,SaveAdmissionAssessmentDimensionfour Bronze ForEach failed,2026-08-20T00:29:28.539Z,2026-08-20T02:40:07.937Z,7839,2026-08-20T02:40:07.937Z,V12A,Centennial,2e0eb052-bb28-45b1-894f-8dc0851c56cc,SAMMS-CentennialV5
202608200219256684,202608200029238495,202608200029237018,85,754,Bronze INV,br_AdmissionAssessmentDimensionFour,TASK_COMPLETE,FAILED,ERROR,290,290,1,SaveAdmissionAssessmentDimensionfour Bronze ForEach failed,2026-08-20T00:29:28.539Z,2026-08-20T02:40:07.937Z,7839,2026-08-20T02:40:07.937Z,V14,Overland Park,2e0eb052-bb28-45b1-894f-8dc0851c56cc,SAMMS-VCPHCS-XIV-BridgewayV5
202608200219256685,202608200029238496,202608200029237018,85,755,Bronze INV,br_AdmissionAssessmentDimensionFour,TASK_COMPLETE,FAILED,ERROR,557,557,1,SaveAdmissionAssessmentDimensionfour Bronze ForEach failed,2026-08-20T00:29:28.539Z,2026-08-20T02:40:07.937Z,7839,2026-08-20T02:40:07.937Z,V15,Joplin,2e0eb052-bb28-45b1-894f-8dc0851c56cc,SAMMS-JoplinV5
202608200219256686,202608200029238497,202608200029237018,85,757,Bronze INV,br_AdmissionAssessmentDimensionFour,TASK_COMPLETE,FAILED,ERROR,469,469,1,SaveAdmissionAssessmentDimensionfour Bronze ForEach failed,2026-08-20T00:29:28.539Z,2026-08-20T02:40:07.937Z,7839,2026-08-20T02:40:07.937Z,V17,Columbia TN,2e0eb052-bb28-45b1-894f-8dc0851c56cc,SAMMS-ColumbiaTNv5
202608200219256688,202608200029238498,202608200029237018,85,759,Bronze INV,br_AdmissionAssessmentDimensionFour,TASK_COMPLETE,FAILED,ERROR,408,408,1,SaveAdmissionAssessmentDimensionfour Bronze ForEach failed,2026-08-20T00:29:28.539Z,2026-08-20T02:40:07.937Z,7839,2026-08-20T02:40:07.937Z,V19,Jackson,2e0eb052-bb28-45b1-894f-8dc0851c56cc,SAMMS-JacksonV5
202608200219256689,202608200029238499,202608200029237018,85,761,Bronze INV,br_AdmissionAssessmentDimensionFour,TASK_COMPLETE,FAILED,ERROR,479,479,1,SaveAdmissionAssessmentDimensionfour Bronze ForEach failed,2026-08-20T00:29:28.539Z,2026-08-20T02:40:07.937Z,7839,2026-08-20T02:40:07.937Z,V20,Paris,2e0eb052-bb28-45b1-894f-8dc0851c56cc,SAMMS-ParisV5
202608200219256690,202608200029238500,202608200029237018,85,762,Bronze INV,br_AdmissionAssessmentDimensionFour,TASK_COMPLETE,FAILED,ERROR,352,352,1,SaveAdmissionAssessmentDimensionfour Bronze ForEach failed,2026-08-20T00:29:28.539Z,2026-08-20T02:40:07.937Z,7839,2026-08-20T02:40:07.937Z,V21,Memphis North,2e0eb052-bb28-45b1-894f-8dc0851c56cc,SAMMS-RaleighV5
202608200219256691,202608200029238501,202608200029237018,85,765,Bronze INV,br_AdmissionAssessmentDimensionFour,TASK_COMPLETE,FAILED,ERROR,698,698,1,SaveAdmissionAssessmentDimensionfour Bronze ForEach failed,2026-08-20T00:29:28.539Z,2026-08-20T02:40:07.937Z,7839,2026-08-20T02:40:07.937Z,V5,West Bank,2e0eb052-bb28-45b1-894f-8dc0851c56cc,SAMMS-NONTCv5
202608200219256692,202608200029238502,202608200029237018,85,767,Bronze INV,br_AdmissionAssessmentDimensionFour,TASK_COMPLETE,FAILED,ERROR,251,251,1,SaveAdmissionAssessmentDimensionfour Bronze ForEach failed,2026-08-20T00:29:28.539Z,2026-08-20T02:40:07.937Z,7839,2026-08-20T02:40:07.937Z,V5B,Houma,2e0eb052-bb28-45b1-894f-8dc0851c56cc,SAMMS-HoumaV6
202608200219256693,202608200029238503,202608200029237018,85,768,Bronze INV,br_AdmissionAssessmentDimensionFour,TASK_COMPLETE,FAILED,ERROR,952,952,1,SaveAdmissionAssessmentDimensionfour Bronze ForEach failed,2026-08-20T00:29:28.539Z,2026-08-20T02:40:07.937Z,7839,2026-08-20T02:40:07.937Z,V6,Lake Charles,2e0eb052-bb28-45b1-894f-8dc0851c56cc,SAMMS-LCv5
202608200219258916,202608200029239282,202608200029237018,85,3677,Bronze INV,br_ReAssessmentMentalHealth,TASK_COMPLETE,FAILED,ERROR,214,214,1,SaveReAssessmentMentalHealth Bronze ForEach failed,2026-08-20T00:29:28.539Z,2026-08-20T02:40:07.937Z,7839,2026-08-20T02:40:07.937Z,RE,Reno,2e0eb052-bb28-45b1-894f-8dc0851c56cc,SAMMS-Reno
202608200219258917,202608200029239283,202608200029237018,85,3678,Bronze INV,br_ReAssessmentMentalHealth,TASK_COMPLETE,FAILED,ERROR,88,88,1,SaveReAssessmentMentalHealth Bronze ForEach failed,2026-08-20T00:29:28.539Z,2026-08-20T02:40:07.937Z,7839,2026-08-20T02:40:07.937Z,RMD,Richmond,2e0eb052-bb28-45b1-894f-8dc0851c56cc,SAMMS-Richmond
202608200219258918,202608200029239284,202608200029237018,85,3679,Bronze INV,br_ReAssessmentMentalHealth,TASK_COMPLETE,FAILED,ERROR,592,592,1,SaveReAssessmentMentalHealth Bronze ForEach failed,2026-08-20T00:29:28.539Z,2026-08-20T02:40:07.937Z,7839,2026-08-20T02:40:07.937Z,SFN,Springfield North,2e0eb052-bb28-45b1-894f-8dc0851c56cc,SAMMS-SFNv5
202608200219258919,202608200029239285,202608200029237018,85,3680,Bronze INV,br_ReAssessmentMentalHealth,TASK_COMPLETE,FAILED,ERROR,767,767,1,SaveReAssessmentMentalHealth Bronze ForEach failed,2026-08-20T00:29:28.539Z,2026-08-20T02:40:07.937Z,7839,2026-08-20T02:40:07.937Z,SHP,Shreveport,2e0eb052-bb28-45b1-894f-8dc0851c56cc,SAMMS-Shreveport
202608200219258920,202608200029239286,202608200029237018,85,3682,Bronze INV,br_ReAssessmentMentalHealth,TASK_COMPLETE,FAILED,ERROR,486,486,1,SaveReAssessmentMentalHealth Bronze ForEach failed,2026-08-20T00:29:28.539Z,2026-08-20T02:40:07.937Z,7839,2026-08-20T02:40:07.937Z,STN,Staunton,2e0eb052-bb28-45b1-894f-8dc0851c56cc,SAMMS-Staunton
202608200219258922,202608200029239287,202608200029237018,85,3683,Bronze INV,br_ReAssessmentMentalHealth,TASK_COMPLETE,FAILED,ERROR,225,225,1,SaveReAssessmentMentalHealth Bronze ForEach failed,2026-08-20T00:29:28.539Z,2026-08-20T02:40:07.937Z,7839,2026-08-20T02:40:07.937Z,STVN,Stevenson,2e0eb052-bb28-45b1-894f-8dc0851c56cc,SAMMS-Stevenson
202608200219258923,202608200029239288,202608200029237018,85,3685,Bronze INV,br_ReAssessmentMentalHealth,TASK_COMPLETE,FAILED,ERROR,174,174,1,SaveReAssessmentMentalHealth Bronze ForEach failed,2026-08-20T00:29:28.539Z,2026-08-20T02:40:07.937Z,7839,2026-08-20T02:40:07.937Z,TE,Tempe,2e0eb052-bb28-45b1-894f-8dc0851c56cc,SAMMS-Tempe
202608200219258924,202608200029239289,202608200029237018,85,3686,Bronze INV,br_ReAssessmentMentalHealth,TASK_COMPLETE,FAILED,ERROR,0,0,1,SaveReAssessmentMentalHealth Bronze ForEach failed,2026-08-20T00:29:28.539Z,2026-08-20T02:40:07.937Z,7839,2026-08-20T02:40:07.937Z,TEX,Texarkana,2e0eb052-bb28-45b1-894f-8dc0851c56cc,SAMMS-Texarkana
202608200219258925,202608200029239290,202608200029237018,85,3687,Bronze INV,br_ReAssessmentMentalHealth,TASK_COMPLETE,FAILED,ERROR,1077,1077,1,SaveReAssessmentMentalHealth Bronze ForEach failed,2026-08-20T00:29:28.539Z,2026-08-20T02:40:07.937Z,7839,2026-08-20T02:40:07.937Z,TTCA,Bessemer,2e0eb052-bb28-45b1-894f-8dc0851c56cc,SAMMS-BessemerV5
202608200219258926,202608200029239291,202608200029237018,85,3688,Bronze INV,br_ReAssessmentMentalHealth,TASK_COMPLETE,FAILED,ERROR,1316,1316,1,SaveReAssessmentMentalHealth Bronze ForEach failed,2026-08-20T00:29:28.539Z,2026-08-20T02:40:07.937Z,7839,2026-08-20T02:40:07.937Z,TTCB,Cullman,2e0eb052-bb28-45b1-894f-8dc0851c56cc,SAMMS-CullmanV5
202608200219258927,202608200029239292,202608200029237018,85,3689,Bronze INV,br_ReAssessmentMentalHealth,TASK_COMPLETE,FAILED,ERROR,945,945,1,SaveReAssessmentMentalHealth Bronze ForEach failed,2026-08-20T00:29:28.539Z,2026-08-20T02:40:07.937Z,7839,2026-08-20T02:40:07.937Z,TTCC,Grand Bay,2e0eb052-bb28-45b1-894f-8dc0851c56cc,SAMMS-GrandBay
202608200219258928,202608200029239293,202608200029237018,85,3690,Bronze INV,br_ReAssessmentMentalHealth,TASK_COMPLETE,FAILED,ERROR,15,15,1,SaveReAssessmentMentalHealth Bronze ForEach failed,2026-08-20T00:29:28.539Z,2026-08-20T02:40:07.937Z,7839,2026-08-20T02:40:07.937Z,TU,Tucson,2e0eb052-bb28-45b1-894f-8dc0851c56cc,SAMMS-Tucson
202608200219258929,202608200029239294,202608200029237018,85,3692,Bronze INV,br_ReAssessmentMentalHealth,TASK_COMPLETE,FAILED,ERROR,660,660,1,SaveReAssessmentMentalHealth Bronze ForEach failed,2026-08-20T00:29:28.539Z,2026-08-20T02:40:07.937Z,7839,2026-08-20T02:40:07.937Z,V1,Memphis South,2e0eb052-bb28-45b1-894f-8dc0851c56cc,SAMMS-VCPHCS-I-MemphisV5
202608200219258931,202608200029239295,202608200029237018,85,3693,Bronze INV,br_ReAssessmentMentalHealth,TASK_COMPLETE,FAILED,ERROR,1630,1630,1,SaveReAssessmentMentalHealth Bronze ForEach failed,2026-08-20T00:29:28.539Z,2026-08-20T02:40:07.937Z,7839,2026-08-20T02:40:07.937Z,V10,Longmont,2e0eb052-bb28-45b1-894f-8dc0851c56cc,SAMMS-BoulderV5
202608200219258932,202608200029239296,202608200029237018,85,3694,Bronze INV,br_ReAssessmentMentalHealth,TASK_COMPLETE,FAILED,ERROR,1516,1516,1,SaveReAssessmentMentalHealth Bronze ForEach failed,2026-08-20T00:29:28.539Z,2026-08-20T02:40:07.937Z,7839,2026-08-20T02:40:07.937Z,V10A,Fort Collins,2e0eb052-bb28-45b1-894f-8dc0851c56cc,SAMMS-FortCollinsV5
202608200219258933,202608200029239297,202608200029237018,85,3695,Bronze INV,br_ReAssessmentMentalHealth,TASK_COMPLETE,FAILED,ERROR,2871,2871,1,SaveReAssessmentMentalHealth Bronze ForEach failed,2026-08-20T00:29:28.539Z,2026-08-20T02:40:07.937Z,7839,2026-08-20T02:40:07.937Z,V11,Westminster,2e0eb052-bb28-45b1-894f-8dc0851c56cc,SAMMS-VCPHCS-XI-NorthDenverV5
202608200219258934,202608200029239298,202608200029237018,85,3696,Bronze INV,br_ReAssessmentMentalHealth,TASK_COMPLETE,FAILED,ERROR,3042,3042,1,SaveReAssessmentMentalHealth Bronze ForEach failed,2026-08-20T00:29:28.539Z,2026-08-20T02:40:07.937Z,7839,2026-08-20T02:40:07.937Z,V12,Downtown Denver,2e0eb052-bb28-45b1-894f-8dc0851c56cc,SAMMS-VCPHCS-XII-DowntownDenverV5
202608200219258935,202608200029239299,202608200029237018,85,3697,Bronze INV,br_ReAssessmentMentalHealth,TASK_COMPLETE,FAILED,ERROR,1143,1143,1,SaveReAssessmentMentalHealth Bronze ForEach failed,2026-08-20T00:29:28.539Z,2026-08-20T02:40:07.937Z,7839,2026-08-20T02:40:07.937Z,V12A,Centennial,2e0eb052-bb28-45b1-894f-8dc0851c56cc,SAMMS-CentennialV5
202608200219258936,202608200029239300,202608200029237018,85,3698,Bronze INV,br_ReAssessmentMentalHealth,TASK_COMPLETE,FAILED,ERROR,295,295,1,SaveReAssessmentMentalHealth Bronze ForEach failed,2026-08-20T00:29:28.539Z,2026-08-20T02:40:07.937Z,7839,2026-08-20T02:40:07.937Z,V14,Overland Park,2e0eb052-bb28-45b1-894f-8dc0851c56cc,SAMMS-VCPHCS-XIV-BridgewayV5
202608200219258937,202608200029239301,202608200029237018,85,3699,Bronze INV,br_ReAssessmentMentalHealth,TASK_COMPLETE,FAILED,ERROR,609,609,1,SaveReAssessmentMentalHealth Bronze ForEach failed,2026-08-20T00:29:28.539Z,2026-08-20T02:40:07.937Z,7839,2026-08-20T02:40:07.937Z,V15,Joplin,2e0eb052-bb28-45b1-894f-8dc0851c56cc,SAMMS-JoplinV5
202608200219258938,202608200029239302,202608200029237018,85,3701,Bronze INV,br_ReAssessmentMentalHealth,TASK_COMPLETE,FAILED,ERROR,906,906,1,SaveReAssessmentMentalHealth Bronze ForEach failed,2026-08-20T00:29:28.539Z,2026-08-20T02:40:07.937Z,7839,2026-08-20T02:40:07.937Z,V17,Columbia TN,2e0eb052-bb28-45b1-894f-8dc0851c56cc,SAMMS-ColumbiaTNv5
202608200219258940,202608200029239303,202608200029237018,85,3703,Bronze INV,br_ReAssessmentMentalHealth,TASK_COMPLETE,FAILED,ERROR,533,533,1,SaveReAssessmentMentalHealth Bronze ForEach failed,2026-08-20T00:29:28.539Z,2026-08-20T02:40:07.937Z,7839,2026-08-20T02:40:07.937Z,V19,Jackson,2e0eb052-bb28-45b1-894f-8dc0851c56cc,SAMMS-JacksonV5
202608200219258941,202608200029239304,202608200029237018,85,3705,Bronze INV,br_ReAssessmentMentalHealth,TASK_COMPLETE,FAILED,ERROR,1771,1771,1,SaveReAssessmentMentalHealth Bronze ForEach failed,2026-08-20T00:29:28.539Z,2026-08-20T02:40:07.937Z,7839,2026-08-20T02:40:07.937Z,V20,Paris,2e0eb052-bb28-45b1-894f-8dc0851c56cc,SAMMS-ParisV5
202608200219258942,202608200029239305,202608200029237018,85,3706,Bronze INV,br_ReAssessmentMentalHealth,TASK_COMPLETE,FAILED,ERROR,726,726,1,SaveReAssessmentMentalHealth Bronze ForEach failed,2026-08-20T00:29:28.539Z,2026-08-20T02:40:07.937Z,7839,2026-08-20T02:40:07.937Z,V21,Memphis North,2e0eb052-bb28-45b1-894f-8dc0851c56cc,SAMMS-RaleighV5
202608200219258943,202608200029239306,202608200029237018,85,3709,Bronze INV,br_ReAssessmentMentalHealth,TASK_COMPLETE,FAILED,ERROR,1780,1780,1,SaveReAssessmentMentalHealth Bronze ForEach failed,2026-08-20T00:29:28.539Z,2026-08-20T02:40:07.937Z,7839,2026-08-20T02:40:07.937Z,V5,West Bank,2e0eb052-bb28-45b1-894f-8dc0851c56cc,SAMMS-NONTCv5
202608200219258944,202608200029239307,202608200029237018,85,3711,Bronze INV,br_ReAssessmentMentalHealth,TASK_COMPLETE,FAILED,ERROR,145,145,1,SaveReAssessmentMentalHealth Bronze ForEach failed,2026-08-20T00:29:28.539Z,2026-08-20T02:40:07.937Z,7839,2026-08-20T02:40:07.937Z,V5B,Houma,2e0eb052-bb28-45b1-894f-8dc0851c56cc,SAMMS-HoumaV6
202608200219258946,202608200029239308,202608200029237018,85,3712,Bronze INV,br_ReAssessmentMentalHealth,TASK_COMPLETE,FAILED,ERROR,1913,1913,1,SaveReAssessmentMentalHealth Bronze ForEach failed,2026-08-20T00:29:28.539Z,2026-08-20T02:40:07.937Z,7839,2026-08-20T02:40:07.937Z,V6,Lake Charles,2e0eb052-bb28-45b1-894f-8dc0851c56cc,SAMMS-LCv5
202608200219258947,202608200029239309,202608200029237018,85,3714,Bronze INV,br_ReAssessmentMentalHealth,TASK_COMPLETE,FAILED,ERROR,742,742,1,SaveReAssessmentMentalHealth Bronze ForEach failed,2026-08-20T00:29:28.539Z,2026-08-20T02:40:07.937Z,7839,2026-08-20T02:40:07.937Z,V8,Memphis Midtown,2e0eb052-bb28-45b1-894f-8dc0851c56cc,SAMMS-VCPHCS-VIII-MemphisV5
202608200219258948,202608200029239310,202608200029237018,85,3715,Bronze INV,br_ReAssessmentMentalHealth,TASK_COMPLETE,FAILED,ERROR,1765,1765,1,SaveReAssessmentMentalHealth Bronze ForEach failed,2026-08-20T00:29:28.539Z,2026-08-20T02:40:07.937Z,7839,2026-08-20T02:40:07.937Z,V9,Nashville,2e0eb052-bb28-45b1-894f-8dc0851c56cc,SAMMS-NashvilleV5
202608200219258949,202608200029239311,202608200029237018,85,3716,Bronze INV,br_ReAssessmentMentalHealth,TASK_COMPLETE,FAILED,ERROR,839,839,1,SaveReAssessmentMentalHealth Bronze ForEach failed,2026-08-20T00:29:28.539Z,2026-08-20T02:40:07.937Z,7839,2026-08-20T02:40:07.937Z,VBRA,Brainerd,2e0eb052-bb28-45b1-894f-8dc0851c56cc,SAMMS-BrainerdV6
202608200219258950,202608200029239312,202608200029237018,85,3717,Bronze INV,br_ReAssessmentMentalHealth,TASK_COMPLETE,FAILED,ERROR,1961,1961,1,SaveReAssessmentMentalHealth Bronze ForEach failed,2026-08-20T00:29:28.539Z,2026-08-20T02:40:07.937Z,7839,2026-08-20T02:40:07.937Z,VBRP,Brooklyn Park,2e0eb052-bb28-45b1-894f-8dc0851c56cc,SAMMS-BrooklynParkV6
202608200219258951,202608200029239313,202608200029237018,85,3719,Bronze INV,br_ReAssessmentMentalHealth,TASK_COMPLETE,FAILED,ERROR,747,747,1,SaveReAssessmentMentalHealth Bronze ForEach failed,2026-08-20T00:29:28.539Z,2026-08-20T02:40:07.937Z,7839,2026-08-20T02:40:07.937Z,VMIN,Minneapolis,2e0eb052-bb28-45b1-894f-8dc0851c56cc,SAMMS-MinneapolisV6
202608200219258953,202608200029239314,202608200029237018,85,3720,Bronze INV,br_ReAssessmentMentalHealth,TASK_COMPLETE,FAILED,ERROR,885,885,1,SaveReAssessmentMentalHealth Bronze ForEach failed,2026-08-20T00:29:28.539Z,2026-08-20T02:40:07.937Z,7839,2026-08-20T02:40:07.937Z,VWBY,Woodbury,2e0eb052-bb28-45b1-894f-8dc0851c56cc,SAMMS-WoodburyV6
202608200219258954,202608200029239315,202608200029237018,85,3722,Bronze INV,br_ReAssessmentMentalHealth,TASK_COMPLETE,FAILED,ERROR,161,161,1,SaveReAssessmentMentalHealth Bronze ForEach failed,2026-08-20T00:29:28.539Z,2026-08-20T02:40:07.937Z,7839,2026-08-20T02:40:07.937Z,WIL,Wilson,2e0eb052-bb28-45b1-894f-8dc0851c56cc,SAMMS-Wilson
202608200219259055,202608200029337030,202608200029337018,86,5731,Silver INV,sl_ReAssessmentMentalHealth,TASK_COMPLETE,SKIPPED,WARN,0,0,0,Skipped: SaveReAssessmentMentalHealth failed at BR,2026-08-20T00:29:28.539Z,2026-08-20T02:40:07.937Z,7839,2026-08-20T02:40:07.937Z,,,2e0eb052-bb28-45b1-894f-8dc0851c56cc,
202608200219258976,202608200029238856,202608200029237018,85,3726,Bronze INV,br_ReAssessmentOccupational,TASK_COMPLETE,FAILED,ERROR,35,35,1,SaveReAssessmentOccupational Bronze ForEach failed,2026-08-20T00:29:28.539Z,2026-08-20T02:40:07.937Z,7839,2026-08-20T02:40:07.937Z,AHK,Ahoskie,2e0eb052-bb28-45b1-894f-8dc0851c56cc,SAMMS-Ahoskie
202608200219258978,202608200029238857,202608200029237018,85,3727,Bronze INV,br_ReAssessmentOccupational,TASK_COMPLETE,FAILED,ERROR,663,663,1,SaveReAssessmentOccupational Bronze ForEach failed,2026-08-20T00:29:28.539Z,2026-08-20T02:40:07.937Z,7839,2026-08-20T02:40:07.937Z,B12B,Colorado Springs,2e0eb052-bb28-45b1-894f-8dc0851c56cc,SAMMS-ColoradoSpringsV5
202608200219258979,202608200029238858,202608200029237018,85,3728,Bronze INV,br_ReAssessmentOccupational,TASK_COMPLETE,FAILED,ERROR,829,829,1,SaveReAssessmentOccupational Bronze ForEach failed,2026-08-20T00:29:28.539Z,2026-08-20T02:40:07.937Z,7839,2026-08-20T02:40:07.937Z,B24,Paintsville,2e0eb052-bb28-45b1-894f-8dc0851c56cc,SAMMS-PaintsvilleV5
202608200219257391,202608200029237996,202608200029237018,85,1619,Bronze INV,br_AdmissionAssessmentSummary,TASK_COMPLETE,FAILED,ERROR,285,285,1,SaveAdmissionAssessmentSummary Bronze ForEach failed,2026-08-20T00:29:28.539Z,2026-08-20T02:40:07.937Z,7839,2026-08-20T02:40:07.937Z,ET,Elizabethtown,2e0eb052-bb28-45b1-894f-8dc0851c56cc,SAMMS-Elizabethtown
202608200219257392,202608200029237997,202608200029237018,85,1620,Bronze INV,br_AdmissionAssessmentSummary,TASK_COMPLETE,FAILED,ERROR,232,232,1,SaveAdmissionAssessmentSummary Bronze ForEach failed,2026-08-20T00:29:28.539Z,2026-08-20T02:40:07.937Z,7839,2026-08-20T02:40:07.937Z,FAY,Fayetteville,2e0eb052-bb28-45b1-894f-8dc0851c56cc,SAMMS-Fayetteville
202608200219257394,202608200029237998,202608200029237018,85,1621,Bronze INV,br_AdmissionAssessmentSummary,TASK_COMPLETE,FAILED,ERROR,185,185,1,SaveAdmissionAssessmentSummary Bronze ForEach failed,2026-08-20T00:29:28.539Z,2026-08-20T02:40:07.937Z,7839,2026-08-20T02:40:07.937Z,FR,Frankfort,2e0eb052-bb28-45b1-894f-8dc0851c56cc,SAMMS-Frankfort
202608200219257395,202608200029237999,202608200029237018,85,1622,Bronze INV,br_AdmissionAssessmentSummary,TASK_COMPLETE,FAILED,ERROR,293,293,1,SaveAdmissionAssessmentSummary Bronze ForEach failed,2026-08-20T00:29:28.539Z,2026-08-20T02:40:07.937Z,7839,2026-08-20T02:40:07.937Z,FS,Fort Smith,2e0eb052-bb28-45b1-894f-8dc0851c56cc,SAMMS-FortSmith
202608200219257396,202608200029238000,202608200029237018,85,1623,Bronze INV,br_AdmissionAssessmentSummary,TASK_COMPLETE,FAILED,ERROR,683,683,1,SaveAdmissionAssessmentSummary Bronze ForEach failed,2026-08-20T00:29:28.539Z,2026-08-20T02:40:07.937Z,7839,2026-08-20T02:40:07.937Z,FW,Fort Wayne,2e0eb052-bb28-45b1-894f-8dc0851c56cc,SAMMS-FortWayne
202608200219257397,202608200029238001,202608200029237018,85,1624,Bronze INV,br_AdmissionAssessmentSummary,TASK_COMPLETE,FAILED,ERROR,127,127,1,SaveAdmissionAssessmentSummary Bronze ForEach failed,2026-08-20T00:29:28.539Z,2026-08-20T02:40:07.937Z,7839,2026-08-20T02:40:07.937Z,GAL,Gaylord,2e0eb052-bb28-45b1-894f-8dc0851c56cc,SAMMS-Gaylord
202608200219257398,202608200029238002,202608200029237018,85,1628,Bronze INV,br_AdmissionAssessmentSummary,TASK_COMPLETE,FAILED,ERROR,634,634,1,SaveAdmissionAssessmentSummary Bronze ForEach failed,2026-08-20T00:29:28.539Z,2026-08-20T02:40:07.937Z,7839,2026-08-20T02:40:07.937Z,HGT,Hagerstown,2e0eb052-bb28-45b1-894f-8dc0851c56cc,SAMMS-Hagerstown
202608200219257399,202608200029238003,202608200029237018,85,1629,Bronze INV,br_AdmissionAssessmentSummary,TASK_COMPLETE,FAILED,ERROR,485,485,1,SaveAdmissionAssessmentSummary Bronze ForEach failed,2026-08-20T00:29:28.539Z,2026-08-20T02:40:07.937Z,7839,2026-08-20T02:40:07.937Z,HNT,Huntsville,2e0eb052-bb28-45b1-894f-8dc0851c56cc,SAMMS-Huntsville
202608200219257400,202608200029238004,202608200029237018,85,1630,Bronze INV,br_AdmissionAssessmentSummary,TASK_COMPLETE,FAILED,ERROR,353,353,1,SaveAdmissionAssessmentSummary Bronze ForEach failed,2026-08-20T00:29:28.539Z,2026-08-20T02:40:07.937Z,7839,2026-08-20T02:40:07.937Z,HS,Hot Springs,2e0eb052-bb28-45b1-894f-8dc0851c56cc,SAMMS-HotSprings
202608200219257401,202608200029238005,202608200029237018,85,1631,Bronze INV,br_AdmissionAssessmentSummary,TASK_COMPLETE,FAILED,ERROR,267,267,1,SaveAdmissionAssessmentSummary Bronze ForEach failed,2026-08-20T00:29:28.539Z,2026-08-20T02:40:07.937Z,7839,2026-08-20T02:40:07.937Z,JON,Jonesboro,2e0eb052-bb28-45b1-894f-8dc0851c56cc,SAMMS-Jonesboro
202608200219257402,202608200029238006,202608200029237018,85,1633,Bronze INV,br_AdmissionAssessmentSummary,TASK_COMPLETE,FAILED,ERROR,194,194,1,SaveAdmissionAssessmentSummary Bronze ForEach failed,2026-08-20T00:29:28.539Z,2026-08-20T02:40:07.937Z,7839,2026-08-20T02:40:07.937Z,LAN,Lansing,2e0eb052-bb28-45b1-894f-8dc0851c56cc,SAMMS-Lansing
202608200219257404,202608200029238007,202608200029237018,85,1634,Bronze INV,br_AdmissionAssessmentSummary,TASK_COMPLETE,FAILED,ERROR,450,450,1,SaveAdmissionAssessmentSummary Bronze ForEach failed,2026-08-20T00:29:28.539Z,2026-08-20T02:40:07.937Z,7839,2026-08-20T02:40:07.937Z,LO,Louisville,2e0eb052-bb28-45b1-894f-8dc0851c56cc,SAMMS-Louisville
202608200219257405,202608200029238008,202608200029237018,85,1635,Bronze INV,br_AdmissionAssessmentSummary,TASK_COMPLETE,FAILED,ERROR,1223,1223,1,SaveAdmissionAssessmentSummary Bronze ForEach failed,2026-08-20T00:29:28.539Z,2026-08-20T02:40:07.937Z,7839,2026-08-20T02:40:07.937Z,LV1,Cheyenne,2e0eb052-bb28-45b1-894f-8dc0851c56cc,SAMMS-Cheyenne
202608200219257406,202608200029238009,202608200029237018,85,1636,Bronze INV,br_AdmissionAssessmentSummary,TASK_COMPLETE,FAILED,ERROR,967,967,1,SaveAdmissionAssessmentSummary Bronze ForEach failed,2026-08-20T00:29:28.539Z,2026-08-20T02:40:07.937Z,7839,2026-08-20T02:40:07.937Z,LV2,Desert Inn,2e0eb052-bb28-45b1-894f-8dc0851c56cc,SAMMS-DesertInn
202608200219257407,202608200029238010,202608200029237018,85,1637,Bronze INV,br_AdmissionAssessmentSummary,TASK_COMPLETE,FAILED,ERROR,322,322,1,SaveAdmissionAssessmentSummary Bronze ForEach failed,2026-08-20T00:29:28.539Z,2026-08-20T02:40:07.937Z,7839,2026-08-20T02:40:07.937Z,LV3,McDaniel,2e0eb052-bb28-45b1-894f-8dc0851c56cc,SAMMS-McDaniel
202608200219257408,202608200029238011,202608200029237018,85,1640,Bronze INV,br_AdmissionAssessmentSummary,TASK_COMPLETE,FAILED,ERROR,279,279,1,SaveAdmissionAssessmentSummary Bronze ForEach failed,2026-08-20T00:29:28.539Z,2026-08-20T02:40:07.937Z,7839,2026-08-20T02:40:07.937Z,MNRE,Monroe,2e0eb052-bb28-45b1-894f-8dc0851c56cc,SAMMS-Monroe
202608200219257409,202608200029238012,202608200029237018,85,1641,Bronze INV,br_AdmissionAssessmentSummary,TASK_COMPLETE,FAILED,ERROR,195,195,1,SaveAdmissionAssessmentSummary Bronze ForEach failed,2026-08-20T00:29:28.539Z,2026-08-20T02:40:07.937Z,7839,2026-08-20T02:40:07.937Z,MP,Mt. Pleasant,2e0eb052-bb28-45b1-894f-8dc0851c56cc,SAMMS-MtPleasant
202608200219257410,202608200029238013,202608200029237018,85,1642,Bronze INV,br_AdmissionAssessmentSummary,TASK_COMPLETE,FAILED,ERROR,170,170,1,SaveAdmissionAssessmentSummary Bronze ForEach failed,2026-08-20T00:29:28.539Z,2026-08-20T02:40:07.937Z,7839,2026-08-20T02:40:07.937Z,MRD,Meridian,2e0eb052-bb28-45b1-894f-8dc0851c56cc,SAMMS-Meridian
202608200219257411,202608200029238014,202608200029237018,85,1647,Bronze INV,br_AdmissionAssessmentSummary,TASK_COMPLETE,FAILED,ERROR,633,633,1,SaveAdmissionAssessmentSummary Bronze ForEach failed,2026-08-20T00:29:28.539Z,2026-08-20T02:40:07.937Z,7839,2026-08-20T02:40:07.937Z,NC,North Charleston,2e0eb052-bb28-45b1-894f-8dc0851c56cc,SAMMS-NorthCharleston
202608200219257413,202608200029238015,202608200029237018,85,1648,Bronze INV,br_AdmissionAssessmentSummary,TASK_COMPLETE,FAILED,ERROR,563,563,1,SaveAdmissionAssessmentSummary Bronze ForEach failed,2026-08-20T00:29:28.539Z,2026-08-20T02:40:07.937Z,7839,2026-08-20T02:40:07.937Z,NLR,N. Little Rock,2e0eb052-bb28-45b1-894f-8dc0851c56cc,SAMMS-NLROBOT
202608200219257414,202608200029238016,202608200029237018,85,1649,Bronze INV,br_AdmissionAssessmentSummary,TASK_COMPLETE,FAILED,ERROR,247,247,1,SaveAdmissionAssessmentSummary Bronze ForEach failed,2026-08-20T00:29:28.539Z,2026-08-20T02:40:07.937Z,7839,2026-08-20T02:40:07.937Z,PH,Phoenix,2e0eb052-bb28-45b1-894f-8dc0851c56cc,SAMMS-Phoenix
202608200219257415,202608200029238017,202608200029237018,85,1653,Bronze INV,br_AdmissionAssessmentSummary,TASK_COMPLETE,FAILED,ERROR,424,424,1,SaveAdmissionAssessmentSummary Bronze ForEach failed,2026-08-20T00:29:28.539Z,2026-08-20T02:40:07.937Z,7839,2026-08-20T02:40:07.937Z,RE,Reno,2e0eb052-bb28-45b1-894f-8dc0851c56cc,SAMMS-Reno
202608200219257416,202608200029238018,202608200029237018,85,1654,Bronze INV,br_AdmissionAssessmentSummary,TASK_COMPLETE,FAILED,ERROR,407,407,1,SaveAdmissionAssessmentSummary Bronze ForEach failed,2026-08-20T00:29:28.539Z,2026-08-20T02:40:07.937Z,7839,2026-08-20T02:40:07.937Z,RMD,Richmond,2e0eb052-bb28-45b1-894f-8dc0851c56cc,SAMMS-Richmond
202608200219257417,202608200029238019,202608200029237018,85,1655,Bronze INV,br_AdmissionAssessmentSummary,TASK_COMPLETE,FAILED,ERROR,498,498,1,SaveAdmissionAssessmentSummary Bronze ForEach failed,2026-08-20T00:29:28.539Z,2026-08-20T02:40:07.937Z,7839,2026-08-20T02:40:07.937Z,SFN,Springfield North,2e0eb052-bb28-45b1-894f-8dc0851c56cc,SAMMS-SFNv5
202608200219257418,202608200029238020,202608200029237018,85,1656,Bronze INV,br_AdmissionAssessmentSummary,TASK_COMPLETE,FAILED,ERROR,463,463,1,SaveAdmissionAssessmentSummary Bronze ForEach failed,2026-08-20T00:29:28.539Z,2026-08-20T02:40:07.937Z,7839,2026-08-20T02:40:07.937Z,SHP,Shreveport,2e0eb052-bb28-45b1-894f-8dc0851c56cc,SAMMS-Shreveport
202608200219257419,202608200029238021,202608200029237018,85,1658,Bronze INV,br_AdmissionAssessmentSummary,TASK_COMPLETE,FAILED,ERROR,88,88,1,SaveAdmissionAssessmentSummary Bronze ForEach failed,2026-08-20T00:29:28.539Z,2026-08-20T02:40:07.937Z,7839,2026-08-20T02:40:07.937Z,STN,Staunton,2e0eb052-bb28-45b1-894f-8dc0851c56cc,SAMMS-Staunton
202608200219257420,202608200029238022,202608200029237018,85,1659,Bronze INV,br_AdmissionAssessmentSummary,TASK_COMPLETE,FAILED,ERROR,57,57,1,SaveAdmissionAssessmentSummary Bronze ForEach failed,2026-08-20T00:29:28.539Z,2026-08-20T02:40:07.937Z,7839,2026-08-20T02:40:07.937Z,STVN,Stevenson,2e0eb052-bb28-45b1-894f-8dc0851c56cc,SAMMS-Stevenson
202608200219257422,202608200029238023,202608200029237018,85,1661,Bronze INV,br_AdmissionAssessmentSummary,TASK_COMPLETE,FAILED,ERROR,77,77,1,SaveAdmissionAssessmentSummary Bronze ForEach failed,2026-08-20T00:29:28.539Z,2026-08-20T02:40:07.937Z,7839,2026-08-20T02:40:07.937Z,TE,Tempe,2e0eb052-bb28-45b1-894f-8dc0851c56cc,SAMMS-Tempe
202608200219257423,202608200029238024,202608200029237018,85,1662,Bronze INV,br_AdmissionAssessmentSummary,TASK_COMPLETE,FAILED,ERROR,387,387,1,SaveAdmissionAssessmentSummary Bronze ForEach failed,2026-08-20T00:29:28.539Z,2026-08-20T02:40:07.937Z,7839,2026-08-20T02:40:07.937Z,TEX,Texarkana,2e0eb052-bb28-45b1-894f-8dc0851c56cc,SAMMS-Texarkana
202608200219257424,202608200029238025,202608200029237018,85,1663,Bronze INV,br_AdmissionAssessmentSummary,TASK_COMPLETE,FAILED,ERROR,465,465,1,SaveAdmissionAssessmentSummary Bronze ForEach failed,2026-08-20T00:29:28.539Z,2026-08-20T02:40:07.937Z,7839,2026-08-20T02:40:07.937Z,TTCA,Bessemer,2e0eb052-bb28-45b1-894f-8dc0851c56cc,SAMMS-BessemerV5
202608200219257425,202608200029238026,202608200029237018,85,1664,Bronze INV,br_AdmissionAssessmentSummary,TASK_COMPLETE,FAILED,ERROR,550,550,1,SaveAdmissionAssessmentSummary Bronze ForEach failed,2026-08-20T00:29:28.539Z,2026-08-20T02:40:07.937Z,7839,2026-08-20T02:40:07.937Z,TTCB,Cullman,2e0eb052-bb28-45b1-894f-8dc0851c56cc,SAMMS-CullmanV5
202608200219257426,202608200029238027,202608200029237018,85,1665,Bronze INV,br_AdmissionAssessmentSummary,TASK_COMPLETE,FAILED,ERROR,389,389,1,SaveAdmissionAssessmentSummary Bronze ForEach failed,2026-08-20T00:29:28.539Z,2026-08-20T02:40:07.937Z,7839,2026-08-20T02:40:07.937Z,TTCC,Grand Bay,2e0eb052-bb28-45b1-894f-8dc0851c56cc,SAMMS-GrandBay
202608200219257427,202608200029238028,202608200029237018,85,1666,Bronze INV,br_AdmissionAssessmentSummary,TASK_COMPLETE,FAILED,ERROR,25,25,1,SaveAdmissionAssessmentSummary Bronze ForEach failed,2026-08-20T00:29:28.539Z,2026-08-20T02:40:07.937Z,7839,2026-08-20T02:40:07.937Z,TU,Tucson,2e0eb052-bb28-45b1-894f-8dc0851c56cc,SAMMS-Tucson
202608200219257428,202608200029238029,202608200029237018,85,1668,Bronze INV,br_AdmissionAssessmentSummary,TASK_COMPLETE,FAILED,ERROR,264,264,1,SaveAdmissionAssessmentSummary Bronze ForEach failed,2026-08-20T00:29:28.539Z,2026-08-20T02:40:07.937Z,7839,2026-08-20T02:40:07.937Z,V1,Memphis South,2e0eb052-bb28-45b1-894f-8dc0851c56cc,SAMMS-VCPHCS-I-MemphisV5
202608200219257429,202608200029238030,202608200029237018,85,1669,Bronze INV,br_AdmissionAssessmentSummary,TASK_COMPLETE,FAILED,ERROR,706,706,1,SaveAdmissionAssessmentSummary Bronze ForEach failed,2026-08-20T00:29:28.539Z,2026-08-20T02:40:07.937Z,7839,2026-08-20T02:40:07.937Z,V10,Longmont,2e0eb052-bb28-45b1-894f-8dc0851c56cc,SAMMS-BoulderV5
202608200219257431,202608200029238031,202608200029237018,85,1670,Bronze INV,br_AdmissionAssessmentSummary,TASK_COMPLETE,FAILED,ERROR,1203,1203,1,SaveAdmissionAssessmentSummary Bronze ForEach failed,2026-08-20T00:29:28.539Z,2026-08-20T02:40:07.937Z,7839,2026-08-20T02:40:07.937Z,V10A,Fort Collins,2e0eb052-bb28-45b1-894f-8dc0851c56cc,SAMMS-FortCollinsV5
202608200219257432,202608200029238032,202608200029237018,85,1671,Bronze INV,br_AdmissionAssessmentSummary,TASK_COMPLETE,FAILED,ERROR,1046,1046,1,SaveAdmissionAssessmentSummary Bronze ForEach failed,2026-08-20T00:29:28.539Z,2026-08-20T02:40:07.937Z,7839,2026-08-20T02:40:07.937Z,V11,Westminster,2e0eb052-bb28-45b1-894f-8dc0851c56cc,SAMMS-VCPHCS-XI-NorthDenverV5
202608200219257433,202608200029238033,202608200029237018,85,1672,Bronze INV,br_AdmissionAssessmentSummary,TASK_COMPLETE,FAILED,ERROR,1114,1114,1,SaveAdmissionAssessmentSummary Bronze ForEach failed,2026-08-20T00:29:28.539Z,2026-08-20T02:40:07.937Z,7839,2026-08-20T02:40:07.937Z,V12,Downtown Denver,2e0eb052-bb28-45b1-894f-8dc0851c56cc,SAMMS-VCPHCS-XII-DowntownDenverV5
202608200219257055,202608200029238307,202608200029237018,85,1177,Bronze INV,br_AdmissionAssessmentDimensionThree,TASK_COMPLETE,FAILED,ERROR,659,659,1,SaveAdmissionAssessmentDimensionThree Bronze ForEach failed,2026-08-20T00:29:28.539Z,2026-08-20T02:40:07.937Z,7839,2026-08-20T02:40:07.937Z,B46,Washington DC,2e0eb052-bb28-45b1-894f-8dc0851c56cc,SAMMS-WashingtonDCv5
202608200219257056,202608200029238308,202608200029237018,85,1178,Bronze INV,br_AdmissionAssessmentDimensionThree,TASK_COMPLETE,FAILED,ERROR,349,349,1,SaveAdmissionAssessmentDimensionThree Bronze ForEach failed,2026-08-20T00:29:28.539Z,2026-08-20T02:40:07.937Z,7839,2026-08-20T02:40:07.937Z,B47,Mobile,2e0eb052-bb28-45b1-894f-8dc0851c56cc,SAMMS-MobileV5
202608200219257057,202608200029238309,202608200029237018,85,1179,Bronze INV,br_AdmissionAssessmentDimensionThree,TASK_COMPLETE,FAILED,ERROR,445,445,1,SaveAdmissionAssessmentDimensionThree Bronze ForEach failed,2026-08-20T00:29:28.539Z,2026-08-20T02:40:07.937Z,7839,2026-08-20T02:40:07.937Z,B48,Tuscaloosa,2e0eb052-bb28-45b1-894f-8dc0851c56cc,SAMMS-TuscaloosaV5
202608200219257058,202608200029238310,202608200029237018,85,1188,Bronze INV,br_AdmissionAssessmentDimensionThree,TASK_COMPLETE,FAILED,ERROR,310,310,1,SaveAdmissionAssessmentDimensionThree Bronze ForEach failed,2026-08-20T00:29:28.539Z,2026-08-20T02:40:07.937Z,7839,2026-08-20T02:40:07.937Z,B51,N. Little Rock (OTP),2e0eb052-bb28-45b1-894f-8dc0851c56cc,SAMMS-NorthLittleRockV6
202608200219257059,202608200029238311,202608200029237018,85,1189,Bronze INV,br_AdmissionAssessmentDimensionThree,TASK_COMPLETE,FAILED,ERROR,156,156,1,SaveAdmissionAssessmentDimensionThree Bronze ForEach failed,2026-08-20T00:29:28.539Z,2026-08-20T02:40:07.937Z,7839,2026-08-20T02:40:07.937Z,B52,Jackson GA,2e0eb052-bb28-45b1-894f-8dc0851c56cc,SAMMS-JacksonGAV5
202608200219257060,202608200029238312,202608200029237018,85,1190,Bronze INV,br_AdmissionAssessmentDimensionThree,TASK_COMPLETE,FAILED,ERROR,466,466,1,SaveAdmissionAssessmentDimensionThree Bronze ForEach failed,2026-08-20T00:29:28.539Z,2026-08-20T02:40:07.937Z,7839,2026-08-20T02:40:07.937Z,B54,Gadsden,2e0eb052-bb28-45b1-894f-8dc0851c56cc,SAMMS-GadsdenV5
202608200219257061,202608200029238313,202608200029237018,85,1191,Bronze INV,br_AdmissionAssessmentDimensionThree,TASK_COMPLETE,FAILED,ERROR,480,480,1,SaveAdmissionAssessmentDimensionThree Bronze ForEach failed,2026-08-20T00:29:28.539Z,2026-08-20T02:40:07.937Z,7839,2026-08-20T02:40:07.937Z,B55,Shoals,2e0eb052-bb28-45b1-894f-8dc0851c56cc,SAMMS-ShoalsV5
202608200219257063,202608200029238314,202608200029237018,85,1192,Bronze INV,br_AdmissionAssessmentDimensionThree,TASK_COMPLETE,FAILED,ERROR,179,179,1,SaveAdmissionAssessmentDimensionThree Bronze ForEach failed,2026-08-20T00:29:28.539Z,2026-08-20T02:40:07.937Z,7839,2026-08-20T02:40:07.937Z,B57,Pawtucket,2e0eb052-bb28-45b1-894f-8dc0851c56cc,SAMMS-Pawtucket
202608200219257064,202608200029238315,202608200029237018,85,1193,Bronze INV,br_AdmissionAssessmentDimensionThree,TASK_COMPLETE,FAILED,ERROR,167,167,1,SaveAdmissionAssessmentDimensionThree Bronze ForEach failed,2026-08-20T00:29:28.539Z,2026-08-20T02:40:07.937Z,7839,2026-08-20T02:40:07.937Z,B57A,Johnston,2e0eb052-bb28-45b1-894f-8dc0851c56cc,SAMMS-Johnston
202608200219257065,202608200029238316,202608200029237018,85,1194,Bronze INV,br_AdmissionAssessmentDimensionThree,TASK_COMPLETE,FAILED,ERROR,87,87,1,SaveAdmissionAssessmentDimensionThree Bronze ForEach failed,2026-08-20T00:29:28.539Z,2026-08-20T02:40:07.937Z,7839,2026-08-20T02:40:07.937Z,B57B,Middletown,2e0eb052-bb28-45b1-894f-8dc0851c56cc,SAMMS-Middletown
202608200219257066,202608200029238317,202608200029237018,85,1195,Bronze INV,br_AdmissionAssessmentDimensionThree,TASK_COMPLETE,FAILED,ERROR,174,174,1,SaveAdmissionAssessmentDimensionThree Bronze ForEach failed,2026-08-20T00:29:28.539Z,2026-08-20T02:40:07.937Z,7839,2026-08-20T02:40:07.937Z,B57C,Providence,2e0eb052-bb28-45b1-894f-8dc0851c56cc,SAMMS-Providence
202608200219257067,202608200029238318,202608200029237018,85,1196,Bronze INV,br_AdmissionAssessmentDimensionThree,TASK_COMPLETE,FAILED,ERROR,251,251,1,SaveAdmissionAssessmentDimensionThree Bronze ForEach failed,2026-08-20T00:29:28.539Z,2026-08-20T02:40:07.937Z,7839,2026-08-20T02:40:07.937Z,B57D,Westerly,2e0eb052-bb28-45b1-894f-8dc0851c56cc,SAMMS-Westerly
202608200219257068,202608200029238319,202608200029237018,85,1200,Bronze INV,br_AdmissionAssessmentDimensionThree,TASK_COMPLETE,FAILED,ERROR,362,362,1,SaveAdmissionAssessmentDimensionThree Bronze ForEach failed,2026-08-20T00:29:28.539Z,2026-08-20T02:40:07.937Z,7839,2026-08-20T02:40:07.937Z,B66A,Bremen,2e0eb052-bb28-45b1-894f-8dc0851c56cc,SAMMS-Bremen
202608200219257069,202608200029238320,202608200029237018,85,1203,Bronze INV,br_AdmissionAssessmentDimensionThree,TASK_COMPLETE,FAILED,ERROR,16,16,1,SaveAdmissionAssessmentDimensionThree Bronze ForEach failed,2026-08-20T00:29:28.539Z,2026-08-20T02:40:07.937Z,7839,2026-08-20T02:40:07.937Z,B72,Mobile (OBOT),2e0eb052-bb28-45b1-894f-8dc0851c56cc,SAMMS-Mobile-OBOT
202608200219257071,202608200029238321,202608200029237018,85,1204,Bronze INV,br_AdmissionAssessmentDimensionThree,TASK_COMPLETE,FAILED,ERROR,2,2,1,SaveAdmissionAssessmentDimensionThree Bronze ForEach failed,2026-08-20T00:29:28.539Z,2026-08-20T02:40:07.937Z,7839,2026-08-20T02:40:07.937Z,B73,Montgomery,2e0eb052-bb28-45b1-894f-8dc0851c56cc,SAMMS-Montgomery
202608200219257072,202608200029238322,202608200029237018,85,1205,Bronze INV,br_AdmissionAssessmentDimensionThree,TASK_COMPLETE,FAILED,ERROR,322,322,1,SaveAdmissionAssessmentDimensionThree Bronze ForEach failed,2026-08-20T00:29:28.539Z,2026-08-20T02:40:07.937Z,7839,2026-08-20T02:40:07.937Z,B75,Lawrence,2e0eb052-bb28-45b1-894f-8dc0851c56cc,SAMMS-LawrenceV6
202608200219257073,202608200029238323,202608200029237018,85,1206,Bronze INV,br_AdmissionAssessmentDimensionThree,TASK_COMPLETE,FAILED,ERROR,49,49,1,SaveAdmissionAssessmentDimensionThree Bronze ForEach failed,2026-08-20T00:29:28.539Z,2026-08-20T02:40:07.937Z,7839,2026-08-20T02:40:07.937Z,B76,Huntsville OBOT,2e0eb052-bb28-45b1-894f-8dc0851c56cc,SAMMS-Huntsville-OBOT
202608200219257074,202608200029238324,202608200029237018,85,1207,Bronze INV,br_AdmissionAssessmentDimensionThree,TASK_COMPLETE,FAILED,ERROR,294,294,1,SaveAdmissionAssessmentDimensionThree Bronze ForEach failed,2026-08-20T00:29:28.539Z,2026-08-20T02:40:07.937Z,7839,2026-08-20T02:40:07.937Z,BAT,Batesville,2e0eb052-bb28-45b1-894f-8dc0851c56cc,SAMMS-Batesville
202608200219257075,202608200029238325,202608200029237018,85,1208,Bronze INV,br_AdmissionAssessmentDimensionThree,TASK_COMPLETE,FAILED,ERROR,240,240,1,SaveAdmissionAssessmentDimensionThree Bronze ForEach failed,2026-08-20T00:29:28.539Z,2026-08-20T02:40:07.937Z,7839,2026-08-20T02:40:07.937Z,BG,Bowling Green,2e0eb052-bb28-45b1-894f-8dc0851c56cc,SAMMS-BowlingGreen
202608200219257076,202608200029238326,202608200029237018,85,1209,Bronze INV,br_AdmissionAssessmentDimensionThree,TASK_COMPLETE,FAILED,ERROR,219,219,1,SaveAdmissionAssessmentDimensionThree Bronze ForEach failed,2026-08-20T00:29:28.539Z,2026-08-20T02:40:07.937Z,7839,2026-08-20T02:40:07.937Z,BOI,Boise,2e0eb052-bb28-45b1-894f-8dc0851c56cc,SAMMS-Boise
202608200219257077,202608200029238327,202608200029237018,85,1216,Bronze INV,br_AdmissionAssessmentDimensionThree,TASK_COMPLETE,FAILED,ERROR,283,283,1,SaveAdmissionAssessmentDimensionThree Bronze ForEach failed,2026-08-20T00:29:28.539Z,2026-08-20T02:40:07.937Z,7839,2026-08-20T02:40:07.937Z,CBCO,Coeur dAlene,2e0eb052-bb28-45b1-894f-8dc0851c56cc,SAMMS-CoeurdAleneV6
202608200219257078,202608200029238328,202608200029237018,85,1235,Bronze INV,br_AdmissionAssessmentDimensionThree,TASK_COMPLETE,FAILED,ERROR,297,297,1,SaveAdmissionAssessmentDimensionThree Bronze ForEach failed,2026-08-20T00:29:28.539Z,2026-08-20T02:40:07.937Z,7839,2026-08-20T02:40:07.937Z,CON,Conway,2e0eb052-bb28-45b1-894f-8dc0851c56cc,SAMMS-Conway
202608200219257079,202608200029238329,202608200029237018,85,1236,Bronze INV,br_AdmissionAssessmentDimensionThree,TASK_COMPLETE,FAILED,ERROR,1548,1548,1,SaveAdmissionAssessmentDimensionThree Bronze ForEach failed,2026-08-20T00:29:28.539Z,2026-08-20T02:40:07.937Z,7839,2026-08-20T02:40:07.937Z,D07,Medical Services Knox TN,2e0eb052-bb28-45b1-894f-8dc0851c56cc,SAMMS-KnoxvilleV6
202608200219257081,202608200029238330,202608200029237018,85,1237,Bronze INV,br_AdmissionAssessmentDimensionThree,TASK_COMPLETE,FAILED,ERROR,963,963,1,SaveAdmissionAssessmentDimensionThree Bronze ForEach failed,2026-08-20T00:29:28.539Z,2026-08-20T02:40:07.937Z,7839,2026-08-20T02:40:07.937Z,D08,Madison,2e0eb052-bb28-45b1-894f-8dc0851c56cc,SAMMS-MadisonV6
202608200219257082,202608200029238331,202608200029237018,85,1239,Bronze INV,br_AdmissionAssessmentDimensionThree,TASK_COMPLETE,FAILED,ERROR,939,939,1,SaveAdmissionAssessmentDimensionThree Bronze ForEach failed,2026-08-20T00:29:28.539Z,2026-08-20T02:40:07.937Z,7839,2026-08-20T02:40:07.937Z,D09,Murfreesboro,2e0eb052-bb28-45b1-894f-8dc0851c56cc,SAMMS-MurfreesboroV6
202608200219257083,202608200029238332,202608200029237018,85,1240,Bronze INV,br_AdmissionAssessmentDimensionThree,TASK_COMPLETE,FAILED,ERROR,218,218,1,SaveAdmissionAssessmentDimensionThree Bronze ForEach failed,2026-08-20T00:29:28.539Z,2026-08-20T02:40:07.937Z,7839,2026-08-20T02:40:07.937Z,DA,Davenport,2e0eb052-bb28-45b1-894f-8dc0851c56cc,SAMMS-Davenport
202608200219257084,202608200029238333,202608200029237018,85,1241,Bronze INV,br_AdmissionAssessmentDimensionThree,TASK_COMPLETE,FAILED,ERROR,348,348,1,SaveAdmissionAssessmentDimensionThree Bronze ForEach failed,2026-08-20T00:29:28.539Z,2026-08-20T02:40:07.937Z,7839,2026-08-20T02:40:07.937Z,DM,Des Moines,2e0eb052-bb28-45b1-894f-8dc0851c56cc,SAMMS-DesMoines
202608200219257085,202608200029238334,202608200029237018,85,1243,Bronze INV,br_AdmissionAssessmentDimensionThree,TASK_COMPLETE,FAILED,ERROR,472,472,1,SaveAdmissionAssessmentDimensionThree Bronze ForEach failed,2026-08-20T00:29:28.539Z,2026-08-20T02:40:07.937Z,7839,2026-08-20T02:40:07.937Z,DRD-CO,Columbia MO,2e0eb052-bb28-45b1-894f-8dc0851c56cc,SAMMS-ColumbiaV5
202608200219257086,202608200029238335,202608200029237018,85,1244,Bronze INV,br_AdmissionAssessmentDimensionThree,TASK_COMPLETE,FAILED,ERROR,592,592,1,SaveAdmissionAssessmentDimensionThree Bronze ForEach failed,2026-08-20T00:29:28.539Z,2026-08-20T02:40:07.937Z,7839,2026-08-20T02:40:07.937Z,DRD-KC,KC,2e0eb052-bb28-45b1-894f-8dc0851c56cc,SAMMS-KCv5
202608200219257087,202608200029238336,202608200029237018,85,1245,Bronze INV,br_AdmissionAssessmentDimensionThree,TASK_COMPLETE,FAILED,ERROR,949,949,1,SaveAdmissionAssessmentDimensionThree Bronze ForEach failed,2026-08-20T00:29:28.539Z,2026-08-20T02:40:07.937Z,7839,2026-08-20T02:40:07.937Z,DRD-KVB,KVB,2e0eb052-bb28-45b1-894f-8dc0851c56cc,SAMMS-KVBv5
202608200219257088,202608200029238337,202608200029237018,85,1246,Bronze INV,br_AdmissionAssessmentDimensionThree,TASK_COMPLETE,FAILED,ERROR,1570,1570,1,SaveAdmissionAssessmentDimensionThree Bronze ForEach failed,2026-08-20T00:29:28.539Z,2026-08-20T02:40:07.937Z,7839,2026-08-20T02:40:07.937Z,DRD-KVC,KVC,2e0eb052-bb28-45b1-894f-8dc0851c56cc,SAMMS-KVCv5
202608200219257089,202608200029238338,202608200029237018,85,1247,Bronze INV,br_AdmissionAssessmentDimensionThree,TASK_COMPLETE,FAILED,ERROR,1254,1254,1,SaveAdmissionAssessmentDimensionThree Bronze ForEach failed,2026-08-20T00:29:28.539Z,2026-08-20T02:40:07.937Z,7839,2026-08-20T02:40:07.937Z,DRD-NOLA,NOLA,2e0eb052-bb28-45b1-894f-8dc0851c56cc,SAMMS-NOLAv5
202608200219257090,202608200029238339,202608200029237018,85,1248,Bronze INV,br_AdmissionAssessmentDimensionThree,TASK_COMPLETE,FAILED,ERROR,738,738,1,SaveAdmissionAssessmentDimensionThree Bronze ForEach failed,2026-08-20T00:29:28.539Z,2026-08-20T02:40:07.937Z,7839,2026-08-20T02:40:07.937Z,DRD-SF,Springfield,2e0eb052-bb28-45b1-894f-8dc0851c56cc,SAMMS-SFv5
202608200219257092,202608200029238340,202608200029237018,85,1250,Bronze INV,br_AdmissionAssessmentDimensionThree,TASK_COMPLETE,FAILED,ERROR,251,251,1,SaveAdmissionAssessmentDimensionThree Bronze ForEach failed,2026-08-20T00:29:28.539Z,2026-08-20T02:40:07.937Z,7839,2026-08-20T02:40:07.937Z,ELC,Elizabeth City,2e0eb052-bb28-45b1-894f-8dc0851c56cc,SAMMS-ElizabethCity
202608200219257093,202608200029238341,202608200029237018,85,1251,Bronze INV,br_AdmissionAssessmentDimensionThree,TASK_COMPLETE,FAILED,ERROR,261,261,1,SaveAdmissionAssessmentDimensionThree Bronze ForEach failed,2026-08-20T00:29:28.539Z,2026-08-20T02:40:07.937Z,7839,2026-08-20T02:40:07.937Z,ET,Elizabethtown,2e0eb052-bb28-45b1-894f-8dc0851c56cc,SAMMS-Elizabethtown
202608200219257094,202608200029238342,202608200029237018,85,1252,Bronze INV,br_AdmissionAssessmentDimensionThree,TASK_COMPLETE,FAILED,ERROR,224,224,1,SaveAdmissionAssessmentDimensionThree Bronze ForEach failed,2026-08-20T00:29:28.539Z,2026-08-20T02:40:07.937Z,7839,2026-08-20T02:40:07.937Z,FAY,Fayetteville,2e0eb052-bb28-45b1-894f-8dc0851c56cc,SAMMS-Fayetteville
202608200219257095,202608200029238343,202608200029237018,85,1253,Bronze INV,br_AdmissionAssessmentDimensionThree,TASK_COMPLETE,FAILED,ERROR,182,182,1,SaveAdmissionAssessmentDimensionThree Bronze ForEach failed,2026-08-20T00:29:28.539Z,2026-08-20T02:40:07.937Z,7839,2026-08-20T02:40:07.937Z,FR,Frankfort,2e0eb052-bb28-45b1-894f-8dc0851c56cc,SAMMS-Frankfort
202608200219257096,202608200029238344,202608200029237018,85,1254,Bronze INV,br_AdmissionAssessmentDimensionThree,TASK_COMPLETE,FAILED,ERROR,278,278,1,SaveAdmissionAssessmentDimensionThree Bronze ForEach failed,2026-08-20T00:29:28.539Z,2026-08-20T02:40:07.937Z,7839,2026-08-20T02:40:07.937Z,FS,Fort Smith,2e0eb052-bb28-45b1-894f-8dc0851c56cc,SAMMS-FortSmith
202608200219259562,202608200029239542,202608200029237018,85,4453,Bronze INV,br_ReAssessmentSubstanceUse,TASK_COMPLETE,FAILED,ERROR,1988,1988,1,SaveReAssessmentSubstanceUse Bronze ForEach failed,2026-08-20T00:29:28.539Z,2026-08-20T02:40:07.937Z,7839,2026-08-20T02:40:07.937Z,VBRP,Brooklyn Park,2e0eb052-bb28-45b1-894f-8dc0851c56cc,SAMMS-BrooklynParkV6
202608200219259563,202608200029239543,202608200029237018,85,4455,Bronze INV,br_ReAssessmentSubstanceUse,TASK_COMPLETE,FAILED,ERROR,764,764,1,SaveReAssessmentSubstanceUse Bronze ForEach failed,2026-08-20T00:29:28.539Z,2026-08-20T02:40:07.937Z,7839,2026-08-20T02:40:07.937Z,VMIN,Minneapolis,2e0eb052-bb28-45b1-894f-8dc0851c56cc,SAMMS-MinneapolisV6
202608200219259564,202608200029239544,202608200029237018,85,4456,Bronze INV,br_ReAssessmentSubstanceUse,TASK_COMPLETE,FAILED,ERROR,920,920,1,SaveReAssessmentSubstanceUse Bronze ForEach failed,2026-08-20T00:29:28.539Z,2026-08-20T02:40:07.937Z,7839,2026-08-20T02:40:07.937Z,VWBY,Woodbury,2e0eb052-bb28-45b1-894f-8dc0851c56cc,SAMMS-WoodburyV6
202608200219259566,202608200029239545,202608200029237018,85,4458,Bronze INV,br_ReAssessmentSubstanceUse,TASK_COMPLETE,FAILED,ERROR,162,162,1,SaveReAssessmentSubstanceUse Bronze ForEach failed,2026-08-20T00:29:28.539Z,2026-08-20T02:40:07.937Z,7839,2026-08-20T02:40:07.937Z,WIL,Wilson,2e0eb052-bb28-45b1-894f-8dc0851c56cc,SAMMS-Wilson
202608200219259667,202608200029337034,202608200029337018,86,5735,Silver INV,sl_ReAssessmentSubstanceUse,TASK_COMPLETE,SKIPPED,WARN,0,0,0,Skipped: SaveReAssessmentSubstanceUse failed at BR,2026-08-20T00:29:28.539Z,2026-08-20T02:40:07.937Z,7839,2026-08-20T02:40:07.937Z,,,2e0eb052-bb28-45b1-894f-8dc0851c56cc,
202608200219259587,202608200029239661,202608200029237018,85,4462,Bronze INV,br_ReAssessmentTreatment,TASK_COMPLETE,FAILED,ERROR,35,35,1,SaveReAssessmentTreatment Bronze ForEach failed,2026-08-20T00:29:28.539Z,2026-08-20T02:40:07.937Z,7839,2026-08-20T02:40:07.937Z,AHK,Ahoskie,2e0eb052-bb28-45b1-894f-8dc0851c56cc,SAMMS-Ahoskie
202608200219259589,202608200029239662,202608200029237018,85,4463,Bronze INV,br_ReAssessmentTreatment,TASK_COMPLETE,FAILED,ERROR,662,662,1,SaveReAssessmentTreatment Bronze ForEach failed,2026-08-20T00:29:28.539Z,2026-08-20T02:40:07.937Z,7839,2026-08-20T02:40:07.937Z,B12B,Colorado Springs,2e0eb052-bb28-45b1-894f-8dc0851c56cc,SAMMS-ColoradoSpringsV5
202608200219259590,202608200029239663,202608200029237018,85,4464,Bronze INV,br_ReAssessmentTreatment,TASK_COMPLETE,FAILED,ERROR,828,828,1,SaveReAssessmentTreatment Bronze ForEach failed,2026-08-20T00:29:28.539Z,2026-08-20T02:40:07.937Z,7839,2026-08-20T02:40:07.937Z,B24,Paintsville,2e0eb052-bb28-45b1-894f-8dc0851c56cc,SAMMS-PaintsvilleV5
202608200219259591,202608200029239664,202608200029237018,85,4465,Bronze INV,br_ReAssessmentTreatment,TASK_COMPLETE,FAILED,ERROR,646,646,1,SaveReAssessmentTreatment Bronze ForEach failed,2026-08-20T00:29:28.539Z,2026-08-20T02:40:07.937Z,7839,2026-08-20T02:40:07.937Z,B25,Pikeville,2e0eb052-bb28-45b1-894f-8dc0851c56cc,SAMMS-PikevilleV5
202608200219259592,202608200029239665,202608200029237018,85,4466,Bronze INV,br_ReAssessmentTreatment,TASK_COMPLETE,FAILED,ERROR,973,973,1,SaveReAssessmentTreatment Bronze ForEach failed,2026-08-20T00:29:28.539Z,2026-08-20T02:40:07.937Z,7839,2026-08-20T02:40:07.937Z,B26,Hazard,2e0eb052-bb28-45b1-894f-8dc0851c56cc,SAMMS-HazardV5
202608200219259593,202608200029239666,202608200029237018,85,4467,Bronze INV,br_ReAssessmentTreatment,TASK_COMPLETE,FAILED,ERROR,532,532,1,SaveReAssessmentTreatment Bronze ForEach failed,2026-08-20T00:29:28.539Z,2026-08-20T02:40:07.937Z,7839,2026-08-20T02:40:07.937Z,B27,Savannah,2e0eb052-bb28-45b1-894f-8dc0851c56cc,SAMMS-SavannahV6
202608200219259594,202608200029239667,202608200029237018,85,4468,Bronze INV,br_ReAssessmentTreatment,TASK_COMPLETE,FAILED,ERROR,247,247,1,SaveReAssessmentTreatment Bronze ForEach failed,2026-08-20T00:29:28.539Z,2026-08-20T02:40:07.937Z,7839,2026-08-20T02:40:07.937Z,B28,West Plains,2e0eb052-bb28-45b1-894f-8dc0851c56cc,SAMMS-WestPlainesV5
202608200219259595,202608200029239668,202608200029237018,85,4469,Bronze INV,br_ReAssessmentTreatment,TASK_COMPLETE,FAILED,ERROR,460,460,1,SaveReAssessmentTreatment Bronze ForEach failed,2026-08-20T00:29:28.539Z,2026-08-20T02:40:07.937Z,7839,2026-08-20T02:40:07.937Z,B29,Poplar Bluff,2e0eb052-bb28-45b1-894f-8dc0851c56cc,SAMMS-PoplarBluffV5
202608200219259596,202608200029239669,202608200029237018,85,4470,Bronze INV,br_ReAssessmentTreatment,TASK_COMPLETE,FAILED,ERROR,78,78,1,SaveReAssessmentTreatment Bronze ForEach failed,2026-08-20T00:29:28.539Z,2026-08-20T02:40:07.937Z,7839,2026-08-20T02:40:07.937Z,B30,KC North,2e0eb052-bb28-45b1-894f-8dc0851c56cc,SAMMS-KCNv5
202608200219259598,202608200029239670,202608200029237018,85,4471,Bronze INV,br_ReAssessmentTreatment,TASK_COMPLETE,FAILED,ERROR,400,400,1,SaveReAssessmentTreatment Bronze ForEach failed,2026-08-20T00:29:28.539Z,2026-08-20T02:40:07.937Z,7839,2026-08-20T02:40:07.937Z,B31,Dyersburg,2e0eb052-bb28-45b1-894f-8dc0851c56cc,SAMMS-DyersburgV5
202608200219259599,202608200029239671,202608200029237018,85,4473,Bronze INV,br_ReAssessmentTreatment,TASK_COMPLETE,FAILED,ERROR,488,488,1,SaveReAssessmentTreatment Bronze ForEach failed,2026-08-20T00:29:28.539Z,2026-08-20T02:40:07.937Z,7839,2026-08-20T02:40:07.937Z,B33,Paducah,2e0eb052-bb28-45b1-894f-8dc0851c56cc,SAMMS-Paducah
202608200219259600,202608200029239672,202608200029237018,85,4474,Bronze INV,br_ReAssessmentTreatment,TASK_COMPLETE,FAILED,ERROR,382,382,1,SaveReAssessmentTreatment Bronze ForEach failed,2026-08-20T00:29:28.539Z,2026-08-20T02:40:07.937Z,7839,2026-08-20T02:40:07.937Z,B34,Corbin,2e0eb052-bb28-45b1-894f-8dc0851c56cc,SAMMS-CorbinV5
202608200219259601,202608200029239673,202608200029237018,85,4475,Bronze INV,br_ReAssessmentTreatment,TASK_COMPLETE,FAILED,ERROR,239,239,1,SaveReAssessmentTreatment Bronze ForEach failed,2026-08-20T00:29:28.539Z,2026-08-20T02:40:07.937Z,7839,2026-08-20T02:40:07.937Z,B35,Lexington,2e0eb052-bb28-45b1-894f-8dc0851c56cc,SAMMS-LexingtonV5
202608200219259602,202608200029239674,202608200029237018,85,4476,Bronze INV,br_ReAssessmentTreatment,TASK_COMPLETE,FAILED,ERROR,77,77,1,SaveReAssessmentTreatment Bronze ForEach failed,2026-08-20T00:29:28.539Z,2026-08-20T02:40:07.937Z,7839,2026-08-20T02:40:07.937Z,B35A,Berea,2e0eb052-bb28-45b1-894f-8dc0851c56cc,SAMMS-BereaV5
202608200219259603,202608200029239675,202608200029237018,85,4477,Bronze INV,br_ReAssessmentTreatment,TASK_COMPLETE,FAILED,ERROR,21,21,1,SaveReAssessmentTreatment Bronze ForEach failed,2026-08-20T00:29:28.539Z,2026-08-20T02:40:07.937Z,7839,2026-08-20T02:40:07.937Z,B36,Asheville,2e0eb052-bb28-45b1-894f-8dc0851c56cc,SAMMS-AshevilleV5
202608200219259605,202608200029239676,202608200029237018,85,4478,Bronze INV,br_ReAssessmentTreatment,TASK_COMPLETE,FAILED,ERROR,1,1,1,SaveReAssessmentTreatment Bronze ForEach failed,2026-08-20T00:29:28.539Z,2026-08-20T02:40:07.937Z,7839,2026-08-20T02:40:07.937Z,B37,Clyde,2e0eb052-bb28-45b1-894f-8dc0851c56cc,SAMMS-ClydeV5
202608200219259606,202608200029239677,202608200029237018,85,4479,Bronze INV,br_ReAssessmentTreatment,TASK_COMPLETE,FAILED,ERROR,1185,1185,1,SaveReAssessmentTreatment Bronze ForEach failed,2026-08-20T00:29:28.539Z,2026-08-20T02:40:07.937Z,7839,2026-08-20T02:40:07.937Z,B38,Spartanburg,2e0eb052-bb28-45b1-894f-8dc0851c56cc,SAMMS-SpartanburgV5
202608200219259607,202608200029239678,202608200029237018,85,4480,Bronze INV,br_ReAssessmentTreatment,TASK_COMPLETE,FAILED,ERROR,361,361,1,SaveReAssessmentTreatment Bronze ForEach failed,2026-08-20T00:29:28.539Z,2026-08-20T02:40:07.937Z,7839,2026-08-20T02:40:07.937Z,B39,Aiken,2e0eb052-bb28-45b1-894f-8dc0851c56cc,SAMMS-AikenV5
202608200219259608,202608200029239679,202608200029237018,85,4481,Bronze INV,br_ReAssessmentTreatment,TASK_COMPLETE,FAILED,ERROR,1886,1886,1,SaveReAssessmentTreatment Bronze ForEach failed,2026-08-20T00:29:28.539Z,2026-08-20T02:40:07.937Z,7839,2026-08-20T02:40:07.937Z,B41,Chesapeake,2e0eb052-bb28-45b1-894f-8dc0851c56cc,SAMMS-ChesapeakeV5
202608200219259609,202608200029239680,202608200029237018,85,4482,Bronze INV,br_ReAssessmentTreatment,TASK_COMPLETE,FAILED,ERROR,1911,1911,1,SaveReAssessmentTreatment Bronze ForEach failed,2026-08-20T00:29:28.539Z,2026-08-20T02:40:07.937Z,7839,2026-08-20T02:40:07.937Z,B42,Virginia Beach,2e0eb052-bb28-45b1-894f-8dc0851c56cc,SAMMS-VirginiaBeachV5
202608200219259610,202608200029239681,202608200029237018,85,4483,Bronze INV,br_ReAssessmentTreatment,TASK_COMPLETE,FAILED,ERROR,925,925,1,SaveReAssessmentTreatment Bronze ForEach failed,2026-08-20T00:29:28.539Z,2026-08-20T02:40:07.937Z,7839,2026-08-20T02:40:07.937Z,B42A,Newport News,2e0eb052-bb28-45b1-894f-8dc0851c56cc,SAMMS-NewportNewsV5
202608200219259611,202608200029239682,202608200029237018,85,4484,Bronze INV,br_ReAssessmentTreatment,TASK_COMPLETE,FAILED,ERROR,507,507,1,SaveReAssessmentTreatment Bronze ForEach failed,2026-08-20T00:29:28.539Z,2026-08-20T02:40:07.937Z,7839,2026-08-20T02:40:07.937Z,B42B,Franklin,2e0eb052-bb28-45b1-894f-8dc0851c56cc,SAMMS-FranklinV5
202608200219259612,202608200029239683,202608200029237018,85,4485,Bronze INV,br_ReAssessmentTreatment,TASK_COMPLETE,FAILED,ERROR,340,340,1,SaveReAssessmentTreatment Bronze ForEach failed,2026-08-20T00:29:28.539Z,2026-08-20T02:40:07.937Z,7839,2026-08-20T02:40:07.937Z,B42C,Glen Allen,2e0eb052-bb28-45b1-894f-8dc0851c56cc,SAMMS-GlenAllenV5
202608200219259613,202608200029239684,202608200029237018,85,4486,Bronze INV,br_ReAssessmentTreatment,TASK_COMPLETE,FAILED,ERROR,1481,1481,1,SaveReAssessmentTreatment Bronze ForEach failed,2026-08-20T00:29:28.539Z,2026-08-20T02:40:07.937Z,7839,2026-08-20T02:40:07.937Z,B42D,Chesapeake South,2e0eb052-bb28-45b1-894f-8dc0851c56cc,SAMMS-ChesapeakeSouthV5
202608200219259615,202608200029239685,202608200029237018,85,4487,Bronze INV,br_ReAssessmentTreatment,TASK_COMPLETE,FAILED,ERROR,633,633,1,SaveReAssessmentTreatment Bronze ForEach failed,2026-08-20T00:29:28.539Z,2026-08-20T02:40:07.937Z,7839,2026-08-20T02:40:07.937Z,B44,Albany,2e0eb052-bb28-45b1-894f-8dc0851c56cc,SAMMS-AlbanyV5
202608200219259616,202608200029239686,202608200029237018,85,4488,Bronze INV,br_ReAssessmentTreatment,TASK_COMPLETE,FAILED,ERROR,1269,1269,1,SaveReAssessmentTreatment Bronze ForEach failed,2026-08-20T00:29:28.539Z,2026-08-20T02:40:07.937Z,7839,2026-08-20T02:40:07.937Z,B45,Tifton,2e0eb052-bb28-45b1-894f-8dc0851c56cc,SAMMS-TiftonV5
202608200219259617,202608200029239687,202608200029237018,85,4489,Bronze INV,br_ReAssessmentTreatment,TASK_COMPLETE,FAILED,ERROR,591,591,1,SaveReAssessmentTreatment Bronze ForEach failed,2026-08-20T00:29:28.539Z,2026-08-20T02:40:07.937Z,7839,2026-08-20T02:40:07.937Z,B46,Washington DC,2e0eb052-bb28-45b1-894f-8dc0851c56cc,SAMMS-WashingtonDCv5
202608200219259618,202608200029239688,202608200029237018,85,4490,Bronze INV,br_ReAssessmentTreatment,TASK_COMPLETE,FAILED,ERROR,1524,1524,1,SaveReAssessmentTreatment Bronze ForEach failed,2026-08-20T00:29:28.539Z,2026-08-20T02:40:07.937Z,7839,2026-08-20T02:40:07.937Z,B47,Mobile,2e0eb052-bb28-45b1-894f-8dc0851c56cc,SAMMS-MobileV5
202608200219259619,202608200029239689,202608200029237018,85,4491,Bronze INV,br_ReAssessmentTreatment,TASK_COMPLETE,FAILED,ERROR,1295,1295,1,SaveReAssessmentTreatment Bronze ForEach failed,2026-08-20T00:29:28.539Z,2026-08-20T02:40:07.937Z,7839,2026-08-20T02:40:07.937Z,B48,Tuscaloosa,2e0eb052-bb28-45b1-894f-8dc0851c56cc,SAMMS-TuscaloosaV5
202608200219259621,202608200029239690,202608200029237018,85,4500,Bronze INV,br_ReAssessmentTreatment,TASK_COMPLETE,FAILED,ERROR,2,2,1,SaveReAssessmentTreatment Bronze ForEach failed,2026-08-20T00:29:28.539Z,2026-08-20T02:40:07.937Z,7839,2026-08-20T02:40:07.937Z,B51,N. Little Rock (OTP),2e0eb052-bb28-45b1-894f-8dc0851c56cc,SAMMS-NorthLittleRockV6
202608200219259622,202608200029239691,202608200029237018,85,4501,Bronze INV,br_ReAssessmentTreatment,TASK_COMPLETE,FAILED,ERROR,451,451,1,SaveReAssessmentTreatment Bronze ForEach failed,2026-08-20T00:29:28.539Z,2026-08-20T02:40:07.937Z,7839,2026-08-20T02:40:07.937Z,B52,Jackson GA,2e0eb052-bb28-45b1-894f-8dc0851c56cc,SAMMS-JacksonGAV5
202608200219259623,202608200029239692,202608200029237018,85,4502,Bronze INV,br_ReAssessmentTreatment,TASK_COMPLETE,FAILED,ERROR,1700,1700,1,SaveReAssessmentTreatment Bronze ForEach failed,2026-08-20T00:29:28.539Z,2026-08-20T02:40:07.937Z,7839,2026-08-20T02:40:07.937Z,B54,Gadsden,2e0eb052-bb28-45b1-894f-8dc0851c56cc,SAMMS-GadsdenV5
202608200219259624,202608200029239693,202608200029237018,85,4503,Bronze INV,br_ReAssessmentTreatment,TASK_COMPLETE,FAILED,ERROR,941,941,1,SaveReAssessmentTreatment Bronze ForEach failed,2026-08-20T00:29:28.539Z,2026-08-20T02:40:07.937Z,7839,2026-08-20T02:40:07.937Z,B55,Shoals,2e0eb052-bb28-45b1-894f-8dc0851c56cc,SAMMS-ShoalsV5
202608200219259067,202608200029238935,202608200029237018,85,3856,Bronze INV,br_ReAssessmentOccupational,TASK_COMPLETE,FAILED,ERROR,0,0,1,SaveReAssessmentOccupational Bronze ForEach failed,2026-08-20T00:29:28.539Z,2026-08-20T02:40:07.937Z,7839,2026-08-20T02:40:07.937Z,NLR,N. Little Rock,2e0eb052-bb28-45b1-894f-8dc0851c56cc,SAMMS-NLROBOT
202608200219259068,202608200029238936,202608200029237018,85,3857,Bronze INV,br_ReAssessmentOccupational,TASK_COMPLETE,FAILED,ERROR,112,112,1,SaveReAssessmentOccupational Bronze ForEach failed,2026-08-20T00:29:28.539Z,2026-08-20T02:40:07.937Z,7839,2026-08-20T02:40:07.937Z,PH,Phoenix,2e0eb052-bb28-45b1-894f-8dc0851c56cc,SAMMS-Phoenix
202608200219259069,202608200029238937,202608200029237018,85,3861,Bronze INV,br_ReAssessmentOccupational,TASK_COMPLETE,FAILED,ERROR,213,213,1,SaveReAssessmentOccupational Bronze ForEach failed,2026-08-20T00:29:28.539Z,2026-08-20T02:40:07.937Z,7839,2026-08-20T02:40:07.937Z,RE,Reno,2e0eb052-bb28-45b1-894f-8dc0851c56cc,SAMMS-Reno
202608200219259070,202608200029238938,202608200029237018,85,3862,Bronze INV,br_ReAssessmentOccupational,TASK_COMPLETE,FAILED,ERROR,87,87,1,SaveReAssessmentOccupational Bronze ForEach failed,2026-08-20T00:29:28.539Z,2026-08-20T02:40:07.937Z,7839,2026-08-20T02:40:07.937Z,RMD,Richmond,2e0eb052-bb28-45b1-894f-8dc0851c56cc,SAMMS-Richmond
202608200219259072,202608200029238939,202608200029237018,85,3863,Bronze INV,br_ReAssessmentOccupational,TASK_COMPLETE,FAILED,ERROR,589,589,1,SaveReAssessmentOccupational Bronze ForEach failed,2026-08-20T00:29:28.539Z,2026-08-20T02:40:07.937Z,7839,2026-08-20T02:40:07.937Z,SFN,Springfield North,2e0eb052-bb28-45b1-894f-8dc0851c56cc,SAMMS-SFNv5
202608200219259073,202608200029238940,202608200029237018,85,3864,Bronze INV,br_ReAssessmentOccupational,TASK_COMPLETE,FAILED,ERROR,762,762,1,SaveReAssessmentOccupational Bronze ForEach failed,2026-08-20T00:29:28.539Z,2026-08-20T02:40:07.937Z,7839,2026-08-20T02:40:07.937Z,SHP,Shreveport,2e0eb052-bb28-45b1-894f-8dc0851c56cc,SAMMS-Shreveport
202608200219259074,202608200029238941,202608200029237018,85,3866,Bronze INV,br_ReAssessmentOccupational,TASK_COMPLETE,FAILED,ERROR,484,484,1,SaveReAssessmentOccupational Bronze ForEach failed,2026-08-20T00:29:28.539Z,2026-08-20T02:40:07.937Z,7839,2026-08-20T02:40:07.937Z,STN,Staunton,2e0eb052-bb28-45b1-894f-8dc0851c56cc,SAMMS-Staunton
202608200219259075,202608200029238942,202608200029237018,85,3867,Bronze INV,br_ReAssessmentOccupational,TASK_COMPLETE,FAILED,ERROR,226,226,1,SaveReAssessmentOccupational Bronze ForEach failed,2026-08-20T00:29:28.539Z,2026-08-20T02:40:07.937Z,7839,2026-08-20T02:40:07.937Z,STVN,Stevenson,2e0eb052-bb28-45b1-894f-8dc0851c56cc,SAMMS-Stevenson
202608200219259076,202608200029238943,202608200029237018,85,3869,Bronze INV,br_ReAssessmentOccupational,TASK_COMPLETE,FAILED,ERROR,173,173,1,SaveReAssessmentOccupational Bronze ForEach failed,2026-08-20T00:29:28.539Z,2026-08-20T02:40:07.937Z,7839,2026-08-20T02:40:07.937Z,TE,Tempe,2e0eb052-bb28-45b1-894f-8dc0851c56cc,SAMMS-Tempe
202608200219259077,202608200029238944,202608200029237018,85,3870,Bronze INV,br_ReAssessmentOccupational,TASK_COMPLETE,FAILED,ERROR,0,0,1,SaveReAssessmentOccupational Bronze ForEach failed,2026-08-20T00:29:28.539Z,2026-08-20T02:40:07.937Z,7839,2026-08-20T02:40:07.937Z,TEX,Texarkana,2e0eb052-bb28-45b1-894f-8dc0851c56cc,SAMMS-Texarkana
202608200219259078,202608200029238945,202608200029237018,85,3871,Bronze INV,br_ReAssessmentOccupational,TASK_COMPLETE,FAILED,ERROR,1073,1073,1,SaveReAssessmentOccupational Bronze ForEach failed,2026-08-20T00:29:28.539Z,2026-08-20T02:40:07.937Z,7839,2026-08-20T02:40:07.937Z,TTCA,Bessemer,2e0eb052-bb28-45b1-894f-8dc0851c56cc,SAMMS-BessemerV5
202608200219259079,202608200029238946,202608200029237018,85,3872,Bronze INV,br_ReAssessmentOccupational,TASK_COMPLETE,FAILED,ERROR,1317,1317,1,SaveReAssessmentOccupational Bronze ForEach failed,2026-08-20T00:29:28.539Z,2026-08-20T02:40:07.937Z,7839,2026-08-20T02:40:07.937Z,TTCB,Cullman,2e0eb052-bb28-45b1-894f-8dc0851c56cc,SAMMS-CullmanV5
202608200219259080,202608200029238947,202608200029237018,85,3873,Bronze INV,br_ReAssessmentOccupational,TASK_COMPLETE,FAILED,ERROR,938,938,1,SaveReAssessmentOccupational Bronze ForEach failed,2026-08-20T00:29:28.539Z,2026-08-20T02:40:07.937Z,7839,2026-08-20T02:40:07.937Z,TTCC,Grand Bay,2e0eb052-bb28-45b1-894f-8dc0851c56cc,SAMMS-GrandBay
202608200219259081,202608200029238948,202608200029237018,85,3874,Bronze INV,br_ReAssessmentOccupational,TASK_COMPLETE,FAILED,ERROR,15,15,1,SaveReAssessmentOccupational Bronze ForEach failed,2026-08-20T00:29:28.539Z,2026-08-20T02:40:07.937Z,7839,2026-08-20T02:40:07.937Z,TU,Tucson,2e0eb052-bb28-45b1-894f-8dc0851c56cc,SAMMS-Tucson
202608200219259083,202608200029238949,202608200029237018,85,3876,Bronze INV,br_ReAssessmentOccupational,TASK_COMPLETE,FAILED,ERROR,661,661,1,SaveReAssessmentOccupational Bronze ForEach failed,2026-08-20T00:29:28.539Z,2026-08-20T02:40:07.937Z,7839,2026-08-20T02:40:07.937Z,V1,Memphis South,2e0eb052-bb28-45b1-894f-8dc0851c56cc,SAMMS-VCPHCS-I-MemphisV5
202608200219259084,202608200029238950,202608200029237018,85,3877,Bronze INV,br_ReAssessmentOccupational,TASK_COMPLETE,FAILED,ERROR,1627,1627,1,SaveReAssessmentOccupational Bronze ForEach failed,2026-08-20T00:29:28.539Z,2026-08-20T02:40:07.937Z,7839,2026-08-20T02:40:07.937Z,V10,Longmont,2e0eb052-bb28-45b1-894f-8dc0851c56cc,SAMMS-BoulderV5
202608200219259085,202608200029238951,202608200029237018,85,3878,Bronze INV,br_ReAssessmentOccupational,TASK_COMPLETE,FAILED,ERROR,1513,1513,1,SaveReAssessmentOccupational Bronze ForEach failed,2026-08-20T00:29:28.539Z,2026-08-20T02:40:07.937Z,7839,2026-08-20T02:40:07.937Z,V10A,Fort Collins,2e0eb052-bb28-45b1-894f-8dc0851c56cc,SAMMS-FortCollinsV5
202608200219259086,202608200029238952,202608200029237018,85,3879,Bronze INV,br_ReAssessmentOccupational,TASK_COMPLETE,FAILED,ERROR,2864,2864,1,SaveReAssessmentOccupational Bronze ForEach failed,2026-08-20T00:29:28.539Z,2026-08-20T02:40:07.937Z,7839,2026-08-20T02:40:07.937Z,V11,Westminster,2e0eb052-bb28-45b1-894f-8dc0851c56cc,SAMMS-VCPHCS-XI-NorthDenverV5
202608200219259087,202608200029238953,202608200029237018,85,3880,Bronze INV,br_ReAssessmentOccupational,TASK_COMPLETE,FAILED,ERROR,3036,3036,1,SaveReAssessmentOccupational Bronze ForEach failed,2026-08-20T00:29:28.539Z,2026-08-20T02:40:07.937Z,7839,2026-08-20T02:40:07.937Z,V12,Downtown Denver,2e0eb052-bb28-45b1-894f-8dc0851c56cc,SAMMS-VCPHCS-XII-DowntownDenverV5
202608200219259088,202608200029238954,202608200029237018,85,3881,Bronze INV,br_ReAssessmentOccupational,TASK_COMPLETE,FAILED,ERROR,1136,1136,1,SaveReAssessmentOccupational Bronze ForEach failed,2026-08-20T00:29:28.539Z,2026-08-20T02:40:07.937Z,7839,2026-08-20T02:40:07.937Z,V12A,Centennial,2e0eb052-bb28-45b1-894f-8dc0851c56cc,SAMMS-CentennialV5
202608200219259089,202608200029238955,202608200029237018,85,3882,Bronze INV,br_ReAssessmentOccupational,TASK_COMPLETE,FAILED,ERROR,295,295,1,SaveReAssessmentOccupational Bronze ForEach failed,2026-08-20T00:29:28.539Z,2026-08-20T02:40:07.937Z,7839,2026-08-20T02:40:07.937Z,V14,Overland Park,2e0eb052-bb28-45b1-894f-8dc0851c56cc,SAMMS-VCPHCS-XIV-BridgewayV5
202608200219259091,202608200029238956,202608200029237018,85,3883,Bronze INV,br_ReAssessmentOccupational,TASK_COMPLETE,FAILED,ERROR,609,609,1,SaveReAssessmentOccupational Bronze ForEach failed,2026-08-20T00:29:28.539Z,2026-08-20T02:40:07.937Z,7839,2026-08-20T02:40:07.937Z,V15,Joplin,2e0eb052-bb28-45b1-894f-8dc0851c56cc,SAMMS-JoplinV5
202608200219259092,202608200029238957,202608200029237018,85,3885,Bronze INV,br_ReAssessmentOccupational,TASK_COMPLETE,FAILED,ERROR,904,904,1,SaveReAssessmentOccupational Bronze ForEach failed,2026-08-20T00:29:28.539Z,2026-08-20T02:40:07.937Z,7839,2026-08-20T02:40:07.937Z,V17,Columbia TN,2e0eb052-bb28-45b1-894f-8dc0851c56cc,SAMMS-ColumbiaTNv5
202608200219259093,202608200029238958,202608200029237018,85,3887,Bronze INV,br_ReAssessmentOccupational,TASK_COMPLETE,FAILED,ERROR,533,533,1,SaveReAssessmentOccupational Bronze ForEach failed,2026-08-20T00:29:28.539Z,2026-08-20T02:40:07.937Z,7839,2026-08-20T02:40:07.937Z,V19,Jackson,2e0eb052-bb28-45b1-894f-8dc0851c56cc,SAMMS-JacksonV5
202608200219259094,202608200029238959,202608200029237018,85,3889,Bronze INV,br_ReAssessmentOccupational,TASK_COMPLETE,FAILED,ERROR,1766,1766,1,SaveReAssessmentOccupational Bronze ForEach failed,2026-08-20T00:29:28.539Z,2026-08-20T02:40:07.937Z,7839,2026-08-20T02:40:07.937Z,V20,Paris,2e0eb052-bb28-45b1-894f-8dc0851c56cc,SAMMS-ParisV5
202608200219259095,202608200029238960,202608200029237018,85,3890,Bronze INV,br_ReAssessmentOccupational,TASK_COMPLETE,FAILED,ERROR,723,723,1,SaveReAssessmentOccupational Bronze ForEach failed,2026-08-20T00:29:28.539Z,2026-08-20T02:40:07.937Z,7839,2026-08-20T02:40:07.937Z,V21,Memphis North,2e0eb052-bb28-45b1-894f-8dc0851c56cc,SAMMS-RaleighV5
202608200219259096,202608200029238961,202608200029237018,85,3893,Bronze INV,br_ReAssessmentOccupational,TASK_COMPLETE,FAILED,ERROR,1778,1778,1,SaveReAssessmentOccupational Bronze ForEach failed,2026-08-20T00:29:28.539Z,2026-08-20T02:40:07.937Z,7839,2026-08-20T02:40:07.937Z,V5,West Bank,2e0eb052-bb28-45b1-894f-8dc0851c56cc,SAMMS-NONTCv5
202608200219259097,202608200029238962,202608200029237018,85,3895,Bronze INV,br_ReAssessmentOccupational,TASK_COMPLETE,FAILED,ERROR,144,144,1,SaveReAssessmentOccupational Bronze ForEach failed,2026-08-20T00:29:28.539Z,2026-08-20T02:40:07.937Z,7839,2026-08-20T02:40:07.937Z,V5B,Houma,2e0eb052-bb28-45b1-894f-8dc0851c56cc,SAMMS-HoumaV6
202608200219259099,202608200029238963,202608200029237018,85,3896,Bronze INV,br_ReAssessmentOccupational,TASK_COMPLETE,FAILED,ERROR,1907,1907,1,SaveReAssessmentOccupational Bronze ForEach failed,2026-08-20T00:29:28.539Z,2026-08-20T02:40:07.937Z,7839,2026-08-20T02:40:07.937Z,V6,Lake Charles,2e0eb052-bb28-45b1-894f-8dc0851c56cc,SAMMS-LCv5
202608200219259100,202608200029238964,202608200029237018,85,3898,Bronze INV,br_ReAssessmentOccupational,TASK_COMPLETE,FAILED,ERROR,741,741,1,SaveReAssessmentOccupational Bronze ForEach failed,2026-08-20T00:29:28.539Z,2026-08-20T02:40:07.937Z,7839,2026-08-20T02:40:07.937Z,V8,Memphis Midtown,2e0eb052-bb28-45b1-894f-8dc0851c56cc,SAMMS-VCPHCS-VIII-MemphisV5
202608200219259101,202608200029238965,202608200029237018,85,3899,Bronze INV,br_ReAssessmentOccupational,TASK_COMPLETE,FAILED,ERROR,1761,1761,1,SaveReAssessmentOccupational Bronze ForEach failed,2026-08-20T00:29:28.539Z,2026-08-20T02:40:07.937Z,7839,2026-08-20T02:40:07.937Z,V9,Nashville,2e0eb052-bb28-45b1-894f-8dc0851c56cc,SAMMS-NashvilleV5
202608200219259102,202608200029238966,202608200029237018,85,3900,Bronze INV,br_ReAssessmentOccupational,TASK_COMPLETE,FAILED,ERROR,837,837,1,SaveReAssessmentOccupational Bronze ForEach failed,2026-08-20T00:29:28.539Z,2026-08-20T02:40:07.937Z,7839,2026-08-20T02:40:07.937Z,VBRA,Brainerd,2e0eb052-bb28-45b1-894f-8dc0851c56cc,SAMMS-BrainerdV6
202608200219259103,202608200029238967,202608200029237018,85,3901,Bronze INV,br_ReAssessmentOccupational,TASK_COMPLETE,FAILED,ERROR,1955,1955,1,SaveReAssessmentOccupational Bronze ForEach failed,2026-08-20T00:29:28.539Z,2026-08-20T02:40:07.937Z,7839,2026-08-20T02:40:07.937Z,VBRP,Brooklyn Park,2e0eb052-bb28-45b1-894f-8dc0851c56cc,SAMMS-BrooklynParkV6
202608200219259104,202608200029238968,202608200029237018,85,3903,Bronze INV,br_ReAssessmentOccupational,TASK_COMPLETE,FAILED,ERROR,742,742,1,SaveReAssessmentOccupational Bronze ForEach failed,2026-08-20T00:29:28.539Z,2026-08-20T02:40:07.937Z,7839,2026-08-20T02:40:07.937Z,VMIN,Minneapolis,2e0eb052-bb28-45b1-894f-8dc0851c56cc,SAMMS-MinneapolisV6
202608200219259105,202608200029238969,202608200029237018,85,3904,Bronze INV,br_ReAssessmentOccupational,TASK_COMPLETE,FAILED,ERROR,881,881,1,SaveReAssessmentOccupational Bronze ForEach failed,2026-08-20T00:29:28.539Z,2026-08-20T02:40:07.937Z,7839,2026-08-20T02:40:07.937Z,VWBY,Woodbury,2e0eb052-bb28-45b1-894f-8dc0851c56cc,SAMMS-WoodburyV6
202608200219259107,202608200029238970,202608200029237018,85,3906,Bronze INV,br_ReAssessmentOccupational,TASK_COMPLETE,FAILED,ERROR,161,161,1,SaveReAssessmentOccupational Bronze ForEach failed,2026-08-20T00:29:28.539Z,2026-08-20T02:40:07.937Z,7839,2026-08-20T02:40:07.937Z,WIL,Wilson,2e0eb052-bb28-45b1-894f-8dc0851c56cc,SAMMS-Wilson
202608200219259208,202608200029337031,202608200029337018,86,5732,Silver INV,sl_ReAssessmentOccupational,TASK_COMPLETE,SKIPPED,WARN,0,0,0,Skipped: SaveReAssessmentOccupational failed at BR,2026-08-20T00:29:28.539Z,2026-08-20T02:40:07.937Z,7839,2026-08-20T02:40:07.937Z,,,2e0eb052-bb28-45b1-894f-8dc0851c56cc,
202608200219259129,202608200029239316,202608200029237018,85,3910,Bronze INV,br_ReAssessmentPhysicalHealth,TASK_COMPLETE,FAILED,ERROR,35,35,1,SaveReAssessmentPhysicalHealth Bronze ForEach failed,2026-08-20T00:29:28.539Z,2026-08-20T02:40:07.937Z,7839,2026-08-20T02:40:07.937Z,AHK,Ahoskie,2e0eb052-bb28-45b1-894f-8dc0851c56cc,SAMMS-Ahoskie
202608200219256907,202608200029238654,202608200029237018,85,995,Bronze INV,br_AdmissionAssessmentDimensionSix,TASK_COMPLETE,FAILED,ERROR,441,441,1,SaveAdmissionAssessmentDimensionSix Bronze ForEach failed,2026-08-20T00:29:28.539Z,2026-08-20T02:40:07.937Z,7839,2026-08-20T02:40:07.937Z,B48,Tuscaloosa,2e0eb052-bb28-45b1-894f-8dc0851c56cc,SAMMS-TuscaloosaV5
202608200219256908,202608200029238655,202608200029237018,85,1004,Bronze INV,br_AdmissionAssessmentDimensionSix,TASK_COMPLETE,FAILED,ERROR,309,309,1,SaveAdmissionAssessmentDimensionSix Bronze ForEach failed,2026-08-20T00:29:28.539Z,2026-08-20T02:40:07.937Z,7839,2026-08-20T02:40:07.937Z,B51,N. Little Rock (OTP),2e0eb052-bb28-45b1-894f-8dc0851c56cc,SAMMS-NorthLittleRockV6
202608200219256909,202608200029238656,202608200029237018,85,1005,Bronze INV,br_AdmissionAssessmentDimensionSix,TASK_COMPLETE,FAILED,ERROR,154,154,1,SaveAdmissionAssessmentDimensionSix Bronze ForEach failed,2026-08-20T00:29:28.539Z,2026-08-20T02:40:07.937Z,7839,2026-08-20T02:40:07.937Z,B52,Jackson GA,2e0eb052-bb28-45b1-894f-8dc0851c56cc,SAMMS-JacksonGAV5
202608200219256910,202608200029238657,202608200029237018,85,1006,Bronze INV,br_AdmissionAssessmentDimensionSix,TASK_COMPLETE,FAILED,ERROR,463,463,1,SaveAdmissionAssessmentDimensionSix Bronze ForEach failed,2026-08-20T00:29:28.539Z,2026-08-20T02:40:07.937Z,7839,2026-08-20T02:40:07.937Z,B54,Gadsden,2e0eb052-bb28-45b1-894f-8dc0851c56cc,SAMMS-GadsdenV5
202608200219256911,202608200029238658,202608200029237018,85,1007,Bronze INV,br_AdmissionAssessmentDimensionSix,TASK_COMPLETE,FAILED,ERROR,481,481,1,SaveAdmissionAssessmentDimensionSix Bronze ForEach failed,2026-08-20T00:29:28.539Z,2026-08-20T02:40:07.937Z,7839,2026-08-20T02:40:07.937Z,B55,Shoals,2e0eb052-bb28-45b1-894f-8dc0851c56cc,SAMMS-ShoalsV5
202608200219256912,202608200029238659,202608200029237018,85,1008,Bronze INV,br_AdmissionAssessmentDimensionSix,TASK_COMPLETE,FAILED,ERROR,171,171,1,SaveAdmissionAssessmentDimensionSix Bronze ForEach failed,2026-08-20T00:29:28.539Z,2026-08-20T02:40:07.937Z,7839,2026-08-20T02:40:07.937Z,B57,Pawtucket,2e0eb052-bb28-45b1-894f-8dc0851c56cc,SAMMS-Pawtucket
202608200219256914,202608200029238660,202608200029237018,85,1009,Bronze INV,br_AdmissionAssessmentDimensionSix,TASK_COMPLETE,FAILED,ERROR,167,167,1,SaveAdmissionAssessmentDimensionSix Bronze ForEach failed,2026-08-20T00:29:28.539Z,2026-08-20T02:40:07.937Z,7839,2026-08-20T02:40:07.937Z,B57A,Johnston,2e0eb052-bb28-45b1-894f-8dc0851c56cc,SAMMS-Johnston
202608200219256915,202608200029238661,202608200029237018,85,1010,Bronze INV,br_AdmissionAssessmentDimensionSix,TASK_COMPLETE,FAILED,ERROR,86,86,1,SaveAdmissionAssessmentDimensionSix Bronze ForEach failed,2026-08-20T00:29:28.539Z,2026-08-20T02:40:07.937Z,7839,2026-08-20T02:40:07.937Z,B57B,Middletown,2e0eb052-bb28-45b1-894f-8dc0851c56cc,SAMMS-Middletown
202608200219256916,202608200029238662,202608200029237018,85,1011,Bronze INV,br_AdmissionAssessmentDimensionSix,TASK_COMPLETE,FAILED,ERROR,172,172,1,SaveAdmissionAssessmentDimensionSix Bronze ForEach failed,2026-08-20T00:29:28.539Z,2026-08-20T02:40:07.937Z,7839,2026-08-20T02:40:07.937Z,B57C,Providence,2e0eb052-bb28-45b1-894f-8dc0851c56cc,SAMMS-Providence
202608200219256917,202608200029238663,202608200029237018,85,1012,Bronze INV,br_AdmissionAssessmentDimensionSix,TASK_COMPLETE,FAILED,ERROR,252,252,1,SaveAdmissionAssessmentDimensionSix Bronze ForEach failed,2026-08-20T00:29:28.539Z,2026-08-20T02:40:07.937Z,7839,2026-08-20T02:40:07.937Z,B57D,Westerly,2e0eb052-bb28-45b1-894f-8dc0851c56cc,SAMMS-Westerly
202608200219256918,202608200029238664,202608200029237018,85,1016,Bronze INV,br_AdmissionAssessmentDimensionSix,TASK_COMPLETE,FAILED,ERROR,362,362,1,SaveAdmissionAssessmentDimensionSix Bronze ForEach failed,2026-08-20T00:29:28.539Z,2026-08-20T02:40:07.937Z,7839,2026-08-20T02:40:07.937Z,B66A,Bremen,2e0eb052-bb28-45b1-894f-8dc0851c56cc,SAMMS-Bremen
202608200219256919,202608200029238665,202608200029237018,85,1019,Bronze INV,br_AdmissionAssessmentDimensionSix,TASK_COMPLETE,FAILED,ERROR,13,13,1,SaveAdmissionAssessmentDimensionSix Bronze ForEach failed,2026-08-20T00:29:28.539Z,2026-08-20T02:40:07.937Z,7839,2026-08-20T02:40:07.937Z,B72,Mobile (OBOT),2e0eb052-bb28-45b1-894f-8dc0851c56cc,SAMMS-Mobile-OBOT
202608200219256920,202608200029238666,202608200029237018,85,1020,Bronze INV,br_AdmissionAssessmentDimensionSix,TASK_COMPLETE,FAILED,ERROR,2,2,1,SaveAdmissionAssessmentDimensionSix Bronze ForEach failed,2026-08-20T00:29:28.539Z,2026-08-20T02:40:07.937Z,7839,2026-08-20T02:40:07.937Z,B73,Montgomery,2e0eb052-bb28-45b1-894f-8dc0851c56cc,SAMMS-Montgomery
202608200219256922,202608200029238667,202608200029237018,85,1021,Bronze INV,br_AdmissionAssessmentDimensionSix,TASK_COMPLETE,FAILED,ERROR,314,314,1,SaveAdmissionAssessmentDimensionSix Bronze ForEach failed,2026-08-20T00:29:28.539Z,2026-08-20T02:40:07.937Z,7839,2026-08-20T02:40:07.937Z,B75,Lawrence,2e0eb052-bb28-45b1-894f-8dc0851c56cc,SAMMS-LawrenceV6
202608200219256923,202608200029238668,202608200029237018,85,1022,Bronze INV,br_AdmissionAssessmentDimensionSix,TASK_COMPLETE,FAILED,ERROR,49,49,1,SaveAdmissionAssessmentDimensionSix Bronze ForEach failed,2026-08-20T00:29:28.539Z,2026-08-20T02:40:07.937Z,7839,2026-08-20T02:40:07.937Z,B76,Huntsville OBOT,2e0eb052-bb28-45b1-894f-8dc0851c56cc,SAMMS-Huntsville-OBOT
202608200219256924,202608200029238669,202608200029237018,85,1023,Bronze INV,br_AdmissionAssessmentDimensionSix,TASK_COMPLETE,FAILED,ERROR,293,293,1,SaveAdmissionAssessmentDimensionSix Bronze ForEach failed,2026-08-20T00:29:28.539Z,2026-08-20T02:40:07.937Z,7839,2026-08-20T02:40:07.937Z,BAT,Batesville,2e0eb052-bb28-45b1-894f-8dc0851c56cc,SAMMS-Batesville
202608200219256925,202608200029238670,202608200029237018,85,1024,Bronze INV,br_AdmissionAssessmentDimensionSix,TASK_COMPLETE,FAILED,ERROR,235,235,1,SaveAdmissionAssessmentDimensionSix Bronze ForEach failed,2026-08-20T00:29:28.539Z,2026-08-20T02:40:07.937Z,7839,2026-08-20T02:40:07.937Z,BG,Bowling Green,2e0eb052-bb28-45b1-894f-8dc0851c56cc,SAMMS-BowlingGreen
202608200219256926,202608200029238671,202608200029237018,85,1025,Bronze INV,br_AdmissionAssessmentDimensionSix,TASK_COMPLETE,FAILED,ERROR,214,214,1,SaveAdmissionAssessmentDimensionSix Bronze ForEach failed,2026-08-20T00:29:28.539Z,2026-08-20T02:40:07.937Z,7839,2026-08-20T02:40:07.937Z,BOI,Boise,2e0eb052-bb28-45b1-894f-8dc0851c56cc,SAMMS-Boise
202608200219256927,202608200029238672,202608200029237018,85,1032,Bronze INV,br_AdmissionAssessmentDimensionSix,TASK_COMPLETE,FAILED,ERROR,282,282,1,SaveAdmissionAssessmentDimensionSix Bronze ForEach failed,2026-08-20T00:29:28.539Z,2026-08-20T02:40:07.937Z,7839,2026-08-20T02:40:07.937Z,CBCO,Coeur dAlene,2e0eb052-bb28-45b1-894f-8dc0851c56cc,SAMMS-CoeurdAleneV6
202608200219256928,202608200029238673,202608200029237018,85,1051,Bronze INV,br_AdmissionAssessmentDimensionSix,TASK_COMPLETE,FAILED,ERROR,297,297,1,SaveAdmissionAssessmentDimensionSix Bronze ForEach failed,2026-08-20T00:29:28.539Z,2026-08-20T02:40:07.937Z,7839,2026-08-20T02:40:07.937Z,CON,Conway,2e0eb052-bb28-45b1-894f-8dc0851c56cc,SAMMS-Conway
202608200219256929,202608200029238674,202608200029237018,85,1052,Bronze INV,br_AdmissionAssessmentDimensionSix,TASK_COMPLETE,FAILED,ERROR,1535,1535,1,SaveAdmissionAssessmentDimensionSix Bronze ForEach failed,2026-08-20T00:29:28.539Z,2026-08-20T02:40:07.937Z,7839,2026-08-20T02:40:07.937Z,D07,Medical Services Knox TN,2e0eb052-bb28-45b1-894f-8dc0851c56cc,SAMMS-KnoxvilleV6
202608200219256930,202608200029238675,202608200029237018,85,1053,Bronze INV,br_AdmissionAssessmentDimensionSix,TASK_COMPLETE,FAILED,ERROR,953,953,1,SaveAdmissionAssessmentDimensionSix Bronze ForEach failed,2026-08-20T00:29:28.539Z,2026-08-20T02:40:07.937Z,7839,2026-08-20T02:40:07.937Z,D08,Madison,2e0eb052-bb28-45b1-894f-8dc0851c56cc,SAMMS-MadisonV6
202608200219256932,202608200029238676,202608200029237018,85,1055,Bronze INV,br_AdmissionAssessmentDimensionSix,TASK_COMPLETE,FAILED,ERROR,926,926,1,SaveAdmissionAssessmentDimensionSix Bronze ForEach failed,2026-08-20T00:29:28.539Z,2026-08-20T02:40:07.937Z,7839,2026-08-20T02:40:07.937Z,D09,Murfreesboro,2e0eb052-bb28-45b1-894f-8dc0851c56cc,SAMMS-MurfreesboroV6
202608200219256933,202608200029238677,202608200029237018,85,1056,Bronze INV,br_AdmissionAssessmentDimensionSix,TASK_COMPLETE,FAILED,ERROR,216,216,1,SaveAdmissionAssessmentDimensionSix Bronze ForEach failed,2026-08-20T00:29:28.539Z,2026-08-20T02:40:07.937Z,7839,2026-08-20T02:40:07.937Z,DA,Davenport,2e0eb052-bb28-45b1-894f-8dc0851c56cc,SAMMS-Davenport
202608200219256934,202608200029238678,202608200029237018,85,1057,Bronze INV,br_AdmissionAssessmentDimensionSix,TASK_COMPLETE,FAILED,ERROR,345,345,1,SaveAdmissionAssessmentDimensionSix Bronze ForEach failed,2026-08-20T00:29:28.539Z,2026-08-20T02:40:07.937Z,7839,2026-08-20T02:40:07.937Z,DM,Des Moines,2e0eb052-bb28-45b1-894f-8dc0851c56cc,SAMMS-DesMoines
202608200219256935,202608200029238679,202608200029237018,85,1059,Bronze INV,br_AdmissionAssessmentDimensionSix,TASK_COMPLETE,FAILED,ERROR,470,470,1,SaveAdmissionAssessmentDimensionSix Bronze ForEach failed,2026-08-20T00:29:28.539Z,2026-08-20T02:40:07.937Z,7839,2026-08-20T02:40:07.937Z,DRD-CO,Columbia MO,2e0eb052-bb28-45b1-894f-8dc0851c56cc,SAMMS-ColumbiaV5
202608200219256936,202608200029238680,202608200029237018,85,1060,Bronze INV,br_AdmissionAssessmentDimensionSix,TASK_COMPLETE,FAILED,ERROR,591,591,1,SaveAdmissionAssessmentDimensionSix Bronze ForEach failed,2026-08-20T00:29:28.539Z,2026-08-20T02:40:07.937Z,7839,2026-08-20T02:40:07.937Z,DRD-KC,KC,2e0eb052-bb28-45b1-894f-8dc0851c56cc,SAMMS-KCv5
202608200219256937,202608200029238681,202608200029237018,85,1061,Bronze INV,br_AdmissionAssessmentDimensionSix,TASK_COMPLETE,FAILED,ERROR,941,941,1,SaveAdmissionAssessmentDimensionSix Bronze ForEach failed,2026-08-20T00:29:28.539Z,2026-08-20T02:40:07.937Z,7839,2026-08-20T02:40:07.937Z,DRD-KVB,KVB,2e0eb052-bb28-45b1-894f-8dc0851c56cc,SAMMS-KVBv5
202608200219256939,202608200029238682,202608200029237018,85,1062,Bronze INV,br_AdmissionAssessmentDimensionSix,TASK_COMPLETE,FAILED,ERROR,1559,1559,1,SaveAdmissionAssessmentDimensionSix Bronze ForEach failed,2026-08-20T00:29:28.539Z,2026-08-20T02:40:07.937Z,7839,2026-08-20T02:40:07.937Z,DRD-KVC,KVC,2e0eb052-bb28-45b1-894f-8dc0851c56cc,SAMMS-KVCv5
202608200219256940,202608200029238683,202608200029237018,85,1063,Bronze INV,br_AdmissionAssessmentDimensionSix,TASK_COMPLETE,FAILED,ERROR,1250,1250,1,SaveAdmissionAssessmentDimensionSix Bronze ForEach failed,2026-08-20T00:29:28.539Z,2026-08-20T02:40:07.937Z,7839,2026-08-20T02:40:07.937Z,DRD-NOLA,NOLA,2e0eb052-bb28-45b1-894f-8dc0851c56cc,SAMMS-NOLAv5
202608200219256941,202608200029238684,202608200029237018,85,1064,Bronze INV,br_AdmissionAssessmentDimensionSix,TASK_COMPLETE,FAILED,ERROR,728,728,1,SaveAdmissionAssessmentDimensionSix Bronze ForEach failed,2026-08-20T00:29:28.539Z,2026-08-20T02:40:07.937Z,7839,2026-08-20T02:40:07.937Z,DRD-SF,Springfield,2e0eb052-bb28-45b1-894f-8dc0851c56cc,SAMMS-SFv5
202608200219256942,202608200029238685,202608200029237018,85,1066,Bronze INV,br_AdmissionAssessmentDimensionSix,TASK_COMPLETE,FAILED,ERROR,248,248,1,SaveAdmissionAssessmentDimensionSix Bronze ForEach failed,2026-08-20T00:29:28.539Z,2026-08-20T02:40:07.937Z,7839,2026-08-20T02:40:07.937Z,ELC,Elizabeth City,2e0eb052-bb28-45b1-894f-8dc0851c56cc,SAMMS-ElizabethCity
202608200219256943,202608200029238686,202608200029237018,85,1067,Bronze INV,br_AdmissionAssessmentDimensionSix,TASK_COMPLETE,FAILED,ERROR,260,260,1,SaveAdmissionAssessmentDimensionSix Bronze ForEach failed,2026-08-20T00:29:28.539Z,2026-08-20T02:40:07.937Z,7839,2026-08-20T02:40:07.937Z,ET,Elizabethtown,2e0eb052-bb28-45b1-894f-8dc0851c56cc,SAMMS-Elizabethtown
202608200219256944,202608200029238687,202608200029237018,85,1068,Bronze INV,br_AdmissionAssessmentDimensionSix,TASK_COMPLETE,FAILED,ERROR,220,220,1,SaveAdmissionAssessmentDimensionSix Bronze ForEach failed,2026-08-20T00:29:28.539Z,2026-08-20T02:40:07.937Z,7839,2026-08-20T02:40:07.937Z,FAY,Fayetteville,2e0eb052-bb28-45b1-894f-8dc0851c56cc,SAMMS-Fayetteville
202608200219256945,202608200029238688,202608200029237018,85,1069,Bronze INV,br_AdmissionAssessmentDimensionSix,TASK_COMPLETE,FAILED,ERROR,180,180,1,SaveAdmissionAssessmentDimensionSix Bronze ForEach failed,2026-08-20T00:29:28.539Z,2026-08-20T02:40:07.937Z,7839,2026-08-20T02:40:07.937Z,FR,Frankfort,2e0eb052-bb28-45b1-894f-8dc0851c56cc,SAMMS-Frankfort
202608200219256946,202608200029238689,202608200029237018,85,1070,Bronze INV,br_AdmissionAssessmentDimensionSix,TASK_COMPLETE,FAILED,ERROR,276,276,1,SaveAdmissionAssessmentDimensionSix Bronze ForEach failed,2026-08-20T00:29:28.539Z,2026-08-20T02:40:07.937Z,7839,2026-08-20T02:40:07.937Z,FS,Fort Smith,2e0eb052-bb28-45b1-894f-8dc0851c56cc,SAMMS-FortSmith
202608200219256947,202608200029238690,202608200029237018,85,1071,Bronze INV,br_AdmissionAssessmentDimensionSix,TASK_COMPLETE,FAILED,ERROR,677,677,1,SaveAdmissionAssessmentDimensionSix Bronze ForEach failed,2026-08-20T00:29:28.539Z,2026-08-20T02:40:07.937Z,7839,2026-08-20T02:40:07.937Z,FW,Fort Wayne,2e0eb052-bb28-45b1-894f-8dc0851c56cc,SAMMS-FortWayne
202608200219256949,202608200029238691,202608200029237018,85,1072,Bronze INV,br_AdmissionAssessmentDimensionSix,TASK_COMPLETE,FAILED,ERROR,102,102,1,SaveAdmissionAssessmentDimensionSix Bronze ForEach failed,2026-08-20T00:29:28.539Z,2026-08-20T02:40:07.937Z,7839,2026-08-20T02:40:07.937Z,GAL,Gaylord,2e0eb052-bb28-45b1-894f-8dc0851c56cc,SAMMS-Gaylord
202608200219257201,202608200029238190,202608200029237018,85,1359,Bronze INV,br_AdmissionAssessmentDimensionTwo,TASK_COMPLETE,FAILED,ERROR,206,206,1,SaveAdmissionAssessmentDimensionTwo Bronze ForEach failed,2026-08-20T00:29:28.539Z,2026-08-20T02:40:07.937Z,7839,2026-08-20T02:40:07.937Z,B44,Albany,2e0eb052-bb28-45b1-894f-8dc0851c56cc,SAMMS-AlbanyV5
202608200219257202,202608200029238191,202608200029237018,85,1360,Bronze INV,br_AdmissionAssessmentDimensionTwo,TASK_COMPLETE,FAILED,ERROR,302,302,1,SaveAdmissionAssessmentDimensionTwo Bronze ForEach failed,2026-08-20T00:29:28.539Z,2026-08-20T02:40:07.937Z,7839,2026-08-20T02:40:07.937Z,B45,Tifton,2e0eb052-bb28-45b1-894f-8dc0851c56cc,SAMMS-TiftonV5
202608200219257203,202608200029238192,202608200029237018,85,1361,Bronze INV,br_AdmissionAssessmentDimensionTwo,TASK_COMPLETE,FAILED,ERROR,657,657,1,SaveAdmissionAssessmentDimensionTwo Bronze ForEach failed,2026-08-20T00:29:28.539Z,2026-08-20T02:40:07.937Z,7839,2026-08-20T02:40:07.937Z,B46,Washington DC,2e0eb052-bb28-45b1-894f-8dc0851c56cc,SAMMS-WashingtonDCv5
202608200219257204,202608200029238193,202608200029237018,85,1362,Bronze INV,br_AdmissionAssessmentDimensionTwo,TASK_COMPLETE,FAILED,ERROR,351,351,1,SaveAdmissionAssessmentDimensionTwo Bronze ForEach failed,2026-08-20T00:29:28.539Z,2026-08-20T02:40:07.937Z,7839,2026-08-20T02:40:07.937Z,B47,Mobile,2e0eb052-bb28-45b1-894f-8dc0851c56cc,SAMMS-MobileV5
202608200219257205,202608200029238194,202608200029237018,85,1363,Bronze INV,br_AdmissionAssessmentDimensionTwo,TASK_COMPLETE,FAILED,ERROR,445,445,1,SaveAdmissionAssessmentDimensionTwo Bronze ForEach failed,2026-08-20T00:29:28.539Z,2026-08-20T02:40:07.937Z,7839,2026-08-20T02:40:07.937Z,B48,Tuscaloosa,2e0eb052-bb28-45b1-894f-8dc0851c56cc,SAMMS-TuscaloosaV5
202608200219257206,202608200029238195,202608200029237018,85,1372,Bronze INV,br_AdmissionAssessmentDimensionTwo,TASK_COMPLETE,FAILED,ERROR,313,313,1,SaveAdmissionAssessmentDimensionTwo Bronze ForEach failed,2026-08-20T00:29:28.539Z,2026-08-20T02:40:07.937Z,7839,2026-08-20T02:40:07.937Z,B51,N. Little Rock (OTP),2e0eb052-bb28-45b1-894f-8dc0851c56cc,SAMMS-NorthLittleRockV6
202608200219257208,202608200029238196,202608200029237018,85,1373,Bronze INV,br_AdmissionAssessmentDimensionTwo,TASK_COMPLETE,FAILED,ERROR,160,160,1,SaveAdmissionAssessmentDimensionTwo Bronze ForEach failed,2026-08-20T00:29:28.539Z,2026-08-20T02:40:07.937Z,7839,2026-08-20T02:40:07.937Z,B52,Jackson GA,2e0eb052-bb28-45b1-894f-8dc0851c56cc,SAMMS-JacksonGAV5
202608200219257209,202608200029238197,202608200029237018,85,1374,Bronze INV,br_AdmissionAssessmentDimensionTwo,TASK_COMPLETE,FAILED,ERROR,474,474,1,SaveAdmissionAssessmentDimensionTwo Bronze ForEach failed,2026-08-20T00:29:28.539Z,2026-08-20T02:40:07.937Z,7839,2026-08-20T02:40:07.937Z,B54,Gadsden,2e0eb052-bb28-45b1-894f-8dc0851c56cc,SAMMS-GadsdenV5
202608200219257210,202608200029238198,202608200029237018,85,1375,Bronze INV,br_AdmissionAssessmentDimensionTwo,TASK_COMPLETE,FAILED,ERROR,487,487,1,SaveAdmissionAssessmentDimensionTwo Bronze ForEach failed,2026-08-20T00:29:28.539Z,2026-08-20T02:40:07.937Z,7839,2026-08-20T02:40:07.937Z,B55,Shoals,2e0eb052-bb28-45b1-894f-8dc0851c56cc,SAMMS-ShoalsV5
202608200219257211,202608200029238199,202608200029237018,85,1376,Bronze INV,br_AdmissionAssessmentDimensionTwo,TASK_COMPLETE,FAILED,ERROR,174,174,1,SaveAdmissionAssessmentDimensionTwo Bronze ForEach failed,2026-08-20T00:29:28.539Z,2026-08-20T02:40:07.937Z,7839,2026-08-20T02:40:07.937Z,B57,Pawtucket,2e0eb052-bb28-45b1-894f-8dc0851c56cc,SAMMS-Pawtucket
202608200219257212,202608200029238200,202608200029237018,85,1377,Bronze INV,br_AdmissionAssessmentDimensionTwo,TASK_COMPLETE,FAILED,ERROR,170,170,1,SaveAdmissionAssessmentDimensionTwo Bronze ForEach failed,2026-08-20T00:29:28.539Z,2026-08-20T02:40:07.937Z,7839,2026-08-20T02:40:07.937Z,B57A,Johnston,2e0eb052-bb28-45b1-894f-8dc0851c56cc,SAMMS-Johnston
202608200219257213,202608200029238201,202608200029237018,85,1378,Bronze INV,br_AdmissionAssessmentDimensionTwo,TASK_COMPLETE,FAILED,ERROR,91,91,1,SaveAdmissionAssessmentDimensionTwo Bronze ForEach failed,2026-08-20T00:29:28.539Z,2026-08-20T02:40:07.937Z,7839,2026-08-20T02:40:07.937Z,B57B,Middletown,2e0eb052-bb28-45b1-894f-8dc0851c56cc,SAMMS-Middletown
202608200219257214,202608200029238202,202608200029237018,85,1379,Bronze INV,br_AdmissionAssessmentDimensionTwo,TASK_COMPLETE,FAILED,ERROR,178,178,1,SaveAdmissionAssessmentDimensionTwo Bronze ForEach failed,2026-08-20T00:29:28.539Z,2026-08-20T02:40:07.937Z,7839,2026-08-20T02:40:07.937Z,B57C,Providence,2e0eb052-bb28-45b1-894f-8dc0851c56cc,SAMMS-Providence
202608200219257216,202608200029238203,202608200029237018,85,1380,Bronze INV,br_AdmissionAssessmentDimensionTwo,TASK_COMPLETE,FAILED,ERROR,254,254,1,SaveAdmissionAssessmentDimensionTwo Bronze ForEach failed,2026-08-20T00:29:28.539Z,2026-08-20T02:40:07.937Z,7839,2026-08-20T02:40:07.937Z,B57D,Westerly,2e0eb052-bb28-45b1-894f-8dc0851c56cc,SAMMS-Westerly
202608200219257217,202608200029238204,202608200029237018,85,1384,Bronze INV,br_AdmissionAssessmentDimensionTwo,TASK_COMPLETE,FAILED,ERROR,362,362,1,SaveAdmissionAssessmentDimensionTwo Bronze ForEach failed,2026-08-20T00:29:28.539Z,2026-08-20T02:40:07.937Z,7839,2026-08-20T02:40:07.937Z,B66A,Bremen,2e0eb052-bb28-45b1-894f-8dc0851c56cc,SAMMS-Bremen
202608200219257218,202608200029238205,202608200029237018,85,1387,Bronze INV,br_AdmissionAssessmentDimensionTwo,TASK_COMPLETE,FAILED,ERROR,16,16,1,SaveAdmissionAssessmentDimensionTwo Bronze ForEach failed,2026-08-20T00:29:28.539Z,2026-08-20T02:40:07.937Z,7839,2026-08-20T02:40:07.937Z,B72,Mobile (OBOT),2e0eb052-bb28-45b1-894f-8dc0851c56cc,SAMMS-Mobile-OBOT
202608200219257219,202608200029238206,202608200029237018,85,1388,Bronze INV,br_AdmissionAssessmentDimensionTwo,TASK_COMPLETE,FAILED,ERROR,5,5,1,SaveAdmissionAssessmentDimensionTwo Bronze ForEach failed,2026-08-20T00:29:28.539Z,2026-08-20T02:40:07.937Z,7839,2026-08-20T02:40:07.937Z,B73,Montgomery,2e0eb052-bb28-45b1-894f-8dc0851c56cc,SAMMS-Montgomery
202608200219257220,202608200029238207,202608200029237018,85,1389,Bronze INV,br_AdmissionAssessmentDimensionTwo,TASK_COMPLETE,FAILED,ERROR,321,321,1,SaveAdmissionAssessmentDimensionTwo Bronze ForEach failed,2026-08-20T00:29:28.539Z,2026-08-20T02:40:07.937Z,7839,2026-08-20T02:40:07.937Z,B75,Lawrence,2e0eb052-bb28-45b1-894f-8dc0851c56cc,SAMMS-LawrenceV6
202608200219257221,202608200029238208,202608200029237018,85,1390,Bronze INV,br_AdmissionAssessmentDimensionTwo,TASK_COMPLETE,FAILED,ERROR,50,50,1,SaveAdmissionAssessmentDimensionTwo Bronze ForEach failed,2026-08-20T00:29:28.539Z,2026-08-20T02:40:07.937Z,7839,2026-08-20T02:40:07.937Z,B76,Huntsville OBOT,2e0eb052-bb28-45b1-894f-8dc0851c56cc,SAMMS-Huntsville-OBOT
202608200219257222,202608200029238209,202608200029237018,85,1391,Bronze INV,br_AdmissionAssessmentDimensionTwo,TASK_COMPLETE,FAILED,ERROR,295,295,1,SaveAdmissionAssessmentDimensionTwo Bronze ForEach failed,2026-08-20T00:29:28.539Z,2026-08-20T02:40:07.937Z,7839,2026-08-20T02:40:07.937Z,BAT,Batesville,2e0eb052-bb28-45b1-894f-8dc0851c56cc,SAMMS-Batesville
202608200219257223,202608200029238210,202608200029237018,85,1392,Bronze INV,br_AdmissionAssessmentDimensionTwo,TASK_COMPLETE,FAILED,ERROR,238,238,1,SaveAdmissionAssessmentDimensionTwo Bronze ForEach failed,2026-08-20T00:29:28.539Z,2026-08-20T02:40:07.937Z,7839,2026-08-20T02:40:07.937Z,BG,Bowling Green,2e0eb052-bb28-45b1-894f-8dc0851c56cc,SAMMS-BowlingGreen
202608200219257224,202608200029238211,202608200029237018,85,1393,Bronze INV,br_AdmissionAssessmentDimensionTwo,TASK_COMPLETE,FAILED,ERROR,220,220,1,SaveAdmissionAssessmentDimensionTwo Bronze ForEach failed,2026-08-20T00:29:28.539Z,2026-08-20T02:40:07.937Z,7839,2026-08-20T02:40:07.937Z,BOI,Boise,2e0eb052-bb28-45b1-894f-8dc0851c56cc,SAMMS-Boise
202608200219257226,202608200029238212,202608200029237018,85,1400,Bronze INV,br_AdmissionAssessmentDimensionTwo,TASK_COMPLETE,FAILED,ERROR,285,285,1,SaveAdmissionAssessmentDimensionTwo Bronze ForEach failed,2026-08-20T00:29:28.539Z,2026-08-20T02:40:07.937Z,7839,2026-08-20T02:40:07.937Z,CBCO,Coeur dAlene,2e0eb052-bb28-45b1-894f-8dc0851c56cc,SAMMS-CoeurdAleneV6
202608200219257227,202608200029238213,202608200029237018,85,1419,Bronze INV,br_AdmissionAssessmentDimensionTwo,TASK_COMPLETE,FAILED,ERROR,297,297,1,SaveAdmissionAssessmentDimensionTwo Bronze ForEach failed,2026-08-20T00:29:28.539Z,2026-08-20T02:40:07.937Z,7839,2026-08-20T02:40:07.937Z,CON,Conway,2e0eb052-bb28-45b1-894f-8dc0851c56cc,SAMMS-Conway
202608200219257228,202608200029238214,202608200029237018,85,1420,Bronze INV,br_AdmissionAssessmentDimensionTwo,TASK_COMPLETE,FAILED,ERROR,1568,1568,1,SaveAdmissionAssessmentDimensionTwo Bronze ForEach failed,2026-08-20T00:29:28.539Z,2026-08-20T02:40:07.937Z,7839,2026-08-20T02:40:07.937Z,D07,Medical Services Knox TN,2e0eb052-bb28-45b1-894f-8dc0851c56cc,SAMMS-KnoxvilleV6
202608200219257229,202608200029238215,202608200029237018,85,1421,Bronze INV,br_AdmissionAssessmentDimensionTwo,TASK_COMPLETE,FAILED,ERROR,973,973,1,SaveAdmissionAssessmentDimensionTwo Bronze ForEach failed,2026-08-20T00:29:28.539Z,2026-08-20T02:40:07.937Z,7839,2026-08-20T02:40:07.937Z,D08,Madison,2e0eb052-bb28-45b1-894f-8dc0851c56cc,SAMMS-MadisonV6
202608200219257230,202608200029238216,202608200029237018,85,1423,Bronze INV,br_AdmissionAssessmentDimensionTwo,TASK_COMPLETE,FAILED,ERROR,945,945,1,SaveAdmissionAssessmentDimensionTwo Bronze ForEach failed,2026-08-20T00:29:28.539Z,2026-08-20T02:40:07.937Z,7839,2026-08-20T02:40:07.937Z,D09,Murfreesboro,2e0eb052-bb28-45b1-894f-8dc0851c56cc,SAMMS-MurfreesboroV6
202608200219257231,202608200029238217,202608200029237018,85,1424,Bronze INV,br_AdmissionAssessmentDimensionTwo,TASK_COMPLETE,FAILED,ERROR,217,217,1,SaveAdmissionAssessmentDimensionTwo Bronze ForEach failed,2026-08-20T00:29:28.539Z,2026-08-20T02:40:07.937Z,7839,2026-08-20T02:40:07.937Z,DA,Davenport,2e0eb052-bb28-45b1-894f-8dc0851c56cc,SAMMS-Davenport
202608200219257232,202608200029238218,202608200029237018,85,1425,Bronze INV,br_AdmissionAssessmentDimensionTwo,TASK_COMPLETE,FAILED,ERROR,349,349,1,SaveAdmissionAssessmentDimensionTwo Bronze ForEach failed,2026-08-20T00:29:28.539Z,2026-08-20T02:40:07.937Z,7839,2026-08-20T02:40:07.937Z,DM,Des Moines,2e0eb052-bb28-45b1-894f-8dc0851c56cc,SAMMS-DesMoines
202608200219257233,202608200029238219,202608200029237018,85,1427,Bronze INV,br_AdmissionAssessmentDimensionTwo,TASK_COMPLETE,FAILED,ERROR,473,473,1,SaveAdmissionAssessmentDimensionTwo Bronze ForEach failed,2026-08-20T00:29:28.539Z,2026-08-20T02:40:07.937Z,7839,2026-08-20T02:40:07.937Z,DRD-CO,Columbia MO,2e0eb052-bb28-45b1-894f-8dc0851c56cc,SAMMS-ColumbiaV5
202608200219257234,202608200029238220,202608200029237018,85,1428,Bronze INV,br_AdmissionAssessmentDimensionTwo,TASK_COMPLETE,FAILED,ERROR,594,594,1,SaveAdmissionAssessmentDimensionTwo Bronze ForEach failed,2026-08-20T00:29:28.539Z,2026-08-20T02:40:07.937Z,7839,2026-08-20T02:40:07.937Z,DRD-KC,KC,2e0eb052-bb28-45b1-894f-8dc0851c56cc,SAMMS-KCv5
202608200219257236,202608200029238221,202608200029237018,85,1429,Bronze INV,br_AdmissionAssessmentDimensionTwo,TASK_COMPLETE,FAILED,ERROR,947,947,1,SaveAdmissionAssessmentDimensionTwo Bronze ForEach failed,2026-08-20T00:29:28.539Z,2026-08-20T02:40:07.937Z,7839,2026-08-20T02:40:07.937Z,DRD-KVB,KVB,2e0eb052-bb28-45b1-894f-8dc0851c56cc,SAMMS-KVBv5
202608200219257237,202608200029238222,202608200029237018,85,1430,Bronze INV,br_AdmissionAssessmentDimensionTwo,TASK_COMPLETE,FAILED,ERROR,1567,1567,1,SaveAdmissionAssessmentDimensionTwo Bronze ForEach failed,2026-08-20T00:29:28.539Z,2026-08-20T02:40:07.937Z,7839,2026-08-20T02:40:07.937Z,DRD-KVC,KVC,2e0eb052-bb28-45b1-894f-8dc0851c56cc,SAMMS-KVCv5
202608200219257238,202608200029238223,202608200029237018,85,1431,Bronze INV,br_AdmissionAssessmentDimensionTwo,TASK_COMPLETE,FAILED,ERROR,1254,1254,1,SaveAdmissionAssessmentDimensionTwo Bronze ForEach failed,2026-08-20T00:29:28.539Z,2026-08-20T02:40:07.937Z,7839,2026-08-20T02:40:07.937Z,DRD-NOLA,NOLA,2e0eb052-bb28-45b1-894f-8dc0851c56cc,SAMMS-NOLAv5
202608200219257240,202608200029238224,202608200029237018,85,1432,Bronze INV,br_AdmissionAssessmentDimensionTwo,TASK_COMPLETE,FAILED,ERROR,742,742,1,SaveAdmissionAssessmentDimensionTwo Bronze ForEach failed,2026-08-20T00:29:28.539Z,2026-08-20T02:40:07.937Z,7839,2026-08-20T02:40:07.937Z,DRD-SF,Springfield,2e0eb052-bb28-45b1-894f-8dc0851c56cc,SAMMS-SFv5
202608200219257241,202608200029238225,202608200029237018,85,1434,Bronze INV,br_AdmissionAssessmentDimensionTwo,TASK_COMPLETE,FAILED,ERROR,253,253,1,SaveAdmissionAssessmentDimensionTwo Bronze ForEach failed,2026-08-20T00:29:28.539Z,2026-08-20T02:40:07.937Z,7839,2026-08-20T02:40:07.937Z,ELC,Elizabeth City,2e0eb052-bb28-45b1-894f-8dc0851c56cc,SAMMS-ElizabethCity
202608200219257242,202608200029238226,202608200029237018,85,1435,Bronze INV,br_AdmissionAssessmentDimensionTwo,TASK_COMPLETE,FAILED,ERROR,264,264,1,SaveAdmissionAssessmentDimensionTwo Bronze ForEach failed,2026-08-20T00:29:28.539Z,2026-08-20T02:40:07.937Z,7839,2026-08-20T02:40:07.937Z,ET,Elizabethtown,2e0eb052-bb28-45b1-894f-8dc0851c56cc,SAMMS-Elizabethtown
202608200219257243,202608200029238227,202608200029237018,85,1436,Bronze INV,br_AdmissionAssessmentDimensionTwo,TASK_COMPLETE,FAILED,ERROR,226,226,1,SaveAdmissionAssessmentDimensionTwo Bronze ForEach failed,2026-08-20T00:29:28.539Z,2026-08-20T02:40:07.937Z,7839,2026-08-20T02:40:07.937Z,FAY,Fayetteville,2e0eb052-bb28-45b1-894f-8dc0851c56cc,SAMMS-Fayetteville
202608200219259362,202608200029337032,202608200029337018,86,5733,Silver INV,sl_ReAssessmentPhysicalHealth,TASK_COMPLETE,SKIPPED,WARN,0,0,0,Skipped: SaveReAssessmentPhysicalHealth failed at BR,2026-08-20T00:29:28.539Z,2026-08-20T02:40:07.937Z,7839,2026-08-20T02:40:07.937Z,,,2e0eb052-bb28-45b1-894f-8dc0851c56cc,
202608200219259282,202608200029239546,202608200029237018,85,4094,Bronze INV,br_ReAssessmentSocial,TASK_COMPLETE,FAILED,ERROR,35,35,1,SaveReAssessmentSocial Bronze ForEach failed,2026-08-20T00:29:28.539Z,2026-08-20T02:40:07.937Z,7839,2026-08-20T02:40:07.937Z,AHK,Ahoskie,2e0eb052-bb28-45b1-894f-8dc0851c56cc,SAMMS-Ahoskie
202608200219259283,202608200029239547,202608200029237018,85,4095,Bronze INV,br_ReAssessmentSocial,TASK_COMPLETE,FAILED,ERROR,662,662,1,SaveReAssessmentSocial Bronze ForEach failed,2026-08-20T00:29:28.539Z,2026-08-20T02:40:07.937Z,7839,2026-08-20T02:40:07.937Z,B12B,Colorado Springs,2e0eb052-bb28-45b1-894f-8dc0851c56cc,SAMMS-ColoradoSpringsV5
202608200219259284,202608200029239548,202608200029237018,85,4096,Bronze INV,br_ReAssessmentSocial,TASK_COMPLETE,FAILED,ERROR,826,826,1,SaveReAssessmentSocial Bronze ForEach failed,2026-08-20T00:29:28.539Z,2026-08-20T02:40:07.937Z,7839,2026-08-20T02:40:07.937Z,B24,Paintsville,2e0eb052-bb28-45b1-894f-8dc0851c56cc,SAMMS-PaintsvilleV5
202608200219259285,202608200029239549,202608200029237018,85,4097,Bronze INV,br_ReAssessmentSocial,TASK_COMPLETE,FAILED,ERROR,646,646,1,SaveReAssessmentSocial Bronze ForEach failed,2026-08-20T00:29:28.539Z,2026-08-20T02:40:07.937Z,7839,2026-08-20T02:40:07.937Z,B25,Pikeville,2e0eb052-bb28-45b1-894f-8dc0851c56cc,SAMMS-PikevilleV5
202608200219259287,202608200029239550,202608200029237018,85,4098,Bronze INV,br_ReAssessmentSocial,TASK_COMPLETE,FAILED,ERROR,971,971,1,SaveReAssessmentSocial Bronze ForEach failed,2026-08-20T00:29:28.539Z,2026-08-20T02:40:07.937Z,7839,2026-08-20T02:40:07.937Z,B26,Hazard,2e0eb052-bb28-45b1-894f-8dc0851c56cc,SAMMS-HazardV5
202608200219259288,202608200029239551,202608200029237018,85,4099,Bronze INV,br_ReAssessmentSocial,TASK_COMPLETE,FAILED,ERROR,531,531,1,SaveReAssessmentSocial Bronze ForEach failed,2026-08-20T00:29:28.539Z,2026-08-20T02:40:07.937Z,7839,2026-08-20T02:40:07.937Z,B27,Savannah,2e0eb052-bb28-45b1-894f-8dc0851c56cc,SAMMS-SavannahV6
202608200219259289,202608200029239552,202608200029237018,85,4100,Bronze INV,br_ReAssessmentSocial,TASK_COMPLETE,FAILED,ERROR,245,245,1,SaveReAssessmentSocial Bronze ForEach failed,2026-08-20T00:29:28.539Z,2026-08-20T02:40:07.937Z,7839,2026-08-20T02:40:07.937Z,B28,West Plains,2e0eb052-bb28-45b1-894f-8dc0851c56cc,SAMMS-WestPlainesV5
202608200219259290,202608200029239553,202608200029237018,85,4101,Bronze INV,br_ReAssessmentSocial,TASK_COMPLETE,FAILED,ERROR,461,461,1,SaveReAssessmentSocial Bronze ForEach failed,2026-08-20T00:29:28.539Z,2026-08-20T02:40:07.937Z,7839,2026-08-20T02:40:07.937Z,B29,Poplar Bluff,2e0eb052-bb28-45b1-894f-8dc0851c56cc,SAMMS-PoplarBluffV5
202608200219259291,202608200029239554,202608200029237018,85,4102,Bronze INV,br_ReAssessmentSocial,TASK_COMPLETE,FAILED,ERROR,77,77,1,SaveReAssessmentSocial Bronze ForEach failed,2026-08-20T00:29:28.539Z,2026-08-20T02:40:07.937Z,7839,2026-08-20T02:40:07.937Z,B30,KC North,2e0eb052-bb28-45b1-894f-8dc0851c56cc,SAMMS-KCNv5
202608200219259292,202608200029239555,202608200029237018,85,4103,Bronze INV,br_ReAssessmentSocial,TASK_COMPLETE,FAILED,ERROR,401,401,1,SaveReAssessmentSocial Bronze ForEach failed,2026-08-20T00:29:28.539Z,2026-08-20T02:40:07.937Z,7839,2026-08-20T02:40:07.937Z,B31,Dyersburg,2e0eb052-bb28-45b1-894f-8dc0851c56cc,SAMMS-DyersburgV5
202608200219259294,202608200029239556,202608200029237018,85,4105,Bronze INV,br_ReAssessmentSocial,TASK_COMPLETE,FAILED,ERROR,487,487,1,SaveReAssessmentSocial Bronze ForEach failed,2026-08-20T00:29:28.539Z,2026-08-20T02:40:07.937Z,7839,2026-08-20T02:40:07.937Z,B33,Paducah,2e0eb052-bb28-45b1-894f-8dc0851c56cc,SAMMS-Paducah
202608200219259295,202608200029239557,202608200029237018,85,4106,Bronze INV,br_ReAssessmentSocial,TASK_COMPLETE,FAILED,ERROR,384,384,1,SaveReAssessmentSocial Bronze ForEach failed,2026-08-20T00:29:28.539Z,2026-08-20T02:40:07.937Z,7839,2026-08-20T02:40:07.937Z,B34,Corbin,2e0eb052-bb28-45b1-894f-8dc0851c56cc,SAMMS-CorbinV5
202608200219259296,202608200029239558,202608200029237018,85,4107,Bronze INV,br_ReAssessmentSocial,TASK_COMPLETE,FAILED,ERROR,239,239,1,SaveReAssessmentSocial Bronze ForEach failed,2026-08-20T00:29:28.539Z,2026-08-20T02:40:07.937Z,7839,2026-08-20T02:40:07.937Z,B35,Lexington,2e0eb052-bb28-45b1-894f-8dc0851c56cc,SAMMS-LexingtonV5
202608200219259297,202608200029239559,202608200029237018,85,4108,Bronze INV,br_ReAssessmentSocial,TASK_COMPLETE,FAILED,ERROR,77,77,1,SaveReAssessmentSocial Bronze ForEach failed,2026-08-20T00:29:28.539Z,2026-08-20T02:40:07.937Z,7839,2026-08-20T02:40:07.937Z,B35A,Berea,2e0eb052-bb28-45b1-894f-8dc0851c56cc,SAMMS-BereaV5
202608200219259298,202608200029239560,202608200029237018,85,4109,Bronze INV,br_ReAssessmentSocial,TASK_COMPLETE,FAILED,ERROR,20,20,1,SaveReAssessmentSocial Bronze ForEach failed,2026-08-20T00:29:28.539Z,2026-08-20T02:40:07.937Z,7839,2026-08-20T02:40:07.937Z,B36,Asheville,2e0eb052-bb28-45b1-894f-8dc0851c56cc,SAMMS-AshevilleV5
202608200219259300,202608200029239561,202608200029237018,85,4110,Bronze INV,br_ReAssessmentSocial,TASK_COMPLETE,FAILED,ERROR,1,1,1,SaveReAssessmentSocial Bronze ForEach failed,2026-08-20T00:29:28.539Z,2026-08-20T02:40:07.937Z,7839,2026-08-20T02:40:07.937Z,B37,Clyde,2e0eb052-bb28-45b1-894f-8dc0851c56cc,SAMMS-ClydeV5
202608200219259301,202608200029239562,202608200029237018,85,4111,Bronze INV,br_ReAssessmentSocial,TASK_COMPLETE,FAILED,ERROR,1186,1186,1,SaveReAssessmentSocial Bronze ForEach failed,2026-08-20T00:29:28.539Z,2026-08-20T02:40:07.937Z,7839,2026-08-20T02:40:07.937Z,B38,Spartanburg,2e0eb052-bb28-45b1-894f-8dc0851c56cc,SAMMS-SpartanburgV5
202608200219259302,202608200029239563,202608200029237018,85,4112,Bronze INV,br_ReAssessmentSocial,TASK_COMPLETE,FAILED,ERROR,361,361,1,SaveReAssessmentSocial Bronze ForEach failed,2026-08-20T00:29:28.539Z,2026-08-20T02:40:07.937Z,7839,2026-08-20T02:40:07.937Z,B39,Aiken,2e0eb052-bb28-45b1-894f-8dc0851c56cc,SAMMS-AikenV5
202608200219259303,202608200029239564,202608200029237018,85,4113,Bronze INV,br_ReAssessmentSocial,TASK_COMPLETE,FAILED,ERROR,1887,1887,1,SaveReAssessmentSocial Bronze ForEach failed,2026-08-20T00:29:28.539Z,2026-08-20T02:40:07.937Z,7839,2026-08-20T02:40:07.937Z,B41,Chesapeake,2e0eb052-bb28-45b1-894f-8dc0851c56cc,SAMMS-ChesapeakeV5
202608200219259304,202608200029239565,202608200029237018,85,4114,Bronze INV,br_ReAssessmentSocial,TASK_COMPLETE,FAILED,ERROR,1911,1911,1,SaveReAssessmentSocial Bronze ForEach failed,2026-08-20T00:29:28.539Z,2026-08-20T02:40:07.937Z,7839,2026-08-20T02:40:07.937Z,B42,Virginia Beach,2e0eb052-bb28-45b1-894f-8dc0851c56cc,SAMMS-VirginiaBeachV5
202608200219259305,202608200029239566,202608200029237018,85,4115,Bronze INV,br_ReAssessmentSocial,TASK_COMPLETE,FAILED,ERROR,925,925,1,SaveReAssessmentSocial Bronze ForEach failed,2026-08-20T00:29:28.539Z,2026-08-20T02:40:07.937Z,7839,2026-08-20T02:40:07.937Z,B42A,Newport News,2e0eb052-bb28-45b1-894f-8dc0851c56cc,SAMMS-NewportNewsV5
202608200219259306,202608200029239567,202608200029237018,85,4116,Bronze INV,br_ReAssessmentSocial,TASK_COMPLETE,FAILED,ERROR,507,507,1,SaveReAssessmentSocial Bronze ForEach failed,2026-08-20T00:29:28.539Z,2026-08-20T02:40:07.937Z,7839,2026-08-20T02:40:07.937Z,B42B,Franklin,2e0eb052-bb28-45b1-894f-8dc0851c56cc,SAMMS-FranklinV5
202608200219259307,202608200029239568,202608200029237018,85,4117,Bronze INV,br_ReAssessmentSocial,TASK_COMPLETE,FAILED,ERROR,340,340,1,SaveReAssessmentSocial Bronze ForEach failed,2026-08-20T00:29:28.539Z,2026-08-20T02:40:07.937Z,7839,2026-08-20T02:40:07.937Z,B42C,Glen Allen,2e0eb052-bb28-45b1-894f-8dc0851c56cc,SAMMS-GlenAllenV5
202608200219259309,202608200029239569,202608200029237018,85,4118,Bronze INV,br_ReAssessmentSocial,TASK_COMPLETE,FAILED,ERROR,1480,1480,1,SaveReAssessmentSocial Bronze ForEach failed,2026-08-20T00:29:28.539Z,2026-08-20T02:40:07.937Z,7839,2026-08-20T02:40:07.937Z,B42D,Chesapeake South,2e0eb052-bb28-45b1-894f-8dc0851c56cc,SAMMS-ChesapeakeSouthV5
202608200219259310,202608200029239570,202608200029237018,85,4119,Bronze INV,br_ReAssessmentSocial,TASK_COMPLETE,FAILED,ERROR,632,632,1,SaveReAssessmentSocial Bronze ForEach failed,2026-08-20T00:29:28.539Z,2026-08-20T02:40:07.937Z,7839,2026-08-20T02:40:07.937Z,B44,Albany,2e0eb052-bb28-45b1-894f-8dc0851c56cc,SAMMS-AlbanyV5
202608200219259311,202608200029239571,202608200029237018,85,4120,Bronze INV,br_ReAssessmentSocial,TASK_COMPLETE,FAILED,ERROR,1268,1268,1,SaveReAssessmentSocial Bronze ForEach failed,2026-08-20T00:29:28.539Z,2026-08-20T02:40:07.937Z,7839,2026-08-20T02:40:07.937Z,B45,Tifton,2e0eb052-bb28-45b1-894f-8dc0851c56cc,SAMMS-TiftonV5
202608200219259312,202608200029239572,202608200029237018,85,4121,Bronze INV,br_ReAssessmentSocial,TASK_COMPLETE,FAILED,ERROR,588,588,1,SaveReAssessmentSocial Bronze ForEach failed,2026-08-20T00:29:28.539Z,2026-08-20T02:40:07.937Z,7839,2026-08-20T02:40:07.937Z,B46,Washington DC,2e0eb052-bb28-45b1-894f-8dc0851c56cc,SAMMS-WashingtonDCv5
202608200219259313,202608200029239573,202608200029237018,85,4122,Bronze INV,br_ReAssessmentSocial,TASK_COMPLETE,FAILED,ERROR,1558,1558,1,SaveReAssessmentSocial Bronze ForEach failed,2026-08-20T00:29:28.539Z,2026-08-20T02:40:07.937Z,7839,2026-08-20T02:40:07.937Z,B47,Mobile,2e0eb052-bb28-45b1-894f-8dc0851c56cc,SAMMS-MobileV5
202608200219259314,202608200029239574,202608200029237018,85,4123,Bronze INV,br_ReAssessmentSocial,TASK_COMPLETE,FAILED,ERROR,1294,1294,1,SaveReAssessmentSocial Bronze ForEach failed,2026-08-20T00:29:28.539Z,2026-08-20T02:40:07.937Z,7839,2026-08-20T02:40:07.937Z,B48,Tuscaloosa,2e0eb052-bb28-45b1-894f-8dc0851c56cc,SAMMS-TuscaloosaV5
202608200219259315,202608200029239575,202608200029237018,85,4132,Bronze INV,br_ReAssessmentSocial,TASK_COMPLETE,FAILED,ERROR,2,2,1,SaveReAssessmentSocial Bronze ForEach failed,2026-08-20T00:29:28.539Z,2026-08-20T02:40:07.937Z,7839,2026-08-20T02:40:07.937Z,B51,N. Little Rock (OTP),2e0eb052-bb28-45b1-894f-8dc0851c56cc,SAMMS-NorthLittleRockV6
202608200219259317,202608200029239576,202608200029237018,85,4133,Bronze INV,br_ReAssessmentSocial,TASK_COMPLETE,FAILED,ERROR,453,453,1,SaveReAssessmentSocial Bronze ForEach failed,2026-08-20T00:29:28.539Z,2026-08-20T02:40:07.937Z,7839,2026-08-20T02:40:07.937Z,B52,Jackson GA,2e0eb052-bb28-45b1-894f-8dc0851c56cc,SAMMS-JacksonGAV5
202608200219259318,202608200029239577,202608200029237018,85,4134,Bronze INV,br_ReAssessmentSocial,TASK_COMPLETE,FAILED,ERROR,1702,1702,1,SaveReAssessmentSocial Bronze ForEach failed,2026-08-20T00:29:28.539Z,2026-08-20T02:40:07.937Z,7839,2026-08-20T02:40:07.937Z,B54,Gadsden,2e0eb052-bb28-45b1-894f-8dc0851c56cc,SAMMS-GadsdenV5
202608200219259319,202608200029239578,202608200029237018,85,4135,Bronze INV,br_ReAssessmentSocial,TASK_COMPLETE,FAILED,ERROR,945,945,1,SaveReAssessmentSocial Bronze ForEach failed,2026-08-20T00:29:28.539Z,2026-08-20T02:40:07.937Z,7839,2026-08-20T02:40:07.937Z,B55,Shoals,2e0eb052-bb28-45b1-894f-8dc0851c56cc,SAMMS-ShoalsV5
202608200219259320,202608200029239579,202608200029237018,85,4136,Bronze INV,br_ReAssessmentSocial,TASK_COMPLETE,FAILED,ERROR,294,294,1,SaveReAssessmentSocial Bronze ForEach failed,2026-08-20T00:29:28.539Z,2026-08-20T02:40:07.937Z,7839,2026-08-20T02:40:07.937Z,B57,Pawtucket,2e0eb052-bb28-45b1-894f-8dc0851c56cc,SAMMS-Pawtucket
202608200219259321,202608200029239580,202608200029237018,85,4137,Bronze INV,br_ReAssessmentSocial,TASK_COMPLETE,FAILED,ERROR,550,550,1,SaveReAssessmentSocial Bronze ForEach failed,2026-08-20T00:29:28.539Z,2026-08-20T02:40:07.937Z,7839,2026-08-20T02:40:07.937Z,B57A,Johnston,2e0eb052-bb28-45b1-894f-8dc0851c56cc,SAMMS-Johnston
202608200219259322,202608200029239581,202608200029237018,85,4138,Bronze INV,br_ReAssessmentSocial,TASK_COMPLETE,FAILED,ERROR,166,166,1,SaveReAssessmentSocial Bronze ForEach failed,2026-08-20T00:29:28.539Z,2026-08-20T02:40:07.937Z,7839,2026-08-20T02:40:07.937Z,B57B,Middletown,2e0eb052-bb28-45b1-894f-8dc0851c56cc,SAMMS-Middletown
202608200219259323,202608200029239582,202608200029237018,85,4139,Bronze INV,br_ReAssessmentSocial,TASK_COMPLETE,FAILED,ERROR,410,410,1,SaveReAssessmentSocial Bronze ForEach failed,2026-08-20T00:29:28.539Z,2026-08-20T02:40:07.937Z,7839,2026-08-20T02:40:07.937Z,B57C,Providence,2e0eb052-bb28-45b1-894f-8dc0851c56cc,SAMMS-Providence
202608200219256608,202608200029238428,202608200029237018,85,639,Bronze INV,br_AdmissionAssessmentDimensionFour,TASK_COMPLETE,FAILED,ERROR,478,478,1,SaveAdmissionAssessmentDimensionfour Bronze ForEach failed,2026-08-20T00:29:28.539Z,2026-08-20T02:40:07.937Z,7839,2026-08-20T02:40:07.937Z,B55,Shoals,2e0eb052-bb28-45b1-894f-8dc0851c56cc,SAMMS-ShoalsV5
202608200219256609,202608200029238429,202608200029237018,85,640,Bronze INV,br_AdmissionAssessmentDimensionFour,TASK_COMPLETE,FAILED,ERROR,170,170,1,SaveAdmissionAssessmentDimensionfour Bronze ForEach failed,2026-08-20T00:29:28.539Z,2026-08-20T02:40:07.937Z,7839,2026-08-20T02:40:07.937Z,B57,Pawtucket,2e0eb052-bb28-45b1-894f-8dc0851c56cc,SAMMS-Pawtucket
202608200219256610,202608200029238430,202608200029237018,85,641,Bronze INV,br_AdmissionAssessmentDimensionFour,TASK_COMPLETE,FAILED,ERROR,166,166,1,SaveAdmissionAssessmentDimensionfour Bronze ForEach failed,2026-08-20T00:29:28.539Z,2026-08-20T02:40:07.937Z,7839,2026-08-20T02:40:07.937Z,B57A,Johnston,2e0eb052-bb28-45b1-894f-8dc0851c56cc,SAMMS-Johnston
202608200219256612,202608200029238431,202608200029237018,85,642,Bronze INV,br_AdmissionAssessmentDimensionFour,TASK_COMPLETE,FAILED,ERROR,86,86,1,SaveAdmissionAssessmentDimensionfour Bronze ForEach failed,2026-08-20T00:29:28.539Z,2026-08-20T02:40:07.937Z,7839,2026-08-20T02:40:07.937Z,B57B,Middletown,2e0eb052-bb28-45b1-894f-8dc0851c56cc,SAMMS-Middletown
202608200219256613,202608200029238432,202608200029237018,85,643,Bronze INV,br_AdmissionAssessmentDimensionFour,TASK_COMPLETE,FAILED,ERROR,172,172,1,SaveAdmissionAssessmentDimensionfour Bronze ForEach failed,2026-08-20T00:29:28.539Z,2026-08-20T02:40:07.937Z,7839,2026-08-20T02:40:07.937Z,B57C,Providence,2e0eb052-bb28-45b1-894f-8dc0851c56cc,SAMMS-Providence
202608200219256614,202608200029238433,202608200029237018,85,644,Bronze INV,br_AdmissionAssessmentDimensionFour,TASK_COMPLETE,FAILED,ERROR,248,248,1,SaveAdmissionAssessmentDimensionfour Bronze ForEach failed,2026-08-20T00:29:28.539Z,2026-08-20T02:40:07.937Z,7839,2026-08-20T02:40:07.937Z,B57D,Westerly,2e0eb052-bb28-45b1-894f-8dc0851c56cc,SAMMS-Westerly
202608200219256615,202608200029238434,202608200029237018,85,648,Bronze INV,br_AdmissionAssessmentDimensionFour,TASK_COMPLETE,FAILED,ERROR,362,362,1,SaveAdmissionAssessmentDimensionfour Bronze ForEach failed,2026-08-20T00:29:28.539Z,2026-08-20T02:40:07.937Z,7839,2026-08-20T02:40:07.937Z,B66A,Bremen,2e0eb052-bb28-45b1-894f-8dc0851c56cc,SAMMS-Bremen
202608200219256616,202608200029238435,202608200029237018,85,651,Bronze INV,br_AdmissionAssessmentDimensionFour,TASK_COMPLETE,FAILED,ERROR,13,13,1,SaveAdmissionAssessmentDimensionfour Bronze ForEach failed,2026-08-20T00:29:28.539Z,2026-08-20T02:40:07.937Z,7839,2026-08-20T02:40:07.937Z,B72,Mobile (OBOT),2e0eb052-bb28-45b1-894f-8dc0851c56cc,SAMMS-Mobile-OBOT
202608200219256617,202608200029238436,202608200029237018,85,652,Bronze INV,br_AdmissionAssessmentDimensionFour,TASK_COMPLETE,FAILED,ERROR,2,2,1,SaveAdmissionAssessmentDimensionfour Bronze ForEach failed,2026-08-20T00:29:28.539Z,2026-08-20T02:40:07.937Z,7839,2026-08-20T02:40:07.937Z,B73,Montgomery,2e0eb052-bb28-45b1-894f-8dc0851c56cc,SAMMS-Montgomery
202608200219256618,202608200029238437,202608200029237018,85,653,Bronze INV,br_AdmissionAssessmentDimensionFour,TASK_COMPLETE,FAILED,ERROR,314,314,1,SaveAdmissionAssessmentDimensionfour Bronze ForEach failed,2026-08-20T00:29:28.539Z,2026-08-20T02:40:07.937Z,7839,2026-08-20T02:40:07.937Z,B75,Lawrence,2e0eb052-bb28-45b1-894f-8dc0851c56cc,SAMMS-LawrenceV6
202608200219256619,202608200029238438,202608200029237018,85,654,Bronze INV,br_AdmissionAssessmentDimensionFour,TASK_COMPLETE,FAILED,ERROR,48,48,1,SaveAdmissionAssessmentDimensionfour Bronze ForEach failed,2026-08-20T00:29:28.539Z,2026-08-20T02:40:07.937Z,7839,2026-08-20T02:40:07.937Z,B76,Huntsville OBOT,2e0eb052-bb28-45b1-894f-8dc0851c56cc,SAMMS-Huntsville-OBOT
202608200219256621,202608200029238439,202608200029237018,85,655,Bronze INV,br_AdmissionAssessmentDimensionFour,TASK_COMPLETE,FAILED,ERROR,295,295,1,SaveAdmissionAssessmentDimensionfour Bronze ForEach failed,2026-08-20T00:29:28.539Z,2026-08-20T02:40:07.937Z,7839,2026-08-20T02:40:07.937Z,BAT,Batesville,2e0eb052-bb28-45b1-894f-8dc0851c56cc,SAMMS-Batesville
202608200219256622,202608200029238440,202608200029237018,85,656,Bronze INV,br_AdmissionAssessmentDimensionFour,TASK_COMPLETE,FAILED,ERROR,234,234,1,SaveAdmissionAssessmentDimensionfour Bronze ForEach failed,2026-08-20T00:29:28.539Z,2026-08-20T02:40:07.937Z,7839,2026-08-20T02:40:07.937Z,BG,Bowling Green,2e0eb052-bb28-45b1-894f-8dc0851c56cc,SAMMS-BowlingGreen
202608200219256623,202608200029238441,202608200029237018,85,657,Bronze INV,br_AdmissionAssessmentDimensionFour,TASK_COMPLETE,FAILED,ERROR,214,214,1,SaveAdmissionAssessmentDimensionfour Bronze ForEach failed,2026-08-20T00:29:28.539Z,2026-08-20T02:40:07.937Z,7839,2026-08-20T02:40:07.937Z,BOI,Boise,2e0eb052-bb28-45b1-894f-8dc0851c56cc,SAMMS-Boise
202608200219256624,202608200029238442,202608200029237018,85,664,Bronze INV,br_AdmissionAssessmentDimensionFour,TASK_COMPLETE,FAILED,ERROR,282,282,1,SaveAdmissionAssessmentDimensionfour Bronze ForEach failed,2026-08-20T00:29:28.539Z,2026-08-20T02:40:07.937Z,7839,2026-08-20T02:40:07.937Z,CBCO,Coeur dAlene,2e0eb052-bb28-45b1-894f-8dc0851c56cc,SAMMS-CoeurdAleneV6
202608200219256625,202608200029238443,202608200029237018,85,683,Bronze INV,br_AdmissionAssessmentDimensionFour,TASK_COMPLETE,FAILED,ERROR,297,297,1,SaveAdmissionAssessmentDimensionfour Bronze ForEach failed,2026-08-20T00:29:28.539Z,2026-08-20T02:40:07.937Z,7839,2026-08-20T02:40:07.937Z,CON,Conway,2e0eb052-bb28-45b1-894f-8dc0851c56cc,SAMMS-Conway
202608200219256626,202608200029238444,202608200029237018,85,684,Bronze INV,br_AdmissionAssessmentDimensionFour,TASK_COMPLETE,FAILED,ERROR,1541,1541,1,SaveAdmissionAssessmentDimensionfour Bronze ForEach failed,2026-08-20T00:29:28.539Z,2026-08-20T02:40:07.937Z,7839,2026-08-20T02:40:07.937Z,D07,Medical Services Knox TN,2e0eb052-bb28-45b1-894f-8dc0851c56cc,SAMMS-KnoxvilleV6
202608200219256627,202608200029238445,202608200029237018,85,685,Bronze INV,br_AdmissionAssessmentDimensionFour,TASK_COMPLETE,FAILED,ERROR,954,954,1,SaveAdmissionAssessmentDimensionfour Bronze ForEach failed,2026-08-20T00:29:28.539Z,2026-08-20T02:40:07.937Z,7839,2026-08-20T02:40:07.937Z,D08,Madison,2e0eb052-bb28-45b1-894f-8dc0851c56cc,SAMMS-MadisonV6
202608200219256629,202608200029238446,202608200029237018,85,687,Bronze INV,br_AdmissionAssessmentDimensionFour,TASK_COMPLETE,FAILED,ERROR,928,928,1,SaveAdmissionAssessmentDimensionfour Bronze ForEach failed,2026-08-20T00:29:28.539Z,2026-08-20T02:40:07.937Z,7839,2026-08-20T02:40:07.937Z,D09,Murfreesboro,2e0eb052-bb28-45b1-894f-8dc0851c56cc,SAMMS-MurfreesboroV6
202608200219256630,202608200029238447,202608200029237018,85,688,Bronze INV,br_AdmissionAssessmentDimensionFour,TASK_COMPLETE,FAILED,ERROR,217,217,1,SaveAdmissionAssessmentDimensionfour Bronze ForEach failed,2026-08-20T00:29:28.539Z,2026-08-20T02:40:07.937Z,7839,2026-08-20T02:40:07.937Z,DA,Davenport,2e0eb052-bb28-45b1-894f-8dc0851c56cc,SAMMS-Davenport
202608200219256631,202608200029238448,202608200029237018,85,689,Bronze INV,br_AdmissionAssessmentDimensionFour,TASK_COMPLETE,FAILED,ERROR,347,347,1,SaveAdmissionAssessmentDimensionfour Bronze ForEach failed,2026-08-20T00:29:28.539Z,2026-08-20T02:40:07.937Z,7839,2026-08-20T02:40:07.937Z,DM,Des Moines,2e0eb052-bb28-45b1-894f-8dc0851c56cc,SAMMS-DesMoines
202608200219256632,202608200029238449,202608200029237018,85,691,Bronze INV,br_AdmissionAssessmentDimensionFour,TASK_COMPLETE,FAILED,ERROR,473,473,1,SaveAdmissionAssessmentDimensionfour Bronze ForEach failed,2026-08-20T00:29:28.539Z,2026-08-20T02:40:07.937Z,7839,2026-08-20T02:40:07.937Z,DRD-CO,Columbia MO,2e0eb052-bb28-45b1-894f-8dc0851c56cc,SAMMS-ColumbiaV5
202608200219256633,202608200029238450,202608200029237018,85,692,Bronze INV,br_AdmissionAssessmentDimensionFour,TASK_COMPLETE,FAILED,ERROR,591,591,1,SaveAdmissionAssessmentDimensionfour Bronze ForEach failed,2026-08-20T00:29:28.539Z,2026-08-20T02:40:07.937Z,7839,2026-08-20T02:40:07.937Z,DRD-KC,KC,2e0eb052-bb28-45b1-894f-8dc0851c56cc,SAMMS-KCv5
202608200219256634,202608200029238451,202608200029237018,85,693,Bronze INV,br_AdmissionAssessmentDimensionFour,TASK_COMPLETE,FAILED,ERROR,947,947,1,SaveAdmissionAssessmentDimensionfour Bronze ForEach failed,2026-08-20T00:29:28.539Z,2026-08-20T02:40:07.937Z,7839,2026-08-20T02:40:07.937Z,DRD-KVB,KVB,2e0eb052-bb28-45b1-894f-8dc0851c56cc,SAMMS-KVBv5
202608200219256635,202608200029238452,202608200029237018,85,694,Bronze INV,br_AdmissionAssessmentDimensionFour,TASK_COMPLETE,FAILED,ERROR,1560,1560,1,SaveAdmissionAssessmentDimensionfour Bronze ForEach failed,2026-08-20T00:29:28.539Z,2026-08-20T02:40:07.937Z,7839,2026-08-20T02:40:07.937Z,DRD-KVC,KVC,2e0eb052-bb28-45b1-894f-8dc0851c56cc,SAMMS-KVCv5
202608200219256636,202608200029238453,202608200029237018,85,695,Bronze INV,br_AdmissionAssessmentDimensionFour,TASK_COMPLETE,FAILED,ERROR,1254,1254,1,SaveAdmissionAssessmentDimensionfour Bronze ForEach failed,2026-08-20T00:29:28.539Z,2026-08-20T02:40:07.937Z,7839,2026-08-20T02:40:07.937Z,DRD-NOLA,NOLA,2e0eb052-bb28-45b1-894f-8dc0851c56cc,SAMMS-NOLAv5
202608200219256638,202608200029238454,202608200029237018,85,696,Bronze INV,br_AdmissionAssessmentDimensionFour,TASK_COMPLETE,FAILED,ERROR,730,730,1,SaveAdmissionAssessmentDimensionfour Bronze ForEach failed,2026-08-20T00:29:28.539Z,2026-08-20T02:40:07.937Z,7839,2026-08-20T02:40:07.937Z,DRD-SF,Springfield,2e0eb052-bb28-45b1-894f-8dc0851c56cc,SAMMS-SFv5
202608200219256639,202608200029238455,202608200029237018,85,698,Bronze INV,br_AdmissionAssessmentDimensionFour,TASK_COMPLETE,FAILED,ERROR,249,249,1,SaveAdmissionAssessmentDimensionfour Bronze ForEach failed,2026-08-20T00:29:28.539Z,2026-08-20T02:40:07.937Z,7839,2026-08-20T02:40:07.937Z,ELC,Elizabeth City,2e0eb052-bb28-45b1-894f-8dc0851c56cc,SAMMS-ElizabethCity
202608200219256640,202608200029238456,202608200029237018,85,699,Bronze INV,br_AdmissionAssessmentDimensionFour,TASK_COMPLETE,FAILED,ERROR,263,263,1,SaveAdmissionAssessmentDimensionfour Bronze ForEach failed,2026-08-20T00:29:28.539Z,2026-08-20T02:40:07.937Z,7839,2026-08-20T02:40:07.937Z,ET,Elizabethtown,2e0eb052-bb28-45b1-894f-8dc0851c56cc,SAMMS-Elizabethtown
202608200219256641,202608200029238457,202608200029237018,85,700,Bronze INV,br_AdmissionAssessmentDimensionFour,TASK_COMPLETE,FAILED,ERROR,222,222,1,SaveAdmissionAssessmentDimensionfour Bronze ForEach failed,2026-08-20T00:29:28.539Z,2026-08-20T02:40:07.937Z,7839,2026-08-20T02:40:07.937Z,FAY,Fayetteville,2e0eb052-bb28-45b1-894f-8dc0851c56cc,SAMMS-Fayetteville
202608200219256642,202608200029238458,202608200029237018,85,701,Bronze INV,br_AdmissionAssessmentDimensionFour,TASK_COMPLETE,FAILED,ERROR,178,178,1,SaveAdmissionAssessmentDimensionfour Bronze ForEach failed,2026-08-20T00:29:28.539Z,2026-08-20T02:40:07.937Z,7839,2026-08-20T02:40:07.937Z,FR,Frankfort,2e0eb052-bb28-45b1-894f-8dc0851c56cc,SAMMS-Frankfort
202608200219256643,202608200029238459,202608200029237018,85,702,Bronze INV,br_AdmissionAssessmentDimensionFour,TASK_COMPLETE,FAILED,ERROR,278,278,1,SaveAdmissionAssessmentDimensionfour Bronze ForEach failed,2026-08-20T00:29:28.539Z,2026-08-20T02:40:07.937Z,7839,2026-08-20T02:40:07.937Z,FS,Fort Smith,2e0eb052-bb28-45b1-894f-8dc0851c56cc,SAMMS-FortSmith
202608200219256645,202608200029238460,202608200029237018,85,703,Bronze INV,br_AdmissionAssessmentDimensionFour,TASK_COMPLETE,FAILED,ERROR,677,677,1,SaveAdmissionAssessmentDimensionfour Bronze ForEach failed,2026-08-20T00:29:28.539Z,2026-08-20T02:40:07.937Z,7839,2026-08-20T02:40:07.937Z,FW,Fort Wayne,2e0eb052-bb28-45b1-894f-8dc0851c56cc,SAMMS-FortWayne
202608200219256646,202608200029238461,202608200029237018,85,704,Bronze INV,br_AdmissionAssessmentDimensionFour,TASK_COMPLETE,FAILED,ERROR,101,101,1,SaveAdmissionAssessmentDimensionfour Bronze ForEach failed,2026-08-20T00:29:28.539Z,2026-08-20T02:40:07.937Z,7839,2026-08-20T02:40:07.937Z,GAL,Gaylord,2e0eb052-bb28-45b1-894f-8dc0851c56cc,SAMMS-Gaylord
202608200219256647,202608200029238462,202608200029237018,85,708,Bronze INV,br_AdmissionAssessmentDimensionFour,TASK_COMPLETE,FAILED,ERROR,613,613,1,SaveAdmissionAssessmentDimensionfour Bronze ForEach failed,2026-08-20T00:29:28.539Z,2026-08-20T02:40:07.937Z,7839,2026-08-20T02:40:07.937Z,HGT,Hagerstown,2e0eb052-bb28-45b1-894f-8dc0851c56cc,SAMMS-Hagerstown
202608200219256648,202608200029238463,202608200029237018,85,709,Bronze INV,br_AdmissionAssessmentDimensionFour,TASK_COMPLETE,FAILED,ERROR,462,462,1,SaveAdmissionAssessmentDimensionfour Bronze ForEach failed,2026-08-20T00:29:28.539Z,2026-08-20T02:40:07.937Z,7839,2026-08-20T02:40:07.937Z,HNT,Huntsville,2e0eb052-bb28-45b1-894f-8dc0851c56cc,SAMMS-Huntsville
202608200219256649,202608200029238464,202608200029237018,85,710,Bronze INV,br_AdmissionAssessmentDimensionFour,TASK_COMPLETE,FAILED,ERROR,299,299,1,SaveAdmissionAssessmentDimensionfour Bronze ForEach failed,2026-08-20T00:29:28.539Z,2026-08-20T02:40:07.937Z,7839,2026-08-20T02:40:07.937Z,HS,Hot Springs,2e0eb052-bb28-45b1-894f-8dc0851c56cc,SAMMS-HotSprings
202608200219256650,202608200029238465,202608200029237018,85,711,Bronze INV,br_AdmissionAssessmentDimensionFour,TASK_COMPLETE,FAILED,ERROR,268,268,1,SaveAdmissionAssessmentDimensionfour Bronze ForEach failed,2026-08-20T00:29:28.539Z,2026-08-20T02:40:07.937Z,7839,2026-08-20T02:40:07.937Z,JON,Jonesboro,2e0eb052-bb28-45b1-894f-8dc0851c56cc,SAMMS-Jonesboro
202608120448149273,202608120447201687,20260812044652,102,13670,Gold QQ_GLTRAN,QQgltran,TASK_FAILED,FAILED,ERROR,0,0,0,"An error occurred while calling o7759.synapsesql.
: com.microsoft.spark.fabric.tds.write.error.FabricSparkTDSWriteError: Three part table name is expected - `database_name.schema_name.table_name`
	at com.microsoft.spark.fabric.tds.implicits.write.FabricSparkTDSImplicits$FabricSparkTDSWrite.fetchTableNameParts(FabricSparkTDSImplicits.scala:40)
	at com.microsoft.spark.fabric.tds.implicits.write.FabricSparkTDSImplicits$FabricSparkTDSWrite.synapsesql(FabricSparkTDSImplicits.scala:69)
	at java.base/jdk.internal.reflect.NativeMethodAccessorImpl.invoke0(Native Method)
	at java.base/jdk.internal.reflect.NativeMethodAccessorImpl.invoke(NativeMethodAccessorImpl.java:62)
	at java.base/jdk.internal.reflect.DelegatingMethodAccessorImpl.invoke(DelegatingMethodAccessorImpl.java:43)
	at java.base/java.lang.reflect.Method.invoke(Method.java:566)
	at py4j.reflection.MethodInvoker.invoke(MethodInvoker.java:244)
	at py4j.reflection.ReflectionEngine.invoke(ReflectionEngine.java:374)
	at py4j.Gateway.invoke(Gateway.java:282)
	at py4j.commands.AbstractCommand.invokeMethod(AbstractCommand.java:132)
	at py4j.commands.CallCommand.execute(CallCommand.java:79)
	at py4j.GatewayConnection.run(GatewayConnection.java:238)
	at java.base/java.lang.Thread.run(Thread.java:829)",2026-08-12T04:47:34.960Z,2026-08-12T04:48:19.177Z,34,2026-08-12T04:48:19.177Z,,,21484e3f-ead2-43b4-a3e1-c6cca025e09c,
202608120559166753,202608120558453348,20260812052205,102,13670,Gold QQ_GLTRAN,QQgltran,TASK_FAILED,FAILED,ERROR,0,0,0,"An error occurred while calling o7759.synapsesql.
: com.microsoft.spark.fabric.tds.write.error.FabricSparkTDSWriteError: Three part table name is expected - `database_name.schema_name.table_name`
	at com.microsoft.spark.fabric.tds.implicits.write.FabricSparkTDSImplicits$FabricSparkTDSWrite.fetchTableNameParts(FabricSparkTDSImplicits.scala:40)
	at com.microsoft.spark.fabric.tds.implicits.write.FabricSparkTDSImplicits$FabricSparkTDSWrite.synapsesql(FabricSparkTDSImplicits.scala:69)
	at java.base/jdk.internal.reflect.NativeMethodAccessorImpl.invoke0(Native Method)
	at java.base/jdk.internal.reflect.NativeMethodAccessorImpl.invoke(NativeMethodAccessorImpl.java:62)
	at java.base/jdk.internal.reflect.DelegatingMethodAccessorImpl.invoke(DelegatingMethodAccessorImpl.java:43)
	at java.base/java.lang.reflect.Method.invoke(Method.java:566)
	at py4j.reflection.MethodInvoker.invoke(MethodInvoker.java:244)
	at py4j.reflection.ReflectionEngine.invoke(ReflectionEngine.java:374)
	at py4j.Gateway.invoke(Gateway.java:282)
	at py4j.commands.AbstractCommand.invokeMethod(AbstractCommand.java:132)
	at py4j.commands.CallCommand.execute(CallCommand.java:79)
	at py4j.GatewayConnection.run(GatewayConnection.java:238)
	at java.base/java.lang.Thread.run(Thread.java:829)",2026-08-12T05:58:49.405Z,2026-08-12T05:59:17.936Z,22,2026-08-12T05:59:17.936Z,,,4d11fd15-9e7f-4c18-9ed8-d28ed5d51a62,
202608120523077182,202608120522201654,20260812052205,102,13670,Gold QQ_GLTRAN,QQgltran,TASK_FAILED,FAILED,ERROR,0,0,0,"An error occurred while calling o7759.synapsesql.
: com.microsoft.spark.fabric.tds.write.error.FabricSparkTDSWriteError: Three part table name is expected - `database_name.schema_name.table_name`
	at com.microsoft.spark.fabric.tds.implicits.write.FabricSparkTDSImplicits$FabricSparkTDSWrite.fetchTableNameParts(FabricSparkTDSImplicits.scala:40)
	at com.microsoft.spark.fabric.tds.implicits.write.FabricSparkTDSImplicits$FabricSparkTDSWrite.synapsesql(FabricSparkTDSImplicits.scala:69)
	at java.base/jdk.internal.reflect.NativeMethodAccessorImpl.invoke0(Native Method)
	at java.base/jdk.internal.reflect.NativeMethodAccessorImpl.invoke(NativeMethodAccessorImpl.java:62)
	at java.base/jdk.internal.reflect.DelegatingMethodAccessorImpl.invoke(DelegatingMethodAccessorImpl.java:43)
	at java.base/java.lang.reflect.Method.invoke(Method.java:566)
	at py4j.reflection.MethodInvoker.invoke(MethodInvoker.java:244)
	at py4j.reflection.ReflectionEngine.invoke(ReflectionEngine.java:374)
	at py4j.Gateway.invoke(Gateway.java:282)
	at py4j.commands.AbstractCommand.invokeMethod(AbstractCommand.java:132)
	at py4j.commands.CallCommand.execute(CallCommand.java:79)
	at py4j.GatewayConnection.run(GatewayConnection.java:238)
	at java.base/java.lang.Thread.run(Thread.java:829)",2026-08-12T05:22:24.534Z,2026-08-12T05:23:09.109Z,34,2026-08-12T05:23:09.109Z,,,869f1a46-93ef-4f12-a49b-3bbeb426170a,
202608150535370111,202608150535370110,20260815053441,6,35,Gold 8x8 CallVolume,8x8_CallVolume,TASK_FAILED,FAILED,ERROR,0,0,0,An error occurred while calling o7861.synapsesql. : com.microsoft.spark.fabric.tds.write.error.FabricSparkTDSWriteError: Schemas are not equal: Fields with differing types: - AvgAbandonTime: dataframe type = StringType; table type = TimestampType - AvgBusyTime: dataframe type = StringType; table type = TimestampType - AvgHandlingTime: dataframe type = StringType; table type = TimestampType - AvgProcessingTime: dataframe type = StringType; table type = TimestampType - AvgWaitAcceptTime: dataframe type = StringType; table type = TimestampType - AvgWaitTime: dataframe type = StringType; table type = TimestampType - AvgWrapUpTime: dataframe type = StringType; table type = TimestampType - BusyTime: dataframe type = StringType; table type = TimestampType - HandlingTime: dataframe type = StringType; table type = TimestampType - LongestAbandonTime: dataframe type = StringType; table type = TimestampType - LongestWaitTime: dataframe type = StringType; table type = TimestampType - ProcessingTime: dataframe type = StringType; table type = TimestampType - TotalAbandonTime: dataframe type = StringType; table type = TimestampType - WaitinginQueueTime: dataframe type = StringType; table type = TimestampType - WrapUpTime: dataframe type = StringType; table type = TimestampType,2026-08-15T05:35:41.997Z,2026-08-15T05:36:01.834Z,18,2026-08-15T05:36:01.834Z,,,6517d2eb-46fa-4d72-8ea4-8ae23e1d30a8,
202608252121600335,202608251925576285,202608251925573776,85,4431,Bronze INV,br_ReAssessmentSubstanceUse,TASK_COMPLETE,SUCCESS,INFO,2896,2896,0,,2026-08-25T19:26:03.177Z,2026-08-25T21:23:56.829Z,7073,2026-08-25T21:23:56.829Z,V11,Westminster,7eb7a049-5d17-4a23-bb2f-3b9c445afd32,SAMMS-VCPHCS-XI-NorthDenverV5
202608252121600336,202608251925576286,202608251925573776,85,4432,Bronze INV,br_ReAssessmentSubstanceUse,TASK_COMPLETE,SUCCESS,INFO,3073,3073,0,,2026-08-25T19:26:03.177Z,2026-08-25T21:23:56.829Z,7073,2026-08-25T21:23:56.829Z,V12,Downtown Denver,7eb7a049-5d17-4a23-bb2f-3b9c445afd32,SAMMS-VCPHCS-XII-DowntownDenverV5
202608252121600337,202608251925576287,202608251925573776,85,4433,Bronze INV,br_ReAssessmentSubstanceUse,TASK_COMPLETE,SUCCESS,INFO,1148,1148,0,,2026-08-25T19:26:03.177Z,2026-08-25T21:23:56.829Z,7073,2026-08-25T21:23:56.829Z,V12A,Centennial,7eb7a049-5d17-4a23-bb2f-3b9c445afd32,SAMMS-CentennialV5
202608252121600338,202608251925576288,202608251925573776,85,4434,Bronze INV,br_ReAssessmentSubstanceUse,TASK_COMPLETE,SUCCESS,INFO,301,301,0,,2026-08-25T19:26:03.177Z,2026-08-25T21:23:56.829Z,7073,2026-08-25T21:23:56.829Z,V14,Overland Park,7eb7a049-5d17-4a23-bb2f-3b9c445afd32,SAMMS-VCPHCS-XIV-BridgewayV5
202608252121600340,202608251925576289,202608251925573776,85,4435,Bronze INV,br_ReAssessmentSubstanceUse,TASK_COMPLETE,SUCCESS,INFO,611,611,0,,2026-08-25T19:26:03.177Z,2026-08-25T21:23:56.829Z,7073,2026-08-25T21:23:56.829Z,V15,Joplin,7eb7a049-5d17-4a23-bb2f-3b9c445afd32,SAMMS-JoplinV5
202608252121600341,202608251925576290,202608251925573776,85,4437,Bronze INV,br_ReAssessmentSubstanceUse,TASK_COMPLETE,SUCCESS,INFO,918,918,0,,2026-08-25T19:26:03.177Z,2026-08-25T21:23:56.829Z,7073,2026-08-25T21:23:56.829Z,V17,Columbia TN,7eb7a049-5d17-4a23-bb2f-3b9c445afd32,SAMMS-ColumbiaTNv5
202608252121600342,202608251925576291,202608251925573776,85,4439,Bronze INV,br_ReAssessmentSubstanceUse,TASK_COMPLETE,SUCCESS,INFO,544,544,0,,2026-08-25T19:26:03.177Z,2026-08-25T21:23:56.829Z,7073,2026-08-25T21:23:56.829Z,V19,Jackson,7eb7a049-5d17-4a23-bb2f-3b9c445afd32,SAMMS-JacksonV5
202608252121600343,202608251925576292,202608251925573776,85,4441,Bronze INV,br_ReAssessmentSubstanceUse,TASK_COMPLETE,SUCCESS,INFO,1815,1815,0,,2026-08-25T19:26:03.177Z,2026-08-25T21:23:56.829Z,7073,2026-08-25T21:23:56.829Z,V20,Paris,7eb7a049-5d17-4a23-bb2f-3b9c445afd32,SAMMS-ParisV5
202608252121600344,202608251925576293,202608251925573776,85,4442,Bronze INV,br_ReAssessmentSubstanceUse,TASK_COMPLETE,SUCCESS,INFO,732,732,0,,2026-08-25T19:26:03.177Z,2026-08-25T21:23:56.829Z,7073,2026-08-25T21:23:56.829Z,V21,Memphis North,7eb7a049-5d17-4a23-bb2f-3b9c445afd32,SAMMS-RaleighV5
202608252121600345,202608251925576294,202608251925573776,85,4445,Bronze INV,br_ReAssessmentSubstanceUse,TASK_COMPLETE,SUCCESS,INFO,1817,1817,0,,2026-08-25T19:26:03.177Z,2026-08-25T21:23:56.829Z,7073,2026-08-25T21:23:56.829Z,V5,West Bank,7eb7a049-5d17-4a23-bb2f-3b9c445afd32,SAMMS-NONTCv5
202608252121600347,202608251925576295,202608251925573776,85,4447,Bronze INV,br_ReAssessmentSubstanceUse,TASK_COMPLETE,SUCCESS,INFO,150,150,0,,2026-08-25T19:26:03.177Z,2026-08-25T21:23:56.829Z,7073,2026-08-25T21:23:56.829Z,V5B,Houma,7eb7a049-5d17-4a23-bb2f-3b9c445afd32,SAMMS-HoumaV6
202608252121600348,202608251925576296,202608251925573776,85,4448,Bronze INV,br_ReAssessmentSubstanceUse,TASK_COMPLETE,SUCCESS,INFO,1929,1929,0,,2026-08-25T19:26:03.177Z,2026-08-25T21:23:56.829Z,7073,2026-08-25T21:23:56.829Z,V6,Lake Charles,7eb7a049-5d17-4a23-bb2f-3b9c445afd32,SAMMS-LCv5
202608252121600349,202608251925576297,202608251925573776,85,4450,Bronze INV,br_ReAssessmentSubstanceUse,TASK_COMPLETE,SUCCESS,INFO,748,748,0,,2026-08-25T19:26:03.177Z,2026-08-25T21:23:56.829Z,7073,2026-08-25T21:23:56.829Z,V8,Memphis Midtown,7eb7a049-5d17-4a23-bb2f-3b9c445afd32,SAMMS-VCPHCS-VIII-MemphisV5
202608252121600350,202608251925576298,202608251925573776,85,4451,Bronze INV,br_ReAssessmentSubstanceUse,TASK_COMPLETE,SUCCESS,INFO,1785,1785,0,,2026-08-25T19:26:03.177Z,2026-08-25T21:23:56.829Z,7073,2026-08-25T21:23:56.829Z,V9,Nashville,7eb7a049-5d17-4a23-bb2f-3b9c445afd32,SAMMS-NashvilleV5
202608252121600351,202608251925576299,202608251925573776,85,4452,Bronze INV,br_ReAssessmentSubstanceUse,TASK_COMPLETE,SUCCESS,INFO,854,854,0,,2026-08-25T19:26:03.177Z,2026-08-25T21:23:56.829Z,7073,2026-08-25T21:23:56.829Z,VBRA,Brainerd,7eb7a049-5d17-4a23-bb2f-3b9c445afd32,SAMMS-BrainerdV6
202608252121600352,202608251925576300,202608251925573776,85,4453,Bronze INV,br_ReAssessmentSubstanceUse,TASK_COMPLETE,SUCCESS,INFO,1988,1988,0,,2026-08-25T19:26:03.177Z,2026-08-25T21:23:56.829Z,7073,2026-08-25T21:23:56.829Z,VBRP,Brooklyn Park,7eb7a049-5d17-4a23-bb2f-3b9c445afd32,SAMMS-BrooklynParkV6
202608252121600354,202608251925576301,202608251925573776,85,4455,Bronze INV,br_ReAssessmentSubstanceUse,TASK_COMPLETE,SUCCESS,INFO,764,764,0,,2026-08-25T19:26:03.177Z,2026-08-25T21:23:56.829Z,7073,2026-08-25T21:23:56.829Z,VMIN,Minneapolis,7eb7a049-5d17-4a23-bb2f-3b9c445afd32,SAMMS-MinneapolisV6
202608252121600355,202608251925576302,202608251925573776,85,4456,Bronze INV,br_ReAssessmentSubstanceUse,TASK_COMPLETE,SUCCESS,INFO,920,920,0,,2026-08-25T19:26:03.177Z,2026-08-25T21:23:56.829Z,7073,2026-08-25T21:23:56.829Z,VWBY,Woodbury,7eb7a049-5d17-4a23-bb2f-3b9c445afd32,SAMMS-WoodburyV6
202608252121600356,202608251925576303,202608251925573776,85,4458,Bronze INV,br_ReAssessmentSubstanceUse,TASK_COMPLETE,SUCCESS,INFO,162,162,0,,2026-08-25T19:26:03.177Z,2026-08-25T21:23:56.829Z,7073,2026-08-25T21:23:56.829Z,WIL,Wilson,7eb7a049-5d17-4a23-bb2f-3b9c445afd32,SAMMS-Wilson
202608252121600457,202608251925673792,202608251925673776,86,5735,Silver INV,sl_ReAssessmentSubstanceUse,TASK_COMPLETE,SUCCESS,INFO,79713,79713,0,,2026-08-25T19:26:03.177Z,2026-08-25T21:23:56.829Z,7073,2026-08-25T21:23:56.829Z,,,7eb7a049-5d17-4a23-bb2f-3b9c445afd32,
202608252121600387,202608251925576419,202608251925573776,85,4462,Bronze INV,br_ReAssessmentTreatment,TASK_COMPLETE,SUCCESS,INFO,35,35,0,,2026-08-25T19:26:03.177Z,2026-08-25T21:23:56.829Z,7073,2026-08-25T21:23:56.829Z,AHK,Ahoskie,7eb7a049-5d17-4a23-bb2f-3b9c445afd32,SAMMS-Ahoskie
202608252121600388,202608251925576420,202608251925573776,85,4463,Bronze INV,br_ReAssessmentTreatment,TASK_COMPLETE,SUCCESS,INFO,662,662,0,,2026-08-25T19:26:03.177Z,2026-08-25T21:23:56.829Z,7073,2026-08-25T21:23:56.829Z,B12B,Colorado Springs,7eb7a049-5d17-4a23-bb2f-3b9c445afd32,SAMMS-ColoradoSpringsV5
202608252121600390,202608251925576421,202608251925573776,85,4464,Bronze INV,br_ReAssessmentTreatment,TASK_COMPLETE,SUCCESS,INFO,828,828,0,,2026-08-25T19:26:03.177Z,2026-08-25T21:23:56.829Z,7073,2026-08-25T21:23:56.829Z,B24,Paintsville,7eb7a049-5d17-4a23-bb2f-3b9c445afd32,SAMMS-PaintsvilleV5
202608252121600391,202608251925576422,202608251925573776,85,4465,Bronze INV,br_ReAssessmentTreatment,TASK_COMPLETE,SUCCESS,INFO,646,646,0,,2026-08-25T19:26:03.177Z,2026-08-25T21:23:56.829Z,7073,2026-08-25T21:23:56.829Z,B25,Pikeville,7eb7a049-5d17-4a23-bb2f-3b9c445afd32,SAMMS-PikevilleV5
202608252121600392,202608251925576423,202608251925573776,85,4466,Bronze INV,br_ReAssessmentTreatment,TASK_COMPLETE,SUCCESS,INFO,973,973,0,,2026-08-25T19:26:03.177Z,2026-08-25T21:23:56.829Z,7073,2026-08-25T21:23:56.829Z,B26,Hazard,7eb7a049-5d17-4a23-bb2f-3b9c445afd32,SAMMS-HazardV5
202608252121600393,202608251925576424,202608251925573776,85,4467,Bronze INV,br_ReAssessmentTreatment,TASK_COMPLETE,SUCCESS,INFO,532,532,0,,2026-08-25T19:26:03.177Z,2026-08-25T21:23:56.829Z,7073,2026-08-25T21:23:56.829Z,B27,Savannah,7eb7a049-5d17-4a23-bb2f-3b9c445afd32,SAMMS-SavannahV6
202608252121600394,202608251925576425,202608251925573776,85,4468,Bronze INV,br_ReAssessmentTreatment,TASK_COMPLETE,SUCCESS,INFO,247,247,0,,2026-08-25T19:26:03.177Z,2026-08-25T21:23:56.829Z,7073,2026-08-25T21:23:56.829Z,B28,West Plains,7eb7a049-5d17-4a23-bb2f-3b9c445afd32,SAMMS-WestPlainesV5
202608252121600395,202608251925576426,202608251925573776,85,4469,Bronze INV,br_ReAssessmentTreatment,TASK_COMPLETE,SUCCESS,INFO,460,460,0,,2026-08-25T19:26:03.177Z,2026-08-25T21:23:56.829Z,7073,2026-08-25T21:23:56.829Z,B29,Poplar Bluff,7eb7a049-5d17-4a23-bb2f-3b9c445afd32,SAMMS-PoplarBluffV5
202608252121600396,202608251925576427,202608251925573776,85,4470,Bronze INV,br_ReAssessmentTreatment,TASK_COMPLETE,SUCCESS,INFO,78,78,0,,2026-08-25T19:26:03.177Z,2026-08-25T21:23:56.829Z,7073,2026-08-25T21:23:56.829Z,B30,KC North,7eb7a049-5d17-4a23-bb2f-3b9c445afd32,SAMMS-KCNv5
202608252121600398,202608251925576428,202608251925573776,85,4471,Bronze INV,br_ReAssessmentTreatment,TASK_COMPLETE,SUCCESS,INFO,400,400,0,,2026-08-25T19:26:03.177Z,2026-08-25T21:23:56.829Z,7073,2026-08-25T21:23:56.829Z,B31,Dyersburg,7eb7a049-5d17-4a23-bb2f-3b9c445afd32,SAMMS-DyersburgV5
202608252121600399,202608251925576429,202608251925573776,85,4473,Bronze INV,br_ReAssessmentTreatment,TASK_COMPLETE,SUCCESS,INFO,488,488,0,,2026-08-25T19:26:03.177Z,2026-08-25T21:23:56.829Z,7073,2026-08-25T21:23:56.829Z,B33,Paducah,7eb7a049-5d17-4a23-bb2f-3b9c445afd32,SAMMS-Paducah
202608252121600400,202608251925576430,202608251925573776,85,4474,Bronze INV,br_ReAssessmentTreatment,TASK_COMPLETE,SUCCESS,INFO,382,382,0,,2026-08-25T19:26:03.177Z,2026-08-25T21:23:56.829Z,7073,2026-08-25T21:23:56.829Z,B34,Corbin,7eb7a049-5d17-4a23-bb2f-3b9c445afd32,SAMMS-CorbinV5
202608252121600401,202608251925576431,202608251925573776,85,4475,Bronze INV,br_ReAssessmentTreatment,TASK_COMPLETE,SUCCESS,INFO,239,239,0,,2026-08-25T19:26:03.177Z,2026-08-25T21:23:56.829Z,7073,2026-08-25T21:23:56.829Z,B35,Lexington,7eb7a049-5d17-4a23-bb2f-3b9c445afd32,SAMMS-LexingtonV5
202608252121600402,202608251925576432,202608251925573776,85,4476,Bronze INV,br_ReAssessmentTreatment,TASK_COMPLETE,SUCCESS,INFO,77,77,0,,2026-08-25T19:26:03.177Z,2026-08-25T21:23:56.829Z,7073,2026-08-25T21:23:56.829Z,B35A,Berea,7eb7a049-5d17-4a23-bb2f-3b9c445afd32,SAMMS-BereaV5
202608252121600403,202608251925576433,202608251925573776,85,4477,Bronze INV,br_ReAssessmentTreatment,TASK_COMPLETE,SUCCESS,INFO,21,21,0,,2026-08-25T19:26:03.177Z,2026-08-25T21:23:56.829Z,7073,2026-08-25T21:23:56.829Z,B36,Asheville,7eb7a049-5d17-4a23-bb2f-3b9c445afd32,SAMMS-AshevilleV5
202608252121600405,202608251925576434,202608251925573776,85,4478,Bronze INV,br_ReAssessmentTreatment,TASK_COMPLETE,SUCCESS,INFO,1,1,0,,2026-08-25T19:26:03.177Z,2026-08-25T21:23:56.829Z,7073,2026-08-25T21:23:56.829Z,B37,Clyde,7eb7a049-5d17-4a23-bb2f-3b9c445afd32,SAMMS-ClydeV5
202608252121600406,202608251925576435,202608251925573776,85,4479,Bronze INV,br_ReAssessmentTreatment,TASK_COMPLETE,SUCCESS,INFO,1185,1185,0,,2026-08-25T19:26:03.177Z,2026-08-25T21:23:56.829Z,7073,2026-08-25T21:23:56.829Z,B38,Spartanburg,7eb7a049-5d17-4a23-bb2f-3b9c445afd32,SAMMS-SpartanburgV5
202608252121600407,202608251925576436,202608251925573776,85,4480,Bronze INV,br_ReAssessmentTreatment,TASK_COMPLETE,SUCCESS,INFO,361,361,0,,2026-08-25T19:26:03.177Z,2026-08-25T21:23:56.829Z,7073,2026-08-25T21:23:56.829Z,B39,Aiken,7eb7a049-5d17-4a23-bb2f-3b9c445afd32,SAMMS-AikenV5
202608252121600408,202608251925576437,202608251925573776,85,4481,Bronze INV,br_ReAssessmentTreatment,TASK_COMPLETE,SUCCESS,INFO,1886,1886,0,,2026-08-25T19:26:03.177Z,2026-08-25T21:23:56.829Z,7073,2026-08-25T21:23:56.829Z,B41,Chesapeake,7eb7a049-5d17-4a23-bb2f-3b9c445afd32,SAMMS-ChesapeakeV5
202608252121600409,202608251925576438,202608251925573776,85,4482,Bronze INV,br_ReAssessmentTreatment,TASK_COMPLETE,SUCCESS,INFO,1911,1911,0,,2026-08-25T19:26:03.177Z,2026-08-25T21:23:56.829Z,7073,2026-08-25T21:23:56.829Z,B42,Virginia Beach,7eb7a049-5d17-4a23-bb2f-3b9c445afd32,SAMMS-VirginiaBeachV5
202608252121600410,202608251925576439,202608251925573776,85,4483,Bronze INV,br_ReAssessmentTreatment,TASK_COMPLETE,SUCCESS,INFO,925,925,0,,2026-08-25T19:26:03.177Z,2026-08-25T21:23:56.829Z,7073,2026-08-25T21:23:56.829Z,B42A,Newport News,7eb7a049-5d17-4a23-bb2f-3b9c445afd32,SAMMS-NewportNewsV5
202608252121600412,202608251925576440,202608251925573776,85,4484,Bronze INV,br_ReAssessmentTreatment,TASK_COMPLETE,SUCCESS,INFO,507,507,0,,2026-08-25T19:26:03.177Z,2026-08-25T21:23:56.829Z,7073,2026-08-25T21:23:56.829Z,B42B,Franklin,7eb7a049-5d17-4a23-bb2f-3b9c445afd32,SAMMS-FranklinV5
202608252121600413,202608251925576441,202608251925573776,85,4485,Bronze INV,br_ReAssessmentTreatment,TASK_COMPLETE,SUCCESS,INFO,340,340,0,,2026-08-25T19:26:03.177Z,2026-08-25T21:23:56.829Z,7073,2026-08-25T21:23:56.829Z,B42C,Glen Allen,7eb7a049-5d17-4a23-bb2f-3b9c445afd32,SAMMS-GlenAllenV5
202608252121600414,202608251925576442,202608251925573776,85,4486,Bronze INV,br_ReAssessmentTreatment,TASK_COMPLETE,SUCCESS,INFO,1481,1481,0,,2026-08-25T19:26:03.177Z,2026-08-25T21:23:56.829Z,7073,2026-08-25T21:23:56.829Z,B42D,Chesapeake South,7eb7a049-5d17-4a23-bb2f-3b9c445afd32,SAMMS-ChesapeakeSouthV5
202608252121600415,202608251925576443,202608251925573776,85,4487,Bronze INV,br_ReAssessmentTreatment,TASK_COMPLETE,SUCCESS,INFO,633,633,0,,2026-08-25T19:26:03.177Z,2026-08-25T21:23:56.829Z,7073,2026-08-25T21:23:56.829Z,B44,Albany,7eb7a049-5d17-4a23-bb2f-3b9c445afd32,SAMMS-AlbanyV5
202608252121600416,202608251925576444,202608251925573776,85,4488,Bronze INV,br_ReAssessmentTreatment,TASK_COMPLETE,SUCCESS,INFO,1269,1269,0,,2026-08-25T19:26:03.177Z,2026-08-25T21:23:56.829Z,7073,2026-08-25T21:23:56.829Z,B45,Tifton,7eb7a049-5d17-4a23-bb2f-3b9c445afd32,SAMMS-TiftonV5
202608252121600417,202608251925576445,202608251925573776,85,4489,Bronze INV,br_ReAssessmentTreatment,TASK_COMPLETE,SUCCESS,INFO,591,591,0,,2026-08-25T19:26:03.177Z,2026-08-25T21:23:56.829Z,7073,2026-08-25T21:23:56.829Z,B46,Washington DC,7eb7a049-5d17-4a23-bb2f-3b9c445afd32,SAMMS-WashingtonDCv5
202608252121600419,202608251925576446,202608251925573776,85,4490,Bronze INV,br_ReAssessmentTreatment,TASK_COMPLETE,SUCCESS,INFO,1524,1524,0,,2026-08-25T19:26:03.177Z,2026-08-25T21:23:56.829Z,7073,2026-08-25T21:23:56.829Z,B47,Mobile,7eb7a049-5d17-4a23-bb2f-3b9c445afd32,SAMMS-MobileV5
202608252121600420,202608251925576447,202608251925573776,85,4491,Bronze INV,br_ReAssessmentTreatment,TASK_COMPLETE,SUCCESS,INFO,1295,1295,0,,2026-08-25T19:26:03.177Z,2026-08-25T21:23:56.829Z,7073,2026-08-25T21:23:56.829Z,B48,Tuscaloosa,7eb7a049-5d17-4a23-bb2f-3b9c445afd32,SAMMS-TuscaloosaV5
202608252121600421,202608251925576448,202608251925573776,85,4500,Bronze INV,br_ReAssessmentTreatment,TASK_COMPLETE,SUCCESS,INFO,2,2,0,,2026-08-25T19:26:03.177Z,2026-08-25T21:23:56.829Z,7073,2026-08-25T21:23:56.829Z,B51,N. Little Rock (OTP),7eb7a049-5d17-4a23-bb2f-3b9c445afd32,SAMMS-NorthLittleRockV6
202608252121600422,202608251925576449,202608251925573776,85,4501,Bronze INV,br_ReAssessmentTreatment,TASK_COMPLETE,SUCCESS,INFO,451,451,0,,2026-08-25T19:26:03.177Z,2026-08-25T21:23:56.829Z,7073,2026-08-25T21:23:56.829Z,B52,Jackson GA,7eb7a049-5d17-4a23-bb2f-3b9c445afd32,SAMMS-JacksonGAV5
202608252121600423,202608251925576450,202608251925573776,85,4502,Bronze INV,br_ReAssessmentTreatment,TASK_COMPLETE,SUCCESS,INFO,1700,1700,0,,2026-08-25T19:26:03.177Z,2026-08-25T21:23:56.829Z,7073,2026-08-25T21:23:56.829Z,B54,Gadsden,7eb7a049-5d17-4a23-bb2f-3b9c445afd32,SAMMS-GadsdenV5
202608252121600424,202608251925576451,202608251925573776,85,4503,Bronze INV,br_ReAssessmentTreatment,TASK_COMPLETE,SUCCESS,INFO,941,941,0,,2026-08-25T19:26:03.177Z,2026-08-25T21:23:56.829Z,7073,2026-08-25T21:23:56.829Z,B55,Shoals,7eb7a049-5d17-4a23-bb2f-3b9c445afd32,SAMMS-ShoalsV5
202608252121600426,202608251925576452,202608251925573776,85,4504,Bronze INV,br_ReAssessmentTreatment,TASK_COMPLETE,SUCCESS,INFO,294,294,0,,2026-08-25T19:26:03.177Z,2026-08-25T21:23:56.829Z,7073,2026-08-25T21:23:56.829Z,B57,Pawtucket,7eb7a049-5d17-4a23-bb2f-3b9c445afd32,SAMMS-Pawtucket
202608252121600427,202608251925576453,202608251925573776,85,4505,Bronze INV,br_ReAssessmentTreatment,TASK_COMPLETE,SUCCESS,INFO,553,553,0,,2026-08-25T19:26:03.177Z,2026-08-25T21:23:56.829Z,7073,2026-08-25T21:23:56.829Z,B57A,Johnston,7eb7a049-5d17-4a23-bb2f-3b9c445afd32,SAMMS-Johnston
202608252121600428,202608251925576454,202608251925573776,85,4506,Bronze INV,br_ReAssessmentTreatment,TASK_COMPLETE,SUCCESS,INFO,167,167,0,,2026-08-25T19:26:03.177Z,2026-08-25T21:23:56.829Z,7073,2026-08-25T21:23:56.829Z,B57B,Middletown,7eb7a049-5d17-4a23-bb2f-3b9c445afd32,SAMMS-Middletown
202608252121600429,202608251925576455,202608251925573776,85,4507,Bronze INV,br_ReAssessmentTreatment,TASK_COMPLETE,SUCCESS,INFO,411,411,0,,2026-08-25T19:26:03.177Z,2026-08-25T21:23:56.829Z,7073,2026-08-25T21:23:56.829Z,B57C,Providence,7eb7a049-5d17-4a23-bb2f-3b9c445afd32,SAMMS-Providence
202608252121600430,202608251925576456,202608251925573776,85,4508,Bronze INV,br_ReAssessmentTreatment,TASK_COMPLETE,SUCCESS,INFO,622,622,0,,2026-08-25T19:26:03.177Z,2026-08-25T21:23:56.829Z,7073,2026-08-25T21:23:56.829Z,B57D,Westerly,7eb7a049-5d17-4a23-bb2f-3b9c445afd32,SAMMS-Westerly
202608252121600431,202608251925576457,202608251925573776,85,4512,Bronze INV,br_ReAssessmentTreatment,TASK_COMPLETE,SUCCESS,INFO,4,4,0,,2026-08-25T19:26:03.177Z,2026-08-25T21:23:56.829Z,7073,2026-08-25T21:23:56.829Z,B66A,Bremen,7eb7a049-5d17-4a23-bb2f-3b9c445afd32,SAMMS-Bremen
202608252121600433,202608251925576458,202608251925573776,85,4515,Bronze INV,br_ReAssessmentTreatment,TASK_COMPLETE,SUCCESS,INFO,0,0,0,,2026-08-25T19:26:03.177Z,2026-08-25T21:23:56.829Z,7073,2026-08-25T21:23:56.829Z,B72,Mobile (OBOT),7eb7a049-5d17-4a23-bb2f-3b9c445afd32,SAMMS-Mobile-OBOT
202608252121600434,202608251925576459,202608251925573776,85,4516,Bronze INV,br_ReAssessmentTreatment,TASK_COMPLETE,SUCCESS,INFO,0,0,0,,2026-08-25T19:26:03.177Z,2026-08-25T21:23:56.829Z,7073,2026-08-25T21:23:56.829Z,B73,Montgomery,7eb7a049-5d17-4a23-bb2f-3b9c445afd32,SAMMS-Montgomery
202608252121600435,202608251925576460,202608251925573776,85,4517,Bronze INV,br_ReAssessmentTreatment,TASK_COMPLETE,SUCCESS,INFO,516,516,0,,2026-08-25T19:26:03.177Z,2026-08-25T21:23:56.829Z,7073,2026-08-25T21:23:56.829Z,B75,Lawrence,7eb7a049-5d17-4a23-bb2f-3b9c445afd32,SAMMS-LawrenceV6
202608252121600436,202608251925576461,202608251925573776,85,4518,Bronze INV,br_ReAssessmentTreatment,TASK_COMPLETE,SUCCESS,INFO,0,0,0,,2026-08-25T19:26:03.177Z,2026-08-25T21:23:56.829Z,7073,2026-08-25T21:23:56.829Z,B76,Huntsville OBOT,7eb7a049-5d17-4a23-bb2f-3b9c445afd32,SAMMS-Huntsville-OBOT
202608252121600437,202608251925576462,202608251925573776,85,4519,Bronze INV,br_ReAssessmentTreatment,TASK_COMPLETE,SUCCESS,INFO,0,0,0,,2026-08-25T19:26:03.177Z,2026-08-25T21:23:56.829Z,7073,2026-08-25T21:23:56.829Z,BAT,Batesville,7eb7a049-5d17-4a23-bb2f-3b9c445afd32,SAMMS-Batesville
202608252121600438,202608251925576463,202608251925573776,85,4520,Bronze INV,br_ReAssessmentTreatment,TASK_COMPLETE,SUCCESS,INFO,463,463,0,,2026-08-25T19:26:03.177Z,2026-08-25T21:23:56.829Z,7073,2026-08-25T21:23:56.829Z,BG,Bowling Green,7eb7a049-5d17-4a23-bb2f-3b9c445afd32,SAMMS-BowlingGreen
202608252121600439,202608251925576464,202608251925573776,85,4521,Bronze INV,br_ReAssessmentTreatment,TASK_COMPLETE,SUCCESS,INFO,181,181,0,,2026-08-25T19:26:03.177Z,2026-08-25T21:23:56.829Z,7073,2026-08-25T21:23:56.829Z,BOI,Boise,7eb7a049-5d17-4a23-bb2f-3b9c445afd32,SAMMS-Boise
202608252121600441,202608251925576465,202608251925573776,85,4528,Bronze INV,br_ReAssessmentTreatment,TASK_COMPLETE,SUCCESS,INFO,48,48,0,,2026-08-25T19:26:03.177Z,2026-08-25T21:23:56.829Z,7073,2026-08-25T21:23:56.829Z,CBCO,Coeur dAlene,7eb7a049-5d17-4a23-bb2f-3b9c445afd32,SAMMS-CoeurdAleneV6
202608252121600442,202608251925576466,202608251925573776,85,4547,Bronze INV,br_ReAssessmentTreatment,TASK_COMPLETE,SUCCESS,INFO,0,0,0,,2026-08-25T19:26:03.177Z,2026-08-25T21:23:56.829Z,7073,2026-08-25T21:23:56.829Z,CON,Conway,7eb7a049-5d17-4a23-bb2f-3b9c445afd32,SAMMS-Conway
202608252121600443,202608251925576467,202608251925573776,85,4548,Bronze INV,br_ReAssessmentTreatment,TASK_COMPLETE,SUCCESS,INFO,2557,2557,0,,2026-08-25T19:26:03.177Z,2026-08-25T21:23:56.829Z,7073,2026-08-25T21:23:56.829Z,D07,Medical Services Knox TN,7eb7a049-5d17-4a23-bb2f-3b9c445afd32,SAMMS-KnoxvilleV6
202608252121600444,202608251925576468,202608251925573776,85,4549,Bronze INV,br_ReAssessmentTreatment,TASK_COMPLETE,SUCCESS,INFO,111,111,0,,2026-08-25T19:26:03.177Z,2026-08-25T21:23:56.829Z,7073,2026-08-25T21:23:56.829Z,D08,Madison,7eb7a049-5d17-4a23-bb2f-3b9c445afd32,SAMMS-MadisonV6
202608252121600445,202608251925576469,202608251925573776,85,4551,Bronze INV,br_ReAssessmentTreatment,TASK_COMPLETE,SUCCESS,INFO,104,104,0,,2026-08-25T19:26:03.177Z,2026-08-25T21:23:56.829Z,7073,2026-08-25T21:23:56.829Z,D09,Murfreesboro,7eb7a049-5d17-4a23-bb2f-3b9c445afd32,SAMMS-MurfreesboroV6
202608252121600446,202608251925576470,202608251925573776,85,4552,Bronze INV,br_ReAssessmentTreatment,TASK_COMPLETE,SUCCESS,INFO,335,335,0,,2026-08-25T19:26:03.177Z,2026-08-25T21:23:56.829Z,7073,2026-08-25T21:23:56.829Z,DA,Davenport,7eb7a049-5d17-4a23-bb2f-3b9c445afd32,SAMMS-Davenport
202608252121600448,202608251925576471,202608251925573776,85,4553,Bronze INV,br_ReAssessmentTreatment,TASK_COMPLETE,SUCCESS,INFO,286,286,0,,2026-08-25T19:26:03.177Z,2026-08-25T21:23:56.829Z,7073,2026-08-25T21:23:56.829Z,DM,Des Moines,7eb7a049-5d17-4a23-bb2f-3b9c445afd32,SAMMS-DesMoines
202608252121600449,202608251925576472,202608251925573776,85,4555,Bronze INV,br_ReAssessmentTreatment,TASK_COMPLETE,SUCCESS,INFO,526,526,0,,2026-08-25T19:26:03.177Z,2026-08-25T21:23:56.829Z,7073,2026-08-25T21:23:56.829Z,DRD-CO,Columbia MO,7eb7a049-5d17-4a23-bb2f-3b9c445afd32,SAMMS-ColumbiaV5
202608252121600450,202608251925576473,202608251925573776,85,4556,Bronze INV,br_ReAssessmentTreatment,TASK_COMPLETE,SUCCESS,INFO,342,342,0,,2026-08-25T19:26:03.177Z,2026-08-25T21:23:56.829Z,7073,2026-08-25T21:23:56.829Z,DRD-KC,KC,7eb7a049-5d17-4a23-bb2f-3b9c445afd32,SAMMS-KCv5
202608252121600451,202608251925576474,202608251925573776,85,4557,Bronze INV,br_ReAssessmentTreatment,TASK_COMPLETE,SUCCESS,INFO,1545,1545,0,,2026-08-25T19:26:03.177Z,2026-08-25T21:23:56.829Z,7073,2026-08-25T21:23:56.829Z,DRD-KVB,KVB,7eb7a049-5d17-4a23-bb2f-3b9c445afd32,SAMMS-KVBv5
202608252121600452,202608251925576475,202608251925573776,85,4558,Bronze INV,br_ReAssessmentTreatment,TASK_COMPLETE,SUCCESS,INFO,1672,1672,0,,2026-08-25T19:26:03.177Z,2026-08-25T21:23:56.829Z,7073,2026-08-25T21:23:56.829Z,DRD-KVC,KVC,7eb7a049-5d17-4a23-bb2f-3b9c445afd32,SAMMS-KVCv5
202608252121600453,202608251925576476,202608251925573776,85,4559,Bronze INV,br_ReAssessmentTreatment,TASK_COMPLETE,SUCCESS,INFO,3195,3195,0,,2026-08-25T19:26:03.177Z,2026-08-25T21:23:56.829Z,7073,2026-08-25T21:23:56.829Z,DRD-NOLA,NOLA,7eb7a049-5d17-4a23-bb2f-3b9c445afd32,SAMMS-NOLAv5
202608252121600455,202608251925576477,202608251925573776,85,4560,Bronze INV,br_ReAssessmentTreatment,TASK_COMPLETE,SUCCESS,INFO,797,797,0,,2026-08-25T19:26:03.177Z,2026-08-25T21:23:56.829Z,7073,2026-08-25T21:23:56.829Z,DRD-SF,Springfield,7eb7a049-5d17-4a23-bb2f-3b9c445afd32,SAMMS-SFv5
202608252121600456,202608251925576478,202608251925573776,85,4562,Bronze INV,br_ReAssessmentTreatment,TASK_COMPLETE,SUCCESS,INFO,260,260,0,,2026-08-25T19:26:03.177Z,2026-08-25T21:23:56.829Z,7073,2026-08-25T21:23:56.829Z,ELC,Elizabeth City,7eb7a049-5d17-4a23-bb2f-3b9c445afd32,SAMMS-ElizabethCity
202608252121600457,202608251925576479,202608251925573776,85,4563,Bronze INV,br_ReAssessmentTreatment,TASK_COMPLETE,SUCCESS,INFO,127,127,0,,2026-08-25T19:26:03.177Z,2026-08-25T21:23:56.829Z,7073,2026-08-25T21:23:56.829Z,ET,Elizabethtown,7eb7a049-5d17-4a23-bb2f-3b9c445afd32,SAMMS-Elizabethtown
202608252121600458,202608251925576480,202608251925573776,85,4564,Bronze INV,br_ReAssessmentTreatment,TASK_COMPLETE,SUCCESS,INFO,0,0,0,,2026-08-25T19:26:03.177Z,2026-08-25T21:23:56.829Z,7073,2026-08-25T21:23:56.829Z,FAY,Fayetteville,7eb7a049-5d17-4a23-bb2f-3b9c445afd32,SAMMS-Fayetteville
202608252121600459,202608251925576481,202608251925573776,85,4565,Bronze INV,br_ReAssessmentTreatment,TASK_COMPLETE,SUCCESS,INFO,156,156,0,,2026-08-25T19:26:03.177Z,2026-08-25T21:23:56.829Z,7073,2026-08-25T21:23:56.829Z,FR,Frankfort,7eb7a049-5d17-4a23-bb2f-3b9c445afd32,SAMMS-Frankfort
202608252121600460,202608251925576482,202608251925573776,85,4566,Bronze INV,br_ReAssessmentTreatment,TASK_COMPLETE,SUCCESS,INFO,0,0,0,,2026-08-25T19:26:03.177Z,2026-08-25T21:23:56.829Z,7073,2026-08-25T21:23:56.829Z,FS,Fort Smith,7eb7a049-5d17-4a23-bb2f-3b9c445afd32,SAMMS-FortSmith
202608252121600462,202608251925576483,202608251925573776,85,4567,Bronze INV,br_ReAssessmentTreatment,TASK_COMPLETE,SUCCESS,INFO,466,466,0,,2026-08-25T19:26:03.177Z,2026-08-25T21:23:56.829Z,7073,2026-08-25T21:23:56.829Z,FW,Fort Wayne,7eb7a049-5d17-4a23-bb2f-3b9c445afd32,SAMMS-FortWayne
202608252121600463,202608251925576484,202608251925573776,85,4568,Bronze INV,br_ReAssessmentTreatment,TASK_COMPLETE,SUCCESS,INFO,271,271,0,,2026-08-25T19:26:03.177Z,2026-08-25T21:23:56.829Z,7073,2026-08-25T21:23:56.829Z,GAL,Gaylord,7eb7a049-5d17-4a23-bb2f-3b9c445afd32,SAMMS-Gaylord
202608252121600464,202608251925576485,202608251925573776,85,4572,Bronze INV,br_ReAssessmentTreatment,TASK_COMPLETE,SUCCESS,INFO,99,99,0,,2026-08-25T19:26:03.177Z,2026-08-25T21:23:56.829Z,7073,2026-08-25T21:23:56.829Z,HGT,Hagerstown,7eb7a049-5d17-4a23-bb2f-3b9c445afd32,SAMMS-Hagerstown
202608252121600465,202608251925576486,202608251925573776,85,4573,Bronze INV,br_ReAssessmentTreatment,TASK_COMPLETE,SUCCESS,INFO,1717,1717,0,,2026-08-25T19:26:03.177Z,2026-08-25T21:23:56.829Z,7073,2026-08-25T21:23:56.829Z,HNT,Huntsville,7eb7a049-5d17-4a23-bb2f-3b9c445afd32,SAMMS-Huntsville
202608252121600466,202608251925576487,202608251925573776,85,4574,Bronze INV,br_ReAssessmentTreatment,TASK_COMPLETE,SUCCESS,INFO,0,0,0,,2026-08-25T19:26:03.177Z,2026-08-25T21:23:56.829Z,7073,2026-08-25T21:23:56.829Z,HS,Hot Springs,7eb7a049-5d17-4a23-bb2f-3b9c445afd32,SAMMS-HotSprings
202608252121600467,202608251925576488,202608251925573776,85,4575,Bronze INV,br_ReAssessmentTreatment,TASK_COMPLETE,SUCCESS,INFO,0,0,0,,2026-08-25T19:26:03.177Z,2026-08-25T21:23:56.829Z,7073,2026-08-25T21:23:56.829Z,JON,Jonesboro,7eb7a049-5d17-4a23-bb2f-3b9c445afd32,SAMMS-Jonesboro
202608252121600476,202608251925576489,202608251925573776,85,4577,Bronze INV,br_ReAssessmentTreatment,TASK_COMPLETE,SUCCESS,INFO,444,444,0,,2026-08-25T19:26:03.177Z,2026-08-25T21:23:56.829Z,7073,2026-08-25T21:23:56.829Z,LAN,Lansing,7eb7a049-5d17-4a23-bb2f-3b9c445afd32,SAMMS-Lansing
202608252121600477,202608251925576490,202608251925573776,85,4578,Bronze INV,br_ReAssessmentTreatment,TASK_COMPLETE,SUCCESS,INFO,1288,1288,0,,2026-08-25T19:26:03.177Z,2026-08-25T21:23:56.829Z,7073,2026-08-25T21:23:56.829Z,LO,Louisville,7eb7a049-5d17-4a23-bb2f-3b9c445afd32,SAMMS-Louisville
202608252121600479,202608251925576491,202608251925573776,85,4579,Bronze INV,br_ReAssessmentTreatment,TASK_COMPLETE,SUCCESS,INFO,291,291,0,,2026-08-25T19:26:03.177Z,2026-08-25T21:23:56.829Z,7073,2026-08-25T21:23:56.829Z,LV1,Cheyenne,7eb7a049-5d17-4a23-bb2f-3b9c445afd32,SAMMS-Cheyenne
202608252121600480,202608251925576492,202608251925573776,85,4580,Bronze INV,br_ReAssessmentTreatment,TASK_COMPLETE,SUCCESS,INFO,204,204,0,,2026-08-25T19:26:03.177Z,2026-08-25T21:23:56.829Z,7073,2026-08-25T21:23:56.829Z,LV2,Desert Inn,7eb7a049-5d17-4a23-bb2f-3b9c445afd32,SAMMS-DesertInn
202608252121600481,202608251925576493,202608251925573776,85,4581,Bronze INV,br_ReAssessmentTreatment,TASK_COMPLETE,SUCCESS,INFO,110,110,0,,2026-08-25T19:26:03.177Z,2026-08-25T21:23:56.829Z,7073,2026-08-25T21:23:56.829Z,LV3,McDaniel,7eb7a049-5d17-4a23-bb2f-3b9c445afd32,SAMMS-McDaniel
202608252121600482,202608251925576494,202608251925573776,85,4584,Bronze INV,br_ReAssessmentTreatment,TASK_COMPLETE,SUCCESS,INFO,356,356,0,,2026-08-25T19:26:03.177Z,2026-08-25T21:23:56.829Z,7073,2026-08-25T21:23:56.829Z,MNRE,Monroe,7eb7a049-5d17-4a23-bb2f-3b9c445afd32,SAMMS-Monroe
202608252121600483,202608251925576495,202608251925573776,85,4585,Bronze INV,br_ReAssessmentTreatment,TASK_COMPLETE,SUCCESS,INFO,1422,1422,0,,2026-08-25T19:26:03.177Z,2026-08-25T21:23:56.829Z,7073,2026-08-25T21:23:56.829Z,MP,Mt. Pleasant,7eb7a049-5d17-4a23-bb2f-3b9c445afd32,SAMMS-MtPleasant
202608252121600484,202608251925576496,202608251925573776,85,4586,Bronze INV,br_ReAssessmentTreatment,TASK_COMPLETE,SUCCESS,INFO,153,153,0,,2026-08-25T19:26:03.177Z,2026-08-25T21:23:56.829Z,7073,2026-08-25T21:23:56.829Z,MRD,Meridian,7eb7a049-5d17-4a23-bb2f-3b9c445afd32,SAMMS-Meridian
202608252121600486,202608251925576497,202608251925573776,85,4591,Bronze INV,br_ReAssessmentTreatment,TASK_COMPLETE,SUCCESS,INFO,691,691,0,,2026-08-25T19:26:03.177Z,2026-08-25T21:23:56.829Z,7073,2026-08-25T21:23:56.829Z,NC,North Charleston,7eb7a049-5d17-4a23-bb2f-3b9c445afd32,SAMMS-NorthCharleston
202608252121600487,202608251925576498,202608251925573776,85,4592,Bronze INV,br_ReAssessmentTreatment,TASK_COMPLETE,SUCCESS,INFO,0,0,0,,2026-08-25T19:26:03.177Z,2026-08-25T21:23:56.829Z,7073,2026-08-25T21:23:56.829Z,NLR,N. Little Rock,7eb7a049-5d17-4a23-bb2f-3b9c445afd32,SAMMS-NLROBOT
202608252121600488,202608251925576499,202608251925573776,85,4593,Bronze INV,br_ReAssessmentTreatment,TASK_COMPLETE,SUCCESS,INFO,112,112,0,,2026-08-25T19:26:03.177Z,2026-08-25T21:23:56.829Z,7073,2026-08-25T21:23:56.829Z,PH,Phoenix,7eb7a049-5d17-4a23-bb2f-3b9c445afd32,SAMMS-Phoenix
202608252121600489,202608251925576500,202608251925573776,85,4597,Bronze INV,br_ReAssessmentTreatment,TASK_COMPLETE,SUCCESS,INFO,212,212,0,,2026-08-25T19:26:03.177Z,2026-08-25T21:23:56.829Z,7073,2026-08-25T21:23:56.829Z,RE,Reno,7eb7a049-5d17-4a23-bb2f-3b9c445afd32,SAMMS-Reno
202608252121600490,202608251925576501,202608251925573776,85,4598,Bronze INV,br_ReAssessmentTreatment,TASK_COMPLETE,SUCCESS,INFO,87,87,0,,2026-08-25T19:26:03.177Z,2026-08-25T21:23:56.829Z,7073,2026-08-25T21:23:56.829Z,RMD,Richmond,7eb7a049-5d17-4a23-bb2f-3b9c445afd32,SAMMS-Richmond
202608252121600491,202608251925576502,202608251925573776,85,4599,Bronze INV,br_ReAssessmentTreatment,TASK_COMPLETE,SUCCESS,INFO,587,587,0,,2026-08-25T19:26:03.177Z,2026-08-25T21:23:56.829Z,7073,2026-08-25T21:23:56.829Z,SFN,Springfield North,7eb7a049-5d17-4a23-bb2f-3b9c445afd32,SAMMS-SFNv5
202608252121600493,202608251925576503,202608251925573776,85,4600,Bronze INV,br_ReAssessmentTreatment,TASK_COMPLETE,SUCCESS,INFO,762,762,0,,2026-08-25T19:26:03.177Z,2026-08-25T21:23:56.829Z,7073,2026-08-25T21:23:56.829Z,SHP,Shreveport,7eb7a049-5d17-4a23-bb2f-3b9c445afd32,SAMMS-Shreveport
202608252121600494,202608251925576504,202608251925573776,85,4602,Bronze INV,br_ReAssessmentTreatment,TASK_COMPLETE,SUCCESS,INFO,484,484,0,,2026-08-25T19:26:03.177Z,2026-08-25T21:23:56.829Z,7073,2026-08-25T21:23:56.829Z,STN,Staunton,7eb7a049-5d17-4a23-bb2f-3b9c445afd32,SAMMS-Staunton
202608252121600495,202608251925576505,202608251925573776,85,4603,Bronze INV,br_ReAssessmentTreatment,TASK_COMPLETE,SUCCESS,INFO,225,225,0,,2026-08-25T19:26:03.177Z,2026-08-25T21:23:56.829Z,7073,2026-08-25T21:23:56.829Z,STVN,Stevenson,7eb7a049-5d17-4a23-bb2f-3b9c445afd32,SAMMS-Stevenson
202608252121600496,202608251925576506,202608251925573776,85,4605,Bronze INV,br_ReAssessmentTreatment,TASK_COMPLETE,SUCCESS,INFO,174,174,0,,2026-08-25T19:26:03.177Z,2026-08-25T21:23:56.829Z,7073,2026-08-25T21:23:56.829Z,TE,Tempe,7eb7a049-5d17-4a23-bb2f-3b9c445afd32,SAMMS-Tempe
202608252121600497,202608251925576507,202608251925573776,85,4606,Bronze INV,br_ReAssessmentTreatment,TASK_COMPLETE,SUCCESS,INFO,0,0,0,,2026-08-25T19:26:03.177Z,2026-08-25T21:23:56.829Z,7073,2026-08-25T21:23:56.829Z,TEX,Texarkana,7eb7a049-5d17-4a23-bb2f-3b9c445afd32,SAMMS-Texarkana
202608252121600498,202608251925576508,202608251925573776,85,4607,Bronze INV,br_ReAssessmentTreatment,TASK_COMPLETE,SUCCESS,INFO,1057,1057,0,,2026-08-25T19:26:03.177Z,2026-08-25T21:23:56.829Z,7073,2026-08-25T21:23:56.829Z,TTCA,Bessemer,7eb7a049-5d17-4a23-bb2f-3b9c445afd32,SAMMS-BessemerV5
202608252121600500,202608251925576509,202608251925573776,85,4608,Bronze INV,br_ReAssessmentTreatment,TASK_COMPLETE,SUCCESS,INFO,1314,1314,0,,2026-08-25T19:26:03.177Z,2026-08-25T21:23:56.829Z,7073,2026-08-25T21:23:56.829Z,TTCB,Cullman,7eb7a049-5d17-4a23-bb2f-3b9c445afd32,SAMMS-CullmanV5
202608252121600501,202608251925576510,202608251925573776,85,4609,Bronze INV,br_ReAssessmentTreatment,TASK_COMPLETE,SUCCESS,INFO,931,931,0,,2026-08-25T19:26:03.177Z,2026-08-25T21:23:56.829Z,7073,2026-08-25T21:23:56.829Z,TTCC,Grand Bay,7eb7a049-5d17-4a23-bb2f-3b9c445afd32,SAMMS-GrandBay
202608252121600502,202608251925576511,202608251925573776,85,4610,Bronze INV,br_ReAssessmentTreatment,TASK_COMPLETE,SUCCESS,INFO,15,15,0,,2026-08-25T19:26:03.177Z,2026-08-25T21:23:56.829Z,7073,2026-08-25T21:23:56.829Z,TU,Tucson,7eb7a049-5d17-4a23-bb2f-3b9c445afd32,SAMMS-Tucson
202608252121600503,202608251925576512,202608251925573776,85,4612,Bronze INV,br_ReAssessmentTreatment,TASK_COMPLETE,SUCCESS,INFO,660,660,0,,2026-08-25T19:26:03.177Z,2026-08-25T21:23:56.829Z,7073,2026-08-25T21:23:56.829Z,V1,Memphis South,7eb7a049-5d17-4a23-bb2f-3b9c445afd32,SAMMS-VCPHCS-I-MemphisV5
202608252121600504,202608251925576513,202608251925573776,85,4613,Bronze INV,br_ReAssessmentTreatment,TASK_COMPLETE,SUCCESS,INFO,1626,1626,0,,2026-08-25T19:26:03.177Z,2026-08-25T21:23:56.829Z,7073,2026-08-25T21:23:56.829Z,V10,Longmont,7eb7a049-5d17-4a23-bb2f-3b9c445afd32,SAMMS-BoulderV5
202608252121600505,202608251925576514,202608251925573776,85,4614,Bronze INV,br_ReAssessmentTreatment,TASK_COMPLETE,SUCCESS,INFO,1508,1508,0,,2026-08-25T19:26:03.177Z,2026-08-25T21:23:56.829Z,7073,2026-08-25T21:23:56.829Z,V10A,Fort Collins,7eb7a049-5d17-4a23-bb2f-3b9c445afd32,SAMMS-FortCollinsV5
202608252121600507,202608251925576515,202608251925573776,85,4615,Bronze INV,br_ReAssessmentTreatment,TASK_COMPLETE,SUCCESS,INFO,2862,2862,0,,2026-08-25T19:26:03.177Z,2026-08-25T21:23:56.829Z,7073,2026-08-25T21:23:56.829Z,V11,Westminster,7eb7a049-5d17-4a23-bb2f-3b9c445afd32,SAMMS-VCPHCS-XI-NorthDenverV5
202608252121600508,202608251925576516,202608251925573776,85,4616,Bronze INV,br_ReAssessmentTreatment,TASK_COMPLETE,SUCCESS,INFO,2991,2991,0,,2026-08-25T19:26:03.177Z,2026-08-25T21:23:56.829Z,7073,2026-08-25T21:23:56.829Z,V12,Downtown Denver,7eb7a049-5d17-4a23-bb2f-3b9c445afd32,SAMMS-VCPHCS-XII-DowntownDenverV5
202608252121600509,202608251925576517,202608251925573776,85,4617,Bronze INV,br_ReAssessmentTreatment,TASK_COMPLETE,SUCCESS,INFO,1127,1127,0,,2026-08-25T19:26:03.177Z,2026-08-25T21:23:56.829Z,7073,2026-08-25T21:23:56.829Z,V12A,Centennial,7eb7a049-5d17-4a23-bb2f-3b9c445afd32,SAMMS-CentennialV5
202608252121600510,202608251925576518,202608251925573776,85,4618,Bronze INV,br_ReAssessmentTreatment,TASK_COMPLETE,SUCCESS,INFO,293,293,0,,2026-08-25T19:26:03.177Z,2026-08-25T21:23:56.829Z,7073,2026-08-25T21:23:56.829Z,V14,Overland Park,7eb7a049-5d17-4a23-bb2f-3b9c445afd32,SAMMS-VCPHCS-XIV-BridgewayV5
202608252121600511,202608251925576519,202608251925573776,85,4619,Bronze INV,br_ReAssessmentTreatment,TASK_COMPLETE,SUCCESS,INFO,608,608,0,,2026-08-25T19:26:03.177Z,2026-08-25T21:23:56.829Z,7073,2026-08-25T21:23:56.829Z,V15,Joplin,7eb7a049-5d17-4a23-bb2f-3b9c445afd32,SAMMS-JoplinV5
202608252121600513,202608251925576520,202608251925573776,85,4621,Bronze INV,br_ReAssessmentTreatment,TASK_COMPLETE,SUCCESS,INFO,902,902,0,,2026-08-25T19:26:03.177Z,2026-08-25T21:23:56.829Z,7073,2026-08-25T21:23:56.829Z,V17,Columbia TN,7eb7a049-5d17-4a23-bb2f-3b9c445afd32,SAMMS-ColumbiaTNv5
202608252121600514,202608251925576521,202608251925573776,85,4623,Bronze INV,br_ReAssessmentTreatment,TASK_COMPLETE,SUCCESS,INFO,527,527,0,,2026-08-25T19:26:03.177Z,2026-08-25T21:23:56.829Z,7073,2026-08-25T21:23:56.829Z,V19,Jackson,7eb7a049-5d17-4a23-bb2f-3b9c445afd32,SAMMS-JacksonV5
202608252121600515,202608251925576522,202608251925573776,85,4625,Bronze INV,br_ReAssessmentTreatment,TASK_COMPLETE,SUCCESS,INFO,1683,1683,0,,2026-08-25T19:26:03.177Z,2026-08-25T21:23:56.829Z,7073,2026-08-25T21:23:56.829Z,V20,Paris,7eb7a049-5d17-4a23-bb2f-3b9c445afd32,SAMMS-ParisV5
202608252121600516,202608251925576523,202608251925573776,85,4626,Bronze INV,br_ReAssessmentTreatment,TASK_COMPLETE,SUCCESS,INFO,723,723,0,,2026-08-25T19:26:03.177Z,2026-08-25T21:23:56.829Z,7073,2026-08-25T21:23:56.829Z,V21,Memphis North,7eb7a049-5d17-4a23-bb2f-3b9c445afd32,SAMMS-RaleighV5
202608252121600517,202608251925576524,202608251925573776,85,4629,Bronze INV,br_ReAssessmentTreatment,TASK_COMPLETE,SUCCESS,INFO,1765,1765,0,,2026-08-25T19:26:03.177Z,2026-08-25T21:23:56.829Z,7073,2026-08-25T21:23:56.829Z,V5,West Bank,7eb7a049-5d17-4a23-bb2f-3b9c445afd32,SAMMS-NONTCv5
202608252121600519,202608251925576525,202608251925573776,85,4631,Bronze INV,br_ReAssessmentTreatment,TASK_COMPLETE,SUCCESS,INFO,145,145,0,,2026-08-25T19:26:03.177Z,2026-08-25T21:23:56.829Z,7073,2026-08-25T21:23:56.829Z,V5B,Houma,7eb7a049-5d17-4a23-bb2f-3b9c445afd32,SAMMS-HoumaV6
202608252121600520,202608251925576526,202608251925573776,85,4632,Bronze INV,br_ReAssessmentTreatment,TASK_COMPLETE,SUCCESS,INFO,1905,1905,0,,2026-08-25T19:26:03.177Z,2026-08-25T21:23:56.829Z,7073,2026-08-25T21:23:56.829Z,V6,Lake Charles,7eb7a049-5d17-4a23-bb2f-3b9c445afd32,SAMMS-LCv5
202608252121600521,202608251925576527,202608251925573776,85,4634,Bronze INV,br_ReAssessmentTreatment,TASK_COMPLETE,SUCCESS,INFO,738,738,0,,2026-08-25T19:26:03.177Z,2026-08-25T21:23:56.829Z,7073,2026-08-25T21:23:56.829Z,V8,Memphis Midtown,7eb7a049-5d17-4a23-bb2f-3b9c445afd32,SAMMS-VCPHCS-VIII-MemphisV5
202608252121600522,202608251925576528,202608251925573776,85,4635,Bronze INV,br_ReAssessmentTreatment,TASK_COMPLETE,SUCCESS,INFO,1761,1761,0,,2026-08-25T19:26:03.177Z,2026-08-25T21:23:56.829Z,7073,2026-08-25T21:23:56.829Z,V9,Nashville,7eb7a049-5d17-4a23-bb2f-3b9c445afd32,SAMMS-NashvilleV5
202608252121600523,202608251925576529,202608251925573776,85,4636,Bronze INV,br_ReAssessmentTreatment,TASK_COMPLETE,SUCCESS,INFO,838,838,0,,2026-08-25T19:26:03.177Z,2026-08-25T21:23:56.829Z,7073,2026-08-25T21:23:56.829Z,VBRA,Brainerd,7eb7a049-5d17-4a23-bb2f-3b9c445afd32,SAMMS-BrainerdV6
202608252121600524,202608251925576530,202608251925573776,85,4637,Bronze INV,br_ReAssessmentTreatment,TASK_COMPLETE,SUCCESS,INFO,1952,1952,0,,2026-08-25T19:26:03.177Z,2026-08-25T21:23:56.829Z,7073,2026-08-25T21:23:56.829Z,VBRP,Brooklyn Park,7eb7a049-5d17-4a23-bb2f-3b9c445afd32,SAMMS-BrooklynParkV6
202608252121600526,202608251925576531,202608251925573776,85,4639,Bronze INV,br_ReAssessmentTreatment,TASK_COMPLETE,SUCCESS,INFO,740,740,0,,2026-08-25T19:26:03.177Z,2026-08-25T21:23:56.829Z,7073,2026-08-25T21:23:56.829Z,VMIN,Minneapolis,7eb7a049-5d17-4a23-bb2f-3b9c445afd32,SAMMS-MinneapolisV6
202608252121600527,202608251925576532,202608251925573776,85,4640,Bronze INV,br_ReAssessmentTreatment,TASK_COMPLETE,SUCCESS,INFO,873,873,0,,2026-08-25T19:26:03.177Z,2026-08-25T21:23:56.829Z,7073,2026-08-25T21:23:56.829Z,VWBY,Woodbury,7eb7a049-5d17-4a23-bb2f-3b9c445afd32,SAMMS-WoodburyV6
202608252121600528,202608251925576533,202608251925573776,85,4642,Bronze INV,br_ReAssessmentTreatment,TASK_COMPLETE,SUCCESS,INFO,161,161,0,,2026-08-25T19:26:03.177Z,2026-08-25T21:23:56.829Z,7073,2026-08-25T21:23:56.829Z,WIL,Wilson,7eb7a049-5d17-4a23-bb2f-3b9c445afd32,SAMMS-Wilson
202608252121600630,202608251925673793,202608251925673776,86,5736,Silver INV,sl_ReAssessmentTreatment,TASK_COMPLETE,SUCCESS,INFO,78203,78203,0,,2026-08-25T19:26:03.177Z,2026-08-25T21:23:56.829Z,7073,2026-08-25T21:23:56.829Z,,,7eb7a049-5d17-4a23-bb2f-3b9c445afd32,
202608262209459739,202608261955300791,202608261955298282,85,4431,Bronze INV,br_ReAssessmentSubstanceUse,TASK_COMPLETE,SUCCESS,INFO,2896,2896,0,,2026-08-26T19:55:35.047Z,2026-08-26T22:11:39.517Z,8164,2026-08-26T22:11:39.517Z,V11,Westminster,20846baf-2fe5-403c-85d4-31520e88a3ce,SAMMS-VCPHCS-XI-NorthDenverV5
202608262209459740,202608261955300792,202608261955298282,85,4432,Bronze INV,br_ReAssessmentSubstanceUse,TASK_COMPLETE,SUCCESS,INFO,3073,3073,0,,2026-08-26T19:55:35.047Z,2026-08-26T22:11:39.517Z,8164,2026-08-26T22:11:39.517Z,V12,Downtown Denver,20846baf-2fe5-403c-85d4-31520e88a3ce,SAMMS-VCPHCS-XII-DowntownDenverV5
202608262209459741,202608261955300793,202608261955298282,85,4433,Bronze INV,br_ReAssessmentSubstanceUse,TASK_COMPLETE,SUCCESS,INFO,1148,1148,0,,2026-08-26T19:55:35.047Z,2026-08-26T22:11:39.517Z,8164,2026-08-26T22:11:39.517Z,V12A,Centennial,20846baf-2fe5-403c-85d4-31520e88a3ce,SAMMS-CentennialV5
202608262209459742,202608261955300794,202608261955298282,85,4434,Bronze INV,br_ReAssessmentSubstanceUse,TASK_COMPLETE,SUCCESS,INFO,301,301,0,,2026-08-26T19:55:35.047Z,2026-08-26T22:11:39.517Z,8164,2026-08-26T22:11:39.517Z,V14,Overland Park,20846baf-2fe5-403c-85d4-31520e88a3ce,SAMMS-VCPHCS-XIV-BridgewayV5
202608262209459743,202608261955300795,202608261955298282,85,4435,Bronze INV,br_ReAssessmentSubstanceUse,TASK_COMPLETE,SUCCESS,INFO,611,611,0,,2026-08-26T19:55:35.047Z,2026-08-26T22:11:39.517Z,8164,2026-08-26T22:11:39.517Z,V15,Joplin,20846baf-2fe5-403c-85d4-31520e88a3ce,SAMMS-JoplinV5
202608262209459745,202608261955300796,202608261955298282,85,4437,Bronze INV,br_ReAssessmentSubstanceUse,TASK_COMPLETE,SUCCESS,INFO,918,918,0,,2026-08-26T19:55:35.047Z,2026-08-26T22:11:39.517Z,8164,2026-08-26T22:11:39.517Z,V17,Columbia TN,20846baf-2fe5-403c-85d4-31520e88a3ce,SAMMS-ColumbiaTNv5
202608262209459746,202608261955300797,202608261955298282,85,4439,Bronze INV,br_ReAssessmentSubstanceUse,TASK_COMPLETE,SUCCESS,INFO,544,544,0,,2026-08-26T19:55:35.047Z,2026-08-26T22:11:39.517Z,8164,2026-08-26T22:11:39.517Z,V19,Jackson,20846baf-2fe5-403c-85d4-31520e88a3ce,SAMMS-JacksonV5
202608262209459747,202608261955300798,202608261955298282,85,4441,Bronze INV,br_ReAssessmentSubstanceUse,TASK_COMPLETE,SUCCESS,INFO,1815,1815,0,,2026-08-26T19:55:35.047Z,2026-08-26T22:11:39.517Z,8164,2026-08-26T22:11:39.517Z,V20,Paris,20846baf-2fe5-403c-85d4-31520e88a3ce,SAMMS-ParisV5
202608262209459748,202608261955300799,202608261955298282,85,4442,Bronze INV,br_ReAssessmentSubstanceUse,TASK_COMPLETE,SUCCESS,INFO,732,732,0,,2026-08-26T19:55:35.047Z,2026-08-26T22:11:39.517Z,8164,2026-08-26T22:11:39.517Z,V21,Memphis North,20846baf-2fe5-403c-85d4-31520e88a3ce,SAMMS-RaleighV5
202608262209459749,202608261955300800,202608261955298282,85,4445,Bronze INV,br_ReAssessmentSubstanceUse,TASK_COMPLETE,SUCCESS,INFO,1817,1817,0,,2026-08-26T19:55:35.047Z,2026-08-26T22:11:39.517Z,8164,2026-08-26T22:11:39.517Z,V5,West Bank,20846baf-2fe5-403c-85d4-31520e88a3ce,SAMMS-NONTCv5
202608262209459750,202608261955300801,202608261955298282,85,4447,Bronze INV,br_ReAssessmentSubstanceUse,TASK_COMPLETE,SUCCESS,INFO,150,150,0,,2026-08-26T19:55:35.047Z,2026-08-26T22:11:39.517Z,8164,2026-08-26T22:11:39.517Z,V5B,Houma,20846baf-2fe5-403c-85d4-31520e88a3ce,SAMMS-HoumaV6
202608262209459751,202608261955300802,202608261955298282,85,4448,Bronze INV,br_ReAssessmentSubstanceUse,TASK_COMPLETE,SUCCESS,INFO,1929,1929,0,,2026-08-26T19:55:35.047Z,2026-08-26T22:11:39.517Z,8164,2026-08-26T22:11:39.517Z,V6,Lake Charles,20846baf-2fe5-403c-85d4-31520e88a3ce,SAMMS-LCv5
202608262209459753,202608261955300803,202608261955298282,85,4450,Bronze INV,br_ReAssessmentSubstanceUse,TASK_COMPLETE,SUCCESS,INFO,748,748,0,,2026-08-26T19:55:35.047Z,2026-08-26T22:11:39.517Z,8164,2026-08-26T22:11:39.517Z,V8,Memphis Midtown,20846baf-2fe5-403c-85d4-31520e88a3ce,SAMMS-VCPHCS-VIII-MemphisV5
202608262209459754,202608261955300804,202608261955298282,85,4451,Bronze INV,br_ReAssessmentSubstanceUse,TASK_COMPLETE,SUCCESS,INFO,1785,1785,0,,2026-08-26T19:55:35.047Z,2026-08-26T22:11:39.517Z,8164,2026-08-26T22:11:39.517Z,V9,Nashville,20846baf-2fe5-403c-85d4-31520e88a3ce,SAMMS-NashvilleV5
202608262209459755,202608261955300805,202608261955298282,85,4452,Bronze INV,br_ReAssessmentSubstanceUse,TASK_COMPLETE,SUCCESS,INFO,854,854,0,,2026-08-26T19:55:35.047Z,2026-08-26T22:11:39.517Z,8164,2026-08-26T22:11:39.517Z,VBRA,Brainerd,20846baf-2fe5-403c-85d4-31520e88a3ce,SAMMS-BrainerdV6
202608262209459756,202608261955300806,202608261955298282,85,4453,Bronze INV,br_ReAssessmentSubstanceUse,TASK_COMPLETE,SUCCESS,INFO,1988,1988,0,,2026-08-26T19:55:35.047Z,2026-08-26T22:11:39.517Z,8164,2026-08-26T22:11:39.517Z,VBRP,Brooklyn Park,20846baf-2fe5-403c-85d4-31520e88a3ce,SAMMS-BrooklynParkV6
202608262209459757,202608261955300807,202608261955298282,85,4455,Bronze INV,br_ReAssessmentSubstanceUse,TASK_COMPLETE,SUCCESS,INFO,764,764,0,,2026-08-26T19:55:35.047Z,2026-08-26T22:11:39.517Z,8164,2026-08-26T22:11:39.517Z,VMIN,Minneapolis,20846baf-2fe5-403c-85d4-31520e88a3ce,SAMMS-MinneapolisV6
202608262209459758,202608261955300808,202608261955298282,85,4456,Bronze INV,br_ReAssessmentSubstanceUse,TASK_COMPLETE,SUCCESS,INFO,920,920,0,,2026-08-26T19:55:35.047Z,2026-08-26T22:11:39.517Z,8164,2026-08-26T22:11:39.517Z,VWBY,Woodbury,20846baf-2fe5-403c-85d4-31520e88a3ce,SAMMS-WoodburyV6
202608262209459760,202608261955300809,202608261955298282,85,4458,Bronze INV,br_ReAssessmentSubstanceUse,TASK_COMPLETE,SUCCESS,INFO,162,162,0,,2026-08-26T19:55:35.047Z,2026-08-26T22:11:39.517Z,8164,2026-08-26T22:11:39.517Z,WIL,Wilson,20846baf-2fe5-403c-85d4-31520e88a3ce,SAMMS-Wilson
202608262209459861,202608261955398298,202608261955398282,86,5735,Silver INV,sl_ReAssessmentSubstanceUse,TASK_COMPLETE,SUCCESS,INFO,79713,79713,0,,2026-08-26T19:55:35.047Z,2026-08-26T22:11:39.517Z,8164,2026-08-26T22:11:39.517Z,,,20846baf-2fe5-403c-85d4-31520e88a3ce,
202608262209459785,202608261955300925,202608261955298282,85,4462,Bronze INV,br_ReAssessmentTreatment,TASK_COMPLETE,SUCCESS,INFO,35,35,0,,2026-08-26T19:55:35.047Z,2026-08-26T22:11:39.517Z,8164,2026-08-26T22:11:39.517Z,AHK,Ahoskie,20846baf-2fe5-403c-85d4-31520e88a3ce,SAMMS-Ahoskie
202608262209459787,202608261955300926,202608261955298282,85,4463,Bronze INV,br_ReAssessmentTreatment,TASK_COMPLETE,SUCCESS,INFO,662,662,0,,2026-08-26T19:55:35.047Z,2026-08-26T22:11:39.517Z,8164,2026-08-26T22:11:39.517Z,B12B,Colorado Springs,20846baf-2fe5-403c-85d4-31520e88a3ce,SAMMS-ColoradoSpringsV5
202608262209459788,202608261955300927,202608261955298282,85,4464,Bronze INV,br_ReAssessmentTreatment,TASK_COMPLETE,SUCCESS,INFO,828,828,0,,2026-08-26T19:55:35.047Z,2026-08-26T22:11:39.517Z,8164,2026-08-26T22:11:39.517Z,B24,Paintsville,20846baf-2fe5-403c-85d4-31520e88a3ce,SAMMS-PaintsvilleV5
202608262209459789,202608261955300928,202608261955298282,85,4465,Bronze INV,br_ReAssessmentTreatment,TASK_COMPLETE,SUCCESS,INFO,646,646,0,,2026-08-26T19:55:35.047Z,2026-08-26T22:11:39.517Z,8164,2026-08-26T22:11:39.517Z,B25,Pikeville,20846baf-2fe5-403c-85d4-31520e88a3ce,SAMMS-PikevilleV5
202608262209459790,202608261955300929,202608261955298282,85,4466,Bronze INV,br_ReAssessmentTreatment,TASK_COMPLETE,SUCCESS,INFO,973,973,0,,2026-08-26T19:55:35.047Z,2026-08-26T22:11:39.517Z,8164,2026-08-26T22:11:39.517Z,B26,Hazard,20846baf-2fe5-403c-85d4-31520e88a3ce,SAMMS-HazardV5
202608262209459791,202608261955300930,202608261955298282,85,4467,Bronze INV,br_ReAssessmentTreatment,TASK_COMPLETE,SUCCESS,INFO,532,532,0,,2026-08-26T19:55:35.047Z,2026-08-26T22:11:39.517Z,8164,2026-08-26T22:11:39.517Z,B27,Savannah,20846baf-2fe5-403c-85d4-31520e88a3ce,SAMMS-SavannahV6
202608262209459792,202608261955300931,202608261955298282,85,4468,Bronze INV,br_ReAssessmentTreatment,TASK_COMPLETE,SUCCESS,INFO,247,247,0,,2026-08-26T19:55:35.047Z,2026-08-26T22:11:39.517Z,8164,2026-08-26T22:11:39.517Z,B28,West Plains,20846baf-2fe5-403c-85d4-31520e88a3ce,SAMMS-WestPlainesV5
202608262209459793,202608261955300932,202608261955298282,85,4469,Bronze INV,br_ReAssessmentTreatment,TASK_COMPLETE,SUCCESS,INFO,460,460,0,,2026-08-26T19:55:35.047Z,2026-08-26T22:11:39.517Z,8164,2026-08-26T22:11:39.517Z,B29,Poplar Bluff,20846baf-2fe5-403c-85d4-31520e88a3ce,SAMMS-PoplarBluffV5
202608262209459795,202608261955300933,202608261955298282,85,4470,Bronze INV,br_ReAssessmentTreatment,TASK_COMPLETE,SUCCESS,INFO,78,78,0,,2026-08-26T19:55:35.047Z,2026-08-26T22:11:39.517Z,8164,2026-08-26T22:11:39.517Z,B30,KC North,20846baf-2fe5-403c-85d4-31520e88a3ce,SAMMS-KCNv5
202608262209459796,202608261955300934,202608261955298282,85,4471,Bronze INV,br_ReAssessmentTreatment,TASK_COMPLETE,SUCCESS,INFO,400,400,0,,2026-08-26T19:55:35.047Z,2026-08-26T22:11:39.517Z,8164,2026-08-26T22:11:39.517Z,B31,Dyersburg,20846baf-2fe5-403c-85d4-31520e88a3ce,SAMMS-DyersburgV5
202608262209459797,202608261955300935,202608261955298282,85,4473,Bronze INV,br_ReAssessmentTreatment,TASK_COMPLETE,SUCCESS,INFO,488,488,0,,2026-08-26T19:55:35.047Z,2026-08-26T22:11:39.517Z,8164,2026-08-26T22:11:39.517Z,B33,Paducah,20846baf-2fe5-403c-85d4-31520e88a3ce,SAMMS-Paducah
202608262209459798,202608261955300936,202608261955298282,85,4474,Bronze INV,br_ReAssessmentTreatment,TASK_COMPLETE,SUCCESS,INFO,382,382,0,,2026-08-26T19:55:35.047Z,2026-08-26T22:11:39.517Z,8164,2026-08-26T22:11:39.517Z,B34,Corbin,20846baf-2fe5-403c-85d4-31520e88a3ce,SAMMS-CorbinV5
202608262209459799,202608261955300937,202608261955298282,85,4475,Bronze INV,br_ReAssessmentTreatment,TASK_COMPLETE,SUCCESS,INFO,239,239,0,,2026-08-26T19:55:35.047Z,2026-08-26T22:11:39.517Z,8164,2026-08-26T22:11:39.517Z,B35,Lexington,20846baf-2fe5-403c-85d4-31520e88a3ce,SAMMS-LexingtonV5
202608262209459800,202608261955300938,202608261955298282,85,4476,Bronze INV,br_ReAssessmentTreatment,TASK_COMPLETE,SUCCESS,INFO,77,77,0,,2026-08-26T19:55:35.047Z,2026-08-26T22:11:39.517Z,8164,2026-08-26T22:11:39.517Z,B35A,Berea,20846baf-2fe5-403c-85d4-31520e88a3ce,SAMMS-BereaV5
202608262209459802,202608261955300939,202608261955298282,85,4477,Bronze INV,br_ReAssessmentTreatment,TASK_COMPLETE,SUCCESS,INFO,21,21,0,,2026-08-26T19:55:35.047Z,2026-08-26T22:11:39.517Z,8164,2026-08-26T22:11:39.517Z,B36,Asheville,20846baf-2fe5-403c-85d4-31520e88a3ce,SAMMS-AshevilleV5
202608262209459803,202608261955300940,202608261955298282,85,4478,Bronze INV,br_ReAssessmentTreatment,TASK_COMPLETE,SUCCESS,INFO,1,1,0,,2026-08-26T19:55:35.047Z,2026-08-26T22:11:39.517Z,8164,2026-08-26T22:11:39.517Z,B37,Clyde,20846baf-2fe5-403c-85d4-31520e88a3ce,SAMMS-ClydeV5
202608262209459804,202608261955300941,202608261955298282,85,4479,Bronze INV,br_ReAssessmentTreatment,TASK_COMPLETE,SUCCESS,INFO,1185,1185,0,,2026-08-26T19:55:35.047Z,2026-08-26T22:11:39.517Z,8164,2026-08-26T22:11:39.517Z,B38,Spartanburg,20846baf-2fe5-403c-85d4-31520e88a3ce,SAMMS-SpartanburgV5
202608262209459805,202608261955300942,202608261955298282,85,4480,Bronze INV,br_ReAssessmentTreatment,TASK_COMPLETE,SUCCESS,INFO,361,361,0,,2026-08-26T19:55:35.047Z,2026-08-26T22:11:39.517Z,8164,2026-08-26T22:11:39.517Z,B39,Aiken,20846baf-2fe5-403c-85d4-31520e88a3ce,SAMMS-AikenV5
202608262209459806,202608261955300943,202608261955298282,85,4481,Bronze INV,br_ReAssessmentTreatment,TASK_COMPLETE,SUCCESS,INFO,1886,1886,0,,2026-08-26T19:55:35.047Z,2026-08-26T22:11:39.517Z,8164,2026-08-26T22:11:39.517Z,B41,Chesapeake,20846baf-2fe5-403c-85d4-31520e88a3ce,SAMMS-ChesapeakeV5
202608262209459807,202608261955300944,202608261955298282,85,4482,Bronze INV,br_ReAssessmentTreatment,TASK_COMPLETE,SUCCESS,INFO,1911,1911,0,,2026-08-26T19:55:35.047Z,2026-08-26T22:11:39.517Z,8164,2026-08-26T22:11:39.517Z,B42,Virginia Beach,20846baf-2fe5-403c-85d4-31520e88a3ce,SAMMS-VirginiaBeachV5
202608262209459808,202608261955300945,202608261955298282,85,4483,Bronze INV,br_ReAssessmentTreatment,TASK_COMPLETE,SUCCESS,INFO,925,925,0,,2026-08-26T19:55:35.047Z,2026-08-26T22:11:39.517Z,8164,2026-08-26T22:11:39.517Z,B42A,Newport News,20846baf-2fe5-403c-85d4-31520e88a3ce,SAMMS-NewportNewsV5
202608262209459810,202608261955300946,202608261955298282,85,4484,Bronze INV,br_ReAssessmentTreatment,TASK_COMPLETE,SUCCESS,INFO,507,507,0,,2026-08-26T19:55:35.047Z,2026-08-26T22:11:39.517Z,8164,2026-08-26T22:11:39.517Z,B42B,Franklin,20846baf-2fe5-403c-85d4-31520e88a3ce,SAMMS-FranklinV5
202608262209459811,202608261955300947,202608261955298282,85,4485,Bronze INV,br_ReAssessmentTreatment,TASK_COMPLETE,SUCCESS,INFO,340,340,0,,2026-08-26T19:55:35.047Z,2026-08-26T22:11:39.517Z,8164,2026-08-26T22:11:39.517Z,B42C,Glen Allen,20846baf-2fe5-403c-85d4-31520e88a3ce,SAMMS-GlenAllenV5
202608262209459812,202608261955300948,202608261955298282,85,4486,Bronze INV,br_ReAssessmentTreatment,TASK_COMPLETE,SUCCESS,INFO,1481,1481,0,,2026-08-26T19:55:35.047Z,2026-08-26T22:11:39.517Z,8164,2026-08-26T22:11:39.517Z,B42D,Chesapeake South,20846baf-2fe5-403c-85d4-31520e88a3ce,SAMMS-ChesapeakeSouthV5
202608262209459813,202608261955300949,202608261955298282,85,4487,Bronze INV,br_ReAssessmentTreatment,TASK_COMPLETE,SUCCESS,INFO,633,633,0,,2026-08-26T19:55:35.047Z,2026-08-26T22:11:39.517Z,8164,2026-08-26T22:11:39.517Z,B44,Albany,20846baf-2fe5-403c-85d4-31520e88a3ce,SAMMS-AlbanyV5
202608262209459814,202608261955300950,202608261955298282,85,4488,Bronze INV,br_ReAssessmentTreatment,TASK_COMPLETE,SUCCESS,INFO,1269,1269,0,,2026-08-26T19:55:35.047Z,2026-08-26T22:11:39.517Z,8164,2026-08-26T22:11:39.517Z,B45,Tifton,20846baf-2fe5-403c-85d4-31520e88a3ce,SAMMS-TiftonV5
202608262209459815,202608261955300951,202608261955298282,85,4489,Bronze INV,br_ReAssessmentTreatment,TASK_COMPLETE,SUCCESS,INFO,591,591,0,,2026-08-26T19:55:35.047Z,2026-08-26T22:11:39.517Z,8164,2026-08-26T22:11:39.517Z,B46,Washington DC,20846baf-2fe5-403c-85d4-31520e88a3ce,SAMMS-WashingtonDCv5
202608262209459817,202608261955300952,202608261955298282,85,4490,Bronze INV,br_ReAssessmentTreatment,TASK_COMPLETE,SUCCESS,INFO,1524,1524,0,,2026-08-26T19:55:35.047Z,2026-08-26T22:11:39.517Z,8164,2026-08-26T22:11:39.517Z,B47,Mobile,20846baf-2fe5-403c-85d4-31520e88a3ce,SAMMS-MobileV5
202608262209459818,202608261955300953,202608261955298282,85,4491,Bronze INV,br_ReAssessmentTreatment,TASK_COMPLETE,SUCCESS,INFO,1295,1295,0,,2026-08-26T19:55:35.047Z,2026-08-26T22:11:39.517Z,8164,2026-08-26T22:11:39.517Z,B48,Tuscaloosa,20846baf-2fe5-403c-85d4-31520e88a3ce,SAMMS-TuscaloosaV5
202608262209459819,202608261955300954,202608261955298282,85,4500,Bronze INV,br_ReAssessmentTreatment,TASK_COMPLETE,SUCCESS,INFO,2,2,0,,2026-08-26T19:55:35.047Z,2026-08-26T22:11:39.517Z,8164,2026-08-26T22:11:39.517Z,B51,N. Little Rock (OTP),20846baf-2fe5-403c-85d4-31520e88a3ce,SAMMS-NorthLittleRockV6
202608262209459820,202608261955300955,202608261955298282,85,4501,Bronze INV,br_ReAssessmentTreatment,TASK_COMPLETE,SUCCESS,INFO,451,451,0,,2026-08-26T19:55:35.047Z,2026-08-26T22:11:39.517Z,8164,2026-08-26T22:11:39.517Z,B52,Jackson GA,20846baf-2fe5-403c-85d4-31520e88a3ce,SAMMS-JacksonGAV5
202608262209459821,202608261955300956,202608261955298282,85,4502,Bronze INV,br_ReAssessmentTreatment,TASK_COMPLETE,SUCCESS,INFO,1700,1700,0,,2026-08-26T19:55:35.047Z,2026-08-26T22:11:39.517Z,8164,2026-08-26T22:11:39.517Z,B54,Gadsden,20846baf-2fe5-403c-85d4-31520e88a3ce,SAMMS-GadsdenV5
202608262209459822,202608261955300957,202608261955298282,85,4503,Bronze INV,br_ReAssessmentTreatment,TASK_COMPLETE,SUCCESS,INFO,941,941,0,,2026-08-26T19:55:35.047Z,2026-08-26T22:11:39.517Z,8164,2026-08-26T22:11:39.517Z,B55,Shoals,20846baf-2fe5-403c-85d4-31520e88a3ce,SAMMS-ShoalsV5
202608262209459823,202608261955300958,202608261955298282,85,4504,Bronze INV,br_ReAssessmentTreatment,TASK_COMPLETE,SUCCESS,INFO,294,294,0,,2026-08-26T19:55:35.047Z,2026-08-26T22:11:39.517Z,8164,2026-08-26T22:11:39.517Z,B57,Pawtucket,20846baf-2fe5-403c-85d4-31520e88a3ce,SAMMS-Pawtucket
202608262209459825,202608261955300959,202608261955298282,85,4505,Bronze INV,br_ReAssessmentTreatment,TASK_COMPLETE,SUCCESS,INFO,553,553,0,,2026-08-26T19:55:35.047Z,2026-08-26T22:11:39.517Z,8164,2026-08-26T22:11:39.517Z,B57A,Johnston,20846baf-2fe5-403c-85d4-31520e88a3ce,SAMMS-Johnston
202608262209459826,202608261955300960,202608261955298282,85,4506,Bronze INV,br_ReAssessmentTreatment,TASK_COMPLETE,SUCCESS,INFO,167,167,0,,2026-08-26T19:55:35.047Z,2026-08-26T22:11:39.517Z,8164,2026-08-26T22:11:39.517Z,B57B,Middletown,20846baf-2fe5-403c-85d4-31520e88a3ce,SAMMS-Middletown
202608262209459827,202608261955300961,202608261955298282,85,4507,Bronze INV,br_ReAssessmentTreatment,TASK_COMPLETE,SUCCESS,INFO,411,411,0,,2026-08-26T19:55:35.047Z,2026-08-26T22:11:39.517Z,8164,2026-08-26T22:11:39.517Z,B57C,Providence,20846baf-2fe5-403c-85d4-31520e88a3ce,SAMMS-Providence
202608262209459828,202608261955300962,202608261955298282,85,4508,Bronze INV,br_ReAssessmentTreatment,TASK_COMPLETE,SUCCESS,INFO,622,622,0,,2026-08-26T19:55:35.047Z,2026-08-26T22:11:39.517Z,8164,2026-08-26T22:11:39.517Z,B57D,Westerly,20846baf-2fe5-403c-85d4-31520e88a3ce,SAMMS-Westerly
202608262209459829,202608261955300963,202608261955298282,85,4512,Bronze INV,br_ReAssessmentTreatment,TASK_COMPLETE,SUCCESS,INFO,4,4,0,,2026-08-26T19:55:35.047Z,2026-08-26T22:11:39.517Z,8164,2026-08-26T22:11:39.517Z,B66A,Bremen,20846baf-2fe5-403c-85d4-31520e88a3ce,SAMMS-Bremen
202608262209459830,202608261955300964,202608261955298282,85,4515,Bronze INV,br_ReAssessmentTreatment,TASK_COMPLETE,SUCCESS,INFO,0,0,0,,2026-08-26T19:55:35.047Z,2026-08-26T22:11:39.517Z,8164,2026-08-26T22:11:39.517Z,B72,Mobile (OBOT),20846baf-2fe5-403c-85d4-31520e88a3ce,SAMMS-Mobile-OBOT
202608262209459831,202608261955300965,202608261955298282,85,4516,Bronze INV,br_ReAssessmentTreatment,TASK_COMPLETE,SUCCESS,INFO,0,0,0,,2026-08-26T19:55:35.047Z,2026-08-26T22:11:39.517Z,8164,2026-08-26T22:11:39.517Z,B73,Montgomery,20846baf-2fe5-403c-85d4-31520e88a3ce,SAMMS-Montgomery
202608262209459833,202608261955300966,202608261955298282,85,4517,Bronze INV,br_ReAssessmentTreatment,TASK_COMPLETE,SUCCESS,INFO,516,516,0,,2026-08-26T19:55:35.047Z,2026-08-26T22:11:39.517Z,8164,2026-08-26T22:11:39.517Z,B75,Lawrence,20846baf-2fe5-403c-85d4-31520e88a3ce,SAMMS-LawrenceV6
202608262209459834,202608261955300967,202608261955298282,85,4518,Bronze INV,br_ReAssessmentTreatment,TASK_COMPLETE,SUCCESS,INFO,0,0,0,,2026-08-26T19:55:35.047Z,2026-08-26T22:11:39.517Z,8164,2026-08-26T22:11:39.517Z,B76,Huntsville OBOT,20846baf-2fe5-403c-85d4-31520e88a3ce,SAMMS-Huntsville-OBOT
202608262209459835,202608261955300968,202608261955298282,85,4519,Bronze INV,br_ReAssessmentTreatment,TASK_COMPLETE,SUCCESS,INFO,0,0,0,,2026-08-26T19:55:35.047Z,2026-08-26T22:11:39.517Z,8164,2026-08-26T22:11:39.517Z,BAT,Batesville,20846baf-2fe5-403c-85d4-31520e88a3ce,SAMMS-Batesville
202608262209459836,202608261955300969,202608261955298282,85,4520,Bronze INV,br_ReAssessmentTreatment,TASK_COMPLETE,SUCCESS,INFO,463,463,0,,2026-08-26T19:55:35.047Z,2026-08-26T22:11:39.517Z,8164,2026-08-26T22:11:39.517Z,BG,Bowling Green,20846baf-2fe5-403c-85d4-31520e88a3ce,SAMMS-BowlingGreen
202608262209459837,202608261955300970,202608261955298282,85,4521,Bronze INV,br_ReAssessmentTreatment,TASK_COMPLETE,SUCCESS,INFO,181,181,0,,2026-08-26T19:55:35.047Z,2026-08-26T22:11:39.517Z,8164,2026-08-26T22:11:39.517Z,BOI,Boise,20846baf-2fe5-403c-85d4-31520e88a3ce,SAMMS-Boise
202608262209459838,202608261955300971,202608261955298282,85,4528,Bronze INV,br_ReAssessmentTreatment,TASK_COMPLETE,SUCCESS,INFO,48,48,0,,2026-08-26T19:55:35.047Z,2026-08-26T22:11:39.517Z,8164,2026-08-26T22:11:39.517Z,CBCO,Coeur dAlene,20846baf-2fe5-403c-85d4-31520e88a3ce,SAMMS-CoeurdAleneV6
202608262209459839,202608261955300972,202608261955298282,85,4547,Bronze INV,br_ReAssessmentTreatment,TASK_COMPLETE,SUCCESS,INFO,0,0,0,,2026-08-26T19:55:35.047Z,2026-08-26T22:11:39.517Z,8164,2026-08-26T22:11:39.517Z,CON,Conway,20846baf-2fe5-403c-85d4-31520e88a3ce,SAMMS-Conway
202608262209459841,202608261955300973,202608261955298282,85,4548,Bronze INV,br_ReAssessmentTreatment,TASK_COMPLETE,SUCCESS,INFO,2557,2557,0,,2026-08-26T19:55:35.047Z,2026-08-26T22:11:39.517Z,8164,2026-08-26T22:11:39.517Z,D07,Medical Services Knox TN,20846baf-2fe5-403c-85d4-31520e88a3ce,SAMMS-KnoxvilleV6
202608262209459842,202608261955300974,202608261955298282,85,4549,Bronze INV,br_ReAssessmentTreatment,TASK_COMPLETE,SUCCESS,INFO,111,111,0,,2026-08-26T19:55:35.047Z,2026-08-26T22:11:39.517Z,8164,2026-08-26T22:11:39.517Z,D08,Madison,20846baf-2fe5-403c-85d4-31520e88a3ce,SAMMS-MadisonV6
202608262209459843,202608261955300975,202608261955298282,85,4551,Bronze INV,br_ReAssessmentTreatment,TASK_COMPLETE,SUCCESS,INFO,104,104,0,,2026-08-26T19:55:35.047Z,2026-08-26T22:11:39.517Z,8164,2026-08-26T22:11:39.517Z,D09,Murfreesboro,20846baf-2fe5-403c-85d4-31520e88a3ce,SAMMS-MurfreesboroV6
202608262209459844,202608261955300976,202608261955298282,85,4552,Bronze INV,br_ReAssessmentTreatment,TASK_COMPLETE,SUCCESS,INFO,335,335,0,,2026-08-26T19:55:35.047Z,2026-08-26T22:11:39.517Z,8164,2026-08-26T22:11:39.517Z,DA,Davenport,20846baf-2fe5-403c-85d4-31520e88a3ce,SAMMS-Davenport
202608262209459845,202608261955300977,202608261955298282,85,4553,Bronze INV,br_ReAssessmentTreatment,TASK_COMPLETE,SUCCESS,INFO,286,286,0,,2026-08-26T19:55:35.047Z,2026-08-26T22:11:39.517Z,8164,2026-08-26T22:11:39.517Z,DM,Des Moines,20846baf-2fe5-403c-85d4-31520e88a3ce,SAMMS-DesMoines
202608262209459846,202608261955300978,202608261955298282,85,4555,Bronze INV,br_ReAssessmentTreatment,TASK_COMPLETE,SUCCESS,INFO,526,526,0,,2026-08-26T19:55:35.047Z,2026-08-26T22:11:39.517Z,8164,2026-08-26T22:11:39.517Z,DRD-CO,Columbia MO,20846baf-2fe5-403c-85d4-31520e88a3ce,SAMMS-ColumbiaV5
202608262209459848,202608261955300979,202608261955298282,85,4556,Bronze INV,br_ReAssessmentTreatment,TASK_COMPLETE,SUCCESS,INFO,342,342,0,,2026-08-26T19:55:35.047Z,2026-08-26T22:11:39.517Z,8164,2026-08-26T22:11:39.517Z,DRD-KC,KC,20846baf-2fe5-403c-85d4-31520e88a3ce,SAMMS-KCv5
202608262209459849,202608261955300980,202608261955298282,85,4557,Bronze INV,br_ReAssessmentTreatment,TASK_COMPLETE,SUCCESS,INFO,1545,1545,0,,2026-08-26T19:55:35.047Z,2026-08-26T22:11:39.517Z,8164,2026-08-26T22:11:39.517Z,DRD-KVB,KVB,20846baf-2fe5-403c-85d4-31520e88a3ce,SAMMS-KVBv5
202608262209459850,202608261955300981,202608261955298282,85,4558,Bronze INV,br_ReAssessmentTreatment,TASK_COMPLETE,SUCCESS,INFO,1672,1672,0,,2026-08-26T19:55:35.047Z,2026-08-26T22:11:39.517Z,8164,2026-08-26T22:11:39.517Z,DRD-KVC,KVC,20846baf-2fe5-403c-85d4-31520e88a3ce,SAMMS-KVCv5
202608262209459851,202608261955300982,202608261955298282,85,4559,Bronze INV,br_ReAssessmentTreatment,TASK_COMPLETE,SUCCESS,INFO,3195,3195,0,,2026-08-26T19:55:35.047Z,2026-08-26T22:11:39.517Z,8164,2026-08-26T22:11:39.517Z,DRD-NOLA,NOLA,20846baf-2fe5-403c-85d4-31520e88a3ce,SAMMS-NOLAv5
202608262209459852,202608261955300983,202608261955298282,85,4560,Bronze INV,br_ReAssessmentTreatment,TASK_COMPLETE,SUCCESS,INFO,797,797,0,,2026-08-26T19:55:35.047Z,2026-08-26T22:11:39.517Z,8164,2026-08-26T22:11:39.517Z,DRD-SF,Springfield,20846baf-2fe5-403c-85d4-31520e88a3ce,SAMMS-SFv5
202608262209459853,202608261955300984,202608261955298282,85,4562,Bronze INV,br_ReAssessmentTreatment,TASK_COMPLETE,SUCCESS,INFO,260,260,0,,2026-08-26T19:55:35.047Z,2026-08-26T22:11:39.517Z,8164,2026-08-26T22:11:39.517Z,ELC,Elizabeth City,20846baf-2fe5-403c-85d4-31520e88a3ce,SAMMS-ElizabethCity
202608262209459854,202608261955300985,202608261955298282,85,4563,Bronze INV,br_ReAssessmentTreatment,TASK_COMPLETE,SUCCESS,INFO,127,127,0,,2026-08-26T19:55:35.047Z,2026-08-26T22:11:39.517Z,8164,2026-08-26T22:11:39.517Z,ET,Elizabethtown,20846baf-2fe5-403c-85d4-31520e88a3ce,SAMMS-Elizabethtown
202608262209459856,202608261955300986,202608261955298282,85,4564,Bronze INV,br_ReAssessmentTreatment,TASK_COMPLETE,SUCCESS,INFO,0,0,0,,2026-08-26T19:55:35.047Z,2026-08-26T22:11:39.517Z,8164,2026-08-26T22:11:39.517Z,FAY,Fayetteville,20846baf-2fe5-403c-85d4-31520e88a3ce,SAMMS-Fayetteville
202608262209459857,202608261955300987,202608261955298282,85,4565,Bronze INV,br_ReAssessmentTreatment,TASK_COMPLETE,SUCCESS,INFO,156,156,0,,2026-08-26T19:55:35.047Z,2026-08-26T22:11:39.517Z,8164,2026-08-26T22:11:39.517Z,FR,Frankfort,20846baf-2fe5-403c-85d4-31520e88a3ce,SAMMS-Frankfort
202608262209459858,202608261955300988,202608261955298282,85,4566,Bronze INV,br_ReAssessmentTreatment,TASK_COMPLETE,SUCCESS,INFO,0,0,0,,2026-08-26T19:55:35.047Z,2026-08-26T22:11:39.517Z,8164,2026-08-26T22:11:39.517Z,FS,Fort Smith,20846baf-2fe5-403c-85d4-31520e88a3ce,SAMMS-FortSmith
202608262209459859,202608261955300989,202608261955298282,85,4567,Bronze INV,br_ReAssessmentTreatment,TASK_COMPLETE,SUCCESS,INFO,466,466,0,,2026-08-26T19:55:35.047Z,2026-08-26T22:11:39.517Z,8164,2026-08-26T22:11:39.517Z,FW,Fort Wayne,20846baf-2fe5-403c-85d4-31520e88a3ce,SAMMS-FortWayne
202608262209459860,202608261955300990,202608261955298282,85,4568,Bronze INV,br_ReAssessmentTreatment,TASK_COMPLETE,SUCCESS,INFO,271,271,0,,2026-08-26T19:55:35.047Z,2026-08-26T22:11:39.517Z,8164,2026-08-26T22:11:39.517Z,GAL,Gaylord,20846baf-2fe5-403c-85d4-31520e88a3ce,SAMMS-Gaylord
202608262209459861,202608261955300991,202608261955298282,85,4572,Bronze INV,br_ReAssessmentTreatment,TASK_COMPLETE,SUCCESS,INFO,99,99,0,,2026-08-26T19:55:35.047Z,2026-08-26T22:11:39.517Z,8164,2026-08-26T22:11:39.517Z,HGT,Hagerstown,20846baf-2fe5-403c-85d4-31520e88a3ce,SAMMS-Hagerstown
202608262209459862,202608261955300992,202608261955298282,85,4573,Bronze INV,br_ReAssessmentTreatment,TASK_COMPLETE,SUCCESS,INFO,1717,1717,0,,2026-08-26T19:55:35.047Z,2026-08-26T22:11:39.517Z,8164,2026-08-26T22:11:39.517Z,HNT,Huntsville,20846baf-2fe5-403c-85d4-31520e88a3ce,SAMMS-Huntsville
202608262209459864,202608261955300993,202608261955298282,85,4574,Bronze INV,br_ReAssessmentTreatment,TASK_COMPLETE,SUCCESS,INFO,0,0,0,,2026-08-26T19:55:35.047Z,2026-08-26T22:11:39.517Z,8164,2026-08-26T22:11:39.517Z,HS,Hot Springs,20846baf-2fe5-403c-85d4-31520e88a3ce,SAMMS-HotSprings
202608262209459865,202608261955300994,202608261955298282,85,4575,Bronze INV,br_ReAssessmentTreatment,TASK_COMPLETE,SUCCESS,INFO,0,0,0,,2026-08-26T19:55:35.047Z,2026-08-26T22:11:39.517Z,8164,2026-08-26T22:11:39.517Z,JON,Jonesboro,20846baf-2fe5-403c-85d4-31520e88a3ce,SAMMS-Jonesboro
202608262209459866,202608261955300995,202608261955298282,85,4577,Bronze INV,br_ReAssessmentTreatment,TASK_COMPLETE,SUCCESS,INFO,444,444,0,,2026-08-26T19:55:35.047Z,2026-08-26T22:11:39.517Z,8164,2026-08-26T22:11:39.517Z,LAN,Lansing,20846baf-2fe5-403c-85d4-31520e88a3ce,SAMMS-Lansing
202608262209459867,202608261955300996,202608261955298282,85,4578,Bronze INV,br_ReAssessmentTreatment,TASK_COMPLETE,SUCCESS,INFO,1288,1288,0,,2026-08-26T19:55:35.047Z,2026-08-26T22:11:39.517Z,8164,2026-08-26T22:11:39.517Z,LO,Louisville,20846baf-2fe5-403c-85d4-31520e88a3ce,SAMMS-Louisville
202608262209459868,202608261955300997,202608261955298282,85,4579,Bronze INV,br_ReAssessmentTreatment,TASK_COMPLETE,SUCCESS,INFO,291,291,0,,2026-08-26T19:55:35.047Z,2026-08-26T22:11:39.517Z,8164,2026-08-26T22:11:39.517Z,LV1,Cheyenne,20846baf-2fe5-403c-85d4-31520e88a3ce,SAMMS-Cheyenne
202608262209459869,202608261955300998,202608261955298282,85,4580,Bronze INV,br_ReAssessmentTreatment,TASK_COMPLETE,SUCCESS,INFO,204,204,0,,2026-08-26T19:55:35.047Z,2026-08-26T22:11:39.517Z,8164,2026-08-26T22:11:39.517Z,LV2,Desert Inn,20846baf-2fe5-403c-85d4-31520e88a3ce,SAMMS-DesertInn
202608262209459871,202608261955300999,202608261955298282,85,4581,Bronze INV,br_ReAssessmentTreatment,TASK_COMPLETE,SUCCESS,INFO,110,110,0,,2026-08-26T19:55:35.047Z,2026-08-26T22:11:39.517Z,8164,2026-08-26T22:11:39.517Z,LV3,McDaniel,20846baf-2fe5-403c-85d4-31520e88a3ce,SAMMS-McDaniel
202608262209459872,202608261955301000,202608261955298282,85,4584,Bronze INV,br_ReAssessmentTreatment,TASK_COMPLETE,SUCCESS,INFO,356,356,0,,2026-08-26T19:55:35.047Z,2026-08-26T22:11:39.517Z,8164,2026-08-26T22:11:39.517Z,MNRE,Monroe,20846baf-2fe5-403c-85d4-31520e88a3ce,SAMMS-Monroe
202608262209459873,202608261955301001,202608261955298282,85,4585,Bronze INV,br_ReAssessmentTreatment,TASK_COMPLETE,SUCCESS,INFO,1422,1422,0,,2026-08-26T19:55:35.047Z,2026-08-26T22:11:39.517Z,8164,2026-08-26T22:11:39.517Z,MP,Mt. Pleasant,20846baf-2fe5-403c-85d4-31520e88a3ce,SAMMS-MtPleasant
202608262209459874,202608261955301002,202608261955298282,85,4586,Bronze INV,br_ReAssessmentTreatment,TASK_COMPLETE,SUCCESS,INFO,153,153,0,,2026-08-26T19:55:35.047Z,2026-08-26T22:11:39.517Z,8164,2026-08-26T22:11:39.517Z,MRD,Meridian,20846baf-2fe5-403c-85d4-31520e88a3ce,SAMMS-Meridian
202608262209459875,202608261955301003,202608261955298282,85,4591,Bronze INV,br_ReAssessmentTreatment,TASK_COMPLETE,SUCCESS,INFO,691,691,0,,2026-08-26T19:55:35.047Z,2026-08-26T22:11:39.517Z,8164,2026-08-26T22:11:39.517Z,NC,North Charleston,20846baf-2fe5-403c-85d4-31520e88a3ce,SAMMS-NorthCharleston
202608262209459876,202608261955301004,202608261955298282,85,4592,Bronze INV,br_ReAssessmentTreatment,TASK_COMPLETE,SUCCESS,INFO,0,0,0,,2026-08-26T19:55:35.047Z,2026-08-26T22:11:39.517Z,8164,2026-08-26T22:11:39.517Z,NLR,N. Little Rock,20846baf-2fe5-403c-85d4-31520e88a3ce,SAMMS-NLROBOT
202608262209459877,202608261955301005,202608261955298282,85,4593,Bronze INV,br_ReAssessmentTreatment,TASK_COMPLETE,SUCCESS,INFO,112,112,0,,2026-08-26T19:55:35.047Z,2026-08-26T22:11:39.517Z,8164,2026-08-26T22:11:39.517Z,PH,Phoenix,20846baf-2fe5-403c-85d4-31520e88a3ce,SAMMS-Phoenix
202608262209459879,202608261955301006,202608261955298282,85,4597,Bronze INV,br_ReAssessmentTreatment,TASK_COMPLETE,SUCCESS,INFO,212,212,0,,2026-08-26T19:55:35.047Z,2026-08-26T22:11:39.517Z,8164,2026-08-26T22:11:39.517Z,RE,Reno,20846baf-2fe5-403c-85d4-31520e88a3ce,SAMMS-Reno
202608262209459880,202608261955301007,202608261955298282,85,4598,Bronze INV,br_ReAssessmentTreatment,TASK_COMPLETE,SUCCESS,INFO,87,87,0,,2026-08-26T19:55:35.047Z,2026-08-26T22:11:39.517Z,8164,2026-08-26T22:11:39.517Z,RMD,Richmond,20846baf-2fe5-403c-85d4-31520e88a3ce,SAMMS-Richmond
202608262209459881,202608261955301008,202608261955298282,85,4599,Bronze INV,br_ReAssessmentTreatment,TASK_COMPLETE,SUCCESS,INFO,587,587,0,,2026-08-26T19:55:35.047Z,2026-08-26T22:11:39.517Z,8164,2026-08-26T22:11:39.517Z,SFN,Springfield North,20846baf-2fe5-403c-85d4-31520e88a3ce,SAMMS-SFNv5
202608262209459882,202608261955301009,202608261955298282,85,4600,Bronze INV,br_ReAssessmentTreatment,TASK_COMPLETE,SUCCESS,INFO,762,762,0,,2026-08-26T19:55:35.047Z,2026-08-26T22:11:39.517Z,8164,2026-08-26T22:11:39.517Z,SHP,Shreveport,20846baf-2fe5-403c-85d4-31520e88a3ce,SAMMS-Shreveport
202608262209459883,202608261955301010,202608261955298282,85,4602,Bronze INV,br_ReAssessmentTreatment,TASK_COMPLETE,SUCCESS,INFO,484,484,0,,2026-08-26T19:55:35.047Z,2026-08-26T22:11:39.517Z,8164,2026-08-26T22:11:39.517Z,STN,Staunton,20846baf-2fe5-403c-85d4-31520e88a3ce,SAMMS-Staunton
202608262209459884,202608261955301011,202608261955298282,85,4603,Bronze INV,br_ReAssessmentTreatment,TASK_COMPLETE,SUCCESS,INFO,225,225,0,,2026-08-26T19:55:35.047Z,2026-08-26T22:11:39.517Z,8164,2026-08-26T22:11:39.517Z,STVN,Stevenson,20846baf-2fe5-403c-85d4-31520e88a3ce,SAMMS-Stevenson
202608262209459885,202608261955301012,202608261955298282,85,4605,Bronze INV,br_ReAssessmentTreatment,TASK_COMPLETE,SUCCESS,INFO,174,174,0,,2026-08-26T19:55:35.047Z,2026-08-26T22:11:39.517Z,8164,2026-08-26T22:11:39.517Z,TE,Tempe,20846baf-2fe5-403c-85d4-31520e88a3ce,SAMMS-Tempe
202608262209459887,202608261955301013,202608261955298282,85,4606,Bronze INV,br_ReAssessmentTreatment,TASK_COMPLETE,SUCCESS,INFO,0,0,0,,2026-08-26T19:55:35.047Z,2026-08-26T22:11:39.517Z,8164,2026-08-26T22:11:39.517Z,TEX,Texarkana,20846baf-2fe5-403c-85d4-31520e88a3ce,SAMMS-Texarkana
202608262209459888,202608261955301014,202608261955298282,85,4607,Bronze INV,br_ReAssessmentTreatment,TASK_COMPLETE,SUCCESS,INFO,1057,1057,0,,2026-08-26T19:55:35.047Z,2026-08-26T22:11:39.517Z,8164,2026-08-26T22:11:39.517Z,TTCA,Bessemer,20846baf-2fe5-403c-85d4-31520e88a3ce,SAMMS-BessemerV5
202608262209459889,202608261955301015,202608261955298282,85,4608,Bronze INV,br_ReAssessmentTreatment,TASK_COMPLETE,SUCCESS,INFO,1314,1314,0,,2026-08-26T19:55:35.047Z,2026-08-26T22:11:39.517Z,8164,2026-08-26T22:11:39.517Z,TTCB,Cullman,20846baf-2fe5-403c-85d4-31520e88a3ce,SAMMS-CullmanV5
202608262209459890,202608261955301016,202608261955298282,85,4609,Bronze INV,br_ReAssessmentTreatment,TASK_COMPLETE,SUCCESS,INFO,931,931,0,,2026-08-26T19:55:35.047Z,2026-08-26T22:11:39.517Z,8164,2026-08-26T22:11:39.517Z,TTCC,Grand Bay,20846baf-2fe5-403c-85d4-31520e88a3ce,SAMMS-GrandBay
202608262209459891,202608261955301017,202608261955298282,85,4610,Bronze INV,br_ReAssessmentTreatment,TASK_COMPLETE,SUCCESS,INFO,15,15,0,,2026-08-26T19:55:35.047Z,2026-08-26T22:11:39.517Z,8164,2026-08-26T22:11:39.517Z,TU,Tucson,20846baf-2fe5-403c-85d4-31520e88a3ce,SAMMS-Tucson
202608262209459892,202608261955301018,202608261955298282,85,4612,Bronze INV,br_ReAssessmentTreatment,TASK_COMPLETE,SUCCESS,INFO,660,660,0,,2026-08-26T19:55:35.047Z,2026-08-26T22:11:39.517Z,8164,2026-08-26T22:11:39.517Z,V1,Memphis South,20846baf-2fe5-403c-85d4-31520e88a3ce,SAMMS-VCPHCS-I-MemphisV5
202608262209459893,202608261955301019,202608261955298282,85,4613,Bronze INV,br_ReAssessmentTreatment,TASK_COMPLETE,SUCCESS,INFO,1626,1626,0,,2026-08-26T19:55:35.047Z,2026-08-26T22:11:39.517Z,8164,2026-08-26T22:11:39.517Z,V10,Longmont,20846baf-2fe5-403c-85d4-31520e88a3ce,SAMMS-BoulderV5
202608262209459895,202608261955301020,202608261955298282,85,4614,Bronze INV,br_ReAssessmentTreatment,TASK_COMPLETE,SUCCESS,INFO,1508,1508,0,,2026-08-26T19:55:35.047Z,2026-08-26T22:11:39.517Z,8164,2026-08-26T22:11:39.517Z,V10A,Fort Collins,20846baf-2fe5-403c-85d4-31520e88a3ce,SAMMS-FortCollinsV5
202608262209459896,202608261955301021,202608261955298282,85,4615,Bronze INV,br_ReAssessmentTreatment,TASK_COMPLETE,SUCCESS,INFO,2862,2862,0,,2026-08-26T19:55:35.047Z,2026-08-26T22:11:39.517Z,8164,2026-08-26T22:11:39.517Z,V11,Westminster,20846baf-2fe5-403c-85d4-31520e88a3ce,SAMMS-VCPHCS-XI-NorthDenverV5
202608262209459897,202608261955301022,202608261955298282,85,4616,Bronze INV,br_ReAssessmentTreatment,TASK_COMPLETE,SUCCESS,INFO,2991,2991,0,,2026-08-26T19:55:35.047Z,2026-08-26T22:11:39.517Z,8164,2026-08-26T22:11:39.517Z,V12,Downtown Denver,20846baf-2fe5-403c-85d4-31520e88a3ce,SAMMS-VCPHCS-XII-DowntownDenverV5
202608262209459898,202608261955301023,202608261955298282,85,4617,Bronze INV,br_ReAssessmentTreatment,TASK_COMPLETE,SUCCESS,INFO,1127,1127,0,,2026-08-26T19:55:35.047Z,2026-08-26T22:11:39.517Z,8164,2026-08-26T22:11:39.517Z,V12A,Centennial,20846baf-2fe5-403c-85d4-31520e88a3ce,SAMMS-CentennialV5
202608262209459899,202608261955301024,202608261955298282,85,4618,Bronze INV,br_ReAssessmentTreatment,TASK_COMPLETE,SUCCESS,INFO,293,293,0,,2026-08-26T19:55:35.047Z,2026-08-26T22:11:39.517Z,8164,2026-08-26T22:11:39.517Z,V14,Overland Park,20846baf-2fe5-403c-85d4-31520e88a3ce,SAMMS-VCPHCS-XIV-BridgewayV5
202608262209459900,202608261955301025,202608261955298282,85,4619,Bronze INV,br_ReAssessmentTreatment,TASK_COMPLETE,SUCCESS,INFO,608,608,0,,2026-08-26T19:55:35.047Z,2026-08-26T22:11:39.517Z,8164,2026-08-26T22:11:39.517Z,V15,Joplin,20846baf-2fe5-403c-85d4-31520e88a3ce,SAMMS-JoplinV5
202608262209459902,202608261955301026,202608261955298282,85,4621,Bronze INV,br_ReAssessmentTreatment,TASK_COMPLETE,SUCCESS,INFO,902,902,0,,2026-08-26T19:55:35.047Z,2026-08-26T22:11:39.517Z,8164,2026-08-26T22:11:39.517Z,V17,Columbia TN,20846baf-2fe5-403c-85d4-31520e88a3ce,SAMMS-ColumbiaTNv5
202608262209459903,202608261955301027,202608261955298282,85,4623,Bronze INV,br_ReAssessmentTreatment,TASK_COMPLETE,SUCCESS,INFO,527,527,0,,2026-08-26T19:55:35.047Z,2026-08-26T22:11:39.517Z,8164,2026-08-26T22:11:39.517Z,V19,Jackson,20846baf-2fe5-403c-85d4-31520e88a3ce,SAMMS-JacksonV5
202608262209459904,202608261955301028,202608261955298282,85,4625,Bronze INV,br_ReAssessmentTreatment,TASK_COMPLETE,SUCCESS,INFO,1683,1683,0,,2026-08-26T19:55:35.047Z,2026-08-26T22:11:39.517Z,8164,2026-08-26T22:11:39.517Z,V20,Paris,20846baf-2fe5-403c-85d4-31520e88a3ce,SAMMS-ParisV5
202608262209459905,202608261955301029,202608261955298282,85,4626,Bronze INV,br_ReAssessmentTreatment,TASK_COMPLETE,SUCCESS,INFO,723,723,0,,2026-08-26T19:55:35.047Z,2026-08-26T22:11:39.517Z,8164,2026-08-26T22:11:39.517Z,V21,Memphis North,20846baf-2fe5-403c-85d4-31520e88a3ce,SAMMS-RaleighV5
202608262209459906,202608261955301030,202608261955298282,85,4629,Bronze INV,br_ReAssessmentTreatment,TASK_COMPLETE,SUCCESS,INFO,1765,1765,0,,2026-08-26T19:55:35.047Z,2026-08-26T22:11:39.517Z,8164,2026-08-26T22:11:39.517Z,V5,West Bank,20846baf-2fe5-403c-85d4-31520e88a3ce,SAMMS-NONTCv5
202608262209459907,202608261955301031,202608261955298282,85,4631,Bronze INV,br_ReAssessmentTreatment,TASK_COMPLETE,SUCCESS,INFO,145,145,0,,2026-08-26T19:55:35.047Z,2026-08-26T22:11:39.517Z,8164,2026-08-26T22:11:39.517Z,V5B,Houma,20846baf-2fe5-403c-85d4-31520e88a3ce,SAMMS-HoumaV6
202608262209459908,202608261955301032,202608261955298282,85,4632,Bronze INV,br_ReAssessmentTreatment,TASK_COMPLETE,SUCCESS,INFO,1905,1905,0,,2026-08-26T19:55:35.047Z,2026-08-26T22:11:39.517Z,8164,2026-08-26T22:11:39.517Z,V6,Lake Charles,20846baf-2fe5-403c-85d4-31520e88a3ce,SAMMS-LCv5
202608262209459910,202608261955301033,202608261955298282,85,4634,Bronze INV,br_ReAssessmentTreatment,TASK_COMPLETE,SUCCESS,INFO,738,738,0,,2026-08-26T19:55:35.047Z,2026-08-26T22:11:39.517Z,8164,2026-08-26T22:11:39.517Z,V8,Memphis Midtown,20846baf-2fe5-403c-85d4-31520e88a3ce,SAMMS-VCPHCS-VIII-MemphisV5
202608262209459911,202608261955301034,202608261955298282,85,4635,Bronze INV,br_ReAssessmentTreatment,TASK_COMPLETE,SUCCESS,INFO,1761,1761,0,,2026-08-26T19:55:35.047Z,2026-08-26T22:11:39.517Z,8164,2026-08-26T22:11:39.517Z,V9,Nashville,20846baf-2fe5-403c-85d4-31520e88a3ce,SAMMS-NashvilleV5
202608262209459912,202608261955301035,202608261955298282,85,4636,Bronze INV,br_ReAssessmentTreatment,TASK_COMPLETE,SUCCESS,INFO,838,838,0,,2026-08-26T19:55:35.047Z,2026-08-26T22:11:39.517Z,8164,2026-08-26T22:11:39.517Z,VBRA,Brainerd,20846baf-2fe5-403c-85d4-31520e88a3ce,SAMMS-BrainerdV6
202608262209459913,202608261955301036,202608261955298282,85,4637,Bronze INV,br_ReAssessmentTreatment,TASK_COMPLETE,SUCCESS,INFO,1952,1952,0,,2026-08-26T19:55:35.047Z,2026-08-26T22:11:39.517Z,8164,2026-08-26T22:11:39.517Z,VBRP,Brooklyn Park,20846baf-2fe5-403c-85d4-31520e88a3ce,SAMMS-BrooklynParkV6
202608262209459914,202608261955301037,202608261955298282,85,4639,Bronze INV,br_ReAssessmentTreatment,TASK_COMPLETE,SUCCESS,INFO,740,740,0,,2026-08-26T19:55:35.047Z,2026-08-26T22:11:39.517Z,8164,2026-08-26T22:11:39.517Z,VMIN,Minneapolis,20846baf-2fe5-403c-85d4-31520e88a3ce,SAMMS-MinneapolisV6
202608262209459915,202608261955301038,202608261955298282,85,4640,Bronze INV,br_ReAssessmentTreatment,TASK_COMPLETE,SUCCESS,INFO,873,873,0,,2026-08-26T19:55:35.047Z,2026-08-26T22:11:39.517Z,8164,2026-08-26T22:11:39.517Z,VWBY,Woodbury,20846baf-2fe5-403c-85d4-31520e88a3ce,SAMMS-WoodburyV6
202608262209459916,202608261955301039,202608261955298282,85,4642,Bronze INV,br_ReAssessmentTreatment,TASK_COMPLETE,SUCCESS,INFO,161,161,0,,2026-08-26T19:55:35.047Z,2026-08-26T22:11:39.517Z,8164,2026-08-26T22:11:39.517Z,WIL,Wilson,20846baf-2fe5-403c-85d4-31520e88a3ce,SAMMS-Wilson
202608262209460018,202608261955398299,202608261955398282,86,5736,Silver INV,sl_ReAssessmentTreatment,TASK_COMPLETE,SUCCESS,INFO,78203,78203,0,,2026-08-26T19:55:35.047Z,2026-08-26T22:11:39.517Z,8164,2026-08-26T22:11:39.517Z,,,20846baf-2fe5-403c-85d4-31520e88a3ce,
202608232214226247,202608232010370792,202608232010368283,85,4431,Bronze INV,br_ReAssessmentSubstanceUse,TASK_COMPLETE,SUCCESS,INFO,2896,2896,0,,2026-08-23T20:10:41.468Z,2026-08-23T22:16:21.732Z,7540,2026-08-23T22:16:21.732Z,V11,Westminster,955211d4-28b8-44a0-8023-2bfaa48d6721,SAMMS-VCPHCS-XI-NorthDenverV5
202608232214226248,202608232010370793,202608232010368283,85,4432,Bronze INV,br_ReAssessmentSubstanceUse,TASK_COMPLETE,SUCCESS,INFO,3073,3073,0,,2026-08-23T20:10:41.468Z,2026-08-23T22:16:21.732Z,7540,2026-08-23T22:16:21.732Z,V12,Downtown Denver,955211d4-28b8-44a0-8023-2bfaa48d6721,SAMMS-VCPHCS-XII-DowntownDenverV5
202608232214226249,202608232010370794,202608232010368283,85,4433,Bronze INV,br_ReAssessmentSubstanceUse,TASK_COMPLETE,SUCCESS,INFO,1148,1148,0,,2026-08-23T20:10:41.468Z,2026-08-23T22:16:21.732Z,7540,2026-08-23T22:16:21.732Z,V12A,Centennial,955211d4-28b8-44a0-8023-2bfaa48d6721,SAMMS-CentennialV5
202608232214226251,202608232010370795,202608232010368283,85,4434,Bronze INV,br_ReAssessmentSubstanceUse,TASK_COMPLETE,SUCCESS,INFO,301,301,0,,2026-08-23T20:10:41.468Z,2026-08-23T22:16:21.732Z,7540,2026-08-23T22:16:21.732Z,V14,Overland Park,955211d4-28b8-44a0-8023-2bfaa48d6721,SAMMS-VCPHCS-XIV-BridgewayV5
202608232214226252,202608232010370796,202608232010368283,85,4435,Bronze INV,br_ReAssessmentSubstanceUse,TASK_COMPLETE,SUCCESS,INFO,611,611,0,,2026-08-23T20:10:41.468Z,2026-08-23T22:16:21.732Z,7540,2026-08-23T22:16:21.732Z,V15,Joplin,955211d4-28b8-44a0-8023-2bfaa48d6721,SAMMS-JoplinV5
202608232214226253,202608232010370797,202608232010368283,85,4437,Bronze INV,br_ReAssessmentSubstanceUse,TASK_COMPLETE,SUCCESS,INFO,918,918,0,,2026-08-23T20:10:41.468Z,2026-08-23T22:16:21.732Z,7540,2026-08-23T22:16:21.732Z,V17,Columbia TN,955211d4-28b8-44a0-8023-2bfaa48d6721,SAMMS-ColumbiaTNv5
202608232214226254,202608232010370798,202608232010368283,85,4439,Bronze INV,br_ReAssessmentSubstanceUse,TASK_COMPLETE,SUCCESS,INFO,544,544,0,,2026-08-23T20:10:41.468Z,2026-08-23T22:16:21.732Z,7540,2026-08-23T22:16:21.732Z,V19,Jackson,955211d4-28b8-44a0-8023-2bfaa48d6721,SAMMS-JacksonV5
202608232214226255,202608232010370799,202608232010368283,85,4441,Bronze INV,br_ReAssessmentSubstanceUse,TASK_COMPLETE,SUCCESS,INFO,1815,1815,0,,2026-08-23T20:10:41.468Z,2026-08-23T22:16:21.732Z,7540,2026-08-23T22:16:21.732Z,V20,Paris,955211d4-28b8-44a0-8023-2bfaa48d6721,SAMMS-ParisV5
202608232214226256,202608232010370800,202608232010368283,85,4442,Bronze INV,br_ReAssessmentSubstanceUse,TASK_COMPLETE,SUCCESS,INFO,732,732,0,,2026-08-23T20:10:41.468Z,2026-08-23T22:16:21.732Z,7540,2026-08-23T22:16:21.732Z,V21,Memphis North,955211d4-28b8-44a0-8023-2bfaa48d6721,SAMMS-RaleighV5
202608232214226258,202608232010370801,202608232010368283,85,4445,Bronze INV,br_ReAssessmentSubstanceUse,TASK_COMPLETE,SUCCESS,INFO,1817,1817,0,,2026-08-23T20:10:41.468Z,2026-08-23T22:16:21.732Z,7540,2026-08-23T22:16:21.732Z,V5,West Bank,955211d4-28b8-44a0-8023-2bfaa48d6721,SAMMS-NONTCv5
202608232214226259,202608232010370802,202608232010368283,85,4447,Bronze INV,br_ReAssessmentSubstanceUse,TASK_COMPLETE,SUCCESS,INFO,150,150,0,,2026-08-23T20:10:41.468Z,2026-08-23T22:16:21.732Z,7540,2026-08-23T22:16:21.732Z,V5B,Houma,955211d4-28b8-44a0-8023-2bfaa48d6721,SAMMS-HoumaV6
202608232214226260,202608232010370803,202608232010368283,85,4448,Bronze INV,br_ReAssessmentSubstanceUse,TASK_COMPLETE,SUCCESS,INFO,1929,1929,0,,2026-08-23T20:10:41.468Z,2026-08-23T22:16:21.732Z,7540,2026-08-23T22:16:21.732Z,V6,Lake Charles,955211d4-28b8-44a0-8023-2bfaa48d6721,SAMMS-LCv5
202608232214226261,202608232010370804,202608232010368283,85,4450,Bronze INV,br_ReAssessmentSubstanceUse,TASK_COMPLETE,SUCCESS,INFO,748,748,0,,2026-08-23T20:10:41.468Z,2026-08-23T22:16:21.732Z,7540,2026-08-23T22:16:21.732Z,V8,Memphis Midtown,955211d4-28b8-44a0-8023-2bfaa48d6721,SAMMS-VCPHCS-VIII-MemphisV5
202608232214226262,202608232010370805,202608232010368283,85,4451,Bronze INV,br_ReAssessmentSubstanceUse,TASK_COMPLETE,SUCCESS,INFO,1785,1785,0,,2026-08-23T20:10:41.468Z,2026-08-23T22:16:21.732Z,7540,2026-08-23T22:16:21.732Z,V9,Nashville,955211d4-28b8-44a0-8023-2bfaa48d6721,SAMMS-NashvilleV5
202608232214226263,202608232010370806,202608232010368283,85,4452,Bronze INV,br_ReAssessmentSubstanceUse,TASK_COMPLETE,SUCCESS,INFO,854,854,0,,2026-08-23T20:10:41.468Z,2026-08-23T22:16:21.732Z,7540,2026-08-23T22:16:21.732Z,VBRA,Brainerd,955211d4-28b8-44a0-8023-2bfaa48d6721,SAMMS-BrainerdV6
202608232214226265,202608232010370807,202608232010368283,85,4453,Bronze INV,br_ReAssessmentSubstanceUse,TASK_COMPLETE,SUCCESS,INFO,1988,1988,0,,2026-08-23T20:10:41.468Z,2026-08-23T22:16:21.732Z,7540,2026-08-23T22:16:21.732Z,VBRP,Brooklyn Park,955211d4-28b8-44a0-8023-2bfaa48d6721,SAMMS-BrooklynParkV6
202608232214226266,202608232010370808,202608232010368283,85,4455,Bronze INV,br_ReAssessmentSubstanceUse,TASK_COMPLETE,SUCCESS,INFO,764,764,0,,2026-08-23T20:10:41.468Z,2026-08-23T22:16:21.732Z,7540,2026-08-23T22:16:21.732Z,VMIN,Minneapolis,955211d4-28b8-44a0-8023-2bfaa48d6721,SAMMS-MinneapolisV6
202608232214226267,202608232010370809,202608232010368283,85,4456,Bronze INV,br_ReAssessmentSubstanceUse,TASK_COMPLETE,SUCCESS,INFO,920,920,0,,2026-08-23T20:10:41.468Z,2026-08-23T22:16:21.732Z,7540,2026-08-23T22:16:21.732Z,VWBY,Woodbury,955211d4-28b8-44a0-8023-2bfaa48d6721,SAMMS-WoodburyV6
202608232214226268,202608232010370810,202608232010368283,85,4458,Bronze INV,br_ReAssessmentSubstanceUse,TASK_COMPLETE,SUCCESS,INFO,162,162,0,,2026-08-23T20:10:41.468Z,2026-08-23T22:16:21.732Z,7540,2026-08-23T22:16:21.732Z,WIL,Wilson,955211d4-28b8-44a0-8023-2bfaa48d6721,SAMMS-Wilson
202608232214226370,202608232010468299,202608232010468283,86,5735,Silver INV,sl_ReAssessmentSubstanceUse,TASK_COMPLETE,SUCCESS,INFO,79713,79713,0,,2026-08-23T20:10:41.468Z,2026-08-23T22:16:21.732Z,7540,2026-08-23T22:16:21.732Z,,,955211d4-28b8-44a0-8023-2bfaa48d6721,
202608232214226300,202608232010370926,202608232010368283,85,4462,Bronze INV,br_ReAssessmentTreatment,TASK_COMPLETE,SUCCESS,INFO,35,35,0,,2026-08-23T20:10:41.468Z,2026-08-23T22:16:21.732Z,7540,2026-08-23T22:16:21.732Z,AHK,Ahoskie,955211d4-28b8-44a0-8023-2bfaa48d6721,SAMMS-Ahoskie
202608232214226301,202608232010370927,202608232010368283,85,4463,Bronze INV,br_ReAssessmentTreatment,TASK_COMPLETE,SUCCESS,INFO,662,662,0,,2026-08-23T20:10:41.468Z,2026-08-23T22:16:21.732Z,7540,2026-08-23T22:16:21.732Z,B12B,Colorado Springs,955211d4-28b8-44a0-8023-2bfaa48d6721,SAMMS-ColoradoSpringsV5
202608232214226302,202608232010370928,202608232010368283,85,4464,Bronze INV,br_ReAssessmentTreatment,TASK_COMPLETE,SUCCESS,INFO,828,828,0,,2026-08-23T20:10:41.468Z,2026-08-23T22:16:21.732Z,7540,2026-08-23T22:16:21.732Z,B24,Paintsville,955211d4-28b8-44a0-8023-2bfaa48d6721,SAMMS-PaintsvilleV5
202608232214226303,202608232010370929,202608232010368283,85,4465,Bronze INV,br_ReAssessmentTreatment,TASK_COMPLETE,SUCCESS,INFO,646,646,0,,2026-08-23T20:10:41.468Z,2026-08-23T22:16:21.732Z,7540,2026-08-23T22:16:21.732Z,B25,Pikeville,955211d4-28b8-44a0-8023-2bfaa48d6721,SAMMS-PikevilleV5
202608232214226304,202608232010370930,202608232010368283,85,4466,Bronze INV,br_ReAssessmentTreatment,TASK_COMPLETE,SUCCESS,INFO,973,973,0,,2026-08-23T20:10:41.468Z,2026-08-23T22:16:21.732Z,7540,2026-08-23T22:16:21.732Z,B26,Hazard,955211d4-28b8-44a0-8023-2bfaa48d6721,SAMMS-HazardV5
202608232214226306,202608232010370931,202608232010368283,85,4467,Bronze INV,br_ReAssessmentTreatment,TASK_COMPLETE,SUCCESS,INFO,532,532,0,,2026-08-23T20:10:41.468Z,2026-08-23T22:16:21.732Z,7540,2026-08-23T22:16:21.732Z,B27,Savannah,955211d4-28b8-44a0-8023-2bfaa48d6721,SAMMS-SavannahV6
202608232214226307,202608232010370932,202608232010368283,85,4468,Bronze INV,br_ReAssessmentTreatment,TASK_COMPLETE,SUCCESS,INFO,247,247,0,,2026-08-23T20:10:41.468Z,2026-08-23T22:16:21.732Z,7540,2026-08-23T22:16:21.732Z,B28,West Plains,955211d4-28b8-44a0-8023-2bfaa48d6721,SAMMS-WestPlainesV5
202608232214226308,202608232010370933,202608232010368283,85,4469,Bronze INV,br_ReAssessmentTreatment,TASK_COMPLETE,SUCCESS,INFO,460,460,0,,2026-08-23T20:10:41.468Z,2026-08-23T22:16:21.732Z,7540,2026-08-23T22:16:21.732Z,B29,Poplar Bluff,955211d4-28b8-44a0-8023-2bfaa48d6721,SAMMS-PoplarBluffV5
202608232214226309,202608232010370934,202608232010368283,85,4470,Bronze INV,br_ReAssessmentTreatment,TASK_COMPLETE,SUCCESS,INFO,78,78,0,,2026-08-23T20:10:41.468Z,2026-08-23T22:16:21.732Z,7540,2026-08-23T22:16:21.732Z,B30,KC North,955211d4-28b8-44a0-8023-2bfaa48d6721,SAMMS-KCNv5
202608232214226310,202608232010370935,202608232010368283,85,4471,Bronze INV,br_ReAssessmentTreatment,TASK_COMPLETE,SUCCESS,INFO,400,400,0,,2026-08-23T20:10:41.468Z,2026-08-23T22:16:21.732Z,7540,2026-08-23T22:16:21.732Z,B31,Dyersburg,955211d4-28b8-44a0-8023-2bfaa48d6721,SAMMS-DyersburgV5
202608232214226311,202608232010370936,202608232010368283,85,4473,Bronze INV,br_ReAssessmentTreatment,TASK_COMPLETE,SUCCESS,INFO,488,488,0,,2026-08-23T20:10:41.468Z,2026-08-23T22:16:21.732Z,7540,2026-08-23T22:16:21.732Z,B33,Paducah,955211d4-28b8-44a0-8023-2bfaa48d6721,SAMMS-Paducah
202608232214226313,202608232010370937,202608232010368283,85,4474,Bronze INV,br_ReAssessmentTreatment,TASK_COMPLETE,SUCCESS,INFO,382,382,0,,2026-08-23T20:10:41.468Z,2026-08-23T22:16:21.732Z,7540,2026-08-23T22:16:21.732Z,B34,Corbin,955211d4-28b8-44a0-8023-2bfaa48d6721,SAMMS-CorbinV5
202608232214226314,202608232010370938,202608232010368283,85,4475,Bronze INV,br_ReAssessmentTreatment,TASK_COMPLETE,SUCCESS,INFO,239,239,0,,2026-08-23T20:10:41.468Z,2026-08-23T22:16:21.732Z,7540,2026-08-23T22:16:21.732Z,B35,Lexington,955211d4-28b8-44a0-8023-2bfaa48d6721,SAMMS-LexingtonV5
202608232214226315,202608232010370939,202608232010368283,85,4476,Bronze INV,br_ReAssessmentTreatment,TASK_COMPLETE,SUCCESS,INFO,77,77,0,,2026-08-23T20:10:41.468Z,2026-08-23T22:16:21.732Z,7540,2026-08-23T22:16:21.732Z,B35A,Berea,955211d4-28b8-44a0-8023-2bfaa48d6721,SAMMS-BereaV5
202608232214226316,202608232010370940,202608232010368283,85,4477,Bronze INV,br_ReAssessmentTreatment,TASK_COMPLETE,SUCCESS,INFO,21,21,0,,2026-08-23T20:10:41.468Z,2026-08-23T22:16:21.732Z,7540,2026-08-23T22:16:21.732Z,B36,Asheville,955211d4-28b8-44a0-8023-2bfaa48d6721,SAMMS-AshevilleV5
202608232214226317,202608232010370941,202608232010368283,85,4478,Bronze INV,br_ReAssessmentTreatment,TASK_COMPLETE,SUCCESS,INFO,1,1,0,,2026-08-23T20:10:41.468Z,2026-08-23T22:16:21.732Z,7540,2026-08-23T22:16:21.732Z,B37,Clyde,955211d4-28b8-44a0-8023-2bfaa48d6721,SAMMS-ClydeV5
202608232214226318,202608232010370942,202608232010368283,85,4479,Bronze INV,br_ReAssessmentTreatment,TASK_COMPLETE,SUCCESS,INFO,1185,1185,0,,2026-08-23T20:10:41.468Z,2026-08-23T22:16:21.732Z,7540,2026-08-23T22:16:21.732Z,B38,Spartanburg,955211d4-28b8-44a0-8023-2bfaa48d6721,SAMMS-SpartanburgV5
202608232214226320,202608232010370943,202608232010368283,85,4480,Bronze INV,br_ReAssessmentTreatment,TASK_COMPLETE,SUCCESS,INFO,361,361,0,,2026-08-23T20:10:41.468Z,2026-08-23T22:16:21.732Z,7540,2026-08-23T22:16:21.732Z,B39,Aiken,955211d4-28b8-44a0-8023-2bfaa48d6721,SAMMS-AikenV5
202608232214226321,202608232010370944,202608232010368283,85,4481,Bronze INV,br_ReAssessmentTreatment,TASK_COMPLETE,SUCCESS,INFO,1886,1886,0,,2026-08-23T20:10:41.468Z,2026-08-23T22:16:21.732Z,7540,2026-08-23T22:16:21.732Z,B41,Chesapeake,955211d4-28b8-44a0-8023-2bfaa48d6721,SAMMS-ChesapeakeV5
202608232214226322,202608232010370945,202608232010368283,85,4482,Bronze INV,br_ReAssessmentTreatment,TASK_COMPLETE,SUCCESS,INFO,1911,1911,0,,2026-08-23T20:10:41.468Z,2026-08-23T22:16:21.732Z,7540,2026-08-23T22:16:21.732Z,B42,Virginia Beach,955211d4-28b8-44a0-8023-2bfaa48d6721,SAMMS-VirginiaBeachV5
202608232214226323,202608232010370946,202608232010368283,85,4483,Bronze INV,br_ReAssessmentTreatment,TASK_COMPLETE,SUCCESS,INFO,925,925,0,,2026-08-23T20:10:41.468Z,2026-08-23T22:16:21.732Z,7540,2026-08-23T22:16:21.732Z,B42A,Newport News,955211d4-28b8-44a0-8023-2bfaa48d6721,SAMMS-NewportNewsV5
202608232214226324,202608232010370947,202608232010368283,85,4484,Bronze INV,br_ReAssessmentTreatment,TASK_COMPLETE,SUCCESS,INFO,507,507,0,,2026-08-23T20:10:41.468Z,2026-08-23T22:16:21.732Z,7540,2026-08-23T22:16:21.732Z,B42B,Franklin,955211d4-28b8-44a0-8023-2bfaa48d6721,SAMMS-FranklinV5
202608232214226325,202608232010370948,202608232010368283,85,4485,Bronze INV,br_ReAssessmentTreatment,TASK_COMPLETE,SUCCESS,INFO,340,340,0,,2026-08-23T20:10:41.468Z,2026-08-23T22:16:21.732Z,7540,2026-08-23T22:16:21.732Z,B42C,Glen Allen,955211d4-28b8-44a0-8023-2bfaa48d6721,SAMMS-GlenAllenV5
202608232214226327,202608232010370949,202608232010368283,85,4486,Bronze INV,br_ReAssessmentTreatment,TASK_COMPLETE,SUCCESS,INFO,1481,1481,0,,2026-08-23T20:10:41.468Z,2026-08-23T22:16:21.732Z,7540,2026-08-23T22:16:21.732Z,B42D,Chesapeake South,955211d4-28b8-44a0-8023-2bfaa48d6721,SAMMS-ChesapeakeSouthV5
202608232214226328,202608232010370950,202608232010368283,85,4487,Bronze INV,br_ReAssessmentTreatment,TASK_COMPLETE,SUCCESS,INFO,633,633,0,,2026-08-23T20:10:41.468Z,2026-08-23T22:16:21.732Z,7540,2026-08-23T22:16:21.732Z,B44,Albany,955211d4-28b8-44a0-8023-2bfaa48d6721,SAMMS-AlbanyV5
202608232214226329,202608232010370951,202608232010368283,85,4488,Bronze INV,br_ReAssessmentTreatment,TASK_COMPLETE,SUCCESS,INFO,1269,1269,0,,2026-08-23T20:10:41.468Z,2026-08-23T22:16:21.732Z,7540,2026-08-23T22:16:21.732Z,B45,Tifton,955211d4-28b8-44a0-8023-2bfaa48d6721,SAMMS-TiftonV5
202608232214226330,202608232010370952,202608232010368283,85,4489,Bronze INV,br_ReAssessmentTreatment,TASK_COMPLETE,SUCCESS,INFO,591,591,0,,2026-08-23T20:10:41.468Z,2026-08-23T22:16:21.732Z,7540,2026-08-23T22:16:21.732Z,B46,Washington DC,955211d4-28b8-44a0-8023-2bfaa48d6721,SAMMS-WashingtonDCv5
202608232214226331,202608232010370953,202608232010368283,85,4490,Bronze INV,br_ReAssessmentTreatment,TASK_COMPLETE,SUCCESS,INFO,1524,1524,0,,2026-08-23T20:10:41.468Z,2026-08-23T22:16:21.732Z,7540,2026-08-23T22:16:21.732Z,B47,Mobile,955211d4-28b8-44a0-8023-2bfaa48d6721,SAMMS-MobileV5
202608232214226332,202608232010370954,202608232010368283,85,4491,Bronze INV,br_ReAssessmentTreatment,TASK_COMPLETE,SUCCESS,INFO,1295,1295,0,,2026-08-23T20:10:41.468Z,2026-08-23T22:16:21.732Z,7540,2026-08-23T22:16:21.732Z,B48,Tuscaloosa,955211d4-28b8-44a0-8023-2bfaa48d6721,SAMMS-TuscaloosaV5
202608232214226334,202608232010370955,202608232010368283,85,4500,Bronze INV,br_ReAssessmentTreatment,TASK_COMPLETE,SUCCESS,INFO,2,2,0,,2026-08-23T20:10:41.468Z,2026-08-23T22:16:21.732Z,7540,2026-08-23T22:16:21.732Z,B51,N. Little Rock (OTP),955211d4-28b8-44a0-8023-2bfaa48d6721,SAMMS-NorthLittleRockV6
202608232214226335,202608232010370956,202608232010368283,85,4501,Bronze INV,br_ReAssessmentTreatment,TASK_COMPLETE,SUCCESS,INFO,451,451,0,,2026-08-23T20:10:41.468Z,2026-08-23T22:16:21.732Z,7540,2026-08-23T22:16:21.732Z,B52,Jackson GA,955211d4-28b8-44a0-8023-2bfaa48d6721,SAMMS-JacksonGAV5
202608232214226336,202608232010370957,202608232010368283,85,4502,Bronze INV,br_ReAssessmentTreatment,TASK_COMPLETE,SUCCESS,INFO,1700,1700,0,,2026-08-23T20:10:41.468Z,2026-08-23T22:16:21.732Z,7540,2026-08-23T22:16:21.732Z,B54,Gadsden,955211d4-28b8-44a0-8023-2bfaa48d6721,SAMMS-GadsdenV5
202608232214226337,202608232010370958,202608232010368283,85,4503,Bronze INV,br_ReAssessmentTreatment,TASK_COMPLETE,SUCCESS,INFO,941,941,0,,2026-08-23T20:10:41.468Z,2026-08-23T22:16:21.732Z,7540,2026-08-23T22:16:21.732Z,B55,Shoals,955211d4-28b8-44a0-8023-2bfaa48d6721,SAMMS-ShoalsV5
202608232214226338,202608232010370959,202608232010368283,85,4504,Bronze INV,br_ReAssessmentTreatment,TASK_COMPLETE,SUCCESS,INFO,294,294,0,,2026-08-23T20:10:41.468Z,2026-08-23T22:16:21.732Z,7540,2026-08-23T22:16:21.732Z,B57,Pawtucket,955211d4-28b8-44a0-8023-2bfaa48d6721,SAMMS-Pawtucket
202608232214226339,202608232010370960,202608232010368283,85,4505,Bronze INV,br_ReAssessmentTreatment,TASK_COMPLETE,SUCCESS,INFO,553,553,0,,2026-08-23T20:10:41.468Z,2026-08-23T22:16:21.732Z,7540,2026-08-23T22:16:21.732Z,B57A,Johnston,955211d4-28b8-44a0-8023-2bfaa48d6721,SAMMS-Johnston
202608232214226341,202608232010370961,202608232010368283,85,4506,Bronze INV,br_ReAssessmentTreatment,TASK_COMPLETE,SUCCESS,INFO,167,167,0,,2026-08-23T20:10:41.468Z,2026-08-23T22:16:21.732Z,7540,2026-08-23T22:16:21.732Z,B57B,Middletown,955211d4-28b8-44a0-8023-2bfaa48d6721,SAMMS-Middletown
202608232214226342,202608232010370962,202608232010368283,85,4507,Bronze INV,br_ReAssessmentTreatment,TASK_COMPLETE,SUCCESS,INFO,411,411,0,,2026-08-23T20:10:41.468Z,2026-08-23T22:16:21.732Z,7540,2026-08-23T22:16:21.732Z,B57C,Providence,955211d4-28b8-44a0-8023-2bfaa48d6721,SAMMS-Providence
202608232214226343,202608232010370963,202608232010368283,85,4508,Bronze INV,br_ReAssessmentTreatment,TASK_COMPLETE,SUCCESS,INFO,622,622,0,,2026-08-23T20:10:41.468Z,2026-08-23T22:16:21.732Z,7540,2026-08-23T22:16:21.732Z,B57D,Westerly,955211d4-28b8-44a0-8023-2bfaa48d6721,SAMMS-Westerly
202608232214226344,202608232010370964,202608232010368283,85,4512,Bronze INV,br_ReAssessmentTreatment,TASK_COMPLETE,SUCCESS,INFO,4,4,0,,2026-08-23T20:10:41.468Z,2026-08-23T22:16:21.732Z,7540,2026-08-23T22:16:21.732Z,B66A,Bremen,955211d4-28b8-44a0-8023-2bfaa48d6721,SAMMS-Bremen
202608232214226345,202608232010370965,202608232010368283,85,4515,Bronze INV,br_ReAssessmentTreatment,TASK_COMPLETE,SUCCESS,INFO,0,0,0,,2026-08-23T20:10:41.468Z,2026-08-23T22:16:21.732Z,7540,2026-08-23T22:16:21.732Z,B72,Mobile (OBOT),955211d4-28b8-44a0-8023-2bfaa48d6721,SAMMS-Mobile-OBOT
202608232214226346,202608232010370966,202608232010368283,85,4516,Bronze INV,br_ReAssessmentTreatment,TASK_COMPLETE,SUCCESS,INFO,0,0,0,,2026-08-23T20:10:41.468Z,2026-08-23T22:16:21.732Z,7540,2026-08-23T22:16:21.732Z,B73,Montgomery,955211d4-28b8-44a0-8023-2bfaa48d6721,SAMMS-Montgomery
202608232214226347,202608232010370967,202608232010368283,85,4517,Bronze INV,br_ReAssessmentTreatment,TASK_COMPLETE,SUCCESS,INFO,516,516,0,,2026-08-23T20:10:41.468Z,2026-08-23T22:16:21.732Z,7540,2026-08-23T22:16:21.732Z,B75,Lawrence,955211d4-28b8-44a0-8023-2bfaa48d6721,SAMMS-LawrenceV6
202608232214226349,202608232010370968,202608232010368283,85,4518,Bronze INV,br_ReAssessmentTreatment,TASK_COMPLETE,SUCCESS,INFO,0,0,0,,2026-08-23T20:10:41.468Z,2026-08-23T22:16:21.732Z,7540,2026-08-23T22:16:21.732Z,B76,Huntsville OBOT,955211d4-28b8-44a0-8023-2bfaa48d6721,SAMMS-Huntsville-OBOT
202608232214226350,202608232010370969,202608232010368283,85,4519,Bronze INV,br_ReAssessmentTreatment,TASK_COMPLETE,SUCCESS,INFO,0,0,0,,2026-08-23T20:10:41.468Z,2026-08-23T22:16:21.732Z,7540,2026-08-23T22:16:21.732Z,BAT,Batesville,955211d4-28b8-44a0-8023-2bfaa48d6721,SAMMS-Batesville
202608232214226351,202608232010370970,202608232010368283,85,4520,Bronze INV,br_ReAssessmentTreatment,TASK_COMPLETE,SUCCESS,INFO,463,463,0,,2026-08-23T20:10:41.468Z,2026-08-23T22:16:21.732Z,7540,2026-08-23T22:16:21.732Z,BG,Bowling Green,955211d4-28b8-44a0-8023-2bfaa48d6721,SAMMS-BowlingGreen
202608232214226352,202608232010370971,202608232010368283,85,4521,Bronze INV,br_ReAssessmentTreatment,TASK_COMPLETE,SUCCESS,INFO,181,181,0,,2026-08-23T20:10:41.468Z,2026-08-23T22:16:21.732Z,7540,2026-08-23T22:16:21.732Z,BOI,Boise,955211d4-28b8-44a0-8023-2bfaa48d6721,SAMMS-Boise
202608232214226353,202608232010370972,202608232010368283,85,4528,Bronze INV,br_ReAssessmentTreatment,TASK_COMPLETE,SUCCESS,INFO,48,48,0,,2026-08-23T20:10:41.468Z,2026-08-23T22:16:21.732Z,7540,2026-08-23T22:16:21.732Z,CBCO,Coeur dAlene,955211d4-28b8-44a0-8023-2bfaa48d6721,SAMMS-CoeurdAleneV6
202608232214226354,202608232010370973,202608232010368283,85,4547,Bronze INV,br_ReAssessmentTreatment,TASK_COMPLETE,SUCCESS,INFO,0,0,0,,2026-08-23T20:10:41.468Z,2026-08-23T22:16:21.732Z,7540,2026-08-23T22:16:21.732Z,CON,Conway,955211d4-28b8-44a0-8023-2bfaa48d6721,SAMMS-Conway
202608232214226356,202608232010370974,202608232010368283,85,4548,Bronze INV,br_ReAssessmentTreatment,TASK_COMPLETE,SUCCESS,INFO,2557,2557,0,,2026-08-23T20:10:41.468Z,2026-08-23T22:16:21.732Z,7540,2026-08-23T22:16:21.732Z,D07,Medical Services Knox TN,955211d4-28b8-44a0-8023-2bfaa48d6721,SAMMS-KnoxvilleV6
202608232214226357,202608232010370975,202608232010368283,85,4549,Bronze INV,br_ReAssessmentTreatment,TASK_COMPLETE,SUCCESS,INFO,111,111,0,,2026-08-23T20:10:41.468Z,2026-08-23T22:16:21.732Z,7540,2026-08-23T22:16:21.732Z,D08,Madison,955211d4-28b8-44a0-8023-2bfaa48d6721,SAMMS-MadisonV6
202608232214226358,202608232010370976,202608232010368283,85,4551,Bronze INV,br_ReAssessmentTreatment,TASK_COMPLETE,SUCCESS,INFO,104,104,0,,2026-08-23T20:10:41.468Z,2026-08-23T22:16:21.732Z,7540,2026-08-23T22:16:21.732Z,D09,Murfreesboro,955211d4-28b8-44a0-8023-2bfaa48d6721,SAMMS-MurfreesboroV6
202608232214226359,202608232010370977,202608232010368283,85,4552,Bronze INV,br_ReAssessmentTreatment,TASK_COMPLETE,SUCCESS,INFO,335,335,0,,2026-08-23T20:10:41.468Z,2026-08-23T22:16:21.732Z,7540,2026-08-23T22:16:21.732Z,DA,Davenport,955211d4-28b8-44a0-8023-2bfaa48d6721,SAMMS-Davenport
202608232214226360,202608232010370978,202608232010368283,85,4553,Bronze INV,br_ReAssessmentTreatment,TASK_COMPLETE,SUCCESS,INFO,286,286,0,,2026-08-23T20:10:41.468Z,2026-08-23T22:16:21.732Z,7540,2026-08-23T22:16:21.732Z,DM,Des Moines,955211d4-28b8-44a0-8023-2bfaa48d6721,SAMMS-DesMoines
202608232214226361,202608232010370979,202608232010368283,85,4555,Bronze INV,br_ReAssessmentTreatment,TASK_COMPLETE,SUCCESS,INFO,526,526,0,,2026-08-23T20:10:41.468Z,2026-08-23T22:16:21.732Z,7540,2026-08-23T22:16:21.732Z,DRD-CO,Columbia MO,955211d4-28b8-44a0-8023-2bfaa48d6721,SAMMS-ColumbiaV5
202608232214226363,202608232010370980,202608232010368283,85,4556,Bronze INV,br_ReAssessmentTreatment,TASK_COMPLETE,SUCCESS,INFO,342,342,0,,2026-08-23T20:10:41.468Z,2026-08-23T22:16:21.732Z,7540,2026-08-23T22:16:21.732Z,DRD-KC,KC,955211d4-28b8-44a0-8023-2bfaa48d6721,SAMMS-KCv5
202608232214226364,202608232010370981,202608232010368283,85,4557,Bronze INV,br_ReAssessmentTreatment,TASK_COMPLETE,SUCCESS,INFO,1545,1545,0,,2026-08-23T20:10:41.468Z,2026-08-23T22:16:21.732Z,7540,2026-08-23T22:16:21.732Z,DRD-KVB,KVB,955211d4-28b8-44a0-8023-2bfaa48d6721,SAMMS-KVBv5
202608232214226365,202608232010370982,202608232010368283,85,4558,Bronze INV,br_ReAssessmentTreatment,TASK_COMPLETE,SUCCESS,INFO,1672,1672,0,,2026-08-23T20:10:41.468Z,2026-08-23T22:16:21.732Z,7540,2026-08-23T22:16:21.732Z,DRD-KVC,KVC,955211d4-28b8-44a0-8023-2bfaa48d6721,SAMMS-KVCv5
202608232214226366,202608232010370983,202608232010368283,85,4559,Bronze INV,br_ReAssessmentTreatment,TASK_COMPLETE,SUCCESS,INFO,3195,3195,0,,2026-08-23T20:10:41.468Z,2026-08-23T22:16:21.732Z,7540,2026-08-23T22:16:21.732Z,DRD-NOLA,NOLA,955211d4-28b8-44a0-8023-2bfaa48d6721,SAMMS-NOLAv5
202608232214226367,202608232010370984,202608232010368283,85,4560,Bronze INV,br_ReAssessmentTreatment,TASK_COMPLETE,SUCCESS,INFO,797,797,0,,2026-08-23T20:10:41.468Z,2026-08-23T22:16:21.732Z,7540,2026-08-23T22:16:21.732Z,DRD-SF,Springfield,955211d4-28b8-44a0-8023-2bfaa48d6721,SAMMS-SFv5
202608232214226368,202608232010370985,202608232010368283,85,4562,Bronze INV,br_ReAssessmentTreatment,TASK_COMPLETE,SUCCESS,INFO,260,260,0,,2026-08-23T20:10:41.468Z,2026-08-23T22:16:21.732Z,7540,2026-08-23T22:16:21.732Z,ELC,Elizabeth City,955211d4-28b8-44a0-8023-2bfaa48d6721,SAMMS-ElizabethCity
202608232214226370,202608232010370986,202608232010368283,85,4563,Bronze INV,br_ReAssessmentTreatment,TASK_COMPLETE,SUCCESS,INFO,127,127,0,,2026-08-23T20:10:41.468Z,2026-08-23T22:16:21.732Z,7540,2026-08-23T22:16:21.732Z,ET,Elizabethtown,955211d4-28b8-44a0-8023-2bfaa48d6721,SAMMS-Elizabethtown
202608232214226371,202608232010370987,202608232010368283,85,4564,Bronze INV,br_ReAssessmentTreatment,TASK_COMPLETE,SUCCESS,INFO,0,0,0,,2026-08-23T20:10:41.468Z,2026-08-23T22:16:21.732Z,7540,2026-08-23T22:16:21.732Z,FAY,Fayetteville,955211d4-28b8-44a0-8023-2bfaa48d6721,SAMMS-Fayetteville
202608232214226372,202608232010370988,202608232010368283,85,4565,Bronze INV,br_ReAssessmentTreatment,TASK_COMPLETE,SUCCESS,INFO,156,156,0,,2026-08-23T20:10:41.468Z,2026-08-23T22:16:21.732Z,7540,2026-08-23T22:16:21.732Z,FR,Frankfort,955211d4-28b8-44a0-8023-2bfaa48d6721,SAMMS-Frankfort
202608232214226373,202608232010370989,202608232010368283,85,4566,Bronze INV,br_ReAssessmentTreatment,TASK_COMPLETE,SUCCESS,INFO,0,0,0,,2026-08-23T20:10:41.468Z,2026-08-23T22:16:21.732Z,7540,2026-08-23T22:16:21.732Z,FS,Fort Smith,955211d4-28b8-44a0-8023-2bfaa48d6721,SAMMS-FortSmith
202608232214226374,202608232010370990,202608232010368283,85,4567,Bronze INV,br_ReAssessmentTreatment,TASK_COMPLETE,SUCCESS,INFO,466,466,0,,2026-08-23T20:10:41.468Z,2026-08-23T22:16:21.732Z,7540,2026-08-23T22:16:21.732Z,FW,Fort Wayne,955211d4-28b8-44a0-8023-2bfaa48d6721,SAMMS-FortWayne
202608232214226375,202608232010370991,202608232010368283,85,4568,Bronze INV,br_ReAssessmentTreatment,TASK_COMPLETE,SUCCESS,INFO,271,271,0,,2026-08-23T20:10:41.468Z,2026-08-23T22:16:21.732Z,7540,2026-08-23T22:16:21.732Z,GAL,Gaylord,955211d4-28b8-44a0-8023-2bfaa48d6721,SAMMS-Gaylord
202608232214226377,202608232010370992,202608232010368283,85,4572,Bronze INV,br_ReAssessmentTreatment,TASK_COMPLETE,SUCCESS,INFO,99,99,0,,2026-08-23T20:10:41.468Z,2026-08-23T22:16:21.732Z,7540,2026-08-23T22:16:21.732Z,HGT,Hagerstown,955211d4-28b8-44a0-8023-2bfaa48d6721,SAMMS-Hagerstown
202608232214226378,202608232010370993,202608232010368283,85,4573,Bronze INV,br_ReAssessmentTreatment,TASK_COMPLETE,SUCCESS,INFO,1717,1717,0,,2026-08-23T20:10:41.468Z,2026-08-23T22:16:21.732Z,7540,2026-08-23T22:16:21.732Z,HNT,Huntsville,955211d4-28b8-44a0-8023-2bfaa48d6721,SAMMS-Huntsville
202608232214226379,202608232010370994,202608232010368283,85,4574,Bronze INV,br_ReAssessmentTreatment,TASK_COMPLETE,SUCCESS,INFO,0,0,0,,2026-08-23T20:10:41.468Z,2026-08-23T22:16:21.732Z,7540,2026-08-23T22:16:21.732Z,HS,Hot Springs,955211d4-28b8-44a0-8023-2bfaa48d6721,SAMMS-HotSprings
202608232214226380,202608232010370995,202608232010368283,85,4575,Bronze INV,br_ReAssessmentTreatment,TASK_COMPLETE,SUCCESS,INFO,0,0,0,,2026-08-23T20:10:41.468Z,2026-08-23T22:16:21.732Z,7540,2026-08-23T22:16:21.732Z,JON,Jonesboro,955211d4-28b8-44a0-8023-2bfaa48d6721,SAMMS-Jonesboro
202608232214226381,202608232010370996,202608232010368283,85,4577,Bronze INV,br_ReAssessmentTreatment,TASK_COMPLETE,SUCCESS,INFO,444,444,0,,2026-08-23T20:10:41.468Z,2026-08-23T22:16:21.732Z,7540,2026-08-23T22:16:21.732Z,LAN,Lansing,955211d4-28b8-44a0-8023-2bfaa48d6721,SAMMS-Lansing
202608232214226382,202608232010370997,202608232010368283,85,4578,Bronze INV,br_ReAssessmentTreatment,TASK_COMPLETE,SUCCESS,INFO,1288,1288,0,,2026-08-23T20:10:41.468Z,2026-08-23T22:16:21.732Z,7540,2026-08-23T22:16:21.732Z,LO,Louisville,955211d4-28b8-44a0-8023-2bfaa48d6721,SAMMS-Louisville
202608232214226384,202608232010370998,202608232010368283,85,4579,Bronze INV,br_ReAssessmentTreatment,TASK_COMPLETE,SUCCESS,INFO,291,291,0,,2026-08-23T20:10:41.468Z,2026-08-23T22:16:21.732Z,7540,2026-08-23T22:16:21.732Z,LV1,Cheyenne,955211d4-28b8-44a0-8023-2bfaa48d6721,SAMMS-Cheyenne
202608232214226385,202608232010370999,202608232010368283,85,4580,Bronze INV,br_ReAssessmentTreatment,TASK_COMPLETE,SUCCESS,INFO,204,204,0,,2026-08-23T20:10:41.468Z,2026-08-23T22:16:21.732Z,7540,2026-08-23T22:16:21.732Z,LV2,Desert Inn,955211d4-28b8-44a0-8023-2bfaa48d6721,SAMMS-DesertInn
202608232214226386,202608232010371000,202608232010368283,85,4581,Bronze INV,br_ReAssessmentTreatment,TASK_COMPLETE,SUCCESS,INFO,110,110,0,,2026-08-23T20:10:41.468Z,2026-08-23T22:16:21.732Z,7540,2026-08-23T22:16:21.732Z,LV3,McDaniel,955211d4-28b8-44a0-8023-2bfaa48d6721,SAMMS-McDaniel
202608232214226387,202608232010371001,202608232010368283,85,4584,Bronze INV,br_ReAssessmentTreatment,TASK_COMPLETE,SUCCESS,INFO,356,356,0,,2026-08-23T20:10:41.468Z,2026-08-23T22:16:21.732Z,7540,2026-08-23T22:16:21.732Z,MNRE,Monroe,955211d4-28b8-44a0-8023-2bfaa48d6721,SAMMS-Monroe
202608232214226388,202608232010371002,202608232010368283,85,4585,Bronze INV,br_ReAssessmentTreatment,TASK_COMPLETE,SUCCESS,INFO,1422,1422,0,,2026-08-23T20:10:41.468Z,2026-08-23T22:16:21.732Z,7540,2026-08-23T22:16:21.732Z,MP,Mt. Pleasant,955211d4-28b8-44a0-8023-2bfaa48d6721,SAMMS-MtPleasant
202608232214226389,202608232010371003,202608232010368283,85,4586,Bronze INV,br_ReAssessmentTreatment,TASK_COMPLETE,SUCCESS,INFO,153,153,0,,2026-08-23T20:10:41.468Z,2026-08-23T22:16:21.732Z,7540,2026-08-23T22:16:21.732Z,MRD,Meridian,955211d4-28b8-44a0-8023-2bfaa48d6721,SAMMS-Meridian
202608232214226390,202608232010371004,202608232010368283,85,4591,Bronze INV,br_ReAssessmentTreatment,TASK_COMPLETE,SUCCESS,INFO,691,691,0,,2026-08-23T20:10:41.468Z,2026-08-23T22:16:21.732Z,7540,2026-08-23T22:16:21.732Z,NC,North Charleston,955211d4-28b8-44a0-8023-2bfaa48d6721,SAMMS-NorthCharleston
202608232214226392,202608232010371005,202608232010368283,85,4592,Bronze INV,br_ReAssessmentTreatment,TASK_COMPLETE,SUCCESS,INFO,0,0,0,,2026-08-23T20:10:41.468Z,2026-08-23T22:16:21.732Z,7540,2026-08-23T22:16:21.732Z,NLR,N. Little Rock,955211d4-28b8-44a0-8023-2bfaa48d6721,SAMMS-NLROBOT
202608232214226393,202608232010371006,202608232010368283,85,4593,Bronze INV,br_ReAssessmentTreatment,TASK_COMPLETE,SUCCESS,INFO,112,112,0,,2026-08-23T20:10:41.468Z,2026-08-23T22:16:21.732Z,7540,2026-08-23T22:16:21.732Z,PH,Phoenix,955211d4-28b8-44a0-8023-2bfaa48d6721,SAMMS-Phoenix
202608232214226394,202608232010371007,202608232010368283,85,4597,Bronze INV,br_ReAssessmentTreatment,TASK_COMPLETE,SUCCESS,INFO,212,212,0,,2026-08-23T20:10:41.468Z,2026-08-23T22:16:21.732Z,7540,2026-08-23T22:16:21.732Z,RE,Reno,955211d4-28b8-44a0-8023-2bfaa48d6721,SAMMS-Reno
202608232214226395,202608232010371008,202608232010368283,85,4598,Bronze INV,br_ReAssessmentTreatment,TASK_COMPLETE,SUCCESS,INFO,87,87,0,,2026-08-23T20:10:41.468Z,2026-08-23T22:16:21.732Z,7540,2026-08-23T22:16:21.732Z,RMD,Richmond,955211d4-28b8-44a0-8023-2bfaa48d6721,SAMMS-Richmond
202608232214226396,202608232010371009,202608232010368283,85,4599,Bronze INV,br_ReAssessmentTreatment,TASK_COMPLETE,SUCCESS,INFO,587,587,0,,2026-08-23T20:10:41.468Z,2026-08-23T22:16:21.732Z,7540,2026-08-23T22:16:21.732Z,SFN,Springfield North,955211d4-28b8-44a0-8023-2bfaa48d6721,SAMMS-SFNv5
202608232214226397,202608232010371010,202608232010368283,85,4600,Bronze INV,br_ReAssessmentTreatment,TASK_COMPLETE,SUCCESS,INFO,762,762,0,,2026-08-23T20:10:41.468Z,2026-08-23T22:16:21.732Z,7540,2026-08-23T22:16:21.732Z,SHP,Shreveport,955211d4-28b8-44a0-8023-2bfaa48d6721,SAMMS-Shreveport
202608232214226399,202608232010371011,202608232010368283,85,4602,Bronze INV,br_ReAssessmentTreatment,TASK_COMPLETE,SUCCESS,INFO,484,484,0,,2026-08-23T20:10:41.468Z,2026-08-23T22:16:21.732Z,7540,2026-08-23T22:16:21.732Z,STN,Staunton,955211d4-28b8-44a0-8023-2bfaa48d6721,SAMMS-Staunton
202608232214226400,202608232010371012,202608232010368283,85,4603,Bronze INV,br_ReAssessmentTreatment,TASK_COMPLETE,SUCCESS,INFO,225,225,0,,2026-08-23T20:10:41.468Z,2026-08-23T22:16:21.732Z,7540,2026-08-23T22:16:21.732Z,STVN,Stevenson,955211d4-28b8-44a0-8023-2bfaa48d6721,SAMMS-Stevenson
202608232214226401,202608232010371013,202608232010368283,85,4605,Bronze INV,br_ReAssessmentTreatment,TASK_COMPLETE,SUCCESS,INFO,174,174,0,,2026-08-23T20:10:41.468Z,2026-08-23T22:16:21.732Z,7540,2026-08-23T22:16:21.732Z,TE,Tempe,955211d4-28b8-44a0-8023-2bfaa48d6721,SAMMS-Tempe
202608232214226402,202608232010371014,202608232010368283,85,4606,Bronze INV,br_ReAssessmentTreatment,TASK_COMPLETE,SUCCESS,INFO,0,0,0,,2026-08-23T20:10:41.468Z,2026-08-23T22:16:21.732Z,7540,2026-08-23T22:16:21.732Z,TEX,Texarkana,955211d4-28b8-44a0-8023-2bfaa48d6721,SAMMS-Texarkana
202608232214226403,202608232010371015,202608232010368283,85,4607,Bronze INV,br_ReAssessmentTreatment,TASK_COMPLETE,SUCCESS,INFO,1057,1057,0,,2026-08-23T20:10:41.468Z,2026-08-23T22:16:21.732Z,7540,2026-08-23T22:16:21.732Z,TTCA,Bessemer,955211d4-28b8-44a0-8023-2bfaa48d6721,SAMMS-BessemerV5
202608232214226404,202608232010371016,202608232010368283,85,4608,Bronze INV,br_ReAssessmentTreatment,TASK_COMPLETE,SUCCESS,INFO,1314,1314,0,,2026-08-23T20:10:41.468Z,2026-08-23T22:16:21.732Z,7540,2026-08-23T22:16:21.732Z,TTCB,Cullman,955211d4-28b8-44a0-8023-2bfaa48d6721,SAMMS-CullmanV5
202608232214226406,202608232010371017,202608232010368283,85,4609,Bronze INV,br_ReAssessmentTreatment,TASK_COMPLETE,SUCCESS,INFO,931,931,0,,2026-08-23T20:10:41.468Z,2026-08-23T22:16:21.732Z,7540,2026-08-23T22:16:21.732Z,TTCC,Grand Bay,955211d4-28b8-44a0-8023-2bfaa48d6721,SAMMS-GrandBay
202608232214226407,202608232010371018,202608232010368283,85,4610,Bronze INV,br_ReAssessmentTreatment,TASK_COMPLETE,SUCCESS,INFO,15,15,0,,2026-08-23T20:10:41.468Z,2026-08-23T22:16:21.732Z,7540,2026-08-23T22:16:21.732Z,TU,Tucson,955211d4-28b8-44a0-8023-2bfaa48d6721,SAMMS-Tucson
202608232214226408,202608232010371019,202608232010368283,85,4612,Bronze INV,br_ReAssessmentTreatment,TASK_COMPLETE,SUCCESS,INFO,660,660,0,,2026-08-23T20:10:41.468Z,2026-08-23T22:16:21.732Z,7540,2026-08-23T22:16:21.732Z,V1,Memphis South,955211d4-28b8-44a0-8023-2bfaa48d6721,SAMMS-VCPHCS-I-MemphisV5
202608232214226409,202608232010371020,202608232010368283,85,4613,Bronze INV,br_ReAssessmentTreatment,TASK_COMPLETE,SUCCESS,INFO,1626,1626,0,,2026-08-23T20:10:41.468Z,2026-08-23T22:16:21.732Z,7540,2026-08-23T22:16:21.732Z,V10,Longmont,955211d4-28b8-44a0-8023-2bfaa48d6721,SAMMS-BoulderV5
202608232214226410,202608232010371021,202608232010368283,85,4614,Bronze INV,br_ReAssessmentTreatment,TASK_COMPLETE,SUCCESS,INFO,1508,1508,0,,2026-08-23T20:10:41.468Z,2026-08-23T22:16:21.732Z,7540,2026-08-23T22:16:21.732Z,V10A,Fort Collins,955211d4-28b8-44a0-8023-2bfaa48d6721,SAMMS-FortCollinsV5
202608232214226411,202608232010371022,202608232010368283,85,4615,Bronze INV,br_ReAssessmentTreatment,TASK_COMPLETE,SUCCESS,INFO,2862,2862,0,,2026-08-23T20:10:41.468Z,2026-08-23T22:16:21.732Z,7540,2026-08-23T22:16:21.732Z,V11,Westminster,955211d4-28b8-44a0-8023-2bfaa48d6721,SAMMS-VCPHCS-XI-NorthDenverV5
202608232214226412,202608232010371023,202608232010368283,85,4616,Bronze INV,br_ReAssessmentTreatment,TASK_COMPLETE,SUCCESS,INFO,2991,2991,0,,2026-08-23T20:10:41.468Z,2026-08-23T22:16:21.732Z,7540,2026-08-23T22:16:21.732Z,V12,Downtown Denver,955211d4-28b8-44a0-8023-2bfaa48d6721,SAMMS-VCPHCS-XII-DowntownDenverV5
202608232214226414,202608232010371024,202608232010368283,85,4617,Bronze INV,br_ReAssessmentTreatment,TASK_COMPLETE,SUCCESS,INFO,1127,1127,0,,2026-08-23T20:10:41.468Z,2026-08-23T22:16:21.732Z,7540,2026-08-23T22:16:21.732Z,V12A,Centennial,955211d4-28b8-44a0-8023-2bfaa48d6721,SAMMS-CentennialV5
202608232214226415,202608232010371025,202608232010368283,85,4618,Bronze INV,br_ReAssessmentTreatment,TASK_COMPLETE,SUCCESS,INFO,293,293,0,,2026-08-23T20:10:41.468Z,2026-08-23T22:16:21.732Z,7540,2026-08-23T22:16:21.732Z,V14,Overland Park,955211d4-28b8-44a0-8023-2bfaa48d6721,SAMMS-VCPHCS-XIV-BridgewayV5
202608232214226416,202608232010371026,202608232010368283,85,4619,Bronze INV,br_ReAssessmentTreatment,TASK_COMPLETE,SUCCESS,INFO,608,608,0,,2026-08-23T20:10:41.468Z,2026-08-23T22:16:21.732Z,7540,2026-08-23T22:16:21.732Z,V15,Joplin,955211d4-28b8-44a0-8023-2bfaa48d6721,SAMMS-JoplinV5
202608232214226417,202608232010371027,202608232010368283,85,4621,Bronze INV,br_ReAssessmentTreatment,TASK_COMPLETE,SUCCESS,INFO,902,902,0,,2026-08-23T20:10:41.468Z,2026-08-23T22:16:21.732Z,7540,2026-08-23T22:16:21.732Z,V17,Columbia TN,955211d4-28b8-44a0-8023-2bfaa48d6721,SAMMS-ColumbiaTNv5
202608232214226418,202608232010371028,202608232010368283,85,4623,Bronze INV,br_ReAssessmentTreatment,TASK_COMPLETE,SUCCESS,INFO,527,527,0,,2026-08-23T20:10:41.468Z,2026-08-23T22:16:21.732Z,7540,2026-08-23T22:16:21.732Z,V19,Jackson,955211d4-28b8-44a0-8023-2bfaa48d6721,SAMMS-JacksonV5
202608232214226419,202608232010371029,202608232010368283,85,4625,Bronze INV,br_ReAssessmentTreatment,TASK_COMPLETE,SUCCESS,INFO,1683,1683,0,,2026-08-23T20:10:41.468Z,2026-08-23T22:16:21.732Z,7540,2026-08-23T22:16:21.732Z,V20,Paris,955211d4-28b8-44a0-8023-2bfaa48d6721,SAMMS-ParisV5
202608232214226421,202608232010371030,202608232010368283,85,4626,Bronze INV,br_ReAssessmentTreatment,TASK_COMPLETE,SUCCESS,INFO,723,723,0,,2026-08-23T20:10:41.468Z,2026-08-23T22:16:21.732Z,7540,2026-08-23T22:16:21.732Z,V21,Memphis North,955211d4-28b8-44a0-8023-2bfaa48d6721,SAMMS-RaleighV5
202608232214226422,202608232010371031,202608232010368283,85,4629,Bronze INV,br_ReAssessmentTreatment,TASK_COMPLETE,SUCCESS,INFO,1765,1765,0,,2026-08-23T20:10:41.468Z,2026-08-23T22:16:21.732Z,7540,2026-08-23T22:16:21.732Z,V5,West Bank,955211d4-28b8-44a0-8023-2bfaa48d6721,SAMMS-NONTCv5
202608232214226423,202608232010371032,202608232010368283,85,4631,Bronze INV,br_ReAssessmentTreatment,TASK_COMPLETE,SUCCESS,INFO,145,145,0,,2026-08-23T20:10:41.468Z,2026-08-23T22:16:21.732Z,7540,2026-08-23T22:16:21.732Z,V5B,Houma,955211d4-28b8-44a0-8023-2bfaa48d6721,SAMMS-HoumaV6
202608232214226424,202608232010371033,202608232010368283,85,4632,Bronze INV,br_ReAssessmentTreatment,TASK_COMPLETE,SUCCESS,INFO,1905,1905,0,,2026-08-23T20:10:41.468Z,2026-08-23T22:16:21.732Z,7540,2026-08-23T22:16:21.732Z,V6,Lake Charles,955211d4-28b8-44a0-8023-2bfaa48d6721,SAMMS-LCv5
202608232214226425,202608232010371034,202608232010368283,85,4634,Bronze INV,br_ReAssessmentTreatment,TASK_COMPLETE,SUCCESS,INFO,738,738,0,,2026-08-23T20:10:41.468Z,2026-08-23T22:16:21.732Z,7540,2026-08-23T22:16:21.732Z,V8,Memphis Midtown,955211d4-28b8-44a0-8023-2bfaa48d6721,SAMMS-VCPHCS-VIII-MemphisV5
202608232214226426,202608232010371035,202608232010368283,85,4635,Bronze INV,br_ReAssessmentTreatment,TASK_COMPLETE,SUCCESS,INFO,1761,1761,0,,2026-08-23T20:10:41.468Z,2026-08-23T22:16:21.732Z,7540,2026-08-23T22:16:21.732Z,V9,Nashville,955211d4-28b8-44a0-8023-2bfaa48d6721,SAMMS-NashvilleV5
202608232214226428,202608232010371036,202608232010368283,85,4636,Bronze INV,br_ReAssessmentTreatment,TASK_COMPLETE,SUCCESS,INFO,838,838,0,,2026-08-23T20:10:41.468Z,2026-08-23T22:16:21.732Z,7540,2026-08-23T22:16:21.732Z,VBRA,Brainerd,955211d4-28b8-44a0-8023-2bfaa48d6721,SAMMS-BrainerdV6
202608232214226429,202608232010371037,202608232010368283,85,4637,Bronze INV,br_ReAssessmentTreatment,TASK_COMPLETE,SUCCESS,INFO,1952,1952,0,,2026-08-23T20:10:41.468Z,2026-08-23T22:16:21.732Z,7540,2026-08-23T22:16:21.732Z,VBRP,Brooklyn Park,955211d4-28b8-44a0-8023-2bfaa48d6721,SAMMS-BrooklynParkV6
202608232214226430,202608232010371038,202608232010368283,85,4639,Bronze INV,br_ReAssessmentTreatment,TASK_COMPLETE,SUCCESS,INFO,740,740,0,,2026-08-23T20:10:41.468Z,2026-08-23T22:16:21.732Z,7540,2026-08-23T22:16:21.732Z,VMIN,Minneapolis,955211d4-28b8-44a0-8023-2bfaa48d6721,SAMMS-MinneapolisV6
202608232214226431,202608232010371039,202608232010368283,85,4640,Bronze INV,br_ReAssessmentTreatment,TASK_COMPLETE,SUCCESS,INFO,873,873,0,,2026-08-23T20:10:41.468Z,2026-08-23T22:16:21.732Z,7540,2026-08-23T22:16:21.732Z,VWBY,Woodbury,955211d4-28b8-44a0-8023-2bfaa48d6721,SAMMS-WoodburyV6
202608232214226432,202608232010371040,202608232010368283,85,4642,Bronze INV,br_ReAssessmentTreatment,TASK_COMPLETE,SUCCESS,INFO,161,161,0,,2026-08-23T20:10:41.468Z,2026-08-23T22:16:21.732Z,7540,2026-08-23T22:16:21.732Z,WIL,Wilson,955211d4-28b8-44a0-8023-2bfaa48d6721,SAMMS-Wilson
202608232214226534,202608232010468300,202608232010468283,86,5736,Silver INV,sl_ReAssessmentTreatment,TASK_COMPLETE,SUCCESS,INFO,78203,78203,0,,2026-08-23T20:10:41.468Z,2026-08-23T22:16:21.732Z,7540,2026-08-23T22:16:21.732Z,,,955211d4-28b8-44a0-8023-2bfaa48d6721,
202608271002127261,202608271002127260,20260827092137,126,13680,Bronze Overdue Courses,br_learningreports_overdue,TASK_FAILED,FAILED,ERROR,0,0,1,File ''Overdue%20Courses.xlsx?d=we73772e6b24a436998dd6d9c9d70039d&csf=1&web=1&e=Z0BH7f&xsdata=MDV8MDJ8fDg5YTU2MmFhZDNjNDQ2OTkyNjc5MDhkZWZlMDgzNDIyfDY0NzExOWI5MjEyMDQ1M2RhYjI3ZTAyODg0YzE1YTFifDB8MHw2MzkyMjc1MDgzMjEwMzU4OTd8VW5rbm93bnxWR1ZoYlhOVFpXTjFjbWwwZVZObGNuWnBZMlY4ZXlKRFFTSTZJbFJsWVcxelgwRlVVRk5sY25acFkyVmZVMUJQVEU5R0lpd2lWaUk2SWpBdU1DNHdNREF3SWl3aVVDSTZJbGRwYmpNeUlpd2lRVTRpT2lKUGRHaGxjaUlzSWxkVUlqb3hNWDA9fDF8TDJOb1lYUnpMekU1T2paaE5XVmxaREV6TFRNNU5qVXRORGcyWlMwNFpETTRMVEF3TW1FM09HVmxObU0xWkY5ak5tSm1aV0psWlMxaVl6bGhMVFJqTkdRdE9EQmlaUzAxWW1Rek9ETTJaRFF6WlRCQWRXNXhMbWRpYkM1emNHRmpaWE12YldWemMyRm5aWE12TVRjNE56RTFOREF6TVRBNU5nPT18MjQ3YjRlNjc4OGU5NGFlMmE1YWQwOGRlZmUwODM0MjF8N2ZmNzRmMGEwMzUwNDUwYjg3MWE5OTgwZWM2ZTU3OWE%3D&sdata=MUxRamVMRSswK1EzdmFkc2tSRXJhaXYzM2VHOFR2MTdwTEx4dUo1R3pNYz0%3D&ovuser=647119b9-2120-453d-ab27-e02884c15a1b%2CChetan.s%40seanergy.ai&TeamsCID=7d657574-0d88-4746-afe2-ac5929726490&OR=Teams-HL&CT=1787810594702&clickparams=eyJBcHBOYW1lIjoiVGVhbXMtRGVza3RvcCIsIkFwcFZlcn,2026-08-27T10:02:12.726Z,2026-08-27T10:02:23.162Z,10,2026-08-27T10:02:23.162Z,,,8eb039aa-7a6f-4c9f-b071-197bf1311b4c,
202608241351560679,202608241351560678,20260824135110,130,13687,Azure Sql Python Gold - Claim Denial Prediction,ClaimDenialPredictionV1,TASK_FAILED,FAILED,ERROR,0,0,1,"An error occurred while calling o8909.count. : java.lang.IllegalStateException: Couldn''t find AuthStatus#63889 in [SiteCode#63847,liaID#63848,RowChkSum#63849,LastModAt#63850,RowState#63851,liaTPCLIid#63852,liaDtm#63853,liaStrUser#63854,laiPAIDINS#63855,laiContADJ#63856,laiGENADJ#63857,laiCOPay#63858,laiDEDUC#63859,laiCLIENT#63860,liaBitNoteOnly#63861,liaStrDesc#63862,tprbID#63863,liaPending#63864,liaamt#63865,liastrtext#63866,liaADJREASON#63867,laiCOINS#63868,liaAction1#63869,liaAction2#63870,liaADJcontract#63871,liaADJgeneral#63872,liaANSI1#63873,liaANSI2#63874,liaANSImod1#63875,liaANSImod2#63876,BillID#63877,liaDBnotes#63878,ServiceDt#63879,Service#63880,ClaimID#63881,tpcliAmtCharge#63882,tpcliStrCPT#63883,tpccltID#63884,ClaimBillDate#63885,tpcStrPayer#63886,ClaimPostedBy#63887,RenderingProvider#63888] at org.apache.spark.sql.catalyst.expressions.BindReferences$$anonfun$bindReference$1.applyOrElse(BoundAttribute.scala:80) at org.apache.spark.sql.catalyst.expressions.BindReferences$$",2026-08-24T13:51:56.067Z,2026-08-24T13:52:05.150Z,9,2026-08-24T13:52:05.150Z,,,65ef2c78-6383-4fa0-b292-451fef5594ab,
202608260854401640,202608260654255951,202608260654255519,85,2950,Bronze INV,br_OrientationChecklistNew,TASK_COMPLETE,SUCCESS,INFO,0,0,0,,2026-08-26T06:54:31.515Z,2026-08-26T08:57:15.847Z,7364,2026-08-26T08:57:15.847Z,TEX,Texarkana,912d32aa-0b7f-4999-bf60-6670fe5985ea,SAMMS-Texarkana
202608260854401642,202608260654255952,202608260654255519,85,2951,Bronze INV,br_OrientationChecklistNew,TASK_COMPLETE,SUCCESS,INFO,103,103,0,,2026-08-26T06:54:31.515Z,2026-08-26T08:57:15.847Z,7364,2026-08-26T08:57:15.847Z,TTCA,Bessemer,912d32aa-0b7f-4999-bf60-6670fe5985ea,SAMMS-BessemerV5
202608260854401643,202608260654255953,202608260654255519,85,2952,Bronze INV,br_OrientationChecklistNew,TASK_COMPLETE,SUCCESS,INFO,74,74,0,,2026-08-26T06:54:31.515Z,2026-08-26T08:57:15.847Z,7364,2026-08-26T08:57:15.847Z,TTCB,Cullman,912d32aa-0b7f-4999-bf60-6670fe5985ea,SAMMS-CullmanV5
202608260854401644,202608260654255954,202608260654255519,85,2953,Bronze INV,br_OrientationChecklistNew,TASK_COMPLETE,SUCCESS,INFO,70,70,0,,2026-08-26T06:54:31.515Z,2026-08-26T08:57:15.847Z,7364,2026-08-26T08:57:15.847Z,TTCC,Grand Bay,912d32aa-0b7f-4999-bf60-6670fe5985ea,SAMMS-GrandBay
202608260854401645,202608260654255955,202608260654255519,85,2956,Bronze INV,br_OrientationChecklistNew,TASK_COMPLETE,SUCCESS,INFO,102,102,0,,2026-08-26T06:54:31.515Z,2026-08-26T08:57:15.847Z,7364,2026-08-26T08:57:15.847Z,V1,Memphis South,912d32aa-0b7f-4999-bf60-6670fe5985ea,SAMMS-VCPHCS-I-MemphisV5
202608260854401647,202608260654255956,202608260654255519,85,2957,Bronze INV,br_OrientationChecklistNew,TASK_COMPLETE,SUCCESS,INFO,116,116,0,,2026-08-26T06:54:31.515Z,2026-08-26T08:57:15.847Z,7364,2026-08-26T08:57:15.847Z,V10,Longmont,912d32aa-0b7f-4999-bf60-6670fe5985ea,SAMMS-BoulderV5
202608260854401648,202608260654255957,202608260654255519,85,2958,Bronze INV,br_OrientationChecklistNew,TASK_COMPLETE,SUCCESS,INFO,217,217,0,,2026-08-26T06:54:31.515Z,2026-08-26T08:57:15.847Z,7364,2026-08-26T08:57:15.847Z,V10A,Fort Collins,912d32aa-0b7f-4999-bf60-6670fe5985ea,SAMMS-FortCollinsV5
202608260854401649,202608260654255958,202608260654255519,85,2959,Bronze INV,br_OrientationChecklistNew,TASK_COMPLETE,SUCCESS,INFO,112,112,0,,2026-08-26T06:54:31.515Z,2026-08-26T08:57:15.847Z,7364,2026-08-26T08:57:15.847Z,V11,Westminster,912d32aa-0b7f-4999-bf60-6670fe5985ea,SAMMS-VCPHCS-XI-NorthDenverV5
202608260854401650,202608260654255959,202608260654255519,85,2960,Bronze INV,br_OrientationChecklistNew,TASK_COMPLETE,SUCCESS,INFO,125,125,0,,2026-08-26T06:54:31.515Z,2026-08-26T08:57:15.847Z,7364,2026-08-26T08:57:15.847Z,V12,Downtown Denver,912d32aa-0b7f-4999-bf60-6670fe5985ea,SAMMS-VCPHCS-XII-DowntownDenverV5
202608260854401651,202608260654255960,202608260654255519,85,2961,Bronze INV,br_OrientationChecklistNew,TASK_COMPLETE,SUCCESS,INFO,63,63,0,,2026-08-26T06:54:31.515Z,2026-08-26T08:57:15.847Z,7364,2026-08-26T08:57:15.847Z,V12A,Centennial,912d32aa-0b7f-4999-bf60-6670fe5985ea,SAMMS-CentennialV5
202608260854401652,202608260654255961,202608260654255519,85,2962,Bronze INV,br_OrientationChecklistNew,TASK_COMPLETE,SUCCESS,INFO,112,112,0,,2026-08-26T06:54:31.515Z,2026-08-26T08:57:15.847Z,7364,2026-08-26T08:57:15.847Z,V14,Overland Park,912d32aa-0b7f-4999-bf60-6670fe5985ea,SAMMS-VCPHCS-XIV-BridgewayV5
202608260854401653,202608260654255962,202608260654255519,85,2963,Bronze INV,br_OrientationChecklistNew,TASK_COMPLETE,SUCCESS,INFO,157,157,0,,2026-08-26T06:54:31.515Z,2026-08-26T08:57:15.847Z,7364,2026-08-26T08:57:15.847Z,V15,Joplin,912d32aa-0b7f-4999-bf60-6670fe5985ea,SAMMS-JoplinV5
202608260854401654,202608260654255963,202608260654255519,85,2965,Bronze INV,br_OrientationChecklistNew,TASK_COMPLETE,SUCCESS,INFO,59,59,0,,2026-08-26T06:54:31.515Z,2026-08-26T08:57:15.847Z,7364,2026-08-26T08:57:15.847Z,V17,Columbia TN,912d32aa-0b7f-4999-bf60-6670fe5985ea,SAMMS-ColumbiaTNv5
202608260854401655,202608260654255964,202608260654255519,85,2967,Bronze INV,br_OrientationChecklistNew,TASK_COMPLETE,SUCCESS,INFO,89,89,0,,2026-08-26T06:54:31.515Z,2026-08-26T08:57:15.847Z,7364,2026-08-26T08:57:15.847Z,V19,Jackson,912d32aa-0b7f-4999-bf60-6670fe5985ea,SAMMS-JacksonV5
202608260854401657,202608260654255965,202608260654255519,85,2969,Bronze INV,br_OrientationChecklistNew,TASK_COMPLETE,SUCCESS,INFO,70,70,0,,2026-08-26T06:54:31.515Z,2026-08-26T08:57:15.847Z,7364,2026-08-26T08:57:15.847Z,V20,Paris,912d32aa-0b7f-4999-bf60-6670fe5985ea,SAMMS-ParisV5
202608260854401658,202608260654255966,202608260654255519,85,2970,Bronze INV,br_OrientationChecklistNew,TASK_COMPLETE,SUCCESS,INFO,44,44,0,,2026-08-26T06:54:31.515Z,2026-08-26T08:57:15.847Z,7364,2026-08-26T08:57:15.847Z,V21,Memphis North,912d32aa-0b7f-4999-bf60-6670fe5985ea,SAMMS-RaleighV5
202608260854401659,202608260654255967,202608260654255519,85,2973,Bronze INV,br_OrientationChecklistNew,TASK_COMPLETE,SUCCESS,INFO,155,155,0,,2026-08-26T06:54:31.515Z,2026-08-26T08:57:15.847Z,7364,2026-08-26T08:57:15.847Z,V5,West Bank,912d32aa-0b7f-4999-bf60-6670fe5985ea,SAMMS-NONTCv5
202608260854401660,202608260654255968,202608260654255519,85,2975,Bronze INV,br_OrientationChecklistNew,TASK_COMPLETE,SUCCESS,INFO,64,64,0,,2026-08-26T06:54:31.515Z,2026-08-26T08:57:15.847Z,7364,2026-08-26T08:57:15.847Z,V5B,Houma,912d32aa-0b7f-4999-bf60-6670fe5985ea,SAMMS-HoumaV6
202608260854401661,202608260654255969,202608260654255519,85,2976,Bronze INV,br_OrientationChecklistNew,TASK_COMPLETE,SUCCESS,INFO,196,196,0,,2026-08-26T06:54:31.515Z,2026-08-26T08:57:15.847Z,7364,2026-08-26T08:57:15.847Z,V6,Lake Charles,912d32aa-0b7f-4999-bf60-6670fe5985ea,SAMMS-LCv5
202608260854401662,202608260654255970,202608260654255519,85,2978,Bronze INV,br_OrientationChecklistNew,TASK_COMPLETE,SUCCESS,INFO,127,127,0,,2026-08-26T06:54:31.515Z,2026-08-26T08:57:15.847Z,7364,2026-08-26T08:57:15.847Z,V8,Memphis Midtown,912d32aa-0b7f-4999-bf60-6670fe5985ea,SAMMS-VCPHCS-VIII-MemphisV5
202608260854401663,202608260654255971,202608260654255519,85,2979,Bronze INV,br_OrientationChecklistNew,TASK_COMPLETE,SUCCESS,INFO,184,184,0,,2026-08-26T06:54:31.515Z,2026-08-26T08:57:15.847Z,7364,2026-08-26T08:57:15.847Z,V9,Nashville,912d32aa-0b7f-4999-bf60-6670fe5985ea,SAMMS-NashvilleV5
202608260854401664,202608260654255972,202608260654255519,85,2980,Bronze INV,br_OrientationChecklistNew,TASK_COMPLETE,SUCCESS,INFO,152,152,0,,2026-08-26T06:54:31.515Z,2026-08-26T08:57:15.847Z,7364,2026-08-26T08:57:15.847Z,VBRA,Brainerd,912d32aa-0b7f-4999-bf60-6670fe5985ea,SAMMS-BrainerdV6
202608260854401665,202608260654255973,202608260654255519,85,2981,Bronze INV,br_OrientationChecklistNew,TASK_COMPLETE,SUCCESS,INFO,166,166,0,,2026-08-26T06:54:31.515Z,2026-08-26T08:57:15.847Z,7364,2026-08-26T08:57:15.847Z,VBRP,Brooklyn Park,912d32aa-0b7f-4999-bf60-6670fe5985ea,SAMMS-BrooklynParkV6
202608260854401666,202608260654255974,202608260654255519,85,2983,Bronze INV,br_OrientationChecklistNew,TASK_COMPLETE,SUCCESS,INFO,131,131,0,,2026-08-26T06:54:31.515Z,2026-08-26T08:57:15.847Z,7364,2026-08-26T08:57:15.847Z,VMIN,Minneapolis,912d32aa-0b7f-4999-bf60-6670fe5985ea,SAMMS-MinneapolisV6
202608260854401668,202608260654255975,202608260654255519,85,2984,Bronze INV,br_OrientationChecklistNew,TASK_COMPLETE,SUCCESS,INFO,193,193,0,,2026-08-26T06:54:31.515Z,2026-08-26T08:57:15.847Z,7364,2026-08-26T08:57:15.847Z,VWBY,Woodbury,912d32aa-0b7f-4999-bf60-6670fe5985ea,SAMMS-WoodburyV6
202608260854401669,202608260654255976,202608260654255519,85,2986,Bronze INV,br_OrientationChecklistNew,TASK_COMPLETE,SUCCESS,INFO,106,106,0,,2026-08-26T06:54:31.515Z,2026-08-26T08:57:15.847Z,7364,2026-08-26T08:57:15.847Z,WIL,Wilson,912d32aa-0b7f-4999-bf60-6670fe5985ea,SAMMS-Wilson
202608260854401770,202608260654355540,202608260654355519,86,8580,Silver INV,sl_OrientationChecklistNew,TASK_COMPLETE,SUCCESS,INFO,12094,12094,0,,2026-08-26T06:54:31.515Z,2026-08-26T08:57:15.847Z,7364,2026-08-26T08:57:15.847Z,,,912d32aa-0b7f-4999-bf60-6670fe5985ea,
202608260854401693,202608260654257242,202608260654255519,85,2990,Bronze INV,br_ReAssessment,TASK_COMPLETE,SUCCESS,INFO,0,0,0,,2026-08-26T06:54:31.515Z,2026-08-26T08:57:15.847Z,7364,2026-08-26T08:57:15.847Z,AHK,Ahoskie,912d32aa-0b7f-4999-bf60-6670fe5985ea,SAMMS-Ahoskie
202608260854401694,202608260654257243,202608260654255519,85,2991,Bronze INV,br_ReAssessment,TASK_COMPLETE,SUCCESS,INFO,0,0,0,,2026-08-26T06:54:31.515Z,2026-08-26T08:57:15.847Z,7364,2026-08-26T08:57:15.847Z,B12B,Colorado Springs,912d32aa-0b7f-4999-bf60-6670fe5985ea,SAMMS-ColoradoSpringsV5
202608260854401695,202608260654257244,202608260654255519,85,2992,Bronze INV,br_ReAssessment,TASK_COMPLETE,SUCCESS,INFO,0,0,0,,2026-08-26T06:54:31.515Z,2026-08-26T08:57:15.847Z,7364,2026-08-26T08:57:15.847Z,B24,Paintsville,912d32aa-0b7f-4999-bf60-6670fe5985ea,SAMMS-PaintsvilleV5
202608260854401696,202608260654257245,202608260654255519,85,2993,Bronze INV,br_ReAssessment,TASK_COMPLETE,SUCCESS,INFO,0,0,0,,2026-08-26T06:54:31.515Z,2026-08-26T08:57:15.847Z,7364,2026-08-26T08:57:15.847Z,B25,Pikeville,912d32aa-0b7f-4999-bf60-6670fe5985ea,SAMMS-PikevilleV5
202608260854401697,202608260654257246,202608260654255519,85,2994,Bronze INV,br_ReAssessment,TASK_COMPLETE,SUCCESS,INFO,0,0,0,,2026-08-26T06:54:31.515Z,2026-08-26T08:57:15.847Z,7364,2026-08-26T08:57:15.847Z,B26,Hazard,912d32aa-0b7f-4999-bf60-6670fe5985ea,SAMMS-HazardV5
202608260854401699,202608260654257247,202608260654255519,85,2995,Bronze INV,br_ReAssessment,TASK_COMPLETE,SUCCESS,INFO,0,0,0,,2026-08-26T06:54:31.515Z,2026-08-26T08:57:15.847Z,7364,2026-08-26T08:57:15.847Z,B27,Savannah,912d32aa-0b7f-4999-bf60-6670fe5985ea,SAMMS-SavannahV6
202608260854401700,202608260654257248,202608260654255519,85,2996,Bronze INV,br_ReAssessment,TASK_COMPLETE,SUCCESS,INFO,0,0,0,,2026-08-26T06:54:31.515Z,2026-08-26T08:57:15.847Z,7364,2026-08-26T08:57:15.847Z,B28,West Plains,912d32aa-0b7f-4999-bf60-6670fe5985ea,SAMMS-WestPlainesV5
202608260854401701,202608260654257249,202608260654255519,85,2997,Bronze INV,br_ReAssessment,TASK_COMPLETE,SUCCESS,INFO,0,0,0,,2026-08-26T06:54:31.515Z,2026-08-26T08:57:15.847Z,7364,2026-08-26T08:57:15.847Z,B29,Poplar Bluff,912d32aa-0b7f-4999-bf60-6670fe5985ea,SAMMS-PoplarBluffV5
202608260854401702,202608260654257250,202608260654255519,85,2998,Bronze INV,br_ReAssessment,TASK_COMPLETE,SUCCESS,INFO,0,0,0,,2026-08-26T06:54:31.515Z,2026-08-26T08:57:15.847Z,7364,2026-08-26T08:57:15.847Z,B30,KC North,912d32aa-0b7f-4999-bf60-6670fe5985ea,SAMMS-KCNv5
202608260854401704,202608260654257251,202608260654255519,85,2999,Bronze INV,br_ReAssessment,TASK_COMPLETE,SUCCESS,INFO,0,0,0,,2026-08-26T06:54:31.515Z,2026-08-26T08:57:15.847Z,7364,2026-08-26T08:57:15.847Z,B31,Dyersburg,912d32aa-0b7f-4999-bf60-6670fe5985ea,SAMMS-DyersburgV5
202608260854401705,202608260654257252,202608260654255519,85,3001,Bronze INV,br_ReAssessment,TASK_COMPLETE,SUCCESS,INFO,0,0,0,,2026-08-26T06:54:31.515Z,2026-08-26T08:57:15.847Z,7364,2026-08-26T08:57:15.847Z,B33,Paducah,912d32aa-0b7f-4999-bf60-6670fe5985ea,SAMMS-Paducah
202608260854402732,202608260654258160,202608260654255519,85,4272,Bronze INV,br_ReAssessmentSocial,TASK_COMPLETE,SUCCESS,INFO,876,876,0,,2026-08-26T06:54:31.515Z,2026-08-26T08:57:15.847Z,7364,2026-08-26T08:57:15.847Z,VWBY,Woodbury,912d32aa-0b7f-4999-bf60-6670fe5985ea,SAMMS-WoodburyV6
202608260854402733,202608260654258161,202608260654255519,85,4274,Bronze INV,br_ReAssessmentSocial,TASK_COMPLETE,SUCCESS,INFO,161,161,0,,2026-08-26T06:54:31.515Z,2026-08-26T08:57:15.847Z,7364,2026-08-26T08:57:15.847Z,WIL,Wilson,912d32aa-0b7f-4999-bf60-6670fe5985ea,SAMMS-Wilson
202608260854402835,202608260654355534,202608260654355519,86,5734,Silver INV,sl_ReAssessmentSocial,TASK_COMPLETE,SUCCESS,INFO,78434,78434,0,,2026-08-26T06:54:31.515Z,2026-08-26T08:57:15.847Z,7364,2026-08-26T08:57:15.847Z,,,912d32aa-0b7f-4999-bf60-6670fe5985ea,
202608260854402753,202608260654257932,202608260654255519,85,4278,Bronze INV,br_ReAssessmentSubstanceUse,TASK_COMPLETE,SUCCESS,INFO,35,35,0,,2026-08-26T06:54:31.515Z,2026-08-26T08:57:15.847Z,7364,2026-08-26T08:57:15.847Z,AHK,Ahoskie,912d32aa-0b7f-4999-bf60-6670fe5985ea,SAMMS-Ahoskie
202608260854402754,202608260654257933,202608260654255519,85,4279,Bronze INV,br_ReAssessmentSubstanceUse,TASK_COMPLETE,SUCCESS,INFO,673,673,0,,2026-08-26T06:54:31.515Z,2026-08-26T08:57:15.847Z,7364,2026-08-26T08:57:15.847Z,B12B,Colorado Springs,912d32aa-0b7f-4999-bf60-6670fe5985ea,SAMMS-ColoradoSpringsV5
202608260854402755,202608260654257934,202608260654255519,85,4280,Bronze INV,br_ReAssessmentSubstanceUse,TASK_COMPLETE,SUCCESS,INFO,848,848,0,,2026-08-26T06:54:31.515Z,2026-08-26T08:57:15.847Z,7364,2026-08-26T08:57:15.847Z,B24,Paintsville,912d32aa-0b7f-4999-bf60-6670fe5985ea,SAMMS-PaintsvilleV5
202608260854402757,202608260654257935,202608260654255519,85,4281,Bronze INV,br_ReAssessmentSubstanceUse,TASK_COMPLETE,SUCCESS,INFO,649,649,0,,2026-08-26T06:54:31.515Z,2026-08-26T08:57:15.847Z,7364,2026-08-26T08:57:15.847Z,B25,Pikeville,912d32aa-0b7f-4999-bf60-6670fe5985ea,SAMMS-PikevilleV5
202608260854402758,202608260654257936,202608260654255519,85,4282,Bronze INV,br_ReAssessmentSubstanceUse,TASK_COMPLETE,SUCCESS,INFO,973,973,0,,2026-08-26T06:54:31.515Z,2026-08-26T08:57:15.847Z,7364,2026-08-26T08:57:15.847Z,B26,Hazard,912d32aa-0b7f-4999-bf60-6670fe5985ea,SAMMS-HazardV5
202608260854402759,202608260654257937,202608260654255519,85,4283,Bronze INV,br_ReAssessmentSubstanceUse,TASK_COMPLETE,SUCCESS,INFO,538,538,0,,2026-08-26T06:54:31.515Z,2026-08-26T08:57:15.847Z,7364,2026-08-26T08:57:15.847Z,B27,Savannah,912d32aa-0b7f-4999-bf60-6670fe5985ea,SAMMS-SavannahV6
202608260854402760,202608260654257938,202608260654255519,85,4284,Bronze INV,br_ReAssessmentSubstanceUse,TASK_COMPLETE,SUCCESS,INFO,248,248,0,,2026-08-26T06:54:31.515Z,2026-08-26T08:57:15.847Z,7364,2026-08-26T08:57:15.847Z,B28,West Plains,912d32aa-0b7f-4999-bf60-6670fe5985ea,SAMMS-WestPlainesV5
202608260854402761,202608260654257939,202608260654255519,85,4285,Bronze INV,br_ReAssessmentSubstanceUse,TASK_COMPLETE,SUCCESS,INFO,464,464,0,,2026-08-26T06:54:31.515Z,2026-08-26T08:57:15.847Z,7364,2026-08-26T08:57:15.847Z,B29,Poplar Bluff,912d32aa-0b7f-4999-bf60-6670fe5985ea,SAMMS-PoplarBluffV5
202608260854402762,202608260654257940,202608260654255519,85,4286,Bronze INV,br_ReAssessmentSubstanceUse,TASK_COMPLETE,SUCCESS,INFO,82,82,0,,2026-08-26T06:54:31.515Z,2026-08-26T08:57:15.847Z,7364,2026-08-26T08:57:15.847Z,B30,KC North,912d32aa-0b7f-4999-bf60-6670fe5985ea,SAMMS-KCNv5
202608260854402763,202608260654257941,202608260654255519,85,4287,Bronze INV,br_ReAssessmentSubstanceUse,TASK_COMPLETE,SUCCESS,INFO,402,402,0,,2026-08-26T06:54:31.515Z,2026-08-26T08:57:15.847Z,7364,2026-08-26T08:57:15.847Z,B31,Dyersburg,912d32aa-0b7f-4999-bf60-6670fe5985ea,SAMMS-DyersburgV5
202608260854402764,202608260654257942,202608260654255519,85,4289,Bronze INV,br_ReAssessmentSubstanceUse,TASK_COMPLETE,SUCCESS,INFO,489,489,0,,2026-08-26T06:54:31.515Z,2026-08-26T08:57:15.847Z,7364,2026-08-26T08:57:15.847Z,B33,Paducah,912d32aa-0b7f-4999-bf60-6670fe5985ea,SAMMS-Paducah
202608260854402765,202608260654257943,202608260654255519,85,4290,Bronze INV,br_ReAssessmentSubstanceUse,TASK_COMPLETE,SUCCESS,INFO,388,388,0,,2026-08-26T06:54:31.515Z,2026-08-26T08:57:15.847Z,7364,2026-08-26T08:57:15.847Z,B34,Corbin,912d32aa-0b7f-4999-bf60-6670fe5985ea,SAMMS-CorbinV5
202608260854402767,202608260654257944,202608260654255519,85,4291,Bronze INV,br_ReAssessmentSubstanceUse,TASK_COMPLETE,SUCCESS,INFO,243,243,0,,2026-08-26T06:54:31.515Z,2026-08-26T08:57:15.847Z,7364,2026-08-26T08:57:15.847Z,B35,Lexington,912d32aa-0b7f-4999-bf60-6670fe5985ea,SAMMS-LexingtonV5
202608260854402768,202608260654257945,202608260654255519,85,4292,Bronze INV,br_ReAssessmentSubstanceUse,TASK_COMPLETE,SUCCESS,INFO,77,77,0,,2026-08-26T06:54:31.515Z,2026-08-26T08:57:15.847Z,7364,2026-08-26T08:57:15.847Z,B35A,Berea,912d32aa-0b7f-4999-bf60-6670fe5985ea,SAMMS-BereaV5
202608260854402769,202608260654257946,202608260654255519,85,4293,Bronze INV,br_ReAssessmentSubstanceUse,TASK_COMPLETE,SUCCESS,INFO,22,22,0,,2026-08-26T06:54:31.515Z,2026-08-26T08:57:15.847Z,7364,2026-08-26T08:57:15.847Z,B36,Asheville,912d32aa-0b7f-4999-bf60-6670fe5985ea,SAMMS-AshevilleV5
202608260854402770,202608260654257947,202608260654255519,85,4294,Bronze INV,br_ReAssessmentSubstanceUse,TASK_COMPLETE,SUCCESS,INFO,2,2,0,,2026-08-26T06:54:31.515Z,2026-08-26T08:57:15.847Z,7364,2026-08-26T08:57:15.847Z,B37,Clyde,912d32aa-0b7f-4999-bf60-6670fe5985ea,SAMMS-ClydeV5
202608260854402771,202608260654257948,202608260654255519,85,4295,Bronze INV,br_ReAssessmentSubstanceUse,TASK_COMPLETE,SUCCESS,INFO,1194,1194,0,,2026-08-26T06:54:31.515Z,2026-08-26T08:57:15.847Z,7364,2026-08-26T08:57:15.847Z,B38,Spartanburg,912d32aa-0b7f-4999-bf60-6670fe5985ea,SAMMS-SpartanburgV5
202608260854402772,202608260654257949,202608260654255519,85,4296,Bronze INV,br_ReAssessmentSubstanceUse,TASK_COMPLETE,SUCCESS,INFO,367,367,0,,2026-08-26T06:54:31.515Z,2026-08-26T08:57:15.847Z,7364,2026-08-26T08:57:15.847Z,B39,Aiken,912d32aa-0b7f-4999-bf60-6670fe5985ea,SAMMS-AikenV5
202608260854402773,202608260654257950,202608260654255519,85,4297,Bronze INV,br_ReAssessmentSubstanceUse,TASK_COMPLETE,SUCCESS,INFO,1908,1908,0,,2026-08-26T06:54:31.515Z,2026-08-26T08:57:15.847Z,7364,2026-08-26T08:57:15.847Z,B41,Chesapeake,912d32aa-0b7f-4999-bf60-6670fe5985ea,SAMMS-ChesapeakeV5
202608260854402774,202608260654257951,202608260654255519,85,4298,Bronze INV,br_ReAssessmentSubstanceUse,TASK_COMPLETE,SUCCESS,INFO,1938,1938,0,,2026-08-26T06:54:31.515Z,2026-08-26T08:57:15.847Z,7364,2026-08-26T08:57:15.847Z,B42,Virginia Beach,912d32aa-0b7f-4999-bf60-6670fe5985ea,SAMMS-VirginiaBeachV5
202608260854402775,202608260654257952,202608260654255519,85,4299,Bronze INV,br_ReAssessmentSubstanceUse,TASK_COMPLETE,SUCCESS,INFO,945,945,0,,2026-08-26T06:54:31.515Z,2026-08-26T08:57:15.847Z,7364,2026-08-26T08:57:15.847Z,B42A,Newport News,912d32aa-0b7f-4999-bf60-6670fe5985ea,SAMMS-NewportNewsV5
202608260854402776,202608260654257953,202608260654255519,85,4300,Bronze INV,br_ReAssessmentSubstanceUse,TASK_COMPLETE,SUCCESS,INFO,515,515,0,,2026-08-26T06:54:31.515Z,2026-08-26T08:57:15.847Z,7364,2026-08-26T08:57:15.847Z,B42B,Franklin,912d32aa-0b7f-4999-bf60-6670fe5985ea,SAMMS-FranklinV5
202608260854402778,202608260654257954,202608260654255519,85,4301,Bronze INV,br_ReAssessmentSubstanceUse,TASK_COMPLETE,SUCCESS,INFO,352,352,0,,2026-08-26T06:54:31.515Z,2026-08-26T08:57:15.847Z,7364,2026-08-26T08:57:15.847Z,B42C,Glen Allen,912d32aa-0b7f-4999-bf60-6670fe5985ea,SAMMS-GlenAllenV5
202608260854402779,202608260654257955,202608260654255519,85,4302,Bronze INV,br_ReAssessmentSubstanceUse,TASK_COMPLETE,SUCCESS,INFO,1510,1510,0,,2026-08-26T06:54:31.515Z,2026-08-26T08:57:15.847Z,7364,2026-08-26T08:57:15.847Z,B42D,Chesapeake South,912d32aa-0b7f-4999-bf60-6670fe5985ea,SAMMS-ChesapeakeSouthV5
202608260854402780,202608260654257956,202608260654255519,85,4303,Bronze INV,br_ReAssessmentSubstanceUse,TASK_COMPLETE,SUCCESS,INFO,638,638,0,,2026-08-26T06:54:31.515Z,2026-08-26T08:57:15.847Z,7364,2026-08-26T08:57:15.847Z,B44,Albany,912d32aa-0b7f-4999-bf60-6670fe5985ea,SAMMS-AlbanyV5
202608260854402781,202608260654257957,202608260654255519,85,4304,Bronze INV,br_ReAssessmentSubstanceUse,TASK_COMPLETE,SUCCESS,INFO,1278,1278,0,,2026-08-26T06:54:31.515Z,2026-08-26T08:57:15.847Z,7364,2026-08-26T08:57:15.847Z,B45,Tifton,912d32aa-0b7f-4999-bf60-6670fe5985ea,SAMMS-TiftonV5
202608260854402782,202608260654257958,202608260654255519,85,4305,Bronze INV,br_ReAssessmentSubstanceUse,TASK_COMPLETE,SUCCESS,INFO,605,605,0,,2026-08-26T06:54:31.515Z,2026-08-26T08:57:15.847Z,7364,2026-08-26T08:57:15.847Z,B46,Washington DC,912d32aa-0b7f-4999-bf60-6670fe5985ea,SAMMS-WashingtonDCv5
202608260854402783,202608260654257959,202608260654255519,85,4306,Bronze INV,br_ReAssessmentSubstanceUse,TASK_COMPLETE,SUCCESS,INFO,1599,1599,0,,2026-08-26T06:54:31.515Z,2026-08-26T08:57:15.847Z,7364,2026-08-26T08:57:15.847Z,B47,Mobile,912d32aa-0b7f-4999-bf60-6670fe5985ea,SAMMS-MobileV5
202608260854402784,202608260654257960,202608260654255519,85,4307,Bronze INV,br_ReAssessmentSubstanceUse,TASK_COMPLETE,SUCCESS,INFO,1307,1307,0,,2026-08-26T06:54:31.515Z,2026-08-26T08:57:15.847Z,7364,2026-08-26T08:57:15.847Z,B48,Tuscaloosa,912d32aa-0b7f-4999-bf60-6670fe5985ea,SAMMS-TuscaloosaV5
202608260854402785,202608260654257961,202608260654255519,85,4316,Bronze INV,br_ReAssessmentSubstanceUse,TASK_COMPLETE,SUCCESS,INFO,5,5,0,,2026-08-26T06:54:31.515Z,2026-08-26T08:57:15.847Z,7364,2026-08-26T08:57:15.847Z,B51,N. Little Rock (OTP),912d32aa-0b7f-4999-bf60-6670fe5985ea,SAMMS-NorthLittleRockV6
202608260854402786,202608260654257962,202608260654255519,85,4317,Bronze INV,br_ReAssessmentSubstanceUse,TASK_COMPLETE,SUCCESS,INFO,466,466,0,,2026-08-26T06:54:31.515Z,2026-08-26T08:57:15.847Z,7364,2026-08-26T08:57:15.847Z,B52,Jackson GA,912d32aa-0b7f-4999-bf60-6670fe5985ea,SAMMS-JacksonGAV5
202608260854402788,202608260654257963,202608260654255519,85,4318,Bronze INV,br_ReAssessmentSubstanceUse,TASK_COMPLETE,SUCCESS,INFO,1711,1711,0,,2026-08-26T06:54:31.515Z,2026-08-26T08:57:15.847Z,7364,2026-08-26T08:57:15.847Z,B54,Gadsden,912d32aa-0b7f-4999-bf60-6670fe5985ea,SAMMS-GadsdenV5
202608260854402789,202608260654257964,202608260654255519,85,4319,Bronze INV,br_ReAssessmentSubstanceUse,TASK_COMPLETE,SUCCESS,INFO,968,968,0,,2026-08-26T06:54:31.515Z,2026-08-26T08:57:15.847Z,7364,2026-08-26T08:57:15.847Z,B55,Shoals,912d32aa-0b7f-4999-bf60-6670fe5985ea,SAMMS-ShoalsV5
202608260854402790,202608260654257965,202608260654255519,85,4320,Bronze INV,br_ReAssessmentSubstanceUse,TASK_COMPLETE,SUCCESS,INFO,296,296,0,,2026-08-26T06:54:31.515Z,2026-08-26T08:57:15.847Z,7364,2026-08-26T08:57:15.847Z,B57,Pawtucket,912d32aa-0b7f-4999-bf60-6670fe5985ea,SAMMS-Pawtucket
202608260854402791,202608260654257966,202608260654255519,85,4321,Bronze INV,br_ReAssessmentSubstanceUse,TASK_COMPLETE,SUCCESS,INFO,559,559,0,,2026-08-26T06:54:31.515Z,2026-08-26T08:57:15.847Z,7364,2026-08-26T08:57:15.847Z,B57A,Johnston,912d32aa-0b7f-4999-bf60-6670fe5985ea,SAMMS-Johnston
202608260854400795,202608260654256228,202608260654255519,85,1723,Bronze INV,br_Appointments,TASK_COMPLETE,SUCCESS,INFO,15781,15781,0,,2026-08-26T06:54:31.515Z,2026-08-26T08:57:15.847Z,7364,2026-08-26T08:57:15.847Z,B42A,Newport News,912d32aa-0b7f-4999-bf60-6670fe5985ea,SAMMS-NewportNewsV5
202608260854400796,202608260654256229,202608260654255519,85,1724,Bronze INV,br_Appointments,TASK_COMPLETE,SUCCESS,INFO,4623,4623,0,,2026-08-26T06:54:31.515Z,2026-08-26T08:57:15.847Z,7364,2026-08-26T08:57:15.847Z,B42B,Franklin,912d32aa-0b7f-4999-bf60-6670fe5985ea,SAMMS-FranklinV5
202608260854400797,202608260654256230,202608260654255519,85,1725,Bronze INV,br_Appointments,TASK_COMPLETE,SUCCESS,INFO,10187,10187,0,,2026-08-26T06:54:31.515Z,2026-08-26T08:57:15.847Z,7364,2026-08-26T08:57:15.847Z,B42C,Glen Allen,912d32aa-0b7f-4999-bf60-6670fe5985ea,SAMMS-GlenAllenV5
202608260854400798,202608260654256231,202608260654255519,85,1726,Bronze INV,br_Appointments,TASK_COMPLETE,SUCCESS,INFO,18297,18297,0,,2026-08-26T06:54:31.515Z,2026-08-26T08:57:15.847Z,7364,2026-08-26T08:57:15.847Z,B42D,Chesapeake South,912d32aa-0b7f-4999-bf60-6670fe5985ea,SAMMS-ChesapeakeSouthV5
202608260854400799,202608260654256232,202608260654255519,85,1727,Bronze INV,br_Appointments,TASK_COMPLETE,SUCCESS,INFO,9756,9756,0,,2026-08-26T06:54:31.515Z,2026-08-26T08:57:15.847Z,7364,2026-08-26T08:57:15.847Z,B44,Albany,912d32aa-0b7f-4999-bf60-6670fe5985ea,SAMMS-AlbanyV5
202608260854400801,202608260654256233,202608260654255519,85,1728,Bronze INV,br_Appointments,TASK_COMPLETE,SUCCESS,INFO,12348,12348,0,,2026-08-26T06:54:31.515Z,2026-08-26T08:57:15.847Z,7364,2026-08-26T08:57:15.847Z,B45,Tifton,912d32aa-0b7f-4999-bf60-6670fe5985ea,SAMMS-TiftonV5
202608260854400802,202608260654256234,202608260654255519,85,1729,Bronze INV,br_Appointments,TASK_COMPLETE,SUCCESS,INFO,18581,18581,0,,2026-08-26T06:54:31.515Z,2026-08-26T08:57:15.847Z,7364,2026-08-26T08:57:15.847Z,B46,Washington DC,912d32aa-0b7f-4999-bf60-6670fe5985ea,SAMMS-WashingtonDCv5
202608260854400803,202608260654256235,202608260654255519,85,1730,Bronze INV,br_Appointments,TASK_COMPLETE,SUCCESS,INFO,14618,14618,0,,2026-08-26T06:54:31.515Z,2026-08-26T08:57:15.847Z,7364,2026-08-26T08:57:15.847Z,B47,Mobile,912d32aa-0b7f-4999-bf60-6670fe5985ea,SAMMS-MobileV5
202608260854400804,202608260654256236,202608260654255519,85,1731,Bronze INV,br_Appointments,TASK_COMPLETE,SUCCESS,INFO,18915,18915,0,,2026-08-26T06:54:31.515Z,2026-08-26T08:57:15.847Z,7364,2026-08-26T08:57:15.847Z,B48,Tuscaloosa,912d32aa-0b7f-4999-bf60-6670fe5985ea,SAMMS-TuscaloosaV5
202608260854400805,202608260654256237,202608260654255519,85,1740,Bronze INV,br_Appointments,TASK_COMPLETE,SUCCESS,INFO,6681,6681,0,,2026-08-26T06:54:31.515Z,2026-08-26T08:57:15.847Z,7364,2026-08-26T08:57:15.847Z,B51,N. Little Rock (OTP),912d32aa-0b7f-4999-bf60-6670fe5985ea,SAMMS-NorthLittleRockV6
202608260854400806,202608260654256238,202608260654255519,85,1741,Bronze INV,br_Appointments,TASK_COMPLETE,SUCCESS,INFO,11411,11411,0,,2026-08-26T06:54:31.515Z,2026-08-26T08:57:15.847Z,7364,2026-08-26T08:57:15.847Z,B52,Jackson GA,912d32aa-0b7f-4999-bf60-6670fe5985ea,SAMMS-JacksonGAV5
202608260854400807,202608260654256239,202608260654255519,85,1742,Bronze INV,br_Appointments,TASK_COMPLETE,SUCCESS,INFO,9007,9007,0,,2026-08-26T06:54:31.515Z,2026-08-26T08:57:15.847Z,7364,2026-08-26T08:57:15.847Z,B54,Gadsden,912d32aa-0b7f-4999-bf60-6670fe5985ea,SAMMS-GadsdenV5
202608260854400808,202608260654256240,202608260654255519,85,1743,Bronze INV,br_Appointments,TASK_COMPLETE,SUCCESS,INFO,13977,13977,0,,2026-08-26T06:54:31.515Z,2026-08-26T08:57:15.847Z,7364,2026-08-26T08:57:15.847Z,B55,Shoals,912d32aa-0b7f-4999-bf60-6670fe5985ea,SAMMS-ShoalsV5
202608260854400809,202608260654256241,202608260654255519,85,1744,Bronze INV,br_Appointments,TASK_COMPLETE,SUCCESS,INFO,15639,15639,0,,2026-08-26T06:54:31.515Z,2026-08-26T08:57:15.847Z,7364,2026-08-26T08:57:15.847Z,B57,Pawtucket,912d32aa-0b7f-4999-bf60-6670fe5985ea,SAMMS-Pawtucket
202608260854400811,202608260654256242,202608260654255519,85,1745,Bronze INV,br_Appointments,TASK_COMPLETE,SUCCESS,INFO,11774,11774,0,,2026-08-26T06:54:31.515Z,2026-08-26T08:57:15.847Z,7364,2026-08-26T08:57:15.847Z,B57A,Johnston,912d32aa-0b7f-4999-bf60-6670fe5985ea,SAMMS-Johnston
202608260854400812,202608260654256243,202608260654255519,85,1746,Bronze INV,br_Appointments,TASK_COMPLETE,SUCCESS,INFO,4087,4087,0,,2026-08-26T06:54:31.515Z,2026-08-26T08:57:15.847Z,7364,2026-08-26T08:57:15.847Z,B57B,Middletown,912d32aa-0b7f-4999-bf60-6670fe5985ea,SAMMS-Middletown
202608260854400813,202608260654256244,202608260654255519,85,1747,Bronze INV,br_Appointments,TASK_COMPLETE,SUCCESS,INFO,11650,11650,0,,2026-08-26T06:54:31.515Z,2026-08-26T08:57:15.847Z,7364,2026-08-26T08:57:15.847Z,B57C,Providence,912d32aa-0b7f-4999-bf60-6670fe5985ea,SAMMS-Providence
202608260854400814,202608260654256245,202608260654255519,85,1748,Bronze INV,br_Appointments,TASK_COMPLETE,SUCCESS,INFO,21082,21082,0,,2026-08-26T06:54:31.515Z,2026-08-26T08:57:15.847Z,7364,2026-08-26T08:57:15.847Z,B57D,Westerly,912d32aa-0b7f-4999-bf60-6670fe5985ea,SAMMS-Westerly
202608260854400815,202608260654256246,202608260654255519,85,1752,Bronze INV,br_Appointments,TASK_COMPLETE,SUCCESS,INFO,15583,15583,0,,2026-08-26T06:54:31.515Z,2026-08-26T08:57:15.847Z,7364,2026-08-26T08:57:15.847Z,B66A,Bremen,912d32aa-0b7f-4999-bf60-6670fe5985ea,SAMMS-Bremen
202608260854400816,202608260654256247,202608260654255519,85,1755,Bronze INV,br_Appointments,TASK_COMPLETE,SUCCESS,INFO,38252,38252,0,,2026-08-26T06:54:31.515Z,2026-08-26T08:57:15.847Z,7364,2026-08-26T08:57:15.847Z,B72,Mobile (OBOT),912d32aa-0b7f-4999-bf60-6670fe5985ea,SAMMS-Mobile-OBOT
202608260854400817,202608260654256248,202608260654255519,85,1756,Bronze INV,br_Appointments,TASK_COMPLETE,SUCCESS,INFO,15814,15814,0,,2026-08-26T06:54:31.515Z,2026-08-26T08:57:15.847Z,7364,2026-08-26T08:57:15.847Z,B73,Montgomery,912d32aa-0b7f-4999-bf60-6670fe5985ea,SAMMS-Montgomery
202608260854400818,202608260654256249,202608260654255519,85,1757,Bronze INV,br_Appointments,TASK_COMPLETE,SUCCESS,INFO,8786,8786,0,,2026-08-26T06:54:31.515Z,2026-08-26T08:57:15.847Z,7364,2026-08-26T08:57:15.847Z,B75,Lawrence,912d32aa-0b7f-4999-bf60-6670fe5985ea,SAMMS-LawrenceV6
202608260854400819,202608260654256250,202608260654255519,85,1758,Bronze INV,br_Appointments,TASK_COMPLETE,SUCCESS,INFO,1759,1759,0,,2026-08-26T06:54:31.515Z,2026-08-26T08:57:15.847Z,7364,2026-08-26T08:57:15.847Z,B76,Huntsville OBOT,912d32aa-0b7f-4999-bf60-6670fe5985ea,SAMMS-Huntsville-OBOT
202608260854400821,202608260654256251,202608260654255519,85,1759,Bronze INV,br_Appointments,TASK_COMPLETE,SUCCESS,INFO,12146,12146,0,,2026-08-26T06:54:31.515Z,2026-08-26T08:57:15.847Z,7364,2026-08-26T08:57:15.847Z,BAT,Batesville,912d32aa-0b7f-4999-bf60-6670fe5985ea,SAMMS-Batesville
202608260854400822,202608260654256252,202608260654255519,85,1760,Bronze INV,br_Appointments,TASK_COMPLETE,SUCCESS,INFO,11364,11364,0,,2026-08-26T06:54:31.515Z,2026-08-26T08:57:15.847Z,7364,2026-08-26T08:57:15.847Z,BG,Bowling Green,912d32aa-0b7f-4999-bf60-6670fe5985ea,SAMMS-BowlingGreen
202608260854400823,202608260654256253,202608260654255519,85,1761,Bronze INV,br_Appointments,TASK_COMPLETE,SUCCESS,INFO,10144,10144,0,,2026-08-26T06:54:31.515Z,2026-08-26T08:57:15.847Z,7364,2026-08-26T08:57:15.847Z,BOI,Boise,912d32aa-0b7f-4999-bf60-6670fe5985ea,SAMMS-Boise
202608260854400824,202608260654256254,202608260654255519,85,1768,Bronze INV,br_Appointments,TASK_COMPLETE,SUCCESS,INFO,5455,5455,0,,2026-08-26T06:54:31.515Z,2026-08-26T08:57:15.847Z,7364,2026-08-26T08:57:15.847Z,CBCO,Coeur dAlene,912d32aa-0b7f-4999-bf60-6670fe5985ea,SAMMS-CoeurdAleneV6
202608260854400827,202608260654256255,202608260654255519,85,1787,Bronze INV,br_Appointments,TASK_COMPLETE,SUCCESS,INFO,18505,18505,0,,2026-08-26T06:54:31.515Z,2026-08-26T08:57:15.847Z,7364,2026-08-26T08:57:15.847Z,CON,Conway,912d32aa-0b7f-4999-bf60-6670fe5985ea,SAMMS-Conway
202608260854400828,202608260654256256,202608260654255519,85,1788,Bronze INV,br_Appointments,TASK_COMPLETE,SUCCESS,INFO,99466,99466,0,,2026-08-26T06:54:31.515Z,2026-08-26T08:57:15.847Z,7364,2026-08-26T08:57:15.847Z,D07,Medical Services Knox TN,912d32aa-0b7f-4999-bf60-6670fe5985ea,SAMMS-KnoxvilleV6
202608260854400829,202608260654256257,202608260654255519,85,1789,Bronze INV,br_Appointments,TASK_COMPLETE,SUCCESS,INFO,12841,12841,0,,2026-08-26T06:54:31.515Z,2026-08-26T08:57:15.847Z,7364,2026-08-26T08:57:15.847Z,D08,Madison,912d32aa-0b7f-4999-bf60-6670fe5985ea,SAMMS-MadisonV6
202608260854400830,202608260654256258,202608260654255519,85,1791,Bronze INV,br_Appointments,TASK_COMPLETE,SUCCESS,INFO,9923,9923,0,,2026-08-26T06:54:31.515Z,2026-08-26T08:57:15.847Z,7364,2026-08-26T08:57:15.847Z,D09,Murfreesboro,912d32aa-0b7f-4999-bf60-6670fe5985ea,SAMMS-MurfreesboroV6
202608260854400831,202608260654256259,202608260654255519,85,1792,Bronze INV,br_Appointments,TASK_COMPLETE,SUCCESS,INFO,27846,27846,0,,2026-08-26T06:54:31.515Z,2026-08-26T08:57:15.847Z,7364,2026-08-26T08:57:15.847Z,DA,Davenport,912d32aa-0b7f-4999-bf60-6670fe5985ea,SAMMS-Davenport
202608260854400832,202608260654256260,202608260654255519,85,1793,Bronze INV,br_Appointments,TASK_COMPLETE,SUCCESS,INFO,19476,19476,0,,2026-08-26T06:54:31.515Z,2026-08-26T08:57:15.847Z,7364,2026-08-26T08:57:15.847Z,DM,Des Moines,912d32aa-0b7f-4999-bf60-6670fe5985ea,SAMMS-DesMoines
202608260854400833,202608260654256261,202608260654255519,85,1795,Bronze INV,br_Appointments,TASK_COMPLETE,SUCCESS,INFO,16413,16413,0,,2026-08-26T06:54:31.515Z,2026-08-26T08:57:15.847Z,7364,2026-08-26T08:57:15.847Z,DRD-CO,Columbia MO,912d32aa-0b7f-4999-bf60-6670fe5985ea,SAMMS-ColumbiaV5
202608260854400835,202608260654256262,202608260654255519,85,1796,Bronze INV,br_Appointments,TASK_COMPLETE,SUCCESS,INFO,16019,16019,0,,2026-08-26T06:54:31.515Z,2026-08-26T08:57:15.847Z,7364,2026-08-26T08:57:15.847Z,DRD-KC,KC,912d32aa-0b7f-4999-bf60-6670fe5985ea,SAMMS-KCv5
202608260854400836,202608260654256263,202608260654255519,85,1797,Bronze INV,br_Appointments,TASK_COMPLETE,SUCCESS,INFO,41381,41381,0,,2026-08-26T06:54:31.515Z,2026-08-26T08:57:15.847Z,7364,2026-08-26T08:57:15.847Z,DRD-KVB,KVB,912d32aa-0b7f-4999-bf60-6670fe5985ea,SAMMS-KVBv5
202608260854400838,202608260654256264,202608260654255519,85,1798,Bronze INV,br_Appointments,TASK_COMPLETE,SUCCESS,INFO,52250,52250,0,,2026-08-26T06:54:31.515Z,2026-08-26T08:57:15.847Z,7364,2026-08-26T08:57:15.847Z,DRD-KVC,KVC,912d32aa-0b7f-4999-bf60-6670fe5985ea,SAMMS-KVCv5
202608260854400839,202608260654256265,202608260654255519,85,1799,Bronze INV,br_Appointments,TASK_COMPLETE,SUCCESS,INFO,50373,50373,0,,2026-08-26T06:54:31.515Z,2026-08-26T08:57:15.847Z,7364,2026-08-26T08:57:15.847Z,DRD-NOLA,NOLA,912d32aa-0b7f-4999-bf60-6670fe5985ea,SAMMS-NOLAv5
202608260854400840,202608260654256266,202608260654255519,85,1800,Bronze INV,br_Appointments,TASK_COMPLETE,SUCCESS,INFO,16094,16094,0,,2026-08-26T06:54:31.515Z,2026-08-26T08:57:15.847Z,7364,2026-08-26T08:57:15.847Z,DRD-SF,Springfield,912d32aa-0b7f-4999-bf60-6670fe5985ea,SAMMS-SFv5
202608260854400841,202608260654256267,202608260654255519,85,1802,Bronze INV,br_Appointments,TASK_COMPLETE,SUCCESS,INFO,21432,21432,0,,2026-08-26T06:54:31.515Z,2026-08-26T08:57:15.847Z,7364,2026-08-26T08:57:15.847Z,ELC,Elizabeth City,912d32aa-0b7f-4999-bf60-6670fe5985ea,SAMMS-ElizabethCity
202608260854400842,202608260654256268,202608260654255519,85,1803,Bronze INV,br_Appointments,TASK_COMPLETE,SUCCESS,INFO,12944,12944,0,,2026-08-26T06:54:31.515Z,2026-08-26T08:57:15.847Z,7364,2026-08-26T08:57:15.847Z,ET,Elizabethtown,912d32aa-0b7f-4999-bf60-6670fe5985ea,SAMMS-Elizabethtown
202608260854400843,202608260654256269,202608260654255519,85,1804,Bronze INV,br_Appointments,TASK_COMPLETE,SUCCESS,INFO,17501,17501,0,,2026-08-26T06:54:31.515Z,2026-08-26T08:57:15.847Z,7364,2026-08-26T08:57:15.847Z,FAY,Fayetteville,912d32aa-0b7f-4999-bf60-6670fe5985ea,SAMMS-Fayetteville
202608260854400844,202608260654256270,202608260654255519,85,1805,Bronze INV,br_Appointments,TASK_COMPLETE,SUCCESS,INFO,2714,2714,0,,2026-08-26T06:54:31.515Z,2026-08-26T08:57:15.847Z,7364,2026-08-26T08:57:15.847Z,FR,Frankfort,912d32aa-0b7f-4999-bf60-6670fe5985ea,SAMMS-Frankfort
202608260854400845,202608260654256271,202608260654255519,85,1806,Bronze INV,br_Appointments,TASK_COMPLETE,SUCCESS,INFO,14042,14042,0,,2026-08-26T06:54:31.515Z,2026-08-26T08:57:15.847Z,7364,2026-08-26T08:57:15.847Z,FS,Fort Smith,912d32aa-0b7f-4999-bf60-6670fe5985ea,SAMMS-FortSmith
202608260854400847,202608260654256272,202608260654255519,85,1807,Bronze INV,br_Appointments,TASK_COMPLETE,SUCCESS,INFO,25285,25285,0,,2026-08-26T06:54:31.515Z,2026-08-26T08:57:15.847Z,7364,2026-08-26T08:57:15.847Z,FW,Fort Wayne,912d32aa-0b7f-4999-bf60-6670fe5985ea,SAMMS-FortWayne
202608260854400848,202608260654256273,202608260654255519,85,1808,Bronze INV,br_Appointments,TASK_COMPLETE,SUCCESS,INFO,24117,24117,0,,2026-08-26T06:54:31.515Z,2026-08-26T08:57:15.847Z,7364,2026-08-26T08:57:15.847Z,GAL,Gaylord,912d32aa-0b7f-4999-bf60-6670fe5985ea,SAMMS-Gaylord
202608260854400849,202608260654256274,202608260654255519,85,1812,Bronze INV,br_Appointments,TASK_COMPLETE,SUCCESS,INFO,49508,49508,0,,2026-08-26T06:54:31.515Z,2026-08-26T08:57:15.847Z,7364,2026-08-26T08:57:15.847Z,HGT,Hagerstown,912d32aa-0b7f-4999-bf60-6670fe5985ea,SAMMS-Hagerstown
202608260854400850,202608260654256275,202608260654255519,85,1813,Bronze INV,br_Appointments,TASK_COMPLETE,SUCCESS,INFO,16757,16757,0,,2026-08-26T06:54:31.515Z,2026-08-26T08:57:15.847Z,7364,2026-08-26T08:57:15.847Z,HNT,Huntsville,912d32aa-0b7f-4999-bf60-6670fe5985ea,SAMMS-Huntsville
202608260854400851,202608260654256276,202608260654255519,85,1814,Bronze INV,br_Appointments,TASK_COMPLETE,SUCCESS,INFO,17388,17388,0,,2026-08-26T06:54:31.515Z,2026-08-26T08:57:15.847Z,7364,2026-08-26T08:57:15.847Z,HS,Hot Springs,912d32aa-0b7f-4999-bf60-6670fe5985ea,SAMMS-HotSprings
202608260854400853,202608260654256277,202608260654255519,85,1815,Bronze INV,br_Appointments,TASK_COMPLETE,SUCCESS,INFO,10309,10309,0,,2026-08-26T06:54:31.515Z,2026-08-26T08:57:15.847Z,7364,2026-08-26T08:57:15.847Z,JON,Jonesboro,912d32aa-0b7f-4999-bf60-6670fe5985ea,SAMMS-Jonesboro
202608260854400854,202608260654256278,202608260654255519,85,1817,Bronze INV,br_Appointments,TASK_COMPLETE,SUCCESS,INFO,23423,23423,0,,2026-08-26T06:54:31.515Z,2026-08-26T08:57:15.847Z,7364,2026-08-26T08:57:15.847Z,LAN,Lansing,912d32aa-0b7f-4999-bf60-6670fe5985ea,SAMMS-Lansing
202608260854400855,202608260654256279,202608260654255519,85,1818,Bronze INV,br_Appointments,TASK_COMPLETE,SUCCESS,INFO,19188,19188,0,,2026-08-26T06:54:31.515Z,2026-08-26T08:57:15.847Z,7364,2026-08-26T08:57:15.847Z,LO,Louisville,912d32aa-0b7f-4999-bf60-6670fe5985ea,SAMMS-Louisville
202608260854400856,202608260654256280,202608260654255519,85,1819,Bronze INV,br_Appointments,TASK_COMPLETE,SUCCESS,INFO,13508,13508,0,,2026-08-26T06:54:31.515Z,2026-08-26T08:57:15.847Z,7364,2026-08-26T08:57:15.847Z,LV1,Cheyenne,912d32aa-0b7f-4999-bf60-6670fe5985ea,SAMMS-Cheyenne
202608260854400857,202608260654256281,202608260654255519,85,1820,Bronze INV,br_Appointments,TASK_COMPLETE,SUCCESS,INFO,13444,13444,0,,2026-08-26T06:54:31.515Z,2026-08-26T08:57:15.847Z,7364,2026-08-26T08:57:15.847Z,LV2,Desert Inn,912d32aa-0b7f-4999-bf60-6670fe5985ea,SAMMS-DesertInn
202608260854400858,202608260654256282,202608260654255519,85,1821,Bronze INV,br_Appointments,TASK_COMPLETE,SUCCESS,INFO,3266,3266,0,,2026-08-26T06:54:31.515Z,2026-08-26T08:57:15.847Z,7364,2026-08-26T08:57:15.847Z,LV3,McDaniel,912d32aa-0b7f-4999-bf60-6670fe5985ea,SAMMS-McDaniel
202608260854400859,202608260654256283,202608260654255519,85,1824,Bronze INV,br_Appointments,TASK_COMPLETE,SUCCESS,INFO,8049,8049,0,,2026-08-26T06:54:31.515Z,2026-08-26T08:57:15.847Z,7364,2026-08-26T08:57:15.847Z,MNRE,Monroe,912d32aa-0b7f-4999-bf60-6670fe5985ea,SAMMS-Monroe
202608260854400860,202608260654256284,202608260654255519,85,1825,Bronze INV,br_Appointments,TASK_COMPLETE,SUCCESS,INFO,29302,29302,0,,2026-08-26T06:54:31.515Z,2026-08-26T08:57:15.847Z,7364,2026-08-26T08:57:15.847Z,MP,Mt. Pleasant,912d32aa-0b7f-4999-bf60-6670fe5985ea,SAMMS-MtPleasant
202608260854400861,202608260654256285,202608260654255519,85,1826,Bronze INV,br_Appointments,TASK_COMPLETE,SUCCESS,INFO,11572,11572,0,,2026-08-26T06:54:31.515Z,2026-08-26T08:57:15.847Z,7364,2026-08-26T08:57:15.847Z,MRD,Meridian,912d32aa-0b7f-4999-bf60-6670fe5985ea,SAMMS-Meridian
202608260854400862,202608260654256286,202608260654255519,85,1831,Bronze INV,br_Appointments,TASK_COMPLETE,SUCCESS,INFO,15748,15748,0,,2026-08-26T06:54:31.515Z,2026-08-26T08:57:15.847Z,7364,2026-08-26T08:57:15.847Z,NC,North Charleston,912d32aa-0b7f-4999-bf60-6670fe5985ea,SAMMS-NorthCharleston
202608260854400864,202608260654256287,202608260654255519,85,1832,Bronze INV,br_Appointments,TASK_COMPLETE,SUCCESS,INFO,26871,26871,0,,2026-08-26T06:54:31.515Z,2026-08-26T08:57:15.847Z,7364,2026-08-26T08:57:15.847Z,NLR,N. Little Rock,912d32aa-0b7f-4999-bf60-6670fe5985ea,SAMMS-NLROBOT
202608260854400865,202608260654256288,202608260654255519,85,1833,Bronze INV,br_Appointments,TASK_COMPLETE,SUCCESS,INFO,3399,3399,0,,2026-08-26T06:54:31.515Z,2026-08-26T08:57:15.847Z,7364,2026-08-26T08:57:15.847Z,PH,Phoenix,912d32aa-0b7f-4999-bf60-6670fe5985ea,SAMMS-Phoenix
202608260854400866,202608260654256289,202608260654255519,85,1837,Bronze INV,br_Appointments,TASK_COMPLETE,SUCCESS,INFO,19524,19524,0,,2026-08-26T06:54:31.515Z,2026-08-26T08:57:15.847Z,7364,2026-08-26T08:57:15.847Z,RE,Reno,912d32aa-0b7f-4999-bf60-6670fe5985ea,SAMMS-Reno
202608260854400867,202608260654256290,202608260654255519,85,1838,Bronze INV,br_Appointments,TASK_COMPLETE,SUCCESS,INFO,12095,12095,0,,2026-08-26T06:54:31.515Z,2026-08-26T08:57:15.847Z,7364,2026-08-26T08:57:15.847Z,RMD,Richmond,912d32aa-0b7f-4999-bf60-6670fe5985ea,SAMMS-Richmond
202608260854400868,202608260654256291,202608260654255519,85,1839,Bronze INV,br_Appointments,TASK_COMPLETE,SUCCESS,INFO,13181,13181,0,,2026-08-26T06:54:31.515Z,2026-08-26T08:57:15.847Z,7364,2026-08-26T08:57:15.847Z,SFN,Springfield North,912d32aa-0b7f-4999-bf60-6670fe5985ea,SAMMS-SFNv5
202608260854400869,202608260654256292,202608260654255519,85,1840,Bronze INV,br_Appointments,TASK_COMPLETE,SUCCESS,INFO,12839,12839,0,,2026-08-26T06:54:31.515Z,2026-08-26T08:57:15.847Z,7364,2026-08-26T08:57:15.847Z,SHP,Shreveport,912d32aa-0b7f-4999-bf60-6670fe5985ea,SAMMS-Shreveport
202608260854400870,202608260654256293,202608260654255519,85,1842,Bronze INV,br_Appointments,TASK_COMPLETE,SUCCESS,INFO,14133,14133,0,,2026-08-26T06:54:31.515Z,2026-08-26T08:57:15.847Z,7364,2026-08-26T08:57:15.847Z,STN,Staunton,912d32aa-0b7f-4999-bf60-6670fe5985ea,SAMMS-Staunton
202608260854400871,202608260654256294,202608260654255519,85,1843,Bronze INV,br_Appointments,TASK_COMPLETE,SUCCESS,INFO,1854,1854,0,,2026-08-26T06:54:31.515Z,2026-08-26T08:57:15.847Z,7364,2026-08-26T08:57:15.847Z,STVN,Stevenson,912d32aa-0b7f-4999-bf60-6670fe5985ea,SAMMS-Stevenson
202608260854400872,202608260654256295,202608260654255519,85,1845,Bronze INV,br_Appointments,TASK_COMPLETE,SUCCESS,INFO,5535,5535,0,,2026-08-26T06:54:31.515Z,2026-08-26T08:57:15.847Z,7364,2026-08-26T08:57:15.847Z,TE,Tempe,912d32aa-0b7f-4999-bf60-6670fe5985ea,SAMMS-Tempe
202608260854400873,202608260654256296,202608260654255519,85,1846,Bronze INV,br_Appointments,TASK_COMPLETE,SUCCESS,INFO,15243,15243,0,,2026-08-26T06:54:31.515Z,2026-08-26T08:57:15.847Z,7364,2026-08-26T08:57:15.847Z,TEX,Texarkana,912d32aa-0b7f-4999-bf60-6670fe5985ea,SAMMS-Texarkana
202608260854400875,202608260654256297,202608260654255519,85,1847,Bronze INV,br_Appointments,TASK_COMPLETE,SUCCESS,INFO,7700,7700,0,,2026-08-26T06:54:31.515Z,2026-08-26T08:57:15.847Z,7364,2026-08-26T08:57:15.847Z,TTCA,Bessemer,912d32aa-0b7f-4999-bf60-6670fe5985ea,SAMMS-BessemerV5
202608260854400876,202608260654256298,202608260654255519,85,1848,Bronze INV,br_Appointments,TASK_COMPLETE,SUCCESS,INFO,22894,22894,0,,2026-08-26T06:54:31.515Z,2026-08-26T08:57:15.847Z,7364,2026-08-26T08:57:15.847Z,TTCB,Cullman,912d32aa-0b7f-4999-bf60-6670fe5985ea,SAMMS-CullmanV5
202608260854400877,202608260654256299,202608260654255519,85,1849,Bronze INV,br_Appointments,TASK_COMPLETE,SUCCESS,INFO,12461,12461,0,,2026-08-26T06:54:31.515Z,2026-08-26T08:57:15.847Z,7364,2026-08-26T08:57:15.847Z,TTCC,Grand Bay,912d32aa-0b7f-4999-bf60-6670fe5985ea,SAMMS-GrandBay
202608260854400878,202608260654256300,202608260654255519,85,1850,Bronze INV,br_Appointments,TASK_COMPLETE,SUCCESS,INFO,1300,1300,0,,2026-08-26T06:54:31.515Z,2026-08-26T08:57:15.847Z,7364,2026-08-26T08:57:15.847Z,TU,Tucson,912d32aa-0b7f-4999-bf60-6670fe5985ea,SAMMS-Tucson
202608260854400879,202608260654256301,202608260654255519,85,1852,Bronze INV,br_Appointments,TASK_COMPLETE,SUCCESS,INFO,8455,8455,0,,2026-08-26T06:54:31.515Z,2026-08-26T08:57:15.847Z,7364,2026-08-26T08:57:15.847Z,V1,Memphis South,912d32aa-0b7f-4999-bf60-6670fe5985ea,SAMMS-VCPHCS-I-MemphisV5
202608260854400880,202608260654256302,202608260654255519,85,1853,Bronze INV,br_Appointments,TASK_COMPLETE,SUCCESS,INFO,17991,17991,0,,2026-08-26T06:54:31.515Z,2026-08-26T08:57:15.847Z,7364,2026-08-26T08:57:15.847Z,V10,Longmont,912d32aa-0b7f-4999-bf60-6670fe5985ea,SAMMS-BoulderV5
202608260854400881,202608260654256303,202608260654255519,85,1854,Bronze INV,br_Appointments,TASK_COMPLETE,SUCCESS,INFO,43292,43292,0,,2026-08-26T06:54:31.515Z,2026-08-26T08:57:15.847Z,7364,2026-08-26T08:57:15.847Z,V10A,Fort Collins,912d32aa-0b7f-4999-bf60-6670fe5985ea,SAMMS-FortCollinsV5
202608260854399280,202608260654256396,202608260654255519,85,349,Bronze INV,br_AdmissionAssessment,TASK_COMPLETE,SUCCESS,INFO,107,107,0,,2026-08-26T06:54:31.515Z,2026-08-26T08:57:15.847Z,7364,2026-08-26T08:57:15.847Z,LV3,McDaniel,912d32aa-0b7f-4999-bf60-6670fe5985ea,SAMMS-McDaniel
202608260854399281,202608260654256397,202608260654255519,85,352,Bronze INV,br_AdmissionAssessment,TASK_COMPLETE,SUCCESS,INFO,90,90,0,,2026-08-26T06:54:31.515Z,2026-08-26T08:57:15.847Z,7364,2026-08-26T08:57:15.847Z,MNRE,Monroe,912d32aa-0b7f-4999-bf60-6670fe5985ea,SAMMS-Monroe
202608260854399283,202608260654256398,202608260654255519,85,353,Bronze INV,br_AdmissionAssessment,TASK_COMPLETE,SUCCESS,INFO,63,63,0,,2026-08-26T06:54:31.515Z,2026-08-26T08:57:15.847Z,7364,2026-08-26T08:57:15.847Z,MP,Mt. Pleasant,912d32aa-0b7f-4999-bf60-6670fe5985ea,SAMMS-MtPleasant
202608260854399284,202608260654256399,202608260654255519,85,354,Bronze INV,br_AdmissionAssessment,TASK_COMPLETE,SUCCESS,INFO,54,54,0,,2026-08-26T06:54:31.515Z,2026-08-26T08:57:15.847Z,7364,2026-08-26T08:57:15.847Z,MRD,Meridian,912d32aa-0b7f-4999-bf60-6670fe5985ea,SAMMS-Meridian
202608260854399285,202608260654256400,202608260654255519,85,359,Bronze INV,br_AdmissionAssessment,TASK_COMPLETE,SUCCESS,INFO,197,197,0,,2026-08-26T06:54:31.515Z,2026-08-26T08:57:15.847Z,7364,2026-08-26T08:57:15.847Z,NC,North Charleston,912d32aa-0b7f-4999-bf60-6670fe5985ea,SAMMS-NorthCharleston
202608260854399286,202608260654256401,202608260654255519,85,360,Bronze INV,br_AdmissionAssessment,TASK_COMPLETE,SUCCESS,INFO,282,282,0,,2026-08-26T06:54:31.515Z,2026-08-26T08:57:15.847Z,7364,2026-08-26T08:57:15.847Z,NLR,N. Little Rock,912d32aa-0b7f-4999-bf60-6670fe5985ea,SAMMS-NLROBOT
202608260854399287,202608260654256402,202608260654255519,85,361,Bronze INV,br_AdmissionAssessment,TASK_COMPLETE,SUCCESS,INFO,0,0,0,,2026-08-26T06:54:31.515Z,2026-08-26T08:57:15.847Z,7364,2026-08-26T08:57:15.847Z,PH,Phoenix,912d32aa-0b7f-4999-bf60-6670fe5985ea,SAMMS-Phoenix
202608260854399288,202608260654256403,202608260654255519,85,365,Bronze INV,br_AdmissionAssessment,TASK_COMPLETE,SUCCESS,INFO,204,204,0,,2026-08-26T06:54:31.515Z,2026-08-26T08:57:15.847Z,7364,2026-08-26T08:57:15.847Z,RE,Reno,912d32aa-0b7f-4999-bf60-6670fe5985ea,SAMMS-Reno
202608260854399289,202608260654256404,202608260654255519,85,366,Bronze INV,br_AdmissionAssessment,TASK_COMPLETE,SUCCESS,INFO,2,2,0,,2026-08-26T06:54:31.515Z,2026-08-26T08:57:15.847Z,7364,2026-08-26T08:57:15.847Z,RMD,Richmond,912d32aa-0b7f-4999-bf60-6670fe5985ea,SAMMS-Richmond
202608260854399291,202608260654256405,202608260654255519,85,367,Bronze INV,br_AdmissionAssessment,TASK_COMPLETE,SUCCESS,INFO,185,185,0,,2026-08-26T06:54:31.515Z,2026-08-26T08:57:15.847Z,7364,2026-08-26T08:57:15.847Z,SFN,Springfield North,912d32aa-0b7f-4999-bf60-6670fe5985ea,SAMMS-SFNv5
202608260854399292,202608260654256406,202608260654255519,85,368,Bronze INV,br_AdmissionAssessment,TASK_COMPLETE,SUCCESS,INFO,157,157,0,,2026-08-26T06:54:31.515Z,2026-08-26T08:57:15.847Z,7364,2026-08-26T08:57:15.847Z,SHP,Shreveport,912d32aa-0b7f-4999-bf60-6670fe5985ea,SAMMS-Shreveport
202608260854399293,202608260654256407,202608260654255519,85,370,Bronze INV,br_AdmissionAssessment,TASK_COMPLETE,SUCCESS,INFO,0,0,0,,2026-08-26T06:54:31.515Z,2026-08-26T08:57:15.847Z,7364,2026-08-26T08:57:15.847Z,STN,Staunton,912d32aa-0b7f-4999-bf60-6670fe5985ea,SAMMS-Staunton
202608260854399294,202608260654256408,202608260654255519,85,371,Bronze INV,br_AdmissionAssessment,TASK_COMPLETE,SUCCESS,INFO,25,25,0,,2026-08-26T06:54:31.515Z,2026-08-26T08:57:15.847Z,7364,2026-08-26T08:57:15.847Z,STVN,Stevenson,912d32aa-0b7f-4999-bf60-6670fe5985ea,SAMMS-Stevenson
202608260854399295,202608260654256409,202608260654255519,85,373,Bronze INV,br_AdmissionAssessment,TASK_COMPLETE,SUCCESS,INFO,0,0,0,,2026-08-26T06:54:31.515Z,2026-08-26T08:57:15.847Z,7364,2026-08-26T08:57:15.847Z,TE,Tempe,912d32aa-0b7f-4999-bf60-6670fe5985ea,SAMMS-Tempe
202608260854399296,202608260654256410,202608260654255519,85,374,Bronze INV,br_AdmissionAssessment,TASK_COMPLETE,SUCCESS,INFO,169,169,0,,2026-08-26T06:54:31.515Z,2026-08-26T08:57:15.847Z,7364,2026-08-26T08:57:15.847Z,TEX,Texarkana,912d32aa-0b7f-4999-bf60-6670fe5985ea,SAMMS-Texarkana
202608260854399297,202608260654256411,202608260654255519,85,375,Bronze INV,br_AdmissionAssessment,TASK_COMPLETE,SUCCESS,INFO,134,134,0,,2026-08-26T06:54:31.515Z,2026-08-26T08:57:15.847Z,7364,2026-08-26T08:57:15.847Z,TTCA,Bessemer,912d32aa-0b7f-4999-bf60-6670fe5985ea,SAMMS-BessemerV5
202608260854399299,202608260654256412,202608260654255519,85,376,Bronze INV,br_AdmissionAssessment,TASK_COMPLETE,SUCCESS,INFO,158,158,0,,2026-08-26T06:54:31.515Z,2026-08-26T08:57:15.847Z,7364,2026-08-26T08:57:15.847Z,TTCB,Cullman,912d32aa-0b7f-4999-bf60-6670fe5985ea,SAMMS-CullmanV5
202608260854399300,202608260654256413,202608260654255519,85,377,Bronze INV,br_AdmissionAssessment,TASK_COMPLETE,SUCCESS,INFO,72,72,0,,2026-08-26T06:54:31.515Z,2026-08-26T08:57:15.847Z,7364,2026-08-26T08:57:15.847Z,TTCC,Grand Bay,912d32aa-0b7f-4999-bf60-6670fe5985ea,SAMMS-GrandBay
202608260854399301,202608260654256414,202608260654255519,85,378,Bronze INV,br_AdmissionAssessment,TASK_COMPLETE,SUCCESS,INFO,1,1,0,,2026-08-26T06:54:31.515Z,2026-08-26T08:57:15.847Z,7364,2026-08-26T08:57:15.847Z,TU,Tucson,912d32aa-0b7f-4999-bf60-6670fe5985ea,SAMMS-Tucson
202608260854399302,202608260654256415,202608260654255519,85,380,Bronze INV,br_AdmissionAssessment,TASK_COMPLETE,SUCCESS,INFO,57,57,0,,2026-08-26T06:54:31.515Z,2026-08-26T08:57:15.847Z,7364,2026-08-26T08:57:15.847Z,V1,Memphis South,912d32aa-0b7f-4999-bf60-6670fe5985ea,SAMMS-VCPHCS-I-MemphisV5
202608260854399303,202608260654256416,202608260654255519,85,381,Bronze INV,br_AdmissionAssessment,TASK_COMPLETE,SUCCESS,INFO,128,128,0,,2026-08-26T06:54:31.515Z,2026-08-26T08:57:15.847Z,7364,2026-08-26T08:57:15.847Z,V10,Longmont,912d32aa-0b7f-4999-bf60-6670fe5985ea,SAMMS-BoulderV5
202608260854399304,202608260654256417,202608260654255519,85,382,Bronze INV,br_AdmissionAssessment,TASK_COMPLETE,SUCCESS,INFO,270,270,0,,2026-08-26T06:54:31.515Z,2026-08-26T08:57:15.847Z,7364,2026-08-26T08:57:15.847Z,V10A,Fort Collins,912d32aa-0b7f-4999-bf60-6670fe5985ea,SAMMS-FortCollinsV5
202608260854399306,202608260654256418,202608260654255519,85,383,Bronze INV,br_AdmissionAssessment,TASK_COMPLETE,SUCCESS,INFO,199,199,0,,2026-08-26T06:54:31.515Z,2026-08-26T08:57:15.847Z,7364,2026-08-26T08:57:15.847Z,V11,Westminster,912d32aa-0b7f-4999-bf60-6670fe5985ea,SAMMS-VCPHCS-XI-NorthDenverV5
202608260854399307,202608260654256419,202608260654255519,85,384,Bronze INV,br_AdmissionAssessment,TASK_COMPLETE,SUCCESS,INFO,329,329,0,,2026-08-26T06:54:31.515Z,2026-08-26T08:57:15.847Z,7364,2026-08-26T08:57:15.847Z,V12,Downtown Denver,912d32aa-0b7f-4999-bf60-6670fe5985ea,SAMMS-VCPHCS-XII-DowntownDenverV5
202608260854399308,202608260654256420,202608260654255519,85,385,Bronze INV,br_AdmissionAssessment,TASK_COMPLETE,SUCCESS,INFO,80,80,0,,2026-08-26T06:54:31.515Z,2026-08-26T08:57:15.847Z,7364,2026-08-26T08:57:15.847Z,V12A,Centennial,912d32aa-0b7f-4999-bf60-6670fe5985ea,SAMMS-CentennialV5
202608260854399309,202608260654256421,202608260654255519,85,386,Bronze INV,br_AdmissionAssessment,TASK_COMPLETE,SUCCESS,INFO,116,116,0,,2026-08-26T06:54:31.515Z,2026-08-26T08:57:15.847Z,7364,2026-08-26T08:57:15.847Z,V14,Overland Park,912d32aa-0b7f-4999-bf60-6670fe5985ea,SAMMS-VCPHCS-XIV-BridgewayV5
202608260854399310,202608260654256422,202608260654255519,85,387,Bronze INV,br_AdmissionAssessment,TASK_COMPLETE,SUCCESS,INFO,196,196,0,,2026-08-26T06:54:31.515Z,2026-08-26T08:57:15.847Z,7364,2026-08-26T08:57:15.847Z,V15,Joplin,912d32aa-0b7f-4999-bf60-6670fe5985ea,SAMMS-JoplinV5
202608260854399311,202608260654256423,202608260654255519,85,389,Bronze INV,br_AdmissionAssessment,TASK_COMPLETE,SUCCESS,INFO,118,118,0,,2026-08-26T06:54:31.515Z,2026-08-26T08:57:15.847Z,7364,2026-08-26T08:57:15.847Z,V17,Columbia TN,912d32aa-0b7f-4999-bf60-6670fe5985ea,SAMMS-ColumbiaTNv5
202608260854399312,202608260654256424,202608260654255519,85,391,Bronze INV,br_AdmissionAssessment,TASK_COMPLETE,SUCCESS,INFO,143,143,0,,2026-08-26T06:54:31.515Z,2026-08-26T08:57:15.847Z,7364,2026-08-26T08:57:15.847Z,V19,Jackson,912d32aa-0b7f-4999-bf60-6670fe5985ea,SAMMS-JacksonV5
202608260854399314,202608260654256425,202608260654255519,85,393,Bronze INV,br_AdmissionAssessment,TASK_COMPLETE,SUCCESS,INFO,105,105,0,,2026-08-26T06:54:31.515Z,2026-08-26T08:57:15.847Z,7364,2026-08-26T08:57:15.847Z,V20,Paris,912d32aa-0b7f-4999-bf60-6670fe5985ea,SAMMS-ParisV5
202608260854399315,202608260654256426,202608260654255519,85,394,Bronze INV,br_AdmissionAssessment,TASK_COMPLETE,SUCCESS,INFO,62,62,0,,2026-08-26T06:54:31.515Z,2026-08-26T08:57:15.847Z,7364,2026-08-26T08:57:15.847Z,V21,Memphis North,912d32aa-0b7f-4999-bf60-6670fe5985ea,SAMMS-RaleighV5
202608260854399316,202608260654256427,202608260654255519,85,397,Bronze INV,br_AdmissionAssessment,TASK_COMPLETE,SUCCESS,INFO,194,194,0,,2026-08-26T06:54:31.515Z,2026-08-26T08:57:15.847Z,7364,2026-08-26T08:57:15.847Z,V5,West Bank,912d32aa-0b7f-4999-bf60-6670fe5985ea,SAMMS-NONTCv5
202608260854399317,202608260654256428,202608260654255519,85,399,Bronze INV,br_AdmissionAssessment,TASK_COMPLETE,SUCCESS,INFO,83,83,0,,2026-08-26T06:54:31.515Z,2026-08-26T08:57:15.847Z,7364,2026-08-26T08:57:15.847Z,V5B,Houma,912d32aa-0b7f-4999-bf60-6670fe5985ea,SAMMS-HoumaV6
202608260854399318,202608260654256429,202608260654255519,85,400,Bronze INV,br_AdmissionAssessment,TASK_COMPLETE,SUCCESS,INFO,235,235,0,,2026-08-26T06:54:31.515Z,2026-08-26T08:57:15.847Z,7364,2026-08-26T08:57:15.847Z,V6,Lake Charles,912d32aa-0b7f-4999-bf60-6670fe5985ea,SAMMS-LCv5
202608260854399319,202608260654256430,202608260654255519,85,402,Bronze INV,br_AdmissionAssessment,TASK_COMPLETE,SUCCESS,INFO,157,157,0,,2026-08-26T06:54:31.515Z,2026-08-26T08:57:15.847Z,7364,2026-08-26T08:57:15.847Z,V8,Memphis Midtown,912d32aa-0b7f-4999-bf60-6670fe5985ea,SAMMS-VCPHCS-VIII-MemphisV5
202608260854399321,202608260654256431,202608260654255519,85,403,Bronze INV,br_AdmissionAssessment,TASK_COMPLETE,SUCCESS,INFO,308,308,0,,2026-08-26T06:54:31.515Z,2026-08-26T08:57:15.847Z,7364,2026-08-26T08:57:15.847Z,V9,Nashville,912d32aa-0b7f-4999-bf60-6670fe5985ea,SAMMS-NashvilleV5
202608260854399322,202608260654256432,202608260654255519,85,404,Bronze INV,br_AdmissionAssessment,TASK_COMPLETE,SUCCESS,INFO,0,0,0,,2026-08-26T06:54:31.515Z,2026-08-26T08:57:15.847Z,7364,2026-08-26T08:57:15.847Z,VBRA,Brainerd,912d32aa-0b7f-4999-bf60-6670fe5985ea,SAMMS-BrainerdV6
202608260854399323,202608260654256433,202608260654255519,85,405,Bronze INV,br_AdmissionAssessment,TASK_COMPLETE,SUCCESS,INFO,2,2,0,,2026-08-26T06:54:31.515Z,2026-08-26T08:57:15.847Z,7364,2026-08-26T08:57:15.847Z,VBRP,Brooklyn Park,912d32aa-0b7f-4999-bf60-6670fe5985ea,SAMMS-BrooklynParkV6
202608241333250770,202608241253387349,202608241253386616,88,5397,P1 Reference Custom Questions Bronze - B57C,br_samms_custom_questions,TASK_COMPLETE,FAILED,ERROR,0,0,1,SaveCustomQuestions Bronze ForEach failed,2026-08-24T12:53:42.369Z,2026-08-24T13:42:52.652Z,2950,2026-08-24T13:42:52.652Z,B57C,Providence,8f1806c1-b1f2-4ac5-b25b-086fec51b8fb,SAMMS-Providence
202608241333250772,202608241253387350,202608241253386616,88,5398,P1 Reference Custom Questions Bronze - B57D,br_samms_custom_questions,TASK_COMPLETE,FAILED,ERROR,0,0,1,SaveCustomQuestions Bronze ForEach failed,2026-08-24T12:53:42.369Z,2026-08-24T13:42:52.652Z,2950,2026-08-24T13:42:52.652Z,B57D,Westerly,8f1806c1-b1f2-4ac5-b25b-086fec51b8fb,SAMMS-Westerly
202608241333250773,202608241253387351,202608241253386616,88,5399,P1 Reference Custom Questions Bronze - B66A,br_samms_custom_questions,TASK_COMPLETE,FAILED,ERROR,0,0,1,SaveCustomQuestions Bronze ForEach failed,2026-08-24T12:53:42.369Z,2026-08-24T13:42:52.652Z,2950,2026-08-24T13:42:52.652Z,B66A,Bremen,8f1806c1-b1f2-4ac5-b25b-086fec51b8fb,SAMMS-Bremen
202608241333250774,202608241253387352,202608241253386616,88,5400,P1 Reference Custom Questions Bronze - B72,br_samms_custom_questions,TASK_COMPLETE,FAILED,ERROR,0,0,1,SaveCustomQuestions Bronze ForEach failed,2026-08-24T12:53:42.369Z,2026-08-24T13:42:52.652Z,2950,2026-08-24T13:42:52.652Z,B72,Mobile-OBOT,8f1806c1-b1f2-4ac5-b25b-086fec51b8fb,SAMMS-Mobile-OBOT
202608241333250776,202608241253387353,202608241253386616,88,5401,P1 Reference Custom Questions Bronze - B73,br_samms_custom_questions,TASK_COMPLETE,FAILED,ERROR,0,0,1,SaveCustomQuestions Bronze ForEach failed,2026-08-24T12:53:42.369Z,2026-08-24T13:42:52.652Z,2950,2026-08-24T13:42:52.652Z,B73,Montgomery,8f1806c1-b1f2-4ac5-b25b-086fec51b8fb,SAMMS-Montgomery
202608241333250777,202608241253387354,202608241253386616,88,5402,P1 Reference Custom Questions Bronze - B75,br_samms_custom_questions,TASK_COMPLETE,FAILED,ERROR,0,0,1,SaveCustomQuestions Bronze ForEach failed,2026-08-24T12:53:42.369Z,2026-08-24T13:42:52.652Z,2950,2026-08-24T13:42:52.652Z,B75,Lawrence,8f1806c1-b1f2-4ac5-b25b-086fec51b8fb,SAMMS-LawrenceV6
202608241333250779,202608241253387355,202608241253386616,88,5403,P1 Reference Custom Questions Bronze - B76,br_samms_custom_questions,TASK_COMPLETE,FAILED,ERROR,0,0,1,SaveCustomQuestions Bronze ForEach failed,2026-08-24T12:53:42.369Z,2026-08-24T13:42:52.652Z,2950,2026-08-24T13:42:52.652Z,B76,Huntsville-OBOT,8f1806c1-b1f2-4ac5-b25b-086fec51b8fb,SAMMS-Huntsville-OBOT
202608241333250780,202608241253387356,202608241253386616,88,5404,P1 Reference Custom Questions Bronze - BAT,br_samms_custom_questions,TASK_COMPLETE,FAILED,ERROR,0,0,1,SaveCustomQuestions Bronze ForEach failed,2026-08-24T12:53:42.369Z,2026-08-24T13:42:52.652Z,2950,2026-08-24T13:42:52.652Z,BAT,Batesville,8f1806c1-b1f2-4ac5-b25b-086fec51b8fb,SAMMS-Batesville
202608241333250781,202608241253387357,202608241253386616,88,5405,P1 Reference Custom Questions Bronze - BG,br_samms_custom_questions,TASK_COMPLETE,FAILED,ERROR,0,0,1,SaveCustomQuestions Bronze ForEach failed,2026-08-24T12:53:42.369Z,2026-08-24T13:42:52.652Z,2950,2026-08-24T13:42:52.652Z,BG,BowlingGreen,8f1806c1-b1f2-4ac5-b25b-086fec51b8fb,SAMMS-BowlingGreen
202608241333250783,202608241253387358,202608241253386616,88,5406,P1 Reference Custom Questions Bronze - BOI,br_samms_custom_questions,TASK_COMPLETE,FAILED,ERROR,0,0,1,SaveCustomQuestions Bronze ForEach failed,2026-08-24T12:53:42.369Z,2026-08-24T13:42:52.652Z,2950,2026-08-24T13:42:52.652Z,BOI,Boise,8f1806c1-b1f2-4ac5-b25b-086fec51b8fb,SAMMS-Boise
202608241333250785,202608241253387359,202608241253386616,88,5407,P1 Reference Custom Questions Bronze - CBCO,br_samms_custom_questions,TASK_COMPLETE,FAILED,ERROR,0,0,1,SaveCustomQuestions Bronze ForEach failed,2026-08-24T12:53:42.369Z,2026-08-24T13:42:52.652Z,2950,2026-08-24T13:42:52.652Z,CBCO,CoeurdAlene,8f1806c1-b1f2-4ac5-b25b-086fec51b8fb,SAMMS-CoeurdAleneV6
202608241333250786,202608241253387360,202608241253386616,88,5408,P1 Reference Custom Questions Bronze - CON,br_samms_custom_questions,TASK_COMPLETE,FAILED,ERROR,0,0,1,SaveCustomQuestions Bronze ForEach failed,2026-08-24T12:53:42.369Z,2026-08-24T13:42:52.652Z,2950,2026-08-24T13:42:52.652Z,CON,Conway,8f1806c1-b1f2-4ac5-b25b-086fec51b8fb,SAMMS-Conway
202608241333250787,202608241253387361,202608241253386616,88,5409,P1 Reference Custom Questions Bronze - D07,br_samms_custom_questions,TASK_COMPLETE,FAILED,ERROR,0,0,1,SaveCustomQuestions Bronze ForEach failed,2026-08-24T12:53:42.369Z,2026-08-24T13:42:52.652Z,2950,2026-08-24T13:42:52.652Z,D07,Knoxville,8f1806c1-b1f2-4ac5-b25b-086fec51b8fb,SAMMS-KnoxvilleV6
202608241333250789,202608241253387362,202608241253386616,88,5410,P1 Reference Custom Questions Bronze - D08,br_samms_custom_questions,TASK_COMPLETE,FAILED,ERROR,0,0,1,SaveCustomQuestions Bronze ForEach failed,2026-08-24T12:53:42.369Z,2026-08-24T13:42:52.652Z,2950,2026-08-24T13:42:52.652Z,D08,Madison,8f1806c1-b1f2-4ac5-b25b-086fec51b8fb,SAMMS-MadisonV6
202608241333250790,202608241253387363,202608241253386616,88,5411,P1 Reference Custom Questions Bronze - D09,br_samms_custom_questions,TASK_COMPLETE,FAILED,ERROR,0,0,1,SaveCustomQuestions Bronze ForEach failed,2026-08-24T12:53:42.369Z,2026-08-24T13:42:52.652Z,2950,2026-08-24T13:42:52.652Z,D09,Murfreesboro,8f1806c1-b1f2-4ac5-b25b-086fec51b8fb,SAMMS-MurfreesboroV6
202608241333250792,202608241253387364,202608241253386616,88,5412,P1 Reference Custom Questions Bronze - DA,br_samms_custom_questions,TASK_COMPLETE,FAILED,ERROR,0,0,1,SaveCustomQuestions Bronze ForEach failed,2026-08-24T12:53:42.369Z,2026-08-24T13:42:52.652Z,2950,2026-08-24T13:42:52.652Z,DA,Davenport,8f1806c1-b1f2-4ac5-b25b-086fec51b8fb,SAMMS-Davenport
202608241333250793,202608241253387365,202608241253386616,88,5413,P1 Reference Custom Questions Bronze - DM,br_samms_custom_questions,TASK_COMPLETE,FAILED,ERROR,0,0,1,SaveCustomQuestions Bronze ForEach failed,2026-08-24T12:53:42.369Z,2026-08-24T13:42:52.652Z,2950,2026-08-24T13:42:52.652Z,DM,DesMoines,8f1806c1-b1f2-4ac5-b25b-086fec51b8fb,SAMMS-DesMoines
202608241333250795,202608241253387366,202608241253386616,88,5414,P1 Reference Custom Questions Bronze - DRD-CO,br_samms_custom_questions,TASK_COMPLETE,FAILED,ERROR,0,0,1,SaveCustomQuestions Bronze ForEach failed,2026-08-24T12:53:42.369Z,2026-08-24T13:42:52.652Z,2950,2026-08-24T13:42:52.652Z,DRD-CO,Columbia,8f1806c1-b1f2-4ac5-b25b-086fec51b8fb,SAMMS-ColumbiaV5
202608241333250796,202608241253387367,202608241253386616,88,5415,P1 Reference Custom Questions Bronze - DRD-KC,br_samms_custom_questions,TASK_COMPLETE,FAILED,ERROR,0,0,1,SaveCustomQuestions Bronze ForEach failed,2026-08-24T12:53:42.369Z,2026-08-24T13:42:52.652Z,2950,2026-08-24T13:42:52.652Z,DRD-KC,KC,8f1806c1-b1f2-4ac5-b25b-086fec51b8fb,SAMMS-KCv5
202608241333250798,202608241253387368,202608241253386616,88,5416,P1 Reference Custom Questions Bronze - DRD-KVB,br_samms_custom_questions,TASK_COMPLETE,FAILED,ERROR,0,0,1,SaveCustomQuestions Bronze ForEach failed,2026-08-24T12:53:42.369Z,2026-08-24T13:42:52.652Z,2950,2026-08-24T13:42:52.652Z,DRD-KVB,KVB,8f1806c1-b1f2-4ac5-b25b-086fec51b8fb,SAMMS-KVBv5
202608241333250800,202608241253387369,202608241253386616,88,5417,P1 Reference Custom Questions Bronze - DRD-KVC,br_samms_custom_questions,TASK_COMPLETE,FAILED,ERROR,0,0,1,SaveCustomQuestions Bronze ForEach failed,2026-08-24T12:53:42.369Z,2026-08-24T13:42:52.652Z,2950,2026-08-24T13:42:52.652Z,DRD-KVC,KVC,8f1806c1-b1f2-4ac5-b25b-086fec51b8fb,SAMMS-KVCv5
202608241333250801,202608241253387370,202608241253386616,88,5418,P1 Reference Custom Questions Bronze - DRD-NOLA,br_samms_custom_questions,TASK_COMPLETE,FAILED,ERROR,0,0,1,SaveCustomQuestions Bronze ForEach failed,2026-08-24T12:53:42.369Z,2026-08-24T13:42:52.652Z,2950,2026-08-24T13:42:52.652Z,DRD-NOLA,NOLA,8f1806c1-b1f2-4ac5-b25b-086fec51b8fb,SAMMS-NOLAv5
202608241333250803,202608241253387371,202608241253386616,88,5419,P1 Reference Custom Questions Bronze - DRD-SF,br_samms_custom_questions,TASK_COMPLETE,FAILED,ERROR,0,0,1,SaveCustomQuestions Bronze ForEach failed,2026-08-24T12:53:42.369Z,2026-08-24T13:42:52.652Z,2950,2026-08-24T13:42:52.652Z,DRD-SF,SF,8f1806c1-b1f2-4ac5-b25b-086fec51b8fb,SAMMS-SFv5
202608241333250804,202608241253387372,202608241253386616,88,5420,P1 Reference Custom Questions Bronze - ELC,br_samms_custom_questions,TASK_COMPLETE,FAILED,ERROR,0,0,1,SaveCustomQuestions Bronze ForEach failed,2026-08-24T12:53:42.369Z,2026-08-24T13:42:52.652Z,2950,2026-08-24T13:42:52.652Z,ELC,ElizabethCity,8f1806c1-b1f2-4ac5-b25b-086fec51b8fb,SAMMS-ElizabethCity
202608241333250806,202608241253387373,202608241253386616,88,5421,P1 Reference Custom Questions Bronze - ET,br_samms_custom_questions,TASK_COMPLETE,FAILED,ERROR,0,0,1,SaveCustomQuestions Bronze ForEach failed,2026-08-24T12:53:42.369Z,2026-08-24T13:42:52.652Z,2950,2026-08-24T13:42:52.652Z,ET,Elizabethtown,8f1806c1-b1f2-4ac5-b25b-086fec51b8fb,SAMMS-Elizabethtown
202608241333250808,202608241253387374,202608241253386616,88,5422,P1 Reference Custom Questions Bronze - FAY,br_samms_custom_questions,TASK_COMPLETE,FAILED,ERROR,0,0,1,SaveCustomQuestions Bronze ForEach failed,2026-08-24T12:53:42.369Z,2026-08-24T13:42:52.652Z,2950,2026-08-24T13:42:52.652Z,FAY,Fayetteville,8f1806c1-b1f2-4ac5-b25b-086fec51b8fb,SAMMS-Fayetteville
202608241333250809,202608241253387375,202608241253386616,88,5423,P1 Reference Custom Questions Bronze - FR,br_samms_custom_questions,TASK_COMPLETE,FAILED,ERROR,0,0,1,SaveCustomQuestions Bronze ForEach failed,2026-08-24T12:53:42.369Z,2026-08-24T13:42:52.652Z,2950,2026-08-24T13:42:52.652Z,FR,Frankfort,8f1806c1-b1f2-4ac5-b25b-086fec51b8fb,SAMMS-Frankfort
202608241333250811,202608241253387376,202608241253386616,88,5424,P1 Reference Custom Questions Bronze - FS,br_samms_custom_questions,TASK_COMPLETE,FAILED,ERROR,0,0,1,SaveCustomQuestions Bronze ForEach failed,2026-08-24T12:53:42.369Z,2026-08-24T13:42:52.652Z,2950,2026-08-24T13:42:52.652Z,FS,FortSmith,8f1806c1-b1f2-4ac5-b25b-086fec51b8fb,SAMMS-FortSmith
202608260854399119,202608260654256168,202608260654255519,85,2561,Bronze INV,br_LabResultDetail,TASK_COMPLETE,SUCCESS,INFO,2,2,0,,2026-08-26T06:54:31.515Z,2026-08-26T08:57:15.847Z,7364,2026-08-26T08:57:15.847Z,MP,Mt. Pleasant,912d32aa-0b7f-4999-bf60-6670fe5985ea,SAMMS-MtPleasant
202608260854399121,202608260654256169,202608260654255519,85,2562,Bronze INV,br_LabResultDetail,TASK_COMPLETE,SUCCESS,INFO,260,260,0,,2026-08-26T06:54:31.515Z,2026-08-26T08:57:15.847Z,7364,2026-08-26T08:57:15.847Z,MRD,Meridian,912d32aa-0b7f-4999-bf60-6670fe5985ea,SAMMS-Meridian
202608260854399122,202608260654256170,202608260654255519,85,2567,Bronze INV,br_LabResultDetail,TASK_COMPLETE,SUCCESS,INFO,15250,15250,0,,2026-08-26T06:54:31.515Z,2026-08-26T08:57:15.847Z,7364,2026-08-26T08:57:15.847Z,NC,North Charleston,912d32aa-0b7f-4999-bf60-6670fe5985ea,SAMMS-NorthCharleston
202608260854399123,202608260654256171,202608260654255519,85,2568,Bronze INV,br_LabResultDetail,TASK_COMPLETE,SUCCESS,INFO,3,3,0,,2026-08-26T06:54:31.515Z,2026-08-26T08:57:15.847Z,7364,2026-08-26T08:57:15.847Z,NLR,N. Little Rock,912d32aa-0b7f-4999-bf60-6670fe5985ea,SAMMS-NLROBOT
202608260854399124,202608260654256172,202608260654255519,85,2569,Bronze INV,br_LabResultDetail,TASK_COMPLETE,SUCCESS,INFO,4833,4833,0,,2026-08-26T06:54:31.515Z,2026-08-26T08:57:15.847Z,7364,2026-08-26T08:57:15.847Z,PH,Phoenix,912d32aa-0b7f-4999-bf60-6670fe5985ea,SAMMS-Phoenix
202608260854399125,202608260654256173,202608260654255519,85,2573,Bronze INV,br_LabResultDetail,TASK_COMPLETE,SUCCESS,INFO,62967,62967,0,,2026-08-26T06:54:31.515Z,2026-08-26T08:57:15.847Z,7364,2026-08-26T08:57:15.847Z,RE,Reno,912d32aa-0b7f-4999-bf60-6670fe5985ea,SAMMS-Reno
202608260854399126,202608260654256174,202608260654255519,85,2574,Bronze INV,br_LabResultDetail,TASK_COMPLETE,SUCCESS,INFO,2435,2435,0,,2026-08-26T06:54:31.515Z,2026-08-26T08:57:15.847Z,7364,2026-08-26T08:57:15.847Z,RMD,Richmond,912d32aa-0b7f-4999-bf60-6670fe5985ea,SAMMS-Richmond
202608260854399128,202608260654256175,202608260654255519,85,2575,Bronze INV,br_LabResultDetail,TASK_COMPLETE,SUCCESS,INFO,3710,3710,0,,2026-08-26T06:54:31.515Z,2026-08-26T08:57:15.847Z,7364,2026-08-26T08:57:15.847Z,SFN,Springfield North,912d32aa-0b7f-4999-bf60-6670fe5985ea,SAMMS-SFNv5
202608260854399129,202608260654256176,202608260654255519,85,2576,Bronze INV,br_LabResultDetail,TASK_COMPLETE,SUCCESS,INFO,331,331,0,,2026-08-26T06:54:31.515Z,2026-08-26T08:57:15.847Z,7364,2026-08-26T08:57:15.847Z,SHP,Shreveport,912d32aa-0b7f-4999-bf60-6670fe5985ea,SAMMS-Shreveport
202608260854399130,202608260654256177,202608260654255519,85,2578,Bronze INV,br_LabResultDetail,TASK_COMPLETE,SUCCESS,INFO,6,6,0,,2026-08-26T06:54:31.515Z,2026-08-26T08:57:15.847Z,7364,2026-08-26T08:57:15.847Z,STN,Staunton,912d32aa-0b7f-4999-bf60-6670fe5985ea,SAMMS-Staunton
202608260854399131,202608260654256178,202608260654255519,85,2579,Bronze INV,br_LabResultDetail,TASK_COMPLETE,SUCCESS,INFO,460,460,0,,2026-08-26T06:54:31.515Z,2026-08-26T08:57:15.847Z,7364,2026-08-26T08:57:15.847Z,STVN,Stevenson,912d32aa-0b7f-4999-bf60-6670fe5985ea,SAMMS-Stevenson
202608260854399132,202608260654256179,202608260654255519,85,2581,Bronze INV,br_LabResultDetail,TASK_COMPLETE,SUCCESS,INFO,18155,18155,0,,2026-08-26T06:54:31.515Z,2026-08-26T08:57:15.847Z,7364,2026-08-26T08:57:15.847Z,TE,Tempe,912d32aa-0b7f-4999-bf60-6670fe5985ea,SAMMS-Tempe
202608260854399133,202608260654256180,202608260654255519,85,2582,Bronze INV,br_LabResultDetail,TASK_COMPLETE,SUCCESS,INFO,4,4,0,,2026-08-26T06:54:31.515Z,2026-08-26T08:57:15.847Z,7364,2026-08-26T08:57:15.847Z,TEX,Texarkana,912d32aa-0b7f-4999-bf60-6670fe5985ea,SAMMS-Texarkana
202608260854399134,202608260654256181,202608260654255519,85,2583,Bronze INV,br_LabResultDetail,TASK_COMPLETE,SUCCESS,INFO,1715,1715,0,,2026-08-26T06:54:31.515Z,2026-08-26T08:57:15.847Z,7364,2026-08-26T08:57:15.847Z,TTCA,Bessemer,912d32aa-0b7f-4999-bf60-6670fe5985ea,SAMMS-BessemerV5
202608260854399136,202608260654256182,202608260654255519,85,2584,Bronze INV,br_LabResultDetail,TASK_COMPLETE,SUCCESS,INFO,2148,2148,0,,2026-08-26T06:54:31.515Z,2026-08-26T08:57:15.847Z,7364,2026-08-26T08:57:15.847Z,TTCB,Cullman,912d32aa-0b7f-4999-bf60-6670fe5985ea,SAMMS-CullmanV5
202608260854399137,202608260654256183,202608260654255519,85,2585,Bronze INV,br_LabResultDetail,TASK_COMPLETE,SUCCESS,INFO,4,4,0,,2026-08-26T06:54:31.515Z,2026-08-26T08:57:15.847Z,7364,2026-08-26T08:57:15.847Z,TTCC,Grand Bay,912d32aa-0b7f-4999-bf60-6670fe5985ea,SAMMS-GrandBay
202608260854399138,202608260654256184,202608260654255519,85,2586,Bronze INV,br_LabResultDetail,TASK_COMPLETE,SUCCESS,INFO,1162,1162,0,,2026-08-26T06:54:31.515Z,2026-08-26T08:57:15.847Z,7364,2026-08-26T08:57:15.847Z,TU,Tucson,912d32aa-0b7f-4999-bf60-6670fe5985ea,SAMMS-Tucson
202608260854399139,202608260654256185,202608260654255519,85,2588,Bronze INV,br_LabResultDetail,TASK_COMPLETE,SUCCESS,INFO,5376,5376,0,,2026-08-26T06:54:31.515Z,2026-08-26T08:57:15.847Z,7364,2026-08-26T08:57:15.847Z,V1,Memphis South,912d32aa-0b7f-4999-bf60-6670fe5985ea,SAMMS-VCPHCS-I-MemphisV5
202608260854399140,202608260654256186,202608260654255519,85,2589,Bronze INV,br_LabResultDetail,TASK_COMPLETE,SUCCESS,INFO,6263,6263,0,,2026-08-26T06:54:31.515Z,2026-08-26T08:57:15.847Z,7364,2026-08-26T08:57:15.847Z,V10,Longmont,912d32aa-0b7f-4999-bf60-6670fe5985ea,SAMMS-BoulderV5
202608260854399141,202608260654256187,202608260654255519,85,2590,Bronze INV,br_LabResultDetail,TASK_COMPLETE,SUCCESS,INFO,3575,3575,0,,2026-08-26T06:54:31.515Z,2026-08-26T08:57:15.847Z,7364,2026-08-26T08:57:15.847Z,V10A,Fort Collins,912d32aa-0b7f-4999-bf60-6670fe5985ea,SAMMS-FortCollinsV5
202608260854399143,202608260654256188,202608260654255519,85,2591,Bronze INV,br_LabResultDetail,TASK_COMPLETE,SUCCESS,INFO,7574,7574,0,,2026-08-26T06:54:31.515Z,2026-08-26T08:57:15.847Z,7364,2026-08-26T08:57:15.847Z,V11,Westminster,912d32aa-0b7f-4999-bf60-6670fe5985ea,SAMMS-VCPHCS-XI-NorthDenverV5
202608260854399144,202608260654256189,202608260654255519,85,2592,Bronze INV,br_LabResultDetail,TASK_COMPLETE,SUCCESS,INFO,10351,10351,0,,2026-08-26T06:54:31.515Z,2026-08-26T08:57:15.847Z,7364,2026-08-26T08:57:15.847Z,V12,Downtown Denver,912d32aa-0b7f-4999-bf60-6670fe5985ea,SAMMS-VCPHCS-XII-DowntownDenverV5
202608260854399145,202608260654256190,202608260654255519,85,2593,Bronze INV,br_LabResultDetail,TASK_COMPLETE,SUCCESS,INFO,4838,4838,0,,2026-08-26T06:54:31.515Z,2026-08-26T08:57:15.847Z,7364,2026-08-26T08:57:15.847Z,V12A,Centennial,912d32aa-0b7f-4999-bf60-6670fe5985ea,SAMMS-CentennialV5
202608260854399146,202608260654256191,202608260654255519,85,2594,Bronze INV,br_LabResultDetail,TASK_COMPLETE,SUCCESS,INFO,3387,3387,0,,2026-08-26T06:54:31.515Z,2026-08-26T08:57:15.847Z,7364,2026-08-26T08:57:15.847Z,V14,Overland Park,912d32aa-0b7f-4999-bf60-6670fe5985ea,SAMMS-VCPHCS-XIV-BridgewayV5
202608260854399147,202608260654256192,202608260654255519,85,2595,Bronze INV,br_LabResultDetail,TASK_COMPLETE,SUCCESS,INFO,2916,2916,0,,2026-08-26T06:54:31.515Z,2026-08-26T08:57:15.847Z,7364,2026-08-26T08:57:15.847Z,V15,Joplin,912d32aa-0b7f-4999-bf60-6670fe5985ea,SAMMS-JoplinV5
202608260854399148,202608260654256193,202608260654255519,85,2597,Bronze INV,br_LabResultDetail,TASK_COMPLETE,SUCCESS,INFO,1339,1339,0,,2026-08-26T06:54:31.515Z,2026-08-26T08:57:15.847Z,7364,2026-08-26T08:57:15.847Z,V17,Columbia TN,912d32aa-0b7f-4999-bf60-6670fe5985ea,SAMMS-ColumbiaTNv5
202608260854399149,202608260654256194,202608260654255519,85,2599,Bronze INV,br_LabResultDetail,TASK_COMPLETE,SUCCESS,INFO,5128,5128,0,,2026-08-26T06:54:31.515Z,2026-08-26T08:57:15.847Z,7364,2026-08-26T08:57:15.847Z,V19,Jackson,912d32aa-0b7f-4999-bf60-6670fe5985ea,SAMMS-JacksonV5
202608260854399151,202608260654256195,202608260654255519,85,2601,Bronze INV,br_LabResultDetail,TASK_COMPLETE,SUCCESS,INFO,7049,7049,0,,2026-08-26T06:54:31.515Z,2026-08-26T08:57:15.847Z,7364,2026-08-26T08:57:15.847Z,V20,Paris,912d32aa-0b7f-4999-bf60-6670fe5985ea,SAMMS-ParisV5
202608260854399152,202608260654256196,202608260654255519,85,2602,Bronze INV,br_LabResultDetail,TASK_COMPLETE,SUCCESS,INFO,6074,6074,0,,2026-08-26T06:54:31.515Z,2026-08-26T08:57:15.847Z,7364,2026-08-26T08:57:15.847Z,V21,Memphis North,912d32aa-0b7f-4999-bf60-6670fe5985ea,SAMMS-RaleighV5
202608260854399153,202608260654256197,202608260654255519,85,2605,Bronze INV,br_LabResultDetail,TASK_COMPLETE,SUCCESS,INFO,7037,7037,0,,2026-08-26T06:54:31.515Z,2026-08-26T08:57:15.847Z,7364,2026-08-26T08:57:15.847Z,V5,West Bank,912d32aa-0b7f-4999-bf60-6670fe5985ea,SAMMS-NONTCv5
202608260854399154,202608260654256198,202608260654255519,85,2607,Bronze INV,br_LabResultDetail,TASK_COMPLETE,SUCCESS,INFO,530,530,0,,2026-08-26T06:54:31.515Z,2026-08-26T08:57:15.847Z,7364,2026-08-26T08:57:15.847Z,V5B,Houma,912d32aa-0b7f-4999-bf60-6670fe5985ea,SAMMS-HoumaV6
202608260854399155,202608260654256199,202608260654255519,85,2608,Bronze INV,br_LabResultDetail,TASK_COMPLETE,SUCCESS,INFO,4804,4804,0,,2026-08-26T06:54:31.515Z,2026-08-26T08:57:15.847Z,7364,2026-08-26T08:57:15.847Z,V6,Lake Charles,912d32aa-0b7f-4999-bf60-6670fe5985ea,SAMMS-LCv5
202608260854399156,202608260654256200,202608260654255519,85,2610,Bronze INV,br_LabResultDetail,TASK_COMPLETE,SUCCESS,INFO,19783,19783,0,,2026-08-26T06:54:31.515Z,2026-08-26T08:57:15.847Z,7364,2026-08-26T08:57:15.847Z,V8,Memphis Midtown,912d32aa-0b7f-4999-bf60-6670fe5985ea,SAMMS-VCPHCS-VIII-MemphisV5
202608260854399157,202608260654256201,202608260654255519,85,2611,Bronze INV,br_LabResultDetail,TASK_COMPLETE,SUCCESS,INFO,17630,17630,0,,2026-08-26T06:54:31.515Z,2026-08-26T08:57:15.847Z,7364,2026-08-26T08:57:15.847Z,V9,Nashville,912d32aa-0b7f-4999-bf60-6670fe5985ea,SAMMS-NashvilleV5
202608260854399159,202608260654256202,202608260654255519,85,2612,Bronze INV,br_LabResultDetail,TASK_COMPLETE,SUCCESS,INFO,1094,1094,0,,2026-08-26T06:54:31.515Z,2026-08-26T08:57:15.847Z,7364,2026-08-26T08:57:15.847Z,VBRA,Brainerd,912d32aa-0b7f-4999-bf60-6670fe5985ea,SAMMS-BrainerdV6
202608260854399160,202608260654256203,202608260654255519,85,2613,Bronze INV,br_LabResultDetail,TASK_COMPLETE,SUCCESS,INFO,18,18,0,,2026-08-26T06:54:31.515Z,2026-08-26T08:57:15.847Z,7364,2026-08-26T08:57:15.847Z,VBRP,Brooklyn Park,912d32aa-0b7f-4999-bf60-6670fe5985ea,SAMMS-BrooklynParkV6
202608260854399161,202608260654256204,202608260654255519,85,2615,Bronze INV,br_LabResultDetail,TASK_COMPLETE,SUCCESS,INFO,3,3,0,,2026-08-26T06:54:31.515Z,2026-08-26T08:57:15.847Z,7364,2026-08-26T08:57:15.847Z,VMIN,Minneapolis,912d32aa-0b7f-4999-bf60-6670fe5985ea,SAMMS-MinneapolisV6
202608260854399162,202608260654256205,202608260654255519,85,2616,Bronze INV,br_LabResultDetail,TASK_COMPLETE,SUCCESS,INFO,8,8,0,,2026-08-26T06:54:31.515Z,2026-08-26T08:57:15.847Z,7364,2026-08-26T08:57:15.847Z,VWBY,Woodbury,912d32aa-0b7f-4999-bf60-6670fe5985ea,SAMMS-WoodburyV6
202608241448406630,202608241408172535,202608241408171802,88,5397,P1 Reference Custom Questions Bronze - B57C,br_samms_custom_questions,TASK_COMPLETE,FAILED,ERROR,0,0,1,SaveCustomQuestions Bronze ForEach failed,2026-08-24T14:08:21.733Z,2026-08-24T15:03:37.584Z,3316,2026-08-24T15:03:37.584Z,B57C,Providence,6c7532c9-dcb1-40a3-beaa-690039713dec,SAMMS-Providence
202608241448406632,202608241408172536,202608241408171802,88,5398,P1 Reference Custom Questions Bronze - B57D,br_samms_custom_questions,TASK_COMPLETE,FAILED,ERROR,0,0,1,SaveCustomQuestions Bronze ForEach failed,2026-08-24T14:08:21.733Z,2026-08-24T15:03:37.584Z,3316,2026-08-24T15:03:37.584Z,B57D,Westerly,6c7532c9-dcb1-40a3-beaa-690039713dec,SAMMS-Westerly
202608241448406633,202608241408172537,202608241408171802,88,5399,P1 Reference Custom Questions Bronze - B66A,br_samms_custom_questions,TASK_COMPLETE,FAILED,ERROR,0,0,1,SaveCustomQuestions Bronze ForEach failed,2026-08-24T14:08:21.733Z,2026-08-24T15:03:37.584Z,3316,2026-08-24T15:03:37.584Z,B66A,Bremen,6c7532c9-dcb1-40a3-beaa-690039713dec,SAMMS-Bremen
202608241448406635,202608241408172538,202608241408171802,88,5400,P1 Reference Custom Questions Bronze - B72,br_samms_custom_questions,TASK_COMPLETE,FAILED,ERROR,0,0,1,SaveCustomQuestions Bronze ForEach failed,2026-08-24T14:08:21.733Z,2026-08-24T15:03:37.584Z,3316,2026-08-24T15:03:37.584Z,B72,Mobile-OBOT,6c7532c9-dcb1-40a3-beaa-690039713dec,SAMMS-Mobile-OBOT
202608241448406636,202608241408172539,202608241408171802,88,5401,P1 Reference Custom Questions Bronze - B73,br_samms_custom_questions,TASK_COMPLETE,FAILED,ERROR,0,0,1,SaveCustomQuestions Bronze ForEach failed,2026-08-24T14:08:21.733Z,2026-08-24T15:03:37.584Z,3316,2026-08-24T15:03:37.584Z,B73,Montgomery,6c7532c9-dcb1-40a3-beaa-690039713dec,SAMMS-Montgomery
202608241448406638,202608241408172540,202608241408171802,88,5402,P1 Reference Custom Questions Bronze - B75,br_samms_custom_questions,TASK_COMPLETE,FAILED,ERROR,0,0,1,SaveCustomQuestions Bronze ForEach failed,2026-08-24T14:08:21.733Z,2026-08-24T15:03:37.584Z,3316,2026-08-24T15:03:37.584Z,B75,Lawrence,6c7532c9-dcb1-40a3-beaa-690039713dec,SAMMS-LawrenceV6
202608241448406640,202608241408172541,202608241408171802,88,5403,P1 Reference Custom Questions Bronze - B76,br_samms_custom_questions,TASK_COMPLETE,FAILED,ERROR,0,0,1,SaveCustomQuestions Bronze ForEach failed,2026-08-24T14:08:21.733Z,2026-08-24T15:03:37.584Z,3316,2026-08-24T15:03:37.584Z,B76,Huntsville-OBOT,6c7532c9-dcb1-40a3-beaa-690039713dec,SAMMS-Huntsville-OBOT
202608241448406641,202608241408172542,202608241408171802,88,5404,P1 Reference Custom Questions Bronze - BAT,br_samms_custom_questions,TASK_COMPLETE,FAILED,ERROR,0,0,1,SaveCustomQuestions Bronze ForEach failed,2026-08-24T14:08:21.733Z,2026-08-24T15:03:37.584Z,3316,2026-08-24T15:03:37.584Z,BAT,Batesville,6c7532c9-dcb1-40a3-beaa-690039713dec,SAMMS-Batesville
202608241448406643,202608241408172543,202608241408171802,88,5405,P1 Reference Custom Questions Bronze - BG,br_samms_custom_questions,TASK_COMPLETE,FAILED,ERROR,0,0,1,SaveCustomQuestions Bronze ForEach failed,2026-08-24T14:08:21.733Z,2026-08-24T15:03:37.584Z,3316,2026-08-24T15:03:37.584Z,BG,BowlingGreen,6c7532c9-dcb1-40a3-beaa-690039713dec,SAMMS-BowlingGreen
202608241448406644,202608241408172544,202608241408171802,88,5406,P1 Reference Custom Questions Bronze - BOI,br_samms_custom_questions,TASK_COMPLETE,FAILED,ERROR,0,0,1,SaveCustomQuestions Bronze ForEach failed,2026-08-24T14:08:21.733Z,2026-08-24T15:03:37.584Z,3316,2026-08-24T15:03:37.584Z,BOI,Boise,6c7532c9-dcb1-40a3-beaa-690039713dec,SAMMS-Boise
202608241448406645,202608241408172545,202608241408171802,88,5407,P1 Reference Custom Questions Bronze - CBCO,br_samms_custom_questions,TASK_COMPLETE,FAILED,ERROR,0,0,1,SaveCustomQuestions Bronze ForEach failed,2026-08-24T14:08:21.733Z,2026-08-24T15:03:37.584Z,3316,2026-08-24T15:03:37.584Z,CBCO,CoeurdAlene,6c7532c9-dcb1-40a3-beaa-690039713dec,SAMMS-CoeurdAleneV6
202608241448406647,202608241408172546,202608241408171802,88,5408,P1 Reference Custom Questions Bronze - CON,br_samms_custom_questions,TASK_COMPLETE,FAILED,ERROR,0,0,1,SaveCustomQuestions Bronze ForEach failed,2026-08-24T14:08:21.733Z,2026-08-24T15:03:37.584Z,3316,2026-08-24T15:03:37.584Z,CON,Conway,6c7532c9-dcb1-40a3-beaa-690039713dec,SAMMS-Conway
202608241448406648,202608241408172547,202608241408171802,88,5409,P1 Reference Custom Questions Bronze - D07,br_samms_custom_questions,TASK_COMPLETE,FAILED,ERROR,0,0,1,SaveCustomQuestions Bronze ForEach failed,2026-08-24T14:08:21.733Z,2026-08-24T15:03:37.584Z,3316,2026-08-24T15:03:37.584Z,D07,Knoxville,6c7532c9-dcb1-40a3-beaa-690039713dec,SAMMS-KnoxvilleV6
202608241448406650,202608241408172548,202608241408171802,88,5410,P1 Reference Custom Questions Bronze - D08,br_samms_custom_questions,TASK_COMPLETE,FAILED,ERROR,0,0,1,SaveCustomQuestions Bronze ForEach failed,2026-08-24T14:08:21.733Z,2026-08-24T15:03:37.584Z,3316,2026-08-24T15:03:37.584Z,D08,Madison,6c7532c9-dcb1-40a3-beaa-690039713dec,SAMMS-MadisonV6
202608241448406651,202608241408172549,202608241408171802,88,5411,P1 Reference Custom Questions Bronze - D09,br_samms_custom_questions,TASK_COMPLETE,FAILED,ERROR,0,0,1,SaveCustomQuestions Bronze ForEach failed,2026-08-24T14:08:21.733Z,2026-08-24T15:03:37.584Z,3316,2026-08-24T15:03:37.584Z,D09,Murfreesboro,6c7532c9-dcb1-40a3-beaa-690039713dec,SAMMS-MurfreesboroV6
202608241448406653,202608241408172550,202608241408171802,88,5412,P1 Reference Custom Questions Bronze - DA,br_samms_custom_questions,TASK_COMPLETE,FAILED,ERROR,0,0,1,SaveCustomQuestions Bronze ForEach failed,2026-08-24T14:08:21.733Z,2026-08-24T15:03:37.584Z,3316,2026-08-24T15:03:37.584Z,DA,Davenport,6c7532c9-dcb1-40a3-beaa-690039713dec,SAMMS-Davenport
202608241448406654,202608241408172551,202608241408171802,88,5413,P1 Reference Custom Questions Bronze - DM,br_samms_custom_questions,TASK_COMPLETE,FAILED,ERROR,0,0,1,SaveCustomQuestions Bronze ForEach failed,2026-08-24T14:08:21.733Z,2026-08-24T15:03:37.584Z,3316,2026-08-24T15:03:37.584Z,DM,DesMoines,6c7532c9-dcb1-40a3-beaa-690039713dec,SAMMS-DesMoines
202608241448406656,202608241408172552,202608241408171802,88,5414,P1 Reference Custom Questions Bronze - DRD-CO,br_samms_custom_questions,TASK_COMPLETE,FAILED,ERROR,0,0,1,SaveCustomQuestions Bronze ForEach failed,2026-08-24T14:08:21.733Z,2026-08-24T15:03:37.584Z,3316,2026-08-24T15:03:37.584Z,DRD-CO,Columbia,6c7532c9-dcb1-40a3-beaa-690039713dec,SAMMS-ColumbiaV5
202608241448406658,202608241408172553,202608241408171802,88,5415,P1 Reference Custom Questions Bronze - DRD-KC,br_samms_custom_questions,TASK_COMPLETE,FAILED,ERROR,0,0,1,SaveCustomQuestions Bronze ForEach failed,2026-08-24T14:08:21.733Z,2026-08-24T15:03:37.584Z,3316,2026-08-24T15:03:37.584Z,DRD-KC,KC,6c7532c9-dcb1-40a3-beaa-690039713dec,SAMMS-KCv5
202608241448406659,202608241408172554,202608241408171802,88,5416,P1 Reference Custom Questions Bronze - DRD-KVB,br_samms_custom_questions,TASK_COMPLETE,FAILED,ERROR,0,0,1,SaveCustomQuestions Bronze ForEach failed,2026-08-24T14:08:21.733Z,2026-08-24T15:03:37.584Z,3316,2026-08-24T15:03:37.584Z,DRD-KVB,KVB,6c7532c9-dcb1-40a3-beaa-690039713dec,SAMMS-KVBv5
202608241448406661,202608241408172555,202608241408171802,88,5417,P1 Reference Custom Questions Bronze - DRD-KVC,br_samms_custom_questions,TASK_COMPLETE,FAILED,ERROR,0,0,1,SaveCustomQuestions Bronze ForEach failed,2026-08-24T14:08:21.733Z,2026-08-24T15:03:37.584Z,3316,2026-08-24T15:03:37.584Z,DRD-KVC,KVC,6c7532c9-dcb1-40a3-beaa-690039713dec,SAMMS-KVCv5
202608241448406662,202608241408172556,202608241408171802,88,5418,P1 Reference Custom Questions Bronze - DRD-NOLA,br_samms_custom_questions,TASK_COMPLETE,FAILED,ERROR,0,0,1,SaveCustomQuestions Bronze ForEach failed,2026-08-24T14:08:21.733Z,2026-08-24T15:03:37.584Z,3316,2026-08-24T15:03:37.584Z,DRD-NOLA,NOLA,6c7532c9-dcb1-40a3-beaa-690039713dec,SAMMS-NOLAv5
202608241448406664,202608241408172557,202608241408171802,88,5419,P1 Reference Custom Questions Bronze - DRD-SF,br_samms_custom_questions,TASK_COMPLETE,FAILED,ERROR,0,0,1,SaveCustomQuestions Bronze ForEach failed,2026-08-24T14:08:21.733Z,2026-08-24T15:03:37.584Z,3316,2026-08-24T15:03:37.584Z,DRD-SF,SF,6c7532c9-dcb1-40a3-beaa-690039713dec,SAMMS-SFv5
202608241448406665,202608241408172558,202608241408171802,88,5420,P1 Reference Custom Questions Bronze - ELC,br_samms_custom_questions,TASK_COMPLETE,FAILED,ERROR,0,0,1,SaveCustomQuestions Bronze ForEach failed,2026-08-24T14:08:21.733Z,2026-08-24T15:03:37.584Z,3316,2026-08-24T15:03:37.584Z,ELC,ElizabethCity,6c7532c9-dcb1-40a3-beaa-690039713dec,SAMMS-ElizabethCity
202608241448406667,202608241408172559,202608241408171802,88,5421,P1 Reference Custom Questions Bronze - ET,br_samms_custom_questions,TASK_COMPLETE,FAILED,ERROR,0,0,1,SaveCustomQuestions Bronze ForEach failed,2026-08-24T14:08:21.733Z,2026-08-24T15:03:37.584Z,3316,2026-08-24T15:03:37.584Z,ET,Elizabethtown,6c7532c9-dcb1-40a3-beaa-690039713dec,SAMMS-Elizabethtown
202608241448406669,202608241408172560,202608241408171802,88,5422,P1 Reference Custom Questions Bronze - FAY,br_samms_custom_questions,TASK_COMPLETE,FAILED,ERROR,0,0,1,SaveCustomQuestions Bronze ForEach failed,2026-08-24T14:08:21.733Z,2026-08-24T15:03:37.584Z,3316,2026-08-24T15:03:37.584Z,FAY,Fayetteville,6c7532c9-dcb1-40a3-beaa-690039713dec,SAMMS-Fayetteville
202608241448406670,202608241408172561,202608241408171802,88,5423,P1 Reference Custom Questions Bronze - FR,br_samms_custom_questions,TASK_COMPLETE,FAILED,ERROR,0,0,1,SaveCustomQuestions Bronze ForEach failed,2026-08-24T14:08:21.733Z,2026-08-24T15:03:37.584Z,3316,2026-08-24T15:03:37.584Z,FR,Frankfort,6c7532c9-dcb1-40a3-beaa-690039713dec,SAMMS-Frankfort
202608241448406672,202608241408172562,202608241408171802,88,5424,P1 Reference Custom Questions Bronze - FS,br_samms_custom_questions,TASK_COMPLETE,FAILED,ERROR,0,0,1,SaveCustomQuestions Bronze ForEach failed,2026-08-24T14:08:21.733Z,2026-08-24T15:03:37.584Z,3316,2026-08-24T15:03:37.584Z,FS,FortSmith,6c7532c9-dcb1-40a3-beaa-690039713dec,SAMMS-FortSmith
202608260854402173,202608260654257707,202608260654255519,85,3547,Bronze INV,br_ReAssessmentMentalHealth,TASK_COMPLETE,SUCCESS,INFO,532,532,0,,2026-08-26T06:54:31.515Z,2026-08-26T08:57:15.847Z,7364,2026-08-26T08:57:15.847Z,B27,Savannah,912d32aa-0b7f-4999-bf60-6670fe5985ea,SAMMS-SavannahV6
202608260854402174,202608260654257708,202608260654255519,85,3548,Bronze INV,br_ReAssessmentMentalHealth,TASK_COMPLETE,SUCCESS,INFO,246,246,0,,2026-08-26T06:54:31.515Z,2026-08-26T08:57:15.847Z,7364,2026-08-26T08:57:15.847Z,B28,West Plains,912d32aa-0b7f-4999-bf60-6670fe5985ea,SAMMS-WestPlainesV5
202608260854402175,202608260654257709,202608260654255519,85,3549,Bronze INV,br_ReAssessmentMentalHealth,TASK_COMPLETE,SUCCESS,INFO,461,461,0,,2026-08-26T06:54:31.515Z,2026-08-26T08:57:15.847Z,7364,2026-08-26T08:57:15.847Z,B29,Poplar Bluff,912d32aa-0b7f-4999-bf60-6670fe5985ea,SAMMS-PoplarBluffV5
202608260854402176,202608260654257710,202608260654255519,85,3550,Bronze INV,br_ReAssessmentMentalHealth,TASK_COMPLETE,SUCCESS,INFO,79,79,0,,2026-08-26T06:54:31.515Z,2026-08-26T08:57:15.847Z,7364,2026-08-26T08:57:15.847Z,B30,KC North,912d32aa-0b7f-4999-bf60-6670fe5985ea,SAMMS-KCNv5
202608260854402177,202608260654257711,202608260654255519,85,3551,Bronze INV,br_ReAssessmentMentalHealth,TASK_COMPLETE,SUCCESS,INFO,401,401,0,,2026-08-26T06:54:31.515Z,2026-08-26T08:57:15.847Z,7364,2026-08-26T08:57:15.847Z,B31,Dyersburg,912d32aa-0b7f-4999-bf60-6670fe5985ea,SAMMS-DyersburgV5
202608260854402178,202608260654257712,202608260654255519,85,3553,Bronze INV,br_ReAssessmentMentalHealth,TASK_COMPLETE,SUCCESS,INFO,487,487,0,,2026-08-26T06:54:31.515Z,2026-08-26T08:57:15.847Z,7364,2026-08-26T08:57:15.847Z,B33,Paducah,912d32aa-0b7f-4999-bf60-6670fe5985ea,SAMMS-Paducah
202608260854402179,202608260654257713,202608260654255519,85,3554,Bronze INV,br_ReAssessmentMentalHealth,TASK_COMPLETE,SUCCESS,INFO,386,386,0,,2026-08-26T06:54:31.515Z,2026-08-26T08:57:15.847Z,7364,2026-08-26T08:57:15.847Z,B34,Corbin,912d32aa-0b7f-4999-bf60-6670fe5985ea,SAMMS-CorbinV5
202608260854402180,202608260654257714,202608260654255519,85,3555,Bronze INV,br_ReAssessmentMentalHealth,TASK_COMPLETE,SUCCESS,INFO,242,242,0,,2026-08-26T06:54:31.515Z,2026-08-26T08:57:15.847Z,7364,2026-08-26T08:57:15.847Z,B35,Lexington,912d32aa-0b7f-4999-bf60-6670fe5985ea,SAMMS-LexingtonV5
202608260854402181,202608260654257715,202608260654255519,85,3556,Bronze INV,br_ReAssessmentMentalHealth,TASK_COMPLETE,SUCCESS,INFO,77,77,0,,2026-08-26T06:54:31.515Z,2026-08-26T08:57:15.847Z,7364,2026-08-26T08:57:15.847Z,B35A,Berea,912d32aa-0b7f-4999-bf60-6670fe5985ea,SAMMS-BereaV5
202608260854402183,202608260654257716,202608260654255519,85,3557,Bronze INV,br_ReAssessmentMentalHealth,TASK_COMPLETE,SUCCESS,INFO,20,20,0,,2026-08-26T06:54:31.515Z,2026-08-26T08:57:15.847Z,7364,2026-08-26T08:57:15.847Z,B36,Asheville,912d32aa-0b7f-4999-bf60-6670fe5985ea,SAMMS-AshevilleV5
202608260854402184,202608260654257717,202608260654255519,85,3558,Bronze INV,br_ReAssessmentMentalHealth,TASK_COMPLETE,SUCCESS,INFO,1,1,0,,2026-08-26T06:54:31.515Z,2026-08-26T08:57:15.847Z,7364,2026-08-26T08:57:15.847Z,B37,Clyde,912d32aa-0b7f-4999-bf60-6670fe5985ea,SAMMS-ClydeV5
202608260854402185,202608260654257718,202608260654255519,85,3559,Bronze INV,br_ReAssessmentMentalHealth,TASK_COMPLETE,SUCCESS,INFO,1188,1188,0,,2026-08-26T06:54:31.515Z,2026-08-26T08:57:15.847Z,7364,2026-08-26T08:57:15.847Z,B38,Spartanburg,912d32aa-0b7f-4999-bf60-6670fe5985ea,SAMMS-SpartanburgV5
202608260854402186,202608260654257719,202608260654255519,85,3560,Bronze INV,br_ReAssessmentMentalHealth,TASK_COMPLETE,SUCCESS,INFO,362,362,0,,2026-08-26T06:54:31.515Z,2026-08-26T08:57:15.847Z,7364,2026-08-26T08:57:15.847Z,B39,Aiken,912d32aa-0b7f-4999-bf60-6670fe5985ea,SAMMS-AikenV5
202608260854402187,202608260654257720,202608260654255519,85,3561,Bronze INV,br_ReAssessmentMentalHealth,TASK_COMPLETE,SUCCESS,INFO,1892,1892,0,,2026-08-26T06:54:31.515Z,2026-08-26T08:57:15.847Z,7364,2026-08-26T08:57:15.847Z,B41,Chesapeake,912d32aa-0b7f-4999-bf60-6670fe5985ea,SAMMS-ChesapeakeV5
202608260854402188,202608260654257721,202608260654255519,85,3562,Bronze INV,br_ReAssessmentMentalHealth,TASK_COMPLETE,SUCCESS,INFO,1919,1919,0,,2026-08-26T06:54:31.515Z,2026-08-26T08:57:15.847Z,7364,2026-08-26T08:57:15.847Z,B42,Virginia Beach,912d32aa-0b7f-4999-bf60-6670fe5985ea,SAMMS-VirginiaBeachV5
202608260854402189,202608260654257722,202608260654255519,85,3563,Bronze INV,br_ReAssessmentMentalHealth,TASK_COMPLETE,SUCCESS,INFO,931,931,0,,2026-08-26T06:54:31.515Z,2026-08-26T08:57:15.847Z,7364,2026-08-26T08:57:15.847Z,B42A,Newport News,912d32aa-0b7f-4999-bf60-6670fe5985ea,SAMMS-NewportNewsV5
202608260854402190,202608260654257723,202608260654255519,85,3564,Bronze INV,br_ReAssessmentMentalHealth,TASK_COMPLETE,SUCCESS,INFO,508,508,0,,2026-08-26T06:54:31.515Z,2026-08-26T08:57:15.847Z,7364,2026-08-26T08:57:15.847Z,B42B,Franklin,912d32aa-0b7f-4999-bf60-6670fe5985ea,SAMMS-FranklinV5
202608260854402191,202608260654257724,202608260654255519,85,3565,Bronze INV,br_ReAssessmentMentalHealth,TASK_COMPLETE,SUCCESS,INFO,345,345,0,,2026-08-26T06:54:31.515Z,2026-08-26T08:57:15.847Z,7364,2026-08-26T08:57:15.847Z,B42C,Glen Allen,912d32aa-0b7f-4999-bf60-6670fe5985ea,SAMMS-GlenAllenV5
202608260854402192,202608260654257725,202608260654255519,85,3566,Bronze INV,br_ReAssessmentMentalHealth,TASK_COMPLETE,SUCCESS,INFO,1483,1483,0,,2026-08-26T06:54:31.515Z,2026-08-26T08:57:15.847Z,7364,2026-08-26T08:57:15.847Z,B42D,Chesapeake South,912d32aa-0b7f-4999-bf60-6670fe5985ea,SAMMS-ChesapeakeSouthV5
202608260854402194,202608260654257726,202608260654255519,85,3567,Bronze INV,br_ReAssessmentMentalHealth,TASK_COMPLETE,SUCCESS,INFO,632,632,0,,2026-08-26T06:54:31.515Z,2026-08-26T08:57:15.847Z,7364,2026-08-26T08:57:15.847Z,B44,Albany,912d32aa-0b7f-4999-bf60-6670fe5985ea,SAMMS-AlbanyV5
202608260854402195,202608260654257727,202608260654255519,85,3568,Bronze INV,br_ReAssessmentMentalHealth,TASK_COMPLETE,SUCCESS,INFO,1270,1270,0,,2026-08-26T06:54:31.515Z,2026-08-26T08:57:15.847Z,7364,2026-08-26T08:57:15.847Z,B45,Tifton,912d32aa-0b7f-4999-bf60-6670fe5985ea,SAMMS-TiftonV5
202608260854402196,202608260654257728,202608260654255519,85,3569,Bronze INV,br_ReAssessmentMentalHealth,TASK_COMPLETE,SUCCESS,INFO,590,590,0,,2026-08-26T06:54:31.515Z,2026-08-26T08:57:15.847Z,7364,2026-08-26T08:57:15.847Z,B46,Washington DC,912d32aa-0b7f-4999-bf60-6670fe5985ea,SAMMS-WashingtonDCv5
202608260854402197,202608260654257729,202608260654255519,85,3570,Bronze INV,br_ReAssessmentMentalHealth,TASK_COMPLETE,SUCCESS,INFO,1573,1573,0,,2026-08-26T06:54:31.515Z,2026-08-26T08:57:15.847Z,7364,2026-08-26T08:57:15.847Z,B47,Mobile,912d32aa-0b7f-4999-bf60-6670fe5985ea,SAMMS-MobileV5
202608260854402198,202608260654257730,202608260654255519,85,3571,Bronze INV,br_ReAssessmentMentalHealth,TASK_COMPLETE,SUCCESS,INFO,1297,1297,0,,2026-08-26T06:54:31.515Z,2026-08-26T08:57:15.847Z,7364,2026-08-26T08:57:15.847Z,B48,Tuscaloosa,912d32aa-0b7f-4999-bf60-6670fe5985ea,SAMMS-TuscaloosaV5
202608260854402199,202608260654257731,202608260654255519,85,3580,Bronze INV,br_ReAssessmentMentalHealth,TASK_COMPLETE,SUCCESS,INFO,2,2,0,,2026-08-26T06:54:31.515Z,2026-08-26T08:57:15.847Z,7364,2026-08-26T08:57:15.847Z,B51,N. Little Rock (OTP),912d32aa-0b7f-4999-bf60-6670fe5985ea,SAMMS-NorthLittleRockV6
202608260854402200,202608260654257732,202608260654255519,85,3581,Bronze INV,br_ReAssessmentMentalHealth,TASK_COMPLETE,SUCCESS,INFO,457,457,0,,2026-08-26T06:54:31.515Z,2026-08-26T08:57:15.847Z,7364,2026-08-26T08:57:15.847Z,B52,Jackson GA,912d32aa-0b7f-4999-bf60-6670fe5985ea,SAMMS-JacksonGAV5
202608260854402201,202608260654257733,202608260654255519,85,3582,Bronze INV,br_ReAssessmentMentalHealth,TASK_COMPLETE,SUCCESS,INFO,1703,1703,0,,2026-08-26T06:54:31.515Z,2026-08-26T08:57:15.847Z,7364,2026-08-26T08:57:15.847Z,B54,Gadsden,912d32aa-0b7f-4999-bf60-6670fe5985ea,SAMMS-GadsdenV5
202608260854402203,202608260654257734,202608260654255519,85,3583,Bronze INV,br_ReAssessmentMentalHealth,TASK_COMPLETE,SUCCESS,INFO,952,952,0,,2026-08-26T06:54:31.515Z,2026-08-26T08:57:15.847Z,7364,2026-08-26T08:57:15.847Z,B55,Shoals,912d32aa-0b7f-4999-bf60-6670fe5985ea,SAMMS-ShoalsV5
202608260854402204,202608260654257735,202608260654255519,85,3584,Bronze INV,br_ReAssessmentMentalHealth,TASK_COMPLETE,SUCCESS,INFO,294,294,0,,2026-08-26T06:54:31.515Z,2026-08-26T08:57:15.847Z,7364,2026-08-26T08:57:15.847Z,B57,Pawtucket,912d32aa-0b7f-4999-bf60-6670fe5985ea,SAMMS-Pawtucket
202608260854402205,202608260654257736,202608260654255519,85,3585,Bronze INV,br_ReAssessmentMentalHealth,TASK_COMPLETE,SUCCESS,INFO,554,554,0,,2026-08-26T06:54:31.515Z,2026-08-26T08:57:15.847Z,7364,2026-08-26T08:57:15.847Z,B57A,Johnston,912d32aa-0b7f-4999-bf60-6670fe5985ea,SAMMS-Johnston
202608260854402206,202608260654257737,202608260654255519,85,3586,Bronze INV,br_ReAssessmentMentalHealth,TASK_COMPLETE,SUCCESS,INFO,166,166,0,,2026-08-26T06:54:31.515Z,2026-08-26T08:57:15.847Z,7364,2026-08-26T08:57:15.847Z,B57B,Middletown,912d32aa-0b7f-4999-bf60-6670fe5985ea,SAMMS-Middletown
202608260854402207,202608260654257738,202608260654255519,85,3587,Bronze INV,br_ReAssessmentMentalHealth,TASK_COMPLETE,SUCCESS,INFO,413,413,0,,2026-08-26T06:54:31.515Z,2026-08-26T08:57:15.847Z,7364,2026-08-26T08:57:15.847Z,B57C,Providence,912d32aa-0b7f-4999-bf60-6670fe5985ea,SAMMS-Providence
202608260854402208,202608260654257739,202608260654255519,85,3588,Bronze INV,br_ReAssessmentMentalHealth,TASK_COMPLETE,SUCCESS,INFO,626,626,0,,2026-08-26T06:54:31.515Z,2026-08-26T08:57:15.847Z,7364,2026-08-26T08:57:15.847Z,B57D,Westerly,912d32aa-0b7f-4999-bf60-6670fe5985ea,SAMMS-Westerly
202608260854402209,202608260654257740,202608260654255519,85,3592,Bronze INV,br_ReAssessmentMentalHealth,TASK_COMPLETE,SUCCESS,INFO,4,4,0,,2026-08-26T06:54:31.515Z,2026-08-26T08:57:15.847Z,7364,2026-08-26T08:57:15.847Z,B66A,Bremen,912d32aa-0b7f-4999-bf60-6670fe5985ea,SAMMS-Bremen
202608260854402210,202608260654257741,202608260654255519,85,3595,Bronze INV,br_ReAssessmentMentalHealth,TASK_COMPLETE,SUCCESS,INFO,0,0,0,,2026-08-26T06:54:31.515Z,2026-08-26T08:57:15.847Z,7364,2026-08-26T08:57:15.847Z,B72,Mobile (OBOT),912d32aa-0b7f-4999-bf60-6670fe5985ea,SAMMS-Mobile-OBOT
202608260854402212,202608260654257742,202608260654255519,85,3596,Bronze INV,br_ReAssessmentMentalHealth,TASK_COMPLETE,SUCCESS,INFO,0,0,0,,2026-08-26T06:54:31.515Z,2026-08-26T08:57:15.847Z,7364,2026-08-26T08:57:15.847Z,B73,Montgomery,912d32aa-0b7f-4999-bf60-6670fe5985ea,SAMMS-Montgomery
202608260854402213,202608260654257743,202608260654255519,85,3597,Bronze INV,br_ReAssessmentMentalHealth,TASK_COMPLETE,SUCCESS,INFO,518,518,0,,2026-08-26T06:54:31.515Z,2026-08-26T08:57:15.847Z,7364,2026-08-26T08:57:15.847Z,B75,Lawrence,912d32aa-0b7f-4999-bf60-6670fe5985ea,SAMMS-LawrenceV6
202608260854402214,202608260654257744,202608260654255519,85,3598,Bronze INV,br_ReAssessmentMentalHealth,TASK_COMPLETE,SUCCESS,INFO,0,0,0,,2026-08-26T06:54:31.515Z,2026-08-26T08:57:15.847Z,7364,2026-08-26T08:57:15.847Z,B76,Huntsville OBOT,912d32aa-0b7f-4999-bf60-6670fe5985ea,SAMMS-Huntsville-OBOT
202608260854402317,202608260654257360,202608260654255519,85,3729,Bronze INV,br_ReAssessmentOccupational,TASK_COMPLETE,SUCCESS,INFO,646,646,0,,2026-08-26T06:54:31.515Z,2026-08-26T08:57:15.847Z,7364,2026-08-26T08:57:15.847Z,B25,Pikeville,912d32aa-0b7f-4999-bf60-6670fe5985ea,SAMMS-PikevilleV5
202608260854402319,202608260654257361,202608260654255519,85,3730,Bronze INV,br_ReAssessmentOccupational,TASK_COMPLETE,SUCCESS,INFO,970,970,0,,2026-08-26T06:54:31.515Z,2026-08-26T08:57:15.847Z,7364,2026-08-26T08:57:15.847Z,B26,Hazard,912d32aa-0b7f-4999-bf60-6670fe5985ea,SAMMS-HazardV5
202608260854402320,202608260654257362,202608260654255519,85,3731,Bronze INV,br_ReAssessmentOccupational,TASK_COMPLETE,SUCCESS,INFO,531,531,0,,2026-08-26T06:54:31.515Z,2026-08-26T08:57:15.847Z,7364,2026-08-26T08:57:15.847Z,B27,Savannah,912d32aa-0b7f-4999-bf60-6670fe5985ea,SAMMS-SavannahV6
202608260854402321,202608260654257363,202608260654255519,85,3732,Bronze INV,br_ReAssessmentOccupational,TASK_COMPLETE,SUCCESS,INFO,245,245,0,,2026-08-26T06:54:31.515Z,2026-08-26T08:57:15.847Z,7364,2026-08-26T08:57:15.847Z,B28,West Plains,912d32aa-0b7f-4999-bf60-6670fe5985ea,SAMMS-WestPlainesV5
202608260854402322,202608260654257364,202608260654255519,85,3733,Bronze INV,br_ReAssessmentOccupational,TASK_COMPLETE,SUCCESS,INFO,461,461,0,,2026-08-26T06:54:31.515Z,2026-08-26T08:57:15.847Z,7364,2026-08-26T08:57:15.847Z,B29,Poplar Bluff,912d32aa-0b7f-4999-bf60-6670fe5985ea,SAMMS-PoplarBluffV5
202608260854402323,202608260654257365,202608260654255519,85,3734,Bronze INV,br_ReAssessmentOccupational,TASK_COMPLETE,SUCCESS,INFO,78,78,0,,2026-08-26T06:54:31.515Z,2026-08-26T08:57:15.847Z,7364,2026-08-26T08:57:15.847Z,B30,KC North,912d32aa-0b7f-4999-bf60-6670fe5985ea,SAMMS-KCNv5
202608260854402324,202608260654257366,202608260654255519,85,3735,Bronze INV,br_ReAssessmentOccupational,TASK_COMPLETE,SUCCESS,INFO,400,400,0,,2026-08-26T06:54:31.515Z,2026-08-26T08:57:15.847Z,7364,2026-08-26T08:57:15.847Z,B31,Dyersburg,912d32aa-0b7f-4999-bf60-6670fe5985ea,SAMMS-DyersburgV5
202608260854402325,202608260654257367,202608260654255519,85,3737,Bronze INV,br_ReAssessmentOccupational,TASK_COMPLETE,SUCCESS,INFO,487,487,0,,2026-08-26T06:54:31.515Z,2026-08-26T08:57:15.847Z,7364,2026-08-26T08:57:15.847Z,B33,Paducah,912d32aa-0b7f-4999-bf60-6670fe5985ea,SAMMS-Paducah
202608260854402326,202608260654257368,202608260654255519,85,3738,Bronze INV,br_ReAssessmentOccupational,TASK_COMPLETE,SUCCESS,INFO,385,385,0,,2026-08-26T06:54:31.515Z,2026-08-26T08:57:15.847Z,7364,2026-08-26T08:57:15.847Z,B34,Corbin,912d32aa-0b7f-4999-bf60-6670fe5985ea,SAMMS-CorbinV5
202608260854402327,202608260654257369,202608260654255519,85,3739,Bronze INV,br_ReAssessmentOccupational,TASK_COMPLETE,SUCCESS,INFO,239,239,0,,2026-08-26T06:54:31.515Z,2026-08-26T08:57:15.847Z,7364,2026-08-26T08:57:15.847Z,B35,Lexington,912d32aa-0b7f-4999-bf60-6670fe5985ea,SAMMS-LexingtonV5
202608260854402328,202608260654257370,202608260654255519,85,3740,Bronze INV,br_ReAssessmentOccupational,TASK_COMPLETE,SUCCESS,INFO,77,77,0,,2026-08-26T06:54:31.515Z,2026-08-26T08:57:15.847Z,7364,2026-08-26T08:57:15.847Z,B35A,Berea,912d32aa-0b7f-4999-bf60-6670fe5985ea,SAMMS-BereaV5
202608260854402330,202608260654257371,202608260654255519,85,3741,Bronze INV,br_ReAssessmentOccupational,TASK_COMPLETE,SUCCESS,INFO,21,21,0,,2026-08-26T06:54:31.515Z,2026-08-26T08:57:15.847Z,7364,2026-08-26T08:57:15.847Z,B36,Asheville,912d32aa-0b7f-4999-bf60-6670fe5985ea,SAMMS-AshevilleV5
202608260854402331,202608260654257372,202608260654255519,85,3742,Bronze INV,br_ReAssessmentOccupational,TASK_COMPLETE,SUCCESS,INFO,1,1,0,,2026-08-26T06:54:31.515Z,2026-08-26T08:57:15.847Z,7364,2026-08-26T08:57:15.847Z,B37,Clyde,912d32aa-0b7f-4999-bf60-6670fe5985ea,SAMMS-ClydeV5
202608260854402332,202608260654257373,202608260654255519,85,3743,Bronze INV,br_ReAssessmentOccupational,TASK_COMPLETE,SUCCESS,INFO,1187,1187,0,,2026-08-26T06:54:31.515Z,2026-08-26T08:57:15.847Z,7364,2026-08-26T08:57:15.847Z,B38,Spartanburg,912d32aa-0b7f-4999-bf60-6670fe5985ea,SAMMS-SpartanburgV5
202608260854402333,202608260654257374,202608260654255519,85,3744,Bronze INV,br_ReAssessmentOccupational,TASK_COMPLETE,SUCCESS,INFO,362,362,0,,2026-08-26T06:54:31.515Z,2026-08-26T08:57:15.847Z,7364,2026-08-26T08:57:15.847Z,B39,Aiken,912d32aa-0b7f-4999-bf60-6670fe5985ea,SAMMS-AikenV5
202608260854402334,202608260654257375,202608260654255519,85,3745,Bronze INV,br_ReAssessmentOccupational,TASK_COMPLETE,SUCCESS,INFO,1887,1887,0,,2026-08-26T06:54:31.515Z,2026-08-26T08:57:15.847Z,7364,2026-08-26T08:57:15.847Z,B41,Chesapeake,912d32aa-0b7f-4999-bf60-6670fe5985ea,SAMMS-ChesapeakeV5
202608260854402335,202608260654257376,202608260654255519,85,3746,Bronze INV,br_ReAssessmentOccupational,TASK_COMPLETE,SUCCESS,INFO,1914,1914,0,,2026-08-26T06:54:31.515Z,2026-08-26T08:57:15.847Z,7364,2026-08-26T08:57:15.847Z,B42,Virginia Beach,912d32aa-0b7f-4999-bf60-6670fe5985ea,SAMMS-VirginiaBeachV5
202608260854402336,202608260654257377,202608260654255519,85,3747,Bronze INV,br_ReAssessmentOccupational,TASK_COMPLETE,SUCCESS,INFO,924,924,0,,2026-08-26T06:54:31.515Z,2026-08-26T08:57:15.847Z,7364,2026-08-26T08:57:15.847Z,B42A,Newport News,912d32aa-0b7f-4999-bf60-6670fe5985ea,SAMMS-NewportNewsV5
202608260854402337,202608260654257378,202608260654255519,85,3748,Bronze INV,br_ReAssessmentOccupational,TASK_COMPLETE,SUCCESS,INFO,507,507,0,,2026-08-26T06:54:31.515Z,2026-08-26T08:57:15.847Z,7364,2026-08-26T08:57:15.847Z,B42B,Franklin,912d32aa-0b7f-4999-bf60-6670fe5985ea,SAMMS-FranklinV5
202608260854402338,202608260654257379,202608260654255519,85,3749,Bronze INV,br_ReAssessmentOccupational,TASK_COMPLETE,SUCCESS,INFO,343,343,0,,2026-08-26T06:54:31.515Z,2026-08-26T08:57:15.847Z,7364,2026-08-26T08:57:15.847Z,B42C,Glen Allen,912d32aa-0b7f-4999-bf60-6670fe5985ea,SAMMS-GlenAllenV5
202608260854402339,202608260654257380,202608260654255519,85,3750,Bronze INV,br_ReAssessmentOccupational,TASK_COMPLETE,SUCCESS,INFO,1481,1481,0,,2026-08-26T06:54:31.515Z,2026-08-26T08:57:15.847Z,7364,2026-08-26T08:57:15.847Z,B42D,Chesapeake South,912d32aa-0b7f-4999-bf60-6670fe5985ea,SAMMS-ChesapeakeSouthV5
202608260854402341,202608260654257381,202608260654255519,85,3751,Bronze INV,br_ReAssessmentOccupational,TASK_COMPLETE,SUCCESS,INFO,631,631,0,,2026-08-26T06:54:31.515Z,2026-08-26T08:57:15.847Z,7364,2026-08-26T08:57:15.847Z,B44,Albany,912d32aa-0b7f-4999-bf60-6670fe5985ea,SAMMS-AlbanyV5
202608260854402342,202608260654257382,202608260654255519,85,3752,Bronze INV,br_ReAssessmentOccupational,TASK_COMPLETE,SUCCESS,INFO,1268,1268,0,,2026-08-26T06:54:31.515Z,2026-08-26T08:57:15.847Z,7364,2026-08-26T08:57:15.847Z,B45,Tifton,912d32aa-0b7f-4999-bf60-6670fe5985ea,SAMMS-TiftonV5
202608260854402343,202608260654257383,202608260654255519,85,3753,Bronze INV,br_ReAssessmentOccupational,TASK_COMPLETE,SUCCESS,INFO,590,590,0,,2026-08-26T06:54:31.515Z,2026-08-26T08:57:15.847Z,7364,2026-08-26T08:57:15.847Z,B46,Washington DC,912d32aa-0b7f-4999-bf60-6670fe5985ea,SAMMS-WashingtonDCv5
202608260854402344,202608260654257384,202608260654255519,85,3754,Bronze INV,br_ReAssessmentOccupational,TASK_COMPLETE,SUCCESS,INFO,1564,1564,0,,2026-08-26T06:54:31.515Z,2026-08-26T08:57:15.847Z,7364,2026-08-26T08:57:15.847Z,B47,Mobile,912d32aa-0b7f-4999-bf60-6670fe5985ea,SAMMS-MobileV5
202608260854402345,202608260654257385,202608260654255519,85,3755,Bronze INV,br_ReAssessmentOccupational,TASK_COMPLETE,SUCCESS,INFO,1296,1296,0,,2026-08-26T06:54:31.515Z,2026-08-26T08:57:15.847Z,7364,2026-08-26T08:57:15.847Z,B48,Tuscaloosa,912d32aa-0b7f-4999-bf60-6670fe5985ea,SAMMS-TuscaloosaV5
202608260854402346,202608260654257386,202608260654255519,85,3764,Bronze INV,br_ReAssessmentOccupational,TASK_COMPLETE,SUCCESS,INFO,2,2,0,,2026-08-26T06:54:31.515Z,2026-08-26T08:57:15.847Z,7364,2026-08-26T08:57:15.847Z,B51,N. Little Rock (OTP),912d32aa-0b7f-4999-bf60-6670fe5985ea,SAMMS-NorthLittleRockV6
202608260854402347,202608260654257387,202608260654255519,85,3765,Bronze INV,br_ReAssessmentOccupational,TASK_COMPLETE,SUCCESS,INFO,455,455,0,,2026-08-26T06:54:31.515Z,2026-08-26T08:57:15.847Z,7364,2026-08-26T08:57:15.847Z,B52,Jackson GA,912d32aa-0b7f-4999-bf60-6670fe5985ea,SAMMS-JacksonGAV5
202608260854402348,202608260654257388,202608260654255519,85,3766,Bronze INV,br_ReAssessmentOccupational,TASK_COMPLETE,SUCCESS,INFO,1701,1701,0,,2026-08-26T06:54:31.515Z,2026-08-26T08:57:15.847Z,7364,2026-08-26T08:57:15.847Z,B54,Gadsden,912d32aa-0b7f-4999-bf60-6670fe5985ea,SAMMS-GadsdenV5
202608260854402349,202608260654257389,202608260654255519,85,3767,Bronze INV,br_ReAssessmentOccupational,TASK_COMPLETE,SUCCESS,INFO,947,947,0,,2026-08-26T06:54:31.515Z,2026-08-26T08:57:15.847Z,7364,2026-08-26T08:57:15.847Z,B55,Shoals,912d32aa-0b7f-4999-bf60-6670fe5985ea,SAMMS-ShoalsV5
202608260854402350,202608260654257390,202608260654255519,85,3768,Bronze INV,br_ReAssessmentOccupational,TASK_COMPLETE,SUCCESS,INFO,294,294,0,,2026-08-26T06:54:31.515Z,2026-08-26T08:57:15.847Z,7364,2026-08-26T08:57:15.847Z,B57,Pawtucket,912d32aa-0b7f-4999-bf60-6670fe5985ea,SAMMS-Pawtucket
202608260854402352,202608260654257391,202608260654255519,85,3769,Bronze INV,br_ReAssessmentOccupational,TASK_COMPLETE,SUCCESS,INFO,555,555,0,,2026-08-26T06:54:31.515Z,2026-08-26T08:57:15.847Z,7364,2026-08-26T08:57:15.847Z,B57A,Johnston,912d32aa-0b7f-4999-bf60-6670fe5985ea,SAMMS-Johnston
202608260854402353,202608260654257392,202608260654255519,85,3770,Bronze INV,br_ReAssessmentOccupational,TASK_COMPLETE,SUCCESS,INFO,165,165,0,,2026-08-26T06:54:31.515Z,2026-08-26T08:57:15.847Z,7364,2026-08-26T08:57:15.847Z,B57B,Middletown,912d32aa-0b7f-4999-bf60-6670fe5985ea,SAMMS-Middletown
202608260854402354,202608260654257393,202608260654255519,85,3771,Bronze INV,br_ReAssessmentOccupational,TASK_COMPLETE,SUCCESS,INFO,412,412,0,,2026-08-26T06:54:31.515Z,2026-08-26T08:57:15.847Z,7364,2026-08-26T08:57:15.847Z,B57C,Providence,912d32aa-0b7f-4999-bf60-6670fe5985ea,SAMMS-Providence
202608260854402355,202608260654257394,202608260654255519,85,3772,Bronze INV,br_ReAssessmentOccupational,TASK_COMPLETE,SUCCESS,INFO,623,623,0,,2026-08-26T06:54:31.515Z,2026-08-26T08:57:15.847Z,7364,2026-08-26T08:57:15.847Z,B57D,Westerly,912d32aa-0b7f-4999-bf60-6670fe5985ea,SAMMS-Westerly
202608260854402356,202608260654257395,202608260654255519,85,3776,Bronze INV,br_ReAssessmentOccupational,TASK_COMPLETE,SUCCESS,INFO,4,4,0,,2026-08-26T06:54:31.515Z,2026-08-26T08:57:15.847Z,7364,2026-08-26T08:57:15.847Z,B66A,Bremen,912d32aa-0b7f-4999-bf60-6670fe5985ea,SAMMS-Bremen
202608260854402357,202608260654257396,202608260654255519,85,3779,Bronze INV,br_ReAssessmentOccupational,TASK_COMPLETE,SUCCESS,INFO,0,0,0,,2026-08-26T06:54:31.515Z,2026-08-26T08:57:15.847Z,7364,2026-08-26T08:57:15.847Z,B72,Mobile (OBOT),912d32aa-0b7f-4999-bf60-6670fe5985ea,SAMMS-Mobile-OBOT
202608260854402358,202608260654257397,202608260654255519,85,3780,Bronze INV,br_ReAssessmentOccupational,TASK_COMPLETE,SUCCESS,INFO,0,0,0,,2026-08-26T06:54:31.515Z,2026-08-26T08:57:15.847Z,7364,2026-08-26T08:57:15.847Z,B73,Montgomery,912d32aa-0b7f-4999-bf60-6670fe5985ea,SAMMS-Montgomery
202608252121599027,202608251925574223,202608251925573776,85,2970,Bronze INV,br_OrientationChecklistNew,TASK_COMPLETE,SUCCESS,INFO,44,44,0,,2026-08-25T19:26:03.177Z,2026-08-25T21:23:56.829Z,7073,2026-08-25T21:23:56.829Z,V21,Memphis North,7eb7a049-5d17-4a23-bb2f-3b9c445afd32,SAMMS-RaleighV5
202608252121599028,202608251925574224,202608251925573776,85,2973,Bronze INV,br_OrientationChecklistNew,TASK_COMPLETE,SUCCESS,INFO,159,159,0,,2026-08-25T19:26:03.177Z,2026-08-25T21:23:56.829Z,7073,2026-08-25T21:23:56.829Z,V5,West Bank,7eb7a049-5d17-4a23-bb2f-3b9c445afd32,SAMMS-NONTCv5
202608252121599029,202608251925574225,202608251925573776,85,2975,Bronze INV,br_OrientationChecklistNew,TASK_COMPLETE,SUCCESS,INFO,64,64,0,,2026-08-25T19:26:03.177Z,2026-08-25T21:23:56.829Z,7073,2026-08-25T21:23:56.829Z,V5B,Houma,7eb7a049-5d17-4a23-bb2f-3b9c445afd32,SAMMS-HoumaV6
202608252121599030,202608251925574226,202608251925573776,85,2976,Bronze INV,br_OrientationChecklistNew,TASK_COMPLETE,SUCCESS,INFO,197,197,0,,2026-08-25T19:26:03.177Z,2026-08-25T21:23:56.829Z,7073,2026-08-25T21:23:56.829Z,V6,Lake Charles,7eb7a049-5d17-4a23-bb2f-3b9c445afd32,SAMMS-LCv5
202608252121599031,202608251925574227,202608251925573776,85,2978,Bronze INV,br_OrientationChecklistNew,TASK_COMPLETE,SUCCESS,INFO,129,129,0,,2026-08-25T19:26:03.177Z,2026-08-25T21:23:56.829Z,7073,2026-08-25T21:23:56.829Z,V8,Memphis Midtown,7eb7a049-5d17-4a23-bb2f-3b9c445afd32,SAMMS-VCPHCS-VIII-MemphisV5
202608252121599032,202608251925574228,202608251925573776,85,2979,Bronze INV,br_OrientationChecklistNew,TASK_COMPLETE,SUCCESS,INFO,186,186,0,,2026-08-25T19:26:03.177Z,2026-08-25T21:23:56.829Z,7073,2026-08-25T21:23:56.829Z,V9,Nashville,7eb7a049-5d17-4a23-bb2f-3b9c445afd32,SAMMS-NashvilleV5
202608252121599034,202608251925574229,202608251925573776,85,2980,Bronze INV,br_OrientationChecklistNew,TASK_COMPLETE,SUCCESS,INFO,152,152,0,,2026-08-25T19:26:03.177Z,2026-08-25T21:23:56.829Z,7073,2026-08-25T21:23:56.829Z,VBRA,Brainerd,7eb7a049-5d17-4a23-bb2f-3b9c445afd32,SAMMS-BrainerdV6
202608252121599035,202608251925574230,202608251925573776,85,2981,Bronze INV,br_OrientationChecklistNew,TASK_COMPLETE,SUCCESS,INFO,167,167,0,,2026-08-25T19:26:03.177Z,2026-08-25T21:23:56.829Z,7073,2026-08-25T21:23:56.829Z,VBRP,Brooklyn Park,7eb7a049-5d17-4a23-bb2f-3b9c445afd32,SAMMS-BrooklynParkV6
202608252121599036,202608251925574231,202608251925573776,85,2983,Bronze INV,br_OrientationChecklistNew,TASK_COMPLETE,SUCCESS,INFO,132,132,0,,2026-08-25T19:26:03.177Z,2026-08-25T21:23:56.829Z,7073,2026-08-25T21:23:56.829Z,VMIN,Minneapolis,7eb7a049-5d17-4a23-bb2f-3b9c445afd32,SAMMS-MinneapolisV6
202608252121599037,202608251925574232,202608251925573776,85,2984,Bronze INV,br_OrientationChecklistNew,TASK_COMPLETE,SUCCESS,INFO,193,193,0,,2026-08-25T19:26:03.177Z,2026-08-25T21:23:56.829Z,7073,2026-08-25T21:23:56.829Z,VWBY,Woodbury,7eb7a049-5d17-4a23-bb2f-3b9c445afd32,SAMMS-WoodburyV6
202608252121599038,202608251925574233,202608251925573776,85,2986,Bronze INV,br_OrientationChecklistNew,TASK_COMPLETE,SUCCESS,INFO,107,107,0,,2026-08-25T19:26:03.177Z,2026-08-25T21:23:56.829Z,7073,2026-08-25T21:23:56.829Z,WIL,Wilson,7eb7a049-5d17-4a23-bb2f-3b9c445afd32,SAMMS-Wilson
202608252121599140,202608251925673797,202608251925673776,86,8580,Silver INV,sl_OrientationChecklistNew,TASK_COMPLETE,SUCCESS,INFO,12147,12147,0,,2026-08-25T19:26:03.177Z,2026-08-25T21:23:56.829Z,7073,2026-08-25T21:23:56.829Z,,,7eb7a049-5d17-4a23-bb2f-3b9c445afd32,
202608252121599069,202608251925575499,202608251925573776,85,2990,Bronze INV,br_ReAssessment,TASK_COMPLETE,SUCCESS,INFO,0,0,0,,2026-08-25T19:26:03.177Z,2026-08-25T21:23:56.829Z,7073,2026-08-25T21:23:56.829Z,AHK,Ahoskie,7eb7a049-5d17-4a23-bb2f-3b9c445afd32,SAMMS-Ahoskie
202608252121599070,202608251925575500,202608251925573776,85,2991,Bronze INV,br_ReAssessment,TASK_COMPLETE,SUCCESS,INFO,0,0,0,,2026-08-25T19:26:03.177Z,2026-08-25T21:23:56.829Z,7073,2026-08-25T21:23:56.829Z,B12B,Colorado Springs,7eb7a049-5d17-4a23-bb2f-3b9c445afd32,SAMMS-ColoradoSpringsV5
202608252121599072,202608251925575501,202608251925573776,85,2992,Bronze INV,br_ReAssessment,TASK_COMPLETE,SUCCESS,INFO,0,0,0,,2026-08-25T19:26:03.177Z,2026-08-25T21:23:56.829Z,7073,2026-08-25T21:23:56.829Z,B24,Paintsville,7eb7a049-5d17-4a23-bb2f-3b9c445afd32,SAMMS-PaintsvilleV5
202608252121599073,202608251925575502,202608251925573776,85,2993,Bronze INV,br_ReAssessment,TASK_COMPLETE,SUCCESS,INFO,0,0,0,,2026-08-25T19:26:03.177Z,2026-08-25T21:23:56.829Z,7073,2026-08-25T21:23:56.829Z,B25,Pikeville,7eb7a049-5d17-4a23-bb2f-3b9c445afd32,SAMMS-PikevilleV5
202608252121599074,202608251925575503,202608251925573776,85,2994,Bronze INV,br_ReAssessment,TASK_COMPLETE,SUCCESS,INFO,0,0,0,,2026-08-25T19:26:03.177Z,2026-08-25T21:23:56.829Z,7073,2026-08-25T21:23:56.829Z,B26,Hazard,7eb7a049-5d17-4a23-bb2f-3b9c445afd32,SAMMS-HazardV5
202608252121599075,202608251925575504,202608251925573776,85,2995,Bronze INV,br_ReAssessment,TASK_COMPLETE,SUCCESS,INFO,0,0,0,,2026-08-25T19:26:03.177Z,2026-08-25T21:23:56.829Z,7073,2026-08-25T21:23:56.829Z,B27,Savannah,7eb7a049-5d17-4a23-bb2f-3b9c445afd32,SAMMS-SavannahV6
202608252121599076,202608251925575505,202608251925573776,85,2996,Bronze INV,br_ReAssessment,TASK_COMPLETE,SUCCESS,INFO,0,0,0,,2026-08-25T19:26:03.177Z,2026-08-25T21:23:56.829Z,7073,2026-08-25T21:23:56.829Z,B28,West Plains,7eb7a049-5d17-4a23-bb2f-3b9c445afd32,SAMMS-WestPlainesV5
202608252121599077,202608251925575506,202608251925573776,85,2997,Bronze INV,br_ReAssessment,TASK_COMPLETE,SUCCESS,INFO,0,0,0,,2026-08-25T19:26:03.177Z,2026-08-25T21:23:56.829Z,7073,2026-08-25T21:23:56.829Z,B29,Poplar Bluff,7eb7a049-5d17-4a23-bb2f-3b9c445afd32,SAMMS-PoplarBluffV5
202608252121599079,202608251925575507,202608251925573776,85,2998,Bronze INV,br_ReAssessment,TASK_COMPLETE,SUCCESS,INFO,0,0,0,,2026-08-25T19:26:03.177Z,2026-08-25T21:23:56.829Z,7073,2026-08-25T21:23:56.829Z,B30,KC North,7eb7a049-5d17-4a23-bb2f-3b9c445afd32,SAMMS-KCNv5
202608252121599080,202608251925575508,202608251925573776,85,2999,Bronze INV,br_ReAssessment,TASK_COMPLETE,SUCCESS,INFO,0,0,0,,2026-08-25T19:26:03.177Z,2026-08-25T21:23:56.829Z,7073,2026-08-25T21:23:56.829Z,B31,Dyersburg,7eb7a049-5d17-4a23-bb2f-3b9c445afd32,SAMMS-DyersburgV5
202608252121599081,202608251925575509,202608251925573776,85,3001,Bronze INV,br_ReAssessment,TASK_COMPLETE,SUCCESS,INFO,0,0,0,,2026-08-25T19:26:03.177Z,2026-08-25T21:23:56.829Z,7073,2026-08-25T21:23:56.829Z,B33,Paducah,7eb7a049-5d17-4a23-bb2f-3b9c445afd32,SAMMS-Paducah
202608252121599082,202608251925575510,202608251925573776,85,3002,Bronze INV,br_ReAssessment,TASK_COMPLETE,SUCCESS,INFO,0,0,0,,2026-08-25T19:26:03.177Z,2026-08-25T21:23:56.829Z,7073,2026-08-25T21:23:56.829Z,B34,Corbin,7eb7a049-5d17-4a23-bb2f-3b9c445afd32,SAMMS-CorbinV5
202608252121599083,202608251925575511,202608251925573776,85,3003,Bronze INV,br_ReAssessment,TASK_COMPLETE,SUCCESS,INFO,0,0,0,,2026-08-25T19:26:03.177Z,2026-08-25T21:23:56.829Z,7073,2026-08-25T21:23:56.829Z,B35,Lexington,7eb7a049-5d17-4a23-bb2f-3b9c445afd32,SAMMS-LexingtonV5
202608252121599084,202608251925575512,202608251925573776,85,3004,Bronze INV,br_ReAssessment,TASK_COMPLETE,SUCCESS,INFO,0,0,0,,2026-08-25T19:26:03.177Z,2026-08-25T21:23:56.829Z,7073,2026-08-25T21:23:56.829Z,B35A,Berea,7eb7a049-5d17-4a23-bb2f-3b9c445afd32,SAMMS-BereaV5
202608252121599085,202608251925575513,202608251925573776,85,3005,Bronze INV,br_ReAssessment,TASK_COMPLETE,SUCCESS,INFO,0,0,0,,2026-08-25T19:26:03.177Z,2026-08-25T21:23:56.829Z,7073,2026-08-25T21:23:56.829Z,B36,Asheville,7eb7a049-5d17-4a23-bb2f-3b9c445afd32,SAMMS-AshevilleV5
202608252121599087,202608251925575514,202608251925573776,85,3006,Bronze INV,br_ReAssessment,TASK_COMPLETE,SUCCESS,INFO,0,0,0,,2026-08-25T19:26:03.177Z,2026-08-25T21:23:56.829Z,7073,2026-08-25T21:23:56.829Z,B37,Clyde,7eb7a049-5d17-4a23-bb2f-3b9c445afd32,SAMMS-ClydeV5
202608252121599088,202608251925575515,202608251925573776,85,3007,Bronze INV,br_ReAssessment,TASK_COMPLETE,SUCCESS,INFO,0,0,0,,2026-08-25T19:26:03.177Z,2026-08-25T21:23:56.829Z,7073,2026-08-25T21:23:56.829Z,B38,Spartanburg,7eb7a049-5d17-4a23-bb2f-3b9c445afd32,SAMMS-SpartanburgV5
202608252121599089,202608251925575516,202608251925573776,85,3008,Bronze INV,br_ReAssessment,TASK_COMPLETE,SUCCESS,INFO,0,0,0,,2026-08-25T19:26:03.177Z,2026-08-25T21:23:56.829Z,7073,2026-08-25T21:23:56.829Z,B39,Aiken,7eb7a049-5d17-4a23-bb2f-3b9c445afd32,SAMMS-AikenV5
202608252121599091,202608251925575517,202608251925573776,85,3009,Bronze INV,br_ReAssessment,TASK_COMPLETE,SUCCESS,INFO,0,0,0,,2026-08-25T19:26:03.177Z,2026-08-25T21:23:56.829Z,7073,2026-08-25T21:23:56.829Z,B41,Chesapeake,7eb7a049-5d17-4a23-bb2f-3b9c445afd32,SAMMS-ChesapeakeV5
202608252121599092,202608251925575518,202608251925573776,85,3010,Bronze INV,br_ReAssessment,TASK_COMPLETE,SUCCESS,INFO,0,0,0,,2026-08-25T19:26:03.177Z,2026-08-25T21:23:56.829Z,7073,2026-08-25T21:23:56.829Z,B42,Virginia Beach,7eb7a049-5d17-4a23-bb2f-3b9c445afd32,SAMMS-VirginiaBeachV5
202608252121599093,202608251925575519,202608251925573776,85,3011,Bronze INV,br_ReAssessment,TASK_COMPLETE,SUCCESS,INFO,0,0,0,,2026-08-25T19:26:03.177Z,2026-08-25T21:23:56.829Z,7073,2026-08-25T21:23:56.829Z,B42A,Newport News,7eb7a049-5d17-4a23-bb2f-3b9c445afd32,SAMMS-NewportNewsV5
202608252121599094,202608251925575520,202608251925573776,85,3012,Bronze INV,br_ReAssessment,TASK_COMPLETE,SUCCESS,INFO,0,0,0,,2026-08-25T19:26:03.177Z,2026-08-25T21:23:56.829Z,7073,2026-08-25T21:23:56.829Z,B42B,Franklin,7eb7a049-5d17-4a23-bb2f-3b9c445afd32,SAMMS-FranklinV5
202608252121599095,202608251925575521,202608251925573776,85,3013,Bronze INV,br_ReAssessment,TASK_COMPLETE,SUCCESS,INFO,0,0,0,,2026-08-25T19:26:03.177Z,2026-08-25T21:23:56.829Z,7073,2026-08-25T21:23:56.829Z,B42C,Glen Allen,7eb7a049-5d17-4a23-bb2f-3b9c445afd32,SAMMS-GlenAllenV5
202608252121599097,202608251925575522,202608251925573776,85,3014,Bronze INV,br_ReAssessment,TASK_COMPLETE,SUCCESS,INFO,0,0,0,,2026-08-25T19:26:03.177Z,2026-08-25T21:23:56.829Z,7073,2026-08-25T21:23:56.829Z,B42D,Chesapeake South,7eb7a049-5d17-4a23-bb2f-3b9c445afd32,SAMMS-ChesapeakeSouthV5
202608252121599098,202608251925575523,202608251925573776,85,3015,Bronze INV,br_ReAssessment,TASK_COMPLETE,SUCCESS,INFO,0,0,0,,2026-08-25T19:26:03.177Z,2026-08-25T21:23:56.829Z,7073,2026-08-25T21:23:56.829Z,B44,Albany,7eb7a049-5d17-4a23-bb2f-3b9c445afd32,SAMMS-AlbanyV5
202608252121599099,202608251925575524,202608251925573776,85,3016,Bronze INV,br_ReAssessment,TASK_COMPLETE,SUCCESS,INFO,0,0,0,,2026-08-25T19:26:03.177Z,2026-08-25T21:23:56.829Z,7073,2026-08-25T21:23:56.829Z,B45,Tifton,7eb7a049-5d17-4a23-bb2f-3b9c445afd32,SAMMS-TiftonV5
202608252121599100,202608251925575525,202608251925573776,85,3017,Bronze INV,br_ReAssessment,TASK_COMPLETE,SUCCESS,INFO,0,0,0,,2026-08-25T19:26:03.177Z,2026-08-25T21:23:56.829Z,7073,2026-08-25T21:23:56.829Z,B46,Washington DC,7eb7a049-5d17-4a23-bb2f-3b9c445afd32,SAMMS-WashingtonDCv5
202608252121599101,202608251925575526,202608251925573776,85,3018,Bronze INV,br_ReAssessment,TASK_COMPLETE,SUCCESS,INFO,0,0,0,,2026-08-25T19:26:03.177Z,2026-08-25T21:23:56.829Z,7073,2026-08-25T21:23:56.829Z,B47,Mobile,7eb7a049-5d17-4a23-bb2f-3b9c445afd32,SAMMS-MobileV5
202608252121599102,202608251925575527,202608251925573776,85,3019,Bronze INV,br_ReAssessment,TASK_COMPLETE,SUCCESS,INFO,0,0,0,,2026-08-25T19:26:03.177Z,2026-08-25T21:23:56.829Z,7073,2026-08-25T21:23:56.829Z,B48,Tuscaloosa,7eb7a049-5d17-4a23-bb2f-3b9c445afd32,SAMMS-TuscaloosaV5
202608252121599104,202608251925575528,202608251925573776,85,3028,Bronze INV,br_ReAssessment,TASK_COMPLETE,SUCCESS,INFO,0,0,0,,2026-08-25T19:26:03.177Z,2026-08-25T21:23:56.829Z,7073,2026-08-25T21:23:56.829Z,B51,N. Little Rock (OTP),7eb7a049-5d17-4a23-bb2f-3b9c445afd32,SAMMS-NorthLittleRockV6
202608252121599105,202608251925575529,202608251925573776,85,3029,Bronze INV,br_ReAssessment,TASK_COMPLETE,SUCCESS,INFO,0,0,0,,2026-08-25T19:26:03.177Z,2026-08-25T21:23:56.829Z,7073,2026-08-25T21:23:56.829Z,B52,Jackson GA,7eb7a049-5d17-4a23-bb2f-3b9c445afd32,SAMMS-JacksonGAV5
202608252121599106,202608251925575530,202608251925573776,85,3030,Bronze INV,br_ReAssessment,TASK_COMPLETE,SUCCESS,INFO,0,0,0,,2026-08-25T19:26:03.177Z,2026-08-25T21:23:56.829Z,7073,2026-08-25T21:23:56.829Z,B54,Gadsden,7eb7a049-5d17-4a23-bb2f-3b9c445afd32,SAMMS-GadsdenV5
202608252121599107,202608251925575531,202608251925573776,85,3031,Bronze INV,br_ReAssessment,TASK_COMPLETE,SUCCESS,INFO,0,0,0,,2026-08-25T19:26:03.177Z,2026-08-25T21:23:56.829Z,7073,2026-08-25T21:23:56.829Z,B55,Shoals,7eb7a049-5d17-4a23-bb2f-3b9c445afd32,SAMMS-ShoalsV5
202608252121599108,202608251925575532,202608251925573776,85,3032,Bronze INV,br_ReAssessment,TASK_COMPLETE,SUCCESS,INFO,0,0,0,,2026-08-25T19:26:03.177Z,2026-08-25T21:23:56.829Z,7073,2026-08-25T21:23:56.829Z,B57,Pawtucket,7eb7a049-5d17-4a23-bb2f-3b9c445afd32,SAMMS-Pawtucket
202608252121599109,202608251925575533,202608251925573776,85,3033,Bronze INV,br_ReAssessment,TASK_COMPLETE,SUCCESS,INFO,12,12,0,,2026-08-25T19:26:03.177Z,2026-08-25T21:23:56.829Z,7073,2026-08-25T21:23:56.829Z,B57A,Johnston,7eb7a049-5d17-4a23-bb2f-3b9c445afd32,SAMMS-Johnston
202608252121599111,202608251925575534,202608251925573776,85,3034,Bronze INV,br_ReAssessment,TASK_COMPLETE,SUCCESS,INFO,0,0,0,,2026-08-25T19:26:03.177Z,2026-08-25T21:23:56.829Z,7073,2026-08-25T21:23:56.829Z,B57B,Middletown,7eb7a049-5d17-4a23-bb2f-3b9c445afd32,SAMMS-Middletown
202608252121599112,202608251925575535,202608251925573776,85,3035,Bronze INV,br_ReAssessment,TASK_COMPLETE,SUCCESS,INFO,1,1,0,,2026-08-25T19:26:03.177Z,2026-08-25T21:23:56.829Z,7073,2026-08-25T21:23:56.829Z,B57C,Providence,7eb7a049-5d17-4a23-bb2f-3b9c445afd32,SAMMS-Providence
202608252121599113,202608251925575536,202608251925573776,85,3036,Bronze INV,br_ReAssessment,TASK_COMPLETE,SUCCESS,INFO,32,32,0,,2026-08-25T19:26:03.177Z,2026-08-25T21:23:56.829Z,7073,2026-08-25T21:23:56.829Z,B57D,Westerly,7eb7a049-5d17-4a23-bb2f-3b9c445afd32,SAMMS-Westerly
202608252121599114,202608251925575537,202608251925573776,85,3040,Bronze INV,br_ReAssessment,TASK_COMPLETE,SUCCESS,INFO,0,0,0,,2026-08-25T19:26:03.177Z,2026-08-25T21:23:56.829Z,7073,2026-08-25T21:23:56.829Z,B66A,Bremen,7eb7a049-5d17-4a23-bb2f-3b9c445afd32,SAMMS-Bremen
202608252121599115,202608251925575538,202608251925573776,85,3043,Bronze INV,br_ReAssessment,TASK_COMPLETE,SUCCESS,INFO,0,0,0,,2026-08-25T19:26:03.177Z,2026-08-25T21:23:56.829Z,7073,2026-08-25T21:23:56.829Z,B72,Mobile (OBOT),7eb7a049-5d17-4a23-bb2f-3b9c445afd32,SAMMS-Mobile-OBOT
202608252121599116,202608251925575539,202608251925573776,85,3044,Bronze INV,br_ReAssessment,TASK_COMPLETE,SUCCESS,INFO,0,0,0,,2026-08-25T19:26:03.177Z,2026-08-25T21:23:56.829Z,7073,2026-08-25T21:23:56.829Z,B73,Montgomery,7eb7a049-5d17-4a23-bb2f-3b9c445afd32,SAMMS-Montgomery
202608252121599117,202608251925575540,202608251925573776,85,3045,Bronze INV,br_ReAssessment,TASK_COMPLETE,SUCCESS,INFO,0,0,0,,2026-08-25T19:26:03.177Z,2026-08-25T21:23:56.829Z,7073,2026-08-25T21:23:56.829Z,B75,Lawrence,7eb7a049-5d17-4a23-bb2f-3b9c445afd32,SAMMS-LawrenceV6
202608252121599119,202608251925575541,202608251925573776,85,3046,Bronze INV,br_ReAssessment,TASK_COMPLETE,SUCCESS,INFO,0,0,0,,2026-08-25T19:26:03.177Z,2026-08-25T21:23:56.829Z,7073,2026-08-25T21:23:56.829Z,B76,Huntsville OBOT,7eb7a049-5d17-4a23-bb2f-3b9c445afd32,SAMMS-Huntsville-OBOT
202608252121599120,202608251925575542,202608251925573776,85,3047,Bronze INV,br_ReAssessment,TASK_COMPLETE,SUCCESS,INFO,0,0,0,,2026-08-25T19:26:03.177Z,2026-08-25T21:23:56.829Z,7073,2026-08-25T21:23:56.829Z,BAT,Batesville,7eb7a049-5d17-4a23-bb2f-3b9c445afd32,SAMMS-Batesville
202608252121599121,202608251925575543,202608251925573776,85,3048,Bronze INV,br_ReAssessment,TASK_COMPLETE,SUCCESS,INFO,0,0,0,,2026-08-25T19:26:03.177Z,2026-08-25T21:23:56.829Z,7073,2026-08-25T21:23:56.829Z,BG,Bowling Green,7eb7a049-5d17-4a23-bb2f-3b9c445afd32,SAMMS-BowlingGreen
202608252121599122,202608251925575544,202608251925573776,85,3049,Bronze INV,br_ReAssessment,TASK_COMPLETE,SUCCESS,INFO,0,0,0,,2026-08-25T19:26:03.177Z,2026-08-25T21:23:56.829Z,7073,2026-08-25T21:23:56.829Z,BOI,Boise,7eb7a049-5d17-4a23-bb2f-3b9c445afd32,SAMMS-Boise
202608252121599123,202608251925575545,202608251925573776,85,3056,Bronze INV,br_ReAssessment,TASK_COMPLETE,SUCCESS,INFO,0,0,0,,2026-08-25T19:26:03.177Z,2026-08-25T21:23:56.829Z,7073,2026-08-25T21:23:56.829Z,CBCO,Coeur dAlene,7eb7a049-5d17-4a23-bb2f-3b9c445afd32,SAMMS-CoeurdAleneV6
202608252121599124,202608251925575546,202608251925573776,85,3075,Bronze INV,br_ReAssessment,TASK_COMPLETE,SUCCESS,INFO,0,0,0,,2026-08-25T19:26:03.177Z,2026-08-25T21:23:56.829Z,7073,2026-08-25T21:23:56.829Z,CON,Conway,7eb7a049-5d17-4a23-bb2f-3b9c445afd32,SAMMS-Conway
202608252121599126,202608251925575547,202608251925573776,85,3076,Bronze INV,br_ReAssessment,TASK_COMPLETE,SUCCESS,INFO,0,0,0,,2026-08-25T19:26:03.177Z,2026-08-25T21:23:56.829Z,7073,2026-08-25T21:23:56.829Z,D07,Medical Services Knox TN,7eb7a049-5d17-4a23-bb2f-3b9c445afd32,SAMMS-KnoxvilleV6
202608252121599127,202608251925575548,202608251925573776,85,3077,Bronze INV,br_ReAssessment,TASK_COMPLETE,SUCCESS,INFO,0,0,0,,2026-08-25T19:26:03.177Z,2026-08-25T21:23:56.829Z,7073,2026-08-25T21:23:56.829Z,D08,Madison,7eb7a049-5d17-4a23-bb2f-3b9c445afd32,SAMMS-MadisonV6
202608252121599128,202608251925575549,202608251925573776,85,3079,Bronze INV,br_ReAssessment,TASK_COMPLETE,SUCCESS,INFO,0,0,0,,2026-08-25T19:26:03.177Z,2026-08-25T21:23:56.829Z,7073,2026-08-25T21:23:56.829Z,D09,Murfreesboro,7eb7a049-5d17-4a23-bb2f-3b9c445afd32,SAMMS-MurfreesboroV6
202608252121599129,202608251925575550,202608251925573776,85,3080,Bronze INV,br_ReAssessment,TASK_COMPLETE,SUCCESS,INFO,0,0,0,,2026-08-25T19:26:03.177Z,2026-08-25T21:23:56.829Z,7073,2026-08-25T21:23:56.829Z,DA,Davenport,7eb7a049-5d17-4a23-bb2f-3b9c445afd32,SAMMS-Davenport
202608252121599130,202608251925575551,202608251925573776,85,3081,Bronze INV,br_ReAssessment,TASK_COMPLETE,SUCCESS,INFO,0,0,0,,2026-08-25T19:26:03.177Z,2026-08-25T21:23:56.829Z,7073,2026-08-25T21:23:56.829Z,DM,Des Moines,7eb7a049-5d17-4a23-bb2f-3b9c445afd32,SAMMS-DesMoines
202608252121599131,202608251925575552,202608251925573776,85,3083,Bronze INV,br_ReAssessment,TASK_COMPLETE,SUCCESS,INFO,0,0,0,,2026-08-25T19:26:03.177Z,2026-08-25T21:23:56.829Z,7073,2026-08-25T21:23:56.829Z,DRD-CO,Columbia MO,7eb7a049-5d17-4a23-bb2f-3b9c445afd32,SAMMS-ColumbiaV5
202608252121599133,202608251925575553,202608251925573776,85,3084,Bronze INV,br_ReAssessment,TASK_COMPLETE,SUCCESS,INFO,0,0,0,,2026-08-25T19:26:03.177Z,2026-08-25T21:23:56.829Z,7073,2026-08-25T21:23:56.829Z,DRD-KC,KC,7eb7a049-5d17-4a23-bb2f-3b9c445afd32,SAMMS-KCv5
202608252121599134,202608251925575554,202608251925573776,85,3085,Bronze INV,br_ReAssessment,TASK_COMPLETE,SUCCESS,INFO,0,0,0,,2026-08-25T19:26:03.177Z,2026-08-25T21:23:56.829Z,7073,2026-08-25T21:23:56.829Z,DRD-KVB,KVB,7eb7a049-5d17-4a23-bb2f-3b9c445afd32,SAMMS-KVBv5
202608252121599135,202608251925575555,202608251925573776,85,3086,Bronze INV,br_ReAssessment,TASK_COMPLETE,SUCCESS,INFO,0,0,0,,2026-08-25T19:26:03.177Z,2026-08-25T21:23:56.829Z,7073,2026-08-25T21:23:56.829Z,DRD-KVC,KVC,7eb7a049-5d17-4a23-bb2f-3b9c445afd32,SAMMS-KVCv5
202608252121599136,202608251925575556,202608251925573776,85,3087,Bronze INV,br_ReAssessment,TASK_COMPLETE,SUCCESS,INFO,0,0,0,,2026-08-25T19:26:03.177Z,2026-08-25T21:23:56.829Z,7073,2026-08-25T21:23:56.829Z,DRD-NOLA,NOLA,7eb7a049-5d17-4a23-bb2f-3b9c445afd32,SAMMS-NOLAv5
202608252121599137,202608251925575557,202608251925573776,85,3088,Bronze INV,br_ReAssessment,TASK_COMPLETE,SUCCESS,INFO,0,0,0,,2026-08-25T19:26:03.177Z,2026-08-25T21:23:56.829Z,7073,2026-08-25T21:23:56.829Z,DRD-SF,Springfield,7eb7a049-5d17-4a23-bb2f-3b9c445afd32,SAMMS-SFv5
202608252121599138,202608251925575558,202608251925573776,85,3090,Bronze INV,br_ReAssessment,TASK_COMPLETE,SUCCESS,INFO,0,0,0,,2026-08-25T19:26:03.177Z,2026-08-25T21:23:56.829Z,7073,2026-08-25T21:23:56.829Z,ELC,Elizabeth City,7eb7a049-5d17-4a23-bb2f-3b9c445afd32,SAMMS-ElizabethCity
202608252121599140,202608251925575559,202608251925573776,85,3091,Bronze INV,br_ReAssessment,TASK_COMPLETE,SUCCESS,INFO,0,0,0,,2026-08-25T19:26:03.177Z,2026-08-25T21:23:56.829Z,7073,2026-08-25T21:23:56.829Z,ET,Elizabethtown,7eb7a049-5d17-4a23-bb2f-3b9c445afd32,SAMMS-Elizabethtown
202608252121599141,202608251925575560,202608251925573776,85,3092,Bronze INV,br_ReAssessment,TASK_COMPLETE,SUCCESS,INFO,0,0,0,,2026-08-25T19:26:03.177Z,2026-08-25T21:23:56.829Z,7073,2026-08-25T21:23:56.829Z,FAY,Fayetteville,7eb7a049-5d17-4a23-bb2f-3b9c445afd32,SAMMS-Fayetteville
202608252121599142,202608251925575561,202608251925573776,85,3093,Bronze INV,br_ReAssessment,TASK_COMPLETE,SUCCESS,INFO,0,0,0,,2026-08-25T19:26:03.177Z,2026-08-25T21:23:56.829Z,7073,2026-08-25T21:23:56.829Z,FR,Frankfort,7eb7a049-5d17-4a23-bb2f-3b9c445afd32,SAMMS-Frankfort
202608252121599143,202608251925575562,202608251925573776,85,3094,Bronze INV,br_ReAssessment,TASK_COMPLETE,SUCCESS,INFO,0,0,0,,2026-08-25T19:26:03.177Z,2026-08-25T21:23:56.829Z,7073,2026-08-25T21:23:56.829Z,FS,Fort Smith,7eb7a049-5d17-4a23-bb2f-3b9c445afd32,SAMMS-FortSmith
202608252121599144,202608251925575563,202608251925573776,85,3095,Bronze INV,br_ReAssessment,TASK_COMPLETE,SUCCESS,INFO,0,0,0,,2026-08-25T19:26:03.177Z,2026-08-25T21:23:56.829Z,7073,2026-08-25T21:23:56.829Z,FW,Fort Wayne,7eb7a049-5d17-4a23-bb2f-3b9c445afd32,SAMMS-FortWayne
202608252121599145,202608251925575564,202608251925573776,85,3096,Bronze INV,br_ReAssessment,TASK_COMPLETE,SUCCESS,INFO,0,0,0,,2026-08-25T19:26:03.177Z,2026-08-25T21:23:56.829Z,7073,2026-08-25T21:23:56.829Z,GAL,Gaylord,7eb7a049-5d17-4a23-bb2f-3b9c445afd32,SAMMS-Gaylord
202608252121599146,202608251925575565,202608251925573776,85,3100,Bronze INV,br_ReAssessment,TASK_COMPLETE,SUCCESS,INFO,0,0,0,,2026-08-25T19:26:03.177Z,2026-08-25T21:23:56.829Z,7073,2026-08-25T21:23:56.829Z,HGT,Hagerstown,7eb7a049-5d17-4a23-bb2f-3b9c445afd32,SAMMS-Hagerstown
202608252121599148,202608251925575566,202608251925573776,85,3101,Bronze INV,br_ReAssessment,TASK_COMPLETE,SUCCESS,INFO,0,0,0,,2026-08-25T19:26:03.177Z,2026-08-25T21:23:56.829Z,7073,2026-08-25T21:23:56.829Z,HNT,Huntsville,7eb7a049-5d17-4a23-bb2f-3b9c445afd32,SAMMS-Huntsville
202608252121599149,202608251925575567,202608251925573776,85,3102,Bronze INV,br_ReAssessment,TASK_COMPLETE,SUCCESS,INFO,0,0,0,,2026-08-25T19:26:03.177Z,2026-08-25T21:23:56.829Z,7073,2026-08-25T21:23:56.829Z,HS,Hot Springs,7eb7a049-5d17-4a23-bb2f-3b9c445afd32,SAMMS-HotSprings
202608252121599150,202608251925575568,202608251925573776,85,3103,Bronze INV,br_ReAssessment,TASK_COMPLETE,SUCCESS,INFO,0,0,0,,2026-08-25T19:26:03.177Z,2026-08-25T21:23:56.829Z,7073,2026-08-25T21:23:56.829Z,JON,Jonesboro,7eb7a049-5d17-4a23-bb2f-3b9c445afd32,SAMMS-Jonesboro
202608252121599151,202608251925575569,202608251925573776,85,3105,Bronze INV,br_ReAssessment,TASK_COMPLETE,SUCCESS,INFO,0,0,0,,2026-08-25T19:26:03.177Z,2026-08-25T21:23:56.829Z,7073,2026-08-25T21:23:56.829Z,LAN,Lansing,7eb7a049-5d17-4a23-bb2f-3b9c445afd32,SAMMS-Lansing
202608252121599152,202608251925575570,202608251925573776,85,3106,Bronze INV,br_ReAssessment,TASK_COMPLETE,SUCCESS,INFO,0,0,0,,2026-08-25T19:26:03.177Z,2026-08-25T21:23:56.829Z,7073,2026-08-25T21:23:56.829Z,LO,Louisville,7eb7a049-5d17-4a23-bb2f-3b9c445afd32,SAMMS-Louisville
202608252121599153,202608251925575571,202608251925573776,85,3107,Bronze INV,br_ReAssessment,TASK_COMPLETE,SUCCESS,INFO,0,0,0,,2026-08-25T19:26:03.177Z,2026-08-25T21:23:56.829Z,7073,2026-08-25T21:23:56.829Z,LV1,Cheyenne,7eb7a049-5d17-4a23-bb2f-3b9c445afd32,SAMMS-Cheyenne
202608252121599155,202608251925575572,202608251925573776,85,3108,Bronze INV,br_ReAssessment,TASK_COMPLETE,SUCCESS,INFO,0,0,0,,2026-08-25T19:26:03.177Z,2026-08-25T21:23:56.829Z,7073,2026-08-25T21:23:56.829Z,LV2,Desert Inn,7eb7a049-5d17-4a23-bb2f-3b9c445afd32,SAMMS-DesertInn
202608252121599156,202608251925575573,202608251925573776,85,3109,Bronze INV,br_ReAssessment,TASK_COMPLETE,SUCCESS,INFO,0,0,0,,2026-08-25T19:26:03.177Z,2026-08-25T21:23:56.829Z,7073,2026-08-25T21:23:56.829Z,LV3,McDaniel,7eb7a049-5d17-4a23-bb2f-3b9c445afd32,SAMMS-McDaniel
202608252121599157,202608251925575574,202608251925573776,85,3112,Bronze INV,br_ReAssessment,TASK_COMPLETE,SUCCESS,INFO,0,0,0,,2026-08-25T19:26:03.177Z,2026-08-25T21:23:56.829Z,7073,2026-08-25T21:23:56.829Z,MNRE,Monroe,7eb7a049-5d17-4a23-bb2f-3b9c445afd32,SAMMS-Monroe
202608252121599158,202608251925575575,202608251925573776,85,3113,Bronze INV,br_ReAssessment,TASK_COMPLETE,SUCCESS,INFO,0,0,0,,2026-08-25T19:26:03.177Z,2026-08-25T21:23:56.829Z,7073,2026-08-25T21:23:56.829Z,MP,Mt. Pleasant,7eb7a049-5d17-4a23-bb2f-3b9c445afd32,SAMMS-MtPleasant
202608252121599159,202608251925575576,202608251925573776,85,3114,Bronze INV,br_ReAssessment,TASK_COMPLETE,SUCCESS,INFO,0,0,0,,2026-08-25T19:26:03.177Z,2026-08-25T21:23:56.829Z,7073,2026-08-25T21:23:56.829Z,MRD,Meridian,7eb7a049-5d17-4a23-bb2f-3b9c445afd32,SAMMS-Meridian
202608252121599160,202608251925575577,202608251925573776,85,3119,Bronze INV,br_ReAssessment,TASK_COMPLETE,SUCCESS,INFO,0,0,0,,2026-08-25T19:26:03.177Z,2026-08-25T21:23:56.829Z,7073,2026-08-25T21:23:56.829Z,NC,North Charleston,7eb7a049-5d17-4a23-bb2f-3b9c445afd32,SAMMS-NorthCharleston
202608252121599161,202608251925575578,202608251925573776,85,3120,Bronze INV,br_ReAssessment,TASK_COMPLETE,SUCCESS,INFO,0,0,0,,2026-08-25T19:26:03.177Z,2026-08-25T21:23:56.829Z,7073,2026-08-25T21:23:56.829Z,NLR,N. Little Rock,7eb7a049-5d17-4a23-bb2f-3b9c445afd32,SAMMS-NLROBOT
202608252121599163,202608251925575579,202608251925573776,85,3121,Bronze INV,br_ReAssessment,TASK_COMPLETE,SUCCESS,INFO,0,0,0,,2026-08-25T19:26:03.177Z,2026-08-25T21:23:56.829Z,7073,2026-08-25T21:23:56.829Z,PH,Phoenix,7eb7a049-5d17-4a23-bb2f-3b9c445afd32,SAMMS-Phoenix
202608252121599164,202608251925575580,202608251925573776,85,3125,Bronze INV,br_ReAssessment,TASK_COMPLETE,SUCCESS,INFO,0,0,0,,2026-08-25T19:26:03.177Z,2026-08-25T21:23:56.829Z,7073,2026-08-25T21:23:56.829Z,RE,Reno,7eb7a049-5d17-4a23-bb2f-3b9c445afd32,SAMMS-Reno
202608252121599165,202608251925575581,202608251925573776,85,3126,Bronze INV,br_ReAssessment,TASK_COMPLETE,SUCCESS,INFO,0,0,0,,2026-08-25T19:26:03.177Z,2026-08-25T21:23:56.829Z,7073,2026-08-25T21:23:56.829Z,RMD,Richmond,7eb7a049-5d17-4a23-bb2f-3b9c445afd32,SAMMS-Richmond
202608252121599166,202608251925575582,202608251925573776,85,3127,Bronze INV,br_ReAssessment,TASK_COMPLETE,SUCCESS,INFO,0,0,0,,2026-08-25T19:26:03.177Z,2026-08-25T21:23:56.829Z,7073,2026-08-25T21:23:56.829Z,SFN,Springfield North,7eb7a049-5d17-4a23-bb2f-3b9c445afd32,SAMMS-SFNv5
202608252121599167,202608251925575583,202608251925573776,85,3128,Bronze INV,br_ReAssessment,TASK_COMPLETE,SUCCESS,INFO,0,0,0,,2026-08-25T19:26:03.177Z,2026-08-25T21:23:56.829Z,7073,2026-08-25T21:23:56.829Z,SHP,Shreveport,7eb7a049-5d17-4a23-bb2f-3b9c445afd32,SAMMS-Shreveport
202608252121599168,202608251925575584,202608251925573776,85,3130,Bronze INV,br_ReAssessment,TASK_COMPLETE,SUCCESS,INFO,0,0,0,,2026-08-25T19:26:03.177Z,2026-08-25T21:23:56.829Z,7073,2026-08-25T21:23:56.829Z,STN,Staunton,7eb7a049-5d17-4a23-bb2f-3b9c445afd32,SAMMS-Staunton
202608252121599170,202608251925575585,202608251925573776,85,3131,Bronze INV,br_ReAssessment,TASK_COMPLETE,SUCCESS,INFO,0,0,0,,2026-08-25T19:26:03.177Z,2026-08-25T21:23:56.829Z,7073,2026-08-25T21:23:56.829Z,STVN,Stevenson,7eb7a049-5d17-4a23-bb2f-3b9c445afd32,SAMMS-Stevenson
202608252121599171,202608251925575586,202608251925573776,85,3133,Bronze INV,br_ReAssessment,TASK_COMPLETE,SUCCESS,INFO,0,0,0,,2026-08-25T19:26:03.177Z,2026-08-25T21:23:56.829Z,7073,2026-08-25T21:23:56.829Z,TE,Tempe,7eb7a049-5d17-4a23-bb2f-3b9c445afd32,SAMMS-Tempe
202608252121599172,202608251925575587,202608251925573776,85,3134,Bronze INV,br_ReAssessment,TASK_COMPLETE,SUCCESS,INFO,0,0,0,,2026-08-25T19:26:03.177Z,2026-08-25T21:23:56.829Z,7073,2026-08-25T21:23:56.829Z,TEX,Texarkana,7eb7a049-5d17-4a23-bb2f-3b9c445afd32,SAMMS-Texarkana
202608252121599173,202608251925575588,202608251925573776,85,3135,Bronze INV,br_ReAssessment,TASK_COMPLETE,SUCCESS,INFO,1,1,0,,2026-08-25T19:26:03.177Z,2026-08-25T21:23:56.829Z,7073,2026-08-25T21:23:56.829Z,TTCA,Bessemer,7eb7a049-5d17-4a23-bb2f-3b9c445afd32,SAMMS-BessemerV5
202608252121599174,202608251925575589,202608251925573776,85,3136,Bronze INV,br_ReAssessment,TASK_COMPLETE,SUCCESS,INFO,0,0,0,,2026-08-25T19:26:03.177Z,2026-08-25T21:23:56.829Z,7073,2026-08-25T21:23:56.829Z,TTCB,Cullman,7eb7a049-5d17-4a23-bb2f-3b9c445afd32,SAMMS-CullmanV5
202608252121599175,202608251925575590,202608251925573776,85,3137,Bronze INV,br_ReAssessment,TASK_COMPLETE,SUCCESS,INFO,0,0,0,,2026-08-25T19:26:03.177Z,2026-08-25T21:23:56.829Z,7073,2026-08-25T21:23:56.829Z,TTCC,Grand Bay,7eb7a049-5d17-4a23-bb2f-3b9c445afd32,SAMMS-GrandBay
202608252121599177,202608251925575591,202608251925573776,85,3138,Bronze INV,br_ReAssessment,TASK_COMPLETE,SUCCESS,INFO,0,0,0,,2026-08-25T19:26:03.177Z,2026-08-25T21:23:56.829Z,7073,2026-08-25T21:23:56.829Z,TU,Tucson,7eb7a049-5d17-4a23-bb2f-3b9c445afd32,SAMMS-Tucson
202608252121599178,202608251925575592,202608251925573776,85,3140,Bronze INV,br_ReAssessment,TASK_COMPLETE,SUCCESS,INFO,0,0,0,,2026-08-25T19:26:03.177Z,2026-08-25T21:23:56.829Z,7073,2026-08-25T21:23:56.829Z,V1,Memphis South,7eb7a049-5d17-4a23-bb2f-3b9c445afd32,SAMMS-VCPHCS-I-MemphisV5
202608252121599179,202608251925575593,202608251925573776,85,3141,Bronze INV,br_ReAssessment,TASK_COMPLETE,SUCCESS,INFO,0,0,0,,2026-08-25T19:26:03.177Z,2026-08-25T21:23:56.829Z,7073,2026-08-25T21:23:56.829Z,V10,Longmont,7eb7a049-5d17-4a23-bb2f-3b9c445afd32,SAMMS-BoulderV5
202608252121599180,202608251925575594,202608251925573776,85,3142,Bronze INV,br_ReAssessment,TASK_COMPLETE,SUCCESS,INFO,113,113,0,,2026-08-25T19:26:03.177Z,2026-08-25T21:23:56.829Z,7073,2026-08-25T21:23:56.829Z,V10A,Fort Collins,7eb7a049-5d17-4a23-bb2f-3b9c445afd32,SAMMS-FortCollinsV5
202608252121599181,202608251925575595,202608251925573776,85,3143,Bronze INV,br_ReAssessment,TASK_COMPLETE,SUCCESS,INFO,0,0,0,,2026-08-25T19:26:03.177Z,2026-08-25T21:23:56.829Z,7073,2026-08-25T21:23:56.829Z,V11,Westminster,7eb7a049-5d17-4a23-bb2f-3b9c445afd32,SAMMS-VCPHCS-XI-NorthDenverV5
202608252121599182,202608251925575596,202608251925573776,85,3144,Bronze INV,br_ReAssessment,TASK_COMPLETE,SUCCESS,INFO,80,80,0,,2026-08-25T19:26:03.177Z,2026-08-25T21:23:56.829Z,7073,2026-08-25T21:23:56.829Z,V12,Downtown Denver,7eb7a049-5d17-4a23-bb2f-3b9c445afd32,SAMMS-VCPHCS-XII-DowntownDenverV5
202608252121599184,202608251925575597,202608251925573776,85,3145,Bronze INV,br_ReAssessment,TASK_COMPLETE,SUCCESS,INFO,0,0,0,,2026-08-25T19:26:03.177Z,2026-08-25T21:23:56.829Z,7073,2026-08-25T21:23:56.829Z,V12A,Centennial,7eb7a049-5d17-4a23-bb2f-3b9c445afd32,SAMMS-CentennialV5
202608252121599185,202608251925575598,202608251925573776,85,3146,Bronze INV,br_ReAssessment,TASK_COMPLETE,SUCCESS,INFO,0,0,0,,2026-08-25T19:26:03.177Z,2026-08-25T21:23:56.829Z,7073,2026-08-25T21:23:56.829Z,V14,Overland Park,7eb7a049-5d17-4a23-bb2f-3b9c445afd32,SAMMS-VCPHCS-XIV-BridgewayV5
202608252121599186,202608251925575599,202608251925573776,85,3147,Bronze INV,br_ReAssessment,TASK_COMPLETE,SUCCESS,INFO,0,0,0,,2026-08-25T19:26:03.177Z,2026-08-25T21:23:56.829Z,7073,2026-08-25T21:23:56.829Z,V15,Joplin,7eb7a049-5d17-4a23-bb2f-3b9c445afd32,SAMMS-JoplinV5
202608252121599187,202608251925575600,202608251925573776,85,3149,Bronze INV,br_ReAssessment,TASK_COMPLETE,SUCCESS,INFO,0,0,0,,2026-08-25T19:26:03.177Z,2026-08-25T21:23:56.829Z,7073,2026-08-25T21:23:56.829Z,V17,Columbia TN,7eb7a049-5d17-4a23-bb2f-3b9c445afd32,SAMMS-ColumbiaTNv5
202608252121599188,202608251925575601,202608251925573776,85,3151,Bronze INV,br_ReAssessment,TASK_COMPLETE,SUCCESS,INFO,0,0,0,,2026-08-25T19:26:03.177Z,2026-08-25T21:23:56.829Z,7073,2026-08-25T21:23:56.829Z,V19,Jackson,7eb7a049-5d17-4a23-bb2f-3b9c445afd32,SAMMS-JacksonV5
202608262209458481,202608261955298729,202608261955298282,85,2970,Bronze INV,br_OrientationChecklistNew,TASK_COMPLETE,SUCCESS,INFO,44,44,0,,2026-08-26T19:55:35.047Z,2026-08-26T22:11:39.517Z,8164,2026-08-26T22:11:39.517Z,V21,Memphis North,20846baf-2fe5-403c-85d4-31520e88a3ce,SAMMS-RaleighV5
202608262209458482,202608261955298730,202608261955298282,85,2973,Bronze INV,br_OrientationChecklistNew,TASK_COMPLETE,SUCCESS,INFO,155,155,0,,2026-08-26T19:55:35.047Z,2026-08-26T22:11:39.517Z,8164,2026-08-26T22:11:39.517Z,V5,West Bank,20846baf-2fe5-403c-85d4-31520e88a3ce,SAMMS-NONTCv5
202608262209458483,202608261955298731,202608261955298282,85,2975,Bronze INV,br_OrientationChecklistNew,TASK_COMPLETE,SUCCESS,INFO,64,64,0,,2026-08-26T19:55:35.047Z,2026-08-26T22:11:39.517Z,8164,2026-08-26T22:11:39.517Z,V5B,Houma,20846baf-2fe5-403c-85d4-31520e88a3ce,SAMMS-HoumaV6
202608262209458485,202608261955298732,202608261955298282,85,2976,Bronze INV,br_OrientationChecklistNew,TASK_COMPLETE,SUCCESS,INFO,196,196,0,,2026-08-26T19:55:35.047Z,2026-08-26T22:11:39.517Z,8164,2026-08-26T22:11:39.517Z,V6,Lake Charles,20846baf-2fe5-403c-85d4-31520e88a3ce,SAMMS-LCv5
202608262209458486,202608261955298733,202608261955298282,85,2978,Bronze INV,br_OrientationChecklistNew,TASK_COMPLETE,SUCCESS,INFO,127,127,0,,2026-08-26T19:55:35.047Z,2026-08-26T22:11:39.517Z,8164,2026-08-26T22:11:39.517Z,V8,Memphis Midtown,20846baf-2fe5-403c-85d4-31520e88a3ce,SAMMS-VCPHCS-VIII-MemphisV5
202608262209458487,202608261955298734,202608261955298282,85,2979,Bronze INV,br_OrientationChecklistNew,TASK_COMPLETE,SUCCESS,INFO,187,187,0,,2026-08-26T19:55:35.047Z,2026-08-26T22:11:39.517Z,8164,2026-08-26T22:11:39.517Z,V9,Nashville,20846baf-2fe5-403c-85d4-31520e88a3ce,SAMMS-NashvilleV5
202608262209458488,202608261955298735,202608261955298282,85,2980,Bronze INV,br_OrientationChecklistNew,TASK_COMPLETE,SUCCESS,INFO,153,153,0,,2026-08-26T19:55:35.047Z,2026-08-26T22:11:39.517Z,8164,2026-08-26T22:11:39.517Z,VBRA,Brainerd,20846baf-2fe5-403c-85d4-31520e88a3ce,SAMMS-BrainerdV6
202608262209458489,202608261955298736,202608261955298282,85,2981,Bronze INV,br_OrientationChecklistNew,TASK_COMPLETE,SUCCESS,INFO,169,169,0,,2026-08-26T19:55:35.047Z,2026-08-26T22:11:39.517Z,8164,2026-08-26T22:11:39.517Z,VBRP,Brooklyn Park,20846baf-2fe5-403c-85d4-31520e88a3ce,SAMMS-BrooklynParkV6
202608262209458490,202608261955298737,202608261955298282,85,2983,Bronze INV,br_OrientationChecklistNew,TASK_COMPLETE,SUCCESS,INFO,131,131,0,,2026-08-26T19:55:35.047Z,2026-08-26T22:11:39.517Z,8164,2026-08-26T22:11:39.517Z,VMIN,Minneapolis,20846baf-2fe5-403c-85d4-31520e88a3ce,SAMMS-MinneapolisV6
202608262209458491,202608261955298738,202608261955298282,85,2984,Bronze INV,br_OrientationChecklistNew,TASK_COMPLETE,SUCCESS,INFO,193,193,0,,2026-08-26T19:55:35.047Z,2026-08-26T22:11:39.517Z,8164,2026-08-26T22:11:39.517Z,VWBY,Woodbury,20846baf-2fe5-403c-85d4-31520e88a3ce,SAMMS-WoodburyV6
202608262209458493,202608261955298739,202608261955298282,85,2986,Bronze INV,br_OrientationChecklistNew,TASK_COMPLETE,SUCCESS,INFO,106,106,0,,2026-08-26T19:55:35.047Z,2026-08-26T22:11:39.517Z,8164,2026-08-26T22:11:39.517Z,WIL,Wilson,20846baf-2fe5-403c-85d4-31520e88a3ce,SAMMS-Wilson
202608262209458594,202608261955398303,202608261955398282,86,8580,Silver INV,sl_OrientationChecklistNew,TASK_COMPLETE,SUCCESS,INFO,12151,12151,0,,2026-08-26T19:55:35.047Z,2026-08-26T22:11:39.517Z,8164,2026-08-26T22:11:39.517Z,,,20846baf-2fe5-403c-85d4-31520e88a3ce,
202608262209458518,202608261955300005,202608261955298282,85,2990,Bronze INV,br_ReAssessment,TASK_COMPLETE,SUCCESS,INFO,0,0,0,,2026-08-26T19:55:35.047Z,2026-08-26T22:11:39.517Z,8164,2026-08-26T22:11:39.517Z,AHK,Ahoskie,20846baf-2fe5-403c-85d4-31520e88a3ce,SAMMS-Ahoskie
202608262209458520,202608261955300006,202608261955298282,85,2991,Bronze INV,br_ReAssessment,TASK_COMPLETE,SUCCESS,INFO,0,0,0,,2026-08-26T19:55:35.047Z,2026-08-26T22:11:39.517Z,8164,2026-08-26T22:11:39.517Z,B12B,Colorado Springs,20846baf-2fe5-403c-85d4-31520e88a3ce,SAMMS-ColoradoSpringsV5
202608262209458521,202608261955300007,202608261955298282,85,2992,Bronze INV,br_ReAssessment,TASK_COMPLETE,SUCCESS,INFO,0,0,0,,2026-08-26T19:55:35.047Z,2026-08-26T22:11:39.517Z,8164,2026-08-26T22:11:39.517Z,B24,Paintsville,20846baf-2fe5-403c-85d4-31520e88a3ce,SAMMS-PaintsvilleV5
202608262209458522,202608261955300008,202608261955298282,85,2993,Bronze INV,br_ReAssessment,TASK_COMPLETE,SUCCESS,INFO,0,0,0,,2026-08-26T19:55:35.047Z,2026-08-26T22:11:39.517Z,8164,2026-08-26T22:11:39.517Z,B25,Pikeville,20846baf-2fe5-403c-85d4-31520e88a3ce,SAMMS-PikevilleV5
202608262209458523,202608261955300009,202608261955298282,85,2994,Bronze INV,br_ReAssessment,TASK_COMPLETE,SUCCESS,INFO,0,0,0,,2026-08-26T19:55:35.047Z,2026-08-26T22:11:39.517Z,8164,2026-08-26T22:11:39.517Z,B26,Hazard,20846baf-2fe5-403c-85d4-31520e88a3ce,SAMMS-HazardV5
202608262209458524,202608261955300010,202608261955298282,85,2995,Bronze INV,br_ReAssessment,TASK_COMPLETE,SUCCESS,INFO,0,0,0,,2026-08-26T19:55:35.047Z,2026-08-26T22:11:39.517Z,8164,2026-08-26T22:11:39.517Z,B27,Savannah,20846baf-2fe5-403c-85d4-31520e88a3ce,SAMMS-SavannahV6
202608262209458526,202608261955300011,202608261955298282,85,2996,Bronze INV,br_ReAssessment,TASK_COMPLETE,SUCCESS,INFO,0,0,0,,2026-08-26T19:55:35.047Z,2026-08-26T22:11:39.517Z,8164,2026-08-26T22:11:39.517Z,B28,West Plains,20846baf-2fe5-403c-85d4-31520e88a3ce,SAMMS-WestPlainesV5
202608262209458527,202608261955300012,202608261955298282,85,2997,Bronze INV,br_ReAssessment,TASK_COMPLETE,SUCCESS,INFO,0,0,0,,2026-08-26T19:55:35.047Z,2026-08-26T22:11:39.517Z,8164,2026-08-26T22:11:39.517Z,B29,Poplar Bluff,20846baf-2fe5-403c-85d4-31520e88a3ce,SAMMS-PoplarBluffV5
202608262209458528,202608261955300013,202608261955298282,85,2998,Bronze INV,br_ReAssessment,TASK_COMPLETE,SUCCESS,INFO,0,0,0,,2026-08-26T19:55:35.047Z,2026-08-26T22:11:39.517Z,8164,2026-08-26T22:11:39.517Z,B30,KC North,20846baf-2fe5-403c-85d4-31520e88a3ce,SAMMS-KCNv5
202608262209458529,202608261955300014,202608261955298282,85,2999,Bronze INV,br_ReAssessment,TASK_COMPLETE,SUCCESS,INFO,0,0,0,,2026-08-26T19:55:35.047Z,2026-08-26T22:11:39.517Z,8164,2026-08-26T22:11:39.517Z,B31,Dyersburg,20846baf-2fe5-403c-85d4-31520e88a3ce,SAMMS-DyersburgV5
202608262209458530,202608261955300015,202608261955298282,85,3001,Bronze INV,br_ReAssessment,TASK_COMPLETE,SUCCESS,INFO,0,0,0,,2026-08-26T19:55:35.047Z,2026-08-26T22:11:39.517Z,8164,2026-08-26T22:11:39.517Z,B33,Paducah,20846baf-2fe5-403c-85d4-31520e88a3ce,SAMMS-Paducah
202608262209458531,202608261955300016,202608261955298282,85,3002,Bronze INV,br_ReAssessment,TASK_COMPLETE,SUCCESS,INFO,0,0,0,,2026-08-26T19:55:35.047Z,2026-08-26T22:11:39.517Z,8164,2026-08-26T22:11:39.517Z,B34,Corbin,20846baf-2fe5-403c-85d4-31520e88a3ce,SAMMS-CorbinV5
202608262209458533,202608261955300017,202608261955298282,85,3003,Bronze INV,br_ReAssessment,TASK_COMPLETE,SUCCESS,INFO,0,0,0,,2026-08-26T19:55:35.047Z,2026-08-26T22:11:39.517Z,8164,2026-08-26T22:11:39.517Z,B35,Lexington,20846baf-2fe5-403c-85d4-31520e88a3ce,SAMMS-LexingtonV5
202608262209458534,202608261955300018,202608261955298282,85,3004,Bronze INV,br_ReAssessment,TASK_COMPLETE,SUCCESS,INFO,0,0,0,,2026-08-26T19:55:35.047Z,2026-08-26T22:11:39.517Z,8164,2026-08-26T22:11:39.517Z,B35A,Berea,20846baf-2fe5-403c-85d4-31520e88a3ce,SAMMS-BereaV5
202608262209458535,202608261955300019,202608261955298282,85,3005,Bronze INV,br_ReAssessment,TASK_COMPLETE,SUCCESS,INFO,0,0,0,,2026-08-26T19:55:35.047Z,2026-08-26T22:11:39.517Z,8164,2026-08-26T22:11:39.517Z,B36,Asheville,20846baf-2fe5-403c-85d4-31520e88a3ce,SAMMS-AshevilleV5
202608262209458536,202608261955300020,202608261955298282,85,3006,Bronze INV,br_ReAssessment,TASK_COMPLETE,SUCCESS,INFO,0,0,0,,2026-08-26T19:55:35.047Z,2026-08-26T22:11:39.517Z,8164,2026-08-26T22:11:39.517Z,B37,Clyde,20846baf-2fe5-403c-85d4-31520e88a3ce,SAMMS-ClydeV5
202608262209458537,202608261955300021,202608261955298282,85,3007,Bronze INV,br_ReAssessment,TASK_COMPLETE,SUCCESS,INFO,0,0,0,,2026-08-26T19:55:35.047Z,2026-08-26T22:11:39.517Z,8164,2026-08-26T22:11:39.517Z,B38,Spartanburg,20846baf-2fe5-403c-85d4-31520e88a3ce,SAMMS-SpartanburgV5
202608262209458538,202608261955300022,202608261955298282,85,3008,Bronze INV,br_ReAssessment,TASK_COMPLETE,SUCCESS,INFO,0,0,0,,2026-08-26T19:55:35.047Z,2026-08-26T22:11:39.517Z,8164,2026-08-26T22:11:39.517Z,B39,Aiken,20846baf-2fe5-403c-85d4-31520e88a3ce,SAMMS-AikenV5
202608262209458540,202608261955300023,202608261955298282,85,3009,Bronze INV,br_ReAssessment,TASK_COMPLETE,SUCCESS,INFO,0,0,0,,2026-08-26T19:55:35.047Z,2026-08-26T22:11:39.517Z,8164,2026-08-26T22:11:39.517Z,B41,Chesapeake,20846baf-2fe5-403c-85d4-31520e88a3ce,SAMMS-ChesapeakeV5
202608262209458541,202608261955300024,202608261955298282,85,3010,Bronze INV,br_ReAssessment,TASK_COMPLETE,SUCCESS,INFO,0,0,0,,2026-08-26T19:55:35.047Z,2026-08-26T22:11:39.517Z,8164,2026-08-26T22:11:39.517Z,B42,Virginia Beach,20846baf-2fe5-403c-85d4-31520e88a3ce,SAMMS-VirginiaBeachV5
202608262209458542,202608261955300025,202608261955298282,85,3011,Bronze INV,br_ReAssessment,TASK_COMPLETE,SUCCESS,INFO,0,0,0,,2026-08-26T19:55:35.047Z,2026-08-26T22:11:39.517Z,8164,2026-08-26T22:11:39.517Z,B42A,Newport News,20846baf-2fe5-403c-85d4-31520e88a3ce,SAMMS-NewportNewsV5
202608262209458543,202608261955300026,202608261955298282,85,3012,Bronze INV,br_ReAssessment,TASK_COMPLETE,SUCCESS,INFO,0,0,0,,2026-08-26T19:55:35.047Z,2026-08-26T22:11:39.517Z,8164,2026-08-26T22:11:39.517Z,B42B,Franklin,20846baf-2fe5-403c-85d4-31520e88a3ce,SAMMS-FranklinV5
202608262209458544,202608261955300027,202608261955298282,85,3013,Bronze INV,br_ReAssessment,TASK_COMPLETE,SUCCESS,INFO,0,0,0,,2026-08-26T19:55:35.047Z,2026-08-26T22:11:39.517Z,8164,2026-08-26T22:11:39.517Z,B42C,Glen Allen,20846baf-2fe5-403c-85d4-31520e88a3ce,SAMMS-GlenAllenV5
202608262209458545,202608261955300028,202608261955298282,85,3014,Bronze INV,br_ReAssessment,TASK_COMPLETE,SUCCESS,INFO,0,0,0,,2026-08-26T19:55:35.047Z,2026-08-26T22:11:39.517Z,8164,2026-08-26T22:11:39.517Z,B42D,Chesapeake South,20846baf-2fe5-403c-85d4-31520e88a3ce,SAMMS-ChesapeakeSouthV5
202608262209458546,202608261955300029,202608261955298282,85,3015,Bronze INV,br_ReAssessment,TASK_COMPLETE,SUCCESS,INFO,0,0,0,,2026-08-26T19:55:35.047Z,2026-08-26T22:11:39.517Z,8164,2026-08-26T22:11:39.517Z,B44,Albany,20846baf-2fe5-403c-85d4-31520e88a3ce,SAMMS-AlbanyV5
202608262209458548,202608261955300030,202608261955298282,85,3016,Bronze INV,br_ReAssessment,TASK_COMPLETE,SUCCESS,INFO,0,0,0,,2026-08-26T19:55:35.047Z,2026-08-26T22:11:39.517Z,8164,2026-08-26T22:11:39.517Z,B45,Tifton,20846baf-2fe5-403c-85d4-31520e88a3ce,SAMMS-TiftonV5
202608262209458549,202608261955300031,202608261955298282,85,3017,Bronze INV,br_ReAssessment,TASK_COMPLETE,SUCCESS,INFO,0,0,0,,2026-08-26T19:55:35.047Z,2026-08-26T22:11:39.517Z,8164,2026-08-26T22:11:39.517Z,B46,Washington DC,20846baf-2fe5-403c-85d4-31520e88a3ce,SAMMS-WashingtonDCv5
202608262209458550,202608261955300032,202608261955298282,85,3018,Bronze INV,br_ReAssessment,TASK_COMPLETE,SUCCESS,INFO,0,0,0,,2026-08-26T19:55:35.047Z,2026-08-26T22:11:39.517Z,8164,2026-08-26T22:11:39.517Z,B47,Mobile,20846baf-2fe5-403c-85d4-31520e88a3ce,SAMMS-MobileV5
202608262209458551,202608261955300033,202608261955298282,85,3019,Bronze INV,br_ReAssessment,TASK_COMPLETE,SUCCESS,INFO,0,0,0,,2026-08-26T19:55:35.047Z,2026-08-26T22:11:39.517Z,8164,2026-08-26T22:11:39.517Z,B48,Tuscaloosa,20846baf-2fe5-403c-85d4-31520e88a3ce,SAMMS-TuscaloosaV5
202608262209458552,202608261955300034,202608261955298282,85,3028,Bronze INV,br_ReAssessment,TASK_COMPLETE,SUCCESS,INFO,0,0,0,,2026-08-26T19:55:35.047Z,2026-08-26T22:11:39.517Z,8164,2026-08-26T22:11:39.517Z,B51,N. Little Rock (OTP),20846baf-2fe5-403c-85d4-31520e88a3ce,SAMMS-NorthLittleRockV6
202608262209458553,202608261955300035,202608261955298282,85,3029,Bronze INV,br_ReAssessment,TASK_COMPLETE,SUCCESS,INFO,0,0,0,,2026-08-26T19:55:35.047Z,2026-08-26T22:11:39.517Z,8164,2026-08-26T22:11:39.517Z,B52,Jackson GA,20846baf-2fe5-403c-85d4-31520e88a3ce,SAMMS-JacksonGAV5
202608262209458555,202608261955300036,202608261955298282,85,3030,Bronze INV,br_ReAssessment,TASK_COMPLETE,SUCCESS,INFO,0,0,0,,2026-08-26T19:55:35.047Z,2026-08-26T22:11:39.517Z,8164,2026-08-26T22:11:39.517Z,B54,Gadsden,20846baf-2fe5-403c-85d4-31520e88a3ce,SAMMS-GadsdenV5
202608262209458556,202608261955300037,202608261955298282,85,3031,Bronze INV,br_ReAssessment,TASK_COMPLETE,SUCCESS,INFO,0,0,0,,2026-08-26T19:55:35.047Z,2026-08-26T22:11:39.517Z,8164,2026-08-26T22:11:39.517Z,B55,Shoals,20846baf-2fe5-403c-85d4-31520e88a3ce,SAMMS-ShoalsV5
202608262209458557,202608261955300038,202608261955298282,85,3032,Bronze INV,br_ReAssessment,TASK_COMPLETE,SUCCESS,INFO,0,0,0,,2026-08-26T19:55:35.047Z,2026-08-26T22:11:39.517Z,8164,2026-08-26T22:11:39.517Z,B57,Pawtucket,20846baf-2fe5-403c-85d4-31520e88a3ce,SAMMS-Pawtucket
202608262209458558,202608261955300039,202608261955298282,85,3033,Bronze INV,br_ReAssessment,TASK_COMPLETE,SUCCESS,INFO,12,12,0,,2026-08-26T19:55:35.047Z,2026-08-26T22:11:39.517Z,8164,2026-08-26T22:11:39.517Z,B57A,Johnston,20846baf-2fe5-403c-85d4-31520e88a3ce,SAMMS-Johnston
202608262209458559,202608261955300040,202608261955298282,85,3034,Bronze INV,br_ReAssessment,TASK_COMPLETE,SUCCESS,INFO,0,0,0,,2026-08-26T19:55:35.047Z,2026-08-26T22:11:39.517Z,8164,2026-08-26T22:11:39.517Z,B57B,Middletown,20846baf-2fe5-403c-85d4-31520e88a3ce,SAMMS-Middletown
202608262209458560,202608261955300041,202608261955298282,85,3035,Bronze INV,br_ReAssessment,TASK_COMPLETE,SUCCESS,INFO,1,1,0,,2026-08-26T19:55:35.047Z,2026-08-26T22:11:39.517Z,8164,2026-08-26T22:11:39.517Z,B57C,Providence,20846baf-2fe5-403c-85d4-31520e88a3ce,SAMMS-Providence
202608262209458562,202608261955300042,202608261955298282,85,3036,Bronze INV,br_ReAssessment,TASK_COMPLETE,SUCCESS,INFO,32,32,0,,2026-08-26T19:55:35.047Z,2026-08-26T22:11:39.517Z,8164,2026-08-26T22:11:39.517Z,B57D,Westerly,20846baf-2fe5-403c-85d4-31520e88a3ce,SAMMS-Westerly
202608262209458563,202608261955300043,202608261955298282,85,3040,Bronze INV,br_ReAssessment,TASK_COMPLETE,SUCCESS,INFO,0,0,0,,2026-08-26T19:55:35.047Z,2026-08-26T22:11:39.517Z,8164,2026-08-26T22:11:39.517Z,B66A,Bremen,20846baf-2fe5-403c-85d4-31520e88a3ce,SAMMS-Bremen
202608262209458564,202608261955300044,202608261955298282,85,3043,Bronze INV,br_ReAssessment,TASK_COMPLETE,SUCCESS,INFO,0,0,0,,2026-08-26T19:55:35.047Z,2026-08-26T22:11:39.517Z,8164,2026-08-26T22:11:39.517Z,B72,Mobile (OBOT),20846baf-2fe5-403c-85d4-31520e88a3ce,SAMMS-Mobile-OBOT
202608262209458565,202608261955300045,202608261955298282,85,3044,Bronze INV,br_ReAssessment,TASK_COMPLETE,SUCCESS,INFO,0,0,0,,2026-08-26T19:55:35.047Z,2026-08-26T22:11:39.517Z,8164,2026-08-26T22:11:39.517Z,B73,Montgomery,20846baf-2fe5-403c-85d4-31520e88a3ce,SAMMS-Montgomery
202608262209458566,202608261955300046,202608261955298282,85,3045,Bronze INV,br_ReAssessment,TASK_COMPLETE,SUCCESS,INFO,0,0,0,,2026-08-26T19:55:35.047Z,2026-08-26T22:11:39.517Z,8164,2026-08-26T22:11:39.517Z,B75,Lawrence,20846baf-2fe5-403c-85d4-31520e88a3ce,SAMMS-LawrenceV6
202608262209458567,202608261955300047,202608261955298282,85,3046,Bronze INV,br_ReAssessment,TASK_COMPLETE,SUCCESS,INFO,0,0,0,,2026-08-26T19:55:35.047Z,2026-08-26T22:11:39.517Z,8164,2026-08-26T22:11:39.517Z,B76,Huntsville OBOT,20846baf-2fe5-403c-85d4-31520e88a3ce,SAMMS-Huntsville-OBOT
202608262209458568,202608261955300048,202608261955298282,85,3047,Bronze INV,br_ReAssessment,TASK_COMPLETE,SUCCESS,INFO,0,0,0,,2026-08-26T19:55:35.047Z,2026-08-26T22:11:39.517Z,8164,2026-08-26T22:11:39.517Z,BAT,Batesville,20846baf-2fe5-403c-85d4-31520e88a3ce,SAMMS-Batesville
202608262209458570,202608261955300049,202608261955298282,85,3048,Bronze INV,br_ReAssessment,TASK_COMPLETE,SUCCESS,INFO,0,0,0,,2026-08-26T19:55:35.047Z,2026-08-26T22:11:39.517Z,8164,2026-08-26T22:11:39.517Z,BG,Bowling Green,20846baf-2fe5-403c-85d4-31520e88a3ce,SAMMS-BowlingGreen
202608262209458571,202608261955300050,202608261955298282,85,3049,Bronze INV,br_ReAssessment,TASK_COMPLETE,SUCCESS,INFO,0,0,0,,2026-08-26T19:55:35.047Z,2026-08-26T22:11:39.517Z,8164,2026-08-26T22:11:39.517Z,BOI,Boise,20846baf-2fe5-403c-85d4-31520e88a3ce,SAMMS-Boise
202608262209458572,202608261955300051,202608261955298282,85,3056,Bronze INV,br_ReAssessment,TASK_COMPLETE,SUCCESS,INFO,0,0,0,,2026-08-26T19:55:35.047Z,2026-08-26T22:11:39.517Z,8164,2026-08-26T22:11:39.517Z,CBCO,Coeur dAlene,20846baf-2fe5-403c-85d4-31520e88a3ce,SAMMS-CoeurdAleneV6
202608262209458573,202608261955300052,202608261955298282,85,3075,Bronze INV,br_ReAssessment,TASK_COMPLETE,SUCCESS,INFO,0,0,0,,2026-08-26T19:55:35.047Z,2026-08-26T22:11:39.517Z,8164,2026-08-26T22:11:39.517Z,CON,Conway,20846baf-2fe5-403c-85d4-31520e88a3ce,SAMMS-Conway
202608262209458574,202608261955300053,202608261955298282,85,3076,Bronze INV,br_ReAssessment,TASK_COMPLETE,SUCCESS,INFO,0,0,0,,2026-08-26T19:55:35.047Z,2026-08-26T22:11:39.517Z,8164,2026-08-26T22:11:39.517Z,D07,Medical Services Knox TN,20846baf-2fe5-403c-85d4-31520e88a3ce,SAMMS-KnoxvilleV6
202608262209458575,202608261955300054,202608261955298282,85,3077,Bronze INV,br_ReAssessment,TASK_COMPLETE,SUCCESS,INFO,0,0,0,,2026-08-26T19:55:35.047Z,2026-08-26T22:11:39.517Z,8164,2026-08-26T22:11:39.517Z,D08,Madison,20846baf-2fe5-403c-85d4-31520e88a3ce,SAMMS-MadisonV6
202608262209458577,202608261955300055,202608261955298282,85,3079,Bronze INV,br_ReAssessment,TASK_COMPLETE,SUCCESS,INFO,0,0,0,,2026-08-26T19:55:35.047Z,2026-08-26T22:11:39.517Z,8164,2026-08-26T22:11:39.517Z,D09,Murfreesboro,20846baf-2fe5-403c-85d4-31520e88a3ce,SAMMS-MurfreesboroV6
202608262209458578,202608261955300056,202608261955298282,85,3080,Bronze INV,br_ReAssessment,TASK_COMPLETE,SUCCESS,INFO,0,0,0,,2026-08-26T19:55:35.047Z,2026-08-26T22:11:39.517Z,8164,2026-08-26T22:11:39.517Z,DA,Davenport,20846baf-2fe5-403c-85d4-31520e88a3ce,SAMMS-Davenport
202608262209458579,202608261955300057,202608261955298282,85,3081,Bronze INV,br_ReAssessment,TASK_COMPLETE,SUCCESS,INFO,0,0,0,,2026-08-26T19:55:35.047Z,2026-08-26T22:11:39.517Z,8164,2026-08-26T22:11:39.517Z,DM,Des Moines,20846baf-2fe5-403c-85d4-31520e88a3ce,SAMMS-DesMoines
202608262209458580,202608261955300058,202608261955298282,85,3083,Bronze INV,br_ReAssessment,TASK_COMPLETE,SUCCESS,INFO,0,0,0,,2026-08-26T19:55:35.047Z,2026-08-26T22:11:39.517Z,8164,2026-08-26T22:11:39.517Z,DRD-CO,Columbia MO,20846baf-2fe5-403c-85d4-31520e88a3ce,SAMMS-ColumbiaV5
202608262209458581,202608261955300059,202608261955298282,85,3084,Bronze INV,br_ReAssessment,TASK_COMPLETE,SUCCESS,INFO,0,0,0,,2026-08-26T19:55:35.047Z,2026-08-26T22:11:39.517Z,8164,2026-08-26T22:11:39.517Z,DRD-KC,KC,20846baf-2fe5-403c-85d4-31520e88a3ce,SAMMS-KCv5
202608262209458582,202608261955300060,202608261955298282,85,3085,Bronze INV,br_ReAssessment,TASK_COMPLETE,SUCCESS,INFO,0,0,0,,2026-08-26T19:55:35.047Z,2026-08-26T22:11:39.517Z,8164,2026-08-26T22:11:39.517Z,DRD-KVB,KVB,20846baf-2fe5-403c-85d4-31520e88a3ce,SAMMS-KVBv5
202608262209458584,202608261955300061,202608261955298282,85,3086,Bronze INV,br_ReAssessment,TASK_COMPLETE,SUCCESS,INFO,0,0,0,,2026-08-26T19:55:35.047Z,2026-08-26T22:11:39.517Z,8164,2026-08-26T22:11:39.517Z,DRD-KVC,KVC,20846baf-2fe5-403c-85d4-31520e88a3ce,SAMMS-KVCv5
202608262209458585,202608261955300062,202608261955298282,85,3087,Bronze INV,br_ReAssessment,TASK_COMPLETE,SUCCESS,INFO,0,0,0,,2026-08-26T19:55:35.047Z,2026-08-26T22:11:39.517Z,8164,2026-08-26T22:11:39.517Z,DRD-NOLA,NOLA,20846baf-2fe5-403c-85d4-31520e88a3ce,SAMMS-NOLAv5
202608262209458586,202608261955300063,202608261955298282,85,3088,Bronze INV,br_ReAssessment,TASK_COMPLETE,SUCCESS,INFO,0,0,0,,2026-08-26T19:55:35.047Z,2026-08-26T22:11:39.517Z,8164,2026-08-26T22:11:39.517Z,DRD-SF,Springfield,20846baf-2fe5-403c-85d4-31520e88a3ce,SAMMS-SFv5
202608262209458587,202608261955300064,202608261955298282,85,3090,Bronze INV,br_ReAssessment,TASK_COMPLETE,SUCCESS,INFO,0,0,0,,2026-08-26T19:55:35.047Z,2026-08-26T22:11:39.517Z,8164,2026-08-26T22:11:39.517Z,ELC,Elizabeth City,20846baf-2fe5-403c-85d4-31520e88a3ce,SAMMS-ElizabethCity
202608262209458588,202608261955300065,202608261955298282,85,3091,Bronze INV,br_ReAssessment,TASK_COMPLETE,SUCCESS,INFO,0,0,0,,2026-08-26T19:55:35.047Z,2026-08-26T22:11:39.517Z,8164,2026-08-26T22:11:39.517Z,ET,Elizabethtown,20846baf-2fe5-403c-85d4-31520e88a3ce,SAMMS-Elizabethtown
202608262209458589,202608261955300066,202608261955298282,85,3092,Bronze INV,br_ReAssessment,TASK_COMPLETE,SUCCESS,INFO,0,0,0,,2026-08-26T19:55:35.047Z,2026-08-26T22:11:39.517Z,8164,2026-08-26T22:11:39.517Z,FAY,Fayetteville,20846baf-2fe5-403c-85d4-31520e88a3ce,SAMMS-Fayetteville
202608262209458590,202608261955300067,202608261955298282,85,3093,Bronze INV,br_ReAssessment,TASK_COMPLETE,SUCCESS,INFO,0,0,0,,2026-08-26T19:55:35.047Z,2026-08-26T22:11:39.517Z,8164,2026-08-26T22:11:39.517Z,FR,Frankfort,20846baf-2fe5-403c-85d4-31520e88a3ce,SAMMS-Frankfort
202608262209458592,202608261955300068,202608261955298282,85,3094,Bronze INV,br_ReAssessment,TASK_COMPLETE,SUCCESS,INFO,0,0,0,,2026-08-26T19:55:35.047Z,2026-08-26T22:11:39.517Z,8164,2026-08-26T22:11:39.517Z,FS,Fort Smith,20846baf-2fe5-403c-85d4-31520e88a3ce,SAMMS-FortSmith
202608262209458593,202608261955300069,202608261955298282,85,3095,Bronze INV,br_ReAssessment,TASK_COMPLETE,SUCCESS,INFO,0,0,0,,2026-08-26T19:55:35.047Z,2026-08-26T22:11:39.517Z,8164,2026-08-26T22:11:39.517Z,FW,Fort Wayne,20846baf-2fe5-403c-85d4-31520e88a3ce,SAMMS-FortWayne
202608262209458594,202608261955300070,202608261955298282,85,3096,Bronze INV,br_ReAssessment,TASK_COMPLETE,SUCCESS,INFO,0,0,0,,2026-08-26T19:55:35.047Z,2026-08-26T22:11:39.517Z,8164,2026-08-26T22:11:39.517Z,GAL,Gaylord,20846baf-2fe5-403c-85d4-31520e88a3ce,SAMMS-Gaylord
202608262209458595,202608261955300071,202608261955298282,85,3100,Bronze INV,br_ReAssessment,TASK_COMPLETE,SUCCESS,INFO,0,0,0,,2026-08-26T19:55:35.047Z,2026-08-26T22:11:39.517Z,8164,2026-08-26T22:11:39.517Z,HGT,Hagerstown,20846baf-2fe5-403c-85d4-31520e88a3ce,SAMMS-Hagerstown
202608262209458596,202608261955300072,202608261955298282,85,3101,Bronze INV,br_ReAssessment,TASK_COMPLETE,SUCCESS,INFO,0,0,0,,2026-08-26T19:55:35.047Z,2026-08-26T22:11:39.517Z,8164,2026-08-26T22:11:39.517Z,HNT,Huntsville,20846baf-2fe5-403c-85d4-31520e88a3ce,SAMMS-Huntsville
202608262209458597,202608261955300073,202608261955298282,85,3102,Bronze INV,br_ReAssessment,TASK_COMPLETE,SUCCESS,INFO,0,0,0,,2026-08-26T19:55:35.047Z,2026-08-26T22:11:39.517Z,8164,2026-08-26T22:11:39.517Z,HS,Hot Springs,20846baf-2fe5-403c-85d4-31520e88a3ce,SAMMS-HotSprings
202608262209458599,202608261955300074,202608261955298282,85,3103,Bronze INV,br_ReAssessment,TASK_COMPLETE,SUCCESS,INFO,0,0,0,,2026-08-26T19:55:35.047Z,2026-08-26T22:11:39.517Z,8164,2026-08-26T22:11:39.517Z,JON,Jonesboro,20846baf-2fe5-403c-85d4-31520e88a3ce,SAMMS-Jonesboro
202608262209458600,202608261955300075,202608261955298282,85,3105,Bronze INV,br_ReAssessment,TASK_COMPLETE,SUCCESS,INFO,0,0,0,,2026-08-26T19:55:35.047Z,2026-08-26T22:11:39.517Z,8164,2026-08-26T22:11:39.517Z,LAN,Lansing,20846baf-2fe5-403c-85d4-31520e88a3ce,SAMMS-Lansing
202608262209458601,202608261955300076,202608261955298282,85,3106,Bronze INV,br_ReAssessment,TASK_COMPLETE,SUCCESS,INFO,0,0,0,,2026-08-26T19:55:35.047Z,2026-08-26T22:11:39.517Z,8164,2026-08-26T22:11:39.517Z,LO,Louisville,20846baf-2fe5-403c-85d4-31520e88a3ce,SAMMS-Louisville
202608262209458602,202608261955300077,202608261955298282,85,3107,Bronze INV,br_ReAssessment,TASK_COMPLETE,SUCCESS,INFO,0,0,0,,2026-08-26T19:55:35.047Z,2026-08-26T22:11:39.517Z,8164,2026-08-26T22:11:39.517Z,LV1,Cheyenne,20846baf-2fe5-403c-85d4-31520e88a3ce,SAMMS-Cheyenne
202608262209458603,202608261955300078,202608261955298282,85,3108,Bronze INV,br_ReAssessment,TASK_COMPLETE,SUCCESS,INFO,0,0,0,,2026-08-26T19:55:35.047Z,2026-08-26T22:11:39.517Z,8164,2026-08-26T22:11:39.517Z,LV2,Desert Inn,20846baf-2fe5-403c-85d4-31520e88a3ce,SAMMS-DesertInn
202608262209458604,202608261955300079,202608261955298282,85,3109,Bronze INV,br_ReAssessment,TASK_COMPLETE,SUCCESS,INFO,0,0,0,,2026-08-26T19:55:35.047Z,2026-08-26T22:11:39.517Z,8164,2026-08-26T22:11:39.517Z,LV3,McDaniel,20846baf-2fe5-403c-85d4-31520e88a3ce,SAMMS-McDaniel
202608262209458605,202608261955300080,202608261955298282,85,3112,Bronze INV,br_ReAssessment,TASK_COMPLETE,SUCCESS,INFO,0,0,0,,2026-08-26T19:55:35.047Z,2026-08-26T22:11:39.517Z,8164,2026-08-26T22:11:39.517Z,MNRE,Monroe,20846baf-2fe5-403c-85d4-31520e88a3ce,SAMMS-Monroe
202608262209458607,202608261955300081,202608261955298282,85,3113,Bronze INV,br_ReAssessment,TASK_COMPLETE,SUCCESS,INFO,0,0,0,,2026-08-26T19:55:35.047Z,2026-08-26T22:11:39.517Z,8164,2026-08-26T22:11:39.517Z,MP,Mt. Pleasant,20846baf-2fe5-403c-85d4-31520e88a3ce,SAMMS-MtPleasant
202608262209458608,202608261955300082,202608261955298282,85,3114,Bronze INV,br_ReAssessment,TASK_COMPLETE,SUCCESS,INFO,0,0,0,,2026-08-26T19:55:35.047Z,2026-08-26T22:11:39.517Z,8164,2026-08-26T22:11:39.517Z,MRD,Meridian,20846baf-2fe5-403c-85d4-31520e88a3ce,SAMMS-Meridian
202608262209458609,202608261955300083,202608261955298282,85,3119,Bronze INV,br_ReAssessment,TASK_COMPLETE,SUCCESS,INFO,0,0,0,,2026-08-26T19:55:35.047Z,2026-08-26T22:11:39.517Z,8164,2026-08-26T22:11:39.517Z,NC,North Charleston,20846baf-2fe5-403c-85d4-31520e88a3ce,SAMMS-NorthCharleston
202608262209458610,202608261955300084,202608261955298282,85,3120,Bronze INV,br_ReAssessment,TASK_COMPLETE,SUCCESS,INFO,0,0,0,,2026-08-26T19:55:35.047Z,2026-08-26T22:11:39.517Z,8164,2026-08-26T22:11:39.517Z,NLR,N. Little Rock,20846baf-2fe5-403c-85d4-31520e88a3ce,SAMMS-NLROBOT
202608262209458611,202608261955300085,202608261955298282,85,3121,Bronze INV,br_ReAssessment,TASK_COMPLETE,SUCCESS,INFO,0,0,0,,2026-08-26T19:55:35.047Z,2026-08-26T22:11:39.517Z,8164,2026-08-26T22:11:39.517Z,PH,Phoenix,20846baf-2fe5-403c-85d4-31520e88a3ce,SAMMS-Phoenix
202608262209458612,202608261955300086,202608261955298282,85,3125,Bronze INV,br_ReAssessment,TASK_COMPLETE,SUCCESS,INFO,0,0,0,,2026-08-26T19:55:35.047Z,2026-08-26T22:11:39.517Z,8164,2026-08-26T22:11:39.517Z,RE,Reno,20846baf-2fe5-403c-85d4-31520e88a3ce,SAMMS-Reno
202608262209458613,202608261955300087,202608261955298282,85,3126,Bronze INV,br_ReAssessment,TASK_COMPLETE,SUCCESS,INFO,0,0,0,,2026-08-26T19:55:35.047Z,2026-08-26T22:11:39.517Z,8164,2026-08-26T22:11:39.517Z,RMD,Richmond,20846baf-2fe5-403c-85d4-31520e88a3ce,SAMMS-Richmond
202608262209458615,202608261955300088,202608261955298282,85,3127,Bronze INV,br_ReAssessment,TASK_COMPLETE,SUCCESS,INFO,0,0,0,,2026-08-26T19:55:35.047Z,2026-08-26T22:11:39.517Z,8164,2026-08-26T22:11:39.517Z,SFN,Springfield North,20846baf-2fe5-403c-85d4-31520e88a3ce,SAMMS-SFNv5
202608262209458616,202608261955300089,202608261955298282,85,3128,Bronze INV,br_ReAssessment,TASK_COMPLETE,SUCCESS,INFO,0,0,0,,2026-08-26T19:55:35.047Z,2026-08-26T22:11:39.517Z,8164,2026-08-26T22:11:39.517Z,SHP,Shreveport,20846baf-2fe5-403c-85d4-31520e88a3ce,SAMMS-Shreveport
202608262209458617,202608261955300090,202608261955298282,85,3130,Bronze INV,br_ReAssessment,TASK_COMPLETE,SUCCESS,INFO,0,0,0,,2026-08-26T19:55:35.047Z,2026-08-26T22:11:39.517Z,8164,2026-08-26T22:11:39.517Z,STN,Staunton,20846baf-2fe5-403c-85d4-31520e88a3ce,SAMMS-Staunton
202608262209458618,202608261955300091,202608261955298282,85,3131,Bronze INV,br_ReAssessment,TASK_COMPLETE,SUCCESS,INFO,0,0,0,,2026-08-26T19:55:35.047Z,2026-08-26T22:11:39.517Z,8164,2026-08-26T22:11:39.517Z,STVN,Stevenson,20846baf-2fe5-403c-85d4-31520e88a3ce,SAMMS-Stevenson
202608262209458619,202608261955300092,202608261955298282,85,3133,Bronze INV,br_ReAssessment,TASK_COMPLETE,SUCCESS,INFO,0,0,0,,2026-08-26T19:55:35.047Z,2026-08-26T22:11:39.517Z,8164,2026-08-26T22:11:39.517Z,TE,Tempe,20846baf-2fe5-403c-85d4-31520e88a3ce,SAMMS-Tempe
202608262209458620,202608261955300093,202608261955298282,85,3134,Bronze INV,br_ReAssessment,TASK_COMPLETE,SUCCESS,INFO,0,0,0,,2026-08-26T19:55:35.047Z,2026-08-26T22:11:39.517Z,8164,2026-08-26T22:11:39.517Z,TEX,Texarkana,20846baf-2fe5-403c-85d4-31520e88a3ce,SAMMS-Texarkana
202608262209458621,202608261955300094,202608261955298282,85,3135,Bronze INV,br_ReAssessment,TASK_COMPLETE,SUCCESS,INFO,1,1,0,,2026-08-26T19:55:35.047Z,2026-08-26T22:11:39.517Z,8164,2026-08-26T22:11:39.517Z,TTCA,Bessemer,20846baf-2fe5-403c-85d4-31520e88a3ce,SAMMS-BessemerV5
202608262209458623,202608261955300095,202608261955298282,85,3136,Bronze INV,br_ReAssessment,TASK_COMPLETE,SUCCESS,INFO,0,0,0,,2026-08-26T19:55:35.047Z,2026-08-26T22:11:39.517Z,8164,2026-08-26T22:11:39.517Z,TTCB,Cullman,20846baf-2fe5-403c-85d4-31520e88a3ce,SAMMS-CullmanV5
202608262209458624,202608261955300096,202608261955298282,85,3137,Bronze INV,br_ReAssessment,TASK_COMPLETE,SUCCESS,INFO,0,0,0,,2026-08-26T19:55:35.047Z,2026-08-26T22:11:39.517Z,8164,2026-08-26T22:11:39.517Z,TTCC,Grand Bay,20846baf-2fe5-403c-85d4-31520e88a3ce,SAMMS-GrandBay
202608262209458625,202608261955300097,202608261955298282,85,3138,Bronze INV,br_ReAssessment,TASK_COMPLETE,SUCCESS,INFO,0,0,0,,2026-08-26T19:55:35.047Z,2026-08-26T22:11:39.517Z,8164,2026-08-26T22:11:39.517Z,TU,Tucson,20846baf-2fe5-403c-85d4-31520e88a3ce,SAMMS-Tucson
202608262209458626,202608261955300098,202608261955298282,85,3140,Bronze INV,br_ReAssessment,TASK_COMPLETE,SUCCESS,INFO,0,0,0,,2026-08-26T19:55:35.047Z,2026-08-26T22:11:39.517Z,8164,2026-08-26T22:11:39.517Z,V1,Memphis South,20846baf-2fe5-403c-85d4-31520e88a3ce,SAMMS-VCPHCS-I-MemphisV5
202608262209458627,202608261955300099,202608261955298282,85,3141,Bronze INV,br_ReAssessment,TASK_COMPLETE,SUCCESS,INFO,0,0,0,,2026-08-26T19:55:35.047Z,2026-08-26T22:11:39.517Z,8164,2026-08-26T22:11:39.517Z,V10,Longmont,20846baf-2fe5-403c-85d4-31520e88a3ce,SAMMS-BoulderV5
202608262209458628,202608261955300100,202608261955298282,85,3142,Bronze INV,br_ReAssessment,TASK_COMPLETE,SUCCESS,INFO,113,113,0,,2026-08-26T19:55:35.047Z,2026-08-26T22:11:39.517Z,8164,2026-08-26T22:11:39.517Z,V10A,Fort Collins,20846baf-2fe5-403c-85d4-31520e88a3ce,SAMMS-FortCollinsV5
202608262209458629,202608261955300101,202608261955298282,85,3143,Bronze INV,br_ReAssessment,TASK_COMPLETE,SUCCESS,INFO,0,0,0,,2026-08-26T19:55:35.047Z,2026-08-26T22:11:39.517Z,8164,2026-08-26T22:11:39.517Z,V11,Westminster,20846baf-2fe5-403c-85d4-31520e88a3ce,SAMMS-VCPHCS-XI-NorthDenverV5
202608262209458631,202608261955300102,202608261955298282,85,3144,Bronze INV,br_ReAssessment,TASK_COMPLETE,SUCCESS,INFO,80,80,0,,2026-08-26T19:55:35.047Z,2026-08-26T22:11:39.517Z,8164,2026-08-26T22:11:39.517Z,V12,Downtown Denver,20846baf-2fe5-403c-85d4-31520e88a3ce,SAMMS-VCPHCS-XII-DowntownDenverV5
202608262209458632,202608261955300103,202608261955298282,85,3145,Bronze INV,br_ReAssessment,TASK_COMPLETE,SUCCESS,INFO,0,0,0,,2026-08-26T19:55:35.047Z,2026-08-26T22:11:39.517Z,8164,2026-08-26T22:11:39.517Z,V12A,Centennial,20846baf-2fe5-403c-85d4-31520e88a3ce,SAMMS-CentennialV5
202608262209458633,202608261955300104,202608261955298282,85,3146,Bronze INV,br_ReAssessment,TASK_COMPLETE,SUCCESS,INFO,0,0,0,,2026-08-26T19:55:35.047Z,2026-08-26T22:11:39.517Z,8164,2026-08-26T22:11:39.517Z,V14,Overland Park,20846baf-2fe5-403c-85d4-31520e88a3ce,SAMMS-VCPHCS-XIV-BridgewayV5
202608262209458634,202608261955300105,202608261955298282,85,3147,Bronze INV,br_ReAssessment,TASK_COMPLETE,SUCCESS,INFO,0,0,0,,2026-08-26T19:55:35.047Z,2026-08-26T22:11:39.517Z,8164,2026-08-26T22:11:39.517Z,V15,Joplin,20846baf-2fe5-403c-85d4-31520e88a3ce,SAMMS-JoplinV5
202608262209458635,202608261955300106,202608261955298282,85,3149,Bronze INV,br_ReAssessment,TASK_COMPLETE,SUCCESS,INFO,0,0,0,,2026-08-26T19:55:35.047Z,2026-08-26T22:11:39.517Z,8164,2026-08-26T22:11:39.517Z,V17,Columbia TN,20846baf-2fe5-403c-85d4-31520e88a3ce,SAMMS-ColumbiaTNv5
202608262209458636,202608261955300107,202608261955298282,85,3151,Bronze INV,br_ReAssessment,TASK_COMPLETE,SUCCESS,INFO,0,0,0,,2026-08-26T19:55:35.047Z,2026-08-26T22:11:39.517Z,8164,2026-08-26T22:11:39.517Z,V19,Jackson,20846baf-2fe5-403c-85d4-31520e88a3ce,SAMMS-JacksonV5
202608252121598368,202608251925573997,202608251925573776,85,2053,Bronze INV,br_Bottle,TASK_COMPLETE,SUCCESS,INFO,67535,67535,0,,2026-08-25T19:26:03.177Z,2026-08-25T21:23:56.829Z,7073,2026-08-25T21:23:56.829Z,V5,West Bank,7eb7a049-5d17-4a23-bb2f-3b9c445afd32,SAMMS-NONTCv5
202608252121598369,202608251925573998,202608251925573776,85,2055,Bronze INV,br_Bottle,TASK_COMPLETE,SUCCESS,INFO,740,740,0,,2026-08-25T19:26:03.177Z,2026-08-25T21:23:56.829Z,7073,2026-08-25T21:23:56.829Z,V5B,Houma,7eb7a049-5d17-4a23-bb2f-3b9c445afd32,SAMMS-HoumaV6
202608252121598370,202608251925573999,202608251925573776,85,2056,Bronze INV,br_Bottle,TASK_COMPLETE,SUCCESS,INFO,39951,39951,0,,2026-08-25T19:26:03.177Z,2026-08-25T21:23:56.829Z,7073,2026-08-25T21:23:56.829Z,V6,Lake Charles,7eb7a049-5d17-4a23-bb2f-3b9c445afd32,SAMMS-LCv5
202608252121598371,202608251925574000,202608251925573776,85,2058,Bronze INV,br_Bottle,TASK_COMPLETE,SUCCESS,INFO,41828,41828,0,,2026-08-25T19:26:03.177Z,2026-08-25T21:23:56.829Z,7073,2026-08-25T21:23:56.829Z,V8,Memphis Midtown,7eb7a049-5d17-4a23-bb2f-3b9c445afd32,SAMMS-VCPHCS-VIII-MemphisV5
202608252121598372,202608251925574001,202608251925573776,85,2059,Bronze INV,br_Bottle,TASK_COMPLETE,SUCCESS,INFO,86805,86805,0,,2026-08-25T19:26:03.177Z,2026-08-25T21:23:56.829Z,7073,2026-08-25T21:23:56.829Z,V9,Nashville,7eb7a049-5d17-4a23-bb2f-3b9c445afd32,SAMMS-NashvilleV5
202608252121598373,202608251925574002,202608251925573776,85,2060,Bronze INV,br_Bottle,TASK_COMPLETE,SUCCESS,INFO,5563,5563,0,,2026-08-25T19:26:03.177Z,2026-08-25T21:23:56.829Z,7073,2026-08-25T21:23:56.829Z,VBRA,Brainerd,7eb7a049-5d17-4a23-bb2f-3b9c445afd32,SAMMS-BrainerdV6
202608252121598375,202608251925574003,202608251925573776,85,2061,Bronze INV,br_Bottle,TASK_COMPLETE,SUCCESS,INFO,12687,12687,0,,2026-08-25T19:26:03.177Z,2026-08-25T21:23:56.829Z,7073,2026-08-25T21:23:56.829Z,VBRP,Brooklyn Park,7eb7a049-5d17-4a23-bb2f-3b9c445afd32,SAMMS-BrooklynParkV6
202608252121598376,202608251925574004,202608251925573776,85,2063,Bronze INV,br_Bottle,TASK_COMPLETE,SUCCESS,INFO,7066,7066,0,,2026-08-25T19:26:03.177Z,2026-08-25T21:23:56.829Z,7073,2026-08-25T21:23:56.829Z,VMIN,Minneapolis,7eb7a049-5d17-4a23-bb2f-3b9c445afd32,SAMMS-MinneapolisV6
202608252121598377,202608251925574005,202608251925573776,85,2064,Bronze INV,br_Bottle,TASK_COMPLETE,SUCCESS,INFO,14875,14875,0,,2026-08-25T19:26:03.177Z,2026-08-25T21:23:56.829Z,7073,2026-08-25T21:23:56.829Z,VWBY,Woodbury,7eb7a049-5d17-4a23-bb2f-3b9c445afd32,SAMMS-WoodburyV6
202608252121598378,202608251925574006,202608251925573776,85,2066,Bronze INV,br_Bottle,TASK_COMPLETE,SUCCESS,INFO,6940,6940,0,,2026-08-25T19:26:03.177Z,2026-08-25T21:23:56.829Z,7073,2026-08-25T21:23:56.829Z,WIL,Wilson,7eb7a049-5d17-4a23-bb2f-3b9c445afd32,SAMMS-Wilson
202608252121598480,202608251925673795,202608251925673776,86,8578,Silver INV,sl_Bottle,TASK_COMPLETE,SUCCESS,INFO,1828085,1828085,0,,2026-08-25T19:26:03.177Z,2026-08-25T21:23:56.829Z,7073,2026-08-25T21:23:56.829Z,,,7eb7a049-5d17-4a23-bb2f-3b9c445afd32,
202608252121598408,202608251925573777,202608251925573776,85,2070,Bronze INV,br_InvType,TASK_COMPLETE,SUCCESS,INFO,7,7,0,,2026-08-25T19:26:03.177Z,2026-08-25T21:23:56.829Z,7073,2026-08-25T21:23:56.829Z,AHK,Ahoskie,7eb7a049-5d17-4a23-bb2f-3b9c445afd32,SAMMS-Ahoskie
202608252121598410,202608251925573778,202608251925573776,85,2071,Bronze INV,br_InvType,TASK_COMPLETE,SUCCESS,INFO,7,7,0,,2026-08-25T19:26:03.177Z,2026-08-25T21:23:56.829Z,7073,2026-08-25T21:23:56.829Z,B12B,Colorado Springs,7eb7a049-5d17-4a23-bb2f-3b9c445afd32,SAMMS-ColoradoSpringsV5
202608252121598411,202608251925573779,202608251925573776,85,2072,Bronze INV,br_InvType,TASK_COMPLETE,SUCCESS,INFO,7,7,0,,2026-08-25T19:26:03.177Z,2026-08-25T21:23:56.829Z,7073,2026-08-25T21:23:56.829Z,B24,Paintsville,7eb7a049-5d17-4a23-bb2f-3b9c445afd32,SAMMS-PaintsvilleV5
202608252121598412,202608251925573780,202608251925573776,85,2073,Bronze INV,br_InvType,TASK_COMPLETE,SUCCESS,INFO,7,7,0,,2026-08-25T19:26:03.177Z,2026-08-25T21:23:56.829Z,7073,2026-08-25T21:23:56.829Z,B25,Pikeville,7eb7a049-5d17-4a23-bb2f-3b9c445afd32,SAMMS-PikevilleV5
202608252121598413,202608251925573781,202608251925573776,85,2074,Bronze INV,br_InvType,TASK_COMPLETE,SUCCESS,INFO,7,7,0,,2026-08-25T19:26:03.177Z,2026-08-25T21:23:56.829Z,7073,2026-08-25T21:23:56.829Z,B26,Hazard,7eb7a049-5d17-4a23-bb2f-3b9c445afd32,SAMMS-HazardV5
202608252121598414,202608251925573782,202608251925573776,85,2075,Bronze INV,br_InvType,TASK_COMPLETE,SUCCESS,INFO,7,7,0,,2026-08-25T19:26:03.177Z,2026-08-25T21:23:56.829Z,7073,2026-08-25T21:23:56.829Z,B27,Savannah,7eb7a049-5d17-4a23-bb2f-3b9c445afd32,SAMMS-SavannahV6
202608252121598415,202608251925573783,202608251925573776,85,2076,Bronze INV,br_InvType,TASK_COMPLETE,SUCCESS,INFO,7,7,0,,2026-08-25T19:26:03.177Z,2026-08-25T21:23:56.829Z,7073,2026-08-25T21:23:56.829Z,B28,West Plains,7eb7a049-5d17-4a23-bb2f-3b9c445afd32,SAMMS-WestPlainesV5
202608252121598417,202608251925573784,202608251925573776,85,2077,Bronze INV,br_InvType,TASK_COMPLETE,SUCCESS,INFO,7,7,0,,2026-08-25T19:26:03.177Z,2026-08-25T21:23:56.829Z,7073,2026-08-25T21:23:56.829Z,B29,Poplar Bluff,7eb7a049-5d17-4a23-bb2f-3b9c445afd32,SAMMS-PoplarBluffV5
202608252121598418,202608251925573785,202608251925573776,85,2078,Bronze INV,br_InvType,TASK_COMPLETE,SUCCESS,INFO,7,7,0,,2026-08-25T19:26:03.177Z,2026-08-25T21:23:56.829Z,7073,2026-08-25T21:23:56.829Z,B30,KC North,7eb7a049-5d17-4a23-bb2f-3b9c445afd32,SAMMS-KCNv5
202608252121598419,202608251925573786,202608251925573776,85,2079,Bronze INV,br_InvType,TASK_COMPLETE,SUCCESS,INFO,7,7,0,,2026-08-25T19:26:03.177Z,2026-08-25T21:23:56.829Z,7073,2026-08-25T21:23:56.829Z,B31,Dyersburg,7eb7a049-5d17-4a23-bb2f-3b9c445afd32,SAMMS-DyersburgV5
202608252121598420,202608251925573787,202608251925573776,85,2081,Bronze INV,br_InvType,TASK_COMPLETE,SUCCESS,INFO,6,6,0,,2026-08-25T19:26:03.177Z,2026-08-25T21:23:56.829Z,7073,2026-08-25T21:23:56.829Z,B33,Paducah,7eb7a049-5d17-4a23-bb2f-3b9c445afd32,SAMMS-Paducah
202608252121598421,202608251925573788,202608251925573776,85,2082,Bronze INV,br_InvType,TASK_COMPLETE,SUCCESS,INFO,6,6,0,,2026-08-25T19:26:03.177Z,2026-08-25T21:23:56.829Z,7073,2026-08-25T21:23:56.829Z,B34,Corbin,7eb7a049-5d17-4a23-bb2f-3b9c445afd32,SAMMS-CorbinV5
202608252121598422,202608251925573789,202608251925573776,85,2083,Bronze INV,br_InvType,TASK_COMPLETE,SUCCESS,INFO,8,8,0,,2026-08-25T19:26:03.177Z,2026-08-25T21:23:56.829Z,7073,2026-08-25T21:23:56.829Z,B35,Lexington,7eb7a049-5d17-4a23-bb2f-3b9c445afd32,SAMMS-LexingtonV5
202608252121598424,202608251925573790,202608251925573776,85,2084,Bronze INV,br_InvType,TASK_COMPLETE,SUCCESS,INFO,8,8,0,,2026-08-25T19:26:03.177Z,2026-08-25T21:23:56.829Z,7073,2026-08-25T21:23:56.829Z,B35A,Berea,7eb7a049-5d17-4a23-bb2f-3b9c445afd32,SAMMS-BereaV5
202608252121598425,202608251925573791,202608251925573776,85,2085,Bronze INV,br_InvType,TASK_COMPLETE,SUCCESS,INFO,5,5,0,,2026-08-25T19:26:03.177Z,2026-08-25T21:23:56.829Z,7073,2026-08-25T21:23:56.829Z,B36,Asheville,7eb7a049-5d17-4a23-bb2f-3b9c445afd32,SAMMS-AshevilleV5
202608252121598426,202608251925573792,202608251925573776,85,2086,Bronze INV,br_InvType,TASK_COMPLETE,SUCCESS,INFO,6,6,0,,2026-08-25T19:26:03.177Z,2026-08-25T21:23:56.829Z,7073,2026-08-25T21:23:56.829Z,B37,Clyde,7eb7a049-5d17-4a23-bb2f-3b9c445afd32,SAMMS-ClydeV5
202608252121598427,202608251925573793,202608251925573776,85,2087,Bronze INV,br_InvType,TASK_COMPLETE,SUCCESS,INFO,7,7,0,,2026-08-25T19:26:03.177Z,2026-08-25T21:23:56.829Z,7073,2026-08-25T21:23:56.829Z,B38,Spartanburg,7eb7a049-5d17-4a23-bb2f-3b9c445afd32,SAMMS-SpartanburgV5
202608252121598429,202608251925573794,202608251925573776,85,2088,Bronze INV,br_InvType,TASK_COMPLETE,SUCCESS,INFO,6,6,0,,2026-08-25T19:26:03.177Z,2026-08-25T21:23:56.829Z,7073,2026-08-25T21:23:56.829Z,B39,Aiken,7eb7a049-5d17-4a23-bb2f-3b9c445afd32,SAMMS-AikenV5
202608252121598430,202608251925573795,202608251925573776,85,2089,Bronze INV,br_InvType,TASK_COMPLETE,SUCCESS,INFO,5,5,0,,2026-08-25T19:26:03.177Z,2026-08-25T21:23:56.829Z,7073,2026-08-25T21:23:56.829Z,B41,Chesapeake,7eb7a049-5d17-4a23-bb2f-3b9c445afd32,SAMMS-ChesapeakeV5
202608252121598431,202608251925573796,202608251925573776,85,2090,Bronze INV,br_InvType,TASK_COMPLETE,SUCCESS,INFO,6,6,0,,2026-08-25T19:26:03.177Z,2026-08-25T21:23:56.829Z,7073,2026-08-25T21:23:56.829Z,B42,Virginia Beach,7eb7a049-5d17-4a23-bb2f-3b9c445afd32,SAMMS-VirginiaBeachV5
202608252121598432,202608251925573797,202608251925573776,85,2091,Bronze INV,br_InvType,TASK_COMPLETE,SUCCESS,INFO,5,5,0,,2026-08-25T19:26:03.177Z,2026-08-25T21:23:56.829Z,7073,2026-08-25T21:23:56.829Z,B42A,Newport News,7eb7a049-5d17-4a23-bb2f-3b9c445afd32,SAMMS-NewportNewsV5
202608252121598433,202608251925573798,202608251925573776,85,2092,Bronze INV,br_InvType,TASK_COMPLETE,SUCCESS,INFO,3,3,0,,2026-08-25T19:26:03.177Z,2026-08-25T21:23:56.829Z,7073,2026-08-25T21:23:56.829Z,B42B,Franklin,7eb7a049-5d17-4a23-bb2f-3b9c445afd32,SAMMS-FranklinV5
202608252121598434,202608251925573799,202608251925573776,85,2093,Bronze INV,br_InvType,TASK_COMPLETE,SUCCESS,INFO,5,5,0,,2026-08-25T19:26:03.177Z,2026-08-25T21:23:56.829Z,7073,2026-08-25T21:23:56.829Z,B42C,Glen Allen,7eb7a049-5d17-4a23-bb2f-3b9c445afd32,SAMMS-GlenAllenV5
202608252121598436,202608251925573800,202608251925573776,85,2094,Bronze INV,br_InvType,TASK_COMPLETE,SUCCESS,INFO,7,7,0,,2026-08-25T19:26:03.177Z,2026-08-25T21:23:56.829Z,7073,2026-08-25T21:23:56.829Z,B42D,Chesapeake South,7eb7a049-5d17-4a23-bb2f-3b9c445afd32,SAMMS-ChesapeakeSouthV5
202608252121598437,202608251925573801,202608251925573776,85,2095,Bronze INV,br_InvType,TASK_COMPLETE,SUCCESS,INFO,5,5,0,,2026-08-25T19:26:03.177Z,2026-08-25T21:23:56.829Z,7073,2026-08-25T21:23:56.829Z,B44,Albany,7eb7a049-5d17-4a23-bb2f-3b9c445afd32,SAMMS-AlbanyV5
202608252121598438,202608251925573802,202608251925573776,85,2096,Bronze INV,br_InvType,TASK_COMPLETE,SUCCESS,INFO,5,5,0,,2026-08-25T19:26:03.177Z,2026-08-25T21:23:56.829Z,7073,2026-08-25T21:23:56.829Z,B45,Tifton,7eb7a049-5d17-4a23-bb2f-3b9c445afd32,SAMMS-TiftonV5
202608252121598439,202608251925573803,202608251925573776,85,2097,Bronze INV,br_InvType,TASK_COMPLETE,SUCCESS,INFO,5,5,0,,2026-08-25T19:26:03.177Z,2026-08-25T21:23:56.829Z,7073,2026-08-25T21:23:56.829Z,B46,Washington DC,7eb7a049-5d17-4a23-bb2f-3b9c445afd32,SAMMS-WashingtonDCv5
202608252121598440,202608251925573804,202608251925573776,85,2098,Bronze INV,br_InvType,TASK_COMPLETE,SUCCESS,INFO,7,7,0,,2026-08-25T19:26:03.177Z,2026-08-25T21:23:56.829Z,7073,2026-08-25T21:23:56.829Z,B47,Mobile,7eb7a049-5d17-4a23-bb2f-3b9c445afd32,SAMMS-MobileV5
202608252121598441,202608251925573805,202608251925573776,85,2099,Bronze INV,br_InvType,TASK_COMPLETE,SUCCESS,INFO,6,6,0,,2026-08-25T19:26:03.177Z,2026-08-25T21:23:56.829Z,7073,2026-08-25T21:23:56.829Z,B48,Tuscaloosa,7eb7a049-5d17-4a23-bb2f-3b9c445afd32,SAMMS-TuscaloosaV5
202608252121598443,202608251925573806,202608251925573776,85,2108,Bronze INV,br_InvType,TASK_COMPLETE,SUCCESS,INFO,7,7,0,,2026-08-25T19:26:03.177Z,2026-08-25T21:23:56.829Z,7073,2026-08-25T21:23:56.829Z,B51,N. Little Rock (OTP),7eb7a049-5d17-4a23-bb2f-3b9c445afd32,SAMMS-NorthLittleRockV6
202608252121598444,202608251925573807,202608251925573776,85,2109,Bronze INV,br_InvType,TASK_COMPLETE,SUCCESS,INFO,5,5,0,,2026-08-25T19:26:03.177Z,2026-08-25T21:23:56.829Z,7073,2026-08-25T21:23:56.829Z,B52,Jackson GA,7eb7a049-5d17-4a23-bb2f-3b9c445afd32,SAMMS-JacksonGAV5
202608252121598445,202608251925573808,202608251925573776,85,2110,Bronze INV,br_InvType,TASK_COMPLETE,SUCCESS,INFO,7,7,0,,2026-08-25T19:26:03.177Z,2026-08-25T21:23:56.829Z,7073,2026-08-25T21:23:56.829Z,B54,Gadsden,7eb7a049-5d17-4a23-bb2f-3b9c445afd32,SAMMS-GadsdenV5
202608252121598446,202608251925573809,202608251925573776,85,2111,Bronze INV,br_InvType,TASK_COMPLETE,SUCCESS,INFO,8,8,0,,2026-08-25T19:26:03.177Z,2026-08-25T21:23:56.829Z,7073,2026-08-25T21:23:56.829Z,B55,Shoals,7eb7a049-5d17-4a23-bb2f-3b9c445afd32,SAMMS-ShoalsV5
202608252121598447,202608251925573810,202608251925573776,85,2112,Bronze INV,br_InvType,TASK_COMPLETE,SUCCESS,INFO,7,7,0,,2026-08-25T19:26:03.177Z,2026-08-25T21:23:56.829Z,7073,2026-08-25T21:23:56.829Z,B57,Pawtucket,7eb7a049-5d17-4a23-bb2f-3b9c445afd32,SAMMS-Pawtucket
202608252121598448,202608251925573811,202608251925573776,85,2113,Bronze INV,br_InvType,TASK_COMPLETE,SUCCESS,INFO,8,8,0,,2026-08-25T19:26:03.177Z,2026-08-25T21:23:56.829Z,7073,2026-08-25T21:23:56.829Z,B57A,Johnston,7eb7a049-5d17-4a23-bb2f-3b9c445afd32,SAMMS-Johnston
202608252121598450,202608251925573812,202608251925573776,85,2114,Bronze INV,br_InvType,TASK_COMPLETE,SUCCESS,INFO,7,7,0,,2026-08-25T19:26:03.177Z,2026-08-25T21:23:56.829Z,7073,2026-08-25T21:23:56.829Z,B57B,Middletown,7eb7a049-5d17-4a23-bb2f-3b9c445afd32,SAMMS-Middletown
202608252121598451,202608251925573813,202608251925573776,85,2115,Bronze INV,br_InvType,TASK_COMPLETE,SUCCESS,INFO,7,7,0,,2026-08-25T19:26:03.177Z,2026-08-25T21:23:56.829Z,7073,2026-08-25T21:23:56.829Z,B57C,Providence,7eb7a049-5d17-4a23-bb2f-3b9c445afd32,SAMMS-Providence
202608252121598452,202608251925573814,202608251925573776,85,2116,Bronze INV,br_InvType,TASK_COMPLETE,SUCCESS,INFO,7,7,0,,2026-08-25T19:26:03.177Z,2026-08-25T21:23:56.829Z,7073,2026-08-25T21:23:56.829Z,B57D,Westerly,7eb7a049-5d17-4a23-bb2f-3b9c445afd32,SAMMS-Westerly
202608252121598453,202608251925573815,202608251925573776,85,2120,Bronze INV,br_InvType,TASK_COMPLETE,SUCCESS,INFO,0,0,0,,2026-08-25T19:26:03.177Z,2026-08-25T21:23:56.829Z,7073,2026-08-25T21:23:56.829Z,B66A,Bremen,7eb7a049-5d17-4a23-bb2f-3b9c445afd32,SAMMS-Bremen
202608252121598454,202608251925573816,202608251925573776,85,2123,Bronze INV,br_InvType,TASK_COMPLETE,SUCCESS,INFO,0,0,0,,2026-08-25T19:26:03.177Z,2026-08-25T21:23:56.829Z,7073,2026-08-25T21:23:56.829Z,B72,Mobile (OBOT),7eb7a049-5d17-4a23-bb2f-3b9c445afd32,SAMMS-Mobile-OBOT
202608252121598455,202608251925573817,202608251925573776,85,2124,Bronze INV,br_InvType,TASK_COMPLETE,SUCCESS,INFO,0,0,0,,2026-08-25T19:26:03.177Z,2026-08-25T21:23:56.829Z,7073,2026-08-25T21:23:56.829Z,B73,Montgomery,7eb7a049-5d17-4a23-bb2f-3b9c445afd32,SAMMS-Montgomery
202608252121598456,202608251925573818,202608251925573776,85,2125,Bronze INV,br_InvType,TASK_COMPLETE,SUCCESS,INFO,7,7,0,,2026-08-25T19:26:03.177Z,2026-08-25T21:23:56.829Z,7073,2026-08-25T21:23:56.829Z,B75,Lawrence,7eb7a049-5d17-4a23-bb2f-3b9c445afd32,SAMMS-LawrenceV6
202608252121598458,202608251925573819,202608251925573776,85,2126,Bronze INV,br_InvType,TASK_COMPLETE,SUCCESS,INFO,0,0,0,,2026-08-25T19:26:03.177Z,2026-08-25T21:23:56.829Z,7073,2026-08-25T21:23:56.829Z,B76,Huntsville OBOT,7eb7a049-5d17-4a23-bb2f-3b9c445afd32,SAMMS-Huntsville-OBOT
202608252121598459,202608251925573820,202608251925573776,85,2127,Bronze INV,br_InvType,TASK_COMPLETE,SUCCESS,INFO,7,7,0,,2026-08-25T19:26:03.177Z,2026-08-25T21:23:56.829Z,7073,2026-08-25T21:23:56.829Z,BAT,Batesville,7eb7a049-5d17-4a23-bb2f-3b9c445afd32,SAMMS-Batesville
202608252121598460,202608251925573821,202608251925573776,85,2128,Bronze INV,br_InvType,TASK_COMPLETE,SUCCESS,INFO,7,7,0,,2026-08-25T19:26:03.177Z,2026-08-25T21:23:56.829Z,7073,2026-08-25T21:23:56.829Z,BG,Bowling Green,7eb7a049-5d17-4a23-bb2f-3b9c445afd32,SAMMS-BowlingGreen
202608252121598461,202608251925573822,202608251925573776,85,2129,Bronze INV,br_InvType,TASK_COMPLETE,SUCCESS,INFO,7,7,0,,2026-08-25T19:26:03.177Z,2026-08-25T21:23:56.829Z,7073,2026-08-25T21:23:56.829Z,BOI,Boise,7eb7a049-5d17-4a23-bb2f-3b9c445afd32,SAMMS-Boise
202608252121598462,202608251925573823,202608251925573776,85,2136,Bronze INV,br_InvType,TASK_COMPLETE,SUCCESS,INFO,7,7,0,,2026-08-25T19:26:03.177Z,2026-08-25T21:23:56.829Z,7073,2026-08-25T21:23:56.829Z,CBCO,Coeur dAlene,7eb7a049-5d17-4a23-bb2f-3b9c445afd32,SAMMS-CoeurdAleneV6
202608252121598463,202608251925573824,202608251925573776,85,2155,Bronze INV,br_InvType,TASK_COMPLETE,SUCCESS,INFO,7,7,0,,2026-08-25T19:26:03.177Z,2026-08-25T21:23:56.829Z,7073,2026-08-25T21:23:56.829Z,CON,Conway,7eb7a049-5d17-4a23-bb2f-3b9c445afd32,SAMMS-Conway
202608252121598465,202608251925573825,202608251925573776,85,2156,Bronze INV,br_InvType,TASK_COMPLETE,SUCCESS,INFO,7,7,0,,2026-08-25T19:26:03.177Z,2026-08-25T21:23:56.829Z,7073,2026-08-25T21:23:56.829Z,D07,Medical Services Knox TN,7eb7a049-5d17-4a23-bb2f-3b9c445afd32,SAMMS-KnoxvilleV6
202608252121598466,202608251925573826,202608251925573776,85,2157,Bronze INV,br_InvType,TASK_COMPLETE,SUCCESS,INFO,7,7,0,,2026-08-25T19:26:03.177Z,2026-08-25T21:23:56.829Z,7073,2026-08-25T21:23:56.829Z,D08,Madison,7eb7a049-5d17-4a23-bb2f-3b9c445afd32,SAMMS-MadisonV6
202608252121598467,202608251925573827,202608251925573776,85,2159,Bronze INV,br_InvType,TASK_COMPLETE,SUCCESS,INFO,7,7,0,,2026-08-25T19:26:03.177Z,2026-08-25T21:23:56.829Z,7073,2026-08-25T21:23:56.829Z,D09,Murfreesboro,7eb7a049-5d17-4a23-bb2f-3b9c445afd32,SAMMS-MurfreesboroV6
202608252121598468,202608251925573828,202608251925573776,85,2160,Bronze INV,br_InvType,TASK_COMPLETE,SUCCESS,INFO,7,7,0,,2026-08-25T19:26:03.177Z,2026-08-25T21:23:56.829Z,7073,2026-08-25T21:23:56.829Z,DA,Davenport,7eb7a049-5d17-4a23-bb2f-3b9c445afd32,SAMMS-Davenport
202608252121598469,202608251925573829,202608251925573776,85,2161,Bronze INV,br_InvType,TASK_COMPLETE,SUCCESS,INFO,7,7,0,,2026-08-25T19:26:03.177Z,2026-08-25T21:23:56.829Z,7073,2026-08-25T21:23:56.829Z,DM,Des Moines,7eb7a049-5d17-4a23-bb2f-3b9c445afd32,SAMMS-DesMoines
202608252121598470,202608251925573830,202608251925573776,85,2163,Bronze INV,br_InvType,TASK_COMPLETE,SUCCESS,INFO,7,7,0,,2026-08-25T19:26:03.177Z,2026-08-25T21:23:56.829Z,7073,2026-08-25T21:23:56.829Z,DRD-CO,Columbia MO,7eb7a049-5d17-4a23-bb2f-3b9c445afd32,SAMMS-ColumbiaV5
202608252121598472,202608251925573831,202608251925573776,85,2164,Bronze INV,br_InvType,TASK_COMPLETE,SUCCESS,INFO,7,7,0,,2026-08-25T19:26:03.177Z,2026-08-25T21:23:56.829Z,7073,2026-08-25T21:23:56.829Z,DRD-KC,KC,7eb7a049-5d17-4a23-bb2f-3b9c445afd32,SAMMS-KCv5
202608252121598473,202608251925573832,202608251925573776,85,2165,Bronze INV,br_InvType,TASK_COMPLETE,SUCCESS,INFO,8,8,0,,2026-08-25T19:26:03.177Z,2026-08-25T21:23:56.829Z,7073,2026-08-25T21:23:56.829Z,DRD-KVB,KVB,7eb7a049-5d17-4a23-bb2f-3b9c445afd32,SAMMS-KVBv5
202608252121598474,202608251925573833,202608251925573776,85,2166,Bronze INV,br_InvType,TASK_COMPLETE,SUCCESS,INFO,9,9,0,,2026-08-25T19:26:03.177Z,2026-08-25T21:23:56.829Z,7073,2026-08-25T21:23:56.829Z,DRD-KVC,KVC,7eb7a049-5d17-4a23-bb2f-3b9c445afd32,SAMMS-KVCv5
202608252121598475,202608251925573834,202608251925573776,85,2167,Bronze INV,br_InvType,TASK_COMPLETE,SUCCESS,INFO,7,7,0,,2026-08-25T19:26:03.177Z,2026-08-25T21:23:56.829Z,7073,2026-08-25T21:23:56.829Z,DRD-NOLA,NOLA,7eb7a049-5d17-4a23-bb2f-3b9c445afd32,SAMMS-NOLAv5
202608252121598476,202608251925573835,202608251925573776,85,2168,Bronze INV,br_InvType,TASK_COMPLETE,SUCCESS,INFO,7,7,0,,2026-08-25T19:26:03.177Z,2026-08-25T21:23:56.829Z,7073,2026-08-25T21:23:56.829Z,DRD-SF,Springfield,7eb7a049-5d17-4a23-bb2f-3b9c445afd32,SAMMS-SFv5
202608252121598477,202608251925573836,202608251925573776,85,2170,Bronze INV,br_InvType,TASK_COMPLETE,SUCCESS,INFO,7,7,0,,2026-08-25T19:26:03.177Z,2026-08-25T21:23:56.829Z,7073,2026-08-25T21:23:56.829Z,ELC,Elizabeth City,7eb7a049-5d17-4a23-bb2f-3b9c445afd32,SAMMS-ElizabethCity
202608252121598479,202608251925573837,202608251925573776,85,2171,Bronze INV,br_InvType,TASK_COMPLETE,SUCCESS,INFO,7,7,0,,2026-08-25T19:26:03.177Z,2026-08-25T21:23:56.829Z,7073,2026-08-25T21:23:56.829Z,ET,Elizabethtown,7eb7a049-5d17-4a23-bb2f-3b9c445afd32,SAMMS-Elizabethtown
202608252121598480,202608251925573838,202608251925573776,85,2172,Bronze INV,br_InvType,TASK_COMPLETE,SUCCESS,INFO,7,7,0,,2026-08-25T19:26:03.177Z,2026-08-25T21:23:56.829Z,7073,2026-08-25T21:23:56.829Z,FAY,Fayetteville,7eb7a049-5d17-4a23-bb2f-3b9c445afd32,SAMMS-Fayetteville
202608252121598481,202608251925573839,202608251925573776,85,2173,Bronze INV,br_InvType,TASK_COMPLETE,SUCCESS,INFO,7,7,0,,2026-08-25T19:26:03.177Z,2026-08-25T21:23:56.829Z,7073,2026-08-25T21:23:56.829Z,FR,Frankfort,7eb7a049-5d17-4a23-bb2f-3b9c445afd32,SAMMS-Frankfort
202608252121598482,202608251925573840,202608251925573776,85,2174,Bronze INV,br_InvType,TASK_COMPLETE,SUCCESS,INFO,7,7,0,,2026-08-25T19:26:03.177Z,2026-08-25T21:23:56.829Z,7073,2026-08-25T21:23:56.829Z,FS,Fort Smith,7eb7a049-5d17-4a23-bb2f-3b9c445afd32,SAMMS-FortSmith
202608252121598483,202608251925573841,202608251925573776,85,2175,Bronze INV,br_InvType,TASK_COMPLETE,SUCCESS,INFO,7,7,0,,2026-08-25T19:26:03.177Z,2026-08-25T21:23:56.829Z,7073,2026-08-25T21:23:56.829Z,FW,Fort Wayne,7eb7a049-5d17-4a23-bb2f-3b9c445afd32,SAMMS-FortWayne
202608252121598484,202608251925573842,202608251925573776,85,2176,Bronze INV,br_InvType,TASK_COMPLETE,SUCCESS,INFO,7,7,0,,2026-08-25T19:26:03.177Z,2026-08-25T21:23:56.829Z,7073,2026-08-25T21:23:56.829Z,GAL,Gaylord,7eb7a049-5d17-4a23-bb2f-3b9c445afd32,SAMMS-Gaylord
202608252121598485,202608251925573843,202608251925573776,85,2180,Bronze INV,br_InvType,TASK_COMPLETE,SUCCESS,INFO,4,4,0,,2026-08-25T19:26:03.177Z,2026-08-25T21:23:56.829Z,7073,2026-08-25T21:23:56.829Z,HGT,Hagerstown,7eb7a049-5d17-4a23-bb2f-3b9c445afd32,SAMMS-Hagerstown
202608252121598487,202608251925573844,202608251925573776,85,2181,Bronze INV,br_InvType,TASK_COMPLETE,SUCCESS,INFO,5,5,0,,2026-08-25T19:26:03.177Z,2026-08-25T21:23:56.829Z,7073,2026-08-25T21:23:56.829Z,HNT,Huntsville,7eb7a049-5d17-4a23-bb2f-3b9c445afd32,SAMMS-Huntsville
202608252121598488,202608251925573845,202608251925573776,85,2182,Bronze INV,br_InvType,TASK_COMPLETE,SUCCESS,INFO,7,7,0,,2026-08-25T19:26:03.177Z,2026-08-25T21:23:56.829Z,7073,2026-08-25T21:23:56.829Z,HS,Hot Springs,7eb7a049-5d17-4a23-bb2f-3b9c445afd32,SAMMS-HotSprings
202608252121598489,202608251925573846,202608251925573776,85,2183,Bronze INV,br_InvType,TASK_COMPLETE,SUCCESS,INFO,7,7,0,,2026-08-25T19:26:03.177Z,2026-08-25T21:23:56.829Z,7073,2026-08-25T21:23:56.829Z,JON,Jonesboro,7eb7a049-5d17-4a23-bb2f-3b9c445afd32,SAMMS-Jonesboro
202608252121598490,202608251925573847,202608251925573776,85,2185,Bronze INV,br_InvType,TASK_COMPLETE,SUCCESS,INFO,7,7,0,,2026-08-25T19:26:03.177Z,2026-08-25T21:23:56.829Z,7073,2026-08-25T21:23:56.829Z,LAN,Lansing,7eb7a049-5d17-4a23-bb2f-3b9c445afd32,SAMMS-Lansing
202608252121598491,202608251925573848,202608251925573776,85,2186,Bronze INV,br_InvType,TASK_COMPLETE,SUCCESS,INFO,7,7,0,,2026-08-25T19:26:03.177Z,2026-08-25T21:23:56.829Z,7073,2026-08-25T21:23:56.829Z,LO,Louisville,7eb7a049-5d17-4a23-bb2f-3b9c445afd32,SAMMS-Louisville
202608252121598492,202608251925573849,202608251925573776,85,2187,Bronze INV,br_InvType,TASK_COMPLETE,SUCCESS,INFO,7,7,0,,2026-08-25T19:26:03.177Z,2026-08-25T21:23:56.829Z,7073,2026-08-25T21:23:56.829Z,LV1,Cheyenne,7eb7a049-5d17-4a23-bb2f-3b9c445afd32,SAMMS-Cheyenne
202608252121598494,202608251925573850,202608251925573776,85,2188,Bronze INV,br_InvType,TASK_COMPLETE,SUCCESS,INFO,6,6,0,,2026-08-25T19:26:03.177Z,2026-08-25T21:23:56.829Z,7073,2026-08-25T21:23:56.829Z,LV2,Desert Inn,7eb7a049-5d17-4a23-bb2f-3b9c445afd32,SAMMS-DesertInn
202608252121598495,202608251925573851,202608251925573776,85,2189,Bronze INV,br_InvType,TASK_COMPLETE,SUCCESS,INFO,7,7,0,,2026-08-25T19:26:03.177Z,2026-08-25T21:23:56.829Z,7073,2026-08-25T21:23:56.829Z,LV3,McDaniel,7eb7a049-5d17-4a23-bb2f-3b9c445afd32,SAMMS-McDaniel
202608252121598496,202608251925573852,202608251925573776,85,2192,Bronze INV,br_InvType,TASK_COMPLETE,SUCCESS,INFO,7,7,0,,2026-08-25T19:26:03.177Z,2026-08-25T21:23:56.829Z,7073,2026-08-25T21:23:56.829Z,MNRE,Monroe,7eb7a049-5d17-4a23-bb2f-3b9c445afd32,SAMMS-Monroe
202608252121598497,202608251925573853,202608251925573776,85,2193,Bronze INV,br_InvType,TASK_COMPLETE,SUCCESS,INFO,7,7,0,,2026-08-25T19:26:03.177Z,2026-08-25T21:23:56.829Z,7073,2026-08-25T21:23:56.829Z,MP,Mt. Pleasant,7eb7a049-5d17-4a23-bb2f-3b9c445afd32,SAMMS-MtPleasant
202608252121598498,202608251925573854,202608251925573776,85,2194,Bronze INV,br_InvType,TASK_COMPLETE,SUCCESS,INFO,7,7,0,,2026-08-25T19:26:03.177Z,2026-08-25T21:23:56.829Z,7073,2026-08-25T21:23:56.829Z,MRD,Meridian,7eb7a049-5d17-4a23-bb2f-3b9c445afd32,SAMMS-Meridian
202608252121598499,202608251925573855,202608251925573776,85,2199,Bronze INV,br_InvType,TASK_COMPLETE,SUCCESS,INFO,7,7,0,,2026-08-25T19:26:03.177Z,2026-08-25T21:23:56.829Z,7073,2026-08-25T21:23:56.829Z,NC,North Charleston,7eb7a049-5d17-4a23-bb2f-3b9c445afd32,SAMMS-NorthCharleston
202608252121598501,202608251925573856,202608251925573776,85,2200,Bronze INV,br_InvType,TASK_COMPLETE,SUCCESS,INFO,7,7,0,,2026-08-25T19:26:03.177Z,2026-08-25T21:23:56.829Z,7073,2026-08-25T21:23:56.829Z,NLR,N. Little Rock,7eb7a049-5d17-4a23-bb2f-3b9c445afd32,SAMMS-NLROBOT
202608252121598502,202608251925573857,202608251925573776,85,2201,Bronze INV,br_InvType,TASK_COMPLETE,SUCCESS,INFO,6,6,0,,2026-08-25T19:26:03.177Z,2026-08-25T21:23:56.829Z,7073,2026-08-25T21:23:56.829Z,PH,Phoenix,7eb7a049-5d17-4a23-bb2f-3b9c445afd32,SAMMS-Phoenix
202608252121598503,202608251925573858,202608251925573776,85,2205,Bronze INV,br_InvType,TASK_COMPLETE,SUCCESS,INFO,8,8,0,,2026-08-25T19:26:03.177Z,2026-08-25T21:23:56.829Z,7073,2026-08-25T21:23:56.829Z,RE,Reno,7eb7a049-5d17-4a23-bb2f-3b9c445afd32,SAMMS-Reno
202608252121598504,202608251925573859,202608251925573776,85,2206,Bronze INV,br_InvType,TASK_COMPLETE,SUCCESS,INFO,7,7,0,,2026-08-25T19:26:03.177Z,2026-08-25T21:23:56.829Z,7073,2026-08-25T21:23:56.829Z,RMD,Richmond,7eb7a049-5d17-4a23-bb2f-3b9c445afd32,SAMMS-Richmond
202608252121598505,202608251925573860,202608251925573776,85,2207,Bronze INV,br_InvType,TASK_COMPLETE,SUCCESS,INFO,7,7,0,,2026-08-25T19:26:03.177Z,2026-08-25T21:23:56.829Z,7073,2026-08-25T21:23:56.829Z,SFN,Springfield North,7eb7a049-5d17-4a23-bb2f-3b9c445afd32,SAMMS-SFNv5
202608252121598506,202608251925573861,202608251925573776,85,2208,Bronze INV,br_InvType,TASK_COMPLETE,SUCCESS,INFO,7,7,0,,2026-08-25T19:26:03.177Z,2026-08-25T21:23:56.829Z,7073,2026-08-25T21:23:56.829Z,SHP,Shreveport,7eb7a049-5d17-4a23-bb2f-3b9c445afd32,SAMMS-Shreveport
202608252121598507,202608251925573862,202608251925573776,85,2210,Bronze INV,br_InvType,TASK_COMPLETE,SUCCESS,INFO,7,7,0,,2026-08-25T19:26:03.177Z,2026-08-25T21:23:56.829Z,7073,2026-08-25T21:23:56.829Z,STN,Staunton,7eb7a049-5d17-4a23-bb2f-3b9c445afd32,SAMMS-Staunton
202608252121598509,202608251925573863,202608251925573776,85,2211,Bronze INV,br_InvType,TASK_COMPLETE,SUCCESS,INFO,8,8,0,,2026-08-25T19:26:03.177Z,2026-08-25T21:23:56.829Z,7073,2026-08-25T21:23:56.829Z,STVN,Stevenson,7eb7a049-5d17-4a23-bb2f-3b9c445afd32,SAMMS-Stevenson
202608252121598510,202608251925573864,202608251925573776,85,2213,Bronze INV,br_InvType,TASK_COMPLETE,SUCCESS,INFO,7,7,0,,2026-08-25T19:26:03.177Z,2026-08-25T21:23:56.829Z,7073,2026-08-25T21:23:56.829Z,TE,Tempe,7eb7a049-5d17-4a23-bb2f-3b9c445afd32,SAMMS-Tempe
202608252121598511,202608251925573865,202608251925573776,85,2214,Bronze INV,br_InvType,TASK_COMPLETE,SUCCESS,INFO,7,7,0,,2026-08-25T19:26:03.177Z,2026-08-25T21:23:56.829Z,7073,2026-08-25T21:23:56.829Z,TEX,Texarkana,7eb7a049-5d17-4a23-bb2f-3b9c445afd32,SAMMS-Texarkana
202608252121598512,202608251925573866,202608251925573776,85,2215,Bronze INV,br_InvType,TASK_COMPLETE,SUCCESS,INFO,6,6,0,,2026-08-25T19:26:03.177Z,2026-08-25T21:23:56.829Z,7073,2026-08-25T21:23:56.829Z,TTCA,Bessemer,7eb7a049-5d17-4a23-bb2f-3b9c445afd32,SAMMS-BessemerV5
202608252121598513,202608251925573867,202608251925573776,85,2216,Bronze INV,br_InvType,TASK_COMPLETE,SUCCESS,INFO,6,6,0,,2026-08-25T19:26:03.177Z,2026-08-25T21:23:56.829Z,7073,2026-08-25T21:23:56.829Z,TTCB,Cullman,7eb7a049-5d17-4a23-bb2f-3b9c445afd32,SAMMS-CullmanV5
202608252121598514,202608251925573868,202608251925573776,85,2217,Bronze INV,br_InvType,TASK_COMPLETE,SUCCESS,INFO,7,7,0,,2026-08-25T19:26:03.177Z,2026-08-25T21:23:56.829Z,7073,2026-08-25T21:23:56.829Z,TTCC,Grand Bay,7eb7a049-5d17-4a23-bb2f-3b9c445afd32,SAMMS-GrandBay
202608252121598516,202608251925573869,202608251925573776,85,2218,Bronze INV,br_InvType,TASK_COMPLETE,SUCCESS,INFO,7,7,0,,2026-08-25T19:26:03.177Z,2026-08-25T21:23:56.829Z,7073,2026-08-25T21:23:56.829Z,TU,Tucson,7eb7a049-5d17-4a23-bb2f-3b9c445afd32,SAMMS-Tucson
202608252121598517,202608251925573870,202608251925573776,85,2220,Bronze INV,br_InvType,TASK_COMPLETE,SUCCESS,INFO,6,6,0,,2026-08-25T19:26:03.177Z,2026-08-25T21:23:56.829Z,7073,2026-08-25T21:23:56.829Z,V1,Memphis South,7eb7a049-5d17-4a23-bb2f-3b9c445afd32,SAMMS-VCPHCS-I-MemphisV5
202608252121598518,202608251925573871,202608251925573776,85,2221,Bronze INV,br_InvType,TASK_COMPLETE,SUCCESS,INFO,8,8,0,,2026-08-25T19:26:03.177Z,2026-08-25T21:23:56.829Z,7073,2026-08-25T21:23:56.829Z,V10,Longmont,7eb7a049-5d17-4a23-bb2f-3b9c445afd32,SAMMS-BoulderV5
202608252121598519,202608251925573872,202608251925573776,85,2222,Bronze INV,br_InvType,TASK_COMPLETE,SUCCESS,INFO,8,8,0,,2026-08-25T19:26:03.177Z,2026-08-25T21:23:56.829Z,7073,2026-08-25T21:23:56.829Z,V10A,Fort Collins,7eb7a049-5d17-4a23-bb2f-3b9c445afd32,SAMMS-FortCollinsV5
202608252121598520,202608251925573873,202608251925573776,85,2223,Bronze INV,br_InvType,TASK_COMPLETE,SUCCESS,INFO,8,8,0,,2026-08-25T19:26:03.177Z,2026-08-25T21:23:56.829Z,7073,2026-08-25T21:23:56.829Z,V11,Westminster,7eb7a049-5d17-4a23-bb2f-3b9c445afd32,SAMMS-VCPHCS-XI-NorthDenverV5
202608252121598521,202608251925573874,202608251925573776,85,2224,Bronze INV,br_InvType,TASK_COMPLETE,SUCCESS,INFO,7,7,0,,2026-08-25T19:26:03.177Z,2026-08-25T21:23:56.829Z,7073,2026-08-25T21:23:56.829Z,V12,Downtown Denver,7eb7a049-5d17-4a23-bb2f-3b9c445afd32,SAMMS-VCPHCS-XII-DowntownDenverV5
202608252121598523,202608251925573875,202608251925573776,85,2225,Bronze INV,br_InvType,TASK_COMPLETE,SUCCESS,INFO,8,8,0,,2026-08-25T19:26:03.177Z,2026-08-25T21:23:56.829Z,7073,2026-08-25T21:23:56.829Z,V12A,Centennial,7eb7a049-5d17-4a23-bb2f-3b9c445afd32,SAMMS-CentennialV5
202608252121598524,202608251925573876,202608251925573776,85,2226,Bronze INV,br_InvType,TASK_COMPLETE,SUCCESS,INFO,7,7,0,,2026-08-25T19:26:03.177Z,2026-08-25T21:23:56.829Z,7073,2026-08-25T21:23:56.829Z,V14,Overland Park,7eb7a049-5d17-4a23-bb2f-3b9c445afd32,SAMMS-VCPHCS-XIV-BridgewayV5
202608252121598525,202608251925573877,202608251925573776,85,2227,Bronze INV,br_InvType,TASK_COMPLETE,SUCCESS,INFO,5,5,0,,2026-08-25T19:26:03.177Z,2026-08-25T21:23:56.829Z,7073,2026-08-25T21:23:56.829Z,V15,Joplin,7eb7a049-5d17-4a23-bb2f-3b9c445afd32,SAMMS-JoplinV5
202608252121598526,202608251925573878,202608251925573776,85,2229,Bronze INV,br_InvType,TASK_COMPLETE,SUCCESS,INFO,8,8,0,,2026-08-25T19:26:03.177Z,2026-08-25T21:23:56.829Z,7073,2026-08-25T21:23:56.829Z,V17,Columbia TN,7eb7a049-5d17-4a23-bb2f-3b9c445afd32,SAMMS-ColumbiaTNv5
202608252121598527,202608251925573879,202608251925573776,85,2231,Bronze INV,br_InvType,TASK_COMPLETE,SUCCESS,INFO,7,7,0,,2026-08-25T19:26:03.177Z,2026-08-25T21:23:56.829Z,7073,2026-08-25T21:23:56.829Z,V19,Jackson,7eb7a049-5d17-4a23-bb2f-3b9c445afd32,SAMMS-JacksonV5
202608252121598528,202608251925573880,202608251925573776,85,2233,Bronze INV,br_InvType,TASK_COMPLETE,SUCCESS,INFO,7,7,0,,2026-08-25T19:26:03.177Z,2026-08-25T21:23:56.829Z,7073,2026-08-25T21:23:56.829Z,V20,Paris,7eb7a049-5d17-4a23-bb2f-3b9c445afd32,SAMMS-ParisV5
202608232214224285,202608232010368504,202608232010368283,85,2053,Bronze INV,br_Bottle,TASK_COMPLETE,SUCCESS,INFO,67535,67535,0,,2026-08-23T20:10:41.468Z,2026-08-23T22:16:21.732Z,7540,2026-08-23T22:16:21.732Z,V5,West Bank,955211d4-28b8-44a0-8023-2bfaa48d6721,SAMMS-NONTCv5
202608232214224287,202608232010368505,202608232010368283,85,2055,Bronze INV,br_Bottle,TASK_COMPLETE,SUCCESS,INFO,740,740,0,,2026-08-23T20:10:41.468Z,2026-08-23T22:16:21.732Z,7540,2026-08-23T22:16:21.732Z,V5B,Houma,955211d4-28b8-44a0-8023-2bfaa48d6721,SAMMS-HoumaV6
202608232214224288,202608232010368506,202608232010368283,85,2056,Bronze INV,br_Bottle,TASK_COMPLETE,SUCCESS,INFO,39951,39951,0,,2026-08-23T20:10:41.468Z,2026-08-23T22:16:21.732Z,7540,2026-08-23T22:16:21.732Z,V6,Lake Charles,955211d4-28b8-44a0-8023-2bfaa48d6721,SAMMS-LCv5
202608232214224289,202608232010368507,202608232010368283,85,2058,Bronze INV,br_Bottle,TASK_COMPLETE,SUCCESS,INFO,41828,41828,0,,2026-08-23T20:10:41.468Z,2026-08-23T22:16:21.732Z,7540,2026-08-23T22:16:21.732Z,V8,Memphis Midtown,955211d4-28b8-44a0-8023-2bfaa48d6721,SAMMS-VCPHCS-VIII-MemphisV5
202608232214224290,202608232010368508,202608232010368283,85,2059,Bronze INV,br_Bottle,TASK_COMPLETE,SUCCESS,INFO,86805,86805,0,,2026-08-23T20:10:41.468Z,2026-08-23T22:16:21.732Z,7540,2026-08-23T22:16:21.732Z,V9,Nashville,955211d4-28b8-44a0-8023-2bfaa48d6721,SAMMS-NashvilleV5
202608232214224291,202608232010368509,202608232010368283,85,2060,Bronze INV,br_Bottle,TASK_COMPLETE,SUCCESS,INFO,5563,5563,0,,2026-08-23T20:10:41.468Z,2026-08-23T22:16:21.732Z,7540,2026-08-23T22:16:21.732Z,VBRA,Brainerd,955211d4-28b8-44a0-8023-2bfaa48d6721,SAMMS-BrainerdV6
202608232214224293,202608232010368510,202608232010368283,85,2061,Bronze INV,br_Bottle,TASK_COMPLETE,SUCCESS,INFO,12687,12687,0,,2026-08-23T20:10:41.468Z,2026-08-23T22:16:21.732Z,7540,2026-08-23T22:16:21.732Z,VBRP,Brooklyn Park,955211d4-28b8-44a0-8023-2bfaa48d6721,SAMMS-BrooklynParkV6
202608232214224294,202608232010368511,202608232010368283,85,2063,Bronze INV,br_Bottle,TASK_COMPLETE,SUCCESS,INFO,7066,7066,0,,2026-08-23T20:10:41.468Z,2026-08-23T22:16:21.732Z,7540,2026-08-23T22:16:21.732Z,VMIN,Minneapolis,955211d4-28b8-44a0-8023-2bfaa48d6721,SAMMS-MinneapolisV6
202608232214224295,202608232010368512,202608232010368283,85,2064,Bronze INV,br_Bottle,TASK_COMPLETE,SUCCESS,INFO,14830,14830,0,,2026-08-23T20:10:41.468Z,2026-08-23T22:16:21.732Z,7540,2026-08-23T22:16:21.732Z,VWBY,Woodbury,955211d4-28b8-44a0-8023-2bfaa48d6721,SAMMS-WoodburyV6
202608232214224296,202608232010368513,202608232010368283,85,2066,Bronze INV,br_Bottle,TASK_COMPLETE,SUCCESS,INFO,6940,6940,0,,2026-08-23T20:10:41.468Z,2026-08-23T22:16:21.732Z,7540,2026-08-23T22:16:21.732Z,WIL,Wilson,955211d4-28b8-44a0-8023-2bfaa48d6721,SAMMS-Wilson
202608232214224398,202608232010468302,202608232010468283,86,8578,Silver INV,sl_Bottle,TASK_COMPLETE,SUCCESS,INFO,1827557,1827557,0,,2026-08-23T20:10:41.468Z,2026-08-23T22:16:21.732Z,7540,2026-08-23T22:16:21.732Z,,,955211d4-28b8-44a0-8023-2bfaa48d6721,
202608232214224327,202608232010368284,202608232010368283,85,2070,Bronze INV,br_InvType,TASK_COMPLETE,SUCCESS,INFO,7,7,0,,2026-08-23T20:10:41.468Z,2026-08-23T22:16:21.732Z,7540,2026-08-23T22:16:21.732Z,AHK,Ahoskie,955211d4-28b8-44a0-8023-2bfaa48d6721,SAMMS-Ahoskie
202608232214224329,202608232010368285,202608232010368283,85,2071,Bronze INV,br_InvType,TASK_COMPLETE,SUCCESS,INFO,7,7,0,,2026-08-23T20:10:41.468Z,2026-08-23T22:16:21.732Z,7540,2026-08-23T22:16:21.732Z,B12B,Colorado Springs,955211d4-28b8-44a0-8023-2bfaa48d6721,SAMMS-ColoradoSpringsV5
202608232214224330,202608232010368286,202608232010368283,85,2072,Bronze INV,br_InvType,TASK_COMPLETE,SUCCESS,INFO,7,7,0,,2026-08-23T20:10:41.468Z,2026-08-23T22:16:21.732Z,7540,2026-08-23T22:16:21.732Z,B24,Paintsville,955211d4-28b8-44a0-8023-2bfaa48d6721,SAMMS-PaintsvilleV5
202608232214224331,202608232010368287,202608232010368283,85,2073,Bronze INV,br_InvType,TASK_COMPLETE,SUCCESS,INFO,7,7,0,,2026-08-23T20:10:41.468Z,2026-08-23T22:16:21.732Z,7540,2026-08-23T22:16:21.732Z,B25,Pikeville,955211d4-28b8-44a0-8023-2bfaa48d6721,SAMMS-PikevilleV5
202608232214224332,202608232010368288,202608232010368283,85,2074,Bronze INV,br_InvType,TASK_COMPLETE,SUCCESS,INFO,7,7,0,,2026-08-23T20:10:41.468Z,2026-08-23T22:16:21.732Z,7540,2026-08-23T22:16:21.732Z,B26,Hazard,955211d4-28b8-44a0-8023-2bfaa48d6721,SAMMS-HazardV5
202608232214224333,202608232010368289,202608232010368283,85,2075,Bronze INV,br_InvType,TASK_COMPLETE,SUCCESS,INFO,7,7,0,,2026-08-23T20:10:41.468Z,2026-08-23T22:16:21.732Z,7540,2026-08-23T22:16:21.732Z,B27,Savannah,955211d4-28b8-44a0-8023-2bfaa48d6721,SAMMS-SavannahV6
202608232214224334,202608232010368290,202608232010368283,85,2076,Bronze INV,br_InvType,TASK_COMPLETE,SUCCESS,INFO,7,7,0,,2026-08-23T20:10:41.468Z,2026-08-23T22:16:21.732Z,7540,2026-08-23T22:16:21.732Z,B28,West Plains,955211d4-28b8-44a0-8023-2bfaa48d6721,SAMMS-WestPlainesV5
202608232214224336,202608232010368291,202608232010368283,85,2077,Bronze INV,br_InvType,TASK_COMPLETE,SUCCESS,INFO,7,7,0,,2026-08-23T20:10:41.468Z,2026-08-23T22:16:21.732Z,7540,2026-08-23T22:16:21.732Z,B29,Poplar Bluff,955211d4-28b8-44a0-8023-2bfaa48d6721,SAMMS-PoplarBluffV5
202608232214224337,202608232010368292,202608232010368283,85,2078,Bronze INV,br_InvType,TASK_COMPLETE,SUCCESS,INFO,7,7,0,,2026-08-23T20:10:41.468Z,2026-08-23T22:16:21.732Z,7540,2026-08-23T22:16:21.732Z,B30,KC North,955211d4-28b8-44a0-8023-2bfaa48d6721,SAMMS-KCNv5
202608232214224338,202608232010368293,202608232010368283,85,2079,Bronze INV,br_InvType,TASK_COMPLETE,SUCCESS,INFO,7,7,0,,2026-08-23T20:10:41.468Z,2026-08-23T22:16:21.732Z,7540,2026-08-23T22:16:21.732Z,B31,Dyersburg,955211d4-28b8-44a0-8023-2bfaa48d6721,SAMMS-DyersburgV5
202608232214224339,202608232010368294,202608232010368283,85,2081,Bronze INV,br_InvType,TASK_COMPLETE,SUCCESS,INFO,6,6,0,,2026-08-23T20:10:41.468Z,2026-08-23T22:16:21.732Z,7540,2026-08-23T22:16:21.732Z,B33,Paducah,955211d4-28b8-44a0-8023-2bfaa48d6721,SAMMS-Paducah
202608232214224340,202608232010368295,202608232010368283,85,2082,Bronze INV,br_InvType,TASK_COMPLETE,SUCCESS,INFO,6,6,0,,2026-08-23T20:10:41.468Z,2026-08-23T22:16:21.732Z,7540,2026-08-23T22:16:21.732Z,B34,Corbin,955211d4-28b8-44a0-8023-2bfaa48d6721,SAMMS-CorbinV5
202608232214224341,202608232010368296,202608232010368283,85,2083,Bronze INV,br_InvType,TASK_COMPLETE,SUCCESS,INFO,8,8,0,,2026-08-23T20:10:41.468Z,2026-08-23T22:16:21.732Z,7540,2026-08-23T22:16:21.732Z,B35,Lexington,955211d4-28b8-44a0-8023-2bfaa48d6721,SAMMS-LexingtonV5
202608232214224343,202608232010368297,202608232010368283,85,2084,Bronze INV,br_InvType,TASK_COMPLETE,SUCCESS,INFO,8,8,0,,2026-08-23T20:10:41.468Z,2026-08-23T22:16:21.732Z,7540,2026-08-23T22:16:21.732Z,B35A,Berea,955211d4-28b8-44a0-8023-2bfaa48d6721,SAMMS-BereaV5
202608232214224344,202608232010368298,202608232010368283,85,2085,Bronze INV,br_InvType,TASK_COMPLETE,SUCCESS,INFO,5,5,0,,2026-08-23T20:10:41.468Z,2026-08-23T22:16:21.732Z,7540,2026-08-23T22:16:21.732Z,B36,Asheville,955211d4-28b8-44a0-8023-2bfaa48d6721,SAMMS-AshevilleV5
202608232214224345,202608232010368299,202608232010368283,85,2086,Bronze INV,br_InvType,TASK_COMPLETE,SUCCESS,INFO,6,6,0,,2026-08-23T20:10:41.468Z,2026-08-23T22:16:21.732Z,7540,2026-08-23T22:16:21.732Z,B37,Clyde,955211d4-28b8-44a0-8023-2bfaa48d6721,SAMMS-ClydeV5
202608232214224346,202608232010368300,202608232010368283,85,2087,Bronze INV,br_InvType,TASK_COMPLETE,SUCCESS,INFO,7,7,0,,2026-08-23T20:10:41.468Z,2026-08-23T22:16:21.732Z,7540,2026-08-23T22:16:21.732Z,B38,Spartanburg,955211d4-28b8-44a0-8023-2bfaa48d6721,SAMMS-SpartanburgV5
202608232214224347,202608232010368301,202608232010368283,85,2088,Bronze INV,br_InvType,TASK_COMPLETE,SUCCESS,INFO,6,6,0,,2026-08-23T20:10:41.468Z,2026-08-23T22:16:21.732Z,7540,2026-08-23T22:16:21.732Z,B39,Aiken,955211d4-28b8-44a0-8023-2bfaa48d6721,SAMMS-AikenV5
202608232214224348,202608232010368302,202608232010368283,85,2089,Bronze INV,br_InvType,TASK_COMPLETE,SUCCESS,INFO,5,5,0,,2026-08-23T20:10:41.468Z,2026-08-23T22:16:21.732Z,7540,2026-08-23T22:16:21.732Z,B41,Chesapeake,955211d4-28b8-44a0-8023-2bfaa48d6721,SAMMS-ChesapeakeV5
202608232214224350,202608232010368303,202608232010368283,85,2090,Bronze INV,br_InvType,TASK_COMPLETE,SUCCESS,INFO,6,6,0,,2026-08-23T20:10:41.468Z,2026-08-23T22:16:21.732Z,7540,2026-08-23T22:16:21.732Z,B42,Virginia Beach,955211d4-28b8-44a0-8023-2bfaa48d6721,SAMMS-VirginiaBeachV5
202608232214224351,202608232010368304,202608232010368283,85,2091,Bronze INV,br_InvType,TASK_COMPLETE,SUCCESS,INFO,5,5,0,,2026-08-23T20:10:41.468Z,2026-08-23T22:16:21.732Z,7540,2026-08-23T22:16:21.732Z,B42A,Newport News,955211d4-28b8-44a0-8023-2bfaa48d6721,SAMMS-NewportNewsV5
202608232214224352,202608232010368305,202608232010368283,85,2092,Bronze INV,br_InvType,TASK_COMPLETE,SUCCESS,INFO,3,3,0,,2026-08-23T20:10:41.468Z,2026-08-23T22:16:21.732Z,7540,2026-08-23T22:16:21.732Z,B42B,Franklin,955211d4-28b8-44a0-8023-2bfaa48d6721,SAMMS-FranklinV5
202608232214224353,202608232010368306,202608232010368283,85,2093,Bronze INV,br_InvType,TASK_COMPLETE,SUCCESS,INFO,5,5,0,,2026-08-23T20:10:41.468Z,2026-08-23T22:16:21.732Z,7540,2026-08-23T22:16:21.732Z,B42C,Glen Allen,955211d4-28b8-44a0-8023-2bfaa48d6721,SAMMS-GlenAllenV5
202608232214224354,202608232010368307,202608232010368283,85,2094,Bronze INV,br_InvType,TASK_COMPLETE,SUCCESS,INFO,7,7,0,,2026-08-23T20:10:41.468Z,2026-08-23T22:16:21.732Z,7540,2026-08-23T22:16:21.732Z,B42D,Chesapeake South,955211d4-28b8-44a0-8023-2bfaa48d6721,SAMMS-ChesapeakeSouthV5
202608232214224355,202608232010368308,202608232010368283,85,2095,Bronze INV,br_InvType,TASK_COMPLETE,SUCCESS,INFO,5,5,0,,2026-08-23T20:10:41.468Z,2026-08-23T22:16:21.732Z,7540,2026-08-23T22:16:21.732Z,B44,Albany,955211d4-28b8-44a0-8023-2bfaa48d6721,SAMMS-AlbanyV5
202608232214224357,202608232010368309,202608232010368283,85,2096,Bronze INV,br_InvType,TASK_COMPLETE,SUCCESS,INFO,5,5,0,,2026-08-23T20:10:41.468Z,2026-08-23T22:16:21.732Z,7540,2026-08-23T22:16:21.732Z,B45,Tifton,955211d4-28b8-44a0-8023-2bfaa48d6721,SAMMS-TiftonV5
202608232214224358,202608232010368310,202608232010368283,85,2097,Bronze INV,br_InvType,TASK_COMPLETE,SUCCESS,INFO,5,5,0,,2026-08-23T20:10:41.468Z,2026-08-23T22:16:21.732Z,7540,2026-08-23T22:16:21.732Z,B46,Washington DC,955211d4-28b8-44a0-8023-2bfaa48d6721,SAMMS-WashingtonDCv5
202608232214224359,202608232010368311,202608232010368283,85,2098,Bronze INV,br_InvType,TASK_COMPLETE,SUCCESS,INFO,7,7,0,,2026-08-23T20:10:41.468Z,2026-08-23T22:16:21.732Z,7540,2026-08-23T22:16:21.732Z,B47,Mobile,955211d4-28b8-44a0-8023-2bfaa48d6721,SAMMS-MobileV5
202608232214224360,202608232010368312,202608232010368283,85,2099,Bronze INV,br_InvType,TASK_COMPLETE,SUCCESS,INFO,6,6,0,,2026-08-23T20:10:41.468Z,2026-08-23T22:16:21.732Z,7540,2026-08-23T22:16:21.732Z,B48,Tuscaloosa,955211d4-28b8-44a0-8023-2bfaa48d6721,SAMMS-TuscaloosaV5
202608232214224361,202608232010368313,202608232010368283,85,2108,Bronze INV,br_InvType,TASK_COMPLETE,SUCCESS,INFO,7,7,0,,2026-08-23T20:10:41.468Z,2026-08-23T22:16:21.732Z,7540,2026-08-23T22:16:21.732Z,B51,N. Little Rock (OTP),955211d4-28b8-44a0-8023-2bfaa48d6721,SAMMS-NorthLittleRockV6
202608232214224362,202608232010368314,202608232010368283,85,2109,Bronze INV,br_InvType,TASK_COMPLETE,SUCCESS,INFO,5,5,0,,2026-08-23T20:10:41.468Z,2026-08-23T22:16:21.732Z,7540,2026-08-23T22:16:21.732Z,B52,Jackson GA,955211d4-28b8-44a0-8023-2bfaa48d6721,SAMMS-JacksonGAV5
202608232214224363,202608232010368315,202608232010368283,85,2110,Bronze INV,br_InvType,TASK_COMPLETE,SUCCESS,INFO,7,7,0,,2026-08-23T20:10:41.468Z,2026-08-23T22:16:21.732Z,7540,2026-08-23T22:16:21.732Z,B54,Gadsden,955211d4-28b8-44a0-8023-2bfaa48d6721,SAMMS-GadsdenV5
202608232214224365,202608232010368316,202608232010368283,85,2111,Bronze INV,br_InvType,TASK_COMPLETE,SUCCESS,INFO,8,8,0,,2026-08-23T20:10:41.468Z,2026-08-23T22:16:21.732Z,7540,2026-08-23T22:16:21.732Z,B55,Shoals,955211d4-28b8-44a0-8023-2bfaa48d6721,SAMMS-ShoalsV5
202608232214224366,202608232010368317,202608232010368283,85,2112,Bronze INV,br_InvType,TASK_COMPLETE,SUCCESS,INFO,7,7,0,,2026-08-23T20:10:41.468Z,2026-08-23T22:16:21.732Z,7540,2026-08-23T22:16:21.732Z,B57,Pawtucket,955211d4-28b8-44a0-8023-2bfaa48d6721,SAMMS-Pawtucket
202608232214224367,202608232010368318,202608232010368283,85,2113,Bronze INV,br_InvType,TASK_COMPLETE,SUCCESS,INFO,8,8,0,,2026-08-23T20:10:41.468Z,2026-08-23T22:16:21.732Z,7540,2026-08-23T22:16:21.732Z,B57A,Johnston,955211d4-28b8-44a0-8023-2bfaa48d6721,SAMMS-Johnston
202608232214224368,202608232010368319,202608232010368283,85,2114,Bronze INV,br_InvType,TASK_COMPLETE,SUCCESS,INFO,7,7,0,,2026-08-23T20:10:41.468Z,2026-08-23T22:16:21.732Z,7540,2026-08-23T22:16:21.732Z,B57B,Middletown,955211d4-28b8-44a0-8023-2bfaa48d6721,SAMMS-Middletown
202608232214224369,202608232010368320,202608232010368283,85,2115,Bronze INV,br_InvType,TASK_COMPLETE,SUCCESS,INFO,7,7,0,,2026-08-23T20:10:41.468Z,2026-08-23T22:16:21.732Z,7540,2026-08-23T22:16:21.732Z,B57C,Providence,955211d4-28b8-44a0-8023-2bfaa48d6721,SAMMS-Providence
202608232214224370,202608232010368321,202608232010368283,85,2116,Bronze INV,br_InvType,TASK_COMPLETE,SUCCESS,INFO,7,7,0,,2026-08-23T20:10:41.468Z,2026-08-23T22:16:21.732Z,7540,2026-08-23T22:16:21.732Z,B57D,Westerly,955211d4-28b8-44a0-8023-2bfaa48d6721,SAMMS-Westerly
202608232214224372,202608232010368322,202608232010368283,85,2120,Bronze INV,br_InvType,TASK_COMPLETE,SUCCESS,INFO,0,0,0,,2026-08-23T20:10:41.468Z,2026-08-23T22:16:21.732Z,7540,2026-08-23T22:16:21.732Z,B66A,Bremen,955211d4-28b8-44a0-8023-2bfaa48d6721,SAMMS-Bremen
202608232214224373,202608232010368323,202608232010368283,85,2123,Bronze INV,br_InvType,TASK_COMPLETE,SUCCESS,INFO,0,0,0,,2026-08-23T20:10:41.468Z,2026-08-23T22:16:21.732Z,7540,2026-08-23T22:16:21.732Z,B72,Mobile (OBOT),955211d4-28b8-44a0-8023-2bfaa48d6721,SAMMS-Mobile-OBOT
202608232214224374,202608232010368324,202608232010368283,85,2124,Bronze INV,br_InvType,TASK_COMPLETE,SUCCESS,INFO,0,0,0,,2026-08-23T20:10:41.468Z,2026-08-23T22:16:21.732Z,7540,2026-08-23T22:16:21.732Z,B73,Montgomery,955211d4-28b8-44a0-8023-2bfaa48d6721,SAMMS-Montgomery
202608232214224375,202608232010368325,202608232010368283,85,2125,Bronze INV,br_InvType,TASK_COMPLETE,SUCCESS,INFO,7,7,0,,2026-08-23T20:10:41.468Z,2026-08-23T22:16:21.732Z,7540,2026-08-23T22:16:21.732Z,B75,Lawrence,955211d4-28b8-44a0-8023-2bfaa48d6721,SAMMS-LawrenceV6
202608232214224376,202608232010368326,202608232010368283,85,2126,Bronze INV,br_InvType,TASK_COMPLETE,SUCCESS,INFO,0,0,0,,2026-08-23T20:10:41.468Z,2026-08-23T22:16:21.732Z,7540,2026-08-23T22:16:21.732Z,B76,Huntsville OBOT,955211d4-28b8-44a0-8023-2bfaa48d6721,SAMMS-Huntsville-OBOT
202608232214224377,202608232010368327,202608232010368283,85,2127,Bronze INV,br_InvType,TASK_COMPLETE,SUCCESS,INFO,7,7,0,,2026-08-23T20:10:41.468Z,2026-08-23T22:16:21.732Z,7540,2026-08-23T22:16:21.732Z,BAT,Batesville,955211d4-28b8-44a0-8023-2bfaa48d6721,SAMMS-Batesville
202608232214224379,202608232010368328,202608232010368283,85,2128,Bronze INV,br_InvType,TASK_COMPLETE,SUCCESS,INFO,7,7,0,,2026-08-23T20:10:41.468Z,2026-08-23T22:16:21.732Z,7540,2026-08-23T22:16:21.732Z,BG,Bowling Green,955211d4-28b8-44a0-8023-2bfaa48d6721,SAMMS-BowlingGreen
202608232214224380,202608232010368329,202608232010368283,85,2129,Bronze INV,br_InvType,TASK_COMPLETE,SUCCESS,INFO,7,7,0,,2026-08-23T20:10:41.468Z,2026-08-23T22:16:21.732Z,7540,2026-08-23T22:16:21.732Z,BOI,Boise,955211d4-28b8-44a0-8023-2bfaa48d6721,SAMMS-Boise
202608232214224381,202608232010368330,202608232010368283,85,2136,Bronze INV,br_InvType,TASK_COMPLETE,SUCCESS,INFO,7,7,0,,2026-08-23T20:10:41.468Z,2026-08-23T22:16:21.732Z,7540,2026-08-23T22:16:21.732Z,CBCO,Coeur dAlene,955211d4-28b8-44a0-8023-2bfaa48d6721,SAMMS-CoeurdAleneV6
202608232214224382,202608232010368331,202608232010368283,85,2155,Bronze INV,br_InvType,TASK_COMPLETE,SUCCESS,INFO,7,7,0,,2026-08-23T20:10:41.468Z,2026-08-23T22:16:21.732Z,7540,2026-08-23T22:16:21.732Z,CON,Conway,955211d4-28b8-44a0-8023-2bfaa48d6721,SAMMS-Conway
202608232214224383,202608232010368332,202608232010368283,85,2156,Bronze INV,br_InvType,TASK_COMPLETE,SUCCESS,INFO,7,7,0,,2026-08-23T20:10:41.468Z,2026-08-23T22:16:21.732Z,7540,2026-08-23T22:16:21.732Z,D07,Medical Services Knox TN,955211d4-28b8-44a0-8023-2bfaa48d6721,SAMMS-KnoxvilleV6
202608232214224384,202608232010368333,202608232010368283,85,2157,Bronze INV,br_InvType,TASK_COMPLETE,SUCCESS,INFO,7,7,0,,2026-08-23T20:10:41.468Z,2026-08-23T22:16:21.732Z,7540,2026-08-23T22:16:21.732Z,D08,Madison,955211d4-28b8-44a0-8023-2bfaa48d6721,SAMMS-MadisonV6
202608232214224386,202608232010368334,202608232010368283,85,2159,Bronze INV,br_InvType,TASK_COMPLETE,SUCCESS,INFO,7,7,0,,2026-08-23T20:10:41.468Z,2026-08-23T22:16:21.732Z,7540,2026-08-23T22:16:21.732Z,D09,Murfreesboro,955211d4-28b8-44a0-8023-2bfaa48d6721,SAMMS-MurfreesboroV6
202608232214224387,202608232010368335,202608232010368283,85,2160,Bronze INV,br_InvType,TASK_COMPLETE,SUCCESS,INFO,7,7,0,,2026-08-23T20:10:41.468Z,2026-08-23T22:16:21.732Z,7540,2026-08-23T22:16:21.732Z,DA,Davenport,955211d4-28b8-44a0-8023-2bfaa48d6721,SAMMS-Davenport
202608232214224388,202608232010368336,202608232010368283,85,2161,Bronze INV,br_InvType,TASK_COMPLETE,SUCCESS,INFO,7,7,0,,2026-08-23T20:10:41.468Z,2026-08-23T22:16:21.732Z,7540,2026-08-23T22:16:21.732Z,DM,Des Moines,955211d4-28b8-44a0-8023-2bfaa48d6721,SAMMS-DesMoines
202608232214224389,202608232010368337,202608232010368283,85,2163,Bronze INV,br_InvType,TASK_COMPLETE,SUCCESS,INFO,7,7,0,,2026-08-23T20:10:41.468Z,2026-08-23T22:16:21.732Z,7540,2026-08-23T22:16:21.732Z,DRD-CO,Columbia MO,955211d4-28b8-44a0-8023-2bfaa48d6721,SAMMS-ColumbiaV5
202608232214224390,202608232010368338,202608232010368283,85,2164,Bronze INV,br_InvType,TASK_COMPLETE,SUCCESS,INFO,7,7,0,,2026-08-23T20:10:41.468Z,2026-08-23T22:16:21.732Z,7540,2026-08-23T22:16:21.732Z,DRD-KC,KC,955211d4-28b8-44a0-8023-2bfaa48d6721,SAMMS-KCv5
202608232214224391,202608232010368339,202608232010368283,85,2165,Bronze INV,br_InvType,TASK_COMPLETE,SUCCESS,INFO,8,8,0,,2026-08-23T20:10:41.468Z,2026-08-23T22:16:21.732Z,7540,2026-08-23T22:16:21.732Z,DRD-KVB,KVB,955211d4-28b8-44a0-8023-2bfaa48d6721,SAMMS-KVBv5
202608232214224392,202608232010368340,202608232010368283,85,2166,Bronze INV,br_InvType,TASK_COMPLETE,SUCCESS,INFO,9,9,0,,2026-08-23T20:10:41.468Z,2026-08-23T22:16:21.732Z,7540,2026-08-23T22:16:21.732Z,DRD-KVC,KVC,955211d4-28b8-44a0-8023-2bfaa48d6721,SAMMS-KVCv5
202608232214224394,202608232010368341,202608232010368283,85,2167,Bronze INV,br_InvType,TASK_COMPLETE,SUCCESS,INFO,7,7,0,,2026-08-23T20:10:41.468Z,2026-08-23T22:16:21.732Z,7540,2026-08-23T22:16:21.732Z,DRD-NOLA,NOLA,955211d4-28b8-44a0-8023-2bfaa48d6721,SAMMS-NOLAv5
202608232214224395,202608232010368342,202608232010368283,85,2168,Bronze INV,br_InvType,TASK_COMPLETE,SUCCESS,INFO,7,7,0,,2026-08-23T20:10:41.468Z,2026-08-23T22:16:21.732Z,7540,2026-08-23T22:16:21.732Z,DRD-SF,Springfield,955211d4-28b8-44a0-8023-2bfaa48d6721,SAMMS-SFv5
202608232214224396,202608232010368343,202608232010368283,85,2170,Bronze INV,br_InvType,TASK_COMPLETE,SUCCESS,INFO,7,7,0,,2026-08-23T20:10:41.468Z,2026-08-23T22:16:21.732Z,7540,2026-08-23T22:16:21.732Z,ELC,Elizabeth City,955211d4-28b8-44a0-8023-2bfaa48d6721,SAMMS-ElizabethCity
202608232214224397,202608232010368344,202608232010368283,85,2171,Bronze INV,br_InvType,TASK_COMPLETE,SUCCESS,INFO,7,7,0,,2026-08-23T20:10:41.468Z,2026-08-23T22:16:21.732Z,7540,2026-08-23T22:16:21.732Z,ET,Elizabethtown,955211d4-28b8-44a0-8023-2bfaa48d6721,SAMMS-Elizabethtown
202608232214224398,202608232010368345,202608232010368283,85,2172,Bronze INV,br_InvType,TASK_COMPLETE,SUCCESS,INFO,7,7,0,,2026-08-23T20:10:41.468Z,2026-08-23T22:16:21.732Z,7540,2026-08-23T22:16:21.732Z,FAY,Fayetteville,955211d4-28b8-44a0-8023-2bfaa48d6721,SAMMS-Fayetteville
202608232214224399,202608232010368346,202608232010368283,85,2173,Bronze INV,br_InvType,TASK_COMPLETE,SUCCESS,INFO,7,7,0,,2026-08-23T20:10:41.468Z,2026-08-23T22:16:21.732Z,7540,2026-08-23T22:16:21.732Z,FR,Frankfort,955211d4-28b8-44a0-8023-2bfaa48d6721,SAMMS-Frankfort
202608232214224401,202608232010368347,202608232010368283,85,2174,Bronze INV,br_InvType,TASK_COMPLETE,SUCCESS,INFO,7,7,0,,2026-08-23T20:10:41.468Z,2026-08-23T22:16:21.732Z,7540,2026-08-23T22:16:21.732Z,FS,Fort Smith,955211d4-28b8-44a0-8023-2bfaa48d6721,SAMMS-FortSmith
202608232214224402,202608232010368348,202608232010368283,85,2175,Bronze INV,br_InvType,TASK_COMPLETE,SUCCESS,INFO,7,7,0,,2026-08-23T20:10:41.468Z,2026-08-23T22:16:21.732Z,7540,2026-08-23T22:16:21.732Z,FW,Fort Wayne,955211d4-28b8-44a0-8023-2bfaa48d6721,SAMMS-FortWayne
202608232214224403,202608232010368349,202608232010368283,85,2176,Bronze INV,br_InvType,TASK_COMPLETE,SUCCESS,INFO,7,7,0,,2026-08-23T20:10:41.468Z,2026-08-23T22:16:21.732Z,7540,2026-08-23T22:16:21.732Z,GAL,Gaylord,955211d4-28b8-44a0-8023-2bfaa48d6721,SAMMS-Gaylord
202608232214224404,202608232010368350,202608232010368283,85,2180,Bronze INV,br_InvType,TASK_COMPLETE,SUCCESS,INFO,4,4,0,,2026-08-23T20:10:41.468Z,2026-08-23T22:16:21.732Z,7540,2026-08-23T22:16:21.732Z,HGT,Hagerstown,955211d4-28b8-44a0-8023-2bfaa48d6721,SAMMS-Hagerstown
202608232214224405,202608232010368351,202608232010368283,85,2181,Bronze INV,br_InvType,TASK_COMPLETE,SUCCESS,INFO,5,5,0,,2026-08-23T20:10:41.468Z,2026-08-23T22:16:21.732Z,7540,2026-08-23T22:16:21.732Z,HNT,Huntsville,955211d4-28b8-44a0-8023-2bfaa48d6721,SAMMS-Huntsville
202608232214224406,202608232010368352,202608232010368283,85,2182,Bronze INV,br_InvType,TASK_COMPLETE,SUCCESS,INFO,7,7,0,,2026-08-23T20:10:41.468Z,2026-08-23T22:16:21.732Z,7540,2026-08-23T22:16:21.732Z,HS,Hot Springs,955211d4-28b8-44a0-8023-2bfaa48d6721,SAMMS-HotSprings
202608232214224408,202608232010368353,202608232010368283,85,2183,Bronze INV,br_InvType,TASK_COMPLETE,SUCCESS,INFO,7,7,0,,2026-08-23T20:10:41.468Z,2026-08-23T22:16:21.732Z,7540,2026-08-23T22:16:21.732Z,JON,Jonesboro,955211d4-28b8-44a0-8023-2bfaa48d6721,SAMMS-Jonesboro
202608232214224409,202608232010368354,202608232010368283,85,2185,Bronze INV,br_InvType,TASK_COMPLETE,SUCCESS,INFO,7,7,0,,2026-08-23T20:10:41.468Z,2026-08-23T22:16:21.732Z,7540,2026-08-23T22:16:21.732Z,LAN,Lansing,955211d4-28b8-44a0-8023-2bfaa48d6721,SAMMS-Lansing
202608232214224410,202608232010368355,202608232010368283,85,2186,Bronze INV,br_InvType,TASK_COMPLETE,SUCCESS,INFO,7,7,0,,2026-08-23T20:10:41.468Z,2026-08-23T22:16:21.732Z,7540,2026-08-23T22:16:21.732Z,LO,Louisville,955211d4-28b8-44a0-8023-2bfaa48d6721,SAMMS-Louisville
202608232214224411,202608232010368356,202608232010368283,85,2187,Bronze INV,br_InvType,TASK_COMPLETE,SUCCESS,INFO,7,7,0,,2026-08-23T20:10:41.468Z,2026-08-23T22:16:21.732Z,7540,2026-08-23T22:16:21.732Z,LV1,Cheyenne,955211d4-28b8-44a0-8023-2bfaa48d6721,SAMMS-Cheyenne
202608232214224412,202608232010368357,202608232010368283,85,2188,Bronze INV,br_InvType,TASK_COMPLETE,SUCCESS,INFO,6,6,0,,2026-08-23T20:10:41.468Z,2026-08-23T22:16:21.732Z,7540,2026-08-23T22:16:21.732Z,LV2,Desert Inn,955211d4-28b8-44a0-8023-2bfaa48d6721,SAMMS-DesertInn
202608232214224413,202608232010368358,202608232010368283,85,2189,Bronze INV,br_InvType,TASK_COMPLETE,SUCCESS,INFO,7,7,0,,2026-08-23T20:10:41.468Z,2026-08-23T22:16:21.732Z,7540,2026-08-23T22:16:21.732Z,LV3,McDaniel,955211d4-28b8-44a0-8023-2bfaa48d6721,SAMMS-McDaniel
202608232214224414,202608232010368359,202608232010368283,85,2192,Bronze INV,br_InvType,TASK_COMPLETE,SUCCESS,INFO,7,7,0,,2026-08-23T20:10:41.468Z,2026-08-23T22:16:21.732Z,7540,2026-08-23T22:16:21.732Z,MNRE,Monroe,955211d4-28b8-44a0-8023-2bfaa48d6721,SAMMS-Monroe
202608232214224416,202608232010368360,202608232010368283,85,2193,Bronze INV,br_InvType,TASK_COMPLETE,SUCCESS,INFO,7,7,0,,2026-08-23T20:10:41.468Z,2026-08-23T22:16:21.732Z,7540,2026-08-23T22:16:21.732Z,MP,Mt. Pleasant,955211d4-28b8-44a0-8023-2bfaa48d6721,SAMMS-MtPleasant
202608232214224417,202608232010368361,202608232010368283,85,2194,Bronze INV,br_InvType,TASK_COMPLETE,SUCCESS,INFO,7,7,0,,2026-08-23T20:10:41.468Z,2026-08-23T22:16:21.732Z,7540,2026-08-23T22:16:21.732Z,MRD,Meridian,955211d4-28b8-44a0-8023-2bfaa48d6721,SAMMS-Meridian
202608232214224418,202608232010368362,202608232010368283,85,2199,Bronze INV,br_InvType,TASK_COMPLETE,SUCCESS,INFO,7,7,0,,2026-08-23T20:10:41.468Z,2026-08-23T22:16:21.732Z,7540,2026-08-23T22:16:21.732Z,NC,North Charleston,955211d4-28b8-44a0-8023-2bfaa48d6721,SAMMS-NorthCharleston
202608232214224419,202608232010368363,202608232010368283,85,2200,Bronze INV,br_InvType,TASK_COMPLETE,SUCCESS,INFO,7,7,0,,2026-08-23T20:10:41.468Z,2026-08-23T22:16:21.732Z,7540,2026-08-23T22:16:21.732Z,NLR,N. Little Rock,955211d4-28b8-44a0-8023-2bfaa48d6721,SAMMS-NLROBOT
202608232214224420,202608232010368364,202608232010368283,85,2201,Bronze INV,br_InvType,TASK_COMPLETE,SUCCESS,INFO,6,6,0,,2026-08-23T20:10:41.468Z,2026-08-23T22:16:21.732Z,7540,2026-08-23T22:16:21.732Z,PH,Phoenix,955211d4-28b8-44a0-8023-2bfaa48d6721,SAMMS-Phoenix
202608232214224421,202608232010368365,202608232010368283,85,2205,Bronze INV,br_InvType,TASK_COMPLETE,SUCCESS,INFO,8,8,0,,2026-08-23T20:10:41.468Z,2026-08-23T22:16:21.732Z,7540,2026-08-23T22:16:21.732Z,RE,Reno,955211d4-28b8-44a0-8023-2bfaa48d6721,SAMMS-Reno
202608232214224423,202608232010368366,202608232010368283,85,2206,Bronze INV,br_InvType,TASK_COMPLETE,SUCCESS,INFO,7,7,0,,2026-08-23T20:10:41.468Z,2026-08-23T22:16:21.732Z,7540,2026-08-23T22:16:21.732Z,RMD,Richmond,955211d4-28b8-44a0-8023-2bfaa48d6721,SAMMS-Richmond
202608232214224424,202608232010368367,202608232010368283,85,2207,Bronze INV,br_InvType,TASK_COMPLETE,SUCCESS,INFO,7,7,0,,2026-08-23T20:10:41.468Z,2026-08-23T22:16:21.732Z,7540,2026-08-23T22:16:21.732Z,SFN,Springfield North,955211d4-28b8-44a0-8023-2bfaa48d6721,SAMMS-SFNv5
202608232214224425,202608232010368368,202608232010368283,85,2208,Bronze INV,br_InvType,TASK_COMPLETE,SUCCESS,INFO,7,7,0,,2026-08-23T20:10:41.468Z,2026-08-23T22:16:21.732Z,7540,2026-08-23T22:16:21.732Z,SHP,Shreveport,955211d4-28b8-44a0-8023-2bfaa48d6721,SAMMS-Shreveport
202608232214224426,202608232010368369,202608232010368283,85,2210,Bronze INV,br_InvType,TASK_COMPLETE,SUCCESS,INFO,7,7,0,,2026-08-23T20:10:41.468Z,2026-08-23T22:16:21.732Z,7540,2026-08-23T22:16:21.732Z,STN,Staunton,955211d4-28b8-44a0-8023-2bfaa48d6721,SAMMS-Staunton
202608232214224428,202608232010368370,202608232010368283,85,2211,Bronze INV,br_InvType,TASK_COMPLETE,SUCCESS,INFO,8,8,0,,2026-08-23T20:10:41.468Z,2026-08-23T22:16:21.732Z,7540,2026-08-23T22:16:21.732Z,STVN,Stevenson,955211d4-28b8-44a0-8023-2bfaa48d6721,SAMMS-Stevenson
202608232214224429,202608232010368371,202608232010368283,85,2213,Bronze INV,br_InvType,TASK_COMPLETE,SUCCESS,INFO,7,7,0,,2026-08-23T20:10:41.468Z,2026-08-23T22:16:21.732Z,7540,2026-08-23T22:16:21.732Z,TE,Tempe,955211d4-28b8-44a0-8023-2bfaa48d6721,SAMMS-Tempe
202608232214224430,202608232010368372,202608232010368283,85,2214,Bronze INV,br_InvType,TASK_COMPLETE,SUCCESS,INFO,7,7,0,,2026-08-23T20:10:41.468Z,2026-08-23T22:16:21.732Z,7540,2026-08-23T22:16:21.732Z,TEX,Texarkana,955211d4-28b8-44a0-8023-2bfaa48d6721,SAMMS-Texarkana
202608232214224431,202608232010368373,202608232010368283,85,2215,Bronze INV,br_InvType,TASK_COMPLETE,SUCCESS,INFO,6,6,0,,2026-08-23T20:10:41.468Z,2026-08-23T22:16:21.732Z,7540,2026-08-23T22:16:21.732Z,TTCA,Bessemer,955211d4-28b8-44a0-8023-2bfaa48d6721,SAMMS-BessemerV5
202608232214224432,202608232010368374,202608232010368283,85,2216,Bronze INV,br_InvType,TASK_COMPLETE,SUCCESS,INFO,6,6,0,,2026-08-23T20:10:41.468Z,2026-08-23T22:16:21.732Z,7540,2026-08-23T22:16:21.732Z,TTCB,Cullman,955211d4-28b8-44a0-8023-2bfaa48d6721,SAMMS-CullmanV5
202608232214224433,202608232010368375,202608232010368283,85,2217,Bronze INV,br_InvType,TASK_COMPLETE,SUCCESS,INFO,7,7,0,,2026-08-23T20:10:41.468Z,2026-08-23T22:16:21.732Z,7540,2026-08-23T22:16:21.732Z,TTCC,Grand Bay,955211d4-28b8-44a0-8023-2bfaa48d6721,SAMMS-GrandBay
202608232214224434,202608232010368376,202608232010368283,85,2218,Bronze INV,br_InvType,TASK_COMPLETE,SUCCESS,INFO,7,7,0,,2026-08-23T20:10:41.468Z,2026-08-23T22:16:21.732Z,7540,2026-08-23T22:16:21.732Z,TU,Tucson,955211d4-28b8-44a0-8023-2bfaa48d6721,SAMMS-Tucson
202608232214224436,202608232010368377,202608232010368283,85,2220,Bronze INV,br_InvType,TASK_COMPLETE,SUCCESS,INFO,6,6,0,,2026-08-23T20:10:41.468Z,2026-08-23T22:16:21.732Z,7540,2026-08-23T22:16:21.732Z,V1,Memphis South,955211d4-28b8-44a0-8023-2bfaa48d6721,SAMMS-VCPHCS-I-MemphisV5
202608232214224437,202608232010368378,202608232010368283,85,2221,Bronze INV,br_InvType,TASK_COMPLETE,SUCCESS,INFO,8,8,0,,2026-08-23T20:10:41.468Z,2026-08-23T22:16:21.732Z,7540,2026-08-23T22:16:21.732Z,V10,Longmont,955211d4-28b8-44a0-8023-2bfaa48d6721,SAMMS-BoulderV5
202608232214224438,202608232010368379,202608232010368283,85,2222,Bronze INV,br_InvType,TASK_COMPLETE,SUCCESS,INFO,8,8,0,,2026-08-23T20:10:41.468Z,2026-08-23T22:16:21.732Z,7540,2026-08-23T22:16:21.732Z,V10A,Fort Collins,955211d4-28b8-44a0-8023-2bfaa48d6721,SAMMS-FortCollinsV5
202608232214224439,202608232010368380,202608232010368283,85,2223,Bronze INV,br_InvType,TASK_COMPLETE,SUCCESS,INFO,8,8,0,,2026-08-23T20:10:41.468Z,2026-08-23T22:16:21.732Z,7540,2026-08-23T22:16:21.732Z,V11,Westminster,955211d4-28b8-44a0-8023-2bfaa48d6721,SAMMS-VCPHCS-XI-NorthDenverV5
202608232214224440,202608232010368381,202608232010368283,85,2224,Bronze INV,br_InvType,TASK_COMPLETE,SUCCESS,INFO,7,7,0,,2026-08-23T20:10:41.468Z,2026-08-23T22:16:21.732Z,7540,2026-08-23T22:16:21.732Z,V12,Downtown Denver,955211d4-28b8-44a0-8023-2bfaa48d6721,SAMMS-VCPHCS-XII-DowntownDenverV5
202608232214224441,202608232010368382,202608232010368283,85,2225,Bronze INV,br_InvType,TASK_COMPLETE,SUCCESS,INFO,8,8,0,,2026-08-23T20:10:41.468Z,2026-08-23T22:16:21.732Z,7540,2026-08-23T22:16:21.732Z,V12A,Centennial,955211d4-28b8-44a0-8023-2bfaa48d6721,SAMMS-CentennialV5
202608232214224443,202608232010368383,202608232010368283,85,2226,Bronze INV,br_InvType,TASK_COMPLETE,SUCCESS,INFO,7,7,0,,2026-08-23T20:10:41.468Z,2026-08-23T22:16:21.732Z,7540,2026-08-23T22:16:21.732Z,V14,Overland Park,955211d4-28b8-44a0-8023-2bfaa48d6721,SAMMS-VCPHCS-XIV-BridgewayV5
202608232214224444,202608232010368384,202608232010368283,85,2227,Bronze INV,br_InvType,TASK_COMPLETE,SUCCESS,INFO,5,5,0,,2026-08-23T20:10:41.468Z,2026-08-23T22:16:21.732Z,7540,2026-08-23T22:16:21.732Z,V15,Joplin,955211d4-28b8-44a0-8023-2bfaa48d6721,SAMMS-JoplinV5
202608232214224445,202608232010368385,202608232010368283,85,2229,Bronze INV,br_InvType,TASK_COMPLETE,SUCCESS,INFO,8,8,0,,2026-08-23T20:10:41.468Z,2026-08-23T22:16:21.732Z,7540,2026-08-23T22:16:21.732Z,V17,Columbia TN,955211d4-28b8-44a0-8023-2bfaa48d6721,SAMMS-ColumbiaTNv5
202608232214224446,202608232010368386,202608232010368283,85,2231,Bronze INV,br_InvType,TASK_COMPLETE,SUCCESS,INFO,7,7,0,,2026-08-23T20:10:41.468Z,2026-08-23T22:16:21.732Z,7540,2026-08-23T22:16:21.732Z,V19,Jackson,955211d4-28b8-44a0-8023-2bfaa48d6721,SAMMS-JacksonV5
202608232214224447,202608232010368387,202608232010368283,85,2233,Bronze INV,br_InvType,TASK_COMPLETE,SUCCESS,INFO,7,7,0,,2026-08-23T20:10:41.468Z,2026-08-23T22:16:21.732Z,7540,2026-08-23T22:16:21.732Z,V20,Paris,955211d4-28b8-44a0-8023-2bfaa48d6721,SAMMS-ParisV5
202608262209457900,202608261955298503,202608261955298282,85,2053,Bronze INV,br_Bottle,TASK_COMPLETE,SUCCESS,INFO,67535,67535,0,,2026-08-26T19:55:35.047Z,2026-08-26T22:11:39.517Z,8164,2026-08-26T22:11:39.517Z,V5,West Bank,20846baf-2fe5-403c-85d4-31520e88a3ce,SAMMS-NONTCv5
202608262209457901,202608261955298504,202608261955298282,85,2055,Bronze INV,br_Bottle,TASK_COMPLETE,SUCCESS,INFO,740,740,0,,2026-08-26T19:55:35.047Z,2026-08-26T22:11:39.517Z,8164,2026-08-26T22:11:39.517Z,V5B,Houma,20846baf-2fe5-403c-85d4-31520e88a3ce,SAMMS-HoumaV6
202608262209457902,202608261955298505,202608261955298282,85,2056,Bronze INV,br_Bottle,TASK_COMPLETE,SUCCESS,INFO,39951,39951,0,,2026-08-26T19:55:35.047Z,2026-08-26T22:11:39.517Z,8164,2026-08-26T22:11:39.517Z,V6,Lake Charles,20846baf-2fe5-403c-85d4-31520e88a3ce,SAMMS-LCv5
202608262209457903,202608261955298506,202608261955298282,85,2058,Bronze INV,br_Bottle,TASK_COMPLETE,SUCCESS,INFO,41828,41828,0,,2026-08-26T19:55:35.047Z,2026-08-26T22:11:39.517Z,8164,2026-08-26T22:11:39.517Z,V8,Memphis Midtown,20846baf-2fe5-403c-85d4-31520e88a3ce,SAMMS-VCPHCS-VIII-MemphisV5
202608262209457905,202608261955298507,202608261955298282,85,2059,Bronze INV,br_Bottle,TASK_COMPLETE,SUCCESS,INFO,86805,86805,0,,2026-08-26T19:55:35.047Z,2026-08-26T22:11:39.517Z,8164,2026-08-26T22:11:39.517Z,V9,Nashville,20846baf-2fe5-403c-85d4-31520e88a3ce,SAMMS-NashvilleV5
202608262209457906,202608261955298508,202608261955298282,85,2060,Bronze INV,br_Bottle,TASK_COMPLETE,SUCCESS,INFO,5563,5563,0,,2026-08-26T19:55:35.047Z,2026-08-26T22:11:39.517Z,8164,2026-08-26T22:11:39.517Z,VBRA,Brainerd,20846baf-2fe5-403c-85d4-31520e88a3ce,SAMMS-BrainerdV6
202608262209457907,202608261955298509,202608261955298282,85,2061,Bronze INV,br_Bottle,TASK_COMPLETE,SUCCESS,INFO,12687,12687,0,,2026-08-26T19:55:35.047Z,2026-08-26T22:11:39.517Z,8164,2026-08-26T22:11:39.517Z,VBRP,Brooklyn Park,20846baf-2fe5-403c-85d4-31520e88a3ce,SAMMS-BrooklynParkV6
202608262209457908,202608261955298510,202608261955298282,85,2063,Bronze INV,br_Bottle,TASK_COMPLETE,SUCCESS,INFO,7146,7146,0,,2026-08-26T19:55:35.047Z,2026-08-26T22:11:39.517Z,8164,2026-08-26T22:11:39.517Z,VMIN,Minneapolis,20846baf-2fe5-403c-85d4-31520e88a3ce,SAMMS-MinneapolisV6
202608262209457909,202608261955298511,202608261955298282,85,2064,Bronze INV,br_Bottle,TASK_COMPLETE,SUCCESS,INFO,14990,14990,0,,2026-08-26T19:55:35.047Z,2026-08-26T22:11:39.517Z,8164,2026-08-26T22:11:39.517Z,VWBY,Woodbury,20846baf-2fe5-403c-85d4-31520e88a3ce,SAMMS-WoodburyV6
202608262209457910,202608261955298512,202608261955298282,85,2066,Bronze INV,br_Bottle,TASK_COMPLETE,SUCCESS,INFO,6940,6940,0,,2026-08-26T19:55:35.047Z,2026-08-26T22:11:39.517Z,8164,2026-08-26T22:11:39.517Z,WIL,Wilson,20846baf-2fe5-403c-85d4-31520e88a3ce,SAMMS-Wilson
202608262209458012,202608261955398301,202608261955398282,86,8578,Silver INV,sl_Bottle,TASK_COMPLETE,SUCCESS,INFO,1829980,1829980,0,,2026-08-26T19:55:35.047Z,2026-08-26T22:11:39.517Z,8164,2026-08-26T22:11:39.517Z,,,20846baf-2fe5-403c-85d4-31520e88a3ce,
202608262209457928,202608261955298283,202608261955298282,85,2070,Bronze INV,br_InvType,TASK_COMPLETE,SUCCESS,INFO,7,7,0,,2026-08-26T19:55:35.047Z,2026-08-26T22:11:39.517Z,8164,2026-08-26T22:11:39.517Z,AHK,Ahoskie,20846baf-2fe5-403c-85d4-31520e88a3ce,SAMMS-Ahoskie
202608262209457929,202608261955298284,202608261955298282,85,2071,Bronze INV,br_InvType,TASK_COMPLETE,SUCCESS,INFO,7,7,0,,2026-08-26T19:55:35.047Z,2026-08-26T22:11:39.517Z,8164,2026-08-26T22:11:39.517Z,B12B,Colorado Springs,20846baf-2fe5-403c-85d4-31520e88a3ce,SAMMS-ColoradoSpringsV5
202608262209457931,202608261955298285,202608261955298282,85,2072,Bronze INV,br_InvType,TASK_COMPLETE,SUCCESS,INFO,7,7,0,,2026-08-26T19:55:35.047Z,2026-08-26T22:11:39.517Z,8164,2026-08-26T22:11:39.517Z,B24,Paintsville,20846baf-2fe5-403c-85d4-31520e88a3ce,SAMMS-PaintsvilleV5
202608262209457932,202608261955298286,202608261955298282,85,2073,Bronze INV,br_InvType,TASK_COMPLETE,SUCCESS,INFO,7,7,0,,2026-08-26T19:55:35.047Z,2026-08-26T22:11:39.517Z,8164,2026-08-26T22:11:39.517Z,B25,Pikeville,20846baf-2fe5-403c-85d4-31520e88a3ce,SAMMS-PikevilleV5
202608262209457933,202608261955298287,202608261955298282,85,2074,Bronze INV,br_InvType,TASK_COMPLETE,SUCCESS,INFO,7,7,0,,2026-08-26T19:55:35.047Z,2026-08-26T22:11:39.517Z,8164,2026-08-26T22:11:39.517Z,B26,Hazard,20846baf-2fe5-403c-85d4-31520e88a3ce,SAMMS-HazardV5
202608262209457934,202608261955298288,202608261955298282,85,2075,Bronze INV,br_InvType,TASK_COMPLETE,SUCCESS,INFO,7,7,0,,2026-08-26T19:55:35.047Z,2026-08-26T22:11:39.517Z,8164,2026-08-26T22:11:39.517Z,B27,Savannah,20846baf-2fe5-403c-85d4-31520e88a3ce,SAMMS-SavannahV6
202608262209457935,202608261955298289,202608261955298282,85,2076,Bronze INV,br_InvType,TASK_COMPLETE,SUCCESS,INFO,7,7,0,,2026-08-26T19:55:35.047Z,2026-08-26T22:11:39.517Z,8164,2026-08-26T22:11:39.517Z,B28,West Plains,20846baf-2fe5-403c-85d4-31520e88a3ce,SAMMS-WestPlainesV5
202608262209457936,202608261955298290,202608261955298282,85,2077,Bronze INV,br_InvType,TASK_COMPLETE,SUCCESS,INFO,7,7,0,,2026-08-26T19:55:35.047Z,2026-08-26T22:11:39.517Z,8164,2026-08-26T22:11:39.517Z,B29,Poplar Bluff,20846baf-2fe5-403c-85d4-31520e88a3ce,SAMMS-PoplarBluffV5
202608262209457937,202608261955298291,202608261955298282,85,2078,Bronze INV,br_InvType,TASK_COMPLETE,SUCCESS,INFO,7,7,0,,2026-08-26T19:55:35.047Z,2026-08-26T22:11:39.517Z,8164,2026-08-26T22:11:39.517Z,B30,KC North,20846baf-2fe5-403c-85d4-31520e88a3ce,SAMMS-KCNv5
202608262209457938,202608261955298292,202608261955298282,85,2079,Bronze INV,br_InvType,TASK_COMPLETE,SUCCESS,INFO,7,7,0,,2026-08-26T19:55:35.047Z,2026-08-26T22:11:39.517Z,8164,2026-08-26T22:11:39.517Z,B31,Dyersburg,20846baf-2fe5-403c-85d4-31520e88a3ce,SAMMS-DyersburgV5
202608262209457940,202608261955298293,202608261955298282,85,2081,Bronze INV,br_InvType,TASK_COMPLETE,SUCCESS,INFO,6,6,0,,2026-08-26T19:55:35.047Z,2026-08-26T22:11:39.517Z,8164,2026-08-26T22:11:39.517Z,B33,Paducah,20846baf-2fe5-403c-85d4-31520e88a3ce,SAMMS-Paducah
202608262209457941,202608261955298294,202608261955298282,85,2082,Bronze INV,br_InvType,TASK_COMPLETE,SUCCESS,INFO,6,6,0,,2026-08-26T19:55:35.047Z,2026-08-26T22:11:39.517Z,8164,2026-08-26T22:11:39.517Z,B34,Corbin,20846baf-2fe5-403c-85d4-31520e88a3ce,SAMMS-CorbinV5
202608262209457942,202608261955298295,202608261955298282,85,2083,Bronze INV,br_InvType,TASK_COMPLETE,SUCCESS,INFO,8,8,0,,2026-08-26T19:55:35.047Z,2026-08-26T22:11:39.517Z,8164,2026-08-26T22:11:39.517Z,B35,Lexington,20846baf-2fe5-403c-85d4-31520e88a3ce,SAMMS-LexingtonV5
202608262209457943,202608261955298296,202608261955298282,85,2084,Bronze INV,br_InvType,TASK_COMPLETE,SUCCESS,INFO,8,8,0,,2026-08-26T19:55:35.047Z,2026-08-26T22:11:39.517Z,8164,2026-08-26T22:11:39.517Z,B35A,Berea,20846baf-2fe5-403c-85d4-31520e88a3ce,SAMMS-BereaV5
202608262209457944,202608261955298297,202608261955298282,85,2085,Bronze INV,br_InvType,TASK_COMPLETE,SUCCESS,INFO,5,5,0,,2026-08-26T19:55:35.047Z,2026-08-26T22:11:39.517Z,8164,2026-08-26T22:11:39.517Z,B36,Asheville,20846baf-2fe5-403c-85d4-31520e88a3ce,SAMMS-AshevilleV5
202608262209457945,202608261955298298,202608261955298282,85,2086,Bronze INV,br_InvType,TASK_COMPLETE,SUCCESS,INFO,6,6,0,,2026-08-26T19:55:35.047Z,2026-08-26T22:11:39.517Z,8164,2026-08-26T22:11:39.517Z,B37,Clyde,20846baf-2fe5-403c-85d4-31520e88a3ce,SAMMS-ClydeV5
202608262209457946,202608261955298299,202608261955298282,85,2087,Bronze INV,br_InvType,TASK_COMPLETE,SUCCESS,INFO,7,7,0,,2026-08-26T19:55:35.047Z,2026-08-26T22:11:39.517Z,8164,2026-08-26T22:11:39.517Z,B38,Spartanburg,20846baf-2fe5-403c-85d4-31520e88a3ce,SAMMS-SpartanburgV5
202608262209457947,202608261955298300,202608261955298282,85,2088,Bronze INV,br_InvType,TASK_COMPLETE,SUCCESS,INFO,6,6,0,,2026-08-26T19:55:35.047Z,2026-08-26T22:11:39.517Z,8164,2026-08-26T22:11:39.517Z,B39,Aiken,20846baf-2fe5-403c-85d4-31520e88a3ce,SAMMS-AikenV5
202608262209457948,202608261955298301,202608261955298282,85,2089,Bronze INV,br_InvType,TASK_COMPLETE,SUCCESS,INFO,5,5,0,,2026-08-26T19:55:35.047Z,2026-08-26T22:11:39.517Z,8164,2026-08-26T22:11:39.517Z,B41,Chesapeake,20846baf-2fe5-403c-85d4-31520e88a3ce,SAMMS-ChesapeakeV5
202608262209457950,202608261955298302,202608261955298282,85,2090,Bronze INV,br_InvType,TASK_COMPLETE,SUCCESS,INFO,6,6,0,,2026-08-26T19:55:35.047Z,2026-08-26T22:11:39.517Z,8164,2026-08-26T22:11:39.517Z,B42,Virginia Beach,20846baf-2fe5-403c-85d4-31520e88a3ce,SAMMS-VirginiaBeachV5
202608262209457951,202608261955298303,202608261955298282,85,2091,Bronze INV,br_InvType,TASK_COMPLETE,SUCCESS,INFO,5,5,0,,2026-08-26T19:55:35.047Z,2026-08-26T22:11:39.517Z,8164,2026-08-26T22:11:39.517Z,B42A,Newport News,20846baf-2fe5-403c-85d4-31520e88a3ce,SAMMS-NewportNewsV5
202608262209457952,202608261955298304,202608261955298282,85,2092,Bronze INV,br_InvType,TASK_COMPLETE,SUCCESS,INFO,3,3,0,,2026-08-26T19:55:35.047Z,2026-08-26T22:11:39.517Z,8164,2026-08-26T22:11:39.517Z,B42B,Franklin,20846baf-2fe5-403c-85d4-31520e88a3ce,SAMMS-FranklinV5
202608262209457953,202608261955298305,202608261955298282,85,2093,Bronze INV,br_InvType,TASK_COMPLETE,SUCCESS,INFO,5,5,0,,2026-08-26T19:55:35.047Z,2026-08-26T22:11:39.517Z,8164,2026-08-26T22:11:39.517Z,B42C,Glen Allen,20846baf-2fe5-403c-85d4-31520e88a3ce,SAMMS-GlenAllenV5
202608262209457954,202608261955298306,202608261955298282,85,2094,Bronze INV,br_InvType,TASK_COMPLETE,SUCCESS,INFO,7,7,0,,2026-08-26T19:55:35.047Z,2026-08-26T22:11:39.517Z,8164,2026-08-26T22:11:39.517Z,B42D,Chesapeake South,20846baf-2fe5-403c-85d4-31520e88a3ce,SAMMS-ChesapeakeSouthV5
202608262209457955,202608261955298307,202608261955298282,85,2095,Bronze INV,br_InvType,TASK_COMPLETE,SUCCESS,INFO,5,5,0,,2026-08-26T19:55:35.047Z,2026-08-26T22:11:39.517Z,8164,2026-08-26T22:11:39.517Z,B44,Albany,20846baf-2fe5-403c-85d4-31520e88a3ce,SAMMS-AlbanyV5
202608262209457956,202608261955298308,202608261955298282,85,2096,Bronze INV,br_InvType,TASK_COMPLETE,SUCCESS,INFO,5,5,0,,2026-08-26T19:55:35.047Z,2026-08-26T22:11:39.517Z,8164,2026-08-26T22:11:39.517Z,B45,Tifton,20846baf-2fe5-403c-85d4-31520e88a3ce,SAMMS-TiftonV5
202608262209457957,202608261955298309,202608261955298282,85,2097,Bronze INV,br_InvType,TASK_COMPLETE,SUCCESS,INFO,5,5,0,,2026-08-26T19:55:35.047Z,2026-08-26T22:11:39.517Z,8164,2026-08-26T22:11:39.517Z,B46,Washington DC,20846baf-2fe5-403c-85d4-31520e88a3ce,SAMMS-WashingtonDCv5
202608262209457958,202608261955298310,202608261955298282,85,2098,Bronze INV,br_InvType,TASK_COMPLETE,SUCCESS,INFO,7,7,0,,2026-08-26T19:55:35.047Z,2026-08-26T22:11:39.517Z,8164,2026-08-26T22:11:39.517Z,B47,Mobile,20846baf-2fe5-403c-85d4-31520e88a3ce,SAMMS-MobileV5
202608262209457960,202608261955298311,202608261955298282,85,2099,Bronze INV,br_InvType,TASK_COMPLETE,SUCCESS,INFO,6,6,0,,2026-08-26T19:55:35.047Z,2026-08-26T22:11:39.517Z,8164,2026-08-26T22:11:39.517Z,B48,Tuscaloosa,20846baf-2fe5-403c-85d4-31520e88a3ce,SAMMS-TuscaloosaV5
202608262209457961,202608261955298312,202608261955298282,85,2108,Bronze INV,br_InvType,TASK_COMPLETE,SUCCESS,INFO,7,7,0,,2026-08-26T19:55:35.047Z,2026-08-26T22:11:39.517Z,8164,2026-08-26T22:11:39.517Z,B51,N. Little Rock (OTP),20846baf-2fe5-403c-85d4-31520e88a3ce,SAMMS-NorthLittleRockV6
202608262209457962,202608261955298313,202608261955298282,85,2109,Bronze INV,br_InvType,TASK_COMPLETE,SUCCESS,INFO,5,5,0,,2026-08-26T19:55:35.047Z,2026-08-26T22:11:39.517Z,8164,2026-08-26T22:11:39.517Z,B52,Jackson GA,20846baf-2fe5-403c-85d4-31520e88a3ce,SAMMS-JacksonGAV5
202608262209457963,202608261955298314,202608261955298282,85,2110,Bronze INV,br_InvType,TASK_COMPLETE,SUCCESS,INFO,7,7,0,,2026-08-26T19:55:35.047Z,2026-08-26T22:11:39.517Z,8164,2026-08-26T22:11:39.517Z,B54,Gadsden,20846baf-2fe5-403c-85d4-31520e88a3ce,SAMMS-GadsdenV5
202608262209457964,202608261955298315,202608261955298282,85,2111,Bronze INV,br_InvType,TASK_COMPLETE,SUCCESS,INFO,8,8,0,,2026-08-26T19:55:35.047Z,2026-08-26T22:11:39.517Z,8164,2026-08-26T22:11:39.517Z,B55,Shoals,20846baf-2fe5-403c-85d4-31520e88a3ce,SAMMS-ShoalsV5
202608262209457965,202608261955298316,202608261955298282,85,2112,Bronze INV,br_InvType,TASK_COMPLETE,SUCCESS,INFO,7,7,0,,2026-08-26T19:55:35.047Z,2026-08-26T22:11:39.517Z,8164,2026-08-26T22:11:39.517Z,B57,Pawtucket,20846baf-2fe5-403c-85d4-31520e88a3ce,SAMMS-Pawtucket
202608262209457966,202608261955298317,202608261955298282,85,2113,Bronze INV,br_InvType,TASK_COMPLETE,SUCCESS,INFO,8,8,0,,2026-08-26T19:55:35.047Z,2026-08-26T22:11:39.517Z,8164,2026-08-26T22:11:39.517Z,B57A,Johnston,20846baf-2fe5-403c-85d4-31520e88a3ce,SAMMS-Johnston
202608262209457967,202608261955298318,202608261955298282,85,2114,Bronze INV,br_InvType,TASK_COMPLETE,SUCCESS,INFO,7,7,0,,2026-08-26T19:55:35.047Z,2026-08-26T22:11:39.517Z,8164,2026-08-26T22:11:39.517Z,B57B,Middletown,20846baf-2fe5-403c-85d4-31520e88a3ce,SAMMS-Middletown
202608262209457968,202608261955298319,202608261955298282,85,2115,Bronze INV,br_InvType,TASK_COMPLETE,SUCCESS,INFO,7,7,0,,2026-08-26T19:55:35.047Z,2026-08-26T22:11:39.517Z,8164,2026-08-26T22:11:39.517Z,B57C,Providence,20846baf-2fe5-403c-85d4-31520e88a3ce,SAMMS-Providence
202608262209457970,202608261955298320,202608261955298282,85,2116,Bronze INV,br_InvType,TASK_COMPLETE,SUCCESS,INFO,7,7,0,,2026-08-26T19:55:35.047Z,2026-08-26T22:11:39.517Z,8164,2026-08-26T22:11:39.517Z,B57D,Westerly,20846baf-2fe5-403c-85d4-31520e88a3ce,SAMMS-Westerly
202608262209457971,202608261955298321,202608261955298282,85,2120,Bronze INV,br_InvType,TASK_COMPLETE,SUCCESS,INFO,0,0,0,,2026-08-26T19:55:35.047Z,2026-08-26T22:11:39.517Z,8164,2026-08-26T22:11:39.517Z,B66A,Bremen,20846baf-2fe5-403c-85d4-31520e88a3ce,SAMMS-Bremen
202608262209457972,202608261955298322,202608261955298282,85,2123,Bronze INV,br_InvType,TASK_COMPLETE,SUCCESS,INFO,0,0,0,,2026-08-26T19:55:35.047Z,2026-08-26T22:11:39.517Z,8164,2026-08-26T22:11:39.517Z,B72,Mobile (OBOT),20846baf-2fe5-403c-85d4-31520e88a3ce,SAMMS-Mobile-OBOT
202608262209457973,202608261955298323,202608261955298282,85,2124,Bronze INV,br_InvType,TASK_COMPLETE,SUCCESS,INFO,0,0,0,,2026-08-26T19:55:35.047Z,2026-08-26T22:11:39.517Z,8164,2026-08-26T22:11:39.517Z,B73,Montgomery,20846baf-2fe5-403c-85d4-31520e88a3ce,SAMMS-Montgomery
202608262209457974,202608261955298324,202608261955298282,85,2125,Bronze INV,br_InvType,TASK_COMPLETE,SUCCESS,INFO,7,7,0,,2026-08-26T19:55:35.047Z,2026-08-26T22:11:39.517Z,8164,2026-08-26T22:11:39.517Z,B75,Lawrence,20846baf-2fe5-403c-85d4-31520e88a3ce,SAMMS-LawrenceV6
202608262209457975,202608261955298325,202608261955298282,85,2126,Bronze INV,br_InvType,TASK_COMPLETE,SUCCESS,INFO,0,0,0,,2026-08-26T19:55:35.047Z,2026-08-26T22:11:39.517Z,8164,2026-08-26T22:11:39.517Z,B76,Huntsville OBOT,20846baf-2fe5-403c-85d4-31520e88a3ce,SAMMS-Huntsville-OBOT
202608262209457976,202608261955298326,202608261955298282,85,2127,Bronze INV,br_InvType,TASK_COMPLETE,SUCCESS,INFO,7,7,0,,2026-08-26T19:55:35.047Z,2026-08-26T22:11:39.517Z,8164,2026-08-26T22:11:39.517Z,BAT,Batesville,20846baf-2fe5-403c-85d4-31520e88a3ce,SAMMS-Batesville
202608262209457977,202608261955298327,202608261955298282,85,2128,Bronze INV,br_InvType,TASK_COMPLETE,SUCCESS,INFO,7,7,0,,2026-08-26T19:55:35.047Z,2026-08-26T22:11:39.517Z,8164,2026-08-26T22:11:39.517Z,BG,Bowling Green,20846baf-2fe5-403c-85d4-31520e88a3ce,SAMMS-BowlingGreen
202608262209457978,202608261955298328,202608261955298282,85,2129,Bronze INV,br_InvType,TASK_COMPLETE,SUCCESS,INFO,7,7,0,,2026-08-26T19:55:35.047Z,2026-08-26T22:11:39.517Z,8164,2026-08-26T22:11:39.517Z,BOI,Boise,20846baf-2fe5-403c-85d4-31520e88a3ce,SAMMS-Boise
202608262209457980,202608261955298329,202608261955298282,85,2136,Bronze INV,br_InvType,TASK_COMPLETE,SUCCESS,INFO,7,7,0,,2026-08-26T19:55:35.047Z,2026-08-26T22:11:39.517Z,8164,2026-08-26T22:11:39.517Z,CBCO,Coeur dAlene,20846baf-2fe5-403c-85d4-31520e88a3ce,SAMMS-CoeurdAleneV6
202608262209457981,202608261955298330,202608261955298282,85,2155,Bronze INV,br_InvType,TASK_COMPLETE,SUCCESS,INFO,7,7,0,,2026-08-26T19:55:35.047Z,2026-08-26T22:11:39.517Z,8164,2026-08-26T22:11:39.517Z,CON,Conway,20846baf-2fe5-403c-85d4-31520e88a3ce,SAMMS-Conway
202608262209457982,202608261955298331,202608261955298282,85,2156,Bronze INV,br_InvType,TASK_COMPLETE,SUCCESS,INFO,7,7,0,,2026-08-26T19:55:35.047Z,2026-08-26T22:11:39.517Z,8164,2026-08-26T22:11:39.517Z,D07,Medical Services Knox TN,20846baf-2fe5-403c-85d4-31520e88a3ce,SAMMS-KnoxvilleV6
202608262209457983,202608261955298332,202608261955298282,85,2157,Bronze INV,br_InvType,TASK_COMPLETE,SUCCESS,INFO,7,7,0,,2026-08-26T19:55:35.047Z,2026-08-26T22:11:39.517Z,8164,2026-08-26T22:11:39.517Z,D08,Madison,20846baf-2fe5-403c-85d4-31520e88a3ce,SAMMS-MadisonV6
202608262209457984,202608261955298333,202608261955298282,85,2159,Bronze INV,br_InvType,TASK_COMPLETE,SUCCESS,INFO,7,7,0,,2026-08-26T19:55:35.047Z,2026-08-26T22:11:39.517Z,8164,2026-08-26T22:11:39.517Z,D09,Murfreesboro,20846baf-2fe5-403c-85d4-31520e88a3ce,SAMMS-MurfreesboroV6
202608262209457985,202608261955298334,202608261955298282,85,2160,Bronze INV,br_InvType,TASK_COMPLETE,SUCCESS,INFO,7,7,0,,2026-08-26T19:55:35.047Z,2026-08-26T22:11:39.517Z,8164,2026-08-26T22:11:39.517Z,DA,Davenport,20846baf-2fe5-403c-85d4-31520e88a3ce,SAMMS-Davenport
202608262209457986,202608261955298335,202608261955298282,85,2161,Bronze INV,br_InvType,TASK_COMPLETE,SUCCESS,INFO,7,7,0,,2026-08-26T19:55:35.047Z,2026-08-26T22:11:39.517Z,8164,2026-08-26T22:11:39.517Z,DM,Des Moines,20846baf-2fe5-403c-85d4-31520e88a3ce,SAMMS-DesMoines
202608262209457987,202608261955298336,202608261955298282,85,2163,Bronze INV,br_InvType,TASK_COMPLETE,SUCCESS,INFO,7,7,0,,2026-08-26T19:55:35.047Z,2026-08-26T22:11:39.517Z,8164,2026-08-26T22:11:39.517Z,DRD-CO,Columbia MO,20846baf-2fe5-403c-85d4-31520e88a3ce,SAMMS-ColumbiaV5
202608262209457988,202608261955298337,202608261955298282,85,2164,Bronze INV,br_InvType,TASK_COMPLETE,SUCCESS,INFO,7,7,0,,2026-08-26T19:55:35.047Z,2026-08-26T22:11:39.517Z,8164,2026-08-26T22:11:39.517Z,DRD-KC,KC,20846baf-2fe5-403c-85d4-31520e88a3ce,SAMMS-KCv5
202608262209457990,202608261955298338,202608261955298282,85,2165,Bronze INV,br_InvType,TASK_COMPLETE,SUCCESS,INFO,8,8,0,,2026-08-26T19:55:35.047Z,2026-08-26T22:11:39.517Z,8164,2026-08-26T22:11:39.517Z,DRD-KVB,KVB,20846baf-2fe5-403c-85d4-31520e88a3ce,SAMMS-KVBv5
202608262209457991,202608261955298339,202608261955298282,85,2166,Bronze INV,br_InvType,TASK_COMPLETE,SUCCESS,INFO,9,9,0,,2026-08-26T19:55:35.047Z,2026-08-26T22:11:39.517Z,8164,2026-08-26T22:11:39.517Z,DRD-KVC,KVC,20846baf-2fe5-403c-85d4-31520e88a3ce,SAMMS-KVCv5
202608262209457992,202608261955298340,202608261955298282,85,2167,Bronze INV,br_InvType,TASK_COMPLETE,SUCCESS,INFO,7,7,0,,2026-08-26T19:55:35.047Z,2026-08-26T22:11:39.517Z,8164,2026-08-26T22:11:39.517Z,DRD-NOLA,NOLA,20846baf-2fe5-403c-85d4-31520e88a3ce,SAMMS-NOLAv5
202608262209457993,202608261955298341,202608261955298282,85,2168,Bronze INV,br_InvType,TASK_COMPLETE,SUCCESS,INFO,7,7,0,,2026-08-26T19:55:35.047Z,2026-08-26T22:11:39.517Z,8164,2026-08-26T22:11:39.517Z,DRD-SF,Springfield,20846baf-2fe5-403c-85d4-31520e88a3ce,SAMMS-SFv5
202608262209457994,202608261955298342,202608261955298282,85,2170,Bronze INV,br_InvType,TASK_COMPLETE,SUCCESS,INFO,7,7,0,,2026-08-26T19:55:35.047Z,2026-08-26T22:11:39.517Z,8164,2026-08-26T22:11:39.517Z,ELC,Elizabeth City,20846baf-2fe5-403c-85d4-31520e88a3ce,SAMMS-ElizabethCity
202608262209457995,202608261955298343,202608261955298282,85,2171,Bronze INV,br_InvType,TASK_COMPLETE,SUCCESS,INFO,7,7,0,,2026-08-26T19:55:35.047Z,2026-08-26T22:11:39.517Z,8164,2026-08-26T22:11:39.517Z,ET,Elizabethtown,20846baf-2fe5-403c-85d4-31520e88a3ce,SAMMS-Elizabethtown
202608262209457996,202608261955298344,202608261955298282,85,2172,Bronze INV,br_InvType,TASK_COMPLETE,SUCCESS,INFO,7,7,0,,2026-08-26T19:55:35.047Z,2026-08-26T22:11:39.517Z,8164,2026-08-26T22:11:39.517Z,FAY,Fayetteville,20846baf-2fe5-403c-85d4-31520e88a3ce,SAMMS-Fayetteville
202608262209457997,202608261955298345,202608261955298282,85,2173,Bronze INV,br_InvType,TASK_COMPLETE,SUCCESS,INFO,7,7,0,,2026-08-26T19:55:35.047Z,2026-08-26T22:11:39.517Z,8164,2026-08-26T22:11:39.517Z,FR,Frankfort,20846baf-2fe5-403c-85d4-31520e88a3ce,SAMMS-Frankfort
202608262209457998,202608261955298346,202608261955298282,85,2174,Bronze INV,br_InvType,TASK_COMPLETE,SUCCESS,INFO,7,7,0,,2026-08-26T19:55:35.047Z,2026-08-26T22:11:39.517Z,8164,2026-08-26T22:11:39.517Z,FS,Fort Smith,20846baf-2fe5-403c-85d4-31520e88a3ce,SAMMS-FortSmith
202608262209457999,202608261955298347,202608261955298282,85,2175,Bronze INV,br_InvType,TASK_COMPLETE,SUCCESS,INFO,7,7,0,,2026-08-26T19:55:35.047Z,2026-08-26T22:11:39.517Z,8164,2026-08-26T22:11:39.517Z,FW,Fort Wayne,20846baf-2fe5-403c-85d4-31520e88a3ce,SAMMS-FortWayne
202608262209458001,202608261955298348,202608261955298282,85,2176,Bronze INV,br_InvType,TASK_COMPLETE,SUCCESS,INFO,7,7,0,,2026-08-26T19:55:35.047Z,2026-08-26T22:11:39.517Z,8164,2026-08-26T22:11:39.517Z,GAL,Gaylord,20846baf-2fe5-403c-85d4-31520e88a3ce,SAMMS-Gaylord
202608262209458002,202608261955298349,202608261955298282,85,2180,Bronze INV,br_InvType,TASK_COMPLETE,SUCCESS,INFO,4,4,0,,2026-08-26T19:55:35.047Z,2026-08-26T22:11:39.517Z,8164,2026-08-26T22:11:39.517Z,HGT,Hagerstown,20846baf-2fe5-403c-85d4-31520e88a3ce,SAMMS-Hagerstown
202608262209458003,202608261955298350,202608261955298282,85,2181,Bronze INV,br_InvType,TASK_COMPLETE,SUCCESS,INFO,5,5,0,,2026-08-26T19:55:35.047Z,2026-08-26T22:11:39.517Z,8164,2026-08-26T22:11:39.517Z,HNT,Huntsville,20846baf-2fe5-403c-85d4-31520e88a3ce,SAMMS-Huntsville
202608262209458004,202608261955298351,202608261955298282,85,2182,Bronze INV,br_InvType,TASK_COMPLETE,SUCCESS,INFO,7,7,0,,2026-08-26T19:55:35.047Z,2026-08-26T22:11:39.517Z,8164,2026-08-26T22:11:39.517Z,HS,Hot Springs,20846baf-2fe5-403c-85d4-31520e88a3ce,SAMMS-HotSprings
202608262209458005,202608261955298352,202608261955298282,85,2183,Bronze INV,br_InvType,TASK_COMPLETE,SUCCESS,INFO,7,7,0,,2026-08-26T19:55:35.047Z,2026-08-26T22:11:39.517Z,8164,2026-08-26T22:11:39.517Z,JON,Jonesboro,20846baf-2fe5-403c-85d4-31520e88a3ce,SAMMS-Jonesboro
202608262209458006,202608261955298353,202608261955298282,85,2185,Bronze INV,br_InvType,TASK_COMPLETE,SUCCESS,INFO,7,7,0,,2026-08-26T19:55:35.047Z,2026-08-26T22:11:39.517Z,8164,2026-08-26T22:11:39.517Z,LAN,Lansing,20846baf-2fe5-403c-85d4-31520e88a3ce,SAMMS-Lansing
202608262209458007,202608261955298354,202608261955298282,85,2186,Bronze INV,br_InvType,TASK_COMPLETE,SUCCESS,INFO,7,7,0,,2026-08-26T19:55:35.047Z,2026-08-26T22:11:39.517Z,8164,2026-08-26T22:11:39.517Z,LO,Louisville,20846baf-2fe5-403c-85d4-31520e88a3ce,SAMMS-Louisville
202608262209458008,202608261955298355,202608261955298282,85,2187,Bronze INV,br_InvType,TASK_COMPLETE,SUCCESS,INFO,7,7,0,,2026-08-26T19:55:35.047Z,2026-08-26T22:11:39.517Z,8164,2026-08-26T22:11:39.517Z,LV1,Cheyenne,20846baf-2fe5-403c-85d4-31520e88a3ce,SAMMS-Cheyenne
202608262209458009,202608261955298356,202608261955298282,85,2188,Bronze INV,br_InvType,TASK_COMPLETE,SUCCESS,INFO,6,6,0,,2026-08-26T19:55:35.047Z,2026-08-26T22:11:39.517Z,8164,2026-08-26T22:11:39.517Z,LV2,Desert Inn,20846baf-2fe5-403c-85d4-31520e88a3ce,SAMMS-DesertInn
202608262209458010,202608261955298357,202608261955298282,85,2189,Bronze INV,br_InvType,TASK_COMPLETE,SUCCESS,INFO,7,7,0,,2026-08-26T19:55:35.047Z,2026-08-26T22:11:39.517Z,8164,2026-08-26T22:11:39.517Z,LV3,McDaniel,20846baf-2fe5-403c-85d4-31520e88a3ce,SAMMS-McDaniel
202608262209458012,202608261955298358,202608261955298282,85,2192,Bronze INV,br_InvType,TASK_COMPLETE,SUCCESS,INFO,7,7,0,,2026-08-26T19:55:35.047Z,2026-08-26T22:11:39.517Z,8164,2026-08-26T22:11:39.517Z,MNRE,Monroe,20846baf-2fe5-403c-85d4-31520e88a3ce,SAMMS-Monroe
202608262209458013,202608261955298359,202608261955298282,85,2193,Bronze INV,br_InvType,TASK_COMPLETE,SUCCESS,INFO,7,7,0,,2026-08-26T19:55:35.047Z,2026-08-26T22:11:39.517Z,8164,2026-08-26T22:11:39.517Z,MP,Mt. Pleasant,20846baf-2fe5-403c-85d4-31520e88a3ce,SAMMS-MtPleasant
202608262209458014,202608261955298360,202608261955298282,85,2194,Bronze INV,br_InvType,TASK_COMPLETE,SUCCESS,INFO,7,7,0,,2026-08-26T19:55:35.047Z,2026-08-26T22:11:39.517Z,8164,2026-08-26T22:11:39.517Z,MRD,Meridian,20846baf-2fe5-403c-85d4-31520e88a3ce,SAMMS-Meridian
202608262209458015,202608261955298361,202608261955298282,85,2199,Bronze INV,br_InvType,TASK_COMPLETE,SUCCESS,INFO,7,7,0,,2026-08-26T19:55:35.047Z,2026-08-26T22:11:39.517Z,8164,2026-08-26T22:11:39.517Z,NC,North Charleston,20846baf-2fe5-403c-85d4-31520e88a3ce,SAMMS-NorthCharleston
202608262209458016,202608261955298362,202608261955298282,85,2200,Bronze INV,br_InvType,TASK_COMPLETE,SUCCESS,INFO,7,7,0,,2026-08-26T19:55:35.047Z,2026-08-26T22:11:39.517Z,8164,2026-08-26T22:11:39.517Z,NLR,N. Little Rock,20846baf-2fe5-403c-85d4-31520e88a3ce,SAMMS-NLROBOT
202608262209458017,202608261955298363,202608261955298282,85,2201,Bronze INV,br_InvType,TASK_COMPLETE,SUCCESS,INFO,6,6,0,,2026-08-26T19:55:35.047Z,2026-08-26T22:11:39.517Z,8164,2026-08-26T22:11:39.517Z,PH,Phoenix,20846baf-2fe5-403c-85d4-31520e88a3ce,SAMMS-Phoenix
202608262209458018,202608261955298364,202608261955298282,85,2205,Bronze INV,br_InvType,TASK_COMPLETE,SUCCESS,INFO,8,8,0,,2026-08-26T19:55:35.047Z,2026-08-26T22:11:39.517Z,8164,2026-08-26T22:11:39.517Z,RE,Reno,20846baf-2fe5-403c-85d4-31520e88a3ce,SAMMS-Reno
202608262209458019,202608261955298365,202608261955298282,85,2206,Bronze INV,br_InvType,TASK_COMPLETE,SUCCESS,INFO,7,7,0,,2026-08-26T19:55:35.047Z,2026-08-26T22:11:39.517Z,8164,2026-08-26T22:11:39.517Z,RMD,Richmond,20846baf-2fe5-403c-85d4-31520e88a3ce,SAMMS-Richmond
202608262209458020,202608261955298366,202608261955298282,85,2207,Bronze INV,br_InvType,TASK_COMPLETE,SUCCESS,INFO,7,7,0,,2026-08-26T19:55:35.047Z,2026-08-26T22:11:39.517Z,8164,2026-08-26T22:11:39.517Z,SFN,Springfield North,20846baf-2fe5-403c-85d4-31520e88a3ce,SAMMS-SFNv5
202608262209458021,202608261955298367,202608261955298282,85,2208,Bronze INV,br_InvType,TASK_COMPLETE,SUCCESS,INFO,7,7,0,,2026-08-26T19:55:35.047Z,2026-08-26T22:11:39.517Z,8164,2026-08-26T22:11:39.517Z,SHP,Shreveport,20846baf-2fe5-403c-85d4-31520e88a3ce,SAMMS-Shreveport
202608262209458023,202608261955298368,202608261955298282,85,2210,Bronze INV,br_InvType,TASK_COMPLETE,SUCCESS,INFO,7,7,0,,2026-08-26T19:55:35.047Z,2026-08-26T22:11:39.517Z,8164,2026-08-26T22:11:39.517Z,STN,Staunton,20846baf-2fe5-403c-85d4-31520e88a3ce,SAMMS-Staunton
202608262209458024,202608261955298369,202608261955298282,85,2211,Bronze INV,br_InvType,TASK_COMPLETE,SUCCESS,INFO,8,8,0,,2026-08-26T19:55:35.047Z,2026-08-26T22:11:39.517Z,8164,2026-08-26T22:11:39.517Z,STVN,Stevenson,20846baf-2fe5-403c-85d4-31520e88a3ce,SAMMS-Stevenson
202608262209458025,202608261955298370,202608261955298282,85,2213,Bronze INV,br_InvType,TASK_COMPLETE,SUCCESS,INFO,7,7,0,,2026-08-26T19:55:35.047Z,2026-08-26T22:11:39.517Z,8164,2026-08-26T22:11:39.517Z,TE,Tempe,20846baf-2fe5-403c-85d4-31520e88a3ce,SAMMS-Tempe
202608262209458026,202608261955298371,202608261955298282,85,2214,Bronze INV,br_InvType,TASK_COMPLETE,SUCCESS,INFO,7,7,0,,2026-08-26T19:55:35.047Z,2026-08-26T22:11:39.517Z,8164,2026-08-26T22:11:39.517Z,TEX,Texarkana,20846baf-2fe5-403c-85d4-31520e88a3ce,SAMMS-Texarkana
202608262209458027,202608261955298372,202608261955298282,85,2215,Bronze INV,br_InvType,TASK_COMPLETE,SUCCESS,INFO,6,6,0,,2026-08-26T19:55:35.047Z,2026-08-26T22:11:39.517Z,8164,2026-08-26T22:11:39.517Z,TTCA,Bessemer,20846baf-2fe5-403c-85d4-31520e88a3ce,SAMMS-BessemerV5
202608262209458028,202608261955298373,202608261955298282,85,2216,Bronze INV,br_InvType,TASK_COMPLETE,SUCCESS,INFO,6,6,0,,2026-08-26T19:55:35.047Z,2026-08-26T22:11:39.517Z,8164,2026-08-26T22:11:39.517Z,TTCB,Cullman,20846baf-2fe5-403c-85d4-31520e88a3ce,SAMMS-CullmanV5
202608262209458029,202608261955298374,202608261955298282,85,2217,Bronze INV,br_InvType,TASK_COMPLETE,SUCCESS,INFO,7,7,0,,2026-08-26T19:55:35.047Z,2026-08-26T22:11:39.517Z,8164,2026-08-26T22:11:39.517Z,TTCC,Grand Bay,20846baf-2fe5-403c-85d4-31520e88a3ce,SAMMS-GrandBay
202608262209458030,202608261955298375,202608261955298282,85,2218,Bronze INV,br_InvType,TASK_COMPLETE,SUCCESS,INFO,7,7,0,,2026-08-26T19:55:35.047Z,2026-08-26T22:11:39.517Z,8164,2026-08-26T22:11:39.517Z,TU,Tucson,20846baf-2fe5-403c-85d4-31520e88a3ce,SAMMS-Tucson
202608262209458031,202608261955298376,202608261955298282,85,2220,Bronze INV,br_InvType,TASK_COMPLETE,SUCCESS,INFO,6,6,0,,2026-08-26T19:55:35.047Z,2026-08-26T22:11:39.517Z,8164,2026-08-26T22:11:39.517Z,V1,Memphis South,20846baf-2fe5-403c-85d4-31520e88a3ce,SAMMS-VCPHCS-I-MemphisV5
202608262209458032,202608261955298377,202608261955298282,85,2221,Bronze INV,br_InvType,TASK_COMPLETE,SUCCESS,INFO,8,8,0,,2026-08-26T19:55:35.047Z,2026-08-26T22:11:39.517Z,8164,2026-08-26T22:11:39.517Z,V10,Longmont,20846baf-2fe5-403c-85d4-31520e88a3ce,SAMMS-BoulderV5
202608262209458033,202608261955298378,202608261955298282,85,2222,Bronze INV,br_InvType,TASK_COMPLETE,SUCCESS,INFO,8,8,0,,2026-08-26T19:55:35.047Z,2026-08-26T22:11:39.517Z,8164,2026-08-26T22:11:39.517Z,V10A,Fort Collins,20846baf-2fe5-403c-85d4-31520e88a3ce,SAMMS-FortCollinsV5
202608262209458035,202608261955298379,202608261955298282,85,2223,Bronze INV,br_InvType,TASK_COMPLETE,SUCCESS,INFO,8,8,0,,2026-08-26T19:55:35.047Z,2026-08-26T22:11:39.517Z,8164,2026-08-26T22:11:39.517Z,V11,Westminster,20846baf-2fe5-403c-85d4-31520e88a3ce,SAMMS-VCPHCS-XI-NorthDenverV5
202608262209458036,202608261955298380,202608261955298282,85,2224,Bronze INV,br_InvType,TASK_COMPLETE,SUCCESS,INFO,7,7,0,,2026-08-26T19:55:35.047Z,2026-08-26T22:11:39.517Z,8164,2026-08-26T22:11:39.517Z,V12,Downtown Denver,20846baf-2fe5-403c-85d4-31520e88a3ce,SAMMS-VCPHCS-XII-DowntownDenverV5
202608262209458037,202608261955298381,202608261955298282,85,2225,Bronze INV,br_InvType,TASK_COMPLETE,SUCCESS,INFO,8,8,0,,2026-08-26T19:55:35.047Z,2026-08-26T22:11:39.517Z,8164,2026-08-26T22:11:39.517Z,V12A,Centennial,20846baf-2fe5-403c-85d4-31520e88a3ce,SAMMS-CentennialV5
202608262209458038,202608261955298382,202608261955298282,85,2226,Bronze INV,br_InvType,TASK_COMPLETE,SUCCESS,INFO,7,7,0,,2026-08-26T19:55:35.047Z,2026-08-26T22:11:39.517Z,8164,2026-08-26T22:11:39.517Z,V14,Overland Park,20846baf-2fe5-403c-85d4-31520e88a3ce,SAMMS-VCPHCS-XIV-BridgewayV5
202608262209458039,202608261955298383,202608261955298282,85,2227,Bronze INV,br_InvType,TASK_COMPLETE,SUCCESS,INFO,5,5,0,,2026-08-26T19:55:35.047Z,2026-08-26T22:11:39.517Z,8164,2026-08-26T22:11:39.517Z,V15,Joplin,20846baf-2fe5-403c-85d4-31520e88a3ce,SAMMS-JoplinV5
202608262209458040,202608261955298384,202608261955298282,85,2229,Bronze INV,br_InvType,TASK_COMPLETE,SUCCESS,INFO,8,8,0,,2026-08-26T19:55:35.047Z,2026-08-26T22:11:39.517Z,8164,2026-08-26T22:11:39.517Z,V17,Columbia TN,20846baf-2fe5-403c-85d4-31520e88a3ce,SAMMS-ColumbiaTNv5
202608262209458041,202608261955298385,202608261955298282,85,2231,Bronze INV,br_InvType,TASK_COMPLETE,SUCCESS,INFO,7,7,0,,2026-08-26T19:55:35.047Z,2026-08-26T22:11:39.517Z,8164,2026-08-26T22:11:39.517Z,V19,Jackson,20846baf-2fe5-403c-85d4-31520e88a3ce,SAMMS-JacksonV5
202608262209458043,202608261955298386,202608261955298282,85,2233,Bronze INV,br_InvType,TASK_COMPLETE,SUCCESS,INFO,7,7,0,,2026-08-26T19:55:35.047Z,2026-08-26T22:11:39.517Z,8164,2026-08-26T22:11:39.517Z,V20,Paris,20846baf-2fe5-403c-85d4-31520e88a3ce,SAMMS-ParisV5
202608232214224942,202608232010368730,202608232010368283,85,2970,Bronze INV,br_OrientationChecklistNew,TASK_COMPLETE,SUCCESS,INFO,5,5,0,,2026-08-23T20:10:41.468Z,2026-08-23T22:16:21.732Z,7540,2026-08-23T22:16:21.732Z,V21,Memphis North,955211d4-28b8-44a0-8023-2bfaa48d6721,SAMMS-RaleighV5
202608232214224943,202608232010368731,202608232010368283,85,2973,Bronze INV,br_OrientationChecklistNew,TASK_COMPLETE,SUCCESS,INFO,8,8,0,,2026-08-23T20:10:41.468Z,2026-08-23T22:16:21.732Z,7540,2026-08-23T22:16:21.732Z,V5,West Bank,955211d4-28b8-44a0-8023-2bfaa48d6721,SAMMS-NONTCv5
202608232214224944,202608232010368732,202608232010368283,85,2975,Bronze INV,br_OrientationChecklistNew,TASK_COMPLETE,SUCCESS,INFO,4,4,0,,2026-08-23T20:10:41.468Z,2026-08-23T22:16:21.732Z,7540,2026-08-23T22:16:21.732Z,V5B,Houma,955211d4-28b8-44a0-8023-2bfaa48d6721,SAMMS-HoumaV6
202608232214224945,202608232010368733,202608232010368283,85,2976,Bronze INV,br_OrientationChecklistNew,TASK_COMPLETE,SUCCESS,INFO,5,5,0,,2026-08-23T20:10:41.468Z,2026-08-23T22:16:21.732Z,7540,2026-08-23T22:16:21.732Z,V6,Lake Charles,955211d4-28b8-44a0-8023-2bfaa48d6721,SAMMS-LCv5
202608232214224946,202608232010368734,202608232010368283,85,2978,Bronze INV,br_OrientationChecklistNew,TASK_COMPLETE,SUCCESS,INFO,8,8,0,,2026-08-23T20:10:41.468Z,2026-08-23T22:16:21.732Z,7540,2026-08-23T22:16:21.732Z,V8,Memphis Midtown,955211d4-28b8-44a0-8023-2bfaa48d6721,SAMMS-VCPHCS-VIII-MemphisV5
202608232214224947,202608232010368735,202608232010368283,85,2979,Bronze INV,br_OrientationChecklistNew,TASK_COMPLETE,SUCCESS,INFO,9,9,0,,2026-08-23T20:10:41.468Z,2026-08-23T22:16:21.732Z,7540,2026-08-23T22:16:21.732Z,V9,Nashville,955211d4-28b8-44a0-8023-2bfaa48d6721,SAMMS-NashvilleV5
202608232214224949,202608232010368736,202608232010368283,85,2980,Bronze INV,br_OrientationChecklistNew,TASK_COMPLETE,SUCCESS,INFO,3,3,0,,2026-08-23T20:10:41.468Z,2026-08-23T22:16:21.732Z,7540,2026-08-23T22:16:21.732Z,VBRA,Brainerd,955211d4-28b8-44a0-8023-2bfaa48d6721,SAMMS-BrainerdV6
202608232214224950,202608232010368737,202608232010368283,85,2981,Bronze INV,br_OrientationChecklistNew,TASK_COMPLETE,SUCCESS,INFO,86,86,0,,2026-08-23T20:10:41.468Z,2026-08-23T22:16:21.732Z,7540,2026-08-23T22:16:21.732Z,VBRP,Brooklyn Park,955211d4-28b8-44a0-8023-2bfaa48d6721,SAMMS-BrooklynParkV6
202608232214224951,202608232010368738,202608232010368283,85,2983,Bronze INV,br_OrientationChecklistNew,TASK_COMPLETE,SUCCESS,INFO,10,10,0,,2026-08-23T20:10:41.468Z,2026-08-23T22:16:21.732Z,7540,2026-08-23T22:16:21.732Z,VMIN,Minneapolis,955211d4-28b8-44a0-8023-2bfaa48d6721,SAMMS-MinneapolisV6
202608232214224952,202608232010368739,202608232010368283,85,2984,Bronze INV,br_OrientationChecklistNew,TASK_COMPLETE,SUCCESS,INFO,118,118,0,,2026-08-23T20:10:41.468Z,2026-08-23T22:16:21.732Z,7540,2026-08-23T22:16:21.732Z,VWBY,Woodbury,955211d4-28b8-44a0-8023-2bfaa48d6721,SAMMS-WoodburyV6
202608232214224953,202608232010368740,202608232010368283,85,2986,Bronze INV,br_OrientationChecklistNew,TASK_COMPLETE,SUCCESS,INFO,7,7,0,,2026-08-23T20:10:41.468Z,2026-08-23T22:16:21.732Z,7540,2026-08-23T22:16:21.732Z,WIL,Wilson,955211d4-28b8-44a0-8023-2bfaa48d6721,SAMMS-Wilson
202608232214225055,202608232010468304,202608232010468283,86,8580,Silver INV,sl_OrientationChecklistNew,TASK_COMPLETE,SUCCESS,INFO,1900,1900,0,,2026-08-23T20:10:41.468Z,2026-08-23T22:16:21.732Z,7540,2026-08-23T22:16:21.732Z,,,955211d4-28b8-44a0-8023-2bfaa48d6721,
202608232214224983,202608232010370006,202608232010368283,85,2990,Bronze INV,br_ReAssessment,TASK_COMPLETE,SUCCESS,INFO,0,0,0,,2026-08-23T20:10:41.468Z,2026-08-23T22:16:21.732Z,7540,2026-08-23T22:16:21.732Z,AHK,Ahoskie,955211d4-28b8-44a0-8023-2bfaa48d6721,SAMMS-Ahoskie
202608232214224985,202608232010370007,202608232010368283,85,2991,Bronze INV,br_ReAssessment,TASK_COMPLETE,SUCCESS,INFO,0,0,0,,2026-08-23T20:10:41.468Z,2026-08-23T22:16:21.732Z,7540,2026-08-23T22:16:21.732Z,B12B,Colorado Springs,955211d4-28b8-44a0-8023-2bfaa48d6721,SAMMS-ColoradoSpringsV5
202608232214224986,202608232010370008,202608232010368283,85,2992,Bronze INV,br_ReAssessment,TASK_COMPLETE,SUCCESS,INFO,0,0,0,,2026-08-23T20:10:41.468Z,2026-08-23T22:16:21.732Z,7540,2026-08-23T22:16:21.732Z,B24,Paintsville,955211d4-28b8-44a0-8023-2bfaa48d6721,SAMMS-PaintsvilleV5
202608232214224987,202608232010370009,202608232010368283,85,2993,Bronze INV,br_ReAssessment,TASK_COMPLETE,SUCCESS,INFO,0,0,0,,2026-08-23T20:10:41.468Z,2026-08-23T22:16:21.732Z,7540,2026-08-23T22:16:21.732Z,B25,Pikeville,955211d4-28b8-44a0-8023-2bfaa48d6721,SAMMS-PikevilleV5
202608232214224988,202608232010370010,202608232010368283,85,2994,Bronze INV,br_ReAssessment,TASK_COMPLETE,SUCCESS,INFO,0,0,0,,2026-08-23T20:10:41.468Z,2026-08-23T22:16:21.732Z,7540,2026-08-23T22:16:21.732Z,B26,Hazard,955211d4-28b8-44a0-8023-2bfaa48d6721,SAMMS-HazardV5
202608232214224989,202608232010370011,202608232010368283,85,2995,Bronze INV,br_ReAssessment,TASK_COMPLETE,SUCCESS,INFO,0,0,0,,2026-08-23T20:10:41.468Z,2026-08-23T22:16:21.732Z,7540,2026-08-23T22:16:21.732Z,B27,Savannah,955211d4-28b8-44a0-8023-2bfaa48d6721,SAMMS-SavannahV6
202608232214224990,202608232010370012,202608232010368283,85,2996,Bronze INV,br_ReAssessment,TASK_COMPLETE,SUCCESS,INFO,0,0,0,,2026-08-23T20:10:41.468Z,2026-08-23T22:16:21.732Z,7540,2026-08-23T22:16:21.732Z,B28,West Plains,955211d4-28b8-44a0-8023-2bfaa48d6721,SAMMS-WestPlainesV5
202608232214224991,202608232010370013,202608232010368283,85,2997,Bronze INV,br_ReAssessment,TASK_COMPLETE,SUCCESS,INFO,0,0,0,,2026-08-23T20:10:41.468Z,2026-08-23T22:16:21.732Z,7540,2026-08-23T22:16:21.732Z,B29,Poplar Bluff,955211d4-28b8-44a0-8023-2bfaa48d6721,SAMMS-PoplarBluffV5
202608232214224993,202608232010370014,202608232010368283,85,2998,Bronze INV,br_ReAssessment,TASK_COMPLETE,SUCCESS,INFO,0,0,0,,2026-08-23T20:10:41.468Z,2026-08-23T22:16:21.732Z,7540,2026-08-23T22:16:21.732Z,B30,KC North,955211d4-28b8-44a0-8023-2bfaa48d6721,SAMMS-KCNv5
202608232214224994,202608232010370015,202608232010368283,85,2999,Bronze INV,br_ReAssessment,TASK_COMPLETE,SUCCESS,INFO,0,0,0,,2026-08-23T20:10:41.468Z,2026-08-23T22:16:21.732Z,7540,2026-08-23T22:16:21.732Z,B31,Dyersburg,955211d4-28b8-44a0-8023-2bfaa48d6721,SAMMS-DyersburgV5
202608232214224995,202608232010370016,202608232010368283,85,3001,Bronze INV,br_ReAssessment,TASK_COMPLETE,SUCCESS,INFO,0,0,0,,2026-08-23T20:10:41.468Z,2026-08-23T22:16:21.732Z,7540,2026-08-23T22:16:21.732Z,B33,Paducah,955211d4-28b8-44a0-8023-2bfaa48d6721,SAMMS-Paducah
202608232214224996,202608232010370017,202608232010368283,85,3002,Bronze INV,br_ReAssessment,TASK_COMPLETE,SUCCESS,INFO,0,0,0,,2026-08-23T20:10:41.468Z,2026-08-23T22:16:21.732Z,7540,2026-08-23T22:16:21.732Z,B34,Corbin,955211d4-28b8-44a0-8023-2bfaa48d6721,SAMMS-CorbinV5
202608232214224997,202608232010370018,202608232010368283,85,3003,Bronze INV,br_ReAssessment,TASK_COMPLETE,SUCCESS,INFO,0,0,0,,2026-08-23T20:10:41.468Z,2026-08-23T22:16:21.732Z,7540,2026-08-23T22:16:21.732Z,B35,Lexington,955211d4-28b8-44a0-8023-2bfaa48d6721,SAMMS-LexingtonV5
202608232214224998,202608232010370019,202608232010368283,85,3004,Bronze INV,br_ReAssessment,TASK_COMPLETE,SUCCESS,INFO,0,0,0,,2026-08-23T20:10:41.468Z,2026-08-23T22:16:21.732Z,7540,2026-08-23T22:16:21.732Z,B35A,Berea,955211d4-28b8-44a0-8023-2bfaa48d6721,SAMMS-BereaV5
202608232214225000,202608232010370020,202608232010368283,85,3005,Bronze INV,br_ReAssessment,TASK_COMPLETE,SUCCESS,INFO,0,0,0,,2026-08-23T20:10:41.468Z,2026-08-23T22:16:21.732Z,7540,2026-08-23T22:16:21.732Z,B36,Asheville,955211d4-28b8-44a0-8023-2bfaa48d6721,SAMMS-AshevilleV5
202608232214225001,202608232010370021,202608232010368283,85,3006,Bronze INV,br_ReAssessment,TASK_COMPLETE,SUCCESS,INFO,0,0,0,,2026-08-23T20:10:41.468Z,2026-08-23T22:16:21.732Z,7540,2026-08-23T22:16:21.732Z,B37,Clyde,955211d4-28b8-44a0-8023-2bfaa48d6721,SAMMS-ClydeV5
202608232214225002,202608232010370022,202608232010368283,85,3007,Bronze INV,br_ReAssessment,TASK_COMPLETE,SUCCESS,INFO,0,0,0,,2026-08-23T20:10:41.468Z,2026-08-23T22:16:21.732Z,7540,2026-08-23T22:16:21.732Z,B38,Spartanburg,955211d4-28b8-44a0-8023-2bfaa48d6721,SAMMS-SpartanburgV5
202608232214225003,202608232010370023,202608232010368283,85,3008,Bronze INV,br_ReAssessment,TASK_COMPLETE,SUCCESS,INFO,0,0,0,,2026-08-23T20:10:41.468Z,2026-08-23T22:16:21.732Z,7540,2026-08-23T22:16:21.732Z,B39,Aiken,955211d4-28b8-44a0-8023-2bfaa48d6721,SAMMS-AikenV5
202608232214225004,202608232010370024,202608232010368283,85,3009,Bronze INV,br_ReAssessment,TASK_COMPLETE,SUCCESS,INFO,0,0,0,,2026-08-23T20:10:41.468Z,2026-08-23T22:16:21.732Z,7540,2026-08-23T22:16:21.732Z,B41,Chesapeake,955211d4-28b8-44a0-8023-2bfaa48d6721,SAMMS-ChesapeakeV5
202608232214225005,202608232010370025,202608232010368283,85,3010,Bronze INV,br_ReAssessment,TASK_COMPLETE,SUCCESS,INFO,0,0,0,,2026-08-23T20:10:41.468Z,2026-08-23T22:16:21.732Z,7540,2026-08-23T22:16:21.732Z,B42,Virginia Beach,955211d4-28b8-44a0-8023-2bfaa48d6721,SAMMS-VirginiaBeachV5
202608232214225007,202608232010370026,202608232010368283,85,3011,Bronze INV,br_ReAssessment,TASK_COMPLETE,SUCCESS,INFO,0,0,0,,2026-08-23T20:10:41.468Z,2026-08-23T22:16:21.732Z,7540,2026-08-23T22:16:21.732Z,B42A,Newport News,955211d4-28b8-44a0-8023-2bfaa48d6721,SAMMS-NewportNewsV5
202608232214225008,202608232010370027,202608232010368283,85,3012,Bronze INV,br_ReAssessment,TASK_COMPLETE,SUCCESS,INFO,0,0,0,,2026-08-23T20:10:41.468Z,2026-08-23T22:16:21.732Z,7540,2026-08-23T22:16:21.732Z,B42B,Franklin,955211d4-28b8-44a0-8023-2bfaa48d6721,SAMMS-FranklinV5
202608232214225009,202608232010370028,202608232010368283,85,3013,Bronze INV,br_ReAssessment,TASK_COMPLETE,SUCCESS,INFO,0,0,0,,2026-08-23T20:10:41.468Z,2026-08-23T22:16:21.732Z,7540,2026-08-23T22:16:21.732Z,B42C,Glen Allen,955211d4-28b8-44a0-8023-2bfaa48d6721,SAMMS-GlenAllenV5
202608232214225010,202608232010370029,202608232010368283,85,3014,Bronze INV,br_ReAssessment,TASK_COMPLETE,SUCCESS,INFO,0,0,0,,2026-08-23T20:10:41.468Z,2026-08-23T22:16:21.732Z,7540,2026-08-23T22:16:21.732Z,B42D,Chesapeake South,955211d4-28b8-44a0-8023-2bfaa48d6721,SAMMS-ChesapeakeSouthV5
202608232214225011,202608232010370030,202608232010368283,85,3015,Bronze INV,br_ReAssessment,TASK_COMPLETE,SUCCESS,INFO,0,0,0,,2026-08-23T20:10:41.468Z,2026-08-23T22:16:21.732Z,7540,2026-08-23T22:16:21.732Z,B44,Albany,955211d4-28b8-44a0-8023-2bfaa48d6721,SAMMS-AlbanyV5
202608232214225012,202608232010370031,202608232010368283,85,3016,Bronze INV,br_ReAssessment,TASK_COMPLETE,SUCCESS,INFO,0,0,0,,2026-08-23T20:10:41.468Z,2026-08-23T22:16:21.732Z,7540,2026-08-23T22:16:21.732Z,B45,Tifton,955211d4-28b8-44a0-8023-2bfaa48d6721,SAMMS-TiftonV5
202608232214225013,202608232010370032,202608232010368283,85,3017,Bronze INV,br_ReAssessment,TASK_COMPLETE,SUCCESS,INFO,0,0,0,,2026-08-23T20:10:41.468Z,2026-08-23T22:16:21.732Z,7540,2026-08-23T22:16:21.732Z,B46,Washington DC,955211d4-28b8-44a0-8023-2bfaa48d6721,SAMMS-WashingtonDCv5
202608232214225015,202608232010370033,202608232010368283,85,3018,Bronze INV,br_ReAssessment,TASK_COMPLETE,SUCCESS,INFO,0,0,0,,2026-08-23T20:10:41.468Z,2026-08-23T22:16:21.732Z,7540,2026-08-23T22:16:21.732Z,B47,Mobile,955211d4-28b8-44a0-8023-2bfaa48d6721,SAMMS-MobileV5
202608232214225016,202608232010370034,202608232010368283,85,3019,Bronze INV,br_ReAssessment,TASK_COMPLETE,SUCCESS,INFO,0,0,0,,2026-08-23T20:10:41.468Z,2026-08-23T22:16:21.732Z,7540,2026-08-23T22:16:21.732Z,B48,Tuscaloosa,955211d4-28b8-44a0-8023-2bfaa48d6721,SAMMS-TuscaloosaV5
202608232214225017,202608232010370035,202608232010368283,85,3028,Bronze INV,br_ReAssessment,TASK_COMPLETE,SUCCESS,INFO,0,0,0,,2026-08-23T20:10:41.468Z,2026-08-23T22:16:21.732Z,7540,2026-08-23T22:16:21.732Z,B51,N. Little Rock (OTP),955211d4-28b8-44a0-8023-2bfaa48d6721,SAMMS-NorthLittleRockV6
202608232214225018,202608232010370036,202608232010368283,85,3029,Bronze INV,br_ReAssessment,TASK_COMPLETE,SUCCESS,INFO,0,0,0,,2026-08-23T20:10:41.468Z,2026-08-23T22:16:21.732Z,7540,2026-08-23T22:16:21.732Z,B52,Jackson GA,955211d4-28b8-44a0-8023-2bfaa48d6721,SAMMS-JacksonGAV5
202608232214225019,202608232010370037,202608232010368283,85,3030,Bronze INV,br_ReAssessment,TASK_COMPLETE,SUCCESS,INFO,0,0,0,,2026-08-23T20:10:41.468Z,2026-08-23T22:16:21.732Z,7540,2026-08-23T22:16:21.732Z,B54,Gadsden,955211d4-28b8-44a0-8023-2bfaa48d6721,SAMMS-GadsdenV5
202608232214225020,202608232010370038,202608232010368283,85,3031,Bronze INV,br_ReAssessment,TASK_COMPLETE,SUCCESS,INFO,0,0,0,,2026-08-23T20:10:41.468Z,2026-08-23T22:16:21.732Z,7540,2026-08-23T22:16:21.732Z,B55,Shoals,955211d4-28b8-44a0-8023-2bfaa48d6721,SAMMS-ShoalsV5
202608232214225022,202608232010370039,202608232010368283,85,3032,Bronze INV,br_ReAssessment,TASK_COMPLETE,SUCCESS,INFO,0,0,0,,2026-08-23T20:10:41.468Z,2026-08-23T22:16:21.732Z,7540,2026-08-23T22:16:21.732Z,B57,Pawtucket,955211d4-28b8-44a0-8023-2bfaa48d6721,SAMMS-Pawtucket
202608232214225023,202608232010370040,202608232010368283,85,3033,Bronze INV,br_ReAssessment,TASK_COMPLETE,SUCCESS,INFO,0,0,0,,2026-08-23T20:10:41.468Z,2026-08-23T22:16:21.732Z,7540,2026-08-23T22:16:21.732Z,B57A,Johnston,955211d4-28b8-44a0-8023-2bfaa48d6721,SAMMS-Johnston
202608232214225024,202608232010370041,202608232010368283,85,3034,Bronze INV,br_ReAssessment,TASK_COMPLETE,SUCCESS,INFO,0,0,0,,2026-08-23T20:10:41.468Z,2026-08-23T22:16:21.732Z,7540,2026-08-23T22:16:21.732Z,B57B,Middletown,955211d4-28b8-44a0-8023-2bfaa48d6721,SAMMS-Middletown
202608232214225025,202608232010370042,202608232010368283,85,3035,Bronze INV,br_ReAssessment,TASK_COMPLETE,SUCCESS,INFO,0,0,0,,2026-08-23T20:10:41.468Z,2026-08-23T22:16:21.732Z,7540,2026-08-23T22:16:21.732Z,B57C,Providence,955211d4-28b8-44a0-8023-2bfaa48d6721,SAMMS-Providence
202608232214225026,202608232010370043,202608232010368283,85,3036,Bronze INV,br_ReAssessment,TASK_COMPLETE,SUCCESS,INFO,0,0,0,,2026-08-23T20:10:41.468Z,2026-08-23T22:16:21.732Z,7540,2026-08-23T22:16:21.732Z,B57D,Westerly,955211d4-28b8-44a0-8023-2bfaa48d6721,SAMMS-Westerly
202608232214225027,202608232010370044,202608232010368283,85,3040,Bronze INV,br_ReAssessment,TASK_COMPLETE,SUCCESS,INFO,0,0,0,,2026-08-23T20:10:41.468Z,2026-08-23T22:16:21.732Z,7540,2026-08-23T22:16:21.732Z,B66A,Bremen,955211d4-28b8-44a0-8023-2bfaa48d6721,SAMMS-Bremen
202608232214225028,202608232010370045,202608232010368283,85,3043,Bronze INV,br_ReAssessment,TASK_COMPLETE,SUCCESS,INFO,0,0,0,,2026-08-23T20:10:41.468Z,2026-08-23T22:16:21.732Z,7540,2026-08-23T22:16:21.732Z,B72,Mobile (OBOT),955211d4-28b8-44a0-8023-2bfaa48d6721,SAMMS-Mobile-OBOT
202608232214225030,202608232010370046,202608232010368283,85,3044,Bronze INV,br_ReAssessment,TASK_COMPLETE,SUCCESS,INFO,0,0,0,,2026-08-23T20:10:41.468Z,2026-08-23T22:16:21.732Z,7540,2026-08-23T22:16:21.732Z,B73,Montgomery,955211d4-28b8-44a0-8023-2bfaa48d6721,SAMMS-Montgomery
202608232214225031,202608232010370047,202608232010368283,85,3045,Bronze INV,br_ReAssessment,TASK_COMPLETE,SUCCESS,INFO,0,0,0,,2026-08-23T20:10:41.468Z,2026-08-23T22:16:21.732Z,7540,2026-08-23T22:16:21.732Z,B75,Lawrence,955211d4-28b8-44a0-8023-2bfaa48d6721,SAMMS-LawrenceV6
202608232214225032,202608232010370048,202608232010368283,85,3046,Bronze INV,br_ReAssessment,TASK_COMPLETE,SUCCESS,INFO,0,0,0,,2026-08-23T20:10:41.468Z,2026-08-23T22:16:21.732Z,7540,2026-08-23T22:16:21.732Z,B76,Huntsville OBOT,955211d4-28b8-44a0-8023-2bfaa48d6721,SAMMS-Huntsville-OBOT
202608232214225033,202608232010370049,202608232010368283,85,3047,Bronze INV,br_ReAssessment,TASK_COMPLETE,SUCCESS,INFO,0,0,0,,2026-08-23T20:10:41.468Z,2026-08-23T22:16:21.732Z,7540,2026-08-23T22:16:21.732Z,BAT,Batesville,955211d4-28b8-44a0-8023-2bfaa48d6721,SAMMS-Batesville
202608232214225034,202608232010370050,202608232010368283,85,3048,Bronze INV,br_ReAssessment,TASK_COMPLETE,SUCCESS,INFO,0,0,0,,2026-08-23T20:10:41.468Z,2026-08-23T22:16:21.732Z,7540,2026-08-23T22:16:21.732Z,BG,Bowling Green,955211d4-28b8-44a0-8023-2bfaa48d6721,SAMMS-BowlingGreen
202608232214225035,202608232010370051,202608232010368283,85,3049,Bronze INV,br_ReAssessment,TASK_COMPLETE,SUCCESS,INFO,0,0,0,,2026-08-23T20:10:41.468Z,2026-08-23T22:16:21.732Z,7540,2026-08-23T22:16:21.732Z,BOI,Boise,955211d4-28b8-44a0-8023-2bfaa48d6721,SAMMS-Boise
202608232214225037,202608232010370052,202608232010368283,85,3056,Bronze INV,br_ReAssessment,TASK_COMPLETE,SUCCESS,INFO,0,0,0,,2026-08-23T20:10:41.468Z,2026-08-23T22:16:21.732Z,7540,2026-08-23T22:16:21.732Z,CBCO,Coeur dAlene,955211d4-28b8-44a0-8023-2bfaa48d6721,SAMMS-CoeurdAleneV6
202608232214225038,202608232010370053,202608232010368283,85,3075,Bronze INV,br_ReAssessment,TASK_COMPLETE,SUCCESS,INFO,0,0,0,,2026-08-23T20:10:41.468Z,2026-08-23T22:16:21.732Z,7540,2026-08-23T22:16:21.732Z,CON,Conway,955211d4-28b8-44a0-8023-2bfaa48d6721,SAMMS-Conway
202608232214225039,202608232010370054,202608232010368283,85,3076,Bronze INV,br_ReAssessment,TASK_COMPLETE,SUCCESS,INFO,0,0,0,,2026-08-23T20:10:41.468Z,2026-08-23T22:16:21.732Z,7540,2026-08-23T22:16:21.732Z,D07,Medical Services Knox TN,955211d4-28b8-44a0-8023-2bfaa48d6721,SAMMS-KnoxvilleV6
202608232214225040,202608232010370055,202608232010368283,85,3077,Bronze INV,br_ReAssessment,TASK_COMPLETE,SUCCESS,INFO,0,0,0,,2026-08-23T20:10:41.468Z,2026-08-23T22:16:21.732Z,7540,2026-08-23T22:16:21.732Z,D08,Madison,955211d4-28b8-44a0-8023-2bfaa48d6721,SAMMS-MadisonV6
202608232214225041,202608232010370056,202608232010368283,85,3079,Bronze INV,br_ReAssessment,TASK_COMPLETE,SUCCESS,INFO,0,0,0,,2026-08-23T20:10:41.468Z,2026-08-23T22:16:21.732Z,7540,2026-08-23T22:16:21.732Z,D09,Murfreesboro,955211d4-28b8-44a0-8023-2bfaa48d6721,SAMMS-MurfreesboroV6
202608232214225042,202608232010370057,202608232010368283,85,3080,Bronze INV,br_ReAssessment,TASK_COMPLETE,SUCCESS,INFO,0,0,0,,2026-08-23T20:10:41.468Z,2026-08-23T22:16:21.732Z,7540,2026-08-23T22:16:21.732Z,DA,Davenport,955211d4-28b8-44a0-8023-2bfaa48d6721,SAMMS-Davenport
202608232214225044,202608232010370058,202608232010368283,85,3081,Bronze INV,br_ReAssessment,TASK_COMPLETE,SUCCESS,INFO,0,0,0,,2026-08-23T20:10:41.468Z,2026-08-23T22:16:21.732Z,7540,2026-08-23T22:16:21.732Z,DM,Des Moines,955211d4-28b8-44a0-8023-2bfaa48d6721,SAMMS-DesMoines
202608232214225045,202608232010370059,202608232010368283,85,3083,Bronze INV,br_ReAssessment,TASK_COMPLETE,SUCCESS,INFO,0,0,0,,2026-08-23T20:10:41.468Z,2026-08-23T22:16:21.732Z,7540,2026-08-23T22:16:21.732Z,DRD-CO,Columbia MO,955211d4-28b8-44a0-8023-2bfaa48d6721,SAMMS-ColumbiaV5
202608232214225046,202608232010370060,202608232010368283,85,3084,Bronze INV,br_ReAssessment,TASK_COMPLETE,SUCCESS,INFO,0,0,0,,2026-08-23T20:10:41.468Z,2026-08-23T22:16:21.732Z,7540,2026-08-23T22:16:21.732Z,DRD-KC,KC,955211d4-28b8-44a0-8023-2bfaa48d6721,SAMMS-KCv5
202608232214225047,202608232010370061,202608232010368283,85,3085,Bronze INV,br_ReAssessment,TASK_COMPLETE,SUCCESS,INFO,0,0,0,,2026-08-23T20:10:41.468Z,2026-08-23T22:16:21.732Z,7540,2026-08-23T22:16:21.732Z,DRD-KVB,KVB,955211d4-28b8-44a0-8023-2bfaa48d6721,SAMMS-KVBv5
202608232214225048,202608232010370062,202608232010368283,85,3086,Bronze INV,br_ReAssessment,TASK_COMPLETE,SUCCESS,INFO,0,0,0,,2026-08-23T20:10:41.468Z,2026-08-23T22:16:21.732Z,7540,2026-08-23T22:16:21.732Z,DRD-KVC,KVC,955211d4-28b8-44a0-8023-2bfaa48d6721,SAMMS-KVCv5
202608232214225049,202608232010370063,202608232010368283,85,3087,Bronze INV,br_ReAssessment,TASK_COMPLETE,SUCCESS,INFO,0,0,0,,2026-08-23T20:10:41.468Z,2026-08-23T22:16:21.732Z,7540,2026-08-23T22:16:21.732Z,DRD-NOLA,NOLA,955211d4-28b8-44a0-8023-2bfaa48d6721,SAMMS-NOLAv5
202608232214225050,202608232010370064,202608232010368283,85,3088,Bronze INV,br_ReAssessment,TASK_COMPLETE,SUCCESS,INFO,0,0,0,,2026-08-23T20:10:41.468Z,2026-08-23T22:16:21.732Z,7540,2026-08-23T22:16:21.732Z,DRD-SF,Springfield,955211d4-28b8-44a0-8023-2bfaa48d6721,SAMMS-SFv5
202608232214225052,202608232010370065,202608232010368283,85,3090,Bronze INV,br_ReAssessment,TASK_COMPLETE,SUCCESS,INFO,0,0,0,,2026-08-23T20:10:41.468Z,2026-08-23T22:16:21.732Z,7540,2026-08-23T22:16:21.732Z,ELC,Elizabeth City,955211d4-28b8-44a0-8023-2bfaa48d6721,SAMMS-ElizabethCity
202608232214225053,202608232010370066,202608232010368283,85,3091,Bronze INV,br_ReAssessment,TASK_COMPLETE,SUCCESS,INFO,0,0,0,,2026-08-23T20:10:41.468Z,2026-08-23T22:16:21.732Z,7540,2026-08-23T22:16:21.732Z,ET,Elizabethtown,955211d4-28b8-44a0-8023-2bfaa48d6721,SAMMS-Elizabethtown
202608232214225054,202608232010370067,202608232010368283,85,3092,Bronze INV,br_ReAssessment,TASK_COMPLETE,SUCCESS,INFO,0,0,0,,2026-08-23T20:10:41.468Z,2026-08-23T22:16:21.732Z,7540,2026-08-23T22:16:21.732Z,FAY,Fayetteville,955211d4-28b8-44a0-8023-2bfaa48d6721,SAMMS-Fayetteville
202608232214225055,202608232010370068,202608232010368283,85,3093,Bronze INV,br_ReAssessment,TASK_COMPLETE,SUCCESS,INFO,0,0,0,,2026-08-23T20:10:41.468Z,2026-08-23T22:16:21.732Z,7540,2026-08-23T22:16:21.732Z,FR,Frankfort,955211d4-28b8-44a0-8023-2bfaa48d6721,SAMMS-Frankfort
202608232214225056,202608232010370069,202608232010368283,85,3094,Bronze INV,br_ReAssessment,TASK_COMPLETE,SUCCESS,INFO,0,0,0,,2026-08-23T20:10:41.468Z,2026-08-23T22:16:21.732Z,7540,2026-08-23T22:16:21.732Z,FS,Fort Smith,955211d4-28b8-44a0-8023-2bfaa48d6721,SAMMS-FortSmith
202608232214225057,202608232010370070,202608232010368283,85,3095,Bronze INV,br_ReAssessment,TASK_COMPLETE,SUCCESS,INFO,0,0,0,,2026-08-23T20:10:41.468Z,2026-08-23T22:16:21.732Z,7540,2026-08-23T22:16:21.732Z,FW,Fort Wayne,955211d4-28b8-44a0-8023-2bfaa48d6721,SAMMS-FortWayne
202608232214225059,202608232010370071,202608232010368283,85,3096,Bronze INV,br_ReAssessment,TASK_COMPLETE,SUCCESS,INFO,0,0,0,,2026-08-23T20:10:41.468Z,2026-08-23T22:16:21.732Z,7540,2026-08-23T22:16:21.732Z,GAL,Gaylord,955211d4-28b8-44a0-8023-2bfaa48d6721,SAMMS-Gaylord
202608232214225060,202608232010370072,202608232010368283,85,3100,Bronze INV,br_ReAssessment,TASK_COMPLETE,SUCCESS,INFO,0,0,0,,2026-08-23T20:10:41.468Z,2026-08-23T22:16:21.732Z,7540,2026-08-23T22:16:21.732Z,HGT,Hagerstown,955211d4-28b8-44a0-8023-2bfaa48d6721,SAMMS-Hagerstown
202608232214225061,202608232010370073,202608232010368283,85,3101,Bronze INV,br_ReAssessment,TASK_COMPLETE,SUCCESS,INFO,0,0,0,,2026-08-23T20:10:41.468Z,2026-08-23T22:16:21.732Z,7540,2026-08-23T22:16:21.732Z,HNT,Huntsville,955211d4-28b8-44a0-8023-2bfaa48d6721,SAMMS-Huntsville
202608232214225062,202608232010370074,202608232010368283,85,3102,Bronze INV,br_ReAssessment,TASK_COMPLETE,SUCCESS,INFO,0,0,0,,2026-08-23T20:10:41.468Z,2026-08-23T22:16:21.732Z,7540,2026-08-23T22:16:21.732Z,HS,Hot Springs,955211d4-28b8-44a0-8023-2bfaa48d6721,SAMMS-HotSprings
202608232214225063,202608232010370075,202608232010368283,85,3103,Bronze INV,br_ReAssessment,TASK_COMPLETE,SUCCESS,INFO,0,0,0,,2026-08-23T20:10:41.468Z,2026-08-23T22:16:21.732Z,7540,2026-08-23T22:16:21.732Z,JON,Jonesboro,955211d4-28b8-44a0-8023-2bfaa48d6721,SAMMS-Jonesboro
202608232214225064,202608232010370076,202608232010368283,85,3105,Bronze INV,br_ReAssessment,TASK_COMPLETE,SUCCESS,INFO,0,0,0,,2026-08-23T20:10:41.468Z,2026-08-23T22:16:21.732Z,7540,2026-08-23T22:16:21.732Z,LAN,Lansing,955211d4-28b8-44a0-8023-2bfaa48d6721,SAMMS-Lansing
202608232214225066,202608232010370077,202608232010368283,85,3106,Bronze INV,br_ReAssessment,TASK_COMPLETE,SUCCESS,INFO,0,0,0,,2026-08-23T20:10:41.468Z,2026-08-23T22:16:21.732Z,7540,2026-08-23T22:16:21.732Z,LO,Louisville,955211d4-28b8-44a0-8023-2bfaa48d6721,SAMMS-Louisville
202608232214225067,202608232010370078,202608232010368283,85,3107,Bronze INV,br_ReAssessment,TASK_COMPLETE,SUCCESS,INFO,0,0,0,,2026-08-23T20:10:41.468Z,2026-08-23T22:16:21.732Z,7540,2026-08-23T22:16:21.732Z,LV1,Cheyenne,955211d4-28b8-44a0-8023-2bfaa48d6721,SAMMS-Cheyenne
202608232214225068,202608232010370079,202608232010368283,85,3108,Bronze INV,br_ReAssessment,TASK_COMPLETE,SUCCESS,INFO,0,0,0,,2026-08-23T20:10:41.468Z,2026-08-23T22:16:21.732Z,7540,2026-08-23T22:16:21.732Z,LV2,Desert Inn,955211d4-28b8-44a0-8023-2bfaa48d6721,SAMMS-DesertInn
202608232214225069,202608232010370080,202608232010368283,85,3109,Bronze INV,br_ReAssessment,TASK_COMPLETE,SUCCESS,INFO,0,0,0,,2026-08-23T20:10:41.468Z,2026-08-23T22:16:21.732Z,7540,2026-08-23T22:16:21.732Z,LV3,McDaniel,955211d4-28b8-44a0-8023-2bfaa48d6721,SAMMS-McDaniel
202608232214225070,202608232010370081,202608232010368283,85,3112,Bronze INV,br_ReAssessment,TASK_COMPLETE,SUCCESS,INFO,0,0,0,,2026-08-23T20:10:41.468Z,2026-08-23T22:16:21.732Z,7540,2026-08-23T22:16:21.732Z,MNRE,Monroe,955211d4-28b8-44a0-8023-2bfaa48d6721,SAMMS-Monroe
202608232214225071,202608232010370082,202608232010368283,85,3113,Bronze INV,br_ReAssessment,TASK_COMPLETE,SUCCESS,INFO,0,0,0,,2026-08-23T20:10:41.468Z,2026-08-23T22:16:21.732Z,7540,2026-08-23T22:16:21.732Z,MP,Mt. Pleasant,955211d4-28b8-44a0-8023-2bfaa48d6721,SAMMS-MtPleasant
202608232214225072,202608232010370083,202608232010368283,85,3114,Bronze INV,br_ReAssessment,TASK_COMPLETE,SUCCESS,INFO,0,0,0,,2026-08-23T20:10:41.468Z,2026-08-23T22:16:21.732Z,7540,2026-08-23T22:16:21.732Z,MRD,Meridian,955211d4-28b8-44a0-8023-2bfaa48d6721,SAMMS-Meridian
202608232214225074,202608232010370084,202608232010368283,85,3119,Bronze INV,br_ReAssessment,TASK_COMPLETE,SUCCESS,INFO,0,0,0,,2026-08-23T20:10:41.468Z,2026-08-23T22:16:21.732Z,7540,2026-08-23T22:16:21.732Z,NC,North Charleston,955211d4-28b8-44a0-8023-2bfaa48d6721,SAMMS-NorthCharleston
202608232214225075,202608232010370085,202608232010368283,85,3120,Bronze INV,br_ReAssessment,TASK_COMPLETE,SUCCESS,INFO,0,0,0,,2026-08-23T20:10:41.468Z,2026-08-23T22:16:21.732Z,7540,2026-08-23T22:16:21.732Z,NLR,N. Little Rock,955211d4-28b8-44a0-8023-2bfaa48d6721,SAMMS-NLROBOT
202608232214225076,202608232010370086,202608232010368283,85,3121,Bronze INV,br_ReAssessment,TASK_COMPLETE,SUCCESS,INFO,0,0,0,,2026-08-23T20:10:41.468Z,2026-08-23T22:16:21.732Z,7540,2026-08-23T22:16:21.732Z,PH,Phoenix,955211d4-28b8-44a0-8023-2bfaa48d6721,SAMMS-Phoenix
202608232214225077,202608232010370087,202608232010368283,85,3125,Bronze INV,br_ReAssessment,TASK_COMPLETE,SUCCESS,INFO,0,0,0,,2026-08-23T20:10:41.468Z,2026-08-23T22:16:21.732Z,7540,2026-08-23T22:16:21.732Z,RE,Reno,955211d4-28b8-44a0-8023-2bfaa48d6721,SAMMS-Reno
202608232214225078,202608232010370088,202608232010368283,85,3126,Bronze INV,br_ReAssessment,TASK_COMPLETE,SUCCESS,INFO,0,0,0,,2026-08-23T20:10:41.468Z,2026-08-23T22:16:21.732Z,7540,2026-08-23T22:16:21.732Z,RMD,Richmond,955211d4-28b8-44a0-8023-2bfaa48d6721,SAMMS-Richmond
202608232214225079,202608232010370089,202608232010368283,85,3127,Bronze INV,br_ReAssessment,TASK_COMPLETE,SUCCESS,INFO,0,0,0,,2026-08-23T20:10:41.468Z,2026-08-23T22:16:21.732Z,7540,2026-08-23T22:16:21.732Z,SFN,Springfield North,955211d4-28b8-44a0-8023-2bfaa48d6721,SAMMS-SFNv5
202608232214225081,202608232010370090,202608232010368283,85,3128,Bronze INV,br_ReAssessment,TASK_COMPLETE,SUCCESS,INFO,0,0,0,,2026-08-23T20:10:41.468Z,2026-08-23T22:16:21.732Z,7540,2026-08-23T22:16:21.732Z,SHP,Shreveport,955211d4-28b8-44a0-8023-2bfaa48d6721,SAMMS-Shreveport
202608232214225082,202608232010370091,202608232010368283,85,3130,Bronze INV,br_ReAssessment,TASK_COMPLETE,SUCCESS,INFO,0,0,0,,2026-08-23T20:10:41.468Z,2026-08-23T22:16:21.732Z,7540,2026-08-23T22:16:21.732Z,STN,Staunton,955211d4-28b8-44a0-8023-2bfaa48d6721,SAMMS-Staunton
202608232214225083,202608232010370092,202608232010368283,85,3131,Bronze INV,br_ReAssessment,TASK_COMPLETE,SUCCESS,INFO,0,0,0,,2026-08-23T20:10:41.468Z,2026-08-23T22:16:21.732Z,7540,2026-08-23T22:16:21.732Z,STVN,Stevenson,955211d4-28b8-44a0-8023-2bfaa48d6721,SAMMS-Stevenson
202608232214225084,202608232010370093,202608232010368283,85,3133,Bronze INV,br_ReAssessment,TASK_COMPLETE,SUCCESS,INFO,0,0,0,,2026-08-23T20:10:41.468Z,2026-08-23T22:16:21.732Z,7540,2026-08-23T22:16:21.732Z,TE,Tempe,955211d4-28b8-44a0-8023-2bfaa48d6721,SAMMS-Tempe
202608232214225085,202608232010370094,202608232010368283,85,3134,Bronze INV,br_ReAssessment,TASK_COMPLETE,SUCCESS,INFO,0,0,0,,2026-08-23T20:10:41.468Z,2026-08-23T22:16:21.732Z,7540,2026-08-23T22:16:21.732Z,TEX,Texarkana,955211d4-28b8-44a0-8023-2bfaa48d6721,SAMMS-Texarkana
202608232214225086,202608232010370095,202608232010368283,85,3135,Bronze INV,br_ReAssessment,TASK_COMPLETE,SUCCESS,INFO,0,0,0,,2026-08-23T20:10:41.468Z,2026-08-23T22:16:21.732Z,7540,2026-08-23T22:16:21.732Z,TTCA,Bessemer,955211d4-28b8-44a0-8023-2bfaa48d6721,SAMMS-BessemerV5
202608232214225087,202608232010370096,202608232010368283,85,3136,Bronze INV,br_ReAssessment,TASK_COMPLETE,SUCCESS,INFO,0,0,0,,2026-08-23T20:10:41.468Z,2026-08-23T22:16:21.732Z,7540,2026-08-23T22:16:21.732Z,TTCB,Cullman,955211d4-28b8-44a0-8023-2bfaa48d6721,SAMMS-CullmanV5
202608232214225089,202608232010370097,202608232010368283,85,3137,Bronze INV,br_ReAssessment,TASK_COMPLETE,SUCCESS,INFO,0,0,0,,2026-08-23T20:10:41.468Z,2026-08-23T22:16:21.732Z,7540,2026-08-23T22:16:21.732Z,TTCC,Grand Bay,955211d4-28b8-44a0-8023-2bfaa48d6721,SAMMS-GrandBay
202608232214225090,202608232010370098,202608232010368283,85,3138,Bronze INV,br_ReAssessment,TASK_COMPLETE,SUCCESS,INFO,0,0,0,,2026-08-23T20:10:41.468Z,2026-08-23T22:16:21.732Z,7540,2026-08-23T22:16:21.732Z,TU,Tucson,955211d4-28b8-44a0-8023-2bfaa48d6721,SAMMS-Tucson
202608232214225091,202608232010370099,202608232010368283,85,3140,Bronze INV,br_ReAssessment,TASK_COMPLETE,SUCCESS,INFO,0,0,0,,2026-08-23T20:10:41.468Z,2026-08-23T22:16:21.732Z,7540,2026-08-23T22:16:21.732Z,V1,Memphis South,955211d4-28b8-44a0-8023-2bfaa48d6721,SAMMS-VCPHCS-I-MemphisV5
202608232214225092,202608232010370100,202608232010368283,85,3141,Bronze INV,br_ReAssessment,TASK_COMPLETE,SUCCESS,INFO,0,0,0,,2026-08-23T20:10:41.468Z,2026-08-23T22:16:21.732Z,7540,2026-08-23T22:16:21.732Z,V10,Longmont,955211d4-28b8-44a0-8023-2bfaa48d6721,SAMMS-BoulderV5
202608232214225093,202608232010370101,202608232010368283,85,3142,Bronze INV,br_ReAssessment,TASK_COMPLETE,SUCCESS,INFO,0,0,0,,2026-08-23T20:10:41.468Z,2026-08-23T22:16:21.732Z,7540,2026-08-23T22:16:21.732Z,V10A,Fort Collins,955211d4-28b8-44a0-8023-2bfaa48d6721,SAMMS-FortCollinsV5
202608232214225094,202608232010370102,202608232010368283,85,3143,Bronze INV,br_ReAssessment,TASK_COMPLETE,SUCCESS,INFO,0,0,0,,2026-08-23T20:10:41.468Z,2026-08-23T22:16:21.732Z,7540,2026-08-23T22:16:21.732Z,V11,Westminster,955211d4-28b8-44a0-8023-2bfaa48d6721,SAMMS-VCPHCS-XI-NorthDenverV5
202608232214225096,202608232010370103,202608232010368283,85,3144,Bronze INV,br_ReAssessment,TASK_COMPLETE,SUCCESS,INFO,0,0,0,,2026-08-23T20:10:41.468Z,2026-08-23T22:16:21.732Z,7540,2026-08-23T22:16:21.732Z,V12,Downtown Denver,955211d4-28b8-44a0-8023-2bfaa48d6721,SAMMS-VCPHCS-XII-DowntownDenverV5
202608232214225097,202608232010370104,202608232010368283,85,3145,Bronze INV,br_ReAssessment,TASK_COMPLETE,SUCCESS,INFO,0,0,0,,2026-08-23T20:10:41.468Z,2026-08-23T22:16:21.732Z,7540,2026-08-23T22:16:21.732Z,V12A,Centennial,955211d4-28b8-44a0-8023-2bfaa48d6721,SAMMS-CentennialV5
202608232214225098,202608232010370105,202608232010368283,85,3146,Bronze INV,br_ReAssessment,TASK_COMPLETE,SUCCESS,INFO,0,0,0,,2026-08-23T20:10:41.468Z,2026-08-23T22:16:21.732Z,7540,2026-08-23T22:16:21.732Z,V14,Overland Park,955211d4-28b8-44a0-8023-2bfaa48d6721,SAMMS-VCPHCS-XIV-BridgewayV5
202608232214225099,202608232010370106,202608232010368283,85,3147,Bronze INV,br_ReAssessment,TASK_COMPLETE,SUCCESS,INFO,0,0,0,,2026-08-23T20:10:41.468Z,2026-08-23T22:16:21.732Z,7540,2026-08-23T22:16:21.732Z,V15,Joplin,955211d4-28b8-44a0-8023-2bfaa48d6721,SAMMS-JoplinV5
202608232214225100,202608232010370107,202608232010368283,85,3149,Bronze INV,br_ReAssessment,TASK_COMPLETE,SUCCESS,INFO,0,0,0,,2026-08-23T20:10:41.468Z,2026-08-23T22:16:21.732Z,7540,2026-08-23T22:16:21.732Z,V17,Columbia TN,955211d4-28b8-44a0-8023-2bfaa48d6721,SAMMS-ColumbiaTNv5
202608232214225101,202608232010370108,202608232010368283,85,3151,Bronze INV,br_ReAssessment,TASK_COMPLETE,SUCCESS,INFO,0,0,0,,2026-08-23T20:10:41.468Z,2026-08-23T22:16:21.732Z,7540,2026-08-23T22:16:21.732Z,V19,Jackson,955211d4-28b8-44a0-8023-2bfaa48d6721,SAMMS-JacksonV5
202608191602179844,202608191519596671,202608191519595710,97,6720,P1 Forms New Discharge Transfer Plan Form Bronze - B73,br_samms_new_discharge_transfer_plan_form,TASK_COMPLETE,SUCCESS,INFO,187,187,0,,2026-08-19T15:20:02.186Z,2026-08-19T16:02:20.903Z,2538,2026-08-19T16:02:20.903Z,B73,Montgomery,0e774440-67e4-4817-8f97-24afdbb9d82f,SAMMS-Montgomery
202608191602179845,202608191519596672,202608191519595710,97,6721,P1 Forms New Discharge Transfer Plan Form Bronze - B75,br_samms_new_discharge_transfer_plan_form,TASK_COMPLETE,SUCCESS,INFO,65,65,0,,2026-08-19T15:20:02.186Z,2026-08-19T16:02:20.903Z,2538,2026-08-19T16:02:20.903Z,B75,Lawrence,0e774440-67e4-4817-8f97-24afdbb9d82f,SAMMS-LawrenceV6
202608191602179846,202608191519596673,202608191519595710,97,6722,P1 Forms New Discharge Transfer Plan Form Bronze - B76,br_samms_new_discharge_transfer_plan_form,TASK_COMPLETE,SUCCESS,INFO,22,22,0,,2026-08-19T15:20:02.186Z,2026-08-19T16:02:20.903Z,2538,2026-08-19T16:02:20.903Z,B76,Huntsville-OBOT,0e774440-67e4-4817-8f97-24afdbb9d82f,SAMMS-Huntsville-OBOT
202608191602179847,202608191519596674,202608191519595710,97,6723,P1 Forms New Discharge Transfer Plan Form Bronze - BAT,br_samms_new_discharge_transfer_plan_form,TASK_COMPLETE,SUCCESS,INFO,73,73,0,,2026-08-19T15:20:02.186Z,2026-08-19T16:02:20.903Z,2538,2026-08-19T16:02:20.903Z,BAT,Batesville,0e774440-67e4-4817-8f97-24afdbb9d82f,SAMMS-Batesville
202608191602179848,202608191519596675,202608191519595710,97,6724,P1 Forms New Discharge Transfer Plan Form Bronze - BG,br_samms_new_discharge_transfer_plan_form,TASK_COMPLETE,SUCCESS,INFO,149,149,0,,2026-08-19T15:20:02.186Z,2026-08-19T16:02:20.903Z,2538,2026-08-19T16:02:20.903Z,BG,BowlingGreen,0e774440-67e4-4817-8f97-24afdbb9d82f,SAMMS-BowlingGreen
202608191602179849,202608191519596676,202608191519595710,97,6725,P1 Forms New Discharge Transfer Plan Form Bronze - BOI,br_samms_new_discharge_transfer_plan_form,TASK_COMPLETE,SUCCESS,INFO,62,62,0,,2026-08-19T15:20:02.186Z,2026-08-19T16:02:20.903Z,2538,2026-08-19T16:02:20.903Z,BOI,Boise,0e774440-67e4-4817-8f97-24afdbb9d82f,SAMMS-Boise
202608191602179850,202608191519596677,202608191519595710,97,6726,P1 Forms New Discharge Transfer Plan Form Bronze - CBCO,br_samms_new_discharge_transfer_plan_form,TASK_COMPLETE,SUCCESS,INFO,65,65,0,,2026-08-19T15:20:02.186Z,2026-08-19T16:02:20.903Z,2538,2026-08-19T16:02:20.903Z,CBCO,CoeurdAlene,0e774440-67e4-4817-8f97-24afdbb9d82f,SAMMS-CoeurdAleneV6
202608191602179851,202608191519596678,202608191519595710,97,6727,P1 Forms New Discharge Transfer Plan Form Bronze - CON,br_samms_new_discharge_transfer_plan_form,TASK_COMPLETE,SUCCESS,INFO,63,63,0,,2026-08-19T15:20:02.186Z,2026-08-19T16:02:20.903Z,2538,2026-08-19T16:02:20.903Z,CON,Conway,0e774440-67e4-4817-8f97-24afdbb9d82f,SAMMS-Conway
202608191602179853,202608191519596679,202608191519595710,97,6728,P1 Forms New Discharge Transfer Plan Form Bronze - D07,br_samms_new_discharge_transfer_plan_form,TASK_COMPLETE,SUCCESS,INFO,108,108,0,,2026-08-19T15:20:02.186Z,2026-08-19T16:02:20.903Z,2538,2026-08-19T16:02:20.903Z,D07,Knoxville,0e774440-67e4-4817-8f97-24afdbb9d82f,SAMMS-KnoxvilleV6
202608191602179854,202608191519596680,202608191519595710,97,6729,P1 Forms New Discharge Transfer Plan Form Bronze - D08,br_samms_new_discharge_transfer_plan_form,TASK_COMPLETE,SUCCESS,INFO,148,148,0,,2026-08-19T15:20:02.186Z,2026-08-19T16:02:20.903Z,2538,2026-08-19T16:02:20.903Z,D08,Madison,0e774440-67e4-4817-8f97-24afdbb9d82f,SAMMS-MadisonV6
202608191602179855,202608191519596681,202608191519595710,97,6730,P1 Forms New Discharge Transfer Plan Form Bronze - D09,br_samms_new_discharge_transfer_plan_form,TASK_COMPLETE,SUCCESS,INFO,111,111,0,,2026-08-19T15:20:02.186Z,2026-08-19T16:02:20.903Z,2538,2026-08-19T16:02:20.903Z,D09,Murfreesboro,0e774440-67e4-4817-8f97-24afdbb9d82f,SAMMS-MurfreesboroV6
202608191602179856,202608191519596682,202608191519595710,97,6731,P1 Forms New Discharge Transfer Plan Form Bronze - DA,br_samms_new_discharge_transfer_plan_form,TASK_COMPLETE,SUCCESS,INFO,73,73,0,,2026-08-19T15:20:02.186Z,2026-08-19T16:02:20.903Z,2538,2026-08-19T16:02:20.903Z,DA,Davenport,0e774440-67e4-4817-8f97-24afdbb9d82f,SAMMS-Davenport
202608191602179857,202608191519596683,202608191519595710,97,6732,P1 Forms New Discharge Transfer Plan Form Bronze - DM,br_samms_new_discharge_transfer_plan_form,TASK_COMPLETE,SUCCESS,INFO,90,90,0,,2026-08-19T15:20:02.186Z,2026-08-19T16:02:20.903Z,2538,2026-08-19T16:02:20.903Z,DM,DesMoines,0e774440-67e4-4817-8f97-24afdbb9d82f,SAMMS-DesMoines
202608191602179858,202608191519596684,202608191519595710,97,6733,P1 Forms New Discharge Transfer Plan Form Bronze - DRD-CO,br_samms_new_discharge_transfer_plan_form,TASK_COMPLETE,SUCCESS,INFO,145,145,0,,2026-08-19T15:20:02.186Z,2026-08-19T16:02:20.903Z,2538,2026-08-19T16:02:20.903Z,DRD-CO,Columbia,0e774440-67e4-4817-8f97-24afdbb9d82f,SAMMS-ColumbiaV5
202608191602179859,202608191519596685,202608191519595710,97,6734,P1 Forms New Discharge Transfer Plan Form Bronze - DRD-KC,br_samms_new_discharge_transfer_plan_form,TASK_COMPLETE,SUCCESS,INFO,228,228,0,,2026-08-19T15:20:02.186Z,2026-08-19T16:02:20.903Z,2538,2026-08-19T16:02:20.903Z,DRD-KC,KC,0e774440-67e4-4817-8f97-24afdbb9d82f,SAMMS-KCv5
202608191602179860,202608191519596686,202608191519595710,97,6735,P1 Forms New Discharge Transfer Plan Form Bronze - DRD-KVB,br_samms_new_discharge_transfer_plan_form,TASK_COMPLETE,SUCCESS,INFO,278,278,0,,2026-08-19T15:20:02.186Z,2026-08-19T16:02:20.903Z,2538,2026-08-19T16:02:20.903Z,DRD-KVB,KVB,0e774440-67e4-4817-8f97-24afdbb9d82f,SAMMS-KVBv5
202608191602179861,202608191519596687,202608191519595710,97,6736,P1 Forms New Discharge Transfer Plan Form Bronze - DRD-KVC,br_samms_new_discharge_transfer_plan_form,TASK_COMPLETE,SUCCESS,INFO,547,547,0,,2026-08-19T15:20:02.186Z,2026-08-19T16:02:20.903Z,2538,2026-08-19T16:02:20.903Z,DRD-KVC,KVC,0e774440-67e4-4817-8f97-24afdbb9d82f,SAMMS-KVCv5
202608191602179862,202608191519596688,202608191519595710,97,6737,P1 Forms New Discharge Transfer Plan Form Bronze - DRD-NOLA,br_samms_new_discharge_transfer_plan_form,TASK_COMPLETE,SUCCESS,INFO,303,303,0,,2026-08-19T15:20:02.186Z,2026-08-19T16:02:20.903Z,2538,2026-08-19T16:02:20.903Z,DRD-NOLA,NOLA,0e774440-67e4-4817-8f97-24afdbb9d82f,SAMMS-NOLAv5
202608191602179863,202608191519596689,202608191519595710,97,6738,P1 Forms New Discharge Transfer Plan Form Bronze - DRD-SF,br_samms_new_discharge_transfer_plan_form,TASK_COMPLETE,SUCCESS,INFO,216,216,0,,2026-08-19T15:20:02.186Z,2026-08-19T16:02:20.903Z,2538,2026-08-19T16:02:20.903Z,DRD-SF,SF,0e774440-67e4-4817-8f97-24afdbb9d82f,SAMMS-SFv5
202608191602179864,202608191519596690,202608191519595710,97,6739,P1 Forms New Discharge Transfer Plan Form Bronze - ELC,br_samms_new_discharge_transfer_plan_form,TASK_COMPLETE,SUCCESS,INFO,70,70,0,,2026-08-19T15:20:02.186Z,2026-08-19T16:02:20.903Z,2538,2026-08-19T16:02:20.903Z,ELC,ElizabethCity,0e774440-67e4-4817-8f97-24afdbb9d82f,SAMMS-ElizabethCity
202608191602179865,202608191519596691,202608191519595710,97,6740,P1 Forms New Discharge Transfer Plan Form Bronze - ET,br_samms_new_discharge_transfer_plan_form,TASK_COMPLETE,SUCCESS,INFO,128,128,0,,2026-08-19T15:20:02.186Z,2026-08-19T16:02:20.903Z,2538,2026-08-19T16:02:20.903Z,ET,Elizabethtown,0e774440-67e4-4817-8f97-24afdbb9d82f,SAMMS-Elizabethtown
202608191602179866,202608191519596692,202608191519595710,97,6741,P1 Forms New Discharge Transfer Plan Form Bronze - FAY,br_samms_new_discharge_transfer_plan_form,TASK_COMPLETE,SUCCESS,INFO,73,73,0,,2026-08-19T15:20:02.186Z,2026-08-19T16:02:20.903Z,2538,2026-08-19T16:02:20.903Z,FAY,Fayetteville,0e774440-67e4-4817-8f97-24afdbb9d82f,SAMMS-Fayetteville
202608191602179868,202608191519596693,202608191519595710,97,6742,P1 Forms New Discharge Transfer Plan Form Bronze - FR,br_samms_new_discharge_transfer_plan_form,TASK_COMPLETE,SUCCESS,INFO,80,80,0,,2026-08-19T15:20:02.186Z,2026-08-19T16:02:20.903Z,2538,2026-08-19T16:02:20.903Z,FR,Frankfort,0e774440-67e4-4817-8f97-24afdbb9d82f,SAMMS-Frankfort
202608191602179869,202608191519596694,202608191519595710,97,6743,P1 Forms New Discharge Transfer Plan Form Bronze - FS,br_samms_new_discharge_transfer_plan_form,TASK_COMPLETE,SUCCESS,INFO,45,45,0,,2026-08-19T15:20:02.186Z,2026-08-19T16:02:20.903Z,2538,2026-08-19T16:02:20.903Z,FS,FortSmith,0e774440-67e4-4817-8f97-24afdbb9d82f,SAMMS-FortSmith
202608191602179870,202608191519596695,202608191519595710,97,6744,P1 Forms New Discharge Transfer Plan Form Bronze - FW,br_samms_new_discharge_transfer_plan_form,TASK_COMPLETE,SUCCESS,INFO,239,239,0,,2026-08-19T15:20:02.186Z,2026-08-19T16:02:20.903Z,2538,2026-08-19T16:02:20.903Z,FW,FortWayne,0e774440-67e4-4817-8f97-24afdbb9d82f,SAMMS-FortWayne
202608191602179871,202608191519596696,202608191519595710,97,6745,P1 Forms New Discharge Transfer Plan Form Bronze - GAL,br_samms_new_discharge_transfer_plan_form,TASK_COMPLETE,SUCCESS,INFO,69,69,0,,2026-08-19T15:20:02.186Z,2026-08-19T16:02:20.903Z,2538,2026-08-19T16:02:20.903Z,GAL,Gaylord,0e774440-67e4-4817-8f97-24afdbb9d82f,SAMMS-Gaylord
202608191602179872,202608191519596697,202608191519595710,97,6746,P1 Forms New Discharge Transfer Plan Form Bronze - HGT,br_samms_new_discharge_transfer_plan_form,TASK_COMPLETE,SUCCESS,INFO,118,118,0,,2026-08-19T15:20:02.186Z,2026-08-19T16:02:20.903Z,2538,2026-08-19T16:02:20.903Z,HGT,Hagerstown,0e774440-67e4-4817-8f97-24afdbb9d82f,SAMMS-Hagerstown
202608191602179873,202608191519596698,202608191519595710,97,6747,P1 Forms New Discharge Transfer Plan Form Bronze - HNT,br_samms_new_discharge_transfer_plan_form,TASK_COMPLETE,SUCCESS,INFO,157,157,0,,2026-08-19T15:20:02.186Z,2026-08-19T16:02:20.903Z,2538,2026-08-19T16:02:20.903Z,HNT,Huntsville,0e774440-67e4-4817-8f97-24afdbb9d82f,SAMMS-Huntsville
202608191602179874,202608191519596699,202608191519595710,97,6748,P1 Forms New Discharge Transfer Plan Form Bronze - HS,br_samms_new_discharge_transfer_plan_form,TASK_COMPLETE,SUCCESS,INFO,79,79,0,,2026-08-19T15:20:02.186Z,2026-08-19T16:02:20.903Z,2538,2026-08-19T16:02:20.903Z,HS,HotSprings,0e774440-67e4-4817-8f97-24afdbb9d82f,SAMMS-HotSprings
202608191602179875,202608191519596700,202608191519595710,97,6749,P1 Forms New Discharge Transfer Plan Form Bronze - JON,br_samms_new_discharge_transfer_plan_form,TASK_COMPLETE,SUCCESS,INFO,41,41,0,,2026-08-19T15:20:02.186Z,2026-08-19T16:02:20.903Z,2538,2026-08-19T16:02:20.903Z,JON,Jonesboro,0e774440-67e4-4817-8f97-24afdbb9d82f,SAMMS-Jonesboro
202608191602179877,202608191519596701,202608191519595710,97,6750,P1 Forms New Discharge Transfer Plan Form Bronze - LAN,br_samms_new_discharge_transfer_plan_form,TASK_COMPLETE,SUCCESS,INFO,107,107,0,,2026-08-19T15:20:02.186Z,2026-08-19T16:02:20.903Z,2538,2026-08-19T16:02:20.903Z,LAN,Lansing,0e774440-67e4-4817-8f97-24afdbb9d82f,SAMMS-Lansing
202608191602179878,202608191519596702,202608191519595710,97,6751,P1 Forms New Discharge Transfer Plan Form Bronze - LO,br_samms_new_discharge_transfer_plan_form,TASK_COMPLETE,SUCCESS,INFO,244,244,0,,2026-08-19T15:20:02.186Z,2026-08-19T16:02:20.903Z,2538,2026-08-19T16:02:20.903Z,LO,Louisville,0e774440-67e4-4817-8f97-24afdbb9d82f,SAMMS-Louisville
202608191602179879,202608191519596703,202608191519595710,97,6752,P1 Forms New Discharge Transfer Plan Form Bronze - LV1,br_samms_new_discharge_transfer_plan_form,TASK_COMPLETE,SUCCESS,INFO,270,270,0,,2026-08-19T15:20:02.186Z,2026-08-19T16:02:20.903Z,2538,2026-08-19T16:02:20.903Z,LV1,Cheyenne,0e774440-67e4-4817-8f97-24afdbb9d82f,SAMMS-Cheyenne
202608191602179880,202608191519596704,202608191519595710,97,6753,P1 Forms New Discharge Transfer Plan Form Bronze - LV2,br_samms_new_discharge_transfer_plan_form,TASK_COMPLETE,SUCCESS,INFO,420,420,0,,2026-08-19T15:20:02.186Z,2026-08-19T16:02:20.903Z,2538,2026-08-19T16:02:20.903Z,LV2,DesertInn,0e774440-67e4-4817-8f97-24afdbb9d82f,SAMMS-DesertInn
202608191602179881,202608191519596705,202608191519595710,97,6754,P1 Forms New Discharge Transfer Plan Form Bronze - LV3,br_samms_new_discharge_transfer_plan_form,TASK_COMPLETE,SUCCESS,INFO,144,144,0,,2026-08-19T15:20:02.186Z,2026-08-19T16:02:20.903Z,2538,2026-08-19T16:02:20.903Z,LV3,McDaniel,0e774440-67e4-4817-8f97-24afdbb9d82f,SAMMS-McDaniel
202608191602179882,202608191519596706,202608191519595710,97,6755,P1 Forms New Discharge Transfer Plan Form Bronze - MNRE,br_samms_new_discharge_transfer_plan_form,TASK_COMPLETE,SUCCESS,INFO,63,63,0,,2026-08-19T15:20:02.186Z,2026-08-19T16:02:20.903Z,2538,2026-08-19T16:02:20.903Z,MNRE,Monroe,0e774440-67e4-4817-8f97-24afdbb9d82f,SAMMS-Monroe
202608191602179883,202608191519596707,202608191519595710,97,6756,P1 Forms New Discharge Transfer Plan Form Bronze - MP,br_samms_new_discharge_transfer_plan_form,TASK_COMPLETE,SUCCESS,INFO,101,101,0,,2026-08-19T15:20:02.186Z,2026-08-19T16:02:20.903Z,2538,2026-08-19T16:02:20.903Z,MP,MtPleasant,0e774440-67e4-4817-8f97-24afdbb9d82f,SAMMS-MtPleasant
202608191602179884,202608191519596708,202608191519595710,97,6757,P1 Forms New Discharge Transfer Plan Form Bronze - MRD,br_samms_new_discharge_transfer_plan_form,TASK_COMPLETE,SUCCESS,INFO,35,35,0,,2026-08-19T15:20:02.186Z,2026-08-19T16:02:20.903Z,2538,2026-08-19T16:02:20.903Z,MRD,Meridian,0e774440-67e4-4817-8f97-24afdbb9d82f,SAMMS-Meridian
202608191602179885,202608191519596709,202608191519595710,97,6758,P1 Forms New Discharge Transfer Plan Form Bronze - NC,br_samms_new_discharge_transfer_plan_form,TASK_COMPLETE,SUCCESS,INFO,188,188,0,,2026-08-19T15:20:02.186Z,2026-08-19T16:02:20.903Z,2538,2026-08-19T16:02:20.903Z,NC,NorthCharleston,0e774440-67e4-4817-8f97-24afdbb9d82f,SAMMS-NorthCharleston
202608191602179886,202608191519596710,202608191519595710,97,6759,P1 Forms New Discharge Transfer Plan Form Bronze - NLR,br_samms_new_discharge_transfer_plan_form,TASK_COMPLETE,SUCCESS,INFO,144,144,0,,2026-08-19T15:20:02.186Z,2026-08-19T16:02:20.903Z,2538,2026-08-19T16:02:20.903Z,NLR,NLROBOT,0e774440-67e4-4817-8f97-24afdbb9d82f,SAMMS-NLROBOT
202608191602179888,202608191519596711,202608191519595710,97,6760,P1 Forms New Discharge Transfer Plan Form Bronze - PH,br_samms_new_discharge_transfer_plan_form,TASK_COMPLETE,SUCCESS,INFO,5,5,0,,2026-08-19T15:20:02.186Z,2026-08-19T16:02:20.903Z,2538,2026-08-19T16:02:20.903Z,PH,Phoenix,0e774440-67e4-4817-8f97-24afdbb9d82f,SAMMS-Phoenix
202608191602179889,202608191519596712,202608191519595710,97,6761,P1 Forms New Discharge Transfer Plan Form Bronze - RE,br_samms_new_discharge_transfer_plan_form,TASK_COMPLETE,SUCCESS,INFO,174,174,0,,2026-08-19T15:20:02.186Z,2026-08-19T16:02:20.903Z,2538,2026-08-19T16:02:20.903Z,RE,Reno,0e774440-67e4-4817-8f97-24afdbb9d82f,SAMMS-Reno
202608191602179890,202608191519596713,202608191519595710,97,6762,P1 Forms New Discharge Transfer Plan Form Bronze - RMD,br_samms_new_discharge_transfer_plan_form,TASK_COMPLETE,SUCCESS,INFO,222,222,0,,2026-08-19T15:20:02.186Z,2026-08-19T16:02:20.903Z,2538,2026-08-19T16:02:20.903Z,RMD,Richmond,0e774440-67e4-4817-8f97-24afdbb9d82f,SAMMS-Richmond
202608191602179891,202608191519596714,202608191519595710,97,6763,P1 Forms New Discharge Transfer Plan Form Bronze - SFN,br_samms_new_discharge_transfer_plan_form,TASK_COMPLETE,SUCCESS,INFO,97,97,0,,2026-08-19T15:20:02.186Z,2026-08-19T16:02:20.903Z,2538,2026-08-19T16:02:20.903Z,SFN,SFN,0e774440-67e4-4817-8f97-24afdbb9d82f,SAMMS-SFNv5
202608191602179892,202608191519596715,202608191519595710,97,6764,P1 Forms New Discharge Transfer Plan Form Bronze - SHP,br_samms_new_discharge_transfer_plan_form,TASK_COMPLETE,SUCCESS,INFO,109,109,0,,2026-08-19T15:20:02.186Z,2026-08-19T16:02:20.903Z,2538,2026-08-19T16:02:20.903Z,SHP,Shreveport,0e774440-67e4-4817-8f97-24afdbb9d82f,SAMMS-Shreveport
202608191602179893,202608191519596716,202608191519595710,97,6765,P1 Forms New Discharge Transfer Plan Form Bronze - STN,br_samms_new_discharge_transfer_plan_form,TASK_COMPLETE,SUCCESS,INFO,40,40,0,,2026-08-19T15:20:02.186Z,2026-08-19T16:02:20.903Z,2538,2026-08-19T16:02:20.903Z,STN,Staunton,0e774440-67e4-4817-8f97-24afdbb9d82f,SAMMS-Staunton
202608191602179894,202608191519596717,202608191519595710,97,6766,P1 Forms New Discharge Transfer Plan Form Bronze - STVN,br_samms_new_discharge_transfer_plan_form,TASK_COMPLETE,SUCCESS,INFO,31,31,0,,2026-08-19T15:20:02.186Z,2026-08-19T16:02:20.903Z,2538,2026-08-19T16:02:20.903Z,STVN,Stevenson,0e774440-67e4-4817-8f97-24afdbb9d82f,SAMMS-Stevenson
202608191602179895,202608191519596718,202608191519595710,97,6767,P1 Forms New Discharge Transfer Plan Form Bronze - TE,br_samms_new_discharge_transfer_plan_form,TASK_COMPLETE,SUCCESS,INFO,0,0,0,,2026-08-19T15:20:02.186Z,2026-08-19T16:02:20.903Z,2538,2026-08-19T16:02:20.903Z,TE,Tempe,0e774440-67e4-4817-8f97-24afdbb9d82f,SAMMS-Tempe
202608191602179896,202608191519596719,202608191519595710,97,6768,P1 Forms New Discharge Transfer Plan Form Bronze - TEX,br_samms_new_discharge_transfer_plan_form,TASK_COMPLETE,SUCCESS,INFO,68,68,0,,2026-08-19T15:20:02.186Z,2026-08-19T16:02:20.903Z,2538,2026-08-19T16:02:20.903Z,TEX,Texarkana,0e774440-67e4-4817-8f97-24afdbb9d82f,SAMMS-Texarkana
202608191602179897,202608191519596720,202608191519595710,97,6769,P1 Forms New Discharge Transfer Plan Form Bronze - TTCA,br_samms_new_discharge_transfer_plan_form,TASK_COMPLETE,SUCCESS,INFO,223,223,0,,2026-08-19T15:20:02.186Z,2026-08-19T16:02:20.903Z,2538,2026-08-19T16:02:20.903Z,TTCA,Bessemer,0e774440-67e4-4817-8f97-24afdbb9d82f,SAMMS-BessemerV5
202608191602179898,202608191519596721,202608191519595710,97,6770,P1 Forms New Discharge Transfer Plan Form Bronze - TTCB,br_samms_new_discharge_transfer_plan_form,TASK_COMPLETE,SUCCESS,INFO,125,125,0,,2026-08-19T15:20:02.186Z,2026-08-19T16:02:20.903Z,2538,2026-08-19T16:02:20.903Z,TTCB,Cullman,0e774440-67e4-4817-8f97-24afdbb9d82f,SAMMS-CullmanV5
202608191602179899,202608191519596722,202608191519595710,97,6771,P1 Forms New Discharge Transfer Plan Form Bronze - TTCC,br_samms_new_discharge_transfer_plan_form,TASK_COMPLETE,SUCCESS,INFO,65,65,0,,2026-08-19T15:20:02.186Z,2026-08-19T16:02:20.903Z,2538,2026-08-19T16:02:20.903Z,TTCC,GrandBay,0e774440-67e4-4817-8f97-24afdbb9d82f,SAMMS-GrandBay
202608191602179901,202608191519596723,202608191519595710,97,6772,P1 Forms New Discharge Transfer Plan Form Bronze - TU,br_samms_new_discharge_transfer_plan_form,TASK_COMPLETE,SUCCESS,INFO,0,0,0,,2026-08-19T15:20:02.186Z,2026-08-19T16:02:20.903Z,2538,2026-08-19T16:02:20.903Z,TU,Tucson,0e774440-67e4-4817-8f97-24afdbb9d82f,SAMMS-Tucson
202608191602179902,202608191519596724,202608191519595710,97,6773,P1 Forms New Discharge Transfer Plan Form Bronze - V1,br_samms_new_discharge_transfer_plan_form,TASK_COMPLETE,SUCCESS,INFO,48,48,0,,2026-08-19T15:20:02.186Z,2026-08-19T16:02:20.903Z,2538,2026-08-19T16:02:20.903Z,V1,VCPHCS-I-Memphis,0e774440-67e4-4817-8f97-24afdbb9d82f,SAMMS-VCPHCS-I-MemphisV5
202608191602179903,202608191519596725,202608191519595710,97,6774,P1 Forms New Discharge Transfer Plan Form Bronze - V10,br_samms_new_discharge_transfer_plan_form,TASK_COMPLETE,SUCCESS,INFO,103,103,0,,2026-08-19T15:20:02.186Z,2026-08-19T16:02:20.903Z,2538,2026-08-19T16:02:20.903Z,V10,Boulder,0e774440-67e4-4817-8f97-24afdbb9d82f,SAMMS-BoulderV5
202608191602179904,202608191519596726,202608191519595710,97,6775,P1 Forms New Discharge Transfer Plan Form Bronze - V10A,br_samms_new_discharge_transfer_plan_form,TASK_COMPLETE,SUCCESS,INFO,263,263,0,,2026-08-19T15:20:02.186Z,2026-08-19T16:02:20.903Z,2538,2026-08-19T16:02:20.903Z,V10A,FortCollins,0e774440-67e4-4817-8f97-24afdbb9d82f,SAMMS-FortCollinsV5
202608191602179905,202608191519596727,202608191519595710,97,6776,P1 Forms New Discharge Transfer Plan Form Bronze - V11,br_samms_new_discharge_transfer_plan_form,TASK_COMPLETE,SUCCESS,INFO,166,166,0,,2026-08-19T15:20:02.186Z,2026-08-19T16:02:20.903Z,2538,2026-08-19T16:02:20.903Z,V11,VCPHCS-XI-NorthDenver,0e774440-67e4-4817-8f97-24afdbb9d82f,SAMMS-VCPHCS-XI-NorthDenverV5
202608191602179906,202608191519596728,202608191519595710,97,6777,P1 Forms New Discharge Transfer Plan Form Bronze - V12,br_samms_new_discharge_transfer_plan_form,TASK_COMPLETE,SUCCESS,INFO,353,353,0,,2026-08-19T15:20:02.186Z,2026-08-19T16:02:20.903Z,2538,2026-08-19T16:02:20.903Z,V12,VCPHCS-XII-DowntownDenver,0e774440-67e4-4817-8f97-24afdbb9d82f,SAMMS-VCPHCS-XII-DowntownDenverV5
202608191602179907,202608191519596729,202608191519595710,97,6778,P1 Forms New Discharge Transfer Plan Form Bronze - V12A,br_samms_new_discharge_transfer_plan_form,TASK_COMPLETE,SUCCESS,INFO,152,152,0,,2026-08-19T15:20:02.186Z,2026-08-19T16:02:20.903Z,2538,2026-08-19T16:02:20.903Z,V12A,Centennial,0e774440-67e4-4817-8f97-24afdbb9d82f,SAMMS-CentennialV5
202608191602179908,202608191519596730,202608191519595710,97,6779,P1 Forms New Discharge Transfer Plan Form Bronze - V14,br_samms_new_discharge_transfer_plan_form,TASK_COMPLETE,SUCCESS,INFO,132,132,0,,2026-08-19T15:20:02.186Z,2026-08-19T16:02:20.903Z,2538,2026-08-19T16:02:20.903Z,V14,VCPHCS-XIV-Bridgeway,0e774440-67e4-4817-8f97-24afdbb9d82f,SAMMS-VCPHCS-XIV-BridgewayV5
202608191602179909,202608191519596731,202608191519595710,97,6780,P1 Forms New Discharge Transfer Plan Form Bronze - V15,br_samms_new_discharge_transfer_plan_form,TASK_COMPLETE,SUCCESS,INFO,149,149,0,,2026-08-19T15:20:02.186Z,2026-08-19T16:02:20.903Z,2538,2026-08-19T16:02:20.903Z,V15,Joplin,0e774440-67e4-4817-8f97-24afdbb9d82f,SAMMS-JoplinV5
202608191602179910,202608191519596732,202608191519595710,97,6781,P1 Forms New Discharge Transfer Plan Form Bronze - V17,br_samms_new_discharge_transfer_plan_form,TASK_COMPLETE,SUCCESS,INFO,115,115,0,,2026-08-19T15:20:02.186Z,2026-08-19T16:02:20.903Z,2538,2026-08-19T16:02:20.903Z,V17,ColumbiaTN,0e774440-67e4-4817-8f97-24afdbb9d82f,SAMMS-ColumbiaTNv5
202608191602179912,202608191519596733,202608191519595710,97,6782,P1 Forms New Discharge Transfer Plan Form Bronze - V19,br_samms_new_discharge_transfer_plan_form,TASK_COMPLETE,SUCCESS,INFO,118,118,0,,2026-08-19T15:20:02.186Z,2026-08-19T16:02:20.903Z,2538,2026-08-19T16:02:20.903Z,V19,Jackson,0e774440-67e4-4817-8f97-24afdbb9d82f,SAMMS-JacksonV5
202608191602179913,202608191519596734,202608191519595710,97,6783,P1 Forms New Discharge Transfer Plan Form Bronze - V20,br_samms_new_discharge_transfer_plan_form,TASK_COMPLETE,SUCCESS,INFO,91,91,0,,2026-08-19T15:20:02.186Z,2026-08-19T16:02:20.903Z,2538,2026-08-19T16:02:20.903Z,V20,Paris,0e774440-67e4-4817-8f97-24afdbb9d82f,SAMMS-ParisV5
202608191602179914,202608191519596735,202608191519595710,97,6784,P1 Forms New Discharge Transfer Plan Form Bronze - V21,br_samms_new_discharge_transfer_plan_form,TASK_COMPLETE,SUCCESS,INFO,69,69,0,,2026-08-19T15:20:02.186Z,2026-08-19T16:02:20.903Z,2538,2026-08-19T16:02:20.903Z,V21,Raleigh,0e774440-67e4-4817-8f97-24afdbb9d82f,SAMMS-RaleighV5
202608191602179915,202608191519596736,202608191519595710,97,6785,P1 Forms New Discharge Transfer Plan Form Bronze - V5,br_samms_new_discharge_transfer_plan_form,TASK_COMPLETE,SUCCESS,INFO,180,180,0,,2026-08-19T15:20:02.186Z,2026-08-19T16:02:20.903Z,2538,2026-08-19T16:02:20.903Z,V5,NONTC,0e774440-67e4-4817-8f97-24afdbb9d82f,SAMMS-NONTCv5
202608191602179916,202608191519596737,202608191519595710,97,6786,P1 Forms New Discharge Transfer Plan Form Bronze - V5B,br_samms_new_discharge_transfer_plan_form,TASK_COMPLETE,SUCCESS,INFO,56,56,0,,2026-08-19T15:20:02.186Z,2026-08-19T16:02:20.903Z,2538,2026-08-19T16:02:20.903Z,V5B,Houma,0e774440-67e4-4817-8f97-24afdbb9d82f,SAMMS-HoumaV6
202608191602179917,202608191519596738,202608191519595710,97,6787,P1 Forms New Discharge Transfer Plan Form Bronze - V6,br_samms_new_discharge_transfer_plan_form,TASK_COMPLETE,SUCCESS,INFO,173,173,0,,2026-08-19T15:20:02.186Z,2026-08-19T16:02:20.903Z,2538,2026-08-19T16:02:20.903Z,V6,LC,0e774440-67e4-4817-8f97-24afdbb9d82f,SAMMS-LCv5
202608191602179918,202608191519596739,202608191519595710,97,6788,P1 Forms New Discharge Transfer Plan Form Bronze - V8,br_samms_new_discharge_transfer_plan_form,TASK_COMPLETE,SUCCESS,INFO,204,204,0,,2026-08-19T15:20:02.186Z,2026-08-19T16:02:20.903Z,2538,2026-08-19T16:02:20.903Z,V8,VCPHCS-VIII-Memphis,0e774440-67e4-4817-8f97-24afdbb9d82f,SAMMS-VCPHCS-VIII-MemphisV5
202608191602179919,202608191519596740,202608191519595710,97,6789,P1 Forms New Discharge Transfer Plan Form Bronze - V9,br_samms_new_discharge_transfer_plan_form,TASK_COMPLETE,SUCCESS,INFO,231,231,0,,2026-08-19T15:20:02.186Z,2026-08-19T16:02:20.903Z,2538,2026-08-19T16:02:20.903Z,V9,Nashville,0e774440-67e4-4817-8f97-24afdbb9d82f,SAMMS-NashvilleV5
202608191602179920,202608191519596741,202608191519595710,97,6790,P1 Forms New Discharge Transfer Plan Form Bronze - VBRA,br_samms_new_discharge_transfer_plan_form,TASK_COMPLETE,SUCCESS,INFO,126,126,0,,2026-08-19T15:20:02.186Z,2026-08-19T16:02:20.903Z,2538,2026-08-19T16:02:20.903Z,VBRA,Brainerd,0e774440-67e4-4817-8f97-24afdbb9d82f,SAMMS-BrainerdV6
202608191602179921,202608191519596742,202608191519595710,97,6791,P1 Forms New Discharge Transfer Plan Form Bronze - VBRP,br_samms_new_discharge_transfer_plan_form,TASK_COMPLETE,SUCCESS,INFO,195,195,0,,2026-08-19T15:20:02.186Z,2026-08-19T16:02:20.903Z,2538,2026-08-19T16:02:20.903Z,VBRP,BrooklynPark,0e774440-67e4-4817-8f97-24afdbb9d82f,SAMMS-BrooklynParkV6
202608191602179922,202608191519596743,202608191519595710,97,6792,P1 Forms New Discharge Transfer Plan Form Bronze - VMIN,br_samms_new_discharge_transfer_plan_form,TASK_COMPLETE,SUCCESS,INFO,173,173,0,,2026-08-19T15:20:02.186Z,2026-08-19T16:02:20.903Z,2538,2026-08-19T16:02:20.903Z,VMIN,Minneapolis,0e774440-67e4-4817-8f97-24afdbb9d82f,SAMMS-MinneapolisV6
202608191602179924,202608191519596744,202608191519595710,97,6793,P1 Forms New Discharge Transfer Plan Form Bronze - VWBY,br_samms_new_discharge_transfer_plan_form,TASK_COMPLETE,SUCCESS,INFO,365,365,0,,2026-08-19T15:20:02.186Z,2026-08-19T16:02:20.903Z,2538,2026-08-19T16:02:20.903Z,VWBY,Woodbury,0e774440-67e4-4817-8f97-24afdbb9d82f,SAMMS-WoodburyV6
202608191602179925,202608191519596745,202608191519595710,97,6794,P1 Forms New Discharge Transfer Plan Form Bronze - WIL,br_samms_new_discharge_transfer_plan_form,TASK_COMPLETE,SUCCESS,INFO,107,107,0,,2026-08-19T15:20:02.186Z,2026-08-19T16:02:20.903Z,2538,2026-08-19T16:02:20.903Z,WIL,Wilson,0e774440-67e4-4817-8f97-24afdbb9d82f,SAMMS-Wilson
202608262055423881,202608262055423881,20260826205225,131,13691,Location Retention Silver,sl_LocationRetention,TASK_FAILED,FAILED,ERROR,0,0,1,"[UNRESOLVED_COLUMN.WITH_SUGGESTION] A column or function parameter with name `Rule1` cannot be resolved. Did you mean one of the following? [`DOB`, `End`, `Freq`, `cltID`, `Amount`].; ''Filter (((cast(Active Date#38254 as date) = date_sub(current_date(Some(UTC)), 1)) AND (''Rule1 = 1)) AND (''Rule2 = 1)) +- SubqueryAlias spark_catalog.chimcobldhq2agi88smk8gak84ml0j21ah34ukid5l1kuki55l24alh5c9k6enrjd5m7cpbi4lgniu0.DailyCensus +- Relation spark_catalog.chimcobldhq2agi88smk8gak84ml0j21ah34ukid5l1kuki55l24alh5c9k6enrjd5m7cpbi4lgniu0.dailycensus[RecordID#38240,Location#38241,cltID#38242,Patient ID#38243,First Name#38244,Last Name#38245,Program#38246,Payor#38247,Fin Class#38248,Payor Type#38249,Start#38250,End#38251,Physician#38252,Counselor#38253,Active Date#38254,Patient Count#38255,Payor Start#38256,Payor End#38257,ProgOrder#38258,Freq#38259,DOB#38260,Amount#38261,TreatmentLevel#38262,CONTTXDT#38263,EnrollmentID#38264] parquet",2026-08-26T20:55:42.388Z,2026-08-26T20:56:15.930Z,33,2026-08-26T20:56:15.930Z,,,763548dd-f2e8-4b4a-babe-63409027873a,
202608200219256182,202608200029237667,202608200029237018,85,2561,Bronze INV,br_LabResultDetail,TASK_COMPLETE,FAILED,ERROR,2,2,1,BulkDartsSrvLoader Bronze ForEach failed,2026-08-20T00:29:28.539Z,2026-08-20T02:40:07.937Z,7839,2026-08-20T02:40:07.937Z,MP,Mt. Pleasant,2e0eb052-bb28-45b1-894f-8dc0851c56cc,SAMMS-MtPleasant
202608200219256183,202608200029237668,202608200029237018,85,2562,Bronze INV,br_LabResultDetail,TASK_COMPLETE,FAILED,ERROR,258,258,1,BulkDartsSrvLoader Bronze ForEach failed,2026-08-20T00:29:28.539Z,2026-08-20T02:40:07.937Z,7839,2026-08-20T02:40:07.937Z,MRD,Meridian,2e0eb052-bb28-45b1-894f-8dc0851c56cc,SAMMS-Meridian
202608200219256185,202608200029237669,202608200029237018,85,2567,Bronze INV,br_LabResultDetail,TASK_COMPLETE,FAILED,ERROR,15250,15250,1,BulkDartsSrvLoader Bronze ForEach failed,2026-08-20T00:29:28.539Z,2026-08-20T02:40:07.937Z,7839,2026-08-20T02:40:07.937Z,NC,North Charleston,2e0eb052-bb28-45b1-894f-8dc0851c56cc,SAMMS-NorthCharleston
202608200219256186,202608200029237670,202608200029237018,85,2568,Bronze INV,br_LabResultDetail,TASK_COMPLETE,FAILED,ERROR,3,3,1,BulkDartsSrvLoader Bronze ForEach failed,2026-08-20T00:29:28.539Z,2026-08-20T02:40:07.937Z,7839,2026-08-20T02:40:07.937Z,NLR,N. Little Rock,2e0eb052-bb28-45b1-894f-8dc0851c56cc,SAMMS-NLROBOT
202608200219256187,202608200029237671,202608200029237018,85,2569,Bronze INV,br_LabResultDetail,TASK_COMPLETE,FAILED,ERROR,4833,4833,1,BulkDartsSrvLoader Bronze ForEach failed,2026-08-20T00:29:28.539Z,2026-08-20T02:40:07.937Z,7839,2026-08-20T02:40:07.937Z,PH,Phoenix,2e0eb052-bb28-45b1-894f-8dc0851c56cc,SAMMS-Phoenix
202608200219256188,202608200029237672,202608200029237018,85,2573,Bronze INV,br_LabResultDetail,TASK_COMPLETE,FAILED,ERROR,62967,62967,1,BulkDartsSrvLoader Bronze ForEach failed,2026-08-20T00:29:28.539Z,2026-08-20T02:40:07.937Z,7839,2026-08-20T02:40:07.937Z,RE,Reno,2e0eb052-bb28-45b1-894f-8dc0851c56cc,SAMMS-Reno
202608200219256189,202608200029237673,202608200029237018,85,2574,Bronze INV,br_LabResultDetail,TASK_COMPLETE,FAILED,ERROR,2425,2425,1,BulkDartsSrvLoader Bronze ForEach failed,2026-08-20T00:29:28.539Z,2026-08-20T02:40:07.937Z,7839,2026-08-20T02:40:07.937Z,RMD,Richmond,2e0eb052-bb28-45b1-894f-8dc0851c56cc,SAMMS-Richmond
202608200219256190,202608200029237674,202608200029237018,85,2575,Bronze INV,br_LabResultDetail,TASK_COMPLETE,FAILED,ERROR,3704,3704,1,BulkDartsSrvLoader Bronze ForEach failed,2026-08-20T00:29:28.539Z,2026-08-20T02:40:07.937Z,7839,2026-08-20T02:40:07.937Z,SFN,Springfield North,2e0eb052-bb28-45b1-894f-8dc0851c56cc,SAMMS-SFNv5
202608200219256192,202608200029237675,202608200029237018,85,2576,Bronze INV,br_LabResultDetail,TASK_COMPLETE,FAILED,ERROR,331,331,1,BulkDartsSrvLoader Bronze ForEach failed,2026-08-20T00:29:28.539Z,2026-08-20T02:40:07.937Z,7839,2026-08-20T02:40:07.937Z,SHP,Shreveport,2e0eb052-bb28-45b1-894f-8dc0851c56cc,SAMMS-Shreveport
202608200219256193,202608200029237676,202608200029237018,85,2578,Bronze INV,br_LabResultDetail,TASK_COMPLETE,FAILED,ERROR,6,6,1,BulkDartsSrvLoader Bronze ForEach failed,2026-08-20T00:29:28.539Z,2026-08-20T02:40:07.937Z,7839,2026-08-20T02:40:07.937Z,STN,Staunton,2e0eb052-bb28-45b1-894f-8dc0851c56cc,SAMMS-Staunton
202608200219256194,202608200029237677,202608200029237018,85,2579,Bronze INV,br_LabResultDetail,TASK_COMPLETE,FAILED,ERROR,454,454,1,BulkDartsSrvLoader Bronze ForEach failed,2026-08-20T00:29:28.539Z,2026-08-20T02:40:07.937Z,7839,2026-08-20T02:40:07.937Z,STVN,Stevenson,2e0eb052-bb28-45b1-894f-8dc0851c56cc,SAMMS-Stevenson
202608200219256195,202608200029237678,202608200029237018,85,2581,Bronze INV,br_LabResultDetail,TASK_COMPLETE,FAILED,ERROR,18155,18155,1,BulkDartsSrvLoader Bronze ForEach failed,2026-08-20T00:29:28.539Z,2026-08-20T02:40:07.937Z,7839,2026-08-20T02:40:07.937Z,TE,Tempe,2e0eb052-bb28-45b1-894f-8dc0851c56cc,SAMMS-Tempe
202608200219256196,202608200029237679,202608200029237018,85,2582,Bronze INV,br_LabResultDetail,TASK_COMPLETE,FAILED,ERROR,4,4,1,BulkDartsSrvLoader Bronze ForEach failed,2026-08-20T00:29:28.539Z,2026-08-20T02:40:07.937Z,7839,2026-08-20T02:40:07.937Z,TEX,Texarkana,2e0eb052-bb28-45b1-894f-8dc0851c56cc,SAMMS-Texarkana
202608200219256197,202608200029237680,202608200029237018,85,2583,Bronze INV,br_LabResultDetail,TASK_COMPLETE,FAILED,ERROR,1711,1711,1,BulkDartsSrvLoader Bronze ForEach failed,2026-08-20T00:29:28.539Z,2026-08-20T02:40:07.937Z,7839,2026-08-20T02:40:07.937Z,TTCA,Bessemer,2e0eb052-bb28-45b1-894f-8dc0851c56cc,SAMMS-BessemerV5
202608200219256199,202608200029237681,202608200029237018,85,2584,Bronze INV,br_LabResultDetail,TASK_COMPLETE,FAILED,ERROR,2135,2135,1,BulkDartsSrvLoader Bronze ForEach failed,2026-08-20T00:29:28.539Z,2026-08-20T02:40:07.937Z,7839,2026-08-20T02:40:07.937Z,TTCB,Cullman,2e0eb052-bb28-45b1-894f-8dc0851c56cc,SAMMS-CullmanV5
202608200219256200,202608200029237682,202608200029237018,85,2585,Bronze INV,br_LabResultDetail,TASK_COMPLETE,FAILED,ERROR,4,4,1,BulkDartsSrvLoader Bronze ForEach failed,2026-08-20T00:29:28.539Z,2026-08-20T02:40:07.937Z,7839,2026-08-20T02:40:07.937Z,TTCC,Grand Bay,2e0eb052-bb28-45b1-894f-8dc0851c56cc,SAMMS-GrandBay
202608200219256201,202608200029237683,202608200029237018,85,2586,Bronze INV,br_LabResultDetail,TASK_COMPLETE,FAILED,ERROR,1162,1162,1,BulkDartsSrvLoader Bronze ForEach failed,2026-08-20T00:29:28.539Z,2026-08-20T02:40:07.937Z,7839,2026-08-20T02:40:07.937Z,TU,Tucson,2e0eb052-bb28-45b1-894f-8dc0851c56cc,SAMMS-Tucson
202608200219256202,202608200029237684,202608200029237018,85,2588,Bronze INV,br_LabResultDetail,TASK_COMPLETE,FAILED,ERROR,5376,5376,1,BulkDartsSrvLoader Bronze ForEach failed,2026-08-20T00:29:28.539Z,2026-08-20T02:40:07.937Z,7839,2026-08-20T02:40:07.937Z,V1,Memphis South,2e0eb052-bb28-45b1-894f-8dc0851c56cc,SAMMS-VCPHCS-I-MemphisV5
202608200219256203,202608200029237685,202608200029237018,85,2589,Bronze INV,br_LabResultDetail,TASK_COMPLETE,FAILED,ERROR,6257,6257,1,BulkDartsSrvLoader Bronze ForEach failed,2026-08-20T00:29:28.539Z,2026-08-20T02:40:07.937Z,7839,2026-08-20T02:40:07.937Z,V10,Longmont,2e0eb052-bb28-45b1-894f-8dc0851c56cc,SAMMS-BoulderV5
202608200219256204,202608200029237686,202608200029237018,85,2590,Bronze INV,br_LabResultDetail,TASK_COMPLETE,FAILED,ERROR,3570,3570,1,BulkDartsSrvLoader Bronze ForEach failed,2026-08-20T00:29:28.539Z,2026-08-20T02:40:07.937Z,7839,2026-08-20T02:40:07.937Z,V10A,Fort Collins,2e0eb052-bb28-45b1-894f-8dc0851c56cc,SAMMS-FortCollinsV5
202608200219256206,202608200029237687,202608200029237018,85,2591,Bronze INV,br_LabResultDetail,TASK_COMPLETE,FAILED,ERROR,7568,7568,1,BulkDartsSrvLoader Bronze ForEach failed,2026-08-20T00:29:28.539Z,2026-08-20T02:40:07.937Z,7839,2026-08-20T02:40:07.937Z,V11,Westminster,2e0eb052-bb28-45b1-894f-8dc0851c56cc,SAMMS-VCPHCS-XI-NorthDenverV5
202608200219256207,202608200029237688,202608200029237018,85,2592,Bronze INV,br_LabResultDetail,TASK_COMPLETE,FAILED,ERROR,10350,10350,1,BulkDartsSrvLoader Bronze ForEach failed,2026-08-20T00:29:28.539Z,2026-08-20T02:40:07.937Z,7839,2026-08-20T02:40:07.937Z,V12,Downtown Denver,2e0eb052-bb28-45b1-894f-8dc0851c56cc,SAMMS-VCPHCS-XII-DowntownDenverV5
202608200219256208,202608200029237689,202608200029237018,85,2593,Bronze INV,br_LabResultDetail,TASK_COMPLETE,FAILED,ERROR,4837,4837,1,BulkDartsSrvLoader Bronze ForEach failed,2026-08-20T00:29:28.539Z,2026-08-20T02:40:07.937Z,7839,2026-08-20T02:40:07.937Z,V12A,Centennial,2e0eb052-bb28-45b1-894f-8dc0851c56cc,SAMMS-CentennialV5
202608200219256209,202608200029237690,202608200029237018,85,2594,Bronze INV,br_LabResultDetail,TASK_COMPLETE,FAILED,ERROR,3383,3383,1,BulkDartsSrvLoader Bronze ForEach failed,2026-08-20T00:29:28.539Z,2026-08-20T02:40:07.937Z,7839,2026-08-20T02:40:07.937Z,V14,Overland Park,2e0eb052-bb28-45b1-894f-8dc0851c56cc,SAMMS-VCPHCS-XIV-BridgewayV5
202608200219256210,202608200029237691,202608200029237018,85,2595,Bronze INV,br_LabResultDetail,TASK_COMPLETE,FAILED,ERROR,2912,2912,1,BulkDartsSrvLoader Bronze ForEach failed,2026-08-20T00:29:28.539Z,2026-08-20T02:40:07.937Z,7839,2026-08-20T02:40:07.937Z,V15,Joplin,2e0eb052-bb28-45b1-894f-8dc0851c56cc,SAMMS-JoplinV5
202608200219256211,202608200029237692,202608200029237018,85,2597,Bronze INV,br_LabResultDetail,TASK_COMPLETE,FAILED,ERROR,1316,1316,1,BulkDartsSrvLoader Bronze ForEach failed,2026-08-20T00:29:28.539Z,2026-08-20T02:40:07.937Z,7839,2026-08-20T02:40:07.937Z,V17,Columbia TN,2e0eb052-bb28-45b1-894f-8dc0851c56cc,SAMMS-ColumbiaTNv5
202608200219256213,202608200029237693,202608200029237018,85,2599,Bronze INV,br_LabResultDetail,TASK_COMPLETE,FAILED,ERROR,5127,5127,1,BulkDartsSrvLoader Bronze ForEach failed,2026-08-20T00:29:28.539Z,2026-08-20T02:40:07.937Z,7839,2026-08-20T02:40:07.937Z,V19,Jackson,2e0eb052-bb28-45b1-894f-8dc0851c56cc,SAMMS-JacksonV5
202608200219256214,202608200029237694,202608200029237018,85,2601,Bronze INV,br_LabResultDetail,TASK_COMPLETE,FAILED,ERROR,7047,7047,1,BulkDartsSrvLoader Bronze ForEach failed,2026-08-20T00:29:28.539Z,2026-08-20T02:40:07.937Z,7839,2026-08-20T02:40:07.937Z,V20,Paris,2e0eb052-bb28-45b1-894f-8dc0851c56cc,SAMMS-ParisV5
202608200219256215,202608200029237695,202608200029237018,85,2602,Bronze INV,br_LabResultDetail,TASK_COMPLETE,FAILED,ERROR,6064,6064,1,BulkDartsSrvLoader Bronze ForEach failed,2026-08-20T00:29:28.539Z,2026-08-20T02:40:07.937Z,7839,2026-08-20T02:40:07.937Z,V21,Memphis North,2e0eb052-bb28-45b1-894f-8dc0851c56cc,SAMMS-RaleighV5
202608200219256216,202608200029237696,202608200029237018,85,2605,Bronze INV,br_LabResultDetail,TASK_COMPLETE,FAILED,ERROR,7024,7024,1,BulkDartsSrvLoader Bronze ForEach failed,2026-08-20T00:29:28.539Z,2026-08-20T02:40:07.937Z,7839,2026-08-20T02:40:07.937Z,V5,West Bank,2e0eb052-bb28-45b1-894f-8dc0851c56cc,SAMMS-NONTCv5
202608200219256217,202608200029237697,202608200029237018,85,2607,Bronze INV,br_LabResultDetail,TASK_COMPLETE,FAILED,ERROR,529,529,1,BulkDartsSrvLoader Bronze ForEach failed,2026-08-20T00:29:28.539Z,2026-08-20T02:40:07.937Z,7839,2026-08-20T02:40:07.937Z,V5B,Houma,2e0eb052-bb28-45b1-894f-8dc0851c56cc,SAMMS-HoumaV6
202608200219256218,202608200029237698,202608200029237018,85,2608,Bronze INV,br_LabResultDetail,TASK_COMPLETE,FAILED,ERROR,4795,4795,1,BulkDartsSrvLoader Bronze ForEach failed,2026-08-20T00:29:28.539Z,2026-08-20T02:40:07.937Z,7839,2026-08-20T02:40:07.937Z,V6,Lake Charles,2e0eb052-bb28-45b1-894f-8dc0851c56cc,SAMMS-LCv5
202608200219256219,202608200029237699,202608200029237018,85,2610,Bronze INV,br_LabResultDetail,TASK_COMPLETE,FAILED,ERROR,19739,19739,1,BulkDartsSrvLoader Bronze ForEach failed,2026-08-20T00:29:28.539Z,2026-08-20T02:40:07.937Z,7839,2026-08-20T02:40:07.937Z,V8,Memphis Midtown,2e0eb052-bb28-45b1-894f-8dc0851c56cc,SAMMS-VCPHCS-VIII-MemphisV5
202608200219256221,202608200029237700,202608200029237018,85,2611,Bronze INV,br_LabResultDetail,TASK_COMPLETE,FAILED,ERROR,17614,17614,1,BulkDartsSrvLoader Bronze ForEach failed,2026-08-20T00:29:28.539Z,2026-08-20T02:40:07.937Z,7839,2026-08-20T02:40:07.937Z,V9,Nashville,2e0eb052-bb28-45b1-894f-8dc0851c56cc,SAMMS-NashvilleV5
202608200219256222,202608200029237701,202608200029237018,85,2612,Bronze INV,br_LabResultDetail,TASK_COMPLETE,FAILED,ERROR,1090,1090,1,BulkDartsSrvLoader Bronze ForEach failed,2026-08-20T00:29:28.539Z,2026-08-20T02:40:07.937Z,7839,2026-08-20T02:40:07.937Z,VBRA,Brainerd,2e0eb052-bb28-45b1-894f-8dc0851c56cc,SAMMS-BrainerdV6
202608200219256223,202608200029237702,202608200029237018,85,2613,Bronze INV,br_LabResultDetail,TASK_COMPLETE,FAILED,ERROR,18,18,1,BulkDartsSrvLoader Bronze ForEach failed,2026-08-20T00:29:28.539Z,2026-08-20T02:40:07.937Z,7839,2026-08-20T02:40:07.937Z,VBRP,Brooklyn Park,2e0eb052-bb28-45b1-894f-8dc0851c56cc,SAMMS-BrooklynParkV6
202608200219256224,202608200029237703,202608200029237018,85,2615,Bronze INV,br_LabResultDetail,TASK_COMPLETE,FAILED,ERROR,3,3,1,BulkDartsSrvLoader Bronze ForEach failed,2026-08-20T00:29:28.539Z,2026-08-20T02:40:07.937Z,7839,2026-08-20T02:40:07.937Z,VMIN,Minneapolis,2e0eb052-bb28-45b1-894f-8dc0851c56cc,SAMMS-MinneapolisV6
202608200219256225,202608200029237704,202608200029237018,85,2616,Bronze INV,br_LabResultDetail,TASK_COMPLETE,FAILED,ERROR,8,8,1,BulkDartsSrvLoader Bronze ForEach failed,2026-08-20T00:29:28.539Z,2026-08-20T02:40:07.937Z,7839,2026-08-20T02:40:07.937Z,VWBY,Woodbury,2e0eb052-bb28-45b1-894f-8dc0851c56cc,SAMMS-WoodburyV6
202608200219258531,202608200029238980,202608200029237018,85,3183,Bronze INV,br_ReAssessmentFamily,TASK_COMPLETE,FAILED,ERROR,400,400,1,SaveReAssessmentFamily Bronze ForEach failed,2026-08-20T00:29:28.539Z,2026-08-20T02:40:07.937Z,7839,2026-08-20T02:40:07.937Z,B31,Dyersburg,2e0eb052-bb28-45b1-894f-8dc0851c56cc,SAMMS-DyersburgV5
202608200219258532,202608200029238981,202608200029237018,85,3185,Bronze INV,br_ReAssessmentFamily,TASK_COMPLETE,FAILED,ERROR,487,487,1,SaveReAssessmentFamily Bronze ForEach failed,2026-08-20T00:29:28.539Z,2026-08-20T02:40:07.937Z,7839,2026-08-20T02:40:07.937Z,B33,Paducah,2e0eb052-bb28-45b1-894f-8dc0851c56cc,SAMMS-Paducah
202608200219258533,202608200029238982,202608200029237018,85,3186,Bronze INV,br_ReAssessmentFamily,TASK_COMPLETE,FAILED,ERROR,383,383,1,SaveReAssessmentFamily Bronze ForEach failed,2026-08-20T00:29:28.539Z,2026-08-20T02:40:07.937Z,7839,2026-08-20T02:40:07.937Z,B34,Corbin,2e0eb052-bb28-45b1-894f-8dc0851c56cc,SAMMS-CorbinV5
202608200219258534,202608200029238983,202608200029237018,85,3187,Bronze INV,br_ReAssessmentFamily,TASK_COMPLETE,FAILED,ERROR,240,240,1,SaveReAssessmentFamily Bronze ForEach failed,2026-08-20T00:29:28.539Z,2026-08-20T02:40:07.937Z,7839,2026-08-20T02:40:07.937Z,B35,Lexington,2e0eb052-bb28-45b1-894f-8dc0851c56cc,SAMMS-LexingtonV5
202608200219258535,202608200029238984,202608200029237018,85,3188,Bronze INV,br_ReAssessmentFamily,TASK_COMPLETE,FAILED,ERROR,77,77,1,SaveReAssessmentFamily Bronze ForEach failed,2026-08-20T00:29:28.539Z,2026-08-20T02:40:07.937Z,7839,2026-08-20T02:40:07.937Z,B35A,Berea,2e0eb052-bb28-45b1-894f-8dc0851c56cc,SAMMS-BereaV5
202608200219258536,202608200029238985,202608200029237018,85,3189,Bronze INV,br_ReAssessmentFamily,TASK_COMPLETE,FAILED,ERROR,20,20,1,SaveReAssessmentFamily Bronze ForEach failed,2026-08-20T00:29:28.539Z,2026-08-20T02:40:07.937Z,7839,2026-08-20T02:40:07.937Z,B36,Asheville,2e0eb052-bb28-45b1-894f-8dc0851c56cc,SAMMS-AshevilleV5
202608200219258537,202608200029238986,202608200029237018,85,3190,Bronze INV,br_ReAssessmentFamily,TASK_COMPLETE,FAILED,ERROR,1,1,1,SaveReAssessmentFamily Bronze ForEach failed,2026-08-20T00:29:28.539Z,2026-08-20T02:40:07.937Z,7839,2026-08-20T02:40:07.937Z,B37,Clyde,2e0eb052-bb28-45b1-894f-8dc0851c56cc,SAMMS-ClydeV5
202608200219258539,202608200029238987,202608200029237018,85,3191,Bronze INV,br_ReAssessmentFamily,TASK_COMPLETE,FAILED,ERROR,1186,1186,1,SaveReAssessmentFamily Bronze ForEach failed,2026-08-20T00:29:28.539Z,2026-08-20T02:40:07.937Z,7839,2026-08-20T02:40:07.937Z,B38,Spartanburg,2e0eb052-bb28-45b1-894f-8dc0851c56cc,SAMMS-SpartanburgV5
202608200219258540,202608200029238988,202608200029237018,85,3192,Bronze INV,br_ReAssessmentFamily,TASK_COMPLETE,FAILED,ERROR,362,362,1,SaveReAssessmentFamily Bronze ForEach failed,2026-08-20T00:29:28.539Z,2026-08-20T02:40:07.937Z,7839,2026-08-20T02:40:07.937Z,B39,Aiken,2e0eb052-bb28-45b1-894f-8dc0851c56cc,SAMMS-AikenV5
202608200219258541,202608200029238989,202608200029237018,85,3193,Bronze INV,br_ReAssessmentFamily,TASK_COMPLETE,FAILED,ERROR,1888,1888,1,SaveReAssessmentFamily Bronze ForEach failed,2026-08-20T00:29:28.539Z,2026-08-20T02:40:07.937Z,7839,2026-08-20T02:40:07.937Z,B41,Chesapeake,2e0eb052-bb28-45b1-894f-8dc0851c56cc,SAMMS-ChesapeakeV5
202608200219258542,202608200029238990,202608200029237018,85,3194,Bronze INV,br_ReAssessmentFamily,TASK_COMPLETE,FAILED,ERROR,1917,1917,1,SaveReAssessmentFamily Bronze ForEach failed,2026-08-20T00:29:28.539Z,2026-08-20T02:40:07.937Z,7839,2026-08-20T02:40:07.937Z,B42,Virginia Beach,2e0eb052-bb28-45b1-894f-8dc0851c56cc,SAMMS-VirginiaBeachV5
202608200219258543,202608200029238991,202608200029237018,85,3195,Bronze INV,br_ReAssessmentFamily,TASK_COMPLETE,FAILED,ERROR,926,926,1,SaveReAssessmentFamily Bronze ForEach failed,2026-08-20T00:29:28.539Z,2026-08-20T02:40:07.937Z,7839,2026-08-20T02:40:07.937Z,B42A,Newport News,2e0eb052-bb28-45b1-894f-8dc0851c56cc,SAMMS-NewportNewsV5
202608200219258544,202608200029238992,202608200029237018,85,3196,Bronze INV,br_ReAssessmentFamily,TASK_COMPLETE,FAILED,ERROR,507,507,1,SaveReAssessmentFamily Bronze ForEach failed,2026-08-20T00:29:28.539Z,2026-08-20T02:40:07.937Z,7839,2026-08-20T02:40:07.937Z,B42B,Franklin,2e0eb052-bb28-45b1-894f-8dc0851c56cc,SAMMS-FranklinV5
202608200219258545,202608200029238993,202608200029237018,85,3197,Bronze INV,br_ReAssessmentFamily,TASK_COMPLETE,FAILED,ERROR,342,342,1,SaveReAssessmentFamily Bronze ForEach failed,2026-08-20T00:29:28.539Z,2026-08-20T02:40:07.937Z,7839,2026-08-20T02:40:07.937Z,B42C,Glen Allen,2e0eb052-bb28-45b1-894f-8dc0851c56cc,SAMMS-GlenAllenV5
202608200219258546,202608200029238994,202608200029237018,85,3198,Bronze INV,br_ReAssessmentFamily,TASK_COMPLETE,FAILED,ERROR,1481,1481,1,SaveReAssessmentFamily Bronze ForEach failed,2026-08-20T00:29:28.539Z,2026-08-20T02:40:07.937Z,7839,2026-08-20T02:40:07.937Z,B42D,Chesapeake South,2e0eb052-bb28-45b1-894f-8dc0851c56cc,SAMMS-ChesapeakeSouthV5
202608200219258547,202608200029238995,202608200029237018,85,3199,Bronze INV,br_ReAssessmentFamily,TASK_COMPLETE,FAILED,ERROR,632,632,1,SaveReAssessmentFamily Bronze ForEach failed,2026-08-20T00:29:28.539Z,2026-08-20T02:40:07.937Z,7839,2026-08-20T02:40:07.937Z,B44,Albany,2e0eb052-bb28-45b1-894f-8dc0851c56cc,SAMMS-AlbanyV5
202608200219258549,202608200029238996,202608200029237018,85,3200,Bronze INV,br_ReAssessmentFamily,TASK_COMPLETE,FAILED,ERROR,1270,1270,1,SaveReAssessmentFamily Bronze ForEach failed,2026-08-20T00:29:28.539Z,2026-08-20T02:40:07.937Z,7839,2026-08-20T02:40:07.937Z,B45,Tifton,2e0eb052-bb28-45b1-894f-8dc0851c56cc,SAMMS-TiftonV5
202608200219258550,202608200029238997,202608200029237018,85,3201,Bronze INV,br_ReAssessmentFamily,TASK_COMPLETE,FAILED,ERROR,587,587,1,SaveReAssessmentFamily Bronze ForEach failed,2026-08-20T00:29:28.539Z,2026-08-20T02:40:07.937Z,7839,2026-08-20T02:40:07.937Z,B46,Washington DC,2e0eb052-bb28-45b1-894f-8dc0851c56cc,SAMMS-WashingtonDCv5
202608200219258551,202608200029238998,202608200029237018,85,3202,Bronze INV,br_ReAssessmentFamily,TASK_COMPLETE,FAILED,ERROR,1570,1570,1,SaveReAssessmentFamily Bronze ForEach failed,2026-08-20T00:29:28.539Z,2026-08-20T02:40:07.937Z,7839,2026-08-20T02:40:07.937Z,B47,Mobile,2e0eb052-bb28-45b1-894f-8dc0851c56cc,SAMMS-MobileV5
202608200219258552,202608200029238999,202608200029237018,85,3203,Bronze INV,br_ReAssessmentFamily,TASK_COMPLETE,FAILED,ERROR,1297,1297,1,SaveReAssessmentFamily Bronze ForEach failed,2026-08-20T00:29:28.539Z,2026-08-20T02:40:07.937Z,7839,2026-08-20T02:40:07.937Z,B48,Tuscaloosa,2e0eb052-bb28-45b1-894f-8dc0851c56cc,SAMMS-TuscaloosaV5
202608200219258553,202608200029239000,202608200029237018,85,3212,Bronze INV,br_ReAssessmentFamily,TASK_COMPLETE,FAILED,ERROR,2,2,1,SaveReAssessmentFamily Bronze ForEach failed,2026-08-20T00:29:28.539Z,2026-08-20T02:40:07.937Z,7839,2026-08-20T02:40:07.937Z,B51,N. Little Rock (OTP),2e0eb052-bb28-45b1-894f-8dc0851c56cc,SAMMS-NorthLittleRockV6
202608200219258554,202608200029239001,202608200029237018,85,3213,Bronze INV,br_ReAssessmentFamily,TASK_COMPLETE,FAILED,ERROR,456,456,1,SaveReAssessmentFamily Bronze ForEach failed,2026-08-20T00:29:28.539Z,2026-08-20T02:40:07.937Z,7839,2026-08-20T02:40:07.937Z,B52,Jackson GA,2e0eb052-bb28-45b1-894f-8dc0851c56cc,SAMMS-JacksonGAV5
202608200219258555,202608200029239002,202608200029237018,85,3214,Bronze INV,br_ReAssessmentFamily,TASK_COMPLETE,FAILED,ERROR,1708,1708,1,SaveReAssessmentFamily Bronze ForEach failed,2026-08-20T00:29:28.539Z,2026-08-20T02:40:07.937Z,7839,2026-08-20T02:40:07.937Z,B54,Gadsden,2e0eb052-bb28-45b1-894f-8dc0851c56cc,SAMMS-GadsdenV5
202608200219258557,202608200029239003,202608200029237018,85,3215,Bronze INV,br_ReAssessmentFamily,TASK_COMPLETE,FAILED,ERROR,950,950,1,SaveReAssessmentFamily Bronze ForEach failed,2026-08-20T00:29:28.539Z,2026-08-20T02:40:07.937Z,7839,2026-08-20T02:40:07.937Z,B55,Shoals,2e0eb052-bb28-45b1-894f-8dc0851c56cc,SAMMS-ShoalsV5
202608200219258558,202608200029239004,202608200029237018,85,3216,Bronze INV,br_ReAssessmentFamily,TASK_COMPLETE,FAILED,ERROR,294,294,1,SaveReAssessmentFamily Bronze ForEach failed,2026-08-20T00:29:28.539Z,2026-08-20T02:40:07.937Z,7839,2026-08-20T02:40:07.937Z,B57,Pawtucket,2e0eb052-bb28-45b1-894f-8dc0851c56cc,SAMMS-Pawtucket
202608200219258559,202608200029239005,202608200029237018,85,3217,Bronze INV,br_ReAssessmentFamily,TASK_COMPLETE,FAILED,ERROR,551,551,1,SaveReAssessmentFamily Bronze ForEach failed,2026-08-20T00:29:28.539Z,2026-08-20T02:40:07.937Z,7839,2026-08-20T02:40:07.937Z,B57A,Johnston,2e0eb052-bb28-45b1-894f-8dc0851c56cc,SAMMS-Johnston
202608200219258560,202608200029239006,202608200029237018,85,3218,Bronze INV,br_ReAssessmentFamily,TASK_COMPLETE,FAILED,ERROR,166,166,1,SaveReAssessmentFamily Bronze ForEach failed,2026-08-20T00:29:28.539Z,2026-08-20T02:40:07.937Z,7839,2026-08-20T02:40:07.937Z,B57B,Middletown,2e0eb052-bb28-45b1-894f-8dc0851c56cc,SAMMS-Middletown
202608200219258561,202608200029239007,202608200029237018,85,3219,Bronze INV,br_ReAssessmentFamily,TASK_COMPLETE,FAILED,ERROR,413,413,1,SaveReAssessmentFamily Bronze ForEach failed,2026-08-20T00:29:28.539Z,2026-08-20T02:40:07.937Z,7839,2026-08-20T02:40:07.937Z,B57C,Providence,2e0eb052-bb28-45b1-894f-8dc0851c56cc,SAMMS-Providence
202608200219258562,202608200029239008,202608200029237018,85,3220,Bronze INV,br_ReAssessmentFamily,TASK_COMPLETE,FAILED,ERROR,623,623,1,SaveReAssessmentFamily Bronze ForEach failed,2026-08-20T00:29:28.539Z,2026-08-20T02:40:07.937Z,7839,2026-08-20T02:40:07.937Z,B57D,Westerly,2e0eb052-bb28-45b1-894f-8dc0851c56cc,SAMMS-Westerly
202608200219258563,202608200029239009,202608200029237018,85,3224,Bronze INV,br_ReAssessmentFamily,TASK_COMPLETE,FAILED,ERROR,4,4,1,SaveReAssessmentFamily Bronze ForEach failed,2026-08-20T00:29:28.539Z,2026-08-20T02:40:07.937Z,7839,2026-08-20T02:40:07.937Z,B66A,Bremen,2e0eb052-bb28-45b1-894f-8dc0851c56cc,SAMMS-Bremen
202608200219258564,202608200029239010,202608200029237018,85,3227,Bronze INV,br_ReAssessmentFamily,TASK_COMPLETE,FAILED,ERROR,0,0,1,SaveReAssessmentFamily Bronze ForEach failed,2026-08-20T00:29:28.539Z,2026-08-20T02:40:07.937Z,7839,2026-08-20T02:40:07.937Z,B72,Mobile (OBOT),2e0eb052-bb28-45b1-894f-8dc0851c56cc,SAMMS-Mobile-OBOT
202608200219258565,202608200029239011,202608200029237018,85,3228,Bronze INV,br_ReAssessmentFamily,TASK_COMPLETE,FAILED,ERROR,0,0,1,SaveReAssessmentFamily Bronze ForEach failed,2026-08-20T00:29:28.539Z,2026-08-20T02:40:07.937Z,7839,2026-08-20T02:40:07.937Z,B73,Montgomery,2e0eb052-bb28-45b1-894f-8dc0851c56cc,SAMMS-Montgomery
202608200219258567,202608200029239012,202608200029237018,85,3229,Bronze INV,br_ReAssessmentFamily,TASK_COMPLETE,FAILED,ERROR,517,517,1,SaveReAssessmentFamily Bronze ForEach failed,2026-08-20T00:29:28.539Z,2026-08-20T02:40:07.937Z,7839,2026-08-20T02:40:07.937Z,B75,Lawrence,2e0eb052-bb28-45b1-894f-8dc0851c56cc,SAMMS-LawrenceV6
202608200219258568,202608200029239013,202608200029237018,85,3230,Bronze INV,br_ReAssessmentFamily,TASK_COMPLETE,FAILED,ERROR,0,0,1,SaveReAssessmentFamily Bronze ForEach failed,2026-08-20T00:29:28.539Z,2026-08-20T02:40:07.937Z,7839,2026-08-20T02:40:07.937Z,B76,Huntsville OBOT,2e0eb052-bb28-45b1-894f-8dc0851c56cc,SAMMS-Huntsville-OBOT
202608200219258569,202608200029239014,202608200029237018,85,3231,Bronze INV,br_ReAssessmentFamily,TASK_COMPLETE,FAILED,ERROR,0,0,1,SaveReAssessmentFamily Bronze ForEach failed,2026-08-20T00:29:28.539Z,2026-08-20T02:40:07.937Z,7839,2026-08-20T02:40:07.937Z,BAT,Batesville,2e0eb052-bb28-45b1-894f-8dc0851c56cc,SAMMS-Batesville
202608200219258570,202608200029239015,202608200029237018,85,3232,Bronze INV,br_ReAssessmentFamily,TASK_COMPLETE,FAILED,ERROR,461,461,1,SaveReAssessmentFamily Bronze ForEach failed,2026-08-20T00:29:28.539Z,2026-08-20T02:40:07.937Z,7839,2026-08-20T02:40:07.937Z,BG,Bowling Green,2e0eb052-bb28-45b1-894f-8dc0851c56cc,SAMMS-BowlingGreen
202608200219258571,202608200029239016,202608200029237018,85,3233,Bronze INV,br_ReAssessmentFamily,TASK_COMPLETE,FAILED,ERROR,181,181,1,SaveReAssessmentFamily Bronze ForEach failed,2026-08-20T00:29:28.539Z,2026-08-20T02:40:07.937Z,7839,2026-08-20T02:40:07.937Z,BOI,Boise,2e0eb052-bb28-45b1-894f-8dc0851c56cc,SAMMS-Boise
202608200219258572,202608200029239017,202608200029237018,85,3240,Bronze INV,br_ReAssessmentFamily,TASK_COMPLETE,FAILED,ERROR,51,51,1,SaveReAssessmentFamily Bronze ForEach failed,2026-08-20T00:29:28.539Z,2026-08-20T02:40:07.937Z,7839,2026-08-20T02:40:07.937Z,CBCO,Coeur dAlene,2e0eb052-bb28-45b1-894f-8dc0851c56cc,SAMMS-CoeurdAleneV6
202608200219258573,202608200029239018,202608200029237018,85,3259,Bronze INV,br_ReAssessmentFamily,TASK_COMPLETE,FAILED,ERROR,0,0,1,SaveReAssessmentFamily Bronze ForEach failed,2026-08-20T00:29:28.539Z,2026-08-20T02:40:07.937Z,7839,2026-08-20T02:40:07.937Z,CON,Conway,2e0eb052-bb28-45b1-894f-8dc0851c56cc,SAMMS-Conway
202608200219258575,202608200029239019,202608200029237018,85,3260,Bronze INV,br_ReAssessmentFamily,TASK_COMPLETE,FAILED,ERROR,2575,2575,1,SaveReAssessmentFamily Bronze ForEach failed,2026-08-20T00:29:28.539Z,2026-08-20T02:40:07.937Z,7839,2026-08-20T02:40:07.937Z,D07,Medical Services Knox TN,2e0eb052-bb28-45b1-894f-8dc0851c56cc,SAMMS-KnoxvilleV6
202608200219258576,202608200029239020,202608200029237018,85,3261,Bronze INV,br_ReAssessmentFamily,TASK_COMPLETE,FAILED,ERROR,111,111,1,SaveReAssessmentFamily Bronze ForEach failed,2026-08-20T00:29:28.539Z,2026-08-20T02:40:07.937Z,7839,2026-08-20T02:40:07.937Z,D08,Madison,2e0eb052-bb28-45b1-894f-8dc0851c56cc,SAMMS-MadisonV6
202608200219258577,202608200029239021,202608200029237018,85,3263,Bronze INV,br_ReAssessmentFamily,TASK_COMPLETE,FAILED,ERROR,121,121,1,SaveReAssessmentFamily Bronze ForEach failed,2026-08-20T00:29:28.539Z,2026-08-20T02:40:07.937Z,7839,2026-08-20T02:40:07.937Z,D09,Murfreesboro,2e0eb052-bb28-45b1-894f-8dc0851c56cc,SAMMS-MurfreesboroV6
202608200219258578,202608200029239022,202608200029237018,85,3264,Bronze INV,br_ReAssessmentFamily,TASK_COMPLETE,FAILED,ERROR,335,335,1,SaveReAssessmentFamily Bronze ForEach failed,2026-08-20T00:29:28.539Z,2026-08-20T02:40:07.937Z,7839,2026-08-20T02:40:07.937Z,DA,Davenport,2e0eb052-bb28-45b1-894f-8dc0851c56cc,SAMMS-Davenport
202608200219258579,202608200029239023,202608200029237018,85,3265,Bronze INV,br_ReAssessmentFamily,TASK_COMPLETE,FAILED,ERROR,288,288,1,SaveReAssessmentFamily Bronze ForEach failed,2026-08-20T00:29:28.539Z,2026-08-20T02:40:07.937Z,7839,2026-08-20T02:40:07.937Z,DM,Des Moines,2e0eb052-bb28-45b1-894f-8dc0851c56cc,SAMMS-DesMoines
202608200219258580,202608200029239024,202608200029237018,85,3267,Bronze INV,br_ReAssessmentFamily,TASK_COMPLETE,FAILED,ERROR,530,530,1,SaveReAssessmentFamily Bronze ForEach failed,2026-08-20T00:29:28.539Z,2026-08-20T02:40:07.937Z,7839,2026-08-20T02:40:07.937Z,DRD-CO,Columbia MO,2e0eb052-bb28-45b1-894f-8dc0851c56cc,SAMMS-ColumbiaV5
202608200219258581,202608200029239025,202608200029237018,85,3268,Bronze INV,br_ReAssessmentFamily,TASK_COMPLETE,FAILED,ERROR,348,348,1,SaveReAssessmentFamily Bronze ForEach failed,2026-08-20T00:29:28.539Z,2026-08-20T02:40:07.937Z,7839,2026-08-20T02:40:07.937Z,DRD-KC,KC,2e0eb052-bb28-45b1-894f-8dc0851c56cc,SAMMS-KCv5
202608200219258583,202608200029239026,202608200029237018,85,3269,Bronze INV,br_ReAssessmentFamily,TASK_COMPLETE,FAILED,ERROR,1549,1549,1,SaveReAssessmentFamily Bronze ForEach failed,2026-08-20T00:29:28.539Z,2026-08-20T02:40:07.937Z,7839,2026-08-20T02:40:07.937Z,DRD-KVB,KVB,2e0eb052-bb28-45b1-894f-8dc0851c56cc,SAMMS-KVBv5
202608200219258584,202608200029239027,202608200029237018,85,3270,Bronze INV,br_ReAssessmentFamily,TASK_COMPLETE,FAILED,ERROR,1674,1674,1,SaveReAssessmentFamily Bronze ForEach failed,2026-08-20T00:29:28.539Z,2026-08-20T02:40:07.937Z,7839,2026-08-20T02:40:07.937Z,DRD-KVC,KVC,2e0eb052-bb28-45b1-894f-8dc0851c56cc,SAMMS-KVCv5
202608200219258585,202608200029239028,202608200029237018,85,3271,Bronze INV,br_ReAssessmentFamily,TASK_COMPLETE,FAILED,ERROR,3205,3205,1,SaveReAssessmentFamily Bronze ForEach failed,2026-08-20T00:29:28.539Z,2026-08-20T02:40:07.937Z,7839,2026-08-20T02:40:07.937Z,DRD-NOLA,NOLA,2e0eb052-bb28-45b1-894f-8dc0851c56cc,SAMMS-NOLAv5
202608200219258586,202608200029239029,202608200029237018,85,3272,Bronze INV,br_ReAssessmentFamily,TASK_COMPLETE,FAILED,ERROR,800,800,1,SaveReAssessmentFamily Bronze ForEach failed,2026-08-20T00:29:28.539Z,2026-08-20T02:40:07.937Z,7839,2026-08-20T02:40:07.937Z,DRD-SF,Springfield,2e0eb052-bb28-45b1-894f-8dc0851c56cc,SAMMS-SFv5
202608200219258587,202608200029239030,202608200029237018,85,3274,Bronze INV,br_ReAssessmentFamily,TASK_COMPLETE,FAILED,ERROR,260,260,1,SaveReAssessmentFamily Bronze ForEach failed,2026-08-20T00:29:28.539Z,2026-08-20T02:40:07.937Z,7839,2026-08-20T02:40:07.937Z,ELC,Elizabeth City,2e0eb052-bb28-45b1-894f-8dc0851c56cc,SAMMS-ElizabethCity
202608200219258588,202608200029239031,202608200029237018,85,3275,Bronze INV,br_ReAssessmentFamily,TASK_COMPLETE,FAILED,ERROR,128,128,1,SaveReAssessmentFamily Bronze ForEach failed,2026-08-20T00:29:28.539Z,2026-08-20T02:40:07.937Z,7839,2026-08-20T02:40:07.937Z,ET,Elizabethtown,2e0eb052-bb28-45b1-894f-8dc0851c56cc,SAMMS-Elizabethtown
202608200219258589,202608200029239032,202608200029237018,85,3276,Bronze INV,br_ReAssessmentFamily,TASK_COMPLETE,FAILED,ERROR,0,0,1,SaveReAssessmentFamily Bronze ForEach failed,2026-08-20T00:29:28.539Z,2026-08-20T02:40:07.937Z,7839,2026-08-20T02:40:07.937Z,FAY,Fayetteville,2e0eb052-bb28-45b1-894f-8dc0851c56cc,SAMMS-Fayetteville
202608200219258590,202608200029239033,202608200029237018,85,3277,Bronze INV,br_ReAssessmentFamily,TASK_COMPLETE,FAILED,ERROR,156,156,1,SaveReAssessmentFamily Bronze ForEach failed,2026-08-20T00:29:28.539Z,2026-08-20T02:40:07.937Z,7839,2026-08-20T02:40:07.937Z,FR,Frankfort,2e0eb052-bb28-45b1-894f-8dc0851c56cc,SAMMS-Frankfort
202608200219258591,202608200029239034,202608200029237018,85,3278,Bronze INV,br_ReAssessmentFamily,TASK_COMPLETE,FAILED,ERROR,0,0,1,SaveReAssessmentFamily Bronze ForEach failed,2026-08-20T00:29:28.539Z,2026-08-20T02:40:07.937Z,7839,2026-08-20T02:40:07.937Z,FS,Fort Smith,2e0eb052-bb28-45b1-894f-8dc0851c56cc,SAMMS-FortSmith
202608200219258592,202608200029239035,202608200029237018,85,3279,Bronze INV,br_ReAssessmentFamily,TASK_COMPLETE,FAILED,ERROR,467,467,1,SaveReAssessmentFamily Bronze ForEach failed,2026-08-20T00:29:28.539Z,2026-08-20T02:40:07.937Z,7839,2026-08-20T02:40:07.937Z,FW,Fort Wayne,2e0eb052-bb28-45b1-894f-8dc0851c56cc,SAMMS-FortWayne
202608200219258594,202608200029239036,202608200029237018,85,3280,Bronze INV,br_ReAssessmentFamily,TASK_COMPLETE,FAILED,ERROR,276,276,1,SaveReAssessmentFamily Bronze ForEach failed,2026-08-20T00:29:28.539Z,2026-08-20T02:40:07.937Z,7839,2026-08-20T02:40:07.937Z,GAL,Gaylord,2e0eb052-bb28-45b1-894f-8dc0851c56cc,SAMMS-Gaylord
202608200219258595,202608200029239037,202608200029237018,85,3284,Bronze INV,br_ReAssessmentFamily,TASK_COMPLETE,FAILED,ERROR,100,100,1,SaveReAssessmentFamily Bronze ForEach failed,2026-08-20T00:29:28.539Z,2026-08-20T02:40:07.937Z,7839,2026-08-20T02:40:07.937Z,HGT,Hagerstown,2e0eb052-bb28-45b1-894f-8dc0851c56cc,SAMMS-Hagerstown
202608200219258596,202608200029239038,202608200029237018,85,3285,Bronze INV,br_ReAssessmentFamily,TASK_COMPLETE,FAILED,ERROR,1725,1725,1,SaveReAssessmentFamily Bronze ForEach failed,2026-08-20T00:29:28.539Z,2026-08-20T02:40:07.937Z,7839,2026-08-20T02:40:07.937Z,HNT,Huntsville,2e0eb052-bb28-45b1-894f-8dc0851c56cc,SAMMS-Huntsville
202608200219258597,202608200029239039,202608200029237018,85,3286,Bronze INV,br_ReAssessmentFamily,TASK_COMPLETE,FAILED,ERROR,0,0,1,SaveReAssessmentFamily Bronze ForEach failed,2026-08-20T00:29:28.539Z,2026-08-20T02:40:07.937Z,7839,2026-08-20T02:40:07.937Z,HS,Hot Springs,2e0eb052-bb28-45b1-894f-8dc0851c56cc,SAMMS-HotSprings
202608200219258598,202608200029239040,202608200029237018,85,3287,Bronze INV,br_ReAssessmentFamily,TASK_COMPLETE,FAILED,ERROR,0,0,1,SaveReAssessmentFamily Bronze ForEach failed,2026-08-20T00:29:28.539Z,2026-08-20T02:40:07.937Z,7839,2026-08-20T02:40:07.937Z,JON,Jonesboro,2e0eb052-bb28-45b1-894f-8dc0851c56cc,SAMMS-Jonesboro
202608200219258599,202608200029239041,202608200029237018,85,3289,Bronze INV,br_ReAssessmentFamily,TASK_COMPLETE,FAILED,ERROR,447,447,1,SaveReAssessmentFamily Bronze ForEach failed,2026-08-20T00:29:28.539Z,2026-08-20T02:40:07.937Z,7839,2026-08-20T02:40:07.937Z,LAN,Lansing,2e0eb052-bb28-45b1-894f-8dc0851c56cc,SAMMS-Lansing
202608200219258600,202608200029239042,202608200029237018,85,3290,Bronze INV,br_ReAssessmentFamily,TASK_COMPLETE,FAILED,ERROR,1287,1287,1,SaveReAssessmentFamily Bronze ForEach failed,2026-08-20T00:29:28.539Z,2026-08-20T02:40:07.937Z,7839,2026-08-20T02:40:07.937Z,LO,Louisville,2e0eb052-bb28-45b1-894f-8dc0851c56cc,SAMMS-Louisville
202608200219258602,202608200029239043,202608200029237018,85,3291,Bronze INV,br_ReAssessmentFamily,TASK_COMPLETE,FAILED,ERROR,291,291,1,SaveReAssessmentFamily Bronze ForEach failed,2026-08-20T00:29:28.539Z,2026-08-20T02:40:07.937Z,7839,2026-08-20T02:40:07.937Z,LV1,Cheyenne,2e0eb052-bb28-45b1-894f-8dc0851c56cc,SAMMS-Cheyenne
202608200219258603,202608200029239044,202608200029237018,85,3292,Bronze INV,br_ReAssessmentFamily,TASK_COMPLETE,FAILED,ERROR,205,205,1,SaveReAssessmentFamily Bronze ForEach failed,2026-08-20T00:29:28.539Z,2026-08-20T02:40:07.937Z,7839,2026-08-20T02:40:07.937Z,LV2,Desert Inn,2e0eb052-bb28-45b1-894f-8dc0851c56cc,SAMMS-DesertInn
202608200219258604,202608200029239045,202608200029237018,85,3293,Bronze INV,br_ReAssessmentFamily,TASK_COMPLETE,FAILED,ERROR,110,110,1,SaveReAssessmentFamily Bronze ForEach failed,2026-08-20T00:29:28.539Z,2026-08-20T02:40:07.937Z,7839,2026-08-20T02:40:07.937Z,LV3,McDaniel,2e0eb052-bb28-45b1-894f-8dc0851c56cc,SAMMS-McDaniel
202608200219258605,202608200029239046,202608200029237018,85,3296,Bronze INV,br_ReAssessmentFamily,TASK_COMPLETE,FAILED,ERROR,356,356,1,SaveReAssessmentFamily Bronze ForEach failed,2026-08-20T00:29:28.539Z,2026-08-20T02:40:07.937Z,7839,2026-08-20T02:40:07.937Z,MNRE,Monroe,2e0eb052-bb28-45b1-894f-8dc0851c56cc,SAMMS-Monroe
202608200219258606,202608200029239047,202608200029237018,85,3297,Bronze INV,br_ReAssessmentFamily,TASK_COMPLETE,FAILED,ERROR,1423,1423,1,SaveReAssessmentFamily Bronze ForEach failed,2026-08-20T00:29:28.539Z,2026-08-20T02:40:07.937Z,7839,2026-08-20T02:40:07.937Z,MP,Mt. Pleasant,2e0eb052-bb28-45b1-894f-8dc0851c56cc,SAMMS-MtPleasant
202608200219258607,202608200029239048,202608200029237018,85,3298,Bronze INV,br_ReAssessmentFamily,TASK_COMPLETE,FAILED,ERROR,153,153,1,SaveReAssessmentFamily Bronze ForEach failed,2026-08-20T00:29:28.539Z,2026-08-20T02:40:07.937Z,7839,2026-08-20T02:40:07.937Z,MRD,Meridian,2e0eb052-bb28-45b1-894f-8dc0851c56cc,SAMMS-Meridian
202608200219258608,202608200029239049,202608200029237018,85,3303,Bronze INV,br_ReAssessmentFamily,TASK_COMPLETE,FAILED,ERROR,693,693,1,SaveReAssessmentFamily Bronze ForEach failed,2026-08-20T00:29:28.539Z,2026-08-20T02:40:07.937Z,7839,2026-08-20T02:40:07.937Z,NC,North Charleston,2e0eb052-bb28-45b1-894f-8dc0851c56cc,SAMMS-NorthCharleston
202608200219258610,202608200029239050,202608200029237018,85,3304,Bronze INV,br_ReAssessmentFamily,TASK_COMPLETE,FAILED,ERROR,0,0,1,SaveReAssessmentFamily Bronze ForEach failed,2026-08-20T00:29:28.539Z,2026-08-20T02:40:07.937Z,7839,2026-08-20T02:40:07.937Z,NLR,N. Little Rock,2e0eb052-bb28-45b1-894f-8dc0851c56cc,SAMMS-NLROBOT
202608200219258611,202608200029239051,202608200029237018,85,3305,Bronze INV,br_ReAssessmentFamily,TASK_COMPLETE,FAILED,ERROR,112,112,1,SaveReAssessmentFamily Bronze ForEach failed,2026-08-20T00:29:28.539Z,2026-08-20T02:40:07.937Z,7839,2026-08-20T02:40:07.937Z,PH,Phoenix,2e0eb052-bb28-45b1-894f-8dc0851c56cc,SAMMS-Phoenix
202608200219258612,202608200029239052,202608200029237018,85,3309,Bronze INV,br_ReAssessmentFamily,TASK_COMPLETE,FAILED,ERROR,214,214,1,SaveReAssessmentFamily Bronze ForEach failed,2026-08-20T00:29:28.539Z,2026-08-20T02:40:07.937Z,7839,2026-08-20T02:40:07.937Z,RE,Reno,2e0eb052-bb28-45b1-894f-8dc0851c56cc,SAMMS-Reno
202608200219258613,202608200029239053,202608200029237018,85,3310,Bronze INV,br_ReAssessmentFamily,TASK_COMPLETE,FAILED,ERROR,88,88,1,SaveReAssessmentFamily Bronze ForEach failed,2026-08-20T00:29:28.539Z,2026-08-20T02:40:07.937Z,7839,2026-08-20T02:40:07.937Z,RMD,Richmond,2e0eb052-bb28-45b1-894f-8dc0851c56cc,SAMMS-Richmond
202608200219258614,202608200029239054,202608200029237018,85,3311,Bronze INV,br_ReAssessmentFamily,TASK_COMPLETE,FAILED,ERROR,589,589,1,SaveReAssessmentFamily Bronze ForEach failed,2026-08-20T00:29:28.539Z,2026-08-20T02:40:07.937Z,7839,2026-08-20T02:40:07.937Z,SFN,Springfield North,2e0eb052-bb28-45b1-894f-8dc0851c56cc,SAMMS-SFNv5
202608200219258615,202608200029239055,202608200029237018,85,3312,Bronze INV,br_ReAssessmentFamily,TASK_COMPLETE,FAILED,ERROR,763,763,1,SaveReAssessmentFamily Bronze ForEach failed,2026-08-20T00:29:28.539Z,2026-08-20T02:40:07.937Z,7839,2026-08-20T02:40:07.937Z,SHP,Shreveport,2e0eb052-bb28-45b1-894f-8dc0851c56cc,SAMMS-Shreveport
202608200219259625,202608200029239694,202608200029237018,85,4504,Bronze INV,br_ReAssessmentTreatment,TASK_COMPLETE,FAILED,ERROR,294,294,1,SaveReAssessmentTreatment Bronze ForEach failed,2026-08-20T00:29:28.539Z,2026-08-20T02:40:07.937Z,7839,2026-08-20T02:40:07.937Z,B57,Pawtucket,2e0eb052-bb28-45b1-894f-8dc0851c56cc,SAMMS-Pawtucket
202608200219259627,202608200029239695,202608200029237018,85,4505,Bronze INV,br_ReAssessmentTreatment,TASK_COMPLETE,FAILED,ERROR,553,553,1,SaveReAssessmentTreatment Bronze ForEach failed,2026-08-20T00:29:28.539Z,2026-08-20T02:40:07.937Z,7839,2026-08-20T02:40:07.937Z,B57A,Johnston,2e0eb052-bb28-45b1-894f-8dc0851c56cc,SAMMS-Johnston
202608200219259628,202608200029239696,202608200029237018,85,4506,Bronze INV,br_ReAssessmentTreatment,TASK_COMPLETE,FAILED,ERROR,167,167,1,SaveReAssessmentTreatment Bronze ForEach failed,2026-08-20T00:29:28.539Z,2026-08-20T02:40:07.937Z,7839,2026-08-20T02:40:07.937Z,B57B,Middletown,2e0eb052-bb28-45b1-894f-8dc0851c56cc,SAMMS-Middletown
202608200219259629,202608200029239697,202608200029237018,85,4507,Bronze INV,br_ReAssessmentTreatment,TASK_COMPLETE,FAILED,ERROR,411,411,1,SaveReAssessmentTreatment Bronze ForEach failed,2026-08-20T00:29:28.539Z,2026-08-20T02:40:07.937Z,7839,2026-08-20T02:40:07.937Z,B57C,Providence,2e0eb052-bb28-45b1-894f-8dc0851c56cc,SAMMS-Providence
202608200219259630,202608200029239698,202608200029237018,85,4508,Bronze INV,br_ReAssessmentTreatment,TASK_COMPLETE,FAILED,ERROR,622,622,1,SaveReAssessmentTreatment Bronze ForEach failed,2026-08-20T00:29:28.539Z,2026-08-20T02:40:07.937Z,7839,2026-08-20T02:40:07.937Z,B57D,Westerly,2e0eb052-bb28-45b1-894f-8dc0851c56cc,SAMMS-Westerly
202608200219259631,202608200029239699,202608200029237018,85,4512,Bronze INV,br_ReAssessmentTreatment,TASK_COMPLETE,FAILED,ERROR,4,4,1,SaveReAssessmentTreatment Bronze ForEach failed,2026-08-20T00:29:28.539Z,2026-08-20T02:40:07.937Z,7839,2026-08-20T02:40:07.937Z,B66A,Bremen,2e0eb052-bb28-45b1-894f-8dc0851c56cc,SAMMS-Bremen
202608200219259632,202608200029239700,202608200029237018,85,4515,Bronze INV,br_ReAssessmentTreatment,TASK_COMPLETE,FAILED,ERROR,0,0,1,SaveReAssessmentTreatment Bronze ForEach failed,2026-08-20T00:29:28.539Z,2026-08-20T02:40:07.937Z,7839,2026-08-20T02:40:07.937Z,B72,Mobile (OBOT),2e0eb052-bb28-45b1-894f-8dc0851c56cc,SAMMS-Mobile-OBOT
202608200219259633,202608200029239701,202608200029237018,85,4516,Bronze INV,br_ReAssessmentTreatment,TASK_COMPLETE,FAILED,ERROR,0,0,1,SaveReAssessmentTreatment Bronze ForEach failed,2026-08-20T00:29:28.539Z,2026-08-20T02:40:07.937Z,7839,2026-08-20T02:40:07.937Z,B73,Montgomery,2e0eb052-bb28-45b1-894f-8dc0851c56cc,SAMMS-Montgomery
202608200219259635,202608200029239702,202608200029237018,85,4517,Bronze INV,br_ReAssessmentTreatment,TASK_COMPLETE,FAILED,ERROR,516,516,1,SaveReAssessmentTreatment Bronze ForEach failed,2026-08-20T00:29:28.539Z,2026-08-20T02:40:07.937Z,7839,2026-08-20T02:40:07.937Z,B75,Lawrence,2e0eb052-bb28-45b1-894f-8dc0851c56cc,SAMMS-LawrenceV6
202608200219259636,202608200029239703,202608200029237018,85,4518,Bronze INV,br_ReAssessmentTreatment,TASK_COMPLETE,FAILED,ERROR,0,0,1,SaveReAssessmentTreatment Bronze ForEach failed,2026-08-20T00:29:28.539Z,2026-08-20T02:40:07.937Z,7839,2026-08-20T02:40:07.937Z,B76,Huntsville OBOT,2e0eb052-bb28-45b1-894f-8dc0851c56cc,SAMMS-Huntsville-OBOT
202608200219259637,202608200029239704,202608200029237018,85,4519,Bronze INV,br_ReAssessmentTreatment,TASK_COMPLETE,FAILED,ERROR,0,0,1,SaveReAssessmentTreatment Bronze ForEach failed,2026-08-20T00:29:28.539Z,2026-08-20T02:40:07.937Z,7839,2026-08-20T02:40:07.937Z,BAT,Batesville,2e0eb052-bb28-45b1-894f-8dc0851c56cc,SAMMS-Batesville
202608200219259638,202608200029239705,202608200029237018,85,4520,Bronze INV,br_ReAssessmentTreatment,TASK_COMPLETE,FAILED,ERROR,463,463,1,SaveReAssessmentTreatment Bronze ForEach failed,2026-08-20T00:29:28.539Z,2026-08-20T02:40:07.937Z,7839,2026-08-20T02:40:07.937Z,BG,Bowling Green,2e0eb052-bb28-45b1-894f-8dc0851c56cc,SAMMS-BowlingGreen
202608200219259639,202608200029239706,202608200029237018,85,4521,Bronze INV,br_ReAssessmentTreatment,TASK_COMPLETE,FAILED,ERROR,181,181,1,SaveReAssessmentTreatment Bronze ForEach failed,2026-08-20T00:29:28.539Z,2026-08-20T02:40:07.937Z,7839,2026-08-20T02:40:07.937Z,BOI,Boise,2e0eb052-bb28-45b1-894f-8dc0851c56cc,SAMMS-Boise
202608200219259640,202608200029239707,202608200029237018,85,4528,Bronze INV,br_ReAssessmentTreatment,TASK_COMPLETE,FAILED,ERROR,48,48,1,SaveReAssessmentTreatment Bronze ForEach failed,2026-08-20T00:29:28.539Z,2026-08-20T02:40:07.937Z,7839,2026-08-20T02:40:07.937Z,CBCO,Coeur dAlene,2e0eb052-bb28-45b1-894f-8dc0851c56cc,SAMMS-CoeurdAleneV6
202608200219259642,202608200029239708,202608200029237018,85,4547,Bronze INV,br_ReAssessmentTreatment,TASK_COMPLETE,FAILED,ERROR,0,0,1,SaveReAssessmentTreatment Bronze ForEach failed,2026-08-20T00:29:28.539Z,2026-08-20T02:40:07.937Z,7839,2026-08-20T02:40:07.937Z,CON,Conway,2e0eb052-bb28-45b1-894f-8dc0851c56cc,SAMMS-Conway
202608200219259643,202608200029239709,202608200029237018,85,4548,Bronze INV,br_ReAssessmentTreatment,TASK_COMPLETE,FAILED,ERROR,2557,2557,1,SaveReAssessmentTreatment Bronze ForEach failed,2026-08-20T00:29:28.539Z,2026-08-20T02:40:07.937Z,7839,2026-08-20T02:40:07.937Z,D07,Medical Services Knox TN,2e0eb052-bb28-45b1-894f-8dc0851c56cc,SAMMS-KnoxvilleV6
202608200219259644,202608200029239710,202608200029237018,85,4549,Bronze INV,br_ReAssessmentTreatment,TASK_COMPLETE,FAILED,ERROR,111,111,1,SaveReAssessmentTreatment Bronze ForEach failed,2026-08-20T00:29:28.539Z,2026-08-20T02:40:07.937Z,7839,2026-08-20T02:40:07.937Z,D08,Madison,2e0eb052-bb28-45b1-894f-8dc0851c56cc,SAMMS-MadisonV6
202608200219259645,202608200029239711,202608200029237018,85,4551,Bronze INV,br_ReAssessmentTreatment,TASK_COMPLETE,FAILED,ERROR,104,104,1,SaveReAssessmentTreatment Bronze ForEach failed,2026-08-20T00:29:28.539Z,2026-08-20T02:40:07.937Z,7839,2026-08-20T02:40:07.937Z,D09,Murfreesboro,2e0eb052-bb28-45b1-894f-8dc0851c56cc,SAMMS-MurfreesboroV6
202608200219259646,202608200029239712,202608200029237018,85,4552,Bronze INV,br_ReAssessmentTreatment,TASK_COMPLETE,FAILED,ERROR,335,335,1,SaveReAssessmentTreatment Bronze ForEach failed,2026-08-20T00:29:28.539Z,2026-08-20T02:40:07.937Z,7839,2026-08-20T02:40:07.937Z,DA,Davenport,2e0eb052-bb28-45b1-894f-8dc0851c56cc,SAMMS-Davenport
202608200219259647,202608200029239713,202608200029237018,85,4553,Bronze INV,br_ReAssessmentTreatment,TASK_COMPLETE,FAILED,ERROR,286,286,1,SaveReAssessmentTreatment Bronze ForEach failed,2026-08-20T00:29:28.539Z,2026-08-20T02:40:07.937Z,7839,2026-08-20T02:40:07.937Z,DM,Des Moines,2e0eb052-bb28-45b1-894f-8dc0851c56cc,SAMMS-DesMoines
202608200219259648,202608200029239714,202608200029237018,85,4555,Bronze INV,br_ReAssessmentTreatment,TASK_COMPLETE,FAILED,ERROR,526,526,1,SaveReAssessmentTreatment Bronze ForEach failed,2026-08-20T00:29:28.539Z,2026-08-20T02:40:07.937Z,7839,2026-08-20T02:40:07.937Z,DRD-CO,Columbia MO,2e0eb052-bb28-45b1-894f-8dc0851c56cc,SAMMS-ColumbiaV5
202608200219259650,202608200029239715,202608200029237018,85,4556,Bronze INV,br_ReAssessmentTreatment,TASK_COMPLETE,FAILED,ERROR,342,342,1,SaveReAssessmentTreatment Bronze ForEach failed,2026-08-20T00:29:28.539Z,2026-08-20T02:40:07.937Z,7839,2026-08-20T02:40:07.937Z,DRD-KC,KC,2e0eb052-bb28-45b1-894f-8dc0851c56cc,SAMMS-KCv5
202608200219259651,202608200029239716,202608200029237018,85,4557,Bronze INV,br_ReAssessmentTreatment,TASK_COMPLETE,FAILED,ERROR,1545,1545,1,SaveReAssessmentTreatment Bronze ForEach failed,2026-08-20T00:29:28.539Z,2026-08-20T02:40:07.937Z,7839,2026-08-20T02:40:07.937Z,DRD-KVB,KVB,2e0eb052-bb28-45b1-894f-8dc0851c56cc,SAMMS-KVBv5
202608200219259652,202608200029239717,202608200029237018,85,4558,Bronze INV,br_ReAssessmentTreatment,TASK_COMPLETE,FAILED,ERROR,1672,1672,1,SaveReAssessmentTreatment Bronze ForEach failed,2026-08-20T00:29:28.539Z,2026-08-20T02:40:07.937Z,7839,2026-08-20T02:40:07.937Z,DRD-KVC,KVC,2e0eb052-bb28-45b1-894f-8dc0851c56cc,SAMMS-KVCv5
202608200219259653,202608200029239718,202608200029237018,85,4559,Bronze INV,br_ReAssessmentTreatment,TASK_COMPLETE,FAILED,ERROR,3195,3195,1,SaveReAssessmentTreatment Bronze ForEach failed,2026-08-20T00:29:28.539Z,2026-08-20T02:40:07.937Z,7839,2026-08-20T02:40:07.937Z,DRD-NOLA,NOLA,2e0eb052-bb28-45b1-894f-8dc0851c56cc,SAMMS-NOLAv5
202608200219259654,202608200029239719,202608200029237018,85,4560,Bronze INV,br_ReAssessmentTreatment,TASK_COMPLETE,FAILED,ERROR,797,797,1,SaveReAssessmentTreatment Bronze ForEach failed,2026-08-20T00:29:28.539Z,2026-08-20T02:40:07.937Z,7839,2026-08-20T02:40:07.937Z,DRD-SF,Springfield,2e0eb052-bb28-45b1-894f-8dc0851c56cc,SAMMS-SFv5
202608200219259655,202608200029239720,202608200029237018,85,4562,Bronze INV,br_ReAssessmentTreatment,TASK_COMPLETE,FAILED,ERROR,260,260,1,SaveReAssessmentTreatment Bronze ForEach failed,2026-08-20T00:29:28.539Z,2026-08-20T02:40:07.937Z,7839,2026-08-20T02:40:07.937Z,ELC,Elizabeth City,2e0eb052-bb28-45b1-894f-8dc0851c56cc,SAMMS-ElizabethCity
202608200219259656,202608200029239721,202608200029237018,85,4563,Bronze INV,br_ReAssessmentTreatment,TASK_COMPLETE,FAILED,ERROR,127,127,1,SaveReAssessmentTreatment Bronze ForEach failed,2026-08-20T00:29:28.539Z,2026-08-20T02:40:07.937Z,7839,2026-08-20T02:40:07.937Z,ET,Elizabethtown,2e0eb052-bb28-45b1-894f-8dc0851c56cc,SAMMS-Elizabethtown
202608200219259658,202608200029239722,202608200029237018,85,4564,Bronze INV,br_ReAssessmentTreatment,TASK_COMPLETE,FAILED,ERROR,0,0,1,SaveReAssessmentTreatment Bronze ForEach failed,2026-08-20T00:29:28.539Z,2026-08-20T02:40:07.937Z,7839,2026-08-20T02:40:07.937Z,FAY,Fayetteville,2e0eb052-bb28-45b1-894f-8dc0851c56cc,SAMMS-Fayetteville
202608200219259659,202608200029239723,202608200029237018,85,4565,Bronze INV,br_ReAssessmentTreatment,TASK_COMPLETE,FAILED,ERROR,156,156,1,SaveReAssessmentTreatment Bronze ForEach failed,2026-08-20T00:29:28.539Z,2026-08-20T02:40:07.937Z,7839,2026-08-20T02:40:07.937Z,FR,Frankfort,2e0eb052-bb28-45b1-894f-8dc0851c56cc,SAMMS-Frankfort
202608200219259660,202608200029239724,202608200029237018,85,4566,Bronze INV,br_ReAssessmentTreatment,TASK_COMPLETE,FAILED,ERROR,0,0,1,SaveReAssessmentTreatment Bronze ForEach failed,2026-08-20T00:29:28.539Z,2026-08-20T02:40:07.937Z,7839,2026-08-20T02:40:07.937Z,FS,Fort Smith,2e0eb052-bb28-45b1-894f-8dc0851c56cc,SAMMS-FortSmith
202608200219259661,202608200029239725,202608200029237018,85,4567,Bronze INV,br_ReAssessmentTreatment,TASK_COMPLETE,FAILED,ERROR,466,466,1,SaveReAssessmentTreatment Bronze ForEach failed,2026-08-20T00:29:28.539Z,2026-08-20T02:40:07.937Z,7839,2026-08-20T02:40:07.937Z,FW,Fort Wayne,2e0eb052-bb28-45b1-894f-8dc0851c56cc,SAMMS-FortWayne
202608200219259662,202608200029239726,202608200029237018,85,4568,Bronze INV,br_ReAssessmentTreatment,TASK_COMPLETE,FAILED,ERROR,271,271,1,SaveReAssessmentTreatment Bronze ForEach failed,2026-08-20T00:29:28.539Z,2026-08-20T02:40:07.937Z,7839,2026-08-20T02:40:07.937Z,GAL,Gaylord,2e0eb052-bb28-45b1-894f-8dc0851c56cc,SAMMS-Gaylord
202608200219259663,202608200029239727,202608200029237018,85,4572,Bronze INV,br_ReAssessmentTreatment,TASK_COMPLETE,FAILED,ERROR,99,99,1,SaveReAssessmentTreatment Bronze ForEach failed,2026-08-20T00:29:28.539Z,2026-08-20T02:40:07.937Z,7839,2026-08-20T02:40:07.937Z,HGT,Hagerstown,2e0eb052-bb28-45b1-894f-8dc0851c56cc,SAMMS-Hagerstown
202608200219259664,202608200029239728,202608200029237018,85,4573,Bronze INV,br_ReAssessmentTreatment,TASK_COMPLETE,FAILED,ERROR,1717,1717,1,SaveReAssessmentTreatment Bronze ForEach failed,2026-08-20T00:29:28.539Z,2026-08-20T02:40:07.937Z,7839,2026-08-20T02:40:07.937Z,HNT,Huntsville,2e0eb052-bb28-45b1-894f-8dc0851c56cc,SAMMS-Huntsville
202608200219259665,202608200029239729,202608200029237018,85,4574,Bronze INV,br_ReAssessmentTreatment,TASK_COMPLETE,FAILED,ERROR,0,0,1,SaveReAssessmentTreatment Bronze ForEach failed,2026-08-20T00:29:28.539Z,2026-08-20T02:40:07.937Z,7839,2026-08-20T02:40:07.937Z,HS,Hot Springs,2e0eb052-bb28-45b1-894f-8dc0851c56cc,SAMMS-HotSprings
202608200219259666,202608200029239730,202608200029237018,85,4575,Bronze INV,br_ReAssessmentTreatment,TASK_COMPLETE,FAILED,ERROR,0,0,1,SaveReAssessmentTreatment Bronze ForEach failed,2026-08-20T00:29:28.539Z,2026-08-20T02:40:07.937Z,7839,2026-08-20T02:40:07.937Z,JON,Jonesboro,2e0eb052-bb28-45b1-894f-8dc0851c56cc,SAMMS-Jonesboro
202608200219259668,202608200029239731,202608200029237018,85,4577,Bronze INV,br_ReAssessmentTreatment,TASK_COMPLETE,FAILED,ERROR,444,444,1,SaveReAssessmentTreatment Bronze ForEach failed,2026-08-20T00:29:28.539Z,2026-08-20T02:40:07.937Z,7839,2026-08-20T02:40:07.937Z,LAN,Lansing,2e0eb052-bb28-45b1-894f-8dc0851c56cc,SAMMS-Lansing
202608200219256093,202608200029237591,202608200029237018,85,2438,Bronze INV,br_LabResultDetail,TASK_COMPLETE,FAILED,ERROR,9628,9628,1,BulkDartsSrvLoader Bronze ForEach failed,2026-08-20T00:29:28.539Z,2026-08-20T02:40:07.937Z,7839,2026-08-20T02:40:07.937Z,AHK,Ahoskie,2e0eb052-bb28-45b1-894f-8dc0851c56cc,SAMMS-Ahoskie
202608200219256094,202608200029237592,202608200029237018,85,2439,Bronze INV,br_LabResultDetail,TASK_COMPLETE,FAILED,ERROR,1390,1390,1,BulkDartsSrvLoader Bronze ForEach failed,2026-08-20T00:29:28.539Z,2026-08-20T02:40:07.937Z,7839,2026-08-20T02:40:07.937Z,B12B,Colorado Springs,2e0eb052-bb28-45b1-894f-8dc0851c56cc,SAMMS-ColoradoSpringsV5
202608200219256095,202608200029237593,202608200029237018,85,2440,Bronze INV,br_LabResultDetail,TASK_COMPLETE,FAILED,ERROR,1855,1855,1,BulkDartsSrvLoader Bronze ForEach failed,2026-08-20T00:29:28.539Z,2026-08-20T02:40:07.937Z,7839,2026-08-20T02:40:07.937Z,B24,Paintsville,2e0eb052-bb28-45b1-894f-8dc0851c56cc,SAMMS-PaintsvilleV5
202608200219256097,202608200029237594,202608200029237018,85,2441,Bronze INV,br_LabResultDetail,TASK_COMPLETE,FAILED,ERROR,2312,2312,1,BulkDartsSrvLoader Bronze ForEach failed,2026-08-20T00:29:28.539Z,2026-08-20T02:40:07.937Z,7839,2026-08-20T02:40:07.937Z,B25,Pikeville,2e0eb052-bb28-45b1-894f-8dc0851c56cc,SAMMS-PikevilleV5
202608200219256098,202608200029237595,202608200029237018,85,2442,Bronze INV,br_LabResultDetail,TASK_COMPLETE,FAILED,ERROR,3169,3169,1,BulkDartsSrvLoader Bronze ForEach failed,2026-08-20T00:29:28.539Z,2026-08-20T02:40:07.937Z,7839,2026-08-20T02:40:07.937Z,B26,Hazard,2e0eb052-bb28-45b1-894f-8dc0851c56cc,SAMMS-HazardV5
202608200219256099,202608200029237596,202608200029237018,85,2443,Bronze INV,br_LabResultDetail,TASK_COMPLETE,FAILED,ERROR,6,6,1,BulkDartsSrvLoader Bronze ForEach failed,2026-08-20T00:29:28.539Z,2026-08-20T02:40:07.937Z,7839,2026-08-20T02:40:07.937Z,B27,Savannah,2e0eb052-bb28-45b1-894f-8dc0851c56cc,SAMMS-SavannahV6
202608200219256100,202608200029237597,202608200029237018,85,2444,Bronze INV,br_LabResultDetail,TASK_COMPLETE,FAILED,ERROR,1598,1598,1,BulkDartsSrvLoader Bronze ForEach failed,2026-08-20T00:29:28.539Z,2026-08-20T02:40:07.937Z,7839,2026-08-20T02:40:07.937Z,B28,West Plains,2e0eb052-bb28-45b1-894f-8dc0851c56cc,SAMMS-WestPlainesV5
202608200219256102,202608200029237598,202608200029237018,85,2445,Bronze INV,br_LabResultDetail,TASK_COMPLETE,FAILED,ERROR,1897,1897,1,BulkDartsSrvLoader Bronze ForEach failed,2026-08-20T00:29:28.539Z,2026-08-20T02:40:07.937Z,7839,2026-08-20T02:40:07.937Z,B29,Poplar Bluff,2e0eb052-bb28-45b1-894f-8dc0851c56cc,SAMMS-PoplarBluffV5
202608200219256103,202608200029237599,202608200029237018,85,2446,Bronze INV,br_LabResultDetail,TASK_COMPLETE,FAILED,ERROR,1514,1514,1,BulkDartsSrvLoader Bronze ForEach failed,2026-08-20T00:29:28.539Z,2026-08-20T02:40:07.937Z,7839,2026-08-20T02:40:07.937Z,B30,KC North,2e0eb052-bb28-45b1-894f-8dc0851c56cc,SAMMS-KCNv5
202608200219256104,202608200029237600,202608200029237018,85,2447,Bronze INV,br_LabResultDetail,TASK_COMPLETE,FAILED,ERROR,5433,5433,1,BulkDartsSrvLoader Bronze ForEach failed,2026-08-20T00:29:28.539Z,2026-08-20T02:40:07.937Z,7839,2026-08-20T02:40:07.937Z,B31,Dyersburg,2e0eb052-bb28-45b1-894f-8dc0851c56cc,SAMMS-DyersburgV5
202608200219256105,202608200029237601,202608200029237018,85,2449,Bronze INV,br_LabResultDetail,TASK_COMPLETE,FAILED,ERROR,4153,4153,1,BulkDartsSrvLoader Bronze ForEach failed,2026-08-20T00:29:28.539Z,2026-08-20T02:40:07.937Z,7839,2026-08-20T02:40:07.937Z,B33,Paducah,2e0eb052-bb28-45b1-894f-8dc0851c56cc,SAMMS-Paducah
202608200219256106,202608200029237602,202608200029237018,85,2450,Bronze INV,br_LabResultDetail,TASK_COMPLETE,FAILED,ERROR,2360,2360,1,BulkDartsSrvLoader Bronze ForEach failed,2026-08-20T00:29:28.539Z,2026-08-20T02:40:07.937Z,7839,2026-08-20T02:40:07.937Z,B34,Corbin,2e0eb052-bb28-45b1-894f-8dc0851c56cc,SAMMS-CorbinV5
202608200219256108,202608200029237603,202608200029237018,85,2451,Bronze INV,br_LabResultDetail,TASK_COMPLETE,FAILED,ERROR,11942,11942,1,BulkDartsSrvLoader Bronze ForEach failed,2026-08-20T00:29:28.539Z,2026-08-20T02:40:07.937Z,7839,2026-08-20T02:40:07.937Z,B35,Lexington,2e0eb052-bb28-45b1-894f-8dc0851c56cc,SAMMS-LexingtonV5
202608200219256109,202608200029237604,202608200029237018,85,2452,Bronze INV,br_LabResultDetail,TASK_COMPLETE,FAILED,ERROR,2556,2556,1,BulkDartsSrvLoader Bronze ForEach failed,2026-08-20T00:29:28.539Z,2026-08-20T02:40:07.937Z,7839,2026-08-20T02:40:07.937Z,B35A,Berea,2e0eb052-bb28-45b1-894f-8dc0851c56cc,SAMMS-BereaV5
202608200219256110,202608200029237605,202608200029237018,85,2453,Bronze INV,br_LabResultDetail,TASK_COMPLETE,FAILED,ERROR,1228,1228,1,BulkDartsSrvLoader Bronze ForEach failed,2026-08-20T00:29:28.539Z,2026-08-20T02:40:07.937Z,7839,2026-08-20T02:40:07.937Z,B36,Asheville,2e0eb052-bb28-45b1-894f-8dc0851c56cc,SAMMS-AshevilleV5
202608200219256111,202608200029237606,202608200029237018,85,2454,Bronze INV,br_LabResultDetail,TASK_COMPLETE,FAILED,ERROR,1865,1865,1,BulkDartsSrvLoader Bronze ForEach failed,2026-08-20T00:29:28.539Z,2026-08-20T02:40:07.937Z,7839,2026-08-20T02:40:07.937Z,B37,Clyde,2e0eb052-bb28-45b1-894f-8dc0851c56cc,SAMMS-ClydeV5
202608200219256112,202608200029237607,202608200029237018,85,2455,Bronze INV,br_LabResultDetail,TASK_COMPLETE,FAILED,ERROR,6340,6340,1,BulkDartsSrvLoader Bronze ForEach failed,2026-08-20T00:29:28.539Z,2026-08-20T02:40:07.937Z,7839,2026-08-20T02:40:07.937Z,B38,Spartanburg,2e0eb052-bb28-45b1-894f-8dc0851c56cc,SAMMS-SpartanburgV5
202608200219256114,202608200029237608,202608200029237018,85,2456,Bronze INV,br_LabResultDetail,TASK_COMPLETE,FAILED,ERROR,2215,2215,1,BulkDartsSrvLoader Bronze ForEach failed,2026-08-20T00:29:28.539Z,2026-08-20T02:40:07.937Z,7839,2026-08-20T02:40:07.937Z,B39,Aiken,2e0eb052-bb28-45b1-894f-8dc0851c56cc,SAMMS-AikenV5
202608200219256115,202608200029237609,202608200029237018,85,2457,Bronze INV,br_LabResultDetail,TASK_COMPLETE,FAILED,ERROR,4482,4482,1,BulkDartsSrvLoader Bronze ForEach failed,2026-08-20T00:29:28.539Z,2026-08-20T02:40:07.937Z,7839,2026-08-20T02:40:07.937Z,B41,Chesapeake,2e0eb052-bb28-45b1-894f-8dc0851c56cc,SAMMS-ChesapeakeV5
202608200219256116,202608200029237610,202608200029237018,85,2458,Bronze INV,br_LabResultDetail,TASK_COMPLETE,FAILED,ERROR,14503,14503,1,BulkDartsSrvLoader Bronze ForEach failed,2026-08-20T00:29:28.539Z,2026-08-20T02:40:07.937Z,7839,2026-08-20T02:40:07.937Z,B42,Virginia Beach,2e0eb052-bb28-45b1-894f-8dc0851c56cc,SAMMS-VirginiaBeachV5
202608200219256117,202608200029237611,202608200029237018,85,2459,Bronze INV,br_LabResultDetail,TASK_COMPLETE,FAILED,ERROR,1421,1421,1,BulkDartsSrvLoader Bronze ForEach failed,2026-08-20T00:29:28.539Z,2026-08-20T02:40:07.937Z,7839,2026-08-20T02:40:07.937Z,B42A,Newport News,2e0eb052-bb28-45b1-894f-8dc0851c56cc,SAMMS-NewportNewsV5
202608200219256118,202608200029237612,202608200029237018,85,2460,Bronze INV,br_LabResultDetail,TASK_COMPLETE,FAILED,ERROR,756,756,1,BulkDartsSrvLoader Bronze ForEach failed,2026-08-20T00:29:28.539Z,2026-08-20T02:40:07.937Z,7839,2026-08-20T02:40:07.937Z,B42B,Franklin,2e0eb052-bb28-45b1-894f-8dc0851c56cc,SAMMS-FranklinV5
202608200219256119,202608200029237613,202608200029237018,85,2461,Bronze INV,br_LabResultDetail,TASK_COMPLETE,FAILED,ERROR,1478,1478,1,BulkDartsSrvLoader Bronze ForEach failed,2026-08-20T00:29:28.539Z,2026-08-20T02:40:07.937Z,7839,2026-08-20T02:40:07.937Z,B42C,Glen Allen,2e0eb052-bb28-45b1-894f-8dc0851c56cc,SAMMS-GlenAllenV5
202608200219256121,202608200029237614,202608200029237018,85,2462,Bronze INV,br_LabResultDetail,TASK_COMPLETE,FAILED,ERROR,1332,1332,1,BulkDartsSrvLoader Bronze ForEach failed,2026-08-20T00:29:28.539Z,2026-08-20T02:40:07.937Z,7839,2026-08-20T02:40:07.937Z,B42D,Chesapeake South,2e0eb052-bb28-45b1-894f-8dc0851c56cc,SAMMS-ChesapeakeSouthV5
202608200219256122,202608200029237615,202608200029237018,85,2463,Bronze INV,br_LabResultDetail,TASK_COMPLETE,FAILED,ERROR,3333,3333,1,BulkDartsSrvLoader Bronze ForEach failed,2026-08-20T00:29:28.539Z,2026-08-20T02:40:07.937Z,7839,2026-08-20T02:40:07.937Z,B44,Albany,2e0eb052-bb28-45b1-894f-8dc0851c56cc,SAMMS-AlbanyV5
202608200219256123,202608200029237616,202608200029237018,85,2464,Bronze INV,br_LabResultDetail,TASK_COMPLETE,FAILED,ERROR,4709,4709,1,BulkDartsSrvLoader Bronze ForEach failed,2026-08-20T00:29:28.539Z,2026-08-20T02:40:07.937Z,7839,2026-08-20T02:40:07.937Z,B45,Tifton,2e0eb052-bb28-45b1-894f-8dc0851c56cc,SAMMS-TiftonV5
202608200219256124,202608200029237617,202608200029237018,85,2465,Bronze INV,br_LabResultDetail,TASK_COMPLETE,FAILED,ERROR,675,675,1,BulkDartsSrvLoader Bronze ForEach failed,2026-08-20T00:29:28.539Z,2026-08-20T02:40:07.937Z,7839,2026-08-20T02:40:07.937Z,B46,Washington DC,2e0eb052-bb28-45b1-894f-8dc0851c56cc,SAMMS-WashingtonDCv5
202608200219256125,202608200029237618,202608200029237018,85,2466,Bronze INV,br_LabResultDetail,TASK_COMPLETE,FAILED,ERROR,770,770,1,BulkDartsSrvLoader Bronze ForEach failed,2026-08-20T00:29:28.539Z,2026-08-20T02:40:07.937Z,7839,2026-08-20T02:40:07.937Z,B47,Mobile,2e0eb052-bb28-45b1-894f-8dc0851c56cc,SAMMS-MobileV5
202608200219256126,202608200029237619,202608200029237018,85,2467,Bronze INV,br_LabResultDetail,TASK_COMPLETE,FAILED,ERROR,3357,3357,1,BulkDartsSrvLoader Bronze ForEach failed,2026-08-20T00:29:28.539Z,2026-08-20T02:40:07.937Z,7839,2026-08-20T02:40:07.937Z,B48,Tuscaloosa,2e0eb052-bb28-45b1-894f-8dc0851c56cc,SAMMS-TuscaloosaV5
202608200219256128,202608200029237620,202608200029237018,85,2476,Bronze INV,br_LabResultDetail,TASK_COMPLETE,FAILED,ERROR,9,9,1,BulkDartsSrvLoader Bronze ForEach failed,2026-08-20T00:29:28.539Z,2026-08-20T02:40:07.937Z,7839,2026-08-20T02:40:07.937Z,B51,N. Little Rock (OTP),2e0eb052-bb28-45b1-894f-8dc0851c56cc,SAMMS-NorthLittleRockV6
202608200219256129,202608200029237621,202608200029237018,85,2477,Bronze INV,br_LabResultDetail,TASK_COMPLETE,FAILED,ERROR,257,257,1,BulkDartsSrvLoader Bronze ForEach failed,2026-08-20T00:29:28.539Z,2026-08-20T02:40:07.937Z,7839,2026-08-20T02:40:07.937Z,B52,Jackson GA,2e0eb052-bb28-45b1-894f-8dc0851c56cc,SAMMS-JacksonGAV5
202608200219256130,202608200029237622,202608200029237018,85,2478,Bronze INV,br_LabResultDetail,TASK_COMPLETE,FAILED,ERROR,2682,2682,1,BulkDartsSrvLoader Bronze ForEach failed,2026-08-20T00:29:28.539Z,2026-08-20T02:40:07.937Z,7839,2026-08-20T02:40:07.937Z,B54,Gadsden,2e0eb052-bb28-45b1-894f-8dc0851c56cc,SAMMS-GadsdenV5
202608200219256131,202608200029237623,202608200029237018,85,2479,Bronze INV,br_LabResultDetail,TASK_COMPLETE,FAILED,ERROR,679,679,1,BulkDartsSrvLoader Bronze ForEach failed,2026-08-20T00:29:28.539Z,2026-08-20T02:40:07.937Z,7839,2026-08-20T02:40:07.937Z,B55,Shoals,2e0eb052-bb28-45b1-894f-8dc0851c56cc,SAMMS-ShoalsV5
202608200219256132,202608200029237624,202608200029237018,85,2480,Bronze INV,br_LabResultDetail,TASK_COMPLETE,FAILED,ERROR,4,4,1,BulkDartsSrvLoader Bronze ForEach failed,2026-08-20T00:29:28.539Z,2026-08-20T02:40:07.937Z,7839,2026-08-20T02:40:07.937Z,B57,Pawtucket,2e0eb052-bb28-45b1-894f-8dc0851c56cc,SAMMS-Pawtucket
202608200219256133,202608200029237625,202608200029237018,85,2481,Bronze INV,br_LabResultDetail,TASK_COMPLETE,FAILED,ERROR,6,6,1,BulkDartsSrvLoader Bronze ForEach failed,2026-08-20T00:29:28.539Z,2026-08-20T02:40:07.937Z,7839,2026-08-20T02:40:07.937Z,B57A,Johnston,2e0eb052-bb28-45b1-894f-8dc0851c56cc,SAMMS-Johnston
202608200219256135,202608200029237626,202608200029237018,85,2482,Bronze INV,br_LabResultDetail,TASK_COMPLETE,FAILED,ERROR,9,9,1,BulkDartsSrvLoader Bronze ForEach failed,2026-08-20T00:29:28.539Z,2026-08-20T02:40:07.937Z,7839,2026-08-20T02:40:07.937Z,B57B,Middletown,2e0eb052-bb28-45b1-894f-8dc0851c56cc,SAMMS-Middletown
202608200219256136,202608200029237627,202608200029237018,85,2483,Bronze INV,br_LabResultDetail,TASK_COMPLETE,FAILED,ERROR,3,3,1,BulkDartsSrvLoader Bronze ForEach failed,2026-08-20T00:29:28.539Z,2026-08-20T02:40:07.937Z,7839,2026-08-20T02:40:07.937Z,B57C,Providence,2e0eb052-bb28-45b1-894f-8dc0851c56cc,SAMMS-Providence
202608200219256137,202608200029237628,202608200029237018,85,2484,Bronze INV,br_LabResultDetail,TASK_COMPLETE,FAILED,ERROR,3,3,1,BulkDartsSrvLoader Bronze ForEach failed,2026-08-20T00:29:28.539Z,2026-08-20T02:40:07.937Z,7839,2026-08-20T02:40:07.937Z,B57D,Westerly,2e0eb052-bb28-45b1-894f-8dc0851c56cc,SAMMS-Westerly
202608200219256352,202608200029237895,202608200029237018,85,349,Bronze INV,br_AdmissionAssessment,TASK_COMPLETE,FAILED,ERROR,5,5,1,SaveAdmissionAssessment Bronze ForEach failed,2026-08-20T00:29:28.539Z,2026-08-20T02:40:07.937Z,7839,2026-08-20T02:40:07.937Z,LV3,McDaniel,2e0eb052-bb28-45b1-894f-8dc0851c56cc,SAMMS-McDaniel
202608200219256353,202608200029237896,202608200029237018,85,352,Bronze INV,br_AdmissionAssessment,TASK_COMPLETE,FAILED,ERROR,8,8,1,SaveAdmissionAssessment Bronze ForEach failed,2026-08-20T00:29:28.539Z,2026-08-20T02:40:07.937Z,7839,2026-08-20T02:40:07.937Z,MNRE,Monroe,2e0eb052-bb28-45b1-894f-8dc0851c56cc,SAMMS-Monroe
202608200219256354,202608200029237897,202608200029237018,85,353,Bronze INV,br_AdmissionAssessment,TASK_COMPLETE,FAILED,ERROR,3,3,1,SaveAdmissionAssessment Bronze ForEach failed,2026-08-20T00:29:28.539Z,2026-08-20T02:40:07.937Z,7839,2026-08-20T02:40:07.937Z,MP,Mt. Pleasant,2e0eb052-bb28-45b1-894f-8dc0851c56cc,SAMMS-MtPleasant
202608200219256355,202608200029237898,202608200029237018,85,354,Bronze INV,br_AdmissionAssessment,TASK_COMPLETE,FAILED,ERROR,1,1,1,SaveAdmissionAssessment Bronze ForEach failed,2026-08-20T00:29:28.539Z,2026-08-20T02:40:07.937Z,7839,2026-08-20T02:40:07.937Z,MRD,Meridian,2e0eb052-bb28-45b1-894f-8dc0851c56cc,SAMMS-Meridian
202608200219256356,202608200029237899,202608200029237018,85,359,Bronze INV,br_AdmissionAssessment,TASK_COMPLETE,FAILED,ERROR,13,13,1,SaveAdmissionAssessment Bronze ForEach failed,2026-08-20T00:29:28.539Z,2026-08-20T02:40:07.937Z,7839,2026-08-20T02:40:07.937Z,NC,North Charleston,2e0eb052-bb28-45b1-894f-8dc0851c56cc,SAMMS-NorthCharleston
202608200219256357,202608200029237900,202608200029237018,85,360,Bronze INV,br_AdmissionAssessment,TASK_COMPLETE,FAILED,ERROR,6,6,1,SaveAdmissionAssessment Bronze ForEach failed,2026-08-20T00:29:28.539Z,2026-08-20T02:40:07.937Z,7839,2026-08-20T02:40:07.937Z,NLR,N. Little Rock,2e0eb052-bb28-45b1-894f-8dc0851c56cc,SAMMS-NLROBOT
202608200219256358,202608200029237901,202608200029237018,85,361,Bronze INV,br_AdmissionAssessment,TASK_COMPLETE,FAILED,ERROR,0,0,1,SaveAdmissionAssessment Bronze ForEach failed,2026-08-20T00:29:28.539Z,2026-08-20T02:40:07.937Z,7839,2026-08-20T02:40:07.937Z,PH,Phoenix,2e0eb052-bb28-45b1-894f-8dc0851c56cc,SAMMS-Phoenix
202608200219256359,202608200029237902,202608200029237018,85,365,Bronze INV,br_AdmissionAssessment,TASK_COMPLETE,FAILED,ERROR,13,13,1,SaveAdmissionAssessment Bronze ForEach failed,2026-08-20T00:29:28.539Z,2026-08-20T02:40:07.937Z,7839,2026-08-20T02:40:07.937Z,RE,Reno,2e0eb052-bb28-45b1-894f-8dc0851c56cc,SAMMS-Reno
202608200219256361,202608200029237903,202608200029237018,85,366,Bronze INV,br_AdmissionAssessment,TASK_COMPLETE,FAILED,ERROR,0,0,1,SaveAdmissionAssessment Bronze ForEach failed,2026-08-20T00:29:28.539Z,2026-08-20T02:40:07.937Z,7839,2026-08-20T02:40:07.937Z,RMD,Richmond,2e0eb052-bb28-45b1-894f-8dc0851c56cc,SAMMS-Richmond
202608200219256362,202608200029237904,202608200029237018,85,367,Bronze INV,br_AdmissionAssessment,TASK_COMPLETE,FAILED,ERROR,31,31,1,SaveAdmissionAssessment Bronze ForEach failed,2026-08-20T00:29:28.539Z,2026-08-20T02:40:07.937Z,7839,2026-08-20T02:40:07.937Z,SFN,Springfield North,2e0eb052-bb28-45b1-894f-8dc0851c56cc,SAMMS-SFNv5
202608200219256363,202608200029237905,202608200029237018,85,368,Bronze INV,br_AdmissionAssessment,TASK_COMPLETE,FAILED,ERROR,13,13,1,SaveAdmissionAssessment Bronze ForEach failed,2026-08-20T00:29:28.539Z,2026-08-20T02:40:07.937Z,7839,2026-08-20T02:40:07.937Z,SHP,Shreveport,2e0eb052-bb28-45b1-894f-8dc0851c56cc,SAMMS-Shreveport
202608200219256364,202608200029237906,202608200029237018,85,370,Bronze INV,br_AdmissionAssessment,TASK_COMPLETE,FAILED,ERROR,0,0,1,SaveAdmissionAssessment Bronze ForEach failed,2026-08-20T00:29:28.539Z,2026-08-20T02:40:07.937Z,7839,2026-08-20T02:40:07.937Z,STN,Staunton,2e0eb052-bb28-45b1-894f-8dc0851c56cc,SAMMS-Staunton
202608200219256365,202608200029237907,202608200029237018,85,371,Bronze INV,br_AdmissionAssessment,TASK_COMPLETE,FAILED,ERROR,2,2,1,SaveAdmissionAssessment Bronze ForEach failed,2026-08-20T00:29:28.539Z,2026-08-20T02:40:07.937Z,7839,2026-08-20T02:40:07.937Z,STVN,Stevenson,2e0eb052-bb28-45b1-894f-8dc0851c56cc,SAMMS-Stevenson
202608200219256366,202608200029237908,202608200029237018,85,373,Bronze INV,br_AdmissionAssessment,TASK_COMPLETE,FAILED,ERROR,0,0,1,SaveAdmissionAssessment Bronze ForEach failed,2026-08-20T00:29:28.539Z,2026-08-20T02:40:07.937Z,7839,2026-08-20T02:40:07.937Z,TE,Tempe,2e0eb052-bb28-45b1-894f-8dc0851c56cc,SAMMS-Tempe
202608200219256368,202608200029237909,202608200029237018,85,374,Bronze INV,br_AdmissionAssessment,TASK_COMPLETE,FAILED,ERROR,14,14,1,SaveAdmissionAssessment Bronze ForEach failed,2026-08-20T00:29:28.539Z,2026-08-20T02:40:07.937Z,7839,2026-08-20T02:40:07.937Z,TEX,Texarkana,2e0eb052-bb28-45b1-894f-8dc0851c56cc,SAMMS-Texarkana
202608200219256369,202608200029237910,202608200029237018,85,375,Bronze INV,br_AdmissionAssessment,TASK_COMPLETE,FAILED,ERROR,6,6,1,SaveAdmissionAssessment Bronze ForEach failed,2026-08-20T00:29:28.539Z,2026-08-20T02:40:07.937Z,7839,2026-08-20T02:40:07.937Z,TTCA,Bessemer,2e0eb052-bb28-45b1-894f-8dc0851c56cc,SAMMS-BessemerV5
202608200219256370,202608200029237911,202608200029237018,85,376,Bronze INV,br_AdmissionAssessment,TASK_COMPLETE,FAILED,ERROR,16,16,1,SaveAdmissionAssessment Bronze ForEach failed,2026-08-20T00:29:28.539Z,2026-08-20T02:40:07.937Z,7839,2026-08-20T02:40:07.937Z,TTCB,Cullman,2e0eb052-bb28-45b1-894f-8dc0851c56cc,SAMMS-CullmanV5
202608200219256371,202608200029237912,202608200029237018,85,377,Bronze INV,br_AdmissionAssessment,TASK_COMPLETE,FAILED,ERROR,2,2,1,SaveAdmissionAssessment Bronze ForEach failed,2026-08-20T00:29:28.539Z,2026-08-20T02:40:07.937Z,7839,2026-08-20T02:40:07.937Z,TTCC,Grand Bay,2e0eb052-bb28-45b1-894f-8dc0851c56cc,SAMMS-GrandBay
202608200219256372,202608200029237913,202608200029237018,85,378,Bronze INV,br_AdmissionAssessment,TASK_COMPLETE,FAILED,ERROR,0,0,1,SaveAdmissionAssessment Bronze ForEach failed,2026-08-20T00:29:28.539Z,2026-08-20T02:40:07.937Z,7839,2026-08-20T02:40:07.937Z,TU,Tucson,2e0eb052-bb28-45b1-894f-8dc0851c56cc,SAMMS-Tucson
202608200219256373,202608200029237914,202608200029237018,85,380,Bronze INV,br_AdmissionAssessment,TASK_COMPLETE,FAILED,ERROR,4,4,1,SaveAdmissionAssessment Bronze ForEach failed,2026-08-20T00:29:28.539Z,2026-08-20T02:40:07.937Z,7839,2026-08-20T02:40:07.937Z,V1,Memphis South,2e0eb052-bb28-45b1-894f-8dc0851c56cc,SAMMS-VCPHCS-I-MemphisV5
202608200219256374,202608200029237915,202608200029237018,85,381,Bronze INV,br_AdmissionAssessment,TASK_COMPLETE,FAILED,ERROR,9,9,1,SaveAdmissionAssessment Bronze ForEach failed,2026-08-20T00:29:28.539Z,2026-08-20T02:40:07.937Z,7839,2026-08-20T02:40:07.937Z,V10,Longmont,2e0eb052-bb28-45b1-894f-8dc0851c56cc,SAMMS-BoulderV5
202608200219256375,202608200029237916,202608200029237018,85,382,Bronze INV,br_AdmissionAssessment,TASK_COMPLETE,FAILED,ERROR,26,26,1,SaveAdmissionAssessment Bronze ForEach failed,2026-08-20T00:29:28.539Z,2026-08-20T02:40:07.937Z,7839,2026-08-20T02:40:07.937Z,V10A,Fort Collins,2e0eb052-bb28-45b1-894f-8dc0851c56cc,SAMMS-FortCollinsV5
202608200219256376,202608200029237917,202608200029237018,85,383,Bronze INV,br_AdmissionAssessment,TASK_COMPLETE,FAILED,ERROR,15,15,1,SaveAdmissionAssessment Bronze ForEach failed,2026-08-20T00:29:28.539Z,2026-08-20T02:40:07.937Z,7839,2026-08-20T02:40:07.937Z,V11,Westminster,2e0eb052-bb28-45b1-894f-8dc0851c56cc,SAMMS-VCPHCS-XI-NorthDenverV5
202608200219256378,202608200029237918,202608200029237018,85,384,Bronze INV,br_AdmissionAssessment,TASK_COMPLETE,FAILED,ERROR,18,18,1,SaveAdmissionAssessment Bronze ForEach failed,2026-08-20T00:29:28.539Z,2026-08-20T02:40:07.937Z,7839,2026-08-20T02:40:07.937Z,V12,Downtown Denver,2e0eb052-bb28-45b1-894f-8dc0851c56cc,SAMMS-VCPHCS-XII-DowntownDenverV5
202608200219256379,202608200029237919,202608200029237018,85,385,Bronze INV,br_AdmissionAssessment,TASK_COMPLETE,FAILED,ERROR,4,4,1,SaveAdmissionAssessment Bronze ForEach failed,2026-08-20T00:29:28.539Z,2026-08-20T02:40:07.937Z,7839,2026-08-20T02:40:07.937Z,V12A,Centennial,2e0eb052-bb28-45b1-894f-8dc0851c56cc,SAMMS-CentennialV5
202608200219256380,202608200029237920,202608200029237018,85,386,Bronze INV,br_AdmissionAssessment,TASK_COMPLETE,FAILED,ERROR,7,7,1,SaveAdmissionAssessment Bronze ForEach failed,2026-08-20T00:29:28.539Z,2026-08-20T02:40:07.937Z,7839,2026-08-20T02:40:07.937Z,V14,Overland Park,2e0eb052-bb28-45b1-894f-8dc0851c56cc,SAMMS-VCPHCS-XIV-BridgewayV5
202608200219256381,202608200029237921,202608200029237018,85,387,Bronze INV,br_AdmissionAssessment,TASK_COMPLETE,FAILED,ERROR,24,24,1,SaveAdmissionAssessment Bronze ForEach failed,2026-08-20T00:29:28.539Z,2026-08-20T02:40:07.937Z,7839,2026-08-20T02:40:07.937Z,V15,Joplin,2e0eb052-bb28-45b1-894f-8dc0851c56cc,SAMMS-JoplinV5
202608200219256382,202608200029237922,202608200029237018,85,389,Bronze INV,br_AdmissionAssessment,TASK_COMPLETE,FAILED,ERROR,19,19,1,SaveAdmissionAssessment Bronze ForEach failed,2026-08-20T00:29:28.539Z,2026-08-20T02:40:07.937Z,7839,2026-08-20T02:40:07.937Z,V17,Columbia TN,2e0eb052-bb28-45b1-894f-8dc0851c56cc,SAMMS-ColumbiaTNv5
202608200219256383,202608200029237923,202608200029237018,85,391,Bronze INV,br_AdmissionAssessment,TASK_COMPLETE,FAILED,ERROR,16,16,1,SaveAdmissionAssessment Bronze ForEach failed,2026-08-20T00:29:28.539Z,2026-08-20T02:40:07.937Z,7839,2026-08-20T02:40:07.937Z,V19,Jackson,2e0eb052-bb28-45b1-894f-8dc0851c56cc,SAMMS-JacksonV5
202608200219256384,202608200029237924,202608200029237018,85,393,Bronze INV,br_AdmissionAssessment,TASK_COMPLETE,FAILED,ERROR,7,7,1,SaveAdmissionAssessment Bronze ForEach failed,2026-08-20T00:29:28.539Z,2026-08-20T02:40:07.937Z,7839,2026-08-20T02:40:07.937Z,V20,Paris,2e0eb052-bb28-45b1-894f-8dc0851c56cc,SAMMS-ParisV5
202608200219256385,202608200029237925,202608200029237018,85,394,Bronze INV,br_AdmissionAssessment,TASK_COMPLETE,FAILED,ERROR,3,3,1,SaveAdmissionAssessment Bronze ForEach failed,2026-08-20T00:29:28.539Z,2026-08-20T02:40:07.937Z,7839,2026-08-20T02:40:07.937Z,V21,Memphis North,2e0eb052-bb28-45b1-894f-8dc0851c56cc,SAMMS-RaleighV5
202608200219256386,202608200029237926,202608200029237018,85,397,Bronze INV,br_AdmissionAssessment,TASK_COMPLETE,FAILED,ERROR,10,10,1,SaveAdmissionAssessment Bronze ForEach failed,2026-08-20T00:29:28.539Z,2026-08-20T02:40:07.937Z,7839,2026-08-20T02:40:07.937Z,V5,West Bank,2e0eb052-bb28-45b1-894f-8dc0851c56cc,SAMMS-NONTCv5
202608200219256388,202608200029237927,202608200029237018,85,399,Bronze INV,br_AdmissionAssessment,TASK_COMPLETE,FAILED,ERROR,8,8,1,SaveAdmissionAssessment Bronze ForEach failed,2026-08-20T00:29:28.539Z,2026-08-20T02:40:07.937Z,7839,2026-08-20T02:40:07.937Z,V5B,Houma,2e0eb052-bb28-45b1-894f-8dc0851c56cc,SAMMS-HoumaV6
202608200219256389,202608200029237928,202608200029237018,85,400,Bronze INV,br_AdmissionAssessment,TASK_COMPLETE,FAILED,ERROR,10,10,1,SaveAdmissionAssessment Bronze ForEach failed,2026-08-20T00:29:28.539Z,2026-08-20T02:40:07.937Z,7839,2026-08-20T02:40:07.937Z,V6,Lake Charles,2e0eb052-bb28-45b1-894f-8dc0851c56cc,SAMMS-LCv5
202608200219256390,202608200029237929,202608200029237018,85,402,Bronze INV,br_AdmissionAssessment,TASK_COMPLETE,FAILED,ERROR,14,14,1,SaveAdmissionAssessment Bronze ForEach failed,2026-08-20T00:29:28.539Z,2026-08-20T02:40:07.937Z,7839,2026-08-20T02:40:07.937Z,V8,Memphis Midtown,2e0eb052-bb28-45b1-894f-8dc0851c56cc,SAMMS-VCPHCS-VIII-MemphisV5
202608200219256391,202608200029237930,202608200029237018,85,403,Bronze INV,br_AdmissionAssessment,TASK_COMPLETE,FAILED,ERROR,24,24,1,SaveAdmissionAssessment Bronze ForEach failed,2026-08-20T00:29:28.539Z,2026-08-20T02:40:07.937Z,7839,2026-08-20T02:40:07.937Z,V9,Nashville,2e0eb052-bb28-45b1-894f-8dc0851c56cc,SAMMS-NashvilleV5
202608200219256392,202608200029237931,202608200029237018,85,404,Bronze INV,br_AdmissionAssessment,TASK_COMPLETE,FAILED,ERROR,0,0,1,SaveAdmissionAssessment Bronze ForEach failed,2026-08-20T00:29:28.539Z,2026-08-20T02:40:07.937Z,7839,2026-08-20T02:40:07.937Z,VBRA,Brainerd,2e0eb052-bb28-45b1-894f-8dc0851c56cc,SAMMS-BrainerdV6
202608200219256393,202608200029237932,202608200029237018,85,405,Bronze INV,br_AdmissionAssessment,TASK_COMPLETE,FAILED,ERROR,0,0,1,SaveAdmissionAssessment Bronze ForEach failed,2026-08-20T00:29:28.539Z,2026-08-20T02:40:07.937Z,7839,2026-08-20T02:40:07.937Z,VBRP,Brooklyn Park,2e0eb052-bb28-45b1-894f-8dc0851c56cc,SAMMS-BrooklynParkV6
202608200219259324,202608200029239583,202608200029237018,85,4140,Bronze INV,br_ReAssessmentSocial,TASK_COMPLETE,FAILED,ERROR,621,621,1,SaveReAssessmentSocial Bronze ForEach failed,2026-08-20T00:29:28.539Z,2026-08-20T02:40:07.937Z,7839,2026-08-20T02:40:07.937Z,B57D,Westerly,2e0eb052-bb28-45b1-894f-8dc0851c56cc,SAMMS-Westerly
202608200219259326,202608200029239584,202608200029237018,85,4144,Bronze INV,br_ReAssessmentSocial,TASK_COMPLETE,FAILED,ERROR,4,4,1,SaveReAssessmentSocial Bronze ForEach failed,2026-08-20T00:29:28.539Z,2026-08-20T02:40:07.937Z,7839,2026-08-20T02:40:07.937Z,B66A,Bremen,2e0eb052-bb28-45b1-894f-8dc0851c56cc,SAMMS-Bremen
202608200219259327,202608200029239585,202608200029237018,85,4147,Bronze INV,br_ReAssessmentSocial,TASK_COMPLETE,FAILED,ERROR,0,0,1,SaveReAssessmentSocial Bronze ForEach failed,2026-08-20T00:29:28.539Z,2026-08-20T02:40:07.937Z,7839,2026-08-20T02:40:07.937Z,B72,Mobile (OBOT),2e0eb052-bb28-45b1-894f-8dc0851c56cc,SAMMS-Mobile-OBOT
202608200219259328,202608200029239586,202608200029237018,85,4148,Bronze INV,br_ReAssessmentSocial,TASK_COMPLETE,FAILED,ERROR,0,0,1,SaveReAssessmentSocial Bronze ForEach failed,2026-08-20T00:29:28.539Z,2026-08-20T02:40:07.937Z,7839,2026-08-20T02:40:07.937Z,B73,Montgomery,2e0eb052-bb28-45b1-894f-8dc0851c56cc,SAMMS-Montgomery
202608200219259329,202608200029239587,202608200029237018,85,4149,Bronze INV,br_ReAssessmentSocial,TASK_COMPLETE,FAILED,ERROR,516,516,1,SaveReAssessmentSocial Bronze ForEach failed,2026-08-20T00:29:28.539Z,2026-08-20T02:40:07.937Z,7839,2026-08-20T02:40:07.937Z,B75,Lawrence,2e0eb052-bb28-45b1-894f-8dc0851c56cc,SAMMS-LawrenceV6
202608200219259330,202608200029239588,202608200029237018,85,4150,Bronze INV,br_ReAssessmentSocial,TASK_COMPLETE,FAILED,ERROR,0,0,1,SaveReAssessmentSocial Bronze ForEach failed,2026-08-20T00:29:28.539Z,2026-08-20T02:40:07.937Z,7839,2026-08-20T02:40:07.937Z,B76,Huntsville OBOT,2e0eb052-bb28-45b1-894f-8dc0851c56cc,SAMMS-Huntsville-OBOT
202608200219259331,202608200029239589,202608200029237018,85,4151,Bronze INV,br_ReAssessmentSocial,TASK_COMPLETE,FAILED,ERROR,0,0,1,SaveReAssessmentSocial Bronze ForEach failed,2026-08-20T00:29:28.539Z,2026-08-20T02:40:07.937Z,7839,2026-08-20T02:40:07.937Z,BAT,Batesville,2e0eb052-bb28-45b1-894f-8dc0851c56cc,SAMMS-Batesville
202608200219259332,202608200029239590,202608200029237018,85,4152,Bronze INV,br_ReAssessmentSocial,TASK_COMPLETE,FAILED,ERROR,460,460,1,SaveReAssessmentSocial Bronze ForEach failed,2026-08-20T00:29:28.539Z,2026-08-20T02:40:07.937Z,7839,2026-08-20T02:40:07.937Z,BG,Bowling Green,2e0eb052-bb28-45b1-894f-8dc0851c56cc,SAMMS-BowlingGreen
202608200219259334,202608200029239591,202608200029237018,85,4153,Bronze INV,br_ReAssessmentSocial,TASK_COMPLETE,FAILED,ERROR,180,180,1,SaveReAssessmentSocial Bronze ForEach failed,2026-08-20T00:29:28.539Z,2026-08-20T02:40:07.937Z,7839,2026-08-20T02:40:07.937Z,BOI,Boise,2e0eb052-bb28-45b1-894f-8dc0851c56cc,SAMMS-Boise
202608200219259335,202608200029239592,202608200029237018,85,4160,Bronze INV,br_ReAssessmentSocial,TASK_COMPLETE,FAILED,ERROR,51,51,1,SaveReAssessmentSocial Bronze ForEach failed,2026-08-20T00:29:28.539Z,2026-08-20T02:40:07.937Z,7839,2026-08-20T02:40:07.937Z,CBCO,Coeur dAlene,2e0eb052-bb28-45b1-894f-8dc0851c56cc,SAMMS-CoeurdAleneV6
202608200219259336,202608200029239593,202608200029237018,85,4179,Bronze INV,br_ReAssessmentSocial,TASK_COMPLETE,FAILED,ERROR,0,0,1,SaveReAssessmentSocial Bronze ForEach failed,2026-08-20T00:29:28.539Z,2026-08-20T02:40:07.937Z,7839,2026-08-20T02:40:07.937Z,CON,Conway,2e0eb052-bb28-45b1-894f-8dc0851c56cc,SAMMS-Conway
202608200219259337,202608200029239594,202608200029237018,85,4180,Bronze INV,br_ReAssessmentSocial,TASK_COMPLETE,FAILED,ERROR,2568,2568,1,SaveReAssessmentSocial Bronze ForEach failed,2026-08-20T00:29:28.539Z,2026-08-20T02:40:07.937Z,7839,2026-08-20T02:40:07.937Z,D07,Medical Services Knox TN,2e0eb052-bb28-45b1-894f-8dc0851c56cc,SAMMS-KnoxvilleV6
202608200219259338,202608200029239595,202608200029237018,85,4181,Bronze INV,br_ReAssessmentSocial,TASK_COMPLETE,FAILED,ERROR,111,111,1,SaveReAssessmentSocial Bronze ForEach failed,2026-08-20T00:29:28.539Z,2026-08-20T02:40:07.937Z,7839,2026-08-20T02:40:07.937Z,D08,Madison,2e0eb052-bb28-45b1-894f-8dc0851c56cc,SAMMS-MadisonV6
202608200219259339,202608200029239596,202608200029237018,85,4183,Bronze INV,br_ReAssessmentSocial,TASK_COMPLETE,FAILED,ERROR,118,118,1,SaveReAssessmentSocial Bronze ForEach failed,2026-08-20T00:29:28.539Z,2026-08-20T02:40:07.937Z,7839,2026-08-20T02:40:07.937Z,D09,Murfreesboro,2e0eb052-bb28-45b1-894f-8dc0851c56cc,SAMMS-MurfreesboroV6
202608200219259340,202608200029239597,202608200029237018,85,4184,Bronze INV,br_ReAssessmentSocial,TASK_COMPLETE,FAILED,ERROR,336,336,1,SaveReAssessmentSocial Bronze ForEach failed,2026-08-20T00:29:28.539Z,2026-08-20T02:40:07.937Z,7839,2026-08-20T02:40:07.937Z,DA,Davenport,2e0eb052-bb28-45b1-894f-8dc0851c56cc,SAMMS-Davenport
202608200219259342,202608200029239598,202608200029237018,85,4185,Bronze INV,br_ReAssessmentSocial,TASK_COMPLETE,FAILED,ERROR,286,286,1,SaveReAssessmentSocial Bronze ForEach failed,2026-08-20T00:29:28.539Z,2026-08-20T02:40:07.937Z,7839,2026-08-20T02:40:07.937Z,DM,Des Moines,2e0eb052-bb28-45b1-894f-8dc0851c56cc,SAMMS-DesMoines
202608200219259343,202608200029239599,202608200029237018,85,4187,Bronze INV,br_ReAssessmentSocial,TASK_COMPLETE,FAILED,ERROR,529,529,1,SaveReAssessmentSocial Bronze ForEach failed,2026-08-20T00:29:28.539Z,2026-08-20T02:40:07.937Z,7839,2026-08-20T02:40:07.937Z,DRD-CO,Columbia MO,2e0eb052-bb28-45b1-894f-8dc0851c56cc,SAMMS-ColumbiaV5
202608200219259344,202608200029239600,202608200029237018,85,4188,Bronze INV,br_ReAssessmentSocial,TASK_COMPLETE,FAILED,ERROR,347,347,1,SaveReAssessmentSocial Bronze ForEach failed,2026-08-20T00:29:28.539Z,2026-08-20T02:40:07.937Z,7839,2026-08-20T02:40:07.937Z,DRD-KC,KC,2e0eb052-bb28-45b1-894f-8dc0851c56cc,SAMMS-KCv5
202608200219259345,202608200029239601,202608200029237018,85,4189,Bronze INV,br_ReAssessmentSocial,TASK_COMPLETE,FAILED,ERROR,1551,1551,1,SaveReAssessmentSocial Bronze ForEach failed,2026-08-20T00:29:28.539Z,2026-08-20T02:40:07.937Z,7839,2026-08-20T02:40:07.937Z,DRD-KVB,KVB,2e0eb052-bb28-45b1-894f-8dc0851c56cc,SAMMS-KVBv5
202608200219259346,202608200029239602,202608200029237018,85,4190,Bronze INV,br_ReAssessmentSocial,TASK_COMPLETE,FAILED,ERROR,1669,1669,1,SaveReAssessmentSocial Bronze ForEach failed,2026-08-20T00:29:28.539Z,2026-08-20T02:40:07.937Z,7839,2026-08-20T02:40:07.937Z,DRD-KVC,KVC,2e0eb052-bb28-45b1-894f-8dc0851c56cc,SAMMS-KVCv5
202608200219259347,202608200029239603,202608200029237018,85,4191,Bronze INV,br_ReAssessmentSocial,TASK_COMPLETE,FAILED,ERROR,3201,3201,1,SaveReAssessmentSocial Bronze ForEach failed,2026-08-20T00:29:28.539Z,2026-08-20T02:40:07.937Z,7839,2026-08-20T02:40:07.937Z,DRD-NOLA,NOLA,2e0eb052-bb28-45b1-894f-8dc0851c56cc,SAMMS-NOLAv5
202608200219259349,202608200029239604,202608200029237018,85,4192,Bronze INV,br_ReAssessmentSocial,TASK_COMPLETE,FAILED,ERROR,798,798,1,SaveReAssessmentSocial Bronze ForEach failed,2026-08-20T00:29:28.539Z,2026-08-20T02:40:07.937Z,7839,2026-08-20T02:40:07.937Z,DRD-SF,Springfield,2e0eb052-bb28-45b1-894f-8dc0851c56cc,SAMMS-SFv5
202608200219259350,202608200029239605,202608200029237018,85,4194,Bronze INV,br_ReAssessmentSocial,TASK_COMPLETE,FAILED,ERROR,260,260,1,SaveReAssessmentSocial Bronze ForEach failed,2026-08-20T00:29:28.539Z,2026-08-20T02:40:07.937Z,7839,2026-08-20T02:40:07.937Z,ELC,Elizabeth City,2e0eb052-bb28-45b1-894f-8dc0851c56cc,SAMMS-ElizabethCity
202608200219259351,202608200029239606,202608200029237018,85,4195,Bronze INV,br_ReAssessmentSocial,TASK_COMPLETE,FAILED,ERROR,128,128,1,SaveReAssessmentSocial Bronze ForEach failed,2026-08-20T00:29:28.539Z,2026-08-20T02:40:07.937Z,7839,2026-08-20T02:40:07.937Z,ET,Elizabethtown,2e0eb052-bb28-45b1-894f-8dc0851c56cc,SAMMS-Elizabethtown
202608200219259352,202608200029239607,202608200029237018,85,4196,Bronze INV,br_ReAssessmentSocial,TASK_COMPLETE,FAILED,ERROR,0,0,1,SaveReAssessmentSocial Bronze ForEach failed,2026-08-20T00:29:28.539Z,2026-08-20T02:40:07.937Z,7839,2026-08-20T02:40:07.937Z,FAY,Fayetteville,2e0eb052-bb28-45b1-894f-8dc0851c56cc,SAMMS-Fayetteville
202608200219259353,202608200029239608,202608200029237018,85,4197,Bronze INV,br_ReAssessmentSocial,TASK_COMPLETE,FAILED,ERROR,156,156,1,SaveReAssessmentSocial Bronze ForEach failed,2026-08-20T00:29:28.539Z,2026-08-20T02:40:07.937Z,7839,2026-08-20T02:40:07.937Z,FR,Frankfort,2e0eb052-bb28-45b1-894f-8dc0851c56cc,SAMMS-Frankfort
202608200219259354,202608200029239609,202608200029237018,85,4198,Bronze INV,br_ReAssessmentSocial,TASK_COMPLETE,FAILED,ERROR,0,0,1,SaveReAssessmentSocial Bronze ForEach failed,2026-08-20T00:29:28.539Z,2026-08-20T02:40:07.937Z,7839,2026-08-20T02:40:07.937Z,FS,Fort Smith,2e0eb052-bb28-45b1-894f-8dc0851c56cc,SAMMS-FortSmith
202608200219259355,202608200029239610,202608200029237018,85,4199,Bronze INV,br_ReAssessmentSocial,TASK_COMPLETE,FAILED,ERROR,465,465,1,SaveReAssessmentSocial Bronze ForEach failed,2026-08-20T00:29:28.539Z,2026-08-20T02:40:07.937Z,7839,2026-08-20T02:40:07.937Z,FW,Fort Wayne,2e0eb052-bb28-45b1-894f-8dc0851c56cc,SAMMS-FortWayne
202608200219259356,202608200029239611,202608200029237018,85,4200,Bronze INV,br_ReAssessmentSocial,TASK_COMPLETE,FAILED,ERROR,273,273,1,SaveReAssessmentSocial Bronze ForEach failed,2026-08-20T00:29:28.539Z,2026-08-20T02:40:07.937Z,7839,2026-08-20T02:40:07.937Z,GAL,Gaylord,2e0eb052-bb28-45b1-894f-8dc0851c56cc,SAMMS-Gaylord
202608200219259358,202608200029239612,202608200029237018,85,4204,Bronze INV,br_ReAssessmentSocial,TASK_COMPLETE,FAILED,ERROR,100,100,1,SaveReAssessmentSocial Bronze ForEach failed,2026-08-20T00:29:28.539Z,2026-08-20T02:40:07.937Z,7839,2026-08-20T02:40:07.937Z,HGT,Hagerstown,2e0eb052-bb28-45b1-894f-8dc0851c56cc,SAMMS-Hagerstown
202608200219259359,202608200029239613,202608200029237018,85,4205,Bronze INV,br_ReAssessmentSocial,TASK_COMPLETE,FAILED,ERROR,1718,1718,1,SaveReAssessmentSocial Bronze ForEach failed,2026-08-20T00:29:28.539Z,2026-08-20T02:40:07.937Z,7839,2026-08-20T02:40:07.937Z,HNT,Huntsville,2e0eb052-bb28-45b1-894f-8dc0851c56cc,SAMMS-Huntsville
202608200219259360,202608200029239614,202608200029237018,85,4206,Bronze INV,br_ReAssessmentSocial,TASK_COMPLETE,FAILED,ERROR,0,0,1,SaveReAssessmentSocial Bronze ForEach failed,2026-08-20T00:29:28.539Z,2026-08-20T02:40:07.937Z,7839,2026-08-20T02:40:07.937Z,HS,Hot Springs,2e0eb052-bb28-45b1-894f-8dc0851c56cc,SAMMS-HotSprings
202608200219259361,202608200029239615,202608200029237018,85,4207,Bronze INV,br_ReAssessmentSocial,TASK_COMPLETE,FAILED,ERROR,0,0,1,SaveReAssessmentSocial Bronze ForEach failed,2026-08-20T00:29:28.539Z,2026-08-20T02:40:07.937Z,7839,2026-08-20T02:40:07.937Z,JON,Jonesboro,2e0eb052-bb28-45b1-894f-8dc0851c56cc,SAMMS-Jonesboro
202608200219259362,202608200029239616,202608200029237018,85,4209,Bronze INV,br_ReAssessmentSocial,TASK_COMPLETE,FAILED,ERROR,444,444,1,SaveReAssessmentSocial Bronze ForEach failed,2026-08-20T00:29:28.539Z,2026-08-20T02:40:07.937Z,7839,2026-08-20T02:40:07.937Z,LAN,Lansing,2e0eb052-bb28-45b1-894f-8dc0851c56cc,SAMMS-Lansing
202608200219259363,202608200029239617,202608200029237018,85,4210,Bronze INV,br_ReAssessmentSocial,TASK_COMPLETE,FAILED,ERROR,1286,1286,1,SaveReAssessmentSocial Bronze ForEach failed,2026-08-20T00:29:28.539Z,2026-08-20T02:40:07.937Z,7839,2026-08-20T02:40:07.937Z,LO,Louisville,2e0eb052-bb28-45b1-894f-8dc0851c56cc,SAMMS-Louisville
202608200219259364,202608200029239618,202608200029237018,85,4211,Bronze INV,br_ReAssessmentSocial,TASK_COMPLETE,FAILED,ERROR,291,291,1,SaveReAssessmentSocial Bronze ForEach failed,2026-08-20T00:29:28.539Z,2026-08-20T02:40:07.937Z,7839,2026-08-20T02:40:07.937Z,LV1,Cheyenne,2e0eb052-bb28-45b1-894f-8dc0851c56cc,SAMMS-Cheyenne
202608200219259365,202608200029239619,202608200029237018,85,4212,Bronze INV,br_ReAssessmentSocial,TASK_COMPLETE,FAILED,ERROR,204,204,1,SaveReAssessmentSocial Bronze ForEach failed,2026-08-20T00:29:28.539Z,2026-08-20T02:40:07.937Z,7839,2026-08-20T02:40:07.937Z,LV2,Desert Inn,2e0eb052-bb28-45b1-894f-8dc0851c56cc,SAMMS-DesertInn
202608200219259367,202608200029239620,202608200029237018,85,4213,Bronze INV,br_ReAssessmentSocial,TASK_COMPLETE,FAILED,ERROR,110,110,1,SaveReAssessmentSocial Bronze ForEach failed,2026-08-20T00:29:28.539Z,2026-08-20T02:40:07.937Z,7839,2026-08-20T02:40:07.937Z,LV3,McDaniel,2e0eb052-bb28-45b1-894f-8dc0851c56cc,SAMMS-McDaniel
202608200219256758,202608200029238081,202608200029237018,85,821,Bronze INV,br_AdmissionAssessmentDimensionOneDisorder,TASK_COMPLETE,FAILED,ERROR,0,0,1,SaveAdmissionAssessmentDimensionOneDisorder Bronze ForEach failed,2026-08-20T00:29:28.539Z,2026-08-20T02:40:07.937Z,7839,2026-08-20T02:40:07.937Z,B52,Jackson GA,2e0eb052-bb28-45b1-894f-8dc0851c56cc,SAMMS-JacksonGAV5
202608200219256759,202608200029238082,202608200029237018,85,822,Bronze INV,br_AdmissionAssessmentDimensionOneDisorder,TASK_COMPLETE,FAILED,ERROR,0,0,1,SaveAdmissionAssessmentDimensionOneDisorder Bronze ForEach failed,2026-08-20T00:29:28.539Z,2026-08-20T02:40:07.937Z,7839,2026-08-20T02:40:07.937Z,B54,Gadsden,2e0eb052-bb28-45b1-894f-8dc0851c56cc,SAMMS-GadsdenV5
202608200219256760,202608200029238083,202608200029237018,85,823,Bronze INV,br_AdmissionAssessmentDimensionOneDisorder,TASK_COMPLETE,FAILED,ERROR,0,0,1,SaveAdmissionAssessmentDimensionOneDisorder Bronze ForEach failed,2026-08-20T00:29:28.539Z,2026-08-20T02:40:07.937Z,7839,2026-08-20T02:40:07.937Z,B55,Shoals,2e0eb052-bb28-45b1-894f-8dc0851c56cc,SAMMS-ShoalsV5
202608200219256761,202608200029238084,202608200029237018,85,824,Bronze INV,br_AdmissionAssessmentDimensionOneDisorder,TASK_COMPLETE,FAILED,ERROR,0,0,1,SaveAdmissionAssessmentDimensionOneDisorder Bronze ForEach failed,2026-08-20T00:29:28.539Z,2026-08-20T02:40:07.937Z,7839,2026-08-20T02:40:07.937Z,B57,Pawtucket,2e0eb052-bb28-45b1-894f-8dc0851c56cc,SAMMS-Pawtucket
202608200219256763,202608200029238085,202608200029237018,85,825,Bronze INV,br_AdmissionAssessmentDimensionOneDisorder,TASK_COMPLETE,FAILED,ERROR,0,0,1,SaveAdmissionAssessmentDimensionOneDisorder Bronze ForEach failed,2026-08-20T00:29:28.539Z,2026-08-20T02:40:07.937Z,7839,2026-08-20T02:40:07.937Z,B57A,Johnston,2e0eb052-bb28-45b1-894f-8dc0851c56cc,SAMMS-Johnston
202608200219256764,202608200029238086,202608200029237018,85,826,Bronze INV,br_AdmissionAssessmentDimensionOneDisorder,TASK_COMPLETE,FAILED,ERROR,0,0,1,SaveAdmissionAssessmentDimensionOneDisorder Bronze ForEach failed,2026-08-20T00:29:28.539Z,2026-08-20T02:40:07.937Z,7839,2026-08-20T02:40:07.937Z,B57B,Middletown,2e0eb052-bb28-45b1-894f-8dc0851c56cc,SAMMS-Middletown
202608200219256765,202608200029238087,202608200029237018,85,827,Bronze INV,br_AdmissionAssessmentDimensionOneDisorder,TASK_COMPLETE,FAILED,ERROR,0,0,1,SaveAdmissionAssessmentDimensionOneDisorder Bronze ForEach failed,2026-08-20T00:29:28.539Z,2026-08-20T02:40:07.937Z,7839,2026-08-20T02:40:07.937Z,B57C,Providence,2e0eb052-bb28-45b1-894f-8dc0851c56cc,SAMMS-Providence
202608200219256766,202608200029238088,202608200029237018,85,828,Bronze INV,br_AdmissionAssessmentDimensionOneDisorder,TASK_COMPLETE,FAILED,ERROR,0,0,1,SaveAdmissionAssessmentDimensionOneDisorder Bronze ForEach failed,2026-08-20T00:29:28.539Z,2026-08-20T02:40:07.937Z,7839,2026-08-20T02:40:07.937Z,B57D,Westerly,2e0eb052-bb28-45b1-894f-8dc0851c56cc,SAMMS-Westerly
202608200219256767,202608200029238089,202608200029237018,85,832,Bronze INV,br_AdmissionAssessmentDimensionOneDisorder,TASK_COMPLETE,FAILED,ERROR,0,0,1,SaveAdmissionAssessmentDimensionOneDisorder Bronze ForEach failed,2026-08-20T00:29:28.539Z,2026-08-20T02:40:07.937Z,7839,2026-08-20T02:40:07.937Z,B66A,Bremen,2e0eb052-bb28-45b1-894f-8dc0851c56cc,SAMMS-Bremen
202608200219256768,202608200029238090,202608200029237018,85,835,Bronze INV,br_AdmissionAssessmentDimensionOneDisorder,TASK_COMPLETE,FAILED,ERROR,0,0,1,SaveAdmissionAssessmentDimensionOneDisorder Bronze ForEach failed,2026-08-20T00:29:28.539Z,2026-08-20T02:40:07.937Z,7839,2026-08-20T02:40:07.937Z,B72,Mobile (OBOT),2e0eb052-bb28-45b1-894f-8dc0851c56cc,SAMMS-Mobile-OBOT
202608200219256769,202608200029238091,202608200029237018,85,836,Bronze INV,br_AdmissionAssessmentDimensionOneDisorder,TASK_COMPLETE,FAILED,ERROR,0,0,1,SaveAdmissionAssessmentDimensionOneDisorder Bronze ForEach failed,2026-08-20T00:29:28.539Z,2026-08-20T02:40:07.937Z,7839,2026-08-20T02:40:07.937Z,B73,Montgomery,2e0eb052-bb28-45b1-894f-8dc0851c56cc,SAMMS-Montgomery
202608200219256770,202608200029238092,202608200029237018,85,837,Bronze INV,br_AdmissionAssessmentDimensionOneDisorder,TASK_COMPLETE,FAILED,ERROR,0,0,1,SaveAdmissionAssessmentDimensionOneDisorder Bronze ForEach failed,2026-08-20T00:29:28.539Z,2026-08-20T02:40:07.937Z,7839,2026-08-20T02:40:07.937Z,B75,Lawrence,2e0eb052-bb28-45b1-894f-8dc0851c56cc,SAMMS-LawrenceV6
202608200219256772,202608200029238093,202608200029237018,85,838,Bronze INV,br_AdmissionAssessmentDimensionOneDisorder,TASK_COMPLETE,FAILED,ERROR,0,0,1,SaveAdmissionAssessmentDimensionOneDisorder Bronze ForEach failed,2026-08-20T00:29:28.539Z,2026-08-20T02:40:07.937Z,7839,2026-08-20T02:40:07.937Z,B76,Huntsville OBOT,2e0eb052-bb28-45b1-894f-8dc0851c56cc,SAMMS-Huntsville-OBOT
202608200219256773,202608200029238094,202608200029237018,85,839,Bronze INV,br_AdmissionAssessmentDimensionOneDisorder,TASK_COMPLETE,FAILED,ERROR,0,0,1,SaveAdmissionAssessmentDimensionOneDisorder Bronze ForEach failed,2026-08-20T00:29:28.539Z,2026-08-20T02:40:07.937Z,7839,2026-08-20T02:40:07.937Z,BAT,Batesville,2e0eb052-bb28-45b1-894f-8dc0851c56cc,SAMMS-Batesville
202608200219256774,202608200029238095,202608200029237018,85,840,Bronze INV,br_AdmissionAssessmentDimensionOneDisorder,TASK_COMPLETE,FAILED,ERROR,0,0,1,SaveAdmissionAssessmentDimensionOneDisorder Bronze ForEach failed,2026-08-20T00:29:28.539Z,2026-08-20T02:40:07.937Z,7839,2026-08-20T02:40:07.937Z,BG,Bowling Green,2e0eb052-bb28-45b1-894f-8dc0851c56cc,SAMMS-BowlingGreen
202608200219256775,202608200029238096,202608200029237018,85,841,Bronze INV,br_AdmissionAssessmentDimensionOneDisorder,TASK_COMPLETE,FAILED,ERROR,0,0,1,SaveAdmissionAssessmentDimensionOneDisorder Bronze ForEach failed,2026-08-20T00:29:28.539Z,2026-08-20T02:40:07.937Z,7839,2026-08-20T02:40:07.937Z,BOI,Boise,2e0eb052-bb28-45b1-894f-8dc0851c56cc,SAMMS-Boise
202608200219256776,202608200029238097,202608200029237018,85,848,Bronze INV,br_AdmissionAssessmentDimensionOneDisorder,TASK_COMPLETE,FAILED,ERROR,0,0,1,SaveAdmissionAssessmentDimensionOneDisorder Bronze ForEach failed,2026-08-20T00:29:28.539Z,2026-08-20T02:40:07.937Z,7839,2026-08-20T02:40:07.937Z,CBCO,Coeur dAlene,2e0eb052-bb28-45b1-894f-8dc0851c56cc,SAMMS-CoeurdAleneV6
202608200219256777,202608200029238098,202608200029237018,85,867,Bronze INV,br_AdmissionAssessmentDimensionOneDisorder,TASK_COMPLETE,FAILED,ERROR,0,0,1,SaveAdmissionAssessmentDimensionOneDisorder Bronze ForEach failed,2026-08-20T00:29:28.539Z,2026-08-20T02:40:07.937Z,7839,2026-08-20T02:40:07.937Z,CON,Conway,2e0eb052-bb28-45b1-894f-8dc0851c56cc,SAMMS-Conway
202608200219256778,202608200029238099,202608200029237018,85,868,Bronze INV,br_AdmissionAssessmentDimensionOneDisorder,TASK_COMPLETE,FAILED,ERROR,0,0,1,SaveAdmissionAssessmentDimensionOneDisorder Bronze ForEach failed,2026-08-20T00:29:28.539Z,2026-08-20T02:40:07.937Z,7839,2026-08-20T02:40:07.937Z,D07,Medical Services Knox TN,2e0eb052-bb28-45b1-894f-8dc0851c56cc,SAMMS-KnoxvilleV6
202608200219256780,202608200029238100,202608200029237018,85,869,Bronze INV,br_AdmissionAssessmentDimensionOneDisorder,TASK_COMPLETE,FAILED,ERROR,0,0,1,SaveAdmissionAssessmentDimensionOneDisorder Bronze ForEach failed,2026-08-20T00:29:28.539Z,2026-08-20T02:40:07.937Z,7839,2026-08-20T02:40:07.937Z,D08,Madison,2e0eb052-bb28-45b1-894f-8dc0851c56cc,SAMMS-MadisonV6
202608200219256781,202608200029238101,202608200029237018,85,871,Bronze INV,br_AdmissionAssessmentDimensionOneDisorder,TASK_COMPLETE,FAILED,ERROR,0,0,1,SaveAdmissionAssessmentDimensionOneDisorder Bronze ForEach failed,2026-08-20T00:29:28.539Z,2026-08-20T02:40:07.937Z,7839,2026-08-20T02:40:07.937Z,D09,Murfreesboro,2e0eb052-bb28-45b1-894f-8dc0851c56cc,SAMMS-MurfreesboroV6
202608200219256782,202608200029238102,202608200029237018,85,872,Bronze INV,br_AdmissionAssessmentDimensionOneDisorder,TASK_COMPLETE,FAILED,ERROR,0,0,1,SaveAdmissionAssessmentDimensionOneDisorder Bronze ForEach failed,2026-08-20T00:29:28.539Z,2026-08-20T02:40:07.937Z,7839,2026-08-20T02:40:07.937Z,DA,Davenport,2e0eb052-bb28-45b1-894f-8dc0851c56cc,SAMMS-Davenport
202608200219256783,202608200029238103,202608200029237018,85,873,Bronze INV,br_AdmissionAssessmentDimensionOneDisorder,TASK_COMPLETE,FAILED,ERROR,0,0,1,SaveAdmissionAssessmentDimensionOneDisorder Bronze ForEach failed,2026-08-20T00:29:28.539Z,2026-08-20T02:40:07.937Z,7839,2026-08-20T02:40:07.937Z,DM,Des Moines,2e0eb052-bb28-45b1-894f-8dc0851c56cc,SAMMS-DesMoines
202608200219256784,202608200029238104,202608200029237018,85,875,Bronze INV,br_AdmissionAssessmentDimensionOneDisorder,TASK_COMPLETE,FAILED,ERROR,0,0,1,SaveAdmissionAssessmentDimensionOneDisorder Bronze ForEach failed,2026-08-20T00:29:28.539Z,2026-08-20T02:40:07.937Z,7839,2026-08-20T02:40:07.937Z,DRD-CO,Columbia MO,2e0eb052-bb28-45b1-894f-8dc0851c56cc,SAMMS-ColumbiaV5
202608200219256785,202608200029238105,202608200029237018,85,876,Bronze INV,br_AdmissionAssessmentDimensionOneDisorder,TASK_COMPLETE,FAILED,ERROR,0,0,1,SaveAdmissionAssessmentDimensionOneDisorder Bronze ForEach failed,2026-08-20T00:29:28.539Z,2026-08-20T02:40:07.937Z,7839,2026-08-20T02:40:07.937Z,DRD-KC,KC,2e0eb052-bb28-45b1-894f-8dc0851c56cc,SAMMS-KCv5
202608200219256786,202608200029238106,202608200029237018,85,877,Bronze INV,br_AdmissionAssessmentDimensionOneDisorder,TASK_COMPLETE,FAILED,ERROR,0,0,1,SaveAdmissionAssessmentDimensionOneDisorder Bronze ForEach failed,2026-08-20T00:29:28.539Z,2026-08-20T02:40:07.937Z,7839,2026-08-20T02:40:07.937Z,DRD-KVB,KVB,2e0eb052-bb28-45b1-894f-8dc0851c56cc,SAMMS-KVBv5
202608200219256788,202608200029238107,202608200029237018,85,878,Bronze INV,br_AdmissionAssessmentDimensionOneDisorder,TASK_COMPLETE,FAILED,ERROR,0,0,1,SaveAdmissionAssessmentDimensionOneDisorder Bronze ForEach failed,2026-08-20T00:29:28.539Z,2026-08-20T02:40:07.937Z,7839,2026-08-20T02:40:07.937Z,DRD-KVC,KVC,2e0eb052-bb28-45b1-894f-8dc0851c56cc,SAMMS-KVCv5
202608200219256789,202608200029238108,202608200029237018,85,879,Bronze INV,br_AdmissionAssessmentDimensionOneDisorder,TASK_COMPLETE,FAILED,ERROR,0,0,1,SaveAdmissionAssessmentDimensionOneDisorder Bronze ForEach failed,2026-08-20T00:29:28.539Z,2026-08-20T02:40:07.937Z,7839,2026-08-20T02:40:07.937Z,DRD-NOLA,NOLA,2e0eb052-bb28-45b1-894f-8dc0851c56cc,SAMMS-NOLAv5
202608200219256790,202608200029238109,202608200029237018,85,880,Bronze INV,br_AdmissionAssessmentDimensionOneDisorder,TASK_COMPLETE,FAILED,ERROR,0,0,1,SaveAdmissionAssessmentDimensionOneDisorder Bronze ForEach failed,2026-08-20T00:29:28.539Z,2026-08-20T02:40:07.937Z,7839,2026-08-20T02:40:07.937Z,DRD-SF,Springfield,2e0eb052-bb28-45b1-894f-8dc0851c56cc,SAMMS-SFv5
202608200219256791,202608200029238110,202608200029237018,85,882,Bronze INV,br_AdmissionAssessmentDimensionOneDisorder,TASK_COMPLETE,FAILED,ERROR,0,0,1,SaveAdmissionAssessmentDimensionOneDisorder Bronze ForEach failed,2026-08-20T00:29:28.539Z,2026-08-20T02:40:07.937Z,7839,2026-08-20T02:40:07.937Z,ELC,Elizabeth City,2e0eb052-bb28-45b1-894f-8dc0851c56cc,SAMMS-ElizabethCity
202608200219256792,202608200029238111,202608200029237018,85,883,Bronze INV,br_AdmissionAssessmentDimensionOneDisorder,TASK_COMPLETE,FAILED,ERROR,0,0,1,SaveAdmissionAssessmentDimensionOneDisorder Bronze ForEach failed,2026-08-20T00:29:28.539Z,2026-08-20T02:40:07.937Z,7839,2026-08-20T02:40:07.937Z,ET,Elizabethtown,2e0eb052-bb28-45b1-894f-8dc0851c56cc,SAMMS-Elizabethtown
202608200219256793,202608200029238112,202608200029237018,85,884,Bronze INV,br_AdmissionAssessmentDimensionOneDisorder,TASK_COMPLETE,FAILED,ERROR,0,0,1,SaveAdmissionAssessmentDimensionOneDisorder Bronze ForEach failed,2026-08-20T00:29:28.539Z,2026-08-20T02:40:07.937Z,7839,2026-08-20T02:40:07.937Z,FAY,Fayetteville,2e0eb052-bb28-45b1-894f-8dc0851c56cc,SAMMS-Fayetteville
202608200219256794,202608200029238113,202608200029237018,85,885,Bronze INV,br_AdmissionAssessmentDimensionOneDisorder,TASK_COMPLETE,FAILED,ERROR,0,0,1,SaveAdmissionAssessmentDimensionOneDisorder Bronze ForEach failed,2026-08-20T00:29:28.539Z,2026-08-20T02:40:07.937Z,7839,2026-08-20T02:40:07.937Z,FR,Frankfort,2e0eb052-bb28-45b1-894f-8dc0851c56cc,SAMMS-Frankfort
202608200219256796,202608200029238114,202608200029237018,85,886,Bronze INV,br_AdmissionAssessmentDimensionOneDisorder,TASK_COMPLETE,FAILED,ERROR,0,0,1,SaveAdmissionAssessmentDimensionOneDisorder Bronze ForEach failed,2026-08-20T00:29:28.539Z,2026-08-20T02:40:07.937Z,7839,2026-08-20T02:40:07.937Z,FS,Fort Smith,2e0eb052-bb28-45b1-894f-8dc0851c56cc,SAMMS-FortSmith
202608200219256797,202608200029238115,202608200029237018,85,887,Bronze INV,br_AdmissionAssessmentDimensionOneDisorder,TASK_COMPLETE,FAILED,ERROR,0,0,1,SaveAdmissionAssessmentDimensionOneDisorder Bronze ForEach failed,2026-08-20T00:29:28.539Z,2026-08-20T02:40:07.937Z,7839,2026-08-20T02:40:07.937Z,FW,Fort Wayne,2e0eb052-bb28-45b1-894f-8dc0851c56cc,SAMMS-FortWayne
202608200219256798,202608200029238116,202608200029237018,85,888,Bronze INV,br_AdmissionAssessmentDimensionOneDisorder,TASK_COMPLETE,FAILED,ERROR,0,0,1,SaveAdmissionAssessmentDimensionOneDisorder Bronze ForEach failed,2026-08-20T00:29:28.539Z,2026-08-20T02:40:07.937Z,7839,2026-08-20T02:40:07.937Z,GAL,Gaylord,2e0eb052-bb28-45b1-894f-8dc0851c56cc,SAMMS-Gaylord
202608200219256799,202608200029238117,202608200029237018,85,892,Bronze INV,br_AdmissionAssessmentDimensionOneDisorder,TASK_COMPLETE,FAILED,ERROR,0,0,1,SaveAdmissionAssessmentDimensionOneDisorder Bronze ForEach failed,2026-08-20T00:29:28.539Z,2026-08-20T02:40:07.937Z,7839,2026-08-20T02:40:07.937Z,HGT,Hagerstown,2e0eb052-bb28-45b1-894f-8dc0851c56cc,SAMMS-Hagerstown
202608200219256800,202608200029238118,202608200029237018,85,893,Bronze INV,br_AdmissionAssessmentDimensionOneDisorder,TASK_COMPLETE,FAILED,ERROR,0,0,1,SaveAdmissionAssessmentDimensionOneDisorder Bronze ForEach failed,2026-08-20T00:29:28.539Z,2026-08-20T02:40:07.937Z,7839,2026-08-20T02:40:07.937Z,HNT,Huntsville,2e0eb052-bb28-45b1-894f-8dc0851c56cc,SAMMS-Huntsville
202608200219258678,202608200029239093,202608200029237018,85,3365,Bronze INV,br_ReAssessmentLegal,TASK_COMPLETE,FAILED,ERROR,460,460,1,SaveReAssessmentLegal Bronze ForEach failed,2026-08-20T00:29:28.539Z,2026-08-20T02:40:07.937Z,7839,2026-08-20T02:40:07.937Z,B29,Poplar Bluff,2e0eb052-bb28-45b1-894f-8dc0851c56cc,SAMMS-PoplarBluffV5
202608200219258679,202608200029239094,202608200029237018,85,3366,Bronze INV,br_ReAssessmentLegal,TASK_COMPLETE,FAILED,ERROR,77,77,1,SaveReAssessmentLegal Bronze ForEach failed,2026-08-20T00:29:28.539Z,2026-08-20T02:40:07.937Z,7839,2026-08-20T02:40:07.937Z,B30,KC North,2e0eb052-bb28-45b1-894f-8dc0851c56cc,SAMMS-KCNv5
202608200219258680,202608200029239095,202608200029237018,85,3367,Bronze INV,br_ReAssessmentLegal,TASK_COMPLETE,FAILED,ERROR,400,400,1,SaveReAssessmentLegal Bronze ForEach failed,2026-08-20T00:29:28.539Z,2026-08-20T02:40:07.937Z,7839,2026-08-20T02:40:07.937Z,B31,Dyersburg,2e0eb052-bb28-45b1-894f-8dc0851c56cc,SAMMS-DyersburgV5
202608200219258681,202608200029239096,202608200029237018,85,3369,Bronze INV,br_ReAssessmentLegal,TASK_COMPLETE,FAILED,ERROR,487,487,1,SaveReAssessmentLegal Bronze ForEach failed,2026-08-20T00:29:28.539Z,2026-08-20T02:40:07.937Z,7839,2026-08-20T02:40:07.937Z,B33,Paducah,2e0eb052-bb28-45b1-894f-8dc0851c56cc,SAMMS-Paducah
202608200219258682,202608200029239097,202608200029237018,85,3370,Bronze INV,br_ReAssessmentLegal,TASK_COMPLETE,FAILED,ERROR,385,385,1,SaveReAssessmentLegal Bronze ForEach failed,2026-08-20T00:29:28.539Z,2026-08-20T02:40:07.937Z,7839,2026-08-20T02:40:07.937Z,B34,Corbin,2e0eb052-bb28-45b1-894f-8dc0851c56cc,SAMMS-CorbinV5
202608200219258683,202608200029239098,202608200029237018,85,3371,Bronze INV,br_ReAssessmentLegal,TASK_COMPLETE,FAILED,ERROR,239,239,1,SaveReAssessmentLegal Bronze ForEach failed,2026-08-20T00:29:28.539Z,2026-08-20T02:40:07.937Z,7839,2026-08-20T02:40:07.937Z,B35,Lexington,2e0eb052-bb28-45b1-894f-8dc0851c56cc,SAMMS-LexingtonV5
202608200219258684,202608200029239099,202608200029237018,85,3372,Bronze INV,br_ReAssessmentLegal,TASK_COMPLETE,FAILED,ERROR,77,77,1,SaveReAssessmentLegal Bronze ForEach failed,2026-08-20T00:29:28.539Z,2026-08-20T02:40:07.937Z,7839,2026-08-20T02:40:07.937Z,B35A,Berea,2e0eb052-bb28-45b1-894f-8dc0851c56cc,SAMMS-BereaV5
202608200219258686,202608200029239100,202608200029237018,85,3373,Bronze INV,br_ReAssessmentLegal,TASK_COMPLETE,FAILED,ERROR,20,20,1,SaveReAssessmentLegal Bronze ForEach failed,2026-08-20T00:29:28.539Z,2026-08-20T02:40:07.937Z,7839,2026-08-20T02:40:07.937Z,B36,Asheville,2e0eb052-bb28-45b1-894f-8dc0851c56cc,SAMMS-AshevilleV5
202608200219258687,202608200029239101,202608200029237018,85,3374,Bronze INV,br_ReAssessmentLegal,TASK_COMPLETE,FAILED,ERROR,1,1,1,SaveReAssessmentLegal Bronze ForEach failed,2026-08-20T00:29:28.539Z,2026-08-20T02:40:07.937Z,7839,2026-08-20T02:40:07.937Z,B37,Clyde,2e0eb052-bb28-45b1-894f-8dc0851c56cc,SAMMS-ClydeV5
202608200219258688,202608200029239102,202608200029237018,85,3375,Bronze INV,br_ReAssessmentLegal,TASK_COMPLETE,FAILED,ERROR,1188,1188,1,SaveReAssessmentLegal Bronze ForEach failed,2026-08-20T00:29:28.539Z,2026-08-20T02:40:07.937Z,7839,2026-08-20T02:40:07.937Z,B38,Spartanburg,2e0eb052-bb28-45b1-894f-8dc0851c56cc,SAMMS-SpartanburgV5
202608200219258689,202608200029239103,202608200029237018,85,3376,Bronze INV,br_ReAssessmentLegal,TASK_COMPLETE,FAILED,ERROR,362,362,1,SaveReAssessmentLegal Bronze ForEach failed,2026-08-20T00:29:28.539Z,2026-08-20T02:40:07.937Z,7839,2026-08-20T02:40:07.937Z,B39,Aiken,2e0eb052-bb28-45b1-894f-8dc0851c56cc,SAMMS-AikenV5
202608200219258690,202608200029239104,202608200029237018,85,3377,Bronze INV,br_ReAssessmentLegal,TASK_COMPLETE,FAILED,ERROR,1887,1887,1,SaveReAssessmentLegal Bronze ForEach failed,2026-08-20T00:29:28.539Z,2026-08-20T02:40:07.937Z,7839,2026-08-20T02:40:07.937Z,B41,Chesapeake,2e0eb052-bb28-45b1-894f-8dc0851c56cc,SAMMS-ChesapeakeV5
202608200219258691,202608200029239105,202608200029237018,85,3378,Bronze INV,br_ReAssessmentLegal,TASK_COMPLETE,FAILED,ERROR,1912,1912,1,SaveReAssessmentLegal Bronze ForEach failed,2026-08-20T00:29:28.539Z,2026-08-20T02:40:07.937Z,7839,2026-08-20T02:40:07.937Z,B42,Virginia Beach,2e0eb052-bb28-45b1-894f-8dc0851c56cc,SAMMS-VirginiaBeachV5
202608200219258692,202608200029239106,202608200029237018,85,3379,Bronze INV,br_ReAssessmentLegal,TASK_COMPLETE,FAILED,ERROR,923,923,1,SaveReAssessmentLegal Bronze ForEach failed,2026-08-20T00:29:28.539Z,2026-08-20T02:40:07.937Z,7839,2026-08-20T02:40:07.937Z,B42A,Newport News,2e0eb052-bb28-45b1-894f-8dc0851c56cc,SAMMS-NewportNewsV5
202608200219258694,202608200029239107,202608200029237018,85,3380,Bronze INV,br_ReAssessmentLegal,TASK_COMPLETE,FAILED,ERROR,507,507,1,SaveReAssessmentLegal Bronze ForEach failed,2026-08-20T00:29:28.539Z,2026-08-20T02:40:07.937Z,7839,2026-08-20T02:40:07.937Z,B42B,Franklin,2e0eb052-bb28-45b1-894f-8dc0851c56cc,SAMMS-FranklinV5
202608200219258695,202608200029239108,202608200029237018,85,3381,Bronze INV,br_ReAssessmentLegal,TASK_COMPLETE,FAILED,ERROR,340,340,1,SaveReAssessmentLegal Bronze ForEach failed,2026-08-20T00:29:28.539Z,2026-08-20T02:40:07.937Z,7839,2026-08-20T02:40:07.937Z,B42C,Glen Allen,2e0eb052-bb28-45b1-894f-8dc0851c56cc,SAMMS-GlenAllenV5
202608200219258696,202608200029239109,202608200029237018,85,3382,Bronze INV,br_ReAssessmentLegal,TASK_COMPLETE,FAILED,ERROR,1479,1479,1,SaveReAssessmentLegal Bronze ForEach failed,2026-08-20T00:29:28.539Z,2026-08-20T02:40:07.937Z,7839,2026-08-20T02:40:07.937Z,B42D,Chesapeake South,2e0eb052-bb28-45b1-894f-8dc0851c56cc,SAMMS-ChesapeakeSouthV5
202608200219258697,202608200029239110,202608200029237018,85,3383,Bronze INV,br_ReAssessmentLegal,TASK_COMPLETE,FAILED,ERROR,633,633,1,SaveReAssessmentLegal Bronze ForEach failed,2026-08-20T00:29:28.539Z,2026-08-20T02:40:07.937Z,7839,2026-08-20T02:40:07.937Z,B44,Albany,2e0eb052-bb28-45b1-894f-8dc0851c56cc,SAMMS-AlbanyV5
202608200219258698,202608200029239111,202608200029237018,85,3384,Bronze INV,br_ReAssessmentLegal,TASK_COMPLETE,FAILED,ERROR,1267,1267,1,SaveReAssessmentLegal Bronze ForEach failed,2026-08-20T00:29:28.539Z,2026-08-20T02:40:07.937Z,7839,2026-08-20T02:40:07.937Z,B45,Tifton,2e0eb052-bb28-45b1-894f-8dc0851c56cc,SAMMS-TiftonV5
202608200219258699,202608200029239112,202608200029237018,85,3385,Bronze INV,br_ReAssessmentLegal,TASK_COMPLETE,FAILED,ERROR,588,588,1,SaveReAssessmentLegal Bronze ForEach failed,2026-08-20T00:29:28.539Z,2026-08-20T02:40:07.937Z,7839,2026-08-20T02:40:07.937Z,B46,Washington DC,2e0eb052-bb28-45b1-894f-8dc0851c56cc,SAMMS-WashingtonDCv5
202608200219258700,202608200029239113,202608200029237018,85,3386,Bronze INV,br_ReAssessmentLegal,TASK_COMPLETE,FAILED,ERROR,1557,1557,1,SaveReAssessmentLegal Bronze ForEach failed,2026-08-20T00:29:28.539Z,2026-08-20T02:40:07.937Z,7839,2026-08-20T02:40:07.937Z,B47,Mobile,2e0eb052-bb28-45b1-894f-8dc0851c56cc,SAMMS-MobileV5
202608200219258701,202608200029239114,202608200029237018,85,3387,Bronze INV,br_ReAssessmentLegal,TASK_COMPLETE,FAILED,ERROR,1296,1296,1,SaveReAssessmentLegal Bronze ForEach failed,2026-08-20T00:29:28.539Z,2026-08-20T02:40:07.937Z,7839,2026-08-20T02:40:07.937Z,B48,Tuscaloosa,2e0eb052-bb28-45b1-894f-8dc0851c56cc,SAMMS-TuscaloosaV5
202608200219258703,202608200029239115,202608200029237018,85,3396,Bronze INV,br_ReAssessmentLegal,TASK_COMPLETE,FAILED,ERROR,2,2,1,SaveReAssessmentLegal Bronze ForEach failed,2026-08-20T00:29:28.539Z,2026-08-20T02:40:07.937Z,7839,2026-08-20T02:40:07.937Z,B51,N. Little Rock (OTP),2e0eb052-bb28-45b1-894f-8dc0851c56cc,SAMMS-NorthLittleRockV6
202608200219258704,202608200029239116,202608200029237018,85,3397,Bronze INV,br_ReAssessmentLegal,TASK_COMPLETE,FAILED,ERROR,454,454,1,SaveReAssessmentLegal Bronze ForEach failed,2026-08-20T00:29:28.539Z,2026-08-20T02:40:07.937Z,7839,2026-08-20T02:40:07.937Z,B52,Jackson GA,2e0eb052-bb28-45b1-894f-8dc0851c56cc,SAMMS-JacksonGAV5
202608200219258705,202608200029239117,202608200029237018,85,3398,Bronze INV,br_ReAssessmentLegal,TASK_COMPLETE,FAILED,ERROR,1702,1702,1,SaveReAssessmentLegal Bronze ForEach failed,2026-08-20T00:29:28.539Z,2026-08-20T02:40:07.937Z,7839,2026-08-20T02:40:07.937Z,B54,Gadsden,2e0eb052-bb28-45b1-894f-8dc0851c56cc,SAMMS-GadsdenV5
202608200219258706,202608200029239118,202608200029237018,85,3399,Bronze INV,br_ReAssessmentLegal,TASK_COMPLETE,FAILED,ERROR,946,946,1,SaveReAssessmentLegal Bronze ForEach failed,2026-08-20T00:29:28.539Z,2026-08-20T02:40:07.937Z,7839,2026-08-20T02:40:07.937Z,B55,Shoals,2e0eb052-bb28-45b1-894f-8dc0851c56cc,SAMMS-ShoalsV5
202608200219258707,202608200029239119,202608200029237018,85,3400,Bronze INV,br_ReAssessmentLegal,TASK_COMPLETE,FAILED,ERROR,294,294,1,SaveReAssessmentLegal Bronze ForEach failed,2026-08-20T00:29:28.539Z,2026-08-20T02:40:07.937Z,7839,2026-08-20T02:40:07.937Z,B57,Pawtucket,2e0eb052-bb28-45b1-894f-8dc0851c56cc,SAMMS-Pawtucket
202608200219258708,202608200029239120,202608200029237018,85,3401,Bronze INV,br_ReAssessmentLegal,TASK_COMPLETE,FAILED,ERROR,550,550,1,SaveReAssessmentLegal Bronze ForEach failed,2026-08-20T00:29:28.539Z,2026-08-20T02:40:07.937Z,7839,2026-08-20T02:40:07.937Z,B57A,Johnston,2e0eb052-bb28-45b1-894f-8dc0851c56cc,SAMMS-Johnston
202608200219258709,202608200029239121,202608200029237018,85,3402,Bronze INV,br_ReAssessmentLegal,TASK_COMPLETE,FAILED,ERROR,164,164,1,SaveReAssessmentLegal Bronze ForEach failed,2026-08-20T00:29:28.539Z,2026-08-20T02:40:07.937Z,7839,2026-08-20T02:40:07.937Z,B57B,Middletown,2e0eb052-bb28-45b1-894f-8dc0851c56cc,SAMMS-Middletown
202608200219258710,202608200029239122,202608200029237018,85,3403,Bronze INV,br_ReAssessmentLegal,TASK_COMPLETE,FAILED,ERROR,411,411,1,SaveReAssessmentLegal Bronze ForEach failed,2026-08-20T00:29:28.539Z,2026-08-20T02:40:07.937Z,7839,2026-08-20T02:40:07.937Z,B57C,Providence,2e0eb052-bb28-45b1-894f-8dc0851c56cc,SAMMS-Providence
202608200219258712,202608200029239123,202608200029237018,85,3404,Bronze INV,br_ReAssessmentLegal,TASK_COMPLETE,FAILED,ERROR,622,622,1,SaveReAssessmentLegal Bronze ForEach failed,2026-08-20T00:29:28.539Z,2026-08-20T02:40:07.937Z,7839,2026-08-20T02:40:07.937Z,B57D,Westerly,2e0eb052-bb28-45b1-894f-8dc0851c56cc,SAMMS-Westerly
202608200219258713,202608200029239124,202608200029237018,85,3408,Bronze INV,br_ReAssessmentLegal,TASK_COMPLETE,FAILED,ERROR,4,4,1,SaveReAssessmentLegal Bronze ForEach failed,2026-08-20T00:29:28.539Z,2026-08-20T02:40:07.937Z,7839,2026-08-20T02:40:07.937Z,B66A,Bremen,2e0eb052-bb28-45b1-894f-8dc0851c56cc,SAMMS-Bremen
202608200219258714,202608200029239125,202608200029237018,85,3411,Bronze INV,br_ReAssessmentLegal,TASK_COMPLETE,FAILED,ERROR,0,0,1,SaveReAssessmentLegal Bronze ForEach failed,2026-08-20T00:29:28.539Z,2026-08-20T02:40:07.937Z,7839,2026-08-20T02:40:07.937Z,B72,Mobile (OBOT),2e0eb052-bb28-45b1-894f-8dc0851c56cc,SAMMS-Mobile-OBOT
202608200219258715,202608200029239126,202608200029237018,85,3412,Bronze INV,br_ReAssessmentLegal,TASK_COMPLETE,FAILED,ERROR,0,0,1,SaveReAssessmentLegal Bronze ForEach failed,2026-08-20T00:29:28.539Z,2026-08-20T02:40:07.937Z,7839,2026-08-20T02:40:07.937Z,B73,Montgomery,2e0eb052-bb28-45b1-894f-8dc0851c56cc,SAMMS-Montgomery
202608200219258716,202608200029239127,202608200029237018,85,3413,Bronze INV,br_ReAssessmentLegal,TASK_COMPLETE,FAILED,ERROR,516,516,1,SaveReAssessmentLegal Bronze ForEach failed,2026-08-20T00:29:28.539Z,2026-08-20T02:40:07.937Z,7839,2026-08-20T02:40:07.937Z,B75,Lawrence,2e0eb052-bb28-45b1-894f-8dc0851c56cc,SAMMS-LawrenceV6
202608200219258717,202608200029239128,202608200029237018,85,3414,Bronze INV,br_ReAssessmentLegal,TASK_COMPLETE,FAILED,ERROR,0,0,1,SaveReAssessmentLegal Bronze ForEach failed,2026-08-20T00:29:28.539Z,2026-08-20T02:40:07.937Z,7839,2026-08-20T02:40:07.937Z,B76,Huntsville OBOT,2e0eb052-bb28-45b1-894f-8dc0851c56cc,SAMMS-Huntsville-OBOT
202608200219258719,202608200029239129,202608200029237018,85,3415,Bronze INV,br_ReAssessmentLegal,TASK_COMPLETE,FAILED,ERROR,0,0,1,SaveReAssessmentLegal Bronze ForEach failed,2026-08-20T00:29:28.539Z,2026-08-20T02:40:07.937Z,7839,2026-08-20T02:40:07.937Z,BAT,Batesville,2e0eb052-bb28-45b1-894f-8dc0851c56cc,SAMMS-Batesville
202608200219258720,202608200029239130,202608200029237018,85,3416,Bronze INV,br_ReAssessmentLegal,TASK_COMPLETE,FAILED,ERROR,460,460,1,SaveReAssessmentLegal Bronze ForEach failed,2026-08-20T00:29:28.539Z,2026-08-20T02:40:07.937Z,7839,2026-08-20T02:40:07.937Z,BG,Bowling Green,2e0eb052-bb28-45b1-894f-8dc0851c56cc,SAMMS-BowlingGreen
202608200219257724,202608200029237228,202608200029237018,85,2037,Bronze INV,br_Bottle,TASK_COMPLETE,FAILED,ERROR,11306,11306,1,SaveBottles Bronze ForEach failed,2026-08-20T00:29:28.539Z,2026-08-20T02:40:07.937Z,7839,2026-08-20T02:40:07.937Z,V10,Longmont,2e0eb052-bb28-45b1-894f-8dc0851c56cc,SAMMS-BoulderV5
202608200219257725,202608200029237229,202608200029237018,85,2038,Bronze INV,br_Bottle,TASK_COMPLETE,FAILED,ERROR,10742,10742,1,SaveBottles Bronze ForEach failed,2026-08-20T00:29:28.539Z,2026-08-20T02:40:07.937Z,7839,2026-08-20T02:40:07.937Z,V10A,Fort Collins,2e0eb052-bb28-45b1-894f-8dc0851c56cc,SAMMS-FortCollinsV5
202608200219257726,202608200029237230,202608200029237018,85,2039,Bronze INV,br_Bottle,TASK_COMPLETE,FAILED,ERROR,21449,21449,1,SaveBottles Bronze ForEach failed,2026-08-20T00:29:28.539Z,2026-08-20T02:40:07.937Z,7839,2026-08-20T02:40:07.937Z,V11,Westminster,2e0eb052-bb28-45b1-894f-8dc0851c56cc,SAMMS-VCPHCS-XI-NorthDenverV5
202608200219257728,202608200029237231,202608200029237018,85,2040,Bronze INV,br_Bottle,TASK_COMPLETE,FAILED,ERROR,26177,26177,1,SaveBottles Bronze ForEach failed,2026-08-20T00:29:28.539Z,2026-08-20T02:40:07.937Z,7839,2026-08-20T02:40:07.937Z,V12,Downtown Denver,2e0eb052-bb28-45b1-894f-8dc0851c56cc,SAMMS-VCPHCS-XII-DowntownDenverV5
202608200219257729,202608200029237232,202608200029237018,85,2041,Bronze INV,br_Bottle,TASK_COMPLETE,FAILED,ERROR,6434,6434,1,SaveBottles Bronze ForEach failed,2026-08-20T00:29:28.539Z,2026-08-20T02:40:07.937Z,7839,2026-08-20T02:40:07.937Z,V12A,Centennial,2e0eb052-bb28-45b1-894f-8dc0851c56cc,SAMMS-CentennialV5
202608200219257730,202608200029237233,202608200029237018,85,2042,Bronze INV,br_Bottle,TASK_COMPLETE,FAILED,ERROR,12731,12731,1,SaveBottles Bronze ForEach failed,2026-08-20T00:29:28.539Z,2026-08-20T02:40:07.937Z,7839,2026-08-20T02:40:07.937Z,V14,Overland Park,2e0eb052-bb28-45b1-894f-8dc0851c56cc,SAMMS-VCPHCS-XIV-BridgewayV5
202608200219257731,202608200029237234,202608200029237018,85,2043,Bronze INV,br_Bottle,TASK_COMPLETE,FAILED,ERROR,14966,14966,1,SaveBottles Bronze ForEach failed,2026-08-20T00:29:28.539Z,2026-08-20T02:40:07.937Z,7839,2026-08-20T02:40:07.937Z,V15,Joplin,2e0eb052-bb28-45b1-894f-8dc0851c56cc,SAMMS-JoplinV5
202608200219257732,202608200029237235,202608200029237018,85,2045,Bronze INV,br_Bottle,TASK_COMPLETE,FAILED,ERROR,7056,7056,1,SaveBottles Bronze ForEach failed,2026-08-20T00:29:28.539Z,2026-08-20T02:40:07.937Z,7839,2026-08-20T02:40:07.937Z,V17,Columbia TN,2e0eb052-bb28-45b1-894f-8dc0851c56cc,SAMMS-ColumbiaTNv5
202608200219257733,202608200029237236,202608200029237018,85,2047,Bronze INV,br_Bottle,TASK_COMPLETE,FAILED,ERROR,38858,38858,1,SaveBottles Bronze ForEach failed,2026-08-20T00:29:28.539Z,2026-08-20T02:40:07.937Z,7839,2026-08-20T02:40:07.937Z,V19,Jackson,2e0eb052-bb28-45b1-894f-8dc0851c56cc,SAMMS-JacksonV5
202608200219257734,202608200029237237,202608200029237018,85,2049,Bronze INV,br_Bottle,TASK_COMPLETE,FAILED,ERROR,50518,50518,1,SaveBottles Bronze ForEach failed,2026-08-20T00:29:28.539Z,2026-08-20T02:40:07.937Z,7839,2026-08-20T02:40:07.937Z,V20,Paris,2e0eb052-bb28-45b1-894f-8dc0851c56cc,SAMMS-ParisV5
202608200219257735,202608200029237238,202608200029237018,85,2050,Bronze INV,br_Bottle,TASK_COMPLETE,FAILED,ERROR,36119,36119,1,SaveBottles Bronze ForEach failed,2026-08-20T00:29:28.539Z,2026-08-20T02:40:07.937Z,7839,2026-08-20T02:40:07.937Z,V21,Memphis North,2e0eb052-bb28-45b1-894f-8dc0851c56cc,SAMMS-RaleighV5
202608200219257737,202608200029237239,202608200029237018,85,2053,Bronze INV,br_Bottle,TASK_COMPLETE,FAILED,ERROR,67535,67535,1,SaveBottles Bronze ForEach failed,2026-08-20T00:29:28.539Z,2026-08-20T02:40:07.937Z,7839,2026-08-20T02:40:07.937Z,V5,West Bank,2e0eb052-bb28-45b1-894f-8dc0851c56cc,SAMMS-NONTCv5
202608200219257738,202608200029237240,202608200029237018,85,2055,Bronze INV,br_Bottle,TASK_COMPLETE,FAILED,ERROR,740,740,1,SaveBottles Bronze ForEach failed,2026-08-20T00:29:28.539Z,2026-08-20T02:40:07.937Z,7839,2026-08-20T02:40:07.937Z,V5B,Houma,2e0eb052-bb28-45b1-894f-8dc0851c56cc,SAMMS-HoumaV6
202608200219257739,202608200029237241,202608200029237018,85,2056,Bronze INV,br_Bottle,TASK_COMPLETE,FAILED,ERROR,39951,39951,1,SaveBottles Bronze ForEach failed,2026-08-20T00:29:28.539Z,2026-08-20T02:40:07.937Z,7839,2026-08-20T02:40:07.937Z,V6,Lake Charles,2e0eb052-bb28-45b1-894f-8dc0851c56cc,SAMMS-LCv5
202608200219257740,202608200029237242,202608200029237018,85,2058,Bronze INV,br_Bottle,TASK_COMPLETE,FAILED,ERROR,41828,41828,1,SaveBottles Bronze ForEach failed,2026-08-20T00:29:28.539Z,2026-08-20T02:40:07.937Z,7839,2026-08-20T02:40:07.937Z,V8,Memphis Midtown,2e0eb052-bb28-45b1-894f-8dc0851c56cc,SAMMS-VCPHCS-VIII-MemphisV5
202608200219257741,202608200029237243,202608200029237018,85,2059,Bronze INV,br_Bottle,TASK_COMPLETE,FAILED,ERROR,86805,86805,1,SaveBottles Bronze ForEach failed,2026-08-20T00:29:28.539Z,2026-08-20T02:40:07.937Z,7839,2026-08-20T02:40:07.937Z,V9,Nashville,2e0eb052-bb28-45b1-894f-8dc0851c56cc,SAMMS-NashvilleV5
202608200219257742,202608200029237244,202608200029237018,85,2060,Bronze INV,br_Bottle,TASK_COMPLETE,FAILED,ERROR,5463,5463,1,SaveBottles Bronze ForEach failed,2026-08-20T00:29:28.539Z,2026-08-20T02:40:07.937Z,7839,2026-08-20T02:40:07.937Z,VBRA,Brainerd,2e0eb052-bb28-45b1-894f-8dc0851c56cc,SAMMS-BrainerdV6
202608200219257743,202608200029237245,202608200029237018,85,2061,Bronze INV,br_Bottle,TASK_COMPLETE,FAILED,ERROR,12586,12586,1,SaveBottles Bronze ForEach failed,2026-08-20T00:29:28.539Z,2026-08-20T02:40:07.937Z,7839,2026-08-20T02:40:07.937Z,VBRP,Brooklyn Park,2e0eb052-bb28-45b1-894f-8dc0851c56cc,SAMMS-BrooklynParkV6
202608200219257745,202608200029237246,202608200029237018,85,2063,Bronze INV,br_Bottle,TASK_COMPLETE,FAILED,ERROR,7066,7066,1,SaveBottles Bronze ForEach failed,2026-08-20T00:29:28.539Z,2026-08-20T02:40:07.937Z,7839,2026-08-20T02:40:07.937Z,VMIN,Minneapolis,2e0eb052-bb28-45b1-894f-8dc0851c56cc,SAMMS-MinneapolisV6
202608200219257746,202608200029237247,202608200029237018,85,2064,Bronze INV,br_Bottle,TASK_COMPLETE,FAILED,ERROR,14830,14830,1,SaveBottles Bronze ForEach failed,2026-08-20T00:29:28.539Z,2026-08-20T02:40:07.937Z,7839,2026-08-20T02:40:07.937Z,VWBY,Woodbury,2e0eb052-bb28-45b1-894f-8dc0851c56cc,SAMMS-WoodburyV6
202608200219257747,202608200029237248,202608200029237018,85,2066,Bronze INV,br_Bottle,TASK_COMPLETE,FAILED,ERROR,6940,6940,1,SaveBottles Bronze ForEach failed,2026-08-20T00:29:28.539Z,2026-08-20T02:40:07.937Z,7839,2026-08-20T02:40:07.937Z,WIL,Wilson,2e0eb052-bb28-45b1-894f-8dc0851c56cc,SAMMS-Wilson
202608200219257848,202608200029337037,202608200029337018,86,8578,Silver INV,sl_Bottle,TASK_COMPLETE,SKIPPED,WARN,0,0,0,Skipped: SaveBottles failed at BR,2026-08-20T00:29:28.539Z,2026-08-20T02:40:07.937Z,7839,2026-08-20T02:40:07.937Z,,,2e0eb052-bb28-45b1-894f-8dc0851c56cc,
202608200219257766,202608200029237019,202608200029237018,85,2070,Bronze INV,br_InvType,TASK_COMPLETE,FAILED,ERROR,7,7,1,SaveInvTypes Bronze ForEach failed,2026-08-20T00:29:28.539Z,2026-08-20T02:40:07.937Z,7839,2026-08-20T02:40:07.937Z,AHK,Ahoskie,2e0eb052-bb28-45b1-894f-8dc0851c56cc,SAMMS-Ahoskie
202608200219257767,202608200029237020,202608200029237018,85,2071,Bronze INV,br_InvType,TASK_COMPLETE,FAILED,ERROR,7,7,1,SaveInvTypes Bronze ForEach failed,2026-08-20T00:29:28.539Z,2026-08-20T02:40:07.937Z,7839,2026-08-20T02:40:07.937Z,B12B,Colorado Springs,2e0eb052-bb28-45b1-894f-8dc0851c56cc,SAMMS-ColoradoSpringsV5
202608200219257768,202608200029237021,202608200029237018,85,2072,Bronze INV,br_InvType,TASK_COMPLETE,FAILED,ERROR,7,7,1,SaveInvTypes Bronze ForEach failed,2026-08-20T00:29:28.539Z,2026-08-20T02:40:07.937Z,7839,2026-08-20T02:40:07.937Z,B24,Paintsville,2e0eb052-bb28-45b1-894f-8dc0851c56cc,SAMMS-PaintsvilleV5
202608200219257770,202608200029237022,202608200029237018,85,2073,Bronze INV,br_InvType,TASK_COMPLETE,FAILED,ERROR,7,7,1,SaveInvTypes Bronze ForEach failed,2026-08-20T00:29:28.539Z,2026-08-20T02:40:07.937Z,7839,2026-08-20T02:40:07.937Z,B25,Pikeville,2e0eb052-bb28-45b1-894f-8dc0851c56cc,SAMMS-PikevilleV5
202608200219257771,202608200029237023,202608200029237018,85,2074,Bronze INV,br_InvType,TASK_COMPLETE,FAILED,ERROR,7,7,1,SaveInvTypes Bronze ForEach failed,2026-08-20T00:29:28.539Z,2026-08-20T02:40:07.937Z,7839,2026-08-20T02:40:07.937Z,B26,Hazard,2e0eb052-bb28-45b1-894f-8dc0851c56cc,SAMMS-HazardV5
202608200219257772,202608200029237024,202608200029237018,85,2075,Bronze INV,br_InvType,TASK_COMPLETE,FAILED,ERROR,7,7,1,SaveInvTypes Bronze ForEach failed,2026-08-20T00:29:28.539Z,2026-08-20T02:40:07.937Z,7839,2026-08-20T02:40:07.937Z,B27,Savannah,2e0eb052-bb28-45b1-894f-8dc0851c56cc,SAMMS-SavannahV6
202608200219257773,202608200029237025,202608200029237018,85,2076,Bronze INV,br_InvType,TASK_COMPLETE,FAILED,ERROR,7,7,1,SaveInvTypes Bronze ForEach failed,2026-08-20T00:29:28.539Z,2026-08-20T02:40:07.937Z,7839,2026-08-20T02:40:07.937Z,B28,West Plains,2e0eb052-bb28-45b1-894f-8dc0851c56cc,SAMMS-WestPlainesV5
202608200219257774,202608200029237026,202608200029237018,85,2077,Bronze INV,br_InvType,TASK_COMPLETE,FAILED,ERROR,7,7,1,SaveInvTypes Bronze ForEach failed,2026-08-20T00:29:28.539Z,2026-08-20T02:40:07.937Z,7839,2026-08-20T02:40:07.937Z,B29,Poplar Bluff,2e0eb052-bb28-45b1-894f-8dc0851c56cc,SAMMS-PoplarBluffV5
202608200219257775,202608200029237027,202608200029237018,85,2078,Bronze INV,br_InvType,TASK_COMPLETE,FAILED,ERROR,7,7,1,SaveInvTypes Bronze ForEach failed,2026-08-20T00:29:28.539Z,2026-08-20T02:40:07.937Z,7839,2026-08-20T02:40:07.937Z,B30,KC North,2e0eb052-bb28-45b1-894f-8dc0851c56cc,SAMMS-KCNv5
202608200219257776,202608200029237028,202608200029237018,85,2079,Bronze INV,br_InvType,TASK_COMPLETE,FAILED,ERROR,7,7,1,SaveInvTypes Bronze ForEach failed,2026-08-20T00:29:28.539Z,2026-08-20T02:40:07.937Z,7839,2026-08-20T02:40:07.937Z,B31,Dyersburg,2e0eb052-bb28-45b1-894f-8dc0851c56cc,SAMMS-DyersburgV5
202608200219257778,202608200029237029,202608200029237018,85,2081,Bronze INV,br_InvType,TASK_COMPLETE,FAILED,ERROR,6,6,1,SaveInvTypes Bronze ForEach failed,2026-08-20T00:29:28.539Z,2026-08-20T02:40:07.937Z,7839,2026-08-20T02:40:07.937Z,B33,Paducah,2e0eb052-bb28-45b1-894f-8dc0851c56cc,SAMMS-Paducah
202608200219257779,202608200029237030,202608200029237018,85,2082,Bronze INV,br_InvType,TASK_COMPLETE,FAILED,ERROR,6,6,1,SaveInvTypes Bronze ForEach failed,2026-08-20T00:29:28.539Z,2026-08-20T02:40:07.937Z,7839,2026-08-20T02:40:07.937Z,B34,Corbin,2e0eb052-bb28-45b1-894f-8dc0851c56cc,SAMMS-CorbinV5
202608200219257780,202608200029237031,202608200029237018,85,2083,Bronze INV,br_InvType,TASK_COMPLETE,FAILED,ERROR,8,8,1,SaveInvTypes Bronze ForEach failed,2026-08-20T00:29:28.539Z,2026-08-20T02:40:07.937Z,7839,2026-08-20T02:40:07.937Z,B35,Lexington,2e0eb052-bb28-45b1-894f-8dc0851c56cc,SAMMS-LexingtonV5
202608200219257781,202608200029237032,202608200029237018,85,2084,Bronze INV,br_InvType,TASK_COMPLETE,FAILED,ERROR,8,8,1,SaveInvTypes Bronze ForEach failed,2026-08-20T00:29:28.539Z,2026-08-20T02:40:07.937Z,7839,2026-08-20T02:40:07.937Z,B35A,Berea,2e0eb052-bb28-45b1-894f-8dc0851c56cc,SAMMS-BereaV5
202608200219257782,202608200029237033,202608200029237018,85,2085,Bronze INV,br_InvType,TASK_COMPLETE,FAILED,ERROR,5,5,1,SaveInvTypes Bronze ForEach failed,2026-08-20T00:29:28.539Z,2026-08-20T02:40:07.937Z,7839,2026-08-20T02:40:07.937Z,B36,Asheville,2e0eb052-bb28-45b1-894f-8dc0851c56cc,SAMMS-AshevilleV5
202608200219257783,202608200029237034,202608200029237018,85,2086,Bronze INV,br_InvType,TASK_COMPLETE,FAILED,ERROR,6,6,1,SaveInvTypes Bronze ForEach failed,2026-08-20T00:29:28.539Z,2026-08-20T02:40:07.937Z,7839,2026-08-20T02:40:07.937Z,B37,Clyde,2e0eb052-bb28-45b1-894f-8dc0851c56cc,SAMMS-ClydeV5
202608200219256226,202608200029237705,202608200029237018,85,2618,Bronze INV,br_LabResultDetail,TASK_COMPLETE,FAILED,ERROR,8638,8638,1,BulkDartsSrvLoader Bronze ForEach failed,2026-08-20T00:29:28.539Z,2026-08-20T02:40:07.937Z,7839,2026-08-20T02:40:07.937Z,WIL,Wilson,2e0eb052-bb28-45b1-894f-8dc0851c56cc,SAMMS-Wilson
202608200219256328,202608200029337041,202608200029337018,86,8582,Silver INV,sl_LABResultDetail,TASK_COMPLETE,SKIPPED,WARN,0,0,0,Skipped: BulkDartsSrvLoader failed at BR,2026-08-20T00:29:28.539Z,2026-08-20T02:40:07.937Z,7839,2026-08-20T02:40:07.937Z,,,2e0eb052-bb28-45b1-894f-8dc0851c56cc,
202608200219256256,202608200029237706,202608200029237018,85,230,Bronze INV,br_AdmissionAssessment,TASK_COMPLETE,FAILED,ERROR,4,4,1,SaveAdmissionAssessment Bronze ForEach failed,2026-08-20T00:29:28.539Z,2026-08-20T02:40:07.937Z,7839,2026-08-20T02:40:07.937Z,AHK,Ahoskie,2e0eb052-bb28-45b1-894f-8dc0851c56cc,SAMMS-Ahoskie
202608200219256257,202608200029237822,202608200029237018,85,231,Bronze INV,br_AdmissionAssessment,TASK_COMPLETE,FAILED,ERROR,19,19,1,SaveAdmissionAssessment Bronze ForEach failed,2026-08-20T00:29:28.539Z,2026-08-20T02:40:07.937Z,7839,2026-08-20T02:40:07.937Z,B12B,Colorado Springs,2e0eb052-bb28-45b1-894f-8dc0851c56cc,SAMMS-ColoradoSpringsV5
202608200219256258,202608200029237823,202608200029237018,85,232,Bronze INV,br_AdmissionAssessment,TASK_COMPLETE,FAILED,ERROR,0,0,1,SaveAdmissionAssessment Bronze ForEach failed,2026-08-20T00:29:28.539Z,2026-08-20T02:40:07.937Z,7839,2026-08-20T02:40:07.937Z,B24,Paintsville,2e0eb052-bb28-45b1-894f-8dc0851c56cc,SAMMS-PaintsvilleV5
202608200219256259,202608200029237824,202608200029237018,85,233,Bronze INV,br_AdmissionAssessment,TASK_COMPLETE,FAILED,ERROR,0,0,1,SaveAdmissionAssessment Bronze ForEach failed,2026-08-20T00:29:28.539Z,2026-08-20T02:40:07.937Z,7839,2026-08-20T02:40:07.937Z,B25,Pikeville,2e0eb052-bb28-45b1-894f-8dc0851c56cc,SAMMS-PikevilleV5
202608200219256261,202608200029237825,202608200029237018,85,234,Bronze INV,br_AdmissionAssessment,TASK_COMPLETE,FAILED,ERROR,0,0,1,SaveAdmissionAssessment Bronze ForEach failed,2026-08-20T00:29:28.539Z,2026-08-20T02:40:07.937Z,7839,2026-08-20T02:40:07.937Z,B26,Hazard,2e0eb052-bb28-45b1-894f-8dc0851c56cc,SAMMS-HazardV5
202608200219256262,202608200029237826,202608200029237018,85,235,Bronze INV,br_AdmissionAssessment,TASK_COMPLETE,FAILED,ERROR,2,2,1,SaveAdmissionAssessment Bronze ForEach failed,2026-08-20T00:29:28.539Z,2026-08-20T02:40:07.937Z,7839,2026-08-20T02:40:07.937Z,B27,Savannah,2e0eb052-bb28-45b1-894f-8dc0851c56cc,SAMMS-SavannahV6
202608200219256263,202608200029237827,202608200029237018,85,236,Bronze INV,br_AdmissionAssessment,TASK_COMPLETE,FAILED,ERROR,16,16,1,SaveAdmissionAssessment Bronze ForEach failed,2026-08-20T00:29:28.539Z,2026-08-20T02:40:07.937Z,7839,2026-08-20T02:40:07.937Z,B28,West Plains,2e0eb052-bb28-45b1-894f-8dc0851c56cc,SAMMS-WestPlainesV5
202608200219256264,202608200029237828,202608200029237018,85,237,Bronze INV,br_AdmissionAssessment,TASK_COMPLETE,FAILED,ERROR,10,10,1,SaveAdmissionAssessment Bronze ForEach failed,2026-08-20T00:29:28.539Z,2026-08-20T02:40:07.937Z,7839,2026-08-20T02:40:07.937Z,B29,Poplar Bluff,2e0eb052-bb28-45b1-894f-8dc0851c56cc,SAMMS-PoplarBluffV5
202608200219256265,202608200029237829,202608200029237018,85,238,Bronze INV,br_AdmissionAssessment,TASK_COMPLETE,FAILED,ERROR,6,6,1,SaveAdmissionAssessment Bronze ForEach failed,2026-08-20T00:29:28.539Z,2026-08-20T02:40:07.937Z,7839,2026-08-20T02:40:07.937Z,B30,KC North,2e0eb052-bb28-45b1-894f-8dc0851c56cc,SAMMS-KCNv5
202608200219256266,202608200029237830,202608200029237018,85,239,Bronze INV,br_AdmissionAssessment,TASK_COMPLETE,FAILED,ERROR,10,10,1,SaveAdmissionAssessment Bronze ForEach failed,2026-08-20T00:29:28.539Z,2026-08-20T02:40:07.937Z,7839,2026-08-20T02:40:07.937Z,B31,Dyersburg,2e0eb052-bb28-45b1-894f-8dc0851c56cc,SAMMS-DyersburgV5
202608200219256268,202608200029237831,202608200029237018,85,241,Bronze INV,br_AdmissionAssessment,TASK_COMPLETE,FAILED,ERROR,0,0,1,SaveAdmissionAssessment Bronze ForEach failed,2026-08-20T00:29:28.539Z,2026-08-20T02:40:07.937Z,7839,2026-08-20T02:40:07.937Z,B33,Paducah,2e0eb052-bb28-45b1-894f-8dc0851c56cc,SAMMS-Paducah
202608200219256269,202608200029237832,202608200029237018,85,242,Bronze INV,br_AdmissionAssessment,TASK_COMPLETE,FAILED,ERROR,0,0,1,SaveAdmissionAssessment Bronze ForEach failed,2026-08-20T00:29:28.539Z,2026-08-20T02:40:07.937Z,7839,2026-08-20T02:40:07.937Z,B34,Corbin,2e0eb052-bb28-45b1-894f-8dc0851c56cc,SAMMS-CorbinV5
202608200219256270,202608200029237833,202608200029237018,85,243,Bronze INV,br_AdmissionAssessment,TASK_COMPLETE,FAILED,ERROR,0,0,1,SaveAdmissionAssessment Bronze ForEach failed,2026-08-20T00:29:28.539Z,2026-08-20T02:40:07.937Z,7839,2026-08-20T02:40:07.937Z,B35,Lexington,2e0eb052-bb28-45b1-894f-8dc0851c56cc,SAMMS-LexingtonV5
202608200219256271,202608200029237834,202608200029237018,85,244,Bronze INV,br_AdmissionAssessment,TASK_COMPLETE,FAILED,ERROR,0,0,1,SaveAdmissionAssessment Bronze ForEach failed,2026-08-20T00:29:28.539Z,2026-08-20T02:40:07.937Z,7839,2026-08-20T02:40:07.937Z,B35A,Berea,2e0eb052-bb28-45b1-894f-8dc0851c56cc,SAMMS-BereaV5
202608200219256272,202608200029237835,202608200029237018,85,245,Bronze INV,br_AdmissionAssessment,TASK_COMPLETE,FAILED,ERROR,12,12,1,SaveAdmissionAssessment Bronze ForEach failed,2026-08-20T00:29:28.539Z,2026-08-20T02:40:07.937Z,7839,2026-08-20T02:40:07.937Z,B36,Asheville,2e0eb052-bb28-45b1-894f-8dc0851c56cc,SAMMS-AshevilleV5
202608200219256273,202608200029237836,202608200029237018,85,246,Bronze INV,br_AdmissionAssessment,TASK_COMPLETE,FAILED,ERROR,6,6,1,SaveAdmissionAssessment Bronze ForEach failed,2026-08-20T00:29:28.539Z,2026-08-20T02:40:07.937Z,7839,2026-08-20T02:40:07.937Z,B37,Clyde,2e0eb052-bb28-45b1-894f-8dc0851c56cc,SAMMS-ClydeV5
202608200219256275,202608200029237837,202608200029237018,85,247,Bronze INV,br_AdmissionAssessment,TASK_COMPLETE,FAILED,ERROR,10,10,1,SaveAdmissionAssessment Bronze ForEach failed,2026-08-20T00:29:28.539Z,2026-08-20T02:40:07.937Z,7839,2026-08-20T02:40:07.937Z,B38,Spartanburg,2e0eb052-bb28-45b1-894f-8dc0851c56cc,SAMMS-SpartanburgV5
202608200219256276,202608200029237838,202608200029237018,85,248,Bronze INV,br_AdmissionAssessment,TASK_COMPLETE,FAILED,ERROR,3,3,1,SaveAdmissionAssessment Bronze ForEach failed,2026-08-20T00:29:28.539Z,2026-08-20T02:40:07.937Z,7839,2026-08-20T02:40:07.937Z,B39,Aiken,2e0eb052-bb28-45b1-894f-8dc0851c56cc,SAMMS-AikenV5
202608200219256277,202608200029237839,202608200029237018,85,249,Bronze INV,br_AdmissionAssessment,TASK_COMPLETE,FAILED,ERROR,0,0,1,SaveAdmissionAssessment Bronze ForEach failed,2026-08-20T00:29:28.539Z,2026-08-20T02:40:07.937Z,7839,2026-08-20T02:40:07.937Z,B41,Chesapeake,2e0eb052-bb28-45b1-894f-8dc0851c56cc,SAMMS-ChesapeakeV5
202608200219256289,202608200029237840,202608200029237018,85,250,Bronze INV,br_AdmissionAssessment,TASK_COMPLETE,FAILED,ERROR,0,0,1,SaveAdmissionAssessment Bronze ForEach failed,2026-08-20T00:29:28.539Z,2026-08-20T02:40:07.937Z,7839,2026-08-20T02:40:07.937Z,B42,Virginia Beach,2e0eb052-bb28-45b1-894f-8dc0851c56cc,SAMMS-VirginiaBeachV5
202608200219256291,202608200029237841,202608200029237018,85,251,Bronze INV,br_AdmissionAssessment,TASK_COMPLETE,FAILED,ERROR,0,0,1,SaveAdmissionAssessment Bronze ForEach failed,2026-08-20T00:29:28.539Z,2026-08-20T02:40:07.937Z,7839,2026-08-20T02:40:07.937Z,B42A,Newport News,2e0eb052-bb28-45b1-894f-8dc0851c56cc,SAMMS-NewportNewsV5
202608200219256292,202608200029237842,202608200029237018,85,252,Bronze INV,br_AdmissionAssessment,TASK_COMPLETE,FAILED,ERROR,0,0,1,SaveAdmissionAssessment Bronze ForEach failed,2026-08-20T00:29:28.539Z,2026-08-20T02:40:07.937Z,7839,2026-08-20T02:40:07.937Z,B42B,Franklin,2e0eb052-bb28-45b1-894f-8dc0851c56cc,SAMMS-FranklinV5
202608200219256293,202608200029237843,202608200029237018,85,253,Bronze INV,br_AdmissionAssessment,TASK_COMPLETE,FAILED,ERROR,0,0,1,SaveAdmissionAssessment Bronze ForEach failed,2026-08-20T00:29:28.539Z,2026-08-20T02:40:07.937Z,7839,2026-08-20T02:40:07.937Z,B42C,Glen Allen,2e0eb052-bb28-45b1-894f-8dc0851c56cc,SAMMS-GlenAllenV5
202608200219256294,202608200029237844,202608200029237018,85,254,Bronze INV,br_AdmissionAssessment,TASK_COMPLETE,FAILED,ERROR,1,1,1,SaveAdmissionAssessment Bronze ForEach failed,2026-08-20T00:29:28.539Z,2026-08-20T02:40:07.937Z,7839,2026-08-20T02:40:07.937Z,B42D,Chesapeake South,2e0eb052-bb28-45b1-894f-8dc0851c56cc,SAMMS-ChesapeakeSouthV5
202608200219256296,202608200029237845,202608200029237018,85,255,Bronze INV,br_AdmissionAssessment,TASK_COMPLETE,FAILED,ERROR,6,6,1,SaveAdmissionAssessment Bronze ForEach failed,2026-08-20T00:29:28.539Z,2026-08-20T02:40:07.937Z,7839,2026-08-20T02:40:07.937Z,B44,Albany,2e0eb052-bb28-45b1-894f-8dc0851c56cc,SAMMS-AlbanyV5
202608200219256297,202608200029237846,202608200029237018,85,256,Bronze INV,br_AdmissionAssessment,TASK_COMPLETE,FAILED,ERROR,8,8,1,SaveAdmissionAssessment Bronze ForEach failed,2026-08-20T00:29:28.539Z,2026-08-20T02:40:07.937Z,7839,2026-08-20T02:40:07.937Z,B45,Tifton,2e0eb052-bb28-45b1-894f-8dc0851c56cc,SAMMS-TiftonV5
202608200219256298,202608200029237847,202608200029237018,85,257,Bronze INV,br_AdmissionAssessment,TASK_COMPLETE,FAILED,ERROR,33,33,1,SaveAdmissionAssessment Bronze ForEach failed,2026-08-20T00:29:28.539Z,2026-08-20T02:40:07.937Z,7839,2026-08-20T02:40:07.937Z,B46,Washington DC,2e0eb052-bb28-45b1-894f-8dc0851c56cc,SAMMS-WashingtonDCv5
202608200219256299,202608200029237848,202608200029237018,85,258,Bronze INV,br_AdmissionAssessment,TASK_COMPLETE,FAILED,ERROR,3,3,1,SaveAdmissionAssessment Bronze ForEach failed,2026-08-20T00:29:28.539Z,2026-08-20T02:40:07.937Z,7839,2026-08-20T02:40:07.937Z,B47,Mobile,2e0eb052-bb28-45b1-894f-8dc0851c56cc,SAMMS-MobileV5
202608200219256300,202608200029237849,202608200029237018,85,259,Bronze INV,br_AdmissionAssessment,TASK_COMPLETE,FAILED,ERROR,14,14,1,SaveAdmissionAssessment Bronze ForEach failed,2026-08-20T00:29:28.539Z,2026-08-20T02:40:07.937Z,7839,2026-08-20T02:40:07.937Z,B48,Tuscaloosa,2e0eb052-bb28-45b1-894f-8dc0851c56cc,SAMMS-TuscaloosaV5
202608200219256301,202608200029237850,202608200029237018,85,268,Bronze INV,br_AdmissionAssessment,TASK_COMPLETE,FAILED,ERROR,9,9,1,SaveAdmissionAssessment Bronze ForEach failed,2026-08-20T00:29:28.539Z,2026-08-20T02:40:07.937Z,7839,2026-08-20T02:40:07.937Z,B51,N. Little Rock (OTP),2e0eb052-bb28-45b1-894f-8dc0851c56cc,SAMMS-NorthLittleRockV6
202608200219256302,202608200029237851,202608200029237018,85,269,Bronze INV,br_AdmissionAssessment,TASK_COMPLETE,FAILED,ERROR,8,8,1,SaveAdmissionAssessment Bronze ForEach failed,2026-08-20T00:29:28.539Z,2026-08-20T02:40:07.937Z,7839,2026-08-20T02:40:07.937Z,B52,Jackson GA,2e0eb052-bb28-45b1-894f-8dc0851c56cc,SAMMS-JacksonGAV5
202608200219256303,202608200029237852,202608200029237018,85,270,Bronze INV,br_AdmissionAssessment,TASK_COMPLETE,FAILED,ERROR,20,20,1,SaveAdmissionAssessment Bronze ForEach failed,2026-08-20T00:29:28.539Z,2026-08-20T02:40:07.937Z,7839,2026-08-20T02:40:07.937Z,B54,Gadsden,2e0eb052-bb28-45b1-894f-8dc0851c56cc,SAMMS-GadsdenV5
202608200219256305,202608200029237853,202608200029237018,85,271,Bronze INV,br_AdmissionAssessment,TASK_COMPLETE,FAILED,ERROR,10,10,1,SaveAdmissionAssessment Bronze ForEach failed,2026-08-20T00:29:28.539Z,2026-08-20T02:40:07.937Z,7839,2026-08-20T02:40:07.937Z,B55,Shoals,2e0eb052-bb28-45b1-894f-8dc0851c56cc,SAMMS-ShoalsV5
202608200219256306,202608200029237854,202608200029237018,85,272,Bronze INV,br_AdmissionAssessment,TASK_COMPLETE,FAILED,ERROR,1,1,1,SaveAdmissionAssessment Bronze ForEach failed,2026-08-20T00:29:28.539Z,2026-08-20T02:40:07.937Z,7839,2026-08-20T02:40:07.937Z,B57,Pawtucket,2e0eb052-bb28-45b1-894f-8dc0851c56cc,SAMMS-Pawtucket
202608200219256307,202608200029237855,202608200029237018,85,273,Bronze INV,br_AdmissionAssessment,TASK_COMPLETE,FAILED,ERROR,5,5,1,SaveAdmissionAssessment Bronze ForEach failed,2026-08-20T00:29:28.539Z,2026-08-20T02:40:07.937Z,7839,2026-08-20T02:40:07.937Z,B57A,Johnston,2e0eb052-bb28-45b1-894f-8dc0851c56cc,SAMMS-Johnston
202608200219256308,202608200029237856,202608200029237018,85,274,Bronze INV,br_AdmissionAssessment,TASK_COMPLETE,FAILED,ERROR,3,3,1,SaveAdmissionAssessment Bronze ForEach failed,2026-08-20T00:29:28.539Z,2026-08-20T02:40:07.937Z,7839,2026-08-20T02:40:07.937Z,B57B,Middletown,2e0eb052-bb28-45b1-894f-8dc0851c56cc,SAMMS-Middletown
202608241448407067,202608241408172798,202608241408171802,88,5665,P1 Reference Preadmission Referral Source Bronze - HS,br_samms_preadmission_referral_source,TASK_COMPLETE,FAILED,ERROR,0,0,1,SavePreAdminReferrals Bronze ForEach failed,2026-08-24T14:08:21.733Z,2026-08-24T15:03:37.584Z,3316,2026-08-24T15:03:37.584Z,HS,HotSprings,6c7532c9-dcb1-40a3-beaa-690039713dec,SAMMS-HotSprings
202608241448407068,202608241408172799,202608241408171802,88,5666,P1 Reference Preadmission Referral Source Bronze - JON,br_samms_preadmission_referral_source,TASK_COMPLETE,FAILED,ERROR,0,0,1,SavePreAdminReferrals Bronze ForEach failed,2026-08-24T14:08:21.733Z,2026-08-24T15:03:37.584Z,3316,2026-08-24T15:03:37.584Z,JON,Jonesboro,6c7532c9-dcb1-40a3-beaa-690039713dec,SAMMS-Jonesboro
202608241448407070,202608241408172800,202608241408171802,88,5667,P1 Reference Preadmission Referral Source Bronze - LAN,br_samms_preadmission_referral_source,TASK_COMPLETE,FAILED,ERROR,0,0,1,SavePreAdminReferrals Bronze ForEach failed,2026-08-24T14:08:21.733Z,2026-08-24T15:03:37.584Z,3316,2026-08-24T15:03:37.584Z,LAN,Lansing,6c7532c9-dcb1-40a3-beaa-690039713dec,SAMMS-Lansing
202608241448407072,202608241408172801,202608241408171802,88,5668,P1 Reference Preadmission Referral Source Bronze - LO,br_samms_preadmission_referral_source,TASK_COMPLETE,FAILED,ERROR,0,0,1,SavePreAdminReferrals Bronze ForEach failed,2026-08-24T14:08:21.733Z,2026-08-24T15:03:37.584Z,3316,2026-08-24T15:03:37.584Z,LO,Louisville,6c7532c9-dcb1-40a3-beaa-690039713dec,SAMMS-Louisville
202608241448407074,202608241408172802,202608241408171802,88,5669,P1 Reference Preadmission Referral Source Bronze - LV1,br_samms_preadmission_referral_source,TASK_COMPLETE,FAILED,ERROR,0,0,1,SavePreAdminReferrals Bronze ForEach failed,2026-08-24T14:08:21.733Z,2026-08-24T15:03:37.584Z,3316,2026-08-24T15:03:37.584Z,LV1,Cheyenne,6c7532c9-dcb1-40a3-beaa-690039713dec,SAMMS-Cheyenne
202608241448407075,202608241408172803,202608241408171802,88,5670,P1 Reference Preadmission Referral Source Bronze - LV2,br_samms_preadmission_referral_source,TASK_COMPLETE,FAILED,ERROR,0,0,1,SavePreAdminReferrals Bronze ForEach failed,2026-08-24T14:08:21.733Z,2026-08-24T15:03:37.584Z,3316,2026-08-24T15:03:37.584Z,LV2,DesertInn,6c7532c9-dcb1-40a3-beaa-690039713dec,SAMMS-DesertInn
202608241448407077,202608241408172804,202608241408171802,88,5671,P1 Reference Preadmission Referral Source Bronze - LV3,br_samms_preadmission_referral_source,TASK_COMPLETE,FAILED,ERROR,0,0,1,SavePreAdminReferrals Bronze ForEach failed,2026-08-24T14:08:21.733Z,2026-08-24T15:03:37.584Z,3316,2026-08-24T15:03:37.584Z,LV3,McDaniel,6c7532c9-dcb1-40a3-beaa-690039713dec,SAMMS-McDaniel
202608241448407079,202608241408172805,202608241408171802,88,5672,P1 Reference Preadmission Referral Source Bronze - MNRE,br_samms_preadmission_referral_source,TASK_COMPLETE,FAILED,ERROR,0,0,1,SavePreAdminReferrals Bronze ForEach failed,2026-08-24T14:08:21.733Z,2026-08-24T15:03:37.584Z,3316,2026-08-24T15:03:37.584Z,MNRE,Monroe,6c7532c9-dcb1-40a3-beaa-690039713dec,SAMMS-Monroe
202608241448407080,202608241408172806,202608241408171802,88,5673,P1 Reference Preadmission Referral Source Bronze - MP,br_samms_preadmission_referral_source,TASK_COMPLETE,FAILED,ERROR,0,0,1,SavePreAdminReferrals Bronze ForEach failed,2026-08-24T14:08:21.733Z,2026-08-24T15:03:37.584Z,3316,2026-08-24T15:03:37.584Z,MP,MtPleasant,6c7532c9-dcb1-40a3-beaa-690039713dec,SAMMS-MtPleasant
202608241448407082,202608241408172807,202608241408171802,88,5674,P1 Reference Preadmission Referral Source Bronze - MRD,br_samms_preadmission_referral_source,TASK_COMPLETE,FAILED,ERROR,0,0,1,SavePreAdminReferrals Bronze ForEach failed,2026-08-24T14:08:21.733Z,2026-08-24T15:03:37.584Z,3316,2026-08-24T15:03:37.584Z,MRD,Meridian,6c7532c9-dcb1-40a3-beaa-690039713dec,SAMMS-Meridian
202608241448407084,202608241408172808,202608241408171802,88,5675,P1 Reference Preadmission Referral Source Bronze - NC,br_samms_preadmission_referral_source,TASK_COMPLETE,FAILED,ERROR,0,0,1,SavePreAdminReferrals Bronze ForEach failed,2026-08-24T14:08:21.733Z,2026-08-24T15:03:37.584Z,3316,2026-08-24T15:03:37.584Z,NC,NorthCharleston,6c7532c9-dcb1-40a3-beaa-690039713dec,SAMMS-NorthCharleston
202608241448407085,202608241408172809,202608241408171802,88,5676,P1 Reference Preadmission Referral Source Bronze - NLR,br_samms_preadmission_referral_source,TASK_COMPLETE,FAILED,ERROR,0,0,1,SavePreAdminReferrals Bronze ForEach failed,2026-08-24T14:08:21.733Z,2026-08-24T15:03:37.584Z,3316,2026-08-24T15:03:37.584Z,NLR,NLROBOT,6c7532c9-dcb1-40a3-beaa-690039713dec,SAMMS-NLROBOT
202608241448407087,202608241408172810,202608241408171802,88,5677,P1 Reference Preadmission Referral Source Bronze - PH,br_samms_preadmission_referral_source,TASK_COMPLETE,FAILED,ERROR,0,0,1,SavePreAdminReferrals Bronze ForEach failed,2026-08-24T14:08:21.733Z,2026-08-24T15:03:37.584Z,3316,2026-08-24T15:03:37.584Z,PH,Phoenix,6c7532c9-dcb1-40a3-beaa-690039713dec,SAMMS-Phoenix
202608241448407089,202608241408172811,202608241408171802,88,5678,P1 Reference Preadmission Referral Source Bronze - RE,br_samms_preadmission_referral_source,TASK_COMPLETE,FAILED,ERROR,0,0,1,SavePreAdminReferrals Bronze ForEach failed,2026-08-24T14:08:21.733Z,2026-08-24T15:03:37.584Z,3316,2026-08-24T15:03:37.584Z,RE,Reno,6c7532c9-dcb1-40a3-beaa-690039713dec,SAMMS-Reno
202608241448407091,202608241408172812,202608241408171802,88,5679,P1 Reference Preadmission Referral Source Bronze - RMD,br_samms_preadmission_referral_source,TASK_COMPLETE,FAILED,ERROR,0,0,1,SavePreAdminReferrals Bronze ForEach failed,2026-08-24T14:08:21.733Z,2026-08-24T15:03:37.584Z,3316,2026-08-24T15:03:37.584Z,RMD,Richmond,6c7532c9-dcb1-40a3-beaa-690039713dec,SAMMS-Richmond
202608241448407093,202608241408172813,202608241408171802,88,5680,P1 Reference Preadmission Referral Source Bronze - SFN,br_samms_preadmission_referral_source,TASK_COMPLETE,FAILED,ERROR,0,0,1,SavePreAdminReferrals Bronze ForEach failed,2026-08-24T14:08:21.733Z,2026-08-24T15:03:37.584Z,3316,2026-08-24T15:03:37.584Z,SFN,SFN,6c7532c9-dcb1-40a3-beaa-690039713dec,SAMMS-SFNv5
202608241448407094,202608241408172814,202608241408171802,88,5681,P1 Reference Preadmission Referral Source Bronze - SHP,br_samms_preadmission_referral_source,TASK_COMPLETE,FAILED,ERROR,0,0,1,SavePreAdminReferrals Bronze ForEach failed,2026-08-24T14:08:21.733Z,2026-08-24T15:03:37.584Z,3316,2026-08-24T15:03:37.584Z,SHP,Shreveport,6c7532c9-dcb1-40a3-beaa-690039713dec,SAMMS-Shreveport
202608241448407096,202608241408172815,202608241408171802,88,5682,P1 Reference Preadmission Referral Source Bronze - STN,br_samms_preadmission_referral_source,TASK_COMPLETE,FAILED,ERROR,0,0,1,SavePreAdminReferrals Bronze ForEach failed,2026-08-24T14:08:21.733Z,2026-08-24T15:03:37.584Z,3316,2026-08-24T15:03:37.584Z,STN,Staunton,6c7532c9-dcb1-40a3-beaa-690039713dec,SAMMS-Staunton
202608241448407098,202608241408172816,202608241408171802,88,5683,P1 Reference Preadmission Referral Source Bronze - STVN,br_samms_preadmission_referral_source,TASK_COMPLETE,FAILED,ERROR,0,0,1,SavePreAdminReferrals Bronze ForEach failed,2026-08-24T14:08:21.733Z,2026-08-24T15:03:37.584Z,3316,2026-08-24T15:03:37.584Z,STVN,Stevenson,6c7532c9-dcb1-40a3-beaa-690039713dec,SAMMS-Stevenson
202608241448407100,202608241408172817,202608241408171802,88,5684,P1 Reference Preadmission Referral Source Bronze - TE,br_samms_preadmission_referral_source,TASK_COMPLETE,FAILED,ERROR,0,0,1,SavePreAdminReferrals Bronze ForEach failed,2026-08-24T14:08:21.733Z,2026-08-24T15:03:37.584Z,3316,2026-08-24T15:03:37.584Z,TE,Tempe,6c7532c9-dcb1-40a3-beaa-690039713dec,SAMMS-Tempe
202608241448407102,202608241408172818,202608241408171802,88,5685,P1 Reference Preadmission Referral Source Bronze - TEX,br_samms_preadmission_referral_source,TASK_COMPLETE,FAILED,ERROR,0,0,1,SavePreAdminReferrals Bronze ForEach failed,2026-08-24T14:08:21.733Z,2026-08-24T15:03:37.584Z,3316,2026-08-24T15:03:37.584Z,TEX,Texarkana,6c7532c9-dcb1-40a3-beaa-690039713dec,SAMMS-Texarkana
202608241448407104,202608241408172819,202608241408171802,88,5686,P1 Reference Preadmission Referral Source Bronze - TTCA,br_samms_preadmission_referral_source,TASK_COMPLETE,FAILED,ERROR,0,0,1,SavePreAdminReferrals Bronze ForEach failed,2026-08-24T14:08:21.733Z,2026-08-24T15:03:37.584Z,3316,2026-08-24T15:03:37.584Z,TTCA,Bessemer,6c7532c9-dcb1-40a3-beaa-690039713dec,SAMMS-BessemerV5
202608241448407105,202608241408172820,202608241408171802,88,5687,P1 Reference Preadmission Referral Source Bronze - TTCB,br_samms_preadmission_referral_source,TASK_COMPLETE,FAILED,ERROR,0,0,1,SavePreAdminReferrals Bronze ForEach failed,2026-08-24T14:08:21.733Z,2026-08-24T15:03:37.584Z,3316,2026-08-24T15:03:37.584Z,TTCB,Cullman,6c7532c9-dcb1-40a3-beaa-690039713dec,SAMMS-CullmanV5
202608241448407107,202608241408172821,202608241408171802,88,5688,P1 Reference Preadmission Referral Source Bronze - TTCC,br_samms_preadmission_referral_source,TASK_COMPLETE,FAILED,ERROR,0,0,1,SavePreAdminReferrals Bronze ForEach failed,2026-08-24T14:08:21.733Z,2026-08-24T15:03:37.584Z,3316,2026-08-24T15:03:37.584Z,TTCC,GrandBay,6c7532c9-dcb1-40a3-beaa-690039713dec,SAMMS-GrandBay
202608241448407109,202608241408172822,202608241408171802,88,5689,P1 Reference Preadmission Referral Source Bronze - TU,br_samms_preadmission_referral_source,TASK_COMPLETE,FAILED,ERROR,0,0,1,SavePreAdminReferrals Bronze ForEach failed,2026-08-24T14:08:21.733Z,2026-08-24T15:03:37.584Z,3316,2026-08-24T15:03:37.584Z,TU,Tucson,6c7532c9-dcb1-40a3-beaa-690039713dec,SAMMS-Tucson
202608241448407111,202608241408172823,202608241408171802,88,5690,P1 Reference Preadmission Referral Source Bronze - V1,br_samms_preadmission_referral_source,TASK_COMPLETE,FAILED,ERROR,0,0,1,SavePreAdminReferrals Bronze ForEach failed,2026-08-24T14:08:21.733Z,2026-08-24T15:03:37.584Z,3316,2026-08-24T15:03:37.584Z,V1,VCPHCS-I-Memphis,6c7532c9-dcb1-40a3-beaa-690039713dec,SAMMS-VCPHCS-I-MemphisV5
202608241448407113,202608241408172824,202608241408171802,88,5691,P1 Reference Preadmission Referral Source Bronze - V10,br_samms_preadmission_referral_source,TASK_COMPLETE,FAILED,ERROR,0,0,1,SavePreAdminReferrals Bronze ForEach failed,2026-08-24T14:08:21.733Z,2026-08-24T15:03:37.584Z,3316,2026-08-24T15:03:37.584Z,V10,Boulder,6c7532c9-dcb1-40a3-beaa-690039713dec,SAMMS-BoulderV5
202608241448407115,202608241408172825,202608241408171802,88,5692,P1 Reference Preadmission Referral Source Bronze - V10A,br_samms_preadmission_referral_source,TASK_COMPLETE,FAILED,ERROR,0,0,1,SavePreAdminReferrals Bronze ForEach failed,2026-08-24T14:08:21.733Z,2026-08-24T15:03:37.584Z,3316,2026-08-24T15:03:37.584Z,V10A,FortCollins,6c7532c9-dcb1-40a3-beaa-690039713dec,SAMMS-FortCollinsV5
202608241333251228,202608241253387612,202608241253386616,88,5665,P1 Reference Preadmission Referral Source Bronze - HS,br_samms_preadmission_referral_source,TASK_COMPLETE,FAILED,ERROR,0,0,1,SavePreAdminReferrals Bronze ForEach failed,2026-08-24T12:53:42.369Z,2026-08-24T13:42:52.652Z,2950,2026-08-24T13:42:52.652Z,HS,HotSprings,8f1806c1-b1f2-4ac5-b25b-086fec51b8fb,SAMMS-HotSprings
202608241333251230,202608241253387613,202608241253386616,88,5666,P1 Reference Preadmission Referral Source Bronze - JON,br_samms_preadmission_referral_source,TASK_COMPLETE,FAILED,ERROR,0,0,1,SavePreAdminReferrals Bronze ForEach failed,2026-08-24T12:53:42.369Z,2026-08-24T13:42:52.652Z,2950,2026-08-24T13:42:52.652Z,JON,Jonesboro,8f1806c1-b1f2-4ac5-b25b-086fec51b8fb,SAMMS-Jonesboro
202608241333251232,202608241253387614,202608241253386616,88,5667,P1 Reference Preadmission Referral Source Bronze - LAN,br_samms_preadmission_referral_source,TASK_COMPLETE,FAILED,ERROR,0,0,1,SavePreAdminReferrals Bronze ForEach failed,2026-08-24T12:53:42.369Z,2026-08-24T13:42:52.652Z,2950,2026-08-24T13:42:52.652Z,LAN,Lansing,8f1806c1-b1f2-4ac5-b25b-086fec51b8fb,SAMMS-Lansing
202608241333251233,202608241253387615,202608241253386616,88,5668,P1 Reference Preadmission Referral Source Bronze - LO,br_samms_preadmission_referral_source,TASK_COMPLETE,FAILED,ERROR,0,0,1,SavePreAdminReferrals Bronze ForEach failed,2026-08-24T12:53:42.369Z,2026-08-24T13:42:52.652Z,2950,2026-08-24T13:42:52.652Z,LO,Louisville,8f1806c1-b1f2-4ac5-b25b-086fec51b8fb,SAMMS-Louisville
202608241333251235,202608241253387616,202608241253386616,88,5669,P1 Reference Preadmission Referral Source Bronze - LV1,br_samms_preadmission_referral_source,TASK_COMPLETE,FAILED,ERROR,0,0,1,SavePreAdminReferrals Bronze ForEach failed,2026-08-24T12:53:42.369Z,2026-08-24T13:42:52.652Z,2950,2026-08-24T13:42:52.652Z,LV1,Cheyenne,8f1806c1-b1f2-4ac5-b25b-086fec51b8fb,SAMMS-Cheyenne
202608241333251237,202608241253387617,202608241253386616,88,5670,P1 Reference Preadmission Referral Source Bronze - LV2,br_samms_preadmission_referral_source,TASK_COMPLETE,FAILED,ERROR,0,0,1,SavePreAdminReferrals Bronze ForEach failed,2026-08-24T12:53:42.369Z,2026-08-24T13:42:52.652Z,2950,2026-08-24T13:42:52.652Z,LV2,DesertInn,8f1806c1-b1f2-4ac5-b25b-086fec51b8fb,SAMMS-DesertInn
202608241333251238,202608241253387618,202608241253386616,88,5671,P1 Reference Preadmission Referral Source Bronze - LV3,br_samms_preadmission_referral_source,TASK_COMPLETE,FAILED,ERROR,0,0,1,SavePreAdminReferrals Bronze ForEach failed,2026-08-24T12:53:42.369Z,2026-08-24T13:42:52.652Z,2950,2026-08-24T13:42:52.652Z,LV3,McDaniel,8f1806c1-b1f2-4ac5-b25b-086fec51b8fb,SAMMS-McDaniel
202608241333251240,202608241253387619,202608241253386616,88,5672,P1 Reference Preadmission Referral Source Bronze - MNRE,br_samms_preadmission_referral_source,TASK_COMPLETE,FAILED,ERROR,0,0,1,SavePreAdminReferrals Bronze ForEach failed,2026-08-24T12:53:42.369Z,2026-08-24T13:42:52.652Z,2950,2026-08-24T13:42:52.652Z,MNRE,Monroe,8f1806c1-b1f2-4ac5-b25b-086fec51b8fb,SAMMS-Monroe
202608241333251242,202608241253387620,202608241253386616,88,5673,P1 Reference Preadmission Referral Source Bronze - MP,br_samms_preadmission_referral_source,TASK_COMPLETE,FAILED,ERROR,0,0,1,SavePreAdminReferrals Bronze ForEach failed,2026-08-24T12:53:42.369Z,2026-08-24T13:42:52.652Z,2950,2026-08-24T13:42:52.652Z,MP,MtPleasant,8f1806c1-b1f2-4ac5-b25b-086fec51b8fb,SAMMS-MtPleasant
202608241333251244,202608241253387621,202608241253386616,88,5674,P1 Reference Preadmission Referral Source Bronze - MRD,br_samms_preadmission_referral_source,TASK_COMPLETE,FAILED,ERROR,0,0,1,SavePreAdminReferrals Bronze ForEach failed,2026-08-24T12:53:42.369Z,2026-08-24T13:42:52.652Z,2950,2026-08-24T13:42:52.652Z,MRD,Meridian,8f1806c1-b1f2-4ac5-b25b-086fec51b8fb,SAMMS-Meridian
202608241333251245,202608241253387622,202608241253386616,88,5675,P1 Reference Preadmission Referral Source Bronze - NC,br_samms_preadmission_referral_source,TASK_COMPLETE,FAILED,ERROR,0,0,1,SavePreAdminReferrals Bronze ForEach failed,2026-08-24T12:53:42.369Z,2026-08-24T13:42:52.652Z,2950,2026-08-24T13:42:52.652Z,NC,NorthCharleston,8f1806c1-b1f2-4ac5-b25b-086fec51b8fb,SAMMS-NorthCharleston
202608241333251247,202608241253387623,202608241253386616,88,5676,P1 Reference Preadmission Referral Source Bronze - NLR,br_samms_preadmission_referral_source,TASK_COMPLETE,FAILED,ERROR,0,0,1,SavePreAdminReferrals Bronze ForEach failed,2026-08-24T12:53:42.369Z,2026-08-24T13:42:52.652Z,2950,2026-08-24T13:42:52.652Z,NLR,NLROBOT,8f1806c1-b1f2-4ac5-b25b-086fec51b8fb,SAMMS-NLROBOT
202608241333251249,202608241253387624,202608241253386616,88,5677,P1 Reference Preadmission Referral Source Bronze - PH,br_samms_preadmission_referral_source,TASK_COMPLETE,FAILED,ERROR,0,0,1,SavePreAdminReferrals Bronze ForEach failed,2026-08-24T12:53:42.369Z,2026-08-24T13:42:52.652Z,2950,2026-08-24T13:42:52.652Z,PH,Phoenix,8f1806c1-b1f2-4ac5-b25b-086fec51b8fb,SAMMS-Phoenix
202608241333251251,202608241253387625,202608241253386616,88,5678,P1 Reference Preadmission Referral Source Bronze - RE,br_samms_preadmission_referral_source,TASK_COMPLETE,FAILED,ERROR,0,0,1,SavePreAdminReferrals Bronze ForEach failed,2026-08-24T12:53:42.369Z,2026-08-24T13:42:52.652Z,2950,2026-08-24T13:42:52.652Z,RE,Reno,8f1806c1-b1f2-4ac5-b25b-086fec51b8fb,SAMMS-Reno
202608241333251253,202608241253387626,202608241253386616,88,5679,P1 Reference Preadmission Referral Source Bronze - RMD,br_samms_preadmission_referral_source,TASK_COMPLETE,FAILED,ERROR,0,0,1,SavePreAdminReferrals Bronze ForEach failed,2026-08-24T12:53:42.369Z,2026-08-24T13:42:52.652Z,2950,2026-08-24T13:42:52.652Z,RMD,Richmond,8f1806c1-b1f2-4ac5-b25b-086fec51b8fb,SAMMS-Richmond
202608241333251255,202608241253387627,202608241253386616,88,5680,P1 Reference Preadmission Referral Source Bronze - SFN,br_samms_preadmission_referral_source,TASK_COMPLETE,FAILED,ERROR,0,0,1,SavePreAdminReferrals Bronze ForEach failed,2026-08-24T12:53:42.369Z,2026-08-24T13:42:52.652Z,2950,2026-08-24T13:42:52.652Z,SFN,SFN,8f1806c1-b1f2-4ac5-b25b-086fec51b8fb,SAMMS-SFNv5
202608241333251257,202608241253387628,202608241253386616,88,5681,P1 Reference Preadmission Referral Source Bronze - SHP,br_samms_preadmission_referral_source,TASK_COMPLETE,FAILED,ERROR,0,0,1,SavePreAdminReferrals Bronze ForEach failed,2026-08-24T12:53:42.369Z,2026-08-24T13:42:52.652Z,2950,2026-08-24T13:42:52.652Z,SHP,Shreveport,8f1806c1-b1f2-4ac5-b25b-086fec51b8fb,SAMMS-Shreveport
202608241333251258,202608241253387629,202608241253386616,88,5682,P1 Reference Preadmission Referral Source Bronze - STN,br_samms_preadmission_referral_source,TASK_COMPLETE,FAILED,ERROR,0,0,1,SavePreAdminReferrals Bronze ForEach failed,2026-08-24T12:53:42.369Z,2026-08-24T13:42:52.652Z,2950,2026-08-24T13:42:52.652Z,STN,Staunton,8f1806c1-b1f2-4ac5-b25b-086fec51b8fb,SAMMS-Staunton
202608241333251260,202608241253387630,202608241253386616,88,5683,P1 Reference Preadmission Referral Source Bronze - STVN,br_samms_preadmission_referral_source,TASK_COMPLETE,FAILED,ERROR,0,0,1,SavePreAdminReferrals Bronze ForEach failed,2026-08-24T12:53:42.369Z,2026-08-24T13:42:52.652Z,2950,2026-08-24T13:42:52.652Z,STVN,Stevenson,8f1806c1-b1f2-4ac5-b25b-086fec51b8fb,SAMMS-Stevenson
202608241333251262,202608241253387631,202608241253386616,88,5684,P1 Reference Preadmission Referral Source Bronze - TE,br_samms_preadmission_referral_source,TASK_COMPLETE,FAILED,ERROR,0,0,1,SavePreAdminReferrals Bronze ForEach failed,2026-08-24T12:53:42.369Z,2026-08-24T13:42:52.652Z,2950,2026-08-24T13:42:52.652Z,TE,Tempe,8f1806c1-b1f2-4ac5-b25b-086fec51b8fb,SAMMS-Tempe
202608241333251263,202608241253387632,202608241253386616,88,5685,P1 Reference Preadmission Referral Source Bronze - TEX,br_samms_preadmission_referral_source,TASK_COMPLETE,FAILED,ERROR,0,0,1,SavePreAdminReferrals Bronze ForEach failed,2026-08-24T12:53:42.369Z,2026-08-24T13:42:52.652Z,2950,2026-08-24T13:42:52.652Z,TEX,Texarkana,8f1806c1-b1f2-4ac5-b25b-086fec51b8fb,SAMMS-Texarkana
202608241333251265,202608241253387633,202608241253386616,88,5686,P1 Reference Preadmission Referral Source Bronze - TTCA,br_samms_preadmission_referral_source,TASK_COMPLETE,FAILED,ERROR,0,0,1,SavePreAdminReferrals Bronze ForEach failed,2026-08-24T12:53:42.369Z,2026-08-24T13:42:52.652Z,2950,2026-08-24T13:42:52.652Z,TTCA,Bessemer,8f1806c1-b1f2-4ac5-b25b-086fec51b8fb,SAMMS-BessemerV5
202608241333251267,202608241253387634,202608241253386616,88,5687,P1 Reference Preadmission Referral Source Bronze - TTCB,br_samms_preadmission_referral_source,TASK_COMPLETE,FAILED,ERROR,0,0,1,SavePreAdminReferrals Bronze ForEach failed,2026-08-24T12:53:42.369Z,2026-08-24T13:42:52.652Z,2950,2026-08-24T13:42:52.652Z,TTCB,Cullman,8f1806c1-b1f2-4ac5-b25b-086fec51b8fb,SAMMS-CullmanV5
202608241333251269,202608241253387635,202608241253386616,88,5688,P1 Reference Preadmission Referral Source Bronze - TTCC,br_samms_preadmission_referral_source,TASK_COMPLETE,FAILED,ERROR,0,0,1,SavePreAdminReferrals Bronze ForEach failed,2026-08-24T12:53:42.369Z,2026-08-24T13:42:52.652Z,2950,2026-08-24T13:42:52.652Z,TTCC,GrandBay,8f1806c1-b1f2-4ac5-b25b-086fec51b8fb,SAMMS-GrandBay
202608241333251271,202608241253387636,202608241253386616,88,5689,P1 Reference Preadmission Referral Source Bronze - TU,br_samms_preadmission_referral_source,TASK_COMPLETE,FAILED,ERROR,0,0,1,SavePreAdminReferrals Bronze ForEach failed,2026-08-24T12:53:42.369Z,2026-08-24T13:42:52.652Z,2950,2026-08-24T13:42:52.652Z,TU,Tucson,8f1806c1-b1f2-4ac5-b25b-086fec51b8fb,SAMMS-Tucson
202608241333251273,202608241253387637,202608241253386616,88,5690,P1 Reference Preadmission Referral Source Bronze - V1,br_samms_preadmission_referral_source,TASK_COMPLETE,FAILED,ERROR,0,0,1,SavePreAdminReferrals Bronze ForEach failed,2026-08-24T12:53:42.369Z,2026-08-24T13:42:52.652Z,2950,2026-08-24T13:42:52.652Z,V1,VCPHCS-I-Memphis,8f1806c1-b1f2-4ac5-b25b-086fec51b8fb,SAMMS-VCPHCS-I-MemphisV5
202608241333251274,202608241253387638,202608241253386616,88,5691,P1 Reference Preadmission Referral Source Bronze - V10,br_samms_preadmission_referral_source,TASK_COMPLETE,FAILED,ERROR,0,0,1,SavePreAdminReferrals Bronze ForEach failed,2026-08-24T12:53:42.369Z,2026-08-24T13:42:52.652Z,2950,2026-08-24T13:42:52.652Z,V10,Boulder,8f1806c1-b1f2-4ac5-b25b-086fec51b8fb,SAMMS-BoulderV5
202608241333251276,202608241253387639,202608241253386616,88,5692,P1 Reference Preadmission Referral Source Bronze - V10A,br_samms_preadmission_referral_source,TASK_COMPLETE,FAILED,ERROR,0,0,1,SavePreAdminReferrals Bronze ForEach failed,2026-08-24T12:53:42.369Z,2026-08-24T13:42:52.652Z,2950,2026-08-24T13:42:52.652Z,V10A,FortCollins,8f1806c1-b1f2-4ac5-b25b-086fec51b8fb,SAMMS-FortCollinsV5
202608200219256138,202608200029237629,202608200029237018,85,2488,Bronze INV,br_LabResultDetail,TASK_COMPLETE,FAILED,ERROR,4,4,1,BulkDartsSrvLoader Bronze ForEach failed,2026-08-20T00:29:28.539Z,2026-08-20T02:40:07.937Z,7839,2026-08-20T02:40:07.937Z,B66A,Bremen,2e0eb052-bb28-45b1-894f-8dc0851c56cc,SAMMS-Bremen
202608200219256139,202608200029237630,202608200029237018,85,2491,Bronze INV,br_LabResultDetail,TASK_COMPLETE,FAILED,ERROR,6,6,1,BulkDartsSrvLoader Bronze ForEach failed,2026-08-20T00:29:28.539Z,2026-08-20T02:40:07.937Z,7839,2026-08-20T02:40:07.937Z,B72,Mobile (OBOT),2e0eb052-bb28-45b1-894f-8dc0851c56cc,SAMMS-Mobile-OBOT
202608200219256140,202608200029237631,202608200029237018,85,2492,Bronze INV,br_LabResultDetail,TASK_COMPLETE,FAILED,ERROR,2,2,1,BulkDartsSrvLoader Bronze ForEach failed,2026-08-20T00:29:28.539Z,2026-08-20T02:40:07.937Z,7839,2026-08-20T02:40:07.937Z,B73,Montgomery,2e0eb052-bb28-45b1-894f-8dc0851c56cc,SAMMS-Montgomery
202608200219256142,202608200029237632,202608200029237018,85,2493,Bronze INV,br_LabResultDetail,TASK_COMPLETE,FAILED,ERROR,502,502,1,BulkDartsSrvLoader Bronze ForEach failed,2026-08-20T00:29:28.539Z,2026-08-20T02:40:07.937Z,7839,2026-08-20T02:40:07.937Z,B75,Lawrence,2e0eb052-bb28-45b1-894f-8dc0851c56cc,SAMMS-LawrenceV6
202608200219256143,202608200029237633,202608200029237018,85,2494,Bronze INV,br_LabResultDetail,TASK_COMPLETE,FAILED,ERROR,1,1,1,BulkDartsSrvLoader Bronze ForEach failed,2026-08-20T00:29:28.539Z,2026-08-20T02:40:07.937Z,7839,2026-08-20T02:40:07.937Z,B76,Huntsville OBOT,2e0eb052-bb28-45b1-894f-8dc0851c56cc,SAMMS-Huntsville-OBOT
202608200219256144,202608200029237634,202608200029237018,85,2495,Bronze INV,br_LabResultDetail,TASK_COMPLETE,FAILED,ERROR,8,8,1,BulkDartsSrvLoader Bronze ForEach failed,2026-08-20T00:29:28.539Z,2026-08-20T02:40:07.937Z,7839,2026-08-20T02:40:07.937Z,BAT,Batesville,2e0eb052-bb28-45b1-894f-8dc0851c56cc,SAMMS-Batesville
202608200219256145,202608200029237635,202608200029237018,85,2496,Bronze INV,br_LabResultDetail,TASK_COMPLETE,FAILED,ERROR,2977,2977,1,BulkDartsSrvLoader Bronze ForEach failed,2026-08-20T00:29:28.539Z,2026-08-20T02:40:07.937Z,7839,2026-08-20T02:40:07.937Z,BG,Bowling Green,2e0eb052-bb28-45b1-894f-8dc0851c56cc,SAMMS-BowlingGreen
202608200219256146,202608200029237636,202608200029237018,85,2497,Bronze INV,br_LabResultDetail,TASK_COMPLETE,FAILED,ERROR,184,184,1,BulkDartsSrvLoader Bronze ForEach failed,2026-08-20T00:29:28.539Z,2026-08-20T02:40:07.937Z,7839,2026-08-20T02:40:07.937Z,BOI,Boise,2e0eb052-bb28-45b1-894f-8dc0851c56cc,SAMMS-Boise
202608200219256147,202608200029237637,202608200029237018,85,2504,Bronze INV,br_LabResultDetail,TASK_COMPLETE,FAILED,ERROR,239,239,1,BulkDartsSrvLoader Bronze ForEach failed,2026-08-20T00:29:28.539Z,2026-08-20T02:40:07.937Z,7839,2026-08-20T02:40:07.937Z,CBCO,Coeur dAlene,2e0eb052-bb28-45b1-894f-8dc0851c56cc,SAMMS-CoeurdAleneV6
202608200219256149,202608200029237638,202608200029237018,85,2523,Bronze INV,br_LabResultDetail,TASK_COMPLETE,FAILED,ERROR,2,2,1,BulkDartsSrvLoader Bronze ForEach failed,2026-08-20T00:29:28.539Z,2026-08-20T02:40:07.937Z,7839,2026-08-20T02:40:07.937Z,CON,Conway,2e0eb052-bb28-45b1-894f-8dc0851c56cc,SAMMS-Conway
202608200219256150,202608200029237639,202608200029237018,85,2524,Bronze INV,br_LabResultDetail,TASK_COMPLETE,FAILED,ERROR,15,15,1,BulkDartsSrvLoader Bronze ForEach failed,2026-08-20T00:29:28.539Z,2026-08-20T02:40:07.937Z,7839,2026-08-20T02:40:07.937Z,D07,Medical Services Knox TN,2e0eb052-bb28-45b1-894f-8dc0851c56cc,SAMMS-KnoxvilleV6
202608200219256151,202608200029237640,202608200029237018,85,2525,Bronze INV,br_LabResultDetail,TASK_COMPLETE,FAILED,ERROR,1001,1001,1,BulkDartsSrvLoader Bronze ForEach failed,2026-08-20T00:29:28.539Z,2026-08-20T02:40:07.937Z,7839,2026-08-20T02:40:07.937Z,D08,Madison,2e0eb052-bb28-45b1-894f-8dc0851c56cc,SAMMS-MadisonV6
202608200219256152,202608200029237641,202608200029237018,85,2527,Bronze INV,br_LabResultDetail,TASK_COMPLETE,FAILED,ERROR,717,717,1,BulkDartsSrvLoader Bronze ForEach failed,2026-08-20T00:29:28.539Z,2026-08-20T02:40:07.937Z,7839,2026-08-20T02:40:07.937Z,D09,Murfreesboro,2e0eb052-bb28-45b1-894f-8dc0851c56cc,SAMMS-MurfreesboroV6
202608200219256153,202608200029237642,202608200029237018,85,2528,Bronze INV,br_LabResultDetail,TASK_COMPLETE,FAILED,ERROR,7,7,1,BulkDartsSrvLoader Bronze ForEach failed,2026-08-20T00:29:28.539Z,2026-08-20T02:40:07.937Z,7839,2026-08-20T02:40:07.937Z,DA,Davenport,2e0eb052-bb28-45b1-894f-8dc0851c56cc,SAMMS-Davenport
202608200219256154,202608200029237643,202608200029237018,85,2529,Bronze INV,br_LabResultDetail,TASK_COMPLETE,FAILED,ERROR,2759,2759,1,BulkDartsSrvLoader Bronze ForEach failed,2026-08-20T00:29:28.539Z,2026-08-20T02:40:07.937Z,7839,2026-08-20T02:40:07.937Z,DM,Des Moines,2e0eb052-bb28-45b1-894f-8dc0851c56cc,SAMMS-DesMoines
202608200219256156,202608200029237644,202608200029237018,85,2531,Bronze INV,br_LabResultDetail,TASK_COMPLETE,FAILED,ERROR,3523,3523,1,BulkDartsSrvLoader Bronze ForEach failed,2026-08-20T00:29:28.539Z,2026-08-20T02:40:07.937Z,7839,2026-08-20T02:40:07.937Z,DRD-CO,Columbia MO,2e0eb052-bb28-45b1-894f-8dc0851c56cc,SAMMS-ColumbiaV5
202608200219256157,202608200029237645,202608200029237018,85,2532,Bronze INV,br_LabResultDetail,TASK_COMPLETE,FAILED,ERROR,3416,3416,1,BulkDartsSrvLoader Bronze ForEach failed,2026-08-20T00:29:28.539Z,2026-08-20T02:40:07.937Z,7839,2026-08-20T02:40:07.937Z,DRD-KC,KC,2e0eb052-bb28-45b1-894f-8dc0851c56cc,SAMMS-KCv5
202608200219256158,202608200029237646,202608200029237018,85,2533,Bronze INV,br_LabResultDetail,TASK_COMPLETE,FAILED,ERROR,19553,19553,1,BulkDartsSrvLoader Bronze ForEach failed,2026-08-20T00:29:28.539Z,2026-08-20T02:40:07.937Z,7839,2026-08-20T02:40:07.937Z,DRD-KVB,KVB,2e0eb052-bb28-45b1-894f-8dc0851c56cc,SAMMS-KVBv5
202608200219256159,202608200029237647,202608200029237018,85,2534,Bronze INV,br_LabResultDetail,TASK_COMPLETE,FAILED,ERROR,23708,23708,1,BulkDartsSrvLoader Bronze ForEach failed,2026-08-20T00:29:28.539Z,2026-08-20T02:40:07.937Z,7839,2026-08-20T02:40:07.937Z,DRD-KVC,KVC,2e0eb052-bb28-45b1-894f-8dc0851c56cc,SAMMS-KVCv5
202608200219256160,202608200029237648,202608200029237018,85,2535,Bronze INV,br_LabResultDetail,TASK_COMPLETE,FAILED,ERROR,6438,6438,1,BulkDartsSrvLoader Bronze ForEach failed,2026-08-20T00:29:28.539Z,2026-08-20T02:40:07.937Z,7839,2026-08-20T02:40:07.937Z,DRD-NOLA,NOLA,2e0eb052-bb28-45b1-894f-8dc0851c56cc,SAMMS-NOLAv5
202608200219256161,202608200029237649,202608200029237018,85,2536,Bronze INV,br_LabResultDetail,TASK_COMPLETE,FAILED,ERROR,5708,5708,1,BulkDartsSrvLoader Bronze ForEach failed,2026-08-20T00:29:28.539Z,2026-08-20T02:40:07.937Z,7839,2026-08-20T02:40:07.937Z,DRD-SF,Springfield,2e0eb052-bb28-45b1-894f-8dc0851c56cc,SAMMS-SFv5
202608200219256163,202608200029237650,202608200029237018,85,2538,Bronze INV,br_LabResultDetail,TASK_COMPLETE,FAILED,ERROR,16774,16774,1,BulkDartsSrvLoader Bronze ForEach failed,2026-08-20T00:29:28.539Z,2026-08-20T02:40:07.937Z,7839,2026-08-20T02:40:07.937Z,ELC,Elizabeth City,2e0eb052-bb28-45b1-894f-8dc0851c56cc,SAMMS-ElizabethCity
202608200219256164,202608200029237651,202608200029237018,85,2539,Bronze INV,br_LabResultDetail,TASK_COMPLETE,FAILED,ERROR,3113,3113,1,BulkDartsSrvLoader Bronze ForEach failed,2026-08-20T00:29:28.539Z,2026-08-20T02:40:07.937Z,7839,2026-08-20T02:40:07.937Z,ET,Elizabethtown,2e0eb052-bb28-45b1-894f-8dc0851c56cc,SAMMS-Elizabethtown
202608200219256165,202608200029237652,202608200029237018,85,2540,Bronze INV,br_LabResultDetail,TASK_COMPLETE,FAILED,ERROR,2,2,1,BulkDartsSrvLoader Bronze ForEach failed,2026-08-20T00:29:28.539Z,2026-08-20T02:40:07.937Z,7839,2026-08-20T02:40:07.937Z,FAY,Fayetteville,2e0eb052-bb28-45b1-894f-8dc0851c56cc,SAMMS-Fayetteville
202608200219256166,202608200029237653,202608200029237018,85,2541,Bronze INV,br_LabResultDetail,TASK_COMPLETE,FAILED,ERROR,14063,14063,1,BulkDartsSrvLoader Bronze ForEach failed,2026-08-20T00:29:28.539Z,2026-08-20T02:40:07.937Z,7839,2026-08-20T02:40:07.937Z,FR,Frankfort,2e0eb052-bb28-45b1-894f-8dc0851c56cc,SAMMS-Frankfort
202608200219256167,202608200029237654,202608200029237018,85,2542,Bronze INV,br_LabResultDetail,TASK_COMPLETE,FAILED,ERROR,3,3,1,BulkDartsSrvLoader Bronze ForEach failed,2026-08-20T00:29:28.539Z,2026-08-20T02:40:07.937Z,7839,2026-08-20T02:40:07.937Z,FS,Fort Smith,2e0eb052-bb28-45b1-894f-8dc0851c56cc,SAMMS-FortSmith
202608200219256168,202608200029237655,202608200029237018,85,2543,Bronze INV,br_LabResultDetail,TASK_COMPLETE,FAILED,ERROR,9165,9165,1,BulkDartsSrvLoader Bronze ForEach failed,2026-08-20T00:29:28.539Z,2026-08-20T02:40:07.937Z,7839,2026-08-20T02:40:07.937Z,FW,Fort Wayne,2e0eb052-bb28-45b1-894f-8dc0851c56cc,SAMMS-FortWayne
202608200219256170,202608200029237656,202608200029237018,85,2544,Bronze INV,br_LabResultDetail,TASK_COMPLETE,FAILED,ERROR,4,4,1,BulkDartsSrvLoader Bronze ForEach failed,2026-08-20T00:29:28.539Z,2026-08-20T02:40:07.937Z,7839,2026-08-20T02:40:07.937Z,GAL,Gaylord,2e0eb052-bb28-45b1-894f-8dc0851c56cc,SAMMS-Gaylord
202608200219256171,202608200029237657,202608200029237018,85,2548,Bronze INV,br_LabResultDetail,TASK_COMPLETE,FAILED,ERROR,4746,4746,1,BulkDartsSrvLoader Bronze ForEach failed,2026-08-20T00:29:28.539Z,2026-08-20T02:40:07.937Z,7839,2026-08-20T02:40:07.937Z,HGT,Hagerstown,2e0eb052-bb28-45b1-894f-8dc0851c56cc,SAMMS-Hagerstown
202608200219256172,202608200029237658,202608200029237018,85,2549,Bronze INV,br_LabResultDetail,TASK_COMPLETE,FAILED,ERROR,647,647,1,BulkDartsSrvLoader Bronze ForEach failed,2026-08-20T00:29:28.539Z,2026-08-20T02:40:07.937Z,7839,2026-08-20T02:40:07.937Z,HNT,Huntsville,2e0eb052-bb28-45b1-894f-8dc0851c56cc,SAMMS-Huntsville
202608200219256173,202608200029237659,202608200029237018,85,2550,Bronze INV,br_LabResultDetail,TASK_COMPLETE,FAILED,ERROR,2,2,1,BulkDartsSrvLoader Bronze ForEach failed,2026-08-20T00:29:28.539Z,2026-08-20T02:40:07.937Z,7839,2026-08-20T02:40:07.937Z,HS,Hot Springs,2e0eb052-bb28-45b1-894f-8dc0851c56cc,SAMMS-HotSprings
202608200219256174,202608200029237660,202608200029237018,85,2551,Bronze INV,br_LabResultDetail,TASK_COMPLETE,FAILED,ERROR,4,4,1,BulkDartsSrvLoader Bronze ForEach failed,2026-08-20T00:29:28.539Z,2026-08-20T02:40:07.937Z,7839,2026-08-20T02:40:07.937Z,JON,Jonesboro,2e0eb052-bb28-45b1-894f-8dc0851c56cc,SAMMS-Jonesboro
202608200219256175,202608200029237661,202608200029237018,85,2553,Bronze INV,br_LabResultDetail,TASK_COMPLETE,FAILED,ERROR,4,4,1,BulkDartsSrvLoader Bronze ForEach failed,2026-08-20T00:29:28.539Z,2026-08-20T02:40:07.937Z,7839,2026-08-20T02:40:07.937Z,LAN,Lansing,2e0eb052-bb28-45b1-894f-8dc0851c56cc,SAMMS-Lansing
202608200219256176,202608200029237662,202608200029237018,85,2554,Bronze INV,br_LabResultDetail,TASK_COMPLETE,FAILED,ERROR,88940,88940,1,BulkDartsSrvLoader Bronze ForEach failed,2026-08-20T00:29:28.539Z,2026-08-20T02:40:07.937Z,7839,2026-08-20T02:40:07.937Z,LO,Louisville,2e0eb052-bb28-45b1-894f-8dc0851c56cc,SAMMS-Louisville
202608200219256178,202608200029237663,202608200029237018,85,2555,Bronze INV,br_LabResultDetail,TASK_COMPLETE,FAILED,ERROR,6532,6532,1,BulkDartsSrvLoader Bronze ForEach failed,2026-08-20T00:29:28.539Z,2026-08-20T02:40:07.937Z,7839,2026-08-20T02:40:07.937Z,LV1,Cheyenne,2e0eb052-bb28-45b1-894f-8dc0851c56cc,SAMMS-Cheyenne
202608200219256179,202608200029237664,202608200029237018,85,2556,Bronze INV,br_LabResultDetail,TASK_COMPLETE,FAILED,ERROR,9491,9491,1,BulkDartsSrvLoader Bronze ForEach failed,2026-08-20T00:29:28.539Z,2026-08-20T02:40:07.937Z,7839,2026-08-20T02:40:07.937Z,LV2,Desert Inn,2e0eb052-bb28-45b1-894f-8dc0851c56cc,SAMMS-DesertInn
202608200219256180,202608200029237665,202608200029237018,85,2557,Bronze INV,br_LabResultDetail,TASK_COMPLETE,FAILED,ERROR,1882,1882,1,BulkDartsSrvLoader Bronze ForEach failed,2026-08-20T00:29:28.539Z,2026-08-20T02:40:07.937Z,7839,2026-08-20T02:40:07.937Z,LV3,McDaniel,2e0eb052-bb28-45b1-894f-8dc0851c56cc,SAMMS-McDaniel
202608200219256181,202608200029237666,202608200029237018,85,2560,Bronze INV,br_LabResultDetail,TASK_COMPLETE,FAILED,ERROR,3,3,1,BulkDartsSrvLoader Bronze ForEach failed,2026-08-20T00:29:28.539Z,2026-08-20T02:40:07.937Z,7839,2026-08-20T02:40:07.937Z,MNRE,Monroe,2e0eb052-bb28-45b1-894f-8dc0851c56cc,SAMMS-Monroe
202608200219258721,202608200029239131,202608200029237018,85,3417,Bronze INV,br_ReAssessmentLegal,TASK_COMPLETE,FAILED,ERROR,180,180,1,SaveReAssessmentLegal Bronze ForEach failed,2026-08-20T00:29:28.539Z,2026-08-20T02:40:07.937Z,7839,2026-08-20T02:40:07.937Z,BOI,Boise,2e0eb052-bb28-45b1-894f-8dc0851c56cc,SAMMS-Boise
202608200219258722,202608200029239132,202608200029237018,85,3424,Bronze INV,br_ReAssessmentLegal,TASK_COMPLETE,FAILED,ERROR,51,51,1,SaveReAssessmentLegal Bronze ForEach failed,2026-08-20T00:29:28.539Z,2026-08-20T02:40:07.937Z,7839,2026-08-20T02:40:07.937Z,CBCO,Coeur dAlene,2e0eb052-bb28-45b1-894f-8dc0851c56cc,SAMMS-CoeurdAleneV6
202608200219258723,202608200029239133,202608200029237018,85,3443,Bronze INV,br_ReAssessmentLegal,TASK_COMPLETE,FAILED,ERROR,0,0,1,SaveReAssessmentLegal Bronze ForEach failed,2026-08-20T00:29:28.539Z,2026-08-20T02:40:07.937Z,7839,2026-08-20T02:40:07.937Z,CON,Conway,2e0eb052-bb28-45b1-894f-8dc0851c56cc,SAMMS-Conway
202608200219258724,202608200029239134,202608200029237018,85,3444,Bronze INV,br_ReAssessmentLegal,TASK_COMPLETE,FAILED,ERROR,2568,2568,1,SaveReAssessmentLegal Bronze ForEach failed,2026-08-20T00:29:28.539Z,2026-08-20T02:40:07.937Z,7839,2026-08-20T02:40:07.937Z,D07,Medical Services Knox TN,2e0eb052-bb28-45b1-894f-8dc0851c56cc,SAMMS-KnoxvilleV6
202608200219258725,202608200029239135,202608200029237018,85,3445,Bronze INV,br_ReAssessmentLegal,TASK_COMPLETE,FAILED,ERROR,111,111,1,SaveReAssessmentLegal Bronze ForEach failed,2026-08-20T00:29:28.539Z,2026-08-20T02:40:07.937Z,7839,2026-08-20T02:40:07.937Z,D08,Madison,2e0eb052-bb28-45b1-894f-8dc0851c56cc,SAMMS-MadisonV6
202608200219258726,202608200029239136,202608200029237018,85,3447,Bronze INV,br_ReAssessmentLegal,TASK_COMPLETE,FAILED,ERROR,117,117,1,SaveReAssessmentLegal Bronze ForEach failed,2026-08-20T00:29:28.539Z,2026-08-20T02:40:07.937Z,7839,2026-08-20T02:40:07.937Z,D09,Murfreesboro,2e0eb052-bb28-45b1-894f-8dc0851c56cc,SAMMS-MurfreesboroV6
202608200219258727,202608200029239137,202608200029237018,85,3448,Bronze INV,br_ReAssessmentLegal,TASK_COMPLETE,FAILED,ERROR,335,335,1,SaveReAssessmentLegal Bronze ForEach failed,2026-08-20T00:29:28.539Z,2026-08-20T02:40:07.937Z,7839,2026-08-20T02:40:07.937Z,DA,Davenport,2e0eb052-bb28-45b1-894f-8dc0851c56cc,SAMMS-Davenport
202608200219258729,202608200029239138,202608200029237018,85,3449,Bronze INV,br_ReAssessmentLegal,TASK_COMPLETE,FAILED,ERROR,287,287,1,SaveReAssessmentLegal Bronze ForEach failed,2026-08-20T00:29:28.539Z,2026-08-20T02:40:07.937Z,7839,2026-08-20T02:40:07.937Z,DM,Des Moines,2e0eb052-bb28-45b1-894f-8dc0851c56cc,SAMMS-DesMoines
202608200219258730,202608200029239139,202608200029237018,85,3451,Bronze INV,br_ReAssessmentLegal,TASK_COMPLETE,FAILED,ERROR,529,529,1,SaveReAssessmentLegal Bronze ForEach failed,2026-08-20T00:29:28.539Z,2026-08-20T02:40:07.937Z,7839,2026-08-20T02:40:07.937Z,DRD-CO,Columbia MO,2e0eb052-bb28-45b1-894f-8dc0851c56cc,SAMMS-ColumbiaV5
202608200219258731,202608200029239140,202608200029237018,85,3452,Bronze INV,br_ReAssessmentLegal,TASK_COMPLETE,FAILED,ERROR,346,346,1,SaveReAssessmentLegal Bronze ForEach failed,2026-08-20T00:29:28.539Z,2026-08-20T02:40:07.937Z,7839,2026-08-20T02:40:07.937Z,DRD-KC,KC,2e0eb052-bb28-45b1-894f-8dc0851c56cc,SAMMS-KCv5
202608200219258732,202608200029239141,202608200029237018,85,3453,Bronze INV,br_ReAssessmentLegal,TASK_COMPLETE,FAILED,ERROR,1551,1551,1,SaveReAssessmentLegal Bronze ForEach failed,2026-08-20T00:29:28.539Z,2026-08-20T02:40:07.937Z,7839,2026-08-20T02:40:07.937Z,DRD-KVB,KVB,2e0eb052-bb28-45b1-894f-8dc0851c56cc,SAMMS-KVBv5
202608200219258733,202608200029239142,202608200029237018,85,3454,Bronze INV,br_ReAssessmentLegal,TASK_COMPLETE,FAILED,ERROR,1672,1672,1,SaveReAssessmentLegal Bronze ForEach failed,2026-08-20T00:29:28.539Z,2026-08-20T02:40:07.937Z,7839,2026-08-20T02:40:07.937Z,DRD-KVC,KVC,2e0eb052-bb28-45b1-894f-8dc0851c56cc,SAMMS-KVCv5
202608200219258734,202608200029239143,202608200029237018,85,3455,Bronze INV,br_ReAssessmentLegal,TASK_COMPLETE,FAILED,ERROR,3202,3202,1,SaveReAssessmentLegal Bronze ForEach failed,2026-08-20T00:29:28.539Z,2026-08-20T02:40:07.937Z,7839,2026-08-20T02:40:07.937Z,DRD-NOLA,NOLA,2e0eb052-bb28-45b1-894f-8dc0851c56cc,SAMMS-NOLAv5
202608200219258735,202608200029239144,202608200029237018,85,3456,Bronze INV,br_ReAssessmentLegal,TASK_COMPLETE,FAILED,ERROR,798,798,1,SaveReAssessmentLegal Bronze ForEach failed,2026-08-20T00:29:28.539Z,2026-08-20T02:40:07.937Z,7839,2026-08-20T02:40:07.937Z,DRD-SF,Springfield,2e0eb052-bb28-45b1-894f-8dc0851c56cc,SAMMS-SFv5
202608200219258736,202608200029239145,202608200029237018,85,3458,Bronze INV,br_ReAssessmentLegal,TASK_COMPLETE,FAILED,ERROR,260,260,1,SaveReAssessmentLegal Bronze ForEach failed,2026-08-20T00:29:28.539Z,2026-08-20T02:40:07.937Z,7839,2026-08-20T02:40:07.937Z,ELC,Elizabeth City,2e0eb052-bb28-45b1-894f-8dc0851c56cc,SAMMS-ElizabethCity
202608200219258737,202608200029239146,202608200029237018,85,3459,Bronze INV,br_ReAssessmentLegal,TASK_COMPLETE,FAILED,ERROR,128,128,1,SaveReAssessmentLegal Bronze ForEach failed,2026-08-20T00:29:28.539Z,2026-08-20T02:40:07.937Z,7839,2026-08-20T02:40:07.937Z,ET,Elizabethtown,2e0eb052-bb28-45b1-894f-8dc0851c56cc,SAMMS-Elizabethtown
202608200219258738,202608200029239147,202608200029237018,85,3460,Bronze INV,br_ReAssessmentLegal,TASK_COMPLETE,FAILED,ERROR,0,0,1,SaveReAssessmentLegal Bronze ForEach failed,2026-08-20T00:29:28.539Z,2026-08-20T02:40:07.937Z,7839,2026-08-20T02:40:07.937Z,FAY,Fayetteville,2e0eb052-bb28-45b1-894f-8dc0851c56cc,SAMMS-Fayetteville
202608200219258740,202608200029239148,202608200029237018,85,3461,Bronze INV,br_ReAssessmentLegal,TASK_COMPLETE,FAILED,ERROR,156,156,1,SaveReAssessmentLegal Bronze ForEach failed,2026-08-20T00:29:28.539Z,2026-08-20T02:40:07.937Z,7839,2026-08-20T02:40:07.937Z,FR,Frankfort,2e0eb052-bb28-45b1-894f-8dc0851c56cc,SAMMS-Frankfort
202608200219258741,202608200029239149,202608200029237018,85,3462,Bronze INV,br_ReAssessmentLegal,TASK_COMPLETE,FAILED,ERROR,0,0,1,SaveReAssessmentLegal Bronze ForEach failed,2026-08-20T00:29:28.539Z,2026-08-20T02:40:07.937Z,7839,2026-08-20T02:40:07.937Z,FS,Fort Smith,2e0eb052-bb28-45b1-894f-8dc0851c56cc,SAMMS-FortSmith
202608200219258742,202608200029239150,202608200029237018,85,3463,Bronze INV,br_ReAssessmentLegal,TASK_COMPLETE,FAILED,ERROR,466,466,1,SaveReAssessmentLegal Bronze ForEach failed,2026-08-20T00:29:28.539Z,2026-08-20T02:40:07.937Z,7839,2026-08-20T02:40:07.937Z,FW,Fort Wayne,2e0eb052-bb28-45b1-894f-8dc0851c56cc,SAMMS-FortWayne
202608200219258743,202608200029239151,202608200029237018,85,3464,Bronze INV,br_ReAssessmentLegal,TASK_COMPLETE,FAILED,ERROR,273,273,1,SaveReAssessmentLegal Bronze ForEach failed,2026-08-20T00:29:28.539Z,2026-08-20T02:40:07.937Z,7839,2026-08-20T02:40:07.937Z,GAL,Gaylord,2e0eb052-bb28-45b1-894f-8dc0851c56cc,SAMMS-Gaylord
202608200219258744,202608200029239152,202608200029237018,85,3468,Bronze INV,br_ReAssessmentLegal,TASK_COMPLETE,FAILED,ERROR,100,100,1,SaveReAssessmentLegal Bronze ForEach failed,2026-08-20T00:29:28.539Z,2026-08-20T02:40:07.937Z,7839,2026-08-20T02:40:07.937Z,HGT,Hagerstown,2e0eb052-bb28-45b1-894f-8dc0851c56cc,SAMMS-Hagerstown
202608200219258745,202608200029239153,202608200029237018,85,3469,Bronze INV,br_ReAssessmentLegal,TASK_COMPLETE,FAILED,ERROR,1723,1723,1,SaveReAssessmentLegal Bronze ForEach failed,2026-08-20T00:29:28.539Z,2026-08-20T02:40:07.937Z,7839,2026-08-20T02:40:07.937Z,HNT,Huntsville,2e0eb052-bb28-45b1-894f-8dc0851c56cc,SAMMS-Huntsville
202608200219258746,202608200029239154,202608200029237018,85,3470,Bronze INV,br_ReAssessmentLegal,TASK_COMPLETE,FAILED,ERROR,0,0,1,SaveReAssessmentLegal Bronze ForEach failed,2026-08-20T00:29:28.539Z,2026-08-20T02:40:07.937Z,7839,2026-08-20T02:40:07.937Z,HS,Hot Springs,2e0eb052-bb28-45b1-894f-8dc0851c56cc,SAMMS-HotSprings
202608200219258748,202608200029239155,202608200029237018,85,3471,Bronze INV,br_ReAssessmentLegal,TASK_COMPLETE,FAILED,ERROR,0,0,1,SaveReAssessmentLegal Bronze ForEach failed,2026-08-20T00:29:28.539Z,2026-08-20T02:40:07.937Z,7839,2026-08-20T02:40:07.937Z,JON,Jonesboro,2e0eb052-bb28-45b1-894f-8dc0851c56cc,SAMMS-Jonesboro
202608200219258749,202608200029239156,202608200029237018,85,3473,Bronze INV,br_ReAssessmentLegal,TASK_COMPLETE,FAILED,ERROR,445,445,1,SaveReAssessmentLegal Bronze ForEach failed,2026-08-20T00:29:28.539Z,2026-08-20T02:40:07.937Z,7839,2026-08-20T02:40:07.937Z,LAN,Lansing,2e0eb052-bb28-45b1-894f-8dc0851c56cc,SAMMS-Lansing
202608200219258750,202608200029239157,202608200029237018,85,3474,Bronze INV,br_ReAssessmentLegal,TASK_COMPLETE,FAILED,ERROR,1286,1286,1,SaveReAssessmentLegal Bronze ForEach failed,2026-08-20T00:29:28.539Z,2026-08-20T02:40:07.937Z,7839,2026-08-20T02:40:07.937Z,LO,Louisville,2e0eb052-bb28-45b1-894f-8dc0851c56cc,SAMMS-Louisville
202608200219258751,202608200029239158,202608200029237018,85,3475,Bronze INV,br_ReAssessmentLegal,TASK_COMPLETE,FAILED,ERROR,291,291,1,SaveReAssessmentLegal Bronze ForEach failed,2026-08-20T00:29:28.539Z,2026-08-20T02:40:07.937Z,7839,2026-08-20T02:40:07.937Z,LV1,Cheyenne,2e0eb052-bb28-45b1-894f-8dc0851c56cc,SAMMS-Cheyenne
202608200219258752,202608200029239159,202608200029237018,85,3476,Bronze INV,br_ReAssessmentLegal,TASK_COMPLETE,FAILED,ERROR,204,204,1,SaveReAssessmentLegal Bronze ForEach failed,2026-08-20T00:29:28.539Z,2026-08-20T02:40:07.937Z,7839,2026-08-20T02:40:07.937Z,LV2,Desert Inn,2e0eb052-bb28-45b1-894f-8dc0851c56cc,SAMMS-DesertInn
202608200219258753,202608200029239160,202608200029237018,85,3477,Bronze INV,br_ReAssessmentLegal,TASK_COMPLETE,FAILED,ERROR,109,109,1,SaveReAssessmentLegal Bronze ForEach failed,2026-08-20T00:29:28.539Z,2026-08-20T02:40:07.937Z,7839,2026-08-20T02:40:07.937Z,LV3,McDaniel,2e0eb052-bb28-45b1-894f-8dc0851c56cc,SAMMS-McDaniel
202608200219258755,202608200029239161,202608200029237018,85,3480,Bronze INV,br_ReAssessmentLegal,TASK_COMPLETE,FAILED,ERROR,358,358,1,SaveReAssessmentLegal Bronze ForEach failed,2026-08-20T00:29:28.539Z,2026-08-20T02:40:07.937Z,7839,2026-08-20T02:40:07.937Z,MNRE,Monroe,2e0eb052-bb28-45b1-894f-8dc0851c56cc,SAMMS-Monroe
202608200219258756,202608200029239162,202608200029237018,85,3481,Bronze INV,br_ReAssessmentLegal,TASK_COMPLETE,FAILED,ERROR,1420,1420,1,SaveReAssessmentLegal Bronze ForEach failed,2026-08-20T00:29:28.539Z,2026-08-20T02:40:07.937Z,7839,2026-08-20T02:40:07.937Z,MP,Mt. Pleasant,2e0eb052-bb28-45b1-894f-8dc0851c56cc,SAMMS-MtPleasant
202608200219258757,202608200029239163,202608200029237018,85,3482,Bronze INV,br_ReAssessmentLegal,TASK_COMPLETE,FAILED,ERROR,153,153,1,SaveReAssessmentLegal Bronze ForEach failed,2026-08-20T00:29:28.539Z,2026-08-20T02:40:07.937Z,7839,2026-08-20T02:40:07.937Z,MRD,Meridian,2e0eb052-bb28-45b1-894f-8dc0851c56cc,SAMMS-Meridian
202608200219258758,202608200029239164,202608200029237018,85,3487,Bronze INV,br_ReAssessmentLegal,TASK_COMPLETE,FAILED,ERROR,693,693,1,SaveReAssessmentLegal Bronze ForEach failed,2026-08-20T00:29:28.539Z,2026-08-20T02:40:07.937Z,7839,2026-08-20T02:40:07.937Z,NC,North Charleston,2e0eb052-bb28-45b1-894f-8dc0851c56cc,SAMMS-NorthCharleston
202608200219258759,202608200029239165,202608200029237018,85,3488,Bronze INV,br_ReAssessmentLegal,TASK_COMPLETE,FAILED,ERROR,0,0,1,SaveReAssessmentLegal Bronze ForEach failed,2026-08-20T00:29:28.539Z,2026-08-20T02:40:07.937Z,7839,2026-08-20T02:40:07.937Z,NLR,N. Little Rock,2e0eb052-bb28-45b1-894f-8dc0851c56cc,SAMMS-NLROBOT
202608200219258761,202608200029239166,202608200029237018,85,3489,Bronze INV,br_ReAssessmentLegal,TASK_COMPLETE,FAILED,ERROR,111,111,1,SaveReAssessmentLegal Bronze ForEach failed,2026-08-20T00:29:28.539Z,2026-08-20T02:40:07.937Z,7839,2026-08-20T02:40:07.937Z,PH,Phoenix,2e0eb052-bb28-45b1-894f-8dc0851c56cc,SAMMS-Phoenix
202608200219258762,202608200029239167,202608200029237018,85,3493,Bronze INV,br_ReAssessmentLegal,TASK_COMPLETE,FAILED,ERROR,212,212,1,SaveReAssessmentLegal Bronze ForEach failed,2026-08-20T00:29:28.539Z,2026-08-20T02:40:07.937Z,7839,2026-08-20T02:40:07.937Z,RE,Reno,2e0eb052-bb28-45b1-894f-8dc0851c56cc,SAMMS-Reno
202608200219258763,202608200029239168,202608200029237018,85,3494,Bronze INV,br_ReAssessmentLegal,TASK_COMPLETE,FAILED,ERROR,88,88,1,SaveReAssessmentLegal Bronze ForEach failed,2026-08-20T00:29:28.539Z,2026-08-20T02:40:07.937Z,7839,2026-08-20T02:40:07.937Z,RMD,Richmond,2e0eb052-bb28-45b1-894f-8dc0851c56cc,SAMMS-Richmond
202608260854399441,202608260654257084,202608260654255519,85,531,Bronze INV,br_AdmissionAssessmentDimensionFiveSubstanceUse,TASK_COMPLETE,SUCCESS,INFO,1161,1161,0,,2026-08-26T06:54:31.515Z,2026-08-26T08:57:15.847Z,7364,2026-08-26T08:57:15.847Z,LV1,Cheyenne,912d32aa-0b7f-4999-bf60-6670fe5985ea,SAMMS-Cheyenne
202608260854399443,202608260654257085,202608260654255519,85,532,Bronze INV,br_AdmissionAssessmentDimensionFiveSubstanceUse,TASK_COMPLETE,SUCCESS,INFO,928,928,0,,2026-08-26T06:54:31.515Z,2026-08-26T08:57:15.847Z,7364,2026-08-26T08:57:15.847Z,LV2,Desert Inn,912d32aa-0b7f-4999-bf60-6670fe5985ea,SAMMS-DesertInn
202608260854399444,202608260654257086,202608260654255519,85,533,Bronze INV,br_AdmissionAssessmentDimensionFiveSubstanceUse,TASK_COMPLETE,SUCCESS,INFO,306,306,0,,2026-08-26T06:54:31.515Z,2026-08-26T08:57:15.847Z,7364,2026-08-26T08:57:15.847Z,LV3,McDaniel,912d32aa-0b7f-4999-bf60-6670fe5985ea,SAMMS-McDaniel
202608260854399445,202608260654257087,202608260654255519,85,536,Bronze INV,br_AdmissionAssessmentDimensionFiveSubstanceUse,TASK_COMPLETE,SUCCESS,INFO,269,269,0,,2026-08-26T06:54:31.515Z,2026-08-26T08:57:15.847Z,7364,2026-08-26T08:57:15.847Z,MNRE,Monroe,912d32aa-0b7f-4999-bf60-6670fe5985ea,SAMMS-Monroe
202608260854399446,202608260654257088,202608260654255519,85,537,Bronze INV,br_AdmissionAssessmentDimensionFiveSubstanceUse,TASK_COMPLETE,SUCCESS,INFO,120,120,0,,2026-08-26T06:54:31.515Z,2026-08-26T08:57:15.847Z,7364,2026-08-26T08:57:15.847Z,MP,Mt. Pleasant,912d32aa-0b7f-4999-bf60-6670fe5985ea,SAMMS-MtPleasant
202608260854399447,202608260654257089,202608260654255519,85,538,Bronze INV,br_AdmissionAssessmentDimensionFiveSubstanceUse,TASK_COMPLETE,SUCCESS,INFO,170,170,0,,2026-08-26T06:54:31.515Z,2026-08-26T08:57:15.847Z,7364,2026-08-26T08:57:15.847Z,MRD,Meridian,912d32aa-0b7f-4999-bf60-6670fe5985ea,SAMMS-Meridian
202608260854399448,202608260654257090,202608260654255519,85,543,Bronze INV,br_AdmissionAssessmentDimensionFiveSubstanceUse,TASK_COMPLETE,SUCCESS,INFO,625,625,0,,2026-08-26T06:54:31.515Z,2026-08-26T08:57:15.847Z,7364,2026-08-26T08:57:15.847Z,NC,North Charleston,912d32aa-0b7f-4999-bf60-6670fe5985ea,SAMMS-NorthCharleston
202608260854399450,202608260654257091,202608260654255519,85,544,Bronze INV,br_AdmissionAssessmentDimensionFiveSubstanceUse,TASK_COMPLETE,SUCCESS,INFO,565,565,0,,2026-08-26T06:54:31.515Z,2026-08-26T08:57:15.847Z,7364,2026-08-26T08:57:15.847Z,NLR,N. Little Rock,912d32aa-0b7f-4999-bf60-6670fe5985ea,SAMMS-NLROBOT
202608260854399451,202608260654257092,202608260654255519,85,545,Bronze INV,br_AdmissionAssessmentDimensionFiveSubstanceUse,TASK_COMPLETE,SUCCESS,INFO,232,232,0,,2026-08-26T06:54:31.515Z,2026-08-26T08:57:15.847Z,7364,2026-08-26T08:57:15.847Z,PH,Phoenix,912d32aa-0b7f-4999-bf60-6670fe5985ea,SAMMS-Phoenix
202608260854399452,202608260654257093,202608260654255519,85,549,Bronze INV,br_AdmissionAssessmentDimensionFiveSubstanceUse,TASK_COMPLETE,SUCCESS,INFO,405,405,0,,2026-08-26T06:54:31.515Z,2026-08-26T08:57:15.847Z,7364,2026-08-26T08:57:15.847Z,RE,Reno,912d32aa-0b7f-4999-bf60-6670fe5985ea,SAMMS-Reno
202608260854399453,202608260654257094,202608260654255519,85,550,Bronze INV,br_AdmissionAssessmentDimensionFiveSubstanceUse,TASK_COMPLETE,SUCCESS,INFO,386,386,0,,2026-08-26T06:54:31.515Z,2026-08-26T08:57:15.847Z,7364,2026-08-26T08:57:15.847Z,RMD,Richmond,912d32aa-0b7f-4999-bf60-6670fe5985ea,SAMMS-Richmond
202608260854399454,202608260654257095,202608260654255519,85,551,Bronze INV,br_AdmissionAssessmentDimensionFiveSubstanceUse,TASK_COMPLETE,SUCCESS,INFO,484,484,0,,2026-08-26T06:54:31.515Z,2026-08-26T08:57:15.847Z,7364,2026-08-26T08:57:15.847Z,SFN,Springfield North,912d32aa-0b7f-4999-bf60-6670fe5985ea,SAMMS-SFNv5
202608260854399455,202608260654257096,202608260654255519,85,552,Bronze INV,br_AdmissionAssessmentDimensionFiveSubstanceUse,TASK_COMPLETE,SUCCESS,INFO,444,444,0,,2026-08-26T06:54:31.515Z,2026-08-26T08:57:15.847Z,7364,2026-08-26T08:57:15.847Z,SHP,Shreveport,912d32aa-0b7f-4999-bf60-6670fe5985ea,SAMMS-Shreveport
202608260854399456,202608260654257097,202608260654255519,85,554,Bronze INV,br_AdmissionAssessmentDimensionFiveSubstanceUse,TASK_COMPLETE,SUCCESS,INFO,80,80,0,,2026-08-26T06:54:31.515Z,2026-08-26T08:57:15.847Z,7364,2026-08-26T08:57:15.847Z,STN,Staunton,912d32aa-0b7f-4999-bf60-6670fe5985ea,SAMMS-Staunton
202608260854399458,202608260654257098,202608260654255519,85,555,Bronze INV,br_AdmissionAssessmentDimensionFiveSubstanceUse,TASK_COMPLETE,SUCCESS,INFO,52,52,0,,2026-08-26T06:54:31.515Z,2026-08-26T08:57:15.847Z,7364,2026-08-26T08:57:15.847Z,STVN,Stevenson,912d32aa-0b7f-4999-bf60-6670fe5985ea,SAMMS-Stevenson
202608260854399459,202608260654257099,202608260654255519,85,557,Bronze INV,br_AdmissionAssessmentDimensionFiveSubstanceUse,TASK_COMPLETE,SUCCESS,INFO,70,70,0,,2026-08-26T06:54:31.515Z,2026-08-26T08:57:15.847Z,7364,2026-08-26T08:57:15.847Z,TE,Tempe,912d32aa-0b7f-4999-bf60-6670fe5985ea,SAMMS-Tempe
202608260854399460,202608260654257100,202608260654255519,85,558,Bronze INV,br_AdmissionAssessmentDimensionFiveSubstanceUse,TASK_COMPLETE,SUCCESS,INFO,366,366,0,,2026-08-26T06:54:31.515Z,2026-08-26T08:57:15.847Z,7364,2026-08-26T08:57:15.847Z,TEX,Texarkana,912d32aa-0b7f-4999-bf60-6670fe5985ea,SAMMS-Texarkana
202608260854399461,202608260654257101,202608260654255519,85,559,Bronze INV,br_AdmissionAssessmentDimensionFiveSubstanceUse,TASK_COMPLETE,SUCCESS,INFO,417,417,0,,2026-08-26T06:54:31.515Z,2026-08-26T08:57:15.847Z,7364,2026-08-26T08:57:15.847Z,TTCA,Bessemer,912d32aa-0b7f-4999-bf60-6670fe5985ea,SAMMS-BessemerV5
202608260854399462,202608260654257102,202608260654255519,85,560,Bronze INV,br_AdmissionAssessmentDimensionFiveSubstanceUse,TASK_COMPLETE,SUCCESS,INFO,549,549,0,,2026-08-26T06:54:31.515Z,2026-08-26T08:57:15.847Z,7364,2026-08-26T08:57:15.847Z,TTCB,Cullman,912d32aa-0b7f-4999-bf60-6670fe5985ea,SAMMS-CullmanV5
202608260854399463,202608260654257103,202608260654255519,85,561,Bronze INV,br_AdmissionAssessmentDimensionFiveSubstanceUse,TASK_COMPLETE,SUCCESS,INFO,294,294,0,,2026-08-26T06:54:31.515Z,2026-08-26T08:57:15.847Z,7364,2026-08-26T08:57:15.847Z,TTCC,Grand Bay,912d32aa-0b7f-4999-bf60-6670fe5985ea,SAMMS-GrandBay
202608260854399465,202608260654257104,202608260654255519,85,562,Bronze INV,br_AdmissionAssessmentDimensionFiveSubstanceUse,TASK_COMPLETE,SUCCESS,INFO,22,22,0,,2026-08-26T06:54:31.515Z,2026-08-26T08:57:15.847Z,7364,2026-08-26T08:57:15.847Z,TU,Tucson,912d32aa-0b7f-4999-bf60-6670fe5985ea,SAMMS-Tucson
202608260854399466,202608260654257105,202608260654255519,85,564,Bronze INV,br_AdmissionAssessmentDimensionFiveSubstanceUse,TASK_COMPLETE,SUCCESS,INFO,249,249,0,,2026-08-26T06:54:31.515Z,2026-08-26T08:57:15.847Z,7364,2026-08-26T08:57:15.847Z,V1,Memphis South,912d32aa-0b7f-4999-bf60-6670fe5985ea,SAMMS-VCPHCS-I-MemphisV5
202608260854399467,202608260654257106,202608260654255519,85,565,Bronze INV,br_AdmissionAssessmentDimensionFiveSubstanceUse,TASK_COMPLETE,SUCCESS,INFO,690,690,0,,2026-08-26T06:54:31.515Z,2026-08-26T08:57:15.847Z,7364,2026-08-26T08:57:15.847Z,V10,Longmont,912d32aa-0b7f-4999-bf60-6670fe5985ea,SAMMS-BoulderV5
202608260854399468,202608260654257107,202608260654255519,85,566,Bronze INV,br_AdmissionAssessmentDimensionFiveSubstanceUse,TASK_COMPLETE,SUCCESS,INFO,1183,1183,0,,2026-08-26T06:54:31.515Z,2026-08-26T08:57:15.847Z,7364,2026-08-26T08:57:15.847Z,V10A,Fort Collins,912d32aa-0b7f-4999-bf60-6670fe5985ea,SAMMS-FortCollinsV5
202608260854399469,202608260654257108,202608260654255519,85,567,Bronze INV,br_AdmissionAssessmentDimensionFiveSubstanceUse,TASK_COMPLETE,SUCCESS,INFO,981,981,0,,2026-08-26T06:54:31.515Z,2026-08-26T08:57:15.847Z,7364,2026-08-26T08:57:15.847Z,V11,Westminster,912d32aa-0b7f-4999-bf60-6670fe5985ea,SAMMS-VCPHCS-XI-NorthDenverV5
202608260854399470,202608260654257109,202608260654255519,85,568,Bronze INV,br_AdmissionAssessmentDimensionFiveSubstanceUse,TASK_COMPLETE,SUCCESS,INFO,1051,1051,0,,2026-08-26T06:54:31.515Z,2026-08-26T08:57:15.847Z,7364,2026-08-26T08:57:15.847Z,V12,Downtown Denver,912d32aa-0b7f-4999-bf60-6670fe5985ea,SAMMS-VCPHCS-XII-DowntownDenverV5
202608260854399472,202608260654257110,202608260654255519,85,569,Bronze INV,br_AdmissionAssessmentDimensionFiveSubstanceUse,TASK_COMPLETE,SUCCESS,INFO,474,474,0,,2026-08-26T06:54:31.515Z,2026-08-26T08:57:15.847Z,7364,2026-08-26T08:57:15.847Z,V12A,Centennial,912d32aa-0b7f-4999-bf60-6670fe5985ea,SAMMS-CentennialV5
202608260854399473,202608260654257111,202608260654255519,85,570,Bronze INV,br_AdmissionAssessmentDimensionFiveSubstanceUse,TASK_COMPLETE,SUCCESS,INFO,291,291,0,,2026-08-26T06:54:31.515Z,2026-08-26T08:57:15.847Z,7364,2026-08-26T08:57:15.847Z,V14,Overland Park,912d32aa-0b7f-4999-bf60-6670fe5985ea,SAMMS-VCPHCS-XIV-BridgewayV5
202608260854399474,202608260654257112,202608260654255519,85,571,Bronze INV,br_AdmissionAssessmentDimensionFiveSubstanceUse,TASK_COMPLETE,SUCCESS,INFO,562,562,0,,2026-08-26T06:54:31.515Z,2026-08-26T08:57:15.847Z,7364,2026-08-26T08:57:15.847Z,V15,Joplin,912d32aa-0b7f-4999-bf60-6670fe5985ea,SAMMS-JoplinV5
202608260854399475,202608260654257113,202608260654255519,85,573,Bronze INV,br_AdmissionAssessmentDimensionFiveSubstanceUse,TASK_COMPLETE,SUCCESS,INFO,469,469,0,,2026-08-26T06:54:31.515Z,2026-08-26T08:57:15.847Z,7364,2026-08-26T08:57:15.847Z,V17,Columbia TN,912d32aa-0b7f-4999-bf60-6670fe5985ea,SAMMS-ColumbiaTNv5
202608260854399476,202608260654257114,202608260654255519,85,575,Bronze INV,br_AdmissionAssessmentDimensionFiveSubstanceUse,TASK_COMPLETE,SUCCESS,INFO,411,411,0,,2026-08-26T06:54:31.515Z,2026-08-26T08:57:15.847Z,7364,2026-08-26T08:57:15.847Z,V19,Jackson,912d32aa-0b7f-4999-bf60-6670fe5985ea,SAMMS-JacksonV5
202608260854399477,202608260654257115,202608260654255519,85,577,Bronze INV,br_AdmissionAssessmentDimensionFiveSubstanceUse,TASK_COMPLETE,SUCCESS,INFO,478,478,0,,2026-08-26T06:54:31.515Z,2026-08-26T08:57:15.847Z,7364,2026-08-26T08:57:15.847Z,V20,Paris,912d32aa-0b7f-4999-bf60-6670fe5985ea,SAMMS-ParisV5
202608260854399478,202608260654257116,202608260654255519,85,578,Bronze INV,br_AdmissionAssessmentDimensionFiveSubstanceUse,TASK_COMPLETE,SUCCESS,INFO,353,353,0,,2026-08-26T06:54:31.515Z,2026-08-26T08:57:15.847Z,7364,2026-08-26T08:57:15.847Z,V21,Memphis North,912d32aa-0b7f-4999-bf60-6670fe5985ea,SAMMS-RaleighV5
202608260854399480,202608260654257117,202608260654255519,85,581,Bronze INV,br_AdmissionAssessmentDimensionFiveSubstanceUse,TASK_COMPLETE,SUCCESS,INFO,698,698,0,,2026-08-26T06:54:31.515Z,2026-08-26T08:57:15.847Z,7364,2026-08-26T08:57:15.847Z,V5,West Bank,912d32aa-0b7f-4999-bf60-6670fe5985ea,SAMMS-NONTCv5
202608260854399481,202608260654257118,202608260654255519,85,583,Bronze INV,br_AdmissionAssessmentDimensionFiveSubstanceUse,TASK_COMPLETE,SUCCESS,INFO,252,252,0,,2026-08-26T06:54:31.515Z,2026-08-26T08:57:15.847Z,7364,2026-08-26T08:57:15.847Z,V5B,Houma,912d32aa-0b7f-4999-bf60-6670fe5985ea,SAMMS-HoumaV6
202608260854399482,202608260654257119,202608260654255519,85,584,Bronze INV,br_AdmissionAssessmentDimensionFiveSubstanceUse,TASK_COMPLETE,SUCCESS,INFO,951,951,0,,2026-08-26T06:54:31.515Z,2026-08-26T08:57:15.847Z,7364,2026-08-26T08:57:15.847Z,V6,Lake Charles,912d32aa-0b7f-4999-bf60-6670fe5985ea,SAMMS-LCv5
202608260854399483,202608260654257120,202608260654255519,85,586,Bronze INV,br_AdmissionAssessmentDimensionFiveSubstanceUse,TASK_COMPLETE,SUCCESS,INFO,561,561,0,,2026-08-26T06:54:31.515Z,2026-08-26T08:57:15.847Z,7364,2026-08-26T08:57:15.847Z,V8,Memphis Midtown,912d32aa-0b7f-4999-bf60-6670fe5985ea,SAMMS-VCPHCS-VIII-MemphisV5
202608260854399484,202608260654257121,202608260654255519,85,587,Bronze INV,br_AdmissionAssessmentDimensionFiveSubstanceUse,TASK_COMPLETE,SUCCESS,INFO,1562,1562,0,,2026-08-26T06:54:31.515Z,2026-08-26T08:57:15.847Z,7364,2026-08-26T08:57:15.847Z,V9,Nashville,912d32aa-0b7f-4999-bf60-6670fe5985ea,SAMMS-NashvilleV5
202608260854399925,202608260654257193,202608260654255519,85,1076,Bronze INV,br_AdmissionAssessmentDimensionSix,TASK_COMPLETE,SUCCESS,INFO,613,613,0,,2026-08-26T06:54:31.515Z,2026-08-26T08:57:15.847Z,7364,2026-08-26T08:57:15.847Z,HGT,Hagerstown,912d32aa-0b7f-4999-bf60-6670fe5985ea,SAMMS-Hagerstown
202608260854399927,202608260654257194,202608260654255519,85,1077,Bronze INV,br_AdmissionAssessmentDimensionSix,TASK_COMPLETE,SUCCESS,INFO,461,461,0,,2026-08-26T06:54:31.515Z,2026-08-26T08:57:15.847Z,7364,2026-08-26T08:57:15.847Z,HNT,Huntsville,912d32aa-0b7f-4999-bf60-6670fe5985ea,SAMMS-Huntsville
202608260854399928,202608260654257195,202608260654255519,85,1078,Bronze INV,br_AdmissionAssessmentDimensionSix,TASK_COMPLETE,SUCCESS,INFO,304,304,0,,2026-08-26T06:54:31.515Z,2026-08-26T08:57:15.847Z,7364,2026-08-26T08:57:15.847Z,HS,Hot Springs,912d32aa-0b7f-4999-bf60-6670fe5985ea,SAMMS-HotSprings
202608260854399929,202608260654257196,202608260654255519,85,1079,Bronze INV,br_AdmissionAssessmentDimensionSix,TASK_COMPLETE,SUCCESS,INFO,265,265,0,,2026-08-26T06:54:31.515Z,2026-08-26T08:57:15.847Z,7364,2026-08-26T08:57:15.847Z,JON,Jonesboro,912d32aa-0b7f-4999-bf60-6670fe5985ea,SAMMS-Jonesboro
202608260854399930,202608260654257197,202608260654255519,85,1081,Bronze INV,br_AdmissionAssessmentDimensionSix,TASK_COMPLETE,SUCCESS,INFO,151,151,0,,2026-08-26T06:54:31.515Z,2026-08-26T08:57:15.847Z,7364,2026-08-26T08:57:15.847Z,LAN,Lansing,912d32aa-0b7f-4999-bf60-6670fe5985ea,SAMMS-Lansing
202608260854399932,202608260654257198,202608260654255519,85,1082,Bronze INV,br_AdmissionAssessmentDimensionSix,TASK_COMPLETE,SUCCESS,INFO,428,428,0,,2026-08-26T06:54:31.515Z,2026-08-26T08:57:15.847Z,7364,2026-08-26T08:57:15.847Z,LO,Louisville,912d32aa-0b7f-4999-bf60-6670fe5985ea,SAMMS-Louisville
202608260854399933,202608260654257199,202608260654255519,85,1083,Bronze INV,br_AdmissionAssessmentDimensionSix,TASK_COMPLETE,SUCCESS,INFO,1155,1155,0,,2026-08-26T06:54:31.515Z,2026-08-26T08:57:15.847Z,7364,2026-08-26T08:57:15.847Z,LV1,Cheyenne,912d32aa-0b7f-4999-bf60-6670fe5985ea,SAMMS-Cheyenne
202608260854399934,202608260654257200,202608260654255519,85,1084,Bronze INV,br_AdmissionAssessmentDimensionSix,TASK_COMPLETE,SUCCESS,INFO,930,930,0,,2026-08-26T06:54:31.515Z,2026-08-26T08:57:15.847Z,7364,2026-08-26T08:57:15.847Z,LV2,Desert Inn,912d32aa-0b7f-4999-bf60-6670fe5985ea,SAMMS-DesertInn
202608260854399935,202608260654257201,202608260654255519,85,1085,Bronze INV,br_AdmissionAssessmentDimensionSix,TASK_COMPLETE,SUCCESS,INFO,307,307,0,,2026-08-26T06:54:31.515Z,2026-08-26T08:57:15.847Z,7364,2026-08-26T08:57:15.847Z,LV3,McDaniel,912d32aa-0b7f-4999-bf60-6670fe5985ea,SAMMS-McDaniel
202608260854399937,202608260654257202,202608260654255519,85,1088,Bronze INV,br_AdmissionAssessmentDimensionSix,TASK_COMPLETE,SUCCESS,INFO,270,270,0,,2026-08-26T06:54:31.515Z,2026-08-26T08:57:15.847Z,7364,2026-08-26T08:57:15.847Z,MNRE,Monroe,912d32aa-0b7f-4999-bf60-6670fe5985ea,SAMMS-Monroe
202608260854399938,202608260654257203,202608260654255519,85,1089,Bronze INV,br_AdmissionAssessmentDimensionSix,TASK_COMPLETE,SUCCESS,INFO,121,121,0,,2026-08-26T06:54:31.515Z,2026-08-26T08:57:15.847Z,7364,2026-08-26T08:57:15.847Z,MP,Mt. Pleasant,912d32aa-0b7f-4999-bf60-6670fe5985ea,SAMMS-MtPleasant
202608260854399939,202608260654257204,202608260654255519,85,1090,Bronze INV,br_AdmissionAssessmentDimensionSix,TASK_COMPLETE,SUCCESS,INFO,170,170,0,,2026-08-26T06:54:31.515Z,2026-08-26T08:57:15.847Z,7364,2026-08-26T08:57:15.847Z,MRD,Meridian,912d32aa-0b7f-4999-bf60-6670fe5985ea,SAMMS-Meridian
202608260854399940,202608260654257205,202608260654255519,85,1095,Bronze INV,br_AdmissionAssessmentDimensionSix,TASK_COMPLETE,SUCCESS,INFO,622,622,0,,2026-08-26T06:54:31.515Z,2026-08-26T08:57:15.847Z,7364,2026-08-26T08:57:15.847Z,NC,North Charleston,912d32aa-0b7f-4999-bf60-6670fe5985ea,SAMMS-NorthCharleston
202608260854399942,202608260654257206,202608260654255519,85,1096,Bronze INV,br_AdmissionAssessmentDimensionSix,TASK_COMPLETE,SUCCESS,INFO,566,566,0,,2026-08-26T06:54:31.515Z,2026-08-26T08:57:15.847Z,7364,2026-08-26T08:57:15.847Z,NLR,N. Little Rock,912d32aa-0b7f-4999-bf60-6670fe5985ea,SAMMS-NLROBOT
202608260854399943,202608260654257207,202608260654255519,85,1097,Bronze INV,br_AdmissionAssessmentDimensionSix,TASK_COMPLETE,SUCCESS,INFO,234,234,0,,2026-08-26T06:54:31.515Z,2026-08-26T08:57:15.847Z,7364,2026-08-26T08:57:15.847Z,PH,Phoenix,912d32aa-0b7f-4999-bf60-6670fe5985ea,SAMMS-Phoenix
202608260854399944,202608260654257208,202608260654255519,85,1101,Bronze INV,br_AdmissionAssessmentDimensionSix,TASK_COMPLETE,SUCCESS,INFO,405,405,0,,2026-08-26T06:54:31.515Z,2026-08-26T08:57:15.847Z,7364,2026-08-26T08:57:15.847Z,RE,Reno,912d32aa-0b7f-4999-bf60-6670fe5985ea,SAMMS-Reno
202608260854399945,202608260654257209,202608260654255519,85,1102,Bronze INV,br_AdmissionAssessmentDimensionSix,TASK_COMPLETE,SUCCESS,INFO,387,387,0,,2026-08-26T06:54:31.515Z,2026-08-26T08:57:15.847Z,7364,2026-08-26T08:57:15.847Z,RMD,Richmond,912d32aa-0b7f-4999-bf60-6670fe5985ea,SAMMS-Richmond
202608260854399947,202608260654257210,202608260654255519,85,1103,Bronze INV,br_AdmissionAssessmentDimensionSix,TASK_COMPLETE,SUCCESS,INFO,480,480,0,,2026-08-26T06:54:31.515Z,2026-08-26T08:57:15.847Z,7364,2026-08-26T08:57:15.847Z,SFN,Springfield North,912d32aa-0b7f-4999-bf60-6670fe5985ea,SAMMS-SFNv5
202608260854399948,202608260654257211,202608260654255519,85,1104,Bronze INV,br_AdmissionAssessmentDimensionSix,TASK_COMPLETE,SUCCESS,INFO,447,447,0,,2026-08-26T06:54:31.515Z,2026-08-26T08:57:15.847Z,7364,2026-08-26T08:57:15.847Z,SHP,Shreveport,912d32aa-0b7f-4999-bf60-6670fe5985ea,SAMMS-Shreveport
202608260854399949,202608260654257212,202608260654255519,85,1106,Bronze INV,br_AdmissionAssessmentDimensionSix,TASK_COMPLETE,SUCCESS,INFO,81,81,0,,2026-08-26T06:54:31.515Z,2026-08-26T08:57:15.847Z,7364,2026-08-26T08:57:15.847Z,STN,Staunton,912d32aa-0b7f-4999-bf60-6670fe5985ea,SAMMS-Staunton
202608260854399950,202608260654257213,202608260654255519,85,1107,Bronze INV,br_AdmissionAssessmentDimensionSix,TASK_COMPLETE,SUCCESS,INFO,53,53,0,,2026-08-26T06:54:31.515Z,2026-08-26T08:57:15.847Z,7364,2026-08-26T08:57:15.847Z,STVN,Stevenson,912d32aa-0b7f-4999-bf60-6670fe5985ea,SAMMS-Stevenson
202608260854399952,202608260654257214,202608260654255519,85,1109,Bronze INV,br_AdmissionAssessmentDimensionSix,TASK_COMPLETE,SUCCESS,INFO,70,70,0,,2026-08-26T06:54:31.515Z,2026-08-26T08:57:15.847Z,7364,2026-08-26T08:57:15.847Z,TE,Tempe,912d32aa-0b7f-4999-bf60-6670fe5985ea,SAMMS-Tempe
202608260854399953,202608260654257215,202608260654255519,85,1110,Bronze INV,br_AdmissionAssessmentDimensionSix,TASK_COMPLETE,SUCCESS,INFO,363,363,0,,2026-08-26T06:54:31.515Z,2026-08-26T08:57:15.847Z,7364,2026-08-26T08:57:15.847Z,TEX,Texarkana,912d32aa-0b7f-4999-bf60-6670fe5985ea,SAMMS-Texarkana
202608260854399954,202608260654257216,202608260654255519,85,1111,Bronze INV,br_AdmissionAssessmentDimensionSix,TASK_COMPLETE,SUCCESS,INFO,414,414,0,,2026-08-26T06:54:31.515Z,2026-08-26T08:57:15.847Z,7364,2026-08-26T08:57:15.847Z,TTCA,Bessemer,912d32aa-0b7f-4999-bf60-6670fe5985ea,SAMMS-BessemerV5
202608260854399956,202608260654257217,202608260654255519,85,1112,Bronze INV,br_AdmissionAssessmentDimensionSix,TASK_COMPLETE,SUCCESS,INFO,548,548,0,,2026-08-26T06:54:31.515Z,2026-08-26T08:57:15.847Z,7364,2026-08-26T08:57:15.847Z,TTCB,Cullman,912d32aa-0b7f-4999-bf60-6670fe5985ea,SAMMS-CullmanV5
202608260854399957,202608260654257218,202608260654255519,85,1113,Bronze INV,br_AdmissionAssessmentDimensionSix,TASK_COMPLETE,SUCCESS,INFO,295,295,0,,2026-08-26T06:54:31.515Z,2026-08-26T08:57:15.847Z,7364,2026-08-26T08:57:15.847Z,TTCC,Grand Bay,912d32aa-0b7f-4999-bf60-6670fe5985ea,SAMMS-GrandBay
202608260854399958,202608260654257219,202608260654255519,85,1114,Bronze INV,br_AdmissionAssessmentDimensionSix,TASK_COMPLETE,SUCCESS,INFO,20,20,0,,2026-08-26T06:54:31.515Z,2026-08-26T08:57:15.847Z,7364,2026-08-26T08:57:15.847Z,TU,Tucson,912d32aa-0b7f-4999-bf60-6670fe5985ea,SAMMS-Tucson
202608260854399959,202608260654257220,202608260654255519,85,1116,Bronze INV,br_AdmissionAssessmentDimensionSix,TASK_COMPLETE,SUCCESS,INFO,249,249,0,,2026-08-26T06:54:31.515Z,2026-08-26T08:57:15.847Z,7364,2026-08-26T08:57:15.847Z,V1,Memphis South,912d32aa-0b7f-4999-bf60-6670fe5985ea,SAMMS-VCPHCS-I-MemphisV5
202608260854399961,202608260654257221,202608260654255519,85,1117,Bronze INV,br_AdmissionAssessmentDimensionSix,TASK_COMPLETE,SUCCESS,INFO,689,689,0,,2026-08-26T06:54:31.515Z,2026-08-26T08:57:15.847Z,7364,2026-08-26T08:57:15.847Z,V10,Longmont,912d32aa-0b7f-4999-bf60-6670fe5985ea,SAMMS-BoulderV5
202608260854399962,202608260654257222,202608260654255519,85,1118,Bronze INV,br_AdmissionAssessmentDimensionSix,TASK_COMPLETE,SUCCESS,INFO,1184,1184,0,,2026-08-26T06:54:31.515Z,2026-08-26T08:57:15.847Z,7364,2026-08-26T08:57:15.847Z,V10A,Fort Collins,912d32aa-0b7f-4999-bf60-6670fe5985ea,SAMMS-FortCollinsV5
202608260854399963,202608260654257223,202608260654255519,85,1119,Bronze INV,br_AdmissionAssessmentDimensionSix,TASK_COMPLETE,SUCCESS,INFO,984,984,0,,2026-08-26T06:54:31.515Z,2026-08-26T08:57:15.847Z,7364,2026-08-26T08:57:15.847Z,V11,Westminster,912d32aa-0b7f-4999-bf60-6670fe5985ea,SAMMS-VCPHCS-XI-NorthDenverV5
202608260854399964,202608260654257224,202608260654255519,85,1120,Bronze INV,br_AdmissionAssessmentDimensionSix,TASK_COMPLETE,SUCCESS,INFO,1044,1044,0,,2026-08-26T06:54:31.515Z,2026-08-26T08:57:15.847Z,7364,2026-08-26T08:57:15.847Z,V12,Downtown Denver,912d32aa-0b7f-4999-bf60-6670fe5985ea,SAMMS-VCPHCS-XII-DowntownDenverV5
202608260854399966,202608260654257225,202608260654255519,85,1121,Bronze INV,br_AdmissionAssessmentDimensionSix,TASK_COMPLETE,SUCCESS,INFO,473,473,0,,2026-08-26T06:54:31.515Z,2026-08-26T08:57:15.847Z,7364,2026-08-26T08:57:15.847Z,V12A,Centennial,912d32aa-0b7f-4999-bf60-6670fe5985ea,SAMMS-CentennialV5
202608260854399967,202608260654257226,202608260654255519,85,1122,Bronze INV,br_AdmissionAssessmentDimensionSix,TASK_COMPLETE,SUCCESS,INFO,292,292,0,,2026-08-26T06:54:31.515Z,2026-08-26T08:57:15.847Z,7364,2026-08-26T08:57:15.847Z,V14,Overland Park,912d32aa-0b7f-4999-bf60-6670fe5985ea,SAMMS-VCPHCS-XIV-BridgewayV5
202608260854399968,202608260654257227,202608260654255519,85,1123,Bronze INV,br_AdmissionAssessmentDimensionSix,TASK_COMPLETE,SUCCESS,INFO,562,562,0,,2026-08-26T06:54:31.515Z,2026-08-26T08:57:15.847Z,7364,2026-08-26T08:57:15.847Z,V15,Joplin,912d32aa-0b7f-4999-bf60-6670fe5985ea,SAMMS-JoplinV5
202608260854399969,202608260654257228,202608260654255519,85,1125,Bronze INV,br_AdmissionAssessmentDimensionSix,TASK_COMPLETE,SUCCESS,INFO,464,464,0,,2026-08-26T06:54:31.515Z,2026-08-26T08:57:15.847Z,7364,2026-08-26T08:57:15.847Z,V17,Columbia TN,912d32aa-0b7f-4999-bf60-6670fe5985ea,SAMMS-ColumbiaTNv5
202608260854399970,202608260654257229,202608260654255519,85,1127,Bronze INV,br_AdmissionAssessmentDimensionSix,TASK_COMPLETE,SUCCESS,INFO,410,410,0,,2026-08-26T06:54:31.515Z,2026-08-26T08:57:15.847Z,7364,2026-08-26T08:57:15.847Z,V19,Jackson,912d32aa-0b7f-4999-bf60-6670fe5985ea,SAMMS-JacksonV5
202608260854399972,202608260654257230,202608260654255519,85,1129,Bronze INV,br_AdmissionAssessmentDimensionSix,TASK_COMPLETE,SUCCESS,INFO,478,478,0,,2026-08-26T06:54:31.515Z,2026-08-26T08:57:15.847Z,7364,2026-08-26T08:57:15.847Z,V20,Paris,912d32aa-0b7f-4999-bf60-6670fe5985ea,SAMMS-ParisV5
202608200219258235,202608200029237374,202608200029237018,85,2817,Bronze INV,br_OrientationChecklistNew,TASK_COMPLETE,FAILED,ERROR,4,4,1,SaveOrientationCheckList Bronze ForEach failed,2026-08-20T00:29:28.539Z,2026-08-20T02:40:07.937Z,7839,2026-08-20T02:40:07.937Z,B33,Paducah,2e0eb052-bb28-45b1-894f-8dc0851c56cc,SAMMS-Paducah
202608200219258236,202608200029237375,202608200029237018,85,2818,Bronze INV,br_OrientationChecklistNew,TASK_COMPLETE,FAILED,ERROR,7,7,1,SaveOrientationCheckList Bronze ForEach failed,2026-08-20T00:29:28.539Z,2026-08-20T02:40:07.937Z,7839,2026-08-20T02:40:07.937Z,B34,Corbin,2e0eb052-bb28-45b1-894f-8dc0851c56cc,SAMMS-CorbinV5
202608200219258237,202608200029237376,202608200029237018,85,2819,Bronze INV,br_OrientationChecklistNew,TASK_COMPLETE,FAILED,ERROR,14,14,1,SaveOrientationCheckList Bronze ForEach failed,2026-08-20T00:29:28.539Z,2026-08-20T02:40:07.937Z,7839,2026-08-20T02:40:07.937Z,B35,Lexington,2e0eb052-bb28-45b1-894f-8dc0851c56cc,SAMMS-LexingtonV5
202608200219258239,202608200029237377,202608200029237018,85,2820,Bronze INV,br_OrientationChecklistNew,TASK_COMPLETE,FAILED,ERROR,8,8,1,SaveOrientationCheckList Bronze ForEach failed,2026-08-20T00:29:28.539Z,2026-08-20T02:40:07.937Z,7839,2026-08-20T02:40:07.937Z,B35A,Berea,2e0eb052-bb28-45b1-894f-8dc0851c56cc,SAMMS-BereaV5
202608200219258240,202608200029237378,202608200029237018,85,2821,Bronze INV,br_OrientationChecklistNew,TASK_COMPLETE,FAILED,ERROR,10,10,1,SaveOrientationCheckList Bronze ForEach failed,2026-08-20T00:29:28.539Z,2026-08-20T02:40:07.937Z,7839,2026-08-20T02:40:07.937Z,B36,Asheville,2e0eb052-bb28-45b1-894f-8dc0851c56cc,SAMMS-AshevilleV5
202608200219258241,202608200029237379,202608200029237018,85,2822,Bronze INV,br_OrientationChecklistNew,TASK_COMPLETE,FAILED,ERROR,0,0,1,SaveOrientationCheckList Bronze ForEach failed,2026-08-20T00:29:28.539Z,2026-08-20T02:40:07.937Z,7839,2026-08-20T02:40:07.937Z,B37,Clyde,2e0eb052-bb28-45b1-894f-8dc0851c56cc,SAMMS-ClydeV5
202608200219258242,202608200029237380,202608200029237018,85,2823,Bronze INV,br_OrientationChecklistNew,TASK_COMPLETE,FAILED,ERROR,8,8,1,SaveOrientationCheckList Bronze ForEach failed,2026-08-20T00:29:28.539Z,2026-08-20T02:40:07.937Z,7839,2026-08-20T02:40:07.937Z,B38,Spartanburg,2e0eb052-bb28-45b1-894f-8dc0851c56cc,SAMMS-SpartanburgV5
202608200219258243,202608200029237381,202608200029237018,85,2824,Bronze INV,br_OrientationChecklistNew,TASK_COMPLETE,FAILED,ERROR,2,2,1,SaveOrientationCheckList Bronze ForEach failed,2026-08-20T00:29:28.539Z,2026-08-20T02:40:07.937Z,7839,2026-08-20T02:40:07.937Z,B39,Aiken,2e0eb052-bb28-45b1-894f-8dc0851c56cc,SAMMS-AikenV5
202608200219258244,202608200029237382,202608200029237018,85,2825,Bronze INV,br_OrientationChecklistNew,TASK_COMPLETE,FAILED,ERROR,7,7,1,SaveOrientationCheckList Bronze ForEach failed,2026-08-20T00:29:28.539Z,2026-08-20T02:40:07.937Z,7839,2026-08-20T02:40:07.937Z,B41,Chesapeake,2e0eb052-bb28-45b1-894f-8dc0851c56cc,SAMMS-ChesapeakeV5
202608200219258245,202608200029237383,202608200029237018,85,2826,Bronze INV,br_OrientationChecklistNew,TASK_COMPLETE,FAILED,ERROR,8,8,1,SaveOrientationCheckList Bronze ForEach failed,2026-08-20T00:29:28.539Z,2026-08-20T02:40:07.937Z,7839,2026-08-20T02:40:07.937Z,B42,Virginia Beach,2e0eb052-bb28-45b1-894f-8dc0851c56cc,SAMMS-VirginiaBeachV5
202608200219258246,202608200029237384,202608200029237018,85,2827,Bronze INV,br_OrientationChecklistNew,TASK_COMPLETE,FAILED,ERROR,8,8,1,SaveOrientationCheckList Bronze ForEach failed,2026-08-20T00:29:28.539Z,2026-08-20T02:40:07.937Z,7839,2026-08-20T02:40:07.937Z,B42A,Newport News,2e0eb052-bb28-45b1-894f-8dc0851c56cc,SAMMS-NewportNewsV5
202608200219258247,202608200029237385,202608200029237018,85,2828,Bronze INV,br_OrientationChecklistNew,TASK_COMPLETE,FAILED,ERROR,0,0,1,SaveOrientationCheckList Bronze ForEach failed,2026-08-20T00:29:28.539Z,2026-08-20T02:40:07.937Z,7839,2026-08-20T02:40:07.937Z,B42B,Franklin,2e0eb052-bb28-45b1-894f-8dc0851c56cc,SAMMS-FranklinV5
202608200219258248,202608200029237386,202608200029237018,85,2829,Bronze INV,br_OrientationChecklistNew,TASK_COMPLETE,FAILED,ERROR,8,8,1,SaveOrientationCheckList Bronze ForEach failed,2026-08-20T00:29:28.539Z,2026-08-20T02:40:07.937Z,7839,2026-08-20T02:40:07.937Z,B42C,Glen Allen,2e0eb052-bb28-45b1-894f-8dc0851c56cc,SAMMS-GlenAllenV5
202608200219258250,202608200029237387,202608200029237018,85,2830,Bronze INV,br_OrientationChecklistNew,TASK_COMPLETE,FAILED,ERROR,7,7,1,SaveOrientationCheckList Bronze ForEach failed,2026-08-20T00:29:28.539Z,2026-08-20T02:40:07.937Z,7839,2026-08-20T02:40:07.937Z,B42D,Chesapeake South,2e0eb052-bb28-45b1-894f-8dc0851c56cc,SAMMS-ChesapeakeSouthV5
202608200219258251,202608200029237388,202608200029237018,85,2831,Bronze INV,br_OrientationChecklistNew,TASK_COMPLETE,FAILED,ERROR,3,3,1,SaveOrientationCheckList Bronze ForEach failed,2026-08-20T00:29:28.539Z,2026-08-20T02:40:07.937Z,7839,2026-08-20T02:40:07.937Z,B44,Albany,2e0eb052-bb28-45b1-894f-8dc0851c56cc,SAMMS-AlbanyV5
202608200219258252,202608200029237389,202608200029237018,85,2832,Bronze INV,br_OrientationChecklistNew,TASK_COMPLETE,FAILED,ERROR,9,9,1,SaveOrientationCheckList Bronze ForEach failed,2026-08-20T00:29:28.539Z,2026-08-20T02:40:07.937Z,7839,2026-08-20T02:40:07.937Z,B45,Tifton,2e0eb052-bb28-45b1-894f-8dc0851c56cc,SAMMS-TiftonV5
202608200219258253,202608200029237390,202608200029237018,85,2833,Bronze INV,br_OrientationChecklistNew,TASK_COMPLETE,FAILED,ERROR,15,15,1,SaveOrientationCheckList Bronze ForEach failed,2026-08-20T00:29:28.539Z,2026-08-20T02:40:07.937Z,7839,2026-08-20T02:40:07.937Z,B46,Washington DC,2e0eb052-bb28-45b1-894f-8dc0851c56cc,SAMMS-WashingtonDCv5
202608200219258254,202608200029237391,202608200029237018,85,2834,Bronze INV,br_OrientationChecklistNew,TASK_COMPLETE,FAILED,ERROR,2,2,1,SaveOrientationCheckList Bronze ForEach failed,2026-08-20T00:29:28.539Z,2026-08-20T02:40:07.937Z,7839,2026-08-20T02:40:07.937Z,B47,Mobile,2e0eb052-bb28-45b1-894f-8dc0851c56cc,SAMMS-MobileV5
202608200219258255,202608200029237392,202608200029237018,85,2835,Bronze INV,br_OrientationChecklistNew,TASK_COMPLETE,FAILED,ERROR,6,6,1,SaveOrientationCheckList Bronze ForEach failed,2026-08-20T00:29:28.539Z,2026-08-20T02:40:07.937Z,7839,2026-08-20T02:40:07.937Z,B48,Tuscaloosa,2e0eb052-bb28-45b1-894f-8dc0851c56cc,SAMMS-TuscaloosaV5
202608200219258256,202608200029237393,202608200029237018,85,2844,Bronze INV,br_OrientationChecklistNew,TASK_COMPLETE,FAILED,ERROR,6,6,1,SaveOrientationCheckList Bronze ForEach failed,2026-08-20T00:29:28.539Z,2026-08-20T02:40:07.937Z,7839,2026-08-20T02:40:07.937Z,B51,N. Little Rock (OTP),2e0eb052-bb28-45b1-894f-8dc0851c56cc,SAMMS-NorthLittleRockV6
202608200219258257,202608200029237394,202608200029237018,85,2845,Bronze INV,br_OrientationChecklistNew,TASK_COMPLETE,FAILED,ERROR,2,2,1,SaveOrientationCheckList Bronze ForEach failed,2026-08-20T00:29:28.539Z,2026-08-20T02:40:07.937Z,7839,2026-08-20T02:40:07.937Z,B52,Jackson GA,2e0eb052-bb28-45b1-894f-8dc0851c56cc,SAMMS-JacksonGAV5
202608200219258259,202608200029237395,202608200029237018,85,2846,Bronze INV,br_OrientationChecklistNew,TASK_COMPLETE,FAILED,ERROR,10,10,1,SaveOrientationCheckList Bronze ForEach failed,2026-08-20T00:29:28.539Z,2026-08-20T02:40:07.937Z,7839,2026-08-20T02:40:07.937Z,B54,Gadsden,2e0eb052-bb28-45b1-894f-8dc0851c56cc,SAMMS-GadsdenV5
202608200219258260,202608200029237396,202608200029237018,85,2847,Bronze INV,br_OrientationChecklistNew,TASK_COMPLETE,FAILED,ERROR,7,7,1,SaveOrientationCheckList Bronze ForEach failed,2026-08-20T00:29:28.539Z,2026-08-20T02:40:07.937Z,7839,2026-08-20T02:40:07.937Z,B55,Shoals,2e0eb052-bb28-45b1-894f-8dc0851c56cc,SAMMS-ShoalsV5
202608200219258261,202608200029237397,202608200029237018,85,2848,Bronze INV,br_OrientationChecklistNew,TASK_COMPLETE,FAILED,ERROR,0,0,1,SaveOrientationCheckList Bronze ForEach failed,2026-08-20T00:29:28.539Z,2026-08-20T02:40:07.937Z,7839,2026-08-20T02:40:07.937Z,B57,Pawtucket,2e0eb052-bb28-45b1-894f-8dc0851c56cc,SAMMS-Pawtucket
202608200219258262,202608200029237398,202608200029237018,85,2849,Bronze INV,br_OrientationChecklistNew,TASK_COMPLETE,FAILED,ERROR,3,3,1,SaveOrientationCheckList Bronze ForEach failed,2026-08-20T00:29:28.539Z,2026-08-20T02:40:07.937Z,7839,2026-08-20T02:40:07.937Z,B57A,Johnston,2e0eb052-bb28-45b1-894f-8dc0851c56cc,SAMMS-Johnston
202608200219258263,202608200029237399,202608200029237018,85,2850,Bronze INV,br_OrientationChecklistNew,TASK_COMPLETE,FAILED,ERROR,1,1,1,SaveOrientationCheckList Bronze ForEach failed,2026-08-20T00:29:28.539Z,2026-08-20T02:40:07.937Z,7839,2026-08-20T02:40:07.937Z,B57B,Middletown,2e0eb052-bb28-45b1-894f-8dc0851c56cc,SAMMS-Middletown
202608200219258264,202608200029237400,202608200029237018,85,2851,Bronze INV,br_OrientationChecklistNew,TASK_COMPLETE,FAILED,ERROR,4,4,1,SaveOrientationCheckList Bronze ForEach failed,2026-08-20T00:29:28.539Z,2026-08-20T02:40:07.937Z,7839,2026-08-20T02:40:07.937Z,B57C,Providence,2e0eb052-bb28-45b1-894f-8dc0851c56cc,SAMMS-Providence
202608200219258266,202608200029237401,202608200029237018,85,2852,Bronze INV,br_OrientationChecklistNew,TASK_COMPLETE,FAILED,ERROR,0,0,1,SaveOrientationCheckList Bronze ForEach failed,2026-08-20T00:29:28.539Z,2026-08-20T02:40:07.937Z,7839,2026-08-20T02:40:07.937Z,B57D,Westerly,2e0eb052-bb28-45b1-894f-8dc0851c56cc,SAMMS-Westerly
202608200219258267,202608200029237402,202608200029237018,85,2856,Bronze INV,br_OrientationChecklistNew,TASK_COMPLETE,FAILED,ERROR,0,0,1,SaveOrientationCheckList Bronze ForEach failed,2026-08-20T00:29:28.539Z,2026-08-20T02:40:07.937Z,7839,2026-08-20T02:40:07.937Z,B66A,Bremen,2e0eb052-bb28-45b1-894f-8dc0851c56cc,SAMMS-Bremen
202608200219258268,202608200029237403,202608200029237018,85,2859,Bronze INV,br_OrientationChecklistNew,TASK_COMPLETE,FAILED,ERROR,0,0,1,SaveOrientationCheckList Bronze ForEach failed,2026-08-20T00:29:28.539Z,2026-08-20T02:40:07.937Z,7839,2026-08-20T02:40:07.937Z,B72,Mobile (OBOT),2e0eb052-bb28-45b1-894f-8dc0851c56cc,SAMMS-Mobile-OBOT
202608200219258269,202608200029237404,202608200029237018,85,2860,Bronze INV,br_OrientationChecklistNew,TASK_COMPLETE,FAILED,ERROR,0,0,1,SaveOrientationCheckList Bronze ForEach failed,2026-08-20T00:29:28.539Z,2026-08-20T02:40:07.937Z,7839,2026-08-20T02:40:07.937Z,B73,Montgomery,2e0eb052-bb28-45b1-894f-8dc0851c56cc,SAMMS-Montgomery
202608200219258270,202608200029237405,202608200029237018,85,2861,Bronze INV,br_OrientationChecklistNew,TASK_COMPLETE,FAILED,ERROR,7,7,1,SaveOrientationCheckList Bronze ForEach failed,2026-08-20T00:29:28.539Z,2026-08-20T02:40:07.937Z,7839,2026-08-20T02:40:07.937Z,B75,Lawrence,2e0eb052-bb28-45b1-894f-8dc0851c56cc,SAMMS-LawrenceV6
202608200219258271,202608200029237406,202608200029237018,85,2862,Bronze INV,br_OrientationChecklistNew,TASK_COMPLETE,FAILED,ERROR,0,0,1,SaveOrientationCheckList Bronze ForEach failed,2026-08-20T00:29:28.539Z,2026-08-20T02:40:07.937Z,7839,2026-08-20T02:40:07.937Z,B76,Huntsville OBOT,2e0eb052-bb28-45b1-894f-8dc0851c56cc,SAMMS-Huntsville-OBOT
202608200219258272,202608200029237407,202608200029237018,85,2863,Bronze INV,br_OrientationChecklistNew,TASK_COMPLETE,FAILED,ERROR,0,0,1,SaveOrientationCheckList Bronze ForEach failed,2026-08-20T00:29:28.539Z,2026-08-20T02:40:07.937Z,7839,2026-08-20T02:40:07.937Z,BAT,Batesville,2e0eb052-bb28-45b1-894f-8dc0851c56cc,SAMMS-Batesville
202608200219258273,202608200029237408,202608200029237018,85,2864,Bronze INV,br_OrientationChecklistNew,TASK_COMPLETE,FAILED,ERROR,8,8,1,SaveOrientationCheckList Bronze ForEach failed,2026-08-20T00:29:28.539Z,2026-08-20T02:40:07.937Z,7839,2026-08-20T02:40:07.937Z,BG,Bowling Green,2e0eb052-bb28-45b1-894f-8dc0851c56cc,SAMMS-BowlingGreen
202608200219258274,202608200029237409,202608200029237018,85,2865,Bronze INV,br_OrientationChecklistNew,TASK_COMPLETE,FAILED,ERROR,3,3,1,SaveOrientationCheckList Bronze ForEach failed,2026-08-20T00:29:28.539Z,2026-08-20T02:40:07.937Z,7839,2026-08-20T02:40:07.937Z,BOI,Boise,2e0eb052-bb28-45b1-894f-8dc0851c56cc,SAMMS-Boise
202608200219258276,202608200029237410,202608200029237018,85,2872,Bronze INV,br_OrientationChecklistNew,TASK_COMPLETE,FAILED,ERROR,6,6,1,SaveOrientationCheckList Bronze ForEach failed,2026-08-20T00:29:28.539Z,2026-08-20T02:40:07.937Z,7839,2026-08-20T02:40:07.937Z,CBCO,Coeur dAlene,2e0eb052-bb28-45b1-894f-8dc0851c56cc,SAMMS-CoeurdAleneV6
202608200219258277,202608200029237411,202608200029237018,85,2891,Bronze INV,br_OrientationChecklistNew,TASK_COMPLETE,FAILED,ERROR,0,0,1,SaveOrientationCheckList Bronze ForEach failed,2026-08-20T00:29:28.539Z,2026-08-20T02:40:07.937Z,7839,2026-08-20T02:40:07.937Z,CON,Conway,2e0eb052-bb28-45b1-894f-8dc0851c56cc,SAMMS-Conway
202608260854399601,202608260654256967,202608260654255519,85,713,Bronze INV,br_AdmissionAssessmentDimensionFour,TASK_COMPLETE,SUCCESS,INFO,151,151,0,,2026-08-26T06:54:31.515Z,2026-08-26T08:57:15.847Z,7364,2026-08-26T08:57:15.847Z,LAN,Lansing,912d32aa-0b7f-4999-bf60-6670fe5985ea,SAMMS-Lansing
202608260854399602,202608260654256968,202608260654255519,85,714,Bronze INV,br_AdmissionAssessmentDimensionFour,TASK_COMPLETE,SUCCESS,INFO,427,427,0,,2026-08-26T06:54:31.515Z,2026-08-26T08:57:15.847Z,7364,2026-08-26T08:57:15.847Z,LO,Louisville,912d32aa-0b7f-4999-bf60-6670fe5985ea,SAMMS-Louisville
202608260854399604,202608260654256969,202608260654255519,85,715,Bronze INV,br_AdmissionAssessmentDimensionFour,TASK_COMPLETE,SUCCESS,INFO,1163,1163,0,,2026-08-26T06:54:31.515Z,2026-08-26T08:57:15.847Z,7364,2026-08-26T08:57:15.847Z,LV1,Cheyenne,912d32aa-0b7f-4999-bf60-6670fe5985ea,SAMMS-Cheyenne
202608260854399605,202608260654256970,202608260654255519,85,716,Bronze INV,br_AdmissionAssessmentDimensionFour,TASK_COMPLETE,SUCCESS,INFO,931,931,0,,2026-08-26T06:54:31.515Z,2026-08-26T08:57:15.847Z,7364,2026-08-26T08:57:15.847Z,LV2,Desert Inn,912d32aa-0b7f-4999-bf60-6670fe5985ea,SAMMS-DesertInn
202608260854399606,202608260654256971,202608260654255519,85,717,Bronze INV,br_AdmissionAssessmentDimensionFour,TASK_COMPLETE,SUCCESS,INFO,309,309,0,,2026-08-26T06:54:31.515Z,2026-08-26T08:57:15.847Z,7364,2026-08-26T08:57:15.847Z,LV3,McDaniel,912d32aa-0b7f-4999-bf60-6670fe5985ea,SAMMS-McDaniel
202608260854399607,202608260654256972,202608260654255519,85,720,Bronze INV,br_AdmissionAssessmentDimensionFour,TASK_COMPLETE,SUCCESS,INFO,269,269,0,,2026-08-26T06:54:31.515Z,2026-08-26T08:57:15.847Z,7364,2026-08-26T08:57:15.847Z,MNRE,Monroe,912d32aa-0b7f-4999-bf60-6670fe5985ea,SAMMS-Monroe
202608260854399608,202608260654256973,202608260654255519,85,721,Bronze INV,br_AdmissionAssessmentDimensionFour,TASK_COMPLETE,SUCCESS,INFO,118,118,0,,2026-08-26T06:54:31.515Z,2026-08-26T08:57:15.847Z,7364,2026-08-26T08:57:15.847Z,MP,Mt. Pleasant,912d32aa-0b7f-4999-bf60-6670fe5985ea,SAMMS-MtPleasant
202608260854399609,202608260654256974,202608260654255519,85,722,Bronze INV,br_AdmissionAssessmentDimensionFour,TASK_COMPLETE,SUCCESS,INFO,170,170,0,,2026-08-26T06:54:31.515Z,2026-08-26T08:57:15.847Z,7364,2026-08-26T08:57:15.847Z,MRD,Meridian,912d32aa-0b7f-4999-bf60-6670fe5985ea,SAMMS-Meridian
202608260854399610,202608260654256975,202608260654255519,85,727,Bronze INV,br_AdmissionAssessmentDimensionFour,TASK_COMPLETE,SUCCESS,INFO,633,633,0,,2026-08-26T06:54:31.515Z,2026-08-26T08:57:15.847Z,7364,2026-08-26T08:57:15.847Z,NC,North Charleston,912d32aa-0b7f-4999-bf60-6670fe5985ea,SAMMS-NorthCharleston
202608260854399612,202608260654256976,202608260654255519,85,728,Bronze INV,br_AdmissionAssessmentDimensionFour,TASK_COMPLETE,SUCCESS,INFO,568,568,0,,2026-08-26T06:54:31.515Z,2026-08-26T08:57:15.847Z,7364,2026-08-26T08:57:15.847Z,NLR,N. Little Rock,912d32aa-0b7f-4999-bf60-6670fe5985ea,SAMMS-NLROBOT
202608260854399613,202608260654256977,202608260654255519,85,729,Bronze INV,br_AdmissionAssessmentDimensionFour,TASK_COMPLETE,SUCCESS,INFO,234,234,0,,2026-08-26T06:54:31.515Z,2026-08-26T08:57:15.847Z,7364,2026-08-26T08:57:15.847Z,PH,Phoenix,912d32aa-0b7f-4999-bf60-6670fe5985ea,SAMMS-Phoenix
202608260854399614,202608260654256978,202608260654255519,85,733,Bronze INV,br_AdmissionAssessmentDimensionFour,TASK_COMPLETE,SUCCESS,INFO,406,406,0,,2026-08-26T06:54:31.515Z,2026-08-26T08:57:15.847Z,7364,2026-08-26T08:57:15.847Z,RE,Reno,912d32aa-0b7f-4999-bf60-6670fe5985ea,SAMMS-Reno
202608260854399615,202608260654256979,202608260654255519,85,734,Bronze INV,br_AdmissionAssessmentDimensionFour,TASK_COMPLETE,SUCCESS,INFO,388,388,0,,2026-08-26T06:54:31.515Z,2026-08-26T08:57:15.847Z,7364,2026-08-26T08:57:15.847Z,RMD,Richmond,912d32aa-0b7f-4999-bf60-6670fe5985ea,SAMMS-Richmond
202608260854399616,202608260654256980,202608260654255519,85,735,Bronze INV,br_AdmissionAssessmentDimensionFour,TASK_COMPLETE,SUCCESS,INFO,483,483,0,,2026-08-26T06:54:31.515Z,2026-08-26T08:57:15.847Z,7364,2026-08-26T08:57:15.847Z,SFN,Springfield North,912d32aa-0b7f-4999-bf60-6670fe5985ea,SAMMS-SFNv5
202608260854399617,202608260654256981,202608260654255519,85,736,Bronze INV,br_AdmissionAssessmentDimensionFour,TASK_COMPLETE,SUCCESS,INFO,445,445,0,,2026-08-26T06:54:31.515Z,2026-08-26T08:57:15.847Z,7364,2026-08-26T08:57:15.847Z,SHP,Shreveport,912d32aa-0b7f-4999-bf60-6670fe5985ea,SAMMS-Shreveport
202608260854399619,202608260654256982,202608260654255519,85,738,Bronze INV,br_AdmissionAssessmentDimensionFour,TASK_COMPLETE,SUCCESS,INFO,80,80,0,,2026-08-26T06:54:31.515Z,2026-08-26T08:57:15.847Z,7364,2026-08-26T08:57:15.847Z,STN,Staunton,912d32aa-0b7f-4999-bf60-6670fe5985ea,SAMMS-Staunton
202608260854399620,202608260654256983,202608260654255519,85,739,Bronze INV,br_AdmissionAssessmentDimensionFour,TASK_COMPLETE,SUCCESS,INFO,52,52,0,,2026-08-26T06:54:31.515Z,2026-08-26T08:57:15.847Z,7364,2026-08-26T08:57:15.847Z,STVN,Stevenson,912d32aa-0b7f-4999-bf60-6670fe5985ea,SAMMS-Stevenson
202608260854399621,202608260654256984,202608260654255519,85,741,Bronze INV,br_AdmissionAssessmentDimensionFour,TASK_COMPLETE,SUCCESS,INFO,70,70,0,,2026-08-26T06:54:31.515Z,2026-08-26T08:57:15.847Z,7364,2026-08-26T08:57:15.847Z,TE,Tempe,912d32aa-0b7f-4999-bf60-6670fe5985ea,SAMMS-Tempe
202608260854399622,202608260654256985,202608260654255519,85,742,Bronze INV,br_AdmissionAssessmentDimensionFour,TASK_COMPLETE,SUCCESS,INFO,366,366,0,,2026-08-26T06:54:31.515Z,2026-08-26T08:57:15.847Z,7364,2026-08-26T08:57:15.847Z,TEX,Texarkana,912d32aa-0b7f-4999-bf60-6670fe5985ea,SAMMS-Texarkana
202608260854399623,202608260654256986,202608260654255519,85,743,Bronze INV,br_AdmissionAssessmentDimensionFour,TASK_COMPLETE,SUCCESS,INFO,419,419,0,,2026-08-26T06:54:31.515Z,2026-08-26T08:57:15.847Z,7364,2026-08-26T08:57:15.847Z,TTCA,Bessemer,912d32aa-0b7f-4999-bf60-6670fe5985ea,SAMMS-BessemerV5
202608260854399624,202608260654256987,202608260654255519,85,744,Bronze INV,br_AdmissionAssessmentDimensionFour,TASK_COMPLETE,SUCCESS,INFO,548,548,0,,2026-08-26T06:54:31.515Z,2026-08-26T08:57:15.847Z,7364,2026-08-26T08:57:15.847Z,TTCB,Cullman,912d32aa-0b7f-4999-bf60-6670fe5985ea,SAMMS-CullmanV5
202608260854399625,202608260654256988,202608260654255519,85,745,Bronze INV,br_AdmissionAssessmentDimensionFour,TASK_COMPLETE,SUCCESS,INFO,294,294,0,,2026-08-26T06:54:31.515Z,2026-08-26T08:57:15.847Z,7364,2026-08-26T08:57:15.847Z,TTCC,Grand Bay,912d32aa-0b7f-4999-bf60-6670fe5985ea,SAMMS-GrandBay
202608260854399627,202608260654256989,202608260654255519,85,746,Bronze INV,br_AdmissionAssessmentDimensionFour,TASK_COMPLETE,SUCCESS,INFO,22,22,0,,2026-08-26T06:54:31.515Z,2026-08-26T08:57:15.847Z,7364,2026-08-26T08:57:15.847Z,TU,Tucson,912d32aa-0b7f-4999-bf60-6670fe5985ea,SAMMS-Tucson
202608260854399628,202608260654256990,202608260654255519,85,748,Bronze INV,br_AdmissionAssessmentDimensionFour,TASK_COMPLETE,SUCCESS,INFO,251,251,0,,2026-08-26T06:54:31.515Z,2026-08-26T08:57:15.847Z,7364,2026-08-26T08:57:15.847Z,V1,Memphis South,912d32aa-0b7f-4999-bf60-6670fe5985ea,SAMMS-VCPHCS-I-MemphisV5
202608260854399629,202608260654256991,202608260654255519,85,749,Bronze INV,br_AdmissionAssessmentDimensionFour,TASK_COMPLETE,SUCCESS,INFO,691,691,0,,2026-08-26T06:54:31.515Z,2026-08-26T08:57:15.847Z,7364,2026-08-26T08:57:15.847Z,V10,Longmont,912d32aa-0b7f-4999-bf60-6670fe5985ea,SAMMS-BoulderV5
202608260854399630,202608260654256992,202608260654255519,85,750,Bronze INV,br_AdmissionAssessmentDimensionFour,TASK_COMPLETE,SUCCESS,INFO,1186,1186,0,,2026-08-26T06:54:31.515Z,2026-08-26T08:57:15.847Z,7364,2026-08-26T08:57:15.847Z,V10A,Fort Collins,912d32aa-0b7f-4999-bf60-6670fe5985ea,SAMMS-FortCollinsV5
202608260854399631,202608260654256993,202608260654255519,85,751,Bronze INV,br_AdmissionAssessmentDimensionFour,TASK_COMPLETE,SUCCESS,INFO,984,984,0,,2026-08-26T06:54:31.515Z,2026-08-26T08:57:15.847Z,7364,2026-08-26T08:57:15.847Z,V11,Westminster,912d32aa-0b7f-4999-bf60-6670fe5985ea,SAMMS-VCPHCS-XI-NorthDenverV5
202608260854399632,202608260654256994,202608260654255519,85,752,Bronze INV,br_AdmissionAssessmentDimensionFour,TASK_COMPLETE,SUCCESS,INFO,1054,1054,0,,2026-08-26T06:54:31.515Z,2026-08-26T08:57:15.847Z,7364,2026-08-26T08:57:15.847Z,V12,Downtown Denver,912d32aa-0b7f-4999-bf60-6670fe5985ea,SAMMS-VCPHCS-XII-DowntownDenverV5
202608260854399634,202608260654256995,202608260654255519,85,753,Bronze INV,br_AdmissionAssessmentDimensionFour,TASK_COMPLETE,SUCCESS,INFO,475,475,0,,2026-08-26T06:54:31.515Z,2026-08-26T08:57:15.847Z,7364,2026-08-26T08:57:15.847Z,V12A,Centennial,912d32aa-0b7f-4999-bf60-6670fe5985ea,SAMMS-CentennialV5
202608260854399635,202608260654256996,202608260654255519,85,754,Bronze INV,br_AdmissionAssessmentDimensionFour,TASK_COMPLETE,SUCCESS,INFO,291,291,0,,2026-08-26T06:54:31.515Z,2026-08-26T08:57:15.847Z,7364,2026-08-26T08:57:15.847Z,V14,Overland Park,912d32aa-0b7f-4999-bf60-6670fe5985ea,SAMMS-VCPHCS-XIV-BridgewayV5
202608260854399636,202608260654256997,202608260654255519,85,755,Bronze INV,br_AdmissionAssessmentDimensionFour,TASK_COMPLETE,SUCCESS,INFO,563,563,0,,2026-08-26T06:54:31.515Z,2026-08-26T08:57:15.847Z,7364,2026-08-26T08:57:15.847Z,V15,Joplin,912d32aa-0b7f-4999-bf60-6670fe5985ea,SAMMS-JoplinV5
202608260854399637,202608260654256998,202608260654255519,85,757,Bronze INV,br_AdmissionAssessmentDimensionFour,TASK_COMPLETE,SUCCESS,INFO,469,469,0,,2026-08-26T06:54:31.515Z,2026-08-26T08:57:15.847Z,7364,2026-08-26T08:57:15.847Z,V17,Columbia TN,912d32aa-0b7f-4999-bf60-6670fe5985ea,SAMMS-ColumbiaTNv5
202608260854399638,202608260654256999,202608260654255519,85,759,Bronze INV,br_AdmissionAssessmentDimensionFour,TASK_COMPLETE,SUCCESS,INFO,409,409,0,,2026-08-26T06:54:31.515Z,2026-08-26T08:57:15.847Z,7364,2026-08-26T08:57:15.847Z,V19,Jackson,912d32aa-0b7f-4999-bf60-6670fe5985ea,SAMMS-JacksonV5
202608260854399639,202608260654257000,202608260654255519,85,761,Bronze INV,br_AdmissionAssessmentDimensionFour,TASK_COMPLETE,SUCCESS,INFO,482,482,0,,2026-08-26T06:54:31.515Z,2026-08-26T08:57:15.847Z,7364,2026-08-26T08:57:15.847Z,V20,Paris,912d32aa-0b7f-4999-bf60-6670fe5985ea,SAMMS-ParisV5
202608260854399640,202608260654257001,202608260654255519,85,762,Bronze INV,br_AdmissionAssessmentDimensionFour,TASK_COMPLETE,SUCCESS,INFO,353,353,0,,2026-08-26T06:54:31.515Z,2026-08-26T08:57:15.847Z,7364,2026-08-26T08:57:15.847Z,V21,Memphis North,912d32aa-0b7f-4999-bf60-6670fe5985ea,SAMMS-RaleighV5
202608260854399642,202608260654257002,202608260654255519,85,765,Bronze INV,br_AdmissionAssessmentDimensionFour,TASK_COMPLETE,SUCCESS,INFO,699,699,0,,2026-08-26T06:54:31.515Z,2026-08-26T08:57:15.847Z,7364,2026-08-26T08:57:15.847Z,V5,West Bank,912d32aa-0b7f-4999-bf60-6670fe5985ea,SAMMS-NONTCv5
202608260854399643,202608260654257003,202608260654255519,85,767,Bronze INV,br_AdmissionAssessmentDimensionFour,TASK_COMPLETE,SUCCESS,INFO,253,253,0,,2026-08-26T06:54:31.515Z,2026-08-26T08:57:15.847Z,7364,2026-08-26T08:57:15.847Z,V5B,Houma,912d32aa-0b7f-4999-bf60-6670fe5985ea,SAMMS-HoumaV6
202608260854399644,202608260654257004,202608260654255519,85,768,Bronze INV,br_AdmissionAssessmentDimensionFour,TASK_COMPLETE,SUCCESS,INFO,953,953,0,,2026-08-26T06:54:31.515Z,2026-08-26T08:57:15.847Z,7364,2026-08-26T08:57:15.847Z,V6,Lake Charles,912d32aa-0b7f-4999-bf60-6670fe5985ea,SAMMS-LCv5
202608260854400293,202608260654256729,202608260654255519,85,1437,Bronze INV,br_AdmissionAssessmentDimensionTwo,TASK_COMPLETE,SUCCESS,INFO,179,179,0,,2026-08-26T06:54:31.515Z,2026-08-26T08:57:15.847Z,7364,2026-08-26T08:57:15.847Z,FR,Frankfort,912d32aa-0b7f-4999-bf60-6670fe5985ea,SAMMS-Frankfort
202608260854400294,202608260654256730,202608260654255519,85,1438,Bronze INV,br_AdmissionAssessmentDimensionTwo,TASK_COMPLETE,SUCCESS,INFO,279,279,0,,2026-08-26T06:54:31.515Z,2026-08-26T08:57:15.847Z,7364,2026-08-26T08:57:15.847Z,FS,Fort Smith,912d32aa-0b7f-4999-bf60-6670fe5985ea,SAMMS-FortSmith
202608260854400295,202608260654256731,202608260654255519,85,1439,Bronze INV,br_AdmissionAssessmentDimensionTwo,TASK_COMPLETE,SUCCESS,INFO,679,679,0,,2026-08-26T06:54:31.515Z,2026-08-26T08:57:15.847Z,7364,2026-08-26T08:57:15.847Z,FW,Fort Wayne,912d32aa-0b7f-4999-bf60-6670fe5985ea,SAMMS-FortWayne
202608260854400297,202608260654256732,202608260654255519,85,1440,Bronze INV,br_AdmissionAssessmentDimensionTwo,TASK_COMPLETE,SUCCESS,INFO,105,105,0,,2026-08-26T06:54:31.515Z,2026-08-26T08:57:15.847Z,7364,2026-08-26T08:57:15.847Z,GAL,Gaylord,912d32aa-0b7f-4999-bf60-6670fe5985ea,SAMMS-Gaylord
202608260854400298,202608260654256733,202608260654255519,85,1444,Bronze INV,br_AdmissionAssessmentDimensionTwo,TASK_COMPLETE,SUCCESS,INFO,623,623,0,,2026-08-26T06:54:31.515Z,2026-08-26T08:57:15.847Z,7364,2026-08-26T08:57:15.847Z,HGT,Hagerstown,912d32aa-0b7f-4999-bf60-6670fe5985ea,SAMMS-Hagerstown
202608260854400299,202608260654256734,202608260654255519,85,1445,Bronze INV,br_AdmissionAssessmentDimensionTwo,TASK_COMPLETE,SUCCESS,INFO,472,472,0,,2026-08-26T06:54:31.515Z,2026-08-26T08:57:15.847Z,7364,2026-08-26T08:57:15.847Z,HNT,Huntsville,912d32aa-0b7f-4999-bf60-6670fe5985ea,SAMMS-Huntsville
202608260854400300,202608260654256735,202608260654255519,85,1446,Bronze INV,br_AdmissionAssessmentDimensionTwo,TASK_COMPLETE,SUCCESS,INFO,311,311,0,,2026-08-26T06:54:31.515Z,2026-08-26T08:57:15.847Z,7364,2026-08-26T08:57:15.847Z,HS,Hot Springs,912d32aa-0b7f-4999-bf60-6670fe5985ea,SAMMS-HotSprings
202608260854400301,202608260654256736,202608260654255519,85,1447,Bronze INV,br_AdmissionAssessmentDimensionTwo,TASK_COMPLETE,SUCCESS,INFO,267,267,0,,2026-08-26T06:54:31.515Z,2026-08-26T08:57:15.847Z,7364,2026-08-26T08:57:15.847Z,JON,Jonesboro,912d32aa-0b7f-4999-bf60-6670fe5985ea,SAMMS-Jonesboro
202608260854400302,202608260654256737,202608260654255519,85,1449,Bronze INV,br_AdmissionAssessmentDimensionTwo,TASK_COMPLETE,SUCCESS,INFO,155,155,0,,2026-08-26T06:54:31.515Z,2026-08-26T08:57:15.847Z,7364,2026-08-26T08:57:15.847Z,LAN,Lansing,912d32aa-0b7f-4999-bf60-6670fe5985ea,SAMMS-Lansing
202608260854400303,202608260654256738,202608260654255519,85,1450,Bronze INV,br_AdmissionAssessmentDimensionTwo,TASK_COMPLETE,SUCCESS,INFO,429,429,0,,2026-08-26T06:54:31.515Z,2026-08-26T08:57:15.847Z,7364,2026-08-26T08:57:15.847Z,LO,Louisville,912d32aa-0b7f-4999-bf60-6670fe5985ea,SAMMS-Louisville
202608260854400305,202608260654256739,202608260654255519,85,1451,Bronze INV,br_AdmissionAssessmentDimensionTwo,TASK_COMPLETE,SUCCESS,INFO,1170,1170,0,,2026-08-26T06:54:31.515Z,2026-08-26T08:57:15.847Z,7364,2026-08-26T08:57:15.847Z,LV1,Cheyenne,912d32aa-0b7f-4999-bf60-6670fe5985ea,SAMMS-Cheyenne
202608260854400306,202608260654256740,202608260654255519,85,1452,Bronze INV,br_AdmissionAssessmentDimensionTwo,TASK_COMPLETE,SUCCESS,INFO,945,945,0,,2026-08-26T06:54:31.515Z,2026-08-26T08:57:15.847Z,7364,2026-08-26T08:57:15.847Z,LV2,Desert Inn,912d32aa-0b7f-4999-bf60-6670fe5985ea,SAMMS-DesertInn
202608260854400442,202608260654256741,202608260654255519,85,1453,Bronze INV,br_AdmissionAssessmentDimensionTwo,TASK_COMPLETE,SUCCESS,INFO,311,311,0,,2026-08-26T06:54:31.515Z,2026-08-26T08:57:15.847Z,7364,2026-08-26T08:57:15.847Z,LV3,McDaniel,912d32aa-0b7f-4999-bf60-6670fe5985ea,SAMMS-McDaniel
202608260854400444,202608260654256742,202608260654255519,85,1456,Bronze INV,br_AdmissionAssessmentDimensionTwo,TASK_COMPLETE,SUCCESS,INFO,271,271,0,,2026-08-26T06:54:31.515Z,2026-08-26T08:57:15.847Z,7364,2026-08-26T08:57:15.847Z,MNRE,Monroe,912d32aa-0b7f-4999-bf60-6670fe5985ea,SAMMS-Monroe
202608260854400445,202608260654256743,202608260654255519,85,1457,Bronze INV,br_AdmissionAssessmentDimensionTwo,TASK_COMPLETE,SUCCESS,INFO,130,130,0,,2026-08-26T06:54:31.515Z,2026-08-26T08:57:15.847Z,7364,2026-08-26T08:57:15.847Z,MP,Mt. Pleasant,912d32aa-0b7f-4999-bf60-6670fe5985ea,SAMMS-MtPleasant
202608260854400446,202608260654256744,202608260654255519,85,1458,Bronze INV,br_AdmissionAssessmentDimensionTwo,TASK_COMPLETE,SUCCESS,INFO,172,172,0,,2026-08-26T06:54:31.515Z,2026-08-26T08:57:15.847Z,7364,2026-08-26T08:57:15.847Z,MRD,Meridian,912d32aa-0b7f-4999-bf60-6670fe5985ea,SAMMS-Meridian
202608260854400448,202608260654256745,202608260654255519,85,1463,Bronze INV,br_AdmissionAssessmentDimensionTwo,TASK_COMPLETE,SUCCESS,INFO,636,636,0,,2026-08-26T06:54:31.515Z,2026-08-26T08:57:15.847Z,7364,2026-08-26T08:57:15.847Z,NC,North Charleston,912d32aa-0b7f-4999-bf60-6670fe5985ea,SAMMS-NorthCharleston
202608260854400449,202608260654256746,202608260654255519,85,1464,Bronze INV,br_AdmissionAssessmentDimensionTwo,TASK_COMPLETE,SUCCESS,INFO,572,572,0,,2026-08-26T06:54:31.515Z,2026-08-26T08:57:15.847Z,7364,2026-08-26T08:57:15.847Z,NLR,N. Little Rock,912d32aa-0b7f-4999-bf60-6670fe5985ea,SAMMS-NLROBOT
202608260854400450,202608260654256747,202608260654255519,85,1465,Bronze INV,br_AdmissionAssessmentDimensionTwo,TASK_COMPLETE,SUCCESS,INFO,238,238,0,,2026-08-26T06:54:31.515Z,2026-08-26T08:57:15.847Z,7364,2026-08-26T08:57:15.847Z,PH,Phoenix,912d32aa-0b7f-4999-bf60-6670fe5985ea,SAMMS-Phoenix
202608260854400451,202608260654256748,202608260654255519,85,1469,Bronze INV,br_AdmissionAssessmentDimensionTwo,TASK_COMPLETE,SUCCESS,INFO,410,410,0,,2026-08-26T06:54:31.515Z,2026-08-26T08:57:15.847Z,7364,2026-08-26T08:57:15.847Z,RE,Reno,912d32aa-0b7f-4999-bf60-6670fe5985ea,SAMMS-Reno
202608260854400457,202608260654256749,202608260654255519,85,1470,Bronze INV,br_AdmissionAssessmentDimensionTwo,TASK_COMPLETE,SUCCESS,INFO,392,392,0,,2026-08-26T06:54:31.515Z,2026-08-26T08:57:15.847Z,7364,2026-08-26T08:57:15.847Z,RMD,Richmond,912d32aa-0b7f-4999-bf60-6670fe5985ea,SAMMS-Richmond
202608260854400463,202608260654256750,202608260654255519,85,1471,Bronze INV,br_AdmissionAssessmentDimensionTwo,TASK_COMPLETE,SUCCESS,INFO,487,487,0,,2026-08-26T06:54:31.515Z,2026-08-26T08:57:15.847Z,7364,2026-08-26T08:57:15.847Z,SFN,Springfield North,912d32aa-0b7f-4999-bf60-6670fe5985ea,SAMMS-SFNv5
202608260854400464,202608260654256751,202608260654255519,85,1472,Bronze INV,br_AdmissionAssessmentDimensionTwo,TASK_COMPLETE,SUCCESS,INFO,448,448,0,,2026-08-26T06:54:31.515Z,2026-08-26T08:57:15.847Z,7364,2026-08-26T08:57:15.847Z,SHP,Shreveport,912d32aa-0b7f-4999-bf60-6670fe5985ea,SAMMS-Shreveport
202608260854400466,202608260654256752,202608260654255519,85,1474,Bronze INV,br_AdmissionAssessmentDimensionTwo,TASK_COMPLETE,SUCCESS,INFO,82,82,0,,2026-08-26T06:54:31.515Z,2026-08-26T08:57:15.847Z,7364,2026-08-26T08:57:15.847Z,STN,Staunton,912d32aa-0b7f-4999-bf60-6670fe5985ea,SAMMS-Staunton
202608260854400478,202608260654256753,202608260654255519,85,1475,Bronze INV,br_AdmissionAssessmentDimensionTwo,TASK_COMPLETE,SUCCESS,INFO,52,52,0,,2026-08-26T06:54:31.515Z,2026-08-26T08:57:15.847Z,7364,2026-08-26T08:57:15.847Z,STVN,Stevenson,912d32aa-0b7f-4999-bf60-6670fe5985ea,SAMMS-Stevenson
202608260854400480,202608260654256754,202608260654255519,85,1477,Bronze INV,br_AdmissionAssessmentDimensionTwo,TASK_COMPLETE,SUCCESS,INFO,71,71,0,,2026-08-26T06:54:31.515Z,2026-08-26T08:57:15.847Z,7364,2026-08-26T08:57:15.847Z,TE,Tempe,912d32aa-0b7f-4999-bf60-6670fe5985ea,SAMMS-Tempe
202608260854400500,202608260654256755,202608260654255519,85,1478,Bronze INV,br_AdmissionAssessmentDimensionTwo,TASK_COMPLETE,SUCCESS,INFO,365,365,0,,2026-08-26T06:54:31.515Z,2026-08-26T08:57:15.847Z,7364,2026-08-26T08:57:15.847Z,TEX,Texarkana,912d32aa-0b7f-4999-bf60-6670fe5985ea,SAMMS-Texarkana
202608260854400501,202608260654256756,202608260654255519,85,1479,Bronze INV,br_AdmissionAssessmentDimensionTwo,TASK_COMPLETE,SUCCESS,INFO,429,429,0,,2026-08-26T06:54:31.515Z,2026-08-26T08:57:15.847Z,7364,2026-08-26T08:57:15.847Z,TTCA,Bessemer,912d32aa-0b7f-4999-bf60-6670fe5985ea,SAMMS-BessemerV5
202608260854400503,202608260654256757,202608260654255519,85,1480,Bronze INV,br_AdmissionAssessmentDimensionTwo,TASK_COMPLETE,SUCCESS,INFO,549,549,0,,2026-08-26T06:54:31.515Z,2026-08-26T08:57:15.847Z,7364,2026-08-26T08:57:15.847Z,TTCB,Cullman,912d32aa-0b7f-4999-bf60-6670fe5985ea,SAMMS-CullmanV5
202608260854400504,202608260654256758,202608260654255519,85,1481,Bronze INV,br_AdmissionAssessmentDimensionTwo,TASK_COMPLETE,SUCCESS,INFO,320,320,0,,2026-08-26T06:54:31.515Z,2026-08-26T08:57:15.847Z,7364,2026-08-26T08:57:15.847Z,TTCC,Grand Bay,912d32aa-0b7f-4999-bf60-6670fe5985ea,SAMMS-GrandBay
202608260854400505,202608260654256759,202608260654255519,85,1482,Bronze INV,br_AdmissionAssessmentDimensionTwo,TASK_COMPLETE,SUCCESS,INFO,22,22,0,,2026-08-26T06:54:31.515Z,2026-08-26T08:57:15.847Z,7364,2026-08-26T08:57:15.847Z,TU,Tucson,912d32aa-0b7f-4999-bf60-6670fe5985ea,SAMMS-Tucson
202608260854400506,202608260654256760,202608260654255519,85,1484,Bronze INV,br_AdmissionAssessmentDimensionTwo,TASK_COMPLETE,SUCCESS,INFO,252,252,0,,2026-08-26T06:54:31.515Z,2026-08-26T08:57:15.847Z,7364,2026-08-26T08:57:15.847Z,V1,Memphis South,912d32aa-0b7f-4999-bf60-6670fe5985ea,SAMMS-VCPHCS-I-MemphisV5
202608260854400517,202608260654256761,202608260654255519,85,1485,Bronze INV,br_AdmissionAssessmentDimensionTwo,TASK_COMPLETE,SUCCESS,INFO,696,696,0,,2026-08-26T06:54:31.515Z,2026-08-26T08:57:15.847Z,7364,2026-08-26T08:57:15.847Z,V10,Longmont,912d32aa-0b7f-4999-bf60-6670fe5985ea,SAMMS-BoulderV5
202608260854400518,202608260654256762,202608260654255519,85,1486,Bronze INV,br_AdmissionAssessmentDimensionTwo,TASK_COMPLETE,SUCCESS,INFO,1191,1191,0,,2026-08-26T06:54:31.515Z,2026-08-26T08:57:15.847Z,7364,2026-08-26T08:57:15.847Z,V10A,Fort Collins,912d32aa-0b7f-4999-bf60-6670fe5985ea,SAMMS-FortCollinsV5
202608260854400519,202608260654256763,202608260654255519,85,1487,Bronze INV,br_AdmissionAssessmentDimensionTwo,TASK_COMPLETE,SUCCESS,INFO,996,996,0,,2026-08-26T06:54:31.515Z,2026-08-26T08:57:15.847Z,7364,2026-08-26T08:57:15.847Z,V11,Westminster,912d32aa-0b7f-4999-bf60-6670fe5985ea,SAMMS-VCPHCS-XI-NorthDenverV5
202608260854400520,202608260654256764,202608260654255519,85,1488,Bronze INV,br_AdmissionAssessmentDimensionTwo,TASK_COMPLETE,SUCCESS,INFO,1070,1070,0,,2026-08-26T06:54:31.515Z,2026-08-26T08:57:15.847Z,7364,2026-08-26T08:57:15.847Z,V12,Downtown Denver,912d32aa-0b7f-4999-bf60-6670fe5985ea,SAMMS-VCPHCS-XII-DowntownDenverV5
202608260854400521,202608260654256765,202608260654255519,85,1489,Bronze INV,br_AdmissionAssessmentDimensionTwo,TASK_COMPLETE,SUCCESS,INFO,479,479,0,,2026-08-26T06:54:31.515Z,2026-08-26T08:57:15.847Z,7364,2026-08-26T08:57:15.847Z,V12A,Centennial,912d32aa-0b7f-4999-bf60-6670fe5985ea,SAMMS-CentennialV5
202608260854400523,202608260654256766,202608260654255519,85,1490,Bronze INV,br_AdmissionAssessmentDimensionTwo,TASK_COMPLETE,SUCCESS,INFO,295,295,0,,2026-08-26T06:54:31.515Z,2026-08-26T08:57:15.847Z,7364,2026-08-26T08:57:15.847Z,V14,Overland Park,912d32aa-0b7f-4999-bf60-6670fe5985ea,SAMMS-VCPHCS-XIV-BridgewayV5
202608260854399645,202608260654257005,202608260654255519,85,770,Bronze INV,br_AdmissionAssessmentDimensionFour,TASK_COMPLETE,SUCCESS,INFO,560,560,0,,2026-08-26T06:54:31.515Z,2026-08-26T08:57:15.847Z,7364,2026-08-26T08:57:15.847Z,V8,Memphis Midtown,912d32aa-0b7f-4999-bf60-6670fe5985ea,SAMMS-VCPHCS-VIII-MemphisV5
202608260854399646,202608260654257006,202608260654255519,85,771,Bronze INV,br_AdmissionAssessmentDimensionFour,TASK_COMPLETE,SUCCESS,INFO,1567,1567,0,,2026-08-26T06:54:31.515Z,2026-08-26T08:57:15.847Z,7364,2026-08-26T08:57:15.847Z,V9,Nashville,912d32aa-0b7f-4999-bf60-6670fe5985ea,SAMMS-NashvilleV5
202608260854399647,202608260654257007,202608260654255519,85,772,Bronze INV,br_AdmissionAssessmentDimensionFour,TASK_COMPLETE,SUCCESS,INFO,330,330,0,,2026-08-26T06:54:31.515Z,2026-08-26T08:57:15.847Z,7364,2026-08-26T08:57:15.847Z,VBRA,Brainerd,912d32aa-0b7f-4999-bf60-6670fe5985ea,SAMMS-BrainerdV6
202608260854399649,202608260654257008,202608260654255519,85,773,Bronze INV,br_AdmissionAssessmentDimensionFour,TASK_COMPLETE,SUCCESS,INFO,591,591,0,,2026-08-26T06:54:31.515Z,2026-08-26T08:57:15.847Z,7364,2026-08-26T08:57:15.847Z,VBRP,Brooklyn Park,912d32aa-0b7f-4999-bf60-6670fe5985ea,SAMMS-BrooklynParkV6
202608260854399650,202608260654257009,202608260654255519,85,775,Bronze INV,br_AdmissionAssessmentDimensionFour,TASK_COMPLETE,SUCCESS,INFO,571,571,0,,2026-08-26T06:54:31.515Z,2026-08-26T08:57:15.847Z,7364,2026-08-26T08:57:15.847Z,VMIN,Minneapolis,912d32aa-0b7f-4999-bf60-6670fe5985ea,SAMMS-MinneapolisV6
202608260854399651,202608260654257010,202608260654255519,85,776,Bronze INV,br_AdmissionAssessmentDimensionFour,TASK_COMPLETE,SUCCESS,INFO,1059,1059,0,,2026-08-26T06:54:31.515Z,2026-08-26T08:57:15.847Z,7364,2026-08-26T08:57:15.847Z,VWBY,Woodbury,912d32aa-0b7f-4999-bf60-6670fe5985ea,SAMMS-WoodburyV6
202608260854399652,202608260654257011,202608260654255519,85,778,Bronze INV,br_AdmissionAssessmentDimensionFour,TASK_COMPLETE,SUCCESS,INFO,428,428,0,,2026-08-26T06:54:31.515Z,2026-08-26T08:57:15.847Z,7364,2026-08-26T08:57:15.847Z,WIL,Wilson,912d32aa-0b7f-4999-bf60-6670fe5985ea,SAMMS-Wilson
202608260854399753,202608260654355524,202608260654355519,86,5724,Silver INV,sl_AdmissionAssessmentDimensionFour,TASK_COMPLETE,SUCCESS,INFO,50813,50813,0,,2026-08-26T06:54:31.515Z,2026-08-26T08:57:15.847Z,7364,2026-08-26T08:57:15.847Z,,,912d32aa-0b7f-4999-bf60-6670fe5985ea,
202608260854399680,202608260654256552,202608260654255519,85,782,Bronze INV,br_AdmissionAssessmentDimensionOneDisorder,TASK_COMPLETE,SUCCESS,INFO,115,115,0,,2026-08-26T06:54:31.515Z,2026-08-26T08:57:15.847Z,7364,2026-08-26T08:57:15.847Z,AHK,Ahoskie,912d32aa-0b7f-4999-bf60-6670fe5985ea,SAMMS-Ahoskie
202608260854399682,202608260654256553,202608260654255519,85,783,Bronze INV,br_AdmissionAssessmentDimensionOneDisorder,TASK_COMPLETE,SUCCESS,INFO,799,799,0,,2026-08-26T06:54:31.515Z,2026-08-26T08:57:15.847Z,7364,2026-08-26T08:57:15.847Z,B12B,Colorado Springs,912d32aa-0b7f-4999-bf60-6670fe5985ea,SAMMS-ColoradoSpringsV5
202608260854399683,202608260654256554,202608260654255519,85,784,Bronze INV,br_AdmissionAssessmentDimensionOneDisorder,TASK_COMPLETE,SUCCESS,INFO,432,432,0,,2026-08-26T06:54:31.515Z,2026-08-26T08:57:15.847Z,7364,2026-08-26T08:57:15.847Z,B24,Paintsville,912d32aa-0b7f-4999-bf60-6670fe5985ea,SAMMS-PaintsvilleV5
202608260854399684,202608260654256555,202608260654255519,85,785,Bronze INV,br_AdmissionAssessmentDimensionOneDisorder,TASK_COMPLETE,SUCCESS,INFO,174,174,0,,2026-08-26T06:54:31.515Z,2026-08-26T08:57:15.847Z,7364,2026-08-26T08:57:15.847Z,B25,Pikeville,912d32aa-0b7f-4999-bf60-6670fe5985ea,SAMMS-PikevilleV5
202608260854399685,202608260654256556,202608260654255519,85,786,Bronze INV,br_AdmissionAssessmentDimensionOneDisorder,TASK_COMPLETE,SUCCESS,INFO,500,500,0,,2026-08-26T06:54:31.515Z,2026-08-26T08:57:15.847Z,7364,2026-08-26T08:57:15.847Z,B26,Hazard,912d32aa-0b7f-4999-bf60-6670fe5985ea,SAMMS-HazardV5
202608260854399686,202608260654256557,202608260654255519,85,787,Bronze INV,br_AdmissionAssessmentDimensionOneDisorder,TASK_COMPLETE,SUCCESS,INFO,198,198,0,,2026-08-26T06:54:31.515Z,2026-08-26T08:57:15.847Z,7364,2026-08-26T08:57:15.847Z,B27,Savannah,912d32aa-0b7f-4999-bf60-6670fe5985ea,SAMMS-SavannahV6
202608260854399687,202608260654256558,202608260654255519,85,788,Bronze INV,br_AdmissionAssessmentDimensionOneDisorder,TASK_COMPLETE,SUCCESS,INFO,238,238,0,,2026-08-26T06:54:31.515Z,2026-08-26T08:57:15.847Z,7364,2026-08-26T08:57:15.847Z,B28,West Plains,912d32aa-0b7f-4999-bf60-6670fe5985ea,SAMMS-WestPlainesV5
202608260854399689,202608260654256559,202608260654255519,85,789,Bronze INV,br_AdmissionAssessmentDimensionOneDisorder,TASK_COMPLETE,SUCCESS,INFO,263,263,0,,2026-08-26T06:54:31.515Z,2026-08-26T08:57:15.847Z,7364,2026-08-26T08:57:15.847Z,B29,Poplar Bluff,912d32aa-0b7f-4999-bf60-6670fe5985ea,SAMMS-PoplarBluffV5
202608260854399690,202608260654256560,202608260654255519,85,790,Bronze INV,br_AdmissionAssessmentDimensionOneDisorder,TASK_COMPLETE,SUCCESS,INFO,166,166,0,,2026-08-26T06:54:31.515Z,2026-08-26T08:57:15.847Z,7364,2026-08-26T08:57:15.847Z,B30,KC North,912d32aa-0b7f-4999-bf60-6670fe5985ea,SAMMS-KCNv5
202608260854399691,202608260654256561,202608260654255519,85,791,Bronze INV,br_AdmissionAssessmentDimensionOneDisorder,TASK_COMPLETE,SUCCESS,INFO,382,382,0,,2026-08-26T06:54:31.515Z,2026-08-26T08:57:15.847Z,7364,2026-08-26T08:57:15.847Z,B31,Dyersburg,912d32aa-0b7f-4999-bf60-6670fe5985ea,SAMMS-DyersburgV5
202608260854399692,202608260654256562,202608260654255519,85,793,Bronze INV,br_AdmissionAssessmentDimensionOneDisorder,TASK_COMPLETE,SUCCESS,INFO,216,216,0,,2026-08-26T06:54:31.515Z,2026-08-26T08:57:15.847Z,7364,2026-08-26T08:57:15.847Z,B33,Paducah,912d32aa-0b7f-4999-bf60-6670fe5985ea,SAMMS-Paducah
202608260854399693,202608260654256563,202608260654255519,85,794,Bronze INV,br_AdmissionAssessmentDimensionOneDisorder,TASK_COMPLETE,SUCCESS,INFO,461,461,0,,2026-08-26T06:54:31.515Z,2026-08-26T08:57:15.847Z,7364,2026-08-26T08:57:15.847Z,B34,Corbin,912d32aa-0b7f-4999-bf60-6670fe5985ea,SAMMS-CorbinV5
202608260854399694,202608260654256564,202608260654255519,85,795,Bronze INV,br_AdmissionAssessmentDimensionOneDisorder,TASK_COMPLETE,SUCCESS,INFO,738,738,0,,2026-08-26T06:54:31.515Z,2026-08-26T08:57:15.847Z,7364,2026-08-26T08:57:15.847Z,B35,Lexington,912d32aa-0b7f-4999-bf60-6670fe5985ea,SAMMS-LexingtonV5
202608260854399696,202608260654256565,202608260654255519,85,796,Bronze INV,br_AdmissionAssessmentDimensionOneDisorder,TASK_COMPLETE,SUCCESS,INFO,354,354,0,,2026-08-26T06:54:31.515Z,2026-08-26T08:57:15.847Z,7364,2026-08-26T08:57:15.847Z,B35A,Berea,912d32aa-0b7f-4999-bf60-6670fe5985ea,SAMMS-BereaV5
202608260854399697,202608260654256566,202608260654255519,85,797,Bronze INV,br_AdmissionAssessmentDimensionOneDisorder,TASK_COMPLETE,SUCCESS,INFO,632,632,0,,2026-08-26T06:54:31.515Z,2026-08-26T08:57:15.847Z,7364,2026-08-26T08:57:15.847Z,B36,Asheville,912d32aa-0b7f-4999-bf60-6670fe5985ea,SAMMS-AshevilleV5
202608260854399698,202608260654256567,202608260654255519,85,798,Bronze INV,br_AdmissionAssessmentDimensionOneDisorder,TASK_COMPLETE,SUCCESS,INFO,469,469,0,,2026-08-26T06:54:31.515Z,2026-08-26T08:57:15.847Z,7364,2026-08-26T08:57:15.847Z,B37,Clyde,912d32aa-0b7f-4999-bf60-6670fe5985ea,SAMMS-ClydeV5
202608260854399699,202608260654256568,202608260654255519,85,799,Bronze INV,br_AdmissionAssessmentDimensionOneDisorder,TASK_COMPLETE,SUCCESS,INFO,642,642,0,,2026-08-26T06:54:31.515Z,2026-08-26T08:57:15.847Z,7364,2026-08-26T08:57:15.847Z,B38,Spartanburg,912d32aa-0b7f-4999-bf60-6670fe5985ea,SAMMS-SpartanburgV5
202608260854399700,202608260654256569,202608260654255519,85,800,Bronze INV,br_AdmissionAssessmentDimensionOneDisorder,TASK_COMPLETE,SUCCESS,INFO,492,492,0,,2026-08-26T06:54:31.515Z,2026-08-26T08:57:15.847Z,7364,2026-08-26T08:57:15.847Z,B39,Aiken,912d32aa-0b7f-4999-bf60-6670fe5985ea,SAMMS-AikenV5
202608260854399701,202608260654256570,202608260654255519,85,801,Bronze INV,br_AdmissionAssessmentDimensionOneDisorder,TASK_COMPLETE,SUCCESS,INFO,329,329,0,,2026-08-26T06:54:31.515Z,2026-08-26T08:57:15.847Z,7364,2026-08-26T08:57:15.847Z,B41,Chesapeake,912d32aa-0b7f-4999-bf60-6670fe5985ea,SAMMS-ChesapeakeV5
202608260854399702,202608260654256571,202608260654255519,85,802,Bronze INV,br_AdmissionAssessmentDimensionOneDisorder,TASK_COMPLETE,SUCCESS,INFO,562,562,0,,2026-08-26T06:54:31.515Z,2026-08-26T08:57:15.847Z,7364,2026-08-26T08:57:15.847Z,B42,Virginia Beach,912d32aa-0b7f-4999-bf60-6670fe5985ea,SAMMS-VirginiaBeachV5
202608260854399704,202608260654256572,202608260654255519,85,803,Bronze INV,br_AdmissionAssessmentDimensionOneDisorder,TASK_COMPLETE,SUCCESS,INFO,170,170,0,,2026-08-26T06:54:31.515Z,2026-08-26T08:57:15.847Z,7364,2026-08-26T08:57:15.847Z,B42A,Newport News,912d32aa-0b7f-4999-bf60-6670fe5985ea,SAMMS-NewportNewsV5
202608260854399705,202608260654256573,202608260654255519,85,804,Bronze INV,br_AdmissionAssessmentDimensionOneDisorder,TASK_COMPLETE,SUCCESS,INFO,61,61,0,,2026-08-26T06:54:31.515Z,2026-08-26T08:57:15.847Z,7364,2026-08-26T08:57:15.847Z,B42B,Franklin,912d32aa-0b7f-4999-bf60-6670fe5985ea,SAMMS-FranklinV5
202608260854399706,202608260654256574,202608260654255519,85,805,Bronze INV,br_AdmissionAssessmentDimensionOneDisorder,TASK_COMPLETE,SUCCESS,INFO,351,351,0,,2026-08-26T06:54:31.515Z,2026-08-26T08:57:15.847Z,7364,2026-08-26T08:57:15.847Z,B42C,Glen Allen,912d32aa-0b7f-4999-bf60-6670fe5985ea,SAMMS-GlenAllenV5
202608260854399707,202608260654256575,202608260654255519,85,806,Bronze INV,br_AdmissionAssessmentDimensionOneDisorder,TASK_COMPLETE,SUCCESS,INFO,174,174,0,,2026-08-26T06:54:31.515Z,2026-08-26T08:57:15.847Z,7364,2026-08-26T08:57:15.847Z,B42D,Chesapeake South,912d32aa-0b7f-4999-bf60-6670fe5985ea,SAMMS-ChesapeakeSouthV5
202608260854399708,202608260654256576,202608260654255519,85,807,Bronze INV,br_AdmissionAssessmentDimensionOneDisorder,TASK_COMPLETE,SUCCESS,INFO,216,216,0,,2026-08-26T06:54:31.515Z,2026-08-26T08:57:15.847Z,7364,2026-08-26T08:57:15.847Z,B44,Albany,912d32aa-0b7f-4999-bf60-6670fe5985ea,SAMMS-AlbanyV5
202608260854399709,202608260654256577,202608260654255519,85,808,Bronze INV,br_AdmissionAssessmentDimensionOneDisorder,TASK_COMPLETE,SUCCESS,INFO,312,312,0,,2026-08-26T06:54:31.515Z,2026-08-26T08:57:15.847Z,7364,2026-08-26T08:57:15.847Z,B45,Tifton,912d32aa-0b7f-4999-bf60-6670fe5985ea,SAMMS-TiftonV5
202608260854399711,202608260654256578,202608260654255519,85,809,Bronze INV,br_AdmissionAssessmentDimensionOneDisorder,TASK_COMPLETE,SUCCESS,INFO,701,701,0,,2026-08-26T06:54:31.515Z,2026-08-26T08:57:15.847Z,7364,2026-08-26T08:57:15.847Z,B46,Washington DC,912d32aa-0b7f-4999-bf60-6670fe5985ea,SAMMS-WashingtonDCv5
202608260854399712,202608260654256579,202608260654255519,85,810,Bronze INV,br_AdmissionAssessmentDimensionOneDisorder,TASK_COMPLETE,SUCCESS,INFO,391,391,0,,2026-08-26T06:54:31.515Z,2026-08-26T08:57:15.847Z,7364,2026-08-26T08:57:15.847Z,B47,Mobile,912d32aa-0b7f-4999-bf60-6670fe5985ea,SAMMS-MobileV5
202608260854399713,202608260654256580,202608260654255519,85,811,Bronze INV,br_AdmissionAssessmentDimensionOneDisorder,TASK_COMPLETE,SUCCESS,INFO,476,476,0,,2026-08-26T06:54:31.515Z,2026-08-26T08:57:15.847Z,7364,2026-08-26T08:57:15.847Z,B48,Tuscaloosa,912d32aa-0b7f-4999-bf60-6670fe5985ea,SAMMS-TuscaloosaV5
202608260854399714,202608260654256581,202608260654255519,85,820,Bronze INV,br_AdmissionAssessmentDimensionOneDisorder,TASK_COMPLETE,SUCCESS,INFO,321,321,0,,2026-08-26T06:54:31.515Z,2026-08-26T08:57:15.847Z,7364,2026-08-26T08:57:15.847Z,B51,N. Little Rock (OTP),912d32aa-0b7f-4999-bf60-6670fe5985ea,SAMMS-NorthLittleRockV6
202608260854400160,202608260654256884,202608260654255519,85,1311,Bronze INV,br_AdmissionAssessmentDimensionThree,TASK_COMPLETE,SUCCESS,INFO,414,414,0,,2026-08-26T06:54:31.515Z,2026-08-26T08:57:15.847Z,7364,2026-08-26T08:57:15.847Z,V19,Jackson,912d32aa-0b7f-4999-bf60-6670fe5985ea,SAMMS-JacksonV5
202608260854400161,202608260654256885,202608260654255519,85,1313,Bronze INV,br_AdmissionAssessmentDimensionThree,TASK_COMPLETE,SUCCESS,INFO,487,487,0,,2026-08-26T06:54:31.515Z,2026-08-26T08:57:15.847Z,7364,2026-08-26T08:57:15.847Z,V20,Paris,912d32aa-0b7f-4999-bf60-6670fe5985ea,SAMMS-ParisV5
202608260854400162,202608260654256886,202608260654255519,85,1314,Bronze INV,br_AdmissionAssessmentDimensionThree,TASK_COMPLETE,SUCCESS,INFO,353,353,0,,2026-08-26T06:54:31.515Z,2026-08-26T08:57:15.847Z,7364,2026-08-26T08:57:15.847Z,V21,Memphis North,912d32aa-0b7f-4999-bf60-6670fe5985ea,SAMMS-RaleighV5
202608260854400164,202608260654256887,202608260654255519,85,1317,Bronze INV,br_AdmissionAssessmentDimensionThree,TASK_COMPLETE,SUCCESS,INFO,705,705,0,,2026-08-26T06:54:31.515Z,2026-08-26T08:57:15.847Z,7364,2026-08-26T08:57:15.847Z,V5,West Bank,912d32aa-0b7f-4999-bf60-6670fe5985ea,SAMMS-NONTCv5
202608260854400166,202608260654256888,202608260654255519,85,1319,Bronze INV,br_AdmissionAssessmentDimensionThree,TASK_COMPLETE,SUCCESS,INFO,254,254,0,,2026-08-26T06:54:31.515Z,2026-08-26T08:57:15.847Z,7364,2026-08-26T08:57:15.847Z,V5B,Houma,912d32aa-0b7f-4999-bf60-6670fe5985ea,SAMMS-HoumaV6
202608260854400168,202608260654256889,202608260654255519,85,1320,Bronze INV,br_AdmissionAssessmentDimensionThree,TASK_COMPLETE,SUCCESS,INFO,958,958,0,,2026-08-26T06:54:31.515Z,2026-08-26T08:57:15.847Z,7364,2026-08-26T08:57:15.847Z,V6,Lake Charles,912d32aa-0b7f-4999-bf60-6670fe5985ea,SAMMS-LCv5
202608260854400169,202608260654256890,202608260654255519,85,1322,Bronze INV,br_AdmissionAssessmentDimensionThree,TASK_COMPLETE,SUCCESS,INFO,564,564,0,,2026-08-26T06:54:31.515Z,2026-08-26T08:57:15.847Z,7364,2026-08-26T08:57:15.847Z,V8,Memphis Midtown,912d32aa-0b7f-4999-bf60-6670fe5985ea,SAMMS-VCPHCS-VIII-MemphisV5
202608260854400172,202608260654256891,202608260654255519,85,1323,Bronze INV,br_AdmissionAssessmentDimensionThree,TASK_COMPLETE,SUCCESS,INFO,1574,1574,0,,2026-08-26T06:54:31.515Z,2026-08-26T08:57:15.847Z,7364,2026-08-26T08:57:15.847Z,V9,Nashville,912d32aa-0b7f-4999-bf60-6670fe5985ea,SAMMS-NashvilleV5
202608260854400174,202608260654256892,202608260654255519,85,1324,Bronze INV,br_AdmissionAssessmentDimensionThree,TASK_COMPLETE,SUCCESS,INFO,332,332,0,,2026-08-26T06:54:31.515Z,2026-08-26T08:57:15.847Z,7364,2026-08-26T08:57:15.847Z,VBRA,Brainerd,912d32aa-0b7f-4999-bf60-6670fe5985ea,SAMMS-BrainerdV6
202608260854400176,202608260654256893,202608260654255519,85,1325,Bronze INV,br_AdmissionAssessmentDimensionThree,TASK_COMPLETE,SUCCESS,INFO,593,593,0,,2026-08-26T06:54:31.515Z,2026-08-26T08:57:15.847Z,7364,2026-08-26T08:57:15.847Z,VBRP,Brooklyn Park,912d32aa-0b7f-4999-bf60-6670fe5985ea,SAMMS-BrooklynParkV6
202608260854400177,202608260654256894,202608260654255519,85,1327,Bronze INV,br_AdmissionAssessmentDimensionThree,TASK_COMPLETE,SUCCESS,INFO,577,577,0,,2026-08-26T06:54:31.515Z,2026-08-26T08:57:15.847Z,7364,2026-08-26T08:57:15.847Z,VMIN,Minneapolis,912d32aa-0b7f-4999-bf60-6670fe5985ea,SAMMS-MinneapolisV6
202608260854400178,202608260654256895,202608260654255519,85,1328,Bronze INV,br_AdmissionAssessmentDimensionThree,TASK_COMPLETE,SUCCESS,INFO,1067,1067,0,,2026-08-26T06:54:31.515Z,2026-08-26T08:57:15.847Z,7364,2026-08-26T08:57:15.847Z,VWBY,Woodbury,912d32aa-0b7f-4999-bf60-6670fe5985ea,SAMMS-WoodburyV6
202608260854400180,202608260654256896,202608260654255519,85,1330,Bronze INV,br_AdmissionAssessmentDimensionThree,TASK_COMPLETE,SUCCESS,INFO,429,429,0,,2026-08-26T06:54:31.515Z,2026-08-26T08:57:15.847Z,7364,2026-08-26T08:57:15.847Z,WIL,Wilson,912d32aa-0b7f-4999-bf60-6670fe5985ea,SAMMS-Wilson
202608260854400281,202608260654355523,202608260654355519,86,5723,Silver INV,sl_AdmissionAssessmentDimensionThree,TASK_COMPLETE,SUCCESS,INFO,51147,51147,0,,2026-08-26T06:54:31.515Z,2026-08-26T08:57:15.847Z,7364,2026-08-26T08:57:15.847Z,,,912d32aa-0b7f-4999-bf60-6670fe5985ea,
202608260854400221,202608260654256667,202608260654255519,85,1334,Bronze INV,br_AdmissionAssessmentDimensionTwo,TASK_COMPLETE,SUCCESS,INFO,100,100,0,,2026-08-26T06:54:31.515Z,2026-08-26T08:57:15.847Z,7364,2026-08-26T08:57:15.847Z,AHK,Ahoskie,912d32aa-0b7f-4999-bf60-6670fe5985ea,SAMMS-Ahoskie
202608260854400223,202608260654256668,202608260654255519,85,1335,Bronze INV,br_AdmissionAssessmentDimensionTwo,TASK_COMPLETE,SUCCESS,INFO,785,785,0,,2026-08-26T06:54:31.515Z,2026-08-26T08:57:15.847Z,7364,2026-08-26T08:57:15.847Z,B12B,Colorado Springs,912d32aa-0b7f-4999-bf60-6670fe5985ea,SAMMS-ColoradoSpringsV5
202608260854400224,202608260654256669,202608260654255519,85,1336,Bronze INV,br_AdmissionAssessmentDimensionTwo,TASK_COMPLETE,SUCCESS,INFO,415,415,0,,2026-08-26T06:54:31.515Z,2026-08-26T08:57:15.847Z,7364,2026-08-26T08:57:15.847Z,B24,Paintsville,912d32aa-0b7f-4999-bf60-6670fe5985ea,SAMMS-PaintsvilleV5
202608260854400225,202608260654256670,202608260654255519,85,1337,Bronze INV,br_AdmissionAssessmentDimensionTwo,TASK_COMPLETE,SUCCESS,INFO,172,172,0,,2026-08-26T06:54:31.515Z,2026-08-26T08:57:15.847Z,7364,2026-08-26T08:57:15.847Z,B25,Pikeville,912d32aa-0b7f-4999-bf60-6670fe5985ea,SAMMS-PikevilleV5
202608260854400226,202608260654256671,202608260654255519,85,1338,Bronze INV,br_AdmissionAssessmentDimensionTwo,TASK_COMPLETE,SUCCESS,INFO,496,496,0,,2026-08-26T06:54:31.515Z,2026-08-26T08:57:15.847Z,7364,2026-08-26T08:57:15.847Z,B26,Hazard,912d32aa-0b7f-4999-bf60-6670fe5985ea,SAMMS-HazardV5
202608260854400227,202608260654256672,202608260654255519,85,1339,Bronze INV,br_AdmissionAssessmentDimensionTwo,TASK_COMPLETE,SUCCESS,INFO,188,188,0,,2026-08-26T06:54:31.515Z,2026-08-26T08:57:15.847Z,7364,2026-08-26T08:57:15.847Z,B27,Savannah,912d32aa-0b7f-4999-bf60-6670fe5985ea,SAMMS-SavannahV6
202608260854400228,202608260654256673,202608260654255519,85,1340,Bronze INV,br_AdmissionAssessmentDimensionTwo,TASK_COMPLETE,SUCCESS,INFO,234,234,0,,2026-08-26T06:54:31.515Z,2026-08-26T08:57:15.847Z,7364,2026-08-26T08:57:15.847Z,B28,West Plains,912d32aa-0b7f-4999-bf60-6670fe5985ea,SAMMS-WestPlainesV5
202608260854400229,202608260654256674,202608260654255519,85,1341,Bronze INV,br_AdmissionAssessmentDimensionTwo,TASK_COMPLETE,SUCCESS,INFO,260,260,0,,2026-08-26T06:54:31.515Z,2026-08-26T08:57:15.847Z,7364,2026-08-26T08:57:15.847Z,B29,Poplar Bluff,912d32aa-0b7f-4999-bf60-6670fe5985ea,SAMMS-PoplarBluffV5
202608260854400231,202608260654256675,202608260654255519,85,1342,Bronze INV,br_AdmissionAssessmentDimensionTwo,TASK_COMPLETE,SUCCESS,INFO,146,146,0,,2026-08-26T06:54:31.515Z,2026-08-26T08:57:15.847Z,7364,2026-08-26T08:57:15.847Z,B30,KC North,912d32aa-0b7f-4999-bf60-6670fe5985ea,SAMMS-KCNv5
202608260854400232,202608260654256676,202608260654255519,85,1343,Bronze INV,br_AdmissionAssessmentDimensionTwo,TASK_COMPLETE,SUCCESS,INFO,345,345,0,,2026-08-26T06:54:31.515Z,2026-08-26T08:57:15.847Z,7364,2026-08-26T08:57:15.847Z,B31,Dyersburg,912d32aa-0b7f-4999-bf60-6670fe5985ea,SAMMS-DyersburgV5
202608260854400233,202608260654256677,202608260654255519,85,1345,Bronze INV,br_AdmissionAssessmentDimensionTwo,TASK_COMPLETE,SUCCESS,INFO,213,213,0,,2026-08-26T06:54:31.515Z,2026-08-26T08:57:15.847Z,7364,2026-08-26T08:57:15.847Z,B33,Paducah,912d32aa-0b7f-4999-bf60-6670fe5985ea,SAMMS-Paducah
202608260854400234,202608260654256678,202608260654255519,85,1346,Bronze INV,br_AdmissionAssessmentDimensionTwo,TASK_COMPLETE,SUCCESS,INFO,449,449,0,,2026-08-26T06:54:31.515Z,2026-08-26T08:57:15.847Z,7364,2026-08-26T08:57:15.847Z,B34,Corbin,912d32aa-0b7f-4999-bf60-6670fe5985ea,SAMMS-CorbinV5
202608260854400235,202608260654256679,202608260654255519,85,1347,Bronze INV,br_AdmissionAssessmentDimensionTwo,TASK_COMPLETE,SUCCESS,INFO,719,719,0,,2026-08-26T06:54:31.515Z,2026-08-26T08:57:15.847Z,7364,2026-08-26T08:57:15.847Z,B35,Lexington,912d32aa-0b7f-4999-bf60-6670fe5985ea,SAMMS-LexingtonV5
202608260854400236,202608260654256680,202608260654255519,85,1348,Bronze INV,br_AdmissionAssessmentDimensionTwo,TASK_COMPLETE,SUCCESS,INFO,345,345,0,,2026-08-26T06:54:31.515Z,2026-08-26T08:57:15.847Z,7364,2026-08-26T08:57:15.847Z,B35A,Berea,912d32aa-0b7f-4999-bf60-6670fe5985ea,SAMMS-BereaV5
202608260854400238,202608260654256681,202608260654255519,85,1349,Bronze INV,br_AdmissionAssessmentDimensionTwo,TASK_COMPLETE,SUCCESS,INFO,610,610,0,,2026-08-26T06:54:31.515Z,2026-08-26T08:57:15.847Z,7364,2026-08-26T08:57:15.847Z,B36,Asheville,912d32aa-0b7f-4999-bf60-6670fe5985ea,SAMMS-AshevilleV5
202608260854400239,202608260654256682,202608260654255519,85,1350,Bronze INV,br_AdmissionAssessmentDimensionTwo,TASK_COMPLETE,SUCCESS,INFO,451,451,0,,2026-08-26T06:54:31.515Z,2026-08-26T08:57:15.847Z,7364,2026-08-26T08:57:15.847Z,B37,Clyde,912d32aa-0b7f-4999-bf60-6670fe5985ea,SAMMS-ClydeV5
202608260854400240,202608260654256683,202608260654255519,85,1351,Bronze INV,br_AdmissionAssessmentDimensionTwo,TASK_COMPLETE,SUCCESS,INFO,632,632,0,,2026-08-26T06:54:31.515Z,2026-08-26T08:57:15.847Z,7364,2026-08-26T08:57:15.847Z,B38,Spartanburg,912d32aa-0b7f-4999-bf60-6670fe5985ea,SAMMS-SpartanburgV5
202608260854400241,202608260654256684,202608260654255519,85,1352,Bronze INV,br_AdmissionAssessmentDimensionTwo,TASK_COMPLETE,SUCCESS,INFO,481,481,0,,2026-08-26T06:54:31.515Z,2026-08-26T08:57:15.847Z,7364,2026-08-26T08:57:15.847Z,B39,Aiken,912d32aa-0b7f-4999-bf60-6670fe5985ea,SAMMS-AikenV5
202608260854400242,202608260654256685,202608260654255519,85,1353,Bronze INV,br_AdmissionAssessmentDimensionTwo,TASK_COMPLETE,SUCCESS,INFO,301,301,0,,2026-08-26T06:54:31.515Z,2026-08-26T08:57:15.847Z,7364,2026-08-26T08:57:15.847Z,B41,Chesapeake,912d32aa-0b7f-4999-bf60-6670fe5985ea,SAMMS-ChesapeakeV5
202608260854400243,202608260654256686,202608260654255519,85,1354,Bronze INV,br_AdmissionAssessmentDimensionTwo,TASK_COMPLETE,SUCCESS,INFO,540,540,0,,2026-08-26T06:54:31.515Z,2026-08-26T08:57:15.847Z,7364,2026-08-26T08:57:15.847Z,B42,Virginia Beach,912d32aa-0b7f-4999-bf60-6670fe5985ea,SAMMS-VirginiaBeachV5
202608260854400244,202608260654256687,202608260654255519,85,1355,Bronze INV,br_AdmissionAssessmentDimensionTwo,TASK_COMPLETE,SUCCESS,INFO,168,168,0,,2026-08-26T06:54:31.515Z,2026-08-26T08:57:15.847Z,7364,2026-08-26T08:57:15.847Z,B42A,Newport News,912d32aa-0b7f-4999-bf60-6670fe5985ea,SAMMS-NewportNewsV5
202608260854400246,202608260654256688,202608260654255519,85,1356,Bronze INV,br_AdmissionAssessmentDimensionTwo,TASK_COMPLETE,SUCCESS,INFO,57,57,0,,2026-08-26T06:54:31.515Z,2026-08-26T08:57:15.847Z,7364,2026-08-26T08:57:15.847Z,B42B,Franklin,912d32aa-0b7f-4999-bf60-6670fe5985ea,SAMMS-FranklinV5
202608260854400247,202608260654256689,202608260654255519,85,1357,Bronze INV,br_AdmissionAssessmentDimensionTwo,TASK_COMPLETE,SUCCESS,INFO,340,340,0,,2026-08-26T06:54:31.515Z,2026-08-26T08:57:15.847Z,7364,2026-08-26T08:57:15.847Z,B42C,Glen Allen,912d32aa-0b7f-4999-bf60-6670fe5985ea,SAMMS-GlenAllenV5
202608260854400248,202608260654256690,202608260654255519,85,1358,Bronze INV,br_AdmissionAssessmentDimensionTwo,TASK_COMPLETE,SUCCESS,INFO,176,176,0,,2026-08-26T06:54:31.515Z,2026-08-26T08:57:15.847Z,7364,2026-08-26T08:57:15.847Z,B42D,Chesapeake South,912d32aa-0b7f-4999-bf60-6670fe5985ea,SAMMS-ChesapeakeSouthV5
202608260854400682,202608260654256497,202608260654255519,85,1619,Bronze INV,br_AdmissionAssessmentSummary,TASK_COMPLETE,SUCCESS,INFO,285,285,0,,2026-08-26T06:54:31.515Z,2026-08-26T08:57:15.847Z,7364,2026-08-26T08:57:15.847Z,ET,Elizabethtown,912d32aa-0b7f-4999-bf60-6670fe5985ea,SAMMS-Elizabethtown
202608260854400683,202608260654256498,202608260654255519,85,1620,Bronze INV,br_AdmissionAssessmentSummary,TASK_COMPLETE,SUCCESS,INFO,238,238,0,,2026-08-26T06:54:31.515Z,2026-08-26T08:57:15.847Z,7364,2026-08-26T08:57:15.847Z,FAY,Fayetteville,912d32aa-0b7f-4999-bf60-6670fe5985ea,SAMMS-Fayetteville
202608260854400684,202608260654256499,202608260654255519,85,1621,Bronze INV,br_AdmissionAssessmentSummary,TASK_COMPLETE,SUCCESS,INFO,185,185,0,,2026-08-26T06:54:31.515Z,2026-08-26T08:57:15.847Z,7364,2026-08-26T08:57:15.847Z,FR,Frankfort,912d32aa-0b7f-4999-bf60-6670fe5985ea,SAMMS-Frankfort
202608260854400685,202608260654256500,202608260654255519,85,1622,Bronze INV,br_AdmissionAssessmentSummary,TASK_COMPLETE,SUCCESS,INFO,293,293,0,,2026-08-26T06:54:31.515Z,2026-08-26T08:57:15.847Z,7364,2026-08-26T08:57:15.847Z,FS,Fort Smith,912d32aa-0b7f-4999-bf60-6670fe5985ea,SAMMS-FortSmith
202608260854400687,202608260654256501,202608260654255519,85,1623,Bronze INV,br_AdmissionAssessmentSummary,TASK_COMPLETE,SUCCESS,INFO,684,684,0,,2026-08-26T06:54:31.515Z,2026-08-26T08:57:15.847Z,7364,2026-08-26T08:57:15.847Z,FW,Fort Wayne,912d32aa-0b7f-4999-bf60-6670fe5985ea,SAMMS-FortWayne
202608260854400688,202608260654256502,202608260654255519,85,1624,Bronze INV,br_AdmissionAssessmentSummary,TASK_COMPLETE,SUCCESS,INFO,127,127,0,,2026-08-26T06:54:31.515Z,2026-08-26T08:57:15.847Z,7364,2026-08-26T08:57:15.847Z,GAL,Gaylord,912d32aa-0b7f-4999-bf60-6670fe5985ea,SAMMS-Gaylord
202608260854400689,202608260654256503,202608260654255519,85,1628,Bronze INV,br_AdmissionAssessmentSummary,TASK_COMPLETE,SUCCESS,INFO,636,636,0,,2026-08-26T06:54:31.515Z,2026-08-26T08:57:15.847Z,7364,2026-08-26T08:57:15.847Z,HGT,Hagerstown,912d32aa-0b7f-4999-bf60-6670fe5985ea,SAMMS-Hagerstown
202608260854400690,202608260654256504,202608260654255519,85,1629,Bronze INV,br_AdmissionAssessmentSummary,TASK_COMPLETE,SUCCESS,INFO,488,488,0,,2026-08-26T06:54:31.515Z,2026-08-26T08:57:15.847Z,7364,2026-08-26T08:57:15.847Z,HNT,Huntsville,912d32aa-0b7f-4999-bf60-6670fe5985ea,SAMMS-Huntsville
202608260854400691,202608260654256505,202608260654255519,85,1630,Bronze INV,br_AdmissionAssessmentSummary,TASK_COMPLETE,SUCCESS,INFO,358,358,0,,2026-08-26T06:54:31.515Z,2026-08-26T08:57:15.847Z,7364,2026-08-26T08:57:15.847Z,HS,Hot Springs,912d32aa-0b7f-4999-bf60-6670fe5985ea,SAMMS-HotSprings
202608260854400693,202608260654256506,202608260654255519,85,1631,Bronze INV,br_AdmissionAssessmentSummary,TASK_COMPLETE,SUCCESS,INFO,267,267,0,,2026-08-26T06:54:31.515Z,2026-08-26T08:57:15.847Z,7364,2026-08-26T08:57:15.847Z,JON,Jonesboro,912d32aa-0b7f-4999-bf60-6670fe5985ea,SAMMS-Jonesboro
202608260854400694,202608260654256507,202608260654255519,85,1633,Bronze INV,br_AdmissionAssessmentSummary,TASK_COMPLETE,SUCCESS,INFO,196,196,0,,2026-08-26T06:54:31.515Z,2026-08-26T08:57:15.847Z,7364,2026-08-26T08:57:15.847Z,LAN,Lansing,912d32aa-0b7f-4999-bf60-6670fe5985ea,SAMMS-Lansing
202608260854400695,202608260654256508,202608260654255519,85,1634,Bronze INV,br_AdmissionAssessmentSummary,TASK_COMPLETE,SUCCESS,INFO,450,450,0,,2026-08-26T06:54:31.515Z,2026-08-26T08:57:15.847Z,7364,2026-08-26T08:57:15.847Z,LO,Louisville,912d32aa-0b7f-4999-bf60-6670fe5985ea,SAMMS-Louisville
202608260854400696,202608260654256509,202608260654255519,85,1635,Bronze INV,br_AdmissionAssessmentSummary,TASK_COMPLETE,SUCCESS,INFO,1223,1223,0,,2026-08-26T06:54:31.515Z,2026-08-26T08:57:15.847Z,7364,2026-08-26T08:57:15.847Z,LV1,Cheyenne,912d32aa-0b7f-4999-bf60-6670fe5985ea,SAMMS-Cheyenne
202608260854400697,202608260654256510,202608260654255519,85,1636,Bronze INV,br_AdmissionAssessmentSummary,TASK_COMPLETE,SUCCESS,INFO,967,967,0,,2026-08-26T06:54:31.515Z,2026-08-26T08:57:15.847Z,7364,2026-08-26T08:57:15.847Z,LV2,Desert Inn,912d32aa-0b7f-4999-bf60-6670fe5985ea,SAMMS-DesertInn
202608260854400699,202608260654256511,202608260654255519,85,1637,Bronze INV,br_AdmissionAssessmentSummary,TASK_COMPLETE,SUCCESS,INFO,322,322,0,,2026-08-26T06:54:31.515Z,2026-08-26T08:57:15.847Z,7364,2026-08-26T08:57:15.847Z,LV3,McDaniel,912d32aa-0b7f-4999-bf60-6670fe5985ea,SAMMS-McDaniel
202608260854400700,202608260654256512,202608260654255519,85,1640,Bronze INV,br_AdmissionAssessmentSummary,TASK_COMPLETE,SUCCESS,INFO,279,279,0,,2026-08-26T06:54:31.515Z,2026-08-26T08:57:15.847Z,7364,2026-08-26T08:57:15.847Z,MNRE,Monroe,912d32aa-0b7f-4999-bf60-6670fe5985ea,SAMMS-Monroe
202608260854400701,202608260654256513,202608260654255519,85,1641,Bronze INV,br_AdmissionAssessmentSummary,TASK_COMPLETE,SUCCESS,INFO,196,196,0,,2026-08-26T06:54:31.515Z,2026-08-26T08:57:15.847Z,7364,2026-08-26T08:57:15.847Z,MP,Mt. Pleasant,912d32aa-0b7f-4999-bf60-6670fe5985ea,SAMMS-MtPleasant
202608260854400702,202608260654256514,202608260654255519,85,1642,Bronze INV,br_AdmissionAssessmentSummary,TASK_COMPLETE,SUCCESS,INFO,174,174,0,,2026-08-26T06:54:31.515Z,2026-08-26T08:57:15.847Z,7364,2026-08-26T08:57:15.847Z,MRD,Meridian,912d32aa-0b7f-4999-bf60-6670fe5985ea,SAMMS-Meridian
202608260854400703,202608260654256515,202608260654255519,85,1647,Bronze INV,br_AdmissionAssessmentSummary,TASK_COMPLETE,SUCCESS,INFO,639,639,0,,2026-08-26T06:54:31.515Z,2026-08-26T08:57:15.847Z,7364,2026-08-26T08:57:15.847Z,NC,North Charleston,912d32aa-0b7f-4999-bf60-6670fe5985ea,SAMMS-NorthCharleston
202608260854400704,202608260654256516,202608260654255519,85,1648,Bronze INV,br_AdmissionAssessmentSummary,TASK_COMPLETE,SUCCESS,INFO,574,574,0,,2026-08-26T06:54:31.515Z,2026-08-26T08:57:15.847Z,7364,2026-08-26T08:57:15.847Z,NLR,N. Little Rock,912d32aa-0b7f-4999-bf60-6670fe5985ea,SAMMS-NLROBOT
202608260854400705,202608260654256517,202608260654255519,85,1649,Bronze INV,br_AdmissionAssessmentSummary,TASK_COMPLETE,SUCCESS,INFO,247,247,0,,2026-08-26T06:54:31.515Z,2026-08-26T08:57:15.847Z,7364,2026-08-26T08:57:15.847Z,PH,Phoenix,912d32aa-0b7f-4999-bf60-6670fe5985ea,SAMMS-Phoenix
202608260854400707,202608260654256518,202608260654255519,85,1653,Bronze INV,br_AdmissionAssessmentSummary,TASK_COMPLETE,SUCCESS,INFO,424,424,0,,2026-08-26T06:54:31.515Z,2026-08-26T08:57:15.847Z,7364,2026-08-26T08:57:15.847Z,RE,Reno,912d32aa-0b7f-4999-bf60-6670fe5985ea,SAMMS-Reno
202608260854400708,202608260654256519,202608260654255519,85,1654,Bronze INV,br_AdmissionAssessmentSummary,TASK_COMPLETE,SUCCESS,INFO,407,407,0,,2026-08-26T06:54:31.515Z,2026-08-26T08:57:15.847Z,7364,2026-08-26T08:57:15.847Z,RMD,Richmond,912d32aa-0b7f-4999-bf60-6670fe5985ea,SAMMS-Richmond
202608260854400709,202608260654256520,202608260654255519,85,1655,Bronze INV,br_AdmissionAssessmentSummary,TASK_COMPLETE,SUCCESS,INFO,504,504,0,,2026-08-26T06:54:31.515Z,2026-08-26T08:57:15.847Z,7364,2026-08-26T08:57:15.847Z,SFN,Springfield North,912d32aa-0b7f-4999-bf60-6670fe5985ea,SAMMS-SFNv5
202608260854400710,202608260654256521,202608260654255519,85,1656,Bronze INV,br_AdmissionAssessmentSummary,TASK_COMPLETE,SUCCESS,INFO,464,464,0,,2026-08-26T06:54:31.515Z,2026-08-26T08:57:15.847Z,7364,2026-08-26T08:57:15.847Z,SHP,Shreveport,912d32aa-0b7f-4999-bf60-6670fe5985ea,SAMMS-Shreveport
202608260854400711,202608260654256522,202608260654255519,85,1658,Bronze INV,br_AdmissionAssessmentSummary,TASK_COMPLETE,SUCCESS,INFO,88,88,0,,2026-08-26T06:54:31.515Z,2026-08-26T08:57:15.847Z,7364,2026-08-26T08:57:15.847Z,STN,Staunton,912d32aa-0b7f-4999-bf60-6670fe5985ea,SAMMS-Staunton
202608260854400712,202608260654256523,202608260654255519,85,1659,Bronze INV,br_AdmissionAssessmentSummary,TASK_COMPLETE,SUCCESS,INFO,57,57,0,,2026-08-26T06:54:31.515Z,2026-08-26T08:57:15.847Z,7364,2026-08-26T08:57:15.847Z,STVN,Stevenson,912d32aa-0b7f-4999-bf60-6670fe5985ea,SAMMS-Stevenson
202608260854400713,202608260654256524,202608260654255519,85,1661,Bronze INV,br_AdmissionAssessmentSummary,TASK_COMPLETE,SUCCESS,INFO,77,77,0,,2026-08-26T06:54:31.515Z,2026-08-26T08:57:15.847Z,7364,2026-08-26T08:57:15.847Z,TE,Tempe,912d32aa-0b7f-4999-bf60-6670fe5985ea,SAMMS-Tempe
202608260854400714,202608260654256525,202608260654255519,85,1662,Bronze INV,br_AdmissionAssessmentSummary,TASK_COMPLETE,SUCCESS,INFO,392,392,0,,2026-08-26T06:54:31.515Z,2026-08-26T08:57:15.847Z,7364,2026-08-26T08:57:15.847Z,TEX,Texarkana,912d32aa-0b7f-4999-bf60-6670fe5985ea,SAMMS-Texarkana
202608260854400715,202608260654256526,202608260654255519,85,1663,Bronze INV,br_AdmissionAssessmentSummary,TASK_COMPLETE,SUCCESS,INFO,469,469,0,,2026-08-26T06:54:31.515Z,2026-08-26T08:57:15.847Z,7364,2026-08-26T08:57:15.847Z,TTCA,Bessemer,912d32aa-0b7f-4999-bf60-6670fe5985ea,SAMMS-BessemerV5
202608260854400716,202608260654256527,202608260654255519,85,1664,Bronze INV,br_AdmissionAssessmentSummary,TASK_COMPLETE,SUCCESS,INFO,555,555,0,,2026-08-26T06:54:31.515Z,2026-08-26T08:57:15.847Z,7364,2026-08-26T08:57:15.847Z,TTCB,Cullman,912d32aa-0b7f-4999-bf60-6670fe5985ea,SAMMS-CullmanV5
202608260854400718,202608260654256528,202608260654255519,85,1665,Bronze INV,br_AdmissionAssessmentSummary,TASK_COMPLETE,SUCCESS,INFO,392,392,0,,2026-08-26T06:54:31.515Z,2026-08-26T08:57:15.847Z,7364,2026-08-26T08:57:15.847Z,TTCC,Grand Bay,912d32aa-0b7f-4999-bf60-6670fe5985ea,SAMMS-GrandBay
202608260854400719,202608260654256529,202608260654255519,85,1666,Bronze INV,br_AdmissionAssessmentSummary,TASK_COMPLETE,SUCCESS,INFO,25,25,0,,2026-08-26T06:54:31.515Z,2026-08-26T08:57:15.847Z,7364,2026-08-26T08:57:15.847Z,TU,Tucson,912d32aa-0b7f-4999-bf60-6670fe5985ea,SAMMS-Tucson
202608260854400720,202608260654256530,202608260654255519,85,1668,Bronze INV,br_AdmissionAssessmentSummary,TASK_COMPLETE,SUCCESS,INFO,265,265,0,,2026-08-26T06:54:31.515Z,2026-08-26T08:57:15.847Z,7364,2026-08-26T08:57:15.847Z,V1,Memphis South,912d32aa-0b7f-4999-bf60-6670fe5985ea,SAMMS-VCPHCS-I-MemphisV5
202608260854400721,202608260654256531,202608260654255519,85,1669,Bronze INV,br_AdmissionAssessmentSummary,TASK_COMPLETE,SUCCESS,INFO,708,708,0,,2026-08-26T06:54:31.515Z,2026-08-26T08:57:15.847Z,7364,2026-08-26T08:57:15.847Z,V10,Longmont,912d32aa-0b7f-4999-bf60-6670fe5985ea,SAMMS-BoulderV5
202608260854400722,202608260654256532,202608260654255519,85,1670,Bronze INV,br_AdmissionAssessmentSummary,TASK_COMPLETE,SUCCESS,INFO,1210,1210,0,,2026-08-26T06:54:31.515Z,2026-08-26T08:57:15.847Z,7364,2026-08-26T08:57:15.847Z,V10A,Fort Collins,912d32aa-0b7f-4999-bf60-6670fe5985ea,SAMMS-FortCollinsV5
202608260854400723,202608260654256533,202608260654255519,85,1671,Bronze INV,br_AdmissionAssessmentSummary,TASK_COMPLETE,SUCCESS,INFO,1053,1053,0,,2026-08-26T06:54:31.515Z,2026-08-26T08:57:15.847Z,7364,2026-08-26T08:57:15.847Z,V11,Westminster,912d32aa-0b7f-4999-bf60-6670fe5985ea,SAMMS-VCPHCS-XI-NorthDenverV5
202608260854400724,202608260654256534,202608260654255519,85,1672,Bronze INV,br_AdmissionAssessmentSummary,TASK_COMPLETE,SUCCESS,INFO,1117,1117,0,,2026-08-26T06:54:31.515Z,2026-08-26T08:57:15.847Z,7364,2026-08-26T08:57:15.847Z,V12,Downtown Denver,912d32aa-0b7f-4999-bf60-6670fe5985ea,SAMMS-VCPHCS-XII-DowntownDenverV5
202608200219258128,202608200029237299,202608200029237018,85,2711,Bronze INV,br_LiquidLog,TASK_COMPLETE,FAILED,ERROR,7678,7678,1,SaveLiquidlog Bronze ForEach failed,2026-08-20T00:29:28.539Z,2026-08-20T02:40:07.937Z,7839,2026-08-20T02:40:07.937Z,D09,Murfreesboro,2e0eb052-bb28-45b1-894f-8dc0851c56cc,SAMMS-MurfreesboroV6
202608200219258130,202608200029237300,202608200029237018,85,2712,Bronze INV,br_LiquidLog,TASK_COMPLETE,FAILED,ERROR,3474,3474,1,SaveLiquidlog Bronze ForEach failed,2026-08-20T00:29:28.539Z,2026-08-20T02:40:07.937Z,7839,2026-08-20T02:40:07.937Z,DA,Davenport,2e0eb052-bb28-45b1-894f-8dc0851c56cc,SAMMS-Davenport
202608200219258131,202608200029237301,202608200029237018,85,2713,Bronze INV,br_LiquidLog,TASK_COMPLETE,FAILED,ERROR,3453,3453,1,SaveLiquidlog Bronze ForEach failed,2026-08-20T00:29:28.539Z,2026-08-20T02:40:07.937Z,7839,2026-08-20T02:40:07.937Z,DM,Des Moines,2e0eb052-bb28-45b1-894f-8dc0851c56cc,SAMMS-DesMoines
202608200219258132,202608200029237302,202608200029237018,85,2715,Bronze INV,br_LiquidLog,TASK_COMPLETE,FAILED,ERROR,8987,8987,1,SaveLiquidlog Bronze ForEach failed,2026-08-20T00:29:28.539Z,2026-08-20T02:40:07.937Z,7839,2026-08-20T02:40:07.937Z,DRD-CO,Columbia MO,2e0eb052-bb28-45b1-894f-8dc0851c56cc,SAMMS-ColumbiaV5
202608200219258133,202608200029237303,202608200029237018,85,2716,Bronze INV,br_LiquidLog,TASK_COMPLETE,FAILED,ERROR,8549,8549,1,SaveLiquidlog Bronze ForEach failed,2026-08-20T00:29:28.539Z,2026-08-20T02:40:07.937Z,7839,2026-08-20T02:40:07.937Z,DRD-KC,KC,2e0eb052-bb28-45b1-894f-8dc0851c56cc,SAMMS-KCv5
202608200219258134,202608200029237304,202608200029237018,85,2717,Bronze INV,br_LiquidLog,TASK_COMPLETE,FAILED,ERROR,26535,26535,1,SaveLiquidlog Bronze ForEach failed,2026-08-20T00:29:28.539Z,2026-08-20T02:40:07.937Z,7839,2026-08-20T02:40:07.937Z,DRD-KVB,KVB,2e0eb052-bb28-45b1-894f-8dc0851c56cc,SAMMS-KVBv5
202608200219258136,202608200029237305,202608200029237018,85,2718,Bronze INV,br_LiquidLog,TASK_COMPLETE,FAILED,ERROR,26794,26794,1,SaveLiquidlog Bronze ForEach failed,2026-08-20T00:29:28.539Z,2026-08-20T02:40:07.937Z,7839,2026-08-20T02:40:07.937Z,DRD-KVC,KVC,2e0eb052-bb28-45b1-894f-8dc0851c56cc,SAMMS-KVCv5
202608200219258137,202608200029237306,202608200029237018,85,2719,Bronze INV,br_LiquidLog,TASK_COMPLETE,FAILED,ERROR,24969,24969,1,SaveLiquidlog Bronze ForEach failed,2026-08-20T00:29:28.539Z,2026-08-20T02:40:07.937Z,7839,2026-08-20T02:40:07.937Z,DRD-NOLA,NOLA,2e0eb052-bb28-45b1-894f-8dc0851c56cc,SAMMS-NOLAv5
202608200219258138,202608200029237307,202608200029237018,85,2720,Bronze INV,br_LiquidLog,TASK_COMPLETE,FAILED,ERROR,11600,11600,1,SaveLiquidlog Bronze ForEach failed,2026-08-20T00:29:28.539Z,2026-08-20T02:40:07.937Z,7839,2026-08-20T02:40:07.937Z,DRD-SF,Springfield,2e0eb052-bb28-45b1-894f-8dc0851c56cc,SAMMS-SFv5
202608200219258139,202608200029237308,202608200029237018,85,2722,Bronze INV,br_LiquidLog,TASK_COMPLETE,FAILED,ERROR,4263,4263,1,SaveLiquidlog Bronze ForEach failed,2026-08-20T00:29:28.539Z,2026-08-20T02:40:07.937Z,7839,2026-08-20T02:40:07.937Z,ELC,Elizabeth City,2e0eb052-bb28-45b1-894f-8dc0851c56cc,SAMMS-ElizabethCity
202608200219258140,202608200029237309,202608200029237018,85,2723,Bronze INV,br_LiquidLog,TASK_COMPLETE,FAILED,ERROR,5073,5073,1,SaveLiquidlog Bronze ForEach failed,2026-08-20T00:29:28.539Z,2026-08-20T02:40:07.937Z,7839,2026-08-20T02:40:07.937Z,ET,Elizabethtown,2e0eb052-bb28-45b1-894f-8dc0851c56cc,SAMMS-Elizabethtown
202608200219258142,202608200029237310,202608200029237018,85,2724,Bronze INV,br_LiquidLog,TASK_COMPLETE,FAILED,ERROR,0,0,1,SaveLiquidlog Bronze ForEach failed,2026-08-20T00:29:28.539Z,2026-08-20T02:40:07.937Z,7839,2026-08-20T02:40:07.937Z,FAY,Fayetteville,2e0eb052-bb28-45b1-894f-8dc0851c56cc,SAMMS-Fayetteville
202608200219258143,202608200029237311,202608200029237018,85,2725,Bronze INV,br_LiquidLog,TASK_COMPLETE,FAILED,ERROR,5235,5235,1,SaveLiquidlog Bronze ForEach failed,2026-08-20T00:29:28.539Z,2026-08-20T02:40:07.937Z,7839,2026-08-20T02:40:07.937Z,FR,Frankfort,2e0eb052-bb28-45b1-894f-8dc0851c56cc,SAMMS-Frankfort
202608200219258144,202608200029237312,202608200029237018,85,2726,Bronze INV,br_LiquidLog,TASK_COMPLETE,FAILED,ERROR,0,0,1,SaveLiquidlog Bronze ForEach failed,2026-08-20T00:29:28.539Z,2026-08-20T02:40:07.937Z,7839,2026-08-20T02:40:07.937Z,FS,Fort Smith,2e0eb052-bb28-45b1-894f-8dc0851c56cc,SAMMS-FortSmith
202608200219258145,202608200029237313,202608200029237018,85,2727,Bronze INV,br_LiquidLog,TASK_COMPLETE,FAILED,ERROR,10280,10280,1,SaveLiquidlog Bronze ForEach failed,2026-08-20T00:29:28.539Z,2026-08-20T02:40:07.937Z,7839,2026-08-20T02:40:07.937Z,FW,Fort Wayne,2e0eb052-bb28-45b1-894f-8dc0851c56cc,SAMMS-FortWayne
202608200219258146,202608200029237314,202608200029237018,85,2728,Bronze INV,br_LiquidLog,TASK_COMPLETE,FAILED,ERROR,3977,3977,1,SaveLiquidlog Bronze ForEach failed,2026-08-20T00:29:28.539Z,2026-08-20T02:40:07.937Z,7839,2026-08-20T02:40:07.937Z,GAL,Gaylord,2e0eb052-bb28-45b1-894f-8dc0851c56cc,SAMMS-Gaylord
202608200219258148,202608200029237315,202608200029237018,85,2732,Bronze INV,br_LiquidLog,TASK_COMPLETE,FAILED,ERROR,8992,8992,1,SaveLiquidlog Bronze ForEach failed,2026-08-20T00:29:28.539Z,2026-08-20T02:40:07.937Z,7839,2026-08-20T02:40:07.937Z,HGT,Hagerstown,2e0eb052-bb28-45b1-894f-8dc0851c56cc,SAMMS-Hagerstown
202608200219258149,202608200029237316,202608200029237018,85,2733,Bronze INV,br_LiquidLog,TASK_COMPLETE,FAILED,ERROR,8275,8275,1,SaveLiquidlog Bronze ForEach failed,2026-08-20T00:29:28.539Z,2026-08-20T02:40:07.937Z,7839,2026-08-20T02:40:07.937Z,HNT,Huntsville,2e0eb052-bb28-45b1-894f-8dc0851c56cc,SAMMS-Huntsville
202608200219258150,202608200029237317,202608200029237018,85,2734,Bronze INV,br_LiquidLog,TASK_COMPLETE,FAILED,ERROR,0,0,1,SaveLiquidlog Bronze ForEach failed,2026-08-20T00:29:28.539Z,2026-08-20T02:40:07.937Z,7839,2026-08-20T02:40:07.937Z,HS,Hot Springs,2e0eb052-bb28-45b1-894f-8dc0851c56cc,SAMMS-HotSprings
202608200219258151,202608200029237318,202608200029237018,85,2735,Bronze INV,br_LiquidLog,TASK_COMPLETE,FAILED,ERROR,0,0,1,SaveLiquidlog Bronze ForEach failed,2026-08-20T00:29:28.539Z,2026-08-20T02:40:07.937Z,7839,2026-08-20T02:40:07.937Z,JON,Jonesboro,2e0eb052-bb28-45b1-894f-8dc0851c56cc,SAMMS-Jonesboro
202608200219258152,202608200029237319,202608200029237018,85,2737,Bronze INV,br_LiquidLog,TASK_COMPLETE,FAILED,ERROR,3839,3839,1,SaveLiquidlog Bronze ForEach failed,2026-08-20T00:29:28.539Z,2026-08-20T02:40:07.937Z,7839,2026-08-20T02:40:07.937Z,LAN,Lansing,2e0eb052-bb28-45b1-894f-8dc0851c56cc,SAMMS-Lansing
202608200219258154,202608200029237320,202608200029237018,85,2738,Bronze INV,br_LiquidLog,TASK_COMPLETE,FAILED,ERROR,11562,11562,1,SaveLiquidlog Bronze ForEach failed,2026-08-20T00:29:28.539Z,2026-08-20T02:40:07.937Z,7839,2026-08-20T02:40:07.937Z,LO,Louisville,2e0eb052-bb28-45b1-894f-8dc0851c56cc,SAMMS-Louisville
202608200219258155,202608200029237321,202608200029237018,85,2739,Bronze INV,br_LiquidLog,TASK_COMPLETE,FAILED,ERROR,5898,5898,1,SaveLiquidlog Bronze ForEach failed,2026-08-20T00:29:28.539Z,2026-08-20T02:40:07.937Z,7839,2026-08-20T02:40:07.937Z,LV1,Cheyenne,2e0eb052-bb28-45b1-894f-8dc0851c56cc,SAMMS-Cheyenne
202608200219258156,202608200029237322,202608200029237018,85,2740,Bronze INV,br_LiquidLog,TASK_COMPLETE,FAILED,ERROR,5953,5953,1,SaveLiquidlog Bronze ForEach failed,2026-08-20T00:29:28.539Z,2026-08-20T02:40:07.937Z,7839,2026-08-20T02:40:07.937Z,LV2,Desert Inn,2e0eb052-bb28-45b1-894f-8dc0851c56cc,SAMMS-DesertInn
202608200219258157,202608200029237323,202608200029237018,85,2741,Bronze INV,br_LiquidLog,TASK_COMPLETE,FAILED,ERROR,3109,3109,1,SaveLiquidlog Bronze ForEach failed,2026-08-20T00:29:28.539Z,2026-08-20T02:40:07.937Z,7839,2026-08-20T02:40:07.937Z,LV3,McDaniel,2e0eb052-bb28-45b1-894f-8dc0851c56cc,SAMMS-McDaniel
202608200219258158,202608200029237324,202608200029237018,85,2744,Bronze INV,br_LiquidLog,TASK_COMPLETE,FAILED,ERROR,3197,3197,1,SaveLiquidlog Bronze ForEach failed,2026-08-20T00:29:28.539Z,2026-08-20T02:40:07.937Z,7839,2026-08-20T02:40:07.937Z,MNRE,Monroe,2e0eb052-bb28-45b1-894f-8dc0851c56cc,SAMMS-Monroe
202608200219258160,202608200029237325,202608200029237018,85,2745,Bronze INV,br_LiquidLog,TASK_COMPLETE,FAILED,ERROR,7617,7617,1,SaveLiquidlog Bronze ForEach failed,2026-08-20T00:29:28.539Z,2026-08-20T02:40:07.937Z,7839,2026-08-20T02:40:07.937Z,MP,Mt. Pleasant,2e0eb052-bb28-45b1-894f-8dc0851c56cc,SAMMS-MtPleasant
202608200219258161,202608200029237326,202608200029237018,85,2746,Bronze INV,br_LiquidLog,TASK_COMPLETE,FAILED,ERROR,2475,2475,1,SaveLiquidlog Bronze ForEach failed,2026-08-20T00:29:28.539Z,2026-08-20T02:40:07.937Z,7839,2026-08-20T02:40:07.937Z,MRD,Meridian,2e0eb052-bb28-45b1-894f-8dc0851c56cc,SAMMS-Meridian
202608200219258162,202608200029237327,202608200029237018,85,2751,Bronze INV,br_LiquidLog,TASK_COMPLETE,FAILED,ERROR,5610,5610,1,SaveLiquidlog Bronze ForEach failed,2026-08-20T00:29:28.539Z,2026-08-20T02:40:07.937Z,7839,2026-08-20T02:40:07.937Z,NC,North Charleston,2e0eb052-bb28-45b1-894f-8dc0851c56cc,SAMMS-NorthCharleston
202608200219258163,202608200029237328,202608200029237018,85,2752,Bronze INV,br_LiquidLog,TASK_COMPLETE,FAILED,ERROR,0,0,1,SaveLiquidlog Bronze ForEach failed,2026-08-20T00:29:28.539Z,2026-08-20T02:40:07.937Z,7839,2026-08-20T02:40:07.937Z,NLR,N. Little Rock,2e0eb052-bb28-45b1-894f-8dc0851c56cc,SAMMS-NLROBOT
202608200219258164,202608200029237329,202608200029237018,85,2753,Bronze INV,br_LiquidLog,TASK_COMPLETE,FAILED,ERROR,0,0,1,SaveLiquidlog Bronze ForEach failed,2026-08-20T00:29:28.539Z,2026-08-20T02:40:07.937Z,7839,2026-08-20T02:40:07.937Z,PH,Phoenix,2e0eb052-bb28-45b1-894f-8dc0851c56cc,SAMMS-Phoenix
202608200219258166,202608200029237330,202608200029237018,85,2757,Bronze INV,br_LiquidLog,TASK_COMPLETE,FAILED,ERROR,4892,4892,1,SaveLiquidlog Bronze ForEach failed,2026-08-20T00:29:28.539Z,2026-08-20T02:40:07.937Z,7839,2026-08-20T02:40:07.937Z,RE,Reno,2e0eb052-bb28-45b1-894f-8dc0851c56cc,SAMMS-Reno
202608200219258167,202608200029237331,202608200029237018,85,2758,Bronze INV,br_LiquidLog,TASK_COMPLETE,FAILED,ERROR,6782,6782,1,SaveLiquidlog Bronze ForEach failed,2026-08-20T00:29:28.539Z,2026-08-20T02:40:07.937Z,7839,2026-08-20T02:40:07.937Z,RMD,Richmond,2e0eb052-bb28-45b1-894f-8dc0851c56cc,SAMMS-Richmond
202608200219258168,202608200029237332,202608200029237018,85,2759,Bronze INV,br_LiquidLog,TASK_COMPLETE,FAILED,ERROR,9413,9413,1,SaveLiquidlog Bronze ForEach failed,2026-08-20T00:29:28.539Z,2026-08-20T02:40:07.937Z,7839,2026-08-20T02:40:07.937Z,SFN,Springfield North,2e0eb052-bb28-45b1-894f-8dc0851c56cc,SAMMS-SFNv5
202608200219258169,202608200029237333,202608200029237018,85,2760,Bronze INV,br_LiquidLog,TASK_COMPLETE,FAILED,ERROR,10243,10243,1,SaveLiquidlog Bronze ForEach failed,2026-08-20T00:29:28.539Z,2026-08-20T02:40:07.937Z,7839,2026-08-20T02:40:07.937Z,SHP,Shreveport,2e0eb052-bb28-45b1-894f-8dc0851c56cc,SAMMS-Shreveport
202608200219258170,202608200029237334,202608200029237018,85,2762,Bronze INV,br_LiquidLog,TASK_COMPLETE,FAILED,ERROR,2512,2512,1,SaveLiquidlog Bronze ForEach failed,2026-08-20T00:29:28.539Z,2026-08-20T02:40:07.937Z,7839,2026-08-20T02:40:07.937Z,STN,Staunton,2e0eb052-bb28-45b1-894f-8dc0851c56cc,SAMMS-Staunton
202608200219258172,202608200029237335,202608200029237018,85,2763,Bronze INV,br_LiquidLog,TASK_COMPLETE,FAILED,ERROR,1230,1230,1,SaveLiquidlog Bronze ForEach failed,2026-08-20T00:29:28.539Z,2026-08-20T02:40:07.937Z,7839,2026-08-20T02:40:07.937Z,STVN,Stevenson,2e0eb052-bb28-45b1-894f-8dc0851c56cc,SAMMS-Stevenson
202608200219258173,202608200029237336,202608200029237018,85,2765,Bronze INV,br_LiquidLog,TASK_COMPLETE,FAILED,ERROR,0,0,1,SaveLiquidlog Bronze ForEach failed,2026-08-20T00:29:28.539Z,2026-08-20T02:40:07.937Z,7839,2026-08-20T02:40:07.937Z,TE,Tempe,2e0eb052-bb28-45b1-894f-8dc0851c56cc,SAMMS-Tempe
202608260854399397,202608260654257046,202608260654255519,85,457,Bronze INV,br_AdmissionAssessmentDimensionFiveSubstanceUse,TASK_COMPLETE,SUCCESS,INFO,167,167,0,,2026-08-26T06:54:31.515Z,2026-08-26T08:57:15.847Z,7364,2026-08-26T08:57:15.847Z,B57A,Johnston,912d32aa-0b7f-4999-bf60-6670fe5985ea,SAMMS-Johnston
202608260854399399,202608260654257047,202608260654255519,85,458,Bronze INV,br_AdmissionAssessmentDimensionFiveSubstanceUse,TASK_COMPLETE,SUCCESS,INFO,86,86,0,,2026-08-26T06:54:31.515Z,2026-08-26T08:57:15.847Z,7364,2026-08-26T08:57:15.847Z,B57B,Middletown,912d32aa-0b7f-4999-bf60-6670fe5985ea,SAMMS-Middletown
202608260854399400,202608260654257048,202608260654255519,85,459,Bronze INV,br_AdmissionAssessmentDimensionFiveSubstanceUse,TASK_COMPLETE,SUCCESS,INFO,175,175,0,,2026-08-26T06:54:31.515Z,2026-08-26T08:57:15.847Z,7364,2026-08-26T08:57:15.847Z,B57C,Providence,912d32aa-0b7f-4999-bf60-6670fe5985ea,SAMMS-Providence
202608260854399401,202608260654257049,202608260654255519,85,460,Bronze INV,br_AdmissionAssessmentDimensionFiveSubstanceUse,TASK_COMPLETE,SUCCESS,INFO,252,252,0,,2026-08-26T06:54:31.515Z,2026-08-26T08:57:15.847Z,7364,2026-08-26T08:57:15.847Z,B57D,Westerly,912d32aa-0b7f-4999-bf60-6670fe5985ea,SAMMS-Westerly
202608260854399402,202608260654257050,202608260654255519,85,464,Bronze INV,br_AdmissionAssessmentDimensionFiveSubstanceUse,TASK_COMPLETE,SUCCESS,INFO,363,363,0,,2026-08-26T06:54:31.515Z,2026-08-26T08:57:15.847Z,7364,2026-08-26T08:57:15.847Z,B66A,Bremen,912d32aa-0b7f-4999-bf60-6670fe5985ea,SAMMS-Bremen
202608260854399403,202608260654257051,202608260654255519,85,467,Bronze INV,br_AdmissionAssessmentDimensionFiveSubstanceUse,TASK_COMPLETE,SUCCESS,INFO,12,12,0,,2026-08-26T06:54:31.515Z,2026-08-26T08:57:15.847Z,7364,2026-08-26T08:57:15.847Z,B72,Mobile (OBOT),912d32aa-0b7f-4999-bf60-6670fe5985ea,SAMMS-Mobile-OBOT
202608260854399404,202608260654257052,202608260654255519,85,468,Bronze INV,br_AdmissionAssessmentDimensionFiveSubstanceUse,TASK_COMPLETE,SUCCESS,INFO,2,2,0,,2026-08-26T06:54:31.515Z,2026-08-26T08:57:15.847Z,7364,2026-08-26T08:57:15.847Z,B73,Montgomery,912d32aa-0b7f-4999-bf60-6670fe5985ea,SAMMS-Montgomery
202608260854399405,202608260654257053,202608260654255519,85,469,Bronze INV,br_AdmissionAssessmentDimensionFiveSubstanceUse,TASK_COMPLETE,SUCCESS,INFO,316,316,0,,2026-08-26T06:54:31.515Z,2026-08-26T08:57:15.847Z,7364,2026-08-26T08:57:15.847Z,B75,Lawrence,912d32aa-0b7f-4999-bf60-6670fe5985ea,SAMMS-LawrenceV6
202608260854399407,202608260654257054,202608260654255519,85,470,Bronze INV,br_AdmissionAssessmentDimensionFiveSubstanceUse,TASK_COMPLETE,SUCCESS,INFO,49,49,0,,2026-08-26T06:54:31.515Z,2026-08-26T08:57:15.847Z,7364,2026-08-26T08:57:15.847Z,B76,Huntsville OBOT,912d32aa-0b7f-4999-bf60-6670fe5985ea,SAMMS-Huntsville-OBOT
202608260854399408,202608260654257055,202608260654255519,85,471,Bronze INV,br_AdmissionAssessmentDimensionFiveSubstanceUse,TASK_COMPLETE,SUCCESS,INFO,299,299,0,,2026-08-26T06:54:31.515Z,2026-08-26T08:57:15.847Z,7364,2026-08-26T08:57:15.847Z,BAT,Batesville,912d32aa-0b7f-4999-bf60-6670fe5985ea,SAMMS-Batesville
202608260854399409,202608260654257056,202608260654255519,85,472,Bronze INV,br_AdmissionAssessmentDimensionFiveSubstanceUse,TASK_COMPLETE,SUCCESS,INFO,238,238,0,,2026-08-26T06:54:31.515Z,2026-08-26T08:57:15.847Z,7364,2026-08-26T08:57:15.847Z,BG,Bowling Green,912d32aa-0b7f-4999-bf60-6670fe5985ea,SAMMS-BowlingGreen
202608260854399410,202608260654257057,202608260654255519,85,473,Bronze INV,br_AdmissionAssessmentDimensionFiveSubstanceUse,TASK_COMPLETE,SUCCESS,INFO,214,214,0,,2026-08-26T06:54:31.515Z,2026-08-26T08:57:15.847Z,7364,2026-08-26T08:57:15.847Z,BOI,Boise,912d32aa-0b7f-4999-bf60-6670fe5985ea,SAMMS-Boise
202608260854399411,202608260654257058,202608260654255519,85,480,Bronze INV,br_AdmissionAssessmentDimensionFiveSubstanceUse,TASK_COMPLETE,SUCCESS,INFO,283,283,0,,2026-08-26T06:54:31.515Z,2026-08-26T08:57:15.847Z,7364,2026-08-26T08:57:15.847Z,CBCO,Coeur dAlene,912d32aa-0b7f-4999-bf60-6670fe5985ea,SAMMS-CoeurdAleneV6
202608260854399412,202608260654257059,202608260654255519,85,499,Bronze INV,br_AdmissionAssessmentDimensionFiveSubstanceUse,TASK_COMPLETE,SUCCESS,INFO,301,301,0,,2026-08-26T06:54:31.515Z,2026-08-26T08:57:15.847Z,7364,2026-08-26T08:57:15.847Z,CON,Conway,912d32aa-0b7f-4999-bf60-6670fe5985ea,SAMMS-Conway
202608260854399414,202608260654257060,202608260654255519,85,500,Bronze INV,br_AdmissionAssessmentDimensionFiveSubstanceUse,TASK_COMPLETE,SUCCESS,INFO,1541,1541,0,,2026-08-26T06:54:31.515Z,2026-08-26T08:57:15.847Z,7364,2026-08-26T08:57:15.847Z,D07,Medical Services Knox TN,912d32aa-0b7f-4999-bf60-6670fe5985ea,SAMMS-KnoxvilleV6
202608260854399415,202608260654257061,202608260654255519,85,501,Bronze INV,br_AdmissionAssessmentDimensionFiveSubstanceUse,TASK_COMPLETE,SUCCESS,INFO,951,951,0,,2026-08-26T06:54:31.515Z,2026-08-26T08:57:15.847Z,7364,2026-08-26T08:57:15.847Z,D08,Madison,912d32aa-0b7f-4999-bf60-6670fe5985ea,SAMMS-MadisonV6
202608260854399416,202608260654257062,202608260654255519,85,503,Bronze INV,br_AdmissionAssessmentDimensionFiveSubstanceUse,TASK_COMPLETE,SUCCESS,INFO,931,931,0,,2026-08-26T06:54:31.515Z,2026-08-26T08:57:15.847Z,7364,2026-08-26T08:57:15.847Z,D09,Murfreesboro,912d32aa-0b7f-4999-bf60-6670fe5985ea,SAMMS-MurfreesboroV6
202608260854399417,202608260654257063,202608260654255519,85,504,Bronze INV,br_AdmissionAssessmentDimensionFiveSubstanceUse,TASK_COMPLETE,SUCCESS,INFO,219,219,0,,2026-08-26T06:54:31.515Z,2026-08-26T08:57:15.847Z,7364,2026-08-26T08:57:15.847Z,DA,Davenport,912d32aa-0b7f-4999-bf60-6670fe5985ea,SAMMS-Davenport
202608260854399418,202608260654257064,202608260654255519,85,505,Bronze INV,br_AdmissionAssessmentDimensionFiveSubstanceUse,TASK_COMPLETE,SUCCESS,INFO,352,352,0,,2026-08-26T06:54:31.515Z,2026-08-26T08:57:15.847Z,7364,2026-08-26T08:57:15.847Z,DM,Des Moines,912d32aa-0b7f-4999-bf60-6670fe5985ea,SAMMS-DesMoines
202608260854399419,202608260654257065,202608260654255519,85,507,Bronze INV,br_AdmissionAssessmentDimensionFiveSubstanceUse,TASK_COMPLETE,SUCCESS,INFO,471,471,0,,2026-08-26T06:54:31.515Z,2026-08-26T08:57:15.847Z,7364,2026-08-26T08:57:15.847Z,DRD-CO,Columbia MO,912d32aa-0b7f-4999-bf60-6670fe5985ea,SAMMS-ColumbiaV5
202608260854399420,202608260654257066,202608260654255519,85,508,Bronze INV,br_AdmissionAssessmentDimensionFiveSubstanceUse,TASK_COMPLETE,SUCCESS,INFO,590,590,0,,2026-08-26T06:54:31.515Z,2026-08-26T08:57:15.847Z,7364,2026-08-26T08:57:15.847Z,DRD-KC,KC,912d32aa-0b7f-4999-bf60-6670fe5985ea,SAMMS-KCv5
202608260854399422,202608260654257067,202608260654255519,85,509,Bronze INV,br_AdmissionAssessmentDimensionFiveSubstanceUse,TASK_COMPLETE,SUCCESS,INFO,946,946,0,,2026-08-26T06:54:31.515Z,2026-08-26T08:57:15.847Z,7364,2026-08-26T08:57:15.847Z,DRD-KVB,KVB,912d32aa-0b7f-4999-bf60-6670fe5985ea,SAMMS-KVBv5
202608260854399423,202608260654257068,202608260654255519,85,510,Bronze INV,br_AdmissionAssessmentDimensionFiveSubstanceUse,TASK_COMPLETE,SUCCESS,INFO,1566,1566,0,,2026-08-26T06:54:31.515Z,2026-08-26T08:57:15.847Z,7364,2026-08-26T08:57:15.847Z,DRD-KVC,KVC,912d32aa-0b7f-4999-bf60-6670fe5985ea,SAMMS-KVCv5
202608260854399424,202608260654257069,202608260654255519,85,511,Bronze INV,br_AdmissionAssessmentDimensionFiveSubstanceUse,TASK_COMPLETE,SUCCESS,INFO,1255,1255,0,,2026-08-26T06:54:31.515Z,2026-08-26T08:57:15.847Z,7364,2026-08-26T08:57:15.847Z,DRD-NOLA,NOLA,912d32aa-0b7f-4999-bf60-6670fe5985ea,SAMMS-NOLAv5
202608260854399425,202608260654257070,202608260654255519,85,512,Bronze INV,br_AdmissionAssessmentDimensionFiveSubstanceUse,TASK_COMPLETE,SUCCESS,INFO,735,735,0,,2026-08-26T06:54:31.515Z,2026-08-26T08:57:15.847Z,7364,2026-08-26T08:57:15.847Z,DRD-SF,Springfield,912d32aa-0b7f-4999-bf60-6670fe5985ea,SAMMS-SFv5
202608260854399426,202608260654257071,202608260654255519,85,514,Bronze INV,br_AdmissionAssessmentDimensionFiveSubstanceUse,TASK_COMPLETE,SUCCESS,INFO,248,248,0,,2026-08-26T06:54:31.515Z,2026-08-26T08:57:15.847Z,7364,2026-08-26T08:57:15.847Z,ELC,Elizabeth City,912d32aa-0b7f-4999-bf60-6670fe5985ea,SAMMS-ElizabethCity
202608260854399427,202608260654257072,202608260654255519,85,515,Bronze INV,br_AdmissionAssessmentDimensionFiveSubstanceUse,TASK_COMPLETE,SUCCESS,INFO,260,260,0,,2026-08-26T06:54:31.515Z,2026-08-26T08:57:15.847Z,7364,2026-08-26T08:57:15.847Z,ET,Elizabethtown,912d32aa-0b7f-4999-bf60-6670fe5985ea,SAMMS-Elizabethtown
202608260854399429,202608260654257073,202608260654255519,85,516,Bronze INV,br_AdmissionAssessmentDimensionFiveSubstanceUse,TASK_COMPLETE,SUCCESS,INFO,226,226,0,,2026-08-26T06:54:31.515Z,2026-08-26T08:57:15.847Z,7364,2026-08-26T08:57:15.847Z,FAY,Fayetteville,912d32aa-0b7f-4999-bf60-6670fe5985ea,SAMMS-Fayetteville
202608260854399430,202608260654257074,202608260654255519,85,517,Bronze INV,br_AdmissionAssessmentDimensionFiveSubstanceUse,TASK_COMPLETE,SUCCESS,INFO,180,180,0,,2026-08-26T06:54:31.515Z,2026-08-26T08:57:15.847Z,7364,2026-08-26T08:57:15.847Z,FR,Frankfort,912d32aa-0b7f-4999-bf60-6670fe5985ea,SAMMS-Frankfort
202608260854399431,202608260654257075,202608260654255519,85,518,Bronze INV,br_AdmissionAssessmentDimensionFiveSubstanceUse,TASK_COMPLETE,SUCCESS,INFO,277,277,0,,2026-08-26T06:54:31.515Z,2026-08-26T08:57:15.847Z,7364,2026-08-26T08:57:15.847Z,FS,Fort Smith,912d32aa-0b7f-4999-bf60-6670fe5985ea,SAMMS-FortSmith
202608260854399432,202608260654257076,202608260654255519,85,519,Bronze INV,br_AdmissionAssessmentDimensionFiveSubstanceUse,TASK_COMPLETE,SUCCESS,INFO,677,677,0,,2026-08-26T06:54:31.515Z,2026-08-26T08:57:15.847Z,7364,2026-08-26T08:57:15.847Z,FW,Fort Wayne,912d32aa-0b7f-4999-bf60-6670fe5985ea,SAMMS-FortWayne
202608260854399433,202608260654257077,202608260654255519,85,520,Bronze INV,br_AdmissionAssessmentDimensionFiveSubstanceUse,TASK_COMPLETE,SUCCESS,INFO,102,102,0,,2026-08-26T06:54:31.515Z,2026-08-26T08:57:15.847Z,7364,2026-08-26T08:57:15.847Z,GAL,Gaylord,912d32aa-0b7f-4999-bf60-6670fe5985ea,SAMMS-Gaylord
202608260854399434,202608260654257078,202608260654255519,85,524,Bronze INV,br_AdmissionAssessmentDimensionFiveSubstanceUse,TASK_COMPLETE,SUCCESS,INFO,613,613,0,,2026-08-26T06:54:31.515Z,2026-08-26T08:57:15.847Z,7364,2026-08-26T08:57:15.847Z,HGT,Hagerstown,912d32aa-0b7f-4999-bf60-6670fe5985ea,SAMMS-Hagerstown
202608260854399435,202608260654257079,202608260654255519,85,525,Bronze INV,br_AdmissionAssessmentDimensionFiveSubstanceUse,TASK_COMPLETE,SUCCESS,INFO,464,464,0,,2026-08-26T06:54:31.515Z,2026-08-26T08:57:15.847Z,7364,2026-08-26T08:57:15.847Z,HNT,Huntsville,912d32aa-0b7f-4999-bf60-6670fe5985ea,SAMMS-Huntsville
202608260854399437,202608260654257080,202608260654255519,85,526,Bronze INV,br_AdmissionAssessmentDimensionFiveSubstanceUse,TASK_COMPLETE,SUCCESS,INFO,303,303,0,,2026-08-26T06:54:31.515Z,2026-08-26T08:57:15.847Z,7364,2026-08-26T08:57:15.847Z,HS,Hot Springs,912d32aa-0b7f-4999-bf60-6670fe5985ea,SAMMS-HotSprings
202608260854399438,202608260654257081,202608260654255519,85,527,Bronze INV,br_AdmissionAssessmentDimensionFiveSubstanceUse,TASK_COMPLETE,SUCCESS,INFO,266,266,0,,2026-08-26T06:54:31.515Z,2026-08-26T08:57:15.847Z,7364,2026-08-26T08:57:15.847Z,JON,Jonesboro,912d32aa-0b7f-4999-bf60-6670fe5985ea,SAMMS-Jonesboro
202608260854399439,202608260654257082,202608260654255519,85,529,Bronze INV,br_AdmissionAssessmentDimensionFiveSubstanceUse,TASK_COMPLETE,SUCCESS,INFO,151,151,0,,2026-08-26T06:54:31.515Z,2026-08-26T08:57:15.847Z,7364,2026-08-26T08:57:15.847Z,LAN,Lansing,912d32aa-0b7f-4999-bf60-6670fe5985ea,SAMMS-Lansing
202608260854399440,202608260654257083,202608260654255519,85,530,Bronze INV,br_AdmissionAssessmentDimensionFiveSubstanceUse,TASK_COMPLETE,SUCCESS,INFO,429,429,0,,2026-08-26T06:54:31.515Z,2026-08-26T08:57:15.847Z,7364,2026-08-26T08:57:15.847Z,LO,Louisville,912d32aa-0b7f-4999-bf60-6670fe5985ea,SAMMS-Louisville
202608260854399973,202608260654257231,202608260654255519,85,1130,Bronze INV,br_AdmissionAssessmentDimensionSix,TASK_COMPLETE,SUCCESS,INFO,352,352,0,,2026-08-26T06:54:31.515Z,2026-08-26T08:57:15.847Z,7364,2026-08-26T08:57:15.847Z,V21,Memphis North,912d32aa-0b7f-4999-bf60-6670fe5985ea,SAMMS-RaleighV5
202608260854399974,202608260654257232,202608260654255519,85,1133,Bronze INV,br_AdmissionAssessmentDimensionSix,TASK_COMPLETE,SUCCESS,INFO,698,698,0,,2026-08-26T06:54:31.515Z,2026-08-26T08:57:15.847Z,7364,2026-08-26T08:57:15.847Z,V5,West Bank,912d32aa-0b7f-4999-bf60-6670fe5985ea,SAMMS-NONTCv5
202608260854399975,202608260654257233,202608260654255519,85,1135,Bronze INV,br_AdmissionAssessmentDimensionSix,TASK_COMPLETE,SUCCESS,INFO,250,250,0,,2026-08-26T06:54:31.515Z,2026-08-26T08:57:15.847Z,7364,2026-08-26T08:57:15.847Z,V5B,Houma,912d32aa-0b7f-4999-bf60-6670fe5985ea,SAMMS-HoumaV6
202608260854399977,202608260654257234,202608260654255519,85,1136,Bronze INV,br_AdmissionAssessmentDimensionSix,TASK_COMPLETE,SUCCESS,INFO,948,948,0,,2026-08-26T06:54:31.515Z,2026-08-26T08:57:15.847Z,7364,2026-08-26T08:57:15.847Z,V6,Lake Charles,912d32aa-0b7f-4999-bf60-6670fe5985ea,SAMMS-LCv5
202608260854399978,202608260654257235,202608260654255519,85,1138,Bronze INV,br_AdmissionAssessmentDimensionSix,TASK_COMPLETE,SUCCESS,INFO,560,560,0,,2026-08-26T06:54:31.515Z,2026-08-26T08:57:15.847Z,7364,2026-08-26T08:57:15.847Z,V8,Memphis Midtown,912d32aa-0b7f-4999-bf60-6670fe5985ea,SAMMS-VCPHCS-VIII-MemphisV5
202608260854399979,202608260654257236,202608260654255519,85,1139,Bronze INV,br_AdmissionAssessmentDimensionSix,TASK_COMPLETE,SUCCESS,INFO,1564,1564,0,,2026-08-26T06:54:31.515Z,2026-08-26T08:57:15.847Z,7364,2026-08-26T08:57:15.847Z,V9,Nashville,912d32aa-0b7f-4999-bf60-6670fe5985ea,SAMMS-NashvilleV5
202608260854399980,202608260654257237,202608260654255519,85,1140,Bronze INV,br_AdmissionAssessmentDimensionSix,TASK_COMPLETE,SUCCESS,INFO,329,329,0,,2026-08-26T06:54:31.515Z,2026-08-26T08:57:15.847Z,7364,2026-08-26T08:57:15.847Z,VBRA,Brainerd,912d32aa-0b7f-4999-bf60-6670fe5985ea,SAMMS-BrainerdV6
202608260854399982,202608260654257238,202608260654255519,85,1141,Bronze INV,br_AdmissionAssessmentDimensionSix,TASK_COMPLETE,SUCCESS,INFO,585,585,0,,2026-08-26T06:54:31.515Z,2026-08-26T08:57:15.847Z,7364,2026-08-26T08:57:15.847Z,VBRP,Brooklyn Park,912d32aa-0b7f-4999-bf60-6670fe5985ea,SAMMS-BrooklynParkV6
202608260854399983,202608260654257239,202608260654255519,85,1143,Bronze INV,br_AdmissionAssessmentDimensionSix,TASK_COMPLETE,SUCCESS,INFO,567,567,0,,2026-08-26T06:54:31.515Z,2026-08-26T08:57:15.847Z,7364,2026-08-26T08:57:15.847Z,VMIN,Minneapolis,912d32aa-0b7f-4999-bf60-6670fe5985ea,SAMMS-MinneapolisV6
202608260854399986,202608260654257240,202608260654255519,85,1144,Bronze INV,br_AdmissionAssessmentDimensionSix,TASK_COMPLETE,SUCCESS,INFO,1062,1062,0,,2026-08-26T06:54:31.515Z,2026-08-26T08:57:15.847Z,7364,2026-08-26T08:57:15.847Z,VWBY,Woodbury,912d32aa-0b7f-4999-bf60-6670fe5985ea,SAMMS-WoodburyV6
202608260854399987,202608260654257241,202608260654255519,85,1146,Bronze INV,br_AdmissionAssessmentDimensionSix,TASK_COMPLETE,SUCCESS,INFO,426,426,0,,2026-08-26T06:54:31.515Z,2026-08-26T08:57:15.847Z,7364,2026-08-26T08:57:15.847Z,WIL,Wilson,912d32aa-0b7f-4999-bf60-6670fe5985ea,SAMMS-Wilson
202608260854400089,202608260654355526,202608260654355519,86,5726,Silver INV,sl_AdmissionAssessmentDimensionSix,TASK_COMPLETE,SUCCESS,INFO,50675,50675,0,,2026-08-26T06:54:31.515Z,2026-08-26T08:57:15.847Z,7364,2026-08-26T08:57:15.847Z,,,912d32aa-0b7f-4999-bf60-6670fe5985ea,
202608260854400028,202608260654256782,202608260654255519,85,1150,Bronze INV,br_AdmissionAssessmentDimensionThree,TASK_COMPLETE,SUCCESS,INFO,97,97,0,,2026-08-26T06:54:31.515Z,2026-08-26T08:57:15.847Z,7364,2026-08-26T08:57:15.847Z,AHK,Ahoskie,912d32aa-0b7f-4999-bf60-6670fe5985ea,SAMMS-Ahoskie
202608260854400030,202608260654256783,202608260654255519,85,1151,Bronze INV,br_AdmissionAssessmentDimensionThree,TASK_COMPLETE,SUCCESS,INFO,786,786,0,,2026-08-26T06:54:31.515Z,2026-08-26T08:57:15.847Z,7364,2026-08-26T08:57:15.847Z,B12B,Colorado Springs,912d32aa-0b7f-4999-bf60-6670fe5985ea,SAMMS-ColoradoSpringsV5
202608260854400031,202608260654256784,202608260654255519,85,1152,Bronze INV,br_AdmissionAssessmentDimensionThree,TASK_COMPLETE,SUCCESS,INFO,413,413,0,,2026-08-26T06:54:31.515Z,2026-08-26T08:57:15.847Z,7364,2026-08-26T08:57:15.847Z,B24,Paintsville,912d32aa-0b7f-4999-bf60-6670fe5985ea,SAMMS-PaintsvilleV5
202608260854400032,202608260654256785,202608260654255519,85,1153,Bronze INV,br_AdmissionAssessmentDimensionThree,TASK_COMPLETE,SUCCESS,INFO,173,173,0,,2026-08-26T06:54:31.515Z,2026-08-26T08:57:15.847Z,7364,2026-08-26T08:57:15.847Z,B25,Pikeville,912d32aa-0b7f-4999-bf60-6670fe5985ea,SAMMS-PikevilleV5
202608260854400033,202608260654256786,202608260654255519,85,1154,Bronze INV,br_AdmissionAssessmentDimensionThree,TASK_COMPLETE,SUCCESS,INFO,494,494,0,,2026-08-26T06:54:31.515Z,2026-08-26T08:57:15.847Z,7364,2026-08-26T08:57:15.847Z,B26,Hazard,912d32aa-0b7f-4999-bf60-6670fe5985ea,SAMMS-HazardV5
202608260854400035,202608260654256787,202608260654255519,85,1155,Bronze INV,br_AdmissionAssessmentDimensionThree,TASK_COMPLETE,SUCCESS,INFO,189,189,0,,2026-08-26T06:54:31.515Z,2026-08-26T08:57:15.847Z,7364,2026-08-26T08:57:15.847Z,B27,Savannah,912d32aa-0b7f-4999-bf60-6670fe5985ea,SAMMS-SavannahV6
202608260854400036,202608260654256788,202608260654255519,85,1156,Bronze INV,br_AdmissionAssessmentDimensionThree,TASK_COMPLETE,SUCCESS,INFO,234,234,0,,2026-08-26T06:54:31.515Z,2026-08-26T08:57:15.847Z,7364,2026-08-26T08:57:15.847Z,B28,West Plains,912d32aa-0b7f-4999-bf60-6670fe5985ea,SAMMS-WestPlainesV5
202608260854400037,202608260654256789,202608260654255519,85,1157,Bronze INV,br_AdmissionAssessmentDimensionThree,TASK_COMPLETE,SUCCESS,INFO,260,260,0,,2026-08-26T06:54:31.515Z,2026-08-26T08:57:15.847Z,7364,2026-08-26T08:57:15.847Z,B29,Poplar Bluff,912d32aa-0b7f-4999-bf60-6670fe5985ea,SAMMS-PoplarBluffV5
202608260854400038,202608260654256790,202608260654255519,85,1158,Bronze INV,br_AdmissionAssessmentDimensionThree,TASK_COMPLETE,SUCCESS,INFO,142,142,0,,2026-08-26T06:54:31.515Z,2026-08-26T08:57:15.847Z,7364,2026-08-26T08:57:15.847Z,B30,KC North,912d32aa-0b7f-4999-bf60-6670fe5985ea,SAMMS-KCNv5
202608260854400040,202608260654256791,202608260654255519,85,1159,Bronze INV,br_AdmissionAssessmentDimensionThree,TASK_COMPLETE,SUCCESS,INFO,340,340,0,,2026-08-26T06:54:31.515Z,2026-08-26T08:57:15.847Z,7364,2026-08-26T08:57:15.847Z,B31,Dyersburg,912d32aa-0b7f-4999-bf60-6670fe5985ea,SAMMS-DyersburgV5
202608260854400041,202608260654256792,202608260654255519,85,1161,Bronze INV,br_AdmissionAssessmentDimensionThree,TASK_COMPLETE,SUCCESS,INFO,213,213,0,,2026-08-26T06:54:31.515Z,2026-08-26T08:57:15.847Z,7364,2026-08-26T08:57:15.847Z,B33,Paducah,912d32aa-0b7f-4999-bf60-6670fe5985ea,SAMMS-Paducah
202608260854400042,202608260654256793,202608260654255519,85,1162,Bronze INV,br_AdmissionAssessmentDimensionThree,TASK_COMPLETE,SUCCESS,INFO,446,446,0,,2026-08-26T06:54:31.515Z,2026-08-26T08:57:15.847Z,7364,2026-08-26T08:57:15.847Z,B34,Corbin,912d32aa-0b7f-4999-bf60-6670fe5985ea,SAMMS-CorbinV5
202608260854400043,202608260654256794,202608260654255519,85,1163,Bronze INV,br_AdmissionAssessmentDimensionThree,TASK_COMPLETE,SUCCESS,INFO,718,718,0,,2026-08-26T06:54:31.515Z,2026-08-26T08:57:15.847Z,7364,2026-08-26T08:57:15.847Z,B35,Lexington,912d32aa-0b7f-4999-bf60-6670fe5985ea,SAMMS-LexingtonV5
202608260854400044,202608260654256795,202608260654255519,85,1164,Bronze INV,br_AdmissionAssessmentDimensionThree,TASK_COMPLETE,SUCCESS,INFO,347,347,0,,2026-08-26T06:54:31.515Z,2026-08-26T08:57:15.847Z,7364,2026-08-26T08:57:15.847Z,B35A,Berea,912d32aa-0b7f-4999-bf60-6670fe5985ea,SAMMS-BereaV5
202608260854400046,202608260654256796,202608260654255519,85,1165,Bronze INV,br_AdmissionAssessmentDimensionThree,TASK_COMPLETE,SUCCESS,INFO,609,609,0,,2026-08-26T06:54:31.515Z,2026-08-26T08:57:15.847Z,7364,2026-08-26T08:57:15.847Z,B36,Asheville,912d32aa-0b7f-4999-bf60-6670fe5985ea,SAMMS-AshevilleV5
202608260854400047,202608260654256797,202608260654255519,85,1166,Bronze INV,br_AdmissionAssessmentDimensionThree,TASK_COMPLETE,SUCCESS,INFO,451,451,0,,2026-08-26T06:54:31.515Z,2026-08-26T08:57:15.847Z,7364,2026-08-26T08:57:15.847Z,B37,Clyde,912d32aa-0b7f-4999-bf60-6670fe5985ea,SAMMS-ClydeV5
202608260854400048,202608260654256798,202608260654255519,85,1167,Bronze INV,br_AdmissionAssessmentDimensionThree,TASK_COMPLETE,SUCCESS,INFO,631,631,0,,2026-08-26T06:54:31.515Z,2026-08-26T08:57:15.847Z,7364,2026-08-26T08:57:15.847Z,B38,Spartanburg,912d32aa-0b7f-4999-bf60-6670fe5985ea,SAMMS-SpartanburgV5
202608260854400049,202608260654256799,202608260654255519,85,1168,Bronze INV,br_AdmissionAssessmentDimensionThree,TASK_COMPLETE,SUCCESS,INFO,482,482,0,,2026-08-26T06:54:31.515Z,2026-08-26T08:57:15.847Z,7364,2026-08-26T08:57:15.847Z,B39,Aiken,912d32aa-0b7f-4999-bf60-6670fe5985ea,SAMMS-AikenV5
202608260854400051,202608260654256800,202608260654255519,85,1169,Bronze INV,br_AdmissionAssessmentDimensionThree,TASK_COMPLETE,SUCCESS,INFO,295,295,0,,2026-08-26T06:54:31.515Z,2026-08-26T08:57:15.847Z,7364,2026-08-26T08:57:15.847Z,B41,Chesapeake,912d32aa-0b7f-4999-bf60-6670fe5985ea,SAMMS-ChesapeakeV5
202608260854400052,202608260654256801,202608260654255519,85,1170,Bronze INV,br_AdmissionAssessmentDimensionThree,TASK_COMPLETE,SUCCESS,INFO,533,533,0,,2026-08-26T06:54:31.515Z,2026-08-26T08:57:15.847Z,7364,2026-08-26T08:57:15.847Z,B42,Virginia Beach,912d32aa-0b7f-4999-bf60-6670fe5985ea,SAMMS-VirginiaBeachV5
202608260854400053,202608260654256802,202608260654255519,85,1171,Bronze INV,br_AdmissionAssessmentDimensionThree,TASK_COMPLETE,SUCCESS,INFO,165,165,0,,2026-08-26T06:54:31.515Z,2026-08-26T08:57:15.847Z,7364,2026-08-26T08:57:15.847Z,B42A,Newport News,912d32aa-0b7f-4999-bf60-6670fe5985ea,SAMMS-NewportNewsV5
202608260854400054,202608260654256803,202608260654255519,85,1172,Bronze INV,br_AdmissionAssessmentDimensionThree,TASK_COMPLETE,SUCCESS,INFO,58,58,0,,2026-08-26T06:54:31.515Z,2026-08-26T08:57:15.847Z,7364,2026-08-26T08:57:15.847Z,B42B,Franklin,912d32aa-0b7f-4999-bf60-6670fe5985ea,SAMMS-FranklinV5
202608260854400056,202608260654256804,202608260654255519,85,1173,Bronze INV,br_AdmissionAssessmentDimensionThree,TASK_COMPLETE,SUCCESS,INFO,337,337,0,,2026-08-26T06:54:31.515Z,2026-08-26T08:57:15.847Z,7364,2026-08-26T08:57:15.847Z,B42C,Glen Allen,912d32aa-0b7f-4999-bf60-6670fe5985ea,SAMMS-GlenAllenV5
202608260854400057,202608260654256805,202608260654255519,85,1174,Bronze INV,br_AdmissionAssessmentDimensionThree,TASK_COMPLETE,SUCCESS,INFO,175,175,0,,2026-08-26T06:54:31.515Z,2026-08-26T08:57:15.847Z,7364,2026-08-26T08:57:15.847Z,B42D,Chesapeake South,912d32aa-0b7f-4999-bf60-6670fe5985ea,SAMMS-ChesapeakeSouthV5
202608260854400058,202608260654256806,202608260654255519,85,1175,Bronze INV,br_AdmissionAssessmentDimensionThree,TASK_COMPLETE,SUCCESS,INFO,207,207,0,,2026-08-26T06:54:31.515Z,2026-08-26T08:57:15.847Z,7364,2026-08-26T08:57:15.847Z,B44,Albany,912d32aa-0b7f-4999-bf60-6670fe5985ea,SAMMS-AlbanyV5
202608260854400060,202608260654256807,202608260654255519,85,1176,Bronze INV,br_AdmissionAssessmentDimensionThree,TASK_COMPLETE,SUCCESS,INFO,305,305,0,,2026-08-26T06:54:31.515Z,2026-08-26T08:57:15.847Z,7364,2026-08-26T08:57:15.847Z,B45,Tifton,912d32aa-0b7f-4999-bf60-6670fe5985ea,SAMMS-TiftonV5
202608260854400725,202608260654256535,202608260654255519,85,1673,Bronze INV,br_AdmissionAssessmentSummary,TASK_COMPLETE,SUCCESS,INFO,507,507,0,,2026-08-26T06:54:31.515Z,2026-08-26T08:57:15.847Z,7364,2026-08-26T08:57:15.847Z,V12A,Centennial,912d32aa-0b7f-4999-bf60-6670fe5985ea,SAMMS-CentennialV5
202608260854400727,202608260654256536,202608260654255519,85,1674,Bronze INV,br_AdmissionAssessmentSummary,TASK_COMPLETE,SUCCESS,INFO,315,315,0,,2026-08-26T06:54:31.515Z,2026-08-26T08:57:15.847Z,7364,2026-08-26T08:57:15.847Z,V14,Overland Park,912d32aa-0b7f-4999-bf60-6670fe5985ea,SAMMS-VCPHCS-XIV-BridgewayV5
202608260854400728,202608260654256537,202608260654255519,85,1675,Bronze INV,br_AdmissionAssessmentSummary,TASK_COMPLETE,SUCCESS,INFO,572,572,0,,2026-08-26T06:54:31.515Z,2026-08-26T08:57:15.847Z,7364,2026-08-26T08:57:15.847Z,V15,Joplin,912d32aa-0b7f-4999-bf60-6670fe5985ea,SAMMS-JoplinV5
202608260854400729,202608260654256538,202608260654255519,85,1677,Bronze INV,br_AdmissionAssessmentSummary,TASK_COMPLETE,SUCCESS,INFO,489,489,0,,2026-08-26T06:54:31.515Z,2026-08-26T08:57:15.847Z,7364,2026-08-26T08:57:15.847Z,V17,Columbia TN,912d32aa-0b7f-4999-bf60-6670fe5985ea,SAMMS-ColumbiaTNv5
202608260854400730,202608260654256539,202608260654255519,85,1679,Bronze INV,br_AdmissionAssessmentSummary,TASK_COMPLETE,SUCCESS,INFO,438,438,0,,2026-08-26T06:54:31.515Z,2026-08-26T08:57:15.847Z,7364,2026-08-26T08:57:15.847Z,V19,Jackson,912d32aa-0b7f-4999-bf60-6670fe5985ea,SAMMS-JacksonV5
202608260854400731,202608260654256540,202608260654255519,85,1681,Bronze INV,br_AdmissionAssessmentSummary,TASK_COMPLETE,SUCCESS,INFO,524,524,0,,2026-08-26T06:54:31.515Z,2026-08-26T08:57:15.847Z,7364,2026-08-26T08:57:15.847Z,V20,Paris,912d32aa-0b7f-4999-bf60-6670fe5985ea,SAMMS-ParisV5
202608260854400732,202608260654256541,202608260654255519,85,1682,Bronze INV,br_AdmissionAssessmentSummary,TASK_COMPLETE,SUCCESS,INFO,368,368,0,,2026-08-26T06:54:31.515Z,2026-08-26T08:57:15.847Z,7364,2026-08-26T08:57:15.847Z,V21,Memphis North,912d32aa-0b7f-4999-bf60-6670fe5985ea,SAMMS-RaleighV5
202608260854400733,202608260654256542,202608260654255519,85,1685,Bronze INV,br_AdmissionAssessmentSummary,TASK_COMPLETE,SUCCESS,INFO,730,730,0,,2026-08-26T06:54:31.515Z,2026-08-26T08:57:15.847Z,7364,2026-08-26T08:57:15.847Z,V5,West Bank,912d32aa-0b7f-4999-bf60-6670fe5985ea,SAMMS-NONTCv5
202608260854400734,202608260654256543,202608260654255519,85,1687,Bronze INV,br_AdmissionAssessmentSummary,TASK_COMPLETE,SUCCESS,INFO,262,262,0,,2026-08-26T06:54:31.515Z,2026-08-26T08:57:15.847Z,7364,2026-08-26T08:57:15.847Z,V5B,Houma,912d32aa-0b7f-4999-bf60-6670fe5985ea,SAMMS-HoumaV6
202608260854400735,202608260654256544,202608260654255519,85,1688,Bronze INV,br_AdmissionAssessmentSummary,TASK_COMPLETE,SUCCESS,INFO,983,983,0,,2026-08-26T06:54:31.515Z,2026-08-26T08:57:15.847Z,7364,2026-08-26T08:57:15.847Z,V6,Lake Charles,912d32aa-0b7f-4999-bf60-6670fe5985ea,SAMMS-LCv5
202608260854400737,202608260654256545,202608260654255519,85,1690,Bronze INV,br_AdmissionAssessmentSummary,TASK_COMPLETE,SUCCESS,INFO,581,581,0,,2026-08-26T06:54:31.515Z,2026-08-26T08:57:15.847Z,7364,2026-08-26T08:57:15.847Z,V8,Memphis Midtown,912d32aa-0b7f-4999-bf60-6670fe5985ea,SAMMS-VCPHCS-VIII-MemphisV5
202608260854400738,202608260654256546,202608260654255519,85,1691,Bronze INV,br_AdmissionAssessmentSummary,TASK_COMPLETE,SUCCESS,INFO,1627,1627,0,,2026-08-26T06:54:31.515Z,2026-08-26T08:57:15.847Z,7364,2026-08-26T08:57:15.847Z,V9,Nashville,912d32aa-0b7f-4999-bf60-6670fe5985ea,SAMMS-NashvilleV5
202608260854400739,202608260654256547,202608260654255519,85,1692,Bronze INV,br_AdmissionAssessmentSummary,TASK_COMPLETE,SUCCESS,INFO,350,350,0,,2026-08-26T06:54:31.515Z,2026-08-26T08:57:15.847Z,7364,2026-08-26T08:57:15.847Z,VBRA,Brainerd,912d32aa-0b7f-4999-bf60-6670fe5985ea,SAMMS-BrainerdV6
202608260854400740,202608260654256548,202608260654255519,85,1693,Bronze INV,br_AdmissionAssessmentSummary,TASK_COMPLETE,SUCCESS,INFO,617,617,0,,2026-08-26T06:54:31.515Z,2026-08-26T08:57:15.847Z,7364,2026-08-26T08:57:15.847Z,VBRP,Brooklyn Park,912d32aa-0b7f-4999-bf60-6670fe5985ea,SAMMS-BrooklynParkV6
202608260854400741,202608260654256549,202608260654255519,85,1695,Bronze INV,br_AdmissionAssessmentSummary,TASK_COMPLETE,SUCCESS,INFO,596,596,0,,2026-08-26T06:54:31.515Z,2026-08-26T08:57:15.847Z,7364,2026-08-26T08:57:15.847Z,VMIN,Minneapolis,912d32aa-0b7f-4999-bf60-6670fe5985ea,SAMMS-MinneapolisV6
202608260854400742,202608260654256550,202608260654255519,85,1696,Bronze INV,br_AdmissionAssessmentSummary,TASK_COMPLETE,SUCCESS,INFO,1132,1132,0,,2026-08-26T06:54:31.515Z,2026-08-26T08:57:15.847Z,7364,2026-08-26T08:57:15.847Z,VWBY,Woodbury,912d32aa-0b7f-4999-bf60-6670fe5985ea,SAMMS-WoodburyV6
202608260854400743,202608260654256551,202608260654255519,85,1698,Bronze INV,br_AdmissionAssessmentSummary,TASK_COMPLETE,SUCCESS,INFO,440,440,0,,2026-08-26T06:54:31.515Z,2026-08-26T08:57:15.847Z,7364,2026-08-26T08:57:15.847Z,WIL,Wilson,912d32aa-0b7f-4999-bf60-6670fe5985ea,SAMMS-Wilson
202608260854400845,202608260654355527,202608260654355519,86,5727,Silver INV,sl_AdmissionAssessmentSummary,TASK_COMPLETE,SUCCESS,INFO,53643,53643,0,,2026-08-26T06:54:31.515Z,2026-08-26T08:57:15.847Z,7364,2026-08-26T08:57:15.847Z,,,912d32aa-0b7f-4999-bf60-6670fe5985ea,
202608260854400773,202608260654256208,202608260654255519,85,1702,Bronze INV,br_Appointments,TASK_COMPLETE,SUCCESS,INFO,7602,7602,0,,2026-08-26T06:54:31.515Z,2026-08-26T08:57:15.847Z,7364,2026-08-26T08:57:15.847Z,AHK,Ahoskie,912d32aa-0b7f-4999-bf60-6670fe5985ea,SAMMS-Ahoskie
202608260854400774,202608260654256209,202608260654255519,85,1703,Bronze INV,br_Appointments,TASK_COMPLETE,SUCCESS,INFO,14841,14841,0,,2026-08-26T06:54:31.515Z,2026-08-26T08:57:15.847Z,7364,2026-08-26T08:57:15.847Z,B12B,Colorado Springs,912d32aa-0b7f-4999-bf60-6670fe5985ea,SAMMS-ColoradoSpringsV5
202608260854400775,202608260654256210,202608260654255519,85,1704,Bronze INV,br_Appointments,TASK_COMPLETE,SUCCESS,INFO,20169,20169,0,,2026-08-26T06:54:31.515Z,2026-08-26T08:57:15.847Z,7364,2026-08-26T08:57:15.847Z,B24,Paintsville,912d32aa-0b7f-4999-bf60-6670fe5985ea,SAMMS-PaintsvilleV5
202608260854400776,202608260654256211,202608260654255519,85,1705,Bronze INV,br_Appointments,TASK_COMPLETE,SUCCESS,INFO,15856,15856,0,,2026-08-26T06:54:31.515Z,2026-08-26T08:57:15.847Z,7364,2026-08-26T08:57:15.847Z,B25,Pikeville,912d32aa-0b7f-4999-bf60-6670fe5985ea,SAMMS-PikevilleV5
202608260854400777,202608260654256212,202608260654255519,85,1706,Bronze INV,br_Appointments,TASK_COMPLETE,SUCCESS,INFO,49104,49104,0,,2026-08-26T06:54:31.515Z,2026-08-26T08:57:15.847Z,7364,2026-08-26T08:57:15.847Z,B26,Hazard,912d32aa-0b7f-4999-bf60-6670fe5985ea,SAMMS-HazardV5
202608260854400779,202608260654256213,202608260654255519,85,1707,Bronze INV,br_Appointments,TASK_COMPLETE,SUCCESS,INFO,21716,21716,0,,2026-08-26T06:54:31.515Z,2026-08-26T08:57:15.847Z,7364,2026-08-26T08:57:15.847Z,B27,Savannah,912d32aa-0b7f-4999-bf60-6670fe5985ea,SAMMS-SavannahV6
202608260854400780,202608260654256214,202608260654255519,85,1708,Bronze INV,br_Appointments,TASK_COMPLETE,SUCCESS,INFO,6756,6756,0,,2026-08-26T06:54:31.515Z,2026-08-26T08:57:15.847Z,7364,2026-08-26T08:57:15.847Z,B28,West Plains,912d32aa-0b7f-4999-bf60-6670fe5985ea,SAMMS-WestPlainesV5
202608260854400781,202608260654256215,202608260654255519,85,1709,Bronze INV,br_Appointments,TASK_COMPLETE,SUCCESS,INFO,8174,8174,0,,2026-08-26T06:54:31.515Z,2026-08-26T08:57:15.847Z,7364,2026-08-26T08:57:15.847Z,B29,Poplar Bluff,912d32aa-0b7f-4999-bf60-6670fe5985ea,SAMMS-PoplarBluffV5
202608260854400782,202608260654256216,202608260654255519,85,1710,Bronze INV,br_Appointments,TASK_COMPLETE,SUCCESS,INFO,6860,6860,0,,2026-08-26T06:54:31.515Z,2026-08-26T08:57:15.847Z,7364,2026-08-26T08:57:15.847Z,B30,KC North,912d32aa-0b7f-4999-bf60-6670fe5985ea,SAMMS-KCNv5
202608260854400783,202608260654256217,202608260654255519,85,1711,Bronze INV,br_Appointments,TASK_COMPLETE,SUCCESS,INFO,31766,31766,0,,2026-08-26T06:54:31.515Z,2026-08-26T08:57:15.847Z,7364,2026-08-26T08:57:15.847Z,B31,Dyersburg,912d32aa-0b7f-4999-bf60-6670fe5985ea,SAMMS-DyersburgV5
202608260854400784,202608260654256218,202608260654255519,85,1713,Bronze INV,br_Appointments,TASK_COMPLETE,SUCCESS,INFO,53059,53059,0,,2026-08-26T06:54:31.515Z,2026-08-26T08:57:15.847Z,7364,2026-08-26T08:57:15.847Z,B33,Paducah,912d32aa-0b7f-4999-bf60-6670fe5985ea,SAMMS-Paducah
202608260854400785,202608260654256219,202608260654255519,85,1714,Bronze INV,br_Appointments,TASK_COMPLETE,SUCCESS,INFO,24011,24011,0,,2026-08-26T06:54:31.515Z,2026-08-26T08:57:15.847Z,7364,2026-08-26T08:57:15.847Z,B34,Corbin,912d32aa-0b7f-4999-bf60-6670fe5985ea,SAMMS-CorbinV5
202608260854400786,202608260654256220,202608260654255519,85,1715,Bronze INV,br_Appointments,TASK_COMPLETE,SUCCESS,INFO,44367,44367,0,,2026-08-26T06:54:31.515Z,2026-08-26T08:57:15.847Z,7364,2026-08-26T08:57:15.847Z,B35,Lexington,912d32aa-0b7f-4999-bf60-6670fe5985ea,SAMMS-LexingtonV5
202608260854400787,202608260654256221,202608260654255519,85,1716,Bronze INV,br_Appointments,TASK_COMPLETE,SUCCESS,INFO,26562,26562,0,,2026-08-26T06:54:31.515Z,2026-08-26T08:57:15.847Z,7364,2026-08-26T08:57:15.847Z,B35A,Berea,912d32aa-0b7f-4999-bf60-6670fe5985ea,SAMMS-BereaV5
202608260854400788,202608260654256222,202608260654255519,85,1717,Bronze INV,br_Appointments,TASK_COMPLETE,SUCCESS,INFO,57465,57465,0,,2026-08-26T06:54:31.515Z,2026-08-26T08:57:15.847Z,7364,2026-08-26T08:57:15.847Z,B36,Asheville,912d32aa-0b7f-4999-bf60-6670fe5985ea,SAMMS-AshevilleV5
202608260854400790,202608260654256223,202608260654255519,85,1718,Bronze INV,br_Appointments,TASK_COMPLETE,SUCCESS,INFO,40503,40503,0,,2026-08-26T06:54:31.515Z,2026-08-26T08:57:15.847Z,7364,2026-08-26T08:57:15.847Z,B37,Clyde,912d32aa-0b7f-4999-bf60-6670fe5985ea,SAMMS-ClydeV5
202608260854400791,202608260654256224,202608260654255519,85,1719,Bronze INV,br_Appointments,TASK_COMPLETE,SUCCESS,INFO,16159,16159,0,,2026-08-26T06:54:31.515Z,2026-08-26T08:57:15.847Z,7364,2026-08-26T08:57:15.847Z,B38,Spartanburg,912d32aa-0b7f-4999-bf60-6670fe5985ea,SAMMS-SpartanburgV5
202608260854400792,202608260654256225,202608260654255519,85,1720,Bronze INV,br_Appointments,TASK_COMPLETE,SUCCESS,INFO,20286,20286,0,,2026-08-26T06:54:31.515Z,2026-08-26T08:57:15.847Z,7364,2026-08-26T08:57:15.847Z,B39,Aiken,912d32aa-0b7f-4999-bf60-6670fe5985ea,SAMMS-AikenV5
202608260854400793,202608260654256226,202608260654255519,85,1721,Bronze INV,br_Appointments,TASK_COMPLETE,SUCCESS,INFO,20146,20146,0,,2026-08-26T06:54:31.515Z,2026-08-26T08:57:15.847Z,7364,2026-08-26T08:57:15.847Z,B41,Chesapeake,912d32aa-0b7f-4999-bf60-6670fe5985ea,SAMMS-ChesapeakeV5
202608260854400794,202608260654256227,202608260654255519,85,1722,Bronze INV,br_Appointments,TASK_COMPLETE,SUCCESS,INFO,19019,19019,0,,2026-08-26T06:54:31.515Z,2026-08-26T08:57:15.847Z,7364,2026-08-26T08:57:15.847Z,B42,Virginia Beach,912d32aa-0b7f-4999-bf60-6670fe5985ea,SAMMS-VirginiaBeachV5
202608260854399715,202608260654256582,202608260654255519,85,821,Bronze INV,br_AdmissionAssessmentDimensionOneDisorder,TASK_COMPLETE,SUCCESS,INFO,164,164,0,,2026-08-26T06:54:31.515Z,2026-08-26T08:57:15.847Z,7364,2026-08-26T08:57:15.847Z,B52,Jackson GA,912d32aa-0b7f-4999-bf60-6670fe5985ea,SAMMS-JacksonGAV5
202608260854399716,202608260654256583,202608260654255519,85,822,Bronze INV,br_AdmissionAssessmentDimensionOneDisorder,TASK_COMPLETE,SUCCESS,INFO,504,504,0,,2026-08-26T06:54:31.515Z,2026-08-26T08:57:15.847Z,7364,2026-08-26T08:57:15.847Z,B54,Gadsden,912d32aa-0b7f-4999-bf60-6670fe5985ea,SAMMS-GadsdenV5
202608260854399717,202608260654256584,202608260654255519,85,823,Bronze INV,br_AdmissionAssessmentDimensionOneDisorder,TASK_COMPLETE,SUCCESS,INFO,515,515,0,,2026-08-26T06:54:31.515Z,2026-08-26T08:57:15.847Z,7364,2026-08-26T08:57:15.847Z,B55,Shoals,912d32aa-0b7f-4999-bf60-6670fe5985ea,SAMMS-ShoalsV5
202608260854399719,202608260654256585,202608260654255519,85,824,Bronze INV,br_AdmissionAssessmentDimensionOneDisorder,TASK_COMPLETE,SUCCESS,INFO,178,178,0,,2026-08-26T06:54:31.515Z,2026-08-26T08:57:15.847Z,7364,2026-08-26T08:57:15.847Z,B57,Pawtucket,912d32aa-0b7f-4999-bf60-6670fe5985ea,SAMMS-Pawtucket
202608260854399720,202608260654256586,202608260654255519,85,825,Bronze INV,br_AdmissionAssessmentDimensionOneDisorder,TASK_COMPLETE,SUCCESS,INFO,176,176,0,,2026-08-26T06:54:31.515Z,2026-08-26T08:57:15.847Z,7364,2026-08-26T08:57:15.847Z,B57A,Johnston,912d32aa-0b7f-4999-bf60-6670fe5985ea,SAMMS-Johnston
202608260854399721,202608260654256587,202608260654255519,85,826,Bronze INV,br_AdmissionAssessmentDimensionOneDisorder,TASK_COMPLETE,SUCCESS,INFO,100,100,0,,2026-08-26T06:54:31.515Z,2026-08-26T08:57:15.847Z,7364,2026-08-26T08:57:15.847Z,B57B,Middletown,912d32aa-0b7f-4999-bf60-6670fe5985ea,SAMMS-Middletown
202608260854399722,202608260654256588,202608260654255519,85,827,Bronze INV,br_AdmissionAssessmentDimensionOneDisorder,TASK_COMPLETE,SUCCESS,INFO,188,188,0,,2026-08-26T06:54:31.515Z,2026-08-26T08:57:15.847Z,7364,2026-08-26T08:57:15.847Z,B57C,Providence,912d32aa-0b7f-4999-bf60-6670fe5985ea,SAMMS-Providence
202608260854399723,202608260654256589,202608260654255519,85,828,Bronze INV,br_AdmissionAssessmentDimensionOneDisorder,TASK_COMPLETE,SUCCESS,INFO,265,265,0,,2026-08-26T06:54:31.515Z,2026-08-26T08:57:15.847Z,7364,2026-08-26T08:57:15.847Z,B57D,Westerly,912d32aa-0b7f-4999-bf60-6670fe5985ea,SAMMS-Westerly
202608260854399724,202608260654256590,202608260654255519,85,832,Bronze INV,br_AdmissionAssessmentDimensionOneDisorder,TASK_COMPLETE,SUCCESS,INFO,372,372,0,,2026-08-26T06:54:31.515Z,2026-08-26T08:57:15.847Z,7364,2026-08-26T08:57:15.847Z,B66A,Bremen,912d32aa-0b7f-4999-bf60-6670fe5985ea,SAMMS-Bremen
202608260854399726,202608260654256591,202608260654255519,85,835,Bronze INV,br_AdmissionAssessmentDimensionOneDisorder,TASK_COMPLETE,SUCCESS,INFO,41,41,0,,2026-08-26T06:54:31.515Z,2026-08-26T08:57:15.847Z,7364,2026-08-26T08:57:15.847Z,B72,Mobile (OBOT),912d32aa-0b7f-4999-bf60-6670fe5985ea,SAMMS-Mobile-OBOT
202608260854399727,202608260654256592,202608260654255519,85,836,Bronze INV,br_AdmissionAssessmentDimensionOneDisorder,TASK_COMPLETE,SUCCESS,INFO,4,4,0,,2026-08-26T06:54:31.515Z,2026-08-26T08:57:15.847Z,7364,2026-08-26T08:57:15.847Z,B73,Montgomery,912d32aa-0b7f-4999-bf60-6670fe5985ea,SAMMS-Montgomery
202608260854399728,202608260654256593,202608260654255519,85,837,Bronze INV,br_AdmissionAssessmentDimensionOneDisorder,TASK_COMPLETE,SUCCESS,INFO,341,341,0,,2026-08-26T06:54:31.515Z,2026-08-26T08:57:15.847Z,7364,2026-08-26T08:57:15.847Z,B75,Lawrence,912d32aa-0b7f-4999-bf60-6670fe5985ea,SAMMS-LawrenceV6
202608260854399729,202608260654256594,202608260654255519,85,838,Bronze INV,br_AdmissionAssessmentDimensionOneDisorder,TASK_COMPLETE,SUCCESS,INFO,54,54,0,,2026-08-26T06:54:31.515Z,2026-08-26T08:57:15.847Z,7364,2026-08-26T08:57:15.847Z,B76,Huntsville OBOT,912d32aa-0b7f-4999-bf60-6670fe5985ea,SAMMS-Huntsville-OBOT
202608260854399730,202608260654256595,202608260654255519,85,839,Bronze INV,br_AdmissionAssessmentDimensionOneDisorder,TASK_COMPLETE,SUCCESS,INFO,304,304,0,,2026-08-26T06:54:31.515Z,2026-08-26T08:57:15.847Z,7364,2026-08-26T08:57:15.847Z,BAT,Batesville,912d32aa-0b7f-4999-bf60-6670fe5985ea,SAMMS-Batesville
202608260854399731,202608260654256596,202608260654255519,85,840,Bronze INV,br_AdmissionAssessmentDimensionOneDisorder,TASK_COMPLETE,SUCCESS,INFO,245,245,0,,2026-08-26T06:54:31.515Z,2026-08-26T08:57:15.847Z,7364,2026-08-26T08:57:15.847Z,BG,Bowling Green,912d32aa-0b7f-4999-bf60-6670fe5985ea,SAMMS-BowlingGreen
202608260854399732,202608260654256597,202608260654255519,85,841,Bronze INV,br_AdmissionAssessmentDimensionOneDisorder,TASK_COMPLETE,SUCCESS,INFO,232,232,0,,2026-08-26T06:54:31.515Z,2026-08-26T08:57:15.847Z,7364,2026-08-26T08:57:15.847Z,BOI,Boise,912d32aa-0b7f-4999-bf60-6670fe5985ea,SAMMS-Boise
202608260854399734,202608260654256598,202608260654255519,85,848,Bronze INV,br_AdmissionAssessmentDimensionOneDisorder,TASK_COMPLETE,SUCCESS,INFO,307,307,0,,2026-08-26T06:54:31.515Z,2026-08-26T08:57:15.847Z,7364,2026-08-26T08:57:15.847Z,CBCO,Coeur dAlene,912d32aa-0b7f-4999-bf60-6670fe5985ea,SAMMS-CoeurdAleneV6
202608260854399735,202608260654256599,202608260654255519,85,867,Bronze INV,br_AdmissionAssessmentDimensionOneDisorder,TASK_COMPLETE,SUCCESS,INFO,345,345,0,,2026-08-26T06:54:31.515Z,2026-08-26T08:57:15.847Z,7364,2026-08-26T08:57:15.847Z,CON,Conway,912d32aa-0b7f-4999-bf60-6670fe5985ea,SAMMS-Conway
202608260854399736,202608260654256600,202608260654255519,85,868,Bronze INV,br_AdmissionAssessmentDimensionOneDisorder,TASK_COMPLETE,SUCCESS,INFO,1630,1630,0,,2026-08-26T06:54:31.515Z,2026-08-26T08:57:15.847Z,7364,2026-08-26T08:57:15.847Z,D07,Medical Services Knox TN,912d32aa-0b7f-4999-bf60-6670fe5985ea,SAMMS-KnoxvilleV6
202608260854399737,202608260654256601,202608260654255519,85,869,Bronze INV,br_AdmissionAssessmentDimensionOneDisorder,TASK_COMPLETE,SUCCESS,INFO,1034,1034,0,,2026-08-26T06:54:31.515Z,2026-08-26T08:57:15.847Z,7364,2026-08-26T08:57:15.847Z,D08,Madison,912d32aa-0b7f-4999-bf60-6670fe5985ea,SAMMS-MadisonV6
202608260854399738,202608260654256602,202608260654255519,85,871,Bronze INV,br_AdmissionAssessmentDimensionOneDisorder,TASK_COMPLETE,SUCCESS,INFO,982,982,0,,2026-08-26T06:54:31.515Z,2026-08-26T08:57:15.847Z,7364,2026-08-26T08:57:15.847Z,D09,Murfreesboro,912d32aa-0b7f-4999-bf60-6670fe5985ea,SAMMS-MurfreesboroV6
202608260854399739,202608260654256603,202608260654255519,85,872,Bronze INV,br_AdmissionAssessmentDimensionOneDisorder,TASK_COMPLETE,SUCCESS,INFO,229,229,0,,2026-08-26T06:54:31.515Z,2026-08-26T08:57:15.847Z,7364,2026-08-26T08:57:15.847Z,DA,Davenport,912d32aa-0b7f-4999-bf60-6670fe5985ea,SAMMS-Davenport
202608260854399741,202608260654256604,202608260654255519,85,873,Bronze INV,br_AdmissionAssessmentDimensionOneDisorder,TASK_COMPLETE,SUCCESS,INFO,363,363,0,,2026-08-26T06:54:31.515Z,2026-08-26T08:57:15.847Z,7364,2026-08-26T08:57:15.847Z,DM,Des Moines,912d32aa-0b7f-4999-bf60-6670fe5985ea,SAMMS-DesMoines
202608260854399742,202608260654256605,202608260654255519,85,875,Bronze INV,br_AdmissionAssessmentDimensionOneDisorder,TASK_COMPLETE,SUCCESS,INFO,497,497,0,,2026-08-26T06:54:31.515Z,2026-08-26T08:57:15.847Z,7364,2026-08-26T08:57:15.847Z,DRD-CO,Columbia MO,912d32aa-0b7f-4999-bf60-6670fe5985ea,SAMMS-ColumbiaV5
202608260854399743,202608260654256606,202608260654255519,85,876,Bronze INV,br_AdmissionAssessmentDimensionOneDisorder,TASK_COMPLETE,SUCCESS,INFO,614,614,0,,2026-08-26T06:54:31.515Z,2026-08-26T08:57:15.847Z,7364,2026-08-26T08:57:15.847Z,DRD-KC,KC,912d32aa-0b7f-4999-bf60-6670fe5985ea,SAMMS-KCv5
202608260854399744,202608260654256607,202608260654255519,85,877,Bronze INV,br_AdmissionAssessmentDimensionOneDisorder,TASK_COMPLETE,SUCCESS,INFO,986,986,0,,2026-08-26T06:54:31.515Z,2026-08-26T08:57:15.847Z,7364,2026-08-26T08:57:15.847Z,DRD-KVB,KVB,912d32aa-0b7f-4999-bf60-6670fe5985ea,SAMMS-KVBv5
202608260854399745,202608260654256608,202608260654255519,85,878,Bronze INV,br_AdmissionAssessmentDimensionOneDisorder,TASK_COMPLETE,SUCCESS,INFO,1602,1602,0,,2026-08-26T06:54:31.515Z,2026-08-26T08:57:15.847Z,7364,2026-08-26T08:57:15.847Z,DRD-KVC,KVC,912d32aa-0b7f-4999-bf60-6670fe5985ea,SAMMS-KVCv5
202608260854399746,202608260654256609,202608260654255519,85,879,Bronze INV,br_AdmissionAssessmentDimensionOneDisorder,TASK_COMPLETE,SUCCESS,INFO,1273,1273,0,,2026-08-26T06:54:31.515Z,2026-08-26T08:57:15.847Z,7364,2026-08-26T08:57:15.847Z,DRD-NOLA,NOLA,912d32aa-0b7f-4999-bf60-6670fe5985ea,SAMMS-NOLAv5
202608260854399747,202608260654256610,202608260654255519,85,880,Bronze INV,br_AdmissionAssessmentDimensionOneDisorder,TASK_COMPLETE,SUCCESS,INFO,775,775,0,,2026-08-26T06:54:31.515Z,2026-08-26T08:57:15.847Z,7364,2026-08-26T08:57:15.847Z,DRD-SF,Springfield,912d32aa-0b7f-4999-bf60-6670fe5985ea,SAMMS-SFv5
202608260854399749,202608260654256611,202608260654255519,85,882,Bronze INV,br_AdmissionAssessmentDimensionOneDisorder,TASK_COMPLETE,SUCCESS,INFO,275,275,0,,2026-08-26T06:54:31.515Z,2026-08-26T08:57:15.847Z,7364,2026-08-26T08:57:15.847Z,ELC,Elizabeth City,912d32aa-0b7f-4999-bf60-6670fe5985ea,SAMMS-ElizabethCity
202608260854399750,202608260654256612,202608260654255519,85,883,Bronze INV,br_AdmissionAssessmentDimensionOneDisorder,TASK_COMPLETE,SUCCESS,INFO,283,283,0,,2026-08-26T06:54:31.515Z,2026-08-26T08:57:15.847Z,7364,2026-08-26T08:57:15.847Z,ET,Elizabethtown,912d32aa-0b7f-4999-bf60-6670fe5985ea,SAMMS-Elizabethtown
202608260854399751,202608260654256613,202608260654255519,85,884,Bronze INV,br_AdmissionAssessmentDimensionOneDisorder,TASK_COMPLETE,SUCCESS,INFO,235,235,0,,2026-08-26T06:54:31.515Z,2026-08-26T08:57:15.847Z,7364,2026-08-26T08:57:15.847Z,FAY,Fayetteville,912d32aa-0b7f-4999-bf60-6670fe5985ea,SAMMS-Fayetteville
202608260854399752,202608260654256614,202608260654255519,85,885,Bronze INV,br_AdmissionAssessmentDimensionOneDisorder,TASK_COMPLETE,SUCCESS,INFO,185,185,0,,2026-08-26T06:54:31.515Z,2026-08-26T08:57:15.847Z,7364,2026-08-26T08:57:15.847Z,FR,Frankfort,912d32aa-0b7f-4999-bf60-6670fe5985ea,SAMMS-Frankfort
202608260854399753,202608260654256615,202608260654255519,85,886,Bronze INV,br_AdmissionAssessmentDimensionOneDisorder,TASK_COMPLETE,SUCCESS,INFO,288,288,0,,2026-08-26T06:54:31.515Z,2026-08-26T08:57:15.847Z,7364,2026-08-26T08:57:15.847Z,FS,Fort Smith,912d32aa-0b7f-4999-bf60-6670fe5985ea,SAMMS-FortSmith
202608260854399754,202608260654256616,202608260654255519,85,887,Bronze INV,br_AdmissionAssessmentDimensionOneDisorder,TASK_COMPLETE,SUCCESS,INFO,684,684,0,,2026-08-26T06:54:31.515Z,2026-08-26T08:57:15.847Z,7364,2026-08-26T08:57:15.847Z,FW,Fort Wayne,912d32aa-0b7f-4999-bf60-6670fe5985ea,SAMMS-FortWayne
202608260854399756,202608260654256617,202608260654255519,85,888,Bronze INV,br_AdmissionAssessmentDimensionOneDisorder,TASK_COMPLETE,SUCCESS,INFO,123,123,0,,2026-08-26T06:54:31.515Z,2026-08-26T08:57:15.847Z,7364,2026-08-26T08:57:15.847Z,GAL,Gaylord,912d32aa-0b7f-4999-bf60-6670fe5985ea,SAMMS-Gaylord
202608260854399757,202608260654256618,202608260654255519,85,892,Bronze INV,br_AdmissionAssessmentDimensionOneDisorder,TASK_COMPLETE,SUCCESS,INFO,630,630,0,,2026-08-26T06:54:31.515Z,2026-08-26T08:57:15.847Z,7364,2026-08-26T08:57:15.847Z,HGT,Hagerstown,912d32aa-0b7f-4999-bf60-6670fe5985ea,SAMMS-Hagerstown
202608260854399758,202608260654256619,202608260654255519,85,893,Bronze INV,br_AdmissionAssessmentDimensionOneDisorder,TASK_COMPLETE,SUCCESS,INFO,487,487,0,,2026-08-26T06:54:31.515Z,2026-08-26T08:57:15.847Z,7364,2026-08-26T08:57:15.847Z,HNT,Huntsville,912d32aa-0b7f-4999-bf60-6670fe5985ea,SAMMS-Huntsville
202608200219257639,202608200029237152,202608200029237018,85,1905,Bronze INV,br_Bottle,TASK_COMPLETE,FAILED,ERROR,12772,12772,1,SaveBottles Bronze ForEach failed,2026-08-20T00:29:28.539Z,2026-08-20T02:40:07.937Z,7839,2026-08-20T02:40:07.937Z,B41,Chesapeake,2e0eb052-bb28-45b1-894f-8dc0851c56cc,SAMMS-ChesapeakeV5
202608200219257640,202608200029237153,202608200029237018,85,1906,Bronze INV,br_Bottle,TASK_COMPLETE,FAILED,ERROR,19414,19414,1,SaveBottles Bronze ForEach failed,2026-08-20T00:29:28.539Z,2026-08-20T02:40:07.937Z,7839,2026-08-20T02:40:07.937Z,B42,Virginia Beach,2e0eb052-bb28-45b1-894f-8dc0851c56cc,SAMMS-VirginiaBeachV5
202608200219257641,202608200029237154,202608200029237018,85,1907,Bronze INV,br_Bottle,TASK_COMPLETE,FAILED,ERROR,8630,8630,1,SaveBottles Bronze ForEach failed,2026-08-20T00:29:28.539Z,2026-08-20T02:40:07.937Z,7839,2026-08-20T02:40:07.937Z,B42A,Newport News,2e0eb052-bb28-45b1-894f-8dc0851c56cc,SAMMS-NewportNewsV5
202608200219257642,202608200029237155,202608200029237018,85,1908,Bronze INV,br_Bottle,TASK_COMPLETE,FAILED,ERROR,2855,2855,1,SaveBottles Bronze ForEach failed,2026-08-20T00:29:28.539Z,2026-08-20T02:40:07.937Z,7839,2026-08-20T02:40:07.937Z,B42B,Franklin,2e0eb052-bb28-45b1-894f-8dc0851c56cc,SAMMS-FranklinV5
202608200219257644,202608200029237156,202608200029237018,85,1909,Bronze INV,br_Bottle,TASK_COMPLETE,FAILED,ERROR,9628,9628,1,SaveBottles Bronze ForEach failed,2026-08-20T00:29:28.539Z,2026-08-20T02:40:07.937Z,7839,2026-08-20T02:40:07.937Z,B42C,Glen Allen,2e0eb052-bb28-45b1-894f-8dc0851c56cc,SAMMS-GlenAllenV5
202608200219257645,202608200029237157,202608200029237018,85,1910,Bronze INV,br_Bottle,TASK_COMPLETE,FAILED,ERROR,7680,7680,1,SaveBottles Bronze ForEach failed,2026-08-20T00:29:28.539Z,2026-08-20T02:40:07.937Z,7839,2026-08-20T02:40:07.937Z,B42D,Chesapeake South,2e0eb052-bb28-45b1-894f-8dc0851c56cc,SAMMS-ChesapeakeSouthV5
202608200219257646,202608200029237158,202608200029237018,85,1911,Bronze INV,br_Bottle,TASK_COMPLETE,FAILED,ERROR,11164,11164,1,SaveBottles Bronze ForEach failed,2026-08-20T00:29:28.539Z,2026-08-20T02:40:07.937Z,7839,2026-08-20T02:40:07.937Z,B44,Albany,2e0eb052-bb28-45b1-894f-8dc0851c56cc,SAMMS-AlbanyV5
202608200219257647,202608200029237159,202608200029237018,85,1912,Bronze INV,br_Bottle,TASK_COMPLETE,FAILED,ERROR,14638,14638,1,SaveBottles Bronze ForEach failed,2026-08-20T00:29:28.539Z,2026-08-20T02:40:07.937Z,7839,2026-08-20T02:40:07.937Z,B45,Tifton,2e0eb052-bb28-45b1-894f-8dc0851c56cc,SAMMS-TiftonV5
202608200219257648,202608200029237160,202608200029237018,85,1913,Bronze INV,br_Bottle,TASK_COMPLETE,FAILED,ERROR,8475,8475,1,SaveBottles Bronze ForEach failed,2026-08-20T00:29:28.539Z,2026-08-20T02:40:07.937Z,7839,2026-08-20T02:40:07.937Z,B46,Washington DC,2e0eb052-bb28-45b1-894f-8dc0851c56cc,SAMMS-WashingtonDCv5
202608200219257649,202608200029237161,202608200029237018,85,1914,Bronze INV,br_Bottle,TASK_COMPLETE,FAILED,ERROR,11042,11042,1,SaveBottles Bronze ForEach failed,2026-08-20T00:29:28.539Z,2026-08-20T02:40:07.937Z,7839,2026-08-20T02:40:07.937Z,B47,Mobile,2e0eb052-bb28-45b1-894f-8dc0851c56cc,SAMMS-MobileV5
202608200219257650,202608200029237162,202608200029237018,85,1915,Bronze INV,br_Bottle,TASK_COMPLETE,FAILED,ERROR,32023,32023,1,SaveBottles Bronze ForEach failed,2026-08-20T00:29:28.539Z,2026-08-20T02:40:07.937Z,7839,2026-08-20T02:40:07.937Z,B48,Tuscaloosa,2e0eb052-bb28-45b1-894f-8dc0851c56cc,SAMMS-TuscaloosaV5
202608200219257651,202608200029237163,202608200029237018,85,1924,Bronze INV,br_Bottle,TASK_COMPLETE,FAILED,ERROR,2335,2335,1,SaveBottles Bronze ForEach failed,2026-08-20T00:29:28.539Z,2026-08-20T02:40:07.937Z,7839,2026-08-20T02:40:07.937Z,B51,N. Little Rock (OTP),2e0eb052-bb28-45b1-894f-8dc0851c56cc,SAMMS-NorthLittleRockV6
202608200219257652,202608200029237164,202608200029237018,85,1925,Bronze INV,br_Bottle,TASK_COMPLETE,FAILED,ERROR,9375,9375,1,SaveBottles Bronze ForEach failed,2026-08-20T00:29:28.539Z,2026-08-20T02:40:07.937Z,7839,2026-08-20T02:40:07.937Z,B52,Jackson GA,2e0eb052-bb28-45b1-894f-8dc0851c56cc,SAMMS-JacksonGAV5
202608200219257653,202608200029237165,202608200029237018,85,1926,Bronze INV,br_Bottle,TASK_COMPLETE,FAILED,ERROR,23194,23194,1,SaveBottles Bronze ForEach failed,2026-08-20T00:29:28.539Z,2026-08-20T02:40:07.937Z,7839,2026-08-20T02:40:07.937Z,B54,Gadsden,2e0eb052-bb28-45b1-894f-8dc0851c56cc,SAMMS-GadsdenV5
202608200219257655,202608200029237166,202608200029237018,85,1927,Bronze INV,br_Bottle,TASK_COMPLETE,FAILED,ERROR,23846,23846,1,SaveBottles Bronze ForEach failed,2026-08-20T00:29:28.539Z,2026-08-20T02:40:07.937Z,7839,2026-08-20T02:40:07.937Z,B55,Shoals,2e0eb052-bb28-45b1-894f-8dc0851c56cc,SAMMS-ShoalsV5
202608200219257656,202608200029237167,202608200029237018,85,1928,Bronze INV,br_Bottle,TASK_COMPLETE,FAILED,ERROR,2825,2825,1,SaveBottles Bronze ForEach failed,2026-08-20T00:29:28.539Z,2026-08-20T02:40:07.937Z,7839,2026-08-20T02:40:07.937Z,B57,Pawtucket,2e0eb052-bb28-45b1-894f-8dc0851c56cc,SAMMS-Pawtucket
202608200219257657,202608200029237168,202608200029237018,85,1929,Bronze INV,br_Bottle,TASK_COMPLETE,FAILED,ERROR,2893,2893,1,SaveBottles Bronze ForEach failed,2026-08-20T00:29:28.539Z,2026-08-20T02:40:07.937Z,7839,2026-08-20T02:40:07.937Z,B57A,Johnston,2e0eb052-bb28-45b1-894f-8dc0851c56cc,SAMMS-Johnston
202608200219257658,202608200029237169,202608200029237018,85,1930,Bronze INV,br_Bottle,TASK_COMPLETE,FAILED,ERROR,750,750,1,SaveBottles Bronze ForEach failed,2026-08-20T00:29:28.539Z,2026-08-20T02:40:07.937Z,7839,2026-08-20T02:40:07.937Z,B57B,Middletown,2e0eb052-bb28-45b1-894f-8dc0851c56cc,SAMMS-Middletown
202608200219257659,202608200029237170,202608200029237018,85,1931,Bronze INV,br_Bottle,TASK_COMPLETE,FAILED,ERROR,1559,1559,1,SaveBottles Bronze ForEach failed,2026-08-20T00:29:28.539Z,2026-08-20T02:40:07.937Z,7839,2026-08-20T02:40:07.937Z,B57C,Providence,2e0eb052-bb28-45b1-894f-8dc0851c56cc,SAMMS-Providence
202608200219257660,202608200029237171,202608200029237018,85,1932,Bronze INV,br_Bottle,TASK_COMPLETE,FAILED,ERROR,2542,2542,1,SaveBottles Bronze ForEach failed,2026-08-20T00:29:28.539Z,2026-08-20T02:40:07.937Z,7839,2026-08-20T02:40:07.937Z,B57D,Westerly,2e0eb052-bb28-45b1-894f-8dc0851c56cc,SAMMS-Westerly
202608200219257661,202608200029237172,202608200029237018,85,1936,Bronze INV,br_Bottle,TASK_COMPLETE,FAILED,ERROR,0,0,1,SaveBottles Bronze ForEach failed,2026-08-20T00:29:28.539Z,2026-08-20T02:40:07.937Z,7839,2026-08-20T02:40:07.937Z,B66A,Bremen,2e0eb052-bb28-45b1-894f-8dc0851c56cc,SAMMS-Bremen
202608200219257662,202608200029237173,202608200029237018,85,1939,Bronze INV,br_Bottle,TASK_COMPLETE,FAILED,ERROR,0,0,1,SaveBottles Bronze ForEach failed,2026-08-20T00:29:28.539Z,2026-08-20T02:40:07.937Z,7839,2026-08-20T02:40:07.937Z,B72,Mobile (OBOT),2e0eb052-bb28-45b1-894f-8dc0851c56cc,SAMMS-Mobile-OBOT
202608200219257663,202608200029237174,202608200029237018,85,1940,Bronze INV,br_Bottle,TASK_COMPLETE,FAILED,ERROR,0,0,1,SaveBottles Bronze ForEach failed,2026-08-20T00:29:28.539Z,2026-08-20T02:40:07.937Z,7839,2026-08-20T02:40:07.937Z,B73,Montgomery,2e0eb052-bb28-45b1-894f-8dc0851c56cc,SAMMS-Montgomery
202608200219257665,202608200029237175,202608200029237018,85,1941,Bronze INV,br_Bottle,TASK_COMPLETE,FAILED,ERROR,2218,2218,1,SaveBottles Bronze ForEach failed,2026-08-20T00:29:28.539Z,2026-08-20T02:40:07.937Z,7839,2026-08-20T02:40:07.937Z,B75,Lawrence,2e0eb052-bb28-45b1-894f-8dc0851c56cc,SAMMS-LawrenceV6
202608200219257666,202608200029237176,202608200029237018,85,1942,Bronze INV,br_Bottle,TASK_COMPLETE,FAILED,ERROR,0,0,1,SaveBottles Bronze ForEach failed,2026-08-20T00:29:28.539Z,2026-08-20T02:40:07.937Z,7839,2026-08-20T02:40:07.937Z,B76,Huntsville OBOT,2e0eb052-bb28-45b1-894f-8dc0851c56cc,SAMMS-Huntsville-OBOT
202608200219257667,202608200029237177,202608200029237018,85,1943,Bronze INV,br_Bottle,TASK_COMPLETE,FAILED,ERROR,0,0,1,SaveBottles Bronze ForEach failed,2026-08-20T00:29:28.539Z,2026-08-20T02:40:07.937Z,7839,2026-08-20T02:40:07.937Z,BAT,Batesville,2e0eb052-bb28-45b1-894f-8dc0851c56cc,SAMMS-Batesville
202608200219257668,202608200029237178,202608200029237018,85,1944,Bronze INV,br_Bottle,TASK_COMPLETE,FAILED,ERROR,4190,4190,1,SaveBottles Bronze ForEach failed,2026-08-20T00:29:28.539Z,2026-08-20T02:40:07.937Z,7839,2026-08-20T02:40:07.937Z,BG,Bowling Green,2e0eb052-bb28-45b1-894f-8dc0851c56cc,SAMMS-BowlingGreen
202608200219257669,202608200029237179,202608200029237018,85,1945,Bronze INV,br_Bottle,TASK_COMPLETE,FAILED,ERROR,2070,2070,1,SaveBottles Bronze ForEach failed,2026-08-20T00:29:28.539Z,2026-08-20T02:40:07.937Z,7839,2026-08-20T02:40:07.937Z,BOI,Boise,2e0eb052-bb28-45b1-894f-8dc0851c56cc,SAMMS-Boise
202608200219257670,202608200029237180,202608200029237018,85,1952,Bronze INV,br_Bottle,TASK_COMPLETE,FAILED,ERROR,1116,1116,1,SaveBottles Bronze ForEach failed,2026-08-20T00:29:28.539Z,2026-08-20T02:40:07.937Z,7839,2026-08-20T02:40:07.937Z,CBCO,Coeur dAlene,2e0eb052-bb28-45b1-894f-8dc0851c56cc,SAMMS-CoeurdAleneV6
202608200219257671,202608200029237181,202608200029237018,85,1971,Bronze INV,br_Bottle,TASK_COMPLETE,FAILED,ERROR,0,0,1,SaveBottles Bronze ForEach failed,2026-08-20T00:29:28.539Z,2026-08-20T02:40:07.937Z,7839,2026-08-20T02:40:07.937Z,CON,Conway,2e0eb052-bb28-45b1-894f-8dc0851c56cc,SAMMS-Conway
202608200219257673,202608200029237182,202608200029237018,85,1972,Bronze INV,br_Bottle,TASK_COMPLETE,FAILED,ERROR,0,0,1,SaveBottles Bronze ForEach failed,2026-08-20T00:29:28.539Z,2026-08-20T02:40:07.937Z,7839,2026-08-20T02:40:07.937Z,D07,Medical Services Knox TN,2e0eb052-bb28-45b1-894f-8dc0851c56cc,SAMMS-KnoxvilleV6
202608200219257674,202608200029237183,202608200029237018,85,1973,Bronze INV,br_Bottle,TASK_COMPLETE,FAILED,ERROR,5134,5134,1,SaveBottles Bronze ForEach failed,2026-08-20T00:29:28.539Z,2026-08-20T02:40:07.937Z,7839,2026-08-20T02:40:07.937Z,D08,Madison,2e0eb052-bb28-45b1-894f-8dc0851c56cc,SAMMS-MadisonV6
202608200219257675,202608200029237184,202608200029237018,85,1975,Bronze INV,br_Bottle,TASK_COMPLETE,FAILED,ERROR,7037,7037,1,SaveBottles Bronze ForEach failed,2026-08-20T00:29:28.539Z,2026-08-20T02:40:07.937Z,7839,2026-08-20T02:40:07.937Z,D09,Murfreesboro,2e0eb052-bb28-45b1-894f-8dc0851c56cc,SAMMS-MurfreesboroV6
202608200219257676,202608200029237185,202608200029237018,85,1976,Bronze INV,br_Bottle,TASK_COMPLETE,FAILED,ERROR,2227,2227,1,SaveBottles Bronze ForEach failed,2026-08-20T00:29:28.539Z,2026-08-20T02:40:07.937Z,7839,2026-08-20T02:40:07.937Z,DA,Davenport,2e0eb052-bb28-45b1-894f-8dc0851c56cc,SAMMS-Davenport
202608200219257677,202608200029237186,202608200029237018,85,1977,Bronze INV,br_Bottle,TASK_COMPLETE,FAILED,ERROR,1673,1673,1,SaveBottles Bronze ForEach failed,2026-08-20T00:29:28.539Z,2026-08-20T02:40:07.937Z,7839,2026-08-20T02:40:07.937Z,DM,Des Moines,2e0eb052-bb28-45b1-894f-8dc0851c56cc,SAMMS-DesMoines
202608200219257678,202608200029237187,202608200029237018,85,1979,Bronze INV,br_Bottle,TASK_COMPLETE,FAILED,ERROR,25550,25550,1,SaveBottles Bronze ForEach failed,2026-08-20T00:29:28.539Z,2026-08-20T02:40:07.937Z,7839,2026-08-20T02:40:07.937Z,DRD-CO,Columbia MO,2e0eb052-bb28-45b1-894f-8dc0851c56cc,SAMMS-ColumbiaV5
202608200219257679,202608200029237188,202608200029237018,85,1980,Bronze INV,br_Bottle,TASK_COMPLETE,FAILED,ERROR,24789,24789,1,SaveBottles Bronze ForEach failed,2026-08-20T00:29:28.539Z,2026-08-20T02:40:07.937Z,7839,2026-08-20T02:40:07.937Z,DRD-KC,KC,2e0eb052-bb28-45b1-894f-8dc0851c56cc,SAMMS-KCv5
202608200219257680,202608200029237189,202608200029237018,85,1981,Bronze INV,br_Bottle,TASK_COMPLETE,FAILED,ERROR,114115,114115,1,SaveBottles Bronze ForEach failed,2026-08-20T00:29:28.539Z,2026-08-20T02:40:07.937Z,7839,2026-08-20T02:40:07.937Z,DRD-KVB,KVB,2e0eb052-bb28-45b1-894f-8dc0851c56cc,SAMMS-KVBv5
202608200219257936,202608200029237490,202608200029237018,85,2269,Bronze INV,br_LabResult,TASK_COMPLETE,FAILED,ERROR,1162,1162,1,SaveLABResults Bronze ForEach failed,2026-08-20T00:29:28.539Z,2026-08-20T02:40:07.937Z,7839,2026-08-20T02:40:07.937Z,B36,Asheville,2e0eb052-bb28-45b1-894f-8dc0851c56cc,SAMMS-AshevilleV5
202608200219257937,202608200029237491,202608200029237018,85,2270,Bronze INV,br_LabResult,TASK_COMPLETE,FAILED,ERROR,1697,1697,1,SaveLABResults Bronze ForEach failed,2026-08-20T00:29:28.539Z,2026-08-20T02:40:07.937Z,7839,2026-08-20T02:40:07.937Z,B37,Clyde,2e0eb052-bb28-45b1-894f-8dc0851c56cc,SAMMS-ClydeV5
202608200219257938,202608200029237492,202608200029237018,85,2271,Bronze INV,br_LabResult,TASK_COMPLETE,FAILED,ERROR,5918,5918,1,SaveLABResults Bronze ForEach failed,2026-08-20T00:29:28.539Z,2026-08-20T02:40:07.937Z,7839,2026-08-20T02:40:07.937Z,B38,Spartanburg,2e0eb052-bb28-45b1-894f-8dc0851c56cc,SAMMS-SpartanburgV5
202608200219257939,202608200029237493,202608200029237018,85,2272,Bronze INV,br_LabResult,TASK_COMPLETE,FAILED,ERROR,1795,1795,1,SaveLABResults Bronze ForEach failed,2026-08-20T00:29:28.539Z,2026-08-20T02:40:07.937Z,7839,2026-08-20T02:40:07.937Z,B39,Aiken,2e0eb052-bb28-45b1-894f-8dc0851c56cc,SAMMS-AikenV5
202608200219257940,202608200029237494,202608200029237018,85,2273,Bronze INV,br_LabResult,TASK_COMPLETE,FAILED,ERROR,4044,4044,1,SaveLABResults Bronze ForEach failed,2026-08-20T00:29:28.539Z,2026-08-20T02:40:07.937Z,7839,2026-08-20T02:40:07.937Z,B41,Chesapeake,2e0eb052-bb28-45b1-894f-8dc0851c56cc,SAMMS-ChesapeakeV5
202608200219257941,202608200029237495,202608200029237018,85,2274,Bronze INV,br_LabResult,TASK_COMPLETE,FAILED,ERROR,14366,14366,1,SaveLABResults Bronze ForEach failed,2026-08-20T00:29:28.539Z,2026-08-20T02:40:07.937Z,7839,2026-08-20T02:40:07.937Z,B42,Virginia Beach,2e0eb052-bb28-45b1-894f-8dc0851c56cc,SAMMS-VirginiaBeachV5
202608200219257942,202608200029237496,202608200029237018,85,2275,Bronze INV,br_LabResult,TASK_COMPLETE,FAILED,ERROR,1413,1413,1,SaveLABResults Bronze ForEach failed,2026-08-20T00:29:28.539Z,2026-08-20T02:40:07.937Z,7839,2026-08-20T02:40:07.937Z,B42A,Newport News,2e0eb052-bb28-45b1-894f-8dc0851c56cc,SAMMS-NewportNewsV5
202608200219257943,202608200029237497,202608200029237018,85,2276,Bronze INV,br_LabResult,TASK_COMPLETE,FAILED,ERROR,751,751,1,SaveLABResults Bronze ForEach failed,2026-08-20T00:29:28.539Z,2026-08-20T02:40:07.937Z,7839,2026-08-20T02:40:07.937Z,B42B,Franklin,2e0eb052-bb28-45b1-894f-8dc0851c56cc,SAMMS-FranklinV5
202608200219257944,202608200029237498,202608200029237018,85,2277,Bronze INV,br_LabResult,TASK_COMPLETE,FAILED,ERROR,1475,1475,1,SaveLABResults Bronze ForEach failed,2026-08-20T00:29:28.539Z,2026-08-20T02:40:07.937Z,7839,2026-08-20T02:40:07.937Z,B42C,Glen Allen,2e0eb052-bb28-45b1-894f-8dc0851c56cc,SAMMS-GlenAllenV5
202608200219257945,202608200029237499,202608200029237018,85,2278,Bronze INV,br_LabResult,TASK_COMPLETE,FAILED,ERROR,1330,1330,1,SaveLABResults Bronze ForEach failed,2026-08-20T00:29:28.539Z,2026-08-20T02:40:07.937Z,7839,2026-08-20T02:40:07.937Z,B42D,Chesapeake South,2e0eb052-bb28-45b1-894f-8dc0851c56cc,SAMMS-ChesapeakeSouthV5
202608200219257947,202608200029237500,202608200029237018,85,2279,Bronze INV,br_LabResult,TASK_COMPLETE,FAILED,ERROR,2928,2928,1,SaveLABResults Bronze ForEach failed,2026-08-20T00:29:28.539Z,2026-08-20T02:40:07.937Z,7839,2026-08-20T02:40:07.937Z,B44,Albany,2e0eb052-bb28-45b1-894f-8dc0851c56cc,SAMMS-AlbanyV5
202608200219257948,202608200029237501,202608200029237018,85,2280,Bronze INV,br_LabResult,TASK_COMPLETE,FAILED,ERROR,2383,2383,1,SaveLABResults Bronze ForEach failed,2026-08-20T00:29:28.539Z,2026-08-20T02:40:07.937Z,7839,2026-08-20T02:40:07.937Z,B45,Tifton,2e0eb052-bb28-45b1-894f-8dc0851c56cc,SAMMS-TiftonV5
202608200219257949,202608200029237502,202608200029237018,85,2281,Bronze INV,br_LabResult,TASK_COMPLETE,FAILED,ERROR,617,617,1,SaveLABResults Bronze ForEach failed,2026-08-20T00:29:28.539Z,2026-08-20T02:40:07.937Z,7839,2026-08-20T02:40:07.937Z,B46,Washington DC,2e0eb052-bb28-45b1-894f-8dc0851c56cc,SAMMS-WashingtonDCv5
202608200219257950,202608200029237503,202608200029237018,85,2282,Bronze INV,br_LabResult,TASK_COMPLETE,FAILED,ERROR,334,334,1,SaveLABResults Bronze ForEach failed,2026-08-20T00:29:28.539Z,2026-08-20T02:40:07.937Z,7839,2026-08-20T02:40:07.937Z,B47,Mobile,2e0eb052-bb28-45b1-894f-8dc0851c56cc,SAMMS-MobileV5
202608200219257951,202608200029237504,202608200029237018,85,2283,Bronze INV,br_LabResult,TASK_COMPLETE,FAILED,ERROR,3347,3347,1,SaveLABResults Bronze ForEach failed,2026-08-20T00:29:28.539Z,2026-08-20T02:40:07.937Z,7839,2026-08-20T02:40:07.937Z,B48,Tuscaloosa,2e0eb052-bb28-45b1-894f-8dc0851c56cc,SAMMS-TuscaloosaV5
202608200219257952,202608200029237505,202608200029237018,85,2292,Bronze INV,br_LabResult,TASK_COMPLETE,FAILED,ERROR,5,5,1,SaveLABResults Bronze ForEach failed,2026-08-20T00:29:28.539Z,2026-08-20T02:40:07.937Z,7839,2026-08-20T02:40:07.937Z,B51,N. Little Rock (OTP),2e0eb052-bb28-45b1-894f-8dc0851c56cc,SAMMS-NorthLittleRockV6
202608200219257953,202608200029237506,202608200029237018,85,2293,Bronze INV,br_LabResult,TASK_COMPLETE,FAILED,ERROR,253,253,1,SaveLABResults Bronze ForEach failed,2026-08-20T00:29:28.539Z,2026-08-20T02:40:07.937Z,7839,2026-08-20T02:40:07.937Z,B52,Jackson GA,2e0eb052-bb28-45b1-894f-8dc0851c56cc,SAMMS-JacksonGAV5
202608200219257954,202608200029237507,202608200029237018,85,2294,Bronze INV,br_LabResult,TASK_COMPLETE,FAILED,ERROR,2660,2660,1,SaveLABResults Bronze ForEach failed,2026-08-20T00:29:28.539Z,2026-08-20T02:40:07.937Z,7839,2026-08-20T02:40:07.937Z,B54,Gadsden,2e0eb052-bb28-45b1-894f-8dc0851c56cc,SAMMS-GadsdenV5
202608200219257956,202608200029237508,202608200029237018,85,2295,Bronze INV,br_LabResult,TASK_COMPLETE,FAILED,ERROR,489,489,1,SaveLABResults Bronze ForEach failed,2026-08-20T00:29:28.539Z,2026-08-20T02:40:07.937Z,7839,2026-08-20T02:40:07.937Z,B55,Shoals,2e0eb052-bb28-45b1-894f-8dc0851c56cc,SAMMS-ShoalsV5
202608200219257957,202608200029237509,202608200029237018,85,2296,Bronze INV,br_LabResult,TASK_COMPLETE,FAILED,ERROR,3,3,1,SaveLABResults Bronze ForEach failed,2026-08-20T00:29:28.539Z,2026-08-20T02:40:07.937Z,7839,2026-08-20T02:40:07.937Z,B57,Pawtucket,2e0eb052-bb28-45b1-894f-8dc0851c56cc,SAMMS-Pawtucket
202608200219257958,202608200029237510,202608200029237018,85,2297,Bronze INV,br_LabResult,TASK_COMPLETE,FAILED,ERROR,6,6,1,SaveLABResults Bronze ForEach failed,2026-08-20T00:29:28.539Z,2026-08-20T02:40:07.937Z,7839,2026-08-20T02:40:07.937Z,B57A,Johnston,2e0eb052-bb28-45b1-894f-8dc0851c56cc,SAMMS-Johnston
202608200219257959,202608200029237511,202608200029237018,85,2298,Bronze INV,br_LabResult,TASK_COMPLETE,FAILED,ERROR,9,9,1,SaveLABResults Bronze ForEach failed,2026-08-20T00:29:28.539Z,2026-08-20T02:40:07.937Z,7839,2026-08-20T02:40:07.937Z,B57B,Middletown,2e0eb052-bb28-45b1-894f-8dc0851c56cc,SAMMS-Middletown
202608200219257960,202608200029237512,202608200029237018,85,2299,Bronze INV,br_LabResult,TASK_COMPLETE,FAILED,ERROR,2,2,1,SaveLABResults Bronze ForEach failed,2026-08-20T00:29:28.539Z,2026-08-20T02:40:07.937Z,7839,2026-08-20T02:40:07.937Z,B57C,Providence,2e0eb052-bb28-45b1-894f-8dc0851c56cc,SAMMS-Providence
202608200219257961,202608200029237513,202608200029237018,85,2300,Bronze INV,br_LabResult,TASK_COMPLETE,FAILED,ERROR,3,3,1,SaveLABResults Bronze ForEach failed,2026-08-20T00:29:28.539Z,2026-08-20T02:40:07.937Z,7839,2026-08-20T02:40:07.937Z,B57D,Westerly,2e0eb052-bb28-45b1-894f-8dc0851c56cc,SAMMS-Westerly
202608200219257962,202608200029237514,202608200029237018,85,2304,Bronze INV,br_LabResult,TASK_COMPLETE,FAILED,ERROR,2,2,1,SaveLABResults Bronze ForEach failed,2026-08-20T00:29:28.539Z,2026-08-20T02:40:07.937Z,7839,2026-08-20T02:40:07.937Z,B66A,Bremen,2e0eb052-bb28-45b1-894f-8dc0851c56cc,SAMMS-Bremen
202608200219257964,202608200029237515,202608200029237018,85,2307,Bronze INV,br_LabResult,TASK_COMPLETE,FAILED,ERROR,3,3,1,SaveLABResults Bronze ForEach failed,2026-08-20T00:29:28.539Z,2026-08-20T02:40:07.937Z,7839,2026-08-20T02:40:07.937Z,B72,Mobile (OBOT),2e0eb052-bb28-45b1-894f-8dc0851c56cc,SAMMS-Mobile-OBOT
202608200219257965,202608200029237516,202608200029237018,85,2308,Bronze INV,br_LabResult,TASK_COMPLETE,FAILED,ERROR,1,1,1,SaveLABResults Bronze ForEach failed,2026-08-20T00:29:28.539Z,2026-08-20T02:40:07.937Z,7839,2026-08-20T02:40:07.937Z,B73,Montgomery,2e0eb052-bb28-45b1-894f-8dc0851c56cc,SAMMS-Montgomery
202608200219257966,202608200029237517,202608200029237018,85,2309,Bronze INV,br_LabResult,TASK_COMPLETE,FAILED,ERROR,499,499,1,SaveLABResults Bronze ForEach failed,2026-08-20T00:29:28.539Z,2026-08-20T02:40:07.937Z,7839,2026-08-20T02:40:07.937Z,B75,Lawrence,2e0eb052-bb28-45b1-894f-8dc0851c56cc,SAMMS-LawrenceV6
202608200219257967,202608200029237518,202608200029237018,85,2310,Bronze INV,br_LabResult,TASK_COMPLETE,FAILED,ERROR,1,1,1,SaveLABResults Bronze ForEach failed,2026-08-20T00:29:28.539Z,2026-08-20T02:40:07.937Z,7839,2026-08-20T02:40:07.937Z,B76,Huntsville OBOT,2e0eb052-bb28-45b1-894f-8dc0851c56cc,SAMMS-Huntsville-OBOT
202608200219257968,202608200029237519,202608200029237018,85,2311,Bronze INV,br_LabResult,TASK_COMPLETE,FAILED,ERROR,4,4,1,SaveLABResults Bronze ForEach failed,2026-08-20T00:29:28.539Z,2026-08-20T02:40:07.937Z,7839,2026-08-20T02:40:07.937Z,BAT,Batesville,2e0eb052-bb28-45b1-894f-8dc0851c56cc,SAMMS-Batesville
202608200219257970,202608200029237520,202608200029237018,85,2312,Bronze INV,br_LabResult,TASK_COMPLETE,FAILED,ERROR,2692,2692,1,SaveLABResults Bronze ForEach failed,2026-08-20T00:29:28.539Z,2026-08-20T02:40:07.937Z,7839,2026-08-20T02:40:07.937Z,BG,Bowling Green,2e0eb052-bb28-45b1-894f-8dc0851c56cc,SAMMS-BowlingGreen
202608200219257971,202608200029237521,202608200029237018,85,2313,Bronze INV,br_LabResult,TASK_COMPLETE,FAILED,ERROR,184,184,1,SaveLABResults Bronze ForEach failed,2026-08-20T00:29:28.539Z,2026-08-20T02:40:07.937Z,7839,2026-08-20T02:40:07.937Z,BOI,Boise,2e0eb052-bb28-45b1-894f-8dc0851c56cc,SAMMS-Boise
202608200219257972,202608200029237522,202608200029237018,85,2320,Bronze INV,br_LabResult,TASK_COMPLETE,FAILED,ERROR,234,234,1,SaveLABResults Bronze ForEach failed,2026-08-20T00:29:28.539Z,2026-08-20T02:40:07.937Z,7839,2026-08-20T02:40:07.937Z,CBCO,Coeur dAlene,2e0eb052-bb28-45b1-894f-8dc0851c56cc,SAMMS-CoeurdAleneV6
202608200219257973,202608200029237523,202608200029237018,85,2339,Bronze INV,br_LabResult,TASK_COMPLETE,FAILED,ERROR,1,1,1,SaveLABResults Bronze ForEach failed,2026-08-20T00:29:28.539Z,2026-08-20T02:40:07.937Z,7839,2026-08-20T02:40:07.937Z,CON,Conway,2e0eb052-bb28-45b1-894f-8dc0851c56cc,SAMMS-Conway
202608200219257974,202608200029237524,202608200029237018,85,2340,Bronze INV,br_LabResult,TASK_COMPLETE,FAILED,ERROR,11,11,1,SaveLABResults Bronze ForEach failed,2026-08-20T00:29:28.539Z,2026-08-20T02:40:07.937Z,7839,2026-08-20T02:40:07.937Z,D07,Medical Services Knox TN,2e0eb052-bb28-45b1-894f-8dc0851c56cc,SAMMS-KnoxvilleV6
202608200219257975,202608200029237525,202608200029237018,85,2341,Bronze INV,br_LabResult,TASK_COMPLETE,FAILED,ERROR,995,995,1,SaveLABResults Bronze ForEach failed,2026-08-20T00:29:28.539Z,2026-08-20T02:40:07.937Z,7839,2026-08-20T02:40:07.937Z,D08,Madison,2e0eb052-bb28-45b1-894f-8dc0851c56cc,SAMMS-MadisonV6
202608200219257976,202608200029237526,202608200029237018,85,2343,Bronze INV,br_LabResult,TASK_COMPLETE,FAILED,ERROR,705,705,1,SaveLABResults Bronze ForEach failed,2026-08-20T00:29:28.539Z,2026-08-20T02:40:07.937Z,7839,2026-08-20T02:40:07.937Z,D09,Murfreesboro,2e0eb052-bb28-45b1-894f-8dc0851c56cc,SAMMS-MurfreesboroV6
202608200219257978,202608200029237527,202608200029237018,85,2344,Bronze INV,br_LabResult,TASK_COMPLETE,FAILED,ERROR,5,5,1,SaveLABResults Bronze ForEach failed,2026-08-20T00:29:28.539Z,2026-08-20T02:40:07.937Z,7839,2026-08-20T02:40:07.937Z,DA,Davenport,2e0eb052-bb28-45b1-894f-8dc0851c56cc,SAMMS-Davenport
202608200219258278,202608200029237412,202608200029237018,85,2892,Bronze INV,br_OrientationChecklistNew,TASK_COMPLETE,FAILED,ERROR,0,0,1,SaveOrientationCheckList Bronze ForEach failed,2026-08-20T00:29:28.539Z,2026-08-20T02:40:07.937Z,7839,2026-08-20T02:40:07.937Z,D07,Medical Services Knox TN,2e0eb052-bb28-45b1-894f-8dc0851c56cc,SAMMS-KnoxvilleV6
202608200219258279,202608200029237413,202608200029237018,85,2893,Bronze INV,br_OrientationChecklistNew,TASK_COMPLETE,FAILED,ERROR,7,7,1,SaveOrientationCheckList Bronze ForEach failed,2026-08-20T00:29:28.539Z,2026-08-20T02:40:07.937Z,7839,2026-08-20T02:40:07.937Z,D08,Madison,2e0eb052-bb28-45b1-894f-8dc0851c56cc,SAMMS-MadisonV6
202608200219258280,202608200029237414,202608200029237018,85,2895,Bronze INV,br_OrientationChecklistNew,TASK_COMPLETE,FAILED,ERROR,13,13,1,SaveOrientationCheckList Bronze ForEach failed,2026-08-20T00:29:28.539Z,2026-08-20T02:40:07.937Z,7839,2026-08-20T02:40:07.937Z,D09,Murfreesboro,2e0eb052-bb28-45b1-894f-8dc0851c56cc,SAMMS-MurfreesboroV6
202608200219258281,202608200029237415,202608200029237018,85,2896,Bronze INV,br_OrientationChecklistNew,TASK_COMPLETE,FAILED,ERROR,1,1,1,SaveOrientationCheckList Bronze ForEach failed,2026-08-20T00:29:28.539Z,2026-08-20T02:40:07.937Z,7839,2026-08-20T02:40:07.937Z,DA,Davenport,2e0eb052-bb28-45b1-894f-8dc0851c56cc,SAMMS-Davenport
202608200219258282,202608200029237416,202608200029237018,85,2897,Bronze INV,br_OrientationChecklistNew,TASK_COMPLETE,FAILED,ERROR,9,9,1,SaveOrientationCheckList Bronze ForEach failed,2026-08-20T00:29:28.539Z,2026-08-20T02:40:07.937Z,7839,2026-08-20T02:40:07.937Z,DM,Des Moines,2e0eb052-bb28-45b1-894f-8dc0851c56cc,SAMMS-DesMoines
202608200219258283,202608200029237417,202608200029237018,85,2899,Bronze INV,br_OrientationChecklistNew,TASK_COMPLETE,FAILED,ERROR,7,7,1,SaveOrientationCheckList Bronze ForEach failed,2026-08-20T00:29:28.539Z,2026-08-20T02:40:07.937Z,7839,2026-08-20T02:40:07.937Z,DRD-CO,Columbia MO,2e0eb052-bb28-45b1-894f-8dc0851c56cc,SAMMS-ColumbiaV5
202608200219258284,202608200029237418,202608200029237018,85,2900,Bronze INV,br_OrientationChecklistNew,TASK_COMPLETE,FAILED,ERROR,9,9,1,SaveOrientationCheckList Bronze ForEach failed,2026-08-20T00:29:28.539Z,2026-08-20T02:40:07.937Z,7839,2026-08-20T02:40:07.937Z,DRD-KC,KC,2e0eb052-bb28-45b1-894f-8dc0851c56cc,SAMMS-KCv5
202608200219258285,202608200029237419,202608200029237018,85,2901,Bronze INV,br_OrientationChecklistNew,TASK_COMPLETE,FAILED,ERROR,5,5,1,SaveOrientationCheckList Bronze ForEach failed,2026-08-20T00:29:28.539Z,2026-08-20T02:40:07.937Z,7839,2026-08-20T02:40:07.937Z,DRD-KVB,KVB,2e0eb052-bb28-45b1-894f-8dc0851c56cc,SAMMS-KVBv5
202608200219258287,202608200029237420,202608200029237018,85,2902,Bronze INV,br_OrientationChecklistNew,TASK_COMPLETE,FAILED,ERROR,18,18,1,SaveOrientationCheckList Bronze ForEach failed,2026-08-20T00:29:28.539Z,2026-08-20T02:40:07.937Z,7839,2026-08-20T02:40:07.937Z,DRD-KVC,KVC,2e0eb052-bb28-45b1-894f-8dc0851c56cc,SAMMS-KVCv5
202608200219258288,202608200029237421,202608200029237018,85,2903,Bronze INV,br_OrientationChecklistNew,TASK_COMPLETE,FAILED,ERROR,26,26,1,SaveOrientationCheckList Bronze ForEach failed,2026-08-20T00:29:28.539Z,2026-08-20T02:40:07.937Z,7839,2026-08-20T02:40:07.937Z,DRD-NOLA,NOLA,2e0eb052-bb28-45b1-894f-8dc0851c56cc,SAMMS-NOLAv5
202608200219258289,202608200029237422,202608200029237018,85,2904,Bronze INV,br_OrientationChecklistNew,TASK_COMPLETE,FAILED,ERROR,18,18,1,SaveOrientationCheckList Bronze ForEach failed,2026-08-20T00:29:28.539Z,2026-08-20T02:40:07.937Z,7839,2026-08-20T02:40:07.937Z,DRD-SF,Springfield,2e0eb052-bb28-45b1-894f-8dc0851c56cc,SAMMS-SFv5
202608200219258290,202608200029237423,202608200029237018,85,2906,Bronze INV,br_OrientationChecklistNew,TASK_COMPLETE,FAILED,ERROR,5,5,1,SaveOrientationCheckList Bronze ForEach failed,2026-08-20T00:29:28.539Z,2026-08-20T02:40:07.937Z,7839,2026-08-20T02:40:07.937Z,ELC,Elizabeth City,2e0eb052-bb28-45b1-894f-8dc0851c56cc,SAMMS-ElizabethCity
202608200219258291,202608200029237424,202608200029237018,85,2907,Bronze INV,br_OrientationChecklistNew,TASK_COMPLETE,FAILED,ERROR,4,4,1,SaveOrientationCheckList Bronze ForEach failed,2026-08-20T00:29:28.539Z,2026-08-20T02:40:07.937Z,7839,2026-08-20T02:40:07.937Z,ET,Elizabethtown,2e0eb052-bb28-45b1-894f-8dc0851c56cc,SAMMS-Elizabethtown
202608200219258292,202608200029237425,202608200029237018,85,2908,Bronze INV,br_OrientationChecklistNew,TASK_COMPLETE,FAILED,ERROR,0,0,1,SaveOrientationCheckList Bronze ForEach failed,2026-08-20T00:29:28.539Z,2026-08-20T02:40:07.937Z,7839,2026-08-20T02:40:07.937Z,FAY,Fayetteville,2e0eb052-bb28-45b1-894f-8dc0851c56cc,SAMMS-Fayetteville
202608200219258293,202608200029237426,202608200029237018,85,2909,Bronze INV,br_OrientationChecklistNew,TASK_COMPLETE,FAILED,ERROR,10,10,1,SaveOrientationCheckList Bronze ForEach failed,2026-08-20T00:29:28.539Z,2026-08-20T02:40:07.937Z,7839,2026-08-20T02:40:07.937Z,FR,Frankfort,2e0eb052-bb28-45b1-894f-8dc0851c56cc,SAMMS-Frankfort
202608200219258295,202608200029237427,202608200029237018,85,2910,Bronze INV,br_OrientationChecklistNew,TASK_COMPLETE,FAILED,ERROR,0,0,1,SaveOrientationCheckList Bronze ForEach failed,2026-08-20T00:29:28.539Z,2026-08-20T02:40:07.937Z,7839,2026-08-20T02:40:07.937Z,FS,Fort Smith,2e0eb052-bb28-45b1-894f-8dc0851c56cc,SAMMS-FortSmith
202608200219258296,202608200029237428,202608200029237018,85,2911,Bronze INV,br_OrientationChecklistNew,TASK_COMPLETE,FAILED,ERROR,14,14,1,SaveOrientationCheckList Bronze ForEach failed,2026-08-20T00:29:28.539Z,2026-08-20T02:40:07.937Z,7839,2026-08-20T02:40:07.937Z,FW,Fort Wayne,2e0eb052-bb28-45b1-894f-8dc0851c56cc,SAMMS-FortWayne
202608200219258297,202608200029237429,202608200029237018,85,2912,Bronze INV,br_OrientationChecklistNew,TASK_COMPLETE,FAILED,ERROR,0,0,1,SaveOrientationCheckList Bronze ForEach failed,2026-08-20T00:29:28.539Z,2026-08-20T02:40:07.937Z,7839,2026-08-20T02:40:07.937Z,GAL,Gaylord,2e0eb052-bb28-45b1-894f-8dc0851c56cc,SAMMS-Gaylord
202608200219258298,202608200029237430,202608200029237018,85,2916,Bronze INV,br_OrientationChecklistNew,TASK_COMPLETE,FAILED,ERROR,5,5,1,SaveOrientationCheckList Bronze ForEach failed,2026-08-20T00:29:28.539Z,2026-08-20T02:40:07.937Z,7839,2026-08-20T02:40:07.937Z,HGT,Hagerstown,2e0eb052-bb28-45b1-894f-8dc0851c56cc,SAMMS-Hagerstown
202608200219258299,202608200029237431,202608200029237018,85,2917,Bronze INV,br_OrientationChecklistNew,TASK_COMPLETE,FAILED,ERROR,6,6,1,SaveOrientationCheckList Bronze ForEach failed,2026-08-20T00:29:28.539Z,2026-08-20T02:40:07.937Z,7839,2026-08-20T02:40:07.937Z,HNT,Huntsville,2e0eb052-bb28-45b1-894f-8dc0851c56cc,SAMMS-Huntsville
202608200219258300,202608200029237432,202608200029237018,85,2918,Bronze INV,br_OrientationChecklistNew,TASK_COMPLETE,FAILED,ERROR,0,0,1,SaveOrientationCheckList Bronze ForEach failed,2026-08-20T00:29:28.539Z,2026-08-20T02:40:07.937Z,7839,2026-08-20T02:40:07.937Z,HS,Hot Springs,2e0eb052-bb28-45b1-894f-8dc0851c56cc,SAMMS-HotSprings
202608200219258301,202608200029237433,202608200029237018,85,2919,Bronze INV,br_OrientationChecklistNew,TASK_COMPLETE,FAILED,ERROR,0,0,1,SaveOrientationCheckList Bronze ForEach failed,2026-08-20T00:29:28.539Z,2026-08-20T02:40:07.937Z,7839,2026-08-20T02:40:07.937Z,JON,Jonesboro,2e0eb052-bb28-45b1-894f-8dc0851c56cc,SAMMS-Jonesboro
202608200219258303,202608200029237434,202608200029237018,85,2921,Bronze INV,br_OrientationChecklistNew,TASK_COMPLETE,FAILED,ERROR,0,0,1,SaveOrientationCheckList Bronze ForEach failed,2026-08-20T00:29:28.539Z,2026-08-20T02:40:07.937Z,7839,2026-08-20T02:40:07.937Z,LAN,Lansing,2e0eb052-bb28-45b1-894f-8dc0851c56cc,SAMMS-Lansing
202608200219258304,202608200029237435,202608200029237018,85,2922,Bronze INV,br_OrientationChecklistNew,TASK_COMPLETE,FAILED,ERROR,9,9,1,SaveOrientationCheckList Bronze ForEach failed,2026-08-20T00:29:28.539Z,2026-08-20T02:40:07.937Z,7839,2026-08-20T02:40:07.937Z,LO,Louisville,2e0eb052-bb28-45b1-894f-8dc0851c56cc,SAMMS-Louisville
202608200219258305,202608200029237436,202608200029237018,85,2923,Bronze INV,br_OrientationChecklistNew,TASK_COMPLETE,FAILED,ERROR,23,23,1,SaveOrientationCheckList Bronze ForEach failed,2026-08-20T00:29:28.539Z,2026-08-20T02:40:07.937Z,7839,2026-08-20T02:40:07.937Z,LV1,Cheyenne,2e0eb052-bb28-45b1-894f-8dc0851c56cc,SAMMS-Cheyenne
202608200219258306,202608200029237437,202608200029237018,85,2924,Bronze INV,br_OrientationChecklistNew,TASK_COMPLETE,FAILED,ERROR,11,11,1,SaveOrientationCheckList Bronze ForEach failed,2026-08-20T00:29:28.539Z,2026-08-20T02:40:07.937Z,7839,2026-08-20T02:40:07.937Z,LV2,Desert Inn,2e0eb052-bb28-45b1-894f-8dc0851c56cc,SAMMS-DesertInn
202608200219258308,202608200029237438,202608200029237018,85,2925,Bronze INV,br_OrientationChecklistNew,TASK_COMPLETE,FAILED,ERROR,6,6,1,SaveOrientationCheckList Bronze ForEach failed,2026-08-20T00:29:28.539Z,2026-08-20T02:40:07.937Z,7839,2026-08-20T02:40:07.937Z,LV3,McDaniel,2e0eb052-bb28-45b1-894f-8dc0851c56cc,SAMMS-McDaniel
202608200219258309,202608200029237439,202608200029237018,85,2928,Bronze INV,br_OrientationChecklistNew,TASK_COMPLETE,FAILED,ERROR,10,10,1,SaveOrientationCheckList Bronze ForEach failed,2026-08-20T00:29:28.539Z,2026-08-20T02:40:07.937Z,7839,2026-08-20T02:40:07.937Z,MNRE,Monroe,2e0eb052-bb28-45b1-894f-8dc0851c56cc,SAMMS-Monroe
202608200219258310,202608200029237440,202608200029237018,85,2929,Bronze INV,br_OrientationChecklistNew,TASK_COMPLETE,FAILED,ERROR,0,0,1,SaveOrientationCheckList Bronze ForEach failed,2026-08-20T00:29:28.539Z,2026-08-20T02:40:07.937Z,7839,2026-08-20T02:40:07.937Z,MP,Mt. Pleasant,2e0eb052-bb28-45b1-894f-8dc0851c56cc,SAMMS-MtPleasant
202608200219258311,202608200029237441,202608200029237018,85,2930,Bronze INV,br_OrientationChecklistNew,TASK_COMPLETE,FAILED,ERROR,0,0,1,SaveOrientationCheckList Bronze ForEach failed,2026-08-20T00:29:28.539Z,2026-08-20T02:40:07.937Z,7839,2026-08-20T02:40:07.937Z,MRD,Meridian,2e0eb052-bb28-45b1-894f-8dc0851c56cc,SAMMS-Meridian
202608200219258312,202608200029237442,202608200029237018,85,2935,Bronze INV,br_OrientationChecklistNew,TASK_COMPLETE,FAILED,ERROR,8,8,1,SaveOrientationCheckList Bronze ForEach failed,2026-08-20T00:29:28.539Z,2026-08-20T02:40:07.937Z,7839,2026-08-20T02:40:07.937Z,NC,North Charleston,2e0eb052-bb28-45b1-894f-8dc0851c56cc,SAMMS-NorthCharleston
202608200219258313,202608200029237443,202608200029237018,85,2936,Bronze INV,br_OrientationChecklistNew,TASK_COMPLETE,FAILED,ERROR,0,0,1,SaveOrientationCheckList Bronze ForEach failed,2026-08-20T00:29:28.539Z,2026-08-20T02:40:07.937Z,7839,2026-08-20T02:40:07.937Z,NLR,N. Little Rock,2e0eb052-bb28-45b1-894f-8dc0851c56cc,SAMMS-NLROBOT
202608200219258314,202608200029237444,202608200029237018,85,2941,Bronze INV,br_OrientationChecklistNew,TASK_COMPLETE,FAILED,ERROR,3,3,1,SaveOrientationCheckList Bronze ForEach failed,2026-08-20T00:29:28.539Z,2026-08-20T02:40:07.937Z,7839,2026-08-20T02:40:07.937Z,RE,Reno,2e0eb052-bb28-45b1-894f-8dc0851c56cc,SAMMS-Reno
202608200219258316,202608200029237445,202608200029237018,85,2942,Bronze INV,br_OrientationChecklistNew,TASK_COMPLETE,FAILED,ERROR,16,16,1,SaveOrientationCheckList Bronze ForEach failed,2026-08-20T00:29:28.539Z,2026-08-20T02:40:07.937Z,7839,2026-08-20T02:40:07.937Z,RMD,Richmond,2e0eb052-bb28-45b1-894f-8dc0851c56cc,SAMMS-Richmond
202608200219258317,202608200029237446,202608200029237018,85,2943,Bronze INV,br_OrientationChecklistNew,TASK_COMPLETE,FAILED,ERROR,14,14,1,SaveOrientationCheckList Bronze ForEach failed,2026-08-20T00:29:28.539Z,2026-08-20T02:40:07.937Z,7839,2026-08-20T02:40:07.937Z,SFN,Springfield North,2e0eb052-bb28-45b1-894f-8dc0851c56cc,SAMMS-SFNv5
202608200219258318,202608200029237447,202608200029237018,85,2944,Bronze INV,br_OrientationChecklistNew,TASK_COMPLETE,FAILED,ERROR,8,8,1,SaveOrientationCheckList Bronze ForEach failed,2026-08-20T00:29:28.539Z,2026-08-20T02:40:07.937Z,7839,2026-08-20T02:40:07.937Z,SHP,Shreveport,2e0eb052-bb28-45b1-894f-8dc0851c56cc,SAMMS-Shreveport
202608200219258319,202608200029237448,202608200029237018,85,2946,Bronze INV,br_OrientationChecklistNew,TASK_COMPLETE,FAILED,ERROR,2,2,1,SaveOrientationCheckList Bronze ForEach failed,2026-08-20T00:29:28.539Z,2026-08-20T02:40:07.937Z,7839,2026-08-20T02:40:07.937Z,STN,Staunton,2e0eb052-bb28-45b1-894f-8dc0851c56cc,SAMMS-Staunton
202608200219258320,202608200029237449,202608200029237018,85,2947,Bronze INV,br_OrientationChecklistNew,TASK_COMPLETE,FAILED,ERROR,2,2,1,SaveOrientationCheckList Bronze ForEach failed,2026-08-20T00:29:28.539Z,2026-08-20T02:40:07.937Z,7839,2026-08-20T02:40:07.937Z,STVN,Stevenson,2e0eb052-bb28-45b1-894f-8dc0851c56cc,SAMMS-Stevenson
202608260854399759,202608260654256620,202608260654255519,85,894,Bronze INV,br_AdmissionAssessmentDimensionOneDisorder,TASK_COMPLETE,SUCCESS,INFO,356,356,0,,2026-08-26T06:54:31.515Z,2026-08-26T08:57:15.847Z,7364,2026-08-26T08:57:15.847Z,HS,Hot Springs,912d32aa-0b7f-4999-bf60-6670fe5985ea,SAMMS-HotSprings
202608260854399760,202608260654256621,202608260654255519,85,895,Bronze INV,br_AdmissionAssessmentDimensionOneDisorder,TASK_COMPLETE,SUCCESS,INFO,267,267,0,,2026-08-26T06:54:31.515Z,2026-08-26T08:57:15.847Z,7364,2026-08-26T08:57:15.847Z,JON,Jonesboro,912d32aa-0b7f-4999-bf60-6670fe5985ea,SAMMS-Jonesboro
202608260854399761,202608260654256622,202608260654255519,85,897,Bronze INV,br_AdmissionAssessmentDimensionOneDisorder,TASK_COMPLETE,SUCCESS,INFO,195,195,0,,2026-08-26T06:54:31.515Z,2026-08-26T08:57:15.847Z,7364,2026-08-26T08:57:15.847Z,LAN,Lansing,912d32aa-0b7f-4999-bf60-6670fe5985ea,SAMMS-Lansing
202608260854399762,202608260654256623,202608260654255519,85,898,Bronze INV,br_AdmissionAssessmentDimensionOneDisorder,TASK_COMPLETE,SUCCESS,INFO,447,447,0,,2026-08-26T06:54:31.515Z,2026-08-26T08:57:15.847Z,7364,2026-08-26T08:57:15.847Z,LO,Louisville,912d32aa-0b7f-4999-bf60-6670fe5985ea,SAMMS-Louisville
202608260854399764,202608260654256624,202608260654255519,85,899,Bronze INV,br_AdmissionAssessmentDimensionOneDisorder,TASK_COMPLETE,SUCCESS,INFO,1222,1222,0,,2026-08-26T06:54:31.515Z,2026-08-26T08:57:15.847Z,7364,2026-08-26T08:57:15.847Z,LV1,Cheyenne,912d32aa-0b7f-4999-bf60-6670fe5985ea,SAMMS-Cheyenne
202608260854399765,202608260654256625,202608260654255519,85,900,Bronze INV,br_AdmissionAssessmentDimensionOneDisorder,TASK_COMPLETE,SUCCESS,INFO,965,965,0,,2026-08-26T06:54:31.515Z,2026-08-26T08:57:15.847Z,7364,2026-08-26T08:57:15.847Z,LV2,Desert Inn,912d32aa-0b7f-4999-bf60-6670fe5985ea,SAMMS-DesertInn
202608260854399766,202608260654256626,202608260654255519,85,901,Bronze INV,br_AdmissionAssessmentDimensionOneDisorder,TASK_COMPLETE,SUCCESS,INFO,322,322,0,,2026-08-26T06:54:31.515Z,2026-08-26T08:57:15.847Z,7364,2026-08-26T08:57:15.847Z,LV3,McDaniel,912d32aa-0b7f-4999-bf60-6670fe5985ea,SAMMS-McDaniel
202608260854399767,202608260654256627,202608260654255519,85,904,Bronze INV,br_AdmissionAssessmentDimensionOneDisorder,TASK_COMPLETE,SUCCESS,INFO,278,278,0,,2026-08-26T06:54:31.515Z,2026-08-26T08:57:15.847Z,7364,2026-08-26T08:57:15.847Z,MNRE,Monroe,912d32aa-0b7f-4999-bf60-6670fe5985ea,SAMMS-Monroe
202608260854399768,202608260654256628,202608260654255519,85,905,Bronze INV,br_AdmissionAssessmentDimensionOneDisorder,TASK_COMPLETE,SUCCESS,INFO,193,193,0,,2026-08-26T06:54:31.515Z,2026-08-26T08:57:15.847Z,7364,2026-08-26T08:57:15.847Z,MP,Mt. Pleasant,912d32aa-0b7f-4999-bf60-6670fe5985ea,SAMMS-MtPleasant
202608260854399769,202608260654256629,202608260654255519,85,906,Bronze INV,br_AdmissionAssessmentDimensionOneDisorder,TASK_COMPLETE,SUCCESS,INFO,173,173,0,,2026-08-26T06:54:31.515Z,2026-08-26T08:57:15.847Z,7364,2026-08-26T08:57:15.847Z,MRD,Meridian,912d32aa-0b7f-4999-bf60-6670fe5985ea,SAMMS-Meridian
202608260854399771,202608260654256630,202608260654255519,85,911,Bronze INV,br_AdmissionAssessmentDimensionOneDisorder,TASK_COMPLETE,SUCCESS,INFO,638,638,0,,2026-08-26T06:54:31.515Z,2026-08-26T08:57:15.847Z,7364,2026-08-26T08:57:15.847Z,NC,North Charleston,912d32aa-0b7f-4999-bf60-6670fe5985ea,SAMMS-NorthCharleston
202608260854399772,202608260654256631,202608260654255519,85,912,Bronze INV,br_AdmissionAssessmentDimensionOneDisorder,TASK_COMPLETE,SUCCESS,INFO,574,574,0,,2026-08-26T06:54:31.515Z,2026-08-26T08:57:15.847Z,7364,2026-08-26T08:57:15.847Z,NLR,N. Little Rock,912d32aa-0b7f-4999-bf60-6670fe5985ea,SAMMS-NLROBOT
202608260854399773,202608260654256632,202608260654255519,85,913,Bronze INV,br_AdmissionAssessmentDimensionOneDisorder,TASK_COMPLETE,SUCCESS,INFO,245,245,0,,2026-08-26T06:54:31.515Z,2026-08-26T08:57:15.847Z,7364,2026-08-26T08:57:15.847Z,PH,Phoenix,912d32aa-0b7f-4999-bf60-6670fe5985ea,SAMMS-Phoenix
202608260854399774,202608260654256633,202608260654255519,85,917,Bronze INV,br_AdmissionAssessmentDimensionOneDisorder,TASK_COMPLETE,SUCCESS,INFO,423,423,0,,2026-08-26T06:54:31.515Z,2026-08-26T08:57:15.847Z,7364,2026-08-26T08:57:15.847Z,RE,Reno,912d32aa-0b7f-4999-bf60-6670fe5985ea,SAMMS-Reno
202608260854399775,202608260654256634,202608260654255519,85,918,Bronze INV,br_AdmissionAssessmentDimensionOneDisorder,TASK_COMPLETE,SUCCESS,INFO,402,402,0,,2026-08-26T06:54:31.515Z,2026-08-26T08:57:15.847Z,7364,2026-08-26T08:57:15.847Z,RMD,Richmond,912d32aa-0b7f-4999-bf60-6670fe5985ea,SAMMS-Richmond
202608260854399776,202608260654256635,202608260654255519,85,919,Bronze INV,br_AdmissionAssessmentDimensionOneDisorder,TASK_COMPLETE,SUCCESS,INFO,504,504,0,,2026-08-26T06:54:31.515Z,2026-08-26T08:57:15.847Z,7364,2026-08-26T08:57:15.847Z,SFN,Springfield North,912d32aa-0b7f-4999-bf60-6670fe5985ea,SAMMS-SFNv5
202608260854399777,202608260654256636,202608260654255519,85,920,Bronze INV,br_AdmissionAssessmentDimensionOneDisorder,TASK_COMPLETE,SUCCESS,INFO,462,462,0,,2026-08-26T06:54:31.515Z,2026-08-26T08:57:15.847Z,7364,2026-08-26T08:57:15.847Z,SHP,Shreveport,912d32aa-0b7f-4999-bf60-6670fe5985ea,SAMMS-Shreveport
202608260854399779,202608260654256637,202608260654255519,85,922,Bronze INV,br_AdmissionAssessmentDimensionOneDisorder,TASK_COMPLETE,SUCCESS,INFO,86,86,0,,2026-08-26T06:54:31.515Z,2026-08-26T08:57:15.847Z,7364,2026-08-26T08:57:15.847Z,STN,Staunton,912d32aa-0b7f-4999-bf60-6670fe5985ea,SAMMS-Staunton
202608260854399780,202608260654256638,202608260654255519,85,923,Bronze INV,br_AdmissionAssessmentDimensionOneDisorder,TASK_COMPLETE,SUCCESS,INFO,56,56,0,,2026-08-26T06:54:31.515Z,2026-08-26T08:57:15.847Z,7364,2026-08-26T08:57:15.847Z,STVN,Stevenson,912d32aa-0b7f-4999-bf60-6670fe5985ea,SAMMS-Stevenson
202608260854399781,202608260654256639,202608260654255519,85,925,Bronze INV,br_AdmissionAssessmentDimensionOneDisorder,TASK_COMPLETE,SUCCESS,INFO,76,76,0,,2026-08-26T06:54:31.515Z,2026-08-26T08:57:15.847Z,7364,2026-08-26T08:57:15.847Z,TE,Tempe,912d32aa-0b7f-4999-bf60-6670fe5985ea,SAMMS-Tempe
202608260854399782,202608260654256640,202608260654255519,85,926,Bronze INV,br_AdmissionAssessmentDimensionOneDisorder,TASK_COMPLETE,SUCCESS,INFO,370,370,0,,2026-08-26T06:54:31.515Z,2026-08-26T08:57:15.847Z,7364,2026-08-26T08:57:15.847Z,TEX,Texarkana,912d32aa-0b7f-4999-bf60-6670fe5985ea,SAMMS-Texarkana
202608260854399783,202608260654256641,202608260654255519,85,927,Bronze INV,br_AdmissionAssessmentDimensionOneDisorder,TASK_COMPLETE,SUCCESS,INFO,453,453,0,,2026-08-26T06:54:31.515Z,2026-08-26T08:57:15.847Z,7364,2026-08-26T08:57:15.847Z,TTCA,Bessemer,912d32aa-0b7f-4999-bf60-6670fe5985ea,SAMMS-BessemerV5
202608260854399784,202608260654256642,202608260654255519,85,928,Bronze INV,br_AdmissionAssessmentDimensionOneDisorder,TASK_COMPLETE,SUCCESS,INFO,555,555,0,,2026-08-26T06:54:31.515Z,2026-08-26T08:57:15.847Z,7364,2026-08-26T08:57:15.847Z,TTCB,Cullman,912d32aa-0b7f-4999-bf60-6670fe5985ea,SAMMS-CullmanV5
202608260854399785,202608260654256643,202608260654255519,85,929,Bronze INV,br_AdmissionAssessmentDimensionOneDisorder,TASK_COMPLETE,SUCCESS,INFO,363,363,0,,2026-08-26T06:54:31.515Z,2026-08-26T08:57:15.847Z,7364,2026-08-26T08:57:15.847Z,TTCC,Grand Bay,912d32aa-0b7f-4999-bf60-6670fe5985ea,SAMMS-GrandBay
202608260854399787,202608260654256644,202608260654255519,85,930,Bronze INV,br_AdmissionAssessmentDimensionOneDisorder,TASK_COMPLETE,SUCCESS,INFO,24,24,0,,2026-08-26T06:54:31.515Z,2026-08-26T08:57:15.847Z,7364,2026-08-26T08:57:15.847Z,TU,Tucson,912d32aa-0b7f-4999-bf60-6670fe5985ea,SAMMS-Tucson
202608260854399788,202608260654256645,202608260654255519,85,932,Bronze INV,br_AdmissionAssessmentDimensionOneDisorder,TASK_COMPLETE,SUCCESS,INFO,265,265,0,,2026-08-26T06:54:31.515Z,2026-08-26T08:57:15.847Z,7364,2026-08-26T08:57:15.847Z,V1,Memphis South,912d32aa-0b7f-4999-bf60-6670fe5985ea,SAMMS-VCPHCS-I-MemphisV5
202608260854399789,202608260654256646,202608260654255519,85,933,Bronze INV,br_AdmissionAssessmentDimensionOneDisorder,TASK_COMPLETE,SUCCESS,INFO,706,706,0,,2026-08-26T06:54:31.515Z,2026-08-26T08:57:15.847Z,7364,2026-08-26T08:57:15.847Z,V10,Longmont,912d32aa-0b7f-4999-bf60-6670fe5985ea,SAMMS-BoulderV5
202608260854399790,202608260654256647,202608260654255519,85,934,Bronze INV,br_AdmissionAssessmentDimensionOneDisorder,TASK_COMPLETE,SUCCESS,INFO,1205,1205,0,,2026-08-26T06:54:31.515Z,2026-08-26T08:57:15.847Z,7364,2026-08-26T08:57:15.847Z,V10A,Fort Collins,912d32aa-0b7f-4999-bf60-6670fe5985ea,SAMMS-FortCollinsV5
202608260854399791,202608260654256648,202608260654255519,85,935,Bronze INV,br_AdmissionAssessmentDimensionOneDisorder,TASK_COMPLETE,SUCCESS,INFO,1048,1048,0,,2026-08-26T06:54:31.515Z,2026-08-26T08:57:15.847Z,7364,2026-08-26T08:57:15.847Z,V11,Westminster,912d32aa-0b7f-4999-bf60-6670fe5985ea,SAMMS-VCPHCS-XI-NorthDenverV5
202608260854399792,202608260654256649,202608260654255519,85,936,Bronze INV,br_AdmissionAssessmentDimensionOneDisorder,TASK_COMPLETE,SUCCESS,INFO,1111,1111,0,,2026-08-26T06:54:31.515Z,2026-08-26T08:57:15.847Z,7364,2026-08-26T08:57:15.847Z,V12,Downtown Denver,912d32aa-0b7f-4999-bf60-6670fe5985ea,SAMMS-VCPHCS-XII-DowntownDenverV5
202608260854399794,202608260654256650,202608260654255519,85,937,Bronze INV,br_AdmissionAssessmentDimensionOneDisorder,TASK_COMPLETE,SUCCESS,INFO,501,501,0,,2026-08-26T06:54:31.515Z,2026-08-26T08:57:15.847Z,7364,2026-08-26T08:57:15.847Z,V12A,Centennial,912d32aa-0b7f-4999-bf60-6670fe5985ea,SAMMS-CentennialV5
202608260854399795,202608260654256651,202608260654255519,85,938,Bronze INV,br_AdmissionAssessmentDimensionOneDisorder,TASK_COMPLETE,SUCCESS,INFO,315,315,0,,2026-08-26T06:54:31.515Z,2026-08-26T08:57:15.847Z,7364,2026-08-26T08:57:15.847Z,V14,Overland Park,912d32aa-0b7f-4999-bf60-6670fe5985ea,SAMMS-VCPHCS-XIV-BridgewayV5
202608260854399796,202608260654256652,202608260654255519,85,939,Bronze INV,br_AdmissionAssessmentDimensionOneDisorder,TASK_COMPLETE,SUCCESS,INFO,570,570,0,,2026-08-26T06:54:31.515Z,2026-08-26T08:57:15.847Z,7364,2026-08-26T08:57:15.847Z,V15,Joplin,912d32aa-0b7f-4999-bf60-6670fe5985ea,SAMMS-JoplinV5
202608260854399797,202608260654256653,202608260654255519,85,941,Bronze INV,br_AdmissionAssessmentDimensionOneDisorder,TASK_COMPLETE,SUCCESS,INFO,488,488,0,,2026-08-26T06:54:31.515Z,2026-08-26T08:57:15.847Z,7364,2026-08-26T08:57:15.847Z,V17,Columbia TN,912d32aa-0b7f-4999-bf60-6670fe5985ea,SAMMS-ColumbiaTNv5
202608260854399798,202608260654256654,202608260654255519,85,943,Bronze INV,br_AdmissionAssessmentDimensionOneDisorder,TASK_COMPLETE,SUCCESS,INFO,437,437,0,,2026-08-26T06:54:31.515Z,2026-08-26T08:57:15.847Z,7364,2026-08-26T08:57:15.847Z,V19,Jackson,912d32aa-0b7f-4999-bf60-6670fe5985ea,SAMMS-JacksonV5
202608260854399799,202608260654256655,202608260654255519,85,945,Bronze INV,br_AdmissionAssessmentDimensionOneDisorder,TASK_COMPLETE,SUCCESS,INFO,521,521,0,,2026-08-26T06:54:31.515Z,2026-08-26T08:57:15.847Z,7364,2026-08-26T08:57:15.847Z,V20,Paris,912d32aa-0b7f-4999-bf60-6670fe5985ea,SAMMS-ParisV5
202608260854399800,202608260654256656,202608260654255519,85,946,Bronze INV,br_AdmissionAssessmentDimensionOneDisorder,TASK_COMPLETE,SUCCESS,INFO,365,365,0,,2026-08-26T06:54:31.515Z,2026-08-26T08:57:15.847Z,7364,2026-08-26T08:57:15.847Z,V21,Memphis North,912d32aa-0b7f-4999-bf60-6670fe5985ea,SAMMS-RaleighV5
202608260854399802,202608260654256657,202608260654255519,85,949,Bronze INV,br_AdmissionAssessmentDimensionOneDisorder,TASK_COMPLETE,SUCCESS,INFO,724,724,0,,2026-08-26T06:54:31.515Z,2026-08-26T08:57:15.847Z,7364,2026-08-26T08:57:15.847Z,V5,West Bank,912d32aa-0b7f-4999-bf60-6670fe5985ea,SAMMS-NONTCv5
202608200219258084,202608200029237261,202608200029237018,85,2635,Bronze INV,br_LiquidLog,TASK_COMPLETE,FAILED,ERROR,26542,26542,1,SaveLiquidlog Bronze ForEach failed,2026-08-20T00:29:28.539Z,2026-08-20T02:40:07.937Z,7839,2026-08-20T02:40:07.937Z,B35,Lexington,2e0eb052-bb28-45b1-894f-8dc0851c56cc,SAMMS-LexingtonV5
202608200219258085,202608200029237262,202608200029237018,85,2636,Bronze INV,br_LiquidLog,TASK_COMPLETE,FAILED,ERROR,9458,9458,1,SaveLiquidlog Bronze ForEach failed,2026-08-20T00:29:28.539Z,2026-08-20T02:40:07.937Z,7839,2026-08-20T02:40:07.937Z,B35A,Berea,2e0eb052-bb28-45b1-894f-8dc0851c56cc,SAMMS-BereaV5
202608200219258086,202608200029237263,202608200029237018,85,2637,Bronze INV,br_LiquidLog,TASK_COMPLETE,FAILED,ERROR,6470,6470,1,SaveLiquidlog Bronze ForEach failed,2026-08-20T00:29:28.539Z,2026-08-20T02:40:07.937Z,7839,2026-08-20T02:40:07.937Z,B36,Asheville,2e0eb052-bb28-45b1-894f-8dc0851c56cc,SAMMS-AshevilleV5
202608200219258087,202608200029237264,202608200029237018,85,2638,Bronze INV,br_LiquidLog,TASK_COMPLETE,FAILED,ERROR,7221,7221,1,SaveLiquidlog Bronze ForEach failed,2026-08-20T00:29:28.539Z,2026-08-20T02:40:07.937Z,7839,2026-08-20T02:40:07.937Z,B37,Clyde,2e0eb052-bb28-45b1-894f-8dc0851c56cc,SAMMS-ClydeV5
202608200219258088,202608200029237265,202608200029237018,85,2639,Bronze INV,br_LiquidLog,TASK_COMPLETE,FAILED,ERROR,9336,9336,1,SaveLiquidlog Bronze ForEach failed,2026-08-20T00:29:28.539Z,2026-08-20T02:40:07.937Z,7839,2026-08-20T02:40:07.937Z,B38,Spartanburg,2e0eb052-bb28-45b1-894f-8dc0851c56cc,SAMMS-SpartanburgV5
202608200219258090,202608200029237266,202608200029237018,85,2640,Bronze INV,br_LiquidLog,TASK_COMPLETE,FAILED,ERROR,3828,3828,1,SaveLiquidlog Bronze ForEach failed,2026-08-20T00:29:28.539Z,2026-08-20T02:40:07.937Z,7839,2026-08-20T02:40:07.937Z,B39,Aiken,2e0eb052-bb28-45b1-894f-8dc0851c56cc,SAMMS-AikenV5
202608200219258091,202608200029237267,202608200029237018,85,2641,Bronze INV,br_LiquidLog,TASK_COMPLETE,FAILED,ERROR,6303,6303,1,SaveLiquidlog Bronze ForEach failed,2026-08-20T00:29:28.539Z,2026-08-20T02:40:07.937Z,7839,2026-08-20T02:40:07.937Z,B41,Chesapeake,2e0eb052-bb28-45b1-894f-8dc0851c56cc,SAMMS-ChesapeakeV5
202608200219258092,202608200029237268,202608200029237018,85,2642,Bronze INV,br_LiquidLog,TASK_COMPLETE,FAILED,ERROR,9096,9096,1,SaveLiquidlog Bronze ForEach failed,2026-08-20T00:29:28.539Z,2026-08-20T02:40:07.937Z,7839,2026-08-20T02:40:07.937Z,B42,Virginia Beach,2e0eb052-bb28-45b1-894f-8dc0851c56cc,SAMMS-VirginiaBeachV5
202608200219258093,202608200029237269,202608200029237018,85,2643,Bronze INV,br_LiquidLog,TASK_COMPLETE,FAILED,ERROR,4877,4877,1,SaveLiquidlog Bronze ForEach failed,2026-08-20T00:29:28.539Z,2026-08-20T02:40:07.937Z,7839,2026-08-20T02:40:07.937Z,B42A,Newport News,2e0eb052-bb28-45b1-894f-8dc0851c56cc,SAMMS-NewportNewsV5
202608200219258095,202608200029237270,202608200029237018,85,2644,Bronze INV,br_LiquidLog,TASK_COMPLETE,FAILED,ERROR,1000,1000,1,SaveLiquidlog Bronze ForEach failed,2026-08-20T00:29:28.539Z,2026-08-20T02:40:07.937Z,7839,2026-08-20T02:40:07.937Z,B42B,Franklin,2e0eb052-bb28-45b1-894f-8dc0851c56cc,SAMMS-FranklinV5
202608200219258096,202608200029237271,202608200029237018,85,2645,Bronze INV,br_LiquidLog,TASK_COMPLETE,FAILED,ERROR,6551,6551,1,SaveLiquidlog Bronze ForEach failed,2026-08-20T00:29:28.539Z,2026-08-20T02:40:07.937Z,7839,2026-08-20T02:40:07.937Z,B42C,Glen Allen,2e0eb052-bb28-45b1-894f-8dc0851c56cc,SAMMS-GlenAllenV5
202608200219258097,202608200029237272,202608200029237018,85,2646,Bronze INV,br_LiquidLog,TASK_COMPLETE,FAILED,ERROR,4151,4151,1,SaveLiquidlog Bronze ForEach failed,2026-08-20T00:29:28.539Z,2026-08-20T02:40:07.937Z,7839,2026-08-20T02:40:07.937Z,B42D,Chesapeake South,2e0eb052-bb28-45b1-894f-8dc0851c56cc,SAMMS-ChesapeakeSouthV5
202608200219258098,202608200029237273,202608200029237018,85,2647,Bronze INV,br_LiquidLog,TASK_COMPLETE,FAILED,ERROR,4402,4402,1,SaveLiquidlog Bronze ForEach failed,2026-08-20T00:29:28.539Z,2026-08-20T02:40:07.937Z,7839,2026-08-20T02:40:07.937Z,B44,Albany,2e0eb052-bb28-45b1-894f-8dc0851c56cc,SAMMS-AlbanyV5
202608200219258099,202608200029237274,202608200029237018,85,2648,Bronze INV,br_LiquidLog,TASK_COMPLETE,FAILED,ERROR,5897,5897,1,SaveLiquidlog Bronze ForEach failed,2026-08-20T00:29:28.539Z,2026-08-20T02:40:07.937Z,7839,2026-08-20T02:40:07.937Z,B45,Tifton,2e0eb052-bb28-45b1-894f-8dc0851c56cc,SAMMS-TiftonV5
202608200219258101,202608200029237275,202608200029237018,85,2649,Bronze INV,br_LiquidLog,TASK_COMPLETE,FAILED,ERROR,7936,7936,1,SaveLiquidlog Bronze ForEach failed,2026-08-20T00:29:28.539Z,2026-08-20T02:40:07.937Z,7839,2026-08-20T02:40:07.937Z,B46,Washington DC,2e0eb052-bb28-45b1-894f-8dc0851c56cc,SAMMS-WashingtonDCv5
202608200219258102,202608200029237276,202608200029237018,85,2650,Bronze INV,br_LiquidLog,TASK_COMPLETE,FAILED,ERROR,6698,6698,1,SaveLiquidlog Bronze ForEach failed,2026-08-20T00:29:28.539Z,2026-08-20T02:40:07.937Z,7839,2026-08-20T02:40:07.937Z,B47,Mobile,2e0eb052-bb28-45b1-894f-8dc0851c56cc,SAMMS-MobileV5
202608200219258103,202608200029237277,202608200029237018,85,2651,Bronze INV,br_LiquidLog,TASK_COMPLETE,FAILED,ERROR,13984,13984,1,SaveLiquidlog Bronze ForEach failed,2026-08-20T00:29:28.539Z,2026-08-20T02:40:07.937Z,7839,2026-08-20T02:40:07.937Z,B48,Tuscaloosa,2e0eb052-bb28-45b1-894f-8dc0851c56cc,SAMMS-TuscaloosaV5
202608200219258104,202608200029237278,202608200029237018,85,2660,Bronze INV,br_LiquidLog,TASK_COMPLETE,FAILED,ERROR,2944,2944,1,SaveLiquidlog Bronze ForEach failed,2026-08-20T00:29:28.539Z,2026-08-20T02:40:07.937Z,7839,2026-08-20T02:40:07.937Z,B51,N. Little Rock (OTP),2e0eb052-bb28-45b1-894f-8dc0851c56cc,SAMMS-NorthLittleRockV6
202608200219258105,202608200029237279,202608200029237018,85,2661,Bronze INV,br_LiquidLog,TASK_COMPLETE,FAILED,ERROR,5553,5553,1,SaveLiquidlog Bronze ForEach failed,2026-08-20T00:29:28.539Z,2026-08-20T02:40:07.937Z,7839,2026-08-20T02:40:07.937Z,B52,Jackson GA,2e0eb052-bb28-45b1-894f-8dc0851c56cc,SAMMS-JacksonGAV5
202608200219258106,202608200029237280,202608200029237018,85,2662,Bronze INV,br_LiquidLog,TASK_COMPLETE,FAILED,ERROR,11033,11033,1,SaveLiquidlog Bronze ForEach failed,2026-08-20T00:29:28.539Z,2026-08-20T02:40:07.937Z,7839,2026-08-20T02:40:07.937Z,B54,Gadsden,2e0eb052-bb28-45b1-894f-8dc0851c56cc,SAMMS-GadsdenV5
202608200219258107,202608200029237281,202608200029237018,85,2663,Bronze INV,br_LiquidLog,TASK_COMPLETE,FAILED,ERROR,11304,11304,1,SaveLiquidlog Bronze ForEach failed,2026-08-20T00:29:28.539Z,2026-08-20T02:40:07.937Z,7839,2026-08-20T02:40:07.937Z,B55,Shoals,2e0eb052-bb28-45b1-894f-8dc0851c56cc,SAMMS-ShoalsV5
202608200219258108,202608200029237282,202608200029237018,85,2664,Bronze INV,br_LiquidLog,TASK_COMPLETE,FAILED,ERROR,2932,2932,1,SaveLiquidlog Bronze ForEach failed,2026-08-20T00:29:28.539Z,2026-08-20T02:40:07.937Z,7839,2026-08-20T02:40:07.937Z,B57,Pawtucket,2e0eb052-bb28-45b1-894f-8dc0851c56cc,SAMMS-Pawtucket
202608200219258110,202608200029237283,202608200029237018,85,2665,Bronze INV,br_LiquidLog,TASK_COMPLETE,FAILED,ERROR,3487,3487,1,SaveLiquidlog Bronze ForEach failed,2026-08-20T00:29:28.539Z,2026-08-20T02:40:07.937Z,7839,2026-08-20T02:40:07.937Z,B57A,Johnston,2e0eb052-bb28-45b1-894f-8dc0851c56cc,SAMMS-Johnston
202608200219258111,202608200029237284,202608200029237018,85,2666,Bronze INV,br_LiquidLog,TASK_COMPLETE,FAILED,ERROR,952,952,1,SaveLiquidlog Bronze ForEach failed,2026-08-20T00:29:28.539Z,2026-08-20T02:40:07.937Z,7839,2026-08-20T02:40:07.937Z,B57B,Middletown,2e0eb052-bb28-45b1-894f-8dc0851c56cc,SAMMS-Middletown
202608200219258112,202608200029237285,202608200029237018,85,2667,Bronze INV,br_LiquidLog,TASK_COMPLETE,FAILED,ERROR,1662,1662,1,SaveLiquidlog Bronze ForEach failed,2026-08-20T00:29:28.539Z,2026-08-20T02:40:07.937Z,7839,2026-08-20T02:40:07.937Z,B57C,Providence,2e0eb052-bb28-45b1-894f-8dc0851c56cc,SAMMS-Providence
202608200219258113,202608200029237286,202608200029237018,85,2668,Bronze INV,br_LiquidLog,TASK_COMPLETE,FAILED,ERROR,3232,3232,1,SaveLiquidlog Bronze ForEach failed,2026-08-20T00:29:28.539Z,2026-08-20T02:40:07.937Z,7839,2026-08-20T02:40:07.937Z,B57D,Westerly,2e0eb052-bb28-45b1-894f-8dc0851c56cc,SAMMS-Westerly
202608200219258114,202608200029237287,202608200029237018,85,2672,Bronze INV,br_LiquidLog,TASK_COMPLETE,FAILED,ERROR,0,0,1,SaveLiquidlog Bronze ForEach failed,2026-08-20T00:29:28.539Z,2026-08-20T02:40:07.937Z,7839,2026-08-20T02:40:07.937Z,B66A,Bremen,2e0eb052-bb28-45b1-894f-8dc0851c56cc,SAMMS-Bremen
202608200219258115,202608200029237288,202608200029237018,85,2675,Bronze INV,br_LiquidLog,TASK_COMPLETE,FAILED,ERROR,0,0,1,SaveLiquidlog Bronze ForEach failed,2026-08-20T00:29:28.539Z,2026-08-20T02:40:07.937Z,7839,2026-08-20T02:40:07.937Z,B72,Mobile (OBOT),2e0eb052-bb28-45b1-894f-8dc0851c56cc,SAMMS-Mobile-OBOT
202608200219258117,202608200029237289,202608200029237018,85,2676,Bronze INV,br_LiquidLog,TASK_COMPLETE,FAILED,ERROR,0,0,1,SaveLiquidlog Bronze ForEach failed,2026-08-20T00:29:28.539Z,2026-08-20T02:40:07.937Z,7839,2026-08-20T02:40:07.937Z,B73,Montgomery,2e0eb052-bb28-45b1-894f-8dc0851c56cc,SAMMS-Montgomery
202608200219258118,202608200029237290,202608200029237018,85,2677,Bronze INV,br_LiquidLog,TASK_COMPLETE,FAILED,ERROR,3642,3642,1,SaveLiquidlog Bronze ForEach failed,2026-08-20T00:29:28.539Z,2026-08-20T02:40:07.937Z,7839,2026-08-20T02:40:07.937Z,B75,Lawrence,2e0eb052-bb28-45b1-894f-8dc0851c56cc,SAMMS-LawrenceV6
202608200219258119,202608200029237291,202608200029237018,85,2678,Bronze INV,br_LiquidLog,TASK_COMPLETE,FAILED,ERROR,0,0,1,SaveLiquidlog Bronze ForEach failed,2026-08-20T00:29:28.539Z,2026-08-20T02:40:07.937Z,7839,2026-08-20T02:40:07.937Z,B76,Huntsville OBOT,2e0eb052-bb28-45b1-894f-8dc0851c56cc,SAMMS-Huntsville-OBOT
202608200219258120,202608200029237292,202608200029237018,85,2679,Bronze INV,br_LiquidLog,TASK_COMPLETE,FAILED,ERROR,0,0,1,SaveLiquidlog Bronze ForEach failed,2026-08-20T00:29:28.539Z,2026-08-20T02:40:07.937Z,7839,2026-08-20T02:40:07.937Z,BAT,Batesville,2e0eb052-bb28-45b1-894f-8dc0851c56cc,SAMMS-Batesville
202608200219258121,202608200029237293,202608200029237018,85,2680,Bronze INV,br_LiquidLog,TASK_COMPLETE,FAILED,ERROR,6362,6362,1,SaveLiquidlog Bronze ForEach failed,2026-08-20T00:29:28.539Z,2026-08-20T02:40:07.937Z,7839,2026-08-20T02:40:07.937Z,BG,Bowling Green,2e0eb052-bb28-45b1-894f-8dc0851c56cc,SAMMS-BowlingGreen
202608200219258122,202608200029237294,202608200029237018,85,2681,Bronze INV,br_LiquidLog,TASK_COMPLETE,FAILED,ERROR,2959,2959,1,SaveLiquidlog Bronze ForEach failed,2026-08-20T00:29:28.539Z,2026-08-20T02:40:07.937Z,7839,2026-08-20T02:40:07.937Z,BOI,Boise,2e0eb052-bb28-45b1-894f-8dc0851c56cc,SAMMS-Boise
202608200219258124,202608200029237295,202608200029237018,85,2688,Bronze INV,br_LiquidLog,TASK_COMPLETE,FAILED,ERROR,1650,1650,1,SaveLiquidlog Bronze ForEach failed,2026-08-20T00:29:28.539Z,2026-08-20T02:40:07.937Z,7839,2026-08-20T02:40:07.937Z,CBCO,Coeur dAlene,2e0eb052-bb28-45b1-894f-8dc0851c56cc,SAMMS-CoeurdAleneV6
202608200219258125,202608200029237296,202608200029237018,85,2707,Bronze INV,br_LiquidLog,TASK_COMPLETE,FAILED,ERROR,0,0,1,SaveLiquidlog Bronze ForEach failed,2026-08-20T00:29:28.539Z,2026-08-20T02:40:07.937Z,7839,2026-08-20T02:40:07.937Z,CON,Conway,2e0eb052-bb28-45b1-894f-8dc0851c56cc,SAMMS-Conway
202608200219258126,202608200029237297,202608200029237018,85,2708,Bronze INV,br_LiquidLog,TASK_COMPLETE,FAILED,ERROR,0,0,1,SaveLiquidlog Bronze ForEach failed,2026-08-20T00:29:28.539Z,2026-08-20T02:40:07.937Z,7839,2026-08-20T02:40:07.937Z,D07,Medical Services Knox TN,2e0eb052-bb28-45b1-894f-8dc0851c56cc,SAMMS-KnoxvilleV6
202608200219258127,202608200029237298,202608200029237018,85,2709,Bronze INV,br_LiquidLog,TASK_COMPLETE,FAILED,ERROR,4578,4578,1,SaveLiquidlog Bronze ForEach failed,2026-08-20T00:29:28.539Z,2026-08-20T02:40:07.937Z,7839,2026-08-20T02:40:07.937Z,D08,Madison,2e0eb052-bb28-45b1-894f-8dc0851c56cc,SAMMS-MadisonV6
202608200219257681,202608200029237190,202608200029237018,85,1982,Bronze INV,br_Bottle,TASK_COMPLETE,FAILED,ERROR,112922,112922,1,SaveBottles Bronze ForEach failed,2026-08-20T00:29:28.539Z,2026-08-20T02:40:07.937Z,7839,2026-08-20T02:40:07.937Z,DRD-KVC,KVC,2e0eb052-bb28-45b1-894f-8dc0851c56cc,SAMMS-KVCv5
202608200219257682,202608200029237191,202608200029237018,85,1983,Bronze INV,br_Bottle,TASK_COMPLETE,FAILED,ERROR,82086,82086,1,SaveBottles Bronze ForEach failed,2026-08-20T00:29:28.539Z,2026-08-20T02:40:07.937Z,7839,2026-08-20T02:40:07.937Z,DRD-NOLA,NOLA,2e0eb052-bb28-45b1-894f-8dc0851c56cc,SAMMS-NOLAv5
202608200219257684,202608200029237192,202608200029237018,85,1984,Bronze INV,br_Bottle,TASK_COMPLETE,FAILED,ERROR,65324,65324,1,SaveBottles Bronze ForEach failed,2026-08-20T00:29:28.539Z,2026-08-20T02:40:07.937Z,7839,2026-08-20T02:40:07.937Z,DRD-SF,Springfield,2e0eb052-bb28-45b1-894f-8dc0851c56cc,SAMMS-SFv5
202608200219257685,202608200029237193,202608200029237018,85,1986,Bronze INV,br_Bottle,TASK_COMPLETE,FAILED,ERROR,4231,4231,1,SaveBottles Bronze ForEach failed,2026-08-20T00:29:28.539Z,2026-08-20T02:40:07.937Z,7839,2026-08-20T02:40:07.937Z,ELC,Elizabeth City,2e0eb052-bb28-45b1-894f-8dc0851c56cc,SAMMS-ElizabethCity
202608200219257686,202608200029237194,202608200029237018,85,1987,Bronze INV,br_Bottle,TASK_COMPLETE,FAILED,ERROR,3057,3057,1,SaveBottles Bronze ForEach failed,2026-08-20T00:29:28.539Z,2026-08-20T02:40:07.937Z,7839,2026-08-20T02:40:07.937Z,ET,Elizabethtown,2e0eb052-bb28-45b1-894f-8dc0851c56cc,SAMMS-Elizabethtown
202608200219257687,202608200029237195,202608200029237018,85,1988,Bronze INV,br_Bottle,TASK_COMPLETE,FAILED,ERROR,0,0,1,SaveBottles Bronze ForEach failed,2026-08-20T00:29:28.539Z,2026-08-20T02:40:07.937Z,7839,2026-08-20T02:40:07.937Z,FAY,Fayetteville,2e0eb052-bb28-45b1-894f-8dc0851c56cc,SAMMS-Fayetteville
202608200219257688,202608200029237196,202608200029237018,85,1989,Bronze INV,br_Bottle,TASK_COMPLETE,FAILED,ERROR,2887,2887,1,SaveBottles Bronze ForEach failed,2026-08-20T00:29:28.539Z,2026-08-20T02:40:07.937Z,7839,2026-08-20T02:40:07.937Z,FR,Frankfort,2e0eb052-bb28-45b1-894f-8dc0851c56cc,SAMMS-Frankfort
202608200219257689,202608200029237197,202608200029237018,85,1990,Bronze INV,br_Bottle,TASK_COMPLETE,FAILED,ERROR,0,0,1,SaveBottles Bronze ForEach failed,2026-08-20T00:29:28.539Z,2026-08-20T02:40:07.937Z,7839,2026-08-20T02:40:07.937Z,FS,Fort Smith,2e0eb052-bb28-45b1-894f-8dc0851c56cc,SAMMS-FortSmith
202608200219257690,202608200029237198,202608200029237018,85,1991,Bronze INV,br_Bottle,TASK_COMPLETE,FAILED,ERROR,6145,6145,1,SaveBottles Bronze ForEach failed,2026-08-20T00:29:28.539Z,2026-08-20T02:40:07.937Z,7839,2026-08-20T02:40:07.937Z,FW,Fort Wayne,2e0eb052-bb28-45b1-894f-8dc0851c56cc,SAMMS-FortWayne
202608200219257691,202608200029237199,202608200029237018,85,1992,Bronze INV,br_Bottle,TASK_COMPLETE,FAILED,ERROR,2899,2899,1,SaveBottles Bronze ForEach failed,2026-08-20T00:29:28.539Z,2026-08-20T02:40:07.937Z,7839,2026-08-20T02:40:07.937Z,GAL,Gaylord,2e0eb052-bb28-45b1-894f-8dc0851c56cc,SAMMS-Gaylord
202608200219257692,202608200029237200,202608200029237018,85,1996,Bronze INV,br_Bottle,TASK_COMPLETE,FAILED,ERROR,42647,42647,1,SaveBottles Bronze ForEach failed,2026-08-20T00:29:28.539Z,2026-08-20T02:40:07.937Z,7839,2026-08-20T02:40:07.937Z,HGT,Hagerstown,2e0eb052-bb28-45b1-894f-8dc0851c56cc,SAMMS-Hagerstown
202608200219257694,202608200029237201,202608200029237018,85,1997,Bronze INV,br_Bottle,TASK_COMPLETE,FAILED,ERROR,8069,8069,1,SaveBottles Bronze ForEach failed,2026-08-20T00:29:28.539Z,2026-08-20T02:40:07.937Z,7839,2026-08-20T02:40:07.937Z,HNT,Huntsville,2e0eb052-bb28-45b1-894f-8dc0851c56cc,SAMMS-Huntsville
202608200219257695,202608200029237202,202608200029237018,85,1998,Bronze INV,br_Bottle,TASK_COMPLETE,FAILED,ERROR,0,0,1,SaveBottles Bronze ForEach failed,2026-08-20T00:29:28.539Z,2026-08-20T02:40:07.937Z,7839,2026-08-20T02:40:07.937Z,HS,Hot Springs,2e0eb052-bb28-45b1-894f-8dc0851c56cc,SAMMS-HotSprings
202608200219257696,202608200029237203,202608200029237018,85,1999,Bronze INV,br_Bottle,TASK_COMPLETE,FAILED,ERROR,0,0,1,SaveBottles Bronze ForEach failed,2026-08-20T00:29:28.539Z,2026-08-20T02:40:07.937Z,7839,2026-08-20T02:40:07.937Z,JON,Jonesboro,2e0eb052-bb28-45b1-894f-8dc0851c56cc,SAMMS-Jonesboro
202608200219257697,202608200029237204,202608200029237018,85,2001,Bronze INV,br_Bottle,TASK_COMPLETE,FAILED,ERROR,2646,2646,1,SaveBottles Bronze ForEach failed,2026-08-20T00:29:28.539Z,2026-08-20T02:40:07.937Z,7839,2026-08-20T02:40:07.937Z,LAN,Lansing,2e0eb052-bb28-45b1-894f-8dc0851c56cc,SAMMS-Lansing
202608200219257698,202608200029237205,202608200029237018,85,2002,Bronze INV,br_Bottle,TASK_COMPLETE,FAILED,ERROR,7348,7348,1,SaveBottles Bronze ForEach failed,2026-08-20T00:29:28.539Z,2026-08-20T02:40:07.937Z,7839,2026-08-20T02:40:07.937Z,LO,Louisville,2e0eb052-bb28-45b1-894f-8dc0851c56cc,SAMMS-Louisville
202608200219257699,202608200029237206,202608200029237018,85,2003,Bronze INV,br_Bottle,TASK_COMPLETE,FAILED,ERROR,2736,2736,1,SaveBottles Bronze ForEach failed,2026-08-20T00:29:28.539Z,2026-08-20T02:40:07.937Z,7839,2026-08-20T02:40:07.937Z,LV1,Cheyenne,2e0eb052-bb28-45b1-894f-8dc0851c56cc,SAMMS-Cheyenne
202608200219257700,202608200029237207,202608200029237018,85,2004,Bronze INV,br_Bottle,TASK_COMPLETE,FAILED,ERROR,3017,3017,1,SaveBottles Bronze ForEach failed,2026-08-20T00:29:28.539Z,2026-08-20T02:40:07.937Z,7839,2026-08-20T02:40:07.937Z,LV2,Desert Inn,2e0eb052-bb28-45b1-894f-8dc0851c56cc,SAMMS-DesertInn
202608200219257701,202608200029237208,202608200029237018,85,2005,Bronze INV,br_Bottle,TASK_COMPLETE,FAILED,ERROR,1591,1591,1,SaveBottles Bronze ForEach failed,2026-08-20T00:29:28.539Z,2026-08-20T02:40:07.937Z,7839,2026-08-20T02:40:07.937Z,LV3,McDaniel,2e0eb052-bb28-45b1-894f-8dc0851c56cc,SAMMS-McDaniel
202608200219257703,202608200029237209,202608200029237018,85,2008,Bronze INV,br_Bottle,TASK_COMPLETE,FAILED,ERROR,2799,2799,1,SaveBottles Bronze ForEach failed,2026-08-20T00:29:28.539Z,2026-08-20T02:40:07.937Z,7839,2026-08-20T02:40:07.937Z,MNRE,Monroe,2e0eb052-bb28-45b1-894f-8dc0851c56cc,SAMMS-Monroe
202608200219257704,202608200029237210,202608200029237018,85,2009,Bronze INV,br_Bottle,TASK_COMPLETE,FAILED,ERROR,5124,5124,1,SaveBottles Bronze ForEach failed,2026-08-20T00:29:28.539Z,2026-08-20T02:40:07.937Z,7839,2026-08-20T02:40:07.937Z,MP,Mt. Pleasant,2e0eb052-bb28-45b1-894f-8dc0851c56cc,SAMMS-MtPleasant
202608200219257705,202608200029237211,202608200029237018,85,2010,Bronze INV,br_Bottle,TASK_COMPLETE,FAILED,ERROR,1312,1312,1,SaveBottles Bronze ForEach failed,2026-08-20T00:29:28.539Z,2026-08-20T02:40:07.937Z,7839,2026-08-20T02:40:07.937Z,MRD,Meridian,2e0eb052-bb28-45b1-894f-8dc0851c56cc,SAMMS-Meridian
202608200219257706,202608200029237212,202608200029237018,85,2015,Bronze INV,br_Bottle,TASK_COMPLETE,FAILED,ERROR,4205,4205,1,SaveBottles Bronze ForEach failed,2026-08-20T00:29:28.539Z,2026-08-20T02:40:07.937Z,7839,2026-08-20T02:40:07.937Z,NC,North Charleston,2e0eb052-bb28-45b1-894f-8dc0851c56cc,SAMMS-NorthCharleston
202608200219257707,202608200029237213,202608200029237018,85,2016,Bronze INV,br_Bottle,TASK_COMPLETE,FAILED,ERROR,0,0,1,SaveBottles Bronze ForEach failed,2026-08-20T00:29:28.539Z,2026-08-20T02:40:07.937Z,7839,2026-08-20T02:40:07.937Z,NLR,N. Little Rock,2e0eb052-bb28-45b1-894f-8dc0851c56cc,SAMMS-NLROBOT
202608200219257708,202608200029237214,202608200029237018,85,2017,Bronze INV,br_Bottle,TASK_COMPLETE,FAILED,ERROR,619,619,1,SaveBottles Bronze ForEach failed,2026-08-20T00:29:28.539Z,2026-08-20T02:40:07.937Z,7839,2026-08-20T02:40:07.937Z,PH,Phoenix,2e0eb052-bb28-45b1-894f-8dc0851c56cc,SAMMS-Phoenix
202608200219257709,202608200029237215,202608200029237018,85,2021,Bronze INV,br_Bottle,TASK_COMPLETE,FAILED,ERROR,2837,2837,1,SaveBottles Bronze ForEach failed,2026-08-20T00:29:28.539Z,2026-08-20T02:40:07.937Z,7839,2026-08-20T02:40:07.937Z,RE,Reno,2e0eb052-bb28-45b1-894f-8dc0851c56cc,SAMMS-Reno
202608200219257710,202608200029237216,202608200029237018,85,2022,Bronze INV,br_Bottle,TASK_COMPLETE,FAILED,ERROR,4105,4105,1,SaveBottles Bronze ForEach failed,2026-08-20T00:29:28.539Z,2026-08-20T02:40:07.937Z,7839,2026-08-20T02:40:07.937Z,RMD,Richmond,2e0eb052-bb28-45b1-894f-8dc0851c56cc,SAMMS-Richmond
202608200219257712,202608200029237217,202608200029237018,85,2023,Bronze INV,br_Bottle,TASK_COMPLETE,FAILED,ERROR,20197,20197,1,SaveBottles Bronze ForEach failed,2026-08-20T00:29:28.539Z,2026-08-20T02:40:07.937Z,7839,2026-08-20T02:40:07.937Z,SFN,Springfield North,2e0eb052-bb28-45b1-894f-8dc0851c56cc,SAMMS-SFNv5
202608200219257713,202608200029237218,202608200029237018,85,2024,Bronze INV,br_Bottle,TASK_COMPLETE,FAILED,ERROR,7685,7685,1,SaveBottles Bronze ForEach failed,2026-08-20T00:29:28.539Z,2026-08-20T02:40:07.937Z,7839,2026-08-20T02:40:07.937Z,SHP,Shreveport,2e0eb052-bb28-45b1-894f-8dc0851c56cc,SAMMS-Shreveport
202608200219257714,202608200029237219,202608200029237018,85,2026,Bronze INV,br_Bottle,TASK_COMPLETE,FAILED,ERROR,2576,2576,1,SaveBottles Bronze ForEach failed,2026-08-20T00:29:28.539Z,2026-08-20T02:40:07.937Z,7839,2026-08-20T02:40:07.937Z,STN,Staunton,2e0eb052-bb28-45b1-894f-8dc0851c56cc,SAMMS-Staunton
202608200219257715,202608200029237220,202608200029237018,85,2027,Bronze INV,br_Bottle,TASK_COMPLETE,FAILED,ERROR,925,925,1,SaveBottles Bronze ForEach failed,2026-08-20T00:29:28.539Z,2026-08-20T02:40:07.937Z,7839,2026-08-20T02:40:07.937Z,STVN,Stevenson,2e0eb052-bb28-45b1-894f-8dc0851c56cc,SAMMS-Stevenson
202608200219257716,202608200029237221,202608200029237018,85,2029,Bronze INV,br_Bottle,TASK_COMPLETE,FAILED,ERROR,712,712,1,SaveBottles Bronze ForEach failed,2026-08-20T00:29:28.539Z,2026-08-20T02:40:07.937Z,7839,2026-08-20T02:40:07.937Z,TE,Tempe,2e0eb052-bb28-45b1-894f-8dc0851c56cc,SAMMS-Tempe
202608200219257717,202608200029237222,202608200029237018,85,2030,Bronze INV,br_Bottle,TASK_COMPLETE,FAILED,ERROR,0,0,1,SaveBottles Bronze ForEach failed,2026-08-20T00:29:28.539Z,2026-08-20T02:40:07.937Z,7839,2026-08-20T02:40:07.937Z,TEX,Texarkana,2e0eb052-bb28-45b1-894f-8dc0851c56cc,SAMMS-Texarkana
202608200219257718,202608200029237223,202608200029237018,85,2031,Bronze INV,br_Bottle,TASK_COMPLETE,FAILED,ERROR,38533,38533,1,SaveBottles Bronze ForEach failed,2026-08-20T00:29:28.539Z,2026-08-20T02:40:07.937Z,7839,2026-08-20T02:40:07.937Z,TTCA,Bessemer,2e0eb052-bb28-45b1-894f-8dc0851c56cc,SAMMS-BessemerV5
202608200219257720,202608200029237224,202608200029237018,85,2032,Bronze INV,br_Bottle,TASK_COMPLETE,FAILED,ERROR,9619,9619,1,SaveBottles Bronze ForEach failed,2026-08-20T00:29:28.539Z,2026-08-20T02:40:07.937Z,7839,2026-08-20T02:40:07.937Z,TTCB,Cullman,2e0eb052-bb28-45b1-894f-8dc0851c56cc,SAMMS-CullmanV5
202608200219257721,202608200029237225,202608200029237018,85,2033,Bronze INV,br_Bottle,TASK_COMPLETE,FAILED,ERROR,11509,11509,1,SaveBottles Bronze ForEach failed,2026-08-20T00:29:28.539Z,2026-08-20T02:40:07.937Z,7839,2026-08-20T02:40:07.937Z,TTCC,Grand Bay,2e0eb052-bb28-45b1-894f-8dc0851c56cc,SAMMS-GrandBay
202608200219257722,202608200029237226,202608200029237018,85,2034,Bronze INV,br_Bottle,TASK_COMPLETE,FAILED,ERROR,581,581,1,SaveBottles Bronze ForEach failed,2026-08-20T00:29:28.539Z,2026-08-20T02:40:07.937Z,7839,2026-08-20T02:40:07.937Z,TU,Tucson,2e0eb052-bb28-45b1-894f-8dc0851c56cc,SAMMS-Tucson
202608200219257723,202608200029237227,202608200029237018,85,2036,Bronze INV,br_Bottle,TASK_COMPLETE,FAILED,ERROR,36471,36471,1,SaveBottles Bronze ForEach failed,2026-08-20T00:29:28.539Z,2026-08-20T02:40:07.937Z,7839,2026-08-20T02:40:07.937Z,V1,Memphis South,2e0eb052-bb28-45b1-894f-8dc0851c56cc,SAMMS-VCPHCS-I-MemphisV5
202608260854399486,202608260654257122,202608260654255519,85,588,Bronze INV,br_AdmissionAssessmentDimensionFiveSubstanceUse,TASK_COMPLETE,SUCCESS,INFO,331,331,0,,2026-08-26T06:54:31.515Z,2026-08-26T08:57:15.847Z,7364,2026-08-26T08:57:15.847Z,VBRA,Brainerd,912d32aa-0b7f-4999-bf60-6670fe5985ea,SAMMS-BrainerdV6
202608260854399487,202608260654257123,202608260654255519,85,589,Bronze INV,br_AdmissionAssessmentDimensionFiveSubstanceUse,TASK_COMPLETE,SUCCESS,INFO,587,587,0,,2026-08-26T06:54:31.515Z,2026-08-26T08:57:15.847Z,7364,2026-08-26T08:57:15.847Z,VBRP,Brooklyn Park,912d32aa-0b7f-4999-bf60-6670fe5985ea,SAMMS-BrooklynParkV6
202608260854399488,202608260654257124,202608260654255519,85,591,Bronze INV,br_AdmissionAssessmentDimensionFiveSubstanceUse,TASK_COMPLETE,SUCCESS,INFO,573,573,0,,2026-08-26T06:54:31.515Z,2026-08-26T08:57:15.847Z,7364,2026-08-26T08:57:15.847Z,VMIN,Minneapolis,912d32aa-0b7f-4999-bf60-6670fe5985ea,SAMMS-MinneapolisV6
202608260854399489,202608260654257125,202608260654255519,85,592,Bronze INV,br_AdmissionAssessmentDimensionFiveSubstanceUse,TASK_COMPLETE,SUCCESS,INFO,1057,1057,0,,2026-08-26T06:54:31.515Z,2026-08-26T08:57:15.847Z,7364,2026-08-26T08:57:15.847Z,VWBY,Woodbury,912d32aa-0b7f-4999-bf60-6670fe5985ea,SAMMS-WoodburyV6
202608260854399490,202608260654257126,202608260654255519,85,594,Bronze INV,br_AdmissionAssessmentDimensionFiveSubstanceUse,TASK_COMPLETE,SUCCESS,INFO,428,428,0,,2026-08-26T06:54:31.515Z,2026-08-26T08:57:15.847Z,7364,2026-08-26T08:57:15.847Z,WIL,Wilson,912d32aa-0b7f-4999-bf60-6670fe5985ea,SAMMS-Wilson
202608260854399592,202608260654355525,202608260654355519,86,5725,Silver INV,sl_AdmissionAssessmentDimensionFiveSubstanceUse,TASK_COMPLETE,SUCCESS,INFO,50714,50714,0,,2026-08-26T06:54:31.515Z,2026-08-26T08:57:15.847Z,7364,2026-08-26T08:57:15.847Z,,,912d32aa-0b7f-4999-bf60-6670fe5985ea,
202608260854399520,202608260654256897,202608260654255519,85,598,Bronze INV,br_AdmissionAssessmentDimensionFour,TASK_COMPLETE,SUCCESS,INFO,98,98,0,,2026-08-26T06:54:31.515Z,2026-08-26T08:57:15.847Z,7364,2026-08-26T08:57:15.847Z,AHK,Ahoskie,912d32aa-0b7f-4999-bf60-6670fe5985ea,SAMMS-Ahoskie
202608260854399521,202608260654256898,202608260654255519,85,599,Bronze INV,br_AdmissionAssessmentDimensionFour,TASK_COMPLETE,SUCCESS,INFO,787,787,0,,2026-08-26T06:54:31.515Z,2026-08-26T08:57:15.847Z,7364,2026-08-26T08:57:15.847Z,B12B,Colorado Springs,912d32aa-0b7f-4999-bf60-6670fe5985ea,SAMMS-ColoradoSpringsV5
202608260854399523,202608260654256899,202608260654255519,85,600,Bronze INV,br_AdmissionAssessmentDimensionFour,TASK_COMPLETE,SUCCESS,INFO,411,411,0,,2026-08-26T06:54:31.515Z,2026-08-26T08:57:15.847Z,7364,2026-08-26T08:57:15.847Z,B24,Paintsville,912d32aa-0b7f-4999-bf60-6670fe5985ea,SAMMS-PaintsvilleV5
202608260854399524,202608260654256900,202608260654255519,85,601,Bronze INV,br_AdmissionAssessmentDimensionFour,TASK_COMPLETE,SUCCESS,INFO,171,171,0,,2026-08-26T06:54:31.515Z,2026-08-26T08:57:15.847Z,7364,2026-08-26T08:57:15.847Z,B25,Pikeville,912d32aa-0b7f-4999-bf60-6670fe5985ea,SAMMS-PikevilleV5
202608260854399525,202608260654256901,202608260654255519,85,602,Bronze INV,br_AdmissionAssessmentDimensionFour,TASK_COMPLETE,SUCCESS,INFO,492,492,0,,2026-08-26T06:54:31.515Z,2026-08-26T08:57:15.847Z,7364,2026-08-26T08:57:15.847Z,B26,Hazard,912d32aa-0b7f-4999-bf60-6670fe5985ea,SAMMS-HazardV5
202608260854399526,202608260654256902,202608260654255519,85,603,Bronze INV,br_AdmissionAssessmentDimensionFour,TASK_COMPLETE,SUCCESS,INFO,188,188,0,,2026-08-26T06:54:31.515Z,2026-08-26T08:57:15.847Z,7364,2026-08-26T08:57:15.847Z,B27,Savannah,912d32aa-0b7f-4999-bf60-6670fe5985ea,SAMMS-SavannahV6
202608260854399527,202608260654256903,202608260654255519,85,604,Bronze INV,br_AdmissionAssessmentDimensionFour,TASK_COMPLETE,SUCCESS,INFO,234,234,0,,2026-08-26T06:54:31.515Z,2026-08-26T08:57:15.847Z,7364,2026-08-26T08:57:15.847Z,B28,West Plains,912d32aa-0b7f-4999-bf60-6670fe5985ea,SAMMS-WestPlainesV5
202608260854399528,202608260654256904,202608260654255519,85,605,Bronze INV,br_AdmissionAssessmentDimensionFour,TASK_COMPLETE,SUCCESS,INFO,260,260,0,,2026-08-26T06:54:31.515Z,2026-08-26T08:57:15.847Z,7364,2026-08-26T08:57:15.847Z,B29,Poplar Bluff,912d32aa-0b7f-4999-bf60-6670fe5985ea,SAMMS-PoplarBluffV5
202608260854399530,202608260654256905,202608260654255519,85,606,Bronze INV,br_AdmissionAssessmentDimensionFour,TASK_COMPLETE,SUCCESS,INFO,140,140,0,,2026-08-26T06:54:31.515Z,2026-08-26T08:57:15.847Z,7364,2026-08-26T08:57:15.847Z,B30,KC North,912d32aa-0b7f-4999-bf60-6670fe5985ea,SAMMS-KCNv5
202608260854399531,202608260654256906,202608260654255519,85,607,Bronze INV,br_AdmissionAssessmentDimensionFour,TASK_COMPLETE,SUCCESS,INFO,335,335,0,,2026-08-26T06:54:31.515Z,2026-08-26T08:57:15.847Z,7364,2026-08-26T08:57:15.847Z,B31,Dyersburg,912d32aa-0b7f-4999-bf60-6670fe5985ea,SAMMS-DyersburgV5
202608260854399532,202608260654256907,202608260654255519,85,609,Bronze INV,br_AdmissionAssessmentDimensionFour,TASK_COMPLETE,SUCCESS,INFO,212,212,0,,2026-08-26T06:54:31.515Z,2026-08-26T08:57:15.847Z,7364,2026-08-26T08:57:15.847Z,B33,Paducah,912d32aa-0b7f-4999-bf60-6670fe5985ea,SAMMS-Paducah
202608260854399533,202608260654256908,202608260654255519,85,610,Bronze INV,br_AdmissionAssessmentDimensionFour,TASK_COMPLETE,SUCCESS,INFO,448,448,0,,2026-08-26T06:54:31.515Z,2026-08-26T08:57:15.847Z,7364,2026-08-26T08:57:15.847Z,B34,Corbin,912d32aa-0b7f-4999-bf60-6670fe5985ea,SAMMS-CorbinV5
202608260854399534,202608260654256909,202608260654255519,85,611,Bronze INV,br_AdmissionAssessmentDimensionFour,TASK_COMPLETE,SUCCESS,INFO,715,715,0,,2026-08-26T06:54:31.515Z,2026-08-26T08:57:15.847Z,7364,2026-08-26T08:57:15.847Z,B35,Lexington,912d32aa-0b7f-4999-bf60-6670fe5985ea,SAMMS-LexingtonV5
202608260854399535,202608260654256910,202608260654255519,85,612,Bronze INV,br_AdmissionAssessmentDimensionFour,TASK_COMPLETE,SUCCESS,INFO,345,345,0,,2026-08-26T06:54:31.515Z,2026-08-26T08:57:15.847Z,7364,2026-08-26T08:57:15.847Z,B35A,Berea,912d32aa-0b7f-4999-bf60-6670fe5985ea,SAMMS-BereaV5
202608260854399537,202608260654256911,202608260654255519,85,613,Bronze INV,br_AdmissionAssessmentDimensionFour,TASK_COMPLETE,SUCCESS,INFO,602,602,0,,2026-08-26T06:54:31.515Z,2026-08-26T08:57:15.847Z,7364,2026-08-26T08:57:15.847Z,B36,Asheville,912d32aa-0b7f-4999-bf60-6670fe5985ea,SAMMS-AshevilleV5
202608260854399538,202608260654256912,202608260654255519,85,614,Bronze INV,br_AdmissionAssessmentDimensionFour,TASK_COMPLETE,SUCCESS,INFO,449,449,0,,2026-08-26T06:54:31.515Z,2026-08-26T08:57:15.847Z,7364,2026-08-26T08:57:15.847Z,B37,Clyde,912d32aa-0b7f-4999-bf60-6670fe5985ea,SAMMS-ClydeV5
202608260854399539,202608260654256913,202608260654255519,85,615,Bronze INV,br_AdmissionAssessmentDimensionFour,TASK_COMPLETE,SUCCESS,INFO,632,632,0,,2026-08-26T06:54:31.515Z,2026-08-26T08:57:15.847Z,7364,2026-08-26T08:57:15.847Z,B38,Spartanburg,912d32aa-0b7f-4999-bf60-6670fe5985ea,SAMMS-SpartanburgV5
202608260854399540,202608260654256914,202608260654255519,85,616,Bronze INV,br_AdmissionAssessmentDimensionFour,TASK_COMPLETE,SUCCESS,INFO,477,477,0,,2026-08-26T06:54:31.515Z,2026-08-26T08:57:15.847Z,7364,2026-08-26T08:57:15.847Z,B39,Aiken,912d32aa-0b7f-4999-bf60-6670fe5985ea,SAMMS-AikenV5
202608260854399541,202608260654256915,202608260654255519,85,617,Bronze INV,br_AdmissionAssessmentDimensionFour,TASK_COMPLETE,SUCCESS,INFO,290,290,0,,2026-08-26T06:54:31.515Z,2026-08-26T08:57:15.847Z,7364,2026-08-26T08:57:15.847Z,B41,Chesapeake,912d32aa-0b7f-4999-bf60-6670fe5985ea,SAMMS-ChesapeakeV5
202608260854399542,202608260654256916,202608260654255519,85,618,Bronze INV,br_AdmissionAssessmentDimensionFour,TASK_COMPLETE,SUCCESS,INFO,534,534,0,,2026-08-26T06:54:31.515Z,2026-08-26T08:57:15.847Z,7364,2026-08-26T08:57:15.847Z,B42,Virginia Beach,912d32aa-0b7f-4999-bf60-6670fe5985ea,SAMMS-VirginiaBeachV5
202608260854399543,202608260654256917,202608260654255519,85,619,Bronze INV,br_AdmissionAssessmentDimensionFour,TASK_COMPLETE,SUCCESS,INFO,165,165,0,,2026-08-26T06:54:31.515Z,2026-08-26T08:57:15.847Z,7364,2026-08-26T08:57:15.847Z,B42A,Newport News,912d32aa-0b7f-4999-bf60-6670fe5985ea,SAMMS-NewportNewsV5
202608260854399545,202608260654256918,202608260654255519,85,620,Bronze INV,br_AdmissionAssessmentDimensionFour,TASK_COMPLETE,SUCCESS,INFO,56,56,0,,2026-08-26T06:54:31.515Z,2026-08-26T08:57:15.847Z,7364,2026-08-26T08:57:15.847Z,B42B,Franklin,912d32aa-0b7f-4999-bf60-6670fe5985ea,SAMMS-FranklinV5
202608260854399546,202608260654256919,202608260654255519,85,621,Bronze INV,br_AdmissionAssessmentDimensionFour,TASK_COMPLETE,SUCCESS,INFO,334,334,0,,2026-08-26T06:54:31.515Z,2026-08-26T08:57:15.847Z,7364,2026-08-26T08:57:15.847Z,B42C,Glen Allen,912d32aa-0b7f-4999-bf60-6670fe5985ea,SAMMS-GlenAllenV5
202608260854399547,202608260654256920,202608260654255519,85,622,Bronze INV,br_AdmissionAssessmentDimensionFour,TASK_COMPLETE,SUCCESS,INFO,169,169,0,,2026-08-26T06:54:31.515Z,2026-08-26T08:57:15.847Z,7364,2026-08-26T08:57:15.847Z,B42D,Chesapeake South,912d32aa-0b7f-4999-bf60-6670fe5985ea,SAMMS-ChesapeakeSouthV5
202608260854399548,202608260654256921,202608260654255519,85,623,Bronze INV,br_AdmissionAssessmentDimensionFour,TASK_COMPLETE,SUCCESS,INFO,206,206,0,,2026-08-26T06:54:31.515Z,2026-08-26T08:57:15.847Z,7364,2026-08-26T08:57:15.847Z,B44,Albany,912d32aa-0b7f-4999-bf60-6670fe5985ea,SAMMS-AlbanyV5
202608260854399549,202608260654256922,202608260654255519,85,624,Bronze INV,br_AdmissionAssessmentDimensionFour,TASK_COMPLETE,SUCCESS,INFO,306,306,0,,2026-08-26T06:54:31.515Z,2026-08-26T08:57:15.847Z,7364,2026-08-26T08:57:15.847Z,B45,Tifton,912d32aa-0b7f-4999-bf60-6670fe5985ea,SAMMS-TiftonV5
202608260854399550,202608260654256923,202608260654255519,85,625,Bronze INV,br_AdmissionAssessmentDimensionFour,TASK_COMPLETE,SUCCESS,INFO,659,659,0,,2026-08-26T06:54:31.515Z,2026-08-26T08:57:15.847Z,7364,2026-08-26T08:57:15.847Z,B46,Washington DC,912d32aa-0b7f-4999-bf60-6670fe5985ea,SAMMS-WashingtonDCv5
202608260854399552,202608260654256924,202608260654255519,85,626,Bronze INV,br_AdmissionAssessmentDimensionFour,TASK_COMPLETE,SUCCESS,INFO,348,348,0,,2026-08-26T06:54:31.515Z,2026-08-26T08:57:15.847Z,7364,2026-08-26T08:57:15.847Z,B47,Mobile,912d32aa-0b7f-4999-bf60-6670fe5985ea,SAMMS-MobileV5
202608260854399553,202608260654256925,202608260654255519,85,627,Bronze INV,br_AdmissionAssessmentDimensionFour,TASK_COMPLETE,SUCCESS,INFO,449,449,0,,2026-08-26T06:54:31.515Z,2026-08-26T08:57:15.847Z,7364,2026-08-26T08:57:15.847Z,B48,Tuscaloosa,912d32aa-0b7f-4999-bf60-6670fe5985ea,SAMMS-TuscaloosaV5
202608260854399554,202608260654256926,202608260654255519,85,636,Bronze INV,br_AdmissionAssessmentDimensionFour,TASK_COMPLETE,SUCCESS,INFO,309,309,0,,2026-08-26T06:54:31.515Z,2026-08-26T08:57:15.847Z,7364,2026-08-26T08:57:15.847Z,B51,N. Little Rock (OTP),912d32aa-0b7f-4999-bf60-6670fe5985ea,SAMMS-NorthLittleRockV6
202608260854399555,202608260654256927,202608260654255519,85,637,Bronze INV,br_AdmissionAssessmentDimensionFour,TASK_COMPLETE,SUCCESS,INFO,155,155,0,,2026-08-26T06:54:31.515Z,2026-08-26T08:57:15.847Z,7364,2026-08-26T08:57:15.847Z,B52,Jackson GA,912d32aa-0b7f-4999-bf60-6670fe5985ea,SAMMS-JacksonGAV5
202608260854399556,202608260654256928,202608260654255519,85,638,Bronze INV,br_AdmissionAssessmentDimensionFour,TASK_COMPLETE,SUCCESS,INFO,470,470,0,,2026-08-26T06:54:31.515Z,2026-08-26T08:57:15.847Z,7364,2026-08-26T08:57:15.847Z,B54,Gadsden,912d32aa-0b7f-4999-bf60-6670fe5985ea,SAMMS-GadsdenV5
202608100749527048,202608100749527047,20260810040919,6,35,Gold 8x8 CallVolume,8x8_CallVolume,TASK_FAILED,FAILED,ERROR,0,0,0,"[TABLE_OR_VIEW_NOT_FOUND] The table or view `bhg_silver`.`pay`.`sl_8x8_callvolume` cannot be found. Verify the spelling and correctness of the schema and catalog. If you did not qualify the name with a schema, verify the current_schema() output, or qualify the name with the correct schema and catalog. To tolerate the error on drop use DROP VIEW IF EXISTS or DROP TABLE IF EXISTS.; UnresolvedRelation [bhg_silver, pay, sl_8x8_callvolume], [], false",2026-08-10T07:49:56.161Z,2026-08-10T07:50:10.785Z,13,2026-08-10T07:50:10.785Z,,,16a75514-afc2-4aaf-9331-e34f7fb9f5b5,
202608100410304071,202608100410304071,20260810040919,6,35,Gold 8x8 CallVolume,8x8_CallVolume,TASK_FAILED,FAILED,ERROR,0,0,0,"[TABLE_OR_VIEW_NOT_FOUND] The table or view `bhg_silver`.`pay`.`sl_8x8_callvolume` cannot be found. Verify the spelling and correctness of the schema and catalog. If you did not qualify the name with a schema, verify the current_schema() output, or qualify the name with the correct schema and catalog. To tolerate the error on drop use DROP VIEW IF EXISTS or DROP TABLE IF EXISTS.; UnresolvedRelation [bhg_silver, pay, sl_8x8_callvolume], [], false",2026-08-10T04:10:38.144Z,2026-08-10T04:10:49.927Z,10,2026-08-10T04:10:49.927Z,,,0c0b5e48-d053-4755-97ee-27a6c27d227e,
202608200219256309,202608200029237857,202608200029237018,85,275,Bronze INV,br_AdmissionAssessment,TASK_COMPLETE,FAILED,ERROR,4,4,1,SaveAdmissionAssessment Bronze ForEach failed,2026-08-20T00:29:28.539Z,2026-08-20T02:40:07.937Z,7839,2026-08-20T02:40:07.937Z,B57C,Providence,2e0eb052-bb28-45b1-894f-8dc0851c56cc,SAMMS-Providence
202608200219256310,202608200029237858,202608200029237018,85,276,Bronze INV,br_AdmissionAssessment,TASK_COMPLETE,FAILED,ERROR,1,1,1,SaveAdmissionAssessment Bronze ForEach failed,2026-08-20T00:29:28.539Z,2026-08-20T02:40:07.937Z,7839,2026-08-20T02:40:07.937Z,B57D,Westerly,2e0eb052-bb28-45b1-894f-8dc0851c56cc,SAMMS-Westerly
202608200219256311,202608200029237859,202608200029237018,85,280,Bronze INV,br_AdmissionAssessment,TASK_COMPLETE,FAILED,ERROR,4,4,1,SaveAdmissionAssessment Bronze ForEach failed,2026-08-20T00:29:28.539Z,2026-08-20T02:40:07.937Z,7839,2026-08-20T02:40:07.937Z,B66A,Bremen,2e0eb052-bb28-45b1-894f-8dc0851c56cc,SAMMS-Bremen
202608200219256312,202608200029237860,202608200029237018,85,283,Bronze INV,br_AdmissionAssessment,TASK_COMPLETE,FAILED,ERROR,0,0,1,SaveAdmissionAssessment Bronze ForEach failed,2026-08-20T00:29:28.539Z,2026-08-20T02:40:07.937Z,7839,2026-08-20T02:40:07.937Z,B72,Mobile (OBOT),2e0eb052-bb28-45b1-894f-8dc0851c56cc,SAMMS-Mobile-OBOT
202608200219256314,202608200029237861,202608200029237018,85,284,Bronze INV,br_AdmissionAssessment,TASK_COMPLETE,FAILED,ERROR,0,0,1,SaveAdmissionAssessment Bronze ForEach failed,2026-08-20T00:29:28.539Z,2026-08-20T02:40:07.937Z,7839,2026-08-20T02:40:07.937Z,B73,Montgomery,2e0eb052-bb28-45b1-894f-8dc0851c56cc,SAMMS-Montgomery
202608200219256315,202608200029237862,202608200029237018,85,285,Bronze INV,br_AdmissionAssessment,TASK_COMPLETE,FAILED,ERROR,10,10,1,SaveAdmissionAssessment Bronze ForEach failed,2026-08-20T00:29:28.539Z,2026-08-20T02:40:07.937Z,7839,2026-08-20T02:40:07.937Z,B75,Lawrence,2e0eb052-bb28-45b1-894f-8dc0851c56cc,SAMMS-LawrenceV6
202608200219256316,202608200029237863,202608200029237018,85,286,Bronze INV,br_AdmissionAssessment,TASK_COMPLETE,FAILED,ERROR,4,4,1,SaveAdmissionAssessment Bronze ForEach failed,2026-08-20T00:29:28.539Z,2026-08-20T02:40:07.937Z,7839,2026-08-20T02:40:07.937Z,B76,Huntsville OBOT,2e0eb052-bb28-45b1-894f-8dc0851c56cc,SAMMS-Huntsville-OBOT
202608200219256317,202608200029237864,202608200029237018,85,287,Bronze INV,br_AdmissionAssessment,TASK_COMPLETE,FAILED,ERROR,5,5,1,SaveAdmissionAssessment Bronze ForEach failed,2026-08-20T00:29:28.539Z,2026-08-20T02:40:07.937Z,7839,2026-08-20T02:40:07.937Z,BAT,Batesville,2e0eb052-bb28-45b1-894f-8dc0851c56cc,SAMMS-Batesville
202608200219256318,202608200029237865,202608200029237018,85,288,Bronze INV,br_AdmissionAssessment,TASK_COMPLETE,FAILED,ERROR,0,0,1,SaveAdmissionAssessment Bronze ForEach failed,2026-08-20T00:29:28.539Z,2026-08-20T02:40:07.937Z,7839,2026-08-20T02:40:07.937Z,BG,Bowling Green,2e0eb052-bb28-45b1-894f-8dc0851c56cc,SAMMS-BowlingGreen
202608200219256319,202608200029237866,202608200029237018,85,289,Bronze INV,br_AdmissionAssessment,TASK_COMPLETE,FAILED,ERROR,5,5,1,SaveAdmissionAssessment Bronze ForEach failed,2026-08-20T00:29:28.539Z,2026-08-20T02:40:07.937Z,7839,2026-08-20T02:40:07.937Z,BOI,Boise,2e0eb052-bb28-45b1-894f-8dc0851c56cc,SAMMS-Boise
202608200219256320,202608200029237867,202608200029237018,85,296,Bronze INV,br_AdmissionAssessment,TASK_COMPLETE,FAILED,ERROR,4,4,1,SaveAdmissionAssessment Bronze ForEach failed,2026-08-20T00:29:28.539Z,2026-08-20T02:40:07.937Z,7839,2026-08-20T02:40:07.937Z,CBCO,Coeur dAlene,2e0eb052-bb28-45b1-894f-8dc0851c56cc,SAMMS-CoeurdAleneV6
202608200219256322,202608200029237868,202608200029237018,85,315,Bronze INV,br_AdmissionAssessment,TASK_COMPLETE,FAILED,ERROR,8,8,1,SaveAdmissionAssessment Bronze ForEach failed,2026-08-20T00:29:28.539Z,2026-08-20T02:40:07.937Z,7839,2026-08-20T02:40:07.937Z,CON,Conway,2e0eb052-bb28-45b1-894f-8dc0851c56cc,SAMMS-Conway
202608200219256323,202608200029237869,202608200029237018,85,316,Bronze INV,br_AdmissionAssessment,TASK_COMPLETE,FAILED,ERROR,12,12,1,SaveAdmissionAssessment Bronze ForEach failed,2026-08-20T00:29:28.539Z,2026-08-20T02:40:07.937Z,7839,2026-08-20T02:40:07.937Z,D07,Medical Services Knox TN,2e0eb052-bb28-45b1-894f-8dc0851c56cc,SAMMS-KnoxvilleV6
202608200219256324,202608200029237870,202608200029237018,85,317,Bronze INV,br_AdmissionAssessment,TASK_COMPLETE,FAILED,ERROR,16,16,1,SaveAdmissionAssessment Bronze ForEach failed,2026-08-20T00:29:28.539Z,2026-08-20T02:40:07.937Z,7839,2026-08-20T02:40:07.937Z,D08,Madison,2e0eb052-bb28-45b1-894f-8dc0851c56cc,SAMMS-MadisonV6
202608200219256325,202608200029237871,202608200029237018,85,319,Bronze INV,br_AdmissionAssessment,TASK_COMPLETE,FAILED,ERROR,14,14,1,SaveAdmissionAssessment Bronze ForEach failed,2026-08-20T00:29:28.539Z,2026-08-20T02:40:07.937Z,7839,2026-08-20T02:40:07.937Z,D09,Murfreesboro,2e0eb052-bb28-45b1-894f-8dc0851c56cc,SAMMS-MurfreesboroV6
202608200219256326,202608200029237872,202608200029237018,85,320,Bronze INV,br_AdmissionAssessment,TASK_COMPLETE,FAILED,ERROR,3,3,1,SaveAdmissionAssessment Bronze ForEach failed,2026-08-20T00:29:28.539Z,2026-08-20T02:40:07.937Z,7839,2026-08-20T02:40:07.937Z,DA,Davenport,2e0eb052-bb28-45b1-894f-8dc0851c56cc,SAMMS-Davenport
202608200219256327,202608200029237873,202608200029237018,85,321,Bronze INV,br_AdmissionAssessment,TASK_COMPLETE,FAILED,ERROR,11,11,1,SaveAdmissionAssessment Bronze ForEach failed,2026-08-20T00:29:28.539Z,2026-08-20T02:40:07.937Z,7839,2026-08-20T02:40:07.937Z,DM,Des Moines,2e0eb052-bb28-45b1-894f-8dc0851c56cc,SAMMS-DesMoines
202608200219256328,202608200029237874,202608200029237018,85,323,Bronze INV,br_AdmissionAssessment,TASK_COMPLETE,FAILED,ERROR,13,13,1,SaveAdmissionAssessment Bronze ForEach failed,2026-08-20T00:29:28.539Z,2026-08-20T02:40:07.937Z,7839,2026-08-20T02:40:07.937Z,DRD-CO,Columbia MO,2e0eb052-bb28-45b1-894f-8dc0851c56cc,SAMMS-ColumbiaV5
202608200219256329,202608200029237875,202608200029237018,85,324,Bronze INV,br_AdmissionAssessment,TASK_COMPLETE,FAILED,ERROR,16,16,1,SaveAdmissionAssessment Bronze ForEach failed,2026-08-20T00:29:28.539Z,2026-08-20T02:40:07.937Z,7839,2026-08-20T02:40:07.937Z,DRD-KC,KC,2e0eb052-bb28-45b1-894f-8dc0851c56cc,SAMMS-KCv5
202608200219256330,202608200029237876,202608200029237018,85,325,Bronze INV,br_AdmissionAssessment,TASK_COMPLETE,FAILED,ERROR,5,5,1,SaveAdmissionAssessment Bronze ForEach failed,2026-08-20T00:29:28.539Z,2026-08-20T02:40:07.937Z,7839,2026-08-20T02:40:07.937Z,DRD-KVB,KVB,2e0eb052-bb28-45b1-894f-8dc0851c56cc,SAMMS-KVBv5
202608200219256332,202608200029237877,202608200029237018,85,326,Bronze INV,br_AdmissionAssessment,TASK_COMPLETE,FAILED,ERROR,28,28,1,SaveAdmissionAssessment Bronze ForEach failed,2026-08-20T00:29:28.539Z,2026-08-20T02:40:07.937Z,7839,2026-08-20T02:40:07.937Z,DRD-KVC,KVC,2e0eb052-bb28-45b1-894f-8dc0851c56cc,SAMMS-KVCv5
202608200219256333,202608200029237878,202608200029237018,85,327,Bronze INV,br_AdmissionAssessment,TASK_COMPLETE,FAILED,ERROR,24,24,1,SaveAdmissionAssessment Bronze ForEach failed,2026-08-20T00:29:28.539Z,2026-08-20T02:40:07.937Z,7839,2026-08-20T02:40:07.937Z,DRD-NOLA,NOLA,2e0eb052-bb28-45b1-894f-8dc0851c56cc,SAMMS-NOLAv5
202608200219256334,202608200029237879,202608200029237018,85,328,Bronze INV,br_AdmissionAssessment,TASK_COMPLETE,FAILED,ERROR,41,41,1,SaveAdmissionAssessment Bronze ForEach failed,2026-08-20T00:29:28.539Z,2026-08-20T02:40:07.937Z,7839,2026-08-20T02:40:07.937Z,DRD-SF,Springfield,2e0eb052-bb28-45b1-894f-8dc0851c56cc,SAMMS-SFv5
202608200219256335,202608200029237880,202608200029237018,85,330,Bronze INV,br_AdmissionAssessment,TASK_COMPLETE,FAILED,ERROR,1,1,1,SaveAdmissionAssessment Bronze ForEach failed,2026-08-20T00:29:28.539Z,2026-08-20T02:40:07.937Z,7839,2026-08-20T02:40:07.937Z,ELC,Elizabeth City,2e0eb052-bb28-45b1-894f-8dc0851c56cc,SAMMS-ElizabethCity
202608200219256336,202608200029237881,202608200029237018,85,331,Bronze INV,br_AdmissionAssessment,TASK_COMPLETE,FAILED,ERROR,0,0,1,SaveAdmissionAssessment Bronze ForEach failed,2026-08-20T00:29:28.539Z,2026-08-20T02:40:07.937Z,7839,2026-08-20T02:40:07.937Z,ET,Elizabethtown,2e0eb052-bb28-45b1-894f-8dc0851c56cc,SAMMS-Elizabethtown
202608200219256337,202608200029237882,202608200029237018,85,332,Bronze INV,br_AdmissionAssessment,TASK_COMPLETE,FAILED,ERROR,7,7,1,SaveAdmissionAssessment Bronze ForEach failed,2026-08-20T00:29:28.539Z,2026-08-20T02:40:07.937Z,7839,2026-08-20T02:40:07.937Z,FAY,Fayetteville,2e0eb052-bb28-45b1-894f-8dc0851c56cc,SAMMS-Fayetteville
202608200219256338,202608200029237883,202608200029237018,85,333,Bronze INV,br_AdmissionAssessment,TASK_COMPLETE,FAILED,ERROR,0,0,1,SaveAdmissionAssessment Bronze ForEach failed,2026-08-20T00:29:28.539Z,2026-08-20T02:40:07.937Z,7839,2026-08-20T02:40:07.937Z,FR,Frankfort,2e0eb052-bb28-45b1-894f-8dc0851c56cc,SAMMS-Frankfort
202608200219256339,202608200029237884,202608200029237018,85,334,Bronze INV,br_AdmissionAssessment,TASK_COMPLETE,FAILED,ERROR,11,11,1,SaveAdmissionAssessment Bronze ForEach failed,2026-08-20T00:29:28.539Z,2026-08-20T02:40:07.937Z,7839,2026-08-20T02:40:07.937Z,FS,Fort Smith,2e0eb052-bb28-45b1-894f-8dc0851c56cc,SAMMS-FortSmith
202608200219256340,202608200029237885,202608200029237018,85,335,Bronze INV,br_AdmissionAssessment,TASK_COMPLETE,FAILED,ERROR,15,15,1,SaveAdmissionAssessment Bronze ForEach failed,2026-08-20T00:29:28.539Z,2026-08-20T02:40:07.937Z,7839,2026-08-20T02:40:07.937Z,FW,Fort Wayne,2e0eb052-bb28-45b1-894f-8dc0851c56cc,SAMMS-FortWayne
202608200219256342,202608200029237886,202608200029237018,85,336,Bronze INV,br_AdmissionAssessment,TASK_COMPLETE,FAILED,ERROR,3,3,1,SaveAdmissionAssessment Bronze ForEach failed,2026-08-20T00:29:28.539Z,2026-08-20T02:40:07.937Z,7839,2026-08-20T02:40:07.937Z,GAL,Gaylord,2e0eb052-bb28-45b1-894f-8dc0851c56cc,SAMMS-Gaylord
202608200219256343,202608200029237887,202608200029237018,85,340,Bronze INV,br_AdmissionAssessment,TASK_COMPLETE,FAILED,ERROR,11,11,1,SaveAdmissionAssessment Bronze ForEach failed,2026-08-20T00:29:28.539Z,2026-08-20T02:40:07.937Z,7839,2026-08-20T02:40:07.937Z,HGT,Hagerstown,2e0eb052-bb28-45b1-894f-8dc0851c56cc,SAMMS-Hagerstown
202608200219256344,202608200029237888,202608200029237018,85,341,Bronze INV,br_AdmissionAssessment,TASK_COMPLETE,FAILED,ERROR,11,11,1,SaveAdmissionAssessment Bronze ForEach failed,2026-08-20T00:29:28.539Z,2026-08-20T02:40:07.937Z,7839,2026-08-20T02:40:07.937Z,HNT,Huntsville,2e0eb052-bb28-45b1-894f-8dc0851c56cc,SAMMS-Huntsville
202608200219256345,202608200029237889,202608200029237018,85,342,Bronze INV,br_AdmissionAssessment,TASK_COMPLETE,FAILED,ERROR,17,17,1,SaveAdmissionAssessment Bronze ForEach failed,2026-08-20T00:29:28.539Z,2026-08-20T02:40:07.937Z,7839,2026-08-20T02:40:07.937Z,HS,Hot Springs,2e0eb052-bb28-45b1-894f-8dc0851c56cc,SAMMS-HotSprings
202608200219256346,202608200029237890,202608200029237018,85,343,Bronze INV,br_AdmissionAssessment,TASK_COMPLETE,FAILED,ERROR,6,6,1,SaveAdmissionAssessment Bronze ForEach failed,2026-08-20T00:29:28.539Z,2026-08-20T02:40:07.937Z,7839,2026-08-20T02:40:07.937Z,JON,Jonesboro,2e0eb052-bb28-45b1-894f-8dc0851c56cc,SAMMS-Jonesboro
202608200219256347,202608200029237891,202608200029237018,85,345,Bronze INV,br_AdmissionAssessment,TASK_COMPLETE,FAILED,ERROR,5,5,1,SaveAdmissionAssessment Bronze ForEach failed,2026-08-20T00:29:28.539Z,2026-08-20T02:40:07.937Z,7839,2026-08-20T02:40:07.937Z,LAN,Lansing,2e0eb052-bb28-45b1-894f-8dc0851c56cc,SAMMS-Lansing
202608200219256348,202608200029237892,202608200029237018,85,346,Bronze INV,br_AdmissionAssessment,TASK_COMPLETE,FAILED,ERROR,0,0,1,SaveAdmissionAssessment Bronze ForEach failed,2026-08-20T00:29:28.539Z,2026-08-20T02:40:07.937Z,7839,2026-08-20T02:40:07.937Z,LO,Louisville,2e0eb052-bb28-45b1-894f-8dc0851c56cc,SAMMS-Louisville
202608200219256349,202608200029237893,202608200029237018,85,347,Bronze INV,br_AdmissionAssessment,TASK_COMPLETE,FAILED,ERROR,25,25,1,SaveAdmissionAssessment Bronze ForEach failed,2026-08-20T00:29:28.539Z,2026-08-20T02:40:07.937Z,7839,2026-08-20T02:40:07.937Z,LV1,Cheyenne,2e0eb052-bb28-45b1-894f-8dc0851c56cc,SAMMS-Cheyenne
202608200219256351,202608200029237894,202608200029237018,85,348,Bronze INV,br_AdmissionAssessment,TASK_COMPLETE,FAILED,ERROR,17,17,1,SaveAdmissionAssessment Bronze ForEach failed,2026-08-20T00:29:28.539Z,2026-08-20T02:40:07.937Z,7839,2026-08-20T02:40:07.937Z,LV2,Desert Inn,2e0eb052-bb28-45b1-894f-8dc0851c56cc,SAMMS-DesertInn
202608260854400108,202608260654256846,202608260654255519,85,1255,Bronze INV,br_AdmissionAssessmentDimensionThree,TASK_COMPLETE,SUCCESS,INFO,679,679,0,,2026-08-26T06:54:31.515Z,2026-08-26T08:57:15.847Z,7364,2026-08-26T08:57:15.847Z,FW,Fort Wayne,912d32aa-0b7f-4999-bf60-6670fe5985ea,SAMMS-FortWayne
202608260854400110,202608260654256847,202608260654255519,85,1256,Bronze INV,br_AdmissionAssessmentDimensionThree,TASK_COMPLETE,SUCCESS,INFO,103,103,0,,2026-08-26T06:54:31.515Z,2026-08-26T08:57:15.847Z,7364,2026-08-26T08:57:15.847Z,GAL,Gaylord,912d32aa-0b7f-4999-bf60-6670fe5985ea,SAMMS-Gaylord
202608260854400111,202608260654256848,202608260654255519,85,1260,Bronze INV,br_AdmissionAssessmentDimensionThree,TASK_COMPLETE,SUCCESS,INFO,619,619,0,,2026-08-26T06:54:31.515Z,2026-08-26T08:57:15.847Z,7364,2026-08-26T08:57:15.847Z,HGT,Hagerstown,912d32aa-0b7f-4999-bf60-6670fe5985ea,SAMMS-Hagerstown
202608260854400113,202608260654256849,202608260654255519,85,1261,Bronze INV,br_AdmissionAssessmentDimensionThree,TASK_COMPLETE,SUCCESS,INFO,473,473,0,,2026-08-26T06:54:31.515Z,2026-08-26T08:57:15.847Z,7364,2026-08-26T08:57:15.847Z,HNT,Huntsville,912d32aa-0b7f-4999-bf60-6670fe5985ea,SAMMS-Huntsville
202608260854400114,202608260654256850,202608260654255519,85,1262,Bronze INV,br_AdmissionAssessmentDimensionThree,TASK_COMPLETE,SUCCESS,INFO,307,307,0,,2026-08-26T06:54:31.515Z,2026-08-26T08:57:15.847Z,7364,2026-08-26T08:57:15.847Z,HS,Hot Springs,912d32aa-0b7f-4999-bf60-6670fe5985ea,SAMMS-HotSprings
202608260854400115,202608260654256851,202608260654255519,85,1263,Bronze INV,br_AdmissionAssessmentDimensionThree,TASK_COMPLETE,SUCCESS,INFO,267,267,0,,2026-08-26T06:54:31.515Z,2026-08-26T08:57:15.847Z,7364,2026-08-26T08:57:15.847Z,JON,Jonesboro,912d32aa-0b7f-4999-bf60-6670fe5985ea,SAMMS-Jonesboro
202608260854400116,202608260654256852,202608260654255519,85,1265,Bronze INV,br_AdmissionAssessmentDimensionThree,TASK_COMPLETE,SUCCESS,INFO,158,158,0,,2026-08-26T06:54:31.515Z,2026-08-26T08:57:15.847Z,7364,2026-08-26T08:57:15.847Z,LAN,Lansing,912d32aa-0b7f-4999-bf60-6670fe5985ea,SAMMS-Lansing
202608260854400118,202608260654256853,202608260654255519,85,1266,Bronze INV,br_AdmissionAssessmentDimensionThree,TASK_COMPLETE,SUCCESS,INFO,429,429,0,,2026-08-26T06:54:31.515Z,2026-08-26T08:57:15.847Z,7364,2026-08-26T08:57:15.847Z,LO,Louisville,912d32aa-0b7f-4999-bf60-6670fe5985ea,SAMMS-Louisville
202608260854400119,202608260654256854,202608260654255519,85,1267,Bronze INV,br_AdmissionAssessmentDimensionThree,TASK_COMPLETE,SUCCESS,INFO,1178,1178,0,,2026-08-26T06:54:31.515Z,2026-08-26T08:57:15.847Z,7364,2026-08-26T08:57:15.847Z,LV1,Cheyenne,912d32aa-0b7f-4999-bf60-6670fe5985ea,SAMMS-Cheyenne
202608260854400120,202608260654256855,202608260654255519,85,1268,Bronze INV,br_AdmissionAssessmentDimensionThree,TASK_COMPLETE,SUCCESS,INFO,938,938,0,,2026-08-26T06:54:31.515Z,2026-08-26T08:57:15.847Z,7364,2026-08-26T08:57:15.847Z,LV2,Desert Inn,912d32aa-0b7f-4999-bf60-6670fe5985ea,SAMMS-DesertInn
202608260854400121,202608260654256856,202608260654255519,85,1269,Bronze INV,br_AdmissionAssessmentDimensionThree,TASK_COMPLETE,SUCCESS,INFO,312,312,0,,2026-08-26T06:54:31.515Z,2026-08-26T08:57:15.847Z,7364,2026-08-26T08:57:15.847Z,LV3,McDaniel,912d32aa-0b7f-4999-bf60-6670fe5985ea,SAMMS-McDaniel
202608260854400123,202608260654256857,202608260654255519,85,1272,Bronze INV,br_AdmissionAssessmentDimensionThree,TASK_COMPLETE,SUCCESS,INFO,270,270,0,,2026-08-26T06:54:31.515Z,2026-08-26T08:57:15.847Z,7364,2026-08-26T08:57:15.847Z,MNRE,Monroe,912d32aa-0b7f-4999-bf60-6670fe5985ea,SAMMS-Monroe
202608260854400125,202608260654256858,202608260654255519,85,1273,Bronze INV,br_AdmissionAssessmentDimensionThree,TASK_COMPLETE,SUCCESS,INFO,124,124,0,,2026-08-26T06:54:31.515Z,2026-08-26T08:57:15.847Z,7364,2026-08-26T08:57:15.847Z,MP,Mt. Pleasant,912d32aa-0b7f-4999-bf60-6670fe5985ea,SAMMS-MtPleasant
202608260854400126,202608260654256859,202608260654255519,85,1274,Bronze INV,br_AdmissionAssessmentDimensionThree,TASK_COMPLETE,SUCCESS,INFO,171,171,0,,2026-08-26T06:54:31.515Z,2026-08-26T08:57:15.847Z,7364,2026-08-26T08:57:15.847Z,MRD,Meridian,912d32aa-0b7f-4999-bf60-6670fe5985ea,SAMMS-Meridian
202608260854400127,202608260654256860,202608260654255519,85,1279,Bronze INV,br_AdmissionAssessmentDimensionThree,TASK_COMPLETE,SUCCESS,INFO,635,635,0,,2026-08-26T06:54:31.515Z,2026-08-26T08:57:15.847Z,7364,2026-08-26T08:57:15.847Z,NC,North Charleston,912d32aa-0b7f-4999-bf60-6670fe5985ea,SAMMS-NorthCharleston
202608260854400129,202608260654256861,202608260654255519,85,1280,Bronze INV,br_AdmissionAssessmentDimensionThree,TASK_COMPLETE,SUCCESS,INFO,571,571,0,,2026-08-26T06:54:31.515Z,2026-08-26T08:57:15.847Z,7364,2026-08-26T08:57:15.847Z,NLR,N. Little Rock,912d32aa-0b7f-4999-bf60-6670fe5985ea,SAMMS-NLROBOT
202608260854400130,202608260654256862,202608260654255519,85,1281,Bronze INV,br_AdmissionAssessmentDimensionThree,TASK_COMPLETE,SUCCESS,INFO,235,235,0,,2026-08-26T06:54:31.515Z,2026-08-26T08:57:15.847Z,7364,2026-08-26T08:57:15.847Z,PH,Phoenix,912d32aa-0b7f-4999-bf60-6670fe5985ea,SAMMS-Phoenix
202608260854400131,202608260654256863,202608260654255519,85,1285,Bronze INV,br_AdmissionAssessmentDimensionThree,TASK_COMPLETE,SUCCESS,INFO,408,408,0,,2026-08-26T06:54:31.515Z,2026-08-26T08:57:15.847Z,7364,2026-08-26T08:57:15.847Z,RE,Reno,912d32aa-0b7f-4999-bf60-6670fe5985ea,SAMMS-Reno
202608260854400133,202608260654256864,202608260654255519,85,1286,Bronze INV,br_AdmissionAssessmentDimensionThree,TASK_COMPLETE,SUCCESS,INFO,389,389,0,,2026-08-26T06:54:31.515Z,2026-08-26T08:57:15.847Z,7364,2026-08-26T08:57:15.847Z,RMD,Richmond,912d32aa-0b7f-4999-bf60-6670fe5985ea,SAMMS-Richmond
202608260854400135,202608260654256865,202608260654255519,85,1287,Bronze INV,br_AdmissionAssessmentDimensionThree,TASK_COMPLETE,SUCCESS,INFO,487,487,0,,2026-08-26T06:54:31.515Z,2026-08-26T08:57:15.847Z,7364,2026-08-26T08:57:15.847Z,SFN,Springfield North,912d32aa-0b7f-4999-bf60-6670fe5985ea,SAMMS-SFNv5
202608260854400136,202608260654256866,202608260654255519,85,1288,Bronze INV,br_AdmissionAssessmentDimensionThree,TASK_COMPLETE,SUCCESS,INFO,449,449,0,,2026-08-26T06:54:31.515Z,2026-08-26T08:57:15.847Z,7364,2026-08-26T08:57:15.847Z,SHP,Shreveport,912d32aa-0b7f-4999-bf60-6670fe5985ea,SAMMS-Shreveport
202608260854400137,202608260654256867,202608260654255519,85,1290,Bronze INV,br_AdmissionAssessmentDimensionThree,TASK_COMPLETE,SUCCESS,INFO,81,81,0,,2026-08-26T06:54:31.515Z,2026-08-26T08:57:15.847Z,7364,2026-08-26T08:57:15.847Z,STN,Staunton,912d32aa-0b7f-4999-bf60-6670fe5985ea,SAMMS-Staunton
202608260854400139,202608260654256868,202608260654255519,85,1291,Bronze INV,br_AdmissionAssessmentDimensionThree,TASK_COMPLETE,SUCCESS,INFO,53,53,0,,2026-08-26T06:54:31.515Z,2026-08-26T08:57:15.847Z,7364,2026-08-26T08:57:15.847Z,STVN,Stevenson,912d32aa-0b7f-4999-bf60-6670fe5985ea,SAMMS-Stevenson
202608260854400141,202608260654256869,202608260654255519,85,1293,Bronze INV,br_AdmissionAssessmentDimensionThree,TASK_COMPLETE,SUCCESS,INFO,70,70,0,,2026-08-26T06:54:31.515Z,2026-08-26T08:57:15.847Z,7364,2026-08-26T08:57:15.847Z,TE,Tempe,912d32aa-0b7f-4999-bf60-6670fe5985ea,SAMMS-Tempe
202608260854400143,202608260654256870,202608260654255519,85,1294,Bronze INV,br_AdmissionAssessmentDimensionThree,TASK_COMPLETE,SUCCESS,INFO,367,367,0,,2026-08-26T06:54:31.515Z,2026-08-26T08:57:15.847Z,7364,2026-08-26T08:57:15.847Z,TEX,Texarkana,912d32aa-0b7f-4999-bf60-6670fe5985ea,SAMMS-Texarkana
202608260854400144,202608260654256871,202608260654255519,85,1295,Bronze INV,br_AdmissionAssessmentDimensionThree,TASK_COMPLETE,SUCCESS,INFO,425,425,0,,2026-08-26T06:54:31.515Z,2026-08-26T08:57:15.847Z,7364,2026-08-26T08:57:15.847Z,TTCA,Bessemer,912d32aa-0b7f-4999-bf60-6670fe5985ea,SAMMS-BessemerV5
202608260854400145,202608260654256872,202608260654255519,85,1296,Bronze INV,br_AdmissionAssessmentDimensionThree,TASK_COMPLETE,SUCCESS,INFO,550,550,0,,2026-08-26T06:54:31.515Z,2026-08-26T08:57:15.847Z,7364,2026-08-26T08:57:15.847Z,TTCB,Cullman,912d32aa-0b7f-4999-bf60-6670fe5985ea,SAMMS-CullmanV5
202608260854400147,202608260654256873,202608260654255519,85,1297,Bronze INV,br_AdmissionAssessmentDimensionThree,TASK_COMPLETE,SUCCESS,INFO,303,303,0,,2026-08-26T06:54:31.515Z,2026-08-26T08:57:15.847Z,7364,2026-08-26T08:57:15.847Z,TTCC,Grand Bay,912d32aa-0b7f-4999-bf60-6670fe5985ea,SAMMS-GrandBay
202608260854400148,202608260654256874,202608260654255519,85,1298,Bronze INV,br_AdmissionAssessmentDimensionThree,TASK_COMPLETE,SUCCESS,INFO,22,22,0,,2026-08-26T06:54:31.515Z,2026-08-26T08:57:15.847Z,7364,2026-08-26T08:57:15.847Z,TU,Tucson,912d32aa-0b7f-4999-bf60-6670fe5985ea,SAMMS-Tucson
202608260854400149,202608260654256875,202608260654255519,85,1300,Bronze INV,br_AdmissionAssessmentDimensionThree,TASK_COMPLETE,SUCCESS,INFO,251,251,0,,2026-08-26T06:54:31.515Z,2026-08-26T08:57:15.847Z,7364,2026-08-26T08:57:15.847Z,V1,Memphis South,912d32aa-0b7f-4999-bf60-6670fe5985ea,SAMMS-VCPHCS-I-MemphisV5
202608260854400151,202608260654256876,202608260654255519,85,1301,Bronze INV,br_AdmissionAssessmentDimensionThree,TASK_COMPLETE,SUCCESS,INFO,691,691,0,,2026-08-26T06:54:31.515Z,2026-08-26T08:57:15.847Z,7364,2026-08-26T08:57:15.847Z,V10,Longmont,912d32aa-0b7f-4999-bf60-6670fe5985ea,SAMMS-BoulderV5
202608260854400152,202608260654256877,202608260654255519,85,1302,Bronze INV,br_AdmissionAssessmentDimensionThree,TASK_COMPLETE,SUCCESS,INFO,1193,1193,0,,2026-08-26T06:54:31.515Z,2026-08-26T08:57:15.847Z,7364,2026-08-26T08:57:15.847Z,V10A,Fort Collins,912d32aa-0b7f-4999-bf60-6670fe5985ea,SAMMS-FortCollinsV5
202608260854400153,202608260654256878,202608260654255519,85,1303,Bronze INV,br_AdmissionAssessmentDimensionThree,TASK_COMPLETE,SUCCESS,INFO,990,990,0,,2026-08-26T06:54:31.515Z,2026-08-26T08:57:15.847Z,7364,2026-08-26T08:57:15.847Z,V11,Westminster,912d32aa-0b7f-4999-bf60-6670fe5985ea,SAMMS-VCPHCS-XI-NorthDenverV5
202608260854400154,202608260654256879,202608260654255519,85,1304,Bronze INV,br_AdmissionAssessmentDimensionThree,TASK_COMPLETE,SUCCESS,INFO,1061,1061,0,,2026-08-26T06:54:31.515Z,2026-08-26T08:57:15.847Z,7364,2026-08-26T08:57:15.847Z,V12,Downtown Denver,912d32aa-0b7f-4999-bf60-6670fe5985ea,SAMMS-VCPHCS-XII-DowntownDenverV5
202608260854400156,202608260654256880,202608260654255519,85,1305,Bronze INV,br_AdmissionAssessmentDimensionThree,TASK_COMPLETE,SUCCESS,INFO,474,474,0,,2026-08-26T06:54:31.515Z,2026-08-26T08:57:15.847Z,7364,2026-08-26T08:57:15.847Z,V12A,Centennial,912d32aa-0b7f-4999-bf60-6670fe5985ea,SAMMS-CentennialV5
202608260854400157,202608260654256881,202608260654255519,85,1306,Bronze INV,br_AdmissionAssessmentDimensionThree,TASK_COMPLETE,SUCCESS,INFO,292,292,0,,2026-08-26T06:54:31.515Z,2026-08-26T08:57:15.847Z,7364,2026-08-26T08:57:15.847Z,V14,Overland Park,912d32aa-0b7f-4999-bf60-6670fe5985ea,SAMMS-VCPHCS-XIV-BridgewayV5
202608260854400158,202608260654256882,202608260654255519,85,1307,Bronze INV,br_AdmissionAssessmentDimensionThree,TASK_COMPLETE,SUCCESS,INFO,569,569,0,,2026-08-26T06:54:31.515Z,2026-08-26T08:57:15.847Z,7364,2026-08-26T08:57:15.847Z,V15,Joplin,912d32aa-0b7f-4999-bf60-6670fe5985ea,SAMMS-JoplinV5
202608260854400159,202608260654256883,202608260654255519,85,1309,Bronze INV,br_AdmissionAssessmentDimensionThree,TASK_COMPLETE,SUCCESS,INFO,470,470,0,,2026-08-26T06:54:31.515Z,2026-08-26T08:57:15.847Z,7364,2026-08-26T08:57:15.847Z,V17,Columbia TN,912d32aa-0b7f-4999-bf60-6670fe5985ea,SAMMS-ColumbiaTNv5
202608260854399803,202608260654256658,202608260654255519,85,951,Bronze INV,br_AdmissionAssessmentDimensionOneDisorder,TASK_COMPLETE,SUCCESS,INFO,262,262,0,,2026-08-26T06:54:31.515Z,2026-08-26T08:57:15.847Z,7364,2026-08-26T08:57:15.847Z,V5B,Houma,912d32aa-0b7f-4999-bf60-6670fe5985ea,SAMMS-HoumaV6
202608260854399804,202608260654256659,202608260654255519,85,952,Bronze INV,br_AdmissionAssessmentDimensionOneDisorder,TASK_COMPLETE,SUCCESS,INFO,982,982,0,,2026-08-26T06:54:31.515Z,2026-08-26T08:57:15.847Z,7364,2026-08-26T08:57:15.847Z,V6,Lake Charles,912d32aa-0b7f-4999-bf60-6670fe5985ea,SAMMS-LCv5
202608260854399805,202608260654256660,202608260654255519,85,954,Bronze INV,br_AdmissionAssessmentDimensionOneDisorder,TASK_COMPLETE,SUCCESS,INFO,580,580,0,,2026-08-26T06:54:31.515Z,2026-08-26T08:57:15.847Z,7364,2026-08-26T08:57:15.847Z,V8,Memphis Midtown,912d32aa-0b7f-4999-bf60-6670fe5985ea,SAMMS-VCPHCS-VIII-MemphisV5
202608260854399806,202608260654256661,202608260654255519,85,955,Bronze INV,br_AdmissionAssessmentDimensionOneDisorder,TASK_COMPLETE,SUCCESS,INFO,1625,1625,0,,2026-08-26T06:54:31.515Z,2026-08-26T08:57:15.847Z,7364,2026-08-26T08:57:15.847Z,V9,Nashville,912d32aa-0b7f-4999-bf60-6670fe5985ea,SAMMS-NashvilleV5
202608260854399807,202608260654256662,202608260654255519,85,956,Bronze INV,br_AdmissionAssessmentDimensionOneDisorder,TASK_COMPLETE,SUCCESS,INFO,349,349,0,,2026-08-26T06:54:31.515Z,2026-08-26T08:57:15.847Z,7364,2026-08-26T08:57:15.847Z,VBRA,Brainerd,912d32aa-0b7f-4999-bf60-6670fe5985ea,SAMMS-BrainerdV6
202608260854399809,202608260654256663,202608260654255519,85,957,Bronze INV,br_AdmissionAssessmentDimensionOneDisorder,TASK_COMPLETE,SUCCESS,INFO,615,615,0,,2026-08-26T06:54:31.515Z,2026-08-26T08:57:15.847Z,7364,2026-08-26T08:57:15.847Z,VBRP,Brooklyn Park,912d32aa-0b7f-4999-bf60-6670fe5985ea,SAMMS-BrooklynParkV6
202608260854399810,202608260654256664,202608260654255519,85,959,Bronze INV,br_AdmissionAssessmentDimensionOneDisorder,TASK_COMPLETE,SUCCESS,INFO,585,585,0,,2026-08-26T06:54:31.515Z,2026-08-26T08:57:15.847Z,7364,2026-08-26T08:57:15.847Z,VMIN,Minneapolis,912d32aa-0b7f-4999-bf60-6670fe5985ea,SAMMS-MinneapolisV6
202608260854399811,202608260654256665,202608260654255519,85,960,Bronze INV,br_AdmissionAssessmentDimensionOneDisorder,TASK_COMPLETE,SUCCESS,INFO,1131,1131,0,,2026-08-26T06:54:31.515Z,2026-08-26T08:57:15.847Z,7364,2026-08-26T08:57:15.847Z,VWBY,Woodbury,912d32aa-0b7f-4999-bf60-6670fe5985ea,SAMMS-WoodburyV6
202608260854399812,202608260654256666,202608260654255519,85,962,Bronze INV,br_AdmissionAssessmentDimensionOneDisorder,TASK_COMPLETE,SUCCESS,INFO,437,437,0,,2026-08-26T06:54:31.515Z,2026-08-26T08:57:15.847Z,7364,2026-08-26T08:57:15.847Z,WIL,Wilson,912d32aa-0b7f-4999-bf60-6670fe5985ea,SAMMS-Wilson
202608260854399913,202608260654355521,202608260654355519,86,5721,Silver INV,sl_AdmissionAssessmentDimensionOneDisorder,TASK_COMPLETE,SUCCESS,INFO,53316,53316,0,,2026-08-26T06:54:31.515Z,2026-08-26T08:57:15.847Z,7364,2026-08-26T08:57:15.847Z,,,912d32aa-0b7f-4999-bf60-6670fe5985ea,
202608260854399841,202608260654257127,202608260654255519,85,966,Bronze INV,br_AdmissionAssessmentDimensionSix,TASK_COMPLETE,SUCCESS,INFO,98,98,0,,2026-08-26T06:54:31.515Z,2026-08-26T08:57:15.847Z,7364,2026-08-26T08:57:15.847Z,AHK,Ahoskie,912d32aa-0b7f-4999-bf60-6670fe5985ea,SAMMS-Ahoskie
202608260854399842,202608260654257128,202608260654255519,85,967,Bronze INV,br_AdmissionAssessmentDimensionSix,TASK_COMPLETE,SUCCESS,INFO,788,788,0,,2026-08-26T06:54:31.515Z,2026-08-26T08:57:15.847Z,7364,2026-08-26T08:57:15.847Z,B12B,Colorado Springs,912d32aa-0b7f-4999-bf60-6670fe5985ea,SAMMS-ColoradoSpringsV5
202608260854399844,202608260654257129,202608260654255519,85,968,Bronze INV,br_AdmissionAssessmentDimensionSix,TASK_COMPLETE,SUCCESS,INFO,415,415,0,,2026-08-26T06:54:31.515Z,2026-08-26T08:57:15.847Z,7364,2026-08-26T08:57:15.847Z,B24,Paintsville,912d32aa-0b7f-4999-bf60-6670fe5985ea,SAMMS-PaintsvilleV5
202608260854399845,202608260654257130,202608260654255519,85,969,Bronze INV,br_AdmissionAssessmentDimensionSix,TASK_COMPLETE,SUCCESS,INFO,171,171,0,,2026-08-26T06:54:31.515Z,2026-08-26T08:57:15.847Z,7364,2026-08-26T08:57:15.847Z,B25,Pikeville,912d32aa-0b7f-4999-bf60-6670fe5985ea,SAMMS-PikevilleV5
202608260854399847,202608260654257131,202608260654255519,85,970,Bronze INV,br_AdmissionAssessmentDimensionSix,TASK_COMPLETE,SUCCESS,INFO,493,493,0,,2026-08-26T06:54:31.515Z,2026-08-26T08:57:15.847Z,7364,2026-08-26T08:57:15.847Z,B26,Hazard,912d32aa-0b7f-4999-bf60-6670fe5985ea,SAMMS-HazardV5
202608260854399848,202608260654257132,202608260654255519,85,971,Bronze INV,br_AdmissionAssessmentDimensionSix,TASK_COMPLETE,SUCCESS,INFO,190,190,0,,2026-08-26T06:54:31.515Z,2026-08-26T08:57:15.847Z,7364,2026-08-26T08:57:15.847Z,B27,Savannah,912d32aa-0b7f-4999-bf60-6670fe5985ea,SAMMS-SavannahV6
202608260854399849,202608260654257133,202608260654255519,85,972,Bronze INV,br_AdmissionAssessmentDimensionSix,TASK_COMPLETE,SUCCESS,INFO,236,236,0,,2026-08-26T06:54:31.515Z,2026-08-26T08:57:15.847Z,7364,2026-08-26T08:57:15.847Z,B28,West Plains,912d32aa-0b7f-4999-bf60-6670fe5985ea,SAMMS-WestPlainesV5
202608260854399851,202608260654257134,202608260654255519,85,973,Bronze INV,br_AdmissionAssessmentDimensionSix,TASK_COMPLETE,SUCCESS,INFO,259,259,0,,2026-08-26T06:54:31.515Z,2026-08-26T08:57:15.847Z,7364,2026-08-26T08:57:15.847Z,B29,Poplar Bluff,912d32aa-0b7f-4999-bf60-6670fe5985ea,SAMMS-PoplarBluffV5
202608260854399852,202608260654257135,202608260654255519,85,974,Bronze INV,br_AdmissionAssessmentDimensionSix,TASK_COMPLETE,SUCCESS,INFO,139,139,0,,2026-08-26T06:54:31.515Z,2026-08-26T08:57:15.847Z,7364,2026-08-26T08:57:15.847Z,B30,KC North,912d32aa-0b7f-4999-bf60-6670fe5985ea,SAMMS-KCNv5
202608260854399853,202608260654257136,202608260654255519,85,975,Bronze INV,br_AdmissionAssessmentDimensionSix,TASK_COMPLETE,SUCCESS,INFO,336,336,0,,2026-08-26T06:54:31.515Z,2026-08-26T08:57:15.847Z,7364,2026-08-26T08:57:15.847Z,B31,Dyersburg,912d32aa-0b7f-4999-bf60-6670fe5985ea,SAMMS-DyersburgV5
202608260854399854,202608260654257137,202608260654255519,85,977,Bronze INV,br_AdmissionAssessmentDimensionSix,TASK_COMPLETE,SUCCESS,INFO,213,213,0,,2026-08-26T06:54:31.515Z,2026-08-26T08:57:15.847Z,7364,2026-08-26T08:57:15.847Z,B33,Paducah,912d32aa-0b7f-4999-bf60-6670fe5985ea,SAMMS-Paducah
202608260854399856,202608260654257138,202608260654255519,85,978,Bronze INV,br_AdmissionAssessmentDimensionSix,TASK_COMPLETE,SUCCESS,INFO,443,443,0,,2026-08-26T06:54:31.515Z,2026-08-26T08:57:15.847Z,7364,2026-08-26T08:57:15.847Z,B34,Corbin,912d32aa-0b7f-4999-bf60-6670fe5985ea,SAMMS-CorbinV5
202608260854399857,202608260654257139,202608260654255519,85,979,Bronze INV,br_AdmissionAssessmentDimensionSix,TASK_COMPLETE,SUCCESS,INFO,712,712,0,,2026-08-26T06:54:31.515Z,2026-08-26T08:57:15.847Z,7364,2026-08-26T08:57:15.847Z,B35,Lexington,912d32aa-0b7f-4999-bf60-6670fe5985ea,SAMMS-LexingtonV5
202608260854399858,202608260654257140,202608260654255519,85,980,Bronze INV,br_AdmissionAssessmentDimensionSix,TASK_COMPLETE,SUCCESS,INFO,346,346,0,,2026-08-26T06:54:31.515Z,2026-08-26T08:57:15.847Z,7364,2026-08-26T08:57:15.847Z,B35A,Berea,912d32aa-0b7f-4999-bf60-6670fe5985ea,SAMMS-BereaV5
202608260854399860,202608260654257141,202608260654255519,85,981,Bronze INV,br_AdmissionAssessmentDimensionSix,TASK_COMPLETE,SUCCESS,INFO,603,603,0,,2026-08-26T06:54:31.515Z,2026-08-26T08:57:15.847Z,7364,2026-08-26T08:57:15.847Z,B36,Asheville,912d32aa-0b7f-4999-bf60-6670fe5985ea,SAMMS-AshevilleV5
202608260854399861,202608260654257142,202608260654255519,85,982,Bronze INV,br_AdmissionAssessmentDimensionSix,TASK_COMPLETE,SUCCESS,INFO,446,446,0,,2026-08-26T06:54:31.515Z,2026-08-26T08:57:15.847Z,7364,2026-08-26T08:57:15.847Z,B37,Clyde,912d32aa-0b7f-4999-bf60-6670fe5985ea,SAMMS-ClydeV5
202608260854399862,202608260654257143,202608260654255519,85,983,Bronze INV,br_AdmissionAssessmentDimensionSix,TASK_COMPLETE,SUCCESS,INFO,629,629,0,,2026-08-26T06:54:31.515Z,2026-08-26T08:57:15.847Z,7364,2026-08-26T08:57:15.847Z,B38,Spartanburg,912d32aa-0b7f-4999-bf60-6670fe5985ea,SAMMS-SpartanburgV5
202608260854399864,202608260654257144,202608260654255519,85,984,Bronze INV,br_AdmissionAssessmentDimensionSix,TASK_COMPLETE,SUCCESS,INFO,471,471,0,,2026-08-26T06:54:31.515Z,2026-08-26T08:57:15.847Z,7364,2026-08-26T08:57:15.847Z,B39,Aiken,912d32aa-0b7f-4999-bf60-6670fe5985ea,SAMMS-AikenV5
202608260854399865,202608260654257145,202608260654255519,85,985,Bronze INV,br_AdmissionAssessmentDimensionSix,TASK_COMPLETE,SUCCESS,INFO,289,289,0,,2026-08-26T06:54:31.515Z,2026-08-26T08:57:15.847Z,7364,2026-08-26T08:57:15.847Z,B41,Chesapeake,912d32aa-0b7f-4999-bf60-6670fe5985ea,SAMMS-ChesapeakeV5
202608260854399866,202608260654257146,202608260654255519,85,986,Bronze INV,br_AdmissionAssessmentDimensionSix,TASK_COMPLETE,SUCCESS,INFO,531,531,0,,2026-08-26T06:54:31.515Z,2026-08-26T08:57:15.847Z,7364,2026-08-26T08:57:15.847Z,B42,Virginia Beach,912d32aa-0b7f-4999-bf60-6670fe5985ea,SAMMS-VirginiaBeachV5
202608260854399868,202608260654257147,202608260654255519,85,987,Bronze INV,br_AdmissionAssessmentDimensionSix,TASK_COMPLETE,SUCCESS,INFO,162,162,0,,2026-08-26T06:54:31.515Z,2026-08-26T08:57:15.847Z,7364,2026-08-26T08:57:15.847Z,B42A,Newport News,912d32aa-0b7f-4999-bf60-6670fe5985ea,SAMMS-NewportNewsV5
202608260854399869,202608260654257148,202608260654255519,85,988,Bronze INV,br_AdmissionAssessmentDimensionSix,TASK_COMPLETE,SUCCESS,INFO,54,54,0,,2026-08-26T06:54:31.515Z,2026-08-26T08:57:15.847Z,7364,2026-08-26T08:57:15.847Z,B42B,Franklin,912d32aa-0b7f-4999-bf60-6670fe5985ea,SAMMS-FranklinV5
202608260854399870,202608260654257149,202608260654255519,85,989,Bronze INV,br_AdmissionAssessmentDimensionSix,TASK_COMPLETE,SUCCESS,INFO,334,334,0,,2026-08-26T06:54:31.515Z,2026-08-26T08:57:15.847Z,7364,2026-08-26T08:57:15.847Z,B42C,Glen Allen,912d32aa-0b7f-4999-bf60-6670fe5985ea,SAMMS-GlenAllenV5
202608260854399872,202608260654257150,202608260654255519,85,990,Bronze INV,br_AdmissionAssessmentDimensionSix,TASK_COMPLETE,SUCCESS,INFO,168,168,0,,2026-08-26T06:54:31.515Z,2026-08-26T08:57:15.847Z,7364,2026-08-26T08:57:15.847Z,B42D,Chesapeake South,912d32aa-0b7f-4999-bf60-6670fe5985ea,SAMMS-ChesapeakeSouthV5
202608260854399873,202608260654257151,202608260654255519,85,991,Bronze INV,br_AdmissionAssessmentDimensionSix,TASK_COMPLETE,SUCCESS,INFO,206,206,0,,2026-08-26T06:54:31.515Z,2026-08-26T08:57:15.847Z,7364,2026-08-26T08:57:15.847Z,B44,Albany,912d32aa-0b7f-4999-bf60-6670fe5985ea,SAMMS-AlbanyV5
202608260854399874,202608260654257152,202608260654255519,85,992,Bronze INV,br_AdmissionAssessmentDimensionSix,TASK_COMPLETE,SUCCESS,INFO,306,306,0,,2026-08-26T06:54:31.515Z,2026-08-26T08:57:15.847Z,7364,2026-08-26T08:57:15.847Z,B45,Tifton,912d32aa-0b7f-4999-bf60-6670fe5985ea,SAMMS-TiftonV5
202608260854399875,202608260654257153,202608260654255519,85,993,Bronze INV,br_AdmissionAssessmentDimensionSix,TASK_COMPLETE,SUCCESS,INFO,661,661,0,,2026-08-26T06:54:31.515Z,2026-08-26T08:57:15.847Z,7364,2026-08-26T08:57:15.847Z,B46,Washington DC,912d32aa-0b7f-4999-bf60-6670fe5985ea,SAMMS-WashingtonDCv5
202608260854399877,202608260654257154,202608260654255519,85,994,Bronze INV,br_AdmissionAssessmentDimensionSix,TASK_COMPLETE,SUCCESS,INFO,345,345,0,,2026-08-26T06:54:31.515Z,2026-08-26T08:57:15.847Z,7364,2026-08-26T08:57:15.847Z,B47,Mobile,912d32aa-0b7f-4999-bf60-6670fe5985ea,SAMMS-MobileV5
202608200219257979,202608200029237528,202608200029237018,85,2345,Bronze INV,br_LabResult,TASK_COMPLETE,FAILED,ERROR,2652,2652,1,SaveLABResults Bronze ForEach failed,2026-08-20T00:29:28.539Z,2026-08-20T02:40:07.937Z,7839,2026-08-20T02:40:07.937Z,DM,Des Moines,2e0eb052-bb28-45b1-894f-8dc0851c56cc,SAMMS-DesMoines
202608200219257980,202608200029237529,202608200029237018,85,2347,Bronze INV,br_LabResult,TASK_COMPLETE,FAILED,ERROR,3024,3024,1,SaveLABResults Bronze ForEach failed,2026-08-20T00:29:28.539Z,2026-08-20T02:40:07.937Z,7839,2026-08-20T02:40:07.937Z,DRD-CO,Columbia MO,2e0eb052-bb28-45b1-894f-8dc0851c56cc,SAMMS-ColumbiaV5
202608200219257981,202608200029237530,202608200029237018,85,2348,Bronze INV,br_LabResult,TASK_COMPLETE,FAILED,ERROR,3292,3292,1,SaveLABResults Bronze ForEach failed,2026-08-20T00:29:28.539Z,2026-08-20T02:40:07.937Z,7839,2026-08-20T02:40:07.937Z,DRD-KC,KC,2e0eb052-bb28-45b1-894f-8dc0851c56cc,SAMMS-KCv5
202608200219257982,202608200029237531,202608200029237018,85,2349,Bronze INV,br_LabResult,TASK_COMPLETE,FAILED,ERROR,19358,19358,1,SaveLABResults Bronze ForEach failed,2026-08-20T00:29:28.539Z,2026-08-20T02:40:07.937Z,7839,2026-08-20T02:40:07.937Z,DRD-KVB,KVB,2e0eb052-bb28-45b1-894f-8dc0851c56cc,SAMMS-KVBv5
202608200219257983,202608200029237532,202608200029237018,85,2350,Bronze INV,br_LabResult,TASK_COMPLETE,FAILED,ERROR,23661,23661,1,SaveLABResults Bronze ForEach failed,2026-08-20T00:29:28.539Z,2026-08-20T02:40:07.937Z,7839,2026-08-20T02:40:07.937Z,DRD-KVC,KVC,2e0eb052-bb28-45b1-894f-8dc0851c56cc,SAMMS-KVCv5
202608200219257984,202608200029237533,202608200029237018,85,2351,Bronze INV,br_LabResult,TASK_COMPLETE,FAILED,ERROR,6445,6445,1,SaveLABResults Bronze ForEach failed,2026-08-20T00:29:28.539Z,2026-08-20T02:40:07.937Z,7839,2026-08-20T02:40:07.937Z,DRD-NOLA,NOLA,2e0eb052-bb28-45b1-894f-8dc0851c56cc,SAMMS-NOLAv5
202608200219257986,202608200029237534,202608200029237018,85,2352,Bronze INV,br_LabResult,TASK_COMPLETE,FAILED,ERROR,5673,5673,1,SaveLABResults Bronze ForEach failed,2026-08-20T00:29:28.539Z,2026-08-20T02:40:07.937Z,7839,2026-08-20T02:40:07.937Z,DRD-SF,Springfield,2e0eb052-bb28-45b1-894f-8dc0851c56cc,SAMMS-SFv5
202608200219257987,202608200029237535,202608200029237018,85,2354,Bronze INV,br_LabResult,TASK_COMPLETE,FAILED,ERROR,9544,9544,1,SaveLABResults Bronze ForEach failed,2026-08-20T00:29:28.539Z,2026-08-20T02:40:07.937Z,7839,2026-08-20T02:40:07.937Z,ELC,Elizabeth City,2e0eb052-bb28-45b1-894f-8dc0851c56cc,SAMMS-ElizabethCity
202608200219257988,202608200029237536,202608200029237018,85,2355,Bronze INV,br_LabResult,TASK_COMPLETE,FAILED,ERROR,2231,2231,1,SaveLABResults Bronze ForEach failed,2026-08-20T00:29:28.539Z,2026-08-20T02:40:07.937Z,7839,2026-08-20T02:40:07.937Z,ET,Elizabethtown,2e0eb052-bb28-45b1-894f-8dc0851c56cc,SAMMS-Elizabethtown
202608200219257989,202608200029237537,202608200029237018,85,2356,Bronze INV,br_LabResult,TASK_COMPLETE,FAILED,ERROR,1,1,1,SaveLABResults Bronze ForEach failed,2026-08-20T00:29:28.539Z,2026-08-20T02:40:07.937Z,7839,2026-08-20T02:40:07.937Z,FAY,Fayetteville,2e0eb052-bb28-45b1-894f-8dc0851c56cc,SAMMS-Fayetteville
202608200219257990,202608200029237538,202608200029237018,85,2357,Bronze INV,br_LabResult,TASK_COMPLETE,FAILED,ERROR,5345,5345,1,SaveLABResults Bronze ForEach failed,2026-08-20T00:29:28.539Z,2026-08-20T02:40:07.937Z,7839,2026-08-20T02:40:07.937Z,FR,Frankfort,2e0eb052-bb28-45b1-894f-8dc0851c56cc,SAMMS-Frankfort
202608200219257991,202608200029237539,202608200029237018,85,2358,Bronze INV,br_LabResult,TASK_COMPLETE,FAILED,ERROR,2,2,1,SaveLABResults Bronze ForEach failed,2026-08-20T00:29:28.539Z,2026-08-20T02:40:07.937Z,7839,2026-08-20T02:40:07.937Z,FS,Fort Smith,2e0eb052-bb28-45b1-894f-8dc0851c56cc,SAMMS-FortSmith
202608200219257993,202608200029237540,202608200029237018,85,2359,Bronze INV,br_LabResult,TASK_COMPLETE,FAILED,ERROR,9150,9150,1,SaveLABResults Bronze ForEach failed,2026-08-20T00:29:28.539Z,2026-08-20T02:40:07.937Z,7839,2026-08-20T02:40:07.937Z,FW,Fort Wayne,2e0eb052-bb28-45b1-894f-8dc0851c56cc,SAMMS-FortWayne
202608200219257994,202608200029237541,202608200029237018,85,2360,Bronze INV,br_LabResult,TASK_COMPLETE,FAILED,ERROR,2,2,1,SaveLABResults Bronze ForEach failed,2026-08-20T00:29:28.539Z,2026-08-20T02:40:07.937Z,7839,2026-08-20T02:40:07.937Z,GAL,Gaylord,2e0eb052-bb28-45b1-894f-8dc0851c56cc,SAMMS-Gaylord
202608200219257995,202608200029237542,202608200029237018,85,2364,Bronze INV,br_LabResult,TASK_COMPLETE,FAILED,ERROR,4642,4642,1,SaveLABResults Bronze ForEach failed,2026-08-20T00:29:28.539Z,2026-08-20T02:40:07.937Z,7839,2026-08-20T02:40:07.937Z,HGT,Hagerstown,2e0eb052-bb28-45b1-894f-8dc0851c56cc,SAMMS-Hagerstown
202608200219257996,202608200029237543,202608200029237018,85,2365,Bronze INV,br_LabResult,TASK_COMPLETE,FAILED,ERROR,645,645,1,SaveLABResults Bronze ForEach failed,2026-08-20T00:29:28.539Z,2026-08-20T02:40:07.937Z,7839,2026-08-20T02:40:07.937Z,HNT,Huntsville,2e0eb052-bb28-45b1-894f-8dc0851c56cc,SAMMS-Huntsville
202608200219257997,202608200029237544,202608200029237018,85,2366,Bronze INV,br_LabResult,TASK_COMPLETE,FAILED,ERROR,1,1,1,SaveLABResults Bronze ForEach failed,2026-08-20T00:29:28.539Z,2026-08-20T02:40:07.937Z,7839,2026-08-20T02:40:07.937Z,HS,Hot Springs,2e0eb052-bb28-45b1-894f-8dc0851c56cc,SAMMS-HotSprings
202608200219257998,202608200029237545,202608200029237018,85,2367,Bronze INV,br_LabResult,TASK_COMPLETE,FAILED,ERROR,2,2,1,SaveLABResults Bronze ForEach failed,2026-08-20T00:29:28.539Z,2026-08-20T02:40:07.937Z,7839,2026-08-20T02:40:07.937Z,JON,Jonesboro,2e0eb052-bb28-45b1-894f-8dc0851c56cc,SAMMS-Jonesboro
202608200219257999,202608200029237546,202608200029237018,85,2369,Bronze INV,br_LabResult,TASK_COMPLETE,FAILED,ERROR,3,3,1,SaveLABResults Bronze ForEach failed,2026-08-20T00:29:28.539Z,2026-08-20T02:40:07.937Z,7839,2026-08-20T02:40:07.937Z,LAN,Lansing,2e0eb052-bb28-45b1-894f-8dc0851c56cc,SAMMS-Lansing
202608200219258000,202608200029237547,202608200029237018,85,2370,Bronze INV,br_LabResult,TASK_COMPLETE,FAILED,ERROR,27823,27823,1,SaveLABResults Bronze ForEach failed,2026-08-20T00:29:28.539Z,2026-08-20T02:40:07.937Z,7839,2026-08-20T02:40:07.937Z,LO,Louisville,2e0eb052-bb28-45b1-894f-8dc0851c56cc,SAMMS-Louisville
202608200219258001,202608200029237548,202608200029237018,85,2371,Bronze INV,br_LabResult,TASK_COMPLETE,FAILED,ERROR,6517,6517,1,SaveLABResults Bronze ForEach failed,2026-08-20T00:29:28.539Z,2026-08-20T02:40:07.937Z,7839,2026-08-20T02:40:07.937Z,LV1,Cheyenne,2e0eb052-bb28-45b1-894f-8dc0851c56cc,SAMMS-Cheyenne
202608200219258002,202608200029237549,202608200029237018,85,2372,Bronze INV,br_LabResult,TASK_COMPLETE,FAILED,ERROR,9268,9268,1,SaveLABResults Bronze ForEach failed,2026-08-20T00:29:28.539Z,2026-08-20T02:40:07.937Z,7839,2026-08-20T02:40:07.937Z,LV2,Desert Inn,2e0eb052-bb28-45b1-894f-8dc0851c56cc,SAMMS-DesertInn
202608200219258004,202608200029237550,202608200029237018,85,2373,Bronze INV,br_LabResult,TASK_COMPLETE,FAILED,ERROR,1876,1876,1,SaveLABResults Bronze ForEach failed,2026-08-20T00:29:28.539Z,2026-08-20T02:40:07.937Z,7839,2026-08-20T02:40:07.937Z,LV3,McDaniel,2e0eb052-bb28-45b1-894f-8dc0851c56cc,SAMMS-McDaniel
202608200219258005,202608200029237551,202608200029237018,85,2376,Bronze INV,br_LabResult,TASK_COMPLETE,FAILED,ERROR,2,2,1,SaveLABResults Bronze ForEach failed,2026-08-20T00:29:28.539Z,2026-08-20T02:40:07.937Z,7839,2026-08-20T02:40:07.937Z,MNRE,Monroe,2e0eb052-bb28-45b1-894f-8dc0851c56cc,SAMMS-Monroe
202608200219258006,202608200029237552,202608200029237018,85,2377,Bronze INV,br_LabResult,TASK_COMPLETE,FAILED,ERROR,1,1,1,SaveLABResults Bronze ForEach failed,2026-08-20T00:29:28.539Z,2026-08-20T02:40:07.937Z,7839,2026-08-20T02:40:07.937Z,MP,Mt. Pleasant,2e0eb052-bb28-45b1-894f-8dc0851c56cc,SAMMS-MtPleasant
202608200219258007,202608200029237553,202608200029237018,85,2378,Bronze INV,br_LabResult,TASK_COMPLETE,FAILED,ERROR,253,253,1,SaveLABResults Bronze ForEach failed,2026-08-20T00:29:28.539Z,2026-08-20T02:40:07.937Z,7839,2026-08-20T02:40:07.937Z,MRD,Meridian,2e0eb052-bb28-45b1-894f-8dc0851c56cc,SAMMS-Meridian
202608200219258008,202608200029237554,202608200029237018,85,2383,Bronze INV,br_LabResult,TASK_COMPLETE,FAILED,ERROR,7508,7508,1,SaveLABResults Bronze ForEach failed,2026-08-20T00:29:28.539Z,2026-08-20T02:40:07.937Z,7839,2026-08-20T02:40:07.937Z,NC,North Charleston,2e0eb052-bb28-45b1-894f-8dc0851c56cc,SAMMS-NorthCharleston
202608200219258009,202608200029237555,202608200029237018,85,2384,Bronze INV,br_LabResult,TASK_COMPLETE,FAILED,ERROR,2,2,1,SaveLABResults Bronze ForEach failed,2026-08-20T00:29:28.539Z,2026-08-20T02:40:07.937Z,7839,2026-08-20T02:40:07.937Z,NLR,N. Little Rock,2e0eb052-bb28-45b1-894f-8dc0851c56cc,SAMMS-NLROBOT
202608200219258010,202608200029237556,202608200029237018,85,2385,Bronze INV,br_LabResult,TASK_COMPLETE,FAILED,ERROR,1914,1914,1,SaveLABResults Bronze ForEach failed,2026-08-20T00:29:28.539Z,2026-08-20T02:40:07.937Z,7839,2026-08-20T02:40:07.937Z,PH,Phoenix,2e0eb052-bb28-45b1-894f-8dc0851c56cc,SAMMS-Phoenix
202608200219258011,202608200029237557,202608200029237018,85,2389,Bronze INV,br_LabResult,TASK_COMPLETE,FAILED,ERROR,18872,18872,1,SaveLABResults Bronze ForEach failed,2026-08-20T00:29:28.539Z,2026-08-20T02:40:07.937Z,7839,2026-08-20T02:40:07.937Z,RE,Reno,2e0eb052-bb28-45b1-894f-8dc0851c56cc,SAMMS-Reno
202608200219258012,202608200029237558,202608200029237018,85,2390,Bronze INV,br_LabResult,TASK_COMPLETE,FAILED,ERROR,1995,1995,1,SaveLABResults Bronze ForEach failed,2026-08-20T00:29:28.539Z,2026-08-20T02:40:07.937Z,7839,2026-08-20T02:40:07.937Z,RMD,Richmond,2e0eb052-bb28-45b1-894f-8dc0851c56cc,SAMMS-Richmond
202608200219258014,202608200029237559,202608200029237018,85,2391,Bronze INV,br_LabResult,TASK_COMPLETE,FAILED,ERROR,3664,3664,1,SaveLABResults Bronze ForEach failed,2026-08-20T00:29:28.539Z,2026-08-20T02:40:07.937Z,7839,2026-08-20T02:40:07.937Z,SFN,Springfield North,2e0eb052-bb28-45b1-894f-8dc0851c56cc,SAMMS-SFNv5
202608200219258015,202608200029237560,202608200029237018,85,2392,Bronze INV,br_LabResult,TASK_COMPLETE,FAILED,ERROR,156,156,1,SaveLABResults Bronze ForEach failed,2026-08-20T00:29:28.539Z,2026-08-20T02:40:07.937Z,7839,2026-08-20T02:40:07.937Z,SHP,Shreveport,2e0eb052-bb28-45b1-894f-8dc0851c56cc,SAMMS-Shreveport
202608200219258016,202608200029237561,202608200029237018,85,2394,Bronze INV,br_LabResult,TASK_COMPLETE,FAILED,ERROR,4,4,1,SaveLABResults Bronze ForEach failed,2026-08-20T00:29:28.539Z,2026-08-20T02:40:07.937Z,7839,2026-08-20T02:40:07.937Z,STN,Staunton,2e0eb052-bb28-45b1-894f-8dc0851c56cc,SAMMS-Staunton
202608200219258017,202608200029237562,202608200029237018,85,2395,Bronze INV,br_LabResult,TASK_COMPLETE,FAILED,ERROR,241,241,1,SaveLABResults Bronze ForEach failed,2026-08-20T00:29:28.539Z,2026-08-20T02:40:07.937Z,7839,2026-08-20T02:40:07.937Z,STVN,Stevenson,2e0eb052-bb28-45b1-894f-8dc0851c56cc,SAMMS-Stevenson
202608200219258018,202608200029237563,202608200029237018,85,2397,Bronze INV,br_LabResult,TASK_COMPLETE,FAILED,ERROR,5278,5278,1,SaveLABResults Bronze ForEach failed,2026-08-20T00:29:28.539Z,2026-08-20T02:40:07.937Z,7839,2026-08-20T02:40:07.937Z,TE,Tempe,2e0eb052-bb28-45b1-894f-8dc0851c56cc,SAMMS-Tempe
202608200219258019,202608200029237564,202608200029237018,85,2398,Bronze INV,br_LabResult,TASK_COMPLETE,FAILED,ERROR,2,2,1,SaveLABResults Bronze ForEach failed,2026-08-20T00:29:28.539Z,2026-08-20T02:40:07.937Z,7839,2026-08-20T02:40:07.937Z,TEX,Texarkana,2e0eb052-bb28-45b1-894f-8dc0851c56cc,SAMMS-Texarkana
202608200219258020,202608200029237565,202608200029237018,85,2399,Bronze INV,br_LabResult,TASK_COMPLETE,FAILED,ERROR,1662,1662,1,SaveLABResults Bronze ForEach failed,2026-08-20T00:29:28.539Z,2026-08-20T02:40:07.937Z,7839,2026-08-20T02:40:07.937Z,TTCA,Bessemer,2e0eb052-bb28-45b1-894f-8dc0851c56cc,SAMMS-BessemerV5
202608200219258468,202608200029238828,202608200029237018,85,3133,Bronze INV,br_ReAssessment,TASK_COMPLETE,FAILED,ERROR,0,0,1,SaveReAssessment Bronze ForEach failed,2026-08-20T00:29:28.539Z,2026-08-20T02:40:07.937Z,7839,2026-08-20T02:40:07.937Z,TE,Tempe,2e0eb052-bb28-45b1-894f-8dc0851c56cc,SAMMS-Tempe
202608200219258469,202608200029238829,202608200029237018,85,3134,Bronze INV,br_ReAssessment,TASK_COMPLETE,FAILED,ERROR,0,0,1,SaveReAssessment Bronze ForEach failed,2026-08-20T00:29:28.539Z,2026-08-20T02:40:07.937Z,7839,2026-08-20T02:40:07.937Z,TEX,Texarkana,2e0eb052-bb28-45b1-894f-8dc0851c56cc,SAMMS-Texarkana
202608200219258470,202608200029238830,202608200029237018,85,3135,Bronze INV,br_ReAssessment,TASK_COMPLETE,FAILED,ERROR,0,0,1,SaveReAssessment Bronze ForEach failed,2026-08-20T00:29:28.539Z,2026-08-20T02:40:07.937Z,7839,2026-08-20T02:40:07.937Z,TTCA,Bessemer,2e0eb052-bb28-45b1-894f-8dc0851c56cc,SAMMS-BessemerV5
202608200219258471,202608200029238831,202608200029237018,85,3136,Bronze INV,br_ReAssessment,TASK_COMPLETE,FAILED,ERROR,0,0,1,SaveReAssessment Bronze ForEach failed,2026-08-20T00:29:28.539Z,2026-08-20T02:40:07.937Z,7839,2026-08-20T02:40:07.937Z,TTCB,Cullman,2e0eb052-bb28-45b1-894f-8dc0851c56cc,SAMMS-CullmanV5
202608200219258472,202608200029238832,202608200029237018,85,3137,Bronze INV,br_ReAssessment,TASK_COMPLETE,FAILED,ERROR,0,0,1,SaveReAssessment Bronze ForEach failed,2026-08-20T00:29:28.539Z,2026-08-20T02:40:07.937Z,7839,2026-08-20T02:40:07.937Z,TTCC,Grand Bay,2e0eb052-bb28-45b1-894f-8dc0851c56cc,SAMMS-GrandBay
202608200219258474,202608200029238833,202608200029237018,85,3138,Bronze INV,br_ReAssessment,TASK_COMPLETE,FAILED,ERROR,0,0,1,SaveReAssessment Bronze ForEach failed,2026-08-20T00:29:28.539Z,2026-08-20T02:40:07.937Z,7839,2026-08-20T02:40:07.937Z,TU,Tucson,2e0eb052-bb28-45b1-894f-8dc0851c56cc,SAMMS-Tucson
202608200219258475,202608200029238834,202608200029237018,85,3140,Bronze INV,br_ReAssessment,TASK_COMPLETE,FAILED,ERROR,0,0,1,SaveReAssessment Bronze ForEach failed,2026-08-20T00:29:28.539Z,2026-08-20T02:40:07.937Z,7839,2026-08-20T02:40:07.937Z,V1,Memphis South,2e0eb052-bb28-45b1-894f-8dc0851c56cc,SAMMS-VCPHCS-I-MemphisV5
202608200219258476,202608200029238835,202608200029237018,85,3141,Bronze INV,br_ReAssessment,TASK_COMPLETE,FAILED,ERROR,0,0,1,SaveReAssessment Bronze ForEach failed,2026-08-20T00:29:28.539Z,2026-08-20T02:40:07.937Z,7839,2026-08-20T02:40:07.937Z,V10,Longmont,2e0eb052-bb28-45b1-894f-8dc0851c56cc,SAMMS-BoulderV5
202608200219258477,202608200029238836,202608200029237018,85,3142,Bronze INV,br_ReAssessment,TASK_COMPLETE,FAILED,ERROR,0,0,1,SaveReAssessment Bronze ForEach failed,2026-08-20T00:29:28.539Z,2026-08-20T02:40:07.937Z,7839,2026-08-20T02:40:07.937Z,V10A,Fort Collins,2e0eb052-bb28-45b1-894f-8dc0851c56cc,SAMMS-FortCollinsV5
202608200219258478,202608200029238837,202608200029237018,85,3143,Bronze INV,br_ReAssessment,TASK_COMPLETE,FAILED,ERROR,0,0,1,SaveReAssessment Bronze ForEach failed,2026-08-20T00:29:28.539Z,2026-08-20T02:40:07.937Z,7839,2026-08-20T02:40:07.937Z,V11,Westminster,2e0eb052-bb28-45b1-894f-8dc0851c56cc,SAMMS-VCPHCS-XI-NorthDenverV5
202608200219258479,202608200029238838,202608200029237018,85,3144,Bronze INV,br_ReAssessment,TASK_COMPLETE,FAILED,ERROR,0,0,1,SaveReAssessment Bronze ForEach failed,2026-08-20T00:29:28.539Z,2026-08-20T02:40:07.937Z,7839,2026-08-20T02:40:07.937Z,V12,Downtown Denver,2e0eb052-bb28-45b1-894f-8dc0851c56cc,SAMMS-VCPHCS-XII-DowntownDenverV5
202608200219258480,202608200029238839,202608200029237018,85,3145,Bronze INV,br_ReAssessment,TASK_COMPLETE,FAILED,ERROR,0,0,1,SaveReAssessment Bronze ForEach failed,2026-08-20T00:29:28.539Z,2026-08-20T02:40:07.937Z,7839,2026-08-20T02:40:07.937Z,V12A,Centennial,2e0eb052-bb28-45b1-894f-8dc0851c56cc,SAMMS-CentennialV5
202608200219258482,202608200029238840,202608200029237018,85,3146,Bronze INV,br_ReAssessment,TASK_COMPLETE,FAILED,ERROR,0,0,1,SaveReAssessment Bronze ForEach failed,2026-08-20T00:29:28.539Z,2026-08-20T02:40:07.937Z,7839,2026-08-20T02:40:07.937Z,V14,Overland Park,2e0eb052-bb28-45b1-894f-8dc0851c56cc,SAMMS-VCPHCS-XIV-BridgewayV5
202608200219258483,202608200029238841,202608200029237018,85,3147,Bronze INV,br_ReAssessment,TASK_COMPLETE,FAILED,ERROR,0,0,1,SaveReAssessment Bronze ForEach failed,2026-08-20T00:29:28.539Z,2026-08-20T02:40:07.937Z,7839,2026-08-20T02:40:07.937Z,V15,Joplin,2e0eb052-bb28-45b1-894f-8dc0851c56cc,SAMMS-JoplinV5
202608200219258484,202608200029238842,202608200029237018,85,3149,Bronze INV,br_ReAssessment,TASK_COMPLETE,FAILED,ERROR,0,0,1,SaveReAssessment Bronze ForEach failed,2026-08-20T00:29:28.539Z,2026-08-20T02:40:07.937Z,7839,2026-08-20T02:40:07.937Z,V17,Columbia TN,2e0eb052-bb28-45b1-894f-8dc0851c56cc,SAMMS-ColumbiaTNv5
202608200219258485,202608200029238843,202608200029237018,85,3151,Bronze INV,br_ReAssessment,TASK_COMPLETE,FAILED,ERROR,0,0,1,SaveReAssessment Bronze ForEach failed,2026-08-20T00:29:28.539Z,2026-08-20T02:40:07.937Z,7839,2026-08-20T02:40:07.937Z,V19,Jackson,2e0eb052-bb28-45b1-894f-8dc0851c56cc,SAMMS-JacksonV5
202608200219258487,202608200029238844,202608200029237018,85,3153,Bronze INV,br_ReAssessment,TASK_COMPLETE,FAILED,ERROR,0,0,1,SaveReAssessment Bronze ForEach failed,2026-08-20T00:29:28.539Z,2026-08-20T02:40:07.937Z,7839,2026-08-20T02:40:07.937Z,V20,Paris,2e0eb052-bb28-45b1-894f-8dc0851c56cc,SAMMS-ParisV5
202608200219258488,202608200029238845,202608200029237018,85,3154,Bronze INV,br_ReAssessment,TASK_COMPLETE,FAILED,ERROR,0,0,1,SaveReAssessment Bronze ForEach failed,2026-08-20T00:29:28.539Z,2026-08-20T02:40:07.937Z,7839,2026-08-20T02:40:07.937Z,V21,Memphis North,2e0eb052-bb28-45b1-894f-8dc0851c56cc,SAMMS-RaleighV5
202608200219258489,202608200029238846,202608200029237018,85,3157,Bronze INV,br_ReAssessment,TASK_COMPLETE,FAILED,ERROR,0,0,1,SaveReAssessment Bronze ForEach failed,2026-08-20T00:29:28.539Z,2026-08-20T02:40:07.937Z,7839,2026-08-20T02:40:07.937Z,V5,West Bank,2e0eb052-bb28-45b1-894f-8dc0851c56cc,SAMMS-NONTCv5
202608200219258490,202608200029238847,202608200029237018,85,3159,Bronze INV,br_ReAssessment,TASK_COMPLETE,FAILED,ERROR,0,0,1,SaveReAssessment Bronze ForEach failed,2026-08-20T00:29:28.539Z,2026-08-20T02:40:07.937Z,7839,2026-08-20T02:40:07.937Z,V5B,Houma,2e0eb052-bb28-45b1-894f-8dc0851c56cc,SAMMS-HoumaV6
202608200219258491,202608200029238848,202608200029237018,85,3160,Bronze INV,br_ReAssessment,TASK_COMPLETE,FAILED,ERROR,0,0,1,SaveReAssessment Bronze ForEach failed,2026-08-20T00:29:28.539Z,2026-08-20T02:40:07.937Z,7839,2026-08-20T02:40:07.937Z,V6,Lake Charles,2e0eb052-bb28-45b1-894f-8dc0851c56cc,SAMMS-LCv5
202608200219258492,202608200029238849,202608200029237018,85,3162,Bronze INV,br_ReAssessment,TASK_COMPLETE,FAILED,ERROR,0,0,1,SaveReAssessment Bronze ForEach failed,2026-08-20T00:29:28.539Z,2026-08-20T02:40:07.937Z,7839,2026-08-20T02:40:07.937Z,V8,Memphis Midtown,2e0eb052-bb28-45b1-894f-8dc0851c56cc,SAMMS-VCPHCS-VIII-MemphisV5
202608200219258493,202608200029238850,202608200029237018,85,3163,Bronze INV,br_ReAssessment,TASK_COMPLETE,FAILED,ERROR,0,0,1,SaveReAssessment Bronze ForEach failed,2026-08-20T00:29:28.539Z,2026-08-20T02:40:07.937Z,7839,2026-08-20T02:40:07.937Z,V9,Nashville,2e0eb052-bb28-45b1-894f-8dc0851c56cc,SAMMS-NashvilleV5
202608200219258495,202608200029238851,202608200029237018,85,3164,Bronze INV,br_ReAssessment,TASK_COMPLETE,FAILED,ERROR,0,0,1,SaveReAssessment Bronze ForEach failed,2026-08-20T00:29:28.539Z,2026-08-20T02:40:07.937Z,7839,2026-08-20T02:40:07.937Z,VBRA,Brainerd,2e0eb052-bb28-45b1-894f-8dc0851c56cc,SAMMS-BrainerdV6
202608200219258496,202608200029238852,202608200029237018,85,3165,Bronze INV,br_ReAssessment,TASK_COMPLETE,FAILED,ERROR,0,0,1,SaveReAssessment Bronze ForEach failed,2026-08-20T00:29:28.539Z,2026-08-20T02:40:07.937Z,7839,2026-08-20T02:40:07.937Z,VBRP,Brooklyn Park,2e0eb052-bb28-45b1-894f-8dc0851c56cc,SAMMS-BrooklynParkV6
202608200219258497,202608200029238853,202608200029237018,85,3167,Bronze INV,br_ReAssessment,TASK_COMPLETE,FAILED,ERROR,0,0,1,SaveReAssessment Bronze ForEach failed,2026-08-20T00:29:28.539Z,2026-08-20T02:40:07.937Z,7839,2026-08-20T02:40:07.937Z,VMIN,Minneapolis,2e0eb052-bb28-45b1-894f-8dc0851c56cc,SAMMS-MinneapolisV6
202608200219258498,202608200029238854,202608200029237018,85,3168,Bronze INV,br_ReAssessment,TASK_COMPLETE,FAILED,ERROR,0,0,1,SaveReAssessment Bronze ForEach failed,2026-08-20T00:29:28.539Z,2026-08-20T02:40:07.937Z,7839,2026-08-20T02:40:07.937Z,VWBY,Woodbury,2e0eb052-bb28-45b1-894f-8dc0851c56cc,SAMMS-WoodburyV6
202608200219258499,202608200029238855,202608200029237018,85,3170,Bronze INV,br_ReAssessment,TASK_COMPLETE,FAILED,ERROR,0,0,1,SaveReAssessment Bronze ForEach failed,2026-08-20T00:29:28.539Z,2026-08-20T02:40:07.937Z,7839,2026-08-20T02:40:07.937Z,WIL,Wilson,2e0eb052-bb28-45b1-894f-8dc0851c56cc,SAMMS-Wilson
202608200219258600,202608200029337027,202608200029337018,86,5728,Silver INV,sl_ReAssessment,TASK_COMPLETE,SKIPPED,WARN,0,0,0,Skipped: SaveReAssessment failed at BR,2026-08-20T00:29:28.539Z,2026-08-20T02:40:07.937Z,7839,2026-08-20T02:40:07.937Z,,,2e0eb052-bb28-45b1-894f-8dc0851c56cc,
202608200219258520,202608200029238971,202608200029237018,85,3174,Bronze INV,br_ReAssessmentFamily,TASK_COMPLETE,FAILED,ERROR,35,35,1,SaveReAssessmentFamily Bronze ForEach failed,2026-08-20T00:29:28.539Z,2026-08-20T02:40:07.937Z,7839,2026-08-20T02:40:07.937Z,AHK,Ahoskie,2e0eb052-bb28-45b1-894f-8dc0851c56cc,SAMMS-Ahoskie
202608200219258521,202608200029238972,202608200029237018,85,3175,Bronze INV,br_ReAssessmentFamily,TASK_COMPLETE,FAILED,ERROR,662,662,1,SaveReAssessmentFamily Bronze ForEach failed,2026-08-20T00:29:28.539Z,2026-08-20T02:40:07.937Z,7839,2026-08-20T02:40:07.937Z,B12B,Colorado Springs,2e0eb052-bb28-45b1-894f-8dc0851c56cc,SAMMS-ColoradoSpringsV5
202608200219258522,202608200029238973,202608200029237018,85,3176,Bronze INV,br_ReAssessmentFamily,TASK_COMPLETE,FAILED,ERROR,834,834,1,SaveReAssessmentFamily Bronze ForEach failed,2026-08-20T00:29:28.539Z,2026-08-20T02:40:07.937Z,7839,2026-08-20T02:40:07.937Z,B24,Paintsville,2e0eb052-bb28-45b1-894f-8dc0851c56cc,SAMMS-PaintsvilleV5
202608200219258524,202608200029238974,202608200029237018,85,3177,Bronze INV,br_ReAssessmentFamily,TASK_COMPLETE,FAILED,ERROR,645,645,1,SaveReAssessmentFamily Bronze ForEach failed,2026-08-20T00:29:28.539Z,2026-08-20T02:40:07.937Z,7839,2026-08-20T02:40:07.937Z,B25,Pikeville,2e0eb052-bb28-45b1-894f-8dc0851c56cc,SAMMS-PikevilleV5
202608200219258525,202608200029238975,202608200029237018,85,3178,Bronze INV,br_ReAssessmentFamily,TASK_COMPLETE,FAILED,ERROR,971,971,1,SaveReAssessmentFamily Bronze ForEach failed,2026-08-20T00:29:28.539Z,2026-08-20T02:40:07.937Z,7839,2026-08-20T02:40:07.937Z,B26,Hazard,2e0eb052-bb28-45b1-894f-8dc0851c56cc,SAMMS-HazardV5
202608200219258526,202608200029238976,202608200029237018,85,3179,Bronze INV,br_ReAssessmentFamily,TASK_COMPLETE,FAILED,ERROR,530,530,1,SaveReAssessmentFamily Bronze ForEach failed,2026-08-20T00:29:28.539Z,2026-08-20T02:40:07.937Z,7839,2026-08-20T02:40:07.937Z,B27,Savannah,2e0eb052-bb28-45b1-894f-8dc0851c56cc,SAMMS-SavannahV6
202608200219258527,202608200029238977,202608200029237018,85,3180,Bronze INV,br_ReAssessmentFamily,TASK_COMPLETE,FAILED,ERROR,246,246,1,SaveReAssessmentFamily Bronze ForEach failed,2026-08-20T00:29:28.539Z,2026-08-20T02:40:07.937Z,7839,2026-08-20T02:40:07.937Z,B28,West Plains,2e0eb052-bb28-45b1-894f-8dc0851c56cc,SAMMS-WestPlainesV5
202608200219258528,202608200029238978,202608200029237018,85,3181,Bronze INV,br_ReAssessmentFamily,TASK_COMPLETE,FAILED,ERROR,461,461,1,SaveReAssessmentFamily Bronze ForEach failed,2026-08-20T00:29:28.539Z,2026-08-20T02:40:07.937Z,7839,2026-08-20T02:40:07.937Z,B29,Poplar Bluff,2e0eb052-bb28-45b1-894f-8dc0851c56cc,SAMMS-PoplarBluffV5
202608200219258530,202608200029238979,202608200029237018,85,3182,Bronze INV,br_ReAssessmentFamily,TASK_COMPLETE,FAILED,ERROR,78,78,1,SaveReAssessmentFamily Bronze ForEach failed,2026-08-20T00:29:28.539Z,2026-08-20T02:40:07.937Z,7839,2026-08-20T02:40:07.937Z,B30,KC North,2e0eb052-bb28-45b1-894f-8dc0851c56cc,SAMMS-KCNv5
202608260854400637,202608260654256459,202608260654255519,85,1541,Bronze INV,br_AdmissionAssessmentSummary,TASK_COMPLETE,SUCCESS,INFO,352,352,0,,2026-08-26T06:54:31.515Z,2026-08-26T08:57:15.847Z,7364,2026-08-26T08:57:15.847Z,B42C,Glen Allen,912d32aa-0b7f-4999-bf60-6670fe5985ea,SAMMS-GlenAllenV5
202608260854400639,202608260654256460,202608260654255519,85,1542,Bronze INV,br_AdmissionAssessmentSummary,TASK_COMPLETE,SUCCESS,INFO,176,176,0,,2026-08-26T06:54:31.515Z,2026-08-26T08:57:15.847Z,7364,2026-08-26T08:57:15.847Z,B42D,Chesapeake South,912d32aa-0b7f-4999-bf60-6670fe5985ea,SAMMS-ChesapeakeSouthV5
202608260854400640,202608260654256461,202608260654255519,85,1543,Bronze INV,br_AdmissionAssessmentSummary,TASK_COMPLETE,SUCCESS,INFO,217,217,0,,2026-08-26T06:54:31.515Z,2026-08-26T08:57:15.847Z,7364,2026-08-26T08:57:15.847Z,B44,Albany,912d32aa-0b7f-4999-bf60-6670fe5985ea,SAMMS-AlbanyV5
202608260854400641,202608260654256462,202608260654255519,85,1544,Bronze INV,br_AdmissionAssessmentSummary,TASK_COMPLETE,SUCCESS,INFO,313,313,0,,2026-08-26T06:54:31.515Z,2026-08-26T08:57:15.847Z,7364,2026-08-26T08:57:15.847Z,B45,Tifton,912d32aa-0b7f-4999-bf60-6670fe5985ea,SAMMS-TiftonV5
202608260854400642,202608260654256463,202608260654255519,85,1545,Bronze INV,br_AdmissionAssessmentSummary,TASK_COMPLETE,SUCCESS,INFO,708,708,0,,2026-08-26T06:54:31.515Z,2026-08-26T08:57:15.847Z,7364,2026-08-26T08:57:15.847Z,B46,Washington DC,912d32aa-0b7f-4999-bf60-6670fe5985ea,SAMMS-WashingtonDCv5
202608260854400643,202608260654256464,202608260654255519,85,1546,Bronze INV,br_AdmissionAssessmentSummary,TASK_COMPLETE,SUCCESS,INFO,409,409,0,,2026-08-26T06:54:31.515Z,2026-08-26T08:57:15.847Z,7364,2026-08-26T08:57:15.847Z,B47,Mobile,912d32aa-0b7f-4999-bf60-6670fe5985ea,SAMMS-MobileV5
202608260854400644,202608260654256465,202608260654255519,85,1547,Bronze INV,br_AdmissionAssessmentSummary,TASK_COMPLETE,SUCCESS,INFO,477,477,0,,2026-08-26T06:54:31.515Z,2026-08-26T08:57:15.847Z,7364,2026-08-26T08:57:15.847Z,B48,Tuscaloosa,912d32aa-0b7f-4999-bf60-6670fe5985ea,SAMMS-TuscaloosaV5
202608260854400645,202608260654256466,202608260654255519,85,1556,Bronze INV,br_AdmissionAssessmentSummary,TASK_COMPLETE,SUCCESS,INFO,322,322,0,,2026-08-26T06:54:31.515Z,2026-08-26T08:57:15.847Z,7364,2026-08-26T08:57:15.847Z,B51,N. Little Rock (OTP),912d32aa-0b7f-4999-bf60-6670fe5985ea,SAMMS-NorthLittleRockV6
202608260854400646,202608260654256467,202608260654255519,85,1557,Bronze INV,br_AdmissionAssessmentSummary,TASK_COMPLETE,SUCCESS,INFO,166,166,0,,2026-08-26T06:54:31.515Z,2026-08-26T08:57:15.847Z,7364,2026-08-26T08:57:15.847Z,B52,Jackson GA,912d32aa-0b7f-4999-bf60-6670fe5985ea,SAMMS-JacksonGAV5
202608260854400647,202608260654256468,202608260654255519,85,1558,Bronze INV,br_AdmissionAssessmentSummary,TASK_COMPLETE,SUCCESS,INFO,510,510,0,,2026-08-26T06:54:31.515Z,2026-08-26T08:57:15.847Z,7364,2026-08-26T08:57:15.847Z,B54,Gadsden,912d32aa-0b7f-4999-bf60-6670fe5985ea,SAMMS-GadsdenV5
202608260854400648,202608260654256469,202608260654255519,85,1559,Bronze INV,br_AdmissionAssessmentSummary,TASK_COMPLETE,SUCCESS,INFO,521,521,0,,2026-08-26T06:54:31.515Z,2026-08-26T08:57:15.847Z,7364,2026-08-26T08:57:15.847Z,B55,Shoals,912d32aa-0b7f-4999-bf60-6670fe5985ea,SAMMS-ShoalsV5
202608260854400650,202608260654256470,202608260654255519,85,1560,Bronze INV,br_AdmissionAssessmentSummary,TASK_COMPLETE,SUCCESS,INFO,178,178,0,,2026-08-26T06:54:31.515Z,2026-08-26T08:57:15.847Z,7364,2026-08-26T08:57:15.847Z,B57,Pawtucket,912d32aa-0b7f-4999-bf60-6670fe5985ea,SAMMS-Pawtucket
202608260854400651,202608260654256471,202608260654255519,85,1561,Bronze INV,br_AdmissionAssessmentSummary,TASK_COMPLETE,SUCCESS,INFO,179,179,0,,2026-08-26T06:54:31.515Z,2026-08-26T08:57:15.847Z,7364,2026-08-26T08:57:15.847Z,B57A,Johnston,912d32aa-0b7f-4999-bf60-6670fe5985ea,SAMMS-Johnston
202608260854400652,202608260654256472,202608260654255519,85,1562,Bronze INV,br_AdmissionAssessmentSummary,TASK_COMPLETE,SUCCESS,INFO,100,100,0,,2026-08-26T06:54:31.515Z,2026-08-26T08:57:15.847Z,7364,2026-08-26T08:57:15.847Z,B57B,Middletown,912d32aa-0b7f-4999-bf60-6670fe5985ea,SAMMS-Middletown
202608260854400653,202608260654256473,202608260654255519,85,1563,Bronze INV,br_AdmissionAssessmentSummary,TASK_COMPLETE,SUCCESS,INFO,188,188,0,,2026-08-26T06:54:31.515Z,2026-08-26T08:57:15.847Z,7364,2026-08-26T08:57:15.847Z,B57C,Providence,912d32aa-0b7f-4999-bf60-6670fe5985ea,SAMMS-Providence
202608260854400654,202608260654256474,202608260654255519,85,1564,Bronze INV,br_AdmissionAssessmentSummary,TASK_COMPLETE,SUCCESS,INFO,267,267,0,,2026-08-26T06:54:31.515Z,2026-08-26T08:57:15.847Z,7364,2026-08-26T08:57:15.847Z,B57D,Westerly,912d32aa-0b7f-4999-bf60-6670fe5985ea,SAMMS-Westerly
202608260854400655,202608260654256475,202608260654255519,85,1568,Bronze INV,br_AdmissionAssessmentSummary,TASK_COMPLETE,SUCCESS,INFO,372,372,0,,2026-08-26T06:54:31.515Z,2026-08-26T08:57:15.847Z,7364,2026-08-26T08:57:15.847Z,B66A,Bremen,912d32aa-0b7f-4999-bf60-6670fe5985ea,SAMMS-Bremen
202608260854400656,202608260654256476,202608260654255519,85,1571,Bronze INV,br_AdmissionAssessmentSummary,TASK_COMPLETE,SUCCESS,INFO,52,52,0,,2026-08-26T06:54:31.515Z,2026-08-26T08:57:15.847Z,7364,2026-08-26T08:57:15.847Z,B72,Mobile (OBOT),912d32aa-0b7f-4999-bf60-6670fe5985ea,SAMMS-Mobile-OBOT
202608260854400657,202608260654256477,202608260654255519,85,1572,Bronze INV,br_AdmissionAssessmentSummary,TASK_COMPLETE,SUCCESS,INFO,4,4,0,,2026-08-26T06:54:31.515Z,2026-08-26T08:57:15.847Z,7364,2026-08-26T08:57:15.847Z,B73,Montgomery,912d32aa-0b7f-4999-bf60-6670fe5985ea,SAMMS-Montgomery
202608260854400658,202608260654256478,202608260654255519,85,1573,Bronze INV,br_AdmissionAssessmentSummary,TASK_COMPLETE,SUCCESS,INFO,341,341,0,,2026-08-26T06:54:31.515Z,2026-08-26T08:57:15.847Z,7364,2026-08-26T08:57:15.847Z,B75,Lawrence,912d32aa-0b7f-4999-bf60-6670fe5985ea,SAMMS-LawrenceV6
202608260854400659,202608260654256479,202608260654255519,85,1574,Bronze INV,br_AdmissionAssessmentSummary,TASK_COMPLETE,SUCCESS,INFO,54,54,0,,2026-08-26T06:54:31.515Z,2026-08-26T08:57:15.847Z,7364,2026-08-26T08:57:15.847Z,B76,Huntsville OBOT,912d32aa-0b7f-4999-bf60-6670fe5985ea,SAMMS-Huntsville-OBOT
202608260854400660,202608260654256480,202608260654255519,85,1575,Bronze INV,br_AdmissionAssessmentSummary,TASK_COMPLETE,SUCCESS,INFO,306,306,0,,2026-08-26T06:54:31.515Z,2026-08-26T08:57:15.847Z,7364,2026-08-26T08:57:15.847Z,BAT,Batesville,912d32aa-0b7f-4999-bf60-6670fe5985ea,SAMMS-Batesville
202608260854400662,202608260654256481,202608260654255519,85,1576,Bronze INV,br_AdmissionAssessmentSummary,TASK_COMPLETE,SUCCESS,INFO,246,246,0,,2026-08-26T06:54:31.515Z,2026-08-26T08:57:15.847Z,7364,2026-08-26T08:57:15.847Z,BG,Bowling Green,912d32aa-0b7f-4999-bf60-6670fe5985ea,SAMMS-BowlingGreen
202608260854400663,202608260654256482,202608260654255519,85,1577,Bronze INV,br_AdmissionAssessmentSummary,TASK_COMPLETE,SUCCESS,INFO,233,233,0,,2026-08-26T06:54:31.515Z,2026-08-26T08:57:15.847Z,7364,2026-08-26T08:57:15.847Z,BOI,Boise,912d32aa-0b7f-4999-bf60-6670fe5985ea,SAMMS-Boise
202608260854400664,202608260654256483,202608260654255519,85,1584,Bronze INV,br_AdmissionAssessmentSummary,TASK_COMPLETE,SUCCESS,INFO,308,308,0,,2026-08-26T06:54:31.515Z,2026-08-26T08:57:15.847Z,7364,2026-08-26T08:57:15.847Z,CBCO,Coeur dAlene,912d32aa-0b7f-4999-bf60-6670fe5985ea,SAMMS-CoeurdAleneV6
202608260854400665,202608260654256484,202608260654255519,85,1603,Bronze INV,br_AdmissionAssessmentSummary,TASK_COMPLETE,SUCCESS,INFO,345,345,0,,2026-08-26T06:54:31.515Z,2026-08-26T08:57:15.847Z,7364,2026-08-26T08:57:15.847Z,CON,Conway,912d32aa-0b7f-4999-bf60-6670fe5985ea,SAMMS-Conway
202608260854400666,202608260654256485,202608260654255519,85,1604,Bronze INV,br_AdmissionAssessmentSummary,TASK_COMPLETE,SUCCESS,INFO,1639,1639,0,,2026-08-26T06:54:31.515Z,2026-08-26T08:57:15.847Z,7364,2026-08-26T08:57:15.847Z,D07,Medical Services Knox TN,912d32aa-0b7f-4999-bf60-6670fe5985ea,SAMMS-KnoxvilleV6
202608260854400667,202608260654256486,202608260654255519,85,1605,Bronze INV,br_AdmissionAssessmentSummary,TASK_COMPLETE,SUCCESS,INFO,1039,1039,0,,2026-08-26T06:54:31.515Z,2026-08-26T08:57:15.847Z,7364,2026-08-26T08:57:15.847Z,D08,Madison,912d32aa-0b7f-4999-bf60-6670fe5985ea,SAMMS-MadisonV6
202608260854400668,202608260654256487,202608260654255519,85,1607,Bronze INV,br_AdmissionAssessmentSummary,TASK_COMPLETE,SUCCESS,INFO,987,987,0,,2026-08-26T06:54:31.515Z,2026-08-26T08:57:15.847Z,7364,2026-08-26T08:57:15.847Z,D09,Murfreesboro,912d32aa-0b7f-4999-bf60-6670fe5985ea,SAMMS-MurfreesboroV6
202608260854400670,202608260654256488,202608260654255519,85,1608,Bronze INV,br_AdmissionAssessmentSummary,TASK_COMPLETE,SUCCESS,INFO,231,231,0,,2026-08-26T06:54:31.515Z,2026-08-26T08:57:15.847Z,7364,2026-08-26T08:57:15.847Z,DA,Davenport,912d32aa-0b7f-4999-bf60-6670fe5985ea,SAMMS-Davenport
202608260854400671,202608260654256489,202608260654255519,85,1609,Bronze INV,br_AdmissionAssessmentSummary,TASK_COMPLETE,SUCCESS,INFO,365,365,0,,2026-08-26T06:54:31.515Z,2026-08-26T08:57:15.847Z,7364,2026-08-26T08:57:15.847Z,DM,Des Moines,912d32aa-0b7f-4999-bf60-6670fe5985ea,SAMMS-DesMoines
202608260854400672,202608260654256490,202608260654255519,85,1611,Bronze INV,br_AdmissionAssessmentSummary,TASK_COMPLETE,SUCCESS,INFO,498,498,0,,2026-08-26T06:54:31.515Z,2026-08-26T08:57:15.847Z,7364,2026-08-26T08:57:15.847Z,DRD-CO,Columbia MO,912d32aa-0b7f-4999-bf60-6670fe5985ea,SAMMS-ColumbiaV5
202608260854400673,202608260654256491,202608260654255519,85,1612,Bronze INV,br_AdmissionAssessmentSummary,TASK_COMPLETE,SUCCESS,INFO,620,620,0,,2026-08-26T06:54:31.515Z,2026-08-26T08:57:15.847Z,7364,2026-08-26T08:57:15.847Z,DRD-KC,KC,912d32aa-0b7f-4999-bf60-6670fe5985ea,SAMMS-KCv5
202608260854400674,202608260654256492,202608260654255519,85,1613,Bronze INV,br_AdmissionAssessmentSummary,TASK_COMPLETE,SUCCESS,INFO,988,988,0,,2026-08-26T06:54:31.515Z,2026-08-26T08:57:15.847Z,7364,2026-08-26T08:57:15.847Z,DRD-KVB,KVB,912d32aa-0b7f-4999-bf60-6670fe5985ea,SAMMS-KVBv5
202608260854400676,202608260654256493,202608260654255519,85,1614,Bronze INV,br_AdmissionAssessmentSummary,TASK_COMPLETE,SUCCESS,INFO,1605,1605,0,,2026-08-26T06:54:31.515Z,2026-08-26T08:57:15.847Z,7364,2026-08-26T08:57:15.847Z,DRD-KVC,KVC,912d32aa-0b7f-4999-bf60-6670fe5985ea,SAMMS-KVCv5
202608260854400677,202608260654256494,202608260654255519,85,1615,Bronze INV,br_AdmissionAssessmentSummary,TASK_COMPLETE,SUCCESS,INFO,1275,1275,0,,2026-08-26T06:54:31.515Z,2026-08-26T08:57:15.847Z,7364,2026-08-26T08:57:15.847Z,DRD-NOLA,NOLA,912d32aa-0b7f-4999-bf60-6670fe5985ea,SAMMS-NOLAv5
202608260854400679,202608260654256495,202608260654255519,85,1616,Bronze INV,br_AdmissionAssessmentSummary,TASK_COMPLETE,SUCCESS,INFO,775,775,0,,2026-08-26T06:54:31.515Z,2026-08-26T08:57:15.847Z,7364,2026-08-26T08:57:15.847Z,DRD-SF,Springfield,912d32aa-0b7f-4999-bf60-6670fe5985ea,SAMMS-SFv5
202608260854400680,202608260654256496,202608260654255519,85,1618,Bronze INV,br_AdmissionAssessmentSummary,TASK_COMPLETE,SUCCESS,INFO,284,284,0,,2026-08-26T06:54:31.515Z,2026-08-26T08:57:15.847Z,7364,2026-08-26T08:57:15.847Z,ELC,Elizabeth City,912d32aa-0b7f-4999-bf60-6670fe5985ea,SAMMS-ElizabethCity
202608260854400249,202608260654256691,202608260654255519,85,1359,Bronze INV,br_AdmissionAssessmentDimensionTwo,TASK_COMPLETE,SUCCESS,INFO,208,208,0,,2026-08-26T06:54:31.515Z,2026-08-26T08:57:15.847Z,7364,2026-08-26T08:57:15.847Z,B44,Albany,912d32aa-0b7f-4999-bf60-6670fe5985ea,SAMMS-AlbanyV5
202608260854400250,202608260654256692,202608260654255519,85,1360,Bronze INV,br_AdmissionAssessmentDimensionTwo,TASK_COMPLETE,SUCCESS,INFO,306,306,0,,2026-08-26T06:54:31.515Z,2026-08-26T08:57:15.847Z,7364,2026-08-26T08:57:15.847Z,B45,Tifton,912d32aa-0b7f-4999-bf60-6670fe5985ea,SAMMS-TiftonV5
202608260854400251,202608260654256693,202608260654255519,85,1361,Bronze INV,br_AdmissionAssessmentDimensionTwo,TASK_COMPLETE,SUCCESS,INFO,663,663,0,,2026-08-26T06:54:31.515Z,2026-08-26T08:57:15.847Z,7364,2026-08-26T08:57:15.847Z,B46,Washington DC,912d32aa-0b7f-4999-bf60-6670fe5985ea,SAMMS-WashingtonDCv5
202608260854400253,202608260654256694,202608260654255519,85,1362,Bronze INV,br_AdmissionAssessmentDimensionTwo,TASK_COMPLETE,SUCCESS,INFO,358,358,0,,2026-08-26T06:54:31.515Z,2026-08-26T08:57:15.847Z,7364,2026-08-26T08:57:15.847Z,B47,Mobile,912d32aa-0b7f-4999-bf60-6670fe5985ea,SAMMS-MobileV5
202608260854400254,202608260654256695,202608260654255519,85,1363,Bronze INV,br_AdmissionAssessmentDimensionTwo,TASK_COMPLETE,SUCCESS,INFO,448,448,0,,2026-08-26T06:54:31.515Z,2026-08-26T08:57:15.847Z,7364,2026-08-26T08:57:15.847Z,B48,Tuscaloosa,912d32aa-0b7f-4999-bf60-6670fe5985ea,SAMMS-TuscaloosaV5
202608260854400255,202608260654256696,202608260654255519,85,1372,Bronze INV,br_AdmissionAssessmentDimensionTwo,TASK_COMPLETE,SUCCESS,INFO,313,313,0,,2026-08-26T06:54:31.515Z,2026-08-26T08:57:15.847Z,7364,2026-08-26T08:57:15.847Z,B51,N. Little Rock (OTP),912d32aa-0b7f-4999-bf60-6670fe5985ea,SAMMS-NorthLittleRockV6
202608260854400256,202608260654256697,202608260654255519,85,1373,Bronze INV,br_AdmissionAssessmentDimensionTwo,TASK_COMPLETE,SUCCESS,INFO,160,160,0,,2026-08-26T06:54:31.515Z,2026-08-26T08:57:15.847Z,7364,2026-08-26T08:57:15.847Z,B52,Jackson GA,912d32aa-0b7f-4999-bf60-6670fe5985ea,SAMMS-JacksonGAV5
202608260854400257,202608260654256698,202608260654255519,85,1374,Bronze INV,br_AdmissionAssessmentDimensionTwo,TASK_COMPLETE,SUCCESS,INFO,477,477,0,,2026-08-26T06:54:31.515Z,2026-08-26T08:57:15.847Z,7364,2026-08-26T08:57:15.847Z,B54,Gadsden,912d32aa-0b7f-4999-bf60-6670fe5985ea,SAMMS-GadsdenV5
202608260854400258,202608260654256699,202608260654255519,85,1375,Bronze INV,br_AdmissionAssessmentDimensionTwo,TASK_COMPLETE,SUCCESS,INFO,490,490,0,,2026-08-26T06:54:31.515Z,2026-08-26T08:57:15.847Z,7364,2026-08-26T08:57:15.847Z,B55,Shoals,912d32aa-0b7f-4999-bf60-6670fe5985ea,SAMMS-ShoalsV5
202608260854400259,202608260654256700,202608260654255519,85,1376,Bronze INV,br_AdmissionAssessmentDimensionTwo,TASK_COMPLETE,SUCCESS,INFO,174,174,0,,2026-08-26T06:54:31.515Z,2026-08-26T08:57:15.847Z,7364,2026-08-26T08:57:15.847Z,B57,Pawtucket,912d32aa-0b7f-4999-bf60-6670fe5985ea,SAMMS-Pawtucket
202608260854400261,202608260654256701,202608260654255519,85,1377,Bronze INV,br_AdmissionAssessmentDimensionTwo,TASK_COMPLETE,SUCCESS,INFO,172,172,0,,2026-08-26T06:54:31.515Z,2026-08-26T08:57:15.847Z,7364,2026-08-26T08:57:15.847Z,B57A,Johnston,912d32aa-0b7f-4999-bf60-6670fe5985ea,SAMMS-Johnston
202608260854400262,202608260654256702,202608260654255519,85,1378,Bronze INV,br_AdmissionAssessmentDimensionTwo,TASK_COMPLETE,SUCCESS,INFO,92,92,0,,2026-08-26T06:54:31.515Z,2026-08-26T08:57:15.847Z,7364,2026-08-26T08:57:15.847Z,B57B,Middletown,912d32aa-0b7f-4999-bf60-6670fe5985ea,SAMMS-Middletown
202608260854400263,202608260654256703,202608260654255519,85,1379,Bronze INV,br_AdmissionAssessmentDimensionTwo,TASK_COMPLETE,SUCCESS,INFO,182,182,0,,2026-08-26T06:54:31.515Z,2026-08-26T08:57:15.847Z,7364,2026-08-26T08:57:15.847Z,B57C,Providence,912d32aa-0b7f-4999-bf60-6670fe5985ea,SAMMS-Providence
202608260854400264,202608260654256704,202608260654255519,85,1380,Bronze INV,br_AdmissionAssessmentDimensionTwo,TASK_COMPLETE,SUCCESS,INFO,258,258,0,,2026-08-26T06:54:31.515Z,2026-08-26T08:57:15.847Z,7364,2026-08-26T08:57:15.847Z,B57D,Westerly,912d32aa-0b7f-4999-bf60-6670fe5985ea,SAMMS-Westerly
202608260854400265,202608260654256705,202608260654255519,85,1384,Bronze INV,br_AdmissionAssessmentDimensionTwo,TASK_COMPLETE,SUCCESS,INFO,363,363,0,,2026-08-26T06:54:31.515Z,2026-08-26T08:57:15.847Z,7364,2026-08-26T08:57:15.847Z,B66A,Bremen,912d32aa-0b7f-4999-bf60-6670fe5985ea,SAMMS-Bremen
202608260854400266,202608260654256706,202608260654255519,85,1387,Bronze INV,br_AdmissionAssessmentDimensionTwo,TASK_COMPLETE,SUCCESS,INFO,16,16,0,,2026-08-26T06:54:31.515Z,2026-08-26T08:57:15.847Z,7364,2026-08-26T08:57:15.847Z,B72,Mobile (OBOT),912d32aa-0b7f-4999-bf60-6670fe5985ea,SAMMS-Mobile-OBOT
202608260854400268,202608260654256707,202608260654255519,85,1388,Bronze INV,br_AdmissionAssessmentDimensionTwo,TASK_COMPLETE,SUCCESS,INFO,5,5,0,,2026-08-26T06:54:31.515Z,2026-08-26T08:57:15.847Z,7364,2026-08-26T08:57:15.847Z,B73,Montgomery,912d32aa-0b7f-4999-bf60-6670fe5985ea,SAMMS-Montgomery
202608260854400269,202608260654256708,202608260654255519,85,1389,Bronze INV,br_AdmissionAssessmentDimensionTwo,TASK_COMPLETE,SUCCESS,INFO,323,323,0,,2026-08-26T06:54:31.515Z,2026-08-26T08:57:15.847Z,7364,2026-08-26T08:57:15.847Z,B75,Lawrence,912d32aa-0b7f-4999-bf60-6670fe5985ea,SAMMS-LawrenceV6
202608260854400270,202608260654256709,202608260654255519,85,1390,Bronze INV,br_AdmissionAssessmentDimensionTwo,TASK_COMPLETE,SUCCESS,INFO,51,51,0,,2026-08-26T06:54:31.515Z,2026-08-26T08:57:15.847Z,7364,2026-08-26T08:57:15.847Z,B76,Huntsville OBOT,912d32aa-0b7f-4999-bf60-6670fe5985ea,SAMMS-Huntsville-OBOT
202608260854400271,202608260654256710,202608260654255519,85,1391,Bronze INV,br_AdmissionAssessmentDimensionTwo,TASK_COMPLETE,SUCCESS,INFO,300,300,0,,2026-08-26T06:54:31.515Z,2026-08-26T08:57:15.847Z,7364,2026-08-26T08:57:15.847Z,BAT,Batesville,912d32aa-0b7f-4999-bf60-6670fe5985ea,SAMMS-Batesville
202608260854400272,202608260654256711,202608260654255519,85,1392,Bronze INV,br_AdmissionAssessmentDimensionTwo,TASK_COMPLETE,SUCCESS,INFO,238,238,0,,2026-08-26T06:54:31.515Z,2026-08-26T08:57:15.847Z,7364,2026-08-26T08:57:15.847Z,BG,Bowling Green,912d32aa-0b7f-4999-bf60-6670fe5985ea,SAMMS-BowlingGreen
202608260854400273,202608260654256712,202608260654255519,85,1393,Bronze INV,br_AdmissionAssessmentDimensionTwo,TASK_COMPLETE,SUCCESS,INFO,220,220,0,,2026-08-26T06:54:31.515Z,2026-08-26T08:57:15.847Z,7364,2026-08-26T08:57:15.847Z,BOI,Boise,912d32aa-0b7f-4999-bf60-6670fe5985ea,SAMMS-Boise
202608260854400275,202608260654256713,202608260654255519,85,1400,Bronze INV,br_AdmissionAssessmentDimensionTwo,TASK_COMPLETE,SUCCESS,INFO,286,286,0,,2026-08-26T06:54:31.515Z,2026-08-26T08:57:15.847Z,7364,2026-08-26T08:57:15.847Z,CBCO,Coeur dAlene,912d32aa-0b7f-4999-bf60-6670fe5985ea,SAMMS-CoeurdAleneV6
202608260854400276,202608260654256714,202608260654255519,85,1419,Bronze INV,br_AdmissionAssessmentDimensionTwo,TASK_COMPLETE,SUCCESS,INFO,302,302,0,,2026-08-26T06:54:31.515Z,2026-08-26T08:57:15.847Z,7364,2026-08-26T08:57:15.847Z,CON,Conway,912d32aa-0b7f-4999-bf60-6670fe5985ea,SAMMS-Conway
202608260854400277,202608260654256715,202608260654255519,85,1420,Bronze INV,br_AdmissionAssessmentDimensionTwo,TASK_COMPLETE,SUCCESS,INFO,1569,1569,0,,2026-08-26T06:54:31.515Z,2026-08-26T08:57:15.847Z,7364,2026-08-26T08:57:15.847Z,D07,Medical Services Knox TN,912d32aa-0b7f-4999-bf60-6670fe5985ea,SAMMS-KnoxvilleV6
202608260854400278,202608260654256716,202608260654255519,85,1421,Bronze INV,br_AdmissionAssessmentDimensionTwo,TASK_COMPLETE,SUCCESS,INFO,974,974,0,,2026-08-26T06:54:31.515Z,2026-08-26T08:57:15.847Z,7364,2026-08-26T08:57:15.847Z,D08,Madison,912d32aa-0b7f-4999-bf60-6670fe5985ea,SAMMS-MadisonV6
202608260854400279,202608260654256717,202608260654255519,85,1423,Bronze INV,br_AdmissionAssessmentDimensionTwo,TASK_COMPLETE,SUCCESS,INFO,945,945,0,,2026-08-26T06:54:31.515Z,2026-08-26T08:57:15.847Z,7364,2026-08-26T08:57:15.847Z,D09,Murfreesboro,912d32aa-0b7f-4999-bf60-6670fe5985ea,SAMMS-MurfreesboroV6
202608260854400280,202608260654256718,202608260654255519,85,1424,Bronze INV,br_AdmissionAssessmentDimensionTwo,TASK_COMPLETE,SUCCESS,INFO,219,219,0,,2026-08-26T06:54:31.515Z,2026-08-26T08:57:15.847Z,7364,2026-08-26T08:57:15.847Z,DA,Davenport,912d32aa-0b7f-4999-bf60-6670fe5985ea,SAMMS-Davenport
202608260854400282,202608260654256719,202608260654255519,85,1425,Bronze INV,br_AdmissionAssessmentDimensionTwo,TASK_COMPLETE,SUCCESS,INFO,353,353,0,,2026-08-26T06:54:31.515Z,2026-08-26T08:57:15.847Z,7364,2026-08-26T08:57:15.847Z,DM,Des Moines,912d32aa-0b7f-4999-bf60-6670fe5985ea,SAMMS-DesMoines
202608260854400283,202608260654256720,202608260654255519,85,1427,Bronze INV,br_AdmissionAssessmentDimensionTwo,TASK_COMPLETE,SUCCESS,INFO,477,477,0,,2026-08-26T06:54:31.515Z,2026-08-26T08:57:15.847Z,7364,2026-08-26T08:57:15.847Z,DRD-CO,Columbia MO,912d32aa-0b7f-4999-bf60-6670fe5985ea,SAMMS-ColumbiaV5
202608260854400284,202608260654256721,202608260654255519,85,1428,Bronze INV,br_AdmissionAssessmentDimensionTwo,TASK_COMPLETE,SUCCESS,INFO,595,595,0,,2026-08-26T06:54:31.515Z,2026-08-26T08:57:15.847Z,7364,2026-08-26T08:57:15.847Z,DRD-KC,KC,912d32aa-0b7f-4999-bf60-6670fe5985ea,SAMMS-KCv5
202608260854400285,202608260654256722,202608260654255519,85,1429,Bronze INV,br_AdmissionAssessmentDimensionTwo,TASK_COMPLETE,SUCCESS,INFO,950,950,0,,2026-08-26T06:54:31.515Z,2026-08-26T08:57:15.847Z,7364,2026-08-26T08:57:15.847Z,DRD-KVB,KVB,912d32aa-0b7f-4999-bf60-6670fe5985ea,SAMMS-KVBv5
202608260854400286,202608260654256723,202608260654255519,85,1430,Bronze INV,br_AdmissionAssessmentDimensionTwo,TASK_COMPLETE,SUCCESS,INFO,1571,1571,0,,2026-08-26T06:54:31.515Z,2026-08-26T08:57:15.847Z,7364,2026-08-26T08:57:15.847Z,DRD-KVC,KVC,912d32aa-0b7f-4999-bf60-6670fe5985ea,SAMMS-KVCv5
202608260854400287,202608260654256724,202608260654255519,85,1431,Bronze INV,br_AdmissionAssessmentDimensionTwo,TASK_COMPLETE,SUCCESS,INFO,1257,1257,0,,2026-08-26T06:54:31.515Z,2026-08-26T08:57:15.847Z,7364,2026-08-26T08:57:15.847Z,DRD-NOLA,NOLA,912d32aa-0b7f-4999-bf60-6670fe5985ea,SAMMS-NOLAv5
202608260854400288,202608260654256725,202608260654255519,85,1432,Bronze INV,br_AdmissionAssessmentDimensionTwo,TASK_COMPLETE,SUCCESS,INFO,745,745,0,,2026-08-26T06:54:31.515Z,2026-08-26T08:57:15.847Z,7364,2026-08-26T08:57:15.847Z,DRD-SF,Springfield,912d32aa-0b7f-4999-bf60-6670fe5985ea,SAMMS-SFv5
202608260854400290,202608260654256726,202608260654255519,85,1434,Bronze INV,br_AdmissionAssessmentDimensionTwo,TASK_COMPLETE,SUCCESS,INFO,254,254,0,,2026-08-26T06:54:31.515Z,2026-08-26T08:57:15.847Z,7364,2026-08-26T08:57:15.847Z,ELC,Elizabeth City,912d32aa-0b7f-4999-bf60-6670fe5985ea,SAMMS-ElizabethCity
202608260854400291,202608260654256727,202608260654255519,85,1435,Bronze INV,br_AdmissionAssessmentDimensionTwo,TASK_COMPLETE,SUCCESS,INFO,264,264,0,,2026-08-26T06:54:31.515Z,2026-08-26T08:57:15.847Z,7364,2026-08-26T08:57:15.847Z,ET,Elizabethtown,912d32aa-0b7f-4999-bf60-6670fe5985ea,SAMMS-Elizabethtown
202608260854400292,202608260654256728,202608260654255519,85,1436,Bronze INV,br_AdmissionAssessmentDimensionTwo,TASK_COMPLETE,SUCCESS,INFO,232,232,0,,2026-08-26T06:54:31.515Z,2026-08-26T08:57:15.847Z,7364,2026-08-26T08:57:15.847Z,FAY,Fayetteville,912d32aa-0b7f-4999-bf60-6670fe5985ea,SAMMS-Fayetteville
202608260854401491,202608260654255838,202608260654255519,85,2766,Bronze INV,br_LiquidLog,TASK_COMPLETE,SUCCESS,INFO,0,0,0,,2026-08-26T06:54:31.515Z,2026-08-26T08:57:15.847Z,7364,2026-08-26T08:57:15.847Z,TEX,Texarkana,912d32aa-0b7f-4999-bf60-6670fe5985ea,SAMMS-Texarkana
202608260854401492,202608260654255839,202608260654255519,85,2767,Bronze INV,br_LiquidLog,TASK_COMPLETE,SUCCESS,INFO,254463,254463,0,,2026-08-26T06:54:31.515Z,2026-08-26T08:57:15.847Z,7364,2026-08-26T08:57:15.847Z,TTCA,Bessemer,912d32aa-0b7f-4999-bf60-6670fe5985ea,SAMMS-BessemerV5
202608260854401493,202608260654255840,202608260654255519,85,2768,Bronze INV,br_LiquidLog,TASK_COMPLETE,SUCCESS,INFO,97947,97947,0,,2026-08-26T06:54:31.515Z,2026-08-26T08:57:15.847Z,7364,2026-08-26T08:57:15.847Z,TTCB,Cullman,912d32aa-0b7f-4999-bf60-6670fe5985ea,SAMMS-CullmanV5
202608260854401494,202608260654255841,202608260654255519,85,2769,Bronze INV,br_LiquidLog,TASK_COMPLETE,SUCCESS,INFO,231829,231829,0,,2026-08-26T06:54:31.515Z,2026-08-26T08:57:15.847Z,7364,2026-08-26T08:57:15.847Z,TTCC,Grand Bay,912d32aa-0b7f-4999-bf60-6670fe5985ea,SAMMS-GrandBay
202608260854401495,202608260654255842,202608260654255519,85,2770,Bronze INV,br_LiquidLog,TASK_COMPLETE,SUCCESS,INFO,2861,2861,0,,2026-08-26T06:54:31.515Z,2026-08-26T08:57:15.847Z,7364,2026-08-26T08:57:15.847Z,TU,Tucson,912d32aa-0b7f-4999-bf60-6670fe5985ea,SAMMS-Tucson
202608260854401496,202608260654255843,202608260654255519,85,2772,Bronze INV,br_LiquidLog,TASK_COMPLETE,SUCCESS,INFO,125162,125162,0,,2026-08-26T06:54:31.515Z,2026-08-26T08:57:15.847Z,7364,2026-08-26T08:57:15.847Z,V1,Memphis South,912d32aa-0b7f-4999-bf60-6670fe5985ea,SAMMS-VCPHCS-I-MemphisV5
202608260854401497,202608260654255844,202608260654255519,85,2773,Bronze INV,br_LiquidLog,TASK_COMPLETE,SUCCESS,INFO,71689,71689,0,,2026-08-26T06:54:31.515Z,2026-08-26T08:57:15.847Z,7364,2026-08-26T08:57:15.847Z,V10,Longmont,912d32aa-0b7f-4999-bf60-6670fe5985ea,SAMMS-BoulderV5
202608260854401499,202608260654255845,202608260654255519,85,2774,Bronze INV,br_LiquidLog,TASK_COMPLETE,SUCCESS,INFO,133395,133395,0,,2026-08-26T06:54:31.515Z,2026-08-26T08:57:15.847Z,7364,2026-08-26T08:57:15.847Z,V10A,Fort Collins,912d32aa-0b7f-4999-bf60-6670fe5985ea,SAMMS-FortCollinsV5
202608260854401500,202608260654255846,202608260654255519,85,2775,Bronze INV,br_LiquidLog,TASK_COMPLETE,SUCCESS,INFO,125198,125198,0,,2026-08-26T06:54:31.515Z,2026-08-26T08:57:15.847Z,7364,2026-08-26T08:57:15.847Z,V11,Westminster,912d32aa-0b7f-4999-bf60-6670fe5985ea,SAMMS-VCPHCS-XI-NorthDenverV5
202608260854401501,202608260654255847,202608260654255519,85,2776,Bronze INV,br_LiquidLog,TASK_COMPLETE,SUCCESS,INFO,142279,142279,0,,2026-08-26T06:54:31.515Z,2026-08-26T08:57:15.847Z,7364,2026-08-26T08:57:15.847Z,V12,Downtown Denver,912d32aa-0b7f-4999-bf60-6670fe5985ea,SAMMS-VCPHCS-XII-DowntownDenverV5
202608260854401502,202608260654255848,202608260654255519,85,2777,Bronze INV,br_LiquidLog,TASK_COMPLETE,SUCCESS,INFO,83262,83262,0,,2026-08-26T06:54:31.515Z,2026-08-26T08:57:15.847Z,7364,2026-08-26T08:57:15.847Z,V12A,Centennial,912d32aa-0b7f-4999-bf60-6670fe5985ea,SAMMS-CentennialV5
202608260854401503,202608260654255849,202608260654255519,85,2778,Bronze INV,br_LiquidLog,TASK_COMPLETE,SUCCESS,INFO,68376,68376,0,,2026-08-26T06:54:31.515Z,2026-08-26T08:57:15.847Z,7364,2026-08-26T08:57:15.847Z,V14,Overland Park,912d32aa-0b7f-4999-bf60-6670fe5985ea,SAMMS-VCPHCS-XIV-BridgewayV5
202608260854401504,202608260654255850,202608260654255519,85,2779,Bronze INV,br_LiquidLog,TASK_COMPLETE,SUCCESS,INFO,117382,117382,0,,2026-08-26T06:54:31.515Z,2026-08-26T08:57:15.847Z,7364,2026-08-26T08:57:15.847Z,V15,Joplin,912d32aa-0b7f-4999-bf60-6670fe5985ea,SAMMS-JoplinV5
202608260854401506,202608260654255851,202608260654255519,85,2781,Bronze INV,br_LiquidLog,TASK_COMPLETE,SUCCESS,INFO,60236,60236,0,,2026-08-26T06:54:31.515Z,2026-08-26T08:57:15.847Z,7364,2026-08-26T08:57:15.847Z,V17,Columbia TN,912d32aa-0b7f-4999-bf60-6670fe5985ea,SAMMS-ColumbiaTNv5
202608260854401507,202608260654255852,202608260654255519,85,2783,Bronze INV,br_LiquidLog,TASK_COMPLETE,SUCCESS,INFO,226413,226413,0,,2026-08-26T06:54:31.515Z,2026-08-26T08:57:15.847Z,7364,2026-08-26T08:57:15.847Z,V19,Jackson,912d32aa-0b7f-4999-bf60-6670fe5985ea,SAMMS-JacksonV5
202608260854401508,202608260654255853,202608260654255519,85,2785,Bronze INV,br_LiquidLog,TASK_COMPLETE,SUCCESS,INFO,208475,208475,0,,2026-08-26T06:54:31.515Z,2026-08-26T08:57:15.847Z,7364,2026-08-26T08:57:15.847Z,V20,Paris,912d32aa-0b7f-4999-bf60-6670fe5985ea,SAMMS-ParisV5
202608260854401509,202608260654255854,202608260654255519,85,2786,Bronze INV,br_LiquidLog,TASK_COMPLETE,SUCCESS,INFO,174585,174585,0,,2026-08-26T06:54:31.515Z,2026-08-26T08:57:15.847Z,7364,2026-08-26T08:57:15.847Z,V21,Memphis North,912d32aa-0b7f-4999-bf60-6670fe5985ea,SAMMS-RaleighV5
202608260854401510,202608260654255855,202608260654255519,85,2789,Bronze INV,br_LiquidLog,TASK_COMPLETE,SUCCESS,INFO,340798,340798,0,,2026-08-26T06:54:31.515Z,2026-08-26T08:57:15.847Z,7364,2026-08-26T08:57:15.847Z,V5,West Bank,912d32aa-0b7f-4999-bf60-6670fe5985ea,SAMMS-NONTCv5
202608260854401511,202608260654255856,202608260654255519,85,2791,Bronze INV,br_LiquidLog,TASK_COMPLETE,SUCCESS,INFO,31498,31498,0,,2026-08-26T06:54:31.515Z,2026-08-26T08:57:15.847Z,7364,2026-08-26T08:57:15.847Z,V5B,Houma,912d32aa-0b7f-4999-bf60-6670fe5985ea,SAMMS-HoumaV6
202608260854401513,202608260654255857,202608260654255519,85,2792,Bronze INV,br_LiquidLog,TASK_COMPLETE,SUCCESS,INFO,259385,259385,0,,2026-08-26T06:54:31.515Z,2026-08-26T08:57:15.847Z,7364,2026-08-26T08:57:15.847Z,V6,Lake Charles,912d32aa-0b7f-4999-bf60-6670fe5985ea,SAMMS-LCv5
202608260854401514,202608260654255858,202608260654255519,85,2794,Bronze INV,br_LiquidLog,TASK_COMPLETE,SUCCESS,INFO,165102,165102,0,,2026-08-26T06:54:31.515Z,2026-08-26T08:57:15.847Z,7364,2026-08-26T08:57:15.847Z,V8,Memphis Midtown,912d32aa-0b7f-4999-bf60-6670fe5985ea,SAMMS-VCPHCS-VIII-MemphisV5
202608260854401515,202608260654255859,202608260654255519,85,2795,Bronze INV,br_LiquidLog,TASK_COMPLETE,SUCCESS,INFO,309406,309406,0,,2026-08-26T06:54:31.515Z,2026-08-26T08:57:15.847Z,7364,2026-08-26T08:57:15.847Z,V9,Nashville,912d32aa-0b7f-4999-bf60-6670fe5985ea,SAMMS-NashvilleV5
202608260854401516,202608260654255860,202608260654255519,85,2796,Bronze INV,br_LiquidLog,TASK_COMPLETE,SUCCESS,INFO,111502,111502,0,,2026-08-26T06:54:31.515Z,2026-08-26T08:57:15.847Z,7364,2026-08-26T08:57:15.847Z,VBRA,Brainerd,912d32aa-0b7f-4999-bf60-6670fe5985ea,SAMMS-BrainerdV6
202608260854401517,202608260654255861,202608260654255519,85,2797,Bronze INV,br_LiquidLog,TASK_COMPLETE,SUCCESS,INFO,221134,221134,0,,2026-08-26T06:54:31.515Z,2026-08-26T08:57:15.847Z,7364,2026-08-26T08:57:15.847Z,VBRP,Brooklyn Park,912d32aa-0b7f-4999-bf60-6670fe5985ea,SAMMS-BrooklynParkV6
202608260854401518,202608260654255862,202608260654255519,85,2799,Bronze INV,br_LiquidLog,TASK_COMPLETE,SUCCESS,INFO,139625,139625,0,,2026-08-26T06:54:31.515Z,2026-08-26T08:57:15.847Z,7364,2026-08-26T08:57:15.847Z,VMIN,Minneapolis,912d32aa-0b7f-4999-bf60-6670fe5985ea,SAMMS-MinneapolisV6
202608260854401520,202608260654255863,202608260654255519,85,2800,Bronze INV,br_LiquidLog,TASK_COMPLETE,SUCCESS,INFO,250546,250546,0,,2026-08-26T06:54:31.515Z,2026-08-26T08:57:15.847Z,7364,2026-08-26T08:57:15.847Z,VWBY,Woodbury,912d32aa-0b7f-4999-bf60-6670fe5985ea,SAMMS-WoodburyV6
202608260854401521,202608260654255864,202608260654255519,85,2802,Bronze INV,br_LiquidLog,TASK_COMPLETE,SUCCESS,INFO,115985,115985,0,,2026-08-26T06:54:31.515Z,2026-08-26T08:57:15.847Z,7364,2026-08-26T08:57:15.847Z,WIL,Wilson,912d32aa-0b7f-4999-bf60-6670fe5985ea,SAMMS-Wilson
202608260854401623,202608260654355539,202608260654355519,86,8579,Silver INV,sl_LiquidLog,TASK_COMPLETE,SUCCESS,INFO,15017801,15017801,0,,2026-08-26T06:54:31.515Z,2026-08-26T08:57:15.847Z,7364,2026-08-26T08:57:15.847Z,,,912d32aa-0b7f-4999-bf60-6670fe5985ea,
202608260854401543,202608260654255865,202608260654255519,85,2806,Bronze INV,br_OrientationChecklistNew,TASK_COMPLETE,SUCCESS,INFO,59,59,0,,2026-08-26T06:54:31.515Z,2026-08-26T08:57:15.847Z,7364,2026-08-26T08:57:15.847Z,AHK,Ahoskie,912d32aa-0b7f-4999-bf60-6670fe5985ea,SAMMS-Ahoskie
202608260854401544,202608260654255866,202608260654255519,85,2807,Bronze INV,br_OrientationChecklistNew,TASK_COMPLETE,SUCCESS,INFO,152,152,0,,2026-08-26T06:54:31.515Z,2026-08-26T08:57:15.847Z,7364,2026-08-26T08:57:15.847Z,B12B,Colorado Springs,912d32aa-0b7f-4999-bf60-6670fe5985ea,SAMMS-ColoradoSpringsV5
202608260854401546,202608260654255867,202608260654255519,85,2808,Bronze INV,br_OrientationChecklistNew,TASK_COMPLETE,SUCCESS,INFO,170,170,0,,2026-08-26T06:54:31.515Z,2026-08-26T08:57:15.847Z,7364,2026-08-26T08:57:15.847Z,B24,Paintsville,912d32aa-0b7f-4999-bf60-6670fe5985ea,SAMMS-PaintsvilleV5
202608260854401547,202608260654255868,202608260654255519,85,2809,Bronze INV,br_OrientationChecklistNew,TASK_COMPLETE,SUCCESS,INFO,86,86,0,,2026-08-26T06:54:31.515Z,2026-08-26T08:57:15.847Z,7364,2026-08-26T08:57:15.847Z,B25,Pikeville,912d32aa-0b7f-4999-bf60-6670fe5985ea,SAMMS-PikevilleV5
202608260854401548,202608260654255869,202608260654255519,85,2810,Bronze INV,br_OrientationChecklistNew,TASK_COMPLETE,SUCCESS,INFO,271,271,0,,2026-08-26T06:54:31.515Z,2026-08-26T08:57:15.847Z,7364,2026-08-26T08:57:15.847Z,B26,Hazard,912d32aa-0b7f-4999-bf60-6670fe5985ea,SAMMS-HazardV5
202608260854401549,202608260654255870,202608260654255519,85,2811,Bronze INV,br_OrientationChecklistNew,TASK_COMPLETE,SUCCESS,INFO,27,27,0,,2026-08-26T06:54:31.515Z,2026-08-26T08:57:15.847Z,7364,2026-08-26T08:57:15.847Z,B27,Savannah,912d32aa-0b7f-4999-bf60-6670fe5985ea,SAMMS-SavannahV6
202608260854401550,202608260654255871,202608260654255519,85,2812,Bronze INV,br_OrientationChecklistNew,TASK_COMPLETE,SUCCESS,INFO,99,99,0,,2026-08-26T06:54:31.515Z,2026-08-26T08:57:15.847Z,7364,2026-08-26T08:57:15.847Z,B28,West Plains,912d32aa-0b7f-4999-bf60-6670fe5985ea,SAMMS-WestPlainesV5
202608260854401552,202608260654255872,202608260654255519,85,2813,Bronze INV,br_OrientationChecklistNew,TASK_COMPLETE,SUCCESS,INFO,77,77,0,,2026-08-26T06:54:31.515Z,2026-08-26T08:57:15.847Z,7364,2026-08-26T08:57:15.847Z,B29,Poplar Bluff,912d32aa-0b7f-4999-bf60-6670fe5985ea,SAMMS-PoplarBluffV5
202608260854401553,202608260654255873,202608260654255519,85,2814,Bronze INV,br_OrientationChecklistNew,TASK_COMPLETE,SUCCESS,INFO,50,50,0,,2026-08-26T06:54:31.515Z,2026-08-26T08:57:15.847Z,7364,2026-08-26T08:57:15.847Z,B30,KC North,912d32aa-0b7f-4999-bf60-6670fe5985ea,SAMMS-KCNv5
202608260854401554,202608260654255874,202608260654255519,85,2815,Bronze INV,br_OrientationChecklistNew,TASK_COMPLETE,SUCCESS,INFO,76,76,0,,2026-08-26T06:54:31.515Z,2026-08-26T08:57:15.847Z,7364,2026-08-26T08:57:15.847Z,B31,Dyersburg,912d32aa-0b7f-4999-bf60-6670fe5985ea,SAMMS-DyersburgV5
202608260854402546,202608260654257894,202608260654255519,85,4034,Bronze INV,br_ReAssessmentPhysicalHealth,TASK_COMPLETE,SUCCESS,INFO,153,153,0,,2026-08-26T06:54:31.515Z,2026-08-26T08:57:15.847Z,7364,2026-08-26T08:57:15.847Z,MRD,Meridian,912d32aa-0b7f-4999-bf60-6670fe5985ea,SAMMS-Meridian
202608260854402547,202608260654257895,202608260654255519,85,4039,Bronze INV,br_ReAssessmentPhysicalHealth,TASK_COMPLETE,SUCCESS,INFO,694,694,0,,2026-08-26T06:54:31.515Z,2026-08-26T08:57:15.847Z,7364,2026-08-26T08:57:15.847Z,NC,North Charleston,912d32aa-0b7f-4999-bf60-6670fe5985ea,SAMMS-NorthCharleston
202608260854402549,202608260654257896,202608260654255519,85,4040,Bronze INV,br_ReAssessmentPhysicalHealth,TASK_COMPLETE,SUCCESS,INFO,0,0,0,,2026-08-26T06:54:31.515Z,2026-08-26T08:57:15.847Z,7364,2026-08-26T08:57:15.847Z,NLR,N. Little Rock,912d32aa-0b7f-4999-bf60-6670fe5985ea,SAMMS-NLROBOT
202608260854402550,202608260654257897,202608260654255519,85,4041,Bronze INV,br_ReAssessmentPhysicalHealth,TASK_COMPLETE,SUCCESS,INFO,112,112,0,,2026-08-26T06:54:31.515Z,2026-08-26T08:57:15.847Z,7364,2026-08-26T08:57:15.847Z,PH,Phoenix,912d32aa-0b7f-4999-bf60-6670fe5985ea,SAMMS-Phoenix
202608260854402551,202608260654257898,202608260654255519,85,4045,Bronze INV,br_ReAssessmentPhysicalHealth,TASK_COMPLETE,SUCCESS,INFO,216,216,0,,2026-08-26T06:54:31.515Z,2026-08-26T08:57:15.847Z,7364,2026-08-26T08:57:15.847Z,RE,Reno,912d32aa-0b7f-4999-bf60-6670fe5985ea,SAMMS-Reno
202608260854402552,202608260654257899,202608260654255519,85,4046,Bronze INV,br_ReAssessmentPhysicalHealth,TASK_COMPLETE,SUCCESS,INFO,88,88,0,,2026-08-26T06:54:31.515Z,2026-08-26T08:57:15.847Z,7364,2026-08-26T08:57:15.847Z,RMD,Richmond,912d32aa-0b7f-4999-bf60-6670fe5985ea,SAMMS-Richmond
202608260854402553,202608260654257900,202608260654255519,85,4047,Bronze INV,br_ReAssessmentPhysicalHealth,TASK_COMPLETE,SUCCESS,INFO,589,589,0,,2026-08-26T06:54:31.515Z,2026-08-26T08:57:15.847Z,7364,2026-08-26T08:57:15.847Z,SFN,Springfield North,912d32aa-0b7f-4999-bf60-6670fe5985ea,SAMMS-SFNv5
202608260854402554,202608260654257901,202608260654255519,85,4048,Bronze INV,br_ReAssessmentPhysicalHealth,TASK_COMPLETE,SUCCESS,INFO,769,769,0,,2026-08-26T06:54:31.515Z,2026-08-26T08:57:15.847Z,7364,2026-08-26T08:57:15.847Z,SHP,Shreveport,912d32aa-0b7f-4999-bf60-6670fe5985ea,SAMMS-Shreveport
202608260854402555,202608260654257902,202608260654255519,85,4050,Bronze INV,br_ReAssessmentPhysicalHealth,TASK_COMPLETE,SUCCESS,INFO,486,486,0,,2026-08-26T06:54:31.515Z,2026-08-26T08:57:15.847Z,7364,2026-08-26T08:57:15.847Z,STN,Staunton,912d32aa-0b7f-4999-bf60-6670fe5985ea,SAMMS-Staunton
202608260854402556,202608260654257903,202608260654255519,85,4051,Bronze INV,br_ReAssessmentPhysicalHealth,TASK_COMPLETE,SUCCESS,INFO,225,225,0,,2026-08-26T06:54:31.515Z,2026-08-26T08:57:15.847Z,7364,2026-08-26T08:57:15.847Z,STVN,Stevenson,912d32aa-0b7f-4999-bf60-6670fe5985ea,SAMMS-Stevenson
202608260854402557,202608260654257904,202608260654255519,85,4053,Bronze INV,br_ReAssessmentPhysicalHealth,TASK_COMPLETE,SUCCESS,INFO,174,174,0,,2026-08-26T06:54:31.515Z,2026-08-26T08:57:15.847Z,7364,2026-08-26T08:57:15.847Z,TE,Tempe,912d32aa-0b7f-4999-bf60-6670fe5985ea,SAMMS-Tempe
202608260854402558,202608260654257905,202608260654255519,85,4054,Bronze INV,br_ReAssessmentPhysicalHealth,TASK_COMPLETE,SUCCESS,INFO,0,0,0,,2026-08-26T06:54:31.515Z,2026-08-26T08:57:15.847Z,7364,2026-08-26T08:57:15.847Z,TEX,Texarkana,912d32aa-0b7f-4999-bf60-6670fe5985ea,SAMMS-Texarkana
202608260854402559,202608260654257906,202608260654255519,85,4055,Bronze INV,br_ReAssessmentPhysicalHealth,TASK_COMPLETE,SUCCESS,INFO,1084,1084,0,,2026-08-26T06:54:31.515Z,2026-08-26T08:57:15.847Z,7364,2026-08-26T08:57:15.847Z,TTCA,Bessemer,912d32aa-0b7f-4999-bf60-6670fe5985ea,SAMMS-BessemerV5
202608260854402561,202608260654257907,202608260654255519,85,4056,Bronze INV,br_ReAssessmentPhysicalHealth,TASK_COMPLETE,SUCCESS,INFO,1321,1321,0,,2026-08-26T06:54:31.515Z,2026-08-26T08:57:15.847Z,7364,2026-08-26T08:57:15.847Z,TTCB,Cullman,912d32aa-0b7f-4999-bf60-6670fe5985ea,SAMMS-CullmanV5
202608260854402562,202608260654257908,202608260654255519,85,4057,Bronze INV,br_ReAssessmentPhysicalHealth,TASK_COMPLETE,SUCCESS,INFO,945,945,0,,2026-08-26T06:54:31.515Z,2026-08-26T08:57:15.847Z,7364,2026-08-26T08:57:15.847Z,TTCC,Grand Bay,912d32aa-0b7f-4999-bf60-6670fe5985ea,SAMMS-GrandBay
202608260854402563,202608260654257909,202608260654255519,85,4058,Bronze INV,br_ReAssessmentPhysicalHealth,TASK_COMPLETE,SUCCESS,INFO,15,15,0,,2026-08-26T06:54:31.515Z,2026-08-26T08:57:15.847Z,7364,2026-08-26T08:57:15.847Z,TU,Tucson,912d32aa-0b7f-4999-bf60-6670fe5985ea,SAMMS-Tucson
202608260854402564,202608260654257910,202608260654255519,85,4060,Bronze INV,br_ReAssessmentPhysicalHealth,TASK_COMPLETE,SUCCESS,INFO,661,661,0,,2026-08-26T06:54:31.515Z,2026-08-26T08:57:15.847Z,7364,2026-08-26T08:57:15.847Z,V1,Memphis South,912d32aa-0b7f-4999-bf60-6670fe5985ea,SAMMS-VCPHCS-I-MemphisV5
202608260854402565,202608260654257911,202608260654255519,85,4061,Bronze INV,br_ReAssessmentPhysicalHealth,TASK_COMPLETE,SUCCESS,INFO,1630,1630,0,,2026-08-26T06:54:31.515Z,2026-08-26T08:57:15.847Z,7364,2026-08-26T08:57:15.847Z,V10,Longmont,912d32aa-0b7f-4999-bf60-6670fe5985ea,SAMMS-BoulderV5
202608260854402566,202608260654257912,202608260654255519,85,4062,Bronze INV,br_ReAssessmentPhysicalHealth,TASK_COMPLETE,SUCCESS,INFO,1517,1517,0,,2026-08-26T06:54:31.515Z,2026-08-26T08:57:15.847Z,7364,2026-08-26T08:57:15.847Z,V10A,Fort Collins,912d32aa-0b7f-4999-bf60-6670fe5985ea,SAMMS-FortCollinsV5
202608260854402567,202608260654257913,202608260654255519,85,4063,Bronze INV,br_ReAssessmentPhysicalHealth,TASK_COMPLETE,SUCCESS,INFO,2876,2876,0,,2026-08-26T06:54:31.515Z,2026-08-26T08:57:15.847Z,7364,2026-08-26T08:57:15.847Z,V11,Westminster,912d32aa-0b7f-4999-bf60-6670fe5985ea,SAMMS-VCPHCS-XI-NorthDenverV5
202608260854402568,202608260654257914,202608260654255519,85,4064,Bronze INV,br_ReAssessmentPhysicalHealth,TASK_COMPLETE,SUCCESS,INFO,3046,3046,0,,2026-08-26T06:54:31.515Z,2026-08-26T08:57:15.847Z,7364,2026-08-26T08:57:15.847Z,V12,Downtown Denver,912d32aa-0b7f-4999-bf60-6670fe5985ea,SAMMS-VCPHCS-XII-DowntownDenverV5
202608260854402569,202608260654257915,202608260654255519,85,4065,Bronze INV,br_ReAssessmentPhysicalHealth,TASK_COMPLETE,SUCCESS,INFO,1144,1144,0,,2026-08-26T06:54:31.515Z,2026-08-26T08:57:15.847Z,7364,2026-08-26T08:57:15.847Z,V12A,Centennial,912d32aa-0b7f-4999-bf60-6670fe5985ea,SAMMS-CentennialV5
202608260854402570,202608260654257916,202608260654255519,85,4066,Bronze INV,br_ReAssessmentPhysicalHealth,TASK_COMPLETE,SUCCESS,INFO,295,295,0,,2026-08-26T06:54:31.515Z,2026-08-26T08:57:15.847Z,7364,2026-08-26T08:57:15.847Z,V14,Overland Park,912d32aa-0b7f-4999-bf60-6670fe5985ea,SAMMS-VCPHCS-XIV-BridgewayV5
202608260854402572,202608260654257917,202608260654255519,85,4067,Bronze INV,br_ReAssessmentPhysicalHealth,TASK_COMPLETE,SUCCESS,INFO,609,609,0,,2026-08-26T06:54:31.515Z,2026-08-26T08:57:15.847Z,7364,2026-08-26T08:57:15.847Z,V15,Joplin,912d32aa-0b7f-4999-bf60-6670fe5985ea,SAMMS-JoplinV5
202608260854402573,202608260654257918,202608260654255519,85,4069,Bronze INV,br_ReAssessmentPhysicalHealth,TASK_COMPLETE,SUCCESS,INFO,906,906,0,,2026-08-26T06:54:31.515Z,2026-08-26T08:57:15.847Z,7364,2026-08-26T08:57:15.847Z,V17,Columbia TN,912d32aa-0b7f-4999-bf60-6670fe5985ea,SAMMS-ColumbiaTNv5
202608260854402574,202608260654257919,202608260654255519,85,4071,Bronze INV,br_ReAssessmentPhysicalHealth,TASK_COMPLETE,SUCCESS,INFO,534,534,0,,2026-08-26T06:54:31.515Z,2026-08-26T08:57:15.847Z,7364,2026-08-26T08:57:15.847Z,V19,Jackson,912d32aa-0b7f-4999-bf60-6670fe5985ea,SAMMS-JacksonV5
202608260854402575,202608260654257920,202608260654255519,85,4073,Bronze INV,br_ReAssessmentPhysicalHealth,TASK_COMPLETE,SUCCESS,INFO,1776,1776,0,,2026-08-26T06:54:31.515Z,2026-08-26T08:57:15.847Z,7364,2026-08-26T08:57:15.847Z,V20,Paris,912d32aa-0b7f-4999-bf60-6670fe5985ea,SAMMS-ParisV5
202608260854402576,202608260654257921,202608260654255519,85,4074,Bronze INV,br_ReAssessmentPhysicalHealth,TASK_COMPLETE,SUCCESS,INFO,723,723,0,,2026-08-26T06:54:31.515Z,2026-08-26T08:57:15.847Z,7364,2026-08-26T08:57:15.847Z,V21,Memphis North,912d32aa-0b7f-4999-bf60-6670fe5985ea,SAMMS-RaleighV5
202608260854402577,202608260654257922,202608260654255519,85,4077,Bronze INV,br_ReAssessmentPhysicalHealth,TASK_COMPLETE,SUCCESS,INFO,1786,1786,0,,2026-08-26T06:54:31.515Z,2026-08-26T08:57:15.847Z,7364,2026-08-26T08:57:15.847Z,V5,West Bank,912d32aa-0b7f-4999-bf60-6670fe5985ea,SAMMS-NONTCv5
202608260854402578,202608260654257923,202608260654255519,85,4079,Bronze INV,br_ReAssessmentPhysicalHealth,TASK_COMPLETE,SUCCESS,INFO,146,146,0,,2026-08-26T06:54:31.515Z,2026-08-26T08:57:15.847Z,7364,2026-08-26T08:57:15.847Z,V5B,Houma,912d32aa-0b7f-4999-bf60-6670fe5985ea,SAMMS-HoumaV6
202608260854402580,202608260654257924,202608260654255519,85,4080,Bronze INV,br_ReAssessmentPhysicalHealth,TASK_COMPLETE,SUCCESS,INFO,1917,1917,0,,2026-08-26T06:54:31.515Z,2026-08-26T08:57:15.847Z,7364,2026-08-26T08:57:15.847Z,V6,Lake Charles,912d32aa-0b7f-4999-bf60-6670fe5985ea,SAMMS-LCv5
202608260854402581,202608260654257925,202608260654255519,85,4082,Bronze INV,br_ReAssessmentPhysicalHealth,TASK_COMPLETE,SUCCESS,INFO,744,744,0,,2026-08-26T06:54:31.515Z,2026-08-26T08:57:15.847Z,7364,2026-08-26T08:57:15.847Z,V8,Memphis Midtown,912d32aa-0b7f-4999-bf60-6670fe5985ea,SAMMS-VCPHCS-VIII-MemphisV5
202608260854402582,202608260654257926,202608260654255519,85,4083,Bronze INV,br_ReAssessmentPhysicalHealth,TASK_COMPLETE,SUCCESS,INFO,1769,1769,0,,2026-08-26T06:54:31.515Z,2026-08-26T08:57:15.847Z,7364,2026-08-26T08:57:15.847Z,V9,Nashville,912d32aa-0b7f-4999-bf60-6670fe5985ea,SAMMS-NashvilleV5
202608260854402583,202608260654257927,202608260654255519,85,4084,Bronze INV,br_ReAssessmentPhysicalHealth,TASK_COMPLETE,SUCCESS,INFO,842,842,0,,2026-08-26T06:54:31.515Z,2026-08-26T08:57:15.847Z,7364,2026-08-26T08:57:15.847Z,VBRA,Brainerd,912d32aa-0b7f-4999-bf60-6670fe5985ea,SAMMS-BrainerdV6
202608260854402584,202608260654257928,202608260654255519,85,4085,Bronze INV,br_ReAssessmentPhysicalHealth,TASK_COMPLETE,SUCCESS,INFO,1965,1965,0,,2026-08-26T06:54:31.515Z,2026-08-26T08:57:15.847Z,7364,2026-08-26T08:57:15.847Z,VBRP,Brooklyn Park,912d32aa-0b7f-4999-bf60-6670fe5985ea,SAMMS-BrooklynParkV6
202608260854402586,202608260654257929,202608260654255519,85,4087,Bronze INV,br_ReAssessmentPhysicalHealth,TASK_COMPLETE,SUCCESS,INFO,746,746,0,,2026-08-26T06:54:31.515Z,2026-08-26T08:57:15.847Z,7364,2026-08-26T08:57:15.847Z,VMIN,Minneapolis,912d32aa-0b7f-4999-bf60-6670fe5985ea,SAMMS-MinneapolisV6
202608260854402587,202608260654257930,202608260654255519,85,4088,Bronze INV,br_ReAssessmentPhysicalHealth,TASK_COMPLETE,SUCCESS,INFO,889,889,0,,2026-08-26T06:54:31.515Z,2026-08-26T08:57:15.847Z,7364,2026-08-26T08:57:15.847Z,VWBY,Woodbury,912d32aa-0b7f-4999-bf60-6670fe5985ea,SAMMS-WoodburyV6
202608260854402588,202608260654257931,202608260654255519,85,4090,Bronze INV,br_ReAssessmentPhysicalHealth,TASK_COMPLETE,SUCCESS,INFO,161,161,0,,2026-08-26T06:54:31.515Z,2026-08-26T08:57:15.847Z,7364,2026-08-26T08:57:15.847Z,WIL,Wilson,912d32aa-0b7f-4999-bf60-6670fe5985ea,SAMMS-Wilson
202608260854402690,202608260654258122,202608260654255519,85,4216,Bronze INV,br_ReAssessmentSocial,TASK_COMPLETE,SUCCESS,INFO,358,358,0,,2026-08-26T06:54:31.515Z,2026-08-26T08:57:15.847Z,7364,2026-08-26T08:57:15.847Z,MNRE,Monroe,912d32aa-0b7f-4999-bf60-6670fe5985ea,SAMMS-Monroe
202608260854402691,202608260654258123,202608260654255519,85,4217,Bronze INV,br_ReAssessmentSocial,TASK_COMPLETE,SUCCESS,INFO,1422,1422,0,,2026-08-26T06:54:31.515Z,2026-08-26T08:57:15.847Z,7364,2026-08-26T08:57:15.847Z,MP,Mt. Pleasant,912d32aa-0b7f-4999-bf60-6670fe5985ea,SAMMS-MtPleasant
202608260854402692,202608260654258124,202608260654255519,85,4218,Bronze INV,br_ReAssessmentSocial,TASK_COMPLETE,SUCCESS,INFO,153,153,0,,2026-08-26T06:54:31.515Z,2026-08-26T08:57:15.847Z,7364,2026-08-26T08:57:15.847Z,MRD,Meridian,912d32aa-0b7f-4999-bf60-6670fe5985ea,SAMMS-Meridian
202608260854402694,202608260654258125,202608260654255519,85,4223,Bronze INV,br_ReAssessmentSocial,TASK_COMPLETE,SUCCESS,INFO,693,693,0,,2026-08-26T06:54:31.515Z,2026-08-26T08:57:15.847Z,7364,2026-08-26T08:57:15.847Z,NC,North Charleston,912d32aa-0b7f-4999-bf60-6670fe5985ea,SAMMS-NorthCharleston
202608260854402695,202608260654258126,202608260654255519,85,4224,Bronze INV,br_ReAssessmentSocial,TASK_COMPLETE,SUCCESS,INFO,0,0,0,,2026-08-26T06:54:31.515Z,2026-08-26T08:57:15.847Z,7364,2026-08-26T08:57:15.847Z,NLR,N. Little Rock,912d32aa-0b7f-4999-bf60-6670fe5985ea,SAMMS-NLROBOT
202608260854402696,202608260654258127,202608260654255519,85,4225,Bronze INV,br_ReAssessmentSocial,TASK_COMPLETE,SUCCESS,INFO,111,111,0,,2026-08-26T06:54:31.515Z,2026-08-26T08:57:15.847Z,7364,2026-08-26T08:57:15.847Z,PH,Phoenix,912d32aa-0b7f-4999-bf60-6670fe5985ea,SAMMS-Phoenix
202608260854402697,202608260654258128,202608260654255519,85,4229,Bronze INV,br_ReAssessmentSocial,TASK_COMPLETE,SUCCESS,INFO,213,213,0,,2026-08-26T06:54:31.515Z,2026-08-26T08:57:15.847Z,7364,2026-08-26T08:57:15.847Z,RE,Reno,912d32aa-0b7f-4999-bf60-6670fe5985ea,SAMMS-Reno
202608260854402698,202608260654258129,202608260654255519,85,4230,Bronze INV,br_ReAssessmentSocial,TASK_COMPLETE,SUCCESS,INFO,87,87,0,,2026-08-26T06:54:31.515Z,2026-08-26T08:57:15.847Z,7364,2026-08-26T08:57:15.847Z,RMD,Richmond,912d32aa-0b7f-4999-bf60-6670fe5985ea,SAMMS-Richmond
202608260854402699,202608260654258130,202608260654255519,85,4231,Bronze INV,br_ReAssessmentSocial,TASK_COMPLETE,SUCCESS,INFO,589,589,0,,2026-08-26T06:54:31.515Z,2026-08-26T08:57:15.847Z,7364,2026-08-26T08:57:15.847Z,SFN,Springfield North,912d32aa-0b7f-4999-bf60-6670fe5985ea,SAMMS-SFNv5
202608260854402700,202608260654258131,202608260654255519,85,4232,Bronze INV,br_ReAssessmentSocial,TASK_COMPLETE,SUCCESS,INFO,762,762,0,,2026-08-26T06:54:31.515Z,2026-08-26T08:57:15.847Z,7364,2026-08-26T08:57:15.847Z,SHP,Shreveport,912d32aa-0b7f-4999-bf60-6670fe5985ea,SAMMS-Shreveport
202608260854402701,202608260654258132,202608260654255519,85,4234,Bronze INV,br_ReAssessmentSocial,TASK_COMPLETE,SUCCESS,INFO,483,483,0,,2026-08-26T06:54:31.515Z,2026-08-26T08:57:15.847Z,7364,2026-08-26T08:57:15.847Z,STN,Staunton,912d32aa-0b7f-4999-bf60-6670fe5985ea,SAMMS-Staunton
202608260854402702,202608260654258133,202608260654255519,85,4235,Bronze INV,br_ReAssessmentSocial,TASK_COMPLETE,SUCCESS,INFO,225,225,0,,2026-08-26T06:54:31.515Z,2026-08-26T08:57:15.847Z,7364,2026-08-26T08:57:15.847Z,STVN,Stevenson,912d32aa-0b7f-4999-bf60-6670fe5985ea,SAMMS-Stevenson
202608260854402703,202608260654258134,202608260654255519,85,4237,Bronze INV,br_ReAssessmentSocial,TASK_COMPLETE,SUCCESS,INFO,173,173,0,,2026-08-26T06:54:31.515Z,2026-08-26T08:57:15.847Z,7364,2026-08-26T08:57:15.847Z,TE,Tempe,912d32aa-0b7f-4999-bf60-6670fe5985ea,SAMMS-Tempe
202608260854402705,202608260654258135,202608260654255519,85,4238,Bronze INV,br_ReAssessmentSocial,TASK_COMPLETE,SUCCESS,INFO,0,0,0,,2026-08-26T06:54:31.515Z,2026-08-26T08:57:15.847Z,7364,2026-08-26T08:57:15.847Z,TEX,Texarkana,912d32aa-0b7f-4999-bf60-6670fe5985ea,SAMMS-Texarkana
202608260854402706,202608260654258136,202608260654255519,85,4239,Bronze INV,br_ReAssessmentSocial,TASK_COMPLETE,SUCCESS,INFO,1069,1069,0,,2026-08-26T06:54:31.515Z,2026-08-26T08:57:15.847Z,7364,2026-08-26T08:57:15.847Z,TTCA,Bessemer,912d32aa-0b7f-4999-bf60-6670fe5985ea,SAMMS-BessemerV5
202608260854402707,202608260654258137,202608260654255519,85,4240,Bronze INV,br_ReAssessmentSocial,TASK_COMPLETE,SUCCESS,INFO,1315,1315,0,,2026-08-26T06:54:31.515Z,2026-08-26T08:57:15.847Z,7364,2026-08-26T08:57:15.847Z,TTCB,Cullman,912d32aa-0b7f-4999-bf60-6670fe5985ea,SAMMS-CullmanV5
202608260854402708,202608260654258138,202608260654255519,85,4241,Bronze INV,br_ReAssessmentSocial,TASK_COMPLETE,SUCCESS,INFO,939,939,0,,2026-08-26T06:54:31.515Z,2026-08-26T08:57:15.847Z,7364,2026-08-26T08:57:15.847Z,TTCC,Grand Bay,912d32aa-0b7f-4999-bf60-6670fe5985ea,SAMMS-GrandBay
202608260854402709,202608260654258139,202608260654255519,85,4242,Bronze INV,br_ReAssessmentSocial,TASK_COMPLETE,SUCCESS,INFO,15,15,0,,2026-08-26T06:54:31.515Z,2026-08-26T08:57:15.847Z,7364,2026-08-26T08:57:15.847Z,TU,Tucson,912d32aa-0b7f-4999-bf60-6670fe5985ea,SAMMS-Tucson
202608260854402710,202608260654258140,202608260654255519,85,4244,Bronze INV,br_ReAssessmentSocial,TASK_COMPLETE,SUCCESS,INFO,660,660,0,,2026-08-26T06:54:31.515Z,2026-08-26T08:57:15.847Z,7364,2026-08-26T08:57:15.847Z,V1,Memphis South,912d32aa-0b7f-4999-bf60-6670fe5985ea,SAMMS-VCPHCS-I-MemphisV5
202608260854402711,202608260654258141,202608260654255519,85,4245,Bronze INV,br_ReAssessmentSocial,TASK_COMPLETE,SUCCESS,INFO,1626,1626,0,,2026-08-26T06:54:31.515Z,2026-08-26T08:57:15.847Z,7364,2026-08-26T08:57:15.847Z,V10,Longmont,912d32aa-0b7f-4999-bf60-6670fe5985ea,SAMMS-BoulderV5
202608260854402712,202608260654258142,202608260654255519,85,4246,Bronze INV,br_ReAssessmentSocial,TASK_COMPLETE,SUCCESS,INFO,1511,1511,0,,2026-08-26T06:54:31.515Z,2026-08-26T08:57:15.847Z,7364,2026-08-26T08:57:15.847Z,V10A,Fort Collins,912d32aa-0b7f-4999-bf60-6670fe5985ea,SAMMS-FortCollinsV5
202608260854402714,202608260654258143,202608260654255519,85,4247,Bronze INV,br_ReAssessmentSocial,TASK_COMPLETE,SUCCESS,INFO,2864,2864,0,,2026-08-26T06:54:31.515Z,2026-08-26T08:57:15.847Z,7364,2026-08-26T08:57:15.847Z,V11,Westminster,912d32aa-0b7f-4999-bf60-6670fe5985ea,SAMMS-VCPHCS-XI-NorthDenverV5
202608260854402715,202608260654258144,202608260654255519,85,4248,Bronze INV,br_ReAssessmentSocial,TASK_COMPLETE,SUCCESS,INFO,3024,3024,0,,2026-08-26T06:54:31.515Z,2026-08-26T08:57:15.847Z,7364,2026-08-26T08:57:15.847Z,V12,Downtown Denver,912d32aa-0b7f-4999-bf60-6670fe5985ea,SAMMS-VCPHCS-XII-DowntownDenverV5
202608260854402716,202608260654258145,202608260654255519,85,4249,Bronze INV,br_ReAssessmentSocial,TASK_COMPLETE,SUCCESS,INFO,1132,1132,0,,2026-08-26T06:54:31.515Z,2026-08-26T08:57:15.847Z,7364,2026-08-26T08:57:15.847Z,V12A,Centennial,912d32aa-0b7f-4999-bf60-6670fe5985ea,SAMMS-CentennialV5
202608260854402717,202608260654258146,202608260654255519,85,4250,Bronze INV,br_ReAssessmentSocial,TASK_COMPLETE,SUCCESS,INFO,293,293,0,,2026-08-26T06:54:31.515Z,2026-08-26T08:57:15.847Z,7364,2026-08-26T08:57:15.847Z,V14,Overland Park,912d32aa-0b7f-4999-bf60-6670fe5985ea,SAMMS-VCPHCS-XIV-BridgewayV5
202608260854402718,202608260654258147,202608260654255519,85,4251,Bronze INV,br_ReAssessmentSocial,TASK_COMPLETE,SUCCESS,INFO,608,608,0,,2026-08-26T06:54:31.515Z,2026-08-26T08:57:15.847Z,7364,2026-08-26T08:57:15.847Z,V15,Joplin,912d32aa-0b7f-4999-bf60-6670fe5985ea,SAMMS-JoplinV5
202608260854402719,202608260654258148,202608260654255519,85,4253,Bronze INV,br_ReAssessmentSocial,TASK_COMPLETE,SUCCESS,INFO,901,901,0,,2026-08-26T06:54:31.515Z,2026-08-26T08:57:15.847Z,7364,2026-08-26T08:57:15.847Z,V17,Columbia TN,912d32aa-0b7f-4999-bf60-6670fe5985ea,SAMMS-ColumbiaTNv5
202608260854402720,202608260654258149,202608260654255519,85,4255,Bronze INV,br_ReAssessmentSocial,TASK_COMPLETE,SUCCESS,INFO,533,533,0,,2026-08-26T06:54:31.515Z,2026-08-26T08:57:15.847Z,7364,2026-08-26T08:57:15.847Z,V19,Jackson,912d32aa-0b7f-4999-bf60-6670fe5985ea,SAMMS-JacksonV5
202608260854402721,202608260654258150,202608260654255519,85,4257,Bronze INV,br_ReAssessmentSocial,TASK_COMPLETE,SUCCESS,INFO,1758,1758,0,,2026-08-26T06:54:31.515Z,2026-08-26T08:57:15.847Z,7364,2026-08-26T08:57:15.847Z,V20,Paris,912d32aa-0b7f-4999-bf60-6670fe5985ea,SAMMS-ParisV5
202608260854402722,202608260654258151,202608260654255519,85,4258,Bronze INV,br_ReAssessmentSocial,TASK_COMPLETE,SUCCESS,INFO,723,723,0,,2026-08-26T06:54:31.515Z,2026-08-26T08:57:15.847Z,7364,2026-08-26T08:57:15.847Z,V21,Memphis North,912d32aa-0b7f-4999-bf60-6670fe5985ea,SAMMS-RaleighV5
202608260854402723,202608260654258152,202608260654255519,85,4261,Bronze INV,br_ReAssessmentSocial,TASK_COMPLETE,SUCCESS,INFO,1770,1770,0,,2026-08-26T06:54:31.515Z,2026-08-26T08:57:15.847Z,7364,2026-08-26T08:57:15.847Z,V5,West Bank,912d32aa-0b7f-4999-bf60-6670fe5985ea,SAMMS-NONTCv5
202608260854402724,202608260654258153,202608260654255519,85,4263,Bronze INV,br_ReAssessmentSocial,TASK_COMPLETE,SUCCESS,INFO,144,144,0,,2026-08-26T06:54:31.515Z,2026-08-26T08:57:15.847Z,7364,2026-08-26T08:57:15.847Z,V5B,Houma,912d32aa-0b7f-4999-bf60-6670fe5985ea,SAMMS-HoumaV6
202608260854402726,202608260654258154,202608260654255519,85,4264,Bronze INV,br_ReAssessmentSocial,TASK_COMPLETE,SUCCESS,INFO,1906,1906,0,,2026-08-26T06:54:31.515Z,2026-08-26T08:57:15.847Z,7364,2026-08-26T08:57:15.847Z,V6,Lake Charles,912d32aa-0b7f-4999-bf60-6670fe5985ea,SAMMS-LCv5
202608260854402727,202608260654258155,202608260654255519,85,4266,Bronze INV,br_ReAssessmentSocial,TASK_COMPLETE,SUCCESS,INFO,739,739,0,,2026-08-26T06:54:31.515Z,2026-08-26T08:57:15.847Z,7364,2026-08-26T08:57:15.847Z,V8,Memphis Midtown,912d32aa-0b7f-4999-bf60-6670fe5985ea,SAMMS-VCPHCS-VIII-MemphisV5
202608260854402728,202608260654258156,202608260654255519,85,4267,Bronze INV,br_ReAssessmentSocial,TASK_COMPLETE,SUCCESS,INFO,1760,1760,0,,2026-08-26T06:54:31.515Z,2026-08-26T08:57:15.847Z,7364,2026-08-26T08:57:15.847Z,V9,Nashville,912d32aa-0b7f-4999-bf60-6670fe5985ea,SAMMS-NashvilleV5
202608260854402729,202608260654258157,202608260654255519,85,4268,Bronze INV,br_ReAssessmentSocial,TASK_COMPLETE,SUCCESS,INFO,838,838,0,,2026-08-26T06:54:31.515Z,2026-08-26T08:57:15.847Z,7364,2026-08-26T08:57:15.847Z,VBRA,Brainerd,912d32aa-0b7f-4999-bf60-6670fe5985ea,SAMMS-BrainerdV6
202608260854402730,202608260654258158,202608260654255519,85,4269,Bronze INV,br_ReAssessmentSocial,TASK_COMPLETE,SUCCESS,INFO,1957,1957,0,,2026-08-26T06:54:31.515Z,2026-08-26T08:57:15.847Z,7364,2026-08-26T08:57:15.847Z,VBRP,Brooklyn Park,912d32aa-0b7f-4999-bf60-6670fe5985ea,SAMMS-BrooklynParkV6
202608260854402731,202608260654258159,202608260654255519,85,4271,Bronze INV,br_ReAssessmentSocial,TASK_COMPLETE,SUCCESS,INFO,740,740,0,,2026-08-26T06:54:31.515Z,2026-08-26T08:57:15.847Z,7364,2026-08-26T08:57:15.847Z,VMIN,Minneapolis,912d32aa-0b7f-4999-bf60-6670fe5985ea,SAMMS-MinneapolisV6
202608260854399557,202608260654256929,202608260654255519,85,639,Bronze INV,br_AdmissionAssessmentDimensionFour,TASK_COMPLETE,SUCCESS,INFO,481,481,0,,2026-08-26T06:54:31.515Z,2026-08-26T08:57:15.847Z,7364,2026-08-26T08:57:15.847Z,B55,Shoals,912d32aa-0b7f-4999-bf60-6670fe5985ea,SAMMS-ShoalsV5
202608260854399559,202608260654256930,202608260654255519,85,640,Bronze INV,br_AdmissionAssessmentDimensionFour,TASK_COMPLETE,SUCCESS,INFO,170,170,0,,2026-08-26T06:54:31.515Z,2026-08-26T08:57:15.847Z,7364,2026-08-26T08:57:15.847Z,B57,Pawtucket,912d32aa-0b7f-4999-bf60-6670fe5985ea,SAMMS-Pawtucket
202608260854399560,202608260654256931,202608260654255519,85,641,Bronze INV,br_AdmissionAssessmentDimensionFour,TASK_COMPLETE,SUCCESS,INFO,168,168,0,,2026-08-26T06:54:31.515Z,2026-08-26T08:57:15.847Z,7364,2026-08-26T08:57:15.847Z,B57A,Johnston,912d32aa-0b7f-4999-bf60-6670fe5985ea,SAMMS-Johnston
202608260854399561,202608260654256932,202608260654255519,85,642,Bronze INV,br_AdmissionAssessmentDimensionFour,TASK_COMPLETE,SUCCESS,INFO,87,87,0,,2026-08-26T06:54:31.515Z,2026-08-26T08:57:15.847Z,7364,2026-08-26T08:57:15.847Z,B57B,Middletown,912d32aa-0b7f-4999-bf60-6670fe5985ea,SAMMS-Middletown
202608260854399562,202608260654256933,202608260654255519,85,643,Bronze INV,br_AdmissionAssessmentDimensionFour,TASK_COMPLETE,SUCCESS,INFO,176,176,0,,2026-08-26T06:54:31.515Z,2026-08-26T08:57:15.847Z,7364,2026-08-26T08:57:15.847Z,B57C,Providence,912d32aa-0b7f-4999-bf60-6670fe5985ea,SAMMS-Providence
202608260854399563,202608260654256934,202608260654255519,85,644,Bronze INV,br_AdmissionAssessmentDimensionFour,TASK_COMPLETE,SUCCESS,INFO,250,250,0,,2026-08-26T06:54:31.515Z,2026-08-26T08:57:15.847Z,7364,2026-08-26T08:57:15.847Z,B57D,Westerly,912d32aa-0b7f-4999-bf60-6670fe5985ea,SAMMS-Westerly
202608260854399564,202608260654256935,202608260654255519,85,648,Bronze INV,br_AdmissionAssessmentDimensionFour,TASK_COMPLETE,SUCCESS,INFO,363,363,0,,2026-08-26T06:54:31.515Z,2026-08-26T08:57:15.847Z,7364,2026-08-26T08:57:15.847Z,B66A,Bremen,912d32aa-0b7f-4999-bf60-6670fe5985ea,SAMMS-Bremen
202608260854399565,202608260654256936,202608260654255519,85,651,Bronze INV,br_AdmissionAssessmentDimensionFour,TASK_COMPLETE,SUCCESS,INFO,13,13,0,,2026-08-26T06:54:31.515Z,2026-08-26T08:57:15.847Z,7364,2026-08-26T08:57:15.847Z,B72,Mobile (OBOT),912d32aa-0b7f-4999-bf60-6670fe5985ea,SAMMS-Mobile-OBOT
202608260854399567,202608260654256937,202608260654255519,85,652,Bronze INV,br_AdmissionAssessmentDimensionFour,TASK_COMPLETE,SUCCESS,INFO,2,2,0,,2026-08-26T06:54:31.515Z,2026-08-26T08:57:15.847Z,7364,2026-08-26T08:57:15.847Z,B73,Montgomery,912d32aa-0b7f-4999-bf60-6670fe5985ea,SAMMS-Montgomery
202608260854399568,202608260654256938,202608260654255519,85,653,Bronze INV,br_AdmissionAssessmentDimensionFour,TASK_COMPLETE,SUCCESS,INFO,316,316,0,,2026-08-26T06:54:31.515Z,2026-08-26T08:57:15.847Z,7364,2026-08-26T08:57:15.847Z,B75,Lawrence,912d32aa-0b7f-4999-bf60-6670fe5985ea,SAMMS-LawrenceV6
202608260854399569,202608260654256939,202608260654255519,85,654,Bronze INV,br_AdmissionAssessmentDimensionFour,TASK_COMPLETE,SUCCESS,INFO,49,49,0,,2026-08-26T06:54:31.515Z,2026-08-26T08:57:15.847Z,7364,2026-08-26T08:57:15.847Z,B76,Huntsville OBOT,912d32aa-0b7f-4999-bf60-6670fe5985ea,SAMMS-Huntsville-OBOT
202608260854399570,202608260654256940,202608260654255519,85,655,Bronze INV,br_AdmissionAssessmentDimensionFour,TASK_COMPLETE,SUCCESS,INFO,300,300,0,,2026-08-26T06:54:31.515Z,2026-08-26T08:57:15.847Z,7364,2026-08-26T08:57:15.847Z,BAT,Batesville,912d32aa-0b7f-4999-bf60-6670fe5985ea,SAMMS-Batesville
202608260854399571,202608260654256941,202608260654255519,85,656,Bronze INV,br_AdmissionAssessmentDimensionFour,TASK_COMPLETE,SUCCESS,INFO,234,234,0,,2026-08-26T06:54:31.515Z,2026-08-26T08:57:15.847Z,7364,2026-08-26T08:57:15.847Z,BG,Bowling Green,912d32aa-0b7f-4999-bf60-6670fe5985ea,SAMMS-BowlingGreen
202608260854399572,202608260654256942,202608260654255519,85,657,Bronze INV,br_AdmissionAssessmentDimensionFour,TASK_COMPLETE,SUCCESS,INFO,214,214,0,,2026-08-26T06:54:31.515Z,2026-08-26T08:57:15.847Z,7364,2026-08-26T08:57:15.847Z,BOI,Boise,912d32aa-0b7f-4999-bf60-6670fe5985ea,SAMMS-Boise
202608260854399574,202608260654256943,202608260654255519,85,664,Bronze INV,br_AdmissionAssessmentDimensionFour,TASK_COMPLETE,SUCCESS,INFO,283,283,0,,2026-08-26T06:54:31.515Z,2026-08-26T08:57:15.847Z,7364,2026-08-26T08:57:15.847Z,CBCO,Coeur dAlene,912d32aa-0b7f-4999-bf60-6670fe5985ea,SAMMS-CoeurdAleneV6
202608260854399575,202608260654256944,202608260654255519,85,683,Bronze INV,br_AdmissionAssessmentDimensionFour,TASK_COMPLETE,SUCCESS,INFO,302,302,0,,2026-08-26T06:54:31.515Z,2026-08-26T08:57:15.847Z,7364,2026-08-26T08:57:15.847Z,CON,Conway,912d32aa-0b7f-4999-bf60-6670fe5985ea,SAMMS-Conway
202608260854399576,202608260654256945,202608260654255519,85,684,Bronze INV,br_AdmissionAssessmentDimensionFour,TASK_COMPLETE,SUCCESS,INFO,1542,1542,0,,2026-08-26T06:54:31.515Z,2026-08-26T08:57:15.847Z,7364,2026-08-26T08:57:15.847Z,D07,Medical Services Knox TN,912d32aa-0b7f-4999-bf60-6670fe5985ea,SAMMS-KnoxvilleV6
202608260854399577,202608260654256946,202608260654255519,85,685,Bronze INV,br_AdmissionAssessmentDimensionFour,TASK_COMPLETE,SUCCESS,INFO,955,955,0,,2026-08-26T06:54:31.515Z,2026-08-26T08:57:15.847Z,7364,2026-08-26T08:57:15.847Z,D08,Madison,912d32aa-0b7f-4999-bf60-6670fe5985ea,SAMMS-MadisonV6
202608260854399578,202608260654256947,202608260654255519,85,687,Bronze INV,br_AdmissionAssessmentDimensionFour,TASK_COMPLETE,SUCCESS,INFO,928,928,0,,2026-08-26T06:54:31.515Z,2026-08-26T08:57:15.847Z,7364,2026-08-26T08:57:15.847Z,D09,Murfreesboro,912d32aa-0b7f-4999-bf60-6670fe5985ea,SAMMS-MurfreesboroV6
202608260854399579,202608260654256948,202608260654255519,85,688,Bronze INV,br_AdmissionAssessmentDimensionFour,TASK_COMPLETE,SUCCESS,INFO,219,219,0,,2026-08-26T06:54:31.515Z,2026-08-26T08:57:15.847Z,7364,2026-08-26T08:57:15.847Z,DA,Davenport,912d32aa-0b7f-4999-bf60-6670fe5985ea,SAMMS-Davenport
202608260854399580,202608260654256949,202608260654255519,85,689,Bronze INV,br_AdmissionAssessmentDimensionFour,TASK_COMPLETE,SUCCESS,INFO,351,351,0,,2026-08-26T06:54:31.515Z,2026-08-26T08:57:15.847Z,7364,2026-08-26T08:57:15.847Z,DM,Des Moines,912d32aa-0b7f-4999-bf60-6670fe5985ea,SAMMS-DesMoines
202608260854399582,202608260654256950,202608260654255519,85,691,Bronze INV,br_AdmissionAssessmentDimensionFour,TASK_COMPLETE,SUCCESS,INFO,476,476,0,,2026-08-26T06:54:31.515Z,2026-08-26T08:57:15.847Z,7364,2026-08-26T08:57:15.847Z,DRD-CO,Columbia MO,912d32aa-0b7f-4999-bf60-6670fe5985ea,SAMMS-ColumbiaV5
202608260854399583,202608260654256951,202608260654255519,85,692,Bronze INV,br_AdmissionAssessmentDimensionFour,TASK_COMPLETE,SUCCESS,INFO,592,592,0,,2026-08-26T06:54:31.515Z,2026-08-26T08:57:15.847Z,7364,2026-08-26T08:57:15.847Z,DRD-KC,KC,912d32aa-0b7f-4999-bf60-6670fe5985ea,SAMMS-KCv5
202608260854399584,202608260654256952,202608260654255519,85,693,Bronze INV,br_AdmissionAssessmentDimensionFour,TASK_COMPLETE,SUCCESS,INFO,950,950,0,,2026-08-26T06:54:31.515Z,2026-08-26T08:57:15.847Z,7364,2026-08-26T08:57:15.847Z,DRD-KVB,KVB,912d32aa-0b7f-4999-bf60-6670fe5985ea,SAMMS-KVBv5
202608260854399585,202608260654256953,202608260654255519,85,694,Bronze INV,br_AdmissionAssessmentDimensionFour,TASK_COMPLETE,SUCCESS,INFO,1564,1564,0,,2026-08-26T06:54:31.515Z,2026-08-26T08:57:15.847Z,7364,2026-08-26T08:57:15.847Z,DRD-KVC,KVC,912d32aa-0b7f-4999-bf60-6670fe5985ea,SAMMS-KVCv5
202608260854399586,202608260654256954,202608260654255519,85,695,Bronze INV,br_AdmissionAssessmentDimensionFour,TASK_COMPLETE,SUCCESS,INFO,1257,1257,0,,2026-08-26T06:54:31.515Z,2026-08-26T08:57:15.847Z,7364,2026-08-26T08:57:15.847Z,DRD-NOLA,NOLA,912d32aa-0b7f-4999-bf60-6670fe5985ea,SAMMS-NOLAv5
202608260854399587,202608260654256955,202608260654255519,85,696,Bronze INV,br_AdmissionAssessmentDimensionFour,TASK_COMPLETE,SUCCESS,INFO,733,733,0,,2026-08-26T06:54:31.515Z,2026-08-26T08:57:15.847Z,7364,2026-08-26T08:57:15.847Z,DRD-SF,Springfield,912d32aa-0b7f-4999-bf60-6670fe5985ea,SAMMS-SFv5
202608260854399589,202608260654256956,202608260654255519,85,698,Bronze INV,br_AdmissionAssessmentDimensionFour,TASK_COMPLETE,SUCCESS,INFO,250,250,0,,2026-08-26T06:54:31.515Z,2026-08-26T08:57:15.847Z,7364,2026-08-26T08:57:15.847Z,ELC,Elizabeth City,912d32aa-0b7f-4999-bf60-6670fe5985ea,SAMMS-ElizabethCity
202608260854399590,202608260654256957,202608260654255519,85,699,Bronze INV,br_AdmissionAssessmentDimensionFour,TASK_COMPLETE,SUCCESS,INFO,263,263,0,,2026-08-26T06:54:31.515Z,2026-08-26T08:57:15.847Z,7364,2026-08-26T08:57:15.847Z,ET,Elizabethtown,912d32aa-0b7f-4999-bf60-6670fe5985ea,SAMMS-Elizabethtown
202608260854399591,202608260654256958,202608260654255519,85,700,Bronze INV,br_AdmissionAssessmentDimensionFour,TASK_COMPLETE,SUCCESS,INFO,228,228,0,,2026-08-26T06:54:31.515Z,2026-08-26T08:57:15.847Z,7364,2026-08-26T08:57:15.847Z,FAY,Fayetteville,912d32aa-0b7f-4999-bf60-6670fe5985ea,SAMMS-Fayetteville
202608260854399592,202608260654256959,202608260654255519,85,701,Bronze INV,br_AdmissionAssessmentDimensionFour,TASK_COMPLETE,SUCCESS,INFO,178,178,0,,2026-08-26T06:54:31.515Z,2026-08-26T08:57:15.847Z,7364,2026-08-26T08:57:15.847Z,FR,Frankfort,912d32aa-0b7f-4999-bf60-6670fe5985ea,SAMMS-Frankfort
202608260854399593,202608260654256960,202608260654255519,85,702,Bronze INV,br_AdmissionAssessmentDimensionFour,TASK_COMPLETE,SUCCESS,INFO,278,278,0,,2026-08-26T06:54:31.515Z,2026-08-26T08:57:15.847Z,7364,2026-08-26T08:57:15.847Z,FS,Fort Smith,912d32aa-0b7f-4999-bf60-6670fe5985ea,SAMMS-FortSmith
202608260854399594,202608260654256961,202608260654255519,85,703,Bronze INV,br_AdmissionAssessmentDimensionFour,TASK_COMPLETE,SUCCESS,INFO,678,678,0,,2026-08-26T06:54:31.515Z,2026-08-26T08:57:15.847Z,7364,2026-08-26T08:57:15.847Z,FW,Fort Wayne,912d32aa-0b7f-4999-bf60-6670fe5985ea,SAMMS-FortWayne
202608260854399595,202608260654256962,202608260654255519,85,704,Bronze INV,br_AdmissionAssessmentDimensionFour,TASK_COMPLETE,SUCCESS,INFO,101,101,0,,2026-08-26T06:54:31.515Z,2026-08-26T08:57:15.847Z,7364,2026-08-26T08:57:15.847Z,GAL,Gaylord,912d32aa-0b7f-4999-bf60-6670fe5985ea,SAMMS-Gaylord
202608260854399597,202608260654256963,202608260654255519,85,708,Bronze INV,br_AdmissionAssessmentDimensionFour,TASK_COMPLETE,SUCCESS,INFO,615,615,0,,2026-08-26T06:54:31.515Z,2026-08-26T08:57:15.847Z,7364,2026-08-26T08:57:15.847Z,HGT,Hagerstown,912d32aa-0b7f-4999-bf60-6670fe5985ea,SAMMS-Hagerstown
202608260854399598,202608260654256964,202608260654255519,85,709,Bronze INV,br_AdmissionAssessmentDimensionFour,TASK_COMPLETE,SUCCESS,INFO,465,465,0,,2026-08-26T06:54:31.515Z,2026-08-26T08:57:15.847Z,7364,2026-08-26T08:57:15.847Z,HNT,Huntsville,912d32aa-0b7f-4999-bf60-6670fe5985ea,SAMMS-Huntsville
202608260854399599,202608260654256965,202608260654255519,85,710,Bronze INV,br_AdmissionAssessmentDimensionFour,TASK_COMPLETE,SUCCESS,INFO,303,303,0,,2026-08-26T06:54:31.515Z,2026-08-26T08:57:15.847Z,7364,2026-08-26T08:57:15.847Z,HS,Hot Springs,912d32aa-0b7f-4999-bf60-6670fe5985ea,SAMMS-HotSprings
202608260854399600,202608260654256966,202608260654255519,85,711,Bronze INV,br_AdmissionAssessmentDimensionFour,TASK_COMPLETE,SUCCESS,INFO,268,268,0,,2026-08-26T06:54:31.515Z,2026-08-26T08:57:15.847Z,7364,2026-08-26T08:57:15.847Z,JON,Jonesboro,912d32aa-0b7f-4999-bf60-6670fe5985ea,SAMMS-Jonesboro
202608260854400882,202608260654256304,202608260654255519,85,1855,Bronze INV,br_Appointments,TASK_COMPLETE,SUCCESS,INFO,47149,47149,0,,2026-08-26T06:54:31.515Z,2026-08-26T08:57:15.847Z,7364,2026-08-26T08:57:15.847Z,V11,Westminster,912d32aa-0b7f-4999-bf60-6670fe5985ea,SAMMS-VCPHCS-XI-NorthDenverV5
202608260854400883,202608260654256305,202608260654255519,85,1856,Bronze INV,br_Appointments,TASK_COMPLETE,SUCCESS,INFO,44801,44801,0,,2026-08-26T06:54:31.515Z,2026-08-26T08:57:15.847Z,7364,2026-08-26T08:57:15.847Z,V12,Downtown Denver,912d32aa-0b7f-4999-bf60-6670fe5985ea,SAMMS-VCPHCS-XII-DowntownDenverV5
202608260854400884,202608260654256306,202608260654255519,85,1857,Bronze INV,br_Appointments,TASK_COMPLETE,SUCCESS,INFO,18830,18830,0,,2026-08-26T06:54:31.515Z,2026-08-26T08:57:15.847Z,7364,2026-08-26T08:57:15.847Z,V12A,Centennial,912d32aa-0b7f-4999-bf60-6670fe5985ea,SAMMS-CentennialV5
202608260854400886,202608260654256307,202608260654255519,85,1858,Bronze INV,br_Appointments,TASK_COMPLETE,SUCCESS,INFO,9675,9675,0,,2026-08-26T06:54:31.515Z,2026-08-26T08:57:15.847Z,7364,2026-08-26T08:57:15.847Z,V14,Overland Park,912d32aa-0b7f-4999-bf60-6670fe5985ea,SAMMS-VCPHCS-XIV-BridgewayV5
202608260854400887,202608260654256308,202608260654255519,85,1859,Bronze INV,br_Appointments,TASK_COMPLETE,SUCCESS,INFO,5419,5419,0,,2026-08-26T06:54:31.515Z,2026-08-26T08:57:15.847Z,7364,2026-08-26T08:57:15.847Z,V15,Joplin,912d32aa-0b7f-4999-bf60-6670fe5985ea,SAMMS-JoplinV5
202608260854400888,202608260654256309,202608260654255519,85,1861,Bronze INV,br_Appointments,TASK_COMPLETE,SUCCESS,INFO,8967,8967,0,,2026-08-26T06:54:31.515Z,2026-08-26T08:57:15.847Z,7364,2026-08-26T08:57:15.847Z,V17,Columbia TN,912d32aa-0b7f-4999-bf60-6670fe5985ea,SAMMS-ColumbiaTNv5
202608260854400889,202608260654256310,202608260654255519,85,1863,Bronze INV,br_Appointments,TASK_COMPLETE,SUCCESS,INFO,31049,31049,0,,2026-08-26T06:54:31.515Z,2026-08-26T08:57:15.847Z,7364,2026-08-26T08:57:15.847Z,V19,Jackson,912d32aa-0b7f-4999-bf60-6670fe5985ea,SAMMS-JacksonV5
202608260854400890,202608260654256311,202608260654255519,85,1865,Bronze INV,br_Appointments,TASK_COMPLETE,SUCCESS,INFO,30537,30537,0,,2026-08-26T06:54:31.515Z,2026-08-26T08:57:15.847Z,7364,2026-08-26T08:57:15.847Z,V20,Paris,912d32aa-0b7f-4999-bf60-6670fe5985ea,SAMMS-ParisV5
202608260854400891,202608260654256312,202608260654255519,85,1866,Bronze INV,br_Appointments,TASK_COMPLETE,SUCCESS,INFO,38361,38361,0,,2026-08-26T06:54:31.515Z,2026-08-26T08:57:15.847Z,7364,2026-08-26T08:57:15.847Z,V21,Memphis North,912d32aa-0b7f-4999-bf60-6670fe5985ea,SAMMS-RaleighV5
202608260854400893,202608260654256313,202608260654255519,85,1869,Bronze INV,br_Appointments,TASK_COMPLETE,SUCCESS,INFO,25054,25054,0,,2026-08-26T06:54:31.515Z,2026-08-26T08:57:15.847Z,7364,2026-08-26T08:57:15.847Z,V5,West Bank,912d32aa-0b7f-4999-bf60-6670fe5985ea,SAMMS-NONTCv5
202608260854400894,202608260654256314,202608260654255519,85,1871,Bronze INV,br_Appointments,TASK_COMPLETE,SUCCESS,INFO,4654,4654,0,,2026-08-26T06:54:31.515Z,2026-08-26T08:57:15.847Z,7364,2026-08-26T08:57:15.847Z,V5B,Houma,912d32aa-0b7f-4999-bf60-6670fe5985ea,SAMMS-HoumaV6
202608260854400895,202608260654256315,202608260654255519,85,1872,Bronze INV,br_Appointments,TASK_COMPLETE,SUCCESS,INFO,43951,43951,0,,2026-08-26T06:54:31.515Z,2026-08-26T08:57:15.847Z,7364,2026-08-26T08:57:15.847Z,V6,Lake Charles,912d32aa-0b7f-4999-bf60-6670fe5985ea,SAMMS-LCv5
202608260854400896,202608260654256316,202608260654255519,85,1874,Bronze INV,br_Appointments,TASK_COMPLETE,SUCCESS,INFO,13309,13309,0,,2026-08-26T06:54:31.515Z,2026-08-26T08:57:15.847Z,7364,2026-08-26T08:57:15.847Z,V8,Memphis Midtown,912d32aa-0b7f-4999-bf60-6670fe5985ea,SAMMS-VCPHCS-VIII-MemphisV5
202608260854400897,202608260654256317,202608260654255519,85,1875,Bronze INV,br_Appointments,TASK_COMPLETE,SUCCESS,INFO,56796,56796,0,,2026-08-26T06:54:31.515Z,2026-08-26T08:57:15.847Z,7364,2026-08-26T08:57:15.847Z,V9,Nashville,912d32aa-0b7f-4999-bf60-6670fe5985ea,SAMMS-NashvilleV5
202608260854400898,202608260654256318,202608260654255519,85,1876,Bronze INV,br_Appointments,TASK_COMPLETE,SUCCESS,INFO,20451,20451,0,,2026-08-26T06:54:31.515Z,2026-08-26T08:57:15.847Z,7364,2026-08-26T08:57:15.847Z,VBRA,Brainerd,912d32aa-0b7f-4999-bf60-6670fe5985ea,SAMMS-BrainerdV6
202608260854400899,202608260654256319,202608260654255519,85,1877,Bronze INV,br_Appointments,TASK_COMPLETE,SUCCESS,INFO,78900,78900,0,,2026-08-26T06:54:31.515Z,2026-08-26T08:57:15.847Z,7364,2026-08-26T08:57:15.847Z,VBRP,Brooklyn Park,912d32aa-0b7f-4999-bf60-6670fe5985ea,SAMMS-BrooklynParkV6
202608260854400900,202608260654256320,202608260654255519,85,1879,Bronze INV,br_Appointments,TASK_COMPLETE,SUCCESS,INFO,40851,40851,0,,2026-08-26T06:54:31.515Z,2026-08-26T08:57:15.847Z,7364,2026-08-26T08:57:15.847Z,VMIN,Minneapolis,912d32aa-0b7f-4999-bf60-6670fe5985ea,SAMMS-MinneapolisV6
202608260854400901,202608260654256321,202608260654255519,85,1880,Bronze INV,br_Appointments,TASK_COMPLETE,SUCCESS,INFO,89180,89180,0,,2026-08-26T06:54:31.515Z,2026-08-26T08:57:15.847Z,7364,2026-08-26T08:57:15.847Z,VWBY,Woodbury,912d32aa-0b7f-4999-bf60-6670fe5985ea,SAMMS-WoodburyV6
202608260854400903,202608260654256322,202608260654255519,85,1882,Bronze INV,br_Appointments,TASK_COMPLETE,SUCCESS,INFO,12675,12675,0,,2026-08-26T06:54:31.515Z,2026-08-26T08:57:15.847Z,7364,2026-08-26T08:57:15.847Z,WIL,Wilson,912d32aa-0b7f-4999-bf60-6670fe5985ea,SAMMS-Wilson
202608260854401004,202608260654355543,202608260654355519,86,8583,Silver INV,sl_Appointments,TASK_COMPLETE,SUCCESS,INFO,2441598,2441598,0,,2026-08-26T06:54:31.515Z,2026-08-26T08:57:15.847Z,7364,2026-08-26T08:57:15.847Z,,,912d32aa-0b7f-4999-bf60-6670fe5985ea,
202608260854400926,202608260654255635,202608260654255519,85,1886,Bronze INV,br_Bottle,TASK_COMPLETE,SUCCESS,INFO,1857,1857,0,,2026-08-26T06:54:31.515Z,2026-08-26T08:57:15.847Z,7364,2026-08-26T08:57:15.847Z,AHK,Ahoskie,912d32aa-0b7f-4999-bf60-6670fe5985ea,SAMMS-Ahoskie
202608260854400927,202608260654255636,202608260654255519,85,1887,Bronze INV,br_Bottle,TASK_COMPLETE,SUCCESS,INFO,2792,2792,0,,2026-08-26T06:54:31.515Z,2026-08-26T08:57:15.847Z,7364,2026-08-26T08:57:15.847Z,B12B,Colorado Springs,912d32aa-0b7f-4999-bf60-6670fe5985ea,SAMMS-ColoradoSpringsV5
202608260854400929,202608260654255637,202608260654255519,85,1888,Bronze INV,br_Bottle,TASK_COMPLETE,SUCCESS,INFO,25499,25499,0,,2026-08-26T06:54:31.515Z,2026-08-26T08:57:15.847Z,7364,2026-08-26T08:57:15.847Z,B24,Paintsville,912d32aa-0b7f-4999-bf60-6670fe5985ea,SAMMS-PaintsvilleV5
202608260854400930,202608260654255638,202608260654255519,85,1889,Bronze INV,br_Bottle,TASK_COMPLETE,SUCCESS,INFO,28172,28172,0,,2026-08-26T06:54:31.515Z,2026-08-26T08:57:15.847Z,7364,2026-08-26T08:57:15.847Z,B25,Pikeville,912d32aa-0b7f-4999-bf60-6670fe5985ea,SAMMS-PikevilleV5
202608260854400931,202608260654255639,202608260654255519,85,1890,Bronze INV,br_Bottle,TASK_COMPLETE,SUCCESS,INFO,51690,51690,0,,2026-08-26T06:54:31.515Z,2026-08-26T08:57:15.847Z,7364,2026-08-26T08:57:15.847Z,B26,Hazard,912d32aa-0b7f-4999-bf60-6670fe5985ea,SAMMS-HazardV5
202608260854400932,202608260654255640,202608260654255519,85,1891,Bronze INV,br_Bottle,TASK_COMPLETE,SUCCESS,INFO,1857,1857,0,,2026-08-26T06:54:31.515Z,2026-08-26T08:57:15.847Z,7364,2026-08-26T08:57:15.847Z,B27,Savannah,912d32aa-0b7f-4999-bf60-6670fe5985ea,SAMMS-SavannahV6
202608260854400933,202608260654255641,202608260654255519,85,1892,Bronze INV,br_Bottle,TASK_COMPLETE,SUCCESS,INFO,20161,20161,0,,2026-08-26T06:54:31.515Z,2026-08-26T08:57:15.847Z,7364,2026-08-26T08:57:15.847Z,B28,West Plains,912d32aa-0b7f-4999-bf60-6670fe5985ea,SAMMS-WestPlainesV5
202608260854400934,202608260654255642,202608260654255519,85,1893,Bronze INV,br_Bottle,TASK_COMPLETE,SUCCESS,INFO,16959,16959,0,,2026-08-26T06:54:31.515Z,2026-08-26T08:57:15.847Z,7364,2026-08-26T08:57:15.847Z,B29,Poplar Bluff,912d32aa-0b7f-4999-bf60-6670fe5985ea,SAMMS-PoplarBluffV5
202608260854400935,202608260654255643,202608260654255519,85,1894,Bronze INV,br_Bottle,TASK_COMPLETE,SUCCESS,INFO,7547,7547,0,,2026-08-26T06:54:31.515Z,2026-08-26T08:57:15.847Z,7364,2026-08-26T08:57:15.847Z,B30,KC North,912d32aa-0b7f-4999-bf60-6670fe5985ea,SAMMS-KCNv5
202608260854400937,202608260654255644,202608260654255519,85,1895,Bronze INV,br_Bottle,TASK_COMPLETE,SUCCESS,INFO,42588,42588,0,,2026-08-26T06:54:31.515Z,2026-08-26T08:57:15.847Z,7364,2026-08-26T08:57:15.847Z,B31,Dyersburg,912d32aa-0b7f-4999-bf60-6670fe5985ea,SAMMS-DyersburgV5
202608260854400938,202608260654255645,202608260654255519,85,1897,Bronze INV,br_Bottle,TASK_COMPLETE,SUCCESS,INFO,25121,25121,0,,2026-08-26T06:54:31.515Z,2026-08-26T08:57:15.847Z,7364,2026-08-26T08:57:15.847Z,B33,Paducah,912d32aa-0b7f-4999-bf60-6670fe5985ea,SAMMS-Paducah
202608260854400939,202608260654255646,202608260654255519,85,1898,Bronze INV,br_Bottle,TASK_COMPLETE,SUCCESS,INFO,31969,31969,0,,2026-08-26T06:54:31.515Z,2026-08-26T08:57:15.847Z,7364,2026-08-26T08:57:15.847Z,B34,Corbin,912d32aa-0b7f-4999-bf60-6670fe5985ea,SAMMS-CorbinV5
202608260854400940,202608260654255647,202608260654255519,85,1899,Bronze INV,br_Bottle,TASK_COMPLETE,SUCCESS,INFO,57967,57967,0,,2026-08-26T06:54:31.515Z,2026-08-26T08:57:15.847Z,7364,2026-08-26T08:57:15.847Z,B35,Lexington,912d32aa-0b7f-4999-bf60-6670fe5985ea,SAMMS-LexingtonV5
202608260854400941,202608260654255648,202608260654255519,85,1900,Bronze INV,br_Bottle,TASK_COMPLETE,SUCCESS,INFO,11498,11498,0,,2026-08-26T06:54:31.515Z,2026-08-26T08:57:15.847Z,7364,2026-08-26T08:57:15.847Z,B35A,Berea,912d32aa-0b7f-4999-bf60-6670fe5985ea,SAMMS-BereaV5
202608260854400942,202608260654255649,202608260654255519,85,1901,Bronze INV,br_Bottle,TASK_COMPLETE,SUCCESS,INFO,34242,34242,0,,2026-08-26T06:54:31.515Z,2026-08-26T08:57:15.847Z,7364,2026-08-26T08:57:15.847Z,B36,Asheville,912d32aa-0b7f-4999-bf60-6670fe5985ea,SAMMS-AshevilleV5
202608260854400943,202608260654255650,202608260654255519,85,1902,Bronze INV,br_Bottle,TASK_COMPLETE,SUCCESS,INFO,20447,20447,0,,2026-08-26T06:54:31.515Z,2026-08-26T08:57:15.847Z,7364,2026-08-26T08:57:15.847Z,B37,Clyde,912d32aa-0b7f-4999-bf60-6670fe5985ea,SAMMS-ClydeV5
202608260854400945,202608260654255651,202608260654255519,85,1903,Bronze INV,br_Bottle,TASK_COMPLETE,SUCCESS,INFO,24720,24720,0,,2026-08-26T06:54:31.515Z,2026-08-26T08:57:15.847Z,7364,2026-08-26T08:57:15.847Z,B38,Spartanburg,912d32aa-0b7f-4999-bf60-6670fe5985ea,SAMMS-SpartanburgV5
202608260854400946,202608260654255652,202608260654255519,85,1904,Bronze INV,br_Bottle,TASK_COMPLETE,SUCCESS,INFO,6533,6533,0,,2026-08-26T06:54:31.515Z,2026-08-26T08:57:15.847Z,7364,2026-08-26T08:57:15.847Z,B39,Aiken,912d32aa-0b7f-4999-bf60-6670fe5985ea,SAMMS-AikenV5
202608260854401946,202608260654257557,202608260654255519,85,3314,Bronze INV,br_ReAssessmentFamily,TASK_COMPLETE,SUCCESS,INFO,484,484,0,,2026-08-26T06:54:31.515Z,2026-08-26T08:57:15.847Z,7364,2026-08-26T08:57:15.847Z,STN,Staunton,912d32aa-0b7f-4999-bf60-6670fe5985ea,SAMMS-Staunton
202608260854401947,202608260654257558,202608260654255519,85,3315,Bronze INV,br_ReAssessmentFamily,TASK_COMPLETE,SUCCESS,INFO,225,225,0,,2026-08-26T06:54:31.515Z,2026-08-26T08:57:15.847Z,7364,2026-08-26T08:57:15.847Z,STVN,Stevenson,912d32aa-0b7f-4999-bf60-6670fe5985ea,SAMMS-Stevenson
202608260854401948,202608260654257559,202608260654255519,85,3317,Bronze INV,br_ReAssessmentFamily,TASK_COMPLETE,SUCCESS,INFO,173,173,0,,2026-08-26T06:54:31.515Z,2026-08-26T08:57:15.847Z,7364,2026-08-26T08:57:15.847Z,TE,Tempe,912d32aa-0b7f-4999-bf60-6670fe5985ea,SAMMS-Tempe
202608260854401950,202608260654257560,202608260654255519,85,3318,Bronze INV,br_ReAssessmentFamily,TASK_COMPLETE,SUCCESS,INFO,0,0,0,,2026-08-26T06:54:31.515Z,2026-08-26T08:57:15.847Z,7364,2026-08-26T08:57:15.847Z,TEX,Texarkana,912d32aa-0b7f-4999-bf60-6670fe5985ea,SAMMS-Texarkana
202608260854401951,202608260654257561,202608260654255519,85,3319,Bronze INV,br_ReAssessmentFamily,TASK_COMPLETE,SUCCESS,INFO,1079,1079,0,,2026-08-26T06:54:31.515Z,2026-08-26T08:57:15.847Z,7364,2026-08-26T08:57:15.847Z,TTCA,Bessemer,912d32aa-0b7f-4999-bf60-6670fe5985ea,SAMMS-BessemerV5
202608260854401952,202608260654257562,202608260654255519,85,3320,Bronze INV,br_ReAssessmentFamily,TASK_COMPLETE,SUCCESS,INFO,1317,1317,0,,2026-08-26T06:54:31.515Z,2026-08-26T08:57:15.847Z,7364,2026-08-26T08:57:15.847Z,TTCB,Cullman,912d32aa-0b7f-4999-bf60-6670fe5985ea,SAMMS-CullmanV5
202608260854401953,202608260654257563,202608260654255519,85,3321,Bronze INV,br_ReAssessmentFamily,TASK_COMPLETE,SUCCESS,INFO,944,944,0,,2026-08-26T06:54:31.515Z,2026-08-26T08:57:15.847Z,7364,2026-08-26T08:57:15.847Z,TTCC,Grand Bay,912d32aa-0b7f-4999-bf60-6670fe5985ea,SAMMS-GrandBay
202608260854401954,202608260654257564,202608260654255519,85,3322,Bronze INV,br_ReAssessmentFamily,TASK_COMPLETE,SUCCESS,INFO,15,15,0,,2026-08-26T06:54:31.515Z,2026-08-26T08:57:15.847Z,7364,2026-08-26T08:57:15.847Z,TU,Tucson,912d32aa-0b7f-4999-bf60-6670fe5985ea,SAMMS-Tucson
202608260854401955,202608260654257565,202608260654255519,85,3324,Bronze INV,br_ReAssessmentFamily,TASK_COMPLETE,SUCCESS,INFO,660,660,0,,2026-08-26T06:54:31.515Z,2026-08-26T08:57:15.847Z,7364,2026-08-26T08:57:15.847Z,V1,Memphis South,912d32aa-0b7f-4999-bf60-6670fe5985ea,SAMMS-VCPHCS-I-MemphisV5
202608260854401957,202608260654257566,202608260654255519,85,3325,Bronze INV,br_ReAssessmentFamily,TASK_COMPLETE,SUCCESS,INFO,1628,1628,0,,2026-08-26T06:54:31.515Z,2026-08-26T08:57:15.847Z,7364,2026-08-26T08:57:15.847Z,V10,Longmont,912d32aa-0b7f-4999-bf60-6670fe5985ea,SAMMS-BoulderV5
202608260854401958,202608260654257567,202608260654255519,85,3326,Bronze INV,br_ReAssessmentFamily,TASK_COMPLETE,SUCCESS,INFO,1513,1513,0,,2026-08-26T06:54:31.515Z,2026-08-26T08:57:15.847Z,7364,2026-08-26T08:57:15.847Z,V10A,Fort Collins,912d32aa-0b7f-4999-bf60-6670fe5985ea,SAMMS-FortCollinsV5
202608260854401959,202608260654257568,202608260654255519,85,3327,Bronze INV,br_ReAssessmentFamily,TASK_COMPLETE,SUCCESS,INFO,2870,2870,0,,2026-08-26T06:54:31.515Z,2026-08-26T08:57:15.847Z,7364,2026-08-26T08:57:15.847Z,V11,Westminster,912d32aa-0b7f-4999-bf60-6670fe5985ea,SAMMS-VCPHCS-XI-NorthDenverV5
202608260854401960,202608260654257569,202608260654255519,85,3328,Bronze INV,br_ReAssessmentFamily,TASK_COMPLETE,SUCCESS,INFO,3037,3037,0,,2026-08-26T06:54:31.515Z,2026-08-26T08:57:15.847Z,7364,2026-08-26T08:57:15.847Z,V12,Downtown Denver,912d32aa-0b7f-4999-bf60-6670fe5985ea,SAMMS-VCPHCS-XII-DowntownDenverV5
202608260854401961,202608260654257570,202608260654255519,85,3329,Bronze INV,br_ReAssessmentFamily,TASK_COMPLETE,SUCCESS,INFO,1141,1141,0,,2026-08-26T06:54:31.515Z,2026-08-26T08:57:15.847Z,7364,2026-08-26T08:57:15.847Z,V12A,Centennial,912d32aa-0b7f-4999-bf60-6670fe5985ea,SAMMS-CentennialV5
202608260854401963,202608260654257571,202608260654255519,85,3330,Bronze INV,br_ReAssessmentFamily,TASK_COMPLETE,SUCCESS,INFO,294,294,0,,2026-08-26T06:54:31.515Z,2026-08-26T08:57:15.847Z,7364,2026-08-26T08:57:15.847Z,V14,Overland Park,912d32aa-0b7f-4999-bf60-6670fe5985ea,SAMMS-VCPHCS-XIV-BridgewayV5
202608260854401964,202608260654257572,202608260654255519,85,3331,Bronze INV,br_ReAssessmentFamily,TASK_COMPLETE,SUCCESS,INFO,610,610,0,,2026-08-26T06:54:31.515Z,2026-08-26T08:57:15.847Z,7364,2026-08-26T08:57:15.847Z,V15,Joplin,912d32aa-0b7f-4999-bf60-6670fe5985ea,SAMMS-JoplinV5
202608260854401965,202608260654257573,202608260654255519,85,3333,Bronze INV,br_ReAssessmentFamily,TASK_COMPLETE,SUCCESS,INFO,903,903,0,,2026-08-26T06:54:31.515Z,2026-08-26T08:57:15.847Z,7364,2026-08-26T08:57:15.847Z,V17,Columbia TN,912d32aa-0b7f-4999-bf60-6670fe5985ea,SAMMS-ColumbiaTNv5
202608260854401966,202608260654257574,202608260654255519,85,3335,Bronze INV,br_ReAssessmentFamily,TASK_COMPLETE,SUCCESS,INFO,533,533,0,,2026-08-26T06:54:31.515Z,2026-08-26T08:57:15.847Z,7364,2026-08-26T08:57:15.847Z,V19,Jackson,912d32aa-0b7f-4999-bf60-6670fe5985ea,SAMMS-JacksonV5
202608260854401967,202608260654257575,202608260654255519,85,3337,Bronze INV,br_ReAssessmentFamily,TASK_COMPLETE,SUCCESS,INFO,1768,1768,0,,2026-08-26T06:54:31.515Z,2026-08-26T08:57:15.847Z,7364,2026-08-26T08:57:15.847Z,V20,Paris,912d32aa-0b7f-4999-bf60-6670fe5985ea,SAMMS-ParisV5
202608260854401969,202608260654257576,202608260654255519,85,3338,Bronze INV,br_ReAssessmentFamily,TASK_COMPLETE,SUCCESS,INFO,723,723,0,,2026-08-26T06:54:31.515Z,2026-08-26T08:57:15.847Z,7364,2026-08-26T08:57:15.847Z,V21,Memphis North,912d32aa-0b7f-4999-bf60-6670fe5985ea,SAMMS-RaleighV5
202608260854401970,202608260654257577,202608260654255519,85,3341,Bronze INV,br_ReAssessmentFamily,TASK_COMPLETE,SUCCESS,INFO,1780,1780,0,,2026-08-26T06:54:31.515Z,2026-08-26T08:57:15.847Z,7364,2026-08-26T08:57:15.847Z,V5,West Bank,912d32aa-0b7f-4999-bf60-6670fe5985ea,SAMMS-NONTCv5
202608260854401971,202608260654257578,202608260654255519,85,3343,Bronze INV,br_ReAssessmentFamily,TASK_COMPLETE,SUCCESS,INFO,144,144,0,,2026-08-26T06:54:31.515Z,2026-08-26T08:57:15.847Z,7364,2026-08-26T08:57:15.847Z,V5B,Houma,912d32aa-0b7f-4999-bf60-6670fe5985ea,SAMMS-HoumaV6
202608260854401972,202608260654257579,202608260654255519,85,3344,Bronze INV,br_ReAssessmentFamily,TASK_COMPLETE,SUCCESS,INFO,1910,1910,0,,2026-08-26T06:54:31.515Z,2026-08-26T08:57:15.847Z,7364,2026-08-26T08:57:15.847Z,V6,Lake Charles,912d32aa-0b7f-4999-bf60-6670fe5985ea,SAMMS-LCv5
202608260854401973,202608260654257580,202608260654255519,85,3346,Bronze INV,br_ReAssessmentFamily,TASK_COMPLETE,SUCCESS,INFO,741,741,0,,2026-08-26T06:54:31.515Z,2026-08-26T08:57:15.847Z,7364,2026-08-26T08:57:15.847Z,V8,Memphis Midtown,912d32aa-0b7f-4999-bf60-6670fe5985ea,SAMMS-VCPHCS-VIII-MemphisV5
202608260854401974,202608260654257581,202608260654255519,85,3347,Bronze INV,br_ReAssessmentFamily,TASK_COMPLETE,SUCCESS,INFO,1763,1763,0,,2026-08-26T06:54:31.515Z,2026-08-26T08:57:15.847Z,7364,2026-08-26T08:57:15.847Z,V9,Nashville,912d32aa-0b7f-4999-bf60-6670fe5985ea,SAMMS-NashvilleV5
202608260854401975,202608260654257582,202608260654255519,85,3348,Bronze INV,br_ReAssessmentFamily,TASK_COMPLETE,SUCCESS,INFO,838,838,0,,2026-08-26T06:54:31.515Z,2026-08-26T08:57:15.847Z,7364,2026-08-26T08:57:15.847Z,VBRA,Brainerd,912d32aa-0b7f-4999-bf60-6670fe5985ea,SAMMS-BrainerdV6
202608260854401977,202608260654257583,202608260654255519,85,3349,Bronze INV,br_ReAssessmentFamily,TASK_COMPLETE,SUCCESS,INFO,1958,1958,0,,2026-08-26T06:54:31.515Z,2026-08-26T08:57:15.847Z,7364,2026-08-26T08:57:15.847Z,VBRP,Brooklyn Park,912d32aa-0b7f-4999-bf60-6670fe5985ea,SAMMS-BrooklynParkV6
202608260854401978,202608260654257584,202608260654255519,85,3351,Bronze INV,br_ReAssessmentFamily,TASK_COMPLETE,SUCCESS,INFO,745,745,0,,2026-08-26T06:54:31.515Z,2026-08-26T08:57:15.847Z,7364,2026-08-26T08:57:15.847Z,VMIN,Minneapolis,912d32aa-0b7f-4999-bf60-6670fe5985ea,SAMMS-MinneapolisV6
202608260854401979,202608260654257585,202608260654255519,85,3352,Bronze INV,br_ReAssessmentFamily,TASK_COMPLETE,SUCCESS,INFO,884,884,0,,2026-08-26T06:54:31.515Z,2026-08-26T08:57:15.847Z,7364,2026-08-26T08:57:15.847Z,VWBY,Woodbury,912d32aa-0b7f-4999-bf60-6670fe5985ea,SAMMS-WoodburyV6
202608260854401980,202608260654257586,202608260654255519,85,3354,Bronze INV,br_ReAssessmentFamily,TASK_COMPLETE,SUCCESS,INFO,161,161,0,,2026-08-26T06:54:31.515Z,2026-08-26T08:57:15.847Z,7364,2026-08-26T08:57:15.847Z,WIL,Wilson,912d32aa-0b7f-4999-bf60-6670fe5985ea,SAMMS-Wilson
202608260854402082,202608260654355529,202608260654355519,86,5729,Silver INV,sl_ReAssessmentFamily,TASK_COMPLETE,SUCCESS,INFO,78632,78632,0,,2026-08-26T06:54:31.515Z,2026-08-26T08:57:15.847Z,7364,2026-08-26T08:57:15.847Z,,,912d32aa-0b7f-4999-bf60-6670fe5985ea,
202608260854402010,202608260654257587,202608260654255519,85,3358,Bronze INV,br_ReAssessmentLegal,TASK_COMPLETE,SUCCESS,INFO,35,35,0,,2026-08-26T06:54:31.515Z,2026-08-26T08:57:15.847Z,7364,2026-08-26T08:57:15.847Z,AHK,Ahoskie,912d32aa-0b7f-4999-bf60-6670fe5985ea,SAMMS-Ahoskie
202608260854402011,202608260654257588,202608260654255519,85,3359,Bronze INV,br_ReAssessmentLegal,TASK_COMPLETE,SUCCESS,INFO,661,661,0,,2026-08-26T06:54:31.515Z,2026-08-26T08:57:15.847Z,7364,2026-08-26T08:57:15.847Z,B12B,Colorado Springs,912d32aa-0b7f-4999-bf60-6670fe5985ea,SAMMS-ColoradoSpringsV5
202608260854402012,202608260654257589,202608260654255519,85,3360,Bronze INV,br_ReAssessmentLegal,TASK_COMPLETE,SUCCESS,INFO,828,828,0,,2026-08-26T06:54:31.515Z,2026-08-26T08:57:15.847Z,7364,2026-08-26T08:57:15.847Z,B24,Paintsville,912d32aa-0b7f-4999-bf60-6670fe5985ea,SAMMS-PaintsvilleV5
202608260854402013,202608260654257590,202608260654255519,85,3361,Bronze INV,br_ReAssessmentLegal,TASK_COMPLETE,SUCCESS,INFO,646,646,0,,2026-08-26T06:54:31.515Z,2026-08-26T08:57:15.847Z,7364,2026-08-26T08:57:15.847Z,B25,Pikeville,912d32aa-0b7f-4999-bf60-6670fe5985ea,SAMMS-PikevilleV5
202608260854402014,202608260654257591,202608260654255519,85,3362,Bronze INV,br_ReAssessmentLegal,TASK_COMPLETE,SUCCESS,INFO,971,971,0,,2026-08-26T06:54:31.515Z,2026-08-26T08:57:15.847Z,7364,2026-08-26T08:57:15.847Z,B26,Hazard,912d32aa-0b7f-4999-bf60-6670fe5985ea,SAMMS-HazardV5
202608260854402015,202608260654257592,202608260654255519,85,3363,Bronze INV,br_ReAssessmentLegal,TASK_COMPLETE,SUCCESS,INFO,530,530,0,,2026-08-26T06:54:31.515Z,2026-08-26T08:57:15.847Z,7364,2026-08-26T08:57:15.847Z,B27,Savannah,912d32aa-0b7f-4999-bf60-6670fe5985ea,SAMMS-SavannahV6
202608260854402017,202608260654257593,202608260654255519,85,3364,Bronze INV,br_ReAssessmentLegal,TASK_COMPLETE,SUCCESS,INFO,245,245,0,,2026-08-26T06:54:31.515Z,2026-08-26T08:57:15.847Z,7364,2026-08-26T08:57:15.847Z,B28,West Plains,912d32aa-0b7f-4999-bf60-6670fe5985ea,SAMMS-WestPlainesV5
202608260854399324,202608260654256434,202608260654255519,85,407,Bronze INV,br_AdmissionAssessment,TASK_COMPLETE,SUCCESS,INFO,3,3,0,,2026-08-26T06:54:31.515Z,2026-08-26T08:57:15.847Z,7364,2026-08-26T08:57:15.847Z,VMIN,Minneapolis,912d32aa-0b7f-4999-bf60-6670fe5985ea,SAMMS-MinneapolisV6
202608260854399325,202608260654256435,202608260654255519,85,408,Bronze INV,br_AdmissionAssessment,TASK_COMPLETE,SUCCESS,INFO,1,1,0,,2026-08-26T06:54:31.515Z,2026-08-26T08:57:15.847Z,7364,2026-08-26T08:57:15.847Z,VWBY,Woodbury,912d32aa-0b7f-4999-bf60-6670fe5985ea,SAMMS-WoodburyV6
202608260854399326,202608260654256436,202608260654255519,85,410,Bronze INV,br_AdmissionAssessment,TASK_COMPLETE,SUCCESS,INFO,115,115,0,,2026-08-26T06:54:31.515Z,2026-08-26T08:57:15.847Z,7364,2026-08-26T08:57:15.847Z,WIL,Wilson,912d32aa-0b7f-4999-bf60-6670fe5985ea,SAMMS-Wilson
202608260854399428,202608260654355520,202608260654355519,86,5720,Silver INV,sl_AdmissionAssessment,TASK_COMPLETE,SUCCESS,INFO,12292,12292,0,,2026-08-26T06:54:31.515Z,2026-08-26T08:57:15.847Z,7364,2026-08-26T08:57:15.847Z,,,912d32aa-0b7f-4999-bf60-6670fe5985ea,
202608260854399358,202608260654257012,202608260654255519,85,414,Bronze INV,br_AdmissionAssessmentDimensionFiveSubstanceUse,TASK_COMPLETE,SUCCESS,INFO,97,97,0,,2026-08-26T06:54:31.515Z,2026-08-26T08:57:15.847Z,7364,2026-08-26T08:57:15.847Z,AHK,Ahoskie,912d32aa-0b7f-4999-bf60-6670fe5985ea,SAMMS-Ahoskie
202608260854399359,202608260654257013,202608260654255519,85,415,Bronze INV,br_AdmissionAssessmentDimensionFiveSubstanceUse,TASK_COMPLETE,SUCCESS,INFO,787,787,0,,2026-08-26T06:54:31.515Z,2026-08-26T08:57:15.847Z,7364,2026-08-26T08:57:15.847Z,B12B,Colorado Springs,912d32aa-0b7f-4999-bf60-6670fe5985ea,SAMMS-ColoradoSpringsV5
202608260854399360,202608260654257014,202608260654255519,85,416,Bronze INV,br_AdmissionAssessmentDimensionFiveSubstanceUse,TASK_COMPLETE,SUCCESS,INFO,412,412,0,,2026-08-26T06:54:31.515Z,2026-08-26T08:57:15.847Z,7364,2026-08-26T08:57:15.847Z,B24,Paintsville,912d32aa-0b7f-4999-bf60-6670fe5985ea,SAMMS-PaintsvilleV5
202608260854399362,202608260654257015,202608260654255519,85,417,Bronze INV,br_AdmissionAssessmentDimensionFiveSubstanceUse,TASK_COMPLETE,SUCCESS,INFO,171,171,0,,2026-08-26T06:54:31.515Z,2026-08-26T08:57:15.847Z,7364,2026-08-26T08:57:15.847Z,B25,Pikeville,912d32aa-0b7f-4999-bf60-6670fe5985ea,SAMMS-PikevilleV5
202608260854399363,202608260654257016,202608260654255519,85,418,Bronze INV,br_AdmissionAssessmentDimensionFiveSubstanceUse,TASK_COMPLETE,SUCCESS,INFO,493,493,0,,2026-08-26T06:54:31.515Z,2026-08-26T08:57:15.847Z,7364,2026-08-26T08:57:15.847Z,B26,Hazard,912d32aa-0b7f-4999-bf60-6670fe5985ea,SAMMS-HazardV5
202608260854399364,202608260654257017,202608260654255519,85,419,Bronze INV,br_AdmissionAssessmentDimensionFiveSubstanceUse,TASK_COMPLETE,SUCCESS,INFO,189,189,0,,2026-08-26T06:54:31.515Z,2026-08-26T08:57:15.847Z,7364,2026-08-26T08:57:15.847Z,B27,Savannah,912d32aa-0b7f-4999-bf60-6670fe5985ea,SAMMS-SavannahV6
202608260854399365,202608260654257018,202608260654255519,85,420,Bronze INV,br_AdmissionAssessmentDimensionFiveSubstanceUse,TASK_COMPLETE,SUCCESS,INFO,235,235,0,,2026-08-26T06:54:31.515Z,2026-08-26T08:57:15.847Z,7364,2026-08-26T08:57:15.847Z,B28,West Plains,912d32aa-0b7f-4999-bf60-6670fe5985ea,SAMMS-WestPlainesV5
202608260854399366,202608260654257019,202608260654255519,85,421,Bronze INV,br_AdmissionAssessmentDimensionFiveSubstanceUse,TASK_COMPLETE,SUCCESS,INFO,260,260,0,,2026-08-26T06:54:31.515Z,2026-08-26T08:57:15.847Z,7364,2026-08-26T08:57:15.847Z,B29,Poplar Bluff,912d32aa-0b7f-4999-bf60-6670fe5985ea,SAMMS-PoplarBluffV5
202608260854399367,202608260654257020,202608260654255519,85,422,Bronze INV,br_AdmissionAssessmentDimensionFiveSubstanceUse,TASK_COMPLETE,SUCCESS,INFO,139,139,0,,2026-08-26T06:54:31.515Z,2026-08-26T08:57:15.847Z,7364,2026-08-26T08:57:15.847Z,B30,KC North,912d32aa-0b7f-4999-bf60-6670fe5985ea,SAMMS-KCNv5
202608260854399368,202608260654257021,202608260654255519,85,423,Bronze INV,br_AdmissionAssessmentDimensionFiveSubstanceUse,TASK_COMPLETE,SUCCESS,INFO,333,333,0,,2026-08-26T06:54:31.515Z,2026-08-26T08:57:15.847Z,7364,2026-08-26T08:57:15.847Z,B31,Dyersburg,912d32aa-0b7f-4999-bf60-6670fe5985ea,SAMMS-DyersburgV5
202608260854399370,202608260654257022,202608260654255519,85,425,Bronze INV,br_AdmissionAssessmentDimensionFiveSubstanceUse,TASK_COMPLETE,SUCCESS,INFO,211,211,0,,2026-08-26T06:54:31.515Z,2026-08-26T08:57:15.847Z,7364,2026-08-26T08:57:15.847Z,B33,Paducah,912d32aa-0b7f-4999-bf60-6670fe5985ea,SAMMS-Paducah
202608260854399371,202608260654257023,202608260654255519,85,426,Bronze INV,br_AdmissionAssessmentDimensionFiveSubstanceUse,TASK_COMPLETE,SUCCESS,INFO,448,448,0,,2026-08-26T06:54:31.515Z,2026-08-26T08:57:15.847Z,7364,2026-08-26T08:57:15.847Z,B34,Corbin,912d32aa-0b7f-4999-bf60-6670fe5985ea,SAMMS-CorbinV5
202608260854399372,202608260654257024,202608260654255519,85,427,Bronze INV,br_AdmissionAssessmentDimensionFiveSubstanceUse,TASK_COMPLETE,SUCCESS,INFO,711,711,0,,2026-08-26T06:54:31.515Z,2026-08-26T08:57:15.847Z,7364,2026-08-26T08:57:15.847Z,B35,Lexington,912d32aa-0b7f-4999-bf60-6670fe5985ea,SAMMS-LexingtonV5
202608260854399373,202608260654257025,202608260654255519,85,428,Bronze INV,br_AdmissionAssessmentDimensionFiveSubstanceUse,TASK_COMPLETE,SUCCESS,INFO,347,347,0,,2026-08-26T06:54:31.515Z,2026-08-26T08:57:15.847Z,7364,2026-08-26T08:57:15.847Z,B35A,Berea,912d32aa-0b7f-4999-bf60-6670fe5985ea,SAMMS-BereaV5
202608260854399374,202608260654257026,202608260654255519,85,429,Bronze INV,br_AdmissionAssessmentDimensionFiveSubstanceUse,TASK_COMPLETE,SUCCESS,INFO,600,600,0,,2026-08-26T06:54:31.515Z,2026-08-26T08:57:15.847Z,7364,2026-08-26T08:57:15.847Z,B36,Asheville,912d32aa-0b7f-4999-bf60-6670fe5985ea,SAMMS-AshevilleV5
202608260854399375,202608260654257027,202608260654255519,85,430,Bronze INV,br_AdmissionAssessmentDimensionFiveSubstanceUse,TASK_COMPLETE,SUCCESS,INFO,444,444,0,,2026-08-26T06:54:31.515Z,2026-08-26T08:57:15.847Z,7364,2026-08-26T08:57:15.847Z,B37,Clyde,912d32aa-0b7f-4999-bf60-6670fe5985ea,SAMMS-ClydeV5
202608260854399377,202608260654257028,202608260654255519,85,431,Bronze INV,br_AdmissionAssessmentDimensionFiveSubstanceUse,TASK_COMPLETE,SUCCESS,INFO,632,632,0,,2026-08-26T06:54:31.515Z,2026-08-26T08:57:15.847Z,7364,2026-08-26T08:57:15.847Z,B38,Spartanburg,912d32aa-0b7f-4999-bf60-6670fe5985ea,SAMMS-SpartanburgV5
202608260854399378,202608260654257029,202608260654255519,85,432,Bronze INV,br_AdmissionAssessmentDimensionFiveSubstanceUse,TASK_COMPLETE,SUCCESS,INFO,475,475,0,,2026-08-26T06:54:31.515Z,2026-08-26T08:57:15.847Z,7364,2026-08-26T08:57:15.847Z,B39,Aiken,912d32aa-0b7f-4999-bf60-6670fe5985ea,SAMMS-AikenV5
202608260854399379,202608260654257030,202608260654255519,85,433,Bronze INV,br_AdmissionAssessmentDimensionFiveSubstanceUse,TASK_COMPLETE,SUCCESS,INFO,289,289,0,,2026-08-26T06:54:31.515Z,2026-08-26T08:57:15.847Z,7364,2026-08-26T08:57:15.847Z,B41,Chesapeake,912d32aa-0b7f-4999-bf60-6670fe5985ea,SAMMS-ChesapeakeV5
202608260854399380,202608260654257031,202608260654255519,85,434,Bronze INV,br_AdmissionAssessmentDimensionFiveSubstanceUse,TASK_COMPLETE,SUCCESS,INFO,534,534,0,,2026-08-26T06:54:31.515Z,2026-08-26T08:57:15.847Z,7364,2026-08-26T08:57:15.847Z,B42,Virginia Beach,912d32aa-0b7f-4999-bf60-6670fe5985ea,SAMMS-VirginiaBeachV5
202608260854399381,202608260654257032,202608260654255519,85,435,Bronze INV,br_AdmissionAssessmentDimensionFiveSubstanceUse,TASK_COMPLETE,SUCCESS,INFO,161,161,0,,2026-08-26T06:54:31.515Z,2026-08-26T08:57:15.847Z,7364,2026-08-26T08:57:15.847Z,B42A,Newport News,912d32aa-0b7f-4999-bf60-6670fe5985ea,SAMMS-NewportNewsV5
202608260854399382,202608260654257033,202608260654255519,85,436,Bronze INV,br_AdmissionAssessmentDimensionFiveSubstanceUse,TASK_COMPLETE,SUCCESS,INFO,54,54,0,,2026-08-26T06:54:31.515Z,2026-08-26T08:57:15.847Z,7364,2026-08-26T08:57:15.847Z,B42B,Franklin,912d32aa-0b7f-4999-bf60-6670fe5985ea,SAMMS-FranklinV5
202608260854399383,202608260654257034,202608260654255519,85,437,Bronze INV,br_AdmissionAssessmentDimensionFiveSubstanceUse,TASK_COMPLETE,SUCCESS,INFO,334,334,0,,2026-08-26T06:54:31.515Z,2026-08-26T08:57:15.847Z,7364,2026-08-26T08:57:15.847Z,B42C,Glen Allen,912d32aa-0b7f-4999-bf60-6670fe5985ea,SAMMS-GlenAllenV5
202608260854399385,202608260654257035,202608260654255519,85,438,Bronze INV,br_AdmissionAssessmentDimensionFiveSubstanceUse,TASK_COMPLETE,SUCCESS,INFO,166,166,0,,2026-08-26T06:54:31.515Z,2026-08-26T08:57:15.847Z,7364,2026-08-26T08:57:15.847Z,B42D,Chesapeake South,912d32aa-0b7f-4999-bf60-6670fe5985ea,SAMMS-ChesapeakeSouthV5
202608260854399386,202608260654257036,202608260654255519,85,439,Bronze INV,br_AdmissionAssessmentDimensionFiveSubstanceUse,TASK_COMPLETE,SUCCESS,INFO,205,205,0,,2026-08-26T06:54:31.515Z,2026-08-26T08:57:15.847Z,7364,2026-08-26T08:57:15.847Z,B44,Albany,912d32aa-0b7f-4999-bf60-6670fe5985ea,SAMMS-AlbanyV5
202608260854399387,202608260654257037,202608260654255519,85,440,Bronze INV,br_AdmissionAssessmentDimensionFiveSubstanceUse,TASK_COMPLETE,SUCCESS,INFO,306,306,0,,2026-08-26T06:54:31.515Z,2026-08-26T08:57:15.847Z,7364,2026-08-26T08:57:15.847Z,B45,Tifton,912d32aa-0b7f-4999-bf60-6670fe5985ea,SAMMS-TiftonV5
202608260854399388,202608260654257038,202608260654255519,85,441,Bronze INV,br_AdmissionAssessmentDimensionFiveSubstanceUse,TASK_COMPLETE,SUCCESS,INFO,656,656,0,,2026-08-26T06:54:31.515Z,2026-08-26T08:57:15.847Z,7364,2026-08-26T08:57:15.847Z,B46,Washington DC,912d32aa-0b7f-4999-bf60-6670fe5985ea,SAMMS-WashingtonDCv5
202608260854399389,202608260654257039,202608260654255519,85,442,Bronze INV,br_AdmissionAssessmentDimensionFiveSubstanceUse,TASK_COMPLETE,SUCCESS,INFO,351,351,0,,2026-08-26T06:54:31.515Z,2026-08-26T08:57:15.847Z,7364,2026-08-26T08:57:15.847Z,B47,Mobile,912d32aa-0b7f-4999-bf60-6670fe5985ea,SAMMS-MobileV5
202608260854399390,202608260654257040,202608260654255519,85,443,Bronze INV,br_AdmissionAssessmentDimensionFiveSubstanceUse,TASK_COMPLETE,SUCCESS,INFO,446,446,0,,2026-08-26T06:54:31.515Z,2026-08-26T08:57:15.847Z,7364,2026-08-26T08:57:15.847Z,B48,Tuscaloosa,912d32aa-0b7f-4999-bf60-6670fe5985ea,SAMMS-TuscaloosaV5
202608260854399392,202608260654257041,202608260654255519,85,452,Bronze INV,br_AdmissionAssessmentDimensionFiveSubstanceUse,TASK_COMPLETE,SUCCESS,INFO,310,310,0,,2026-08-26T06:54:31.515Z,2026-08-26T08:57:15.847Z,7364,2026-08-26T08:57:15.847Z,B51,N. Little Rock (OTP),912d32aa-0b7f-4999-bf60-6670fe5985ea,SAMMS-NorthLittleRockV6
202608260854399393,202608260654257042,202608260654255519,85,453,Bronze INV,br_AdmissionAssessmentDimensionFiveSubstanceUse,TASK_COMPLETE,SUCCESS,INFO,154,154,0,,2026-08-26T06:54:31.515Z,2026-08-26T08:57:15.847Z,7364,2026-08-26T08:57:15.847Z,B52,Jackson GA,912d32aa-0b7f-4999-bf60-6670fe5985ea,SAMMS-JacksonGAV5
202608260854399394,202608260654257043,202608260654255519,85,454,Bronze INV,br_AdmissionAssessmentDimensionFiveSubstanceUse,TASK_COMPLETE,SUCCESS,INFO,468,468,0,,2026-08-26T06:54:31.515Z,2026-08-26T08:57:15.847Z,7364,2026-08-26T08:57:15.847Z,B54,Gadsden,912d32aa-0b7f-4999-bf60-6670fe5985ea,SAMMS-GadsdenV5
202608260854399395,202608260654257044,202608260654255519,85,455,Bronze INV,br_AdmissionAssessmentDimensionFiveSubstanceUse,TASK_COMPLETE,SUCCESS,INFO,479,479,0,,2026-08-26T06:54:31.515Z,2026-08-26T08:57:15.847Z,7364,2026-08-26T08:57:15.847Z,B55,Shoals,912d32aa-0b7f-4999-bf60-6670fe5985ea,SAMMS-ShoalsV5
202608260854399396,202608260654257045,202608260654255519,85,456,Bronze INV,br_AdmissionAssessmentDimensionFiveSubstanceUse,TASK_COMPLETE,SUCCESS,INFO,170,170,0,,2026-08-26T06:54:31.515Z,2026-08-26T08:57:15.847Z,7364,2026-08-26T08:57:15.847Z,B57,Pawtucket,912d32aa-0b7f-4999-bf60-6670fe5985ea,SAMMS-Pawtucket
202608260854402107,202608260654257670,202608260654255519,85,3495,Bronze INV,br_ReAssessmentLegal,TASK_COMPLETE,SUCCESS,INFO,588,588,0,,2026-08-26T06:54:31.515Z,2026-08-26T08:57:15.847Z,7364,2026-08-26T08:57:15.847Z,SFN,Springfield North,912d32aa-0b7f-4999-bf60-6670fe5985ea,SAMMS-SFNv5
202608260854402108,202608260654257671,202608260654255519,85,3496,Bronze INV,br_ReAssessmentLegal,TASK_COMPLETE,SUCCESS,INFO,763,763,0,,2026-08-26T06:54:31.515Z,2026-08-26T08:57:15.847Z,7364,2026-08-26T08:57:15.847Z,SHP,Shreveport,912d32aa-0b7f-4999-bf60-6670fe5985ea,SAMMS-Shreveport
202608260854402109,202608260654257672,202608260654255519,85,3498,Bronze INV,br_ReAssessmentLegal,TASK_COMPLETE,SUCCESS,INFO,481,481,0,,2026-08-26T06:54:31.515Z,2026-08-26T08:57:15.847Z,7364,2026-08-26T08:57:15.847Z,STN,Staunton,912d32aa-0b7f-4999-bf60-6670fe5985ea,SAMMS-Staunton
202608260854402110,202608260654257673,202608260654255519,85,3499,Bronze INV,br_ReAssessmentLegal,TASK_COMPLETE,SUCCESS,INFO,224,224,0,,2026-08-26T06:54:31.515Z,2026-08-26T08:57:15.847Z,7364,2026-08-26T08:57:15.847Z,STVN,Stevenson,912d32aa-0b7f-4999-bf60-6670fe5985ea,SAMMS-Stevenson
202608260854402112,202608260654257674,202608260654255519,85,3501,Bronze INV,br_ReAssessmentLegal,TASK_COMPLETE,SUCCESS,INFO,173,173,0,,2026-08-26T06:54:31.515Z,2026-08-26T08:57:15.847Z,7364,2026-08-26T08:57:15.847Z,TE,Tempe,912d32aa-0b7f-4999-bf60-6670fe5985ea,SAMMS-Tempe
202608260854402113,202608260654257675,202608260654255519,85,3502,Bronze INV,br_ReAssessmentLegal,TASK_COMPLETE,SUCCESS,INFO,0,0,0,,2026-08-26T06:54:31.515Z,2026-08-26T08:57:15.847Z,7364,2026-08-26T08:57:15.847Z,TEX,Texarkana,912d32aa-0b7f-4999-bf60-6670fe5985ea,SAMMS-Texarkana
202608260854402114,202608260654257676,202608260654255519,85,3503,Bronze INV,br_ReAssessmentLegal,TASK_COMPLETE,SUCCESS,INFO,1068,1068,0,,2026-08-26T06:54:31.515Z,2026-08-26T08:57:15.847Z,7364,2026-08-26T08:57:15.847Z,TTCA,Bessemer,912d32aa-0b7f-4999-bf60-6670fe5985ea,SAMMS-BessemerV5
202608260854402115,202608260654257677,202608260654255519,85,3504,Bronze INV,br_ReAssessmentLegal,TASK_COMPLETE,SUCCESS,INFO,1315,1315,0,,2026-08-26T06:54:31.515Z,2026-08-26T08:57:15.847Z,7364,2026-08-26T08:57:15.847Z,TTCB,Cullman,912d32aa-0b7f-4999-bf60-6670fe5985ea,SAMMS-CullmanV5
202608260854402116,202608260654257678,202608260654255519,85,3505,Bronze INV,br_ReAssessmentLegal,TASK_COMPLETE,SUCCESS,INFO,938,938,0,,2026-08-26T06:54:31.515Z,2026-08-26T08:57:15.847Z,7364,2026-08-26T08:57:15.847Z,TTCC,Grand Bay,912d32aa-0b7f-4999-bf60-6670fe5985ea,SAMMS-GrandBay
202608260854402117,202608260654257679,202608260654255519,85,3506,Bronze INV,br_ReAssessmentLegal,TASK_COMPLETE,SUCCESS,INFO,15,15,0,,2026-08-26T06:54:31.515Z,2026-08-26T08:57:15.847Z,7364,2026-08-26T08:57:15.847Z,TU,Tucson,912d32aa-0b7f-4999-bf60-6670fe5985ea,SAMMS-Tucson
202608260854402119,202608260654257680,202608260654255519,85,3508,Bronze INV,br_ReAssessmentLegal,TASK_COMPLETE,SUCCESS,INFO,660,660,0,,2026-08-26T06:54:31.515Z,2026-08-26T08:57:15.847Z,7364,2026-08-26T08:57:15.847Z,V1,Memphis South,912d32aa-0b7f-4999-bf60-6670fe5985ea,SAMMS-VCPHCS-I-MemphisV5
202608260854402120,202608260654257681,202608260654255519,85,3509,Bronze INV,br_ReAssessmentLegal,TASK_COMPLETE,SUCCESS,INFO,1625,1625,0,,2026-08-26T06:54:31.515Z,2026-08-26T08:57:15.847Z,7364,2026-08-26T08:57:15.847Z,V10,Longmont,912d32aa-0b7f-4999-bf60-6670fe5985ea,SAMMS-BoulderV5
202608260854402121,202608260654257682,202608260654255519,85,3510,Bronze INV,br_ReAssessmentLegal,TASK_COMPLETE,SUCCESS,INFO,1511,1511,0,,2026-08-26T06:54:31.515Z,2026-08-26T08:57:15.847Z,7364,2026-08-26T08:57:15.847Z,V10A,Fort Collins,912d32aa-0b7f-4999-bf60-6670fe5985ea,SAMMS-FortCollinsV5
202608260854402122,202608260654257683,202608260654255519,85,3511,Bronze INV,br_ReAssessmentLegal,TASK_COMPLETE,SUCCESS,INFO,2862,2862,0,,2026-08-26T06:54:31.515Z,2026-08-26T08:57:15.847Z,7364,2026-08-26T08:57:15.847Z,V11,Westminster,912d32aa-0b7f-4999-bf60-6670fe5985ea,SAMMS-VCPHCS-XI-NorthDenverV5
202608260854402123,202608260654257684,202608260654255519,85,3512,Bronze INV,br_ReAssessmentLegal,TASK_COMPLETE,SUCCESS,INFO,3027,3027,0,,2026-08-26T06:54:31.515Z,2026-08-26T08:57:15.847Z,7364,2026-08-26T08:57:15.847Z,V12,Downtown Denver,912d32aa-0b7f-4999-bf60-6670fe5985ea,SAMMS-VCPHCS-XII-DowntownDenverV5
202608260854402124,202608260654257685,202608260654255519,85,3513,Bronze INV,br_ReAssessmentLegal,TASK_COMPLETE,SUCCESS,INFO,1132,1132,0,,2026-08-26T06:54:31.515Z,2026-08-26T08:57:15.847Z,7364,2026-08-26T08:57:15.847Z,V12A,Centennial,912d32aa-0b7f-4999-bf60-6670fe5985ea,SAMMS-CentennialV5
202608260854402126,202608260654257686,202608260654255519,85,3514,Bronze INV,br_ReAssessmentLegal,TASK_COMPLETE,SUCCESS,INFO,293,293,0,,2026-08-26T06:54:31.515Z,2026-08-26T08:57:15.847Z,7364,2026-08-26T08:57:15.847Z,V14,Overland Park,912d32aa-0b7f-4999-bf60-6670fe5985ea,SAMMS-VCPHCS-XIV-BridgewayV5
202608260854402127,202608260654257687,202608260654255519,85,3515,Bronze INV,br_ReAssessmentLegal,TASK_COMPLETE,SUCCESS,INFO,608,608,0,,2026-08-26T06:54:31.515Z,2026-08-26T08:57:15.847Z,7364,2026-08-26T08:57:15.847Z,V15,Joplin,912d32aa-0b7f-4999-bf60-6670fe5985ea,SAMMS-JoplinV5
202608260854402128,202608260654257688,202608260654255519,85,3517,Bronze INV,br_ReAssessmentLegal,TASK_COMPLETE,SUCCESS,INFO,903,903,0,,2026-08-26T06:54:31.515Z,2026-08-26T08:57:15.847Z,7364,2026-08-26T08:57:15.847Z,V17,Columbia TN,912d32aa-0b7f-4999-bf60-6670fe5985ea,SAMMS-ColumbiaTNv5
202608260854402129,202608260654257689,202608260654255519,85,3519,Bronze INV,br_ReAssessmentLegal,TASK_COMPLETE,SUCCESS,INFO,533,533,0,,2026-08-26T06:54:31.515Z,2026-08-26T08:57:15.847Z,7364,2026-08-26T08:57:15.847Z,V19,Jackson,912d32aa-0b7f-4999-bf60-6670fe5985ea,SAMMS-JacksonV5
202608260854402130,202608260654257690,202608260654255519,85,3521,Bronze INV,br_ReAssessmentLegal,TASK_COMPLETE,SUCCESS,INFO,1761,1761,0,,2026-08-26T06:54:31.515Z,2026-08-26T08:57:15.847Z,7364,2026-08-26T08:57:15.847Z,V20,Paris,912d32aa-0b7f-4999-bf60-6670fe5985ea,SAMMS-ParisV5
202608260854402131,202608260654257691,202608260654255519,85,3522,Bronze INV,br_ReAssessmentLegal,TASK_COMPLETE,SUCCESS,INFO,723,723,0,,2026-08-26T06:54:31.515Z,2026-08-26T08:57:15.847Z,7364,2026-08-26T08:57:15.847Z,V21,Memphis North,912d32aa-0b7f-4999-bf60-6670fe5985ea,SAMMS-RaleighV5
202608260854402133,202608260654257692,202608260654255519,85,3525,Bronze INV,br_ReAssessmentLegal,TASK_COMPLETE,SUCCESS,INFO,1773,1773,0,,2026-08-26T06:54:31.515Z,2026-08-26T08:57:15.847Z,7364,2026-08-26T08:57:15.847Z,V5,West Bank,912d32aa-0b7f-4999-bf60-6670fe5985ea,SAMMS-NONTCv5
202608260854402134,202608260654257693,202608260654255519,85,3527,Bronze INV,br_ReAssessmentLegal,TASK_COMPLETE,SUCCESS,INFO,144,144,0,,2026-08-26T06:54:31.515Z,2026-08-26T08:57:15.847Z,7364,2026-08-26T08:57:15.847Z,V5B,Houma,912d32aa-0b7f-4999-bf60-6670fe5985ea,SAMMS-HoumaV6
202608260854402135,202608260654257694,202608260654255519,85,3528,Bronze INV,br_ReAssessmentLegal,TASK_COMPLETE,SUCCESS,INFO,1907,1907,0,,2026-08-26T06:54:31.515Z,2026-08-26T08:57:15.847Z,7364,2026-08-26T08:57:15.847Z,V6,Lake Charles,912d32aa-0b7f-4999-bf60-6670fe5985ea,SAMMS-LCv5
202608260854402136,202608260654257695,202608260654255519,85,3530,Bronze INV,br_ReAssessmentLegal,TASK_COMPLETE,SUCCESS,INFO,741,741,0,,2026-08-26T06:54:31.515Z,2026-08-26T08:57:15.847Z,7364,2026-08-26T08:57:15.847Z,V8,Memphis Midtown,912d32aa-0b7f-4999-bf60-6670fe5985ea,SAMMS-VCPHCS-VIII-MemphisV5
202608260854402137,202608260654257696,202608260654255519,85,3531,Bronze INV,br_ReAssessmentLegal,TASK_COMPLETE,SUCCESS,INFO,1758,1758,0,,2026-08-26T06:54:31.515Z,2026-08-26T08:57:15.847Z,7364,2026-08-26T08:57:15.847Z,V9,Nashville,912d32aa-0b7f-4999-bf60-6670fe5985ea,SAMMS-NashvilleV5
202608260854402139,202608260654257697,202608260654255519,85,3532,Bronze INV,br_ReAssessmentLegal,TASK_COMPLETE,SUCCESS,INFO,837,837,0,,2026-08-26T06:54:31.515Z,2026-08-26T08:57:15.847Z,7364,2026-08-26T08:57:15.847Z,VBRA,Brainerd,912d32aa-0b7f-4999-bf60-6670fe5985ea,SAMMS-BrainerdV6
202608260854402140,202608260654257698,202608260654255519,85,3533,Bronze INV,br_ReAssessmentLegal,TASK_COMPLETE,SUCCESS,INFO,1953,1953,0,,2026-08-26T06:54:31.515Z,2026-08-26T08:57:15.847Z,7364,2026-08-26T08:57:15.847Z,VBRP,Brooklyn Park,912d32aa-0b7f-4999-bf60-6670fe5985ea,SAMMS-BrooklynParkV6
202608260854402141,202608260654257699,202608260654255519,85,3535,Bronze INV,br_ReAssessmentLegal,TASK_COMPLETE,SUCCESS,INFO,743,743,0,,2026-08-26T06:54:31.515Z,2026-08-26T08:57:15.847Z,7364,2026-08-26T08:57:15.847Z,VMIN,Minneapolis,912d32aa-0b7f-4999-bf60-6670fe5985ea,SAMMS-MinneapolisV6
202608260854402142,202608260654257700,202608260654255519,85,3536,Bronze INV,br_ReAssessmentLegal,TASK_COMPLETE,SUCCESS,INFO,881,881,0,,2026-08-26T06:54:31.515Z,2026-08-26T08:57:15.847Z,7364,2026-08-26T08:57:15.847Z,VWBY,Woodbury,912d32aa-0b7f-4999-bf60-6670fe5985ea,SAMMS-WoodburyV6
202608260854402144,202608260654257701,202608260654255519,85,3538,Bronze INV,br_ReAssessmentLegal,TASK_COMPLETE,SUCCESS,INFO,160,160,0,,2026-08-26T06:54:31.515Z,2026-08-26T08:57:15.847Z,7364,2026-08-26T08:57:15.847Z,WIL,Wilson,912d32aa-0b7f-4999-bf60-6670fe5985ea,SAMMS-Wilson
202608260854402245,202608260654355530,202608260654355519,86,5730,Silver INV,sl_ReAssessmentLegal,TASK_COMPLETE,SUCCESS,INFO,78449,78449,0,,2026-08-26T06:54:31.515Z,2026-08-26T08:57:15.847Z,7364,2026-08-26T08:57:15.847Z,,,912d32aa-0b7f-4999-bf60-6670fe5985ea,
202608260854402166,202608260654257702,202608260654255519,85,3542,Bronze INV,br_ReAssessmentMentalHealth,TASK_COMPLETE,SUCCESS,INFO,35,35,0,,2026-08-26T06:54:31.515Z,2026-08-26T08:57:15.847Z,7364,2026-08-26T08:57:15.847Z,AHK,Ahoskie,912d32aa-0b7f-4999-bf60-6670fe5985ea,SAMMS-Ahoskie
202608260854402167,202608260654257703,202608260654255519,85,3543,Bronze INV,br_ReAssessmentMentalHealth,TASK_COMPLETE,SUCCESS,INFO,662,662,0,,2026-08-26T06:54:31.515Z,2026-08-26T08:57:15.847Z,7364,2026-08-26T08:57:15.847Z,B12B,Colorado Springs,912d32aa-0b7f-4999-bf60-6670fe5985ea,SAMMS-ColoradoSpringsV5
202608260854402168,202608260654257704,202608260654255519,85,3544,Bronze INV,br_ReAssessmentMentalHealth,TASK_COMPLETE,SUCCESS,INFO,835,835,0,,2026-08-26T06:54:31.515Z,2026-08-26T08:57:15.847Z,7364,2026-08-26T08:57:15.847Z,B24,Paintsville,912d32aa-0b7f-4999-bf60-6670fe5985ea,SAMMS-PaintsvilleV5
202608260854402170,202608260654257705,202608260654255519,85,3545,Bronze INV,br_ReAssessmentMentalHealth,TASK_COMPLETE,SUCCESS,INFO,646,646,0,,2026-08-26T06:54:31.515Z,2026-08-26T08:57:15.847Z,7364,2026-08-26T08:57:15.847Z,B25,Pikeville,912d32aa-0b7f-4999-bf60-6670fe5985ea,SAMMS-PikevilleV5
202608260854402171,202608260654257706,202608260654255519,85,3546,Bronze INV,br_ReAssessmentMentalHealth,TASK_COMPLETE,SUCCESS,INFO,970,970,0,,2026-08-26T06:54:31.515Z,2026-08-26T08:57:15.847Z,7364,2026-08-26T08:57:15.847Z,B26,Hazard,912d32aa-0b7f-4999-bf60-6670fe5985ea,SAMMS-HazardV5
202608260854402461,202608260654257818,202608260654255519,85,3911,Bronze INV,br_ReAssessmentPhysicalHealth,TASK_COMPLETE,SUCCESS,INFO,662,662,0,,2026-08-26T06:54:31.515Z,2026-08-26T08:57:15.847Z,7364,2026-08-26T08:57:15.847Z,B12B,Colorado Springs,912d32aa-0b7f-4999-bf60-6670fe5985ea,SAMMS-ColoradoSpringsV5
202608260854402462,202608260654257819,202608260654255519,85,3912,Bronze INV,br_ReAssessmentPhysicalHealth,TASK_COMPLETE,SUCCESS,INFO,835,835,0,,2026-08-26T06:54:31.515Z,2026-08-26T08:57:15.847Z,7364,2026-08-26T08:57:15.847Z,B24,Paintsville,912d32aa-0b7f-4999-bf60-6670fe5985ea,SAMMS-PaintsvilleV5
202608260854402463,202608260654257820,202608260654255519,85,3913,Bronze INV,br_ReAssessmentPhysicalHealth,TASK_COMPLETE,SUCCESS,INFO,646,646,0,,2026-08-26T06:54:31.515Z,2026-08-26T08:57:15.847Z,7364,2026-08-26T08:57:15.847Z,B25,Pikeville,912d32aa-0b7f-4999-bf60-6670fe5985ea,SAMMS-PikevilleV5
202608260854402464,202608260654257821,202608260654255519,85,3914,Bronze INV,br_ReAssessmentPhysicalHealth,TASK_COMPLETE,SUCCESS,INFO,970,970,0,,2026-08-26T06:54:31.515Z,2026-08-26T08:57:15.847Z,7364,2026-08-26T08:57:15.847Z,B26,Hazard,912d32aa-0b7f-4999-bf60-6670fe5985ea,SAMMS-HazardV5
202608260854402466,202608260654257822,202608260654255519,85,3915,Bronze INV,br_ReAssessmentPhysicalHealth,TASK_COMPLETE,SUCCESS,INFO,532,532,0,,2026-08-26T06:54:31.515Z,2026-08-26T08:57:15.847Z,7364,2026-08-26T08:57:15.847Z,B27,Savannah,912d32aa-0b7f-4999-bf60-6670fe5985ea,SAMMS-SavannahV6
202608260854402467,202608260654257823,202608260654255519,85,3916,Bronze INV,br_ReAssessmentPhysicalHealth,TASK_COMPLETE,SUCCESS,INFO,246,246,0,,2026-08-26T06:54:31.515Z,2026-08-26T08:57:15.847Z,7364,2026-08-26T08:57:15.847Z,B28,West Plains,912d32aa-0b7f-4999-bf60-6670fe5985ea,SAMMS-WestPlainesV5
202608260854402468,202608260654257824,202608260654255519,85,3917,Bronze INV,br_ReAssessmentPhysicalHealth,TASK_COMPLETE,SUCCESS,INFO,461,461,0,,2026-08-26T06:54:31.515Z,2026-08-26T08:57:15.847Z,7364,2026-08-26T08:57:15.847Z,B29,Poplar Bluff,912d32aa-0b7f-4999-bf60-6670fe5985ea,SAMMS-PoplarBluffV5
202608260854402469,202608260654257825,202608260654255519,85,3918,Bronze INV,br_ReAssessmentPhysicalHealth,TASK_COMPLETE,SUCCESS,INFO,80,80,0,,2026-08-26T06:54:31.515Z,2026-08-26T08:57:15.847Z,7364,2026-08-26T08:57:15.847Z,B30,KC North,912d32aa-0b7f-4999-bf60-6670fe5985ea,SAMMS-KCNv5
202608260854402470,202608260654257826,202608260654255519,85,3919,Bronze INV,br_ReAssessmentPhysicalHealth,TASK_COMPLETE,SUCCESS,INFO,400,400,0,,2026-08-26T06:54:31.515Z,2026-08-26T08:57:15.847Z,7364,2026-08-26T08:57:15.847Z,B31,Dyersburg,912d32aa-0b7f-4999-bf60-6670fe5985ea,SAMMS-DyersburgV5
202608260854402471,202608260654257827,202608260654255519,85,3921,Bronze INV,br_ReAssessmentPhysicalHealth,TASK_COMPLETE,SUCCESS,INFO,488,488,0,,2026-08-26T06:54:31.515Z,2026-08-26T08:57:15.847Z,7364,2026-08-26T08:57:15.847Z,B33,Paducah,912d32aa-0b7f-4999-bf60-6670fe5985ea,SAMMS-Paducah
202608260854402472,202608260654257828,202608260654255519,85,3922,Bronze INV,br_ReAssessmentPhysicalHealth,TASK_COMPLETE,SUCCESS,INFO,386,386,0,,2026-08-26T06:54:31.515Z,2026-08-26T08:57:15.847Z,7364,2026-08-26T08:57:15.847Z,B34,Corbin,912d32aa-0b7f-4999-bf60-6670fe5985ea,SAMMS-CorbinV5
202608260854402474,202608260654257829,202608260654255519,85,3923,Bronze INV,br_ReAssessmentPhysicalHealth,TASK_COMPLETE,SUCCESS,INFO,243,243,0,,2026-08-26T06:54:31.515Z,2026-08-26T08:57:15.847Z,7364,2026-08-26T08:57:15.847Z,B35,Lexington,912d32aa-0b7f-4999-bf60-6670fe5985ea,SAMMS-LexingtonV5
202608260854402475,202608260654257830,202608260654255519,85,3924,Bronze INV,br_ReAssessmentPhysicalHealth,TASK_COMPLETE,SUCCESS,INFO,77,77,0,,2026-08-26T06:54:31.515Z,2026-08-26T08:57:15.847Z,7364,2026-08-26T08:57:15.847Z,B35A,Berea,912d32aa-0b7f-4999-bf60-6670fe5985ea,SAMMS-BereaV5
202608260854402476,202608260654257831,202608260654255519,85,3925,Bronze INV,br_ReAssessmentPhysicalHealth,TASK_COMPLETE,SUCCESS,INFO,22,22,0,,2026-08-26T06:54:31.515Z,2026-08-26T08:57:15.847Z,7364,2026-08-26T08:57:15.847Z,B36,Asheville,912d32aa-0b7f-4999-bf60-6670fe5985ea,SAMMS-AshevilleV5
202608260854402477,202608260654257832,202608260654255519,85,3926,Bronze INV,br_ReAssessmentPhysicalHealth,TASK_COMPLETE,SUCCESS,INFO,1,1,0,,2026-08-26T06:54:31.515Z,2026-08-26T08:57:15.847Z,7364,2026-08-26T08:57:15.847Z,B37,Clyde,912d32aa-0b7f-4999-bf60-6670fe5985ea,SAMMS-ClydeV5
202608260854402479,202608260654257833,202608260654255519,85,3927,Bronze INV,br_ReAssessmentPhysicalHealth,TASK_COMPLETE,SUCCESS,INFO,1189,1189,0,,2026-08-26T06:54:31.515Z,2026-08-26T08:57:15.847Z,7364,2026-08-26T08:57:15.847Z,B38,Spartanburg,912d32aa-0b7f-4999-bf60-6670fe5985ea,SAMMS-SpartanburgV5
202608260854402480,202608260654257834,202608260654255519,85,3928,Bronze INV,br_ReAssessmentPhysicalHealth,TASK_COMPLETE,SUCCESS,INFO,362,362,0,,2026-08-26T06:54:31.515Z,2026-08-26T08:57:15.847Z,7364,2026-08-26T08:57:15.847Z,B39,Aiken,912d32aa-0b7f-4999-bf60-6670fe5985ea,SAMMS-AikenV5
202608260854402481,202608260654257835,202608260654255519,85,3929,Bronze INV,br_ReAssessmentPhysicalHealth,TASK_COMPLETE,SUCCESS,INFO,1894,1894,0,,2026-08-26T06:54:31.515Z,2026-08-26T08:57:15.847Z,7364,2026-08-26T08:57:15.847Z,B41,Chesapeake,912d32aa-0b7f-4999-bf60-6670fe5985ea,SAMMS-ChesapeakeV5
202608260854402482,202608260654257836,202608260654255519,85,3930,Bronze INV,br_ReAssessmentPhysicalHealth,TASK_COMPLETE,SUCCESS,INFO,1922,1922,0,,2026-08-26T06:54:31.515Z,2026-08-26T08:57:15.847Z,7364,2026-08-26T08:57:15.847Z,B42,Virginia Beach,912d32aa-0b7f-4999-bf60-6670fe5985ea,SAMMS-VirginiaBeachV5
202608260854402483,202608260654257837,202608260654255519,85,3931,Bronze INV,br_ReAssessmentPhysicalHealth,TASK_COMPLETE,SUCCESS,INFO,936,936,0,,2026-08-26T06:54:31.515Z,2026-08-26T08:57:15.847Z,7364,2026-08-26T08:57:15.847Z,B42A,Newport News,912d32aa-0b7f-4999-bf60-6670fe5985ea,SAMMS-NewportNewsV5
202608260854402484,202608260654257838,202608260654255519,85,3932,Bronze INV,br_ReAssessmentPhysicalHealth,TASK_COMPLETE,SUCCESS,INFO,508,508,0,,2026-08-26T06:54:31.515Z,2026-08-26T08:57:15.847Z,7364,2026-08-26T08:57:15.847Z,B42B,Franklin,912d32aa-0b7f-4999-bf60-6670fe5985ea,SAMMS-FranklinV5
202608260854402485,202608260654257839,202608260654255519,85,3933,Bronze INV,br_ReAssessmentPhysicalHealth,TASK_COMPLETE,SUCCESS,INFO,346,346,0,,2026-08-26T06:54:31.515Z,2026-08-26T08:57:15.847Z,7364,2026-08-26T08:57:15.847Z,B42C,Glen Allen,912d32aa-0b7f-4999-bf60-6670fe5985ea,SAMMS-GlenAllenV5
202608260854402487,202608260654257840,202608260654255519,85,3934,Bronze INV,br_ReAssessmentPhysicalHealth,TASK_COMPLETE,SUCCESS,INFO,1487,1487,0,,2026-08-26T06:54:31.515Z,2026-08-26T08:57:15.847Z,7364,2026-08-26T08:57:15.847Z,B42D,Chesapeake South,912d32aa-0b7f-4999-bf60-6670fe5985ea,SAMMS-ChesapeakeSouthV5
202608260854402488,202608260654257841,202608260654255519,85,3935,Bronze INV,br_ReAssessmentPhysicalHealth,TASK_COMPLETE,SUCCESS,INFO,632,632,0,,2026-08-26T06:54:31.515Z,2026-08-26T08:57:15.847Z,7364,2026-08-26T08:57:15.847Z,B44,Albany,912d32aa-0b7f-4999-bf60-6670fe5985ea,SAMMS-AlbanyV5
202608260854402489,202608260654257842,202608260654255519,85,3936,Bronze INV,br_ReAssessmentPhysicalHealth,TASK_COMPLETE,SUCCESS,INFO,1273,1273,0,,2026-08-26T06:54:31.515Z,2026-08-26T08:57:15.847Z,7364,2026-08-26T08:57:15.847Z,B45,Tifton,912d32aa-0b7f-4999-bf60-6670fe5985ea,SAMMS-TiftonV5
202608260854402490,202608260654257843,202608260654255519,85,3937,Bronze INV,br_ReAssessmentPhysicalHealth,TASK_COMPLETE,SUCCESS,INFO,591,591,0,,2026-08-26T06:54:31.515Z,2026-08-26T08:57:15.847Z,7364,2026-08-26T08:57:15.847Z,B46,Washington DC,912d32aa-0b7f-4999-bf60-6670fe5985ea,SAMMS-WashingtonDCv5
202608260854402491,202608260654257844,202608260654255519,85,3938,Bronze INV,br_ReAssessmentPhysicalHealth,TASK_COMPLETE,SUCCESS,INFO,1575,1575,0,,2026-08-26T06:54:31.515Z,2026-08-26T08:57:15.847Z,7364,2026-08-26T08:57:15.847Z,B47,Mobile,912d32aa-0b7f-4999-bf60-6670fe5985ea,SAMMS-MobileV5
202608260854402492,202608260654257845,202608260654255519,85,3939,Bronze INV,br_ReAssessmentPhysicalHealth,TASK_COMPLETE,SUCCESS,INFO,1301,1301,0,,2026-08-26T06:54:31.515Z,2026-08-26T08:57:15.847Z,7364,2026-08-26T08:57:15.847Z,B48,Tuscaloosa,912d32aa-0b7f-4999-bf60-6670fe5985ea,SAMMS-TuscaloosaV5
202608260854402493,202608260654257846,202608260654255519,85,3948,Bronze INV,br_ReAssessmentPhysicalHealth,TASK_COMPLETE,SUCCESS,INFO,3,3,0,,2026-08-26T06:54:31.515Z,2026-08-26T08:57:15.847Z,7364,2026-08-26T08:57:15.847Z,B51,N. Little Rock (OTP),912d32aa-0b7f-4999-bf60-6670fe5985ea,SAMMS-NorthLittleRockV6
202608260854402494,202608260654257847,202608260654255519,85,3949,Bronze INV,br_ReAssessmentPhysicalHealth,TASK_COMPLETE,SUCCESS,INFO,460,460,0,,2026-08-26T06:54:31.515Z,2026-08-26T08:57:15.847Z,7364,2026-08-26T08:57:15.847Z,B52,Jackson GA,912d32aa-0b7f-4999-bf60-6670fe5985ea,SAMMS-JacksonGAV5
202608260854402495,202608260654257848,202608260654255519,85,3950,Bronze INV,br_ReAssessmentPhysicalHealth,TASK_COMPLETE,SUCCESS,INFO,1704,1704,0,,2026-08-26T06:54:31.515Z,2026-08-26T08:57:15.847Z,7364,2026-08-26T08:57:15.847Z,B54,Gadsden,912d32aa-0b7f-4999-bf60-6670fe5985ea,SAMMS-GadsdenV5
202608260854402496,202608260654257849,202608260654255519,85,3951,Bronze INV,br_ReAssessmentPhysicalHealth,TASK_COMPLETE,SUCCESS,INFO,956,956,0,,2026-08-26T06:54:31.515Z,2026-08-26T08:57:15.847Z,7364,2026-08-26T08:57:15.847Z,B55,Shoals,912d32aa-0b7f-4999-bf60-6670fe5985ea,SAMMS-ShoalsV5
202608260854402498,202608260654257850,202608260654255519,85,3952,Bronze INV,br_ReAssessmentPhysicalHealth,TASK_COMPLETE,SUCCESS,INFO,294,294,0,,2026-08-26T06:54:31.515Z,2026-08-26T08:57:15.847Z,7364,2026-08-26T08:57:15.847Z,B57,Pawtucket,912d32aa-0b7f-4999-bf60-6670fe5985ea,SAMMS-Pawtucket
202608260854402499,202608260654257851,202608260654255519,85,3953,Bronze INV,br_ReAssessmentPhysicalHealth,TASK_COMPLETE,SUCCESS,INFO,555,555,0,,2026-08-26T06:54:31.515Z,2026-08-26T08:57:15.847Z,7364,2026-08-26T08:57:15.847Z,B57A,Johnston,912d32aa-0b7f-4999-bf60-6670fe5985ea,SAMMS-Johnston
202608260854402500,202608260654257852,202608260654255519,85,3954,Bronze INV,br_ReAssessmentPhysicalHealth,TASK_COMPLETE,SUCCESS,INFO,166,166,0,,2026-08-26T06:54:31.515Z,2026-08-26T08:57:15.847Z,7364,2026-08-26T08:57:15.847Z,B57B,Middletown,912d32aa-0b7f-4999-bf60-6670fe5985ea,SAMMS-Middletown
202608260854402501,202608260654257853,202608260654255519,85,3955,Bronze INV,br_ReAssessmentPhysicalHealth,TASK_COMPLETE,SUCCESS,INFO,414,414,0,,2026-08-26T06:54:31.515Z,2026-08-26T08:57:15.847Z,7364,2026-08-26T08:57:15.847Z,B57C,Providence,912d32aa-0b7f-4999-bf60-6670fe5985ea,SAMMS-Providence
202608260854402502,202608260654257854,202608260654255519,85,3956,Bronze INV,br_ReAssessmentPhysicalHealth,TASK_COMPLETE,SUCCESS,INFO,631,631,0,,2026-08-26T06:54:31.515Z,2026-08-26T08:57:15.847Z,7364,2026-08-26T08:57:15.847Z,B57D,Westerly,912d32aa-0b7f-4999-bf60-6670fe5985ea,SAMMS-Westerly
202608260854402503,202608260654257855,202608260654255519,85,3960,Bronze INV,br_ReAssessmentPhysicalHealth,TASK_COMPLETE,SUCCESS,INFO,4,4,0,,2026-08-26T06:54:31.515Z,2026-08-26T08:57:15.847Z,7364,2026-08-26T08:57:15.847Z,B66A,Bremen,912d32aa-0b7f-4999-bf60-6670fe5985ea,SAMMS-Bremen
202608200219257784,202608200029237035,202608200029237018,85,2087,Bronze INV,br_InvType,TASK_COMPLETE,FAILED,ERROR,7,7,1,SaveInvTypes Bronze ForEach failed,2026-08-20T00:29:28.539Z,2026-08-20T02:40:07.937Z,7839,2026-08-20T02:40:07.937Z,B38,Spartanburg,2e0eb052-bb28-45b1-894f-8dc0851c56cc,SAMMS-SpartanburgV5
202608200219257786,202608200029237036,202608200029237018,85,2088,Bronze INV,br_InvType,TASK_COMPLETE,FAILED,ERROR,6,6,1,SaveInvTypes Bronze ForEach failed,2026-08-20T00:29:28.539Z,2026-08-20T02:40:07.937Z,7839,2026-08-20T02:40:07.937Z,B39,Aiken,2e0eb052-bb28-45b1-894f-8dc0851c56cc,SAMMS-AikenV5
202608200219257787,202608200029237037,202608200029237018,85,2089,Bronze INV,br_InvType,TASK_COMPLETE,FAILED,ERROR,5,5,1,SaveInvTypes Bronze ForEach failed,2026-08-20T00:29:28.539Z,2026-08-20T02:40:07.937Z,7839,2026-08-20T02:40:07.937Z,B41,Chesapeake,2e0eb052-bb28-45b1-894f-8dc0851c56cc,SAMMS-ChesapeakeV5
202608200219257788,202608200029237038,202608200029237018,85,2090,Bronze INV,br_InvType,TASK_COMPLETE,FAILED,ERROR,6,6,1,SaveInvTypes Bronze ForEach failed,2026-08-20T00:29:28.539Z,2026-08-20T02:40:07.937Z,7839,2026-08-20T02:40:07.937Z,B42,Virginia Beach,2e0eb052-bb28-45b1-894f-8dc0851c56cc,SAMMS-VirginiaBeachV5
202608200219257789,202608200029237039,202608200029237018,85,2091,Bronze INV,br_InvType,TASK_COMPLETE,FAILED,ERROR,5,5,1,SaveInvTypes Bronze ForEach failed,2026-08-20T00:29:28.539Z,2026-08-20T02:40:07.937Z,7839,2026-08-20T02:40:07.937Z,B42A,Newport News,2e0eb052-bb28-45b1-894f-8dc0851c56cc,SAMMS-NewportNewsV5
202608200219257790,202608200029237040,202608200029237018,85,2092,Bronze INV,br_InvType,TASK_COMPLETE,FAILED,ERROR,3,3,1,SaveInvTypes Bronze ForEach failed,2026-08-20T00:29:28.539Z,2026-08-20T02:40:07.937Z,7839,2026-08-20T02:40:07.937Z,B42B,Franklin,2e0eb052-bb28-45b1-894f-8dc0851c56cc,SAMMS-FranklinV5
202608200219257791,202608200029237041,202608200029237018,85,2093,Bronze INV,br_InvType,TASK_COMPLETE,FAILED,ERROR,5,5,1,SaveInvTypes Bronze ForEach failed,2026-08-20T00:29:28.539Z,2026-08-20T02:40:07.937Z,7839,2026-08-20T02:40:07.937Z,B42C,Glen Allen,2e0eb052-bb28-45b1-894f-8dc0851c56cc,SAMMS-GlenAllenV5
202608200219257792,202608200029237042,202608200029237018,85,2094,Bronze INV,br_InvType,TASK_COMPLETE,FAILED,ERROR,7,7,1,SaveInvTypes Bronze ForEach failed,2026-08-20T00:29:28.539Z,2026-08-20T02:40:07.937Z,7839,2026-08-20T02:40:07.937Z,B42D,Chesapeake South,2e0eb052-bb28-45b1-894f-8dc0851c56cc,SAMMS-ChesapeakeSouthV5
202608200219257793,202608200029237043,202608200029237018,85,2095,Bronze INV,br_InvType,TASK_COMPLETE,FAILED,ERROR,5,5,1,SaveInvTypes Bronze ForEach failed,2026-08-20T00:29:28.539Z,2026-08-20T02:40:07.937Z,7839,2026-08-20T02:40:07.937Z,B44,Albany,2e0eb052-bb28-45b1-894f-8dc0851c56cc,SAMMS-AlbanyV5
202608200219257795,202608200029237044,202608200029237018,85,2096,Bronze INV,br_InvType,TASK_COMPLETE,FAILED,ERROR,5,5,1,SaveInvTypes Bronze ForEach failed,2026-08-20T00:29:28.539Z,2026-08-20T02:40:07.937Z,7839,2026-08-20T02:40:07.937Z,B45,Tifton,2e0eb052-bb28-45b1-894f-8dc0851c56cc,SAMMS-TiftonV5
202608200219257796,202608200029237045,202608200029237018,85,2097,Bronze INV,br_InvType,TASK_COMPLETE,FAILED,ERROR,5,5,1,SaveInvTypes Bronze ForEach failed,2026-08-20T00:29:28.539Z,2026-08-20T02:40:07.937Z,7839,2026-08-20T02:40:07.937Z,B46,Washington DC,2e0eb052-bb28-45b1-894f-8dc0851c56cc,SAMMS-WashingtonDCv5
202608200219257797,202608200029237046,202608200029237018,85,2098,Bronze INV,br_InvType,TASK_COMPLETE,FAILED,ERROR,7,7,1,SaveInvTypes Bronze ForEach failed,2026-08-20T00:29:28.539Z,2026-08-20T02:40:07.937Z,7839,2026-08-20T02:40:07.937Z,B47,Mobile,2e0eb052-bb28-45b1-894f-8dc0851c56cc,SAMMS-MobileV5
202608200219257798,202608200029237047,202608200029237018,85,2099,Bronze INV,br_InvType,TASK_COMPLETE,FAILED,ERROR,6,6,1,SaveInvTypes Bronze ForEach failed,2026-08-20T00:29:28.539Z,2026-08-20T02:40:07.937Z,7839,2026-08-20T02:40:07.937Z,B48,Tuscaloosa,2e0eb052-bb28-45b1-894f-8dc0851c56cc,SAMMS-TuscaloosaV5
202608200219257799,202608200029237048,202608200029237018,85,2108,Bronze INV,br_InvType,TASK_COMPLETE,FAILED,ERROR,7,7,1,SaveInvTypes Bronze ForEach failed,2026-08-20T00:29:28.539Z,2026-08-20T02:40:07.937Z,7839,2026-08-20T02:40:07.937Z,B51,N. Little Rock (OTP),2e0eb052-bb28-45b1-894f-8dc0851c56cc,SAMMS-NorthLittleRockV6
202608200219257800,202608200029237049,202608200029237018,85,2109,Bronze INV,br_InvType,TASK_COMPLETE,FAILED,ERROR,5,5,1,SaveInvTypes Bronze ForEach failed,2026-08-20T00:29:28.539Z,2026-08-20T02:40:07.937Z,7839,2026-08-20T02:40:07.937Z,B52,Jackson GA,2e0eb052-bb28-45b1-894f-8dc0851c56cc,SAMMS-JacksonGAV5
202608200219257801,202608200029237050,202608200029237018,85,2110,Bronze INV,br_InvType,TASK_COMPLETE,FAILED,ERROR,7,7,1,SaveInvTypes Bronze ForEach failed,2026-08-20T00:29:28.539Z,2026-08-20T02:40:07.937Z,7839,2026-08-20T02:40:07.937Z,B54,Gadsden,2e0eb052-bb28-45b1-894f-8dc0851c56cc,SAMMS-GadsdenV5
202608200219257802,202608200029237051,202608200029237018,85,2111,Bronze INV,br_InvType,TASK_COMPLETE,FAILED,ERROR,8,8,1,SaveInvTypes Bronze ForEach failed,2026-08-20T00:29:28.539Z,2026-08-20T02:40:07.937Z,7839,2026-08-20T02:40:07.937Z,B55,Shoals,2e0eb052-bb28-45b1-894f-8dc0851c56cc,SAMMS-ShoalsV5
202608200219257803,202608200029237052,202608200029237018,85,2112,Bronze INV,br_InvType,TASK_COMPLETE,FAILED,ERROR,7,7,1,SaveInvTypes Bronze ForEach failed,2026-08-20T00:29:28.539Z,2026-08-20T02:40:07.937Z,7839,2026-08-20T02:40:07.937Z,B57,Pawtucket,2e0eb052-bb28-45b1-894f-8dc0851c56cc,SAMMS-Pawtucket
202608200219257805,202608200029237053,202608200029237018,85,2113,Bronze INV,br_InvType,TASK_COMPLETE,FAILED,ERROR,8,8,1,SaveInvTypes Bronze ForEach failed,2026-08-20T00:29:28.539Z,2026-08-20T02:40:07.937Z,7839,2026-08-20T02:40:07.937Z,B57A,Johnston,2e0eb052-bb28-45b1-894f-8dc0851c56cc,SAMMS-Johnston
202608200219257806,202608200029237054,202608200029237018,85,2114,Bronze INV,br_InvType,TASK_COMPLETE,FAILED,ERROR,7,7,1,SaveInvTypes Bronze ForEach failed,2026-08-20T00:29:28.539Z,2026-08-20T02:40:07.937Z,7839,2026-08-20T02:40:07.937Z,B57B,Middletown,2e0eb052-bb28-45b1-894f-8dc0851c56cc,SAMMS-Middletown
202608200219257807,202608200029237055,202608200029237018,85,2115,Bronze INV,br_InvType,TASK_COMPLETE,FAILED,ERROR,7,7,1,SaveInvTypes Bronze ForEach failed,2026-08-20T00:29:28.539Z,2026-08-20T02:40:07.937Z,7839,2026-08-20T02:40:07.937Z,B57C,Providence,2e0eb052-bb28-45b1-894f-8dc0851c56cc,SAMMS-Providence
202608200219257808,202608200029237056,202608200029237018,85,2116,Bronze INV,br_InvType,TASK_COMPLETE,FAILED,ERROR,7,7,1,SaveInvTypes Bronze ForEach failed,2026-08-20T00:29:28.539Z,2026-08-20T02:40:07.937Z,7839,2026-08-20T02:40:07.937Z,B57D,Westerly,2e0eb052-bb28-45b1-894f-8dc0851c56cc,SAMMS-Westerly
202608200219257809,202608200029237057,202608200029237018,85,2120,Bronze INV,br_InvType,TASK_COMPLETE,FAILED,ERROR,0,0,1,SaveInvTypes Bronze ForEach failed,2026-08-20T00:29:28.539Z,2026-08-20T02:40:07.937Z,7839,2026-08-20T02:40:07.937Z,B66A,Bremen,2e0eb052-bb28-45b1-894f-8dc0851c56cc,SAMMS-Bremen
202608200219257810,202608200029237058,202608200029237018,85,2123,Bronze INV,br_InvType,TASK_COMPLETE,FAILED,ERROR,0,0,1,SaveInvTypes Bronze ForEach failed,2026-08-20T00:29:28.539Z,2026-08-20T02:40:07.937Z,7839,2026-08-20T02:40:07.937Z,B72,Mobile (OBOT),2e0eb052-bb28-45b1-894f-8dc0851c56cc,SAMMS-Mobile-OBOT
202608200219257811,202608200029237059,202608200029237018,85,2124,Bronze INV,br_InvType,TASK_COMPLETE,FAILED,ERROR,0,0,1,SaveInvTypes Bronze ForEach failed,2026-08-20T00:29:28.539Z,2026-08-20T02:40:07.937Z,7839,2026-08-20T02:40:07.937Z,B73,Montgomery,2e0eb052-bb28-45b1-894f-8dc0851c56cc,SAMMS-Montgomery
202608200219257812,202608200029237060,202608200029237018,85,2125,Bronze INV,br_InvType,TASK_COMPLETE,FAILED,ERROR,7,7,1,SaveInvTypes Bronze ForEach failed,2026-08-20T00:29:28.539Z,2026-08-20T02:40:07.937Z,7839,2026-08-20T02:40:07.937Z,B75,Lawrence,2e0eb052-bb28-45b1-894f-8dc0851c56cc,SAMMS-LawrenceV6
202608200219257813,202608200029237061,202608200029237018,85,2126,Bronze INV,br_InvType,TASK_COMPLETE,FAILED,ERROR,0,0,1,SaveInvTypes Bronze ForEach failed,2026-08-20T00:29:28.539Z,2026-08-20T02:40:07.937Z,7839,2026-08-20T02:40:07.937Z,B76,Huntsville OBOT,2e0eb052-bb28-45b1-894f-8dc0851c56cc,SAMMS-Huntsville-OBOT
202608200219257814,202608200029237062,202608200029237018,85,2127,Bronze INV,br_InvType,TASK_COMPLETE,FAILED,ERROR,7,7,1,SaveInvTypes Bronze ForEach failed,2026-08-20T00:29:28.539Z,2026-08-20T02:40:07.937Z,7839,2026-08-20T02:40:07.937Z,BAT,Batesville,2e0eb052-bb28-45b1-894f-8dc0851c56cc,SAMMS-Batesville
202608200219257816,202608200029237063,202608200029237018,85,2128,Bronze INV,br_InvType,TASK_COMPLETE,FAILED,ERROR,7,7,1,SaveInvTypes Bronze ForEach failed,2026-08-20T00:29:28.539Z,2026-08-20T02:40:07.937Z,7839,2026-08-20T02:40:07.937Z,BG,Bowling Green,2e0eb052-bb28-45b1-894f-8dc0851c56cc,SAMMS-BowlingGreen
202608200219257817,202608200029237064,202608200029237018,85,2129,Bronze INV,br_InvType,TASK_COMPLETE,FAILED,ERROR,7,7,1,SaveInvTypes Bronze ForEach failed,2026-08-20T00:29:28.539Z,2026-08-20T02:40:07.937Z,7839,2026-08-20T02:40:07.937Z,BOI,Boise,2e0eb052-bb28-45b1-894f-8dc0851c56cc,SAMMS-Boise
202608200219257818,202608200029237065,202608200029237018,85,2136,Bronze INV,br_InvType,TASK_COMPLETE,FAILED,ERROR,7,7,1,SaveInvTypes Bronze ForEach failed,2026-08-20T00:29:28.539Z,2026-08-20T02:40:07.937Z,7839,2026-08-20T02:40:07.937Z,CBCO,Coeur dAlene,2e0eb052-bb28-45b1-894f-8dc0851c56cc,SAMMS-CoeurdAleneV6
202608200219257819,202608200029237066,202608200029237018,85,2155,Bronze INV,br_InvType,TASK_COMPLETE,FAILED,ERROR,7,7,1,SaveInvTypes Bronze ForEach failed,2026-08-20T00:29:28.539Z,2026-08-20T02:40:07.937Z,7839,2026-08-20T02:40:07.937Z,CON,Conway,2e0eb052-bb28-45b1-894f-8dc0851c56cc,SAMMS-Conway
202608200219257820,202608200029237067,202608200029237018,85,2156,Bronze INV,br_InvType,TASK_COMPLETE,FAILED,ERROR,7,7,1,SaveInvTypes Bronze ForEach failed,2026-08-20T00:29:28.539Z,2026-08-20T02:40:07.937Z,7839,2026-08-20T02:40:07.937Z,D07,Medical Services Knox TN,2e0eb052-bb28-45b1-894f-8dc0851c56cc,SAMMS-KnoxvilleV6
202608200219257821,202608200029237068,202608200029237018,85,2157,Bronze INV,br_InvType,TASK_COMPLETE,FAILED,ERROR,7,7,1,SaveInvTypes Bronze ForEach failed,2026-08-20T00:29:28.539Z,2026-08-20T02:40:07.937Z,7839,2026-08-20T02:40:07.937Z,D08,Madison,2e0eb052-bb28-45b1-894f-8dc0851c56cc,SAMMS-MadisonV6
202608200219257822,202608200029237069,202608200029237018,85,2159,Bronze INV,br_InvType,TASK_COMPLETE,FAILED,ERROR,7,7,1,SaveInvTypes Bronze ForEach failed,2026-08-20T00:29:28.539Z,2026-08-20T02:40:07.937Z,7839,2026-08-20T02:40:07.937Z,D09,Murfreesboro,2e0eb052-bb28-45b1-894f-8dc0851c56cc,SAMMS-MurfreesboroV6
202608200219257824,202608200029237070,202608200029237018,85,2160,Bronze INV,br_InvType,TASK_COMPLETE,FAILED,ERROR,7,7,1,SaveInvTypes Bronze ForEach failed,2026-08-20T00:29:28.539Z,2026-08-20T02:40:07.937Z,7839,2026-08-20T02:40:07.937Z,DA,Davenport,2e0eb052-bb28-45b1-894f-8dc0851c56cc,SAMMS-Davenport
202608200219257825,202608200029237071,202608200029237018,85,2161,Bronze INV,br_InvType,TASK_COMPLETE,FAILED,ERROR,7,7,1,SaveInvTypes Bronze ForEach failed,2026-08-20T00:29:28.539Z,2026-08-20T02:40:07.937Z,7839,2026-08-20T02:40:07.937Z,DM,Des Moines,2e0eb052-bb28-45b1-894f-8dc0851c56cc,SAMMS-DesMoines
202608200219257826,202608200029237072,202608200029237018,85,2163,Bronze INV,br_InvType,TASK_COMPLETE,FAILED,ERROR,7,7,1,SaveInvTypes Bronze ForEach failed,2026-08-20T00:29:28.539Z,2026-08-20T02:40:07.937Z,7839,2026-08-20T02:40:07.937Z,DRD-CO,Columbia MO,2e0eb052-bb28-45b1-894f-8dc0851c56cc,SAMMS-ColumbiaV5
202608260854402215,202608260654257745,202608260654255519,85,3599,Bronze INV,br_ReAssessmentMentalHealth,TASK_COMPLETE,SUCCESS,INFO,0,0,0,,2026-08-26T06:54:31.515Z,2026-08-26T08:57:15.847Z,7364,2026-08-26T08:57:15.847Z,BAT,Batesville,912d32aa-0b7f-4999-bf60-6670fe5985ea,SAMMS-Batesville
202608260854402216,202608260654257746,202608260654255519,85,3600,Bronze INV,br_ReAssessmentMentalHealth,TASK_COMPLETE,SUCCESS,INFO,461,461,0,,2026-08-26T06:54:31.515Z,2026-08-26T08:57:15.847Z,7364,2026-08-26T08:57:15.847Z,BG,Bowling Green,912d32aa-0b7f-4999-bf60-6670fe5985ea,SAMMS-BowlingGreen
202608260854402217,202608260654257747,202608260654255519,85,3601,Bronze INV,br_ReAssessmentMentalHealth,TASK_COMPLETE,SUCCESS,INFO,182,182,0,,2026-08-26T06:54:31.515Z,2026-08-26T08:57:15.847Z,7364,2026-08-26T08:57:15.847Z,BOI,Boise,912d32aa-0b7f-4999-bf60-6670fe5985ea,SAMMS-Boise
202608260854402218,202608260654257748,202608260654255519,85,3608,Bronze INV,br_ReAssessmentMentalHealth,TASK_COMPLETE,SUCCESS,INFO,51,51,0,,2026-08-26T06:54:31.515Z,2026-08-26T08:57:15.847Z,7364,2026-08-26T08:57:15.847Z,CBCO,Coeur dAlene,912d32aa-0b7f-4999-bf60-6670fe5985ea,SAMMS-CoeurdAleneV6
202608260854402219,202608260654257749,202608260654255519,85,3627,Bronze INV,br_ReAssessmentMentalHealth,TASK_COMPLETE,SUCCESS,INFO,0,0,0,,2026-08-26T06:54:31.515Z,2026-08-26T08:57:15.847Z,7364,2026-08-26T08:57:15.847Z,CON,Conway,912d32aa-0b7f-4999-bf60-6670fe5985ea,SAMMS-Conway
202608260854402220,202608260654257750,202608260654255519,85,3628,Bronze INV,br_ReAssessmentMentalHealth,TASK_COMPLETE,SUCCESS,INFO,2578,2578,0,,2026-08-26T06:54:31.515Z,2026-08-26T08:57:15.847Z,7364,2026-08-26T08:57:15.847Z,D07,Medical Services Knox TN,912d32aa-0b7f-4999-bf60-6670fe5985ea,SAMMS-KnoxvilleV6
202608260854402221,202608260654257751,202608260654255519,85,3629,Bronze INV,br_ReAssessmentMentalHealth,TASK_COMPLETE,SUCCESS,INFO,113,113,0,,2026-08-26T06:54:31.515Z,2026-08-26T08:57:15.847Z,7364,2026-08-26T08:57:15.847Z,D08,Madison,912d32aa-0b7f-4999-bf60-6670fe5985ea,SAMMS-MadisonV6
202608260854402223,202608260654257752,202608260654255519,85,3631,Bronze INV,br_ReAssessmentMentalHealth,TASK_COMPLETE,SUCCESS,INFO,120,120,0,,2026-08-26T06:54:31.515Z,2026-08-26T08:57:15.847Z,7364,2026-08-26T08:57:15.847Z,D09,Murfreesboro,912d32aa-0b7f-4999-bf60-6670fe5985ea,SAMMS-MurfreesboroV6
202608260854402224,202608260654257753,202608260654255519,85,3632,Bronze INV,br_ReAssessmentMentalHealth,TASK_COMPLETE,SUCCESS,INFO,337,337,0,,2026-08-26T06:54:31.515Z,2026-08-26T08:57:15.847Z,7364,2026-08-26T08:57:15.847Z,DA,Davenport,912d32aa-0b7f-4999-bf60-6670fe5985ea,SAMMS-Davenport
202608260854402225,202608260654257754,202608260654255519,85,3633,Bronze INV,br_ReAssessmentMentalHealth,TASK_COMPLETE,SUCCESS,INFO,288,288,0,,2026-08-26T06:54:31.515Z,2026-08-26T08:57:15.847Z,7364,2026-08-26T08:57:15.847Z,DM,Des Moines,912d32aa-0b7f-4999-bf60-6670fe5985ea,SAMMS-DesMoines
202608260854402226,202608260654257755,202608260654255519,85,3635,Bronze INV,br_ReAssessmentMentalHealth,TASK_COMPLETE,SUCCESS,INFO,530,530,0,,2026-08-26T06:54:31.515Z,2026-08-26T08:57:15.847Z,7364,2026-08-26T08:57:15.847Z,DRD-CO,Columbia MO,912d32aa-0b7f-4999-bf60-6670fe5985ea,SAMMS-ColumbiaV5
202608260854402227,202608260654257756,202608260654255519,85,3636,Bronze INV,br_ReAssessmentMentalHealth,TASK_COMPLETE,SUCCESS,INFO,347,347,0,,2026-08-26T06:54:31.515Z,2026-08-26T08:57:15.847Z,7364,2026-08-26T08:57:15.847Z,DRD-KC,KC,912d32aa-0b7f-4999-bf60-6670fe5985ea,SAMMS-KCv5
202608260854402228,202608260654257757,202608260654255519,85,3637,Bronze INV,br_ReAssessmentMentalHealth,TASK_COMPLETE,SUCCESS,INFO,1555,1555,0,,2026-08-26T06:54:31.515Z,2026-08-26T08:57:15.847Z,7364,2026-08-26T08:57:15.847Z,DRD-KVB,KVB,912d32aa-0b7f-4999-bf60-6670fe5985ea,SAMMS-KVBv5
202608260854402229,202608260654257758,202608260654255519,85,3638,Bronze INV,br_ReAssessmentMentalHealth,TASK_COMPLETE,SUCCESS,INFO,1674,1674,0,,2026-08-26T06:54:31.515Z,2026-08-26T08:57:15.847Z,7364,2026-08-26T08:57:15.847Z,DRD-KVC,KVC,912d32aa-0b7f-4999-bf60-6670fe5985ea,SAMMS-KVCv5
202608260854402230,202608260654257759,202608260654255519,85,3639,Bronze INV,br_ReAssessmentMentalHealth,TASK_COMPLETE,SUCCESS,INFO,3203,3203,0,,2026-08-26T06:54:31.515Z,2026-08-26T08:57:15.847Z,7364,2026-08-26T08:57:15.847Z,DRD-NOLA,NOLA,912d32aa-0b7f-4999-bf60-6670fe5985ea,SAMMS-NOLAv5
202608260854402231,202608260654257760,202608260654255519,85,3640,Bronze INV,br_ReAssessmentMentalHealth,TASK_COMPLETE,SUCCESS,INFO,800,800,0,,2026-08-26T06:54:31.515Z,2026-08-26T08:57:15.847Z,7364,2026-08-26T08:57:15.847Z,DRD-SF,Springfield,912d32aa-0b7f-4999-bf60-6670fe5985ea,SAMMS-SFv5
202608260854402233,202608260654257761,202608260654255519,85,3642,Bronze INV,br_ReAssessmentMentalHealth,TASK_COMPLETE,SUCCESS,INFO,260,260,0,,2026-08-26T06:54:31.515Z,2026-08-26T08:57:15.847Z,7364,2026-08-26T08:57:15.847Z,ELC,Elizabeth City,912d32aa-0b7f-4999-bf60-6670fe5985ea,SAMMS-ElizabethCity
202608260854402234,202608260654257762,202608260654255519,85,3643,Bronze INV,br_ReAssessmentMentalHealth,TASK_COMPLETE,SUCCESS,INFO,128,128,0,,2026-08-26T06:54:31.515Z,2026-08-26T08:57:15.847Z,7364,2026-08-26T08:57:15.847Z,ET,Elizabethtown,912d32aa-0b7f-4999-bf60-6670fe5985ea,SAMMS-Elizabethtown
202608260854402235,202608260654257763,202608260654255519,85,3644,Bronze INV,br_ReAssessmentMentalHealth,TASK_COMPLETE,SUCCESS,INFO,0,0,0,,2026-08-26T06:54:31.515Z,2026-08-26T08:57:15.847Z,7364,2026-08-26T08:57:15.847Z,FAY,Fayetteville,912d32aa-0b7f-4999-bf60-6670fe5985ea,SAMMS-Fayetteville
202608260854402236,202608260654257764,202608260654255519,85,3645,Bronze INV,br_ReAssessmentMentalHealth,TASK_COMPLETE,SUCCESS,INFO,156,156,0,,2026-08-26T06:54:31.515Z,2026-08-26T08:57:15.847Z,7364,2026-08-26T08:57:15.847Z,FR,Frankfort,912d32aa-0b7f-4999-bf60-6670fe5985ea,SAMMS-Frankfort
202608260854402237,202608260654257765,202608260654255519,85,3646,Bronze INV,br_ReAssessmentMentalHealth,TASK_COMPLETE,SUCCESS,INFO,0,0,0,,2026-08-26T06:54:31.515Z,2026-08-26T08:57:15.847Z,7364,2026-08-26T08:57:15.847Z,FS,Fort Smith,912d32aa-0b7f-4999-bf60-6670fe5985ea,SAMMS-FortSmith
202608260854402238,202608260654257766,202608260654255519,85,3647,Bronze INV,br_ReAssessmentMentalHealth,TASK_COMPLETE,SUCCESS,INFO,469,469,0,,2026-08-26T06:54:31.515Z,2026-08-26T08:57:15.847Z,7364,2026-08-26T08:57:15.847Z,FW,Fort Wayne,912d32aa-0b7f-4999-bf60-6670fe5985ea,SAMMS-FortWayne
202608260854402239,202608260654257767,202608260654255519,85,3648,Bronze INV,br_ReAssessmentMentalHealth,TASK_COMPLETE,SUCCESS,INFO,276,276,0,,2026-08-26T06:54:31.515Z,2026-08-26T08:57:15.847Z,7364,2026-08-26T08:57:15.847Z,GAL,Gaylord,912d32aa-0b7f-4999-bf60-6670fe5985ea,SAMMS-Gaylord
202608260854402240,202608260654257768,202608260654255519,85,3652,Bronze INV,br_ReAssessmentMentalHealth,TASK_COMPLETE,SUCCESS,INFO,100,100,0,,2026-08-26T06:54:31.515Z,2026-08-26T08:57:15.847Z,7364,2026-08-26T08:57:15.847Z,HGT,Hagerstown,912d32aa-0b7f-4999-bf60-6670fe5985ea,SAMMS-Hagerstown
202608260854402241,202608260654257769,202608260654255519,85,3653,Bronze INV,br_ReAssessmentMentalHealth,TASK_COMPLETE,SUCCESS,INFO,1724,1724,0,,2026-08-26T06:54:31.515Z,2026-08-26T08:57:15.847Z,7364,2026-08-26T08:57:15.847Z,HNT,Huntsville,912d32aa-0b7f-4999-bf60-6670fe5985ea,SAMMS-Huntsville
202608260854402242,202608260654257770,202608260654255519,85,3654,Bronze INV,br_ReAssessmentMentalHealth,TASK_COMPLETE,SUCCESS,INFO,0,0,0,,2026-08-26T06:54:31.515Z,2026-08-26T08:57:15.847Z,7364,2026-08-26T08:57:15.847Z,HS,Hot Springs,912d32aa-0b7f-4999-bf60-6670fe5985ea,SAMMS-HotSprings
202608260854402243,202608260654257771,202608260654255519,85,3655,Bronze INV,br_ReAssessmentMentalHealth,TASK_COMPLETE,SUCCESS,INFO,0,0,0,,2026-08-26T06:54:31.515Z,2026-08-26T08:57:15.847Z,7364,2026-08-26T08:57:15.847Z,JON,Jonesboro,912d32aa-0b7f-4999-bf60-6670fe5985ea,SAMMS-Jonesboro
202608260854402245,202608260654257772,202608260654255519,85,3657,Bronze INV,br_ReAssessmentMentalHealth,TASK_COMPLETE,SUCCESS,INFO,448,448,0,,2026-08-26T06:54:31.515Z,2026-08-26T08:57:15.847Z,7364,2026-08-26T08:57:15.847Z,LAN,Lansing,912d32aa-0b7f-4999-bf60-6670fe5985ea,SAMMS-Lansing
202608260854402246,202608260654257773,202608260654255519,85,3658,Bronze INV,br_ReAssessmentMentalHealth,TASK_COMPLETE,SUCCESS,INFO,1289,1289,0,,2026-08-26T06:54:31.515Z,2026-08-26T08:57:15.847Z,7364,2026-08-26T08:57:15.847Z,LO,Louisville,912d32aa-0b7f-4999-bf60-6670fe5985ea,SAMMS-Louisville
202608260854402247,202608260654257774,202608260654255519,85,3659,Bronze INV,br_ReAssessmentMentalHealth,TASK_COMPLETE,SUCCESS,INFO,291,291,0,,2026-08-26T06:54:31.515Z,2026-08-26T08:57:15.847Z,7364,2026-08-26T08:57:15.847Z,LV1,Cheyenne,912d32aa-0b7f-4999-bf60-6670fe5985ea,SAMMS-Cheyenne
202608260854402248,202608260654257775,202608260654255519,85,3660,Bronze INV,br_ReAssessmentMentalHealth,TASK_COMPLETE,SUCCESS,INFO,205,205,0,,2026-08-26T06:54:31.515Z,2026-08-26T08:57:15.847Z,7364,2026-08-26T08:57:15.847Z,LV2,Desert Inn,912d32aa-0b7f-4999-bf60-6670fe5985ea,SAMMS-DesertInn
202608260854402249,202608260654257776,202608260654255519,85,3661,Bronze INV,br_ReAssessmentMentalHealth,TASK_COMPLETE,SUCCESS,INFO,110,110,0,,2026-08-26T06:54:31.515Z,2026-08-26T08:57:15.847Z,7364,2026-08-26T08:57:15.847Z,LV3,McDaniel,912d32aa-0b7f-4999-bf60-6670fe5985ea,SAMMS-McDaniel
202608260854402250,202608260654257777,202608260654255519,85,3664,Bronze INV,br_ReAssessmentMentalHealth,TASK_COMPLETE,SUCCESS,INFO,357,357,0,,2026-08-26T06:54:31.515Z,2026-08-26T08:57:15.847Z,7364,2026-08-26T08:57:15.847Z,MNRE,Monroe,912d32aa-0b7f-4999-bf60-6670fe5985ea,SAMMS-Monroe
202608260854402251,202608260654257778,202608260654255519,85,3665,Bronze INV,br_ReAssessmentMentalHealth,TASK_COMPLETE,SUCCESS,INFO,1425,1425,0,,2026-08-26T06:54:31.515Z,2026-08-26T08:57:15.847Z,7364,2026-08-26T08:57:15.847Z,MP,Mt. Pleasant,912d32aa-0b7f-4999-bf60-6670fe5985ea,SAMMS-MtPleasant
202608260854402252,202608260654257779,202608260654255519,85,3666,Bronze INV,br_ReAssessmentMentalHealth,TASK_COMPLETE,SUCCESS,INFO,153,153,0,,2026-08-26T06:54:31.515Z,2026-08-26T08:57:15.847Z,7364,2026-08-26T08:57:15.847Z,MRD,Meridian,912d32aa-0b7f-4999-bf60-6670fe5985ea,SAMMS-Meridian
202608260854402254,202608260654257780,202608260654255519,85,3671,Bronze INV,br_ReAssessmentMentalHealth,TASK_COMPLETE,SUCCESS,INFO,694,694,0,,2026-08-26T06:54:31.515Z,2026-08-26T08:57:15.847Z,7364,2026-08-26T08:57:15.847Z,NC,North Charleston,912d32aa-0b7f-4999-bf60-6670fe5985ea,SAMMS-NorthCharleston
202608260854402255,202608260654257781,202608260654255519,85,3672,Bronze INV,br_ReAssessmentMentalHealth,TASK_COMPLETE,SUCCESS,INFO,0,0,0,,2026-08-26T06:54:31.515Z,2026-08-26T08:57:15.847Z,7364,2026-08-26T08:57:15.847Z,NLR,N. Little Rock,912d32aa-0b7f-4999-bf60-6670fe5985ea,SAMMS-NLROBOT
202608260854402256,202608260654257782,202608260654255519,85,3673,Bronze INV,br_ReAssessmentMentalHealth,TASK_COMPLETE,SUCCESS,INFO,111,111,0,,2026-08-26T06:54:31.515Z,2026-08-26T08:57:15.847Z,7364,2026-08-26T08:57:15.847Z,PH,Phoenix,912d32aa-0b7f-4999-bf60-6670fe5985ea,SAMMS-Phoenix
202608260854402359,202608260654257398,202608260654255519,85,3781,Bronze INV,br_ReAssessmentOccupational,TASK_COMPLETE,SUCCESS,INFO,515,515,0,,2026-08-26T06:54:31.515Z,2026-08-26T08:57:15.847Z,7364,2026-08-26T08:57:15.847Z,B75,Lawrence,912d32aa-0b7f-4999-bf60-6670fe5985ea,SAMMS-LawrenceV6
202608260854402360,202608260654257399,202608260654255519,85,3782,Bronze INV,br_ReAssessmentOccupational,TASK_COMPLETE,SUCCESS,INFO,0,0,0,,2026-08-26T06:54:31.515Z,2026-08-26T08:57:15.847Z,7364,2026-08-26T08:57:15.847Z,B76,Huntsville OBOT,912d32aa-0b7f-4999-bf60-6670fe5985ea,SAMMS-Huntsville-OBOT
202608260854402361,202608260654257400,202608260654255519,85,3783,Bronze INV,br_ReAssessmentOccupational,TASK_COMPLETE,SUCCESS,INFO,0,0,0,,2026-08-26T06:54:31.515Z,2026-08-26T08:57:15.847Z,7364,2026-08-26T08:57:15.847Z,BAT,Batesville,912d32aa-0b7f-4999-bf60-6670fe5985ea,SAMMS-Batesville
202608260854402363,202608260654257401,202608260654255519,85,3784,Bronze INV,br_ReAssessmentOccupational,TASK_COMPLETE,SUCCESS,INFO,460,460,0,,2026-08-26T06:54:31.515Z,2026-08-26T08:57:15.847Z,7364,2026-08-26T08:57:15.847Z,BG,Bowling Green,912d32aa-0b7f-4999-bf60-6670fe5985ea,SAMMS-BowlingGreen
202608260854402364,202608260654257402,202608260654255519,85,3785,Bronze INV,br_ReAssessmentOccupational,TASK_COMPLETE,SUCCESS,INFO,180,180,0,,2026-08-26T06:54:31.515Z,2026-08-26T08:57:15.847Z,7364,2026-08-26T08:57:15.847Z,BOI,Boise,912d32aa-0b7f-4999-bf60-6670fe5985ea,SAMMS-Boise
202608260854402365,202608260654257403,202608260654255519,85,3792,Bronze INV,br_ReAssessmentOccupational,TASK_COMPLETE,SUCCESS,INFO,51,51,0,,2026-08-26T06:54:31.515Z,2026-08-26T08:57:15.847Z,7364,2026-08-26T08:57:15.847Z,CBCO,Coeur dAlene,912d32aa-0b7f-4999-bf60-6670fe5985ea,SAMMS-CoeurdAleneV6
202608260854402366,202608260654257404,202608260654255519,85,3811,Bronze INV,br_ReAssessmentOccupational,TASK_COMPLETE,SUCCESS,INFO,0,0,0,,2026-08-26T06:54:31.515Z,2026-08-26T08:57:15.847Z,7364,2026-08-26T08:57:15.847Z,CON,Conway,912d32aa-0b7f-4999-bf60-6670fe5985ea,SAMMS-Conway
202608260854402367,202608260654257405,202608260654255519,85,3812,Bronze INV,br_ReAssessmentOccupational,TASK_COMPLETE,SUCCESS,INFO,2573,2573,0,,2026-08-26T06:54:31.515Z,2026-08-26T08:57:15.847Z,7364,2026-08-26T08:57:15.847Z,D07,Medical Services Knox TN,912d32aa-0b7f-4999-bf60-6670fe5985ea,SAMMS-KnoxvilleV6
202608260854402368,202608260654257406,202608260654255519,85,3813,Bronze INV,br_ReAssessmentOccupational,TASK_COMPLETE,SUCCESS,INFO,111,111,0,,2026-08-26T06:54:31.515Z,2026-08-26T08:57:15.847Z,7364,2026-08-26T08:57:15.847Z,D08,Madison,912d32aa-0b7f-4999-bf60-6670fe5985ea,SAMMS-MadisonV6
202608260854402370,202608260654257407,202608260654255519,85,3815,Bronze INV,br_ReAssessmentOccupational,TASK_COMPLETE,SUCCESS,INFO,120,120,0,,2026-08-26T06:54:31.515Z,2026-08-26T08:57:15.847Z,7364,2026-08-26T08:57:15.847Z,D09,Murfreesboro,912d32aa-0b7f-4999-bf60-6670fe5985ea,SAMMS-MurfreesboroV6
202608260854402371,202608260654257408,202608260654255519,85,3816,Bronze INV,br_ReAssessmentOccupational,TASK_COMPLETE,SUCCESS,INFO,336,336,0,,2026-08-26T06:54:31.515Z,2026-08-26T08:57:15.847Z,7364,2026-08-26T08:57:15.847Z,DA,Davenport,912d32aa-0b7f-4999-bf60-6670fe5985ea,SAMMS-Davenport
202608260854402372,202608260654257409,202608260654255519,85,3817,Bronze INV,br_ReAssessmentOccupational,TASK_COMPLETE,SUCCESS,INFO,287,287,0,,2026-08-26T06:54:31.515Z,2026-08-26T08:57:15.847Z,7364,2026-08-26T08:57:15.847Z,DM,Des Moines,912d32aa-0b7f-4999-bf60-6670fe5985ea,SAMMS-DesMoines
202608260854402373,202608260654257410,202608260654255519,85,3819,Bronze INV,br_ReAssessmentOccupational,TASK_COMPLETE,SUCCESS,INFO,530,530,0,,2026-08-26T06:54:31.515Z,2026-08-26T08:57:15.847Z,7364,2026-08-26T08:57:15.847Z,DRD-CO,Columbia MO,912d32aa-0b7f-4999-bf60-6670fe5985ea,SAMMS-ColumbiaV5
202608260854402374,202608260654257411,202608260654255519,85,3820,Bronze INV,br_ReAssessmentOccupational,TASK_COMPLETE,SUCCESS,INFO,347,347,0,,2026-08-26T06:54:31.515Z,2026-08-26T08:57:15.847Z,7364,2026-08-26T08:57:15.847Z,DRD-KC,KC,912d32aa-0b7f-4999-bf60-6670fe5985ea,SAMMS-KCv5
202608260854402375,202608260654257412,202608260654255519,85,3821,Bronze INV,br_ReAssessmentOccupational,TASK_COMPLETE,SUCCESS,INFO,1550,1550,0,,2026-08-26T06:54:31.515Z,2026-08-26T08:57:15.847Z,7364,2026-08-26T08:57:15.847Z,DRD-KVB,KVB,912d32aa-0b7f-4999-bf60-6670fe5985ea,SAMMS-KVBv5
202608260854402376,202608260654257413,202608260654255519,85,3822,Bronze INV,br_ReAssessmentOccupational,TASK_COMPLETE,SUCCESS,INFO,1672,1672,0,,2026-08-26T06:54:31.515Z,2026-08-26T08:57:15.847Z,7364,2026-08-26T08:57:15.847Z,DRD-KVC,KVC,912d32aa-0b7f-4999-bf60-6670fe5985ea,SAMMS-KVCv5
202608260854402377,202608260654257414,202608260654255519,85,3823,Bronze INV,br_ReAssessmentOccupational,TASK_COMPLETE,SUCCESS,INFO,3204,3204,0,,2026-08-26T06:54:31.515Z,2026-08-26T08:57:15.847Z,7364,2026-08-26T08:57:15.847Z,DRD-NOLA,NOLA,912d32aa-0b7f-4999-bf60-6670fe5985ea,SAMMS-NOLAv5
202608260854402378,202608260654257415,202608260654255519,85,3824,Bronze INV,br_ReAssessmentOccupational,TASK_COMPLETE,SUCCESS,INFO,801,801,0,,2026-08-26T06:54:31.515Z,2026-08-26T08:57:15.847Z,7364,2026-08-26T08:57:15.847Z,DRD-SF,Springfield,912d32aa-0b7f-4999-bf60-6670fe5985ea,SAMMS-SFv5
202608260854402380,202608260654257416,202608260654255519,85,3826,Bronze INV,br_ReAssessmentOccupational,TASK_COMPLETE,SUCCESS,INFO,260,260,0,,2026-08-26T06:54:31.515Z,2026-08-26T08:57:15.847Z,7364,2026-08-26T08:57:15.847Z,ELC,Elizabeth City,912d32aa-0b7f-4999-bf60-6670fe5985ea,SAMMS-ElizabethCity
202608260854402381,202608260654257417,202608260654255519,85,3827,Bronze INV,br_ReAssessmentOccupational,TASK_COMPLETE,SUCCESS,INFO,128,128,0,,2026-08-26T06:54:31.515Z,2026-08-26T08:57:15.847Z,7364,2026-08-26T08:57:15.847Z,ET,Elizabethtown,912d32aa-0b7f-4999-bf60-6670fe5985ea,SAMMS-Elizabethtown
202608260854402382,202608260654257418,202608260654255519,85,3828,Bronze INV,br_ReAssessmentOccupational,TASK_COMPLETE,SUCCESS,INFO,0,0,0,,2026-08-26T06:54:31.515Z,2026-08-26T08:57:15.847Z,7364,2026-08-26T08:57:15.847Z,FAY,Fayetteville,912d32aa-0b7f-4999-bf60-6670fe5985ea,SAMMS-Fayetteville
202608260854402383,202608260654257419,202608260654255519,85,3829,Bronze INV,br_ReAssessmentOccupational,TASK_COMPLETE,SUCCESS,INFO,156,156,0,,2026-08-26T06:54:31.515Z,2026-08-26T08:57:15.847Z,7364,2026-08-26T08:57:15.847Z,FR,Frankfort,912d32aa-0b7f-4999-bf60-6670fe5985ea,SAMMS-Frankfort
202608260854402384,202608260654257420,202608260654255519,85,3830,Bronze INV,br_ReAssessmentOccupational,TASK_COMPLETE,SUCCESS,INFO,0,0,0,,2026-08-26T06:54:31.515Z,2026-08-26T08:57:15.847Z,7364,2026-08-26T08:57:15.847Z,FS,Fort Smith,912d32aa-0b7f-4999-bf60-6670fe5985ea,SAMMS-FortSmith
202608260854402385,202608260654257421,202608260654255519,85,3831,Bronze INV,br_ReAssessmentOccupational,TASK_COMPLETE,SUCCESS,INFO,467,467,0,,2026-08-26T06:54:31.515Z,2026-08-26T08:57:15.847Z,7364,2026-08-26T08:57:15.847Z,FW,Fort Wayne,912d32aa-0b7f-4999-bf60-6670fe5985ea,SAMMS-FortWayne
202608260854402386,202608260654257422,202608260654255519,85,3832,Bronze INV,br_ReAssessmentOccupational,TASK_COMPLETE,SUCCESS,INFO,275,275,0,,2026-08-26T06:54:31.515Z,2026-08-26T08:57:15.847Z,7364,2026-08-26T08:57:15.847Z,GAL,Gaylord,912d32aa-0b7f-4999-bf60-6670fe5985ea,SAMMS-Gaylord
202608260854402387,202608260654257423,202608260654255519,85,3836,Bronze INV,br_ReAssessmentOccupational,TASK_COMPLETE,SUCCESS,INFO,100,100,0,,2026-08-26T06:54:31.515Z,2026-08-26T08:57:15.847Z,7364,2026-08-26T08:57:15.847Z,HGT,Hagerstown,912d32aa-0b7f-4999-bf60-6670fe5985ea,SAMMS-Hagerstown
202608260854402388,202608260654257424,202608260654255519,85,3837,Bronze INV,br_ReAssessmentOccupational,TASK_COMPLETE,SUCCESS,INFO,1723,1723,0,,2026-08-26T06:54:31.515Z,2026-08-26T08:57:15.847Z,7364,2026-08-26T08:57:15.847Z,HNT,Huntsville,912d32aa-0b7f-4999-bf60-6670fe5985ea,SAMMS-Huntsville
202608260854402389,202608260654257425,202608260654255519,85,3838,Bronze INV,br_ReAssessmentOccupational,TASK_COMPLETE,SUCCESS,INFO,0,0,0,,2026-08-26T06:54:31.515Z,2026-08-26T08:57:15.847Z,7364,2026-08-26T08:57:15.847Z,HS,Hot Springs,912d32aa-0b7f-4999-bf60-6670fe5985ea,SAMMS-HotSprings
202608260854402391,202608260654257426,202608260654255519,85,3839,Bronze INV,br_ReAssessmentOccupational,TASK_COMPLETE,SUCCESS,INFO,0,0,0,,2026-08-26T06:54:31.515Z,2026-08-26T08:57:15.847Z,7364,2026-08-26T08:57:15.847Z,JON,Jonesboro,912d32aa-0b7f-4999-bf60-6670fe5985ea,SAMMS-Jonesboro
202608260854402392,202608260654257427,202608260654255519,85,3841,Bronze INV,br_ReAssessmentOccupational,TASK_COMPLETE,SUCCESS,INFO,446,446,0,,2026-08-26T06:54:31.515Z,2026-08-26T08:57:15.847Z,7364,2026-08-26T08:57:15.847Z,LAN,Lansing,912d32aa-0b7f-4999-bf60-6670fe5985ea,SAMMS-Lansing
202608260854402393,202608260654257428,202608260654255519,85,3842,Bronze INV,br_ReAssessmentOccupational,TASK_COMPLETE,SUCCESS,INFO,1287,1287,0,,2026-08-26T06:54:31.515Z,2026-08-26T08:57:15.847Z,7364,2026-08-26T08:57:15.847Z,LO,Louisville,912d32aa-0b7f-4999-bf60-6670fe5985ea,SAMMS-Louisville
202608260854402394,202608260654257429,202608260654255519,85,3843,Bronze INV,br_ReAssessmentOccupational,TASK_COMPLETE,SUCCESS,INFO,291,291,0,,2026-08-26T06:54:31.515Z,2026-08-26T08:57:15.847Z,7364,2026-08-26T08:57:15.847Z,LV1,Cheyenne,912d32aa-0b7f-4999-bf60-6670fe5985ea,SAMMS-Cheyenne
202608260854402395,202608260654257430,202608260654255519,85,3844,Bronze INV,br_ReAssessmentOccupational,TASK_COMPLETE,SUCCESS,INFO,204,204,0,,2026-08-26T06:54:31.515Z,2026-08-26T08:57:15.847Z,7364,2026-08-26T08:57:15.847Z,LV2,Desert Inn,912d32aa-0b7f-4999-bf60-6670fe5985ea,SAMMS-DesertInn
202608260854402396,202608260654257431,202608260654255519,85,3845,Bronze INV,br_ReAssessmentOccupational,TASK_COMPLETE,SUCCESS,INFO,110,110,0,,2026-08-26T06:54:31.515Z,2026-08-26T08:57:15.847Z,7364,2026-08-26T08:57:15.847Z,LV3,McDaniel,912d32aa-0b7f-4999-bf60-6670fe5985ea,SAMMS-McDaniel
202608260854402397,202608260654257432,202608260654255519,85,3848,Bronze INV,br_ReAssessmentOccupational,TASK_COMPLETE,SUCCESS,INFO,358,358,0,,2026-08-26T06:54:31.515Z,2026-08-26T08:57:15.847Z,7364,2026-08-26T08:57:15.847Z,MNRE,Monroe,912d32aa-0b7f-4999-bf60-6670fe5985ea,SAMMS-Monroe
202608260854402398,202608260654257433,202608260654255519,85,3849,Bronze INV,br_ReAssessmentOccupational,TASK_COMPLETE,SUCCESS,INFO,1423,1423,0,,2026-08-26T06:54:31.515Z,2026-08-26T08:57:15.847Z,7364,2026-08-26T08:57:15.847Z,MP,Mt. Pleasant,912d32aa-0b7f-4999-bf60-6670fe5985ea,SAMMS-MtPleasant
202608260854402399,202608260654257434,202608260654255519,85,3850,Bronze INV,br_ReAssessmentOccupational,TASK_COMPLETE,SUCCESS,INFO,153,153,0,,2026-08-26T06:54:31.515Z,2026-08-26T08:57:15.847Z,7364,2026-08-26T08:57:15.847Z,MRD,Meridian,912d32aa-0b7f-4999-bf60-6670fe5985ea,SAMMS-Meridian
202608260854402400,202608260654257435,202608260654255519,85,3855,Bronze INV,br_ReAssessmentOccupational,TASK_COMPLETE,SUCCESS,INFO,693,693,0,,2026-08-26T06:54:31.515Z,2026-08-26T08:57:15.847Z,7364,2026-08-26T08:57:15.847Z,NC,North Charleston,912d32aa-0b7f-4999-bf60-6670fe5985ea,SAMMS-NorthCharleston
202608260854401857,202608260654257481,202608260654255519,85,3183,Bronze INV,br_ReAssessmentFamily,TASK_COMPLETE,SUCCESS,INFO,400,400,0,,2026-08-26T06:54:31.515Z,2026-08-26T08:57:15.847Z,7364,2026-08-26T08:57:15.847Z,B31,Dyersburg,912d32aa-0b7f-4999-bf60-6670fe5985ea,SAMMS-DyersburgV5
202608260854401859,202608260654257482,202608260654255519,85,3185,Bronze INV,br_ReAssessmentFamily,TASK_COMPLETE,SUCCESS,INFO,487,487,0,,2026-08-26T06:54:31.515Z,2026-08-26T08:57:15.847Z,7364,2026-08-26T08:57:15.847Z,B33,Paducah,912d32aa-0b7f-4999-bf60-6670fe5985ea,SAMMS-Paducah
202608260854401860,202608260654257483,202608260654255519,85,3186,Bronze INV,br_ReAssessmentFamily,TASK_COMPLETE,SUCCESS,INFO,383,383,0,,2026-08-26T06:54:31.515Z,2026-08-26T08:57:15.847Z,7364,2026-08-26T08:57:15.847Z,B34,Corbin,912d32aa-0b7f-4999-bf60-6670fe5985ea,SAMMS-CorbinV5
202608260854401861,202608260654257484,202608260654255519,85,3187,Bronze INV,br_ReAssessmentFamily,TASK_COMPLETE,SUCCESS,INFO,240,240,0,,2026-08-26T06:54:31.515Z,2026-08-26T08:57:15.847Z,7364,2026-08-26T08:57:15.847Z,B35,Lexington,912d32aa-0b7f-4999-bf60-6670fe5985ea,SAMMS-LexingtonV5
202608260854401862,202608260654257485,202608260654255519,85,3188,Bronze INV,br_ReAssessmentFamily,TASK_COMPLETE,SUCCESS,INFO,77,77,0,,2026-08-26T06:54:31.515Z,2026-08-26T08:57:15.847Z,7364,2026-08-26T08:57:15.847Z,B35A,Berea,912d32aa-0b7f-4999-bf60-6670fe5985ea,SAMMS-BereaV5
202608260854401863,202608260654257486,202608260654255519,85,3189,Bronze INV,br_ReAssessmentFamily,TASK_COMPLETE,SUCCESS,INFO,20,20,0,,2026-08-26T06:54:31.515Z,2026-08-26T08:57:15.847Z,7364,2026-08-26T08:57:15.847Z,B36,Asheville,912d32aa-0b7f-4999-bf60-6670fe5985ea,SAMMS-AshevilleV5
202608260854401864,202608260654257487,202608260654255519,85,3190,Bronze INV,br_ReAssessmentFamily,TASK_COMPLETE,SUCCESS,INFO,1,1,0,,2026-08-26T06:54:31.515Z,2026-08-26T08:57:15.847Z,7364,2026-08-26T08:57:15.847Z,B37,Clyde,912d32aa-0b7f-4999-bf60-6670fe5985ea,SAMMS-ClydeV5
202608260854401866,202608260654257488,202608260654255519,85,3191,Bronze INV,br_ReAssessmentFamily,TASK_COMPLETE,SUCCESS,INFO,1186,1186,0,,2026-08-26T06:54:31.515Z,2026-08-26T08:57:15.847Z,7364,2026-08-26T08:57:15.847Z,B38,Spartanburg,912d32aa-0b7f-4999-bf60-6670fe5985ea,SAMMS-SpartanburgV5
202608260854401867,202608260654257489,202608260654255519,85,3192,Bronze INV,br_ReAssessmentFamily,TASK_COMPLETE,SUCCESS,INFO,362,362,0,,2026-08-26T06:54:31.515Z,2026-08-26T08:57:15.847Z,7364,2026-08-26T08:57:15.847Z,B39,Aiken,912d32aa-0b7f-4999-bf60-6670fe5985ea,SAMMS-AikenV5
202608260854401868,202608260654257490,202608260654255519,85,3193,Bronze INV,br_ReAssessmentFamily,TASK_COMPLETE,SUCCESS,INFO,1888,1888,0,,2026-08-26T06:54:31.515Z,2026-08-26T08:57:15.847Z,7364,2026-08-26T08:57:15.847Z,B41,Chesapeake,912d32aa-0b7f-4999-bf60-6670fe5985ea,SAMMS-ChesapeakeV5
202608260854401869,202608260654257491,202608260654255519,85,3194,Bronze INV,br_ReAssessmentFamily,TASK_COMPLETE,SUCCESS,INFO,1917,1917,0,,2026-08-26T06:54:31.515Z,2026-08-26T08:57:15.847Z,7364,2026-08-26T08:57:15.847Z,B42,Virginia Beach,912d32aa-0b7f-4999-bf60-6670fe5985ea,SAMMS-VirginiaBeachV5
202608260854401870,202608260654257492,202608260654255519,85,3195,Bronze INV,br_ReAssessmentFamily,TASK_COMPLETE,SUCCESS,INFO,926,926,0,,2026-08-26T06:54:31.515Z,2026-08-26T08:57:15.847Z,7364,2026-08-26T08:57:15.847Z,B42A,Newport News,912d32aa-0b7f-4999-bf60-6670fe5985ea,SAMMS-NewportNewsV5
202608260854401871,202608260654257493,202608260654255519,85,3196,Bronze INV,br_ReAssessmentFamily,TASK_COMPLETE,SUCCESS,INFO,507,507,0,,2026-08-26T06:54:31.515Z,2026-08-26T08:57:15.847Z,7364,2026-08-26T08:57:15.847Z,B42B,Franklin,912d32aa-0b7f-4999-bf60-6670fe5985ea,SAMMS-FranklinV5
202608260854401872,202608260654257494,202608260654255519,85,3197,Bronze INV,br_ReAssessmentFamily,TASK_COMPLETE,SUCCESS,INFO,342,342,0,,2026-08-26T06:54:31.515Z,2026-08-26T08:57:15.847Z,7364,2026-08-26T08:57:15.847Z,B42C,Glen Allen,912d32aa-0b7f-4999-bf60-6670fe5985ea,SAMMS-GlenAllenV5
202608260854401874,202608260654257495,202608260654255519,85,3198,Bronze INV,br_ReAssessmentFamily,TASK_COMPLETE,SUCCESS,INFO,1481,1481,0,,2026-08-26T06:54:31.515Z,2026-08-26T08:57:15.847Z,7364,2026-08-26T08:57:15.847Z,B42D,Chesapeake South,912d32aa-0b7f-4999-bf60-6670fe5985ea,SAMMS-ChesapeakeSouthV5
202608260854401875,202608260654257496,202608260654255519,85,3199,Bronze INV,br_ReAssessmentFamily,TASK_COMPLETE,SUCCESS,INFO,632,632,0,,2026-08-26T06:54:31.515Z,2026-08-26T08:57:15.847Z,7364,2026-08-26T08:57:15.847Z,B44,Albany,912d32aa-0b7f-4999-bf60-6670fe5985ea,SAMMS-AlbanyV5
202608260854401876,202608260654257497,202608260654255519,85,3200,Bronze INV,br_ReAssessmentFamily,TASK_COMPLETE,SUCCESS,INFO,1270,1270,0,,2026-08-26T06:54:31.515Z,2026-08-26T08:57:15.847Z,7364,2026-08-26T08:57:15.847Z,B45,Tifton,912d32aa-0b7f-4999-bf60-6670fe5985ea,SAMMS-TiftonV5
202608260854401877,202608260654257498,202608260654255519,85,3201,Bronze INV,br_ReAssessmentFamily,TASK_COMPLETE,SUCCESS,INFO,587,587,0,,2026-08-26T06:54:31.515Z,2026-08-26T08:57:15.847Z,7364,2026-08-26T08:57:15.847Z,B46,Washington DC,912d32aa-0b7f-4999-bf60-6670fe5985ea,SAMMS-WashingtonDCv5
202608260854401878,202608260654257499,202608260654255519,85,3202,Bronze INV,br_ReAssessmentFamily,TASK_COMPLETE,SUCCESS,INFO,1570,1570,0,,2026-08-26T06:54:31.515Z,2026-08-26T08:57:15.847Z,7364,2026-08-26T08:57:15.847Z,B47,Mobile,912d32aa-0b7f-4999-bf60-6670fe5985ea,SAMMS-MobileV5
202608260854401879,202608260654257500,202608260654255519,85,3203,Bronze INV,br_ReAssessmentFamily,TASK_COMPLETE,SUCCESS,INFO,1297,1297,0,,2026-08-26T06:54:31.515Z,2026-08-26T08:57:15.847Z,7364,2026-08-26T08:57:15.847Z,B48,Tuscaloosa,912d32aa-0b7f-4999-bf60-6670fe5985ea,SAMMS-TuscaloosaV5
202608260854401881,202608260654257501,202608260654255519,85,3212,Bronze INV,br_ReAssessmentFamily,TASK_COMPLETE,SUCCESS,INFO,2,2,0,,2026-08-26T06:54:31.515Z,2026-08-26T08:57:15.847Z,7364,2026-08-26T08:57:15.847Z,B51,N. Little Rock (OTP),912d32aa-0b7f-4999-bf60-6670fe5985ea,SAMMS-NorthLittleRockV6
202608260854401882,202608260654257502,202608260654255519,85,3213,Bronze INV,br_ReAssessmentFamily,TASK_COMPLETE,SUCCESS,INFO,456,456,0,,2026-08-26T06:54:31.515Z,2026-08-26T08:57:15.847Z,7364,2026-08-26T08:57:15.847Z,B52,Jackson GA,912d32aa-0b7f-4999-bf60-6670fe5985ea,SAMMS-JacksonGAV5
202608260854401883,202608260654257503,202608260654255519,85,3214,Bronze INV,br_ReAssessmentFamily,TASK_COMPLETE,SUCCESS,INFO,1708,1708,0,,2026-08-26T06:54:31.515Z,2026-08-26T08:57:15.847Z,7364,2026-08-26T08:57:15.847Z,B54,Gadsden,912d32aa-0b7f-4999-bf60-6670fe5985ea,SAMMS-GadsdenV5
202608260854401884,202608260654257504,202608260654255519,85,3215,Bronze INV,br_ReAssessmentFamily,TASK_COMPLETE,SUCCESS,INFO,950,950,0,,2026-08-26T06:54:31.515Z,2026-08-26T08:57:15.847Z,7364,2026-08-26T08:57:15.847Z,B55,Shoals,912d32aa-0b7f-4999-bf60-6670fe5985ea,SAMMS-ShoalsV5
202608260854401885,202608260654257505,202608260654255519,85,3216,Bronze INV,br_ReAssessmentFamily,TASK_COMPLETE,SUCCESS,INFO,294,294,0,,2026-08-26T06:54:31.515Z,2026-08-26T08:57:15.847Z,7364,2026-08-26T08:57:15.847Z,B57,Pawtucket,912d32aa-0b7f-4999-bf60-6670fe5985ea,SAMMS-Pawtucket
202608260854401886,202608260654257506,202608260654255519,85,3217,Bronze INV,br_ReAssessmentFamily,TASK_COMPLETE,SUCCESS,INFO,551,551,0,,2026-08-26T06:54:31.515Z,2026-08-26T08:57:15.847Z,7364,2026-08-26T08:57:15.847Z,B57A,Johnston,912d32aa-0b7f-4999-bf60-6670fe5985ea,SAMMS-Johnston
202608260854401887,202608260654257507,202608260654255519,85,3218,Bronze INV,br_ReAssessmentFamily,TASK_COMPLETE,SUCCESS,INFO,166,166,0,,2026-08-26T06:54:31.515Z,2026-08-26T08:57:15.847Z,7364,2026-08-26T08:57:15.847Z,B57B,Middletown,912d32aa-0b7f-4999-bf60-6670fe5985ea,SAMMS-Middletown
202608260854401889,202608260654257508,202608260654255519,85,3219,Bronze INV,br_ReAssessmentFamily,TASK_COMPLETE,SUCCESS,INFO,413,413,0,,2026-08-26T06:54:31.515Z,2026-08-26T08:57:15.847Z,7364,2026-08-26T08:57:15.847Z,B57C,Providence,912d32aa-0b7f-4999-bf60-6670fe5985ea,SAMMS-Providence
202608260854401890,202608260654257509,202608260654255519,85,3220,Bronze INV,br_ReAssessmentFamily,TASK_COMPLETE,SUCCESS,INFO,623,623,0,,2026-08-26T06:54:31.515Z,2026-08-26T08:57:15.847Z,7364,2026-08-26T08:57:15.847Z,B57D,Westerly,912d32aa-0b7f-4999-bf60-6670fe5985ea,SAMMS-Westerly
202608260854401891,202608260654257510,202608260654255519,85,3224,Bronze INV,br_ReAssessmentFamily,TASK_COMPLETE,SUCCESS,INFO,4,4,0,,2026-08-26T06:54:31.515Z,2026-08-26T08:57:15.847Z,7364,2026-08-26T08:57:15.847Z,B66A,Bremen,912d32aa-0b7f-4999-bf60-6670fe5985ea,SAMMS-Bremen
202608260854401893,202608260654257511,202608260654255519,85,3227,Bronze INV,br_ReAssessmentFamily,TASK_COMPLETE,SUCCESS,INFO,0,0,0,,2026-08-26T06:54:31.515Z,2026-08-26T08:57:15.847Z,7364,2026-08-26T08:57:15.847Z,B72,Mobile (OBOT),912d32aa-0b7f-4999-bf60-6670fe5985ea,SAMMS-Mobile-OBOT
202608260854401894,202608260654257512,202608260654255519,85,3228,Bronze INV,br_ReAssessmentFamily,TASK_COMPLETE,SUCCESS,INFO,0,0,0,,2026-08-26T06:54:31.515Z,2026-08-26T08:57:15.847Z,7364,2026-08-26T08:57:15.847Z,B73,Montgomery,912d32aa-0b7f-4999-bf60-6670fe5985ea,SAMMS-Montgomery
202608260854401895,202608260654257513,202608260654255519,85,3229,Bronze INV,br_ReAssessmentFamily,TASK_COMPLETE,SUCCESS,INFO,517,517,0,,2026-08-26T06:54:31.515Z,2026-08-26T08:57:15.847Z,7364,2026-08-26T08:57:15.847Z,B75,Lawrence,912d32aa-0b7f-4999-bf60-6670fe5985ea,SAMMS-LawrenceV6
202608260854401896,202608260654257514,202608260654255519,85,3230,Bronze INV,br_ReAssessmentFamily,TASK_COMPLETE,SUCCESS,INFO,0,0,0,,2026-08-26T06:54:31.515Z,2026-08-26T08:57:15.847Z,7364,2026-08-26T08:57:15.847Z,B76,Huntsville OBOT,912d32aa-0b7f-4999-bf60-6670fe5985ea,SAMMS-Huntsville-OBOT
202608260854401897,202608260654257515,202608260654255519,85,3231,Bronze INV,br_ReAssessmentFamily,TASK_COMPLETE,SUCCESS,INFO,0,0,0,,2026-08-26T06:54:31.515Z,2026-08-26T08:57:15.847Z,7364,2026-08-26T08:57:15.847Z,BAT,Batesville,912d32aa-0b7f-4999-bf60-6670fe5985ea,SAMMS-Batesville
202608260854401898,202608260654257516,202608260654255519,85,3232,Bronze INV,br_ReAssessmentFamily,TASK_COMPLETE,SUCCESS,INFO,461,461,0,,2026-08-26T06:54:31.515Z,2026-08-26T08:57:15.847Z,7364,2026-08-26T08:57:15.847Z,BG,Bowling Green,912d32aa-0b7f-4999-bf60-6670fe5985ea,SAMMS-BowlingGreen
202608260854401899,202608260654257517,202608260654255519,85,3233,Bronze INV,br_ReAssessmentFamily,TASK_COMPLETE,SUCCESS,INFO,181,181,0,,2026-08-26T06:54:31.515Z,2026-08-26T08:57:15.847Z,7364,2026-08-26T08:57:15.847Z,BOI,Boise,912d32aa-0b7f-4999-bf60-6670fe5985ea,SAMMS-Boise
202608260854401901,202608260654257518,202608260654255519,85,3240,Bronze INV,br_ReAssessmentFamily,TASK_COMPLETE,SUCCESS,INFO,51,51,0,,2026-08-26T06:54:31.515Z,2026-08-26T08:57:15.847Z,7364,2026-08-26T08:57:15.847Z,CBCO,Coeur dAlene,912d32aa-0b7f-4999-bf60-6670fe5985ea,SAMMS-CoeurdAleneV6
202608260854402504,202608260654257856,202608260654255519,85,3963,Bronze INV,br_ReAssessmentPhysicalHealth,TASK_COMPLETE,SUCCESS,INFO,0,0,0,,2026-08-26T06:54:31.515Z,2026-08-26T08:57:15.847Z,7364,2026-08-26T08:57:15.847Z,B72,Mobile (OBOT),912d32aa-0b7f-4999-bf60-6670fe5985ea,SAMMS-Mobile-OBOT
202608260854402505,202608260654257857,202608260654255519,85,3964,Bronze INV,br_ReAssessmentPhysicalHealth,TASK_COMPLETE,SUCCESS,INFO,0,0,0,,2026-08-26T06:54:31.515Z,2026-08-26T08:57:15.847Z,7364,2026-08-26T08:57:15.847Z,B73,Montgomery,912d32aa-0b7f-4999-bf60-6670fe5985ea,SAMMS-Montgomery
202608260854402506,202608260654257858,202608260654255519,85,3965,Bronze INV,br_ReAssessmentPhysicalHealth,TASK_COMPLETE,SUCCESS,INFO,517,517,0,,2026-08-26T06:54:31.515Z,2026-08-26T08:57:15.847Z,7364,2026-08-26T08:57:15.847Z,B75,Lawrence,912d32aa-0b7f-4999-bf60-6670fe5985ea,SAMMS-LawrenceV6
202608260854402508,202608260654257859,202608260654255519,85,3966,Bronze INV,br_ReAssessmentPhysicalHealth,TASK_COMPLETE,SUCCESS,INFO,0,0,0,,2026-08-26T06:54:31.515Z,2026-08-26T08:57:15.847Z,7364,2026-08-26T08:57:15.847Z,B76,Huntsville OBOT,912d32aa-0b7f-4999-bf60-6670fe5985ea,SAMMS-Huntsville-OBOT
202608260854402509,202608260654257860,202608260654255519,85,3967,Bronze INV,br_ReAssessmentPhysicalHealth,TASK_COMPLETE,SUCCESS,INFO,0,0,0,,2026-08-26T06:54:31.515Z,2026-08-26T08:57:15.847Z,7364,2026-08-26T08:57:15.847Z,BAT,Batesville,912d32aa-0b7f-4999-bf60-6670fe5985ea,SAMMS-Batesville
202608260854402510,202608260654257861,202608260654255519,85,3968,Bronze INV,br_ReAssessmentPhysicalHealth,TASK_COMPLETE,SUCCESS,INFO,461,461,0,,2026-08-26T06:54:31.515Z,2026-08-26T08:57:15.847Z,7364,2026-08-26T08:57:15.847Z,BG,Bowling Green,912d32aa-0b7f-4999-bf60-6670fe5985ea,SAMMS-BowlingGreen
202608260854402511,202608260654257862,202608260654255519,85,3969,Bronze INV,br_ReAssessmentPhysicalHealth,TASK_COMPLETE,SUCCESS,INFO,179,179,0,,2026-08-26T06:54:31.515Z,2026-08-26T08:57:15.847Z,7364,2026-08-26T08:57:15.847Z,BOI,Boise,912d32aa-0b7f-4999-bf60-6670fe5985ea,SAMMS-Boise
202608260854402512,202608260654257863,202608260654255519,85,3976,Bronze INV,br_ReAssessmentPhysicalHealth,TASK_COMPLETE,SUCCESS,INFO,51,51,0,,2026-08-26T06:54:31.515Z,2026-08-26T08:57:15.847Z,7364,2026-08-26T08:57:15.847Z,CBCO,Coeur dAlene,912d32aa-0b7f-4999-bf60-6670fe5985ea,SAMMS-CoeurdAleneV6
202608260854402513,202608260654257864,202608260654255519,85,3995,Bronze INV,br_ReAssessmentPhysicalHealth,TASK_COMPLETE,SUCCESS,INFO,0,0,0,,2026-08-26T06:54:31.515Z,2026-08-26T08:57:15.847Z,7364,2026-08-26T08:57:15.847Z,CON,Conway,912d32aa-0b7f-4999-bf60-6670fe5985ea,SAMMS-Conway
202608260854402514,202608260654257865,202608260654255519,85,3996,Bronze INV,br_ReAssessmentPhysicalHealth,TASK_COMPLETE,SUCCESS,INFO,2590,2590,0,,2026-08-26T06:54:31.515Z,2026-08-26T08:57:15.847Z,7364,2026-08-26T08:57:15.847Z,D07,Medical Services Knox TN,912d32aa-0b7f-4999-bf60-6670fe5985ea,SAMMS-KnoxvilleV6
202608260854402515,202608260654257866,202608260654255519,85,3997,Bronze INV,br_ReAssessmentPhysicalHealth,TASK_COMPLETE,SUCCESS,INFO,116,116,0,,2026-08-26T06:54:31.515Z,2026-08-26T08:57:15.847Z,7364,2026-08-26T08:57:15.847Z,D08,Madison,912d32aa-0b7f-4999-bf60-6670fe5985ea,SAMMS-MadisonV6
202608260854402516,202608260654257867,202608260654255519,85,3999,Bronze INV,br_ReAssessmentPhysicalHealth,TASK_COMPLETE,SUCCESS,INFO,123,123,0,,2026-08-26T06:54:31.515Z,2026-08-26T08:57:15.847Z,7364,2026-08-26T08:57:15.847Z,D09,Murfreesboro,912d32aa-0b7f-4999-bf60-6670fe5985ea,SAMMS-MurfreesboroV6
202608260854402517,202608260654257868,202608260654255519,85,4000,Bronze INV,br_ReAssessmentPhysicalHealth,TASK_COMPLETE,SUCCESS,INFO,337,337,0,,2026-08-26T06:54:31.515Z,2026-08-26T08:57:15.847Z,7364,2026-08-26T08:57:15.847Z,DA,Davenport,912d32aa-0b7f-4999-bf60-6670fe5985ea,SAMMS-Davenport
202608260854402519,202608260654257869,202608260654255519,85,4001,Bronze INV,br_ReAssessmentPhysicalHealth,TASK_COMPLETE,SUCCESS,INFO,292,292,0,,2026-08-26T06:54:31.515Z,2026-08-26T08:57:15.847Z,7364,2026-08-26T08:57:15.847Z,DM,Des Moines,912d32aa-0b7f-4999-bf60-6670fe5985ea,SAMMS-DesMoines
202608260854402520,202608260654257870,202608260654255519,85,4003,Bronze INV,br_ReAssessmentPhysicalHealth,TASK_COMPLETE,SUCCESS,INFO,530,530,0,,2026-08-26T06:54:31.515Z,2026-08-26T08:57:15.847Z,7364,2026-08-26T08:57:15.847Z,DRD-CO,Columbia MO,912d32aa-0b7f-4999-bf60-6670fe5985ea,SAMMS-ColumbiaV5
202608260854402521,202608260654257871,202608260654255519,85,4004,Bronze INV,br_ReAssessmentPhysicalHealth,TASK_COMPLETE,SUCCESS,INFO,347,347,0,,2026-08-26T06:54:31.515Z,2026-08-26T08:57:15.847Z,7364,2026-08-26T08:57:15.847Z,DRD-KC,KC,912d32aa-0b7f-4999-bf60-6670fe5985ea,SAMMS-KCv5
202608260854402522,202608260654257872,202608260654255519,85,4005,Bronze INV,br_ReAssessmentPhysicalHealth,TASK_COMPLETE,SUCCESS,INFO,1556,1556,0,,2026-08-26T06:54:31.515Z,2026-08-26T08:57:15.847Z,7364,2026-08-26T08:57:15.847Z,DRD-KVB,KVB,912d32aa-0b7f-4999-bf60-6670fe5985ea,SAMMS-KVBv5
202608260854402523,202608260654257873,202608260654255519,85,4006,Bronze INV,br_ReAssessmentPhysicalHealth,TASK_COMPLETE,SUCCESS,INFO,1676,1676,0,,2026-08-26T06:54:31.515Z,2026-08-26T08:57:15.847Z,7364,2026-08-26T08:57:15.847Z,DRD-KVC,KVC,912d32aa-0b7f-4999-bf60-6670fe5985ea,SAMMS-KVCv5
202608260854402524,202608260654257874,202608260654255519,85,4007,Bronze INV,br_ReAssessmentPhysicalHealth,TASK_COMPLETE,SUCCESS,INFO,3205,3205,0,,2026-08-26T06:54:31.515Z,2026-08-26T08:57:15.847Z,7364,2026-08-26T08:57:15.847Z,DRD-NOLA,NOLA,912d32aa-0b7f-4999-bf60-6670fe5985ea,SAMMS-NOLAv5
202608260854402525,202608260654257875,202608260654255519,85,4008,Bronze INV,br_ReAssessmentPhysicalHealth,TASK_COMPLETE,SUCCESS,INFO,802,802,0,,2026-08-26T06:54:31.515Z,2026-08-26T08:57:15.847Z,7364,2026-08-26T08:57:15.847Z,DRD-SF,Springfield,912d32aa-0b7f-4999-bf60-6670fe5985ea,SAMMS-SFv5
202608260854402527,202608260654257876,202608260654255519,85,4010,Bronze INV,br_ReAssessmentPhysicalHealth,TASK_COMPLETE,SUCCESS,INFO,261,261,0,,2026-08-26T06:54:31.515Z,2026-08-26T08:57:15.847Z,7364,2026-08-26T08:57:15.847Z,ELC,Elizabeth City,912d32aa-0b7f-4999-bf60-6670fe5985ea,SAMMS-ElizabethCity
202608260854402528,202608260654257877,202608260654255519,85,4011,Bronze INV,br_ReAssessmentPhysicalHealth,TASK_COMPLETE,SUCCESS,INFO,128,128,0,,2026-08-26T06:54:31.515Z,2026-08-26T08:57:15.847Z,7364,2026-08-26T08:57:15.847Z,ET,Elizabethtown,912d32aa-0b7f-4999-bf60-6670fe5985ea,SAMMS-Elizabethtown
202608260854402529,202608260654257878,202608260654255519,85,4012,Bronze INV,br_ReAssessmentPhysicalHealth,TASK_COMPLETE,SUCCESS,INFO,0,0,0,,2026-08-26T06:54:31.515Z,2026-08-26T08:57:15.847Z,7364,2026-08-26T08:57:15.847Z,FAY,Fayetteville,912d32aa-0b7f-4999-bf60-6670fe5985ea,SAMMS-Fayetteville
202608260854402530,202608260654257879,202608260654255519,85,4013,Bronze INV,br_ReAssessmentPhysicalHealth,TASK_COMPLETE,SUCCESS,INFO,156,156,0,,2026-08-26T06:54:31.515Z,2026-08-26T08:57:15.847Z,7364,2026-08-26T08:57:15.847Z,FR,Frankfort,912d32aa-0b7f-4999-bf60-6670fe5985ea,SAMMS-Frankfort
202608260854402531,202608260654257880,202608260654255519,85,4014,Bronze INV,br_ReAssessmentPhysicalHealth,TASK_COMPLETE,SUCCESS,INFO,0,0,0,,2026-08-26T06:54:31.515Z,2026-08-26T08:57:15.847Z,7364,2026-08-26T08:57:15.847Z,FS,Fort Smith,912d32aa-0b7f-4999-bf60-6670fe5985ea,SAMMS-FortSmith
202608260854402532,202608260654257881,202608260654255519,85,4015,Bronze INV,br_ReAssessmentPhysicalHealth,TASK_COMPLETE,SUCCESS,INFO,471,471,0,,2026-08-26T06:54:31.515Z,2026-08-26T08:57:15.847Z,7364,2026-08-26T08:57:15.847Z,FW,Fort Wayne,912d32aa-0b7f-4999-bf60-6670fe5985ea,SAMMS-FortWayne
202608260854402533,202608260654257882,202608260654255519,85,4016,Bronze INV,br_ReAssessmentPhysicalHealth,TASK_COMPLETE,SUCCESS,INFO,276,276,0,,2026-08-26T06:54:31.515Z,2026-08-26T08:57:15.847Z,7364,2026-08-26T08:57:15.847Z,GAL,Gaylord,912d32aa-0b7f-4999-bf60-6670fe5985ea,SAMMS-Gaylord
202608260854402534,202608260654257883,202608260654255519,85,4020,Bronze INV,br_ReAssessmentPhysicalHealth,TASK_COMPLETE,SUCCESS,INFO,100,100,0,,2026-08-26T06:54:31.515Z,2026-08-26T08:57:15.847Z,7364,2026-08-26T08:57:15.847Z,HGT,Hagerstown,912d32aa-0b7f-4999-bf60-6670fe5985ea,SAMMS-Hagerstown
202608260854402535,202608260654257884,202608260654255519,85,4021,Bronze INV,br_ReAssessmentPhysicalHealth,TASK_COMPLETE,SUCCESS,INFO,1727,1727,0,,2026-08-26T06:54:31.515Z,2026-08-26T08:57:15.847Z,7364,2026-08-26T08:57:15.847Z,HNT,Huntsville,912d32aa-0b7f-4999-bf60-6670fe5985ea,SAMMS-Huntsville
202608260854402536,202608260654257885,202608260654255519,85,4022,Bronze INV,br_ReAssessmentPhysicalHealth,TASK_COMPLETE,SUCCESS,INFO,0,0,0,,2026-08-26T06:54:31.515Z,2026-08-26T08:57:15.847Z,7364,2026-08-26T08:57:15.847Z,HS,Hot Springs,912d32aa-0b7f-4999-bf60-6670fe5985ea,SAMMS-HotSprings
202608260854402538,202608260654257886,202608260654255519,85,4023,Bronze INV,br_ReAssessmentPhysicalHealth,TASK_COMPLETE,SUCCESS,INFO,0,0,0,,2026-08-26T06:54:31.515Z,2026-08-26T08:57:15.847Z,7364,2026-08-26T08:57:15.847Z,JON,Jonesboro,912d32aa-0b7f-4999-bf60-6670fe5985ea,SAMMS-Jonesboro
202608260854402539,202608260654257887,202608260654255519,85,4025,Bronze INV,br_ReAssessmentPhysicalHealth,TASK_COMPLETE,SUCCESS,INFO,448,448,0,,2026-08-26T06:54:31.515Z,2026-08-26T08:57:15.847Z,7364,2026-08-26T08:57:15.847Z,LAN,Lansing,912d32aa-0b7f-4999-bf60-6670fe5985ea,SAMMS-Lansing
202608260854402540,202608260654257888,202608260654255519,85,4026,Bronze INV,br_ReAssessmentPhysicalHealth,TASK_COMPLETE,SUCCESS,INFO,1290,1290,0,,2026-08-26T06:54:31.515Z,2026-08-26T08:57:15.847Z,7364,2026-08-26T08:57:15.847Z,LO,Louisville,912d32aa-0b7f-4999-bf60-6670fe5985ea,SAMMS-Louisville
202608260854402541,202608260654257889,202608260654255519,85,4027,Bronze INV,br_ReAssessmentPhysicalHealth,TASK_COMPLETE,SUCCESS,INFO,292,292,0,,2026-08-26T06:54:31.515Z,2026-08-26T08:57:15.847Z,7364,2026-08-26T08:57:15.847Z,LV1,Cheyenne,912d32aa-0b7f-4999-bf60-6670fe5985ea,SAMMS-Cheyenne
202608260854402542,202608260654257890,202608260654255519,85,4028,Bronze INV,br_ReAssessmentPhysicalHealth,TASK_COMPLETE,SUCCESS,INFO,205,205,0,,2026-08-26T06:54:31.515Z,2026-08-26T08:57:15.847Z,7364,2026-08-26T08:57:15.847Z,LV2,Desert Inn,912d32aa-0b7f-4999-bf60-6670fe5985ea,SAMMS-DesertInn
202608260854402543,202608260654257891,202608260654255519,85,4029,Bronze INV,br_ReAssessmentPhysicalHealth,TASK_COMPLETE,SUCCESS,INFO,110,110,0,,2026-08-26T06:54:31.515Z,2026-08-26T08:57:15.847Z,7364,2026-08-26T08:57:15.847Z,LV3,McDaniel,912d32aa-0b7f-4999-bf60-6670fe5985ea,SAMMS-McDaniel
202608260854402544,202608260654257892,202608260654255519,85,4032,Bronze INV,br_ReAssessmentPhysicalHealth,TASK_COMPLETE,SUCCESS,INFO,358,358,0,,2026-08-26T06:54:31.515Z,2026-08-26T08:57:15.847Z,7364,2026-08-26T08:57:15.847Z,MNRE,Monroe,912d32aa-0b7f-4999-bf60-6670fe5985ea,SAMMS-Monroe
202608260854402545,202608260654257893,202608260654255519,85,4033,Bronze INV,br_ReAssessmentPhysicalHealth,TASK_COMPLETE,SUCCESS,INFO,1427,1427,0,,2026-08-26T06:54:31.515Z,2026-08-26T08:57:15.847Z,7364,2026-08-26T08:57:15.847Z,MP,Mt. Pleasant,912d32aa-0b7f-4999-bf60-6670fe5985ea,SAMMS-MtPleasant
202608260854401902,202608260654257519,202608260654255519,85,3259,Bronze INV,br_ReAssessmentFamily,TASK_COMPLETE,SUCCESS,INFO,0,0,0,,2026-08-26T06:54:31.515Z,2026-08-26T08:57:15.847Z,7364,2026-08-26T08:57:15.847Z,CON,Conway,912d32aa-0b7f-4999-bf60-6670fe5985ea,SAMMS-Conway
202608260854401903,202608260654257520,202608260654255519,85,3260,Bronze INV,br_ReAssessmentFamily,TASK_COMPLETE,SUCCESS,INFO,2575,2575,0,,2026-08-26T06:54:31.515Z,2026-08-26T08:57:15.847Z,7364,2026-08-26T08:57:15.847Z,D07,Medical Services Knox TN,912d32aa-0b7f-4999-bf60-6670fe5985ea,SAMMS-KnoxvilleV6
202608260854401904,202608260654257521,202608260654255519,85,3261,Bronze INV,br_ReAssessmentFamily,TASK_COMPLETE,SUCCESS,INFO,111,111,0,,2026-08-26T06:54:31.515Z,2026-08-26T08:57:15.847Z,7364,2026-08-26T08:57:15.847Z,D08,Madison,912d32aa-0b7f-4999-bf60-6670fe5985ea,SAMMS-MadisonV6
202608260854401905,202608260654257522,202608260654255519,85,3263,Bronze INV,br_ReAssessmentFamily,TASK_COMPLETE,SUCCESS,INFO,121,121,0,,2026-08-26T06:54:31.515Z,2026-08-26T08:57:15.847Z,7364,2026-08-26T08:57:15.847Z,D09,Murfreesboro,912d32aa-0b7f-4999-bf60-6670fe5985ea,SAMMS-MurfreesboroV6
202608260854401906,202608260654257523,202608260654255519,85,3264,Bronze INV,br_ReAssessmentFamily,TASK_COMPLETE,SUCCESS,INFO,335,335,0,,2026-08-26T06:54:31.515Z,2026-08-26T08:57:15.847Z,7364,2026-08-26T08:57:15.847Z,DA,Davenport,912d32aa-0b7f-4999-bf60-6670fe5985ea,SAMMS-Davenport
202608260854401908,202608260654257524,202608260654255519,85,3265,Bronze INV,br_ReAssessmentFamily,TASK_COMPLETE,SUCCESS,INFO,288,288,0,,2026-08-26T06:54:31.515Z,2026-08-26T08:57:15.847Z,7364,2026-08-26T08:57:15.847Z,DM,Des Moines,912d32aa-0b7f-4999-bf60-6670fe5985ea,SAMMS-DesMoines
202608260854401909,202608260654257525,202608260654255519,85,3267,Bronze INV,br_ReAssessmentFamily,TASK_COMPLETE,SUCCESS,INFO,530,530,0,,2026-08-26T06:54:31.515Z,2026-08-26T08:57:15.847Z,7364,2026-08-26T08:57:15.847Z,DRD-CO,Columbia MO,912d32aa-0b7f-4999-bf60-6670fe5985ea,SAMMS-ColumbiaV5
202608260854401910,202608260654257526,202608260654255519,85,3268,Bronze INV,br_ReAssessmentFamily,TASK_COMPLETE,SUCCESS,INFO,348,348,0,,2026-08-26T06:54:31.515Z,2026-08-26T08:57:15.847Z,7364,2026-08-26T08:57:15.847Z,DRD-KC,KC,912d32aa-0b7f-4999-bf60-6670fe5985ea,SAMMS-KCv5
202608260854401911,202608260654257527,202608260654255519,85,3269,Bronze INV,br_ReAssessmentFamily,TASK_COMPLETE,SUCCESS,INFO,1549,1549,0,,2026-08-26T06:54:31.515Z,2026-08-26T08:57:15.847Z,7364,2026-08-26T08:57:15.847Z,DRD-KVB,KVB,912d32aa-0b7f-4999-bf60-6670fe5985ea,SAMMS-KVBv5
202608260854401912,202608260654257528,202608260654255519,85,3270,Bronze INV,br_ReAssessmentFamily,TASK_COMPLETE,SUCCESS,INFO,1674,1674,0,,2026-08-26T06:54:31.515Z,2026-08-26T08:57:15.847Z,7364,2026-08-26T08:57:15.847Z,DRD-KVC,KVC,912d32aa-0b7f-4999-bf60-6670fe5985ea,SAMMS-KVCv5
202608260854401913,202608260654257529,202608260654255519,85,3271,Bronze INV,br_ReAssessmentFamily,TASK_COMPLETE,SUCCESS,INFO,3205,3205,0,,2026-08-26T06:54:31.515Z,2026-08-26T08:57:15.847Z,7364,2026-08-26T08:57:15.847Z,DRD-NOLA,NOLA,912d32aa-0b7f-4999-bf60-6670fe5985ea,SAMMS-NOLAv5
202608260854401914,202608260654257530,202608260654255519,85,3272,Bronze INV,br_ReAssessmentFamily,TASK_COMPLETE,SUCCESS,INFO,800,800,0,,2026-08-26T06:54:31.515Z,2026-08-26T08:57:15.847Z,7364,2026-08-26T08:57:15.847Z,DRD-SF,Springfield,912d32aa-0b7f-4999-bf60-6670fe5985ea,SAMMS-SFv5
202608260854401916,202608260654257531,202608260654255519,85,3274,Bronze INV,br_ReAssessmentFamily,TASK_COMPLETE,SUCCESS,INFO,260,260,0,,2026-08-26T06:54:31.515Z,2026-08-26T08:57:15.847Z,7364,2026-08-26T08:57:15.847Z,ELC,Elizabeth City,912d32aa-0b7f-4999-bf60-6670fe5985ea,SAMMS-ElizabethCity
202608260854401917,202608260654257532,202608260654255519,85,3275,Bronze INV,br_ReAssessmentFamily,TASK_COMPLETE,SUCCESS,INFO,128,128,0,,2026-08-26T06:54:31.515Z,2026-08-26T08:57:15.847Z,7364,2026-08-26T08:57:15.847Z,ET,Elizabethtown,912d32aa-0b7f-4999-bf60-6670fe5985ea,SAMMS-Elizabethtown
202608260854401918,202608260654257533,202608260654255519,85,3276,Bronze INV,br_ReAssessmentFamily,TASK_COMPLETE,SUCCESS,INFO,0,0,0,,2026-08-26T06:54:31.515Z,2026-08-26T08:57:15.847Z,7364,2026-08-26T08:57:15.847Z,FAY,Fayetteville,912d32aa-0b7f-4999-bf60-6670fe5985ea,SAMMS-Fayetteville
202608260854401919,202608260654257534,202608260654255519,85,3277,Bronze INV,br_ReAssessmentFamily,TASK_COMPLETE,SUCCESS,INFO,156,156,0,,2026-08-26T06:54:31.515Z,2026-08-26T08:57:15.847Z,7364,2026-08-26T08:57:15.847Z,FR,Frankfort,912d32aa-0b7f-4999-bf60-6670fe5985ea,SAMMS-Frankfort
202608260854401920,202608260654257535,202608260654255519,85,3278,Bronze INV,br_ReAssessmentFamily,TASK_COMPLETE,SUCCESS,INFO,0,0,0,,2026-08-26T06:54:31.515Z,2026-08-26T08:57:15.847Z,7364,2026-08-26T08:57:15.847Z,FS,Fort Smith,912d32aa-0b7f-4999-bf60-6670fe5985ea,SAMMS-FortSmith
202608260854401921,202608260654257536,202608260654255519,85,3279,Bronze INV,br_ReAssessmentFamily,TASK_COMPLETE,SUCCESS,INFO,467,467,0,,2026-08-26T06:54:31.515Z,2026-08-26T08:57:15.847Z,7364,2026-08-26T08:57:15.847Z,FW,Fort Wayne,912d32aa-0b7f-4999-bf60-6670fe5985ea,SAMMS-FortWayne
202608260854401922,202608260654257537,202608260654255519,85,3280,Bronze INV,br_ReAssessmentFamily,TASK_COMPLETE,SUCCESS,INFO,276,276,0,,2026-08-26T06:54:31.515Z,2026-08-26T08:57:15.847Z,7364,2026-08-26T08:57:15.847Z,GAL,Gaylord,912d32aa-0b7f-4999-bf60-6670fe5985ea,SAMMS-Gaylord
202608260854401924,202608260654257538,202608260654255519,85,3284,Bronze INV,br_ReAssessmentFamily,TASK_COMPLETE,SUCCESS,INFO,100,100,0,,2026-08-26T06:54:31.515Z,2026-08-26T08:57:15.847Z,7364,2026-08-26T08:57:15.847Z,HGT,Hagerstown,912d32aa-0b7f-4999-bf60-6670fe5985ea,SAMMS-Hagerstown
202608260854401925,202608260654257539,202608260654255519,85,3285,Bronze INV,br_ReAssessmentFamily,TASK_COMPLETE,SUCCESS,INFO,1725,1725,0,,2026-08-26T06:54:31.515Z,2026-08-26T08:57:15.847Z,7364,2026-08-26T08:57:15.847Z,HNT,Huntsville,912d32aa-0b7f-4999-bf60-6670fe5985ea,SAMMS-Huntsville
202608260854401926,202608260654257540,202608260654255519,85,3286,Bronze INV,br_ReAssessmentFamily,TASK_COMPLETE,SUCCESS,INFO,0,0,0,,2026-08-26T06:54:31.515Z,2026-08-26T08:57:15.847Z,7364,2026-08-26T08:57:15.847Z,HS,Hot Springs,912d32aa-0b7f-4999-bf60-6670fe5985ea,SAMMS-HotSprings
202608260854401927,202608260654257541,202608260654255519,85,3287,Bronze INV,br_ReAssessmentFamily,TASK_COMPLETE,SUCCESS,INFO,0,0,0,,2026-08-26T06:54:31.515Z,2026-08-26T08:57:15.847Z,7364,2026-08-26T08:57:15.847Z,JON,Jonesboro,912d32aa-0b7f-4999-bf60-6670fe5985ea,SAMMS-Jonesboro
202608260854401928,202608260654257542,202608260654255519,85,3289,Bronze INV,br_ReAssessmentFamily,TASK_COMPLETE,SUCCESS,INFO,447,447,0,,2026-08-26T06:54:31.515Z,2026-08-26T08:57:15.847Z,7364,2026-08-26T08:57:15.847Z,LAN,Lansing,912d32aa-0b7f-4999-bf60-6670fe5985ea,SAMMS-Lansing
202608260854401929,202608260654257543,202608260654255519,85,3290,Bronze INV,br_ReAssessmentFamily,TASK_COMPLETE,SUCCESS,INFO,1287,1287,0,,2026-08-26T06:54:31.515Z,2026-08-26T08:57:15.847Z,7364,2026-08-26T08:57:15.847Z,LO,Louisville,912d32aa-0b7f-4999-bf60-6670fe5985ea,SAMMS-Louisville
202608260854401931,202608260654257544,202608260654255519,85,3291,Bronze INV,br_ReAssessmentFamily,TASK_COMPLETE,SUCCESS,INFO,291,291,0,,2026-08-26T06:54:31.515Z,2026-08-26T08:57:15.847Z,7364,2026-08-26T08:57:15.847Z,LV1,Cheyenne,912d32aa-0b7f-4999-bf60-6670fe5985ea,SAMMS-Cheyenne
202608260854401932,202608260654257545,202608260654255519,85,3292,Bronze INV,br_ReAssessmentFamily,TASK_COMPLETE,SUCCESS,INFO,205,205,0,,2026-08-26T06:54:31.515Z,2026-08-26T08:57:15.847Z,7364,2026-08-26T08:57:15.847Z,LV2,Desert Inn,912d32aa-0b7f-4999-bf60-6670fe5985ea,SAMMS-DesertInn
202608260854401933,202608260654257546,202608260654255519,85,3293,Bronze INV,br_ReAssessmentFamily,TASK_COMPLETE,SUCCESS,INFO,110,110,0,,2026-08-26T06:54:31.515Z,2026-08-26T08:57:15.847Z,7364,2026-08-26T08:57:15.847Z,LV3,McDaniel,912d32aa-0b7f-4999-bf60-6670fe5985ea,SAMMS-McDaniel
202608260854401935,202608260654257547,202608260654255519,85,3296,Bronze INV,br_ReAssessmentFamily,TASK_COMPLETE,SUCCESS,INFO,356,356,0,,2026-08-26T06:54:31.515Z,2026-08-26T08:57:15.847Z,7364,2026-08-26T08:57:15.847Z,MNRE,Monroe,912d32aa-0b7f-4999-bf60-6670fe5985ea,SAMMS-Monroe
202608260854401936,202608260654257548,202608260654255519,85,3297,Bronze INV,br_ReAssessmentFamily,TASK_COMPLETE,SUCCESS,INFO,1423,1423,0,,2026-08-26T06:54:31.515Z,2026-08-26T08:57:15.847Z,7364,2026-08-26T08:57:15.847Z,MP,Mt. Pleasant,912d32aa-0b7f-4999-bf60-6670fe5985ea,SAMMS-MtPleasant
202608260854401937,202608260654257549,202608260654255519,85,3298,Bronze INV,br_ReAssessmentFamily,TASK_COMPLETE,SUCCESS,INFO,153,153,0,,2026-08-26T06:54:31.515Z,2026-08-26T08:57:15.847Z,7364,2026-08-26T08:57:15.847Z,MRD,Meridian,912d32aa-0b7f-4999-bf60-6670fe5985ea,SAMMS-Meridian
202608260854401938,202608260654257550,202608260654255519,85,3303,Bronze INV,br_ReAssessmentFamily,TASK_COMPLETE,SUCCESS,INFO,693,693,0,,2026-08-26T06:54:31.515Z,2026-08-26T08:57:15.847Z,7364,2026-08-26T08:57:15.847Z,NC,North Charleston,912d32aa-0b7f-4999-bf60-6670fe5985ea,SAMMS-NorthCharleston
202608260854401939,202608260654257551,202608260654255519,85,3304,Bronze INV,br_ReAssessmentFamily,TASK_COMPLETE,SUCCESS,INFO,0,0,0,,2026-08-26T06:54:31.515Z,2026-08-26T08:57:15.847Z,7364,2026-08-26T08:57:15.847Z,NLR,N. Little Rock,912d32aa-0b7f-4999-bf60-6670fe5985ea,SAMMS-NLROBOT
202608260854401940,202608260654257552,202608260654255519,85,3305,Bronze INV,br_ReAssessmentFamily,TASK_COMPLETE,SUCCESS,INFO,112,112,0,,2026-08-26T06:54:31.515Z,2026-08-26T08:57:15.847Z,7364,2026-08-26T08:57:15.847Z,PH,Phoenix,912d32aa-0b7f-4999-bf60-6670fe5985ea,SAMMS-Phoenix
202608260854401942,202608260654257553,202608260654255519,85,3309,Bronze INV,br_ReAssessmentFamily,TASK_COMPLETE,SUCCESS,INFO,214,214,0,,2026-08-26T06:54:31.515Z,2026-08-26T08:57:15.847Z,7364,2026-08-26T08:57:15.847Z,RE,Reno,912d32aa-0b7f-4999-bf60-6670fe5985ea,SAMMS-Reno
202608260854401943,202608260654257554,202608260654255519,85,3310,Bronze INV,br_ReAssessmentFamily,TASK_COMPLETE,SUCCESS,INFO,88,88,0,,2026-08-26T06:54:31.515Z,2026-08-26T08:57:15.847Z,7364,2026-08-26T08:57:15.847Z,RMD,Richmond,912d32aa-0b7f-4999-bf60-6670fe5985ea,SAMMS-Richmond
202608260854401944,202608260654257555,202608260654255519,85,3311,Bronze INV,br_ReAssessmentFamily,TASK_COMPLETE,SUCCESS,INFO,589,589,0,,2026-08-26T06:54:31.515Z,2026-08-26T08:57:15.847Z,7364,2026-08-26T08:57:15.847Z,SFN,Springfield North,912d32aa-0b7f-4999-bf60-6670fe5985ea,SAMMS-SFNv5
202608260854401945,202608260654257556,202608260654255519,85,3312,Bronze INV,br_ReAssessmentFamily,TASK_COMPLETE,SUCCESS,INFO,763,763,0,,2026-08-26T06:54:31.515Z,2026-08-26T08:57:15.847Z,7364,2026-08-26T08:57:15.847Z,SHP,Shreveport,912d32aa-0b7f-4999-bf60-6670fe5985ea,SAMMS-Shreveport
202608260854402792,202608260654257967,202608260654255519,85,4322,Bronze INV,br_ReAssessmentSubstanceUse,TASK_COMPLETE,SUCCESS,INFO,169,169,0,,2026-08-26T06:54:31.515Z,2026-08-26T08:57:15.847Z,7364,2026-08-26T08:57:15.847Z,B57B,Middletown,912d32aa-0b7f-4999-bf60-6670fe5985ea,SAMMS-Middletown
202608260854402793,202608260654257968,202608260654255519,85,4323,Bronze INV,br_ReAssessmentSubstanceUse,TASK_COMPLETE,SUCCESS,INFO,418,418,0,,2026-08-26T06:54:31.515Z,2026-08-26T08:57:15.847Z,7364,2026-08-26T08:57:15.847Z,B57C,Providence,912d32aa-0b7f-4999-bf60-6670fe5985ea,SAMMS-Providence
202608260854402794,202608260654257969,202608260654255519,85,4324,Bronze INV,br_ReAssessmentSubstanceUse,TASK_COMPLETE,SUCCESS,INFO,642,642,0,,2026-08-26T06:54:31.515Z,2026-08-26T08:57:15.847Z,7364,2026-08-26T08:57:15.847Z,B57D,Westerly,912d32aa-0b7f-4999-bf60-6670fe5985ea,SAMMS-Westerly
202608260854402795,202608260654257970,202608260654255519,85,4328,Bronze INV,br_ReAssessmentSubstanceUse,TASK_COMPLETE,SUCCESS,INFO,4,4,0,,2026-08-26T06:54:31.515Z,2026-08-26T08:57:15.847Z,7364,2026-08-26T08:57:15.847Z,B66A,Bremen,912d32aa-0b7f-4999-bf60-6670fe5985ea,SAMMS-Bremen
202608260854402796,202608260654257971,202608260654255519,85,4331,Bronze INV,br_ReAssessmentSubstanceUse,TASK_COMPLETE,SUCCESS,INFO,0,0,0,,2026-08-26T06:54:31.515Z,2026-08-26T08:57:15.847Z,7364,2026-08-26T08:57:15.847Z,B72,Mobile (OBOT),912d32aa-0b7f-4999-bf60-6670fe5985ea,SAMMS-Mobile-OBOT
202608260854402798,202608260654257972,202608260654255519,85,4332,Bronze INV,br_ReAssessmentSubstanceUse,TASK_COMPLETE,SUCCESS,INFO,0,0,0,,2026-08-26T06:54:31.515Z,2026-08-26T08:57:15.847Z,7364,2026-08-26T08:57:15.847Z,B73,Montgomery,912d32aa-0b7f-4999-bf60-6670fe5985ea,SAMMS-Montgomery
202608260854402799,202608260654257973,202608260654255519,85,4333,Bronze INV,br_ReAssessmentSubstanceUse,TASK_COMPLETE,SUCCESS,INFO,523,523,0,,2026-08-26T06:54:31.515Z,2026-08-26T08:57:15.847Z,7364,2026-08-26T08:57:15.847Z,B75,Lawrence,912d32aa-0b7f-4999-bf60-6670fe5985ea,SAMMS-LawrenceV6
202608260854402800,202608260654257974,202608260654255519,85,4334,Bronze INV,br_ReAssessmentSubstanceUse,TASK_COMPLETE,SUCCESS,INFO,0,0,0,,2026-08-26T06:54:31.515Z,2026-08-26T08:57:15.847Z,7364,2026-08-26T08:57:15.847Z,B76,Huntsville OBOT,912d32aa-0b7f-4999-bf60-6670fe5985ea,SAMMS-Huntsville-OBOT
202608260854402801,202608260654257975,202608260654255519,85,4335,Bronze INV,br_ReAssessmentSubstanceUse,TASK_COMPLETE,SUCCESS,INFO,0,0,0,,2026-08-26T06:54:31.515Z,2026-08-26T08:57:15.847Z,7364,2026-08-26T08:57:15.847Z,BAT,Batesville,912d32aa-0b7f-4999-bf60-6670fe5985ea,SAMMS-Batesville
202608260854402803,202608260654257976,202608260654255519,85,4336,Bronze INV,br_ReAssessmentSubstanceUse,TASK_COMPLETE,SUCCESS,INFO,465,465,0,,2026-08-26T06:54:31.515Z,2026-08-26T08:57:15.847Z,7364,2026-08-26T08:57:15.847Z,BG,Bowling Green,912d32aa-0b7f-4999-bf60-6670fe5985ea,SAMMS-BowlingGreen
202608260854402804,202608260654257977,202608260654255519,85,4337,Bronze INV,br_ReAssessmentSubstanceUse,TASK_COMPLETE,SUCCESS,INFO,185,185,0,,2026-08-26T06:54:31.515Z,2026-08-26T08:57:15.847Z,7364,2026-08-26T08:57:15.847Z,BOI,Boise,912d32aa-0b7f-4999-bf60-6670fe5985ea,SAMMS-Boise
202608260854402805,202608260654257978,202608260654255519,85,4344,Bronze INV,br_ReAssessmentSubstanceUse,TASK_COMPLETE,SUCCESS,INFO,57,57,0,,2026-08-26T06:54:31.515Z,2026-08-26T08:57:15.847Z,7364,2026-08-26T08:57:15.847Z,CBCO,Coeur dAlene,912d32aa-0b7f-4999-bf60-6670fe5985ea,SAMMS-CoeurdAleneV6
202608260854402806,202608260654257979,202608260654255519,85,4363,Bronze INV,br_ReAssessmentSubstanceUse,TASK_COMPLETE,SUCCESS,INFO,0,0,0,,2026-08-26T06:54:31.515Z,2026-08-26T08:57:15.847Z,7364,2026-08-26T08:57:15.847Z,CON,Conway,912d32aa-0b7f-4999-bf60-6670fe5985ea,SAMMS-Conway
202608260854402807,202608260654257980,202608260654255519,85,4364,Bronze INV,br_ReAssessmentSubstanceUse,TASK_COMPLETE,SUCCESS,INFO,2630,2630,0,,2026-08-26T06:54:31.515Z,2026-08-26T08:57:15.847Z,7364,2026-08-26T08:57:15.847Z,D07,Medical Services Knox TN,912d32aa-0b7f-4999-bf60-6670fe5985ea,SAMMS-KnoxvilleV6
202608260854402808,202608260654257981,202608260654255519,85,4365,Bronze INV,br_ReAssessmentSubstanceUse,TASK_COMPLETE,SUCCESS,INFO,116,116,0,,2026-08-26T06:54:31.515Z,2026-08-26T08:57:15.847Z,7364,2026-08-26T08:57:15.847Z,D08,Madison,912d32aa-0b7f-4999-bf60-6670fe5985ea,SAMMS-MadisonV6
202608260854402809,202608260654257982,202608260654255519,85,4367,Bronze INV,br_ReAssessmentSubstanceUse,TASK_COMPLETE,SUCCESS,INFO,137,137,0,,2026-08-26T06:54:31.515Z,2026-08-26T08:57:15.847Z,7364,2026-08-26T08:57:15.847Z,D09,Murfreesboro,912d32aa-0b7f-4999-bf60-6670fe5985ea,SAMMS-MurfreesboroV6
202608260854402810,202608260654257983,202608260654255519,85,4368,Bronze INV,br_ReAssessmentSubstanceUse,TASK_COMPLETE,SUCCESS,INFO,340,340,0,,2026-08-26T06:54:31.515Z,2026-08-26T08:57:15.847Z,7364,2026-08-26T08:57:15.847Z,DA,Davenport,912d32aa-0b7f-4999-bf60-6670fe5985ea,SAMMS-Davenport
202608260854402812,202608260654257984,202608260654255519,85,4369,Bronze INV,br_ReAssessmentSubstanceUse,TASK_COMPLETE,SUCCESS,INFO,292,292,0,,2026-08-26T06:54:31.515Z,2026-08-26T08:57:15.847Z,7364,2026-08-26T08:57:15.847Z,DM,Des Moines,912d32aa-0b7f-4999-bf60-6670fe5985ea,SAMMS-DesMoines
202608260854402813,202608260654257985,202608260654255519,85,4371,Bronze INV,br_ReAssessmentSubstanceUse,TASK_COMPLETE,SUCCESS,INFO,534,534,0,,2026-08-26T06:54:31.515Z,2026-08-26T08:57:15.847Z,7364,2026-08-26T08:57:15.847Z,DRD-CO,Columbia MO,912d32aa-0b7f-4999-bf60-6670fe5985ea,SAMMS-ColumbiaV5
202608260854402814,202608260654257986,202608260654255519,85,4372,Bronze INV,br_ReAssessmentSubstanceUse,TASK_COMPLETE,SUCCESS,INFO,348,348,0,,2026-08-26T06:54:31.515Z,2026-08-26T08:57:15.847Z,7364,2026-08-26T08:57:15.847Z,DRD-KC,KC,912d32aa-0b7f-4999-bf60-6670fe5985ea,SAMMS-KCv5
202608260854402815,202608260654257987,202608260654255519,85,4373,Bronze INV,br_ReAssessmentSubstanceUse,TASK_COMPLETE,SUCCESS,INFO,1572,1572,0,,2026-08-26T06:54:31.515Z,2026-08-26T08:57:15.847Z,7364,2026-08-26T08:57:15.847Z,DRD-KVB,KVB,912d32aa-0b7f-4999-bf60-6670fe5985ea,SAMMS-KVBv5
202608260854402816,202608260654257988,202608260654255519,85,4374,Bronze INV,br_ReAssessmentSubstanceUse,TASK_COMPLETE,SUCCESS,INFO,1688,1688,0,,2026-08-26T06:54:31.515Z,2026-08-26T08:57:15.847Z,7364,2026-08-26T08:57:15.847Z,DRD-KVC,KVC,912d32aa-0b7f-4999-bf60-6670fe5985ea,SAMMS-KVCv5
202608260854402817,202608260654257989,202608260654255519,85,4375,Bronze INV,br_ReAssessmentSubstanceUse,TASK_COMPLETE,SUCCESS,INFO,3216,3216,0,,2026-08-26T06:54:31.515Z,2026-08-26T08:57:15.847Z,7364,2026-08-26T08:57:15.847Z,DRD-NOLA,NOLA,912d32aa-0b7f-4999-bf60-6670fe5985ea,SAMMS-NOLAv5
202608260854402818,202608260654257990,202608260654255519,85,4376,Bronze INV,br_ReAssessmentSubstanceUse,TASK_COMPLETE,SUCCESS,INFO,817,817,0,,2026-08-26T06:54:31.515Z,2026-08-26T08:57:15.847Z,7364,2026-08-26T08:57:15.847Z,DRD-SF,Springfield,912d32aa-0b7f-4999-bf60-6670fe5985ea,SAMMS-SFv5
202608260854402819,202608260654257991,202608260654255519,85,4378,Bronze INV,br_ReAssessmentSubstanceUse,TASK_COMPLETE,SUCCESS,INFO,262,262,0,,2026-08-26T06:54:31.515Z,2026-08-26T08:57:15.847Z,7364,2026-08-26T08:57:15.847Z,ELC,Elizabeth City,912d32aa-0b7f-4999-bf60-6670fe5985ea,SAMMS-ElizabethCity
202608260854402821,202608260654257992,202608260654255519,85,4379,Bronze INV,br_ReAssessmentSubstanceUse,TASK_COMPLETE,SUCCESS,INFO,128,128,0,,2026-08-26T06:54:31.515Z,2026-08-26T08:57:15.847Z,7364,2026-08-26T08:57:15.847Z,ET,Elizabethtown,912d32aa-0b7f-4999-bf60-6670fe5985ea,SAMMS-Elizabethtown
202608260854402822,202608260654257993,202608260654255519,85,4380,Bronze INV,br_ReAssessmentSubstanceUse,TASK_COMPLETE,SUCCESS,INFO,0,0,0,,2026-08-26T06:54:31.515Z,2026-08-26T08:57:15.847Z,7364,2026-08-26T08:57:15.847Z,FAY,Fayetteville,912d32aa-0b7f-4999-bf60-6670fe5985ea,SAMMS-Fayetteville
202608260854402823,202608260654257994,202608260654255519,85,4381,Bronze INV,br_ReAssessmentSubstanceUse,TASK_COMPLETE,SUCCESS,INFO,158,158,0,,2026-08-26T06:54:31.515Z,2026-08-26T08:57:15.847Z,7364,2026-08-26T08:57:15.847Z,FR,Frankfort,912d32aa-0b7f-4999-bf60-6670fe5985ea,SAMMS-Frankfort
202608260854402824,202608260654257995,202608260654255519,85,4382,Bronze INV,br_ReAssessmentSubstanceUse,TASK_COMPLETE,SUCCESS,INFO,0,0,0,,2026-08-26T06:54:31.515Z,2026-08-26T08:57:15.847Z,7364,2026-08-26T08:57:15.847Z,FS,Fort Smith,912d32aa-0b7f-4999-bf60-6670fe5985ea,SAMMS-FortSmith
202608260854402825,202608260654257996,202608260654255519,85,4383,Bronze INV,br_ReAssessmentSubstanceUse,TASK_COMPLETE,SUCCESS,INFO,472,472,0,,2026-08-26T06:54:31.515Z,2026-08-26T08:57:15.847Z,7364,2026-08-26T08:57:15.847Z,FW,Fort Wayne,912d32aa-0b7f-4999-bf60-6670fe5985ea,SAMMS-FortWayne
202608260854402826,202608260654257997,202608260654255519,85,4384,Bronze INV,br_ReAssessmentSubstanceUse,TASK_COMPLETE,SUCCESS,INFO,276,276,0,,2026-08-26T06:54:31.515Z,2026-08-26T08:57:15.847Z,7364,2026-08-26T08:57:15.847Z,GAL,Gaylord,912d32aa-0b7f-4999-bf60-6670fe5985ea,SAMMS-Gaylord
202608260854402827,202608260654257998,202608260654255519,85,4388,Bronze INV,br_ReAssessmentSubstanceUse,TASK_COMPLETE,SUCCESS,INFO,102,102,0,,2026-08-26T06:54:31.515Z,2026-08-26T08:57:15.847Z,7364,2026-08-26T08:57:15.847Z,HGT,Hagerstown,912d32aa-0b7f-4999-bf60-6670fe5985ea,SAMMS-Hagerstown
202608260854402828,202608260654257999,202608260654255519,85,4389,Bronze INV,br_ReAssessmentSubstanceUse,TASK_COMPLETE,SUCCESS,INFO,1747,1747,0,,2026-08-26T06:54:31.515Z,2026-08-26T08:57:15.847Z,7364,2026-08-26T08:57:15.847Z,HNT,Huntsville,912d32aa-0b7f-4999-bf60-6670fe5985ea,SAMMS-Huntsville
202608260854402829,202608260654258000,202608260654255519,85,4390,Bronze INV,br_ReAssessmentSubstanceUse,TASK_COMPLETE,SUCCESS,INFO,0,0,0,,2026-08-26T06:54:31.515Z,2026-08-26T08:57:15.847Z,7364,2026-08-26T08:57:15.847Z,HS,Hot Springs,912d32aa-0b7f-4999-bf60-6670fe5985ea,SAMMS-HotSprings
202608260854402831,202608260654258001,202608260654255519,85,4391,Bronze INV,br_ReAssessmentSubstanceUse,TASK_COMPLETE,SUCCESS,INFO,0,0,0,,2026-08-26T06:54:31.515Z,2026-08-26T08:57:15.847Z,7364,2026-08-26T08:57:15.847Z,JON,Jonesboro,912d32aa-0b7f-4999-bf60-6670fe5985ea,SAMMS-Jonesboro
202608260854402832,202608260654258002,202608260654255519,85,4393,Bronze INV,br_ReAssessmentSubstanceUse,TASK_COMPLETE,SUCCESS,INFO,455,455,0,,2026-08-26T06:54:31.515Z,2026-08-26T08:57:15.847Z,7364,2026-08-26T08:57:15.847Z,LAN,Lansing,912d32aa-0b7f-4999-bf60-6670fe5985ea,SAMMS-Lansing
202608260854402833,202608260654258003,202608260654255519,85,4394,Bronze INV,br_ReAssessmentSubstanceUse,TASK_COMPLETE,SUCCESS,INFO,1293,1293,0,,2026-08-26T06:54:31.515Z,2026-08-26T08:57:15.847Z,7364,2026-08-26T08:57:15.847Z,LO,Louisville,912d32aa-0b7f-4999-bf60-6670fe5985ea,SAMMS-Louisville
202608260854402834,202608260654258004,202608260654255519,85,4395,Bronze INV,br_ReAssessmentSubstanceUse,TASK_COMPLETE,SUCCESS,INFO,295,295,0,,2026-08-26T06:54:31.515Z,2026-08-26T08:57:15.847Z,7364,2026-08-26T08:57:15.847Z,LV1,Cheyenne,912d32aa-0b7f-4999-bf60-6670fe5985ea,SAMMS-Cheyenne
202608260854399030,202608260654256092,202608260654255519,85,2438,Bronze INV,br_LabResultDetail,TASK_COMPLETE,SUCCESS,INFO,9628,9628,0,,2026-08-26T06:54:31.515Z,2026-08-26T08:57:15.847Z,7364,2026-08-26T08:57:15.847Z,AHK,Ahoskie,912d32aa-0b7f-4999-bf60-6670fe5985ea,SAMMS-Ahoskie
202608260854399032,202608260654256093,202608260654255519,85,2439,Bronze INV,br_LabResultDetail,TASK_COMPLETE,SUCCESS,INFO,1390,1390,0,,2026-08-26T06:54:31.515Z,2026-08-26T08:57:15.847Z,7364,2026-08-26T08:57:15.847Z,B12B,Colorado Springs,912d32aa-0b7f-4999-bf60-6670fe5985ea,SAMMS-ColoradoSpringsV5
202608260854399033,202608260654256094,202608260654255519,85,2440,Bronze INV,br_LabResultDetail,TASK_COMPLETE,SUCCESS,INFO,1855,1855,0,,2026-08-26T06:54:31.515Z,2026-08-26T08:57:15.847Z,7364,2026-08-26T08:57:15.847Z,B24,Paintsville,912d32aa-0b7f-4999-bf60-6670fe5985ea,SAMMS-PaintsvilleV5
202608260854399034,202608260654256095,202608260654255519,85,2441,Bronze INV,br_LabResultDetail,TASK_COMPLETE,SUCCESS,INFO,2316,2316,0,,2026-08-26T06:54:31.515Z,2026-08-26T08:57:15.847Z,7364,2026-08-26T08:57:15.847Z,B25,Pikeville,912d32aa-0b7f-4999-bf60-6670fe5985ea,SAMMS-PikevilleV5
202608260854399035,202608260654256096,202608260654255519,85,2442,Bronze INV,br_LabResultDetail,TASK_COMPLETE,SUCCESS,INFO,3176,3176,0,,2026-08-26T06:54:31.515Z,2026-08-26T08:57:15.847Z,7364,2026-08-26T08:57:15.847Z,B26,Hazard,912d32aa-0b7f-4999-bf60-6670fe5985ea,SAMMS-HazardV5
202608260854399037,202608260654256097,202608260654255519,85,2443,Bronze INV,br_LabResultDetail,TASK_COMPLETE,SUCCESS,INFO,6,6,0,,2026-08-26T06:54:31.515Z,2026-08-26T08:57:15.847Z,7364,2026-08-26T08:57:15.847Z,B27,Savannah,912d32aa-0b7f-4999-bf60-6670fe5985ea,SAMMS-SavannahV6
202608260854399038,202608260654256098,202608260654255519,85,2444,Bronze INV,br_LabResultDetail,TASK_COMPLETE,SUCCESS,INFO,1598,1598,0,,2026-08-26T06:54:31.515Z,2026-08-26T08:57:15.847Z,7364,2026-08-26T08:57:15.847Z,B28,West Plains,912d32aa-0b7f-4999-bf60-6670fe5985ea,SAMMS-WestPlainesV5
202608260854399039,202608260654256099,202608260654255519,85,2445,Bronze INV,br_LabResultDetail,TASK_COMPLETE,SUCCESS,INFO,1898,1898,0,,2026-08-26T06:54:31.515Z,2026-08-26T08:57:15.847Z,7364,2026-08-26T08:57:15.847Z,B29,Poplar Bluff,912d32aa-0b7f-4999-bf60-6670fe5985ea,SAMMS-PoplarBluffV5
202608260854399041,202608260654256100,202608260654255519,85,2446,Bronze INV,br_LabResultDetail,TASK_COMPLETE,SUCCESS,INFO,1518,1518,0,,2026-08-26T06:54:31.515Z,2026-08-26T08:57:15.847Z,7364,2026-08-26T08:57:15.847Z,B30,KC North,912d32aa-0b7f-4999-bf60-6670fe5985ea,SAMMS-KCNv5
202608260854399042,202608260654256101,202608260654255519,85,2447,Bronze INV,br_LabResultDetail,TASK_COMPLETE,SUCCESS,INFO,5442,5442,0,,2026-08-26T06:54:31.515Z,2026-08-26T08:57:15.847Z,7364,2026-08-26T08:57:15.847Z,B31,Dyersburg,912d32aa-0b7f-4999-bf60-6670fe5985ea,SAMMS-DyersburgV5
202608260854399043,202608260654256102,202608260654255519,85,2449,Bronze INV,br_LabResultDetail,TASK_COMPLETE,SUCCESS,INFO,4156,4156,0,,2026-08-26T06:54:31.515Z,2026-08-26T08:57:15.847Z,7364,2026-08-26T08:57:15.847Z,B33,Paducah,912d32aa-0b7f-4999-bf60-6670fe5985ea,SAMMS-Paducah
202608260854399044,202608260654256103,202608260654255519,85,2450,Bronze INV,br_LabResultDetail,TASK_COMPLETE,SUCCESS,INFO,2360,2360,0,,2026-08-26T06:54:31.515Z,2026-08-26T08:57:15.847Z,7364,2026-08-26T08:57:15.847Z,B34,Corbin,912d32aa-0b7f-4999-bf60-6670fe5985ea,SAMMS-CorbinV5
202608260854399045,202608260654256104,202608260654255519,85,2451,Bronze INV,br_LabResultDetail,TASK_COMPLETE,SUCCESS,INFO,11984,11984,0,,2026-08-26T06:54:31.515Z,2026-08-26T08:57:15.847Z,7364,2026-08-26T08:57:15.847Z,B35,Lexington,912d32aa-0b7f-4999-bf60-6670fe5985ea,SAMMS-LexingtonV5
202608260854399047,202608260654256105,202608260654255519,85,2452,Bronze INV,br_LabResultDetail,TASK_COMPLETE,SUCCESS,INFO,2556,2556,0,,2026-08-26T06:54:31.515Z,2026-08-26T08:57:15.847Z,7364,2026-08-26T08:57:15.847Z,B35A,Berea,912d32aa-0b7f-4999-bf60-6670fe5985ea,SAMMS-BereaV5
202608260854399048,202608260654256106,202608260654255519,85,2453,Bronze INV,br_LabResultDetail,TASK_COMPLETE,SUCCESS,INFO,1228,1228,0,,2026-08-26T06:54:31.515Z,2026-08-26T08:57:15.847Z,7364,2026-08-26T08:57:15.847Z,B36,Asheville,912d32aa-0b7f-4999-bf60-6670fe5985ea,SAMMS-AshevilleV5
202608260854399049,202608260654256107,202608260654255519,85,2454,Bronze INV,br_LabResultDetail,TASK_COMPLETE,SUCCESS,INFO,1865,1865,0,,2026-08-26T06:54:31.515Z,2026-08-26T08:57:15.847Z,7364,2026-08-26T08:57:15.847Z,B37,Clyde,912d32aa-0b7f-4999-bf60-6670fe5985ea,SAMMS-ClydeV5
202608260854399050,202608260654256108,202608260654255519,85,2455,Bronze INV,br_LabResultDetail,TASK_COMPLETE,SUCCESS,INFO,6351,6351,0,,2026-08-26T06:54:31.515Z,2026-08-26T08:57:15.847Z,7364,2026-08-26T08:57:15.847Z,B38,Spartanburg,912d32aa-0b7f-4999-bf60-6670fe5985ea,SAMMS-SpartanburgV5
202608260854399051,202608260654256109,202608260654255519,85,2456,Bronze INV,br_LabResultDetail,TASK_COMPLETE,SUCCESS,INFO,2215,2215,0,,2026-08-26T06:54:31.515Z,2026-08-26T08:57:15.847Z,7364,2026-08-26T08:57:15.847Z,B39,Aiken,912d32aa-0b7f-4999-bf60-6670fe5985ea,SAMMS-AikenV5
202608260854399052,202608260654256110,202608260654255519,85,2457,Bronze INV,br_LabResultDetail,TASK_COMPLETE,SUCCESS,INFO,4482,4482,0,,2026-08-26T06:54:31.515Z,2026-08-26T08:57:15.847Z,7364,2026-08-26T08:57:15.847Z,B41,Chesapeake,912d32aa-0b7f-4999-bf60-6670fe5985ea,SAMMS-ChesapeakeV5
202608260854399053,202608260654256111,202608260654255519,85,2458,Bronze INV,br_LabResultDetail,TASK_COMPLETE,SUCCESS,INFO,14510,14510,0,,2026-08-26T06:54:31.515Z,2026-08-26T08:57:15.847Z,7364,2026-08-26T08:57:15.847Z,B42,Virginia Beach,912d32aa-0b7f-4999-bf60-6670fe5985ea,SAMMS-VirginiaBeachV5
202608260854399055,202608260654256112,202608260654255519,85,2459,Bronze INV,br_LabResultDetail,TASK_COMPLETE,SUCCESS,INFO,1424,1424,0,,2026-08-26T06:54:31.515Z,2026-08-26T08:57:15.847Z,7364,2026-08-26T08:57:15.847Z,B42A,Newport News,912d32aa-0b7f-4999-bf60-6670fe5985ea,SAMMS-NewportNewsV5
202608260854399056,202608260654256113,202608260654255519,85,2460,Bronze INV,br_LabResultDetail,TASK_COMPLETE,SUCCESS,INFO,756,756,0,,2026-08-26T06:54:31.515Z,2026-08-26T08:57:15.847Z,7364,2026-08-26T08:57:15.847Z,B42B,Franklin,912d32aa-0b7f-4999-bf60-6670fe5985ea,SAMMS-FranklinV5
202608260854399057,202608260654256114,202608260654255519,85,2461,Bronze INV,br_LabResultDetail,TASK_COMPLETE,SUCCESS,INFO,1482,1482,0,,2026-08-26T06:54:31.515Z,2026-08-26T08:57:15.847Z,7364,2026-08-26T08:57:15.847Z,B42C,Glen Allen,912d32aa-0b7f-4999-bf60-6670fe5985ea,SAMMS-GlenAllenV5
202608260854399058,202608260654256115,202608260654255519,85,2462,Bronze INV,br_LabResultDetail,TASK_COMPLETE,SUCCESS,INFO,1332,1332,0,,2026-08-26T06:54:31.515Z,2026-08-26T08:57:15.847Z,7364,2026-08-26T08:57:15.847Z,B42D,Chesapeake South,912d32aa-0b7f-4999-bf60-6670fe5985ea,SAMMS-ChesapeakeSouthV5
202608260854399059,202608260654256116,202608260654255519,85,2463,Bronze INV,br_LabResultDetail,TASK_COMPLETE,SUCCESS,INFO,3349,3349,0,,2026-08-26T06:54:31.515Z,2026-08-26T08:57:15.847Z,7364,2026-08-26T08:57:15.847Z,B44,Albany,912d32aa-0b7f-4999-bf60-6670fe5985ea,SAMMS-AlbanyV5
202608260854399060,202608260654256117,202608260654255519,85,2464,Bronze INV,br_LabResultDetail,TASK_COMPLETE,SUCCESS,INFO,4743,4743,0,,2026-08-26T06:54:31.515Z,2026-08-26T08:57:15.847Z,7364,2026-08-26T08:57:15.847Z,B45,Tifton,912d32aa-0b7f-4999-bf60-6670fe5985ea,SAMMS-TiftonV5
202608260854399062,202608260654256118,202608260654255519,85,2465,Bronze INV,br_LabResultDetail,TASK_COMPLETE,SUCCESS,INFO,679,679,0,,2026-08-26T06:54:31.515Z,2026-08-26T08:57:15.847Z,7364,2026-08-26T08:57:15.847Z,B46,Washington DC,912d32aa-0b7f-4999-bf60-6670fe5985ea,SAMMS-WashingtonDCv5
202608260854399063,202608260654256119,202608260654255519,85,2466,Bronze INV,br_LabResultDetail,TASK_COMPLETE,SUCCESS,INFO,770,770,0,,2026-08-26T06:54:31.515Z,2026-08-26T08:57:15.847Z,7364,2026-08-26T08:57:15.847Z,B47,Mobile,912d32aa-0b7f-4999-bf60-6670fe5985ea,SAMMS-MobileV5
202608260854399064,202608260654256120,202608260654255519,85,2467,Bronze INV,br_LabResultDetail,TASK_COMPLETE,SUCCESS,INFO,3367,3367,0,,2026-08-26T06:54:31.515Z,2026-08-26T08:57:15.847Z,7364,2026-08-26T08:57:15.847Z,B48,Tuscaloosa,912d32aa-0b7f-4999-bf60-6670fe5985ea,SAMMS-TuscaloosaV5
202608260854399065,202608260654256121,202608260654255519,85,2476,Bronze INV,br_LabResultDetail,TASK_COMPLETE,SUCCESS,INFO,9,9,0,,2026-08-26T06:54:31.515Z,2026-08-26T08:57:15.847Z,7364,2026-08-26T08:57:15.847Z,B51,N. Little Rock (OTP),912d32aa-0b7f-4999-bf60-6670fe5985ea,SAMMS-NorthLittleRockV6
202608260854399066,202608260654256122,202608260654255519,85,2477,Bronze INV,br_LabResultDetail,TASK_COMPLETE,SUCCESS,INFO,258,258,0,,2026-08-26T06:54:31.515Z,2026-08-26T08:57:15.847Z,7364,2026-08-26T08:57:15.847Z,B52,Jackson GA,912d32aa-0b7f-4999-bf60-6670fe5985ea,SAMMS-JacksonGAV5
202608260854399067,202608260654256123,202608260654255519,85,2478,Bronze INV,br_LabResultDetail,TASK_COMPLETE,SUCCESS,INFO,2682,2682,0,,2026-08-26T06:54:31.515Z,2026-08-26T08:57:15.847Z,7364,2026-08-26T08:57:15.847Z,B54,Gadsden,912d32aa-0b7f-4999-bf60-6670fe5985ea,SAMMS-GadsdenV5
202608260854399069,202608260654256124,202608260654255519,85,2479,Bronze INV,br_LabResultDetail,TASK_COMPLETE,SUCCESS,INFO,679,679,0,,2026-08-26T06:54:31.515Z,2026-08-26T08:57:15.847Z,7364,2026-08-26T08:57:15.847Z,B55,Shoals,912d32aa-0b7f-4999-bf60-6670fe5985ea,SAMMS-ShoalsV5
202608260854399070,202608260654256125,202608260654255519,85,2480,Bronze INV,br_LabResultDetail,TASK_COMPLETE,SUCCESS,INFO,4,4,0,,2026-08-26T06:54:31.515Z,2026-08-26T08:57:15.847Z,7364,2026-08-26T08:57:15.847Z,B57,Pawtucket,912d32aa-0b7f-4999-bf60-6670fe5985ea,SAMMS-Pawtucket
202608260854399071,202608260654256126,202608260654255519,85,2481,Bronze INV,br_LabResultDetail,TASK_COMPLETE,SUCCESS,INFO,6,6,0,,2026-08-26T06:54:31.515Z,2026-08-26T08:57:15.847Z,7364,2026-08-26T08:57:15.847Z,B57A,Johnston,912d32aa-0b7f-4999-bf60-6670fe5985ea,SAMMS-Johnston
202608260854399072,202608260654256127,202608260654255519,85,2482,Bronze INV,br_LabResultDetail,TASK_COMPLETE,SUCCESS,INFO,9,9,0,,2026-08-26T06:54:31.515Z,2026-08-26T08:57:15.847Z,7364,2026-08-26T08:57:15.847Z,B57B,Middletown,912d32aa-0b7f-4999-bf60-6670fe5985ea,SAMMS-Middletown
202608260854399073,202608260654256128,202608260654255519,85,2483,Bronze INV,br_LabResultDetail,TASK_COMPLETE,SUCCESS,INFO,3,3,0,,2026-08-26T06:54:31.515Z,2026-08-26T08:57:15.847Z,7364,2026-08-26T08:57:15.847Z,B57C,Providence,912d32aa-0b7f-4999-bf60-6670fe5985ea,SAMMS-Providence
202608260854399074,202608260654256129,202608260654255519,85,2484,Bronze INV,br_LabResultDetail,TASK_COMPLETE,SUCCESS,INFO,3,3,0,,2026-08-26T06:54:31.515Z,2026-08-26T08:57:15.847Z,7364,2026-08-26T08:57:15.847Z,B57D,Westerly,912d32aa-0b7f-4999-bf60-6670fe5985ea,SAMMS-Westerly
202608260854399163,202608260654256206,202608260654255519,85,2618,Bronze INV,br_LabResultDetail,TASK_COMPLETE,SUCCESS,INFO,8644,8644,0,,2026-08-26T06:54:31.515Z,2026-08-26T08:57:15.847Z,7364,2026-08-26T08:57:15.847Z,WIL,Wilson,912d32aa-0b7f-4999-bf60-6670fe5985ea,SAMMS-Wilson
202608260854399265,202608260654355542,202608260654355519,86,8582,Silver INV,sl_LABResultDetail,TASK_COMPLETE,SUCCESS,INFO,565234,565234,0,,2026-08-26T06:54:31.515Z,2026-08-26T08:57:15.847Z,7364,2026-08-26T08:57:15.847Z,,,912d32aa-0b7f-4999-bf60-6670fe5985ea,
202608260854399195,202608260654256207,202608260654255519,85,230,Bronze INV,br_AdmissionAssessment,TASK_COMPLETE,SUCCESS,INFO,28,28,0,,2026-08-26T06:54:31.515Z,2026-08-26T08:57:15.847Z,7364,2026-08-26T08:57:15.847Z,AHK,Ahoskie,912d32aa-0b7f-4999-bf60-6670fe5985ea,SAMMS-Ahoskie
202608260854399196,202608260654256323,202608260654255519,85,231,Bronze INV,br_AdmissionAssessment,TASK_COMPLETE,SUCCESS,INFO,233,233,0,,2026-08-26T06:54:31.515Z,2026-08-26T08:57:15.847Z,7364,2026-08-26T08:57:15.847Z,B12B,Colorado Springs,912d32aa-0b7f-4999-bf60-6670fe5985ea,SAMMS-ColoradoSpringsV5
202608260854399197,202608260654256324,202608260654255519,85,232,Bronze INV,br_AdmissionAssessment,TASK_COMPLETE,SUCCESS,INFO,8,8,0,,2026-08-26T06:54:31.515Z,2026-08-26T08:57:15.847Z,7364,2026-08-26T08:57:15.847Z,B24,Paintsville,912d32aa-0b7f-4999-bf60-6670fe5985ea,SAMMS-PaintsvilleV5
202608260854399198,202608260654256325,202608260654255519,85,233,Bronze INV,br_AdmissionAssessment,TASK_COMPLETE,SUCCESS,INFO,1,1,0,,2026-08-26T06:54:31.515Z,2026-08-26T08:57:15.847Z,7364,2026-08-26T08:57:15.847Z,B25,Pikeville,912d32aa-0b7f-4999-bf60-6670fe5985ea,SAMMS-PikevilleV5
202608260854399199,202608260654256326,202608260654255519,85,234,Bronze INV,br_AdmissionAssessment,TASK_COMPLETE,SUCCESS,INFO,0,0,0,,2026-08-26T06:54:31.515Z,2026-08-26T08:57:15.847Z,7364,2026-08-26T08:57:15.847Z,B26,Hazard,912d32aa-0b7f-4999-bf60-6670fe5985ea,SAMMS-HazardV5
202608260854399201,202608260654256327,202608260654255519,85,235,Bronze INV,br_AdmissionAssessment,TASK_COMPLETE,SUCCESS,INFO,51,51,0,,2026-08-26T06:54:31.515Z,2026-08-26T08:57:15.847Z,7364,2026-08-26T08:57:15.847Z,B27,Savannah,912d32aa-0b7f-4999-bf60-6670fe5985ea,SAMMS-SavannahV6
202608260854399202,202608260654256328,202608260654255519,85,236,Bronze INV,br_AdmissionAssessment,TASK_COMPLETE,SUCCESS,INFO,99,99,0,,2026-08-26T06:54:31.515Z,2026-08-26T08:57:15.847Z,7364,2026-08-26T08:57:15.847Z,B28,West Plains,912d32aa-0b7f-4999-bf60-6670fe5985ea,SAMMS-WestPlainesV5
202608260854399203,202608260654256329,202608260654255519,85,237,Bronze INV,br_AdmissionAssessment,TASK_COMPLETE,SUCCESS,INFO,80,80,0,,2026-08-26T06:54:31.515Z,2026-08-26T08:57:15.847Z,7364,2026-08-26T08:57:15.847Z,B29,Poplar Bluff,912d32aa-0b7f-4999-bf60-6670fe5985ea,SAMMS-PoplarBluffV5
202608260854399204,202608260654256330,202608260654255519,85,238,Bronze INV,br_AdmissionAssessment,TASK_COMPLETE,SUCCESS,INFO,75,75,0,,2026-08-26T06:54:31.515Z,2026-08-26T08:57:15.847Z,7364,2026-08-26T08:57:15.847Z,B30,KC North,912d32aa-0b7f-4999-bf60-6670fe5985ea,SAMMS-KCNv5
202608260854399205,202608260654256331,202608260654255519,85,239,Bronze INV,br_AdmissionAssessment,TASK_COMPLETE,SUCCESS,INFO,109,109,0,,2026-08-26T06:54:31.515Z,2026-08-26T08:57:15.847Z,7364,2026-08-26T08:57:15.847Z,B31,Dyersburg,912d32aa-0b7f-4999-bf60-6670fe5985ea,SAMMS-DyersburgV5
202608260854399206,202608260654256332,202608260654255519,85,241,Bronze INV,br_AdmissionAssessment,TASK_COMPLETE,SUCCESS,INFO,1,1,0,,2026-08-26T06:54:31.515Z,2026-08-26T08:57:15.847Z,7364,2026-08-26T08:57:15.847Z,B33,Paducah,912d32aa-0b7f-4999-bf60-6670fe5985ea,SAMMS-Paducah
202608260854399208,202608260654256333,202608260654255519,85,242,Bronze INV,br_AdmissionAssessment,TASK_COMPLETE,SUCCESS,INFO,1,1,0,,2026-08-26T06:54:31.515Z,2026-08-26T08:57:15.847Z,7364,2026-08-26T08:57:15.847Z,B34,Corbin,912d32aa-0b7f-4999-bf60-6670fe5985ea,SAMMS-CorbinV5
202608260854399209,202608260654256334,202608260654255519,85,243,Bronze INV,br_AdmissionAssessment,TASK_COMPLETE,SUCCESS,INFO,5,5,0,,2026-08-26T06:54:31.515Z,2026-08-26T08:57:15.847Z,7364,2026-08-26T08:57:15.847Z,B35,Lexington,912d32aa-0b7f-4999-bf60-6670fe5985ea,SAMMS-LexingtonV5
202608260854399210,202608260654256335,202608260654255519,85,244,Bronze INV,br_AdmissionAssessment,TASK_COMPLETE,SUCCESS,INFO,4,4,0,,2026-08-26T06:54:31.515Z,2026-08-26T08:57:15.847Z,7364,2026-08-26T08:57:15.847Z,B35A,Berea,912d32aa-0b7f-4999-bf60-6670fe5985ea,SAMMS-BereaV5
202608260854399211,202608260654256336,202608260654255519,85,245,Bronze INV,br_AdmissionAssessment,TASK_COMPLETE,SUCCESS,INFO,186,186,0,,2026-08-26T06:54:31.515Z,2026-08-26T08:57:15.847Z,7364,2026-08-26T08:57:15.847Z,B36,Asheville,912d32aa-0b7f-4999-bf60-6670fe5985ea,SAMMS-AshevilleV5
202608260854399212,202608260654256337,202608260654255519,85,246,Bronze INV,br_AdmissionAssessment,TASK_COMPLETE,SUCCESS,INFO,141,141,0,,2026-08-26T06:54:31.515Z,2026-08-26T08:57:15.847Z,7364,2026-08-26T08:57:15.847Z,B37,Clyde,912d32aa-0b7f-4999-bf60-6670fe5985ea,SAMMS-ClydeV5
202608260854399213,202608260654256338,202608260654255519,85,247,Bronze INV,br_AdmissionAssessment,TASK_COMPLETE,SUCCESS,INFO,186,186,0,,2026-08-26T06:54:31.515Z,2026-08-26T08:57:15.847Z,7364,2026-08-26T08:57:15.847Z,B38,Spartanburg,912d32aa-0b7f-4999-bf60-6670fe5985ea,SAMMS-SpartanburgV5
202608260854399214,202608260654256339,202608260654255519,85,248,Bronze INV,br_AdmissionAssessment,TASK_COMPLETE,SUCCESS,INFO,163,163,0,,2026-08-26T06:54:31.515Z,2026-08-26T08:57:15.847Z,7364,2026-08-26T08:57:15.847Z,B39,Aiken,912d32aa-0b7f-4999-bf60-6670fe5985ea,SAMMS-AikenV5
202608260854399216,202608260654256340,202608260654255519,85,249,Bronze INV,br_AdmissionAssessment,TASK_COMPLETE,SUCCESS,INFO,2,2,0,,2026-08-26T06:54:31.515Z,2026-08-26T08:57:15.847Z,7364,2026-08-26T08:57:15.847Z,B41,Chesapeake,912d32aa-0b7f-4999-bf60-6670fe5985ea,SAMMS-ChesapeakeV5
202608260854399217,202608260654256341,202608260654255519,85,250,Bronze INV,br_AdmissionAssessment,TASK_COMPLETE,SUCCESS,INFO,1,1,0,,2026-08-26T06:54:31.515Z,2026-08-26T08:57:15.847Z,7364,2026-08-26T08:57:15.847Z,B42,Virginia Beach,912d32aa-0b7f-4999-bf60-6670fe5985ea,SAMMS-VirginiaBeachV5
202608260854399218,202608260654256342,202608260654255519,85,251,Bronze INV,br_AdmissionAssessment,TASK_COMPLETE,SUCCESS,INFO,1,1,0,,2026-08-26T06:54:31.515Z,2026-08-26T08:57:15.847Z,7364,2026-08-26T08:57:15.847Z,B42A,Newport News,912d32aa-0b7f-4999-bf60-6670fe5985ea,SAMMS-NewportNewsV5
202608260854399219,202608260654256343,202608260654255519,85,252,Bronze INV,br_AdmissionAssessment,TASK_COMPLETE,SUCCESS,INFO,0,0,0,,2026-08-26T06:54:31.515Z,2026-08-26T08:57:15.847Z,7364,2026-08-26T08:57:15.847Z,B42B,Franklin,912d32aa-0b7f-4999-bf60-6670fe5985ea,SAMMS-FranklinV5
202608260854399220,202608260654256344,202608260654255519,85,253,Bronze INV,br_AdmissionAssessment,TASK_COMPLETE,SUCCESS,INFO,2,2,0,,2026-08-26T06:54:31.515Z,2026-08-26T08:57:15.847Z,7364,2026-08-26T08:57:15.847Z,B42C,Glen Allen,912d32aa-0b7f-4999-bf60-6670fe5985ea,SAMMS-GlenAllenV5
202608260854399221,202608260654256345,202608260654255519,85,254,Bronze INV,br_AdmissionAssessment,TASK_COMPLETE,SUCCESS,INFO,1,1,0,,2026-08-26T06:54:31.515Z,2026-08-26T08:57:15.847Z,7364,2026-08-26T08:57:15.847Z,B42D,Chesapeake South,912d32aa-0b7f-4999-bf60-6670fe5985ea,SAMMS-ChesapeakeSouthV5
202608260854399223,202608260654256346,202608260654255519,85,255,Bronze INV,br_AdmissionAssessment,TASK_COMPLETE,SUCCESS,INFO,55,55,0,,2026-08-26T06:54:31.515Z,2026-08-26T08:57:15.847Z,7364,2026-08-26T08:57:15.847Z,B44,Albany,912d32aa-0b7f-4999-bf60-6670fe5985ea,SAMMS-AlbanyV5
202608260854399224,202608260654256347,202608260654255519,85,256,Bronze INV,br_AdmissionAssessment,TASK_COMPLETE,SUCCESS,INFO,69,69,0,,2026-08-26T06:54:31.515Z,2026-08-26T08:57:15.847Z,7364,2026-08-26T08:57:15.847Z,B45,Tifton,912d32aa-0b7f-4999-bf60-6670fe5985ea,SAMMS-TiftonV5
202608260854399225,202608260654256348,202608260654255519,85,257,Bronze INV,br_AdmissionAssessment,TASK_COMPLETE,SUCCESS,INFO,336,336,0,,2026-08-26T06:54:31.515Z,2026-08-26T08:57:15.847Z,7364,2026-08-26T08:57:15.847Z,B46,Washington DC,912d32aa-0b7f-4999-bf60-6670fe5985ea,SAMMS-WashingtonDCv5
202608260854399226,202608260654256349,202608260654255519,85,258,Bronze INV,br_AdmissionAssessment,TASK_COMPLETE,SUCCESS,INFO,92,92,0,,2026-08-26T06:54:31.515Z,2026-08-26T08:57:15.847Z,7364,2026-08-26T08:57:15.847Z,B47,Mobile,912d32aa-0b7f-4999-bf60-6670fe5985ea,SAMMS-MobileV5
202608260854399227,202608260654256350,202608260654255519,85,259,Bronze INV,br_AdmissionAssessment,TASK_COMPLETE,SUCCESS,INFO,151,151,0,,2026-08-26T06:54:31.515Z,2026-08-26T08:57:15.847Z,7364,2026-08-26T08:57:15.847Z,B48,Tuscaloosa,912d32aa-0b7f-4999-bf60-6670fe5985ea,SAMMS-TuscaloosaV5
202608260854399228,202608260654256351,202608260654255519,85,268,Bronze INV,br_AdmissionAssessment,TASK_COMPLETE,SUCCESS,INFO,78,78,0,,2026-08-26T06:54:31.515Z,2026-08-26T08:57:15.847Z,7364,2026-08-26T08:57:15.847Z,B51,N. Little Rock (OTP),912d32aa-0b7f-4999-bf60-6670fe5985ea,SAMMS-NorthLittleRockV6
202608260854399229,202608260654256352,202608260654255519,85,269,Bronze INV,br_AdmissionAssessment,TASK_COMPLETE,SUCCESS,INFO,48,48,0,,2026-08-26T06:54:31.515Z,2026-08-26T08:57:15.847Z,7364,2026-08-26T08:57:15.847Z,B52,Jackson GA,912d32aa-0b7f-4999-bf60-6670fe5985ea,SAMMS-JacksonGAV5
202608260854399231,202608260654256353,202608260654255519,85,270,Bronze INV,br_AdmissionAssessment,TASK_COMPLETE,SUCCESS,INFO,157,157,0,,2026-08-26T06:54:31.515Z,2026-08-26T08:57:15.847Z,7364,2026-08-26T08:57:15.847Z,B54,Gadsden,912d32aa-0b7f-4999-bf60-6670fe5985ea,SAMMS-GadsdenV5
202608260854399232,202608260654256354,202608260654255519,85,271,Bronze INV,br_AdmissionAssessment,TASK_COMPLETE,SUCCESS,INFO,155,155,0,,2026-08-26T06:54:31.515Z,2026-08-26T08:57:15.847Z,7364,2026-08-26T08:57:15.847Z,B55,Shoals,912d32aa-0b7f-4999-bf60-6670fe5985ea,SAMMS-ShoalsV5
202608260854399233,202608260654256355,202608260654255519,85,272,Bronze INV,br_AdmissionAssessment,TASK_COMPLETE,SUCCESS,INFO,39,39,0,,2026-08-26T06:54:31.515Z,2026-08-26T08:57:15.847Z,7364,2026-08-26T08:57:15.847Z,B57,Pawtucket,912d32aa-0b7f-4999-bf60-6670fe5985ea,SAMMS-Pawtucket
202608260854399234,202608260654256356,202608260654255519,85,273,Bronze INV,br_AdmissionAssessment,TASK_COMPLETE,SUCCESS,INFO,82,82,0,,2026-08-26T06:54:31.515Z,2026-08-26T08:57:15.847Z,7364,2026-08-26T08:57:15.847Z,B57A,Johnston,912d32aa-0b7f-4999-bf60-6670fe5985ea,SAMMS-Johnston
202608260854399235,202608260654256357,202608260654255519,85,274,Bronze INV,br_AdmissionAssessment,TASK_COMPLETE,SUCCESS,INFO,41,41,0,,2026-08-26T06:54:31.515Z,2026-08-26T08:57:15.847Z,7364,2026-08-26T08:57:15.847Z,B57B,Middletown,912d32aa-0b7f-4999-bf60-6670fe5985ea,SAMMS-Middletown
202608260854399075,202608260654256130,202608260654255519,85,2488,Bronze INV,br_LabResultDetail,TASK_COMPLETE,SUCCESS,INFO,4,4,0,,2026-08-26T06:54:31.515Z,2026-08-26T08:57:15.847Z,7364,2026-08-26T08:57:15.847Z,B66A,Bremen,912d32aa-0b7f-4999-bf60-6670fe5985ea,SAMMS-Bremen
202608260854399077,202608260654256131,202608260654255519,85,2491,Bronze INV,br_LabResultDetail,TASK_COMPLETE,SUCCESS,INFO,6,6,0,,2026-08-26T06:54:31.515Z,2026-08-26T08:57:15.847Z,7364,2026-08-26T08:57:15.847Z,B72,Mobile (OBOT),912d32aa-0b7f-4999-bf60-6670fe5985ea,SAMMS-Mobile-OBOT
202608260854399078,202608260654256132,202608260654255519,85,2492,Bronze INV,br_LabResultDetail,TASK_COMPLETE,SUCCESS,INFO,2,2,0,,2026-08-26T06:54:31.515Z,2026-08-26T08:57:15.847Z,7364,2026-08-26T08:57:15.847Z,B73,Montgomery,912d32aa-0b7f-4999-bf60-6670fe5985ea,SAMMS-Montgomery
202608260854399079,202608260654256133,202608260654255519,85,2493,Bronze INV,br_LabResultDetail,TASK_COMPLETE,SUCCESS,INFO,508,508,0,,2026-08-26T06:54:31.515Z,2026-08-26T08:57:15.847Z,7364,2026-08-26T08:57:15.847Z,B75,Lawrence,912d32aa-0b7f-4999-bf60-6670fe5985ea,SAMMS-LawrenceV6
202608260854399080,202608260654256134,202608260654255519,85,2494,Bronze INV,br_LabResultDetail,TASK_COMPLETE,SUCCESS,INFO,1,1,0,,2026-08-26T06:54:31.515Z,2026-08-26T08:57:15.847Z,7364,2026-08-26T08:57:15.847Z,B76,Huntsville OBOT,912d32aa-0b7f-4999-bf60-6670fe5985ea,SAMMS-Huntsville-OBOT
202608260854399081,202608260654256135,202608260654255519,85,2495,Bronze INV,br_LabResultDetail,TASK_COMPLETE,SUCCESS,INFO,8,8,0,,2026-08-26T06:54:31.515Z,2026-08-26T08:57:15.847Z,7364,2026-08-26T08:57:15.847Z,BAT,Batesville,912d32aa-0b7f-4999-bf60-6670fe5985ea,SAMMS-Batesville
202608260854399082,202608260654256136,202608260654255519,85,2496,Bronze INV,br_LabResultDetail,TASK_COMPLETE,SUCCESS,INFO,2977,2977,0,,2026-08-26T06:54:31.515Z,2026-08-26T08:57:15.847Z,7364,2026-08-26T08:57:15.847Z,BG,Bowling Green,912d32aa-0b7f-4999-bf60-6670fe5985ea,SAMMS-BowlingGreen
202608260854399084,202608260654256137,202608260654255519,85,2497,Bronze INV,br_LabResultDetail,TASK_COMPLETE,SUCCESS,INFO,191,191,0,,2026-08-26T06:54:31.515Z,2026-08-26T08:57:15.847Z,7364,2026-08-26T08:57:15.847Z,BOI,Boise,912d32aa-0b7f-4999-bf60-6670fe5985ea,SAMMS-Boise
202608260854399085,202608260654256138,202608260654255519,85,2504,Bronze INV,br_LabResultDetail,TASK_COMPLETE,SUCCESS,INFO,239,239,0,,2026-08-26T06:54:31.515Z,2026-08-26T08:57:15.847Z,7364,2026-08-26T08:57:15.847Z,CBCO,Coeur dAlene,912d32aa-0b7f-4999-bf60-6670fe5985ea,SAMMS-CoeurdAleneV6
202608260854399086,202608260654256139,202608260654255519,85,2523,Bronze INV,br_LabResultDetail,TASK_COMPLETE,SUCCESS,INFO,2,2,0,,2026-08-26T06:54:31.515Z,2026-08-26T08:57:15.847Z,7364,2026-08-26T08:57:15.847Z,CON,Conway,912d32aa-0b7f-4999-bf60-6670fe5985ea,SAMMS-Conway
202608260854399087,202608260654256140,202608260654255519,85,2524,Bronze INV,br_LabResultDetail,TASK_COMPLETE,SUCCESS,INFO,15,15,0,,2026-08-26T06:54:31.515Z,2026-08-26T08:57:15.847Z,7364,2026-08-26T08:57:15.847Z,D07,Medical Services Knox TN,912d32aa-0b7f-4999-bf60-6670fe5985ea,SAMMS-KnoxvilleV6
202608260854399088,202608260654256141,202608260654255519,85,2525,Bronze INV,br_LabResultDetail,TASK_COMPLETE,SUCCESS,INFO,1001,1001,0,,2026-08-26T06:54:31.515Z,2026-08-26T08:57:15.847Z,7364,2026-08-26T08:57:15.847Z,D08,Madison,912d32aa-0b7f-4999-bf60-6670fe5985ea,SAMMS-MadisonV6
202608260854399089,202608260654256142,202608260654255519,85,2527,Bronze INV,br_LabResultDetail,TASK_COMPLETE,SUCCESS,INFO,717,717,0,,2026-08-26T06:54:31.515Z,2026-08-26T08:57:15.847Z,7364,2026-08-26T08:57:15.847Z,D09,Murfreesboro,912d32aa-0b7f-4999-bf60-6670fe5985ea,SAMMS-MurfreesboroV6
202608260854399091,202608260654256143,202608260654255519,85,2528,Bronze INV,br_LabResultDetail,TASK_COMPLETE,SUCCESS,INFO,7,7,0,,2026-08-26T06:54:31.515Z,2026-08-26T08:57:15.847Z,7364,2026-08-26T08:57:15.847Z,DA,Davenport,912d32aa-0b7f-4999-bf60-6670fe5985ea,SAMMS-Davenport
202608260854399092,202608260654256144,202608260654255519,85,2529,Bronze INV,br_LabResultDetail,TASK_COMPLETE,SUCCESS,INFO,2759,2759,0,,2026-08-26T06:54:31.515Z,2026-08-26T08:57:15.847Z,7364,2026-08-26T08:57:15.847Z,DM,Des Moines,912d32aa-0b7f-4999-bf60-6670fe5985ea,SAMMS-DesMoines
202608260854399093,202608260654256145,202608260654255519,85,2531,Bronze INV,br_LabResultDetail,TASK_COMPLETE,SUCCESS,INFO,3523,3523,0,,2026-08-26T06:54:31.515Z,2026-08-26T08:57:15.847Z,7364,2026-08-26T08:57:15.847Z,DRD-CO,Columbia MO,912d32aa-0b7f-4999-bf60-6670fe5985ea,SAMMS-ColumbiaV5
202608260854399094,202608260654256146,202608260654255519,85,2532,Bronze INV,br_LabResultDetail,TASK_COMPLETE,SUCCESS,INFO,3419,3419,0,,2026-08-26T06:54:31.515Z,2026-08-26T08:57:15.847Z,7364,2026-08-26T08:57:15.847Z,DRD-KC,KC,912d32aa-0b7f-4999-bf60-6670fe5985ea,SAMMS-KCv5
202608260854399095,202608260654256147,202608260654255519,85,2533,Bronze INV,br_LabResultDetail,TASK_COMPLETE,SUCCESS,INFO,19596,19596,0,,2026-08-26T06:54:31.515Z,2026-08-26T08:57:15.847Z,7364,2026-08-26T08:57:15.847Z,DRD-KVB,KVB,912d32aa-0b7f-4999-bf60-6670fe5985ea,SAMMS-KVBv5
202608260854399096,202608260654256148,202608260654255519,85,2534,Bronze INV,br_LabResultDetail,TASK_COMPLETE,SUCCESS,INFO,23737,23737,0,,2026-08-26T06:54:31.515Z,2026-08-26T08:57:15.847Z,7364,2026-08-26T08:57:15.847Z,DRD-KVC,KVC,912d32aa-0b7f-4999-bf60-6670fe5985ea,SAMMS-KVCv5
202608260854399097,202608260654256149,202608260654255519,85,2535,Bronze INV,br_LabResultDetail,TASK_COMPLETE,SUCCESS,INFO,6438,6438,0,,2026-08-26T06:54:31.515Z,2026-08-26T08:57:15.847Z,7364,2026-08-26T08:57:15.847Z,DRD-NOLA,NOLA,912d32aa-0b7f-4999-bf60-6670fe5985ea,SAMMS-NOLAv5
202608260854399099,202608260654256150,202608260654255519,85,2536,Bronze INV,br_LabResultDetail,TASK_COMPLETE,SUCCESS,INFO,5723,5723,0,,2026-08-26T06:54:31.515Z,2026-08-26T08:57:15.847Z,7364,2026-08-26T08:57:15.847Z,DRD-SF,Springfield,912d32aa-0b7f-4999-bf60-6670fe5985ea,SAMMS-SFv5
202608260854399100,202608260654256151,202608260654255519,85,2538,Bronze INV,br_LabResultDetail,TASK_COMPLETE,SUCCESS,INFO,16775,16775,0,,2026-08-26T06:54:31.515Z,2026-08-26T08:57:15.847Z,7364,2026-08-26T08:57:15.847Z,ELC,Elizabeth City,912d32aa-0b7f-4999-bf60-6670fe5985ea,SAMMS-ElizabethCity
202608260854399101,202608260654256152,202608260654255519,85,2539,Bronze INV,br_LabResultDetail,TASK_COMPLETE,SUCCESS,INFO,3113,3113,0,,2026-08-26T06:54:31.515Z,2026-08-26T08:57:15.847Z,7364,2026-08-26T08:57:15.847Z,ET,Elizabethtown,912d32aa-0b7f-4999-bf60-6670fe5985ea,SAMMS-Elizabethtown
202608260854399102,202608260654256153,202608260654255519,85,2540,Bronze INV,br_LabResultDetail,TASK_COMPLETE,SUCCESS,INFO,2,2,0,,2026-08-26T06:54:31.515Z,2026-08-26T08:57:15.847Z,7364,2026-08-26T08:57:15.847Z,FAY,Fayetteville,912d32aa-0b7f-4999-bf60-6670fe5985ea,SAMMS-Fayetteville
202608260854399103,202608260654256154,202608260654255519,85,2541,Bronze INV,br_LabResultDetail,TASK_COMPLETE,SUCCESS,INFO,14063,14063,0,,2026-08-26T06:54:31.515Z,2026-08-26T08:57:15.847Z,7364,2026-08-26T08:57:15.847Z,FR,Frankfort,912d32aa-0b7f-4999-bf60-6670fe5985ea,SAMMS-Frankfort
202608260854399104,202608260654256155,202608260654255519,85,2542,Bronze INV,br_LabResultDetail,TASK_COMPLETE,SUCCESS,INFO,3,3,0,,2026-08-26T06:54:31.515Z,2026-08-26T08:57:15.847Z,7364,2026-08-26T08:57:15.847Z,FS,Fort Smith,912d32aa-0b7f-4999-bf60-6670fe5985ea,SAMMS-FortSmith
202608260854399106,202608260654256156,202608260654255519,85,2543,Bronze INV,br_LabResultDetail,TASK_COMPLETE,SUCCESS,INFO,9174,9174,0,,2026-08-26T06:54:31.515Z,2026-08-26T08:57:15.847Z,7364,2026-08-26T08:57:15.847Z,FW,Fort Wayne,912d32aa-0b7f-4999-bf60-6670fe5985ea,SAMMS-FortWayne
202608260854399107,202608260654256157,202608260654255519,85,2544,Bronze INV,br_LabResultDetail,TASK_COMPLETE,SUCCESS,INFO,4,4,0,,2026-08-26T06:54:31.515Z,2026-08-26T08:57:15.847Z,7364,2026-08-26T08:57:15.847Z,GAL,Gaylord,912d32aa-0b7f-4999-bf60-6670fe5985ea,SAMMS-Gaylord
202608260854399108,202608260654256158,202608260654255519,85,2548,Bronze INV,br_LabResultDetail,TASK_COMPLETE,SUCCESS,INFO,4764,4764,0,,2026-08-26T06:54:31.515Z,2026-08-26T08:57:15.847Z,7364,2026-08-26T08:57:15.847Z,HGT,Hagerstown,912d32aa-0b7f-4999-bf60-6670fe5985ea,SAMMS-Hagerstown
202608260854399109,202608260654256159,202608260654255519,85,2549,Bronze INV,br_LabResultDetail,TASK_COMPLETE,SUCCESS,INFO,647,647,0,,2026-08-26T06:54:31.515Z,2026-08-26T08:57:15.847Z,7364,2026-08-26T08:57:15.847Z,HNT,Huntsville,912d32aa-0b7f-4999-bf60-6670fe5985ea,SAMMS-Huntsville
202608260854399110,202608260654256160,202608260654255519,85,2550,Bronze INV,br_LabResultDetail,TASK_COMPLETE,SUCCESS,INFO,2,2,0,,2026-08-26T06:54:31.515Z,2026-08-26T08:57:15.847Z,7364,2026-08-26T08:57:15.847Z,HS,Hot Springs,912d32aa-0b7f-4999-bf60-6670fe5985ea,SAMMS-HotSprings
202608260854399111,202608260654256161,202608260654255519,85,2551,Bronze INV,br_LabResultDetail,TASK_COMPLETE,SUCCESS,INFO,4,4,0,,2026-08-26T06:54:31.515Z,2026-08-26T08:57:15.847Z,7364,2026-08-26T08:57:15.847Z,JON,Jonesboro,912d32aa-0b7f-4999-bf60-6670fe5985ea,SAMMS-Jonesboro
202608260854399113,202608260654256162,202608260654255519,85,2553,Bronze INV,br_LabResultDetail,TASK_COMPLETE,SUCCESS,INFO,4,4,0,,2026-08-26T06:54:31.515Z,2026-08-26T08:57:15.847Z,7364,2026-08-26T08:57:15.847Z,LAN,Lansing,912d32aa-0b7f-4999-bf60-6670fe5985ea,SAMMS-Lansing
202608260854399114,202608260654256163,202608260654255519,85,2554,Bronze INV,br_LabResultDetail,TASK_COMPLETE,SUCCESS,INFO,88941,88941,0,,2026-08-26T06:54:31.515Z,2026-08-26T08:57:15.847Z,7364,2026-08-26T08:57:15.847Z,LO,Louisville,912d32aa-0b7f-4999-bf60-6670fe5985ea,SAMMS-Louisville
202608260854399115,202608260654256164,202608260654255519,85,2555,Bronze INV,br_LabResultDetail,TASK_COMPLETE,SUCCESS,INFO,6534,6534,0,,2026-08-26T06:54:31.515Z,2026-08-26T08:57:15.847Z,7364,2026-08-26T08:57:15.847Z,LV1,Cheyenne,912d32aa-0b7f-4999-bf60-6670fe5985ea,SAMMS-Cheyenne
202608260854399116,202608260654256165,202608260654255519,85,2556,Bronze INV,br_LabResultDetail,TASK_COMPLETE,SUCCESS,INFO,9491,9491,0,,2026-08-26T06:54:31.515Z,2026-08-26T08:57:15.847Z,7364,2026-08-26T08:57:15.847Z,LV2,Desert Inn,912d32aa-0b7f-4999-bf60-6670fe5985ea,SAMMS-DesertInn
202608260854399117,202608260654256166,202608260654255519,85,2557,Bronze INV,br_LabResultDetail,TASK_COMPLETE,SUCCESS,INFO,1882,1882,0,,2026-08-26T06:54:31.515Z,2026-08-26T08:57:15.847Z,7364,2026-08-26T08:57:15.847Z,LV3,McDaniel,912d32aa-0b7f-4999-bf60-6670fe5985ea,SAMMS-McDaniel
202608260854399118,202608260654256167,202608260654255519,85,2560,Bronze INV,br_LabResultDetail,TASK_COMPLETE,SUCCESS,INFO,3,3,0,,2026-08-26T06:54:31.515Z,2026-08-26T08:57:15.847Z,7364,2026-08-26T08:57:15.847Z,MNRE,Monroe,912d32aa-0b7f-4999-bf60-6670fe5985ea,SAMMS-Monroe
202608260854401255,202608260654255991,202608260654255519,85,2269,Bronze INV,br_LabResult,TASK_COMPLETE,SUCCESS,INFO,1162,1162,0,,2026-08-26T06:54:31.515Z,2026-08-26T08:57:15.847Z,7364,2026-08-26T08:57:15.847Z,B36,Asheville,912d32aa-0b7f-4999-bf60-6670fe5985ea,SAMMS-AshevilleV5
202608260854401257,202608260654255992,202608260654255519,85,2270,Bronze INV,br_LabResult,TASK_COMPLETE,SUCCESS,INFO,1697,1697,0,,2026-08-26T06:54:31.515Z,2026-08-26T08:57:15.847Z,7364,2026-08-26T08:57:15.847Z,B37,Clyde,912d32aa-0b7f-4999-bf60-6670fe5985ea,SAMMS-ClydeV5
202608260854401258,202608260654255993,202608260654255519,85,2271,Bronze INV,br_LabResult,TASK_COMPLETE,SUCCESS,INFO,5929,5929,0,,2026-08-26T06:54:31.515Z,2026-08-26T08:57:15.847Z,7364,2026-08-26T08:57:15.847Z,B38,Spartanburg,912d32aa-0b7f-4999-bf60-6670fe5985ea,SAMMS-SpartanburgV5
202608260854401259,202608260654255994,202608260654255519,85,2272,Bronze INV,br_LabResult,TASK_COMPLETE,SUCCESS,INFO,1795,1795,0,,2026-08-26T06:54:31.515Z,2026-08-26T08:57:15.847Z,7364,2026-08-26T08:57:15.847Z,B39,Aiken,912d32aa-0b7f-4999-bf60-6670fe5985ea,SAMMS-AikenV5
202608260854401260,202608260654255995,202608260654255519,85,2273,Bronze INV,br_LabResult,TASK_COMPLETE,SUCCESS,INFO,4044,4044,0,,2026-08-26T06:54:31.515Z,2026-08-26T08:57:15.847Z,7364,2026-08-26T08:57:15.847Z,B41,Chesapeake,912d32aa-0b7f-4999-bf60-6670fe5985ea,SAMMS-ChesapeakeV5
202608260854401261,202608260654255996,202608260654255519,85,2274,Bronze INV,br_LabResult,TASK_COMPLETE,SUCCESS,INFO,14373,14373,0,,2026-08-26T06:54:31.515Z,2026-08-26T08:57:15.847Z,7364,2026-08-26T08:57:15.847Z,B42,Virginia Beach,912d32aa-0b7f-4999-bf60-6670fe5985ea,SAMMS-VirginiaBeachV5
202608260854401262,202608260654255997,202608260654255519,85,2275,Bronze INV,br_LabResult,TASK_COMPLETE,SUCCESS,INFO,1416,1416,0,,2026-08-26T06:54:31.515Z,2026-08-26T08:57:15.847Z,7364,2026-08-26T08:57:15.847Z,B42A,Newport News,912d32aa-0b7f-4999-bf60-6670fe5985ea,SAMMS-NewportNewsV5
202608260854401264,202608260654255998,202608260654255519,85,2276,Bronze INV,br_LabResult,TASK_COMPLETE,SUCCESS,INFO,751,751,0,,2026-08-26T06:54:31.515Z,2026-08-26T08:57:15.847Z,7364,2026-08-26T08:57:15.847Z,B42B,Franklin,912d32aa-0b7f-4999-bf60-6670fe5985ea,SAMMS-FranklinV5
202608260854401265,202608260654255999,202608260654255519,85,2277,Bronze INV,br_LabResult,TASK_COMPLETE,SUCCESS,INFO,1479,1479,0,,2026-08-26T06:54:31.515Z,2026-08-26T08:57:15.847Z,7364,2026-08-26T08:57:15.847Z,B42C,Glen Allen,912d32aa-0b7f-4999-bf60-6670fe5985ea,SAMMS-GlenAllenV5
202608260854401266,202608260654256000,202608260654255519,85,2278,Bronze INV,br_LabResult,TASK_COMPLETE,SUCCESS,INFO,1330,1330,0,,2026-08-26T06:54:31.515Z,2026-08-26T08:57:15.847Z,7364,2026-08-26T08:57:15.847Z,B42D,Chesapeake South,912d32aa-0b7f-4999-bf60-6670fe5985ea,SAMMS-ChesapeakeSouthV5
202608260854401267,202608260654256001,202608260654255519,85,2279,Bronze INV,br_LabResult,TASK_COMPLETE,SUCCESS,INFO,2936,2936,0,,2026-08-26T06:54:31.515Z,2026-08-26T08:57:15.847Z,7364,2026-08-26T08:57:15.847Z,B44,Albany,912d32aa-0b7f-4999-bf60-6670fe5985ea,SAMMS-AlbanyV5
202608260854401268,202608260654256002,202608260654255519,85,2280,Bronze INV,br_LabResult,TASK_COMPLETE,SUCCESS,INFO,2400,2400,0,,2026-08-26T06:54:31.515Z,2026-08-26T08:57:15.847Z,7364,2026-08-26T08:57:15.847Z,B45,Tifton,912d32aa-0b7f-4999-bf60-6670fe5985ea,SAMMS-TiftonV5
202608260854401269,202608260654256003,202608260654255519,85,2281,Bronze INV,br_LabResult,TASK_COMPLETE,SUCCESS,INFO,621,621,0,,2026-08-26T06:54:31.515Z,2026-08-26T08:57:15.847Z,7364,2026-08-26T08:57:15.847Z,B46,Washington DC,912d32aa-0b7f-4999-bf60-6670fe5985ea,SAMMS-WashingtonDCv5
202608260854401270,202608260654256004,202608260654255519,85,2282,Bronze INV,br_LabResult,TASK_COMPLETE,SUCCESS,INFO,334,334,0,,2026-08-26T06:54:31.515Z,2026-08-26T08:57:15.847Z,7364,2026-08-26T08:57:15.847Z,B47,Mobile,912d32aa-0b7f-4999-bf60-6670fe5985ea,SAMMS-MobileV5
202608260854401272,202608260654256005,202608260654255519,85,2283,Bronze INV,br_LabResult,TASK_COMPLETE,SUCCESS,INFO,3357,3357,0,,2026-08-26T06:54:31.515Z,2026-08-26T08:57:15.847Z,7364,2026-08-26T08:57:15.847Z,B48,Tuscaloosa,912d32aa-0b7f-4999-bf60-6670fe5985ea,SAMMS-TuscaloosaV5
202608260854401273,202608260654256006,202608260654255519,85,2292,Bronze INV,br_LabResult,TASK_COMPLETE,SUCCESS,INFO,5,5,0,,2026-08-26T06:54:31.515Z,2026-08-26T08:57:15.847Z,7364,2026-08-26T08:57:15.847Z,B51,N. Little Rock (OTP),912d32aa-0b7f-4999-bf60-6670fe5985ea,SAMMS-NorthLittleRockV6
202608260854401274,202608260654256007,202608260654255519,85,2293,Bronze INV,br_LabResult,TASK_COMPLETE,SUCCESS,INFO,254,254,0,,2026-08-26T06:54:31.515Z,2026-08-26T08:57:15.847Z,7364,2026-08-26T08:57:15.847Z,B52,Jackson GA,912d32aa-0b7f-4999-bf60-6670fe5985ea,SAMMS-JacksonGAV5
202608260854401275,202608260654256008,202608260654255519,85,2294,Bronze INV,br_LabResult,TASK_COMPLETE,SUCCESS,INFO,2660,2660,0,,2026-08-26T06:54:31.515Z,2026-08-26T08:57:15.847Z,7364,2026-08-26T08:57:15.847Z,B54,Gadsden,912d32aa-0b7f-4999-bf60-6670fe5985ea,SAMMS-GadsdenV5
202608260854401276,202608260654256009,202608260654255519,85,2295,Bronze INV,br_LabResult,TASK_COMPLETE,SUCCESS,INFO,489,489,0,,2026-08-26T06:54:31.515Z,2026-08-26T08:57:15.847Z,7364,2026-08-26T08:57:15.847Z,B55,Shoals,912d32aa-0b7f-4999-bf60-6670fe5985ea,SAMMS-ShoalsV5
202608260854401277,202608260654256010,202608260654255519,85,2296,Bronze INV,br_LabResult,TASK_COMPLETE,SUCCESS,INFO,3,3,0,,2026-08-26T06:54:31.515Z,2026-08-26T08:57:15.847Z,7364,2026-08-26T08:57:15.847Z,B57,Pawtucket,912d32aa-0b7f-4999-bf60-6670fe5985ea,SAMMS-Pawtucket
202608260854401278,202608260654256011,202608260654255519,85,2297,Bronze INV,br_LabResult,TASK_COMPLETE,SUCCESS,INFO,6,6,0,,2026-08-26T06:54:31.515Z,2026-08-26T08:57:15.847Z,7364,2026-08-26T08:57:15.847Z,B57A,Johnston,912d32aa-0b7f-4999-bf60-6670fe5985ea,SAMMS-Johnston
202608260854401279,202608260654256012,202608260654255519,85,2298,Bronze INV,br_LabResult,TASK_COMPLETE,SUCCESS,INFO,9,9,0,,2026-08-26T06:54:31.515Z,2026-08-26T08:57:15.847Z,7364,2026-08-26T08:57:15.847Z,B57B,Middletown,912d32aa-0b7f-4999-bf60-6670fe5985ea,SAMMS-Middletown
202608260854401281,202608260654256013,202608260654255519,85,2299,Bronze INV,br_LabResult,TASK_COMPLETE,SUCCESS,INFO,2,2,0,,2026-08-26T06:54:31.515Z,2026-08-26T08:57:15.847Z,7364,2026-08-26T08:57:15.847Z,B57C,Providence,912d32aa-0b7f-4999-bf60-6670fe5985ea,SAMMS-Providence
202608260854401282,202608260654256014,202608260654255519,85,2300,Bronze INV,br_LabResult,TASK_COMPLETE,SUCCESS,INFO,3,3,0,,2026-08-26T06:54:31.515Z,2026-08-26T08:57:15.847Z,7364,2026-08-26T08:57:15.847Z,B57D,Westerly,912d32aa-0b7f-4999-bf60-6670fe5985ea,SAMMS-Westerly
202608260854401283,202608260654256015,202608260654255519,85,2304,Bronze INV,br_LabResult,TASK_COMPLETE,SUCCESS,INFO,2,2,0,,2026-08-26T06:54:31.515Z,2026-08-26T08:57:15.847Z,7364,2026-08-26T08:57:15.847Z,B66A,Bremen,912d32aa-0b7f-4999-bf60-6670fe5985ea,SAMMS-Bremen
202608260854401284,202608260654256016,202608260654255519,85,2307,Bronze INV,br_LabResult,TASK_COMPLETE,SUCCESS,INFO,3,3,0,,2026-08-26T06:54:31.515Z,2026-08-26T08:57:15.847Z,7364,2026-08-26T08:57:15.847Z,B72,Mobile (OBOT),912d32aa-0b7f-4999-bf60-6670fe5985ea,SAMMS-Mobile-OBOT
202608260854401285,202608260654256017,202608260654255519,85,2308,Bronze INV,br_LabResult,TASK_COMPLETE,SUCCESS,INFO,1,1,0,,2026-08-26T06:54:31.515Z,2026-08-26T08:57:15.847Z,7364,2026-08-26T08:57:15.847Z,B73,Montgomery,912d32aa-0b7f-4999-bf60-6670fe5985ea,SAMMS-Montgomery
202608260854401286,202608260654256018,202608260654255519,85,2309,Bronze INV,br_LabResult,TASK_COMPLETE,SUCCESS,INFO,505,505,0,,2026-08-26T06:54:31.515Z,2026-08-26T08:57:15.847Z,7364,2026-08-26T08:57:15.847Z,B75,Lawrence,912d32aa-0b7f-4999-bf60-6670fe5985ea,SAMMS-LawrenceV6
202608260854401288,202608260654256019,202608260654255519,85,2310,Bronze INV,br_LabResult,TASK_COMPLETE,SUCCESS,INFO,1,1,0,,2026-08-26T06:54:31.515Z,2026-08-26T08:57:15.847Z,7364,2026-08-26T08:57:15.847Z,B76,Huntsville OBOT,912d32aa-0b7f-4999-bf60-6670fe5985ea,SAMMS-Huntsville-OBOT
202608260854401289,202608260654256020,202608260654255519,85,2311,Bronze INV,br_LabResult,TASK_COMPLETE,SUCCESS,INFO,4,4,0,,2026-08-26T06:54:31.515Z,2026-08-26T08:57:15.847Z,7364,2026-08-26T08:57:15.847Z,BAT,Batesville,912d32aa-0b7f-4999-bf60-6670fe5985ea,SAMMS-Batesville
202608260854401290,202608260654256021,202608260654255519,85,2312,Bronze INV,br_LabResult,TASK_COMPLETE,SUCCESS,INFO,2692,2692,0,,2026-08-26T06:54:31.515Z,2026-08-26T08:57:15.847Z,7364,2026-08-26T08:57:15.847Z,BG,Bowling Green,912d32aa-0b7f-4999-bf60-6670fe5985ea,SAMMS-BowlingGreen
202608260854401291,202608260654256022,202608260654255519,85,2313,Bronze INV,br_LabResult,TASK_COMPLETE,SUCCESS,INFO,191,191,0,,2026-08-26T06:54:31.515Z,2026-08-26T08:57:15.847Z,7364,2026-08-26T08:57:15.847Z,BOI,Boise,912d32aa-0b7f-4999-bf60-6670fe5985ea,SAMMS-Boise
202608260854401292,202608260654256023,202608260654255519,85,2320,Bronze INV,br_LabResult,TASK_COMPLETE,SUCCESS,INFO,234,234,0,,2026-08-26T06:54:31.515Z,2026-08-26T08:57:15.847Z,7364,2026-08-26T08:57:15.847Z,CBCO,Coeur dAlene,912d32aa-0b7f-4999-bf60-6670fe5985ea,SAMMS-CoeurdAleneV6
202608260854401293,202608260654256024,202608260654255519,85,2339,Bronze INV,br_LabResult,TASK_COMPLETE,SUCCESS,INFO,1,1,0,,2026-08-26T06:54:31.515Z,2026-08-26T08:57:15.847Z,7364,2026-08-26T08:57:15.847Z,CON,Conway,912d32aa-0b7f-4999-bf60-6670fe5985ea,SAMMS-Conway
202608260854401294,202608260654256025,202608260654255519,85,2340,Bronze INV,br_LabResult,TASK_COMPLETE,SUCCESS,INFO,11,11,0,,2026-08-26T06:54:31.515Z,2026-08-26T08:57:15.847Z,7364,2026-08-26T08:57:15.847Z,D07,Medical Services Knox TN,912d32aa-0b7f-4999-bf60-6670fe5985ea,SAMMS-KnoxvilleV6
202608260854401296,202608260654256026,202608260654255519,85,2341,Bronze INV,br_LabResult,TASK_COMPLETE,SUCCESS,INFO,995,995,0,,2026-08-26T06:54:31.515Z,2026-08-26T08:57:15.847Z,7364,2026-08-26T08:57:15.847Z,D08,Madison,912d32aa-0b7f-4999-bf60-6670fe5985ea,SAMMS-MadisonV6
202608260854401297,202608260654256027,202608260654255519,85,2343,Bronze INV,br_LabResult,TASK_COMPLETE,SUCCESS,INFO,705,705,0,,2026-08-26T06:54:31.515Z,2026-08-26T08:57:15.847Z,7364,2026-08-26T08:57:15.847Z,D09,Murfreesboro,912d32aa-0b7f-4999-bf60-6670fe5985ea,SAMMS-MurfreesboroV6
202608260854401298,202608260654256028,202608260654255519,85,2344,Bronze INV,br_LabResult,TASK_COMPLETE,SUCCESS,INFO,5,5,0,,2026-08-26T06:54:31.515Z,2026-08-26T08:57:15.847Z,7364,2026-08-26T08:57:15.847Z,DA,Davenport,912d32aa-0b7f-4999-bf60-6670fe5985ea,SAMMS-Davenport
202608260854401448,202608260654255800,202608260654255519,85,2711,Bronze INV,br_LiquidLog,TASK_COMPLETE,SUCCESS,INFO,145786,145786,0,,2026-08-26T06:54:31.515Z,2026-08-26T08:57:15.847Z,7364,2026-08-26T08:57:15.847Z,D09,Murfreesboro,912d32aa-0b7f-4999-bf60-6670fe5985ea,SAMMS-MurfreesboroV6
202608260854401449,202608260654255801,202608260654255519,85,2712,Bronze INV,br_LiquidLog,TASK_COMPLETE,SUCCESS,INFO,70748,70748,0,,2026-08-26T06:54:31.515Z,2026-08-26T08:57:15.847Z,7364,2026-08-26T08:57:15.847Z,DA,Davenport,912d32aa-0b7f-4999-bf60-6670fe5985ea,SAMMS-Davenport
202608260854401450,202608260654255802,202608260654255519,85,2713,Bronze INV,br_LiquidLog,TASK_COMPLETE,SUCCESS,INFO,64636,64636,0,,2026-08-26T06:54:31.515Z,2026-08-26T08:57:15.847Z,7364,2026-08-26T08:57:15.847Z,DM,Des Moines,912d32aa-0b7f-4999-bf60-6670fe5985ea,SAMMS-DesMoines
202608260854401452,202608260654255803,202608260654255519,85,2715,Bronze INV,br_LiquidLog,TASK_COMPLETE,SUCCESS,INFO,155583,155583,0,,2026-08-26T06:54:31.515Z,2026-08-26T08:57:15.847Z,7364,2026-08-26T08:57:15.847Z,DRD-CO,Columbia MO,912d32aa-0b7f-4999-bf60-6670fe5985ea,SAMMS-ColumbiaV5
202608260854401453,202608260654255804,202608260654255519,85,2716,Bronze INV,br_LiquidLog,TASK_COMPLETE,SUCCESS,INFO,157708,157708,0,,2026-08-26T06:54:31.515Z,2026-08-26T08:57:15.847Z,7364,2026-08-26T08:57:15.847Z,DRD-KC,KC,912d32aa-0b7f-4999-bf60-6670fe5985ea,SAMMS-KCv5
202608260854401454,202608260654255805,202608260654255519,85,2717,Bronze INV,br_LiquidLog,TASK_COMPLETE,SUCCESS,INFO,505513,505513,0,,2026-08-26T06:54:31.515Z,2026-08-26T08:57:15.847Z,7364,2026-08-26T08:57:15.847Z,DRD-KVB,KVB,912d32aa-0b7f-4999-bf60-6670fe5985ea,SAMMS-KVBv5
202608260854401455,202608260654255806,202608260654255519,85,2718,Bronze INV,br_LiquidLog,TASK_COMPLETE,SUCCESS,INFO,572766,572766,0,,2026-08-26T06:54:31.515Z,2026-08-26T08:57:15.847Z,7364,2026-08-26T08:57:15.847Z,DRD-KVC,KVC,912d32aa-0b7f-4999-bf60-6670fe5985ea,SAMMS-KVCv5
202608260854401456,202608260654255807,202608260654255519,85,2719,Bronze INV,br_LiquidLog,TASK_COMPLETE,SUCCESS,INFO,488642,488642,0,,2026-08-26T06:54:31.515Z,2026-08-26T08:57:15.847Z,7364,2026-08-26T08:57:15.847Z,DRD-NOLA,NOLA,912d32aa-0b7f-4999-bf60-6670fe5985ea,SAMMS-NOLAv5
202608260854401457,202608260654255808,202608260654255519,85,2720,Bronze INV,br_LiquidLog,TASK_COMPLETE,SUCCESS,INFO,265714,265714,0,,2026-08-26T06:54:31.515Z,2026-08-26T08:57:15.847Z,7364,2026-08-26T08:57:15.847Z,DRD-SF,Springfield,912d32aa-0b7f-4999-bf60-6670fe5985ea,SAMMS-SFv5
202608260854401458,202608260654255809,202608260654255519,85,2722,Bronze INV,br_LiquidLog,TASK_COMPLETE,SUCCESS,INFO,83069,83069,0,,2026-08-26T06:54:31.515Z,2026-08-26T08:57:15.847Z,7364,2026-08-26T08:57:15.847Z,ELC,Elizabeth City,912d32aa-0b7f-4999-bf60-6670fe5985ea,SAMMS-ElizabethCity
202608260854401459,202608260654255810,202608260654255519,85,2723,Bronze INV,br_LiquidLog,TASK_COMPLETE,SUCCESS,INFO,94233,94233,0,,2026-08-26T06:54:31.515Z,2026-08-26T08:57:15.847Z,7364,2026-08-26T08:57:15.847Z,ET,Elizabethtown,912d32aa-0b7f-4999-bf60-6670fe5985ea,SAMMS-Elizabethtown
202608260854401460,202608260654255811,202608260654255519,85,2724,Bronze INV,br_LiquidLog,TASK_COMPLETE,SUCCESS,INFO,0,0,0,,2026-08-26T06:54:31.515Z,2026-08-26T08:57:15.847Z,7364,2026-08-26T08:57:15.847Z,FAY,Fayetteville,912d32aa-0b7f-4999-bf60-6670fe5985ea,SAMMS-Fayetteville
202608260854401461,202608260654255812,202608260654255519,85,2725,Bronze INV,br_LiquidLog,TASK_COMPLETE,SUCCESS,INFO,98725,98725,0,,2026-08-26T06:54:31.515Z,2026-08-26T08:57:15.847Z,7364,2026-08-26T08:57:15.847Z,FR,Frankfort,912d32aa-0b7f-4999-bf60-6670fe5985ea,SAMMS-Frankfort
202608260854401462,202608260654255813,202608260654255519,85,2726,Bronze INV,br_LiquidLog,TASK_COMPLETE,SUCCESS,INFO,0,0,0,,2026-08-26T06:54:31.515Z,2026-08-26T08:57:15.847Z,7364,2026-08-26T08:57:15.847Z,FS,Fort Smith,912d32aa-0b7f-4999-bf60-6670fe5985ea,SAMMS-FortSmith
202608260854401464,202608260654255814,202608260654255519,85,2727,Bronze INV,br_LiquidLog,TASK_COMPLETE,SUCCESS,INFO,204771,204771,0,,2026-08-26T06:54:31.515Z,2026-08-26T08:57:15.847Z,7364,2026-08-26T08:57:15.847Z,FW,Fort Wayne,912d32aa-0b7f-4999-bf60-6670fe5985ea,SAMMS-FortWayne
202608260854401465,202608260654255815,202608260654255519,85,2728,Bronze INV,br_LiquidLog,TASK_COMPLETE,SUCCESS,INFO,83286,83286,0,,2026-08-26T06:54:31.515Z,2026-08-26T08:57:15.847Z,7364,2026-08-26T08:57:15.847Z,GAL,Gaylord,912d32aa-0b7f-4999-bf60-6670fe5985ea,SAMMS-Gaylord
202608260854401466,202608260654255816,202608260654255519,85,2732,Bronze INV,br_LiquidLog,TASK_COMPLETE,SUCCESS,INFO,183409,183409,0,,2026-08-26T06:54:31.515Z,2026-08-26T08:57:15.847Z,7364,2026-08-26T08:57:15.847Z,HGT,Hagerstown,912d32aa-0b7f-4999-bf60-6670fe5985ea,SAMMS-Hagerstown
202608260854401467,202608260654255817,202608260654255519,85,2733,Bronze INV,br_LiquidLog,TASK_COMPLETE,SUCCESS,INFO,166851,166851,0,,2026-08-26T06:54:31.515Z,2026-08-26T08:57:15.847Z,7364,2026-08-26T08:57:15.847Z,HNT,Huntsville,912d32aa-0b7f-4999-bf60-6670fe5985ea,SAMMS-Huntsville
202608260854401468,202608260654255818,202608260654255519,85,2734,Bronze INV,br_LiquidLog,TASK_COMPLETE,SUCCESS,INFO,0,0,0,,2026-08-26T06:54:31.515Z,2026-08-26T08:57:15.847Z,7364,2026-08-26T08:57:15.847Z,HS,Hot Springs,912d32aa-0b7f-4999-bf60-6670fe5985ea,SAMMS-HotSprings
202608260854401469,202608260654255819,202608260654255519,85,2735,Bronze INV,br_LiquidLog,TASK_COMPLETE,SUCCESS,INFO,0,0,0,,2026-08-26T06:54:31.515Z,2026-08-26T08:57:15.847Z,7364,2026-08-26T08:57:15.847Z,JON,Jonesboro,912d32aa-0b7f-4999-bf60-6670fe5985ea,SAMMS-Jonesboro
202608260854401470,202608260654255820,202608260654255519,85,2737,Bronze INV,br_LiquidLog,TASK_COMPLETE,SUCCESS,INFO,72996,72996,0,,2026-08-26T06:54:31.515Z,2026-08-26T08:57:15.847Z,7364,2026-08-26T08:57:15.847Z,LAN,Lansing,912d32aa-0b7f-4999-bf60-6670fe5985ea,SAMMS-Lansing
202608260854401471,202608260654255821,202608260654255519,85,2738,Bronze INV,br_LiquidLog,TASK_COMPLETE,SUCCESS,INFO,237566,237566,0,,2026-08-26T06:54:31.515Z,2026-08-26T08:57:15.847Z,7364,2026-08-26T08:57:15.847Z,LO,Louisville,912d32aa-0b7f-4999-bf60-6670fe5985ea,SAMMS-Louisville
202608260854401472,202608260654255822,202608260654255519,85,2739,Bronze INV,br_LiquidLog,TASK_COMPLETE,SUCCESS,INFO,119958,119958,0,,2026-08-26T06:54:31.515Z,2026-08-26T08:57:15.847Z,7364,2026-08-26T08:57:15.847Z,LV1,Cheyenne,912d32aa-0b7f-4999-bf60-6670fe5985ea,SAMMS-Cheyenne
202608260854401473,202608260654255823,202608260654255519,85,2740,Bronze INV,br_LiquidLog,TASK_COMPLETE,SUCCESS,INFO,113828,113828,0,,2026-08-26T06:54:31.515Z,2026-08-26T08:57:15.847Z,7364,2026-08-26T08:57:15.847Z,LV2,Desert Inn,912d32aa-0b7f-4999-bf60-6670fe5985ea,SAMMS-DesertInn
202608260854401475,202608260654255824,202608260654255519,85,2741,Bronze INV,br_LiquidLog,TASK_COMPLETE,SUCCESS,INFO,59999,59999,0,,2026-08-26T06:54:31.515Z,2026-08-26T08:57:15.847Z,7364,2026-08-26T08:57:15.847Z,LV3,McDaniel,912d32aa-0b7f-4999-bf60-6670fe5985ea,SAMMS-McDaniel
202608260854401476,202608260654255825,202608260654255519,85,2744,Bronze INV,br_LiquidLog,TASK_COMPLETE,SUCCESS,INFO,63970,63970,0,,2026-08-26T06:54:31.515Z,2026-08-26T08:57:15.847Z,7364,2026-08-26T08:57:15.847Z,MNRE,Monroe,912d32aa-0b7f-4999-bf60-6670fe5985ea,SAMMS-Monroe
202608260854401477,202608260654255826,202608260654255519,85,2745,Bronze INV,br_LiquidLog,TASK_COMPLETE,SUCCESS,INFO,148098,148098,0,,2026-08-26T06:54:31.515Z,2026-08-26T08:57:15.847Z,7364,2026-08-26T08:57:15.847Z,MP,Mt. Pleasant,912d32aa-0b7f-4999-bf60-6670fe5985ea,SAMMS-MtPleasant
202608260854401478,202608260654255827,202608260654255519,85,2746,Bronze INV,br_LiquidLog,TASK_COMPLETE,SUCCESS,INFO,48206,48206,0,,2026-08-26T06:54:31.515Z,2026-08-26T08:57:15.847Z,7364,2026-08-26T08:57:15.847Z,MRD,Meridian,912d32aa-0b7f-4999-bf60-6670fe5985ea,SAMMS-Meridian
202608260854401479,202608260654255828,202608260654255519,85,2751,Bronze INV,br_LiquidLog,TASK_COMPLETE,SUCCESS,INFO,119640,119640,0,,2026-08-26T06:54:31.515Z,2026-08-26T08:57:15.847Z,7364,2026-08-26T08:57:15.847Z,NC,North Charleston,912d32aa-0b7f-4999-bf60-6670fe5985ea,SAMMS-NorthCharleston
202608260854401481,202608260654255829,202608260654255519,85,2752,Bronze INV,br_LiquidLog,TASK_COMPLETE,SUCCESS,INFO,0,0,0,,2026-08-26T06:54:31.515Z,2026-08-26T08:57:15.847Z,7364,2026-08-26T08:57:15.847Z,NLR,N. Little Rock,912d32aa-0b7f-4999-bf60-6670fe5985ea,SAMMS-NLROBOT
202608260854401482,202608260654255830,202608260654255519,85,2753,Bronze INV,br_LiquidLog,TASK_COMPLETE,SUCCESS,INFO,901,901,0,,2026-08-26T06:54:31.515Z,2026-08-26T08:57:15.847Z,7364,2026-08-26T08:57:15.847Z,PH,Phoenix,912d32aa-0b7f-4999-bf60-6670fe5985ea,SAMMS-Phoenix
202608260854401483,202608260654255831,202608260654255519,85,2757,Bronze INV,br_LiquidLog,TASK_COMPLETE,SUCCESS,INFO,99475,99475,0,,2026-08-26T06:54:31.515Z,2026-08-26T08:57:15.847Z,7364,2026-08-26T08:57:15.847Z,RE,Reno,912d32aa-0b7f-4999-bf60-6670fe5985ea,SAMMS-Reno
202608260854401484,202608260654255832,202608260654255519,85,2758,Bronze INV,br_LiquidLog,TASK_COMPLETE,SUCCESS,INFO,134393,134393,0,,2026-08-26T06:54:31.515Z,2026-08-26T08:57:15.847Z,7364,2026-08-26T08:57:15.847Z,RMD,Richmond,912d32aa-0b7f-4999-bf60-6670fe5985ea,SAMMS-Richmond
202608260854401485,202608260654255833,202608260654255519,85,2759,Bronze INV,br_LiquidLog,TASK_COMPLETE,SUCCESS,INFO,159786,159786,0,,2026-08-26T06:54:31.515Z,2026-08-26T08:57:15.847Z,7364,2026-08-26T08:57:15.847Z,SFN,Springfield North,912d32aa-0b7f-4999-bf60-6670fe5985ea,SAMMS-SFNv5
202608260854401486,202608260654255834,202608260654255519,85,2760,Bronze INV,br_LiquidLog,TASK_COMPLETE,SUCCESS,INFO,186481,186481,0,,2026-08-26T06:54:31.515Z,2026-08-26T08:57:15.847Z,7364,2026-08-26T08:57:15.847Z,SHP,Shreveport,912d32aa-0b7f-4999-bf60-6670fe5985ea,SAMMS-Shreveport
202608260854401487,202608260654255835,202608260654255519,85,2762,Bronze INV,br_LiquidLog,TASK_COMPLETE,SUCCESS,INFO,61597,61597,0,,2026-08-26T06:54:31.515Z,2026-08-26T08:57:15.847Z,7364,2026-08-26T08:57:15.847Z,STN,Staunton,912d32aa-0b7f-4999-bf60-6670fe5985ea,SAMMS-Staunton
202608260854401488,202608260654255836,202608260654255519,85,2763,Bronze INV,br_LiquidLog,TASK_COMPLETE,SUCCESS,INFO,24789,24789,0,,2026-08-26T06:54:31.515Z,2026-08-26T08:57:15.847Z,7364,2026-08-26T08:57:15.847Z,STVN,Stevenson,912d32aa-0b7f-4999-bf60-6670fe5985ea,SAMMS-Stevenson
202608260854401490,202608260654255837,202608260654255519,85,2765,Bronze INV,br_LiquidLog,TASK_COMPLETE,SUCCESS,INFO,582,582,0,,2026-08-26T06:54:31.515Z,2026-08-26T08:57:15.847Z,7364,2026-08-26T08:57:15.847Z,TE,Tempe,912d32aa-0b7f-4999-bf60-6670fe5985ea,SAMMS-Tempe
202608260854402062,202608260654257632,202608260654255519,85,3417,Bronze INV,br_ReAssessmentLegal,TASK_COMPLETE,SUCCESS,INFO,180,180,0,,2026-08-26T06:54:31.515Z,2026-08-26T08:57:15.847Z,7364,2026-08-26T08:57:15.847Z,BOI,Boise,912d32aa-0b7f-4999-bf60-6670fe5985ea,SAMMS-Boise
202608260854402063,202608260654257633,202608260654255519,85,3424,Bronze INV,br_ReAssessmentLegal,TASK_COMPLETE,SUCCESS,INFO,51,51,0,,2026-08-26T06:54:31.515Z,2026-08-26T08:57:15.847Z,7364,2026-08-26T08:57:15.847Z,CBCO,Coeur dAlene,912d32aa-0b7f-4999-bf60-6670fe5985ea,SAMMS-CoeurdAleneV6
202608260854402065,202608260654257634,202608260654255519,85,3443,Bronze INV,br_ReAssessmentLegal,TASK_COMPLETE,SUCCESS,INFO,0,0,0,,2026-08-26T06:54:31.515Z,2026-08-26T08:57:15.847Z,7364,2026-08-26T08:57:15.847Z,CON,Conway,912d32aa-0b7f-4999-bf60-6670fe5985ea,SAMMS-Conway
202608260854402066,202608260654257635,202608260654255519,85,3444,Bronze INV,br_ReAssessmentLegal,TASK_COMPLETE,SUCCESS,INFO,2568,2568,0,,2026-08-26T06:54:31.515Z,2026-08-26T08:57:15.847Z,7364,2026-08-26T08:57:15.847Z,D07,Medical Services Knox TN,912d32aa-0b7f-4999-bf60-6670fe5985ea,SAMMS-KnoxvilleV6
202608260854402067,202608260654257636,202608260654255519,85,3445,Bronze INV,br_ReAssessmentLegal,TASK_COMPLETE,SUCCESS,INFO,111,111,0,,2026-08-26T06:54:31.515Z,2026-08-26T08:57:15.847Z,7364,2026-08-26T08:57:15.847Z,D08,Madison,912d32aa-0b7f-4999-bf60-6670fe5985ea,SAMMS-MadisonV6
202608260854402069,202608260654257637,202608260654255519,85,3447,Bronze INV,br_ReAssessmentLegal,TASK_COMPLETE,SUCCESS,INFO,117,117,0,,2026-08-26T06:54:31.515Z,2026-08-26T08:57:15.847Z,7364,2026-08-26T08:57:15.847Z,D09,Murfreesboro,912d32aa-0b7f-4999-bf60-6670fe5985ea,SAMMS-MurfreesboroV6
202608260854402070,202608260654257638,202608260654255519,85,3448,Bronze INV,br_ReAssessmentLegal,TASK_COMPLETE,SUCCESS,INFO,335,335,0,,2026-08-26T06:54:31.515Z,2026-08-26T08:57:15.847Z,7364,2026-08-26T08:57:15.847Z,DA,Davenport,912d32aa-0b7f-4999-bf60-6670fe5985ea,SAMMS-Davenport
202608260854402071,202608260654257639,202608260654255519,85,3449,Bronze INV,br_ReAssessmentLegal,TASK_COMPLETE,SUCCESS,INFO,287,287,0,,2026-08-26T06:54:31.515Z,2026-08-26T08:57:15.847Z,7364,2026-08-26T08:57:15.847Z,DM,Des Moines,912d32aa-0b7f-4999-bf60-6670fe5985ea,SAMMS-DesMoines
202608260854402072,202608260654257640,202608260654255519,85,3451,Bronze INV,br_ReAssessmentLegal,TASK_COMPLETE,SUCCESS,INFO,529,529,0,,2026-08-26T06:54:31.515Z,2026-08-26T08:57:15.847Z,7364,2026-08-26T08:57:15.847Z,DRD-CO,Columbia MO,912d32aa-0b7f-4999-bf60-6670fe5985ea,SAMMS-ColumbiaV5
202608260854402073,202608260654257641,202608260654255519,85,3452,Bronze INV,br_ReAssessmentLegal,TASK_COMPLETE,SUCCESS,INFO,346,346,0,,2026-08-26T06:54:31.515Z,2026-08-26T08:57:15.847Z,7364,2026-08-26T08:57:15.847Z,DRD-KC,KC,912d32aa-0b7f-4999-bf60-6670fe5985ea,SAMMS-KCv5
202608260854402074,202608260654257642,202608260654255519,85,3453,Bronze INV,br_ReAssessmentLegal,TASK_COMPLETE,SUCCESS,INFO,1551,1551,0,,2026-08-26T06:54:31.515Z,2026-08-26T08:57:15.847Z,7364,2026-08-26T08:57:15.847Z,DRD-KVB,KVB,912d32aa-0b7f-4999-bf60-6670fe5985ea,SAMMS-KVBv5
202608260854402076,202608260654257643,202608260654255519,85,3454,Bronze INV,br_ReAssessmentLegal,TASK_COMPLETE,SUCCESS,INFO,1672,1672,0,,2026-08-26T06:54:31.515Z,2026-08-26T08:57:15.847Z,7364,2026-08-26T08:57:15.847Z,DRD-KVC,KVC,912d32aa-0b7f-4999-bf60-6670fe5985ea,SAMMS-KVCv5
202608260854402077,202608260654257644,202608260654255519,85,3455,Bronze INV,br_ReAssessmentLegal,TASK_COMPLETE,SUCCESS,INFO,3202,3202,0,,2026-08-26T06:54:31.515Z,2026-08-26T08:57:15.847Z,7364,2026-08-26T08:57:15.847Z,DRD-NOLA,NOLA,912d32aa-0b7f-4999-bf60-6670fe5985ea,SAMMS-NOLAv5
202608260854402078,202608260654257645,202608260654255519,85,3456,Bronze INV,br_ReAssessmentLegal,TASK_COMPLETE,SUCCESS,INFO,798,798,0,,2026-08-26T06:54:31.515Z,2026-08-26T08:57:15.847Z,7364,2026-08-26T08:57:15.847Z,DRD-SF,Springfield,912d32aa-0b7f-4999-bf60-6670fe5985ea,SAMMS-SFv5
202608260854402079,202608260654257646,202608260654255519,85,3458,Bronze INV,br_ReAssessmentLegal,TASK_COMPLETE,SUCCESS,INFO,260,260,0,,2026-08-26T06:54:31.515Z,2026-08-26T08:57:15.847Z,7364,2026-08-26T08:57:15.847Z,ELC,Elizabeth City,912d32aa-0b7f-4999-bf60-6670fe5985ea,SAMMS-ElizabethCity
202608260854402080,202608260654257647,202608260654255519,85,3459,Bronze INV,br_ReAssessmentLegal,TASK_COMPLETE,SUCCESS,INFO,128,128,0,,2026-08-26T06:54:31.515Z,2026-08-26T08:57:15.847Z,7364,2026-08-26T08:57:15.847Z,ET,Elizabethtown,912d32aa-0b7f-4999-bf60-6670fe5985ea,SAMMS-Elizabethtown
202608260854402081,202608260654257648,202608260654255519,85,3460,Bronze INV,br_ReAssessmentLegal,TASK_COMPLETE,SUCCESS,INFO,0,0,0,,2026-08-26T06:54:31.515Z,2026-08-26T08:57:15.847Z,7364,2026-08-26T08:57:15.847Z,FAY,Fayetteville,912d32aa-0b7f-4999-bf60-6670fe5985ea,SAMMS-Fayetteville
202608260854402082,202608260654257649,202608260654255519,85,3461,Bronze INV,br_ReAssessmentLegal,TASK_COMPLETE,SUCCESS,INFO,156,156,0,,2026-08-26T06:54:31.515Z,2026-08-26T08:57:15.847Z,7364,2026-08-26T08:57:15.847Z,FR,Frankfort,912d32aa-0b7f-4999-bf60-6670fe5985ea,SAMMS-Frankfort
202608260854402084,202608260654257650,202608260654255519,85,3462,Bronze INV,br_ReAssessmentLegal,TASK_COMPLETE,SUCCESS,INFO,0,0,0,,2026-08-26T06:54:31.515Z,2026-08-26T08:57:15.847Z,7364,2026-08-26T08:57:15.847Z,FS,Fort Smith,912d32aa-0b7f-4999-bf60-6670fe5985ea,SAMMS-FortSmith
202608260854402085,202608260654257651,202608260654255519,85,3463,Bronze INV,br_ReAssessmentLegal,TASK_COMPLETE,SUCCESS,INFO,466,466,0,,2026-08-26T06:54:31.515Z,2026-08-26T08:57:15.847Z,7364,2026-08-26T08:57:15.847Z,FW,Fort Wayne,912d32aa-0b7f-4999-bf60-6670fe5985ea,SAMMS-FortWayne
202608260854402086,202608260654257652,202608260654255519,85,3464,Bronze INV,br_ReAssessmentLegal,TASK_COMPLETE,SUCCESS,INFO,273,273,0,,2026-08-26T06:54:31.515Z,2026-08-26T08:57:15.847Z,7364,2026-08-26T08:57:15.847Z,GAL,Gaylord,912d32aa-0b7f-4999-bf60-6670fe5985ea,SAMMS-Gaylord
202608260854402087,202608260654257653,202608260654255519,85,3468,Bronze INV,br_ReAssessmentLegal,TASK_COMPLETE,SUCCESS,INFO,100,100,0,,2026-08-26T06:54:31.515Z,2026-08-26T08:57:15.847Z,7364,2026-08-26T08:57:15.847Z,HGT,Hagerstown,912d32aa-0b7f-4999-bf60-6670fe5985ea,SAMMS-Hagerstown
202608260854402088,202608260654257654,202608260654255519,85,3469,Bronze INV,br_ReAssessmentLegal,TASK_COMPLETE,SUCCESS,INFO,1723,1723,0,,2026-08-26T06:54:31.515Z,2026-08-26T08:57:15.847Z,7364,2026-08-26T08:57:15.847Z,HNT,Huntsville,912d32aa-0b7f-4999-bf60-6670fe5985ea,SAMMS-Huntsville
202608260854402089,202608260654257655,202608260654255519,85,3470,Bronze INV,br_ReAssessmentLegal,TASK_COMPLETE,SUCCESS,INFO,0,0,0,,2026-08-26T06:54:31.515Z,2026-08-26T08:57:15.847Z,7364,2026-08-26T08:57:15.847Z,HS,Hot Springs,912d32aa-0b7f-4999-bf60-6670fe5985ea,SAMMS-HotSprings
202608260854402090,202608260654257656,202608260654255519,85,3471,Bronze INV,br_ReAssessmentLegal,TASK_COMPLETE,SUCCESS,INFO,0,0,0,,2026-08-26T06:54:31.515Z,2026-08-26T08:57:15.847Z,7364,2026-08-26T08:57:15.847Z,JON,Jonesboro,912d32aa-0b7f-4999-bf60-6670fe5985ea,SAMMS-Jonesboro
202608260854402092,202608260654257657,202608260654255519,85,3473,Bronze INV,br_ReAssessmentLegal,TASK_COMPLETE,SUCCESS,INFO,445,445,0,,2026-08-26T06:54:31.515Z,2026-08-26T08:57:15.847Z,7364,2026-08-26T08:57:15.847Z,LAN,Lansing,912d32aa-0b7f-4999-bf60-6670fe5985ea,SAMMS-Lansing
202608260854402093,202608260654257658,202608260654255519,85,3474,Bronze INV,br_ReAssessmentLegal,TASK_COMPLETE,SUCCESS,INFO,1286,1286,0,,2026-08-26T06:54:31.515Z,2026-08-26T08:57:15.847Z,7364,2026-08-26T08:57:15.847Z,LO,Louisville,912d32aa-0b7f-4999-bf60-6670fe5985ea,SAMMS-Louisville
202608260854402094,202608260654257659,202608260654255519,85,3475,Bronze INV,br_ReAssessmentLegal,TASK_COMPLETE,SUCCESS,INFO,291,291,0,,2026-08-26T06:54:31.515Z,2026-08-26T08:57:15.847Z,7364,2026-08-26T08:57:15.847Z,LV1,Cheyenne,912d32aa-0b7f-4999-bf60-6670fe5985ea,SAMMS-Cheyenne
202608260854402095,202608260654257660,202608260654255519,85,3476,Bronze INV,br_ReAssessmentLegal,TASK_COMPLETE,SUCCESS,INFO,204,204,0,,2026-08-26T06:54:31.515Z,2026-08-26T08:57:15.847Z,7364,2026-08-26T08:57:15.847Z,LV2,Desert Inn,912d32aa-0b7f-4999-bf60-6670fe5985ea,SAMMS-DesertInn
202608260854402097,202608260654257661,202608260654255519,85,3477,Bronze INV,br_ReAssessmentLegal,TASK_COMPLETE,SUCCESS,INFO,109,109,0,,2026-08-26T06:54:31.515Z,2026-08-26T08:57:15.847Z,7364,2026-08-26T08:57:15.847Z,LV3,McDaniel,912d32aa-0b7f-4999-bf60-6670fe5985ea,SAMMS-McDaniel
202608260854402098,202608260654257662,202608260654255519,85,3480,Bronze INV,br_ReAssessmentLegal,TASK_COMPLETE,SUCCESS,INFO,358,358,0,,2026-08-26T06:54:31.515Z,2026-08-26T08:57:15.847Z,7364,2026-08-26T08:57:15.847Z,MNRE,Monroe,912d32aa-0b7f-4999-bf60-6670fe5985ea,SAMMS-Monroe
202608260854402099,202608260654257663,202608260654255519,85,3481,Bronze INV,br_ReAssessmentLegal,TASK_COMPLETE,SUCCESS,INFO,1420,1420,0,,2026-08-26T06:54:31.515Z,2026-08-26T08:57:15.847Z,7364,2026-08-26T08:57:15.847Z,MP,Mt. Pleasant,912d32aa-0b7f-4999-bf60-6670fe5985ea,SAMMS-MtPleasant
202608260854402100,202608260654257664,202608260654255519,85,3482,Bronze INV,br_ReAssessmentLegal,TASK_COMPLETE,SUCCESS,INFO,153,153,0,,2026-08-26T06:54:31.515Z,2026-08-26T08:57:15.847Z,7364,2026-08-26T08:57:15.847Z,MRD,Meridian,912d32aa-0b7f-4999-bf60-6670fe5985ea,SAMMS-Meridian
202608260854402101,202608260654257665,202608260654255519,85,3487,Bronze INV,br_ReAssessmentLegal,TASK_COMPLETE,SUCCESS,INFO,693,693,0,,2026-08-26T06:54:31.515Z,2026-08-26T08:57:15.847Z,7364,2026-08-26T08:57:15.847Z,NC,North Charleston,912d32aa-0b7f-4999-bf60-6670fe5985ea,SAMMS-NorthCharleston
202608260854402102,202608260654257666,202608260654255519,85,3488,Bronze INV,br_ReAssessmentLegal,TASK_COMPLETE,SUCCESS,INFO,0,0,0,,2026-08-26T06:54:31.515Z,2026-08-26T08:57:15.847Z,7364,2026-08-26T08:57:15.847Z,NLR,N. Little Rock,912d32aa-0b7f-4999-bf60-6670fe5985ea,SAMMS-NLROBOT
202608260854402104,202608260654257667,202608260654255519,85,3489,Bronze INV,br_ReAssessmentLegal,TASK_COMPLETE,SUCCESS,INFO,111,111,0,,2026-08-26T06:54:31.515Z,2026-08-26T08:57:15.847Z,7364,2026-08-26T08:57:15.847Z,PH,Phoenix,912d32aa-0b7f-4999-bf60-6670fe5985ea,SAMMS-Phoenix
202608260854402105,202608260654257668,202608260654255519,85,3493,Bronze INV,br_ReAssessmentLegal,TASK_COMPLETE,SUCCESS,INFO,212,212,0,,2026-08-26T06:54:31.515Z,2026-08-26T08:57:15.847Z,7364,2026-08-26T08:57:15.847Z,RE,Reno,912d32aa-0b7f-4999-bf60-6670fe5985ea,SAMMS-Reno
202608260854402106,202608260654257669,202608260654255519,85,3494,Bronze INV,br_ReAssessmentLegal,TASK_COMPLETE,SUCCESS,INFO,88,88,0,,2026-08-26T06:54:31.515Z,2026-08-26T08:57:15.847Z,7364,2026-08-26T08:57:15.847Z,RMD,Richmond,912d32aa-0b7f-4999-bf60-6670fe5985ea,SAMMS-Richmond
202608260854401299,202608260654256029,202608260654255519,85,2345,Bronze INV,br_LabResult,TASK_COMPLETE,SUCCESS,INFO,2652,2652,0,,2026-08-26T06:54:31.515Z,2026-08-26T08:57:15.847Z,7364,2026-08-26T08:57:15.847Z,DM,Des Moines,912d32aa-0b7f-4999-bf60-6670fe5985ea,SAMMS-DesMoines
202608260854401300,202608260654256030,202608260654255519,85,2347,Bronze INV,br_LabResult,TASK_COMPLETE,SUCCESS,INFO,3024,3024,0,,2026-08-26T06:54:31.515Z,2026-08-26T08:57:15.847Z,7364,2026-08-26T08:57:15.847Z,DRD-CO,Columbia MO,912d32aa-0b7f-4999-bf60-6670fe5985ea,SAMMS-ColumbiaV5
202608260854401301,202608260654256031,202608260654255519,85,2348,Bronze INV,br_LabResult,TASK_COMPLETE,SUCCESS,INFO,3295,3295,0,,2026-08-26T06:54:31.515Z,2026-08-26T08:57:15.847Z,7364,2026-08-26T08:57:15.847Z,DRD-KC,KC,912d32aa-0b7f-4999-bf60-6670fe5985ea,SAMMS-KCv5
202608260854401302,202608260654256032,202608260654255519,85,2349,Bronze INV,br_LabResult,TASK_COMPLETE,SUCCESS,INFO,19401,19401,0,,2026-08-26T06:54:31.515Z,2026-08-26T08:57:15.847Z,7364,2026-08-26T08:57:15.847Z,DRD-KVB,KVB,912d32aa-0b7f-4999-bf60-6670fe5985ea,SAMMS-KVBv5
202608260854401303,202608260654256033,202608260654255519,85,2350,Bronze INV,br_LabResult,TASK_COMPLETE,SUCCESS,INFO,23689,23689,0,,2026-08-26T06:54:31.515Z,2026-08-26T08:57:15.847Z,7364,2026-08-26T08:57:15.847Z,DRD-KVC,KVC,912d32aa-0b7f-4999-bf60-6670fe5985ea,SAMMS-KVCv5
202608260854401305,202608260654256034,202608260654255519,85,2351,Bronze INV,br_LabResult,TASK_COMPLETE,SUCCESS,INFO,6445,6445,0,,2026-08-26T06:54:31.515Z,2026-08-26T08:57:15.847Z,7364,2026-08-26T08:57:15.847Z,DRD-NOLA,NOLA,912d32aa-0b7f-4999-bf60-6670fe5985ea,SAMMS-NOLAv5
202608260854401306,202608260654256035,202608260654255519,85,2352,Bronze INV,br_LabResult,TASK_COMPLETE,SUCCESS,INFO,5688,5688,0,,2026-08-26T06:54:31.515Z,2026-08-26T08:57:15.847Z,7364,2026-08-26T08:57:15.847Z,DRD-SF,Springfield,912d32aa-0b7f-4999-bf60-6670fe5985ea,SAMMS-SFv5
202608260854401307,202608260654256036,202608260654255519,85,2354,Bronze INV,br_LabResult,TASK_COMPLETE,SUCCESS,INFO,9545,9545,0,,2026-08-26T06:54:31.515Z,2026-08-26T08:57:15.847Z,7364,2026-08-26T08:57:15.847Z,ELC,Elizabeth City,912d32aa-0b7f-4999-bf60-6670fe5985ea,SAMMS-ElizabethCity
202608260854401308,202608260654256037,202608260654255519,85,2355,Bronze INV,br_LabResult,TASK_COMPLETE,SUCCESS,INFO,2231,2231,0,,2026-08-26T06:54:31.515Z,2026-08-26T08:57:15.847Z,7364,2026-08-26T08:57:15.847Z,ET,Elizabethtown,912d32aa-0b7f-4999-bf60-6670fe5985ea,SAMMS-Elizabethtown
202608260854401309,202608260654256038,202608260654255519,85,2356,Bronze INV,br_LabResult,TASK_COMPLETE,SUCCESS,INFO,1,1,0,,2026-08-26T06:54:31.515Z,2026-08-26T08:57:15.847Z,7364,2026-08-26T08:57:15.847Z,FAY,Fayetteville,912d32aa-0b7f-4999-bf60-6670fe5985ea,SAMMS-Fayetteville
202608260854401310,202608260654256039,202608260654255519,85,2357,Bronze INV,br_LabResult,TASK_COMPLETE,SUCCESS,INFO,5345,5345,0,,2026-08-26T06:54:31.515Z,2026-08-26T08:57:15.847Z,7364,2026-08-26T08:57:15.847Z,FR,Frankfort,912d32aa-0b7f-4999-bf60-6670fe5985ea,SAMMS-Frankfort
202608260854401311,202608260654256040,202608260654255519,85,2358,Bronze INV,br_LabResult,TASK_COMPLETE,SUCCESS,INFO,2,2,0,,2026-08-26T06:54:31.515Z,2026-08-26T08:57:15.847Z,7364,2026-08-26T08:57:15.847Z,FS,Fort Smith,912d32aa-0b7f-4999-bf60-6670fe5985ea,SAMMS-FortSmith
202608260854401313,202608260654256041,202608260654255519,85,2359,Bronze INV,br_LabResult,TASK_COMPLETE,SUCCESS,INFO,9159,9159,0,,2026-08-26T06:54:31.515Z,2026-08-26T08:57:15.847Z,7364,2026-08-26T08:57:15.847Z,FW,Fort Wayne,912d32aa-0b7f-4999-bf60-6670fe5985ea,SAMMS-FortWayne
202608260854401314,202608260654256042,202608260654255519,85,2360,Bronze INV,br_LabResult,TASK_COMPLETE,SUCCESS,INFO,2,2,0,,2026-08-26T06:54:31.515Z,2026-08-26T08:57:15.847Z,7364,2026-08-26T08:57:15.847Z,GAL,Gaylord,912d32aa-0b7f-4999-bf60-6670fe5985ea,SAMMS-Gaylord
202608260854401315,202608260654256043,202608260654255519,85,2364,Bronze INV,br_LabResult,TASK_COMPLETE,SUCCESS,INFO,4657,4657,0,,2026-08-26T06:54:31.515Z,2026-08-26T08:57:15.847Z,7364,2026-08-26T08:57:15.847Z,HGT,Hagerstown,912d32aa-0b7f-4999-bf60-6670fe5985ea,SAMMS-Hagerstown
202608260854401316,202608260654256044,202608260654255519,85,2365,Bronze INV,br_LabResult,TASK_COMPLETE,SUCCESS,INFO,645,645,0,,2026-08-26T06:54:31.515Z,2026-08-26T08:57:15.847Z,7364,2026-08-26T08:57:15.847Z,HNT,Huntsville,912d32aa-0b7f-4999-bf60-6670fe5985ea,SAMMS-Huntsville
202608260854401317,202608260654256045,202608260654255519,85,2366,Bronze INV,br_LabResult,TASK_COMPLETE,SUCCESS,INFO,1,1,0,,2026-08-26T06:54:31.515Z,2026-08-26T08:57:15.847Z,7364,2026-08-26T08:57:15.847Z,HS,Hot Springs,912d32aa-0b7f-4999-bf60-6670fe5985ea,SAMMS-HotSprings
202608260854401319,202608260654256046,202608260654255519,85,2367,Bronze INV,br_LabResult,TASK_COMPLETE,SUCCESS,INFO,2,2,0,,2026-08-26T06:54:31.515Z,2026-08-26T08:57:15.847Z,7364,2026-08-26T08:57:15.847Z,JON,Jonesboro,912d32aa-0b7f-4999-bf60-6670fe5985ea,SAMMS-Jonesboro
202608260854401320,202608260654256047,202608260654255519,85,2369,Bronze INV,br_LabResult,TASK_COMPLETE,SUCCESS,INFO,3,3,0,,2026-08-26T06:54:31.515Z,2026-08-26T08:57:15.847Z,7364,2026-08-26T08:57:15.847Z,LAN,Lansing,912d32aa-0b7f-4999-bf60-6670fe5985ea,SAMMS-Lansing
202608260854401321,202608260654256048,202608260654255519,85,2370,Bronze INV,br_LabResult,TASK_COMPLETE,SUCCESS,INFO,27824,27824,0,,2026-08-26T06:54:31.515Z,2026-08-26T08:57:15.847Z,7364,2026-08-26T08:57:15.847Z,LO,Louisville,912d32aa-0b7f-4999-bf60-6670fe5985ea,SAMMS-Louisville
202608260854401322,202608260654256049,202608260654255519,85,2371,Bronze INV,br_LabResult,TASK_COMPLETE,SUCCESS,INFO,6519,6519,0,,2026-08-26T06:54:31.515Z,2026-08-26T08:57:15.847Z,7364,2026-08-26T08:57:15.847Z,LV1,Cheyenne,912d32aa-0b7f-4999-bf60-6670fe5985ea,SAMMS-Cheyenne
202608260854401323,202608260654256050,202608260654255519,85,2372,Bronze INV,br_LabResult,TASK_COMPLETE,SUCCESS,INFO,9268,9268,0,,2026-08-26T06:54:31.515Z,2026-08-26T08:57:15.847Z,7364,2026-08-26T08:57:15.847Z,LV2,Desert Inn,912d32aa-0b7f-4999-bf60-6670fe5985ea,SAMMS-DesertInn
202608260854401324,202608260654256051,202608260654255519,85,2373,Bronze INV,br_LabResult,TASK_COMPLETE,SUCCESS,INFO,1876,1876,0,,2026-08-26T06:54:31.515Z,2026-08-26T08:57:15.847Z,7364,2026-08-26T08:57:15.847Z,LV3,McDaniel,912d32aa-0b7f-4999-bf60-6670fe5985ea,SAMMS-McDaniel
202608260854401325,202608260654256052,202608260654255519,85,2376,Bronze INV,br_LabResult,TASK_COMPLETE,SUCCESS,INFO,2,2,0,,2026-08-26T06:54:31.515Z,2026-08-26T08:57:15.847Z,7364,2026-08-26T08:57:15.847Z,MNRE,Monroe,912d32aa-0b7f-4999-bf60-6670fe5985ea,SAMMS-Monroe
202608260854401326,202608260654256053,202608260654255519,85,2377,Bronze INV,br_LabResult,TASK_COMPLETE,SUCCESS,INFO,1,1,0,,2026-08-26T06:54:31.515Z,2026-08-26T08:57:15.847Z,7364,2026-08-26T08:57:15.847Z,MP,Mt. Pleasant,912d32aa-0b7f-4999-bf60-6670fe5985ea,SAMMS-MtPleasant
202608260854401327,202608260654256054,202608260654255519,85,2378,Bronze INV,br_LabResult,TASK_COMPLETE,SUCCESS,INFO,255,255,0,,2026-08-26T06:54:31.515Z,2026-08-26T08:57:15.847Z,7364,2026-08-26T08:57:15.847Z,MRD,Meridian,912d32aa-0b7f-4999-bf60-6670fe5985ea,SAMMS-Meridian
202608260854401328,202608260654256055,202608260654255519,85,2383,Bronze INV,br_LabResult,TASK_COMPLETE,SUCCESS,INFO,7508,7508,0,,2026-08-26T06:54:31.515Z,2026-08-26T08:57:15.847Z,7364,2026-08-26T08:57:15.847Z,NC,North Charleston,912d32aa-0b7f-4999-bf60-6670fe5985ea,SAMMS-NorthCharleston
202608260854401330,202608260654256056,202608260654255519,85,2384,Bronze INV,br_LabResult,TASK_COMPLETE,SUCCESS,INFO,2,2,0,,2026-08-26T06:54:31.515Z,2026-08-26T08:57:15.847Z,7364,2026-08-26T08:57:15.847Z,NLR,N. Little Rock,912d32aa-0b7f-4999-bf60-6670fe5985ea,SAMMS-NLROBOT
202608260854401331,202608260654256057,202608260654255519,85,2385,Bronze INV,br_LabResult,TASK_COMPLETE,SUCCESS,INFO,1914,1914,0,,2026-08-26T06:54:31.515Z,2026-08-26T08:57:15.847Z,7364,2026-08-26T08:57:15.847Z,PH,Phoenix,912d32aa-0b7f-4999-bf60-6670fe5985ea,SAMMS-Phoenix
202608260854401332,202608260654256058,202608260654255519,85,2389,Bronze INV,br_LabResult,TASK_COMPLETE,SUCCESS,INFO,18872,18872,0,,2026-08-26T06:54:31.515Z,2026-08-26T08:57:15.847Z,7364,2026-08-26T08:57:15.847Z,RE,Reno,912d32aa-0b7f-4999-bf60-6670fe5985ea,SAMMS-Reno
202608260854401333,202608260654256059,202608260654255519,85,2390,Bronze INV,br_LabResult,TASK_COMPLETE,SUCCESS,INFO,2005,2005,0,,2026-08-26T06:54:31.515Z,2026-08-26T08:57:15.847Z,7364,2026-08-26T08:57:15.847Z,RMD,Richmond,912d32aa-0b7f-4999-bf60-6670fe5985ea,SAMMS-Richmond
202608260854401334,202608260654256060,202608260654255519,85,2391,Bronze INV,br_LabResult,TASK_COMPLETE,SUCCESS,INFO,3670,3670,0,,2026-08-26T06:54:31.515Z,2026-08-26T08:57:15.847Z,7364,2026-08-26T08:57:15.847Z,SFN,Springfield North,912d32aa-0b7f-4999-bf60-6670fe5985ea,SAMMS-SFNv5
202608260854401335,202608260654256061,202608260654255519,85,2392,Bronze INV,br_LabResult,TASK_COMPLETE,SUCCESS,INFO,156,156,0,,2026-08-26T06:54:31.515Z,2026-08-26T08:57:15.847Z,7364,2026-08-26T08:57:15.847Z,SHP,Shreveport,912d32aa-0b7f-4999-bf60-6670fe5985ea,SAMMS-Shreveport
202608260854401336,202608260654256062,202608260654255519,85,2394,Bronze INV,br_LabResult,TASK_COMPLETE,SUCCESS,INFO,4,4,0,,2026-08-26T06:54:31.515Z,2026-08-26T08:57:15.847Z,7364,2026-08-26T08:57:15.847Z,STN,Staunton,912d32aa-0b7f-4999-bf60-6670fe5985ea,SAMMS-Staunton
202608260854401337,202608260654256063,202608260654255519,85,2395,Bronze INV,br_LabResult,TASK_COMPLETE,SUCCESS,INFO,244,244,0,,2026-08-26T06:54:31.515Z,2026-08-26T08:57:15.847Z,7364,2026-08-26T08:57:15.847Z,STVN,Stevenson,912d32aa-0b7f-4999-bf60-6670fe5985ea,SAMMS-Stevenson
202608260854401338,202608260654256064,202608260654255519,85,2397,Bronze INV,br_LabResult,TASK_COMPLETE,SUCCESS,INFO,5278,5278,0,,2026-08-26T06:54:31.515Z,2026-08-26T08:57:15.847Z,7364,2026-08-26T08:57:15.847Z,TE,Tempe,912d32aa-0b7f-4999-bf60-6670fe5985ea,SAMMS-Tempe
202608260854401339,202608260654256065,202608260654255519,85,2398,Bronze INV,br_LabResult,TASK_COMPLETE,SUCCESS,INFO,2,2,0,,2026-08-26T06:54:31.515Z,2026-08-26T08:57:15.847Z,7364,2026-08-26T08:57:15.847Z,TEX,Texarkana,912d32aa-0b7f-4999-bf60-6670fe5985ea,SAMMS-Texarkana
202608260854401340,202608260654256066,202608260654255519,85,2399,Bronze INV,br_LabResult,TASK_COMPLETE,SUCCESS,INFO,1666,1666,0,,2026-08-26T06:54:31.515Z,2026-08-26T08:57:15.847Z,7364,2026-08-26T08:57:15.847Z,TTCA,Bessemer,912d32aa-0b7f-4999-bf60-6670fe5985ea,SAMMS-BessemerV5
202608221320321380,202608221237332390,202608221237331665,88,5389,P1 Reference Custom Questions Bronze - B48,br_samms_custom_questions,TASK_COMPLETE,SUCCESS,INFO,48,48,0,,2026-08-22T12:37:36.805Z,2026-08-22T13:23:02.807Z,2726,2026-08-22T13:23:02.807Z,B48,Tuscaloosa,63818914-9c2b-4ff6-ac1c-35595835ab93,SAMMS-TuscaloosaV5
202608221320321381,202608221237332391,202608221237331665,88,5390,P1 Reference Custom Questions Bronze - B51,br_samms_custom_questions,TASK_COMPLETE,SUCCESS,INFO,0,0,0,,2026-08-22T12:37:36.805Z,2026-08-22T13:23:02.807Z,2726,2026-08-22T13:23:02.807Z,B51,NorthLittleRock,63818914-9c2b-4ff6-ac1c-35595835ab93,SAMMS-NorthLittleRockV6
202608221320321383,202608221237332392,202608221237331665,88,5391,P1 Reference Custom Questions Bronze - B52,br_samms_custom_questions,TASK_COMPLETE,SUCCESS,INFO,48,48,0,,2026-08-22T12:37:36.805Z,2026-08-22T13:23:02.807Z,2726,2026-08-22T13:23:02.807Z,B52,JacksonGA,63818914-9c2b-4ff6-ac1c-35595835ab93,SAMMS-JacksonGAV5
202608221320321384,202608221237332393,202608221237331665,88,5392,P1 Reference Custom Questions Bronze - B54,br_samms_custom_questions,TASK_COMPLETE,SUCCESS,INFO,48,48,0,,2026-08-22T12:37:36.805Z,2026-08-22T13:23:02.807Z,2726,2026-08-22T13:23:02.807Z,B54,Gadsden,63818914-9c2b-4ff6-ac1c-35595835ab93,SAMMS-GadsdenV5
202608221320321386,202608221237332394,202608221237331665,88,5393,P1 Reference Custom Questions Bronze - B55,br_samms_custom_questions,TASK_COMPLETE,SUCCESS,INFO,48,48,0,,2026-08-22T12:37:36.805Z,2026-08-22T13:23:02.807Z,2726,2026-08-22T13:23:02.807Z,B55,Shoals,63818914-9c2b-4ff6-ac1c-35595835ab93,SAMMS-ShoalsV5
202608221320321387,202608221237332395,202608221237331665,88,5394,P1 Reference Custom Questions Bronze - B57,br_samms_custom_questions,TASK_COMPLETE,SUCCESS,INFO,0,0,0,,2026-08-22T12:37:36.805Z,2026-08-22T13:23:02.807Z,2726,2026-08-22T13:23:02.807Z,B57,Pawtucket,63818914-9c2b-4ff6-ac1c-35595835ab93,SAMMS-Pawtucket
202608221320321389,202608221237332396,202608221237331665,88,5395,P1 Reference Custom Questions Bronze - B57A,br_samms_custom_questions,TASK_COMPLETE,SUCCESS,INFO,0,0,0,,2026-08-22T12:37:36.805Z,2026-08-22T13:23:02.807Z,2726,2026-08-22T13:23:02.807Z,B57A,Johnston,63818914-9c2b-4ff6-ac1c-35595835ab93,SAMMS-Johnston
202608221320321390,202608221237332397,202608221237331665,88,5396,P1 Reference Custom Questions Bronze - B57B,br_samms_custom_questions,TASK_COMPLETE,SUCCESS,INFO,0,0,0,,2026-08-22T12:37:36.805Z,2026-08-22T13:23:02.807Z,2726,2026-08-22T13:23:02.807Z,B57B,Middletown,63818914-9c2b-4ff6-ac1c-35595835ab93,SAMMS-Middletown
202608221320321392,202608221237332398,202608221237331665,88,5397,P1 Reference Custom Questions Bronze - B57C,br_samms_custom_questions,TASK_COMPLETE,SUCCESS,INFO,0,0,0,,2026-08-22T12:37:36.805Z,2026-08-22T13:23:02.807Z,2726,2026-08-22T13:23:02.807Z,B57C,Providence,63818914-9c2b-4ff6-ac1c-35595835ab93,SAMMS-Providence
202608221320321393,202608221237332399,202608221237331665,88,5398,P1 Reference Custom Questions Bronze - B57D,br_samms_custom_questions,TASK_COMPLETE,SUCCESS,INFO,0,0,0,,2026-08-22T12:37:36.805Z,2026-08-22T13:23:02.807Z,2726,2026-08-22T13:23:02.807Z,B57D,Westerly,63818914-9c2b-4ff6-ac1c-35595835ab93,SAMMS-Westerly
202608221320321395,202608221237332400,202608221237331665,88,5399,P1 Reference Custom Questions Bronze - B66A,br_samms_custom_questions,TASK_COMPLETE,SUCCESS,INFO,0,0,0,,2026-08-22T12:37:36.805Z,2026-08-22T13:23:02.807Z,2726,2026-08-22T13:23:02.807Z,B66A,Bremen,63818914-9c2b-4ff6-ac1c-35595835ab93,SAMMS-Bremen
202608221320321397,202608221237332401,202608221237331665,88,5400,P1 Reference Custom Questions Bronze - B72,br_samms_custom_questions,TASK_COMPLETE,SUCCESS,INFO,0,0,0,,2026-08-22T12:37:36.805Z,2026-08-22T13:23:02.807Z,2726,2026-08-22T13:23:02.807Z,B72,Mobile-OBOT,63818914-9c2b-4ff6-ac1c-35595835ab93,SAMMS-Mobile-OBOT
202608221320321398,202608221237332402,202608221237331665,88,5401,P1 Reference Custom Questions Bronze - B73,br_samms_custom_questions,TASK_COMPLETE,SUCCESS,INFO,0,0,0,,2026-08-22T12:37:36.805Z,2026-08-22T13:23:02.807Z,2726,2026-08-22T13:23:02.807Z,B73,Montgomery,63818914-9c2b-4ff6-ac1c-35595835ab93,SAMMS-Montgomery
202608221320321400,202608221237332403,202608221237331665,88,5402,P1 Reference Custom Questions Bronze - B75,br_samms_custom_questions,TASK_COMPLETE,SUCCESS,INFO,0,0,0,,2026-08-22T12:37:36.805Z,2026-08-22T13:23:02.807Z,2726,2026-08-22T13:23:02.807Z,B75,Lawrence,63818914-9c2b-4ff6-ac1c-35595835ab93,SAMMS-LawrenceV6
202608221320321402,202608221237332404,202608221237331665,88,5403,P1 Reference Custom Questions Bronze - B76,br_samms_custom_questions,TASK_COMPLETE,SUCCESS,INFO,0,0,0,,2026-08-22T12:37:36.805Z,2026-08-22T13:23:02.807Z,2726,2026-08-22T13:23:02.807Z,B76,Huntsville-OBOT,63818914-9c2b-4ff6-ac1c-35595835ab93,SAMMS-Huntsville-OBOT
202608221320321403,202608221237332405,202608221237331665,88,5404,P1 Reference Custom Questions Bronze - BAT,br_samms_custom_questions,TASK_COMPLETE,SUCCESS,INFO,0,0,0,,2026-08-22T12:37:36.805Z,2026-08-22T13:23:02.807Z,2726,2026-08-22T13:23:02.807Z,BAT,Batesville,63818914-9c2b-4ff6-ac1c-35595835ab93,SAMMS-Batesville
202608221320321405,202608221237332406,202608221237331665,88,5405,P1 Reference Custom Questions Bronze - BG,br_samms_custom_questions,TASK_COMPLETE,SUCCESS,INFO,0,0,0,,2026-08-22T12:37:36.805Z,2026-08-22T13:23:02.807Z,2726,2026-08-22T13:23:02.807Z,BG,BowlingGreen,63818914-9c2b-4ff6-ac1c-35595835ab93,SAMMS-BowlingGreen
202608221320321406,202608221237332407,202608221237331665,88,5406,P1 Reference Custom Questions Bronze - BOI,br_samms_custom_questions,TASK_COMPLETE,SUCCESS,INFO,0,0,0,,2026-08-22T12:37:36.805Z,2026-08-22T13:23:02.807Z,2726,2026-08-22T13:23:02.807Z,BOI,Boise,63818914-9c2b-4ff6-ac1c-35595835ab93,SAMMS-Boise
202608221320321408,202608221237332408,202608221237331665,88,5407,P1 Reference Custom Questions Bronze - CBCO,br_samms_custom_questions,TASK_COMPLETE,SUCCESS,INFO,0,0,0,,2026-08-22T12:37:36.805Z,2026-08-22T13:23:02.807Z,2726,2026-08-22T13:23:02.807Z,CBCO,CoeurdAlene,63818914-9c2b-4ff6-ac1c-35595835ab93,SAMMS-CoeurdAleneV6
202608221320321410,202608221237332409,202608221237331665,88,5408,P1 Reference Custom Questions Bronze - CON,br_samms_custom_questions,TASK_COMPLETE,SUCCESS,INFO,0,0,0,,2026-08-22T12:37:36.805Z,2026-08-22T13:23:02.807Z,2726,2026-08-22T13:23:02.807Z,CON,Conway,63818914-9c2b-4ff6-ac1c-35595835ab93,SAMMS-Conway
202608221320321411,202608221237332410,202608221237331665,88,5409,P1 Reference Custom Questions Bronze - D07,br_samms_custom_questions,TASK_COMPLETE,SUCCESS,INFO,0,0,0,,2026-08-22T12:37:36.805Z,2026-08-22T13:23:02.807Z,2726,2026-08-22T13:23:02.807Z,D07,Knoxville,63818914-9c2b-4ff6-ac1c-35595835ab93,SAMMS-KnoxvilleV6
202608221320321413,202608221237332411,202608221237331665,88,5410,P1 Reference Custom Questions Bronze - D08,br_samms_custom_questions,TASK_COMPLETE,SUCCESS,INFO,0,0,0,,2026-08-22T12:37:36.805Z,2026-08-22T13:23:02.807Z,2726,2026-08-22T13:23:02.807Z,D08,Madison,63818914-9c2b-4ff6-ac1c-35595835ab93,SAMMS-MadisonV6
202608221320321415,202608221237332412,202608221237331665,88,5411,P1 Reference Custom Questions Bronze - D09,br_samms_custom_questions,TASK_COMPLETE,SUCCESS,INFO,0,0,0,,2026-08-22T12:37:36.805Z,2026-08-22T13:23:02.807Z,2726,2026-08-22T13:23:02.807Z,D09,Murfreesboro,63818914-9c2b-4ff6-ac1c-35595835ab93,SAMMS-MurfreesboroV6
202608221320321417,202608221237332413,202608221237331665,88,5412,P1 Reference Custom Questions Bronze - DA,br_samms_custom_questions,TASK_COMPLETE,SUCCESS,INFO,0,0,0,,2026-08-22T12:37:36.805Z,2026-08-22T13:23:02.807Z,2726,2026-08-22T13:23:02.807Z,DA,Davenport,63818914-9c2b-4ff6-ac1c-35595835ab93,SAMMS-Davenport
202608221320321418,202608221237332414,202608221237331665,88,5413,P1 Reference Custom Questions Bronze - DM,br_samms_custom_questions,TASK_COMPLETE,SUCCESS,INFO,0,0,0,,2026-08-22T12:37:36.805Z,2026-08-22T13:23:02.807Z,2726,2026-08-22T13:23:02.807Z,DM,DesMoines,63818914-9c2b-4ff6-ac1c-35595835ab93,SAMMS-DesMoines
202608221320321420,202608221237332415,202608221237331665,88,5414,P1 Reference Custom Questions Bronze - DRD-CO,br_samms_custom_questions,TASK_COMPLETE,SUCCESS,INFO,48,48,0,,2026-08-22T12:37:36.805Z,2026-08-22T13:23:02.807Z,2726,2026-08-22T13:23:02.807Z,DRD-CO,Columbia,63818914-9c2b-4ff6-ac1c-35595835ab93,SAMMS-ColumbiaV5
202608221320321422,202608221237332416,202608221237331665,88,5415,P1 Reference Custom Questions Bronze - DRD-KC,br_samms_custom_questions,TASK_COMPLETE,SUCCESS,INFO,48,48,0,,2026-08-22T12:37:36.805Z,2026-08-22T13:23:02.807Z,2726,2026-08-22T13:23:02.807Z,DRD-KC,KC,63818914-9c2b-4ff6-ac1c-35595835ab93,SAMMS-KCv5
202608221320321423,202608221237332417,202608221237331665,88,5416,P1 Reference Custom Questions Bronze - DRD-KVB,br_samms_custom_questions,TASK_COMPLETE,SUCCESS,INFO,15,15,0,,2026-08-22T12:37:36.805Z,2026-08-22T13:23:02.807Z,2726,2026-08-22T13:23:02.807Z,DRD-KVB,KVB,63818914-9c2b-4ff6-ac1c-35595835ab93,SAMMS-KVBv5
202608221320321425,202608221237332418,202608221237331665,88,5417,P1 Reference Custom Questions Bronze - DRD-KVC,br_samms_custom_questions,TASK_COMPLETE,SUCCESS,INFO,48,48,0,,2026-08-22T12:37:36.805Z,2026-08-22T13:23:02.807Z,2726,2026-08-22T13:23:02.807Z,DRD-KVC,KVC,63818914-9c2b-4ff6-ac1c-35595835ab93,SAMMS-KVCv5
202608221320321427,202608221237332419,202608221237331665,88,5418,P1 Reference Custom Questions Bronze - DRD-NOLA,br_samms_custom_questions,TASK_COMPLETE,SUCCESS,INFO,48,48,0,,2026-08-22T12:37:36.805Z,2026-08-22T13:23:02.807Z,2726,2026-08-22T13:23:02.807Z,DRD-NOLA,NOLA,63818914-9c2b-4ff6-ac1c-35595835ab93,SAMMS-NOLAv5
202608221320321429,202608221237332420,202608221237331665,88,5419,P1 Reference Custom Questions Bronze - DRD-SF,br_samms_custom_questions,TASK_COMPLETE,SUCCESS,INFO,48,48,0,,2026-08-22T12:37:36.805Z,2026-08-22T13:23:02.807Z,2726,2026-08-22T13:23:02.807Z,DRD-SF,SF,63818914-9c2b-4ff6-ac1c-35595835ab93,SAMMS-SFv5
202608221320321431,202608221237332421,202608221237331665,88,5420,P1 Reference Custom Questions Bronze - ELC,br_samms_custom_questions,TASK_COMPLETE,SUCCESS,INFO,0,0,0,,2026-08-22T12:37:36.805Z,2026-08-22T13:23:02.807Z,2726,2026-08-22T13:23:02.807Z,ELC,ElizabethCity,63818914-9c2b-4ff6-ac1c-35595835ab93,SAMMS-ElizabethCity
202608201425196087,202608201258108825,202608201258108173,46,9364,P1 Finance Financial Hardship Application Bronze - LV2,br_samms_financial_hardship_application,TASK_COMPLETE,SUCCESS,INFO,27,27,0,,2026-08-20T12:58:15.698Z,2026-08-20T14:28:34.201Z,5419,2026-08-20T14:28:34.201Z,LV2,DesertInn,5f0dd8ad-486e-4238-8933-2b89499a6e18,SAMMS-DesertInn
202608201425196089,202608201258108826,202608201258108173,46,9365,P1 Finance Financial Hardship Application Bronze - LV3,br_samms_financial_hardship_application,TASK_COMPLETE,SUCCESS,INFO,277,277,0,,2026-08-20T12:58:15.698Z,2026-08-20T14:28:34.201Z,5419,2026-08-20T14:28:34.201Z,LV3,McDaniel,5f0dd8ad-486e-4238-8933-2b89499a6e18,SAMMS-McDaniel
202608201425196091,202608201258108827,202608201258108173,46,9366,P1 Finance Financial Hardship Application Bronze - MNRE,br_samms_financial_hardship_application,TASK_COMPLETE,SUCCESS,INFO,209,209,0,,2026-08-20T12:58:15.698Z,2026-08-20T14:28:34.201Z,5419,2026-08-20T14:28:34.201Z,MNRE,Monroe,5f0dd8ad-486e-4238-8933-2b89499a6e18,SAMMS-Monroe
202608201425196093,202608201258108828,202608201258108173,46,9367,P1 Finance Financial Hardship Application Bronze - MP,br_samms_financial_hardship_application,TASK_COMPLETE,SUCCESS,INFO,685,685,0,,2026-08-20T12:58:15.698Z,2026-08-20T14:28:34.201Z,5419,2026-08-20T14:28:34.201Z,MP,MtPleasant,5f0dd8ad-486e-4238-8933-2b89499a6e18,SAMMS-MtPleasant
202608201425196095,202608201258108829,202608201258108173,46,9368,P1 Finance Financial Hardship Application Bronze - MRD,br_samms_financial_hardship_application,TASK_COMPLETE,SUCCESS,INFO,411,411,0,,2026-08-20T12:58:15.698Z,2026-08-20T14:28:34.201Z,5419,2026-08-20T14:28:34.201Z,MRD,Meridian,5f0dd8ad-486e-4238-8933-2b89499a6e18,SAMMS-Meridian
202608201425196096,202608201258108830,202608201258108173,46,9369,P1 Finance Financial Hardship Application Bronze - NC,br_samms_financial_hardship_application,TASK_COMPLETE,SUCCESS,INFO,1067,1067,0,,2026-08-20T12:58:15.698Z,2026-08-20T14:28:34.201Z,5419,2026-08-20T14:28:34.201Z,NC,NorthCharleston,5f0dd8ad-486e-4238-8933-2b89499a6e18,SAMMS-NorthCharleston
202608201425196098,202608201258108831,202608201258108173,46,9370,P1 Finance Financial Hardship Application Bronze - NLR,br_samms_financial_hardship_application,TASK_COMPLETE,SUCCESS,INFO,520,520,0,,2026-08-20T12:58:15.698Z,2026-08-20T14:28:34.201Z,5419,2026-08-20T14:28:34.201Z,NLR,NLROBOT,5f0dd8ad-486e-4238-8933-2b89499a6e18,SAMMS-NLROBOT
202608201425196100,202608201258108832,202608201258108173,46,9371,P1 Finance Financial Hardship Application Bronze - PH,br_samms_financial_hardship_application,TASK_COMPLETE,SUCCESS,INFO,71,71,0,,2026-08-20T12:58:15.698Z,2026-08-20T14:28:34.201Z,5419,2026-08-20T14:28:34.201Z,PH,Phoenix,5f0dd8ad-486e-4238-8933-2b89499a6e18,SAMMS-Phoenix
202608201425196102,202608201258108833,202608201258108173,46,9372,P1 Finance Financial Hardship Application Bronze - RE,br_samms_financial_hardship_application,TASK_COMPLETE,SUCCESS,INFO,340,340,0,,2026-08-20T12:58:15.698Z,2026-08-20T14:28:34.201Z,5419,2026-08-20T14:28:34.201Z,RE,Reno,5f0dd8ad-486e-4238-8933-2b89499a6e18,SAMMS-Reno
202608201425196104,202608201258108834,202608201258108173,46,9373,P1 Finance Financial Hardship Application Bronze - RMD,br_samms_financial_hardship_application,TASK_COMPLETE,SUCCESS,INFO,1002,1002,0,,2026-08-20T12:58:15.698Z,2026-08-20T14:28:34.201Z,5419,2026-08-20T14:28:34.201Z,RMD,Richmond,5f0dd8ad-486e-4238-8933-2b89499a6e18,SAMMS-Richmond
202608201425196106,202608201258108835,202608201258108173,46,9374,P1 Finance Financial Hardship Application Bronze - SFN,br_samms_financial_hardship_application,TASK_COMPLETE,SUCCESS,INFO,472,472,0,,2026-08-20T12:58:15.698Z,2026-08-20T14:28:34.201Z,5419,2026-08-20T14:28:34.201Z,SFN,SFN,5f0dd8ad-486e-4238-8933-2b89499a6e18,SAMMS-SFNv5
202608201425196108,202608201258108836,202608201258108173,46,9375,P1 Finance Financial Hardship Application Bronze - SHP,br_samms_financial_hardship_application,TASK_COMPLETE,SUCCESS,INFO,389,389,0,,2026-08-20T12:58:15.698Z,2026-08-20T14:28:34.201Z,5419,2026-08-20T14:28:34.201Z,SHP,Shreveport,5f0dd8ad-486e-4238-8933-2b89499a6e18,SAMMS-Shreveport
202608201425196110,202608201258108837,202608201258108173,46,9376,P1 Finance Financial Hardship Application Bronze - STN,br_samms_financial_hardship_application,TASK_COMPLETE,SUCCESS,INFO,271,271,0,,2026-08-20T12:58:15.698Z,2026-08-20T14:28:34.201Z,5419,2026-08-20T14:28:34.201Z,STN,Staunton,5f0dd8ad-486e-4238-8933-2b89499a6e18,SAMMS-Staunton
202608201425196112,202608201258108838,202608201258108173,46,9377,P1 Finance Financial Hardship Application Bronze - STVN,br_samms_financial_hardship_application,TASK_COMPLETE,SUCCESS,INFO,75,75,0,,2026-08-20T12:58:15.698Z,2026-08-20T14:28:34.201Z,5419,2026-08-20T14:28:34.201Z,STVN,Stevenson,5f0dd8ad-486e-4238-8933-2b89499a6e18,SAMMS-Stevenson
202608201425196114,202608201258108839,202608201258108173,46,9378,P1 Finance Financial Hardship Application Bronze - TE,br_samms_financial_hardship_application,TASK_COMPLETE,SUCCESS,INFO,186,186,0,,2026-08-20T12:58:15.698Z,2026-08-20T14:28:34.201Z,5419,2026-08-20T14:28:34.201Z,TE,Tempe,5f0dd8ad-486e-4238-8933-2b89499a6e18,SAMMS-Tempe
202608201425196116,202608201258108840,202608201258108173,46,9379,P1 Finance Financial Hardship Application Bronze - TEX,br_samms_financial_hardship_application,TASK_COMPLETE,SUCCESS,INFO,222,222,0,,2026-08-20T12:58:15.698Z,2026-08-20T14:28:34.201Z,5419,2026-08-20T14:28:34.201Z,TEX,Texarkana,5f0dd8ad-486e-4238-8933-2b89499a6e18,SAMMS-Texarkana
202608201425196118,202608201258108841,202608201258108173,46,9380,P1 Finance Financial Hardship Application Bronze - TTCA,br_samms_financial_hardship_application,TASK_COMPLETE,SUCCESS,INFO,755,755,0,,2026-08-20T12:58:15.698Z,2026-08-20T14:28:34.201Z,5419,2026-08-20T14:28:34.201Z,TTCA,Bessemer,5f0dd8ad-486e-4238-8933-2b89499a6e18,SAMMS-BessemerV5
202608201425196120,202608201258108842,202608201258108173,46,9381,P1 Finance Financial Hardship Application Bronze - TTCB,br_samms_financial_hardship_application,TASK_COMPLETE,SUCCESS,INFO,1124,1124,0,,2026-08-20T12:58:15.698Z,2026-08-20T14:28:34.201Z,5419,2026-08-20T14:28:34.201Z,TTCB,Cullman,5f0dd8ad-486e-4238-8933-2b89499a6e18,SAMMS-CullmanV5
202608201425196122,202608201258108843,202608201258108173,46,9382,P1 Finance Financial Hardship Application Bronze - TTCC,br_samms_financial_hardship_application,TASK_COMPLETE,SUCCESS,INFO,1011,1011,0,,2026-08-20T12:58:15.698Z,2026-08-20T14:28:34.201Z,5419,2026-08-20T14:28:34.201Z,TTCC,GrandBay,5f0dd8ad-486e-4238-8933-2b89499a6e18,SAMMS-GrandBay
202608201425196124,202608201258108844,202608201258108173,46,9383,P1 Finance Financial Hardship Application Bronze - TU,br_samms_financial_hardship_application,TASK_COMPLETE,SUCCESS,INFO,17,17,0,,2026-08-20T12:58:15.698Z,2026-08-20T14:28:34.201Z,5419,2026-08-20T14:28:34.201Z,TU,Tucson,5f0dd8ad-486e-4238-8933-2b89499a6e18,SAMMS-Tucson
202608201425196126,202608201258108845,202608201258108173,46,9384,P1 Finance Financial Hardship Application Bronze - V1,br_samms_financial_hardship_application,TASK_COMPLETE,SUCCESS,INFO,760,760,0,,2026-08-20T12:58:15.698Z,2026-08-20T14:28:34.201Z,5419,2026-08-20T14:28:34.201Z,V1,VCPHCS-I-Memphis,5f0dd8ad-486e-4238-8933-2b89499a6e18,SAMMS-VCPHCS-I-MemphisV5
202608201425196128,202608201258108846,202608201258108173,46,9385,P1 Finance Financial Hardship Application Bronze - V10,br_samms_financial_hardship_application,TASK_COMPLETE,SUCCESS,INFO,560,560,0,,2026-08-20T12:58:15.698Z,2026-08-20T14:28:34.201Z,5419,2026-08-20T14:28:34.201Z,V10,Boulder,5f0dd8ad-486e-4238-8933-2b89499a6e18,SAMMS-BoulderV5
202608260854401791,202608260654257329,202608260654255519,85,3133,Bronze INV,br_ReAssessment,TASK_COMPLETE,SUCCESS,INFO,0,0,0,,2026-08-26T06:54:31.515Z,2026-08-26T08:57:15.847Z,7364,2026-08-26T08:57:15.847Z,TE,Tempe,912d32aa-0b7f-4999-bf60-6670fe5985ea,SAMMS-Tempe
202608260854401792,202608260654257330,202608260654255519,85,3134,Bronze INV,br_ReAssessment,TASK_COMPLETE,SUCCESS,INFO,0,0,0,,2026-08-26T06:54:31.515Z,2026-08-26T08:57:15.847Z,7364,2026-08-26T08:57:15.847Z,TEX,Texarkana,912d32aa-0b7f-4999-bf60-6670fe5985ea,SAMMS-Texarkana
202608260854401793,202608260654257331,202608260654255519,85,3135,Bronze INV,br_ReAssessment,TASK_COMPLETE,SUCCESS,INFO,1,1,0,,2026-08-26T06:54:31.515Z,2026-08-26T08:57:15.847Z,7364,2026-08-26T08:57:15.847Z,TTCA,Bessemer,912d32aa-0b7f-4999-bf60-6670fe5985ea,SAMMS-BessemerV5
202608260854401794,202608260654257332,202608260654255519,85,3136,Bronze INV,br_ReAssessment,TASK_COMPLETE,SUCCESS,INFO,0,0,0,,2026-08-26T06:54:31.515Z,2026-08-26T08:57:15.847Z,7364,2026-08-26T08:57:15.847Z,TTCB,Cullman,912d32aa-0b7f-4999-bf60-6670fe5985ea,SAMMS-CullmanV5
202608260854401795,202608260654257333,202608260654255519,85,3137,Bronze INV,br_ReAssessment,TASK_COMPLETE,SUCCESS,INFO,0,0,0,,2026-08-26T06:54:31.515Z,2026-08-26T08:57:15.847Z,7364,2026-08-26T08:57:15.847Z,TTCC,Grand Bay,912d32aa-0b7f-4999-bf60-6670fe5985ea,SAMMS-GrandBay
202608260854401796,202608260654257334,202608260654255519,85,3138,Bronze INV,br_ReAssessment,TASK_COMPLETE,SUCCESS,INFO,0,0,0,,2026-08-26T06:54:31.515Z,2026-08-26T08:57:15.847Z,7364,2026-08-26T08:57:15.847Z,TU,Tucson,912d32aa-0b7f-4999-bf60-6670fe5985ea,SAMMS-Tucson
202608260854401798,202608260654257335,202608260654255519,85,3140,Bronze INV,br_ReAssessment,TASK_COMPLETE,SUCCESS,INFO,0,0,0,,2026-08-26T06:54:31.515Z,2026-08-26T08:57:15.847Z,7364,2026-08-26T08:57:15.847Z,V1,Memphis South,912d32aa-0b7f-4999-bf60-6670fe5985ea,SAMMS-VCPHCS-I-MemphisV5
202608260854401799,202608260654257336,202608260654255519,85,3141,Bronze INV,br_ReAssessment,TASK_COMPLETE,SUCCESS,INFO,0,0,0,,2026-08-26T06:54:31.515Z,2026-08-26T08:57:15.847Z,7364,2026-08-26T08:57:15.847Z,V10,Longmont,912d32aa-0b7f-4999-bf60-6670fe5985ea,SAMMS-BoulderV5
202608260854401800,202608260654257337,202608260654255519,85,3142,Bronze INV,br_ReAssessment,TASK_COMPLETE,SUCCESS,INFO,113,113,0,,2026-08-26T06:54:31.515Z,2026-08-26T08:57:15.847Z,7364,2026-08-26T08:57:15.847Z,V10A,Fort Collins,912d32aa-0b7f-4999-bf60-6670fe5985ea,SAMMS-FortCollinsV5
202608260854401801,202608260654257338,202608260654255519,85,3143,Bronze INV,br_ReAssessment,TASK_COMPLETE,SUCCESS,INFO,0,0,0,,2026-08-26T06:54:31.515Z,2026-08-26T08:57:15.847Z,7364,2026-08-26T08:57:15.847Z,V11,Westminster,912d32aa-0b7f-4999-bf60-6670fe5985ea,SAMMS-VCPHCS-XI-NorthDenverV5
202608260854401802,202608260654257339,202608260654255519,85,3144,Bronze INV,br_ReAssessment,TASK_COMPLETE,SUCCESS,INFO,80,80,0,,2026-08-26T06:54:31.515Z,2026-08-26T08:57:15.847Z,7364,2026-08-26T08:57:15.847Z,V12,Downtown Denver,912d32aa-0b7f-4999-bf60-6670fe5985ea,SAMMS-VCPHCS-XII-DowntownDenverV5
202608260854401803,202608260654257340,202608260654255519,85,3145,Bronze INV,br_ReAssessment,TASK_COMPLETE,SUCCESS,INFO,0,0,0,,2026-08-26T06:54:31.515Z,2026-08-26T08:57:15.847Z,7364,2026-08-26T08:57:15.847Z,V12A,Centennial,912d32aa-0b7f-4999-bf60-6670fe5985ea,SAMMS-CentennialV5
202608260854401805,202608260654257341,202608260654255519,85,3146,Bronze INV,br_ReAssessment,TASK_COMPLETE,SUCCESS,INFO,0,0,0,,2026-08-26T06:54:31.515Z,2026-08-26T08:57:15.847Z,7364,2026-08-26T08:57:15.847Z,V14,Overland Park,912d32aa-0b7f-4999-bf60-6670fe5985ea,SAMMS-VCPHCS-XIV-BridgewayV5
202608260854401806,202608260654257342,202608260654255519,85,3147,Bronze INV,br_ReAssessment,TASK_COMPLETE,SUCCESS,INFO,0,0,0,,2026-08-26T06:54:31.515Z,2026-08-26T08:57:15.847Z,7364,2026-08-26T08:57:15.847Z,V15,Joplin,912d32aa-0b7f-4999-bf60-6670fe5985ea,SAMMS-JoplinV5
202608260854401807,202608260654257343,202608260654255519,85,3149,Bronze INV,br_ReAssessment,TASK_COMPLETE,SUCCESS,INFO,0,0,0,,2026-08-26T06:54:31.515Z,2026-08-26T08:57:15.847Z,7364,2026-08-26T08:57:15.847Z,V17,Columbia TN,912d32aa-0b7f-4999-bf60-6670fe5985ea,SAMMS-ColumbiaTNv5
202608260854401808,202608260654257344,202608260654255519,85,3151,Bronze INV,br_ReAssessment,TASK_COMPLETE,SUCCESS,INFO,0,0,0,,2026-08-26T06:54:31.515Z,2026-08-26T08:57:15.847Z,7364,2026-08-26T08:57:15.847Z,V19,Jackson,912d32aa-0b7f-4999-bf60-6670fe5985ea,SAMMS-JacksonV5
202608260854401809,202608260654257345,202608260654255519,85,3153,Bronze INV,br_ReAssessment,TASK_COMPLETE,SUCCESS,INFO,0,0,0,,2026-08-26T06:54:31.515Z,2026-08-26T08:57:15.847Z,7364,2026-08-26T08:57:15.847Z,V20,Paris,912d32aa-0b7f-4999-bf60-6670fe5985ea,SAMMS-ParisV5
202608260854401810,202608260654257346,202608260654255519,85,3154,Bronze INV,br_ReAssessment,TASK_COMPLETE,SUCCESS,INFO,0,0,0,,2026-08-26T06:54:31.515Z,2026-08-26T08:57:15.847Z,7364,2026-08-26T08:57:15.847Z,V21,Memphis North,912d32aa-0b7f-4999-bf60-6670fe5985ea,SAMMS-RaleighV5
202608260854401811,202608260654257347,202608260654255519,85,3157,Bronze INV,br_ReAssessment,TASK_COMPLETE,SUCCESS,INFO,0,0,0,,2026-08-26T06:54:31.515Z,2026-08-26T08:57:15.847Z,7364,2026-08-26T08:57:15.847Z,V5,West Bank,912d32aa-0b7f-4999-bf60-6670fe5985ea,SAMMS-NONTCv5
202608260854401812,202608260654257348,202608260654255519,85,3159,Bronze INV,br_ReAssessment,TASK_COMPLETE,SUCCESS,INFO,0,0,0,,2026-08-26T06:54:31.515Z,2026-08-26T08:57:15.847Z,7364,2026-08-26T08:57:15.847Z,V5B,Houma,912d32aa-0b7f-4999-bf60-6670fe5985ea,SAMMS-HoumaV6
202608260854401813,202608260654257349,202608260654255519,85,3160,Bronze INV,br_ReAssessment,TASK_COMPLETE,SUCCESS,INFO,0,0,0,,2026-08-26T06:54:31.515Z,2026-08-26T08:57:15.847Z,7364,2026-08-26T08:57:15.847Z,V6,Lake Charles,912d32aa-0b7f-4999-bf60-6670fe5985ea,SAMMS-LCv5
202608260854401814,202608260654257350,202608260654255519,85,3162,Bronze INV,br_ReAssessment,TASK_COMPLETE,SUCCESS,INFO,0,0,0,,2026-08-26T06:54:31.515Z,2026-08-26T08:57:15.847Z,7364,2026-08-26T08:57:15.847Z,V8,Memphis Midtown,912d32aa-0b7f-4999-bf60-6670fe5985ea,SAMMS-VCPHCS-VIII-MemphisV5
202608260854401816,202608260654257351,202608260654255519,85,3163,Bronze INV,br_ReAssessment,TASK_COMPLETE,SUCCESS,INFO,0,0,0,,2026-08-26T06:54:31.515Z,2026-08-26T08:57:15.847Z,7364,2026-08-26T08:57:15.847Z,V9,Nashville,912d32aa-0b7f-4999-bf60-6670fe5985ea,SAMMS-NashvilleV5
202608260854401817,202608260654257352,202608260654255519,85,3164,Bronze INV,br_ReAssessment,TASK_COMPLETE,SUCCESS,INFO,0,0,0,,2026-08-26T06:54:31.515Z,2026-08-26T08:57:15.847Z,7364,2026-08-26T08:57:15.847Z,VBRA,Brainerd,912d32aa-0b7f-4999-bf60-6670fe5985ea,SAMMS-BrainerdV6
202608260854401818,202608260654257353,202608260654255519,85,3165,Bronze INV,br_ReAssessment,TASK_COMPLETE,SUCCESS,INFO,0,0,0,,2026-08-26T06:54:31.515Z,2026-08-26T08:57:15.847Z,7364,2026-08-26T08:57:15.847Z,VBRP,Brooklyn Park,912d32aa-0b7f-4999-bf60-6670fe5985ea,SAMMS-BrooklynParkV6
202608260854401819,202608260654257354,202608260654255519,85,3167,Bronze INV,br_ReAssessment,TASK_COMPLETE,SUCCESS,INFO,0,0,0,,2026-08-26T06:54:31.515Z,2026-08-26T08:57:15.847Z,7364,2026-08-26T08:57:15.847Z,VMIN,Minneapolis,912d32aa-0b7f-4999-bf60-6670fe5985ea,SAMMS-MinneapolisV6
202608260854401820,202608260654257355,202608260654255519,85,3168,Bronze INV,br_ReAssessment,TASK_COMPLETE,SUCCESS,INFO,0,0,0,,2026-08-26T06:54:31.515Z,2026-08-26T08:57:15.847Z,7364,2026-08-26T08:57:15.847Z,VWBY,Woodbury,912d32aa-0b7f-4999-bf60-6670fe5985ea,SAMMS-WoodburyV6
202608260854401821,202608260654257356,202608260654255519,85,3170,Bronze INV,br_ReAssessment,TASK_COMPLETE,SUCCESS,INFO,0,0,0,,2026-08-26T06:54:31.515Z,2026-08-26T08:57:15.847Z,7364,2026-08-26T08:57:15.847Z,WIL,Wilson,912d32aa-0b7f-4999-bf60-6670fe5985ea,SAMMS-Wilson
202608260854401922,202608260654355528,202608260654355519,86,5728,Silver INV,sl_ReAssessment,TASK_COMPLETE,SUCCESS,INFO,239,239,0,,2026-08-26T06:54:31.515Z,2026-08-26T08:57:15.847Z,7364,2026-08-26T08:57:15.847Z,,,912d32aa-0b7f-4999-bf60-6670fe5985ea,
202608260854401846,202608260654257472,202608260654255519,85,3174,Bronze INV,br_ReAssessmentFamily,TASK_COMPLETE,SUCCESS,INFO,35,35,0,,2026-08-26T06:54:31.515Z,2026-08-26T08:57:15.847Z,7364,2026-08-26T08:57:15.847Z,AHK,Ahoskie,912d32aa-0b7f-4999-bf60-6670fe5985ea,SAMMS-Ahoskie
202608260854401848,202608260654257473,202608260654255519,85,3175,Bronze INV,br_ReAssessmentFamily,TASK_COMPLETE,SUCCESS,INFO,662,662,0,,2026-08-26T06:54:31.515Z,2026-08-26T08:57:15.847Z,7364,2026-08-26T08:57:15.847Z,B12B,Colorado Springs,912d32aa-0b7f-4999-bf60-6670fe5985ea,SAMMS-ColoradoSpringsV5
202608260854401849,202608260654257474,202608260654255519,85,3176,Bronze INV,br_ReAssessmentFamily,TASK_COMPLETE,SUCCESS,INFO,834,834,0,,2026-08-26T06:54:31.515Z,2026-08-26T08:57:15.847Z,7364,2026-08-26T08:57:15.847Z,B24,Paintsville,912d32aa-0b7f-4999-bf60-6670fe5985ea,SAMMS-PaintsvilleV5
202608260854401850,202608260654257475,202608260654255519,85,3177,Bronze INV,br_ReAssessmentFamily,TASK_COMPLETE,SUCCESS,INFO,645,645,0,,2026-08-26T06:54:31.515Z,2026-08-26T08:57:15.847Z,7364,2026-08-26T08:57:15.847Z,B25,Pikeville,912d32aa-0b7f-4999-bf60-6670fe5985ea,SAMMS-PikevilleV5
202608260854401851,202608260654257476,202608260654255519,85,3178,Bronze INV,br_ReAssessmentFamily,TASK_COMPLETE,SUCCESS,INFO,971,971,0,,2026-08-26T06:54:31.515Z,2026-08-26T08:57:15.847Z,7364,2026-08-26T08:57:15.847Z,B26,Hazard,912d32aa-0b7f-4999-bf60-6670fe5985ea,SAMMS-HazardV5
202608260854401852,202608260654257477,202608260654255519,85,3179,Bronze INV,br_ReAssessmentFamily,TASK_COMPLETE,SUCCESS,INFO,530,530,0,,2026-08-26T06:54:31.515Z,2026-08-26T08:57:15.847Z,7364,2026-08-26T08:57:15.847Z,B27,Savannah,912d32aa-0b7f-4999-bf60-6670fe5985ea,SAMMS-SavannahV6
202608260854401853,202608260654257478,202608260654255519,85,3180,Bronze INV,br_ReAssessmentFamily,TASK_COMPLETE,SUCCESS,INFO,246,246,0,,2026-08-26T06:54:31.515Z,2026-08-26T08:57:15.847Z,7364,2026-08-26T08:57:15.847Z,B28,West Plains,912d32aa-0b7f-4999-bf60-6670fe5985ea,SAMMS-WestPlainesV5
202608260854401855,202608260654257479,202608260654255519,85,3181,Bronze INV,br_ReAssessmentFamily,TASK_COMPLETE,SUCCESS,INFO,461,461,0,,2026-08-26T06:54:31.515Z,2026-08-26T08:57:15.847Z,7364,2026-08-26T08:57:15.847Z,B29,Poplar Bluff,912d32aa-0b7f-4999-bf60-6670fe5985ea,SAMMS-PoplarBluffV5
202608260854401856,202608260654257480,202608260654255519,85,3182,Bronze INV,br_ReAssessmentFamily,TASK_COMPLETE,SUCCESS,INFO,78,78,0,,2026-08-26T06:54:31.515Z,2026-08-26T08:57:15.847Z,7364,2026-08-26T08:57:15.847Z,B30,KC North,912d32aa-0b7f-4999-bf60-6670fe5985ea,SAMMS-KCNv5
202608260854401555,202608260654255875,202608260654255519,85,2817,Bronze INV,br_OrientationChecklistNew,TASK_COMPLETE,SUCCESS,INFO,69,69,0,,2026-08-26T06:54:31.515Z,2026-08-26T08:57:15.847Z,7364,2026-08-26T08:57:15.847Z,B33,Paducah,912d32aa-0b7f-4999-bf60-6670fe5985ea,SAMMS-Paducah
202608260854401556,202608260654255876,202608260654255519,85,2818,Bronze INV,br_OrientationChecklistNew,TASK_COMPLETE,SUCCESS,INFO,154,154,0,,2026-08-26T06:54:31.515Z,2026-08-26T08:57:15.847Z,7364,2026-08-26T08:57:15.847Z,B34,Corbin,912d32aa-0b7f-4999-bf60-6670fe5985ea,SAMMS-CorbinV5
202608260854401557,202608260654255877,202608260654255519,85,2819,Bronze INV,br_OrientationChecklistNew,TASK_COMPLETE,SUCCESS,INFO,389,389,0,,2026-08-26T06:54:31.515Z,2026-08-26T08:57:15.847Z,7364,2026-08-26T08:57:15.847Z,B35,Lexington,912d32aa-0b7f-4999-bf60-6670fe5985ea,SAMMS-LexingtonV5
202608260854401559,202608260654255878,202608260654255519,85,2820,Bronze INV,br_OrientationChecklistNew,TASK_COMPLETE,SUCCESS,INFO,142,142,0,,2026-08-26T06:54:31.515Z,2026-08-26T08:57:15.847Z,7364,2026-08-26T08:57:15.847Z,B35A,Berea,912d32aa-0b7f-4999-bf60-6670fe5985ea,SAMMS-BereaV5
202608260854401560,202608260654255879,202608260654255519,85,2821,Bronze INV,br_OrientationChecklistNew,TASK_COMPLETE,SUCCESS,INFO,150,150,0,,2026-08-26T06:54:31.515Z,2026-08-26T08:57:15.847Z,7364,2026-08-26T08:57:15.847Z,B36,Asheville,912d32aa-0b7f-4999-bf60-6670fe5985ea,SAMMS-AshevilleV5
202608260854401561,202608260654255880,202608260654255519,85,2822,Bronze INV,br_OrientationChecklistNew,TASK_COMPLETE,SUCCESS,INFO,117,117,0,,2026-08-26T06:54:31.515Z,2026-08-26T08:57:15.847Z,7364,2026-08-26T08:57:15.847Z,B37,Clyde,912d32aa-0b7f-4999-bf60-6670fe5985ea,SAMMS-ClydeV5
202608260854401562,202608260654255881,202608260654255519,85,2823,Bronze INV,br_OrientationChecklistNew,TASK_COMPLETE,SUCCESS,INFO,160,160,0,,2026-08-26T06:54:31.515Z,2026-08-26T08:57:15.847Z,7364,2026-08-26T08:57:15.847Z,B38,Spartanburg,912d32aa-0b7f-4999-bf60-6670fe5985ea,SAMMS-SpartanburgV5
202608260854401563,202608260654255882,202608260654255519,85,2824,Bronze INV,br_OrientationChecklistNew,TASK_COMPLETE,SUCCESS,INFO,131,131,0,,2026-08-26T06:54:31.515Z,2026-08-26T08:57:15.847Z,7364,2026-08-26T08:57:15.847Z,B39,Aiken,912d32aa-0b7f-4999-bf60-6670fe5985ea,SAMMS-AikenV5
202608260854401564,202608260654255883,202608260654255519,85,2825,Bronze INV,br_OrientationChecklistNew,TASK_COMPLETE,SUCCESS,INFO,149,149,0,,2026-08-26T06:54:31.515Z,2026-08-26T08:57:15.847Z,7364,2026-08-26T08:57:15.847Z,B41,Chesapeake,912d32aa-0b7f-4999-bf60-6670fe5985ea,SAMMS-ChesapeakeV5
202608260854401565,202608260654255884,202608260654255519,85,2826,Bronze INV,br_OrientationChecklistNew,TASK_COMPLETE,SUCCESS,INFO,197,197,0,,2026-08-26T06:54:31.515Z,2026-08-26T08:57:15.847Z,7364,2026-08-26T08:57:15.847Z,B42,Virginia Beach,912d32aa-0b7f-4999-bf60-6670fe5985ea,SAMMS-VirginiaBeachV5
202608260854401566,202608260654255885,202608260654255519,85,2827,Bronze INV,br_OrientationChecklistNew,TASK_COMPLETE,SUCCESS,INFO,130,130,0,,2026-08-26T06:54:31.515Z,2026-08-26T08:57:15.847Z,7364,2026-08-26T08:57:15.847Z,B42A,Newport News,912d32aa-0b7f-4999-bf60-6670fe5985ea,SAMMS-NewportNewsV5
202608260854401567,202608260654255886,202608260654255519,85,2828,Bronze INV,br_OrientationChecklistNew,TASK_COMPLETE,SUCCESS,INFO,29,29,0,,2026-08-26T06:54:31.515Z,2026-08-26T08:57:15.847Z,7364,2026-08-26T08:57:15.847Z,B42B,Franklin,912d32aa-0b7f-4999-bf60-6670fe5985ea,SAMMS-FranklinV5
202608260854401568,202608260654255887,202608260654255519,85,2829,Bronze INV,br_OrientationChecklistNew,TASK_COMPLETE,SUCCESS,INFO,198,198,0,,2026-08-26T06:54:31.515Z,2026-08-26T08:57:15.847Z,7364,2026-08-26T08:57:15.847Z,B42C,Glen Allen,912d32aa-0b7f-4999-bf60-6670fe5985ea,SAMMS-GlenAllenV5
202608260854401570,202608260654255888,202608260654255519,85,2830,Bronze INV,br_OrientationChecklistNew,TASK_COMPLETE,SUCCESS,INFO,74,74,0,,2026-08-26T06:54:31.515Z,2026-08-26T08:57:15.847Z,7364,2026-08-26T08:57:15.847Z,B42D,Chesapeake South,912d32aa-0b7f-4999-bf60-6670fe5985ea,SAMMS-ChesapeakeSouthV5
202608260854401571,202608260654255889,202608260654255519,85,2831,Bronze INV,br_OrientationChecklistNew,TASK_COMPLETE,SUCCESS,INFO,52,52,0,,2026-08-26T06:54:31.515Z,2026-08-26T08:57:15.847Z,7364,2026-08-26T08:57:15.847Z,B44,Albany,912d32aa-0b7f-4999-bf60-6670fe5985ea,SAMMS-AlbanyV5
202608260854401572,202608260654255890,202608260654255519,85,2832,Bronze INV,br_OrientationChecklistNew,TASK_COMPLETE,SUCCESS,INFO,55,55,0,,2026-08-26T06:54:31.515Z,2026-08-26T08:57:15.847Z,7364,2026-08-26T08:57:15.847Z,B45,Tifton,912d32aa-0b7f-4999-bf60-6670fe5985ea,SAMMS-TiftonV5
202608260854401573,202608260654255891,202608260654255519,85,2833,Bronze INV,br_OrientationChecklistNew,TASK_COMPLETE,SUCCESS,INFO,261,261,0,,2026-08-26T06:54:31.515Z,2026-08-26T08:57:15.847Z,7364,2026-08-26T08:57:15.847Z,B46,Washington DC,912d32aa-0b7f-4999-bf60-6670fe5985ea,SAMMS-WashingtonDCv5
202608260854401574,202608260654255892,202608260654255519,85,2834,Bronze INV,br_OrientationChecklistNew,TASK_COMPLETE,SUCCESS,INFO,95,95,0,,2026-08-26T06:54:31.515Z,2026-08-26T08:57:15.847Z,7364,2026-08-26T08:57:15.847Z,B47,Mobile,912d32aa-0b7f-4999-bf60-6670fe5985ea,SAMMS-MobileV5
202608260854401575,202608260654255893,202608260654255519,85,2835,Bronze INV,br_OrientationChecklistNew,TASK_COMPLETE,SUCCESS,INFO,123,123,0,,2026-08-26T06:54:31.515Z,2026-08-26T08:57:15.847Z,7364,2026-08-26T08:57:15.847Z,B48,Tuscaloosa,912d32aa-0b7f-4999-bf60-6670fe5985ea,SAMMS-TuscaloosaV5
202608260854401576,202608260654255894,202608260654255519,85,2844,Bronze INV,br_OrientationChecklistNew,TASK_COMPLETE,SUCCESS,INFO,74,74,0,,2026-08-26T06:54:31.515Z,2026-08-26T08:57:15.847Z,7364,2026-08-26T08:57:15.847Z,B51,N. Little Rock (OTP),912d32aa-0b7f-4999-bf60-6670fe5985ea,SAMMS-NorthLittleRockV6
202608260854401577,202608260654255895,202608260654255519,85,2845,Bronze INV,br_OrientationChecklistNew,TASK_COMPLETE,SUCCESS,INFO,13,13,0,,2026-08-26T06:54:31.515Z,2026-08-26T08:57:15.847Z,7364,2026-08-26T08:57:15.847Z,B52,Jackson GA,912d32aa-0b7f-4999-bf60-6670fe5985ea,SAMMS-JacksonGAV5
202608260854401578,202608260654255896,202608260654255519,85,2846,Bronze INV,br_OrientationChecklistNew,TASK_COMPLETE,SUCCESS,INFO,128,128,0,,2026-08-26T06:54:31.515Z,2026-08-26T08:57:15.847Z,7364,2026-08-26T08:57:15.847Z,B54,Gadsden,912d32aa-0b7f-4999-bf60-6670fe5985ea,SAMMS-GadsdenV5
202608260854401579,202608260654255897,202608260654255519,85,2847,Bronze INV,br_OrientationChecklistNew,TASK_COMPLETE,SUCCESS,INFO,72,72,0,,2026-08-26T06:54:31.515Z,2026-08-26T08:57:15.847Z,7364,2026-08-26T08:57:15.847Z,B55,Shoals,912d32aa-0b7f-4999-bf60-6670fe5985ea,SAMMS-ShoalsV5
202608260854401581,202608260654255898,202608260654255519,85,2848,Bronze INV,br_OrientationChecklistNew,TASK_COMPLETE,SUCCESS,INFO,33,33,0,,2026-08-26T06:54:31.515Z,2026-08-26T08:57:15.847Z,7364,2026-08-26T08:57:15.847Z,B57,Pawtucket,912d32aa-0b7f-4999-bf60-6670fe5985ea,SAMMS-Pawtucket
202608260854401582,202608260654255899,202608260654255519,85,2849,Bronze INV,br_OrientationChecklistNew,TASK_COMPLETE,SUCCESS,INFO,77,77,0,,2026-08-26T06:54:31.515Z,2026-08-26T08:57:15.847Z,7364,2026-08-26T08:57:15.847Z,B57A,Johnston,912d32aa-0b7f-4999-bf60-6670fe5985ea,SAMMS-Johnston
202608260854401583,202608260654255900,202608260654255519,85,2850,Bronze INV,br_OrientationChecklistNew,TASK_COMPLETE,SUCCESS,INFO,17,17,0,,2026-08-26T06:54:31.515Z,2026-08-26T08:57:15.847Z,7364,2026-08-26T08:57:15.847Z,B57B,Middletown,912d32aa-0b7f-4999-bf60-6670fe5985ea,SAMMS-Middletown
202608260854401584,202608260654255901,202608260654255519,85,2851,Bronze INV,br_OrientationChecklistNew,TASK_COMPLETE,SUCCESS,INFO,29,29,0,,2026-08-26T06:54:31.515Z,2026-08-26T08:57:15.847Z,7364,2026-08-26T08:57:15.847Z,B57C,Providence,912d32aa-0b7f-4999-bf60-6670fe5985ea,SAMMS-Providence
202608260854401585,202608260654255902,202608260654255519,85,2852,Bronze INV,br_OrientationChecklistNew,TASK_COMPLETE,SUCCESS,INFO,31,31,0,,2026-08-26T06:54:31.515Z,2026-08-26T08:57:15.847Z,7364,2026-08-26T08:57:15.847Z,B57D,Westerly,912d32aa-0b7f-4999-bf60-6670fe5985ea,SAMMS-Westerly
202608260854401586,202608260654255903,202608260654255519,85,2856,Bronze INV,br_OrientationChecklistNew,TASK_COMPLETE,SUCCESS,INFO,0,0,0,,2026-08-26T06:54:31.515Z,2026-08-26T08:57:15.847Z,7364,2026-08-26T08:57:15.847Z,B66A,Bremen,912d32aa-0b7f-4999-bf60-6670fe5985ea,SAMMS-Bremen
202608260854401587,202608260654255904,202608260654255519,85,2859,Bronze INV,br_OrientationChecklistNew,TASK_COMPLETE,SUCCESS,INFO,0,0,0,,2026-08-26T06:54:31.515Z,2026-08-26T08:57:15.847Z,7364,2026-08-26T08:57:15.847Z,B72,Mobile (OBOT),912d32aa-0b7f-4999-bf60-6670fe5985ea,SAMMS-Mobile-OBOT
202608260854401588,202608260654255905,202608260654255519,85,2860,Bronze INV,br_OrientationChecklistNew,TASK_COMPLETE,SUCCESS,INFO,0,0,0,,2026-08-26T06:54:31.515Z,2026-08-26T08:57:15.847Z,7364,2026-08-26T08:57:15.847Z,B73,Montgomery,912d32aa-0b7f-4999-bf60-6670fe5985ea,SAMMS-Montgomery
202608260854401589,202608260654255906,202608260654255519,85,2861,Bronze INV,br_OrientationChecklistNew,TASK_COMPLETE,SUCCESS,INFO,92,92,0,,2026-08-26T06:54:31.515Z,2026-08-26T08:57:15.847Z,7364,2026-08-26T08:57:15.847Z,B75,Lawrence,912d32aa-0b7f-4999-bf60-6670fe5985ea,SAMMS-LawrenceV6
202608260854401590,202608260654255907,202608260654255519,85,2862,Bronze INV,br_OrientationChecklistNew,TASK_COMPLETE,SUCCESS,INFO,0,0,0,,2026-08-26T06:54:31.515Z,2026-08-26T08:57:15.847Z,7364,2026-08-26T08:57:15.847Z,B76,Huntsville OBOT,912d32aa-0b7f-4999-bf60-6670fe5985ea,SAMMS-Huntsville-OBOT
202608260854401592,202608260654255908,202608260654255519,85,2863,Bronze INV,br_OrientationChecklistNew,TASK_COMPLETE,SUCCESS,INFO,0,0,0,,2026-08-26T06:54:31.515Z,2026-08-26T08:57:15.847Z,7364,2026-08-26T08:57:15.847Z,BAT,Batesville,912d32aa-0b7f-4999-bf60-6670fe5985ea,SAMMS-Batesville
202608260854401593,202608260654255909,202608260654255519,85,2864,Bronze INV,br_OrientationChecklistNew,TASK_COMPLETE,SUCCESS,INFO,173,173,0,,2026-08-26T06:54:31.515Z,2026-08-26T08:57:15.847Z,7364,2026-08-26T08:57:15.847Z,BG,Bowling Green,912d32aa-0b7f-4999-bf60-6670fe5985ea,SAMMS-BowlingGreen
202608260854401594,202608260654255910,202608260654255519,85,2865,Bronze INV,br_OrientationChecklistNew,TASK_COMPLETE,SUCCESS,INFO,66,66,0,,2026-08-26T06:54:31.515Z,2026-08-26T08:57:15.847Z,7364,2026-08-26T08:57:15.847Z,BOI,Boise,912d32aa-0b7f-4999-bf60-6670fe5985ea,SAMMS-Boise
202608260854401595,202608260654255911,202608260654255519,85,2872,Bronze INV,br_OrientationChecklistNew,TASK_COMPLETE,SUCCESS,INFO,68,68,0,,2026-08-26T06:54:31.515Z,2026-08-26T08:57:15.847Z,7364,2026-08-26T08:57:15.847Z,CBCO,Coeur dAlene,912d32aa-0b7f-4999-bf60-6670fe5985ea,SAMMS-CoeurdAleneV6
202608260854401596,202608260654255912,202608260654255519,85,2891,Bronze INV,br_OrientationChecklistNew,TASK_COMPLETE,SUCCESS,INFO,0,0,0,,2026-08-26T06:54:31.515Z,2026-08-26T08:57:15.847Z,7364,2026-08-26T08:57:15.847Z,CON,Conway,912d32aa-0b7f-4999-bf60-6670fe5985ea,SAMMS-Conway
202608260854399236,202608260654256358,202608260654255519,85,275,Bronze INV,br_AdmissionAssessment,TASK_COMPLETE,SUCCESS,INFO,74,74,0,,2026-08-26T06:54:31.515Z,2026-08-26T08:57:15.847Z,7364,2026-08-26T08:57:15.847Z,B57C,Providence,912d32aa-0b7f-4999-bf60-6670fe5985ea,SAMMS-Providence
202608260854399238,202608260654256359,202608260654255519,85,276,Bronze INV,br_AdmissionAssessment,TASK_COMPLETE,SUCCESS,INFO,78,78,0,,2026-08-26T06:54:31.515Z,2026-08-26T08:57:15.847Z,7364,2026-08-26T08:57:15.847Z,B57D,Westerly,912d32aa-0b7f-4999-bf60-6670fe5985ea,SAMMS-Westerly
202608260854399239,202608260654256360,202608260654255519,85,280,Bronze INV,br_AdmissionAssessment,TASK_COMPLETE,SUCCESS,INFO,83,83,0,,2026-08-26T06:54:31.515Z,2026-08-26T08:57:15.847Z,7364,2026-08-26T08:57:15.847Z,B66A,Bremen,912d32aa-0b7f-4999-bf60-6670fe5985ea,SAMMS-Bremen
202608260854399240,202608260654256361,202608260654255519,85,283,Bronze INV,br_AdmissionAssessment,TASK_COMPLETE,SUCCESS,INFO,26,26,0,,2026-08-26T06:54:31.515Z,2026-08-26T08:57:15.847Z,7364,2026-08-26T08:57:15.847Z,B72,Mobile (OBOT),912d32aa-0b7f-4999-bf60-6670fe5985ea,SAMMS-Mobile-OBOT
202608260854399241,202608260654256362,202608260654255519,85,284,Bronze INV,br_AdmissionAssessment,TASK_COMPLETE,SUCCESS,INFO,2,2,0,,2026-08-26T06:54:31.515Z,2026-08-26T08:57:15.847Z,7364,2026-08-26T08:57:15.847Z,B73,Montgomery,912d32aa-0b7f-4999-bf60-6670fe5985ea,SAMMS-Montgomery
202608260854399242,202608260654256363,202608260654255519,85,285,Bronze INV,br_AdmissionAssessment,TASK_COMPLETE,SUCCESS,INFO,107,107,0,,2026-08-26T06:54:31.515Z,2026-08-26T08:57:15.847Z,7364,2026-08-26T08:57:15.847Z,B75,Lawrence,912d32aa-0b7f-4999-bf60-6670fe5985ea,SAMMS-LawrenceV6
202608260854399243,202608260654256364,202608260654255519,85,286,Bronze INV,br_AdmissionAssessment,TASK_COMPLETE,SUCCESS,INFO,50,50,0,,2026-08-26T06:54:31.515Z,2026-08-26T08:57:15.847Z,7364,2026-08-26T08:57:15.847Z,B76,Huntsville OBOT,912d32aa-0b7f-4999-bf60-6670fe5985ea,SAMMS-Huntsville-OBOT
202608260854399244,202608260654256365,202608260654255519,85,287,Bronze INV,br_AdmissionAssessment,TASK_COMPLETE,SUCCESS,INFO,141,141,0,,2026-08-26T06:54:31.515Z,2026-08-26T08:57:15.847Z,7364,2026-08-26T08:57:15.847Z,BAT,Batesville,912d32aa-0b7f-4999-bf60-6670fe5985ea,SAMMS-Batesville
202608260854399246,202608260654256366,202608260654255519,85,288,Bronze INV,br_AdmissionAssessment,TASK_COMPLETE,SUCCESS,INFO,0,0,0,,2026-08-26T06:54:31.515Z,2026-08-26T08:57:15.847Z,7364,2026-08-26T08:57:15.847Z,BG,Bowling Green,912d32aa-0b7f-4999-bf60-6670fe5985ea,SAMMS-BowlingGreen
202608260854399247,202608260654256367,202608260654255519,85,289,Bronze INV,br_AdmissionAssessment,TASK_COMPLETE,SUCCESS,INFO,84,84,0,,2026-08-26T06:54:31.515Z,2026-08-26T08:57:15.847Z,7364,2026-08-26T08:57:15.847Z,BOI,Boise,912d32aa-0b7f-4999-bf60-6670fe5985ea,SAMMS-Boise
202608260854399248,202608260654256368,202608260654255519,85,296,Bronze INV,br_AdmissionAssessment,TASK_COMPLETE,SUCCESS,INFO,56,56,0,,2026-08-26T06:54:31.515Z,2026-08-26T08:57:15.847Z,7364,2026-08-26T08:57:15.847Z,CBCO,Coeur dAlene,912d32aa-0b7f-4999-bf60-6670fe5985ea,SAMMS-CoeurdAleneV6
202608260854399249,202608260654256369,202608260654255519,85,315,Bronze INV,br_AdmissionAssessment,TASK_COMPLETE,SUCCESS,INFO,123,123,0,,2026-08-26T06:54:31.515Z,2026-08-26T08:57:15.847Z,7364,2026-08-26T08:57:15.847Z,CON,Conway,912d32aa-0b7f-4999-bf60-6670fe5985ea,SAMMS-Conway
202608260854399250,202608260654256370,202608260654255519,85,316,Bronze INV,br_AdmissionAssessment,TASK_COMPLETE,SUCCESS,INFO,146,146,0,,2026-08-26T06:54:31.515Z,2026-08-26T08:57:15.847Z,7364,2026-08-26T08:57:15.847Z,D07,Medical Services Knox TN,912d32aa-0b7f-4999-bf60-6670fe5985ea,SAMMS-KnoxvilleV6
202608260854399251,202608260654256371,202608260654255519,85,317,Bronze INV,br_AdmissionAssessment,TASK_COMPLETE,SUCCESS,INFO,174,174,0,,2026-08-26T06:54:31.515Z,2026-08-26T08:57:15.847Z,7364,2026-08-26T08:57:15.847Z,D08,Madison,912d32aa-0b7f-4999-bf60-6670fe5985ea,SAMMS-MadisonV6
202608260854399253,202608260654256372,202608260654255519,85,319,Bronze INV,br_AdmissionAssessment,TASK_COMPLETE,SUCCESS,INFO,204,204,0,,2026-08-26T06:54:31.515Z,2026-08-26T08:57:15.847Z,7364,2026-08-26T08:57:15.847Z,D09,Murfreesboro,912d32aa-0b7f-4999-bf60-6670fe5985ea,SAMMS-MurfreesboroV6
202608260854399254,202608260654256373,202608260654255519,85,320,Bronze INV,br_AdmissionAssessment,TASK_COMPLETE,SUCCESS,INFO,82,82,0,,2026-08-26T06:54:31.515Z,2026-08-26T08:57:15.847Z,7364,2026-08-26T08:57:15.847Z,DA,Davenport,912d32aa-0b7f-4999-bf60-6670fe5985ea,SAMMS-Davenport
202608260854399255,202608260654256374,202608260654255519,85,321,Bronze INV,br_AdmissionAssessment,TASK_COMPLETE,SUCCESS,INFO,137,137,0,,2026-08-26T06:54:31.515Z,2026-08-26T08:57:15.847Z,7364,2026-08-26T08:57:15.847Z,DM,Des Moines,912d32aa-0b7f-4999-bf60-6670fe5985ea,SAMMS-DesMoines
202608260854399256,202608260654256375,202608260654255519,85,323,Bronze INV,br_AdmissionAssessment,TASK_COMPLETE,SUCCESS,INFO,143,143,0,,2026-08-26T06:54:31.515Z,2026-08-26T08:57:15.847Z,7364,2026-08-26T08:57:15.847Z,DRD-CO,Columbia MO,912d32aa-0b7f-4999-bf60-6670fe5985ea,SAMMS-ColumbiaV5
202608260854399257,202608260654256376,202608260654255519,85,324,Bronze INV,br_AdmissionAssessment,TASK_COMPLETE,SUCCESS,INFO,161,161,0,,2026-08-26T06:54:31.515Z,2026-08-26T08:57:15.847Z,7364,2026-08-26T08:57:15.847Z,DRD-KC,KC,912d32aa-0b7f-4999-bf60-6670fe5985ea,SAMMS-KCv5
202608260854399258,202608260654256377,202608260654255519,85,325,Bronze INV,br_AdmissionAssessment,TASK_COMPLETE,SUCCESS,INFO,121,121,0,,2026-08-26T06:54:31.515Z,2026-08-26T08:57:15.847Z,7364,2026-08-26T08:57:15.847Z,DRD-KVB,KVB,912d32aa-0b7f-4999-bf60-6670fe5985ea,SAMMS-KVBv5
202608260854399259,202608260654256378,202608260654255519,85,326,Bronze INV,br_AdmissionAssessment,TASK_COMPLETE,SUCCESS,INFO,368,368,0,,2026-08-26T06:54:31.515Z,2026-08-26T08:57:15.847Z,7364,2026-08-26T08:57:15.847Z,DRD-KVC,KVC,912d32aa-0b7f-4999-bf60-6670fe5985ea,SAMMS-KVCv5
202608260854399261,202608260654256379,202608260654255519,85,327,Bronze INV,br_AdmissionAssessment,TASK_COMPLETE,SUCCESS,INFO,331,331,0,,2026-08-26T06:54:31.515Z,2026-08-26T08:57:15.847Z,7364,2026-08-26T08:57:15.847Z,DRD-NOLA,NOLA,912d32aa-0b7f-4999-bf60-6670fe5985ea,SAMMS-NOLAv5
202608260854399262,202608260654256380,202608260654255519,85,328,Bronze INV,br_AdmissionAssessment,TASK_COMPLETE,SUCCESS,INFO,246,246,0,,2026-08-26T06:54:31.515Z,2026-08-26T08:57:15.847Z,7364,2026-08-26T08:57:15.847Z,DRD-SF,Springfield,912d32aa-0b7f-4999-bf60-6670fe5985ea,SAMMS-SFv5
202608260854399263,202608260654256381,202608260654255519,85,330,Bronze INV,br_AdmissionAssessment,TASK_COMPLETE,SUCCESS,INFO,88,88,0,,2026-08-26T06:54:31.515Z,2026-08-26T08:57:15.847Z,7364,2026-08-26T08:57:15.847Z,ELC,Elizabeth City,912d32aa-0b7f-4999-bf60-6670fe5985ea,SAMMS-ElizabethCity
202608260854399264,202608260654256382,202608260654255519,85,331,Bronze INV,br_AdmissionAssessment,TASK_COMPLETE,SUCCESS,INFO,4,4,0,,2026-08-26T06:54:31.515Z,2026-08-26T08:57:15.847Z,7364,2026-08-26T08:57:15.847Z,ET,Elizabethtown,912d32aa-0b7f-4999-bf60-6670fe5985ea,SAMMS-Elizabethtown
202608260854399265,202608260654256383,202608260654255519,85,332,Bronze INV,br_AdmissionAssessment,TASK_COMPLETE,SUCCESS,INFO,115,115,0,,2026-08-26T06:54:31.515Z,2026-08-26T08:57:15.847Z,7364,2026-08-26T08:57:15.847Z,FAY,Fayetteville,912d32aa-0b7f-4999-bf60-6670fe5985ea,SAMMS-Fayetteville
202608260854399266,202608260654256384,202608260654255519,85,333,Bronze INV,br_AdmissionAssessment,TASK_COMPLETE,SUCCESS,INFO,3,3,0,,2026-08-26T06:54:31.515Z,2026-08-26T08:57:15.847Z,7364,2026-08-26T08:57:15.847Z,FR,Frankfort,912d32aa-0b7f-4999-bf60-6670fe5985ea,SAMMS-Frankfort
202608260854399268,202608260654256385,202608260654255519,85,334,Bronze INV,br_AdmissionAssessment,TASK_COMPLETE,SUCCESS,INFO,107,107,0,,2026-08-26T06:54:31.515Z,2026-08-26T08:57:15.847Z,7364,2026-08-26T08:57:15.847Z,FS,Fort Smith,912d32aa-0b7f-4999-bf60-6670fe5985ea,SAMMS-FortSmith
202608260854399269,202608260654256386,202608260654255519,85,335,Bronze INV,br_AdmissionAssessment,TASK_COMPLETE,SUCCESS,INFO,204,204,0,,2026-08-26T06:54:31.515Z,2026-08-26T08:57:15.847Z,7364,2026-08-26T08:57:15.847Z,FW,Fort Wayne,912d32aa-0b7f-4999-bf60-6670fe5985ea,SAMMS-FortWayne
202608260854399270,202608260654256387,202608260654255519,85,336,Bronze INV,br_AdmissionAssessment,TASK_COMPLETE,SUCCESS,INFO,34,34,0,,2026-08-26T06:54:31.515Z,2026-08-26T08:57:15.847Z,7364,2026-08-26T08:57:15.847Z,GAL,Gaylord,912d32aa-0b7f-4999-bf60-6670fe5985ea,SAMMS-Gaylord
202608260854399271,202608260654256388,202608260654255519,85,340,Bronze INV,br_AdmissionAssessment,TASK_COMPLETE,SUCCESS,INFO,163,163,0,,2026-08-26T06:54:31.515Z,2026-08-26T08:57:15.847Z,7364,2026-08-26T08:57:15.847Z,HGT,Hagerstown,912d32aa-0b7f-4999-bf60-6670fe5985ea,SAMMS-Hagerstown
202608260854399272,202608260654256389,202608260654255519,85,341,Bronze INV,br_AdmissionAssessment,TASK_COMPLETE,SUCCESS,INFO,121,121,0,,2026-08-26T06:54:31.515Z,2026-08-26T08:57:15.847Z,7364,2026-08-26T08:57:15.847Z,HNT,Huntsville,912d32aa-0b7f-4999-bf60-6670fe5985ea,SAMMS-Huntsville
202608260854399273,202608260654256390,202608260654255519,85,342,Bronze INV,br_AdmissionAssessment,TASK_COMPLETE,SUCCESS,INFO,151,151,0,,2026-08-26T06:54:31.515Z,2026-08-26T08:57:15.847Z,7364,2026-08-26T08:57:15.847Z,HS,Hot Springs,912d32aa-0b7f-4999-bf60-6670fe5985ea,SAMMS-HotSprings
202608260854399274,202608260654256391,202608260654255519,85,343,Bronze INV,br_AdmissionAssessment,TASK_COMPLETE,SUCCESS,INFO,77,77,0,,2026-08-26T06:54:31.515Z,2026-08-26T08:57:15.847Z,7364,2026-08-26T08:57:15.847Z,JON,Jonesboro,912d32aa-0b7f-4999-bf60-6670fe5985ea,SAMMS-Jonesboro
202608260854399276,202608260654256392,202608260654255519,85,345,Bronze INV,br_AdmissionAssessment,TASK_COMPLETE,SUCCESS,INFO,72,72,0,,2026-08-26T06:54:31.515Z,2026-08-26T08:57:15.847Z,7364,2026-08-26T08:57:15.847Z,LAN,Lansing,912d32aa-0b7f-4999-bf60-6670fe5985ea,SAMMS-Lansing
202608260854399277,202608260654256393,202608260654255519,85,346,Bronze INV,br_AdmissionAssessment,TASK_COMPLETE,SUCCESS,INFO,2,2,0,,2026-08-26T06:54:31.515Z,2026-08-26T08:57:15.847Z,7364,2026-08-26T08:57:15.847Z,LO,Louisville,912d32aa-0b7f-4999-bf60-6670fe5985ea,SAMMS-Louisville
202608260854399278,202608260654256394,202608260654255519,85,347,Bronze INV,br_AdmissionAssessment,TASK_COMPLETE,SUCCESS,INFO,379,379,0,,2026-08-26T06:54:31.515Z,2026-08-26T08:57:15.847Z,7364,2026-08-26T08:57:15.847Z,LV1,Cheyenne,912d32aa-0b7f-4999-bf60-6670fe5985ea,SAMMS-Cheyenne
202608260854399279,202608260654256395,202608260654255519,85,348,Bronze INV,br_AdmissionAssessment,TASK_COMPLETE,SUCCESS,INFO,353,353,0,,2026-08-26T06:54:31.515Z,2026-08-26T08:57:15.847Z,7364,2026-08-26T08:57:15.847Z,LV2,Desert Inn,912d32aa-0b7f-4999-bf60-6670fe5985ea,SAMMS-DesertInn
202608200219258382,202608200029238752,202608200029237018,85,3002,Bronze INV,br_ReAssessment,TASK_COMPLETE,FAILED,ERROR,0,0,1,SaveReAssessment Bronze ForEach failed,2026-08-20T00:29:28.539Z,2026-08-20T02:40:07.937Z,7839,2026-08-20T02:40:07.937Z,B34,Corbin,2e0eb052-bb28-45b1-894f-8dc0851c56cc,SAMMS-CorbinV5
202608200219258383,202608200029238753,202608200029237018,85,3003,Bronze INV,br_ReAssessment,TASK_COMPLETE,FAILED,ERROR,0,0,1,SaveReAssessment Bronze ForEach failed,2026-08-20T00:29:28.539Z,2026-08-20T02:40:07.937Z,7839,2026-08-20T02:40:07.937Z,B35,Lexington,2e0eb052-bb28-45b1-894f-8dc0851c56cc,SAMMS-LexingtonV5
202608200219258384,202608200029238754,202608200029237018,85,3004,Bronze INV,br_ReAssessment,TASK_COMPLETE,FAILED,ERROR,0,0,1,SaveReAssessment Bronze ForEach failed,2026-08-20T00:29:28.539Z,2026-08-20T02:40:07.937Z,7839,2026-08-20T02:40:07.937Z,B35A,Berea,2e0eb052-bb28-45b1-894f-8dc0851c56cc,SAMMS-BereaV5
202608200219258385,202608200029238755,202608200029237018,85,3005,Bronze INV,br_ReAssessment,TASK_COMPLETE,FAILED,ERROR,0,0,1,SaveReAssessment Bronze ForEach failed,2026-08-20T00:29:28.539Z,2026-08-20T02:40:07.937Z,7839,2026-08-20T02:40:07.937Z,B36,Asheville,2e0eb052-bb28-45b1-894f-8dc0851c56cc,SAMMS-AshevilleV5
202608200219258387,202608200029238756,202608200029237018,85,3006,Bronze INV,br_ReAssessment,TASK_COMPLETE,FAILED,ERROR,0,0,1,SaveReAssessment Bronze ForEach failed,2026-08-20T00:29:28.539Z,2026-08-20T02:40:07.937Z,7839,2026-08-20T02:40:07.937Z,B37,Clyde,2e0eb052-bb28-45b1-894f-8dc0851c56cc,SAMMS-ClydeV5
202608200219258388,202608200029238757,202608200029237018,85,3007,Bronze INV,br_ReAssessment,TASK_COMPLETE,FAILED,ERROR,0,0,1,SaveReAssessment Bronze ForEach failed,2026-08-20T00:29:28.539Z,2026-08-20T02:40:07.937Z,7839,2026-08-20T02:40:07.937Z,B38,Spartanburg,2e0eb052-bb28-45b1-894f-8dc0851c56cc,SAMMS-SpartanburgV5
202608200219258389,202608200029238758,202608200029237018,85,3008,Bronze INV,br_ReAssessment,TASK_COMPLETE,FAILED,ERROR,0,0,1,SaveReAssessment Bronze ForEach failed,2026-08-20T00:29:28.539Z,2026-08-20T02:40:07.937Z,7839,2026-08-20T02:40:07.937Z,B39,Aiken,2e0eb052-bb28-45b1-894f-8dc0851c56cc,SAMMS-AikenV5
202608200219258390,202608200029238759,202608200029237018,85,3009,Bronze INV,br_ReAssessment,TASK_COMPLETE,FAILED,ERROR,0,0,1,SaveReAssessment Bronze ForEach failed,2026-08-20T00:29:28.539Z,2026-08-20T02:40:07.937Z,7839,2026-08-20T02:40:07.937Z,B41,Chesapeake,2e0eb052-bb28-45b1-894f-8dc0851c56cc,SAMMS-ChesapeakeV5
202608200219258391,202608200029238760,202608200029237018,85,3010,Bronze INV,br_ReAssessment,TASK_COMPLETE,FAILED,ERROR,0,0,1,SaveReAssessment Bronze ForEach failed,2026-08-20T00:29:28.539Z,2026-08-20T02:40:07.937Z,7839,2026-08-20T02:40:07.937Z,B42,Virginia Beach,2e0eb052-bb28-45b1-894f-8dc0851c56cc,SAMMS-VirginiaBeachV5
202608200219258392,202608200029238761,202608200029237018,85,3011,Bronze INV,br_ReAssessment,TASK_COMPLETE,FAILED,ERROR,0,0,1,SaveReAssessment Bronze ForEach failed,2026-08-20T00:29:28.539Z,2026-08-20T02:40:07.937Z,7839,2026-08-20T02:40:07.937Z,B42A,Newport News,2e0eb052-bb28-45b1-894f-8dc0851c56cc,SAMMS-NewportNewsV5
202608200219258393,202608200029238762,202608200029237018,85,3012,Bronze INV,br_ReAssessment,TASK_COMPLETE,FAILED,ERROR,0,0,1,SaveReAssessment Bronze ForEach failed,2026-08-20T00:29:28.539Z,2026-08-20T02:40:07.937Z,7839,2026-08-20T02:40:07.937Z,B42B,Franklin,2e0eb052-bb28-45b1-894f-8dc0851c56cc,SAMMS-FranklinV5
202608200219258395,202608200029238763,202608200029237018,85,3013,Bronze INV,br_ReAssessment,TASK_COMPLETE,FAILED,ERROR,0,0,1,SaveReAssessment Bronze ForEach failed,2026-08-20T00:29:28.539Z,2026-08-20T02:40:07.937Z,7839,2026-08-20T02:40:07.937Z,B42C,Glen Allen,2e0eb052-bb28-45b1-894f-8dc0851c56cc,SAMMS-GlenAllenV5
202608200219258396,202608200029238764,202608200029237018,85,3014,Bronze INV,br_ReAssessment,TASK_COMPLETE,FAILED,ERROR,0,0,1,SaveReAssessment Bronze ForEach failed,2026-08-20T00:29:28.539Z,2026-08-20T02:40:07.937Z,7839,2026-08-20T02:40:07.937Z,B42D,Chesapeake South,2e0eb052-bb28-45b1-894f-8dc0851c56cc,SAMMS-ChesapeakeSouthV5
202608200219258397,202608200029238765,202608200029237018,85,3015,Bronze INV,br_ReAssessment,TASK_COMPLETE,FAILED,ERROR,0,0,1,SaveReAssessment Bronze ForEach failed,2026-08-20T00:29:28.539Z,2026-08-20T02:40:07.937Z,7839,2026-08-20T02:40:07.937Z,B44,Albany,2e0eb052-bb28-45b1-894f-8dc0851c56cc,SAMMS-AlbanyV5
202608200219258398,202608200029238766,202608200029237018,85,3016,Bronze INV,br_ReAssessment,TASK_COMPLETE,FAILED,ERROR,0,0,1,SaveReAssessment Bronze ForEach failed,2026-08-20T00:29:28.539Z,2026-08-20T02:40:07.937Z,7839,2026-08-20T02:40:07.937Z,B45,Tifton,2e0eb052-bb28-45b1-894f-8dc0851c56cc,SAMMS-TiftonV5
202608200219258399,202608200029238767,202608200029237018,85,3017,Bronze INV,br_ReAssessment,TASK_COMPLETE,FAILED,ERROR,0,0,1,SaveReAssessment Bronze ForEach failed,2026-08-20T00:29:28.539Z,2026-08-20T02:40:07.937Z,7839,2026-08-20T02:40:07.937Z,B46,Washington DC,2e0eb052-bb28-45b1-894f-8dc0851c56cc,SAMMS-WashingtonDCv5
202608200219258400,202608200029238768,202608200029237018,85,3018,Bronze INV,br_ReAssessment,TASK_COMPLETE,FAILED,ERROR,0,0,1,SaveReAssessment Bronze ForEach failed,2026-08-20T00:29:28.539Z,2026-08-20T02:40:07.937Z,7839,2026-08-20T02:40:07.937Z,B47,Mobile,2e0eb052-bb28-45b1-894f-8dc0851c56cc,SAMMS-MobileV5
202608200219258401,202608200029238769,202608200029237018,85,3019,Bronze INV,br_ReAssessment,TASK_COMPLETE,FAILED,ERROR,0,0,1,SaveReAssessment Bronze ForEach failed,2026-08-20T00:29:28.539Z,2026-08-20T02:40:07.937Z,7839,2026-08-20T02:40:07.937Z,B48,Tuscaloosa,2e0eb052-bb28-45b1-894f-8dc0851c56cc,SAMMS-TuscaloosaV5
202608200219258403,202608200029238770,202608200029237018,85,3028,Bronze INV,br_ReAssessment,TASK_COMPLETE,FAILED,ERROR,0,0,1,SaveReAssessment Bronze ForEach failed,2026-08-20T00:29:28.539Z,2026-08-20T02:40:07.937Z,7839,2026-08-20T02:40:07.937Z,B51,N. Little Rock (OTP),2e0eb052-bb28-45b1-894f-8dc0851c56cc,SAMMS-NorthLittleRockV6
202608200219258404,202608200029238771,202608200029237018,85,3029,Bronze INV,br_ReAssessment,TASK_COMPLETE,FAILED,ERROR,0,0,1,SaveReAssessment Bronze ForEach failed,2026-08-20T00:29:28.539Z,2026-08-20T02:40:07.937Z,7839,2026-08-20T02:40:07.937Z,B52,Jackson GA,2e0eb052-bb28-45b1-894f-8dc0851c56cc,SAMMS-JacksonGAV5
202608200219258405,202608200029238772,202608200029237018,85,3030,Bronze INV,br_ReAssessment,TASK_COMPLETE,FAILED,ERROR,0,0,1,SaveReAssessment Bronze ForEach failed,2026-08-20T00:29:28.539Z,2026-08-20T02:40:07.937Z,7839,2026-08-20T02:40:07.937Z,B54,Gadsden,2e0eb052-bb28-45b1-894f-8dc0851c56cc,SAMMS-GadsdenV5
202608200219258406,202608200029238773,202608200029237018,85,3031,Bronze INV,br_ReAssessment,TASK_COMPLETE,FAILED,ERROR,0,0,1,SaveReAssessment Bronze ForEach failed,2026-08-20T00:29:28.539Z,2026-08-20T02:40:07.937Z,7839,2026-08-20T02:40:07.937Z,B55,Shoals,2e0eb052-bb28-45b1-894f-8dc0851c56cc,SAMMS-ShoalsV5
202608200219258407,202608200029238774,202608200029237018,85,3032,Bronze INV,br_ReAssessment,TASK_COMPLETE,FAILED,ERROR,0,0,1,SaveReAssessment Bronze ForEach failed,2026-08-20T00:29:28.539Z,2026-08-20T02:40:07.937Z,7839,2026-08-20T02:40:07.937Z,B57,Pawtucket,2e0eb052-bb28-45b1-894f-8dc0851c56cc,SAMMS-Pawtucket
202608200219258408,202608200029238775,202608200029237018,85,3033,Bronze INV,br_ReAssessment,TASK_COMPLETE,FAILED,ERROR,0,0,1,SaveReAssessment Bronze ForEach failed,2026-08-20T00:29:28.539Z,2026-08-20T02:40:07.937Z,7839,2026-08-20T02:40:07.937Z,B57A,Johnston,2e0eb052-bb28-45b1-894f-8dc0851c56cc,SAMMS-Johnston
202608200219258409,202608200029238776,202608200029237018,85,3034,Bronze INV,br_ReAssessment,TASK_COMPLETE,FAILED,ERROR,0,0,1,SaveReAssessment Bronze ForEach failed,2026-08-20T00:29:28.539Z,2026-08-20T02:40:07.937Z,7839,2026-08-20T02:40:07.937Z,B57B,Middletown,2e0eb052-bb28-45b1-894f-8dc0851c56cc,SAMMS-Middletown
202608200219258410,202608200029238777,202608200029237018,85,3035,Bronze INV,br_ReAssessment,TASK_COMPLETE,FAILED,ERROR,0,0,1,SaveReAssessment Bronze ForEach failed,2026-08-20T00:29:28.539Z,2026-08-20T02:40:07.937Z,7839,2026-08-20T02:40:07.937Z,B57C,Providence,2e0eb052-bb28-45b1-894f-8dc0851c56cc,SAMMS-Providence
202608200219258411,202608200029238778,202608200029237018,85,3036,Bronze INV,br_ReAssessment,TASK_COMPLETE,FAILED,ERROR,0,0,1,SaveReAssessment Bronze ForEach failed,2026-08-20T00:29:28.539Z,2026-08-20T02:40:07.937Z,7839,2026-08-20T02:40:07.937Z,B57D,Westerly,2e0eb052-bb28-45b1-894f-8dc0851c56cc,SAMMS-Westerly
202608200219258413,202608200029238779,202608200029237018,85,3040,Bronze INV,br_ReAssessment,TASK_COMPLETE,FAILED,ERROR,0,0,1,SaveReAssessment Bronze ForEach failed,2026-08-20T00:29:28.539Z,2026-08-20T02:40:07.937Z,7839,2026-08-20T02:40:07.937Z,B66A,Bremen,2e0eb052-bb28-45b1-894f-8dc0851c56cc,SAMMS-Bremen
202608200219258414,202608200029238780,202608200029237018,85,3043,Bronze INV,br_ReAssessment,TASK_COMPLETE,FAILED,ERROR,0,0,1,SaveReAssessment Bronze ForEach failed,2026-08-20T00:29:28.539Z,2026-08-20T02:40:07.937Z,7839,2026-08-20T02:40:07.937Z,B72,Mobile (OBOT),2e0eb052-bb28-45b1-894f-8dc0851c56cc,SAMMS-Mobile-OBOT
202608200219258415,202608200029238781,202608200029237018,85,3044,Bronze INV,br_ReAssessment,TASK_COMPLETE,FAILED,ERROR,0,0,1,SaveReAssessment Bronze ForEach failed,2026-08-20T00:29:28.539Z,2026-08-20T02:40:07.937Z,7839,2026-08-20T02:40:07.937Z,B73,Montgomery,2e0eb052-bb28-45b1-894f-8dc0851c56cc,SAMMS-Montgomery
202608200219258416,202608200029238782,202608200029237018,85,3045,Bronze INV,br_ReAssessment,TASK_COMPLETE,FAILED,ERROR,0,0,1,SaveReAssessment Bronze ForEach failed,2026-08-20T00:29:28.539Z,2026-08-20T02:40:07.937Z,7839,2026-08-20T02:40:07.937Z,B75,Lawrence,2e0eb052-bb28-45b1-894f-8dc0851c56cc,SAMMS-LawrenceV6
202608200219258417,202608200029238783,202608200029237018,85,3046,Bronze INV,br_ReAssessment,TASK_COMPLETE,FAILED,ERROR,0,0,1,SaveReAssessment Bronze ForEach failed,2026-08-20T00:29:28.539Z,2026-08-20T02:40:07.937Z,7839,2026-08-20T02:40:07.937Z,B76,Huntsville OBOT,2e0eb052-bb28-45b1-894f-8dc0851c56cc,SAMMS-Huntsville-OBOT
202608200219258418,202608200029238784,202608200029237018,85,3047,Bronze INV,br_ReAssessment,TASK_COMPLETE,FAILED,ERROR,0,0,1,SaveReAssessment Bronze ForEach failed,2026-08-20T00:29:28.539Z,2026-08-20T02:40:07.937Z,7839,2026-08-20T02:40:07.937Z,BAT,Batesville,2e0eb052-bb28-45b1-894f-8dc0851c56cc,SAMMS-Batesville
202608200219258419,202608200029238785,202608200029237018,85,3048,Bronze INV,br_ReAssessment,TASK_COMPLETE,FAILED,ERROR,0,0,1,SaveReAssessment Bronze ForEach failed,2026-08-20T00:29:28.539Z,2026-08-20T02:40:07.937Z,7839,2026-08-20T02:40:07.937Z,BG,Bowling Green,2e0eb052-bb28-45b1-894f-8dc0851c56cc,SAMMS-BowlingGreen
202608200219258420,202608200029238786,202608200029237018,85,3049,Bronze INV,br_ReAssessment,TASK_COMPLETE,FAILED,ERROR,0,0,1,SaveReAssessment Bronze ForEach failed,2026-08-20T00:29:28.539Z,2026-08-20T02:40:07.937Z,7839,2026-08-20T02:40:07.937Z,BOI,Boise,2e0eb052-bb28-45b1-894f-8dc0851c56cc,SAMMS-Boise
202608200219258421,202608200029238787,202608200029237018,85,3056,Bronze INV,br_ReAssessment,TASK_COMPLETE,FAILED,ERROR,0,0,1,SaveReAssessment Bronze ForEach failed,2026-08-20T00:29:28.539Z,2026-08-20T02:40:07.937Z,7839,2026-08-20T02:40:07.937Z,CBCO,Coeur dAlene,2e0eb052-bb28-45b1-894f-8dc0851c56cc,SAMMS-CoeurdAleneV6
202608200219258422,202608200029238788,202608200029237018,85,3075,Bronze INV,br_ReAssessment,TASK_COMPLETE,FAILED,ERROR,0,0,1,SaveReAssessment Bronze ForEach failed,2026-08-20T00:29:28.539Z,2026-08-20T02:40:07.937Z,7839,2026-08-20T02:40:07.937Z,CON,Conway,2e0eb052-bb28-45b1-894f-8dc0851c56cc,SAMMS-Conway
202608200219258424,202608200029238789,202608200029237018,85,3076,Bronze INV,br_ReAssessment,TASK_COMPLETE,FAILED,ERROR,0,0,1,SaveReAssessment Bronze ForEach failed,2026-08-20T00:29:28.539Z,2026-08-20T02:40:07.937Z,7839,2026-08-20T02:40:07.937Z,D07,Medical Services Knox TN,2e0eb052-bb28-45b1-894f-8dc0851c56cc,SAMMS-KnoxvilleV6
202608260854401598,202608260654255913,202608260654255519,85,2892,Bronze INV,br_OrientationChecklistNew,TASK_COMPLETE,SUCCESS,INFO,0,0,0,,2026-08-26T06:54:31.515Z,2026-08-26T08:57:15.847Z,7364,2026-08-26T08:57:15.847Z,D07,Medical Services Knox TN,912d32aa-0b7f-4999-bf60-6670fe5985ea,SAMMS-KnoxvilleV6
202608260854401599,202608260654255914,202608260654255519,85,2893,Bronze INV,br_OrientationChecklistNew,TASK_COMPLETE,SUCCESS,INFO,141,141,0,,2026-08-26T06:54:31.515Z,2026-08-26T08:57:15.847Z,7364,2026-08-26T08:57:15.847Z,D08,Madison,912d32aa-0b7f-4999-bf60-6670fe5985ea,SAMMS-MadisonV6
202608260854401600,202608260654255915,202608260654255519,85,2895,Bronze INV,br_OrientationChecklistNew,TASK_COMPLETE,SUCCESS,INFO,203,203,0,,2026-08-26T06:54:31.515Z,2026-08-26T08:57:15.847Z,7364,2026-08-26T08:57:15.847Z,D09,Murfreesboro,912d32aa-0b7f-4999-bf60-6670fe5985ea,SAMMS-MurfreesboroV6
202608260854401601,202608260654255916,202608260654255519,85,2896,Bronze INV,br_OrientationChecklistNew,TASK_COMPLETE,SUCCESS,INFO,53,53,0,,2026-08-26T06:54:31.515Z,2026-08-26T08:57:15.847Z,7364,2026-08-26T08:57:15.847Z,DA,Davenport,912d32aa-0b7f-4999-bf60-6670fe5985ea,SAMMS-Davenport
202608260854401602,202608260654255917,202608260654255519,85,2897,Bronze INV,br_OrientationChecklistNew,TASK_COMPLETE,SUCCESS,INFO,85,85,0,,2026-08-26T06:54:31.515Z,2026-08-26T08:57:15.847Z,7364,2026-08-26T08:57:15.847Z,DM,Des Moines,912d32aa-0b7f-4999-bf60-6670fe5985ea,SAMMS-DesMoines
202608260854401603,202608260654255918,202608260654255519,85,2899,Bronze INV,br_OrientationChecklistNew,TASK_COMPLETE,SUCCESS,INFO,130,130,0,,2026-08-26T06:54:31.515Z,2026-08-26T08:57:15.847Z,7364,2026-08-26T08:57:15.847Z,DRD-CO,Columbia MO,912d32aa-0b7f-4999-bf60-6670fe5985ea,SAMMS-ColumbiaV5
202608260854401604,202608260654255919,202608260654255519,85,2900,Bronze INV,br_OrientationChecklistNew,TASK_COMPLETE,SUCCESS,INFO,161,161,0,,2026-08-26T06:54:31.515Z,2026-08-26T08:57:15.847Z,7364,2026-08-26T08:57:15.847Z,DRD-KC,KC,912d32aa-0b7f-4999-bf60-6670fe5985ea,SAMMS-KCv5
202608260854401605,202608260654255920,202608260654255519,85,2901,Bronze INV,br_OrientationChecklistNew,TASK_COMPLETE,SUCCESS,INFO,121,121,0,,2026-08-26T06:54:31.515Z,2026-08-26T08:57:15.847Z,7364,2026-08-26T08:57:15.847Z,DRD-KVB,KVB,912d32aa-0b7f-4999-bf60-6670fe5985ea,SAMMS-KVBv5
202608260854401606,202608260654255921,202608260654255519,85,2902,Bronze INV,br_OrientationChecklistNew,TASK_COMPLETE,SUCCESS,INFO,330,330,0,,2026-08-26T06:54:31.515Z,2026-08-26T08:57:15.847Z,7364,2026-08-26T08:57:15.847Z,DRD-KVC,KVC,912d32aa-0b7f-4999-bf60-6670fe5985ea,SAMMS-KVCv5
202608260854401608,202608260654255922,202608260654255519,85,2903,Bronze INV,br_OrientationChecklistNew,TASK_COMPLETE,SUCCESS,INFO,344,344,0,,2026-08-26T06:54:31.515Z,2026-08-26T08:57:15.847Z,7364,2026-08-26T08:57:15.847Z,DRD-NOLA,NOLA,912d32aa-0b7f-4999-bf60-6670fe5985ea,SAMMS-NOLAv5
202608260854401609,202608260654255923,202608260654255519,85,2904,Bronze INV,br_OrientationChecklistNew,TASK_COMPLETE,SUCCESS,INFO,229,229,0,,2026-08-26T06:54:31.515Z,2026-08-26T08:57:15.847Z,7364,2026-08-26T08:57:15.847Z,DRD-SF,Springfield,912d32aa-0b7f-4999-bf60-6670fe5985ea,SAMMS-SFv5
202608260854401610,202608260654255924,202608260654255519,85,2906,Bronze INV,br_OrientationChecklistNew,TASK_COMPLETE,SUCCESS,INFO,107,107,0,,2026-08-26T06:54:31.515Z,2026-08-26T08:57:15.847Z,7364,2026-08-26T08:57:15.847Z,ELC,Elizabeth City,912d32aa-0b7f-4999-bf60-6670fe5985ea,SAMMS-ElizabethCity
202608260854401611,202608260654255925,202608260654255519,85,2907,Bronze INV,br_OrientationChecklistNew,TASK_COMPLETE,SUCCESS,INFO,120,120,0,,2026-08-26T06:54:31.515Z,2026-08-26T08:57:15.847Z,7364,2026-08-26T08:57:15.847Z,ET,Elizabethtown,912d32aa-0b7f-4999-bf60-6670fe5985ea,SAMMS-Elizabethtown
202608260854401612,202608260654255926,202608260654255519,85,2908,Bronze INV,br_OrientationChecklistNew,TASK_COMPLETE,SUCCESS,INFO,0,0,0,,2026-08-26T06:54:31.515Z,2026-08-26T08:57:15.847Z,7364,2026-08-26T08:57:15.847Z,FAY,Fayetteville,912d32aa-0b7f-4999-bf60-6670fe5985ea,SAMMS-Fayetteville
202608260854401613,202608260654255927,202608260654255519,85,2909,Bronze INV,br_OrientationChecklistNew,TASK_COMPLETE,SUCCESS,INFO,110,110,0,,2026-08-26T06:54:31.515Z,2026-08-26T08:57:15.847Z,7364,2026-08-26T08:57:15.847Z,FR,Frankfort,912d32aa-0b7f-4999-bf60-6670fe5985ea,SAMMS-Frankfort
202608260854401614,202608260654255928,202608260654255519,85,2910,Bronze INV,br_OrientationChecklistNew,TASK_COMPLETE,SUCCESS,INFO,0,0,0,,2026-08-26T06:54:31.515Z,2026-08-26T08:57:15.847Z,7364,2026-08-26T08:57:15.847Z,FS,Fort Smith,912d32aa-0b7f-4999-bf60-6670fe5985ea,SAMMS-FortSmith
202608260854401615,202608260654255929,202608260654255519,85,2911,Bronze INV,br_OrientationChecklistNew,TASK_COMPLETE,SUCCESS,INFO,197,197,0,,2026-08-26T06:54:31.515Z,2026-08-26T08:57:15.847Z,7364,2026-08-26T08:57:15.847Z,FW,Fort Wayne,912d32aa-0b7f-4999-bf60-6670fe5985ea,SAMMS-FortWayne
202608260854401617,202608260654255930,202608260654255519,85,2912,Bronze INV,br_OrientationChecklistNew,TASK_COMPLETE,SUCCESS,INFO,17,17,0,,2026-08-26T06:54:31.515Z,2026-08-26T08:57:15.847Z,7364,2026-08-26T08:57:15.847Z,GAL,Gaylord,912d32aa-0b7f-4999-bf60-6670fe5985ea,SAMMS-Gaylord
202608260854401618,202608260654255931,202608260654255519,85,2916,Bronze INV,br_OrientationChecklistNew,TASK_COMPLETE,SUCCESS,INFO,124,124,0,,2026-08-26T06:54:31.515Z,2026-08-26T08:57:15.847Z,7364,2026-08-26T08:57:15.847Z,HGT,Hagerstown,912d32aa-0b7f-4999-bf60-6670fe5985ea,SAMMS-Hagerstown
202608260854401619,202608260654255932,202608260654255519,85,2917,Bronze INV,br_OrientationChecklistNew,TASK_COMPLETE,SUCCESS,INFO,93,93,0,,2026-08-26T06:54:31.515Z,2026-08-26T08:57:15.847Z,7364,2026-08-26T08:57:15.847Z,HNT,Huntsville,912d32aa-0b7f-4999-bf60-6670fe5985ea,SAMMS-Huntsville
202608260854401620,202608260654255933,202608260654255519,85,2918,Bronze INV,br_OrientationChecklistNew,TASK_COMPLETE,SUCCESS,INFO,0,0,0,,2026-08-26T06:54:31.515Z,2026-08-26T08:57:15.847Z,7364,2026-08-26T08:57:15.847Z,HS,Hot Springs,912d32aa-0b7f-4999-bf60-6670fe5985ea,SAMMS-HotSprings
202608260854401621,202608260654255934,202608260654255519,85,2919,Bronze INV,br_OrientationChecklistNew,TASK_COMPLETE,SUCCESS,INFO,0,0,0,,2026-08-26T06:54:31.515Z,2026-08-26T08:57:15.847Z,7364,2026-08-26T08:57:15.847Z,JON,Jonesboro,912d32aa-0b7f-4999-bf60-6670fe5985ea,SAMMS-Jonesboro
202608260854401622,202608260654255935,202608260654255519,85,2921,Bronze INV,br_OrientationChecklistNew,TASK_COMPLETE,SUCCESS,INFO,14,14,0,,2026-08-26T06:54:31.515Z,2026-08-26T08:57:15.847Z,7364,2026-08-26T08:57:15.847Z,LAN,Lansing,912d32aa-0b7f-4999-bf60-6670fe5985ea,SAMMS-Lansing
202608260854401624,202608260654255936,202608260654255519,85,2922,Bronze INV,br_OrientationChecklistNew,TASK_COMPLETE,SUCCESS,INFO,179,179,0,,2026-08-26T06:54:31.515Z,2026-08-26T08:57:15.847Z,7364,2026-08-26T08:57:15.847Z,LO,Louisville,912d32aa-0b7f-4999-bf60-6670fe5985ea,SAMMS-Louisville
202608260854401625,202608260654255937,202608260654255519,85,2923,Bronze INV,br_OrientationChecklistNew,TASK_COMPLETE,SUCCESS,INFO,342,342,0,,2026-08-26T06:54:31.515Z,2026-08-26T08:57:15.847Z,7364,2026-08-26T08:57:15.847Z,LV1,Cheyenne,912d32aa-0b7f-4999-bf60-6670fe5985ea,SAMMS-Cheyenne
202608260854401626,202608260654255938,202608260654255519,85,2924,Bronze INV,br_OrientationChecklistNew,TASK_COMPLETE,SUCCESS,INFO,189,189,0,,2026-08-26T06:54:31.515Z,2026-08-26T08:57:15.847Z,7364,2026-08-26T08:57:15.847Z,LV2,Desert Inn,912d32aa-0b7f-4999-bf60-6670fe5985ea,SAMMS-DesertInn
202608260854401627,202608260654255939,202608260654255519,85,2925,Bronze INV,br_OrientationChecklistNew,TASK_COMPLETE,SUCCESS,INFO,88,88,0,,2026-08-26T06:54:31.515Z,2026-08-26T08:57:15.847Z,7364,2026-08-26T08:57:15.847Z,LV3,McDaniel,912d32aa-0b7f-4999-bf60-6670fe5985ea,SAMMS-McDaniel
202608260854401628,202608260654255940,202608260654255519,85,2928,Bronze INV,br_OrientationChecklistNew,TASK_COMPLETE,SUCCESS,INFO,90,90,0,,2026-08-26T06:54:31.515Z,2026-08-26T08:57:15.847Z,7364,2026-08-26T08:57:15.847Z,MNRE,Monroe,912d32aa-0b7f-4999-bf60-6670fe5985ea,SAMMS-Monroe
202608260854401629,202608260654255941,202608260654255519,85,2929,Bronze INV,br_OrientationChecklistNew,TASK_COMPLETE,SUCCESS,INFO,9,9,0,,2026-08-26T06:54:31.515Z,2026-08-26T08:57:15.847Z,7364,2026-08-26T08:57:15.847Z,MP,Mt. Pleasant,912d32aa-0b7f-4999-bf60-6670fe5985ea,SAMMS-MtPleasant
202608260854401630,202608260654255942,202608260654255519,85,2930,Bronze INV,br_OrientationChecklistNew,TASK_COMPLETE,SUCCESS,INFO,71,71,0,,2026-08-26T06:54:31.515Z,2026-08-26T08:57:15.847Z,7364,2026-08-26T08:57:15.847Z,MRD,Meridian,912d32aa-0b7f-4999-bf60-6670fe5985ea,SAMMS-Meridian
202608260854401631,202608260654255943,202608260654255519,85,2935,Bronze INV,br_OrientationChecklistNew,TASK_COMPLETE,SUCCESS,INFO,156,156,0,,2026-08-26T06:54:31.515Z,2026-08-26T08:57:15.847Z,7364,2026-08-26T08:57:15.847Z,NC,North Charleston,912d32aa-0b7f-4999-bf60-6670fe5985ea,SAMMS-NorthCharleston
202608260854401632,202608260654255944,202608260654255519,85,2936,Bronze INV,br_OrientationChecklistNew,TASK_COMPLETE,SUCCESS,INFO,0,0,0,,2026-08-26T06:54:31.515Z,2026-08-26T08:57:15.847Z,7364,2026-08-26T08:57:15.847Z,NLR,N. Little Rock,912d32aa-0b7f-4999-bf60-6670fe5985ea,SAMMS-NLROBOT
202608260854401634,202608260654255945,202608260654255519,85,2941,Bronze INV,br_OrientationChecklistNew,TASK_COMPLETE,SUCCESS,INFO,124,124,0,,2026-08-26T06:54:31.515Z,2026-08-26T08:57:15.847Z,7364,2026-08-26T08:57:15.847Z,RE,Reno,912d32aa-0b7f-4999-bf60-6670fe5985ea,SAMMS-Reno
202608260854401635,202608260654255946,202608260654255519,85,2942,Bronze INV,br_OrientationChecklistNew,TASK_COMPLETE,SUCCESS,INFO,215,215,0,,2026-08-26T06:54:31.515Z,2026-08-26T08:57:15.847Z,7364,2026-08-26T08:57:15.847Z,RMD,Richmond,912d32aa-0b7f-4999-bf60-6670fe5985ea,SAMMS-Richmond
202608260854401636,202608260654255947,202608260654255519,85,2943,Bronze INV,br_OrientationChecklistNew,TASK_COMPLETE,SUCCESS,INFO,179,179,0,,2026-08-26T06:54:31.515Z,2026-08-26T08:57:15.847Z,7364,2026-08-26T08:57:15.847Z,SFN,Springfield North,912d32aa-0b7f-4999-bf60-6670fe5985ea,SAMMS-SFNv5
202608260854401637,202608260654255948,202608260654255519,85,2944,Bronze INV,br_OrientationChecklistNew,TASK_COMPLETE,SUCCESS,INFO,141,141,0,,2026-08-26T06:54:31.515Z,2026-08-26T08:57:15.847Z,7364,2026-08-26T08:57:15.847Z,SHP,Shreveport,912d32aa-0b7f-4999-bf60-6670fe5985ea,SAMMS-Shreveport
202608260854401638,202608260654255949,202608260654255519,85,2946,Bronze INV,br_OrientationChecklistNew,TASK_COMPLETE,SUCCESS,INFO,104,104,0,,2026-08-26T06:54:31.515Z,2026-08-26T08:57:15.847Z,7364,2026-08-26T08:57:15.847Z,STN,Staunton,912d32aa-0b7f-4999-bf60-6670fe5985ea,SAMMS-Staunton
202608260854401639,202608260654255950,202608260654255519,85,2947,Bronze INV,br_OrientationChecklistNew,TASK_COMPLETE,SUCCESS,INFO,26,26,0,,2026-08-26T06:54:31.515Z,2026-08-26T08:57:15.847Z,7364,2026-08-26T08:57:15.847Z,STVN,Stevenson,912d32aa-0b7f-4999-bf60-6670fe5985ea,SAMMS-Stevenson
202608260854402937,202608260654258195,202608260654255519,85,4504,Bronze INV,br_ReAssessmentTreatment,TASK_COMPLETE,SUCCESS,INFO,294,294,0,,2026-08-26T06:54:31.515Z,2026-08-26T08:57:15.847Z,7364,2026-08-26T08:57:15.847Z,B57,Pawtucket,912d32aa-0b7f-4999-bf60-6670fe5985ea,SAMMS-Pawtucket
202608260854402938,202608260654258196,202608260654255519,85,4505,Bronze INV,br_ReAssessmentTreatment,TASK_COMPLETE,SUCCESS,INFO,553,553,0,,2026-08-26T06:54:31.515Z,2026-08-26T08:57:15.847Z,7364,2026-08-26T08:57:15.847Z,B57A,Johnston,912d32aa-0b7f-4999-bf60-6670fe5985ea,SAMMS-Johnston
202608260854402939,202608260654258197,202608260654255519,85,4506,Bronze INV,br_ReAssessmentTreatment,TASK_COMPLETE,SUCCESS,INFO,167,167,0,,2026-08-26T06:54:31.515Z,2026-08-26T08:57:15.847Z,7364,2026-08-26T08:57:15.847Z,B57B,Middletown,912d32aa-0b7f-4999-bf60-6670fe5985ea,SAMMS-Middletown
202608260854402940,202608260654258198,202608260654255519,85,4507,Bronze INV,br_ReAssessmentTreatment,TASK_COMPLETE,SUCCESS,INFO,411,411,0,,2026-08-26T06:54:31.515Z,2026-08-26T08:57:15.847Z,7364,2026-08-26T08:57:15.847Z,B57C,Providence,912d32aa-0b7f-4999-bf60-6670fe5985ea,SAMMS-Providence
202608260854402942,202608260654258199,202608260654255519,85,4508,Bronze INV,br_ReAssessmentTreatment,TASK_COMPLETE,SUCCESS,INFO,622,622,0,,2026-08-26T06:54:31.515Z,2026-08-26T08:57:15.847Z,7364,2026-08-26T08:57:15.847Z,B57D,Westerly,912d32aa-0b7f-4999-bf60-6670fe5985ea,SAMMS-Westerly
202608260854402943,202608260654258200,202608260654255519,85,4512,Bronze INV,br_ReAssessmentTreatment,TASK_COMPLETE,SUCCESS,INFO,4,4,0,,2026-08-26T06:54:31.515Z,2026-08-26T08:57:15.847Z,7364,2026-08-26T08:57:15.847Z,B66A,Bremen,912d32aa-0b7f-4999-bf60-6670fe5985ea,SAMMS-Bremen
202608260854402944,202608260654258201,202608260654255519,85,4515,Bronze INV,br_ReAssessmentTreatment,TASK_COMPLETE,SUCCESS,INFO,0,0,0,,2026-08-26T06:54:31.515Z,2026-08-26T08:57:15.847Z,7364,2026-08-26T08:57:15.847Z,B72,Mobile (OBOT),912d32aa-0b7f-4999-bf60-6670fe5985ea,SAMMS-Mobile-OBOT
202608260854402945,202608260654258202,202608260654255519,85,4516,Bronze INV,br_ReAssessmentTreatment,TASK_COMPLETE,SUCCESS,INFO,0,0,0,,2026-08-26T06:54:31.515Z,2026-08-26T08:57:15.847Z,7364,2026-08-26T08:57:15.847Z,B73,Montgomery,912d32aa-0b7f-4999-bf60-6670fe5985ea,SAMMS-Montgomery
202608260854402946,202608260654258203,202608260654255519,85,4517,Bronze INV,br_ReAssessmentTreatment,TASK_COMPLETE,SUCCESS,INFO,516,516,0,,2026-08-26T06:54:31.515Z,2026-08-26T08:57:15.847Z,7364,2026-08-26T08:57:15.847Z,B75,Lawrence,912d32aa-0b7f-4999-bf60-6670fe5985ea,SAMMS-LawrenceV6
202608260854402947,202608260654258204,202608260654255519,85,4518,Bronze INV,br_ReAssessmentTreatment,TASK_COMPLETE,SUCCESS,INFO,0,0,0,,2026-08-26T06:54:31.515Z,2026-08-26T08:57:15.847Z,7364,2026-08-26T08:57:15.847Z,B76,Huntsville OBOT,912d32aa-0b7f-4999-bf60-6670fe5985ea,SAMMS-Huntsville-OBOT
202608260854402948,202608260654258205,202608260654255519,85,4519,Bronze INV,br_ReAssessmentTreatment,TASK_COMPLETE,SUCCESS,INFO,0,0,0,,2026-08-26T06:54:31.515Z,2026-08-26T08:57:15.847Z,7364,2026-08-26T08:57:15.847Z,BAT,Batesville,912d32aa-0b7f-4999-bf60-6670fe5985ea,SAMMS-Batesville
202608260854402949,202608260654258206,202608260654255519,85,4520,Bronze INV,br_ReAssessmentTreatment,TASK_COMPLETE,SUCCESS,INFO,463,463,0,,2026-08-26T06:54:31.515Z,2026-08-26T08:57:15.847Z,7364,2026-08-26T08:57:15.847Z,BG,Bowling Green,912d32aa-0b7f-4999-bf60-6670fe5985ea,SAMMS-BowlingGreen
202608260854402950,202608260654258207,202608260654255519,85,4521,Bronze INV,br_ReAssessmentTreatment,TASK_COMPLETE,SUCCESS,INFO,181,181,0,,2026-08-26T06:54:31.515Z,2026-08-26T08:57:15.847Z,7364,2026-08-26T08:57:15.847Z,BOI,Boise,912d32aa-0b7f-4999-bf60-6670fe5985ea,SAMMS-Boise
202608260854402952,202608260654258208,202608260654255519,85,4528,Bronze INV,br_ReAssessmentTreatment,TASK_COMPLETE,SUCCESS,INFO,48,48,0,,2026-08-26T06:54:31.515Z,2026-08-26T08:57:15.847Z,7364,2026-08-26T08:57:15.847Z,CBCO,Coeur dAlene,912d32aa-0b7f-4999-bf60-6670fe5985ea,SAMMS-CoeurdAleneV6
202608260854402953,202608260654258209,202608260654255519,85,4547,Bronze INV,br_ReAssessmentTreatment,TASK_COMPLETE,SUCCESS,INFO,0,0,0,,2026-08-26T06:54:31.515Z,2026-08-26T08:57:15.847Z,7364,2026-08-26T08:57:15.847Z,CON,Conway,912d32aa-0b7f-4999-bf60-6670fe5985ea,SAMMS-Conway
202608260854402954,202608260654258210,202608260654255519,85,4548,Bronze INV,br_ReAssessmentTreatment,TASK_COMPLETE,SUCCESS,INFO,2557,2557,0,,2026-08-26T06:54:31.515Z,2026-08-26T08:57:15.847Z,7364,2026-08-26T08:57:15.847Z,D07,Medical Services Knox TN,912d32aa-0b7f-4999-bf60-6670fe5985ea,SAMMS-KnoxvilleV6
202608260854402955,202608260654258211,202608260654255519,85,4549,Bronze INV,br_ReAssessmentTreatment,TASK_COMPLETE,SUCCESS,INFO,111,111,0,,2026-08-26T06:54:31.515Z,2026-08-26T08:57:15.847Z,7364,2026-08-26T08:57:15.847Z,D08,Madison,912d32aa-0b7f-4999-bf60-6670fe5985ea,SAMMS-MadisonV6
202608260854402956,202608260654258212,202608260654255519,85,4551,Bronze INV,br_ReAssessmentTreatment,TASK_COMPLETE,SUCCESS,INFO,104,104,0,,2026-08-26T06:54:31.515Z,2026-08-26T08:57:15.847Z,7364,2026-08-26T08:57:15.847Z,D09,Murfreesboro,912d32aa-0b7f-4999-bf60-6670fe5985ea,SAMMS-MurfreesboroV6
202608260854402958,202608260654258213,202608260654255519,85,4552,Bronze INV,br_ReAssessmentTreatment,TASK_COMPLETE,SUCCESS,INFO,335,335,0,,2026-08-26T06:54:31.515Z,2026-08-26T08:57:15.847Z,7364,2026-08-26T08:57:15.847Z,DA,Davenport,912d32aa-0b7f-4999-bf60-6670fe5985ea,SAMMS-Davenport
202608260854402959,202608260654258214,202608260654255519,85,4553,Bronze INV,br_ReAssessmentTreatment,TASK_COMPLETE,SUCCESS,INFO,286,286,0,,2026-08-26T06:54:31.515Z,2026-08-26T08:57:15.847Z,7364,2026-08-26T08:57:15.847Z,DM,Des Moines,912d32aa-0b7f-4999-bf60-6670fe5985ea,SAMMS-DesMoines
202608260854402960,202608260654258215,202608260654255519,85,4555,Bronze INV,br_ReAssessmentTreatment,TASK_COMPLETE,SUCCESS,INFO,526,526,0,,2026-08-26T06:54:31.515Z,2026-08-26T08:57:15.847Z,7364,2026-08-26T08:57:15.847Z,DRD-CO,Columbia MO,912d32aa-0b7f-4999-bf60-6670fe5985ea,SAMMS-ColumbiaV5
202608260854402961,202608260654258216,202608260654255519,85,4556,Bronze INV,br_ReAssessmentTreatment,TASK_COMPLETE,SUCCESS,INFO,342,342,0,,2026-08-26T06:54:31.515Z,2026-08-26T08:57:15.847Z,7364,2026-08-26T08:57:15.847Z,DRD-KC,KC,912d32aa-0b7f-4999-bf60-6670fe5985ea,SAMMS-KCv5
202608260854402962,202608260654258217,202608260654255519,85,4557,Bronze INV,br_ReAssessmentTreatment,TASK_COMPLETE,SUCCESS,INFO,1545,1545,0,,2026-08-26T06:54:31.515Z,2026-08-26T08:57:15.847Z,7364,2026-08-26T08:57:15.847Z,DRD-KVB,KVB,912d32aa-0b7f-4999-bf60-6670fe5985ea,SAMMS-KVBv5
202608260854402963,202608260654258218,202608260654255519,85,4558,Bronze INV,br_ReAssessmentTreatment,TASK_COMPLETE,SUCCESS,INFO,1672,1672,0,,2026-08-26T06:54:31.515Z,2026-08-26T08:57:15.847Z,7364,2026-08-26T08:57:15.847Z,DRD-KVC,KVC,912d32aa-0b7f-4999-bf60-6670fe5985ea,SAMMS-KVCv5
202608260854402964,202608260654258219,202608260654255519,85,4559,Bronze INV,br_ReAssessmentTreatment,TASK_COMPLETE,SUCCESS,INFO,3195,3195,0,,2026-08-26T06:54:31.515Z,2026-08-26T08:57:15.847Z,7364,2026-08-26T08:57:15.847Z,DRD-NOLA,NOLA,912d32aa-0b7f-4999-bf60-6670fe5985ea,SAMMS-NOLAv5
202608260854402966,202608260654258220,202608260654255519,85,4560,Bronze INV,br_ReAssessmentTreatment,TASK_COMPLETE,SUCCESS,INFO,797,797,0,,2026-08-26T06:54:31.515Z,2026-08-26T08:57:15.847Z,7364,2026-08-26T08:57:15.847Z,DRD-SF,Springfield,912d32aa-0b7f-4999-bf60-6670fe5985ea,SAMMS-SFv5
202608260854402967,202608260654258221,202608260654255519,85,4562,Bronze INV,br_ReAssessmentTreatment,TASK_COMPLETE,SUCCESS,INFO,260,260,0,,2026-08-26T06:54:31.515Z,2026-08-26T08:57:15.847Z,7364,2026-08-26T08:57:15.847Z,ELC,Elizabeth City,912d32aa-0b7f-4999-bf60-6670fe5985ea,SAMMS-ElizabethCity
202608260854402968,202608260654258222,202608260654255519,85,4563,Bronze INV,br_ReAssessmentTreatment,TASK_COMPLETE,SUCCESS,INFO,127,127,0,,2026-08-26T06:54:31.515Z,2026-08-26T08:57:15.847Z,7364,2026-08-26T08:57:15.847Z,ET,Elizabethtown,912d32aa-0b7f-4999-bf60-6670fe5985ea,SAMMS-Elizabethtown
202608260854402969,202608260654258223,202608260654255519,85,4564,Bronze INV,br_ReAssessmentTreatment,TASK_COMPLETE,SUCCESS,INFO,0,0,0,,2026-08-26T06:54:31.515Z,2026-08-26T08:57:15.847Z,7364,2026-08-26T08:57:15.847Z,FAY,Fayetteville,912d32aa-0b7f-4999-bf60-6670fe5985ea,SAMMS-Fayetteville
202608260854402970,202608260654258224,202608260654255519,85,4565,Bronze INV,br_ReAssessmentTreatment,TASK_COMPLETE,SUCCESS,INFO,156,156,0,,2026-08-26T06:54:31.515Z,2026-08-26T08:57:15.847Z,7364,2026-08-26T08:57:15.847Z,FR,Frankfort,912d32aa-0b7f-4999-bf60-6670fe5985ea,SAMMS-Frankfort
202608260854402971,202608260654258225,202608260654255519,85,4566,Bronze INV,br_ReAssessmentTreatment,TASK_COMPLETE,SUCCESS,INFO,0,0,0,,2026-08-26T06:54:31.515Z,2026-08-26T08:57:15.847Z,7364,2026-08-26T08:57:15.847Z,FS,Fort Smith,912d32aa-0b7f-4999-bf60-6670fe5985ea,SAMMS-FortSmith
202608260854402972,202608260654258226,202608260654255519,85,4567,Bronze INV,br_ReAssessmentTreatment,TASK_COMPLETE,SUCCESS,INFO,466,466,0,,2026-08-26T06:54:31.515Z,2026-08-26T08:57:15.847Z,7364,2026-08-26T08:57:15.847Z,FW,Fort Wayne,912d32aa-0b7f-4999-bf60-6670fe5985ea,SAMMS-FortWayne
202608260854402973,202608260654258227,202608260654255519,85,4568,Bronze INV,br_ReAssessmentTreatment,TASK_COMPLETE,SUCCESS,INFO,271,271,0,,2026-08-26T06:54:31.515Z,2026-08-26T08:57:15.847Z,7364,2026-08-26T08:57:15.847Z,GAL,Gaylord,912d32aa-0b7f-4999-bf60-6670fe5985ea,SAMMS-Gaylord
202608260854402975,202608260654258228,202608260654255519,85,4572,Bronze INV,br_ReAssessmentTreatment,TASK_COMPLETE,SUCCESS,INFO,99,99,0,,2026-08-26T06:54:31.515Z,2026-08-26T08:57:15.847Z,7364,2026-08-26T08:57:15.847Z,HGT,Hagerstown,912d32aa-0b7f-4999-bf60-6670fe5985ea,SAMMS-Hagerstown
202608260854402976,202608260654258229,202608260654255519,85,4573,Bronze INV,br_ReAssessmentTreatment,TASK_COMPLETE,SUCCESS,INFO,1717,1717,0,,2026-08-26T06:54:31.515Z,2026-08-26T08:57:15.847Z,7364,2026-08-26T08:57:15.847Z,HNT,Huntsville,912d32aa-0b7f-4999-bf60-6670fe5985ea,SAMMS-Huntsville
202608260854402977,202608260654258230,202608260654255519,85,4574,Bronze INV,br_ReAssessmentTreatment,TASK_COMPLETE,SUCCESS,INFO,0,0,0,,2026-08-26T06:54:31.515Z,2026-08-26T08:57:15.847Z,7364,2026-08-26T08:57:15.847Z,HS,Hot Springs,912d32aa-0b7f-4999-bf60-6670fe5985ea,SAMMS-HotSprings
202608260854402978,202608260654258231,202608260654255519,85,4575,Bronze INV,br_ReAssessmentTreatment,TASK_COMPLETE,SUCCESS,INFO,0,0,0,,2026-08-26T06:54:31.515Z,2026-08-26T08:57:15.847Z,7364,2026-08-26T08:57:15.847Z,JON,Jonesboro,912d32aa-0b7f-4999-bf60-6670fe5985ea,SAMMS-Jonesboro
202608260854402979,202608260654258232,202608260654255519,85,4577,Bronze INV,br_ReAssessmentTreatment,TASK_COMPLETE,SUCCESS,INFO,444,444,0,,2026-08-26T06:54:31.515Z,2026-08-26T08:57:15.847Z,7364,2026-08-26T08:57:15.847Z,LAN,Lansing,912d32aa-0b7f-4999-bf60-6670fe5985ea,SAMMS-Lansing
202608260854402018,202608260654257594,202608260654255519,85,3365,Bronze INV,br_ReAssessmentLegal,TASK_COMPLETE,SUCCESS,INFO,460,460,0,,2026-08-26T06:54:31.515Z,2026-08-26T08:57:15.847Z,7364,2026-08-26T08:57:15.847Z,B29,Poplar Bluff,912d32aa-0b7f-4999-bf60-6670fe5985ea,SAMMS-PoplarBluffV5
202608260854402019,202608260654257595,202608260654255519,85,3366,Bronze INV,br_ReAssessmentLegal,TASK_COMPLETE,SUCCESS,INFO,77,77,0,,2026-08-26T06:54:31.515Z,2026-08-26T08:57:15.847Z,7364,2026-08-26T08:57:15.847Z,B30,KC North,912d32aa-0b7f-4999-bf60-6670fe5985ea,SAMMS-KCNv5
202608260854402020,202608260654257596,202608260654255519,85,3367,Bronze INV,br_ReAssessmentLegal,TASK_COMPLETE,SUCCESS,INFO,400,400,0,,2026-08-26T06:54:31.515Z,2026-08-26T08:57:15.847Z,7364,2026-08-26T08:57:15.847Z,B31,Dyersburg,912d32aa-0b7f-4999-bf60-6670fe5985ea,SAMMS-DyersburgV5
202608260854402021,202608260654257597,202608260654255519,85,3369,Bronze INV,br_ReAssessmentLegal,TASK_COMPLETE,SUCCESS,INFO,487,487,0,,2026-08-26T06:54:31.515Z,2026-08-26T08:57:15.847Z,7364,2026-08-26T08:57:15.847Z,B33,Paducah,912d32aa-0b7f-4999-bf60-6670fe5985ea,SAMMS-Paducah
202608260854402022,202608260654257598,202608260654255519,85,3370,Bronze INV,br_ReAssessmentLegal,TASK_COMPLETE,SUCCESS,INFO,385,385,0,,2026-08-26T06:54:31.515Z,2026-08-26T08:57:15.847Z,7364,2026-08-26T08:57:15.847Z,B34,Corbin,912d32aa-0b7f-4999-bf60-6670fe5985ea,SAMMS-CorbinV5
202608260854402024,202608260654257599,202608260654255519,85,3371,Bronze INV,br_ReAssessmentLegal,TASK_COMPLETE,SUCCESS,INFO,239,239,0,,2026-08-26T06:54:31.515Z,2026-08-26T08:57:15.847Z,7364,2026-08-26T08:57:15.847Z,B35,Lexington,912d32aa-0b7f-4999-bf60-6670fe5985ea,SAMMS-LexingtonV5
202608260854402025,202608260654257600,202608260654255519,85,3372,Bronze INV,br_ReAssessmentLegal,TASK_COMPLETE,SUCCESS,INFO,77,77,0,,2026-08-26T06:54:31.515Z,2026-08-26T08:57:15.847Z,7364,2026-08-26T08:57:15.847Z,B35A,Berea,912d32aa-0b7f-4999-bf60-6670fe5985ea,SAMMS-BereaV5
202608260854402026,202608260654257601,202608260654255519,85,3373,Bronze INV,br_ReAssessmentLegal,TASK_COMPLETE,SUCCESS,INFO,20,20,0,,2026-08-26T06:54:31.515Z,2026-08-26T08:57:15.847Z,7364,2026-08-26T08:57:15.847Z,B36,Asheville,912d32aa-0b7f-4999-bf60-6670fe5985ea,SAMMS-AshevilleV5
202608260854402028,202608260654257602,202608260654255519,85,3374,Bronze INV,br_ReAssessmentLegal,TASK_COMPLETE,SUCCESS,INFO,1,1,0,,2026-08-26T06:54:31.515Z,2026-08-26T08:57:15.847Z,7364,2026-08-26T08:57:15.847Z,B37,Clyde,912d32aa-0b7f-4999-bf60-6670fe5985ea,SAMMS-ClydeV5
202608260854402029,202608260654257603,202608260654255519,85,3375,Bronze INV,br_ReAssessmentLegal,TASK_COMPLETE,SUCCESS,INFO,1188,1188,0,,2026-08-26T06:54:31.515Z,2026-08-26T08:57:15.847Z,7364,2026-08-26T08:57:15.847Z,B38,Spartanburg,912d32aa-0b7f-4999-bf60-6670fe5985ea,SAMMS-SpartanburgV5
202608260854402030,202608260654257604,202608260654255519,85,3376,Bronze INV,br_ReAssessmentLegal,TASK_COMPLETE,SUCCESS,INFO,362,362,0,,2026-08-26T06:54:31.515Z,2026-08-26T08:57:15.847Z,7364,2026-08-26T08:57:15.847Z,B39,Aiken,912d32aa-0b7f-4999-bf60-6670fe5985ea,SAMMS-AikenV5
202608260854402031,202608260654257605,202608260654255519,85,3377,Bronze INV,br_ReAssessmentLegal,TASK_COMPLETE,SUCCESS,INFO,1887,1887,0,,2026-08-26T06:54:31.515Z,2026-08-26T08:57:15.847Z,7364,2026-08-26T08:57:15.847Z,B41,Chesapeake,912d32aa-0b7f-4999-bf60-6670fe5985ea,SAMMS-ChesapeakeV5
202608260854402032,202608260654257606,202608260654255519,85,3378,Bronze INV,br_ReAssessmentLegal,TASK_COMPLETE,SUCCESS,INFO,1912,1912,0,,2026-08-26T06:54:31.515Z,2026-08-26T08:57:15.847Z,7364,2026-08-26T08:57:15.847Z,B42,Virginia Beach,912d32aa-0b7f-4999-bf60-6670fe5985ea,SAMMS-VirginiaBeachV5
202608260854402033,202608260654257607,202608260654255519,85,3379,Bronze INV,br_ReAssessmentLegal,TASK_COMPLETE,SUCCESS,INFO,923,923,0,,2026-08-26T06:54:31.515Z,2026-08-26T08:57:15.847Z,7364,2026-08-26T08:57:15.847Z,B42A,Newport News,912d32aa-0b7f-4999-bf60-6670fe5985ea,SAMMS-NewportNewsV5
202608260854402034,202608260654257608,202608260654255519,85,3380,Bronze INV,br_ReAssessmentLegal,TASK_COMPLETE,SUCCESS,INFO,507,507,0,,2026-08-26T06:54:31.515Z,2026-08-26T08:57:15.847Z,7364,2026-08-26T08:57:15.847Z,B42B,Franklin,912d32aa-0b7f-4999-bf60-6670fe5985ea,SAMMS-FranklinV5
202608260854402036,202608260654257609,202608260654255519,85,3381,Bronze INV,br_ReAssessmentLegal,TASK_COMPLETE,SUCCESS,INFO,340,340,0,,2026-08-26T06:54:31.515Z,2026-08-26T08:57:15.847Z,7364,2026-08-26T08:57:15.847Z,B42C,Glen Allen,912d32aa-0b7f-4999-bf60-6670fe5985ea,SAMMS-GlenAllenV5
202608260854402037,202608260654257610,202608260654255519,85,3382,Bronze INV,br_ReAssessmentLegal,TASK_COMPLETE,SUCCESS,INFO,1479,1479,0,,2026-08-26T06:54:31.515Z,2026-08-26T08:57:15.847Z,7364,2026-08-26T08:57:15.847Z,B42D,Chesapeake South,912d32aa-0b7f-4999-bf60-6670fe5985ea,SAMMS-ChesapeakeSouthV5
202608260854402038,202608260654257611,202608260654255519,85,3383,Bronze INV,br_ReAssessmentLegal,TASK_COMPLETE,SUCCESS,INFO,633,633,0,,2026-08-26T06:54:31.515Z,2026-08-26T08:57:15.847Z,7364,2026-08-26T08:57:15.847Z,B44,Albany,912d32aa-0b7f-4999-bf60-6670fe5985ea,SAMMS-AlbanyV5
202608260854402039,202608260654257612,202608260654255519,85,3384,Bronze INV,br_ReAssessmentLegal,TASK_COMPLETE,SUCCESS,INFO,1267,1267,0,,2026-08-26T06:54:31.515Z,2026-08-26T08:57:15.847Z,7364,2026-08-26T08:57:15.847Z,B45,Tifton,912d32aa-0b7f-4999-bf60-6670fe5985ea,SAMMS-TiftonV5
202608260854402040,202608260654257613,202608260654255519,85,3385,Bronze INV,br_ReAssessmentLegal,TASK_COMPLETE,SUCCESS,INFO,588,588,0,,2026-08-26T06:54:31.515Z,2026-08-26T08:57:15.847Z,7364,2026-08-26T08:57:15.847Z,B46,Washington DC,912d32aa-0b7f-4999-bf60-6670fe5985ea,SAMMS-WashingtonDCv5
202608260854402041,202608260654257614,202608260654255519,85,3386,Bronze INV,br_ReAssessmentLegal,TASK_COMPLETE,SUCCESS,INFO,1557,1557,0,,2026-08-26T06:54:31.515Z,2026-08-26T08:57:15.847Z,7364,2026-08-26T08:57:15.847Z,B47,Mobile,912d32aa-0b7f-4999-bf60-6670fe5985ea,SAMMS-MobileV5
202608260854402043,202608260654257615,202608260654255519,85,3387,Bronze INV,br_ReAssessmentLegal,TASK_COMPLETE,SUCCESS,INFO,1296,1296,0,,2026-08-26T06:54:31.515Z,2026-08-26T08:57:15.847Z,7364,2026-08-26T08:57:15.847Z,B48,Tuscaloosa,912d32aa-0b7f-4999-bf60-6670fe5985ea,SAMMS-TuscaloosaV5
202608260854402044,202608260654257616,202608260654255519,85,3396,Bronze INV,br_ReAssessmentLegal,TASK_COMPLETE,SUCCESS,INFO,2,2,0,,2026-08-26T06:54:31.515Z,2026-08-26T08:57:15.847Z,7364,2026-08-26T08:57:15.847Z,B51,N. Little Rock (OTP),912d32aa-0b7f-4999-bf60-6670fe5985ea,SAMMS-NorthLittleRockV6
202608260854402045,202608260654257617,202608260654255519,85,3397,Bronze INV,br_ReAssessmentLegal,TASK_COMPLETE,SUCCESS,INFO,454,454,0,,2026-08-26T06:54:31.515Z,2026-08-26T08:57:15.847Z,7364,2026-08-26T08:57:15.847Z,B52,Jackson GA,912d32aa-0b7f-4999-bf60-6670fe5985ea,SAMMS-JacksonGAV5
202608260854402046,202608260654257618,202608260654255519,85,3398,Bronze INV,br_ReAssessmentLegal,TASK_COMPLETE,SUCCESS,INFO,1702,1702,0,,2026-08-26T06:54:31.515Z,2026-08-26T08:57:15.847Z,7364,2026-08-26T08:57:15.847Z,B54,Gadsden,912d32aa-0b7f-4999-bf60-6670fe5985ea,SAMMS-GadsdenV5
202608260854402047,202608260654257619,202608260654255519,85,3399,Bronze INV,br_ReAssessmentLegal,TASK_COMPLETE,SUCCESS,INFO,946,946,0,,2026-08-26T06:54:31.515Z,2026-08-26T08:57:15.847Z,7364,2026-08-26T08:57:15.847Z,B55,Shoals,912d32aa-0b7f-4999-bf60-6670fe5985ea,SAMMS-ShoalsV5
202608260854402048,202608260654257620,202608260654255519,85,3400,Bronze INV,br_ReAssessmentLegal,TASK_COMPLETE,SUCCESS,INFO,294,294,0,,2026-08-26T06:54:31.515Z,2026-08-26T08:57:15.847Z,7364,2026-08-26T08:57:15.847Z,B57,Pawtucket,912d32aa-0b7f-4999-bf60-6670fe5985ea,SAMMS-Pawtucket
202608260854402049,202608260654257621,202608260654255519,85,3401,Bronze INV,br_ReAssessmentLegal,TASK_COMPLETE,SUCCESS,INFO,550,550,0,,2026-08-26T06:54:31.515Z,2026-08-26T08:57:15.847Z,7364,2026-08-26T08:57:15.847Z,B57A,Johnston,912d32aa-0b7f-4999-bf60-6670fe5985ea,SAMMS-Johnston
202608260854402051,202608260654257622,202608260654255519,85,3402,Bronze INV,br_ReAssessmentLegal,TASK_COMPLETE,SUCCESS,INFO,164,164,0,,2026-08-26T06:54:31.515Z,2026-08-26T08:57:15.847Z,7364,2026-08-26T08:57:15.847Z,B57B,Middletown,912d32aa-0b7f-4999-bf60-6670fe5985ea,SAMMS-Middletown
202608260854402052,202608260654257623,202608260654255519,85,3403,Bronze INV,br_ReAssessmentLegal,TASK_COMPLETE,SUCCESS,INFO,411,411,0,,2026-08-26T06:54:31.515Z,2026-08-26T08:57:15.847Z,7364,2026-08-26T08:57:15.847Z,B57C,Providence,912d32aa-0b7f-4999-bf60-6670fe5985ea,SAMMS-Providence
202608260854402053,202608260654257624,202608260654255519,85,3404,Bronze INV,br_ReAssessmentLegal,TASK_COMPLETE,SUCCESS,INFO,622,622,0,,2026-08-26T06:54:31.515Z,2026-08-26T08:57:15.847Z,7364,2026-08-26T08:57:15.847Z,B57D,Westerly,912d32aa-0b7f-4999-bf60-6670fe5985ea,SAMMS-Westerly
202608260854402054,202608260654257625,202608260654255519,85,3408,Bronze INV,br_ReAssessmentLegal,TASK_COMPLETE,SUCCESS,INFO,4,4,0,,2026-08-26T06:54:31.515Z,2026-08-26T08:57:15.847Z,7364,2026-08-26T08:57:15.847Z,B66A,Bremen,912d32aa-0b7f-4999-bf60-6670fe5985ea,SAMMS-Bremen
202608260854402055,202608260654257626,202608260654255519,85,3411,Bronze INV,br_ReAssessmentLegal,TASK_COMPLETE,SUCCESS,INFO,0,0,0,,2026-08-26T06:54:31.515Z,2026-08-26T08:57:15.847Z,7364,2026-08-26T08:57:15.847Z,B72,Mobile (OBOT),912d32aa-0b7f-4999-bf60-6670fe5985ea,SAMMS-Mobile-OBOT
202608260854402056,202608260654257627,202608260654255519,85,3412,Bronze INV,br_ReAssessmentLegal,TASK_COMPLETE,SUCCESS,INFO,0,0,0,,2026-08-26T06:54:31.515Z,2026-08-26T08:57:15.847Z,7364,2026-08-26T08:57:15.847Z,B73,Montgomery,912d32aa-0b7f-4999-bf60-6670fe5985ea,SAMMS-Montgomery
202608260854402058,202608260654257628,202608260654255519,85,3413,Bronze INV,br_ReAssessmentLegal,TASK_COMPLETE,SUCCESS,INFO,516,516,0,,2026-08-26T06:54:31.515Z,2026-08-26T08:57:15.847Z,7364,2026-08-26T08:57:15.847Z,B75,Lawrence,912d32aa-0b7f-4999-bf60-6670fe5985ea,SAMMS-LawrenceV6
202608260854402059,202608260654257629,202608260654255519,85,3414,Bronze INV,br_ReAssessmentLegal,TASK_COMPLETE,SUCCESS,INFO,0,0,0,,2026-08-26T06:54:31.515Z,2026-08-26T08:57:15.847Z,7364,2026-08-26T08:57:15.847Z,B76,Huntsville OBOT,912d32aa-0b7f-4999-bf60-6670fe5985ea,SAMMS-Huntsville-OBOT
202608260854402060,202608260654257630,202608260654255519,85,3415,Bronze INV,br_ReAssessmentLegal,TASK_COMPLETE,SUCCESS,INFO,0,0,0,,2026-08-26T06:54:31.515Z,2026-08-26T08:57:15.847Z,7364,2026-08-26T08:57:15.847Z,BAT,Batesville,912d32aa-0b7f-4999-bf60-6670fe5985ea,SAMMS-Batesville
202608260854402061,202608260654257631,202608260654255519,85,3416,Bronze INV,br_ReAssessmentLegal,TASK_COMPLETE,SUCCESS,INFO,460,460,0,,2026-08-26T06:54:31.515Z,2026-08-26T08:57:15.847Z,7364,2026-08-26T08:57:15.847Z,BG,Bowling Green,912d32aa-0b7f-4999-bf60-6670fe5985ea,SAMMS-BowlingGreen
202608260854400947,202608260654255653,202608260654255519,85,1905,Bronze INV,br_Bottle,TASK_COMPLETE,SUCCESS,INFO,12772,12772,0,,2026-08-26T06:54:31.515Z,2026-08-26T08:57:15.847Z,7364,2026-08-26T08:57:15.847Z,B41,Chesapeake,912d32aa-0b7f-4999-bf60-6670fe5985ea,SAMMS-ChesapeakeV5
202608260854400948,202608260654255654,202608260654255519,85,1906,Bronze INV,br_Bottle,TASK_COMPLETE,SUCCESS,INFO,19474,19474,0,,2026-08-26T06:54:31.515Z,2026-08-26T08:57:15.847Z,7364,2026-08-26T08:57:15.847Z,B42,Virginia Beach,912d32aa-0b7f-4999-bf60-6670fe5985ea,SAMMS-VirginiaBeachV5
202608260854400950,202608260654255655,202608260654255519,85,1907,Bronze INV,br_Bottle,TASK_COMPLETE,SUCCESS,INFO,8680,8680,0,,2026-08-26T06:54:31.515Z,2026-08-26T08:57:15.847Z,7364,2026-08-26T08:57:15.847Z,B42A,Newport News,912d32aa-0b7f-4999-bf60-6670fe5985ea,SAMMS-NewportNewsV5
202608260854400951,202608260654255656,202608260654255519,85,1908,Bronze INV,br_Bottle,TASK_COMPLETE,SUCCESS,INFO,2855,2855,0,,2026-08-26T06:54:31.515Z,2026-08-26T08:57:15.847Z,7364,2026-08-26T08:57:15.847Z,B42B,Franklin,912d32aa-0b7f-4999-bf60-6670fe5985ea,SAMMS-FranklinV5
202608260854400952,202608260654255657,202608260654255519,85,1909,Bronze INV,br_Bottle,TASK_COMPLETE,SUCCESS,INFO,9628,9628,0,,2026-08-26T06:54:31.515Z,2026-08-26T08:57:15.847Z,7364,2026-08-26T08:57:15.847Z,B42C,Glen Allen,912d32aa-0b7f-4999-bf60-6670fe5985ea,SAMMS-GlenAllenV5
202608260854400953,202608260654255658,202608260654255519,85,1910,Bronze INV,br_Bottle,TASK_COMPLETE,SUCCESS,INFO,7750,7750,0,,2026-08-26T06:54:31.515Z,2026-08-26T08:57:15.847Z,7364,2026-08-26T08:57:15.847Z,B42D,Chesapeake South,912d32aa-0b7f-4999-bf60-6670fe5985ea,SAMMS-ChesapeakeSouthV5
202608260854400954,202608260654255659,202608260654255519,85,1911,Bronze INV,br_Bottle,TASK_COMPLETE,SUCCESS,INFO,11164,11164,0,,2026-08-26T06:54:31.515Z,2026-08-26T08:57:15.847Z,7364,2026-08-26T08:57:15.847Z,B44,Albany,912d32aa-0b7f-4999-bf60-6670fe5985ea,SAMMS-AlbanyV5
202608260854400955,202608260654255660,202608260654255519,85,1912,Bronze INV,br_Bottle,TASK_COMPLETE,SUCCESS,INFO,14696,14696,0,,2026-08-26T06:54:31.515Z,2026-08-26T08:57:15.847Z,7364,2026-08-26T08:57:15.847Z,B45,Tifton,912d32aa-0b7f-4999-bf60-6670fe5985ea,SAMMS-TiftonV5
202608260854400956,202608260654255661,202608260654255519,85,1913,Bronze INV,br_Bottle,TASK_COMPLETE,SUCCESS,INFO,8475,8475,0,,2026-08-26T06:54:31.515Z,2026-08-26T08:57:15.847Z,7364,2026-08-26T08:57:15.847Z,B46,Washington DC,912d32aa-0b7f-4999-bf60-6670fe5985ea,SAMMS-WashingtonDCv5
202608260854400957,202608260654255662,202608260654255519,85,1914,Bronze INV,br_Bottle,TASK_COMPLETE,SUCCESS,INFO,11042,11042,0,,2026-08-26T06:54:31.515Z,2026-08-26T08:57:15.847Z,7364,2026-08-26T08:57:15.847Z,B47,Mobile,912d32aa-0b7f-4999-bf60-6670fe5985ea,SAMMS-MobileV5
202608260854400958,202608260654255663,202608260654255519,85,1915,Bronze INV,br_Bottle,TASK_COMPLETE,SUCCESS,INFO,32023,32023,0,,2026-08-26T06:54:31.515Z,2026-08-26T08:57:15.847Z,7364,2026-08-26T08:57:15.847Z,B48,Tuscaloosa,912d32aa-0b7f-4999-bf60-6670fe5985ea,SAMMS-TuscaloosaV5
202608260854400960,202608260654255664,202608260654255519,85,1924,Bronze INV,br_Bottle,TASK_COMPLETE,SUCCESS,INFO,2335,2335,0,,2026-08-26T06:54:31.515Z,2026-08-26T08:57:15.847Z,7364,2026-08-26T08:57:15.847Z,B51,N. Little Rock (OTP),912d32aa-0b7f-4999-bf60-6670fe5985ea,SAMMS-NorthLittleRockV6
202608260854400961,202608260654255665,202608260654255519,85,1925,Bronze INV,br_Bottle,TASK_COMPLETE,SUCCESS,INFO,9415,9415,0,,2026-08-26T06:54:31.515Z,2026-08-26T08:57:15.847Z,7364,2026-08-26T08:57:15.847Z,B52,Jackson GA,912d32aa-0b7f-4999-bf60-6670fe5985ea,SAMMS-JacksonGAV5
202608260854400962,202608260654255666,202608260654255519,85,1926,Bronze INV,br_Bottle,TASK_COMPLETE,SUCCESS,INFO,23194,23194,0,,2026-08-26T06:54:31.515Z,2026-08-26T08:57:15.847Z,7364,2026-08-26T08:57:15.847Z,B54,Gadsden,912d32aa-0b7f-4999-bf60-6670fe5985ea,SAMMS-GadsdenV5
202608260854400963,202608260654255667,202608260654255519,85,1927,Bronze INV,br_Bottle,TASK_COMPLETE,SUCCESS,INFO,23846,23846,0,,2026-08-26T06:54:31.515Z,2026-08-26T08:57:15.847Z,7364,2026-08-26T08:57:15.847Z,B55,Shoals,912d32aa-0b7f-4999-bf60-6670fe5985ea,SAMMS-ShoalsV5
202608260854400965,202608260654255668,202608260654255519,85,1928,Bronze INV,br_Bottle,TASK_COMPLETE,SUCCESS,INFO,2825,2825,0,,2026-08-26T06:54:31.515Z,2026-08-26T08:57:15.847Z,7364,2026-08-26T08:57:15.847Z,B57,Pawtucket,912d32aa-0b7f-4999-bf60-6670fe5985ea,SAMMS-Pawtucket
202608260854400966,202608260654255669,202608260654255519,85,1929,Bronze INV,br_Bottle,TASK_COMPLETE,SUCCESS,INFO,2993,2993,0,,2026-08-26T06:54:31.515Z,2026-08-26T08:57:15.847Z,7364,2026-08-26T08:57:15.847Z,B57A,Johnston,912d32aa-0b7f-4999-bf60-6670fe5985ea,SAMMS-Johnston
202608260854400967,202608260654255670,202608260654255519,85,1930,Bronze INV,br_Bottle,TASK_COMPLETE,SUCCESS,INFO,750,750,0,,2026-08-26T06:54:31.515Z,2026-08-26T08:57:15.847Z,7364,2026-08-26T08:57:15.847Z,B57B,Middletown,912d32aa-0b7f-4999-bf60-6670fe5985ea,SAMMS-Middletown
202608260854400968,202608260654255671,202608260654255519,85,1931,Bronze INV,br_Bottle,TASK_COMPLETE,SUCCESS,INFO,1559,1559,0,,2026-08-26T06:54:31.515Z,2026-08-26T08:57:15.847Z,7364,2026-08-26T08:57:15.847Z,B57C,Providence,912d32aa-0b7f-4999-bf60-6670fe5985ea,SAMMS-Providence
202608260854400969,202608260654255672,202608260654255519,85,1932,Bronze INV,br_Bottle,TASK_COMPLETE,SUCCESS,INFO,2542,2542,0,,2026-08-26T06:54:31.515Z,2026-08-26T08:57:15.847Z,7364,2026-08-26T08:57:15.847Z,B57D,Westerly,912d32aa-0b7f-4999-bf60-6670fe5985ea,SAMMS-Westerly
202608260854400970,202608260654255673,202608260654255519,85,1936,Bronze INV,br_Bottle,TASK_COMPLETE,SUCCESS,INFO,0,0,0,,2026-08-26T06:54:31.515Z,2026-08-26T08:57:15.847Z,7364,2026-08-26T08:57:15.847Z,B66A,Bremen,912d32aa-0b7f-4999-bf60-6670fe5985ea,SAMMS-Bremen
202608260854400971,202608260654255674,202608260654255519,85,1939,Bronze INV,br_Bottle,TASK_COMPLETE,SUCCESS,INFO,0,0,0,,2026-08-26T06:54:31.515Z,2026-08-26T08:57:15.847Z,7364,2026-08-26T08:57:15.847Z,B72,Mobile (OBOT),912d32aa-0b7f-4999-bf60-6670fe5985ea,SAMMS-Mobile-OBOT
202608260854400972,202608260654255675,202608260654255519,85,1940,Bronze INV,br_Bottle,TASK_COMPLETE,SUCCESS,INFO,0,0,0,,2026-08-26T06:54:31.515Z,2026-08-26T08:57:15.847Z,7364,2026-08-26T08:57:15.847Z,B73,Montgomery,912d32aa-0b7f-4999-bf60-6670fe5985ea,SAMMS-Montgomery
202608260854400973,202608260654255676,202608260654255519,85,1941,Bronze INV,br_Bottle,TASK_COMPLETE,SUCCESS,INFO,2258,2258,0,,2026-08-26T06:54:31.515Z,2026-08-26T08:57:15.847Z,7364,2026-08-26T08:57:15.847Z,B75,Lawrence,912d32aa-0b7f-4999-bf60-6670fe5985ea,SAMMS-LawrenceV6
202608260854400974,202608260654255677,202608260654255519,85,1942,Bronze INV,br_Bottle,TASK_COMPLETE,SUCCESS,INFO,0,0,0,,2026-08-26T06:54:31.515Z,2026-08-26T08:57:15.847Z,7364,2026-08-26T08:57:15.847Z,B76,Huntsville OBOT,912d32aa-0b7f-4999-bf60-6670fe5985ea,SAMMS-Huntsville-OBOT
202608260854400976,202608260654255678,202608260654255519,85,1943,Bronze INV,br_Bottle,TASK_COMPLETE,SUCCESS,INFO,0,0,0,,2026-08-26T06:54:31.515Z,2026-08-26T08:57:15.847Z,7364,2026-08-26T08:57:15.847Z,BAT,Batesville,912d32aa-0b7f-4999-bf60-6670fe5985ea,SAMMS-Batesville
202608260854400977,202608260654255679,202608260654255519,85,1944,Bronze INV,br_Bottle,TASK_COMPLETE,SUCCESS,INFO,4200,4200,0,,2026-08-26T06:54:31.515Z,2026-08-26T08:57:15.847Z,7364,2026-08-26T08:57:15.847Z,BG,Bowling Green,912d32aa-0b7f-4999-bf60-6670fe5985ea,SAMMS-BowlingGreen
202608260854400978,202608260654255680,202608260654255519,85,1945,Bronze INV,br_Bottle,TASK_COMPLETE,SUCCESS,INFO,2070,2070,0,,2026-08-26T06:54:31.515Z,2026-08-26T08:57:15.847Z,7364,2026-08-26T08:57:15.847Z,BOI,Boise,912d32aa-0b7f-4999-bf60-6670fe5985ea,SAMMS-Boise
202608260854400979,202608260654255681,202608260654255519,85,1952,Bronze INV,br_Bottle,TASK_COMPLETE,SUCCESS,INFO,1116,1116,0,,2026-08-26T06:54:31.515Z,2026-08-26T08:57:15.847Z,7364,2026-08-26T08:57:15.847Z,CBCO,Coeur dAlene,912d32aa-0b7f-4999-bf60-6670fe5985ea,SAMMS-CoeurdAleneV6
202608260854400980,202608260654255682,202608260654255519,85,1971,Bronze INV,br_Bottle,TASK_COMPLETE,SUCCESS,INFO,0,0,0,,2026-08-26T06:54:31.515Z,2026-08-26T08:57:15.847Z,7364,2026-08-26T08:57:15.847Z,CON,Conway,912d32aa-0b7f-4999-bf60-6670fe5985ea,SAMMS-Conway
202608260854400981,202608260654255683,202608260654255519,85,1972,Bronze INV,br_Bottle,TASK_COMPLETE,SUCCESS,INFO,0,0,0,,2026-08-26T06:54:31.515Z,2026-08-26T08:57:15.847Z,7364,2026-08-26T08:57:15.847Z,D07,Medical Services Knox TN,912d32aa-0b7f-4999-bf60-6670fe5985ea,SAMMS-KnoxvilleV6
202608260854400982,202608260654255684,202608260654255519,85,1973,Bronze INV,br_Bottle,TASK_COMPLETE,SUCCESS,INFO,5134,5134,0,,2026-08-26T06:54:31.515Z,2026-08-26T08:57:15.847Z,7364,2026-08-26T08:57:15.847Z,D08,Madison,912d32aa-0b7f-4999-bf60-6670fe5985ea,SAMMS-MadisonV6
202608260854400983,202608260654255685,202608260654255519,85,1975,Bronze INV,br_Bottle,TASK_COMPLETE,SUCCESS,INFO,7037,7037,0,,2026-08-26T06:54:31.515Z,2026-08-26T08:57:15.847Z,7364,2026-08-26T08:57:15.847Z,D09,Murfreesboro,912d32aa-0b7f-4999-bf60-6670fe5985ea,SAMMS-MurfreesboroV6
202608260854400984,202608260654255686,202608260654255519,85,1976,Bronze INV,br_Bottle,TASK_COMPLETE,SUCCESS,INFO,2227,2227,0,,2026-08-26T06:54:31.515Z,2026-08-26T08:57:15.847Z,7364,2026-08-26T08:57:15.847Z,DA,Davenport,912d32aa-0b7f-4999-bf60-6670fe5985ea,SAMMS-Davenport
202608260854400985,202608260654255687,202608260654255519,85,1977,Bronze INV,br_Bottle,TASK_COMPLETE,SUCCESS,INFO,1673,1673,0,,2026-08-26T06:54:31.515Z,2026-08-26T08:57:15.847Z,7364,2026-08-26T08:57:15.847Z,DM,Des Moines,912d32aa-0b7f-4999-bf60-6670fe5985ea,SAMMS-DesMoines
202608260854400987,202608260654255688,202608260654255519,85,1979,Bronze INV,br_Bottle,TASK_COMPLETE,SUCCESS,INFO,25636,25636,0,,2026-08-26T06:54:31.515Z,2026-08-26T08:57:15.847Z,7364,2026-08-26T08:57:15.847Z,DRD-CO,Columbia MO,912d32aa-0b7f-4999-bf60-6670fe5985ea,SAMMS-ColumbiaV5
202608260854400988,202608260654255689,202608260654255519,85,1980,Bronze INV,br_Bottle,TASK_COMPLETE,SUCCESS,INFO,24789,24789,0,,2026-08-26T06:54:31.515Z,2026-08-26T08:57:15.847Z,7364,2026-08-26T08:57:15.847Z,DRD-KC,KC,912d32aa-0b7f-4999-bf60-6670fe5985ea,SAMMS-KCv5
202608260854400989,202608260654255690,202608260654255519,85,1981,Bronze INV,br_Bottle,TASK_COMPLETE,SUCCESS,INFO,114115,114115,0,,2026-08-26T06:54:31.515Z,2026-08-26T08:57:15.847Z,7364,2026-08-26T08:57:15.847Z,DRD-KVB,KVB,912d32aa-0b7f-4999-bf60-6670fe5985ea,SAMMS-KVBv5
202608260854402648,202608260654258084,202608260654255519,85,4140,Bronze INV,br_ReAssessmentSocial,TASK_COMPLETE,SUCCESS,INFO,621,621,0,,2026-08-26T06:54:31.515Z,2026-08-26T08:57:15.847Z,7364,2026-08-26T08:57:15.847Z,B57D,Westerly,912d32aa-0b7f-4999-bf60-6670fe5985ea,SAMMS-Westerly
202608260854402649,202608260654258085,202608260654255519,85,4144,Bronze INV,br_ReAssessmentSocial,TASK_COMPLETE,SUCCESS,INFO,4,4,0,,2026-08-26T06:54:31.515Z,2026-08-26T08:57:15.847Z,7364,2026-08-26T08:57:15.847Z,B66A,Bremen,912d32aa-0b7f-4999-bf60-6670fe5985ea,SAMMS-Bremen
202608260854402650,202608260654258086,202608260654255519,85,4147,Bronze INV,br_ReAssessmentSocial,TASK_COMPLETE,SUCCESS,INFO,0,0,0,,2026-08-26T06:54:31.515Z,2026-08-26T08:57:15.847Z,7364,2026-08-26T08:57:15.847Z,B72,Mobile (OBOT),912d32aa-0b7f-4999-bf60-6670fe5985ea,SAMMS-Mobile-OBOT
202608260854402651,202608260654258087,202608260654255519,85,4148,Bronze INV,br_ReAssessmentSocial,TASK_COMPLETE,SUCCESS,INFO,0,0,0,,2026-08-26T06:54:31.515Z,2026-08-26T08:57:15.847Z,7364,2026-08-26T08:57:15.847Z,B73,Montgomery,912d32aa-0b7f-4999-bf60-6670fe5985ea,SAMMS-Montgomery
202608260854402652,202608260654258088,202608260654255519,85,4149,Bronze INV,br_ReAssessmentSocial,TASK_COMPLETE,SUCCESS,INFO,516,516,0,,2026-08-26T06:54:31.515Z,2026-08-26T08:57:15.847Z,7364,2026-08-26T08:57:15.847Z,B75,Lawrence,912d32aa-0b7f-4999-bf60-6670fe5985ea,SAMMS-LawrenceV6
202608260854402653,202608260654258089,202608260654255519,85,4150,Bronze INV,br_ReAssessmentSocial,TASK_COMPLETE,SUCCESS,INFO,0,0,0,,2026-08-26T06:54:31.515Z,2026-08-26T08:57:15.847Z,7364,2026-08-26T08:57:15.847Z,B76,Huntsville OBOT,912d32aa-0b7f-4999-bf60-6670fe5985ea,SAMMS-Huntsville-OBOT
202608260854402655,202608260654258090,202608260654255519,85,4151,Bronze INV,br_ReAssessmentSocial,TASK_COMPLETE,SUCCESS,INFO,0,0,0,,2026-08-26T06:54:31.515Z,2026-08-26T08:57:15.847Z,7364,2026-08-26T08:57:15.847Z,BAT,Batesville,912d32aa-0b7f-4999-bf60-6670fe5985ea,SAMMS-Batesville
202608260854402656,202608260654258091,202608260654255519,85,4152,Bronze INV,br_ReAssessmentSocial,TASK_COMPLETE,SUCCESS,INFO,460,460,0,,2026-08-26T06:54:31.515Z,2026-08-26T08:57:15.847Z,7364,2026-08-26T08:57:15.847Z,BG,Bowling Green,912d32aa-0b7f-4999-bf60-6670fe5985ea,SAMMS-BowlingGreen
202608260854402657,202608260654258092,202608260654255519,85,4153,Bronze INV,br_ReAssessmentSocial,TASK_COMPLETE,SUCCESS,INFO,180,180,0,,2026-08-26T06:54:31.515Z,2026-08-26T08:57:15.847Z,7364,2026-08-26T08:57:15.847Z,BOI,Boise,912d32aa-0b7f-4999-bf60-6670fe5985ea,SAMMS-Boise
202608260854402658,202608260654258093,202608260654255519,85,4160,Bronze INV,br_ReAssessmentSocial,TASK_COMPLETE,SUCCESS,INFO,51,51,0,,2026-08-26T06:54:31.515Z,2026-08-26T08:57:15.847Z,7364,2026-08-26T08:57:15.847Z,CBCO,Coeur dAlene,912d32aa-0b7f-4999-bf60-6670fe5985ea,SAMMS-CoeurdAleneV6
202608260854402659,202608260654258094,202608260654255519,85,4179,Bronze INV,br_ReAssessmentSocial,TASK_COMPLETE,SUCCESS,INFO,0,0,0,,2026-08-26T06:54:31.515Z,2026-08-26T08:57:15.847Z,7364,2026-08-26T08:57:15.847Z,CON,Conway,912d32aa-0b7f-4999-bf60-6670fe5985ea,SAMMS-Conway
202608260854402660,202608260654258095,202608260654255519,85,4180,Bronze INV,br_ReAssessmentSocial,TASK_COMPLETE,SUCCESS,INFO,2568,2568,0,,2026-08-26T06:54:31.515Z,2026-08-26T08:57:15.847Z,7364,2026-08-26T08:57:15.847Z,D07,Medical Services Knox TN,912d32aa-0b7f-4999-bf60-6670fe5985ea,SAMMS-KnoxvilleV6
202608260854402661,202608260654258096,202608260654255519,85,4181,Bronze INV,br_ReAssessmentSocial,TASK_COMPLETE,SUCCESS,INFO,111,111,0,,2026-08-26T06:54:31.515Z,2026-08-26T08:57:15.847Z,7364,2026-08-26T08:57:15.847Z,D08,Madison,912d32aa-0b7f-4999-bf60-6670fe5985ea,SAMMS-MadisonV6
202608260854402662,202608260654258097,202608260654255519,85,4183,Bronze INV,br_ReAssessmentSocial,TASK_COMPLETE,SUCCESS,INFO,118,118,0,,2026-08-26T06:54:31.515Z,2026-08-26T08:57:15.847Z,7364,2026-08-26T08:57:15.847Z,D09,Murfreesboro,912d32aa-0b7f-4999-bf60-6670fe5985ea,SAMMS-MurfreesboroV6
202608260854402664,202608260654258098,202608260654255519,85,4184,Bronze INV,br_ReAssessmentSocial,TASK_COMPLETE,SUCCESS,INFO,336,336,0,,2026-08-26T06:54:31.515Z,2026-08-26T08:57:15.847Z,7364,2026-08-26T08:57:15.847Z,DA,Davenport,912d32aa-0b7f-4999-bf60-6670fe5985ea,SAMMS-Davenport
202608260854402665,202608260654258099,202608260654255519,85,4185,Bronze INV,br_ReAssessmentSocial,TASK_COMPLETE,SUCCESS,INFO,286,286,0,,2026-08-26T06:54:31.515Z,2026-08-26T08:57:15.847Z,7364,2026-08-26T08:57:15.847Z,DM,Des Moines,912d32aa-0b7f-4999-bf60-6670fe5985ea,SAMMS-DesMoines
202608260854402666,202608260654258100,202608260654255519,85,4187,Bronze INV,br_ReAssessmentSocial,TASK_COMPLETE,SUCCESS,INFO,529,529,0,,2026-08-26T06:54:31.515Z,2026-08-26T08:57:15.847Z,7364,2026-08-26T08:57:15.847Z,DRD-CO,Columbia MO,912d32aa-0b7f-4999-bf60-6670fe5985ea,SAMMS-ColumbiaV5
202608260854402667,202608260654258101,202608260654255519,85,4188,Bronze INV,br_ReAssessmentSocial,TASK_COMPLETE,SUCCESS,INFO,347,347,0,,2026-08-26T06:54:31.515Z,2026-08-26T08:57:15.847Z,7364,2026-08-26T08:57:15.847Z,DRD-KC,KC,912d32aa-0b7f-4999-bf60-6670fe5985ea,SAMMS-KCv5
202608260854402668,202608260654258102,202608260654255519,85,4189,Bronze INV,br_ReAssessmentSocial,TASK_COMPLETE,SUCCESS,INFO,1551,1551,0,,2026-08-26T06:54:31.515Z,2026-08-26T08:57:15.847Z,7364,2026-08-26T08:57:15.847Z,DRD-KVB,KVB,912d32aa-0b7f-4999-bf60-6670fe5985ea,SAMMS-KVBv5
202608260854402669,202608260654258103,202608260654255519,85,4190,Bronze INV,br_ReAssessmentSocial,TASK_COMPLETE,SUCCESS,INFO,1669,1669,0,,2026-08-26T06:54:31.515Z,2026-08-26T08:57:15.847Z,7364,2026-08-26T08:57:15.847Z,DRD-KVC,KVC,912d32aa-0b7f-4999-bf60-6670fe5985ea,SAMMS-KVCv5
202608260854402670,202608260654258104,202608260654255519,85,4191,Bronze INV,br_ReAssessmentSocial,TASK_COMPLETE,SUCCESS,INFO,3201,3201,0,,2026-08-26T06:54:31.515Z,2026-08-26T08:57:15.847Z,7364,2026-08-26T08:57:15.847Z,DRD-NOLA,NOLA,912d32aa-0b7f-4999-bf60-6670fe5985ea,SAMMS-NOLAv5
202608260854402671,202608260654258105,202608260654255519,85,4192,Bronze INV,br_ReAssessmentSocial,TASK_COMPLETE,SUCCESS,INFO,798,798,0,,2026-08-26T06:54:31.515Z,2026-08-26T08:57:15.847Z,7364,2026-08-26T08:57:15.847Z,DRD-SF,Springfield,912d32aa-0b7f-4999-bf60-6670fe5985ea,SAMMS-SFv5
202608260854402672,202608260654258106,202608260654255519,85,4194,Bronze INV,br_ReAssessmentSocial,TASK_COMPLETE,SUCCESS,INFO,260,260,0,,2026-08-26T06:54:31.515Z,2026-08-26T08:57:15.847Z,7364,2026-08-26T08:57:15.847Z,ELC,Elizabeth City,912d32aa-0b7f-4999-bf60-6670fe5985ea,SAMMS-ElizabethCity
202608260854402674,202608260654258107,202608260654255519,85,4195,Bronze INV,br_ReAssessmentSocial,TASK_COMPLETE,SUCCESS,INFO,128,128,0,,2026-08-26T06:54:31.515Z,2026-08-26T08:57:15.847Z,7364,2026-08-26T08:57:15.847Z,ET,Elizabethtown,912d32aa-0b7f-4999-bf60-6670fe5985ea,SAMMS-Elizabethtown
202608260854402675,202608260654258108,202608260654255519,85,4196,Bronze INV,br_ReAssessmentSocial,TASK_COMPLETE,SUCCESS,INFO,0,0,0,,2026-08-26T06:54:31.515Z,2026-08-26T08:57:15.847Z,7364,2026-08-26T08:57:15.847Z,FAY,Fayetteville,912d32aa-0b7f-4999-bf60-6670fe5985ea,SAMMS-Fayetteville
202608260854402676,202608260654258109,202608260654255519,85,4197,Bronze INV,br_ReAssessmentSocial,TASK_COMPLETE,SUCCESS,INFO,156,156,0,,2026-08-26T06:54:31.515Z,2026-08-26T08:57:15.847Z,7364,2026-08-26T08:57:15.847Z,FR,Frankfort,912d32aa-0b7f-4999-bf60-6670fe5985ea,SAMMS-Frankfort
202608260854402677,202608260654258110,202608260654255519,85,4198,Bronze INV,br_ReAssessmentSocial,TASK_COMPLETE,SUCCESS,INFO,0,0,0,,2026-08-26T06:54:31.515Z,2026-08-26T08:57:15.847Z,7364,2026-08-26T08:57:15.847Z,FS,Fort Smith,912d32aa-0b7f-4999-bf60-6670fe5985ea,SAMMS-FortSmith
202608260854402678,202608260654258111,202608260654255519,85,4199,Bronze INV,br_ReAssessmentSocial,TASK_COMPLETE,SUCCESS,INFO,465,465,0,,2026-08-26T06:54:31.515Z,2026-08-26T08:57:15.847Z,7364,2026-08-26T08:57:15.847Z,FW,Fort Wayne,912d32aa-0b7f-4999-bf60-6670fe5985ea,SAMMS-FortWayne
202608260854402679,202608260654258112,202608260654255519,85,4200,Bronze INV,br_ReAssessmentSocial,TASK_COMPLETE,SUCCESS,INFO,273,273,0,,2026-08-26T06:54:31.515Z,2026-08-26T08:57:15.847Z,7364,2026-08-26T08:57:15.847Z,GAL,Gaylord,912d32aa-0b7f-4999-bf60-6670fe5985ea,SAMMS-Gaylord
202608260854402680,202608260654258113,202608260654255519,85,4204,Bronze INV,br_ReAssessmentSocial,TASK_COMPLETE,SUCCESS,INFO,100,100,0,,2026-08-26T06:54:31.515Z,2026-08-26T08:57:15.847Z,7364,2026-08-26T08:57:15.847Z,HGT,Hagerstown,912d32aa-0b7f-4999-bf60-6670fe5985ea,SAMMS-Hagerstown
202608260854402681,202608260654258114,202608260654255519,85,4205,Bronze INV,br_ReAssessmentSocial,TASK_COMPLETE,SUCCESS,INFO,1718,1718,0,,2026-08-26T06:54:31.515Z,2026-08-26T08:57:15.847Z,7364,2026-08-26T08:57:15.847Z,HNT,Huntsville,912d32aa-0b7f-4999-bf60-6670fe5985ea,SAMMS-Huntsville
202608260854402682,202608260654258115,202608260654255519,85,4206,Bronze INV,br_ReAssessmentSocial,TASK_COMPLETE,SUCCESS,INFO,0,0,0,,2026-08-26T06:54:31.515Z,2026-08-26T08:57:15.847Z,7364,2026-08-26T08:57:15.847Z,HS,Hot Springs,912d32aa-0b7f-4999-bf60-6670fe5985ea,SAMMS-HotSprings
202608260854402683,202608260654258116,202608260654255519,85,4207,Bronze INV,br_ReAssessmentSocial,TASK_COMPLETE,SUCCESS,INFO,0,0,0,,2026-08-26T06:54:31.515Z,2026-08-26T08:57:15.847Z,7364,2026-08-26T08:57:15.847Z,JON,Jonesboro,912d32aa-0b7f-4999-bf60-6670fe5985ea,SAMMS-Jonesboro
202608260854402685,202608260654258117,202608260654255519,85,4209,Bronze INV,br_ReAssessmentSocial,TASK_COMPLETE,SUCCESS,INFO,444,444,0,,2026-08-26T06:54:31.515Z,2026-08-26T08:57:15.847Z,7364,2026-08-26T08:57:15.847Z,LAN,Lansing,912d32aa-0b7f-4999-bf60-6670fe5985ea,SAMMS-Lansing
202608260854402686,202608260654258118,202608260654255519,85,4210,Bronze INV,br_ReAssessmentSocial,TASK_COMPLETE,SUCCESS,INFO,1286,1286,0,,2026-08-26T06:54:31.515Z,2026-08-26T08:57:15.847Z,7364,2026-08-26T08:57:15.847Z,LO,Louisville,912d32aa-0b7f-4999-bf60-6670fe5985ea,SAMMS-Louisville
202608260854402687,202608260654258119,202608260654255519,85,4211,Bronze INV,br_ReAssessmentSocial,TASK_COMPLETE,SUCCESS,INFO,291,291,0,,2026-08-26T06:54:31.515Z,2026-08-26T08:57:15.847Z,7364,2026-08-26T08:57:15.847Z,LV1,Cheyenne,912d32aa-0b7f-4999-bf60-6670fe5985ea,SAMMS-Cheyenne
202608260854402688,202608260654258120,202608260654255519,85,4212,Bronze INV,br_ReAssessmentSocial,TASK_COMPLETE,SUCCESS,INFO,204,204,0,,2026-08-26T06:54:31.515Z,2026-08-26T08:57:15.847Z,7364,2026-08-26T08:57:15.847Z,LV2,Desert Inn,912d32aa-0b7f-4999-bf60-6670fe5985ea,SAMMS-DesertInn
202608260854402689,202608260654258121,202608260654255519,85,4213,Bronze INV,br_ReAssessmentSocial,TASK_COMPLETE,SUCCESS,INFO,110,110,0,,2026-08-26T06:54:31.515Z,2026-08-26T08:57:15.847Z,7364,2026-08-26T08:57:15.847Z,LV3,McDaniel,912d32aa-0b7f-4999-bf60-6670fe5985ea,SAMMS-McDaniel
202608260854401405,202608260654255762,202608260654255519,85,2635,Bronze INV,br_LiquidLog,TASK_COMPLETE,SUCCESS,INFO,542422,542422,0,,2026-08-26T06:54:31.515Z,2026-08-26T08:57:15.847Z,7364,2026-08-26T08:57:15.847Z,B35,Lexington,912d32aa-0b7f-4999-bf60-6670fe5985ea,SAMMS-LexingtonV5
202608260854401406,202608260654255763,202608260654255519,85,2636,Bronze INV,br_LiquidLog,TASK_COMPLETE,SUCCESS,INFO,180015,180015,0,,2026-08-26T06:54:31.515Z,2026-08-26T08:57:15.847Z,7364,2026-08-26T08:57:15.847Z,B35A,Berea,912d32aa-0b7f-4999-bf60-6670fe5985ea,SAMMS-BereaV5
202608260854401407,202608260654255764,202608260654255519,85,2637,Bronze INV,br_LiquidLog,TASK_COMPLETE,SUCCESS,INFO,167844,167844,0,,2026-08-26T06:54:31.515Z,2026-08-26T08:57:15.847Z,7364,2026-08-26T08:57:15.847Z,B36,Asheville,912d32aa-0b7f-4999-bf60-6670fe5985ea,SAMMS-AshevilleV5
202608260854401408,202608260654255765,202608260654255519,85,2638,Bronze INV,br_LiquidLog,TASK_COMPLETE,SUCCESS,INFO,126188,126188,0,,2026-08-26T06:54:31.515Z,2026-08-26T08:57:15.847Z,7364,2026-08-26T08:57:15.847Z,B37,Clyde,912d32aa-0b7f-4999-bf60-6670fe5985ea,SAMMS-ClydeV5
202608260854401410,202608260654255766,202608260654255519,85,2639,Bronze INV,br_LiquidLog,TASK_COMPLETE,SUCCESS,INFO,194348,194348,0,,2026-08-26T06:54:31.515Z,2026-08-26T08:57:15.847Z,7364,2026-08-26T08:57:15.847Z,B38,Spartanburg,912d32aa-0b7f-4999-bf60-6670fe5985ea,SAMMS-SpartanburgV5
202608260854401411,202608260654255767,202608260654255519,85,2640,Bronze INV,br_LiquidLog,TASK_COMPLETE,SUCCESS,INFO,76822,76822,0,,2026-08-26T06:54:31.515Z,2026-08-26T08:57:15.847Z,7364,2026-08-26T08:57:15.847Z,B39,Aiken,912d32aa-0b7f-4999-bf60-6670fe5985ea,SAMMS-AikenV5
202608260854401412,202608260654255768,202608260654255519,85,2641,Bronze INV,br_LiquidLog,TASK_COMPLETE,SUCCESS,INFO,124251,124251,0,,2026-08-26T06:54:31.515Z,2026-08-26T08:57:15.847Z,7364,2026-08-26T08:57:15.847Z,B41,Chesapeake,912d32aa-0b7f-4999-bf60-6670fe5985ea,SAMMS-ChesapeakeV5
202608260854401413,202608260654255769,202608260654255519,85,2642,Bronze INV,br_LiquidLog,TASK_COMPLETE,SUCCESS,INFO,168648,168648,0,,2026-08-26T06:54:31.515Z,2026-08-26T08:57:15.847Z,7364,2026-08-26T08:57:15.847Z,B42,Virginia Beach,912d32aa-0b7f-4999-bf60-6670fe5985ea,SAMMS-VirginiaBeachV5
202608260854401414,202608260654255770,202608260654255519,85,2643,Bronze INV,br_LiquidLog,TASK_COMPLETE,SUCCESS,INFO,101373,101373,0,,2026-08-26T06:54:31.515Z,2026-08-26T08:57:15.847Z,7364,2026-08-26T08:57:15.847Z,B42A,Newport News,912d32aa-0b7f-4999-bf60-6670fe5985ea,SAMMS-NewportNewsV5
202608260854401415,202608260654255771,202608260654255519,85,2644,Bronze INV,br_LiquidLog,TASK_COMPLETE,SUCCESS,INFO,23857,23857,0,,2026-08-26T06:54:31.515Z,2026-08-26T08:57:15.847Z,7364,2026-08-26T08:57:15.847Z,B42B,Franklin,912d32aa-0b7f-4999-bf60-6670fe5985ea,SAMMS-FranklinV5
202608260854401416,202608260654255772,202608260654255519,85,2645,Bronze INV,br_LiquidLog,TASK_COMPLETE,SUCCESS,INFO,125012,125012,0,,2026-08-26T06:54:31.515Z,2026-08-26T08:57:15.847Z,7364,2026-08-26T08:57:15.847Z,B42C,Glen Allen,912d32aa-0b7f-4999-bf60-6670fe5985ea,SAMMS-GlenAllenV5
202608260854401418,202608260654255773,202608260654255519,85,2646,Bronze INV,br_LiquidLog,TASK_COMPLETE,SUCCESS,INFO,88908,88908,0,,2026-08-26T06:54:31.515Z,2026-08-26T08:57:15.847Z,7364,2026-08-26T08:57:15.847Z,B42D,Chesapeake South,912d32aa-0b7f-4999-bf60-6670fe5985ea,SAMMS-ChesapeakeSouthV5
202608260854401419,202608260654255774,202608260654255519,85,2647,Bronze INV,br_LiquidLog,TASK_COMPLETE,SUCCESS,INFO,79875,79875,0,,2026-08-26T06:54:31.515Z,2026-08-26T08:57:15.847Z,7364,2026-08-26T08:57:15.847Z,B44,Albany,912d32aa-0b7f-4999-bf60-6670fe5985ea,SAMMS-AlbanyV5
202608260854401420,202608260654255775,202608260654255519,85,2648,Bronze INV,br_LiquidLog,TASK_COMPLETE,SUCCESS,INFO,139565,139565,0,,2026-08-26T06:54:31.515Z,2026-08-26T08:57:15.847Z,7364,2026-08-26T08:57:15.847Z,B45,Tifton,912d32aa-0b7f-4999-bf60-6670fe5985ea,SAMMS-TiftonV5
202608260854401421,202608260654255776,202608260654255519,85,2649,Bronze INV,br_LiquidLog,TASK_COMPLETE,SUCCESS,INFO,133515,133515,0,,2026-08-26T06:54:31.515Z,2026-08-26T08:57:15.847Z,7364,2026-08-26T08:57:15.847Z,B46,Washington DC,912d32aa-0b7f-4999-bf60-6670fe5985ea,SAMMS-WashingtonDCv5
202608260854401422,202608260654255777,202608260654255519,85,2650,Bronze INV,br_LiquidLog,TASK_COMPLETE,SUCCESS,INFO,135687,135687,0,,2026-08-26T06:54:31.515Z,2026-08-26T08:57:15.847Z,7364,2026-08-26T08:57:15.847Z,B47,Mobile,912d32aa-0b7f-4999-bf60-6670fe5985ea,SAMMS-MobileV5
202608260854401423,202608260654255778,202608260654255519,85,2651,Bronze INV,br_LiquidLog,TASK_COMPLETE,SUCCESS,INFO,259836,259836,0,,2026-08-26T06:54:31.515Z,2026-08-26T08:57:15.847Z,7364,2026-08-26T08:57:15.847Z,B48,Tuscaloosa,912d32aa-0b7f-4999-bf60-6670fe5985ea,SAMMS-TuscaloosaV5
202608260854401424,202608260654255779,202608260654255519,85,2660,Bronze INV,br_LiquidLog,TASK_COMPLETE,SUCCESS,INFO,59489,59489,0,,2026-08-26T06:54:31.515Z,2026-08-26T08:57:15.847Z,7364,2026-08-26T08:57:15.847Z,B51,N. Little Rock (OTP),912d32aa-0b7f-4999-bf60-6670fe5985ea,SAMMS-NorthLittleRockV6
202608260854401426,202608260654255780,202608260654255519,85,2661,Bronze INV,br_LiquidLog,TASK_COMPLETE,SUCCESS,INFO,95581,95581,0,,2026-08-26T06:54:31.515Z,2026-08-26T08:57:15.847Z,7364,2026-08-26T08:57:15.847Z,B52,Jackson GA,912d32aa-0b7f-4999-bf60-6670fe5985ea,SAMMS-JacksonGAV5
202608260854401427,202608260654255781,202608260654255519,85,2662,Bronze INV,br_LiquidLog,TASK_COMPLETE,SUCCESS,INFO,238330,238330,0,,2026-08-26T06:54:31.515Z,2026-08-26T08:57:15.847Z,7364,2026-08-26T08:57:15.847Z,B54,Gadsden,912d32aa-0b7f-4999-bf60-6670fe5985ea,SAMMS-GadsdenV5
202608260854401428,202608260654255782,202608260654255519,85,2663,Bronze INV,br_LiquidLog,TASK_COMPLETE,SUCCESS,INFO,223310,223310,0,,2026-08-26T06:54:31.515Z,2026-08-26T08:57:15.847Z,7364,2026-08-26T08:57:15.847Z,B55,Shoals,912d32aa-0b7f-4999-bf60-6670fe5985ea,SAMMS-ShoalsV5
202608260854401429,202608260654255783,202608260654255519,85,2664,Bronze INV,br_LiquidLog,TASK_COMPLETE,SUCCESS,INFO,64738,64738,0,,2026-08-26T06:54:31.515Z,2026-08-26T08:57:15.847Z,7364,2026-08-26T08:57:15.847Z,B57,Pawtucket,912d32aa-0b7f-4999-bf60-6670fe5985ea,SAMMS-Pawtucket
202608260854401430,202608260654255784,202608260654255519,85,2665,Bronze INV,br_LiquidLog,TASK_COMPLETE,SUCCESS,INFO,73148,73148,0,,2026-08-26T06:54:31.515Z,2026-08-26T08:57:15.847Z,7364,2026-08-26T08:57:15.847Z,B57A,Johnston,912d32aa-0b7f-4999-bf60-6670fe5985ea,SAMMS-Johnston
202608260854401431,202608260654255785,202608260654255519,85,2666,Bronze INV,br_LiquidLog,TASK_COMPLETE,SUCCESS,INFO,19050,19050,0,,2026-08-26T06:54:31.515Z,2026-08-26T08:57:15.847Z,7364,2026-08-26T08:57:15.847Z,B57B,Middletown,912d32aa-0b7f-4999-bf60-6670fe5985ea,SAMMS-Middletown
202608260854401432,202608260654255786,202608260654255519,85,2667,Bronze INV,br_LiquidLog,TASK_COMPLETE,SUCCESS,INFO,38647,38647,0,,2026-08-26T06:54:31.515Z,2026-08-26T08:57:15.847Z,7364,2026-08-26T08:57:15.847Z,B57C,Providence,912d32aa-0b7f-4999-bf60-6670fe5985ea,SAMMS-Providence
202608260854401434,202608260654255787,202608260654255519,85,2668,Bronze INV,br_LiquidLog,TASK_COMPLETE,SUCCESS,INFO,65275,65275,0,,2026-08-26T06:54:31.515Z,2026-08-26T08:57:15.847Z,7364,2026-08-26T08:57:15.847Z,B57D,Westerly,912d32aa-0b7f-4999-bf60-6670fe5985ea,SAMMS-Westerly
202608260854401435,202608260654255788,202608260654255519,85,2672,Bronze INV,br_LiquidLog,TASK_COMPLETE,SUCCESS,INFO,0,0,0,,2026-08-26T06:54:31.515Z,2026-08-26T08:57:15.847Z,7364,2026-08-26T08:57:15.847Z,B66A,Bremen,912d32aa-0b7f-4999-bf60-6670fe5985ea,SAMMS-Bremen
202608260854401436,202608260654255789,202608260654255519,85,2675,Bronze INV,br_LiquidLog,TASK_COMPLETE,SUCCESS,INFO,0,0,0,,2026-08-26T06:54:31.515Z,2026-08-26T08:57:15.847Z,7364,2026-08-26T08:57:15.847Z,B72,Mobile (OBOT),912d32aa-0b7f-4999-bf60-6670fe5985ea,SAMMS-Mobile-OBOT
202608260854401437,202608260654255790,202608260654255519,85,2676,Bronze INV,br_LiquidLog,TASK_COMPLETE,SUCCESS,INFO,0,0,0,,2026-08-26T06:54:31.515Z,2026-08-26T08:57:15.847Z,7364,2026-08-26T08:57:15.847Z,B73,Montgomery,912d32aa-0b7f-4999-bf60-6670fe5985ea,SAMMS-Montgomery
202608260854401438,202608260654255791,202608260654255519,85,2677,Bronze INV,br_LiquidLog,TASK_COMPLETE,SUCCESS,INFO,61479,61479,0,,2026-08-26T06:54:31.515Z,2026-08-26T08:57:15.847Z,7364,2026-08-26T08:57:15.847Z,B75,Lawrence,912d32aa-0b7f-4999-bf60-6670fe5985ea,SAMMS-LawrenceV6
202608260854401439,202608260654255792,202608260654255519,85,2678,Bronze INV,br_LiquidLog,TASK_COMPLETE,SUCCESS,INFO,0,0,0,,2026-08-26T06:54:31.515Z,2026-08-26T08:57:15.847Z,7364,2026-08-26T08:57:15.847Z,B76,Huntsville OBOT,912d32aa-0b7f-4999-bf60-6670fe5985ea,SAMMS-Huntsville-OBOT
202608260854401441,202608260654255793,202608260654255519,85,2679,Bronze INV,br_LiquidLog,TASK_COMPLETE,SUCCESS,INFO,0,0,0,,2026-08-26T06:54:31.515Z,2026-08-26T08:57:15.847Z,7364,2026-08-26T08:57:15.847Z,BAT,Batesville,912d32aa-0b7f-4999-bf60-6670fe5985ea,SAMMS-Batesville
202608260854401442,202608260654255794,202608260654255519,85,2680,Bronze INV,br_LiquidLog,TASK_COMPLETE,SUCCESS,INFO,125199,125199,0,,2026-08-26T06:54:31.515Z,2026-08-26T08:57:15.847Z,7364,2026-08-26T08:57:15.847Z,BG,Bowling Green,912d32aa-0b7f-4999-bf60-6670fe5985ea,SAMMS-BowlingGreen
202608260854401443,202608260654255795,202608260654255519,85,2681,Bronze INV,br_LiquidLog,TASK_COMPLETE,SUCCESS,INFO,51852,51852,0,,2026-08-26T06:54:31.515Z,2026-08-26T08:57:15.847Z,7364,2026-08-26T08:57:15.847Z,BOI,Boise,912d32aa-0b7f-4999-bf60-6670fe5985ea,SAMMS-Boise
202608260854401444,202608260654255796,202608260654255519,85,2688,Bronze INV,br_LiquidLog,TASK_COMPLETE,SUCCESS,INFO,29486,29486,0,,2026-08-26T06:54:31.515Z,2026-08-26T08:57:15.847Z,7364,2026-08-26T08:57:15.847Z,CBCO,Coeur dAlene,912d32aa-0b7f-4999-bf60-6670fe5985ea,SAMMS-CoeurdAleneV6
202608260854401445,202608260654255797,202608260654255519,85,2707,Bronze INV,br_LiquidLog,TASK_COMPLETE,SUCCESS,INFO,0,0,0,,2026-08-26T06:54:31.515Z,2026-08-26T08:57:15.847Z,7364,2026-08-26T08:57:15.847Z,CON,Conway,912d32aa-0b7f-4999-bf60-6670fe5985ea,SAMMS-Conway
202608260854401446,202608260654255798,202608260654255519,85,2708,Bronze INV,br_LiquidLog,TASK_COMPLETE,SUCCESS,INFO,0,0,0,,2026-08-26T06:54:31.515Z,2026-08-26T08:57:15.847Z,7364,2026-08-26T08:57:15.847Z,D07,Medical Services Knox TN,912d32aa-0b7f-4999-bf60-6670fe5985ea,SAMMS-KnoxvilleV6
202608260854401447,202608260654255799,202608260654255519,85,2709,Bronze INV,br_LiquidLog,TASK_COMPLETE,SUCCESS,INFO,93239,93239,0,,2026-08-26T06:54:31.515Z,2026-08-26T08:57:15.847Z,7364,2026-08-26T08:57:15.847Z,D08,Madison,912d32aa-0b7f-4999-bf60-6670fe5985ea,SAMMS-MadisonV6
202608260854401038,202608260654255729,202608260654255519,85,2037,Bronze INV,br_Bottle,TASK_COMPLETE,SUCCESS,INFO,11306,11306,0,,2026-08-26T06:54:31.515Z,2026-08-26T08:57:15.847Z,7364,2026-08-26T08:57:15.847Z,V10,Longmont,912d32aa-0b7f-4999-bf60-6670fe5985ea,SAMMS-BoulderV5
202608260854401039,202608260654255730,202608260654255519,85,2038,Bronze INV,br_Bottle,TASK_COMPLETE,SUCCESS,INFO,10742,10742,0,,2026-08-26T06:54:31.515Z,2026-08-26T08:57:15.847Z,7364,2026-08-26T08:57:15.847Z,V10A,Fort Collins,912d32aa-0b7f-4999-bf60-6670fe5985ea,SAMMS-FortCollinsV5
202608260854401040,202608260654255731,202608260654255519,85,2039,Bronze INV,br_Bottle,TASK_COMPLETE,SUCCESS,INFO,21449,21449,0,,2026-08-26T06:54:31.515Z,2026-08-26T08:57:15.847Z,7364,2026-08-26T08:57:15.847Z,V11,Westminster,912d32aa-0b7f-4999-bf60-6670fe5985ea,SAMMS-VCPHCS-XI-NorthDenverV5
202608260854401041,202608260654255732,202608260654255519,85,2040,Bronze INV,br_Bottle,TASK_COMPLETE,SUCCESS,INFO,26177,26177,0,,2026-08-26T06:54:31.515Z,2026-08-26T08:57:15.847Z,7364,2026-08-26T08:57:15.847Z,V12,Downtown Denver,912d32aa-0b7f-4999-bf60-6670fe5985ea,SAMMS-VCPHCS-XII-DowntownDenverV5
202608260854401042,202608260654255733,202608260654255519,85,2041,Bronze INV,br_Bottle,TASK_COMPLETE,SUCCESS,INFO,6434,6434,0,,2026-08-26T06:54:31.515Z,2026-08-26T08:57:15.847Z,7364,2026-08-26T08:57:15.847Z,V12A,Centennial,912d32aa-0b7f-4999-bf60-6670fe5985ea,SAMMS-CentennialV5
202608260854401043,202608260654255734,202608260654255519,85,2042,Bronze INV,br_Bottle,TASK_COMPLETE,SUCCESS,INFO,12731,12731,0,,2026-08-26T06:54:31.515Z,2026-08-26T08:57:15.847Z,7364,2026-08-26T08:57:15.847Z,V14,Overland Park,912d32aa-0b7f-4999-bf60-6670fe5985ea,SAMMS-VCPHCS-XIV-BridgewayV5
202608260854401044,202608260654255735,202608260654255519,85,2043,Bronze INV,br_Bottle,TASK_COMPLETE,SUCCESS,INFO,14966,14966,0,,2026-08-26T06:54:31.515Z,2026-08-26T08:57:15.847Z,7364,2026-08-26T08:57:15.847Z,V15,Joplin,912d32aa-0b7f-4999-bf60-6670fe5985ea,SAMMS-JoplinV5
202608260854401045,202608260654255736,202608260654255519,85,2045,Bronze INV,br_Bottle,TASK_COMPLETE,SUCCESS,INFO,7060,7060,0,,2026-08-26T06:54:31.515Z,2026-08-26T08:57:15.847Z,7364,2026-08-26T08:57:15.847Z,V17,Columbia TN,912d32aa-0b7f-4999-bf60-6670fe5985ea,SAMMS-ColumbiaTNv5
202608260854401046,202608260654255737,202608260654255519,85,2047,Bronze INV,br_Bottle,TASK_COMPLETE,SUCCESS,INFO,38858,38858,0,,2026-08-26T06:54:31.515Z,2026-08-26T08:57:15.847Z,7364,2026-08-26T08:57:15.847Z,V19,Jackson,912d32aa-0b7f-4999-bf60-6670fe5985ea,SAMMS-JacksonV5
202608260854401047,202608260654255738,202608260654255519,85,2049,Bronze INV,br_Bottle,TASK_COMPLETE,SUCCESS,INFO,50518,50518,0,,2026-08-26T06:54:31.515Z,2026-08-26T08:57:15.847Z,7364,2026-08-26T08:57:15.847Z,V20,Paris,912d32aa-0b7f-4999-bf60-6670fe5985ea,SAMMS-ParisV5
202608260854401049,202608260654255739,202608260654255519,85,2050,Bronze INV,br_Bottle,TASK_COMPLETE,SUCCESS,INFO,36119,36119,0,,2026-08-26T06:54:31.515Z,2026-08-26T08:57:15.847Z,7364,2026-08-26T08:57:15.847Z,V21,Memphis North,912d32aa-0b7f-4999-bf60-6670fe5985ea,SAMMS-RaleighV5
202608260854401050,202608260654255740,202608260654255519,85,2053,Bronze INV,br_Bottle,TASK_COMPLETE,SUCCESS,INFO,67535,67535,0,,2026-08-26T06:54:31.515Z,2026-08-26T08:57:15.847Z,7364,2026-08-26T08:57:15.847Z,V5,West Bank,912d32aa-0b7f-4999-bf60-6670fe5985ea,SAMMS-NONTCv5
202608260854401051,202608260654255741,202608260654255519,85,2055,Bronze INV,br_Bottle,TASK_COMPLETE,SUCCESS,INFO,740,740,0,,2026-08-26T06:54:31.515Z,2026-08-26T08:57:15.847Z,7364,2026-08-26T08:57:15.847Z,V5B,Houma,912d32aa-0b7f-4999-bf60-6670fe5985ea,SAMMS-HoumaV6
202608260854401052,202608260654255742,202608260654255519,85,2056,Bronze INV,br_Bottle,TASK_COMPLETE,SUCCESS,INFO,39951,39951,0,,2026-08-26T06:54:31.515Z,2026-08-26T08:57:15.847Z,7364,2026-08-26T08:57:15.847Z,V6,Lake Charles,912d32aa-0b7f-4999-bf60-6670fe5985ea,SAMMS-LCv5
202608260854401053,202608260654255743,202608260654255519,85,2058,Bronze INV,br_Bottle,TASK_COMPLETE,SUCCESS,INFO,41828,41828,0,,2026-08-26T06:54:31.515Z,2026-08-26T08:57:15.847Z,7364,2026-08-26T08:57:15.847Z,V8,Memphis Midtown,912d32aa-0b7f-4999-bf60-6670fe5985ea,SAMMS-VCPHCS-VIII-MemphisV5
202608260854401054,202608260654255744,202608260654255519,85,2059,Bronze INV,br_Bottle,TASK_COMPLETE,SUCCESS,INFO,86805,86805,0,,2026-08-26T06:54:31.515Z,2026-08-26T08:57:15.847Z,7364,2026-08-26T08:57:15.847Z,V9,Nashville,912d32aa-0b7f-4999-bf60-6670fe5985ea,SAMMS-NashvilleV5
202608260854401055,202608260654255745,202608260654255519,85,2060,Bronze INV,br_Bottle,TASK_COMPLETE,SUCCESS,INFO,5563,5563,0,,2026-08-26T06:54:31.515Z,2026-08-26T08:57:15.847Z,7364,2026-08-26T08:57:15.847Z,VBRA,Brainerd,912d32aa-0b7f-4999-bf60-6670fe5985ea,SAMMS-BrainerdV6
202608260854401056,202608260654255746,202608260654255519,85,2061,Bronze INV,br_Bottle,TASK_COMPLETE,SUCCESS,INFO,12687,12687,0,,2026-08-26T06:54:31.515Z,2026-08-26T08:57:15.847Z,7364,2026-08-26T08:57:15.847Z,VBRP,Brooklyn Park,912d32aa-0b7f-4999-bf60-6670fe5985ea,SAMMS-BrooklynParkV6
202608260854401057,202608260654255747,202608260654255519,85,2063,Bronze INV,br_Bottle,TASK_COMPLETE,SUCCESS,INFO,7066,7066,0,,2026-08-26T06:54:31.515Z,2026-08-26T08:57:15.847Z,7364,2026-08-26T08:57:15.847Z,VMIN,Minneapolis,912d32aa-0b7f-4999-bf60-6670fe5985ea,SAMMS-MinneapolisV6
202608260854401058,202608260654255748,202608260654255519,85,2064,Bronze INV,br_Bottle,TASK_COMPLETE,SUCCESS,INFO,14875,14875,0,,2026-08-26T06:54:31.515Z,2026-08-26T08:57:15.847Z,7364,2026-08-26T08:57:15.847Z,VWBY,Woodbury,912d32aa-0b7f-4999-bf60-6670fe5985ea,SAMMS-WoodburyV6
202608260854401060,202608260654255749,202608260654255519,85,2066,Bronze INV,br_Bottle,TASK_COMPLETE,SUCCESS,INFO,6940,6940,0,,2026-08-26T06:54:31.515Z,2026-08-26T08:57:15.847Z,7364,2026-08-26T08:57:15.847Z,WIL,Wilson,912d32aa-0b7f-4999-bf60-6670fe5985ea,SAMMS-Wilson
202608260854401161,202608260654355538,202608260654355519,86,8578,Silver INV,sl_Bottle,TASK_COMPLETE,SUCCESS,INFO,1828165,1828165,0,,2026-08-26T06:54:31.515Z,2026-08-26T08:57:15.847Z,7364,2026-08-26T08:57:15.847Z,,,912d32aa-0b7f-4999-bf60-6670fe5985ea,
202608260854401082,202608260654255520,202608260654255519,85,2070,Bronze INV,br_InvType,TASK_COMPLETE,SUCCESS,INFO,7,7,0,,2026-08-26T06:54:31.515Z,2026-08-26T08:57:15.847Z,7364,2026-08-26T08:57:15.847Z,AHK,Ahoskie,912d32aa-0b7f-4999-bf60-6670fe5985ea,SAMMS-Ahoskie
202608260854401084,202608260654255521,202608260654255519,85,2071,Bronze INV,br_InvType,TASK_COMPLETE,SUCCESS,INFO,7,7,0,,2026-08-26T06:54:31.515Z,2026-08-26T08:57:15.847Z,7364,2026-08-26T08:57:15.847Z,B12B,Colorado Springs,912d32aa-0b7f-4999-bf60-6670fe5985ea,SAMMS-ColoradoSpringsV5
202608260854401085,202608260654255522,202608260654255519,85,2072,Bronze INV,br_InvType,TASK_COMPLETE,SUCCESS,INFO,7,7,0,,2026-08-26T06:54:31.515Z,2026-08-26T08:57:15.847Z,7364,2026-08-26T08:57:15.847Z,B24,Paintsville,912d32aa-0b7f-4999-bf60-6670fe5985ea,SAMMS-PaintsvilleV5
202608260854401086,202608260654255523,202608260654255519,85,2073,Bronze INV,br_InvType,TASK_COMPLETE,SUCCESS,INFO,7,7,0,,2026-08-26T06:54:31.515Z,2026-08-26T08:57:15.847Z,7364,2026-08-26T08:57:15.847Z,B25,Pikeville,912d32aa-0b7f-4999-bf60-6670fe5985ea,SAMMS-PikevilleV5
202608260854401087,202608260654255524,202608260654255519,85,2074,Bronze INV,br_InvType,TASK_COMPLETE,SUCCESS,INFO,7,7,0,,2026-08-26T06:54:31.515Z,2026-08-26T08:57:15.847Z,7364,2026-08-26T08:57:15.847Z,B26,Hazard,912d32aa-0b7f-4999-bf60-6670fe5985ea,SAMMS-HazardV5
202608260854401088,202608260654255525,202608260654255519,85,2075,Bronze INV,br_InvType,TASK_COMPLETE,SUCCESS,INFO,7,7,0,,2026-08-26T06:54:31.515Z,2026-08-26T08:57:15.847Z,7364,2026-08-26T08:57:15.847Z,B27,Savannah,912d32aa-0b7f-4999-bf60-6670fe5985ea,SAMMS-SavannahV6
202608260854401089,202608260654255526,202608260654255519,85,2076,Bronze INV,br_InvType,TASK_COMPLETE,SUCCESS,INFO,7,7,0,,2026-08-26T06:54:31.515Z,2026-08-26T08:57:15.847Z,7364,2026-08-26T08:57:15.847Z,B28,West Plains,912d32aa-0b7f-4999-bf60-6670fe5985ea,SAMMS-WestPlainesV5
202608260854401091,202608260654255527,202608260654255519,85,2077,Bronze INV,br_InvType,TASK_COMPLETE,SUCCESS,INFO,7,7,0,,2026-08-26T06:54:31.515Z,2026-08-26T08:57:15.847Z,7364,2026-08-26T08:57:15.847Z,B29,Poplar Bluff,912d32aa-0b7f-4999-bf60-6670fe5985ea,SAMMS-PoplarBluffV5
202608260854401092,202608260654255528,202608260654255519,85,2078,Bronze INV,br_InvType,TASK_COMPLETE,SUCCESS,INFO,7,7,0,,2026-08-26T06:54:31.515Z,2026-08-26T08:57:15.847Z,7364,2026-08-26T08:57:15.847Z,B30,KC North,912d32aa-0b7f-4999-bf60-6670fe5985ea,SAMMS-KCNv5
202608260854401093,202608260654255529,202608260654255519,85,2079,Bronze INV,br_InvType,TASK_COMPLETE,SUCCESS,INFO,7,7,0,,2026-08-26T06:54:31.515Z,2026-08-26T08:57:15.847Z,7364,2026-08-26T08:57:15.847Z,B31,Dyersburg,912d32aa-0b7f-4999-bf60-6670fe5985ea,SAMMS-DyersburgV5
202608260854401094,202608260654255530,202608260654255519,85,2081,Bronze INV,br_InvType,TASK_COMPLETE,SUCCESS,INFO,6,6,0,,2026-08-26T06:54:31.515Z,2026-08-26T08:57:15.847Z,7364,2026-08-26T08:57:15.847Z,B33,Paducah,912d32aa-0b7f-4999-bf60-6670fe5985ea,SAMMS-Paducah
202608260854401095,202608260654255531,202608260654255519,85,2082,Bronze INV,br_InvType,TASK_COMPLETE,SUCCESS,INFO,6,6,0,,2026-08-26T06:54:31.515Z,2026-08-26T08:57:15.847Z,7364,2026-08-26T08:57:15.847Z,B34,Corbin,912d32aa-0b7f-4999-bf60-6670fe5985ea,SAMMS-CorbinV5
202608260854401096,202608260654255532,202608260654255519,85,2083,Bronze INV,br_InvType,TASK_COMPLETE,SUCCESS,INFO,8,8,0,,2026-08-26T06:54:31.515Z,2026-08-26T08:57:15.847Z,7364,2026-08-26T08:57:15.847Z,B35,Lexington,912d32aa-0b7f-4999-bf60-6670fe5985ea,SAMMS-LexingtonV5
202608260854401097,202608260654255533,202608260654255519,85,2084,Bronze INV,br_InvType,TASK_COMPLETE,SUCCESS,INFO,8,8,0,,2026-08-26T06:54:31.515Z,2026-08-26T08:57:15.847Z,7364,2026-08-26T08:57:15.847Z,B35A,Berea,912d32aa-0b7f-4999-bf60-6670fe5985ea,SAMMS-BereaV5
202608260854401098,202608260654255534,202608260654255519,85,2085,Bronze INV,br_InvType,TASK_COMPLETE,SUCCESS,INFO,5,5,0,,2026-08-26T06:54:31.515Z,2026-08-26T08:57:15.847Z,7364,2026-08-26T08:57:15.847Z,B36,Asheville,912d32aa-0b7f-4999-bf60-6670fe5985ea,SAMMS-AshevilleV5
202608260854401100,202608260654255535,202608260654255519,85,2086,Bronze INV,br_InvType,TASK_COMPLETE,SUCCESS,INFO,6,6,0,,2026-08-26T06:54:31.515Z,2026-08-26T08:57:15.847Z,7364,2026-08-26T08:57:15.847Z,B37,Clyde,912d32aa-0b7f-4999-bf60-6670fe5985ea,SAMMS-ClydeV5
202608201425195259,202608201258109175,202608201258108173,46,9721,P1 Finance Claim Line Item Activity Bronze - MP,br_samms_claim_line_item_activity,TASK_COMPLETE,SUCCESS,INFO,350067,350067,0,,2026-08-20T12:58:15.698Z,2026-08-20T14:28:34.201Z,5419,2026-08-20T14:28:34.201Z,MP,MtPleasant,5f0dd8ad-486e-4238-8933-2b89499a6e18,SAMMS-MtPleasant
202608201425195261,202608201258109176,202608201258108173,46,9722,P1 Finance Claim Line Item Activity Bronze - MRD,br_samms_claim_line_item_activity,TASK_COMPLETE,SUCCESS,INFO,15919,15919,0,,2026-08-20T12:58:15.698Z,2026-08-20T14:28:34.201Z,5419,2026-08-20T14:28:34.201Z,MRD,Meridian,5f0dd8ad-486e-4238-8933-2b89499a6e18,SAMMS-Meridian
202608201425195263,202608201258109177,202608201258108173,46,9723,P1 Finance Claim Line Item Activity Bronze - NC,br_samms_claim_line_item_activity,TASK_COMPLETE,SUCCESS,INFO,40923,40923,0,,2026-08-20T12:58:15.698Z,2026-08-20T14:28:34.201Z,5419,2026-08-20T14:28:34.201Z,NC,NorthCharleston,5f0dd8ad-486e-4238-8933-2b89499a6e18,SAMMS-NorthCharleston
202608201425195265,202608201258109178,202608201258108173,46,9724,P1 Finance Claim Line Item Activity Bronze - NLR,br_samms_claim_line_item_activity,TASK_COMPLETE,SUCCESS,INFO,43990,43990,0,,2026-08-20T12:58:15.698Z,2026-08-20T14:28:34.201Z,5419,2026-08-20T14:28:34.201Z,NLR,NLROBOT,5f0dd8ad-486e-4238-8933-2b89499a6e18,SAMMS-NLROBOT
202608201425195267,202608201258109179,202608201258108173,46,9725,P1 Finance Claim Line Item Activity Bronze - PH,br_samms_claim_line_item_activity,TASK_COMPLETE,SUCCESS,INFO,81002,81002,0,,2026-08-20T12:58:15.698Z,2026-08-20T14:28:34.201Z,5419,2026-08-20T14:28:34.201Z,PH,Phoenix,5f0dd8ad-486e-4238-8933-2b89499a6e18,SAMMS-Phoenix
202608201425195269,202608201258109180,202608201258108173,46,9726,P1 Finance Claim Line Item Activity Bronze - RE,br_samms_claim_line_item_activity,TASK_COMPLETE,SUCCESS,INFO,180705,180705,0,,2026-08-20T12:58:15.698Z,2026-08-20T14:28:34.201Z,5419,2026-08-20T14:28:34.201Z,RE,Reno,5f0dd8ad-486e-4238-8933-2b89499a6e18,SAMMS-Reno
202608201425195271,202608201258109181,202608201258108173,46,9727,P1 Finance Claim Line Item Activity Bronze - RMD,br_samms_claim_line_item_activity,TASK_COMPLETE,SUCCESS,INFO,74633,74633,0,,2026-08-20T12:58:15.698Z,2026-08-20T14:28:34.201Z,5419,2026-08-20T14:28:34.201Z,RMD,Richmond,5f0dd8ad-486e-4238-8933-2b89499a6e18,SAMMS-Richmond
202608201425195273,202608201258109182,202608201258108173,46,9728,P1 Finance Claim Line Item Activity Bronze - SFN,br_samms_claim_line_item_activity,TASK_COMPLETE,SUCCESS,INFO,301146,301146,0,,2026-08-20T12:58:15.698Z,2026-08-20T14:28:34.201Z,5419,2026-08-20T14:28:34.201Z,SFN,SFN,5f0dd8ad-486e-4238-8933-2b89499a6e18,SAMMS-SFNv5
202608201425195275,202608201258109183,202608201258108173,46,9729,P1 Finance Claim Line Item Activity Bronze - SHP,br_samms_claim_line_item_activity,TASK_COMPLETE,SUCCESS,INFO,368446,368446,0,,2026-08-20T12:58:15.698Z,2026-08-20T14:28:34.201Z,5419,2026-08-20T14:28:34.201Z,SHP,Shreveport,5f0dd8ad-486e-4238-8933-2b89499a6e18,SAMMS-Shreveport
202608201425195276,202608201258109184,202608201258108173,46,9730,P1 Finance Claim Line Item Activity Bronze - STN,br_samms_claim_line_item_activity,TASK_COMPLETE,SUCCESS,INFO,359346,359346,0,,2026-08-20T12:58:15.698Z,2026-08-20T14:28:34.201Z,5419,2026-08-20T14:28:34.201Z,STN,Staunton,5f0dd8ad-486e-4238-8933-2b89499a6e18,SAMMS-Staunton
202608201425195278,202608201258109185,202608201258108173,46,9731,P1 Finance Claim Line Item Activity Bronze - STVN,br_samms_claim_line_item_activity,TASK_COMPLETE,SUCCESS,INFO,47192,47192,0,,2026-08-20T12:58:15.698Z,2026-08-20T14:28:34.201Z,5419,2026-08-20T14:28:34.201Z,STVN,Stevenson,5f0dd8ad-486e-4238-8933-2b89499a6e18,SAMMS-Stevenson
202608201425195280,202608201258109186,202608201258108173,46,9732,P1 Finance Claim Line Item Activity Bronze - TE,br_samms_claim_line_item_activity,TASK_COMPLETE,SUCCESS,INFO,112879,112879,0,,2026-08-20T12:58:15.698Z,2026-08-20T14:28:34.201Z,5419,2026-08-20T14:28:34.201Z,TE,Tempe,5f0dd8ad-486e-4238-8933-2b89499a6e18,SAMMS-Tempe
202608201425195282,202608201258109187,202608201258108173,46,9733,P1 Finance Claim Line Item Activity Bronze - TEX,br_samms_claim_line_item_activity,TASK_COMPLETE,SUCCESS,INFO,17593,17593,0,,2026-08-20T12:58:15.698Z,2026-08-20T14:28:34.201Z,5419,2026-08-20T14:28:34.201Z,TEX,Texarkana,5f0dd8ad-486e-4238-8933-2b89499a6e18,SAMMS-Texarkana
202608201425195284,202608201258109188,202608201258108173,46,9734,P1 Finance Claim Line Item Activity Bronze - TTCA,br_samms_claim_line_item_activity,TASK_COMPLETE,SUCCESS,INFO,656882,656882,0,,2026-08-20T12:58:15.698Z,2026-08-20T14:28:34.201Z,5419,2026-08-20T14:28:34.201Z,TTCA,Bessemer,5f0dd8ad-486e-4238-8933-2b89499a6e18,SAMMS-BessemerV5
202608201425195286,202608201258109189,202608201258108173,46,9735,P1 Finance Claim Line Item Activity Bronze - TTCB,br_samms_claim_line_item_activity,TASK_COMPLETE,SUCCESS,INFO,215777,215777,0,,2026-08-20T12:58:15.698Z,2026-08-20T14:28:34.201Z,5419,2026-08-20T14:28:34.201Z,TTCB,Cullman,5f0dd8ad-486e-4238-8933-2b89499a6e18,SAMMS-CullmanV5
202608201425195288,202608201258109190,202608201258108173,46,9736,P1 Finance Claim Line Item Activity Bronze - TTCC,br_samms_claim_line_item_activity,TASK_COMPLETE,SUCCESS,INFO,117617,117617,0,,2026-08-20T12:58:15.698Z,2026-08-20T14:28:34.201Z,5419,2026-08-20T14:28:34.201Z,TTCC,GrandBay,5f0dd8ad-486e-4238-8933-2b89499a6e18,SAMMS-GrandBay
202608201425195290,202608201258109191,202608201258108173,46,9737,P1 Finance Claim Line Item Activity Bronze - TU,br_samms_claim_line_item_activity,TASK_COMPLETE,SUCCESS,INFO,43118,43118,0,,2026-08-20T12:58:15.698Z,2026-08-20T14:28:34.201Z,5419,2026-08-20T14:28:34.201Z,TU,Tucson,5f0dd8ad-486e-4238-8933-2b89499a6e18,SAMMS-Tucson
202608201425195293,202608201258109192,202608201258108173,46,9738,P1 Finance Claim Line Item Activity Bronze - V1,br_samms_claim_line_item_activity,TASK_COMPLETE,SUCCESS,INFO,433900,433900,0,,2026-08-20T12:58:15.698Z,2026-08-20T14:28:34.201Z,5419,2026-08-20T14:28:34.201Z,V1,VCPHCS-I-Memphis,5f0dd8ad-486e-4238-8933-2b89499a6e18,SAMMS-VCPHCS-I-MemphisV5
202608201425195295,202608201258109193,202608201258108173,46,9739,P1 Finance Claim Line Item Activity Bronze - V10,br_samms_claim_line_item_activity,TASK_COMPLETE,SUCCESS,INFO,921256,921256,0,,2026-08-20T12:58:15.698Z,2026-08-20T14:28:34.201Z,5419,2026-08-20T14:28:34.201Z,V10,Boulder,5f0dd8ad-486e-4238-8933-2b89499a6e18,SAMMS-BoulderV5
202608201425195297,202608201258109194,202608201258108173,46,9740,P1 Finance Claim Line Item Activity Bronze - V10A,br_samms_claim_line_item_activity,TASK_COMPLETE,SUCCESS,INFO,878047,878047,0,,2026-08-20T12:58:15.698Z,2026-08-20T14:28:34.201Z,5419,2026-08-20T14:28:34.201Z,V10A,FortCollins,5f0dd8ad-486e-4238-8933-2b89499a6e18,SAMMS-FortCollinsV5
202608201425195299,202608201258109195,202608201258108173,46,9741,P1 Finance Claim Line Item Activity Bronze - V11,br_samms_claim_line_item_activity,TASK_COMPLETE,SUCCESS,INFO,1665680,1665680,0,,2026-08-20T12:58:15.698Z,2026-08-20T14:28:34.201Z,5419,2026-08-20T14:28:34.201Z,V11,VCPHCS-XI-NorthDenver,5f0dd8ad-486e-4238-8933-2b89499a6e18,SAMMS-VCPHCS-XI-NorthDenverV5
202608201425195301,202608201258109196,202608201258108173,46,9742,P1 Finance Claim Line Item Activity Bronze - V12,br_samms_claim_line_item_activity,TASK_COMPLETE,SUCCESS,INFO,1879726,1879726,0,,2026-08-20T12:58:15.698Z,2026-08-20T14:28:34.201Z,5419,2026-08-20T14:28:34.201Z,V12,VCPHCS-XII-DowntownDenver,5f0dd8ad-486e-4238-8933-2b89499a6e18,SAMMS-VCPHCS-XII-DowntownDenverV5
202608260854400990,202608260654255691,202608260654255519,85,1982,Bronze INV,br_Bottle,TASK_COMPLETE,SUCCESS,INFO,112922,112922,0,,2026-08-26T06:54:31.515Z,2026-08-26T08:57:15.847Z,7364,2026-08-26T08:57:15.847Z,DRD-KVC,KVC,912d32aa-0b7f-4999-bf60-6670fe5985ea,SAMMS-KVCv5
202608260854400991,202608260654255692,202608260654255519,85,1983,Bronze INV,br_Bottle,TASK_COMPLETE,SUCCESS,INFO,82086,82086,0,,2026-08-26T06:54:31.515Z,2026-08-26T08:57:15.847Z,7364,2026-08-26T08:57:15.847Z,DRD-NOLA,NOLA,912d32aa-0b7f-4999-bf60-6670fe5985ea,SAMMS-NOLAv5
202608260854400992,202608260654255693,202608260654255519,85,1984,Bronze INV,br_Bottle,TASK_COMPLETE,SUCCESS,INFO,65324,65324,0,,2026-08-26T06:54:31.515Z,2026-08-26T08:57:15.847Z,7364,2026-08-26T08:57:15.847Z,DRD-SF,Springfield,912d32aa-0b7f-4999-bf60-6670fe5985ea,SAMMS-SFv5
202608260854400993,202608260654255694,202608260654255519,85,1986,Bronze INV,br_Bottle,TASK_COMPLETE,SUCCESS,INFO,4231,4231,0,,2026-08-26T06:54:31.515Z,2026-08-26T08:57:15.847Z,7364,2026-08-26T08:57:15.847Z,ELC,Elizabeth City,912d32aa-0b7f-4999-bf60-6670fe5985ea,SAMMS-ElizabethCity
202608260854400994,202608260654255695,202608260654255519,85,1987,Bronze INV,br_Bottle,TASK_COMPLETE,SUCCESS,INFO,3137,3137,0,,2026-08-26T06:54:31.515Z,2026-08-26T08:57:15.847Z,7364,2026-08-26T08:57:15.847Z,ET,Elizabethtown,912d32aa-0b7f-4999-bf60-6670fe5985ea,SAMMS-Elizabethtown
202608260854400995,202608260654255696,202608260654255519,85,1988,Bronze INV,br_Bottle,TASK_COMPLETE,SUCCESS,INFO,0,0,0,,2026-08-26T06:54:31.515Z,2026-08-26T08:57:15.847Z,7364,2026-08-26T08:57:15.847Z,FAY,Fayetteville,912d32aa-0b7f-4999-bf60-6670fe5985ea,SAMMS-Fayetteville
202608260854400996,202608260654255697,202608260654255519,85,1989,Bronze INV,br_Bottle,TASK_COMPLETE,SUCCESS,INFO,2987,2987,0,,2026-08-26T06:54:31.515Z,2026-08-26T08:57:15.847Z,7364,2026-08-26T08:57:15.847Z,FR,Frankfort,912d32aa-0b7f-4999-bf60-6670fe5985ea,SAMMS-Frankfort
202608260854400997,202608260654255698,202608260654255519,85,1990,Bronze INV,br_Bottle,TASK_COMPLETE,SUCCESS,INFO,0,0,0,,2026-08-26T06:54:31.515Z,2026-08-26T08:57:15.847Z,7364,2026-08-26T08:57:15.847Z,FS,Fort Smith,912d32aa-0b7f-4999-bf60-6670fe5985ea,SAMMS-FortSmith
202608260854400999,202608260654255699,202608260654255519,85,1991,Bronze INV,br_Bottle,TASK_COMPLETE,SUCCESS,INFO,6145,6145,0,,2026-08-26T06:54:31.515Z,2026-08-26T08:57:15.847Z,7364,2026-08-26T08:57:15.847Z,FW,Fort Wayne,912d32aa-0b7f-4999-bf60-6670fe5985ea,SAMMS-FortWayne
202608260854401000,202608260654255700,202608260654255519,85,1992,Bronze INV,br_Bottle,TASK_COMPLETE,SUCCESS,INFO,2899,2899,0,,2026-08-26T06:54:31.515Z,2026-08-26T08:57:15.847Z,7364,2026-08-26T08:57:15.847Z,GAL,Gaylord,912d32aa-0b7f-4999-bf60-6670fe5985ea,SAMMS-Gaylord
202608260854401001,202608260654255701,202608260654255519,85,1996,Bronze INV,br_Bottle,TASK_COMPLETE,SUCCESS,INFO,42647,42647,0,,2026-08-26T06:54:31.515Z,2026-08-26T08:57:15.847Z,7364,2026-08-26T08:57:15.847Z,HGT,Hagerstown,912d32aa-0b7f-4999-bf60-6670fe5985ea,SAMMS-Hagerstown
202608260854401002,202608260654255702,202608260654255519,85,1997,Bronze INV,br_Bottle,TASK_COMPLETE,SUCCESS,INFO,8069,8069,0,,2026-08-26T06:54:31.515Z,2026-08-26T08:57:15.847Z,7364,2026-08-26T08:57:15.847Z,HNT,Huntsville,912d32aa-0b7f-4999-bf60-6670fe5985ea,SAMMS-Huntsville
202608260854401003,202608260654255703,202608260654255519,85,1998,Bronze INV,br_Bottle,TASK_COMPLETE,SUCCESS,INFO,0,0,0,,2026-08-26T06:54:31.515Z,2026-08-26T08:57:15.847Z,7364,2026-08-26T08:57:15.847Z,HS,Hot Springs,912d32aa-0b7f-4999-bf60-6670fe5985ea,SAMMS-HotSprings
202608260854401004,202608260654255704,202608260654255519,85,1999,Bronze INV,br_Bottle,TASK_COMPLETE,SUCCESS,INFO,0,0,0,,2026-08-26T06:54:31.515Z,2026-08-26T08:57:15.847Z,7364,2026-08-26T08:57:15.847Z,JON,Jonesboro,912d32aa-0b7f-4999-bf60-6670fe5985ea,SAMMS-Jonesboro
202608260854401006,202608260654255705,202608260654255519,85,2001,Bronze INV,br_Bottle,TASK_COMPLETE,SUCCESS,INFO,2646,2646,0,,2026-08-26T06:54:31.515Z,2026-08-26T08:57:15.847Z,7364,2026-08-26T08:57:15.847Z,LAN,Lansing,912d32aa-0b7f-4999-bf60-6670fe5985ea,SAMMS-Lansing
202608260854401007,202608260654255706,202608260654255519,85,2002,Bronze INV,br_Bottle,TASK_COMPLETE,SUCCESS,INFO,7360,7360,0,,2026-08-26T06:54:31.515Z,2026-08-26T08:57:15.847Z,7364,2026-08-26T08:57:15.847Z,LO,Louisville,912d32aa-0b7f-4999-bf60-6670fe5985ea,SAMMS-Louisville
202608260854401008,202608260654255707,202608260654255519,85,2003,Bronze INV,br_Bottle,TASK_COMPLETE,SUCCESS,INFO,2736,2736,0,,2026-08-26T06:54:31.515Z,2026-08-26T08:57:15.847Z,7364,2026-08-26T08:57:15.847Z,LV1,Cheyenne,912d32aa-0b7f-4999-bf60-6670fe5985ea,SAMMS-Cheyenne
202608260854401009,202608260654255708,202608260654255519,85,2004,Bronze INV,br_Bottle,TASK_COMPLETE,SUCCESS,INFO,3017,3017,0,,2026-08-26T06:54:31.515Z,2026-08-26T08:57:15.847Z,7364,2026-08-26T08:57:15.847Z,LV2,Desert Inn,912d32aa-0b7f-4999-bf60-6670fe5985ea,SAMMS-DesertInn
202608260854401010,202608260654255709,202608260654255519,85,2005,Bronze INV,br_Bottle,TASK_COMPLETE,SUCCESS,INFO,1591,1591,0,,2026-08-26T06:54:31.515Z,2026-08-26T08:57:15.847Z,7364,2026-08-26T08:57:15.847Z,LV3,McDaniel,912d32aa-0b7f-4999-bf60-6670fe5985ea,SAMMS-McDaniel
202608260854401011,202608260654255710,202608260654255519,85,2008,Bronze INV,br_Bottle,TASK_COMPLETE,SUCCESS,INFO,2799,2799,0,,2026-08-26T06:54:31.515Z,2026-08-26T08:57:15.847Z,7364,2026-08-26T08:57:15.847Z,MNRE,Monroe,912d32aa-0b7f-4999-bf60-6670fe5985ea,SAMMS-Monroe
202608260854401012,202608260654255711,202608260654255519,85,2009,Bronze INV,br_Bottle,TASK_COMPLETE,SUCCESS,INFO,5124,5124,0,,2026-08-26T06:54:31.515Z,2026-08-26T08:57:15.847Z,7364,2026-08-26T08:57:15.847Z,MP,Mt. Pleasant,912d32aa-0b7f-4999-bf60-6670fe5985ea,SAMMS-MtPleasant
202608260854401013,202608260654255712,202608260654255519,85,2010,Bronze INV,br_Bottle,TASK_COMPLETE,SUCCESS,INFO,1312,1312,0,,2026-08-26T06:54:31.515Z,2026-08-26T08:57:15.847Z,7364,2026-08-26T08:57:15.847Z,MRD,Meridian,912d32aa-0b7f-4999-bf60-6670fe5985ea,SAMMS-Meridian
202608260854401014,202608260654255713,202608260654255519,85,2015,Bronze INV,br_Bottle,TASK_COMPLETE,SUCCESS,INFO,4205,4205,0,,2026-08-26T06:54:31.515Z,2026-08-26T08:57:15.847Z,7364,2026-08-26T08:57:15.847Z,NC,North Charleston,912d32aa-0b7f-4999-bf60-6670fe5985ea,SAMMS-NorthCharleston
202608260854401021,202608260654255714,202608260654255519,85,2016,Bronze INV,br_Bottle,TASK_COMPLETE,SUCCESS,INFO,0,0,0,,2026-08-26T06:54:31.515Z,2026-08-26T08:57:15.847Z,7364,2026-08-26T08:57:15.847Z,NLR,N. Little Rock,912d32aa-0b7f-4999-bf60-6670fe5985ea,SAMMS-NLROBOT
202608260854401022,202608260654255715,202608260654255519,85,2017,Bronze INV,br_Bottle,TASK_COMPLETE,SUCCESS,INFO,619,619,0,,2026-08-26T06:54:31.515Z,2026-08-26T08:57:15.847Z,7364,2026-08-26T08:57:15.847Z,PH,Phoenix,912d32aa-0b7f-4999-bf60-6670fe5985ea,SAMMS-Phoenix
202608260854401023,202608260654255716,202608260654255519,85,2021,Bronze INV,br_Bottle,TASK_COMPLETE,SUCCESS,INFO,2837,2837,0,,2026-08-26T06:54:31.515Z,2026-08-26T08:57:15.847Z,7364,2026-08-26T08:57:15.847Z,RE,Reno,912d32aa-0b7f-4999-bf60-6670fe5985ea,SAMMS-Reno
202608260854401024,202608260654255717,202608260654255519,85,2022,Bronze INV,br_Bottle,TASK_COMPLETE,SUCCESS,INFO,4133,4133,0,,2026-08-26T06:54:31.515Z,2026-08-26T08:57:15.847Z,7364,2026-08-26T08:57:15.847Z,RMD,Richmond,912d32aa-0b7f-4999-bf60-6670fe5985ea,SAMMS-Richmond
202608260854401025,202608260654255718,202608260654255519,85,2023,Bronze INV,br_Bottle,TASK_COMPLETE,SUCCESS,INFO,20197,20197,0,,2026-08-26T06:54:31.515Z,2026-08-26T08:57:15.847Z,7364,2026-08-26T08:57:15.847Z,SFN,Springfield North,912d32aa-0b7f-4999-bf60-6670fe5985ea,SAMMS-SFNv5
202608260854401027,202608260654255719,202608260654255519,85,2024,Bronze INV,br_Bottle,TASK_COMPLETE,SUCCESS,INFO,7765,7765,0,,2026-08-26T06:54:31.515Z,2026-08-26T08:57:15.847Z,7364,2026-08-26T08:57:15.847Z,SHP,Shreveport,912d32aa-0b7f-4999-bf60-6670fe5985ea,SAMMS-Shreveport
202608260854401028,202608260654255720,202608260654255519,85,2026,Bronze INV,br_Bottle,TASK_COMPLETE,SUCCESS,INFO,2611,2611,0,,2026-08-26T06:54:31.515Z,2026-08-26T08:57:15.847Z,7364,2026-08-26T08:57:15.847Z,STN,Staunton,912d32aa-0b7f-4999-bf60-6670fe5985ea,SAMMS-Staunton
202608260854401029,202608260654255721,202608260654255519,85,2027,Bronze INV,br_Bottle,TASK_COMPLETE,SUCCESS,INFO,925,925,0,,2026-08-26T06:54:31.515Z,2026-08-26T08:57:15.847Z,7364,2026-08-26T08:57:15.847Z,STVN,Stevenson,912d32aa-0b7f-4999-bf60-6670fe5985ea,SAMMS-Stevenson
202608260854401030,202608260654255722,202608260654255519,85,2029,Bronze INV,br_Bottle,TASK_COMPLETE,SUCCESS,INFO,712,712,0,,2026-08-26T06:54:31.515Z,2026-08-26T08:57:15.847Z,7364,2026-08-26T08:57:15.847Z,TE,Tempe,912d32aa-0b7f-4999-bf60-6670fe5985ea,SAMMS-Tempe
202608260854401031,202608260654255723,202608260654255519,85,2030,Bronze INV,br_Bottle,TASK_COMPLETE,SUCCESS,INFO,0,0,0,,2026-08-26T06:54:31.515Z,2026-08-26T08:57:15.847Z,7364,2026-08-26T08:57:15.847Z,TEX,Texarkana,912d32aa-0b7f-4999-bf60-6670fe5985ea,SAMMS-Texarkana
202608260854401032,202608260654255724,202608260654255519,85,2031,Bronze INV,br_Bottle,TASK_COMPLETE,SUCCESS,INFO,38677,38677,0,,2026-08-26T06:54:31.515Z,2026-08-26T08:57:15.847Z,7364,2026-08-26T08:57:15.847Z,TTCA,Bessemer,912d32aa-0b7f-4999-bf60-6670fe5985ea,SAMMS-BessemerV5
202608260854401033,202608260654255725,202608260654255519,85,2032,Bronze INV,br_Bottle,TASK_COMPLETE,SUCCESS,INFO,9649,9649,0,,2026-08-26T06:54:31.515Z,2026-08-26T08:57:15.847Z,7364,2026-08-26T08:57:15.847Z,TTCB,Cullman,912d32aa-0b7f-4999-bf60-6670fe5985ea,SAMMS-CullmanV5
202608260854401034,202608260654255726,202608260654255519,85,2033,Bronze INV,br_Bottle,TASK_COMPLETE,SUCCESS,INFO,11509,11509,0,,2026-08-26T06:54:31.515Z,2026-08-26T08:57:15.847Z,7364,2026-08-26T08:57:15.847Z,TTCC,Grand Bay,912d32aa-0b7f-4999-bf60-6670fe5985ea,SAMMS-GrandBay
202608260854401035,202608260654255727,202608260654255519,85,2034,Bronze INV,br_Bottle,TASK_COMPLETE,SUCCESS,INFO,581,581,0,,2026-08-26T06:54:31.515Z,2026-08-26T08:57:15.847Z,7364,2026-08-26T08:57:15.847Z,TU,Tucson,912d32aa-0b7f-4999-bf60-6670fe5985ea,SAMMS-Tucson
202608260854401036,202608260654255728,202608260654255519,85,2036,Bronze INV,br_Bottle,TASK_COMPLETE,SUCCESS,INFO,36471,36471,0,,2026-08-26T06:54:31.515Z,2026-08-26T08:57:15.847Z,7364,2026-08-26T08:57:15.847Z,V1,Memphis South,912d32aa-0b7f-4999-bf60-6670fe5985ea,SAMMS-VCPHCS-I-MemphisV5
202608200219258425,202608200029238790,202608200029237018,85,3077,Bronze INV,br_ReAssessment,TASK_COMPLETE,FAILED,ERROR,0,0,1,SaveReAssessment Bronze ForEach failed,2026-08-20T00:29:28.539Z,2026-08-20T02:40:07.937Z,7839,2026-08-20T02:40:07.937Z,D08,Madison,2e0eb052-bb28-45b1-894f-8dc0851c56cc,SAMMS-MadisonV6
202608200219258426,202608200029238791,202608200029237018,85,3079,Bronze INV,br_ReAssessment,TASK_COMPLETE,FAILED,ERROR,0,0,1,SaveReAssessment Bronze ForEach failed,2026-08-20T00:29:28.539Z,2026-08-20T02:40:07.937Z,7839,2026-08-20T02:40:07.937Z,D09,Murfreesboro,2e0eb052-bb28-45b1-894f-8dc0851c56cc,SAMMS-MurfreesboroV6
202608200219258427,202608200029238792,202608200029237018,85,3080,Bronze INV,br_ReAssessment,TASK_COMPLETE,FAILED,ERROR,0,0,1,SaveReAssessment Bronze ForEach failed,2026-08-20T00:29:28.539Z,2026-08-20T02:40:07.937Z,7839,2026-08-20T02:40:07.937Z,DA,Davenport,2e0eb052-bb28-45b1-894f-8dc0851c56cc,SAMMS-Davenport
202608200219258428,202608200029238793,202608200029237018,85,3081,Bronze INV,br_ReAssessment,TASK_COMPLETE,FAILED,ERROR,0,0,1,SaveReAssessment Bronze ForEach failed,2026-08-20T00:29:28.539Z,2026-08-20T02:40:07.937Z,7839,2026-08-20T02:40:07.937Z,DM,Des Moines,2e0eb052-bb28-45b1-894f-8dc0851c56cc,SAMMS-DesMoines
202608200219258429,202608200029238794,202608200029237018,85,3083,Bronze INV,br_ReAssessment,TASK_COMPLETE,FAILED,ERROR,0,0,1,SaveReAssessment Bronze ForEach failed,2026-08-20T00:29:28.539Z,2026-08-20T02:40:07.937Z,7839,2026-08-20T02:40:07.937Z,DRD-CO,Columbia MO,2e0eb052-bb28-45b1-894f-8dc0851c56cc,SAMMS-ColumbiaV5
202608200219258431,202608200029238795,202608200029237018,85,3084,Bronze INV,br_ReAssessment,TASK_COMPLETE,FAILED,ERROR,0,0,1,SaveReAssessment Bronze ForEach failed,2026-08-20T00:29:28.539Z,2026-08-20T02:40:07.937Z,7839,2026-08-20T02:40:07.937Z,DRD-KC,KC,2e0eb052-bb28-45b1-894f-8dc0851c56cc,SAMMS-KCv5
202608200219258432,202608200029238796,202608200029237018,85,3085,Bronze INV,br_ReAssessment,TASK_COMPLETE,FAILED,ERROR,0,0,1,SaveReAssessment Bronze ForEach failed,2026-08-20T00:29:28.539Z,2026-08-20T02:40:07.937Z,7839,2026-08-20T02:40:07.937Z,DRD-KVB,KVB,2e0eb052-bb28-45b1-894f-8dc0851c56cc,SAMMS-KVBv5
202608200219258433,202608200029238797,202608200029237018,85,3086,Bronze INV,br_ReAssessment,TASK_COMPLETE,FAILED,ERROR,0,0,1,SaveReAssessment Bronze ForEach failed,2026-08-20T00:29:28.539Z,2026-08-20T02:40:07.937Z,7839,2026-08-20T02:40:07.937Z,DRD-KVC,KVC,2e0eb052-bb28-45b1-894f-8dc0851c56cc,SAMMS-KVCv5
202608200219258434,202608200029238798,202608200029237018,85,3087,Bronze INV,br_ReAssessment,TASK_COMPLETE,FAILED,ERROR,0,0,1,SaveReAssessment Bronze ForEach failed,2026-08-20T00:29:28.539Z,2026-08-20T02:40:07.937Z,7839,2026-08-20T02:40:07.937Z,DRD-NOLA,NOLA,2e0eb052-bb28-45b1-894f-8dc0851c56cc,SAMMS-NOLAv5
202608200219258435,202608200029238799,202608200029237018,85,3088,Bronze INV,br_ReAssessment,TASK_COMPLETE,FAILED,ERROR,0,0,1,SaveReAssessment Bronze ForEach failed,2026-08-20T00:29:28.539Z,2026-08-20T02:40:07.937Z,7839,2026-08-20T02:40:07.937Z,DRD-SF,Springfield,2e0eb052-bb28-45b1-894f-8dc0851c56cc,SAMMS-SFv5
202608200219258436,202608200029238800,202608200029237018,85,3090,Bronze INV,br_ReAssessment,TASK_COMPLETE,FAILED,ERROR,0,0,1,SaveReAssessment Bronze ForEach failed,2026-08-20T00:29:28.539Z,2026-08-20T02:40:07.937Z,7839,2026-08-20T02:40:07.937Z,ELC,Elizabeth City,2e0eb052-bb28-45b1-894f-8dc0851c56cc,SAMMS-ElizabethCity
202608200219258437,202608200029238801,202608200029237018,85,3091,Bronze INV,br_ReAssessment,TASK_COMPLETE,FAILED,ERROR,0,0,1,SaveReAssessment Bronze ForEach failed,2026-08-20T00:29:28.539Z,2026-08-20T02:40:07.937Z,7839,2026-08-20T02:40:07.937Z,ET,Elizabethtown,2e0eb052-bb28-45b1-894f-8dc0851c56cc,SAMMS-Elizabethtown
202608200219258438,202608200029238802,202608200029237018,85,3092,Bronze INV,br_ReAssessment,TASK_COMPLETE,FAILED,ERROR,0,0,1,SaveReAssessment Bronze ForEach failed,2026-08-20T00:29:28.539Z,2026-08-20T02:40:07.937Z,7839,2026-08-20T02:40:07.937Z,FAY,Fayetteville,2e0eb052-bb28-45b1-894f-8dc0851c56cc,SAMMS-Fayetteville
202608200219258440,202608200029238803,202608200029237018,85,3093,Bronze INV,br_ReAssessment,TASK_COMPLETE,FAILED,ERROR,0,0,1,SaveReAssessment Bronze ForEach failed,2026-08-20T00:29:28.539Z,2026-08-20T02:40:07.937Z,7839,2026-08-20T02:40:07.937Z,FR,Frankfort,2e0eb052-bb28-45b1-894f-8dc0851c56cc,SAMMS-Frankfort
202608200219258441,202608200029238804,202608200029237018,85,3094,Bronze INV,br_ReAssessment,TASK_COMPLETE,FAILED,ERROR,0,0,1,SaveReAssessment Bronze ForEach failed,2026-08-20T00:29:28.539Z,2026-08-20T02:40:07.937Z,7839,2026-08-20T02:40:07.937Z,FS,Fort Smith,2e0eb052-bb28-45b1-894f-8dc0851c56cc,SAMMS-FortSmith
202608200219258442,202608200029238805,202608200029237018,85,3095,Bronze INV,br_ReAssessment,TASK_COMPLETE,FAILED,ERROR,0,0,1,SaveReAssessment Bronze ForEach failed,2026-08-20T00:29:28.539Z,2026-08-20T02:40:07.937Z,7839,2026-08-20T02:40:07.937Z,FW,Fort Wayne,2e0eb052-bb28-45b1-894f-8dc0851c56cc,SAMMS-FortWayne
202608200219258443,202608200029238806,202608200029237018,85,3096,Bronze INV,br_ReAssessment,TASK_COMPLETE,FAILED,ERROR,0,0,1,SaveReAssessment Bronze ForEach failed,2026-08-20T00:29:28.539Z,2026-08-20T02:40:07.937Z,7839,2026-08-20T02:40:07.937Z,GAL,Gaylord,2e0eb052-bb28-45b1-894f-8dc0851c56cc,SAMMS-Gaylord
202608200219258444,202608200029238807,202608200029237018,85,3100,Bronze INV,br_ReAssessment,TASK_COMPLETE,FAILED,ERROR,0,0,1,SaveReAssessment Bronze ForEach failed,2026-08-20T00:29:28.539Z,2026-08-20T02:40:07.937Z,7839,2026-08-20T02:40:07.937Z,HGT,Hagerstown,2e0eb052-bb28-45b1-894f-8dc0851c56cc,SAMMS-Hagerstown
202608200219258445,202608200029238808,202608200029237018,85,3101,Bronze INV,br_ReAssessment,TASK_COMPLETE,FAILED,ERROR,0,0,1,SaveReAssessment Bronze ForEach failed,2026-08-20T00:29:28.539Z,2026-08-20T02:40:07.937Z,7839,2026-08-20T02:40:07.937Z,HNT,Huntsville,2e0eb052-bb28-45b1-894f-8dc0851c56cc,SAMMS-Huntsville
202608200219258447,202608200029238809,202608200029237018,85,3102,Bronze INV,br_ReAssessment,TASK_COMPLETE,FAILED,ERROR,0,0,1,SaveReAssessment Bronze ForEach failed,2026-08-20T00:29:28.539Z,2026-08-20T02:40:07.937Z,7839,2026-08-20T02:40:07.937Z,HS,Hot Springs,2e0eb052-bb28-45b1-894f-8dc0851c56cc,SAMMS-HotSprings
202608200219258448,202608200029238810,202608200029237018,85,3103,Bronze INV,br_ReAssessment,TASK_COMPLETE,FAILED,ERROR,0,0,1,SaveReAssessment Bronze ForEach failed,2026-08-20T00:29:28.539Z,2026-08-20T02:40:07.937Z,7839,2026-08-20T02:40:07.937Z,JON,Jonesboro,2e0eb052-bb28-45b1-894f-8dc0851c56cc,SAMMS-Jonesboro
202608200219258449,202608200029238811,202608200029237018,85,3105,Bronze INV,br_ReAssessment,TASK_COMPLETE,FAILED,ERROR,0,0,1,SaveReAssessment Bronze ForEach failed,2026-08-20T00:29:28.539Z,2026-08-20T02:40:07.937Z,7839,2026-08-20T02:40:07.937Z,LAN,Lansing,2e0eb052-bb28-45b1-894f-8dc0851c56cc,SAMMS-Lansing
202608200219258450,202608200029238812,202608200029237018,85,3106,Bronze INV,br_ReAssessment,TASK_COMPLETE,FAILED,ERROR,0,0,1,SaveReAssessment Bronze ForEach failed,2026-08-20T00:29:28.539Z,2026-08-20T02:40:07.937Z,7839,2026-08-20T02:40:07.937Z,LO,Louisville,2e0eb052-bb28-45b1-894f-8dc0851c56cc,SAMMS-Louisville
202608200219258451,202608200029238813,202608200029237018,85,3107,Bronze INV,br_ReAssessment,TASK_COMPLETE,FAILED,ERROR,0,0,1,SaveReAssessment Bronze ForEach failed,2026-08-20T00:29:28.539Z,2026-08-20T02:40:07.937Z,7839,2026-08-20T02:40:07.937Z,LV1,Cheyenne,2e0eb052-bb28-45b1-894f-8dc0851c56cc,SAMMS-Cheyenne
202608200219258452,202608200029238814,202608200029237018,85,3108,Bronze INV,br_ReAssessment,TASK_COMPLETE,FAILED,ERROR,0,0,1,SaveReAssessment Bronze ForEach failed,2026-08-20T00:29:28.539Z,2026-08-20T02:40:07.937Z,7839,2026-08-20T02:40:07.937Z,LV2,Desert Inn,2e0eb052-bb28-45b1-894f-8dc0851c56cc,SAMMS-DesertInn
202608200219258453,202608200029238815,202608200029237018,85,3109,Bronze INV,br_ReAssessment,TASK_COMPLETE,FAILED,ERROR,0,0,1,SaveReAssessment Bronze ForEach failed,2026-08-20T00:29:28.539Z,2026-08-20T02:40:07.937Z,7839,2026-08-20T02:40:07.937Z,LV3,McDaniel,2e0eb052-bb28-45b1-894f-8dc0851c56cc,SAMMS-McDaniel
202608200219258454,202608200029238816,202608200029237018,85,3112,Bronze INV,br_ReAssessment,TASK_COMPLETE,FAILED,ERROR,0,0,1,SaveReAssessment Bronze ForEach failed,2026-08-20T00:29:28.539Z,2026-08-20T02:40:07.937Z,7839,2026-08-20T02:40:07.937Z,MNRE,Monroe,2e0eb052-bb28-45b1-894f-8dc0851c56cc,SAMMS-Monroe
202608200219258455,202608200029238817,202608200029237018,85,3113,Bronze INV,br_ReAssessment,TASK_COMPLETE,FAILED,ERROR,0,0,1,SaveReAssessment Bronze ForEach failed,2026-08-20T00:29:28.539Z,2026-08-20T02:40:07.937Z,7839,2026-08-20T02:40:07.937Z,MP,Mt. Pleasant,2e0eb052-bb28-45b1-894f-8dc0851c56cc,SAMMS-MtPleasant
202608200219258457,202608200029238818,202608200029237018,85,3114,Bronze INV,br_ReAssessment,TASK_COMPLETE,FAILED,ERROR,0,0,1,SaveReAssessment Bronze ForEach failed,2026-08-20T00:29:28.539Z,2026-08-20T02:40:07.937Z,7839,2026-08-20T02:40:07.937Z,MRD,Meridian,2e0eb052-bb28-45b1-894f-8dc0851c56cc,SAMMS-Meridian
202608200219258458,202608200029238819,202608200029237018,85,3119,Bronze INV,br_ReAssessment,TASK_COMPLETE,FAILED,ERROR,0,0,1,SaveReAssessment Bronze ForEach failed,2026-08-20T00:29:28.539Z,2026-08-20T02:40:07.937Z,7839,2026-08-20T02:40:07.937Z,NC,North Charleston,2e0eb052-bb28-45b1-894f-8dc0851c56cc,SAMMS-NorthCharleston
202608200219258459,202608200029238820,202608200029237018,85,3120,Bronze INV,br_ReAssessment,TASK_COMPLETE,FAILED,ERROR,0,0,1,SaveReAssessment Bronze ForEach failed,2026-08-20T00:29:28.539Z,2026-08-20T02:40:07.937Z,7839,2026-08-20T02:40:07.937Z,NLR,N. Little Rock,2e0eb052-bb28-45b1-894f-8dc0851c56cc,SAMMS-NLROBOT
202608200219258460,202608200029238821,202608200029237018,85,3121,Bronze INV,br_ReAssessment,TASK_COMPLETE,FAILED,ERROR,0,0,1,SaveReAssessment Bronze ForEach failed,2026-08-20T00:29:28.539Z,2026-08-20T02:40:07.937Z,7839,2026-08-20T02:40:07.937Z,PH,Phoenix,2e0eb052-bb28-45b1-894f-8dc0851c56cc,SAMMS-Phoenix
202608200219258461,202608200029238822,202608200029237018,85,3125,Bronze INV,br_ReAssessment,TASK_COMPLETE,FAILED,ERROR,0,0,1,SaveReAssessment Bronze ForEach failed,2026-08-20T00:29:28.539Z,2026-08-20T02:40:07.937Z,7839,2026-08-20T02:40:07.937Z,RE,Reno,2e0eb052-bb28-45b1-894f-8dc0851c56cc,SAMMS-Reno
202608200219258462,202608200029238823,202608200029237018,85,3126,Bronze INV,br_ReAssessment,TASK_COMPLETE,FAILED,ERROR,0,0,1,SaveReAssessment Bronze ForEach failed,2026-08-20T00:29:28.539Z,2026-08-20T02:40:07.937Z,7839,2026-08-20T02:40:07.937Z,RMD,Richmond,2e0eb052-bb28-45b1-894f-8dc0851c56cc,SAMMS-Richmond
202608200219258464,202608200029238824,202608200029237018,85,3127,Bronze INV,br_ReAssessment,TASK_COMPLETE,FAILED,ERROR,0,0,1,SaveReAssessment Bronze ForEach failed,2026-08-20T00:29:28.539Z,2026-08-20T02:40:07.937Z,7839,2026-08-20T02:40:07.937Z,SFN,Springfield North,2e0eb052-bb28-45b1-894f-8dc0851c56cc,SAMMS-SFNv5
202608200219258465,202608200029238825,202608200029237018,85,3128,Bronze INV,br_ReAssessment,TASK_COMPLETE,FAILED,ERROR,0,0,1,SaveReAssessment Bronze ForEach failed,2026-08-20T00:29:28.539Z,2026-08-20T02:40:07.937Z,7839,2026-08-20T02:40:07.937Z,SHP,Shreveport,2e0eb052-bb28-45b1-894f-8dc0851c56cc,SAMMS-Shreveport
202608200219258466,202608200029238826,202608200029237018,85,3130,Bronze INV,br_ReAssessment,TASK_COMPLETE,FAILED,ERROR,0,0,1,SaveReAssessment Bronze ForEach failed,2026-08-20T00:29:28.539Z,2026-08-20T02:40:07.937Z,7839,2026-08-20T02:40:07.937Z,STN,Staunton,2e0eb052-bb28-45b1-894f-8dc0851c56cc,SAMMS-Staunton
202608200219258467,202608200029238827,202608200029237018,85,3131,Bronze INV,br_ReAssessment,TASK_COMPLETE,FAILED,ERROR,0,0,1,SaveReAssessment Bronze ForEach failed,2026-08-20T00:29:28.539Z,2026-08-20T02:40:07.937Z,7839,2026-08-20T02:40:07.937Z,STVN,Stevenson,2e0eb052-bb28-45b1-894f-8dc0851c56cc,SAMMS-Stevenson
202608260854400524,202608260654256767,202608260654255519,85,1491,Bronze INV,br_AdmissionAssessmentDimensionTwo,TASK_COMPLETE,SUCCESS,INFO,566,566,0,,2026-08-26T06:54:31.515Z,2026-08-26T08:57:15.847Z,7364,2026-08-26T08:57:15.847Z,V15,Joplin,912d32aa-0b7f-4999-bf60-6670fe5985ea,SAMMS-JoplinV5
202608260854400525,202608260654256768,202608260654255519,85,1493,Bronze INV,br_AdmissionAssessmentDimensionTwo,TASK_COMPLETE,SUCCESS,INFO,472,472,0,,2026-08-26T06:54:31.515Z,2026-08-26T08:57:15.847Z,7364,2026-08-26T08:57:15.847Z,V17,Columbia TN,912d32aa-0b7f-4999-bf60-6670fe5985ea,SAMMS-ColumbiaTNv5
202608260854400526,202608260654256769,202608260654255519,85,1495,Bronze INV,br_AdmissionAssessmentDimensionTwo,TASK_COMPLETE,SUCCESS,INFO,418,418,0,,2026-08-26T06:54:31.515Z,2026-08-26T08:57:15.847Z,7364,2026-08-26T08:57:15.847Z,V19,Jackson,912d32aa-0b7f-4999-bf60-6670fe5985ea,SAMMS-JacksonV5
202608260854400527,202608260654256770,202608260654255519,85,1497,Bronze INV,br_AdmissionAssessmentDimensionTwo,TASK_COMPLETE,SUCCESS,INFO,489,489,0,,2026-08-26T06:54:31.515Z,2026-08-26T08:57:15.847Z,7364,2026-08-26T08:57:15.847Z,V20,Paris,912d32aa-0b7f-4999-bf60-6670fe5985ea,SAMMS-ParisV5
202608260854400528,202608260654256771,202608260654255519,85,1498,Bronze INV,br_AdmissionAssessmentDimensionTwo,TASK_COMPLETE,SUCCESS,INFO,355,355,0,,2026-08-26T06:54:31.515Z,2026-08-26T08:57:15.847Z,7364,2026-08-26T08:57:15.847Z,V21,Memphis North,912d32aa-0b7f-4999-bf60-6670fe5985ea,SAMMS-RaleighV5
202608260854400530,202608260654256772,202608260654255519,85,1501,Bronze INV,br_AdmissionAssessmentDimensionTwo,TASK_COMPLETE,SUCCESS,INFO,707,707,0,,2026-08-26T06:54:31.515Z,2026-08-26T08:57:15.847Z,7364,2026-08-26T08:57:15.847Z,V5,West Bank,912d32aa-0b7f-4999-bf60-6670fe5985ea,SAMMS-NONTCv5
202608260854400531,202608260654256773,202608260654255519,85,1503,Bronze INV,br_AdmissionAssessmentDimensionTwo,TASK_COMPLETE,SUCCESS,INFO,257,257,0,,2026-08-26T06:54:31.515Z,2026-08-26T08:57:15.847Z,7364,2026-08-26T08:57:15.847Z,V5B,Houma,912d32aa-0b7f-4999-bf60-6670fe5985ea,SAMMS-HoumaV6
202608260854400532,202608260654256774,202608260654255519,85,1504,Bronze INV,br_AdmissionAssessmentDimensionTwo,TASK_COMPLETE,SUCCESS,INFO,960,960,0,,2026-08-26T06:54:31.515Z,2026-08-26T08:57:15.847Z,7364,2026-08-26T08:57:15.847Z,V6,Lake Charles,912d32aa-0b7f-4999-bf60-6670fe5985ea,SAMMS-LCv5
202608260854400533,202608260654256775,202608260654255519,85,1506,Bronze INV,br_AdmissionAssessmentDimensionTwo,TASK_COMPLETE,SUCCESS,INFO,569,569,0,,2026-08-26T06:54:31.515Z,2026-08-26T08:57:15.847Z,7364,2026-08-26T08:57:15.847Z,V8,Memphis Midtown,912d32aa-0b7f-4999-bf60-6670fe5985ea,SAMMS-VCPHCS-VIII-MemphisV5
202608260854400534,202608260654256776,202608260654255519,85,1507,Bronze INV,br_AdmissionAssessmentDimensionTwo,TASK_COMPLETE,SUCCESS,INFO,1581,1581,0,,2026-08-26T06:54:31.515Z,2026-08-26T08:57:15.847Z,7364,2026-08-26T08:57:15.847Z,V9,Nashville,912d32aa-0b7f-4999-bf60-6670fe5985ea,SAMMS-NashvilleV5
202608260854400535,202608260654256777,202608260654255519,85,1508,Bronze INV,br_AdmissionAssessmentDimensionTwo,TASK_COMPLETE,SUCCESS,INFO,332,332,0,,2026-08-26T06:54:31.515Z,2026-08-26T08:57:15.847Z,7364,2026-08-26T08:57:15.847Z,VBRA,Brainerd,912d32aa-0b7f-4999-bf60-6670fe5985ea,SAMMS-BrainerdV6
202608260854400536,202608260654256778,202608260654255519,85,1509,Bronze INV,br_AdmissionAssessmentDimensionTwo,TASK_COMPLETE,SUCCESS,INFO,598,598,0,,2026-08-26T06:54:31.515Z,2026-08-26T08:57:15.847Z,7364,2026-08-26T08:57:15.847Z,VBRP,Brooklyn Park,912d32aa-0b7f-4999-bf60-6670fe5985ea,SAMMS-BrooklynParkV6
202608260854400538,202608260654256779,202608260654255519,85,1511,Bronze INV,br_AdmissionAssessmentDimensionTwo,TASK_COMPLETE,SUCCESS,INFO,579,579,0,,2026-08-26T06:54:31.515Z,2026-08-26T08:57:15.847Z,7364,2026-08-26T08:57:15.847Z,VMIN,Minneapolis,912d32aa-0b7f-4999-bf60-6670fe5985ea,SAMMS-MinneapolisV6
202608260854400539,202608260654256780,202608260654255519,85,1512,Bronze INV,br_AdmissionAssessmentDimensionTwo,TASK_COMPLETE,SUCCESS,INFO,1075,1075,0,,2026-08-26T06:54:31.515Z,2026-08-26T08:57:15.847Z,7364,2026-08-26T08:57:15.847Z,VWBY,Woodbury,912d32aa-0b7f-4999-bf60-6670fe5985ea,SAMMS-WoodburyV6
202608260854400540,202608260654256781,202608260654255519,85,1514,Bronze INV,br_AdmissionAssessmentDimensionTwo,TASK_COMPLETE,SUCCESS,INFO,432,432,0,,2026-08-26T06:54:31.515Z,2026-08-26T08:57:15.847Z,7364,2026-08-26T08:57:15.847Z,WIL,Wilson,912d32aa-0b7f-4999-bf60-6670fe5985ea,SAMMS-Wilson
202608260854400642,202608260654355522,202608260654355519,86,5722,Silver INV,sl_AdmissionAssessmentDimensionTwo,TASK_COMPLETE,SUCCESS,INFO,51373,51373,0,,2026-08-26T06:54:31.515Z,2026-08-26T08:57:15.847Z,7364,2026-08-26T08:57:15.847Z,,,912d32aa-0b7f-4999-bf60-6670fe5985ea,
202608260854400612,202608260654256437,202608260654255519,85,1518,Bronze INV,br_AdmissionAssessmentSummary,TASK_COMPLETE,SUCCESS,INFO,117,117,0,,2026-08-26T06:54:31.515Z,2026-08-26T08:57:15.847Z,7364,2026-08-26T08:57:15.847Z,AHK,Ahoskie,912d32aa-0b7f-4999-bf60-6670fe5985ea,SAMMS-Ahoskie
202608260854400614,202608260654256438,202608260654255519,85,1519,Bronze INV,br_AdmissionAssessmentSummary,TASK_COMPLETE,SUCCESS,INFO,802,802,0,,2026-08-26T06:54:31.515Z,2026-08-26T08:57:15.847Z,7364,2026-08-26T08:57:15.847Z,B12B,Colorado Springs,912d32aa-0b7f-4999-bf60-6670fe5985ea,SAMMS-ColoradoSpringsV5
202608260854400615,202608260654256439,202608260654255519,85,1520,Bronze INV,br_AdmissionAssessmentSummary,TASK_COMPLETE,SUCCESS,INFO,435,435,0,,2026-08-26T06:54:31.515Z,2026-08-26T08:57:15.847Z,7364,2026-08-26T08:57:15.847Z,B24,Paintsville,912d32aa-0b7f-4999-bf60-6670fe5985ea,SAMMS-PaintsvilleV5
202608260854400616,202608260654256440,202608260654255519,85,1521,Bronze INV,br_AdmissionAssessmentSummary,TASK_COMPLETE,SUCCESS,INFO,174,174,0,,2026-08-26T06:54:31.515Z,2026-08-26T08:57:15.847Z,7364,2026-08-26T08:57:15.847Z,B25,Pikeville,912d32aa-0b7f-4999-bf60-6670fe5985ea,SAMMS-PikevilleV5
202608260854400617,202608260654256441,202608260654255519,85,1522,Bronze INV,br_AdmissionAssessmentSummary,TASK_COMPLETE,SUCCESS,INFO,501,501,0,,2026-08-26T06:54:31.515Z,2026-08-26T08:57:15.847Z,7364,2026-08-26T08:57:15.847Z,B26,Hazard,912d32aa-0b7f-4999-bf60-6670fe5985ea,SAMMS-HazardV5
202608260854400618,202608260654256442,202608260654255519,85,1523,Bronze INV,br_AdmissionAssessmentSummary,TASK_COMPLETE,SUCCESS,INFO,199,199,0,,2026-08-26T06:54:31.515Z,2026-08-26T08:57:15.847Z,7364,2026-08-26T08:57:15.847Z,B27,Savannah,912d32aa-0b7f-4999-bf60-6670fe5985ea,SAMMS-SavannahV6
202608260854400619,202608260654256443,202608260654255519,85,1524,Bronze INV,br_AdmissionAssessmentSummary,TASK_COMPLETE,SUCCESS,INFO,239,239,0,,2026-08-26T06:54:31.515Z,2026-08-26T08:57:15.847Z,7364,2026-08-26T08:57:15.847Z,B28,West Plains,912d32aa-0b7f-4999-bf60-6670fe5985ea,SAMMS-WestPlainesV5
202608260854400620,202608260654256444,202608260654255519,85,1525,Bronze INV,br_AdmissionAssessmentSummary,TASK_COMPLETE,SUCCESS,INFO,263,263,0,,2026-08-26T06:54:31.515Z,2026-08-26T08:57:15.847Z,7364,2026-08-26T08:57:15.847Z,B29,Poplar Bluff,912d32aa-0b7f-4999-bf60-6670fe5985ea,SAMMS-PoplarBluffV5
202608260854400622,202608260654256445,202608260654255519,85,1526,Bronze INV,br_AdmissionAssessmentSummary,TASK_COMPLETE,SUCCESS,INFO,166,166,0,,2026-08-26T06:54:31.515Z,2026-08-26T08:57:15.847Z,7364,2026-08-26T08:57:15.847Z,B30,KC North,912d32aa-0b7f-4999-bf60-6670fe5985ea,SAMMS-KCNv5
202608260854400623,202608260654256446,202608260654255519,85,1527,Bronze INV,br_AdmissionAssessmentSummary,TASK_COMPLETE,SUCCESS,INFO,382,382,0,,2026-08-26T06:54:31.515Z,2026-08-26T08:57:15.847Z,7364,2026-08-26T08:57:15.847Z,B31,Dyersburg,912d32aa-0b7f-4999-bf60-6670fe5985ea,SAMMS-DyersburgV5
202608260854400624,202608260654256447,202608260654255519,85,1529,Bronze INV,br_AdmissionAssessmentSummary,TASK_COMPLETE,SUCCESS,INFO,217,217,0,,2026-08-26T06:54:31.515Z,2026-08-26T08:57:15.847Z,7364,2026-08-26T08:57:15.847Z,B33,Paducah,912d32aa-0b7f-4999-bf60-6670fe5985ea,SAMMS-Paducah
202608260854400625,202608260654256448,202608260654255519,85,1530,Bronze INV,br_AdmissionAssessmentSummary,TASK_COMPLETE,SUCCESS,INFO,461,461,0,,2026-08-26T06:54:31.515Z,2026-08-26T08:57:15.847Z,7364,2026-08-26T08:57:15.847Z,B34,Corbin,912d32aa-0b7f-4999-bf60-6670fe5985ea,SAMMS-CorbinV5
202608260854400626,202608260654256449,202608260654255519,85,1531,Bronze INV,br_AdmissionAssessmentSummary,TASK_COMPLETE,SUCCESS,INFO,738,738,0,,2026-08-26T06:54:31.515Z,2026-08-26T08:57:15.847Z,7364,2026-08-26T08:57:15.847Z,B35,Lexington,912d32aa-0b7f-4999-bf60-6670fe5985ea,SAMMS-LexingtonV5
202608260854400627,202608260654256450,202608260654255519,85,1532,Bronze INV,br_AdmissionAssessmentSummary,TASK_COMPLETE,SUCCESS,INFO,358,358,0,,2026-08-26T06:54:31.515Z,2026-08-26T08:57:15.847Z,7364,2026-08-26T08:57:15.847Z,B35A,Berea,912d32aa-0b7f-4999-bf60-6670fe5985ea,SAMMS-BereaV5
202608260854400629,202608260654256451,202608260654255519,85,1533,Bronze INV,br_AdmissionAssessmentSummary,TASK_COMPLETE,SUCCESS,INFO,633,633,0,,2026-08-26T06:54:31.515Z,2026-08-26T08:57:15.847Z,7364,2026-08-26T08:57:15.847Z,B36,Asheville,912d32aa-0b7f-4999-bf60-6670fe5985ea,SAMMS-AshevilleV5
202608260854400630,202608260654256452,202608260654255519,85,1534,Bronze INV,br_AdmissionAssessmentSummary,TASK_COMPLETE,SUCCESS,INFO,472,472,0,,2026-08-26T06:54:31.515Z,2026-08-26T08:57:15.847Z,7364,2026-08-26T08:57:15.847Z,B37,Clyde,912d32aa-0b7f-4999-bf60-6670fe5985ea,SAMMS-ClydeV5
202608260854400631,202608260654256453,202608260654255519,85,1535,Bronze INV,br_AdmissionAssessmentSummary,TASK_COMPLETE,SUCCESS,INFO,643,643,0,,2026-08-26T06:54:31.515Z,2026-08-26T08:57:15.847Z,7364,2026-08-26T08:57:15.847Z,B38,Spartanburg,912d32aa-0b7f-4999-bf60-6670fe5985ea,SAMMS-SpartanburgV5
202608260854400632,202608260654256454,202608260654255519,85,1536,Bronze INV,br_AdmissionAssessmentSummary,TASK_COMPLETE,SUCCESS,INFO,494,494,0,,2026-08-26T06:54:31.515Z,2026-08-26T08:57:15.847Z,7364,2026-08-26T08:57:15.847Z,B39,Aiken,912d32aa-0b7f-4999-bf60-6670fe5985ea,SAMMS-AikenV5
202608260854400633,202608260654256455,202608260654255519,85,1537,Bronze INV,br_AdmissionAssessmentSummary,TASK_COMPLETE,SUCCESS,INFO,329,329,0,,2026-08-26T06:54:31.515Z,2026-08-26T08:57:15.847Z,7364,2026-08-26T08:57:15.847Z,B41,Chesapeake,912d32aa-0b7f-4999-bf60-6670fe5985ea,SAMMS-ChesapeakeV5
202608260854400634,202608260654256456,202608260654255519,85,1538,Bronze INV,br_AdmissionAssessmentSummary,TASK_COMPLETE,SUCCESS,INFO,568,568,0,,2026-08-26T06:54:31.515Z,2026-08-26T08:57:15.847Z,7364,2026-08-26T08:57:15.847Z,B42,Virginia Beach,912d32aa-0b7f-4999-bf60-6670fe5985ea,SAMMS-VirginiaBeachV5
202608260854400635,202608260654256457,202608260654255519,85,1539,Bronze INV,br_AdmissionAssessmentSummary,TASK_COMPLETE,SUCCESS,INFO,175,175,0,,2026-08-26T06:54:31.515Z,2026-08-26T08:57:15.847Z,7364,2026-08-26T08:57:15.847Z,B42A,Newport News,912d32aa-0b7f-4999-bf60-6670fe5985ea,SAMMS-NewportNewsV5
202608260854400636,202608260654256458,202608260654255519,85,1540,Bronze INV,br_AdmissionAssessmentSummary,TASK_COMPLETE,SUCCESS,INFO,61,61,0,,2026-08-26T06:54:31.515Z,2026-08-26T08:57:15.847Z,7364,2026-08-26T08:57:15.847Z,B42B,Franklin,912d32aa-0b7f-4999-bf60-6670fe5985ea,SAMMS-FranklinV5
202608260854400061,202608260654256808,202608260654255519,85,1177,Bronze INV,br_AdmissionAssessmentDimensionThree,TASK_COMPLETE,SUCCESS,INFO,666,666,0,,2026-08-26T06:54:31.515Z,2026-08-26T08:57:15.847Z,7364,2026-08-26T08:57:15.847Z,B46,Washington DC,912d32aa-0b7f-4999-bf60-6670fe5985ea,SAMMS-WashingtonDCv5
202608260854400062,202608260654256809,202608260654255519,85,1178,Bronze INV,br_AdmissionAssessmentDimensionThree,TASK_COMPLETE,SUCCESS,INFO,356,356,0,,2026-08-26T06:54:31.515Z,2026-08-26T08:57:15.847Z,7364,2026-08-26T08:57:15.847Z,B47,Mobile,912d32aa-0b7f-4999-bf60-6670fe5985ea,SAMMS-MobileV5
202608260854400063,202608260654256810,202608260654255519,85,1179,Bronze INV,br_AdmissionAssessmentDimensionThree,TASK_COMPLETE,SUCCESS,INFO,448,448,0,,2026-08-26T06:54:31.515Z,2026-08-26T08:57:15.847Z,7364,2026-08-26T08:57:15.847Z,B48,Tuscaloosa,912d32aa-0b7f-4999-bf60-6670fe5985ea,SAMMS-TuscaloosaV5
202608260854400064,202608260654256811,202608260654255519,85,1188,Bronze INV,br_AdmissionAssessmentDimensionThree,TASK_COMPLETE,SUCCESS,INFO,310,310,0,,2026-08-26T06:54:31.515Z,2026-08-26T08:57:15.847Z,7364,2026-08-26T08:57:15.847Z,B51,N. Little Rock (OTP),912d32aa-0b7f-4999-bf60-6670fe5985ea,SAMMS-NorthLittleRockV6
202608260854400065,202608260654256812,202608260654255519,85,1189,Bronze INV,br_AdmissionAssessmentDimensionThree,TASK_COMPLETE,SUCCESS,INFO,156,156,0,,2026-08-26T06:54:31.515Z,2026-08-26T08:57:15.847Z,7364,2026-08-26T08:57:15.847Z,B52,Jackson GA,912d32aa-0b7f-4999-bf60-6670fe5985ea,SAMMS-JacksonGAV5
202608260854400067,202608260654256813,202608260654255519,85,1190,Bronze INV,br_AdmissionAssessmentDimensionThree,TASK_COMPLETE,SUCCESS,INFO,469,469,0,,2026-08-26T06:54:31.515Z,2026-08-26T08:57:15.847Z,7364,2026-08-26T08:57:15.847Z,B54,Gadsden,912d32aa-0b7f-4999-bf60-6670fe5985ea,SAMMS-GadsdenV5
202608260854400068,202608260654256814,202608260654255519,85,1191,Bronze INV,br_AdmissionAssessmentDimensionThree,TASK_COMPLETE,SUCCESS,INFO,483,483,0,,2026-08-26T06:54:31.515Z,2026-08-26T08:57:15.847Z,7364,2026-08-26T08:57:15.847Z,B55,Shoals,912d32aa-0b7f-4999-bf60-6670fe5985ea,SAMMS-ShoalsV5
202608260854400069,202608260654256815,202608260654255519,85,1192,Bronze INV,br_AdmissionAssessmentDimensionThree,TASK_COMPLETE,SUCCESS,INFO,179,179,0,,2026-08-26T06:54:31.515Z,2026-08-26T08:57:15.847Z,7364,2026-08-26T08:57:15.847Z,B57,Pawtucket,912d32aa-0b7f-4999-bf60-6670fe5985ea,SAMMS-Pawtucket
202608260854400070,202608260654256816,202608260654255519,85,1193,Bronze INV,br_AdmissionAssessmentDimensionThree,TASK_COMPLETE,SUCCESS,INFO,169,169,0,,2026-08-26T06:54:31.515Z,2026-08-26T08:57:15.847Z,7364,2026-08-26T08:57:15.847Z,B57A,Johnston,912d32aa-0b7f-4999-bf60-6670fe5985ea,SAMMS-Johnston
202608260854400072,202608260654256817,202608260654255519,85,1194,Bronze INV,br_AdmissionAssessmentDimensionThree,TASK_COMPLETE,SUCCESS,INFO,88,88,0,,2026-08-26T06:54:31.515Z,2026-08-26T08:57:15.847Z,7364,2026-08-26T08:57:15.847Z,B57B,Middletown,912d32aa-0b7f-4999-bf60-6670fe5985ea,SAMMS-Middletown
202608260854400073,202608260654256818,202608260654255519,85,1195,Bronze INV,br_AdmissionAssessmentDimensionThree,TASK_COMPLETE,SUCCESS,INFO,178,178,0,,2026-08-26T06:54:31.515Z,2026-08-26T08:57:15.847Z,7364,2026-08-26T08:57:15.847Z,B57C,Providence,912d32aa-0b7f-4999-bf60-6670fe5985ea,SAMMS-Providence
202608260854400074,202608260654256819,202608260654255519,85,1196,Bronze INV,br_AdmissionAssessmentDimensionThree,TASK_COMPLETE,SUCCESS,INFO,255,255,0,,2026-08-26T06:54:31.515Z,2026-08-26T08:57:15.847Z,7364,2026-08-26T08:57:15.847Z,B57D,Westerly,912d32aa-0b7f-4999-bf60-6670fe5985ea,SAMMS-Westerly
202608260854400076,202608260654256820,202608260654255519,85,1200,Bronze INV,br_AdmissionAssessmentDimensionThree,TASK_COMPLETE,SUCCESS,INFO,363,363,0,,2026-08-26T06:54:31.515Z,2026-08-26T08:57:15.847Z,7364,2026-08-26T08:57:15.847Z,B66A,Bremen,912d32aa-0b7f-4999-bf60-6670fe5985ea,SAMMS-Bremen
202608260854400077,202608260654256821,202608260654255519,85,1203,Bronze INV,br_AdmissionAssessmentDimensionThree,TASK_COMPLETE,SUCCESS,INFO,16,16,0,,2026-08-26T06:54:31.515Z,2026-08-26T08:57:15.847Z,7364,2026-08-26T08:57:15.847Z,B72,Mobile (OBOT),912d32aa-0b7f-4999-bf60-6670fe5985ea,SAMMS-Mobile-OBOT
202608260854400078,202608260654256822,202608260654255519,85,1204,Bronze INV,br_AdmissionAssessmentDimensionThree,TASK_COMPLETE,SUCCESS,INFO,2,2,0,,2026-08-26T06:54:31.515Z,2026-08-26T08:57:15.847Z,7364,2026-08-26T08:57:15.847Z,B73,Montgomery,912d32aa-0b7f-4999-bf60-6670fe5985ea,SAMMS-Montgomery
202608260854400079,202608260654256823,202608260654255519,85,1205,Bronze INV,br_AdmissionAssessmentDimensionThree,TASK_COMPLETE,SUCCESS,INFO,324,324,0,,2026-08-26T06:54:31.515Z,2026-08-26T08:57:15.847Z,7364,2026-08-26T08:57:15.847Z,B75,Lawrence,912d32aa-0b7f-4999-bf60-6670fe5985ea,SAMMS-LawrenceV6
202608260854400081,202608260654256824,202608260654255519,85,1206,Bronze INV,br_AdmissionAssessmentDimensionThree,TASK_COMPLETE,SUCCESS,INFO,50,50,0,,2026-08-26T06:54:31.515Z,2026-08-26T08:57:15.847Z,7364,2026-08-26T08:57:15.847Z,B76,Huntsville OBOT,912d32aa-0b7f-4999-bf60-6670fe5985ea,SAMMS-Huntsville-OBOT
202608260854400082,202608260654256825,202608260654255519,85,1207,Bronze INV,br_AdmissionAssessmentDimensionThree,TASK_COMPLETE,SUCCESS,INFO,299,299,0,,2026-08-26T06:54:31.515Z,2026-08-26T08:57:15.847Z,7364,2026-08-26T08:57:15.847Z,BAT,Batesville,912d32aa-0b7f-4999-bf60-6670fe5985ea,SAMMS-Batesville
202608260854400083,202608260654256826,202608260654255519,85,1208,Bronze INV,br_AdmissionAssessmentDimensionThree,TASK_COMPLETE,SUCCESS,INFO,240,240,0,,2026-08-26T06:54:31.515Z,2026-08-26T08:57:15.847Z,7364,2026-08-26T08:57:15.847Z,BG,Bowling Green,912d32aa-0b7f-4999-bf60-6670fe5985ea,SAMMS-BowlingGreen
202608260854400084,202608260654256827,202608260654255519,85,1209,Bronze INV,br_AdmissionAssessmentDimensionThree,TASK_COMPLETE,SUCCESS,INFO,219,219,0,,2026-08-26T06:54:31.515Z,2026-08-26T08:57:15.847Z,7364,2026-08-26T08:57:15.847Z,BOI,Boise,912d32aa-0b7f-4999-bf60-6670fe5985ea,SAMMS-Boise
202608260854400085,202608260654256828,202608260654255519,85,1216,Bronze INV,br_AdmissionAssessmentDimensionThree,TASK_COMPLETE,SUCCESS,INFO,284,284,0,,2026-08-26T06:54:31.515Z,2026-08-26T08:57:15.847Z,7364,2026-08-26T08:57:15.847Z,CBCO,Coeur dAlene,912d32aa-0b7f-4999-bf60-6670fe5985ea,SAMMS-CoeurdAleneV6
202608260854400086,202608260654256829,202608260654255519,85,1235,Bronze INV,br_AdmissionAssessmentDimensionThree,TASK_COMPLETE,SUCCESS,INFO,302,302,0,,2026-08-26T06:54:31.515Z,2026-08-26T08:57:15.847Z,7364,2026-08-26T08:57:15.847Z,CON,Conway,912d32aa-0b7f-4999-bf60-6670fe5985ea,SAMMS-Conway
202608260854400087,202608260654256830,202608260654255519,85,1236,Bronze INV,br_AdmissionAssessmentDimensionThree,TASK_COMPLETE,SUCCESS,INFO,1549,1549,0,,2026-08-26T06:54:31.515Z,2026-08-26T08:57:15.847Z,7364,2026-08-26T08:57:15.847Z,D07,Medical Services Knox TN,912d32aa-0b7f-4999-bf60-6670fe5985ea,SAMMS-KnoxvilleV6
202608260854400089,202608260654256831,202608260654255519,85,1237,Bronze INV,br_AdmissionAssessmentDimensionThree,TASK_COMPLETE,SUCCESS,INFO,964,964,0,,2026-08-26T06:54:31.515Z,2026-08-26T08:57:15.847Z,7364,2026-08-26T08:57:15.847Z,D08,Madison,912d32aa-0b7f-4999-bf60-6670fe5985ea,SAMMS-MadisonV6
202608260854400090,202608260654256832,202608260654255519,85,1239,Bronze INV,br_AdmissionAssessmentDimensionThree,TASK_COMPLETE,SUCCESS,INFO,939,939,0,,2026-08-26T06:54:31.515Z,2026-08-26T08:57:15.847Z,7364,2026-08-26T08:57:15.847Z,D09,Murfreesboro,912d32aa-0b7f-4999-bf60-6670fe5985ea,SAMMS-MurfreesboroV6
202608260854400091,202608260654256833,202608260654255519,85,1240,Bronze INV,br_AdmissionAssessmentDimensionThree,TASK_COMPLETE,SUCCESS,INFO,220,220,0,,2026-08-26T06:54:31.515Z,2026-08-26T08:57:15.847Z,7364,2026-08-26T08:57:15.847Z,DA,Davenport,912d32aa-0b7f-4999-bf60-6670fe5985ea,SAMMS-Davenport
202608260854400092,202608260654256834,202608260654255519,85,1241,Bronze INV,br_AdmissionAssessmentDimensionThree,TASK_COMPLETE,SUCCESS,INFO,352,352,0,,2026-08-26T06:54:31.515Z,2026-08-26T08:57:15.847Z,7364,2026-08-26T08:57:15.847Z,DM,Des Moines,912d32aa-0b7f-4999-bf60-6670fe5985ea,SAMMS-DesMoines
202608260854400093,202608260654256835,202608260654255519,85,1243,Bronze INV,br_AdmissionAssessmentDimensionThree,TASK_COMPLETE,SUCCESS,INFO,476,476,0,,2026-08-26T06:54:31.515Z,2026-08-26T08:57:15.847Z,7364,2026-08-26T08:57:15.847Z,DRD-CO,Columbia MO,912d32aa-0b7f-4999-bf60-6670fe5985ea,SAMMS-ColumbiaV5
202608260854400094,202608260654256836,202608260654255519,85,1244,Bronze INV,br_AdmissionAssessmentDimensionThree,TASK_COMPLETE,SUCCESS,INFO,593,593,0,,2026-08-26T06:54:31.515Z,2026-08-26T08:57:15.847Z,7364,2026-08-26T08:57:15.847Z,DRD-KC,KC,912d32aa-0b7f-4999-bf60-6670fe5985ea,SAMMS-KCv5
202608260854400096,202608260654256837,202608260654255519,85,1245,Bronze INV,br_AdmissionAssessmentDimensionThree,TASK_COMPLETE,SUCCESS,INFO,952,952,0,,2026-08-26T06:54:31.515Z,2026-08-26T08:57:15.847Z,7364,2026-08-26T08:57:15.847Z,DRD-KVB,KVB,912d32aa-0b7f-4999-bf60-6670fe5985ea,SAMMS-KVBv5
202608260854400097,202608260654256838,202608260654255519,85,1246,Bronze INV,br_AdmissionAssessmentDimensionThree,TASK_COMPLETE,SUCCESS,INFO,1574,1574,0,,2026-08-26T06:54:31.515Z,2026-08-26T08:57:15.847Z,7364,2026-08-26T08:57:15.847Z,DRD-KVC,KVC,912d32aa-0b7f-4999-bf60-6670fe5985ea,SAMMS-KVCv5
202608260854400098,202608260654256839,202608260654255519,85,1247,Bronze INV,br_AdmissionAssessmentDimensionThree,TASK_COMPLETE,SUCCESS,INFO,1257,1257,0,,2026-08-26T06:54:31.515Z,2026-08-26T08:57:15.847Z,7364,2026-08-26T08:57:15.847Z,DRD-NOLA,NOLA,912d32aa-0b7f-4999-bf60-6670fe5985ea,SAMMS-NOLAv5
202608260854400100,202608260654256840,202608260654255519,85,1248,Bronze INV,br_AdmissionAssessmentDimensionThree,TASK_COMPLETE,SUCCESS,INFO,741,741,0,,2026-08-26T06:54:31.515Z,2026-08-26T08:57:15.847Z,7364,2026-08-26T08:57:15.847Z,DRD-SF,Springfield,912d32aa-0b7f-4999-bf60-6670fe5985ea,SAMMS-SFv5
202608260854400101,202608260654256841,202608260654255519,85,1250,Bronze INV,br_AdmissionAssessmentDimensionThree,TASK_COMPLETE,SUCCESS,INFO,252,252,0,,2026-08-26T06:54:31.515Z,2026-08-26T08:57:15.847Z,7364,2026-08-26T08:57:15.847Z,ELC,Elizabeth City,912d32aa-0b7f-4999-bf60-6670fe5985ea,SAMMS-ElizabethCity
202608260854400102,202608260654256842,202608260654255519,85,1251,Bronze INV,br_AdmissionAssessmentDimensionThree,TASK_COMPLETE,SUCCESS,INFO,261,261,0,,2026-08-26T06:54:31.515Z,2026-08-26T08:57:15.847Z,7364,2026-08-26T08:57:15.847Z,ET,Elizabethtown,912d32aa-0b7f-4999-bf60-6670fe5985ea,SAMMS-Elizabethtown
202608260854400103,202608260654256843,202608260654255519,85,1252,Bronze INV,br_AdmissionAssessmentDimensionThree,TASK_COMPLETE,SUCCESS,INFO,230,230,0,,2026-08-26T06:54:31.515Z,2026-08-26T08:57:15.847Z,7364,2026-08-26T08:57:15.847Z,FAY,Fayetteville,912d32aa-0b7f-4999-bf60-6670fe5985ea,SAMMS-Fayetteville
202608260854400105,202608260654256844,202608260654255519,85,1253,Bronze INV,br_AdmissionAssessmentDimensionThree,TASK_COMPLETE,SUCCESS,INFO,182,182,0,,2026-08-26T06:54:31.515Z,2026-08-26T08:57:15.847Z,7364,2026-08-26T08:57:15.847Z,FR,Frankfort,912d32aa-0b7f-4999-bf60-6670fe5985ea,SAMMS-Frankfort
202608260854400106,202608260654256845,202608260654255519,85,1254,Bronze INV,br_AdmissionAssessmentDimensionThree,TASK_COMPLETE,SUCCESS,INFO,278,278,0,,2026-08-26T06:54:31.515Z,2026-08-26T08:57:15.847Z,7364,2026-08-26T08:57:15.847Z,FS,Fort Smith,912d32aa-0b7f-4999-bf60-6670fe5985ea,SAMMS-FortSmith
202608260854402257,202608260654257783,202608260654255519,85,3677,Bronze INV,br_ReAssessmentMentalHealth,TASK_COMPLETE,SUCCESS,INFO,214,214,0,,2026-08-26T06:54:31.515Z,2026-08-26T08:57:15.847Z,7364,2026-08-26T08:57:15.847Z,RE,Reno,912d32aa-0b7f-4999-bf60-6670fe5985ea,SAMMS-Reno
202608260854402258,202608260654257784,202608260654255519,85,3678,Bronze INV,br_ReAssessmentMentalHealth,TASK_COMPLETE,SUCCESS,INFO,88,88,0,,2026-08-26T06:54:31.515Z,2026-08-26T08:57:15.847Z,7364,2026-08-26T08:57:15.847Z,RMD,Richmond,912d32aa-0b7f-4999-bf60-6670fe5985ea,SAMMS-Richmond
202608260854402259,202608260654257785,202608260654255519,85,3679,Bronze INV,br_ReAssessmentMentalHealth,TASK_COMPLETE,SUCCESS,INFO,592,592,0,,2026-08-26T06:54:31.515Z,2026-08-26T08:57:15.847Z,7364,2026-08-26T08:57:15.847Z,SFN,Springfield North,912d32aa-0b7f-4999-bf60-6670fe5985ea,SAMMS-SFNv5
202608260854402260,202608260654257786,202608260654255519,85,3680,Bronze INV,br_ReAssessmentMentalHealth,TASK_COMPLETE,SUCCESS,INFO,767,767,0,,2026-08-26T06:54:31.515Z,2026-08-26T08:57:15.847Z,7364,2026-08-26T08:57:15.847Z,SHP,Shreveport,912d32aa-0b7f-4999-bf60-6670fe5985ea,SAMMS-Shreveport
202608260854402262,202608260654257787,202608260654255519,85,3682,Bronze INV,br_ReAssessmentMentalHealth,TASK_COMPLETE,SUCCESS,INFO,486,486,0,,2026-08-26T06:54:31.515Z,2026-08-26T08:57:15.847Z,7364,2026-08-26T08:57:15.847Z,STN,Staunton,912d32aa-0b7f-4999-bf60-6670fe5985ea,SAMMS-Staunton
202608260854402263,202608260654257788,202608260654255519,85,3683,Bronze INV,br_ReAssessmentMentalHealth,TASK_COMPLETE,SUCCESS,INFO,225,225,0,,2026-08-26T06:54:31.515Z,2026-08-26T08:57:15.847Z,7364,2026-08-26T08:57:15.847Z,STVN,Stevenson,912d32aa-0b7f-4999-bf60-6670fe5985ea,SAMMS-Stevenson
202608260854402264,202608260654257789,202608260654255519,85,3685,Bronze INV,br_ReAssessmentMentalHealth,TASK_COMPLETE,SUCCESS,INFO,174,174,0,,2026-08-26T06:54:31.515Z,2026-08-26T08:57:15.847Z,7364,2026-08-26T08:57:15.847Z,TE,Tempe,912d32aa-0b7f-4999-bf60-6670fe5985ea,SAMMS-Tempe
202608260854402265,202608260654257790,202608260654255519,85,3686,Bronze INV,br_ReAssessmentMentalHealth,TASK_COMPLETE,SUCCESS,INFO,0,0,0,,2026-08-26T06:54:31.515Z,2026-08-26T08:57:15.847Z,7364,2026-08-26T08:57:15.847Z,TEX,Texarkana,912d32aa-0b7f-4999-bf60-6670fe5985ea,SAMMS-Texarkana
202608260854402266,202608260654257791,202608260654255519,85,3687,Bronze INV,br_ReAssessmentMentalHealth,TASK_COMPLETE,SUCCESS,INFO,1077,1077,0,,2026-08-26T06:54:31.515Z,2026-08-26T08:57:15.847Z,7364,2026-08-26T08:57:15.847Z,TTCA,Bessemer,912d32aa-0b7f-4999-bf60-6670fe5985ea,SAMMS-BessemerV5
202608260854402267,202608260654257792,202608260654255519,85,3688,Bronze INV,br_ReAssessmentMentalHealth,TASK_COMPLETE,SUCCESS,INFO,1316,1316,0,,2026-08-26T06:54:31.515Z,2026-08-26T08:57:15.847Z,7364,2026-08-26T08:57:15.847Z,TTCB,Cullman,912d32aa-0b7f-4999-bf60-6670fe5985ea,SAMMS-CullmanV5
202608260854402269,202608260654257793,202608260654255519,85,3689,Bronze INV,br_ReAssessmentMentalHealth,TASK_COMPLETE,SUCCESS,INFO,945,945,0,,2026-08-26T06:54:31.515Z,2026-08-26T08:57:15.847Z,7364,2026-08-26T08:57:15.847Z,TTCC,Grand Bay,912d32aa-0b7f-4999-bf60-6670fe5985ea,SAMMS-GrandBay
202608260854402270,202608260654257794,202608260654255519,85,3690,Bronze INV,br_ReAssessmentMentalHealth,TASK_COMPLETE,SUCCESS,INFO,15,15,0,,2026-08-26T06:54:31.515Z,2026-08-26T08:57:15.847Z,7364,2026-08-26T08:57:15.847Z,TU,Tucson,912d32aa-0b7f-4999-bf60-6670fe5985ea,SAMMS-Tucson
202608260854402271,202608260654257795,202608260654255519,85,3692,Bronze INV,br_ReAssessmentMentalHealth,TASK_COMPLETE,SUCCESS,INFO,660,660,0,,2026-08-26T06:54:31.515Z,2026-08-26T08:57:15.847Z,7364,2026-08-26T08:57:15.847Z,V1,Memphis South,912d32aa-0b7f-4999-bf60-6670fe5985ea,SAMMS-VCPHCS-I-MemphisV5
202608260854402272,202608260654257796,202608260654255519,85,3693,Bronze INV,br_ReAssessmentMentalHealth,TASK_COMPLETE,SUCCESS,INFO,1630,1630,0,,2026-08-26T06:54:31.515Z,2026-08-26T08:57:15.847Z,7364,2026-08-26T08:57:15.847Z,V10,Longmont,912d32aa-0b7f-4999-bf60-6670fe5985ea,SAMMS-BoulderV5
202608260854402273,202608260654257797,202608260654255519,85,3694,Bronze INV,br_ReAssessmentMentalHealth,TASK_COMPLETE,SUCCESS,INFO,1516,1516,0,,2026-08-26T06:54:31.515Z,2026-08-26T08:57:15.847Z,7364,2026-08-26T08:57:15.847Z,V10A,Fort Collins,912d32aa-0b7f-4999-bf60-6670fe5985ea,SAMMS-FortCollinsV5
202608260854402274,202608260654257798,202608260654255519,85,3695,Bronze INV,br_ReAssessmentMentalHealth,TASK_COMPLETE,SUCCESS,INFO,2871,2871,0,,2026-08-26T06:54:31.515Z,2026-08-26T08:57:15.847Z,7364,2026-08-26T08:57:15.847Z,V11,Westminster,912d32aa-0b7f-4999-bf60-6670fe5985ea,SAMMS-VCPHCS-XI-NorthDenverV5
202608260854402275,202608260654257799,202608260654255519,85,3696,Bronze INV,br_ReAssessmentMentalHealth,TASK_COMPLETE,SUCCESS,INFO,3042,3042,0,,2026-08-26T06:54:31.515Z,2026-08-26T08:57:15.847Z,7364,2026-08-26T08:57:15.847Z,V12,Downtown Denver,912d32aa-0b7f-4999-bf60-6670fe5985ea,SAMMS-VCPHCS-XII-DowntownDenverV5
202608260854402276,202608260654257800,202608260654255519,85,3697,Bronze INV,br_ReAssessmentMentalHealth,TASK_COMPLETE,SUCCESS,INFO,1143,1143,0,,2026-08-26T06:54:31.515Z,2026-08-26T08:57:15.847Z,7364,2026-08-26T08:57:15.847Z,V12A,Centennial,912d32aa-0b7f-4999-bf60-6670fe5985ea,SAMMS-CentennialV5
202608260854402277,202608260654257801,202608260654255519,85,3698,Bronze INV,br_ReAssessmentMentalHealth,TASK_COMPLETE,SUCCESS,INFO,295,295,0,,2026-08-26T06:54:31.515Z,2026-08-26T08:57:15.847Z,7364,2026-08-26T08:57:15.847Z,V14,Overland Park,912d32aa-0b7f-4999-bf60-6670fe5985ea,SAMMS-VCPHCS-XIV-BridgewayV5
202608260854402278,202608260654257802,202608260654255519,85,3699,Bronze INV,br_ReAssessmentMentalHealth,TASK_COMPLETE,SUCCESS,INFO,609,609,0,,2026-08-26T06:54:31.515Z,2026-08-26T08:57:15.847Z,7364,2026-08-26T08:57:15.847Z,V15,Joplin,912d32aa-0b7f-4999-bf60-6670fe5985ea,SAMMS-JoplinV5
202608260854402280,202608260654257803,202608260654255519,85,3701,Bronze INV,br_ReAssessmentMentalHealth,TASK_COMPLETE,SUCCESS,INFO,906,906,0,,2026-08-26T06:54:31.515Z,2026-08-26T08:57:15.847Z,7364,2026-08-26T08:57:15.847Z,V17,Columbia TN,912d32aa-0b7f-4999-bf60-6670fe5985ea,SAMMS-ColumbiaTNv5
202608260854402281,202608260654257804,202608260654255519,85,3703,Bronze INV,br_ReAssessmentMentalHealth,TASK_COMPLETE,SUCCESS,INFO,533,533,0,,2026-08-26T06:54:31.515Z,2026-08-26T08:57:15.847Z,7364,2026-08-26T08:57:15.847Z,V19,Jackson,912d32aa-0b7f-4999-bf60-6670fe5985ea,SAMMS-JacksonV5
202608260854402282,202608260654257805,202608260654255519,85,3705,Bronze INV,br_ReAssessmentMentalHealth,TASK_COMPLETE,SUCCESS,INFO,1771,1771,0,,2026-08-26T06:54:31.515Z,2026-08-26T08:57:15.847Z,7364,2026-08-26T08:57:15.847Z,V20,Paris,912d32aa-0b7f-4999-bf60-6670fe5985ea,SAMMS-ParisV5
202608260854402283,202608260654257806,202608260654255519,85,3706,Bronze INV,br_ReAssessmentMentalHealth,TASK_COMPLETE,SUCCESS,INFO,726,726,0,,2026-08-26T06:54:31.515Z,2026-08-26T08:57:15.847Z,7364,2026-08-26T08:57:15.847Z,V21,Memphis North,912d32aa-0b7f-4999-bf60-6670fe5985ea,SAMMS-RaleighV5
202608260854402284,202608260654257807,202608260654255519,85,3709,Bronze INV,br_ReAssessmentMentalHealth,TASK_COMPLETE,SUCCESS,INFO,1780,1780,0,,2026-08-26T06:54:31.515Z,2026-08-26T08:57:15.847Z,7364,2026-08-26T08:57:15.847Z,V5,West Bank,912d32aa-0b7f-4999-bf60-6670fe5985ea,SAMMS-NONTCv5
202608260854402285,202608260654257808,202608260654255519,85,3711,Bronze INV,br_ReAssessmentMentalHealth,TASK_COMPLETE,SUCCESS,INFO,145,145,0,,2026-08-26T06:54:31.515Z,2026-08-26T08:57:15.847Z,7364,2026-08-26T08:57:15.847Z,V5B,Houma,912d32aa-0b7f-4999-bf60-6670fe5985ea,SAMMS-HoumaV6
202608260854402286,202608260654257809,202608260654255519,85,3712,Bronze INV,br_ReAssessmentMentalHealth,TASK_COMPLETE,SUCCESS,INFO,1913,1913,0,,2026-08-26T06:54:31.515Z,2026-08-26T08:57:15.847Z,7364,2026-08-26T08:57:15.847Z,V6,Lake Charles,912d32aa-0b7f-4999-bf60-6670fe5985ea,SAMMS-LCv5
202608260854402287,202608260654257810,202608260654255519,85,3714,Bronze INV,br_ReAssessmentMentalHealth,TASK_COMPLETE,SUCCESS,INFO,742,742,0,,2026-08-26T06:54:31.515Z,2026-08-26T08:57:15.847Z,7364,2026-08-26T08:57:15.847Z,V8,Memphis Midtown,912d32aa-0b7f-4999-bf60-6670fe5985ea,SAMMS-VCPHCS-VIII-MemphisV5
202608260854402288,202608260654257811,202608260654255519,85,3715,Bronze INV,br_ReAssessmentMentalHealth,TASK_COMPLETE,SUCCESS,INFO,1765,1765,0,,2026-08-26T06:54:31.515Z,2026-08-26T08:57:15.847Z,7364,2026-08-26T08:57:15.847Z,V9,Nashville,912d32aa-0b7f-4999-bf60-6670fe5985ea,SAMMS-NashvilleV5
202608260854402289,202608260654257812,202608260654255519,85,3716,Bronze INV,br_ReAssessmentMentalHealth,TASK_COMPLETE,SUCCESS,INFO,839,839,0,,2026-08-26T06:54:31.515Z,2026-08-26T08:57:15.847Z,7364,2026-08-26T08:57:15.847Z,VBRA,Brainerd,912d32aa-0b7f-4999-bf60-6670fe5985ea,SAMMS-BrainerdV6
202608260854402291,202608260654257813,202608260654255519,85,3717,Bronze INV,br_ReAssessmentMentalHealth,TASK_COMPLETE,SUCCESS,INFO,1961,1961,0,,2026-08-26T06:54:31.515Z,2026-08-26T08:57:15.847Z,7364,2026-08-26T08:57:15.847Z,VBRP,Brooklyn Park,912d32aa-0b7f-4999-bf60-6670fe5985ea,SAMMS-BrooklynParkV6
202608260854402292,202608260654257814,202608260654255519,85,3719,Bronze INV,br_ReAssessmentMentalHealth,TASK_COMPLETE,SUCCESS,INFO,747,747,0,,2026-08-26T06:54:31.515Z,2026-08-26T08:57:15.847Z,7364,2026-08-26T08:57:15.847Z,VMIN,Minneapolis,912d32aa-0b7f-4999-bf60-6670fe5985ea,SAMMS-MinneapolisV6
202608260854402293,202608260654257815,202608260654255519,85,3720,Bronze INV,br_ReAssessmentMentalHealth,TASK_COMPLETE,SUCCESS,INFO,885,885,0,,2026-08-26T06:54:31.515Z,2026-08-26T08:57:15.847Z,7364,2026-08-26T08:57:15.847Z,VWBY,Woodbury,912d32aa-0b7f-4999-bf60-6670fe5985ea,SAMMS-WoodburyV6
202608260854402294,202608260654257816,202608260654255519,85,3722,Bronze INV,br_ReAssessmentMentalHealth,TASK_COMPLETE,SUCCESS,INFO,161,161,0,,2026-08-26T06:54:31.515Z,2026-08-26T08:57:15.847Z,7364,2026-08-26T08:57:15.847Z,WIL,Wilson,912d32aa-0b7f-4999-bf60-6670fe5985ea,SAMMS-Wilson
202608260854402395,202608260654355531,202608260654355519,86,5731,Silver INV,sl_ReAssessmentMentalHealth,TASK_COMPLETE,SUCCESS,INFO,78733,78733,0,,2026-08-26T06:54:31.515Z,2026-08-26T08:57:15.847Z,7364,2026-08-26T08:57:15.847Z,,,912d32aa-0b7f-4999-bf60-6670fe5985ea,
202608260854402313,202608260654257357,202608260654255519,85,3726,Bronze INV,br_ReAssessmentOccupational,TASK_COMPLETE,SUCCESS,INFO,35,35,0,,2026-08-26T06:54:31.515Z,2026-08-26T08:57:15.847Z,7364,2026-08-26T08:57:15.847Z,AHK,Ahoskie,912d32aa-0b7f-4999-bf60-6670fe5985ea,SAMMS-Ahoskie
202608260854402315,202608260654257358,202608260654255519,85,3727,Bronze INV,br_ReAssessmentOccupational,TASK_COMPLETE,SUCCESS,INFO,663,663,0,,2026-08-26T06:54:31.515Z,2026-08-26T08:57:15.847Z,7364,2026-08-26T08:57:15.847Z,B12B,Colorado Springs,912d32aa-0b7f-4999-bf60-6670fe5985ea,SAMMS-ColoradoSpringsV5
202608260854402316,202608260654257359,202608260654255519,85,3728,Bronze INV,br_ReAssessmentOccupational,TASK_COMPLETE,SUCCESS,INFO,829,829,0,,2026-08-26T06:54:31.515Z,2026-08-26T08:57:15.847Z,7364,2026-08-26T08:57:15.847Z,B24,Paintsville,912d32aa-0b7f-4999-bf60-6670fe5985ea,SAMMS-PaintsvilleV5
202608260854399878,202608260654257155,202608260654255519,85,995,Bronze INV,br_AdmissionAssessmentDimensionSix,TASK_COMPLETE,SUCCESS,INFO,444,444,0,,2026-08-26T06:54:31.515Z,2026-08-26T08:57:15.847Z,7364,2026-08-26T08:57:15.847Z,B48,Tuscaloosa,912d32aa-0b7f-4999-bf60-6670fe5985ea,SAMMS-TuscaloosaV5
202608260854399879,202608260654257156,202608260654255519,85,1004,Bronze INV,br_AdmissionAssessmentDimensionSix,TASK_COMPLETE,SUCCESS,INFO,309,309,0,,2026-08-26T06:54:31.515Z,2026-08-26T08:57:15.847Z,7364,2026-08-26T08:57:15.847Z,B51,N. Little Rock (OTP),912d32aa-0b7f-4999-bf60-6670fe5985ea,SAMMS-NorthLittleRockV6
202608260854399880,202608260654257157,202608260654255519,85,1005,Bronze INV,br_AdmissionAssessmentDimensionSix,TASK_COMPLETE,SUCCESS,INFO,154,154,0,,2026-08-26T06:54:31.515Z,2026-08-26T08:57:15.847Z,7364,2026-08-26T08:57:15.847Z,B52,Jackson GA,912d32aa-0b7f-4999-bf60-6670fe5985ea,SAMMS-JacksonGAV5
202608260854399882,202608260654257158,202608260654255519,85,1006,Bronze INV,br_AdmissionAssessmentDimensionSix,TASK_COMPLETE,SUCCESS,INFO,466,466,0,,2026-08-26T06:54:31.515Z,2026-08-26T08:57:15.847Z,7364,2026-08-26T08:57:15.847Z,B54,Gadsden,912d32aa-0b7f-4999-bf60-6670fe5985ea,SAMMS-GadsdenV5
202608260854399883,202608260654257159,202608260654255519,85,1007,Bronze INV,br_AdmissionAssessmentDimensionSix,TASK_COMPLETE,SUCCESS,INFO,484,484,0,,2026-08-26T06:54:31.515Z,2026-08-26T08:57:15.847Z,7364,2026-08-26T08:57:15.847Z,B55,Shoals,912d32aa-0b7f-4999-bf60-6670fe5985ea,SAMMS-ShoalsV5
202608260854399884,202608260654257160,202608260654255519,85,1008,Bronze INV,br_AdmissionAssessmentDimensionSix,TASK_COMPLETE,SUCCESS,INFO,171,171,0,,2026-08-26T06:54:31.515Z,2026-08-26T08:57:15.847Z,7364,2026-08-26T08:57:15.847Z,B57,Pawtucket,912d32aa-0b7f-4999-bf60-6670fe5985ea,SAMMS-Pawtucket
202608260854399886,202608260654257161,202608260654255519,85,1009,Bronze INV,br_AdmissionAssessmentDimensionSix,TASK_COMPLETE,SUCCESS,INFO,169,169,0,,2026-08-26T06:54:31.515Z,2026-08-26T08:57:15.847Z,7364,2026-08-26T08:57:15.847Z,B57A,Johnston,912d32aa-0b7f-4999-bf60-6670fe5985ea,SAMMS-Johnston
202608260854399887,202608260654257162,202608260654255519,85,1010,Bronze INV,br_AdmissionAssessmentDimensionSix,TASK_COMPLETE,SUCCESS,INFO,87,87,0,,2026-08-26T06:54:31.515Z,2026-08-26T08:57:15.847Z,7364,2026-08-26T08:57:15.847Z,B57B,Middletown,912d32aa-0b7f-4999-bf60-6670fe5985ea,SAMMS-Middletown
202608260854399888,202608260654257163,202608260654255519,85,1011,Bronze INV,br_AdmissionAssessmentDimensionSix,TASK_COMPLETE,SUCCESS,INFO,176,176,0,,2026-08-26T06:54:31.515Z,2026-08-26T08:57:15.847Z,7364,2026-08-26T08:57:15.847Z,B57C,Providence,912d32aa-0b7f-4999-bf60-6670fe5985ea,SAMMS-Providence
202608260854399889,202608260654257164,202608260654255519,85,1012,Bronze INV,br_AdmissionAssessmentDimensionSix,TASK_COMPLETE,SUCCESS,INFO,255,255,0,,2026-08-26T06:54:31.515Z,2026-08-26T08:57:15.847Z,7364,2026-08-26T08:57:15.847Z,B57D,Westerly,912d32aa-0b7f-4999-bf60-6670fe5985ea,SAMMS-Westerly
202608260854399891,202608260654257165,202608260654255519,85,1016,Bronze INV,br_AdmissionAssessmentDimensionSix,TASK_COMPLETE,SUCCESS,INFO,363,363,0,,2026-08-26T06:54:31.515Z,2026-08-26T08:57:15.847Z,7364,2026-08-26T08:57:15.847Z,B66A,Bremen,912d32aa-0b7f-4999-bf60-6670fe5985ea,SAMMS-Bremen
202608260854399892,202608260654257166,202608260654255519,85,1019,Bronze INV,br_AdmissionAssessmentDimensionSix,TASK_COMPLETE,SUCCESS,INFO,13,13,0,,2026-08-26T06:54:31.515Z,2026-08-26T08:57:15.847Z,7364,2026-08-26T08:57:15.847Z,B72,Mobile (OBOT),912d32aa-0b7f-4999-bf60-6670fe5985ea,SAMMS-Mobile-OBOT
202608260854399893,202608260654257167,202608260654255519,85,1020,Bronze INV,br_AdmissionAssessmentDimensionSix,TASK_COMPLETE,SUCCESS,INFO,2,2,0,,2026-08-26T06:54:31.515Z,2026-08-26T08:57:15.847Z,7364,2026-08-26T08:57:15.847Z,B73,Montgomery,912d32aa-0b7f-4999-bf60-6670fe5985ea,SAMMS-Montgomery
202608260854399894,202608260654257168,202608260654255519,85,1021,Bronze INV,br_AdmissionAssessmentDimensionSix,TASK_COMPLETE,SUCCESS,INFO,316,316,0,,2026-08-26T06:54:31.515Z,2026-08-26T08:57:15.847Z,7364,2026-08-26T08:57:15.847Z,B75,Lawrence,912d32aa-0b7f-4999-bf60-6670fe5985ea,SAMMS-LawrenceV6
202608260854399896,202608260654257169,202608260654255519,85,1022,Bronze INV,br_AdmissionAssessmentDimensionSix,TASK_COMPLETE,SUCCESS,INFO,50,50,0,,2026-08-26T06:54:31.515Z,2026-08-26T08:57:15.847Z,7364,2026-08-26T08:57:15.847Z,B76,Huntsville OBOT,912d32aa-0b7f-4999-bf60-6670fe5985ea,SAMMS-Huntsville-OBOT
202608260854399897,202608260654257170,202608260654255519,85,1023,Bronze INV,br_AdmissionAssessmentDimensionSix,TASK_COMPLETE,SUCCESS,INFO,298,298,0,,2026-08-26T06:54:31.515Z,2026-08-26T08:57:15.847Z,7364,2026-08-26T08:57:15.847Z,BAT,Batesville,912d32aa-0b7f-4999-bf60-6670fe5985ea,SAMMS-Batesville
202608260854399898,202608260654257171,202608260654255519,85,1024,Bronze INV,br_AdmissionAssessmentDimensionSix,TASK_COMPLETE,SUCCESS,INFO,235,235,0,,2026-08-26T06:54:31.515Z,2026-08-26T08:57:15.847Z,7364,2026-08-26T08:57:15.847Z,BG,Bowling Green,912d32aa-0b7f-4999-bf60-6670fe5985ea,SAMMS-BowlingGreen
202608260854399899,202608260654257172,202608260654255519,85,1025,Bronze INV,br_AdmissionAssessmentDimensionSix,TASK_COMPLETE,SUCCESS,INFO,214,214,0,,2026-08-26T06:54:31.515Z,2026-08-26T08:57:15.847Z,7364,2026-08-26T08:57:15.847Z,BOI,Boise,912d32aa-0b7f-4999-bf60-6670fe5985ea,SAMMS-Boise
202608260854399901,202608260654257173,202608260654255519,85,1032,Bronze INV,br_AdmissionAssessmentDimensionSix,TASK_COMPLETE,SUCCESS,INFO,283,283,0,,2026-08-26T06:54:31.515Z,2026-08-26T08:57:15.847Z,7364,2026-08-26T08:57:15.847Z,CBCO,Coeur dAlene,912d32aa-0b7f-4999-bf60-6670fe5985ea,SAMMS-CoeurdAleneV6
202608260854399902,202608260654257174,202608260654255519,85,1051,Bronze INV,br_AdmissionAssessmentDimensionSix,TASK_COMPLETE,SUCCESS,INFO,302,302,0,,2026-08-26T06:54:31.515Z,2026-08-26T08:57:15.847Z,7364,2026-08-26T08:57:15.847Z,CON,Conway,912d32aa-0b7f-4999-bf60-6670fe5985ea,SAMMS-Conway
202608260854399903,202608260654257175,202608260654255519,85,1052,Bronze INV,br_AdmissionAssessmentDimensionSix,TASK_COMPLETE,SUCCESS,INFO,1536,1536,0,,2026-08-26T06:54:31.515Z,2026-08-26T08:57:15.847Z,7364,2026-08-26T08:57:15.847Z,D07,Medical Services Knox TN,912d32aa-0b7f-4999-bf60-6670fe5985ea,SAMMS-KnoxvilleV6
202608260854399904,202608260654257176,202608260654255519,85,1053,Bronze INV,br_AdmissionAssessmentDimensionSix,TASK_COMPLETE,SUCCESS,INFO,954,954,0,,2026-08-26T06:54:31.515Z,2026-08-26T08:57:15.847Z,7364,2026-08-26T08:57:15.847Z,D08,Madison,912d32aa-0b7f-4999-bf60-6670fe5985ea,SAMMS-MadisonV6
202608260854399906,202608260654257177,202608260654255519,85,1055,Bronze INV,br_AdmissionAssessmentDimensionSix,TASK_COMPLETE,SUCCESS,INFO,926,926,0,,2026-08-26T06:54:31.515Z,2026-08-26T08:57:15.847Z,7364,2026-08-26T08:57:15.847Z,D09,Murfreesboro,912d32aa-0b7f-4999-bf60-6670fe5985ea,SAMMS-MurfreesboroV6
202608260854399907,202608260654257178,202608260654255519,85,1056,Bronze INV,br_AdmissionAssessmentDimensionSix,TASK_COMPLETE,SUCCESS,INFO,218,218,0,,2026-08-26T06:54:31.515Z,2026-08-26T08:57:15.847Z,7364,2026-08-26T08:57:15.847Z,DA,Davenport,912d32aa-0b7f-4999-bf60-6670fe5985ea,SAMMS-Davenport
202608260854399908,202608260654257179,202608260654255519,85,1057,Bronze INV,br_AdmissionAssessmentDimensionSix,TASK_COMPLETE,SUCCESS,INFO,349,349,0,,2026-08-26T06:54:31.515Z,2026-08-26T08:57:15.847Z,7364,2026-08-26T08:57:15.847Z,DM,Des Moines,912d32aa-0b7f-4999-bf60-6670fe5985ea,SAMMS-DesMoines
202608260854399909,202608260654257180,202608260654255519,85,1059,Bronze INV,br_AdmissionAssessmentDimensionSix,TASK_COMPLETE,SUCCESS,INFO,473,473,0,,2026-08-26T06:54:31.515Z,2026-08-26T08:57:15.847Z,7364,2026-08-26T08:57:15.847Z,DRD-CO,Columbia MO,912d32aa-0b7f-4999-bf60-6670fe5985ea,SAMMS-ColumbiaV5
202608260854399911,202608260654257181,202608260654255519,85,1060,Bronze INV,br_AdmissionAssessmentDimensionSix,TASK_COMPLETE,SUCCESS,INFO,592,592,0,,2026-08-26T06:54:31.515Z,2026-08-26T08:57:15.847Z,7364,2026-08-26T08:57:15.847Z,DRD-KC,KC,912d32aa-0b7f-4999-bf60-6670fe5985ea,SAMMS-KCv5
202608260854399912,202608260654257182,202608260654255519,85,1061,Bronze INV,br_AdmissionAssessmentDimensionSix,TASK_COMPLETE,SUCCESS,INFO,944,944,0,,2026-08-26T06:54:31.515Z,2026-08-26T08:57:15.847Z,7364,2026-08-26T08:57:15.847Z,DRD-KVB,KVB,912d32aa-0b7f-4999-bf60-6670fe5985ea,SAMMS-KVBv5
202608260854399913,202608260654257183,202608260654255519,85,1062,Bronze INV,br_AdmissionAssessmentDimensionSix,TASK_COMPLETE,SUCCESS,INFO,1563,1563,0,,2026-08-26T06:54:31.515Z,2026-08-26T08:57:15.847Z,7364,2026-08-26T08:57:15.847Z,DRD-KVC,KVC,912d32aa-0b7f-4999-bf60-6670fe5985ea,SAMMS-KVCv5
202608260854399914,202608260654257184,202608260654255519,85,1063,Bronze INV,br_AdmissionAssessmentDimensionSix,TASK_COMPLETE,SUCCESS,INFO,1253,1253,0,,2026-08-26T06:54:31.515Z,2026-08-26T08:57:15.847Z,7364,2026-08-26T08:57:15.847Z,DRD-NOLA,NOLA,912d32aa-0b7f-4999-bf60-6670fe5985ea,SAMMS-NOLAv5
202608260854399916,202608260654257185,202608260654255519,85,1064,Bronze INV,br_AdmissionAssessmentDimensionSix,TASK_COMPLETE,SUCCESS,INFO,731,731,0,,2026-08-26T06:54:31.515Z,2026-08-26T08:57:15.847Z,7364,2026-08-26T08:57:15.847Z,DRD-SF,Springfield,912d32aa-0b7f-4999-bf60-6670fe5985ea,SAMMS-SFv5
202608260854399917,202608260654257186,202608260654255519,85,1066,Bronze INV,br_AdmissionAssessmentDimensionSix,TASK_COMPLETE,SUCCESS,INFO,249,249,0,,2026-08-26T06:54:31.515Z,2026-08-26T08:57:15.847Z,7364,2026-08-26T08:57:15.847Z,ELC,Elizabeth City,912d32aa-0b7f-4999-bf60-6670fe5985ea,SAMMS-ElizabethCity
202608260854399918,202608260654257187,202608260654255519,85,1067,Bronze INV,br_AdmissionAssessmentDimensionSix,TASK_COMPLETE,SUCCESS,INFO,260,260,0,,2026-08-26T06:54:31.515Z,2026-08-26T08:57:15.847Z,7364,2026-08-26T08:57:15.847Z,ET,Elizabethtown,912d32aa-0b7f-4999-bf60-6670fe5985ea,SAMMS-Elizabethtown
202608260854399919,202608260654257188,202608260654255519,85,1068,Bronze INV,br_AdmissionAssessmentDimensionSix,TASK_COMPLETE,SUCCESS,INFO,226,226,0,,2026-08-26T06:54:31.515Z,2026-08-26T08:57:15.847Z,7364,2026-08-26T08:57:15.847Z,FAY,Fayetteville,912d32aa-0b7f-4999-bf60-6670fe5985ea,SAMMS-Fayetteville
202608260854399920,202608260654257189,202608260654255519,85,1069,Bronze INV,br_AdmissionAssessmentDimensionSix,TASK_COMPLETE,SUCCESS,INFO,180,180,0,,2026-08-26T06:54:31.515Z,2026-08-26T08:57:15.847Z,7364,2026-08-26T08:57:15.847Z,FR,Frankfort,912d32aa-0b7f-4999-bf60-6670fe5985ea,SAMMS-Frankfort
202608260854399922,202608260654257190,202608260654255519,85,1070,Bronze INV,br_AdmissionAssessmentDimensionSix,TASK_COMPLETE,SUCCESS,INFO,276,276,0,,2026-08-26T06:54:31.515Z,2026-08-26T08:57:15.847Z,7364,2026-08-26T08:57:15.847Z,FS,Fort Smith,912d32aa-0b7f-4999-bf60-6670fe5985ea,SAMMS-FortSmith
202608260854399923,202608260654257191,202608260654255519,85,1071,Bronze INV,br_AdmissionAssessmentDimensionSix,TASK_COMPLETE,SUCCESS,INFO,678,678,0,,2026-08-26T06:54:31.515Z,2026-08-26T08:57:15.847Z,7364,2026-08-26T08:57:15.847Z,FW,Fort Wayne,912d32aa-0b7f-4999-bf60-6670fe5985ea,SAMMS-FortWayne
202608260854399924,202608260654257192,202608260654255519,85,1072,Bronze INV,br_AdmissionAssessmentDimensionSix,TASK_COMPLETE,SUCCESS,INFO,102,102,0,,2026-08-26T06:54:31.515Z,2026-08-26T08:57:15.847Z,7364,2026-08-26T08:57:15.847Z,GAL,Gaylord,912d32aa-0b7f-4999-bf60-6670fe5985ea,SAMMS-Gaylord
202608260854402835,202608260654258005,202608260654255519,85,4396,Bronze INV,br_ReAssessmentSubstanceUse,TASK_COMPLETE,SUCCESS,INFO,205,205,0,,2026-08-26T06:54:31.515Z,2026-08-26T08:57:15.847Z,7364,2026-08-26T08:57:15.847Z,LV2,Desert Inn,912d32aa-0b7f-4999-bf60-6670fe5985ea,SAMMS-DesertInn
202608260854402836,202608260654258006,202608260654255519,85,4397,Bronze INV,br_ReAssessmentSubstanceUse,TASK_COMPLETE,SUCCESS,INFO,111,111,0,,2026-08-26T06:54:31.515Z,2026-08-26T08:57:15.847Z,7364,2026-08-26T08:57:15.847Z,LV3,McDaniel,912d32aa-0b7f-4999-bf60-6670fe5985ea,SAMMS-McDaniel
202608260854402837,202608260654258007,202608260654255519,85,4400,Bronze INV,br_ReAssessmentSubstanceUse,TASK_COMPLETE,SUCCESS,INFO,365,365,0,,2026-08-26T06:54:31.515Z,2026-08-26T08:57:15.847Z,7364,2026-08-26T08:57:15.847Z,MNRE,Monroe,912d32aa-0b7f-4999-bf60-6670fe5985ea,SAMMS-Monroe
202608260854402838,202608260654258008,202608260654255519,85,4401,Bronze INV,br_ReAssessmentSubstanceUse,TASK_COMPLETE,SUCCESS,INFO,1437,1437,0,,2026-08-26T06:54:31.515Z,2026-08-26T08:57:15.847Z,7364,2026-08-26T08:57:15.847Z,MP,Mt. Pleasant,912d32aa-0b7f-4999-bf60-6670fe5985ea,SAMMS-MtPleasant
202608260854402839,202608260654258009,202608260654255519,85,4402,Bronze INV,br_ReAssessmentSubstanceUse,TASK_COMPLETE,SUCCESS,INFO,156,156,0,,2026-08-26T06:54:31.515Z,2026-08-26T08:57:15.847Z,7364,2026-08-26T08:57:15.847Z,MRD,Meridian,912d32aa-0b7f-4999-bf60-6670fe5985ea,SAMMS-Meridian
202608260854402840,202608260654258010,202608260654255519,85,4407,Bronze INV,br_ReAssessmentSubstanceUse,TASK_COMPLETE,SUCCESS,INFO,697,697,0,,2026-08-26T06:54:31.515Z,2026-08-26T08:57:15.847Z,7364,2026-08-26T08:57:15.847Z,NC,North Charleston,912d32aa-0b7f-4999-bf60-6670fe5985ea,SAMMS-NorthCharleston
202608260854402842,202608260654258011,202608260654255519,85,4408,Bronze INV,br_ReAssessmentSubstanceUse,TASK_COMPLETE,SUCCESS,INFO,0,0,0,,2026-08-26T06:54:31.515Z,2026-08-26T08:57:15.847Z,7364,2026-08-26T08:57:15.847Z,NLR,N. Little Rock,912d32aa-0b7f-4999-bf60-6670fe5985ea,SAMMS-NLROBOT
202608260854402843,202608260654258012,202608260654255519,85,4409,Bronze INV,br_ReAssessmentSubstanceUse,TASK_COMPLETE,SUCCESS,INFO,115,115,0,,2026-08-26T06:54:31.515Z,2026-08-26T08:57:15.847Z,7364,2026-08-26T08:57:15.847Z,PH,Phoenix,912d32aa-0b7f-4999-bf60-6670fe5985ea,SAMMS-Phoenix
202608260854402844,202608260654258013,202608260654255519,85,4413,Bronze INV,br_ReAssessmentSubstanceUse,TASK_COMPLETE,SUCCESS,INFO,219,219,0,,2026-08-26T06:54:31.515Z,2026-08-26T08:57:15.847Z,7364,2026-08-26T08:57:15.847Z,RE,Reno,912d32aa-0b7f-4999-bf60-6670fe5985ea,SAMMS-Reno
202608260854402845,202608260654258014,202608260654255519,85,4414,Bronze INV,br_ReAssessmentSubstanceUse,TASK_COMPLETE,SUCCESS,INFO,89,89,0,,2026-08-26T06:54:31.515Z,2026-08-26T08:57:15.847Z,7364,2026-08-26T08:57:15.847Z,RMD,Richmond,912d32aa-0b7f-4999-bf60-6670fe5985ea,SAMMS-Richmond
202608260854402846,202608260654258015,202608260654255519,85,4415,Bronze INV,br_ReAssessmentSubstanceUse,TASK_COMPLETE,SUCCESS,INFO,594,594,0,,2026-08-26T06:54:31.515Z,2026-08-26T08:57:15.847Z,7364,2026-08-26T08:57:15.847Z,SFN,Springfield North,912d32aa-0b7f-4999-bf60-6670fe5985ea,SAMMS-SFNv5
202608260854402847,202608260654258016,202608260654255519,85,4416,Bronze INV,br_ReAssessmentSubstanceUse,TASK_COMPLETE,SUCCESS,INFO,790,790,0,,2026-08-26T06:54:31.515Z,2026-08-26T08:57:15.847Z,7364,2026-08-26T08:57:15.847Z,SHP,Shreveport,912d32aa-0b7f-4999-bf60-6670fe5985ea,SAMMS-Shreveport
202608260854402848,202608260654258017,202608260654255519,85,4418,Bronze INV,br_ReAssessmentSubstanceUse,TASK_COMPLETE,SUCCESS,INFO,488,488,0,,2026-08-26T06:54:31.515Z,2026-08-26T08:57:15.847Z,7364,2026-08-26T08:57:15.847Z,STN,Staunton,912d32aa-0b7f-4999-bf60-6670fe5985ea,SAMMS-Staunton
202608260854402849,202608260654258018,202608260654255519,85,4419,Bronze INV,br_ReAssessmentSubstanceUse,TASK_COMPLETE,SUCCESS,INFO,228,228,0,,2026-08-26T06:54:31.515Z,2026-08-26T08:57:15.847Z,7364,2026-08-26T08:57:15.847Z,STVN,Stevenson,912d32aa-0b7f-4999-bf60-6670fe5985ea,SAMMS-Stevenson
202608260854402851,202608260654258019,202608260654255519,85,4421,Bronze INV,br_ReAssessmentSubstanceUse,TASK_COMPLETE,SUCCESS,INFO,178,178,0,,2026-08-26T06:54:31.515Z,2026-08-26T08:57:15.847Z,7364,2026-08-26T08:57:15.847Z,TE,Tempe,912d32aa-0b7f-4999-bf60-6670fe5985ea,SAMMS-Tempe
202608260854402852,202608260654258020,202608260654255519,85,4422,Bronze INV,br_ReAssessmentSubstanceUse,TASK_COMPLETE,SUCCESS,INFO,0,0,0,,2026-08-26T06:54:31.515Z,2026-08-26T08:57:15.847Z,7364,2026-08-26T08:57:15.847Z,TEX,Texarkana,912d32aa-0b7f-4999-bf60-6670fe5985ea,SAMMS-Texarkana
202608260854402853,202608260654258021,202608260654255519,85,4423,Bronze INV,br_ReAssessmentSubstanceUse,TASK_COMPLETE,SUCCESS,INFO,1104,1104,0,,2026-08-26T06:54:31.515Z,2026-08-26T08:57:15.847Z,7364,2026-08-26T08:57:15.847Z,TTCA,Bessemer,912d32aa-0b7f-4999-bf60-6670fe5985ea,SAMMS-BessemerV5
202608260854402854,202608260654258022,202608260654255519,85,4424,Bronze INV,br_ReAssessmentSubstanceUse,TASK_COMPLETE,SUCCESS,INFO,1326,1326,0,,2026-08-26T06:54:31.515Z,2026-08-26T08:57:15.847Z,7364,2026-08-26T08:57:15.847Z,TTCB,Cullman,912d32aa-0b7f-4999-bf60-6670fe5985ea,SAMMS-CullmanV5
202608260854402855,202608260654258023,202608260654255519,85,4425,Bronze INV,br_ReAssessmentSubstanceUse,TASK_COMPLETE,SUCCESS,INFO,973,973,0,,2026-08-26T06:54:31.515Z,2026-08-26T08:57:15.847Z,7364,2026-08-26T08:57:15.847Z,TTCC,Grand Bay,912d32aa-0b7f-4999-bf60-6670fe5985ea,SAMMS-GrandBay
202608260854402856,202608260654258024,202608260654255519,85,4426,Bronze INV,br_ReAssessmentSubstanceUse,TASK_COMPLETE,SUCCESS,INFO,17,17,0,,2026-08-26T06:54:31.515Z,2026-08-26T08:57:15.847Z,7364,2026-08-26T08:57:15.847Z,TU,Tucson,912d32aa-0b7f-4999-bf60-6670fe5985ea,SAMMS-Tucson
202608260854402857,202608260654258025,202608260654255519,85,4428,Bronze INV,br_ReAssessmentSubstanceUse,TASK_COMPLETE,SUCCESS,INFO,663,663,0,,2026-08-26T06:54:31.515Z,2026-08-26T08:57:15.847Z,7364,2026-08-26T08:57:15.847Z,V1,Memphis South,912d32aa-0b7f-4999-bf60-6670fe5985ea,SAMMS-VCPHCS-I-MemphisV5
202608260854402858,202608260654258026,202608260654255519,85,4429,Bronze INV,br_ReAssessmentSubstanceUse,TASK_COMPLETE,SUCCESS,INFO,1641,1641,0,,2026-08-26T06:54:31.515Z,2026-08-26T08:57:15.847Z,7364,2026-08-26T08:57:15.847Z,V10,Longmont,912d32aa-0b7f-4999-bf60-6670fe5985ea,SAMMS-BoulderV5
202608260854402859,202608260654258027,202608260654255519,85,4430,Bronze INV,br_ReAssessmentSubstanceUse,TASK_COMPLETE,SUCCESS,INFO,1527,1527,0,,2026-08-26T06:54:31.515Z,2026-08-26T08:57:15.847Z,7364,2026-08-26T08:57:15.847Z,V10A,Fort Collins,912d32aa-0b7f-4999-bf60-6670fe5985ea,SAMMS-FortCollinsV5
202608260854402860,202608260654258028,202608260654255519,85,4431,Bronze INV,br_ReAssessmentSubstanceUse,TASK_COMPLETE,SUCCESS,INFO,2896,2896,0,,2026-08-26T06:54:31.515Z,2026-08-26T08:57:15.847Z,7364,2026-08-26T08:57:15.847Z,V11,Westminster,912d32aa-0b7f-4999-bf60-6670fe5985ea,SAMMS-VCPHCS-XI-NorthDenverV5
202608260854402862,202608260654258029,202608260654255519,85,4432,Bronze INV,br_ReAssessmentSubstanceUse,TASK_COMPLETE,SUCCESS,INFO,3073,3073,0,,2026-08-26T06:54:31.515Z,2026-08-26T08:57:15.847Z,7364,2026-08-26T08:57:15.847Z,V12,Downtown Denver,912d32aa-0b7f-4999-bf60-6670fe5985ea,SAMMS-VCPHCS-XII-DowntownDenverV5
202608260854402863,202608260654258030,202608260654255519,85,4433,Bronze INV,br_ReAssessmentSubstanceUse,TASK_COMPLETE,SUCCESS,INFO,1148,1148,0,,2026-08-26T06:54:31.515Z,2026-08-26T08:57:15.847Z,7364,2026-08-26T08:57:15.847Z,V12A,Centennial,912d32aa-0b7f-4999-bf60-6670fe5985ea,SAMMS-CentennialV5
202608260854402864,202608260654258031,202608260654255519,85,4434,Bronze INV,br_ReAssessmentSubstanceUse,TASK_COMPLETE,SUCCESS,INFO,301,301,0,,2026-08-26T06:54:31.515Z,2026-08-26T08:57:15.847Z,7364,2026-08-26T08:57:15.847Z,V14,Overland Park,912d32aa-0b7f-4999-bf60-6670fe5985ea,SAMMS-VCPHCS-XIV-BridgewayV5
202608260854402865,202608260654258032,202608260654255519,85,4435,Bronze INV,br_ReAssessmentSubstanceUse,TASK_COMPLETE,SUCCESS,INFO,611,611,0,,2026-08-26T06:54:31.515Z,2026-08-26T08:57:15.847Z,7364,2026-08-26T08:57:15.847Z,V15,Joplin,912d32aa-0b7f-4999-bf60-6670fe5985ea,SAMMS-JoplinV5
202608260854402866,202608260654258033,202608260654255519,85,4437,Bronze INV,br_ReAssessmentSubstanceUse,TASK_COMPLETE,SUCCESS,INFO,918,918,0,,2026-08-26T06:54:31.515Z,2026-08-26T08:57:15.847Z,7364,2026-08-26T08:57:15.847Z,V17,Columbia TN,912d32aa-0b7f-4999-bf60-6670fe5985ea,SAMMS-ColumbiaTNv5
202608260854402867,202608260654258034,202608260654255519,85,4439,Bronze INV,br_ReAssessmentSubstanceUse,TASK_COMPLETE,SUCCESS,INFO,544,544,0,,2026-08-26T06:54:31.515Z,2026-08-26T08:57:15.847Z,7364,2026-08-26T08:57:15.847Z,V19,Jackson,912d32aa-0b7f-4999-bf60-6670fe5985ea,SAMMS-JacksonV5
202608260854402868,202608260654258035,202608260654255519,85,4441,Bronze INV,br_ReAssessmentSubstanceUse,TASK_COMPLETE,SUCCESS,INFO,1815,1815,0,,2026-08-26T06:54:31.515Z,2026-08-26T08:57:15.847Z,7364,2026-08-26T08:57:15.847Z,V20,Paris,912d32aa-0b7f-4999-bf60-6670fe5985ea,SAMMS-ParisV5
202608260854402869,202608260654258036,202608260654255519,85,4442,Bronze INV,br_ReAssessmentSubstanceUse,TASK_COMPLETE,SUCCESS,INFO,732,732,0,,2026-08-26T06:54:31.515Z,2026-08-26T08:57:15.847Z,7364,2026-08-26T08:57:15.847Z,V21,Memphis North,912d32aa-0b7f-4999-bf60-6670fe5985ea,SAMMS-RaleighV5
202608260854402870,202608260654258037,202608260654255519,85,4445,Bronze INV,br_ReAssessmentSubstanceUse,TASK_COMPLETE,SUCCESS,INFO,1817,1817,0,,2026-08-26T06:54:31.515Z,2026-08-26T08:57:15.847Z,7364,2026-08-26T08:57:15.847Z,V5,West Bank,912d32aa-0b7f-4999-bf60-6670fe5985ea,SAMMS-NONTCv5
202608260854402871,202608260654258038,202608260654255519,85,4447,Bronze INV,br_ReAssessmentSubstanceUse,TASK_COMPLETE,SUCCESS,INFO,150,150,0,,2026-08-26T06:54:31.515Z,2026-08-26T08:57:15.847Z,7364,2026-08-26T08:57:15.847Z,V5B,Houma,912d32aa-0b7f-4999-bf60-6670fe5985ea,SAMMS-HoumaV6
202608260854402873,202608260654258039,202608260654255519,85,4448,Bronze INV,br_ReAssessmentSubstanceUse,TASK_COMPLETE,SUCCESS,INFO,1929,1929,0,,2026-08-26T06:54:31.515Z,2026-08-26T08:57:15.847Z,7364,2026-08-26T08:57:15.847Z,V6,Lake Charles,912d32aa-0b7f-4999-bf60-6670fe5985ea,SAMMS-LCv5
202608260854402874,202608260654258040,202608260654255519,85,4450,Bronze INV,br_ReAssessmentSubstanceUse,TASK_COMPLETE,SUCCESS,INFO,748,748,0,,2026-08-26T06:54:31.515Z,2026-08-26T08:57:15.847Z,7364,2026-08-26T08:57:15.847Z,V8,Memphis Midtown,912d32aa-0b7f-4999-bf60-6670fe5985ea,SAMMS-VCPHCS-VIII-MemphisV5
202608260854402875,202608260654258041,202608260654255519,85,4451,Bronze INV,br_ReAssessmentSubstanceUse,TASK_COMPLETE,SUCCESS,INFO,1785,1785,0,,2026-08-26T06:54:31.515Z,2026-08-26T08:57:15.847Z,7364,2026-08-26T08:57:15.847Z,V9,Nashville,912d32aa-0b7f-4999-bf60-6670fe5985ea,SAMMS-NashvilleV5
202608260854402876,202608260654258042,202608260654255519,85,4452,Bronze INV,br_ReAssessmentSubstanceUse,TASK_COMPLETE,SUCCESS,INFO,854,854,0,,2026-08-26T06:54:31.515Z,2026-08-26T08:57:15.847Z,7364,2026-08-26T08:57:15.847Z,VBRA,Brainerd,912d32aa-0b7f-4999-bf60-6670fe5985ea,SAMMS-BrainerdV6
202608260854402877,202608260654258043,202608260654255519,85,4453,Bronze INV,br_ReAssessmentSubstanceUse,TASK_COMPLETE,SUCCESS,INFO,1988,1988,0,,2026-08-26T06:54:31.515Z,2026-08-26T08:57:15.847Z,7364,2026-08-26T08:57:15.847Z,VBRP,Brooklyn Park,912d32aa-0b7f-4999-bf60-6670fe5985ea,SAMMS-BrooklynParkV6
202608260854402878,202608260654258044,202608260654255519,85,4455,Bronze INV,br_ReAssessmentSubstanceUse,TASK_COMPLETE,SUCCESS,INFO,764,764,0,,2026-08-26T06:54:31.515Z,2026-08-26T08:57:15.847Z,7364,2026-08-26T08:57:15.847Z,VMIN,Minneapolis,912d32aa-0b7f-4999-bf60-6670fe5985ea,SAMMS-MinneapolisV6
202608260854402880,202608260654258045,202608260654255519,85,4456,Bronze INV,br_ReAssessmentSubstanceUse,TASK_COMPLETE,SUCCESS,INFO,920,920,0,,2026-08-26T06:54:31.515Z,2026-08-26T08:57:15.847Z,7364,2026-08-26T08:57:15.847Z,VWBY,Woodbury,912d32aa-0b7f-4999-bf60-6670fe5985ea,SAMMS-WoodburyV6
202608260854402881,202608260654258046,202608260654255519,85,4458,Bronze INV,br_ReAssessmentSubstanceUse,TASK_COMPLETE,SUCCESS,INFO,162,162,0,,2026-08-26T06:54:31.515Z,2026-08-26T08:57:15.847Z,7364,2026-08-26T08:57:15.847Z,WIL,Wilson,912d32aa-0b7f-4999-bf60-6670fe5985ea,SAMMS-Wilson
202608260854402982,202608260654355535,202608260654355519,86,5735,Silver INV,sl_ReAssessmentSubstanceUse,TASK_COMPLETE,SUCCESS,INFO,79713,79713,0,,2026-08-26T06:54:31.515Z,2026-08-26T08:57:15.847Z,7364,2026-08-26T08:57:15.847Z,,,912d32aa-0b7f-4999-bf60-6670fe5985ea,
202608260854402900,202608260654258162,202608260654255519,85,4462,Bronze INV,br_ReAssessmentTreatment,TASK_COMPLETE,SUCCESS,INFO,35,35,0,,2026-08-26T06:54:31.515Z,2026-08-26T08:57:15.847Z,7364,2026-08-26T08:57:15.847Z,AHK,Ahoskie,912d32aa-0b7f-4999-bf60-6670fe5985ea,SAMMS-Ahoskie
202608260854402902,202608260654258163,202608260654255519,85,4463,Bronze INV,br_ReAssessmentTreatment,TASK_COMPLETE,SUCCESS,INFO,662,662,0,,2026-08-26T06:54:31.515Z,2026-08-26T08:57:15.847Z,7364,2026-08-26T08:57:15.847Z,B12B,Colorado Springs,912d32aa-0b7f-4999-bf60-6670fe5985ea,SAMMS-ColoradoSpringsV5
202608260854402903,202608260654258164,202608260654255519,85,4464,Bronze INV,br_ReAssessmentTreatment,TASK_COMPLETE,SUCCESS,INFO,828,828,0,,2026-08-26T06:54:31.515Z,2026-08-26T08:57:15.847Z,7364,2026-08-26T08:57:15.847Z,B24,Paintsville,912d32aa-0b7f-4999-bf60-6670fe5985ea,SAMMS-PaintsvilleV5
202608260854402904,202608260654258165,202608260654255519,85,4465,Bronze INV,br_ReAssessmentTreatment,TASK_COMPLETE,SUCCESS,INFO,646,646,0,,2026-08-26T06:54:31.515Z,2026-08-26T08:57:15.847Z,7364,2026-08-26T08:57:15.847Z,B25,Pikeville,912d32aa-0b7f-4999-bf60-6670fe5985ea,SAMMS-PikevilleV5
202608260854402905,202608260654258166,202608260654255519,85,4466,Bronze INV,br_ReAssessmentTreatment,TASK_COMPLETE,SUCCESS,INFO,973,973,0,,2026-08-26T06:54:31.515Z,2026-08-26T08:57:15.847Z,7364,2026-08-26T08:57:15.847Z,B26,Hazard,912d32aa-0b7f-4999-bf60-6670fe5985ea,SAMMS-HazardV5
202608260854402906,202608260654258167,202608260654255519,85,4467,Bronze INV,br_ReAssessmentTreatment,TASK_COMPLETE,SUCCESS,INFO,532,532,0,,2026-08-26T06:54:31.515Z,2026-08-26T08:57:15.847Z,7364,2026-08-26T08:57:15.847Z,B27,Savannah,912d32aa-0b7f-4999-bf60-6670fe5985ea,SAMMS-SavannahV6
202608260854402907,202608260654258168,202608260654255519,85,4468,Bronze INV,br_ReAssessmentTreatment,TASK_COMPLETE,SUCCESS,INFO,247,247,0,,2026-08-26T06:54:31.515Z,2026-08-26T08:57:15.847Z,7364,2026-08-26T08:57:15.847Z,B28,West Plains,912d32aa-0b7f-4999-bf60-6670fe5985ea,SAMMS-WestPlainesV5
202608260854402908,202608260654258169,202608260654255519,85,4469,Bronze INV,br_ReAssessmentTreatment,TASK_COMPLETE,SUCCESS,INFO,460,460,0,,2026-08-26T06:54:31.515Z,2026-08-26T08:57:15.847Z,7364,2026-08-26T08:57:15.847Z,B29,Poplar Bluff,912d32aa-0b7f-4999-bf60-6670fe5985ea,SAMMS-PoplarBluffV5
202608260854402909,202608260654258170,202608260654255519,85,4470,Bronze INV,br_ReAssessmentTreatment,TASK_COMPLETE,SUCCESS,INFO,78,78,0,,2026-08-26T06:54:31.515Z,2026-08-26T08:57:15.847Z,7364,2026-08-26T08:57:15.847Z,B30,KC North,912d32aa-0b7f-4999-bf60-6670fe5985ea,SAMMS-KCNv5
202608260854402911,202608260654258171,202608260654255519,85,4471,Bronze INV,br_ReAssessmentTreatment,TASK_COMPLETE,SUCCESS,INFO,400,400,0,,2026-08-26T06:54:31.515Z,2026-08-26T08:57:15.847Z,7364,2026-08-26T08:57:15.847Z,B31,Dyersburg,912d32aa-0b7f-4999-bf60-6670fe5985ea,SAMMS-DyersburgV5
202608260854402912,202608260654258172,202608260654255519,85,4473,Bronze INV,br_ReAssessmentTreatment,TASK_COMPLETE,SUCCESS,INFO,488,488,0,,2026-08-26T06:54:31.515Z,2026-08-26T08:57:15.847Z,7364,2026-08-26T08:57:15.847Z,B33,Paducah,912d32aa-0b7f-4999-bf60-6670fe5985ea,SAMMS-Paducah
202608260854402913,202608260654258173,202608260654255519,85,4474,Bronze INV,br_ReAssessmentTreatment,TASK_COMPLETE,SUCCESS,INFO,382,382,0,,2026-08-26T06:54:31.515Z,2026-08-26T08:57:15.847Z,7364,2026-08-26T08:57:15.847Z,B34,Corbin,912d32aa-0b7f-4999-bf60-6670fe5985ea,SAMMS-CorbinV5
202608260854402914,202608260654258174,202608260654255519,85,4475,Bronze INV,br_ReAssessmentTreatment,TASK_COMPLETE,SUCCESS,INFO,239,239,0,,2026-08-26T06:54:31.515Z,2026-08-26T08:57:15.847Z,7364,2026-08-26T08:57:15.847Z,B35,Lexington,912d32aa-0b7f-4999-bf60-6670fe5985ea,SAMMS-LexingtonV5
202608260854402915,202608260654258175,202608260654255519,85,4476,Bronze INV,br_ReAssessmentTreatment,TASK_COMPLETE,SUCCESS,INFO,77,77,0,,2026-08-26T06:54:31.515Z,2026-08-26T08:57:15.847Z,7364,2026-08-26T08:57:15.847Z,B35A,Berea,912d32aa-0b7f-4999-bf60-6670fe5985ea,SAMMS-BereaV5
202608260854402916,202608260654258176,202608260654255519,85,4477,Bronze INV,br_ReAssessmentTreatment,TASK_COMPLETE,SUCCESS,INFO,21,21,0,,2026-08-26T06:54:31.515Z,2026-08-26T08:57:15.847Z,7364,2026-08-26T08:57:15.847Z,B36,Asheville,912d32aa-0b7f-4999-bf60-6670fe5985ea,SAMMS-AshevilleV5
202608260854402917,202608260654258177,202608260654255519,85,4478,Bronze INV,br_ReAssessmentTreatment,TASK_COMPLETE,SUCCESS,INFO,1,1,0,,2026-08-26T06:54:31.515Z,2026-08-26T08:57:15.847Z,7364,2026-08-26T08:57:15.847Z,B37,Clyde,912d32aa-0b7f-4999-bf60-6670fe5985ea,SAMMS-ClydeV5
202608260854402918,202608260654258178,202608260654255519,85,4479,Bronze INV,br_ReAssessmentTreatment,TASK_COMPLETE,SUCCESS,INFO,1185,1185,0,,2026-08-26T06:54:31.515Z,2026-08-26T08:57:15.847Z,7364,2026-08-26T08:57:15.847Z,B38,Spartanburg,912d32aa-0b7f-4999-bf60-6670fe5985ea,SAMMS-SpartanburgV5
202608260854402919,202608260654258179,202608260654255519,85,4480,Bronze INV,br_ReAssessmentTreatment,TASK_COMPLETE,SUCCESS,INFO,361,361,0,,2026-08-26T06:54:31.515Z,2026-08-26T08:57:15.847Z,7364,2026-08-26T08:57:15.847Z,B39,Aiken,912d32aa-0b7f-4999-bf60-6670fe5985ea,SAMMS-AikenV5
202608260854402921,202608260654258180,202608260654255519,85,4481,Bronze INV,br_ReAssessmentTreatment,TASK_COMPLETE,SUCCESS,INFO,1886,1886,0,,2026-08-26T06:54:31.515Z,2026-08-26T08:57:15.847Z,7364,2026-08-26T08:57:15.847Z,B41,Chesapeake,912d32aa-0b7f-4999-bf60-6670fe5985ea,SAMMS-ChesapeakeV5
202608260854402922,202608260654258181,202608260654255519,85,4482,Bronze INV,br_ReAssessmentTreatment,TASK_COMPLETE,SUCCESS,INFO,1911,1911,0,,2026-08-26T06:54:31.515Z,2026-08-26T08:57:15.847Z,7364,2026-08-26T08:57:15.847Z,B42,Virginia Beach,912d32aa-0b7f-4999-bf60-6670fe5985ea,SAMMS-VirginiaBeachV5
202608260854402923,202608260654258182,202608260654255519,85,4483,Bronze INV,br_ReAssessmentTreatment,TASK_COMPLETE,SUCCESS,INFO,925,925,0,,2026-08-26T06:54:31.515Z,2026-08-26T08:57:15.847Z,7364,2026-08-26T08:57:15.847Z,B42A,Newport News,912d32aa-0b7f-4999-bf60-6670fe5985ea,SAMMS-NewportNewsV5
202608260854402924,202608260654258183,202608260654255519,85,4484,Bronze INV,br_ReAssessmentTreatment,TASK_COMPLETE,SUCCESS,INFO,507,507,0,,2026-08-26T06:54:31.515Z,2026-08-26T08:57:15.847Z,7364,2026-08-26T08:57:15.847Z,B42B,Franklin,912d32aa-0b7f-4999-bf60-6670fe5985ea,SAMMS-FranklinV5
202608260854402925,202608260654258184,202608260654255519,85,4485,Bronze INV,br_ReAssessmentTreatment,TASK_COMPLETE,SUCCESS,INFO,340,340,0,,2026-08-26T06:54:31.515Z,2026-08-26T08:57:15.847Z,7364,2026-08-26T08:57:15.847Z,B42C,Glen Allen,912d32aa-0b7f-4999-bf60-6670fe5985ea,SAMMS-GlenAllenV5
202608260854402926,202608260654258185,202608260654255519,85,4486,Bronze INV,br_ReAssessmentTreatment,TASK_COMPLETE,SUCCESS,INFO,1481,1481,0,,2026-08-26T06:54:31.515Z,2026-08-26T08:57:15.847Z,7364,2026-08-26T08:57:15.847Z,B42D,Chesapeake South,912d32aa-0b7f-4999-bf60-6670fe5985ea,SAMMS-ChesapeakeSouthV5
202608260854402927,202608260654258186,202608260654255519,85,4487,Bronze INV,br_ReAssessmentTreatment,TASK_COMPLETE,SUCCESS,INFO,633,633,0,,2026-08-26T06:54:31.515Z,2026-08-26T08:57:15.847Z,7364,2026-08-26T08:57:15.847Z,B44,Albany,912d32aa-0b7f-4999-bf60-6670fe5985ea,SAMMS-AlbanyV5
202608260854402928,202608260654258187,202608260654255519,85,4488,Bronze INV,br_ReAssessmentTreatment,TASK_COMPLETE,SUCCESS,INFO,1269,1269,0,,2026-08-26T06:54:31.515Z,2026-08-26T08:57:15.847Z,7364,2026-08-26T08:57:15.847Z,B45,Tifton,912d32aa-0b7f-4999-bf60-6670fe5985ea,SAMMS-TiftonV5
202608260854402929,202608260654258188,202608260654255519,85,4489,Bronze INV,br_ReAssessmentTreatment,TASK_COMPLETE,SUCCESS,INFO,591,591,0,,2026-08-26T06:54:31.515Z,2026-08-26T08:57:15.847Z,7364,2026-08-26T08:57:15.847Z,B46,Washington DC,912d32aa-0b7f-4999-bf60-6670fe5985ea,SAMMS-WashingtonDCv5
202608260854402930,202608260654258189,202608260654255519,85,4490,Bronze INV,br_ReAssessmentTreatment,TASK_COMPLETE,SUCCESS,INFO,1524,1524,0,,2026-08-26T06:54:31.515Z,2026-08-26T08:57:15.847Z,7364,2026-08-26T08:57:15.847Z,B47,Mobile,912d32aa-0b7f-4999-bf60-6670fe5985ea,SAMMS-MobileV5
202608260854402932,202608260654258190,202608260654255519,85,4491,Bronze INV,br_ReAssessmentTreatment,TASK_COMPLETE,SUCCESS,INFO,1295,1295,0,,2026-08-26T06:54:31.515Z,2026-08-26T08:57:15.847Z,7364,2026-08-26T08:57:15.847Z,B48,Tuscaloosa,912d32aa-0b7f-4999-bf60-6670fe5985ea,SAMMS-TuscaloosaV5
202608260854402933,202608260654258191,202608260654255519,85,4500,Bronze INV,br_ReAssessmentTreatment,TASK_COMPLETE,SUCCESS,INFO,2,2,0,,2026-08-26T06:54:31.515Z,2026-08-26T08:57:15.847Z,7364,2026-08-26T08:57:15.847Z,B51,N. Little Rock (OTP),912d32aa-0b7f-4999-bf60-6670fe5985ea,SAMMS-NorthLittleRockV6
202608260854402934,202608260654258192,202608260654255519,85,4501,Bronze INV,br_ReAssessmentTreatment,TASK_COMPLETE,SUCCESS,INFO,451,451,0,,2026-08-26T06:54:31.515Z,2026-08-26T08:57:15.847Z,7364,2026-08-26T08:57:15.847Z,B52,Jackson GA,912d32aa-0b7f-4999-bf60-6670fe5985ea,SAMMS-JacksonGAV5
202608260854402935,202608260654258193,202608260654255519,85,4502,Bronze INV,br_ReAssessmentTreatment,TASK_COMPLETE,SUCCESS,INFO,1700,1700,0,,2026-08-26T06:54:31.515Z,2026-08-26T08:57:15.847Z,7364,2026-08-26T08:57:15.847Z,B54,Gadsden,912d32aa-0b7f-4999-bf60-6670fe5985ea,SAMMS-GadsdenV5
202608260854402936,202608260654258194,202608260654255519,85,4503,Bronze INV,br_ReAssessmentTreatment,TASK_COMPLETE,SUCCESS,INFO,941,941,0,,2026-08-26T06:54:31.515Z,2026-08-26T08:57:15.847Z,7364,2026-08-26T08:57:15.847Z,B55,Shoals,912d32aa-0b7f-4999-bf60-6670fe5985ea,SAMMS-ShoalsV5
202608260854402402,202608260654257436,202608260654255519,85,3856,Bronze INV,br_ReAssessmentOccupational,TASK_COMPLETE,SUCCESS,INFO,0,0,0,,2026-08-26T06:54:31.515Z,2026-08-26T08:57:15.847Z,7364,2026-08-26T08:57:15.847Z,NLR,N. Little Rock,912d32aa-0b7f-4999-bf60-6670fe5985ea,SAMMS-NLROBOT
202608260854402403,202608260654257437,202608260654255519,85,3857,Bronze INV,br_ReAssessmentOccupational,TASK_COMPLETE,SUCCESS,INFO,112,112,0,,2026-08-26T06:54:31.515Z,2026-08-26T08:57:15.847Z,7364,2026-08-26T08:57:15.847Z,PH,Phoenix,912d32aa-0b7f-4999-bf60-6670fe5985ea,SAMMS-Phoenix
202608260854402404,202608260654257438,202608260654255519,85,3861,Bronze INV,br_ReAssessmentOccupational,TASK_COMPLETE,SUCCESS,INFO,213,213,0,,2026-08-26T06:54:31.515Z,2026-08-26T08:57:15.847Z,7364,2026-08-26T08:57:15.847Z,RE,Reno,912d32aa-0b7f-4999-bf60-6670fe5985ea,SAMMS-Reno
202608260854402405,202608260654257439,202608260654255519,85,3862,Bronze INV,br_ReAssessmentOccupational,TASK_COMPLETE,SUCCESS,INFO,87,87,0,,2026-08-26T06:54:31.515Z,2026-08-26T08:57:15.847Z,7364,2026-08-26T08:57:15.847Z,RMD,Richmond,912d32aa-0b7f-4999-bf60-6670fe5985ea,SAMMS-Richmond
202608260854402406,202608260654257440,202608260654255519,85,3863,Bronze INV,br_ReAssessmentOccupational,TASK_COMPLETE,SUCCESS,INFO,589,589,0,,2026-08-26T06:54:31.515Z,2026-08-26T08:57:15.847Z,7364,2026-08-26T08:57:15.847Z,SFN,Springfield North,912d32aa-0b7f-4999-bf60-6670fe5985ea,SAMMS-SFNv5
202608260854402407,202608260654257441,202608260654255519,85,3864,Bronze INV,br_ReAssessmentOccupational,TASK_COMPLETE,SUCCESS,INFO,762,762,0,,2026-08-26T06:54:31.515Z,2026-08-26T08:57:15.847Z,7364,2026-08-26T08:57:15.847Z,SHP,Shreveport,912d32aa-0b7f-4999-bf60-6670fe5985ea,SAMMS-Shreveport
202608260854402408,202608260654257442,202608260654255519,85,3866,Bronze INV,br_ReAssessmentOccupational,TASK_COMPLETE,SUCCESS,INFO,484,484,0,,2026-08-26T06:54:31.515Z,2026-08-26T08:57:15.847Z,7364,2026-08-26T08:57:15.847Z,STN,Staunton,912d32aa-0b7f-4999-bf60-6670fe5985ea,SAMMS-Staunton
202608260854402409,202608260654257443,202608260654255519,85,3867,Bronze INV,br_ReAssessmentOccupational,TASK_COMPLETE,SUCCESS,INFO,226,226,0,,2026-08-26T06:54:31.515Z,2026-08-26T08:57:15.847Z,7364,2026-08-26T08:57:15.847Z,STVN,Stevenson,912d32aa-0b7f-4999-bf60-6670fe5985ea,SAMMS-Stevenson
202608260854402410,202608260654257444,202608260654255519,85,3869,Bronze INV,br_ReAssessmentOccupational,TASK_COMPLETE,SUCCESS,INFO,173,173,0,,2026-08-26T06:54:31.515Z,2026-08-26T08:57:15.847Z,7364,2026-08-26T08:57:15.847Z,TE,Tempe,912d32aa-0b7f-4999-bf60-6670fe5985ea,SAMMS-Tempe
202608260854402412,202608260654257445,202608260654255519,85,3870,Bronze INV,br_ReAssessmentOccupational,TASK_COMPLETE,SUCCESS,INFO,0,0,0,,2026-08-26T06:54:31.515Z,2026-08-26T08:57:15.847Z,7364,2026-08-26T08:57:15.847Z,TEX,Texarkana,912d32aa-0b7f-4999-bf60-6670fe5985ea,SAMMS-Texarkana
202608260854402413,202608260654257446,202608260654255519,85,3871,Bronze INV,br_ReAssessmentOccupational,TASK_COMPLETE,SUCCESS,INFO,1073,1073,0,,2026-08-26T06:54:31.515Z,2026-08-26T08:57:15.847Z,7364,2026-08-26T08:57:15.847Z,TTCA,Bessemer,912d32aa-0b7f-4999-bf60-6670fe5985ea,SAMMS-BessemerV5
202608260854402414,202608260654257447,202608260654255519,85,3872,Bronze INV,br_ReAssessmentOccupational,TASK_COMPLETE,SUCCESS,INFO,1317,1317,0,,2026-08-26T06:54:31.515Z,2026-08-26T08:57:15.847Z,7364,2026-08-26T08:57:15.847Z,TTCB,Cullman,912d32aa-0b7f-4999-bf60-6670fe5985ea,SAMMS-CullmanV5
202608260854402415,202608260654257448,202608260654255519,85,3873,Bronze INV,br_ReAssessmentOccupational,TASK_COMPLETE,SUCCESS,INFO,938,938,0,,2026-08-26T06:54:31.515Z,2026-08-26T08:57:15.847Z,7364,2026-08-26T08:57:15.847Z,TTCC,Grand Bay,912d32aa-0b7f-4999-bf60-6670fe5985ea,SAMMS-GrandBay
202608260854402416,202608260654257449,202608260654255519,85,3874,Bronze INV,br_ReAssessmentOccupational,TASK_COMPLETE,SUCCESS,INFO,15,15,0,,2026-08-26T06:54:31.515Z,2026-08-26T08:57:15.847Z,7364,2026-08-26T08:57:15.847Z,TU,Tucson,912d32aa-0b7f-4999-bf60-6670fe5985ea,SAMMS-Tucson
202608260854402417,202608260654257450,202608260654255519,85,3876,Bronze INV,br_ReAssessmentOccupational,TASK_COMPLETE,SUCCESS,INFO,661,661,0,,2026-08-26T06:54:31.515Z,2026-08-26T08:57:15.847Z,7364,2026-08-26T08:57:15.847Z,V1,Memphis South,912d32aa-0b7f-4999-bf60-6670fe5985ea,SAMMS-VCPHCS-I-MemphisV5
202608260854402418,202608260654257451,202608260654255519,85,3877,Bronze INV,br_ReAssessmentOccupational,TASK_COMPLETE,SUCCESS,INFO,1627,1627,0,,2026-08-26T06:54:31.515Z,2026-08-26T08:57:15.847Z,7364,2026-08-26T08:57:15.847Z,V10,Longmont,912d32aa-0b7f-4999-bf60-6670fe5985ea,SAMMS-BoulderV5
202608260854402420,202608260654257452,202608260654255519,85,3878,Bronze INV,br_ReAssessmentOccupational,TASK_COMPLETE,SUCCESS,INFO,1513,1513,0,,2026-08-26T06:54:31.515Z,2026-08-26T08:57:15.847Z,7364,2026-08-26T08:57:15.847Z,V10A,Fort Collins,912d32aa-0b7f-4999-bf60-6670fe5985ea,SAMMS-FortCollinsV5
202608260854402421,202608260654257453,202608260654255519,85,3879,Bronze INV,br_ReAssessmentOccupational,TASK_COMPLETE,SUCCESS,INFO,2864,2864,0,,2026-08-26T06:54:31.515Z,2026-08-26T08:57:15.847Z,7364,2026-08-26T08:57:15.847Z,V11,Westminster,912d32aa-0b7f-4999-bf60-6670fe5985ea,SAMMS-VCPHCS-XI-NorthDenverV5
202608260854402422,202608260654257454,202608260654255519,85,3880,Bronze INV,br_ReAssessmentOccupational,TASK_COMPLETE,SUCCESS,INFO,3036,3036,0,,2026-08-26T06:54:31.515Z,2026-08-26T08:57:15.847Z,7364,2026-08-26T08:57:15.847Z,V12,Downtown Denver,912d32aa-0b7f-4999-bf60-6670fe5985ea,SAMMS-VCPHCS-XII-DowntownDenverV5
202608260854402423,202608260654257455,202608260654255519,85,3881,Bronze INV,br_ReAssessmentOccupational,TASK_COMPLETE,SUCCESS,INFO,1136,1136,0,,2026-08-26T06:54:31.515Z,2026-08-26T08:57:15.847Z,7364,2026-08-26T08:57:15.847Z,V12A,Centennial,912d32aa-0b7f-4999-bf60-6670fe5985ea,SAMMS-CentennialV5
202608260854402425,202608260654257456,202608260654255519,85,3882,Bronze INV,br_ReAssessmentOccupational,TASK_COMPLETE,SUCCESS,INFO,295,295,0,,2026-08-26T06:54:31.515Z,2026-08-26T08:57:15.847Z,7364,2026-08-26T08:57:15.847Z,V14,Overland Park,912d32aa-0b7f-4999-bf60-6670fe5985ea,SAMMS-VCPHCS-XIV-BridgewayV5
202608260854402426,202608260654257457,202608260654255519,85,3883,Bronze INV,br_ReAssessmentOccupational,TASK_COMPLETE,SUCCESS,INFO,609,609,0,,2026-08-26T06:54:31.515Z,2026-08-26T08:57:15.847Z,7364,2026-08-26T08:57:15.847Z,V15,Joplin,912d32aa-0b7f-4999-bf60-6670fe5985ea,SAMMS-JoplinV5
202608260854402427,202608260654257458,202608260654255519,85,3885,Bronze INV,br_ReAssessmentOccupational,TASK_COMPLETE,SUCCESS,INFO,904,904,0,,2026-08-26T06:54:31.515Z,2026-08-26T08:57:15.847Z,7364,2026-08-26T08:57:15.847Z,V17,Columbia TN,912d32aa-0b7f-4999-bf60-6670fe5985ea,SAMMS-ColumbiaTNv5
202608260854402428,202608260654257459,202608260654255519,85,3887,Bronze INV,br_ReAssessmentOccupational,TASK_COMPLETE,SUCCESS,INFO,533,533,0,,2026-08-26T06:54:31.515Z,2026-08-26T08:57:15.847Z,7364,2026-08-26T08:57:15.847Z,V19,Jackson,912d32aa-0b7f-4999-bf60-6670fe5985ea,SAMMS-JacksonV5
202608260854402429,202608260654257460,202608260654255519,85,3889,Bronze INV,br_ReAssessmentOccupational,TASK_COMPLETE,SUCCESS,INFO,1766,1766,0,,2026-08-26T06:54:31.515Z,2026-08-26T08:57:15.847Z,7364,2026-08-26T08:57:15.847Z,V20,Paris,912d32aa-0b7f-4999-bf60-6670fe5985ea,SAMMS-ParisV5
202608260854402430,202608260654257461,202608260654255519,85,3890,Bronze INV,br_ReAssessmentOccupational,TASK_COMPLETE,SUCCESS,INFO,723,723,0,,2026-08-26T06:54:31.515Z,2026-08-26T08:57:15.847Z,7364,2026-08-26T08:57:15.847Z,V21,Memphis North,912d32aa-0b7f-4999-bf60-6670fe5985ea,SAMMS-RaleighV5
202608260854402431,202608260654257462,202608260654255519,85,3893,Bronze INV,br_ReAssessmentOccupational,TASK_COMPLETE,SUCCESS,INFO,1778,1778,0,,2026-08-26T06:54:31.515Z,2026-08-26T08:57:15.847Z,7364,2026-08-26T08:57:15.847Z,V5,West Bank,912d32aa-0b7f-4999-bf60-6670fe5985ea,SAMMS-NONTCv5
202608260854402432,202608260654257463,202608260654255519,85,3895,Bronze INV,br_ReAssessmentOccupational,TASK_COMPLETE,SUCCESS,INFO,144,144,0,,2026-08-26T06:54:31.515Z,2026-08-26T08:57:15.847Z,7364,2026-08-26T08:57:15.847Z,V5B,Houma,912d32aa-0b7f-4999-bf60-6670fe5985ea,SAMMS-HoumaV6
202608260854402433,202608260654257464,202608260654255519,85,3896,Bronze INV,br_ReAssessmentOccupational,TASK_COMPLETE,SUCCESS,INFO,1907,1907,0,,2026-08-26T06:54:31.515Z,2026-08-26T08:57:15.847Z,7364,2026-08-26T08:57:15.847Z,V6,Lake Charles,912d32aa-0b7f-4999-bf60-6670fe5985ea,SAMMS-LCv5
202608260854402435,202608260654257465,202608260654255519,85,3898,Bronze INV,br_ReAssessmentOccupational,TASK_COMPLETE,SUCCESS,INFO,741,741,0,,2026-08-26T06:54:31.515Z,2026-08-26T08:57:15.847Z,7364,2026-08-26T08:57:15.847Z,V8,Memphis Midtown,912d32aa-0b7f-4999-bf60-6670fe5985ea,SAMMS-VCPHCS-VIII-MemphisV5
202608260854402436,202608260654257466,202608260654255519,85,3899,Bronze INV,br_ReAssessmentOccupational,TASK_COMPLETE,SUCCESS,INFO,1761,1761,0,,2026-08-26T06:54:31.515Z,2026-08-26T08:57:15.847Z,7364,2026-08-26T08:57:15.847Z,V9,Nashville,912d32aa-0b7f-4999-bf60-6670fe5985ea,SAMMS-NashvilleV5
202608260854402437,202608260654257467,202608260654255519,85,3900,Bronze INV,br_ReAssessmentOccupational,TASK_COMPLETE,SUCCESS,INFO,837,837,0,,2026-08-26T06:54:31.515Z,2026-08-26T08:57:15.847Z,7364,2026-08-26T08:57:15.847Z,VBRA,Brainerd,912d32aa-0b7f-4999-bf60-6670fe5985ea,SAMMS-BrainerdV6
202608260854402438,202608260654257468,202608260654255519,85,3901,Bronze INV,br_ReAssessmentOccupational,TASK_COMPLETE,SUCCESS,INFO,1955,1955,0,,2026-08-26T06:54:31.515Z,2026-08-26T08:57:15.847Z,7364,2026-08-26T08:57:15.847Z,VBRP,Brooklyn Park,912d32aa-0b7f-4999-bf60-6670fe5985ea,SAMMS-BrooklynParkV6
202608260854402439,202608260654257469,202608260654255519,85,3903,Bronze INV,br_ReAssessmentOccupational,TASK_COMPLETE,SUCCESS,INFO,742,742,0,,2026-08-26T06:54:31.515Z,2026-08-26T08:57:15.847Z,7364,2026-08-26T08:57:15.847Z,VMIN,Minneapolis,912d32aa-0b7f-4999-bf60-6670fe5985ea,SAMMS-MinneapolisV6
202608260854402440,202608260654257470,202608260654255519,85,3904,Bronze INV,br_ReAssessmentOccupational,TASK_COMPLETE,SUCCESS,INFO,881,881,0,,2026-08-26T06:54:31.515Z,2026-08-26T08:57:15.847Z,7364,2026-08-26T08:57:15.847Z,VWBY,Woodbury,912d32aa-0b7f-4999-bf60-6670fe5985ea,SAMMS-WoodburyV6
202608260854402441,202608260654257471,202608260654255519,85,3906,Bronze INV,br_ReAssessmentOccupational,TASK_COMPLETE,SUCCESS,INFO,161,161,0,,2026-08-26T06:54:31.515Z,2026-08-26T08:57:15.847Z,7364,2026-08-26T08:57:15.847Z,WIL,Wilson,912d32aa-0b7f-4999-bf60-6670fe5985ea,SAMMS-Wilson
202608260854402542,202608260654355532,202608260654355519,86,5732,Silver INV,sl_ReAssessmentOccupational,TASK_COMPLETE,SUCCESS,INFO,78554,78554,0,,2026-08-26T06:54:31.515Z,2026-08-26T08:57:15.847Z,7364,2026-08-26T08:57:15.847Z,,,912d32aa-0b7f-4999-bf60-6670fe5985ea,
202608260854402460,202608260654257817,202608260654255519,85,3910,Bronze INV,br_ReAssessmentPhysicalHealth,TASK_COMPLETE,SUCCESS,INFO,35,35,0,,2026-08-26T06:54:31.515Z,2026-08-26T08:57:15.847Z,7364,2026-08-26T08:57:15.847Z,AHK,Ahoskie,912d32aa-0b7f-4999-bf60-6670fe5985ea,SAMMS-Ahoskie
202608260854402689,202608260654355533,202608260654355519,86,5733,Silver INV,sl_ReAssessmentPhysicalHealth,TASK_COMPLETE,SUCCESS,INFO,78871,78871,0,,2026-08-26T06:54:31.515Z,2026-08-26T08:57:15.847Z,7364,2026-08-26T08:57:15.847Z,,,912d32aa-0b7f-4999-bf60-6670fe5985ea,
202608260854402606,202608260654258047,202608260654255519,85,4094,Bronze INV,br_ReAssessmentSocial,TASK_COMPLETE,SUCCESS,INFO,35,35,0,,2026-08-26T06:54:31.515Z,2026-08-26T08:57:15.847Z,7364,2026-08-26T08:57:15.847Z,AHK,Ahoskie,912d32aa-0b7f-4999-bf60-6670fe5985ea,SAMMS-Ahoskie
202608260854402607,202608260654258048,202608260654255519,85,4095,Bronze INV,br_ReAssessmentSocial,TASK_COMPLETE,SUCCESS,INFO,662,662,0,,2026-08-26T06:54:31.515Z,2026-08-26T08:57:15.847Z,7364,2026-08-26T08:57:15.847Z,B12B,Colorado Springs,912d32aa-0b7f-4999-bf60-6670fe5985ea,SAMMS-ColoradoSpringsV5
202608260854402609,202608260654258049,202608260654255519,85,4096,Bronze INV,br_ReAssessmentSocial,TASK_COMPLETE,SUCCESS,INFO,826,826,0,,2026-08-26T06:54:31.515Z,2026-08-26T08:57:15.847Z,7364,2026-08-26T08:57:15.847Z,B24,Paintsville,912d32aa-0b7f-4999-bf60-6670fe5985ea,SAMMS-PaintsvilleV5
202608260854402610,202608260654258050,202608260654255519,85,4097,Bronze INV,br_ReAssessmentSocial,TASK_COMPLETE,SUCCESS,INFO,646,646,0,,2026-08-26T06:54:31.515Z,2026-08-26T08:57:15.847Z,7364,2026-08-26T08:57:15.847Z,B25,Pikeville,912d32aa-0b7f-4999-bf60-6670fe5985ea,SAMMS-PikevilleV5
202608260854402611,202608260654258051,202608260654255519,85,4098,Bronze INV,br_ReAssessmentSocial,TASK_COMPLETE,SUCCESS,INFO,971,971,0,,2026-08-26T06:54:31.515Z,2026-08-26T08:57:15.847Z,7364,2026-08-26T08:57:15.847Z,B26,Hazard,912d32aa-0b7f-4999-bf60-6670fe5985ea,SAMMS-HazardV5
202608260854402612,202608260654258052,202608260654255519,85,4099,Bronze INV,br_ReAssessmentSocial,TASK_COMPLETE,SUCCESS,INFO,531,531,0,,2026-08-26T06:54:31.515Z,2026-08-26T08:57:15.847Z,7364,2026-08-26T08:57:15.847Z,B27,Savannah,912d32aa-0b7f-4999-bf60-6670fe5985ea,SAMMS-SavannahV6
202608260854402613,202608260654258053,202608260654255519,85,4100,Bronze INV,br_ReAssessmentSocial,TASK_COMPLETE,SUCCESS,INFO,245,245,0,,2026-08-26T06:54:31.515Z,2026-08-26T08:57:15.847Z,7364,2026-08-26T08:57:15.847Z,B28,West Plains,912d32aa-0b7f-4999-bf60-6670fe5985ea,SAMMS-WestPlainesV5
202608260854402614,202608260654258054,202608260654255519,85,4101,Bronze INV,br_ReAssessmentSocial,TASK_COMPLETE,SUCCESS,INFO,461,461,0,,2026-08-26T06:54:31.515Z,2026-08-26T08:57:15.847Z,7364,2026-08-26T08:57:15.847Z,B29,Poplar Bluff,912d32aa-0b7f-4999-bf60-6670fe5985ea,SAMMS-PoplarBluffV5
202608260854402615,202608260654258055,202608260654255519,85,4102,Bronze INV,br_ReAssessmentSocial,TASK_COMPLETE,SUCCESS,INFO,77,77,0,,2026-08-26T06:54:31.515Z,2026-08-26T08:57:15.847Z,7364,2026-08-26T08:57:15.847Z,B30,KC North,912d32aa-0b7f-4999-bf60-6670fe5985ea,SAMMS-KCNv5
202608260854402616,202608260654258056,202608260654255519,85,4103,Bronze INV,br_ReAssessmentSocial,TASK_COMPLETE,SUCCESS,INFO,401,401,0,,2026-08-26T06:54:31.515Z,2026-08-26T08:57:15.847Z,7364,2026-08-26T08:57:15.847Z,B31,Dyersburg,912d32aa-0b7f-4999-bf60-6670fe5985ea,SAMMS-DyersburgV5
202608260854402617,202608260654258057,202608260654255519,85,4105,Bronze INV,br_ReAssessmentSocial,TASK_COMPLETE,SUCCESS,INFO,487,487,0,,2026-08-26T06:54:31.515Z,2026-08-26T08:57:15.847Z,7364,2026-08-26T08:57:15.847Z,B33,Paducah,912d32aa-0b7f-4999-bf60-6670fe5985ea,SAMMS-Paducah
202608260854402618,202608260654258058,202608260654255519,85,4106,Bronze INV,br_ReAssessmentSocial,TASK_COMPLETE,SUCCESS,INFO,384,384,0,,2026-08-26T06:54:31.515Z,2026-08-26T08:57:15.847Z,7364,2026-08-26T08:57:15.847Z,B34,Corbin,912d32aa-0b7f-4999-bf60-6670fe5985ea,SAMMS-CorbinV5
202608260854402620,202608260654258059,202608260654255519,85,4107,Bronze INV,br_ReAssessmentSocial,TASK_COMPLETE,SUCCESS,INFO,239,239,0,,2026-08-26T06:54:31.515Z,2026-08-26T08:57:15.847Z,7364,2026-08-26T08:57:15.847Z,B35,Lexington,912d32aa-0b7f-4999-bf60-6670fe5985ea,SAMMS-LexingtonV5
202608260854402621,202608260654258060,202608260654255519,85,4108,Bronze INV,br_ReAssessmentSocial,TASK_COMPLETE,SUCCESS,INFO,77,77,0,,2026-08-26T06:54:31.515Z,2026-08-26T08:57:15.847Z,7364,2026-08-26T08:57:15.847Z,B35A,Berea,912d32aa-0b7f-4999-bf60-6670fe5985ea,SAMMS-BereaV5
202608260854402622,202608260654258061,202608260654255519,85,4109,Bronze INV,br_ReAssessmentSocial,TASK_COMPLETE,SUCCESS,INFO,20,20,0,,2026-08-26T06:54:31.515Z,2026-08-26T08:57:15.847Z,7364,2026-08-26T08:57:15.847Z,B36,Asheville,912d32aa-0b7f-4999-bf60-6670fe5985ea,SAMMS-AshevilleV5
202608260854402623,202608260654258062,202608260654255519,85,4110,Bronze INV,br_ReAssessmentSocial,TASK_COMPLETE,SUCCESS,INFO,1,1,0,,2026-08-26T06:54:31.515Z,2026-08-26T08:57:15.847Z,7364,2026-08-26T08:57:15.847Z,B37,Clyde,912d32aa-0b7f-4999-bf60-6670fe5985ea,SAMMS-ClydeV5
202608260854402624,202608260654258063,202608260654255519,85,4111,Bronze INV,br_ReAssessmentSocial,TASK_COMPLETE,SUCCESS,INFO,1186,1186,0,,2026-08-26T06:54:31.515Z,2026-08-26T08:57:15.847Z,7364,2026-08-26T08:57:15.847Z,B38,Spartanburg,912d32aa-0b7f-4999-bf60-6670fe5985ea,SAMMS-SpartanburgV5
202608260854402625,202608260654258064,202608260654255519,85,4112,Bronze INV,br_ReAssessmentSocial,TASK_COMPLETE,SUCCESS,INFO,361,361,0,,2026-08-26T06:54:31.515Z,2026-08-26T08:57:15.847Z,7364,2026-08-26T08:57:15.847Z,B39,Aiken,912d32aa-0b7f-4999-bf60-6670fe5985ea,SAMMS-AikenV5
202608260854402626,202608260654258065,202608260654255519,85,4113,Bronze INV,br_ReAssessmentSocial,TASK_COMPLETE,SUCCESS,INFO,1887,1887,0,,2026-08-26T06:54:31.515Z,2026-08-26T08:57:15.847Z,7364,2026-08-26T08:57:15.847Z,B41,Chesapeake,912d32aa-0b7f-4999-bf60-6670fe5985ea,SAMMS-ChesapeakeV5
202608260854402627,202608260654258066,202608260654255519,85,4114,Bronze INV,br_ReAssessmentSocial,TASK_COMPLETE,SUCCESS,INFO,1911,1911,0,,2026-08-26T06:54:31.515Z,2026-08-26T08:57:15.847Z,7364,2026-08-26T08:57:15.847Z,B42,Virginia Beach,912d32aa-0b7f-4999-bf60-6670fe5985ea,SAMMS-VirginiaBeachV5
202608260854402628,202608260654258067,202608260654255519,85,4115,Bronze INV,br_ReAssessmentSocial,TASK_COMPLETE,SUCCESS,INFO,925,925,0,,2026-08-26T06:54:31.515Z,2026-08-26T08:57:15.847Z,7364,2026-08-26T08:57:15.847Z,B42A,Newport News,912d32aa-0b7f-4999-bf60-6670fe5985ea,SAMMS-NewportNewsV5
202608260854402629,202608260654258068,202608260654255519,85,4116,Bronze INV,br_ReAssessmentSocial,TASK_COMPLETE,SUCCESS,INFO,507,507,0,,2026-08-26T06:54:31.515Z,2026-08-26T08:57:15.847Z,7364,2026-08-26T08:57:15.847Z,B42B,Franklin,912d32aa-0b7f-4999-bf60-6670fe5985ea,SAMMS-FranklinV5
202608260854402631,202608260654258069,202608260654255519,85,4117,Bronze INV,br_ReAssessmentSocial,TASK_COMPLETE,SUCCESS,INFO,340,340,0,,2026-08-26T06:54:31.515Z,2026-08-26T08:57:15.847Z,7364,2026-08-26T08:57:15.847Z,B42C,Glen Allen,912d32aa-0b7f-4999-bf60-6670fe5985ea,SAMMS-GlenAllenV5
202608260854402632,202608260654258070,202608260654255519,85,4118,Bronze INV,br_ReAssessmentSocial,TASK_COMPLETE,SUCCESS,INFO,1480,1480,0,,2026-08-26T06:54:31.515Z,2026-08-26T08:57:15.847Z,7364,2026-08-26T08:57:15.847Z,B42D,Chesapeake South,912d32aa-0b7f-4999-bf60-6670fe5985ea,SAMMS-ChesapeakeSouthV5
202608260854402633,202608260654258071,202608260654255519,85,4119,Bronze INV,br_ReAssessmentSocial,TASK_COMPLETE,SUCCESS,INFO,632,632,0,,2026-08-26T06:54:31.515Z,2026-08-26T08:57:15.847Z,7364,2026-08-26T08:57:15.847Z,B44,Albany,912d32aa-0b7f-4999-bf60-6670fe5985ea,SAMMS-AlbanyV5
202608260854402634,202608260654258072,202608260654255519,85,4120,Bronze INV,br_ReAssessmentSocial,TASK_COMPLETE,SUCCESS,INFO,1268,1268,0,,2026-08-26T06:54:31.515Z,2026-08-26T08:57:15.847Z,7364,2026-08-26T08:57:15.847Z,B45,Tifton,912d32aa-0b7f-4999-bf60-6670fe5985ea,SAMMS-TiftonV5
202608260854402635,202608260654258073,202608260654255519,85,4121,Bronze INV,br_ReAssessmentSocial,TASK_COMPLETE,SUCCESS,INFO,588,588,0,,2026-08-26T06:54:31.515Z,2026-08-26T08:57:15.847Z,7364,2026-08-26T08:57:15.847Z,B46,Washington DC,912d32aa-0b7f-4999-bf60-6670fe5985ea,SAMMS-WashingtonDCv5
202608260854402636,202608260654258074,202608260654255519,85,4122,Bronze INV,br_ReAssessmentSocial,TASK_COMPLETE,SUCCESS,INFO,1558,1558,0,,2026-08-26T06:54:31.515Z,2026-08-26T08:57:15.847Z,7364,2026-08-26T08:57:15.847Z,B47,Mobile,912d32aa-0b7f-4999-bf60-6670fe5985ea,SAMMS-MobileV5
202608260854402637,202608260654258075,202608260654255519,85,4123,Bronze INV,br_ReAssessmentSocial,TASK_COMPLETE,SUCCESS,INFO,1294,1294,0,,2026-08-26T06:54:31.515Z,2026-08-26T08:57:15.847Z,7364,2026-08-26T08:57:15.847Z,B48,Tuscaloosa,912d32aa-0b7f-4999-bf60-6670fe5985ea,SAMMS-TuscaloosaV5
202608260854402638,202608260654258076,202608260654255519,85,4132,Bronze INV,br_ReAssessmentSocial,TASK_COMPLETE,SUCCESS,INFO,2,2,0,,2026-08-26T06:54:31.515Z,2026-08-26T08:57:15.847Z,7364,2026-08-26T08:57:15.847Z,B51,N. Little Rock (OTP),912d32aa-0b7f-4999-bf60-6670fe5985ea,SAMMS-NorthLittleRockV6
202608260854402640,202608260654258077,202608260654255519,85,4133,Bronze INV,br_ReAssessmentSocial,TASK_COMPLETE,SUCCESS,INFO,453,453,0,,2026-08-26T06:54:31.515Z,2026-08-26T08:57:15.847Z,7364,2026-08-26T08:57:15.847Z,B52,Jackson GA,912d32aa-0b7f-4999-bf60-6670fe5985ea,SAMMS-JacksonGAV5
202608260854402641,202608260654258078,202608260654255519,85,4134,Bronze INV,br_ReAssessmentSocial,TASK_COMPLETE,SUCCESS,INFO,1702,1702,0,,2026-08-26T06:54:31.515Z,2026-08-26T08:57:15.847Z,7364,2026-08-26T08:57:15.847Z,B54,Gadsden,912d32aa-0b7f-4999-bf60-6670fe5985ea,SAMMS-GadsdenV5
202608260854402642,202608260654258079,202608260654255519,85,4135,Bronze INV,br_ReAssessmentSocial,TASK_COMPLETE,SUCCESS,INFO,945,945,0,,2026-08-26T06:54:31.515Z,2026-08-26T08:57:15.847Z,7364,2026-08-26T08:57:15.847Z,B55,Shoals,912d32aa-0b7f-4999-bf60-6670fe5985ea,SAMMS-ShoalsV5
202608260854402643,202608260654258080,202608260654255519,85,4136,Bronze INV,br_ReAssessmentSocial,TASK_COMPLETE,SUCCESS,INFO,294,294,0,,2026-08-26T06:54:31.515Z,2026-08-26T08:57:15.847Z,7364,2026-08-26T08:57:15.847Z,B57,Pawtucket,912d32aa-0b7f-4999-bf60-6670fe5985ea,SAMMS-Pawtucket
202608260854402645,202608260654258081,202608260654255519,85,4137,Bronze INV,br_ReAssessmentSocial,TASK_COMPLETE,SUCCESS,INFO,550,550,0,,2026-08-26T06:54:31.515Z,2026-08-26T08:57:15.847Z,7364,2026-08-26T08:57:15.847Z,B57A,Johnston,912d32aa-0b7f-4999-bf60-6670fe5985ea,SAMMS-Johnston
202608260854402646,202608260654258082,202608260654255519,85,4138,Bronze INV,br_ReAssessmentSocial,TASK_COMPLETE,SUCCESS,INFO,166,166,0,,2026-08-26T06:54:31.515Z,2026-08-26T08:57:15.847Z,7364,2026-08-26T08:57:15.847Z,B57B,Middletown,912d32aa-0b7f-4999-bf60-6670fe5985ea,SAMMS-Middletown
202608260854402647,202608260654258083,202608260654255519,85,4139,Bronze INV,br_ReAssessmentSocial,TASK_COMPLETE,SUCCESS,INFO,410,410,0,,2026-08-26T06:54:31.515Z,2026-08-26T08:57:15.847Z,7364,2026-08-26T08:57:15.847Z,B57C,Providence,912d32aa-0b7f-4999-bf60-6670fe5985ea,SAMMS-Providence
202608200219259519,202608200029239504,202608200029237018,85,4396,Bronze INV,br_ReAssessmentSubstanceUse,TASK_COMPLETE,FAILED,ERROR,205,205,1,SaveReAssessmentSubstanceUse Bronze ForEach failed,2026-08-20T00:29:28.539Z,2026-08-20T02:40:07.937Z,7839,2026-08-20T02:40:07.937Z,LV2,Desert Inn,2e0eb052-bb28-45b1-894f-8dc0851c56cc,SAMMS-DesertInn
202608200219259520,202608200029239505,202608200029237018,85,4397,Bronze INV,br_ReAssessmentSubstanceUse,TASK_COMPLETE,FAILED,ERROR,111,111,1,SaveReAssessmentSubstanceUse Bronze ForEach failed,2026-08-20T00:29:28.539Z,2026-08-20T02:40:07.937Z,7839,2026-08-20T02:40:07.937Z,LV3,McDaniel,2e0eb052-bb28-45b1-894f-8dc0851c56cc,SAMMS-McDaniel
202608200219259521,202608200029239506,202608200029237018,85,4400,Bronze INV,br_ReAssessmentSubstanceUse,TASK_COMPLETE,FAILED,ERROR,365,365,1,SaveReAssessmentSubstanceUse Bronze ForEach failed,2026-08-20T00:29:28.539Z,2026-08-20T02:40:07.937Z,7839,2026-08-20T02:40:07.937Z,MNRE,Monroe,2e0eb052-bb28-45b1-894f-8dc0851c56cc,SAMMS-Monroe
202608200219259522,202608200029239507,202608200029237018,85,4401,Bronze INV,br_ReAssessmentSubstanceUse,TASK_COMPLETE,FAILED,ERROR,1437,1437,1,SaveReAssessmentSubstanceUse Bronze ForEach failed,2026-08-20T00:29:28.539Z,2026-08-20T02:40:07.937Z,7839,2026-08-20T02:40:07.937Z,MP,Mt. Pleasant,2e0eb052-bb28-45b1-894f-8dc0851c56cc,SAMMS-MtPleasant
202608200219259524,202608200029239508,202608200029237018,85,4402,Bronze INV,br_ReAssessmentSubstanceUse,TASK_COMPLETE,FAILED,ERROR,156,156,1,SaveReAssessmentSubstanceUse Bronze ForEach failed,2026-08-20T00:29:28.539Z,2026-08-20T02:40:07.937Z,7839,2026-08-20T02:40:07.937Z,MRD,Meridian,2e0eb052-bb28-45b1-894f-8dc0851c56cc,SAMMS-Meridian
202608200219259525,202608200029239509,202608200029237018,85,4407,Bronze INV,br_ReAssessmentSubstanceUse,TASK_COMPLETE,FAILED,ERROR,697,697,1,SaveReAssessmentSubstanceUse Bronze ForEach failed,2026-08-20T00:29:28.539Z,2026-08-20T02:40:07.937Z,7839,2026-08-20T02:40:07.937Z,NC,North Charleston,2e0eb052-bb28-45b1-894f-8dc0851c56cc,SAMMS-NorthCharleston
202608200219259526,202608200029239510,202608200029237018,85,4408,Bronze INV,br_ReAssessmentSubstanceUse,TASK_COMPLETE,FAILED,ERROR,0,0,1,SaveReAssessmentSubstanceUse Bronze ForEach failed,2026-08-20T00:29:28.539Z,2026-08-20T02:40:07.937Z,7839,2026-08-20T02:40:07.937Z,NLR,N. Little Rock,2e0eb052-bb28-45b1-894f-8dc0851c56cc,SAMMS-NLROBOT
202608200219259527,202608200029239511,202608200029237018,85,4409,Bronze INV,br_ReAssessmentSubstanceUse,TASK_COMPLETE,FAILED,ERROR,115,115,1,SaveReAssessmentSubstanceUse Bronze ForEach failed,2026-08-20T00:29:28.539Z,2026-08-20T02:40:07.937Z,7839,2026-08-20T02:40:07.937Z,PH,Phoenix,2e0eb052-bb28-45b1-894f-8dc0851c56cc,SAMMS-Phoenix
202608200219259528,202608200029239512,202608200029237018,85,4413,Bronze INV,br_ReAssessmentSubstanceUse,TASK_COMPLETE,FAILED,ERROR,219,219,1,SaveReAssessmentSubstanceUse Bronze ForEach failed,2026-08-20T00:29:28.539Z,2026-08-20T02:40:07.937Z,7839,2026-08-20T02:40:07.937Z,RE,Reno,2e0eb052-bb28-45b1-894f-8dc0851c56cc,SAMMS-Reno
202608200219259529,202608200029239513,202608200029237018,85,4414,Bronze INV,br_ReAssessmentSubstanceUse,TASK_COMPLETE,FAILED,ERROR,89,89,1,SaveReAssessmentSubstanceUse Bronze ForEach failed,2026-08-20T00:29:28.539Z,2026-08-20T02:40:07.937Z,7839,2026-08-20T02:40:07.937Z,RMD,Richmond,2e0eb052-bb28-45b1-894f-8dc0851c56cc,SAMMS-Richmond
202608200219259530,202608200029239514,202608200029237018,85,4415,Bronze INV,br_ReAssessmentSubstanceUse,TASK_COMPLETE,FAILED,ERROR,594,594,1,SaveReAssessmentSubstanceUse Bronze ForEach failed,2026-08-20T00:29:28.539Z,2026-08-20T02:40:07.937Z,7839,2026-08-20T02:40:07.937Z,SFN,Springfield North,2e0eb052-bb28-45b1-894f-8dc0851c56cc,SAMMS-SFNv5
202608200219259532,202608200029239515,202608200029237018,85,4416,Bronze INV,br_ReAssessmentSubstanceUse,TASK_COMPLETE,FAILED,ERROR,790,790,1,SaveReAssessmentSubstanceUse Bronze ForEach failed,2026-08-20T00:29:28.539Z,2026-08-20T02:40:07.937Z,7839,2026-08-20T02:40:07.937Z,SHP,Shreveport,2e0eb052-bb28-45b1-894f-8dc0851c56cc,SAMMS-Shreveport
202608200219259533,202608200029239516,202608200029237018,85,4418,Bronze INV,br_ReAssessmentSubstanceUse,TASK_COMPLETE,FAILED,ERROR,488,488,1,SaveReAssessmentSubstanceUse Bronze ForEach failed,2026-08-20T00:29:28.539Z,2026-08-20T02:40:07.937Z,7839,2026-08-20T02:40:07.937Z,STN,Staunton,2e0eb052-bb28-45b1-894f-8dc0851c56cc,SAMMS-Staunton
202608200219259534,202608200029239517,202608200029237018,85,4419,Bronze INV,br_ReAssessmentSubstanceUse,TASK_COMPLETE,FAILED,ERROR,228,228,1,SaveReAssessmentSubstanceUse Bronze ForEach failed,2026-08-20T00:29:28.539Z,2026-08-20T02:40:07.937Z,7839,2026-08-20T02:40:07.937Z,STVN,Stevenson,2e0eb052-bb28-45b1-894f-8dc0851c56cc,SAMMS-Stevenson
202608200219259535,202608200029239518,202608200029237018,85,4421,Bronze INV,br_ReAssessmentSubstanceUse,TASK_COMPLETE,FAILED,ERROR,178,178,1,SaveReAssessmentSubstanceUse Bronze ForEach failed,2026-08-20T00:29:28.539Z,2026-08-20T02:40:07.937Z,7839,2026-08-20T02:40:07.937Z,TE,Tempe,2e0eb052-bb28-45b1-894f-8dc0851c56cc,SAMMS-Tempe
202608200219259536,202608200029239519,202608200029237018,85,4422,Bronze INV,br_ReAssessmentSubstanceUse,TASK_COMPLETE,FAILED,ERROR,0,0,1,SaveReAssessmentSubstanceUse Bronze ForEach failed,2026-08-20T00:29:28.539Z,2026-08-20T02:40:07.937Z,7839,2026-08-20T02:40:07.937Z,TEX,Texarkana,2e0eb052-bb28-45b1-894f-8dc0851c56cc,SAMMS-Texarkana
202608200219259537,202608200029239520,202608200029237018,85,4423,Bronze INV,br_ReAssessmentSubstanceUse,TASK_COMPLETE,FAILED,ERROR,1104,1104,1,SaveReAssessmentSubstanceUse Bronze ForEach failed,2026-08-20T00:29:28.539Z,2026-08-20T02:40:07.937Z,7839,2026-08-20T02:40:07.937Z,TTCA,Bessemer,2e0eb052-bb28-45b1-894f-8dc0851c56cc,SAMMS-BessemerV5
202608200219259538,202608200029239521,202608200029237018,85,4424,Bronze INV,br_ReAssessmentSubstanceUse,TASK_COMPLETE,FAILED,ERROR,1326,1326,1,SaveReAssessmentSubstanceUse Bronze ForEach failed,2026-08-20T00:29:28.539Z,2026-08-20T02:40:07.937Z,7839,2026-08-20T02:40:07.937Z,TTCB,Cullman,2e0eb052-bb28-45b1-894f-8dc0851c56cc,SAMMS-CullmanV5
202608200219259540,202608200029239522,202608200029237018,85,4425,Bronze INV,br_ReAssessmentSubstanceUse,TASK_COMPLETE,FAILED,ERROR,973,973,1,SaveReAssessmentSubstanceUse Bronze ForEach failed,2026-08-20T00:29:28.539Z,2026-08-20T02:40:07.937Z,7839,2026-08-20T02:40:07.937Z,TTCC,Grand Bay,2e0eb052-bb28-45b1-894f-8dc0851c56cc,SAMMS-GrandBay
202608200219259541,202608200029239523,202608200029237018,85,4426,Bronze INV,br_ReAssessmentSubstanceUse,TASK_COMPLETE,FAILED,ERROR,17,17,1,SaveReAssessmentSubstanceUse Bronze ForEach failed,2026-08-20T00:29:28.539Z,2026-08-20T02:40:07.937Z,7839,2026-08-20T02:40:07.937Z,TU,Tucson,2e0eb052-bb28-45b1-894f-8dc0851c56cc,SAMMS-Tucson
202608200219259542,202608200029239524,202608200029237018,85,4428,Bronze INV,br_ReAssessmentSubstanceUse,TASK_COMPLETE,FAILED,ERROR,663,663,1,SaveReAssessmentSubstanceUse Bronze ForEach failed,2026-08-20T00:29:28.539Z,2026-08-20T02:40:07.937Z,7839,2026-08-20T02:40:07.937Z,V1,Memphis South,2e0eb052-bb28-45b1-894f-8dc0851c56cc,SAMMS-VCPHCS-I-MemphisV5
202608200219259543,202608200029239525,202608200029237018,85,4429,Bronze INV,br_ReAssessmentSubstanceUse,TASK_COMPLETE,FAILED,ERROR,1641,1641,1,SaveReAssessmentSubstanceUse Bronze ForEach failed,2026-08-20T00:29:28.539Z,2026-08-20T02:40:07.937Z,7839,2026-08-20T02:40:07.937Z,V10,Longmont,2e0eb052-bb28-45b1-894f-8dc0851c56cc,SAMMS-BoulderV5
202608200219259544,202608200029239526,202608200029237018,85,4430,Bronze INV,br_ReAssessmentSubstanceUse,TASK_COMPLETE,FAILED,ERROR,1527,1527,1,SaveReAssessmentSubstanceUse Bronze ForEach failed,2026-08-20T00:29:28.539Z,2026-08-20T02:40:07.937Z,7839,2026-08-20T02:40:07.937Z,V10A,Fort Collins,2e0eb052-bb28-45b1-894f-8dc0851c56cc,SAMMS-FortCollinsV5
202608200219259545,202608200029239527,202608200029237018,85,4431,Bronze INV,br_ReAssessmentSubstanceUse,TASK_COMPLETE,FAILED,ERROR,2896,2896,1,SaveReAssessmentSubstanceUse Bronze ForEach failed,2026-08-20T00:29:28.539Z,2026-08-20T02:40:07.937Z,7839,2026-08-20T02:40:07.937Z,V11,Westminster,2e0eb052-bb28-45b1-894f-8dc0851c56cc,SAMMS-VCPHCS-XI-NorthDenverV5
202608200219259546,202608200029239528,202608200029237018,85,4432,Bronze INV,br_ReAssessmentSubstanceUse,TASK_COMPLETE,FAILED,ERROR,3073,3073,1,SaveReAssessmentSubstanceUse Bronze ForEach failed,2026-08-20T00:29:28.539Z,2026-08-20T02:40:07.937Z,7839,2026-08-20T02:40:07.937Z,V12,Downtown Denver,2e0eb052-bb28-45b1-894f-8dc0851c56cc,SAMMS-VCPHCS-XII-DowntownDenverV5
202608200219259547,202608200029239529,202608200029237018,85,4433,Bronze INV,br_ReAssessmentSubstanceUse,TASK_COMPLETE,FAILED,ERROR,1148,1148,1,SaveReAssessmentSubstanceUse Bronze ForEach failed,2026-08-20T00:29:28.539Z,2026-08-20T02:40:07.937Z,7839,2026-08-20T02:40:07.937Z,V12A,Centennial,2e0eb052-bb28-45b1-894f-8dc0851c56cc,SAMMS-CentennialV5
202608200219259548,202608200029239530,202608200029237018,85,4434,Bronze INV,br_ReAssessmentSubstanceUse,TASK_COMPLETE,FAILED,ERROR,301,301,1,SaveReAssessmentSubstanceUse Bronze ForEach failed,2026-08-20T00:29:28.539Z,2026-08-20T02:40:07.937Z,7839,2026-08-20T02:40:07.937Z,V14,Overland Park,2e0eb052-bb28-45b1-894f-8dc0851c56cc,SAMMS-VCPHCS-XIV-BridgewayV5
202608200219259550,202608200029239531,202608200029237018,85,4435,Bronze INV,br_ReAssessmentSubstanceUse,TASK_COMPLETE,FAILED,ERROR,611,611,1,SaveReAssessmentSubstanceUse Bronze ForEach failed,2026-08-20T00:29:28.539Z,2026-08-20T02:40:07.937Z,7839,2026-08-20T02:40:07.937Z,V15,Joplin,2e0eb052-bb28-45b1-894f-8dc0851c56cc,SAMMS-JoplinV5
202608200219259551,202608200029239532,202608200029237018,85,4437,Bronze INV,br_ReAssessmentSubstanceUse,TASK_COMPLETE,FAILED,ERROR,918,918,1,SaveReAssessmentSubstanceUse Bronze ForEach failed,2026-08-20T00:29:28.539Z,2026-08-20T02:40:07.937Z,7839,2026-08-20T02:40:07.937Z,V17,Columbia TN,2e0eb052-bb28-45b1-894f-8dc0851c56cc,SAMMS-ColumbiaTNv5
202608200219259552,202608200029239533,202608200029237018,85,4439,Bronze INV,br_ReAssessmentSubstanceUse,TASK_COMPLETE,FAILED,ERROR,544,544,1,SaveReAssessmentSubstanceUse Bronze ForEach failed,2026-08-20T00:29:28.539Z,2026-08-20T02:40:07.937Z,7839,2026-08-20T02:40:07.937Z,V19,Jackson,2e0eb052-bb28-45b1-894f-8dc0851c56cc,SAMMS-JacksonV5
202608200219259553,202608200029239534,202608200029237018,85,4441,Bronze INV,br_ReAssessmentSubstanceUse,TASK_COMPLETE,FAILED,ERROR,1815,1815,1,SaveReAssessmentSubstanceUse Bronze ForEach failed,2026-08-20T00:29:28.539Z,2026-08-20T02:40:07.937Z,7839,2026-08-20T02:40:07.937Z,V20,Paris,2e0eb052-bb28-45b1-894f-8dc0851c56cc,SAMMS-ParisV5
202608200219259554,202608200029239535,202608200029237018,85,4442,Bronze INV,br_ReAssessmentSubstanceUse,TASK_COMPLETE,FAILED,ERROR,732,732,1,SaveReAssessmentSubstanceUse Bronze ForEach failed,2026-08-20T00:29:28.539Z,2026-08-20T02:40:07.937Z,7839,2026-08-20T02:40:07.937Z,V21,Memphis North,2e0eb052-bb28-45b1-894f-8dc0851c56cc,SAMMS-RaleighV5
202608200219259555,202608200029239536,202608200029237018,85,4445,Bronze INV,br_ReAssessmentSubstanceUse,TASK_COMPLETE,FAILED,ERROR,1817,1817,1,SaveReAssessmentSubstanceUse Bronze ForEach failed,2026-08-20T00:29:28.539Z,2026-08-20T02:40:07.937Z,7839,2026-08-20T02:40:07.937Z,V5,West Bank,2e0eb052-bb28-45b1-894f-8dc0851c56cc,SAMMS-NONTCv5
202608200219259557,202608200029239537,202608200029237018,85,4447,Bronze INV,br_ReAssessmentSubstanceUse,TASK_COMPLETE,FAILED,ERROR,150,150,1,SaveReAssessmentSubstanceUse Bronze ForEach failed,2026-08-20T00:29:28.539Z,2026-08-20T02:40:07.937Z,7839,2026-08-20T02:40:07.937Z,V5B,Houma,2e0eb052-bb28-45b1-894f-8dc0851c56cc,SAMMS-HoumaV6
202608200219259558,202608200029239538,202608200029237018,85,4448,Bronze INV,br_ReAssessmentSubstanceUse,TASK_COMPLETE,FAILED,ERROR,1929,1929,1,SaveReAssessmentSubstanceUse Bronze ForEach failed,2026-08-20T00:29:28.539Z,2026-08-20T02:40:07.937Z,7839,2026-08-20T02:40:07.937Z,V6,Lake Charles,2e0eb052-bb28-45b1-894f-8dc0851c56cc,SAMMS-LCv5
202608200219259559,202608200029239539,202608200029237018,85,4450,Bronze INV,br_ReAssessmentSubstanceUse,TASK_COMPLETE,FAILED,ERROR,748,748,1,SaveReAssessmentSubstanceUse Bronze ForEach failed,2026-08-20T00:29:28.539Z,2026-08-20T02:40:07.937Z,7839,2026-08-20T02:40:07.937Z,V8,Memphis Midtown,2e0eb052-bb28-45b1-894f-8dc0851c56cc,SAMMS-VCPHCS-VIII-MemphisV5
202608200219259560,202608200029239540,202608200029237018,85,4451,Bronze INV,br_ReAssessmentSubstanceUse,TASK_COMPLETE,FAILED,ERROR,1785,1785,1,SaveReAssessmentSubstanceUse Bronze ForEach failed,2026-08-20T00:29:28.539Z,2026-08-20T02:40:07.937Z,7839,2026-08-20T02:40:07.937Z,V9,Nashville,2e0eb052-bb28-45b1-894f-8dc0851c56cc,SAMMS-NashvilleV5
202608200219259561,202608200029239541,202608200029237018,85,4452,Bronze INV,br_ReAssessmentSubstanceUse,TASK_COMPLETE,FAILED,ERROR,854,854,1,SaveReAssessmentSubstanceUse Bronze ForEach failed,2026-08-20T00:29:28.539Z,2026-08-20T02:40:07.937Z,7839,2026-08-20T02:40:07.937Z,VBRA,Brainerd,2e0eb052-bb28-45b1-894f-8dc0851c56cc,SAMMS-BrainerdV6
202608200219256395,202608200029237933,202608200029237018,85,407,Bronze INV,br_AdmissionAssessment,TASK_COMPLETE,FAILED,ERROR,0,0,1,SaveAdmissionAssessment Bronze ForEach failed,2026-08-20T00:29:28.539Z,2026-08-20T02:40:07.937Z,7839,2026-08-20T02:40:07.937Z,VMIN,Minneapolis,2e0eb052-bb28-45b1-894f-8dc0851c56cc,SAMMS-MinneapolisV6
202608200219256396,202608200029237934,202608200029237018,85,408,Bronze INV,br_AdmissionAssessment,TASK_COMPLETE,FAILED,ERROR,1,1,1,SaveAdmissionAssessment Bronze ForEach failed,2026-08-20T00:29:28.539Z,2026-08-20T02:40:07.937Z,7839,2026-08-20T02:40:07.937Z,VWBY,Woodbury,2e0eb052-bb28-45b1-894f-8dc0851c56cc,SAMMS-WoodburyV6
202608200219256397,202608200029237935,202608200029237018,85,410,Bronze INV,br_AdmissionAssessment,TASK_COMPLETE,FAILED,ERROR,16,16,1,SaveAdmissionAssessment Bronze ForEach failed,2026-08-20T00:29:28.539Z,2026-08-20T02:40:07.937Z,7839,2026-08-20T02:40:07.937Z,WIL,Wilson,2e0eb052-bb28-45b1-894f-8dc0851c56cc,SAMMS-Wilson
202608200219256498,202608200029337019,202608200029337018,86,5720,Silver INV,sl_AdmissionAssessment,TASK_COMPLETE,SKIPPED,WARN,0,0,0,Skipped: SaveAdmissionAssessment failed at BR,2026-08-20T00:29:28.539Z,2026-08-20T02:40:07.937Z,7839,2026-08-20T02:40:07.937Z,,,2e0eb052-bb28-45b1-894f-8dc0851c56cc,
202608200219256420,202608200029238511,202608200029237018,85,414,Bronze INV,br_AdmissionAssessmentDimensionFiveSubstanceUse,TASK_COMPLETE,FAILED,ERROR,97,97,1,SaveAdmissionAssessmentDimensionFiveSubstanceUse Bronze ForEach failed,2026-08-20T00:29:28.539Z,2026-08-20T02:40:07.937Z,7839,2026-08-20T02:40:07.937Z,AHK,Ahoskie,2e0eb052-bb28-45b1-894f-8dc0851c56cc,SAMMS-Ahoskie
202608200219256421,202608200029238512,202608200029237018,85,415,Bronze INV,br_AdmissionAssessmentDimensionFiveSubstanceUse,TASK_COMPLETE,FAILED,ERROR,785,785,1,SaveAdmissionAssessmentDimensionFiveSubstanceUse Bronze ForEach failed,2026-08-20T00:29:28.539Z,2026-08-20T02:40:07.937Z,7839,2026-08-20T02:40:07.937Z,B12B,Colorado Springs,2e0eb052-bb28-45b1-894f-8dc0851c56cc,SAMMS-ColoradoSpringsV5
202608200219256422,202608200029238513,202608200029237018,85,416,Bronze INV,br_AdmissionAssessmentDimensionFiveSubstanceUse,TASK_COMPLETE,FAILED,ERROR,412,412,1,SaveAdmissionAssessmentDimensionFiveSubstanceUse Bronze ForEach failed,2026-08-20T00:29:28.539Z,2026-08-20T02:40:07.937Z,7839,2026-08-20T02:40:07.937Z,B24,Paintsville,2e0eb052-bb28-45b1-894f-8dc0851c56cc,SAMMS-PaintsvilleV5
202608200219256424,202608200029238514,202608200029237018,85,417,Bronze INV,br_AdmissionAssessmentDimensionFiveSubstanceUse,TASK_COMPLETE,FAILED,ERROR,171,171,1,SaveAdmissionAssessmentDimensionFiveSubstanceUse Bronze ForEach failed,2026-08-20T00:29:28.539Z,2026-08-20T02:40:07.937Z,7839,2026-08-20T02:40:07.937Z,B25,Pikeville,2e0eb052-bb28-45b1-894f-8dc0851c56cc,SAMMS-PikevilleV5
202608200219256425,202608200029238515,202608200029237018,85,418,Bronze INV,br_AdmissionAssessmentDimensionFiveSubstanceUse,TASK_COMPLETE,FAILED,ERROR,493,493,1,SaveAdmissionAssessmentDimensionFiveSubstanceUse Bronze ForEach failed,2026-08-20T00:29:28.539Z,2026-08-20T02:40:07.937Z,7839,2026-08-20T02:40:07.937Z,B26,Hazard,2e0eb052-bb28-45b1-894f-8dc0851c56cc,SAMMS-HazardV5
202608200219256426,202608200029238516,202608200029237018,85,419,Bronze INV,br_AdmissionAssessmentDimensionFiveSubstanceUse,TASK_COMPLETE,FAILED,ERROR,188,188,1,SaveAdmissionAssessmentDimensionFiveSubstanceUse Bronze ForEach failed,2026-08-20T00:29:28.539Z,2026-08-20T02:40:07.937Z,7839,2026-08-20T02:40:07.937Z,B27,Savannah,2e0eb052-bb28-45b1-894f-8dc0851c56cc,SAMMS-SavannahV6
202608200219256427,202608200029238517,202608200029237018,85,420,Bronze INV,br_AdmissionAssessmentDimensionFiveSubstanceUse,TASK_COMPLETE,FAILED,ERROR,232,232,1,SaveAdmissionAssessmentDimensionFiveSubstanceUse Bronze ForEach failed,2026-08-20T00:29:28.539Z,2026-08-20T02:40:07.937Z,7839,2026-08-20T02:40:07.937Z,B28,West Plains,2e0eb052-bb28-45b1-894f-8dc0851c56cc,SAMMS-WestPlainesV5
202608200219256428,202608200029238518,202608200029237018,85,421,Bronze INV,br_AdmissionAssessmentDimensionFiveSubstanceUse,TASK_COMPLETE,FAILED,ERROR,257,257,1,SaveAdmissionAssessmentDimensionFiveSubstanceUse Bronze ForEach failed,2026-08-20T00:29:28.539Z,2026-08-20T02:40:07.937Z,7839,2026-08-20T02:40:07.937Z,B29,Poplar Bluff,2e0eb052-bb28-45b1-894f-8dc0851c56cc,SAMMS-PoplarBluffV5
202608200219256429,202608200029238519,202608200029237018,85,422,Bronze INV,br_AdmissionAssessmentDimensionFiveSubstanceUse,TASK_COMPLETE,FAILED,ERROR,135,135,1,SaveAdmissionAssessmentDimensionFiveSubstanceUse Bronze ForEach failed,2026-08-20T00:29:28.539Z,2026-08-20T02:40:07.937Z,7839,2026-08-20T02:40:07.937Z,B30,KC North,2e0eb052-bb28-45b1-894f-8dc0851c56cc,SAMMS-KCNv5
202608200219256430,202608200029238520,202608200029237018,85,423,Bronze INV,br_AdmissionAssessmentDimensionFiveSubstanceUse,TASK_COMPLETE,FAILED,ERROR,333,333,1,SaveAdmissionAssessmentDimensionFiveSubstanceUse Bronze ForEach failed,2026-08-20T00:29:28.539Z,2026-08-20T02:40:07.937Z,7839,2026-08-20T02:40:07.937Z,B31,Dyersburg,2e0eb052-bb28-45b1-894f-8dc0851c56cc,SAMMS-DyersburgV5
202608200219256431,202608200029238521,202608200029237018,85,425,Bronze INV,br_AdmissionAssessmentDimensionFiveSubstanceUse,TASK_COMPLETE,FAILED,ERROR,211,211,1,SaveAdmissionAssessmentDimensionFiveSubstanceUse Bronze ForEach failed,2026-08-20T00:29:28.539Z,2026-08-20T02:40:07.937Z,7839,2026-08-20T02:40:07.937Z,B33,Paducah,2e0eb052-bb28-45b1-894f-8dc0851c56cc,SAMMS-Paducah
202608200219256433,202608200029238522,202608200029237018,85,426,Bronze INV,br_AdmissionAssessmentDimensionFiveSubstanceUse,TASK_COMPLETE,FAILED,ERROR,448,448,1,SaveAdmissionAssessmentDimensionFiveSubstanceUse Bronze ForEach failed,2026-08-20T00:29:28.539Z,2026-08-20T02:40:07.937Z,7839,2026-08-20T02:40:07.937Z,B34,Corbin,2e0eb052-bb28-45b1-894f-8dc0851c56cc,SAMMS-CorbinV5
202608200219256434,202608200029238523,202608200029237018,85,427,Bronze INV,br_AdmissionAssessmentDimensionFiveSubstanceUse,TASK_COMPLETE,FAILED,ERROR,711,711,1,SaveAdmissionAssessmentDimensionFiveSubstanceUse Bronze ForEach failed,2026-08-20T00:29:28.539Z,2026-08-20T02:40:07.937Z,7839,2026-08-20T02:40:07.937Z,B35,Lexington,2e0eb052-bb28-45b1-894f-8dc0851c56cc,SAMMS-LexingtonV5
202608200219256435,202608200029238524,202608200029237018,85,428,Bronze INV,br_AdmissionAssessmentDimensionFiveSubstanceUse,TASK_COMPLETE,FAILED,ERROR,347,347,1,SaveAdmissionAssessmentDimensionFiveSubstanceUse Bronze ForEach failed,2026-08-20T00:29:28.539Z,2026-08-20T02:40:07.937Z,7839,2026-08-20T02:40:07.937Z,B35A,Berea,2e0eb052-bb28-45b1-894f-8dc0851c56cc,SAMMS-BereaV5
202608200219256436,202608200029238525,202608200029237018,85,429,Bronze INV,br_AdmissionAssessmentDimensionFiveSubstanceUse,TASK_COMPLETE,FAILED,ERROR,596,596,1,SaveAdmissionAssessmentDimensionFiveSubstanceUse Bronze ForEach failed,2026-08-20T00:29:28.539Z,2026-08-20T02:40:07.937Z,7839,2026-08-20T02:40:07.937Z,B36,Asheville,2e0eb052-bb28-45b1-894f-8dc0851c56cc,SAMMS-AshevilleV5
202608200219256437,202608200029238526,202608200029237018,85,430,Bronze INV,br_AdmissionAssessmentDimensionFiveSubstanceUse,TASK_COMPLETE,FAILED,ERROR,441,441,1,SaveAdmissionAssessmentDimensionFiveSubstanceUse Bronze ForEach failed,2026-08-20T00:29:28.539Z,2026-08-20T02:40:07.937Z,7839,2026-08-20T02:40:07.937Z,B37,Clyde,2e0eb052-bb28-45b1-894f-8dc0851c56cc,SAMMS-ClydeV5
202608200219256438,202608200029238527,202608200029237018,85,431,Bronze INV,br_AdmissionAssessmentDimensionFiveSubstanceUse,TASK_COMPLETE,FAILED,ERROR,630,630,1,SaveAdmissionAssessmentDimensionFiveSubstanceUse Bronze ForEach failed,2026-08-20T00:29:28.539Z,2026-08-20T02:40:07.937Z,7839,2026-08-20T02:40:07.937Z,B38,Spartanburg,2e0eb052-bb28-45b1-894f-8dc0851c56cc,SAMMS-SpartanburgV5
202608200219256439,202608200029238528,202608200029237018,85,432,Bronze INV,br_AdmissionAssessmentDimensionFiveSubstanceUse,TASK_COMPLETE,FAILED,ERROR,473,473,1,SaveAdmissionAssessmentDimensionFiveSubstanceUse Bronze ForEach failed,2026-08-20T00:29:28.539Z,2026-08-20T02:40:07.937Z,7839,2026-08-20T02:40:07.937Z,B39,Aiken,2e0eb052-bb28-45b1-894f-8dc0851c56cc,SAMMS-AikenV5
202608200219256441,202608200029238529,202608200029237018,85,433,Bronze INV,br_AdmissionAssessmentDimensionFiveSubstanceUse,TASK_COMPLETE,FAILED,ERROR,289,289,1,SaveAdmissionAssessmentDimensionFiveSubstanceUse Bronze ForEach failed,2026-08-20T00:29:28.539Z,2026-08-20T02:40:07.937Z,7839,2026-08-20T02:40:07.937Z,B41,Chesapeake,2e0eb052-bb28-45b1-894f-8dc0851c56cc,SAMMS-ChesapeakeV5
202608200219256442,202608200029238530,202608200029237018,85,434,Bronze INV,br_AdmissionAssessmentDimensionFiveSubstanceUse,TASK_COMPLETE,FAILED,ERROR,534,534,1,SaveAdmissionAssessmentDimensionFiveSubstanceUse Bronze ForEach failed,2026-08-20T00:29:28.539Z,2026-08-20T02:40:07.937Z,7839,2026-08-20T02:40:07.937Z,B42,Virginia Beach,2e0eb052-bb28-45b1-894f-8dc0851c56cc,SAMMS-VirginiaBeachV5
202608200219256443,202608200029238531,202608200029237018,85,435,Bronze INV,br_AdmissionAssessmentDimensionFiveSubstanceUse,TASK_COMPLETE,FAILED,ERROR,161,161,1,SaveAdmissionAssessmentDimensionFiveSubstanceUse Bronze ForEach failed,2026-08-20T00:29:28.539Z,2026-08-20T02:40:07.937Z,7839,2026-08-20T02:40:07.937Z,B42A,Newport News,2e0eb052-bb28-45b1-894f-8dc0851c56cc,SAMMS-NewportNewsV5
202608200219256444,202608200029238532,202608200029237018,85,436,Bronze INV,br_AdmissionAssessmentDimensionFiveSubstanceUse,TASK_COMPLETE,FAILED,ERROR,54,54,1,SaveAdmissionAssessmentDimensionFiveSubstanceUse Bronze ForEach failed,2026-08-20T00:29:28.539Z,2026-08-20T02:40:07.937Z,7839,2026-08-20T02:40:07.937Z,B42B,Franklin,2e0eb052-bb28-45b1-894f-8dc0851c56cc,SAMMS-FranklinV5
202608200219256445,202608200029238533,202608200029237018,85,437,Bronze INV,br_AdmissionAssessmentDimensionFiveSubstanceUse,TASK_COMPLETE,FAILED,ERROR,334,334,1,SaveAdmissionAssessmentDimensionFiveSubstanceUse Bronze ForEach failed,2026-08-20T00:29:28.539Z,2026-08-20T02:40:07.937Z,7839,2026-08-20T02:40:07.937Z,B42C,Glen Allen,2e0eb052-bb28-45b1-894f-8dc0851c56cc,SAMMS-GlenAllenV5
202608200219256447,202608200029238534,202608200029237018,85,438,Bronze INV,br_AdmissionAssessmentDimensionFiveSubstanceUse,TASK_COMPLETE,FAILED,ERROR,166,166,1,SaveAdmissionAssessmentDimensionFiveSubstanceUse Bronze ForEach failed,2026-08-20T00:29:28.539Z,2026-08-20T02:40:07.937Z,7839,2026-08-20T02:40:07.937Z,B42D,Chesapeake South,2e0eb052-bb28-45b1-894f-8dc0851c56cc,SAMMS-ChesapeakeSouthV5
202608200219256448,202608200029238535,202608200029237018,85,439,Bronze INV,br_AdmissionAssessmentDimensionFiveSubstanceUse,TASK_COMPLETE,FAILED,ERROR,203,203,1,SaveAdmissionAssessmentDimensionFiveSubstanceUse Bronze ForEach failed,2026-08-20T00:29:28.539Z,2026-08-20T02:40:07.937Z,7839,2026-08-20T02:40:07.937Z,B44,Albany,2e0eb052-bb28-45b1-894f-8dc0851c56cc,SAMMS-AlbanyV5
202608200219256449,202608200029238536,202608200029237018,85,440,Bronze INV,br_AdmissionAssessmentDimensionFiveSubstanceUse,TASK_COMPLETE,FAILED,ERROR,302,302,1,SaveAdmissionAssessmentDimensionFiveSubstanceUse Bronze ForEach failed,2026-08-20T00:29:28.539Z,2026-08-20T02:40:07.937Z,7839,2026-08-20T02:40:07.937Z,B45,Tifton,2e0eb052-bb28-45b1-894f-8dc0851c56cc,SAMMS-TiftonV5
202608200219256450,202608200029238537,202608200029237018,85,441,Bronze INV,br_AdmissionAssessmentDimensionFiveSubstanceUse,TASK_COMPLETE,FAILED,ERROR,649,649,1,SaveAdmissionAssessmentDimensionFiveSubstanceUse Bronze ForEach failed,2026-08-20T00:29:28.539Z,2026-08-20T02:40:07.937Z,7839,2026-08-20T02:40:07.937Z,B46,Washington DC,2e0eb052-bb28-45b1-894f-8dc0851c56cc,SAMMS-WashingtonDCv5
202608200219256451,202608200029238538,202608200029237018,85,442,Bronze INV,br_AdmissionAssessmentDimensionFiveSubstanceUse,TASK_COMPLETE,FAILED,ERROR,344,344,1,SaveAdmissionAssessmentDimensionFiveSubstanceUse Bronze ForEach failed,2026-08-20T00:29:28.539Z,2026-08-20T02:40:07.937Z,7839,2026-08-20T02:40:07.937Z,B47,Mobile,2e0eb052-bb28-45b1-894f-8dc0851c56cc,SAMMS-MobileV5
202608200219256452,202608200029238539,202608200029237018,85,443,Bronze INV,br_AdmissionAssessmentDimensionFiveSubstanceUse,TASK_COMPLETE,FAILED,ERROR,443,443,1,SaveAdmissionAssessmentDimensionFiveSubstanceUse Bronze ForEach failed,2026-08-20T00:29:28.539Z,2026-08-20T02:40:07.937Z,7839,2026-08-20T02:40:07.937Z,B48,Tuscaloosa,2e0eb052-bb28-45b1-894f-8dc0851c56cc,SAMMS-TuscaloosaV5
202608200219256453,202608200029238540,202608200029237018,85,452,Bronze INV,br_AdmissionAssessmentDimensionFiveSubstanceUse,TASK_COMPLETE,FAILED,ERROR,310,310,1,SaveAdmissionAssessmentDimensionFiveSubstanceUse Bronze ForEach failed,2026-08-20T00:29:28.539Z,2026-08-20T02:40:07.937Z,7839,2026-08-20T02:40:07.937Z,B51,N. Little Rock (OTP),2e0eb052-bb28-45b1-894f-8dc0851c56cc,SAMMS-NorthLittleRockV6
202608200219256454,202608200029238541,202608200029237018,85,453,Bronze INV,br_AdmissionAssessmentDimensionFiveSubstanceUse,TASK_COMPLETE,FAILED,ERROR,154,154,1,SaveAdmissionAssessmentDimensionFiveSubstanceUse Bronze ForEach failed,2026-08-20T00:29:28.539Z,2026-08-20T02:40:07.937Z,7839,2026-08-20T02:40:07.937Z,B52,Jackson GA,2e0eb052-bb28-45b1-894f-8dc0851c56cc,SAMMS-JacksonGAV5
202608200219256455,202608200029238542,202608200029237018,85,454,Bronze INV,br_AdmissionAssessmentDimensionFiveSubstanceUse,TASK_COMPLETE,FAILED,ERROR,465,465,1,SaveAdmissionAssessmentDimensionFiveSubstanceUse Bronze ForEach failed,2026-08-20T00:29:28.539Z,2026-08-20T02:40:07.937Z,7839,2026-08-20T02:40:07.937Z,B54,Gadsden,2e0eb052-bb28-45b1-894f-8dc0851c56cc,SAMMS-GadsdenV5
202608200219256457,202608200029238543,202608200029237018,85,455,Bronze INV,br_AdmissionAssessmentDimensionFiveSubstanceUse,TASK_COMPLETE,FAILED,ERROR,476,476,1,SaveAdmissionAssessmentDimensionFiveSubstanceUse Bronze ForEach failed,2026-08-20T00:29:28.539Z,2026-08-20T02:40:07.937Z,7839,2026-08-20T02:40:07.937Z,B55,Shoals,2e0eb052-bb28-45b1-894f-8dc0851c56cc,SAMMS-ShoalsV5
202608200219256458,202608200029238544,202608200029237018,85,456,Bronze INV,br_AdmissionAssessmentDimensionFiveSubstanceUse,TASK_COMPLETE,FAILED,ERROR,170,170,1,SaveAdmissionAssessmentDimensionFiveSubstanceUse Bronze ForEach failed,2026-08-20T00:29:28.539Z,2026-08-20T02:40:07.937Z,7839,2026-08-20T02:40:07.937Z,B57,Pawtucket,2e0eb052-bb28-45b1-894f-8dc0851c56cc,SAMMS-Pawtucket
202608200219257348,202608200029237958,202608200029237018,85,1541,Bronze INV,br_AdmissionAssessmentSummary,TASK_COMPLETE,FAILED,ERROR,352,352,1,SaveAdmissionAssessmentSummary Bronze ForEach failed,2026-08-20T00:29:28.539Z,2026-08-20T02:40:07.937Z,7839,2026-08-20T02:40:07.937Z,B42C,Glen Allen,2e0eb052-bb28-45b1-894f-8dc0851c56cc,SAMMS-GlenAllenV5
202608200219257349,202608200029237959,202608200029237018,85,1542,Bronze INV,br_AdmissionAssessmentSummary,TASK_COMPLETE,FAILED,ERROR,176,176,1,SaveAdmissionAssessmentSummary Bronze ForEach failed,2026-08-20T00:29:28.539Z,2026-08-20T02:40:07.937Z,7839,2026-08-20T02:40:07.937Z,B42D,Chesapeake South,2e0eb052-bb28-45b1-894f-8dc0851c56cc,SAMMS-ChesapeakeSouthV5
202608200219257350,202608200029237960,202608200029237018,85,1543,Bronze INV,br_AdmissionAssessmentSummary,TASK_COMPLETE,FAILED,ERROR,215,215,1,SaveAdmissionAssessmentSummary Bronze ForEach failed,2026-08-20T00:29:28.539Z,2026-08-20T02:40:07.937Z,7839,2026-08-20T02:40:07.937Z,B44,Albany,2e0eb052-bb28-45b1-894f-8dc0851c56cc,SAMMS-AlbanyV5
202608200219257352,202608200029237961,202608200029237018,85,1544,Bronze INV,br_AdmissionAssessmentSummary,TASK_COMPLETE,FAILED,ERROR,309,309,1,SaveAdmissionAssessmentSummary Bronze ForEach failed,2026-08-20T00:29:28.539Z,2026-08-20T02:40:07.937Z,7839,2026-08-20T02:40:07.937Z,B45,Tifton,2e0eb052-bb28-45b1-894f-8dc0851c56cc,SAMMS-TiftonV5
202608200219257353,202608200029237962,202608200029237018,85,1545,Bronze INV,br_AdmissionAssessmentSummary,TASK_COMPLETE,FAILED,ERROR,702,702,1,SaveAdmissionAssessmentSummary Bronze ForEach failed,2026-08-20T00:29:28.539Z,2026-08-20T02:40:07.937Z,7839,2026-08-20T02:40:07.937Z,B46,Washington DC,2e0eb052-bb28-45b1-894f-8dc0851c56cc,SAMMS-WashingtonDCv5
202608200219257354,202608200029237963,202608200029237018,85,1546,Bronze INV,br_AdmissionAssessmentSummary,TASK_COMPLETE,FAILED,ERROR,402,402,1,SaveAdmissionAssessmentSummary Bronze ForEach failed,2026-08-20T00:29:28.539Z,2026-08-20T02:40:07.937Z,7839,2026-08-20T02:40:07.937Z,B47,Mobile,2e0eb052-bb28-45b1-894f-8dc0851c56cc,SAMMS-MobileV5
202608200219257355,202608200029237964,202608200029237018,85,1547,Bronze INV,br_AdmissionAssessmentSummary,TASK_COMPLETE,FAILED,ERROR,474,474,1,SaveAdmissionAssessmentSummary Bronze ForEach failed,2026-08-20T00:29:28.539Z,2026-08-20T02:40:07.937Z,7839,2026-08-20T02:40:07.937Z,B48,Tuscaloosa,2e0eb052-bb28-45b1-894f-8dc0851c56cc,SAMMS-TuscaloosaV5
202608200219257356,202608200029237965,202608200029237018,85,1556,Bronze INV,br_AdmissionAssessmentSummary,TASK_COMPLETE,FAILED,ERROR,322,322,1,SaveAdmissionAssessmentSummary Bronze ForEach failed,2026-08-20T00:29:28.539Z,2026-08-20T02:40:07.937Z,7839,2026-08-20T02:40:07.937Z,B51,N. Little Rock (OTP),2e0eb052-bb28-45b1-894f-8dc0851c56cc,SAMMS-NorthLittleRockV6
202608200219257357,202608200029237966,202608200029237018,85,1557,Bronze INV,br_AdmissionAssessmentSummary,TASK_COMPLETE,FAILED,ERROR,165,165,1,SaveAdmissionAssessmentSummary Bronze ForEach failed,2026-08-20T00:29:28.539Z,2026-08-20T02:40:07.937Z,7839,2026-08-20T02:40:07.937Z,B52,Jackson GA,2e0eb052-bb28-45b1-894f-8dc0851c56cc,SAMMS-JacksonGAV5
202608200219257359,202608200029237967,202608200029237018,85,1558,Bronze INV,br_AdmissionAssessmentSummary,TASK_COMPLETE,FAILED,ERROR,506,506,1,SaveAdmissionAssessmentSummary Bronze ForEach failed,2026-08-20T00:29:28.539Z,2026-08-20T02:40:07.937Z,7839,2026-08-20T02:40:07.937Z,B54,Gadsden,2e0eb052-bb28-45b1-894f-8dc0851c56cc,SAMMS-GadsdenV5
202608200219257360,202608200029237968,202608200029237018,85,1559,Bronze INV,br_AdmissionAssessmentSummary,TASK_COMPLETE,FAILED,ERROR,518,518,1,SaveAdmissionAssessmentSummary Bronze ForEach failed,2026-08-20T00:29:28.539Z,2026-08-20T02:40:07.937Z,7839,2026-08-20T02:40:07.937Z,B55,Shoals,2e0eb052-bb28-45b1-894f-8dc0851c56cc,SAMMS-ShoalsV5
202608200219257361,202608200029237969,202608200029237018,85,1560,Bronze INV,br_AdmissionAssessmentSummary,TASK_COMPLETE,FAILED,ERROR,178,178,1,SaveAdmissionAssessmentSummary Bronze ForEach failed,2026-08-20T00:29:28.539Z,2026-08-20T02:40:07.937Z,7839,2026-08-20T02:40:07.937Z,B57,Pawtucket,2e0eb052-bb28-45b1-894f-8dc0851c56cc,SAMMS-Pawtucket
202608200219257362,202608200029237970,202608200029237018,85,1561,Bronze INV,br_AdmissionAssessmentSummary,TASK_COMPLETE,FAILED,ERROR,177,177,1,SaveAdmissionAssessmentSummary Bronze ForEach failed,2026-08-20T00:29:28.539Z,2026-08-20T02:40:07.937Z,7839,2026-08-20T02:40:07.937Z,B57A,Johnston,2e0eb052-bb28-45b1-894f-8dc0851c56cc,SAMMS-Johnston
202608200219257363,202608200029237971,202608200029237018,85,1562,Bronze INV,br_AdmissionAssessmentSummary,TASK_COMPLETE,FAILED,ERROR,98,98,1,SaveAdmissionAssessmentSummary Bronze ForEach failed,2026-08-20T00:29:28.539Z,2026-08-20T02:40:07.937Z,7839,2026-08-20T02:40:07.937Z,B57B,Middletown,2e0eb052-bb28-45b1-894f-8dc0851c56cc,SAMMS-Middletown
202608200219257364,202608200029237972,202608200029237018,85,1563,Bronze INV,br_AdmissionAssessmentSummary,TASK_COMPLETE,FAILED,ERROR,184,184,1,SaveAdmissionAssessmentSummary Bronze ForEach failed,2026-08-20T00:29:28.539Z,2026-08-20T02:40:07.937Z,7839,2026-08-20T02:40:07.937Z,B57C,Providence,2e0eb052-bb28-45b1-894f-8dc0851c56cc,SAMMS-Providence
202608200219257365,202608200029237973,202608200029237018,85,1564,Bronze INV,br_AdmissionAssessmentSummary,TASK_COMPLETE,FAILED,ERROR,263,263,1,SaveAdmissionAssessmentSummary Bronze ForEach failed,2026-08-20T00:29:28.539Z,2026-08-20T02:40:07.937Z,7839,2026-08-20T02:40:07.937Z,B57D,Westerly,2e0eb052-bb28-45b1-894f-8dc0851c56cc,SAMMS-Westerly
202608200219257366,202608200029237974,202608200029237018,85,1568,Bronze INV,br_AdmissionAssessmentSummary,TASK_COMPLETE,FAILED,ERROR,371,371,1,SaveAdmissionAssessmentSummary Bronze ForEach failed,2026-08-20T00:29:28.539Z,2026-08-20T02:40:07.937Z,7839,2026-08-20T02:40:07.937Z,B66A,Bremen,2e0eb052-bb28-45b1-894f-8dc0851c56cc,SAMMS-Bremen
202608200219257368,202608200029237975,202608200029237018,85,1571,Bronze INV,br_AdmissionAssessmentSummary,TASK_COMPLETE,FAILED,ERROR,52,52,1,SaveAdmissionAssessmentSummary Bronze ForEach failed,2026-08-20T00:29:28.539Z,2026-08-20T02:40:07.937Z,7839,2026-08-20T02:40:07.937Z,B72,Mobile (OBOT),2e0eb052-bb28-45b1-894f-8dc0851c56cc,SAMMS-Mobile-OBOT
202608200219257369,202608200029237976,202608200029237018,85,1572,Bronze INV,br_AdmissionAssessmentSummary,TASK_COMPLETE,FAILED,ERROR,4,4,1,SaveAdmissionAssessmentSummary Bronze ForEach failed,2026-08-20T00:29:28.539Z,2026-08-20T02:40:07.937Z,7839,2026-08-20T02:40:07.937Z,B73,Montgomery,2e0eb052-bb28-45b1-894f-8dc0851c56cc,SAMMS-Montgomery
202608200219257370,202608200029237977,202608200029237018,85,1573,Bronze INV,br_AdmissionAssessmentSummary,TASK_COMPLETE,FAILED,ERROR,339,339,1,SaveAdmissionAssessmentSummary Bronze ForEach failed,2026-08-20T00:29:28.539Z,2026-08-20T02:40:07.937Z,7839,2026-08-20T02:40:07.937Z,B75,Lawrence,2e0eb052-bb28-45b1-894f-8dc0851c56cc,SAMMS-LawrenceV6
202608200219257371,202608200029237978,202608200029237018,85,1574,Bronze INV,br_AdmissionAssessmentSummary,TASK_COMPLETE,FAILED,ERROR,53,53,1,SaveAdmissionAssessmentSummary Bronze ForEach failed,2026-08-20T00:29:28.539Z,2026-08-20T02:40:07.937Z,7839,2026-08-20T02:40:07.937Z,B76,Huntsville OBOT,2e0eb052-bb28-45b1-894f-8dc0851c56cc,SAMMS-Huntsville-OBOT
202608200219257372,202608200029237979,202608200029237018,85,1575,Bronze INV,br_AdmissionAssessmentSummary,TASK_COMPLETE,FAILED,ERROR,301,301,1,SaveAdmissionAssessmentSummary Bronze ForEach failed,2026-08-20T00:29:28.539Z,2026-08-20T02:40:07.937Z,7839,2026-08-20T02:40:07.937Z,BAT,Batesville,2e0eb052-bb28-45b1-894f-8dc0851c56cc,SAMMS-Batesville
202608200219257373,202608200029237980,202608200029237018,85,1576,Bronze INV,br_AdmissionAssessmentSummary,TASK_COMPLETE,FAILED,ERROR,246,246,1,SaveAdmissionAssessmentSummary Bronze ForEach failed,2026-08-20T00:29:28.539Z,2026-08-20T02:40:07.937Z,7839,2026-08-20T02:40:07.937Z,BG,Bowling Green,2e0eb052-bb28-45b1-894f-8dc0851c56cc,SAMMS-BowlingGreen
202608200219257375,202608200029237981,202608200029237018,85,1577,Bronze INV,br_AdmissionAssessmentSummary,TASK_COMPLETE,FAILED,ERROR,233,233,1,SaveAdmissionAssessmentSummary Bronze ForEach failed,2026-08-20T00:29:28.539Z,2026-08-20T02:40:07.937Z,7839,2026-08-20T02:40:07.937Z,BOI,Boise,2e0eb052-bb28-45b1-894f-8dc0851c56cc,SAMMS-Boise
202608200219257376,202608200029237982,202608200029237018,85,1584,Bronze INV,br_AdmissionAssessmentSummary,TASK_COMPLETE,FAILED,ERROR,307,307,1,SaveAdmissionAssessmentSummary Bronze ForEach failed,2026-08-20T00:29:28.539Z,2026-08-20T02:40:07.937Z,7839,2026-08-20T02:40:07.937Z,CBCO,Coeur dAlene,2e0eb052-bb28-45b1-894f-8dc0851c56cc,SAMMS-CoeurdAleneV6
202608200219257377,202608200029237983,202608200029237018,85,1603,Bronze INV,br_AdmissionAssessmentSummary,TASK_COMPLETE,FAILED,ERROR,340,340,1,SaveAdmissionAssessmentSummary Bronze ForEach failed,2026-08-20T00:29:28.539Z,2026-08-20T02:40:07.937Z,7839,2026-08-20T02:40:07.937Z,CON,Conway,2e0eb052-bb28-45b1-894f-8dc0851c56cc,SAMMS-Conway
202608200219257378,202608200029237984,202608200029237018,85,1604,Bronze INV,br_AdmissionAssessmentSummary,TASK_COMPLETE,FAILED,ERROR,1637,1637,1,SaveAdmissionAssessmentSummary Bronze ForEach failed,2026-08-20T00:29:28.539Z,2026-08-20T02:40:07.937Z,7839,2026-08-20T02:40:07.937Z,D07,Medical Services Knox TN,2e0eb052-bb28-45b1-894f-8dc0851c56cc,SAMMS-KnoxvilleV6
202608200219257379,202608200029237985,202608200029237018,85,1605,Bronze INV,br_AdmissionAssessmentSummary,TASK_COMPLETE,FAILED,ERROR,1038,1038,1,SaveAdmissionAssessmentSummary Bronze ForEach failed,2026-08-20T00:29:28.539Z,2026-08-20T02:40:07.937Z,7839,2026-08-20T02:40:07.937Z,D08,Madison,2e0eb052-bb28-45b1-894f-8dc0851c56cc,SAMMS-MadisonV6
202608200219257380,202608200029237986,202608200029237018,85,1607,Bronze INV,br_AdmissionAssessmentSummary,TASK_COMPLETE,FAILED,ERROR,987,987,1,SaveAdmissionAssessmentSummary Bronze ForEach failed,2026-08-20T00:29:28.539Z,2026-08-20T02:40:07.937Z,7839,2026-08-20T02:40:07.937Z,D09,Murfreesboro,2e0eb052-bb28-45b1-894f-8dc0851c56cc,SAMMS-MurfreesboroV6
202608200219257381,202608200029237987,202608200029237018,85,1608,Bronze INV,br_AdmissionAssessmentSummary,TASK_COMPLETE,FAILED,ERROR,229,229,1,SaveAdmissionAssessmentSummary Bronze ForEach failed,2026-08-20T00:29:28.539Z,2026-08-20T02:40:07.937Z,7839,2026-08-20T02:40:07.937Z,DA,Davenport,2e0eb052-bb28-45b1-894f-8dc0851c56cc,SAMMS-Davenport
202608200219257382,202608200029237988,202608200029237018,85,1609,Bronze INV,br_AdmissionAssessmentSummary,TASK_COMPLETE,FAILED,ERROR,361,361,1,SaveAdmissionAssessmentSummary Bronze ForEach failed,2026-08-20T00:29:28.539Z,2026-08-20T02:40:07.937Z,7839,2026-08-20T02:40:07.937Z,DM,Des Moines,2e0eb052-bb28-45b1-894f-8dc0851c56cc,SAMMS-DesMoines
202608200219257383,202608200029237989,202608200029237018,85,1611,Bronze INV,br_AdmissionAssessmentSummary,TASK_COMPLETE,FAILED,ERROR,494,494,1,SaveAdmissionAssessmentSummary Bronze ForEach failed,2026-08-20T00:29:28.539Z,2026-08-20T02:40:07.937Z,7839,2026-08-20T02:40:07.937Z,DRD-CO,Columbia MO,2e0eb052-bb28-45b1-894f-8dc0851c56cc,SAMMS-ColumbiaV5
202608200219257385,202608200029237990,202608200029237018,85,1612,Bronze INV,br_AdmissionAssessmentSummary,TASK_COMPLETE,FAILED,ERROR,619,619,1,SaveAdmissionAssessmentSummary Bronze ForEach failed,2026-08-20T00:29:28.539Z,2026-08-20T02:40:07.937Z,7839,2026-08-20T02:40:07.937Z,DRD-KC,KC,2e0eb052-bb28-45b1-894f-8dc0851c56cc,SAMMS-KCv5
202608200219257386,202608200029237991,202608200029237018,85,1613,Bronze INV,br_AdmissionAssessmentSummary,TASK_COMPLETE,FAILED,ERROR,984,984,1,SaveAdmissionAssessmentSummary Bronze ForEach failed,2026-08-20T00:29:28.539Z,2026-08-20T02:40:07.937Z,7839,2026-08-20T02:40:07.937Z,DRD-KVB,KVB,2e0eb052-bb28-45b1-894f-8dc0851c56cc,SAMMS-KVBv5
202608200219257387,202608200029237992,202608200029237018,85,1614,Bronze INV,br_AdmissionAssessmentSummary,TASK_COMPLETE,FAILED,ERROR,1601,1601,1,SaveAdmissionAssessmentSummary Bronze ForEach failed,2026-08-20T00:29:28.539Z,2026-08-20T02:40:07.937Z,7839,2026-08-20T02:40:07.937Z,DRD-KVC,KVC,2e0eb052-bb28-45b1-894f-8dc0851c56cc,SAMMS-KVCv5
202608200219257388,202608200029237993,202608200029237018,85,1615,Bronze INV,br_AdmissionAssessmentSummary,TASK_COMPLETE,FAILED,ERROR,1272,1272,1,SaveAdmissionAssessmentSummary Bronze ForEach failed,2026-08-20T00:29:28.539Z,2026-08-20T02:40:07.937Z,7839,2026-08-20T02:40:07.937Z,DRD-NOLA,NOLA,2e0eb052-bb28-45b1-894f-8dc0851c56cc,SAMMS-NOLAv5
202608200219257389,202608200029237994,202608200029237018,85,1616,Bronze INV,br_AdmissionAssessmentSummary,TASK_COMPLETE,FAILED,ERROR,771,771,1,SaveAdmissionAssessmentSummary Bronze ForEach failed,2026-08-20T00:29:28.539Z,2026-08-20T02:40:07.937Z,7839,2026-08-20T02:40:07.937Z,DRD-SF,Springfield,2e0eb052-bb28-45b1-894f-8dc0851c56cc,SAMMS-SFv5
202608200219257390,202608200029237995,202608200029237018,85,1618,Bronze INV,br_AdmissionAssessmentSummary,TASK_COMPLETE,FAILED,ERROR,283,283,1,SaveAdmissionAssessmentSummary Bronze ForEach failed,2026-08-20T00:29:28.539Z,2026-08-20T02:40:07.937Z,7839,2026-08-20T02:40:07.937Z,ELC,Elizabeth City,2e0eb052-bb28-45b1-894f-8dc0851c56cc,SAMMS-ElizabethCity
202608200219259218,202608200029239393,202608200029237018,85,4034,Bronze INV,br_ReAssessmentPhysicalHealth,TASK_COMPLETE,FAILED,ERROR,153,153,1,SaveReAssessmentPhysicalHealth Bronze ForEach failed,2026-08-20T00:29:28.539Z,2026-08-20T02:40:07.937Z,7839,2026-08-20T02:40:07.937Z,MRD,Meridian,2e0eb052-bb28-45b1-894f-8dc0851c56cc,SAMMS-Meridian
202608200219259219,202608200029239394,202608200029237018,85,4039,Bronze INV,br_ReAssessmentPhysicalHealth,TASK_COMPLETE,FAILED,ERROR,694,694,1,SaveReAssessmentPhysicalHealth Bronze ForEach failed,2026-08-20T00:29:28.539Z,2026-08-20T02:40:07.937Z,7839,2026-08-20T02:40:07.937Z,NC,North Charleston,2e0eb052-bb28-45b1-894f-8dc0851c56cc,SAMMS-NorthCharleston
202608200219259220,202608200029239395,202608200029237018,85,4040,Bronze INV,br_ReAssessmentPhysicalHealth,TASK_COMPLETE,FAILED,ERROR,0,0,1,SaveReAssessmentPhysicalHealth Bronze ForEach failed,2026-08-20T00:29:28.539Z,2026-08-20T02:40:07.937Z,7839,2026-08-20T02:40:07.937Z,NLR,N. Little Rock,2e0eb052-bb28-45b1-894f-8dc0851c56cc,SAMMS-NLROBOT
202608200219259221,202608200029239396,202608200029237018,85,4041,Bronze INV,br_ReAssessmentPhysicalHealth,TASK_COMPLETE,FAILED,ERROR,112,112,1,SaveReAssessmentPhysicalHealth Bronze ForEach failed,2026-08-20T00:29:28.539Z,2026-08-20T02:40:07.937Z,7839,2026-08-20T02:40:07.937Z,PH,Phoenix,2e0eb052-bb28-45b1-894f-8dc0851c56cc,SAMMS-Phoenix
202608200219259222,202608200029239397,202608200029237018,85,4045,Bronze INV,br_ReAssessmentPhysicalHealth,TASK_COMPLETE,FAILED,ERROR,216,216,1,SaveReAssessmentPhysicalHealth Bronze ForEach failed,2026-08-20T00:29:28.539Z,2026-08-20T02:40:07.937Z,7839,2026-08-20T02:40:07.937Z,RE,Reno,2e0eb052-bb28-45b1-894f-8dc0851c56cc,SAMMS-Reno
202608200219259223,202608200029239398,202608200029237018,85,4046,Bronze INV,br_ReAssessmentPhysicalHealth,TASK_COMPLETE,FAILED,ERROR,88,88,1,SaveReAssessmentPhysicalHealth Bronze ForEach failed,2026-08-20T00:29:28.539Z,2026-08-20T02:40:07.937Z,7839,2026-08-20T02:40:07.937Z,RMD,Richmond,2e0eb052-bb28-45b1-894f-8dc0851c56cc,SAMMS-Richmond
202608200219259224,202608200029239399,202608200029237018,85,4047,Bronze INV,br_ReAssessmentPhysicalHealth,TASK_COMPLETE,FAILED,ERROR,589,589,1,SaveReAssessmentPhysicalHealth Bronze ForEach failed,2026-08-20T00:29:28.539Z,2026-08-20T02:40:07.937Z,7839,2026-08-20T02:40:07.937Z,SFN,Springfield North,2e0eb052-bb28-45b1-894f-8dc0851c56cc,SAMMS-SFNv5
202608200219259226,202608200029239400,202608200029237018,85,4048,Bronze INV,br_ReAssessmentPhysicalHealth,TASK_COMPLETE,FAILED,ERROR,769,769,1,SaveReAssessmentPhysicalHealth Bronze ForEach failed,2026-08-20T00:29:28.539Z,2026-08-20T02:40:07.937Z,7839,2026-08-20T02:40:07.937Z,SHP,Shreveport,2e0eb052-bb28-45b1-894f-8dc0851c56cc,SAMMS-Shreveport
202608200219259227,202608200029239401,202608200029237018,85,4050,Bronze INV,br_ReAssessmentPhysicalHealth,TASK_COMPLETE,FAILED,ERROR,486,486,1,SaveReAssessmentPhysicalHealth Bronze ForEach failed,2026-08-20T00:29:28.539Z,2026-08-20T02:40:07.937Z,7839,2026-08-20T02:40:07.937Z,STN,Staunton,2e0eb052-bb28-45b1-894f-8dc0851c56cc,SAMMS-Staunton
202608200219259228,202608200029239402,202608200029237018,85,4051,Bronze INV,br_ReAssessmentPhysicalHealth,TASK_COMPLETE,FAILED,ERROR,225,225,1,SaveReAssessmentPhysicalHealth Bronze ForEach failed,2026-08-20T00:29:28.539Z,2026-08-20T02:40:07.937Z,7839,2026-08-20T02:40:07.937Z,STVN,Stevenson,2e0eb052-bb28-45b1-894f-8dc0851c56cc,SAMMS-Stevenson
202608200219259229,202608200029239403,202608200029237018,85,4053,Bronze INV,br_ReAssessmentPhysicalHealth,TASK_COMPLETE,FAILED,ERROR,174,174,1,SaveReAssessmentPhysicalHealth Bronze ForEach failed,2026-08-20T00:29:28.539Z,2026-08-20T02:40:07.937Z,7839,2026-08-20T02:40:07.937Z,TE,Tempe,2e0eb052-bb28-45b1-894f-8dc0851c56cc,SAMMS-Tempe
202608200219259230,202608200029239404,202608200029237018,85,4054,Bronze INV,br_ReAssessmentPhysicalHealth,TASK_COMPLETE,FAILED,ERROR,0,0,1,SaveReAssessmentPhysicalHealth Bronze ForEach failed,2026-08-20T00:29:28.539Z,2026-08-20T02:40:07.937Z,7839,2026-08-20T02:40:07.937Z,TEX,Texarkana,2e0eb052-bb28-45b1-894f-8dc0851c56cc,SAMMS-Texarkana
202608200219259231,202608200029239405,202608200029237018,85,4055,Bronze INV,br_ReAssessmentPhysicalHealth,TASK_COMPLETE,FAILED,ERROR,1084,1084,1,SaveReAssessmentPhysicalHealth Bronze ForEach failed,2026-08-20T00:29:28.539Z,2026-08-20T02:40:07.937Z,7839,2026-08-20T02:40:07.937Z,TTCA,Bessemer,2e0eb052-bb28-45b1-894f-8dc0851c56cc,SAMMS-BessemerV5
202608200219259233,202608200029239406,202608200029237018,85,4056,Bronze INV,br_ReAssessmentPhysicalHealth,TASK_COMPLETE,FAILED,ERROR,1321,1321,1,SaveReAssessmentPhysicalHealth Bronze ForEach failed,2026-08-20T00:29:28.539Z,2026-08-20T02:40:07.937Z,7839,2026-08-20T02:40:07.937Z,TTCB,Cullman,2e0eb052-bb28-45b1-894f-8dc0851c56cc,SAMMS-CullmanV5
202608200219259234,202608200029239407,202608200029237018,85,4057,Bronze INV,br_ReAssessmentPhysicalHealth,TASK_COMPLETE,FAILED,ERROR,945,945,1,SaveReAssessmentPhysicalHealth Bronze ForEach failed,2026-08-20T00:29:28.539Z,2026-08-20T02:40:07.937Z,7839,2026-08-20T02:40:07.937Z,TTCC,Grand Bay,2e0eb052-bb28-45b1-894f-8dc0851c56cc,SAMMS-GrandBay
202608200219259235,202608200029239408,202608200029237018,85,4058,Bronze INV,br_ReAssessmentPhysicalHealth,TASK_COMPLETE,FAILED,ERROR,15,15,1,SaveReAssessmentPhysicalHealth Bronze ForEach failed,2026-08-20T00:29:28.539Z,2026-08-20T02:40:07.937Z,7839,2026-08-20T02:40:07.937Z,TU,Tucson,2e0eb052-bb28-45b1-894f-8dc0851c56cc,SAMMS-Tucson
202608200219259236,202608200029239409,202608200029237018,85,4060,Bronze INV,br_ReAssessmentPhysicalHealth,TASK_COMPLETE,FAILED,ERROR,661,661,1,SaveReAssessmentPhysicalHealth Bronze ForEach failed,2026-08-20T00:29:28.539Z,2026-08-20T02:40:07.937Z,7839,2026-08-20T02:40:07.937Z,V1,Memphis South,2e0eb052-bb28-45b1-894f-8dc0851c56cc,SAMMS-VCPHCS-I-MemphisV5
202608200219259237,202608200029239410,202608200029237018,85,4061,Bronze INV,br_ReAssessmentPhysicalHealth,TASK_COMPLETE,FAILED,ERROR,1630,1630,1,SaveReAssessmentPhysicalHealth Bronze ForEach failed,2026-08-20T00:29:28.539Z,2026-08-20T02:40:07.937Z,7839,2026-08-20T02:40:07.937Z,V10,Longmont,2e0eb052-bb28-45b1-894f-8dc0851c56cc,SAMMS-BoulderV5
202608200219259238,202608200029239411,202608200029237018,85,4062,Bronze INV,br_ReAssessmentPhysicalHealth,TASK_COMPLETE,FAILED,ERROR,1517,1517,1,SaveReAssessmentPhysicalHealth Bronze ForEach failed,2026-08-20T00:29:28.539Z,2026-08-20T02:40:07.937Z,7839,2026-08-20T02:40:07.937Z,V10A,Fort Collins,2e0eb052-bb28-45b1-894f-8dc0851c56cc,SAMMS-FortCollinsV5
202608200219259239,202608200029239412,202608200029237018,85,4063,Bronze INV,br_ReAssessmentPhysicalHealth,TASK_COMPLETE,FAILED,ERROR,2876,2876,1,SaveReAssessmentPhysicalHealth Bronze ForEach failed,2026-08-20T00:29:28.539Z,2026-08-20T02:40:07.937Z,7839,2026-08-20T02:40:07.937Z,V11,Westminster,2e0eb052-bb28-45b1-894f-8dc0851c56cc,SAMMS-VCPHCS-XI-NorthDenverV5
202608200219259241,202608200029239413,202608200029237018,85,4064,Bronze INV,br_ReAssessmentPhysicalHealth,TASK_COMPLETE,FAILED,ERROR,3046,3046,1,SaveReAssessmentPhysicalHealth Bronze ForEach failed,2026-08-20T00:29:28.539Z,2026-08-20T02:40:07.937Z,7839,2026-08-20T02:40:07.937Z,V12,Downtown Denver,2e0eb052-bb28-45b1-894f-8dc0851c56cc,SAMMS-VCPHCS-XII-DowntownDenverV5
202608200219259242,202608200029239414,202608200029237018,85,4065,Bronze INV,br_ReAssessmentPhysicalHealth,TASK_COMPLETE,FAILED,ERROR,1144,1144,1,SaveReAssessmentPhysicalHealth Bronze ForEach failed,2026-08-20T00:29:28.539Z,2026-08-20T02:40:07.937Z,7839,2026-08-20T02:40:07.937Z,V12A,Centennial,2e0eb052-bb28-45b1-894f-8dc0851c56cc,SAMMS-CentennialV5
202608200219259243,202608200029239415,202608200029237018,85,4066,Bronze INV,br_ReAssessmentPhysicalHealth,TASK_COMPLETE,FAILED,ERROR,295,295,1,SaveReAssessmentPhysicalHealth Bronze ForEach failed,2026-08-20T00:29:28.539Z,2026-08-20T02:40:07.937Z,7839,2026-08-20T02:40:07.937Z,V14,Overland Park,2e0eb052-bb28-45b1-894f-8dc0851c56cc,SAMMS-VCPHCS-XIV-BridgewayV5
202608200219259244,202608200029239416,202608200029237018,85,4067,Bronze INV,br_ReAssessmentPhysicalHealth,TASK_COMPLETE,FAILED,ERROR,609,609,1,SaveReAssessmentPhysicalHealth Bronze ForEach failed,2026-08-20T00:29:28.539Z,2026-08-20T02:40:07.937Z,7839,2026-08-20T02:40:07.937Z,V15,Joplin,2e0eb052-bb28-45b1-894f-8dc0851c56cc,SAMMS-JoplinV5
202608200219259245,202608200029239417,202608200029237018,85,4069,Bronze INV,br_ReAssessmentPhysicalHealth,TASK_COMPLETE,FAILED,ERROR,906,906,1,SaveReAssessmentPhysicalHealth Bronze ForEach failed,2026-08-20T00:29:28.539Z,2026-08-20T02:40:07.937Z,7839,2026-08-20T02:40:07.937Z,V17,Columbia TN,2e0eb052-bb28-45b1-894f-8dc0851c56cc,SAMMS-ColumbiaTNv5
202608200219259246,202608200029239418,202608200029237018,85,4071,Bronze INV,br_ReAssessmentPhysicalHealth,TASK_COMPLETE,FAILED,ERROR,534,534,1,SaveReAssessmentPhysicalHealth Bronze ForEach failed,2026-08-20T00:29:28.539Z,2026-08-20T02:40:07.937Z,7839,2026-08-20T02:40:07.937Z,V19,Jackson,2e0eb052-bb28-45b1-894f-8dc0851c56cc,SAMMS-JacksonV5
202608200219259247,202608200029239419,202608200029237018,85,4073,Bronze INV,br_ReAssessmentPhysicalHealth,TASK_COMPLETE,FAILED,ERROR,1776,1776,1,SaveReAssessmentPhysicalHealth Bronze ForEach failed,2026-08-20T00:29:28.539Z,2026-08-20T02:40:07.937Z,7839,2026-08-20T02:40:07.937Z,V20,Paris,2e0eb052-bb28-45b1-894f-8dc0851c56cc,SAMMS-ParisV5
202608200219259248,202608200029239420,202608200029237018,85,4074,Bronze INV,br_ReAssessmentPhysicalHealth,TASK_COMPLETE,FAILED,ERROR,723,723,1,SaveReAssessmentPhysicalHealth Bronze ForEach failed,2026-08-20T00:29:28.539Z,2026-08-20T02:40:07.937Z,7839,2026-08-20T02:40:07.937Z,V21,Memphis North,2e0eb052-bb28-45b1-894f-8dc0851c56cc,SAMMS-RaleighV5
202608200219259249,202608200029239421,202608200029237018,85,4077,Bronze INV,br_ReAssessmentPhysicalHealth,TASK_COMPLETE,FAILED,ERROR,1786,1786,1,SaveReAssessmentPhysicalHealth Bronze ForEach failed,2026-08-20T00:29:28.539Z,2026-08-20T02:40:07.937Z,7839,2026-08-20T02:40:07.937Z,V5,West Bank,2e0eb052-bb28-45b1-894f-8dc0851c56cc,SAMMS-NONTCv5
202608200219259251,202608200029239422,202608200029237018,85,4079,Bronze INV,br_ReAssessmentPhysicalHealth,TASK_COMPLETE,FAILED,ERROR,146,146,1,SaveReAssessmentPhysicalHealth Bronze ForEach failed,2026-08-20T00:29:28.539Z,2026-08-20T02:40:07.937Z,7839,2026-08-20T02:40:07.937Z,V5B,Houma,2e0eb052-bb28-45b1-894f-8dc0851c56cc,SAMMS-HoumaV6
202608200219259252,202608200029239423,202608200029237018,85,4080,Bronze INV,br_ReAssessmentPhysicalHealth,TASK_COMPLETE,FAILED,ERROR,1917,1917,1,SaveReAssessmentPhysicalHealth Bronze ForEach failed,2026-08-20T00:29:28.539Z,2026-08-20T02:40:07.937Z,7839,2026-08-20T02:40:07.937Z,V6,Lake Charles,2e0eb052-bb28-45b1-894f-8dc0851c56cc,SAMMS-LCv5
202608200219259253,202608200029239424,202608200029237018,85,4082,Bronze INV,br_ReAssessmentPhysicalHealth,TASK_COMPLETE,FAILED,ERROR,744,744,1,SaveReAssessmentPhysicalHealth Bronze ForEach failed,2026-08-20T00:29:28.539Z,2026-08-20T02:40:07.937Z,7839,2026-08-20T02:40:07.937Z,V8,Memphis Midtown,2e0eb052-bb28-45b1-894f-8dc0851c56cc,SAMMS-VCPHCS-VIII-MemphisV5
202608200219259254,202608200029239425,202608200029237018,85,4083,Bronze INV,br_ReAssessmentPhysicalHealth,TASK_COMPLETE,FAILED,ERROR,1769,1769,1,SaveReAssessmentPhysicalHealth Bronze ForEach failed,2026-08-20T00:29:28.539Z,2026-08-20T02:40:07.937Z,7839,2026-08-20T02:40:07.937Z,V9,Nashville,2e0eb052-bb28-45b1-894f-8dc0851c56cc,SAMMS-NashvilleV5
202608200219259255,202608200029239426,202608200029237018,85,4084,Bronze INV,br_ReAssessmentPhysicalHealth,TASK_COMPLETE,FAILED,ERROR,842,842,1,SaveReAssessmentPhysicalHealth Bronze ForEach failed,2026-08-20T00:29:28.539Z,2026-08-20T02:40:07.937Z,7839,2026-08-20T02:40:07.937Z,VBRA,Brainerd,2e0eb052-bb28-45b1-894f-8dc0851c56cc,SAMMS-BrainerdV6
202608200219259256,202608200029239427,202608200029237018,85,4085,Bronze INV,br_ReAssessmentPhysicalHealth,TASK_COMPLETE,FAILED,ERROR,1965,1965,1,SaveReAssessmentPhysicalHealth Bronze ForEach failed,2026-08-20T00:29:28.539Z,2026-08-20T02:40:07.937Z,7839,2026-08-20T02:40:07.937Z,VBRP,Brooklyn Park,2e0eb052-bb28-45b1-894f-8dc0851c56cc,SAMMS-BrooklynParkV6
202608200219259258,202608200029239428,202608200029237018,85,4087,Bronze INV,br_ReAssessmentPhysicalHealth,TASK_COMPLETE,FAILED,ERROR,746,746,1,SaveReAssessmentPhysicalHealth Bronze ForEach failed,2026-08-20T00:29:28.539Z,2026-08-20T02:40:07.937Z,7839,2026-08-20T02:40:07.937Z,VMIN,Minneapolis,2e0eb052-bb28-45b1-894f-8dc0851c56cc,SAMMS-MinneapolisV6
202608200219259259,202608200029239429,202608200029237018,85,4088,Bronze INV,br_ReAssessmentPhysicalHealth,TASK_COMPLETE,FAILED,ERROR,889,889,1,SaveReAssessmentPhysicalHealth Bronze ForEach failed,2026-08-20T00:29:28.539Z,2026-08-20T02:40:07.937Z,7839,2026-08-20T02:40:07.937Z,VWBY,Woodbury,2e0eb052-bb28-45b1-894f-8dc0851c56cc,SAMMS-WoodburyV6
202608200219259260,202608200029239430,202608200029237018,85,4090,Bronze INV,br_ReAssessmentPhysicalHealth,TASK_COMPLETE,FAILED,ERROR,161,161,1,SaveReAssessmentPhysicalHealth Bronze ForEach failed,2026-08-20T00:29:28.539Z,2026-08-20T02:40:07.937Z,7839,2026-08-20T02:40:07.937Z,WIL,Wilson,2e0eb052-bb28-45b1-894f-8dc0851c56cc,SAMMS-Wilson
202608200219258616,202608200029239056,202608200029237018,85,3314,Bronze INV,br_ReAssessmentFamily,TASK_COMPLETE,FAILED,ERROR,484,484,1,SaveReAssessmentFamily Bronze ForEach failed,2026-08-20T00:29:28.539Z,2026-08-20T02:40:07.937Z,7839,2026-08-20T02:40:07.937Z,STN,Staunton,2e0eb052-bb28-45b1-894f-8dc0851c56cc,SAMMS-Staunton
202608200219258618,202608200029239057,202608200029237018,85,3315,Bronze INV,br_ReAssessmentFamily,TASK_COMPLETE,FAILED,ERROR,225,225,1,SaveReAssessmentFamily Bronze ForEach failed,2026-08-20T00:29:28.539Z,2026-08-20T02:40:07.937Z,7839,2026-08-20T02:40:07.937Z,STVN,Stevenson,2e0eb052-bb28-45b1-894f-8dc0851c56cc,SAMMS-Stevenson
202608200219258619,202608200029239058,202608200029237018,85,3317,Bronze INV,br_ReAssessmentFamily,TASK_COMPLETE,FAILED,ERROR,173,173,1,SaveReAssessmentFamily Bronze ForEach failed,2026-08-20T00:29:28.539Z,2026-08-20T02:40:07.937Z,7839,2026-08-20T02:40:07.937Z,TE,Tempe,2e0eb052-bb28-45b1-894f-8dc0851c56cc,SAMMS-Tempe
202608200219258620,202608200029239059,202608200029237018,85,3318,Bronze INV,br_ReAssessmentFamily,TASK_COMPLETE,FAILED,ERROR,0,0,1,SaveReAssessmentFamily Bronze ForEach failed,2026-08-20T00:29:28.539Z,2026-08-20T02:40:07.937Z,7839,2026-08-20T02:40:07.937Z,TEX,Texarkana,2e0eb052-bb28-45b1-894f-8dc0851c56cc,SAMMS-Texarkana
202608200219258621,202608200029239060,202608200029237018,85,3319,Bronze INV,br_ReAssessmentFamily,TASK_COMPLETE,FAILED,ERROR,1079,1079,1,SaveReAssessmentFamily Bronze ForEach failed,2026-08-20T00:29:28.539Z,2026-08-20T02:40:07.937Z,7839,2026-08-20T02:40:07.937Z,TTCA,Bessemer,2e0eb052-bb28-45b1-894f-8dc0851c56cc,SAMMS-BessemerV5
202608200219258622,202608200029239061,202608200029237018,85,3320,Bronze INV,br_ReAssessmentFamily,TASK_COMPLETE,FAILED,ERROR,1317,1317,1,SaveReAssessmentFamily Bronze ForEach failed,2026-08-20T00:29:28.539Z,2026-08-20T02:40:07.937Z,7839,2026-08-20T02:40:07.937Z,TTCB,Cullman,2e0eb052-bb28-45b1-894f-8dc0851c56cc,SAMMS-CullmanV5
202608200219258623,202608200029239062,202608200029237018,85,3321,Bronze INV,br_ReAssessmentFamily,TASK_COMPLETE,FAILED,ERROR,944,944,1,SaveReAssessmentFamily Bronze ForEach failed,2026-08-20T00:29:28.539Z,2026-08-20T02:40:07.937Z,7839,2026-08-20T02:40:07.937Z,TTCC,Grand Bay,2e0eb052-bb28-45b1-894f-8dc0851c56cc,SAMMS-GrandBay
202608200219258625,202608200029239063,202608200029237018,85,3322,Bronze INV,br_ReAssessmentFamily,TASK_COMPLETE,FAILED,ERROR,15,15,1,SaveReAssessmentFamily Bronze ForEach failed,2026-08-20T00:29:28.539Z,2026-08-20T02:40:07.937Z,7839,2026-08-20T02:40:07.937Z,TU,Tucson,2e0eb052-bb28-45b1-894f-8dc0851c56cc,SAMMS-Tucson
202608200219258626,202608200029239064,202608200029237018,85,3324,Bronze INV,br_ReAssessmentFamily,TASK_COMPLETE,FAILED,ERROR,660,660,1,SaveReAssessmentFamily Bronze ForEach failed,2026-08-20T00:29:28.539Z,2026-08-20T02:40:07.937Z,7839,2026-08-20T02:40:07.937Z,V1,Memphis South,2e0eb052-bb28-45b1-894f-8dc0851c56cc,SAMMS-VCPHCS-I-MemphisV5
202608200219258627,202608200029239065,202608200029237018,85,3325,Bronze INV,br_ReAssessmentFamily,TASK_COMPLETE,FAILED,ERROR,1628,1628,1,SaveReAssessmentFamily Bronze ForEach failed,2026-08-20T00:29:28.539Z,2026-08-20T02:40:07.937Z,7839,2026-08-20T02:40:07.937Z,V10,Longmont,2e0eb052-bb28-45b1-894f-8dc0851c56cc,SAMMS-BoulderV5
202608200219258628,202608200029239066,202608200029237018,85,3326,Bronze INV,br_ReAssessmentFamily,TASK_COMPLETE,FAILED,ERROR,1513,1513,1,SaveReAssessmentFamily Bronze ForEach failed,2026-08-20T00:29:28.539Z,2026-08-20T02:40:07.937Z,7839,2026-08-20T02:40:07.937Z,V10A,Fort Collins,2e0eb052-bb28-45b1-894f-8dc0851c56cc,SAMMS-FortCollinsV5
202608200219258629,202608200029239067,202608200029237018,85,3327,Bronze INV,br_ReAssessmentFamily,TASK_COMPLETE,FAILED,ERROR,2870,2870,1,SaveReAssessmentFamily Bronze ForEach failed,2026-08-20T00:29:28.539Z,2026-08-20T02:40:07.937Z,7839,2026-08-20T02:40:07.937Z,V11,Westminster,2e0eb052-bb28-45b1-894f-8dc0851c56cc,SAMMS-VCPHCS-XI-NorthDenverV5
202608200219258630,202608200029239068,202608200029237018,85,3328,Bronze INV,br_ReAssessmentFamily,TASK_COMPLETE,FAILED,ERROR,3037,3037,1,SaveReAssessmentFamily Bronze ForEach failed,2026-08-20T00:29:28.539Z,2026-08-20T02:40:07.937Z,7839,2026-08-20T02:40:07.937Z,V12,Downtown Denver,2e0eb052-bb28-45b1-894f-8dc0851c56cc,SAMMS-VCPHCS-XII-DowntownDenverV5
202608200219258631,202608200029239069,202608200029237018,85,3329,Bronze INV,br_ReAssessmentFamily,TASK_COMPLETE,FAILED,ERROR,1141,1141,1,SaveReAssessmentFamily Bronze ForEach failed,2026-08-20T00:29:28.539Z,2026-08-20T02:40:07.937Z,7839,2026-08-20T02:40:07.937Z,V12A,Centennial,2e0eb052-bb28-45b1-894f-8dc0851c56cc,SAMMS-CentennialV5
202608200219258632,202608200029239070,202608200029237018,85,3330,Bronze INV,br_ReAssessmentFamily,TASK_COMPLETE,FAILED,ERROR,294,294,1,SaveReAssessmentFamily Bronze ForEach failed,2026-08-20T00:29:28.539Z,2026-08-20T02:40:07.937Z,7839,2026-08-20T02:40:07.937Z,V14,Overland Park,2e0eb052-bb28-45b1-894f-8dc0851c56cc,SAMMS-VCPHCS-XIV-BridgewayV5
202608200219258633,202608200029239071,202608200029237018,85,3331,Bronze INV,br_ReAssessmentFamily,TASK_COMPLETE,FAILED,ERROR,610,610,1,SaveReAssessmentFamily Bronze ForEach failed,2026-08-20T00:29:28.539Z,2026-08-20T02:40:07.937Z,7839,2026-08-20T02:40:07.937Z,V15,Joplin,2e0eb052-bb28-45b1-894f-8dc0851c56cc,SAMMS-JoplinV5
202608200219258635,202608200029239072,202608200029237018,85,3333,Bronze INV,br_ReAssessmentFamily,TASK_COMPLETE,FAILED,ERROR,903,903,1,SaveReAssessmentFamily Bronze ForEach failed,2026-08-20T00:29:28.539Z,2026-08-20T02:40:07.937Z,7839,2026-08-20T02:40:07.937Z,V17,Columbia TN,2e0eb052-bb28-45b1-894f-8dc0851c56cc,SAMMS-ColumbiaTNv5
202608200219258636,202608200029239073,202608200029237018,85,3335,Bronze INV,br_ReAssessmentFamily,TASK_COMPLETE,FAILED,ERROR,533,533,1,SaveReAssessmentFamily Bronze ForEach failed,2026-08-20T00:29:28.539Z,2026-08-20T02:40:07.937Z,7839,2026-08-20T02:40:07.937Z,V19,Jackson,2e0eb052-bb28-45b1-894f-8dc0851c56cc,SAMMS-JacksonV5
202608200219258637,202608200029239074,202608200029237018,85,3337,Bronze INV,br_ReAssessmentFamily,TASK_COMPLETE,FAILED,ERROR,1768,1768,1,SaveReAssessmentFamily Bronze ForEach failed,2026-08-20T00:29:28.539Z,2026-08-20T02:40:07.937Z,7839,2026-08-20T02:40:07.937Z,V20,Paris,2e0eb052-bb28-45b1-894f-8dc0851c56cc,SAMMS-ParisV5
202608200219258638,202608200029239075,202608200029237018,85,3338,Bronze INV,br_ReAssessmentFamily,TASK_COMPLETE,FAILED,ERROR,723,723,1,SaveReAssessmentFamily Bronze ForEach failed,2026-08-20T00:29:28.539Z,2026-08-20T02:40:07.937Z,7839,2026-08-20T02:40:07.937Z,V21,Memphis North,2e0eb052-bb28-45b1-894f-8dc0851c56cc,SAMMS-RaleighV5
202608200219258639,202608200029239076,202608200029237018,85,3341,Bronze INV,br_ReAssessmentFamily,TASK_COMPLETE,FAILED,ERROR,1780,1780,1,SaveReAssessmentFamily Bronze ForEach failed,2026-08-20T00:29:28.539Z,2026-08-20T02:40:07.937Z,7839,2026-08-20T02:40:07.937Z,V5,West Bank,2e0eb052-bb28-45b1-894f-8dc0851c56cc,SAMMS-NONTCv5
202608200219258640,202608200029239077,202608200029237018,85,3343,Bronze INV,br_ReAssessmentFamily,TASK_COMPLETE,FAILED,ERROR,144,144,1,SaveReAssessmentFamily Bronze ForEach failed,2026-08-20T00:29:28.539Z,2026-08-20T02:40:07.937Z,7839,2026-08-20T02:40:07.937Z,V5B,Houma,2e0eb052-bb28-45b1-894f-8dc0851c56cc,SAMMS-HoumaV6
202608200219258641,202608200029239078,202608200029237018,85,3344,Bronze INV,br_ReAssessmentFamily,TASK_COMPLETE,FAILED,ERROR,1910,1910,1,SaveReAssessmentFamily Bronze ForEach failed,2026-08-20T00:29:28.539Z,2026-08-20T02:40:07.937Z,7839,2026-08-20T02:40:07.937Z,V6,Lake Charles,2e0eb052-bb28-45b1-894f-8dc0851c56cc,SAMMS-LCv5
202608200219258642,202608200029239079,202608200029237018,85,3346,Bronze INV,br_ReAssessmentFamily,TASK_COMPLETE,FAILED,ERROR,741,741,1,SaveReAssessmentFamily Bronze ForEach failed,2026-08-20T00:29:28.539Z,2026-08-20T02:40:07.937Z,7839,2026-08-20T02:40:07.937Z,V8,Memphis Midtown,2e0eb052-bb28-45b1-894f-8dc0851c56cc,SAMMS-VCPHCS-VIII-MemphisV5
202608200219258643,202608200029239080,202608200029237018,85,3347,Bronze INV,br_ReAssessmentFamily,TASK_COMPLETE,FAILED,ERROR,1763,1763,1,SaveReAssessmentFamily Bronze ForEach failed,2026-08-20T00:29:28.539Z,2026-08-20T02:40:07.937Z,7839,2026-08-20T02:40:07.937Z,V9,Nashville,2e0eb052-bb28-45b1-894f-8dc0851c56cc,SAMMS-NashvilleV5
202608200219258644,202608200029239081,202608200029237018,85,3348,Bronze INV,br_ReAssessmentFamily,TASK_COMPLETE,FAILED,ERROR,838,838,1,SaveReAssessmentFamily Bronze ForEach failed,2026-08-20T00:29:28.539Z,2026-08-20T02:40:07.937Z,7839,2026-08-20T02:40:07.937Z,VBRA,Brainerd,2e0eb052-bb28-45b1-894f-8dc0851c56cc,SAMMS-BrainerdV6
202608200219258646,202608200029239082,202608200029237018,85,3349,Bronze INV,br_ReAssessmentFamily,TASK_COMPLETE,FAILED,ERROR,1958,1958,1,SaveReAssessmentFamily Bronze ForEach failed,2026-08-20T00:29:28.539Z,2026-08-20T02:40:07.937Z,7839,2026-08-20T02:40:07.937Z,VBRP,Brooklyn Park,2e0eb052-bb28-45b1-894f-8dc0851c56cc,SAMMS-BrooklynParkV6
202608200219258647,202608200029239083,202608200029237018,85,3351,Bronze INV,br_ReAssessmentFamily,TASK_COMPLETE,FAILED,ERROR,745,745,1,SaveReAssessmentFamily Bronze ForEach failed,2026-08-20T00:29:28.539Z,2026-08-20T02:40:07.937Z,7839,2026-08-20T02:40:07.937Z,VMIN,Minneapolis,2e0eb052-bb28-45b1-894f-8dc0851c56cc,SAMMS-MinneapolisV6
202608200219258648,202608200029239084,202608200029237018,85,3352,Bronze INV,br_ReAssessmentFamily,TASK_COMPLETE,FAILED,ERROR,884,884,1,SaveReAssessmentFamily Bronze ForEach failed,2026-08-20T00:29:28.539Z,2026-08-20T02:40:07.937Z,7839,2026-08-20T02:40:07.937Z,VWBY,Woodbury,2e0eb052-bb28-45b1-894f-8dc0851c56cc,SAMMS-WoodburyV6
202608200219258649,202608200029239085,202608200029237018,85,3354,Bronze INV,br_ReAssessmentFamily,TASK_COMPLETE,FAILED,ERROR,161,161,1,SaveReAssessmentFamily Bronze ForEach failed,2026-08-20T00:29:28.539Z,2026-08-20T02:40:07.937Z,7839,2026-08-20T02:40:07.937Z,WIL,Wilson,2e0eb052-bb28-45b1-894f-8dc0851c56cc,SAMMS-Wilson
202608200219258751,202608200029337028,202608200029337018,86,5729,Silver INV,sl_ReAssessmentFamily,TASK_COMPLETE,SKIPPED,WARN,0,0,0,Skipped: SaveReAssessmentFamily failed at BR,2026-08-20T00:29:28.539Z,2026-08-20T02:40:07.937Z,7839,2026-08-20T02:40:07.937Z,,,2e0eb052-bb28-45b1-894f-8dc0851c56cc,
202608200219258670,202608200029239086,202608200029237018,85,3358,Bronze INV,br_ReAssessmentLegal,TASK_COMPLETE,FAILED,ERROR,35,35,1,SaveReAssessmentLegal Bronze ForEach failed,2026-08-20T00:29:28.539Z,2026-08-20T02:40:07.937Z,7839,2026-08-20T02:40:07.937Z,AHK,Ahoskie,2e0eb052-bb28-45b1-894f-8dc0851c56cc,SAMMS-Ahoskie
202608200219258671,202608200029239087,202608200029237018,85,3359,Bronze INV,br_ReAssessmentLegal,TASK_COMPLETE,FAILED,ERROR,661,661,1,SaveReAssessmentLegal Bronze ForEach failed,2026-08-20T00:29:28.539Z,2026-08-20T02:40:07.937Z,7839,2026-08-20T02:40:07.937Z,B12B,Colorado Springs,2e0eb052-bb28-45b1-894f-8dc0851c56cc,SAMMS-ColoradoSpringsV5
202608200219258672,202608200029239088,202608200029237018,85,3360,Bronze INV,br_ReAssessmentLegal,TASK_COMPLETE,FAILED,ERROR,828,828,1,SaveReAssessmentLegal Bronze ForEach failed,2026-08-20T00:29:28.539Z,2026-08-20T02:40:07.937Z,7839,2026-08-20T02:40:07.937Z,B24,Paintsville,2e0eb052-bb28-45b1-894f-8dc0851c56cc,SAMMS-PaintsvilleV5
202608200219258673,202608200029239089,202608200029237018,85,3361,Bronze INV,br_ReAssessmentLegal,TASK_COMPLETE,FAILED,ERROR,646,646,1,SaveReAssessmentLegal Bronze ForEach failed,2026-08-20T00:29:28.539Z,2026-08-20T02:40:07.937Z,7839,2026-08-20T02:40:07.937Z,B25,Pikeville,2e0eb052-bb28-45b1-894f-8dc0851c56cc,SAMMS-PikevilleV5
202608200219258674,202608200029239090,202608200029237018,85,3362,Bronze INV,br_ReAssessmentLegal,TASK_COMPLETE,FAILED,ERROR,971,971,1,SaveReAssessmentLegal Bronze ForEach failed,2026-08-20T00:29:28.539Z,2026-08-20T02:40:07.937Z,7839,2026-08-20T02:40:07.937Z,B26,Hazard,2e0eb052-bb28-45b1-894f-8dc0851c56cc,SAMMS-HazardV5
202608200219258676,202608200029239091,202608200029237018,85,3363,Bronze INV,br_ReAssessmentLegal,TASK_COMPLETE,FAILED,ERROR,530,530,1,SaveReAssessmentLegal Bronze ForEach failed,2026-08-20T00:29:28.539Z,2026-08-20T02:40:07.937Z,7839,2026-08-20T02:40:07.937Z,B27,Savannah,2e0eb052-bb28-45b1-894f-8dc0851c56cc,SAMMS-SavannahV6
202608200219258677,202608200029239092,202608200029237018,85,3364,Bronze INV,br_ReAssessmentLegal,TASK_COMPLETE,FAILED,ERROR,245,245,1,SaveReAssessmentLegal Bronze ForEach failed,2026-08-20T00:29:28.539Z,2026-08-20T02:40:07.937Z,7839,2026-08-20T02:40:07.937Z,B28,West Plains,2e0eb052-bb28-45b1-894f-8dc0851c56cc,SAMMS-WestPlainesV5
202608200219258764,202608200029239169,202608200029237018,85,3495,Bronze INV,br_ReAssessmentLegal,TASK_COMPLETE,FAILED,ERROR,588,588,1,SaveReAssessmentLegal Bronze ForEach failed,2026-08-20T00:29:28.539Z,2026-08-20T02:40:07.937Z,7839,2026-08-20T02:40:07.937Z,SFN,Springfield North,2e0eb052-bb28-45b1-894f-8dc0851c56cc,SAMMS-SFNv5
202608200219258765,202608200029239170,202608200029237018,85,3496,Bronze INV,br_ReAssessmentLegal,TASK_COMPLETE,FAILED,ERROR,763,763,1,SaveReAssessmentLegal Bronze ForEach failed,2026-08-20T00:29:28.539Z,2026-08-20T02:40:07.937Z,7839,2026-08-20T02:40:07.937Z,SHP,Shreveport,2e0eb052-bb28-45b1-894f-8dc0851c56cc,SAMMS-Shreveport
202608200219258766,202608200029239171,202608200029237018,85,3498,Bronze INV,br_ReAssessmentLegal,TASK_COMPLETE,FAILED,ERROR,481,481,1,SaveReAssessmentLegal Bronze ForEach failed,2026-08-20T00:29:28.539Z,2026-08-20T02:40:07.937Z,7839,2026-08-20T02:40:07.937Z,STN,Staunton,2e0eb052-bb28-45b1-894f-8dc0851c56cc,SAMMS-Staunton
202608200219258767,202608200029239172,202608200029237018,85,3499,Bronze INV,br_ReAssessmentLegal,TASK_COMPLETE,FAILED,ERROR,224,224,1,SaveReAssessmentLegal Bronze ForEach failed,2026-08-20T00:29:28.539Z,2026-08-20T02:40:07.937Z,7839,2026-08-20T02:40:07.937Z,STVN,Stevenson,2e0eb052-bb28-45b1-894f-8dc0851c56cc,SAMMS-Stevenson
202608200219258768,202608200029239173,202608200029237018,85,3501,Bronze INV,br_ReAssessmentLegal,TASK_COMPLETE,FAILED,ERROR,173,173,1,SaveReAssessmentLegal Bronze ForEach failed,2026-08-20T00:29:28.539Z,2026-08-20T02:40:07.937Z,7839,2026-08-20T02:40:07.937Z,TE,Tempe,2e0eb052-bb28-45b1-894f-8dc0851c56cc,SAMMS-Tempe
202608200219258770,202608200029239174,202608200029237018,85,3502,Bronze INV,br_ReAssessmentLegal,TASK_COMPLETE,FAILED,ERROR,0,0,1,SaveReAssessmentLegal Bronze ForEach failed,2026-08-20T00:29:28.539Z,2026-08-20T02:40:07.937Z,7839,2026-08-20T02:40:07.937Z,TEX,Texarkana,2e0eb052-bb28-45b1-894f-8dc0851c56cc,SAMMS-Texarkana
202608200219258771,202608200029239175,202608200029237018,85,3503,Bronze INV,br_ReAssessmentLegal,TASK_COMPLETE,FAILED,ERROR,1068,1068,1,SaveReAssessmentLegal Bronze ForEach failed,2026-08-20T00:29:28.539Z,2026-08-20T02:40:07.937Z,7839,2026-08-20T02:40:07.937Z,TTCA,Bessemer,2e0eb052-bb28-45b1-894f-8dc0851c56cc,SAMMS-BessemerV5
202608200219258772,202608200029239176,202608200029237018,85,3504,Bronze INV,br_ReAssessmentLegal,TASK_COMPLETE,FAILED,ERROR,1315,1315,1,SaveReAssessmentLegal Bronze ForEach failed,2026-08-20T00:29:28.539Z,2026-08-20T02:40:07.937Z,7839,2026-08-20T02:40:07.937Z,TTCB,Cullman,2e0eb052-bb28-45b1-894f-8dc0851c56cc,SAMMS-CullmanV5
202608200219258773,202608200029239177,202608200029237018,85,3505,Bronze INV,br_ReAssessmentLegal,TASK_COMPLETE,FAILED,ERROR,938,938,1,SaveReAssessmentLegal Bronze ForEach failed,2026-08-20T00:29:28.539Z,2026-08-20T02:40:07.937Z,7839,2026-08-20T02:40:07.937Z,TTCC,Grand Bay,2e0eb052-bb28-45b1-894f-8dc0851c56cc,SAMMS-GrandBay
202608200219258774,202608200029239178,202608200029237018,85,3506,Bronze INV,br_ReAssessmentLegal,TASK_COMPLETE,FAILED,ERROR,15,15,1,SaveReAssessmentLegal Bronze ForEach failed,2026-08-20T00:29:28.539Z,2026-08-20T02:40:07.937Z,7839,2026-08-20T02:40:07.937Z,TU,Tucson,2e0eb052-bb28-45b1-894f-8dc0851c56cc,SAMMS-Tucson
202608200219258775,202608200029239179,202608200029237018,85,3508,Bronze INV,br_ReAssessmentLegal,TASK_COMPLETE,FAILED,ERROR,660,660,1,SaveReAssessmentLegal Bronze ForEach failed,2026-08-20T00:29:28.539Z,2026-08-20T02:40:07.937Z,7839,2026-08-20T02:40:07.937Z,V1,Memphis South,2e0eb052-bb28-45b1-894f-8dc0851c56cc,SAMMS-VCPHCS-I-MemphisV5
202608200219258776,202608200029239180,202608200029237018,85,3509,Bronze INV,br_ReAssessmentLegal,TASK_COMPLETE,FAILED,ERROR,1625,1625,1,SaveReAssessmentLegal Bronze ForEach failed,2026-08-20T00:29:28.539Z,2026-08-20T02:40:07.937Z,7839,2026-08-20T02:40:07.937Z,V10,Longmont,2e0eb052-bb28-45b1-894f-8dc0851c56cc,SAMMS-BoulderV5
202608200219258777,202608200029239181,202608200029237018,85,3510,Bronze INV,br_ReAssessmentLegal,TASK_COMPLETE,FAILED,ERROR,1511,1511,1,SaveReAssessmentLegal Bronze ForEach failed,2026-08-20T00:29:28.539Z,2026-08-20T02:40:07.937Z,7839,2026-08-20T02:40:07.937Z,V10A,Fort Collins,2e0eb052-bb28-45b1-894f-8dc0851c56cc,SAMMS-FortCollinsV5
202608200219258778,202608200029239182,202608200029237018,85,3511,Bronze INV,br_ReAssessmentLegal,TASK_COMPLETE,FAILED,ERROR,2862,2862,1,SaveReAssessmentLegal Bronze ForEach failed,2026-08-20T00:29:28.539Z,2026-08-20T02:40:07.937Z,7839,2026-08-20T02:40:07.937Z,V11,Westminster,2e0eb052-bb28-45b1-894f-8dc0851c56cc,SAMMS-VCPHCS-XI-NorthDenverV5
202608200219258779,202608200029239183,202608200029237018,85,3512,Bronze INV,br_ReAssessmentLegal,TASK_COMPLETE,FAILED,ERROR,3027,3027,1,SaveReAssessmentLegal Bronze ForEach failed,2026-08-20T00:29:28.539Z,2026-08-20T02:40:07.937Z,7839,2026-08-20T02:40:07.937Z,V12,Downtown Denver,2e0eb052-bb28-45b1-894f-8dc0851c56cc,SAMMS-VCPHCS-XII-DowntownDenverV5
202608200219258781,202608200029239184,202608200029237018,85,3513,Bronze INV,br_ReAssessmentLegal,TASK_COMPLETE,FAILED,ERROR,1132,1132,1,SaveReAssessmentLegal Bronze ForEach failed,2026-08-20T00:29:28.539Z,2026-08-20T02:40:07.937Z,7839,2026-08-20T02:40:07.937Z,V12A,Centennial,2e0eb052-bb28-45b1-894f-8dc0851c56cc,SAMMS-CentennialV5
202608200219258782,202608200029239185,202608200029237018,85,3514,Bronze INV,br_ReAssessmentLegal,TASK_COMPLETE,FAILED,ERROR,293,293,1,SaveReAssessmentLegal Bronze ForEach failed,2026-08-20T00:29:28.539Z,2026-08-20T02:40:07.937Z,7839,2026-08-20T02:40:07.937Z,V14,Overland Park,2e0eb052-bb28-45b1-894f-8dc0851c56cc,SAMMS-VCPHCS-XIV-BridgewayV5
202608200219258783,202608200029239186,202608200029237018,85,3515,Bronze INV,br_ReAssessmentLegal,TASK_COMPLETE,FAILED,ERROR,608,608,1,SaveReAssessmentLegal Bronze ForEach failed,2026-08-20T00:29:28.539Z,2026-08-20T02:40:07.937Z,7839,2026-08-20T02:40:07.937Z,V15,Joplin,2e0eb052-bb28-45b1-894f-8dc0851c56cc,SAMMS-JoplinV5
202608200219258784,202608200029239187,202608200029237018,85,3517,Bronze INV,br_ReAssessmentLegal,TASK_COMPLETE,FAILED,ERROR,903,903,1,SaveReAssessmentLegal Bronze ForEach failed,2026-08-20T00:29:28.539Z,2026-08-20T02:40:07.937Z,7839,2026-08-20T02:40:07.937Z,V17,Columbia TN,2e0eb052-bb28-45b1-894f-8dc0851c56cc,SAMMS-ColumbiaTNv5
202608200219258785,202608200029239188,202608200029237018,85,3519,Bronze INV,br_ReAssessmentLegal,TASK_COMPLETE,FAILED,ERROR,533,533,1,SaveReAssessmentLegal Bronze ForEach failed,2026-08-20T00:29:28.539Z,2026-08-20T02:40:07.937Z,7839,2026-08-20T02:40:07.937Z,V19,Jackson,2e0eb052-bb28-45b1-894f-8dc0851c56cc,SAMMS-JacksonV5
202608200219258786,202608200029239189,202608200029237018,85,3521,Bronze INV,br_ReAssessmentLegal,TASK_COMPLETE,FAILED,ERROR,1761,1761,1,SaveReAssessmentLegal Bronze ForEach failed,2026-08-20T00:29:28.539Z,2026-08-20T02:40:07.937Z,7839,2026-08-20T02:40:07.937Z,V20,Paris,2e0eb052-bb28-45b1-894f-8dc0851c56cc,SAMMS-ParisV5
202608200219258787,202608200029239190,202608200029237018,85,3522,Bronze INV,br_ReAssessmentLegal,TASK_COMPLETE,FAILED,ERROR,723,723,1,SaveReAssessmentLegal Bronze ForEach failed,2026-08-20T00:29:28.539Z,2026-08-20T02:40:07.937Z,7839,2026-08-20T02:40:07.937Z,V21,Memphis North,2e0eb052-bb28-45b1-894f-8dc0851c56cc,SAMMS-RaleighV5
202608200219258789,202608200029239191,202608200029237018,85,3525,Bronze INV,br_ReAssessmentLegal,TASK_COMPLETE,FAILED,ERROR,1773,1773,1,SaveReAssessmentLegal Bronze ForEach failed,2026-08-20T00:29:28.539Z,2026-08-20T02:40:07.937Z,7839,2026-08-20T02:40:07.937Z,V5,West Bank,2e0eb052-bb28-45b1-894f-8dc0851c56cc,SAMMS-NONTCv5
202608200219258790,202608200029239192,202608200029237018,85,3527,Bronze INV,br_ReAssessmentLegal,TASK_COMPLETE,FAILED,ERROR,144,144,1,SaveReAssessmentLegal Bronze ForEach failed,2026-08-20T00:29:28.539Z,2026-08-20T02:40:07.937Z,7839,2026-08-20T02:40:07.937Z,V5B,Houma,2e0eb052-bb28-45b1-894f-8dc0851c56cc,SAMMS-HoumaV6
202608200219258791,202608200029239193,202608200029237018,85,3528,Bronze INV,br_ReAssessmentLegal,TASK_COMPLETE,FAILED,ERROR,1907,1907,1,SaveReAssessmentLegal Bronze ForEach failed,2026-08-20T00:29:28.539Z,2026-08-20T02:40:07.937Z,7839,2026-08-20T02:40:07.937Z,V6,Lake Charles,2e0eb052-bb28-45b1-894f-8dc0851c56cc,SAMMS-LCv5
202608200219258792,202608200029239194,202608200029237018,85,3530,Bronze INV,br_ReAssessmentLegal,TASK_COMPLETE,FAILED,ERROR,741,741,1,SaveReAssessmentLegal Bronze ForEach failed,2026-08-20T00:29:28.539Z,2026-08-20T02:40:07.937Z,7839,2026-08-20T02:40:07.937Z,V8,Memphis Midtown,2e0eb052-bb28-45b1-894f-8dc0851c56cc,SAMMS-VCPHCS-VIII-MemphisV5
202608200219258793,202608200029239195,202608200029237018,85,3531,Bronze INV,br_ReAssessmentLegal,TASK_COMPLETE,FAILED,ERROR,1758,1758,1,SaveReAssessmentLegal Bronze ForEach failed,2026-08-20T00:29:28.539Z,2026-08-20T02:40:07.937Z,7839,2026-08-20T02:40:07.937Z,V9,Nashville,2e0eb052-bb28-45b1-894f-8dc0851c56cc,SAMMS-NashvilleV5
202608200219258794,202608200029239196,202608200029237018,85,3532,Bronze INV,br_ReAssessmentLegal,TASK_COMPLETE,FAILED,ERROR,837,837,1,SaveReAssessmentLegal Bronze ForEach failed,2026-08-20T00:29:28.539Z,2026-08-20T02:40:07.937Z,7839,2026-08-20T02:40:07.937Z,VBRA,Brainerd,2e0eb052-bb28-45b1-894f-8dc0851c56cc,SAMMS-BrainerdV6
202608200219258795,202608200029239197,202608200029237018,85,3533,Bronze INV,br_ReAssessmentLegal,TASK_COMPLETE,FAILED,ERROR,1953,1953,1,SaveReAssessmentLegal Bronze ForEach failed,2026-08-20T00:29:28.539Z,2026-08-20T02:40:07.937Z,7839,2026-08-20T02:40:07.937Z,VBRP,Brooklyn Park,2e0eb052-bb28-45b1-894f-8dc0851c56cc,SAMMS-BrooklynParkV6
202608200219258796,202608200029239198,202608200029237018,85,3535,Bronze INV,br_ReAssessmentLegal,TASK_COMPLETE,FAILED,ERROR,743,743,1,SaveReAssessmentLegal Bronze ForEach failed,2026-08-20T00:29:28.539Z,2026-08-20T02:40:07.937Z,7839,2026-08-20T02:40:07.937Z,VMIN,Minneapolis,2e0eb052-bb28-45b1-894f-8dc0851c56cc,SAMMS-MinneapolisV6
202608200219258797,202608200029239199,202608200029237018,85,3536,Bronze INV,br_ReAssessmentLegal,TASK_COMPLETE,FAILED,ERROR,881,881,1,SaveReAssessmentLegal Bronze ForEach failed,2026-08-20T00:29:28.539Z,2026-08-20T02:40:07.937Z,7839,2026-08-20T02:40:07.937Z,VWBY,Woodbury,2e0eb052-bb28-45b1-894f-8dc0851c56cc,SAMMS-WoodburyV6
202608200219258799,202608200029239200,202608200029237018,85,3538,Bronze INV,br_ReAssessmentLegal,TASK_COMPLETE,FAILED,ERROR,160,160,1,SaveReAssessmentLegal Bronze ForEach failed,2026-08-20T00:29:28.539Z,2026-08-20T02:40:07.937Z,7839,2026-08-20T02:40:07.937Z,WIL,Wilson,2e0eb052-bb28-45b1-894f-8dc0851c56cc,SAMMS-Wilson
202608200219258900,202608200029337029,202608200029337018,86,5730,Silver INV,sl_ReAssessmentLegal,TASK_COMPLETE,SKIPPED,WARN,0,0,0,Skipped: SaveReAssessmentLegal failed at BR,2026-08-20T00:29:28.539Z,2026-08-20T02:40:07.937Z,7839,2026-08-20T02:40:07.937Z,,,2e0eb052-bb28-45b1-894f-8dc0851c56cc,
202608200219258820,202608200029239201,202608200029237018,85,3542,Bronze INV,br_ReAssessmentMentalHealth,TASK_COMPLETE,FAILED,ERROR,35,35,1,SaveReAssessmentMentalHealth Bronze ForEach failed,2026-08-20T00:29:28.539Z,2026-08-20T02:40:07.937Z,7839,2026-08-20T02:40:07.937Z,AHK,Ahoskie,2e0eb052-bb28-45b1-894f-8dc0851c56cc,SAMMS-Ahoskie
202608200219258822,202608200029239202,202608200029237018,85,3543,Bronze INV,br_ReAssessmentMentalHealth,TASK_COMPLETE,FAILED,ERROR,662,662,1,SaveReAssessmentMentalHealth Bronze ForEach failed,2026-08-20T00:29:28.539Z,2026-08-20T02:40:07.937Z,7839,2026-08-20T02:40:07.937Z,B12B,Colorado Springs,2e0eb052-bb28-45b1-894f-8dc0851c56cc,SAMMS-ColoradoSpringsV5
202608200219258823,202608200029239203,202608200029237018,85,3544,Bronze INV,br_ReAssessmentMentalHealth,TASK_COMPLETE,FAILED,ERROR,835,835,1,SaveReAssessmentMentalHealth Bronze ForEach failed,2026-08-20T00:29:28.539Z,2026-08-20T02:40:07.937Z,7839,2026-08-20T02:40:07.937Z,B24,Paintsville,2e0eb052-bb28-45b1-894f-8dc0851c56cc,SAMMS-PaintsvilleV5
202608200219258824,202608200029239204,202608200029237018,85,3545,Bronze INV,br_ReAssessmentMentalHealth,TASK_COMPLETE,FAILED,ERROR,646,646,1,SaveReAssessmentMentalHealth Bronze ForEach failed,2026-08-20T00:29:28.539Z,2026-08-20T02:40:07.937Z,7839,2026-08-20T02:40:07.937Z,B25,Pikeville,2e0eb052-bb28-45b1-894f-8dc0851c56cc,SAMMS-PikevilleV5
202608200219258825,202608200029239205,202608200029237018,85,3546,Bronze INV,br_ReAssessmentMentalHealth,TASK_COMPLETE,FAILED,ERROR,970,970,1,SaveReAssessmentMentalHealth Bronze ForEach failed,2026-08-20T00:29:28.539Z,2026-08-20T02:40:07.937Z,7839,2026-08-20T02:40:07.937Z,B26,Hazard,2e0eb052-bb28-45b1-894f-8dc0851c56cc,SAMMS-HazardV5
202608200219259411,202608200029239659,202608200029237018,85,4272,Bronze INV,br_ReAssessmentSocial,TASK_COMPLETE,FAILED,ERROR,876,876,1,SaveReAssessmentSocial Bronze ForEach failed,2026-08-20T00:29:28.539Z,2026-08-20T02:40:07.937Z,7839,2026-08-20T02:40:07.937Z,VWBY,Woodbury,2e0eb052-bb28-45b1-894f-8dc0851c56cc,SAMMS-WoodburyV6
202608200219259413,202608200029239660,202608200029237018,85,4274,Bronze INV,br_ReAssessmentSocial,TASK_COMPLETE,FAILED,ERROR,161,161,1,SaveReAssessmentSocial Bronze ForEach failed,2026-08-20T00:29:28.539Z,2026-08-20T02:40:07.937Z,7839,2026-08-20T02:40:07.937Z,WIL,Wilson,2e0eb052-bb28-45b1-894f-8dc0851c56cc,SAMMS-Wilson
202608200219259514,202608200029337033,202608200029337018,86,5734,Silver INV,sl_ReAssessmentSocial,TASK_COMPLETE,SKIPPED,WARN,0,0,0,Skipped: SaveReAssessmentSocial failed at BR,2026-08-20T00:29:28.539Z,2026-08-20T02:40:07.937Z,7839,2026-08-20T02:40:07.937Z,,,2e0eb052-bb28-45b1-894f-8dc0851c56cc,
202608200219259435,202608200029239431,202608200029237018,85,4278,Bronze INV,br_ReAssessmentSubstanceUse,TASK_COMPLETE,FAILED,ERROR,35,35,1,SaveReAssessmentSubstanceUse Bronze ForEach failed,2026-08-20T00:29:28.539Z,2026-08-20T02:40:07.937Z,7839,2026-08-20T02:40:07.937Z,AHK,Ahoskie,2e0eb052-bb28-45b1-894f-8dc0851c56cc,SAMMS-Ahoskie
202608200219259436,202608200029239432,202608200029237018,85,4279,Bronze INV,br_ReAssessmentSubstanceUse,TASK_COMPLETE,FAILED,ERROR,673,673,1,SaveReAssessmentSubstanceUse Bronze ForEach failed,2026-08-20T00:29:28.539Z,2026-08-20T02:40:07.937Z,7839,2026-08-20T02:40:07.937Z,B12B,Colorado Springs,2e0eb052-bb28-45b1-894f-8dc0851c56cc,SAMMS-ColoradoSpringsV5
202608200219259438,202608200029239433,202608200029237018,85,4280,Bronze INV,br_ReAssessmentSubstanceUse,TASK_COMPLETE,FAILED,ERROR,848,848,1,SaveReAssessmentSubstanceUse Bronze ForEach failed,2026-08-20T00:29:28.539Z,2026-08-20T02:40:07.937Z,7839,2026-08-20T02:40:07.937Z,B24,Paintsville,2e0eb052-bb28-45b1-894f-8dc0851c56cc,SAMMS-PaintsvilleV5
202608200219259439,202608200029239434,202608200029237018,85,4281,Bronze INV,br_ReAssessmentSubstanceUse,TASK_COMPLETE,FAILED,ERROR,649,649,1,SaveReAssessmentSubstanceUse Bronze ForEach failed,2026-08-20T00:29:28.539Z,2026-08-20T02:40:07.937Z,7839,2026-08-20T02:40:07.937Z,B25,Pikeville,2e0eb052-bb28-45b1-894f-8dc0851c56cc,SAMMS-PikevilleV5
202608200219259440,202608200029239435,202608200029237018,85,4282,Bronze INV,br_ReAssessmentSubstanceUse,TASK_COMPLETE,FAILED,ERROR,973,973,1,SaveReAssessmentSubstanceUse Bronze ForEach failed,2026-08-20T00:29:28.539Z,2026-08-20T02:40:07.937Z,7839,2026-08-20T02:40:07.937Z,B26,Hazard,2e0eb052-bb28-45b1-894f-8dc0851c56cc,SAMMS-HazardV5
202608200219259441,202608200029239436,202608200029237018,85,4283,Bronze INV,br_ReAssessmentSubstanceUse,TASK_COMPLETE,FAILED,ERROR,538,538,1,SaveReAssessmentSubstanceUse Bronze ForEach failed,2026-08-20T00:29:28.539Z,2026-08-20T02:40:07.937Z,7839,2026-08-20T02:40:07.937Z,B27,Savannah,2e0eb052-bb28-45b1-894f-8dc0851c56cc,SAMMS-SavannahV6
202608200219259442,202608200029239437,202608200029237018,85,4284,Bronze INV,br_ReAssessmentSubstanceUse,TASK_COMPLETE,FAILED,ERROR,248,248,1,SaveReAssessmentSubstanceUse Bronze ForEach failed,2026-08-20T00:29:28.539Z,2026-08-20T02:40:07.937Z,7839,2026-08-20T02:40:07.937Z,B28,West Plains,2e0eb052-bb28-45b1-894f-8dc0851c56cc,SAMMS-WestPlainesV5
202608200219259443,202608200029239438,202608200029237018,85,4285,Bronze INV,br_ReAssessmentSubstanceUse,TASK_COMPLETE,FAILED,ERROR,464,464,1,SaveReAssessmentSubstanceUse Bronze ForEach failed,2026-08-20T00:29:28.539Z,2026-08-20T02:40:07.937Z,7839,2026-08-20T02:40:07.937Z,B29,Poplar Bluff,2e0eb052-bb28-45b1-894f-8dc0851c56cc,SAMMS-PoplarBluffV5
202608200219259444,202608200029239439,202608200029237018,85,4286,Bronze INV,br_ReAssessmentSubstanceUse,TASK_COMPLETE,FAILED,ERROR,82,82,1,SaveReAssessmentSubstanceUse Bronze ForEach failed,2026-08-20T00:29:28.539Z,2026-08-20T02:40:07.937Z,7839,2026-08-20T02:40:07.937Z,B30,KC North,2e0eb052-bb28-45b1-894f-8dc0851c56cc,SAMMS-KCNv5
202608200219259446,202608200029239440,202608200029237018,85,4287,Bronze INV,br_ReAssessmentSubstanceUse,TASK_COMPLETE,FAILED,ERROR,402,402,1,SaveReAssessmentSubstanceUse Bronze ForEach failed,2026-08-20T00:29:28.539Z,2026-08-20T02:40:07.937Z,7839,2026-08-20T02:40:07.937Z,B31,Dyersburg,2e0eb052-bb28-45b1-894f-8dc0851c56cc,SAMMS-DyersburgV5
202608200219259447,202608200029239441,202608200029237018,85,4289,Bronze INV,br_ReAssessmentSubstanceUse,TASK_COMPLETE,FAILED,ERROR,489,489,1,SaveReAssessmentSubstanceUse Bronze ForEach failed,2026-08-20T00:29:28.539Z,2026-08-20T02:40:07.937Z,7839,2026-08-20T02:40:07.937Z,B33,Paducah,2e0eb052-bb28-45b1-894f-8dc0851c56cc,SAMMS-Paducah
202608200219259448,202608200029239442,202608200029237018,85,4290,Bronze INV,br_ReAssessmentSubstanceUse,TASK_COMPLETE,FAILED,ERROR,388,388,1,SaveReAssessmentSubstanceUse Bronze ForEach failed,2026-08-20T00:29:28.539Z,2026-08-20T02:40:07.937Z,7839,2026-08-20T02:40:07.937Z,B34,Corbin,2e0eb052-bb28-45b1-894f-8dc0851c56cc,SAMMS-CorbinV5
202608200219259449,202608200029239443,202608200029237018,85,4291,Bronze INV,br_ReAssessmentSubstanceUse,TASK_COMPLETE,FAILED,ERROR,243,243,1,SaveReAssessmentSubstanceUse Bronze ForEach failed,2026-08-20T00:29:28.539Z,2026-08-20T02:40:07.937Z,7839,2026-08-20T02:40:07.937Z,B35,Lexington,2e0eb052-bb28-45b1-894f-8dc0851c56cc,SAMMS-LexingtonV5
202608200219259450,202608200029239444,202608200029237018,85,4292,Bronze INV,br_ReAssessmentSubstanceUse,TASK_COMPLETE,FAILED,ERROR,77,77,1,SaveReAssessmentSubstanceUse Bronze ForEach failed,2026-08-20T00:29:28.539Z,2026-08-20T02:40:07.937Z,7839,2026-08-20T02:40:07.937Z,B35A,Berea,2e0eb052-bb28-45b1-894f-8dc0851c56cc,SAMMS-BereaV5
202608200219259451,202608200029239445,202608200029237018,85,4293,Bronze INV,br_ReAssessmentSubstanceUse,TASK_COMPLETE,FAILED,ERROR,22,22,1,SaveReAssessmentSubstanceUse Bronze ForEach failed,2026-08-20T00:29:28.539Z,2026-08-20T02:40:07.937Z,7839,2026-08-20T02:40:07.937Z,B36,Asheville,2e0eb052-bb28-45b1-894f-8dc0851c56cc,SAMMS-AshevilleV5
202608200219259453,202608200029239446,202608200029237018,85,4294,Bronze INV,br_ReAssessmentSubstanceUse,TASK_COMPLETE,FAILED,ERROR,2,2,1,SaveReAssessmentSubstanceUse Bronze ForEach failed,2026-08-20T00:29:28.539Z,2026-08-20T02:40:07.937Z,7839,2026-08-20T02:40:07.937Z,B37,Clyde,2e0eb052-bb28-45b1-894f-8dc0851c56cc,SAMMS-ClydeV5
202608200219259454,202608200029239447,202608200029237018,85,4295,Bronze INV,br_ReAssessmentSubstanceUse,TASK_COMPLETE,FAILED,ERROR,1194,1194,1,SaveReAssessmentSubstanceUse Bronze ForEach failed,2026-08-20T00:29:28.539Z,2026-08-20T02:40:07.937Z,7839,2026-08-20T02:40:07.937Z,B38,Spartanburg,2e0eb052-bb28-45b1-894f-8dc0851c56cc,SAMMS-SpartanburgV5
202608200219259455,202608200029239448,202608200029237018,85,4296,Bronze INV,br_ReAssessmentSubstanceUse,TASK_COMPLETE,FAILED,ERROR,367,367,1,SaveReAssessmentSubstanceUse Bronze ForEach failed,2026-08-20T00:29:28.539Z,2026-08-20T02:40:07.937Z,7839,2026-08-20T02:40:07.937Z,B39,Aiken,2e0eb052-bb28-45b1-894f-8dc0851c56cc,SAMMS-AikenV5
202608200219259456,202608200029239449,202608200029237018,85,4297,Bronze INV,br_ReAssessmentSubstanceUse,TASK_COMPLETE,FAILED,ERROR,1908,1908,1,SaveReAssessmentSubstanceUse Bronze ForEach failed,2026-08-20T00:29:28.539Z,2026-08-20T02:40:07.937Z,7839,2026-08-20T02:40:07.937Z,B41,Chesapeake,2e0eb052-bb28-45b1-894f-8dc0851c56cc,SAMMS-ChesapeakeV5
202608200219259457,202608200029239450,202608200029237018,85,4298,Bronze INV,br_ReAssessmentSubstanceUse,TASK_COMPLETE,FAILED,ERROR,1938,1938,1,SaveReAssessmentSubstanceUse Bronze ForEach failed,2026-08-20T00:29:28.539Z,2026-08-20T02:40:07.937Z,7839,2026-08-20T02:40:07.937Z,B42,Virginia Beach,2e0eb052-bb28-45b1-894f-8dc0851c56cc,SAMMS-VirginiaBeachV5
202608200219259458,202608200029239451,202608200029237018,85,4299,Bronze INV,br_ReAssessmentSubstanceUse,TASK_COMPLETE,FAILED,ERROR,945,945,1,SaveReAssessmentSubstanceUse Bronze ForEach failed,2026-08-20T00:29:28.539Z,2026-08-20T02:40:07.937Z,7839,2026-08-20T02:40:07.937Z,B42A,Newport News,2e0eb052-bb28-45b1-894f-8dc0851c56cc,SAMMS-NewportNewsV5
202608200219259459,202608200029239452,202608200029237018,85,4300,Bronze INV,br_ReAssessmentSubstanceUse,TASK_COMPLETE,FAILED,ERROR,515,515,1,SaveReAssessmentSubstanceUse Bronze ForEach failed,2026-08-20T00:29:28.539Z,2026-08-20T02:40:07.937Z,7839,2026-08-20T02:40:07.937Z,B42B,Franklin,2e0eb052-bb28-45b1-894f-8dc0851c56cc,SAMMS-FranklinV5
202608200219259460,202608200029239453,202608200029237018,85,4301,Bronze INV,br_ReAssessmentSubstanceUse,TASK_COMPLETE,FAILED,ERROR,352,352,1,SaveReAssessmentSubstanceUse Bronze ForEach failed,2026-08-20T00:29:28.539Z,2026-08-20T02:40:07.937Z,7839,2026-08-20T02:40:07.937Z,B42C,Glen Allen,2e0eb052-bb28-45b1-894f-8dc0851c56cc,SAMMS-GlenAllenV5
202608200219259462,202608200029239454,202608200029237018,85,4302,Bronze INV,br_ReAssessmentSubstanceUse,TASK_COMPLETE,FAILED,ERROR,1510,1510,1,SaveReAssessmentSubstanceUse Bronze ForEach failed,2026-08-20T00:29:28.539Z,2026-08-20T02:40:07.937Z,7839,2026-08-20T02:40:07.937Z,B42D,Chesapeake South,2e0eb052-bb28-45b1-894f-8dc0851c56cc,SAMMS-ChesapeakeSouthV5
202608200219259463,202608200029239455,202608200029237018,85,4303,Bronze INV,br_ReAssessmentSubstanceUse,TASK_COMPLETE,FAILED,ERROR,638,638,1,SaveReAssessmentSubstanceUse Bronze ForEach failed,2026-08-20T00:29:28.539Z,2026-08-20T02:40:07.937Z,7839,2026-08-20T02:40:07.937Z,B44,Albany,2e0eb052-bb28-45b1-894f-8dc0851c56cc,SAMMS-AlbanyV5
202608200219259464,202608200029239456,202608200029237018,85,4304,Bronze INV,br_ReAssessmentSubstanceUse,TASK_COMPLETE,FAILED,ERROR,1278,1278,1,SaveReAssessmentSubstanceUse Bronze ForEach failed,2026-08-20T00:29:28.539Z,2026-08-20T02:40:07.937Z,7839,2026-08-20T02:40:07.937Z,B45,Tifton,2e0eb052-bb28-45b1-894f-8dc0851c56cc,SAMMS-TiftonV5
202608200219259465,202608200029239457,202608200029237018,85,4305,Bronze INV,br_ReAssessmentSubstanceUse,TASK_COMPLETE,FAILED,ERROR,605,605,1,SaveReAssessmentSubstanceUse Bronze ForEach failed,2026-08-20T00:29:28.539Z,2026-08-20T02:40:07.937Z,7839,2026-08-20T02:40:07.937Z,B46,Washington DC,2e0eb052-bb28-45b1-894f-8dc0851c56cc,SAMMS-WashingtonDCv5
202608200219259466,202608200029239458,202608200029237018,85,4306,Bronze INV,br_ReAssessmentSubstanceUse,TASK_COMPLETE,FAILED,ERROR,1599,1599,1,SaveReAssessmentSubstanceUse Bronze ForEach failed,2026-08-20T00:29:28.539Z,2026-08-20T02:40:07.937Z,7839,2026-08-20T02:40:07.937Z,B47,Mobile,2e0eb052-bb28-45b1-894f-8dc0851c56cc,SAMMS-MobileV5
202608200219259467,202608200029239459,202608200029237018,85,4307,Bronze INV,br_ReAssessmentSubstanceUse,TASK_COMPLETE,FAILED,ERROR,1307,1307,1,SaveReAssessmentSubstanceUse Bronze ForEach failed,2026-08-20T00:29:28.539Z,2026-08-20T02:40:07.937Z,7839,2026-08-20T02:40:07.937Z,B48,Tuscaloosa,2e0eb052-bb28-45b1-894f-8dc0851c56cc,SAMMS-TuscaloosaV5
202608200219259469,202608200029239460,202608200029237018,85,4316,Bronze INV,br_ReAssessmentSubstanceUse,TASK_COMPLETE,FAILED,ERROR,5,5,1,SaveReAssessmentSubstanceUse Bronze ForEach failed,2026-08-20T00:29:28.539Z,2026-08-20T02:40:07.937Z,7839,2026-08-20T02:40:07.937Z,B51,N. Little Rock (OTP),2e0eb052-bb28-45b1-894f-8dc0851c56cc,SAMMS-NorthLittleRockV6
202608200219259470,202608200029239461,202608200029237018,85,4317,Bronze INV,br_ReAssessmentSubstanceUse,TASK_COMPLETE,FAILED,ERROR,466,466,1,SaveReAssessmentSubstanceUse Bronze ForEach failed,2026-08-20T00:29:28.539Z,2026-08-20T02:40:07.937Z,7839,2026-08-20T02:40:07.937Z,B52,Jackson GA,2e0eb052-bb28-45b1-894f-8dc0851c56cc,SAMMS-JacksonGAV5
202608200219259471,202608200029239462,202608200029237018,85,4318,Bronze INV,br_ReAssessmentSubstanceUse,TASK_COMPLETE,FAILED,ERROR,1711,1711,1,SaveReAssessmentSubstanceUse Bronze ForEach failed,2026-08-20T00:29:28.539Z,2026-08-20T02:40:07.937Z,7839,2026-08-20T02:40:07.937Z,B54,Gadsden,2e0eb052-bb28-45b1-894f-8dc0851c56cc,SAMMS-GadsdenV5
202608200219259472,202608200029239463,202608200029237018,85,4319,Bronze INV,br_ReAssessmentSubstanceUse,TASK_COMPLETE,FAILED,ERROR,968,968,1,SaveReAssessmentSubstanceUse Bronze ForEach failed,2026-08-20T00:29:28.539Z,2026-08-20T02:40:07.937Z,7839,2026-08-20T02:40:07.937Z,B55,Shoals,2e0eb052-bb28-45b1-894f-8dc0851c56cc,SAMMS-ShoalsV5
202608200219259473,202608200029239464,202608200029237018,85,4320,Bronze INV,br_ReAssessmentSubstanceUse,TASK_COMPLETE,FAILED,ERROR,296,296,1,SaveReAssessmentSubstanceUse Bronze ForEach failed,2026-08-20T00:29:28.539Z,2026-08-20T02:40:07.937Z,7839,2026-08-20T02:40:07.937Z,B57,Pawtucket,2e0eb052-bb28-45b1-894f-8dc0851c56cc,SAMMS-Pawtucket
202608200219259474,202608200029239465,202608200029237018,85,4321,Bronze INV,br_ReAssessmentSubstanceUse,TASK_COMPLETE,FAILED,ERROR,559,559,1,SaveReAssessmentSubstanceUse Bronze ForEach failed,2026-08-20T00:29:28.539Z,2026-08-20T02:40:07.937Z,7839,2026-08-20T02:40:07.937Z,B57A,Johnston,2e0eb052-bb28-45b1-894f-8dc0851c56cc,SAMMS-Johnston
202608200219259130,202608200029239317,202608200029237018,85,3911,Bronze INV,br_ReAssessmentPhysicalHealth,TASK_COMPLETE,FAILED,ERROR,662,662,1,SaveReAssessmentPhysicalHealth Bronze ForEach failed,2026-08-20T00:29:28.539Z,2026-08-20T02:40:07.937Z,7839,2026-08-20T02:40:07.937Z,B12B,Colorado Springs,2e0eb052-bb28-45b1-894f-8dc0851c56cc,SAMMS-ColoradoSpringsV5
202608200219259131,202608200029239318,202608200029237018,85,3912,Bronze INV,br_ReAssessmentPhysicalHealth,TASK_COMPLETE,FAILED,ERROR,835,835,1,SaveReAssessmentPhysicalHealth Bronze ForEach failed,2026-08-20T00:29:28.539Z,2026-08-20T02:40:07.937Z,7839,2026-08-20T02:40:07.937Z,B24,Paintsville,2e0eb052-bb28-45b1-894f-8dc0851c56cc,SAMMS-PaintsvilleV5
202608200219259133,202608200029239319,202608200029237018,85,3913,Bronze INV,br_ReAssessmentPhysicalHealth,TASK_COMPLETE,FAILED,ERROR,646,646,1,SaveReAssessmentPhysicalHealth Bronze ForEach failed,2026-08-20T00:29:28.539Z,2026-08-20T02:40:07.937Z,7839,2026-08-20T02:40:07.937Z,B25,Pikeville,2e0eb052-bb28-45b1-894f-8dc0851c56cc,SAMMS-PikevilleV5
202608200219259134,202608200029239320,202608200029237018,85,3914,Bronze INV,br_ReAssessmentPhysicalHealth,TASK_COMPLETE,FAILED,ERROR,970,970,1,SaveReAssessmentPhysicalHealth Bronze ForEach failed,2026-08-20T00:29:28.539Z,2026-08-20T02:40:07.937Z,7839,2026-08-20T02:40:07.937Z,B26,Hazard,2e0eb052-bb28-45b1-894f-8dc0851c56cc,SAMMS-HazardV5
202608200219259135,202608200029239321,202608200029237018,85,3915,Bronze INV,br_ReAssessmentPhysicalHealth,TASK_COMPLETE,FAILED,ERROR,532,532,1,SaveReAssessmentPhysicalHealth Bronze ForEach failed,2026-08-20T00:29:28.539Z,2026-08-20T02:40:07.937Z,7839,2026-08-20T02:40:07.937Z,B27,Savannah,2e0eb052-bb28-45b1-894f-8dc0851c56cc,SAMMS-SavannahV6
202608200219259136,202608200029239322,202608200029237018,85,3916,Bronze INV,br_ReAssessmentPhysicalHealth,TASK_COMPLETE,FAILED,ERROR,246,246,1,SaveReAssessmentPhysicalHealth Bronze ForEach failed,2026-08-20T00:29:28.539Z,2026-08-20T02:40:07.937Z,7839,2026-08-20T02:40:07.937Z,B28,West Plains,2e0eb052-bb28-45b1-894f-8dc0851c56cc,SAMMS-WestPlainesV5
202608200219259137,202608200029239323,202608200029237018,85,3917,Bronze INV,br_ReAssessmentPhysicalHealth,TASK_COMPLETE,FAILED,ERROR,461,461,1,SaveReAssessmentPhysicalHealth Bronze ForEach failed,2026-08-20T00:29:28.539Z,2026-08-20T02:40:07.937Z,7839,2026-08-20T02:40:07.937Z,B29,Poplar Bluff,2e0eb052-bb28-45b1-894f-8dc0851c56cc,SAMMS-PoplarBluffV5
202608200219259139,202608200029239324,202608200029237018,85,3918,Bronze INV,br_ReAssessmentPhysicalHealth,TASK_COMPLETE,FAILED,ERROR,80,80,1,SaveReAssessmentPhysicalHealth Bronze ForEach failed,2026-08-20T00:29:28.539Z,2026-08-20T02:40:07.937Z,7839,2026-08-20T02:40:07.937Z,B30,KC North,2e0eb052-bb28-45b1-894f-8dc0851c56cc,SAMMS-KCNv5
202608200219259140,202608200029239325,202608200029237018,85,3919,Bronze INV,br_ReAssessmentPhysicalHealth,TASK_COMPLETE,FAILED,ERROR,400,400,1,SaveReAssessmentPhysicalHealth Bronze ForEach failed,2026-08-20T00:29:28.539Z,2026-08-20T02:40:07.937Z,7839,2026-08-20T02:40:07.937Z,B31,Dyersburg,2e0eb052-bb28-45b1-894f-8dc0851c56cc,SAMMS-DyersburgV5
202608200219259141,202608200029239326,202608200029237018,85,3921,Bronze INV,br_ReAssessmentPhysicalHealth,TASK_COMPLETE,FAILED,ERROR,488,488,1,SaveReAssessmentPhysicalHealth Bronze ForEach failed,2026-08-20T00:29:28.539Z,2026-08-20T02:40:07.937Z,7839,2026-08-20T02:40:07.937Z,B33,Paducah,2e0eb052-bb28-45b1-894f-8dc0851c56cc,SAMMS-Paducah
202608200219259142,202608200029239327,202608200029237018,85,3922,Bronze INV,br_ReAssessmentPhysicalHealth,TASK_COMPLETE,FAILED,ERROR,386,386,1,SaveReAssessmentPhysicalHealth Bronze ForEach failed,2026-08-20T00:29:28.539Z,2026-08-20T02:40:07.937Z,7839,2026-08-20T02:40:07.937Z,B34,Corbin,2e0eb052-bb28-45b1-894f-8dc0851c56cc,SAMMS-CorbinV5
202608200219259143,202608200029239328,202608200029237018,85,3923,Bronze INV,br_ReAssessmentPhysicalHealth,TASK_COMPLETE,FAILED,ERROR,243,243,1,SaveReAssessmentPhysicalHealth Bronze ForEach failed,2026-08-20T00:29:28.539Z,2026-08-20T02:40:07.937Z,7839,2026-08-20T02:40:07.937Z,B35,Lexington,2e0eb052-bb28-45b1-894f-8dc0851c56cc,SAMMS-LexingtonV5
202608200219259144,202608200029239329,202608200029237018,85,3924,Bronze INV,br_ReAssessmentPhysicalHealth,TASK_COMPLETE,FAILED,ERROR,77,77,1,SaveReAssessmentPhysicalHealth Bronze ForEach failed,2026-08-20T00:29:28.539Z,2026-08-20T02:40:07.937Z,7839,2026-08-20T02:40:07.937Z,B35A,Berea,2e0eb052-bb28-45b1-894f-8dc0851c56cc,SAMMS-BereaV5
202608200219259146,202608200029239330,202608200029237018,85,3925,Bronze INV,br_ReAssessmentPhysicalHealth,TASK_COMPLETE,FAILED,ERROR,22,22,1,SaveReAssessmentPhysicalHealth Bronze ForEach failed,2026-08-20T00:29:28.539Z,2026-08-20T02:40:07.937Z,7839,2026-08-20T02:40:07.937Z,B36,Asheville,2e0eb052-bb28-45b1-894f-8dc0851c56cc,SAMMS-AshevilleV5
202608200219259147,202608200029239331,202608200029237018,85,3926,Bronze INV,br_ReAssessmentPhysicalHealth,TASK_COMPLETE,FAILED,ERROR,1,1,1,SaveReAssessmentPhysicalHealth Bronze ForEach failed,2026-08-20T00:29:28.539Z,2026-08-20T02:40:07.937Z,7839,2026-08-20T02:40:07.937Z,B37,Clyde,2e0eb052-bb28-45b1-894f-8dc0851c56cc,SAMMS-ClydeV5
202608200219259148,202608200029239332,202608200029237018,85,3927,Bronze INV,br_ReAssessmentPhysicalHealth,TASK_COMPLETE,FAILED,ERROR,1189,1189,1,SaveReAssessmentPhysicalHealth Bronze ForEach failed,2026-08-20T00:29:28.539Z,2026-08-20T02:40:07.937Z,7839,2026-08-20T02:40:07.937Z,B38,Spartanburg,2e0eb052-bb28-45b1-894f-8dc0851c56cc,SAMMS-SpartanburgV5
202608200219259149,202608200029239333,202608200029237018,85,3928,Bronze INV,br_ReAssessmentPhysicalHealth,TASK_COMPLETE,FAILED,ERROR,362,362,1,SaveReAssessmentPhysicalHealth Bronze ForEach failed,2026-08-20T00:29:28.539Z,2026-08-20T02:40:07.937Z,7839,2026-08-20T02:40:07.937Z,B39,Aiken,2e0eb052-bb28-45b1-894f-8dc0851c56cc,SAMMS-AikenV5
202608200219259150,202608200029239334,202608200029237018,85,3929,Bronze INV,br_ReAssessmentPhysicalHealth,TASK_COMPLETE,FAILED,ERROR,1894,1894,1,SaveReAssessmentPhysicalHealth Bronze ForEach failed,2026-08-20T00:29:28.539Z,2026-08-20T02:40:07.937Z,7839,2026-08-20T02:40:07.937Z,B41,Chesapeake,2e0eb052-bb28-45b1-894f-8dc0851c56cc,SAMMS-ChesapeakeV5
202608200219259151,202608200029239335,202608200029237018,85,3930,Bronze INV,br_ReAssessmentPhysicalHealth,TASK_COMPLETE,FAILED,ERROR,1922,1922,1,SaveReAssessmentPhysicalHealth Bronze ForEach failed,2026-08-20T00:29:28.539Z,2026-08-20T02:40:07.937Z,7839,2026-08-20T02:40:07.937Z,B42,Virginia Beach,2e0eb052-bb28-45b1-894f-8dc0851c56cc,SAMMS-VirginiaBeachV5
202608200219259152,202608200029239336,202608200029237018,85,3931,Bronze INV,br_ReAssessmentPhysicalHealth,TASK_COMPLETE,FAILED,ERROR,936,936,1,SaveReAssessmentPhysicalHealth Bronze ForEach failed,2026-08-20T00:29:28.539Z,2026-08-20T02:40:07.937Z,7839,2026-08-20T02:40:07.937Z,B42A,Newport News,2e0eb052-bb28-45b1-894f-8dc0851c56cc,SAMMS-NewportNewsV5
202608200219259153,202608200029239337,202608200029237018,85,3932,Bronze INV,br_ReAssessmentPhysicalHealth,TASK_COMPLETE,FAILED,ERROR,508,508,1,SaveReAssessmentPhysicalHealth Bronze ForEach failed,2026-08-20T00:29:28.539Z,2026-08-20T02:40:07.937Z,7839,2026-08-20T02:40:07.937Z,B42B,Franklin,2e0eb052-bb28-45b1-894f-8dc0851c56cc,SAMMS-FranklinV5
202608200219259155,202608200029239338,202608200029237018,85,3933,Bronze INV,br_ReAssessmentPhysicalHealth,TASK_COMPLETE,FAILED,ERROR,346,346,1,SaveReAssessmentPhysicalHealth Bronze ForEach failed,2026-08-20T00:29:28.539Z,2026-08-20T02:40:07.937Z,7839,2026-08-20T02:40:07.937Z,B42C,Glen Allen,2e0eb052-bb28-45b1-894f-8dc0851c56cc,SAMMS-GlenAllenV5
202608200219259156,202608200029239339,202608200029237018,85,3934,Bronze INV,br_ReAssessmentPhysicalHealth,TASK_COMPLETE,FAILED,ERROR,1487,1487,1,SaveReAssessmentPhysicalHealth Bronze ForEach failed,2026-08-20T00:29:28.539Z,2026-08-20T02:40:07.937Z,7839,2026-08-20T02:40:07.937Z,B42D,Chesapeake South,2e0eb052-bb28-45b1-894f-8dc0851c56cc,SAMMS-ChesapeakeSouthV5
202608200219259157,202608200029239340,202608200029237018,85,3935,Bronze INV,br_ReAssessmentPhysicalHealth,TASK_COMPLETE,FAILED,ERROR,632,632,1,SaveReAssessmentPhysicalHealth Bronze ForEach failed,2026-08-20T00:29:28.539Z,2026-08-20T02:40:07.937Z,7839,2026-08-20T02:40:07.937Z,B44,Albany,2e0eb052-bb28-45b1-894f-8dc0851c56cc,SAMMS-AlbanyV5
202608200219259158,202608200029239341,202608200029237018,85,3936,Bronze INV,br_ReAssessmentPhysicalHealth,TASK_COMPLETE,FAILED,ERROR,1273,1273,1,SaveReAssessmentPhysicalHealth Bronze ForEach failed,2026-08-20T00:29:28.539Z,2026-08-20T02:40:07.937Z,7839,2026-08-20T02:40:07.937Z,B45,Tifton,2e0eb052-bb28-45b1-894f-8dc0851c56cc,SAMMS-TiftonV5
202608200219259159,202608200029239342,202608200029237018,85,3937,Bronze INV,br_ReAssessmentPhysicalHealth,TASK_COMPLETE,FAILED,ERROR,591,591,1,SaveReAssessmentPhysicalHealth Bronze ForEach failed,2026-08-20T00:29:28.539Z,2026-08-20T02:40:07.937Z,7839,2026-08-20T02:40:07.937Z,B46,Washington DC,2e0eb052-bb28-45b1-894f-8dc0851c56cc,SAMMS-WashingtonDCv5
202608200219259160,202608200029239343,202608200029237018,85,3938,Bronze INV,br_ReAssessmentPhysicalHealth,TASK_COMPLETE,FAILED,ERROR,1575,1575,1,SaveReAssessmentPhysicalHealth Bronze ForEach failed,2026-08-20T00:29:28.539Z,2026-08-20T02:40:07.937Z,7839,2026-08-20T02:40:07.937Z,B47,Mobile,2e0eb052-bb28-45b1-894f-8dc0851c56cc,SAMMS-MobileV5
202608200219259161,202608200029239344,202608200029237018,85,3939,Bronze INV,br_ReAssessmentPhysicalHealth,TASK_COMPLETE,FAILED,ERROR,1301,1301,1,SaveReAssessmentPhysicalHealth Bronze ForEach failed,2026-08-20T00:29:28.539Z,2026-08-20T02:40:07.937Z,7839,2026-08-20T02:40:07.937Z,B48,Tuscaloosa,2e0eb052-bb28-45b1-894f-8dc0851c56cc,SAMMS-TuscaloosaV5
202608200219259162,202608200029239345,202608200029237018,85,3948,Bronze INV,br_ReAssessmentPhysicalHealth,TASK_COMPLETE,FAILED,ERROR,3,3,1,SaveReAssessmentPhysicalHealth Bronze ForEach failed,2026-08-20T00:29:28.539Z,2026-08-20T02:40:07.937Z,7839,2026-08-20T02:40:07.937Z,B51,N. Little Rock (OTP),2e0eb052-bb28-45b1-894f-8dc0851c56cc,SAMMS-NorthLittleRockV6
202608200219259163,202608200029239346,202608200029237018,85,3949,Bronze INV,br_ReAssessmentPhysicalHealth,TASK_COMPLETE,FAILED,ERROR,460,460,1,SaveReAssessmentPhysicalHealth Bronze ForEach failed,2026-08-20T00:29:28.539Z,2026-08-20T02:40:07.937Z,7839,2026-08-20T02:40:07.937Z,B52,Jackson GA,2e0eb052-bb28-45b1-894f-8dc0851c56cc,SAMMS-JacksonGAV5
202608200219259165,202608200029239347,202608200029237018,85,3950,Bronze INV,br_ReAssessmentPhysicalHealth,TASK_COMPLETE,FAILED,ERROR,1704,1704,1,SaveReAssessmentPhysicalHealth Bronze ForEach failed,2026-08-20T00:29:28.539Z,2026-08-20T02:40:07.937Z,7839,2026-08-20T02:40:07.937Z,B54,Gadsden,2e0eb052-bb28-45b1-894f-8dc0851c56cc,SAMMS-GadsdenV5
202608200219259166,202608200029239348,202608200029237018,85,3951,Bronze INV,br_ReAssessmentPhysicalHealth,TASK_COMPLETE,FAILED,ERROR,956,956,1,SaveReAssessmentPhysicalHealth Bronze ForEach failed,2026-08-20T00:29:28.539Z,2026-08-20T02:40:07.937Z,7839,2026-08-20T02:40:07.937Z,B55,Shoals,2e0eb052-bb28-45b1-894f-8dc0851c56cc,SAMMS-ShoalsV5
202608200219259167,202608200029239349,202608200029237018,85,3952,Bronze INV,br_ReAssessmentPhysicalHealth,TASK_COMPLETE,FAILED,ERROR,294,294,1,SaveReAssessmentPhysicalHealth Bronze ForEach failed,2026-08-20T00:29:28.539Z,2026-08-20T02:40:07.937Z,7839,2026-08-20T02:40:07.937Z,B57,Pawtucket,2e0eb052-bb28-45b1-894f-8dc0851c56cc,SAMMS-Pawtucket
202608200219259168,202608200029239350,202608200029237018,85,3953,Bronze INV,br_ReAssessmentPhysicalHealth,TASK_COMPLETE,FAILED,ERROR,555,555,1,SaveReAssessmentPhysicalHealth Bronze ForEach failed,2026-08-20T00:29:28.539Z,2026-08-20T02:40:07.937Z,7839,2026-08-20T02:40:07.937Z,B57A,Johnston,2e0eb052-bb28-45b1-894f-8dc0851c56cc,SAMMS-Johnston
202608200219259169,202608200029239351,202608200029237018,85,3954,Bronze INV,br_ReAssessmentPhysicalHealth,TASK_COMPLETE,FAILED,ERROR,166,166,1,SaveReAssessmentPhysicalHealth Bronze ForEach failed,2026-08-20T00:29:28.539Z,2026-08-20T02:40:07.937Z,7839,2026-08-20T02:40:07.937Z,B57B,Middletown,2e0eb052-bb28-45b1-894f-8dc0851c56cc,SAMMS-Middletown
202608200219259170,202608200029239352,202608200029237018,85,3955,Bronze INV,br_ReAssessmentPhysicalHealth,TASK_COMPLETE,FAILED,ERROR,414,414,1,SaveReAssessmentPhysicalHealth Bronze ForEach failed,2026-08-20T00:29:28.539Z,2026-08-20T02:40:07.937Z,7839,2026-08-20T02:40:07.937Z,B57C,Providence,2e0eb052-bb28-45b1-894f-8dc0851c56cc,SAMMS-Providence
202608200219259172,202608200029239353,202608200029237018,85,3956,Bronze INV,br_ReAssessmentPhysicalHealth,TASK_COMPLETE,FAILED,ERROR,631,631,1,SaveReAssessmentPhysicalHealth Bronze ForEach failed,2026-08-20T00:29:28.539Z,2026-08-20T02:40:07.937Z,7839,2026-08-20T02:40:07.937Z,B57D,Westerly,2e0eb052-bb28-45b1-894f-8dc0851c56cc,SAMMS-Westerly
202608200219259173,202608200029239354,202608200029237018,85,3960,Bronze INV,br_ReAssessmentPhysicalHealth,TASK_COMPLETE,FAILED,ERROR,4,4,1,SaveReAssessmentPhysicalHealth Bronze ForEach failed,2026-08-20T00:29:28.539Z,2026-08-20T02:40:07.937Z,7839,2026-08-20T02:40:07.937Z,B66A,Bremen,2e0eb052-bb28-45b1-894f-8dc0851c56cc,SAMMS-Bremen
202608200219257579,202608200029237803,202608200029237018,85,1855,Bronze INV,br_Appointments,TASK_COMPLETE,FAILED,ERROR,46997,46997,1,SaveAppointments Bronze ForEach failed,2026-08-20T00:29:28.539Z,2026-08-20T02:40:07.937Z,7839,2026-08-20T02:40:07.937Z,V11,Westminster,2e0eb052-bb28-45b1-894f-8dc0851c56cc,SAMMS-VCPHCS-XI-NorthDenverV5
202608200219257581,202608200029237804,202608200029237018,85,1856,Bronze INV,br_Appointments,TASK_COMPLETE,FAILED,ERROR,44687,44687,1,SaveAppointments Bronze ForEach failed,2026-08-20T00:29:28.539Z,2026-08-20T02:40:07.937Z,7839,2026-08-20T02:40:07.937Z,V12,Downtown Denver,2e0eb052-bb28-45b1-894f-8dc0851c56cc,SAMMS-VCPHCS-XII-DowntownDenverV5
202608200219257582,202608200029237805,202608200029237018,85,1857,Bronze INV,br_Appointments,TASK_COMPLETE,FAILED,ERROR,18725,18725,1,SaveAppointments Bronze ForEach failed,2026-08-20T00:29:28.539Z,2026-08-20T02:40:07.937Z,7839,2026-08-20T02:40:07.937Z,V12A,Centennial,2e0eb052-bb28-45b1-894f-8dc0851c56cc,SAMMS-CentennialV5
202608200219257583,202608200029237806,202608200029237018,85,1858,Bronze INV,br_Appointments,TASK_COMPLETE,FAILED,ERROR,9640,9640,1,SaveAppointments Bronze ForEach failed,2026-08-20T00:29:28.539Z,2026-08-20T02:40:07.937Z,7839,2026-08-20T02:40:07.937Z,V14,Overland Park,2e0eb052-bb28-45b1-894f-8dc0851c56cc,SAMMS-VCPHCS-XIV-BridgewayV5
202608200219257584,202608200029237807,202608200029237018,85,1859,Bronze INV,br_Appointments,TASK_COMPLETE,FAILED,ERROR,5404,5404,1,SaveAppointments Bronze ForEach failed,2026-08-20T00:29:28.539Z,2026-08-20T02:40:07.937Z,7839,2026-08-20T02:40:07.937Z,V15,Joplin,2e0eb052-bb28-45b1-894f-8dc0851c56cc,SAMMS-JoplinV5
202608200219257585,202608200029237808,202608200029237018,85,1861,Bronze INV,br_Appointments,TASK_COMPLETE,FAILED,ERROR,8882,8882,1,SaveAppointments Bronze ForEach failed,2026-08-20T00:29:28.539Z,2026-08-20T02:40:07.937Z,7839,2026-08-20T02:40:07.937Z,V17,Columbia TN,2e0eb052-bb28-45b1-894f-8dc0851c56cc,SAMMS-ColumbiaTNv5
202608200219257586,202608200029237809,202608200029237018,85,1863,Bronze INV,br_Appointments,TASK_COMPLETE,FAILED,ERROR,30798,30798,1,SaveAppointments Bronze ForEach failed,2026-08-20T00:29:28.539Z,2026-08-20T02:40:07.937Z,7839,2026-08-20T02:40:07.937Z,V19,Jackson,2e0eb052-bb28-45b1-894f-8dc0851c56cc,SAMMS-JacksonV5
202608200219257587,202608200029237810,202608200029237018,85,1865,Bronze INV,br_Appointments,TASK_COMPLETE,FAILED,ERROR,30375,30375,1,SaveAppointments Bronze ForEach failed,2026-08-20T00:29:28.539Z,2026-08-20T02:40:07.937Z,7839,2026-08-20T02:40:07.937Z,V20,Paris,2e0eb052-bb28-45b1-894f-8dc0851c56cc,SAMMS-ParisV5
202608200219257588,202608200029237811,202608200029237018,85,1866,Bronze INV,br_Appointments,TASK_COMPLETE,FAILED,ERROR,38240,38240,1,SaveAppointments Bronze ForEach failed,2026-08-20T00:29:28.539Z,2026-08-20T02:40:07.937Z,7839,2026-08-20T02:40:07.937Z,V21,Memphis North,2e0eb052-bb28-45b1-894f-8dc0851c56cc,SAMMS-RaleighV5
202608200219257589,202608200029237812,202608200029237018,85,1869,Bronze INV,br_Appointments,TASK_COMPLETE,FAILED,ERROR,24892,24892,1,SaveAppointments Bronze ForEach failed,2026-08-20T00:29:28.539Z,2026-08-20T02:40:07.937Z,7839,2026-08-20T02:40:07.937Z,V5,West Bank,2e0eb052-bb28-45b1-894f-8dc0851c56cc,SAMMS-NONTCv5
202608200219257590,202608200029237813,202608200029237018,85,1871,Bronze INV,br_Appointments,TASK_COMPLETE,FAILED,ERROR,4505,4505,1,SaveAppointments Bronze ForEach failed,2026-08-20T00:29:28.539Z,2026-08-20T02:40:07.937Z,7839,2026-08-20T02:40:07.937Z,V5B,Houma,2e0eb052-bb28-45b1-894f-8dc0851c56cc,SAMMS-HoumaV6
202608200219257592,202608200029237814,202608200029237018,85,1872,Bronze INV,br_Appointments,TASK_COMPLETE,FAILED,ERROR,43664,43664,1,SaveAppointments Bronze ForEach failed,2026-08-20T00:29:28.539Z,2026-08-20T02:40:07.937Z,7839,2026-08-20T02:40:07.937Z,V6,Lake Charles,2e0eb052-bb28-45b1-894f-8dc0851c56cc,SAMMS-LCv5
202608200219257593,202608200029237815,202608200029237018,85,1874,Bronze INV,br_Appointments,TASK_COMPLETE,FAILED,ERROR,13222,13222,1,SaveAppointments Bronze ForEach failed,2026-08-20T00:29:28.539Z,2026-08-20T02:40:07.937Z,7839,2026-08-20T02:40:07.937Z,V8,Memphis Midtown,2e0eb052-bb28-45b1-894f-8dc0851c56cc,SAMMS-VCPHCS-VIII-MemphisV5
202608200219257594,202608200029237816,202608200029237018,85,1875,Bronze INV,br_Appointments,TASK_COMPLETE,FAILED,ERROR,56502,56502,1,SaveAppointments Bronze ForEach failed,2026-08-20T00:29:28.539Z,2026-08-20T02:40:07.937Z,7839,2026-08-20T02:40:07.937Z,V9,Nashville,2e0eb052-bb28-45b1-894f-8dc0851c56cc,SAMMS-NashvilleV5
202608200219257595,202608200029237817,202608200029237018,85,1876,Bronze INV,br_Appointments,TASK_COMPLETE,FAILED,ERROR,20272,20272,1,SaveAppointments Bronze ForEach failed,2026-08-20T00:29:28.539Z,2026-08-20T02:40:07.937Z,7839,2026-08-20T02:40:07.937Z,VBRA,Brainerd,2e0eb052-bb28-45b1-894f-8dc0851c56cc,SAMMS-BrainerdV6
202608200219257596,202608200029237818,202608200029237018,85,1877,Bronze INV,br_Appointments,TASK_COMPLETE,FAILED,ERROR,78672,78672,1,SaveAppointments Bronze ForEach failed,2026-08-20T00:29:28.539Z,2026-08-20T02:40:07.937Z,7839,2026-08-20T02:40:07.937Z,VBRP,Brooklyn Park,2e0eb052-bb28-45b1-894f-8dc0851c56cc,SAMMS-BrooklynParkV6
202608200219257597,202608200029237819,202608200029237018,85,1879,Bronze INV,br_Appointments,TASK_COMPLETE,FAILED,ERROR,40632,40632,1,SaveAppointments Bronze ForEach failed,2026-08-20T00:29:28.539Z,2026-08-20T02:40:07.937Z,7839,2026-08-20T02:40:07.937Z,VMIN,Minneapolis,2e0eb052-bb28-45b1-894f-8dc0851c56cc,SAMMS-MinneapolisV6
202608200219257598,202608200029237820,202608200029237018,85,1880,Bronze INV,br_Appointments,TASK_COMPLETE,FAILED,ERROR,88805,88805,1,SaveAppointments Bronze ForEach failed,2026-08-20T00:29:28.539Z,2026-08-20T02:40:07.937Z,7839,2026-08-20T02:40:07.937Z,VWBY,Woodbury,2e0eb052-bb28-45b1-894f-8dc0851c56cc,SAMMS-WoodburyV6
202608200219257599,202608200029237821,202608200029237018,85,1882,Bronze INV,br_Appointments,TASK_COMPLETE,FAILED,ERROR,12603,12603,1,SaveAppointments Bronze ForEach failed,2026-08-20T00:29:28.539Z,2026-08-20T02:40:07.937Z,7839,2026-08-20T02:40:07.937Z,WIL,Wilson,2e0eb052-bb28-45b1-894f-8dc0851c56cc,SAMMS-Wilson
202608200219257701,202608200029337042,202608200029337018,86,8583,Silver INV,sl_Appointments,TASK_COMPLETE,SKIPPED,WARN,0,0,0,Skipped: SaveAppointments failed at BR,2026-08-20T00:29:28.539Z,2026-08-20T02:40:07.937Z,7839,2026-08-20T02:40:07.937Z,,,2e0eb052-bb28-45b1-894f-8dc0851c56cc,
202608200219257618,202608200029237134,202608200029237018,85,1886,Bronze INV,br_Bottle,TASK_COMPLETE,FAILED,ERROR,1857,1857,1,SaveBottles Bronze ForEach failed,2026-08-20T00:29:28.539Z,2026-08-20T02:40:07.937Z,7839,2026-08-20T02:40:07.937Z,AHK,Ahoskie,2e0eb052-bb28-45b1-894f-8dc0851c56cc,SAMMS-Ahoskie
202608200219257619,202608200029237135,202608200029237018,85,1887,Bronze INV,br_Bottle,TASK_COMPLETE,FAILED,ERROR,2792,2792,1,SaveBottles Bronze ForEach failed,2026-08-20T00:29:28.539Z,2026-08-20T02:40:07.937Z,7839,2026-08-20T02:40:07.937Z,B12B,Colorado Springs,2e0eb052-bb28-45b1-894f-8dc0851c56cc,SAMMS-ColoradoSpringsV5
202608200219257621,202608200029237136,202608200029237018,85,1888,Bronze INV,br_Bottle,TASK_COMPLETE,FAILED,ERROR,25499,25499,1,SaveBottles Bronze ForEach failed,2026-08-20T00:29:28.539Z,2026-08-20T02:40:07.937Z,7839,2026-08-20T02:40:07.937Z,B24,Paintsville,2e0eb052-bb28-45b1-894f-8dc0851c56cc,SAMMS-PaintsvilleV5
202608200219257622,202608200029237137,202608200029237018,85,1889,Bronze INV,br_Bottle,TASK_COMPLETE,FAILED,ERROR,28172,28172,1,SaveBottles Bronze ForEach failed,2026-08-20T00:29:28.539Z,2026-08-20T02:40:07.937Z,7839,2026-08-20T02:40:07.937Z,B25,Pikeville,2e0eb052-bb28-45b1-894f-8dc0851c56cc,SAMMS-PikevilleV5
202608200219257623,202608200029237138,202608200029237018,85,1890,Bronze INV,br_Bottle,TASK_COMPLETE,FAILED,ERROR,51690,51690,1,SaveBottles Bronze ForEach failed,2026-08-20T00:29:28.539Z,2026-08-20T02:40:07.937Z,7839,2026-08-20T02:40:07.937Z,B26,Hazard,2e0eb052-bb28-45b1-894f-8dc0851c56cc,SAMMS-HazardV5
202608200219257624,202608200029237139,202608200029237018,85,1891,Bronze INV,br_Bottle,TASK_COMPLETE,FAILED,ERROR,1857,1857,1,SaveBottles Bronze ForEach failed,2026-08-20T00:29:28.539Z,2026-08-20T02:40:07.937Z,7839,2026-08-20T02:40:07.937Z,B27,Savannah,2e0eb052-bb28-45b1-894f-8dc0851c56cc,SAMMS-SavannahV6
202608200219257625,202608200029237140,202608200029237018,85,1892,Bronze INV,br_Bottle,TASK_COMPLETE,FAILED,ERROR,20161,20161,1,SaveBottles Bronze ForEach failed,2026-08-20T00:29:28.539Z,2026-08-20T02:40:07.937Z,7839,2026-08-20T02:40:07.937Z,B28,West Plains,2e0eb052-bb28-45b1-894f-8dc0851c56cc,SAMMS-WestPlainesV5
202608200219257626,202608200029237141,202608200029237018,85,1893,Bronze INV,br_Bottle,TASK_COMPLETE,FAILED,ERROR,16864,16864,1,SaveBottles Bronze ForEach failed,2026-08-20T00:29:28.539Z,2026-08-20T02:40:07.937Z,7839,2026-08-20T02:40:07.937Z,B29,Poplar Bluff,2e0eb052-bb28-45b1-894f-8dc0851c56cc,SAMMS-PoplarBluffV5
202608200219257628,202608200029237142,202608200029237018,85,1894,Bronze INV,br_Bottle,TASK_COMPLETE,FAILED,ERROR,7496,7496,1,SaveBottles Bronze ForEach failed,2026-08-20T00:29:28.539Z,2026-08-20T02:40:07.937Z,7839,2026-08-20T02:40:07.937Z,B30,KC North,2e0eb052-bb28-45b1-894f-8dc0851c56cc,SAMMS-KCNv5
202608200219257629,202608200029237143,202608200029237018,85,1895,Bronze INV,br_Bottle,TASK_COMPLETE,FAILED,ERROR,42328,42328,1,SaveBottles Bronze ForEach failed,2026-08-20T00:29:28.539Z,2026-08-20T02:40:07.937Z,7839,2026-08-20T02:40:07.937Z,B31,Dyersburg,2e0eb052-bb28-45b1-894f-8dc0851c56cc,SAMMS-DyersburgV5
202608200219257630,202608200029237144,202608200029237018,85,1897,Bronze INV,br_Bottle,TASK_COMPLETE,FAILED,ERROR,25121,25121,1,SaveBottles Bronze ForEach failed,2026-08-20T00:29:28.539Z,2026-08-20T02:40:07.937Z,7839,2026-08-20T02:40:07.937Z,B33,Paducah,2e0eb052-bb28-45b1-894f-8dc0851c56cc,SAMMS-Paducah
202608200219257631,202608200029237145,202608200029237018,85,1898,Bronze INV,br_Bottle,TASK_COMPLETE,FAILED,ERROR,31919,31919,1,SaveBottles Bronze ForEach failed,2026-08-20T00:29:28.539Z,2026-08-20T02:40:07.937Z,7839,2026-08-20T02:40:07.937Z,B34,Corbin,2e0eb052-bb28-45b1-894f-8dc0851c56cc,SAMMS-CorbinV5
202608200219257632,202608200029237146,202608200029237018,85,1899,Bronze INV,br_Bottle,TASK_COMPLETE,FAILED,ERROR,57967,57967,1,SaveBottles Bronze ForEach failed,2026-08-20T00:29:28.539Z,2026-08-20T02:40:07.937Z,7839,2026-08-20T02:40:07.937Z,B35,Lexington,2e0eb052-bb28-45b1-894f-8dc0851c56cc,SAMMS-LexingtonV5
202608200219257633,202608200029237147,202608200029237018,85,1900,Bronze INV,br_Bottle,TASK_COMPLETE,FAILED,ERROR,11373,11373,1,SaveBottles Bronze ForEach failed,2026-08-20T00:29:28.539Z,2026-08-20T02:40:07.937Z,7839,2026-08-20T02:40:07.937Z,B35A,Berea,2e0eb052-bb28-45b1-894f-8dc0851c56cc,SAMMS-BereaV5
202608200219257634,202608200029237148,202608200029237018,85,1901,Bronze INV,br_Bottle,TASK_COMPLETE,FAILED,ERROR,34182,34182,1,SaveBottles Bronze ForEach failed,2026-08-20T00:29:28.539Z,2026-08-20T02:40:07.937Z,7839,2026-08-20T02:40:07.937Z,B36,Asheville,2e0eb052-bb28-45b1-894f-8dc0851c56cc,SAMMS-AshevilleV5
202608200219257636,202608200029237149,202608200029237018,85,1902,Bronze INV,br_Bottle,TASK_COMPLETE,FAILED,ERROR,20447,20447,1,SaveBottles Bronze ForEach failed,2026-08-20T00:29:28.539Z,2026-08-20T02:40:07.937Z,7839,2026-08-20T02:40:07.937Z,B37,Clyde,2e0eb052-bb28-45b1-894f-8dc0851c56cc,SAMMS-ClydeV5
202608200219257637,202608200029237150,202608200029237018,85,1903,Bronze INV,br_Bottle,TASK_COMPLETE,FAILED,ERROR,24720,24720,1,SaveBottles Bronze ForEach failed,2026-08-20T00:29:28.539Z,2026-08-20T02:40:07.937Z,7839,2026-08-20T02:40:07.937Z,B38,Spartanburg,2e0eb052-bb28-45b1-894f-8dc0851c56cc,SAMMS-SpartanburgV5
202608200219257638,202608200029237151,202608200029237018,85,1904,Bronze INV,br_Bottle,TASK_COMPLETE,FAILED,ERROR,6533,6533,1,SaveBottles Bronze ForEach failed,2026-08-20T00:29:28.539Z,2026-08-20T02:40:07.937Z,7839,2026-08-20T02:40:07.937Z,B39,Aiken,2e0eb052-bb28-45b1-894f-8dc0851c56cc,SAMMS-AikenV5
202608200219259368,202608200029239621,202608200029237018,85,4216,Bronze INV,br_ReAssessmentSocial,TASK_COMPLETE,FAILED,ERROR,358,358,1,SaveReAssessmentSocial Bronze ForEach failed,2026-08-20T00:29:28.539Z,2026-08-20T02:40:07.937Z,7839,2026-08-20T02:40:07.937Z,MNRE,Monroe,2e0eb052-bb28-45b1-894f-8dc0851c56cc,SAMMS-Monroe
202608200219259369,202608200029239622,202608200029237018,85,4217,Bronze INV,br_ReAssessmentSocial,TASK_COMPLETE,FAILED,ERROR,1422,1422,1,SaveReAssessmentSocial Bronze ForEach failed,2026-08-20T00:29:28.539Z,2026-08-20T02:40:07.937Z,7839,2026-08-20T02:40:07.937Z,MP,Mt. Pleasant,2e0eb052-bb28-45b1-894f-8dc0851c56cc,SAMMS-MtPleasant
202608200219259370,202608200029239623,202608200029237018,85,4218,Bronze INV,br_ReAssessmentSocial,TASK_COMPLETE,FAILED,ERROR,153,153,1,SaveReAssessmentSocial Bronze ForEach failed,2026-08-20T00:29:28.539Z,2026-08-20T02:40:07.937Z,7839,2026-08-20T02:40:07.937Z,MRD,Meridian,2e0eb052-bb28-45b1-894f-8dc0851c56cc,SAMMS-Meridian
202608200219259371,202608200029239624,202608200029237018,85,4223,Bronze INV,br_ReAssessmentSocial,TASK_COMPLETE,FAILED,ERROR,693,693,1,SaveReAssessmentSocial Bronze ForEach failed,2026-08-20T00:29:28.539Z,2026-08-20T02:40:07.937Z,7839,2026-08-20T02:40:07.937Z,NC,North Charleston,2e0eb052-bb28-45b1-894f-8dc0851c56cc,SAMMS-NorthCharleston
202608200219259372,202608200029239625,202608200029237018,85,4224,Bronze INV,br_ReAssessmentSocial,TASK_COMPLETE,FAILED,ERROR,0,0,1,SaveReAssessmentSocial Bronze ForEach failed,2026-08-20T00:29:28.539Z,2026-08-20T02:40:07.937Z,7839,2026-08-20T02:40:07.937Z,NLR,N. Little Rock,2e0eb052-bb28-45b1-894f-8dc0851c56cc,SAMMS-NLROBOT
202608200219259373,202608200029239626,202608200029237018,85,4225,Bronze INV,br_ReAssessmentSocial,TASK_COMPLETE,FAILED,ERROR,111,111,1,SaveReAssessmentSocial Bronze ForEach failed,2026-08-20T00:29:28.539Z,2026-08-20T02:40:07.937Z,7839,2026-08-20T02:40:07.937Z,PH,Phoenix,2e0eb052-bb28-45b1-894f-8dc0851c56cc,SAMMS-Phoenix
202608200219259375,202608200029239627,202608200029237018,85,4229,Bronze INV,br_ReAssessmentSocial,TASK_COMPLETE,FAILED,ERROR,213,213,1,SaveReAssessmentSocial Bronze ForEach failed,2026-08-20T00:29:28.539Z,2026-08-20T02:40:07.937Z,7839,2026-08-20T02:40:07.937Z,RE,Reno,2e0eb052-bb28-45b1-894f-8dc0851c56cc,SAMMS-Reno
202608200219259376,202608200029239628,202608200029237018,85,4230,Bronze INV,br_ReAssessmentSocial,TASK_COMPLETE,FAILED,ERROR,87,87,1,SaveReAssessmentSocial Bronze ForEach failed,2026-08-20T00:29:28.539Z,2026-08-20T02:40:07.937Z,7839,2026-08-20T02:40:07.937Z,RMD,Richmond,2e0eb052-bb28-45b1-894f-8dc0851c56cc,SAMMS-Richmond
202608200219259377,202608200029239629,202608200029237018,85,4231,Bronze INV,br_ReAssessmentSocial,TASK_COMPLETE,FAILED,ERROR,589,589,1,SaveReAssessmentSocial Bronze ForEach failed,2026-08-20T00:29:28.539Z,2026-08-20T02:40:07.937Z,7839,2026-08-20T02:40:07.937Z,SFN,Springfield North,2e0eb052-bb28-45b1-894f-8dc0851c56cc,SAMMS-SFNv5
202608200219259378,202608200029239630,202608200029237018,85,4232,Bronze INV,br_ReAssessmentSocial,TASK_COMPLETE,FAILED,ERROR,762,762,1,SaveReAssessmentSocial Bronze ForEach failed,2026-08-20T00:29:28.539Z,2026-08-20T02:40:07.937Z,7839,2026-08-20T02:40:07.937Z,SHP,Shreveport,2e0eb052-bb28-45b1-894f-8dc0851c56cc,SAMMS-Shreveport
202608200219259379,202608200029239631,202608200029237018,85,4234,Bronze INV,br_ReAssessmentSocial,TASK_COMPLETE,FAILED,ERROR,483,483,1,SaveReAssessmentSocial Bronze ForEach failed,2026-08-20T00:29:28.539Z,2026-08-20T02:40:07.937Z,7839,2026-08-20T02:40:07.937Z,STN,Staunton,2e0eb052-bb28-45b1-894f-8dc0851c56cc,SAMMS-Staunton
202608200219259380,202608200029239632,202608200029237018,85,4235,Bronze INV,br_ReAssessmentSocial,TASK_COMPLETE,FAILED,ERROR,225,225,1,SaveReAssessmentSocial Bronze ForEach failed,2026-08-20T00:29:28.539Z,2026-08-20T02:40:07.937Z,7839,2026-08-20T02:40:07.937Z,STVN,Stevenson,2e0eb052-bb28-45b1-894f-8dc0851c56cc,SAMMS-Stevenson
202608200219259382,202608200029239633,202608200029237018,85,4237,Bronze INV,br_ReAssessmentSocial,TASK_COMPLETE,FAILED,ERROR,173,173,1,SaveReAssessmentSocial Bronze ForEach failed,2026-08-20T00:29:28.539Z,2026-08-20T02:40:07.937Z,7839,2026-08-20T02:40:07.937Z,TE,Tempe,2e0eb052-bb28-45b1-894f-8dc0851c56cc,SAMMS-Tempe
202608200219259383,202608200029239634,202608200029237018,85,4238,Bronze INV,br_ReAssessmentSocial,TASK_COMPLETE,FAILED,ERROR,0,0,1,SaveReAssessmentSocial Bronze ForEach failed,2026-08-20T00:29:28.539Z,2026-08-20T02:40:07.937Z,7839,2026-08-20T02:40:07.937Z,TEX,Texarkana,2e0eb052-bb28-45b1-894f-8dc0851c56cc,SAMMS-Texarkana
202608200219259384,202608200029239635,202608200029237018,85,4239,Bronze INV,br_ReAssessmentSocial,TASK_COMPLETE,FAILED,ERROR,1069,1069,1,SaveReAssessmentSocial Bronze ForEach failed,2026-08-20T00:29:28.539Z,2026-08-20T02:40:07.937Z,7839,2026-08-20T02:40:07.937Z,TTCA,Bessemer,2e0eb052-bb28-45b1-894f-8dc0851c56cc,SAMMS-BessemerV5
202608200219259385,202608200029239636,202608200029237018,85,4240,Bronze INV,br_ReAssessmentSocial,TASK_COMPLETE,FAILED,ERROR,1315,1315,1,SaveReAssessmentSocial Bronze ForEach failed,2026-08-20T00:29:28.539Z,2026-08-20T02:40:07.937Z,7839,2026-08-20T02:40:07.937Z,TTCB,Cullman,2e0eb052-bb28-45b1-894f-8dc0851c56cc,SAMMS-CullmanV5
202608200219259386,202608200029239637,202608200029237018,85,4241,Bronze INV,br_ReAssessmentSocial,TASK_COMPLETE,FAILED,ERROR,939,939,1,SaveReAssessmentSocial Bronze ForEach failed,2026-08-20T00:29:28.539Z,2026-08-20T02:40:07.937Z,7839,2026-08-20T02:40:07.937Z,TTCC,Grand Bay,2e0eb052-bb28-45b1-894f-8dc0851c56cc,SAMMS-GrandBay
202608200219259388,202608200029239638,202608200029237018,85,4242,Bronze INV,br_ReAssessmentSocial,TASK_COMPLETE,FAILED,ERROR,15,15,1,SaveReAssessmentSocial Bronze ForEach failed,2026-08-20T00:29:28.539Z,2026-08-20T02:40:07.937Z,7839,2026-08-20T02:40:07.937Z,TU,Tucson,2e0eb052-bb28-45b1-894f-8dc0851c56cc,SAMMS-Tucson
202608200219259389,202608200029239639,202608200029237018,85,4244,Bronze INV,br_ReAssessmentSocial,TASK_COMPLETE,FAILED,ERROR,660,660,1,SaveReAssessmentSocial Bronze ForEach failed,2026-08-20T00:29:28.539Z,2026-08-20T02:40:07.937Z,7839,2026-08-20T02:40:07.937Z,V1,Memphis South,2e0eb052-bb28-45b1-894f-8dc0851c56cc,SAMMS-VCPHCS-I-MemphisV5
202608200219259390,202608200029239640,202608200029237018,85,4245,Bronze INV,br_ReAssessmentSocial,TASK_COMPLETE,FAILED,ERROR,1626,1626,1,SaveReAssessmentSocial Bronze ForEach failed,2026-08-20T00:29:28.539Z,2026-08-20T02:40:07.937Z,7839,2026-08-20T02:40:07.937Z,V10,Longmont,2e0eb052-bb28-45b1-894f-8dc0851c56cc,SAMMS-BoulderV5
202608200219259391,202608200029239641,202608200029237018,85,4246,Bronze INV,br_ReAssessmentSocial,TASK_COMPLETE,FAILED,ERROR,1511,1511,1,SaveReAssessmentSocial Bronze ForEach failed,2026-08-20T00:29:28.539Z,2026-08-20T02:40:07.937Z,7839,2026-08-20T02:40:07.937Z,V10A,Fort Collins,2e0eb052-bb28-45b1-894f-8dc0851c56cc,SAMMS-FortCollinsV5
202608200219259392,202608200029239642,202608200029237018,85,4247,Bronze INV,br_ReAssessmentSocial,TASK_COMPLETE,FAILED,ERROR,2864,2864,1,SaveReAssessmentSocial Bronze ForEach failed,2026-08-20T00:29:28.539Z,2026-08-20T02:40:07.937Z,7839,2026-08-20T02:40:07.937Z,V11,Westminster,2e0eb052-bb28-45b1-894f-8dc0851c56cc,SAMMS-VCPHCS-XI-NorthDenverV5
202608200219259393,202608200029239643,202608200029237018,85,4248,Bronze INV,br_ReAssessmentSocial,TASK_COMPLETE,FAILED,ERROR,3024,3024,1,SaveReAssessmentSocial Bronze ForEach failed,2026-08-20T00:29:28.539Z,2026-08-20T02:40:07.937Z,7839,2026-08-20T02:40:07.937Z,V12,Downtown Denver,2e0eb052-bb28-45b1-894f-8dc0851c56cc,SAMMS-VCPHCS-XII-DowntownDenverV5
202608200219259394,202608200029239644,202608200029237018,85,4249,Bronze INV,br_ReAssessmentSocial,TASK_COMPLETE,FAILED,ERROR,1132,1132,1,SaveReAssessmentSocial Bronze ForEach failed,2026-08-20T00:29:28.539Z,2026-08-20T02:40:07.937Z,7839,2026-08-20T02:40:07.937Z,V12A,Centennial,2e0eb052-bb28-45b1-894f-8dc0851c56cc,SAMMS-CentennialV5
202608200219259395,202608200029239645,202608200029237018,85,4250,Bronze INV,br_ReAssessmentSocial,TASK_COMPLETE,FAILED,ERROR,293,293,1,SaveReAssessmentSocial Bronze ForEach failed,2026-08-20T00:29:28.539Z,2026-08-20T02:40:07.937Z,7839,2026-08-20T02:40:07.937Z,V14,Overland Park,2e0eb052-bb28-45b1-894f-8dc0851c56cc,SAMMS-VCPHCS-XIV-BridgewayV5
202608200219259396,202608200029239646,202608200029237018,85,4251,Bronze INV,br_ReAssessmentSocial,TASK_COMPLETE,FAILED,ERROR,608,608,1,SaveReAssessmentSocial Bronze ForEach failed,2026-08-20T00:29:28.539Z,2026-08-20T02:40:07.937Z,7839,2026-08-20T02:40:07.937Z,V15,Joplin,2e0eb052-bb28-45b1-894f-8dc0851c56cc,SAMMS-JoplinV5
202608200219259398,202608200029239647,202608200029237018,85,4253,Bronze INV,br_ReAssessmentSocial,TASK_COMPLETE,FAILED,ERROR,901,901,1,SaveReAssessmentSocial Bronze ForEach failed,2026-08-20T00:29:28.539Z,2026-08-20T02:40:07.937Z,7839,2026-08-20T02:40:07.937Z,V17,Columbia TN,2e0eb052-bb28-45b1-894f-8dc0851c56cc,SAMMS-ColumbiaTNv5
202608200219259399,202608200029239648,202608200029237018,85,4255,Bronze INV,br_ReAssessmentSocial,TASK_COMPLETE,FAILED,ERROR,533,533,1,SaveReAssessmentSocial Bronze ForEach failed,2026-08-20T00:29:28.539Z,2026-08-20T02:40:07.937Z,7839,2026-08-20T02:40:07.937Z,V19,Jackson,2e0eb052-bb28-45b1-894f-8dc0851c56cc,SAMMS-JacksonV5
202608200219259400,202608200029239649,202608200029237018,85,4257,Bronze INV,br_ReAssessmentSocial,TASK_COMPLETE,FAILED,ERROR,1758,1758,1,SaveReAssessmentSocial Bronze ForEach failed,2026-08-20T00:29:28.539Z,2026-08-20T02:40:07.937Z,7839,2026-08-20T02:40:07.937Z,V20,Paris,2e0eb052-bb28-45b1-894f-8dc0851c56cc,SAMMS-ParisV5
202608200219259401,202608200029239650,202608200029237018,85,4258,Bronze INV,br_ReAssessmentSocial,TASK_COMPLETE,FAILED,ERROR,723,723,1,SaveReAssessmentSocial Bronze ForEach failed,2026-08-20T00:29:28.539Z,2026-08-20T02:40:07.937Z,7839,2026-08-20T02:40:07.937Z,V21,Memphis North,2e0eb052-bb28-45b1-894f-8dc0851c56cc,SAMMS-RaleighV5
202608200219259402,202608200029239651,202608200029237018,85,4261,Bronze INV,br_ReAssessmentSocial,TASK_COMPLETE,FAILED,ERROR,1770,1770,1,SaveReAssessmentSocial Bronze ForEach failed,2026-08-20T00:29:28.539Z,2026-08-20T02:40:07.937Z,7839,2026-08-20T02:40:07.937Z,V5,West Bank,2e0eb052-bb28-45b1-894f-8dc0851c56cc,SAMMS-NONTCv5
202608200219259403,202608200029239652,202608200029237018,85,4263,Bronze INV,br_ReAssessmentSocial,TASK_COMPLETE,FAILED,ERROR,144,144,1,SaveReAssessmentSocial Bronze ForEach failed,2026-08-20T00:29:28.539Z,2026-08-20T02:40:07.937Z,7839,2026-08-20T02:40:07.937Z,V5B,Houma,2e0eb052-bb28-45b1-894f-8dc0851c56cc,SAMMS-HoumaV6
202608200219259405,202608200029239653,202608200029237018,85,4264,Bronze INV,br_ReAssessmentSocial,TASK_COMPLETE,FAILED,ERROR,1906,1906,1,SaveReAssessmentSocial Bronze ForEach failed,2026-08-20T00:29:28.539Z,2026-08-20T02:40:07.937Z,7839,2026-08-20T02:40:07.937Z,V6,Lake Charles,2e0eb052-bb28-45b1-894f-8dc0851c56cc,SAMMS-LCv5
202608200219259406,202608200029239654,202608200029237018,85,4266,Bronze INV,br_ReAssessmentSocial,TASK_COMPLETE,FAILED,ERROR,739,739,1,SaveReAssessmentSocial Bronze ForEach failed,2026-08-20T00:29:28.539Z,2026-08-20T02:40:07.937Z,7839,2026-08-20T02:40:07.937Z,V8,Memphis Midtown,2e0eb052-bb28-45b1-894f-8dc0851c56cc,SAMMS-VCPHCS-VIII-MemphisV5
202608200219259407,202608200029239655,202608200029237018,85,4267,Bronze INV,br_ReAssessmentSocial,TASK_COMPLETE,FAILED,ERROR,1760,1760,1,SaveReAssessmentSocial Bronze ForEach failed,2026-08-20T00:29:28.539Z,2026-08-20T02:40:07.937Z,7839,2026-08-20T02:40:07.937Z,V9,Nashville,2e0eb052-bb28-45b1-894f-8dc0851c56cc,SAMMS-NashvilleV5
202608200219259408,202608200029239656,202608200029237018,85,4268,Bronze INV,br_ReAssessmentSocial,TASK_COMPLETE,FAILED,ERROR,838,838,1,SaveReAssessmentSocial Bronze ForEach failed,2026-08-20T00:29:28.539Z,2026-08-20T02:40:07.937Z,7839,2026-08-20T02:40:07.937Z,VBRA,Brainerd,2e0eb052-bb28-45b1-894f-8dc0851c56cc,SAMMS-BrainerdV6
202608200219259409,202608200029239657,202608200029237018,85,4269,Bronze INV,br_ReAssessmentSocial,TASK_COMPLETE,FAILED,ERROR,1957,1957,1,SaveReAssessmentSocial Bronze ForEach failed,2026-08-20T00:29:28.539Z,2026-08-20T02:40:07.937Z,7839,2026-08-20T02:40:07.937Z,VBRP,Brooklyn Park,2e0eb052-bb28-45b1-894f-8dc0851c56cc,SAMMS-BrooklynParkV6
202608200219259410,202608200029239658,202608200029237018,85,4271,Bronze INV,br_ReAssessmentSocial,TASK_COMPLETE,FAILED,ERROR,740,740,1,SaveReAssessmentSocial Bronze ForEach failed,2026-08-20T00:29:28.539Z,2026-08-20T02:40:07.937Z,7839,2026-08-20T02:40:07.937Z,VMIN,Minneapolis,2e0eb052-bb28-45b1-894f-8dc0851c56cc,SAMMS-MinneapolisV6
202608200219256695,202608200029238504,202608200029237018,85,770,Bronze INV,br_AdmissionAssessmentDimensionFour,TASK_COMPLETE,FAILED,ERROR,558,558,1,SaveAdmissionAssessmentDimensionfour Bronze ForEach failed,2026-08-20T00:29:28.539Z,2026-08-20T02:40:07.937Z,7839,2026-08-20T02:40:07.937Z,V8,Memphis Midtown,2e0eb052-bb28-45b1-894f-8dc0851c56cc,SAMMS-VCPHCS-VIII-MemphisV5
202608200219256696,202608200029238505,202608200029237018,85,771,Bronze INV,br_AdmissionAssessmentDimensionFour,TASK_COMPLETE,FAILED,ERROR,1563,1563,1,SaveAdmissionAssessmentDimensionfour Bronze ForEach failed,2026-08-20T00:29:28.539Z,2026-08-20T02:40:07.937Z,7839,2026-08-20T02:40:07.937Z,V9,Nashville,2e0eb052-bb28-45b1-894f-8dc0851c56cc,SAMMS-NashvilleV5
202608200219256697,202608200029238506,202608200029237018,85,772,Bronze INV,br_AdmissionAssessmentDimensionFour,TASK_COMPLETE,FAILED,ERROR,330,330,1,SaveAdmissionAssessmentDimensionfour Bronze ForEach failed,2026-08-20T00:29:28.539Z,2026-08-20T02:40:07.937Z,7839,2026-08-20T02:40:07.937Z,VBRA,Brainerd,2e0eb052-bb28-45b1-894f-8dc0851c56cc,SAMMS-BrainerdV6
202608200219256698,202608200029238507,202608200029237018,85,773,Bronze INV,br_AdmissionAssessmentDimensionFour,TASK_COMPLETE,FAILED,ERROR,591,591,1,SaveAdmissionAssessmentDimensionfour Bronze ForEach failed,2026-08-20T00:29:28.539Z,2026-08-20T02:40:07.937Z,7839,2026-08-20T02:40:07.937Z,VBRP,Brooklyn Park,2e0eb052-bb28-45b1-894f-8dc0851c56cc,SAMMS-BrooklynParkV6
202608200219256699,202608200029238508,202608200029237018,85,775,Bronze INV,br_AdmissionAssessmentDimensionFour,TASK_COMPLETE,FAILED,ERROR,571,571,1,SaveAdmissionAssessmentDimensionfour Bronze ForEach failed,2026-08-20T00:29:28.539Z,2026-08-20T02:40:07.937Z,7839,2026-08-20T02:40:07.937Z,VMIN,Minneapolis,2e0eb052-bb28-45b1-894f-8dc0851c56cc,SAMMS-MinneapolisV6
202608200219256700,202608200029238509,202608200029237018,85,776,Bronze INV,br_AdmissionAssessmentDimensionFour,TASK_COMPLETE,FAILED,ERROR,1059,1059,1,SaveAdmissionAssessmentDimensionfour Bronze ForEach failed,2026-08-20T00:29:28.539Z,2026-08-20T02:40:07.937Z,7839,2026-08-20T02:40:07.937Z,VWBY,Woodbury,2e0eb052-bb28-45b1-894f-8dc0851c56cc,SAMMS-WoodburyV6
202608200219256701,202608200029238510,202608200029237018,85,778,Bronze INV,br_AdmissionAssessmentDimensionFour,TASK_COMPLETE,FAILED,ERROR,423,423,1,SaveAdmissionAssessmentDimensionfour Bronze ForEach failed,2026-08-20T00:29:28.539Z,2026-08-20T02:40:07.937Z,7839,2026-08-20T02:40:07.937Z,WIL,Wilson,2e0eb052-bb28-45b1-894f-8dc0851c56cc,SAMMS-Wilson
202608200219256803,202608200029337023,202608200029337018,86,5724,Silver INV,sl_AdmissionAssessmentDimensionFour,TASK_COMPLETE,SKIPPED,WARN,0,0,0,Skipped: SaveAdmissionAssessmentDimensionfour failed at BR,2026-08-20T00:29:28.539Z,2026-08-20T02:40:07.937Z,7839,2026-08-20T02:40:07.937Z,,,2e0eb052-bb28-45b1-894f-8dc0851c56cc,
202608200219256724,202608200029238051,202608200029237018,85,782,Bronze INV,br_AdmissionAssessmentDimensionOneDisorder,TASK_COMPLETE,FAILED,ERROR,0,0,1,SaveAdmissionAssessmentDimensionOneDisorder Bronze ForEach failed,2026-08-20T00:29:28.539Z,2026-08-20T02:40:07.937Z,7839,2026-08-20T02:40:07.937Z,AHK,Ahoskie,2e0eb052-bb28-45b1-894f-8dc0851c56cc,SAMMS-Ahoskie
202608200219256725,202608200029238052,202608200029237018,85,783,Bronze INV,br_AdmissionAssessmentDimensionOneDisorder,TASK_COMPLETE,FAILED,ERROR,0,0,1,SaveAdmissionAssessmentDimensionOneDisorder Bronze ForEach failed,2026-08-20T00:29:28.539Z,2026-08-20T02:40:07.937Z,7839,2026-08-20T02:40:07.937Z,B12B,Colorado Springs,2e0eb052-bb28-45b1-894f-8dc0851c56cc,SAMMS-ColoradoSpringsV5
202608200219256726,202608200029238053,202608200029237018,85,784,Bronze INV,br_AdmissionAssessmentDimensionOneDisorder,TASK_COMPLETE,FAILED,ERROR,0,0,1,SaveAdmissionAssessmentDimensionOneDisorder Bronze ForEach failed,2026-08-20T00:29:28.539Z,2026-08-20T02:40:07.937Z,7839,2026-08-20T02:40:07.937Z,B24,Paintsville,2e0eb052-bb28-45b1-894f-8dc0851c56cc,SAMMS-PaintsvilleV5
202608200219256728,202608200029238054,202608200029237018,85,785,Bronze INV,br_AdmissionAssessmentDimensionOneDisorder,TASK_COMPLETE,FAILED,ERROR,0,0,1,SaveAdmissionAssessmentDimensionOneDisorder Bronze ForEach failed,2026-08-20T00:29:28.539Z,2026-08-20T02:40:07.937Z,7839,2026-08-20T02:40:07.937Z,B25,Pikeville,2e0eb052-bb28-45b1-894f-8dc0851c56cc,SAMMS-PikevilleV5
202608200219256729,202608200029238055,202608200029237018,85,786,Bronze INV,br_AdmissionAssessmentDimensionOneDisorder,TASK_COMPLETE,FAILED,ERROR,0,0,1,SaveAdmissionAssessmentDimensionOneDisorder Bronze ForEach failed,2026-08-20T00:29:28.539Z,2026-08-20T02:40:07.937Z,7839,2026-08-20T02:40:07.937Z,B26,Hazard,2e0eb052-bb28-45b1-894f-8dc0851c56cc,SAMMS-HazardV5
202608200219256730,202608200029238056,202608200029237018,85,787,Bronze INV,br_AdmissionAssessmentDimensionOneDisorder,TASK_COMPLETE,FAILED,ERROR,0,0,1,SaveAdmissionAssessmentDimensionOneDisorder Bronze ForEach failed,2026-08-20T00:29:28.539Z,2026-08-20T02:40:07.937Z,7839,2026-08-20T02:40:07.937Z,B27,Savannah,2e0eb052-bb28-45b1-894f-8dc0851c56cc,SAMMS-SavannahV6
202608200219256731,202608200029238057,202608200029237018,85,788,Bronze INV,br_AdmissionAssessmentDimensionOneDisorder,TASK_COMPLETE,FAILED,ERROR,0,0,1,SaveAdmissionAssessmentDimensionOneDisorder Bronze ForEach failed,2026-08-20T00:29:28.539Z,2026-08-20T02:40:07.937Z,7839,2026-08-20T02:40:07.937Z,B28,West Plains,2e0eb052-bb28-45b1-894f-8dc0851c56cc,SAMMS-WestPlainesV5
202608200219256732,202608200029238058,202608200029237018,85,789,Bronze INV,br_AdmissionAssessmentDimensionOneDisorder,TASK_COMPLETE,FAILED,ERROR,0,0,1,SaveAdmissionAssessmentDimensionOneDisorder Bronze ForEach failed,2026-08-20T00:29:28.539Z,2026-08-20T02:40:07.937Z,7839,2026-08-20T02:40:07.937Z,B29,Poplar Bluff,2e0eb052-bb28-45b1-894f-8dc0851c56cc,SAMMS-PoplarBluffV5
202608200219256733,202608200029238059,202608200029237018,85,790,Bronze INV,br_AdmissionAssessmentDimensionOneDisorder,TASK_COMPLETE,FAILED,ERROR,0,0,1,SaveAdmissionAssessmentDimensionOneDisorder Bronze ForEach failed,2026-08-20T00:29:28.539Z,2026-08-20T02:40:07.937Z,7839,2026-08-20T02:40:07.937Z,B30,KC North,2e0eb052-bb28-45b1-894f-8dc0851c56cc,SAMMS-KCNv5
202608200219256734,202608200029238060,202608200029237018,85,791,Bronze INV,br_AdmissionAssessmentDimensionOneDisorder,TASK_COMPLETE,FAILED,ERROR,0,0,1,SaveAdmissionAssessmentDimensionOneDisorder Bronze ForEach failed,2026-08-20T00:29:28.539Z,2026-08-20T02:40:07.937Z,7839,2026-08-20T02:40:07.937Z,B31,Dyersburg,2e0eb052-bb28-45b1-894f-8dc0851c56cc,SAMMS-DyersburgV5
202608200219256735,202608200029238061,202608200029237018,85,793,Bronze INV,br_AdmissionAssessmentDimensionOneDisorder,TASK_COMPLETE,FAILED,ERROR,0,0,1,SaveAdmissionAssessmentDimensionOneDisorder Bronze ForEach failed,2026-08-20T00:29:28.539Z,2026-08-20T02:40:07.937Z,7839,2026-08-20T02:40:07.937Z,B33,Paducah,2e0eb052-bb28-45b1-894f-8dc0851c56cc,SAMMS-Paducah
202608200219256736,202608200029238062,202608200029237018,85,794,Bronze INV,br_AdmissionAssessmentDimensionOneDisorder,TASK_COMPLETE,FAILED,ERROR,0,0,1,SaveAdmissionAssessmentDimensionOneDisorder Bronze ForEach failed,2026-08-20T00:29:28.539Z,2026-08-20T02:40:07.937Z,7839,2026-08-20T02:40:07.937Z,B34,Corbin,2e0eb052-bb28-45b1-894f-8dc0851c56cc,SAMMS-CorbinV5
202608200219256738,202608200029238063,202608200029237018,85,795,Bronze INV,br_AdmissionAssessmentDimensionOneDisorder,TASK_COMPLETE,FAILED,ERROR,0,0,1,SaveAdmissionAssessmentDimensionOneDisorder Bronze ForEach failed,2026-08-20T00:29:28.539Z,2026-08-20T02:40:07.937Z,7839,2026-08-20T02:40:07.937Z,B35,Lexington,2e0eb052-bb28-45b1-894f-8dc0851c56cc,SAMMS-LexingtonV5
202608200219256739,202608200029238064,202608200029237018,85,796,Bronze INV,br_AdmissionAssessmentDimensionOneDisorder,TASK_COMPLETE,FAILED,ERROR,0,0,1,SaveAdmissionAssessmentDimensionOneDisorder Bronze ForEach failed,2026-08-20T00:29:28.539Z,2026-08-20T02:40:07.937Z,7839,2026-08-20T02:40:07.937Z,B35A,Berea,2e0eb052-bb28-45b1-894f-8dc0851c56cc,SAMMS-BereaV5
202608200219256740,202608200029238065,202608200029237018,85,797,Bronze INV,br_AdmissionAssessmentDimensionOneDisorder,TASK_COMPLETE,FAILED,ERROR,0,0,1,SaveAdmissionAssessmentDimensionOneDisorder Bronze ForEach failed,2026-08-20T00:29:28.539Z,2026-08-20T02:40:07.937Z,7839,2026-08-20T02:40:07.937Z,B36,Asheville,2e0eb052-bb28-45b1-894f-8dc0851c56cc,SAMMS-AshevilleV5
202608200219256741,202608200029238066,202608200029237018,85,798,Bronze INV,br_AdmissionAssessmentDimensionOneDisorder,TASK_COMPLETE,FAILED,ERROR,0,0,1,SaveAdmissionAssessmentDimensionOneDisorder Bronze ForEach failed,2026-08-20T00:29:28.539Z,2026-08-20T02:40:07.937Z,7839,2026-08-20T02:40:07.937Z,B37,Clyde,2e0eb052-bb28-45b1-894f-8dc0851c56cc,SAMMS-ClydeV5
202608200219256742,202608200029238067,202608200029237018,85,799,Bronze INV,br_AdmissionAssessmentDimensionOneDisorder,TASK_COMPLETE,FAILED,ERROR,0,0,1,SaveAdmissionAssessmentDimensionOneDisorder Bronze ForEach failed,2026-08-20T00:29:28.539Z,2026-08-20T02:40:07.937Z,7839,2026-08-20T02:40:07.937Z,B38,Spartanburg,2e0eb052-bb28-45b1-894f-8dc0851c56cc,SAMMS-SpartanburgV5
202608200219256743,202608200029238068,202608200029237018,85,800,Bronze INV,br_AdmissionAssessmentDimensionOneDisorder,TASK_COMPLETE,FAILED,ERROR,0,0,1,SaveAdmissionAssessmentDimensionOneDisorder Bronze ForEach failed,2026-08-20T00:29:28.539Z,2026-08-20T02:40:07.937Z,7839,2026-08-20T02:40:07.937Z,B39,Aiken,2e0eb052-bb28-45b1-894f-8dc0851c56cc,SAMMS-AikenV5
202608200219256745,202608200029238069,202608200029237018,85,801,Bronze INV,br_AdmissionAssessmentDimensionOneDisorder,TASK_COMPLETE,FAILED,ERROR,0,0,1,SaveAdmissionAssessmentDimensionOneDisorder Bronze ForEach failed,2026-08-20T00:29:28.539Z,2026-08-20T02:40:07.937Z,7839,2026-08-20T02:40:07.937Z,B41,Chesapeake,2e0eb052-bb28-45b1-894f-8dc0851c56cc,SAMMS-ChesapeakeV5
202608200219256746,202608200029238070,202608200029237018,85,802,Bronze INV,br_AdmissionAssessmentDimensionOneDisorder,TASK_COMPLETE,FAILED,ERROR,0,0,1,SaveAdmissionAssessmentDimensionOneDisorder Bronze ForEach failed,2026-08-20T00:29:28.539Z,2026-08-20T02:40:07.937Z,7839,2026-08-20T02:40:07.937Z,B42,Virginia Beach,2e0eb052-bb28-45b1-894f-8dc0851c56cc,SAMMS-VirginiaBeachV5
202608200219256747,202608200029238071,202608200029237018,85,803,Bronze INV,br_AdmissionAssessmentDimensionOneDisorder,TASK_COMPLETE,FAILED,ERROR,0,0,1,SaveAdmissionAssessmentDimensionOneDisorder Bronze ForEach failed,2026-08-20T00:29:28.539Z,2026-08-20T02:40:07.937Z,7839,2026-08-20T02:40:07.937Z,B42A,Newport News,2e0eb052-bb28-45b1-894f-8dc0851c56cc,SAMMS-NewportNewsV5
202608200219256748,202608200029238072,202608200029237018,85,804,Bronze INV,br_AdmissionAssessmentDimensionOneDisorder,TASK_COMPLETE,FAILED,ERROR,0,0,1,SaveAdmissionAssessmentDimensionOneDisorder Bronze ForEach failed,2026-08-20T00:29:28.539Z,2026-08-20T02:40:07.937Z,7839,2026-08-20T02:40:07.937Z,B42B,Franklin,2e0eb052-bb28-45b1-894f-8dc0851c56cc,SAMMS-FranklinV5
202608200219256749,202608200029238073,202608200029237018,85,805,Bronze INV,br_AdmissionAssessmentDimensionOneDisorder,TASK_COMPLETE,FAILED,ERROR,0,0,1,SaveAdmissionAssessmentDimensionOneDisorder Bronze ForEach failed,2026-08-20T00:29:28.539Z,2026-08-20T02:40:07.937Z,7839,2026-08-20T02:40:07.937Z,B42C,Glen Allen,2e0eb052-bb28-45b1-894f-8dc0851c56cc,SAMMS-GlenAllenV5
202608200219256750,202608200029238074,202608200029237018,85,806,Bronze INV,br_AdmissionAssessmentDimensionOneDisorder,TASK_COMPLETE,FAILED,ERROR,0,0,1,SaveAdmissionAssessmentDimensionOneDisorder Bronze ForEach failed,2026-08-20T00:29:28.539Z,2026-08-20T02:40:07.937Z,7839,2026-08-20T02:40:07.937Z,B42D,Chesapeake South,2e0eb052-bb28-45b1-894f-8dc0851c56cc,SAMMS-ChesapeakeSouthV5
202608200219256751,202608200029238075,202608200029237018,85,807,Bronze INV,br_AdmissionAssessmentDimensionOneDisorder,TASK_COMPLETE,FAILED,ERROR,0,0,1,SaveAdmissionAssessmentDimensionOneDisorder Bronze ForEach failed,2026-08-20T00:29:28.539Z,2026-08-20T02:40:07.937Z,7839,2026-08-20T02:40:07.937Z,B44,Albany,2e0eb052-bb28-45b1-894f-8dc0851c56cc,SAMMS-AlbanyV5
202608200219256753,202608200029238076,202608200029237018,85,808,Bronze INV,br_AdmissionAssessmentDimensionOneDisorder,TASK_COMPLETE,FAILED,ERROR,0,0,1,SaveAdmissionAssessmentDimensionOneDisorder Bronze ForEach failed,2026-08-20T00:29:28.539Z,2026-08-20T02:40:07.937Z,7839,2026-08-20T02:40:07.937Z,B45,Tifton,2e0eb052-bb28-45b1-894f-8dc0851c56cc,SAMMS-TiftonV5
202608200219256754,202608200029238077,202608200029237018,85,809,Bronze INV,br_AdmissionAssessmentDimensionOneDisorder,TASK_COMPLETE,FAILED,ERROR,0,0,1,SaveAdmissionAssessmentDimensionOneDisorder Bronze ForEach failed,2026-08-20T00:29:28.539Z,2026-08-20T02:40:07.937Z,7839,2026-08-20T02:40:07.937Z,B46,Washington DC,2e0eb052-bb28-45b1-894f-8dc0851c56cc,SAMMS-WashingtonDCv5
202608200219256755,202608200029238078,202608200029237018,85,810,Bronze INV,br_AdmissionAssessmentDimensionOneDisorder,TASK_COMPLETE,FAILED,ERROR,0,0,1,SaveAdmissionAssessmentDimensionOneDisorder Bronze ForEach failed,2026-08-20T00:29:28.539Z,2026-08-20T02:40:07.937Z,7839,2026-08-20T02:40:07.937Z,B47,Mobile,2e0eb052-bb28-45b1-894f-8dc0851c56cc,SAMMS-MobileV5
202608200219256756,202608200029238079,202608200029237018,85,811,Bronze INV,br_AdmissionAssessmentDimensionOneDisorder,TASK_COMPLETE,FAILED,ERROR,0,0,1,SaveAdmissionAssessmentDimensionOneDisorder Bronze ForEach failed,2026-08-20T00:29:28.539Z,2026-08-20T02:40:07.937Z,7839,2026-08-20T02:40:07.937Z,B48,Tuscaloosa,2e0eb052-bb28-45b1-894f-8dc0851c56cc,SAMMS-TuscaloosaV5
202608200219256757,202608200029238080,202608200029237018,85,820,Bronze INV,br_AdmissionAssessmentDimensionOneDisorder,TASK_COMPLETE,FAILED,ERROR,0,0,1,SaveAdmissionAssessmentDimensionOneDisorder Bronze ForEach failed,2026-08-20T00:29:28.539Z,2026-08-20T02:40:07.937Z,7839,2026-08-20T02:40:07.937Z,B51,N. Little Rock (OTP),2e0eb052-bb28-45b1-894f-8dc0851c56cc,SAMMS-NorthLittleRockV6
202608241448406199,202608241408172039,202608241408171802,88,4893,P1 Reference Codes Bronze - B26,br_samms_codes,TASK_COMPLETE,FAILED,ERROR,0,0,1,SaveCodes Bronze ForEach failed,2026-08-24T14:08:21.733Z,2026-08-24T15:03:37.584Z,3316,2026-08-24T15:03:37.584Z,B26,Hazard,6c7532c9-dcb1-40a3-beaa-690039713dec,SAMMS-HazardV5
202608241448406200,202608241408172040,202608241408171802,88,4894,P1 Reference Codes Bronze - B27,br_samms_codes,TASK_COMPLETE,FAILED,ERROR,0,0,1,SaveCodes Bronze ForEach failed,2026-08-24T14:08:21.733Z,2026-08-24T15:03:37.584Z,3316,2026-08-24T15:03:37.584Z,B27,Savannah,6c7532c9-dcb1-40a3-beaa-690039713dec,SAMMS-SavannahV6
202608241448406202,202608241408172041,202608241408171802,88,4895,P1 Reference Codes Bronze - B28,br_samms_codes,TASK_COMPLETE,FAILED,ERROR,0,0,1,SaveCodes Bronze ForEach failed,2026-08-24T14:08:21.733Z,2026-08-24T15:03:37.584Z,3316,2026-08-24T15:03:37.584Z,B28,WestPlaines,6c7532c9-dcb1-40a3-beaa-690039713dec,SAMMS-WestPlainesV5
202608241448406203,202608241408172042,202608241408171802,88,4896,P1 Reference Codes Bronze - B29,br_samms_codes,TASK_COMPLETE,FAILED,ERROR,0,0,1,SaveCodes Bronze ForEach failed,2026-08-24T14:08:21.733Z,2026-08-24T15:03:37.584Z,3316,2026-08-24T15:03:37.584Z,B29,PoplarBluff,6c7532c9-dcb1-40a3-beaa-690039713dec,SAMMS-PoplarBluffV5
202608241448406204,202608241408172043,202608241408171802,88,4897,P1 Reference Codes Bronze - B30,br_samms_codes,TASK_COMPLETE,FAILED,ERROR,0,0,1,SaveCodes Bronze ForEach failed,2026-08-24T14:08:21.733Z,2026-08-24T15:03:37.584Z,3316,2026-08-24T15:03:37.584Z,B30,KCN,6c7532c9-dcb1-40a3-beaa-690039713dec,SAMMS-KCNv5
202608241448406205,202608241408172044,202608241408171802,88,4898,P1 Reference Codes Bronze - B31,br_samms_codes,TASK_COMPLETE,FAILED,ERROR,0,0,1,SaveCodes Bronze ForEach failed,2026-08-24T14:08:21.733Z,2026-08-24T15:03:37.584Z,3316,2026-08-24T15:03:37.584Z,B31,Dyersburg,6c7532c9-dcb1-40a3-beaa-690039713dec,SAMMS-DyersburgV5
202608241448406206,202608241408172045,202608241408171802,88,4899,P1 Reference Codes Bronze - B33,br_samms_codes,TASK_COMPLETE,FAILED,ERROR,0,0,1,SaveCodes Bronze ForEach failed,2026-08-24T14:08:21.733Z,2026-08-24T15:03:37.584Z,3316,2026-08-24T15:03:37.584Z,B33,Paducah,6c7532c9-dcb1-40a3-beaa-690039713dec,SAMMS-Paducah
202608241448406208,202608241408172046,202608241408171802,88,4900,P1 Reference Codes Bronze - B34,br_samms_codes,TASK_COMPLETE,FAILED,ERROR,0,0,1,SaveCodes Bronze ForEach failed,2026-08-24T14:08:21.733Z,2026-08-24T15:03:37.584Z,3316,2026-08-24T15:03:37.584Z,B34,Corbin,6c7532c9-dcb1-40a3-beaa-690039713dec,SAMMS-CorbinV5
202608241448406209,202608241408172047,202608241408171802,88,4901,P1 Reference Codes Bronze - B35,br_samms_codes,TASK_COMPLETE,FAILED,ERROR,0,0,1,SaveCodes Bronze ForEach failed,2026-08-24T14:08:21.733Z,2026-08-24T15:03:37.584Z,3316,2026-08-24T15:03:37.584Z,B35,Lexington,6c7532c9-dcb1-40a3-beaa-690039713dec,SAMMS-LexingtonV5
202608241448406210,202608241408172048,202608241408171802,88,4902,P1 Reference Codes Bronze - B35A,br_samms_codes,TASK_COMPLETE,FAILED,ERROR,0,0,1,SaveCodes Bronze ForEach failed,2026-08-24T14:08:21.733Z,2026-08-24T15:03:37.584Z,3316,2026-08-24T15:03:37.584Z,B35A,Berea,6c7532c9-dcb1-40a3-beaa-690039713dec,SAMMS-BereaV5
202608241448406211,202608241408172049,202608241408171802,88,4903,P1 Reference Codes Bronze - B36,br_samms_codes,TASK_COMPLETE,FAILED,ERROR,0,0,1,SaveCodes Bronze ForEach failed,2026-08-24T14:08:21.733Z,2026-08-24T15:03:37.584Z,3316,2026-08-24T15:03:37.584Z,B36,Asheville,6c7532c9-dcb1-40a3-beaa-690039713dec,SAMMS-AshevilleV5
202608241448406212,202608241408172050,202608241408171802,88,4904,P1 Reference Codes Bronze - B37,br_samms_codes,TASK_COMPLETE,FAILED,ERROR,0,0,1,SaveCodes Bronze ForEach failed,2026-08-24T14:08:21.733Z,2026-08-24T15:03:37.584Z,3316,2026-08-24T15:03:37.584Z,B37,Clyde,6c7532c9-dcb1-40a3-beaa-690039713dec,SAMMS-ClydeV5
202608241448406214,202608241408172051,202608241408171802,88,4905,P1 Reference Codes Bronze - B38,br_samms_codes,TASK_COMPLETE,FAILED,ERROR,0,0,1,SaveCodes Bronze ForEach failed,2026-08-24T14:08:21.733Z,2026-08-24T15:03:37.584Z,3316,2026-08-24T15:03:37.584Z,B38,Spartanburg,6c7532c9-dcb1-40a3-beaa-690039713dec,SAMMS-SpartanburgV5
202608241448406215,202608241408172052,202608241408171802,88,4906,P1 Reference Codes Bronze - B39,br_samms_codes,TASK_COMPLETE,FAILED,ERROR,0,0,1,SaveCodes Bronze ForEach failed,2026-08-24T14:08:21.733Z,2026-08-24T15:03:37.584Z,3316,2026-08-24T15:03:37.584Z,B39,Aiken,6c7532c9-dcb1-40a3-beaa-690039713dec,SAMMS-AikenV5
202608241448406217,202608241408172053,202608241408171802,88,4907,P1 Reference Codes Bronze - B41,br_samms_codes,TASK_COMPLETE,FAILED,ERROR,0,0,1,SaveCodes Bronze ForEach failed,2026-08-24T14:08:21.733Z,2026-08-24T15:03:37.584Z,3316,2026-08-24T15:03:37.584Z,B41,Chesapeake,6c7532c9-dcb1-40a3-beaa-690039713dec,SAMMS-ChesapeakeV5
202608241448406218,202608241408172054,202608241408171802,88,4908,P1 Reference Codes Bronze - B42,br_samms_codes,TASK_COMPLETE,FAILED,ERROR,0,0,1,SaveCodes Bronze ForEach failed,2026-08-24T14:08:21.733Z,2026-08-24T15:03:37.584Z,3316,2026-08-24T15:03:37.584Z,B42,VirginiaBeach,6c7532c9-dcb1-40a3-beaa-690039713dec,SAMMS-VirginiaBeachV5
202608241448406219,202608241408172055,202608241408171802,88,4909,P1 Reference Codes Bronze - B42A,br_samms_codes,TASK_COMPLETE,FAILED,ERROR,0,0,1,SaveCodes Bronze ForEach failed,2026-08-24T14:08:21.733Z,2026-08-24T15:03:37.584Z,3316,2026-08-24T15:03:37.584Z,B42A,NewportNews,6c7532c9-dcb1-40a3-beaa-690039713dec,SAMMS-NewportNewsV5
202608241448406220,202608241408172056,202608241408171802,88,4910,P1 Reference Codes Bronze - B42B,br_samms_codes,TASK_COMPLETE,FAILED,ERROR,0,0,1,SaveCodes Bronze ForEach failed,2026-08-24T14:08:21.733Z,2026-08-24T15:03:37.584Z,3316,2026-08-24T15:03:37.584Z,B42B,Franklin,6c7532c9-dcb1-40a3-beaa-690039713dec,SAMMS-FranklinV5
202608241448406222,202608241408172057,202608241408171802,88,4911,P1 Reference Codes Bronze - B42C,br_samms_codes,TASK_COMPLETE,FAILED,ERROR,0,0,1,SaveCodes Bronze ForEach failed,2026-08-24T14:08:21.733Z,2026-08-24T15:03:37.584Z,3316,2026-08-24T15:03:37.584Z,B42C,GlenAllen,6c7532c9-dcb1-40a3-beaa-690039713dec,SAMMS-GlenAllenV5
202608241448406223,202608241408172058,202608241408171802,88,4912,P1 Reference Codes Bronze - B42D,br_samms_codes,TASK_COMPLETE,FAILED,ERROR,0,0,1,SaveCodes Bronze ForEach failed,2026-08-24T14:08:21.733Z,2026-08-24T15:03:37.584Z,3316,2026-08-24T15:03:37.584Z,B42D,ChesapeakeSouth,6c7532c9-dcb1-40a3-beaa-690039713dec,SAMMS-ChesapeakeSouthV5
202608241448406224,202608241408172059,202608241408171802,88,4913,P1 Reference Codes Bronze - B44,br_samms_codes,TASK_COMPLETE,FAILED,ERROR,0,0,1,SaveCodes Bronze ForEach failed,2026-08-24T14:08:21.733Z,2026-08-24T15:03:37.584Z,3316,2026-08-24T15:03:37.584Z,B44,Albany,6c7532c9-dcb1-40a3-beaa-690039713dec,SAMMS-AlbanyV5
202608241448406225,202608241408172060,202608241408171802,88,4914,P1 Reference Codes Bronze - B45,br_samms_codes,TASK_COMPLETE,FAILED,ERROR,0,0,1,SaveCodes Bronze ForEach failed,2026-08-24T14:08:21.733Z,2026-08-24T15:03:37.584Z,3316,2026-08-24T15:03:37.584Z,B45,Tifton,6c7532c9-dcb1-40a3-beaa-690039713dec,SAMMS-TiftonV5
202608241448406227,202608241408172061,202608241408171802,88,4915,P1 Reference Codes Bronze - B46,br_samms_codes,TASK_COMPLETE,FAILED,ERROR,0,0,1,SaveCodes Bronze ForEach failed,2026-08-24T14:08:21.733Z,2026-08-24T15:03:37.584Z,3316,2026-08-24T15:03:37.584Z,B46,WashingtonDC,6c7532c9-dcb1-40a3-beaa-690039713dec,SAMMS-WashingtonDCv5
202608241448406228,202608241408172062,202608241408171802,88,4916,P1 Reference Codes Bronze - B47,br_samms_codes,TASK_COMPLETE,FAILED,ERROR,0,0,1,SaveCodes Bronze ForEach failed,2026-08-24T14:08:21.733Z,2026-08-24T15:03:37.584Z,3316,2026-08-24T15:03:37.584Z,B47,Mobile,6c7532c9-dcb1-40a3-beaa-690039713dec,SAMMS-MobileV5
202608241448406230,202608241408172063,202608241408171802,88,4917,P1 Reference Codes Bronze - B48,br_samms_codes,TASK_COMPLETE,FAILED,ERROR,0,0,1,SaveCodes Bronze ForEach failed,2026-08-24T14:08:21.733Z,2026-08-24T15:03:37.584Z,3316,2026-08-24T15:03:37.584Z,B48,Tuscaloosa,6c7532c9-dcb1-40a3-beaa-690039713dec,SAMMS-TuscaloosaV5
202608241448406231,202608241408172064,202608241408171802,88,4918,P1 Reference Codes Bronze - B51,br_samms_codes,TASK_COMPLETE,FAILED,ERROR,0,0,1,SaveCodes Bronze ForEach failed,2026-08-24T14:08:21.733Z,2026-08-24T15:03:37.584Z,3316,2026-08-24T15:03:37.584Z,B51,NorthLittleRock,6c7532c9-dcb1-40a3-beaa-690039713dec,SAMMS-NorthLittleRockV6
202608241448406233,202608241408172065,202608241408171802,88,4919,P1 Reference Codes Bronze - B52,br_samms_codes,TASK_COMPLETE,FAILED,ERROR,0,0,1,SaveCodes Bronze ForEach failed,2026-08-24T14:08:21.733Z,2026-08-24T15:03:37.584Z,3316,2026-08-24T15:03:37.584Z,B52,JacksonGA,6c7532c9-dcb1-40a3-beaa-690039713dec,SAMMS-JacksonGAV5
202608241448406234,202608241408172066,202608241408171802,88,4920,P1 Reference Codes Bronze - B54,br_samms_codes,TASK_COMPLETE,FAILED,ERROR,0,0,1,SaveCodes Bronze ForEach failed,2026-08-24T14:08:21.733Z,2026-08-24T15:03:37.584Z,3316,2026-08-24T15:03:37.584Z,B54,Gadsden,6c7532c9-dcb1-40a3-beaa-690039713dec,SAMMS-GadsdenV5
202608241333250353,202608241253386853,202608241253386616,88,4893,P1 Reference Codes Bronze - B26,br_samms_codes,TASK_COMPLETE,FAILED,ERROR,0,0,1,SaveCodes Bronze ForEach failed,2026-08-24T12:53:42.369Z,2026-08-24T13:42:52.652Z,2950,2026-08-24T13:42:52.652Z,B26,Hazard,8f1806c1-b1f2-4ac5-b25b-086fec51b8fb,SAMMS-HazardV5
202608241333250354,202608241253386854,202608241253386616,88,4894,P1 Reference Codes Bronze - B27,br_samms_codes,TASK_COMPLETE,FAILED,ERROR,0,0,1,SaveCodes Bronze ForEach failed,2026-08-24T12:53:42.369Z,2026-08-24T13:42:52.652Z,2950,2026-08-24T13:42:52.652Z,B27,Savannah,8f1806c1-b1f2-4ac5-b25b-086fec51b8fb,SAMMS-SavannahV6
202608241333250356,202608241253386855,202608241253386616,88,4895,P1 Reference Codes Bronze - B28,br_samms_codes,TASK_COMPLETE,FAILED,ERROR,0,0,1,SaveCodes Bronze ForEach failed,2026-08-24T12:53:42.369Z,2026-08-24T13:42:52.652Z,2950,2026-08-24T13:42:52.652Z,B28,WestPlaines,8f1806c1-b1f2-4ac5-b25b-086fec51b8fb,SAMMS-WestPlainesV5
202608241333250357,202608241253386856,202608241253386616,88,4896,P1 Reference Codes Bronze - B29,br_samms_codes,TASK_COMPLETE,FAILED,ERROR,0,0,1,SaveCodes Bronze ForEach failed,2026-08-24T12:53:42.369Z,2026-08-24T13:42:52.652Z,2950,2026-08-24T13:42:52.652Z,B29,PoplarBluff,8f1806c1-b1f2-4ac5-b25b-086fec51b8fb,SAMMS-PoplarBluffV5
202608241333250358,202608241253386857,202608241253386616,88,4897,P1 Reference Codes Bronze - B30,br_samms_codes,TASK_COMPLETE,FAILED,ERROR,0,0,1,SaveCodes Bronze ForEach failed,2026-08-24T12:53:42.369Z,2026-08-24T13:42:52.652Z,2950,2026-08-24T13:42:52.652Z,B30,KCN,8f1806c1-b1f2-4ac5-b25b-086fec51b8fb,SAMMS-KCNv5
202608241333250359,202608241253386858,202608241253386616,88,4898,P1 Reference Codes Bronze - B31,br_samms_codes,TASK_COMPLETE,FAILED,ERROR,0,0,1,SaveCodes Bronze ForEach failed,2026-08-24T12:53:42.369Z,2026-08-24T13:42:52.652Z,2950,2026-08-24T13:42:52.652Z,B31,Dyersburg,8f1806c1-b1f2-4ac5-b25b-086fec51b8fb,SAMMS-DyersburgV5
202608241333250360,202608241253386859,202608241253386616,88,4899,P1 Reference Codes Bronze - B33,br_samms_codes,TASK_COMPLETE,FAILED,ERROR,0,0,1,SaveCodes Bronze ForEach failed,2026-08-24T12:53:42.369Z,2026-08-24T13:42:52.652Z,2950,2026-08-24T13:42:52.652Z,B33,Paducah,8f1806c1-b1f2-4ac5-b25b-086fec51b8fb,SAMMS-Paducah
202608241333250362,202608241253386860,202608241253386616,88,4900,P1 Reference Codes Bronze - B34,br_samms_codes,TASK_COMPLETE,FAILED,ERROR,0,0,1,SaveCodes Bronze ForEach failed,2026-08-24T12:53:42.369Z,2026-08-24T13:42:52.652Z,2950,2026-08-24T13:42:52.652Z,B34,Corbin,8f1806c1-b1f2-4ac5-b25b-086fec51b8fb,SAMMS-CorbinV5
202608241333250363,202608241253386861,202608241253386616,88,4901,P1 Reference Codes Bronze - B35,br_samms_codes,TASK_COMPLETE,FAILED,ERROR,0,0,1,SaveCodes Bronze ForEach failed,2026-08-24T12:53:42.369Z,2026-08-24T13:42:52.652Z,2950,2026-08-24T13:42:52.652Z,B35,Lexington,8f1806c1-b1f2-4ac5-b25b-086fec51b8fb,SAMMS-LexingtonV5
202608241333250364,202608241253386862,202608241253386616,88,4902,P1 Reference Codes Bronze - B35A,br_samms_codes,TASK_COMPLETE,FAILED,ERROR,0,0,1,SaveCodes Bronze ForEach failed,2026-08-24T12:53:42.369Z,2026-08-24T13:42:52.652Z,2950,2026-08-24T13:42:52.652Z,B35A,Berea,8f1806c1-b1f2-4ac5-b25b-086fec51b8fb,SAMMS-BereaV5
202608241333250365,202608241253386863,202608241253386616,88,4903,P1 Reference Codes Bronze - B36,br_samms_codes,TASK_COMPLETE,FAILED,ERROR,0,0,1,SaveCodes Bronze ForEach failed,2026-08-24T12:53:42.369Z,2026-08-24T13:42:52.652Z,2950,2026-08-24T13:42:52.652Z,B36,Asheville,8f1806c1-b1f2-4ac5-b25b-086fec51b8fb,SAMMS-AshevilleV5
202608241333250366,202608241253386864,202608241253386616,88,4904,P1 Reference Codes Bronze - B37,br_samms_codes,TASK_COMPLETE,FAILED,ERROR,0,0,1,SaveCodes Bronze ForEach failed,2026-08-24T12:53:42.369Z,2026-08-24T13:42:52.652Z,2950,2026-08-24T13:42:52.652Z,B37,Clyde,8f1806c1-b1f2-4ac5-b25b-086fec51b8fb,SAMMS-ClydeV5
202608241333250368,202608241253386865,202608241253386616,88,4905,P1 Reference Codes Bronze - B38,br_samms_codes,TASK_COMPLETE,FAILED,ERROR,0,0,1,SaveCodes Bronze ForEach failed,2026-08-24T12:53:42.369Z,2026-08-24T13:42:52.652Z,2950,2026-08-24T13:42:52.652Z,B38,Spartanburg,8f1806c1-b1f2-4ac5-b25b-086fec51b8fb,SAMMS-SpartanburgV5
202608241333250369,202608241253386866,202608241253386616,88,4906,P1 Reference Codes Bronze - B39,br_samms_codes,TASK_COMPLETE,FAILED,ERROR,0,0,1,SaveCodes Bronze ForEach failed,2026-08-24T12:53:42.369Z,2026-08-24T13:42:52.652Z,2950,2026-08-24T13:42:52.652Z,B39,Aiken,8f1806c1-b1f2-4ac5-b25b-086fec51b8fb,SAMMS-AikenV5
202608241333250370,202608241253386867,202608241253386616,88,4907,P1 Reference Codes Bronze - B41,br_samms_codes,TASK_COMPLETE,FAILED,ERROR,0,0,1,SaveCodes Bronze ForEach failed,2026-08-24T12:53:42.369Z,2026-08-24T13:42:52.652Z,2950,2026-08-24T13:42:52.652Z,B41,Chesapeake,8f1806c1-b1f2-4ac5-b25b-086fec51b8fb,SAMMS-ChesapeakeV5
202608241333250372,202608241253386868,202608241253386616,88,4908,P1 Reference Codes Bronze - B42,br_samms_codes,TASK_COMPLETE,FAILED,ERROR,0,0,1,SaveCodes Bronze ForEach failed,2026-08-24T12:53:42.369Z,2026-08-24T13:42:52.652Z,2950,2026-08-24T13:42:52.652Z,B42,VirginiaBeach,8f1806c1-b1f2-4ac5-b25b-086fec51b8fb,SAMMS-VirginiaBeachV5
202608241333250373,202608241253386869,202608241253386616,88,4909,P1 Reference Codes Bronze - B42A,br_samms_codes,TASK_COMPLETE,FAILED,ERROR,0,0,1,SaveCodes Bronze ForEach failed,2026-08-24T12:53:42.369Z,2026-08-24T13:42:52.652Z,2950,2026-08-24T13:42:52.652Z,B42A,NewportNews,8f1806c1-b1f2-4ac5-b25b-086fec51b8fb,SAMMS-NewportNewsV5
202608241333250374,202608241253386870,202608241253386616,88,4910,P1 Reference Codes Bronze - B42B,br_samms_codes,TASK_COMPLETE,FAILED,ERROR,0,0,1,SaveCodes Bronze ForEach failed,2026-08-24T12:53:42.369Z,2026-08-24T13:42:52.652Z,2950,2026-08-24T13:42:52.652Z,B42B,Franklin,8f1806c1-b1f2-4ac5-b25b-086fec51b8fb,SAMMS-FranklinV5
202608241333250375,202608241253386871,202608241253386616,88,4911,P1 Reference Codes Bronze - B42C,br_samms_codes,TASK_COMPLETE,FAILED,ERROR,0,0,1,SaveCodes Bronze ForEach failed,2026-08-24T12:53:42.369Z,2026-08-24T13:42:52.652Z,2950,2026-08-24T13:42:52.652Z,B42C,GlenAllen,8f1806c1-b1f2-4ac5-b25b-086fec51b8fb,SAMMS-GlenAllenV5
202608241333250377,202608241253386872,202608241253386616,88,4912,P1 Reference Codes Bronze - B42D,br_samms_codes,TASK_COMPLETE,FAILED,ERROR,0,0,1,SaveCodes Bronze ForEach failed,2026-08-24T12:53:42.369Z,2026-08-24T13:42:52.652Z,2950,2026-08-24T13:42:52.652Z,B42D,ChesapeakeSouth,8f1806c1-b1f2-4ac5-b25b-086fec51b8fb,SAMMS-ChesapeakeSouthV5
202608241333250378,202608241253386873,202608241253386616,88,4913,P1 Reference Codes Bronze - B44,br_samms_codes,TASK_COMPLETE,FAILED,ERROR,0,0,1,SaveCodes Bronze ForEach failed,2026-08-24T12:53:42.369Z,2026-08-24T13:42:52.652Z,2950,2026-08-24T13:42:52.652Z,B44,Albany,8f1806c1-b1f2-4ac5-b25b-086fec51b8fb,SAMMS-AlbanyV5
202608241333250379,202608241253386874,202608241253386616,88,4914,P1 Reference Codes Bronze - B45,br_samms_codes,TASK_COMPLETE,FAILED,ERROR,0,0,1,SaveCodes Bronze ForEach failed,2026-08-24T12:53:42.369Z,2026-08-24T13:42:52.652Z,2950,2026-08-24T13:42:52.652Z,B45,Tifton,8f1806c1-b1f2-4ac5-b25b-086fec51b8fb,SAMMS-TiftonV5
202608241333250381,202608241253386875,202608241253386616,88,4915,P1 Reference Codes Bronze - B46,br_samms_codes,TASK_COMPLETE,FAILED,ERROR,0,0,1,SaveCodes Bronze ForEach failed,2026-08-24T12:53:42.369Z,2026-08-24T13:42:52.652Z,2950,2026-08-24T13:42:52.652Z,B46,WashingtonDC,8f1806c1-b1f2-4ac5-b25b-086fec51b8fb,SAMMS-WashingtonDCv5
202608241333250382,202608241253386876,202608241253386616,88,4916,P1 Reference Codes Bronze - B47,br_samms_codes,TASK_COMPLETE,FAILED,ERROR,0,0,1,SaveCodes Bronze ForEach failed,2026-08-24T12:53:42.369Z,2026-08-24T13:42:52.652Z,2950,2026-08-24T13:42:52.652Z,B47,Mobile,8f1806c1-b1f2-4ac5-b25b-086fec51b8fb,SAMMS-MobileV5
202608241333250383,202608241253386877,202608241253386616,88,4917,P1 Reference Codes Bronze - B48,br_samms_codes,TASK_COMPLETE,FAILED,ERROR,0,0,1,SaveCodes Bronze ForEach failed,2026-08-24T12:53:42.369Z,2026-08-24T13:42:52.652Z,2950,2026-08-24T13:42:52.652Z,B48,Tuscaloosa,8f1806c1-b1f2-4ac5-b25b-086fec51b8fb,SAMMS-TuscaloosaV5
202608241333250385,202608241253386878,202608241253386616,88,4918,P1 Reference Codes Bronze - B51,br_samms_codes,TASK_COMPLETE,FAILED,ERROR,0,0,1,SaveCodes Bronze ForEach failed,2026-08-24T12:53:42.369Z,2026-08-24T13:42:52.652Z,2950,2026-08-24T13:42:52.652Z,B51,NorthLittleRock,8f1806c1-b1f2-4ac5-b25b-086fec51b8fb,SAMMS-NorthLittleRockV6
202608241333250386,202608241253386879,202608241253386616,88,4919,P1 Reference Codes Bronze - B52,br_samms_codes,TASK_COMPLETE,FAILED,ERROR,0,0,1,SaveCodes Bronze ForEach failed,2026-08-24T12:53:42.369Z,2026-08-24T13:42:52.652Z,2950,2026-08-24T13:42:52.652Z,B52,JacksonGA,8f1806c1-b1f2-4ac5-b25b-086fec51b8fb,SAMMS-JacksonGAV5
202608241333250387,202608241253386880,202608241253386616,88,4920,P1 Reference Codes Bronze - B54,br_samms_codes,TASK_COMPLETE,FAILED,ERROR,0,0,1,SaveCodes Bronze ForEach failed,2026-08-24T12:53:42.369Z,2026-08-24T13:42:52.652Z,2950,2026-08-24T13:42:52.652Z,B54,Gadsden,8f1806c1-b1f2-4ac5-b25b-086fec51b8fb,SAMMS-GadsdenV5
202608270900052711,202608270900052711,20260827043602,132,13700,Readmission Table Gold,vwReadmissions,TASK_FAILED,FAILED,ERROR,309274,0,309274,"An error occurred while calling o8614.synapsesql. : com.microsoft.spark.fabric.tds.write.error.FabricSparkTDSWriteError: Schemas are not equal: Fields in dataframe but missing in Table: StructField(Readmission,IntegerType,true) Fields in table but missing in dataframe: StructField(readmission,IntegerType,true)",2026-08-27T09:00:05.271Z,2026-08-27T09:00:40.488Z,35,2026-08-27T09:00:40.488Z,,,3fa64f84-15aa-45fb-9cca-2f2fe48cfae1,
202608201425195155,202608201258109109,202608201258108173,46,9656,P1 Finance Claim Line Item Activity Bronze - B34,br_samms_claim_line_item_activity,TASK_COMPLETE,SUCCESS,INFO,215296,215296,0,,2026-08-20T12:58:15.698Z,2026-08-20T14:28:34.201Z,5419,2026-08-20T14:28:34.201Z,B34,Corbin,5f0dd8ad-486e-4238-8933-2b89499a6e18,SAMMS-CorbinV5
202608201425195156,202608201258109110,202608201258108173,46,9657,P1 Finance Claim Line Item Activity Bronze - B35,br_samms_claim_line_item_activity,TASK_COMPLETE,SUCCESS,INFO,438319,438319,0,,2026-08-20T12:58:15.698Z,2026-08-20T14:28:34.201Z,5419,2026-08-20T14:28:34.201Z,B35,Lexington,5f0dd8ad-486e-4238-8933-2b89499a6e18,SAMMS-LexingtonV5
202608201425195158,202608201258109111,202608201258108173,46,9658,P1 Finance Claim Line Item Activity Bronze - B35A,br_samms_claim_line_item_activity,TASK_COMPLETE,SUCCESS,INFO,111955,111955,0,,2026-08-20T12:58:15.698Z,2026-08-20T14:28:34.201Z,5419,2026-08-20T14:28:34.201Z,B35A,Berea,5f0dd8ad-486e-4238-8933-2b89499a6e18,SAMMS-BereaV5
202608201425195159,202608201258109112,202608201258108173,46,9659,P1 Finance Claim Line Item Activity Bronze - B36,br_samms_claim_line_item_activity,TASK_COMPLETE,SUCCESS,INFO,506707,506707,0,,2026-08-20T12:58:15.698Z,2026-08-20T14:28:34.201Z,5419,2026-08-20T14:28:34.201Z,B36,Asheville,5f0dd8ad-486e-4238-8933-2b89499a6e18,SAMMS-AshevilleV5
202608201425195160,202608201258109113,202608201258108173,46,9660,P1 Finance Claim Line Item Activity Bronze - B37,br_samms_claim_line_item_activity,TASK_COMPLETE,SUCCESS,INFO,246432,246432,0,,2026-08-20T12:58:15.698Z,2026-08-20T14:28:34.201Z,5419,2026-08-20T14:28:34.201Z,B37,Clyde,5f0dd8ad-486e-4238-8933-2b89499a6e18,SAMMS-ClydeV5
202608201425195162,202608201258109114,202608201258108173,46,9661,P1 Finance Claim Line Item Activity Bronze - B38,br_samms_claim_line_item_activity,TASK_COMPLETE,SUCCESS,INFO,118076,118076,0,,2026-08-20T12:58:15.698Z,2026-08-20T14:28:34.201Z,5419,2026-08-20T14:28:34.201Z,B38,Spartanburg,5f0dd8ad-486e-4238-8933-2b89499a6e18,SAMMS-SpartanburgV5
202608201425195163,202608201258109115,202608201258108173,46,9662,P1 Finance Claim Line Item Activity Bronze - B39,br_samms_claim_line_item_activity,TASK_COMPLETE,SUCCESS,INFO,60595,60595,0,,2026-08-20T12:58:15.698Z,2026-08-20T14:28:34.201Z,5419,2026-08-20T14:28:34.201Z,B39,Aiken,5f0dd8ad-486e-4238-8933-2b89499a6e18,SAMMS-AikenV5
202608201425195164,202608201258109116,202608201258108173,46,9663,P1 Finance Claim Line Item Activity Bronze - B41,br_samms_claim_line_item_activity,TASK_COMPLETE,SUCCESS,INFO,2032824,2032824,0,,2026-08-20T12:58:15.698Z,2026-08-20T14:28:34.201Z,5419,2026-08-20T14:28:34.201Z,B41,Chesapeake,5f0dd8ad-486e-4238-8933-2b89499a6e18,SAMMS-ChesapeakeV5
202608201425195166,202608201258109117,202608201258108173,46,9664,P1 Finance Claim Line Item Activity Bronze - B42,br_samms_claim_line_item_activity,TASK_COMPLETE,SUCCESS,INFO,2921911,2921911,0,,2026-08-20T12:58:15.698Z,2026-08-20T14:28:34.201Z,5419,2026-08-20T14:28:34.201Z,B42,VirginiaBeach,5f0dd8ad-486e-4238-8933-2b89499a6e18,SAMMS-VirginiaBeachV5
202608201425195167,202608201258109118,202608201258108173,46,9665,P1 Finance Claim Line Item Activity Bronze - B42A,br_samms_claim_line_item_activity,TASK_COMPLETE,SUCCESS,INFO,1653766,1653766,0,,2026-08-20T12:58:15.698Z,2026-08-20T14:28:34.201Z,5419,2026-08-20T14:28:34.201Z,B42A,NewportNews,5f0dd8ad-486e-4238-8933-2b89499a6e18,SAMMS-NewportNewsV5
202608201425195168,202608201258109119,202608201258108173,46,9666,P1 Finance Claim Line Item Activity Bronze - B42B,br_samms_claim_line_item_activity,TASK_COMPLETE,SUCCESS,INFO,363623,363623,0,,2026-08-20T12:58:15.698Z,2026-08-20T14:28:34.201Z,5419,2026-08-20T14:28:34.201Z,B42B,Franklin,5f0dd8ad-486e-4238-8933-2b89499a6e18,SAMMS-FranklinV5
202608201425195170,202608201258109120,202608201258108173,46,9667,P1 Finance Claim Line Item Activity Bronze - B42C,br_samms_claim_line_item_activity,TASK_COMPLETE,SUCCESS,INFO,1859010,1859010,0,,2026-08-20T12:58:15.698Z,2026-08-20T14:28:34.201Z,5419,2026-08-20T14:28:34.201Z,B42C,GlenAllen,5f0dd8ad-486e-4238-8933-2b89499a6e18,SAMMS-GlenAllenV5
202608201425195171,202608201258109121,202608201258108173,46,9668,P1 Finance Claim Line Item Activity Bronze - B42D,br_samms_claim_line_item_activity,TASK_COMPLETE,SUCCESS,INFO,1492078,1492078,0,,2026-08-20T12:58:15.698Z,2026-08-20T14:28:34.201Z,5419,2026-08-20T14:28:34.201Z,B42D,ChesapeakeSouth,5f0dd8ad-486e-4238-8933-2b89499a6e18,SAMMS-ChesapeakeSouthV5
202608201425195173,202608201258109122,202608201258108173,46,9669,P1 Finance Claim Line Item Activity Bronze - B44,br_samms_claim_line_item_activity,TASK_COMPLETE,SUCCESS,INFO,94568,94568,0,,2026-08-20T12:58:15.698Z,2026-08-20T14:28:34.201Z,5419,2026-08-20T14:28:34.201Z,B44,Albany,5f0dd8ad-486e-4238-8933-2b89499a6e18,SAMMS-AlbanyV5
202608201425195174,202608201258109123,202608201258108173,46,9670,P1 Finance Claim Line Item Activity Bronze - B45,br_samms_claim_line_item_activity,TASK_COMPLETE,SUCCESS,INFO,127291,127291,0,,2026-08-20T12:58:15.698Z,2026-08-20T14:28:34.201Z,5419,2026-08-20T14:28:34.201Z,B45,Tifton,5f0dd8ad-486e-4238-8933-2b89499a6e18,SAMMS-TiftonV5
202608201425195175,202608201258109124,202608201258108173,46,9671,P1 Finance Claim Line Item Activity Bronze - B46,br_samms_claim_line_item_activity,TASK_COMPLETE,SUCCESS,INFO,1395926,1395926,0,,2026-08-20T12:58:15.698Z,2026-08-20T14:28:34.201Z,5419,2026-08-20T14:28:34.201Z,B46,WashingtonDC,5f0dd8ad-486e-4238-8933-2b89499a6e18,SAMMS-WashingtonDCv5
202608201425195177,202608201258109125,202608201258108173,46,9672,P1 Finance Claim Line Item Activity Bronze - B47,br_samms_claim_line_item_activity,TASK_COMPLETE,SUCCESS,INFO,443424,443424,0,,2026-08-20T12:58:15.698Z,2026-08-20T14:28:34.201Z,5419,2026-08-20T14:28:34.201Z,B47,Mobile,5f0dd8ad-486e-4238-8933-2b89499a6e18,SAMMS-MobileV5
202608201425195178,202608201258109126,202608201258108173,46,9673,P1 Finance Claim Line Item Activity Bronze - B48,br_samms_claim_line_item_activity,TASK_COMPLETE,SUCCESS,INFO,497153,497153,0,,2026-08-20T12:58:15.698Z,2026-08-20T14:28:34.201Z,5419,2026-08-20T14:28:34.201Z,B48,Tuscaloosa,5f0dd8ad-486e-4238-8933-2b89499a6e18,SAMMS-TuscaloosaV5
202608201425195180,202608201258109127,202608201258108173,46,9674,P1 Finance Claim Line Item Activity Bronze - B51,br_samms_claim_line_item_activity,TASK_COMPLETE,SUCCESS,INFO,85829,85829,0,,2026-08-20T12:58:15.698Z,2026-08-20T14:28:34.201Z,5419,2026-08-20T14:28:34.201Z,B51,NorthLittleRock,5f0dd8ad-486e-4238-8933-2b89499a6e18,SAMMS-NorthLittleRockV6
202608201425195181,202608201258109128,202608201258108173,46,9675,P1 Finance Claim Line Item Activity Bronze - B52,br_samms_claim_line_item_activity,TASK_COMPLETE,SUCCESS,INFO,48674,48674,0,,2026-08-20T12:58:15.698Z,2026-08-20T14:28:34.201Z,5419,2026-08-20T14:28:34.201Z,B52,JacksonGA,5f0dd8ad-486e-4238-8933-2b89499a6e18,SAMMS-JacksonGAV5
202608201425195182,202608201258109129,202608201258108173,46,9676,P1 Finance Claim Line Item Activity Bronze - B54,br_samms_claim_line_item_activity,TASK_COMPLETE,SUCCESS,INFO,524794,524794,0,,2026-08-20T12:58:15.698Z,2026-08-20T14:28:34.201Z,5419,2026-08-20T14:28:34.201Z,B54,Gadsden,5f0dd8ad-486e-4238-8933-2b89499a6e18,SAMMS-GadsdenV5
202608201425195184,202608201258109130,202608201258108173,46,9677,P1 Finance Claim Line Item Activity Bronze - B55,br_samms_claim_line_item_activity,TASK_COMPLETE,SUCCESS,INFO,468263,468263,0,,2026-08-20T12:58:15.698Z,2026-08-20T14:28:34.201Z,5419,2026-08-20T14:28:34.201Z,B55,Shoals,5f0dd8ad-486e-4238-8933-2b89499a6e18,SAMMS-ShoalsV5
202608201425195185,202608201258109131,202608201258108173,46,9678,P1 Finance Claim Line Item Activity Bronze - B57,br_samms_claim_line_item_activity,TASK_COMPLETE,SUCCESS,INFO,66140,66140,0,,2026-08-20T12:58:15.698Z,2026-08-20T14:28:34.201Z,5419,2026-08-20T14:28:34.201Z,B57,Pawtucket,5f0dd8ad-486e-4238-8933-2b89499a6e18,SAMMS-Pawtucket
202608201425195187,202608201258109132,202608201258108173,46,9679,P1 Finance Claim Line Item Activity Bronze - B57A,br_samms_claim_line_item_activity,TASK_COMPLETE,SUCCESS,INFO,74467,74467,0,,2026-08-20T12:58:15.698Z,2026-08-20T14:28:34.201Z,5419,2026-08-20T14:28:34.201Z,B57A,Johnston,5f0dd8ad-486e-4238-8933-2b89499a6e18,SAMMS-Johnston
202608201425195188,202608201258109133,202608201258108173,46,9680,P1 Finance Claim Line Item Activity Bronze - B57B,br_samms_claim_line_item_activity,TASK_COMPLETE,SUCCESS,INFO,26145,26145,0,,2026-08-20T12:58:15.698Z,2026-08-20T14:28:34.201Z,5419,2026-08-20T14:28:34.201Z,B57B,Middletown,5f0dd8ad-486e-4238-8933-2b89499a6e18,SAMMS-Middletown
202608201425195190,202608201258109134,202608201258108173,46,9681,P1 Finance Claim Line Item Activity Bronze - B57C,br_samms_claim_line_item_activity,TASK_COMPLETE,SUCCESS,INFO,60550,60550,0,,2026-08-20T12:58:15.698Z,2026-08-20T14:28:34.201Z,5419,2026-08-20T14:28:34.201Z,B57C,Providence,5f0dd8ad-486e-4238-8933-2b89499a6e18,SAMMS-Providence
202608201425195191,202608201258109135,202608201258108173,46,9682,P1 Finance Claim Line Item Activity Bronze - B57D,br_samms_claim_line_item_activity,TASK_COMPLETE,SUCCESS,INFO,114822,114822,0,,2026-08-20T12:58:15.698Z,2026-08-20T14:28:34.201Z,5419,2026-08-20T14:28:34.201Z,B57D,Westerly,5f0dd8ad-486e-4238-8933-2b89499a6e18,SAMMS-Westerly
202608201425195193,202608201258109136,202608201258108173,46,9683,P1 Finance Claim Line Item Activity Bronze - B66A,br_samms_claim_line_item_activity,TASK_COMPLETE,SUCCESS,INFO,1015,1015,0,,2026-08-20T12:58:15.698Z,2026-08-20T14:28:34.201Z,5419,2026-08-20T14:28:34.201Z,B66A,Bremen,5f0dd8ad-486e-4238-8933-2b89499a6e18,SAMMS-Bremen
202608201425195194,202608201258109137,202608201258108173,46,9684,P1 Finance Claim Line Item Activity Bronze - B72,br_samms_claim_line_item_activity,TASK_COMPLETE,SUCCESS,INFO,308,308,0,,2026-08-20T12:58:15.698Z,2026-08-20T14:28:34.201Z,5419,2026-08-20T14:28:34.201Z,B72,Mobile-OBOT,5f0dd8ad-486e-4238-8933-2b89499a6e18,SAMMS-Mobile-OBOT
202608201425195196,202608201258109138,202608201258108173,46,9685,P1 Finance Claim Line Item Activity Bronze - B73,br_samms_claim_line_item_activity,TASK_COMPLETE,SUCCESS,INFO,316,316,0,,2026-08-20T12:58:15.698Z,2026-08-20T14:28:34.201Z,5419,2026-08-20T14:28:34.201Z,B73,Montgomery,5f0dd8ad-486e-4238-8933-2b89499a6e18,SAMMS-Montgomery
202608201425195198,202608201258109139,202608201258108173,46,9686,P1 Finance Claim Line Item Activity Bronze - B75,br_samms_claim_line_item_activity,TASK_COMPLETE,SUCCESS,INFO,25414,25414,0,,2026-08-20T12:58:15.698Z,2026-08-20T14:28:34.201Z,5419,2026-08-20T14:28:34.201Z,B75,Lawrence,5f0dd8ad-486e-4238-8933-2b89499a6e18,SAMMS-LawrenceV6
202608201425195199,202608201258109140,202608201258108173,46,9687,P1 Finance Claim Line Item Activity Bronze - B76,br_samms_claim_line_item_activity,TASK_COMPLETE,SUCCESS,INFO,9,9,0,,2026-08-20T12:58:15.698Z,2026-08-20T14:28:34.201Z,5419,2026-08-20T14:28:34.201Z,B76,Huntsville-OBOT,5f0dd8ad-486e-4238-8933-2b89499a6e18,SAMMS-Huntsville-OBOT
202608201425195201,202608201258109141,202608201258108173,46,9688,P1 Finance Claim Line Item Activity Bronze - BAT,br_samms_claim_line_item_activity,TASK_COMPLETE,SUCCESS,INFO,29007,29007,0,,2026-08-20T12:58:15.698Z,2026-08-20T14:28:34.201Z,5419,2026-08-20T14:28:34.201Z,BAT,Batesville,5f0dd8ad-486e-4238-8933-2b89499a6e18,SAMMS-Batesville
202608201425195202,202608201258109142,202608201258108173,46,9689,P1 Finance Claim Line Item Activity Bronze - BG,br_samms_claim_line_item_activity,TASK_COMPLETE,SUCCESS,INFO,58444,58444,0,,2026-08-20T12:58:15.698Z,2026-08-20T14:28:34.201Z,5419,2026-08-20T14:28:34.201Z,BG,BowlingGreen,5f0dd8ad-486e-4238-8933-2b89499a6e18,SAMMS-BowlingGreen
202608201425195204,202608201258109143,202608201258108173,46,9690,P1 Finance Claim Line Item Activity Bronze - BOI,br_samms_claim_line_item_activity,TASK_COMPLETE,SUCCESS,INFO,19939,19939,0,,2026-08-20T12:58:15.698Z,2026-08-20T14:28:34.201Z,5419,2026-08-20T14:28:34.201Z,BOI,Boise,5f0dd8ad-486e-4238-8933-2b89499a6e18,SAMMS-Boise
202608201425195205,202608201258109144,202608201258108173,46,9691,P1 Finance Claim Line Item Activity Bronze - CBCO,br_samms_claim_line_item_activity,TASK_COMPLETE,SUCCESS,INFO,12844,12844,0,,2026-08-20T12:58:15.698Z,2026-08-20T14:28:34.201Z,5419,2026-08-20T14:28:34.201Z,CBCO,CoeurdAlene,5f0dd8ad-486e-4238-8933-2b89499a6e18,SAMMS-CoeurdAleneV6
202608201425195207,202608201258109145,202608201258108173,46,9692,P1 Finance Claim Line Item Activity Bronze - CON,br_samms_claim_line_item_activity,TASK_COMPLETE,SUCCESS,INFO,40041,40041,0,,2026-08-20T12:58:15.698Z,2026-08-20T14:28:34.201Z,5419,2026-08-20T14:28:34.201Z,CON,Conway,5f0dd8ad-486e-4238-8933-2b89499a6e18,SAMMS-Conway
202608201425195209,202608201258109146,202608201258108173,46,9693,P1 Finance Claim Line Item Activity Bronze - D07,br_samms_claim_line_item_activity,TASK_COMPLETE,SUCCESS,INFO,116882,116882,0,,2026-08-20T12:58:15.698Z,2026-08-20T14:28:34.201Z,5419,2026-08-20T14:28:34.201Z,D07,Knoxville,5f0dd8ad-486e-4238-8933-2b89499a6e18,SAMMS-KnoxvilleV6
202608201425195210,202608201258109147,202608201258108173,46,9694,P1 Finance Claim Line Item Activity Bronze - D08,br_samms_claim_line_item_activity,TASK_COMPLETE,SUCCESS,INFO,195501,195501,0,,2026-08-20T12:58:15.698Z,2026-08-20T14:28:34.201Z,5419,2026-08-20T14:28:34.201Z,D08,Madison,5f0dd8ad-486e-4238-8933-2b89499a6e18,SAMMS-MadisonV6
202608201425195212,202608201258109148,202608201258108173,46,9695,P1 Finance Claim Line Item Activity Bronze - D09,br_samms_claim_line_item_activity,TASK_COMPLETE,SUCCESS,INFO,330249,330249,0,,2026-08-20T12:58:15.698Z,2026-08-20T14:28:34.201Z,5419,2026-08-20T14:28:34.201Z,D09,Murfreesboro,5f0dd8ad-486e-4238-8933-2b89499a6e18,SAMMS-MurfreesboroV6
202608201425195213,202608201258109149,202608201258108173,46,9696,P1 Finance Claim Line Item Activity Bronze - DA,br_samms_claim_line_item_activity,TASK_COMPLETE,SUCCESS,INFO,38896,38896,0,,2026-08-20T12:58:15.698Z,2026-08-20T14:28:34.201Z,5419,2026-08-20T14:28:34.201Z,DA,Davenport,5f0dd8ad-486e-4238-8933-2b89499a6e18,SAMMS-Davenport
202608201425195215,202608201258109150,202608201258108173,46,9697,P1 Finance Claim Line Item Activity Bronze - DM,br_samms_claim_line_item_activity,TASK_COMPLETE,SUCCESS,INFO,47355,47355,0,,2026-08-20T12:58:15.698Z,2026-08-20T14:28:34.201Z,5419,2026-08-20T14:28:34.201Z,DM,DesMoines,5f0dd8ad-486e-4238-8933-2b89499a6e18,SAMMS-DesMoines
202608201425195216,202608201258109151,202608201258108173,46,9698,P1 Finance Claim Line Item Activity Bronze - DRD-CO,br_samms_claim_line_item_activity,TASK_COMPLETE,SUCCESS,INFO,307365,307365,0,,2026-08-20T12:58:15.698Z,2026-08-20T14:28:34.201Z,5419,2026-08-20T14:28:34.201Z,DRD-CO,Columbia,5f0dd8ad-486e-4238-8933-2b89499a6e18,SAMMS-ColumbiaV5
202608201425195218,202608201258109152,202608201258108173,46,9699,P1 Finance Claim Line Item Activity Bronze - DRD-KC,br_samms_claim_line_item_activity,TASK_COMPLETE,SUCCESS,INFO,379051,379051,0,,2026-08-20T12:58:15.698Z,2026-08-20T14:28:34.201Z,5419,2026-08-20T14:28:34.201Z,DRD-KC,KC,5f0dd8ad-486e-4238-8933-2b89499a6e18,SAMMS-KCv5
202608201425195303,202608201258109197,202608201258108173,46,9743,P1 Finance Claim Line Item Activity Bronze - V12A,br_samms_claim_line_item_activity,TASK_COMPLETE,SUCCESS,INFO,486024,486024,0,,2026-08-20T12:58:15.698Z,2026-08-20T14:28:34.201Z,5419,2026-08-20T14:28:34.201Z,V12A,Centennial,5f0dd8ad-486e-4238-8933-2b89499a6e18,SAMMS-CentennialV5
202608201425195305,202608201258109198,202608201258108173,46,9744,P1 Finance Claim Line Item Activity Bronze - V14,br_samms_claim_line_item_activity,TASK_COMPLETE,SUCCESS,INFO,60397,60397,0,,2026-08-20T12:58:15.698Z,2026-08-20T14:28:34.201Z,5419,2026-08-20T14:28:34.201Z,V14,VCPHCS-XIV-Bridgeway,5f0dd8ad-486e-4238-8933-2b89499a6e18,SAMMS-VCPHCS-XIV-BridgewayV5
202608201425195307,202608201258109199,202608201258108173,46,9745,P1 Finance Claim Line Item Activity Bronze - V15,br_samms_claim_line_item_activity,TASK_COMPLETE,SUCCESS,INFO,412282,412282,0,,2026-08-20T12:58:15.698Z,2026-08-20T14:28:34.201Z,5419,2026-08-20T14:28:34.201Z,V15,Joplin,5f0dd8ad-486e-4238-8933-2b89499a6e18,SAMMS-JoplinV5
202608201425195309,202608201258109200,202608201258108173,46,9746,P1 Finance Claim Line Item Activity Bronze - V17,br_samms_claim_line_item_activity,TASK_COMPLETE,SUCCESS,INFO,620413,620413,0,,2026-08-20T12:58:15.698Z,2026-08-20T14:28:34.201Z,5419,2026-08-20T14:28:34.201Z,V17,ColumbiaTN,5f0dd8ad-486e-4238-8933-2b89499a6e18,SAMMS-ColumbiaTNv5
202608201425195311,202608201258109201,202608201258108173,46,9747,P1 Finance Claim Line Item Activity Bronze - V19,br_samms_claim_line_item_activity,TASK_COMPLETE,SUCCESS,INFO,765721,765721,0,,2026-08-20T12:58:15.698Z,2026-08-20T14:28:34.201Z,5419,2026-08-20T14:28:34.201Z,V19,Jackson,5f0dd8ad-486e-4238-8933-2b89499a6e18,SAMMS-JacksonV5
202608201425195313,202608201258109202,202608201258108173,46,9748,P1 Finance Claim Line Item Activity Bronze - V20,br_samms_claim_line_item_activity,TASK_COMPLETE,SUCCESS,INFO,961489,961489,0,,2026-08-20T12:58:15.698Z,2026-08-20T14:28:34.201Z,5419,2026-08-20T14:28:34.201Z,V20,Paris,5f0dd8ad-486e-4238-8933-2b89499a6e18,SAMMS-ParisV5
202608201425195315,202608201258109203,202608201258108173,46,9749,P1 Finance Claim Line Item Activity Bronze - V21,br_samms_claim_line_item_activity,TASK_COMPLETE,SUCCESS,INFO,754835,754835,0,,2026-08-20T12:58:15.698Z,2026-08-20T14:28:34.201Z,5419,2026-08-20T14:28:34.201Z,V21,Raleigh,5f0dd8ad-486e-4238-8933-2b89499a6e18,SAMMS-RaleighV5
202608201425195317,202608201258109204,202608201258108173,46,9750,P1 Finance Claim Line Item Activity Bronze - V5,br_samms_claim_line_item_activity,TASK_COMPLETE,SUCCESS,INFO,1343416,1343416,0,,2026-08-20T12:58:15.698Z,2026-08-20T14:28:34.201Z,5419,2026-08-20T14:28:34.201Z,V5,NONTC,5f0dd8ad-486e-4238-8933-2b89499a6e18,SAMMS-NONTCv5
202608201425195320,202608201258109205,202608201258108173,46,9751,P1 Finance Claim Line Item Activity Bronze - V5B,br_samms_claim_line_item_activity,TASK_COMPLETE,SUCCESS,INFO,24909,24909,0,,2026-08-20T12:58:15.698Z,2026-08-20T14:28:34.201Z,5419,2026-08-20T14:28:34.201Z,V5B,Houma,5f0dd8ad-486e-4238-8933-2b89499a6e18,SAMMS-HoumaV6
202608201425195322,202608201258109206,202608201258108173,46,9752,P1 Finance Claim Line Item Activity Bronze - V6,br_samms_claim_line_item_activity,TASK_COMPLETE,SUCCESS,INFO,1011194,1011194,0,,2026-08-20T12:58:15.698Z,2026-08-20T14:28:34.201Z,5419,2026-08-20T14:28:34.201Z,V6,LC,5f0dd8ad-486e-4238-8933-2b89499a6e18,SAMMS-LCv5
202608201425195325,202608201258109207,202608201258108173,46,9753,P1 Finance Claim Line Item Activity Bronze - V8,br_samms_claim_line_item_activity,TASK_COMPLETE,SUCCESS,INFO,677797,677797,0,,2026-08-20T12:58:15.698Z,2026-08-20T14:28:34.201Z,5419,2026-08-20T14:28:34.201Z,V8,VCPHCS-VIII-Memphis,5f0dd8ad-486e-4238-8933-2b89499a6e18,SAMMS-VCPHCS-VIII-MemphisV5
202608201425195327,202608201258109208,202608201258108173,46,9754,P1 Finance Claim Line Item Activity Bronze - V9,br_samms_claim_line_item_activity,TASK_COMPLETE,SUCCESS,INFO,2089439,2089439,0,,2026-08-20T12:58:15.698Z,2026-08-20T14:28:34.201Z,5419,2026-08-20T14:28:34.201Z,V9,Nashville,5f0dd8ad-486e-4238-8933-2b89499a6e18,SAMMS-NashvilleV5
202608201425195329,202608201258109209,202608201258108173,46,9755,P1 Finance Claim Line Item Activity Bronze - VBRA,br_samms_claim_line_item_activity,TASK_COMPLETE,SUCCESS,INFO,468957,468957,0,,2026-08-20T12:58:15.698Z,2026-08-20T14:28:34.201Z,5419,2026-08-20T14:28:34.201Z,VBRA,Brainerd,5f0dd8ad-486e-4238-8933-2b89499a6e18,SAMMS-BrainerdV6
202608201425195331,202608201258109210,202608201258108173,46,9756,P1 Finance Claim Line Item Activity Bronze - VBRP,br_samms_claim_line_item_activity,TASK_COMPLETE,SUCCESS,INFO,938066,938066,0,,2026-08-20T12:58:15.698Z,2026-08-20T14:28:34.201Z,5419,2026-08-20T14:28:34.201Z,VBRP,BrooklynPark,5f0dd8ad-486e-4238-8933-2b89499a6e18,SAMMS-BrooklynParkV6
202608201425195334,202608201258109211,202608201258108173,46,9757,P1 Finance Claim Line Item Activity Bronze - VMIN,br_samms_claim_line_item_activity,TASK_COMPLETE,SUCCESS,INFO,718574,718574,0,,2026-08-20T12:58:15.698Z,2026-08-20T14:28:34.201Z,5419,2026-08-20T14:28:34.201Z,VMIN,Minneapolis,5f0dd8ad-486e-4238-8933-2b89499a6e18,SAMMS-MinneapolisV6
202608201425195336,202608201258109212,202608201258108173,46,9758,P1 Finance Claim Line Item Activity Bronze - VWBY,br_samms_claim_line_item_activity,TASK_COMPLETE,SUCCESS,INFO,1116549,1116549,0,,2026-08-20T12:58:15.698Z,2026-08-20T14:28:34.201Z,5419,2026-08-20T14:28:34.201Z,VWBY,Woodbury,5f0dd8ad-486e-4238-8933-2b89499a6e18,SAMMS-WoodburyV6
202608201425195338,202608201258109213,202608201258108173,46,9759,P1 Finance Claim Line Item Activity Bronze - WIL,br_samms_claim_line_item_activity,TASK_COMPLETE,SUCCESS,INFO,80831,80831,0,,2026-08-20T12:58:15.698Z,2026-08-20T14:28:34.201Z,5419,2026-08-20T14:28:34.201Z,WIL,Wilson,5f0dd8ad-486e-4238-8933-2b89499a6e18,SAMMS-Wilson
202608201425195439,202608201258208182,202608201258208173,47,9760,P1 Finance Claim Line Item Activity Silver,tbl_ClaimLineItemActivity,TASK_COMPLETE,SUCCESS,INFO,53058423,53058423,0,,2026-08-20T12:58:15.698Z,2026-08-20T14:28:34.201Z,5419,2026-08-20T14:28:34.201Z,,,5f0dd8ad-486e-4238-8933-2b89499a6e18,
202608201425195348,202608201258109214,202608201258108173,46,9763,P1 Finance Claims Bronze - AHK,br_samms_claims,TASK_COMPLETE,SUCCESS,INFO,11492,11492,0,,2026-08-20T12:58:15.698Z,2026-08-20T14:28:34.201Z,5419,2026-08-20T14:28:34.201Z,AHK,Ahoskie,5f0dd8ad-486e-4238-8933-2b89499a6e18,SAMMS-Ahoskie
202608201425195349,202608201258109215,202608201258108173,46,9764,P1 Finance Claims Bronze - B12B,br_samms_claims,TASK_COMPLETE,SUCCESS,INFO,57634,57634,0,,2026-08-20T12:58:15.698Z,2026-08-20T14:28:34.201Z,5419,2026-08-20T14:28:34.201Z,B12B,ColoradoSprings,5f0dd8ad-486e-4238-8933-2b89499a6e18,SAMMS-ColoradoSpringsV5
202608201425195351,202608201258109216,202608201258108173,46,9765,P1 Finance Claims Bronze - B24,br_samms_claims,TASK_COMPLETE,SUCCESS,INFO,128781,128781,0,,2026-08-20T12:58:15.698Z,2026-08-20T14:28:34.201Z,5419,2026-08-20T14:28:34.201Z,B24,Paintsville,5f0dd8ad-486e-4238-8933-2b89499a6e18,SAMMS-PaintsvilleV5
202608201425195352,202608201258109217,202608201258108173,46,9766,P1 Finance Claims Bronze - B25,br_samms_claims,TASK_COMPLETE,SUCCESS,INFO,102040,102040,0,,2026-08-20T12:58:15.698Z,2026-08-20T14:28:34.201Z,5419,2026-08-20T14:28:34.201Z,B25,Pikeville,5f0dd8ad-486e-4238-8933-2b89499a6e18,SAMMS-PikevilleV5
202608201425196713,202608201258108713,202608201258108173,46,9249,P1 Finance Payer Client History Bronze - MP,br_samms_payer_clt_history,TASK_COMPLETE,SUCCESS,INFO,333,333,0,,2026-08-20T12:58:15.698Z,2026-08-20T14:28:34.201Z,5419,2026-08-20T14:28:34.201Z,MP,MtPleasant,5f0dd8ad-486e-4238-8933-2b89499a6e18,SAMMS-MtPleasant
202608201425196715,202608201258108714,202608201258108173,46,9250,P1 Finance Payer Client History Bronze - MRD,br_samms_payer_clt_history,TASK_COMPLETE,SUCCESS,INFO,152,152,0,,2026-08-20T12:58:15.698Z,2026-08-20T14:28:34.201Z,5419,2026-08-20T14:28:34.201Z,MRD,Meridian,5f0dd8ad-486e-4238-8933-2b89499a6e18,SAMMS-Meridian
202608201425196717,202608201258108715,202608201258108173,46,9251,P1 Finance Payer Client History Bronze - NC,br_samms_payer_clt_history,TASK_COMPLETE,SUCCESS,INFO,490,490,0,,2026-08-20T12:58:15.698Z,2026-08-20T14:28:34.201Z,5419,2026-08-20T14:28:34.201Z,NC,NorthCharleston,5f0dd8ad-486e-4238-8933-2b89499a6e18,SAMMS-NorthCharleston
202608201425196719,202608201258108716,202608201258108173,46,9252,P1 Finance Payer Client History Bronze - NLR,br_samms_payer_clt_history,TASK_COMPLETE,SUCCESS,INFO,729,729,0,,2026-08-20T12:58:15.698Z,2026-08-20T14:28:34.201Z,5419,2026-08-20T14:28:34.201Z,NLR,NLROBOT,5f0dd8ad-486e-4238-8933-2b89499a6e18,SAMMS-NLROBOT
202608201425196721,202608201258108717,202608201258108173,46,9253,P1 Finance Payer Client History Bronze - PH,br_samms_payer_clt_history,TASK_COMPLETE,SUCCESS,INFO,0,0,0,,2026-08-20T12:58:15.698Z,2026-08-20T14:28:34.201Z,5419,2026-08-20T14:28:34.201Z,PH,Phoenix,5f0dd8ad-486e-4238-8933-2b89499a6e18,SAMMS-Phoenix
202608201425196723,202608201258108718,202608201258108173,46,9254,P1 Finance Payer Client History Bronze - RE,br_samms_payer_clt_history,TASK_COMPLETE,SUCCESS,INFO,371,371,0,,2026-08-20T12:58:15.698Z,2026-08-20T14:28:34.201Z,5419,2026-08-20T14:28:34.201Z,RE,Reno,5f0dd8ad-486e-4238-8933-2b89499a6e18,SAMMS-Reno
202608201425196725,202608201258108719,202608201258108173,46,9255,P1 Finance Payer Client History Bronze - RMD,br_samms_payer_clt_history,TASK_COMPLETE,SUCCESS,INFO,417,417,0,,2026-08-20T12:58:15.698Z,2026-08-20T14:28:34.201Z,5419,2026-08-20T14:28:34.201Z,RMD,Richmond,5f0dd8ad-486e-4238-8933-2b89499a6e18,SAMMS-Richmond
202608201425196727,202608201258108720,202608201258108173,46,9256,P1 Finance Payer Client History Bronze - SFN,br_samms_payer_clt_history,TASK_COMPLETE,SUCCESS,INFO,823,823,0,,2026-08-20T12:58:15.698Z,2026-08-20T14:28:34.201Z,5419,2026-08-20T14:28:34.201Z,SFN,SFN,5f0dd8ad-486e-4238-8933-2b89499a6e18,SAMMS-SFNv5
202608201425196729,202608201258108721,202608201258108173,46,9257,P1 Finance Payer Client History Bronze - SHP,br_samms_payer_clt_history,TASK_COMPLETE,SUCCESS,INFO,637,637,0,,2026-08-20T12:58:15.698Z,2026-08-20T14:28:34.201Z,5419,2026-08-20T14:28:34.201Z,SHP,Shreveport,5f0dd8ad-486e-4238-8933-2b89499a6e18,SAMMS-Shreveport
202608201425196731,202608201258108722,202608201258108173,46,9258,P1 Finance Payer Client History Bronze - STN,br_samms_payer_clt_history,TASK_COMPLETE,SUCCESS,INFO,150,150,0,,2026-08-20T12:58:15.698Z,2026-08-20T14:28:34.201Z,5419,2026-08-20T14:28:34.201Z,STN,Staunton,5f0dd8ad-486e-4238-8933-2b89499a6e18,SAMMS-Staunton
202608201425196733,202608201258108723,202608201258108173,46,9259,P1 Finance Payer Client History Bronze - STVN,br_samms_payer_clt_history,TASK_COMPLETE,SUCCESS,INFO,64,64,0,,2026-08-20T12:58:15.698Z,2026-08-20T14:28:34.201Z,5419,2026-08-20T14:28:34.201Z,STVN,Stevenson,5f0dd8ad-486e-4238-8933-2b89499a6e18,SAMMS-Stevenson
202608201425196735,202608201258108724,202608201258108173,46,9260,P1 Finance Payer Client History Bronze - TE,br_samms_payer_clt_history,TASK_COMPLETE,SUCCESS,INFO,0,0,0,,2026-08-20T12:58:15.698Z,2026-08-20T14:28:34.201Z,5419,2026-08-20T14:28:34.201Z,TE,Tempe,5f0dd8ad-486e-4238-8933-2b89499a6e18,SAMMS-Tempe
202608201425196737,202608201258108725,202608201258108173,46,9261,P1 Finance Payer Client History Bronze - TEX,br_samms_payer_clt_history,TASK_COMPLETE,SUCCESS,INFO,184,184,0,,2026-08-20T12:58:15.698Z,2026-08-20T14:28:34.201Z,5419,2026-08-20T14:28:34.201Z,TEX,Texarkana,5f0dd8ad-486e-4238-8933-2b89499a6e18,SAMMS-Texarkana
202608201425196739,202608201258108726,202608201258108173,46,9262,P1 Finance Payer Client History Bronze - TTCA,br_samms_payer_clt_history,TASK_COMPLETE,SUCCESS,INFO,397,397,0,,2026-08-20T12:58:15.698Z,2026-08-20T14:28:34.201Z,5419,2026-08-20T14:28:34.201Z,TTCA,Bessemer,5f0dd8ad-486e-4238-8933-2b89499a6e18,SAMMS-BessemerV5
202608201425196741,202608201258108727,202608201258108173,46,9263,P1 Finance Payer Client History Bronze - TTCB,br_samms_payer_clt_history,TASK_COMPLETE,SUCCESS,INFO,295,295,0,,2026-08-20T12:58:15.698Z,2026-08-20T14:28:34.201Z,5419,2026-08-20T14:28:34.201Z,TTCB,Cullman,5f0dd8ad-486e-4238-8933-2b89499a6e18,SAMMS-CullmanV5
202608201425196743,202608201258108728,202608201258108173,46,9264,P1 Finance Payer Client History Bronze - TTCC,br_samms_payer_clt_history,TASK_COMPLETE,SUCCESS,INFO,267,267,0,,2026-08-20T12:58:15.698Z,2026-08-20T14:28:34.201Z,5419,2026-08-20T14:28:34.201Z,TTCC,GrandBay,5f0dd8ad-486e-4238-8933-2b89499a6e18,SAMMS-GrandBay
202608201425196745,202608201258108729,202608201258108173,46,9265,P1 Finance Payer Client History Bronze - TU,br_samms_payer_clt_history,TASK_COMPLETE,SUCCESS,INFO,0,0,0,,2026-08-20T12:58:15.698Z,2026-08-20T14:28:34.201Z,5419,2026-08-20T14:28:34.201Z,TU,Tucson,5f0dd8ad-486e-4238-8933-2b89499a6e18,SAMMS-Tucson
202608201425196748,202608201258108730,202608201258108173,46,9266,P1 Finance Payer Client History Bronze - V1,br_samms_payer_clt_history,TASK_COMPLETE,SUCCESS,INFO,161,161,0,,2026-08-20T12:58:15.698Z,2026-08-20T14:28:34.201Z,5419,2026-08-20T14:28:34.201Z,V1,VCPHCS-I-Memphis,5f0dd8ad-486e-4238-8933-2b89499a6e18,SAMMS-VCPHCS-I-MemphisV5
202608201425196750,202608201258108731,202608201258108173,46,9267,P1 Finance Payer Client History Bronze - V10,br_samms_payer_clt_history,TASK_COMPLETE,SUCCESS,INFO,801,801,0,,2026-08-20T12:58:15.698Z,2026-08-20T14:28:34.201Z,5419,2026-08-20T14:28:34.201Z,V10,Boulder,5f0dd8ad-486e-4238-8933-2b89499a6e18,SAMMS-BoulderV5
202608201425196752,202608201258108732,202608201258108173,46,9268,P1 Finance Payer Client History Bronze - V10A,br_samms_payer_clt_history,TASK_COMPLETE,SUCCESS,INFO,1749,1749,0,,2026-08-20T12:58:15.698Z,2026-08-20T14:28:34.201Z,5419,2026-08-20T14:28:34.201Z,V10A,FortCollins,5f0dd8ad-486e-4238-8933-2b89499a6e18,SAMMS-FortCollinsV5
202608201425196754,202608201258108733,202608201258108173,46,9269,P1 Finance Payer Client History Bronze - V11,br_samms_payer_clt_history,TASK_COMPLETE,SUCCESS,INFO,626,626,0,,2026-08-20T12:58:15.698Z,2026-08-20T14:28:34.201Z,5419,2026-08-20T14:28:34.201Z,V11,VCPHCS-XI-NorthDenver,5f0dd8ad-486e-4238-8933-2b89499a6e18,SAMMS-VCPHCS-XI-NorthDenverV5
202608201425196756,202608201258108734,202608201258108173,46,9270,P1 Finance Payer Client History Bronze - V12,br_samms_payer_clt_history,TASK_COMPLETE,SUCCESS,INFO,1167,1167,0,,2026-08-20T12:58:15.698Z,2026-08-20T14:28:34.201Z,5419,2026-08-20T14:28:34.201Z,V12,VCPHCS-XII-DowntownDenver,5f0dd8ad-486e-4238-8933-2b89499a6e18,SAMMS-VCPHCS-XII-DowntownDenverV5
202608201425196130,202608201258108847,202608201258108173,46,9386,P1 Finance Financial Hardship Application Bronze - V10A,br_samms_financial_hardship_application,TASK_COMPLETE,SUCCESS,INFO,698,698,0,,2026-08-20T12:58:15.698Z,2026-08-20T14:28:34.201Z,5419,2026-08-20T14:28:34.201Z,V10A,FortCollins,5f0dd8ad-486e-4238-8933-2b89499a6e18,SAMMS-FortCollinsV5
202608201425196132,202608201258108848,202608201258108173,46,9387,P1 Finance Financial Hardship Application Bronze - V11,br_samms_financial_hardship_application,TASK_COMPLETE,SUCCESS,INFO,656,656,0,,2026-08-20T12:58:15.698Z,2026-08-20T14:28:34.201Z,5419,2026-08-20T14:28:34.201Z,V11,VCPHCS-XI-NorthDenver,5f0dd8ad-486e-4238-8933-2b89499a6e18,SAMMS-VCPHCS-XI-NorthDenverV5
202608201425196134,202608201258108849,202608201258108173,46,9388,P1 Finance Financial Hardship Application Bronze - V12,br_samms_financial_hardship_application,TASK_COMPLETE,SUCCESS,INFO,1521,1521,0,,2026-08-20T12:58:15.698Z,2026-08-20T14:28:34.201Z,5419,2026-08-20T14:28:34.201Z,V12,VCPHCS-XII-DowntownDenver,5f0dd8ad-486e-4238-8933-2b89499a6e18,SAMMS-VCPHCS-XII-DowntownDenverV5
202608201425196136,202608201258108850,202608201258108173,46,9389,P1 Finance Financial Hardship Application Bronze - V12A,br_samms_financial_hardship_application,TASK_COMPLETE,SUCCESS,INFO,613,613,0,,2026-08-20T12:58:15.698Z,2026-08-20T14:28:34.201Z,5419,2026-08-20T14:28:34.201Z,V12A,Centennial,5f0dd8ad-486e-4238-8933-2b89499a6e18,SAMMS-CentennialV5
202608201425196139,202608201258108851,202608201258108173,46,9390,P1 Finance Financial Hardship Application Bronze - V14,br_samms_financial_hardship_application,TASK_COMPLETE,SUCCESS,INFO,12,12,0,,2026-08-20T12:58:15.698Z,2026-08-20T14:28:34.201Z,5419,2026-08-20T14:28:34.201Z,V14,VCPHCS-XIV-Bridgeway,5f0dd8ad-486e-4238-8933-2b89499a6e18,SAMMS-VCPHCS-XIV-BridgewayV5
202608201425196140,202608201258108852,202608201258108173,46,9391,P1 Finance Financial Hardship Application Bronze - V15,br_samms_financial_hardship_application,TASK_COMPLETE,SUCCESS,INFO,1401,1401,0,,2026-08-20T12:58:15.698Z,2026-08-20T14:28:34.201Z,5419,2026-08-20T14:28:34.201Z,V15,Joplin,5f0dd8ad-486e-4238-8933-2b89499a6e18,SAMMS-JoplinV5
202608201425196143,202608201258108853,202608201258108173,46,9392,P1 Finance Financial Hardship Application Bronze - V17,br_samms_financial_hardship_application,TASK_COMPLETE,SUCCESS,INFO,973,973,0,,2026-08-20T12:58:15.698Z,2026-08-20T14:28:34.201Z,5419,2026-08-20T14:28:34.201Z,V17,ColumbiaTN,5f0dd8ad-486e-4238-8933-2b89499a6e18,SAMMS-ColumbiaTNv5
202608201425196145,202608201258108854,202608201258108173,46,9393,P1 Finance Financial Hardship Application Bronze - V19,br_samms_financial_hardship_application,TASK_COMPLETE,SUCCESS,INFO,832,832,0,,2026-08-20T12:58:15.698Z,2026-08-20T14:28:34.201Z,5419,2026-08-20T14:28:34.201Z,V19,Jackson,5f0dd8ad-486e-4238-8933-2b89499a6e18,SAMMS-JacksonV5
202608201425196147,202608201258108855,202608201258108173,46,9394,P1 Finance Financial Hardship Application Bronze - V20,br_samms_financial_hardship_application,TASK_COMPLETE,SUCCESS,INFO,2017,2017,0,,2026-08-20T12:58:15.698Z,2026-08-20T14:28:34.201Z,5419,2026-08-20T14:28:34.201Z,V20,Paris,5f0dd8ad-486e-4238-8933-2b89499a6e18,SAMMS-ParisV5
202608201425196149,202608201258108856,202608201258108173,46,9395,P1 Finance Financial Hardship Application Bronze - V21,br_samms_financial_hardship_application,TASK_COMPLETE,SUCCESS,INFO,793,793,0,,2026-08-20T12:58:15.698Z,2026-08-20T14:28:34.201Z,5419,2026-08-20T14:28:34.201Z,V21,Raleigh,5f0dd8ad-486e-4238-8933-2b89499a6e18,SAMMS-RaleighV5
202608201425196151,202608201258108857,202608201258108173,46,9396,P1 Finance Financial Hardship Application Bronze - V5,br_samms_financial_hardship_application,TASK_COMPLETE,SUCCESS,INFO,516,516,0,,2026-08-20T12:58:15.698Z,2026-08-20T14:28:34.201Z,5419,2026-08-20T14:28:34.201Z,V5,NONTC,5f0dd8ad-486e-4238-8933-2b89499a6e18,SAMMS-NONTCv5
202608201425196153,202608201258108858,202608201258108173,46,9397,P1 Finance Financial Hardship Application Bronze - V5B,br_samms_financial_hardship_application,TASK_COMPLETE,SUCCESS,INFO,102,102,0,,2026-08-20T12:58:15.698Z,2026-08-20T14:28:34.201Z,5419,2026-08-20T14:28:34.201Z,V5B,Houma,5f0dd8ad-486e-4238-8933-2b89499a6e18,SAMMS-HoumaV6
202608201425196155,202608201258108859,202608201258108173,46,9398,P1 Finance Financial Hardship Application Bronze - V6,br_samms_financial_hardship_application,TASK_COMPLETE,SUCCESS,INFO,995,995,0,,2026-08-20T12:58:15.698Z,2026-08-20T14:28:34.201Z,5419,2026-08-20T14:28:34.201Z,V6,LC,5f0dd8ad-486e-4238-8933-2b89499a6e18,SAMMS-LCv5
202608201425196158,202608201258108860,202608201258108173,46,9399,P1 Finance Financial Hardship Application Bronze - V8,br_samms_financial_hardship_application,TASK_COMPLETE,SUCCESS,INFO,1228,1228,0,,2026-08-20T12:58:15.698Z,2026-08-20T14:28:34.201Z,5419,2026-08-20T14:28:34.201Z,V8,VCPHCS-VIII-Memphis,5f0dd8ad-486e-4238-8933-2b89499a6e18,SAMMS-VCPHCS-VIII-MemphisV5
202608201425196160,202608201258108861,202608201258108173,46,9400,P1 Finance Financial Hardship Application Bronze - V9,br_samms_financial_hardship_application,TASK_COMPLETE,SUCCESS,INFO,2565,2565,0,,2026-08-20T12:58:15.698Z,2026-08-20T14:28:34.201Z,5419,2026-08-20T14:28:34.201Z,V9,Nashville,5f0dd8ad-486e-4238-8933-2b89499a6e18,SAMMS-NashvilleV5
202608201425196162,202608201258108862,202608201258108173,46,9401,P1 Finance Financial Hardship Application Bronze - VBRA,br_samms_financial_hardship_application,TASK_COMPLETE,SUCCESS,INFO,644,644,0,,2026-08-20T12:58:15.698Z,2026-08-20T14:28:34.201Z,5419,2026-08-20T14:28:34.201Z,VBRA,Brainerd,5f0dd8ad-486e-4238-8933-2b89499a6e18,SAMMS-BrainerdV6
202608201425196164,202608201258108863,202608201258108173,46,9402,P1 Finance Financial Hardship Application Bronze - VBRP,br_samms_financial_hardship_application,TASK_COMPLETE,SUCCESS,INFO,820,820,0,,2026-08-20T12:58:15.698Z,2026-08-20T14:28:34.201Z,5419,2026-08-20T14:28:34.201Z,VBRP,BrooklynPark,5f0dd8ad-486e-4238-8933-2b89499a6e18,SAMMS-BrooklynParkV6
202608201425196166,202608201258108864,202608201258108173,46,9403,P1 Finance Financial Hardship Application Bronze - VMIN,br_samms_financial_hardship_application,TASK_COMPLETE,SUCCESS,INFO,16,16,0,,2026-08-20T12:58:15.698Z,2026-08-20T14:28:34.201Z,5419,2026-08-20T14:28:34.201Z,VMIN,Minneapolis,5f0dd8ad-486e-4238-8933-2b89499a6e18,SAMMS-MinneapolisV6
202608201425196168,202608201258108865,202608201258108173,46,9404,P1 Finance Financial Hardship Application Bronze - VWBY,br_samms_financial_hardship_application,TASK_COMPLETE,SUCCESS,INFO,1370,1370,0,,2026-08-20T12:58:15.698Z,2026-08-20T14:28:34.201Z,5419,2026-08-20T14:28:34.201Z,VWBY,Woodbury,5f0dd8ad-486e-4238-8933-2b89499a6e18,SAMMS-WoodburyV6
202608201425196171,202608201258108866,202608201258108173,46,9405,P1 Finance Financial Hardship Application Bronze - WIL,br_samms_financial_hardship_application,TASK_COMPLETE,SUCCESS,INFO,856,856,0,,2026-08-20T12:58:15.698Z,2026-08-20T14:28:34.201Z,5419,2026-08-20T14:28:34.201Z,WIL,Wilson,5f0dd8ad-486e-4238-8933-2b89499a6e18,SAMMS-Wilson
202608201425196272,202608201258208179,202608201258208173,47,9406,P1 Finance Financial Hardship Application Silver,tbl_FinancialHardshipApplication,TASK_COMPLETE,SUCCESS,INFO,71472,71472,0,,2026-08-20T12:58:15.698Z,2026-08-20T14:28:34.201Z,5419,2026-08-20T14:28:34.201Z,,,5f0dd8ad-486e-4238-8933-2b89499a6e18,
202608201425196181,202608201258108521,202608201258108173,46,9055,P1 Finance FMP Bronze - AHK,br_samms_fmp,TASK_COMPLETE,SUCCESS,INFO,3,3,0,,2026-08-20T12:58:15.698Z,2026-08-20T14:28:34.201Z,5419,2026-08-20T14:28:34.201Z,AHK,Ahoskie,5f0dd8ad-486e-4238-8933-2b89499a6e18,SAMMS-Ahoskie
202608201425195066,202608201258109066,202608201258108173,46,9610,P1 Finance Claim Line Item Bronze - SFN,br_samms_claim_line_item,TASK_COMPLETE,SUCCESS,INFO,286481,286481,0,,2026-08-20T12:58:15.698Z,2026-08-20T14:28:34.201Z,5419,2026-08-20T14:28:34.201Z,SFN,SFN,5f0dd8ad-486e-4238-8933-2b89499a6e18,SAMMS-SFNv5
202608201425195068,202608201258109067,202608201258108173,46,9611,P1 Finance Claim Line Item Bronze - SHP,br_samms_claim_line_item,TASK_COMPLETE,SUCCESS,INFO,332158,332158,0,,2026-08-20T12:58:15.698Z,2026-08-20T14:28:34.201Z,5419,2026-08-20T14:28:34.201Z,SHP,Shreveport,5f0dd8ad-486e-4238-8933-2b89499a6e18,SAMMS-Shreveport
202608201425195070,202608201258109068,202608201258108173,46,9612,P1 Finance Claim Line Item Bronze - STN,br_samms_claim_line_item,TASK_COMPLETE,SUCCESS,INFO,325705,325705,0,,2026-08-20T12:58:15.698Z,2026-08-20T14:28:34.201Z,5419,2026-08-20T14:28:34.201Z,STN,Staunton,5f0dd8ad-486e-4238-8933-2b89499a6e18,SAMMS-Staunton
202608201425195073,202608201258109069,202608201258108173,46,9613,P1 Finance Claim Line Item Bronze - STVN,br_samms_claim_line_item,TASK_COMPLETE,SUCCESS,INFO,43083,43083,0,,2026-08-20T12:58:15.698Z,2026-08-20T14:28:34.201Z,5419,2026-08-20T14:28:34.201Z,STVN,Stevenson,5f0dd8ad-486e-4238-8933-2b89499a6e18,SAMMS-Stevenson
202608201425195075,202608201258109070,202608201258108173,46,9614,P1 Finance Claim Line Item Bronze - TE,br_samms_claim_line_item,TASK_COMPLETE,SUCCESS,INFO,59750,59750,0,,2026-08-20T12:58:15.698Z,2026-08-20T14:28:34.201Z,5419,2026-08-20T14:28:34.201Z,TE,Tempe,5f0dd8ad-486e-4238-8933-2b89499a6e18,SAMMS-Tempe
202608201425195076,202608201258109071,202608201258108173,46,9615,P1 Finance Claim Line Item Bronze - TEX,br_samms_claim_line_item,TASK_COMPLETE,SUCCESS,INFO,14402,14402,0,,2026-08-20T12:58:15.698Z,2026-08-20T14:28:34.201Z,5419,2026-08-20T14:28:34.201Z,TEX,Texarkana,5f0dd8ad-486e-4238-8933-2b89499a6e18,SAMMS-Texarkana
202608201425195078,202608201258109072,202608201258108173,46,9616,P1 Finance Claim Line Item Bronze - TTCA,br_samms_claim_line_item,TASK_COMPLETE,SUCCESS,INFO,637868,637868,0,,2026-08-20T12:58:15.698Z,2026-08-20T14:28:34.201Z,5419,2026-08-20T14:28:34.201Z,TTCA,Bessemer,5f0dd8ad-486e-4238-8933-2b89499a6e18,SAMMS-BessemerV5
202608201425195080,202608201258109073,202608201258108173,46,9617,P1 Finance Claim Line Item Bronze - TTCB,br_samms_claim_line_item,TASK_COMPLETE,SUCCESS,INFO,203543,203543,0,,2026-08-20T12:58:15.698Z,2026-08-20T14:28:34.201Z,5419,2026-08-20T14:28:34.201Z,TTCB,Cullman,5f0dd8ad-486e-4238-8933-2b89499a6e18,SAMMS-CullmanV5
202608201425195082,202608201258109074,202608201258108173,46,9618,P1 Finance Claim Line Item Bronze - TTCC,br_samms_claim_line_item,TASK_COMPLETE,SUCCESS,INFO,109428,109428,0,,2026-08-20T12:58:15.698Z,2026-08-20T14:28:34.201Z,5419,2026-08-20T14:28:34.201Z,TTCC,GrandBay,5f0dd8ad-486e-4238-8933-2b89499a6e18,SAMMS-GrandBay
202608201425195084,202608201258109075,202608201258108173,46,9619,P1 Finance Claim Line Item Bronze - TU,br_samms_claim_line_item,TASK_COMPLETE,SUCCESS,INFO,41804,41804,0,,2026-08-20T12:58:15.698Z,2026-08-20T14:28:34.201Z,5419,2026-08-20T14:28:34.201Z,TU,Tucson,5f0dd8ad-486e-4238-8933-2b89499a6e18,SAMMS-Tucson
202608201425195086,202608201258109076,202608201258108173,46,9620,P1 Finance Claim Line Item Bronze - V1,br_samms_claim_line_item,TASK_COMPLETE,SUCCESS,INFO,282884,282884,0,,2026-08-20T12:58:15.698Z,2026-08-20T14:28:34.201Z,5419,2026-08-20T14:28:34.201Z,V1,VCPHCS-I-Memphis,5f0dd8ad-486e-4238-8933-2b89499a6e18,SAMMS-VCPHCS-I-MemphisV5
202608201425195088,202608201258109077,202608201258108173,46,9621,P1 Finance Claim Line Item Bronze - V10,br_samms_claim_line_item,TASK_COMPLETE,SUCCESS,INFO,758065,758065,0,,2026-08-20T12:58:15.698Z,2026-08-20T14:28:34.201Z,5419,2026-08-20T14:28:34.201Z,V10,Boulder,5f0dd8ad-486e-4238-8933-2b89499a6e18,SAMMS-BoulderV5
202608201425195090,202608201258109078,202608201258108173,46,9622,P1 Finance Claim Line Item Bronze - V10A,br_samms_claim_line_item,TASK_COMPLETE,SUCCESS,INFO,674227,674227,0,,2026-08-20T12:58:15.698Z,2026-08-20T14:28:34.201Z,5419,2026-08-20T14:28:34.201Z,V10A,FortCollins,5f0dd8ad-486e-4238-8933-2b89499a6e18,SAMMS-FortCollinsV5
202608201425195093,202608201258109079,202608201258108173,46,9623,P1 Finance Claim Line Item Bronze - V11,br_samms_claim_line_item,TASK_COMPLETE,SUCCESS,INFO,1428250,1428250,0,,2026-08-20T12:58:15.698Z,2026-08-20T14:28:34.201Z,5419,2026-08-20T14:28:34.201Z,V11,VCPHCS-XI-NorthDenver,5f0dd8ad-486e-4238-8933-2b89499a6e18,SAMMS-VCPHCS-XI-NorthDenverV5
202608201425195095,202608201258109080,202608201258108173,46,9624,P1 Finance Claim Line Item Bronze - V12,br_samms_claim_line_item,TASK_COMPLETE,SUCCESS,INFO,1628101,1628101,0,,2026-08-20T12:58:15.698Z,2026-08-20T14:28:34.201Z,5419,2026-08-20T14:28:34.201Z,V12,VCPHCS-XII-DowntownDenver,5f0dd8ad-486e-4238-8933-2b89499a6e18,SAMMS-VCPHCS-XII-DowntownDenverV5
202608201425195097,202608201258109081,202608201258108173,46,9625,P1 Finance Claim Line Item Bronze - V12A,br_samms_claim_line_item,TASK_COMPLETE,SUCCESS,INFO,412392,412392,0,,2026-08-20T12:58:15.698Z,2026-08-20T14:28:34.201Z,5419,2026-08-20T14:28:34.201Z,V12A,Centennial,5f0dd8ad-486e-4238-8933-2b89499a6e18,SAMMS-CentennialV5
202608201425195099,202608201258109082,202608201258108173,46,9626,P1 Finance Claim Line Item Bronze - V14,br_samms_claim_line_item,TASK_COMPLETE,SUCCESS,INFO,51404,51404,0,,2026-08-20T12:58:15.698Z,2026-08-20T14:28:34.201Z,5419,2026-08-20T14:28:34.201Z,V14,VCPHCS-XIV-Bridgeway,5f0dd8ad-486e-4238-8933-2b89499a6e18,SAMMS-VCPHCS-XIV-BridgewayV5
202608201425195101,202608201258109083,202608201258108173,46,9627,P1 Finance Claim Line Item Bronze - V15,br_samms_claim_line_item,TASK_COMPLETE,SUCCESS,INFO,328152,328152,0,,2026-08-20T12:58:15.698Z,2026-08-20T14:28:34.201Z,5419,2026-08-20T14:28:34.201Z,V15,Joplin,5f0dd8ad-486e-4238-8933-2b89499a6e18,SAMMS-JoplinV5
202608201425195103,202608201258109084,202608201258108173,46,9628,P1 Finance Claim Line Item Bronze - V17,br_samms_claim_line_item,TASK_COMPLETE,SUCCESS,INFO,333329,333329,0,,2026-08-20T12:58:15.698Z,2026-08-20T14:28:34.201Z,5419,2026-08-20T14:28:34.201Z,V17,ColumbiaTN,5f0dd8ad-486e-4238-8933-2b89499a6e18,SAMMS-ColumbiaTNv5
202608201425195105,202608201258109085,202608201258108173,46,9629,P1 Finance Claim Line Item Bronze - V19,br_samms_claim_line_item,TASK_COMPLETE,SUCCESS,INFO,417488,417488,0,,2026-08-20T12:58:15.698Z,2026-08-20T14:28:34.201Z,5419,2026-08-20T14:28:34.201Z,V19,Jackson,5f0dd8ad-486e-4238-8933-2b89499a6e18,SAMMS-JacksonV5
202608201425195107,202608201258109086,202608201258108173,46,9630,P1 Finance Claim Line Item Bronze - V20,br_samms_claim_line_item,TASK_COMPLETE,SUCCESS,INFO,526408,526408,0,,2026-08-20T12:58:15.698Z,2026-08-20T14:28:34.201Z,5419,2026-08-20T14:28:34.201Z,V20,Paris,5f0dd8ad-486e-4238-8933-2b89499a6e18,SAMMS-ParisV5
202608201425195109,202608201258109087,202608201258108173,46,9631,P1 Finance Claim Line Item Bronze - V21,br_samms_claim_line_item,TASK_COMPLETE,SUCCESS,INFO,427324,427324,0,,2026-08-20T12:58:15.698Z,2026-08-20T14:28:34.201Z,5419,2026-08-20T14:28:34.201Z,V21,Raleigh,5f0dd8ad-486e-4238-8933-2b89499a6e18,SAMMS-RaleighV5
202608201425195220,202608201258109153,202608201258108173,46,9700,P1 Finance Claim Line Item Activity Bronze - DRD-KVB,br_samms_claim_line_item_activity,TASK_COMPLETE,SUCCESS,INFO,2347830,2347830,0,,2026-08-20T12:58:15.698Z,2026-08-20T14:28:34.201Z,5419,2026-08-20T14:28:34.201Z,DRD-KVB,KVB,5f0dd8ad-486e-4238-8933-2b89499a6e18,SAMMS-KVBv5
202608201425195221,202608201258109154,202608201258108173,46,9701,P1 Finance Claim Line Item Activity Bronze - DRD-KVC,br_samms_claim_line_item_activity,TASK_COMPLETE,SUCCESS,INFO,2853305,2853305,0,,2026-08-20T12:58:15.698Z,2026-08-20T14:28:34.201Z,5419,2026-08-20T14:28:34.201Z,DRD-KVC,KVC,5f0dd8ad-486e-4238-8933-2b89499a6e18,SAMMS-KVCv5
202608201425195223,202608201258109155,202608201258108173,46,9702,P1 Finance Claim Line Item Activity Bronze - DRD-NOLA,br_samms_claim_line_item_activity,TASK_COMPLETE,SUCCESS,INFO,1767115,1767115,0,,2026-08-20T12:58:15.698Z,2026-08-20T14:28:34.201Z,5419,2026-08-20T14:28:34.201Z,DRD-NOLA,NOLA,5f0dd8ad-486e-4238-8933-2b89499a6e18,SAMMS-NOLAv5
202608201425195225,202608201258109156,202608201258108173,46,9703,P1 Finance Claim Line Item Activity Bronze - DRD-SF,br_samms_claim_line_item_activity,TASK_COMPLETE,SUCCESS,INFO,467538,467538,0,,2026-08-20T12:58:15.698Z,2026-08-20T14:28:34.201Z,5419,2026-08-20T14:28:34.201Z,DRD-SF,SF,5f0dd8ad-486e-4238-8933-2b89499a6e18,SAMMS-SFv5
202608201425195227,202608201258109157,202608201258108173,46,9704,P1 Finance Claim Line Item Activity Bronze - ELC,br_samms_claim_line_item_activity,TASK_COMPLETE,SUCCESS,INFO,65942,65942,0,,2026-08-20T12:58:15.698Z,2026-08-20T14:28:34.201Z,5419,2026-08-20T14:28:34.201Z,ELC,ElizabethCity,5f0dd8ad-486e-4238-8933-2b89499a6e18,SAMMS-ElizabethCity
202608201425195228,202608201258109158,202608201258108173,46,9705,P1 Finance Claim Line Item Activity Bronze - ET,br_samms_claim_line_item_activity,TASK_COMPLETE,SUCCESS,INFO,66836,66836,0,,2026-08-20T12:58:15.698Z,2026-08-20T14:28:34.201Z,5419,2026-08-20T14:28:34.201Z,ET,Elizabethtown,5f0dd8ad-486e-4238-8933-2b89499a6e18,SAMMS-Elizabethtown
202608201425195230,202608201258109159,202608201258108173,46,9706,P1 Finance Claim Line Item Activity Bronze - FAY,br_samms_claim_line_item_activity,TASK_COMPLETE,SUCCESS,INFO,26849,26849,0,,2026-08-20T12:58:15.698Z,2026-08-20T14:28:34.201Z,5419,2026-08-20T14:28:34.201Z,FAY,Fayetteville,5f0dd8ad-486e-4238-8933-2b89499a6e18,SAMMS-Fayetteville
202608201425195232,202608201258109160,202608201258108173,46,9707,P1 Finance Claim Line Item Activity Bronze - FR,br_samms_claim_line_item_activity,TASK_COMPLETE,SUCCESS,INFO,57861,57861,0,,2026-08-20T12:58:15.698Z,2026-08-20T14:28:34.201Z,5419,2026-08-20T14:28:34.201Z,FR,Frankfort,5f0dd8ad-486e-4238-8933-2b89499a6e18,SAMMS-Frankfort
202608201425195234,202608201258109161,202608201258108173,46,9708,P1 Finance Claim Line Item Activity Bronze - FS,br_samms_claim_line_item_activity,TASK_COMPLETE,SUCCESS,INFO,24039,24039,0,,2026-08-20T12:58:15.698Z,2026-08-20T14:28:34.201Z,5419,2026-08-20T14:28:34.201Z,FS,FortSmith,5f0dd8ad-486e-4238-8933-2b89499a6e18,SAMMS-FortSmith
202608201425195236,202608201258109162,202608201258108173,46,9709,P1 Finance Claim Line Item Activity Bronze - FW,br_samms_claim_line_item_activity,TASK_COMPLETE,SUCCESS,INFO,176501,176501,0,,2026-08-20T12:58:15.698Z,2026-08-20T14:28:34.201Z,5419,2026-08-20T14:28:34.201Z,FW,FortWayne,5f0dd8ad-486e-4238-8933-2b89499a6e18,SAMMS-FortWayne
202608201425195237,202608201258109163,202608201258108173,46,9710,P1 Finance Claim Line Item Activity Bronze - GAL,br_samms_claim_line_item_activity,TASK_COMPLETE,SUCCESS,INFO,183668,183668,0,,2026-08-20T12:58:15.698Z,2026-08-20T14:28:34.201Z,5419,2026-08-20T14:28:34.201Z,GAL,Gaylord,5f0dd8ad-486e-4238-8933-2b89499a6e18,SAMMS-Gaylord
202608201425195239,202608201258109164,202608201258108173,46,9711,P1 Finance Claim Line Item Activity Bronze - HGT,br_samms_claim_line_item_activity,TASK_COMPLETE,SUCCESS,INFO,309853,309853,0,,2026-08-20T12:58:15.698Z,2026-08-20T14:28:34.201Z,5419,2026-08-20T14:28:34.201Z,HGT,Hagerstown,5f0dd8ad-486e-4238-8933-2b89499a6e18,SAMMS-Hagerstown
202608201425195241,202608201258109165,202608201258108173,46,9712,P1 Finance Claim Line Item Activity Bronze - HNT,br_samms_claim_line_item_activity,TASK_COMPLETE,SUCCESS,INFO,266229,266229,0,,2026-08-20T12:58:15.698Z,2026-08-20T14:28:34.201Z,5419,2026-08-20T14:28:34.201Z,HNT,Huntsville,5f0dd8ad-486e-4238-8933-2b89499a6e18,SAMMS-Huntsville
202608201425195242,202608201258109166,202608201258108173,46,9713,P1 Finance Claim Line Item Activity Bronze - HS,br_samms_claim_line_item_activity,TASK_COMPLETE,SUCCESS,INFO,30135,30135,0,,2026-08-20T12:58:15.698Z,2026-08-20T14:28:34.201Z,5419,2026-08-20T14:28:34.201Z,HS,HotSprings,5f0dd8ad-486e-4238-8933-2b89499a6e18,SAMMS-HotSprings
202608201425195244,202608201258109167,202608201258108173,46,9714,P1 Finance Claim Line Item Activity Bronze - JON,br_samms_claim_line_item_activity,TASK_COMPLETE,SUCCESS,INFO,25895,25895,0,,2026-08-20T12:58:15.698Z,2026-08-20T14:28:34.201Z,5419,2026-08-20T14:28:34.201Z,JON,Jonesboro,5f0dd8ad-486e-4238-8933-2b89499a6e18,SAMMS-Jonesboro
202608201425195246,202608201258109168,202608201258108173,46,13662,P1 Finance Claim Line Item Activity Bronze - LAB,br_samms_claim_line_item_activity,TASK_COMPLETE,SUCCESS,INFO,951299,951299,0,,2026-08-20T12:58:15.698Z,2026-08-20T14:28:34.201Z,5419,2026-08-20T14:28:34.201Z,LAB,LabV5-V2,5f0dd8ad-486e-4238-8933-2b89499a6e18,SAMMS-LabV5-V2
202608201425195248,202608201258109169,202608201258108173,46,9715,P1 Finance Claim Line Item Activity Bronze - LAN,br_samms_claim_line_item_activity,TASK_COMPLETE,SUCCESS,INFO,210613,210613,0,,2026-08-20T12:58:15.698Z,2026-08-20T14:28:34.201Z,5419,2026-08-20T14:28:34.201Z,LAN,Lansing,5f0dd8ad-486e-4238-8933-2b89499a6e18,SAMMS-Lansing
202608201425195250,202608201258109170,202608201258108173,46,9716,P1 Finance Claim Line Item Activity Bronze - LO,br_samms_claim_line_item_activity,TASK_COMPLETE,SUCCESS,INFO,188338,188338,0,,2026-08-20T12:58:15.698Z,2026-08-20T14:28:34.201Z,5419,2026-08-20T14:28:34.201Z,LO,Louisville,5f0dd8ad-486e-4238-8933-2b89499a6e18,SAMMS-Louisville
202608201425195252,202608201258109171,202608201258108173,46,9717,P1 Finance Claim Line Item Activity Bronze - LV1,br_samms_claim_line_item_activity,TASK_COMPLETE,SUCCESS,INFO,292095,292095,0,,2026-08-20T12:58:15.698Z,2026-08-20T14:28:34.201Z,5419,2026-08-20T14:28:34.201Z,LV1,Cheyenne,5f0dd8ad-486e-4238-8933-2b89499a6e18,SAMMS-Cheyenne
202608201425195253,202608201258109172,202608201258108173,46,9718,P1 Finance Claim Line Item Activity Bronze - LV2,br_samms_claim_line_item_activity,TASK_COMPLETE,SUCCESS,INFO,227641,227641,0,,2026-08-20T12:58:15.698Z,2026-08-20T14:28:34.201Z,5419,2026-08-20T14:28:34.201Z,LV2,DesertInn,5f0dd8ad-486e-4238-8933-2b89499a6e18,SAMMS-DesertInn
202608201425195255,202608201258109173,202608201258108173,46,9719,P1 Finance Claim Line Item Activity Bronze - LV3,br_samms_claim_line_item_activity,TASK_COMPLETE,SUCCESS,INFO,129708,129708,0,,2026-08-20T12:58:15.698Z,2026-08-20T14:28:34.201Z,5419,2026-08-20T14:28:34.201Z,LV3,McDaniel,5f0dd8ad-486e-4238-8933-2b89499a6e18,SAMMS-McDaniel
202608201425195257,202608201258109174,202608201258108173,46,9720,P1 Finance Claim Line Item Activity Bronze - MNRE,br_samms_claim_line_item_activity,TASK_COMPLETE,SUCCESS,INFO,146462,146462,0,,2026-08-20T12:58:15.698Z,2026-08-20T14:28:34.201Z,5419,2026-08-20T14:28:34.201Z,MNRE,Monroe,5f0dd8ad-486e-4238-8933-2b89499a6e18,SAMMS-Monroe
202608201425195111,202608201258109088,202608201258108173,46,9632,P1 Finance Claim Line Item Bronze - V5,br_samms_claim_line_item,TASK_COMPLETE,SUCCESS,INFO,1230311,1230311,0,,2026-08-20T12:58:15.698Z,2026-08-20T14:28:34.201Z,5419,2026-08-20T14:28:34.201Z,V5,NONTC,5f0dd8ad-486e-4238-8933-2b89499a6e18,SAMMS-NONTCv5
202608201425195114,202608201258109089,202608201258108173,46,9633,P1 Finance Claim Line Item Bronze - V5B,br_samms_claim_line_item,TASK_COMPLETE,SUCCESS,INFO,29681,29681,0,,2026-08-20T12:58:15.698Z,2026-08-20T14:28:34.201Z,5419,2026-08-20T14:28:34.201Z,V5B,Houma,5f0dd8ad-486e-4238-8933-2b89499a6e18,SAMMS-HoumaV6
202608201425195116,202608201258109090,202608201258108173,46,9634,P1 Finance Claim Line Item Bronze - V6,br_samms_claim_line_item,TASK_COMPLETE,SUCCESS,INFO,788705,788705,0,,2026-08-20T12:58:15.698Z,2026-08-20T14:28:34.201Z,5419,2026-08-20T14:28:34.201Z,V6,LC,5f0dd8ad-486e-4238-8933-2b89499a6e18,SAMMS-LCv5
202608201425195118,202608201258109091,202608201258108173,46,9635,P1 Finance Claim Line Item Bronze - V8,br_samms_claim_line_item,TASK_COMPLETE,SUCCESS,INFO,395357,395357,0,,2026-08-20T12:58:15.698Z,2026-08-20T14:28:34.201Z,5419,2026-08-20T14:28:34.201Z,V8,VCPHCS-VIII-Memphis,5f0dd8ad-486e-4238-8933-2b89499a6e18,SAMMS-VCPHCS-VIII-MemphisV5
202608201425195120,202608201258109092,202608201258108173,46,9636,P1 Finance Claim Line Item Bronze - V9,br_samms_claim_line_item,TASK_COMPLETE,SUCCESS,INFO,1154818,1154818,0,,2026-08-20T12:58:15.698Z,2026-08-20T14:28:34.201Z,5419,2026-08-20T14:28:34.201Z,V9,Nashville,5f0dd8ad-486e-4238-8933-2b89499a6e18,SAMMS-NashvilleV5
202608201425195122,202608201258109093,202608201258108173,46,9637,P1 Finance Claim Line Item Bronze - VBRA,br_samms_claim_line_item,TASK_COMPLETE,SUCCESS,INFO,407514,407514,0,,2026-08-20T12:58:15.698Z,2026-08-20T14:28:34.201Z,5419,2026-08-20T14:28:34.201Z,VBRA,Brainerd,5f0dd8ad-486e-4238-8933-2b89499a6e18,SAMMS-BrainerdV6
202608201425195124,202608201258109094,202608201258108173,46,9638,P1 Finance Claim Line Item Bronze - VBRP,br_samms_claim_line_item,TASK_COMPLETE,SUCCESS,INFO,792574,792574,0,,2026-08-20T12:58:15.698Z,2026-08-20T14:28:34.201Z,5419,2026-08-20T14:28:34.201Z,VBRP,BrooklynPark,5f0dd8ad-486e-4238-8933-2b89499a6e18,SAMMS-BrooklynParkV6
202608201425195126,202608201258109095,202608201258108173,46,9639,P1 Finance Claim Line Item Bronze - VMIN,br_samms_claim_line_item,TASK_COMPLETE,SUCCESS,INFO,585798,585798,0,,2026-08-20T12:58:15.698Z,2026-08-20T14:28:34.201Z,5419,2026-08-20T14:28:34.201Z,VMIN,Minneapolis,5f0dd8ad-486e-4238-8933-2b89499a6e18,SAMMS-MinneapolisV6
202608201425195129,202608201258109096,202608201258108173,46,9640,P1 Finance Claim Line Item Bronze - VWBY,br_samms_claim_line_item,TASK_COMPLETE,SUCCESS,INFO,959394,959394,0,,2026-08-20T12:58:15.698Z,2026-08-20T14:28:34.201Z,5419,2026-08-20T14:28:34.201Z,VWBY,Woodbury,5f0dd8ad-486e-4238-8933-2b89499a6e18,SAMMS-WoodburyV6
202608201425195131,202608201258109097,202608201258108173,46,9641,P1 Finance Claim Line Item Bronze - WIL,br_samms_claim_line_item,TASK_COMPLETE,SUCCESS,INFO,55973,55973,0,,2026-08-20T12:58:15.698Z,2026-08-20T14:28:34.201Z,5419,2026-08-20T14:28:34.201Z,WIL,Wilson,5f0dd8ad-486e-4238-8933-2b89499a6e18,SAMMS-Wilson
202608201425195233,202608201258208181,202608201258208173,47,9642,P1 Finance Claim Line Item Silver,tbl_ClaimLineItem,TASK_COMPLETE,SUCCESS,INFO,40887945,40887945,0,,2026-08-20T12:58:15.698Z,2026-08-20T14:28:34.201Z,5419,2026-08-20T14:28:34.201Z,,,5f0dd8ad-486e-4238-8933-2b89499a6e18,
202608201425195141,202608201258109098,202608201258108173,46,9645,P1 Finance Claim Line Item Activity Bronze - AHK,br_samms_claim_line_item_activity,TASK_COMPLETE,SUCCESS,INFO,22661,22661,0,,2026-08-20T12:58:15.698Z,2026-08-20T14:28:34.201Z,5419,2026-08-20T14:28:34.201Z,AHK,Ahoskie,5f0dd8ad-486e-4238-8933-2b89499a6e18,SAMMS-Ahoskie
202608201425195143,202608201258109099,202608201258108173,46,9646,P1 Finance Claim Line Item Activity Bronze - B12B,br_samms_claim_line_item_activity,TASK_COMPLETE,SUCCESS,INFO,273616,273616,0,,2026-08-20T12:58:15.698Z,2026-08-20T14:28:34.201Z,5419,2026-08-20T14:28:34.201Z,B12B,ColoradoSprings,5f0dd8ad-486e-4238-8933-2b89499a6e18,SAMMS-ColoradoSpringsV5
202608201425195144,202608201258109100,202608201258108173,46,9647,P1 Finance Claim Line Item Activity Bronze - B24,br_samms_claim_line_item_activity,TASK_COMPLETE,SUCCESS,INFO,195213,195213,0,,2026-08-20T12:58:15.698Z,2026-08-20T14:28:34.201Z,5419,2026-08-20T14:28:34.201Z,B24,Paintsville,5f0dd8ad-486e-4238-8933-2b89499a6e18,SAMMS-PaintsvilleV5
202608201425195145,202608201258109101,202608201258108173,46,9648,P1 Finance Claim Line Item Activity Bronze - B25,br_samms_claim_line_item_activity,TASK_COMPLETE,SUCCESS,INFO,156250,156250,0,,2026-08-20T12:58:15.698Z,2026-08-20T14:28:34.201Z,5419,2026-08-20T14:28:34.201Z,B25,Pikeville,5f0dd8ad-486e-4238-8933-2b89499a6e18,SAMMS-PikevilleV5
202608201425195146,202608201258109102,202608201258108173,46,9649,P1 Finance Claim Line Item Activity Bronze - B26,br_samms_claim_line_item_activity,TASK_COMPLETE,SUCCESS,INFO,387132,387132,0,,2026-08-20T12:58:15.698Z,2026-08-20T14:28:34.201Z,5419,2026-08-20T14:28:34.201Z,B26,Hazard,5f0dd8ad-486e-4238-8933-2b89499a6e18,SAMMS-HazardV5
202608201425195147,202608201258109103,202608201258108173,46,9650,P1 Finance Claim Line Item Activity Bronze - B27,br_samms_claim_line_item_activity,TASK_COMPLETE,SUCCESS,INFO,262113,262113,0,,2026-08-20T12:58:15.698Z,2026-08-20T14:28:34.201Z,5419,2026-08-20T14:28:34.201Z,B27,Savannah,5f0dd8ad-486e-4238-8933-2b89499a6e18,SAMMS-SavannahV6
202608201425195149,202608201258109104,202608201258108173,46,9651,P1 Finance Claim Line Item Activity Bronze - B28,br_samms_claim_line_item_activity,TASK_COMPLETE,SUCCESS,INFO,204237,204237,0,,2026-08-20T12:58:15.698Z,2026-08-20T14:28:34.201Z,5419,2026-08-20T14:28:34.201Z,B28,WestPlaines,5f0dd8ad-486e-4238-8933-2b89499a6e18,SAMMS-WestPlainesV5
202608201425195150,202608201258109105,202608201258108173,46,9652,P1 Finance Claim Line Item Activity Bronze - B29,br_samms_claim_line_item_activity,TASK_COMPLETE,SUCCESS,INFO,311745,311745,0,,2026-08-20T12:58:15.698Z,2026-08-20T14:28:34.201Z,5419,2026-08-20T14:28:34.201Z,B29,PoplarBluff,5f0dd8ad-486e-4238-8933-2b89499a6e18,SAMMS-PoplarBluffV5
202608201425195151,202608201258109106,202608201258108173,46,9653,P1 Finance Claim Line Item Activity Bronze - B30,br_samms_claim_line_item_activity,TASK_COMPLETE,SUCCESS,INFO,40952,40952,0,,2026-08-20T12:58:15.698Z,2026-08-20T14:28:34.201Z,5419,2026-08-20T14:28:34.201Z,B30,KCN,5f0dd8ad-486e-4238-8933-2b89499a6e18,SAMMS-KCNv5
202608201425195152,202608201258109107,202608201258108173,46,9654,P1 Finance Claim Line Item Activity Bronze - B31,br_samms_claim_line_item_activity,TASK_COMPLETE,SUCCESS,INFO,1240556,1240556,0,,2026-08-20T12:58:15.698Z,2026-08-20T14:28:34.201Z,5419,2026-08-20T14:28:34.201Z,B31,Dyersburg,5f0dd8ad-486e-4238-8933-2b89499a6e18,SAMMS-DyersburgV5
202608201425195154,202608201258109108,202608201258108173,46,9655,P1 Finance Claim Line Item Activity Bronze - B33,br_samms_claim_line_item_activity,TASK_COMPLETE,SUCCESS,INFO,160185,160185,0,,2026-08-20T12:58:15.698Z,2026-08-20T14:28:34.201Z,5419,2026-08-20T14:28:34.201Z,B33,Paducah,5f0dd8ad-486e-4238-8933-2b89499a6e18,SAMMS-Paducah
202608201425195936,202608201258109776,202608201258108173,46,10336,P1 Finance Client Demo 2 Bronze - V17,br_samms_client_demo2,TASK_COMPLETE,SUCCESS,INFO,2203,2203,0,,2026-08-20T12:58:15.698Z,2026-08-20T14:28:34.201Z,5419,2026-08-20T14:28:34.201Z,V17,ColumbiaTN,5f0dd8ad-486e-4238-8933-2b89499a6e18,SAMMS-ColumbiaTNv5
202608201425195938,202608201258109777,202608201258108173,46,10337,P1 Finance Client Demo 2 Bronze - V19,br_samms_client_demo2,TASK_COMPLETE,SUCCESS,INFO,2957,2957,0,,2026-08-20T12:58:15.698Z,2026-08-20T14:28:34.201Z,5419,2026-08-20T14:28:34.201Z,V19,Jackson,5f0dd8ad-486e-4238-8933-2b89499a6e18,SAMMS-JacksonV5
202608201425195940,202608201258109778,202608201258108173,46,10338,P1 Finance Client Demo 2 Bronze - V20,br_samms_client_demo2,TASK_COMPLETE,SUCCESS,INFO,2462,2462,0,,2026-08-20T12:58:15.698Z,2026-08-20T14:28:34.201Z,5419,2026-08-20T14:28:34.201Z,V20,Paris,5f0dd8ad-486e-4238-8933-2b89499a6e18,SAMMS-ParisV5
202608201425195943,202608201258109779,202608201258108173,46,10339,P1 Finance Client Demo 2 Bronze - V21,br_samms_client_demo2,TASK_COMPLETE,SUCCESS,INFO,2590,2590,0,,2026-08-20T12:58:15.698Z,2026-08-20T14:28:34.201Z,5419,2026-08-20T14:28:34.201Z,V21,Raleigh,5f0dd8ad-486e-4238-8933-2b89499a6e18,SAMMS-RaleighV5
202608201425195945,202608201258109780,202608201258108173,46,10340,P1 Finance Client Demo 2 Bronze - V5,br_samms_client_demo2,TASK_COMPLETE,SUCCESS,INFO,5060,5060,0,,2026-08-20T12:58:15.698Z,2026-08-20T14:28:34.201Z,5419,2026-08-20T14:28:34.201Z,V5,NONTC,5f0dd8ad-486e-4238-8933-2b89499a6e18,SAMMS-NONTCv5
202608201425195947,202608201258109781,202608201258108173,46,10341,P1 Finance Client Demo 2 Bronze - V5B,br_samms_client_demo2,TASK_COMPLETE,SUCCESS,INFO,335,335,0,,2026-08-20T12:58:15.698Z,2026-08-20T14:28:34.201Z,5419,2026-08-20T14:28:34.201Z,V5B,Houma,5f0dd8ad-486e-4238-8933-2b89499a6e18,SAMMS-HoumaV6
202608201425195949,202608201258109782,202608201258108173,46,10342,P1 Finance Client Demo 2 Bronze - V6,br_samms_client_demo2,TASK_COMPLETE,SUCCESS,INFO,4149,4149,0,,2026-08-20T12:58:15.698Z,2026-08-20T14:28:34.201Z,5419,2026-08-20T14:28:34.201Z,V6,LC,5f0dd8ad-486e-4238-8933-2b89499a6e18,SAMMS-LCv5
202608201425195951,202608201258109783,202608201258108173,46,10343,P1 Finance Client Demo 2 Bronze - V8,br_samms_client_demo2,TASK_COMPLETE,SUCCESS,INFO,7429,7429,0,,2026-08-20T12:58:15.698Z,2026-08-20T14:28:34.201Z,5419,2026-08-20T14:28:34.201Z,V8,VCPHCS-VIII-Memphis,5f0dd8ad-486e-4238-8933-2b89499a6e18,SAMMS-VCPHCS-VIII-MemphisV5
202608201425195954,202608201258109784,202608201258108173,46,10344,P1 Finance Client Demo 2 Bronze - V9,br_samms_client_demo2,TASK_COMPLETE,SUCCESS,INFO,15987,15987,0,,2026-08-20T12:58:15.698Z,2026-08-20T14:28:34.201Z,5419,2026-08-20T14:28:34.201Z,V9,Nashville,5f0dd8ad-486e-4238-8933-2b89499a6e18,SAMMS-NashvilleV5
202608201425195956,202608201258109785,202608201258108173,46,10345,P1 Finance Client Demo 2 Bronze - VBRA,br_samms_client_demo2,TASK_COMPLETE,SUCCESS,INFO,2401,2401,0,,2026-08-20T12:58:15.698Z,2026-08-20T14:28:34.201Z,5419,2026-08-20T14:28:34.201Z,VBRA,Brainerd,5f0dd8ad-486e-4238-8933-2b89499a6e18,SAMMS-BrainerdV6
202608201425195958,202608201258109786,202608201258108173,46,10346,P1 Finance Client Demo 2 Bronze - VBRP,br_samms_client_demo2,TASK_COMPLETE,SUCCESS,INFO,8160,8160,0,,2026-08-20T12:58:15.698Z,2026-08-20T14:28:34.201Z,5419,2026-08-20T14:28:34.201Z,VBRP,BrooklynPark,5f0dd8ad-486e-4238-8933-2b89499a6e18,SAMMS-BrooklynParkV6
202608201425195960,202608201258109787,202608201258108173,46,10347,P1 Finance Client Demo 2 Bronze - VMIN,br_samms_client_demo2,TASK_COMPLETE,SUCCESS,INFO,6107,6107,0,,2026-08-20T12:58:15.698Z,2026-08-20T14:28:34.201Z,5419,2026-08-20T14:28:34.201Z,VMIN,Minneapolis,5f0dd8ad-486e-4238-8933-2b89499a6e18,SAMMS-MinneapolisV6
202608201425195963,202608201258109788,202608201258108173,46,10348,P1 Finance Client Demo 2 Bronze - VWBY,br_samms_client_demo2,TASK_COMPLETE,SUCCESS,INFO,10830,10830,0,,2026-08-20T12:58:15.698Z,2026-08-20T14:28:34.201Z,5419,2026-08-20T14:28:34.201Z,VWBY,Woodbury,5f0dd8ad-486e-4238-8933-2b89499a6e18,SAMMS-WoodburyV6
202608201425195965,202608201258109789,202608201258108173,46,10349,P1 Finance Client Demo 2 Bronze - WIL,br_samms_client_demo2,TASK_COMPLETE,SUCCESS,INFO,1770,1770,0,,2026-08-20T12:58:15.698Z,2026-08-20T14:28:34.201Z,5419,2026-08-20T14:28:34.201Z,WIL,Wilson,5f0dd8ad-486e-4238-8933-2b89499a6e18,SAMMS-Wilson
202608201425196066,202608201258208187,202608201258208173,47,10350,P1 Finance Client Demo 2 Silver,tbl_ClientDemo2,TASK_COMPLETE,SUCCESS,INFO,406651,14935,0,,2026-08-20T12:58:15.698Z,2026-08-20T14:28:34.201Z,5419,2026-08-20T14:28:34.201Z,,,5f0dd8ad-486e-4238-8933-2b89499a6e18,
202608201425195975,202608201258108752,202608201258108173,46,9291,P1 Finance Financial Hardship Application Bronze - AHK,br_samms_financial_hardship_application,TASK_COMPLETE,SUCCESS,INFO,181,181,0,,2026-08-20T12:58:15.698Z,2026-08-20T14:28:34.201Z,5419,2026-08-20T14:28:34.201Z,AHK,Ahoskie,5f0dd8ad-486e-4238-8933-2b89499a6e18,SAMMS-Ahoskie
202608201425195976,202608201258108753,202608201258108173,46,9292,P1 Finance Financial Hardship Application Bronze - B12B,br_samms_financial_hardship_application,TASK_COMPLETE,SUCCESS,INFO,119,119,0,,2026-08-20T12:58:15.698Z,2026-08-20T14:28:34.201Z,5419,2026-08-20T14:28:34.201Z,B12B,ColoradoSprings,5f0dd8ad-486e-4238-8933-2b89499a6e18,SAMMS-ColoradoSpringsV5
202608201425195978,202608201258108754,202608201258108173,46,9293,P1 Finance Financial Hardship Application Bronze - B24,br_samms_financial_hardship_application,TASK_COMPLETE,SUCCESS,INFO,1159,1159,0,,2026-08-20T12:58:15.698Z,2026-08-20T14:28:34.201Z,5419,2026-08-20T14:28:34.201Z,B24,Paintsville,5f0dd8ad-486e-4238-8933-2b89499a6e18,SAMMS-PaintsvilleV5
202608201425195979,202608201258108755,202608201258108173,46,9294,P1 Finance Financial Hardship Application Bronze - B25,br_samms_financial_hardship_application,TASK_COMPLETE,SUCCESS,INFO,807,807,0,,2026-08-20T12:58:15.698Z,2026-08-20T14:28:34.201Z,5419,2026-08-20T14:28:34.201Z,B25,Pikeville,5f0dd8ad-486e-4238-8933-2b89499a6e18,SAMMS-PikevilleV5
202608201425195980,202608201258108756,202608201258108173,46,9295,P1 Finance Financial Hardship Application Bronze - B26,br_samms_financial_hardship_application,TASK_COMPLETE,SUCCESS,INFO,1379,1379,0,,2026-08-20T12:58:15.698Z,2026-08-20T14:28:34.201Z,5419,2026-08-20T14:28:34.201Z,B26,Hazard,5f0dd8ad-486e-4238-8933-2b89499a6e18,SAMMS-HazardV5
202608201425195981,202608201258108757,202608201258108173,46,9296,P1 Finance Financial Hardship Application Bronze - B27,br_samms_financial_hardship_application,TASK_COMPLETE,SUCCESS,INFO,515,515,0,,2026-08-20T12:58:15.698Z,2026-08-20T14:28:34.201Z,5419,2026-08-20T14:28:34.201Z,B27,Savannah,5f0dd8ad-486e-4238-8933-2b89499a6e18,SAMMS-SavannahV6
202608201425195982,202608201258108758,202608201258108173,46,9297,P1 Finance Financial Hardship Application Bronze - B28,br_samms_financial_hardship_application,TASK_COMPLETE,SUCCESS,INFO,260,260,0,,2026-08-20T12:58:15.698Z,2026-08-20T14:28:34.201Z,5419,2026-08-20T14:28:34.201Z,B28,WestPlaines,5f0dd8ad-486e-4238-8933-2b89499a6e18,SAMMS-WestPlainesV5
202608201425196048,202608201258108803,202608201258108173,46,9342,P1 Finance Financial Hardship Application Bronze - DA,br_samms_financial_hardship_application,TASK_COMPLETE,SUCCESS,INFO,702,702,0,,2026-08-20T12:58:15.698Z,2026-08-20T14:28:34.201Z,5419,2026-08-20T14:28:34.201Z,DA,Davenport,5f0dd8ad-486e-4238-8933-2b89499a6e18,SAMMS-Davenport
202608201425196050,202608201258108804,202608201258108173,46,9343,P1 Finance Financial Hardship Application Bronze - DM,br_samms_financial_hardship_application,TASK_COMPLETE,SUCCESS,INFO,598,598,0,,2026-08-20T12:58:15.698Z,2026-08-20T14:28:34.201Z,5419,2026-08-20T14:28:34.201Z,DM,DesMoines,5f0dd8ad-486e-4238-8933-2b89499a6e18,SAMMS-DesMoines
202608201425196052,202608201258108805,202608201258108173,46,9344,P1 Finance Financial Hardship Application Bronze - DRD-CO,br_samms_financial_hardship_application,TASK_COMPLETE,SUCCESS,INFO,211,211,0,,2026-08-20T12:58:15.698Z,2026-08-20T14:28:34.201Z,5419,2026-08-20T14:28:34.201Z,DRD-CO,Columbia,5f0dd8ad-486e-4238-8933-2b89499a6e18,SAMMS-ColumbiaV5
202608201425196053,202608201258108806,202608201258108173,46,9345,P1 Finance Financial Hardship Application Bronze - DRD-KC,br_samms_financial_hardship_application,TASK_COMPLETE,SUCCESS,INFO,23,23,0,,2026-08-20T12:58:15.698Z,2026-08-20T14:28:34.201Z,5419,2026-08-20T14:28:34.201Z,DRD-KC,KC,5f0dd8ad-486e-4238-8933-2b89499a6e18,SAMMS-KCv5
202608201425196055,202608201258108807,202608201258108173,46,9346,P1 Finance Financial Hardship Application Bronze - DRD-KVB,br_samms_financial_hardship_application,TASK_COMPLETE,SUCCESS,INFO,2168,2168,0,,2026-08-20T12:58:15.698Z,2026-08-20T14:28:34.201Z,5419,2026-08-20T14:28:34.201Z,DRD-KVB,KVB,5f0dd8ad-486e-4238-8933-2b89499a6e18,SAMMS-KVBv5
202608201425196057,202608201258108808,202608201258108173,46,9347,P1 Finance Financial Hardship Application Bronze - DRD-KVC,br_samms_financial_hardship_application,TASK_COMPLETE,SUCCESS,INFO,2259,2259,0,,2026-08-20T12:58:15.698Z,2026-08-20T14:28:34.201Z,5419,2026-08-20T14:28:34.201Z,DRD-KVC,KVC,5f0dd8ad-486e-4238-8933-2b89499a6e18,SAMMS-KVCv5
202608201425196059,202608201258108809,202608201258108173,46,9348,P1 Finance Financial Hardship Application Bronze - DRD-NOLA,br_samms_financial_hardship_application,TASK_COMPLETE,SUCCESS,INFO,1845,1845,0,,2026-08-20T12:58:15.698Z,2026-08-20T14:28:34.201Z,5419,2026-08-20T14:28:34.201Z,DRD-NOLA,NOLA,5f0dd8ad-486e-4238-8933-2b89499a6e18,SAMMS-NOLAv5
202608201425196060,202608201258108810,202608201258108173,46,9349,P1 Finance Financial Hardship Application Bronze - DRD-SF,br_samms_financial_hardship_application,TASK_COMPLETE,SUCCESS,INFO,730,730,0,,2026-08-20T12:58:15.698Z,2026-08-20T14:28:34.201Z,5419,2026-08-20T14:28:34.201Z,DRD-SF,SF,5f0dd8ad-486e-4238-8933-2b89499a6e18,SAMMS-SFv5
202608201425196062,202608201258108811,202608201258108173,46,9350,P1 Finance Financial Hardship Application Bronze - ELC,br_samms_financial_hardship_application,TASK_COMPLETE,SUCCESS,INFO,727,727,0,,2026-08-20T12:58:15.698Z,2026-08-20T14:28:34.201Z,5419,2026-08-20T14:28:34.201Z,ELC,ElizabethCity,5f0dd8ad-486e-4238-8933-2b89499a6e18,SAMMS-ElizabethCity
202608201425196064,202608201258108812,202608201258108173,46,9351,P1 Finance Financial Hardship Application Bronze - ET,br_samms_financial_hardship_application,TASK_COMPLETE,SUCCESS,INFO,691,691,0,,2026-08-20T12:58:15.698Z,2026-08-20T14:28:34.201Z,5419,2026-08-20T14:28:34.201Z,ET,Elizabethtown,5f0dd8ad-486e-4238-8933-2b89499a6e18,SAMMS-Elizabethtown
202608201425196066,202608201258108813,202608201258108173,46,9352,P1 Finance Financial Hardship Application Bronze - FAY,br_samms_financial_hardship_application,TASK_COMPLETE,SUCCESS,INFO,146,146,0,,2026-08-20T12:58:15.698Z,2026-08-20T14:28:34.201Z,5419,2026-08-20T14:28:34.201Z,FAY,Fayetteville,5f0dd8ad-486e-4238-8933-2b89499a6e18,SAMMS-Fayetteville
202608201425196067,202608201258108814,202608201258108173,46,9353,P1 Finance Financial Hardship Application Bronze - FR,br_samms_financial_hardship_application,TASK_COMPLETE,SUCCESS,INFO,408,408,0,,2026-08-20T12:58:15.698Z,2026-08-20T14:28:34.201Z,5419,2026-08-20T14:28:34.201Z,FR,Frankfort,5f0dd8ad-486e-4238-8933-2b89499a6e18,SAMMS-Frankfort
202608201425196069,202608201258108815,202608201258108173,46,9354,P1 Finance Financial Hardship Application Bronze - FS,br_samms_financial_hardship_application,TASK_COMPLETE,SUCCESS,INFO,253,253,0,,2026-08-20T12:58:15.698Z,2026-08-20T14:28:34.201Z,5419,2026-08-20T14:28:34.201Z,FS,FortSmith,5f0dd8ad-486e-4238-8933-2b89499a6e18,SAMMS-FortSmith
202608201425196071,202608201258108816,202608201258108173,46,9355,P1 Finance Financial Hardship Application Bronze - FW,br_samms_financial_hardship_application,TASK_COMPLETE,SUCCESS,INFO,751,751,0,,2026-08-20T12:58:15.698Z,2026-08-20T14:28:34.201Z,5419,2026-08-20T14:28:34.201Z,FW,FortWayne,5f0dd8ad-486e-4238-8933-2b89499a6e18,SAMMS-FortWayne
202608201425196073,202608201258108817,202608201258108173,46,9356,P1 Finance Financial Hardship Application Bronze - GAL,br_samms_financial_hardship_application,TASK_COMPLETE,SUCCESS,INFO,165,165,0,,2026-08-20T12:58:15.698Z,2026-08-20T14:28:34.201Z,5419,2026-08-20T14:28:34.201Z,GAL,Gaylord,5f0dd8ad-486e-4238-8933-2b89499a6e18,SAMMS-Gaylord
202608201425196074,202608201258108818,202608201258108173,46,9357,P1 Finance Financial Hardship Application Bronze - HGT,br_samms_financial_hardship_application,TASK_COMPLETE,SUCCESS,INFO,686,686,0,,2026-08-20T12:58:15.698Z,2026-08-20T14:28:34.201Z,5419,2026-08-20T14:28:34.201Z,HGT,Hagerstown,5f0dd8ad-486e-4238-8933-2b89499a6e18,SAMMS-Hagerstown
202608201425196076,202608201258108819,202608201258108173,46,9358,P1 Finance Financial Hardship Application Bronze - HNT,br_samms_financial_hardship_application,TASK_COMPLETE,SUCCESS,INFO,681,681,0,,2026-08-20T12:58:15.698Z,2026-08-20T14:28:34.201Z,5419,2026-08-20T14:28:34.201Z,HNT,Huntsville,5f0dd8ad-486e-4238-8933-2b89499a6e18,SAMMS-Huntsville
202608201425196078,202608201258108820,202608201258108173,46,9359,P1 Finance Financial Hardship Application Bronze - HS,br_samms_financial_hardship_application,TASK_COMPLETE,SUCCESS,INFO,287,287,0,,2026-08-20T12:58:15.698Z,2026-08-20T14:28:34.201Z,5419,2026-08-20T14:28:34.201Z,HS,HotSprings,5f0dd8ad-486e-4238-8933-2b89499a6e18,SAMMS-HotSprings
202608201425196080,202608201258108821,202608201258108173,46,9360,P1 Finance Financial Hardship Application Bronze - JON,br_samms_financial_hardship_application,TASK_COMPLETE,SUCCESS,INFO,2,2,0,,2026-08-20T12:58:15.698Z,2026-08-20T14:28:34.201Z,5419,2026-08-20T14:28:34.201Z,JON,Jonesboro,5f0dd8ad-486e-4238-8933-2b89499a6e18,SAMMS-Jonesboro
202608201425196082,202608201258108822,202608201258108173,46,9361,P1 Finance Financial Hardship Application Bronze - LAN,br_samms_financial_hardship_application,TASK_COMPLETE,SUCCESS,INFO,25,25,0,,2026-08-20T12:58:15.698Z,2026-08-20T14:28:34.201Z,5419,2026-08-20T14:28:34.201Z,LAN,Lansing,5f0dd8ad-486e-4238-8933-2b89499a6e18,SAMMS-Lansing
202608201425196084,202608201258108823,202608201258108173,46,9362,P1 Finance Financial Hardship Application Bronze - LO,br_samms_financial_hardship_application,TASK_COMPLETE,SUCCESS,INFO,854,854,0,,2026-08-20T12:58:15.698Z,2026-08-20T14:28:34.201Z,5419,2026-08-20T14:28:34.201Z,LO,Louisville,5f0dd8ad-486e-4238-8933-2b89499a6e18,SAMMS-Louisville
202608201425196085,202608201258108824,202608201258108173,46,9363,P1 Finance Financial Hardship Application Bronze - LV1,br_samms_financial_hardship_application,TASK_COMPLETE,SUCCESS,INFO,1206,1206,0,,2026-08-20T12:58:15.698Z,2026-08-20T14:28:34.201Z,5419,2026-08-20T14:28:34.201Z,LV1,Cheyenne,5f0dd8ad-486e-4238-8933-2b89499a6e18,SAMMS-Cheyenne
202608262209458338,202608261955298615,202608261955298282,85,2783,Bronze INV,br_LiquidLog,TASK_COMPLETE,SUCCESS,INFO,227403,227403,0,,2026-08-26T19:55:35.047Z,2026-08-26T22:11:39.517Z,8164,2026-08-26T22:11:39.517Z,V19,Jackson,20846baf-2fe5-403c-85d4-31520e88a3ce,SAMMS-JacksonV5
202608262209458339,202608261955298616,202608261955298282,85,2785,Bronze INV,br_LiquidLog,TASK_COMPLETE,SUCCESS,INFO,209303,209303,0,,2026-08-26T19:55:35.047Z,2026-08-26T22:11:39.517Z,8164,2026-08-26T22:11:39.517Z,V20,Paris,20846baf-2fe5-403c-85d4-31520e88a3ce,SAMMS-ParisV5
202608262209458340,202608261955298617,202608261955298282,85,2786,Bronze INV,br_LiquidLog,TASK_COMPLETE,SUCCESS,INFO,350102,350102,0,,2026-08-26T19:55:35.047Z,2026-08-26T22:11:39.517Z,8164,2026-08-26T22:11:39.517Z,V21,Memphis North,20846baf-2fe5-403c-85d4-31520e88a3ce,SAMMS-RaleighV5
202608262209458341,202608261955298618,202608261955298282,85,2789,Bronze INV,br_LiquidLog,TASK_COMPLETE,SUCCESS,INFO,341619,341619,0,,2026-08-26T19:55:35.047Z,2026-08-26T22:11:39.517Z,8164,2026-08-26T22:11:39.517Z,V5,West Bank,20846baf-2fe5-403c-85d4-31520e88a3ce,SAMMS-NONTCv5
202608262209458342,202608261955298619,202608261955298282,85,2791,Bronze INV,br_LiquidLog,TASK_COMPLETE,SUCCESS,INFO,31646,31646,0,,2026-08-26T19:55:35.047Z,2026-08-26T22:11:39.517Z,8164,2026-08-26T22:11:39.517Z,V5B,Houma,20846baf-2fe5-403c-85d4-31520e88a3ce,SAMMS-HoumaV6
202608262209458343,202608261955298620,202608261955298282,85,2792,Bronze INV,br_LiquidLog,TASK_COMPLETE,SUCCESS,INFO,259667,259667,0,,2026-08-26T19:55:35.047Z,2026-08-26T22:11:39.517Z,8164,2026-08-26T22:11:39.517Z,V6,Lake Charles,20846baf-2fe5-403c-85d4-31520e88a3ce,SAMMS-LCv5
202608262209458344,202608261955298621,202608261955298282,85,2794,Bronze INV,br_LiquidLog,TASK_COMPLETE,SUCCESS,INFO,165967,165967,0,,2026-08-26T19:55:35.047Z,2026-08-26T22:11:39.517Z,8164,2026-08-26T22:11:39.517Z,V8,Memphis Midtown,20846baf-2fe5-403c-85d4-31520e88a3ce,SAMMS-VCPHCS-VIII-MemphisV5
202608262209458345,202608261955298622,202608261955298282,85,2795,Bronze INV,br_LiquidLog,TASK_COMPLETE,SUCCESS,INFO,310309,310309,0,,2026-08-26T19:55:35.047Z,2026-08-26T22:11:39.517Z,8164,2026-08-26T22:11:39.517Z,V9,Nashville,20846baf-2fe5-403c-85d4-31520e88a3ce,SAMMS-NashvilleV5
202608262209458346,202608261955298623,202608261955298282,85,2796,Bronze INV,br_LiquidLog,TASK_COMPLETE,SUCCESS,INFO,112025,112025,0,,2026-08-26T19:55:35.047Z,2026-08-26T22:11:39.517Z,8164,2026-08-26T22:11:39.517Z,VBRA,Brainerd,20846baf-2fe5-403c-85d4-31520e88a3ce,SAMMS-BrainerdV6
202608262209458348,202608261955298624,202608261955298282,85,2797,Bronze INV,br_LiquidLog,TASK_COMPLETE,SUCCESS,INFO,222082,222082,0,,2026-08-26T19:55:35.047Z,2026-08-26T22:11:39.517Z,8164,2026-08-26T22:11:39.517Z,VBRP,Brooklyn Park,20846baf-2fe5-403c-85d4-31520e88a3ce,SAMMS-BrooklynParkV6
202608262209458349,202608261955298625,202608261955298282,85,2799,Bronze INV,br_LiquidLog,TASK_COMPLETE,SUCCESS,INFO,140217,140217,0,,2026-08-26T19:55:35.047Z,2026-08-26T22:11:39.517Z,8164,2026-08-26T22:11:39.517Z,VMIN,Minneapolis,20846baf-2fe5-403c-85d4-31520e88a3ce,SAMMS-MinneapolisV6
202608262209458350,202608261955298626,202608261955298282,85,2800,Bronze INV,br_LiquidLog,TASK_COMPLETE,SUCCESS,INFO,251495,251495,0,,2026-08-26T19:55:35.047Z,2026-08-26T22:11:39.517Z,8164,2026-08-26T22:11:39.517Z,VWBY,Woodbury,20846baf-2fe5-403c-85d4-31520e88a3ce,SAMMS-WoodburyV6
202608262209458351,202608261955298627,202608261955298282,85,2802,Bronze INV,br_LiquidLog,TASK_COMPLETE,SUCCESS,INFO,116434,116434,0,,2026-08-26T19:55:35.047Z,2026-08-26T22:11:39.517Z,8164,2026-08-26T22:11:39.517Z,WIL,Wilson,20846baf-2fe5-403c-85d4-31520e88a3ce,SAMMS-Wilson
202608262209458452,202608261955398302,202608261955398282,86,8579,Silver INV,sl_LiquidLog,TASK_COMPLETE,SUCCESS,INFO,15252980,15077929,0,,2026-08-26T19:55:35.047Z,2026-08-26T22:11:39.517Z,8164,2026-08-26T22:11:39.517Z,,,20846baf-2fe5-403c-85d4-31520e88a3ce,
202608262209458369,202608261955298628,202608261955298282,85,2806,Bronze INV,br_OrientationChecklistNew,TASK_COMPLETE,SUCCESS,INFO,59,59,0,,2026-08-26T19:55:35.047Z,2026-08-26T22:11:39.517Z,8164,2026-08-26T22:11:39.517Z,AHK,Ahoskie,20846baf-2fe5-403c-85d4-31520e88a3ce,SAMMS-Ahoskie
202608262209458370,202608261955298629,202608261955298282,85,2807,Bronze INV,br_OrientationChecklistNew,TASK_COMPLETE,SUCCESS,INFO,152,152,0,,2026-08-26T19:55:35.047Z,2026-08-26T22:11:39.517Z,8164,2026-08-26T22:11:39.517Z,B12B,Colorado Springs,20846baf-2fe5-403c-85d4-31520e88a3ce,SAMMS-ColoradoSpringsV5
202608262209458371,202608261955298630,202608261955298282,85,2808,Bronze INV,br_OrientationChecklistNew,TASK_COMPLETE,SUCCESS,INFO,170,170,0,,2026-08-26T19:55:35.047Z,2026-08-26T22:11:39.517Z,8164,2026-08-26T22:11:39.517Z,B24,Paintsville,20846baf-2fe5-403c-85d4-31520e88a3ce,SAMMS-PaintsvilleV5
202608262209458372,202608261955298631,202608261955298282,85,2809,Bronze INV,br_OrientationChecklistNew,TASK_COMPLETE,SUCCESS,INFO,87,87,0,,2026-08-26T19:55:35.047Z,2026-08-26T22:11:39.517Z,8164,2026-08-26T22:11:39.517Z,B25,Pikeville,20846baf-2fe5-403c-85d4-31520e88a3ce,SAMMS-PikevilleV5
202608262209458373,202608261955298632,202608261955298282,85,2810,Bronze INV,br_OrientationChecklistNew,TASK_COMPLETE,SUCCESS,INFO,272,272,0,,2026-08-26T19:55:35.047Z,2026-08-26T22:11:39.517Z,8164,2026-08-26T22:11:39.517Z,B26,Hazard,20846baf-2fe5-403c-85d4-31520e88a3ce,SAMMS-HazardV5
202608262209458374,202608261955298633,202608261955298282,85,2811,Bronze INV,br_OrientationChecklistNew,TASK_COMPLETE,SUCCESS,INFO,27,27,0,,2026-08-26T19:55:35.047Z,2026-08-26T22:11:39.517Z,8164,2026-08-26T22:11:39.517Z,B27,Savannah,20846baf-2fe5-403c-85d4-31520e88a3ce,SAMMS-SavannahV6
202608262209458375,202608261955298634,202608261955298282,85,2812,Bronze INV,br_OrientationChecklistNew,TASK_COMPLETE,SUCCESS,INFO,99,99,0,,2026-08-26T19:55:35.047Z,2026-08-26T22:11:39.517Z,8164,2026-08-26T22:11:39.517Z,B28,West Plains,20846baf-2fe5-403c-85d4-31520e88a3ce,SAMMS-WestPlainesV5
202608262209458377,202608261955298635,202608261955298282,85,2813,Bronze INV,br_OrientationChecklistNew,TASK_COMPLETE,SUCCESS,INFO,77,77,0,,2026-08-26T19:55:35.047Z,2026-08-26T22:11:39.517Z,8164,2026-08-26T22:11:39.517Z,B29,Poplar Bluff,20846baf-2fe5-403c-85d4-31520e88a3ce,SAMMS-PoplarBluffV5
202608262209458378,202608261955298636,202608261955298282,85,2814,Bronze INV,br_OrientationChecklistNew,TASK_COMPLETE,SUCCESS,INFO,53,53,0,,2026-08-26T19:55:35.047Z,2026-08-26T22:11:39.517Z,8164,2026-08-26T22:11:39.517Z,B30,KC North,20846baf-2fe5-403c-85d4-31520e88a3ce,SAMMS-KCNv5
202608262209458379,202608261955298637,202608261955298282,85,2815,Bronze INV,br_OrientationChecklistNew,TASK_COMPLETE,SUCCESS,INFO,76,76,0,,2026-08-26T19:55:35.047Z,2026-08-26T22:11:39.517Z,8164,2026-08-26T22:11:39.517Z,B31,Dyersburg,20846baf-2fe5-403c-85d4-31520e88a3ce,SAMMS-DyersburgV5
202608262209458380,202608261955298638,202608261955298282,85,2817,Bronze INV,br_OrientationChecklistNew,TASK_COMPLETE,SUCCESS,INFO,69,69,0,,2026-08-26T19:55:35.047Z,2026-08-26T22:11:39.517Z,8164,2026-08-26T22:11:39.517Z,B33,Paducah,20846baf-2fe5-403c-85d4-31520e88a3ce,SAMMS-Paducah
202608262209458381,202608261955298639,202608261955298282,85,2818,Bronze INV,br_OrientationChecklistNew,TASK_COMPLETE,SUCCESS,INFO,156,156,0,,2026-08-26T19:55:35.047Z,2026-08-26T22:11:39.517Z,8164,2026-08-26T22:11:39.517Z,B34,Corbin,20846baf-2fe5-403c-85d4-31520e88a3ce,SAMMS-CorbinV5
202608262209458382,202608261955298640,202608261955298282,85,2819,Bronze INV,br_OrientationChecklistNew,TASK_COMPLETE,SUCCESS,INFO,390,390,0,,2026-08-26T19:55:35.047Z,2026-08-26T22:11:39.517Z,8164,2026-08-26T22:11:39.517Z,B35,Lexington,20846baf-2fe5-403c-85d4-31520e88a3ce,SAMMS-LexingtonV5
202608262209458384,202608261955298641,202608261955298282,85,2820,Bronze INV,br_OrientationChecklistNew,TASK_COMPLETE,SUCCESS,INFO,144,144,0,,2026-08-26T19:55:35.047Z,2026-08-26T22:11:39.517Z,8164,2026-08-26T22:11:39.517Z,B35A,Berea,20846baf-2fe5-403c-85d4-31520e88a3ce,SAMMS-BereaV5
202608262209458385,202608261955298642,202608261955298282,85,2821,Bronze INV,br_OrientationChecklistNew,TASK_COMPLETE,SUCCESS,INFO,150,150,0,,2026-08-26T19:55:35.047Z,2026-08-26T22:11:39.517Z,8164,2026-08-26T22:11:39.517Z,B36,Asheville,20846baf-2fe5-403c-85d4-31520e88a3ce,SAMMS-AshevilleV5
202608262209458386,202608261955298643,202608261955298282,85,2822,Bronze INV,br_OrientationChecklistNew,TASK_COMPLETE,SUCCESS,INFO,118,118,0,,2026-08-26T19:55:35.047Z,2026-08-26T22:11:39.517Z,8164,2026-08-26T22:11:39.517Z,B37,Clyde,20846baf-2fe5-403c-85d4-31520e88a3ce,SAMMS-ClydeV5
202608262209458387,202608261955298644,202608261955298282,85,2823,Bronze INV,br_OrientationChecklistNew,TASK_COMPLETE,SUCCESS,INFO,161,161,0,,2026-08-26T19:55:35.047Z,2026-08-26T22:11:39.517Z,8164,2026-08-26T22:11:39.517Z,B38,Spartanburg,20846baf-2fe5-403c-85d4-31520e88a3ce,SAMMS-SpartanburgV5
202608262209458388,202608261955298645,202608261955298282,85,2824,Bronze INV,br_OrientationChecklistNew,TASK_COMPLETE,SUCCESS,INFO,133,133,0,,2026-08-26T19:55:35.047Z,2026-08-26T22:11:39.517Z,8164,2026-08-26T22:11:39.517Z,B39,Aiken,20846baf-2fe5-403c-85d4-31520e88a3ce,SAMMS-AikenV5
202608262209458389,202608261955298646,202608261955298282,85,2825,Bronze INV,br_OrientationChecklistNew,TASK_COMPLETE,SUCCESS,INFO,149,149,0,,2026-08-26T19:55:35.047Z,2026-08-26T22:11:39.517Z,8164,2026-08-26T22:11:39.517Z,B41,Chesapeake,20846baf-2fe5-403c-85d4-31520e88a3ce,SAMMS-ChesapeakeV5
202608262209458390,202608261955298647,202608261955298282,85,2826,Bronze INV,br_OrientationChecklistNew,TASK_COMPLETE,SUCCESS,INFO,200,200,0,,2026-08-26T19:55:35.047Z,2026-08-26T22:11:39.517Z,8164,2026-08-26T22:11:39.517Z,B42,Virginia Beach,20846baf-2fe5-403c-85d4-31520e88a3ce,SAMMS-VirginiaBeachV5
202608262209458391,202608261955298648,202608261955298282,85,2827,Bronze INV,br_OrientationChecklistNew,TASK_COMPLETE,SUCCESS,INFO,132,132,0,,2026-08-26T19:55:35.047Z,2026-08-26T22:11:39.517Z,8164,2026-08-26T22:11:39.517Z,B42A,Newport News,20846baf-2fe5-403c-85d4-31520e88a3ce,SAMMS-NewportNewsV5
202608262209458393,202608261955298649,202608261955298282,85,2828,Bronze INV,br_OrientationChecklistNew,TASK_COMPLETE,SUCCESS,INFO,29,29,0,,2026-08-26T19:55:35.047Z,2026-08-26T22:11:39.517Z,8164,2026-08-26T22:11:39.517Z,B42B,Franklin,20846baf-2fe5-403c-85d4-31520e88a3ce,SAMMS-FranklinV5
202608262209458394,202608261955298650,202608261955298282,85,2829,Bronze INV,br_OrientationChecklistNew,TASK_COMPLETE,SUCCESS,INFO,198,198,0,,2026-08-26T19:55:35.047Z,2026-08-26T22:11:39.517Z,8164,2026-08-26T22:11:39.517Z,B42C,Glen Allen,20846baf-2fe5-403c-85d4-31520e88a3ce,SAMMS-GlenAllenV5
202608262209458395,202608261955298651,202608261955298282,85,2830,Bronze INV,br_OrientationChecklistNew,TASK_COMPLETE,SUCCESS,INFO,74,74,0,,2026-08-26T19:55:35.047Z,2026-08-26T22:11:39.517Z,8164,2026-08-26T22:11:39.517Z,B42D,Chesapeake South,20846baf-2fe5-403c-85d4-31520e88a3ce,SAMMS-ChesapeakeSouthV5
202608262209458396,202608261955298652,202608261955298282,85,2831,Bronze INV,br_OrientationChecklistNew,TASK_COMPLETE,SUCCESS,INFO,54,54,0,,2026-08-26T19:55:35.047Z,2026-08-26T22:11:39.517Z,8164,2026-08-26T22:11:39.517Z,B44,Albany,20846baf-2fe5-403c-85d4-31520e88a3ce,SAMMS-AlbanyV5
202608262209458397,202608261955298653,202608261955298282,85,2832,Bronze INV,br_OrientationChecklistNew,TASK_COMPLETE,SUCCESS,INFO,55,55,0,,2026-08-26T19:55:35.047Z,2026-08-26T22:11:39.517Z,8164,2026-08-26T22:11:39.517Z,B45,Tifton,20846baf-2fe5-403c-85d4-31520e88a3ce,SAMMS-TiftonV5
202608262209458398,202608261955298654,202608261955298282,85,2833,Bronze INV,br_OrientationChecklistNew,TASK_COMPLETE,SUCCESS,INFO,262,262,0,,2026-08-26T19:55:35.047Z,2026-08-26T22:11:39.517Z,8164,2026-08-26T22:11:39.517Z,B46,Washington DC,20846baf-2fe5-403c-85d4-31520e88a3ce,SAMMS-WashingtonDCv5
202608262209458399,202608261955298655,202608261955298282,85,2834,Bronze INV,br_OrientationChecklistNew,TASK_COMPLETE,SUCCESS,INFO,97,97,0,,2026-08-26T19:55:35.047Z,2026-08-26T22:11:39.517Z,8164,2026-08-26T22:11:39.517Z,B47,Mobile,20846baf-2fe5-403c-85d4-31520e88a3ce,SAMMS-MobileV5
202608262209458400,202608261955298656,202608261955298282,85,2835,Bronze INV,br_OrientationChecklistNew,TASK_COMPLETE,SUCCESS,INFO,123,123,0,,2026-08-26T19:55:35.047Z,2026-08-26T22:11:39.517Z,8164,2026-08-26T22:11:39.517Z,B48,Tuscaloosa,20846baf-2fe5-403c-85d4-31520e88a3ce,SAMMS-TuscaloosaV5
202608262209458401,202608261955298657,202608261955298282,85,2844,Bronze INV,br_OrientationChecklistNew,TASK_COMPLETE,SUCCESS,INFO,75,75,0,,2026-08-26T19:55:35.047Z,2026-08-26T22:11:39.517Z,8164,2026-08-26T22:11:39.517Z,B51,N. Little Rock (OTP),20846baf-2fe5-403c-85d4-31520e88a3ce,SAMMS-NorthLittleRockV6
202608262209458402,202608261955298658,202608261955298282,85,2845,Bronze INV,br_OrientationChecklistNew,TASK_COMPLETE,SUCCESS,INFO,13,13,0,,2026-08-26T19:55:35.047Z,2026-08-26T22:11:39.517Z,8164,2026-08-26T22:11:39.517Z,B52,Jackson GA,20846baf-2fe5-403c-85d4-31520e88a3ce,SAMMS-JacksonGAV5
202608262209458404,202608261955298659,202608261955298282,85,2846,Bronze INV,br_OrientationChecklistNew,TASK_COMPLETE,SUCCESS,INFO,129,129,0,,2026-08-26T19:55:35.047Z,2026-08-26T22:11:39.517Z,8164,2026-08-26T22:11:39.517Z,B54,Gadsden,20846baf-2fe5-403c-85d4-31520e88a3ce,SAMMS-GadsdenV5
202608262209458405,202608261955298660,202608261955298282,85,2847,Bronze INV,br_OrientationChecklistNew,TASK_COMPLETE,SUCCESS,INFO,73,73,0,,2026-08-26T19:55:35.047Z,2026-08-26T22:11:39.517Z,8164,2026-08-26T22:11:39.517Z,B55,Shoals,20846baf-2fe5-403c-85d4-31520e88a3ce,SAMMS-ShoalsV5
202608262209458406,202608261955298661,202608261955298282,85,2848,Bronze INV,br_OrientationChecklistNew,TASK_COMPLETE,SUCCESS,INFO,33,33,0,,2026-08-26T19:55:35.047Z,2026-08-26T22:11:39.517Z,8164,2026-08-26T22:11:39.517Z,B57,Pawtucket,20846baf-2fe5-403c-85d4-31520e88a3ce,SAMMS-Pawtucket
202608262209458407,202608261955298662,202608261955298282,85,2849,Bronze INV,br_OrientationChecklistNew,TASK_COMPLETE,SUCCESS,INFO,77,77,0,,2026-08-26T19:55:35.047Z,2026-08-26T22:11:39.517Z,8164,2026-08-26T22:11:39.517Z,B57A,Johnston,20846baf-2fe5-403c-85d4-31520e88a3ce,SAMMS-Johnston
202608262209458408,202608261955298663,202608261955298282,85,2850,Bronze INV,br_OrientationChecklistNew,TASK_COMPLETE,SUCCESS,INFO,17,17,0,,2026-08-26T19:55:35.047Z,2026-08-26T22:11:39.517Z,8164,2026-08-26T22:11:39.517Z,B57B,Middletown,20846baf-2fe5-403c-85d4-31520e88a3ce,SAMMS-Middletown
202608262209458409,202608261955298664,202608261955298282,85,2851,Bronze INV,br_OrientationChecklistNew,TASK_COMPLETE,SUCCESS,INFO,29,29,0,,2026-08-26T19:55:35.047Z,2026-08-26T22:11:39.517Z,8164,2026-08-26T22:11:39.517Z,B57C,Providence,20846baf-2fe5-403c-85d4-31520e88a3ce,SAMMS-Providence
202608262209458410,202608261955298665,202608261955298282,85,2852,Bronze INV,br_OrientationChecklistNew,TASK_COMPLETE,SUCCESS,INFO,31,31,0,,2026-08-26T19:55:35.047Z,2026-08-26T22:11:39.517Z,8164,2026-08-26T22:11:39.517Z,B57D,Westerly,20846baf-2fe5-403c-85d4-31520e88a3ce,SAMMS-Westerly
202608262209458411,202608261955298666,202608261955298282,85,2856,Bronze INV,br_OrientationChecklistNew,TASK_COMPLETE,SUCCESS,INFO,0,0,0,,2026-08-26T19:55:35.047Z,2026-08-26T22:11:39.517Z,8164,2026-08-26T22:11:39.517Z,B66A,Bremen,20846baf-2fe5-403c-85d4-31520e88a3ce,SAMMS-Bremen
202608262209458412,202608261955298667,202608261955298282,85,2859,Bronze INV,br_OrientationChecklistNew,TASK_COMPLETE,SUCCESS,INFO,0,0,0,,2026-08-26T19:55:35.047Z,2026-08-26T22:11:39.517Z,8164,2026-08-26T22:11:39.517Z,B72,Mobile (OBOT),20846baf-2fe5-403c-85d4-31520e88a3ce,SAMMS-Mobile-OBOT
202608262209458413,202608261955298668,202608261955298282,85,2860,Bronze INV,br_OrientationChecklistNew,TASK_COMPLETE,SUCCESS,INFO,0,0,0,,2026-08-26T19:55:35.047Z,2026-08-26T22:11:39.517Z,8164,2026-08-26T22:11:39.517Z,B73,Montgomery,20846baf-2fe5-403c-85d4-31520e88a3ce,SAMMS-Montgomery
202608262209458415,202608261955298669,202608261955298282,85,2861,Bronze INV,br_OrientationChecklistNew,TASK_COMPLETE,SUCCESS,INFO,92,92,0,,2026-08-26T19:55:35.047Z,2026-08-26T22:11:39.517Z,8164,2026-08-26T22:11:39.517Z,B75,Lawrence,20846baf-2fe5-403c-85d4-31520e88a3ce,SAMMS-LawrenceV6
202608262209458416,202608261955298670,202608261955298282,85,2862,Bronze INV,br_OrientationChecklistNew,TASK_COMPLETE,SUCCESS,INFO,0,0,0,,2026-08-26T19:55:35.047Z,2026-08-26T22:11:39.517Z,8164,2026-08-26T22:11:39.517Z,B76,Huntsville OBOT,20846baf-2fe5-403c-85d4-31520e88a3ce,SAMMS-Huntsville-OBOT
202608262209458417,202608261955298671,202608261955298282,85,2863,Bronze INV,br_OrientationChecklistNew,TASK_COMPLETE,SUCCESS,INFO,0,0,0,,2026-08-26T19:55:35.047Z,2026-08-26T22:11:39.517Z,8164,2026-08-26T22:11:39.517Z,BAT,Batesville,20846baf-2fe5-403c-85d4-31520e88a3ce,SAMMS-Batesville
202608262209458418,202608261955298672,202608261955298282,85,2864,Bronze INV,br_OrientationChecklistNew,TASK_COMPLETE,SUCCESS,INFO,174,174,0,,2026-08-26T19:55:35.047Z,2026-08-26T22:11:39.517Z,8164,2026-08-26T22:11:39.517Z,BG,Bowling Green,20846baf-2fe5-403c-85d4-31520e88a3ce,SAMMS-BowlingGreen
202608262209458419,202608261955298673,202608261955298282,85,2865,Bronze INV,br_OrientationChecklistNew,TASK_COMPLETE,SUCCESS,INFO,66,66,0,,2026-08-26T19:55:35.047Z,2026-08-26T22:11:39.517Z,8164,2026-08-26T22:11:39.517Z,BOI,Boise,20846baf-2fe5-403c-85d4-31520e88a3ce,SAMMS-Boise
202608262209458420,202608261955298674,202608261955298282,85,2872,Bronze INV,br_OrientationChecklistNew,TASK_COMPLETE,SUCCESS,INFO,68,68,0,,2026-08-26T19:55:35.047Z,2026-08-26T22:11:39.517Z,8164,2026-08-26T22:11:39.517Z,CBCO,Coeur dAlene,20846baf-2fe5-403c-85d4-31520e88a3ce,SAMMS-CoeurdAleneV6
202608262209458421,202608261955298675,202608261955298282,85,2891,Bronze INV,br_OrientationChecklistNew,TASK_COMPLETE,SUCCESS,INFO,0,0,0,,2026-08-26T19:55:35.047Z,2026-08-26T22:11:39.517Z,8164,2026-08-26T22:11:39.517Z,CON,Conway,20846baf-2fe5-403c-85d4-31520e88a3ce,SAMMS-Conway
202608262209458422,202608261955298676,202608261955298282,85,2892,Bronze INV,br_OrientationChecklistNew,TASK_COMPLETE,SUCCESS,INFO,0,0,0,,2026-08-26T19:55:35.047Z,2026-08-26T22:11:39.517Z,8164,2026-08-26T22:11:39.517Z,D07,Medical Services Knox TN,20846baf-2fe5-403c-85d4-31520e88a3ce,SAMMS-KnoxvilleV6
202608262209458423,202608261955298677,202608261955298282,85,2893,Bronze INV,br_OrientationChecklistNew,TASK_COMPLETE,SUCCESS,INFO,141,141,0,,2026-08-26T19:55:35.047Z,2026-08-26T22:11:39.517Z,8164,2026-08-26T22:11:39.517Z,D08,Madison,20846baf-2fe5-403c-85d4-31520e88a3ce,SAMMS-MadisonV6
202608262209458425,202608261955298678,202608261955298282,85,2895,Bronze INV,br_OrientationChecklistNew,TASK_COMPLETE,SUCCESS,INFO,203,203,0,,2026-08-26T19:55:35.047Z,2026-08-26T22:11:39.517Z,8164,2026-08-26T22:11:39.517Z,D09,Murfreesboro,20846baf-2fe5-403c-85d4-31520e88a3ce,SAMMS-MurfreesboroV6
202608262209458426,202608261955298679,202608261955298282,85,2896,Bronze INV,br_OrientationChecklistNew,TASK_COMPLETE,SUCCESS,INFO,53,53,0,,2026-08-26T19:55:35.047Z,2026-08-26T22:11:39.517Z,8164,2026-08-26T22:11:39.517Z,DA,Davenport,20846baf-2fe5-403c-85d4-31520e88a3ce,SAMMS-Davenport
202608262209458427,202608261955298680,202608261955298282,85,2897,Bronze INV,br_OrientationChecklistNew,TASK_COMPLETE,SUCCESS,INFO,86,86,0,,2026-08-26T19:55:35.047Z,2026-08-26T22:11:39.517Z,8164,2026-08-26T22:11:39.517Z,DM,Des Moines,20846baf-2fe5-403c-85d4-31520e88a3ce,SAMMS-DesMoines
202608262209458428,202608261955298681,202608261955298282,85,2899,Bronze INV,br_OrientationChecklistNew,TASK_COMPLETE,SUCCESS,INFO,132,132,0,,2026-08-26T19:55:35.047Z,2026-08-26T22:11:39.517Z,8164,2026-08-26T22:11:39.517Z,DRD-CO,Columbia MO,20846baf-2fe5-403c-85d4-31520e88a3ce,SAMMS-ColumbiaV5
202608262209458429,202608261955298682,202608261955298282,85,2900,Bronze INV,br_OrientationChecklistNew,TASK_COMPLETE,SUCCESS,INFO,161,161,0,,2026-08-26T19:55:35.047Z,2026-08-26T22:11:39.517Z,8164,2026-08-26T22:11:39.517Z,DRD-KC,KC,20846baf-2fe5-403c-85d4-31520e88a3ce,SAMMS-KCv5
202608262209458430,202608261955298683,202608261955298282,85,2901,Bronze INV,br_OrientationChecklistNew,TASK_COMPLETE,SUCCESS,INFO,121,121,0,,2026-08-26T19:55:35.047Z,2026-08-26T22:11:39.517Z,8164,2026-08-26T22:11:39.517Z,DRD-KVB,KVB,20846baf-2fe5-403c-85d4-31520e88a3ce,SAMMS-KVBv5
202608262209458431,202608261955298684,202608261955298282,85,2902,Bronze INV,br_OrientationChecklistNew,TASK_COMPLETE,SUCCESS,INFO,331,331,0,,2026-08-26T19:55:35.047Z,2026-08-26T22:11:39.517Z,8164,2026-08-26T22:11:39.517Z,DRD-KVC,KVC,20846baf-2fe5-403c-85d4-31520e88a3ce,SAMMS-KVCv5
202608262209458432,202608261955298685,202608261955298282,85,2903,Bronze INV,br_OrientationChecklistNew,TASK_COMPLETE,SUCCESS,INFO,347,347,0,,2026-08-26T19:55:35.047Z,2026-08-26T22:11:39.517Z,8164,2026-08-26T22:11:39.517Z,DRD-NOLA,NOLA,20846baf-2fe5-403c-85d4-31520e88a3ce,SAMMS-NOLAv5
202608262209458433,202608261955298686,202608261955298282,85,2904,Bronze INV,br_OrientationChecklistNew,TASK_COMPLETE,SUCCESS,INFO,231,231,0,,2026-08-26T19:55:35.047Z,2026-08-26T22:11:39.517Z,8164,2026-08-26T22:11:39.517Z,DRD-SF,Springfield,20846baf-2fe5-403c-85d4-31520e88a3ce,SAMMS-SFv5
202608262209458435,202608261955298687,202608261955298282,85,2906,Bronze INV,br_OrientationChecklistNew,TASK_COMPLETE,SUCCESS,INFO,107,107,0,,2026-08-26T19:55:35.047Z,2026-08-26T22:11:39.517Z,8164,2026-08-26T22:11:39.517Z,ELC,Elizabeth City,20846baf-2fe5-403c-85d4-31520e88a3ce,SAMMS-ElizabethCity
202608262209458436,202608261955298688,202608261955298282,85,2907,Bronze INV,br_OrientationChecklistNew,TASK_COMPLETE,SUCCESS,INFO,120,120,0,,2026-08-26T19:55:35.047Z,2026-08-26T22:11:39.517Z,8164,2026-08-26T22:11:39.517Z,ET,Elizabethtown,20846baf-2fe5-403c-85d4-31520e88a3ce,SAMMS-Elizabethtown
202608262209458437,202608261955298689,202608261955298282,85,2908,Bronze INV,br_OrientationChecklistNew,TASK_COMPLETE,SUCCESS,INFO,0,0,0,,2026-08-26T19:55:35.047Z,2026-08-26T22:11:39.517Z,8164,2026-08-26T22:11:39.517Z,FAY,Fayetteville,20846baf-2fe5-403c-85d4-31520e88a3ce,SAMMS-Fayetteville
202608262209458438,202608261955298690,202608261955298282,85,2909,Bronze INV,br_OrientationChecklistNew,TASK_COMPLETE,SUCCESS,INFO,110,110,0,,2026-08-26T19:55:35.047Z,2026-08-26T22:11:39.517Z,8164,2026-08-26T22:11:39.517Z,FR,Frankfort,20846baf-2fe5-403c-85d4-31520e88a3ce,SAMMS-Frankfort
202608262209458439,202608261955298691,202608261955298282,85,2910,Bronze INV,br_OrientationChecklistNew,TASK_COMPLETE,SUCCESS,INFO,0,0,0,,2026-08-26T19:55:35.047Z,2026-08-26T22:11:39.517Z,8164,2026-08-26T22:11:39.517Z,FS,Fort Smith,20846baf-2fe5-403c-85d4-31520e88a3ce,SAMMS-FortSmith
202608262209458440,202608261955298692,202608261955298282,85,2911,Bronze INV,br_OrientationChecklistNew,TASK_COMPLETE,SUCCESS,INFO,197,197,0,,2026-08-26T19:55:35.047Z,2026-08-26T22:11:39.517Z,8164,2026-08-26T22:11:39.517Z,FW,Fort Wayne,20846baf-2fe5-403c-85d4-31520e88a3ce,SAMMS-FortWayne
202608262209458441,202608261955298693,202608261955298282,85,2912,Bronze INV,br_OrientationChecklistNew,TASK_COMPLETE,SUCCESS,INFO,17,17,0,,2026-08-26T19:55:35.047Z,2026-08-26T22:11:39.517Z,8164,2026-08-26T22:11:39.517Z,GAL,Gaylord,20846baf-2fe5-403c-85d4-31520e88a3ce,SAMMS-Gaylord
202608262209458442,202608261955298694,202608261955298282,85,2916,Bronze INV,br_OrientationChecklistNew,TASK_COMPLETE,SUCCESS,INFO,126,126,0,,2026-08-26T19:55:35.047Z,2026-08-26T22:11:39.517Z,8164,2026-08-26T22:11:39.517Z,HGT,Hagerstown,20846baf-2fe5-403c-85d4-31520e88a3ce,SAMMS-Hagerstown
202608262209458443,202608261955298695,202608261955298282,85,2917,Bronze INV,br_OrientationChecklistNew,TASK_COMPLETE,SUCCESS,INFO,93,93,0,,2026-08-26T19:55:35.047Z,2026-08-26T22:11:39.517Z,8164,2026-08-26T22:11:39.517Z,HNT,Huntsville,20846baf-2fe5-403c-85d4-31520e88a3ce,SAMMS-Huntsville
202608262209458444,202608261955298696,202608261955298282,85,2918,Bronze INV,br_OrientationChecklistNew,TASK_COMPLETE,SUCCESS,INFO,0,0,0,,2026-08-26T19:55:35.047Z,2026-08-26T22:11:39.517Z,8164,2026-08-26T22:11:39.517Z,HS,Hot Springs,20846baf-2fe5-403c-85d4-31520e88a3ce,SAMMS-HotSprings
202608262209458446,202608261955298697,202608261955298282,85,2919,Bronze INV,br_OrientationChecklistNew,TASK_COMPLETE,SUCCESS,INFO,0,0,0,,2026-08-26T19:55:35.047Z,2026-08-26T22:11:39.517Z,8164,2026-08-26T22:11:39.517Z,JON,Jonesboro,20846baf-2fe5-403c-85d4-31520e88a3ce,SAMMS-Jonesboro
202608262209458447,202608261955298698,202608261955298282,85,2921,Bronze INV,br_OrientationChecklistNew,TASK_COMPLETE,SUCCESS,INFO,14,14,0,,2026-08-26T19:55:35.047Z,2026-08-26T22:11:39.517Z,8164,2026-08-26T22:11:39.517Z,LAN,Lansing,20846baf-2fe5-403c-85d4-31520e88a3ce,SAMMS-Lansing
202608262209458448,202608261955298699,202608261955298282,85,2922,Bronze INV,br_OrientationChecklistNew,TASK_COMPLETE,SUCCESS,INFO,182,182,0,,2026-08-26T19:55:35.047Z,2026-08-26T22:11:39.517Z,8164,2026-08-26T22:11:39.517Z,LO,Louisville,20846baf-2fe5-403c-85d4-31520e88a3ce,SAMMS-Louisville
202608262209458449,202608261955298700,202608261955298282,85,2923,Bronze INV,br_OrientationChecklistNew,TASK_COMPLETE,SUCCESS,INFO,342,342,0,,2026-08-26T19:55:35.047Z,2026-08-26T22:11:39.517Z,8164,2026-08-26T22:11:39.517Z,LV1,Cheyenne,20846baf-2fe5-403c-85d4-31520e88a3ce,SAMMS-Cheyenne
202608262209458450,202608261955298701,202608261955298282,85,2924,Bronze INV,br_OrientationChecklistNew,TASK_COMPLETE,SUCCESS,INFO,189,189,0,,2026-08-26T19:55:35.047Z,2026-08-26T22:11:39.517Z,8164,2026-08-26T22:11:39.517Z,LV2,Desert Inn,20846baf-2fe5-403c-85d4-31520e88a3ce,SAMMS-DesertInn
202608262209458451,202608261955298702,202608261955298282,85,2925,Bronze INV,br_OrientationChecklistNew,TASK_COMPLETE,SUCCESS,INFO,88,88,0,,2026-08-26T19:55:35.047Z,2026-08-26T22:11:39.517Z,8164,2026-08-26T22:11:39.517Z,LV3,McDaniel,20846baf-2fe5-403c-85d4-31520e88a3ce,SAMMS-McDaniel
202608262209458452,202608261955298703,202608261955298282,85,2928,Bronze INV,br_OrientationChecklistNew,TASK_COMPLETE,SUCCESS,INFO,91,91,0,,2026-08-26T19:55:35.047Z,2026-08-26T22:11:39.517Z,8164,2026-08-26T22:11:39.517Z,MNRE,Monroe,20846baf-2fe5-403c-85d4-31520e88a3ce,SAMMS-Monroe
202608262209458453,202608261955298704,202608261955298282,85,2929,Bronze INV,br_OrientationChecklistNew,TASK_COMPLETE,SUCCESS,INFO,9,9,0,,2026-08-26T19:55:35.047Z,2026-08-26T22:11:39.517Z,8164,2026-08-26T22:11:39.517Z,MP,Mt. Pleasant,20846baf-2fe5-403c-85d4-31520e88a3ce,SAMMS-MtPleasant
202608262209458454,202608261955298705,202608261955298282,85,2930,Bronze INV,br_OrientationChecklistNew,TASK_COMPLETE,SUCCESS,INFO,71,71,0,,2026-08-26T19:55:35.047Z,2026-08-26T22:11:39.517Z,8164,2026-08-26T22:11:39.517Z,MRD,Meridian,20846baf-2fe5-403c-85d4-31520e88a3ce,SAMMS-Meridian
202608262209458455,202608261955298706,202608261955298282,85,2935,Bronze INV,br_OrientationChecklistNew,TASK_COMPLETE,SUCCESS,INFO,157,157,0,,2026-08-26T19:55:35.047Z,2026-08-26T22:11:39.517Z,8164,2026-08-26T22:11:39.517Z,NC,North Charleston,20846baf-2fe5-403c-85d4-31520e88a3ce,SAMMS-NorthCharleston
202608262209458457,202608261955298707,202608261955298282,85,2936,Bronze INV,br_OrientationChecklistNew,TASK_COMPLETE,SUCCESS,INFO,0,0,0,,2026-08-26T19:55:35.047Z,2026-08-26T22:11:39.517Z,8164,2026-08-26T22:11:39.517Z,NLR,N. Little Rock,20846baf-2fe5-403c-85d4-31520e88a3ce,SAMMS-NLROBOT
202608262209458458,202608261955298708,202608261955298282,85,2941,Bronze INV,br_OrientationChecklistNew,TASK_COMPLETE,SUCCESS,INFO,124,124,0,,2026-08-26T19:55:35.047Z,2026-08-26T22:11:39.517Z,8164,2026-08-26T22:11:39.517Z,RE,Reno,20846baf-2fe5-403c-85d4-31520e88a3ce,SAMMS-Reno
202608262209458459,202608261955298709,202608261955298282,85,2942,Bronze INV,br_OrientationChecklistNew,TASK_COMPLETE,SUCCESS,INFO,215,215,0,,2026-08-26T19:55:35.047Z,2026-08-26T22:11:39.517Z,8164,2026-08-26T22:11:39.517Z,RMD,Richmond,20846baf-2fe5-403c-85d4-31520e88a3ce,SAMMS-Richmond
202608262209458460,202608261955298710,202608261955298282,85,2943,Bronze INV,br_OrientationChecklistNew,TASK_COMPLETE,SUCCESS,INFO,180,180,0,,2026-08-26T19:55:35.047Z,2026-08-26T22:11:39.517Z,8164,2026-08-26T22:11:39.517Z,SFN,Springfield North,20846baf-2fe5-403c-85d4-31520e88a3ce,SAMMS-SFNv5
202608262209458461,202608261955298711,202608261955298282,85,2944,Bronze INV,br_OrientationChecklistNew,TASK_COMPLETE,SUCCESS,INFO,141,141,0,,2026-08-26T19:55:35.047Z,2026-08-26T22:11:39.517Z,8164,2026-08-26T22:11:39.517Z,SHP,Shreveport,20846baf-2fe5-403c-85d4-31520e88a3ce,SAMMS-Shreveport
202608262209458462,202608261955298712,202608261955298282,85,2946,Bronze INV,br_OrientationChecklistNew,TASK_COMPLETE,SUCCESS,INFO,104,104,0,,2026-08-26T19:55:35.047Z,2026-08-26T22:11:39.517Z,8164,2026-08-26T22:11:39.517Z,STN,Staunton,20846baf-2fe5-403c-85d4-31520e88a3ce,SAMMS-Staunton
202608262209458463,202608261955298713,202608261955298282,85,2947,Bronze INV,br_OrientationChecklistNew,TASK_COMPLETE,SUCCESS,INFO,26,26,0,,2026-08-26T19:55:35.047Z,2026-08-26T22:11:39.517Z,8164,2026-08-26T22:11:39.517Z,STVN,Stevenson,20846baf-2fe5-403c-85d4-31520e88a3ce,SAMMS-Stevenson
202608262209458464,202608261955298714,202608261955298282,85,2950,Bronze INV,br_OrientationChecklistNew,TASK_COMPLETE,SUCCESS,INFO,0,0,0,,2026-08-26T19:55:35.047Z,2026-08-26T22:11:39.517Z,8164,2026-08-26T22:11:39.517Z,TEX,Texarkana,20846baf-2fe5-403c-85d4-31520e88a3ce,SAMMS-Texarkana
202608262209458466,202608261955298715,202608261955298282,85,2951,Bronze INV,br_OrientationChecklistNew,TASK_COMPLETE,SUCCESS,INFO,103,103,0,,2026-08-26T19:55:35.047Z,2026-08-26T22:11:39.517Z,8164,2026-08-26T22:11:39.517Z,TTCA,Bessemer,20846baf-2fe5-403c-85d4-31520e88a3ce,SAMMS-BessemerV5
202608262209458467,202608261955298716,202608261955298282,85,2952,Bronze INV,br_OrientationChecklistNew,TASK_COMPLETE,SUCCESS,INFO,74,74,0,,2026-08-26T19:55:35.047Z,2026-08-26T22:11:39.517Z,8164,2026-08-26T22:11:39.517Z,TTCB,Cullman,20846baf-2fe5-403c-85d4-31520e88a3ce,SAMMS-CullmanV5
202608262209458468,202608261955298717,202608261955298282,85,2953,Bronze INV,br_OrientationChecklistNew,TASK_COMPLETE,SUCCESS,INFO,70,70,0,,2026-08-26T19:55:35.047Z,2026-08-26T22:11:39.517Z,8164,2026-08-26T22:11:39.517Z,TTCC,Grand Bay,20846baf-2fe5-403c-85d4-31520e88a3ce,SAMMS-GrandBay
202608262209458469,202608261955298718,202608261955298282,85,2956,Bronze INV,br_OrientationChecklistNew,TASK_COMPLETE,SUCCESS,INFO,103,103,0,,2026-08-26T19:55:35.047Z,2026-08-26T22:11:39.517Z,8164,2026-08-26T22:11:39.517Z,V1,Memphis South,20846baf-2fe5-403c-85d4-31520e88a3ce,SAMMS-VCPHCS-I-MemphisV5
202608262209458470,202608261955298719,202608261955298282,85,2957,Bronze INV,br_OrientationChecklistNew,TASK_COMPLETE,SUCCESS,INFO,117,117,0,,2026-08-26T19:55:35.047Z,2026-08-26T22:11:39.517Z,8164,2026-08-26T22:11:39.517Z,V10,Longmont,20846baf-2fe5-403c-85d4-31520e88a3ce,SAMMS-BoulderV5
202608262209458471,202608261955298720,202608261955298282,85,2958,Bronze INV,br_OrientationChecklistNew,TASK_COMPLETE,SUCCESS,INFO,219,219,0,,2026-08-26T19:55:35.047Z,2026-08-26T22:11:39.517Z,8164,2026-08-26T22:11:39.517Z,V10A,Fort Collins,20846baf-2fe5-403c-85d4-31520e88a3ce,SAMMS-FortCollinsV5
202608262209458472,202608261955298721,202608261955298282,85,2959,Bronze INV,br_OrientationChecklistNew,TASK_COMPLETE,SUCCESS,INFO,112,112,0,,2026-08-26T19:55:35.047Z,2026-08-26T22:11:39.517Z,8164,2026-08-26T22:11:39.517Z,V11,Westminster,20846baf-2fe5-403c-85d4-31520e88a3ce,SAMMS-VCPHCS-XI-NorthDenverV5
202608262209458473,202608261955298722,202608261955298282,85,2960,Bronze INV,br_OrientationChecklistNew,TASK_COMPLETE,SUCCESS,INFO,125,125,0,,2026-08-26T19:55:35.047Z,2026-08-26T22:11:39.517Z,8164,2026-08-26T22:11:39.517Z,V12,Downtown Denver,20846baf-2fe5-403c-85d4-31520e88a3ce,SAMMS-VCPHCS-XII-DowntownDenverV5
202608262209458475,202608261955298723,202608261955298282,85,2961,Bronze INV,br_OrientationChecklistNew,TASK_COMPLETE,SUCCESS,INFO,63,63,0,,2026-08-26T19:55:35.047Z,2026-08-26T22:11:39.517Z,8164,2026-08-26T22:11:39.517Z,V12A,Centennial,20846baf-2fe5-403c-85d4-31520e88a3ce,SAMMS-CentennialV5
202608262209458476,202608261955298724,202608261955298282,85,2962,Bronze INV,br_OrientationChecklistNew,TASK_COMPLETE,SUCCESS,INFO,112,112,0,,2026-08-26T19:55:35.047Z,2026-08-26T22:11:39.517Z,8164,2026-08-26T22:11:39.517Z,V14,Overland Park,20846baf-2fe5-403c-85d4-31520e88a3ce,SAMMS-VCPHCS-XIV-BridgewayV5
202608262209458477,202608261955298725,202608261955298282,85,2963,Bronze INV,br_OrientationChecklistNew,TASK_COMPLETE,SUCCESS,INFO,157,157,0,,2026-08-26T19:55:35.047Z,2026-08-26T22:11:39.517Z,8164,2026-08-26T22:11:39.517Z,V15,Joplin,20846baf-2fe5-403c-85d4-31520e88a3ce,SAMMS-JoplinV5
202608262209458478,202608261955298726,202608261955298282,85,2965,Bronze INV,br_OrientationChecklistNew,TASK_COMPLETE,SUCCESS,INFO,59,59,0,,2026-08-26T19:55:35.047Z,2026-08-26T22:11:39.517Z,8164,2026-08-26T22:11:39.517Z,V17,Columbia TN,20846baf-2fe5-403c-85d4-31520e88a3ce,SAMMS-ColumbiaTNv5
202608262209458479,202608261955298727,202608261955298282,85,2967,Bronze INV,br_OrientationChecklistNew,TASK_COMPLETE,SUCCESS,INFO,90,90,0,,2026-08-26T19:55:35.047Z,2026-08-26T22:11:39.517Z,8164,2026-08-26T22:11:39.517Z,V19,Jackson,20846baf-2fe5-403c-85d4-31520e88a3ce,SAMMS-JacksonV5
202608262209458480,202608261955298728,202608261955298282,85,2969,Bronze INV,br_OrientationChecklistNew,TASK_COMPLETE,SUCCESS,INFO,70,70,0,,2026-08-26T19:55:35.047Z,2026-08-26T22:11:39.517Z,8164,2026-08-26T22:11:39.517Z,V20,Paris,20846baf-2fe5-403c-85d4-31520e88a3ce,SAMMS-ParisV5
202608252121596834,202608251925673799,202608251925673776,86,8582,Silver INV,sl_LABResultDetail,TASK_COMPLETE,SUCCESS,INFO,565234,565234,0,,2026-08-25T19:26:03.177Z,2026-08-25T21:23:56.829Z,7073,2026-08-25T21:23:56.829Z,,,7eb7a049-5d17-4a23-bb2f-3b9c445afd32,
202608252121596765,202608251925574464,202608251925573776,85,230,Bronze INV,br_AdmissionAssessment,TASK_COMPLETE,SUCCESS,INFO,28,28,0,,2026-08-25T19:26:03.177Z,2026-08-25T21:23:56.829Z,7073,2026-08-25T21:23:56.829Z,AHK,Ahoskie,7eb7a049-5d17-4a23-bb2f-3b9c445afd32,SAMMS-Ahoskie
202608252121596766,202608251925574580,202608251925573776,85,231,Bronze INV,br_AdmissionAssessment,TASK_COMPLETE,SUCCESS,INFO,232,232,0,,2026-08-25T19:26:03.177Z,2026-08-25T21:23:56.829Z,7073,2026-08-25T21:23:56.829Z,B12B,Colorado Springs,7eb7a049-5d17-4a23-bb2f-3b9c445afd32,SAMMS-ColoradoSpringsV5
202608252121596767,202608251925574581,202608251925573776,85,232,Bronze INV,br_AdmissionAssessment,TASK_COMPLETE,SUCCESS,INFO,8,8,0,,2026-08-25T19:26:03.177Z,2026-08-25T21:23:56.829Z,7073,2026-08-25T21:23:56.829Z,B24,Paintsville,7eb7a049-5d17-4a23-bb2f-3b9c445afd32,SAMMS-PaintsvilleV5
202608252121596768,202608251925574582,202608251925573776,85,233,Bronze INV,br_AdmissionAssessment,TASK_COMPLETE,SUCCESS,INFO,1,1,0,,2026-08-25T19:26:03.177Z,2026-08-25T21:23:56.829Z,7073,2026-08-25T21:23:56.829Z,B25,Pikeville,7eb7a049-5d17-4a23-bb2f-3b9c445afd32,SAMMS-PikevilleV5
202608252121596770,202608251925574583,202608251925573776,85,234,Bronze INV,br_AdmissionAssessment,TASK_COMPLETE,SUCCESS,INFO,0,0,0,,2026-08-25T19:26:03.177Z,2026-08-25T21:23:56.829Z,7073,2026-08-25T21:23:56.829Z,B26,Hazard,7eb7a049-5d17-4a23-bb2f-3b9c445afd32,SAMMS-HazardV5
202608252121596771,202608251925574584,202608251925573776,85,235,Bronze INV,br_AdmissionAssessment,TASK_COMPLETE,SUCCESS,INFO,51,51,0,,2026-08-25T19:26:03.177Z,2026-08-25T21:23:56.829Z,7073,2026-08-25T21:23:56.829Z,B27,Savannah,7eb7a049-5d17-4a23-bb2f-3b9c445afd32,SAMMS-SavannahV6
202608252121596772,202608251925574585,202608251925573776,85,236,Bronze INV,br_AdmissionAssessment,TASK_COMPLETE,SUCCESS,INFO,99,99,0,,2026-08-25T19:26:03.177Z,2026-08-25T21:23:56.829Z,7073,2026-08-25T21:23:56.829Z,B28,West Plains,7eb7a049-5d17-4a23-bb2f-3b9c445afd32,SAMMS-WestPlainesV5
202608252121596773,202608251925574586,202608251925573776,85,237,Bronze INV,br_AdmissionAssessment,TASK_COMPLETE,SUCCESS,INFO,80,80,0,,2026-08-25T19:26:03.177Z,2026-08-25T21:23:56.829Z,7073,2026-08-25T21:23:56.829Z,B29,Poplar Bluff,7eb7a049-5d17-4a23-bb2f-3b9c445afd32,SAMMS-PoplarBluffV5
202608252121596774,202608251925574587,202608251925573776,85,238,Bronze INV,br_AdmissionAssessment,TASK_COMPLETE,SUCCESS,INFO,78,78,0,,2026-08-25T19:26:03.177Z,2026-08-25T21:23:56.829Z,7073,2026-08-25T21:23:56.829Z,B30,KC North,7eb7a049-5d17-4a23-bb2f-3b9c445afd32,SAMMS-KCNv5
202608252121596775,202608251925574588,202608251925573776,85,239,Bronze INV,br_AdmissionAssessment,TASK_COMPLETE,SUCCESS,INFO,109,109,0,,2026-08-25T19:26:03.177Z,2026-08-25T21:23:56.829Z,7073,2026-08-25T21:23:56.829Z,B31,Dyersburg,7eb7a049-5d17-4a23-bb2f-3b9c445afd32,SAMMS-DyersburgV5
202608252121596777,202608251925574589,202608251925573776,85,241,Bronze INV,br_AdmissionAssessment,TASK_COMPLETE,SUCCESS,INFO,1,1,0,,2026-08-25T19:26:03.177Z,2026-08-25T21:23:56.829Z,7073,2026-08-25T21:23:56.829Z,B33,Paducah,7eb7a049-5d17-4a23-bb2f-3b9c445afd32,SAMMS-Paducah
202608252121596778,202608251925574590,202608251925573776,85,242,Bronze INV,br_AdmissionAssessment,TASK_COMPLETE,SUCCESS,INFO,1,1,0,,2026-08-25T19:26:03.177Z,2026-08-25T21:23:56.829Z,7073,2026-08-25T21:23:56.829Z,B34,Corbin,7eb7a049-5d17-4a23-bb2f-3b9c445afd32,SAMMS-CorbinV5
202608252121596779,202608251925574591,202608251925573776,85,243,Bronze INV,br_AdmissionAssessment,TASK_COMPLETE,SUCCESS,INFO,5,5,0,,2026-08-25T19:26:03.177Z,2026-08-25T21:23:56.829Z,7073,2026-08-25T21:23:56.829Z,B35,Lexington,7eb7a049-5d17-4a23-bb2f-3b9c445afd32,SAMMS-LexingtonV5
202608252121596780,202608251925574592,202608251925573776,85,244,Bronze INV,br_AdmissionAssessment,TASK_COMPLETE,SUCCESS,INFO,4,4,0,,2026-08-25T19:26:03.177Z,2026-08-25T21:23:56.829Z,7073,2026-08-25T21:23:56.829Z,B35A,Berea,7eb7a049-5d17-4a23-bb2f-3b9c445afd32,SAMMS-BereaV5
202608252121596781,202608251925574593,202608251925573776,85,245,Bronze INV,br_AdmissionAssessment,TASK_COMPLETE,SUCCESS,INFO,186,186,0,,2026-08-25T19:26:03.177Z,2026-08-25T21:23:56.829Z,7073,2026-08-25T21:23:56.829Z,B36,Asheville,7eb7a049-5d17-4a23-bb2f-3b9c445afd32,SAMMS-AshevilleV5
202608252121596782,202608251925574594,202608251925573776,85,246,Bronze INV,br_AdmissionAssessment,TASK_COMPLETE,SUCCESS,INFO,141,141,0,,2026-08-25T19:26:03.177Z,2026-08-25T21:23:56.829Z,7073,2026-08-25T21:23:56.829Z,B37,Clyde,7eb7a049-5d17-4a23-bb2f-3b9c445afd32,SAMMS-ClydeV5
202608252121596784,202608251925574595,202608251925573776,85,247,Bronze INV,br_AdmissionAssessment,TASK_COMPLETE,SUCCESS,INFO,192,192,0,,2026-08-25T19:26:03.177Z,2026-08-25T21:23:56.829Z,7073,2026-08-25T21:23:56.829Z,B38,Spartanburg,7eb7a049-5d17-4a23-bb2f-3b9c445afd32,SAMMS-SpartanburgV5
202608252121596785,202608251925574596,202608251925573776,85,248,Bronze INV,br_AdmissionAssessment,TASK_COMPLETE,SUCCESS,INFO,163,163,0,,2026-08-25T19:26:03.177Z,2026-08-25T21:23:56.829Z,7073,2026-08-25T21:23:56.829Z,B39,Aiken,7eb7a049-5d17-4a23-bb2f-3b9c445afd32,SAMMS-AikenV5
202608252121596786,202608251925574597,202608251925573776,85,249,Bronze INV,br_AdmissionAssessment,TASK_COMPLETE,SUCCESS,INFO,2,2,0,,2026-08-25T19:26:03.177Z,2026-08-25T21:23:56.829Z,7073,2026-08-25T21:23:56.829Z,B41,Chesapeake,7eb7a049-5d17-4a23-bb2f-3b9c445afd32,SAMMS-ChesapeakeV5
202608252121596787,202608251925574598,202608251925573776,85,250,Bronze INV,br_AdmissionAssessment,TASK_COMPLETE,SUCCESS,INFO,1,1,0,,2026-08-25T19:26:03.177Z,2026-08-25T21:23:56.829Z,7073,2026-08-25T21:23:56.829Z,B42,Virginia Beach,7eb7a049-5d17-4a23-bb2f-3b9c445afd32,SAMMS-VirginiaBeachV5
202608252121596788,202608251925574599,202608251925573776,85,251,Bronze INV,br_AdmissionAssessment,TASK_COMPLETE,SUCCESS,INFO,1,1,0,,2026-08-25T19:26:03.177Z,2026-08-25T21:23:56.829Z,7073,2026-08-25T21:23:56.829Z,B42A,Newport News,7eb7a049-5d17-4a23-bb2f-3b9c445afd32,SAMMS-NewportNewsV5
202608252121596789,202608251925574600,202608251925573776,85,252,Bronze INV,br_AdmissionAssessment,TASK_COMPLETE,SUCCESS,INFO,0,0,0,,2026-08-25T19:26:03.177Z,2026-08-25T21:23:56.829Z,7073,2026-08-25T21:23:56.829Z,B42B,Franklin,7eb7a049-5d17-4a23-bb2f-3b9c445afd32,SAMMS-FranklinV5
202608252121596791,202608251925574601,202608251925573776,85,253,Bronze INV,br_AdmissionAssessment,TASK_COMPLETE,SUCCESS,INFO,2,2,0,,2026-08-25T19:26:03.177Z,2026-08-25T21:23:56.829Z,7073,2026-08-25T21:23:56.829Z,B42C,Glen Allen,7eb7a049-5d17-4a23-bb2f-3b9c445afd32,SAMMS-GlenAllenV5
202608252121596792,202608251925574602,202608251925573776,85,254,Bronze INV,br_AdmissionAssessment,TASK_COMPLETE,SUCCESS,INFO,1,1,0,,2026-08-25T19:26:03.177Z,2026-08-25T21:23:56.829Z,7073,2026-08-25T21:23:56.829Z,B42D,Chesapeake South,7eb7a049-5d17-4a23-bb2f-3b9c445afd32,SAMMS-ChesapeakeSouthV5
202608252121596793,202608251925574603,202608251925573776,85,255,Bronze INV,br_AdmissionAssessment,TASK_COMPLETE,SUCCESS,INFO,55,55,0,,2026-08-25T19:26:03.177Z,2026-08-25T21:23:56.829Z,7073,2026-08-25T21:23:56.829Z,B44,Albany,7eb7a049-5d17-4a23-bb2f-3b9c445afd32,SAMMS-AlbanyV5
202608252121596794,202608251925574604,202608251925573776,85,256,Bronze INV,br_AdmissionAssessment,TASK_COMPLETE,SUCCESS,INFO,69,69,0,,2026-08-25T19:26:03.177Z,2026-08-25T21:23:56.829Z,7073,2026-08-25T21:23:56.829Z,B45,Tifton,7eb7a049-5d17-4a23-bb2f-3b9c445afd32,SAMMS-TiftonV5
202608252121596795,202608251925574605,202608251925573776,85,257,Bronze INV,br_AdmissionAssessment,TASK_COMPLETE,SUCCESS,INFO,336,336,0,,2026-08-25T19:26:03.177Z,2026-08-25T21:23:56.829Z,7073,2026-08-25T21:23:56.829Z,B46,Washington DC,7eb7a049-5d17-4a23-bb2f-3b9c445afd32,SAMMS-WashingtonDCv5
202608252121596796,202608251925574606,202608251925573776,85,258,Bronze INV,br_AdmissionAssessment,TASK_COMPLETE,SUCCESS,INFO,92,92,0,,2026-08-25T19:26:03.177Z,2026-08-25T21:23:56.829Z,7073,2026-08-25T21:23:56.829Z,B47,Mobile,7eb7a049-5d17-4a23-bb2f-3b9c445afd32,SAMMS-MobileV5
202608252121596798,202608251925574607,202608251925573776,85,259,Bronze INV,br_AdmissionAssessment,TASK_COMPLETE,SUCCESS,INFO,151,151,0,,2026-08-25T19:26:03.177Z,2026-08-25T21:23:56.829Z,7073,2026-08-25T21:23:56.829Z,B48,Tuscaloosa,7eb7a049-5d17-4a23-bb2f-3b9c445afd32,SAMMS-TuscaloosaV5
202608252121596799,202608251925574608,202608251925573776,85,268,Bronze INV,br_AdmissionAssessment,TASK_COMPLETE,SUCCESS,INFO,78,78,0,,2026-08-25T19:26:03.177Z,2026-08-25T21:23:56.829Z,7073,2026-08-25T21:23:56.829Z,B51,N. Little Rock (OTP),7eb7a049-5d17-4a23-bb2f-3b9c445afd32,SAMMS-NorthLittleRockV6
202608252121596800,202608251925574609,202608251925573776,85,269,Bronze INV,br_AdmissionAssessment,TASK_COMPLETE,SUCCESS,INFO,48,48,0,,2026-08-25T19:26:03.177Z,2026-08-25T21:23:56.829Z,7073,2026-08-25T21:23:56.829Z,B52,Jackson GA,7eb7a049-5d17-4a23-bb2f-3b9c445afd32,SAMMS-JacksonGAV5
202608252121596801,202608251925574610,202608251925573776,85,270,Bronze INV,br_AdmissionAssessment,TASK_COMPLETE,SUCCESS,INFO,158,158,0,,2026-08-25T19:26:03.177Z,2026-08-25T21:23:56.829Z,7073,2026-08-25T21:23:56.829Z,B54,Gadsden,7eb7a049-5d17-4a23-bb2f-3b9c445afd32,SAMMS-GadsdenV5
202608252121596802,202608251925574611,202608251925573776,85,271,Bronze INV,br_AdmissionAssessment,TASK_COMPLETE,SUCCESS,INFO,155,155,0,,2026-08-25T19:26:03.177Z,2026-08-25T21:23:56.829Z,7073,2026-08-25T21:23:56.829Z,B55,Shoals,7eb7a049-5d17-4a23-bb2f-3b9c445afd32,SAMMS-ShoalsV5
202608252121596803,202608251925574612,202608251925573776,85,272,Bronze INV,br_AdmissionAssessment,TASK_COMPLETE,SUCCESS,INFO,39,39,0,,2026-08-25T19:26:03.177Z,2026-08-25T21:23:56.829Z,7073,2026-08-25T21:23:56.829Z,B57,Pawtucket,7eb7a049-5d17-4a23-bb2f-3b9c445afd32,SAMMS-Pawtucket
202608252121596805,202608251925574613,202608251925573776,85,273,Bronze INV,br_AdmissionAssessment,TASK_COMPLETE,SUCCESS,INFO,82,82,0,,2026-08-25T19:26:03.177Z,2026-08-25T21:23:56.829Z,7073,2026-08-25T21:23:56.829Z,B57A,Johnston,7eb7a049-5d17-4a23-bb2f-3b9c445afd32,SAMMS-Johnston
202608252121596806,202608251925574614,202608251925573776,85,274,Bronze INV,br_AdmissionAssessment,TASK_COMPLETE,SUCCESS,INFO,41,41,0,,2026-08-25T19:26:03.177Z,2026-08-25T21:23:56.829Z,7073,2026-08-25T21:23:56.829Z,B57B,Middletown,7eb7a049-5d17-4a23-bb2f-3b9c445afd32,SAMMS-Middletown
202608252121596807,202608251925574615,202608251925573776,85,275,Bronze INV,br_AdmissionAssessment,TASK_COMPLETE,SUCCESS,INFO,74,74,0,,2026-08-25T19:26:03.177Z,2026-08-25T21:23:56.829Z,7073,2026-08-25T21:23:56.829Z,B57C,Providence,7eb7a049-5d17-4a23-bb2f-3b9c445afd32,SAMMS-Providence
202608252121596808,202608251925574616,202608251925573776,85,276,Bronze INV,br_AdmissionAssessment,TASK_COMPLETE,SUCCESS,INFO,78,78,0,,2026-08-25T19:26:03.177Z,2026-08-25T21:23:56.829Z,7073,2026-08-25T21:23:56.829Z,B57D,Westerly,7eb7a049-5d17-4a23-bb2f-3b9c445afd32,SAMMS-Westerly
202608252121596810,202608251925574617,202608251925573776,85,280,Bronze INV,br_AdmissionAssessment,TASK_COMPLETE,SUCCESS,INFO,83,83,0,,2026-08-25T19:26:03.177Z,2026-08-25T21:23:56.829Z,7073,2026-08-25T21:23:56.829Z,B66A,Bremen,7eb7a049-5d17-4a23-bb2f-3b9c445afd32,SAMMS-Bremen
202608252121596811,202608251925574618,202608251925573776,85,283,Bronze INV,br_AdmissionAssessment,TASK_COMPLETE,SUCCESS,INFO,26,26,0,,2026-08-25T19:26:03.177Z,2026-08-25T21:23:56.829Z,7073,2026-08-25T21:23:56.829Z,B72,Mobile (OBOT),7eb7a049-5d17-4a23-bb2f-3b9c445afd32,SAMMS-Mobile-OBOT
202608252121596812,202608251925574619,202608251925573776,85,284,Bronze INV,br_AdmissionAssessment,TASK_COMPLETE,SUCCESS,INFO,2,2,0,,2026-08-25T19:26:03.177Z,2026-08-25T21:23:56.829Z,7073,2026-08-25T21:23:56.829Z,B73,Montgomery,7eb7a049-5d17-4a23-bb2f-3b9c445afd32,SAMMS-Montgomery
202608252121596813,202608251925574620,202608251925573776,85,285,Bronze INV,br_AdmissionAssessment,TASK_COMPLETE,SUCCESS,INFO,109,109,0,,2026-08-25T19:26:03.177Z,2026-08-25T21:23:56.829Z,7073,2026-08-25T21:23:56.829Z,B75,Lawrence,7eb7a049-5d17-4a23-bb2f-3b9c445afd32,SAMMS-LawrenceV6
202608252121596814,202608251925574621,202608251925573776,85,286,Bronze INV,br_AdmissionAssessment,TASK_COMPLETE,SUCCESS,INFO,50,50,0,,2026-08-25T19:26:03.177Z,2026-08-25T21:23:56.829Z,7073,2026-08-25T21:23:56.829Z,B76,Huntsville OBOT,7eb7a049-5d17-4a23-bb2f-3b9c445afd32,SAMMS-Huntsville-OBOT
202608252121596815,202608251925574622,202608251925573776,85,287,Bronze INV,br_AdmissionAssessment,TASK_COMPLETE,SUCCESS,INFO,141,141,0,,2026-08-25T19:26:03.177Z,2026-08-25T21:23:56.829Z,7073,2026-08-25T21:23:56.829Z,BAT,Batesville,7eb7a049-5d17-4a23-bb2f-3b9c445afd32,SAMMS-Batesville
202608252121596817,202608251925574623,202608251925573776,85,288,Bronze INV,br_AdmissionAssessment,TASK_COMPLETE,SUCCESS,INFO,0,0,0,,2026-08-25T19:26:03.177Z,2026-08-25T21:23:56.829Z,7073,2026-08-25T21:23:56.829Z,BG,Bowling Green,7eb7a049-5d17-4a23-bb2f-3b9c445afd32,SAMMS-BowlingGreen
202608252121596818,202608251925574624,202608251925573776,85,289,Bronze INV,br_AdmissionAssessment,TASK_COMPLETE,SUCCESS,INFO,84,84,0,,2026-08-25T19:26:03.177Z,2026-08-25T21:23:56.829Z,7073,2026-08-25T21:23:56.829Z,BOI,Boise,7eb7a049-5d17-4a23-bb2f-3b9c445afd32,SAMMS-Boise
202608252121596819,202608251925574625,202608251925573776,85,296,Bronze INV,br_AdmissionAssessment,TASK_COMPLETE,SUCCESS,INFO,56,56,0,,2026-08-25T19:26:03.177Z,2026-08-25T21:23:56.829Z,7073,2026-08-25T21:23:56.829Z,CBCO,Coeur dAlene,7eb7a049-5d17-4a23-bb2f-3b9c445afd32,SAMMS-CoeurdAleneV6
202608252121596820,202608251925574626,202608251925573776,85,315,Bronze INV,br_AdmissionAssessment,TASK_COMPLETE,SUCCESS,INFO,123,123,0,,2026-08-25T19:26:03.177Z,2026-08-25T21:23:56.829Z,7073,2026-08-25T21:23:56.829Z,CON,Conway,7eb7a049-5d17-4a23-bb2f-3b9c445afd32,SAMMS-Conway
202608252121596821,202608251925574627,202608251925573776,85,316,Bronze INV,br_AdmissionAssessment,TASK_COMPLETE,SUCCESS,INFO,146,146,0,,2026-08-25T19:26:03.177Z,2026-08-25T21:23:56.829Z,7073,2026-08-25T21:23:56.829Z,D07,Medical Services Knox TN,7eb7a049-5d17-4a23-bb2f-3b9c445afd32,SAMMS-KnoxvilleV6
202608252121596822,202608251925574628,202608251925573776,85,317,Bronze INV,br_AdmissionAssessment,TASK_COMPLETE,SUCCESS,INFO,174,174,0,,2026-08-25T19:26:03.177Z,2026-08-25T21:23:56.829Z,7073,2026-08-25T21:23:56.829Z,D08,Madison,7eb7a049-5d17-4a23-bb2f-3b9c445afd32,SAMMS-MadisonV6
202608252121596823,202608251925574629,202608251925573776,85,319,Bronze INV,br_AdmissionAssessment,TASK_COMPLETE,SUCCESS,INFO,204,204,0,,2026-08-25T19:26:03.177Z,2026-08-25T21:23:56.829Z,7073,2026-08-25T21:23:56.829Z,D09,Murfreesboro,7eb7a049-5d17-4a23-bb2f-3b9c445afd32,SAMMS-MurfreesboroV6
202608252121596825,202608251925574630,202608251925573776,85,320,Bronze INV,br_AdmissionAssessment,TASK_COMPLETE,SUCCESS,INFO,82,82,0,,2026-08-25T19:26:03.177Z,2026-08-25T21:23:56.829Z,7073,2026-08-25T21:23:56.829Z,DA,Davenport,7eb7a049-5d17-4a23-bb2f-3b9c445afd32,SAMMS-Davenport
202608252121596826,202608251925574631,202608251925573776,85,321,Bronze INV,br_AdmissionAssessment,TASK_COMPLETE,SUCCESS,INFO,138,138,0,,2026-08-25T19:26:03.177Z,2026-08-25T21:23:56.829Z,7073,2026-08-25T21:23:56.829Z,DM,Des Moines,7eb7a049-5d17-4a23-bb2f-3b9c445afd32,SAMMS-DesMoines
202608252121596827,202608251925574632,202608251925573776,85,323,Bronze INV,br_AdmissionAssessment,TASK_COMPLETE,SUCCESS,INFO,143,143,0,,2026-08-25T19:26:03.177Z,2026-08-25T21:23:56.829Z,7073,2026-08-25T21:23:56.829Z,DRD-CO,Columbia MO,7eb7a049-5d17-4a23-bb2f-3b9c445afd32,SAMMS-ColumbiaV5
202608252121596828,202608251925574633,202608251925573776,85,324,Bronze INV,br_AdmissionAssessment,TASK_COMPLETE,SUCCESS,INFO,162,162,0,,2026-08-25T19:26:03.177Z,2026-08-25T21:23:56.829Z,7073,2026-08-25T21:23:56.829Z,DRD-KC,KC,7eb7a049-5d17-4a23-bb2f-3b9c445afd32,SAMMS-KCv5
202608252121596829,202608251925574634,202608251925573776,85,325,Bronze INV,br_AdmissionAssessment,TASK_COMPLETE,SUCCESS,INFO,122,122,0,,2026-08-25T19:26:03.177Z,2026-08-25T21:23:56.829Z,7073,2026-08-25T21:23:56.829Z,DRD-KVB,KVB,7eb7a049-5d17-4a23-bb2f-3b9c445afd32,SAMMS-KVBv5
202608252121596830,202608251925574635,202608251925573776,85,326,Bronze INV,br_AdmissionAssessment,TASK_COMPLETE,SUCCESS,INFO,368,368,0,,2026-08-25T19:26:03.177Z,2026-08-25T21:23:56.829Z,7073,2026-08-25T21:23:56.829Z,DRD-KVC,KVC,7eb7a049-5d17-4a23-bb2f-3b9c445afd32,SAMMS-KVCv5
202608252121596832,202608251925574636,202608251925573776,85,327,Bronze INV,br_AdmissionAssessment,TASK_COMPLETE,SUCCESS,INFO,347,347,0,,2026-08-25T19:26:03.177Z,2026-08-25T21:23:56.829Z,7073,2026-08-25T21:23:56.829Z,DRD-NOLA,NOLA,7eb7a049-5d17-4a23-bb2f-3b9c445afd32,SAMMS-NOLAv5
202608252121596833,202608251925574637,202608251925573776,85,328,Bronze INV,br_AdmissionAssessment,TASK_COMPLETE,SUCCESS,INFO,247,247,0,,2026-08-25T19:26:03.177Z,2026-08-25T21:23:56.829Z,7073,2026-08-25T21:23:56.829Z,DRD-SF,Springfield,7eb7a049-5d17-4a23-bb2f-3b9c445afd32,SAMMS-SFv5
202608252121596834,202608251925574638,202608251925573776,85,330,Bronze INV,br_AdmissionAssessment,TASK_COMPLETE,SUCCESS,INFO,88,88,0,,2026-08-25T19:26:03.177Z,2026-08-25T21:23:56.829Z,7073,2026-08-25T21:23:56.829Z,ELC,Elizabeth City,7eb7a049-5d17-4a23-bb2f-3b9c445afd32,SAMMS-ElizabethCity
202608252121596835,202608251925574639,202608251925573776,85,331,Bronze INV,br_AdmissionAssessment,TASK_COMPLETE,SUCCESS,INFO,4,4,0,,2026-08-25T19:26:03.177Z,2026-08-25T21:23:56.829Z,7073,2026-08-25T21:23:56.829Z,ET,Elizabethtown,7eb7a049-5d17-4a23-bb2f-3b9c445afd32,SAMMS-Elizabethtown
202608252121596836,202608251925574640,202608251925573776,85,332,Bronze INV,br_AdmissionAssessment,TASK_COMPLETE,SUCCESS,INFO,115,115,0,,2026-08-25T19:26:03.177Z,2026-08-25T21:23:56.829Z,7073,2026-08-25T21:23:56.829Z,FAY,Fayetteville,7eb7a049-5d17-4a23-bb2f-3b9c445afd32,SAMMS-Fayetteville
202608252121596837,202608251925574641,202608251925573776,85,333,Bronze INV,br_AdmissionAssessment,TASK_COMPLETE,SUCCESS,INFO,3,3,0,,2026-08-25T19:26:03.177Z,2026-08-25T21:23:56.829Z,7073,2026-08-25T21:23:56.829Z,FR,Frankfort,7eb7a049-5d17-4a23-bb2f-3b9c445afd32,SAMMS-Frankfort
202608252121596839,202608251925574642,202608251925573776,85,334,Bronze INV,br_AdmissionAssessment,TASK_COMPLETE,SUCCESS,INFO,108,108,0,,2026-08-25T19:26:03.177Z,2026-08-25T21:23:56.829Z,7073,2026-08-25T21:23:56.829Z,FS,Fort Smith,7eb7a049-5d17-4a23-bb2f-3b9c445afd32,SAMMS-FortSmith
202608252121596840,202608251925574643,202608251925573776,85,335,Bronze INV,br_AdmissionAssessment,TASK_COMPLETE,SUCCESS,INFO,205,205,0,,2026-08-25T19:26:03.177Z,2026-08-25T21:23:56.829Z,7073,2026-08-25T21:23:56.829Z,FW,Fort Wayne,7eb7a049-5d17-4a23-bb2f-3b9c445afd32,SAMMS-FortWayne
202608252121596841,202608251925574644,202608251925573776,85,336,Bronze INV,br_AdmissionAssessment,TASK_COMPLETE,SUCCESS,INFO,34,34,0,,2026-08-25T19:26:03.177Z,2026-08-25T21:23:56.829Z,7073,2026-08-25T21:23:56.829Z,GAL,Gaylord,7eb7a049-5d17-4a23-bb2f-3b9c445afd32,SAMMS-Gaylord
202608252121596842,202608251925574645,202608251925573776,85,340,Bronze INV,br_AdmissionAssessment,TASK_COMPLETE,SUCCESS,INFO,163,163,0,,2026-08-25T19:26:03.177Z,2026-08-25T21:23:56.829Z,7073,2026-08-25T21:23:56.829Z,HGT,Hagerstown,7eb7a049-5d17-4a23-bb2f-3b9c445afd32,SAMMS-Hagerstown
202608252121596843,202608251925574646,202608251925573776,85,341,Bronze INV,br_AdmissionAssessment,TASK_COMPLETE,SUCCESS,INFO,121,121,0,,2026-08-25T19:26:03.177Z,2026-08-25T21:23:56.829Z,7073,2026-08-25T21:23:56.829Z,HNT,Huntsville,7eb7a049-5d17-4a23-bb2f-3b9c445afd32,SAMMS-Huntsville
202608252121596844,202608251925574647,202608251925573776,85,342,Bronze INV,br_AdmissionAssessment,TASK_COMPLETE,SUCCESS,INFO,151,151,0,,2026-08-25T19:26:03.177Z,2026-08-25T21:23:56.829Z,7073,2026-08-25T21:23:56.829Z,HS,Hot Springs,7eb7a049-5d17-4a23-bb2f-3b9c445afd32,SAMMS-HotSprings
202608252121596846,202608251925574648,202608251925573776,85,343,Bronze INV,br_AdmissionAssessment,TASK_COMPLETE,SUCCESS,INFO,77,77,0,,2026-08-25T19:26:03.177Z,2026-08-25T21:23:56.829Z,7073,2026-08-25T21:23:56.829Z,JON,Jonesboro,7eb7a049-5d17-4a23-bb2f-3b9c445afd32,SAMMS-Jonesboro
202608252121596847,202608251925574649,202608251925573776,85,345,Bronze INV,br_AdmissionAssessment,TASK_COMPLETE,SUCCESS,INFO,72,72,0,,2026-08-25T19:26:03.177Z,2026-08-25T21:23:56.829Z,7073,2026-08-25T21:23:56.829Z,LAN,Lansing,7eb7a049-5d17-4a23-bb2f-3b9c445afd32,SAMMS-Lansing
202608252121596848,202608251925574650,202608251925573776,85,346,Bronze INV,br_AdmissionAssessment,TASK_COMPLETE,SUCCESS,INFO,2,2,0,,2026-08-25T19:26:03.177Z,2026-08-25T21:23:56.829Z,7073,2026-08-25T21:23:56.829Z,LO,Louisville,7eb7a049-5d17-4a23-bb2f-3b9c445afd32,SAMMS-Louisville
202608252121596849,202608251925574651,202608251925573776,85,347,Bronze INV,br_AdmissionAssessment,TASK_COMPLETE,SUCCESS,INFO,379,379,0,,2026-08-25T19:26:03.177Z,2026-08-25T21:23:56.829Z,7073,2026-08-25T21:23:56.829Z,LV1,Cheyenne,7eb7a049-5d17-4a23-bb2f-3b9c445afd32,SAMMS-Cheyenne
202608252121596850,202608251925574652,202608251925573776,85,348,Bronze INV,br_AdmissionAssessment,TASK_COMPLETE,SUCCESS,INFO,353,353,0,,2026-08-25T19:26:03.177Z,2026-08-25T21:23:56.829Z,7073,2026-08-25T21:23:56.829Z,LV2,Desert Inn,7eb7a049-5d17-4a23-bb2f-3b9c445afd32,SAMMS-DesertInn
202608252121596851,202608251925574653,202608251925573776,85,349,Bronze INV,br_AdmissionAssessment,TASK_COMPLETE,SUCCESS,INFO,107,107,0,,2026-08-25T19:26:03.177Z,2026-08-25T21:23:56.829Z,7073,2026-08-25T21:23:56.829Z,LV3,McDaniel,7eb7a049-5d17-4a23-bb2f-3b9c445afd32,SAMMS-McDaniel
202608252121596852,202608251925574654,202608251925573776,85,352,Bronze INV,br_AdmissionAssessment,TASK_COMPLETE,SUCCESS,INFO,90,90,0,,2026-08-25T19:26:03.177Z,2026-08-25T21:23:56.829Z,7073,2026-08-25T21:23:56.829Z,MNRE,Monroe,7eb7a049-5d17-4a23-bb2f-3b9c445afd32,SAMMS-Monroe
202608252121596854,202608251925574655,202608251925573776,85,353,Bronze INV,br_AdmissionAssessment,TASK_COMPLETE,SUCCESS,INFO,65,65,0,,2026-08-25T19:26:03.177Z,2026-08-25T21:23:56.829Z,7073,2026-08-25T21:23:56.829Z,MP,Mt. Pleasant,7eb7a049-5d17-4a23-bb2f-3b9c445afd32,SAMMS-MtPleasant
202608252121596855,202608251925574656,202608251925573776,85,354,Bronze INV,br_AdmissionAssessment,TASK_COMPLETE,SUCCESS,INFO,54,54,0,,2026-08-25T19:26:03.177Z,2026-08-25T21:23:56.829Z,7073,2026-08-25T21:23:56.829Z,MRD,Meridian,7eb7a049-5d17-4a23-bb2f-3b9c445afd32,SAMMS-Meridian
202608252121596856,202608251925574657,202608251925573776,85,359,Bronze INV,br_AdmissionAssessment,TASK_COMPLETE,SUCCESS,INFO,198,198,0,,2026-08-25T19:26:03.177Z,2026-08-25T21:23:56.829Z,7073,2026-08-25T21:23:56.829Z,NC,North Charleston,7eb7a049-5d17-4a23-bb2f-3b9c445afd32,SAMMS-NorthCharleston
202608252121596857,202608251925574658,202608251925573776,85,360,Bronze INV,br_AdmissionAssessment,TASK_COMPLETE,SUCCESS,INFO,282,282,0,,2026-08-25T19:26:03.177Z,2026-08-25T21:23:56.829Z,7073,2026-08-25T21:23:56.829Z,NLR,N. Little Rock,7eb7a049-5d17-4a23-bb2f-3b9c445afd32,SAMMS-NLROBOT
202608252121596858,202608251925574659,202608251925573776,85,361,Bronze INV,br_AdmissionAssessment,TASK_COMPLETE,SUCCESS,INFO,1,1,0,,2026-08-25T19:26:03.177Z,2026-08-25T21:23:56.829Z,7073,2026-08-25T21:23:56.829Z,PH,Phoenix,7eb7a049-5d17-4a23-bb2f-3b9c445afd32,SAMMS-Phoenix
202608252121596859,202608251925574660,202608251925573776,85,365,Bronze INV,br_AdmissionAssessment,TASK_COMPLETE,SUCCESS,INFO,204,204,0,,2026-08-25T19:26:03.177Z,2026-08-25T21:23:56.829Z,7073,2026-08-25T21:23:56.829Z,RE,Reno,7eb7a049-5d17-4a23-bb2f-3b9c445afd32,SAMMS-Reno
202608252121596861,202608251925574661,202608251925573776,85,366,Bronze INV,br_AdmissionAssessment,TASK_COMPLETE,SUCCESS,INFO,2,2,0,,2026-08-25T19:26:03.177Z,2026-08-25T21:23:56.829Z,7073,2026-08-25T21:23:56.829Z,RMD,Richmond,7eb7a049-5d17-4a23-bb2f-3b9c445afd32,SAMMS-Richmond
202608252121596862,202608251925574662,202608251925573776,85,367,Bronze INV,br_AdmissionAssessment,TASK_COMPLETE,SUCCESS,INFO,185,185,0,,2026-08-25T19:26:03.177Z,2026-08-25T21:23:56.829Z,7073,2026-08-25T21:23:56.829Z,SFN,Springfield North,7eb7a049-5d17-4a23-bb2f-3b9c445afd32,SAMMS-SFNv5
202608252121596863,202608251925574663,202608251925573776,85,368,Bronze INV,br_AdmissionAssessment,TASK_COMPLETE,SUCCESS,INFO,157,157,0,,2026-08-25T19:26:03.177Z,2026-08-25T21:23:56.829Z,7073,2026-08-25T21:23:56.829Z,SHP,Shreveport,7eb7a049-5d17-4a23-bb2f-3b9c445afd32,SAMMS-Shreveport
202608252121596864,202608251925574664,202608251925573776,85,370,Bronze INV,br_AdmissionAssessment,TASK_COMPLETE,SUCCESS,INFO,0,0,0,,2026-08-25T19:26:03.177Z,2026-08-25T21:23:56.829Z,7073,2026-08-25T21:23:56.829Z,STN,Staunton,7eb7a049-5d17-4a23-bb2f-3b9c445afd32,SAMMS-Staunton
202608252121596865,202608251925574665,202608251925573776,85,371,Bronze INV,br_AdmissionAssessment,TASK_COMPLETE,SUCCESS,INFO,25,25,0,,2026-08-25T19:26:03.177Z,2026-08-25T21:23:56.829Z,7073,2026-08-25T21:23:56.829Z,STVN,Stevenson,7eb7a049-5d17-4a23-bb2f-3b9c445afd32,SAMMS-Stevenson
202608252121596866,202608251925574666,202608251925573776,85,373,Bronze INV,br_AdmissionAssessment,TASK_COMPLETE,SUCCESS,INFO,0,0,0,,2026-08-25T19:26:03.177Z,2026-08-25T21:23:56.829Z,7073,2026-08-25T21:23:56.829Z,TE,Tempe,7eb7a049-5d17-4a23-bb2f-3b9c445afd32,SAMMS-Tempe
202608252121596868,202608251925574667,202608251925573776,85,374,Bronze INV,br_AdmissionAssessment,TASK_COMPLETE,SUCCESS,INFO,169,169,0,,2026-08-25T19:26:03.177Z,2026-08-25T21:23:56.829Z,7073,2026-08-25T21:23:56.829Z,TEX,Texarkana,7eb7a049-5d17-4a23-bb2f-3b9c445afd32,SAMMS-Texarkana
202608252121596869,202608251925574668,202608251925573776,85,375,Bronze INV,br_AdmissionAssessment,TASK_COMPLETE,SUCCESS,INFO,134,134,0,,2026-08-25T19:26:03.177Z,2026-08-25T21:23:56.829Z,7073,2026-08-25T21:23:56.829Z,TTCA,Bessemer,7eb7a049-5d17-4a23-bb2f-3b9c445afd32,SAMMS-BessemerV5
202608252121596870,202608251925574669,202608251925573776,85,376,Bronze INV,br_AdmissionAssessment,TASK_COMPLETE,SUCCESS,INFO,160,160,0,,2026-08-25T19:26:03.177Z,2026-08-25T21:23:56.829Z,7073,2026-08-25T21:23:56.829Z,TTCB,Cullman,7eb7a049-5d17-4a23-bb2f-3b9c445afd32,SAMMS-CullmanV5
202608252121596871,202608251925574670,202608251925573776,85,377,Bronze INV,br_AdmissionAssessment,TASK_COMPLETE,SUCCESS,INFO,73,73,0,,2026-08-25T19:26:03.177Z,2026-08-25T21:23:56.829Z,7073,2026-08-25T21:23:56.829Z,TTCC,Grand Bay,7eb7a049-5d17-4a23-bb2f-3b9c445afd32,SAMMS-GrandBay
202608252121596872,202608251925574671,202608251925573776,85,378,Bronze INV,br_AdmissionAssessment,TASK_COMPLETE,SUCCESS,INFO,1,1,0,,2026-08-25T19:26:03.177Z,2026-08-25T21:23:56.829Z,7073,2026-08-25T21:23:56.829Z,TU,Tucson,7eb7a049-5d17-4a23-bb2f-3b9c445afd32,SAMMS-Tucson
202608252121596873,202608251925574672,202608251925573776,85,380,Bronze INV,br_AdmissionAssessment,TASK_COMPLETE,SUCCESS,INFO,57,57,0,,2026-08-25T19:26:03.177Z,2026-08-25T21:23:56.829Z,7073,2026-08-25T21:23:56.829Z,V1,Memphis South,7eb7a049-5d17-4a23-bb2f-3b9c445afd32,SAMMS-VCPHCS-I-MemphisV5
202608252121596874,202608251925574673,202608251925573776,85,381,Bronze INV,br_AdmissionAssessment,TASK_COMPLETE,SUCCESS,INFO,131,131,0,,2026-08-25T19:26:03.177Z,2026-08-25T21:23:56.829Z,7073,2026-08-25T21:23:56.829Z,V10,Longmont,7eb7a049-5d17-4a23-bb2f-3b9c445afd32,SAMMS-BoulderV5
202608252121596876,202608251925574674,202608251925573776,85,382,Bronze INV,br_AdmissionAssessment,TASK_COMPLETE,SUCCESS,INFO,270,270,0,,2026-08-25T19:26:03.177Z,2026-08-25T21:23:56.829Z,7073,2026-08-25T21:23:56.829Z,V10A,Fort Collins,7eb7a049-5d17-4a23-bb2f-3b9c445afd32,SAMMS-FortCollinsV5
202608252121596877,202608251925574675,202608251925573776,85,383,Bronze INV,br_AdmissionAssessment,TASK_COMPLETE,SUCCESS,INFO,200,200,0,,2026-08-25T19:26:03.177Z,2026-08-25T21:23:56.829Z,7073,2026-08-25T21:23:56.829Z,V11,Westminster,7eb7a049-5d17-4a23-bb2f-3b9c445afd32,SAMMS-VCPHCS-XI-NorthDenverV5
202608252121596878,202608251925574676,202608251925573776,85,384,Bronze INV,br_AdmissionAssessment,TASK_COMPLETE,SUCCESS,INFO,330,330,0,,2026-08-25T19:26:03.177Z,2026-08-25T21:23:56.829Z,7073,2026-08-25T21:23:56.829Z,V12,Downtown Denver,7eb7a049-5d17-4a23-bb2f-3b9c445afd32,SAMMS-VCPHCS-XII-DowntownDenverV5
202608252121596879,202608251925574677,202608251925573776,85,385,Bronze INV,br_AdmissionAssessment,TASK_COMPLETE,SUCCESS,INFO,80,80,0,,2026-08-25T19:26:03.177Z,2026-08-25T21:23:56.829Z,7073,2026-08-25T21:23:56.829Z,V12A,Centennial,7eb7a049-5d17-4a23-bb2f-3b9c445afd32,SAMMS-CentennialV5
202608252121596880,202608251925574678,202608251925573776,85,386,Bronze INV,br_AdmissionAssessment,TASK_COMPLETE,SUCCESS,INFO,116,116,0,,2026-08-25T19:26:03.177Z,2026-08-25T21:23:56.829Z,7073,2026-08-25T21:23:56.829Z,V14,Overland Park,7eb7a049-5d17-4a23-bb2f-3b9c445afd32,SAMMS-VCPHCS-XIV-BridgewayV5
202608252121596881,202608251925574679,202608251925573776,85,387,Bronze INV,br_AdmissionAssessment,TASK_COMPLETE,SUCCESS,INFO,196,196,0,,2026-08-25T19:26:03.177Z,2026-08-25T21:23:56.829Z,7073,2026-08-25T21:23:56.829Z,V15,Joplin,7eb7a049-5d17-4a23-bb2f-3b9c445afd32,SAMMS-JoplinV5
202608252121596883,202608251925574680,202608251925573776,85,389,Bronze INV,br_AdmissionAssessment,TASK_COMPLETE,SUCCESS,INFO,118,118,0,,2026-08-25T19:26:03.177Z,2026-08-25T21:23:56.829Z,7073,2026-08-25T21:23:56.829Z,V17,Columbia TN,7eb7a049-5d17-4a23-bb2f-3b9c445afd32,SAMMS-ColumbiaTNv5
202608252121596884,202608251925574681,202608251925573776,85,391,Bronze INV,br_AdmissionAssessment,TASK_COMPLETE,SUCCESS,INFO,144,144,0,,2026-08-25T19:26:03.177Z,2026-08-25T21:23:56.829Z,7073,2026-08-25T21:23:56.829Z,V19,Jackson,7eb7a049-5d17-4a23-bb2f-3b9c445afd32,SAMMS-JacksonV5
202608252121596885,202608251925574682,202608251925573776,85,393,Bronze INV,br_AdmissionAssessment,TASK_COMPLETE,SUCCESS,INFO,105,105,0,,2026-08-25T19:26:03.177Z,2026-08-25T21:23:56.829Z,7073,2026-08-25T21:23:56.829Z,V20,Paris,7eb7a049-5d17-4a23-bb2f-3b9c445afd32,SAMMS-ParisV5
202608252121596886,202608251925574683,202608251925573776,85,394,Bronze INV,br_AdmissionAssessment,TASK_COMPLETE,SUCCESS,INFO,62,62,0,,2026-08-25T19:26:03.177Z,2026-08-25T21:23:56.829Z,7073,2026-08-25T21:23:56.829Z,V21,Memphis North,7eb7a049-5d17-4a23-bb2f-3b9c445afd32,SAMMS-RaleighV5
202608252121596887,202608251925574684,202608251925573776,85,397,Bronze INV,br_AdmissionAssessment,TASK_COMPLETE,SUCCESS,INFO,198,198,0,,2026-08-25T19:26:03.177Z,2026-08-25T21:23:56.829Z,7073,2026-08-25T21:23:56.829Z,V5,West Bank,7eb7a049-5d17-4a23-bb2f-3b9c445afd32,SAMMS-NONTCv5
202608252121596888,202608251925574685,202608251925573776,85,399,Bronze INV,br_AdmissionAssessment,TASK_COMPLETE,SUCCESS,INFO,83,83,0,,2026-08-25T19:26:03.177Z,2026-08-25T21:23:56.829Z,7073,2026-08-25T21:23:56.829Z,V5B,Houma,7eb7a049-5d17-4a23-bb2f-3b9c445afd32,SAMMS-HoumaV6
202608252121596890,202608251925574686,202608251925573776,85,400,Bronze INV,br_AdmissionAssessment,TASK_COMPLETE,SUCCESS,INFO,235,235,0,,2026-08-25T19:26:03.177Z,2026-08-25T21:23:56.829Z,7073,2026-08-25T21:23:56.829Z,V6,Lake Charles,7eb7a049-5d17-4a23-bb2f-3b9c445afd32,SAMMS-LCv5
202608252121596891,202608251925574687,202608251925573776,85,402,Bronze INV,br_AdmissionAssessment,TASK_COMPLETE,SUCCESS,INFO,157,157,0,,2026-08-25T19:26:03.177Z,2026-08-25T21:23:56.829Z,7073,2026-08-25T21:23:56.829Z,V8,Memphis Midtown,7eb7a049-5d17-4a23-bb2f-3b9c445afd32,SAMMS-VCPHCS-VIII-MemphisV5
202608252121596892,202608251925574688,202608251925573776,85,403,Bronze INV,br_AdmissionAssessment,TASK_COMPLETE,SUCCESS,INFO,308,308,0,,2026-08-25T19:26:03.177Z,2026-08-25T21:23:56.829Z,7073,2026-08-25T21:23:56.829Z,V9,Nashville,7eb7a049-5d17-4a23-bb2f-3b9c445afd32,SAMMS-NashvilleV5
202608252121596893,202608251925574689,202608251925573776,85,404,Bronze INV,br_AdmissionAssessment,TASK_COMPLETE,SUCCESS,INFO,0,0,0,,2026-08-25T19:26:03.177Z,2026-08-25T21:23:56.829Z,7073,2026-08-25T21:23:56.829Z,VBRA,Brainerd,7eb7a049-5d17-4a23-bb2f-3b9c445afd32,SAMMS-BrainerdV6
202608252121596894,202608251925574690,202608251925573776,85,405,Bronze INV,br_AdmissionAssessment,TASK_COMPLETE,SUCCESS,INFO,2,2,0,,2026-08-25T19:26:03.177Z,2026-08-25T21:23:56.829Z,7073,2026-08-25T21:23:56.829Z,VBRP,Brooklyn Park,7eb7a049-5d17-4a23-bb2f-3b9c445afd32,SAMMS-BrooklynParkV6
202608252121596895,202608251925574691,202608251925573776,85,407,Bronze INV,br_AdmissionAssessment,TASK_COMPLETE,SUCCESS,INFO,3,3,0,,2026-08-25T19:26:03.177Z,2026-08-25T21:23:56.829Z,7073,2026-08-25T21:23:56.829Z,VMIN,Minneapolis,7eb7a049-5d17-4a23-bb2f-3b9c445afd32,SAMMS-MinneapolisV6
202608252121596896,202608251925574692,202608251925573776,85,408,Bronze INV,br_AdmissionAssessment,TASK_COMPLETE,SUCCESS,INFO,1,1,0,,2026-08-25T19:26:03.177Z,2026-08-25T21:23:56.829Z,7073,2026-08-25T21:23:56.829Z,VWBY,Woodbury,7eb7a049-5d17-4a23-bb2f-3b9c445afd32,SAMMS-WoodburyV6
202608171005535831,202608171005535831,202608171005421194,82,200,Salesforce Accounts,br_sf_accounts,TASK_FAILED,FAILED,ERROR,0,0,0,"Malformed request https://behavioralhealthgroup.my.salesforce.com/services/data/v59.0/query/?q=%0A%0A++++Id%2CIsDeleted%2CMasterRecordId%2CName%2CType%2CRecordTypeId%2CParentId%2CBillingCity%2CBillingState%2CBillingPostalCode%2CBillingCountry%2CBillingStateCode%2C%0A++++BillingAddress%2CShippingState%2CShippingPostalCode%2CPhone%2CAccountNumber%2CWebsite%2COwnership%2CDescription%2CRating%2CSite%2COwnerId%2CCreatedDate%2CCreatedById%2C%0A++++LastModifiedDate%2CLastActivityDate%2CLastViewedDate%2CLastReferencedDate%2CIsPartner%2CAccountSource%2CSite_ID__c%2CSAMMS_Site_ID__c%2CCCP_Name__c%2CClinic_Name__c%2C%0A++++Estimation_of_Patients_From_BHG__c%2CEstimation_of_Patients_Referred_to_BHG__c%2COrg_Name__c%2COrg_Type__c%2CService_Type__c%2CStatus__c%2Ccreatedate__c%2Cdescription__c%2C%0A++++hs_is_target_account__c%2Cstate__c%2CReferral_Subcategory__c%2CAccount_Status__c%2COwner_Active__c%0AFROM+Account%0A. Response content: [{message: \"unexpected token: Id\", errorCode: MALFORMED_QUERY}]",2026-08-17T10:06:03.068Z,2026-08-17T10:06:34.504Z,27,2026-08-17T10:06:34.504Z,,,7037e752-f6e1-4d8a-bc47-4e70a4e83a16,
202608260854401101,202608260654255536,202608260654255519,85,2087,Bronze INV,br_InvType,TASK_COMPLETE,SUCCESS,INFO,7,7,0,,2026-08-26T06:54:31.515Z,2026-08-26T08:57:15.847Z,7364,2026-08-26T08:57:15.847Z,B38,Spartanburg,912d32aa-0b7f-4999-bf60-6670fe5985ea,SAMMS-SpartanburgV5
202608260854401102,202608260654255537,202608260654255519,85,2088,Bronze INV,br_InvType,TASK_COMPLETE,SUCCESS,INFO,6,6,0,,2026-08-26T06:54:31.515Z,2026-08-26T08:57:15.847Z,7364,2026-08-26T08:57:15.847Z,B39,Aiken,912d32aa-0b7f-4999-bf60-6670fe5985ea,SAMMS-AikenV5
202608260854401103,202608260654255538,202608260654255519,85,2089,Bronze INV,br_InvType,TASK_COMPLETE,SUCCESS,INFO,5,5,0,,2026-08-26T06:54:31.515Z,2026-08-26T08:57:15.847Z,7364,2026-08-26T08:57:15.847Z,B41,Chesapeake,912d32aa-0b7f-4999-bf60-6670fe5985ea,SAMMS-ChesapeakeV5
202608260854401104,202608260654255539,202608260654255519,85,2090,Bronze INV,br_InvType,TASK_COMPLETE,SUCCESS,INFO,6,6,0,,2026-08-26T06:54:31.515Z,2026-08-26T08:57:15.847Z,7364,2026-08-26T08:57:15.847Z,B42,Virginia Beach,912d32aa-0b7f-4999-bf60-6670fe5985ea,SAMMS-VirginiaBeachV5
202608260854401105,202608260654255540,202608260654255519,85,2091,Bronze INV,br_InvType,TASK_COMPLETE,SUCCESS,INFO,5,5,0,,2026-08-26T06:54:31.515Z,2026-08-26T08:57:15.847Z,7364,2026-08-26T08:57:15.847Z,B42A,Newport News,912d32aa-0b7f-4999-bf60-6670fe5985ea,SAMMS-NewportNewsV5
202608260854401106,202608260654255541,202608260654255519,85,2092,Bronze INV,br_InvType,TASK_COMPLETE,SUCCESS,INFO,3,3,0,,2026-08-26T06:54:31.515Z,2026-08-26T08:57:15.847Z,7364,2026-08-26T08:57:15.847Z,B42B,Franklin,912d32aa-0b7f-4999-bf60-6670fe5985ea,SAMMS-FranklinV5
202608260854401107,202608260654255542,202608260654255519,85,2093,Bronze INV,br_InvType,TASK_COMPLETE,SUCCESS,INFO,5,5,0,,2026-08-26T06:54:31.515Z,2026-08-26T08:57:15.847Z,7364,2026-08-26T08:57:15.847Z,B42C,Glen Allen,912d32aa-0b7f-4999-bf60-6670fe5985ea,SAMMS-GlenAllenV5
202608260854401109,202608260654255543,202608260654255519,85,2094,Bronze INV,br_InvType,TASK_COMPLETE,SUCCESS,INFO,7,7,0,,2026-08-26T06:54:31.515Z,2026-08-26T08:57:15.847Z,7364,2026-08-26T08:57:15.847Z,B42D,Chesapeake South,912d32aa-0b7f-4999-bf60-6670fe5985ea,SAMMS-ChesapeakeSouthV5
202608260854401110,202608260654255544,202608260654255519,85,2095,Bronze INV,br_InvType,TASK_COMPLETE,SUCCESS,INFO,5,5,0,,2026-08-26T06:54:31.515Z,2026-08-26T08:57:15.847Z,7364,2026-08-26T08:57:15.847Z,B44,Albany,912d32aa-0b7f-4999-bf60-6670fe5985ea,SAMMS-AlbanyV5
202608260854401111,202608260654255545,202608260654255519,85,2096,Bronze INV,br_InvType,TASK_COMPLETE,SUCCESS,INFO,5,5,0,,2026-08-26T06:54:31.515Z,2026-08-26T08:57:15.847Z,7364,2026-08-26T08:57:15.847Z,B45,Tifton,912d32aa-0b7f-4999-bf60-6670fe5985ea,SAMMS-TiftonV5
202608260854401112,202608260654255546,202608260654255519,85,2097,Bronze INV,br_InvType,TASK_COMPLETE,SUCCESS,INFO,5,5,0,,2026-08-26T06:54:31.515Z,2026-08-26T08:57:15.847Z,7364,2026-08-26T08:57:15.847Z,B46,Washington DC,912d32aa-0b7f-4999-bf60-6670fe5985ea,SAMMS-WashingtonDCv5
202608260854401113,202608260654255547,202608260654255519,85,2098,Bronze INV,br_InvType,TASK_COMPLETE,SUCCESS,INFO,7,7,0,,2026-08-26T06:54:31.515Z,2026-08-26T08:57:15.847Z,7364,2026-08-26T08:57:15.847Z,B47,Mobile,912d32aa-0b7f-4999-bf60-6670fe5985ea,SAMMS-MobileV5
202608260854401114,202608260654255548,202608260654255519,85,2099,Bronze INV,br_InvType,TASK_COMPLETE,SUCCESS,INFO,6,6,0,,2026-08-26T06:54:31.515Z,2026-08-26T08:57:15.847Z,7364,2026-08-26T08:57:15.847Z,B48,Tuscaloosa,912d32aa-0b7f-4999-bf60-6670fe5985ea,SAMMS-TuscaloosaV5
202608260854401116,202608260654255549,202608260654255519,85,2108,Bronze INV,br_InvType,TASK_COMPLETE,SUCCESS,INFO,7,7,0,,2026-08-26T06:54:31.515Z,2026-08-26T08:57:15.847Z,7364,2026-08-26T08:57:15.847Z,B51,N. Little Rock (OTP),912d32aa-0b7f-4999-bf60-6670fe5985ea,SAMMS-NorthLittleRockV6
202608260854401117,202608260654255550,202608260654255519,85,2109,Bronze INV,br_InvType,TASK_COMPLETE,SUCCESS,INFO,5,5,0,,2026-08-26T06:54:31.515Z,2026-08-26T08:57:15.847Z,7364,2026-08-26T08:57:15.847Z,B52,Jackson GA,912d32aa-0b7f-4999-bf60-6670fe5985ea,SAMMS-JacksonGAV5
202608260854401118,202608260654255551,202608260654255519,85,2110,Bronze INV,br_InvType,TASK_COMPLETE,SUCCESS,INFO,7,7,0,,2026-08-26T06:54:31.515Z,2026-08-26T08:57:15.847Z,7364,2026-08-26T08:57:15.847Z,B54,Gadsden,912d32aa-0b7f-4999-bf60-6670fe5985ea,SAMMS-GadsdenV5
202608260854401119,202608260654255552,202608260654255519,85,2111,Bronze INV,br_InvType,TASK_COMPLETE,SUCCESS,INFO,8,8,0,,2026-08-26T06:54:31.515Z,2026-08-26T08:57:15.847Z,7364,2026-08-26T08:57:15.847Z,B55,Shoals,912d32aa-0b7f-4999-bf60-6670fe5985ea,SAMMS-ShoalsV5
202608260854401120,202608260654255553,202608260654255519,85,2112,Bronze INV,br_InvType,TASK_COMPLETE,SUCCESS,INFO,7,7,0,,2026-08-26T06:54:31.515Z,2026-08-26T08:57:15.847Z,7364,2026-08-26T08:57:15.847Z,B57,Pawtucket,912d32aa-0b7f-4999-bf60-6670fe5985ea,SAMMS-Pawtucket
202608260854401121,202608260654255554,202608260654255519,85,2113,Bronze INV,br_InvType,TASK_COMPLETE,SUCCESS,INFO,8,8,0,,2026-08-26T06:54:31.515Z,2026-08-26T08:57:15.847Z,7364,2026-08-26T08:57:15.847Z,B57A,Johnston,912d32aa-0b7f-4999-bf60-6670fe5985ea,SAMMS-Johnston
202608260854401122,202608260654255555,202608260654255519,85,2114,Bronze INV,br_InvType,TASK_COMPLETE,SUCCESS,INFO,7,7,0,,2026-08-26T06:54:31.515Z,2026-08-26T08:57:15.847Z,7364,2026-08-26T08:57:15.847Z,B57B,Middletown,912d32aa-0b7f-4999-bf60-6670fe5985ea,SAMMS-Middletown
202608260854401123,202608260654255556,202608260654255519,85,2115,Bronze INV,br_InvType,TASK_COMPLETE,SUCCESS,INFO,7,7,0,,2026-08-26T06:54:31.515Z,2026-08-26T08:57:15.847Z,7364,2026-08-26T08:57:15.847Z,B57C,Providence,912d32aa-0b7f-4999-bf60-6670fe5985ea,SAMMS-Providence
202608260854401125,202608260654255557,202608260654255519,85,2116,Bronze INV,br_InvType,TASK_COMPLETE,SUCCESS,INFO,7,7,0,,2026-08-26T06:54:31.515Z,2026-08-26T08:57:15.847Z,7364,2026-08-26T08:57:15.847Z,B57D,Westerly,912d32aa-0b7f-4999-bf60-6670fe5985ea,SAMMS-Westerly
202608260854401126,202608260654255558,202608260654255519,85,2120,Bronze INV,br_InvType,TASK_COMPLETE,SUCCESS,INFO,0,0,0,,2026-08-26T06:54:31.515Z,2026-08-26T08:57:15.847Z,7364,2026-08-26T08:57:15.847Z,B66A,Bremen,912d32aa-0b7f-4999-bf60-6670fe5985ea,SAMMS-Bremen
202608260854401127,202608260654255559,202608260654255519,85,2123,Bronze INV,br_InvType,TASK_COMPLETE,SUCCESS,INFO,0,0,0,,2026-08-26T06:54:31.515Z,2026-08-26T08:57:15.847Z,7364,2026-08-26T08:57:15.847Z,B72,Mobile (OBOT),912d32aa-0b7f-4999-bf60-6670fe5985ea,SAMMS-Mobile-OBOT
202608260854401128,202608260654255560,202608260654255519,85,2124,Bronze INV,br_InvType,TASK_COMPLETE,SUCCESS,INFO,0,0,0,,2026-08-26T06:54:31.515Z,2026-08-26T08:57:15.847Z,7364,2026-08-26T08:57:15.847Z,B73,Montgomery,912d32aa-0b7f-4999-bf60-6670fe5985ea,SAMMS-Montgomery
202608260854401129,202608260654255561,202608260654255519,85,2125,Bronze INV,br_InvType,TASK_COMPLETE,SUCCESS,INFO,7,7,0,,2026-08-26T06:54:31.515Z,2026-08-26T08:57:15.847Z,7364,2026-08-26T08:57:15.847Z,B75,Lawrence,912d32aa-0b7f-4999-bf60-6670fe5985ea,SAMMS-LawrenceV6
202608260854401130,202608260654255562,202608260654255519,85,2126,Bronze INV,br_InvType,TASK_COMPLETE,SUCCESS,INFO,0,0,0,,2026-08-26T06:54:31.515Z,2026-08-26T08:57:15.847Z,7364,2026-08-26T08:57:15.847Z,B76,Huntsville OBOT,912d32aa-0b7f-4999-bf60-6670fe5985ea,SAMMS-Huntsville-OBOT
202608260854401131,202608260654255563,202608260654255519,85,2127,Bronze INV,br_InvType,TASK_COMPLETE,SUCCESS,INFO,7,7,0,,2026-08-26T06:54:31.515Z,2026-08-26T08:57:15.847Z,7364,2026-08-26T08:57:15.847Z,BAT,Batesville,912d32aa-0b7f-4999-bf60-6670fe5985ea,SAMMS-Batesville
202608260854401133,202608260654255564,202608260654255519,85,2128,Bronze INV,br_InvType,TASK_COMPLETE,SUCCESS,INFO,7,7,0,,2026-08-26T06:54:31.515Z,2026-08-26T08:57:15.847Z,7364,2026-08-26T08:57:15.847Z,BG,Bowling Green,912d32aa-0b7f-4999-bf60-6670fe5985ea,SAMMS-BowlingGreen
202608260854401134,202608260654255565,202608260654255519,85,2129,Bronze INV,br_InvType,TASK_COMPLETE,SUCCESS,INFO,7,7,0,,2026-08-26T06:54:31.515Z,2026-08-26T08:57:15.847Z,7364,2026-08-26T08:57:15.847Z,BOI,Boise,912d32aa-0b7f-4999-bf60-6670fe5985ea,SAMMS-Boise
202608260854401135,202608260654255566,202608260654255519,85,2136,Bronze INV,br_InvType,TASK_COMPLETE,SUCCESS,INFO,7,7,0,,2026-08-26T06:54:31.515Z,2026-08-26T08:57:15.847Z,7364,2026-08-26T08:57:15.847Z,CBCO,Coeur dAlene,912d32aa-0b7f-4999-bf60-6670fe5985ea,SAMMS-CoeurdAleneV6
202608260854401136,202608260654255567,202608260654255519,85,2155,Bronze INV,br_InvType,TASK_COMPLETE,SUCCESS,INFO,7,7,0,,2026-08-26T06:54:31.515Z,2026-08-26T08:57:15.847Z,7364,2026-08-26T08:57:15.847Z,CON,Conway,912d32aa-0b7f-4999-bf60-6670fe5985ea,SAMMS-Conway
202608260854401137,202608260654255568,202608260654255519,85,2156,Bronze INV,br_InvType,TASK_COMPLETE,SUCCESS,INFO,7,7,0,,2026-08-26T06:54:31.515Z,2026-08-26T08:57:15.847Z,7364,2026-08-26T08:57:15.847Z,D07,Medical Services Knox TN,912d32aa-0b7f-4999-bf60-6670fe5985ea,SAMMS-KnoxvilleV6
202608260854401138,202608260654255569,202608260654255519,85,2157,Bronze INV,br_InvType,TASK_COMPLETE,SUCCESS,INFO,7,7,0,,2026-08-26T06:54:31.515Z,2026-08-26T08:57:15.847Z,7364,2026-08-26T08:57:15.847Z,D08,Madison,912d32aa-0b7f-4999-bf60-6670fe5985ea,SAMMS-MadisonV6
202608260854401139,202608260654255570,202608260654255519,85,2159,Bronze INV,br_InvType,TASK_COMPLETE,SUCCESS,INFO,7,7,0,,2026-08-26T06:54:31.515Z,2026-08-26T08:57:15.847Z,7364,2026-08-26T08:57:15.847Z,D09,Murfreesboro,912d32aa-0b7f-4999-bf60-6670fe5985ea,SAMMS-MurfreesboroV6
202608260854401140,202608260654255571,202608260654255519,85,2160,Bronze INV,br_InvType,TASK_COMPLETE,SUCCESS,INFO,7,7,0,,2026-08-26T06:54:31.515Z,2026-08-26T08:57:15.847Z,7364,2026-08-26T08:57:15.847Z,DA,Davenport,912d32aa-0b7f-4999-bf60-6670fe5985ea,SAMMS-Davenport
202608260854401142,202608260654255572,202608260654255519,85,2161,Bronze INV,br_InvType,TASK_COMPLETE,SUCCESS,INFO,7,7,0,,2026-08-26T06:54:31.515Z,2026-08-26T08:57:15.847Z,7364,2026-08-26T08:57:15.847Z,DM,Des Moines,912d32aa-0b7f-4999-bf60-6670fe5985ea,SAMMS-DesMoines
202608260854401143,202608260654255573,202608260654255519,85,2163,Bronze INV,br_InvType,TASK_COMPLETE,SUCCESS,INFO,7,7,0,,2026-08-26T06:54:31.515Z,2026-08-26T08:57:15.847Z,7364,2026-08-26T08:57:15.847Z,DRD-CO,Columbia MO,912d32aa-0b7f-4999-bf60-6670fe5985ea,SAMMS-ColumbiaV5
202608201425194439,202608201258108487,202608201258108173,46,9018,P1 Finance VW 3P Bill Sub Bronze - RE,br_samms_vw3p_bill_sub,TASK_COMPLETE,SUCCESS,INFO,2973,2973,0,,2026-08-20T12:58:15.698Z,2026-08-20T14:28:34.201Z,5419,2026-08-20T14:28:34.201Z,RE,Reno,5f0dd8ad-486e-4238-8933-2b89499a6e18,SAMMS-Reno
202608201425194441,202608201258108488,202608201258108173,46,9019,P1 Finance VW 3P Bill Sub Bronze - RMD,br_samms_vw3p_bill_sub,TASK_COMPLETE,SUCCESS,INFO,207,207,0,,2026-08-20T12:58:15.698Z,2026-08-20T14:28:34.201Z,5419,2026-08-20T14:28:34.201Z,RMD,Richmond,5f0dd8ad-486e-4238-8933-2b89499a6e18,SAMMS-Richmond
202608201425194443,202608201258108489,202608201258108173,46,9020,P1 Finance VW 3P Bill Sub Bronze - SFN,br_samms_vw3p_bill_sub,TASK_COMPLETE,SUCCESS,INFO,2523,2523,0,,2026-08-20T12:58:15.698Z,2026-08-20T14:28:34.201Z,5419,2026-08-20T14:28:34.201Z,SFN,SFN,5f0dd8ad-486e-4238-8933-2b89499a6e18,SAMMS-SFNv5
202608201425194445,202608201258108490,202608201258108173,46,9021,P1 Finance VW 3P Bill Sub Bronze - SHP,br_samms_vw3p_bill_sub,TASK_COMPLETE,SUCCESS,INFO,1907,1907,0,,2026-08-20T12:58:15.698Z,2026-08-20T14:28:34.201Z,5419,2026-08-20T14:28:34.201Z,SHP,Shreveport,5f0dd8ad-486e-4238-8933-2b89499a6e18,SAMMS-Shreveport
202608201425194447,202608201258108491,202608201258108173,46,9022,P1 Finance VW 3P Bill Sub Bronze - STN,br_samms_vw3p_bill_sub,TASK_COMPLETE,SUCCESS,INFO,1693,1693,0,,2026-08-20T12:58:15.698Z,2026-08-20T14:28:34.201Z,5419,2026-08-20T14:28:34.201Z,STN,Staunton,5f0dd8ad-486e-4238-8933-2b89499a6e18,SAMMS-Staunton
202608201425194449,202608201258108492,202608201258108173,46,9023,P1 Finance VW 3P Bill Sub Bronze - STVN,br_samms_vw3p_bill_sub,TASK_COMPLETE,SUCCESS,INFO,1443,1443,0,,2026-08-20T12:58:15.698Z,2026-08-20T14:28:34.201Z,5419,2026-08-20T14:28:34.201Z,STVN,Stevenson,5f0dd8ad-486e-4238-8933-2b89499a6e18,SAMMS-Stevenson
202608201425194451,202608201258108493,202608201258108173,46,9024,P1 Finance VW 3P Bill Sub Bronze - TE,br_samms_vw3p_bill_sub,TASK_COMPLETE,SUCCESS,INFO,236,236,0,,2026-08-20T12:58:15.698Z,2026-08-20T14:28:34.201Z,5419,2026-08-20T14:28:34.201Z,TE,Tempe,5f0dd8ad-486e-4238-8933-2b89499a6e18,SAMMS-Tempe
202608201425194453,202608201258108494,202608201258108173,46,9025,P1 Finance VW 3P Bill Sub Bronze - TEX,br_samms_vw3p_bill_sub,TASK_COMPLETE,SUCCESS,INFO,69,69,0,,2026-08-20T12:58:15.698Z,2026-08-20T14:28:34.201Z,5419,2026-08-20T14:28:34.201Z,TEX,Texarkana,5f0dd8ad-486e-4238-8933-2b89499a6e18,SAMMS-Texarkana
202608201425194455,202608201258108495,202608201258108173,46,9026,P1 Finance VW 3P Bill Sub Bronze - TTCA,br_samms_vw3p_bill_sub,TASK_COMPLETE,SUCCESS,INFO,1813,1813,0,,2026-08-20T12:58:15.698Z,2026-08-20T14:28:34.201Z,5419,2026-08-20T14:28:34.201Z,TTCA,Bessemer,5f0dd8ad-486e-4238-8933-2b89499a6e18,SAMMS-BessemerV5
202608201425194457,202608201258108496,202608201258108173,46,9027,P1 Finance VW 3P Bill Sub Bronze - TTCB,br_samms_vw3p_bill_sub,TASK_COMPLETE,SUCCESS,INFO,1193,1193,0,,2026-08-20T12:58:15.698Z,2026-08-20T14:28:34.201Z,5419,2026-08-20T14:28:34.201Z,TTCB,Cullman,5f0dd8ad-486e-4238-8933-2b89499a6e18,SAMMS-CullmanV5
202608201425194459,202608201258108497,202608201258108173,46,9028,P1 Finance VW 3P Bill Sub Bronze - TTCC,br_samms_vw3p_bill_sub,TASK_COMPLETE,SUCCESS,INFO,1987,1987,0,,2026-08-20T12:58:15.698Z,2026-08-20T14:28:34.201Z,5419,2026-08-20T14:28:34.201Z,TTCC,GrandBay,5f0dd8ad-486e-4238-8933-2b89499a6e18,SAMMS-GrandBay
202608201425194461,202608201258108498,202608201258108173,46,9029,P1 Finance VW 3P Bill Sub Bronze - TU,br_samms_vw3p_bill_sub,TASK_COMPLETE,SUCCESS,INFO,1,1,0,,2026-08-20T12:58:15.698Z,2026-08-20T14:28:34.201Z,5419,2026-08-20T14:28:34.201Z,TU,Tucson,5f0dd8ad-486e-4238-8933-2b89499a6e18,SAMMS-Tucson
202608201425194463,202608201258108499,202608201258108173,46,9030,P1 Finance VW 3P Bill Sub Bronze - V1,br_samms_vw3p_bill_sub,TASK_COMPLETE,SUCCESS,INFO,3923,3923,0,,2026-08-20T12:58:15.698Z,2026-08-20T14:28:34.201Z,5419,2026-08-20T14:28:34.201Z,V1,VCPHCS-I-Memphis,5f0dd8ad-486e-4238-8933-2b89499a6e18,SAMMS-VCPHCS-I-MemphisV5
202608201425194465,202608201258108500,202608201258108173,46,9031,P1 Finance VW 3P Bill Sub Bronze - V10,br_samms_vw3p_bill_sub,TASK_COMPLETE,SUCCESS,INFO,4151,4151,0,,2026-08-20T12:58:15.698Z,2026-08-20T14:28:34.201Z,5419,2026-08-20T14:28:34.201Z,V10,Boulder,5f0dd8ad-486e-4238-8933-2b89499a6e18,SAMMS-BoulderV5
202608201425194467,202608201258108501,202608201258108173,46,9032,P1 Finance VW 3P Bill Sub Bronze - V10A,br_samms_vw3p_bill_sub,TASK_COMPLETE,SUCCESS,INFO,3649,3649,0,,2026-08-20T12:58:15.698Z,2026-08-20T14:28:34.201Z,5419,2026-08-20T14:28:34.201Z,V10A,FortCollins,5f0dd8ad-486e-4238-8933-2b89499a6e18,SAMMS-FortCollinsV5
202608201425194469,202608201258108502,202608201258108173,46,9033,P1 Finance VW 3P Bill Sub Bronze - V11,br_samms_vw3p_bill_sub,TASK_COMPLETE,SUCCESS,INFO,5249,5249,0,,2026-08-20T12:58:15.698Z,2026-08-20T14:28:34.201Z,5419,2026-08-20T14:28:34.201Z,V11,VCPHCS-XI-NorthDenver,5f0dd8ad-486e-4238-8933-2b89499a6e18,SAMMS-VCPHCS-XI-NorthDenverV5
202608201425194471,202608201258108503,202608201258108173,46,9034,P1 Finance VW 3P Bill Sub Bronze - V12,br_samms_vw3p_bill_sub,TASK_COMPLETE,SUCCESS,INFO,3781,3781,0,,2026-08-20T12:58:15.698Z,2026-08-20T14:28:34.201Z,5419,2026-08-20T14:28:34.201Z,V12,VCPHCS-XII-DowntownDenver,5f0dd8ad-486e-4238-8933-2b89499a6e18,SAMMS-VCPHCS-XII-DowntownDenverV5
202608201425194474,202608201258108504,202608201258108173,46,9035,P1 Finance VW 3P Bill Sub Bronze - V12A,br_samms_vw3p_bill_sub,TASK_COMPLETE,SUCCESS,INFO,1359,1359,0,,2026-08-20T12:58:15.698Z,2026-08-20T14:28:34.201Z,5419,2026-08-20T14:28:34.201Z,V12A,Centennial,5f0dd8ad-486e-4238-8933-2b89499a6e18,SAMMS-CentennialV5
202608201425194476,202608201258108505,202608201258108173,46,9036,P1 Finance VW 3P Bill Sub Bronze - V14,br_samms_vw3p_bill_sub,TASK_COMPLETE,SUCCESS,INFO,559,559,0,,2026-08-20T12:58:15.698Z,2026-08-20T14:28:34.201Z,5419,2026-08-20T14:28:34.201Z,V14,VCPHCS-XIV-Bridgeway,5f0dd8ad-486e-4238-8933-2b89499a6e18,SAMMS-VCPHCS-XIV-BridgewayV5
202608201425194478,202608201258108506,202608201258108173,46,9037,P1 Finance VW 3P Bill Sub Bronze - V15,br_samms_vw3p_bill_sub,TASK_COMPLETE,SUCCESS,INFO,3895,3895,0,,2026-08-20T12:58:15.698Z,2026-08-20T14:28:34.201Z,5419,2026-08-20T14:28:34.201Z,V15,Joplin,5f0dd8ad-486e-4238-8933-2b89499a6e18,SAMMS-JoplinV5
202608201425194480,202608201258108507,202608201258108173,46,9038,P1 Finance VW 3P Bill Sub Bronze - V17,br_samms_vw3p_bill_sub,TASK_COMPLETE,SUCCESS,INFO,1312,1312,0,,2026-08-20T12:58:15.698Z,2026-08-20T14:28:34.201Z,5419,2026-08-20T14:28:34.201Z,V17,ColumbiaTN,5f0dd8ad-486e-4238-8933-2b89499a6e18,SAMMS-ColumbiaTNv5
202608201425194482,202608201258108508,202608201258108173,46,9039,P1 Finance VW 3P Bill Sub Bronze - V19,br_samms_vw3p_bill_sub,TASK_COMPLETE,SUCCESS,INFO,2667,2667,0,,2026-08-20T12:58:15.698Z,2026-08-20T14:28:34.201Z,5419,2026-08-20T14:28:34.201Z,V19,Jackson,5f0dd8ad-486e-4238-8933-2b89499a6e18,SAMMS-JacksonV5
202608201425195892,202608201258109754,202608201258108173,46,10314,P1 Finance Client Demo 2 Bronze - NLR,br_samms_client_demo2,TASK_COMPLETE,SUCCESS,INFO,1037,1037,0,,2026-08-20T12:58:15.698Z,2026-08-20T14:28:34.201Z,5419,2026-08-20T14:28:34.201Z,NLR,NLROBOT,5f0dd8ad-486e-4238-8933-2b89499a6e18,SAMMS-NLROBOT
202608201425195894,202608201258109755,202608201258108173,46,10315,P1 Finance Client Demo 2 Bronze - PH,br_samms_client_demo2,TASK_COMPLETE,SUCCESS,INFO,3789,3789,0,,2026-08-20T12:58:15.698Z,2026-08-20T14:28:34.201Z,5419,2026-08-20T14:28:34.201Z,PH,Phoenix,5f0dd8ad-486e-4238-8933-2b89499a6e18,SAMMS-Phoenix
202608201425195895,202608201258109756,202608201258108173,46,10316,P1 Finance Client Demo 2 Bronze - RE,br_samms_client_demo2,TASK_COMPLETE,SUCCESS,INFO,5813,5813,0,,2026-08-20T12:58:15.698Z,2026-08-20T14:28:34.201Z,5419,2026-08-20T14:28:34.201Z,RE,Reno,5f0dd8ad-486e-4238-8933-2b89499a6e18,SAMMS-Reno
202608201425195897,202608201258109757,202608201258108173,46,10317,P1 Finance Client Demo 2 Bronze - RMD,br_samms_client_demo2,TASK_COMPLETE,SUCCESS,INFO,1853,1853,0,,2026-08-20T12:58:15.698Z,2026-08-20T14:28:34.201Z,5419,2026-08-20T14:28:34.201Z,RMD,Richmond,5f0dd8ad-486e-4238-8933-2b89499a6e18,SAMMS-Richmond
202608201425195899,202608201258109758,202608201258108173,46,10318,P1 Finance Client Demo 2 Bronze - SFN,br_samms_client_demo2,TASK_COMPLETE,SUCCESS,INFO,4589,4589,0,,2026-08-20T12:58:15.698Z,2026-08-20T14:28:34.201Z,5419,2026-08-20T14:28:34.201Z,SFN,SFN,5f0dd8ad-486e-4238-8933-2b89499a6e18,SAMMS-SFNv5
202608201425195901,202608201258109759,202608201258108173,46,10319,P1 Finance Client Demo 2 Bronze - SHP,br_samms_client_demo2,TASK_COMPLETE,SUCCESS,INFO,5682,5682,0,,2026-08-20T12:58:15.698Z,2026-08-20T14:28:34.201Z,5419,2026-08-20T14:28:34.201Z,SHP,Shreveport,5f0dd8ad-486e-4238-8933-2b89499a6e18,SAMMS-Shreveport
202608201425195903,202608201258109760,202608201258108173,46,10320,P1 Finance Client Demo 2 Bronze - STN,br_samms_client_demo2,TASK_COMPLETE,SUCCESS,INFO,712,712,0,,2026-08-20T12:58:15.698Z,2026-08-20T14:28:34.201Z,5419,2026-08-20T14:28:34.201Z,STN,Staunton,5f0dd8ad-486e-4238-8933-2b89499a6e18,SAMMS-Staunton
202608201425195905,202608201258109761,202608201258108173,46,10321,P1 Finance Client Demo 2 Bronze - STVN,br_samms_client_demo2,TASK_COMPLETE,SUCCESS,INFO,675,675,0,,2026-08-20T12:58:15.698Z,2026-08-20T14:28:34.201Z,5419,2026-08-20T14:28:34.201Z,STVN,Stevenson,5f0dd8ad-486e-4238-8933-2b89499a6e18,SAMMS-Stevenson
202608201425195907,202608201258109762,202608201258108173,46,10322,P1 Finance Client Demo 2 Bronze - TE,br_samms_client_demo2,TASK_COMPLETE,SUCCESS,INFO,3939,3939,0,,2026-08-20T12:58:15.698Z,2026-08-20T14:28:34.201Z,5419,2026-08-20T14:28:34.201Z,TE,Tempe,5f0dd8ad-486e-4238-8933-2b89499a6e18,SAMMS-Tempe
202608201425195909,202608201258109763,202608201258108173,46,10323,P1 Finance Client Demo 2 Bronze - TEX,br_samms_client_demo2,TASK_COMPLETE,SUCCESS,INFO,698,698,0,,2026-08-20T12:58:15.698Z,2026-08-20T14:28:34.201Z,5419,2026-08-20T14:28:34.201Z,TEX,Texarkana,5f0dd8ad-486e-4238-8933-2b89499a6e18,SAMMS-Texarkana
202608201425195911,202608201258109764,202608201258108173,46,10324,P1 Finance Client Demo 2 Bronze - TTCA,br_samms_client_demo2,TASK_COMPLETE,SUCCESS,INFO,3861,3861,0,,2026-08-20T12:58:15.698Z,2026-08-20T14:28:34.201Z,5419,2026-08-20T14:28:34.201Z,TTCA,Bessemer,5f0dd8ad-486e-4238-8933-2b89499a6e18,SAMMS-BessemerV5
202608201425195913,202608201258109765,202608201258108173,46,10325,P1 Finance Client Demo 2 Bronze - TTCB,br_samms_client_demo2,TASK_COMPLETE,SUCCESS,INFO,3627,3627,0,,2026-08-20T12:58:15.698Z,2026-08-20T14:28:34.201Z,5419,2026-08-20T14:28:34.201Z,TTCB,Cullman,5f0dd8ad-486e-4238-8933-2b89499a6e18,SAMMS-CullmanV5
202608201425195915,202608201258109766,202608201258108173,46,10326,P1 Finance Client Demo 2 Bronze - TTCC,br_samms_client_demo2,TASK_COMPLETE,SUCCESS,INFO,3793,3793,0,,2026-08-20T12:58:15.698Z,2026-08-20T14:28:34.201Z,5419,2026-08-20T14:28:34.201Z,TTCC,GrandBay,5f0dd8ad-486e-4238-8933-2b89499a6e18,SAMMS-GrandBay
202608201425195917,202608201258109767,202608201258108173,46,10327,P1 Finance Client Demo 2 Bronze - TU,br_samms_client_demo2,TASK_COMPLETE,SUCCESS,INFO,3275,3275,0,,2026-08-20T12:58:15.698Z,2026-08-20T14:28:34.201Z,5419,2026-08-20T14:28:34.201Z,TU,Tucson,5f0dd8ad-486e-4238-8933-2b89499a6e18,SAMMS-Tucson
202608201425195920,202608201258109768,202608201258108173,46,10328,P1 Finance Client Demo 2 Bronze - V1,br_samms_client_demo2,TASK_COMPLETE,SUCCESS,INFO,2437,2437,0,,2026-08-20T12:58:15.698Z,2026-08-20T14:28:34.201Z,5419,2026-08-20T14:28:34.201Z,V1,VCPHCS-I-Memphis,5f0dd8ad-486e-4238-8933-2b89499a6e18,SAMMS-VCPHCS-I-MemphisV5
202608201425195922,202608201258109769,202608201258108173,46,10329,P1 Finance Client Demo 2 Bronze - V10,br_samms_client_demo2,TASK_COMPLETE,SUCCESS,INFO,3455,3455,0,,2026-08-20T12:58:15.698Z,2026-08-20T14:28:34.201Z,5419,2026-08-20T14:28:34.201Z,V10,Boulder,5f0dd8ad-486e-4238-8933-2b89499a6e18,SAMMS-BoulderV5
202608201425195924,202608201258109770,202608201258108173,46,10330,P1 Finance Client Demo 2 Bronze - V10A,br_samms_client_demo2,TASK_COMPLETE,SUCCESS,INFO,3905,3905,0,,2026-08-20T12:58:15.698Z,2026-08-20T14:28:34.201Z,5419,2026-08-20T14:28:34.201Z,V10A,FortCollins,5f0dd8ad-486e-4238-8933-2b89499a6e18,SAMMS-FortCollinsV5
202608201425195926,202608201258109771,202608201258108173,46,10331,P1 Finance Client Demo 2 Bronze - V11,br_samms_client_demo2,TASK_COMPLETE,SUCCESS,INFO,5277,5277,0,,2026-08-20T12:58:15.698Z,2026-08-20T14:28:34.201Z,5419,2026-08-20T14:28:34.201Z,V11,VCPHCS-XI-NorthDenver,5f0dd8ad-486e-4238-8933-2b89499a6e18,SAMMS-VCPHCS-XI-NorthDenverV5
202608201425195928,202608201258109772,202608201258108173,46,10332,P1 Finance Client Demo 2 Bronze - V12,br_samms_client_demo2,TASK_COMPLETE,SUCCESS,INFO,6459,6459,0,,2026-08-20T12:58:15.698Z,2026-08-20T14:28:34.201Z,5419,2026-08-20T14:28:34.201Z,V12,VCPHCS-XII-DowntownDenver,5f0dd8ad-486e-4238-8933-2b89499a6e18,SAMMS-VCPHCS-XII-DowntownDenverV5
202608201425195930,202608201258109773,202608201258108173,46,10333,P1 Finance Client Demo 2 Bronze - V12A,br_samms_client_demo2,TASK_COMPLETE,SUCCESS,INFO,1732,1732,0,,2026-08-20T12:58:15.698Z,2026-08-20T14:28:34.201Z,5419,2026-08-20T14:28:34.201Z,V12A,Centennial,5f0dd8ad-486e-4238-8933-2b89499a6e18,SAMMS-CentennialV5
202608201425195932,202608201258109774,202608201258108173,46,10334,P1 Finance Client Demo 2 Bronze - V14,br_samms_client_demo2,TASK_COMPLETE,SUCCESS,INFO,2685,2685,0,,2026-08-20T12:58:15.698Z,2026-08-20T14:28:34.201Z,5419,2026-08-20T14:28:34.201Z,V14,VCPHCS-XIV-Bridgeway,5f0dd8ad-486e-4238-8933-2b89499a6e18,SAMMS-VCPHCS-XIV-BridgewayV5
202608201425195934,202608201258109775,202608201258108173,46,10335,P1 Finance Client Demo 2 Bronze - V15,br_samms_client_demo2,TASK_COMPLETE,SUCCESS,INFO,2390,2390,0,,2026-08-20T12:58:15.698Z,2026-08-20T14:28:34.201Z,5419,2026-08-20T14:28:34.201Z,V15,Joplin,5f0dd8ad-486e-4238-8933-2b89499a6e18,SAMMS-JoplinV5
202608241333251278,202608241253387640,202608241253386616,88,5693,P1 Reference Preadmission Referral Source Bronze - V11,br_samms_preadmission_referral_source,TASK_COMPLETE,FAILED,ERROR,0,0,1,SavePreAdminReferrals Bronze ForEach failed,2026-08-24T12:53:42.369Z,2026-08-24T13:42:52.652Z,2950,2026-08-24T13:42:52.652Z,V11,VCPHCS-XI-NorthDenver,8f1806c1-b1f2-4ac5-b25b-086fec51b8fb,SAMMS-VCPHCS-XI-NorthDenverV5
202608241333251280,202608241253387641,202608241253386616,88,5694,P1 Reference Preadmission Referral Source Bronze - V12,br_samms_preadmission_referral_source,TASK_COMPLETE,FAILED,ERROR,0,0,1,SavePreAdminReferrals Bronze ForEach failed,2026-08-24T12:53:42.369Z,2026-08-24T13:42:52.652Z,2950,2026-08-24T13:42:52.652Z,V12,VCPHCS-XII-DowntownDenver,8f1806c1-b1f2-4ac5-b25b-086fec51b8fb,SAMMS-VCPHCS-XII-DowntownDenverV5
202608241333251282,202608241253387642,202608241253386616,88,5695,P1 Reference Preadmission Referral Source Bronze - V12A,br_samms_preadmission_referral_source,TASK_COMPLETE,FAILED,ERROR,0,0,1,SavePreAdminReferrals Bronze ForEach failed,2026-08-24T12:53:42.369Z,2026-08-24T13:42:52.652Z,2950,2026-08-24T13:42:52.652Z,V12A,Centennial,8f1806c1-b1f2-4ac5-b25b-086fec51b8fb,SAMMS-CentennialV5
202608241333251283,202608241253387643,202608241253386616,88,5696,P1 Reference Preadmission Referral Source Bronze - V14,br_samms_preadmission_referral_source,TASK_COMPLETE,FAILED,ERROR,0,0,1,SavePreAdminReferrals Bronze ForEach failed,2026-08-24T12:53:42.369Z,2026-08-24T13:42:52.652Z,2950,2026-08-24T13:42:52.652Z,V14,VCPHCS-XIV-Bridgeway,8f1806c1-b1f2-4ac5-b25b-086fec51b8fb,SAMMS-VCPHCS-XIV-BridgewayV5
202608241333251285,202608241253387644,202608241253386616,88,5697,P1 Reference Preadmission Referral Source Bronze - V15,br_samms_preadmission_referral_source,TASK_COMPLETE,FAILED,ERROR,0,0,1,SavePreAdminReferrals Bronze ForEach failed,2026-08-24T12:53:42.369Z,2026-08-24T13:42:52.652Z,2950,2026-08-24T13:42:52.652Z,V15,Joplin,8f1806c1-b1f2-4ac5-b25b-086fec51b8fb,SAMMS-JoplinV5
202608241333251287,202608241253387645,202608241253386616,88,5698,P1 Reference Preadmission Referral Source Bronze - V17,br_samms_preadmission_referral_source,TASK_COMPLETE,FAILED,ERROR,0,0,1,SavePreAdminReferrals Bronze ForEach failed,2026-08-24T12:53:42.369Z,2026-08-24T13:42:52.652Z,2950,2026-08-24T13:42:52.652Z,V17,ColumbiaTN,8f1806c1-b1f2-4ac5-b25b-086fec51b8fb,SAMMS-ColumbiaTNv5
202608241333251289,202608241253387646,202608241253386616,88,5699,P1 Reference Preadmission Referral Source Bronze - V19,br_samms_preadmission_referral_source,TASK_COMPLETE,FAILED,ERROR,0,0,1,SavePreAdminReferrals Bronze ForEach failed,2026-08-24T12:53:42.369Z,2026-08-24T13:42:52.652Z,2950,2026-08-24T13:42:52.652Z,V19,Jackson,8f1806c1-b1f2-4ac5-b25b-086fec51b8fb,SAMMS-JacksonV5
202608241333251291,202608241253387647,202608241253386616,88,5700,P1 Reference Preadmission Referral Source Bronze - V20,br_samms_preadmission_referral_source,TASK_COMPLETE,FAILED,ERROR,0,0,1,SavePreAdminReferrals Bronze ForEach failed,2026-08-24T12:53:42.369Z,2026-08-24T13:42:52.652Z,2950,2026-08-24T13:42:52.652Z,V20,Paris,8f1806c1-b1f2-4ac5-b25b-086fec51b8fb,SAMMS-ParisV5
202608241333251293,202608241253387648,202608241253386616,88,5701,P1 Reference Preadmission Referral Source Bronze - V21,br_samms_preadmission_referral_source,TASK_COMPLETE,FAILED,ERROR,0,0,1,SavePreAdminReferrals Bronze ForEach failed,2026-08-24T12:53:42.369Z,2026-08-24T13:42:52.652Z,2950,2026-08-24T13:42:52.652Z,V21,Raleigh,8f1806c1-b1f2-4ac5-b25b-086fec51b8fb,SAMMS-RaleighV5
202608241333251295,202608241253387649,202608241253386616,88,5702,P1 Reference Preadmission Referral Source Bronze - V5,br_samms_preadmission_referral_source,TASK_COMPLETE,FAILED,ERROR,0,0,1,SavePreAdminReferrals Bronze ForEach failed,2026-08-24T12:53:42.369Z,2026-08-24T13:42:52.652Z,2950,2026-08-24T13:42:52.652Z,V5,NONTC,8f1806c1-b1f2-4ac5-b25b-086fec51b8fb,SAMMS-NONTCv5
202608241333251297,202608241253387650,202608241253386616,88,5703,P1 Reference Preadmission Referral Source Bronze - V5B,br_samms_preadmission_referral_source,TASK_COMPLETE,FAILED,ERROR,0,0,1,SavePreAdminReferrals Bronze ForEach failed,2026-08-24T12:53:42.369Z,2026-08-24T13:42:52.652Z,2950,2026-08-24T13:42:52.652Z,V5B,Houma,8f1806c1-b1f2-4ac5-b25b-086fec51b8fb,SAMMS-HoumaV6
202608241333251299,202608241253387651,202608241253386616,88,5704,P1 Reference Preadmission Referral Source Bronze - V6,br_samms_preadmission_referral_source,TASK_COMPLETE,FAILED,ERROR,0,0,1,SavePreAdminReferrals Bronze ForEach failed,2026-08-24T12:53:42.369Z,2026-08-24T13:42:52.652Z,2950,2026-08-24T13:42:52.652Z,V6,LC,8f1806c1-b1f2-4ac5-b25b-086fec51b8fb,SAMMS-LCv5
202608241333251301,202608241253387652,202608241253386616,88,5705,P1 Reference Preadmission Referral Source Bronze - V8,br_samms_preadmission_referral_source,TASK_COMPLETE,FAILED,ERROR,0,0,1,SavePreAdminReferrals Bronze ForEach failed,2026-08-24T12:53:42.369Z,2026-08-24T13:42:52.652Z,2950,2026-08-24T13:42:52.652Z,V8,VCPHCS-VIII-Memphis,8f1806c1-b1f2-4ac5-b25b-086fec51b8fb,SAMMS-VCPHCS-VIII-MemphisV5
202608241333251303,202608241253387653,202608241253386616,88,5706,P1 Reference Preadmission Referral Source Bronze - V9,br_samms_preadmission_referral_source,TASK_COMPLETE,FAILED,ERROR,0,0,1,SavePreAdminReferrals Bronze ForEach failed,2026-08-24T12:53:42.369Z,2026-08-24T13:42:52.652Z,2950,2026-08-24T13:42:52.652Z,V9,Nashville,8f1806c1-b1f2-4ac5-b25b-086fec51b8fb,SAMMS-NashvilleV5
202608241448407116,202608241408172826,202608241408171802,88,5693,P1 Reference Preadmission Referral Source Bronze - V11,br_samms_preadmission_referral_source,TASK_COMPLETE,FAILED,ERROR,0,0,1,SavePreAdminReferrals Bronze ForEach failed,2026-08-24T14:08:21.733Z,2026-08-24T15:03:37.584Z,3316,2026-08-24T15:03:37.584Z,V11,VCPHCS-XI-NorthDenver,6c7532c9-dcb1-40a3-beaa-690039713dec,SAMMS-VCPHCS-XI-NorthDenverV5
202608241448407118,202608241408172827,202608241408171802,88,5694,P1 Reference Preadmission Referral Source Bronze - V12,br_samms_preadmission_referral_source,TASK_COMPLETE,FAILED,ERROR,0,0,1,SavePreAdminReferrals Bronze ForEach failed,2026-08-24T14:08:21.733Z,2026-08-24T15:03:37.584Z,3316,2026-08-24T15:03:37.584Z,V12,VCPHCS-XII-DowntownDenver,6c7532c9-dcb1-40a3-beaa-690039713dec,SAMMS-VCPHCS-XII-DowntownDenverV5
202608241448407120,202608241408172828,202608241408171802,88,5695,P1 Reference Preadmission Referral Source Bronze - V12A,br_samms_preadmission_referral_source,TASK_COMPLETE,FAILED,ERROR,0,0,1,SavePreAdminReferrals Bronze ForEach failed,2026-08-24T14:08:21.733Z,2026-08-24T15:03:37.584Z,3316,2026-08-24T15:03:37.584Z,V12A,Centennial,6c7532c9-dcb1-40a3-beaa-690039713dec,SAMMS-CentennialV5
202608241448407122,202608241408172829,202608241408171802,88,5696,P1 Reference Preadmission Referral Source Bronze - V14,br_samms_preadmission_referral_source,TASK_COMPLETE,FAILED,ERROR,0,0,1,SavePreAdminReferrals Bronze ForEach failed,2026-08-24T14:08:21.733Z,2026-08-24T15:03:37.584Z,3316,2026-08-24T15:03:37.584Z,V14,VCPHCS-XIV-Bridgeway,6c7532c9-dcb1-40a3-beaa-690039713dec,SAMMS-VCPHCS-XIV-BridgewayV5
202608241448407124,202608241408172830,202608241408171802,88,5697,P1 Reference Preadmission Referral Source Bronze - V15,br_samms_preadmission_referral_source,TASK_COMPLETE,FAILED,ERROR,0,0,1,SavePreAdminReferrals Bronze ForEach failed,2026-08-24T14:08:21.733Z,2026-08-24T15:03:37.584Z,3316,2026-08-24T15:03:37.584Z,V15,Joplin,6c7532c9-dcb1-40a3-beaa-690039713dec,SAMMS-JoplinV5
202608241448407126,202608241408172831,202608241408171802,88,5698,P1 Reference Preadmission Referral Source Bronze - V17,br_samms_preadmission_referral_source,TASK_COMPLETE,FAILED,ERROR,0,0,1,SavePreAdminReferrals Bronze ForEach failed,2026-08-24T14:08:21.733Z,2026-08-24T15:03:37.584Z,3316,2026-08-24T15:03:37.584Z,V17,ColumbiaTN,6c7532c9-dcb1-40a3-beaa-690039713dec,SAMMS-ColumbiaTNv5
202608241448407128,202608241408172832,202608241408171802,88,5699,P1 Reference Preadmission Referral Source Bronze - V19,br_samms_preadmission_referral_source,TASK_COMPLETE,FAILED,ERROR,0,0,1,SavePreAdminReferrals Bronze ForEach failed,2026-08-24T14:08:21.733Z,2026-08-24T15:03:37.584Z,3316,2026-08-24T15:03:37.584Z,V19,Jackson,6c7532c9-dcb1-40a3-beaa-690039713dec,SAMMS-JacksonV5
202608241448407130,202608241408172833,202608241408171802,88,5700,P1 Reference Preadmission Referral Source Bronze - V20,br_samms_preadmission_referral_source,TASK_COMPLETE,FAILED,ERROR,0,0,1,SavePreAdminReferrals Bronze ForEach failed,2026-08-24T14:08:21.733Z,2026-08-24T15:03:37.584Z,3316,2026-08-24T15:03:37.584Z,V20,Paris,6c7532c9-dcb1-40a3-beaa-690039713dec,SAMMS-ParisV5
202608241448407132,202608241408172834,202608241408171802,88,5701,P1 Reference Preadmission Referral Source Bronze - V21,br_samms_preadmission_referral_source,TASK_COMPLETE,FAILED,ERROR,0,0,1,SavePreAdminReferrals Bronze ForEach failed,2026-08-24T14:08:21.733Z,2026-08-24T15:03:37.584Z,3316,2026-08-24T15:03:37.584Z,V21,Raleigh,6c7532c9-dcb1-40a3-beaa-690039713dec,SAMMS-RaleighV5
202608241448407134,202608241408172835,202608241408171802,88,5702,P1 Reference Preadmission Referral Source Bronze - V5,br_samms_preadmission_referral_source,TASK_COMPLETE,FAILED,ERROR,0,0,1,SavePreAdminReferrals Bronze ForEach failed,2026-08-24T14:08:21.733Z,2026-08-24T15:03:37.584Z,3316,2026-08-24T15:03:37.584Z,V5,NONTC,6c7532c9-dcb1-40a3-beaa-690039713dec,SAMMS-NONTCv5
202608241448407136,202608241408172836,202608241408171802,88,5703,P1 Reference Preadmission Referral Source Bronze - V5B,br_samms_preadmission_referral_source,TASK_COMPLETE,FAILED,ERROR,0,0,1,SavePreAdminReferrals Bronze ForEach failed,2026-08-24T14:08:21.733Z,2026-08-24T15:03:37.584Z,3316,2026-08-24T15:03:37.584Z,V5B,Houma,6c7532c9-dcb1-40a3-beaa-690039713dec,SAMMS-HoumaV6
202608241448407138,202608241408172837,202608241408171802,88,5704,P1 Reference Preadmission Referral Source Bronze - V6,br_samms_preadmission_referral_source,TASK_COMPLETE,FAILED,ERROR,0,0,1,SavePreAdminReferrals Bronze ForEach failed,2026-08-24T14:08:21.733Z,2026-08-24T15:03:37.584Z,3316,2026-08-24T15:03:37.584Z,V6,LC,6c7532c9-dcb1-40a3-beaa-690039713dec,SAMMS-LCv5
202608241448407140,202608241408172838,202608241408171802,88,5705,P1 Reference Preadmission Referral Source Bronze - V8,br_samms_preadmission_referral_source,TASK_COMPLETE,FAILED,ERROR,0,0,1,SavePreAdminReferrals Bronze ForEach failed,2026-08-24T14:08:21.733Z,2026-08-24T15:03:37.584Z,3316,2026-08-24T15:03:37.584Z,V8,VCPHCS-VIII-Memphis,6c7532c9-dcb1-40a3-beaa-690039713dec,SAMMS-VCPHCS-VIII-MemphisV5
202608241448407142,202608241408172839,202608241408171802,88,5706,P1 Reference Preadmission Referral Source Bronze - V9,br_samms_preadmission_referral_source,TASK_COMPLETE,FAILED,ERROR,0,0,1,SavePreAdminReferrals Bronze ForEach failed,2026-08-24T14:08:21.733Z,2026-08-24T15:03:37.584Z,3316,2026-08-24T15:03:37.584Z,V9,Nashville,6c7532c9-dcb1-40a3-beaa-690039713dec,SAMMS-NashvilleV5
202608201425196517,202608201258109412,202608201258108173,46,9963,P1 Finance Payer Client Bronze - RMD,br_samms_payer_client,TASK_COMPLETE,SUCCESS,INFO,1199,1199,0,,2026-08-20T12:58:15.698Z,2026-08-20T14:28:34.201Z,5419,2026-08-20T14:28:34.201Z,RMD,Richmond,5f0dd8ad-486e-4238-8933-2b89499a6e18,SAMMS-Richmond
202608201425196520,202608201258109413,202608201258108173,46,9964,P1 Finance Payer Client Bronze - SFN,br_samms_payer_client,TASK_COMPLETE,SUCCESS,INFO,820,820,0,,2026-08-20T12:58:15.698Z,2026-08-20T14:28:34.201Z,5419,2026-08-20T14:28:34.201Z,SFN,SFN,5f0dd8ad-486e-4238-8933-2b89499a6e18,SAMMS-SFNv5
202608201425196522,202608201258109414,202608201258108173,46,9965,P1 Finance Payer Client Bronze - SHP,br_samms_payer_client,TASK_COMPLETE,SUCCESS,INFO,1036,1036,0,,2026-08-20T12:58:15.698Z,2026-08-20T14:28:34.201Z,5419,2026-08-20T14:28:34.201Z,SHP,Shreveport,5f0dd8ad-486e-4238-8933-2b89499a6e18,SAMMS-Shreveport
202608201425196524,202608201258109415,202608201258108173,46,9966,P1 Finance Payer Client Bronze - STN,br_samms_payer_client,TASK_COMPLETE,SUCCESS,INFO,532,532,0,,2026-08-20T12:58:15.698Z,2026-08-20T14:28:34.201Z,5419,2026-08-20T14:28:34.201Z,STN,Staunton,5f0dd8ad-486e-4238-8933-2b89499a6e18,SAMMS-Staunton
202608201425196526,202608201258109416,202608201258108173,46,9967,P1 Finance Payer Client Bronze - STVN,br_samms_payer_client,TASK_COMPLETE,SUCCESS,INFO,166,166,0,,2026-08-20T12:58:15.698Z,2026-08-20T14:28:34.201Z,5419,2026-08-20T14:28:34.201Z,STVN,Stevenson,5f0dd8ad-486e-4238-8933-2b89499a6e18,SAMMS-Stevenson
202608201425196527,202608201258109417,202608201258108173,46,9968,P1 Finance Payer Client Bronze - TE,br_samms_payer_client,TASK_COMPLETE,SUCCESS,INFO,222,222,0,,2026-08-20T12:58:15.698Z,2026-08-20T14:28:34.201Z,5419,2026-08-20T14:28:34.201Z,TE,Tempe,5f0dd8ad-486e-4238-8933-2b89499a6e18,SAMMS-Tempe
202608201425196529,202608201258109418,202608201258108173,46,9969,P1 Finance Payer Client Bronze - TEX,br_samms_payer_client,TASK_COMPLETE,SUCCESS,INFO,504,504,0,,2026-08-20T12:58:15.698Z,2026-08-20T14:28:34.201Z,5419,2026-08-20T14:28:34.201Z,TEX,Texarkana,5f0dd8ad-486e-4238-8933-2b89499a6e18,SAMMS-Texarkana
202608201425196532,202608201258109419,202608201258108173,46,9970,P1 Finance Payer Client Bronze - TTCA,br_samms_payer_client,TASK_COMPLETE,SUCCESS,INFO,964,964,0,,2026-08-20T12:58:15.698Z,2026-08-20T14:28:34.201Z,5419,2026-08-20T14:28:34.201Z,TTCA,Bessemer,5f0dd8ad-486e-4238-8933-2b89499a6e18,SAMMS-BessemerV5
202608201425196534,202608201258109420,202608201258108173,46,9971,P1 Finance Payer Client Bronze - TTCB,br_samms_payer_client,TASK_COMPLETE,SUCCESS,INFO,536,536,0,,2026-08-20T12:58:15.698Z,2026-08-20T14:28:34.201Z,5419,2026-08-20T14:28:34.201Z,TTCB,Cullman,5f0dd8ad-486e-4238-8933-2b89499a6e18,SAMMS-CullmanV5
202608201425196536,202608201258109421,202608201258108173,46,9972,P1 Finance Payer Client Bronze - TTCC,br_samms_payer_client,TASK_COMPLETE,SUCCESS,INFO,784,784,0,,2026-08-20T12:58:15.698Z,2026-08-20T14:28:34.201Z,5419,2026-08-20T14:28:34.201Z,TTCC,GrandBay,5f0dd8ad-486e-4238-8933-2b89499a6e18,SAMMS-GrandBay
202608201425196538,202608201258109422,202608201258108173,46,9973,P1 Finance Payer Client Bronze - TU,br_samms_payer_client,TASK_COMPLETE,SUCCESS,INFO,142,142,0,,2026-08-20T12:58:15.698Z,2026-08-20T14:28:34.201Z,5419,2026-08-20T14:28:34.201Z,TU,Tucson,5f0dd8ad-486e-4238-8933-2b89499a6e18,SAMMS-Tucson
202608201425196540,202608201258109423,202608201258108173,46,9974,P1 Finance Payer Client Bronze - V1,br_samms_payer_client,TASK_COMPLETE,SUCCESS,INFO,713,713,0,,2026-08-20T12:58:15.698Z,2026-08-20T14:28:34.201Z,5419,2026-08-20T14:28:34.201Z,V1,VCPHCS-I-Memphis,5f0dd8ad-486e-4238-8933-2b89499a6e18,SAMMS-VCPHCS-I-MemphisV5
202608201425196542,202608201258109424,202608201258108173,46,9975,P1 Finance Payer Client Bronze - V10,br_samms_payer_client,TASK_COMPLETE,SUCCESS,INFO,1198,1198,0,,2026-08-20T12:58:15.698Z,2026-08-20T14:28:34.201Z,5419,2026-08-20T14:28:34.201Z,V10,Boulder,5f0dd8ad-486e-4238-8933-2b89499a6e18,SAMMS-BoulderV5
202608201425196544,202608201258109425,202608201258108173,46,9976,P1 Finance Payer Client Bronze - V10A,br_samms_payer_client,TASK_COMPLETE,SUCCESS,INFO,3019,3019,0,,2026-08-20T12:58:15.698Z,2026-08-20T14:28:34.201Z,5419,2026-08-20T14:28:34.201Z,V10A,FortCollins,5f0dd8ad-486e-4238-8933-2b89499a6e18,SAMMS-FortCollinsV5
202608201425196546,202608201258109426,202608201258108173,46,9977,P1 Finance Payer Client Bronze - V11,br_samms_payer_client,TASK_COMPLETE,SUCCESS,INFO,2336,2336,0,,2026-08-20T12:58:15.698Z,2026-08-20T14:28:34.201Z,5419,2026-08-20T14:28:34.201Z,V11,VCPHCS-XI-NorthDenver,5f0dd8ad-486e-4238-8933-2b89499a6e18,SAMMS-VCPHCS-XI-NorthDenverV5
202608201425196548,202608201258109427,202608201258108173,46,9978,P1 Finance Payer Client Bronze - V12,br_samms_payer_client,TASK_COMPLETE,SUCCESS,INFO,1670,1670,0,,2026-08-20T12:58:15.698Z,2026-08-20T14:28:34.201Z,5419,2026-08-20T14:28:34.201Z,V12,VCPHCS-XII-DowntownDenver,5f0dd8ad-486e-4238-8933-2b89499a6e18,SAMMS-VCPHCS-XII-DowntownDenverV5
202608201425196550,202608201258109428,202608201258108173,46,9979,P1 Finance Payer Client Bronze - V12A,br_samms_payer_client,TASK_COMPLETE,SUCCESS,INFO,1191,1191,0,,2026-08-20T12:58:15.698Z,2026-08-20T14:28:34.201Z,5419,2026-08-20T14:28:34.201Z,V12A,Centennial,5f0dd8ad-486e-4238-8933-2b89499a6e18,SAMMS-CentennialV5
202608201425196552,202608201258109429,202608201258108173,46,9980,P1 Finance Payer Client Bronze - V14,br_samms_payer_client,TASK_COMPLETE,SUCCESS,INFO,305,305,0,,2026-08-20T12:58:15.698Z,2026-08-20T14:28:34.201Z,5419,2026-08-20T14:28:34.201Z,V14,VCPHCS-XIV-Bridgeway,5f0dd8ad-486e-4238-8933-2b89499a6e18,SAMMS-VCPHCS-XIV-BridgewayV5
202608201425196554,202608201258109430,202608201258108173,46,9981,P1 Finance Payer Client Bronze - V15,br_samms_payer_client,TASK_COMPLETE,SUCCESS,INFO,856,856,0,,2026-08-20T12:58:15.698Z,2026-08-20T14:28:34.201Z,5419,2026-08-20T14:28:34.201Z,V15,Joplin,5f0dd8ad-486e-4238-8933-2b89499a6e18,SAMMS-JoplinV5
202608201425196556,202608201258109431,202608201258108173,46,9982,P1 Finance Payer Client Bronze - V17,br_samms_payer_client,TASK_COMPLETE,SUCCESS,INFO,701,701,0,,2026-08-20T12:58:15.698Z,2026-08-20T14:28:34.201Z,5419,2026-08-20T14:28:34.201Z,V17,ColumbiaTN,5f0dd8ad-486e-4238-8933-2b89499a6e18,SAMMS-ColumbiaTNv5
202608201425196559,202608201258109432,202608201258108173,46,9983,P1 Finance Payer Client Bronze - V19,br_samms_payer_client,TASK_COMPLETE,SUCCESS,INFO,669,669,0,,2026-08-20T12:58:15.698Z,2026-08-20T14:28:34.201Z,5419,2026-08-20T14:28:34.201Z,V19,Jackson,5f0dd8ad-486e-4238-8933-2b89499a6e18,SAMMS-JacksonV5
202608201425196561,202608201258109433,202608201258108173,46,9984,P1 Finance Payer Client Bronze - V20,br_samms_payer_client,TASK_COMPLETE,SUCCESS,INFO,597,597,0,,2026-08-20T12:58:15.698Z,2026-08-20T14:28:34.201Z,5419,2026-08-20T14:28:34.201Z,V20,Paris,5f0dd8ad-486e-4238-8933-2b89499a6e18,SAMMS-ParisV5
202608201425195695,202608201258109645,202608201258108173,46,10202,P1 Finance Client Demo 1 Bronze - STN,br_samms_client_demo1,TASK_COMPLETE,SUCCESS,INFO,712,712,0,,2026-08-20T12:58:15.698Z,2026-08-20T14:28:34.201Z,5419,2026-08-20T14:28:34.201Z,STN,Staunton,5f0dd8ad-486e-4238-8933-2b89499a6e18,SAMMS-Staunton
202608201425195697,202608201258109646,202608201258108173,46,10203,P1 Finance Client Demo 1 Bronze - STVN,br_samms_client_demo1,TASK_COMPLETE,SUCCESS,INFO,675,675,0,,2026-08-20T12:58:15.698Z,2026-08-20T14:28:34.201Z,5419,2026-08-20T14:28:34.201Z,STVN,Stevenson,5f0dd8ad-486e-4238-8933-2b89499a6e18,SAMMS-Stevenson
202608201425195699,202608201258109647,202608201258108173,46,10204,P1 Finance Client Demo 1 Bronze - TE,br_samms_client_demo1,TASK_COMPLETE,SUCCESS,INFO,3939,3939,0,,2026-08-20T12:58:15.698Z,2026-08-20T14:28:34.201Z,5419,2026-08-20T14:28:34.201Z,TE,Tempe,5f0dd8ad-486e-4238-8933-2b89499a6e18,SAMMS-Tempe
202608201425195701,202608201258109648,202608201258108173,46,10205,P1 Finance Client Demo 1 Bronze - TEX,br_samms_client_demo1,TASK_COMPLETE,SUCCESS,INFO,698,698,0,,2026-08-20T12:58:15.698Z,2026-08-20T14:28:34.201Z,5419,2026-08-20T14:28:34.201Z,TEX,Texarkana,5f0dd8ad-486e-4238-8933-2b89499a6e18,SAMMS-Texarkana
202608201425195703,202608201258109649,202608201258108173,46,10206,P1 Finance Client Demo 1 Bronze - TTCA,br_samms_client_demo1,TASK_COMPLETE,SUCCESS,INFO,3861,3861,0,,2026-08-20T12:58:15.698Z,2026-08-20T14:28:34.201Z,5419,2026-08-20T14:28:34.201Z,TTCA,Bessemer,5f0dd8ad-486e-4238-8933-2b89499a6e18,SAMMS-BessemerV5
202608201425195705,202608201258109650,202608201258108173,46,10207,P1 Finance Client Demo 1 Bronze - TTCB,br_samms_client_demo1,TASK_COMPLETE,SUCCESS,INFO,3627,3627,0,,2026-08-20T12:58:15.698Z,2026-08-20T14:28:34.201Z,5419,2026-08-20T14:28:34.201Z,TTCB,Cullman,5f0dd8ad-486e-4238-8933-2b89499a6e18,SAMMS-CullmanV5
202608201425195707,202608201258109651,202608201258108173,46,10208,P1 Finance Client Demo 1 Bronze - TTCC,br_samms_client_demo1,TASK_COMPLETE,SUCCESS,INFO,3793,3793,0,,2026-08-20T12:58:15.698Z,2026-08-20T14:28:34.201Z,5419,2026-08-20T14:28:34.201Z,TTCC,GrandBay,5f0dd8ad-486e-4238-8933-2b89499a6e18,SAMMS-GrandBay
202608201425195709,202608201258109652,202608201258108173,46,10209,P1 Finance Client Demo 1 Bronze - TU,br_samms_client_demo1,TASK_COMPLETE,SUCCESS,INFO,3275,3275,0,,2026-08-20T12:58:15.698Z,2026-08-20T14:28:34.201Z,5419,2026-08-20T14:28:34.201Z,TU,Tucson,5f0dd8ad-486e-4238-8933-2b89499a6e18,SAMMS-Tucson
202608201425195711,202608201258109653,202608201258108173,46,10210,P1 Finance Client Demo 1 Bronze - V1,br_samms_client_demo1,TASK_COMPLETE,SUCCESS,INFO,2437,2437,0,,2026-08-20T12:58:15.698Z,2026-08-20T14:28:34.201Z,5419,2026-08-20T14:28:34.201Z,V1,VCPHCS-I-Memphis,5f0dd8ad-486e-4238-8933-2b89499a6e18,SAMMS-VCPHCS-I-MemphisV5
202608201425195713,202608201258109654,202608201258108173,46,10211,P1 Finance Client Demo 1 Bronze - V10,br_samms_client_demo1,TASK_COMPLETE,SUCCESS,INFO,3455,3455,0,,2026-08-20T12:58:15.698Z,2026-08-20T14:28:34.201Z,5419,2026-08-20T14:28:34.201Z,V10,Boulder,5f0dd8ad-486e-4238-8933-2b89499a6e18,SAMMS-BoulderV5
202608201425195715,202608201258109655,202608201258108173,46,10212,P1 Finance Client Demo 1 Bronze - V10A,br_samms_client_demo1,TASK_COMPLETE,SUCCESS,INFO,3905,3905,0,,2026-08-20T12:58:15.698Z,2026-08-20T14:28:34.201Z,5419,2026-08-20T14:28:34.201Z,V10A,FortCollins,5f0dd8ad-486e-4238-8933-2b89499a6e18,SAMMS-FortCollinsV5
202608201425195717,202608201258109656,202608201258108173,46,10213,P1 Finance Client Demo 1 Bronze - V11,br_samms_client_demo1,TASK_COMPLETE,SUCCESS,INFO,5277,5277,0,,2026-08-20T12:58:15.698Z,2026-08-20T14:28:34.201Z,5419,2026-08-20T14:28:34.201Z,V11,VCPHCS-XI-NorthDenver,5f0dd8ad-486e-4238-8933-2b89499a6e18,SAMMS-VCPHCS-XI-NorthDenverV5
202608201425195719,202608201258109657,202608201258108173,46,10214,P1 Finance Client Demo 1 Bronze - V12,br_samms_client_demo1,TASK_COMPLETE,SUCCESS,INFO,6459,6459,0,,2026-08-20T12:58:15.698Z,2026-08-20T14:28:34.201Z,5419,2026-08-20T14:28:34.201Z,V12,VCPHCS-XII-DowntownDenver,5f0dd8ad-486e-4238-8933-2b89499a6e18,SAMMS-VCPHCS-XII-DowntownDenverV5
202608201425195721,202608201258109658,202608201258108173,46,10215,P1 Finance Client Demo 1 Bronze - V12A,br_samms_client_demo1,TASK_COMPLETE,SUCCESS,INFO,1732,1732,0,,2026-08-20T12:58:15.698Z,2026-08-20T14:28:34.201Z,5419,2026-08-20T14:28:34.201Z,V12A,Centennial,5f0dd8ad-486e-4238-8933-2b89499a6e18,SAMMS-CentennialV5
202608201425195724,202608201258109659,202608201258108173,46,10216,P1 Finance Client Demo 1 Bronze - V14,br_samms_client_demo1,TASK_COMPLETE,SUCCESS,INFO,2685,2685,0,,2026-08-20T12:58:15.698Z,2026-08-20T14:28:34.201Z,5419,2026-08-20T14:28:34.201Z,V14,VCPHCS-XIV-Bridgeway,5f0dd8ad-486e-4238-8933-2b89499a6e18,SAMMS-VCPHCS-XIV-BridgewayV5
202608201425195726,202608201258109660,202608201258108173,46,10217,P1 Finance Client Demo 1 Bronze - V15,br_samms_client_demo1,TASK_COMPLETE,SUCCESS,INFO,2390,2390,0,,2026-08-20T12:58:15.698Z,2026-08-20T14:28:34.201Z,5419,2026-08-20T14:28:34.201Z,V15,Joplin,5f0dd8ad-486e-4238-8933-2b89499a6e18,SAMMS-JoplinV5
202608201425195728,202608201258109661,202608201258108173,46,10218,P1 Finance Client Demo 1 Bronze - V17,br_samms_client_demo1,TASK_COMPLETE,SUCCESS,INFO,2203,2203,0,,2026-08-20T12:58:15.698Z,2026-08-20T14:28:34.201Z,5419,2026-08-20T14:28:34.201Z,V17,ColumbiaTN,5f0dd8ad-486e-4238-8933-2b89499a6e18,SAMMS-ColumbiaTNv5
202608201425195730,202608201258109662,202608201258108173,46,10219,P1 Finance Client Demo 1 Bronze - V19,br_samms_client_demo1,TASK_COMPLETE,SUCCESS,INFO,2957,2957,0,,2026-08-20T12:58:15.698Z,2026-08-20T14:28:34.201Z,5419,2026-08-20T14:28:34.201Z,V19,Jackson,5f0dd8ad-486e-4238-8933-2b89499a6e18,SAMMS-JacksonV5
202608201425195732,202608201258109663,202608201258108173,46,10220,P1 Finance Client Demo 1 Bronze - V20,br_samms_client_demo1,TASK_COMPLETE,SUCCESS,INFO,2463,2463,0,,2026-08-20T12:58:15.698Z,2026-08-20T14:28:34.201Z,5419,2026-08-20T14:28:34.201Z,V20,Paris,5f0dd8ad-486e-4238-8933-2b89499a6e18,SAMMS-ParisV5
202608201425195734,202608201258109664,202608201258108173,46,10221,P1 Finance Client Demo 1 Bronze - V21,br_samms_client_demo1,TASK_COMPLETE,SUCCESS,INFO,2590,2590,0,,2026-08-20T12:58:15.698Z,2026-08-20T14:28:34.201Z,5419,2026-08-20T14:28:34.201Z,V21,Raleigh,5f0dd8ad-486e-4238-8933-2b89499a6e18,SAMMS-RaleighV5
202608201425195736,202608201258109665,202608201258108173,46,10222,P1 Finance Client Demo 1 Bronze - V5,br_samms_client_demo1,TASK_COMPLETE,SUCCESS,INFO,5060,5060,0,,2026-08-20T12:58:15.698Z,2026-08-20T14:28:34.201Z,5419,2026-08-20T14:28:34.201Z,V5,NONTC,5f0dd8ad-486e-4238-8933-2b89499a6e18,SAMMS-NONTCv5
202608201425195739,202608201258109666,202608201258108173,46,10223,P1 Finance Client Demo 1 Bronze - V5B,br_samms_client_demo1,TASK_COMPLETE,SUCCESS,INFO,335,335,0,,2026-08-20T12:58:15.698Z,2026-08-20T14:28:34.201Z,5419,2026-08-20T14:28:34.201Z,V5B,Houma,5f0dd8ad-486e-4238-8933-2b89499a6e18,SAMMS-HoumaV6
202608201425196640,202608201258108669,202608201258108173,46,9205,P1 Finance Payer Client History Bronze - B55,br_samms_payer_clt_history,TASK_COMPLETE,SUCCESS,INFO,506,506,0,,2026-08-20T12:58:15.698Z,2026-08-20T14:28:34.201Z,5419,2026-08-20T14:28:34.201Z,B55,Shoals,5f0dd8ad-486e-4238-8933-2b89499a6e18,SAMMS-ShoalsV5
202608201425196641,202608201258108670,202608201258108173,46,9206,P1 Finance Payer Client History Bronze - B57,br_samms_payer_clt_history,TASK_COMPLETE,SUCCESS,INFO,206,206,0,,2026-08-20T12:58:15.698Z,2026-08-20T14:28:34.201Z,5419,2026-08-20T14:28:34.201Z,B57,Pawtucket,5f0dd8ad-486e-4238-8933-2b89499a6e18,SAMMS-Pawtucket
202608201425196643,202608201258108671,202608201258108173,46,9207,P1 Finance Payer Client History Bronze - B57A,br_samms_payer_clt_history,TASK_COMPLETE,SUCCESS,INFO,147,147,0,,2026-08-20T12:58:15.698Z,2026-08-20T14:28:34.201Z,5419,2026-08-20T14:28:34.201Z,B57A,Johnston,5f0dd8ad-486e-4238-8933-2b89499a6e18,SAMMS-Johnston
202608201425196644,202608201258108672,202608201258108173,46,9208,P1 Finance Payer Client History Bronze - B57B,br_samms_payer_clt_history,TASK_COMPLETE,SUCCESS,INFO,76,76,0,,2026-08-20T12:58:15.698Z,2026-08-20T14:28:34.201Z,5419,2026-08-20T14:28:34.201Z,B57B,Middletown,5f0dd8ad-486e-4238-8933-2b89499a6e18,SAMMS-Middletown
202608201425196646,202608201258108673,202608201258108173,46,9209,P1 Finance Payer Client History Bronze - B57C,br_samms_payer_clt_history,TASK_COMPLETE,SUCCESS,INFO,89,89,0,,2026-08-20T12:58:15.698Z,2026-08-20T14:28:34.201Z,5419,2026-08-20T14:28:34.201Z,B57C,Providence,5f0dd8ad-486e-4238-8933-2b89499a6e18,SAMMS-Providence
202608201425196647,202608201258108674,202608201258108173,46,9210,P1 Finance Payer Client History Bronze - B57D,br_samms_payer_clt_history,TASK_COMPLETE,SUCCESS,INFO,203,203,0,,2026-08-20T12:58:15.698Z,2026-08-20T14:28:34.201Z,5419,2026-08-20T14:28:34.201Z,B57D,Westerly,5f0dd8ad-486e-4238-8933-2b89499a6e18,SAMMS-Westerly
202608201425196649,202608201258108675,202608201258108173,46,9211,P1 Finance Payer Client History Bronze - B66A,br_samms_payer_clt_history,TASK_COMPLETE,SUCCESS,INFO,45,45,0,,2026-08-20T12:58:15.698Z,2026-08-20T14:28:34.201Z,5419,2026-08-20T14:28:34.201Z,B66A,Bremen,5f0dd8ad-486e-4238-8933-2b89499a6e18,SAMMS-Bremen
202608201425196650,202608201258108676,202608201258108173,46,9212,P1 Finance Payer Client History Bronze - B72,br_samms_payer_clt_history,TASK_COMPLETE,SUCCESS,INFO,128,128,0,,2026-08-20T12:58:15.698Z,2026-08-20T14:28:34.201Z,5419,2026-08-20T14:28:34.201Z,B72,Mobile-OBOT,5f0dd8ad-486e-4238-8933-2b89499a6e18,SAMMS-Mobile-OBOT
202608201425196652,202608201258108677,202608201258108173,46,9213,P1 Finance Payer Client History Bronze - B73,br_samms_payer_clt_history,TASK_COMPLETE,SUCCESS,INFO,79,79,0,,2026-08-20T12:58:15.698Z,2026-08-20T14:28:34.201Z,5419,2026-08-20T14:28:34.201Z,B73,Montgomery,5f0dd8ad-486e-4238-8933-2b89499a6e18,SAMMS-Montgomery
202608201425196653,202608201258108678,202608201258108173,46,9214,P1 Finance Payer Client History Bronze - B75,br_samms_payer_clt_history,TASK_COMPLETE,SUCCESS,INFO,200,200,0,,2026-08-20T12:58:15.698Z,2026-08-20T14:28:34.201Z,5419,2026-08-20T14:28:34.201Z,B75,Lawrence,5f0dd8ad-486e-4238-8933-2b89499a6e18,SAMMS-LawrenceV6
202608201425196655,202608201258108679,202608201258108173,46,9215,P1 Finance Payer Client History Bronze - B76,br_samms_payer_clt_history,TASK_COMPLETE,SUCCESS,INFO,24,24,0,,2026-08-20T12:58:15.698Z,2026-08-20T14:28:34.201Z,5419,2026-08-20T14:28:34.201Z,B76,Huntsville-OBOT,5f0dd8ad-486e-4238-8933-2b89499a6e18,SAMMS-Huntsville-OBOT
202608201425196656,202608201258108680,202608201258108173,46,9216,P1 Finance Payer Client History Bronze - BAT,br_samms_payer_clt_history,TASK_COMPLETE,SUCCESS,INFO,590,590,0,,2026-08-20T12:58:15.698Z,2026-08-20T14:28:34.201Z,5419,2026-08-20T14:28:34.201Z,BAT,Batesville,5f0dd8ad-486e-4238-8933-2b89499a6e18,SAMMS-Batesville
202608201425196658,202608201258108681,202608201258108173,46,9217,P1 Finance Payer Client History Bronze - BG,br_samms_payer_clt_history,TASK_COMPLETE,SUCCESS,INFO,487,487,0,,2026-08-20T12:58:15.698Z,2026-08-20T14:28:34.201Z,5419,2026-08-20T14:28:34.201Z,BG,BowlingGreen,5f0dd8ad-486e-4238-8933-2b89499a6e18,SAMMS-BowlingGreen
202608201425196660,202608201258108682,202608201258108173,46,9218,P1 Finance Payer Client History Bronze - BOI,br_samms_payer_clt_history,TASK_COMPLETE,SUCCESS,INFO,133,133,0,,2026-08-20T12:58:15.698Z,2026-08-20T14:28:34.201Z,5419,2026-08-20T14:28:34.201Z,BOI,Boise,5f0dd8ad-486e-4238-8933-2b89499a6e18,SAMMS-Boise
202608201425196661,202608201258108683,202608201258108173,46,9219,P1 Finance Payer Client History Bronze - CBCO,br_samms_payer_clt_history,TASK_COMPLETE,SUCCESS,INFO,309,309,0,,2026-08-20T12:58:15.698Z,2026-08-20T14:28:34.201Z,5419,2026-08-20T14:28:34.201Z,CBCO,CoeurdAlene,5f0dd8ad-486e-4238-8933-2b89499a6e18,SAMMS-CoeurdAleneV6
202608201425196663,202608201258108684,202608201258108173,46,9220,P1 Finance Payer Client History Bronze - CON,br_samms_payer_clt_history,TASK_COMPLETE,SUCCESS,INFO,486,486,0,,2026-08-20T12:58:15.698Z,2026-08-20T14:28:34.201Z,5419,2026-08-20T14:28:34.201Z,CON,Conway,5f0dd8ad-486e-4238-8933-2b89499a6e18,SAMMS-Conway
202608201425196665,202608201258108685,202608201258108173,46,9221,P1 Finance Payer Client History Bronze - D07,br_samms_payer_clt_history,TASK_COMPLETE,SUCCESS,INFO,767,767,0,,2026-08-20T12:58:15.698Z,2026-08-20T14:28:34.201Z,5419,2026-08-20T14:28:34.201Z,D07,Knoxville,5f0dd8ad-486e-4238-8933-2b89499a6e18,SAMMS-KnoxvilleV6
202608201425196666,202608201258108686,202608201258108173,46,9222,P1 Finance Payer Client History Bronze - D08,br_samms_payer_clt_history,TASK_COMPLETE,SUCCESS,INFO,370,370,0,,2026-08-20T12:58:15.698Z,2026-08-20T14:28:34.201Z,5419,2026-08-20T14:28:34.201Z,D08,Madison,5f0dd8ad-486e-4238-8933-2b89499a6e18,SAMMS-MadisonV6
202608201425196668,202608201258108687,202608201258108173,46,9223,P1 Finance Payer Client History Bronze - D09,br_samms_payer_clt_history,TASK_COMPLETE,SUCCESS,INFO,365,365,0,,2026-08-20T12:58:15.698Z,2026-08-20T14:28:34.201Z,5419,2026-08-20T14:28:34.201Z,D09,Murfreesboro,5f0dd8ad-486e-4238-8933-2b89499a6e18,SAMMS-MurfreesboroV6
202608201425196670,202608201258108688,202608201258108173,46,9224,P1 Finance Payer Client History Bronze - DA,br_samms_payer_clt_history,TASK_COMPLETE,SUCCESS,INFO,214,214,0,,2026-08-20T12:58:15.698Z,2026-08-20T14:28:34.201Z,5419,2026-08-20T14:28:34.201Z,DA,Davenport,5f0dd8ad-486e-4238-8933-2b89499a6e18,SAMMS-Davenport
202608201425196671,202608201258108689,202608201258108173,46,9225,P1 Finance Payer Client History Bronze - DM,br_samms_payer_clt_history,TASK_COMPLETE,SUCCESS,INFO,331,331,0,,2026-08-20T12:58:15.698Z,2026-08-20T14:28:34.201Z,5419,2026-08-20T14:28:34.201Z,DM,DesMoines,5f0dd8ad-486e-4238-8933-2b89499a6e18,SAMMS-DesMoines
202608201425196673,202608201258108690,202608201258108173,46,9226,P1 Finance Payer Client History Bronze - DRD-CO,br_samms_payer_clt_history,TASK_COMPLETE,SUCCESS,INFO,888,888,0,,2026-08-20T12:58:15.698Z,2026-08-20T14:28:34.201Z,5419,2026-08-20T14:28:34.201Z,DRD-CO,Columbia,5f0dd8ad-486e-4238-8933-2b89499a6e18,SAMMS-ColumbiaV5
202608260854401706,202608260654257253,202608260654255519,85,3002,Bronze INV,br_ReAssessment,TASK_COMPLETE,SUCCESS,INFO,0,0,0,,2026-08-26T06:54:31.515Z,2026-08-26T08:57:15.847Z,7364,2026-08-26T08:57:15.847Z,B34,Corbin,912d32aa-0b7f-4999-bf60-6670fe5985ea,SAMMS-CorbinV5
202608260854401707,202608260654257254,202608260654255519,85,3003,Bronze INV,br_ReAssessment,TASK_COMPLETE,SUCCESS,INFO,0,0,0,,2026-08-26T06:54:31.515Z,2026-08-26T08:57:15.847Z,7364,2026-08-26T08:57:15.847Z,B35,Lexington,912d32aa-0b7f-4999-bf60-6670fe5985ea,SAMMS-LexingtonV5
202608260854401708,202608260654257255,202608260654255519,85,3004,Bronze INV,br_ReAssessment,TASK_COMPLETE,SUCCESS,INFO,0,0,0,,2026-08-26T06:54:31.515Z,2026-08-26T08:57:15.847Z,7364,2026-08-26T08:57:15.847Z,B35A,Berea,912d32aa-0b7f-4999-bf60-6670fe5985ea,SAMMS-BereaV5
202608260854401709,202608260654257256,202608260654255519,85,3005,Bronze INV,br_ReAssessment,TASK_COMPLETE,SUCCESS,INFO,0,0,0,,2026-08-26T06:54:31.515Z,2026-08-26T08:57:15.847Z,7364,2026-08-26T08:57:15.847Z,B36,Asheville,912d32aa-0b7f-4999-bf60-6670fe5985ea,SAMMS-AshevilleV5
202608260854401710,202608260654257257,202608260654255519,85,3006,Bronze INV,br_ReAssessment,TASK_COMPLETE,SUCCESS,INFO,0,0,0,,2026-08-26T06:54:31.515Z,2026-08-26T08:57:15.847Z,7364,2026-08-26T08:57:15.847Z,B37,Clyde,912d32aa-0b7f-4999-bf60-6670fe5985ea,SAMMS-ClydeV5
202608260854401711,202608260654257258,202608260654255519,85,3007,Bronze INV,br_ReAssessment,TASK_COMPLETE,SUCCESS,INFO,0,0,0,,2026-08-26T06:54:31.515Z,2026-08-26T08:57:15.847Z,7364,2026-08-26T08:57:15.847Z,B38,Spartanburg,912d32aa-0b7f-4999-bf60-6670fe5985ea,SAMMS-SpartanburgV5
202608260854401712,202608260654257259,202608260654255519,85,3008,Bronze INV,br_ReAssessment,TASK_COMPLETE,SUCCESS,INFO,0,0,0,,2026-08-26T06:54:31.515Z,2026-08-26T08:57:15.847Z,7364,2026-08-26T08:57:15.847Z,B39,Aiken,912d32aa-0b7f-4999-bf60-6670fe5985ea,SAMMS-AikenV5
202608260854401713,202608260654257260,202608260654255519,85,3009,Bronze INV,br_ReAssessment,TASK_COMPLETE,SUCCESS,INFO,0,0,0,,2026-08-26T06:54:31.515Z,2026-08-26T08:57:15.847Z,7364,2026-08-26T08:57:15.847Z,B41,Chesapeake,912d32aa-0b7f-4999-bf60-6670fe5985ea,SAMMS-ChesapeakeV5
202608260854401715,202608260654257261,202608260654255519,85,3010,Bronze INV,br_ReAssessment,TASK_COMPLETE,SUCCESS,INFO,0,0,0,,2026-08-26T06:54:31.515Z,2026-08-26T08:57:15.847Z,7364,2026-08-26T08:57:15.847Z,B42,Virginia Beach,912d32aa-0b7f-4999-bf60-6670fe5985ea,SAMMS-VirginiaBeachV5
202608260854401716,202608260654257262,202608260654255519,85,3011,Bronze INV,br_ReAssessment,TASK_COMPLETE,SUCCESS,INFO,0,0,0,,2026-08-26T06:54:31.515Z,2026-08-26T08:57:15.847Z,7364,2026-08-26T08:57:15.847Z,B42A,Newport News,912d32aa-0b7f-4999-bf60-6670fe5985ea,SAMMS-NewportNewsV5
202608260854401717,202608260654257263,202608260654255519,85,3012,Bronze INV,br_ReAssessment,TASK_COMPLETE,SUCCESS,INFO,0,0,0,,2026-08-26T06:54:31.515Z,2026-08-26T08:57:15.847Z,7364,2026-08-26T08:57:15.847Z,B42B,Franklin,912d32aa-0b7f-4999-bf60-6670fe5985ea,SAMMS-FranklinV5
202608260854401718,202608260654257264,202608260654255519,85,3013,Bronze INV,br_ReAssessment,TASK_COMPLETE,SUCCESS,INFO,0,0,0,,2026-08-26T06:54:31.515Z,2026-08-26T08:57:15.847Z,7364,2026-08-26T08:57:15.847Z,B42C,Glen Allen,912d32aa-0b7f-4999-bf60-6670fe5985ea,SAMMS-GlenAllenV5
202608260854401719,202608260654257265,202608260654255519,85,3014,Bronze INV,br_ReAssessment,TASK_COMPLETE,SUCCESS,INFO,0,0,0,,2026-08-26T06:54:31.515Z,2026-08-26T08:57:15.847Z,7364,2026-08-26T08:57:15.847Z,B42D,Chesapeake South,912d32aa-0b7f-4999-bf60-6670fe5985ea,SAMMS-ChesapeakeSouthV5
202608260854401720,202608260654257266,202608260654255519,85,3015,Bronze INV,br_ReAssessment,TASK_COMPLETE,SUCCESS,INFO,0,0,0,,2026-08-26T06:54:31.515Z,2026-08-26T08:57:15.847Z,7364,2026-08-26T08:57:15.847Z,B44,Albany,912d32aa-0b7f-4999-bf60-6670fe5985ea,SAMMS-AlbanyV5
202608260854401721,202608260654257267,202608260654255519,85,3016,Bronze INV,br_ReAssessment,TASK_COMPLETE,SUCCESS,INFO,0,0,0,,2026-08-26T06:54:31.515Z,2026-08-26T08:57:15.847Z,7364,2026-08-26T08:57:15.847Z,B45,Tifton,912d32aa-0b7f-4999-bf60-6670fe5985ea,SAMMS-TiftonV5
202608260854401722,202608260654257268,202608260654255519,85,3017,Bronze INV,br_ReAssessment,TASK_COMPLETE,SUCCESS,INFO,0,0,0,,2026-08-26T06:54:31.515Z,2026-08-26T08:57:15.847Z,7364,2026-08-26T08:57:15.847Z,B46,Washington DC,912d32aa-0b7f-4999-bf60-6670fe5985ea,SAMMS-WashingtonDCv5
202608260854401723,202608260654257269,202608260654255519,85,3018,Bronze INV,br_ReAssessment,TASK_COMPLETE,SUCCESS,INFO,0,0,0,,2026-08-26T06:54:31.515Z,2026-08-26T08:57:15.847Z,7364,2026-08-26T08:57:15.847Z,B47,Mobile,912d32aa-0b7f-4999-bf60-6670fe5985ea,SAMMS-MobileV5
202608260854401724,202608260654257270,202608260654255519,85,3019,Bronze INV,br_ReAssessment,TASK_COMPLETE,SUCCESS,INFO,0,0,0,,2026-08-26T06:54:31.515Z,2026-08-26T08:57:15.847Z,7364,2026-08-26T08:57:15.847Z,B48,Tuscaloosa,912d32aa-0b7f-4999-bf60-6670fe5985ea,SAMMS-TuscaloosaV5
202608260854401725,202608260654257271,202608260654255519,85,3028,Bronze INV,br_ReAssessment,TASK_COMPLETE,SUCCESS,INFO,0,0,0,,2026-08-26T06:54:31.515Z,2026-08-26T08:57:15.847Z,7364,2026-08-26T08:57:15.847Z,B51,N. Little Rock (OTP),912d32aa-0b7f-4999-bf60-6670fe5985ea,SAMMS-NorthLittleRockV6
202608260854401727,202608260654257272,202608260654255519,85,3029,Bronze INV,br_ReAssessment,TASK_COMPLETE,SUCCESS,INFO,0,0,0,,2026-08-26T06:54:31.515Z,2026-08-26T08:57:15.847Z,7364,2026-08-26T08:57:15.847Z,B52,Jackson GA,912d32aa-0b7f-4999-bf60-6670fe5985ea,SAMMS-JacksonGAV5
202608260854401728,202608260654257273,202608260654255519,85,3030,Bronze INV,br_ReAssessment,TASK_COMPLETE,SUCCESS,INFO,0,0,0,,2026-08-26T06:54:31.515Z,2026-08-26T08:57:15.847Z,7364,2026-08-26T08:57:15.847Z,B54,Gadsden,912d32aa-0b7f-4999-bf60-6670fe5985ea,SAMMS-GadsdenV5
202608260854401729,202608260654257274,202608260654255519,85,3031,Bronze INV,br_ReAssessment,TASK_COMPLETE,SUCCESS,INFO,0,0,0,,2026-08-26T06:54:31.515Z,2026-08-26T08:57:15.847Z,7364,2026-08-26T08:57:15.847Z,B55,Shoals,912d32aa-0b7f-4999-bf60-6670fe5985ea,SAMMS-ShoalsV5
202608260854401730,202608260654257275,202608260654255519,85,3032,Bronze INV,br_ReAssessment,TASK_COMPLETE,SUCCESS,INFO,0,0,0,,2026-08-26T06:54:31.515Z,2026-08-26T08:57:15.847Z,7364,2026-08-26T08:57:15.847Z,B57,Pawtucket,912d32aa-0b7f-4999-bf60-6670fe5985ea,SAMMS-Pawtucket
202608260854401731,202608260654257276,202608260654255519,85,3033,Bronze INV,br_ReAssessment,TASK_COMPLETE,SUCCESS,INFO,12,12,0,,2026-08-26T06:54:31.515Z,2026-08-26T08:57:15.847Z,7364,2026-08-26T08:57:15.847Z,B57A,Johnston,912d32aa-0b7f-4999-bf60-6670fe5985ea,SAMMS-Johnston
202608260854401732,202608260654257277,202608260654255519,85,3034,Bronze INV,br_ReAssessment,TASK_COMPLETE,SUCCESS,INFO,0,0,0,,2026-08-26T06:54:31.515Z,2026-08-26T08:57:15.847Z,7364,2026-08-26T08:57:15.847Z,B57B,Middletown,912d32aa-0b7f-4999-bf60-6670fe5985ea,SAMMS-Middletown
202608260854401733,202608260654257278,202608260654255519,85,3035,Bronze INV,br_ReAssessment,TASK_COMPLETE,SUCCESS,INFO,1,1,0,,2026-08-26T06:54:31.515Z,2026-08-26T08:57:15.847Z,7364,2026-08-26T08:57:15.847Z,B57C,Providence,912d32aa-0b7f-4999-bf60-6670fe5985ea,SAMMS-Providence
202608260854401734,202608260654257279,202608260654255519,85,3036,Bronze INV,br_ReAssessment,TASK_COMPLETE,SUCCESS,INFO,32,32,0,,2026-08-26T06:54:31.515Z,2026-08-26T08:57:15.847Z,7364,2026-08-26T08:57:15.847Z,B57D,Westerly,912d32aa-0b7f-4999-bf60-6670fe5985ea,SAMMS-Westerly
202608260854401735,202608260654257280,202608260654255519,85,3040,Bronze INV,br_ReAssessment,TASK_COMPLETE,SUCCESS,INFO,0,0,0,,2026-08-26T06:54:31.515Z,2026-08-26T08:57:15.847Z,7364,2026-08-26T08:57:15.847Z,B66A,Bremen,912d32aa-0b7f-4999-bf60-6670fe5985ea,SAMMS-Bremen
202608260854401736,202608260654257281,202608260654255519,85,3043,Bronze INV,br_ReAssessment,TASK_COMPLETE,SUCCESS,INFO,0,0,0,,2026-08-26T06:54:31.515Z,2026-08-26T08:57:15.847Z,7364,2026-08-26T08:57:15.847Z,B72,Mobile (OBOT),912d32aa-0b7f-4999-bf60-6670fe5985ea,SAMMS-Mobile-OBOT
202608260854401738,202608260654257282,202608260654255519,85,3044,Bronze INV,br_ReAssessment,TASK_COMPLETE,SUCCESS,INFO,0,0,0,,2026-08-26T06:54:31.515Z,2026-08-26T08:57:15.847Z,7364,2026-08-26T08:57:15.847Z,B73,Montgomery,912d32aa-0b7f-4999-bf60-6670fe5985ea,SAMMS-Montgomery
202608260854401739,202608260654257283,202608260654255519,85,3045,Bronze INV,br_ReAssessment,TASK_COMPLETE,SUCCESS,INFO,0,0,0,,2026-08-26T06:54:31.515Z,2026-08-26T08:57:15.847Z,7364,2026-08-26T08:57:15.847Z,B75,Lawrence,912d32aa-0b7f-4999-bf60-6670fe5985ea,SAMMS-LawrenceV6
202608260854401740,202608260654257284,202608260654255519,85,3046,Bronze INV,br_ReAssessment,TASK_COMPLETE,SUCCESS,INFO,0,0,0,,2026-08-26T06:54:31.515Z,2026-08-26T08:57:15.847Z,7364,2026-08-26T08:57:15.847Z,B76,Huntsville OBOT,912d32aa-0b7f-4999-bf60-6670fe5985ea,SAMMS-Huntsville-OBOT
202608260854401741,202608260654257285,202608260654255519,85,3047,Bronze INV,br_ReAssessment,TASK_COMPLETE,SUCCESS,INFO,0,0,0,,2026-08-26T06:54:31.515Z,2026-08-26T08:57:15.847Z,7364,2026-08-26T08:57:15.847Z,BAT,Batesville,912d32aa-0b7f-4999-bf60-6670fe5985ea,SAMMS-Batesville
202608260854401742,202608260654257286,202608260654255519,85,3048,Bronze INV,br_ReAssessment,TASK_COMPLETE,SUCCESS,INFO,0,0,0,,2026-08-26T06:54:31.515Z,2026-08-26T08:57:15.847Z,7364,2026-08-26T08:57:15.847Z,BG,Bowling Green,912d32aa-0b7f-4999-bf60-6670fe5985ea,SAMMS-BowlingGreen
202608260854401743,202608260654257287,202608260654255519,85,3049,Bronze INV,br_ReAssessment,TASK_COMPLETE,SUCCESS,INFO,0,0,0,,2026-08-26T06:54:31.515Z,2026-08-26T08:57:15.847Z,7364,2026-08-26T08:57:15.847Z,BOI,Boise,912d32aa-0b7f-4999-bf60-6670fe5985ea,SAMMS-Boise
202608260854401744,202608260654257288,202608260654255519,85,3056,Bronze INV,br_ReAssessment,TASK_COMPLETE,SUCCESS,INFO,0,0,0,,2026-08-26T06:54:31.515Z,2026-08-26T08:57:15.847Z,7364,2026-08-26T08:57:15.847Z,CBCO,Coeur dAlene,912d32aa-0b7f-4999-bf60-6670fe5985ea,SAMMS-CoeurdAleneV6
202608260854401745,202608260654257289,202608260654255519,85,3075,Bronze INV,br_ReAssessment,TASK_COMPLETE,SUCCESS,INFO,0,0,0,,2026-08-26T06:54:31.515Z,2026-08-26T08:57:15.847Z,7364,2026-08-26T08:57:15.847Z,CON,Conway,912d32aa-0b7f-4999-bf60-6670fe5985ea,SAMMS-Conway
202608260854401746,202608260654257290,202608260654255519,85,3076,Bronze INV,br_ReAssessment,TASK_COMPLETE,SUCCESS,INFO,0,0,0,,2026-08-26T06:54:31.515Z,2026-08-26T08:57:15.847Z,7364,2026-08-26T08:57:15.847Z,D07,Medical Services Knox TN,912d32aa-0b7f-4999-bf60-6670fe5985ea,SAMMS-KnoxvilleV6
202608201425194635,202608201258108364,202608201258108173,46,8893,P1 Finance PBI 3 Pay Auth Bronze - LV3,br_samms_pbi3_pay_auth,TASK_COMPLETE,SUCCESS,INFO,2063,2063,0,,2026-08-20T12:58:15.698Z,2026-08-20T14:28:34.201Z,5419,2026-08-20T14:28:34.201Z,LV3,McDaniel,5f0dd8ad-486e-4238-8933-2b89499a6e18,SAMMS-McDaniel
202608201425194637,202608201258108365,202608201258108173,46,8894,P1 Finance PBI 3 Pay Auth Bronze - MNRE,br_samms_pbi3_pay_auth,TASK_COMPLETE,SUCCESS,INFO,107,107,0,,2026-08-20T12:58:15.698Z,2026-08-20T14:28:34.201Z,5419,2026-08-20T14:28:34.201Z,MNRE,Monroe,5f0dd8ad-486e-4238-8933-2b89499a6e18,SAMMS-Monroe
202608201425194639,202608201258108366,202608201258108173,46,8895,P1 Finance PBI 3 Pay Auth Bronze - MP,br_samms_pbi3_pay_auth,TASK_COMPLETE,SUCCESS,INFO,5935,5935,0,,2026-08-20T12:58:15.698Z,2026-08-20T14:28:34.201Z,5419,2026-08-20T14:28:34.201Z,MP,MtPleasant,5f0dd8ad-486e-4238-8933-2b89499a6e18,SAMMS-MtPleasant
202608201425194641,202608201258108367,202608201258108173,46,8896,P1 Finance PBI 3 Pay Auth Bronze - MRD,br_samms_pbi3_pay_auth,TASK_COMPLETE,SUCCESS,INFO,101,101,0,,2026-08-20T12:58:15.698Z,2026-08-20T14:28:34.201Z,5419,2026-08-20T14:28:34.201Z,MRD,Meridian,5f0dd8ad-486e-4238-8933-2b89499a6e18,SAMMS-Meridian
202608201425194643,202608201258108368,202608201258108173,46,8897,P1 Finance PBI 3 Pay Auth Bronze - NC,br_samms_pbi3_pay_auth,TASK_COMPLETE,SUCCESS,INFO,339,339,0,,2026-08-20T12:58:15.698Z,2026-08-20T14:28:34.201Z,5419,2026-08-20T14:28:34.201Z,NC,NorthCharleston,5f0dd8ad-486e-4238-8933-2b89499a6e18,SAMMS-NorthCharleston
202608201425194645,202608201258108369,202608201258108173,46,8898,P1 Finance PBI 3 Pay Auth Bronze - NLR,br_samms_pbi3_pay_auth,TASK_COMPLETE,SUCCESS,INFO,281,281,0,,2026-08-20T12:58:15.698Z,2026-08-20T14:28:34.201Z,5419,2026-08-20T14:28:34.201Z,NLR,NLROBOT,5f0dd8ad-486e-4238-8933-2b89499a6e18,SAMMS-NLROBOT
202608201425194647,202608201258108370,202608201258108173,46,8899,P1 Finance PBI 3 Pay Auth Bronze - PH,br_samms_pbi3_pay_auth,TASK_COMPLETE,SUCCESS,INFO,115,115,0,,2026-08-20T12:58:15.698Z,2026-08-20T14:28:34.201Z,5419,2026-08-20T14:28:34.201Z,PH,Phoenix,5f0dd8ad-486e-4238-8933-2b89499a6e18,SAMMS-Phoenix
202608201425194649,202608201258108371,202608201258108173,46,8900,P1 Finance PBI 3 Pay Auth Bronze - RE,br_samms_pbi3_pay_auth,TASK_COMPLETE,SUCCESS,INFO,3398,3398,0,,2026-08-20T12:58:15.698Z,2026-08-20T14:28:34.201Z,5419,2026-08-20T14:28:34.201Z,RE,Reno,5f0dd8ad-486e-4238-8933-2b89499a6e18,SAMMS-Reno
202608201425194651,202608201258108372,202608201258108173,46,8901,P1 Finance PBI 3 Pay Auth Bronze - RMD,br_samms_pbi3_pay_auth,TASK_COMPLETE,SUCCESS,INFO,1136,1136,0,,2026-08-20T12:58:15.698Z,2026-08-20T14:28:34.201Z,5419,2026-08-20T14:28:34.201Z,RMD,Richmond,5f0dd8ad-486e-4238-8933-2b89499a6e18,SAMMS-Richmond
202608201425194653,202608201258108373,202608201258108173,46,8902,P1 Finance PBI 3 Pay Auth Bronze - SFN,br_samms_pbi3_pay_auth,TASK_COMPLETE,SUCCESS,INFO,310,310,0,,2026-08-20T12:58:15.698Z,2026-08-20T14:28:34.201Z,5419,2026-08-20T14:28:34.201Z,SFN,SFN,5f0dd8ad-486e-4238-8933-2b89499a6e18,SAMMS-SFNv5
202608201425194654,202608201258108374,202608201258108173,46,8903,P1 Finance PBI 3 Pay Auth Bronze - SHP,br_samms_pbi3_pay_auth,TASK_COMPLETE,SUCCESS,INFO,265,265,0,,2026-08-20T12:58:15.698Z,2026-08-20T14:28:34.201Z,5419,2026-08-20T14:28:34.201Z,SHP,Shreveport,5f0dd8ad-486e-4238-8933-2b89499a6e18,SAMMS-Shreveport
202608201425194656,202608201258108375,202608201258108173,46,8904,P1 Finance PBI 3 Pay Auth Bronze - STN,br_samms_pbi3_pay_auth,TASK_COMPLETE,SUCCESS,INFO,92,92,0,,2026-08-20T12:58:15.698Z,2026-08-20T14:28:34.201Z,5419,2026-08-20T14:28:34.201Z,STN,Staunton,5f0dd8ad-486e-4238-8933-2b89499a6e18,SAMMS-Staunton
202608201425194658,202608201258108376,202608201258108173,46,8905,P1 Finance PBI 3 Pay Auth Bronze - STVN,br_samms_pbi3_pay_auth,TASK_COMPLETE,SUCCESS,INFO,68,68,0,,2026-08-20T12:58:15.698Z,2026-08-20T14:28:34.201Z,5419,2026-08-20T14:28:34.201Z,STVN,Stevenson,5f0dd8ad-486e-4238-8933-2b89499a6e18,SAMMS-Stevenson
202608201425194660,202608201258108377,202608201258108173,46,8906,P1 Finance PBI 3 Pay Auth Bronze - TE,br_samms_pbi3_pay_auth,TASK_COMPLETE,SUCCESS,INFO,112,112,0,,2026-08-20T12:58:15.698Z,2026-08-20T14:28:34.201Z,5419,2026-08-20T14:28:34.201Z,TE,Tempe,5f0dd8ad-486e-4238-8933-2b89499a6e18,SAMMS-Tempe
202608201425194662,202608201258108378,202608201258108173,46,8907,P1 Finance PBI 3 Pay Auth Bronze - TEX,br_samms_pbi3_pay_auth,TASK_COMPLETE,SUCCESS,INFO,183,183,0,,2026-08-20T12:58:15.698Z,2026-08-20T14:28:34.201Z,5419,2026-08-20T14:28:34.201Z,TEX,Texarkana,5f0dd8ad-486e-4238-8933-2b89499a6e18,SAMMS-Texarkana
202608201425194664,202608201258108379,202608201258108173,46,8908,P1 Finance PBI 3 Pay Auth Bronze - TTCA,br_samms_pbi3_pay_auth,TASK_COMPLETE,SUCCESS,INFO,872,872,0,,2026-08-20T12:58:15.698Z,2026-08-20T14:28:34.201Z,5419,2026-08-20T14:28:34.201Z,TTCA,Bessemer,5f0dd8ad-486e-4238-8933-2b89499a6e18,SAMMS-BessemerV5
202608201425194666,202608201258108380,202608201258108173,46,8909,P1 Finance PBI 3 Pay Auth Bronze - TTCB,br_samms_pbi3_pay_auth,TASK_COMPLETE,SUCCESS,INFO,843,843,0,,2026-08-20T12:58:15.698Z,2026-08-20T14:28:34.201Z,5419,2026-08-20T14:28:34.201Z,TTCB,Cullman,5f0dd8ad-486e-4238-8933-2b89499a6e18,SAMMS-CullmanV5
202608201425194668,202608201258108381,202608201258108173,46,8910,P1 Finance PBI 3 Pay Auth Bronze - TTCC,br_samms_pbi3_pay_auth,TASK_COMPLETE,SUCCESS,INFO,570,570,0,,2026-08-20T12:58:15.698Z,2026-08-20T14:28:34.201Z,5419,2026-08-20T14:28:34.201Z,TTCC,GrandBay,5f0dd8ad-486e-4238-8933-2b89499a6e18,SAMMS-GrandBay
202608201425194670,202608201258108382,202608201258108173,46,8911,P1 Finance PBI 3 Pay Auth Bronze - TU,br_samms_pbi3_pay_auth,TASK_COMPLETE,SUCCESS,INFO,72,72,0,,2026-08-20T12:58:15.698Z,2026-08-20T14:28:34.201Z,5419,2026-08-20T14:28:34.201Z,TU,Tucson,5f0dd8ad-486e-4238-8933-2b89499a6e18,SAMMS-Tucson
202608201425194672,202608201258108383,202608201258108173,46,8912,P1 Finance PBI 3 Pay Auth Bronze - V1,br_samms_pbi3_pay_auth,TASK_COMPLETE,SUCCESS,INFO,270,270,0,,2026-08-20T12:58:15.698Z,2026-08-20T14:28:34.201Z,5419,2026-08-20T14:28:34.201Z,V1,VCPHCS-I-Memphis,5f0dd8ad-486e-4238-8933-2b89499a6e18,SAMMS-VCPHCS-I-MemphisV5
202608201425194674,202608201258108384,202608201258108173,46,8913,P1 Finance PBI 3 Pay Auth Bronze - V10,br_samms_pbi3_pay_auth,TASK_COMPLETE,SUCCESS,INFO,1248,1248,0,,2026-08-20T12:58:15.698Z,2026-08-20T14:28:34.201Z,5419,2026-08-20T14:28:34.201Z,V10,Boulder,5f0dd8ad-486e-4238-8933-2b89499a6e18,SAMMS-BoulderV5
202608201425194676,202608201258108385,202608201258108173,46,8914,P1 Finance PBI 3 Pay Auth Bronze - V10A,br_samms_pbi3_pay_auth,TASK_COMPLETE,SUCCESS,INFO,655,655,0,,2026-08-20T12:58:15.698Z,2026-08-20T14:28:34.201Z,5419,2026-08-20T14:28:34.201Z,V10A,FortCollins,5f0dd8ad-486e-4238-8933-2b89499a6e18,SAMMS-FortCollinsV5
202608201425196758,202608201258108735,202608201258108173,46,9271,P1 Finance Payer Client History Bronze - V12A,br_samms_payer_clt_history,TASK_COMPLETE,SUCCESS,INFO,642,642,0,,2026-08-20T12:58:15.698Z,2026-08-20T14:28:34.201Z,5419,2026-08-20T14:28:34.201Z,V12A,Centennial,5f0dd8ad-486e-4238-8933-2b89499a6e18,SAMMS-CentennialV5
202608201425196760,202608201258108736,202608201258108173,46,9272,P1 Finance Payer Client History Bronze - V14,br_samms_payer_clt_history,TASK_COMPLETE,SUCCESS,INFO,167,167,0,,2026-08-20T12:58:15.698Z,2026-08-20T14:28:34.201Z,5419,2026-08-20T14:28:34.201Z,V14,VCPHCS-XIV-Bridgeway,5f0dd8ad-486e-4238-8933-2b89499a6e18,SAMMS-VCPHCS-XIV-BridgewayV5
202608201425196762,202608201258108737,202608201258108173,46,9273,P1 Finance Payer Client History Bronze - V15,br_samms_payer_clt_history,TASK_COMPLETE,SUCCESS,INFO,800,800,0,,2026-08-20T12:58:15.698Z,2026-08-20T14:28:34.201Z,5419,2026-08-20T14:28:34.201Z,V15,Joplin,5f0dd8ad-486e-4238-8933-2b89499a6e18,SAMMS-JoplinV5
202608201425196764,202608201258108738,202608201258108173,46,9274,P1 Finance Payer Client History Bronze - V17,br_samms_payer_clt_history,TASK_COMPLETE,SUCCESS,INFO,361,361,0,,2026-08-20T12:58:15.698Z,2026-08-20T14:28:34.201Z,5419,2026-08-20T14:28:34.201Z,V17,ColumbiaTN,5f0dd8ad-486e-4238-8933-2b89499a6e18,SAMMS-ColumbiaTNv5
202608201425196766,202608201258108739,202608201258108173,46,9275,P1 Finance Payer Client History Bronze - V19,br_samms_payer_clt_history,TASK_COMPLETE,SUCCESS,INFO,373,373,0,,2026-08-20T12:58:15.698Z,2026-08-20T14:28:34.201Z,5419,2026-08-20T14:28:34.201Z,V19,Jackson,5f0dd8ad-486e-4238-8933-2b89499a6e18,SAMMS-JacksonV5
202608201425196768,202608201258108740,202608201258108173,46,9276,P1 Finance Payer Client History Bronze - V20,br_samms_payer_clt_history,TASK_COMPLETE,SUCCESS,INFO,250,250,0,,2026-08-20T12:58:15.698Z,2026-08-20T14:28:34.201Z,5419,2026-08-20T14:28:34.201Z,V20,Paris,5f0dd8ad-486e-4238-8933-2b89499a6e18,SAMMS-ParisV5
202608201425196771,202608201258108741,202608201258108173,46,9277,P1 Finance Payer Client History Bronze - V21,br_samms_payer_clt_history,TASK_COMPLETE,SUCCESS,INFO,256,256,0,,2026-08-20T12:58:15.698Z,2026-08-20T14:28:34.201Z,5419,2026-08-20T14:28:34.201Z,V21,Raleigh,5f0dd8ad-486e-4238-8933-2b89499a6e18,SAMMS-RaleighV5
202608201425196773,202608201258108742,202608201258108173,46,9278,P1 Finance Payer Client History Bronze - V5,br_samms_payer_clt_history,TASK_COMPLETE,SUCCESS,INFO,970,970,0,,2026-08-20T12:58:15.698Z,2026-08-20T14:28:34.201Z,5419,2026-08-20T14:28:34.201Z,V5,NONTC,5f0dd8ad-486e-4238-8933-2b89499a6e18,SAMMS-NONTCv5
202608201425196775,202608201258108743,202608201258108173,46,9279,P1 Finance Payer Client History Bronze - V5B,br_samms_payer_clt_history,TASK_COMPLETE,SUCCESS,INFO,216,216,0,,2026-08-20T12:58:15.698Z,2026-08-20T14:28:34.201Z,5419,2026-08-20T14:28:34.201Z,V5B,Houma,5f0dd8ad-486e-4238-8933-2b89499a6e18,SAMMS-HoumaV6
202608201425196777,202608201258108744,202608201258108173,46,9280,P1 Finance Payer Client History Bronze - V6,br_samms_payer_clt_history,TASK_COMPLETE,SUCCESS,INFO,730,730,0,,2026-08-20T12:58:15.698Z,2026-08-20T14:28:34.201Z,5419,2026-08-20T14:28:34.201Z,V6,LC,5f0dd8ad-486e-4238-8933-2b89499a6e18,SAMMS-LCv5
202608201425196780,202608201258108745,202608201258108173,46,9281,P1 Finance Payer Client History Bronze - V8,br_samms_payer_clt_history,TASK_COMPLETE,SUCCESS,INFO,438,438,0,,2026-08-20T12:58:15.698Z,2026-08-20T14:28:34.201Z,5419,2026-08-20T14:28:34.201Z,V8,VCPHCS-VIII-Memphis,5f0dd8ad-486e-4238-8933-2b89499a6e18,SAMMS-VCPHCS-VIII-MemphisV5
202608201425196782,202608201258108746,202608201258108173,46,9282,P1 Finance Payer Client History Bronze - V9,br_samms_payer_clt_history,TASK_COMPLETE,SUCCESS,INFO,650,650,0,,2026-08-20T12:58:15.698Z,2026-08-20T14:28:34.201Z,5419,2026-08-20T14:28:34.201Z,V9,Nashville,5f0dd8ad-486e-4238-8933-2b89499a6e18,SAMMS-NashvilleV5
202608201425196784,202608201258108747,202608201258108173,46,9283,P1 Finance Payer Client History Bronze - VBRA,br_samms_payer_clt_history,TASK_COMPLETE,SUCCESS,INFO,473,473,0,,2026-08-20T12:58:15.698Z,2026-08-20T14:28:34.201Z,5419,2026-08-20T14:28:34.201Z,VBRA,Brainerd,5f0dd8ad-486e-4238-8933-2b89499a6e18,SAMMS-BrainerdV6
202608201425196786,202608201258108748,202608201258108173,46,9284,P1 Finance Payer Client History Bronze - VBRP,br_samms_payer_clt_history,TASK_COMPLETE,SUCCESS,INFO,826,826,0,,2026-08-20T12:58:15.698Z,2026-08-20T14:28:34.201Z,5419,2026-08-20T14:28:34.201Z,VBRP,BrooklynPark,5f0dd8ad-486e-4238-8933-2b89499a6e18,SAMMS-BrooklynParkV6
202608201425196788,202608201258108749,202608201258108173,46,9285,P1 Finance Payer Client History Bronze - VMIN,br_samms_payer_clt_history,TASK_COMPLETE,SUCCESS,INFO,833,833,0,,2026-08-20T12:58:15.698Z,2026-08-20T14:28:34.201Z,5419,2026-08-20T14:28:34.201Z,VMIN,Minneapolis,5f0dd8ad-486e-4238-8933-2b89499a6e18,SAMMS-MinneapolisV6
202608201425196790,202608201258108750,202608201258108173,46,9286,P1 Finance Payer Client History Bronze - VWBY,br_samms_payer_clt_history,TASK_COMPLETE,SUCCESS,INFO,1623,1623,0,,2026-08-20T12:58:15.698Z,2026-08-20T14:28:34.201Z,5419,2026-08-20T14:28:34.201Z,VWBY,Woodbury,5f0dd8ad-486e-4238-8933-2b89499a6e18,SAMMS-WoodburyV6
202608201425196793,202608201258108751,202608201258108173,46,9287,P1 Finance Payer Client History Bronze - WIL,br_samms_payer_clt_history,TASK_COMPLETE,SUCCESS,INFO,228,228,0,,2026-08-20T12:58:15.698Z,2026-08-20T14:28:34.201Z,5419,2026-08-20T14:28:34.201Z,WIL,Wilson,5f0dd8ad-486e-4238-8933-2b89499a6e18,SAMMS-Wilson
202608201425196894,202608201258208178,202608201258208173,47,9288,P1 Finance Payer Client History Silver,tbl_PayerCltHistory,TASK_COMPLETE,SUCCESS,INFO,51662,51662,0,,2026-08-20T12:58:15.698Z,2026-08-20T14:28:34.201Z,5419,2026-08-20T14:28:34.201Z,,,5f0dd8ad-486e-4238-8933-2b89499a6e18,
202608201425196803,202608201258109445,202608201258108173,46,9999,P1 Finance Diag10 Bronze - AHK,br_samms_tbldiag10,TASK_COMPLETE,SUCCESS,INFO,231,231,0,,2026-08-20T12:58:15.698Z,2026-08-20T14:28:34.201Z,5419,2026-08-20T14:28:34.201Z,AHK,Ahoskie,5f0dd8ad-486e-4238-8933-2b89499a6e18,SAMMS-Ahoskie
202608201425196804,202608201258109446,202608201258108173,46,10000,P1 Finance Diag10 Bronze - B12B,br_samms_tbldiag10,TASK_COMPLETE,SUCCESS,INFO,1447,1447,0,,2026-08-20T12:58:15.698Z,2026-08-20T14:28:34.201Z,5419,2026-08-20T14:28:34.201Z,B12B,ColoradoSprings,5f0dd8ad-486e-4238-8933-2b89499a6e18,SAMMS-ColoradoSpringsV5
202608201425196806,202608201258109447,202608201258108173,46,10001,P1 Finance Diag10 Bronze - B24,br_samms_tbldiag10,TASK_COMPLETE,SUCCESS,INFO,2885,2885,0,,2026-08-20T12:58:15.698Z,2026-08-20T14:28:34.201Z,5419,2026-08-20T14:28:34.201Z,B24,Paintsville,5f0dd8ad-486e-4238-8933-2b89499a6e18,SAMMS-PaintsvilleV5
202608201425196807,202608201258109448,202608201258108173,46,10002,P1 Finance Diag10 Bronze - B25,br_samms_tbldiag10,TASK_COMPLETE,SUCCESS,INFO,1022,1022,0,,2026-08-20T12:58:15.698Z,2026-08-20T14:28:34.201Z,5419,2026-08-20T14:28:34.201Z,B25,Pikeville,5f0dd8ad-486e-4238-8933-2b89499a6e18,SAMMS-PikevilleV5
202608241448407023,202608241408172770,202608241408171802,88,5637,P1 Reference Preadmission Referral Source Bronze - B73,br_samms_preadmission_referral_source,TASK_COMPLETE,FAILED,ERROR,0,0,1,SavePreAdminReferrals Bronze ForEach failed,2026-08-24T14:08:21.733Z,2026-08-24T15:03:37.584Z,3316,2026-08-24T15:03:37.584Z,B73,Montgomery,6c7532c9-dcb1-40a3-beaa-690039713dec,SAMMS-Montgomery
202608241448407024,202608241408172771,202608241408171802,88,5638,P1 Reference Preadmission Referral Source Bronze - B75,br_samms_preadmission_referral_source,TASK_COMPLETE,FAILED,ERROR,0,0,1,SavePreAdminReferrals Bronze ForEach failed,2026-08-24T14:08:21.733Z,2026-08-24T15:03:37.584Z,3316,2026-08-24T15:03:37.584Z,B75,Lawrence,6c7532c9-dcb1-40a3-beaa-690039713dec,SAMMS-LawrenceV6
202608241448407026,202608241408172772,202608241408171802,88,5639,P1 Reference Preadmission Referral Source Bronze - B76,br_samms_preadmission_referral_source,TASK_COMPLETE,FAILED,ERROR,0,0,1,SavePreAdminReferrals Bronze ForEach failed,2026-08-24T14:08:21.733Z,2026-08-24T15:03:37.584Z,3316,2026-08-24T15:03:37.584Z,B76,Huntsville-OBOT,6c7532c9-dcb1-40a3-beaa-690039713dec,SAMMS-Huntsville-OBOT
202608241448407027,202608241408172773,202608241408171802,88,5640,P1 Reference Preadmission Referral Source Bronze - BAT,br_samms_preadmission_referral_source,TASK_COMPLETE,FAILED,ERROR,0,0,1,SavePreAdminReferrals Bronze ForEach failed,2026-08-24T14:08:21.733Z,2026-08-24T15:03:37.584Z,3316,2026-08-24T15:03:37.584Z,BAT,Batesville,6c7532c9-dcb1-40a3-beaa-690039713dec,SAMMS-Batesville
202608241448407029,202608241408172774,202608241408171802,88,5641,P1 Reference Preadmission Referral Source Bronze - BG,br_samms_preadmission_referral_source,TASK_COMPLETE,FAILED,ERROR,0,0,1,SavePreAdminReferrals Bronze ForEach failed,2026-08-24T14:08:21.733Z,2026-08-24T15:03:37.584Z,3316,2026-08-24T15:03:37.584Z,BG,BowlingGreen,6c7532c9-dcb1-40a3-beaa-690039713dec,SAMMS-BowlingGreen
202608241448407030,202608241408172775,202608241408171802,88,5642,P1 Reference Preadmission Referral Source Bronze - BOI,br_samms_preadmission_referral_source,TASK_COMPLETE,FAILED,ERROR,0,0,1,SavePreAdminReferrals Bronze ForEach failed,2026-08-24T14:08:21.733Z,2026-08-24T15:03:37.584Z,3316,2026-08-24T15:03:37.584Z,BOI,Boise,6c7532c9-dcb1-40a3-beaa-690039713dec,SAMMS-Boise
202608241448407031,202608241408172776,202608241408171802,88,5643,P1 Reference Preadmission Referral Source Bronze - CBCO,br_samms_preadmission_referral_source,TASK_COMPLETE,FAILED,ERROR,0,0,1,SavePreAdminReferrals Bronze ForEach failed,2026-08-24T14:08:21.733Z,2026-08-24T15:03:37.584Z,3316,2026-08-24T15:03:37.584Z,CBCO,CoeurdAlene,6c7532c9-dcb1-40a3-beaa-690039713dec,SAMMS-CoeurdAleneV6
202608241448407033,202608241408172777,202608241408171802,88,5644,P1 Reference Preadmission Referral Source Bronze - CON,br_samms_preadmission_referral_source,TASK_COMPLETE,FAILED,ERROR,0,0,1,SavePreAdminReferrals Bronze ForEach failed,2026-08-24T14:08:21.733Z,2026-08-24T15:03:37.584Z,3316,2026-08-24T15:03:37.584Z,CON,Conway,6c7532c9-dcb1-40a3-beaa-690039713dec,SAMMS-Conway
202608241448407035,202608241408172778,202608241408171802,88,5645,P1 Reference Preadmission Referral Source Bronze - D07,br_samms_preadmission_referral_source,TASK_COMPLETE,FAILED,ERROR,0,0,1,SavePreAdminReferrals Bronze ForEach failed,2026-08-24T14:08:21.733Z,2026-08-24T15:03:37.584Z,3316,2026-08-24T15:03:37.584Z,D07,Knoxville,6c7532c9-dcb1-40a3-beaa-690039713dec,SAMMS-KnoxvilleV6
202608241448407036,202608241408172779,202608241408171802,88,5646,P1 Reference Preadmission Referral Source Bronze - D08,br_samms_preadmission_referral_source,TASK_COMPLETE,FAILED,ERROR,0,0,1,SavePreAdminReferrals Bronze ForEach failed,2026-08-24T14:08:21.733Z,2026-08-24T15:03:37.584Z,3316,2026-08-24T15:03:37.584Z,D08,Madison,6c7532c9-dcb1-40a3-beaa-690039713dec,SAMMS-MadisonV6
202608241448407038,202608241408172780,202608241408171802,88,5647,P1 Reference Preadmission Referral Source Bronze - D09,br_samms_preadmission_referral_source,TASK_COMPLETE,FAILED,ERROR,0,0,1,SavePreAdminReferrals Bronze ForEach failed,2026-08-24T14:08:21.733Z,2026-08-24T15:03:37.584Z,3316,2026-08-24T15:03:37.584Z,D09,Murfreesboro,6c7532c9-dcb1-40a3-beaa-690039713dec,SAMMS-MurfreesboroV6
202608241448407039,202608241408172781,202608241408171802,88,5648,P1 Reference Preadmission Referral Source Bronze - DA,br_samms_preadmission_referral_source,TASK_COMPLETE,FAILED,ERROR,0,0,1,SavePreAdminReferrals Bronze ForEach failed,2026-08-24T14:08:21.733Z,2026-08-24T15:03:37.584Z,3316,2026-08-24T15:03:37.584Z,DA,Davenport,6c7532c9-dcb1-40a3-beaa-690039713dec,SAMMS-Davenport
202608241448407041,202608241408172782,202608241408171802,88,5649,P1 Reference Preadmission Referral Source Bronze - DM,br_samms_preadmission_referral_source,TASK_COMPLETE,FAILED,ERROR,0,0,1,SavePreAdminReferrals Bronze ForEach failed,2026-08-24T14:08:21.733Z,2026-08-24T15:03:37.584Z,3316,2026-08-24T15:03:37.584Z,DM,DesMoines,6c7532c9-dcb1-40a3-beaa-690039713dec,SAMMS-DesMoines
202608241448407042,202608241408172783,202608241408171802,88,5650,P1 Reference Preadmission Referral Source Bronze - DRD-CO,br_samms_preadmission_referral_source,TASK_COMPLETE,FAILED,ERROR,0,0,1,SavePreAdminReferrals Bronze ForEach failed,2026-08-24T14:08:21.733Z,2026-08-24T15:03:37.584Z,3316,2026-08-24T15:03:37.584Z,DRD-CO,Columbia,6c7532c9-dcb1-40a3-beaa-690039713dec,SAMMS-ColumbiaV5
202608221320322355,202608221237332104,202608221237331665,88,5096,P1 Reference Services Bronze - TTCA,br_samms_services,TASK_COMPLETE,SUCCESS,INFO,239,239,0,,2026-08-22T12:37:36.805Z,2026-08-22T13:23:02.807Z,2726,2026-08-22T13:23:02.807Z,TTCA,Bessemer,63818914-9c2b-4ff6-ac1c-35595835ab93,SAMMS-BessemerV5
202608221320322357,202608221237332105,202608221237331665,88,5097,P1 Reference Services Bronze - TTCB,br_samms_services,TASK_COMPLETE,SUCCESS,INFO,239,239,0,,2026-08-22T12:37:36.805Z,2026-08-22T13:23:02.807Z,2726,2026-08-22T13:23:02.807Z,TTCB,Cullman,63818914-9c2b-4ff6-ac1c-35595835ab93,SAMMS-CullmanV5
202608221320322359,202608221237332106,202608221237331665,88,5098,P1 Reference Services Bronze - TTCC,br_samms_services,TASK_COMPLETE,SUCCESS,INFO,239,239,0,,2026-08-22T12:37:36.805Z,2026-08-22T13:23:02.807Z,2726,2026-08-22T13:23:02.807Z,TTCC,GrandBay,63818914-9c2b-4ff6-ac1c-35595835ab93,SAMMS-GrandBay
202608221320322361,202608221237332107,202608221237331665,88,5099,P1 Reference Services Bronze - TU,br_samms_services,TASK_COMPLETE,SUCCESS,INFO,227,227,0,,2026-08-22T12:37:36.805Z,2026-08-22T13:23:02.807Z,2726,2026-08-22T13:23:02.807Z,TU,Tucson,63818914-9c2b-4ff6-ac1c-35595835ab93,SAMMS-Tucson
202608221320322363,202608221237332108,202608221237331665,88,5100,P1 Reference Services Bronze - V1,br_samms_services,TASK_COMPLETE,SUCCESS,INFO,245,245,0,,2026-08-22T12:37:36.805Z,2026-08-22T13:23:02.807Z,2726,2026-08-22T13:23:02.807Z,V1,VCPHCS-I-Memphis,63818914-9c2b-4ff6-ac1c-35595835ab93,SAMMS-VCPHCS-I-MemphisV5
202608221320322365,202608221237332109,202608221237331665,88,5101,P1 Reference Services Bronze - V10,br_samms_services,TASK_COMPLETE,SUCCESS,INFO,247,247,0,,2026-08-22T12:37:36.805Z,2026-08-22T13:23:02.807Z,2726,2026-08-22T13:23:02.807Z,V10,Boulder,63818914-9c2b-4ff6-ac1c-35595835ab93,SAMMS-BoulderV5
202608221320322368,202608221237332110,202608221237331665,88,5102,P1 Reference Services Bronze - V10A,br_samms_services,TASK_COMPLETE,SUCCESS,INFO,247,247,0,,2026-08-22T12:37:36.805Z,2026-08-22T13:23:02.807Z,2726,2026-08-22T13:23:02.807Z,V10A,FortCollins,63818914-9c2b-4ff6-ac1c-35595835ab93,SAMMS-FortCollinsV5
202608221320322370,202608221237332111,202608221237331665,88,5103,P1 Reference Services Bronze - V11,br_samms_services,TASK_COMPLETE,SUCCESS,INFO,247,247,0,,2026-08-22T12:37:36.805Z,2026-08-22T13:23:02.807Z,2726,2026-08-22T13:23:02.807Z,V11,VCPHCS-XI-NorthDenver,63818914-9c2b-4ff6-ac1c-35595835ab93,SAMMS-VCPHCS-XI-NorthDenverV5
202608221320322372,202608221237332112,202608221237331665,88,5104,P1 Reference Services Bronze - V12,br_samms_services,TASK_COMPLETE,SUCCESS,INFO,247,247,0,,2026-08-22T12:37:36.805Z,2026-08-22T13:23:02.807Z,2726,2026-08-22T13:23:02.807Z,V12,VCPHCS-XII-DowntownDenver,63818914-9c2b-4ff6-ac1c-35595835ab93,SAMMS-VCPHCS-XII-DowntownDenverV5
202608221320322374,202608221237332113,202608221237331665,88,5105,P1 Reference Services Bronze - V12A,br_samms_services,TASK_COMPLETE,SUCCESS,INFO,247,247,0,,2026-08-22T12:37:36.805Z,2026-08-22T13:23:02.807Z,2726,2026-08-22T13:23:02.807Z,V12A,Centennial,63818914-9c2b-4ff6-ac1c-35595835ab93,SAMMS-CentennialV5
202608221320322376,202608221237332114,202608221237331665,88,5106,P1 Reference Services Bronze - V14,br_samms_services,TASK_COMPLETE,SUCCESS,INFO,246,246,0,,2026-08-22T12:37:36.805Z,2026-08-22T13:23:02.807Z,2726,2026-08-22T13:23:02.807Z,V14,VCPHCS-XIV-Bridgeway,63818914-9c2b-4ff6-ac1c-35595835ab93,SAMMS-VCPHCS-XIV-BridgewayV5
202608221320322379,202608221237332115,202608221237331665,88,5107,P1 Reference Services Bronze - V15,br_samms_services,TASK_COMPLETE,SUCCESS,INFO,251,251,0,,2026-08-22T12:37:36.805Z,2026-08-22T13:23:02.807Z,2726,2026-08-22T13:23:02.807Z,V15,Joplin,63818914-9c2b-4ff6-ac1c-35595835ab93,SAMMS-JoplinV5
202608221320322381,202608221237332116,202608221237331665,88,5108,P1 Reference Services Bronze - V17,br_samms_services,TASK_COMPLETE,SUCCESS,INFO,245,245,0,,2026-08-22T12:37:36.805Z,2026-08-22T13:23:02.807Z,2726,2026-08-22T13:23:02.807Z,V17,ColumbiaTN,63818914-9c2b-4ff6-ac1c-35595835ab93,SAMMS-ColumbiaTNv5
202608221320322383,202608221237332117,202608221237331665,88,5109,P1 Reference Services Bronze - V19,br_samms_services,TASK_COMPLETE,SUCCESS,INFO,245,245,0,,2026-08-22T12:37:36.805Z,2026-08-22T13:23:02.807Z,2726,2026-08-22T13:23:02.807Z,V19,Jackson,63818914-9c2b-4ff6-ac1c-35595835ab93,SAMMS-JacksonV5
202608221320322386,202608221237332118,202608221237331665,88,5110,P1 Reference Services Bronze - V20,br_samms_services,TASK_COMPLETE,SUCCESS,INFO,245,245,0,,2026-08-22T12:37:36.805Z,2026-08-22T13:23:02.807Z,2726,2026-08-22T13:23:02.807Z,V20,Paris,63818914-9c2b-4ff6-ac1c-35595835ab93,SAMMS-ParisV5
202608221320322388,202608221237332119,202608221237331665,88,5111,P1 Reference Services Bronze - V21,br_samms_services,TASK_COMPLETE,SUCCESS,INFO,245,245,0,,2026-08-22T12:37:36.805Z,2026-08-22T13:23:02.807Z,2726,2026-08-22T13:23:02.807Z,V21,Raleigh,63818914-9c2b-4ff6-ac1c-35595835ab93,SAMMS-RaleighV5
202608221320322390,202608221237332120,202608221237331665,88,5112,P1 Reference Services Bronze - V5,br_samms_services,TASK_COMPLETE,SUCCESS,INFO,239,239,0,,2026-08-22T12:37:36.805Z,2026-08-22T13:23:02.807Z,2726,2026-08-22T13:23:02.807Z,V5,NONTC,63818914-9c2b-4ff6-ac1c-35595835ab93,SAMMS-NONTCv5
202608221320322392,202608221237332121,202608221237331665,88,5113,P1 Reference Services Bronze - V5B,br_samms_services,TASK_COMPLETE,SUCCESS,INFO,239,239,0,,2026-08-22T12:37:36.805Z,2026-08-22T13:23:02.807Z,2726,2026-08-22T13:23:02.807Z,V5B,Houma,63818914-9c2b-4ff6-ac1c-35595835ab93,SAMMS-HoumaV6
202608221320322395,202608221237332122,202608221237331665,88,5114,P1 Reference Services Bronze - V6,br_samms_services,TASK_COMPLETE,SUCCESS,INFO,239,239,0,,2026-08-22T12:37:36.805Z,2026-08-22T13:23:02.807Z,2726,2026-08-22T13:23:02.807Z,V6,LC,63818914-9c2b-4ff6-ac1c-35595835ab93,SAMMS-LCv5
202608221320322397,202608221237332123,202608221237331665,88,5115,P1 Reference Services Bronze - V8,br_samms_services,TASK_COMPLETE,SUCCESS,INFO,245,245,0,,2026-08-22T12:37:36.805Z,2026-08-22T13:23:02.807Z,2726,2026-08-22T13:23:02.807Z,V8,VCPHCS-VIII-Memphis,63818914-9c2b-4ff6-ac1c-35595835ab93,SAMMS-VCPHCS-VIII-MemphisV5
202608221320322399,202608221237332124,202608221237331665,88,5116,P1 Reference Services Bronze - V9,br_samms_services,TASK_COMPLETE,SUCCESS,INFO,246,246,0,,2026-08-22T12:37:36.805Z,2026-08-22T13:23:02.807Z,2726,2026-08-22T13:23:02.807Z,V9,Nashville,63818914-9c2b-4ff6-ac1c-35595835ab93,SAMMS-NashvilleV5
202608221320322402,202608221237332125,202608221237331665,88,5117,P1 Reference Services Bronze - VBRA,br_samms_services,TASK_COMPLETE,SUCCESS,INFO,241,241,0,,2026-08-22T12:37:36.805Z,2026-08-22T13:23:02.807Z,2726,2026-08-22T13:23:02.807Z,VBRA,Brainerd,63818914-9c2b-4ff6-ac1c-35595835ab93,SAMMS-BrainerdV6
202608221320322404,202608221237332126,202608221237331665,88,5118,P1 Reference Services Bronze - VBRP,br_samms_services,TASK_COMPLETE,SUCCESS,INFO,241,241,0,,2026-08-22T12:37:36.805Z,2026-08-22T13:23:02.807Z,2726,2026-08-22T13:23:02.807Z,VBRP,BrooklynPark,63818914-9c2b-4ff6-ac1c-35595835ab93,SAMMS-BrooklynParkV6
202608221320322407,202608221237332127,202608221237331665,88,5119,P1 Reference Services Bronze - VMIN,br_samms_services,TASK_COMPLETE,SUCCESS,INFO,241,241,0,,2026-08-22T12:37:36.805Z,2026-08-22T13:23:02.807Z,2726,2026-08-22T13:23:02.807Z,VMIN,Minneapolis,63818914-9c2b-4ff6-ac1c-35595835ab93,SAMMS-MinneapolisV6
202608221320322409,202608221237332128,202608221237331665,88,5120,P1 Reference Services Bronze - VWBY,br_samms_services,TASK_COMPLETE,SUCCESS,INFO,241,241,0,,2026-08-22T12:37:36.805Z,2026-08-22T13:23:02.807Z,2726,2026-08-22T13:23:02.807Z,VWBY,Woodbury,63818914-9c2b-4ff6-ac1c-35595835ab93,SAMMS-WoodburyV6
202608221320322411,202608221237332129,202608221237331665,88,5121,P1 Reference Services Bronze - WIL,br_samms_services,TASK_COMPLETE,SUCCESS,INFO,238,238,0,,2026-08-22T12:37:36.805Z,2026-08-22T13:23:02.807Z,2726,2026-08-22T13:23:02.807Z,WIL,Wilson,63818914-9c2b-4ff6-ac1c-35595835ab93,SAMMS-Wilson
202608221320322513,202608221237431669,202608221237431665,89,5122,P1 Reference Services Silver,tbl_SERVICES,TASK_COMPLETE,SUCCESS,INFO,27860,27858,0,,2026-08-22T12:37:36.805Z,2026-08-22T13:23:02.807Z,2726,2026-08-22T13:23:02.807Z,,,63818914-9c2b-4ff6-ac1c-35595835ab93,
202608241333251183,202608241253387584,202608241253386616,88,5637,P1 Reference Preadmission Referral Source Bronze - B73,br_samms_preadmission_referral_source,TASK_COMPLETE,FAILED,ERROR,0,0,1,SavePreAdminReferrals Bronze ForEach failed,2026-08-24T12:53:42.369Z,2026-08-24T13:42:52.652Z,2950,2026-08-24T13:42:52.652Z,B73,Montgomery,8f1806c1-b1f2-4ac5-b25b-086fec51b8fb,SAMMS-Montgomery
202608241333251185,202608241253387585,202608241253386616,88,5638,P1 Reference Preadmission Referral Source Bronze - B75,br_samms_preadmission_referral_source,TASK_COMPLETE,FAILED,ERROR,0,0,1,SavePreAdminReferrals Bronze ForEach failed,2026-08-24T12:53:42.369Z,2026-08-24T13:42:52.652Z,2950,2026-08-24T13:42:52.652Z,B75,Lawrence,8f1806c1-b1f2-4ac5-b25b-086fec51b8fb,SAMMS-LawrenceV6
202608241333251186,202608241253387586,202608241253386616,88,5639,P1 Reference Preadmission Referral Source Bronze - B76,br_samms_preadmission_referral_source,TASK_COMPLETE,FAILED,ERROR,0,0,1,SavePreAdminReferrals Bronze ForEach failed,2026-08-24T12:53:42.369Z,2026-08-24T13:42:52.652Z,2950,2026-08-24T13:42:52.652Z,B76,Huntsville-OBOT,8f1806c1-b1f2-4ac5-b25b-086fec51b8fb,SAMMS-Huntsville-OBOT
202608241333251188,202608241253387587,202608241253386616,88,5640,P1 Reference Preadmission Referral Source Bronze - BAT,br_samms_preadmission_referral_source,TASK_COMPLETE,FAILED,ERROR,0,0,1,SavePreAdminReferrals Bronze ForEach failed,2026-08-24T12:53:42.369Z,2026-08-24T13:42:52.652Z,2950,2026-08-24T13:42:52.652Z,BAT,Batesville,8f1806c1-b1f2-4ac5-b25b-086fec51b8fb,SAMMS-Batesville
202608241333251189,202608241253387588,202608241253386616,88,5641,P1 Reference Preadmission Referral Source Bronze - BG,br_samms_preadmission_referral_source,TASK_COMPLETE,FAILED,ERROR,0,0,1,SavePreAdminReferrals Bronze ForEach failed,2026-08-24T12:53:42.369Z,2026-08-24T13:42:52.652Z,2950,2026-08-24T13:42:52.652Z,BG,BowlingGreen,8f1806c1-b1f2-4ac5-b25b-086fec51b8fb,SAMMS-BowlingGreen
202608241333251191,202608241253387589,202608241253386616,88,5642,P1 Reference Preadmission Referral Source Bronze - BOI,br_samms_preadmission_referral_source,TASK_COMPLETE,FAILED,ERROR,0,0,1,SavePreAdminReferrals Bronze ForEach failed,2026-08-24T12:53:42.369Z,2026-08-24T13:42:52.652Z,2950,2026-08-24T13:42:52.652Z,BOI,Boise,8f1806c1-b1f2-4ac5-b25b-086fec51b8fb,SAMMS-Boise
202608241333251193,202608241253387590,202608241253386616,88,5643,P1 Reference Preadmission Referral Source Bronze - CBCO,br_samms_preadmission_referral_source,TASK_COMPLETE,FAILED,ERROR,0,0,1,SavePreAdminReferrals Bronze ForEach failed,2026-08-24T12:53:42.369Z,2026-08-24T13:42:52.652Z,2950,2026-08-24T13:42:52.652Z,CBCO,CoeurdAlene,8f1806c1-b1f2-4ac5-b25b-086fec51b8fb,SAMMS-CoeurdAleneV6
202608241333251194,202608241253387591,202608241253386616,88,5644,P1 Reference Preadmission Referral Source Bronze - CON,br_samms_preadmission_referral_source,TASK_COMPLETE,FAILED,ERROR,0,0,1,SavePreAdminReferrals Bronze ForEach failed,2026-08-24T12:53:42.369Z,2026-08-24T13:42:52.652Z,2950,2026-08-24T13:42:52.652Z,CON,Conway,8f1806c1-b1f2-4ac5-b25b-086fec51b8fb,SAMMS-Conway
202608241333251196,202608241253387592,202608241253386616,88,5645,P1 Reference Preadmission Referral Source Bronze - D07,br_samms_preadmission_referral_source,TASK_COMPLETE,FAILED,ERROR,0,0,1,SavePreAdminReferrals Bronze ForEach failed,2026-08-24T12:53:42.369Z,2026-08-24T13:42:52.652Z,2950,2026-08-24T13:42:52.652Z,D07,Knoxville,8f1806c1-b1f2-4ac5-b25b-086fec51b8fb,SAMMS-KnoxvilleV6
202608241333251197,202608241253387593,202608241253386616,88,5646,P1 Reference Preadmission Referral Source Bronze - D08,br_samms_preadmission_referral_source,TASK_COMPLETE,FAILED,ERROR,0,0,1,SavePreAdminReferrals Bronze ForEach failed,2026-08-24T12:53:42.369Z,2026-08-24T13:42:52.652Z,2950,2026-08-24T13:42:52.652Z,D08,Madison,8f1806c1-b1f2-4ac5-b25b-086fec51b8fb,SAMMS-MadisonV6
202608241333251199,202608241253387594,202608241253386616,88,5647,P1 Reference Preadmission Referral Source Bronze - D09,br_samms_preadmission_referral_source,TASK_COMPLETE,FAILED,ERROR,0,0,1,SavePreAdminReferrals Bronze ForEach failed,2026-08-24T12:53:42.369Z,2026-08-24T13:42:52.652Z,2950,2026-08-24T13:42:52.652Z,D09,Murfreesboro,8f1806c1-b1f2-4ac5-b25b-086fec51b8fb,SAMMS-MurfreesboroV6
202608241333251200,202608241253387595,202608241253386616,88,5648,P1 Reference Preadmission Referral Source Bronze - DA,br_samms_preadmission_referral_source,TASK_COMPLETE,FAILED,ERROR,0,0,1,SavePreAdminReferrals Bronze ForEach failed,2026-08-24T12:53:42.369Z,2026-08-24T13:42:52.652Z,2950,2026-08-24T13:42:52.652Z,DA,Davenport,8f1806c1-b1f2-4ac5-b25b-086fec51b8fb,SAMMS-Davenport
202608241333251202,202608241253387596,202608241253386616,88,5649,P1 Reference Preadmission Referral Source Bronze - DM,br_samms_preadmission_referral_source,TASK_COMPLETE,FAILED,ERROR,0,0,1,SavePreAdminReferrals Bronze ForEach failed,2026-08-24T12:53:42.369Z,2026-08-24T13:42:52.652Z,2950,2026-08-24T13:42:52.652Z,DM,DesMoines,8f1806c1-b1f2-4ac5-b25b-086fec51b8fb,SAMMS-DesMoines
202608241333251203,202608241253387597,202608241253386616,88,5650,P1 Reference Preadmission Referral Source Bronze - DRD-CO,br_samms_preadmission_referral_source,TASK_COMPLETE,FAILED,ERROR,0,0,1,SavePreAdminReferrals Bronze ForEach failed,2026-08-24T12:53:42.369Z,2026-08-24T13:42:52.652Z,2950,2026-08-24T13:42:52.652Z,DRD-CO,Columbia,8f1806c1-b1f2-4ac5-b25b-086fec51b8fb,SAMMS-ColumbiaV5
202608201425194957,202608201258109000,202608201258108173,46,9545,P1 Finance Claim Line Item Bronze - B41,br_samms_claim_line_item,TASK_COMPLETE,SUCCESS,INFO,1888290,1888290,0,,2026-08-20T12:58:15.698Z,2026-08-20T14:28:34.201Z,5419,2026-08-20T14:28:34.201Z,B41,Chesapeake,5f0dd8ad-486e-4238-8933-2b89499a6e18,SAMMS-ChesapeakeV5
202608201425194958,202608201258109001,202608201258108173,46,9546,P1 Finance Claim Line Item Bronze - B42,br_samms_claim_line_item,TASK_COMPLETE,SUCCESS,INFO,2525271,2525271,0,,2026-08-20T12:58:15.698Z,2026-08-20T14:28:34.201Z,5419,2026-08-20T14:28:34.201Z,B42,VirginiaBeach,5f0dd8ad-486e-4238-8933-2b89499a6e18,SAMMS-VirginiaBeachV5
202608201425194960,202608201258109002,202608201258108173,46,9547,P1 Finance Claim Line Item Bronze - B42A,br_samms_claim_line_item,TASK_COMPLETE,SUCCESS,INFO,1353971,1353971,0,,2026-08-20T12:58:15.698Z,2026-08-20T14:28:34.201Z,5419,2026-08-20T14:28:34.201Z,B42A,NewportNews,5f0dd8ad-486e-4238-8933-2b89499a6e18,SAMMS-NewportNewsV5
202608201425194961,202608201258109003,202608201258108173,46,9548,P1 Finance Claim Line Item Bronze - B42B,br_samms_claim_line_item,TASK_COMPLETE,SUCCESS,INFO,326699,326699,0,,2026-08-20T12:58:15.698Z,2026-08-20T14:28:34.201Z,5419,2026-08-20T14:28:34.201Z,B42B,Franklin,5f0dd8ad-486e-4238-8933-2b89499a6e18,SAMMS-FranklinV5
202608201425194962,202608201258109004,202608201258108173,46,9549,P1 Finance Claim Line Item Bronze - B42C,br_samms_claim_line_item,TASK_COMPLETE,SUCCESS,INFO,1416554,1416554,0,,2026-08-20T12:58:15.698Z,2026-08-20T14:28:34.201Z,5419,2026-08-20T14:28:34.201Z,B42C,GlenAllen,5f0dd8ad-486e-4238-8933-2b89499a6e18,SAMMS-GlenAllenV5
202608201425194964,202608201258109005,202608201258108173,46,9550,P1 Finance Claim Line Item Bronze - B42D,br_samms_claim_line_item,TASK_COMPLETE,SUCCESS,INFO,1001700,1001700,0,,2026-08-20T12:58:15.698Z,2026-08-20T14:28:34.201Z,5419,2026-08-20T14:28:34.201Z,B42D,ChesapeakeSouth,5f0dd8ad-486e-4238-8933-2b89499a6e18,SAMMS-ChesapeakeSouthV5
202608201425194965,202608201258109006,202608201258108173,46,9551,P1 Finance Claim Line Item Bronze - B44,br_samms_claim_line_item,TASK_COMPLETE,SUCCESS,INFO,75248,75248,0,,2026-08-20T12:58:15.698Z,2026-08-20T14:28:34.201Z,5419,2026-08-20T14:28:34.201Z,B44,Albany,5f0dd8ad-486e-4238-8933-2b89499a6e18,SAMMS-AlbanyV5
202608201425194967,202608201258109007,202608201258108173,46,9552,P1 Finance Claim Line Item Bronze - B45,br_samms_claim_line_item,TASK_COMPLETE,SUCCESS,INFO,103892,103892,0,,2026-08-20T12:58:15.698Z,2026-08-20T14:28:34.201Z,5419,2026-08-20T14:28:34.201Z,B45,Tifton,5f0dd8ad-486e-4238-8933-2b89499a6e18,SAMMS-TiftonV5
202608201425194968,202608201258109008,202608201258108173,46,9553,P1 Finance Claim Line Item Bronze - B46,br_samms_claim_line_item,TASK_COMPLETE,SUCCESS,INFO,977128,977128,0,,2026-08-20T12:58:15.698Z,2026-08-20T14:28:34.201Z,5419,2026-08-20T14:28:34.201Z,B46,WashingtonDC,5f0dd8ad-486e-4238-8933-2b89499a6e18,SAMMS-WashingtonDCv5
202608201425194970,202608201258109009,202608201258108173,46,9554,P1 Finance Claim Line Item Bronze - B47,br_samms_claim_line_item,TASK_COMPLETE,SUCCESS,INFO,425555,425555,0,,2026-08-20T12:58:15.698Z,2026-08-20T14:28:34.201Z,5419,2026-08-20T14:28:34.201Z,B47,Mobile,5f0dd8ad-486e-4238-8933-2b89499a6e18,SAMMS-MobileV5
202608201425194971,202608201258109010,202608201258108173,46,9555,P1 Finance Claim Line Item Bronze - B48,br_samms_claim_line_item,TASK_COMPLETE,SUCCESS,INFO,478972,478972,0,,2026-08-20T12:58:15.698Z,2026-08-20T14:28:34.201Z,5419,2026-08-20T14:28:34.201Z,B48,Tuscaloosa,5f0dd8ad-486e-4238-8933-2b89499a6e18,SAMMS-TuscaloosaV5
202608201425194973,202608201258109011,202608201258108173,46,9556,P1 Finance Claim Line Item Bronze - B51,br_samms_claim_line_item,TASK_COMPLETE,SUCCESS,INFO,59135,59135,0,,2026-08-20T12:58:15.698Z,2026-08-20T14:28:34.201Z,5419,2026-08-20T14:28:34.201Z,B51,NorthLittleRock,5f0dd8ad-486e-4238-8933-2b89499a6e18,SAMMS-NorthLittleRockV6
202608201425194974,202608201258109012,202608201258108173,46,9557,P1 Finance Claim Line Item Bronze - B52,br_samms_claim_line_item,TASK_COMPLETE,SUCCESS,INFO,41898,41898,0,,2026-08-20T12:58:15.698Z,2026-08-20T14:28:34.201Z,5419,2026-08-20T14:28:34.201Z,B52,JacksonGA,5f0dd8ad-486e-4238-8933-2b89499a6e18,SAMMS-JacksonGAV5
202608201425194975,202608201258109013,202608201258108173,46,9558,P1 Finance Claim Line Item Bronze - B54,br_samms_claim_line_item,TASK_COMPLETE,SUCCESS,INFO,510633,510633,0,,2026-08-20T12:58:15.698Z,2026-08-20T14:28:34.201Z,5419,2026-08-20T14:28:34.201Z,B54,Gadsden,5f0dd8ad-486e-4238-8933-2b89499a6e18,SAMMS-GadsdenV5
202608201425194977,202608201258109014,202608201258108173,46,9559,P1 Finance Claim Line Item Bronze - B55,br_samms_claim_line_item,TASK_COMPLETE,SUCCESS,INFO,454768,454768,0,,2026-08-20T12:58:15.698Z,2026-08-20T14:28:34.201Z,5419,2026-08-20T14:28:34.201Z,B55,Shoals,5f0dd8ad-486e-4238-8933-2b89499a6e18,SAMMS-ShoalsV5
202608201425194978,202608201258109015,202608201258108173,46,9560,P1 Finance Claim Line Item Bronze - B57,br_samms_claim_line_item,TASK_COMPLETE,SUCCESS,INFO,43158,43158,0,,2026-08-20T12:58:15.698Z,2026-08-20T14:28:34.201Z,5419,2026-08-20T14:28:34.201Z,B57,Pawtucket,5f0dd8ad-486e-4238-8933-2b89499a6e18,SAMMS-Pawtucket
202608201425194980,202608201258109016,202608201258108173,46,9561,P1 Finance Claim Line Item Bronze - B57A,br_samms_claim_line_item,TASK_COMPLETE,SUCCESS,INFO,50997,50997,0,,2026-08-20T12:58:15.698Z,2026-08-20T14:28:34.201Z,5419,2026-08-20T14:28:34.201Z,B57A,Johnston,5f0dd8ad-486e-4238-8933-2b89499a6e18,SAMMS-Johnston
202608201425194981,202608201258109017,202608201258108173,46,9562,P1 Finance Claim Line Item Bronze - B57B,br_samms_claim_line_item,TASK_COMPLETE,SUCCESS,INFO,18654,18654,0,,2026-08-20T12:58:15.698Z,2026-08-20T14:28:34.201Z,5419,2026-08-20T14:28:34.201Z,B57B,Middletown,5f0dd8ad-486e-4238-8933-2b89499a6e18,SAMMS-Middletown
202608201425194983,202608201258109018,202608201258108173,46,9563,P1 Finance Claim Line Item Bronze - B57C,br_samms_claim_line_item,TASK_COMPLETE,SUCCESS,INFO,39645,39645,0,,2026-08-20T12:58:15.698Z,2026-08-20T14:28:34.201Z,5419,2026-08-20T14:28:34.201Z,B57C,Providence,5f0dd8ad-486e-4238-8933-2b89499a6e18,SAMMS-Providence
202608201425194984,202608201258109019,202608201258108173,46,9564,P1 Finance Claim Line Item Bronze - B57D,br_samms_claim_line_item,TASK_COMPLETE,SUCCESS,INFO,69860,69860,0,,2026-08-20T12:58:15.698Z,2026-08-20T14:28:34.201Z,5419,2026-08-20T14:28:34.201Z,B57D,Westerly,5f0dd8ad-486e-4238-8933-2b89499a6e18,SAMMS-Westerly
202608201425194986,202608201258109020,202608201258108173,46,9565,P1 Finance Claim Line Item Bronze - B66A,br_samms_claim_line_item,TASK_COMPLETE,SUCCESS,INFO,820,820,0,,2026-08-20T12:58:15.698Z,2026-08-20T14:28:34.201Z,5419,2026-08-20T14:28:34.201Z,B66A,Bremen,5f0dd8ad-486e-4238-8933-2b89499a6e18,SAMMS-Bremen
202608201425194987,202608201258109021,202608201258108173,46,9566,P1 Finance Claim Line Item Bronze - B72,br_samms_claim_line_item,TASK_COMPLETE,SUCCESS,INFO,291,291,0,,2026-08-20T12:58:15.698Z,2026-08-20T14:28:34.201Z,5419,2026-08-20T14:28:34.201Z,B72,Mobile-OBOT,5f0dd8ad-486e-4238-8933-2b89499a6e18,SAMMS-Mobile-OBOT
202608201425196609,202608201258108647,202608201258108173,46,9183,P1 Finance Payer Client History Bronze - B33,br_samms_payer_clt_history,TASK_COMPLETE,SUCCESS,INFO,343,343,0,,2026-08-20T12:58:15.698Z,2026-08-20T14:28:34.201Z,5419,2026-08-20T14:28:34.201Z,B33,Paducah,5f0dd8ad-486e-4238-8933-2b89499a6e18,SAMMS-Paducah
202608201425196611,202608201258108648,202608201258108173,46,9184,P1 Finance Payer Client History Bronze - B34,br_samms_payer_clt_history,TASK_COMPLETE,SUCCESS,INFO,437,437,0,,2026-08-20T12:58:15.698Z,2026-08-20T14:28:34.201Z,5419,2026-08-20T14:28:34.201Z,B34,Corbin,5f0dd8ad-486e-4238-8933-2b89499a6e18,SAMMS-CorbinV5
202608201425196612,202608201258108649,202608201258108173,46,9185,P1 Finance Payer Client History Bronze - B35,br_samms_payer_clt_history,TASK_COMPLETE,SUCCESS,INFO,1279,1279,0,,2026-08-20T12:58:15.698Z,2026-08-20T14:28:34.201Z,5419,2026-08-20T14:28:34.201Z,B35,Lexington,5f0dd8ad-486e-4238-8933-2b89499a6e18,SAMMS-LexingtonV5
202608201425196613,202608201258108650,202608201258108173,46,9186,P1 Finance Payer Client History Bronze - B35A,br_samms_payer_clt_history,TASK_COMPLETE,SUCCESS,INFO,343,343,0,,2026-08-20T12:58:15.698Z,2026-08-20T14:28:34.201Z,5419,2026-08-20T14:28:34.201Z,B35A,Berea,5f0dd8ad-486e-4238-8933-2b89499a6e18,SAMMS-BereaV5
202608201425196614,202608201258108651,202608201258108173,46,9187,P1 Finance Payer Client History Bronze - B36,br_samms_payer_clt_history,TASK_COMPLETE,SUCCESS,INFO,650,650,0,,2026-08-20T12:58:15.698Z,2026-08-20T14:28:34.201Z,5419,2026-08-20T14:28:34.201Z,B36,Asheville,5f0dd8ad-486e-4238-8933-2b89499a6e18,SAMMS-AshevilleV5
202608201425196616,202608201258108652,202608201258108173,46,9188,P1 Finance Payer Client History Bronze - B37,br_samms_payer_clt_history,TASK_COMPLETE,SUCCESS,INFO,351,351,0,,2026-08-20T12:58:15.698Z,2026-08-20T14:28:34.201Z,5419,2026-08-20T14:28:34.201Z,B37,Clyde,5f0dd8ad-486e-4238-8933-2b89499a6e18,SAMMS-ClydeV5
202608201425196617,202608201258108653,202608201258108173,46,9189,P1 Finance Payer Client History Bronze - B38,br_samms_payer_clt_history,TASK_COMPLETE,SUCCESS,INFO,728,728,0,,2026-08-20T12:58:15.698Z,2026-08-20T14:28:34.201Z,5419,2026-08-20T14:28:34.201Z,B38,Spartanburg,5f0dd8ad-486e-4238-8933-2b89499a6e18,SAMMS-SpartanburgV5
202608201425196619,202608201258108654,202608201258108173,46,9190,P1 Finance Payer Client History Bronze - B39,br_samms_payer_clt_history,TASK_COMPLETE,SUCCESS,INFO,204,204,0,,2026-08-20T12:58:15.698Z,2026-08-20T14:28:34.201Z,5419,2026-08-20T14:28:34.201Z,B39,Aiken,5f0dd8ad-486e-4238-8933-2b89499a6e18,SAMMS-AikenV5
202608201425196620,202608201258108655,202608201258108173,46,9191,P1 Finance Payer Client History Bronze - B41,br_samms_payer_clt_history,TASK_COMPLETE,SUCCESS,INFO,336,336,0,,2026-08-20T12:58:15.698Z,2026-08-20T14:28:34.201Z,5419,2026-08-20T14:28:34.201Z,B41,Chesapeake,5f0dd8ad-486e-4238-8933-2b89499a6e18,SAMMS-ChesapeakeV5
202608201425196621,202608201258108656,202608201258108173,46,9192,P1 Finance Payer Client History Bronze - B42,br_samms_payer_clt_history,TASK_COMPLETE,SUCCESS,INFO,628,628,0,,2026-08-20T12:58:15.698Z,2026-08-20T14:28:34.201Z,5419,2026-08-20T14:28:34.201Z,B42,VirginiaBeach,5f0dd8ad-486e-4238-8933-2b89499a6e18,SAMMS-VirginiaBeachV5
202608201425196623,202608201258108657,202608201258108173,46,9193,P1 Finance Payer Client History Bronze - B42A,br_samms_payer_clt_history,TASK_COMPLETE,SUCCESS,INFO,435,435,0,,2026-08-20T12:58:15.698Z,2026-08-20T14:28:34.201Z,5419,2026-08-20T14:28:34.201Z,B42A,NewportNews,5f0dd8ad-486e-4238-8933-2b89499a6e18,SAMMS-NewportNewsV5
202608201425196624,202608201258108658,202608201258108173,46,9194,P1 Finance Payer Client History Bronze - B42B,br_samms_payer_clt_history,TASK_COMPLETE,SUCCESS,INFO,105,105,0,,2026-08-20T12:58:15.698Z,2026-08-20T14:28:34.201Z,5419,2026-08-20T14:28:34.201Z,B42B,Franklin,5f0dd8ad-486e-4238-8933-2b89499a6e18,SAMMS-FranklinV5
202608201425196625,202608201258108659,202608201258108173,46,9195,P1 Finance Payer Client History Bronze - B42C,br_samms_payer_clt_history,TASK_COMPLETE,SUCCESS,INFO,381,381,0,,2026-08-20T12:58:15.698Z,2026-08-20T14:28:34.201Z,5419,2026-08-20T14:28:34.201Z,B42C,GlenAllen,5f0dd8ad-486e-4238-8933-2b89499a6e18,SAMMS-GlenAllenV5
202608201425196627,202608201258108660,202608201258108173,46,9196,P1 Finance Payer Client History Bronze - B42D,br_samms_payer_clt_history,TASK_COMPLETE,SUCCESS,INFO,152,152,0,,2026-08-20T12:58:15.698Z,2026-08-20T14:28:34.201Z,5419,2026-08-20T14:28:34.201Z,B42D,ChesapeakeSouth,5f0dd8ad-486e-4238-8933-2b89499a6e18,SAMMS-ChesapeakeSouthV5
202608201425196628,202608201258108661,202608201258108173,46,9197,P1 Finance Payer Client History Bronze - B44,br_samms_payer_clt_history,TASK_COMPLETE,SUCCESS,INFO,68,68,0,,2026-08-20T12:58:15.698Z,2026-08-20T14:28:34.201Z,5419,2026-08-20T14:28:34.201Z,B44,Albany,5f0dd8ad-486e-4238-8933-2b89499a6e18,SAMMS-AlbanyV5
202608201425196630,202608201258108662,202608201258108173,46,9198,P1 Finance Payer Client History Bronze - B45,br_samms_payer_clt_history,TASK_COMPLETE,SUCCESS,INFO,140,140,0,,2026-08-20T12:58:15.698Z,2026-08-20T14:28:34.201Z,5419,2026-08-20T14:28:34.201Z,B45,Tifton,5f0dd8ad-486e-4238-8933-2b89499a6e18,SAMMS-TiftonV5
202608201425196631,202608201258108663,202608201258108173,46,9199,P1 Finance Payer Client History Bronze - B46,br_samms_payer_clt_history,TASK_COMPLETE,SUCCESS,INFO,514,514,0,,2026-08-20T12:58:15.698Z,2026-08-20T14:28:34.201Z,5419,2026-08-20T14:28:34.201Z,B46,WashingtonDC,5f0dd8ad-486e-4238-8933-2b89499a6e18,SAMMS-WashingtonDCv5
202608201425196633,202608201258108664,202608201258108173,46,9200,P1 Finance Payer Client History Bronze - B47,br_samms_payer_clt_history,TASK_COMPLETE,SUCCESS,INFO,395,395,0,,2026-08-20T12:58:15.698Z,2026-08-20T14:28:34.201Z,5419,2026-08-20T14:28:34.201Z,B47,Mobile,5f0dd8ad-486e-4238-8933-2b89499a6e18,SAMMS-MobileV5
202608201425196634,202608201258108665,202608201258108173,46,9201,P1 Finance Payer Client History Bronze - B48,br_samms_payer_clt_history,TASK_COMPLETE,SUCCESS,INFO,788,788,0,,2026-08-20T12:58:15.698Z,2026-08-20T14:28:34.201Z,5419,2026-08-20T14:28:34.201Z,B48,Tuscaloosa,5f0dd8ad-486e-4238-8933-2b89499a6e18,SAMMS-TuscaloosaV5
202608201425196635,202608201258108666,202608201258108173,46,9202,P1 Finance Payer Client History Bronze - B51,br_samms_payer_clt_history,TASK_COMPLETE,SUCCESS,INFO,178,178,0,,2026-08-20T12:58:15.698Z,2026-08-20T14:28:34.201Z,5419,2026-08-20T14:28:34.201Z,B51,NorthLittleRock,5f0dd8ad-486e-4238-8933-2b89499a6e18,SAMMS-NorthLittleRockV6
202608201425196637,202608201258108667,202608201258108173,46,9203,P1 Finance Payer Client History Bronze - B52,br_samms_payer_clt_history,TASK_COMPLETE,SUCCESS,INFO,186,186,0,,2026-08-20T12:58:15.698Z,2026-08-20T14:28:34.201Z,5419,2026-08-20T14:28:34.201Z,B52,JacksonGA,5f0dd8ad-486e-4238-8933-2b89499a6e18,SAMMS-JacksonGAV5
202608201425196639,202608201258108668,202608201258108173,46,9204,P1 Finance Payer Client History Bronze - B54,br_samms_payer_clt_history,TASK_COMPLETE,SUCCESS,INFO,503,503,0,,2026-08-20T12:58:15.698Z,2026-08-20T14:28:34.201Z,5419,2026-08-20T14:28:34.201Z,B54,Gadsden,5f0dd8ad-486e-4238-8933-2b89499a6e18,SAMMS-GadsdenV5
202608201425194484,202608201258108509,202608201258108173,46,9040,P1 Finance VW 3P Bill Sub Bronze - V20,br_samms_vw3p_bill_sub,TASK_COMPLETE,SUCCESS,INFO,3559,3559,0,,2026-08-20T12:58:15.698Z,2026-08-20T14:28:34.201Z,5419,2026-08-20T14:28:34.201Z,V20,Paris,5f0dd8ad-486e-4238-8933-2b89499a6e18,SAMMS-ParisV5
202608201425194486,202608201258108510,202608201258108173,46,9041,P1 Finance VW 3P Bill Sub Bronze - V21,br_samms_vw3p_bill_sub,TASK_COMPLETE,SUCCESS,INFO,2230,2230,0,,2026-08-20T12:58:15.698Z,2026-08-20T14:28:34.201Z,5419,2026-08-20T14:28:34.201Z,V21,Raleigh,5f0dd8ad-486e-4238-8933-2b89499a6e18,SAMMS-RaleighV5
202608201425194488,202608201258108511,202608201258108173,46,9042,P1 Finance VW 3P Bill Sub Bronze - V5,br_samms_vw3p_bill_sub,TASK_COMPLETE,SUCCESS,INFO,2331,2331,0,,2026-08-20T12:58:15.698Z,2026-08-20T14:28:34.201Z,5419,2026-08-20T14:28:34.201Z,V5,NONTC,5f0dd8ad-486e-4238-8933-2b89499a6e18,SAMMS-NONTCv5
202608201425194490,202608201258108512,202608201258108173,46,9043,P1 Finance VW 3P Bill Sub Bronze - V5B,br_samms_vw3p_bill_sub,TASK_COMPLETE,SUCCESS,INFO,470,470,0,,2026-08-20T12:58:15.698Z,2026-08-20T14:28:34.201Z,5419,2026-08-20T14:28:34.201Z,V5B,Houma,5f0dd8ad-486e-4238-8933-2b89499a6e18,SAMMS-HoumaV6
202608201425194493,202608201258108513,202608201258108173,46,9044,P1 Finance VW 3P Bill Sub Bronze - V6,br_samms_vw3p_bill_sub,TASK_COMPLETE,SUCCESS,INFO,2651,2651,0,,2026-08-20T12:58:15.698Z,2026-08-20T14:28:34.201Z,5419,2026-08-20T14:28:34.201Z,V6,LC,5f0dd8ad-486e-4238-8933-2b89499a6e18,SAMMS-LCv5
202608201425194495,202608201258108514,202608201258108173,46,9045,P1 Finance VW 3P Bill Sub Bronze - V8,br_samms_vw3p_bill_sub,TASK_COMPLETE,SUCCESS,INFO,3439,3439,0,,2026-08-20T12:58:15.698Z,2026-08-20T14:28:34.201Z,5419,2026-08-20T14:28:34.201Z,V8,VCPHCS-VIII-Memphis,5f0dd8ad-486e-4238-8933-2b89499a6e18,SAMMS-VCPHCS-VIII-MemphisV5
202608201425194498,202608201258108515,202608201258108173,46,9046,P1 Finance VW 3P Bill Sub Bronze - V9,br_samms_vw3p_bill_sub,TASK_COMPLETE,SUCCESS,INFO,6562,6562,0,,2026-08-20T12:58:15.698Z,2026-08-20T14:28:34.201Z,5419,2026-08-20T14:28:34.201Z,V9,Nashville,5f0dd8ad-486e-4238-8933-2b89499a6e18,SAMMS-NashvilleV5
202608201425194501,202608201258108516,202608201258108173,46,9047,P1 Finance VW 3P Bill Sub Bronze - VBRA,br_samms_vw3p_bill_sub,TASK_COMPLETE,SUCCESS,INFO,1062,1062,0,,2026-08-20T12:58:15.698Z,2026-08-20T14:28:34.201Z,5419,2026-08-20T14:28:34.201Z,VBRA,Brainerd,5f0dd8ad-486e-4238-8933-2b89499a6e18,SAMMS-BrainerdV6
202608201425194503,202608201258108517,202608201258108173,46,9048,P1 Finance VW 3P Bill Sub Bronze - VBRP,br_samms_vw3p_bill_sub,TASK_COMPLETE,SUCCESS,INFO,883,883,0,,2026-08-20T12:58:15.698Z,2026-08-20T14:28:34.201Z,5419,2026-08-20T14:28:34.201Z,VBRP,BrooklynPark,5f0dd8ad-486e-4238-8933-2b89499a6e18,SAMMS-BrooklynParkV6
202608201425194505,202608201258108518,202608201258108173,46,9049,P1 Finance VW 3P Bill Sub Bronze - VMIN,br_samms_vw3p_bill_sub,TASK_COMPLETE,SUCCESS,INFO,2330,2330,0,,2026-08-20T12:58:15.698Z,2026-08-20T14:28:34.201Z,5419,2026-08-20T14:28:34.201Z,VMIN,Minneapolis,5f0dd8ad-486e-4238-8933-2b89499a6e18,SAMMS-MinneapolisV6
202608201425194507,202608201258108519,202608201258108173,46,9050,P1 Finance VW 3P Bill Sub Bronze - VWBY,br_samms_vw3p_bill_sub,TASK_COMPLETE,SUCCESS,INFO,3115,3115,0,,2026-08-20T12:58:15.698Z,2026-08-20T14:28:34.201Z,5419,2026-08-20T14:28:34.201Z,VWBY,Woodbury,5f0dd8ad-486e-4238-8933-2b89499a6e18,SAMMS-WoodburyV6
202608201425194510,202608201258108520,202608201258108173,46,9051,P1 Finance VW 3P Bill Sub Bronze - WIL,br_samms_vw3p_bill_sub,TASK_COMPLETE,SUCCESS,INFO,811,811,0,,2026-08-20T12:58:15.698Z,2026-08-20T14:28:34.201Z,5419,2026-08-20T14:28:34.201Z,WIL,Wilson,5f0dd8ad-486e-4238-8933-2b89499a6e18,SAMMS-Wilson
202608201425194611,202608201258208176,202608201258208173,47,9052,P1 Finance VW 3P Bill Sub Silver,tbl_vw3pBillSub,TASK_COMPLETE,SUCCESS,INFO,356480,356476,0,,2026-08-20T12:58:15.698Z,2026-08-20T14:28:34.201Z,5419,2026-08-20T14:28:34.201Z,,,5f0dd8ad-486e-4238-8933-2b89499a6e18,
202608201425194521,202608201258108289,202608201258108173,46,8819,P1 Finance PBI 3 Pay Auth Bronze - AHK,br_samms_pbi3_pay_auth,TASK_COMPLETE,SUCCESS,INFO,61,61,0,,2026-08-20T12:58:15.698Z,2026-08-20T14:28:34.201Z,5419,2026-08-20T14:28:34.201Z,AHK,Ahoskie,5f0dd8ad-486e-4238-8933-2b89499a6e18,SAMMS-Ahoskie
202608201425194522,202608201258108290,202608201258108173,46,8820,P1 Finance PBI 3 Pay Auth Bronze - B12B,br_samms_pbi3_pay_auth,TASK_COMPLETE,SUCCESS,INFO,131,131,0,,2026-08-20T12:58:15.698Z,2026-08-20T14:28:34.201Z,5419,2026-08-20T14:28:34.201Z,B12B,ColoradoSprings,5f0dd8ad-486e-4238-8933-2b89499a6e18,SAMMS-ColoradoSpringsV5
202608201425194524,202608201258108291,202608201258108173,46,8821,P1 Finance PBI 3 Pay Auth Bronze - B24,br_samms_pbi3_pay_auth,TASK_COMPLETE,SUCCESS,INFO,1452,1452,0,,2026-08-20T12:58:15.698Z,2026-08-20T14:28:34.201Z,5419,2026-08-20T14:28:34.201Z,B24,Paintsville,5f0dd8ad-486e-4238-8933-2b89499a6e18,SAMMS-PaintsvilleV5
202608201425194525,202608201258108292,202608201258108173,46,8822,P1 Finance PBI 3 Pay Auth Bronze - B25,br_samms_pbi3_pay_auth,TASK_COMPLETE,SUCCESS,INFO,1767,1767,0,,2026-08-20T12:58:15.698Z,2026-08-20T14:28:34.201Z,5419,2026-08-20T14:28:34.201Z,B25,Pikeville,5f0dd8ad-486e-4238-8933-2b89499a6e18,SAMMS-PikevilleV5
202608201425194526,202608201258108293,202608201258108173,46,8823,P1 Finance PBI 3 Pay Auth Bronze - B26,br_samms_pbi3_pay_auth,TASK_COMPLETE,SUCCESS,INFO,4976,4976,0,,2026-08-20T12:58:15.698Z,2026-08-20T14:28:34.201Z,5419,2026-08-20T14:28:34.201Z,B26,Hazard,5f0dd8ad-486e-4238-8933-2b89499a6e18,SAMMS-HazardV5
202608201425194527,202608201258108294,202608201258108173,46,8824,P1 Finance PBI 3 Pay Auth Bronze - B27,br_samms_pbi3_pay_auth,TASK_COMPLETE,SUCCESS,INFO,158,158,0,,2026-08-20T12:58:15.698Z,2026-08-20T14:28:34.201Z,5419,2026-08-20T14:28:34.201Z,B27,Savannah,5f0dd8ad-486e-4238-8933-2b89499a6e18,SAMMS-SavannahV6
202608201425194529,202608201258108295,202608201258108173,46,8825,P1 Finance PBI 3 Pay Auth Bronze - B28,br_samms_pbi3_pay_auth,TASK_COMPLETE,SUCCESS,INFO,260,260,0,,2026-08-20T12:58:15.698Z,2026-08-20T14:28:34.201Z,5419,2026-08-20T14:28:34.201Z,B28,WestPlaines,5f0dd8ad-486e-4238-8933-2b89499a6e18,SAMMS-WestPlainesV5
202608201425194530,202608201258108296,202608201258108173,46,8826,P1 Finance PBI 3 Pay Auth Bronze - B29,br_samms_pbi3_pay_auth,TASK_COMPLETE,SUCCESS,INFO,341,341,0,,2026-08-20T12:58:15.698Z,2026-08-20T14:28:34.201Z,5419,2026-08-20T14:28:34.201Z,B29,PoplarBluff,5f0dd8ad-486e-4238-8933-2b89499a6e18,SAMMS-PoplarBluffV5
202608201425194531,202608201258108297,202608201258108173,46,8827,P1 Finance PBI 3 Pay Auth Bronze - B30,br_samms_pbi3_pay_auth,TASK_COMPLETE,SUCCESS,INFO,366,366,0,,2026-08-20T12:58:15.698Z,2026-08-20T14:28:34.201Z,5419,2026-08-20T14:28:34.201Z,B30,KCN,5f0dd8ad-486e-4238-8933-2b89499a6e18,SAMMS-KCNv5
202608192252096249,202608192152667162,202608192152666995,85,1976,Bronze INV,br_Bottle,TASK_COMPLETE,FAILED,ERROR,2227,2227,1,SAMMS INV pipeline failed. Check the failed parent/child activity run details.,2026-08-19T21:53:13.467Z,2026-08-19T22:54:29.012Z,3676,2026-08-19T22:54:29.012Z,DA,Davenport,2caac1da-4db4-431b-998d-21dc6fd03dce,SAMMS-Davenport
202608192252096250,202608192152667163,202608192152666995,85,1977,Bronze INV,br_Bottle,TASK_COMPLETE,FAILED,ERROR,1673,1673,1,SAMMS INV pipeline failed. Check the failed parent/child activity run details.,2026-08-19T21:53:13.467Z,2026-08-19T22:54:29.012Z,3676,2026-08-19T22:54:29.012Z,DM,Des Moines,2caac1da-4db4-431b-998d-21dc6fd03dce,SAMMS-DesMoines
202608192252096252,202608192152667164,202608192152666995,85,1979,Bronze INV,br_Bottle,TASK_COMPLETE,FAILED,ERROR,25550,25550,1,SAMMS INV pipeline failed. Check the failed parent/child activity run details.,2026-08-19T21:53:13.467Z,2026-08-19T22:54:29.012Z,3676,2026-08-19T22:54:29.012Z,DRD-CO,Columbia MO,2caac1da-4db4-431b-998d-21dc6fd03dce,SAMMS-ColumbiaV5
202608192252096253,202608192152667165,202608192152666995,85,1980,Bronze INV,br_Bottle,TASK_COMPLETE,FAILED,ERROR,24789,24789,1,SAMMS INV pipeline failed. Check the failed parent/child activity run details.,2026-08-19T21:53:13.467Z,2026-08-19T22:54:29.012Z,3676,2026-08-19T22:54:29.012Z,DRD-KC,KC,2caac1da-4db4-431b-998d-21dc6fd03dce,SAMMS-KCv5
202608192252096254,202608192152667166,202608192152666995,85,1981,Bronze INV,br_Bottle,TASK_COMPLETE,FAILED,ERROR,114115,114115,1,SAMMS INV pipeline failed. Check the failed parent/child activity run details.,2026-08-19T21:53:13.467Z,2026-08-19T22:54:29.012Z,3676,2026-08-19T22:54:29.012Z,DRD-KVB,KVB,2caac1da-4db4-431b-998d-21dc6fd03dce,SAMMS-KVBv5
202608192252096255,202608192152667167,202608192152666995,85,1982,Bronze INV,br_Bottle,TASK_COMPLETE,FAILED,ERROR,112922,112922,1,SAMMS INV pipeline failed. Check the failed parent/child activity run details.,2026-08-19T21:53:13.467Z,2026-08-19T22:54:29.012Z,3676,2026-08-19T22:54:29.012Z,DRD-KVC,KVC,2caac1da-4db4-431b-998d-21dc6fd03dce,SAMMS-KVCv5
202608192252096256,202608192152667168,202608192152666995,85,1983,Bronze INV,br_Bottle,TASK_COMPLETE,FAILED,ERROR,82086,82086,1,SAMMS INV pipeline failed. Check the failed parent/child activity run details.,2026-08-19T21:53:13.467Z,2026-08-19T22:54:29.012Z,3676,2026-08-19T22:54:29.012Z,DRD-NOLA,NOLA,2caac1da-4db4-431b-998d-21dc6fd03dce,SAMMS-NOLAv5
202608192252096257,202608192152667169,202608192152666995,85,1984,Bronze INV,br_Bottle,TASK_COMPLETE,FAILED,ERROR,65324,65324,1,SAMMS INV pipeline failed. Check the failed parent/child activity run details.,2026-08-19T21:53:13.467Z,2026-08-19T22:54:29.012Z,3676,2026-08-19T22:54:29.012Z,DRD-SF,Springfield,2caac1da-4db4-431b-998d-21dc6fd03dce,SAMMS-SFv5
202608192252096258,202608192152667170,202608192152666995,85,1986,Bronze INV,br_Bottle,TASK_COMPLETE,FAILED,ERROR,4231,4231,1,SAMMS INV pipeline failed. Check the failed parent/child activity run details.,2026-08-19T21:53:13.467Z,2026-08-19T22:54:29.012Z,3676,2026-08-19T22:54:29.012Z,ELC,Elizabeth City,2caac1da-4db4-431b-998d-21dc6fd03dce,SAMMS-ElizabethCity
202608192252096259,202608192152667171,202608192152666995,85,1987,Bronze INV,br_Bottle,TASK_COMPLETE,FAILED,ERROR,3057,3057,1,SAMMS INV pipeline failed. Check the failed parent/child activity run details.,2026-08-19T21:53:13.467Z,2026-08-19T22:54:29.012Z,3676,2026-08-19T22:54:29.012Z,ET,Elizabethtown,2caac1da-4db4-431b-998d-21dc6fd03dce,SAMMS-Elizabethtown
202608192252096261,202608192152667172,202608192152666995,85,1988,Bronze INV,br_Bottle,TASK_COMPLETE,FAILED,ERROR,0,0,1,SAMMS INV pipeline failed. Check the failed parent/child activity run details.,2026-08-19T21:53:13.467Z,2026-08-19T22:54:29.012Z,3676,2026-08-19T22:54:29.012Z,FAY,Fayetteville,2caac1da-4db4-431b-998d-21dc6fd03dce,SAMMS-Fayetteville
202608192252096262,202608192152667173,202608192152666995,85,1989,Bronze INV,br_Bottle,TASK_COMPLETE,FAILED,ERROR,2887,2887,1,SAMMS INV pipeline failed. Check the failed parent/child activity run details.,2026-08-19T21:53:13.467Z,2026-08-19T22:54:29.012Z,3676,2026-08-19T22:54:29.012Z,FR,Frankfort,2caac1da-4db4-431b-998d-21dc6fd03dce,SAMMS-Frankfort
202608192252096263,202608192152667174,202608192152666995,85,1990,Bronze INV,br_Bottle,TASK_COMPLETE,FAILED,ERROR,0,0,1,SAMMS INV pipeline failed. Check the failed parent/child activity run details.,2026-08-19T21:53:13.467Z,2026-08-19T22:54:29.012Z,3676,2026-08-19T22:54:29.012Z,FS,Fort Smith,2caac1da-4db4-431b-998d-21dc6fd03dce,SAMMS-FortSmith
202608192252096264,202608192152667175,202608192152666995,85,1991,Bronze INV,br_Bottle,TASK_COMPLETE,FAILED,ERROR,6145,6145,1,SAMMS INV pipeline failed. Check the failed parent/child activity run details.,2026-08-19T21:53:13.467Z,2026-08-19T22:54:29.012Z,3676,2026-08-19T22:54:29.012Z,FW,Fort Wayne,2caac1da-4db4-431b-998d-21dc6fd03dce,SAMMS-FortWayne
202608192252096265,202608192152667176,202608192152666995,85,1992,Bronze INV,br_Bottle,TASK_COMPLETE,FAILED,ERROR,2899,2899,1,SAMMS INV pipeline failed. Check the failed parent/child activity run details.,2026-08-19T21:53:13.467Z,2026-08-19T22:54:29.012Z,3676,2026-08-19T22:54:29.012Z,GAL,Gaylord,2caac1da-4db4-431b-998d-21dc6fd03dce,SAMMS-Gaylord
202608192252096266,202608192152667177,202608192152666995,85,1996,Bronze INV,br_Bottle,TASK_COMPLETE,FAILED,ERROR,42647,42647,1,SAMMS INV pipeline failed. Check the failed parent/child activity run details.,2026-08-19T21:53:13.467Z,2026-08-19T22:54:29.012Z,3676,2026-08-19T22:54:29.012Z,HGT,Hagerstown,2caac1da-4db4-431b-998d-21dc6fd03dce,SAMMS-Hagerstown
202608192252096267,202608192152667178,202608192152666995,85,1997,Bronze INV,br_Bottle,TASK_COMPLETE,FAILED,ERROR,8069,8069,1,SAMMS INV pipeline failed. Check the failed parent/child activity run details.,2026-08-19T21:53:13.467Z,2026-08-19T22:54:29.012Z,3676,2026-08-19T22:54:29.012Z,HNT,Huntsville,2caac1da-4db4-431b-998d-21dc6fd03dce,SAMMS-Huntsville
202608192252096268,202608192152667179,202608192152666995,85,1998,Bronze INV,br_Bottle,TASK_COMPLETE,FAILED,ERROR,0,0,1,SAMMS INV pipeline failed. Check the failed parent/child activity run details.,2026-08-19T21:53:13.467Z,2026-08-19T22:54:29.012Z,3676,2026-08-19T22:54:29.012Z,HS,Hot Springs,2caac1da-4db4-431b-998d-21dc6fd03dce,SAMMS-HotSprings
202608192252096269,202608192152667180,202608192152666995,85,1999,Bronze INV,br_Bottle,TASK_COMPLETE,FAILED,ERROR,0,0,1,SAMMS INV pipeline failed. Check the failed parent/child activity run details.,2026-08-19T21:53:13.467Z,2026-08-19T22:54:29.012Z,3676,2026-08-19T22:54:29.012Z,JON,Jonesboro,2caac1da-4db4-431b-998d-21dc6fd03dce,SAMMS-Jonesboro
202608192252096270,202608192152667181,202608192152666995,85,2001,Bronze INV,br_Bottle,TASK_COMPLETE,FAILED,ERROR,2646,2646,1,SAMMS INV pipeline failed. Check the failed parent/child activity run details.,2026-08-19T21:53:13.467Z,2026-08-19T22:54:29.012Z,3676,2026-08-19T22:54:29.012Z,LAN,Lansing,2caac1da-4db4-431b-998d-21dc6fd03dce,SAMMS-Lansing
202608192252096272,202608192152667182,202608192152666995,85,2002,Bronze INV,br_Bottle,TASK_COMPLETE,FAILED,ERROR,7348,7348,1,SAMMS INV pipeline failed. Check the failed parent/child activity run details.,2026-08-19T21:53:13.467Z,2026-08-19T22:54:29.012Z,3676,2026-08-19T22:54:29.012Z,LO,Louisville,2caac1da-4db4-431b-998d-21dc6fd03dce,SAMMS-Louisville
202608192252096273,202608192152667183,202608192152666995,85,2003,Bronze INV,br_Bottle,TASK_COMPLETE,FAILED,ERROR,2736,2736,1,SAMMS INV pipeline failed. Check the failed parent/child activity run details.,2026-08-19T21:53:13.467Z,2026-08-19T22:54:29.012Z,3676,2026-08-19T22:54:29.012Z,LV1,Cheyenne,2caac1da-4db4-431b-998d-21dc6fd03dce,SAMMS-Cheyenne
202608192252096274,202608192152667184,202608192152666995,85,2004,Bronze INV,br_Bottle,TASK_COMPLETE,FAILED,ERROR,3017,3017,1,SAMMS INV pipeline failed. Check the failed parent/child activity run details.,2026-08-19T21:53:13.467Z,2026-08-19T22:54:29.012Z,3676,2026-08-19T22:54:29.012Z,LV2,Desert Inn,2caac1da-4db4-431b-998d-21dc6fd03dce,SAMMS-DesertInn
202608192252096275,202608192152667185,202608192152666995,85,2005,Bronze INV,br_Bottle,TASK_COMPLETE,FAILED,ERROR,1591,1591,1,SAMMS INV pipeline failed. Check the failed parent/child activity run details.,2026-08-19T21:53:13.467Z,2026-08-19T22:54:29.012Z,3676,2026-08-19T22:54:29.012Z,LV3,McDaniel,2caac1da-4db4-431b-998d-21dc6fd03dce,SAMMS-McDaniel
202608192252096276,202608192152667186,202608192152666995,85,2008,Bronze INV,br_Bottle,TASK_COMPLETE,FAILED,ERROR,2799,2799,1,SAMMS INV pipeline failed. Check the failed parent/child activity run details.,2026-08-19T21:53:13.467Z,2026-08-19T22:54:29.012Z,3676,2026-08-19T22:54:29.012Z,MNRE,Monroe,2caac1da-4db4-431b-998d-21dc6fd03dce,SAMMS-Monroe
202608192252096277,202608192152667187,202608192152666995,85,2009,Bronze INV,br_Bottle,TASK_COMPLETE,FAILED,ERROR,5124,5124,1,SAMMS INV pipeline failed. Check the failed parent/child activity run details.,2026-08-19T21:53:13.467Z,2026-08-19T22:54:29.012Z,3676,2026-08-19T22:54:29.012Z,MP,Mt. Pleasant,2caac1da-4db4-431b-998d-21dc6fd03dce,SAMMS-MtPleasant
202608192252096278,202608192152667188,202608192152666995,85,2010,Bronze INV,br_Bottle,TASK_COMPLETE,FAILED,ERROR,1312,1312,1,SAMMS INV pipeline failed. Check the failed parent/child activity run details.,2026-08-19T21:53:13.467Z,2026-08-19T22:54:29.012Z,3676,2026-08-19T22:54:29.012Z,MRD,Meridian,2caac1da-4db4-431b-998d-21dc6fd03dce,SAMMS-Meridian
202608192252096279,202608192152667189,202608192152666995,85,2015,Bronze INV,br_Bottle,TASK_COMPLETE,FAILED,ERROR,4205,4205,1,SAMMS INV pipeline failed. Check the failed parent/child activity run details.,2026-08-19T21:53:13.467Z,2026-08-19T22:54:29.012Z,3676,2026-08-19T22:54:29.012Z,NC,North Charleston,2caac1da-4db4-431b-998d-21dc6fd03dce,SAMMS-NorthCharleston
202608192252096280,202608192152667190,202608192152666995,85,2016,Bronze INV,br_Bottle,TASK_COMPLETE,FAILED,ERROR,0,0,1,SAMMS INV pipeline failed. Check the failed parent/child activity run details.,2026-08-19T21:53:13.467Z,2026-08-19T22:54:29.012Z,3676,2026-08-19T22:54:29.012Z,NLR,N. Little Rock,2caac1da-4db4-431b-998d-21dc6fd03dce,SAMMS-NLROBOT
202608192252096282,202608192152667191,202608192152666995,85,2017,Bronze INV,br_Bottle,TASK_COMPLETE,FAILED,ERROR,619,619,1,SAMMS INV pipeline failed. Check the failed parent/child activity run details.,2026-08-19T21:53:13.467Z,2026-08-19T22:54:29.012Z,3676,2026-08-19T22:54:29.012Z,PH,Phoenix,2caac1da-4db4-431b-998d-21dc6fd03dce,SAMMS-Phoenix
202608192252096283,202608192152667192,202608192152666995,85,2021,Bronze INV,br_Bottle,TASK_COMPLETE,FAILED,ERROR,2837,2837,1,SAMMS INV pipeline failed. Check the failed parent/child activity run details.,2026-08-19T21:53:13.467Z,2026-08-19T22:54:29.012Z,3676,2026-08-19T22:54:29.012Z,RE,Reno,2caac1da-4db4-431b-998d-21dc6fd03dce,SAMMS-Reno
202608192252096284,202608192152667193,202608192152666995,85,2022,Bronze INV,br_Bottle,TASK_COMPLETE,FAILED,ERROR,4105,4105,1,SAMMS INV pipeline failed. Check the failed parent/child activity run details.,2026-08-19T21:53:13.467Z,2026-08-19T22:54:29.012Z,3676,2026-08-19T22:54:29.012Z,RMD,Richmond,2caac1da-4db4-431b-998d-21dc6fd03dce,SAMMS-Richmond
202608192252096285,202608192152667194,202608192152666995,85,2023,Bronze INV,br_Bottle,TASK_COMPLETE,FAILED,ERROR,20197,20197,1,SAMMS INV pipeline failed. Check the failed parent/child activity run details.,2026-08-19T21:53:13.467Z,2026-08-19T22:54:29.012Z,3676,2026-08-19T22:54:29.012Z,SFN,Springfield North,2caac1da-4db4-431b-998d-21dc6fd03dce,SAMMS-SFNv5
202608192252096286,202608192152667195,202608192152666995,85,2024,Bronze INV,br_Bottle,TASK_COMPLETE,FAILED,ERROR,7685,7685,1,SAMMS INV pipeline failed. Check the failed parent/child activity run details.,2026-08-19T21:53:13.467Z,2026-08-19T22:54:29.012Z,3676,2026-08-19T22:54:29.012Z,SHP,Shreveport,2caac1da-4db4-431b-998d-21dc6fd03dce,SAMMS-Shreveport
202608192252096287,202608192152667196,202608192152666995,85,2026,Bronze INV,br_Bottle,TASK_COMPLETE,FAILED,ERROR,2576,2576,1,SAMMS INV pipeline failed. Check the failed parent/child activity run details.,2026-08-19T21:53:13.467Z,2026-08-19T22:54:29.012Z,3676,2026-08-19T22:54:29.012Z,STN,Staunton,2caac1da-4db4-431b-998d-21dc6fd03dce,SAMMS-Staunton
202608192252096288,202608192152667197,202608192152666995,85,2027,Bronze INV,br_Bottle,TASK_COMPLETE,FAILED,ERROR,925,925,1,SAMMS INV pipeline failed. Check the failed parent/child activity run details.,2026-08-19T21:53:13.467Z,2026-08-19T22:54:29.012Z,3676,2026-08-19T22:54:29.012Z,STVN,Stevenson,2caac1da-4db4-431b-998d-21dc6fd03dce,SAMMS-Stevenson
202608192252096289,202608192152667198,202608192152666995,85,2029,Bronze INV,br_Bottle,TASK_COMPLETE,FAILED,ERROR,712,712,1,SAMMS INV pipeline failed. Check the failed parent/child activity run details.,2026-08-19T21:53:13.467Z,2026-08-19T22:54:29.012Z,3676,2026-08-19T22:54:29.012Z,TE,Tempe,2caac1da-4db4-431b-998d-21dc6fd03dce,SAMMS-Tempe
202608192252096290,202608192152667199,202608192152666995,85,2030,Bronze INV,br_Bottle,TASK_COMPLETE,FAILED,ERROR,0,0,1,SAMMS INV pipeline failed. Check the failed parent/child activity run details.,2026-08-19T21:53:13.467Z,2026-08-19T22:54:29.012Z,3676,2026-08-19T22:54:29.012Z,TEX,Texarkana,2caac1da-4db4-431b-998d-21dc6fd03dce,SAMMS-Texarkana
202608192252096291,202608192152667200,202608192152666995,85,2031,Bronze INV,br_Bottle,TASK_COMPLETE,FAILED,ERROR,38533,38533,1,SAMMS INV pipeline failed. Check the failed parent/child activity run details.,2026-08-19T21:53:13.467Z,2026-08-19T22:54:29.012Z,3676,2026-08-19T22:54:29.012Z,TTCA,Bessemer,2caac1da-4db4-431b-998d-21dc6fd03dce,SAMMS-BessemerV5
202608192252096293,202608192152667201,202608192152666995,85,2032,Bronze INV,br_Bottle,TASK_COMPLETE,FAILED,ERROR,9619,9619,1,SAMMS INV pipeline failed. Check the failed parent/child activity run details.,2026-08-19T21:53:13.467Z,2026-08-19T22:54:29.012Z,3676,2026-08-19T22:54:29.012Z,TTCB,Cullman,2caac1da-4db4-431b-998d-21dc6fd03dce,SAMMS-CullmanV5
202608192252096294,202608192152667202,202608192152666995,85,2033,Bronze INV,br_Bottle,TASK_COMPLETE,FAILED,ERROR,11509,11509,1,SAMMS INV pipeline failed. Check the failed parent/child activity run details.,2026-08-19T21:53:13.467Z,2026-08-19T22:54:29.012Z,3676,2026-08-19T22:54:29.012Z,TTCC,Grand Bay,2caac1da-4db4-431b-998d-21dc6fd03dce,SAMMS-GrandBay
202608192252096295,202608192152667203,202608192152666995,85,2034,Bronze INV,br_Bottle,TASK_COMPLETE,FAILED,ERROR,581,581,1,SAMMS INV pipeline failed. Check the failed parent/child activity run details.,2026-08-19T21:53:13.467Z,2026-08-19T22:54:29.012Z,3676,2026-08-19T22:54:29.012Z,TU,Tucson,2caac1da-4db4-431b-998d-21dc6fd03dce,SAMMS-Tucson
202608192252096296,202608192152667204,202608192152666995,85,2036,Bronze INV,br_Bottle,TASK_COMPLETE,FAILED,ERROR,36471,36471,1,SAMMS INV pipeline failed. Check the failed parent/child activity run details.,2026-08-19T21:53:13.467Z,2026-08-19T22:54:29.012Z,3676,2026-08-19T22:54:29.012Z,V1,Memphis South,2caac1da-4db4-431b-998d-21dc6fd03dce,SAMMS-VCPHCS-I-MemphisV5
202608192252096297,202608192152667205,202608192152666995,85,2037,Bronze INV,br_Bottle,TASK_COMPLETE,FAILED,ERROR,11306,11306,1,SAMMS INV pipeline failed. Check the failed parent/child activity run details.,2026-08-19T21:53:13.467Z,2026-08-19T22:54:29.012Z,3676,2026-08-19T22:54:29.012Z,V10,Longmont,2caac1da-4db4-431b-998d-21dc6fd03dce,SAMMS-BoulderV5
202608192252096298,202608192152667206,202608192152666995,85,2038,Bronze INV,br_Bottle,TASK_COMPLETE,FAILED,ERROR,10742,10742,1,SAMMS INV pipeline failed. Check the failed parent/child activity run details.,2026-08-19T21:53:13.467Z,2026-08-19T22:54:29.012Z,3676,2026-08-19T22:54:29.012Z,V10A,Fort Collins,2caac1da-4db4-431b-998d-21dc6fd03dce,SAMMS-FortCollinsV5
202608192252096299,202608192152667207,202608192152666995,85,2039,Bronze INV,br_Bottle,TASK_COMPLETE,FAILED,ERROR,21449,21449,1,SAMMS INV pipeline failed. Check the failed parent/child activity run details.,2026-08-19T21:53:13.467Z,2026-08-19T22:54:29.012Z,3676,2026-08-19T22:54:29.012Z,V11,Westminster,2caac1da-4db4-431b-998d-21dc6fd03dce,SAMMS-VCPHCS-XI-NorthDenverV5
202608192252096300,202608192152667208,202608192152666995,85,2040,Bronze INV,br_Bottle,TASK_COMPLETE,FAILED,ERROR,26177,26177,1,SAMMS INV pipeline failed. Check the failed parent/child activity run details.,2026-08-19T21:53:13.467Z,2026-08-19T22:54:29.012Z,3676,2026-08-19T22:54:29.012Z,V12,Downtown Denver,2caac1da-4db4-431b-998d-21dc6fd03dce,SAMMS-VCPHCS-XII-DowntownDenverV5
202608192252096302,202608192152667209,202608192152666995,85,2041,Bronze INV,br_Bottle,TASK_COMPLETE,FAILED,ERROR,6434,6434,1,SAMMS INV pipeline failed. Check the failed parent/child activity run details.,2026-08-19T21:53:13.467Z,2026-08-19T22:54:29.012Z,3676,2026-08-19T22:54:29.012Z,V12A,Centennial,2caac1da-4db4-431b-998d-21dc6fd03dce,SAMMS-CentennialV5
202608192252096303,202608192152667210,202608192152666995,85,2042,Bronze INV,br_Bottle,TASK_COMPLETE,FAILED,ERROR,12731,12731,1,SAMMS INV pipeline failed. Check the failed parent/child activity run details.,2026-08-19T21:53:13.467Z,2026-08-19T22:54:29.012Z,3676,2026-08-19T22:54:29.012Z,V14,Overland Park,2caac1da-4db4-431b-998d-21dc6fd03dce,SAMMS-VCPHCS-XIV-BridgewayV5
202608192252096304,202608192152667211,202608192152666995,85,2043,Bronze INV,br_Bottle,TASK_COMPLETE,FAILED,ERROR,14966,14966,1,SAMMS INV pipeline failed. Check the failed parent/child activity run details.,2026-08-19T21:53:13.467Z,2026-08-19T22:54:29.012Z,3676,2026-08-19T22:54:29.012Z,V15,Joplin,2caac1da-4db4-431b-998d-21dc6fd03dce,SAMMS-JoplinV5
202608192252096305,202608192152667212,202608192152666995,85,2045,Bronze INV,br_Bottle,TASK_COMPLETE,FAILED,ERROR,7056,7056,1,SAMMS INV pipeline failed. Check the failed parent/child activity run details.,2026-08-19T21:53:13.467Z,2026-08-19T22:54:29.012Z,3676,2026-08-19T22:54:29.012Z,V17,Columbia TN,2caac1da-4db4-431b-998d-21dc6fd03dce,SAMMS-ColumbiaTNv5
202608192252096306,202608192152667213,202608192152666995,85,2047,Bronze INV,br_Bottle,TASK_COMPLETE,FAILED,ERROR,38858,38858,1,SAMMS INV pipeline failed. Check the failed parent/child activity run details.,2026-08-19T21:53:13.467Z,2026-08-19T22:54:29.012Z,3676,2026-08-19T22:54:29.012Z,V19,Jackson,2caac1da-4db4-431b-998d-21dc6fd03dce,SAMMS-JacksonV5
202608192252096307,202608192152667214,202608192152666995,85,2049,Bronze INV,br_Bottle,TASK_COMPLETE,FAILED,ERROR,50518,50518,1,SAMMS INV pipeline failed. Check the failed parent/child activity run details.,2026-08-19T21:53:13.467Z,2026-08-19T22:54:29.012Z,3676,2026-08-19T22:54:29.012Z,V20,Paris,2caac1da-4db4-431b-998d-21dc6fd03dce,SAMMS-ParisV5
202608192252096308,202608192152667215,202608192152666995,85,2050,Bronze INV,br_Bottle,TASK_COMPLETE,FAILED,ERROR,36119,36119,1,SAMMS INV pipeline failed. Check the failed parent/child activity run details.,2026-08-19T21:53:13.467Z,2026-08-19T22:54:29.012Z,3676,2026-08-19T22:54:29.012Z,V21,Memphis North,2caac1da-4db4-431b-998d-21dc6fd03dce,SAMMS-RaleighV5
202608192252096309,202608192152667216,202608192152666995,85,2053,Bronze INV,br_Bottle,TASK_COMPLETE,FAILED,ERROR,67535,67535,1,SAMMS INV pipeline failed. Check the failed parent/child activity run details.,2026-08-19T21:53:13.467Z,2026-08-19T22:54:29.012Z,3676,2026-08-19T22:54:29.012Z,V5,West Bank,2caac1da-4db4-431b-998d-21dc6fd03dce,SAMMS-NONTCv5
202608192252096310,202608192152667217,202608192152666995,85,2055,Bronze INV,br_Bottle,TASK_COMPLETE,FAILED,ERROR,740,740,1,SAMMS INV pipeline failed. Check the failed parent/child activity run details.,2026-08-19T21:53:13.467Z,2026-08-19T22:54:29.012Z,3676,2026-08-19T22:54:29.012Z,V5B,Houma,2caac1da-4db4-431b-998d-21dc6fd03dce,SAMMS-HoumaV6
202608192252096311,202608192152667218,202608192152666995,85,2056,Bronze INV,br_Bottle,TASK_COMPLETE,FAILED,ERROR,39951,39951,1,SAMMS INV pipeline failed. Check the failed parent/child activity run details.,2026-08-19T21:53:13.467Z,2026-08-19T22:54:29.012Z,3676,2026-08-19T22:54:29.012Z,V6,Lake Charles,2caac1da-4db4-431b-998d-21dc6fd03dce,SAMMS-LCv5
202608192252096313,202608192152667219,202608192152666995,85,2058,Bronze INV,br_Bottle,TASK_COMPLETE,FAILED,ERROR,41828,41828,1,SAMMS INV pipeline failed. Check the failed parent/child activity run details.,2026-08-19T21:53:13.467Z,2026-08-19T22:54:29.012Z,3676,2026-08-19T22:54:29.012Z,V8,Memphis Midtown,2caac1da-4db4-431b-998d-21dc6fd03dce,SAMMS-VCPHCS-VIII-MemphisV5
202608192252096314,202608192152667220,202608192152666995,85,2059,Bronze INV,br_Bottle,TASK_COMPLETE,FAILED,ERROR,86805,86805,1,SAMMS INV pipeline failed. Check the failed parent/child activity run details.,2026-08-19T21:53:13.467Z,2026-08-19T22:54:29.012Z,3676,2026-08-19T22:54:29.012Z,V9,Nashville,2caac1da-4db4-431b-998d-21dc6fd03dce,SAMMS-NashvilleV5
202608192252096315,202608192152667221,202608192152666995,85,2060,Bronze INV,br_Bottle,TASK_COMPLETE,FAILED,ERROR,5463,5463,1,SAMMS INV pipeline failed. Check the failed parent/child activity run details.,2026-08-19T21:53:13.467Z,2026-08-19T22:54:29.012Z,3676,2026-08-19T22:54:29.012Z,VBRA,Brainerd,2caac1da-4db4-431b-998d-21dc6fd03dce,SAMMS-BrainerdV6
202608192252096316,202608192152667222,202608192152666995,85,2061,Bronze INV,br_Bottle,TASK_COMPLETE,FAILED,ERROR,12586,12586,1,SAMMS INV pipeline failed. Check the failed parent/child activity run details.,2026-08-19T21:53:13.467Z,2026-08-19T22:54:29.012Z,3676,2026-08-19T22:54:29.012Z,VBRP,Brooklyn Park,2caac1da-4db4-431b-998d-21dc6fd03dce,SAMMS-BrooklynParkV6
202608192252096317,202608192152667223,202608192152666995,85,2063,Bronze INV,br_Bottle,TASK_COMPLETE,FAILED,ERROR,7066,7066,1,SAMMS INV pipeline failed. Check the failed parent/child activity run details.,2026-08-19T21:53:13.467Z,2026-08-19T22:54:29.012Z,3676,2026-08-19T22:54:29.012Z,VMIN,Minneapolis,2caac1da-4db4-431b-998d-21dc6fd03dce,SAMMS-MinneapolisV6
202608192252096318,202608192152667224,202608192152666995,85,2064,Bronze INV,br_Bottle,TASK_COMPLETE,FAILED,ERROR,14830,14830,1,SAMMS INV pipeline failed. Check the failed parent/child activity run details.,2026-08-19T21:53:13.467Z,2026-08-19T22:54:29.012Z,3676,2026-08-19T22:54:29.012Z,VWBY,Woodbury,2caac1da-4db4-431b-998d-21dc6fd03dce,SAMMS-WoodburyV6
202608192252096319,202608192152667225,202608192152666995,85,2066,Bronze INV,br_Bottle,TASK_COMPLETE,FAILED,ERROR,6940,6940,1,SAMMS INV pipeline failed. Check the failed parent/child activity run details.,2026-08-19T21:53:13.467Z,2026-08-19T22:54:29.012Z,3676,2026-08-19T22:54:29.012Z,WIL,Wilson,2caac1da-4db4-431b-998d-21dc6fd03dce,SAMMS-Wilson
202608192252096421,202608192152767014,202608192152766995,86,8578,Silver INV,sl_Bottle,TASK_COMPLETE,SUCCESS,INFO,1826251,1826251,0,,2026-08-19T21:53:13.467Z,2026-08-19T22:54:29.012Z,3676,2026-08-19T22:54:29.012Z,,,2caac1da-4db4-431b-998d-21dc6fd03dce,
202608192252096337,202608192152666996,202608192152666995,85,2070,Bronze INV,br_InvType,TASK_COMPLETE,FAILED,ERROR,7,7,1,SAMMS INV pipeline failed. Check the failed parent/child activity run details.,2026-08-19T21:53:13.467Z,2026-08-19T22:54:29.012Z,3676,2026-08-19T22:54:29.012Z,AHK,Ahoskie,2caac1da-4db4-431b-998d-21dc6fd03dce,SAMMS-Ahoskie
202608192252096338,202608192152666997,202608192152666995,85,2071,Bronze INV,br_InvType,TASK_COMPLETE,FAILED,ERROR,7,7,1,SAMMS INV pipeline failed. Check the failed parent/child activity run details.,2026-08-19T21:53:13.467Z,2026-08-19T22:54:29.012Z,3676,2026-08-19T22:54:29.012Z,B12B,Colorado Springs,2caac1da-4db4-431b-998d-21dc6fd03dce,SAMMS-ColoradoSpringsV5
202608192252096339,202608192152666998,202608192152666995,85,2072,Bronze INV,br_InvType,TASK_COMPLETE,FAILED,ERROR,7,7,1,SAMMS INV pipeline failed. Check the failed parent/child activity run details.,2026-08-19T21:53:13.467Z,2026-08-19T22:54:29.012Z,3676,2026-08-19T22:54:29.012Z,B24,Paintsville,2caac1da-4db4-431b-998d-21dc6fd03dce,SAMMS-PaintsvilleV5
202608192252096340,202608192152666999,202608192152666995,85,2073,Bronze INV,br_InvType,TASK_COMPLETE,FAILED,ERROR,7,7,1,SAMMS INV pipeline failed. Check the failed parent/child activity run details.,2026-08-19T21:53:13.467Z,2026-08-19T22:54:29.012Z,3676,2026-08-19T22:54:29.012Z,B25,Pikeville,2caac1da-4db4-431b-998d-21dc6fd03dce,SAMMS-PikevilleV5
202608192252096341,202608192152667000,202608192152666995,85,2074,Bronze INV,br_InvType,TASK_COMPLETE,FAILED,ERROR,7,7,1,SAMMS INV pipeline failed. Check the failed parent/child activity run details.,2026-08-19T21:53:13.467Z,2026-08-19T22:54:29.012Z,3676,2026-08-19T22:54:29.012Z,B26,Hazard,2caac1da-4db4-431b-998d-21dc6fd03dce,SAMMS-HazardV5
202608192252096342,202608192152667001,202608192152666995,85,2075,Bronze INV,br_InvType,TASK_COMPLETE,FAILED,ERROR,7,7,1,SAMMS INV pipeline failed. Check the failed parent/child activity run details.,2026-08-19T21:53:13.467Z,2026-08-19T22:54:29.012Z,3676,2026-08-19T22:54:29.012Z,B27,Savannah,2caac1da-4db4-431b-998d-21dc6fd03dce,SAMMS-SavannahV6
202608192252096343,202608192152667002,202608192152666995,85,2076,Bronze INV,br_InvType,TASK_COMPLETE,FAILED,ERROR,7,7,1,SAMMS INV pipeline failed. Check the failed parent/child activity run details.,2026-08-19T21:53:13.467Z,2026-08-19T22:54:29.012Z,3676,2026-08-19T22:54:29.012Z,B28,West Plains,2caac1da-4db4-431b-998d-21dc6fd03dce,SAMMS-WestPlainesV5
202608192252096344,202608192152667003,202608192152666995,85,2077,Bronze INV,br_InvType,TASK_COMPLETE,FAILED,ERROR,7,7,1,SAMMS INV pipeline failed. Check the failed parent/child activity run details.,2026-08-19T21:53:13.467Z,2026-08-19T22:54:29.012Z,3676,2026-08-19T22:54:29.012Z,B29,Poplar Bluff,2caac1da-4db4-431b-998d-21dc6fd03dce,SAMMS-PoplarBluffV5
202608192252096345,202608192152667004,202608192152666995,85,2078,Bronze INV,br_InvType,TASK_COMPLETE,FAILED,ERROR,7,7,1,SAMMS INV pipeline failed. Check the failed parent/child activity run details.,2026-08-19T21:53:13.467Z,2026-08-19T22:54:29.012Z,3676,2026-08-19T22:54:29.012Z,B30,KC North,2caac1da-4db4-431b-998d-21dc6fd03dce,SAMMS-KCNv5
202608192252096347,202608192152667005,202608192152666995,85,2079,Bronze INV,br_InvType,TASK_COMPLETE,FAILED,ERROR,7,7,1,SAMMS INV pipeline failed. Check the failed parent/child activity run details.,2026-08-19T21:53:13.467Z,2026-08-19T22:54:29.012Z,3676,2026-08-19T22:54:29.012Z,B31,Dyersburg,2caac1da-4db4-431b-998d-21dc6fd03dce,SAMMS-DyersburgV5
202608192252096348,202608192152667006,202608192152666995,85,2081,Bronze INV,br_InvType,TASK_COMPLETE,FAILED,ERROR,6,6,1,SAMMS INV pipeline failed. Check the failed parent/child activity run details.,2026-08-19T21:53:13.467Z,2026-08-19T22:54:29.012Z,3676,2026-08-19T22:54:29.012Z,B33,Paducah,2caac1da-4db4-431b-998d-21dc6fd03dce,SAMMS-Paducah
202608192252096349,202608192152667007,202608192152666995,85,2082,Bronze INV,br_InvType,TASK_COMPLETE,FAILED,ERROR,6,6,1,SAMMS INV pipeline failed. Check the failed parent/child activity run details.,2026-08-19T21:53:13.467Z,2026-08-19T22:54:29.012Z,3676,2026-08-19T22:54:29.012Z,B34,Corbin,2caac1da-4db4-431b-998d-21dc6fd03dce,SAMMS-CorbinV5
202608192252096350,202608192152667008,202608192152666995,85,2083,Bronze INV,br_InvType,TASK_COMPLETE,FAILED,ERROR,8,8,1,SAMMS INV pipeline failed. Check the failed parent/child activity run details.,2026-08-19T21:53:13.467Z,2026-08-19T22:54:29.012Z,3676,2026-08-19T22:54:29.012Z,B35,Lexington,2caac1da-4db4-431b-998d-21dc6fd03dce,SAMMS-LexingtonV5
202608192252096351,202608192152667009,202608192152666995,85,2084,Bronze INV,br_InvType,TASK_COMPLETE,FAILED,ERROR,8,8,1,SAMMS INV pipeline failed. Check the failed parent/child activity run details.,2026-08-19T21:53:13.467Z,2026-08-19T22:54:29.012Z,3676,2026-08-19T22:54:29.012Z,B35A,Berea,2caac1da-4db4-431b-998d-21dc6fd03dce,SAMMS-BereaV5
202608192252096352,202608192152667010,202608192152666995,85,2085,Bronze INV,br_InvType,TASK_COMPLETE,FAILED,ERROR,5,5,1,SAMMS INV pipeline failed. Check the failed parent/child activity run details.,2026-08-19T21:53:13.467Z,2026-08-19T22:54:29.012Z,3676,2026-08-19T22:54:29.012Z,B36,Asheville,2caac1da-4db4-431b-998d-21dc6fd03dce,SAMMS-AshevilleV5
202608192252096353,202608192152667011,202608192152666995,85,2086,Bronze INV,br_InvType,TASK_COMPLETE,FAILED,ERROR,6,6,1,SAMMS INV pipeline failed. Check the failed parent/child activity run details.,2026-08-19T21:53:13.467Z,2026-08-19T22:54:29.012Z,3676,2026-08-19T22:54:29.012Z,B37,Clyde,2caac1da-4db4-431b-998d-21dc6fd03dce,SAMMS-ClydeV5
202608192252096354,202608192152667012,202608192152666995,85,2087,Bronze INV,br_InvType,TASK_COMPLETE,FAILED,ERROR,7,7,1,SAMMS INV pipeline failed. Check the failed parent/child activity run details.,2026-08-19T21:53:13.467Z,2026-08-19T22:54:29.012Z,3676,2026-08-19T22:54:29.012Z,B38,Spartanburg,2caac1da-4db4-431b-998d-21dc6fd03dce,SAMMS-SpartanburgV5
202608192252096355,202608192152667013,202608192152666995,85,2088,Bronze INV,br_InvType,TASK_COMPLETE,FAILED,ERROR,6,6,1,SAMMS INV pipeline failed. Check the failed parent/child activity run details.,2026-08-19T21:53:13.467Z,2026-08-19T22:54:29.012Z,3676,2026-08-19T22:54:29.012Z,B39,Aiken,2caac1da-4db4-431b-998d-21dc6fd03dce,SAMMS-AikenV5
202608192252096357,202608192152667014,202608192152666995,85,2089,Bronze INV,br_InvType,TASK_COMPLETE,FAILED,ERROR,5,5,1,SAMMS INV pipeline failed. Check the failed parent/child activity run details.,2026-08-19T21:53:13.467Z,2026-08-19T22:54:29.012Z,3676,2026-08-19T22:54:29.012Z,B41,Chesapeake,2caac1da-4db4-431b-998d-21dc6fd03dce,SAMMS-ChesapeakeV5
202608192252096358,202608192152667015,202608192152666995,85,2090,Bronze INV,br_InvType,TASK_COMPLETE,FAILED,ERROR,6,6,1,SAMMS INV pipeline failed. Check the failed parent/child activity run details.,2026-08-19T21:53:13.467Z,2026-08-19T22:54:29.012Z,3676,2026-08-19T22:54:29.012Z,B42,Virginia Beach,2caac1da-4db4-431b-998d-21dc6fd03dce,SAMMS-VirginiaBeachV5
202608192252096359,202608192152667016,202608192152666995,85,2091,Bronze INV,br_InvType,TASK_COMPLETE,FAILED,ERROR,5,5,1,SAMMS INV pipeline failed. Check the failed parent/child activity run details.,2026-08-19T21:53:13.467Z,2026-08-19T22:54:29.012Z,3676,2026-08-19T22:54:29.012Z,B42A,Newport News,2caac1da-4db4-431b-998d-21dc6fd03dce,SAMMS-NewportNewsV5
202608192252096360,202608192152667017,202608192152666995,85,2092,Bronze INV,br_InvType,TASK_COMPLETE,FAILED,ERROR,3,3,1,SAMMS INV pipeline failed. Check the failed parent/child activity run details.,2026-08-19T21:53:13.467Z,2026-08-19T22:54:29.012Z,3676,2026-08-19T22:54:29.012Z,B42B,Franklin,2caac1da-4db4-431b-998d-21dc6fd03dce,SAMMS-FranklinV5
202608192252096361,202608192152667018,202608192152666995,85,2093,Bronze INV,br_InvType,TASK_COMPLETE,FAILED,ERROR,5,5,1,SAMMS INV pipeline failed. Check the failed parent/child activity run details.,2026-08-19T21:53:13.467Z,2026-08-19T22:54:29.012Z,3676,2026-08-19T22:54:29.012Z,B42C,Glen Allen,2caac1da-4db4-431b-998d-21dc6fd03dce,SAMMS-GlenAllenV5
202608192252096362,202608192152667019,202608192152666995,85,2094,Bronze INV,br_InvType,TASK_COMPLETE,FAILED,ERROR,7,7,1,SAMMS INV pipeline failed. Check the failed parent/child activity run details.,2026-08-19T21:53:13.467Z,2026-08-19T22:54:29.012Z,3676,2026-08-19T22:54:29.012Z,B42D,Chesapeake South,2caac1da-4db4-431b-998d-21dc6fd03dce,SAMMS-ChesapeakeSouthV5
202608192252096363,202608192152667020,202608192152666995,85,2095,Bronze INV,br_InvType,TASK_COMPLETE,FAILED,ERROR,5,5,1,SAMMS INV pipeline failed. Check the failed parent/child activity run details.,2026-08-19T21:53:13.467Z,2026-08-19T22:54:29.012Z,3676,2026-08-19T22:54:29.012Z,B44,Albany,2caac1da-4db4-431b-998d-21dc6fd03dce,SAMMS-AlbanyV5
202608192252096364,202608192152667021,202608192152666995,85,2096,Bronze INV,br_InvType,TASK_COMPLETE,FAILED,ERROR,5,5,1,SAMMS INV pipeline failed. Check the failed parent/child activity run details.,2026-08-19T21:53:13.467Z,2026-08-19T22:54:29.012Z,3676,2026-08-19T22:54:29.012Z,B45,Tifton,2caac1da-4db4-431b-998d-21dc6fd03dce,SAMMS-TiftonV5
202608192252096365,202608192152667022,202608192152666995,85,2097,Bronze INV,br_InvType,TASK_COMPLETE,FAILED,ERROR,5,5,1,SAMMS INV pipeline failed. Check the failed parent/child activity run details.,2026-08-19T21:53:13.467Z,2026-08-19T22:54:29.012Z,3676,2026-08-19T22:54:29.012Z,B46,Washington DC,2caac1da-4db4-431b-998d-21dc6fd03dce,SAMMS-WashingtonDCv5
202608192252096366,202608192152667023,202608192152666995,85,2098,Bronze INV,br_InvType,TASK_COMPLETE,FAILED,ERROR,7,7,1,SAMMS INV pipeline failed. Check the failed parent/child activity run details.,2026-08-19T21:53:13.467Z,2026-08-19T22:54:29.012Z,3676,2026-08-19T22:54:29.012Z,B47,Mobile,2caac1da-4db4-431b-998d-21dc6fd03dce,SAMMS-MobileV5
202608192252096368,202608192152667024,202608192152666995,85,2099,Bronze INV,br_InvType,TASK_COMPLETE,FAILED,ERROR,6,6,1,SAMMS INV pipeline failed. Check the failed parent/child activity run details.,2026-08-19T21:53:13.467Z,2026-08-19T22:54:29.012Z,3676,2026-08-19T22:54:29.012Z,B48,Tuscaloosa,2caac1da-4db4-431b-998d-21dc6fd03dce,SAMMS-TuscaloosaV5
202608192252096369,202608192152667025,202608192152666995,85,2108,Bronze INV,br_InvType,TASK_COMPLETE,FAILED,ERROR,7,7,1,SAMMS INV pipeline failed. Check the failed parent/child activity run details.,2026-08-19T21:53:13.467Z,2026-08-19T22:54:29.012Z,3676,2026-08-19T22:54:29.012Z,B51,N. Little Rock (OTP),2caac1da-4db4-431b-998d-21dc6fd03dce,SAMMS-NorthLittleRockV6
202608192252096370,202608192152667026,202608192152666995,85,2109,Bronze INV,br_InvType,TASK_COMPLETE,FAILED,ERROR,5,5,1,SAMMS INV pipeline failed. Check the failed parent/child activity run details.,2026-08-19T21:53:13.467Z,2026-08-19T22:54:29.012Z,3676,2026-08-19T22:54:29.012Z,B52,Jackson GA,2caac1da-4db4-431b-998d-21dc6fd03dce,SAMMS-JacksonGAV5
202608192252096371,202608192152667027,202608192152666995,85,2110,Bronze INV,br_InvType,TASK_COMPLETE,FAILED,ERROR,7,7,1,SAMMS INV pipeline failed. Check the failed parent/child activity run details.,2026-08-19T21:53:13.467Z,2026-08-19T22:54:29.012Z,3676,2026-08-19T22:54:29.012Z,B54,Gadsden,2caac1da-4db4-431b-998d-21dc6fd03dce,SAMMS-GadsdenV5
202608192252096372,202608192152667028,202608192152666995,85,2111,Bronze INV,br_InvType,TASK_COMPLETE,FAILED,ERROR,8,8,1,SAMMS INV pipeline failed. Check the failed parent/child activity run details.,2026-08-19T21:53:13.467Z,2026-08-19T22:54:29.012Z,3676,2026-08-19T22:54:29.012Z,B55,Shoals,2caac1da-4db4-431b-998d-21dc6fd03dce,SAMMS-ShoalsV5
202608192252096373,202608192152667029,202608192152666995,85,2112,Bronze INV,br_InvType,TASK_COMPLETE,FAILED,ERROR,7,7,1,SAMMS INV pipeline failed. Check the failed parent/child activity run details.,2026-08-19T21:53:13.467Z,2026-08-19T22:54:29.012Z,3676,2026-08-19T22:54:29.012Z,B57,Pawtucket,2caac1da-4db4-431b-998d-21dc6fd03dce,SAMMS-Pawtucket
202608192252096374,202608192152667030,202608192152666995,85,2113,Bronze INV,br_InvType,TASK_COMPLETE,FAILED,ERROR,8,8,1,SAMMS INV pipeline failed. Check the failed parent/child activity run details.,2026-08-19T21:53:13.467Z,2026-08-19T22:54:29.012Z,3676,2026-08-19T22:54:29.012Z,B57A,Johnston,2caac1da-4db4-431b-998d-21dc6fd03dce,SAMMS-Johnston
202608192252096375,202608192152667031,202608192152666995,85,2114,Bronze INV,br_InvType,TASK_COMPLETE,FAILED,ERROR,7,7,1,SAMMS INV pipeline failed. Check the failed parent/child activity run details.,2026-08-19T21:53:13.467Z,2026-08-19T22:54:29.012Z,3676,2026-08-19T22:54:29.012Z,B57B,Middletown,2caac1da-4db4-431b-998d-21dc6fd03dce,SAMMS-Middletown
202608192252096377,202608192152667032,202608192152666995,85,2115,Bronze INV,br_InvType,TASK_COMPLETE,FAILED,ERROR,7,7,1,SAMMS INV pipeline failed. Check the failed parent/child activity run details.,2026-08-19T21:53:13.467Z,2026-08-19T22:54:29.012Z,3676,2026-08-19T22:54:29.012Z,B57C,Providence,2caac1da-4db4-431b-998d-21dc6fd03dce,SAMMS-Providence
202608192252096378,202608192152667033,202608192152666995,85,2116,Bronze INV,br_InvType,TASK_COMPLETE,FAILED,ERROR,7,7,1,SAMMS INV pipeline failed. Check the failed parent/child activity run details.,2026-08-19T21:53:13.467Z,2026-08-19T22:54:29.012Z,3676,2026-08-19T22:54:29.012Z,B57D,Westerly,2caac1da-4db4-431b-998d-21dc6fd03dce,SAMMS-Westerly
202608192252096379,202608192152667034,202608192152666995,85,2120,Bronze INV,br_InvType,TASK_COMPLETE,FAILED,ERROR,0,0,1,SAMMS INV pipeline failed. Check the failed parent/child activity run details.,2026-08-19T21:53:13.467Z,2026-08-19T22:54:29.012Z,3676,2026-08-19T22:54:29.012Z,B66A,Bremen,2caac1da-4db4-431b-998d-21dc6fd03dce,SAMMS-Bremen
202608192252096380,202608192152667035,202608192152666995,85,2123,Bronze INV,br_InvType,TASK_COMPLETE,FAILED,ERROR,0,0,1,SAMMS INV pipeline failed. Check the failed parent/child activity run details.,2026-08-19T21:53:13.467Z,2026-08-19T22:54:29.012Z,3676,2026-08-19T22:54:29.012Z,B72,Mobile (OBOT),2caac1da-4db4-431b-998d-21dc6fd03dce,SAMMS-Mobile-OBOT
202608192252096381,202608192152667036,202608192152666995,85,2124,Bronze INV,br_InvType,TASK_COMPLETE,FAILED,ERROR,0,0,1,SAMMS INV pipeline failed. Check the failed parent/child activity run details.,2026-08-19T21:53:13.467Z,2026-08-19T22:54:29.012Z,3676,2026-08-19T22:54:29.012Z,B73,Montgomery,2caac1da-4db4-431b-998d-21dc6fd03dce,SAMMS-Montgomery
202608192252096382,202608192152667037,202608192152666995,85,2125,Bronze INV,br_InvType,TASK_COMPLETE,FAILED,ERROR,7,7,1,SAMMS INV pipeline failed. Check the failed parent/child activity run details.,2026-08-19T21:53:13.467Z,2026-08-19T22:54:29.012Z,3676,2026-08-19T22:54:29.012Z,B75,Lawrence,2caac1da-4db4-431b-998d-21dc6fd03dce,SAMMS-LawrenceV6
202608192252096383,202608192152667038,202608192152666995,85,2126,Bronze INV,br_InvType,TASK_COMPLETE,FAILED,ERROR,0,0,1,SAMMS INV pipeline failed. Check the failed parent/child activity run details.,2026-08-19T21:53:13.467Z,2026-08-19T22:54:29.012Z,3676,2026-08-19T22:54:29.012Z,B76,Huntsville OBOT,2caac1da-4db4-431b-998d-21dc6fd03dce,SAMMS-Huntsville-OBOT
202608192252096384,202608192152667039,202608192152666995,85,2127,Bronze INV,br_InvType,TASK_COMPLETE,FAILED,ERROR,7,7,1,SAMMS INV pipeline failed. Check the failed parent/child activity run details.,2026-08-19T21:53:13.467Z,2026-08-19T22:54:29.012Z,3676,2026-08-19T22:54:29.012Z,BAT,Batesville,2caac1da-4db4-431b-998d-21dc6fd03dce,SAMMS-Batesville
202608192252096385,202608192152667040,202608192152666995,85,2128,Bronze INV,br_InvType,TASK_COMPLETE,FAILED,ERROR,7,7,1,SAMMS INV pipeline failed. Check the failed parent/child activity run details.,2026-08-19T21:53:13.467Z,2026-08-19T22:54:29.012Z,3676,2026-08-19T22:54:29.012Z,BG,Bowling Green,2caac1da-4db4-431b-998d-21dc6fd03dce,SAMMS-BowlingGreen
202608192252096387,202608192152667041,202608192152666995,85,2129,Bronze INV,br_InvType,TASK_COMPLETE,FAILED,ERROR,7,7,1,SAMMS INV pipeline failed. Check the failed parent/child activity run details.,2026-08-19T21:53:13.467Z,2026-08-19T22:54:29.012Z,3676,2026-08-19T22:54:29.012Z,BOI,Boise,2caac1da-4db4-431b-998d-21dc6fd03dce,SAMMS-Boise
202608192252096388,202608192152667042,202608192152666995,85,2136,Bronze INV,br_InvType,TASK_COMPLETE,FAILED,ERROR,7,7,1,SAMMS INV pipeline failed. Check the failed parent/child activity run details.,2026-08-19T21:53:13.467Z,2026-08-19T22:54:29.012Z,3676,2026-08-19T22:54:29.012Z,CBCO,Coeur dAlene,2caac1da-4db4-431b-998d-21dc6fd03dce,SAMMS-CoeurdAleneV6
202608192252096389,202608192152667043,202608192152666995,85,2155,Bronze INV,br_InvType,TASK_COMPLETE,FAILED,ERROR,7,7,1,SAMMS INV pipeline failed. Check the failed parent/child activity run details.,2026-08-19T21:53:13.467Z,2026-08-19T22:54:29.012Z,3676,2026-08-19T22:54:29.012Z,CON,Conway,2caac1da-4db4-431b-998d-21dc6fd03dce,SAMMS-Conway
202608192252096390,202608192152667044,202608192152666995,85,2156,Bronze INV,br_InvType,TASK_COMPLETE,FAILED,ERROR,7,7,1,SAMMS INV pipeline failed. Check the failed parent/child activity run details.,2026-08-19T21:53:13.467Z,2026-08-19T22:54:29.012Z,3676,2026-08-19T22:54:29.012Z,D07,Medical Services Knox TN,2caac1da-4db4-431b-998d-21dc6fd03dce,SAMMS-KnoxvilleV6
202608192252096391,202608192152667045,202608192152666995,85,2157,Bronze INV,br_InvType,TASK_COMPLETE,FAILED,ERROR,7,7,1,SAMMS INV pipeline failed. Check the failed parent/child activity run details.,2026-08-19T21:53:13.467Z,2026-08-19T22:54:29.012Z,3676,2026-08-19T22:54:29.012Z,D08,Madison,2caac1da-4db4-431b-998d-21dc6fd03dce,SAMMS-MadisonV6
202608192252096392,202608192152667046,202608192152666995,85,2159,Bronze INV,br_InvType,TASK_COMPLETE,FAILED,ERROR,7,7,1,SAMMS INV pipeline failed. Check the failed parent/child activity run details.,2026-08-19T21:53:13.467Z,2026-08-19T22:54:29.012Z,3676,2026-08-19T22:54:29.012Z,D09,Murfreesboro,2caac1da-4db4-431b-998d-21dc6fd03dce,SAMMS-MurfreesboroV6
202608192252096393,202608192152667047,202608192152666995,85,2160,Bronze INV,br_InvType,TASK_COMPLETE,FAILED,ERROR,7,7,1,SAMMS INV pipeline failed. Check the failed parent/child activity run details.,2026-08-19T21:53:13.467Z,2026-08-19T22:54:29.012Z,3676,2026-08-19T22:54:29.012Z,DA,Davenport,2caac1da-4db4-431b-998d-21dc6fd03dce,SAMMS-Davenport
202608192252096395,202608192152667048,202608192152666995,85,2161,Bronze INV,br_InvType,TASK_COMPLETE,FAILED,ERROR,7,7,1,SAMMS INV pipeline failed. Check the failed parent/child activity run details.,2026-08-19T21:53:13.467Z,2026-08-19T22:54:29.012Z,3676,2026-08-19T22:54:29.012Z,DM,Des Moines,2caac1da-4db4-431b-998d-21dc6fd03dce,SAMMS-DesMoines
202608192252096396,202608192152667049,202608192152666995,85,2163,Bronze INV,br_InvType,TASK_COMPLETE,FAILED,ERROR,7,7,1,SAMMS INV pipeline failed. Check the failed parent/child activity run details.,2026-08-19T21:53:13.467Z,2026-08-19T22:54:29.012Z,3676,2026-08-19T22:54:29.012Z,DRD-CO,Columbia MO,2caac1da-4db4-431b-998d-21dc6fd03dce,SAMMS-ColumbiaV5
202608192252096397,202608192152667050,202608192152666995,85,2164,Bronze INV,br_InvType,TASK_COMPLETE,FAILED,ERROR,7,7,1,SAMMS INV pipeline failed. Check the failed parent/child activity run details.,2026-08-19T21:53:13.467Z,2026-08-19T22:54:29.012Z,3676,2026-08-19T22:54:29.012Z,DRD-KC,KC,2caac1da-4db4-431b-998d-21dc6fd03dce,SAMMS-KCv5
202608192252096398,202608192152667051,202608192152666995,85,2165,Bronze INV,br_InvType,TASK_COMPLETE,FAILED,ERROR,8,8,1,SAMMS INV pipeline failed. Check the failed parent/child activity run details.,2026-08-19T21:53:13.467Z,2026-08-19T22:54:29.012Z,3676,2026-08-19T22:54:29.012Z,DRD-KVB,KVB,2caac1da-4db4-431b-998d-21dc6fd03dce,SAMMS-KVBv5
202608192252096399,202608192152667052,202608192152666995,85,2166,Bronze INV,br_InvType,TASK_COMPLETE,FAILED,ERROR,9,9,1,SAMMS INV pipeline failed. Check the failed parent/child activity run details.,2026-08-19T21:53:13.467Z,2026-08-19T22:54:29.012Z,3676,2026-08-19T22:54:29.012Z,DRD-KVC,KVC,2caac1da-4db4-431b-998d-21dc6fd03dce,SAMMS-KVCv5
202608192252096400,202608192152667053,202608192152666995,85,2167,Bronze INV,br_InvType,TASK_COMPLETE,FAILED,ERROR,7,7,1,SAMMS INV pipeline failed. Check the failed parent/child activity run details.,2026-08-19T21:53:13.467Z,2026-08-19T22:54:29.012Z,3676,2026-08-19T22:54:29.012Z,DRD-NOLA,NOLA,2caac1da-4db4-431b-998d-21dc6fd03dce,SAMMS-NOLAv5
202608192252096402,202608192152667054,202608192152666995,85,2168,Bronze INV,br_InvType,TASK_COMPLETE,FAILED,ERROR,7,7,1,SAMMS INV pipeline failed. Check the failed parent/child activity run details.,2026-08-19T21:53:13.467Z,2026-08-19T22:54:29.012Z,3676,2026-08-19T22:54:29.012Z,DRD-SF,Springfield,2caac1da-4db4-431b-998d-21dc6fd03dce,SAMMS-SFv5
202608192252096403,202608192152667055,202608192152666995,85,2170,Bronze INV,br_InvType,TASK_COMPLETE,FAILED,ERROR,7,7,1,SAMMS INV pipeline failed. Check the failed parent/child activity run details.,2026-08-19T21:53:13.467Z,2026-08-19T22:54:29.012Z,3676,2026-08-19T22:54:29.012Z,ELC,Elizabeth City,2caac1da-4db4-431b-998d-21dc6fd03dce,SAMMS-ElizabethCity
202608192252096404,202608192152667056,202608192152666995,85,2171,Bronze INV,br_InvType,TASK_COMPLETE,FAILED,ERROR,7,7,1,SAMMS INV pipeline failed. Check the failed parent/child activity run details.,2026-08-19T21:53:13.467Z,2026-08-19T22:54:29.012Z,3676,2026-08-19T22:54:29.012Z,ET,Elizabethtown,2caac1da-4db4-431b-998d-21dc6fd03dce,SAMMS-Elizabethtown
202608192252096405,202608192152667057,202608192152666995,85,2172,Bronze INV,br_InvType,TASK_COMPLETE,FAILED,ERROR,7,7,1,SAMMS INV pipeline failed. Check the failed parent/child activity run details.,2026-08-19T21:53:13.467Z,2026-08-19T22:54:29.012Z,3676,2026-08-19T22:54:29.012Z,FAY,Fayetteville,2caac1da-4db4-431b-998d-21dc6fd03dce,SAMMS-Fayetteville
202608192252096406,202608192152667058,202608192152666995,85,2173,Bronze INV,br_InvType,TASK_COMPLETE,FAILED,ERROR,7,7,1,SAMMS INV pipeline failed. Check the failed parent/child activity run details.,2026-08-19T21:53:13.467Z,2026-08-19T22:54:29.012Z,3676,2026-08-19T22:54:29.012Z,FR,Frankfort,2caac1da-4db4-431b-998d-21dc6fd03dce,SAMMS-Frankfort
202608192252096407,202608192152667059,202608192152666995,85,2174,Bronze INV,br_InvType,TASK_COMPLETE,FAILED,ERROR,7,7,1,SAMMS INV pipeline failed. Check the failed parent/child activity run details.,2026-08-19T21:53:13.467Z,2026-08-19T22:54:29.012Z,3676,2026-08-19T22:54:29.012Z,FS,Fort Smith,2caac1da-4db4-431b-998d-21dc6fd03dce,SAMMS-FortSmith
202608192252096408,202608192152667060,202608192152666995,85,2175,Bronze INV,br_InvType,TASK_COMPLETE,FAILED,ERROR,7,7,1,SAMMS INV pipeline failed. Check the failed parent/child activity run details.,2026-08-19T21:53:13.467Z,2026-08-19T22:54:29.012Z,3676,2026-08-19T22:54:29.012Z,FW,Fort Wayne,2caac1da-4db4-431b-998d-21dc6fd03dce,SAMMS-FortWayne
202608192252096410,202608192152667061,202608192152666995,85,2176,Bronze INV,br_InvType,TASK_COMPLETE,FAILED,ERROR,7,7,1,SAMMS INV pipeline failed. Check the failed parent/child activity run details.,2026-08-19T21:53:13.467Z,2026-08-19T22:54:29.012Z,3676,2026-08-19T22:54:29.012Z,GAL,Gaylord,2caac1da-4db4-431b-998d-21dc6fd03dce,SAMMS-Gaylord
202608192252096411,202608192152667062,202608192152666995,85,2180,Bronze INV,br_InvType,TASK_COMPLETE,FAILED,ERROR,4,4,1,SAMMS INV pipeline failed. Check the failed parent/child activity run details.,2026-08-19T21:53:13.467Z,2026-08-19T22:54:29.012Z,3676,2026-08-19T22:54:29.012Z,HGT,Hagerstown,2caac1da-4db4-431b-998d-21dc6fd03dce,SAMMS-Hagerstown
202608192252096412,202608192152667063,202608192152666995,85,2181,Bronze INV,br_InvType,TASK_COMPLETE,FAILED,ERROR,5,5,1,SAMMS INV pipeline failed. Check the failed parent/child activity run details.,2026-08-19T21:53:13.467Z,2026-08-19T22:54:29.012Z,3676,2026-08-19T22:54:29.012Z,HNT,Huntsville,2caac1da-4db4-431b-998d-21dc6fd03dce,SAMMS-Huntsville
202608192252096413,202608192152667064,202608192152666995,85,2182,Bronze INV,br_InvType,TASK_COMPLETE,FAILED,ERROR,7,7,1,SAMMS INV pipeline failed. Check the failed parent/child activity run details.,2026-08-19T21:53:13.467Z,2026-08-19T22:54:29.012Z,3676,2026-08-19T22:54:29.012Z,HS,Hot Springs,2caac1da-4db4-431b-998d-21dc6fd03dce,SAMMS-HotSprings
202608192252096414,202608192152667065,202608192152666995,85,2183,Bronze INV,br_InvType,TASK_COMPLETE,FAILED,ERROR,7,7,1,SAMMS INV pipeline failed. Check the failed parent/child activity run details.,2026-08-19T21:53:13.467Z,2026-08-19T22:54:29.012Z,3676,2026-08-19T22:54:29.012Z,JON,Jonesboro,2caac1da-4db4-431b-998d-21dc6fd03dce,SAMMS-Jonesboro
202608192252096415,202608192152667066,202608192152666995,85,2185,Bronze INV,br_InvType,TASK_COMPLETE,FAILED,ERROR,7,7,1,SAMMS INV pipeline failed. Check the failed parent/child activity run details.,2026-08-19T21:53:13.467Z,2026-08-19T22:54:29.012Z,3676,2026-08-19T22:54:29.012Z,LAN,Lansing,2caac1da-4db4-431b-998d-21dc6fd03dce,SAMMS-Lansing
202608192252096416,202608192152667067,202608192152666995,85,2186,Bronze INV,br_InvType,TASK_COMPLETE,FAILED,ERROR,7,7,1,SAMMS INV pipeline failed. Check the failed parent/child activity run details.,2026-08-19T21:53:13.467Z,2026-08-19T22:54:29.012Z,3676,2026-08-19T22:54:29.012Z,LO,Louisville,2caac1da-4db4-431b-998d-21dc6fd03dce,SAMMS-Louisville
202608192252096418,202608192152667068,202608192152666995,85,2187,Bronze INV,br_InvType,TASK_COMPLETE,FAILED,ERROR,7,7,1,SAMMS INV pipeline failed. Check the failed parent/child activity run details.,2026-08-19T21:53:13.467Z,2026-08-19T22:54:29.012Z,3676,2026-08-19T22:54:29.012Z,LV1,Cheyenne,2caac1da-4db4-431b-998d-21dc6fd03dce,SAMMS-Cheyenne
202608192252096419,202608192152667069,202608192152666995,85,2188,Bronze INV,br_InvType,TASK_COMPLETE,FAILED,ERROR,6,6,1,SAMMS INV pipeline failed. Check the failed parent/child activity run details.,2026-08-19T21:53:13.467Z,2026-08-19T22:54:29.012Z,3676,2026-08-19T22:54:29.012Z,LV2,Desert Inn,2caac1da-4db4-431b-998d-21dc6fd03dce,SAMMS-DesertInn
202608192252096420,202608192152667070,202608192152666995,85,2189,Bronze INV,br_InvType,TASK_COMPLETE,FAILED,ERROR,7,7,1,SAMMS INV pipeline failed. Check the failed parent/child activity run details.,2026-08-19T21:53:13.467Z,2026-08-19T22:54:29.012Z,3676,2026-08-19T22:54:29.012Z,LV3,McDaniel,2caac1da-4db4-431b-998d-21dc6fd03dce,SAMMS-McDaniel
202608192252096421,202608192152667071,202608192152666995,85,2192,Bronze INV,br_InvType,TASK_COMPLETE,FAILED,ERROR,7,7,1,SAMMS INV pipeline failed. Check the failed parent/child activity run details.,2026-08-19T21:53:13.467Z,2026-08-19T22:54:29.012Z,3676,2026-08-19T22:54:29.012Z,MNRE,Monroe,2caac1da-4db4-431b-998d-21dc6fd03dce,SAMMS-Monroe
202608192252096422,202608192152667072,202608192152666995,85,2193,Bronze INV,br_InvType,TASK_COMPLETE,FAILED,ERROR,7,7,1,SAMMS INV pipeline failed. Check the failed parent/child activity run details.,2026-08-19T21:53:13.467Z,2026-08-19T22:54:29.012Z,3676,2026-08-19T22:54:29.012Z,MP,Mt. Pleasant,2caac1da-4db4-431b-998d-21dc6fd03dce,SAMMS-MtPleasant
202608192252096425,202608192152667073,202608192152666995,85,2194,Bronze INV,br_InvType,TASK_COMPLETE,FAILED,ERROR,7,7,1,SAMMS INV pipeline failed. Check the failed parent/child activity run details.,2026-08-19T21:53:13.467Z,2026-08-19T22:54:29.012Z,3676,2026-08-19T22:54:29.012Z,MRD,Meridian,2caac1da-4db4-431b-998d-21dc6fd03dce,SAMMS-Meridian
202608192252096427,202608192152667074,202608192152666995,85,2199,Bronze INV,br_InvType,TASK_COMPLETE,FAILED,ERROR,7,7,1,SAMMS INV pipeline failed. Check the failed parent/child activity run details.,2026-08-19T21:53:13.467Z,2026-08-19T22:54:29.012Z,3676,2026-08-19T22:54:29.012Z,NC,North Charleston,2caac1da-4db4-431b-998d-21dc6fd03dce,SAMMS-NorthCharleston
202608192252096428,202608192152667075,202608192152666995,85,2200,Bronze INV,br_InvType,TASK_COMPLETE,FAILED,ERROR,7,7,1,SAMMS INV pipeline failed. Check the failed parent/child activity run details.,2026-08-19T21:53:13.467Z,2026-08-19T22:54:29.012Z,3676,2026-08-19T22:54:29.012Z,NLR,N. Little Rock,2caac1da-4db4-431b-998d-21dc6fd03dce,SAMMS-NLROBOT
202608192252096429,202608192152667076,202608192152666995,85,2201,Bronze INV,br_InvType,TASK_COMPLETE,FAILED,ERROR,6,6,1,SAMMS INV pipeline failed. Check the failed parent/child activity run details.,2026-08-19T21:53:13.467Z,2026-08-19T22:54:29.012Z,3676,2026-08-19T22:54:29.012Z,PH,Phoenix,2caac1da-4db4-431b-998d-21dc6fd03dce,SAMMS-Phoenix
202608192252096430,202608192152667077,202608192152666995,85,2205,Bronze INV,br_InvType,TASK_COMPLETE,FAILED,ERROR,8,8,1,SAMMS INV pipeline failed. Check the failed parent/child activity run details.,2026-08-19T21:53:13.467Z,2026-08-19T22:54:29.012Z,3676,2026-08-19T22:54:29.012Z,RE,Reno,2caac1da-4db4-431b-998d-21dc6fd03dce,SAMMS-Reno
202608192252096431,202608192152667078,202608192152666995,85,2206,Bronze INV,br_InvType,TASK_COMPLETE,FAILED,ERROR,7,7,1,SAMMS INV pipeline failed. Check the failed parent/child activity run details.,2026-08-19T21:53:13.467Z,2026-08-19T22:54:29.012Z,3676,2026-08-19T22:54:29.012Z,RMD,Richmond,2caac1da-4db4-431b-998d-21dc6fd03dce,SAMMS-Richmond
202608192252096433,202608192152667079,202608192152666995,85,2207,Bronze INV,br_InvType,TASK_COMPLETE,FAILED,ERROR,7,7,1,SAMMS INV pipeline failed. Check the failed parent/child activity run details.,2026-08-19T21:53:13.467Z,2026-08-19T22:54:29.012Z,3676,2026-08-19T22:54:29.012Z,SFN,Springfield North,2caac1da-4db4-431b-998d-21dc6fd03dce,SAMMS-SFNv5
202608192252096434,202608192152667080,202608192152666995,85,2208,Bronze INV,br_InvType,TASK_COMPLETE,FAILED,ERROR,7,7,1,SAMMS INV pipeline failed. Check the failed parent/child activity run details.,2026-08-19T21:53:13.467Z,2026-08-19T22:54:29.012Z,3676,2026-08-19T22:54:29.012Z,SHP,Shreveport,2caac1da-4db4-431b-998d-21dc6fd03dce,SAMMS-Shreveport
202608192252096435,202608192152667081,202608192152666995,85,2210,Bronze INV,br_InvType,TASK_COMPLETE,FAILED,ERROR,7,7,1,SAMMS INV pipeline failed. Check the failed parent/child activity run details.,2026-08-19T21:53:13.467Z,2026-08-19T22:54:29.012Z,3676,2026-08-19T22:54:29.012Z,STN,Staunton,2caac1da-4db4-431b-998d-21dc6fd03dce,SAMMS-Staunton
202608192252096436,202608192152667082,202608192152666995,85,2211,Bronze INV,br_InvType,TASK_COMPLETE,FAILED,ERROR,8,8,1,SAMMS INV pipeline failed. Check the failed parent/child activity run details.,2026-08-19T21:53:13.467Z,2026-08-19T22:54:29.012Z,3676,2026-08-19T22:54:29.012Z,STVN,Stevenson,2caac1da-4db4-431b-998d-21dc6fd03dce,SAMMS-Stevenson
202608192252096437,202608192152667083,202608192152666995,85,2213,Bronze INV,br_InvType,TASK_COMPLETE,FAILED,ERROR,7,7,1,SAMMS INV pipeline failed. Check the failed parent/child activity run details.,2026-08-19T21:53:13.467Z,2026-08-19T22:54:29.012Z,3676,2026-08-19T22:54:29.012Z,TE,Tempe,2caac1da-4db4-431b-998d-21dc6fd03dce,SAMMS-Tempe
202608192252096438,202608192152667084,202608192152666995,85,2214,Bronze INV,br_InvType,TASK_COMPLETE,FAILED,ERROR,7,7,1,SAMMS INV pipeline failed. Check the failed parent/child activity run details.,2026-08-19T21:53:13.467Z,2026-08-19T22:54:29.012Z,3676,2026-08-19T22:54:29.012Z,TEX,Texarkana,2caac1da-4db4-431b-998d-21dc6fd03dce,SAMMS-Texarkana
202608192252096439,202608192152667085,202608192152666995,85,2215,Bronze INV,br_InvType,TASK_COMPLETE,FAILED,ERROR,6,6,1,SAMMS INV pipeline failed. Check the failed parent/child activity run details.,2026-08-19T21:53:13.467Z,2026-08-19T22:54:29.012Z,3676,2026-08-19T22:54:29.012Z,TTCA,Bessemer,2caac1da-4db4-431b-998d-21dc6fd03dce,SAMMS-BessemerV5
202608192252096440,202608192152667086,202608192152666995,85,2216,Bronze INV,br_InvType,TASK_COMPLETE,FAILED,ERROR,6,6,1,SAMMS INV pipeline failed. Check the failed parent/child activity run details.,2026-08-19T21:53:13.467Z,2026-08-19T22:54:29.012Z,3676,2026-08-19T22:54:29.012Z,TTCB,Cullman,2caac1da-4db4-431b-998d-21dc6fd03dce,SAMMS-CullmanV5
202608192252096441,202608192152667087,202608192152666995,85,2217,Bronze INV,br_InvType,TASK_COMPLETE,FAILED,ERROR,7,7,1,SAMMS INV pipeline failed. Check the failed parent/child activity run details.,2026-08-19T21:53:13.467Z,2026-08-19T22:54:29.012Z,3676,2026-08-19T22:54:29.012Z,TTCC,Grand Bay,2caac1da-4db4-431b-998d-21dc6fd03dce,SAMMS-GrandBay
202608192252096442,202608192152667088,202608192152666995,85,2218,Bronze INV,br_InvType,TASK_COMPLETE,FAILED,ERROR,7,7,1,SAMMS INV pipeline failed. Check the failed parent/child activity run details.,2026-08-19T21:53:13.467Z,2026-08-19T22:54:29.012Z,3676,2026-08-19T22:54:29.012Z,TU,Tucson,2caac1da-4db4-431b-998d-21dc6fd03dce,SAMMS-Tucson
202608192252096444,202608192152667089,202608192152666995,85,2220,Bronze INV,br_InvType,TASK_COMPLETE,FAILED,ERROR,6,6,1,SAMMS INV pipeline failed. Check the failed parent/child activity run details.,2026-08-19T21:53:13.467Z,2026-08-19T22:54:29.012Z,3676,2026-08-19T22:54:29.012Z,V1,Memphis South,2caac1da-4db4-431b-998d-21dc6fd03dce,SAMMS-VCPHCS-I-MemphisV5
202608192252096445,202608192152667090,202608192152666995,85,2221,Bronze INV,br_InvType,TASK_COMPLETE,FAILED,ERROR,8,8,1,SAMMS INV pipeline failed. Check the failed parent/child activity run details.,2026-08-19T21:53:13.467Z,2026-08-19T22:54:29.012Z,3676,2026-08-19T22:54:29.012Z,V10,Longmont,2caac1da-4db4-431b-998d-21dc6fd03dce,SAMMS-BoulderV5
202608192252096446,202608192152667091,202608192152666995,85,2222,Bronze INV,br_InvType,TASK_COMPLETE,FAILED,ERROR,8,8,1,SAMMS INV pipeline failed. Check the failed parent/child activity run details.,2026-08-19T21:53:13.467Z,2026-08-19T22:54:29.012Z,3676,2026-08-19T22:54:29.012Z,V10A,Fort Collins,2caac1da-4db4-431b-998d-21dc6fd03dce,SAMMS-FortCollinsV5
202608192252096447,202608192152667092,202608192152666995,85,2223,Bronze INV,br_InvType,TASK_COMPLETE,FAILED,ERROR,8,8,1,SAMMS INV pipeline failed. Check the failed parent/child activity run details.,2026-08-19T21:53:13.467Z,2026-08-19T22:54:29.012Z,3676,2026-08-19T22:54:29.012Z,V11,Westminster,2caac1da-4db4-431b-998d-21dc6fd03dce,SAMMS-VCPHCS-XI-NorthDenverV5
202608192252096448,202608192152667093,202608192152666995,85,2224,Bronze INV,br_InvType,TASK_COMPLETE,FAILED,ERROR,7,7,1,SAMMS INV pipeline failed. Check the failed parent/child activity run details.,2026-08-19T21:53:13.467Z,2026-08-19T22:54:29.012Z,3676,2026-08-19T22:54:29.012Z,V12,Downtown Denver,2caac1da-4db4-431b-998d-21dc6fd03dce,SAMMS-VCPHCS-XII-DowntownDenverV5
202608192252096449,202608192152667094,202608192152666995,85,2225,Bronze INV,br_InvType,TASK_COMPLETE,FAILED,ERROR,8,8,1,SAMMS INV pipeline failed. Check the failed parent/child activity run details.,2026-08-19T21:53:13.467Z,2026-08-19T22:54:29.012Z,3676,2026-08-19T22:54:29.012Z,V12A,Centennial,2caac1da-4db4-431b-998d-21dc6fd03dce,SAMMS-CentennialV5
202608192252096450,202608192152667095,202608192152666995,85,2226,Bronze INV,br_InvType,TASK_COMPLETE,FAILED,ERROR,7,7,1,SAMMS INV pipeline failed. Check the failed parent/child activity run details.,2026-08-19T21:53:13.467Z,2026-08-19T22:54:29.012Z,3676,2026-08-19T22:54:29.012Z,V14,Overland Park,2caac1da-4db4-431b-998d-21dc6fd03dce,SAMMS-VCPHCS-XIV-BridgewayV5
202608192252096452,202608192152667096,202608192152666995,85,2227,Bronze INV,br_InvType,TASK_COMPLETE,FAILED,ERROR,5,5,1,SAMMS INV pipeline failed. Check the failed parent/child activity run details.,2026-08-19T21:53:13.467Z,2026-08-19T22:54:29.012Z,3676,2026-08-19T22:54:29.012Z,V15,Joplin,2caac1da-4db4-431b-998d-21dc6fd03dce,SAMMS-JoplinV5
202608192252096453,202608192152667097,202608192152666995,85,2229,Bronze INV,br_InvType,TASK_COMPLETE,FAILED,ERROR,8,8,1,SAMMS INV pipeline failed. Check the failed parent/child activity run details.,2026-08-19T21:53:13.467Z,2026-08-19T22:54:29.012Z,3676,2026-08-19T22:54:29.012Z,V17,Columbia TN,2caac1da-4db4-431b-998d-21dc6fd03dce,SAMMS-ColumbiaTNv5
202608192252096454,202608192152667098,202608192152666995,85,2231,Bronze INV,br_InvType,TASK_COMPLETE,FAILED,ERROR,7,7,1,SAMMS INV pipeline failed. Check the failed parent/child activity run details.,2026-08-19T21:53:13.467Z,2026-08-19T22:54:29.012Z,3676,2026-08-19T22:54:29.012Z,V19,Jackson,2caac1da-4db4-431b-998d-21dc6fd03dce,SAMMS-JacksonV5
202608192252096455,202608192152667099,202608192152666995,85,2233,Bronze INV,br_InvType,TASK_COMPLETE,FAILED,ERROR,7,7,1,SAMMS INV pipeline failed. Check the failed parent/child activity run details.,2026-08-19T21:53:13.467Z,2026-08-19T22:54:29.012Z,3676,2026-08-19T22:54:29.012Z,V20,Paris,2caac1da-4db4-431b-998d-21dc6fd03dce,SAMMS-ParisV5
202608192252096456,202608192152667100,202608192152666995,85,2234,Bronze INV,br_InvType,TASK_COMPLETE,FAILED,ERROR,8,8,1,SAMMS INV pipeline failed. Check the failed parent/child activity run details.,2026-08-19T21:53:13.467Z,2026-08-19T22:54:29.012Z,3676,2026-08-19T22:54:29.012Z,V21,Memphis North,2caac1da-4db4-431b-998d-21dc6fd03dce,SAMMS-RaleighV5
202608192252096457,202608192152667101,202608192152666995,85,2237,Bronze INV,br_InvType,TASK_COMPLETE,FAILED,ERROR,7,7,1,SAMMS INV pipeline failed. Check the failed parent/child activity run details.,2026-08-19T21:53:13.467Z,2026-08-19T22:54:29.012Z,3676,2026-08-19T22:54:29.012Z,V5,West Bank,2caac1da-4db4-431b-998d-21dc6fd03dce,SAMMS-NONTCv5
202608192252096458,202608192152667102,202608192152666995,85,2239,Bronze INV,br_InvType,TASK_COMPLETE,FAILED,ERROR,7,7,1,SAMMS INV pipeline failed. Check the failed parent/child activity run details.,2026-08-19T21:53:13.467Z,2026-08-19T22:54:29.012Z,3676,2026-08-19T22:54:29.012Z,V5B,Houma,2caac1da-4db4-431b-998d-21dc6fd03dce,SAMMS-HoumaV6
202608192252096459,202608192152667103,202608192152666995,85,2240,Bronze INV,br_InvType,TASK_COMPLETE,FAILED,ERROR,8,8,1,SAMMS INV pipeline failed. Check the failed parent/child activity run details.,2026-08-19T21:53:13.467Z,2026-08-19T22:54:29.012Z,3676,2026-08-19T22:54:29.012Z,V6,Lake Charles,2caac1da-4db4-431b-998d-21dc6fd03dce,SAMMS-LCv5
202608192252096027,202608192152668023,202608192152666995,85,1692,Bronze INV,br_AdmissionAssessmentSummary,TASK_COMPLETE,FAILED,ERROR,350,350,1,SAMMS INV pipeline failed. Check the failed parent/child activity run details.,2026-08-19T21:53:13.467Z,2026-08-19T22:54:29.012Z,3676,2026-08-19T22:54:29.012Z,VBRA,Brainerd,2caac1da-4db4-431b-998d-21dc6fd03dce,SAMMS-BrainerdV6
202608192252096028,202608192152668024,202608192152666995,85,1693,Bronze INV,br_AdmissionAssessmentSummary,TASK_COMPLETE,FAILED,ERROR,617,617,1,SAMMS INV pipeline failed. Check the failed parent/child activity run details.,2026-08-19T21:53:13.467Z,2026-08-19T22:54:29.012Z,3676,2026-08-19T22:54:29.012Z,VBRP,Brooklyn Park,2caac1da-4db4-431b-998d-21dc6fd03dce,SAMMS-BrooklynParkV6
202608192252096029,202608192152668025,202608192152666995,85,1695,Bronze INV,br_AdmissionAssessmentSummary,TASK_COMPLETE,FAILED,ERROR,596,596,1,SAMMS INV pipeline failed. Check the failed parent/child activity run details.,2026-08-19T21:53:13.467Z,2026-08-19T22:54:29.012Z,3676,2026-08-19T22:54:29.012Z,VMIN,Minneapolis,2caac1da-4db4-431b-998d-21dc6fd03dce,SAMMS-MinneapolisV6
202608192252096030,202608192152668026,202608192152666995,85,1696,Bronze INV,br_AdmissionAssessmentSummary,TASK_COMPLETE,FAILED,ERROR,1132,1132,1,SAMMS INV pipeline failed. Check the failed parent/child activity run details.,2026-08-19T21:53:13.467Z,2026-08-19T22:54:29.012Z,3676,2026-08-19T22:54:29.012Z,VWBY,Woodbury,2caac1da-4db4-431b-998d-21dc6fd03dce,SAMMS-WoodburyV6
202608192252096031,202608192152668027,202608192152666995,85,1698,Bronze INV,br_AdmissionAssessmentSummary,TASK_COMPLETE,FAILED,ERROR,435,435,1,SAMMS INV pipeline failed. Check the failed parent/child activity run details.,2026-08-19T21:53:13.467Z,2026-08-19T22:54:29.012Z,3676,2026-08-19T22:54:29.012Z,WIL,Wilson,2caac1da-4db4-431b-998d-21dc6fd03dce,SAMMS-Wilson
202608192252096132,202608192152767003,202608192152766995,86,5727,Silver INV,sl_AdmissionAssessmentSummary,TASK_COMPLETE,SUCCESS,INFO,53421,53421,0,,2026-08-19T21:53:13.467Z,2026-08-19T22:54:29.012Z,3676,2026-08-19T22:54:29.012Z,,,2caac1da-4db4-431b-998d-21dc6fd03dce,
202608192252096048,202608192152667684,202608192152666995,85,1702,Bronze INV,br_Appointments,TASK_COMPLETE,FAILED,ERROR,7595,7595,1,SAMMS INV pipeline failed. Check the failed parent/child activity run details.,2026-08-19T21:53:13.467Z,2026-08-19T22:54:29.012Z,3676,2026-08-19T22:54:29.012Z,AHK,Ahoskie,2caac1da-4db4-431b-998d-21dc6fd03dce,SAMMS-Ahoskie
202608192252096049,202608192152667685,202608192152666995,85,1703,Bronze INV,br_Appointments,TASK_COMPLETE,FAILED,ERROR,14695,14695,1,SAMMS INV pipeline failed. Check the failed parent/child activity run details.,2026-08-19T21:53:13.467Z,2026-08-19T22:54:29.012Z,3676,2026-08-19T22:54:29.012Z,B12B,Colorado Springs,2caac1da-4db4-431b-998d-21dc6fd03dce,SAMMS-ColoradoSpringsV5
202608192252096051,202608192152667686,202608192152666995,85,1704,Bronze INV,br_Appointments,TASK_COMPLETE,FAILED,ERROR,19997,19997,1,SAMMS INV pipeline failed. Check the failed parent/child activity run details.,2026-08-19T21:53:13.467Z,2026-08-19T22:54:29.012Z,3676,2026-08-19T22:54:29.012Z,B24,Paintsville,2caac1da-4db4-431b-998d-21dc6fd03dce,SAMMS-PaintsvilleV5
202608192252096052,202608192152667687,202608192152666995,85,1705,Bronze INV,br_Appointments,TASK_COMPLETE,FAILED,ERROR,15762,15762,1,SAMMS INV pipeline failed. Check the failed parent/child activity run details.,2026-08-19T21:53:13.467Z,2026-08-19T22:54:29.012Z,3676,2026-08-19T22:54:29.012Z,B25,Pikeville,2caac1da-4db4-431b-998d-21dc6fd03dce,SAMMS-PikevilleV5
202608192252096053,202608192152667688,202608192152666995,85,1706,Bronze INV,br_Appointments,TASK_COMPLETE,FAILED,ERROR,48835,48835,1,SAMMS INV pipeline failed. Check the failed parent/child activity run details.,2026-08-19T21:53:13.467Z,2026-08-19T22:54:29.012Z,3676,2026-08-19T22:54:29.012Z,B26,Hazard,2caac1da-4db4-431b-998d-21dc6fd03dce,SAMMS-HazardV5
202608192252096054,202608192152667689,202608192152666995,85,1707,Bronze INV,br_Appointments,TASK_COMPLETE,FAILED,ERROR,21609,21609,1,SAMMS INV pipeline failed. Check the failed parent/child activity run details.,2026-08-19T21:53:13.467Z,2026-08-19T22:54:29.012Z,3676,2026-08-19T22:54:29.012Z,B27,Savannah,2caac1da-4db4-431b-998d-21dc6fd03dce,SAMMS-SavannahV6
202608192252096055,202608192152667690,202608192152666995,85,1708,Bronze INV,br_Appointments,TASK_COMPLETE,FAILED,ERROR,6675,6675,1,SAMMS INV pipeline failed. Check the failed parent/child activity run details.,2026-08-19T21:53:13.467Z,2026-08-19T22:54:29.012Z,3676,2026-08-19T22:54:29.012Z,B28,West Plains,2caac1da-4db4-431b-998d-21dc6fd03dce,SAMMS-WestPlainesV5
202608192252096056,202608192152667691,202608192152666995,85,1709,Bronze INV,br_Appointments,TASK_COMPLETE,FAILED,ERROR,8103,8103,1,SAMMS INV pipeline failed. Check the failed parent/child activity run details.,2026-08-19T21:53:13.467Z,2026-08-19T22:54:29.012Z,3676,2026-08-19T22:54:29.012Z,B29,Poplar Bluff,2caac1da-4db4-431b-998d-21dc6fd03dce,SAMMS-PoplarBluffV5
202608192252096057,202608192152667692,202608192152666995,85,1710,Bronze INV,br_Appointments,TASK_COMPLETE,FAILED,ERROR,6762,6762,1,SAMMS INV pipeline failed. Check the failed parent/child activity run details.,2026-08-19T21:53:13.467Z,2026-08-19T22:54:29.012Z,3676,2026-08-19T22:54:29.012Z,B30,KC North,2caac1da-4db4-431b-998d-21dc6fd03dce,SAMMS-KCNv5
202608192252096058,202608192152667693,202608192152666995,85,1711,Bronze INV,br_Appointments,TASK_COMPLETE,FAILED,ERROR,31684,31684,1,SAMMS INV pipeline failed. Check the failed parent/child activity run details.,2026-08-19T21:53:13.467Z,2026-08-19T22:54:29.012Z,3676,2026-08-19T22:54:29.012Z,B31,Dyersburg,2caac1da-4db4-431b-998d-21dc6fd03dce,SAMMS-DyersburgV5
202608192252096059,202608192152667694,202608192152666995,85,1713,Bronze INV,br_Appointments,TASK_COMPLETE,FAILED,ERROR,0,0,1,SAMMS INV pipeline failed. Check the failed parent/child activity run details.,2026-08-19T21:53:13.467Z,2026-08-19T22:54:29.012Z,3676,2026-08-19T22:54:29.012Z,B33,Paducah,2caac1da-4db4-431b-998d-21dc6fd03dce,SAMMS-Paducah
202608192252096061,202608192152667695,202608192152666995,85,1714,Bronze INV,br_Appointments,TASK_COMPLETE,FAILED,ERROR,0,0,1,SAMMS INV pipeline failed. Check the failed parent/child activity run details.,2026-08-19T21:53:13.467Z,2026-08-19T22:54:29.012Z,3676,2026-08-19T22:54:29.012Z,B34,Corbin,2caac1da-4db4-431b-998d-21dc6fd03dce,SAMMS-CorbinV5
202608192252096062,202608192152667696,202608192152666995,85,1715,Bronze INV,br_Appointments,TASK_COMPLETE,FAILED,ERROR,0,0,1,SAMMS INV pipeline failed. Check the failed parent/child activity run details.,2026-08-19T21:53:13.467Z,2026-08-19T22:54:29.012Z,3676,2026-08-19T22:54:29.012Z,B35,Lexington,2caac1da-4db4-431b-998d-21dc6fd03dce,SAMMS-LexingtonV5
202608192252096063,202608192152667697,202608192152666995,85,1716,Bronze INV,br_Appointments,TASK_COMPLETE,FAILED,ERROR,0,0,1,SAMMS INV pipeline failed. Check the failed parent/child activity run details.,2026-08-19T21:53:13.467Z,2026-08-19T22:54:29.012Z,3676,2026-08-19T22:54:29.012Z,B35A,Berea,2caac1da-4db4-431b-998d-21dc6fd03dce,SAMMS-BereaV5
202608192252096064,202608192152667698,202608192152666995,85,1717,Bronze INV,br_Appointments,TASK_COMPLETE,FAILED,ERROR,0,0,1,SAMMS INV pipeline failed. Check the failed parent/child activity run details.,2026-08-19T21:53:13.467Z,2026-08-19T22:54:29.012Z,3676,2026-08-19T22:54:29.012Z,B36,Asheville,2caac1da-4db4-431b-998d-21dc6fd03dce,SAMMS-AshevilleV5
202608192252096065,202608192152667699,202608192152666995,85,1718,Bronze INV,br_Appointments,TASK_COMPLETE,FAILED,ERROR,0,0,1,SAMMS INV pipeline failed. Check the failed parent/child activity run details.,2026-08-19T21:53:13.467Z,2026-08-19T22:54:29.012Z,3676,2026-08-19T22:54:29.012Z,B37,Clyde,2caac1da-4db4-431b-998d-21dc6fd03dce,SAMMS-ClydeV5
202608192252096066,202608192152667700,202608192152666995,85,1719,Bronze INV,br_Appointments,TASK_COMPLETE,FAILED,ERROR,0,0,1,SAMMS INV pipeline failed. Check the failed parent/child activity run details.,2026-08-19T21:53:13.467Z,2026-08-19T22:54:29.012Z,3676,2026-08-19T22:54:29.012Z,B38,Spartanburg,2caac1da-4db4-431b-998d-21dc6fd03dce,SAMMS-SpartanburgV5
202608192252096067,202608192152667701,202608192152666995,85,1720,Bronze INV,br_Appointments,TASK_COMPLETE,FAILED,ERROR,0,0,1,SAMMS INV pipeline failed. Check the failed parent/child activity run details.,2026-08-19T21:53:13.467Z,2026-08-19T22:54:29.012Z,3676,2026-08-19T22:54:29.012Z,B39,Aiken,2caac1da-4db4-431b-998d-21dc6fd03dce,SAMMS-AikenV5
202608192252096068,202608192152667702,202608192152666995,85,1721,Bronze INV,br_Appointments,TASK_COMPLETE,FAILED,ERROR,0,0,1,SAMMS INV pipeline failed. Check the failed parent/child activity run details.,2026-08-19T21:53:13.467Z,2026-08-19T22:54:29.012Z,3676,2026-08-19T22:54:29.012Z,B41,Chesapeake,2caac1da-4db4-431b-998d-21dc6fd03dce,SAMMS-ChesapeakeV5
202608192252096069,202608192152667703,202608192152666995,85,1722,Bronze INV,br_Appointments,TASK_COMPLETE,FAILED,ERROR,0,0,1,SAMMS INV pipeline failed. Check the failed parent/child activity run details.,2026-08-19T21:53:13.467Z,2026-08-19T22:54:29.012Z,3676,2026-08-19T22:54:29.012Z,B42,Virginia Beach,2caac1da-4db4-431b-998d-21dc6fd03dce,SAMMS-VirginiaBeachV5
202608192252096070,202608192152667704,202608192152666995,85,1723,Bronze INV,br_Appointments,TASK_COMPLETE,FAILED,ERROR,0,0,1,SAMMS INV pipeline failed. Check the failed parent/child activity run details.,2026-08-19T21:53:13.467Z,2026-08-19T22:54:29.012Z,3676,2026-08-19T22:54:29.012Z,B42A,Newport News,2caac1da-4db4-431b-998d-21dc6fd03dce,SAMMS-NewportNewsV5
202608192252096072,202608192152667705,202608192152666995,85,1724,Bronze INV,br_Appointments,TASK_COMPLETE,FAILED,ERROR,0,0,1,SAMMS INV pipeline failed. Check the failed parent/child activity run details.,2026-08-19T21:53:13.467Z,2026-08-19T22:54:29.012Z,3676,2026-08-19T22:54:29.012Z,B42B,Franklin,2caac1da-4db4-431b-998d-21dc6fd03dce,SAMMS-FranklinV5
202608192252096073,202608192152667706,202608192152666995,85,1725,Bronze INV,br_Appointments,TASK_COMPLETE,FAILED,ERROR,0,0,1,SAMMS INV pipeline failed. Check the failed parent/child activity run details.,2026-08-19T21:53:13.467Z,2026-08-19T22:54:29.012Z,3676,2026-08-19T22:54:29.012Z,B42C,Glen Allen,2caac1da-4db4-431b-998d-21dc6fd03dce,SAMMS-GlenAllenV5
202608192252096074,202608192152667707,202608192152666995,85,1726,Bronze INV,br_Appointments,TASK_COMPLETE,FAILED,ERROR,0,0,1,SAMMS INV pipeline failed. Check the failed parent/child activity run details.,2026-08-19T21:53:13.467Z,2026-08-19T22:54:29.012Z,3676,2026-08-19T22:54:29.012Z,B42D,Chesapeake South,2caac1da-4db4-431b-998d-21dc6fd03dce,SAMMS-ChesapeakeSouthV5
202608192252096075,202608192152667708,202608192152666995,85,1727,Bronze INV,br_Appointments,TASK_COMPLETE,FAILED,ERROR,0,0,1,SAMMS INV pipeline failed. Check the failed parent/child activity run details.,2026-08-19T21:53:13.467Z,2026-08-19T22:54:29.012Z,3676,2026-08-19T22:54:29.012Z,B44,Albany,2caac1da-4db4-431b-998d-21dc6fd03dce,SAMMS-AlbanyV5
202608192252096076,202608192152667709,202608192152666995,85,1728,Bronze INV,br_Appointments,TASK_COMPLETE,FAILED,ERROR,0,0,1,SAMMS INV pipeline failed. Check the failed parent/child activity run details.,2026-08-19T21:53:13.467Z,2026-08-19T22:54:29.012Z,3676,2026-08-19T22:54:29.012Z,B45,Tifton,2caac1da-4db4-431b-998d-21dc6fd03dce,SAMMS-TiftonV5
202608192252096077,202608192152667710,202608192152666995,85,1729,Bronze INV,br_Appointments,TASK_COMPLETE,FAILED,ERROR,0,0,1,SAMMS INV pipeline failed. Check the failed parent/child activity run details.,2026-08-19T21:53:13.467Z,2026-08-19T22:54:29.012Z,3676,2026-08-19T22:54:29.012Z,B46,Washington DC,2caac1da-4db4-431b-998d-21dc6fd03dce,SAMMS-WashingtonDCv5
202608192252096078,202608192152667711,202608192152666995,85,1730,Bronze INV,br_Appointments,TASK_COMPLETE,FAILED,ERROR,0,0,1,SAMMS INV pipeline failed. Check the failed parent/child activity run details.,2026-08-19T21:53:13.467Z,2026-08-19T22:54:29.012Z,3676,2026-08-19T22:54:29.012Z,B47,Mobile,2caac1da-4db4-431b-998d-21dc6fd03dce,SAMMS-MobileV5
202608192252096079,202608192152667712,202608192152666995,85,1731,Bronze INV,br_Appointments,TASK_COMPLETE,FAILED,ERROR,0,0,1,SAMMS INV pipeline failed. Check the failed parent/child activity run details.,2026-08-19T21:53:13.467Z,2026-08-19T22:54:29.012Z,3676,2026-08-19T22:54:29.012Z,B48,Tuscaloosa,2caac1da-4db4-431b-998d-21dc6fd03dce,SAMMS-TuscaloosaV5
202608192252096080,202608192152667713,202608192152666995,85,1740,Bronze INV,br_Appointments,TASK_COMPLETE,FAILED,ERROR,0,0,1,SAMMS INV pipeline failed. Check the failed parent/child activity run details.,2026-08-19T21:53:13.467Z,2026-08-19T22:54:29.012Z,3676,2026-08-19T22:54:29.012Z,B51,N. Little Rock (OTP),2caac1da-4db4-431b-998d-21dc6fd03dce,SAMMS-NorthLittleRockV6
202608192252096082,202608192152667714,202608192152666995,85,1741,Bronze INV,br_Appointments,TASK_COMPLETE,FAILED,ERROR,0,0,1,SAMMS INV pipeline failed. Check the failed parent/child activity run details.,2026-08-19T21:53:13.467Z,2026-08-19T22:54:29.012Z,3676,2026-08-19T22:54:29.012Z,B52,Jackson GA,2caac1da-4db4-431b-998d-21dc6fd03dce,SAMMS-JacksonGAV5
202608192252096083,202608192152667715,202608192152666995,85,1742,Bronze INV,br_Appointments,TASK_COMPLETE,FAILED,ERROR,0,0,1,SAMMS INV pipeline failed. Check the failed parent/child activity run details.,2026-08-19T21:53:13.467Z,2026-08-19T22:54:29.012Z,3676,2026-08-19T22:54:29.012Z,B54,Gadsden,2caac1da-4db4-431b-998d-21dc6fd03dce,SAMMS-GadsdenV5
202608192252096084,202608192152667716,202608192152666995,85,1743,Bronze INV,br_Appointments,TASK_COMPLETE,FAILED,ERROR,0,0,1,SAMMS INV pipeline failed. Check the failed parent/child activity run details.,2026-08-19T21:53:13.467Z,2026-08-19T22:54:29.012Z,3676,2026-08-19T22:54:29.012Z,B55,Shoals,2caac1da-4db4-431b-998d-21dc6fd03dce,SAMMS-ShoalsV5
202608192252096085,202608192152667717,202608192152666995,85,1744,Bronze INV,br_Appointments,TASK_COMPLETE,FAILED,ERROR,0,0,1,SAMMS INV pipeline failed. Check the failed parent/child activity run details.,2026-08-19T21:53:13.467Z,2026-08-19T22:54:29.012Z,3676,2026-08-19T22:54:29.012Z,B57,Pawtucket,2caac1da-4db4-431b-998d-21dc6fd03dce,SAMMS-Pawtucket
202608192252096086,202608192152667718,202608192152666995,85,1745,Bronze INV,br_Appointments,TASK_COMPLETE,FAILED,ERROR,0,0,1,SAMMS INV pipeline failed. Check the failed parent/child activity run details.,2026-08-19T21:53:13.467Z,2026-08-19T22:54:29.012Z,3676,2026-08-19T22:54:29.012Z,B57A,Johnston,2caac1da-4db4-431b-998d-21dc6fd03dce,SAMMS-Johnston
202608192252096087,202608192152667719,202608192152666995,85,1746,Bronze INV,br_Appointments,TASK_COMPLETE,FAILED,ERROR,0,0,1,SAMMS INV pipeline failed. Check the failed parent/child activity run details.,2026-08-19T21:53:13.467Z,2026-08-19T22:54:29.012Z,3676,2026-08-19T22:54:29.012Z,B57B,Middletown,2caac1da-4db4-431b-998d-21dc6fd03dce,SAMMS-Middletown
202608192252096088,202608192152667720,202608192152666995,85,1747,Bronze INV,br_Appointments,TASK_COMPLETE,FAILED,ERROR,0,0,1,SAMMS INV pipeline failed. Check the failed parent/child activity run details.,2026-08-19T21:53:13.467Z,2026-08-19T22:54:29.012Z,3676,2026-08-19T22:54:29.012Z,B57C,Providence,2caac1da-4db4-431b-998d-21dc6fd03dce,SAMMS-Providence
202608192252096089,202608192152667721,202608192152666995,85,1748,Bronze INV,br_Appointments,TASK_COMPLETE,FAILED,ERROR,0,0,1,SAMMS INV pipeline failed. Check the failed parent/child activity run details.,2026-08-19T21:53:13.467Z,2026-08-19T22:54:29.012Z,3676,2026-08-19T22:54:29.012Z,B57D,Westerly,2caac1da-4db4-431b-998d-21dc6fd03dce,SAMMS-Westerly
202608192252096090,202608192152667722,202608192152666995,85,1752,Bronze INV,br_Appointments,TASK_COMPLETE,FAILED,ERROR,0,0,1,SAMMS INV pipeline failed. Check the failed parent/child activity run details.,2026-08-19T21:53:13.467Z,2026-08-19T22:54:29.012Z,3676,2026-08-19T22:54:29.012Z,B66A,Bremen,2caac1da-4db4-431b-998d-21dc6fd03dce,SAMMS-Bremen
202608192252096091,202608192152667723,202608192152666995,85,1755,Bronze INV,br_Appointments,TASK_COMPLETE,FAILED,ERROR,0,0,1,SAMMS INV pipeline failed. Check the failed parent/child activity run details.,2026-08-19T21:53:13.467Z,2026-08-19T22:54:29.012Z,3676,2026-08-19T22:54:29.012Z,B72,Mobile (OBOT),2caac1da-4db4-431b-998d-21dc6fd03dce,SAMMS-Mobile-OBOT
202608192252096093,202608192152667724,202608192152666995,85,1756,Bronze INV,br_Appointments,TASK_COMPLETE,FAILED,ERROR,0,0,1,SAMMS INV pipeline failed. Check the failed parent/child activity run details.,2026-08-19T21:53:13.467Z,2026-08-19T22:54:29.012Z,3676,2026-08-19T22:54:29.012Z,B73,Montgomery,2caac1da-4db4-431b-998d-21dc6fd03dce,SAMMS-Montgomery
202608192252096094,202608192152667725,202608192152666995,85,1757,Bronze INV,br_Appointments,TASK_COMPLETE,FAILED,ERROR,0,0,1,SAMMS INV pipeline failed. Check the failed parent/child activity run details.,2026-08-19T21:53:13.467Z,2026-08-19T22:54:29.012Z,3676,2026-08-19T22:54:29.012Z,B75,Lawrence,2caac1da-4db4-431b-998d-21dc6fd03dce,SAMMS-LawrenceV6
202608192252096095,202608192152667726,202608192152666995,85,1758,Bronze INV,br_Appointments,TASK_COMPLETE,FAILED,ERROR,0,0,1,SAMMS INV pipeline failed. Check the failed parent/child activity run details.,2026-08-19T21:53:13.467Z,2026-08-19T22:54:29.012Z,3676,2026-08-19T22:54:29.012Z,B76,Huntsville OBOT,2caac1da-4db4-431b-998d-21dc6fd03dce,SAMMS-Huntsville-OBOT
202608192252096096,202608192152667727,202608192152666995,85,1759,Bronze INV,br_Appointments,TASK_COMPLETE,FAILED,ERROR,0,0,1,SAMMS INV pipeline failed. Check the failed parent/child activity run details.,2026-08-19T21:53:13.467Z,2026-08-19T22:54:29.012Z,3676,2026-08-19T22:54:29.012Z,BAT,Batesville,2caac1da-4db4-431b-998d-21dc6fd03dce,SAMMS-Batesville
202608192252096097,202608192152667728,202608192152666995,85,1760,Bronze INV,br_Appointments,TASK_COMPLETE,FAILED,ERROR,0,0,1,SAMMS INV pipeline failed. Check the failed parent/child activity run details.,2026-08-19T21:53:13.467Z,2026-08-19T22:54:29.012Z,3676,2026-08-19T22:54:29.012Z,BG,Bowling Green,2caac1da-4db4-431b-998d-21dc6fd03dce,SAMMS-BowlingGreen
202608192252096098,202608192152667729,202608192152666995,85,1761,Bronze INV,br_Appointments,TASK_COMPLETE,FAILED,ERROR,0,0,1,SAMMS INV pipeline failed. Check the failed parent/child activity run details.,2026-08-19T21:53:13.467Z,2026-08-19T22:54:29.012Z,3676,2026-08-19T22:54:29.012Z,BOI,Boise,2caac1da-4db4-431b-998d-21dc6fd03dce,SAMMS-Boise
202608192252096099,202608192152667730,202608192152666995,85,1768,Bronze INV,br_Appointments,TASK_COMPLETE,FAILED,ERROR,0,0,1,SAMMS INV pipeline failed. Check the failed parent/child activity run details.,2026-08-19T21:53:13.467Z,2026-08-19T22:54:29.012Z,3676,2026-08-19T22:54:29.012Z,CBCO,Coeur dAlene,2caac1da-4db4-431b-998d-21dc6fd03dce,SAMMS-CoeurdAleneV6
202608192252096100,202608192152667731,202608192152666995,85,1787,Bronze INV,br_Appointments,TASK_COMPLETE,FAILED,ERROR,0,0,1,SAMMS INV pipeline failed. Check the failed parent/child activity run details.,2026-08-19T21:53:13.467Z,2026-08-19T22:54:29.012Z,3676,2026-08-19T22:54:29.012Z,CON,Conway,2caac1da-4db4-431b-998d-21dc6fd03dce,SAMMS-Conway
202608192252096101,202608192152667732,202608192152666995,85,1788,Bronze INV,br_Appointments,TASK_COMPLETE,FAILED,ERROR,0,0,1,SAMMS INV pipeline failed. Check the failed parent/child activity run details.,2026-08-19T21:53:13.467Z,2026-08-19T22:54:29.012Z,3676,2026-08-19T22:54:29.012Z,D07,Medical Services Knox TN,2caac1da-4db4-431b-998d-21dc6fd03dce,SAMMS-KnoxvilleV6
202608192252096103,202608192152667733,202608192152666995,85,1789,Bronze INV,br_Appointments,TASK_COMPLETE,FAILED,ERROR,0,0,1,SAMMS INV pipeline failed. Check the failed parent/child activity run details.,2026-08-19T21:53:13.467Z,2026-08-19T22:54:29.012Z,3676,2026-08-19T22:54:29.012Z,D08,Madison,2caac1da-4db4-431b-998d-21dc6fd03dce,SAMMS-MadisonV6
202608192252096104,202608192152667734,202608192152666995,85,1791,Bronze INV,br_Appointments,TASK_COMPLETE,FAILED,ERROR,0,0,1,SAMMS INV pipeline failed. Check the failed parent/child activity run details.,2026-08-19T21:53:13.467Z,2026-08-19T22:54:29.012Z,3676,2026-08-19T22:54:29.012Z,D09,Murfreesboro,2caac1da-4db4-431b-998d-21dc6fd03dce,SAMMS-MurfreesboroV6
202608192252096105,202608192152667735,202608192152666995,85,1792,Bronze INV,br_Appointments,TASK_COMPLETE,FAILED,ERROR,0,0,1,SAMMS INV pipeline failed. Check the failed parent/child activity run details.,2026-08-19T21:53:13.467Z,2026-08-19T22:54:29.012Z,3676,2026-08-19T22:54:29.012Z,DA,Davenport,2caac1da-4db4-431b-998d-21dc6fd03dce,SAMMS-Davenport
202608192252096106,202608192152667736,202608192152666995,85,1793,Bronze INV,br_Appointments,TASK_COMPLETE,FAILED,ERROR,0,0,1,SAMMS INV pipeline failed. Check the failed parent/child activity run details.,2026-08-19T21:53:13.467Z,2026-08-19T22:54:29.012Z,3676,2026-08-19T22:54:29.012Z,DM,Des Moines,2caac1da-4db4-431b-998d-21dc6fd03dce,SAMMS-DesMoines
202608192252096107,202608192152667737,202608192152666995,85,1795,Bronze INV,br_Appointments,TASK_COMPLETE,FAILED,ERROR,0,0,1,SAMMS INV pipeline failed. Check the failed parent/child activity run details.,2026-08-19T21:53:13.467Z,2026-08-19T22:54:29.012Z,3676,2026-08-19T22:54:29.012Z,DRD-CO,Columbia MO,2caac1da-4db4-431b-998d-21dc6fd03dce,SAMMS-ColumbiaV5
202608192252096108,202608192152667738,202608192152666995,85,1796,Bronze INV,br_Appointments,TASK_COMPLETE,FAILED,ERROR,0,0,1,SAMMS INV pipeline failed. Check the failed parent/child activity run details.,2026-08-19T21:53:13.467Z,2026-08-19T22:54:29.012Z,3676,2026-08-19T22:54:29.012Z,DRD-KC,KC,2caac1da-4db4-431b-998d-21dc6fd03dce,SAMMS-KCv5
202608192252096109,202608192152667739,202608192152666995,85,1797,Bronze INV,br_Appointments,TASK_COMPLETE,FAILED,ERROR,0,0,1,SAMMS INV pipeline failed. Check the failed parent/child activity run details.,2026-08-19T21:53:13.467Z,2026-08-19T22:54:29.012Z,3676,2026-08-19T22:54:29.012Z,DRD-KVB,KVB,2caac1da-4db4-431b-998d-21dc6fd03dce,SAMMS-KVBv5
202608192252096110,202608192152667740,202608192152666995,85,1798,Bronze INV,br_Appointments,TASK_COMPLETE,FAILED,ERROR,0,0,1,SAMMS INV pipeline failed. Check the failed parent/child activity run details.,2026-08-19T21:53:13.467Z,2026-08-19T22:54:29.012Z,3676,2026-08-19T22:54:29.012Z,DRD-KVC,KVC,2caac1da-4db4-431b-998d-21dc6fd03dce,SAMMS-KVCv5
202608192252096111,202608192152667741,202608192152666995,85,1799,Bronze INV,br_Appointments,TASK_COMPLETE,FAILED,ERROR,0,0,1,SAMMS INV pipeline failed. Check the failed parent/child activity run details.,2026-08-19T21:53:13.467Z,2026-08-19T22:54:29.012Z,3676,2026-08-19T22:54:29.012Z,DRD-NOLA,NOLA,2caac1da-4db4-431b-998d-21dc6fd03dce,SAMMS-NOLAv5
202608192252096113,202608192152667742,202608192152666995,85,1800,Bronze INV,br_Appointments,TASK_COMPLETE,FAILED,ERROR,0,0,1,SAMMS INV pipeline failed. Check the failed parent/child activity run details.,2026-08-19T21:53:13.467Z,2026-08-19T22:54:29.012Z,3676,2026-08-19T22:54:29.012Z,DRD-SF,Springfield,2caac1da-4db4-431b-998d-21dc6fd03dce,SAMMS-SFv5
202608192252096114,202608192152667743,202608192152666995,85,1802,Bronze INV,br_Appointments,TASK_COMPLETE,FAILED,ERROR,0,0,1,SAMMS INV pipeline failed. Check the failed parent/child activity run details.,2026-08-19T21:53:13.467Z,2026-08-19T22:54:29.012Z,3676,2026-08-19T22:54:29.012Z,ELC,Elizabeth City,2caac1da-4db4-431b-998d-21dc6fd03dce,SAMMS-ElizabethCity
202608192252096115,202608192152667744,202608192152666995,85,1803,Bronze INV,br_Appointments,TASK_COMPLETE,FAILED,ERROR,0,0,1,SAMMS INV pipeline failed. Check the failed parent/child activity run details.,2026-08-19T21:53:13.467Z,2026-08-19T22:54:29.012Z,3676,2026-08-19T22:54:29.012Z,ET,Elizabethtown,2caac1da-4db4-431b-998d-21dc6fd03dce,SAMMS-Elizabethtown
202608192252096116,202608192152667745,202608192152666995,85,1804,Bronze INV,br_Appointments,TASK_COMPLETE,FAILED,ERROR,0,0,1,SAMMS INV pipeline failed. Check the failed parent/child activity run details.,2026-08-19T21:53:13.467Z,2026-08-19T22:54:29.012Z,3676,2026-08-19T22:54:29.012Z,FAY,Fayetteville,2caac1da-4db4-431b-998d-21dc6fd03dce,SAMMS-Fayetteville
202608192252096117,202608192152667746,202608192152666995,85,1805,Bronze INV,br_Appointments,TASK_COMPLETE,FAILED,ERROR,0,0,1,SAMMS INV pipeline failed. Check the failed parent/child activity run details.,2026-08-19T21:53:13.467Z,2026-08-19T22:54:29.012Z,3676,2026-08-19T22:54:29.012Z,FR,Frankfort,2caac1da-4db4-431b-998d-21dc6fd03dce,SAMMS-Frankfort
202608192252096118,202608192152667747,202608192152666995,85,1806,Bronze INV,br_Appointments,TASK_COMPLETE,FAILED,ERROR,0,0,1,SAMMS INV pipeline failed. Check the failed parent/child activity run details.,2026-08-19T21:53:13.467Z,2026-08-19T22:54:29.012Z,3676,2026-08-19T22:54:29.012Z,FS,Fort Smith,2caac1da-4db4-431b-998d-21dc6fd03dce,SAMMS-FortSmith
202608192252096119,202608192152667748,202608192152666995,85,1807,Bronze INV,br_Appointments,TASK_COMPLETE,FAILED,ERROR,0,0,1,SAMMS INV pipeline failed. Check the failed parent/child activity run details.,2026-08-19T21:53:13.467Z,2026-08-19T22:54:29.012Z,3676,2026-08-19T22:54:29.012Z,FW,Fort Wayne,2caac1da-4db4-431b-998d-21dc6fd03dce,SAMMS-FortWayne
202608192252096120,202608192152667749,202608192152666995,85,1808,Bronze INV,br_Appointments,TASK_COMPLETE,FAILED,ERROR,0,0,1,SAMMS INV pipeline failed. Check the failed parent/child activity run details.,2026-08-19T21:53:13.467Z,2026-08-19T22:54:29.012Z,3676,2026-08-19T22:54:29.012Z,GAL,Gaylord,2caac1da-4db4-431b-998d-21dc6fd03dce,SAMMS-Gaylord
202608192252096122,202608192152667750,202608192152666995,85,1812,Bronze INV,br_Appointments,TASK_COMPLETE,FAILED,ERROR,0,0,1,SAMMS INV pipeline failed. Check the failed parent/child activity run details.,2026-08-19T21:53:13.467Z,2026-08-19T22:54:29.012Z,3676,2026-08-19T22:54:29.012Z,HGT,Hagerstown,2caac1da-4db4-431b-998d-21dc6fd03dce,SAMMS-Hagerstown
202608192252096123,202608192152667751,202608192152666995,85,1813,Bronze INV,br_Appointments,TASK_COMPLETE,FAILED,ERROR,0,0,1,SAMMS INV pipeline failed. Check the failed parent/child activity run details.,2026-08-19T21:53:13.467Z,2026-08-19T22:54:29.012Z,3676,2026-08-19T22:54:29.012Z,HNT,Huntsville,2caac1da-4db4-431b-998d-21dc6fd03dce,SAMMS-Huntsville
202608192252096124,202608192152667752,202608192152666995,85,1814,Bronze INV,br_Appointments,TASK_COMPLETE,FAILED,ERROR,0,0,1,SAMMS INV pipeline failed. Check the failed parent/child activity run details.,2026-08-19T21:53:13.467Z,2026-08-19T22:54:29.012Z,3676,2026-08-19T22:54:29.012Z,HS,Hot Springs,2caac1da-4db4-431b-998d-21dc6fd03dce,SAMMS-HotSprings
202608192252096125,202608192152667753,202608192152666995,85,1815,Bronze INV,br_Appointments,TASK_COMPLETE,FAILED,ERROR,0,0,1,SAMMS INV pipeline failed. Check the failed parent/child activity run details.,2026-08-19T21:53:13.467Z,2026-08-19T22:54:29.012Z,3676,2026-08-19T22:54:29.012Z,JON,Jonesboro,2caac1da-4db4-431b-998d-21dc6fd03dce,SAMMS-Jonesboro
202608192252096126,202608192152667754,202608192152666995,85,1817,Bronze INV,br_Appointments,TASK_COMPLETE,FAILED,ERROR,0,0,1,SAMMS INV pipeline failed. Check the failed parent/child activity run details.,2026-08-19T21:53:13.467Z,2026-08-19T22:54:29.012Z,3676,2026-08-19T22:54:29.012Z,LAN,Lansing,2caac1da-4db4-431b-998d-21dc6fd03dce,SAMMS-Lansing
202608192252096127,202608192152667755,202608192152666995,85,1818,Bronze INV,br_Appointments,TASK_COMPLETE,FAILED,ERROR,0,0,1,SAMMS INV pipeline failed. Check the failed parent/child activity run details.,2026-08-19T21:53:13.467Z,2026-08-19T22:54:29.012Z,3676,2026-08-19T22:54:29.012Z,LO,Louisville,2caac1da-4db4-431b-998d-21dc6fd03dce,SAMMS-Louisville
202608192252096128,202608192152667756,202608192152666995,85,1819,Bronze INV,br_Appointments,TASK_COMPLETE,FAILED,ERROR,0,0,1,SAMMS INV pipeline failed. Check the failed parent/child activity run details.,2026-08-19T21:53:13.467Z,2026-08-19T22:54:29.012Z,3676,2026-08-19T22:54:29.012Z,LV1,Cheyenne,2caac1da-4db4-431b-998d-21dc6fd03dce,SAMMS-Cheyenne
202608192252096129,202608192152667757,202608192152666995,85,1820,Bronze INV,br_Appointments,TASK_COMPLETE,FAILED,ERROR,0,0,1,SAMMS INV pipeline failed. Check the failed parent/child activity run details.,2026-08-19T21:53:13.467Z,2026-08-19T22:54:29.012Z,3676,2026-08-19T22:54:29.012Z,LV2,Desert Inn,2caac1da-4db4-431b-998d-21dc6fd03dce,SAMMS-DesertInn
202608192252096130,202608192152667758,202608192152666995,85,1821,Bronze INV,br_Appointments,TASK_COMPLETE,FAILED,ERROR,0,0,1,SAMMS INV pipeline failed. Check the failed parent/child activity run details.,2026-08-19T21:53:13.467Z,2026-08-19T22:54:29.012Z,3676,2026-08-19T22:54:29.012Z,LV3,McDaniel,2caac1da-4db4-431b-998d-21dc6fd03dce,SAMMS-McDaniel
202608192252096131,202608192152667759,202608192152666995,85,1824,Bronze INV,br_Appointments,TASK_COMPLETE,FAILED,ERROR,0,0,1,SAMMS INV pipeline failed. Check the failed parent/child activity run details.,2026-08-19T21:53:13.467Z,2026-08-19T22:54:29.012Z,3676,2026-08-19T22:54:29.012Z,MNRE,Monroe,2caac1da-4db4-431b-998d-21dc6fd03dce,SAMMS-Monroe
202608192252096133,202608192152667760,202608192152666995,85,1825,Bronze INV,br_Appointments,TASK_COMPLETE,FAILED,ERROR,0,0,1,SAMMS INV pipeline failed. Check the failed parent/child activity run details.,2026-08-19T21:53:13.467Z,2026-08-19T22:54:29.012Z,3676,2026-08-19T22:54:29.012Z,MP,Mt. Pleasant,2caac1da-4db4-431b-998d-21dc6fd03dce,SAMMS-MtPleasant
202608192252096134,202608192152667761,202608192152666995,85,1826,Bronze INV,br_Appointments,TASK_COMPLETE,FAILED,ERROR,0,0,1,SAMMS INV pipeline failed. Check the failed parent/child activity run details.,2026-08-19T21:53:13.467Z,2026-08-19T22:54:29.012Z,3676,2026-08-19T22:54:29.012Z,MRD,Meridian,2caac1da-4db4-431b-998d-21dc6fd03dce,SAMMS-Meridian
202608192252096135,202608192152667762,202608192152666995,85,1831,Bronze INV,br_Appointments,TASK_COMPLETE,FAILED,ERROR,0,0,1,SAMMS INV pipeline failed. Check the failed parent/child activity run details.,2026-08-19T21:53:13.467Z,2026-08-19T22:54:29.012Z,3676,2026-08-19T22:54:29.012Z,NC,North Charleston,2caac1da-4db4-431b-998d-21dc6fd03dce,SAMMS-NorthCharleston
202608192252096136,202608192152667763,202608192152666995,85,1832,Bronze INV,br_Appointments,TASK_COMPLETE,FAILED,ERROR,0,0,1,SAMMS INV pipeline failed. Check the failed parent/child activity run details.,2026-08-19T21:53:13.467Z,2026-08-19T22:54:29.012Z,3676,2026-08-19T22:54:29.012Z,NLR,N. Little Rock,2caac1da-4db4-431b-998d-21dc6fd03dce,SAMMS-NLROBOT
202608192252096137,202608192152667764,202608192152666995,85,1833,Bronze INV,br_Appointments,TASK_COMPLETE,FAILED,ERROR,0,0,1,SAMMS INV pipeline failed. Check the failed parent/child activity run details.,2026-08-19T21:53:13.467Z,2026-08-19T22:54:29.012Z,3676,2026-08-19T22:54:29.012Z,PH,Phoenix,2caac1da-4db4-431b-998d-21dc6fd03dce,SAMMS-Phoenix
202608192252096138,202608192152667765,202608192152666995,85,1837,Bronze INV,br_Appointments,TASK_COMPLETE,FAILED,ERROR,0,0,1,SAMMS INV pipeline failed. Check the failed parent/child activity run details.,2026-08-19T21:53:13.467Z,2026-08-19T22:54:29.012Z,3676,2026-08-19T22:54:29.012Z,RE,Reno,2caac1da-4db4-431b-998d-21dc6fd03dce,SAMMS-Reno
202608192252096139,202608192152667766,202608192152666995,85,1838,Bronze INV,br_Appointments,TASK_COMPLETE,FAILED,ERROR,0,0,1,SAMMS INV pipeline failed. Check the failed parent/child activity run details.,2026-08-19T21:53:13.467Z,2026-08-19T22:54:29.012Z,3676,2026-08-19T22:54:29.012Z,RMD,Richmond,2caac1da-4db4-431b-998d-21dc6fd03dce,SAMMS-Richmond
202608192252096140,202608192152667767,202608192152666995,85,1839,Bronze INV,br_Appointments,TASK_COMPLETE,FAILED,ERROR,0,0,1,SAMMS INV pipeline failed. Check the failed parent/child activity run details.,2026-08-19T21:53:13.467Z,2026-08-19T22:54:29.012Z,3676,2026-08-19T22:54:29.012Z,SFN,Springfield North,2caac1da-4db4-431b-998d-21dc6fd03dce,SAMMS-SFNv5
202608192252096141,202608192152667768,202608192152666995,85,1840,Bronze INV,br_Appointments,TASK_COMPLETE,FAILED,ERROR,0,0,1,SAMMS INV pipeline failed. Check the failed parent/child activity run details.,2026-08-19T21:53:13.467Z,2026-08-19T22:54:29.012Z,3676,2026-08-19T22:54:29.012Z,SHP,Shreveport,2caac1da-4db4-431b-998d-21dc6fd03dce,SAMMS-Shreveport
202608192252096143,202608192152667769,202608192152666995,85,1842,Bronze INV,br_Appointments,TASK_COMPLETE,FAILED,ERROR,0,0,1,SAMMS INV pipeline failed. Check the failed parent/child activity run details.,2026-08-19T21:53:13.467Z,2026-08-19T22:54:29.012Z,3676,2026-08-19T22:54:29.012Z,STN,Staunton,2caac1da-4db4-431b-998d-21dc6fd03dce,SAMMS-Staunton
202608192252096144,202608192152667770,202608192152666995,85,1843,Bronze INV,br_Appointments,TASK_COMPLETE,FAILED,ERROR,0,0,1,SAMMS INV pipeline failed. Check the failed parent/child activity run details.,2026-08-19T21:53:13.467Z,2026-08-19T22:54:29.012Z,3676,2026-08-19T22:54:29.012Z,STVN,Stevenson,2caac1da-4db4-431b-998d-21dc6fd03dce,SAMMS-Stevenson
202608192252096145,202608192152667771,202608192152666995,85,1845,Bronze INV,br_Appointments,TASK_COMPLETE,FAILED,ERROR,0,0,1,SAMMS INV pipeline failed. Check the failed parent/child activity run details.,2026-08-19T21:53:13.467Z,2026-08-19T22:54:29.012Z,3676,2026-08-19T22:54:29.012Z,TE,Tempe,2caac1da-4db4-431b-998d-21dc6fd03dce,SAMMS-Tempe
202608192252096146,202608192152667772,202608192152666995,85,1846,Bronze INV,br_Appointments,TASK_COMPLETE,FAILED,ERROR,0,0,1,SAMMS INV pipeline failed. Check the failed parent/child activity run details.,2026-08-19T21:53:13.467Z,2026-08-19T22:54:29.012Z,3676,2026-08-19T22:54:29.012Z,TEX,Texarkana,2caac1da-4db4-431b-998d-21dc6fd03dce,SAMMS-Texarkana
202608192252096147,202608192152667773,202608192152666995,85,1847,Bronze INV,br_Appointments,TASK_COMPLETE,FAILED,ERROR,0,0,1,SAMMS INV pipeline failed. Check the failed parent/child activity run details.,2026-08-19T21:53:13.467Z,2026-08-19T22:54:29.012Z,3676,2026-08-19T22:54:29.012Z,TTCA,Bessemer,2caac1da-4db4-431b-998d-21dc6fd03dce,SAMMS-BessemerV5
202608192252096148,202608192152667774,202608192152666995,85,1848,Bronze INV,br_Appointments,TASK_COMPLETE,FAILED,ERROR,0,0,1,SAMMS INV pipeline failed. Check the failed parent/child activity run details.,2026-08-19T21:53:13.467Z,2026-08-19T22:54:29.012Z,3676,2026-08-19T22:54:29.012Z,TTCB,Cullman,2caac1da-4db4-431b-998d-21dc6fd03dce,SAMMS-CullmanV5
202608192252096149,202608192152667775,202608192152666995,85,1849,Bronze INV,br_Appointments,TASK_COMPLETE,FAILED,ERROR,0,0,1,SAMMS INV pipeline failed. Check the failed parent/child activity run details.,2026-08-19T21:53:13.467Z,2026-08-19T22:54:29.012Z,3676,2026-08-19T22:54:29.012Z,TTCC,Grand Bay,2caac1da-4db4-431b-998d-21dc6fd03dce,SAMMS-GrandBay
202608192252096150,202608192152667776,202608192152666995,85,1850,Bronze INV,br_Appointments,TASK_COMPLETE,FAILED,ERROR,0,0,1,SAMMS INV pipeline failed. Check the failed parent/child activity run details.,2026-08-19T21:53:13.467Z,2026-08-19T22:54:29.012Z,3676,2026-08-19T22:54:29.012Z,TU,Tucson,2caac1da-4db4-431b-998d-21dc6fd03dce,SAMMS-Tucson
202608192252096151,202608192152667777,202608192152666995,85,1852,Bronze INV,br_Appointments,TASK_COMPLETE,FAILED,ERROR,0,0,1,SAMMS INV pipeline failed. Check the failed parent/child activity run details.,2026-08-19T21:53:13.467Z,2026-08-19T22:54:29.012Z,3676,2026-08-19T22:54:29.012Z,V1,Memphis South,2caac1da-4db4-431b-998d-21dc6fd03dce,SAMMS-VCPHCS-I-MemphisV5
202608192252096152,202608192152667778,202608192152666995,85,1853,Bronze INV,br_Appointments,TASK_COMPLETE,FAILED,ERROR,0,0,1,SAMMS INV pipeline failed. Check the failed parent/child activity run details.,2026-08-19T21:53:13.467Z,2026-08-19T22:54:29.012Z,3676,2026-08-19T22:54:29.012Z,V10,Longmont,2caac1da-4db4-431b-998d-21dc6fd03dce,SAMMS-BoulderV5
202608192252096154,202608192152667779,202608192152666995,85,1854,Bronze INV,br_Appointments,TASK_COMPLETE,FAILED,ERROR,0,0,1,SAMMS INV pipeline failed. Check the failed parent/child activity run details.,2026-08-19T21:53:13.467Z,2026-08-19T22:54:29.012Z,3676,2026-08-19T22:54:29.012Z,V10A,Fort Collins,2caac1da-4db4-431b-998d-21dc6fd03dce,SAMMS-FortCollinsV5
202608192252096155,202608192152667780,202608192152666995,85,1855,Bronze INV,br_Appointments,TASK_COMPLETE,FAILED,ERROR,0,0,1,SAMMS INV pipeline failed. Check the failed parent/child activity run details.,2026-08-19T21:53:13.467Z,2026-08-19T22:54:29.012Z,3676,2026-08-19T22:54:29.012Z,V11,Westminster,2caac1da-4db4-431b-998d-21dc6fd03dce,SAMMS-VCPHCS-XI-NorthDenverV5
202608192252096156,202608192152667781,202608192152666995,85,1856,Bronze INV,br_Appointments,TASK_COMPLETE,FAILED,ERROR,0,0,1,SAMMS INV pipeline failed. Check the failed parent/child activity run details.,2026-08-19T21:53:13.467Z,2026-08-19T22:54:29.012Z,3676,2026-08-19T22:54:29.012Z,V12,Downtown Denver,2caac1da-4db4-431b-998d-21dc6fd03dce,SAMMS-VCPHCS-XII-DowntownDenverV5
202608192252096157,202608192152667782,202608192152666995,85,1857,Bronze INV,br_Appointments,TASK_COMPLETE,FAILED,ERROR,0,0,1,SAMMS INV pipeline failed. Check the failed parent/child activity run details.,2026-08-19T21:53:13.467Z,2026-08-19T22:54:29.012Z,3676,2026-08-19T22:54:29.012Z,V12A,Centennial,2caac1da-4db4-431b-998d-21dc6fd03dce,SAMMS-CentennialV5
202608192252096158,202608192152667783,202608192152666995,85,1858,Bronze INV,br_Appointments,TASK_COMPLETE,FAILED,ERROR,0,0,1,SAMMS INV pipeline failed. Check the failed parent/child activity run details.,2026-08-19T21:53:13.467Z,2026-08-19T22:54:29.012Z,3676,2026-08-19T22:54:29.012Z,V14,Overland Park,2caac1da-4db4-431b-998d-21dc6fd03dce,SAMMS-VCPHCS-XIV-BridgewayV5
202608192252096159,202608192152667784,202608192152666995,85,1859,Bronze INV,br_Appointments,TASK_COMPLETE,FAILED,ERROR,0,0,1,SAMMS INV pipeline failed. Check the failed parent/child activity run details.,2026-08-19T21:53:13.467Z,2026-08-19T22:54:29.012Z,3676,2026-08-19T22:54:29.012Z,V15,Joplin,2caac1da-4db4-431b-998d-21dc6fd03dce,SAMMS-JoplinV5
202608192252096160,202608192152667785,202608192152666995,85,1861,Bronze INV,br_Appointments,TASK_COMPLETE,FAILED,ERROR,0,0,1,SAMMS INV pipeline failed. Check the failed parent/child activity run details.,2026-08-19T21:53:13.467Z,2026-08-19T22:54:29.012Z,3676,2026-08-19T22:54:29.012Z,V17,Columbia TN,2caac1da-4db4-431b-998d-21dc6fd03dce,SAMMS-ColumbiaTNv5
202608192252096161,202608192152667786,202608192152666995,85,1863,Bronze INV,br_Appointments,TASK_COMPLETE,FAILED,ERROR,0,0,1,SAMMS INV pipeline failed. Check the failed parent/child activity run details.,2026-08-19T21:53:13.467Z,2026-08-19T22:54:29.012Z,3676,2026-08-19T22:54:29.012Z,V19,Jackson,2caac1da-4db4-431b-998d-21dc6fd03dce,SAMMS-JacksonV5
202608192252096163,202608192152667787,202608192152666995,85,1865,Bronze INV,br_Appointments,TASK_COMPLETE,FAILED,ERROR,0,0,1,SAMMS INV pipeline failed. Check the failed parent/child activity run details.,2026-08-19T21:53:13.467Z,2026-08-19T22:54:29.012Z,3676,2026-08-19T22:54:29.012Z,V20,Paris,2caac1da-4db4-431b-998d-21dc6fd03dce,SAMMS-ParisV5
202608192252096164,202608192152667788,202608192152666995,85,1866,Bronze INV,br_Appointments,TASK_COMPLETE,FAILED,ERROR,0,0,1,SAMMS INV pipeline failed. Check the failed parent/child activity run details.,2026-08-19T21:53:13.467Z,2026-08-19T22:54:29.012Z,3676,2026-08-19T22:54:29.012Z,V21,Memphis North,2caac1da-4db4-431b-998d-21dc6fd03dce,SAMMS-RaleighV5
202608192252096165,202608192152667789,202608192152666995,85,1869,Bronze INV,br_Appointments,TASK_COMPLETE,FAILED,ERROR,0,0,1,SAMMS INV pipeline failed. Check the failed parent/child activity run details.,2026-08-19T21:53:13.467Z,2026-08-19T22:54:29.012Z,3676,2026-08-19T22:54:29.012Z,V5,West Bank,2caac1da-4db4-431b-998d-21dc6fd03dce,SAMMS-NONTCv5
202608192252096166,202608192152667790,202608192152666995,85,1871,Bronze INV,br_Appointments,TASK_COMPLETE,FAILED,ERROR,0,0,1,SAMMS INV pipeline failed. Check the failed parent/child activity run details.,2026-08-19T21:53:13.467Z,2026-08-19T22:54:29.012Z,3676,2026-08-19T22:54:29.012Z,V5B,Houma,2caac1da-4db4-431b-998d-21dc6fd03dce,SAMMS-HoumaV6
202608192252096167,202608192152667791,202608192152666995,85,1872,Bronze INV,br_Appointments,TASK_COMPLETE,FAILED,ERROR,0,0,1,SAMMS INV pipeline failed. Check the failed parent/child activity run details.,2026-08-19T21:53:13.467Z,2026-08-19T22:54:29.012Z,3676,2026-08-19T22:54:29.012Z,V6,Lake Charles,2caac1da-4db4-431b-998d-21dc6fd03dce,SAMMS-LCv5
202608192252096168,202608192152667792,202608192152666995,85,1874,Bronze INV,br_Appointments,TASK_COMPLETE,FAILED,ERROR,0,0,1,SAMMS INV pipeline failed. Check the failed parent/child activity run details.,2026-08-19T21:53:13.467Z,2026-08-19T22:54:29.012Z,3676,2026-08-19T22:54:29.012Z,V8,Memphis Midtown,2caac1da-4db4-431b-998d-21dc6fd03dce,SAMMS-VCPHCS-VIII-MemphisV5
202608192252096169,202608192152667793,202608192152666995,85,1875,Bronze INV,br_Appointments,TASK_COMPLETE,FAILED,ERROR,0,0,1,SAMMS INV pipeline failed. Check the failed parent/child activity run details.,2026-08-19T21:53:13.467Z,2026-08-19T22:54:29.012Z,3676,2026-08-19T22:54:29.012Z,V9,Nashville,2caac1da-4db4-431b-998d-21dc6fd03dce,SAMMS-NashvilleV5
202608192252096170,202608192152667794,202608192152666995,85,1876,Bronze INV,br_Appointments,TASK_COMPLETE,FAILED,ERROR,0,0,1,SAMMS INV pipeline failed. Check the failed parent/child activity run details.,2026-08-19T21:53:13.467Z,2026-08-19T22:54:29.012Z,3676,2026-08-19T22:54:29.012Z,VBRA,Brainerd,2caac1da-4db4-431b-998d-21dc6fd03dce,SAMMS-BrainerdV6
202608192252096171,202608192152667795,202608192152666995,85,1877,Bronze INV,br_Appointments,TASK_COMPLETE,FAILED,ERROR,0,0,1,SAMMS INV pipeline failed. Check the failed parent/child activity run details.,2026-08-19T21:53:13.467Z,2026-08-19T22:54:29.012Z,3676,2026-08-19T22:54:29.012Z,VBRP,Brooklyn Park,2caac1da-4db4-431b-998d-21dc6fd03dce,SAMMS-BrooklynParkV6
202608192252096172,202608192152667796,202608192152666995,85,1879,Bronze INV,br_Appointments,TASK_COMPLETE,FAILED,ERROR,0,0,1,SAMMS INV pipeline failed. Check the failed parent/child activity run details.,2026-08-19T21:53:13.467Z,2026-08-19T22:54:29.012Z,3676,2026-08-19T22:54:29.012Z,VMIN,Minneapolis,2caac1da-4db4-431b-998d-21dc6fd03dce,SAMMS-MinneapolisV6
202608192252096174,202608192152667797,202608192152666995,85,1880,Bronze INV,br_Appointments,TASK_COMPLETE,FAILED,ERROR,0,0,1,SAMMS INV pipeline failed. Check the failed parent/child activity run details.,2026-08-19T21:53:13.467Z,2026-08-19T22:54:29.012Z,3676,2026-08-19T22:54:29.012Z,VWBY,Woodbury,2caac1da-4db4-431b-998d-21dc6fd03dce,SAMMS-WoodburyV6
202608192252096175,202608192152667798,202608192152666995,85,1882,Bronze INV,br_Appointments,TASK_COMPLETE,FAILED,ERROR,0,0,1,SAMMS INV pipeline failed. Check the failed parent/child activity run details.,2026-08-19T21:53:13.467Z,2026-08-19T22:54:29.012Z,3676,2026-08-19T22:54:29.012Z,WIL,Wilson,2caac1da-4db4-431b-998d-21dc6fd03dce,SAMMS-Wilson
202608192252096276,202608192152767019,202608192152766995,86,8583,Silver INV,sl_Appointments,TASK_COMPLETE,SUCCESS,INFO,181717,181717,0,,2026-08-19T21:53:13.467Z,2026-08-19T22:54:29.012Z,3676,2026-08-19T22:54:29.012Z,,,2caac1da-4db4-431b-998d-21dc6fd03dce,
202608192252096192,202608192152667111,202608192152666995,85,1886,Bronze INV,br_Bottle,TASK_COMPLETE,FAILED,ERROR,1857,1857,1,SAMMS INV pipeline failed. Check the failed parent/child activity run details.,2026-08-19T21:53:13.467Z,2026-08-19T22:54:29.012Z,3676,2026-08-19T22:54:29.012Z,AHK,Ahoskie,2caac1da-4db4-431b-998d-21dc6fd03dce,SAMMS-Ahoskie
202608192252096193,202608192152667112,202608192152666995,85,1887,Bronze INV,br_Bottle,TASK_COMPLETE,FAILED,ERROR,2792,2792,1,SAMMS INV pipeline failed. Check the failed parent/child activity run details.,2026-08-19T21:53:13.467Z,2026-08-19T22:54:29.012Z,3676,2026-08-19T22:54:29.012Z,B12B,Colorado Springs,2caac1da-4db4-431b-998d-21dc6fd03dce,SAMMS-ColoradoSpringsV5
202608192252096194,202608192152667113,202608192152666995,85,1888,Bronze INV,br_Bottle,TASK_COMPLETE,FAILED,ERROR,25499,25499,1,SAMMS INV pipeline failed. Check the failed parent/child activity run details.,2026-08-19T21:53:13.467Z,2026-08-19T22:54:29.012Z,3676,2026-08-19T22:54:29.012Z,B24,Paintsville,2caac1da-4db4-431b-998d-21dc6fd03dce,SAMMS-PaintsvilleV5
202608192252096195,202608192152667114,202608192152666995,85,1889,Bronze INV,br_Bottle,TASK_COMPLETE,FAILED,ERROR,28172,28172,1,SAMMS INV pipeline failed. Check the failed parent/child activity run details.,2026-08-19T21:53:13.467Z,2026-08-19T22:54:29.012Z,3676,2026-08-19T22:54:29.012Z,B25,Pikeville,2caac1da-4db4-431b-998d-21dc6fd03dce,SAMMS-PikevilleV5
202608192252096196,202608192152667115,202608192152666995,85,1890,Bronze INV,br_Bottle,TASK_COMPLETE,FAILED,ERROR,51690,51690,1,SAMMS INV pipeline failed. Check the failed parent/child activity run details.,2026-08-19T21:53:13.467Z,2026-08-19T22:54:29.012Z,3676,2026-08-19T22:54:29.012Z,B26,Hazard,2caac1da-4db4-431b-998d-21dc6fd03dce,SAMMS-HazardV5
202608192252096198,202608192152667116,202608192152666995,85,1891,Bronze INV,br_Bottle,TASK_COMPLETE,FAILED,ERROR,1857,1857,1,SAMMS INV pipeline failed. Check the failed parent/child activity run details.,2026-08-19T21:53:13.467Z,2026-08-19T22:54:29.012Z,3676,2026-08-19T22:54:29.012Z,B27,Savannah,2caac1da-4db4-431b-998d-21dc6fd03dce,SAMMS-SavannahV6
202608192252096199,202608192152667117,202608192152666995,85,1892,Bronze INV,br_Bottle,TASK_COMPLETE,FAILED,ERROR,20161,20161,1,SAMMS INV pipeline failed. Check the failed parent/child activity run details.,2026-08-19T21:53:13.467Z,2026-08-19T22:54:29.012Z,3676,2026-08-19T22:54:29.012Z,B28,West Plains,2caac1da-4db4-431b-998d-21dc6fd03dce,SAMMS-WestPlainesV5
202608192252096200,202608192152667118,202608192152666995,85,1893,Bronze INV,br_Bottle,TASK_COMPLETE,FAILED,ERROR,16864,16864,1,SAMMS INV pipeline failed. Check the failed parent/child activity run details.,2026-08-19T21:53:13.467Z,2026-08-19T22:54:29.012Z,3676,2026-08-19T22:54:29.012Z,B29,Poplar Bluff,2caac1da-4db4-431b-998d-21dc6fd03dce,SAMMS-PoplarBluffV5
202608192252096201,202608192152667119,202608192152666995,85,1894,Bronze INV,br_Bottle,TASK_COMPLETE,FAILED,ERROR,7496,7496,1,SAMMS INV pipeline failed. Check the failed parent/child activity run details.,2026-08-19T21:53:13.467Z,2026-08-19T22:54:29.012Z,3676,2026-08-19T22:54:29.012Z,B30,KC North,2caac1da-4db4-431b-998d-21dc6fd03dce,SAMMS-KCNv5
202608192252096202,202608192152667120,202608192152666995,85,1895,Bronze INV,br_Bottle,TASK_COMPLETE,FAILED,ERROR,42328,42328,1,SAMMS INV pipeline failed. Check the failed parent/child activity run details.,2026-08-19T21:53:13.467Z,2026-08-19T22:54:29.012Z,3676,2026-08-19T22:54:29.012Z,B31,Dyersburg,2caac1da-4db4-431b-998d-21dc6fd03dce,SAMMS-DyersburgV5
202608192252096203,202608192152667121,202608192152666995,85,1897,Bronze INV,br_Bottle,TASK_COMPLETE,FAILED,ERROR,25121,25121,1,SAMMS INV pipeline failed. Check the failed parent/child activity run details.,2026-08-19T21:53:13.467Z,2026-08-19T22:54:29.012Z,3676,2026-08-19T22:54:29.012Z,B33,Paducah,2caac1da-4db4-431b-998d-21dc6fd03dce,SAMMS-Paducah
202608192252096204,202608192152667122,202608192152666995,85,1898,Bronze INV,br_Bottle,TASK_COMPLETE,FAILED,ERROR,31919,31919,1,SAMMS INV pipeline failed. Check the failed parent/child activity run details.,2026-08-19T21:53:13.467Z,2026-08-19T22:54:29.012Z,3676,2026-08-19T22:54:29.012Z,B34,Corbin,2caac1da-4db4-431b-998d-21dc6fd03dce,SAMMS-CorbinV5
202608192252096205,202608192152667123,202608192152666995,85,1899,Bronze INV,br_Bottle,TASK_COMPLETE,FAILED,ERROR,57967,57967,1,SAMMS INV pipeline failed. Check the failed parent/child activity run details.,2026-08-19T21:53:13.467Z,2026-08-19T22:54:29.012Z,3676,2026-08-19T22:54:29.012Z,B35,Lexington,2caac1da-4db4-431b-998d-21dc6fd03dce,SAMMS-LexingtonV5
202608192252096206,202608192152667124,202608192152666995,85,1900,Bronze INV,br_Bottle,TASK_COMPLETE,FAILED,ERROR,11373,11373,1,SAMMS INV pipeline failed. Check the failed parent/child activity run details.,2026-08-19T21:53:13.467Z,2026-08-19T22:54:29.012Z,3676,2026-08-19T22:54:29.012Z,B35A,Berea,2caac1da-4db4-431b-998d-21dc6fd03dce,SAMMS-BereaV5
202608192252096208,202608192152667125,202608192152666995,85,1901,Bronze INV,br_Bottle,TASK_COMPLETE,FAILED,ERROR,34182,34182,1,SAMMS INV pipeline failed. Check the failed parent/child activity run details.,2026-08-19T21:53:13.467Z,2026-08-19T22:54:29.012Z,3676,2026-08-19T22:54:29.012Z,B36,Asheville,2caac1da-4db4-431b-998d-21dc6fd03dce,SAMMS-AshevilleV5
202608192252096209,202608192152667126,202608192152666995,85,1902,Bronze INV,br_Bottle,TASK_COMPLETE,FAILED,ERROR,20447,20447,1,SAMMS INV pipeline failed. Check the failed parent/child activity run details.,2026-08-19T21:53:13.467Z,2026-08-19T22:54:29.012Z,3676,2026-08-19T22:54:29.012Z,B37,Clyde,2caac1da-4db4-431b-998d-21dc6fd03dce,SAMMS-ClydeV5
202608192252096210,202608192152667127,202608192152666995,85,1903,Bronze INV,br_Bottle,TASK_COMPLETE,FAILED,ERROR,24720,24720,1,SAMMS INV pipeline failed. Check the failed parent/child activity run details.,2026-08-19T21:53:13.467Z,2026-08-19T22:54:29.012Z,3676,2026-08-19T22:54:29.012Z,B38,Spartanburg,2caac1da-4db4-431b-998d-21dc6fd03dce,SAMMS-SpartanburgV5
202608192252096211,202608192152667128,202608192152666995,85,1904,Bronze INV,br_Bottle,TASK_COMPLETE,FAILED,ERROR,6533,6533,1,SAMMS INV pipeline failed. Check the failed parent/child activity run details.,2026-08-19T21:53:13.467Z,2026-08-19T22:54:29.012Z,3676,2026-08-19T22:54:29.012Z,B39,Aiken,2caac1da-4db4-431b-998d-21dc6fd03dce,SAMMS-AikenV5
202608192252096212,202608192152667129,202608192152666995,85,1905,Bronze INV,br_Bottle,TASK_COMPLETE,FAILED,ERROR,12772,12772,1,SAMMS INV pipeline failed. Check the failed parent/child activity run details.,2026-08-19T21:53:13.467Z,2026-08-19T22:54:29.012Z,3676,2026-08-19T22:54:29.012Z,B41,Chesapeake,2caac1da-4db4-431b-998d-21dc6fd03dce,SAMMS-ChesapeakeV5
202608192252096213,202608192152667130,202608192152666995,85,1906,Bronze INV,br_Bottle,TASK_COMPLETE,FAILED,ERROR,19414,19414,1,SAMMS INV pipeline failed. Check the failed parent/child activity run details.,2026-08-19T21:53:13.467Z,2026-08-19T22:54:29.012Z,3676,2026-08-19T22:54:29.012Z,B42,Virginia Beach,2caac1da-4db4-431b-998d-21dc6fd03dce,SAMMS-VirginiaBeachV5
202608192252096214,202608192152667131,202608192152666995,85,1907,Bronze INV,br_Bottle,TASK_COMPLETE,FAILED,ERROR,8630,8630,1,SAMMS INV pipeline failed. Check the failed parent/child activity run details.,2026-08-19T21:53:13.467Z,2026-08-19T22:54:29.012Z,3676,2026-08-19T22:54:29.012Z,B42A,Newport News,2caac1da-4db4-431b-998d-21dc6fd03dce,SAMMS-NewportNewsV5
202608192252096215,202608192152667132,202608192152666995,85,1908,Bronze INV,br_Bottle,TASK_COMPLETE,FAILED,ERROR,2855,2855,1,SAMMS INV pipeline failed. Check the failed parent/child activity run details.,2026-08-19T21:53:13.467Z,2026-08-19T22:54:29.012Z,3676,2026-08-19T22:54:29.012Z,B42B,Franklin,2caac1da-4db4-431b-998d-21dc6fd03dce,SAMMS-FranklinV5
202608192252096216,202608192152667133,202608192152666995,85,1909,Bronze INV,br_Bottle,TASK_COMPLETE,FAILED,ERROR,9628,9628,1,SAMMS INV pipeline failed. Check the failed parent/child activity run details.,2026-08-19T21:53:13.467Z,2026-08-19T22:54:29.012Z,3676,2026-08-19T22:54:29.012Z,B42C,Glen Allen,2caac1da-4db4-431b-998d-21dc6fd03dce,SAMMS-GlenAllenV5
202608192252096218,202608192152667134,202608192152666995,85,1910,Bronze INV,br_Bottle,TASK_COMPLETE,FAILED,ERROR,7680,7680,1,SAMMS INV pipeline failed. Check the failed parent/child activity run details.,2026-08-19T21:53:13.467Z,2026-08-19T22:54:29.012Z,3676,2026-08-19T22:54:29.012Z,B42D,Chesapeake South,2caac1da-4db4-431b-998d-21dc6fd03dce,SAMMS-ChesapeakeSouthV5
202608192252096219,202608192152667135,202608192152666995,85,1911,Bronze INV,br_Bottle,TASK_COMPLETE,FAILED,ERROR,11164,11164,1,SAMMS INV pipeline failed. Check the failed parent/child activity run details.,2026-08-19T21:53:13.467Z,2026-08-19T22:54:29.012Z,3676,2026-08-19T22:54:29.012Z,B44,Albany,2caac1da-4db4-431b-998d-21dc6fd03dce,SAMMS-AlbanyV5
202608192252096220,202608192152667136,202608192152666995,85,1912,Bronze INV,br_Bottle,TASK_COMPLETE,FAILED,ERROR,14638,14638,1,SAMMS INV pipeline failed. Check the failed parent/child activity run details.,2026-08-19T21:53:13.467Z,2026-08-19T22:54:29.012Z,3676,2026-08-19T22:54:29.012Z,B45,Tifton,2caac1da-4db4-431b-998d-21dc6fd03dce,SAMMS-TiftonV5
202608192252096221,202608192152667137,202608192152666995,85,1913,Bronze INV,br_Bottle,TASK_COMPLETE,FAILED,ERROR,8475,8475,1,SAMMS INV pipeline failed. Check the failed parent/child activity run details.,2026-08-19T21:53:13.467Z,2026-08-19T22:54:29.012Z,3676,2026-08-19T22:54:29.012Z,B46,Washington DC,2caac1da-4db4-431b-998d-21dc6fd03dce,SAMMS-WashingtonDCv5
202608192252096222,202608192152667138,202608192152666995,85,1914,Bronze INV,br_Bottle,TASK_COMPLETE,FAILED,ERROR,11042,11042,1,SAMMS INV pipeline failed. Check the failed parent/child activity run details.,2026-08-19T21:53:13.467Z,2026-08-19T22:54:29.012Z,3676,2026-08-19T22:54:29.012Z,B47,Mobile,2caac1da-4db4-431b-998d-21dc6fd03dce,SAMMS-MobileV5
202608192252096223,202608192152667139,202608192152666995,85,1915,Bronze INV,br_Bottle,TASK_COMPLETE,FAILED,ERROR,32023,32023,1,SAMMS INV pipeline failed. Check the failed parent/child activity run details.,2026-08-19T21:53:13.467Z,2026-08-19T22:54:29.012Z,3676,2026-08-19T22:54:29.012Z,B48,Tuscaloosa,2caac1da-4db4-431b-998d-21dc6fd03dce,SAMMS-TuscaloosaV5
202608192252096224,202608192152667140,202608192152666995,85,1924,Bronze INV,br_Bottle,TASK_COMPLETE,FAILED,ERROR,2335,2335,1,SAMMS INV pipeline failed. Check the failed parent/child activity run details.,2026-08-19T21:53:13.467Z,2026-08-19T22:54:29.012Z,3676,2026-08-19T22:54:29.012Z,B51,N. Little Rock (OTP),2caac1da-4db4-431b-998d-21dc6fd03dce,SAMMS-NorthLittleRockV6
202608192252096226,202608192152667141,202608192152666995,85,1925,Bronze INV,br_Bottle,TASK_COMPLETE,FAILED,ERROR,9375,9375,1,SAMMS INV pipeline failed. Check the failed parent/child activity run details.,2026-08-19T21:53:13.467Z,2026-08-19T22:54:29.012Z,3676,2026-08-19T22:54:29.012Z,B52,Jackson GA,2caac1da-4db4-431b-998d-21dc6fd03dce,SAMMS-JacksonGAV5
202608192252096227,202608192152667142,202608192152666995,85,1926,Bronze INV,br_Bottle,TASK_COMPLETE,FAILED,ERROR,23194,23194,1,SAMMS INV pipeline failed. Check the failed parent/child activity run details.,2026-08-19T21:53:13.467Z,2026-08-19T22:54:29.012Z,3676,2026-08-19T22:54:29.012Z,B54,Gadsden,2caac1da-4db4-431b-998d-21dc6fd03dce,SAMMS-GadsdenV5
202608192252096228,202608192152667143,202608192152666995,85,1927,Bronze INV,br_Bottle,TASK_COMPLETE,FAILED,ERROR,23846,23846,1,SAMMS INV pipeline failed. Check the failed parent/child activity run details.,2026-08-19T21:53:13.467Z,2026-08-19T22:54:29.012Z,3676,2026-08-19T22:54:29.012Z,B55,Shoals,2caac1da-4db4-431b-998d-21dc6fd03dce,SAMMS-ShoalsV5
202608192252096229,202608192152667144,202608192152666995,85,1928,Bronze INV,br_Bottle,TASK_COMPLETE,FAILED,ERROR,2825,2825,1,SAMMS INV pipeline failed. Check the failed parent/child activity run details.,2026-08-19T21:53:13.467Z,2026-08-19T22:54:29.012Z,3676,2026-08-19T22:54:29.012Z,B57,Pawtucket,2caac1da-4db4-431b-998d-21dc6fd03dce,SAMMS-Pawtucket
202608192252096230,202608192152667145,202608192152666995,85,1929,Bronze INV,br_Bottle,TASK_COMPLETE,FAILED,ERROR,2893,2893,1,SAMMS INV pipeline failed. Check the failed parent/child activity run details.,2026-08-19T21:53:13.467Z,2026-08-19T22:54:29.012Z,3676,2026-08-19T22:54:29.012Z,B57A,Johnston,2caac1da-4db4-431b-998d-21dc6fd03dce,SAMMS-Johnston
202608192252096231,202608192152667146,202608192152666995,85,1930,Bronze INV,br_Bottle,TASK_COMPLETE,FAILED,ERROR,750,750,1,SAMMS INV pipeline failed. Check the failed parent/child activity run details.,2026-08-19T21:53:13.467Z,2026-08-19T22:54:29.012Z,3676,2026-08-19T22:54:29.012Z,B57B,Middletown,2caac1da-4db4-431b-998d-21dc6fd03dce,SAMMS-Middletown
202608192252096232,202608192152667147,202608192152666995,85,1931,Bronze INV,br_Bottle,TASK_COMPLETE,FAILED,ERROR,1559,1559,1,SAMMS INV pipeline failed. Check the failed parent/child activity run details.,2026-08-19T21:53:13.467Z,2026-08-19T22:54:29.012Z,3676,2026-08-19T22:54:29.012Z,B57C,Providence,2caac1da-4db4-431b-998d-21dc6fd03dce,SAMMS-Providence
202608192252096234,202608192152667148,202608192152666995,85,1932,Bronze INV,br_Bottle,TASK_COMPLETE,FAILED,ERROR,2542,2542,1,SAMMS INV pipeline failed. Check the failed parent/child activity run details.,2026-08-19T21:53:13.467Z,2026-08-19T22:54:29.012Z,3676,2026-08-19T22:54:29.012Z,B57D,Westerly,2caac1da-4db4-431b-998d-21dc6fd03dce,SAMMS-Westerly
202608192252096235,202608192152667149,202608192152666995,85,1936,Bronze INV,br_Bottle,TASK_COMPLETE,FAILED,ERROR,0,0,1,SAMMS INV pipeline failed. Check the failed parent/child activity run details.,2026-08-19T21:53:13.467Z,2026-08-19T22:54:29.012Z,3676,2026-08-19T22:54:29.012Z,B66A,Bremen,2caac1da-4db4-431b-998d-21dc6fd03dce,SAMMS-Bremen
202608192252096236,202608192152667150,202608192152666995,85,1939,Bronze INV,br_Bottle,TASK_COMPLETE,FAILED,ERROR,0,0,1,SAMMS INV pipeline failed. Check the failed parent/child activity run details.,2026-08-19T21:53:13.467Z,2026-08-19T22:54:29.012Z,3676,2026-08-19T22:54:29.012Z,B72,Mobile (OBOT),2caac1da-4db4-431b-998d-21dc6fd03dce,SAMMS-Mobile-OBOT
202608192252096237,202608192152667151,202608192152666995,85,1940,Bronze INV,br_Bottle,TASK_COMPLETE,FAILED,ERROR,0,0,1,SAMMS INV pipeline failed. Check the failed parent/child activity run details.,2026-08-19T21:53:13.467Z,2026-08-19T22:54:29.012Z,3676,2026-08-19T22:54:29.012Z,B73,Montgomery,2caac1da-4db4-431b-998d-21dc6fd03dce,SAMMS-Montgomery
202608192252096238,202608192152667152,202608192152666995,85,1941,Bronze INV,br_Bottle,TASK_COMPLETE,FAILED,ERROR,2218,2218,1,SAMMS INV pipeline failed. Check the failed parent/child activity run details.,2026-08-19T21:53:13.467Z,2026-08-19T22:54:29.012Z,3676,2026-08-19T22:54:29.012Z,B75,Lawrence,2caac1da-4db4-431b-998d-21dc6fd03dce,SAMMS-LawrenceV6
202608192252096239,202608192152667153,202608192152666995,85,1942,Bronze INV,br_Bottle,TASK_COMPLETE,FAILED,ERROR,0,0,1,SAMMS INV pipeline failed. Check the failed parent/child activity run details.,2026-08-19T21:53:13.467Z,2026-08-19T22:54:29.012Z,3676,2026-08-19T22:54:29.012Z,B76,Huntsville OBOT,2caac1da-4db4-431b-998d-21dc6fd03dce,SAMMS-Huntsville-OBOT
202608192252096241,202608192152667154,202608192152666995,85,1943,Bronze INV,br_Bottle,TASK_COMPLETE,FAILED,ERROR,0,0,1,SAMMS INV pipeline failed. Check the failed parent/child activity run details.,2026-08-19T21:53:13.467Z,2026-08-19T22:54:29.012Z,3676,2026-08-19T22:54:29.012Z,BAT,Batesville,2caac1da-4db4-431b-998d-21dc6fd03dce,SAMMS-Batesville
202608192252096242,202608192152667155,202608192152666995,85,1944,Bronze INV,br_Bottle,TASK_COMPLETE,FAILED,ERROR,4190,4190,1,SAMMS INV pipeline failed. Check the failed parent/child activity run details.,2026-08-19T21:53:13.467Z,2026-08-19T22:54:29.012Z,3676,2026-08-19T22:54:29.012Z,BG,Bowling Green,2caac1da-4db4-431b-998d-21dc6fd03dce,SAMMS-BowlingGreen
202608192252096243,202608192152667156,202608192152666995,85,1945,Bronze INV,br_Bottle,TASK_COMPLETE,FAILED,ERROR,2070,2070,1,SAMMS INV pipeline failed. Check the failed parent/child activity run details.,2026-08-19T21:53:13.467Z,2026-08-19T22:54:29.012Z,3676,2026-08-19T22:54:29.012Z,BOI,Boise,2caac1da-4db4-431b-998d-21dc6fd03dce,SAMMS-Boise
202608192252096244,202608192152667157,202608192152666995,85,1952,Bronze INV,br_Bottle,TASK_COMPLETE,FAILED,ERROR,1116,1116,1,SAMMS INV pipeline failed. Check the failed parent/child activity run details.,2026-08-19T21:53:13.467Z,2026-08-19T22:54:29.012Z,3676,2026-08-19T22:54:29.012Z,CBCO,Coeur dAlene,2caac1da-4db4-431b-998d-21dc6fd03dce,SAMMS-CoeurdAleneV6
202608192252096245,202608192152667158,202608192152666995,85,1971,Bronze INV,br_Bottle,TASK_COMPLETE,FAILED,ERROR,0,0,1,SAMMS INV pipeline failed. Check the failed parent/child activity run details.,2026-08-19T21:53:13.467Z,2026-08-19T22:54:29.012Z,3676,2026-08-19T22:54:29.012Z,CON,Conway,2caac1da-4db4-431b-998d-21dc6fd03dce,SAMMS-Conway
202608192252096246,202608192152667159,202608192152666995,85,1972,Bronze INV,br_Bottle,TASK_COMPLETE,FAILED,ERROR,0,0,1,SAMMS INV pipeline failed. Check the failed parent/child activity run details.,2026-08-19T21:53:13.467Z,2026-08-19T22:54:29.012Z,3676,2026-08-19T22:54:29.012Z,D07,Medical Services Knox TN,2caac1da-4db4-431b-998d-21dc6fd03dce,SAMMS-KnoxvilleV6
202608192252096247,202608192152667160,202608192152666995,85,1973,Bronze INV,br_Bottle,TASK_COMPLETE,FAILED,ERROR,5134,5134,1,SAMMS INV pipeline failed. Check the failed parent/child activity run details.,2026-08-19T21:53:13.467Z,2026-08-19T22:54:29.012Z,3676,2026-08-19T22:54:29.012Z,D08,Madison,2caac1da-4db4-431b-998d-21dc6fd03dce,SAMMS-MadisonV6
202608192252096248,202608192152667161,202608192152666995,85,1975,Bronze INV,br_Bottle,TASK_COMPLETE,FAILED,ERROR,7037,7037,1,SAMMS INV pipeline failed. Check the failed parent/child activity run details.,2026-08-19T21:53:13.467Z,2026-08-19T22:54:29.012Z,3676,2026-08-19T22:54:29.012Z,D09,Murfreesboro,2caac1da-4db4-431b-998d-21dc6fd03dce,SAMMS-MurfreesboroV6
202608192252096921,202608192152667447,202608192152666995,85,2979,Bronze INV,br_OrientationChecklistNew,TASK_COMPLETE,FAILED,ERROR,8,8,1,SAMMS INV pipeline failed. Check the failed parent/child activity run details.,2026-08-19T21:53:13.467Z,2026-08-19T22:54:29.012Z,3676,2026-08-19T22:54:29.012Z,V9,Nashville,2caac1da-4db4-431b-998d-21dc6fd03dce,SAMMS-NashvilleV5
202608192252096922,202608192152667448,202608192152666995,85,2980,Bronze INV,br_OrientationChecklistNew,TASK_COMPLETE,FAILED,ERROR,6,6,1,SAMMS INV pipeline failed. Check the failed parent/child activity run details.,2026-08-19T21:53:13.467Z,2026-08-19T22:54:29.012Z,3676,2026-08-19T22:54:29.012Z,VBRA,Brainerd,2caac1da-4db4-431b-998d-21dc6fd03dce,SAMMS-BrainerdV6
202608192252096923,202608192152667449,202608192152666995,85,2981,Bronze INV,br_OrientationChecklistNew,TASK_COMPLETE,FAILED,ERROR,14,14,1,SAMMS INV pipeline failed. Check the failed parent/child activity run details.,2026-08-19T21:53:13.467Z,2026-08-19T22:54:29.012Z,3676,2026-08-19T22:54:29.012Z,VBRP,Brooklyn Park,2caac1da-4db4-431b-998d-21dc6fd03dce,SAMMS-BrooklynParkV6
202608192252096924,202608192152667450,202608192152666995,85,2983,Bronze INV,br_OrientationChecklistNew,TASK_COMPLETE,FAILED,ERROR,23,23,1,SAMMS INV pipeline failed. Check the failed parent/child activity run details.,2026-08-19T21:53:13.467Z,2026-08-19T22:54:29.012Z,3676,2026-08-19T22:54:29.012Z,VMIN,Minneapolis,2caac1da-4db4-431b-998d-21dc6fd03dce,SAMMS-MinneapolisV6
202608192252096925,202608192152667451,202608192152666995,85,2984,Bronze INV,br_OrientationChecklistNew,TASK_COMPLETE,FAILED,ERROR,7,7,1,SAMMS INV pipeline failed. Check the failed parent/child activity run details.,2026-08-19T21:53:13.467Z,2026-08-19T22:54:29.012Z,3676,2026-08-19T22:54:29.012Z,VWBY,Woodbury,2caac1da-4db4-431b-998d-21dc6fd03dce,SAMMS-WoodburyV6
202608192252096927,202608192152667452,202608192152666995,85,2986,Bronze INV,br_OrientationChecklistNew,TASK_COMPLETE,FAILED,ERROR,10,10,1,SAMMS INV pipeline failed. Check the failed parent/child activity run details.,2026-08-19T21:53:13.467Z,2026-08-19T22:54:29.012Z,3676,2026-08-19T22:54:29.012Z,WIL,Wilson,2caac1da-4db4-431b-998d-21dc6fd03dce,SAMMS-Wilson
202608192252097028,202608192152767016,202608192152766995,86,8580,Silver INV,sl_OrientationChecklistNew,TASK_COMPLETE,SUCCESS,INFO,774,774,0,,2026-08-19T21:53:13.467Z,2026-08-19T22:54:29.012Z,3676,2026-08-19T22:54:29.012Z,,,2caac1da-4db4-431b-998d-21dc6fd03dce,
202608192252096953,202608192152668718,202608192152666995,85,2990,Bronze INV,br_ReAssessment,TASK_COMPLETE,FAILED,ERROR,0,0,1,SAMMS INV pipeline failed. Check the failed parent/child activity run details.,2026-08-19T21:53:13.467Z,2026-08-19T22:54:29.012Z,3676,2026-08-19T22:54:29.012Z,AHK,Ahoskie,2caac1da-4db4-431b-998d-21dc6fd03dce,SAMMS-Ahoskie
202608192252096955,202608192152668719,202608192152666995,85,2991,Bronze INV,br_ReAssessment,TASK_COMPLETE,FAILED,ERROR,0,0,1,SAMMS INV pipeline failed. Check the failed parent/child activity run details.,2026-08-19T21:53:13.467Z,2026-08-19T22:54:29.012Z,3676,2026-08-19T22:54:29.012Z,B12B,Colorado Springs,2caac1da-4db4-431b-998d-21dc6fd03dce,SAMMS-ColoradoSpringsV5
202608192252096956,202608192152668720,202608192152666995,85,2992,Bronze INV,br_ReAssessment,TASK_COMPLETE,FAILED,ERROR,0,0,1,SAMMS INV pipeline failed. Check the failed parent/child activity run details.,2026-08-19T21:53:13.467Z,2026-08-19T22:54:29.012Z,3676,2026-08-19T22:54:29.012Z,B24,Paintsville,2caac1da-4db4-431b-998d-21dc6fd03dce,SAMMS-PaintsvilleV5
202608192252096957,202608192152668721,202608192152666995,85,2993,Bronze INV,br_ReAssessment,TASK_COMPLETE,FAILED,ERROR,0,0,1,SAMMS INV pipeline failed. Check the failed parent/child activity run details.,2026-08-19T21:53:13.467Z,2026-08-19T22:54:29.012Z,3676,2026-08-19T22:54:29.012Z,B25,Pikeville,2caac1da-4db4-431b-998d-21dc6fd03dce,SAMMS-PikevilleV5
202608192252096958,202608192152668722,202608192152666995,85,2994,Bronze INV,br_ReAssessment,TASK_COMPLETE,FAILED,ERROR,0,0,1,SAMMS INV pipeline failed. Check the failed parent/child activity run details.,2026-08-19T21:53:13.467Z,2026-08-19T22:54:29.012Z,3676,2026-08-19T22:54:29.012Z,B26,Hazard,2caac1da-4db4-431b-998d-21dc6fd03dce,SAMMS-HazardV5
202608192252096959,202608192152668723,202608192152666995,85,2995,Bronze INV,br_ReAssessment,TASK_COMPLETE,FAILED,ERROR,0,0,1,SAMMS INV pipeline failed. Check the failed parent/child activity run details.,2026-08-19T21:53:13.467Z,2026-08-19T22:54:29.012Z,3676,2026-08-19T22:54:29.012Z,B27,Savannah,2caac1da-4db4-431b-998d-21dc6fd03dce,SAMMS-SavannahV6
202608192252096961,202608192152668724,202608192152666995,85,2996,Bronze INV,br_ReAssessment,TASK_COMPLETE,FAILED,ERROR,0,0,1,SAMMS INV pipeline failed. Check the failed parent/child activity run details.,2026-08-19T21:53:13.467Z,2026-08-19T22:54:29.012Z,3676,2026-08-19T22:54:29.012Z,B28,West Plains,2caac1da-4db4-431b-998d-21dc6fd03dce,SAMMS-WestPlainesV5
202608192252096962,202608192152668725,202608192152666995,85,2997,Bronze INV,br_ReAssessment,TASK_COMPLETE,FAILED,ERROR,0,0,1,SAMMS INV pipeline failed. Check the failed parent/child activity run details.,2026-08-19T21:53:13.467Z,2026-08-19T22:54:29.012Z,3676,2026-08-19T22:54:29.012Z,B29,Poplar Bluff,2caac1da-4db4-431b-998d-21dc6fd03dce,SAMMS-PoplarBluffV5
202608192252096963,202608192152668726,202608192152666995,85,2998,Bronze INV,br_ReAssessment,TASK_COMPLETE,FAILED,ERROR,0,0,1,SAMMS INV pipeline failed. Check the failed parent/child activity run details.,2026-08-19T21:53:13.467Z,2026-08-19T22:54:29.012Z,3676,2026-08-19T22:54:29.012Z,B30,KC North,2caac1da-4db4-431b-998d-21dc6fd03dce,SAMMS-KCNv5
202608192252096964,202608192152668727,202608192152666995,85,2999,Bronze INV,br_ReAssessment,TASK_COMPLETE,FAILED,ERROR,0,0,1,SAMMS INV pipeline failed. Check the failed parent/child activity run details.,2026-08-19T21:53:13.467Z,2026-08-19T22:54:29.012Z,3676,2026-08-19T22:54:29.012Z,B31,Dyersburg,2caac1da-4db4-431b-998d-21dc6fd03dce,SAMMS-DyersburgV5
202608192252096965,202608192152668728,202608192152666995,85,3001,Bronze INV,br_ReAssessment,TASK_COMPLETE,FAILED,ERROR,0,0,1,SAMMS INV pipeline failed. Check the failed parent/child activity run details.,2026-08-19T21:53:13.467Z,2026-08-19T22:54:29.012Z,3676,2026-08-19T22:54:29.012Z,B33,Paducah,2caac1da-4db4-431b-998d-21dc6fd03dce,SAMMS-Paducah
202608192252096967,202608192152668729,202608192152666995,85,3002,Bronze INV,br_ReAssessment,TASK_COMPLETE,FAILED,ERROR,0,0,1,SAMMS INV pipeline failed. Check the failed parent/child activity run details.,2026-08-19T21:53:13.467Z,2026-08-19T22:54:29.012Z,3676,2026-08-19T22:54:29.012Z,B34,Corbin,2caac1da-4db4-431b-998d-21dc6fd03dce,SAMMS-CorbinV5
202608192252096968,202608192152668730,202608192152666995,85,3003,Bronze INV,br_ReAssessment,TASK_COMPLETE,FAILED,ERROR,0,0,1,SAMMS INV pipeline failed. Check the failed parent/child activity run details.,2026-08-19T21:53:13.467Z,2026-08-19T22:54:29.012Z,3676,2026-08-19T22:54:29.012Z,B35,Lexington,2caac1da-4db4-431b-998d-21dc6fd03dce,SAMMS-LexingtonV5
202608192252096969,202608192152668731,202608192152666995,85,3004,Bronze INV,br_ReAssessment,TASK_COMPLETE,FAILED,ERROR,0,0,1,SAMMS INV pipeline failed. Check the failed parent/child activity run details.,2026-08-19T21:53:13.467Z,2026-08-19T22:54:29.012Z,3676,2026-08-19T22:54:29.012Z,B35A,Berea,2caac1da-4db4-431b-998d-21dc6fd03dce,SAMMS-BereaV5
202608192252096970,202608192152668732,202608192152666995,85,3005,Bronze INV,br_ReAssessment,TASK_COMPLETE,FAILED,ERROR,0,0,1,SAMMS INV pipeline failed. Check the failed parent/child activity run details.,2026-08-19T21:53:13.467Z,2026-08-19T22:54:29.012Z,3676,2026-08-19T22:54:29.012Z,B36,Asheville,2caac1da-4db4-431b-998d-21dc6fd03dce,SAMMS-AshevilleV5
202608192252096972,202608192152668733,202608192152666995,85,3006,Bronze INV,br_ReAssessment,TASK_COMPLETE,FAILED,ERROR,0,0,1,SAMMS INV pipeline failed. Check the failed parent/child activity run details.,2026-08-19T21:53:13.467Z,2026-08-19T22:54:29.012Z,3676,2026-08-19T22:54:29.012Z,B37,Clyde,2caac1da-4db4-431b-998d-21dc6fd03dce,SAMMS-ClydeV5
202608192252096973,202608192152668734,202608192152666995,85,3007,Bronze INV,br_ReAssessment,TASK_COMPLETE,FAILED,ERROR,0,0,1,SAMMS INV pipeline failed. Check the failed parent/child activity run details.,2026-08-19T21:53:13.467Z,2026-08-19T22:54:29.012Z,3676,2026-08-19T22:54:29.012Z,B38,Spartanburg,2caac1da-4db4-431b-998d-21dc6fd03dce,SAMMS-SpartanburgV5
202608192252096974,202608192152668735,202608192152666995,85,3008,Bronze INV,br_ReAssessment,TASK_COMPLETE,FAILED,ERROR,0,0,1,SAMMS INV pipeline failed. Check the failed parent/child activity run details.,2026-08-19T21:53:13.467Z,2026-08-19T22:54:29.012Z,3676,2026-08-19T22:54:29.012Z,B39,Aiken,2caac1da-4db4-431b-998d-21dc6fd03dce,SAMMS-AikenV5
202608192252096975,202608192152668736,202608192152666995,85,3009,Bronze INV,br_ReAssessment,TASK_COMPLETE,FAILED,ERROR,0,0,1,SAMMS INV pipeline failed. Check the failed parent/child activity run details.,2026-08-19T21:53:13.467Z,2026-08-19T22:54:29.012Z,3676,2026-08-19T22:54:29.012Z,B41,Chesapeake,2caac1da-4db4-431b-998d-21dc6fd03dce,SAMMS-ChesapeakeV5
202608192252096976,202608192152668737,202608192152666995,85,3010,Bronze INV,br_ReAssessment,TASK_COMPLETE,FAILED,ERROR,0,0,1,SAMMS INV pipeline failed. Check the failed parent/child activity run details.,2026-08-19T21:53:13.467Z,2026-08-19T22:54:29.012Z,3676,2026-08-19T22:54:29.012Z,B42,Virginia Beach,2caac1da-4db4-431b-998d-21dc6fd03dce,SAMMS-VirginiaBeachV5
202608192252096977,202608192152668738,202608192152666995,85,3011,Bronze INV,br_ReAssessment,TASK_COMPLETE,FAILED,ERROR,0,0,1,SAMMS INV pipeline failed. Check the failed parent/child activity run details.,2026-08-19T21:53:13.467Z,2026-08-19T22:54:29.012Z,3676,2026-08-19T22:54:29.012Z,B42A,Newport News,2caac1da-4db4-431b-998d-21dc6fd03dce,SAMMS-NewportNewsV5
202608192252096978,202608192152668739,202608192152666995,85,3012,Bronze INV,br_ReAssessment,TASK_COMPLETE,FAILED,ERROR,0,0,1,SAMMS INV pipeline failed. Check the failed parent/child activity run details.,2026-08-19T21:53:13.467Z,2026-08-19T22:54:29.012Z,3676,2026-08-19T22:54:29.012Z,B42B,Franklin,2caac1da-4db4-431b-998d-21dc6fd03dce,SAMMS-FranklinV5
202608192252096980,202608192152668740,202608192152666995,85,3013,Bronze INV,br_ReAssessment,TASK_COMPLETE,FAILED,ERROR,0,0,1,SAMMS INV pipeline failed. Check the failed parent/child activity run details.,2026-08-19T21:53:13.467Z,2026-08-19T22:54:29.012Z,3676,2026-08-19T22:54:29.012Z,B42C,Glen Allen,2caac1da-4db4-431b-998d-21dc6fd03dce,SAMMS-GlenAllenV5
202608192252096981,202608192152668741,202608192152666995,85,3014,Bronze INV,br_ReAssessment,TASK_COMPLETE,FAILED,ERROR,0,0,1,SAMMS INV pipeline failed. Check the failed parent/child activity run details.,2026-08-19T21:53:13.467Z,2026-08-19T22:54:29.012Z,3676,2026-08-19T22:54:29.012Z,B42D,Chesapeake South,2caac1da-4db4-431b-998d-21dc6fd03dce,SAMMS-ChesapeakeSouthV5
202608192252096982,202608192152668742,202608192152666995,85,3015,Bronze INV,br_ReAssessment,TASK_COMPLETE,FAILED,ERROR,0,0,1,SAMMS INV pipeline failed. Check the failed parent/child activity run details.,2026-08-19T21:53:13.467Z,2026-08-19T22:54:29.012Z,3676,2026-08-19T22:54:29.012Z,B44,Albany,2caac1da-4db4-431b-998d-21dc6fd03dce,SAMMS-AlbanyV5
202608192252096983,202608192152668743,202608192152666995,85,3016,Bronze INV,br_ReAssessment,TASK_COMPLETE,FAILED,ERROR,0,0,1,SAMMS INV pipeline failed. Check the failed parent/child activity run details.,2026-08-19T21:53:13.467Z,2026-08-19T22:54:29.012Z,3676,2026-08-19T22:54:29.012Z,B45,Tifton,2caac1da-4db4-431b-998d-21dc6fd03dce,SAMMS-TiftonV5
202608192252096984,202608192152668744,202608192152666995,85,3017,Bronze INV,br_ReAssessment,TASK_COMPLETE,FAILED,ERROR,0,0,1,SAMMS INV pipeline failed. Check the failed parent/child activity run details.,2026-08-19T21:53:13.467Z,2026-08-19T22:54:29.012Z,3676,2026-08-19T22:54:29.012Z,B46,Washington DC,2caac1da-4db4-431b-998d-21dc6fd03dce,SAMMS-WashingtonDCv5
202608192252096985,202608192152668745,202608192152666995,85,3018,Bronze INV,br_ReAssessment,TASK_COMPLETE,FAILED,ERROR,0,0,1,SAMMS INV pipeline failed. Check the failed parent/child activity run details.,2026-08-19T21:53:13.467Z,2026-08-19T22:54:29.012Z,3676,2026-08-19T22:54:29.012Z,B47,Mobile,2caac1da-4db4-431b-998d-21dc6fd03dce,SAMMS-MobileV5
202608192252096986,202608192152668746,202608192152666995,85,3019,Bronze INV,br_ReAssessment,TASK_COMPLETE,FAILED,ERROR,0,0,1,SAMMS INV pipeline failed. Check the failed parent/child activity run details.,2026-08-19T21:53:13.467Z,2026-08-19T22:54:29.012Z,3676,2026-08-19T22:54:29.012Z,B48,Tuscaloosa,2caac1da-4db4-431b-998d-21dc6fd03dce,SAMMS-TuscaloosaV5
202608192252096988,202608192152668747,202608192152666995,85,3028,Bronze INV,br_ReAssessment,TASK_COMPLETE,FAILED,ERROR,0,0,1,SAMMS INV pipeline failed. Check the failed parent/child activity run details.,2026-08-19T21:53:13.467Z,2026-08-19T22:54:29.012Z,3676,2026-08-19T22:54:29.012Z,B51,N. Little Rock (OTP),2caac1da-4db4-431b-998d-21dc6fd03dce,SAMMS-NorthLittleRockV6
202608192252096989,202608192152668748,202608192152666995,85,3029,Bronze INV,br_ReAssessment,TASK_COMPLETE,FAILED,ERROR,0,0,1,SAMMS INV pipeline failed. Check the failed parent/child activity run details.,2026-08-19T21:53:13.467Z,2026-08-19T22:54:29.012Z,3676,2026-08-19T22:54:29.012Z,B52,Jackson GA,2caac1da-4db4-431b-998d-21dc6fd03dce,SAMMS-JacksonGAV5
202608192252096990,202608192152668749,202608192152666995,85,3030,Bronze INV,br_ReAssessment,TASK_COMPLETE,FAILED,ERROR,0,0,1,SAMMS INV pipeline failed. Check the failed parent/child activity run details.,2026-08-19T21:53:13.467Z,2026-08-19T22:54:29.012Z,3676,2026-08-19T22:54:29.012Z,B54,Gadsden,2caac1da-4db4-431b-998d-21dc6fd03dce,SAMMS-GadsdenV5
202608192252096991,202608192152668750,202608192152666995,85,3031,Bronze INV,br_ReAssessment,TASK_COMPLETE,FAILED,ERROR,0,0,1,SAMMS INV pipeline failed. Check the failed parent/child activity run details.,2026-08-19T21:53:13.467Z,2026-08-19T22:54:29.012Z,3676,2026-08-19T22:54:29.012Z,B55,Shoals,2caac1da-4db4-431b-998d-21dc6fd03dce,SAMMS-ShoalsV5
202608192252096992,202608192152668751,202608192152666995,85,3032,Bronze INV,br_ReAssessment,TASK_COMPLETE,FAILED,ERROR,0,0,1,SAMMS INV pipeline failed. Check the failed parent/child activity run details.,2026-08-19T21:53:13.467Z,2026-08-19T22:54:29.012Z,3676,2026-08-19T22:54:29.012Z,B57,Pawtucket,2caac1da-4db4-431b-998d-21dc6fd03dce,SAMMS-Pawtucket
202608192252096993,202608192152668752,202608192152666995,85,3033,Bronze INV,br_ReAssessment,TASK_COMPLETE,FAILED,ERROR,0,0,1,SAMMS INV pipeline failed. Check the failed parent/child activity run details.,2026-08-19T21:53:13.467Z,2026-08-19T22:54:29.012Z,3676,2026-08-19T22:54:29.012Z,B57A,Johnston,2caac1da-4db4-431b-998d-21dc6fd03dce,SAMMS-Johnston
202608192252096995,202608192152668753,202608192152666995,85,3034,Bronze INV,br_ReAssessment,TASK_COMPLETE,FAILED,ERROR,0,0,1,SAMMS INV pipeline failed. Check the failed parent/child activity run details.,2026-08-19T21:53:13.467Z,2026-08-19T22:54:29.012Z,3676,2026-08-19T22:54:29.012Z,B57B,Middletown,2caac1da-4db4-431b-998d-21dc6fd03dce,SAMMS-Middletown
202608192252096996,202608192152668754,202608192152666995,85,3035,Bronze INV,br_ReAssessment,TASK_COMPLETE,FAILED,ERROR,0,0,1,SAMMS INV pipeline failed. Check the failed parent/child activity run details.,2026-08-19T21:53:13.467Z,2026-08-19T22:54:29.012Z,3676,2026-08-19T22:54:29.012Z,B57C,Providence,2caac1da-4db4-431b-998d-21dc6fd03dce,SAMMS-Providence
202608192252096997,202608192152668755,202608192152666995,85,3036,Bronze INV,br_ReAssessment,TASK_COMPLETE,FAILED,ERROR,0,0,1,SAMMS INV pipeline failed. Check the failed parent/child activity run details.,2026-08-19T21:53:13.467Z,2026-08-19T22:54:29.012Z,3676,2026-08-19T22:54:29.012Z,B57D,Westerly,2caac1da-4db4-431b-998d-21dc6fd03dce,SAMMS-Westerly
202608192252096998,202608192152668756,202608192152666995,85,3040,Bronze INV,br_ReAssessment,TASK_COMPLETE,FAILED,ERROR,0,0,1,SAMMS INV pipeline failed. Check the failed parent/child activity run details.,2026-08-19T21:53:13.467Z,2026-08-19T22:54:29.012Z,3676,2026-08-19T22:54:29.012Z,B66A,Bremen,2caac1da-4db4-431b-998d-21dc6fd03dce,SAMMS-Bremen
202608192252096999,202608192152668757,202608192152666995,85,3043,Bronze INV,br_ReAssessment,TASK_COMPLETE,FAILED,ERROR,0,0,1,SAMMS INV pipeline failed. Check the failed parent/child activity run details.,2026-08-19T21:53:13.467Z,2026-08-19T22:54:29.012Z,3676,2026-08-19T22:54:29.012Z,B72,Mobile (OBOT),2caac1da-4db4-431b-998d-21dc6fd03dce,SAMMS-Mobile-OBOT
202608192252097000,202608192152668758,202608192152666995,85,3044,Bronze INV,br_ReAssessment,TASK_COMPLETE,FAILED,ERROR,0,0,1,SAMMS INV pipeline failed. Check the failed parent/child activity run details.,2026-08-19T21:53:13.467Z,2026-08-19T22:54:29.012Z,3676,2026-08-19T22:54:29.012Z,B73,Montgomery,2caac1da-4db4-431b-998d-21dc6fd03dce,SAMMS-Montgomery
202608192252097001,202608192152668759,202608192152666995,85,3045,Bronze INV,br_ReAssessment,TASK_COMPLETE,FAILED,ERROR,0,0,1,SAMMS INV pipeline failed. Check the failed parent/child activity run details.,2026-08-19T21:53:13.467Z,2026-08-19T22:54:29.012Z,3676,2026-08-19T22:54:29.012Z,B75,Lawrence,2caac1da-4db4-431b-998d-21dc6fd03dce,SAMMS-LawrenceV6
202608192252097003,202608192152668760,202608192152666995,85,3046,Bronze INV,br_ReAssessment,TASK_COMPLETE,FAILED,ERROR,0,0,1,SAMMS INV pipeline failed. Check the failed parent/child activity run details.,2026-08-19T21:53:13.467Z,2026-08-19T22:54:29.012Z,3676,2026-08-19T22:54:29.012Z,B76,Huntsville OBOT,2caac1da-4db4-431b-998d-21dc6fd03dce,SAMMS-Huntsville-OBOT
202608192252097004,202608192152668761,202608192152666995,85,3047,Bronze INV,br_ReAssessment,TASK_COMPLETE,FAILED,ERROR,0,0,1,SAMMS INV pipeline failed. Check the failed parent/child activity run details.,2026-08-19T21:53:13.467Z,2026-08-19T22:54:29.012Z,3676,2026-08-19T22:54:29.012Z,BAT,Batesville,2caac1da-4db4-431b-998d-21dc6fd03dce,SAMMS-Batesville
202608192252097005,202608192152668762,202608192152666995,85,3048,Bronze INV,br_ReAssessment,TASK_COMPLETE,FAILED,ERROR,0,0,1,SAMMS INV pipeline failed. Check the failed parent/child activity run details.,2026-08-19T21:53:13.467Z,2026-08-19T22:54:29.012Z,3676,2026-08-19T22:54:29.012Z,BG,Bowling Green,2caac1da-4db4-431b-998d-21dc6fd03dce,SAMMS-BowlingGreen
202608192252097006,202608192152668763,202608192152666995,85,3049,Bronze INV,br_ReAssessment,TASK_COMPLETE,FAILED,ERROR,0,0,1,SAMMS INV pipeline failed. Check the failed parent/child activity run details.,2026-08-19T21:53:13.467Z,2026-08-19T22:54:29.012Z,3676,2026-08-19T22:54:29.012Z,BOI,Boise,2caac1da-4db4-431b-998d-21dc6fd03dce,SAMMS-Boise
202608192252097007,202608192152668764,202608192152666995,85,3056,Bronze INV,br_ReAssessment,TASK_COMPLETE,FAILED,ERROR,0,0,1,SAMMS INV pipeline failed. Check the failed parent/child activity run details.,2026-08-19T21:53:13.467Z,2026-08-19T22:54:29.012Z,3676,2026-08-19T22:54:29.012Z,CBCO,Coeur dAlene,2caac1da-4db4-431b-998d-21dc6fd03dce,SAMMS-CoeurdAleneV6
202608192252097008,202608192152668765,202608192152666995,85,3075,Bronze INV,br_ReAssessment,TASK_COMPLETE,FAILED,ERROR,0,0,1,SAMMS INV pipeline failed. Check the failed parent/child activity run details.,2026-08-19T21:53:13.467Z,2026-08-19T22:54:29.012Z,3676,2026-08-19T22:54:29.012Z,CON,Conway,2caac1da-4db4-431b-998d-21dc6fd03dce,SAMMS-Conway
202608192252097010,202608192152668766,202608192152666995,85,3076,Bronze INV,br_ReAssessment,TASK_COMPLETE,FAILED,ERROR,0,0,1,SAMMS INV pipeline failed. Check the failed parent/child activity run details.,2026-08-19T21:53:13.467Z,2026-08-19T22:54:29.012Z,3676,2026-08-19T22:54:29.012Z,D07,Medical Services Knox TN,2caac1da-4db4-431b-998d-21dc6fd03dce,SAMMS-KnoxvilleV6
202608192252097011,202608192152668767,202608192152666995,85,3077,Bronze INV,br_ReAssessment,TASK_COMPLETE,FAILED,ERROR,0,0,1,SAMMS INV pipeline failed. Check the failed parent/child activity run details.,2026-08-19T21:53:13.467Z,2026-08-19T22:54:29.012Z,3676,2026-08-19T22:54:29.012Z,D08,Madison,2caac1da-4db4-431b-998d-21dc6fd03dce,SAMMS-MadisonV6
202608192252097012,202608192152668768,202608192152666995,85,3079,Bronze INV,br_ReAssessment,TASK_COMPLETE,FAILED,ERROR,0,0,1,SAMMS INV pipeline failed. Check the failed parent/child activity run details.,2026-08-19T21:53:13.467Z,2026-08-19T22:54:29.012Z,3676,2026-08-19T22:54:29.012Z,D09,Murfreesboro,2caac1da-4db4-431b-998d-21dc6fd03dce,SAMMS-MurfreesboroV6
202608192252097013,202608192152668769,202608192152666995,85,3080,Bronze INV,br_ReAssessment,TASK_COMPLETE,FAILED,ERROR,0,0,1,SAMMS INV pipeline failed. Check the failed parent/child activity run details.,2026-08-19T21:53:13.467Z,2026-08-19T22:54:29.012Z,3676,2026-08-19T22:54:29.012Z,DA,Davenport,2caac1da-4db4-431b-998d-21dc6fd03dce,SAMMS-Davenport
202608192252097014,202608192152668770,202608192152666995,85,3081,Bronze INV,br_ReAssessment,TASK_COMPLETE,FAILED,ERROR,0,0,1,SAMMS INV pipeline failed. Check the failed parent/child activity run details.,2026-08-19T21:53:13.467Z,2026-08-19T22:54:29.012Z,3676,2026-08-19T22:54:29.012Z,DM,Des Moines,2caac1da-4db4-431b-998d-21dc6fd03dce,SAMMS-DesMoines
202608192252097015,202608192152668771,202608192152666995,85,3083,Bronze INV,br_ReAssessment,TASK_COMPLETE,FAILED,ERROR,0,0,1,SAMMS INV pipeline failed. Check the failed parent/child activity run details.,2026-08-19T21:53:13.467Z,2026-08-19T22:54:29.012Z,3676,2026-08-19T22:54:29.012Z,DRD-CO,Columbia MO,2caac1da-4db4-431b-998d-21dc6fd03dce,SAMMS-ColumbiaV5
202608192252097016,202608192152668772,202608192152666995,85,3084,Bronze INV,br_ReAssessment,TASK_COMPLETE,FAILED,ERROR,0,0,1,SAMMS INV pipeline failed. Check the failed parent/child activity run details.,2026-08-19T21:53:13.467Z,2026-08-19T22:54:29.012Z,3676,2026-08-19T22:54:29.012Z,DRD-KC,KC,2caac1da-4db4-431b-998d-21dc6fd03dce,SAMMS-KCv5
202608192252097018,202608192152668773,202608192152666995,85,3085,Bronze INV,br_ReAssessment,TASK_COMPLETE,FAILED,ERROR,0,0,1,SAMMS INV pipeline failed. Check the failed parent/child activity run details.,2026-08-19T21:53:13.467Z,2026-08-19T22:54:29.012Z,3676,2026-08-19T22:54:29.012Z,DRD-KVB,KVB,2caac1da-4db4-431b-998d-21dc6fd03dce,SAMMS-KVBv5
202608192252097019,202608192152668774,202608192152666995,85,3086,Bronze INV,br_ReAssessment,TASK_COMPLETE,FAILED,ERROR,0,0,1,SAMMS INV pipeline failed. Check the failed parent/child activity run details.,2026-08-19T21:53:13.467Z,2026-08-19T22:54:29.012Z,3676,2026-08-19T22:54:29.012Z,DRD-KVC,KVC,2caac1da-4db4-431b-998d-21dc6fd03dce,SAMMS-KVCv5
202608192252097020,202608192152668775,202608192152666995,85,3087,Bronze INV,br_ReAssessment,TASK_COMPLETE,FAILED,ERROR,0,0,1,SAMMS INV pipeline failed. Check the failed parent/child activity run details.,2026-08-19T21:53:13.467Z,2026-08-19T22:54:29.012Z,3676,2026-08-19T22:54:29.012Z,DRD-NOLA,NOLA,2caac1da-4db4-431b-998d-21dc6fd03dce,SAMMS-NOLAv5
202608192252097021,202608192152668776,202608192152666995,85,3088,Bronze INV,br_ReAssessment,TASK_COMPLETE,FAILED,ERROR,0,0,1,SAMMS INV pipeline failed. Check the failed parent/child activity run details.,2026-08-19T21:53:13.467Z,2026-08-19T22:54:29.012Z,3676,2026-08-19T22:54:29.012Z,DRD-SF,Springfield,2caac1da-4db4-431b-998d-21dc6fd03dce,SAMMS-SFv5
202608192252097022,202608192152668777,202608192152666995,85,3090,Bronze INV,br_ReAssessment,TASK_COMPLETE,FAILED,ERROR,0,0,1,SAMMS INV pipeline failed. Check the failed parent/child activity run details.,2026-08-19T21:53:13.467Z,2026-08-19T22:54:29.012Z,3676,2026-08-19T22:54:29.012Z,ELC,Elizabeth City,2caac1da-4db4-431b-998d-21dc6fd03dce,SAMMS-ElizabethCity
202608192252097024,202608192152668778,202608192152666995,85,3091,Bronze INV,br_ReAssessment,TASK_COMPLETE,FAILED,ERROR,0,0,1,SAMMS INV pipeline failed. Check the failed parent/child activity run details.,2026-08-19T21:53:13.467Z,2026-08-19T22:54:29.012Z,3676,2026-08-19T22:54:29.012Z,ET,Elizabethtown,2caac1da-4db4-431b-998d-21dc6fd03dce,SAMMS-Elizabethtown
202608192252097025,202608192152668779,202608192152666995,85,3092,Bronze INV,br_ReAssessment,TASK_COMPLETE,FAILED,ERROR,0,0,1,SAMMS INV pipeline failed. Check the failed parent/child activity run details.,2026-08-19T21:53:13.467Z,2026-08-19T22:54:29.012Z,3676,2026-08-19T22:54:29.012Z,FAY,Fayetteville,2caac1da-4db4-431b-998d-21dc6fd03dce,SAMMS-Fayetteville
202608192252097026,202608192152668780,202608192152666995,85,3093,Bronze INV,br_ReAssessment,TASK_COMPLETE,FAILED,ERROR,0,0,1,SAMMS INV pipeline failed. Check the failed parent/child activity run details.,2026-08-19T21:53:13.467Z,2026-08-19T22:54:29.012Z,3676,2026-08-19T22:54:29.012Z,FR,Frankfort,2caac1da-4db4-431b-998d-21dc6fd03dce,SAMMS-Frankfort
202608192252097027,202608192152668781,202608192152666995,85,3094,Bronze INV,br_ReAssessment,TASK_COMPLETE,FAILED,ERROR,0,0,1,SAMMS INV pipeline failed. Check the failed parent/child activity run details.,2026-08-19T21:53:13.467Z,2026-08-19T22:54:29.012Z,3676,2026-08-19T22:54:29.012Z,FS,Fort Smith,2caac1da-4db4-431b-998d-21dc6fd03dce,SAMMS-FortSmith
202608192252097028,202608192152668782,202608192152666995,85,3095,Bronze INV,br_ReAssessment,TASK_COMPLETE,FAILED,ERROR,0,0,1,SAMMS INV pipeline failed. Check the failed parent/child activity run details.,2026-08-19T21:53:13.467Z,2026-08-19T22:54:29.012Z,3676,2026-08-19T22:54:29.012Z,FW,Fort Wayne,2caac1da-4db4-431b-998d-21dc6fd03dce,SAMMS-FortWayne
202608192252097029,202608192152668783,202608192152666995,85,3096,Bronze INV,br_ReAssessment,TASK_COMPLETE,FAILED,ERROR,0,0,1,SAMMS INV pipeline failed. Check the failed parent/child activity run details.,2026-08-19T21:53:13.467Z,2026-08-19T22:54:29.012Z,3676,2026-08-19T22:54:29.012Z,GAL,Gaylord,2caac1da-4db4-431b-998d-21dc6fd03dce,SAMMS-Gaylord
202608192252097031,202608192152668784,202608192152666995,85,3100,Bronze INV,br_ReAssessment,TASK_COMPLETE,FAILED,ERROR,0,0,1,SAMMS INV pipeline failed. Check the failed parent/child activity run details.,2026-08-19T21:53:13.467Z,2026-08-19T22:54:29.012Z,3676,2026-08-19T22:54:29.012Z,HGT,Hagerstown,2caac1da-4db4-431b-998d-21dc6fd03dce,SAMMS-Hagerstown
202608192252097032,202608192152668785,202608192152666995,85,3101,Bronze INV,br_ReAssessment,TASK_COMPLETE,FAILED,ERROR,0,0,1,SAMMS INV pipeline failed. Check the failed parent/child activity run details.,2026-08-19T21:53:13.467Z,2026-08-19T22:54:29.012Z,3676,2026-08-19T22:54:29.012Z,HNT,Huntsville,2caac1da-4db4-431b-998d-21dc6fd03dce,SAMMS-Huntsville
202608192252097033,202608192152668786,202608192152666995,85,3102,Bronze INV,br_ReAssessment,TASK_COMPLETE,FAILED,ERROR,0,0,1,SAMMS INV pipeline failed. Check the failed parent/child activity run details.,2026-08-19T21:53:13.467Z,2026-08-19T22:54:29.012Z,3676,2026-08-19T22:54:29.012Z,HS,Hot Springs,2caac1da-4db4-431b-998d-21dc6fd03dce,SAMMS-HotSprings
202608192252097034,202608192152668787,202608192152666995,85,3103,Bronze INV,br_ReAssessment,TASK_COMPLETE,FAILED,ERROR,0,0,1,SAMMS INV pipeline failed. Check the failed parent/child activity run details.,2026-08-19T21:53:13.467Z,2026-08-19T22:54:29.012Z,3676,2026-08-19T22:54:29.012Z,JON,Jonesboro,2caac1da-4db4-431b-998d-21dc6fd03dce,SAMMS-Jonesboro
202608192252097035,202608192152668788,202608192152666995,85,3105,Bronze INV,br_ReAssessment,TASK_COMPLETE,FAILED,ERROR,0,0,1,SAMMS INV pipeline failed. Check the failed parent/child activity run details.,2026-08-19T21:53:13.467Z,2026-08-19T22:54:29.012Z,3676,2026-08-19T22:54:29.012Z,LAN,Lansing,2caac1da-4db4-431b-998d-21dc6fd03dce,SAMMS-Lansing
202608192252097036,202608192152668789,202608192152666995,85,3106,Bronze INV,br_ReAssessment,TASK_COMPLETE,FAILED,ERROR,0,0,1,SAMMS INV pipeline failed. Check the failed parent/child activity run details.,2026-08-19T21:53:13.467Z,2026-08-19T22:54:29.012Z,3676,2026-08-19T22:54:29.012Z,LO,Louisville,2caac1da-4db4-431b-998d-21dc6fd03dce,SAMMS-Louisville
202608192252097037,202608192152668790,202608192152666995,85,3107,Bronze INV,br_ReAssessment,TASK_COMPLETE,FAILED,ERROR,0,0,1,SAMMS INV pipeline failed. Check the failed parent/child activity run details.,2026-08-19T21:53:13.467Z,2026-08-19T22:54:29.012Z,3676,2026-08-19T22:54:29.012Z,LV1,Cheyenne,2caac1da-4db4-431b-998d-21dc6fd03dce,SAMMS-Cheyenne
202608192252097039,202608192152668791,202608192152666995,85,3108,Bronze INV,br_ReAssessment,TASK_COMPLETE,FAILED,ERROR,0,0,1,SAMMS INV pipeline failed. Check the failed parent/child activity run details.,2026-08-19T21:53:13.467Z,2026-08-19T22:54:29.012Z,3676,2026-08-19T22:54:29.012Z,LV2,Desert Inn,2caac1da-4db4-431b-998d-21dc6fd03dce,SAMMS-DesertInn
202608192252097040,202608192152668792,202608192152666995,85,3109,Bronze INV,br_ReAssessment,TASK_COMPLETE,FAILED,ERROR,0,0,1,SAMMS INV pipeline failed. Check the failed parent/child activity run details.,2026-08-19T21:53:13.467Z,2026-08-19T22:54:29.012Z,3676,2026-08-19T22:54:29.012Z,LV3,McDaniel,2caac1da-4db4-431b-998d-21dc6fd03dce,SAMMS-McDaniel
202608192252097041,202608192152668793,202608192152666995,85,3112,Bronze INV,br_ReAssessment,TASK_COMPLETE,FAILED,ERROR,0,0,1,SAMMS INV pipeline failed. Check the failed parent/child activity run details.,2026-08-19T21:53:13.467Z,2026-08-19T22:54:29.012Z,3676,2026-08-19T22:54:29.012Z,MNRE,Monroe,2caac1da-4db4-431b-998d-21dc6fd03dce,SAMMS-Monroe
202608192252097042,202608192152668794,202608192152666995,85,3113,Bronze INV,br_ReAssessment,TASK_COMPLETE,FAILED,ERROR,0,0,1,SAMMS INV pipeline failed. Check the failed parent/child activity run details.,2026-08-19T21:53:13.467Z,2026-08-19T22:54:29.012Z,3676,2026-08-19T22:54:29.012Z,MP,Mt. Pleasant,2caac1da-4db4-431b-998d-21dc6fd03dce,SAMMS-MtPleasant
202608192252097043,202608192152668795,202608192152666995,85,3114,Bronze INV,br_ReAssessment,TASK_COMPLETE,FAILED,ERROR,0,0,1,SAMMS INV pipeline failed. Check the failed parent/child activity run details.,2026-08-19T21:53:13.467Z,2026-08-19T22:54:29.012Z,3676,2026-08-19T22:54:29.012Z,MRD,Meridian,2caac1da-4db4-431b-998d-21dc6fd03dce,SAMMS-Meridian
202608192252097044,202608192152668796,202608192152666995,85,3119,Bronze INV,br_ReAssessment,TASK_COMPLETE,FAILED,ERROR,0,0,1,SAMMS INV pipeline failed. Check the failed parent/child activity run details.,2026-08-19T21:53:13.467Z,2026-08-19T22:54:29.012Z,3676,2026-08-19T22:54:29.012Z,NC,North Charleston,2caac1da-4db4-431b-998d-21dc6fd03dce,SAMMS-NorthCharleston
202608192252097046,202608192152668797,202608192152666995,85,3120,Bronze INV,br_ReAssessment,TASK_COMPLETE,FAILED,ERROR,0,0,1,SAMMS INV pipeline failed. Check the failed parent/child activity run details.,2026-08-19T21:53:13.467Z,2026-08-19T22:54:29.012Z,3676,2026-08-19T22:54:29.012Z,NLR,N. Little Rock,2caac1da-4db4-431b-998d-21dc6fd03dce,SAMMS-NLROBOT
202608192252097047,202608192152668798,202608192152666995,85,3121,Bronze INV,br_ReAssessment,TASK_COMPLETE,FAILED,ERROR,0,0,1,SAMMS INV pipeline failed. Check the failed parent/child activity run details.,2026-08-19T21:53:13.467Z,2026-08-19T22:54:29.012Z,3676,2026-08-19T22:54:29.012Z,PH,Phoenix,2caac1da-4db4-431b-998d-21dc6fd03dce,SAMMS-Phoenix
202608192252097048,202608192152668799,202608192152666995,85,3125,Bronze INV,br_ReAssessment,TASK_COMPLETE,FAILED,ERROR,0,0,1,SAMMS INV pipeline failed. Check the failed parent/child activity run details.,2026-08-19T21:53:13.467Z,2026-08-19T22:54:29.012Z,3676,2026-08-19T22:54:29.012Z,RE,Reno,2caac1da-4db4-431b-998d-21dc6fd03dce,SAMMS-Reno
202608192252097049,202608192152668800,202608192152666995,85,3126,Bronze INV,br_ReAssessment,TASK_COMPLETE,FAILED,ERROR,0,0,1,SAMMS INV pipeline failed. Check the failed parent/child activity run details.,2026-08-19T21:53:13.467Z,2026-08-19T22:54:29.012Z,3676,2026-08-19T22:54:29.012Z,RMD,Richmond,2caac1da-4db4-431b-998d-21dc6fd03dce,SAMMS-Richmond
202608192252097050,202608192152668801,202608192152666995,85,3127,Bronze INV,br_ReAssessment,TASK_COMPLETE,FAILED,ERROR,0,0,1,SAMMS INV pipeline failed. Check the failed parent/child activity run details.,2026-08-19T21:53:13.467Z,2026-08-19T22:54:29.012Z,3676,2026-08-19T22:54:29.012Z,SFN,Springfield North,2caac1da-4db4-431b-998d-21dc6fd03dce,SAMMS-SFNv5
202608192252097051,202608192152668802,202608192152666995,85,3128,Bronze INV,br_ReAssessment,TASK_COMPLETE,FAILED,ERROR,0,0,1,SAMMS INV pipeline failed. Check the failed parent/child activity run details.,2026-08-19T21:53:13.467Z,2026-08-19T22:54:29.012Z,3676,2026-08-19T22:54:29.012Z,SHP,Shreveport,2caac1da-4db4-431b-998d-21dc6fd03dce,SAMMS-Shreveport
202608192252097053,202608192152668803,202608192152666995,85,3130,Bronze INV,br_ReAssessment,TASK_COMPLETE,FAILED,ERROR,0,0,1,SAMMS INV pipeline failed. Check the failed parent/child activity run details.,2026-08-19T21:53:13.467Z,2026-08-19T22:54:29.012Z,3676,2026-08-19T22:54:29.012Z,STN,Staunton,2caac1da-4db4-431b-998d-21dc6fd03dce,SAMMS-Staunton
202608192252097054,202608192152668804,202608192152666995,85,3131,Bronze INV,br_ReAssessment,TASK_COMPLETE,FAILED,ERROR,0,0,1,SAMMS INV pipeline failed. Check the failed parent/child activity run details.,2026-08-19T21:53:13.467Z,2026-08-19T22:54:29.012Z,3676,2026-08-19T22:54:29.012Z,STVN,Stevenson,2caac1da-4db4-431b-998d-21dc6fd03dce,SAMMS-Stevenson
202608192252097055,202608192152668805,202608192152666995,85,3133,Bronze INV,br_ReAssessment,TASK_COMPLETE,FAILED,ERROR,0,0,1,SAMMS INV pipeline failed. Check the failed parent/child activity run details.,2026-08-19T21:53:13.467Z,2026-08-19T22:54:29.012Z,3676,2026-08-19T22:54:29.012Z,TE,Tempe,2caac1da-4db4-431b-998d-21dc6fd03dce,SAMMS-Tempe
202608192252097056,202608192152668806,202608192152666995,85,3134,Bronze INV,br_ReAssessment,TASK_COMPLETE,FAILED,ERROR,0,0,1,SAMMS INV pipeline failed. Check the failed parent/child activity run details.,2026-08-19T21:53:13.467Z,2026-08-19T22:54:29.012Z,3676,2026-08-19T22:54:29.012Z,TEX,Texarkana,2caac1da-4db4-431b-998d-21dc6fd03dce,SAMMS-Texarkana
202608192252097057,202608192152668807,202608192152666995,85,3135,Bronze INV,br_ReAssessment,TASK_COMPLETE,FAILED,ERROR,0,0,1,SAMMS INV pipeline failed. Check the failed parent/child activity run details.,2026-08-19T21:53:13.467Z,2026-08-19T22:54:29.012Z,3676,2026-08-19T22:54:29.012Z,TTCA,Bessemer,2caac1da-4db4-431b-998d-21dc6fd03dce,SAMMS-BessemerV5
202608192252097058,202608192152668808,202608192152666995,85,3136,Bronze INV,br_ReAssessment,TASK_COMPLETE,FAILED,ERROR,0,0,1,SAMMS INV pipeline failed. Check the failed parent/child activity run details.,2026-08-19T21:53:13.467Z,2026-08-19T22:54:29.012Z,3676,2026-08-19T22:54:29.012Z,TTCB,Cullman,2caac1da-4db4-431b-998d-21dc6fd03dce,SAMMS-CullmanV5
202608192252097059,202608192152668809,202608192152666995,85,3137,Bronze INV,br_ReAssessment,TASK_COMPLETE,FAILED,ERROR,0,0,1,SAMMS INV pipeline failed. Check the failed parent/child activity run details.,2026-08-19T21:53:13.467Z,2026-08-19T22:54:29.012Z,3676,2026-08-19T22:54:29.012Z,TTCC,Grand Bay,2caac1da-4db4-431b-998d-21dc6fd03dce,SAMMS-GrandBay
202608192252097061,202608192152668810,202608192152666995,85,3138,Bronze INV,br_ReAssessment,TASK_COMPLETE,FAILED,ERROR,0,0,1,SAMMS INV pipeline failed. Check the failed parent/child activity run details.,2026-08-19T21:53:13.467Z,2026-08-19T22:54:29.012Z,3676,2026-08-19T22:54:29.012Z,TU,Tucson,2caac1da-4db4-431b-998d-21dc6fd03dce,SAMMS-Tucson
202608192252097062,202608192152668811,202608192152666995,85,3140,Bronze INV,br_ReAssessment,TASK_COMPLETE,FAILED,ERROR,0,0,1,SAMMS INV pipeline failed. Check the failed parent/child activity run details.,2026-08-19T21:53:13.467Z,2026-08-19T22:54:29.012Z,3676,2026-08-19T22:54:29.012Z,V1,Memphis South,2caac1da-4db4-431b-998d-21dc6fd03dce,SAMMS-VCPHCS-I-MemphisV5
202608192252097063,202608192152668812,202608192152666995,85,3141,Bronze INV,br_ReAssessment,TASK_COMPLETE,FAILED,ERROR,0,0,1,SAMMS INV pipeline failed. Check the failed parent/child activity run details.,2026-08-19T21:53:13.467Z,2026-08-19T22:54:29.012Z,3676,2026-08-19T22:54:29.012Z,V10,Longmont,2caac1da-4db4-431b-998d-21dc6fd03dce,SAMMS-BoulderV5
202608192252097064,202608192152668813,202608192152666995,85,3142,Bronze INV,br_ReAssessment,TASK_COMPLETE,FAILED,ERROR,0,0,1,SAMMS INV pipeline failed. Check the failed parent/child activity run details.,2026-08-19T21:53:13.467Z,2026-08-19T22:54:29.012Z,3676,2026-08-19T22:54:29.012Z,V10A,Fort Collins,2caac1da-4db4-431b-998d-21dc6fd03dce,SAMMS-FortCollinsV5
202608192252097065,202608192152668814,202608192152666995,85,3143,Bronze INV,br_ReAssessment,TASK_COMPLETE,FAILED,ERROR,0,0,1,SAMMS INV pipeline failed. Check the failed parent/child activity run details.,2026-08-19T21:53:13.467Z,2026-08-19T22:54:29.012Z,3676,2026-08-19T22:54:29.012Z,V11,Westminster,2caac1da-4db4-431b-998d-21dc6fd03dce,SAMMS-VCPHCS-XI-NorthDenverV5
202608192252097066,202608192152668815,202608192152666995,85,3144,Bronze INV,br_ReAssessment,TASK_COMPLETE,FAILED,ERROR,0,0,1,SAMMS INV pipeline failed. Check the failed parent/child activity run details.,2026-08-19T21:53:13.467Z,2026-08-19T22:54:29.012Z,3676,2026-08-19T22:54:29.012Z,V12,Downtown Denver,2caac1da-4db4-431b-998d-21dc6fd03dce,SAMMS-VCPHCS-XII-DowntownDenverV5
202608192252097068,202608192152668816,202608192152666995,85,3145,Bronze INV,br_ReAssessment,TASK_COMPLETE,FAILED,ERROR,0,0,1,SAMMS INV pipeline failed. Check the failed parent/child activity run details.,2026-08-19T21:53:13.467Z,2026-08-19T22:54:29.012Z,3676,2026-08-19T22:54:29.012Z,V12A,Centennial,2caac1da-4db4-431b-998d-21dc6fd03dce,SAMMS-CentennialV5
202608192252097069,202608192152668817,202608192152666995,85,3146,Bronze INV,br_ReAssessment,TASK_COMPLETE,FAILED,ERROR,0,0,1,SAMMS INV pipeline failed. Check the failed parent/child activity run details.,2026-08-19T21:53:13.467Z,2026-08-19T22:54:29.012Z,3676,2026-08-19T22:54:29.012Z,V14,Overland Park,2caac1da-4db4-431b-998d-21dc6fd03dce,SAMMS-VCPHCS-XIV-BridgewayV5
202608192252097070,202608192152668818,202608192152666995,85,3147,Bronze INV,br_ReAssessment,TASK_COMPLETE,FAILED,ERROR,0,0,1,SAMMS INV pipeline failed. Check the failed parent/child activity run details.,2026-08-19T21:53:13.467Z,2026-08-19T22:54:29.012Z,3676,2026-08-19T22:54:29.012Z,V15,Joplin,2caac1da-4db4-431b-998d-21dc6fd03dce,SAMMS-JoplinV5
202608192252097071,202608192152668819,202608192152666995,85,3149,Bronze INV,br_ReAssessment,TASK_COMPLETE,FAILED,ERROR,0,0,1,SAMMS INV pipeline failed. Check the failed parent/child activity run details.,2026-08-19T21:53:13.467Z,2026-08-19T22:54:29.012Z,3676,2026-08-19T22:54:29.012Z,V17,Columbia TN,2caac1da-4db4-431b-998d-21dc6fd03dce,SAMMS-ColumbiaTNv5
202608192252097072,202608192152668820,202608192152666995,85,3151,Bronze INV,br_ReAssessment,TASK_COMPLETE,FAILED,ERROR,0,0,1,SAMMS INV pipeline failed. Check the failed parent/child activity run details.,2026-08-19T21:53:13.467Z,2026-08-19T22:54:29.012Z,3676,2026-08-19T22:54:29.012Z,V19,Jackson,2caac1da-4db4-431b-998d-21dc6fd03dce,SAMMS-JacksonV5
202608192252097073,202608192152668821,202608192152666995,85,3153,Bronze INV,br_ReAssessment,TASK_COMPLETE,FAILED,ERROR,0,0,1,SAMMS INV pipeline failed. Check the failed parent/child activity run details.,2026-08-19T21:53:13.467Z,2026-08-19T22:54:29.012Z,3676,2026-08-19T22:54:29.012Z,V20,Paris,2caac1da-4db4-431b-998d-21dc6fd03dce,SAMMS-ParisV5
202608192252097075,202608192152668822,202608192152666995,85,3154,Bronze INV,br_ReAssessment,TASK_COMPLETE,FAILED,ERROR,0,0,1,SAMMS INV pipeline failed. Check the failed parent/child activity run details.,2026-08-19T21:53:13.467Z,2026-08-19T22:54:29.012Z,3676,2026-08-19T22:54:29.012Z,V21,Memphis North,2caac1da-4db4-431b-998d-21dc6fd03dce,SAMMS-RaleighV5
202608192252097076,202608192152668823,202608192152666995,85,3157,Bronze INV,br_ReAssessment,TASK_COMPLETE,FAILED,ERROR,0,0,1,SAMMS INV pipeline failed. Check the failed parent/child activity run details.,2026-08-19T21:53:13.467Z,2026-08-19T22:54:29.012Z,3676,2026-08-19T22:54:29.012Z,V5,West Bank,2caac1da-4db4-431b-998d-21dc6fd03dce,SAMMS-NONTCv5
202608192252097077,202608192152668824,202608192152666995,85,3159,Bronze INV,br_ReAssessment,TASK_COMPLETE,FAILED,ERROR,0,0,1,SAMMS INV pipeline failed. Check the failed parent/child activity run details.,2026-08-19T21:53:13.467Z,2026-08-19T22:54:29.012Z,3676,2026-08-19T22:54:29.012Z,V5B,Houma,2caac1da-4db4-431b-998d-21dc6fd03dce,SAMMS-HoumaV6
202608192252097078,202608192152668825,202608192152666995,85,3160,Bronze INV,br_ReAssessment,TASK_COMPLETE,FAILED,ERROR,0,0,1,SAMMS INV pipeline failed. Check the failed parent/child activity run details.,2026-08-19T21:53:13.467Z,2026-08-19T22:54:29.012Z,3676,2026-08-19T22:54:29.012Z,V6,Lake Charles,2caac1da-4db4-431b-998d-21dc6fd03dce,SAMMS-LCv5
202608192252097079,202608192152668826,202608192152666995,85,3162,Bronze INV,br_ReAssessment,TASK_COMPLETE,FAILED,ERROR,0,0,1,SAMMS INV pipeline failed. Check the failed parent/child activity run details.,2026-08-19T21:53:13.467Z,2026-08-19T22:54:29.012Z,3676,2026-08-19T22:54:29.012Z,V8,Memphis Midtown,2caac1da-4db4-431b-998d-21dc6fd03dce,SAMMS-VCPHCS-VIII-MemphisV5
202608192252097080,202608192152668827,202608192152666995,85,3163,Bronze INV,br_ReAssessment,TASK_COMPLETE,FAILED,ERROR,0,0,1,SAMMS INV pipeline failed. Check the failed parent/child activity run details.,2026-08-19T21:53:13.467Z,2026-08-19T22:54:29.012Z,3676,2026-08-19T22:54:29.012Z,V9,Nashville,2caac1da-4db4-431b-998d-21dc6fd03dce,SAMMS-NashvilleV5
202608192252097081,202608192152668828,202608192152666995,85,3164,Bronze INV,br_ReAssessment,TASK_COMPLETE,FAILED,ERROR,0,0,1,SAMMS INV pipeline failed. Check the failed parent/child activity run details.,2026-08-19T21:53:13.467Z,2026-08-19T22:54:29.012Z,3676,2026-08-19T22:54:29.012Z,VBRA,Brainerd,2caac1da-4db4-431b-998d-21dc6fd03dce,SAMMS-BrainerdV6
202608192252097083,202608192152668829,202608192152666995,85,3165,Bronze INV,br_ReAssessment,TASK_COMPLETE,FAILED,ERROR,0,0,1,SAMMS INV pipeline failed. Check the failed parent/child activity run details.,2026-08-19T21:53:13.467Z,2026-08-19T22:54:29.012Z,3676,2026-08-19T22:54:29.012Z,VBRP,Brooklyn Park,2caac1da-4db4-431b-998d-21dc6fd03dce,SAMMS-BrooklynParkV6
202608192252097084,202608192152668830,202608192152666995,85,3167,Bronze INV,br_ReAssessment,TASK_COMPLETE,FAILED,ERROR,0,0,1,SAMMS INV pipeline failed. Check the failed parent/child activity run details.,2026-08-19T21:53:13.467Z,2026-08-19T22:54:29.012Z,3676,2026-08-19T22:54:29.012Z,VMIN,Minneapolis,2caac1da-4db4-431b-998d-21dc6fd03dce,SAMMS-MinneapolisV6
202608192252097085,202608192152668831,202608192152666995,85,3168,Bronze INV,br_ReAssessment,TASK_COMPLETE,FAILED,ERROR,0,0,1,SAMMS INV pipeline failed. Check the failed parent/child activity run details.,2026-08-19T21:53:13.467Z,2026-08-19T22:54:29.012Z,3676,2026-08-19T22:54:29.012Z,VWBY,Woodbury,2caac1da-4db4-431b-998d-21dc6fd03dce,SAMMS-WoodburyV6
202608192252097086,202608192152668832,202608192152666995,85,3170,Bronze INV,br_ReAssessment,TASK_COMPLETE,FAILED,ERROR,0,0,1,SAMMS INV pipeline failed. Check the failed parent/child activity run details.,2026-08-19T21:53:13.467Z,2026-08-19T22:54:29.012Z,3676,2026-08-19T22:54:29.012Z,WIL,Wilson,2caac1da-4db4-431b-998d-21dc6fd03dce,SAMMS-Wilson
202608192252097188,202608192152767004,202608192152766995,86,5728,Silver INV,sl_ReAssessment,TASK_COMPLETE,SUCCESS,INFO,0,0,0,,2026-08-19T21:53:13.467Z,2026-08-19T22:54:29.012Z,3676,2026-08-19T22:54:29.012Z,,,2caac1da-4db4-431b-998d-21dc6fd03dce,
202608192252097113,202608192152668948,202608192152666995,85,3174,Bronze INV,br_ReAssessmentFamily,TASK_COMPLETE,FAILED,ERROR,35,35,1,SAMMS INV pipeline failed. Check the failed parent/child activity run details.,2026-08-19T21:53:13.467Z,2026-08-19T22:54:29.012Z,3676,2026-08-19T22:54:29.012Z,AHK,Ahoskie,2caac1da-4db4-431b-998d-21dc6fd03dce,SAMMS-Ahoskie
202608192252097114,202608192152668949,202608192152666995,85,3175,Bronze INV,br_ReAssessmentFamily,TASK_COMPLETE,FAILED,ERROR,662,662,1,SAMMS INV pipeline failed. Check the failed parent/child activity run details.,2026-08-19T21:53:13.467Z,2026-08-19T22:54:29.012Z,3676,2026-08-19T22:54:29.012Z,B12B,Colorado Springs,2caac1da-4db4-431b-998d-21dc6fd03dce,SAMMS-ColoradoSpringsV5
202608192252097115,202608192152668950,202608192152666995,85,3176,Bronze INV,br_ReAssessmentFamily,TASK_COMPLETE,FAILED,ERROR,834,834,1,SAMMS INV pipeline failed. Check the failed parent/child activity run details.,2026-08-19T21:53:13.467Z,2026-08-19T22:54:29.012Z,3676,2026-08-19T22:54:29.012Z,B24,Paintsville,2caac1da-4db4-431b-998d-21dc6fd03dce,SAMMS-PaintsvilleV5
202608192252097116,202608192152668951,202608192152666995,85,3177,Bronze INV,br_ReAssessmentFamily,TASK_COMPLETE,FAILED,ERROR,645,645,1,SAMMS INV pipeline failed. Check the failed parent/child activity run details.,2026-08-19T21:53:13.467Z,2026-08-19T22:54:29.012Z,3676,2026-08-19T22:54:29.012Z,B25,Pikeville,2caac1da-4db4-431b-998d-21dc6fd03dce,SAMMS-PikevilleV5
202608192252097118,202608192152668952,202608192152666995,85,3178,Bronze INV,br_ReAssessmentFamily,TASK_COMPLETE,FAILED,ERROR,971,971,1,SAMMS INV pipeline failed. Check the failed parent/child activity run details.,2026-08-19T21:53:13.467Z,2026-08-19T22:54:29.012Z,3676,2026-08-19T22:54:29.012Z,B26,Hazard,2caac1da-4db4-431b-998d-21dc6fd03dce,SAMMS-HazardV5
202608192252097119,202608192152668953,202608192152666995,85,3179,Bronze INV,br_ReAssessmentFamily,TASK_COMPLETE,FAILED,ERROR,530,530,1,SAMMS INV pipeline failed. Check the failed parent/child activity run details.,2026-08-19T21:53:13.467Z,2026-08-19T22:54:29.012Z,3676,2026-08-19T22:54:29.012Z,B27,Savannah,2caac1da-4db4-431b-998d-21dc6fd03dce,SAMMS-SavannahV6
202608192252097120,202608192152668954,202608192152666995,85,3180,Bronze INV,br_ReAssessmentFamily,TASK_COMPLETE,FAILED,ERROR,246,246,1,SAMMS INV pipeline failed. Check the failed parent/child activity run details.,2026-08-19T21:53:13.467Z,2026-08-19T22:54:29.012Z,3676,2026-08-19T22:54:29.012Z,B28,West Plains,2caac1da-4db4-431b-998d-21dc6fd03dce,SAMMS-WestPlainesV5
202608192252097121,202608192152668955,202608192152666995,85,3181,Bronze INV,br_ReAssessmentFamily,TASK_COMPLETE,FAILED,ERROR,461,461,1,SAMMS INV pipeline failed. Check the failed parent/child activity run details.,2026-08-19T21:53:13.467Z,2026-08-19T22:54:29.012Z,3676,2026-08-19T22:54:29.012Z,B29,Poplar Bluff,2caac1da-4db4-431b-998d-21dc6fd03dce,SAMMS-PoplarBluffV5
202608192252097122,202608192152668956,202608192152666995,85,3182,Bronze INV,br_ReAssessmentFamily,TASK_COMPLETE,FAILED,ERROR,78,78,1,SAMMS INV pipeline failed. Check the failed parent/child activity run details.,2026-08-19T21:53:13.467Z,2026-08-19T22:54:29.012Z,3676,2026-08-19T22:54:29.012Z,B30,KC North,2caac1da-4db4-431b-998d-21dc6fd03dce,SAMMS-KCNv5
202608192252097123,202608192152668957,202608192152666995,85,3183,Bronze INV,br_ReAssessmentFamily,TASK_COMPLETE,FAILED,ERROR,400,400,1,SAMMS INV pipeline failed. Check the failed parent/child activity run details.,2026-08-19T21:53:13.467Z,2026-08-19T22:54:29.012Z,3676,2026-08-19T22:54:29.012Z,B31,Dyersburg,2caac1da-4db4-431b-998d-21dc6fd03dce,SAMMS-DyersburgV5
202608192252097125,202608192152668958,202608192152666995,85,3185,Bronze INV,br_ReAssessmentFamily,TASK_COMPLETE,FAILED,ERROR,487,487,1,SAMMS INV pipeline failed. Check the failed parent/child activity run details.,2026-08-19T21:53:13.467Z,2026-08-19T22:54:29.012Z,3676,2026-08-19T22:54:29.012Z,B33,Paducah,2caac1da-4db4-431b-998d-21dc6fd03dce,SAMMS-Paducah
202608192252097126,202608192152668959,202608192152666995,85,3186,Bronze INV,br_ReAssessmentFamily,TASK_COMPLETE,FAILED,ERROR,383,383,1,SAMMS INV pipeline failed. Check the failed parent/child activity run details.,2026-08-19T21:53:13.467Z,2026-08-19T22:54:29.012Z,3676,2026-08-19T22:54:29.012Z,B34,Corbin,2caac1da-4db4-431b-998d-21dc6fd03dce,SAMMS-CorbinV5
202608192252097127,202608192152668960,202608192152666995,85,3187,Bronze INV,br_ReAssessmentFamily,TASK_COMPLETE,FAILED,ERROR,240,240,1,SAMMS INV pipeline failed. Check the failed parent/child activity run details.,2026-08-19T21:53:13.467Z,2026-08-19T22:54:29.012Z,3676,2026-08-19T22:54:29.012Z,B35,Lexington,2caac1da-4db4-431b-998d-21dc6fd03dce,SAMMS-LexingtonV5
202608192252097128,202608192152668961,202608192152666995,85,3188,Bronze INV,br_ReAssessmentFamily,TASK_COMPLETE,FAILED,ERROR,77,77,1,SAMMS INV pipeline failed. Check the failed parent/child activity run details.,2026-08-19T21:53:13.467Z,2026-08-19T22:54:29.012Z,3676,2026-08-19T22:54:29.012Z,B35A,Berea,2caac1da-4db4-431b-998d-21dc6fd03dce,SAMMS-BereaV5
202608192252097129,202608192152668962,202608192152666995,85,3189,Bronze INV,br_ReAssessmentFamily,TASK_COMPLETE,FAILED,ERROR,20,20,1,SAMMS INV pipeline failed. Check the failed parent/child activity run details.,2026-08-19T21:53:13.467Z,2026-08-19T22:54:29.012Z,3676,2026-08-19T22:54:29.012Z,B36,Asheville,2caac1da-4db4-431b-998d-21dc6fd03dce,SAMMS-AshevilleV5
202608192252097130,202608192152668963,202608192152666995,85,3190,Bronze INV,br_ReAssessmentFamily,TASK_COMPLETE,FAILED,ERROR,1,1,1,SAMMS INV pipeline failed. Check the failed parent/child activity run details.,2026-08-19T21:53:13.467Z,2026-08-19T22:54:29.012Z,3676,2026-08-19T22:54:29.012Z,B37,Clyde,2caac1da-4db4-431b-998d-21dc6fd03dce,SAMMS-ClydeV5
202608192252097132,202608192152668964,202608192152666995,85,3191,Bronze INV,br_ReAssessmentFamily,TASK_COMPLETE,FAILED,ERROR,1186,1186,1,SAMMS INV pipeline failed. Check the failed parent/child activity run details.,2026-08-19T21:53:13.467Z,2026-08-19T22:54:29.012Z,3676,2026-08-19T22:54:29.012Z,B38,Spartanburg,2caac1da-4db4-431b-998d-21dc6fd03dce,SAMMS-SpartanburgV5
202608192252097133,202608192152668965,202608192152666995,85,3192,Bronze INV,br_ReAssessmentFamily,TASK_COMPLETE,FAILED,ERROR,362,362,1,SAMMS INV pipeline failed. Check the failed parent/child activity run details.,2026-08-19T21:53:13.467Z,2026-08-19T22:54:29.012Z,3676,2026-08-19T22:54:29.012Z,B39,Aiken,2caac1da-4db4-431b-998d-21dc6fd03dce,SAMMS-AikenV5
202608192252097134,202608192152668966,202608192152666995,85,3193,Bronze INV,br_ReAssessmentFamily,TASK_COMPLETE,FAILED,ERROR,1888,1888,1,SAMMS INV pipeline failed. Check the failed parent/child activity run details.,2026-08-19T21:53:13.467Z,2026-08-19T22:54:29.012Z,3676,2026-08-19T22:54:29.012Z,B41,Chesapeake,2caac1da-4db4-431b-998d-21dc6fd03dce,SAMMS-ChesapeakeV5
202608192252097135,202608192152668967,202608192152666995,85,3194,Bronze INV,br_ReAssessmentFamily,TASK_COMPLETE,FAILED,ERROR,1917,1917,1,SAMMS INV pipeline failed. Check the failed parent/child activity run details.,2026-08-19T21:53:13.467Z,2026-08-19T22:54:29.012Z,3676,2026-08-19T22:54:29.012Z,B42,Virginia Beach,2caac1da-4db4-431b-998d-21dc6fd03dce,SAMMS-VirginiaBeachV5
202608192252097137,202608192152668968,202608192152666995,85,3195,Bronze INV,br_ReAssessmentFamily,TASK_COMPLETE,FAILED,ERROR,926,926,1,SAMMS INV pipeline failed. Check the failed parent/child activity run details.,2026-08-19T21:53:13.467Z,2026-08-19T22:54:29.012Z,3676,2026-08-19T22:54:29.012Z,B42A,Newport News,2caac1da-4db4-431b-998d-21dc6fd03dce,SAMMS-NewportNewsV5
202608192252097138,202608192152668969,202608192152666995,85,3196,Bronze INV,br_ReAssessmentFamily,TASK_COMPLETE,FAILED,ERROR,507,507,1,SAMMS INV pipeline failed. Check the failed parent/child activity run details.,2026-08-19T21:53:13.467Z,2026-08-19T22:54:29.012Z,3676,2026-08-19T22:54:29.012Z,B42B,Franklin,2caac1da-4db4-431b-998d-21dc6fd03dce,SAMMS-FranklinV5
202608192252097139,202608192152668970,202608192152666995,85,3197,Bronze INV,br_ReAssessmentFamily,TASK_COMPLETE,FAILED,ERROR,342,342,1,SAMMS INV pipeline failed. Check the failed parent/child activity run details.,2026-08-19T21:53:13.467Z,2026-08-19T22:54:29.012Z,3676,2026-08-19T22:54:29.012Z,B42C,Glen Allen,2caac1da-4db4-431b-998d-21dc6fd03dce,SAMMS-GlenAllenV5
202608192252097140,202608192152668971,202608192152666995,85,3198,Bronze INV,br_ReAssessmentFamily,TASK_COMPLETE,FAILED,ERROR,1481,1481,1,SAMMS INV pipeline failed. Check the failed parent/child activity run details.,2026-08-19T21:53:13.467Z,2026-08-19T22:54:29.012Z,3676,2026-08-19T22:54:29.012Z,B42D,Chesapeake South,2caac1da-4db4-431b-998d-21dc6fd03dce,SAMMS-ChesapeakeSouthV5
202608192252097141,202608192152668972,202608192152666995,85,3199,Bronze INV,br_ReAssessmentFamily,TASK_COMPLETE,FAILED,ERROR,632,632,1,SAMMS INV pipeline failed. Check the failed parent/child activity run details.,2026-08-19T21:53:13.467Z,2026-08-19T22:54:29.012Z,3676,2026-08-19T22:54:29.012Z,B44,Albany,2caac1da-4db4-431b-998d-21dc6fd03dce,SAMMS-AlbanyV5
202608192252097142,202608192152668973,202608192152666995,85,3200,Bronze INV,br_ReAssessmentFamily,TASK_COMPLETE,FAILED,ERROR,1270,1270,1,SAMMS INV pipeline failed. Check the failed parent/child activity run details.,2026-08-19T21:53:13.467Z,2026-08-19T22:54:29.012Z,3676,2026-08-19T22:54:29.012Z,B45,Tifton,2caac1da-4db4-431b-998d-21dc6fd03dce,SAMMS-TiftonV5
202608192252097143,202608192152668974,202608192152666995,85,3201,Bronze INV,br_ReAssessmentFamily,TASK_COMPLETE,FAILED,ERROR,587,587,1,SAMMS INV pipeline failed. Check the failed parent/child activity run details.,2026-08-19T21:53:13.467Z,2026-08-19T22:54:29.012Z,3676,2026-08-19T22:54:29.012Z,B46,Washington DC,2caac1da-4db4-431b-998d-21dc6fd03dce,SAMMS-WashingtonDCv5
202608192252097145,202608192152668975,202608192152666995,85,3202,Bronze INV,br_ReAssessmentFamily,TASK_COMPLETE,FAILED,ERROR,1570,1570,1,SAMMS INV pipeline failed. Check the failed parent/child activity run details.,2026-08-19T21:53:13.467Z,2026-08-19T22:54:29.012Z,3676,2026-08-19T22:54:29.012Z,B47,Mobile,2caac1da-4db4-431b-998d-21dc6fd03dce,SAMMS-MobileV5
202608192252097146,202608192152668976,202608192152666995,85,3203,Bronze INV,br_ReAssessmentFamily,TASK_COMPLETE,FAILED,ERROR,1297,1297,1,SAMMS INV pipeline failed. Check the failed parent/child activity run details.,2026-08-19T21:53:13.467Z,2026-08-19T22:54:29.012Z,3676,2026-08-19T22:54:29.012Z,B48,Tuscaloosa,2caac1da-4db4-431b-998d-21dc6fd03dce,SAMMS-TuscaloosaV5
202608192252097147,202608192152668977,202608192152666995,85,3212,Bronze INV,br_ReAssessmentFamily,TASK_COMPLETE,FAILED,ERROR,2,2,1,SAMMS INV pipeline failed. Check the failed parent/child activity run details.,2026-08-19T21:53:13.467Z,2026-08-19T22:54:29.012Z,3676,2026-08-19T22:54:29.012Z,B51,N. Little Rock (OTP),2caac1da-4db4-431b-998d-21dc6fd03dce,SAMMS-NorthLittleRockV6
202608192252097148,202608192152668978,202608192152666995,85,3213,Bronze INV,br_ReAssessmentFamily,TASK_COMPLETE,FAILED,ERROR,456,456,1,SAMMS INV pipeline failed. Check the failed parent/child activity run details.,2026-08-19T21:53:13.467Z,2026-08-19T22:54:29.012Z,3676,2026-08-19T22:54:29.012Z,B52,Jackson GA,2caac1da-4db4-431b-998d-21dc6fd03dce,SAMMS-JacksonGAV5
202608192252097149,202608192152668979,202608192152666995,85,3214,Bronze INV,br_ReAssessmentFamily,TASK_COMPLETE,FAILED,ERROR,1708,1708,1,SAMMS INV pipeline failed. Check the failed parent/child activity run details.,2026-08-19T21:53:13.467Z,2026-08-19T22:54:29.012Z,3676,2026-08-19T22:54:29.012Z,B54,Gadsden,2caac1da-4db4-431b-998d-21dc6fd03dce,SAMMS-GadsdenV5
202608192252097150,202608192152668980,202608192152666995,85,3215,Bronze INV,br_ReAssessmentFamily,TASK_COMPLETE,FAILED,ERROR,950,950,1,SAMMS INV pipeline failed. Check the failed parent/child activity run details.,2026-08-19T21:53:13.467Z,2026-08-19T22:54:29.012Z,3676,2026-08-19T22:54:29.012Z,B55,Shoals,2caac1da-4db4-431b-998d-21dc6fd03dce,SAMMS-ShoalsV5
202608192252097152,202608192152668981,202608192152666995,85,3216,Bronze INV,br_ReAssessmentFamily,TASK_COMPLETE,FAILED,ERROR,294,294,1,SAMMS INV pipeline failed. Check the failed parent/child activity run details.,2026-08-19T21:53:13.467Z,2026-08-19T22:54:29.012Z,3676,2026-08-19T22:54:29.012Z,B57,Pawtucket,2caac1da-4db4-431b-998d-21dc6fd03dce,SAMMS-Pawtucket
202608192252097153,202608192152668982,202608192152666995,85,3217,Bronze INV,br_ReAssessmentFamily,TASK_COMPLETE,FAILED,ERROR,551,551,1,SAMMS INV pipeline failed. Check the failed parent/child activity run details.,2026-08-19T21:53:13.467Z,2026-08-19T22:54:29.012Z,3676,2026-08-19T22:54:29.012Z,B57A,Johnston,2caac1da-4db4-431b-998d-21dc6fd03dce,SAMMS-Johnston
202608192252097154,202608192152668983,202608192152666995,85,3218,Bronze INV,br_ReAssessmentFamily,TASK_COMPLETE,FAILED,ERROR,166,166,1,SAMMS INV pipeline failed. Check the failed parent/child activity run details.,2026-08-19T21:53:13.467Z,2026-08-19T22:54:29.012Z,3676,2026-08-19T22:54:29.012Z,B57B,Middletown,2caac1da-4db4-431b-998d-21dc6fd03dce,SAMMS-Middletown
202608192252097155,202608192152668984,202608192152666995,85,3219,Bronze INV,br_ReAssessmentFamily,TASK_COMPLETE,FAILED,ERROR,413,413,1,SAMMS INV pipeline failed. Check the failed parent/child activity run details.,2026-08-19T21:53:13.467Z,2026-08-19T22:54:29.012Z,3676,2026-08-19T22:54:29.012Z,B57C,Providence,2caac1da-4db4-431b-998d-21dc6fd03dce,SAMMS-Providence
202608192252097157,202608192152668985,202608192152666995,85,3220,Bronze INV,br_ReAssessmentFamily,TASK_COMPLETE,FAILED,ERROR,623,623,1,SAMMS INV pipeline failed. Check the failed parent/child activity run details.,2026-08-19T21:53:13.467Z,2026-08-19T22:54:29.012Z,3676,2026-08-19T22:54:29.012Z,B57D,Westerly,2caac1da-4db4-431b-998d-21dc6fd03dce,SAMMS-Westerly
202608192252097158,202608192152668986,202608192152666995,85,3224,Bronze INV,br_ReAssessmentFamily,TASK_COMPLETE,FAILED,ERROR,4,4,1,SAMMS INV pipeline failed. Check the failed parent/child activity run details.,2026-08-19T21:53:13.467Z,2026-08-19T22:54:29.012Z,3676,2026-08-19T22:54:29.012Z,B66A,Bremen,2caac1da-4db4-431b-998d-21dc6fd03dce,SAMMS-Bremen
202608192252097159,202608192152668987,202608192152666995,85,3227,Bronze INV,br_ReAssessmentFamily,TASK_COMPLETE,FAILED,ERROR,0,0,1,SAMMS INV pipeline failed. Check the failed parent/child activity run details.,2026-08-19T21:53:13.467Z,2026-08-19T22:54:29.012Z,3676,2026-08-19T22:54:29.012Z,B72,Mobile (OBOT),2caac1da-4db4-431b-998d-21dc6fd03dce,SAMMS-Mobile-OBOT
202608192252097160,202608192152668988,202608192152666995,85,3228,Bronze INV,br_ReAssessmentFamily,TASK_COMPLETE,FAILED,ERROR,0,0,1,SAMMS INV pipeline failed. Check the failed parent/child activity run details.,2026-08-19T21:53:13.467Z,2026-08-19T22:54:29.012Z,3676,2026-08-19T22:54:29.012Z,B73,Montgomery,2caac1da-4db4-431b-998d-21dc6fd03dce,SAMMS-Montgomery
202608192252097161,202608192152668989,202608192152666995,85,3229,Bronze INV,br_ReAssessmentFamily,TASK_COMPLETE,FAILED,ERROR,517,517,1,SAMMS INV pipeline failed. Check the failed parent/child activity run details.,2026-08-19T21:53:13.467Z,2026-08-19T22:54:29.012Z,3676,2026-08-19T22:54:29.012Z,B75,Lawrence,2caac1da-4db4-431b-998d-21dc6fd03dce,SAMMS-LawrenceV6
202608192252097162,202608192152668990,202608192152666995,85,3230,Bronze INV,br_ReAssessmentFamily,TASK_COMPLETE,FAILED,ERROR,0,0,1,SAMMS INV pipeline failed. Check the failed parent/child activity run details.,2026-08-19T21:53:13.467Z,2026-08-19T22:54:29.012Z,3676,2026-08-19T22:54:29.012Z,B76,Huntsville OBOT,2caac1da-4db4-431b-998d-21dc6fd03dce,SAMMS-Huntsville-OBOT
202608192252097164,202608192152668991,202608192152666995,85,3231,Bronze INV,br_ReAssessmentFamily,TASK_COMPLETE,FAILED,ERROR,0,0,1,SAMMS INV pipeline failed. Check the failed parent/child activity run details.,2026-08-19T21:53:13.467Z,2026-08-19T22:54:29.012Z,3676,2026-08-19T22:54:29.012Z,BAT,Batesville,2caac1da-4db4-431b-998d-21dc6fd03dce,SAMMS-Batesville
202608192252097165,202608192152668992,202608192152666995,85,3232,Bronze INV,br_ReAssessmentFamily,TASK_COMPLETE,FAILED,ERROR,461,461,1,SAMMS INV pipeline failed. Check the failed parent/child activity run details.,2026-08-19T21:53:13.467Z,2026-08-19T22:54:29.012Z,3676,2026-08-19T22:54:29.012Z,BG,Bowling Green,2caac1da-4db4-431b-998d-21dc6fd03dce,SAMMS-BowlingGreen
202608192252097166,202608192152668993,202608192152666995,85,3233,Bronze INV,br_ReAssessmentFamily,TASK_COMPLETE,FAILED,ERROR,181,181,1,SAMMS INV pipeline failed. Check the failed parent/child activity run details.,2026-08-19T21:53:13.467Z,2026-08-19T22:54:29.012Z,3676,2026-08-19T22:54:29.012Z,BOI,Boise,2caac1da-4db4-431b-998d-21dc6fd03dce,SAMMS-Boise
202608192252097167,202608192152668994,202608192152666995,85,3240,Bronze INV,br_ReAssessmentFamily,TASK_COMPLETE,FAILED,ERROR,51,51,1,SAMMS INV pipeline failed. Check the failed parent/child activity run details.,2026-08-19T21:53:13.467Z,2026-08-19T22:54:29.012Z,3676,2026-08-19T22:54:29.012Z,CBCO,Coeur dAlene,2caac1da-4db4-431b-998d-21dc6fd03dce,SAMMS-CoeurdAleneV6
202608192252097168,202608192152668995,202608192152666995,85,3259,Bronze INV,br_ReAssessmentFamily,TASK_COMPLETE,FAILED,ERROR,0,0,1,SAMMS INV pipeline failed. Check the failed parent/child activity run details.,2026-08-19T21:53:13.467Z,2026-08-19T22:54:29.012Z,3676,2026-08-19T22:54:29.012Z,CON,Conway,2caac1da-4db4-431b-998d-21dc6fd03dce,SAMMS-Conway
202608192252097169,202608192152668996,202608192152666995,85,3260,Bronze INV,br_ReAssessmentFamily,TASK_COMPLETE,FAILED,ERROR,2575,2575,1,SAMMS INV pipeline failed. Check the failed parent/child activity run details.,2026-08-19T21:53:13.467Z,2026-08-19T22:54:29.012Z,3676,2026-08-19T22:54:29.012Z,D07,Medical Services Knox TN,2caac1da-4db4-431b-998d-21dc6fd03dce,SAMMS-KnoxvilleV6
202608192252097170,202608192152668997,202608192152666995,85,3261,Bronze INV,br_ReAssessmentFamily,TASK_COMPLETE,FAILED,ERROR,111,111,1,SAMMS INV pipeline failed. Check the failed parent/child activity run details.,2026-08-19T21:53:13.467Z,2026-08-19T22:54:29.012Z,3676,2026-08-19T22:54:29.012Z,D08,Madison,2caac1da-4db4-431b-998d-21dc6fd03dce,SAMMS-MadisonV6
202609080839309595,202609080839309594,20260908071753,142,16281,Transaction Report In-DB v7 Silver,sl_TransactionPostingReport,TASK_FAILED,FAILED,ERROR,0,0,1,"[transaction_posting_report] failed joining insurance stream to charges: [UNRESOLVED_COLUMN.WITH_SUGGESTION] A column or function parameter with name `adj.Adj Reason` cannot be resolved. Did you mean one of the following? [`adj`.`Adj Reason`, `adj`.`Date`, `adj`.`SiteCode`, `adj`.`Amount`, `adj`.`Description`].; Project [SiteCode#114709 AS SiteCode#115113, tpcliID#114822 AS tpcliID#115114, tpcliTPCID#114823 AS tpcliTPCID#115115, Date#114735 AS Date#115116, liaStrUser#114748 AS liaStrUser#115117, Description#114761 AS Description#115118, CPT#114826 AS CPT#115119, SvcDate#114880 AS SvcDate#115120, Amount#113512 AS Amount#115121, TransactionType#113501 AS TransactionType#115122, tprbCheck#112780 AS tprbCheck#115123, tpbType#112781 AS tpbType#115124, tprbID#114774 AS tprbID#115125, `adj.Adj Reason` AS Adj Reason#115126, TBTransactionType#114384 AS TBTransactionType#115127] +- Join Inner, ((SiteCode#114709 = SiteCode#114821) AND (tpcliID_link#114722 = tpcliID#114822)) :- SubqueryAlias adj : +- Project [SiteCode#114709, tpcliID_link#114722, Date#114735, liaStrUser#114748, Description#114761, tprbCheck#112780, tpbType#112781, _tprbID#112857 AS tprbID#114774, Amount#113512, TransactionType#113501, Adj Reason#114383, TBTransactionType#114384] : +- Project [SiteCode#114709, tpcliID_link#114722, Date#114735, liaStrUser#114748, _Description#113087 AS Description#114761, tprbCheck#112780, tpbType#112781, _tprbID#112857, Amount#113512, TransactionType#113501, Adj Reason#114383, TBTransactionType#114384] : +- Project [SiteCode#114709, tpcliID_link#114722, Date#114735, _liaStrUser#113047 AS liaStrUser#114748, _Description#113087, tprbCheck#112780, tpbType#112781, _tprbID#112857, Amount#113512, TransactionType#113501, Adj Reason#114383, TBTransactionType#114384] : +- Project [SiteCode#114709, tpcliID_link#114722, _Date#113008 AS Date#114735, _liaStrUser#113047, _Description#113087, tprbCheck#112780, tpbType#112781, _tprbID#112857, Amount#113512, TransactionType#113501, Adj Reason#114383, TBTransactionType#114384] : +- Project [SiteCode#114709, _liaTPCLIID#112822 AS tpcliID_link#114722, _Date#113008, _liaStrUser#113047, _Description#113087, tprbCheck#112780, tpbType#112781, _tprbID#112857, Amount#113512, TransactionType#113501, Adj Reason#114383, TBTransactionType#114384] : +- Project [_SiteCode#112788 AS SiteCode#114709, _liaTPCLIID#112822, _Date#113008, _liaStrUser#113047, _Description#113087, tprbCheck#112780, tpbType#112781, _tprbID#112857, Amount#113512, TransactionType#113501, Adj Reason#114383, TBTransactionType#114384] : +- Filter NOT (Amount#113512 = cast(0 as double)) : +- Union false, false : :- Project [_SiteCode#112788, _liaTPCLIID#112822, _Date#113008, _liaStrUser#113047, _Description#113087, tprbCheck#112780, tpbType#112781, _tprbID#112857, Amount#113512, TransactionType#113501, null AS Adj Reason#114383, null AS TBTransactionType#114384] : : +- Union false, false : : :- Project [_SiteCode#112788, _liaTPCLIID#112822, _Date#113008, _liaStrUser#113047, _Description#113087, tprbCheck#112780, tpbType#112781, _tprbID#112857, (Amount#113491 * cast(-1 as double)) AS Amount#113512, TransactionType#113501] : : : +- Project [_SiteCode#112788, _liaTPCLIID#112822, _Date#113008, _liaStrUser#113047, _Description#113087, tprbCheck#112780, tpbType#112781, _tprbID#112857, Amount#113491, 3rdPartyPayment AS TransactionType#113501] : : : +- Aggregate [_SiteCode#112788, _liaTPCLIID#112822, _Date#113008, _liaStrUser#113047, _Description#113087, tprbCheck#112780, tpbType#112781, _tprbID#112857], [_SiteCode#112788, _liaTPCLIID#112822, _Date#113008, _liaStrUser#113047, _Description#113087, tprbCheck#112780, tpbType#112781, _tprbID#112857, sum(_PaidIns#113213) AS Amount#113491] : : : +- Filter (_PaidIns#113213 > cast(0 as double)) : : : +- Filter (NOT (_AdjGeneral#113128 = void) OR isnull(_AdjGeneral#113128)) : : : +- Project [SiteCode#111820, LiaID#111821, RowChkSum#111822, LastModAt#111823, RowState#111824, LiaTPCLIID#111825, LiaDtm#111826, LiaStrUser#111827, LaiPAIDINS#111828, LaiContADJ#111829, LaiGENADJ#111830, LaiCOPay#111831, LaiDEDUC#111832, LaiCLIENT#111833, LiaBitNoteOnly#111834, LiaStrDesc#111835, TprbID#111836, LiaPending#111837, Liaamt#111838, Liastrtext#111839, LiaADJREASON#111840, LaiCOINS#111841, LiaAction1#111842, LiaAction2#111843, ... 23 more fields] : : : +- Project [SiteCode#111820, LiaID#111821, RowChkSum#111822, LastModAt#111823, RowState#111824, LiaTPCLIID#111825, LiaDtm#111826, LiaStrUser#111827, LaiPAIDINS#111828, LaiContADJ#111829, LaiGENADJ#111830, LaiCOPay#111831, LaiDEDUC#111832, LaiCLIENT#111833, LiaBitNoteOnly#111834, LiaStrDesc#111835, TprbID#111836, LiaPending#111837, Liaamt#111838, Liastrtext#111839, LiaADJREASON#111840, LaiCOINS#111841, LiaAction1#111842, LiaAction2#111843, ... 22 more fields] : : : +- Project [SiteCode#111820, LiaID#111821, RowChkSum#111822, LastModAt#111823, RowState#111824, LiaTPCLIID#111825, LiaDtm#111826, LiaStrUser#111827, LaiPAIDINS#111828, LaiContADJ#111829, LaiGENADJ#111830, LaiCOPay#111831, LaiDEDUC#111832, LaiCLIENT#111833, LiaBitNoteOnly#111834, LiaStrDesc#111835, TprbID#111836, LiaPending#111837, Liaamt#111838, Liastrtext#111839, LiaADJREASON#111840, LaiCOINS#111841, LiaAction1#111842, LiaAction2#111843, ... 21 more fields] : : : +- Project [SiteCode#111820, LiaID#111821, RowChkSum#111822, LastModAt#111823, RowState#111824, LiaTPCLIID#111825, LiaDtm#111826, LiaStrUser#111827, LaiPAIDINS#111828, LaiContADJ#111829, LaiGENADJ#111830, LaiCOPay#111831, LaiDEDUC#111832, LaiCLIENT#111833, LiaBitNoteOnly#111834, LiaStrDesc#111835, TprbID#111836, LiaPending#111837, Liaamt#111838, Liastrtext#111839, LiaADJREASON#111840, LaiCOINS#111841, LiaAction1#111842, LiaAction2#111843, ... 20 more fields] : : : +- Project [SiteCode#111820, LiaID#111821, RowChkSum#111822, LastModAt#111823, RowState#111824, LiaTPCLIID#111825, LiaDtm#111826, LiaStrUser#111827, LaiPAIDINS#111828, LaiContADJ#111829, LaiGENADJ#111830, LaiCOPay#111831, LaiDEDUC#111832, LaiCLIENT#111833, LiaBitNoteOnly#111834, LiaStrDesc#111835, TprbID#111836, LiaPending#111837, Liaamt#111838, Liastrtext#111839, LiaADJREASON#111840, LaiCOINS#111841, LiaAction1#111842, LiaAction2#111843, ... 19 more fields] : : : +- Project [SiteCode#111820, LiaID#111821, RowChkSum#111822, LastModAt#111823, RowState#111824, LiaTPCLIID#111825, LiaDtm#111826, LiaStrUser#111827, LaiPAIDINS#111828, LaiContADJ#111829, LaiGENADJ#111830, LaiCOPay#111831, LaiDEDUC#111832, LaiCLIENT#111833, LiaBitNoteOnly#111834, LiaStrDesc#111835, TprbID#111836, LiaPending#111837, Liaamt#111838, Liastrtext#111839, LiaADJREASON#111840, LaiCOINS#111841, LiaAction1#111842, LiaAction2#111843, ... 18 more fields] : : : +- Project [SiteCode#111820, LiaID#111821, RowChkSum#111822, LastModAt#111823, RowState#111824, LiaTPCLIID#111825, LiaDtm#111826, LiaStrUser#111827, LaiPAIDINS#111828, LaiContADJ#111829, LaiGENADJ#111830, LaiCOPay#111831, LaiDEDUC#111832, LaiCLIENT#111833, LiaBitNoteOnly#111834, LiaStrDesc#111835, TprbID#111836, LiaPending#111837, Liaamt#111838, Liastrtext#111839, LiaADJREASON#111840, LaiCOINS#111841, LiaAction1#111842, LiaAction2#111843, ... 17 more fields] : : : +- Project [SiteCode#111820, LiaID#111821, RowChkSum#111822, LastModAt#111823, RowState#111824, LiaTPCLIID#111825, LiaDtm#111826, LiaStrUser#111827, LaiPAIDINS#111828, LaiContADJ#111829, LaiGENADJ#111830, LaiCOPay#111831, LaiDEDUC#111832, LaiCLIENT#111833, LiaBitNoteOnly#111834, LiaStrDesc#111835, TprbID#111836, LiaPending#111837, Liaamt#111838, Liastrtext#111839, LiaADJREASON#111840, LaiCOINS#111841, LiaAction1#111842, LiaAction2#111843, ... 16 more fields] : : : +- Project [SiteCode#111820, LiaID#111821, RowChkSum#111822, LastModAt#111823, RowState#111824, LiaTPCLIID#111825, LiaDtm#111826, LiaStrUser#111827, LaiPAIDINS#111828, LaiContADJ#111829, LaiGENADJ#111830, LaiCOPay#111831, LaiDEDUC#111832, LaiCLIENT#111833, LiaBitNoteOnly#111834, LiaStrDesc#111835, TprbID#111836, LiaPending#111837, Liaamt#111838, Liastrtext#111839, LiaADJREASON#111840, LaiCOINS#111841, LiaAction1#111842, LiaAction2#111843, ... 15 more fields] : : : +- Project [SiteCode#111820, LiaID#111821, RowChkSum#111822, LastModAt#111823, RowState#111824, LiaTPCLIID#111825, LiaDtm#111826, LiaStrUser#111827, LaiPAIDINS#111828, LaiContADJ#111829, LaiGENADJ#111830, LaiCOPay#111831, LaiDEDUC#111832, LaiCLIENT#111833, LiaBitNoteOnly#111834, LiaStrDesc#111835, TprbID#111836, LiaPending#111837, Liaamt#111838, Liastrtext#111839, LiaADJREASON#111840, LaiCOINS#111841, LiaAction1#111842, LiaAction2#111843, ... 14 more fields] : : : +- Project [SiteCode#111820, LiaID#111821, RowChkSum#111822, LastModAt#111823, RowState#111824, LiaTPCLIID#111825, LiaDtm#111826, LiaStrUser#111827, LaiPAIDINS#111828, LaiContADJ#111829, LaiGENADJ#111830, LaiCOPay#111831, LaiDEDUC#111832, LaiCLIENT#111833, LiaBitNoteOnly#111834, LiaStrDesc#111835, TprbID#111836, LiaPending#111837, Liaamt#111838, Liastrtext#111839, LiaADJREASON#111840, LaiCOINS#111841, LiaAction1#111842, LiaAction2#111843, ... 13 more fields] : : : +- Join LeftOuter, ((_SiteCode#112788 = _b_SiteCode#112778) AND (_tprbID#112857 = _b_tprbID#112779)) : : : :- Project [SiteCode#111820, LiaID#111821, RowChkSum#111822, LastModAt#111823, RowState#111824, LiaTPCLIID#111825, LiaDtm#111826, LiaStrUser#111827, LaiPAIDINS#111828, LaiContADJ#111829, LaiGENADJ#111830, LaiCOPay#111831, LaiDEDUC#111832, LaiCLIENT#111833, LiaBitNoteOnly#111834, LiaStrDesc#111835, TprbID#111836, LiaPending#111837, Liaamt#111838, Liastrtext#111839, LiaADJREASON#111840, LaiCOINS#111841, LiaAction1#111842, LiaAction2#111843, ... 11 more fields] : : : : +- Project [SiteCode#111820, LiaID#111821, RowChkSum#111822, LastModAt#111823, RowState#111824, LiaTPCLIID#111825, LiaDtm#111826, LiaStrUser#111827, LaiPAIDINS#111828, LaiContADJ#111829, LaiGENADJ#111830, LaiCOPay#111831, LaiDEDUC#111832, LaiCLIENT#111833, LiaBitNoteOnly#111834, LiaStrDesc#111835, TprbID#111836, LiaPending#111837, Liaamt#111838, Liastrtext#111839, LiaADJREASON#111840, LaiCOINS#111841, LiaAction1#111842, LiaAction2#111843, ... 10 more fields] : : : : +- Project [SiteCode#111820, LiaID#111821, RowChkSum#111822, LastModAt#111823, RowState#111824, LiaTPCLIID#111825, LiaDtm#111826, LiaStrUser#111827, LaiPAIDINS#111828, LaiContADJ#111829, LaiGENADJ#111830, LaiCOPay#111831, LaiDEDUC#111832, LaiCLIENT#111833, LiaBitNoteOnly#111834, LiaStrDesc#111835, TprbID#111836, LiaPending#111837, Liaamt#111838, Liastrtext#111839, LiaADJREASON#111840, LaiCOINS#111841, LiaAction1#111842, LiaAction2#111843, ... 9 more fields] : : : : +- Filter (RowState#111824 = true) : : : : +- SubqueryAlias spark_catalog.chimcobldhq2agi88smk8gak84ml0j21ah34ukid5l1kuki55l24alh5c9k6enrjd5m7cpbi4lo62t3j.tbl_claimlineitemactivity : : : : +- Relation spark_catalog.chimcobldhq2agi88smk8gak84ml0j21ah34ukid5l1kuki55l24alh5c9k6enrjd5m7cpbi4lo62t3j.tbl_claimlineitemactivity[SiteCode#111820,LiaID#111821,RowChkSum#111822,LastModAt#111823,RowState#111824,LiaTPCLIID#111825,LiaDtm#111826,LiaStrUser#111827,LaiPAIDINS#111828,LaiContADJ#111829,LaiGENADJ#111830,LaiCOPay#111831,LaiDEDUC#111832,LaiCLIENT#111833,LiaBitNoteOnly#111834,LiaStrDesc#111835,TprbID#111836,LiaPending#111837,Liaamt#111838,Liastrtext#111839,LiaADJREASON#111840,LaiCOINS#111841,LiaAction1#111842,LiaAction2#111843,... 8 more fields] parquet : : : +- Project [SiteCode#111965 AS _b_SiteCode#112778, tprbID#111954 AS _b_tprbID#112779, tprbCheck#111963 AS tprbCheck#112780, tpbType#111961 AS tpbType#112781] : : : +- SubqueryAlias spark_catalog.chimcobldhq2agi88smk8gak84ml0j21ah34ukid5l1kuki55l24alh5c9k6enrjd5m7cpbi4lgniu0.tbl_batchpayments : : : +- Relation spark_catalog.chimcobldhq2agi88smk8gak84ml0j21ah34ukid5l1kuki55l24alh5c9k6enrjd5m7cpbi4lgniu0.tbl_batchpayments[tprbID#111954,tprbDtmPaid#111955,tprbAmtPmt#111956,tprbDtmPost#111957,tprbDtmStarted#111958,tprbStrStarted#111959,batchstatus#111960,tpbType#111961,tprbPayer#111962,tprbCheck#111963,Location#111964,SiteCode#111965,ClinicName#111966,RegionCode#111967,VPRegionCode#111968,EHRVersion#111969] parquet : : :- Project [_SiteCode#112788 AS _SiteCode#114245, _liaTPCLIID#112822 AS _liaTPCLIID#114246, _Date#113008 AS _Date#114247, _liaStrUser#113047 AS _liaStrUser#114248, _Description#113087 AS _Description#114249, tprbCheck#112780 AS tprbCheck#114250, tpbType#112781 AS tpbType#114251, _tprbID#112857 AS _tprbID#114252, Amount#113592 AS Amount#114253, TransactionType#113581 AS TransactionType#114254] : : : +- Project [_SiteCode#112788, _liaTPCLIID#112822, _Date#113008, _liaStrUser#113047, _Description#113087, tprbCheck#112780, tpbType#112781, _tprbID#112857, Amount#113592, TransactionType#113581] : : : +- Project [_SiteCode#112788, _liaTPCLIID#112822, _Date#113008, _liaStrUser#113047, _Description#113087, tprbCheck#112780, tpbType#112781, _tprbID#112857, (Amount#113571 * cast(-1 as double)) AS Amount#113592, TransactionType#113581] : : : +- Project [_SiteCode#112788, _liaTPCLIID#112822, _Date#113008, _liaStrUser#113047, _Description#113087, tprbCheck#112780, tpbType#112781, _tprbID#112857, Amount#113571, 3rdPartyPaymentAdj AS TransactionType#113581] : : : +- Aggregate [_SiteCode#112788, _liaTPCLIID#112822, _Date#113008, _liaStrUser#113047, _Description#113087, tprbCheck#112780, tpbType#112781, _tprbID#112857], [_SiteCode#112788, _liaTPCLIID#112822, _Date#113008, _liaStrUser#113047, _Description#113087, tprbCheck#112780, tpbType#112781, _tprbID#112857, sum(_PaidIns#113213) AS Amount#113571] : : : +- Filter (_PaidIns#113213 < cast(0 as double)) : : : +- Filter (NOT (_AdjGeneral#113128 = void) OR isnull(_AdjGeneral#113128)) : : : +- Project [SiteCode#114195, LiaID#114196, RowChkSum#114197, LastModAt#114198, RowState#114199, LiaTPCLIID#114200, LiaDtm#114201, LiaStrUser#114202, LaiPAIDINS#114203, LaiContADJ#114204, LaiGENADJ#114205, LaiCOPay#114206, LaiDEDUC#114207, LaiCLIENT#114208, LiaBitNoteOnly#114209, LiaStrDesc#114210, TprbID#114211, LiaPending#114212, Liaamt#114213, Liastrtext#114214, LiaADJREASON#114215, LaiCOINS#114216, LiaAction1#114217, LiaAction2#114218, ... 23 more fields] : : : +- Project [SiteCode#114195, LiaID#114196, RowChkSum#114197, LastModAt#114198, RowState#114199, LiaTPCLIID#114200, LiaDtm#114201, LiaStrUser#114202, LaiPAIDINS#114203, LaiContADJ#114204, LaiGENADJ#114205, LaiCOPay#114206, LaiDEDUC#114207, LaiCLIENT#114208, LiaBitNoteOnly#114209, LiaStrDesc#114210, TprbID#114211, LiaPending#114212, Liaamt#114213, Liastrtext#114214, LiaADJREASON#114215, LaiCOINS#114216, LiaAction1#114217, LiaAction2#114218, ... 22 more fields] : : : +- Project [SiteCode#114195, LiaID#114196, RowChkSum#114197, LastModAt#114198, RowState#114199, LiaTPCLIID#114200, LiaDtm#114201, LiaStrUser#114202, LaiPAIDINS#114203, LaiContADJ#114204, LaiGENADJ#114205, LaiCOPay#114206, LaiDEDUC#114207, LaiCLIENT#114208, LiaBitNoteOnly#114209, LiaStrDesc#114210, TprbID#114211, LiaPending#114212, Liaamt#114213, Liastrtext#114214, LiaADJREASON#114215, LaiCOINS#114216, LiaAction1#114217, LiaAction2#114218, ... 21 more fields] : : : +- Project [SiteCode#114195, LiaID#114196, RowChkSum#114197, LastModAt#114198, RowState#114199, LiaTPCLIID#114200, LiaDtm#114201, LiaStrUser#114202, LaiPAIDINS#114203, LaiContADJ#114204, LaiGENADJ#114205, LaiCOPay#114206, LaiDEDUC#114207, LaiCLIENT#114208, LiaBitNoteOnly#114209, LiaStrDesc#114210, TprbID#114211, LiaPending#114212, Liaamt#114213, Liastrtext#114214, LiaADJREASON#114215, LaiCOINS#114216, LiaAction1#114217, LiaAction2#114218, ... 20 more fields] : : : +- Project [SiteCode#114195, LiaID#114196, RowChkSum#114197, LastModAt#114198, RowState#114199, LiaTPCLIID#114200, LiaDtm#114201, LiaStrUser#114202, LaiPAIDINS#114203, LaiContADJ#114204, LaiGENADJ#114205, LaiCOPay#114206, LaiDEDUC#114207, LaiCLIENT#114208, LiaBitNoteOnly#114209, LiaStrDesc#114210, TprbID#114211, LiaPending#114212, Liaamt#114213, Liastrtext#114214, LiaADJREASON#114215, LaiCOINS#114216, LiaAction1#114217, LiaAction2#114218, ... 19 more fields] : : : +- Project [SiteCode#114195, LiaID#114196, RowChkSum#114197, LastModAt#114198, RowState#114199, LiaTPCLIID#114200, LiaDtm#114201, LiaStrUser#114202, LaiPAIDINS#114203, LaiContADJ#114204, LaiGENADJ#114205, LaiCOPay#114206, LaiDEDUC#114207, LaiCLIENT#114208, LiaBitNoteOnly#114209, LiaStrDesc#114210, TprbID#114211, LiaPending#114212, Liaamt#114213, Liastrtext#114214, LiaADJREASON#114215, LaiCOINS#114216, LiaAction1#114217, LiaAction2#114218, ... 18 more fields] : : : +- Project [SiteCode#114195, LiaID#114196, RowChkSum#114197, LastModAt#114198, RowState#114199, LiaTPCLIID#114200, LiaDtm#114201, LiaStrUser#114202, LaiPAIDINS#114203, LaiContADJ#114204, LaiGENADJ#114205, LaiCOPay#114206, LaiDEDUC#114207, LaiCLIENT#114208, LiaBitNoteOnly#114209, LiaStrDesc#114210, TprbID#114211, LiaPending#114212, Liaamt#114213, Liastrtext#114214, LiaADJREASON#114215, LaiCOINS#114216, LiaAction1#114217, LiaAction2#114218, ... 17 more fields] : : : +- Project [SiteCode#114195, LiaID#114196, RowChkSum#114197, LastModAt#114198, RowState#114199, LiaTPCLIID#114200, LiaDtm#114201, LiaStrUser#114202, LaiPAIDINS#114203, LaiContADJ#114204, LaiGENADJ#114205, LaiCOPay#114206, LaiDEDUC#114207, LaiCLIENT#114208, LiaBitNoteOnly#114209, LiaStrDesc#114210, TprbID#114211, LiaPending#114212, Liaamt#114213, Liastrtext#114214, LiaADJREASON#114215, LaiCOINS#114216, LiaAction1#114217, LiaAction2#114218, ... 16 more fields] : : : +- Project [SiteCode#114195, LiaID#114196, RowChkSum#114197, LastModAt#114198, RowState#114199, LiaTPCLIID#114200, LiaDtm#114201, LiaStrUser#114202, LaiPAIDINS#114203, LaiContADJ#114204, LaiGENADJ#114205, LaiCOPay#114206, LaiDEDUC#114207, LaiCLIENT#114208, LiaBitNoteOnly#114209, LiaStrDesc#114210, TprbID#114211, LiaPending#114212, Liaamt#114213, Liastrtext#114214, LiaADJREASON#114215, LaiCOINS#114216, LiaAction1#114217, LiaAction2#114218, ... 15 more fields] : : : +- Project [SiteCode#114195, LiaID#114196, RowChkSum#114197, LastModAt#114198, RowState#114199, LiaTPCLIID#114200, LiaDtm#114201, LiaStrUser#114202, LaiPAIDINS#114203, LaiContADJ#114204, LaiGENADJ#114205, LaiCOPay#114206, LaiDEDUC#114207, LaiCLIENT#114208, LiaBitNoteOnly#114209, LiaStrDesc#114210, TprbID#114211, LiaPending#114212, Liaamt#114213, Liastrtext#114214, LiaADJREASON#114215, LaiCOINS#114216, LiaAction1#114217, LiaAction2#114218, ... 14 more fields] : : : +- Project [SiteCode#114195, LiaID#114196, RowChkSum#114197, LastModAt#114198, RowState#114199, LiaTPCLIID#114200, LiaDtm#114201, LiaStrUser#114202, LaiPAIDINS#114203, LaiContADJ#114204, LaiGENADJ#114205, LaiCOPay#114206, LaiDEDUC#114207, LaiCLIENT#114208, LiaBitNoteOnly#114209, LiaStrDesc#114210, TprbID#114211, LiaPending#114212, Liaamt#114213, Liastrtext#114214, LiaADJREASON#114215, LaiCOINS#114216, LiaAction1#114217, LiaAction2#114218, ... 13 more fields] : : : +- Join LeftOuter, ((_SiteCode#112788 = _b_SiteCode#112778) AND (_tprbID#112857 = _b_tprbID#112779)) : : : :- Project [SiteCode#114195, LiaID#114196, RowChkSum#114197, LastModAt#114198, RowState#114199, LiaTPCLIID#114200, LiaDtm#114201, LiaStrUser#114202, LaiPAIDINS#114203, LaiContADJ#114204, LaiGENADJ#114205, LaiCOPay#114206, LaiDEDUC#114207, LaiCLIENT#114208, LiaBitNoteOnly#114209, LiaStrDesc#114210, TprbID#114211, LiaPending#114212, Liaamt#114213, Liastrtext#114214, LiaADJREASON#114215, LaiCOINS#114216, LiaAction1#114217, LiaAction2#114218, ... 11 more fields] : : : : +- Project [SiteCode#114195, LiaID#114196, RowChkSum#114197, LastModAt#114198, RowState#114199, LiaTPCLIID#114200, LiaDtm#114201, LiaStrUser#114202, LaiPAIDINS#114203, LaiContADJ#114204, LaiGENADJ#114205, LaiCOPay#114206, LaiDEDUC#114207, LaiCLIENT#114208, LiaBitNoteOnly#114209, LiaStrDesc#114210, TprbID#114211, LiaPending#114212, Liaamt#114213, Liastrtext#114214, LiaADJREASON#114215, LaiCOINS#114216, LiaAction1#114217, LiaAction2#114218, ... 10 more fields] : : : : +- Project [SiteCode#114195, LiaID#114196, RowChkSum#114197, LastModAt#114198, RowState#114199, LiaTPCLIID#114200, LiaDtm#114201, LiaStrUser#114202, LaiPAIDINS#114203, LaiContADJ#114204, LaiGENADJ#114205, LaiCOPay#114206, LaiDEDUC#114207, LaiCLIENT#114208, LiaBitNoteOnly#114209, LiaStrDesc#114210, TprbID#114211, LiaPending#114212, Liaamt#114213, Liastrtext#114214, LiaADJREASON#114215, LaiCOINS#114216, LiaAction1#114217, LiaAction2#114218, ... 9 more fields] : : : : +- Filter (RowState#114199 = true) : : : : +- SubqueryAlias spark_catalog.chimcobldhq2agi88smk8gak84ml0j21ah34ukid5l1kuki55l24alh5c9k6enrjd5m7cpbi4lo62t3j.tbl_claimlineitemactivity : : : : +- Relation spark_catalog.chimcobldhq2agi88smk8gak84ml0j21ah34ukid5l1kuki55l24alh5c9k6enrjd5m7cpbi4lo62t3j.tbl_claimlineitemactivity[SiteCode#114195,LiaID#114196,RowChkSum#114197,LastModAt#114198,RowState#114199,LiaTPCLIID#114200,LiaDtm#114201,LiaStrUser#114202,LaiPAIDINS#114203,LaiContADJ#114204,LaiGENADJ#114205,LaiCOPay#114206,LaiDEDUC#114207,LaiCLIENT#114208,LiaBitNoteOnly#114209,LiaStrDesc#114210,TprbID#114211,LiaPending#114212,Liaamt#114213,Liastrtext#114214,LiaADJREASON#114215,LaiCOINS#114216,LiaAction1#114217,LiaAction2#114218,... 8 more fields] parquet : : : +- Project [SiteCode#114238 AS _b_SiteCode#112778, tprbID#114227 AS _b_tprbID#112779, tprbCheck#114236 AS tprbCheck#112780, tpbType#114234 AS tpbType#112781] : : : +- SubqueryAlias spark_catalog.chimcobldhq2agi88smk8gak84ml0j21ah34ukid5l1kuki55l24alh5c9k6enrjd5m7cpbi4lgniu0.tbl_batchpayments : : : +- Relation spark_catalog.chimcobldhq2agi88smk8gak84ml0j21ah34ukid5l1kuki55l24alh5c9k6enrjd5m7cpbi4lgniu0.tbl_batchpayments[tprbID#114227,tprbDtmPaid#114228,tprbAmtPmt#114229,tprbDtmPost#114230,tprbDtmStarted#114231,tprbStrStarted#114232,batchstatus#114233,tpbType#114234,tprbPayer#114235,tprbCheck#114236,Location#114237,SiteCode#114238,ClinicName#114239,RegionCode#114240,VPRegionCode#114241,EHRVersion#114242] parquet : : +- Project [_SiteCode#112788 AS _SiteCode#114315, _liaTPCLIID#112822 AS _liaTPCLIID#114316, _Date#113008 AS _Date#114317, _liaStrUser#113047 AS _liaStrUser#114318, _Description#113087 AS _Description#114319, tprbCheck#112780 AS tprbCheck#114320, tpbType#112781 AS tpbType#114321, _tprbID#112857 AS _tprbID#114322, Amount#113672 AS Amount#114323, TransactionType#113661 AS TransactionType#114324] : : +- Project [_SiteCode#112788, _liaTPCLIID#112822, _Date#113008, _liaStrUser#113047, _Description#113087, tprbCheck#112780, tpbType#112781, _tprbID#112857, Amount#113672, TransactionType#113661] : : +- Project [_SiteCode#112788, _liaTPCLIID#112822, _Date#113008, _liaStrUser#113047, _Description#113087, tprbCheck#112780, tpbType#112781, _tprbID#112857, (Amount#113651 * cast(-1 as double)) AS Amount#113672, TransactionType#113661] : : +- Project [_SiteCode#112788, _liaTPCLIID#112822, _Date#113008, _liaStrUser#113047, _Description#113087, tprbCheck#112780, tpbType#112781, _tprbID#112857, Amount#113651, 3rdPartyARTransfer AS TransactionType#113661] : : +- Aggregate [_SiteCode#112788, _liaTPCLIID#112822, _Date#113008, _liaStrUser#113047, _Description#113087, tprbCheck#112780, tpbType#112781, _tprbID#112857], [_SiteCode#112788, _liaTPCLIID#112822, _Date#113008, _liaStrUser#113047, _Description#113087, tprbCheck#112780, tpbType#112781, _tprbID#112857, sum(_Transfer#113348) AS Amount#113651] : : +- Filter (NOT (_AdjGeneral#113128 = void) OR isnull(_AdjGeneral#113128)) : : +- Project [SiteCode#114265, LiaID#114266, RowChkSum#114267, LastModAt#114268, RowState#114269, LiaTPCLIID#114270, LiaDtm#114271, LiaStrUser#114272, LaiPAIDINS#114273, LaiContADJ#114274, LaiGENADJ#114275, LaiCOPay#114276, LaiDEDUC#114277, LaiCLIENT#114278, LiaBitNoteOnly#114279, LiaStrDesc#114280, TprbID#114281, LiaPending#114282, Liaamt#114283, Liastrtext#114284, LiaADJREASON#114285, LaiCOINS#114286, LiaAction1#114287, LiaAction2#114288, ... 23 more fields] : : +- Project [SiteCode#114265, LiaID#114266, RowChkSum#114267, LastModAt#114268, RowState#114269, LiaTPCLIID#114270, LiaDtm#114271, LiaStrUser#114272, LaiPAIDINS#114273, LaiContADJ#114274, LaiGENADJ#114275, LaiCOPay#114276, LaiDEDUC#114277, LaiCLIENT#114278, LiaBitNoteOnly#114279, LiaStrDesc#114280, TprbID#114281, LiaPending#114282, Liaamt#114283, Liastrtext#114284, LiaADJREASON#114285, LaiCOINS#114286, LiaAction1#114287, LiaAction2#114288, ... 22 more fields] : : +- Project [SiteCode#114265, LiaID#114266, RowChkSum#114267, LastModAt#114268, RowState#114269, LiaTPCLIID#114270, LiaDtm#114271, LiaStrUser#114272, LaiPAIDINS#114273, LaiContADJ#114274, LaiGENADJ#114275, LaiCOPay#114276, LaiDEDUC#114277, LaiCLIENT#114278, LiaBitNoteOnly#114279, LiaStrDesc#114280, TprbID#114281, LiaPending#114282, Liaamt#114283, Liastrtext#114284, LiaADJREASON#114285, LaiCOINS#114286, LiaAction1#114287, LiaAction2#114288, ... 21 more fields] : : +- Project [SiteCode#114265, LiaID#114266, RowChkSum#114267, LastModAt#114268, RowState#114269, LiaTPCLIID#114270, LiaDtm#114271, LiaStrUser#114272, LaiPAIDINS#114273, LaiContADJ#114274, LaiGENADJ#114275, LaiCOPay#114276, LaiDEDUC#114277, LaiCLIENT#114278, LiaBitNoteOnly#114279, LiaStrDesc#114280, TprbID#114281, LiaPending#114282, Liaamt#114283, Liastrtext#114284, LiaADJREASON#114285, LaiCOINS#114286, LiaAction1#114287, LiaAction2#114288, ... 20 more fields] : : +- Project [SiteCode#114265, LiaID#114266, RowChkSum#114267, LastModAt#114268, RowState#114269, LiaTPCLIID#114270, LiaDtm#114271, LiaStrUser#114272, LaiPAIDINS#114273, LaiContADJ#114274, LaiGENADJ#114275, LaiCOPay#114276, LaiDEDUC#114277, LaiCLIENT#114278, LiaBitNoteOnly#114279, LiaStrDesc#114280, TprbID#114281, LiaPending#114282, Liaamt#114283, Liastrtext#114284, LiaADJREASON#114285, LaiCOINS#114286, LiaAction1#114287, LiaAction2#114288, ... 19 more fields] : : +- Project [SiteCode#114265, LiaID#114266, RowChkSum#114267, LastModAt#114268, RowState#114269, LiaTPCLIID#114270, LiaDtm#114271, LiaStrUser#114272, LaiPAIDINS#114273, LaiContADJ#114274, LaiGENADJ#114275, LaiCOPay#114276, LaiDEDUC#114277, LaiCLIENT#114278, LiaBitNoteOnly#114279, LiaStrDesc#114280, TprbID#114281, LiaPending#114282, Liaamt#114283, Liastrtext#114284, LiaADJREASON#114285, LaiCOINS#114286, LiaAction1#114287, LiaAction2#114288, ... 18 more fields] : : +- Project [SiteCode#114265, LiaID#114266, RowChkSum#114267, LastModAt#114268, RowState#114269, LiaTPCLIID#114270, LiaDtm#114271, LiaStrUser#114272, LaiPAIDINS#114273, LaiContADJ#114274, LaiGENADJ#114275, LaiCOPay#114276, LaiDEDUC#114277, LaiCLIENT#114278, LiaBitNoteOnly#114279, LiaStrDesc#114280, TprbID#114281, LiaPending#114282, Liaamt#114283, Liastrtext#114284, LiaADJREASON#114285, LaiCOINS#114286, LiaAction1#114287, LiaAction2#114288, ... 17 more fields] : : +- Project [SiteCode#114265, LiaID#114266, RowChkSum#114267, LastModAt#114268, RowState#114269, LiaTPCLIID#114270, LiaDtm#114271, LiaStrUser#114272, LaiPAIDINS#114273, LaiContADJ#114274, LaiGENADJ#114275, LaiCOPay#114276, LaiDEDUC#114277, LaiCLIENT#114278, LiaBitNoteOnly#114279, LiaStrDesc#114280, TprbID#114281, LiaPending#114282, Liaamt#114283, Liastrtext#114284, LiaADJREASON#114285, LaiCOINS#114286, LiaAction1#114287, LiaAction2#114288, ... 16 more fields] : : +- Project [SiteCode#114265, LiaID#114266, RowChkSum#114267, LastModAt#114268, RowState#114269, LiaTPCLIID#114270, LiaDtm#114271, LiaStrUser#114272, LaiPAIDINS#114273, LaiContADJ#114274, LaiGENADJ#114275, LaiCOPay#114276, LaiDEDUC#114277, LaiCLIENT#114278, LiaBitNoteOnly#114279, LiaStrDesc#114280, TprbID#114281, LiaPending#114282, Liaamt#114283, Liastrtext#114284, LiaADJREASON#114285, LaiCOINS#114286, LiaAction1#114287, LiaAction2#114288, ... 15 more fields] : : +- Project [SiteCode#114265, LiaID#114266, RowChkSum#114267, LastModAt#114268, RowState#114269, LiaTPCLIID#114270, LiaDtm#114271, LiaStrUser#114272, LaiPAIDINS#114273, LaiContADJ#114274, LaiGENADJ#114275, LaiCOPay#114276, LaiDEDUC#114277, LaiCLIENT#114278, LiaBitNoteOnly#114279, LiaStrDesc#114280, TprbID#114281, LiaPending#114282, Liaamt#114283, Liastrtext#114284, LiaADJREASON#114285, LaiCOINS#114286, LiaAction1#114287, LiaAction2#114288, ... 14 more fields] : : +- Project [SiteCode#114265, LiaID#114266, RowChkSum#114267, LastModAt#114268, RowState#114269, LiaTPCLIID#114270, LiaDtm#114271, LiaStrUser#114272, LaiPAIDINS#114273, LaiContADJ#114274, LaiGENADJ#114275, LaiCOPay#114276, LaiDEDUC#114277, LaiCLIENT#114278, LiaBitNoteOnly#114279, LiaStrDesc#114280, TprbID#114281, LiaPending#114282, Liaamt#114283, Liastrtext#114284, LiaADJREASON#114285, LaiCOINS#114286, LiaAction1#114287, LiaAction2#114288, ... 13 more fields] : : +- Join LeftOuter, ((_SiteCode#112788 = _b_SiteCode#112778) AND (_tprbID#112857 = _b_tprbID#112779)) : : :- Project [SiteCode#114265, LiaID#114266, RowChkSum#114267, LastModAt#114268, RowState#114269, LiaTPCLIID#114270, LiaDtm#114271, LiaStrUser#114272, LaiPAIDINS#114273, LaiContADJ#114274, LaiGENADJ#114275, LaiCOPay#114276, LaiDEDUC#114277, LaiCLIENT#114278, LiaBitNoteOnly#114279, LiaStrDesc#114280, TprbID#114281, LiaPending#114282, Liaamt#114283, Liastrtext#114284, LiaADJREASON#114285, LaiCOINS#114286, LiaAction1#114287, LiaAction2#114288, ... 11 more fields] : : : +- Project [SiteCode#114265, LiaID#114266, RowChkSum#114267, LastModAt#114268, RowState#114269, LiaTPCLIID#114270, LiaDtm#114271, LiaStrUser#114272, LaiPAIDINS#114273, LaiContADJ#114274, LaiGENADJ#114275, LaiCOPay#114276, LaiDEDUC#114277, LaiCLIENT#114278, LiaBitNoteOnly#114279, LiaStrDesc#114280, TprbID#114281, LiaPending#114282, Liaamt#114283, Liastrtext#114284, LiaADJREASON#114285, LaiCOINS#114286, LiaAction1#114287, LiaAction2#114288, ... 10 more fields] : : : +- Project [SiteCode#114265, LiaID#114266, RowChkSum#114267, LastModAt#114268, RowState#114269, LiaTPCLIID#114270, LiaDtm#114271, LiaStrUser#114272, LaiPAIDINS#114273, LaiContADJ#114274, LaiGENADJ#114275, LaiCOPay#114276, LaiDEDUC#114277, LaiCLIENT#114278, LiaBitNoteOnly#114279, LiaStrDesc#114280, TprbID#114281, LiaPending#114282, Liaamt#114283, Liastrtext#114284, LiaADJREASON#114285, LaiCOINS#114286, LiaAction1#114287, LiaAction2#114288, ... 9 more fields] : : : +- Filter (RowState#114269 = true) : : : +- SubqueryAlias spark_catalog.chimcobldhq2agi88smk8gak84ml0j21ah34ukid5l1kuki55l24alh5c9k6enrjd5m7cpbi4lo62t3j.tbl_claimlineitemactivity : : : +- Relation spark_catalog.chimcobldhq2agi88smk8gak84ml0j21ah34ukid5l1kuki55l24alh5c9k6enrjd5m7cpbi4lo62t3j.tbl_claimlineitemactivity[SiteCode#114265,LiaID#114266,RowChkSum#114267,LastModAt#114268,RowState#114269,LiaTPCLIID#114270,LiaDtm#114271,LiaStrUser#114272,LaiPAIDINS#114273,LaiContADJ#114274,LaiGENADJ#114275,LaiCOPay#114276,LaiDEDUC#114277,LaiCLIENT#114278,LiaBitNoteOnly#114279,LiaStrDesc#114280,TprbID#114281,LiaPending#114282,Liaamt#114283,Liastrtext#114284,LiaADJREASON#114285,LaiCOINS#114286,LiaAction1#114287,LiaAction2#114288,... 8 more fields] parquet : : +- Project [SiteCode#114308 AS _b_SiteCode#112778, tprbID#114297 AS _b_tprbID#112779, tprbCheck#114306 AS tprbCheck#112780, tpbType#114304 AS tpbType#112781] : : +- SubqueryAlias spark_catalog.chimcobldhq2agi88smk8gak84ml0j21ah34ukid5l1kuki55l24alh5c9k6enrjd5m7cpbi4lgniu0.tbl_batchpayments : : +- Relation spark_catalog.chimcobldhq2agi88smk8gak84ml0j21ah34ukid5l1kuki55l24alh5c9k6enrjd5m7cpbi4lgniu0.tbl_batchpayments[tprbID#114297,tprbDtmPaid#114298,tprbAmtPmt#114299,tprbDtmPost#114300,tprbDtmStarted#114301,tprbStrStarted#114302,batchstatus#114303,tpbType#114304,tprbPayer#114305,tprbCheck#114306,Location#114307,SiteCode#114308,ClinicName#114309,RegionCode#114310,VPRegionCode#114311,EHRVersion#114312] parquet : :- Project [_SiteCode#112788 AS _SiteCode#114387, _liaTPCLIID#112822 AS _liaTPCLIID#114388, _Date#113008 AS _Date#114389, _liaStrUser#113047 AS _liaStrUser#114390, _Description#113087 AS _Description#114391, tprbCheck#112780 AS tprbCheck#114392, tpbType#112781 AS tpbType#114393, _tprbID#112857 AS _tprbID#114394, Amount#113778 AS Amount#114395, TransactionType#113753 AS TransactionType#114396, Adj Reason#113742 AS Adj Reason#114397, TBTransactionType#113765 AS TBTransactionType#114398] : : +- Project [_SiteCode#112788, _liaTPCLIID#112822, _Date#113008, _liaStrUser#113047, _Description#113087, tprbCheck#112780, tpbType#112781, _tprbID#112857, Amount#113778, TransactionType#113753, Adj Reason#113742, TBTransactionType#113765] : : +- Project [_SiteCode#112788, _liaTPCLIID#112822, _Date#113008, _liaStrUser#113047, _Description#113087, tprbCheck#112780, tpbType#112781, _tprbID#112857, Adj Reason#113742, (Amount#113731 * cast(-1 as double)) AS Amount#113778, TransactionType#113753, TBTransactionType#113765] : : +- Project [_SiteCode#112788, _liaTPCLIID#112822, _Date#113008, _liaStrUser#113047, _Description#113087, tprbCheck#112780, tpbType#112781, _tprbID#112857, Adj Reason#113742, Amount#113731, TransactionType#113753, CASE WHEN _Description#113087 IN (45,253,275,CO-45) THEN BillAdjust ELSE BillLineAdjust+ END AS TBTransactionType#113765] : : +- Project [_SiteCode#112788, _liaTPCLIID#112822, _Date#113008, _liaStrUser#113047, _Description#113087, tprbCheck#112780, tpbType#112781, _tprbID#112857, Adj Reason#113742, Amount#113731, CASE WHEN _Description#113087 IN (45,253,275,CO-45) THEN BillAdjust ELSE BillLineAdjust+ END AS TransactionType#113753] : : +- Project [_SiteCode#112788, _liaTPCLIID#112822, _Date#113008, _liaStrUser#113047, _Description#113087, tprbCheck#112780, tpbType#112781, _tprbID#112857, _AdjContract#113170 AS Adj Reason#113742, Amount#113731] : : +- Aggregate [_SiteCode#112788, _liaTPCLIID#112822, _Date#113008, _liaStrUser#113047, _Description#113087, tprbCheck#112780, tpbType#112781, _tprbID#112857, _AdjContract#113170], [_SiteCode#112788, _liaTPCLIID#112822, _Date#113008, _liaStrUser#113047, _Description#113087, tprbCheck#112780, tpbType#112781, _tprbID#112857, _AdjContract#113170, sum(_ContAdj#113257) AS Amount#113731] : : +- Filter (_ContAdj#113257 > cast(0 as double)) : : +- Filter NOT (_AdjGeneral#113128 = void) : : +- Project [SiteCode#114335, LiaID#114336, RowChkSum#114337, LastModAt#114338, RowState#114339, LiaTPCLIID#114340, LiaDtm#114341, LiaStrUser#114342, LaiPAIDINS#114343, LaiContADJ#114344, LaiGENADJ#114345, LaiCOPay#114346, LaiDEDUC#114347, LaiCLIENT#114348, LiaBitNoteOnly#114349, LiaStrDesc#114350, TprbID#114351, LiaPending#114352, Liaamt#114353, Liastrtext#114354, LiaADJREASON#114355, LaiCOINS#114356, LiaAction1#114357, LiaAction2#114358, ... 23 more fields] : : +- Project [SiteCode#114335, LiaID#114336, RowChkSum#114337, LastModAt#114338, RowState#114339, LiaTPCLIID#114340, LiaDtm#114341, LiaStrUser#114342, LaiPAIDINS#114343, LaiContADJ#114344, LaiGENADJ#114345, LaiCOPay#114346, LaiDEDUC#114347, LaiCLIENT#114348, LiaBitNoteOnly#114349, LiaStrDesc#114350, TprbID#114351, LiaPending#114352, Liaamt#114353, Liastrtext#114354, LiaADJREASON#114355, LaiCOINS#114356, LiaAction1#114357, LiaAction2#114358, ... 22 more fields] : : +- Project [SiteCode#114335, LiaID#114336, RowChkSum#114337, LastModAt#114338, RowState#114339, LiaTPCLIID#114340, LiaDtm#114341, LiaStrUser#114342, LaiPAIDINS#114343, LaiContADJ#114344, LaiGENADJ#114345, LaiCOPay#114346, LaiDEDUC#114347, LaiCLIENT#114348, LiaBitNoteOnly#114349, LiaStrDesc#114350, TprbID#114351, LiaPending#114352, Liaamt#114353, Liastrtext#114354, LiaADJREASON#114355, LaiCOINS#114356, LiaAction1#114357, LiaAction2#114358, ... 21 more fields] : : +- Project [SiteCode#114335, LiaID#114336, RowChkSum#114337, LastModAt#114338, RowState#114339, LiaTPCLIID#114340, LiaDtm#114341, LiaStrUser#114342, LaiPAIDINS#114343, LaiContADJ#114344, LaiGENADJ#114345, LaiCOPay#114346, LaiDEDUC#114347, LaiCLIENT#114348, LiaBitNoteOnly#114349, LiaStrDesc#114350, TprbID#114351, LiaPending#114352, Liaamt#114353, Liastrtext#114354, LiaADJREASON#114355, LaiCOINS#114356, LiaAction1#114357, LiaAction2#114358, ... 20 more fields] : : +- Project [SiteCode#114335, LiaID#114336, RowChkSum#114337, LastModAt#114338, RowState#114339, LiaTPCLIID#114340, LiaDtm#114341, LiaStrUser#114342, LaiPAIDINS#114343, LaiContADJ#114344, LaiGENADJ#114345, LaiCOPay#114346, LaiDEDUC#114347, LaiCLIENT#114348, LiaBitNoteOnly#114349, LiaStrDesc#114350, TprbID#114351, LiaPending#114352, Liaamt#114353, Liastrtext#114354, LiaADJREASON#114355, LaiCOINS#114356, LiaAction1#114357, LiaAction2#114358, ... 19 more fields] : : +- Project [SiteCode#114335, LiaID#114336, RowChkSum#114337, LastModAt#114338, RowState#114339, LiaTPCLIID#114340, LiaDtm#114341, LiaStrUser#114342, LaiPAIDINS#114343, LaiContADJ#114344, LaiGENADJ#114345, LaiCOPay#114346, LaiDEDUC#114347, LaiCLIENT#114348, LiaBitNoteOnly#114349, LiaStrDesc#114350, TprbID#114351, LiaPending#114352, Liaamt#114353, Liastrtext#114354, LiaADJREASON#114355, LaiCOINS#114356, LiaAction1#114357, LiaAction2#114358, ... 18 more fields] : : +- Project [SiteCode#114335, LiaID#114336, RowChkSum#114337, LastModAt#114338, RowState#114339, LiaTPCLIID#114340, LiaDtm#114341, LiaStrUser#114342, LaiPAIDINS#114343, LaiContADJ#114344, LaiGENADJ#114345, LaiCOPay#114346, LaiDEDUC#114347, LaiCLIENT#114348, LiaBitNoteOnly#114349, LiaStrDesc#114350, TprbID#114351, LiaPending#114352, Liaamt#114353, Liastrtext#114354, LiaADJREASON#114355, LaiCOINS#114356, LiaAction1#114357, LiaAction2#114358, ... 17 more fields] : : +- Project [SiteCode#114335, LiaID#114336, RowChkSum#114337, LastModAt#114338, RowState#114339, LiaTPCLIID#114340, LiaDtm#114341, LiaStrUser#114342, LaiPAIDINS#114343, LaiContADJ#114344, LaiGENADJ#114345, LaiCOPay#114346, LaiDEDUC#114347, LaiCLIENT#114348, LiaBitNoteOnly#114349, LiaStrDesc#114350, TprbID#114351, LiaPending#114352, Liaamt#114353, Liastrtext#114354, LiaADJREASON#114355, LaiCOINS#114356, LiaAction1#114357, LiaAction2#114358, ... 16 more fields] : : +- Project [SiteCode#114335, LiaID#114336, RowChkSum#114337, LastModAt#114338, RowState#114339, LiaTPCLIID#114340, LiaDtm#114341, LiaStrUser#114342, LaiPAIDINS#114343, LaiContADJ#114344, LaiGENADJ#114345, LaiCOPay#114346, LaiDEDUC#114347, LaiCLIENT#114348, LiaBitNoteOnly#114349, LiaStrDesc#114350, TprbID#114351, LiaPending#114352, Liaamt#114353, Liastrtext#114354, LiaADJREASON#114355, LaiCOINS#114356, LiaAction1#114357, LiaAction2#114358, ... 15 more fields] : : +- Project [SiteCode#114335, LiaID#114336, RowChkSum#114337, LastModAt#114338, RowState#114339, LiaTPCLIID#114340, LiaDtm#114341, LiaStrUser#114342, LaiPAIDINS#114343, LaiContADJ#114344, LaiGENADJ#114345, LaiCOPay#114346, LaiDEDUC#114347, LaiCLIENT#114348, LiaBitNoteOnly#114349, LiaStrDesc#114350, TprbID#114351, LiaPending#114352, Liaamt#114353, Liastrtext#114354, LiaADJREASON#114355, LaiCOINS#114356, LiaAction1#114357, LiaAction2#114358, ... 14 more fields] : : +- Project [SiteCode#114335, LiaID#114336, RowChkSum#114337, LastModAt#114338, RowState#114339, LiaTPCLIID#114340, LiaDtm#114341, LiaStrUser#114342, LaiPAIDINS#114343, LaiContADJ#114344, LaiGENADJ#114345, LaiCOPay#114346, LaiDEDUC#114347, LaiCLIENT#114348, LiaBitNoteOnly#114349, LiaStrDesc#114350, TprbID#114351, LiaPending#114352, Liaamt#114353, Liastrtext#114354, LiaADJREASON#114355, LaiCOINS#114356, LiaAction1#114357, LiaAction2#114358, ... 13 more fields] : : +- Join LeftOuter, ((_SiteCode#112788 = _b_SiteCode#112778) AND (_tprbID#112857 = _b_tprbID#112779)) : : :- Project [SiteCode#114335, LiaID#114336, RowChkSum#114337, LastModAt#114338, RowState#114339, LiaTPCLIID#114340, LiaDtm#114341, LiaStrUser#114342, LaiPAIDINS#114343, LaiContADJ#114344, LaiGENADJ#114345, LaiCOPay#114346, LaiDEDUC#114347, LaiCLIENT#114348, LiaBitNoteOnly#114349, LiaStrDesc#114350, TprbID#114351, LiaPending#114352, Liaamt#114353, Liastrtext#114354, LiaADJREASON#114355, LaiCOINS#114356, LiaAction1#114357, LiaAction2#114358, ... 11 more fields] : : : +- Project [SiteCode#114335, LiaID#114336, RowChkSum#114337, LastModAt#114338, RowState#114339, LiaTPCLIID#114340, LiaDtm#114341, LiaStrUser#114342, LaiPAIDINS#114343, LaiContADJ#114344, LaiGENADJ#114345, LaiCOPay#114346, LaiDEDUC#114347, LaiCLIENT#114348, LiaBitNoteOnly#114349, LiaStrDesc#114350, TprbID#114351, LiaPending#114352, Liaamt#114353, Liastrtext#114354, LiaADJREASON#114355, LaiCOINS#114356, LiaAction1#114357, LiaAction2#114358, ... 10 more fields] : : : +- Project [SiteCode#114335, LiaID#114336, RowChkSum#114337, LastModAt#114338, RowState#114339, LiaTPCLIID#114340, LiaDtm#114341, LiaStrUser#114342, LaiPAIDINS#114343, LaiContADJ#114344, LaiGENADJ#114345, LaiCOPay#114346, LaiDEDUC#114347, LaiCLIENT#114348, LiaBitNoteOnly#114349, LiaStrDesc#114350, TprbID#114351, LiaPending#114352, Liaamt#114353, Liastrtext#114354, LiaADJREASON#114355, LaiCOINS#114356, LiaAction1#114357, LiaAction2#114358, ... 9 more fields] : : : +- Filter (RowState#114339 = true) : : : +- SubqueryAlias spark_catalog.chimcobldhq2agi88smk8gak84ml0j21ah34ukid5l1kuki55l24alh5c9k6enrjd5m7cpbi4lo62t3j.tbl_claimlineitemactivity : : : +- Relation spark_catalog.chimcobldhq2agi88smk8gak84ml0j21ah34ukid5l1kuki55l24alh5c9k6enrjd5m7cpbi4lo62t3j.tbl_claimlineitemactivity[SiteCode#114335,LiaID#114336,RowChkSum#114337,LastModAt#114338,RowState#114339,LiaTPCLIID#114340,LiaDtm#114341,LiaStrUser#114342,LaiPAIDINS#114343,LaiContADJ#114344,LaiGENADJ#114345,LaiCOPay#114346,LaiDEDUC#114347,LaiCLIENT#114348,LiaBitNoteOnly#114349,LiaStrDesc#114350,TprbID#114351,LiaPending#114352,Liaamt#114353,Liastrtext#114354,LiaADJREASON#114355,LaiCOINS#114356,LiaAction1#114357,LiaAction2#114358,... 8 more fields] parquet : : +- Project [SiteCode#114378 AS _b_SiteCode#112778, tprbID#114367 AS _b_tprbID#112779, tprbCheck#114376 AS tprbCheck#112780, tpbType#114374 AS tpbType#112781] : : +- SubqueryAlias spark_catalog.chimcobldhq2agi88smk8gak84ml0j21ah34ukid5l1kuki55l24alh5c9k6enrjd5m7cpbi4lgniu0.tbl_batchpayments : : +- Relation spark_catalog.chimcobldhq2agi88smk8gak84ml0j21ah34ukid5l1kuki55l24alh5c9k6enrjd5m7cpbi4lgniu0.tbl_batchpayments[tprbID#114367,tprbDtmPaid#114368,tprbAmtPmt#114369,tprbDtmPost#114370,tprbDtmStarted#114371,tprbStrStarted#114372,batchstatus#114373,tpbType#114374,tprbPayer#114375,tprbCheck#114376,Location#114377,SiteCode#114378,ClinicName#114379,RegionCode#114380,VPRegionCode#114381,EHRVersion#114382] parquet : :- Project [_SiteCode#112788 AS _SiteCode#114461, _liaTPCLIID#112822 AS _liaTPCLIID#114462, _Date#113008 AS _Date#114463, _liaStrUser#113047 AS _liaStrUser#114464, _Description#113087 AS _Description#114465, tprbCheck#112780 AS tprbCheck#114466, tpbType#112781 AS tpbType#114467, _tprbID#112857 AS _tprbID#114468, Amount#113886 AS Amount#114469, TransactionType#113861 AS TransactionType#114470, Adj Reason#113850 AS Adj Reason#114471, TBTransactionType#113873 AS TBTransactionType#114472] : : +- Project [_SiteCode#112788, _liaTPCLIID#112822, _Date#113008, _liaStrUser#113047, _Description#113087, tprbCheck#112780, tpbType#112781, _tprbID#112857, Amount#113886, TransactionType#113861, Adj Reason#113850, TBTransactionType#113873] : : +- Project [_SiteCode#112788, _liaTPCLIID#112822, _Date#113008, _liaStrUser#113047, _Description#113087, tprbCheck#112780, tpbType#112781, _tprbID#112857, Adj Reason#113850, (Amount#113839 * cast(-1 as double)) AS Amount#113886, TransactionType#113861, TBTransactionType#113873] : : +- Project [_SiteCode#112788, _liaTPCLIID#112822, _Date#113008, _liaStrUser#113047, _Description#113087, tprbCheck#112780, tpbType#112781, _tprbID#112857, Adj Reason#113850, Amount#113839, TransactionType#113861, CASE WHEN _Description#113087 IN (45,253,275,CO-45) THEN BillAdjust ELSE BillLineAdjust- END AS TBTransactionType#113873] : : +- Project [_SiteCode#112788, _liaTPCLIID#112822, _Date#113008, _liaStrUser#113047, _Description#113087, tprbCheck#112780, tpbType#112781, _tprbID#112857, Adj Reason#113850, Amount#113839, CASE WHEN _Description#113087 IN (45,253,275,CO-45) THEN BillAdjust ELSE BillLineAdjust- END AS TransactionType#113861] : : +- Project [_SiteCode#112788, _liaTPCLIID#112822, _Date#113008, _liaStrUser#113047, _Description#113087, tprbCheck#112780, tpbType#112781, _tprbID#112857, _AdjContract#113170 AS Adj Reason#113850, Amount#113839] : : +- Aggregate [_SiteCode#112788, _liaTPCLIID#112822, _Date#113008, _liaStrUser#113047, _Description#113087, tprbCheck#112780, tpbType#112781, _tprbID#112857, _AdjContract#113170], [_SiteCode#112788, _liaTPCLIID#112822, _Date#113008, _liaStrUser#113047, _Description#113087, tprbCheck#112780, tpbType#112781, _tprbID#112857, _AdjContract#113170, sum(_ContAdj#113257) AS Amount#113839] : : +- Filter (_ContAdj#113257 < cast(0 as double)) : : +- Filter NOT (_AdjGeneral#113128 = void) : : +- Project [SiteCode#114411, LiaID#114412, RowChkSum#114413, LastModAt#114414, RowState#114415, LiaTPCLIID#114416, LiaDtm#114417, LiaStrUser#114418, LaiPAIDINS#114419, LaiContADJ#114420, LaiGENADJ#114421, LaiCOPay#114422, LaiDEDUC#114423, LaiCLIENT#114424, LiaBitNoteOnly#114425, LiaStrDesc#114426, TprbID#114427, LiaPending#114428, Liaamt#114429, Liastrtext#114430, LiaADJREASON#114431, LaiCOINS#114432, LiaAction1#114433, LiaAction2#114434, ... 23 more fields] : : +- Project [SiteCode#114411, LiaID#114412, RowChkSum#114413, LastModAt#114414, RowState#114415, LiaTPCLIID#114416, LiaDtm#114417, LiaStrUser#114418, LaiPAIDINS#114419, LaiContADJ#114420, LaiGENADJ#114421, LaiCOPay#114422, LaiDEDUC#114423, LaiCLIENT#114424, LiaBitNoteOnly#114425, LiaStrDesc#114426, TprbID#114427, LiaPending#114428, Liaamt#114429, Liastrtext#114430, LiaADJREASON#114431, LaiCOINS#114432, LiaAction1#114433, LiaAction2#114434, ... 22 more fields] : : +- Project [SiteCode#114411, LiaID#114412, RowChkSum#114413, LastModAt#114414, RowState#114415, LiaTPCLIID#114416, LiaDtm#114417, LiaStrUser#114418, LaiPAIDINS#114419, LaiContADJ#114420, LaiGENADJ#114421, LaiCOPay#114422, LaiDEDUC#114423, LaiCLIENT#114424, LiaBitNoteOnly#114425, LiaStrDesc#114426, TprbID#114427, LiaPending#114428, Liaamt#114429, Liastrtext#114430, LiaADJREASON#114431, LaiCOINS#114432, LiaAction1#114433, LiaAction2#114434, ... 21 more fields] : : +- Project [SiteCode#114411, LiaID#114412, RowChkSum#114413, LastModAt#114414, RowState#114415, LiaTPCLIID#114416, LiaDtm#114417, LiaStrUser#114418, LaiPAIDINS#114419, LaiContADJ#114420, LaiGENADJ#114421, LaiCOPay#114422, LaiDEDUC#114423, LaiCLIENT#114424, LiaBitNoteOnly#114425, LiaStrDesc#114426, TprbID#114427, LiaPending#114428, Liaamt#114429, Liastrtext#114430, LiaADJREASON#114431, LaiCOINS#114432, LiaAction1#114433, LiaAction2#114434, ... 20 more fields] : : +- Project [SiteCode#114411, LiaID#114412, RowChkSum#114413, LastModAt#114414, RowState#114415, LiaTPCLIID#114416, LiaDtm#114417, LiaStrUser#114418, LaiPAIDINS#114419, LaiContADJ#114420, LaiGENADJ#114421, LaiCOPay#114422, LaiDEDUC#114423, LaiCLIENT#114424, LiaBitNoteOnly#114425, LiaStrDesc#114426, TprbID#114427, LiaPending#114428, Liaamt#114429, Liastrtext#114430, LiaADJREASON#114431, LaiCOINS#114432, LiaAction1#114433, LiaAction2#114434, ... 19 more fields] : : +- Project [SiteCode#114411, LiaID#114412, RowChkSum#114413, LastModAt#114414, RowState#114415, LiaTPCLIID#114416, LiaDtm#114417, LiaStrUser#114418, LaiPAIDINS#114419, LaiContADJ#114420, LaiGENADJ#114421, LaiCOPay#114422, LaiDEDUC#114423, LaiCLIENT#114424, LiaBitNoteOnly#114425, LiaStrDesc#114426, TprbID#114427, LiaPending#114428, Liaamt#114429, Liastrtext#114430, LiaADJREASON#114431, LaiCOINS#114432, LiaAction1#114433, LiaAction2#114434, ... 18 more fields] : : +- Project [SiteCode#114411, LiaID#114412, RowChkSum#114413, LastModAt#114414, RowState#114415, LiaTPCLIID#114416, LiaDtm#114417, LiaStrUser#114418, LaiPAIDINS#114419, LaiContADJ#114420, LaiGENADJ#114421, LaiCOPay#114422, LaiDEDUC#114423, LaiCLIENT#114424, LiaBitNoteOnly#114425, LiaStrDesc#114426, TprbID#114427, LiaPending#114428, Liaamt#114429, Liastrtext#114430, LiaADJREASON#114431, LaiCOINS#114432, LiaAction1#114433, LiaAction2#114434, ... 17 more fields] : : +- Project [SiteCode#114411, LiaID#114412, RowChkSum#114413, LastModAt#114414, RowState#114415, LiaTPCLIID#114416, LiaDtm#114417, LiaStrUser#114418, LaiPAIDINS#114419, LaiContADJ#114420, LaiGENADJ#114421, LaiCOPay#114422, LaiDEDUC#114423, LaiCLIENT#114424, LiaBitNoteOnly#114425, LiaStrDesc#114426, TprbID#114427, LiaPending#114428, Liaamt#114429, Liastrtext#114430, LiaADJREASON#114431, LaiCOINS#114432, LiaAction1#114433, LiaAction2#114434, ... 16 more fields] : : +- Project [SiteCode#114411, LiaID#114412, RowChkSum#114413, LastModAt#114414, RowState#114415, LiaTPCLIID#114416, LiaDtm#114417, LiaStrUser#114418, LaiPAIDINS#114419, LaiContADJ#114420, LaiGENADJ#114421, LaiCOPay#114422, LaiDEDUC#114423, LaiCLIENT#114424, LiaBitNoteOnly#114425, LiaStrDesc#114426, TprbID#114427, LiaPending#114428, Liaamt#114429, Liastrtext#114430, LiaADJREASON#114431, LaiCOINS#114432, LiaAction1#114433, LiaAction2#114434, ... 15 more fields] : : +- Project [SiteCode#114411, LiaID#114412, RowChkSum#114413, LastModAt#114414, RowState#114415, LiaTPCLIID#114416, LiaDtm#114417, LiaStrUser#114418, LaiPAIDINS#114419, LaiContADJ#114420, LaiGENADJ#114421, LaiCOPay#114422, LaiDEDUC#114423, LaiCLIENT#114424, LiaBitNoteOnly#114425, LiaStrDesc#114426, TprbID#114427, LiaPending#114428, Liaamt#114429, Liastrtext#114430, LiaADJREASON#114431, LaiCOINS#114432, LiaAction1#114433, LiaAction2#114434, ... 14 more fields] : : +- Project [SiteCode#114411, LiaID#114412, RowChkSum#114413, LastModAt#114414, RowState#114415, LiaTPCLIID#114416, LiaDtm#114417, LiaStrUser#114418, LaiPAIDINS#114419, LaiContADJ#114420, LaiGENADJ#114421, LaiCOPay#114422, LaiDEDUC#114423, LaiCLIENT#114424, LiaBitNoteOnly#114425, LiaStrDesc#114426, TprbID#114427, LiaPending#114428, Liaamt#114429, Liastrtext#114430, LiaADJREASON#114431, LaiCOINS#114432, LiaAction1#114433, LiaAction2#114434, ... 13 more fields] : : +- Join LeftOuter, ((_SiteCode#112788 = _b_SiteCode#112778) AND (_tprbID#112857 = _b_tprbID#112779)) : : :- Project [SiteCode#114411, LiaID#114412, RowChkSum#114413, LastModAt#114414, RowState#114415, LiaTPCLIID#114416, LiaDtm#114417, LiaStrUser#114418, LaiPAIDINS#114419, LaiContADJ#114420, LaiGENADJ#114421, LaiCOPay#114422, LaiDEDUC#114423, LaiCLIENT#114424, LiaBitNoteOnly#114425, LiaStrDesc#114426, TprbID#114427, LiaPending#114428, Liaamt#114429, Liastrtext#114430, LiaADJREASON#114431, LaiCOINS#114432, LiaAction1#114433, LiaAction2#114434, ... 11 more fields] : : : +- Project [SiteCode#114411, LiaID#114412, RowChkSum#114413, LastModAt#114414, RowState#114415, LiaTPCLIID#114416, LiaDtm#114417, LiaStrUser#114418, LaiPAIDINS#114419, LaiContADJ#114420, LaiGENADJ#114421, LaiCOPay#114422, LaiDEDUC#114423, LaiCLIENT#114424, LiaBitNoteOnly#114425, LiaStrDesc#114426, TprbID#114427, LiaPending#114428, Liaamt#114429, Liastrtext#114430, LiaADJREASON#114431, LaiCOINS#114432, LiaAction1#114433, LiaAction2#114434, ... 10 more fields] : : : +- Project [SiteCode#114411, LiaID#114412, RowChkSum#114413, LastModAt#114414, RowState#114415, LiaTPCLIID#114416, LiaDtm#114417, LiaStrUser#114418, LaiPAIDINS#114419, LaiContADJ#114420, LaiGENADJ#114421, LaiCOPay#114422, LaiDEDUC#114423, LaiCLIENT#114424, LiaBitNoteOnly#114425, LiaStrDesc#114426, TprbID#114427, LiaPending#114428, Liaamt#114429, Liastrtext#114430, LiaADJREASON#114431, LaiCOINS#114432, LiaAction1#114433, LiaAction2#114434, ... 9 more fields] : : : +- Filter (RowState#114415 = true) : : : +- SubqueryAlias spark_catalog.chimcobldhq2agi88smk8gak84ml0j21ah34ukid5l1kuki55l24alh5c9k6enrjd5m7cpbi4lo62t3j.tbl_claimlineitemactivity : : : +- Relation spark_catalog.chimcobldhq2agi88smk8gak84ml0j21ah34ukid5l1kuki55l24alh5c9k6enrjd5m7cpbi4lo62t3j.tbl_claimlineitemactivity[SiteCode#114411,LiaID#114412,RowChkSum#114413,LastModAt#114414,RowState#114415,LiaTPCLIID#114416,LiaDtm#114417,LiaStrUser#114418,LaiPAIDINS#114419,LaiContADJ#114420,LaiGENADJ#114421,LaiCOPay#114422,LaiDEDUC#114423,LaiCLIENT#114424,LiaBitNoteOnly#114425,LiaStrDesc#114426,TprbID#114427,LiaPending#114428,Liaamt#114429,Liastrtext#114430,LiaADJREASON#114431,LaiCOINS#114432,LiaAction1#114433,LiaAction2#114434,... 8 more fields] parquet : : +- Project [SiteCode#114454 AS _b_SiteCode#112778, tprbID#114443 AS _b_tprbID#112779, tprbCheck#114452 AS tprbCheck#112780, tpbType#114450 AS tpbType#112781] : : +- SubqueryAlias spark_catalog.chimcobldhq2agi88smk8gak84ml0j21ah34ukid5l1kuki55l24alh5c9k6enrjd5m7cpbi4lgniu0.tbl_batchpayments : : +- Relation spark_catalog.chimcobldhq2agi88smk8gak84ml0j21ah34ukid5l1kuki55l24alh5c9k6enrjd5m7cpbi4lgniu0.tbl_batchpayments[tprbID#114443,tprbDtmPaid#114444,tprbAmtPmt#114445,tprbDtmPost#114446,tprbDtmStarted#114447,tprbStrStarted#114448,batchstatus#114449,tpbType#114450,tprbPayer#114451,tprbCheck#114452,Location#114453,SiteCode#114454,ClinicName#114455,RegionCode#114456,VPRegionCode#114457,EHRVersion#114458] parquet : :- Project [_SiteCode#112788 AS _SiteCode#114535, _liaTPCLIID#112822 AS _liaTPCLIID#114536, _Date#113008 AS _Date#114537, _liaStrUser#113047 AS _liaStrUser#114538, _Description#113087 AS _Description#114539, tprbCheck#112780 AS tprbCheck#114540, tpbType#112781 AS tpbType#114541, _tprbID#112857 AS _tprbID#114542, Amount#113994 AS Amount#114543, TransactionType#113969 AS TransactionType#114544, Adj Reason#113958 AS Adj Reason#114545, TBTransactionType#113981 AS TBTransactionType#114546] : : +- Project [_SiteCode#112788, _liaTPCLIID#112822, _Date#113008, _liaStrUser#113047, _Description#113087, tprbCheck#112780, tpbType#112781, _tprbID#112857, Amount#113994, TransactionType#113969, Adj Reason#113958, TBTransactionType#113981] : : +- Project [_SiteCode#112788, _liaTPCLIID#112822, _Date#113008, _liaStrUser#113047, _Description#113087, tprbCheck#112780, tpbType#112781, _tprbID#112857, Adj Reason#113958, (Amount#113947 * cast(-1 as double)) AS Amount#113994, TransactionType#113969, TBTransactionType#113981] : : +- Project [_SiteCode#112788, _liaTPCLIID#112822, _Date#113008, _liaStrUser#113047, _Description#113087, tprbCheck#112780, tpbType#112781, _tprbID#112857, Adj Reason#113958, Amount#113947, TransactionType#113969, CASE WHEN _Description#113087 IN (45,253,275,CO-45) THEN BillAdjust ELSE BillLineAdjust- END AS TBTransactionType#113981] : : +- Project [_SiteCode#112788, _liaTPCLIID#112822, _Date#113008, _liaStrUser#113047, _Description#113087, tprbCheck#112780, tpbType#112781, _tprbID#112857, Adj Reason#113958, Amount#113947, ManualAdjust+ AS TransactionType#113969] : : +- Project [_SiteCode#112788, _liaTPCLIID#112822, _Date#113008, _liaStrUser#113047, _Description#113087, tprbCheck#112780, tpbType#112781, _tprbID#112857, _AdjGeneral#113128 AS Adj Reason#113958, Amount#113947] : : +- Aggregate [_SiteCode#112788, _liaTPCLIID#112822, _Date#113008, _liaStrUser#113047, _Description#113087, tprbCheck#112780, tpbType#112781, _tprbID#112857, _AdjGeneral#113128], [_SiteCode#112788, _liaTPCLIID#112822, _Date#113008, _liaStrUser#113047, _Description#113087, tprbCheck#112780, tpbType#112781, _tprbID#112857, _AdjGeneral#113128, sum(_GenAdj#113302) AS Amount#113947] : : +- Filter (_GenAdj#113302 > cast(0 as double)) : : +- Filter NOT (_AdjGeneral#113128 = void) : : +- Project [SiteCode#114485, LiaID#114486, RowChkSum#114487, LastModAt#114488, RowState#114489, LiaTPCLIID#114490, LiaDtm#114491, LiaStrUser#114492, LaiPAIDINS#114493, LaiContADJ#114494, LaiGENADJ#114495, LaiCOPay#114496, LaiDEDUC#114497, LaiCLIENT#114498, LiaBitNoteOnly#114499, LiaStrDesc#114500, TprbID#114501, LiaPending#114502, Liaamt#114503, Liastrtext#114504, LiaADJREASON#114505, LaiCOINS#114506, LiaAction1#114507, LiaAction2#114508, ... 23 more fields] : : +- Project [SiteCode#114485, LiaID#114486, RowChkSum#114487, LastModAt#114488, RowState#114489, LiaTPCLIID#114490, LiaDtm#114491, LiaStrUser#114492, LaiPAIDINS#114493, LaiContADJ#114494, LaiGENADJ#114495, LaiCOPay#114496, LaiDEDUC#114497, LaiCLIENT#114498, LiaBitNoteOnly#114499, LiaStrDesc#114500, TprbID#114501, LiaPending#114502, Liaamt#114503, Liastrtext#114504, LiaADJREASON#114505, LaiCOINS#114506, LiaAction1#114507, LiaAction2#114508, ... 22 more fields] : : +- Project [SiteCode#114485, LiaID#114486, RowChkSum#114487, LastModAt#114488, RowState#114489, LiaTPCLIID#114490, LiaDtm#114491, LiaStrUser#114492, LaiPAIDINS#114493, LaiContADJ#114494, LaiGENADJ#114495, LaiCOPay#114496, LaiDEDUC#114497, LaiCLIENT#114498, LiaBitNoteOnly#114499, LiaStrDesc#114500, TprbID#114501, LiaPending#114502, Liaamt#114503, Liastrtext#114504, LiaADJREASON#114505, LaiCOINS#114506, LiaAction1#114507, LiaAction2#114508, ... 21 more fields] : : +- Project [SiteCode#114485, LiaID#114486, RowChkSum#114487, LastModAt#114488, RowState#114489, LiaTPCLIID#114490, LiaDtm#114491, LiaStrUser#114492, LaiPAIDINS#114493, LaiContADJ#114494, LaiGENADJ#114495, LaiCOPay#114496, LaiDEDUC#114497, LaiCLIENT#114498, LiaBitNoteOnly#114499, LiaStrDesc#114500, TprbID#114501, LiaPending#114502, Liaamt#114503, Liastrtext#114504, LiaADJREASON#114505, LaiCOINS#114506, LiaAction1#114507, LiaAction2#114508, ... 20 more fields] : : +- Project [SiteCode#114485, LiaID#114486, RowChkSum#114487, LastModAt#114488, RowState#114489, LiaTPCLIID#114490, LiaDtm#114491, LiaStrUser#114492, LaiPAIDINS#114493, LaiContADJ#114494, LaiGENADJ#114495, LaiCOPay#114496, LaiDEDUC#114497, LaiCLIENT#114498, LiaBitNoteOnly#114499, LiaStrDesc#114500, TprbID#114501, LiaPending#114502, Liaamt#114503, Liastrtext#114504, LiaADJREASON#114505, LaiCOINS#114506, LiaAction1#114507, LiaAction2#114508, ... 19 more fields] : : +- Project [SiteCode#114485, LiaID#114486, RowChkSum#114487, LastModAt#114488, RowState#114489, LiaTPCLIID#114490, LiaDtm#114491, LiaStrUser#114492, LaiPAIDINS#114493, LaiContADJ#114494, LaiGENADJ#114495, LaiCOPay#114496, LaiDEDUC#114497, LaiCLIENT#114498, LiaBitNoteOnly#114499, LiaStrDesc#114500, TprbID#114501, LiaPending#114502, Liaamt#114503, Liastrtext#114504, LiaADJREASON#114505, LaiCOINS#114506, LiaAction1#114507, LiaAction2#114508, ... 18 more fields] : : +- Project [SiteCode#114485, LiaID#114486, RowChkSum#114487, LastModAt#114488, RowState#114489, LiaTPCLIID#114490, LiaDtm#114491, LiaStrUser#114492, LaiPAIDINS#114493, LaiContADJ#114494, LaiGENADJ#114495, LaiCOPay#114496, LaiDEDUC#114497, LaiCLIENT#114498, LiaBitNoteOnly#114499, LiaStrDesc#114500, TprbID#114501, LiaPending#114502, Liaamt#114503, Liastrtext#114504, LiaADJREASON#114505, LaiCOINS#114506, LiaAction1#114507, LiaAction2#114508, ... 17 more fields] : : +- Project [SiteCode#114485, LiaID#114486, RowChkSum#114487, LastModAt#114488, RowState#114489, LiaTPCLIID#114490, LiaDtm#114491, LiaStrUser#114492, LaiPAIDINS#114493, LaiContADJ#114494, LaiGENADJ#114495, LaiCOPay#114496, LaiDEDUC#114497, LaiCLIENT#114498, LiaBitNoteOnly#114499, LiaStrDesc#114500, TprbID#114501, LiaPending#114502, Liaamt#114503, Liastrtext#114504, LiaADJREASON#114505, LaiCOINS#114506, LiaAction1#114507, LiaAction2#114508, ... 16 more fields] : : +- Project [SiteCode#114485, LiaID#114486, RowChkSum#114487, LastModAt#114488, RowState#114489, LiaTPCLIID#114490, LiaDtm#114491, LiaStrUser#114492, LaiPAIDINS#114493, LaiContADJ#114494, LaiGENADJ#114495, LaiCOPay#114496, LaiDEDUC#114497, LaiCLIENT#114498, LiaBitNoteOnly#114499, LiaStrDesc#114500, TprbID#114501, LiaPending#114502, Liaamt#114503, Liastrtext#114504, LiaADJREASON#114505, LaiCOINS#114506, LiaAction1#114507, LiaAction2#114508, ... 15 more fields] : : +- Project [SiteCode#114485, LiaID#114486, RowChkSum#114487, LastModAt#114488, RowState#114489, LiaTPCLIID#114490, LiaDtm#114491, LiaStrUser#114492, LaiPAIDINS#114493, LaiContADJ#114494, LaiGENADJ#114495, LaiCOPay#114496, LaiDEDUC#114497, LaiCLIENT#114498, LiaBitNoteOnly#114499, LiaStrDesc#114500, TprbID#114501, LiaPending#114502, Liaamt#114503, Liastrtext#114504, LiaADJREASON#114505, LaiCOINS#114506, LiaAction1#114507, LiaAction2#114508, ... 14 more fields] : : +- Project [SiteCode#114485, LiaID#114486, RowChkSum#114487, LastModAt#114488, RowState#114489, LiaTPCLIID#114490, LiaDtm#114491, LiaStrUser#114492, LaiPAIDINS#114493, LaiContADJ#114494, LaiGENADJ#114495, LaiCOPay#114496, LaiDEDUC#114497, LaiCLIENT#114498, LiaBitNoteOnly#114499, LiaStrDesc#114500, TprbID#114501, LiaPending#114502, Liaamt#114503, Liastrtext#114504, LiaADJREASON#114505, LaiCOINS#114506, LiaAction1#114507, LiaAction2#114508, ... 13 more fields] : : +- Join LeftOuter, ((_SiteCode#112788 = _b_SiteCode#112778) AND (_tprbID#112857 = _b_tprbID#112779)) : : :- Project [SiteCode#114485, LiaID#114486, RowChkSum#114487, LastModAt#114488, RowState#114489, LiaTPCLIID#114490, LiaDtm#114491, LiaStrUser#114492, LaiPAIDINS#114493, LaiContADJ#114494, LaiGENADJ#114495, LaiCOPay#114496, LaiDEDUC#114497, LaiCLIENT#114498, LiaBitNoteOnly#114499, LiaStrDesc#114500, TprbID#114501, LiaPending#114502, Liaamt#114503, Liastrtext#114504, LiaADJREASON#114505, LaiCOINS#114506, LiaAction1#114507, LiaAction2#114508, ... 11 more fields] : : : +- Project [SiteCode#114485, LiaID#114486, RowChkSum#114487, LastModAt#114488, RowState#114489, LiaTPCLIID#114490, LiaDtm#114491, LiaStrUser#114492, LaiPAIDINS#114493, LaiContADJ#114494, LaiGENADJ#114495, LaiCOPay#114496, LaiDEDUC#114497, LaiCLIENT#114498, LiaBitNoteOnly#114499, LiaStrDesc#114500, TprbID#114501, LiaPending#114502, Liaamt#114503, Liastrtext#114504, LiaADJREASON#114505, LaiCOINS#114506, LiaAction1#114507, LiaAction2#114508, ... 10 more fields] : : : +- Project [SiteCode#114485, LiaID#114486, RowChkSum#114487, LastModAt#114488, RowState#114489, LiaTPCLIID#114490, LiaDtm#114491, LiaStrUser#114492, LaiPAIDINS#114493, LaiContADJ#114494, LaiGENADJ#114495, LaiCOPay#114496, LaiDEDUC#114497, LaiCLIENT#114498, LiaBitNoteOnly#114499, LiaStrDesc#114500, TprbID#114501, LiaPending#114502, Liaamt#114503, Liastrtext#114504, LiaADJREASON#114505, LaiCOINS#114506, LiaAction1#114507, LiaAction2#114508, ... 9 more fields] : : : +- Filter (RowState#114489 = true) : : : +- SubqueryAlias spark_catalog.chimcobldhq2agi88smk8gak84ml0j21ah34ukid5l1kuki55l24alh5c9k6enrjd5m7cpbi4lo62t3j.tbl_claimlineitemactivity : : : +- Relation spark_catalog.chimcobldhq2agi88smk8gak84ml0j21ah34ukid5l1kuki55l24alh5c9k6enrjd5m7cpbi4lo62t3j.tbl_claimlineitemactivity[SiteCode#114485,LiaID#114486,RowChkSum#114487,LastModAt#114488,RowState#114489,LiaTPCLIID#114490,LiaDtm#114491,LiaStrUser#114492,LaiPAIDINS#114493,LaiContADJ#114494,LaiGENADJ#114495,LaiCOPay#114496,LaiDEDUC#114497,LaiCLIENT#114498,LiaBitNoteOnly#114499,LiaStrDesc#114500,TprbID#114501,LiaPending#114502,Liaamt#114503,Liastrtext#114504,LiaADJREASON#114505,LaiCOINS#114506,LiaAction1#114507,LiaAction2#114508,... 8 more fields] parquet : : +- Project [SiteCode#114528 AS _b_SiteCode#112778, tprbID#114517 AS _b_tprbID#112779, tprbCheck#114526 AS tprbCheck#112780, tpbType#114524 AS tpbType#112781] : : +- SubqueryAlias spark_catalog.chimcobldhq2agi88smk8gak84ml0j21ah34ukid5l1kuki55l24alh5c9k6enrjd5m7cpbi4lgniu0.tbl_batchpayments : : +- Relation spark_catalog.chimcobldhq2agi88smk8gak84ml0j21ah34ukid5l1kuki55l24alh5c9k6enrjd5m7cpbi4lgniu0.tbl_batchpayments[tprbID#114517,tprbDtmPaid#114518,tprbAmtPmt#114519,tprbDtmPost#114520,tprbDtmStarted#114521,tprbStrStarted#114522,batchstatus#114523,tpbType#114524,tprbPayer#114525,tprbCheck#114526,Location#114527,SiteCode#114528,ClinicName#114529,RegionCode#114530,VPRegionCode#114531,EHRVersion#114532] parquet : :- Project [_SiteCode#112788 AS _SiteCode#114609, _liaTPCLIID#112822 AS _liaTPCLIID#114610, _Date#113008 AS _Date#114611, _liaStrUser#113047 AS _liaStrUser#114612, _Description#113087 AS _Description#114613, tprbCheck#112780 AS tprbCheck#114614, tpbType#112781 AS tpbType#114615, _tprbID#112857 AS _tprbID#114616, Amount#114102 AS Amount#114617, TransactionType#114077 AS TransactionType#114618, Adj Reason#114066 AS Adj Reason#114619, TBTransactionType#114089 AS TBTransactionType#114620] : : +- Project [_SiteCode#112788, _liaTPCLIID#112822, _Date#113008, _liaStrUser#113047, _Description#113087, tprbCheck#112780, tpbType#112781, _tprbID#112857, Amount#114102, TransactionType#114077, Adj Reason#114066, TBTransactionType#114089] : : +- Project [_SiteCode#112788, _liaTPCLIID#112822, _Date#113008, _liaStrUser#113047, _Description#113087, tprbCheck#112780, tpbType#112781, _tprbID#112857, Adj Reason#114066, (Amount#114055 * cast(-1 as double)) AS Amount#114102, TransactionType#114077, TBTransactionType#114089] : : +- Project [_SiteCode#112788, _liaTPCLIID#112822, _Date#113008, _liaStrUser#113047, _Description#113087, tprbCheck#112780, tpbType#112781, _tprbID#112857, Adj Reason#114066, Amount#114055, TransactionType#114077, CASE WHEN _Description#113087 IN (45,253,275,CO-45) THEN BillAdjust ELSE BillLineAdjust- END AS TBTransactionType#114089] : : +- Project [_SiteCode#112788, _liaTPCLIID#112822, _Date#113008, _liaStrUser#113047, _Description#113087, tprbCheck#112780, tpbType#112781, _tprbID#112857, Adj Reason#114066, Amount#114055, ManualAdjust+ AS TransactionType#114077] : : +- Project [_SiteCode#112788, _liaTPCLIID#112822, _Date#113008, _liaStrUser#113047, _Description#113087, tprbCheck#112780, tpbType#112781, _tprbID#112857, _AdjGeneral#113128 AS Adj Reason#114066, Amount#114055] : : +- Aggregate [_SiteCode#112788, _liaTPCLIID#112822, _Date#113008, _liaStrUser#113047, _Description#113087, tprbCheck#112780, tpbType#112781, _tprbID#112857, _AdjGeneral#113128], [_SiteCode#112788, _liaTPCLIID#112822, _Date#113008, _liaStrUser#113047, _Description#113087, tprbCheck#112780, tpbType#112781, _tprbID#112857, _AdjGeneral#113128, sum(_GenAdj#113302) AS Amount#114055] : : +- Filter (_GenAdj#113302 < cast(0 as double)) : : +- Filter NOT (_AdjGeneral#113128 = void) : : +- Project [SiteCode#114559, LiaID#114560, RowChkSum#114561, LastModAt#114562, RowState#114563, LiaTPCLIID#114564, LiaDtm#114565, LiaStrUser#114566, LaiPAIDINS#114567, LaiContADJ#114568, LaiGENADJ#114569, LaiCOPay#114570, LaiDEDUC#114571, LaiCLIENT#114572, LiaBitNoteOnly#114573, LiaStrDesc#114574, TprbID#114575, LiaPending#114576, Liaamt#114577, Liastrtext#114578, LiaADJREASON#114579, LaiCOINS#114580, LiaAction1#114581, LiaAction2#114582, ... 23 more fields] : : +- Project [SiteCode#114559, LiaID#114560, RowChkSum#114561, LastModAt#114562, RowState#114563, LiaTPCLIID#114564, LiaDtm#114565, LiaStrUser#114566, LaiPAIDINS#114567, LaiContADJ#114568, LaiGENADJ#114569, LaiCOPay#114570, LaiDEDUC#114571, LaiCLIENT#114572, LiaBitNoteOnly#114573, LiaStrDesc#114574, TprbID#114575, LiaPending#114576, Liaamt#114577, Liastrtext#114578, LiaADJREASON#114579, LaiCOINS#114580, LiaAction1#114581, LiaAction2#114582, ... 22 more fields] : : +- Project [SiteCode#114559, LiaID#114560, RowChkSum#114561, LastModAt#114562, RowState#114563, LiaTPCLIID#114564, LiaDtm#114565, LiaStrUser#114566, LaiPAIDINS#114567, LaiContADJ#114568, LaiGENADJ#114569, LaiCOPay#114570, LaiDEDUC#114571, LaiCLIENT#114572, LiaBitNoteOnly#114573, LiaStrDesc#114574, TprbID#114575, LiaPending#114576, Liaamt#114577, Liastrtext#114578, LiaADJREASON#114579, LaiCOINS#114580, LiaAction1#114581, LiaAction2#114582, ... 21 more fields] : : +- Project [SiteCode#114559, LiaID#114560, RowChkSum#114561, LastModAt#114562, RowState#114563, LiaTPCLIID#114564, LiaDtm#114565, LiaStrUser#114566, LaiPAIDINS#114567, LaiContADJ#114568, LaiGENADJ#114569, LaiCOPay#114570, LaiDEDUC#114571, LaiCLIENT#114572, LiaBitNoteOnly#114573, LiaStrDesc#114574, TprbID#114575, LiaPending#114576, Liaamt#114577, Liastrtext#114578, LiaADJREASON#114579, LaiCOINS#114580, LiaAction1#114581, LiaAction2#114582, ... 20 more fields] : : +- Project [SiteCode#114559, LiaID#114560, RowChkSum#114561, LastModAt#114562, RowState#114563, LiaTPCLIID#114564, LiaDtm#114565, LiaStrUser#114566, LaiPAIDINS#114567, LaiContADJ#114568, LaiGENADJ#114569, LaiCOPay#114570, LaiDEDUC#114571, LaiCLIENT#114572, LiaBitNoteOnly#114573, LiaStrDesc#114574, TprbID#114575, LiaPending#114576, Liaamt#114577, Liastrtext#114578, LiaADJREASON#114579, LaiCOINS#114580, LiaAction1#114581, LiaAction2#114582, ... 19 more fields] : : +- Project [SiteCode#114559, LiaID#114560, RowChkSum#114561, LastModAt#114562, RowState#114563, LiaTPCLIID#114564, LiaDtm#114565, LiaStrUser#114566, LaiPAIDINS#114567, LaiContADJ#114568, LaiGENADJ#114569, LaiCOPay#114570, LaiDEDUC#114571, LaiCLIENT#114572, LiaBitNoteOnly#114573, LiaStrDesc#114574, TprbID#114575, LiaPending#114576, Liaamt#114577, Liastrtext#114578, LiaADJREASON#114579, LaiCOINS#114580, LiaAction1#114581, LiaAction2#114582, ... 18 more fields] : : +- Project [SiteCode#114559, LiaID#114560, RowChkSum#114561, LastModAt#114562, RowState#114563, LiaTPCLIID#114564, LiaDtm#114565, LiaStrUser#114566, LaiPAIDINS#114567, LaiContADJ#114568, LaiGENADJ#114569, LaiCOPay#114570, LaiDEDUC#114571, LaiCLIENT#114572, LiaBitNoteOnly#114573, LiaStrDesc#114574, TprbID#114575, LiaPending#114576, Liaamt#114577, Liastrtext#114578, LiaADJREASON#114579, LaiCOINS#114580, LiaAction1#114581, LiaAction2#114582, ... 17 more fields] : : +- Project [SiteCode#114559, LiaID#114560, RowChkSum#114561, LastModAt#114562, RowState#114563, LiaTPCLIID#114564, LiaDtm#114565, LiaStrUser#114566, LaiPAIDINS#114567, LaiContADJ#114568, LaiGENADJ#114569, LaiCOPay#114570, LaiDEDUC#114571, LaiCLIENT#114572, LiaBitNoteOnly#114573, LiaStrDesc#114574, TprbID#114575, LiaPending#114576, Liaamt#114577, Liastrtext#114578, LiaADJREASON#114579, LaiCOINS#114580, LiaAction1#114581, LiaAction2#114582, ... 16 more fields] : : +- Project [SiteCode#114559, LiaID#114560, RowChkSum#114561, LastModAt#114562, RowState#114563, LiaTPCLIID#114564, LiaDtm#114565, LiaStrUser#114566, LaiPAIDINS#114567, LaiContADJ#114568, LaiGENADJ#114569, LaiCOPay#114570, LaiDEDUC#114571, LaiCLIENT#114572, LiaBitNoteOnly#114573, LiaStrDesc#114574, TprbID#114575, LiaPending#114576, Liaamt#114577, Liastrtext#114578, LiaADJREASON#114579, LaiCOINS#114580, LiaAction1#114581, LiaAction2#114582, ... 15 more fields] : : +- Project [SiteCode#114559, LiaID#114560, RowChkSum#114561, LastModAt#114562, RowState#114563, LiaTPCLIID#114564, LiaDtm#114565, LiaStrUser#114566, LaiPAIDINS#114567, LaiContADJ#114568, LaiGENADJ#114569, LaiCOPay#114570, LaiDEDUC#114571, LaiCLIENT#114572, LiaBitNoteOnly#114573, LiaStrDesc#114574, TprbID#114575, LiaPending#114576, Liaamt#114577, Liastrtext#114578, LiaADJREASON#114579, LaiCOINS#114580, LiaAction1#114581, LiaAction2#114582, ... 14 more fields] : : +- Project [SiteCode#114559, LiaID#114560, RowChkSum#114561, LastModAt#114562, RowState#114563, LiaTPCLIID#114564, LiaDtm#114565, LiaStrUser#114566, LaiPAIDINS#114567, LaiContADJ#114568, LaiGENADJ#114569, LaiCOPay#114570, LaiDEDUC#114571, LaiCLIENT#114572, LiaBitNoteOnly#114573, LiaStrDesc#114574, TprbID#114575, LiaPending#114576, Liaamt#114577, Liastrtext#114578, LiaADJREASON#114579, LaiCOINS#114580, LiaAction1#114581, LiaAction2#114582, ... 13 more fields] : : +- Join LeftOuter, ((_SiteCode#112788 = _b_SiteCode#112778) AND (_tprbID#112857 = _b_tprbID#112779)) : : :- Project [SiteCode#114559, LiaID#114560, RowChkSum#114561, LastModAt#114562, RowState#114563, LiaTPCLIID#114564, LiaDtm#114565, LiaStrUser#114566, LaiPAIDINS#114567, LaiContADJ#114568, LaiGENADJ#114569, LaiCOPay#114570, LaiDEDUC#114571, LaiCLIENT#114572, LiaBitNoteOnly#114573, LiaStrDesc#114574, TprbID#114575, LiaPending#114576, Liaamt#114577, Liastrtext#114578, LiaADJREASON#114579, LaiCOINS#114580, LiaAction1#114581, LiaAction2#114582, ... 11 more fields] : : : +- Project [SiteCode#114559, LiaID#114560, RowChkSum#114561, LastModAt#114562, RowState#114563, LiaTPCLIID#114564, LiaDtm#114565, LiaStrUser#114566, LaiPAIDINS#114567, LaiContADJ#114568, LaiGENADJ#114569, LaiCOPay#114570, LaiDEDUC#114571, LaiCLIENT#114572, LiaBitNoteOnly#114573, LiaStrDesc#114574, TprbID#114575, LiaPending#114576, Liaamt#114577, Liastrtext#114578, LiaADJREASON#114579, LaiCOINS#114580, LiaAction1#114581, LiaAction2#114582, ... 10 more fields] : : : +- Project [SiteCode#114559, LiaID#114560, RowChkSum#114561, LastModAt#114562, RowState#114563, LiaTPCLIID#114564, LiaDtm#114565, LiaStrUser#114566, LaiPAIDINS#114567, LaiContADJ#114568, LaiGENADJ#114569, LaiCOPay#114570, LaiDEDUC#114571, LaiCLIENT#114572, LiaBitNoteOnly#114573, LiaStrDesc#114574, TprbID#114575, LiaPending#114576, Liaamt#114577, Liastrtext#114578, LiaADJREASON#114579, LaiCOINS#114580, LiaAction1#114581, LiaAction2#114582, ... 9 more fields] : : : +- Filter (RowState#114563 = true) : : : +- SubqueryAlias spark_catalog.chimcobldhq2agi88smk8gak84ml0j21ah34ukid5l1kuki55l24alh5c9k6enrjd5m7cpbi4lo62t3j.tbl_claimlineitemactivity : : : +- Relation spark_catalog.chimcobldhq2agi88smk8gak84ml0j21ah34ukid5l1kuki55l24alh5c9k6enrjd5m7cpbi4lo62t3j.tbl_claimlineitemactivity[SiteCode#114559,LiaID#114560,RowChkSum#114561,LastModAt#114562,RowState#114563,LiaTPCLIID#114564,LiaDtm#114565,LiaStrUser#114566,LaiPAIDINS#114567,LaiContADJ#114568,LaiGENADJ#114569,LaiCOPay#114570,LaiDEDUC#114571,LaiCLIENT#114572,LiaBitNoteOnly#114573,LiaStrDesc#114574,TprbID#114575,LiaPending#114576,Liaamt#114577,Liastrtext#114578,LiaADJREASON#114579,LaiCOINS#114580,LiaAction1#114581,LiaAction2#114582,... 8 more fields] parquet : : +- Project [SiteCode#114602 AS _b_SiteCode#112778, tprbID#114591 AS _b_tprbID#112779, tprbCheck#114600 AS tprbCheck#112780, tpbType#114598 AS tpbType#112781] : : +- SubqueryAlias spark_catalog.chimcobldhq2agi88smk8gak84ml0j21ah34ukid5l1kuki55l24alh5c9k6enrjd5m7cpbi4lgniu0.tbl_batchpayments : : +- Relation spark_catalog.chimcobldhq2agi88smk8gak84ml0j21ah34ukid5l1kuki55l24alh5c9k6enrjd5m7cpbi4lgniu0.tbl_batchpayments[tprbID#114591,tprbDtmPaid#114592,tprbAmtPmt#114593,tprbDtmPost#114594,tprbDtmStarted#114595,tprbStrStarted#114596,batchstatus#114597,tpbType#114598,tprbPayer#114599,tprbCheck#114600,Location#114601,SiteCode#114602,ClinicName#114603,RegionCode#114604,VPRegionCode#114605,EHRVersion#114606] parquet : +- Project [_SiteCode#112788 AS _SiteCode#114685, _liaTPCLIID#112822 AS _liaTPCLIID#114686, _Date#113008 AS _Date#114687, _liaStrUser#113047 AS _liaStrUser#114688, _Description#113087 AS _Description#114689, tprbCheck#112780 AS tprbCheck#114690, tpbType#112781 AS tpbType#114691, _tprbID#112857 AS _tprbID#114692, Amount#114184 AS Amount#114693, TransactionType#114173 AS TransactionType#114694, Adj Reason#114681 AS Adj Reason#114695, TBTransactionType#114682 AS TBTransactionType#114696] : +- Project [_SiteCode#112788, _liaTPCLIID#112822, _Date#113008, _liaStrUser#113047, _Description#113087, tprbCheck#112780, tpbType#112781, _tprbID#112857, Amount#114184, TransactionType#114173, null AS Adj Reason#114681, null AS TBTransactionType#114682] : +- Project [_SiteCode#112788, _liaTPCLIID#112822, _Date#113008, _liaStrUser#113047, _Description#113087, tprbCheck#112780, tpbType#112781, _tprbID#112857, (Amount#114163 * cast(-1 as double)) AS Amount#114184, TransactionType#114173] : +- Project [_SiteCode#112788, _liaTPCLIID#112822, _Date#113008, _liaStrUser#113047, _Description#113087, tprbCheck#112780, tpbType#112781, _tprbID#112857, Amount#114163, BillAdjust AS TransactionType#114173] : +- Aggregate [_SiteCode#112788, _liaTPCLIID#112822, _Date#113008, _liaStrUser#113047, _Description#113087, tprbCheck#112780, tpbType#112781, _tprbID#112857], [_SiteCode#112788, _liaTPCLIID#112822, _Date#113008, _liaStrUser#113047, _Description#113087, tprbCheck#112780, tpbType#112781, _tprbID#112857, sum(_BillAdj#113395) AS Amount#114163] : +- Filter (isnull(_AdjGeneral#113128) OR (_AdjGeneral#113128 = void)) : +- Project [SiteCode#114633, LiaID#114634, RowChkSum#114635, LastModAt#114636, RowState#114637, LiaTPCLIID#114638, LiaDtm#114639, LiaStrUser#114640, LaiPAIDINS#114641, LaiContADJ#114642, LaiGENADJ#114643, LaiCOPay#114644, LaiDEDUC#114645, LaiCLIENT#114646, LiaBitNoteOnly#114647, LiaStrDesc#114648, TprbID#114649, LiaPending#114650, Liaamt#114651, Liastrtext#114652, LiaADJREASON#114653, LaiCOINS#114654, LiaAction1#114655, LiaAction2#114656, ... 23 more fields] : +- Project [SiteCode#114633, LiaID#114634, RowChkSum#114635, LastModAt#114636, RowState#114637, LiaTPCLIID#114638, LiaDtm#114639, LiaStrUser#114640, LaiPAIDINS#114641, LaiContADJ#114642, LaiGENADJ#114643, LaiCOPay#114644, LaiDEDUC#114645, LaiCLIENT#114646, LiaBitNoteOnly#114647, LiaStrDesc#114648, TprbID#114649, LiaPending#114650, Liaamt#114651, Liastrtext#114652, LiaADJREASON#114653, LaiCOINS#114654, LiaAction1#114655, LiaAction2#114656, ... 22 more fields] : +- Project [SiteCode#114633, LiaID#114634, RowChkSum#114635, LastModAt#114636, RowState#114637, LiaTPCLIID#114638, LiaDtm#114639, LiaStrUser#114640, LaiPAIDINS#114641, LaiContADJ#114642, LaiGENADJ#114643, LaiCOPay#114644, LaiDEDUC#114645, LaiCLIENT#114646, LiaBitNoteOnly#114647, LiaStrDesc#114648, TprbID#114649, LiaPending#114650, Liaamt#114651, Liastrtext#114652, LiaADJREASON#114653, LaiCOINS#114654, LiaAction1#114655, LiaAction2#114656, ... 21 more fields] : +- Project [SiteCode#114633, LiaID#114634, RowChkSum#114635, LastModAt#114636, RowState#114637, LiaTPCLIID#114638, LiaDtm#114639, LiaStrUser#114640, LaiPAIDINS#114641, LaiContADJ#114642, LaiGENADJ#114643, LaiCOPay#114644, LaiDEDUC#114645, LaiCLIENT#114646, LiaBitNoteOnly#114647, LiaStrDesc#114648, TprbID#114649, LiaPending#114650, Liaamt#114651, Liastrtext#114652, LiaADJREASON#114653, LaiCOINS#114654, LiaAction1#114655, LiaAction2#114656, ... 20 more fields] : +- Project [SiteCode#114633, LiaID#114634, RowChkSum#114635, LastModAt#114636, RowState#114637, LiaTPCLIID#114638, LiaDtm#114639, LiaStrUser#114640, LaiPAIDINS#114641, LaiContADJ#114642, LaiGENADJ#114643, LaiCOPay#114644, LaiDEDUC#114645, LaiCLIENT#114646, LiaBitNoteOnly#114647, LiaStrDesc#114648, TprbID#114649, LiaPending#114650, Liaamt#114651, Liastrtext#114652, LiaADJREASON#114653, LaiCOINS#114654, LiaAction1#114655, LiaAction2#114656, ... 19 more fields] : +- Project [SiteCode#114633, LiaID#114634, RowChkSum#114635, LastModAt#114636, RowState#114637, LiaTPCLIID#114638, LiaDtm#114639, LiaStrUser#114640, LaiPAIDINS#114641, LaiContADJ#114642, LaiGENADJ#114643, LaiCOPay#114644, LaiDEDUC#114645, LaiCLIENT#114646, LiaBitNoteOnly#114647, LiaStrDesc#114648, TprbID#114649, LiaPending#114650, Liaamt#114651, Liastrtext#114652, LiaADJREASON#114653, LaiCOINS#114654, LiaAction1#114655, LiaAction2#114656, ... 18 more fields] : +- Project [SiteCode#114633, LiaID#114634, RowChkSum#114635, LastModAt#114636, RowState#114637, LiaTPCLIID#114638, LiaDtm#114639, LiaStrUser#114640, LaiPAIDINS#114641, LaiContADJ#114642, LaiGENADJ#114643, LaiCOPay#114644, LaiDEDUC#114645, LaiCLIENT#114646, LiaBitNoteOnly#114647, LiaStrDesc#114648, TprbID#114649, LiaPending#114650, Liaamt#114651, Liastrtext#114652, LiaADJREASON#114653, LaiCOINS#114654, LiaAction1#114655, LiaAction2#114656, ... 17 more fields] : +- Project [SiteCode#114633, LiaID#114634, RowChkSum#114635, LastModAt#114636, RowState#114637, LiaTPCLIID#114638, LiaDtm#114639, LiaStrUser#114640, LaiPAIDINS#114641, LaiContADJ#114642, LaiGENADJ#114643, LaiCOPay#114644, LaiDEDUC#114645, LaiCLIENT#114646, LiaBitNoteOnly#114647, LiaStrDesc#114648, TprbID#114649, LiaPending#114650, Liaamt#114651, Liastrtext#114652, LiaADJREASON#114653, LaiCOINS#114654, LiaAction1#114655, LiaAction2#114656, ... 16 more fields] : +- Project [SiteCode#114633, LiaID#114634, RowChkSum#114635, LastModAt#114636, RowState#114637, LiaTPCLIID#114638, LiaDtm#114639, LiaStrUser#114640, LaiPAIDINS#114641, LaiContADJ#114642, LaiGENADJ#114643, LaiCOPay#114644, LaiDEDUC#114645, LaiCLIENT#114646, LiaBitNoteOnly#114647, LiaStrDesc#114648, TprbID#114649, LiaPending#114650, Liaamt#114651, Liastrtext#114652, LiaADJREASON#114653, LaiCOINS#114654, LiaAction1#114655, LiaAction2#114656, ... 15 more fields] : +- Project [SiteCode#114633, LiaID#114634, RowChkSum#114635, LastModAt#114636, RowState#114637, LiaTPCLIID#114638, LiaDtm#114639, LiaStrUser#114640, LaiPAIDINS#114641, LaiContADJ#114642, LaiGENADJ#114643, LaiCOPay#114644, LaiDEDUC#114645, LaiCLIENT#114646, LiaBitNoteOnly#114647, LiaStrDesc#114648, TprbID#114649, LiaPending#114650, Liaamt#114651, Liastrtext#114652, LiaADJREASON#114653, LaiCOINS#114654, LiaAction1#114655, LiaAction2#114656, ... 14 more fields] : +- Project [SiteCode#114633, LiaID#114634, RowChkSum#114635, LastModAt#114636, RowState#114637, LiaTPCLIID#114638, LiaDtm#114639, LiaStrUser#114640, LaiPAIDINS#114641, LaiContADJ#114642, LaiGENADJ#114643, LaiCOPay#114644, LaiDEDUC#114645, LaiCLIENT#114646, LiaBitNoteOnly#114647, LiaStrDesc#114648, TprbID#114649, LiaPending#114650, Liaamt#114651, Liastrtext#114652, LiaADJREASON#114653, LaiCOINS#114654, LiaAction1#114655, LiaAction2#114656, ... 13 more fields] : +- Join LeftOuter, ((_SiteCode#112788 = _b_SiteCode#112778) AND (_tprbID#112857 = _b_tprbID#112779)) : :- Project [SiteCode#114633, LiaID#114634, RowChkSum#114635, LastModAt#114636, RowState#114637, LiaTPCLIID#114638, LiaDtm#114639, LiaStrUser#114640, LaiPAIDINS#114641, LaiContADJ#114642, LaiGENADJ#114643, LaiCOPay#114644, LaiDEDUC#114645, LaiCLIENT#114646, LiaBitNoteOnly#114647, LiaStrDesc#114648, TprbID#114649, LiaPending#114650, Liaamt#114651, Liastrtext#114652, LiaADJREASON#114653, LaiCOINS#114654, LiaAction1#114655, LiaAction2#114656, ... 11 more fields] : : +- Project [SiteCode#114633, LiaID#114634, RowChkSum#114635, LastModAt#114636, RowState#114637, LiaTPCLIID#114638, LiaDtm#114639, LiaStrUser#114640, LaiPAIDINS#114641, LaiContADJ#114642, LaiGENADJ#114643, LaiCOPay#114644, LaiDEDUC#114645, LaiCLIENT#114646, LiaBitNoteOnly#114647, LiaStrDesc#114648, TprbID#114649, LiaPending#114650, Liaamt#114651, Liastrtext#114652, LiaADJREASON#114653, LaiCOINS#114654, LiaAction1#114655, LiaAction2#114656, ... 10 more fields] : : +- Project [SiteCode#114633, LiaID#114634, RowChkSum#114635, LastModAt#114636, RowState#114637, LiaTPCLIID#114638, LiaDtm#114639, LiaStrUser#114640, LaiPAIDINS#114641, LaiContADJ#114642, LaiGENADJ#114643, LaiCOPay#114644, LaiDEDUC#114645, LaiCLIENT#114646, LiaBitNoteOnly#114647, LiaStrDesc#114648, TprbID#114649, LiaPending#114650, Liaamt#114651, Liastrtext#114652, LiaADJREASON#114653, LaiCOINS#114654, LiaAction1#114655, LiaAction2#114656, ... 9 more fields] : : +- Filter (RowState#114637 = true) : : +- SubqueryAlias spark_catalog.chimcobldhq2agi88smk8gak84ml0j21ah34ukid5l1kuki55l24alh5c9k6enrjd5m7cpbi4lo62t3j.tbl_claimlineitemactivity : : +- Relation spark_catalog.chimcobldhq2agi88smk8gak84ml0j21ah34ukid5l1kuki55l24alh5c9k6enrjd5m7cpbi4lo62t3j.tbl_claimlineitemactivity[SiteCode#114633,LiaID#114634,RowChkSum#114635,LastModAt#114636,RowState#114637,LiaTPCLIID#114638,LiaDtm#114639,LiaStrUser#114640,LaiPAIDINS#114641,LaiContADJ#114642,LaiGENADJ#114643,LaiCOPay#114644,LaiDEDUC#114645,LaiCLIENT#114646,LiaBitNoteOnly#114647,LiaStrDesc#114648,TprbID#114649,LiaPending#114650,Liaamt#114651,Liastrtext#114652,LiaADJREASON#114653,LaiCOINS#114654,LiaAction1#114655,LiaAction2#114656,... 8 more fields] parquet : +- Project [SiteCode#114676 AS _b_SiteCode#112778, tprbID#114665 AS _b_tprbID#112779, tprbCheck#114674 AS tprbCheck#112780, tpbType#114672 AS tpbType#112781] : +- SubqueryAlias spark_catalog.chimcobldhq2agi88smk8gak84ml0j21ah34ukid5l1kuki55l24alh5c9k6enrjd5m7cpbi4lgniu0.tbl_batchpayments : +- Relation spark_catalog.chimcobldhq2agi88smk8gak84ml0j21ah34ukid5l1kuki55l24alh5c9k6enrjd5m7cpbi4lgniu0.tbl_batchpayments[tprbID#114665,tprbDtmPaid#114666,tprbAmtPmt#114667,tprbDtmPost#114668,tprbDtmStarted#114669,tprbStrStarted#114670,batchstatus#114671,tpbType#114672,tprbPayer#114673,tprbCheck#114674,Location#114675,SiteCode#114676,ClinicName#114677,RegionCode#114678,VPRegionCode#114679,EHRVersion#114680] parquet +- SubqueryAlias chg +- Project [SiteCode#114821, tpcliID#114822, tpcliTPCID#114823, CPT#114826, SvcDate#114880] +- Project [SiteCode#114821, tpcliID#114822, tpcliTPCID#114823, cast(SvcDate#114824 as date) AS SvcDate#114880, Description#114825, CPT#114826, liaStrUser#114827, Amount#114861, TransactionType#114870] +- Project [SiteCode#114821, tpcliID#114822, tpcliTPCID#114823, SvcDate#114824, Description#114825, CPT#114826, liaStrUser#114827, Amount#114861, Charge AS TransactionType#114870] +- Aggregate [SiteCode#112037, TpcliID#112038, TpcliTPCID#112042, TpcliDtmService#112043, _TxtService#114788, TpcliStrCPT#112049, TpcliStrAdded#112047], [SiteCode#112037 AS SiteCode#114821, TpcliID#112038 AS tpcliID#114822, TpcliTPCID#112042 AS tpcliTPCID#114823, TpcliDtmService#112043 AS SvcDate#114824, _TxtService#114788 AS Description#114825, TpcliStrCPT#112049 AS CPT#114826, TpcliStrAdded#112047 AS liaStrUser#114827, sum(cast(TpcliAmtCharge#112048 as double)) AS Amount#114861] +- Project [SiteCode#112037, TpcliID#112038, RowChkSum#112039, LastModAt#112040, RowState#112041, TpcliTPCID#112042, TpcliDtmService#112043, TpcliTxtService#112044, TpcliIntUnits#112045, TpcliDtmAdded#112046, TpcliStrAdded#112047, TpcliAmtCharge#112048, TpcliStrCPT#112049, TpcliStrModifier#112050, TpcliStrNDC#112051, TpcliStrPOS#112052, TpcliIntDx1#112053, TpcliIntDx2#112054, TpcliIntDx3#112055, TpcliIntDx4#112056, TpcliDiagnosis#112057, TpcliDSID#112058, TpcliPayerClaimID#112059, TpcliProviderId#112060, ... 8 more fields] +- Filter (RowState#112041 = true) +- SubqueryAlias spark_catalog.chimcobldhq2agi88smk8gak84ml0j21ah34ukid5l1kuki55l24alh5c9k6enrjd5m7cpbi4lo62t3j.tbl_claimlineitem +- Relation spark_catalog.chimcobldhq2agi88smk8gak84ml0j21ah34ukid5l1kuki55l24alh5c9k6enrjd5m7cpbi4lo62t3j.tbl_claimlineitem[SiteCode#112037,TpcliID#112038,RowChkSum#112039,LastModAt#112040,RowState#112041,TpcliTPCID#112042,TpcliDtmService#112043,TpcliTxtService#112044,TpcliIntUnits#112045,TpcliDtmAdded#112046,TpcliStrAdded#112047,TpcliAmtCharge#112048,TpcliStrCPT#112049,TpcliStrModifier#112050,TpcliStrNDC#112051,TpcliStrPOS#112052,TpcliIntDx1#112053,TpcliIntDx2#112054,TpcliIntDx3#112055,TpcliIntDx4#112056,TpcliDiagnosis#112057,TpcliDSID#112058,TpcliPayerClaimID#112059,TpcliProviderId#112060,... 7 more fields] parquet",2026-09-08T08:39:35.965Z,2026-09-08T08:39:59.347Z,21,2026-09-08T08:39:59.347Z,,,f61fb4c5-0d31-4954-8aac-d0c2d48f9dc90,
202609080820026410,202609080820026410,20260908071753,142,16281,Transaction Report In-DB v7 Silver,sl_TransactionPostingReport,TASK_FAILED,FAILED,ERROR,0,0,1,"[transaction_posting_report] failed joining insurance stream to charges: [UNRESOLVED_COLUMN.WITH_SUGGESTION] A column or function parameter with name `adj.Adj Reason` cannot be resolved. Did you mean one of the following? [`adj`.`Adj Reason`, `adj`.`Date`, `adj`.`SiteCode`, `adj`.`Amount`, `adj`.`Description`].; Project [SiteCode#98780 AS SiteCode#99184, tpcliID#98893 AS tpcliID#99185, tpcliTPCID#98894 AS tpcliTPCID#99186, Date#98806 AS Date#99187, liaStrUser#98819 AS liaStrUser#99188, Description#98832 AS Description#99189, CPT#98897 AS CPT#99190, SvcDate#98951 AS SvcDate#99191, Amount#97583 AS Amount#99192, TransactionType#97572 AS TransactionType#99193, tprbCheck#96851 AS tprbCheck#99194, tpbType#96852 AS tpbType#99195, tprbID#98845 AS tprbID#99196, `adj.Adj Reason` AS Adj Reason#99197, TBTransactionType#98455 AS TBTransactionType#99198] +- Join Inner, ((SiteCode#98780 = SiteCode#98892) AND (tpcliID_link#98793 = tpcliID#98893)) :- SubqueryAlias adj : +- Project [SiteCode#98780, tpcliID_link#98793, Date#98806, liaStrUser#98819, Description#98832, tprbCheck#96851, tpbType#96852, _tprbID#96928 AS tprbID#98845, Amount#97583, TransactionType#97572, Adj Reason#98454, TBTransactionType#98455] : +- Project [SiteCode#98780, tpcliID_link#98793, Date#98806, liaStrUser#98819, _Description#97158 AS Description#98832, tprbCheck#96851, tpbType#96852, _tprbID#96928, Amount#97583, TransactionType#97572, Adj Reason#98454, TBTransactionType#98455] : +- Project [SiteCode#98780, tpcliID_link#98793, Date#98806, _liaStrUser#97118 AS liaStrUser#98819, _Description#97158, tprbCheck#96851, tpbType#96852, _tprbID#96928, Amount#97583, TransactionType#97572, Adj Reason#98454, TBTransactionType#98455] : +- Project [SiteCode#98780, tpcliID_link#98793, _Date#97079 AS Date#98806, _liaStrUser#97118, _Description#97158, tprbCheck#96851, tpbType#96852, _tprbID#96928, Amount#97583, TransactionType#97572, Adj Reason#98454, TBTransactionType#98455] : +- Project [SiteCode#98780, _liaTPCLIID#96893 AS tpcliID_link#98793, _Date#97079, _liaStrUser#97118, _Description#97158, tprbCheck#96851, tpbType#96852, _tprbID#96928, Amount#97583, TransactionType#97572, Adj Reason#98454, TBTransactionType#98455] : +- Project [_SiteCode#96859 AS SiteCode#98780, _liaTPCLIID#96893, _Date#97079, _liaStrUser#97118, _Description#97158, tprbCheck#96851, tpbType#96852, _tprbID#96928, Amount#97583, TransactionType#97572, Adj Reason#98454, TBTransactionType#98455] : +- Filter NOT (Amount#97583 = cast(0 as double)) : +- Union false, false : :- Project [_SiteCode#96859, _liaTPCLIID#96893, _Date#97079, _liaStrUser#97118, _Description#97158, tprbCheck#96851, tpbType#96852, _tprbID#96928, Amount#97583, TransactionType#97572, null AS Adj Reason#98454, null AS TBTransactionType#98455] : : +- Union false, false : : :- Project [_SiteCode#96859, _liaTPCLIID#96893, _Date#97079, _liaStrUser#97118, _Description#97158, tprbCheck#96851, tpbType#96852, _tprbID#96928, (Amount#97562 * cast(-1 as double)) AS Amount#97583, TransactionType#97572] : : : +- Project [_SiteCode#96859, _liaTPCLIID#96893, _Date#97079, _liaStrUser#97118, _Description#97158, tprbCheck#96851, tpbType#96852, _tprbID#96928, Amount#97562, 3rdPartyPayment AS TransactionType#97572] : : : +- Aggregate [_SiteCode#96859, _liaTPCLIID#96893, _Date#97079, _liaStrUser#97118, _Description#97158, tprbCheck#96851, tpbType#96852, _tprbID#96928], [_SiteCode#96859, _liaTPCLIID#96893, _Date#97079, _liaStrUser#97118, _Description#97158, tprbCheck#96851, tpbType#96852, _tprbID#96928, sum(_PaidIns#97284) AS Amount#97562] : : : +- Filter (_PaidIns#97284 > cast(0 as double)) : : : +- Filter (NOT (_AdjGeneral#97199 = void) OR isnull(_AdjGeneral#97199)) : : : +- Project [SiteCode#94331, LiaID#94332, RowChkSum#94333, LastModAt#94334, RowState#94335, LiaTPCLIID#94336, LiaDtm#94337, LiaStrUser#94338, LaiPAIDINS#94339, LaiContADJ#94340, LaiGENADJ#94341, LaiCOPay#94342, LaiDEDUC#94343, LaiCLIENT#94344, LiaBitNoteOnly#94345, LiaStrDesc#94346, TprbID#94347, LiaPending#94348, Liaamt#94349, Liastrtext#94350, LiaADJREASON#94351, LaiCOINS#94352, LiaAction1#94353, LiaAction2#94354, ... 23 more fields] : : : +- Project [SiteCode#94331, LiaID#94332, RowChkSum#94333, LastModAt#94334, RowState#94335, LiaTPCLIID#94336, LiaDtm#94337, LiaStrUser#94338, LaiPAIDINS#94339, LaiContADJ#94340, LaiGENADJ#94341, LaiCOPay#94342, LaiDEDUC#94343, LaiCLIENT#94344, LiaBitNoteOnly#94345, LiaStrDesc#94346, TprbID#94347, LiaPending#94348, Liaamt#94349, Liastrtext#94350, LiaADJREASON#94351, LaiCOINS#94352, LiaAction1#94353, LiaAction2#94354, ... 22 more fields] : : : +- Project [SiteCode#94331, LiaID#94332, RowChkSum#94333, LastModAt#94334, RowState#94335, LiaTPCLIID#94336, LiaDtm#94337, LiaStrUser#94338, LaiPAIDINS#94339, LaiContADJ#94340, LaiGENADJ#94341, LaiCOPay#94342, LaiDEDUC#94343, LaiCLIENT#94344, LiaBitNoteOnly#94345, LiaStrDesc#94346, TprbID#94347, LiaPending#94348, Liaamt#94349, Liastrtext#94350, LiaADJREASON#94351, LaiCOINS#94352, LiaAction1#94353, LiaAction2#94354, ... 21 more fields] : : : +- Project [SiteCode#94331, LiaID#94332, RowChkSum#94333, LastModAt#94334, RowState#94335, LiaTPCLIID#94336, LiaDtm#94337, LiaStrUser#94338, LaiPAIDINS#94339, LaiContADJ#94340, LaiGENADJ#94341, LaiCOPay#94342, LaiDEDUC#94343, LaiCLIENT#94344, LiaBitNoteOnly#94345, LiaStrDesc#94346, TprbID#94347, LiaPending#94348, Liaamt#94349, Liastrtext#94350, LiaADJREASON#94351, LaiCOINS#94352, LiaAction1#94353, LiaAction2#94354, ... 20 more fields] : : : +- Project [SiteCode#94331, LiaID#94332, RowChkSum#94333, LastModAt#94334, RowState#94335, LiaTPCLIID#94336, LiaDtm#94337, LiaStrUser#94338, LaiPAIDINS#94339, LaiContADJ#94340, LaiGENADJ#94341, LaiCOPay#94342, LaiDEDUC#94343, LaiCLIENT#94344, LiaBitNoteOnly#94345, LiaStrDesc#94346, TprbID#94347, LiaPending#94348, Liaamt#94349, Liastrtext#94350, LiaADJREASON#94351, LaiCOINS#94352, LiaAction1#94353, LiaAction2#94354, ... 19 more fields] : : : +- Project [SiteCode#94331, LiaID#94332, RowChkSum#94333, LastModAt#94334, RowState#94335, LiaTPCLIID#94336, LiaDtm#94337, LiaStrUser#94338, LaiPAIDINS#94339, LaiContADJ#94340, LaiGENADJ#94341, LaiCOPay#94342, LaiDEDUC#94343, LaiCLIENT#94344, LiaBitNoteOnly#94345, LiaStrDesc#94346, TprbID#94347, LiaPending#94348, Liaamt#94349, Liastrtext#94350, LiaADJREASON#94351, LaiCOINS#94352, LiaAction1#94353, LiaAction2#94354, ... 18 more fields] : : : +- Project [SiteCode#94331, LiaID#94332, RowChkSum#94333, LastModAt#94334, RowState#94335, LiaTPCLIID#94336, LiaDtm#94337, LiaStrUser#94338, LaiPAIDINS#94339, LaiContADJ#94340, LaiGENADJ#94341, LaiCOPay#94342, LaiDEDUC#94343, LaiCLIENT#94344, LiaBitNoteOnly#94345, LiaStrDesc#94346, TprbID#94347, LiaPending#94348, Liaamt#94349, Liastrtext#94350, LiaADJREASON#94351, LaiCOINS#94352, LiaAction1#94353, LiaAction2#94354, ... 17 more fields] : : : +- Project [SiteCode#94331, LiaID#94332, RowChkSum#94333, LastModAt#94334, RowState#94335, LiaTPCLIID#94336, LiaDtm#94337, LiaStrUser#94338, LaiPAIDINS#94339, LaiContADJ#94340, LaiGENADJ#94341, LaiCOPay#94342, LaiDEDUC#94343, LaiCLIENT#94344, LiaBitNoteOnly#94345, LiaStrDesc#94346, TprbID#94347, LiaPending#94348, Liaamt#94349, Liastrtext#94350, LiaADJREASON#94351, LaiCOINS#94352, LiaAction1#94353, LiaAction2#94354, ... 16 more fields] : : : +- Project [SiteCode#94331, LiaID#94332, RowChkSum#94333, LastModAt#94334, RowState#94335, LiaTPCLIID#94336, LiaDtm#94337, LiaStrUser#94338, LaiPAIDINS#94339, LaiContADJ#94340, LaiGENADJ#94341, LaiCOPay#94342, LaiDEDUC#94343, LaiCLIENT#94344, LiaBitNoteOnly#94345, LiaStrDesc#94346, TprbID#94347, LiaPending#94348, Liaamt#94349, Liastrtext#94350, LiaADJREASON#94351, LaiCOINS#94352, LiaAction1#94353, LiaAction2#94354, ... 15 more fields] : : : +- Project [SiteCode#94331, LiaID#94332, RowChkSum#94333, LastModAt#94334, RowState#94335, LiaTPCLIID#94336, LiaDtm#94337, LiaStrUser#94338, LaiPAIDINS#94339, LaiContADJ#94340, LaiGENADJ#94341, LaiCOPay#94342, LaiDEDUC#94343, LaiCLIENT#94344, LiaBitNoteOnly#94345, LiaStrDesc#94346, TprbID#94347, LiaPending#94348, Liaamt#94349, Liastrtext#94350, LiaADJREASON#94351, LaiCOINS#94352, LiaAction1#94353, LiaAction2#94354, ... 14 more fields] : : : +- Project [SiteCode#94331, LiaID#94332, RowChkSum#94333, LastModAt#94334, RowState#94335, LiaTPCLIID#94336, LiaDtm#94337, LiaStrUser#94338, LaiPAIDINS#94339, LaiContADJ#94340, LaiGENADJ#94341, LaiCOPay#94342, LaiDEDUC#94343, LaiCLIENT#94344, LiaBitNoteOnly#94345, LiaStrDesc#94346, TprbID#94347, LiaPending#94348, Liaamt#94349, Liastrtext#94350, LiaADJREASON#94351, LaiCOINS#94352, LiaAction1#94353, LiaAction2#94354, ... 13 more fields] : : : +- Join LeftOuter, ((_SiteCode#96859 = _b_SiteCode#96849) AND (_tprbID#96928 = _b_tprbID#96850)) : : : :- Project [SiteCode#94331, LiaID#94332, RowChkSum#94333, LastModAt#94334, RowState#94335, LiaTPCLIID#94336, LiaDtm#94337, LiaStrUser#94338, LaiPAIDINS#94339, LaiContADJ#94340, LaiGENADJ#94341, LaiCOPay#94342, LaiDEDUC#94343, LaiCLIENT#94344, LiaBitNoteOnly#94345, LiaStrDesc#94346, TprbID#94347, LiaPending#94348, Liaamt#94349, Liastrtext#94350, LiaADJREASON#94351, LaiCOINS#94352, LiaAction1#94353, LiaAction2#94354, ... 11 more fields] : : : : +- Project [SiteCode#94331, LiaID#94332, RowChkSum#94333, LastModAt#94334, RowState#94335, LiaTPCLIID#94336, LiaDtm#94337, LiaStrUser#94338, LaiPAIDINS#94339, LaiContADJ#94340, LaiGENADJ#94341, LaiCOPay#94342, LaiDEDUC#94343, LaiCLIENT#94344, LiaBitNoteOnly#94345, LiaStrDesc#94346, TprbID#94347, LiaPending#94348, Liaamt#94349, Liastrtext#94350, LiaADJREASON#94351, LaiCOINS#94352, LiaAction1#94353, LiaAction2#94354, ... 10 more fields] : : : : +- Project [SiteCode#94331, LiaID#94332, RowChkSum#94333, LastModAt#94334, RowState#94335, LiaTPCLIID#94336, LiaDtm#94337, LiaStrUser#94338, LaiPAIDINS#94339, LaiContADJ#94340, LaiGENADJ#94341, LaiCOPay#94342, LaiDEDUC#94343, LaiCLIENT#94344, LiaBitNoteOnly#94345, LiaStrDesc#94346, TprbID#94347, LiaPending#94348, Liaamt#94349, Liastrtext#94350, LiaADJREASON#94351, LaiCOINS#94352, LiaAction1#94353, LiaAction2#94354, ... 9 more fields] : : : : +- Filter (RowState#94335 = true) : : : : +- SubqueryAlias spark_catalog.chimcobldhq2agi88smk8gak84ml0j21ah34ukid5l1kuki55l24alh5c9k6enrjd5m7cpbi4lo62t3j.tbl_claimlineitemactivity : : : : +- Relation spark_catalog.chimcobldhq2agi88smk8gak84ml0j21ah34ukid5l1kuki55l24alh5c9k6enrjd5m7cpbi4lo62t3j.tbl_claimlineitemactivity[SiteCode#94331,LiaID#94332,RowChkSum#94333,LastModAt#94334,RowState#94335,LiaTPCLIID#94336,LiaDtm#94337,LiaStrUser#94338,LaiPAIDINS#94339,LaiContADJ#94340,LaiGENADJ#94341,LaiCOPay#94342,LaiDEDUC#94343,LaiCLIENT#94344,LiaBitNoteOnly#94345,LiaStrDesc#94346,TprbID#94347,LiaPending#94348,Liaamt#94349,Liastrtext#94350,LiaADJREASON#94351,LaiCOINS#94352,LiaAction1#94353,LiaAction2#94354,... 8 more fields] parquet : : : +- Project [SiteCode#94794 AS _b_SiteCode#96849, tprbID#94783 AS _b_tprbID#96850, tprbCheck#94792 AS tprbCheck#96851, tpbType#94790 AS tpbType#96852] : : : +- SubqueryAlias spark_catalog.chimcobldhq2agi88smk8gak84ml0j21ah34ukid5l1kuki55l24alh5c9k6enrjd5m7cpbi4lgniu0.tbl_batchpayments : : : +- Relation spark_catalog.chimcobldhq2agi88smk8gak84ml0j21ah34ukid5l1kuki55l24alh5c9k6enrjd5m7cpbi4lgniu0.tbl_batchpayments[tprbID#94783,tprbDtmPaid#94784,tprbAmtPmt#94785,tprbDtmPost#94786,tprbDtmStarted#94787,tprbStrStarted#94788,batchstatus#94789,tpbType#94790,tprbPayer#94791,tprbCheck#94792,Location#94793,SiteCode#94794,ClinicName#94795,RegionCode#94796,VPRegionCode#94797,EHRVersion#94798] parquet : : :- Project [_SiteCode#96859 AS _SiteCode#98316, _liaTPCLIID#96893 AS _liaTPCLIID#98317, _Date#97079 AS _Date#98318, _liaStrUser#97118 AS _liaStrUser#98319, _Description#97158 AS _Description#98320, tprbCheck#96851 AS tprbCheck#98321, tpbType#96852 AS tpbType#98322, _tprbID#96928 AS _tprbID#98323, Amount#97663 AS Amount#98324, TransactionType#97652 AS TransactionType#98325] : : : +- Project [_SiteCode#96859, _liaTPCLIID#96893, _Date#97079, _liaStrUser#97118, _Description#97158, tprbCheck#96851, tpbType#96852, _tprbID#96928, Amount#97663, TransactionType#97652] : : : +- Project [_SiteCode#96859, _liaTPCLIID#96893, _Date#97079, _liaStrUser#97118, _Description#97158, tprbCheck#96851, tpbType#96852, _tprbID#96928, (Amount#97642 * cast(-1 as double)) AS Amount#97663, TransactionType#97652] : : : +- Project [_SiteCode#96859, _liaTPCLIID#96893, _Date#97079, _liaStrUser#97118, _Description#97158, tprbCheck#96851, tpbType#96852, _tprbID#96928, Amount#97642, 3rdPartyPaymentAdj AS TransactionType#97652] : : : +- Aggregate [_SiteCode#96859, _liaTPCLIID#96893, _Date#97079, _liaStrUser#97118, _Description#97158, tprbCheck#96851, tpbType#96852, _tprbID#96928], [_SiteCode#96859, _liaTPCLIID#96893, _Date#97079, _liaStrUser#97118, _Description#97158, tprbCheck#96851, tpbType#96852, _tprbID#96928, sum(_PaidIns#97284) AS Amount#97642] : : : +- Filter (_PaidIns#97284 < cast(0 as double)) : : : +- Filter (NOT (_AdjGeneral#97199 = void) OR isnull(_AdjGeneral#97199)) : : : +- Project [SiteCode#98266, LiaID#98267, RowChkSum#98268, LastModAt#98269, RowState#98270, LiaTPCLIID#98271, LiaDtm#98272, LiaStrUser#98273, LaiPAIDINS#98274, LaiContADJ#98275, LaiGENADJ#98276, LaiCOPay#98277, LaiDEDUC#98278, LaiCLIENT#98279, LiaBitNoteOnly#98280, LiaStrDesc#98281, TprbID#98282, LiaPending#98283, Liaamt#98284, Liastrtext#98285, LiaADJREASON#98286, LaiCOINS#98287, LiaAction1#98288, LiaAction2#98289, ... 23 more fields] : : : +- Project [SiteCode#98266, LiaID#98267, RowChkSum#98268, LastModAt#98269, RowState#98270, LiaTPCLIID#98271, LiaDtm#98272, LiaStrUser#98273, LaiPAIDINS#98274, LaiContADJ#98275, LaiGENADJ#98276, LaiCOPay#98277, LaiDEDUC#98278, LaiCLIENT#98279, LiaBitNoteOnly#98280, LiaStrDesc#98281, TprbID#98282, LiaPending#98283, Liaamt#98284, Liastrtext#98285, LiaADJREASON#98286, LaiCOINS#98287, LiaAction1#98288, LiaAction2#98289, ... 22 more fields] : : : +- Project [SiteCode#98266, LiaID#98267, RowChkSum#98268, LastModAt#98269, RowState#98270, LiaTPCLIID#98271, LiaDtm#98272, LiaStrUser#98273, LaiPAIDINS#98274, LaiContADJ#98275, LaiGENADJ#98276, LaiCOPay#98277, LaiDEDUC#98278, LaiCLIENT#98279, LiaBitNoteOnly#98280, LiaStrDesc#98281, TprbID#98282, LiaPending#98283, Liaamt#98284, Liastrtext#98285, LiaADJREASON#98286, LaiCOINS#98287, LiaAction1#98288, LiaAction2#98289, ... 21 more fields] : : : +- Project [SiteCode#98266, LiaID#98267, RowChkSum#98268, LastModAt#98269, RowState#98270, LiaTPCLIID#98271, LiaDtm#98272, LiaStrUser#98273, LaiPAIDINS#98274, LaiContADJ#98275, LaiGENADJ#98276, LaiCOPay#98277, LaiDEDUC#98278, LaiCLIENT#98279, LiaBitNoteOnly#98280, LiaStrDesc#98281, TprbID#98282, LiaPending#98283, Liaamt#98284, Liastrtext#98285, LiaADJREASON#98286, LaiCOINS#98287, LiaAction1#98288, LiaAction2#98289, ... 20 more fields] : : : +- Project [SiteCode#98266, LiaID#98267, RowChkSum#98268, LastModAt#98269, RowState#98270, LiaTPCLIID#98271, LiaDtm#98272, LiaStrUser#98273, LaiPAIDINS#98274, LaiContADJ#98275, LaiGENADJ#98276, LaiCOPay#98277, LaiDEDUC#98278, LaiCLIENT#98279, LiaBitNoteOnly#98280, LiaStrDesc#98281, TprbID#98282, LiaPending#98283, Liaamt#98284, Liastrtext#98285, LiaADJREASON#98286, LaiCOINS#98287, LiaAction1#98288, LiaAction2#98289, ... 19 more fields] : : : +- Project [SiteCode#98266, LiaID#98267, RowChkSum#98268, LastModAt#98269, RowState#98270, LiaTPCLIID#98271, LiaDtm#98272, LiaStrUser#98273, LaiPAIDINS#98274, LaiContADJ#98275, LaiGENADJ#98276, LaiCOPay#98277, LaiDEDUC#98278, LaiCLIENT#98279, LiaBitNoteOnly#98280, LiaStrDesc#98281, TprbID#98282, LiaPending#98283, Liaamt#98284, Liastrtext#98285, LiaADJREASON#98286, LaiCOINS#98287, LiaAction1#98288, LiaAction2#98289, ... 18 more fields] : : : +- Project [SiteCode#98266, LiaID#98267, RowChkSum#98268, LastModAt#98269, RowState#98270, LiaTPCLIID#98271, LiaDtm#98272, LiaStrUser#98273, LaiPAIDINS#98274, LaiContADJ#98275, LaiGENADJ#98276, LaiCOPay#98277, LaiDEDUC#98278, LaiCLIENT#98279, LiaBitNoteOnly#98280, LiaStrDesc#98281, TprbID#98282, LiaPending#98283, Liaamt#98284, Liastrtext#98285, LiaADJREASON#98286, LaiCOINS#98287, LiaAction1#98288, LiaAction2#98289, ... 17 more fields] : : : +- Project [SiteCode#98266, LiaID#98267, RowChkSum#98268, LastModAt#98269, RowState#98270, LiaTPCLIID#98271, LiaDtm#98272, LiaStrUser#98273, LaiPAIDINS#98274, LaiContADJ#98275, LaiGENADJ#98276, LaiCOPay#98277, LaiDEDUC#98278, LaiCLIENT#98279, LiaBitNoteOnly#98280, LiaStrDesc#98281, TprbID#98282, LiaPending#98283, Liaamt#98284, Liastrtext#98285, LiaADJREASON#98286, LaiCOINS#98287, LiaAction1#98288, LiaAction2#98289, ... 16 more fields] : : : +- Project [SiteCode#98266, LiaID#98267, RowChkSum#98268, LastModAt#98269, RowState#98270, LiaTPCLIID#98271, LiaDtm#98272, LiaStrUser#98273, LaiPAIDINS#98274, LaiContADJ#98275, LaiGENADJ#98276, LaiCOPay#98277, LaiDEDUC#98278, LaiCLIENT#98279, LiaBitNoteOnly#98280, LiaStrDesc#98281, TprbID#98282, LiaPending#98283, Liaamt#98284, Liastrtext#98285, LiaADJREASON#98286, LaiCOINS#98287, LiaAction1#98288, LiaAction2#98289, ... 15 more fields] : : : +- Project [SiteCode#98266, LiaID#98267, RowChkSum#98268, LastModAt#98269, RowState#98270, LiaTPCLIID#98271, LiaDtm#98272, LiaStrUser#98273, LaiPAIDINS#98274, LaiContADJ#98275, LaiGENADJ#98276, LaiCOPay#98277, LaiDEDUC#98278, LaiCLIENT#98279, LiaBitNoteOnly#98280, LiaStrDesc#98281, TprbID#98282, LiaPending#98283, Liaamt#98284, Liastrtext#98285, LiaADJREASON#98286, LaiCOINS#98287, LiaAction1#98288, LiaAction2#98289, ... 14 more fields] : : : +- Project [SiteCode#98266, LiaID#98267, RowChkSum#98268, LastModAt#98269, RowState#98270, LiaTPCLIID#98271, LiaDtm#98272, LiaStrUser#98273, LaiPAIDINS#98274, LaiContADJ#98275, LaiGENADJ#98276, LaiCOPay#98277, LaiDEDUC#98278, LaiCLIENT#98279, LiaBitNoteOnly#98280, LiaStrDesc#98281, TprbID#98282, LiaPending#98283, Liaamt#98284, Liastrtext#98285, LiaADJREASON#98286, LaiCOINS#98287, LiaAction1#98288, LiaAction2#98289, ... 13 more fields] : : : +- Join LeftOuter, ((_SiteCode#96859 = _b_SiteCode#96849) AND (_tprbID#96928 = _b_tprbID#96850)) : : : :- Project [SiteCode#98266, LiaID#98267, RowChkSum#98268, LastModAt#98269, RowState#98270, LiaTPCLIID#98271, LiaDtm#98272, LiaStrUser#98273, LaiPAIDINS#98274, LaiContADJ#98275, LaiGENADJ#98276, LaiCOPay#98277, LaiDEDUC#98278, LaiCLIENT#98279, LiaBitNoteOnly#98280, LiaStrDesc#98281, TprbID#98282, LiaPending#98283, Liaamt#98284, Liastrtext#98285, LiaADJREASON#98286, LaiCOINS#98287, LiaAction1#98288, LiaAction2#98289, ... 11 more fields] : : : : +- Project [SiteCode#98266, LiaID#98267, RowChkSum#98268, LastModAt#98269, RowState#98270, LiaTPCLIID#98271, LiaDtm#98272, LiaStrUser#98273, LaiPAIDINS#98274, LaiContADJ#98275, LaiGENADJ#98276, LaiCOPay#98277, LaiDEDUC#98278, LaiCLIENT#98279, LiaBitNoteOnly#98280, LiaStrDesc#98281, TprbID#98282, LiaPending#98283, Liaamt#98284, Liastrtext#98285, LiaADJREASON#98286, LaiCOINS#98287, LiaAction1#98288, LiaAction2#98289, ... 10 more fields] : : : : +- Project [SiteCode#98266, LiaID#98267, RowChkSum#98268, LastModAt#98269, RowState#98270, LiaTPCLIID#98271, LiaDtm#98272, LiaStrUser#98273, LaiPAIDINS#98274, LaiContADJ#98275, LaiGENADJ#98276, LaiCOPay#98277, LaiDEDUC#98278, LaiCLIENT#98279, LiaBitNoteOnly#98280, LiaStrDesc#98281, TprbID#98282, LiaPending#98283, Liaamt#98284, Liastrtext#98285, LiaADJREASON#98286, LaiCOINS#98287, LiaAction1#98288, LiaAction2#98289, ... 9 more fields] : : : : +- Filter (RowState#98270 = true) : : : : +- SubqueryAlias spark_catalog.chimcobldhq2agi88smk8gak84ml0j21ah34ukid5l1kuki55l24alh5c9k6enrjd5m7cpbi4lo62t3j.tbl_claimlineitemactivity : : : : +- Relation spark_catalog.chimcobldhq2agi88smk8gak84ml0j21ah34ukid5l1kuki55l24alh5c9k6enrjd5m7cpbi4lo62t3j.tbl_claimlineitemactivity[SiteCode#98266,LiaID#98267,RowChkSum#98268,LastModAt#98269,RowState#98270,LiaTPCLIID#98271,LiaDtm#98272,LiaStrUser#98273,LaiPAIDINS#98274,LaiContADJ#98275,LaiGENADJ#98276,LaiCOPay#98277,LaiDEDUC#98278,LaiCLIENT#98279,LiaBitNoteOnly#98280,LiaStrDesc#98281,TprbID#98282,LiaPending#98283,Liaamt#98284,Liastrtext#98285,LiaADJREASON#98286,LaiCOINS#98287,LiaAction1#98288,LiaAction2#98289,... 8 more fields] parquet : : : +- Project [SiteCode#98309 AS _b_SiteCode#96849, tprbID#98298 AS _b_tprbID#96850, tprbCheck#98307 AS tprbCheck#96851, tpbType#98305 AS tpbType#96852] : : : +- SubqueryAlias spark_catalog.chimcobldhq2agi88smk8gak84ml0j21ah34ukid5l1kuki55l24alh5c9k6enrjd5m7cpbi4lgniu0.tbl_batchpayments : : : +- Relation spark_catalog.chimcobldhq2agi88smk8gak84ml0j21ah34ukid5l1kuki55l24alh5c9k6enrjd5m7cpbi4lgniu0.tbl_batchpayments[tprbID#98298,tprbDtmPaid#98299,tprbAmtPmt#98300,tprbDtmPost#98301,tprbDtmStarted#98302,tprbStrStarted#98303,batchstatus#98304,tpbType#98305,tprbPayer#98306,tprbCheck#98307,Location#98308,SiteCode#98309,ClinicName#98310,RegionCode#98311,VPRegionCode#98312,EHRVersion#98313] parquet : : +- Project [_SiteCode#96859 AS _SiteCode#98386, _liaTPCLIID#96893 AS _liaTPCLIID#98387, _Date#97079 AS _Date#98388, _liaStrUser#97118 AS _liaStrUser#98389, _Description#97158 AS _Description#98390, tprbCheck#96851 AS tprbCheck#98391, tpbType#96852 AS tpbType#98392, _tprbID#96928 AS _tprbID#98393, Amount#97743 AS Amount#98394, TransactionType#97732 AS TransactionType#98395] : : +- Project [_SiteCode#96859, _liaTPCLIID#96893, _Date#97079, _liaStrUser#97118, _Description#97158, tprbCheck#96851, tpbType#96852, _tprbID#96928, Amount#97743, TransactionType#97732] : : +- Project [_SiteCode#96859, _liaTPCLIID#96893, _Date#97079, _liaStrUser#97118, _Description#97158, tprbCheck#96851, tpbType#96852, _tprbID#96928, (Amount#97722 * cast(-1 as double)) AS Amount#97743, TransactionType#97732] : : +- Project [_SiteCode#96859, _liaTPCLIID#96893, _Date#97079, _liaStrUser#97118, _Description#97158, tprbCheck#96851, tpbType#96852, _tprbID#96928, Amount#97722, 3rdPartyARTransfer AS TransactionType#97732] : : +- Aggregate [_SiteCode#96859, _liaTPCLIID#96893, _Date#97079, _liaStrUser#97118, _Description#97158, tprbCheck#96851, tpbType#96852, _tprbID#96928], [_SiteCode#96859, _liaTPCLIID#96893, _Date#97079, _liaStrUser#97118, _Description#97158, tprbCheck#96851, tpbType#96852, _tprbID#96928, sum(_Transfer#97419) AS Amount#97722] : : +- Filter (NOT (_AdjGeneral#97199 = void) OR isnull(_AdjGeneral#97199)) : : +- Project [SiteCode#98336, LiaID#98337, RowChkSum#98338, LastModAt#98339, RowState#98340, LiaTPCLIID#98341, LiaDtm#98342, LiaStrUser#98343, LaiPAIDINS#98344, LaiContADJ#98345, LaiGENADJ#98346, LaiCOPay#98347, LaiDEDUC#98348, LaiCLIENT#98349, LiaBitNoteOnly#98350, LiaStrDesc#98351, TprbID#98352, LiaPending#98353, Liaamt#98354, Liastrtext#98355, LiaADJREASON#98356, LaiCOINS#98357, LiaAction1#98358, LiaAction2#98359, ... 23 more fields] : : +- Project [SiteCode#98336, LiaID#98337, RowChkSum#98338, LastModAt#98339, RowState#98340, LiaTPCLIID#98341, LiaDtm#98342, LiaStrUser#98343, LaiPAIDINS#98344, LaiContADJ#98345, LaiGENADJ#98346, LaiCOPay#98347, LaiDEDUC#98348, LaiCLIENT#98349, LiaBitNoteOnly#98350, LiaStrDesc#98351, TprbID#98352, LiaPending#98353, Liaamt#98354, Liastrtext#98355, LiaADJREASON#98356, LaiCOINS#98357, LiaAction1#98358, LiaAction2#98359, ... 22 more fields] : : +- Project [SiteCode#98336, LiaID#98337, RowChkSum#98338, LastModAt#98339, RowState#98340, LiaTPCLIID#98341, LiaDtm#98342, LiaStrUser#98343, LaiPAIDINS#98344, LaiContADJ#98345, LaiGENADJ#98346, LaiCOPay#98347, LaiDEDUC#98348, LaiCLIENT#98349, LiaBitNoteOnly#98350, LiaStrDesc#98351, TprbID#98352, LiaPending#98353, Liaamt#98354, Liastrtext#98355, LiaADJREASON#98356, LaiCOINS#98357, LiaAction1#98358, LiaAction2#98359, ... 21 more fields] : : +- Project [SiteCode#98336, LiaID#98337, RowChkSum#98338, LastModAt#98339, RowState#98340, LiaTPCLIID#98341, LiaDtm#98342, LiaStrUser#98343, LaiPAIDINS#98344, LaiContADJ#98345, LaiGENADJ#98346, LaiCOPay#98347, LaiDEDUC#98348, LaiCLIENT#98349, LiaBitNoteOnly#98350, LiaStrDesc#98351, TprbID#98352, LiaPending#98353, Liaamt#98354, Liastrtext#98355, LiaADJREASON#98356, LaiCOINS#98357, LiaAction1#98358, LiaAction2#98359, ... 20 more fields] : : +- Project [SiteCode#98336, LiaID#98337, RowChkSum#98338, LastModAt#98339, RowState#98340, LiaTPCLIID#98341, LiaDtm#98342, LiaStrUser#98343, LaiPAIDINS#98344, LaiContADJ#98345, LaiGENADJ#98346, LaiCOPay#98347, LaiDEDUC#98348, LaiCLIENT#98349, LiaBitNoteOnly#98350, LiaStrDesc#98351, TprbID#98352, LiaPending#98353, Liaamt#98354, Liastrtext#98355, LiaADJREASON#98356, LaiCOINS#98357, LiaAction1#98358, LiaAction2#98359, ... 19 more fields] : : +- Project [SiteCode#98336, LiaID#98337, RowChkSum#98338, LastModAt#98339, RowState#98340, LiaTPCLIID#98341, LiaDtm#98342, LiaStrUser#98343, LaiPAIDINS#98344, LaiContADJ#98345, LaiGENADJ#98346, LaiCOPay#98347, LaiDEDUC#98348, LaiCLIENT#98349, LiaBitNoteOnly#98350, LiaStrDesc#98351, TprbID#98352, LiaPending#98353, Liaamt#98354, Liastrtext#98355, LiaADJREASON#98356, LaiCOINS#98357, LiaAction1#98358, LiaAction2#98359, ... 18 more fields] : : +- Project [SiteCode#98336, LiaID#98337, RowChkSum#98338, LastModAt#98339, RowState#98340, LiaTPCLIID#98341, LiaDtm#98342, LiaStrUser#98343, LaiPAIDINS#98344, LaiContADJ#98345, LaiGENADJ#98346, LaiCOPay#98347, LaiDEDUC#98348, LaiCLIENT#98349, LiaBitNoteOnly#98350, LiaStrDesc#98351, TprbID#98352, LiaPending#98353, Liaamt#98354, Liastrtext#98355, LiaADJREASON#98356, LaiCOINS#98357, LiaAction1#98358, LiaAction2#98359, ... 17 more fields] : : +- Project [SiteCode#98336, LiaID#98337, RowChkSum#98338, LastModAt#98339, RowState#98340, LiaTPCLIID#98341, LiaDtm#98342, LiaStrUser#98343, LaiPAIDINS#98344, LaiContADJ#98345, LaiGENADJ#98346, LaiCOPay#98347, LaiDEDUC#98348, LaiCLIENT#98349, LiaBitNoteOnly#98350, LiaStrDesc#98351, TprbID#98352, LiaPending#98353, Liaamt#98354, Liastrtext#98355, LiaADJREASON#98356, LaiCOINS#98357, LiaAction1#98358, LiaAction2#98359, ... 16 more fields] : : +- Project [SiteCode#98336, LiaID#98337, RowChkSum#98338, LastModAt#98339, RowState#98340, LiaTPCLIID#98341, LiaDtm#98342, LiaStrUser#98343, LaiPAIDINS#98344, LaiContADJ#98345, LaiGENADJ#98346, LaiCOPay#98347, LaiDEDUC#98348, LaiCLIENT#98349, LiaBitNoteOnly#98350, LiaStrDesc#98351, TprbID#98352, LiaPending#98353, Liaamt#98354, Liastrtext#98355, LiaADJREASON#98356, LaiCOINS#98357, LiaAction1#98358, LiaAction2#98359, ... 15 more fields] : : +- Project [SiteCode#98336, LiaID#98337, RowChkSum#98338, LastModAt#98339, RowState#98340, LiaTPCLIID#98341, LiaDtm#98342, LiaStrUser#98343, LaiPAIDINS#98344, LaiContADJ#98345, LaiGENADJ#98346, LaiCOPay#98347, LaiDEDUC#98348, LaiCLIENT#98349, LiaBitNoteOnly#98350, LiaStrDesc#98351, TprbID#98352, LiaPending#98353, Liaamt#98354, Liastrtext#98355, LiaADJREASON#98356, LaiCOINS#98357, LiaAction1#98358, LiaAction2#98359, ... 14 more fields] : : +- Project [SiteCode#98336, LiaID#98337, RowChkSum#98338, LastModAt#98339, RowState#98340, LiaTPCLIID#98341, LiaDtm#98342, LiaStrUser#98343, LaiPAIDINS#98344, LaiContADJ#98345, LaiGENADJ#98346, LaiCOPay#98347, LaiDEDUC#98348, LaiCLIENT#98349, LiaBitNoteOnly#98350, LiaStrDesc#98351, TprbID#98352, LiaPending#98353, Liaamt#98354, Liastrtext#98355, LiaADJREASON#98356, LaiCOINS#98357, LiaAction1#98358, LiaAction2#98359, ... 13 more fields] : : +- Join LeftOuter, ((_SiteCode#96859 = _b_SiteCode#96849) AND (_tprbID#96928 = _b_tprbID#96850)) : : :- Project [SiteCode#98336, LiaID#98337, RowChkSum#98338, LastModAt#98339, RowState#98340, LiaTPCLIID#98341, LiaDtm#98342, LiaStrUser#98343, LaiPAIDINS#98344, LaiContADJ#98345, LaiGENADJ#98346, LaiCOPay#98347, LaiDEDUC#98348, LaiCLIENT#98349, LiaBitNoteOnly#98350, LiaStrDesc#98351, TprbID#98352, LiaPending#98353, Liaamt#98354, Liastrtext#98355, LiaADJREASON#98356, LaiCOINS#98357, LiaAction1#98358, LiaAction2#98359, ... 11 more fields] : : : +- Project [SiteCode#98336, LiaID#98337, RowChkSum#98338, LastModAt#98339, RowState#98340, LiaTPCLIID#98341, LiaDtm#98342, LiaStrUser#98343, LaiPAIDINS#98344, LaiContADJ#98345, LaiGENADJ#98346, LaiCOPay#98347, LaiDEDUC#98348, LaiCLIENT#98349, LiaBitNoteOnly#98350, LiaStrDesc#98351, TprbID#98352, LiaPending#98353, Liaamt#98354, Liastrtext#98355, LiaADJREASON#98356, LaiCOINS#98357, LiaAction1#98358, LiaAction2#98359, ... 10 more fields] : : : +- Project [SiteCode#98336, LiaID#98337, RowChkSum#98338, LastModAt#98339, RowState#98340, LiaTPCLIID#98341, LiaDtm#98342, LiaStrUser#98343, LaiPAIDINS#98344, LaiContADJ#98345, LaiGENADJ#98346, LaiCOPay#98347, LaiDEDUC#98348, LaiCLIENT#98349, LiaBitNoteOnly#98350, LiaStrDesc#98351, TprbID#98352, LiaPending#98353, Liaamt#98354, Liastrtext#98355, LiaADJREASON#98356, LaiCOINS#98357, LiaAction1#98358, LiaAction2#98359, ... 9 more fields] : : : +- Filter (RowState#98340 = true) : : : +- SubqueryAlias spark_catalog.chimcobldhq2agi88smk8gak84ml0j21ah34ukid5l1kuki55l24alh5c9k6enrjd5m7cpbi4lo62t3j.tbl_claimlineitemactivity : : : +- Relation spark_catalog.chimcobldhq2agi88smk8gak84ml0j21ah34ukid5l1kuki55l24alh5c9k6enrjd5m7cpbi4lo62t3j.tbl_claimlineitemactivity[SiteCode#98336,LiaID#98337,RowChkSum#98338,LastModAt#98339,RowState#98340,LiaTPCLIID#98341,LiaDtm#98342,LiaStrUser#98343,LaiPAIDINS#98344,LaiContADJ#98345,LaiGENADJ#98346,LaiCOPay#98347,LaiDEDUC#98348,LaiCLIENT#98349,LiaBitNoteOnly#98350,LiaStrDesc#98351,TprbID#98352,LiaPending#98353,Liaamt#98354,Liastrtext#98355,LiaADJREASON#98356,LaiCOINS#98357,LiaAction1#98358,LiaAction2#98359,... 8 more fields] parquet : : +- Project [SiteCode#98379 AS _b_SiteCode#96849, tprbID#98368 AS _b_tprbID#96850, tprbCheck#98377 AS tprbCheck#96851, tpbType#98375 AS tpbType#96852] : : +- SubqueryAlias spark_catalog.chimcobldhq2agi88smk8gak84ml0j21ah34ukid5l1kuki55l24alh5c9k6enrjd5m7cpbi4lgniu0.tbl_batchpayments : : +- Relation spark_catalog.chimcobldhq2agi88smk8gak84ml0j21ah34ukid5l1kuki55l24alh5c9k6enrjd5m7cpbi4lgniu0.tbl_batchpayments[tprbID#98368,tprbDtmPaid#98369,tprbAmtPmt#98370,tprbDtmPost#98371,tprbDtmStarted#98372,tprbStrStarted#98373,batchstatus#98374,tpbType#98375,tprbPayer#98376,tprbCheck#98377,Location#98378,SiteCode#98379,ClinicName#98380,RegionCode#98381,VPRegionCode#98382,EHRVersion#98383] parquet : :- Project [_SiteCode#96859 AS _SiteCode#98458, _liaTPCLIID#96893 AS _liaTPCLIID#98459, _Date#97079 AS _Date#98460, _liaStrUser#97118 AS _liaStrUser#98461, _Description#97158 AS _Description#98462, tprbCheck#96851 AS tprbCheck#98463, tpbType#96852 AS tpbType#98464, _tprbID#96928 AS _tprbID#98465, Amount#97849 AS Amount#98466, TransactionType#97824 AS TransactionType#98467, Adj Reason#97813 AS Adj Reason#98468, TBTransactionType#97836 AS TBTransactionType#98469] : : +- Project [_SiteCode#96859, _liaTPCLIID#96893, _Date#97079, _liaStrUser#97118, _Description#97158, tprbCheck#96851, tpbType#96852, _tprbID#96928, Amount#97849, TransactionType#97824, Adj Reason#97813, TBTransactionType#97836] : : +- Project [_SiteCode#96859, _liaTPCLIID#96893, _Date#97079, _liaStrUser#97118, _Description#97158, tprbCheck#96851, tpbType#96852, _tprbID#96928, Adj Reason#97813, (Amount#97802 * cast(-1 as double)) AS Amount#97849, TransactionType#97824, TBTransactionType#97836] : : +- Project [_SiteCode#96859, _liaTPCLIID#96893, _Date#97079, _liaStrUser#97118, _Description#97158, tprbCheck#96851, tpbType#96852, _tprbID#96928, Adj Reason#97813, Amount#97802, TransactionType#97824, CASE WHEN _Description#97158 IN (45,253,275,CO-45) THEN BillAdjust ELSE BillLineAdjust+ END AS TBTransactionType#97836] : : +- Project [_SiteCode#96859, _liaTPCLIID#96893, _Date#97079, _liaStrUser#97118, _Description#97158, tprbCheck#96851, tpbType#96852, _tprbID#96928, Adj Reason#97813, Amount#97802, CASE WHEN _Description#97158 IN (45,253,275,CO-45) THEN BillAdjust ELSE BillLineAdjust+ END AS TransactionType#97824] : : +- Project [_SiteCode#96859, _liaTPCLIID#96893, _Date#97079, _liaStrUser#97118, _Description#97158, tprbCheck#96851, tpbType#96852, _tprbID#96928, _AdjContract#97241 AS Adj Reason#97813, Amount#97802] : : +- Aggregate [_SiteCode#96859, _liaTPCLIID#96893, _Date#97079, _liaStrUser#97118, _Description#97158, tprbCheck#96851, tpbType#96852, _tprbID#96928, _AdjContract#97241], [_SiteCode#96859, _liaTPCLIID#96893, _Date#97079, _liaStrUser#97118, _Description#97158, tprbCheck#96851, tpbType#96852, _tprbID#96928, _AdjContract#97241, sum(_ContAdj#97328) AS Amount#97802] : : +- Filter (_ContAdj#97328 > cast(0 as double)) : : +- Filter NOT (_AdjGeneral#97199 = void) : : +- Project [SiteCode#98406, LiaID#98407, RowChkSum#98408, LastModAt#98409, RowState#98410, LiaTPCLIID#98411, LiaDtm#98412, LiaStrUser#98413, LaiPAIDINS#98414, LaiContADJ#98415, LaiGENADJ#98416, LaiCOPay#98417, LaiDEDUC#98418, LaiCLIENT#98419, LiaBitNoteOnly#98420, LiaStrDesc#98421, TprbID#98422, LiaPending#98423, Liaamt#98424, Liastrtext#98425, LiaADJREASON#98426, LaiCOINS#98427, LiaAction1#98428, LiaAction2#98429, ... 23 more fields] : : +- Project [SiteCode#98406, LiaID#98407, RowChkSum#98408, LastModAt#98409, RowState#98410, LiaTPCLIID#98411, LiaDtm#98412, LiaStrUser#98413, LaiPAIDINS#98414, LaiContADJ#98415, LaiGENADJ#98416, LaiCOPay#98417, LaiDEDUC#98418, LaiCLIENT#98419, LiaBitNoteOnly#98420, LiaStrDesc#98421, TprbID#98422, LiaPending#98423, Liaamt#98424, Liastrtext#98425, LiaADJREASON#98426, LaiCOINS#98427, LiaAction1#98428, LiaAction2#98429, ... 22 more fields] : : +- Project [SiteCode#98406, LiaID#98407, RowChkSum#98408, LastModAt#98409, RowState#98410, LiaTPCLIID#98411, LiaDtm#98412, LiaStrUser#98413, LaiPAIDINS#98414, LaiContADJ#98415, LaiGENADJ#98416, LaiCOPay#98417, LaiDEDUC#98418, LaiCLIENT#98419, LiaBitNoteOnly#98420, LiaStrDesc#98421, TprbID#98422, LiaPending#98423, Liaamt#98424, Liastrtext#98425, LiaADJREASON#98426, LaiCOINS#98427, LiaAction1#98428, LiaAction2#98429, ... 21 more fields] : : +- Project [SiteCode#98406, LiaID#98407, RowChkSum#98408, LastModAt#98409, RowState#98410, LiaTPCLIID#98411, LiaDtm#98412, LiaStrUser#98413, LaiPAIDINS#98414, LaiContADJ#98415, LaiGENADJ#98416, LaiCOPay#98417, LaiDEDUC#98418, LaiCLIENT#98419, LiaBitNoteOnly#98420, LiaStrDesc#98421, TprbID#98422, LiaPending#98423, Liaamt#98424, Liastrtext#98425, LiaADJREASON#98426, LaiCOINS#98427, LiaAction1#98428, LiaAction2#98429, ... 20 more fields] : : +- Project [SiteCode#98406, LiaID#98407, RowChkSum#98408, LastModAt#98409, RowState#98410, LiaTPCLIID#98411, LiaDtm#98412, LiaStrUser#98413, LaiPAIDINS#98414, LaiContADJ#98415, LaiGENADJ#98416, LaiCOPay#98417, LaiDEDUC#98418, LaiCLIENT#98419, LiaBitNoteOnly#98420, LiaStrDesc#98421, TprbID#98422, LiaPending#98423, Liaamt#98424, Liastrtext#98425, LiaADJREASON#98426, LaiCOINS#98427, LiaAction1#98428, LiaAction2#98429, ... 19 more fields] : : +- Project [SiteCode#98406, LiaID#98407, RowChkSum#98408, LastModAt#98409, RowState#98410, LiaTPCLIID#98411, LiaDtm#98412, LiaStrUser#98413, LaiPAIDINS#98414, LaiContADJ#98415, LaiGENADJ#98416, LaiCOPay#98417, LaiDEDUC#98418, LaiCLIENT#98419, LiaBitNoteOnly#98420, LiaStrDesc#98421, TprbID#98422, LiaPending#98423, Liaamt#98424, Liastrtext#98425, LiaADJREASON#98426, LaiCOINS#98427, LiaAction1#98428, LiaAction2#98429, ... 18 more fields] : : +- Project [SiteCode#98406, LiaID#98407, RowChkSum#98408, LastModAt#98409, RowState#98410, LiaTPCLIID#98411, LiaDtm#98412, LiaStrUser#98413, LaiPAIDINS#98414, LaiContADJ#98415, LaiGENADJ#98416, LaiCOPay#98417, LaiDEDUC#98418, LaiCLIENT#98419, LiaBitNoteOnly#98420, LiaStrDesc#98421, TprbID#98422, LiaPending#98423, Liaamt#98424, Liastrtext#98425, LiaADJREASON#98426, LaiCOINS#98427, LiaAction1#98428, LiaAction2#98429, ... 17 more fields] : : +- Project [SiteCode#98406, LiaID#98407, RowChkSum#98408, LastModAt#98409, RowState#98410, LiaTPCLIID#98411, LiaDtm#98412, LiaStrUser#98413, LaiPAIDINS#98414, LaiContADJ#98415, LaiGENADJ#98416, LaiCOPay#98417, LaiDEDUC#98418, LaiCLIENT#98419, LiaBitNoteOnly#98420, LiaStrDesc#98421, TprbID#98422, LiaPending#98423, Liaamt#98424, Liastrtext#98425, LiaADJREASON#98426, LaiCOINS#98427, LiaAction1#98428, LiaAction2#98429, ... 16 more fields] : : +- Project [SiteCode#98406, LiaID#98407, RowChkSum#98408, LastModAt#98409, RowState#98410, LiaTPCLIID#98411, LiaDtm#98412, LiaStrUser#98413, LaiPAIDINS#98414, LaiContADJ#98415, LaiGENADJ#98416, LaiCOPay#98417, LaiDEDUC#98418, LaiCLIENT#98419, LiaBitNoteOnly#98420, LiaStrDesc#98421, TprbID#98422, LiaPending#98423, Liaamt#98424, Liastrtext#98425, LiaADJREASON#98426, LaiCOINS#98427, LiaAction1#98428, LiaAction2#98429, ... 15 more fields] : : +- Project [SiteCode#98406, LiaID#98407, RowChkSum#98408, LastModAt#98409, RowState#98410, LiaTPCLIID#98411, LiaDtm#98412, LiaStrUser#98413, LaiPAIDINS#98414, LaiContADJ#98415, LaiGENADJ#98416, LaiCOPay#98417, LaiDEDUC#98418, LaiCLIENT#98419, LiaBitNoteOnly#98420, LiaStrDesc#98421, TprbID#98422, LiaPending#98423, Liaamt#98424, Liastrtext#98425, LiaADJREASON#98426, LaiCOINS#98427, LiaAction1#98428, LiaAction2#98429, ... 14 more fields] : : +- Project [SiteCode#98406, LiaID#98407, RowChkSum#98408, LastModAt#98409, RowState#98410, LiaTPCLIID#98411, LiaDtm#98412, LiaStrUser#98413, LaiPAIDINS#98414, LaiContADJ#98415, LaiGENADJ#98416, LaiCOPay#98417, LaiDEDUC#98418, LaiCLIENT#98419, LiaBitNoteOnly#98420, LiaStrDesc#98421, TprbID#98422, LiaPending#98423, Liaamt#98424, Liastrtext#98425, LiaADJREASON#98426, LaiCOINS#98427, LiaAction1#98428, LiaAction2#98429, ... 13 more fields] : : +- Join LeftOuter, ((_SiteCode#96859 = _b_SiteCode#96849) AND (_tprbID#96928 = _b_tprbID#96850)) : : :- Project [SiteCode#98406, LiaID#98407, RowChkSum#98408, LastModAt#98409, RowState#98410, LiaTPCLIID#98411, LiaDtm#98412, LiaStrUser#98413, LaiPAIDINS#98414, LaiContADJ#98415, LaiGENADJ#98416, LaiCOPay#98417, LaiDEDUC#98418, LaiCLIENT#98419, LiaBitNoteOnly#98420, LiaStrDesc#98421, TprbID#98422, LiaPending#98423, Liaamt#98424, Liastrtext#98425, LiaADJREASON#98426, LaiCOINS#98427, LiaAction1#98428, LiaAction2#98429, ... 11 more fields] : : : +- Project [SiteCode#98406, LiaID#98407, RowChkSum#98408, LastModAt#98409, RowState#98410, LiaTPCLIID#98411, LiaDtm#98412, LiaStrUser#98413, LaiPAIDINS#98414, LaiContADJ#98415, LaiGENADJ#98416, LaiCOPay#98417, LaiDEDUC#98418, LaiCLIENT#98419, LiaBitNoteOnly#98420, LiaStrDesc#98421, TprbID#98422, LiaPending#98423, Liaamt#98424, Liastrtext#98425, LiaADJREASON#98426, LaiCOINS#98427, LiaAction1#98428, LiaAction2#98429, ... 10 more fields] : : : +- Project [SiteCode#98406, LiaID#98407, RowChkSum#98408, LastModAt#98409, RowState#98410, LiaTPCLIID#98411, LiaDtm#98412, LiaStrUser#98413, LaiPAIDINS#98414, LaiContADJ#98415, LaiGENADJ#98416, LaiCOPay#98417, LaiDEDUC#98418, LaiCLIENT#98419, LiaBitNoteOnly#98420, LiaStrDesc#98421, TprbID#98422, LiaPending#98423, Liaamt#98424, Liastrtext#98425, LiaADJREASON#98426, LaiCOINS#98427, LiaAction1#98428, LiaAction2#98429, ... 9 more fields] : : : +- Filter (RowState#98410 = true) : : : +- SubqueryAlias spark_catalog.chimcobldhq2agi88smk8gak84ml0j21ah34ukid5l1kuki55l24alh5c9k6enrjd5m7cpbi4lo62t3j.tbl_claimlineitemactivity : : : +- Relation spark_catalog.chimcobldhq2agi88smk8gak84ml0j21ah34ukid5l1kuki55l24alh5c9k6enrjd5m7cpbi4lo62t3j.tbl_claimlineitemactivity[SiteCode#98406,LiaID#98407,RowChkSum#98408,LastModAt#98409,RowState#98410,LiaTPCLIID#98411,LiaDtm#98412,LiaStrUser#98413,LaiPAIDINS#98414,LaiContADJ#98415,LaiGENADJ#98416,LaiCOPay#98417,LaiDEDUC#98418,LaiCLIENT#98419,LiaBitNoteOnly#98420,LiaStrDesc#98421,TprbID#98422,LiaPending#98423,Liaamt#98424,Liastrtext#98425,LiaADJREASON#98426,LaiCOINS#98427,LiaAction1#98428,LiaAction2#98429,... 8 more fields] parquet : : +- Project [SiteCode#98449 AS _b_SiteCode#96849, tprbID#98438 AS _b_tprbID#96850, tprbCheck#98447 AS tprbCheck#96851, tpbType#98445 AS tpbType#96852] : : +- SubqueryAlias spark_catalog.chimcobldhq2agi88smk8gak84ml0j21ah34ukid5l1kuki55l24alh5c9k6enrjd5m7cpbi4lgniu0.tbl_batchpayments : : +- Relation spark_catalog.chimcobldhq2agi88smk8gak84ml0j21ah34ukid5l1kuki55l24alh5c9k6enrjd5m7cpbi4lgniu0.tbl_batchpayments[tprbID#98438,tprbDtmPaid#98439,tprbAmtPmt#98440,tprbDtmPost#98441,tprbDtmStarted#98442,tprbStrStarted#98443,batchstatus#98444,tpbType#98445,tprbPayer#98446,tprbCheck#98447,Location#98448,SiteCode#98449,ClinicName#98450,RegionCode#98451,VPRegionCode#98452,EHRVersion#98453] parquet : :- Project [_SiteCode#96859 AS _SiteCode#98532, _liaTPCLIID#96893 AS _liaTPCLIID#98533, _Date#97079 AS _Date#98534, _liaStrUser#97118 AS _liaStrUser#98535, _Description#97158 AS _Description#98536, tprbCheck#96851 AS tprbCheck#98537, tpbType#96852 AS tpbType#98538, _tprbID#96928 AS _tprbID#98539, Amount#97957 AS Amount#98540, TransactionType#97932 AS TransactionType#98541, Adj Reason#97921 AS Adj Reason#98542, TBTransactionType#97944 AS TBTransactionType#98543] : : +- Project [_SiteCode#96859, _liaTPCLIID#96893, _Date#97079, _liaStrUser#97118, _Description#97158, tprbCheck#96851, tpbType#96852, _tprbID#96928, Amount#97957, TransactionType#97932, Adj Reason#97921, TBTransactionType#97944] : : +- Project [_SiteCode#96859, _liaTPCLIID#96893, _Date#97079, _liaStrUser#97118, _Description#97158, tprbCheck#96851, tpbType#96852, _tprbID#96928, Adj Reason#97921, (Amount#97910 * cast(-1 as double)) AS Amount#97957, TransactionType#97932, TBTransactionType#97944] : : +- Project [_SiteCode#96859, _liaTPCLIID#96893, _Date#97079, _liaStrUser#97118, _Description#97158, tprbCheck#96851, tpbType#96852, _tprbID#96928, Adj Reason#97921, Amount#97910, TransactionType#97932, CASE WHEN _Description#97158 IN (45,253,275,CO-45) THEN BillAdjust ELSE BillLineAdjust- END AS TBTransactionType#97944] : : +- Project [_SiteCode#96859, _liaTPCLIID#96893, _Date#97079, _liaStrUser#97118, _Description#97158, tprbCheck#96851, tpbType#96852, _tprbID#96928, Adj Reason#97921, Amount#97910, CASE WHEN _Description#97158 IN (45,253,275,CO-45) THEN BillAdjust ELSE BillLineAdjust- END AS TransactionType#97932] : : +- Project [_SiteCode#96859, _liaTPCLIID#96893, _Date#97079, _liaStrUser#97118, _Description#97158, tprbCheck#96851, tpbType#96852, _tprbID#96928, _AdjContract#97241 AS Adj Reason#97921, Amount#97910] : : +- Aggregate [_SiteCode#96859, _liaTPCLIID#96893, _Date#97079, _liaStrUser#97118, _Description#97158, tprbCheck#96851, tpbType#96852, _tprbID#96928, _AdjContract#97241], [_SiteCode#96859, _liaTPCLIID#96893, _Date#97079, _liaStrUser#97118, _Description#97158, tprbCheck#96851, tpbType#96852, _tprbID#96928, _AdjContract#97241, sum(_ContAdj#97328) AS Amount#97910] : : +- Filter (_ContAdj#97328 < cast(0 as double)) : : +- Filter NOT (_AdjGeneral#97199 = void) : : +- Project [SiteCode#98482, LiaID#98483, RowChkSum#98484, LastModAt#98485, RowState#98486, LiaTPCLIID#98487, LiaDtm#98488, LiaStrUser#98489, LaiPAIDINS#98490, LaiContADJ#98491, LaiGENADJ#98492, LaiCOPay#98493, LaiDEDUC#98494, LaiCLIENT#98495, LiaBitNoteOnly#98496, LiaStrDesc#98497, TprbID#98498, LiaPending#98499, Liaamt#98500, Liastrtext#98501, LiaADJREASON#98502, LaiCOINS#98503, LiaAction1#98504, LiaAction2#98505, ... 23 more fields] : : +- Project [SiteCode#98482, LiaID#98483, RowChkSum#98484, LastModAt#98485, RowState#98486, LiaTPCLIID#98487, LiaDtm#98488, LiaStrUser#98489, LaiPAIDINS#98490, LaiContADJ#98491, LaiGENADJ#98492, LaiCOPay#98493, LaiDEDUC#98494, LaiCLIENT#98495, LiaBitNoteOnly#98496, LiaStrDesc#98497, TprbID#98498, LiaPending#98499, Liaamt#98500, Liastrtext#98501, LiaADJREASON#98502, LaiCOINS#98503, LiaAction1#98504, LiaAction2#98505, ... 22 more fields] : : +- Project [SiteCode#98482, LiaID#98483, RowChkSum#98484, LastModAt#98485, RowState#98486, LiaTPCLIID#98487, LiaDtm#98488, LiaStrUser#98489, LaiPAIDINS#98490, LaiContADJ#98491, LaiGENADJ#98492, LaiCOPay#98493, LaiDEDUC#98494, LaiCLIENT#98495, LiaBitNoteOnly#98496, LiaStrDesc#98497, TprbID#98498, LiaPending#98499, Liaamt#98500, Liastrtext#98501, LiaADJREASON#98502, LaiCOINS#98503, LiaAction1#98504, LiaAction2#98505, ... 21 more fields] : : +- Project [SiteCode#98482, LiaID#98483, RowChkSum#98484, LastModAt#98485, RowState#98486, LiaTPCLIID#98487, LiaDtm#98488, LiaStrUser#98489, LaiPAIDINS#98490, LaiContADJ#98491, LaiGENADJ#98492, LaiCOPay#98493, LaiDEDUC#98494, LaiCLIENT#98495, LiaBitNoteOnly#98496, LiaStrDesc#98497, TprbID#98498, LiaPending#98499, Liaamt#98500, Liastrtext#98501, LiaADJREASON#98502, LaiCOINS#98503, LiaAction1#98504, LiaAction2#98505, ... 20 more fields] : : +- Project [SiteCode#98482, LiaID#98483, RowChkSum#98484, LastModAt#98485, RowState#98486, LiaTPCLIID#98487, LiaDtm#98488, LiaStrUser#98489, LaiPAIDINS#98490, LaiContADJ#98491, LaiGENADJ#98492, LaiCOPay#98493, LaiDEDUC#98494, LaiCLIENT#98495, LiaBitNoteOnly#98496, LiaStrDesc#98497, TprbID#98498, LiaPending#98499, Liaamt#98500, Liastrtext#98501, LiaADJREASON#98502, LaiCOINS#98503, LiaAction1#98504, LiaAction2#98505, ... 19 more fields] : : +- Project [SiteCode#98482, LiaID#98483, RowChkSum#98484, LastModAt#98485, RowState#98486, LiaTPCLIID#98487, LiaDtm#98488, LiaStrUser#98489, LaiPAIDINS#98490, LaiContADJ#98491, LaiGENADJ#98492, LaiCOPay#98493, LaiDEDUC#98494, LaiCLIENT#98495, LiaBitNoteOnly#98496, LiaStrDesc#98497, TprbID#98498, LiaPending#98499, Liaamt#98500, Liastrtext#98501, LiaADJREASON#98502, LaiCOINS#98503, LiaAction1#98504, LiaAction2#98505, ... 18 more fields] : : +- Project [SiteCode#98482, LiaID#98483, RowChkSum#98484, LastModAt#98485, RowState#98486, LiaTPCLIID#98487, LiaDtm#98488, LiaStrUser#98489, LaiPAIDINS#98490, LaiContADJ#98491, LaiGENADJ#98492, LaiCOPay#98493, LaiDEDUC#98494, LaiCLIENT#98495, LiaBitNoteOnly#98496, LiaStrDesc#98497, TprbID#98498, LiaPending#98499, Liaamt#98500, Liastrtext#98501, LiaADJREASON#98502, LaiCOINS#98503, LiaAction1#98504, LiaAction2#98505, ... 17 more fields] : : +- Project [SiteCode#98482, LiaID#98483, RowChkSum#98484, LastModAt#98485, RowState#98486, LiaTPCLIID#98487, LiaDtm#98488, LiaStrUser#98489, LaiPAIDINS#98490, LaiContADJ#98491, LaiGENADJ#98492, LaiCOPay#98493, LaiDEDUC#98494, LaiCLIENT#98495, LiaBitNoteOnly#98496, LiaStrDesc#98497, TprbID#98498, LiaPending#98499, Liaamt#98500, Liastrtext#98501, LiaADJREASON#98502, LaiCOINS#98503, LiaAction1#98504, LiaAction2#98505, ... 16 more fields] : : +- Project [SiteCode#98482, LiaID#98483, RowChkSum#98484, LastModAt#98485, RowState#98486, LiaTPCLIID#98487, LiaDtm#98488, LiaStrUser#98489, LaiPAIDINS#98490, LaiContADJ#98491, LaiGENADJ#98492, LaiCOPay#98493, LaiDEDUC#98494, LaiCLIENT#98495, LiaBitNoteOnly#98496, LiaStrDesc#98497, TprbID#98498, LiaPending#98499, Liaamt#98500, Liastrtext#98501, LiaADJREASON#98502, LaiCOINS#98503, LiaAction1#98504, LiaAction2#98505, ... 15 more fields] : : +- Project [SiteCode#98482, LiaID#98483, RowChkSum#98484, LastModAt#98485, RowState#98486, LiaTPCLIID#98487, LiaDtm#98488, LiaStrUser#98489, LaiPAIDINS#98490, LaiContADJ#98491, LaiGENADJ#98492, LaiCOPay#98493, LaiDEDUC#98494, LaiCLIENT#98495, LiaBitNoteOnly#98496, LiaStrDesc#98497, TprbID#98498, LiaPending#98499, Liaamt#98500, Liastrtext#98501, LiaADJREASON#98502, LaiCOINS#98503, LiaAction1#98504, LiaAction2#98505, ... 14 more fields] : : +- Project [SiteCode#98482, LiaID#98483, RowChkSum#98484, LastModAt#98485, RowState#98486, LiaTPCLIID#98487, LiaDtm#98488, LiaStrUser#98489, LaiPAIDINS#98490, LaiContADJ#98491, LaiGENADJ#98492, LaiCOPay#98493, LaiDEDUC#98494, LaiCLIENT#98495, LiaBitNoteOnly#98496, LiaStrDesc#98497, TprbID#98498, LiaPending#98499, Liaamt#98500, Liastrtext#98501, LiaADJREASON#98502, LaiCOINS#98503, LiaAction1#98504, LiaAction2#98505, ... 13 more fields] : : +- Join LeftOuter, ((_SiteCode#96859 = _b_SiteCode#96849) AND (_tprbID#96928 = _b_tprbID#96850)) : : :- Project [SiteCode#98482, LiaID#98483, RowChkSum#98484, LastModAt#98485, RowState#98486, LiaTPCLIID#98487, LiaDtm#98488, LiaStrUser#98489, LaiPAIDINS#98490, LaiContADJ#98491, LaiGENADJ#98492, LaiCOPay#98493, LaiDEDUC#98494, LaiCLIENT#98495, LiaBitNoteOnly#98496, LiaStrDesc#98497, TprbID#98498, LiaPending#98499, Liaamt#98500, Liastrtext#98501, LiaADJREASON#98502, LaiCOINS#98503, LiaAction1#98504, LiaAction2#98505, ... 11 more fields] : : : +- Project [SiteCode#98482, LiaID#98483, RowChkSum#98484, LastModAt#98485, RowState#98486, LiaTPCLIID#98487, LiaDtm#98488, LiaStrUser#98489, LaiPAIDINS#98490, LaiContADJ#98491, LaiGENADJ#98492, LaiCOPay#98493, LaiDEDUC#98494, LaiCLIENT#98495, LiaBitNoteOnly#98496, LiaStrDesc#98497, TprbID#98498, LiaPending#98499, Liaamt#98500, Liastrtext#98501, LiaADJREASON#98502, LaiCOINS#98503, LiaAction1#98504, LiaAction2#98505, ... 10 more fields] : : : +- Project [SiteCode#98482, LiaID#98483, RowChkSum#98484, LastModAt#98485, RowState#98486, LiaTPCLIID#98487, LiaDtm#98488, LiaStrUser#98489, LaiPAIDINS#98490, LaiContADJ#98491, LaiGENADJ#98492, LaiCOPay#98493, LaiDEDUC#98494, LaiCLIENT#98495, LiaBitNoteOnly#98496, LiaStrDesc#98497, TprbID#98498, LiaPending#98499, Liaamt#98500, Liastrtext#98501, LiaADJREASON#98502, LaiCOINS#98503, LiaAction1#98504, LiaAction2#98505, ... 9 more fields] : : : +- Filter (RowState#98486 = true) : : : +- SubqueryAlias spark_catalog.chimcobldhq2agi88smk8gak84ml0j21ah34ukid5l1kuki55l24alh5c9k6enrjd5m7cpbi4lo62t3j.tbl_claimlineitemactivity : : : +- Relation spark_catalog.chimcobldhq2agi88smk8gak84ml0j21ah34ukid5l1kuki55l24alh5c9k6enrjd5m7cpbi4lo62t3j.tbl_claimlineitemactivity[SiteCode#98482,LiaID#98483,RowChkSum#98484,LastModAt#98485,RowState#98486,LiaTPCLIID#98487,LiaDtm#98488,LiaStrUser#98489,LaiPAIDINS#98490,LaiContADJ#98491,LaiGENADJ#98492,LaiCOPay#98493,LaiDEDUC#98494,LaiCLIENT#98495,LiaBitNoteOnly#98496,LiaStrDesc#98497,TprbID#98498,LiaPending#98499,Liaamt#98500,Liastrtext#98501,LiaADJREASON#98502,LaiCOINS#98503,LiaAction1#98504,LiaAction2#98505,... 8 more fields] parquet : : +- Project [SiteCode#98525 AS _b_SiteCode#96849, tprbID#98514 AS _b_tprbID#96850, tprbCheck#98523 AS tprbCheck#96851, tpbType#98521 AS tpbType#96852] : : +- SubqueryAlias spark_catalog.chimcobldhq2agi88smk8gak84ml0j21ah34ukid5l1kuki55l24alh5c9k6enrjd5m7cpbi4lgniu0.tbl_batchpayments : : +- Relation spark_catalog.chimcobldhq2agi88smk8gak84ml0j21ah34ukid5l1kuki55l24alh5c9k6enrjd5m7cpbi4lgniu0.tbl_batchpayments[tprbID#98514,tprbDtmPaid#98515,tprbAmtPmt#98516,tprbDtmPost#98517,tprbDtmStarted#98518,tprbStrStarted#98519,batchstatus#98520,tpbType#98521,tprbPayer#98522,tprbCheck#98523,Location#98524,SiteCode#98525,ClinicName#98526,RegionCode#98527,VPRegionCode#98528,EHRVersion#98529] parquet : :- Project [_SiteCode#96859 AS _SiteCode#98606, _liaTPCLIID#96893 AS _liaTPCLIID#98607, _Date#97079 AS _Date#98608, _liaStrUser#97118 AS _liaStrUser#98609, _Description#97158 AS _Description#98610, tprbCheck#96851 AS tprbCheck#98611, tpbType#96852 AS tpbType#98612, _tprbID#96928 AS _tprbID#98613, Amount#98065 AS Amount#98614, TransactionType#98040 AS TransactionType#98615, Adj Reason#98029 AS Adj Reason#98616, TBTransactionType#98052 AS TBTransactionType#98617] : : +- Project [_SiteCode#96859, _liaTPCLIID#96893, _Date#97079, _liaStrUser#97118, _Description#97158, tprbCheck#96851, tpbType#96852, _tprbID#96928, Amount#98065, TransactionType#98040, Adj Reason#98029, TBTransactionType#98052] : : +- Project [_SiteCode#96859, _liaTPCLIID#96893, _Date#97079, _liaStrUser#97118, _Description#97158, tprbCheck#96851, tpbType#96852, _tprbID#96928, Adj Reason#98029, (Amount#98018 * cast(-1 as double)) AS Amount#98065, TransactionType#98040, TBTransactionType#98052] : : +- Project [_SiteCode#96859, _liaTPCLIID#96893, _Date#97079, _liaStrUser#97118, _Description#97158, tprbCheck#96851, tpbType#96852, _tprbID#96928, Adj Reason#98029, Amount#98018, TransactionType#98040, CASE WHEN _Description#97158 IN (45,253,275,CO-45) THEN BillAdjust ELSE BillLineAdjust- END AS TBTransactionType#98052] : : +- Project [_SiteCode#96859, _liaTPCLIID#96893, _Date#97079, _liaStrUser#97118, _Description#97158, tprbCheck#96851, tpbType#96852, _tprbID#96928, Adj Reason#98029, Amount#98018, ManualAdjust+ AS TransactionType#98040] : : +- Project [_SiteCode#96859, _liaTPCLIID#96893, _Date#97079, _liaStrUser#97118, _Description#97158, tprbCheck#96851, tpbType#96852, _tprbID#96928, _AdjGeneral#97199 AS Adj Reason#98029, Amount#98018] : : +- Aggregate [_SiteCode#96859, _liaTPCLIID#96893, _Date#97079, _liaStrUser#97118, _Description#97158, tprbCheck#96851, tpbType#96852, _tprbID#96928, _AdjGeneral#97199], [_SiteCode#96859, _liaTPCLIID#96893, _Date#97079, _liaStrUser#97118, _Description#97158, tprbCheck#96851, tpbType#96852, _tprbID#96928, _AdjGeneral#97199, sum(_GenAdj#97373) AS Amount#98018] : : +- Filter (_GenAdj#97373 > cast(0 as double)) : : +- Filter NOT (_AdjGeneral#97199 = void) : : +- Project [SiteCode#98556, LiaID#98557, RowChkSum#98558, LastModAt#98559, RowState#98560, LiaTPCLIID#98561, LiaDtm#98562, LiaStrUser#98563, LaiPAIDINS#98564, LaiContADJ#98565, LaiGENADJ#98566, LaiCOPay#98567, LaiDEDUC#98568, LaiCLIENT#98569, LiaBitNoteOnly#98570, LiaStrDesc#98571, TprbID#98572, LiaPending#98573, Liaamt#98574, Liastrtext#98575, LiaADJREASON#98576, LaiCOINS#98577, LiaAction1#98578, LiaAction2#98579, ... 23 more fields] : : +- Project [SiteCode#98556, LiaID#98557, RowChkSum#98558, LastModAt#98559, RowState#98560, LiaTPCLIID#98561, LiaDtm#98562, LiaStrUser#98563, LaiPAIDINS#98564, LaiContADJ#98565, LaiGENADJ#98566, LaiCOPay#98567, LaiDEDUC#98568, LaiCLIENT#98569, LiaBitNoteOnly#98570, LiaStrDesc#98571, TprbID#98572, LiaPending#98573, Liaamt#98574, Liastrtext#98575, LiaADJREASON#98576, LaiCOINS#98577, LiaAction1#98578, LiaAction2#98579, ... 22 more fields] : : +- Project [SiteCode#98556, LiaID#98557, RowChkSum#98558, LastModAt#98559, RowState#98560, LiaTPCLIID#98561, LiaDtm#98562, LiaStrUser#98563, LaiPAIDINS#98564, LaiContADJ#98565, LaiGENADJ#98566, LaiCOPay#98567, LaiDEDUC#98568, LaiCLIENT#98569, LiaBitNoteOnly#98570, LiaStrDesc#98571, TprbID#98572, LiaPending#98573, Liaamt#98574, Liastrtext#98575, LiaADJREASON#98576, LaiCOINS#98577, LiaAction1#98578, LiaAction2#98579, ... 21 more fields] : : +- Project [SiteCode#98556, LiaID#98557, RowChkSum#98558, LastModAt#98559, RowState#98560, LiaTPCLIID#98561, LiaDtm#98562, LiaStrUser#98563, LaiPAIDINS#98564, LaiContADJ#98565, LaiGENADJ#98566, LaiCOPay#98567, LaiDEDUC#98568, LaiCLIENT#98569, LiaBitNoteOnly#98570, LiaStrDesc#98571, TprbID#98572, LiaPending#98573, Liaamt#98574, Liastrtext#98575, LiaADJREASON#98576, LaiCOINS#98577, LiaAction1#98578, LiaAction2#98579, ... 20 more fields] : : +- Project [SiteCode#98556, LiaID#98557, RowChkSum#98558, LastModAt#98559, RowState#98560, LiaTPCLIID#98561, LiaDtm#98562, LiaStrUser#98563, LaiPAIDINS#98564, LaiContADJ#98565, LaiGENADJ#98566, LaiCOPay#98567, LaiDEDUC#98568, LaiCLIENT#98569, LiaBitNoteOnly#98570, LiaStrDesc#98571, TprbID#98572, LiaPending#98573, Liaamt#98574, Liastrtext#98575, LiaADJREASON#98576, LaiCOINS#98577, LiaAction1#98578, LiaAction2#98579, ... 19 more fields] : : +- Project [SiteCode#98556, LiaID#98557, RowChkSum#98558, LastModAt#98559, RowState#98560, LiaTPCLIID#98561, LiaDtm#98562, LiaStrUser#98563, LaiPAIDINS#98564, LaiContADJ#98565, LaiGENADJ#98566, LaiCOPay#98567, LaiDEDUC#98568, LaiCLIENT#98569, LiaBitNoteOnly#98570, LiaStrDesc#98571, TprbID#98572, LiaPending#98573, Liaamt#98574, Liastrtext#98575, LiaADJREASON#98576, LaiCOINS#98577, LiaAction1#98578, LiaAction2#98579, ... 18 more fields] : : +- Project [SiteCode#98556, LiaID#98557, RowChkSum#98558, LastModAt#98559, RowState#98560, LiaTPCLIID#98561, LiaDtm#98562, LiaStrUser#98563, LaiPAIDINS#98564, LaiContADJ#98565, LaiGENADJ#98566, LaiCOPay#98567, LaiDEDUC#98568, LaiCLIENT#98569, LiaBitNoteOnly#98570, LiaStrDesc#98571, TprbID#98572, LiaPending#98573, Liaamt#98574, Liastrtext#98575, LiaADJREASON#98576, LaiCOINS#98577, LiaAction1#98578, LiaAction2#98579, ... 17 more fields] : : +- Project [SiteCode#98556, LiaID#98557, RowChkSum#98558, LastModAt#98559, RowState#98560, LiaTPCLIID#98561, LiaDtm#98562, LiaStrUser#98563, LaiPAIDINS#98564, LaiContADJ#98565, LaiGENADJ#98566, LaiCOPay#98567, LaiDEDUC#98568, LaiCLIENT#98569, LiaBitNoteOnly#98570, LiaStrDesc#98571, TprbID#98572, LiaPending#98573, Liaamt#98574, Liastrtext#98575, LiaADJREASON#98576, LaiCOINS#98577, LiaAction1#98578, LiaAction2#98579, ... 16 more fields] : : +- Project [SiteCode#98556, LiaID#98557, RowChkSum#98558, LastModAt#98559, RowState#98560, LiaTPCLIID#98561, LiaDtm#98562, LiaStrUser#98563, LaiPAIDINS#98564, LaiContADJ#98565, LaiGENADJ#98566, LaiCOPay#98567, LaiDEDUC#98568, LaiCLIENT#98569, LiaBitNoteOnly#98570, LiaStrDesc#98571, TprbID#98572, LiaPending#98573, Liaamt#98574, Liastrtext#98575, LiaADJREASON#98576, LaiCOINS#98577, LiaAction1#98578, LiaAction2#98579, ... 15 more fields] : : +- Project [SiteCode#98556, LiaID#98557, RowChkSum#98558, LastModAt#98559, RowState#98560, LiaTPCLIID#98561, LiaDtm#98562, LiaStrUser#98563, LaiPAIDINS#98564, LaiContADJ#98565, LaiGENADJ#98566, LaiCOPay#98567, LaiDEDUC#98568, LaiCLIENT#98569, LiaBitNoteOnly#98570, LiaStrDesc#98571, TprbID#98572, LiaPending#98573, Liaamt#98574, Liastrtext#98575, LiaADJREASON#98576, LaiCOINS#98577, LiaAction1#98578, LiaAction2#98579, ... 14 more fields] : : +- Project [SiteCode#98556, LiaID#98557, RowChkSum#98558, LastModAt#98559, RowState#98560, LiaTPCLIID#98561, LiaDtm#98562, LiaStrUser#98563, LaiPAIDINS#98564, LaiContADJ#98565, LaiGENADJ#98566, LaiCOPay#98567, LaiDEDUC#98568, LaiCLIENT#98569, LiaBitNoteOnly#98570, LiaStrDesc#98571, TprbID#98572, LiaPending#98573, Liaamt#98574, Liastrtext#98575, LiaADJREASON#98576, LaiCOINS#98577, LiaAction1#98578, LiaAction2#98579, ... 13 more fields] : : +- Join LeftOuter, ((_SiteCode#96859 = _b_SiteCode#96849) AND (_tprbID#96928 = _b_tprbID#96850)) : : :- Project [SiteCode#98556, LiaID#98557, RowChkSum#98558, LastModAt#98559, RowState#98560, LiaTPCLIID#98561, LiaDtm#98562, LiaStrUser#98563, LaiPAIDINS#98564, LaiContADJ#98565, LaiGENADJ#98566, LaiCOPay#98567, LaiDEDUC#98568, LaiCLIENT#98569, LiaBitNoteOnly#98570, LiaStrDesc#98571, TprbID#98572, LiaPending#98573, Liaamt#98574, Liastrtext#98575, LiaADJREASON#98576, LaiCOINS#98577, LiaAction1#98578, LiaAction2#98579, ... 11 more fields] : : : +- Project [SiteCode#98556, LiaID#98557, RowChkSum#98558, LastModAt#98559, RowState#98560, LiaTPCLIID#98561, LiaDtm#98562, LiaStrUser#98563, LaiPAIDINS#98564, LaiContADJ#98565, LaiGENADJ#98566, LaiCOPay#98567, LaiDEDUC#98568, LaiCLIENT#98569, LiaBitNoteOnly#98570, LiaStrDesc#98571, TprbID#98572, LiaPending#98573, Liaamt#98574, Liastrtext#98575, LiaADJREASON#98576, LaiCOINS#98577, LiaAction1#98578, LiaAction2#98579, ... 10 more fields] : : : +- Project [SiteCode#98556, LiaID#98557, RowChkSum#98558, LastModAt#98559, RowState#98560, LiaTPCLIID#98561, LiaDtm#98562, LiaStrUser#98563, LaiPAIDINS#98564, LaiContADJ#98565, LaiGENADJ#98566, LaiCOPay#98567, LaiDEDUC#98568, LaiCLIENT#98569, LiaBitNoteOnly#98570, LiaStrDesc#98571, TprbID#98572, LiaPending#98573, Liaamt#98574, Liastrtext#98575, LiaADJREASON#98576, LaiCOINS#98577, LiaAction1#98578, LiaAction2#98579, ... 9 more fields] : : : +- Filter (RowState#98560 = true) : : : +- SubqueryAlias spark_catalog.chimcobldhq2agi88smk8gak84ml0j21ah34ukid5l1kuki55l24alh5c9k6enrjd5m7cpbi4lo62t3j.tbl_claimlineitemactivity : : : +- Relation spark_catalog.chimcobldhq2agi88smk8gak84ml0j21ah34ukid5l1kuki55l24alh5c9k6enrjd5m7cpbi4lo62t3j.tbl_claimlineitemactivity[SiteCode#98556,LiaID#98557,RowChkSum#98558,LastModAt#98559,RowState#98560,LiaTPCLIID#98561,LiaDtm#98562,LiaStrUser#98563,LaiPAIDINS#98564,LaiContADJ#98565,LaiGENADJ#98566,LaiCOPay#98567,LaiDEDUC#98568,LaiCLIENT#98569,LiaBitNoteOnly#98570,LiaStrDesc#98571,TprbID#98572,LiaPending#98573,Liaamt#98574,Liastrtext#98575,LiaADJREASON#98576,LaiCOINS#98577,LiaAction1#98578,LiaAction2#98579,... 8 more fields] parquet : : +- Project [SiteCode#98599 AS _b_SiteCode#96849, tprbID#98588 AS _b_tprbID#96850, tprbCheck#98597 AS tprbCheck#96851, tpbType#98595 AS tpbType#96852] : : +- SubqueryAlias spark_catalog.chimcobldhq2agi88smk8gak84ml0j21ah34ukid5l1kuki55l24alh5c9k6enrjd5m7cpbi4lgniu0.tbl_batchpayments : : +- Relation spark_catalog.chimcobldhq2agi88smk8gak84ml0j21ah34ukid5l1kuki55l24alh5c9k6enrjd5m7cpbi4lgniu0.tbl_batchpayments[tprbID#98588,tprbDtmPaid#98589,tprbAmtPmt#98590,tprbDtmPost#98591,tprbDtmStarted#98592,tprbStrStarted#98593,batchstatus#98594,tpbType#98595,tprbPayer#98596,tprbCheck#98597,Location#98598,SiteCode#98599,ClinicName#98600,RegionCode#98601,VPRegionCode#98602,EHRVersion#98603] parquet : :- Project [_SiteCode#96859 AS _SiteCode#98680, _liaTPCLIID#96893 AS _liaTPCLIID#98681, _Date#97079 AS _Date#98682, _liaStrUser#97118 AS _liaStrUser#98683, _Description#97158 AS _Description#98684, tprbCheck#96851 AS tprbCheck#98685, tpbType#96852 AS tpbType#98686, _tprbID#96928 AS _tprbID#98687, Amount#98173 AS Amount#98688, TransactionType#98148 AS TransactionType#98689, Adj Reason#98137 AS Adj Reason#98690, TBTransactionType#98160 AS TBTransactionType#98691] : : +- Project [_SiteCode#96859, _liaTPCLIID#96893, _Date#97079, _liaStrUser#97118, _Description#97158, tprbCheck#96851, tpbType#96852, _tprbID#96928, Amount#98173, TransactionType#98148, Adj Reason#98137, TBTransactionType#98160] : : +- Project [_SiteCode#96859, _liaTPCLIID#96893, _Date#97079, _liaStrUser#97118, _Description#97158, tprbCheck#96851, tpbType#96852, _tprbID#96928, Adj Reason#98137, (Amount#98126 * cast(-1 as double)) AS Amount#98173, TransactionType#98148, TBTransactionType#98160] : : +- Project [_SiteCode#96859, _liaTPCLIID#96893, _Date#97079, _liaStrUser#97118, _Description#97158, tprbCheck#96851, tpbType#96852, _tprbID#96928, Adj Reason#98137, Amount#98126, TransactionType#98148, CASE WHEN _Description#97158 IN (45,253,275,CO-45) THEN BillAdjust ELSE BillLineAdjust- END AS TBTransactionType#98160] : : +- Project [_SiteCode#96859, _liaTPCLIID#96893, _Date#97079, _liaStrUser#97118, _Description#97158, tprbCheck#96851, tpbType#96852, _tprbID#96928, Adj Reason#98137, Amount#98126, ManualAdjust+ AS TransactionType#98148] : : +- Project [_SiteCode#96859, _liaTPCLIID#96893, _Date#97079, _liaStrUser#97118, _Description#97158, tprbCheck#96851, tpbType#96852, _tprbID#96928, _AdjGeneral#97199 AS Adj Reason#98137, Amount#98126] : : +- Aggregate [_SiteCode#96859, _liaTPCLIID#96893, _Date#97079, _liaStrUser#97118, _Description#97158, tprbCheck#96851, tpbType#96852, _tprbID#96928, _AdjGeneral#97199], [_SiteCode#96859, _liaTPCLIID#96893, _Date#97079, _liaStrUser#97118, _Description#97158, tprbCheck#96851, tpbType#96852, _tprbID#96928, _AdjGeneral#97199, sum(_GenAdj#97373) AS Amount#98126] : : +- Filter (_GenAdj#97373 < cast(0 as double)) : : +- Filter NOT (_AdjGeneral#97199 = void) : : +- Project [SiteCode#98630, LiaID#98631, RowChkSum#98632, LastModAt#98633, RowState#98634, LiaTPCLIID#98635, LiaDtm#98636, LiaStrUser#98637, LaiPAIDINS#98638, LaiContADJ#98639, LaiGENADJ#98640, LaiCOPay#98641, LaiDEDUC#98642, LaiCLIENT#98643, LiaBitNoteOnly#98644, LiaStrDesc#98645, TprbID#98646, LiaPending#98647, Liaamt#98648, Liastrtext#98649, LiaADJREASON#98650, LaiCOINS#98651, LiaAction1#98652, LiaAction2#98653, ... 23 more fields] : : +- Project [SiteCode#98630, LiaID#98631, RowChkSum#98632, LastModAt#98633, RowState#98634, LiaTPCLIID#98635, LiaDtm#98636, LiaStrUser#98637, LaiPAIDINS#98638, LaiContADJ#98639, LaiGENADJ#98640, LaiCOPay#98641, LaiDEDUC#98642, LaiCLIENT#98643, LiaBitNoteOnly#98644, LiaStrDesc#98645, TprbID#98646, LiaPending#98647, Liaamt#98648, Liastrtext#98649, LiaADJREASON#98650, LaiCOINS#98651, LiaAction1#98652, LiaAction2#98653, ... 22 more fields] : : +- Project [SiteCode#98630, LiaID#98631, RowChkSum#98632, LastModAt#98633, RowState#98634, LiaTPCLIID#98635, LiaDtm#98636, LiaStrUser#98637, LaiPAIDINS#98638, LaiContADJ#98639, LaiGENADJ#98640, LaiCOPay#98641, LaiDEDUC#98642, LaiCLIENT#98643, LiaBitNoteOnly#98644, LiaStrDesc#98645, TprbID#98646, LiaPending#98647, Liaamt#98648, Liastrtext#98649, LiaADJREASON#98650, LaiCOINS#98651, LiaAction1#98652, LiaAction2#98653, ... 21 more fields] : : +- Project [SiteCode#98630, LiaID#98631, RowChkSum#98632, LastModAt#98633, RowState#98634, LiaTPCLIID#98635, LiaDtm#98636, LiaStrUser#98637, LaiPAIDINS#98638, LaiContADJ#98639, LaiGENADJ#98640, LaiCOPay#98641, LaiDEDUC#98642, LaiCLIENT#98643, LiaBitNoteOnly#98644, LiaStrDesc#98645, TprbID#98646, LiaPending#98647, Liaamt#98648, Liastrtext#98649, LiaADJREASON#98650, LaiCOINS#98651, LiaAction1#98652, LiaAction2#98653, ... 20 more fields] : : +- Project [SiteCode#98630, LiaID#98631, RowChkSum#98632, LastModAt#98633, RowState#98634, LiaTPCLIID#98635, LiaDtm#98636, LiaStrUser#98637, LaiPAIDINS#98638, LaiContADJ#98639, LaiGENADJ#98640, LaiCOPay#98641, LaiDEDUC#98642, LaiCLIENT#98643, LiaBitNoteOnly#98644, LiaStrDesc#98645, TprbID#98646, LiaPending#98647, Liaamt#98648, Liastrtext#98649, LiaADJREASON#98650, LaiCOINS#98651, LiaAction1#98652, LiaAction2#98653, ... 19 more fields] : : +- Project [SiteCode#98630, LiaID#98631, RowChkSum#98632, LastModAt#98633, RowState#98634, LiaTPCLIID#98635, LiaDtm#98636, LiaStrUser#98637, LaiPAIDINS#98638, LaiContADJ#98639, LaiGENADJ#98640, LaiCOPay#98641, LaiDEDUC#98642, LaiCLIENT#98643, LiaBitNoteOnly#98644, LiaStrDesc#98645, TprbID#98646, LiaPending#98647, Liaamt#98648, Liastrtext#98649, LiaADJREASON#98650, LaiCOINS#98651, LiaAction1#98652, LiaAction2#98653, ... 18 more fields] : : +- Project [SiteCode#98630, LiaID#98631, RowChkSum#98632, LastModAt#98633, RowState#98634, LiaTPCLIID#98635, LiaDtm#98636, LiaStrUser#98637, LaiPAIDINS#98638, LaiContADJ#98639, LaiGENADJ#98640, LaiCOPay#98641, LaiDEDUC#98642, LaiCLIENT#98643, LiaBitNoteOnly#98644, LiaStrDesc#98645, TprbID#98646, LiaPending#98647, Liaamt#98648, Liastrtext#98649, LiaADJREASON#98650, LaiCOINS#98651, LiaAction1#98652, LiaAction2#98653, ... 17 more fields] : : +- Project [SiteCode#98630, LiaID#98631, RowChkSum#98632, LastModAt#98633, RowState#98634, LiaTPCLIID#98635, LiaDtm#98636, LiaStrUser#98637, LaiPAIDINS#98638, LaiContADJ#98639, LaiGENADJ#98640, LaiCOPay#98641, LaiDEDUC#98642, LaiCLIENT#98643, LiaBitNoteOnly#98644, LiaStrDesc#98645, TprbID#98646, LiaPending#98647, Liaamt#98648, Liastrtext#98649, LiaADJREASON#98650, LaiCOINS#98651, LiaAction1#98652, LiaAction2#98653, ... 16 more fields] : : +- Project [SiteCode#98630, LiaID#98631, RowChkSum#98632, LastModAt#98633, RowState#98634, LiaTPCLIID#98635, LiaDtm#98636, LiaStrUser#98637, LaiPAIDINS#98638, LaiContADJ#98639, LaiGENADJ#98640, LaiCOPay#98641, LaiDEDUC#98642, LaiCLIENT#98643, LiaBitNoteOnly#98644, LiaStrDesc#98645, TprbID#98646, LiaPending#98647, Liaamt#98648, Liastrtext#98649, LiaADJREASON#98650, LaiCOINS#98651, LiaAction1#98652, LiaAction2#98653, ... 15 more fields] : : +- Project [SiteCode#98630, LiaID#98631, RowChkSum#98632, LastModAt#98633, RowState#98634, LiaTPCLIID#98635, LiaDtm#98636, LiaStrUser#98637, LaiPAIDINS#98638, LaiContADJ#98639, LaiGENADJ#98640, LaiCOPay#98641, LaiDEDUC#98642, LaiCLIENT#98643, LiaBitNoteOnly#98644, LiaStrDesc#98645, TprbID#98646, LiaPending#98647, Liaamt#98648, Liastrtext#98649, LiaADJREASON#98650, LaiCOINS#98651, LiaAction1#98652, LiaAction2#98653, ... 14 more fields] : : +- Project [SiteCode#98630, LiaID#98631, RowChkSum#98632, LastModAt#98633, RowState#98634, LiaTPCLIID#98635, LiaDtm#98636, LiaStrUser#98637, LaiPAIDINS#98638, LaiContADJ#98639, LaiGENADJ#98640, LaiCOPay#98641, LaiDEDUC#98642, LaiCLIENT#98643, LiaBitNoteOnly#98644, LiaStrDesc#98645, TprbID#98646, LiaPending#98647, Liaamt#98648, Liastrtext#98649, LiaADJREASON#98650, LaiCOINS#98651, LiaAction1#98652, LiaAction2#98653, ... 13 more fields] : : +- Join LeftOuter, ((_SiteCode#96859 = _b_SiteCode#96849) AND (_tprbID#96928 = _b_tprbID#96850)) : : :- Project [SiteCode#98630, LiaID#98631, RowChkSum#98632, LastModAt#98633, RowState#98634, LiaTPCLIID#98635, LiaDtm#98636, LiaStrUser#98637, LaiPAIDINS#98638, LaiContADJ#98639, LaiGENADJ#98640, LaiCOPay#98641, LaiDEDUC#98642, LaiCLIENT#98643, LiaBitNoteOnly#98644, LiaStrDesc#98645, TprbID#98646, LiaPending#98647, Liaamt#98648, Liastrtext#98649, LiaADJREASON#98650, LaiCOINS#98651, LiaAction1#98652, LiaAction2#98653, ... 11 more fields] : : : +- Project [SiteCode#98630, LiaID#98631, RowChkSum#98632, LastModAt#98633, RowState#98634, LiaTPCLIID#98635, LiaDtm#98636, LiaStrUser#98637, LaiPAIDINS#98638, LaiContADJ#98639, LaiGENADJ#98640, LaiCOPay#98641, LaiDEDUC#98642, LaiCLIENT#98643, LiaBitNoteOnly#98644, LiaStrDesc#98645, TprbID#98646, LiaPending#98647, Liaamt#98648, Liastrtext#98649, LiaADJREASON#98650, LaiCOINS#98651, LiaAction1#98652, LiaAction2#98653, ... 10 more fields] : : : +- Project [SiteCode#98630, LiaID#98631, RowChkSum#98632, LastModAt#98633, RowState#98634, LiaTPCLIID#98635, LiaDtm#98636, LiaStrUser#98637, LaiPAIDINS#98638, LaiContADJ#98639, LaiGENADJ#98640, LaiCOPay#98641, LaiDEDUC#98642, LaiCLIENT#98643, LiaBitNoteOnly#98644, LiaStrDesc#98645, TprbID#98646, LiaPending#98647, Liaamt#98648, Liastrtext#98649, LiaADJREASON#98650, LaiCOINS#98651, LiaAction1#98652, LiaAction2#98653, ... 9 more fields] : : : +- Filter (RowState#98634 = true) : : : +- SubqueryAlias spark_catalog.chimcobldhq2agi88smk8gak84ml0j21ah34ukid5l1kuki55l24alh5c9k6enrjd5m7cpbi4lo62t3j.tbl_claimlineitemactivity : : : +- Relation spark_catalog.chimcobldhq2agi88smk8gak84ml0j21ah34ukid5l1kuki55l24alh5c9k6enrjd5m7cpbi4lo62t3j.tbl_claimlineitemactivity[SiteCode#98630,LiaID#98631,RowChkSum#98632,LastModAt#98633,RowState#98634,LiaTPCLIID#98635,LiaDtm#98636,LiaStrUser#98637,LaiPAIDINS#98638,LaiContADJ#98639,LaiGENADJ#98640,LaiCOPay#98641,LaiDEDUC#98642,LaiCLIENT#98643,LiaBitNoteOnly#98644,LiaStrDesc#98645,TprbID#98646,LiaPending#98647,Liaamt#98648,Liastrtext#98649,LiaADJREASON#98650,LaiCOINS#98651,LiaAction1#98652,LiaAction2#98653,... 8 more fields] parquet : : +- Project [SiteCode#98673 AS _b_SiteCode#96849, tprbID#98662 AS _b_tprbID#96850, tprbCheck#98671 AS tprbCheck#96851, tpbType#98669 AS tpbType#96852] : : +- SubqueryAlias spark_catalog.chimcobldhq2agi88smk8gak84ml0j21ah34ukid5l1kuki55l24alh5c9k6enrjd5m7cpbi4lgniu0.tbl_batchpayments : : +- Relation spark_catalog.chimcobldhq2agi88smk8gak84ml0j21ah34ukid5l1kuki55l24alh5c9k6enrjd5m7cpbi4lgniu0.tbl_batchpayments[tprbID#98662,tprbDtmPaid#98663,tprbAmtPmt#98664,tprbDtmPost#98665,tprbDtmStarted#98666,tprbStrStarted#98667,batchstatus#98668,tpbType#98669,tprbPayer#98670,tprbCheck#98671,Location#98672,SiteCode#98673,ClinicName#98674,RegionCode#98675,VPRegionCode#98676,EHRVersion#98677] parquet : +- Project [_SiteCode#96859 AS _SiteCode#98756, _liaTPCLIID#96893 AS _liaTPCLIID#98757, _Date#97079 AS _Date#98758, _liaStrUser#97118 AS _liaStrUser#98759, _Description#97158 AS _Description#98760, tprbCheck#96851 AS tprbCheck#98761, tpbType#96852 AS tpbType#98762, _tprbID#96928 AS _tprbID#98763, Amount#98255 AS Amount#98764, TransactionType#98244 AS TransactionType#98765, Adj Reason#98752 AS Adj Reason#98766, TBTransactionType#98753 AS TBTransactionType#98767] : +- Project [_SiteCode#96859, _liaTPCLIID#96893, _Date#97079, _liaStrUser#97118, _Description#97158, tprbCheck#96851, tpbType#96852, _tprbID#96928, Amount#98255, TransactionType#98244, null AS Adj Reason#98752, null AS TBTransactionType#98753] : +- Project [_SiteCode#96859, _liaTPCLIID#96893, _Date#97079, _liaStrUser#97118, _Description#97158, tprbCheck#96851, tpbType#96852, _tprbID#96928, (Amount#98234 * cast(-1 as double)) AS Amount#98255, TransactionType#98244] : +- Project [_SiteCode#96859, _liaTPCLIID#96893, _Date#97079, _liaStrUser#97118, _Description#97158, tprbCheck#96851, tpbType#96852, _tprbID#96928, Amount#98234, BillAdjust AS TransactionType#98244] : +- Aggregate [_SiteCode#96859, _liaTPCLIID#96893, _Date#97079, _liaStrUser#97118, _Description#97158, tprbCheck#96851, tpbType#96852, _tprbID#96928], [_SiteCode#96859, _liaTPCLIID#96893, _Date#97079, _liaStrUser#97118, _Description#97158, tprbCheck#96851, tpbType#96852, _tprbID#96928, sum(_BillAdj#97466) AS Amount#98234] : +- Filter (isnull(_AdjGeneral#97199) OR (_AdjGeneral#97199 = void)) : +- Project [SiteCode#98704, LiaID#98705, RowChkSum#98706, LastModAt#98707, RowState#98708, LiaTPCLIID#98709, LiaDtm#98710, LiaStrUser#98711, LaiPAIDINS#98712, LaiContADJ#98713, LaiGENADJ#98714, LaiCOPay#98715, LaiDEDUC#98716, LaiCLIENT#98717, LiaBitNoteOnly#98718, LiaStrDesc#98719, TprbID#98720, LiaPending#98721, Liaamt#98722, Liastrtext#98723, LiaADJREASON#98724, LaiCOINS#98725, LiaAction1#98726, LiaAction2#98727, ... 23 more fields] : +- Project [SiteCode#98704, LiaID#98705, RowChkSum#98706, LastModAt#98707, RowState#98708, LiaTPCLIID#98709, LiaDtm#98710, LiaStrUser#98711, LaiPAIDINS#98712, LaiContADJ#98713, LaiGENADJ#98714, LaiCOPay#98715, LaiDEDUC#98716, LaiCLIENT#98717, LiaBitNoteOnly#98718, LiaStrDesc#98719, TprbID#98720, LiaPending#98721, Liaamt#98722, Liastrtext#98723, LiaADJREASON#98724, LaiCOINS#98725, LiaAction1#98726, LiaAction2#98727, ... 22 more fields] : +- Project [SiteCode#98704, LiaID#98705, RowChkSum#98706, LastModAt#98707, RowState#98708, LiaTPCLIID#98709, LiaDtm#98710, LiaStrUser#98711, LaiPAIDINS#98712, LaiContADJ#98713, LaiGENADJ#98714, LaiCOPay#98715, LaiDEDUC#98716, LaiCLIENT#98717, LiaBitNoteOnly#98718, LiaStrDesc#98719, TprbID#98720, LiaPending#98721, Liaamt#98722, Liastrtext#98723, LiaADJREASON#98724, LaiCOINS#98725, LiaAction1#98726, LiaAction2#98727, ... 21 more fields] : +- Project [SiteCode#98704, LiaID#98705, RowChkSum#98706, LastModAt#98707, RowState#98708, LiaTPCLIID#98709, LiaDtm#98710, LiaStrUser#98711, LaiPAIDINS#98712, LaiContADJ#98713, LaiGENADJ#98714, LaiCOPay#98715, LaiDEDUC#98716, LaiCLIENT#98717, LiaBitNoteOnly#98718, LiaStrDesc#98719, TprbID#98720, LiaPending#98721, Liaamt#98722, Liastrtext#98723, LiaADJREASON#98724, LaiCOINS#98725, LiaAction1#98726, LiaAction2#98727, ... 20 more fields] : +- Project [SiteCode#98704, LiaID#98705, RowChkSum#98706, LastModAt#98707, RowState#98708, LiaTPCLIID#98709, LiaDtm#98710, LiaStrUser#98711, LaiPAIDINS#98712, LaiContADJ#98713, LaiGENADJ#98714, LaiCOPay#98715, LaiDEDUC#98716, LaiCLIENT#98717, LiaBitNoteOnly#98718, LiaStrDesc#98719, TprbID#98720, LiaPending#98721, Liaamt#98722, Liastrtext#98723, LiaADJREASON#98724, LaiCOINS#98725, LiaAction1#98726, LiaAction2#98727, ... 19 more fields] : +- Project [SiteCode#98704, LiaID#98705, RowChkSum#98706, LastModAt#98707, RowState#98708, LiaTPCLIID#98709, LiaDtm#98710, LiaStrUser#98711, LaiPAIDINS#98712, LaiContADJ#98713, LaiGENADJ#98714, LaiCOPay#98715, LaiDEDUC#98716, LaiCLIENT#98717, LiaBitNoteOnly#98718, LiaStrDesc#98719, TprbID#98720, LiaPending#98721, Liaamt#98722, Liastrtext#98723, LiaADJREASON#98724, LaiCOINS#98725, LiaAction1#98726, LiaAction2#98727, ... 18 more fields] : +- Project [SiteCode#98704, LiaID#98705, RowChkSum#98706, LastModAt#98707, RowState#98708, LiaTPCLIID#98709, LiaDtm#98710, LiaStrUser#98711, LaiPAIDINS#98712, LaiContADJ#98713, LaiGENADJ#98714, LaiCOPay#98715, LaiDEDUC#98716, LaiCLIENT#98717, LiaBitNoteOnly#98718, LiaStrDesc#98719, TprbID#98720, LiaPending#98721, Liaamt#98722, Liastrtext#98723, LiaADJREASON#98724, LaiCOINS#98725, LiaAction1#98726, LiaAction2#98727, ... 17 more fields] : +- Project [SiteCode#98704, LiaID#98705, RowChkSum#98706, LastModAt#98707, RowState#98708, LiaTPCLIID#98709, LiaDtm#98710, LiaStrUser#98711, LaiPAIDINS#98712, LaiContADJ#98713, LaiGENADJ#98714, LaiCOPay#98715, LaiDEDUC#98716, LaiCLIENT#98717, LiaBitNoteOnly#98718, LiaStrDesc#98719, TprbID#98720, LiaPending#98721, Liaamt#98722, Liastrtext#98723, LiaADJREASON#98724, LaiCOINS#98725, LiaAction1#98726, LiaAction2#98727, ... 16 more fields] : +- Project [SiteCode#98704, LiaID#98705, RowChkSum#98706, LastModAt#98707, RowState#98708, LiaTPCLIID#98709, LiaDtm#98710, LiaStrUser#98711, LaiPAIDINS#98712, LaiContADJ#98713, LaiGENADJ#98714, LaiCOPay#98715, LaiDEDUC#98716, LaiCLIENT#98717, LiaBitNoteOnly#98718, LiaStrDesc#98719, TprbID#98720, LiaPending#98721, Liaamt#98722, Liastrtext#98723, LiaADJREASON#98724, LaiCOINS#98725, LiaAction1#98726, LiaAction2#98727, ... 15 more fields] : +- Project [SiteCode#98704, LiaID#98705, RowChkSum#98706, LastModAt#98707, RowState#98708, LiaTPCLIID#98709, LiaDtm#98710, LiaStrUser#98711, LaiPAIDINS#98712, LaiContADJ#98713, LaiGENADJ#98714, LaiCOPay#98715, LaiDEDUC#98716, LaiCLIENT#98717, LiaBitNoteOnly#98718, LiaStrDesc#98719, TprbID#98720, LiaPending#98721, Liaamt#98722, Liastrtext#98723, LiaADJREASON#98724, LaiCOINS#98725, LiaAction1#98726, LiaAction2#98727, ... 14 more fields] : +- Project [SiteCode#98704, LiaID#98705, RowChkSum#98706, LastModAt#98707, RowState#98708, LiaTPCLIID#98709, LiaDtm#98710, LiaStrUser#98711, LaiPAIDINS#98712, LaiContADJ#98713, LaiGENADJ#98714, LaiCOPay#98715, LaiDEDUC#98716, LaiCLIENT#98717, LiaBitNoteOnly#98718, LiaStrDesc#98719, TprbID#98720, LiaPending#98721, Liaamt#98722, Liastrtext#98723, LiaADJREASON#98724, LaiCOINS#98725, LiaAction1#98726, LiaAction2#98727, ... 13 more fields] : +- Join LeftOuter, ((_SiteCode#96859 = _b_SiteCode#96849) AND (_tprbID#96928 = _b_tprbID#96850)) : :- Project [SiteCode#98704, LiaID#98705, RowChkSum#98706, LastModAt#98707, RowState#98708, LiaTPCLIID#98709, LiaDtm#98710, LiaStrUser#98711, LaiPAIDINS#98712, LaiContADJ#98713, LaiGENADJ#98714, LaiCOPay#98715, LaiDEDUC#98716, LaiCLIENT#98717, LiaBitNoteOnly#98718, LiaStrDesc#98719, TprbID#98720, LiaPending#98721, Liaamt#98722, Liastrtext#98723, LiaADJREASON#98724, LaiCOINS#98725, LiaAction1#98726, LiaAction2#98727, ... 11 more fields] : : +- Project [SiteCode#98704, LiaID#98705, RowChkSum#98706, LastModAt#98707, RowState#98708, LiaTPCLIID#98709, LiaDtm#98710, LiaStrUser#98711, LaiPAIDINS#98712, LaiContADJ#98713, LaiGENADJ#98714, LaiCOPay#98715, LaiDEDUC#98716, LaiCLIENT#98717, LiaBitNoteOnly#98718, LiaStrDesc#98719, TprbID#98720, LiaPending#98721, Liaamt#98722, Liastrtext#98723, LiaADJREASON#98724, LaiCOINS#98725, LiaAction1#98726, LiaAction2#98727, ... 10 more fields] : : +- Project [SiteCode#98704, LiaID#98705, RowChkSum#98706, LastModAt#98707, RowState#98708, LiaTPCLIID#98709, LiaDtm#98710, LiaStrUser#98711, LaiPAIDINS#98712, LaiContADJ#98713, LaiGENADJ#98714, LaiCOPay#98715, LaiDEDUC#98716, LaiCLIENT#98717, LiaBitNoteOnly#98718, LiaStrDesc#98719, TprbID#98720, LiaPending#98721, Liaamt#98722, Liastrtext#98723, LiaADJREASON#98724, LaiCOINS#98725, LiaAction1#98726, LiaAction2#98727, ... 9 more fields] : : +- Filter (RowState#98708 = true) : : +- SubqueryAlias spark_catalog.chimcobldhq2agi88smk8gak84ml0j21ah34ukid5l1kuki55l24alh5c9k6enrjd5m7cpbi4lo62t3j.tbl_claimlineitemactivity : : +- Relation spark_catalog.chimcobldhq2agi88smk8gak84ml0j21ah34ukid5l1kuki55l24alh5c9k6enrjd5m7cpbi4lo62t3j.tbl_claimlineitemactivity[SiteCode#98704,LiaID#98705,RowChkSum#98706,LastModAt#98707,RowState#98708,LiaTPCLIID#98709,LiaDtm#98710,LiaStrUser#98711,LaiPAIDINS#98712,LaiContADJ#98713,LaiGENADJ#98714,LaiCOPay#98715,LaiDEDUC#98716,LaiCLIENT#98717,LiaBitNoteOnly#98718,LiaStrDesc#98719,TprbID#98720,LiaPending#98721,Liaamt#98722,Liastrtext#98723,LiaADJREASON#98724,LaiCOINS#98725,LiaAction1#98726,LiaAction2#98727,... 8 more fields] parquet : +- Project [SiteCode#98747 AS _b_SiteCode#96849, tprbID#98736 AS _b_tprbID#96850, tprbCheck#98745 AS tprbCheck#96851, tpbType#98743 AS tpbType#96852] : +- SubqueryAlias spark_catalog.chimcobldhq2agi88smk8gak84ml0j21ah34ukid5l1kuki55l24alh5c9k6enrjd5m7cpbi4lgniu0.tbl_batchpayments : +- Relation spark_catalog.chimcobldhq2agi88smk8gak84ml0j21ah34ukid5l1kuki55l24alh5c9k6enrjd5m7cpbi4lgniu0.tbl_batchpayments[tprbID#98736,tprbDtmPaid#98737,tprbAmtPmt#98738,tprbDtmPost#98739,tprbDtmStarted#98740,tprbStrStarted#98741,batchstatus#98742,tpbType#98743,tprbPayer#98744,tprbCheck#98745,Location#98746,SiteCode#98747,ClinicName#98748,RegionCode#98749,VPRegionCode#98750,EHRVersion#98751] parquet +- SubqueryAlias chg +- Project [SiteCode#98892, tpcliID#98893, tpcliTPCID#98894, CPT#98897, SvcDate#98951] +- Project [SiteCode#98892, tpcliID#98893, tpcliTPCID#98894, cast(SvcDate#98895 as date) AS SvcDate#98951, Description#98896, CPT#98897, liaStrUser#98898, Amount#98932, TransactionType#98941] +- Project [SiteCode#98892, tpcliID#98893, tpcliTPCID#98894, SvcDate#98895, Description#98896, CPT#98897, liaStrUser#98898, Amount#98932, Charge AS TransactionType#98941] +- Aggregate [SiteCode#95184, TpcliID#95185, TpcliTPCID#95189, TpcliDtmService#95190, _TxtService#98859, TpcliStrCPT#95196, TpcliStrAdded#95194], [SiteCode#95184 AS SiteCode#98892, TpcliID#95185 AS tpcliID#98893, TpcliTPCID#95189 AS tpcliTPCID#98894, TpcliDtmService#95190 AS SvcDate#98895, _TxtService#98859 AS Description#98896, TpcliStrCPT#95196 AS CPT#98897, TpcliStrAdded#95194 AS liaStrUser#98898, sum(cast(TpcliAmtCharge#95195 as double)) AS Amount#98932] +- Project [SiteCode#95184, TpcliID#95185, RowChkSum#95186, LastModAt#95187, RowState#95188, TpcliTPCID#95189, TpcliDtmService#95190, TpcliTxtService#95191, TpcliIntUnits#95192, TpcliDtmAdded#95193, TpcliStrAdded#95194, TpcliAmtCharge#95195, TpcliStrCPT#95196, TpcliStrModifier#95197, TpcliStrNDC#95198, TpcliStrPOS#95199, TpcliIntDx1#95200, TpcliIntDx2#95201, TpcliIntDx3#95202, TpcliIntDx4#95203, TpcliDiagnosis#95204, TpcliDSID#95205, TpcliPayerClaimID#95206, TpcliProviderId#95207, ... 8 more fields] +- Filter (RowState#95188 = true) +- SubqueryAlias spark_catalog.chimcobldhq2agi88smk8gak84ml0j21ah34ukid5l1kuki55l24alh5c9k6enrjd5m7cpbi4lo62t3j.tbl_claimlineitem +- Relation spark_catalog.chimcobldhq2agi88smk8gak84ml0j21ah34ukid5l1kuki55l24alh5c9k6enrjd5m7cpbi4lo62t3j.tbl_claimlineitem[SiteCode#95184,TpcliID#95185,RowChkSum#95186,LastModAt#95187,RowState#95188,TpcliTPCID#95189,TpcliDtmService#95190,TpcliTxtService#95191,TpcliIntUnits#95192,TpcliDtmAdded#95193,TpcliStrAdded#95194,TpcliAmtCharge#95195,TpcliStrCPT#95196,TpcliStrModifier#95197,TpcliStrNDC#95198,TpcliStrPOS#95199,TpcliIntDx1#95200,TpcliIntDx2#95201,TpcliIntDx3#95202,TpcliIntDx4#95203,TpcliDiagnosis#95204,TpcliDSID#95205,TpcliPayerClaimID#95206,TpcliProviderId#95207,... 7 more fields] parquet",2026-09-08T08:20:07.373Z,2026-09-08T08:20:46.575Z,36,2026-09-08T08:20:46.575Z,,,f61fb4c5-0d31-4954-8aac-d0c2d48f9dc90,
202608201425194362,202608201258108443,202608201258108173,46,8975,P1 Finance VW 3P Bill Sub Bronze - B66A,br_samms_vw3p_bill_sub,TASK_COMPLETE,SUCCESS,INFO,82,82,0,,2026-08-20T12:58:15.698Z,2026-08-20T14:28:34.201Z,5419,2026-08-20T14:28:34.201Z,B66A,Bremen,5f0dd8ad-486e-4238-8933-2b89499a6e18,SAMMS-Bremen
202608201425194364,202608201258108444,202608201258108173,46,8976,P1 Finance VW 3P Bill Sub Bronze - B72,br_samms_vw3p_bill_sub,TASK_COMPLETE,SUCCESS,INFO,2,2,0,,2026-08-20T12:58:15.698Z,2026-08-20T14:28:34.201Z,5419,2026-08-20T14:28:34.201Z,B72,Mobile-OBOT,5f0dd8ad-486e-4238-8933-2b89499a6e18,SAMMS-Mobile-OBOT
202608201425194365,202608201258108445,202608201258108173,46,8977,P1 Finance VW 3P Bill Sub Bronze - B73,br_samms_vw3p_bill_sub,TASK_COMPLETE,SUCCESS,INFO,2,2,0,,2026-08-20T12:58:15.698Z,2026-08-20T14:28:34.201Z,5419,2026-08-20T14:28:34.201Z,B73,Montgomery,5f0dd8ad-486e-4238-8933-2b89499a6e18,SAMMS-Montgomery
202608201425194367,202608201258108446,202608201258108173,46,8978,P1 Finance VW 3P Bill Sub Bronze - B75,br_samms_vw3p_bill_sub,TASK_COMPLETE,SUCCESS,INFO,328,328,0,,2026-08-20T12:58:15.698Z,2026-08-20T14:28:34.201Z,5419,2026-08-20T14:28:34.201Z,B75,Lawrence,5f0dd8ad-486e-4238-8933-2b89499a6e18,SAMMS-LawrenceV6
202608201425194368,202608201258108447,202608201258108173,46,8979,P1 Finance VW 3P Bill Sub Bronze - B76,br_samms_vw3p_bill_sub,TASK_COMPLETE,SUCCESS,INFO,9,9,0,,2026-08-20T12:58:15.698Z,2026-08-20T14:28:34.201Z,5419,2026-08-20T14:28:34.201Z,B76,Huntsville-OBOT,5f0dd8ad-486e-4238-8933-2b89499a6e18,SAMMS-Huntsville-OBOT
202608201425194370,202608201258108448,202608201258108173,46,8980,P1 Finance VW 3P Bill Sub Bronze - BAT,br_samms_vw3p_bill_sub,TASK_COMPLETE,SUCCESS,INFO,125,125,0,,2026-08-20T12:58:15.698Z,2026-08-20T14:28:34.201Z,5419,2026-08-20T14:28:34.201Z,BAT,Batesville,5f0dd8ad-486e-4238-8933-2b89499a6e18,SAMMS-Batesville
202608201425194372,202608201258108449,202608201258108173,46,8981,P1 Finance VW 3P Bill Sub Bronze - BG,br_samms_vw3p_bill_sub,TASK_COMPLETE,SUCCESS,INFO,309,309,0,,2026-08-20T12:58:15.698Z,2026-08-20T14:28:34.201Z,5419,2026-08-20T14:28:34.201Z,BG,BowlingGreen,5f0dd8ad-486e-4238-8933-2b89499a6e18,SAMMS-BowlingGreen
202608201425194373,202608201258108450,202608201258108173,46,8982,P1 Finance VW 3P Bill Sub Bronze - BOI,br_samms_vw3p_bill_sub,TASK_COMPLETE,SUCCESS,INFO,166,166,0,,2026-08-20T12:58:15.698Z,2026-08-20T14:28:34.201Z,5419,2026-08-20T14:28:34.201Z,BOI,Boise,5f0dd8ad-486e-4238-8933-2b89499a6e18,SAMMS-Boise
202608201425194375,202608201258108451,202608201258108173,46,8983,P1 Finance VW 3P Bill Sub Bronze - CBCO,br_samms_vw3p_bill_sub,TASK_COMPLETE,SUCCESS,INFO,88,88,0,,2026-08-20T12:58:15.698Z,2026-08-20T14:28:34.201Z,5419,2026-08-20T14:28:34.201Z,CBCO,CoeurdAlene,5f0dd8ad-486e-4238-8933-2b89499a6e18,SAMMS-CoeurdAleneV6
202608201425194376,202608201258108452,202608201258108173,46,8984,P1 Finance VW 3P Bill Sub Bronze - CON,br_samms_vw3p_bill_sub,TASK_COMPLETE,SUCCESS,INFO,122,122,0,,2026-08-20T12:58:15.698Z,2026-08-20T14:28:34.201Z,5419,2026-08-20T14:28:34.201Z,CON,Conway,5f0dd8ad-486e-4238-8933-2b89499a6e18,SAMMS-Conway
202608201425194378,202608201258108453,202608201258108173,46,8985,P1 Finance VW 3P Bill Sub Bronze - D07,br_samms_vw3p_bill_sub,TASK_COMPLETE,SUCCESS,INFO,10122,10122,0,,2026-08-20T12:58:15.698Z,2026-08-20T14:28:34.201Z,5419,2026-08-20T14:28:34.201Z,D07,Knoxville,5f0dd8ad-486e-4238-8933-2b89499a6e18,SAMMS-KnoxvilleV6
202608201425194380,202608201258108454,202608201258108173,46,8986,P1 Finance VW 3P Bill Sub Bronze - D08,br_samms_vw3p_bill_sub,TASK_COMPLETE,SUCCESS,INFO,414,414,0,,2026-08-20T12:58:15.698Z,2026-08-20T14:28:34.201Z,5419,2026-08-20T14:28:34.201Z,D08,Madison,5f0dd8ad-486e-4238-8933-2b89499a6e18,SAMMS-MadisonV6
202608201425194381,202608201258108455,202608201258108173,46,8987,P1 Finance VW 3P Bill Sub Bronze - D09,br_samms_vw3p_bill_sub,TASK_COMPLETE,SUCCESS,INFO,1814,1814,0,,2026-08-20T12:58:15.698Z,2026-08-20T14:28:34.201Z,5419,2026-08-20T14:28:34.201Z,D09,Murfreesboro,5f0dd8ad-486e-4238-8933-2b89499a6e18,SAMMS-MurfreesboroV6
202608201425194383,202608201258108456,202608201258108173,46,8988,P1 Finance VW 3P Bill Sub Bronze - DA,br_samms_vw3p_bill_sub,TASK_COMPLETE,SUCCESS,INFO,80,80,0,,2026-08-20T12:58:15.698Z,2026-08-20T14:28:34.201Z,5419,2026-08-20T14:28:34.201Z,DA,Davenport,5f0dd8ad-486e-4238-8933-2b89499a6e18,SAMMS-Davenport
202608201425194385,202608201258108457,202608201258108173,46,8989,P1 Finance VW 3P Bill Sub Bronze - DM,br_samms_vw3p_bill_sub,TASK_COMPLETE,SUCCESS,INFO,332,332,0,,2026-08-20T12:58:15.698Z,2026-08-20T14:28:34.201Z,5419,2026-08-20T14:28:34.201Z,DM,DesMoines,5f0dd8ad-486e-4238-8933-2b89499a6e18,SAMMS-DesMoines
202608201425194386,202608201258108458,202608201258108173,46,8990,P1 Finance VW 3P Bill Sub Bronze - DRD-CO,br_samms_vw3p_bill_sub,TASK_COMPLETE,SUCCESS,INFO,1617,1617,0,,2026-08-20T12:58:15.698Z,2026-08-20T14:28:34.201Z,5419,2026-08-20T14:28:34.201Z,DRD-CO,Columbia,5f0dd8ad-486e-4238-8933-2b89499a6e18,SAMMS-ColumbiaV5
202608201425194388,202608201258108459,202608201258108173,46,8991,P1 Finance VW 3P Bill Sub Bronze - DRD-KC,br_samms_vw3p_bill_sub,TASK_COMPLETE,SUCCESS,INFO,2045,2045,0,,2026-08-20T12:58:15.698Z,2026-08-20T14:28:34.201Z,5419,2026-08-20T14:28:34.201Z,DRD-KC,KC,5f0dd8ad-486e-4238-8933-2b89499a6e18,SAMMS-KCv5
202608201425194390,202608201258108460,202608201258108173,46,8992,P1 Finance VW 3P Bill Sub Bronze - DRD-KVB,br_samms_vw3p_bill_sub,TASK_COMPLETE,SUCCESS,INFO,12236,12236,0,,2026-08-20T12:58:15.698Z,2026-08-20T14:28:34.201Z,5419,2026-08-20T14:28:34.201Z,DRD-KVB,KVB,5f0dd8ad-486e-4238-8933-2b89499a6e18,SAMMS-KVBv5
202608201425194391,202608201258108461,202608201258108173,46,8993,P1 Finance VW 3P Bill Sub Bronze - DRD-KVC,br_samms_vw3p_bill_sub,TASK_COMPLETE,SUCCESS,INFO,10211,10211,0,,2026-08-20T12:58:15.698Z,2026-08-20T14:28:34.201Z,5419,2026-08-20T14:28:34.201Z,DRD-KVC,KVC,5f0dd8ad-486e-4238-8933-2b89499a6e18,SAMMS-KVCv5
202608201425194393,202608201258108462,202608201258108173,46,8994,P1 Finance VW 3P Bill Sub Bronze - DRD-NOLA,br_samms_vw3p_bill_sub,TASK_COMPLETE,SUCCESS,INFO,7497,7497,0,,2026-08-20T12:58:15.698Z,2026-08-20T14:28:34.201Z,5419,2026-08-20T14:28:34.201Z,DRD-NOLA,NOLA,5f0dd8ad-486e-4238-8933-2b89499a6e18,SAMMS-NOLAv5
202608201425194395,202608201258108463,202608201258108173,46,8995,P1 Finance VW 3P Bill Sub Bronze - DRD-SF,br_samms_vw3p_bill_sub,TASK_COMPLETE,SUCCESS,INFO,3429,3429,0,,2026-08-20T12:58:15.698Z,2026-08-20T14:28:34.201Z,5419,2026-08-20T14:28:34.201Z,DRD-SF,SF,5f0dd8ad-486e-4238-8933-2b89499a6e18,SAMMS-SFv5
202608201425194397,202608201258108464,202608201258108173,46,8996,P1 Finance VW 3P Bill Sub Bronze - ELC,br_samms_vw3p_bill_sub,TASK_COMPLETE,SUCCESS,INFO,399,399,0,,2026-08-20T12:58:15.698Z,2026-08-20T14:28:34.201Z,5419,2026-08-20T14:28:34.201Z,ELC,ElizabethCity,5f0dd8ad-486e-4238-8933-2b89499a6e18,SAMMS-ElizabethCity
202608201425195546,202608201258109328,202608201258108173,46,9876,P1 Finance Claims Bronze - VWBY,br_samms_claims,TASK_COMPLETE,SUCCESS,INFO,42923,42923,0,,2026-08-20T12:58:15.698Z,2026-08-20T14:28:34.201Z,5419,2026-08-20T14:28:34.201Z,VWBY,Woodbury,5f0dd8ad-486e-4238-8933-2b89499a6e18,SAMMS-WoodburyV6
202608201425195548,202608201258109329,202608201258108173,46,9877,P1 Finance Claims Bronze - WIL,br_samms_claims,TASK_COMPLETE,SUCCESS,INFO,43093,43093,0,,2026-08-20T12:58:15.698Z,2026-08-20T14:28:34.201Z,5419,2026-08-20T14:28:34.201Z,WIL,Wilson,5f0dd8ad-486e-4238-8933-2b89499a6e18,SAMMS-Wilson
202608201425195650,202608201258208183,202608201258208173,47,9878,P1 Finance Claims Silver,tbl_Claims,TASK_COMPLETE,SUCCESS,INFO,9705082,9705082,0,,2026-08-20T12:58:15.698Z,2026-08-20T14:28:34.201Z,5419,2026-08-20T14:28:34.201Z,,,5f0dd8ad-486e-4238-8933-2b89499a6e18,
202608201425195559,202608201258109560,202608201258108173,46,10117,P1 Finance Client Demo 1 Bronze - AHK,br_samms_client_demo1,TASK_COMPLETE,SUCCESS,INFO,301,301,0,,2026-08-20T12:58:15.698Z,2026-08-20T14:28:34.201Z,5419,2026-08-20T14:28:34.201Z,AHK,Ahoskie,5f0dd8ad-486e-4238-8933-2b89499a6e18,SAMMS-Ahoskie
202608201425195560,202608201258109561,202608201258108173,46,10118,P1 Finance Client Demo 1 Bronze - B12B,br_samms_client_demo1,TASK_COMPLETE,SUCCESS,INFO,1369,1369,0,,2026-08-20T12:58:15.698Z,2026-08-20T14:28:34.201Z,5419,2026-08-20T14:28:34.201Z,B12B,ColoradoSprings,5f0dd8ad-486e-4238-8933-2b89499a6e18,SAMMS-ColoradoSpringsV5
202608201425195561,202608201258109562,202608201258108173,46,10119,P1 Finance Client Demo 1 Bronze - B24,br_samms_client_demo1,TASK_COMPLETE,SUCCESS,INFO,2919,2919,0,,2026-08-20T12:58:15.698Z,2026-08-20T14:28:34.201Z,5419,2026-08-20T14:28:34.201Z,B24,Paintsville,5f0dd8ad-486e-4238-8933-2b89499a6e18,SAMMS-PaintsvilleV5
202608201425195563,202608201258109563,202608201258108173,46,10120,P1 Finance Client Demo 1 Bronze - B25,br_samms_client_demo1,TASK_COMPLETE,SUCCESS,INFO,3413,3413,0,,2026-08-20T12:58:15.698Z,2026-08-20T14:28:34.201Z,5419,2026-08-20T14:28:34.201Z,B25,Pikeville,5f0dd8ad-486e-4238-8933-2b89499a6e18,SAMMS-PikevilleV5
202608201425195564,202608201258109564,202608201258108173,46,10121,P1 Finance Client Demo 1 Bronze - B26,br_samms_client_demo1,TASK_COMPLETE,SUCCESS,INFO,4354,4354,0,,2026-08-20T12:58:15.698Z,2026-08-20T14:28:34.201Z,5419,2026-08-20T14:28:34.201Z,B26,Hazard,5f0dd8ad-486e-4238-8933-2b89499a6e18,SAMMS-HazardV5
202608201425195565,202608201258109565,202608201258108173,46,10122,P1 Finance Client Demo 1 Bronze - B27,br_samms_client_demo1,TASK_COMPLETE,SUCCESS,INFO,2355,2355,0,,2026-08-20T12:58:15.698Z,2026-08-20T14:28:34.201Z,5419,2026-08-20T14:28:34.201Z,B27,Savannah,5f0dd8ad-486e-4238-8933-2b89499a6e18,SAMMS-SavannahV6
202608201425195567,202608201258109566,202608201258108173,46,10123,P1 Finance Client Demo 1 Bronze - B28,br_samms_client_demo1,TASK_COMPLETE,SUCCESS,INFO,1087,1087,0,,2026-08-20T12:58:15.698Z,2026-08-20T14:28:34.201Z,5419,2026-08-20T14:28:34.201Z,B28,WestPlaines,5f0dd8ad-486e-4238-8933-2b89499a6e18,SAMMS-WestPlainesV5
202608201425195568,202608201258109567,202608201258108173,46,10124,P1 Finance Client Demo 1 Bronze - B29,br_samms_client_demo1,TASK_COMPLETE,SUCCESS,INFO,1357,1357,0,,2026-08-20T12:58:15.698Z,2026-08-20T14:28:34.201Z,5419,2026-08-20T14:28:34.201Z,B29,PoplarBluff,5f0dd8ad-486e-4238-8933-2b89499a6e18,SAMMS-PoplarBluffV5
202608201425195569,202608201258109568,202608201258108173,46,10125,P1 Finance Client Demo 1 Bronze - B30,br_samms_client_demo1,TASK_COMPLETE,SUCCESS,INFO,3564,3564,0,,2026-08-20T12:58:15.698Z,2026-08-20T14:28:34.201Z,5419,2026-08-20T14:28:34.201Z,B30,KCN,5f0dd8ad-486e-4238-8933-2b89499a6e18,SAMMS-KCNv5
202608201425195571,202608201258109569,202608201258108173,46,10126,P1 Finance Client Demo 1 Bronze - B31,br_samms_client_demo1,TASK_COMPLETE,SUCCESS,INFO,1964,1964,0,,2026-08-20T12:58:15.698Z,2026-08-20T14:28:34.201Z,5419,2026-08-20T14:28:34.201Z,B31,Dyersburg,5f0dd8ad-486e-4238-8933-2b89499a6e18,SAMMS-DyersburgV5
202608201425195572,202608201258109570,202608201258108173,46,10127,P1 Finance Client Demo 1 Bronze - B33,br_samms_client_demo1,TASK_COMPLETE,SUCCESS,INFO,2570,2570,0,,2026-08-20T12:58:15.698Z,2026-08-20T14:28:34.201Z,5419,2026-08-20T14:28:34.201Z,B33,Paducah,5f0dd8ad-486e-4238-8933-2b89499a6e18,SAMMS-Paducah
202608201425195574,202608201258109571,202608201258108173,46,10128,P1 Finance Client Demo 1 Bronze - B34,br_samms_client_demo1,TASK_COMPLETE,SUCCESS,INFO,2982,2982,0,,2026-08-20T12:58:15.698Z,2026-08-20T14:28:34.201Z,5419,2026-08-20T14:28:34.201Z,B34,Corbin,5f0dd8ad-486e-4238-8933-2b89499a6e18,SAMMS-CorbinV5
202608201425195575,202608201258109572,202608201258108173,46,10129,P1 Finance Client Demo 1 Bronze - B35,br_samms_client_demo1,TASK_COMPLETE,SUCCESS,INFO,7378,7378,0,,2026-08-20T12:58:15.698Z,2026-08-20T14:28:34.201Z,5419,2026-08-20T14:28:34.201Z,B35,Lexington,5f0dd8ad-486e-4238-8933-2b89499a6e18,SAMMS-LexingtonV5
202608201425195576,202608201258109573,202608201258108173,46,10130,P1 Finance Client Demo 1 Bronze - B35A,br_samms_client_demo1,TASK_COMPLETE,SUCCESS,INFO,4082,4082,0,,2026-08-20T12:58:15.698Z,2026-08-20T14:28:34.201Z,5419,2026-08-20T14:28:34.201Z,B35A,Berea,5f0dd8ad-486e-4238-8933-2b89499a6e18,SAMMS-BereaV5
202608201425195577,202608201258109574,202608201258108173,46,10131,P1 Finance Client Demo 1 Bronze - B36,br_samms_client_demo1,TASK_COMPLETE,SUCCESS,INFO,4388,4388,0,,2026-08-20T12:58:15.698Z,2026-08-20T14:28:34.201Z,5419,2026-08-20T14:28:34.201Z,B36,Asheville,5f0dd8ad-486e-4238-8933-2b89499a6e18,SAMMS-AshevilleV5
202608201425195579,202608201258109575,202608201258108173,46,10132,P1 Finance Client Demo 1 Bronze - B37,br_samms_client_demo1,TASK_COMPLETE,SUCCESS,INFO,2960,2960,0,,2026-08-20T12:58:15.698Z,2026-08-20T14:28:34.201Z,5419,2026-08-20T14:28:34.201Z,B37,Clyde,5f0dd8ad-486e-4238-8933-2b89499a6e18,SAMMS-ClydeV5
202608201425195580,202608201258109576,202608201258108173,46,10133,P1 Finance Client Demo 1 Bronze - B38,br_samms_client_demo1,TASK_COMPLETE,SUCCESS,INFO,8702,8702,0,,2026-08-20T12:58:15.698Z,2026-08-20T14:28:34.201Z,5419,2026-08-20T14:28:34.201Z,B38,Spartanburg,5f0dd8ad-486e-4238-8933-2b89499a6e18,SAMMS-SpartanburgV5
202608201425195581,202608201258109577,202608201258108173,46,10134,P1 Finance Client Demo 1 Bronze - B39,br_samms_client_demo1,TASK_COMPLETE,SUCCESS,INFO,2742,2742,0,,2026-08-20T12:58:15.698Z,2026-08-20T14:28:34.201Z,5419,2026-08-20T14:28:34.201Z,B39,Aiken,5f0dd8ad-486e-4238-8933-2b89499a6e18,SAMMS-AikenV5
202608201425195583,202608201258109578,202608201258108173,46,10135,P1 Finance Client Demo 1 Bronze - B41,br_samms_client_demo1,TASK_COMPLETE,SUCCESS,INFO,3479,3479,0,,2026-08-20T12:58:15.698Z,2026-08-20T14:28:34.201Z,5419,2026-08-20T14:28:34.201Z,B41,Chesapeake,5f0dd8ad-486e-4238-8933-2b89499a6e18,SAMMS-ChesapeakeV5
202608201425194597,202608201258108342,202608201258108173,46,8872,P1 Finance PBI 3 Pay Auth Bronze - DRD-CO,br_samms_pbi3_pay_auth,TASK_COMPLETE,SUCCESS,INFO,536,536,0,,2026-08-20T12:58:15.698Z,2026-08-20T14:28:34.201Z,5419,2026-08-20T14:28:34.201Z,DRD-CO,Columbia,5f0dd8ad-486e-4238-8933-2b89499a6e18,SAMMS-ColumbiaV5
202608201425194599,202608201258108343,202608201258108173,46,8873,P1 Finance PBI 3 Pay Auth Bronze - DRD-KC,br_samms_pbi3_pay_auth,TASK_COMPLETE,SUCCESS,INFO,495,495,0,,2026-08-20T12:58:15.698Z,2026-08-20T14:28:34.201Z,5419,2026-08-20T14:28:34.201Z,DRD-KC,KC,5f0dd8ad-486e-4238-8933-2b89499a6e18,SAMMS-KCv5
202608201425194600,202608201258108344,202608201258108173,46,8874,P1 Finance PBI 3 Pay Auth Bronze - DRD-KVB,br_samms_pbi3_pay_auth,TASK_COMPLETE,SUCCESS,INFO,1634,1634,0,,2026-08-20T12:58:15.698Z,2026-08-20T14:28:34.201Z,5419,2026-08-20T14:28:34.201Z,DRD-KVB,KVB,5f0dd8ad-486e-4238-8933-2b89499a6e18,SAMMS-KVBv5
202608201425194602,202608201258108345,202608201258108173,46,8875,P1 Finance PBI 3 Pay Auth Bronze - DRD-KVC,br_samms_pbi3_pay_auth,TASK_COMPLETE,SUCCESS,INFO,1806,1806,0,,2026-08-20T12:58:15.698Z,2026-08-20T14:28:34.201Z,5419,2026-08-20T14:28:34.201Z,DRD-KVC,KVC,5f0dd8ad-486e-4238-8933-2b89499a6e18,SAMMS-KVCv5
202608201425194603,202608201258108346,202608201258108173,46,8876,P1 Finance PBI 3 Pay Auth Bronze - DRD-NOLA,br_samms_pbi3_pay_auth,TASK_COMPLETE,SUCCESS,INFO,1431,1431,0,,2026-08-20T12:58:15.698Z,2026-08-20T14:28:34.201Z,5419,2026-08-20T14:28:34.201Z,DRD-NOLA,NOLA,5f0dd8ad-486e-4238-8933-2b89499a6e18,SAMMS-NOLAv5
202608201425194605,202608201258108347,202608201258108173,46,8877,P1 Finance PBI 3 Pay Auth Bronze - DRD-SF,br_samms_pbi3_pay_auth,TASK_COMPLETE,SUCCESS,INFO,559,559,0,,2026-08-20T12:58:15.698Z,2026-08-20T14:28:34.201Z,5419,2026-08-20T14:28:34.201Z,DRD-SF,SF,5f0dd8ad-486e-4238-8933-2b89499a6e18,SAMMS-SFv5
202608201425194607,202608201258108348,202608201258108173,46,8878,P1 Finance PBI 3 Pay Auth Bronze - ELC,br_samms_pbi3_pay_auth,TASK_COMPLETE,SUCCESS,INFO,111,111,0,,2026-08-20T12:58:15.698Z,2026-08-20T14:28:34.201Z,5419,2026-08-20T14:28:34.201Z,ELC,ElizabethCity,5f0dd8ad-486e-4238-8933-2b89499a6e18,SAMMS-ElizabethCity
202608201425194608,202608201258108349,202608201258108173,46,8879,P1 Finance PBI 3 Pay Auth Bronze - ET,br_samms_pbi3_pay_auth,TASK_COMPLETE,SUCCESS,INFO,432,432,0,,2026-08-20T12:58:15.698Z,2026-08-20T14:28:34.201Z,5419,2026-08-20T14:28:34.201Z,ET,Elizabethtown,5f0dd8ad-486e-4238-8933-2b89499a6e18,SAMMS-Elizabethtown
202608201425194610,202608201258108350,202608201258108173,46,8880,P1 Finance PBI 3 Pay Auth Bronze - FAY,br_samms_pbi3_pay_auth,TASK_COMPLETE,SUCCESS,INFO,259,259,0,,2026-08-20T12:58:15.698Z,2026-08-20T14:28:34.201Z,5419,2026-08-20T14:28:34.201Z,FAY,Fayetteville,5f0dd8ad-486e-4238-8933-2b89499a6e18,SAMMS-Fayetteville
202608201425194612,202608201258108351,202608201258108173,46,8881,P1 Finance PBI 3 Pay Auth Bronze - FR,br_samms_pbi3_pay_auth,TASK_COMPLETE,SUCCESS,INFO,552,552,0,,2026-08-20T12:58:15.698Z,2026-08-20T14:28:34.201Z,5419,2026-08-20T14:28:34.201Z,FR,Frankfort,5f0dd8ad-486e-4238-8933-2b89499a6e18,SAMMS-Frankfort
202608201425194614,202608201258108352,202608201258108173,46,8882,P1 Finance PBI 3 Pay Auth Bronze - FS,br_samms_pbi3_pay_auth,TASK_COMPLETE,SUCCESS,INFO,157,157,0,,2026-08-20T12:58:15.698Z,2026-08-20T14:28:34.201Z,5419,2026-08-20T14:28:34.201Z,FS,FortSmith,5f0dd8ad-486e-4238-8933-2b89499a6e18,SAMMS-FortSmith
202608201425194615,202608201258108353,202608201258108173,46,8883,P1 Finance PBI 3 Pay Auth Bronze - FW,br_samms_pbi3_pay_auth,TASK_COMPLETE,SUCCESS,INFO,275,275,0,,2026-08-20T12:58:15.698Z,2026-08-20T14:28:34.201Z,5419,2026-08-20T14:28:34.201Z,FW,FortWayne,5f0dd8ad-486e-4238-8933-2b89499a6e18,SAMMS-FortWayne
202608201425194617,202608201258108354,202608201258108173,46,8884,P1 Finance PBI 3 Pay Auth Bronze - GAL,br_samms_pbi3_pay_auth,TASK_COMPLETE,SUCCESS,INFO,3776,3776,0,,2026-08-20T12:58:15.698Z,2026-08-20T14:28:34.201Z,5419,2026-08-20T14:28:34.201Z,GAL,Gaylord,5f0dd8ad-486e-4238-8933-2b89499a6e18,SAMMS-Gaylord
202608201425194619,202608201258108355,202608201258108173,46,8885,P1 Finance PBI 3 Pay Auth Bronze - HGT,br_samms_pbi3_pay_auth,TASK_COMPLETE,SUCCESS,INFO,27829,27829,0,,2026-08-20T12:58:15.698Z,2026-08-20T14:28:34.201Z,5419,2026-08-20T14:28:34.201Z,HGT,Hagerstown,5f0dd8ad-486e-4238-8933-2b89499a6e18,SAMMS-Hagerstown
202608201425194621,202608201258108356,202608201258108173,46,8886,P1 Finance PBI 3 Pay Auth Bronze - HNT,br_samms_pbi3_pay_auth,TASK_COMPLETE,SUCCESS,INFO,579,579,0,,2026-08-20T12:58:15.698Z,2026-08-20T14:28:34.201Z,5419,2026-08-20T14:28:34.201Z,HNT,Huntsville,5f0dd8ad-486e-4238-8933-2b89499a6e18,SAMMS-Huntsville
202608201425194623,202608201258108357,202608201258108173,46,8887,P1 Finance PBI 3 Pay Auth Bronze - HS,br_samms_pbi3_pay_auth,TASK_COMPLETE,SUCCESS,INFO,271,271,0,,2026-08-20T12:58:15.698Z,2026-08-20T14:28:34.201Z,5419,2026-08-20T14:28:34.201Z,HS,HotSprings,5f0dd8ad-486e-4238-8933-2b89499a6e18,SAMMS-HotSprings
202608201425194625,202608201258108358,202608201258108173,46,8888,P1 Finance PBI 3 Pay Auth Bronze - JON,br_samms_pbi3_pay_auth,TASK_COMPLETE,SUCCESS,INFO,96,96,0,,2026-08-20T12:58:15.698Z,2026-08-20T14:28:34.201Z,5419,2026-08-20T14:28:34.201Z,JON,Jonesboro,5f0dd8ad-486e-4238-8933-2b89499a6e18,SAMMS-Jonesboro
202608201425194626,202608201258108359,202608201258108173,46,13666,P1 Finance PBI 3 Pay Auth Bronze - LAB,br_samms_pbi3_pay_auth,TASK_COMPLETE,SUCCESS,INFO,13,13,0,,2026-08-20T12:58:15.698Z,2026-08-20T14:28:34.201Z,5419,2026-08-20T14:28:34.201Z,LAB,LabV5-V2,5f0dd8ad-486e-4238-8933-2b89499a6e18,SAMMS-LabV5-V2
202608201425194628,202608201258108360,202608201258108173,46,8889,P1 Finance PBI 3 Pay Auth Bronze - LAN,br_samms_pbi3_pay_auth,TASK_COMPLETE,SUCCESS,INFO,3233,3233,0,,2026-08-20T12:58:15.698Z,2026-08-20T14:28:34.201Z,5419,2026-08-20T14:28:34.201Z,LAN,Lansing,5f0dd8ad-486e-4238-8933-2b89499a6e18,SAMMS-Lansing
202608201425194630,202608201258108361,202608201258108173,46,8890,P1 Finance PBI 3 Pay Auth Bronze - LO,br_samms_pbi3_pay_auth,TASK_COMPLETE,SUCCESS,INFO,1366,1366,0,,2026-08-20T12:58:15.698Z,2026-08-20T14:28:34.201Z,5419,2026-08-20T14:28:34.201Z,LO,Louisville,5f0dd8ad-486e-4238-8933-2b89499a6e18,SAMMS-Louisville
202608201425194631,202608201258108362,202608201258108173,46,8891,P1 Finance PBI 3 Pay Auth Bronze - LV1,br_samms_pbi3_pay_auth,TASK_COMPLETE,SUCCESS,INFO,3527,3527,0,,2026-08-20T12:58:15.698Z,2026-08-20T14:28:34.201Z,5419,2026-08-20T14:28:34.201Z,LV1,Cheyenne,5f0dd8ad-486e-4238-8933-2b89499a6e18,SAMMS-Cheyenne
202608201425194633,202608201258108363,202608201258108173,46,8892,P1 Finance PBI 3 Pay Auth Bronze - LV2,br_samms_pbi3_pay_auth,TASK_COMPLETE,SUCCESS,INFO,2468,2468,0,,2026-08-20T12:58:15.698Z,2026-08-20T14:28:34.201Z,5419,2026-08-20T14:28:34.201Z,LV2,DesertInn,5f0dd8ad-486e-4238-8933-2b89499a6e18,SAMMS-DesertInn
202608201425196477,202608201258109390,202608201258108173,46,9941,P1 Finance Payer Client Bronze - ET,br_samms_payer_client,TASK_COMPLETE,SUCCESS,INFO,910,910,0,,2026-08-20T12:58:15.698Z,2026-08-20T14:28:34.201Z,5419,2026-08-20T14:28:34.201Z,ET,Elizabethtown,5f0dd8ad-486e-4238-8933-2b89499a6e18,SAMMS-Elizabethtown
202608201425196479,202608201258109391,202608201258108173,46,9942,P1 Finance Payer Client Bronze - FAY,br_samms_payer_client,TASK_COMPLETE,SUCCESS,INFO,755,755,0,,2026-08-20T12:58:15.698Z,2026-08-20T14:28:34.201Z,5419,2026-08-20T14:28:34.201Z,FAY,Fayetteville,5f0dd8ad-486e-4238-8933-2b89499a6e18,SAMMS-Fayetteville
202608201425196480,202608201258109392,202608201258108173,46,9943,P1 Finance Payer Client Bronze - FR,br_samms_payer_client,TASK_COMPLETE,SUCCESS,INFO,697,697,0,,2026-08-20T12:58:15.698Z,2026-08-20T14:28:34.201Z,5419,2026-08-20T14:28:34.201Z,FR,Frankfort,5f0dd8ad-486e-4238-8933-2b89499a6e18,SAMMS-Frankfort
202608201425196482,202608201258109393,202608201258108173,46,9944,P1 Finance Payer Client Bronze - FS,br_samms_payer_client,TASK_COMPLETE,SUCCESS,INFO,724,724,0,,2026-08-20T12:58:15.698Z,2026-08-20T14:28:34.201Z,5419,2026-08-20T14:28:34.201Z,FS,FortSmith,5f0dd8ad-486e-4238-8933-2b89499a6e18,SAMMS-FortSmith
202608201425196484,202608201258109394,202608201258108173,46,9945,P1 Finance Payer Client Bronze - FW,br_samms_payer_client,TASK_COMPLETE,SUCCESS,INFO,1725,1725,0,,2026-08-20T12:58:15.698Z,2026-08-20T14:28:34.201Z,5419,2026-08-20T14:28:34.201Z,FW,FortWayne,5f0dd8ad-486e-4238-8933-2b89499a6e18,SAMMS-FortWayne
202608201425196485,202608201258109395,202608201258108173,46,9946,P1 Finance Payer Client Bronze - GAL,br_samms_payer_client,TASK_COMPLETE,SUCCESS,INFO,478,478,0,,2026-08-20T12:58:15.698Z,2026-08-20T14:28:34.201Z,5419,2026-08-20T14:28:34.201Z,GAL,Gaylord,5f0dd8ad-486e-4238-8933-2b89499a6e18,SAMMS-Gaylord
202608201425196487,202608201258109396,202608201258108173,46,9947,P1 Finance Payer Client Bronze - HGT,br_samms_payer_client,TASK_COMPLETE,SUCCESS,INFO,2194,2194,0,,2026-08-20T12:58:15.698Z,2026-08-20T14:28:34.201Z,5419,2026-08-20T14:28:34.201Z,HGT,Hagerstown,5f0dd8ad-486e-4238-8933-2b89499a6e18,SAMMS-Hagerstown
202608201425196489,202608201258109397,202608201258108173,46,9948,P1 Finance Payer Client Bronze - HNT,br_samms_payer_client,TASK_COMPLETE,SUCCESS,INFO,1125,1125,0,,2026-08-20T12:58:15.698Z,2026-08-20T14:28:34.201Z,5419,2026-08-20T14:28:34.201Z,HNT,Huntsville,5f0dd8ad-486e-4238-8933-2b89499a6e18,SAMMS-Huntsville
202608201425196491,202608201258109398,202608201258108173,46,9949,P1 Finance Payer Client Bronze - HS,br_samms_payer_client,TASK_COMPLETE,SUCCESS,INFO,852,852,0,,2026-08-20T12:58:15.698Z,2026-08-20T14:28:34.201Z,5419,2026-08-20T14:28:34.201Z,HS,HotSprings,5f0dd8ad-486e-4238-8933-2b89499a6e18,SAMMS-HotSprings
202608201425196493,202608201258109399,202608201258108173,46,9950,P1 Finance Payer Client Bronze - JON,br_samms_payer_client,TASK_COMPLETE,SUCCESS,INFO,689,689,0,,2026-08-20T12:58:15.698Z,2026-08-20T14:28:34.201Z,5419,2026-08-20T14:28:34.201Z,JON,Jonesboro,5f0dd8ad-486e-4238-8933-2b89499a6e18,SAMMS-Jonesboro
202608201425196495,202608201258109400,202608201258108173,46,9951,P1 Finance Payer Client Bronze - LAN,br_samms_payer_client,TASK_COMPLETE,SUCCESS,INFO,650,650,0,,2026-08-20T12:58:15.698Z,2026-08-20T14:28:34.201Z,5419,2026-08-20T14:28:34.201Z,LAN,Lansing,5f0dd8ad-486e-4238-8933-2b89499a6e18,SAMMS-Lansing
202608201425196496,202608201258109401,202608201258108173,46,9952,P1 Finance Payer Client Bronze - LO,br_samms_payer_client,TASK_COMPLETE,SUCCESS,INFO,1618,1618,0,,2026-08-20T12:58:15.698Z,2026-08-20T14:28:34.201Z,5419,2026-08-20T14:28:34.201Z,LO,Louisville,5f0dd8ad-486e-4238-8933-2b89499a6e18,SAMMS-Louisville
202608201425196498,202608201258109402,202608201258108173,46,9953,P1 Finance Payer Client Bronze - LV1,br_samms_payer_client,TASK_COMPLETE,SUCCESS,INFO,1494,1494,0,,2026-08-20T12:58:15.698Z,2026-08-20T14:28:34.201Z,5419,2026-08-20T14:28:34.201Z,LV1,Cheyenne,5f0dd8ad-486e-4238-8933-2b89499a6e18,SAMMS-Cheyenne
202608201425196500,202608201258109403,202608201258108173,46,9954,P1 Finance Payer Client Bronze - LV2,br_samms_payer_client,TASK_COMPLETE,SUCCESS,INFO,1597,1597,0,,2026-08-20T12:58:15.698Z,2026-08-20T14:28:34.201Z,5419,2026-08-20T14:28:34.201Z,LV2,DesertInn,5f0dd8ad-486e-4238-8933-2b89499a6e18,SAMMS-DesertInn
202608201425196502,202608201258109404,202608201258108173,46,9955,P1 Finance Payer Client Bronze - LV3,br_samms_payer_client,TASK_COMPLETE,SUCCESS,INFO,993,993,0,,2026-08-20T12:58:15.698Z,2026-08-20T14:28:34.201Z,5419,2026-08-20T14:28:34.201Z,LV3,McDaniel,5f0dd8ad-486e-4238-8933-2b89499a6e18,SAMMS-McDaniel
202608201425196504,202608201258109405,202608201258108173,46,9956,P1 Finance Payer Client Bronze - MNRE,br_samms_payer_client,TASK_COMPLETE,SUCCESS,INFO,421,421,0,,2026-08-20T12:58:15.698Z,2026-08-20T14:28:34.201Z,5419,2026-08-20T14:28:34.201Z,MNRE,Monroe,5f0dd8ad-486e-4238-8933-2b89499a6e18,SAMMS-Monroe
202608201425196506,202608201258109406,202608201258108173,46,9957,P1 Finance Payer Client Bronze - MP,br_samms_payer_client,TASK_COMPLETE,SUCCESS,INFO,947,947,0,,2026-08-20T12:58:15.698Z,2026-08-20T14:28:34.201Z,5419,2026-08-20T14:28:34.201Z,MP,MtPleasant,5f0dd8ad-486e-4238-8933-2b89499a6e18,SAMMS-MtPleasant
202608201425196508,202608201258109407,202608201258108173,46,9958,P1 Finance Payer Client Bronze - MRD,br_samms_payer_client,TASK_COMPLETE,SUCCESS,INFO,315,315,0,,2026-08-20T12:58:15.698Z,2026-08-20T14:28:34.201Z,5419,2026-08-20T14:28:34.201Z,MRD,Meridian,5f0dd8ad-486e-4238-8933-2b89499a6e18,SAMMS-Meridian
202608201425196510,202608201258109408,202608201258108173,46,9959,P1 Finance Payer Client Bronze - NC,br_samms_payer_client,TASK_COMPLETE,SUCCESS,INFO,1069,1069,0,,2026-08-20T12:58:15.698Z,2026-08-20T14:28:34.201Z,5419,2026-08-20T14:28:34.201Z,NC,NorthCharleston,5f0dd8ad-486e-4238-8933-2b89499a6e18,SAMMS-NorthCharleston
202608201425196512,202608201258109409,202608201258108173,46,9960,P1 Finance Payer Client Bronze - NLR,br_samms_payer_client,TASK_COMPLETE,SUCCESS,INFO,1178,1178,0,,2026-08-20T12:58:15.698Z,2026-08-20T14:28:34.201Z,5419,2026-08-20T14:28:34.201Z,NLR,NLROBOT,5f0dd8ad-486e-4238-8933-2b89499a6e18,SAMMS-NLROBOT
202608201425196513,202608201258109410,202608201258108173,46,9961,P1 Finance Payer Client Bronze - PH,br_samms_payer_client,TASK_COMPLETE,SUCCESS,INFO,442,442,0,,2026-08-20T12:58:15.698Z,2026-08-20T14:28:34.201Z,5419,2026-08-20T14:28:34.201Z,PH,Phoenix,5f0dd8ad-486e-4238-8933-2b89499a6e18,SAMMS-Phoenix
202608201425196515,202608201258109411,202608201258108173,46,9962,P1 Finance Payer Client Bronze - RE,br_samms_payer_client,TASK_COMPLETE,SUCCESS,INFO,922,922,0,,2026-08-20T12:58:15.698Z,2026-08-20T14:28:34.201Z,5419,2026-08-20T14:28:34.201Z,RE,Reno,5f0dd8ad-486e-4238-8933-2b89499a6e18,SAMMS-Reno
202608201425196441,202608201258109368,202608201258108173,46,9919,P1 Finance Payer Client Bronze - B66A,br_samms_payer_client,TASK_COMPLETE,SUCCESS,INFO,95,95,0,,2026-08-20T12:58:15.698Z,2026-08-20T14:28:34.201Z,5419,2026-08-20T14:28:34.201Z,B66A,Bremen,5f0dd8ad-486e-4238-8933-2b89499a6e18,SAMMS-Bremen
202608201425196442,202608201258109369,202608201258108173,46,9920,P1 Finance Payer Client Bronze - B72,br_samms_payer_client,TASK_COMPLETE,SUCCESS,INFO,72,72,0,,2026-08-20T12:58:15.698Z,2026-08-20T14:28:34.201Z,5419,2026-08-20T14:28:34.201Z,B72,Mobile-OBOT,5f0dd8ad-486e-4238-8933-2b89499a6e18,SAMMS-Mobile-OBOT
202608201425196444,202608201258109370,202608201258108173,46,9921,P1 Finance Payer Client Bronze - B73,br_samms_payer_client,TASK_COMPLETE,SUCCESS,INFO,59,59,0,,2026-08-20T12:58:15.698Z,2026-08-20T14:28:34.201Z,5419,2026-08-20T14:28:34.201Z,B73,Montgomery,5f0dd8ad-486e-4238-8933-2b89499a6e18,SAMMS-Montgomery
202608201425196446,202608201258109371,202608201258108173,46,9922,P1 Finance Payer Client Bronze - B75,br_samms_payer_client,TASK_COMPLETE,SUCCESS,INFO,290,290,0,,2026-08-20T12:58:15.698Z,2026-08-20T14:28:34.201Z,5419,2026-08-20T14:28:34.201Z,B75,Lawrence,5f0dd8ad-486e-4238-8933-2b89499a6e18,SAMMS-LawrenceV6
202608201425196447,202608201258109372,202608201258108173,46,9923,P1 Finance Payer Client Bronze - B76,br_samms_payer_client,TASK_COMPLETE,SUCCESS,INFO,14,14,0,,2026-08-20T12:58:15.698Z,2026-08-20T14:28:34.201Z,5419,2026-08-20T14:28:34.201Z,B76,Huntsville-OBOT,5f0dd8ad-486e-4238-8933-2b89499a6e18,SAMMS-Huntsville-OBOT
202608201425196449,202608201258109373,202608201258108173,46,9924,P1 Finance Payer Client Bronze - BAT,br_samms_payer_client,TASK_COMPLETE,SUCCESS,INFO,680,680,0,,2026-08-20T12:58:15.698Z,2026-08-20T14:28:34.201Z,5419,2026-08-20T14:28:34.201Z,BAT,Batesville,5f0dd8ad-486e-4238-8933-2b89499a6e18,SAMMS-Batesville
202608201425196450,202608201258109374,202608201258108173,46,9925,P1 Finance Payer Client Bronze - BG,br_samms_payer_client,TASK_COMPLETE,SUCCESS,INFO,878,878,0,,2026-08-20T12:58:15.698Z,2026-08-20T14:28:34.201Z,5419,2026-08-20T14:28:34.201Z,BG,BowlingGreen,5f0dd8ad-486e-4238-8933-2b89499a6e18,SAMMS-BowlingGreen
202608201425196452,202608201258109375,202608201258108173,46,9926,P1 Finance Payer Client Bronze - BOI,br_samms_payer_client,TASK_COMPLETE,SUCCESS,INFO,409,409,0,,2026-08-20T12:58:15.698Z,2026-08-20T14:28:34.201Z,5419,2026-08-20T14:28:34.201Z,BOI,Boise,5f0dd8ad-486e-4238-8933-2b89499a6e18,SAMMS-Boise
202608201425196453,202608201258109376,202608201258108173,46,9927,P1 Finance Payer Client Bronze - CBCO,br_samms_payer_client,TASK_COMPLETE,SUCCESS,INFO,288,288,0,,2026-08-20T12:58:15.698Z,2026-08-20T14:28:34.201Z,5419,2026-08-20T14:28:34.201Z,CBCO,CoeurdAlene,5f0dd8ad-486e-4238-8933-2b89499a6e18,SAMMS-CoeurdAleneV6
202608201425196455,202608201258109377,202608201258108173,46,9928,P1 Finance Payer Client Bronze - CON,br_samms_payer_client,TASK_COMPLETE,SUCCESS,INFO,983,983,0,,2026-08-20T12:58:15.698Z,2026-08-20T14:28:34.201Z,5419,2026-08-20T14:28:34.201Z,CON,Conway,5f0dd8ad-486e-4238-8933-2b89499a6e18,SAMMS-Conway
202608201425196456,202608201258109378,202608201258108173,46,9929,P1 Finance Payer Client Bronze - D07,br_samms_payer_client,TASK_COMPLETE,SUCCESS,INFO,1786,1786,0,,2026-08-20T12:58:15.698Z,2026-08-20T14:28:34.201Z,5419,2026-08-20T14:28:34.201Z,D07,Knoxville,5f0dd8ad-486e-4238-8933-2b89499a6e18,SAMMS-KnoxvilleV6
202608201425196458,202608201258109379,202608201258108173,46,9930,P1 Finance Payer Client Bronze - D08,br_samms_payer_client,TASK_COMPLETE,SUCCESS,INFO,740,740,0,,2026-08-20T12:58:15.698Z,2026-08-20T14:28:34.201Z,5419,2026-08-20T14:28:34.201Z,D08,Madison,5f0dd8ad-486e-4238-8933-2b89499a6e18,SAMMS-MadisonV6
202608201425196460,202608201258109380,202608201258108173,46,9931,P1 Finance Payer Client Bronze - D09,br_samms_payer_client,TASK_COMPLETE,SUCCESS,INFO,708,708,0,,2026-08-20T12:58:15.698Z,2026-08-20T14:28:34.201Z,5419,2026-08-20T14:28:34.201Z,D09,Murfreesboro,5f0dd8ad-486e-4238-8933-2b89499a6e18,SAMMS-MurfreesboroV6
202608201425196461,202608201258109381,202608201258108173,46,9932,P1 Finance Payer Client Bronze - DA,br_samms_payer_client,TASK_COMPLETE,SUCCESS,INFO,554,554,0,,2026-08-20T12:58:15.698Z,2026-08-20T14:28:34.201Z,5419,2026-08-20T14:28:34.201Z,DA,Davenport,5f0dd8ad-486e-4238-8933-2b89499a6e18,SAMMS-Davenport
202608201425196463,202608201258109382,202608201258108173,46,9933,P1 Finance Payer Client Bronze - DM,br_samms_payer_client,TASK_COMPLETE,SUCCESS,INFO,781,781,0,,2026-08-20T12:58:15.698Z,2026-08-20T14:28:34.201Z,5419,2026-08-20T14:28:34.201Z,DM,DesMoines,5f0dd8ad-486e-4238-8933-2b89499a6e18,SAMMS-DesMoines
202608201425196465,202608201258109383,202608201258108173,46,9934,P1 Finance Payer Client Bronze - DRD-CO,br_samms_payer_client,TASK_COMPLETE,SUCCESS,INFO,876,876,0,,2026-08-20T12:58:15.698Z,2026-08-20T14:28:34.201Z,5419,2026-08-20T14:28:34.201Z,DRD-CO,Columbia,5f0dd8ad-486e-4238-8933-2b89499a6e18,SAMMS-ColumbiaV5
202608201425196467,202608201258109384,202608201258108173,46,9935,P1 Finance Payer Client Bronze - DRD-KC,br_samms_payer_client,TASK_COMPLETE,SUCCESS,INFO,1043,1043,0,,2026-08-20T12:58:15.698Z,2026-08-20T14:28:34.201Z,5419,2026-08-20T14:28:34.201Z,DRD-KC,KC,5f0dd8ad-486e-4238-8933-2b89499a6e18,SAMMS-KCv5
202608201425196468,202608201258109385,202608201258108173,46,9936,P1 Finance Payer Client Bronze - DRD-KVB,br_samms_payer_client,TASK_COMPLETE,SUCCESS,INFO,1918,1918,0,,2026-08-20T12:58:15.698Z,2026-08-20T14:28:34.201Z,5419,2026-08-20T14:28:34.201Z,DRD-KVB,KVB,5f0dd8ad-486e-4238-8933-2b89499a6e18,SAMMS-KVBv5
202608201425196470,202608201258109386,202608201258108173,46,9937,P1 Finance Payer Client Bronze - DRD-KVC,br_samms_payer_client,TASK_COMPLETE,SUCCESS,INFO,2335,2335,0,,2026-08-20T12:58:15.698Z,2026-08-20T14:28:34.201Z,5419,2026-08-20T14:28:34.201Z,DRD-KVC,KVC,5f0dd8ad-486e-4238-8933-2b89499a6e18,SAMMS-KVCv5
202608201425196472,202608201258109387,202608201258108173,46,9938,P1 Finance Payer Client Bronze - DRD-NOLA,br_samms_payer_client,TASK_COMPLETE,SUCCESS,INFO,2240,2240,0,,2026-08-20T12:58:15.698Z,2026-08-20T14:28:34.201Z,5419,2026-08-20T14:28:34.201Z,DRD-NOLA,NOLA,5f0dd8ad-486e-4238-8933-2b89499a6e18,SAMMS-NOLAv5
202608201425196473,202608201258109388,202608201258108173,46,9939,P1 Finance Payer Client Bronze - DRD-SF,br_samms_payer_client,TASK_COMPLETE,SUCCESS,INFO,1094,1094,0,,2026-08-20T12:58:15.698Z,2026-08-20T14:28:34.201Z,5419,2026-08-20T14:28:34.201Z,DRD-SF,SF,5f0dd8ad-486e-4238-8933-2b89499a6e18,SAMMS-SFv5
202608201425196475,202608201258109389,202608201258108173,46,9940,P1 Finance Payer Client Bronze - ELC,br_samms_payer_client,TASK_COMPLETE,SUCCESS,INFO,632,632,0,,2026-08-20T12:58:15.698Z,2026-08-20T14:28:34.201Z,5419,2026-08-20T14:28:34.201Z,ELC,ElizabethCity,5f0dd8ad-486e-4238-8933-2b89499a6e18,SAMMS-ElizabethCity
202608241333251482,202608241253387535,202608241253386616,88,5585,P1 Reference PreAdmission V6 Bronze - V5B,br_samms_pre_admission_v6,TASK_COMPLETE,FAILED,ERROR,0,0,1,SavePreAdmissionV6 Bronze ForEach failed,2026-08-24T12:53:42.369Z,2026-08-24T13:42:52.652Z,2950,2026-08-24T13:42:52.652Z,V5B,Houma,8f1806c1-b1f2-4ac5-b25b-086fec51b8fb,SAMMS-HoumaV6
202608241333251484,202608241253387536,202608241253386616,88,5586,P1 Reference PreAdmission V6 Bronze - V6,br_samms_pre_admission_v6,TASK_COMPLETE,FAILED,ERROR,0,0,1,SavePreAdmissionV6 Bronze ForEach failed,2026-08-24T12:53:42.369Z,2026-08-24T13:42:52.652Z,2950,2026-08-24T13:42:52.652Z,V6,LC,8f1806c1-b1f2-4ac5-b25b-086fec51b8fb,SAMMS-LCv5
202608241333251486,202608241253387537,202608241253386616,88,5587,P1 Reference PreAdmission V6 Bronze - V8,br_samms_pre_admission_v6,TASK_COMPLETE,FAILED,ERROR,0,0,1,SavePreAdmissionV6 Bronze ForEach failed,2026-08-24T12:53:42.369Z,2026-08-24T13:42:52.652Z,2950,2026-08-24T13:42:52.652Z,V8,VCPHCS-VIII-Memphis,8f1806c1-b1f2-4ac5-b25b-086fec51b8fb,SAMMS-VCPHCS-VIII-MemphisV5
202608241333251487,202608241253387538,202608241253386616,88,5588,P1 Reference PreAdmission V6 Bronze - V9,br_samms_pre_admission_v6,TASK_COMPLETE,FAILED,ERROR,0,0,1,SavePreAdmissionV6 Bronze ForEach failed,2026-08-24T12:53:42.369Z,2026-08-24T13:42:52.652Z,2950,2026-08-24T13:42:52.652Z,V9,Nashville,8f1806c1-b1f2-4ac5-b25b-086fec51b8fb,SAMMS-NashvilleV5
202608241333251489,202608241253387539,202608241253386616,88,5589,P1 Reference PreAdmission V6 Bronze - VBRA,br_samms_pre_admission_v6,TASK_COMPLETE,FAILED,ERROR,0,0,1,SavePreAdmissionV6 Bronze ForEach failed,2026-08-24T12:53:42.369Z,2026-08-24T13:42:52.652Z,2950,2026-08-24T13:42:52.652Z,VBRA,Brainerd,8f1806c1-b1f2-4ac5-b25b-086fec51b8fb,SAMMS-BrainerdV6
202608241333251491,202608241253387540,202608241253386616,88,5590,P1 Reference PreAdmission V6 Bronze - VBRP,br_samms_pre_admission_v6,TASK_COMPLETE,FAILED,ERROR,0,0,1,SavePreAdmissionV6 Bronze ForEach failed,2026-08-24T12:53:42.369Z,2026-08-24T13:42:52.652Z,2950,2026-08-24T13:42:52.652Z,VBRP,BrooklynPark,8f1806c1-b1f2-4ac5-b25b-086fec51b8fb,SAMMS-BrooklynParkV6
202608241333251493,202608241253387541,202608241253386616,88,5591,P1 Reference PreAdmission V6 Bronze - VMIN,br_samms_pre_admission_v6,TASK_COMPLETE,FAILED,ERROR,0,0,1,SavePreAdmissionV6 Bronze ForEach failed,2026-08-24T12:53:42.369Z,2026-08-24T13:42:52.652Z,2950,2026-08-24T13:42:52.652Z,VMIN,Minneapolis,8f1806c1-b1f2-4ac5-b25b-086fec51b8fb,SAMMS-MinneapolisV6
202608241333251496,202608241253387542,202608241253386616,88,5592,P1 Reference PreAdmission V6 Bronze - VWBY,br_samms_pre_admission_v6,TASK_COMPLETE,FAILED,ERROR,0,0,1,SavePreAdmissionV6 Bronze ForEach failed,2026-08-24T12:53:42.369Z,2026-08-24T13:42:52.652Z,2950,2026-08-24T13:42:52.652Z,VWBY,Woodbury,8f1806c1-b1f2-4ac5-b25b-086fec51b8fb,SAMMS-WoodburyV6
202608241333251498,202608241253387543,202608241253386616,88,5593,P1 Reference PreAdmission V6 Bronze - WIL,br_samms_pre_admission_v6,TASK_COMPLETE,FAILED,ERROR,0,0,1,SavePreAdmissionV6 Bronze ForEach failed,2026-08-24T12:53:42.369Z,2026-08-24T13:42:52.652Z,2950,2026-08-24T13:42:52.652Z,WIL,Wilson,8f1806c1-b1f2-4ac5-b25b-086fec51b8fb,SAMMS-Wilson
202608241333251599,202608241253486624,202608241253486616,89,5594,P1 Reference PreAdmission V6 Silver,tbl_PreAdmission_V6,TASK_COMPLETE,SKIPPED,WARN,0,0,0,Skipped: SavePreAdmissionV6 failed at BR,2026-08-24T12:53:42.369Z,2026-08-24T13:42:52.652Z,2950,2026-08-24T13:42:52.652Z,,,8f1806c1-b1f2-4ac5-b25b-086fec51b8fb,
202608241333251506,202608241253386965,202608241253386616,88,5007,P1 Reference Services Bronze - AHK,br_samms_services,TASK_COMPLETE,FAILED,ERROR,0,0,1,SaveServices Bronze ForEach failed,2026-08-24T12:53:42.369Z,2026-08-24T13:42:52.652Z,2950,2026-08-24T13:42:52.652Z,AHK,Ahoskie,8f1806c1-b1f2-4ac5-b25b-086fec51b8fb,SAMMS-Ahoskie
202608241333251507,202608241253386966,202608241253386616,88,5008,P1 Reference Services Bronze - B12B,br_samms_services,TASK_COMPLETE,FAILED,ERROR,0,0,1,SaveServices Bronze ForEach failed,2026-08-24T12:53:42.369Z,2026-08-24T13:42:52.652Z,2950,2026-08-24T13:42:52.652Z,B12B,ColoradoSprings,8f1806c1-b1f2-4ac5-b25b-086fec51b8fb,SAMMS-ColoradoSpringsV5
202608241333251508,202608241253386967,202608241253386616,88,5009,P1 Reference Services Bronze - B24,br_samms_services,TASK_COMPLETE,FAILED,ERROR,0,0,1,SaveServices Bronze ForEach failed,2026-08-24T12:53:42.369Z,2026-08-24T13:42:52.652Z,2950,2026-08-24T13:42:52.652Z,B24,Paintsville,8f1806c1-b1f2-4ac5-b25b-086fec51b8fb,SAMMS-PaintsvilleV5
202608241333251510,202608241253386968,202608241253386616,88,5010,P1 Reference Services Bronze - B25,br_samms_services,TASK_COMPLETE,FAILED,ERROR,0,0,1,SaveServices Bronze ForEach failed,2026-08-24T12:53:42.369Z,2026-08-24T13:42:52.652Z,2950,2026-08-24T13:42:52.652Z,B25,Pikeville,8f1806c1-b1f2-4ac5-b25b-086fec51b8fb,SAMMS-PikevilleV5
202608201425194095,202608201258108867,202608201258108173,46,9409,P1 Finance 3P Eligibility Bronze - AHK,br_samms_3p_elig,TASK_COMPLETE,SUCCESS,INFO,89,89,0,,2026-08-20T12:58:15.698Z,2026-08-20T14:28:34.201Z,5419,2026-08-20T14:28:34.201Z,AHK,Ahoskie,5f0dd8ad-486e-4238-8933-2b89499a6e18,SAMMS-Ahoskie
202608201425194096,202608201258108868,202608201258108173,46,9410,P1 Finance 3P Eligibility Bronze - B12B,br_samms_3p_elig,TASK_COMPLETE,SUCCESS,INFO,225,225,0,,2026-08-20T12:58:15.698Z,2026-08-20T14:28:34.201Z,5419,2026-08-20T14:28:34.201Z,B12B,ColoradoSprings,5f0dd8ad-486e-4238-8933-2b89499a6e18,SAMMS-ColoradoSpringsV5
202608201425194098,202608201258108869,202608201258108173,46,9411,P1 Finance 3P Eligibility Bronze - B24,br_samms_3p_elig,TASK_COMPLETE,SUCCESS,INFO,78,78,0,,2026-08-20T12:58:15.698Z,2026-08-20T14:28:34.201Z,5419,2026-08-20T14:28:34.201Z,B24,Paintsville,5f0dd8ad-486e-4238-8933-2b89499a6e18,SAMMS-PaintsvilleV5
202608201425194099,202608201258108870,202608201258108173,46,9412,P1 Finance 3P Eligibility Bronze - B25,br_samms_3p_elig,TASK_COMPLETE,SUCCESS,INFO,2229,2229,0,,2026-08-20T12:58:15.698Z,2026-08-20T14:28:34.201Z,5419,2026-08-20T14:28:34.201Z,B25,Pikeville,5f0dd8ad-486e-4238-8933-2b89499a6e18,SAMMS-PikevilleV5
202608201425194100,202608201258108871,202608201258108173,46,9413,P1 Finance 3P Eligibility Bronze - B26,br_samms_3p_elig,TASK_COMPLETE,SUCCESS,INFO,393,393,0,,2026-08-20T12:58:15.698Z,2026-08-20T14:28:34.201Z,5419,2026-08-20T14:28:34.201Z,B26,Hazard,5f0dd8ad-486e-4238-8933-2b89499a6e18,SAMMS-HazardV5
202608201425194102,202608201258108872,202608201258108173,46,9414,P1 Finance 3P Eligibility Bronze - B27,br_samms_3p_elig,TASK_COMPLETE,SUCCESS,INFO,2,2,0,,2026-08-20T12:58:15.698Z,2026-08-20T14:28:34.201Z,5419,2026-08-20T14:28:34.201Z,B27,Savannah,5f0dd8ad-486e-4238-8933-2b89499a6e18,SAMMS-SavannahV6
202608201425194103,202608201258108873,202608201258108173,46,9415,P1 Finance 3P Eligibility Bronze - B28,br_samms_3p_elig,TASK_COMPLETE,SUCCESS,INFO,8,8,0,,2026-08-20T12:58:15.698Z,2026-08-20T14:28:34.201Z,5419,2026-08-20T14:28:34.201Z,B28,WestPlaines,5f0dd8ad-486e-4238-8933-2b89499a6e18,SAMMS-WestPlainesV5
202608201425194104,202608201258108874,202608201258108173,46,9416,P1 Finance 3P Eligibility Bronze - B29,br_samms_3p_elig,TASK_COMPLETE,SUCCESS,INFO,865,865,0,,2026-08-20T12:58:15.698Z,2026-08-20T14:28:34.201Z,5419,2026-08-20T14:28:34.201Z,B29,PoplarBluff,5f0dd8ad-486e-4238-8933-2b89499a6e18,SAMMS-PoplarBluffV5
202608201425194106,202608201258108875,202608201258108173,46,9417,P1 Finance 3P Eligibility Bronze - B30,br_samms_3p_elig,TASK_COMPLETE,SUCCESS,INFO,11,11,0,,2026-08-20T12:58:15.698Z,2026-08-20T14:28:34.201Z,5419,2026-08-20T14:28:34.201Z,B30,KCN,5f0dd8ad-486e-4238-8933-2b89499a6e18,SAMMS-KCNv5
202608201425194107,202608201258108876,202608201258108173,46,9418,P1 Finance 3P Eligibility Bronze - B31,br_samms_3p_elig,TASK_COMPLETE,SUCCESS,INFO,127,127,0,,2026-08-20T12:58:15.698Z,2026-08-20T14:28:34.201Z,5419,2026-08-20T14:28:34.201Z,B31,Dyersburg,5f0dd8ad-486e-4238-8933-2b89499a6e18,SAMMS-DyersburgV5
202608201425194109,202608201258108877,202608201258108173,46,9419,P1 Finance 3P Eligibility Bronze - B33,br_samms_3p_elig,TASK_COMPLETE,SUCCESS,INFO,608,608,0,,2026-08-20T12:58:15.698Z,2026-08-20T14:28:34.201Z,5419,2026-08-20T14:28:34.201Z,B33,Paducah,5f0dd8ad-486e-4238-8933-2b89499a6e18,SAMMS-Paducah
202608201425194110,202608201258108878,202608201258108173,46,9420,P1 Finance 3P Eligibility Bronze - B34,br_samms_3p_elig,TASK_COMPLETE,SUCCESS,INFO,70,70,0,,2026-08-20T12:58:15.698Z,2026-08-20T14:28:34.201Z,5419,2026-08-20T14:28:34.201Z,B34,Corbin,5f0dd8ad-486e-4238-8933-2b89499a6e18,SAMMS-CorbinV5
202608201425194111,202608201258108879,202608201258108173,46,9421,P1 Finance 3P Eligibility Bronze - B35,br_samms_3p_elig,TASK_COMPLETE,SUCCESS,INFO,20,20,0,,2026-08-20T12:58:15.698Z,2026-08-20T14:28:34.201Z,5419,2026-08-20T14:28:34.201Z,B35,Lexington,5f0dd8ad-486e-4238-8933-2b89499a6e18,SAMMS-LexingtonV5
202608201425194113,202608201258108880,202608201258108173,46,9422,P1 Finance 3P Eligibility Bronze - B35A,br_samms_3p_elig,TASK_COMPLETE,SUCCESS,INFO,83,83,0,,2026-08-20T12:58:15.698Z,2026-08-20T14:28:34.201Z,5419,2026-08-20T14:28:34.201Z,B35A,Berea,5f0dd8ad-486e-4238-8933-2b89499a6e18,SAMMS-BereaV5
202608201425194114,202608201258108881,202608201258108173,46,9423,P1 Finance 3P Eligibility Bronze - B36,br_samms_3p_elig,TASK_COMPLETE,SUCCESS,INFO,0,0,0,,2026-08-20T12:58:15.698Z,2026-08-20T14:28:34.201Z,5419,2026-08-20T14:28:34.201Z,B36,Asheville,5f0dd8ad-486e-4238-8933-2b89499a6e18,SAMMS-AshevilleV5
202608201425194115,202608201258108882,202608201258108173,46,9424,P1 Finance 3P Eligibility Bronze - B37,br_samms_3p_elig,TASK_COMPLETE,SUCCESS,INFO,1,1,0,,2026-08-20T12:58:15.698Z,2026-08-20T14:28:34.201Z,5419,2026-08-20T14:28:34.201Z,B37,Clyde,5f0dd8ad-486e-4238-8933-2b89499a6e18,SAMMS-ClydeV5
202608201425194116,202608201258108883,202608201258108173,46,9425,P1 Finance 3P Eligibility Bronze - B38,br_samms_3p_elig,TASK_COMPLETE,SUCCESS,INFO,0,0,0,,2026-08-20T12:58:15.698Z,2026-08-20T14:28:34.201Z,5419,2026-08-20T14:28:34.201Z,B38,Spartanburg,5f0dd8ad-486e-4238-8933-2b89499a6e18,SAMMS-SpartanburgV5
202608201425194118,202608201258108884,202608201258108173,46,9426,P1 Finance 3P Eligibility Bronze - B39,br_samms_3p_elig,TASK_COMPLETE,SUCCESS,INFO,2,2,0,,2026-08-20T12:58:15.698Z,2026-08-20T14:28:34.201Z,5419,2026-08-20T14:28:34.201Z,B39,Aiken,5f0dd8ad-486e-4238-8933-2b89499a6e18,SAMMS-AikenV5
202608201425194119,202608201258108885,202608201258108173,46,9427,P1 Finance 3P Eligibility Bronze - B41,br_samms_3p_elig,TASK_COMPLETE,SUCCESS,INFO,82,82,0,,2026-08-20T12:58:15.698Z,2026-08-20T14:28:34.201Z,5419,2026-08-20T14:28:34.201Z,B41,Chesapeake,5f0dd8ad-486e-4238-8933-2b89499a6e18,SAMMS-ChesapeakeV5
202608201425194120,202608201258108886,202608201258108173,46,9428,P1 Finance 3P Eligibility Bronze - B42,br_samms_3p_elig,TASK_COMPLETE,SUCCESS,INFO,15,15,0,,2026-08-20T12:58:15.698Z,2026-08-20T14:28:34.201Z,5419,2026-08-20T14:28:34.201Z,B42,VirginiaBeach,5f0dd8ad-486e-4238-8933-2b89499a6e18,SAMMS-VirginiaBeachV5
202608201425194122,202608201258108887,202608201258108173,46,9429,P1 Finance 3P Eligibility Bronze - B42A,br_samms_3p_elig,TASK_COMPLETE,SUCCESS,INFO,0,0,0,,2026-08-20T12:58:15.698Z,2026-08-20T14:28:34.201Z,5419,2026-08-20T14:28:34.201Z,B42A,NewportNews,5f0dd8ad-486e-4238-8933-2b89499a6e18,SAMMS-NewportNewsV5
202608201425194123,202608201258108888,202608201258108173,46,9430,P1 Finance 3P Eligibility Bronze - B42B,br_samms_3p_elig,TASK_COMPLETE,SUCCESS,INFO,28,28,0,,2026-08-20T12:58:15.698Z,2026-08-20T14:28:34.201Z,5419,2026-08-20T14:28:34.201Z,B42B,Franklin,5f0dd8ad-486e-4238-8933-2b89499a6e18,SAMMS-FranklinV5
202608241448407330,202608241408172721,202608241408171802,88,5585,P1 Reference PreAdmission V6 Bronze - V5B,br_samms_pre_admission_v6,TASK_COMPLETE,FAILED,ERROR,0,0,1,SavePreAdmissionV6 Bronze ForEach failed,2026-08-24T14:08:21.733Z,2026-08-24T15:03:37.584Z,3316,2026-08-24T15:03:37.584Z,V5B,Houma,6c7532c9-dcb1-40a3-beaa-690039713dec,SAMMS-HoumaV6
202608241448407332,202608241408172722,202608241408171802,88,5586,P1 Reference PreAdmission V6 Bronze - V6,br_samms_pre_admission_v6,TASK_COMPLETE,FAILED,ERROR,0,0,1,SavePreAdmissionV6 Bronze ForEach failed,2026-08-24T14:08:21.733Z,2026-08-24T15:03:37.584Z,3316,2026-08-24T15:03:37.584Z,V6,LC,6c7532c9-dcb1-40a3-beaa-690039713dec,SAMMS-LCv5
202608241448407334,202608241408172723,202608241408171802,88,5587,P1 Reference PreAdmission V6 Bronze - V8,br_samms_pre_admission_v6,TASK_COMPLETE,FAILED,ERROR,0,0,1,SavePreAdmissionV6 Bronze ForEach failed,2026-08-24T14:08:21.733Z,2026-08-24T15:03:37.584Z,3316,2026-08-24T15:03:37.584Z,V8,VCPHCS-VIII-Memphis,6c7532c9-dcb1-40a3-beaa-690039713dec,SAMMS-VCPHCS-VIII-MemphisV5
202608241448407336,202608241408172724,202608241408171802,88,5588,P1 Reference PreAdmission V6 Bronze - V9,br_samms_pre_admission_v6,TASK_COMPLETE,FAILED,ERROR,0,0,1,SavePreAdmissionV6 Bronze ForEach failed,2026-08-24T14:08:21.733Z,2026-08-24T15:03:37.584Z,3316,2026-08-24T15:03:37.584Z,V9,Nashville,6c7532c9-dcb1-40a3-beaa-690039713dec,SAMMS-NashvilleV5
202608241448407338,202608241408172725,202608241408171802,88,5589,P1 Reference PreAdmission V6 Bronze - VBRA,br_samms_pre_admission_v6,TASK_COMPLETE,FAILED,ERROR,0,0,1,SavePreAdmissionV6 Bronze ForEach failed,2026-08-24T14:08:21.733Z,2026-08-24T15:03:37.584Z,3316,2026-08-24T15:03:37.584Z,VBRA,Brainerd,6c7532c9-dcb1-40a3-beaa-690039713dec,SAMMS-BrainerdV6
202608241448407340,202608241408172726,202608241408171802,88,5590,P1 Reference PreAdmission V6 Bronze - VBRP,br_samms_pre_admission_v6,TASK_COMPLETE,FAILED,ERROR,0,0,1,SavePreAdmissionV6 Bronze ForEach failed,2026-08-24T14:08:21.733Z,2026-08-24T15:03:37.584Z,3316,2026-08-24T15:03:37.584Z,VBRP,BrooklynPark,6c7532c9-dcb1-40a3-beaa-690039713dec,SAMMS-BrooklynParkV6
202608241448407342,202608241408172727,202608241408171802,88,5591,P1 Reference PreAdmission V6 Bronze - VMIN,br_samms_pre_admission_v6,TASK_COMPLETE,FAILED,ERROR,0,0,1,SavePreAdmissionV6 Bronze ForEach failed,2026-08-24T14:08:21.733Z,2026-08-24T15:03:37.584Z,3316,2026-08-24T15:03:37.584Z,VMIN,Minneapolis,6c7532c9-dcb1-40a3-beaa-690039713dec,SAMMS-MinneapolisV6
202608241448407343,202608241408172728,202608241408171802,88,5592,P1 Reference PreAdmission V6 Bronze - VWBY,br_samms_pre_admission_v6,TASK_COMPLETE,FAILED,ERROR,0,0,1,SavePreAdmissionV6 Bronze ForEach failed,2026-08-24T14:08:21.733Z,2026-08-24T15:03:37.584Z,3316,2026-08-24T15:03:37.584Z,VWBY,Woodbury,6c7532c9-dcb1-40a3-beaa-690039713dec,SAMMS-WoodburyV6
202608241448407346,202608241408172729,202608241408171802,88,5593,P1 Reference PreAdmission V6 Bronze - WIL,br_samms_pre_admission_v6,TASK_COMPLETE,FAILED,ERROR,0,0,1,SavePreAdmissionV6 Bronze ForEach failed,2026-08-24T14:08:21.733Z,2026-08-24T15:03:37.584Z,3316,2026-08-24T15:03:37.584Z,WIL,Wilson,6c7532c9-dcb1-40a3-beaa-690039713dec,SAMMS-Wilson
202608241448407448,202608241408271810,202608241408271802,89,5594,P1 Reference PreAdmission V6 Silver,tbl_PreAdmission_V6,TASK_COMPLETE,SKIPPED,WARN,0,0,0,Skipped: SavePreAdmissionV6 failed at BR,2026-08-24T14:08:21.733Z,2026-08-24T15:03:37.584Z,3316,2026-08-24T15:03:37.584Z,,,6c7532c9-dcb1-40a3-beaa-690039713dec,
202608241448407355,202608241408172151,202608241408171802,88,5007,P1 Reference Services Bronze - AHK,br_samms_services,TASK_COMPLETE,FAILED,ERROR,0,0,1,SaveServices Bronze ForEach failed,2026-08-24T14:08:21.733Z,2026-08-24T15:03:37.584Z,3316,2026-08-24T15:03:37.584Z,AHK,Ahoskie,6c7532c9-dcb1-40a3-beaa-690039713dec,SAMMS-Ahoskie
202608241448407356,202608241408172152,202608241408171802,88,5008,P1 Reference Services Bronze - B12B,br_samms_services,TASK_COMPLETE,FAILED,ERROR,0,0,1,SaveServices Bronze ForEach failed,2026-08-24T14:08:21.733Z,2026-08-24T15:03:37.584Z,3316,2026-08-24T15:03:37.584Z,B12B,ColoradoSprings,6c7532c9-dcb1-40a3-beaa-690039713dec,SAMMS-ColoradoSpringsV5
202608241448407357,202608241408172153,202608241408171802,88,5009,P1 Reference Services Bronze - B24,br_samms_services,TASK_COMPLETE,FAILED,ERROR,0,0,1,SaveServices Bronze ForEach failed,2026-08-24T14:08:21.733Z,2026-08-24T15:03:37.584Z,3316,2026-08-24T15:03:37.584Z,B24,Paintsville,6c7532c9-dcb1-40a3-beaa-690039713dec,SAMMS-PaintsvilleV5
202608241448407359,202608241408172154,202608241408171802,88,5010,P1 Reference Services Bronze - B25,br_samms_services,TASK_COMPLETE,FAILED,ERROR,0,0,1,SaveServices Bronze ForEach failed,2026-08-24T14:08:21.733Z,2026-08-24T15:03:37.584Z,3316,2026-08-24T15:03:37.584Z,B25,Pikeville,6c7532c9-dcb1-40a3-beaa-690039713dec,SAMMS-PikevilleV5
202608201425196323,202608201258108610,202608201258108173,46,9143,P1 Finance FMP Bronze - TEX,br_samms_fmp,TASK_COMPLETE,SUCCESS,INFO,0,0,0,,2026-08-20T12:58:15.698Z,2026-08-20T14:28:34.201Z,5419,2026-08-20T14:28:34.201Z,TEX,Texarkana,5f0dd8ad-486e-4238-8933-2b89499a6e18,SAMMS-Texarkana
202608201425196325,202608201258108611,202608201258108173,46,9144,P1 Finance FMP Bronze - TTCA,br_samms_fmp,TASK_COMPLETE,SUCCESS,INFO,2,2,0,,2026-08-20T12:58:15.698Z,2026-08-20T14:28:34.201Z,5419,2026-08-20T14:28:34.201Z,TTCA,Bessemer,5f0dd8ad-486e-4238-8933-2b89499a6e18,SAMMS-BessemerV5
202608201425196327,202608201258108612,202608201258108173,46,9145,P1 Finance FMP Bronze - TTCB,br_samms_fmp,TASK_COMPLETE,SUCCESS,INFO,1,1,0,,2026-08-20T12:58:15.698Z,2026-08-20T14:28:34.201Z,5419,2026-08-20T14:28:34.201Z,TTCB,Cullman,5f0dd8ad-486e-4238-8933-2b89499a6e18,SAMMS-CullmanV5
202608201425196329,202608201258108613,202608201258108173,46,9146,P1 Finance FMP Bronze - TTCC,br_samms_fmp,TASK_COMPLETE,SUCCESS,INFO,30,30,0,,2026-08-20T12:58:15.698Z,2026-08-20T14:28:34.201Z,5419,2026-08-20T14:28:34.201Z,TTCC,GrandBay,5f0dd8ad-486e-4238-8933-2b89499a6e18,SAMMS-GrandBay
202608201425196331,202608201258108614,202608201258108173,46,9147,P1 Finance FMP Bronze - TU,br_samms_fmp,TASK_COMPLETE,SUCCESS,INFO,0,0,0,,2026-08-20T12:58:15.698Z,2026-08-20T14:28:34.201Z,5419,2026-08-20T14:28:34.201Z,TU,Tucson,5f0dd8ad-486e-4238-8933-2b89499a6e18,SAMMS-Tucson
202608201425196333,202608201258108615,202608201258108173,46,9148,P1 Finance FMP Bronze - V1,br_samms_fmp,TASK_COMPLETE,SUCCESS,INFO,2166,2166,0,,2026-08-20T12:58:15.698Z,2026-08-20T14:28:34.201Z,5419,2026-08-20T14:28:34.201Z,V1,VCPHCS-I-Memphis,5f0dd8ad-486e-4238-8933-2b89499a6e18,SAMMS-VCPHCS-I-MemphisV5
202608201425196335,202608201258108616,202608201258108173,46,9149,P1 Finance FMP Bronze - V10,br_samms_fmp,TASK_COMPLETE,SUCCESS,INFO,2655,2655,0,,2026-08-20T12:58:15.698Z,2026-08-20T14:28:34.201Z,5419,2026-08-20T14:28:34.201Z,V10,Boulder,5f0dd8ad-486e-4238-8933-2b89499a6e18,SAMMS-BoulderV5
202608201425196337,202608201258108617,202608201258108173,46,9150,P1 Finance FMP Bronze - V10A,br_samms_fmp,TASK_COMPLETE,SUCCESS,INFO,1183,1183,0,,2026-08-20T12:58:15.698Z,2026-08-20T14:28:34.201Z,5419,2026-08-20T14:28:34.201Z,V10A,FortCollins,5f0dd8ad-486e-4238-8933-2b89499a6e18,SAMMS-FortCollinsV5
202608201425196339,202608201258108618,202608201258108173,46,9151,P1 Finance FMP Bronze - V11,br_samms_fmp,TASK_COMPLETE,SUCCESS,INFO,3944,3944,0,,2026-08-20T12:58:15.698Z,2026-08-20T14:28:34.201Z,5419,2026-08-20T14:28:34.201Z,V11,VCPHCS-XI-NorthDenver,5f0dd8ad-486e-4238-8933-2b89499a6e18,SAMMS-VCPHCS-XI-NorthDenverV5
202608201425196341,202608201258108619,202608201258108173,46,9152,P1 Finance FMP Bronze - V12,br_samms_fmp,TASK_COMPLETE,SUCCESS,INFO,9975,9975,0,,2026-08-20T12:58:15.698Z,2026-08-20T14:28:34.201Z,5419,2026-08-20T14:28:34.201Z,V12,VCPHCS-XII-DowntownDenver,5f0dd8ad-486e-4238-8933-2b89499a6e18,SAMMS-VCPHCS-XII-DowntownDenverV5
202608201425196344,202608201258108620,202608201258108173,46,9153,P1 Finance FMP Bronze - V12A,br_samms_fmp,TASK_COMPLETE,SUCCESS,INFO,4984,4984,0,,2026-08-20T12:58:15.698Z,2026-08-20T14:28:34.201Z,5419,2026-08-20T14:28:34.201Z,V12A,Centennial,5f0dd8ad-486e-4238-8933-2b89499a6e18,SAMMS-CentennialV5
202608201425196346,202608201258108621,202608201258108173,46,9154,P1 Finance FMP Bronze - V14,br_samms_fmp,TASK_COMPLETE,SUCCESS,INFO,1946,1946,0,,2026-08-20T12:58:15.698Z,2026-08-20T14:28:34.201Z,5419,2026-08-20T14:28:34.201Z,V14,VCPHCS-XIV-Bridgeway,5f0dd8ad-486e-4238-8933-2b89499a6e18,SAMMS-VCPHCS-XIV-BridgewayV5
202608201425196348,202608201258108622,202608201258108173,46,9155,P1 Finance FMP Bronze - V15,br_samms_fmp,TASK_COMPLETE,SUCCESS,INFO,20790,20790,0,,2026-08-20T12:58:15.698Z,2026-08-20T14:28:34.201Z,5419,2026-08-20T14:28:34.201Z,V15,Joplin,5f0dd8ad-486e-4238-8933-2b89499a6e18,SAMMS-JoplinV5
202608201425196350,202608201258108623,202608201258108173,46,9156,P1 Finance FMP Bronze - V17,br_samms_fmp,TASK_COMPLETE,SUCCESS,INFO,948,948,0,,2026-08-20T12:58:15.698Z,2026-08-20T14:28:34.201Z,5419,2026-08-20T14:28:34.201Z,V17,ColumbiaTN,5f0dd8ad-486e-4238-8933-2b89499a6e18,SAMMS-ColumbiaTNv5
202608201425196352,202608201258108624,202608201258108173,46,9157,P1 Finance FMP Bronze - V19,br_samms_fmp,TASK_COMPLETE,SUCCESS,INFO,9689,9689,0,,2026-08-20T12:58:15.698Z,2026-08-20T14:28:34.201Z,5419,2026-08-20T14:28:34.201Z,V19,Jackson,5f0dd8ad-486e-4238-8933-2b89499a6e18,SAMMS-JacksonV5
202608201425196354,202608201258108625,202608201258108173,46,9158,P1 Finance FMP Bronze - V20,br_samms_fmp,TASK_COMPLETE,SUCCESS,INFO,8337,8337,0,,2026-08-20T12:58:15.698Z,2026-08-20T14:28:34.201Z,5419,2026-08-20T14:28:34.201Z,V20,Paris,5f0dd8ad-486e-4238-8933-2b89499a6e18,SAMMS-ParisV5
202608201425196356,202608201258108626,202608201258108173,46,9159,P1 Finance FMP Bronze - V21,br_samms_fmp,TASK_COMPLETE,SUCCESS,INFO,1994,1994,0,,2026-08-20T12:58:15.698Z,2026-08-20T14:28:34.201Z,5419,2026-08-20T14:28:34.201Z,V21,Raleigh,5f0dd8ad-486e-4238-8933-2b89499a6e18,SAMMS-RaleighV5
202608201425196358,202608201258108627,202608201258108173,46,9160,P1 Finance FMP Bronze - V5,br_samms_fmp,TASK_COMPLETE,SUCCESS,INFO,6461,6461,0,,2026-08-20T12:58:15.698Z,2026-08-20T14:28:34.201Z,5419,2026-08-20T14:28:34.201Z,V5,NONTC,5f0dd8ad-486e-4238-8933-2b89499a6e18,SAMMS-NONTCv5
202608201425196360,202608201258108628,202608201258108173,46,9161,P1 Finance FMP Bronze - V5B,br_samms_fmp,TASK_COMPLETE,SUCCESS,INFO,84,84,0,,2026-08-20T12:58:15.698Z,2026-08-20T14:28:34.201Z,5419,2026-08-20T14:28:34.201Z,V5B,Houma,5f0dd8ad-486e-4238-8933-2b89499a6e18,SAMMS-HoumaV6
202608201425196363,202608201258108629,202608201258108173,46,9162,P1 Finance FMP Bronze - V6,br_samms_fmp,TASK_COMPLETE,SUCCESS,INFO,4282,4282,0,,2026-08-20T12:58:15.698Z,2026-08-20T14:28:34.201Z,5419,2026-08-20T14:28:34.201Z,V6,LC,5f0dd8ad-486e-4238-8933-2b89499a6e18,SAMMS-LCv5
202608201425196365,202608201258108630,202608201258108173,46,9163,P1 Finance FMP Bronze - V8,br_samms_fmp,TASK_COMPLETE,SUCCESS,INFO,6408,6408,0,,2026-08-20T12:58:15.698Z,2026-08-20T14:28:34.201Z,5419,2026-08-20T14:28:34.201Z,V8,VCPHCS-VIII-Memphis,5f0dd8ad-486e-4238-8933-2b89499a6e18,SAMMS-VCPHCS-VIII-MemphisV5
202608201425196367,202608201258108631,202608201258108173,46,9164,P1 Finance FMP Bronze - V9,br_samms_fmp,TASK_COMPLETE,SUCCESS,INFO,11455,11455,0,,2026-08-20T12:58:15.698Z,2026-08-20T14:28:34.201Z,5419,2026-08-20T14:28:34.201Z,V9,Nashville,5f0dd8ad-486e-4238-8933-2b89499a6e18,SAMMS-NashvilleV5
202608201425195382,202608201258109240,202608201258108173,46,9789,P1 Finance Claims Bronze - B46,br_samms_claims,TASK_COMPLETE,SUCCESS,INFO,197746,197746,0,,2026-08-20T12:58:15.698Z,2026-08-20T14:28:34.201Z,5419,2026-08-20T14:28:34.201Z,B46,WashingtonDC,5f0dd8ad-486e-4238-8933-2b89499a6e18,SAMMS-WashingtonDCv5
202608201425195384,202608201258109241,202608201258108173,46,9790,P1 Finance Claims Bronze - B47,br_samms_claims,TASK_COMPLETE,SUCCESS,INFO,110109,110109,0,,2026-08-20T12:58:15.698Z,2026-08-20T14:28:34.201Z,5419,2026-08-20T14:28:34.201Z,B47,Mobile,5f0dd8ad-486e-4238-8933-2b89499a6e18,SAMMS-MobileV5
202608201425195385,202608201258109242,202608201258108173,46,9791,P1 Finance Claims Bronze - B48,br_samms_claims,TASK_COMPLETE,SUCCESS,INFO,127495,127495,0,,2026-08-20T12:58:15.698Z,2026-08-20T14:28:34.201Z,5419,2026-08-20T14:28:34.201Z,B48,Tuscaloosa,5f0dd8ad-486e-4238-8933-2b89499a6e18,SAMMS-TuscaloosaV5
202608201425195387,202608201258109243,202608201258108173,46,9792,P1 Finance Claims Bronze - B51,br_samms_claims,TASK_COMPLETE,SUCCESS,INFO,21866,21866,0,,2026-08-20T12:58:15.698Z,2026-08-20T14:28:34.201Z,5419,2026-08-20T14:28:34.201Z,B51,NorthLittleRock,5f0dd8ad-486e-4238-8933-2b89499a6e18,SAMMS-NorthLittleRockV6
202608201425195388,202608201258109244,202608201258108173,46,9793,P1 Finance Claims Bronze - B52,br_samms_claims,TASK_COMPLETE,SUCCESS,INFO,32293,32293,0,,2026-08-20T12:58:15.698Z,2026-08-20T14:28:34.201Z,5419,2026-08-20T14:28:34.201Z,B52,JacksonGA,5f0dd8ad-486e-4238-8933-2b89499a6e18,SAMMS-JacksonGAV5
202608201425195390,202608201258109245,202608201258108173,46,9794,P1 Finance Claims Bronze - B54,br_samms_claims,TASK_COMPLETE,SUCCESS,INFO,128127,128127,0,,2026-08-20T12:58:15.698Z,2026-08-20T14:28:34.201Z,5419,2026-08-20T14:28:34.201Z,B54,Gadsden,5f0dd8ad-486e-4238-8933-2b89499a6e18,SAMMS-GadsdenV5
202608201425195391,202608201258109246,202608201258108173,46,9795,P1 Finance Claims Bronze - B55,br_samms_claims,TASK_COMPLETE,SUCCESS,INFO,115889,115889,0,,2026-08-20T12:58:15.698Z,2026-08-20T14:28:34.201Z,5419,2026-08-20T14:28:34.201Z,B55,Shoals,5f0dd8ad-486e-4238-8933-2b89499a6e18,SAMMS-ShoalsV5
202608201425195392,202608201258109247,202608201258108173,46,9796,P1 Finance Claims Bronze - B57,br_samms_claims,TASK_COMPLETE,SUCCESS,INFO,32076,32076,0,,2026-08-20T12:58:15.698Z,2026-08-20T14:28:34.201Z,5419,2026-08-20T14:28:34.201Z,B57,Pawtucket,5f0dd8ad-486e-4238-8933-2b89499a6e18,SAMMS-Pawtucket
202608201425195394,202608201258109248,202608201258108173,46,9797,P1 Finance Claims Bronze - B57A,br_samms_claims,TASK_COMPLETE,SUCCESS,INFO,38146,38146,0,,2026-08-20T12:58:15.698Z,2026-08-20T14:28:34.201Z,5419,2026-08-20T14:28:34.201Z,B57A,Johnston,5f0dd8ad-486e-4238-8933-2b89499a6e18,SAMMS-Johnston
202608201425195395,202608201258109249,202608201258108173,46,9798,P1 Finance Claims Bronze - B57B,br_samms_claims,TASK_COMPLETE,SUCCESS,INFO,11884,11884,0,,2026-08-20T12:58:15.698Z,2026-08-20T14:28:34.201Z,5419,2026-08-20T14:28:34.201Z,B57B,Middletown,5f0dd8ad-486e-4238-8933-2b89499a6e18,SAMMS-Middletown
202608201425195397,202608201258109250,202608201258108173,46,9799,P1 Finance Claims Bronze - B57C,br_samms_claims,TASK_COMPLETE,SUCCESS,INFO,25088,25088,0,,2026-08-20T12:58:15.698Z,2026-08-20T14:28:34.201Z,5419,2026-08-20T14:28:34.201Z,B57C,Providence,5f0dd8ad-486e-4238-8933-2b89499a6e18,SAMMS-Providence
202608201425195398,202608201258109251,202608201258108173,46,9800,P1 Finance Claims Bronze - B57D,br_samms_claims,TASK_COMPLETE,SUCCESS,INFO,38317,38317,0,,2026-08-20T12:58:15.698Z,2026-08-20T14:28:34.201Z,5419,2026-08-20T14:28:34.201Z,B57D,Westerly,5f0dd8ad-486e-4238-8933-2b89499a6e18,SAMMS-Westerly
202608201425195400,202608201258109252,202608201258108173,46,9801,P1 Finance Claims Bronze - B66A,br_samms_claims,TASK_COMPLETE,SUCCESS,INFO,820,820,0,,2026-08-20T12:58:15.698Z,2026-08-20T14:28:34.201Z,5419,2026-08-20T14:28:34.201Z,B66A,Bremen,5f0dd8ad-486e-4238-8933-2b89499a6e18,SAMMS-Bremen
202608201425195401,202608201258109253,202608201258108173,46,9802,P1 Finance Claims Bronze - B72,br_samms_claims,TASK_COMPLETE,SUCCESS,INFO,291,291,0,,2026-08-20T12:58:15.698Z,2026-08-20T14:28:34.201Z,5419,2026-08-20T14:28:34.201Z,B72,Mobile-OBOT,5f0dd8ad-486e-4238-8933-2b89499a6e18,SAMMS-Mobile-OBOT
202608201425195403,202608201258109254,202608201258108173,46,9803,P1 Finance Claims Bronze - B73,br_samms_claims,TASK_COMPLETE,SUCCESS,INFO,293,293,0,,2026-08-20T12:58:15.698Z,2026-08-20T14:28:34.201Z,5419,2026-08-20T14:28:34.201Z,B73,Montgomery,5f0dd8ad-486e-4238-8933-2b89499a6e18,SAMMS-Montgomery
202608201425195405,202608201258109255,202608201258108173,46,9804,P1 Finance Claims Bronze - B75,br_samms_claims,TASK_COMPLETE,SUCCESS,INFO,12429,12429,0,,2026-08-20T12:58:15.698Z,2026-08-20T14:28:34.201Z,5419,2026-08-20T14:28:34.201Z,B75,Lawrence,5f0dd8ad-486e-4238-8933-2b89499a6e18,SAMMS-LawrenceV6
202608201425195406,202608201258109256,202608201258108173,46,9805,P1 Finance Claims Bronze - B76,br_samms_claims,TASK_COMPLETE,SUCCESS,INFO,33,33,0,,2026-08-20T12:58:15.698Z,2026-08-20T14:28:34.201Z,5419,2026-08-20T14:28:34.201Z,B76,Huntsville-OBOT,5f0dd8ad-486e-4238-8933-2b89499a6e18,SAMMS-Huntsville-OBOT
202608201425195408,202608201258109257,202608201258108173,46,9806,P1 Finance Claims Bronze - BAT,br_samms_claims,TASK_COMPLETE,SUCCESS,INFO,18923,18923,0,,2026-08-20T12:58:15.698Z,2026-08-20T14:28:34.201Z,5419,2026-08-20T14:28:34.201Z,BAT,Batesville,5f0dd8ad-486e-4238-8933-2b89499a6e18,SAMMS-Batesville
202608201425195409,202608201258109258,202608201258108173,46,9807,P1 Finance Claims Bronze - BG,br_samms_claims,TASK_COMPLETE,SUCCESS,INFO,39783,39783,0,,2026-08-20T12:58:15.698Z,2026-08-20T14:28:34.201Z,5419,2026-08-20T14:28:34.201Z,BG,BowlingGreen,5f0dd8ad-486e-4238-8933-2b89499a6e18,SAMMS-BowlingGreen
202608201425195411,202608201258109259,202608201258108173,46,9808,P1 Finance Claims Bronze - BOI,br_samms_claims,TASK_COMPLETE,SUCCESS,INFO,14875,14875,0,,2026-08-20T12:58:15.698Z,2026-08-20T14:28:34.201Z,5419,2026-08-20T14:28:34.201Z,BOI,Boise,5f0dd8ad-486e-4238-8933-2b89499a6e18,SAMMS-Boise
202608201425195412,202608201258109260,202608201258108173,46,9809,P1 Finance Claims Bronze - CBCO,br_samms_claims,TASK_COMPLETE,SUCCESS,INFO,10053,10053,0,,2026-08-20T12:58:15.698Z,2026-08-20T14:28:34.201Z,5419,2026-08-20T14:28:34.201Z,CBCO,CoeurdAlene,5f0dd8ad-486e-4238-8933-2b89499a6e18,SAMMS-CoeurdAleneV6
202608201425195414,202608201258109261,202608201258108173,46,9810,P1 Finance Claims Bronze - CON,br_samms_claims,TASK_COMPLETE,SUCCESS,INFO,23903,23903,0,,2026-08-20T12:58:15.698Z,2026-08-20T14:28:34.201Z,5419,2026-08-20T14:28:34.201Z,CON,Conway,5f0dd8ad-486e-4238-8933-2b89499a6e18,SAMMS-Conway
202608201425195353,202608201258109218,202608201258108173,46,9767,P1 Finance Claims Bronze - B26,br_samms_claims,TASK_COMPLETE,SUCCESS,INFO,238247,238247,0,,2026-08-20T12:58:15.698Z,2026-08-20T14:28:34.201Z,5419,2026-08-20T14:28:34.201Z,B26,Hazard,5f0dd8ad-486e-4238-8933-2b89499a6e18,SAMMS-HazardV5
202608201425195354,202608201258109219,202608201258108173,46,9768,P1 Finance Claims Bronze - B27,br_samms_claims,TASK_COMPLETE,SUCCESS,INFO,18973,18973,0,,2026-08-20T12:58:15.698Z,2026-08-20T14:28:34.201Z,5419,2026-08-20T14:28:34.201Z,B27,Savannah,5f0dd8ad-486e-4238-8933-2b89499a6e18,SAMMS-SavannahV6
202608201425195356,202608201258109220,202608201258108173,46,9769,P1 Finance Claims Bronze - B28,br_samms_claims,TASK_COMPLETE,SUCCESS,INFO,45249,45249,0,,2026-08-20T12:58:15.698Z,2026-08-20T14:28:34.201Z,5419,2026-08-20T14:28:34.201Z,B28,WestPlaines,5f0dd8ad-486e-4238-8933-2b89499a6e18,SAMMS-WestPlainesV5
202608201425195357,202608201258109221,202608201258108173,46,9770,P1 Finance Claims Bronze - B29,br_samms_claims,TASK_COMPLETE,SUCCESS,INFO,58813,58813,0,,2026-08-20T12:58:15.698Z,2026-08-20T14:28:34.201Z,5419,2026-08-20T14:28:34.201Z,B29,PoplarBluff,5f0dd8ad-486e-4238-8933-2b89499a6e18,SAMMS-PoplarBluffV5
202608201425195358,202608201258109222,202608201258108173,46,9771,P1 Finance Claims Bronze - B30,br_samms_claims,TASK_COMPLETE,SUCCESS,INFO,25317,25317,0,,2026-08-20T12:58:15.698Z,2026-08-20T14:28:34.201Z,5419,2026-08-20T14:28:34.201Z,B30,KCN,5f0dd8ad-486e-4238-8933-2b89499a6e18,SAMMS-KCNv5
202608201425195359,202608201258109223,202608201258108173,46,9772,P1 Finance Claims Bronze - B31,br_samms_claims,TASK_COMPLETE,SUCCESS,INFO,102716,102716,0,,2026-08-20T12:58:15.698Z,2026-08-20T14:28:34.201Z,5419,2026-08-20T14:28:34.201Z,B31,Dyersburg,5f0dd8ad-486e-4238-8933-2b89499a6e18,SAMMS-DyersburgV5
202608201425195361,202608201258109224,202608201258108173,46,9773,P1 Finance Claims Bronze - B33,br_samms_claims,TASK_COMPLETE,SUCCESS,INFO,91881,91881,0,,2026-08-20T12:58:15.698Z,2026-08-20T14:28:34.201Z,5419,2026-08-20T14:28:34.201Z,B33,Paducah,5f0dd8ad-486e-4238-8933-2b89499a6e18,SAMMS-Paducah
202608201425195362,202608201258109225,202608201258108173,46,9774,P1 Finance Claims Bronze - B34,br_samms_claims,TASK_COMPLETE,SUCCESS,INFO,124468,124468,0,,2026-08-20T12:58:15.698Z,2026-08-20T14:28:34.201Z,5419,2026-08-20T14:28:34.201Z,B34,Corbin,5f0dd8ad-486e-4238-8933-2b89499a6e18,SAMMS-CorbinV5
202608201425195363,202608201258109226,202608201258108173,46,9775,P1 Finance Claims Bronze - B35,br_samms_claims,TASK_COMPLETE,SUCCESS,INFO,246247,246247,0,,2026-08-20T12:58:15.698Z,2026-08-20T14:28:34.201Z,5419,2026-08-20T14:28:34.201Z,B35,Lexington,5f0dd8ad-486e-4238-8933-2b89499a6e18,SAMMS-LexingtonV5
202608201425195365,202608201258109227,202608201258108173,46,9776,P1 Finance Claims Bronze - B35A,br_samms_claims,TASK_COMPLETE,SUCCESS,INFO,66451,66451,0,,2026-08-20T12:58:15.698Z,2026-08-20T14:28:34.201Z,5419,2026-08-20T14:28:34.201Z,B35A,Berea,5f0dd8ad-486e-4238-8933-2b89499a6e18,SAMMS-BereaV5
202608201425195366,202608201258109228,202608201258108173,46,9777,P1 Finance Claims Bronze - B36,br_samms_claims,TASK_COMPLETE,SUCCESS,INFO,164603,164603,0,,2026-08-20T12:58:15.698Z,2026-08-20T14:28:34.201Z,5419,2026-08-20T14:28:34.201Z,B36,Asheville,5f0dd8ad-486e-4238-8933-2b89499a6e18,SAMMS-AshevilleV5
202608201425195368,202608201258109229,202608201258108173,46,9778,P1 Finance Claims Bronze - B37,br_samms_claims,TASK_COMPLETE,SUCCESS,INFO,100094,100094,0,,2026-08-20T12:58:15.698Z,2026-08-20T14:28:34.201Z,5419,2026-08-20T14:28:34.201Z,B37,Clyde,5f0dd8ad-486e-4238-8933-2b89499a6e18,SAMMS-ClydeV5
202608201425195369,202608201258109230,202608201258108173,46,9779,P1 Finance Claims Bronze - B38,br_samms_claims,TASK_COMPLETE,SUCCESS,INFO,92835,92835,0,,2026-08-20T12:58:15.698Z,2026-08-20T14:28:34.201Z,5419,2026-08-20T14:28:34.201Z,B38,Spartanburg,5f0dd8ad-486e-4238-8933-2b89499a6e18,SAMMS-SpartanburgV5
202608201425195370,202608201258109231,202608201258108173,46,9780,P1 Finance Claims Bronze - B39,br_samms_claims,TASK_COMPLETE,SUCCESS,INFO,50692,50692,0,,2026-08-20T12:58:15.698Z,2026-08-20T14:28:34.201Z,5419,2026-08-20T14:28:34.201Z,B39,Aiken,5f0dd8ad-486e-4238-8933-2b89499a6e18,SAMMS-AikenV5
202608201425195371,202608201258109232,202608201258108173,46,9781,P1 Finance Claims Bronze - B41,br_samms_claims,TASK_COMPLETE,SUCCESS,INFO,307059,307059,0,,2026-08-20T12:58:15.698Z,2026-08-20T14:28:34.201Z,5419,2026-08-20T14:28:34.201Z,B41,Chesapeake,5f0dd8ad-486e-4238-8933-2b89499a6e18,SAMMS-ChesapeakeV5
202608201425195373,202608201258109233,202608201258108173,46,9782,P1 Finance Claims Bronze - B42,br_samms_claims,TASK_COMPLETE,SUCCESS,INFO,405900,405900,0,,2026-08-20T12:58:15.698Z,2026-08-20T14:28:34.201Z,5419,2026-08-20T14:28:34.201Z,B42,VirginiaBeach,5f0dd8ad-486e-4238-8933-2b89499a6e18,SAMMS-VirginiaBeachV5
202608201425195374,202608201258109234,202608201258108173,46,9783,P1 Finance Claims Bronze - B42A,br_samms_claims,TASK_COMPLETE,SUCCESS,INFO,213093,213093,0,,2026-08-20T12:58:15.698Z,2026-08-20T14:28:34.201Z,5419,2026-08-20T14:28:34.201Z,B42A,NewportNews,5f0dd8ad-486e-4238-8933-2b89499a6e18,SAMMS-NewportNewsV5
202608201425195375,202608201258109235,202608201258108173,46,9784,P1 Finance Claims Bronze - B42B,br_samms_claims,TASK_COMPLETE,SUCCESS,INFO,50134,50134,0,,2026-08-20T12:58:15.698Z,2026-08-20T14:28:34.201Z,5419,2026-08-20T14:28:34.201Z,B42B,Franklin,5f0dd8ad-486e-4238-8933-2b89499a6e18,SAMMS-FranklinV5
202608201425195377,202608201258109236,202608201258108173,46,9785,P1 Finance Claims Bronze - B42C,br_samms_claims,TASK_COMPLETE,SUCCESS,INFO,215868,215868,0,,2026-08-20T12:58:15.698Z,2026-08-20T14:28:34.201Z,5419,2026-08-20T14:28:34.201Z,B42C,GlenAllen,5f0dd8ad-486e-4238-8933-2b89499a6e18,SAMMS-GlenAllenV5
202608201425195378,202608201258109237,202608201258108173,46,9786,P1 Finance Claims Bronze - B42D,br_samms_claims,TASK_COMPLETE,SUCCESS,INFO,156773,156773,0,,2026-08-20T12:58:15.698Z,2026-08-20T14:28:34.201Z,5419,2026-08-20T14:28:34.201Z,B42D,ChesapeakeSouth,5f0dd8ad-486e-4238-8933-2b89499a6e18,SAMMS-ChesapeakeSouthV5
202608201425195379,202608201258109238,202608201258108173,46,9787,P1 Finance Claims Bronze - B44,br_samms_claims,TASK_COMPLETE,SUCCESS,INFO,26281,26281,0,,2026-08-20T12:58:15.698Z,2026-08-20T14:28:34.201Z,5419,2026-08-20T14:28:34.201Z,B44,Albany,5f0dd8ad-486e-4238-8933-2b89499a6e18,SAMMS-AlbanyV5
202608201425195381,202608201258109239,202608201258108173,46,9788,P1 Finance Claims Bronze - B45,br_samms_claims,TASK_COMPLETE,SUCCESS,INFO,36001,36001,0,,2026-08-20T12:58:15.698Z,2026-08-20T14:28:34.201Z,5419,2026-08-20T14:28:34.201Z,B45,Tifton,5f0dd8ad-486e-4238-8933-2b89499a6e18,SAMMS-TiftonV5
202608201425195455,202608201258109284,202608201258108173,46,13663,P1 Finance Claims Bronze - LAB,br_samms_claims,TASK_COMPLETE,SUCCESS,INFO,230335,230335,0,,2026-08-20T12:58:15.698Z,2026-08-20T14:28:34.201Z,5419,2026-08-20T14:28:34.201Z,LAB,LabV5-V2,5f0dd8ad-486e-4238-8933-2b89499a6e18,SAMMS-LabV5-V2
202608201425195457,202608201258109285,202608201258108173,46,9833,P1 Finance Claims Bronze - LAN,br_samms_claims,TASK_COMPLETE,SUCCESS,INFO,49432,49432,0,,2026-08-20T12:58:15.698Z,2026-08-20T14:28:34.201Z,5419,2026-08-20T14:28:34.201Z,LAN,Lansing,5f0dd8ad-486e-4238-8933-2b89499a6e18,SAMMS-Lansing
202608201425195459,202608201258109286,202608201258108173,46,9834,P1 Finance Claims Bronze - LO,br_samms_claims,TASK_COMPLETE,SUCCESS,INFO,101858,101858,0,,2026-08-20T12:58:15.698Z,2026-08-20T14:28:34.201Z,5419,2026-08-20T14:28:34.201Z,LO,Louisville,5f0dd8ad-486e-4238-8933-2b89499a6e18,SAMMS-Louisville
202608201425195461,202608201258109287,202608201258108173,46,9835,P1 Finance Claims Bronze - LV1,br_samms_claims,TASK_COMPLETE,SUCCESS,INFO,72837,72837,0,,2026-08-20T12:58:15.698Z,2026-08-20T14:28:34.201Z,5419,2026-08-20T14:28:34.201Z,LV1,Cheyenne,5f0dd8ad-486e-4238-8933-2b89499a6e18,SAMMS-Cheyenne
202608201425195463,202608201258109288,202608201258108173,46,9836,P1 Finance Claims Bronze - LV2,br_samms_claims,TASK_COMPLETE,SUCCESS,INFO,62159,62159,0,,2026-08-20T12:58:15.698Z,2026-08-20T14:28:34.201Z,5419,2026-08-20T14:28:34.201Z,LV2,DesertInn,5f0dd8ad-486e-4238-8933-2b89499a6e18,SAMMS-DesertInn
202608201425195465,202608201258109289,202608201258108173,46,9837,P1 Finance Claims Bronze - LV3,br_samms_claims,TASK_COMPLETE,SUCCESS,INFO,30759,30759,0,,2026-08-20T12:58:15.698Z,2026-08-20T14:28:34.201Z,5419,2026-08-20T14:28:34.201Z,LV3,McDaniel,5f0dd8ad-486e-4238-8933-2b89499a6e18,SAMMS-McDaniel
202608201425195467,202608201258109290,202608201258108173,46,9838,P1 Finance Claims Bronze - MNRE,br_samms_claims,TASK_COMPLETE,SUCCESS,INFO,29800,29800,0,,2026-08-20T12:58:15.698Z,2026-08-20T14:28:34.201Z,5419,2026-08-20T14:28:34.201Z,MNRE,Monroe,5f0dd8ad-486e-4238-8933-2b89499a6e18,SAMMS-Monroe
202608201425195469,202608201258109291,202608201258108173,46,9839,P1 Finance Claims Bronze - MP,br_samms_claims,TASK_COMPLETE,SUCCESS,INFO,87157,87157,0,,2026-08-20T12:58:15.698Z,2026-08-20T14:28:34.201Z,5419,2026-08-20T14:28:34.201Z,MP,MtPleasant,5f0dd8ad-486e-4238-8933-2b89499a6e18,SAMMS-MtPleasant
202608201425195471,202608201258109292,202608201258108173,46,9840,P1 Finance Claims Bronze - MRD,br_samms_claims,TASK_COMPLETE,SUCCESS,INFO,11083,11083,0,,2026-08-20T12:58:15.698Z,2026-08-20T14:28:34.201Z,5419,2026-08-20T14:28:34.201Z,MRD,Meridian,5f0dd8ad-486e-4238-8933-2b89499a6e18,SAMMS-Meridian
202608201425195473,202608201258109293,202608201258108173,46,9841,P1 Finance Claims Bronze - NC,br_samms_claims,TASK_COMPLETE,SUCCESS,INFO,27554,27554,0,,2026-08-20T12:58:15.698Z,2026-08-20T14:28:34.201Z,5419,2026-08-20T14:28:34.201Z,NC,NorthCharleston,5f0dd8ad-486e-4238-8933-2b89499a6e18,SAMMS-NorthCharleston
202608201425195475,202608201258109294,202608201258108173,46,9842,P1 Finance Claims Bronze - NLR,br_samms_claims,TASK_COMPLETE,SUCCESS,INFO,30956,30956,0,,2026-08-20T12:58:15.698Z,2026-08-20T14:28:34.201Z,5419,2026-08-20T14:28:34.201Z,NLR,NLROBOT,5f0dd8ad-486e-4238-8933-2b89499a6e18,SAMMS-NLROBOT
202608201425195477,202608201258109295,202608201258108173,46,9843,P1 Finance Claims Bronze - PH,br_samms_claims,TASK_COMPLETE,SUCCESS,INFO,15793,15793,0,,2026-08-20T12:58:15.698Z,2026-08-20T14:28:34.201Z,5419,2026-08-20T14:28:34.201Z,PH,Phoenix,5f0dd8ad-486e-4238-8933-2b89499a6e18,SAMMS-Phoenix
202608201425195479,202608201258109296,202608201258108173,46,9844,P1 Finance Claims Bronze - RE,br_samms_claims,TASK_COMPLETE,SUCCESS,INFO,45687,45687,0,,2026-08-20T12:58:15.698Z,2026-08-20T14:28:34.201Z,5419,2026-08-20T14:28:34.201Z,RE,Reno,5f0dd8ad-486e-4238-8933-2b89499a6e18,SAMMS-Reno
202608201425195481,202608201258109297,202608201258108173,46,9845,P1 Finance Claims Bronze - RMD,br_samms_claims,TASK_COMPLETE,SUCCESS,INFO,57169,57169,0,,2026-08-20T12:58:15.698Z,2026-08-20T14:28:34.201Z,5419,2026-08-20T14:28:34.201Z,RMD,Richmond,5f0dd8ad-486e-4238-8933-2b89499a6e18,SAMMS-Richmond
202608201425195483,202608201258109298,202608201258108173,46,9846,P1 Finance Claims Bronze - SFN,br_samms_claims,TASK_COMPLETE,SUCCESS,INFO,63901,63901,0,,2026-08-20T12:58:15.698Z,2026-08-20T14:28:34.201Z,5419,2026-08-20T14:28:34.201Z,SFN,SFN,5f0dd8ad-486e-4238-8933-2b89499a6e18,SAMMS-SFNv5
202608201425195485,202608201258109299,202608201258108173,46,9847,P1 Finance Claims Bronze - SHP,br_samms_claims,TASK_COMPLETE,SUCCESS,INFO,76271,76271,0,,2026-08-20T12:58:15.698Z,2026-08-20T14:28:34.201Z,5419,2026-08-20T14:28:34.201Z,SHP,Shreveport,5f0dd8ad-486e-4238-8933-2b89499a6e18,SAMMS-Shreveport
202608201425195487,202608201258109300,202608201258108173,46,9848,P1 Finance Claims Bronze - STN,br_samms_claims,TASK_COMPLETE,SUCCESS,INFO,41410,41410,0,,2026-08-20T12:58:15.698Z,2026-08-20T14:28:34.201Z,5419,2026-08-20T14:28:34.201Z,STN,Staunton,5f0dd8ad-486e-4238-8933-2b89499a6e18,SAMMS-Staunton
202608201425195489,202608201258109301,202608201258108173,46,9849,P1 Finance Claims Bronze - STVN,br_samms_claims,TASK_COMPLETE,SUCCESS,INFO,12683,12683,0,,2026-08-20T12:58:15.698Z,2026-08-20T14:28:34.201Z,5419,2026-08-20T14:28:34.201Z,STVN,Stevenson,5f0dd8ad-486e-4238-8933-2b89499a6e18,SAMMS-Stevenson
202608201425195491,202608201258109302,202608201258108173,46,9850,P1 Finance Claims Bronze - TE,br_samms_claims,TASK_COMPLETE,SUCCESS,INFO,15290,15290,0,,2026-08-20T12:58:15.698Z,2026-08-20T14:28:34.201Z,5419,2026-08-20T14:28:34.201Z,TE,Tempe,5f0dd8ad-486e-4238-8933-2b89499a6e18,SAMMS-Tempe
202608201425195493,202608201258109303,202608201258108173,46,9851,P1 Finance Claims Bronze - TEX,br_samms_claims,TASK_COMPLETE,SUCCESS,INFO,13386,13386,0,,2026-08-20T12:58:15.698Z,2026-08-20T14:28:34.201Z,5419,2026-08-20T14:28:34.201Z,TEX,Texarkana,5f0dd8ad-486e-4238-8933-2b89499a6e18,SAMMS-Texarkana
202608201425195495,202608201258109304,202608201258108173,46,9852,P1 Finance Claims Bronze - TTCA,br_samms_claims,TASK_COMPLETE,SUCCESS,INFO,144570,144570,0,,2026-08-20T12:58:15.698Z,2026-08-20T14:28:34.201Z,5419,2026-08-20T14:28:34.201Z,TTCA,Bessemer,5f0dd8ad-486e-4238-8933-2b89499a6e18,SAMMS-BessemerV5
202608201425195497,202608201258109305,202608201258108173,46,9853,P1 Finance Claims Bronze - TTCB,br_samms_claims,TASK_COMPLETE,SUCCESS,INFO,59283,59283,0,,2026-08-20T12:58:15.698Z,2026-08-20T14:28:34.201Z,5419,2026-08-20T14:28:34.201Z,TTCB,Cullman,5f0dd8ad-486e-4238-8933-2b89499a6e18,SAMMS-CullmanV5
202608241448406797,202608241408172284,202608241408171802,88,5142,P1 Reference Dropdown List Items Bronze - B39,br_samms_dropdown_list_items,TASK_COMPLETE,FAILED,ERROR,0,0,1,SavedropDownListItems Bronze ForEach failed,2026-08-24T14:08:21.733Z,2026-08-24T15:03:37.584Z,3316,2026-08-24T15:03:37.584Z,B39,Aiken,6c7532c9-dcb1-40a3-beaa-690039713dec,SAMMS-AikenV5
202608241448406798,202608241408172285,202608241408171802,88,5143,P1 Reference Dropdown List Items Bronze - B41,br_samms_dropdown_list_items,TASK_COMPLETE,FAILED,ERROR,0,0,1,SavedropDownListItems Bronze ForEach failed,2026-08-24T14:08:21.733Z,2026-08-24T15:03:37.584Z,3316,2026-08-24T15:03:37.584Z,B41,Chesapeake,6c7532c9-dcb1-40a3-beaa-690039713dec,SAMMS-ChesapeakeV5
202608241448406799,202608241408172286,202608241408171802,88,5144,P1 Reference Dropdown List Items Bronze - B42,br_samms_dropdown_list_items,TASK_COMPLETE,FAILED,ERROR,0,0,1,SavedropDownListItems Bronze ForEach failed,2026-08-24T14:08:21.733Z,2026-08-24T15:03:37.584Z,3316,2026-08-24T15:03:37.584Z,B42,VirginiaBeach,6c7532c9-dcb1-40a3-beaa-690039713dec,SAMMS-VirginiaBeachV5
202608241448406801,202608241408172287,202608241408171802,88,5145,P1 Reference Dropdown List Items Bronze - B42A,br_samms_dropdown_list_items,TASK_COMPLETE,FAILED,ERROR,0,0,1,SavedropDownListItems Bronze ForEach failed,2026-08-24T14:08:21.733Z,2026-08-24T15:03:37.584Z,3316,2026-08-24T15:03:37.584Z,B42A,NewportNews,6c7532c9-dcb1-40a3-beaa-690039713dec,SAMMS-NewportNewsV5
202608241448406802,202608241408172288,202608241408171802,88,5146,P1 Reference Dropdown List Items Bronze - B42B,br_samms_dropdown_list_items,TASK_COMPLETE,FAILED,ERROR,0,0,1,SavedropDownListItems Bronze ForEach failed,2026-08-24T14:08:21.733Z,2026-08-24T15:03:37.584Z,3316,2026-08-24T15:03:37.584Z,B42B,Franklin,6c7532c9-dcb1-40a3-beaa-690039713dec,SAMMS-FranklinV5
202608241448406803,202608241408172289,202608241408171802,88,5147,P1 Reference Dropdown List Items Bronze - B42C,br_samms_dropdown_list_items,TASK_COMPLETE,FAILED,ERROR,0,0,1,SavedropDownListItems Bronze ForEach failed,2026-08-24T14:08:21.733Z,2026-08-24T15:03:37.584Z,3316,2026-08-24T15:03:37.584Z,B42C,GlenAllen,6c7532c9-dcb1-40a3-beaa-690039713dec,SAMMS-GlenAllenV5
202608241448406805,202608241408172290,202608241408171802,88,5148,P1 Reference Dropdown List Items Bronze - B42D,br_samms_dropdown_list_items,TASK_COMPLETE,FAILED,ERROR,0,0,1,SavedropDownListItems Bronze ForEach failed,2026-08-24T14:08:21.733Z,2026-08-24T15:03:37.584Z,3316,2026-08-24T15:03:37.584Z,B42D,ChesapeakeSouth,6c7532c9-dcb1-40a3-beaa-690039713dec,SAMMS-ChesapeakeSouthV5
202608241448406806,202608241408172291,202608241408171802,88,5149,P1 Reference Dropdown List Items Bronze - B44,br_samms_dropdown_list_items,TASK_COMPLETE,FAILED,ERROR,0,0,1,SavedropDownListItems Bronze ForEach failed,2026-08-24T14:08:21.733Z,2026-08-24T15:03:37.584Z,3316,2026-08-24T15:03:37.584Z,B44,Albany,6c7532c9-dcb1-40a3-beaa-690039713dec,SAMMS-AlbanyV5
202608241448406807,202608241408172292,202608241408171802,88,5150,P1 Reference Dropdown List Items Bronze - B45,br_samms_dropdown_list_items,TASK_COMPLETE,FAILED,ERROR,0,0,1,SavedropDownListItems Bronze ForEach failed,2026-08-24T14:08:21.733Z,2026-08-24T15:03:37.584Z,3316,2026-08-24T15:03:37.584Z,B45,Tifton,6c7532c9-dcb1-40a3-beaa-690039713dec,SAMMS-TiftonV5
202608241448406808,202608241408172293,202608241408171802,88,5151,P1 Reference Dropdown List Items Bronze - B46,br_samms_dropdown_list_items,TASK_COMPLETE,FAILED,ERROR,0,0,1,SavedropDownListItems Bronze ForEach failed,2026-08-24T14:08:21.733Z,2026-08-24T15:03:37.584Z,3316,2026-08-24T15:03:37.584Z,B46,WashingtonDC,6c7532c9-dcb1-40a3-beaa-690039713dec,SAMMS-WashingtonDCv5
202608241448406810,202608241408172294,202608241408171802,88,5152,P1 Reference Dropdown List Items Bronze - B47,br_samms_dropdown_list_items,TASK_COMPLETE,FAILED,ERROR,0,0,1,SavedropDownListItems Bronze ForEach failed,2026-08-24T14:08:21.733Z,2026-08-24T15:03:37.584Z,3316,2026-08-24T15:03:37.584Z,B47,Mobile,6c7532c9-dcb1-40a3-beaa-690039713dec,SAMMS-MobileV5
202608241448406811,202608241408172295,202608241408171802,88,5153,P1 Reference Dropdown List Items Bronze - B48,br_samms_dropdown_list_items,TASK_COMPLETE,FAILED,ERROR,0,0,1,SavedropDownListItems Bronze ForEach failed,2026-08-24T14:08:21.733Z,2026-08-24T15:03:37.584Z,3316,2026-08-24T15:03:37.584Z,B48,Tuscaloosa,6c7532c9-dcb1-40a3-beaa-690039713dec,SAMMS-TuscaloosaV5
202608241448406812,202608241408172296,202608241408171802,88,5154,P1 Reference Dropdown List Items Bronze - B51,br_samms_dropdown_list_items,TASK_COMPLETE,FAILED,ERROR,0,0,1,SavedropDownListItems Bronze ForEach failed,2026-08-24T14:08:21.733Z,2026-08-24T15:03:37.584Z,3316,2026-08-24T15:03:37.584Z,B51,NorthLittleRock,6c7532c9-dcb1-40a3-beaa-690039713dec,SAMMS-NorthLittleRockV6
202608241448406814,202608241408172297,202608241408171802,88,5155,P1 Reference Dropdown List Items Bronze - B52,br_samms_dropdown_list_items,TASK_COMPLETE,FAILED,ERROR,0,0,1,SavedropDownListItems Bronze ForEach failed,2026-08-24T14:08:21.733Z,2026-08-24T15:03:37.584Z,3316,2026-08-24T15:03:37.584Z,B52,JacksonGA,6c7532c9-dcb1-40a3-beaa-690039713dec,SAMMS-JacksonGAV5
202608201425196837,202608201258109471,202608201258108173,46,10025,P1 Finance Diag10 Bronze - B46,br_samms_tbldiag10,TASK_COMPLETE,SUCCESS,INFO,1300,1300,0,,2026-08-20T12:58:15.698Z,2026-08-20T14:28:34.201Z,5419,2026-08-20T14:28:34.201Z,B46,WashingtonDC,5f0dd8ad-486e-4238-8933-2b89499a6e18,SAMMS-WashingtonDCv5
202608201425196838,202608201258109472,202608201258108173,46,10026,P1 Finance Diag10 Bronze - B47,br_samms_tbldiag10,TASK_COMPLETE,SUCCESS,INFO,888,888,0,,2026-08-20T12:58:15.698Z,2026-08-20T14:28:34.201Z,5419,2026-08-20T14:28:34.201Z,B47,Mobile,5f0dd8ad-486e-4238-8933-2b89499a6e18,SAMMS-MobileV5
202608201425196840,202608201258109473,202608201258108173,46,10027,P1 Finance Diag10 Bronze - B48,br_samms_tbldiag10,TASK_COMPLETE,SUCCESS,INFO,1193,1193,0,,2026-08-20T12:58:15.698Z,2026-08-20T14:28:34.201Z,5419,2026-08-20T14:28:34.201Z,B48,Tuscaloosa,5f0dd8ad-486e-4238-8933-2b89499a6e18,SAMMS-TuscaloosaV5
202608201425196841,202608201258109474,202608201258108173,46,10028,P1 Finance Diag10 Bronze - B51,br_samms_tbldiag10,TASK_COMPLETE,SUCCESS,INFO,2836,2836,0,,2026-08-20T12:58:15.698Z,2026-08-20T14:28:34.201Z,5419,2026-08-20T14:28:34.201Z,B51,NorthLittleRock,5f0dd8ad-486e-4238-8933-2b89499a6e18,SAMMS-NorthLittleRockV6
202608201425196843,202608201258109475,202608201258108173,46,10029,P1 Finance Diag10 Bronze - B52,br_samms_tbldiag10,TASK_COMPLETE,SUCCESS,INFO,409,409,0,,2026-08-20T12:58:15.698Z,2026-08-20T14:28:34.201Z,5419,2026-08-20T14:28:34.201Z,B52,JacksonGA,5f0dd8ad-486e-4238-8933-2b89499a6e18,SAMMS-JacksonGAV5
202608201425196844,202608201258109476,202608201258108173,46,10030,P1 Finance Diag10 Bronze - B54,br_samms_tbldiag10,TASK_COMPLETE,SUCCESS,INFO,1033,1033,0,,2026-08-20T12:58:15.698Z,2026-08-20T14:28:34.201Z,5419,2026-08-20T14:28:34.201Z,B54,Gadsden,5f0dd8ad-486e-4238-8933-2b89499a6e18,SAMMS-GadsdenV5
202608201425196846,202608201258109477,202608201258108173,46,10031,P1 Finance Diag10 Bronze - B55,br_samms_tbldiag10,TASK_COMPLETE,SUCCESS,INFO,1008,1008,0,,2026-08-20T12:58:15.698Z,2026-08-20T14:28:34.201Z,5419,2026-08-20T14:28:34.201Z,B55,Shoals,5f0dd8ad-486e-4238-8933-2b89499a6e18,SAMMS-ShoalsV5
202608201425196847,202608201258109478,202608201258108173,46,10032,P1 Finance Diag10 Bronze - B57,br_samms_tbldiag10,TASK_COMPLETE,SUCCESS,INFO,567,567,0,,2026-08-20T12:58:15.698Z,2026-08-20T14:28:34.201Z,5419,2026-08-20T14:28:34.201Z,B57,Pawtucket,5f0dd8ad-486e-4238-8933-2b89499a6e18,SAMMS-Pawtucket
202608201425196849,202608201258109479,202608201258108173,46,10033,P1 Finance Diag10 Bronze - B57A,br_samms_tbldiag10,TASK_COMPLETE,SUCCESS,INFO,579,579,0,,2026-08-20T12:58:15.698Z,2026-08-20T14:28:34.201Z,5419,2026-08-20T14:28:34.201Z,B57A,Johnston,5f0dd8ad-486e-4238-8933-2b89499a6e18,SAMMS-Johnston
202608201425196850,202608201258109480,202608201258108173,46,10034,P1 Finance Diag10 Bronze - B57B,br_samms_tbldiag10,TASK_COMPLETE,SUCCESS,INFO,203,203,0,,2026-08-20T12:58:15.698Z,2026-08-20T14:28:34.201Z,5419,2026-08-20T14:28:34.201Z,B57B,Middletown,5f0dd8ad-486e-4238-8933-2b89499a6e18,SAMMS-Middletown
202608201425196852,202608201258109481,202608201258108173,46,10035,P1 Finance Diag10 Bronze - B57C,br_samms_tbldiag10,TASK_COMPLETE,SUCCESS,INFO,439,439,0,,2026-08-20T12:58:15.698Z,2026-08-20T14:28:34.201Z,5419,2026-08-20T14:28:34.201Z,B57C,Providence,5f0dd8ad-486e-4238-8933-2b89499a6e18,SAMMS-Providence
202608201425196853,202608201258109482,202608201258108173,46,10036,P1 Finance Diag10 Bronze - B57D,br_samms_tbldiag10,TASK_COMPLETE,SUCCESS,INFO,568,568,0,,2026-08-20T12:58:15.698Z,2026-08-20T14:28:34.201Z,5419,2026-08-20T14:28:34.201Z,B57D,Westerly,5f0dd8ad-486e-4238-8933-2b89499a6e18,SAMMS-Westerly
202608201425196855,202608201258109483,202608201258108173,46,10037,P1 Finance Diag10 Bronze - B66A,br_samms_tbldiag10,TASK_COMPLETE,SUCCESS,INFO,833,833,0,,2026-08-20T12:58:15.698Z,2026-08-20T14:28:34.201Z,5419,2026-08-20T14:28:34.201Z,B66A,Bremen,5f0dd8ad-486e-4238-8933-2b89499a6e18,SAMMS-Bremen
202608201425196856,202608201258109484,202608201258108173,46,10038,P1 Finance Diag10 Bronze - B72,br_samms_tbldiag10,TASK_COMPLETE,SUCCESS,INFO,2211,2211,0,,2026-08-20T12:58:15.698Z,2026-08-20T14:28:34.201Z,5419,2026-08-20T14:28:34.201Z,B72,Mobile-OBOT,5f0dd8ad-486e-4238-8933-2b89499a6e18,SAMMS-Mobile-OBOT
202608201425196858,202608201258109485,202608201258108173,46,10039,P1 Finance Diag10 Bronze - B73,br_samms_tbldiag10,TASK_COMPLETE,SUCCESS,INFO,1021,1021,0,,2026-08-20T12:58:15.698Z,2026-08-20T14:28:34.201Z,5419,2026-08-20T14:28:34.201Z,B73,Montgomery,5f0dd8ad-486e-4238-8933-2b89499a6e18,SAMMS-Montgomery
202608201425196859,202608201258109486,202608201258108173,46,10040,P1 Finance Diag10 Bronze - B75,br_samms_tbldiag10,TASK_COMPLETE,SUCCESS,INFO,686,686,0,,2026-08-20T12:58:15.698Z,2026-08-20T14:28:34.201Z,5419,2026-08-20T14:28:34.201Z,B75,Lawrence,5f0dd8ad-486e-4238-8933-2b89499a6e18,SAMMS-LawrenceV6
202608201425196861,202608201258109487,202608201258108173,46,10041,P1 Finance Diag10 Bronze - B76,br_samms_tbldiag10,TASK_COMPLETE,SUCCESS,INFO,431,431,0,,2026-08-20T12:58:15.698Z,2026-08-20T14:28:34.201Z,5419,2026-08-20T14:28:34.201Z,B76,Huntsville-OBOT,5f0dd8ad-486e-4238-8933-2b89499a6e18,SAMMS-Huntsville-OBOT
202608201425196863,202608201258109488,202608201258108173,46,10042,P1 Finance Diag10 Bronze - BAT,br_samms_tbldiag10,TASK_COMPLETE,SUCCESS,INFO,823,823,0,,2026-08-20T12:58:15.698Z,2026-08-20T14:28:34.201Z,5419,2026-08-20T14:28:34.201Z,BAT,Batesville,5f0dd8ad-486e-4238-8933-2b89499a6e18,SAMMS-Batesville
202608201425196864,202608201258109489,202608201258108173,46,10043,P1 Finance Diag10 Bronze - BG,br_samms_tbldiag10,TASK_COMPLETE,SUCCESS,INFO,981,981,0,,2026-08-20T12:58:15.698Z,2026-08-20T14:28:34.201Z,5419,2026-08-20T14:28:34.201Z,BG,BowlingGreen,5f0dd8ad-486e-4238-8933-2b89499a6e18,SAMMS-BowlingGreen
202608201425196866,202608201258109490,202608201258108173,46,10044,P1 Finance Diag10 Bronze - BOI,br_samms_tbldiag10,TASK_COMPLETE,SUCCESS,INFO,567,567,0,,2026-08-20T12:58:15.698Z,2026-08-20T14:28:34.201Z,5419,2026-08-20T14:28:34.201Z,BOI,Boise,5f0dd8ad-486e-4238-8933-2b89499a6e18,SAMMS-Boise
202608201425196867,202608201258109491,202608201258108173,46,10045,P1 Finance Diag10 Bronze - CBCO,br_samms_tbldiag10,TASK_COMPLETE,SUCCESS,INFO,743,743,0,,2026-08-20T12:58:15.698Z,2026-08-20T14:28:34.201Z,5419,2026-08-20T14:28:34.201Z,CBCO,CoeurdAlene,5f0dd8ad-486e-4238-8933-2b89499a6e18,SAMMS-CoeurdAleneV6
202608201425196869,202608201258109492,202608201258108173,46,10046,P1 Finance Diag10 Bronze - CON,br_samms_tbldiag10,TASK_COMPLETE,SUCCESS,INFO,1054,1054,0,,2026-08-20T12:58:15.698Z,2026-08-20T14:28:34.201Z,5419,2026-08-20T14:28:34.201Z,CON,Conway,5f0dd8ad-486e-4238-8933-2b89499a6e18,SAMMS-Conway
202608241333250939,202608241253387098,202608241253386616,88,5142,P1 Reference Dropdown List Items Bronze - B39,br_samms_dropdown_list_items,TASK_COMPLETE,FAILED,ERROR,0,0,1,SavedropDownListItems Bronze ForEach failed,2026-08-24T12:53:42.369Z,2026-08-24T13:42:52.652Z,2950,2026-08-24T13:42:52.652Z,B39,Aiken,8f1806c1-b1f2-4ac5-b25b-086fec51b8fb,SAMMS-AikenV5
202608241333250940,202608241253387099,202608241253386616,88,5143,P1 Reference Dropdown List Items Bronze - B41,br_samms_dropdown_list_items,TASK_COMPLETE,FAILED,ERROR,0,0,1,SavedropDownListItems Bronze ForEach failed,2026-08-24T12:53:42.369Z,2026-08-24T13:42:52.652Z,2950,2026-08-24T13:42:52.652Z,B41,Chesapeake,8f1806c1-b1f2-4ac5-b25b-086fec51b8fb,SAMMS-ChesapeakeV5
202608241333250942,202608241253387100,202608241253386616,88,5144,P1 Reference Dropdown List Items Bronze - B42,br_samms_dropdown_list_items,TASK_COMPLETE,FAILED,ERROR,0,0,1,SavedropDownListItems Bronze ForEach failed,2026-08-24T12:53:42.369Z,2026-08-24T13:42:52.652Z,2950,2026-08-24T13:42:52.652Z,B42,VirginiaBeach,8f1806c1-b1f2-4ac5-b25b-086fec51b8fb,SAMMS-VirginiaBeachV5
202608241333250943,202608241253387101,202608241253386616,88,5145,P1 Reference Dropdown List Items Bronze - B42A,br_samms_dropdown_list_items,TASK_COMPLETE,FAILED,ERROR,0,0,1,SavedropDownListItems Bronze ForEach failed,2026-08-24T12:53:42.369Z,2026-08-24T13:42:52.652Z,2950,2026-08-24T13:42:52.652Z,B42A,NewportNews,8f1806c1-b1f2-4ac5-b25b-086fec51b8fb,SAMMS-NewportNewsV5
202608241333250944,202608241253387102,202608241253386616,88,5146,P1 Reference Dropdown List Items Bronze - B42B,br_samms_dropdown_list_items,TASK_COMPLETE,FAILED,ERROR,0,0,1,SavedropDownListItems Bronze ForEach failed,2026-08-24T12:53:42.369Z,2026-08-24T13:42:52.652Z,2950,2026-08-24T13:42:52.652Z,B42B,Franklin,8f1806c1-b1f2-4ac5-b25b-086fec51b8fb,SAMMS-FranklinV5
202608241333250946,202608241253387103,202608241253386616,88,5147,P1 Reference Dropdown List Items Bronze - B42C,br_samms_dropdown_list_items,TASK_COMPLETE,FAILED,ERROR,0,0,1,SavedropDownListItems Bronze ForEach failed,2026-08-24T12:53:42.369Z,2026-08-24T13:42:52.652Z,2950,2026-08-24T13:42:52.652Z,B42C,GlenAllen,8f1806c1-b1f2-4ac5-b25b-086fec51b8fb,SAMMS-GlenAllenV5
202608241333250947,202608241253387104,202608241253386616,88,5148,P1 Reference Dropdown List Items Bronze - B42D,br_samms_dropdown_list_items,TASK_COMPLETE,FAILED,ERROR,0,0,1,SavedropDownListItems Bronze ForEach failed,2026-08-24T12:53:42.369Z,2026-08-24T13:42:52.652Z,2950,2026-08-24T13:42:52.652Z,B42D,ChesapeakeSouth,8f1806c1-b1f2-4ac5-b25b-086fec51b8fb,SAMMS-ChesapeakeSouthV5
202608241333250949,202608241253387105,202608241253386616,88,5149,P1 Reference Dropdown List Items Bronze - B44,br_samms_dropdown_list_items,TASK_COMPLETE,FAILED,ERROR,0,0,1,SavedropDownListItems Bronze ForEach failed,2026-08-24T12:53:42.369Z,2026-08-24T13:42:52.652Z,2950,2026-08-24T13:42:52.652Z,B44,Albany,8f1806c1-b1f2-4ac5-b25b-086fec51b8fb,SAMMS-AlbanyV5
202608241333250950,202608241253387106,202608241253386616,88,5150,P1 Reference Dropdown List Items Bronze - B45,br_samms_dropdown_list_items,TASK_COMPLETE,FAILED,ERROR,0,0,1,SavedropDownListItems Bronze ForEach failed,2026-08-24T12:53:42.369Z,2026-08-24T13:42:52.652Z,2950,2026-08-24T13:42:52.652Z,B45,Tifton,8f1806c1-b1f2-4ac5-b25b-086fec51b8fb,SAMMS-TiftonV5
202608241333250952,202608241253387107,202608241253386616,88,5151,P1 Reference Dropdown List Items Bronze - B46,br_samms_dropdown_list_items,TASK_COMPLETE,FAILED,ERROR,0,0,1,SavedropDownListItems Bronze ForEach failed,2026-08-24T12:53:42.369Z,2026-08-24T13:42:52.652Z,2950,2026-08-24T13:42:52.652Z,B46,WashingtonDC,8f1806c1-b1f2-4ac5-b25b-086fec51b8fb,SAMMS-WashingtonDCv5
202608241333250953,202608241253387108,202608241253386616,88,5152,P1 Reference Dropdown List Items Bronze - B47,br_samms_dropdown_list_items,TASK_COMPLETE,FAILED,ERROR,0,0,1,SavedropDownListItems Bronze ForEach failed,2026-08-24T12:53:42.369Z,2026-08-24T13:42:52.652Z,2950,2026-08-24T13:42:52.652Z,B47,Mobile,8f1806c1-b1f2-4ac5-b25b-086fec51b8fb,SAMMS-MobileV5
202608241333250954,202608241253387109,202608241253386616,88,5153,P1 Reference Dropdown List Items Bronze - B48,br_samms_dropdown_list_items,TASK_COMPLETE,FAILED,ERROR,0,0,1,SavedropDownListItems Bronze ForEach failed,2026-08-24T12:53:42.369Z,2026-08-24T13:42:52.652Z,2950,2026-08-24T13:42:52.652Z,B48,Tuscaloosa,8f1806c1-b1f2-4ac5-b25b-086fec51b8fb,SAMMS-TuscaloosaV5
202608241333250956,202608241253387110,202608241253386616,88,5154,P1 Reference Dropdown List Items Bronze - B51,br_samms_dropdown_list_items,TASK_COMPLETE,FAILED,ERROR,0,0,1,SavedropDownListItems Bronze ForEach failed,2026-08-24T12:53:42.369Z,2026-08-24T13:42:52.652Z,2950,2026-08-24T13:42:52.652Z,B51,NorthLittleRock,8f1806c1-b1f2-4ac5-b25b-086fec51b8fb,SAMMS-NorthLittleRockV6
202608241333250957,202608241253387111,202608241253386616,88,5155,P1 Reference Dropdown List Items Bronze - B52,br_samms_dropdown_list_items,TASK_COMPLETE,FAILED,ERROR,0,0,1,SavedropDownListItems Bronze ForEach failed,2026-08-24T12:53:42.369Z,2026-08-24T13:42:52.652Z,2950,2026-08-24T13:42:52.652Z,B52,JacksonGA,8f1806c1-b1f2-4ac5-b25b-086fec51b8fb,SAMMS-JacksonGAV5
202608201425196908,202608201258109515,202608201258108173,46,10069,P1 Finance Diag10 Bronze - LAN,br_samms_tbldiag10,TASK_COMPLETE,SUCCESS,INFO,787,787,0,,2026-08-20T12:58:15.698Z,2026-08-20T14:28:34.201Z,5419,2026-08-20T14:28:34.201Z,LAN,Lansing,5f0dd8ad-486e-4238-8933-2b89499a6e18,SAMMS-Lansing
202608201425196910,202608201258109516,202608201258108173,46,10070,P1 Finance Diag10 Bronze - LO,br_samms_tbldiag10,TASK_COMPLETE,SUCCESS,INFO,2157,2157,0,,2026-08-20T12:58:15.698Z,2026-08-20T14:28:34.201Z,5419,2026-08-20T14:28:34.201Z,LO,Louisville,5f0dd8ad-486e-4238-8933-2b89499a6e18,SAMMS-Louisville
202608201425196912,202608201258109517,202608201258108173,46,10071,P1 Finance Diag10 Bronze - LV1,br_samms_tbldiag10,TASK_COMPLETE,SUCCESS,INFO,3373,3373,0,,2026-08-20T12:58:15.698Z,2026-08-20T14:28:34.201Z,5419,2026-08-20T14:28:34.201Z,LV1,Cheyenne,5f0dd8ad-486e-4238-8933-2b89499a6e18,SAMMS-Cheyenne
202608201425196914,202608201258109518,202608201258108173,46,10072,P1 Finance Diag10 Bronze - LV2,br_samms_tbldiag10,TASK_COMPLETE,SUCCESS,INFO,2952,2952,0,,2026-08-20T12:58:15.698Z,2026-08-20T14:28:34.201Z,5419,2026-08-20T14:28:34.201Z,LV2,DesertInn,5f0dd8ad-486e-4238-8933-2b89499a6e18,SAMMS-DesertInn
202608201425196915,202608201258109519,202608201258108173,46,10073,P1 Finance Diag10 Bronze - LV3,br_samms_tbldiag10,TASK_COMPLETE,SUCCESS,INFO,1391,1391,0,,2026-08-20T12:58:15.698Z,2026-08-20T14:28:34.201Z,5419,2026-08-20T14:28:34.201Z,LV3,McDaniel,5f0dd8ad-486e-4238-8933-2b89499a6e18,SAMMS-McDaniel
202608201425196917,202608201258109520,202608201258108173,46,10074,P1 Finance Diag10 Bronze - MNRE,br_samms_tbldiag10,TASK_COMPLETE,SUCCESS,INFO,765,765,0,,2026-08-20T12:58:15.698Z,2026-08-20T14:28:34.201Z,5419,2026-08-20T14:28:34.201Z,MNRE,Monroe,5f0dd8ad-486e-4238-8933-2b89499a6e18,SAMMS-Monroe
202608201425196919,202608201258109521,202608201258108173,46,10075,P1 Finance Diag10 Bronze - MP,br_samms_tbldiag10,TASK_COMPLETE,SUCCESS,INFO,1019,1019,0,,2026-08-20T12:58:15.698Z,2026-08-20T14:28:34.201Z,5419,2026-08-20T14:28:34.201Z,MP,MtPleasant,5f0dd8ad-486e-4238-8933-2b89499a6e18,SAMMS-MtPleasant
202608201425196921,202608201258109522,202608201258108173,46,10076,P1 Finance Diag10 Bronze - MRD,br_samms_tbldiag10,TASK_COMPLETE,SUCCESS,INFO,466,466,0,,2026-08-20T12:58:15.698Z,2026-08-20T14:28:34.201Z,5419,2026-08-20T14:28:34.201Z,MRD,Meridian,5f0dd8ad-486e-4238-8933-2b89499a6e18,SAMMS-Meridian
202608201425196923,202608201258109523,202608201258108173,46,10077,P1 Finance Diag10 Bronze - NC,br_samms_tbldiag10,TASK_COMPLETE,SUCCESS,INFO,1394,1394,0,,2026-08-20T12:58:15.698Z,2026-08-20T14:28:34.201Z,5419,2026-08-20T14:28:34.201Z,NC,NorthCharleston,5f0dd8ad-486e-4238-8933-2b89499a6e18,SAMMS-NorthCharleston
202608201425196925,202608201258109524,202608201258108173,46,10078,P1 Finance Diag10 Bronze - NLR,br_samms_tbldiag10,TASK_COMPLETE,SUCCESS,INFO,1279,1279,0,,2026-08-20T12:58:15.698Z,2026-08-20T14:28:34.201Z,5419,2026-08-20T14:28:34.201Z,NLR,NLROBOT,5f0dd8ad-486e-4238-8933-2b89499a6e18,SAMMS-NLROBOT
202608201425196927,202608201258109525,202608201258108173,46,10079,P1 Finance Diag10 Bronze - PH,br_samms_tbldiag10,TASK_COMPLETE,SUCCESS,INFO,535,535,0,,2026-08-20T12:58:15.698Z,2026-08-20T14:28:34.201Z,5419,2026-08-20T14:28:34.201Z,PH,Phoenix,5f0dd8ad-486e-4238-8933-2b89499a6e18,SAMMS-Phoenix
202608201425196929,202608201258109526,202608201258108173,46,10080,P1 Finance Diag10 Bronze - RE,br_samms_tbldiag10,TASK_COMPLETE,SUCCESS,INFO,1742,1742,0,,2026-08-20T12:58:15.698Z,2026-08-20T14:28:34.201Z,5419,2026-08-20T14:28:34.201Z,RE,Reno,5f0dd8ad-486e-4238-8933-2b89499a6e18,SAMMS-Reno
202608201425196931,202608201258109527,202608201258108173,46,10081,P1 Finance Diag10 Bronze - RMD,br_samms_tbldiag10,TASK_COMPLETE,SUCCESS,INFO,1719,1719,0,,2026-08-20T12:58:15.698Z,2026-08-20T14:28:34.201Z,5419,2026-08-20T14:28:34.201Z,RMD,Richmond,5f0dd8ad-486e-4238-8933-2b89499a6e18,SAMMS-Richmond
202608201425196933,202608201258109528,202608201258108173,46,10082,P1 Finance Diag10 Bronze - SFN,br_samms_tbldiag10,TASK_COMPLETE,SUCCESS,INFO,1260,1260,0,,2026-08-20T12:58:15.698Z,2026-08-20T14:28:34.201Z,5419,2026-08-20T14:28:34.201Z,SFN,SFN,5f0dd8ad-486e-4238-8933-2b89499a6e18,SAMMS-SFNv5
202608201425196935,202608201258109529,202608201258108173,46,10083,P1 Finance Diag10 Bronze - SHP,br_samms_tbldiag10,TASK_COMPLETE,SUCCESS,INFO,1702,1702,0,,2026-08-20T12:58:15.698Z,2026-08-20T14:28:34.201Z,5419,2026-08-20T14:28:34.201Z,SHP,Shreveport,5f0dd8ad-486e-4238-8933-2b89499a6e18,SAMMS-Shreveport
202608201425196936,202608201258109530,202608201258108173,46,10084,P1 Finance Diag10 Bronze - STN,br_samms_tbldiag10,TASK_COMPLETE,SUCCESS,INFO,548,548,0,,2026-08-20T12:58:15.698Z,2026-08-20T14:28:34.201Z,5419,2026-08-20T14:28:34.201Z,STN,Staunton,5f0dd8ad-486e-4238-8933-2b89499a6e18,SAMMS-Staunton
202608201425196938,202608201258109531,202608201258108173,46,10085,P1 Finance Diag10 Bronze - STVN,br_samms_tbldiag10,TASK_COMPLETE,SUCCESS,INFO,497,497,0,,2026-08-20T12:58:15.698Z,2026-08-20T14:28:34.201Z,5419,2026-08-20T14:28:34.201Z,STVN,Stevenson,5f0dd8ad-486e-4238-8933-2b89499a6e18,SAMMS-Stevenson
202608201425196940,202608201258109532,202608201258108173,46,10086,P1 Finance Diag10 Bronze - TE,br_samms_tbldiag10,TASK_COMPLETE,SUCCESS,INFO,332,332,0,,2026-08-20T12:58:15.698Z,2026-08-20T14:28:34.201Z,5419,2026-08-20T14:28:34.201Z,TE,Tempe,5f0dd8ad-486e-4238-8933-2b89499a6e18,SAMMS-Tempe
202608201425196942,202608201258109533,202608201258108173,46,10087,P1 Finance Diag10 Bronze - TEX,br_samms_tbldiag10,TASK_COMPLETE,SUCCESS,INFO,985,985,0,,2026-08-20T12:58:15.698Z,2026-08-20T14:28:34.201Z,5419,2026-08-20T14:28:34.201Z,TEX,Texarkana,5f0dd8ad-486e-4238-8933-2b89499a6e18,SAMMS-Texarkana
202608201425196944,202608201258109534,202608201258108173,46,10088,P1 Finance Diag10 Bronze - TTCA,br_samms_tbldiag10,TASK_COMPLETE,SUCCESS,INFO,1119,1119,0,,2026-08-20T12:58:15.698Z,2026-08-20T14:28:34.201Z,5419,2026-08-20T14:28:34.201Z,TTCA,Bessemer,5f0dd8ad-486e-4238-8933-2b89499a6e18,SAMMS-BessemerV5
202608201425196946,202608201258109535,202608201258108173,46,10089,P1 Finance Diag10 Bronze - TTCB,br_samms_tbldiag10,TASK_COMPLETE,SUCCESS,INFO,1319,1319,0,,2026-08-20T12:58:15.698Z,2026-08-20T14:28:34.201Z,5419,2026-08-20T14:28:34.201Z,TTCB,Cullman,5f0dd8ad-486e-4238-8933-2b89499a6e18,SAMMS-CullmanV5
202608201425196948,202608201258109536,202608201258108173,46,10090,P1 Finance Diag10 Bronze - TTCC,br_samms_tbldiag10,TASK_COMPLETE,SUCCESS,INFO,774,774,0,,2026-08-20T12:58:15.698Z,2026-08-20T14:28:34.201Z,5419,2026-08-20T14:28:34.201Z,TTCC,GrandBay,5f0dd8ad-486e-4238-8933-2b89499a6e18,SAMMS-GrandBay
202608201425196369,202608201258108632,202608201258108173,46,9165,P1 Finance FMP Bronze - VBRA,br_samms_fmp,TASK_COMPLETE,SUCCESS,INFO,231,231,0,,2026-08-20T12:58:15.698Z,2026-08-20T14:28:34.201Z,5419,2026-08-20T14:28:34.201Z,VBRA,Brainerd,5f0dd8ad-486e-4238-8933-2b89499a6e18,SAMMS-BrainerdV6
202608201425196371,202608201258108633,202608201258108173,46,9166,P1 Finance FMP Bronze - VBRP,br_samms_fmp,TASK_COMPLETE,SUCCESS,INFO,115,115,0,,2026-08-20T12:58:15.698Z,2026-08-20T14:28:34.201Z,5419,2026-08-20T14:28:34.201Z,VBRP,BrooklynPark,5f0dd8ad-486e-4238-8933-2b89499a6e18,SAMMS-BrooklynParkV6
202608201425196373,202608201258108634,202608201258108173,46,9167,P1 Finance FMP Bronze - VMIN,br_samms_fmp,TASK_COMPLETE,SUCCESS,INFO,37,37,0,,2026-08-20T12:58:15.698Z,2026-08-20T14:28:34.201Z,5419,2026-08-20T14:28:34.201Z,VMIN,Minneapolis,5f0dd8ad-486e-4238-8933-2b89499a6e18,SAMMS-MinneapolisV6
202608201425196376,202608201258108635,202608201258108173,46,9168,P1 Finance FMP Bronze - VWBY,br_samms_fmp,TASK_COMPLETE,SUCCESS,INFO,94,94,0,,2026-08-20T12:58:15.698Z,2026-08-20T14:28:34.201Z,5419,2026-08-20T14:28:34.201Z,VWBY,Woodbury,5f0dd8ad-486e-4238-8933-2b89499a6e18,SAMMS-WoodburyV6
202608201425196378,202608201258108636,202608201258108173,46,9169,P1 Finance FMP Bronze - WIL,br_samms_fmp,TASK_COMPLETE,SUCCESS,INFO,50,50,0,,2026-08-20T12:58:15.698Z,2026-08-20T14:28:34.201Z,5419,2026-08-20T14:28:34.201Z,WIL,Wilson,5f0dd8ad-486e-4238-8933-2b89499a6e18,SAMMS-Wilson
202608201425196479,202608201258208177,202608201258208173,47,9170,P1 Finance FMP Silver,tbl_Fmp,TASK_COMPLETE,SUCCESS,INFO,180148,180148,0,,2026-08-20T12:58:15.698Z,2026-08-20T14:28:34.201Z,5419,2026-08-20T14:28:34.201Z,,,5f0dd8ad-486e-4238-8933-2b89499a6e18,
202608201425196388,202608201258109330,202608201258108173,46,9881,P1 Finance Payer Client Bronze - AHK,br_samms_payer_client,TASK_COMPLETE,SUCCESS,INFO,197,197,0,,2026-08-20T12:58:15.698Z,2026-08-20T14:28:34.201Z,5419,2026-08-20T14:28:34.201Z,AHK,Ahoskie,5f0dd8ad-486e-4238-8933-2b89499a6e18,SAMMS-Ahoskie
202608201425196389,202608201258109331,202608201258108173,46,9882,P1 Finance Payer Client Bronze - B12B,br_samms_payer_client,TASK_COMPLETE,SUCCESS,INFO,1470,1470,0,,2026-08-20T12:58:15.698Z,2026-08-20T14:28:34.201Z,5419,2026-08-20T14:28:34.201Z,B12B,ColoradoSprings,5f0dd8ad-486e-4238-8933-2b89499a6e18,SAMMS-ColoradoSpringsV5
202608201425196390,202608201258109332,202608201258108173,46,9883,P1 Finance Payer Client Bronze - B24,br_samms_payer_client,TASK_COMPLETE,SUCCESS,INFO,1813,1813,0,,2026-08-20T12:58:15.698Z,2026-08-20T14:28:34.201Z,5419,2026-08-20T14:28:34.201Z,B24,Paintsville,5f0dd8ad-486e-4238-8933-2b89499a6e18,SAMMS-PaintsvilleV5
202608201425196392,202608201258109333,202608201258108173,46,9884,P1 Finance Payer Client Bronze - B25,br_samms_payer_client,TASK_COMPLETE,SUCCESS,INFO,1040,1040,0,,2026-08-20T12:58:15.698Z,2026-08-20T14:28:34.201Z,5419,2026-08-20T14:28:34.201Z,B25,Pikeville,5f0dd8ad-486e-4238-8933-2b89499a6e18,SAMMS-PikevilleV5
202608201425196393,202608201258109334,202608201258108173,46,9885,P1 Finance Payer Client Bronze - B26,br_samms_payer_client,TASK_COMPLETE,SUCCESS,INFO,2937,2937,0,,2026-08-20T12:58:15.698Z,2026-08-20T14:28:34.201Z,5419,2026-08-20T14:28:34.201Z,B26,Hazard,5f0dd8ad-486e-4238-8933-2b89499a6e18,SAMMS-HazardV5
202608201425196394,202608201258109335,202608201258108173,46,9886,P1 Finance Payer Client Bronze - B27,br_samms_payer_client,TASK_COMPLETE,SUCCESS,INFO,367,367,0,,2026-08-20T12:58:15.698Z,2026-08-20T14:28:34.201Z,5419,2026-08-20T14:28:34.201Z,B27,Savannah,5f0dd8ad-486e-4238-8933-2b89499a6e18,SAMMS-SavannahV6
202608201425196396,202608201258109336,202608201258108173,46,9887,P1 Finance Payer Client Bronze - B28,br_samms_payer_client,TASK_COMPLETE,SUCCESS,INFO,501,501,0,,2026-08-20T12:58:15.698Z,2026-08-20T14:28:34.201Z,5419,2026-08-20T14:28:34.201Z,B28,WestPlaines,5f0dd8ad-486e-4238-8933-2b89499a6e18,SAMMS-WestPlainesV5
202608201425196397,202608201258109337,202608201258108173,46,9888,P1 Finance Payer Client Bronze - B29,br_samms_payer_client,TASK_COMPLETE,SUCCESS,INFO,668,668,0,,2026-08-20T12:58:15.698Z,2026-08-20T14:28:34.201Z,5419,2026-08-20T14:28:34.201Z,B29,PoplarBluff,5f0dd8ad-486e-4238-8933-2b89499a6e18,SAMMS-PoplarBluffV5
202608201425196398,202608201258109338,202608201258108173,46,9889,P1 Finance Payer Client Bronze - B30,br_samms_payer_client,TASK_COMPLETE,SUCCESS,INFO,201,201,0,,2026-08-20T12:58:15.698Z,2026-08-20T14:28:34.201Z,5419,2026-08-20T14:28:34.201Z,B30,KCN,5f0dd8ad-486e-4238-8933-2b89499a6e18,SAMMS-KCNv5
202608201425196400,202608201258109339,202608201258108173,46,9890,P1 Finance Payer Client Bronze - B31,br_samms_payer_client,TASK_COMPLETE,SUCCESS,INFO,811,811,0,,2026-08-20T12:58:15.698Z,2026-08-20T14:28:34.201Z,5419,2026-08-20T14:28:34.201Z,B31,Dyersburg,5f0dd8ad-486e-4238-8933-2b89499a6e18,SAMMS-DyersburgV5
202608201425196401,202608201258109340,202608201258108173,46,9891,P1 Finance Payer Client Bronze - B33,br_samms_payer_client,TASK_COMPLETE,SUCCESS,INFO,1534,1534,0,,2026-08-20T12:58:15.698Z,2026-08-20T14:28:34.201Z,5419,2026-08-20T14:28:34.201Z,B33,Paducah,5f0dd8ad-486e-4238-8933-2b89499a6e18,SAMMS-Paducah
202608201425196402,202608201258109341,202608201258108173,46,9892,P1 Finance Payer Client Bronze - B34,br_samms_payer_client,TASK_COMPLETE,SUCCESS,INFO,1493,1493,0,,2026-08-20T12:58:15.698Z,2026-08-20T14:28:34.201Z,5419,2026-08-20T14:28:34.201Z,B34,Corbin,5f0dd8ad-486e-4238-8933-2b89499a6e18,SAMMS-CorbinV5
202608201425196404,202608201258109342,202608201258108173,46,9893,P1 Finance Payer Client Bronze - B35,br_samms_payer_client,TASK_COMPLETE,SUCCESS,INFO,3966,3966,0,,2026-08-20T12:58:15.698Z,2026-08-20T14:28:34.201Z,5419,2026-08-20T14:28:34.201Z,B35,Lexington,5f0dd8ad-486e-4238-8933-2b89499a6e18,SAMMS-LexingtonV5
202608201425196405,202608201258109343,202608201258108173,46,9894,P1 Finance Payer Client Bronze - B35A,br_samms_payer_client,TASK_COMPLETE,SUCCESS,INFO,1803,1803,0,,2026-08-20T12:58:15.698Z,2026-08-20T14:28:34.201Z,5419,2026-08-20T14:28:34.201Z,B35A,Berea,5f0dd8ad-486e-4238-8933-2b89499a6e18,SAMMS-BereaV5
202608201425196406,202608201258109344,202608201258108173,46,9895,P1 Finance Payer Client Bronze - B36,br_samms_payer_client,TASK_COMPLETE,SUCCESS,INFO,1728,1728,0,,2026-08-20T12:58:15.698Z,2026-08-20T14:28:34.201Z,5419,2026-08-20T14:28:34.201Z,B36,Asheville,5f0dd8ad-486e-4238-8933-2b89499a6e18,SAMMS-AshevilleV5
202608201425196408,202608201258109345,202608201258108173,46,9896,P1 Finance Payer Client Bronze - B37,br_samms_payer_client,TASK_COMPLETE,SUCCESS,INFO,1389,1389,0,,2026-08-20T12:58:15.698Z,2026-08-20T14:28:34.201Z,5419,2026-08-20T14:28:34.201Z,B37,Clyde,5f0dd8ad-486e-4238-8933-2b89499a6e18,SAMMS-ClydeV5
202608241333250709,202608241253387308,202608241253386616,88,5353,P1 Reference Custom Answers Bronze - VBRA,br_samms_custom_answers,TASK_COMPLETE,FAILED,ERROR,0,0,1,SaveCustomAnswers Bronze ForEach failed,2026-08-24T12:53:42.369Z,2026-08-24T13:42:52.652Z,2950,2026-08-24T13:42:52.652Z,VBRA,Brainerd,8f1806c1-b1f2-4ac5-b25b-086fec51b8fb,SAMMS-BrainerdV6
202608241333250711,202608241253387309,202608241253386616,88,5354,P1 Reference Custom Answers Bronze - VBRP,br_samms_custom_answers,TASK_COMPLETE,FAILED,ERROR,0,0,1,SaveCustomAnswers Bronze ForEach failed,2026-08-24T12:53:42.369Z,2026-08-24T13:42:52.652Z,2950,2026-08-24T13:42:52.652Z,VBRP,BrooklynPark,8f1806c1-b1f2-4ac5-b25b-086fec51b8fb,SAMMS-BrooklynParkV6
202608241333250713,202608241253387310,202608241253386616,88,5355,P1 Reference Custom Answers Bronze - VMIN,br_samms_custom_answers,TASK_COMPLETE,FAILED,ERROR,0,0,1,SaveCustomAnswers Bronze ForEach failed,2026-08-24T12:53:42.369Z,2026-08-24T13:42:52.652Z,2950,2026-08-24T13:42:52.652Z,VMIN,Minneapolis,8f1806c1-b1f2-4ac5-b25b-086fec51b8fb,SAMMS-MinneapolisV6
202608241333250715,202608241253387311,202608241253386616,88,5356,P1 Reference Custom Answers Bronze - VWBY,br_samms_custom_answers,TASK_COMPLETE,FAILED,ERROR,0,0,1,SaveCustomAnswers Bronze ForEach failed,2026-08-24T12:53:42.369Z,2026-08-24T13:42:52.652Z,2950,2026-08-24T13:42:52.652Z,VWBY,Woodbury,8f1806c1-b1f2-4ac5-b25b-086fec51b8fb,SAMMS-WoodburyV6
202608241333250717,202608241253387312,202608241253386616,88,5357,P1 Reference Custom Answers Bronze - WIL,br_samms_custom_answers,TASK_COMPLETE,FAILED,ERROR,0,0,1,SaveCustomAnswers Bronze ForEach failed,2026-08-24T12:53:42.369Z,2026-08-24T13:42:52.652Z,2950,2026-08-24T13:42:52.652Z,WIL,Wilson,8f1806c1-b1f2-4ac5-b25b-086fec51b8fb,SAMMS-Wilson
202608241333250819,202608241253486622,202608241253486616,89,5358,P1 Reference Custom Answers Silver,tbl_CustomAnswers,TASK_COMPLETE,SKIPPED,WARN,0,0,0,Skipped: SaveCustomAnswers failed at BR,2026-08-24T12:53:42.369Z,2026-08-24T13:42:52.652Z,2950,2026-08-24T13:42:52.652Z,,,8f1806c1-b1f2-4ac5-b25b-086fec51b8fb,
202608241333250725,202608241253387313,202608241253386616,88,5361,P1 Reference Custom Questions Bronze - AHK,br_samms_custom_questions,TASK_COMPLETE,FAILED,ERROR,0,0,1,SaveCustomQuestions Bronze ForEach failed,2026-08-24T12:53:42.369Z,2026-08-24T13:42:52.652Z,2950,2026-08-24T13:42:52.652Z,AHK,Ahoskie,8f1806c1-b1f2-4ac5-b25b-086fec51b8fb,SAMMS-Ahoskie
202608241333250726,202608241253387314,202608241253386616,88,5362,P1 Reference Custom Questions Bronze - B12B,br_samms_custom_questions,TASK_COMPLETE,FAILED,ERROR,0,0,1,SaveCustomQuestions Bronze ForEach failed,2026-08-24T12:53:42.369Z,2026-08-24T13:42:52.652Z,2950,2026-08-24T13:42:52.652Z,B12B,ColoradoSprings,8f1806c1-b1f2-4ac5-b25b-086fec51b8fb,SAMMS-ColoradoSpringsV5
202608241333250727,202608241253387315,202608241253386616,88,5363,P1 Reference Custom Questions Bronze - B24,br_samms_custom_questions,TASK_COMPLETE,FAILED,ERROR,0,0,1,SaveCustomQuestions Bronze ForEach failed,2026-08-24T12:53:42.369Z,2026-08-24T13:42:52.652Z,2950,2026-08-24T13:42:52.652Z,B24,Paintsville,8f1806c1-b1f2-4ac5-b25b-086fec51b8fb,SAMMS-PaintsvilleV5
202608241333250728,202608241253387316,202608241253386616,88,5364,P1 Reference Custom Questions Bronze - B25,br_samms_custom_questions,TASK_COMPLETE,FAILED,ERROR,0,0,1,SaveCustomQuestions Bronze ForEach failed,2026-08-24T12:53:42.369Z,2026-08-24T13:42:52.652Z,2950,2026-08-24T13:42:52.652Z,B25,Pikeville,8f1806c1-b1f2-4ac5-b25b-086fec51b8fb,SAMMS-PikevilleV5
202608241333250729,202608241253387317,202608241253386616,88,5365,P1 Reference Custom Questions Bronze - B26,br_samms_custom_questions,TASK_COMPLETE,FAILED,ERROR,0,0,1,SaveCustomQuestions Bronze ForEach failed,2026-08-24T12:53:42.369Z,2026-08-24T13:42:52.652Z,2950,2026-08-24T13:42:52.652Z,B26,Hazard,8f1806c1-b1f2-4ac5-b25b-086fec51b8fb,SAMMS-HazardV5
202608241333250731,202608241253387318,202608241253386616,88,5366,P1 Reference Custom Questions Bronze - B27,br_samms_custom_questions,TASK_COMPLETE,FAILED,ERROR,0,0,1,SaveCustomQuestions Bronze ForEach failed,2026-08-24T12:53:42.369Z,2026-08-24T13:42:52.652Z,2950,2026-08-24T13:42:52.652Z,B27,Savannah,8f1806c1-b1f2-4ac5-b25b-086fec51b8fb,SAMMS-SavannahV6
202608241333250732,202608241253387319,202608241253386616,88,5367,P1 Reference Custom Questions Bronze - B28,br_samms_custom_questions,TASK_COMPLETE,FAILED,ERROR,0,0,1,SaveCustomQuestions Bronze ForEach failed,2026-08-24T12:53:42.369Z,2026-08-24T13:42:52.652Z,2950,2026-08-24T13:42:52.652Z,B28,WestPlaines,8f1806c1-b1f2-4ac5-b25b-086fec51b8fb,SAMMS-WestPlainesV5
202608241333250733,202608241253387320,202608241253386616,88,5368,P1 Reference Custom Questions Bronze - B29,br_samms_custom_questions,TASK_COMPLETE,FAILED,ERROR,0,0,1,SaveCustomQuestions Bronze ForEach failed,2026-08-24T12:53:42.369Z,2026-08-24T13:42:52.652Z,2950,2026-08-24T13:42:52.652Z,B29,PoplarBluff,8f1806c1-b1f2-4ac5-b25b-086fec51b8fb,SAMMS-PoplarBluffV5
202608241448406567,202608241408172494,202608241408171802,88,5353,P1 Reference Custom Answers Bronze - VBRA,br_samms_custom_answers,TASK_COMPLETE,FAILED,ERROR,0,0,1,SaveCustomAnswers Bronze ForEach failed,2026-08-24T14:08:21.733Z,2026-08-24T15:03:37.584Z,3316,2026-08-24T15:03:37.584Z,VBRA,Brainerd,6c7532c9-dcb1-40a3-beaa-690039713dec,SAMMS-BrainerdV6
202608241448406569,202608241408172495,202608241408171802,88,5354,P1 Reference Custom Answers Bronze - VBRP,br_samms_custom_answers,TASK_COMPLETE,FAILED,ERROR,0,0,1,SaveCustomAnswers Bronze ForEach failed,2026-08-24T14:08:21.733Z,2026-08-24T15:03:37.584Z,3316,2026-08-24T15:03:37.584Z,VBRP,BrooklynPark,6c7532c9-dcb1-40a3-beaa-690039713dec,SAMMS-BrooklynParkV6
202608241448406571,202608241408172496,202608241408171802,88,5355,P1 Reference Custom Answers Bronze - VMIN,br_samms_custom_answers,TASK_COMPLETE,FAILED,ERROR,0,0,1,SaveCustomAnswers Bronze ForEach failed,2026-08-24T14:08:21.733Z,2026-08-24T15:03:37.584Z,3316,2026-08-24T15:03:37.584Z,VMIN,Minneapolis,6c7532c9-dcb1-40a3-beaa-690039713dec,SAMMS-MinneapolisV6
202608241448406573,202608241408172497,202608241408171802,88,5356,P1 Reference Custom Answers Bronze - VWBY,br_samms_custom_answers,TASK_COMPLETE,FAILED,ERROR,0,0,1,SaveCustomAnswers Bronze ForEach failed,2026-08-24T14:08:21.733Z,2026-08-24T15:03:37.584Z,3316,2026-08-24T15:03:37.584Z,VWBY,Woodbury,6c7532c9-dcb1-40a3-beaa-690039713dec,SAMMS-WoodburyV6
202608241448406575,202608241408172498,202608241408171802,88,5357,P1 Reference Custom Answers Bronze - WIL,br_samms_custom_answers,TASK_COMPLETE,FAILED,ERROR,0,0,1,SaveCustomAnswers Bronze ForEach failed,2026-08-24T14:08:21.733Z,2026-08-24T15:03:37.584Z,3316,2026-08-24T15:03:37.584Z,WIL,Wilson,6c7532c9-dcb1-40a3-beaa-690039713dec,SAMMS-Wilson
202608241448406677,202608241408271808,202608241408271802,89,5358,P1 Reference Custom Answers Silver,tbl_CustomAnswers,TASK_COMPLETE,SKIPPED,WARN,0,0,0,Skipped: SaveCustomAnswers failed at BR,2026-08-24T14:08:21.733Z,2026-08-24T15:03:37.584Z,3316,2026-08-24T15:03:37.584Z,,,6c7532c9-dcb1-40a3-beaa-690039713dec,
202608241448406584,202608241408172499,202608241408171802,88,5361,P1 Reference Custom Questions Bronze - AHK,br_samms_custom_questions,TASK_COMPLETE,FAILED,ERROR,0,0,1,SaveCustomQuestions Bronze ForEach failed,2026-08-24T14:08:21.733Z,2026-08-24T15:03:37.584Z,3316,2026-08-24T15:03:37.584Z,AHK,Ahoskie,6c7532c9-dcb1-40a3-beaa-690039713dec,SAMMS-Ahoskie
202608241448406585,202608241408172500,202608241408171802,88,5362,P1 Reference Custom Questions Bronze - B12B,br_samms_custom_questions,TASK_COMPLETE,FAILED,ERROR,0,0,1,SaveCustomQuestions Bronze ForEach failed,2026-08-24T14:08:21.733Z,2026-08-24T15:03:37.584Z,3316,2026-08-24T15:03:37.584Z,B12B,ColoradoSprings,6c7532c9-dcb1-40a3-beaa-690039713dec,SAMMS-ColoradoSpringsV5
202608241448406587,202608241408172501,202608241408171802,88,5363,P1 Reference Custom Questions Bronze - B24,br_samms_custom_questions,TASK_COMPLETE,FAILED,ERROR,0,0,1,SaveCustomQuestions Bronze ForEach failed,2026-08-24T14:08:21.733Z,2026-08-24T15:03:37.584Z,3316,2026-08-24T15:03:37.584Z,B24,Paintsville,6c7532c9-dcb1-40a3-beaa-690039713dec,SAMMS-PaintsvilleV5
202608241448406588,202608241408172502,202608241408171802,88,5364,P1 Reference Custom Questions Bronze - B25,br_samms_custom_questions,TASK_COMPLETE,FAILED,ERROR,0,0,1,SaveCustomQuestions Bronze ForEach failed,2026-08-24T14:08:21.733Z,2026-08-24T15:03:37.584Z,3316,2026-08-24T15:03:37.584Z,B25,Pikeville,6c7532c9-dcb1-40a3-beaa-690039713dec,SAMMS-PikevilleV5
202608241448406589,202608241408172503,202608241408171802,88,5365,P1 Reference Custom Questions Bronze - B26,br_samms_custom_questions,TASK_COMPLETE,FAILED,ERROR,0,0,1,SaveCustomQuestions Bronze ForEach failed,2026-08-24T14:08:21.733Z,2026-08-24T15:03:37.584Z,3316,2026-08-24T15:03:37.584Z,B26,Hazard,6c7532c9-dcb1-40a3-beaa-690039713dec,SAMMS-HazardV5
202608241448406590,202608241408172504,202608241408171802,88,5366,P1 Reference Custom Questions Bronze - B27,br_samms_custom_questions,TASK_COMPLETE,FAILED,ERROR,0,0,1,SaveCustomQuestions Bronze ForEach failed,2026-08-24T14:08:21.733Z,2026-08-24T15:03:37.584Z,3316,2026-08-24T15:03:37.584Z,B27,Savannah,6c7532c9-dcb1-40a3-beaa-690039713dec,SAMMS-SavannahV6
202608241448406591,202608241408172505,202608241408171802,88,5367,P1 Reference Custom Questions Bronze - B28,br_samms_custom_questions,TASK_COMPLETE,FAILED,ERROR,0,0,1,SaveCustomQuestions Bronze ForEach failed,2026-08-24T14:08:21.733Z,2026-08-24T15:03:37.584Z,3316,2026-08-24T15:03:37.584Z,B28,WestPlaines,6c7532c9-dcb1-40a3-beaa-690039713dec,SAMMS-WestPlainesV5
202608241448406593,202608241408172506,202608241408171802,88,5368,P1 Reference Custom Questions Bronze - B29,br_samms_custom_questions,TASK_COMPLETE,FAILED,ERROR,0,0,1,SaveCustomQuestions Bronze ForEach failed,2026-08-24T14:08:21.733Z,2026-08-24T15:03:37.584Z,3316,2026-08-24T15:03:37.584Z,B29,PoplarBluff,6c7532c9-dcb1-40a3-beaa-690039713dec,SAMMS-PoplarBluffV5
202608241333251005,202608241253387140,202608241253386616,88,5184,P1 Reference Dropdown List Items Bronze - ELC,br_samms_dropdown_list_items,TASK_COMPLETE,FAILED,ERROR,0,0,1,SavedropDownListItems Bronze ForEach failed,2026-08-24T12:53:42.369Z,2026-08-24T13:42:52.652Z,2950,2026-08-24T13:42:52.652Z,ELC,ElizabethCity,8f1806c1-b1f2-4ac5-b25b-086fec51b8fb,SAMMS-ElizabethCity
202608241333251007,202608241253387141,202608241253386616,88,5185,P1 Reference Dropdown List Items Bronze - ET,br_samms_dropdown_list_items,TASK_COMPLETE,FAILED,ERROR,0,0,1,SavedropDownListItems Bronze ForEach failed,2026-08-24T12:53:42.369Z,2026-08-24T13:42:52.652Z,2950,2026-08-24T13:42:52.652Z,ET,Elizabethtown,8f1806c1-b1f2-4ac5-b25b-086fec51b8fb,SAMMS-Elizabethtown
202608241333251009,202608241253387142,202608241253386616,88,5186,P1 Reference Dropdown List Items Bronze - FAY,br_samms_dropdown_list_items,TASK_COMPLETE,FAILED,ERROR,0,0,1,SavedropDownListItems Bronze ForEach failed,2026-08-24T12:53:42.369Z,2026-08-24T13:42:52.652Z,2950,2026-08-24T13:42:52.652Z,FAY,Fayetteville,8f1806c1-b1f2-4ac5-b25b-086fec51b8fb,SAMMS-Fayetteville
202608241333251011,202608241253387143,202608241253386616,88,5187,P1 Reference Dropdown List Items Bronze - FR,br_samms_dropdown_list_items,TASK_COMPLETE,FAILED,ERROR,0,0,1,SavedropDownListItems Bronze ForEach failed,2026-08-24T12:53:42.369Z,2026-08-24T13:42:52.652Z,2950,2026-08-24T13:42:52.652Z,FR,Frankfort,8f1806c1-b1f2-4ac5-b25b-086fec51b8fb,SAMMS-Frankfort
202608241333251013,202608241253387144,202608241253386616,88,5188,P1 Reference Dropdown List Items Bronze - FS,br_samms_dropdown_list_items,TASK_COMPLETE,FAILED,ERROR,0,0,1,SavedropDownListItems Bronze ForEach failed,2026-08-24T12:53:42.369Z,2026-08-24T13:42:52.652Z,2950,2026-08-24T13:42:52.652Z,FS,FortSmith,8f1806c1-b1f2-4ac5-b25b-086fec51b8fb,SAMMS-FortSmith
202608241333251014,202608241253387145,202608241253386616,88,5189,P1 Reference Dropdown List Items Bronze - FW,br_samms_dropdown_list_items,TASK_COMPLETE,FAILED,ERROR,0,0,1,SavedropDownListItems Bronze ForEach failed,2026-08-24T12:53:42.369Z,2026-08-24T13:42:52.652Z,2950,2026-08-24T13:42:52.652Z,FW,FortWayne,8f1806c1-b1f2-4ac5-b25b-086fec51b8fb,SAMMS-FortWayne
202608241333251016,202608241253387146,202608241253386616,88,5190,P1 Reference Dropdown List Items Bronze - GAL,br_samms_dropdown_list_items,TASK_COMPLETE,FAILED,ERROR,0,0,1,SavedropDownListItems Bronze ForEach failed,2026-08-24T12:53:42.369Z,2026-08-24T13:42:52.652Z,2950,2026-08-24T13:42:52.652Z,GAL,Gaylord,8f1806c1-b1f2-4ac5-b25b-086fec51b8fb,SAMMS-Gaylord
202608241333251018,202608241253387147,202608241253386616,88,5191,P1 Reference Dropdown List Items Bronze - HGT,br_samms_dropdown_list_items,TASK_COMPLETE,FAILED,ERROR,0,0,1,SavedropDownListItems Bronze ForEach failed,2026-08-24T12:53:42.369Z,2026-08-24T13:42:52.652Z,2950,2026-08-24T13:42:52.652Z,HGT,Hagerstown,8f1806c1-b1f2-4ac5-b25b-086fec51b8fb,SAMMS-Hagerstown
202608241333251020,202608241253387148,202608241253386616,88,5192,P1 Reference Dropdown List Items Bronze - HNT,br_samms_dropdown_list_items,TASK_COMPLETE,FAILED,ERROR,0,0,1,SavedropDownListItems Bronze ForEach failed,2026-08-24T12:53:42.369Z,2026-08-24T13:42:52.652Z,2950,2026-08-24T13:42:52.652Z,HNT,Huntsville,8f1806c1-b1f2-4ac5-b25b-086fec51b8fb,SAMMS-Huntsville
202608241333251022,202608241253387149,202608241253386616,88,5193,P1 Reference Dropdown List Items Bronze - HS,br_samms_dropdown_list_items,TASK_COMPLETE,FAILED,ERROR,0,0,1,SavedropDownListItems Bronze ForEach failed,2026-08-24T12:53:42.369Z,2026-08-24T13:42:52.652Z,2950,2026-08-24T13:42:52.652Z,HS,HotSprings,8f1806c1-b1f2-4ac5-b25b-086fec51b8fb,SAMMS-HotSprings
202608241333251024,202608241253387150,202608241253386616,88,5194,P1 Reference Dropdown List Items Bronze - JON,br_samms_dropdown_list_items,TASK_COMPLETE,FAILED,ERROR,0,0,1,SavedropDownListItems Bronze ForEach failed,2026-08-24T12:53:42.369Z,2026-08-24T13:42:52.652Z,2950,2026-08-24T13:42:52.652Z,JON,Jonesboro,8f1806c1-b1f2-4ac5-b25b-086fec51b8fb,SAMMS-Jonesboro
202608241333251026,202608241253387151,202608241253386616,88,8605,P1 Reference Dropdown List Items Bronze - LAB,br_samms_dropdown_list_items,TASK_COMPLETE,FAILED,ERROR,0,0,1,SavedropDownListItems Bronze ForEach failed,2026-08-24T12:53:42.369Z,2026-08-24T13:42:52.652Z,2950,2026-08-24T13:42:52.652Z,LAB,Lab,8f1806c1-b1f2-4ac5-b25b-086fec51b8fb,SAMMS-LabV5-V2
202608241333251027,202608241253387152,202608241253386616,88,5195,P1 Reference Dropdown List Items Bronze - LAN,br_samms_dropdown_list_items,TASK_COMPLETE,FAILED,ERROR,0,0,1,SavedropDownListItems Bronze ForEach failed,2026-08-24T12:53:42.369Z,2026-08-24T13:42:52.652Z,2950,2026-08-24T13:42:52.652Z,LAN,Lansing,8f1806c1-b1f2-4ac5-b25b-086fec51b8fb,SAMMS-Lansing
202608241333251029,202608241253387153,202608241253386616,88,5196,P1 Reference Dropdown List Items Bronze - LO,br_samms_dropdown_list_items,TASK_COMPLETE,FAILED,ERROR,0,0,1,SavedropDownListItems Bronze ForEach failed,2026-08-24T12:53:42.369Z,2026-08-24T13:42:52.652Z,2950,2026-08-24T13:42:52.652Z,LO,Louisville,8f1806c1-b1f2-4ac5-b25b-086fec51b8fb,SAMMS-Louisville
202608201425196808,202608201258109449,202608201258108173,46,10003,P1 Finance Diag10 Bronze - B26,br_samms_tbldiag10,TASK_COMPLETE,SUCCESS,INFO,2400,2400,0,,2026-08-20T12:58:15.698Z,2026-08-20T14:28:34.201Z,5419,2026-08-20T14:28:34.201Z,B26,Hazard,5f0dd8ad-486e-4238-8933-2b89499a6e18,SAMMS-HazardV5
202608201425196810,202608201258109450,202608201258108173,46,10004,P1 Finance Diag10 Bronze - B27,br_samms_tbldiag10,TASK_COMPLETE,SUCCESS,INFO,463,463,0,,2026-08-20T12:58:15.698Z,2026-08-20T14:28:34.201Z,5419,2026-08-20T14:28:34.201Z,B27,Savannah,5f0dd8ad-486e-4238-8933-2b89499a6e18,SAMMS-SavannahV6
202608201425196811,202608201258109451,202608201258108173,46,10005,P1 Finance Diag10 Bronze - B28,br_samms_tbldiag10,TASK_COMPLETE,SUCCESS,INFO,643,643,0,,2026-08-20T12:58:15.698Z,2026-08-20T14:28:34.201Z,5419,2026-08-20T14:28:34.201Z,B28,WestPlaines,5f0dd8ad-486e-4238-8933-2b89499a6e18,SAMMS-WestPlainesV5
202608201425196812,202608201258109452,202608201258108173,46,10006,P1 Finance Diag10 Bronze - B29,br_samms_tbldiag10,TASK_COMPLETE,SUCCESS,INFO,664,664,0,,2026-08-20T12:58:15.698Z,2026-08-20T14:28:34.201Z,5419,2026-08-20T14:28:34.201Z,B29,PoplarBluff,5f0dd8ad-486e-4238-8933-2b89499a6e18,SAMMS-PoplarBluffV5
202608201425196813,202608201258109453,202608201258108173,46,10007,P1 Finance Diag10 Bronze - B30,br_samms_tbldiag10,TASK_COMPLETE,SUCCESS,INFO,337,337,0,,2026-08-20T12:58:15.698Z,2026-08-20T14:28:34.201Z,5419,2026-08-20T14:28:34.201Z,B30,KCN,5f0dd8ad-486e-4238-8933-2b89499a6e18,SAMMS-KCNv5
202608201425196814,202608201258109454,202608201258108173,46,10008,P1 Finance Diag10 Bronze - B31,br_samms_tbldiag10,TASK_COMPLETE,SUCCESS,INFO,1199,1199,0,,2026-08-20T12:58:15.698Z,2026-08-20T14:28:34.201Z,5419,2026-08-20T14:28:34.201Z,B31,Dyersburg,5f0dd8ad-486e-4238-8933-2b89499a6e18,SAMMS-DyersburgV5
202608201425196816,202608201258109455,202608201258108173,46,10009,P1 Finance Diag10 Bronze - B33,br_samms_tbldiag10,TASK_COMPLETE,SUCCESS,INFO,1048,1048,0,,2026-08-20T12:58:15.698Z,2026-08-20T14:28:34.201Z,5419,2026-08-20T14:28:34.201Z,B33,Paducah,5f0dd8ad-486e-4238-8933-2b89499a6e18,SAMMS-Paducah
202608201425196817,202608201258109456,202608201258108173,46,10010,P1 Finance Diag10 Bronze - B34,br_samms_tbldiag10,TASK_COMPLETE,SUCCESS,INFO,1551,1551,0,,2026-08-20T12:58:15.698Z,2026-08-20T14:28:34.201Z,5419,2026-08-20T14:28:34.201Z,B34,Corbin,5f0dd8ad-486e-4238-8933-2b89499a6e18,SAMMS-CorbinV5
202608201425196818,202608201258109457,202608201258108173,46,10011,P1 Finance Diag10 Bronze - B35,br_samms_tbldiag10,TASK_COMPLETE,SUCCESS,INFO,3688,3688,0,,2026-08-20T12:58:15.698Z,2026-08-20T14:28:34.201Z,5419,2026-08-20T14:28:34.201Z,B35,Lexington,5f0dd8ad-486e-4238-8933-2b89499a6e18,SAMMS-LexingtonV5
202608201425196820,202608201258109458,202608201258108173,46,10012,P1 Finance Diag10 Bronze - B35A,br_samms_tbldiag10,TASK_COMPLETE,SUCCESS,INFO,1245,1245,0,,2026-08-20T12:58:15.698Z,2026-08-20T14:28:34.201Z,5419,2026-08-20T14:28:34.201Z,B35A,Berea,5f0dd8ad-486e-4238-8933-2b89499a6e18,SAMMS-BereaV5
202608201425196821,202608201258109459,202608201258108173,46,10013,P1 Finance Diag10 Bronze - B36,br_samms_tbldiag10,TASK_COMPLETE,SUCCESS,INFO,1777,1777,0,,2026-08-20T12:58:15.698Z,2026-08-20T14:28:34.201Z,5419,2026-08-20T14:28:34.201Z,B36,Asheville,5f0dd8ad-486e-4238-8933-2b89499a6e18,SAMMS-AshevilleV5
202608201425196822,202608201258109460,202608201258108173,46,10014,P1 Finance Diag10 Bronze - B37,br_samms_tbldiag10,TASK_COMPLETE,SUCCESS,INFO,1023,1023,0,,2026-08-20T12:58:15.698Z,2026-08-20T14:28:34.201Z,5419,2026-08-20T14:28:34.201Z,B37,Clyde,5f0dd8ad-486e-4238-8933-2b89499a6e18,SAMMS-ClydeV5
202608201425196823,202608201258109461,202608201258108173,46,10015,P1 Finance Diag10 Bronze - B38,br_samms_tbldiag10,TASK_COMPLETE,SUCCESS,INFO,1334,1334,0,,2026-08-20T12:58:15.698Z,2026-08-20T14:28:34.201Z,5419,2026-08-20T14:28:34.201Z,B38,Spartanburg,5f0dd8ad-486e-4238-8933-2b89499a6e18,SAMMS-SpartanburgV5
202608201425196825,202608201258109462,202608201258108173,46,10016,P1 Finance Diag10 Bronze - B39,br_samms_tbldiag10,TASK_COMPLETE,SUCCESS,INFO,1277,1277,0,,2026-08-20T12:58:15.698Z,2026-08-20T14:28:34.201Z,5419,2026-08-20T14:28:34.201Z,B39,Aiken,5f0dd8ad-486e-4238-8933-2b89499a6e18,SAMMS-AikenV5
202608201425196826,202608201258109463,202608201258108173,46,10017,P1 Finance Diag10 Bronze - B41,br_samms_tbldiag10,TASK_COMPLETE,SUCCESS,INFO,1460,1460,0,,2026-08-20T12:58:15.698Z,2026-08-20T14:28:34.201Z,5419,2026-08-20T14:28:34.201Z,B41,Chesapeake,5f0dd8ad-486e-4238-8933-2b89499a6e18,SAMMS-ChesapeakeV5
202608201425196828,202608201258109464,202608201258108173,46,10018,P1 Finance Diag10 Bronze - B42,br_samms_tbldiag10,TASK_COMPLETE,SUCCESS,INFO,2583,2583,0,,2026-08-20T12:58:15.698Z,2026-08-20T14:28:34.201Z,5419,2026-08-20T14:28:34.201Z,B42,VirginiaBeach,5f0dd8ad-486e-4238-8933-2b89499a6e18,SAMMS-VirginiaBeachV5
202608201425196829,202608201258109465,202608201258108173,46,10019,P1 Finance Diag10 Bronze - B42A,br_samms_tbldiag10,TASK_COMPLETE,SUCCESS,INFO,1146,1146,0,,2026-08-20T12:58:15.698Z,2026-08-20T14:28:34.201Z,5419,2026-08-20T14:28:34.201Z,B42A,NewportNews,5f0dd8ad-486e-4238-8933-2b89499a6e18,SAMMS-NewportNewsV5
202608201425196830,202608201258109466,202608201258108173,46,10020,P1 Finance Diag10 Bronze - B42B,br_samms_tbldiag10,TASK_COMPLETE,SUCCESS,INFO,289,289,0,,2026-08-20T12:58:15.698Z,2026-08-20T14:28:34.201Z,5419,2026-08-20T14:28:34.201Z,B42B,Franklin,5f0dd8ad-486e-4238-8933-2b89499a6e18,SAMMS-FranklinV5
202608201425196832,202608201258109467,202608201258108173,46,10021,P1 Finance Diag10 Bronze - B42C,br_samms_tbldiag10,TASK_COMPLETE,SUCCESS,INFO,1568,1568,0,,2026-08-20T12:58:15.698Z,2026-08-20T14:28:34.201Z,5419,2026-08-20T14:28:34.201Z,B42C,GlenAllen,5f0dd8ad-486e-4238-8933-2b89499a6e18,SAMMS-GlenAllenV5
202608201425196833,202608201258109468,202608201258108173,46,10022,P1 Finance Diag10 Bronze - B42D,br_samms_tbldiag10,TASK_COMPLETE,SUCCESS,INFO,993,993,0,,2026-08-20T12:58:15.698Z,2026-08-20T14:28:34.201Z,5419,2026-08-20T14:28:34.201Z,B42D,ChesapeakeSouth,5f0dd8ad-486e-4238-8933-2b89499a6e18,SAMMS-ChesapeakeSouthV5
202608201425196834,202608201258109469,202608201258108173,46,10023,P1 Finance Diag10 Bronze - B44,br_samms_tbldiag10,TASK_COMPLETE,SUCCESS,INFO,366,366,0,,2026-08-20T12:58:15.698Z,2026-08-20T14:28:34.201Z,5419,2026-08-20T14:28:34.201Z,B44,Albany,5f0dd8ad-486e-4238-8933-2b89499a6e18,SAMMS-AlbanyV5
202608201425196836,202608201258109470,202608201258108173,46,10024,P1 Finance Diag10 Bronze - B45,br_samms_tbldiag10,TASK_COMPLETE,SUCCESS,INFO,631,631,0,,2026-08-20T12:58:15.698Z,2026-08-20T14:28:34.201Z,5419,2026-08-20T14:28:34.201Z,B45,Tifton,5f0dd8ad-486e-4238-8933-2b89499a6e18,SAMMS-TiftonV5
202608241448406858,202608241408172326,202608241408171802,88,5184,P1 Reference Dropdown List Items Bronze - ELC,br_samms_dropdown_list_items,TASK_COMPLETE,FAILED,ERROR,0,0,1,SavedropDownListItems Bronze ForEach failed,2026-08-24T14:08:21.733Z,2026-08-24T15:03:37.584Z,3316,2026-08-24T15:03:37.584Z,ELC,ElizabethCity,6c7532c9-dcb1-40a3-beaa-690039713dec,SAMMS-ElizabethCity
202608241448406859,202608241408172327,202608241408171802,88,5185,P1 Reference Dropdown List Items Bronze - ET,br_samms_dropdown_list_items,TASK_COMPLETE,FAILED,ERROR,0,0,1,SavedropDownListItems Bronze ForEach failed,2026-08-24T14:08:21.733Z,2026-08-24T15:03:37.584Z,3316,2026-08-24T15:03:37.584Z,ET,Elizabethtown,6c7532c9-dcb1-40a3-beaa-690039713dec,SAMMS-Elizabethtown
202608241448406861,202608241408172328,202608241408171802,88,5186,P1 Reference Dropdown List Items Bronze - FAY,br_samms_dropdown_list_items,TASK_COMPLETE,FAILED,ERROR,0,0,1,SavedropDownListItems Bronze ForEach failed,2026-08-24T14:08:21.733Z,2026-08-24T15:03:37.584Z,3316,2026-08-24T15:03:37.584Z,FAY,Fayetteville,6c7532c9-dcb1-40a3-beaa-690039713dec,SAMMS-Fayetteville
202608241448406863,202608241408172329,202608241408171802,88,5187,P1 Reference Dropdown List Items Bronze - FR,br_samms_dropdown_list_items,TASK_COMPLETE,FAILED,ERROR,0,0,1,SavedropDownListItems Bronze ForEach failed,2026-08-24T14:08:21.733Z,2026-08-24T15:03:37.584Z,3316,2026-08-24T15:03:37.584Z,FR,Frankfort,6c7532c9-dcb1-40a3-beaa-690039713dec,SAMMS-Frankfort
202608241448406864,202608241408172330,202608241408171802,88,5188,P1 Reference Dropdown List Items Bronze - FS,br_samms_dropdown_list_items,TASK_COMPLETE,FAILED,ERROR,0,0,1,SavedropDownListItems Bronze ForEach failed,2026-08-24T14:08:21.733Z,2026-08-24T15:03:37.584Z,3316,2026-08-24T15:03:37.584Z,FS,FortSmith,6c7532c9-dcb1-40a3-beaa-690039713dec,SAMMS-FortSmith
202608241448406866,202608241408172331,202608241408171802,88,5189,P1 Reference Dropdown List Items Bronze - FW,br_samms_dropdown_list_items,TASK_COMPLETE,FAILED,ERROR,0,0,1,SavedropDownListItems Bronze ForEach failed,2026-08-24T14:08:21.733Z,2026-08-24T15:03:37.584Z,3316,2026-08-24T15:03:37.584Z,FW,FortWayne,6c7532c9-dcb1-40a3-beaa-690039713dec,SAMMS-FortWayne
202608241448406867,202608241408172332,202608241408171802,88,5190,P1 Reference Dropdown List Items Bronze - GAL,br_samms_dropdown_list_items,TASK_COMPLETE,FAILED,ERROR,0,0,1,SavedropDownListItems Bronze ForEach failed,2026-08-24T14:08:21.733Z,2026-08-24T15:03:37.584Z,3316,2026-08-24T15:03:37.584Z,GAL,Gaylord,6c7532c9-dcb1-40a3-beaa-690039713dec,SAMMS-Gaylord
202608241448406869,202608241408172333,202608241408171802,88,5191,P1 Reference Dropdown List Items Bronze - HGT,br_samms_dropdown_list_items,TASK_COMPLETE,FAILED,ERROR,0,0,1,SavedropDownListItems Bronze ForEach failed,2026-08-24T14:08:21.733Z,2026-08-24T15:03:37.584Z,3316,2026-08-24T15:03:37.584Z,HGT,Hagerstown,6c7532c9-dcb1-40a3-beaa-690039713dec,SAMMS-Hagerstown
202608241448406871,202608241408172334,202608241408171802,88,5192,P1 Reference Dropdown List Items Bronze - HNT,br_samms_dropdown_list_items,TASK_COMPLETE,FAILED,ERROR,0,0,1,SavedropDownListItems Bronze ForEach failed,2026-08-24T14:08:21.733Z,2026-08-24T15:03:37.584Z,3316,2026-08-24T15:03:37.584Z,HNT,Huntsville,6c7532c9-dcb1-40a3-beaa-690039713dec,SAMMS-Huntsville
202608241448406872,202608241408172335,202608241408171802,88,5193,P1 Reference Dropdown List Items Bronze - HS,br_samms_dropdown_list_items,TASK_COMPLETE,FAILED,ERROR,0,0,1,SavedropDownListItems Bronze ForEach failed,2026-08-24T14:08:21.733Z,2026-08-24T15:03:37.584Z,3316,2026-08-24T15:03:37.584Z,HS,HotSprings,6c7532c9-dcb1-40a3-beaa-690039713dec,SAMMS-HotSprings
202608241448406874,202608241408172336,202608241408171802,88,5194,P1 Reference Dropdown List Items Bronze - JON,br_samms_dropdown_list_items,TASK_COMPLETE,FAILED,ERROR,0,0,1,SavedropDownListItems Bronze ForEach failed,2026-08-24T14:08:21.733Z,2026-08-24T15:03:37.584Z,3316,2026-08-24T15:03:37.584Z,JON,Jonesboro,6c7532c9-dcb1-40a3-beaa-690039713dec,SAMMS-Jonesboro
202608241448406876,202608241408172337,202608241408171802,88,8605,P1 Reference Dropdown List Items Bronze - LAB,br_samms_dropdown_list_items,TASK_COMPLETE,FAILED,ERROR,0,0,1,SavedropDownListItems Bronze ForEach failed,2026-08-24T14:08:21.733Z,2026-08-24T15:03:37.584Z,3316,2026-08-24T15:03:37.584Z,LAB,Lab,6c7532c9-dcb1-40a3-beaa-690039713dec,SAMMS-LabV5-V2
202608241448406878,202608241408172338,202608241408171802,88,5195,P1 Reference Dropdown List Items Bronze - LAN,br_samms_dropdown_list_items,TASK_COMPLETE,FAILED,ERROR,0,0,1,SavedropDownListItems Bronze ForEach failed,2026-08-24T14:08:21.733Z,2026-08-24T15:03:37.584Z,3316,2026-08-24T15:03:37.584Z,LAN,Lansing,6c7532c9-dcb1-40a3-beaa-690039713dec,SAMMS-Lansing
202608241448406879,202608241408172339,202608241408171802,88,5196,P1 Reference Dropdown List Items Bronze - LO,br_samms_dropdown_list_items,TASK_COMPLETE,FAILED,ERROR,0,0,1,SavedropDownListItems Bronze ForEach failed,2026-08-24T14:08:21.733Z,2026-08-24T15:03:37.584Z,3316,2026-08-24T15:03:37.584Z,LO,Louisville,6c7532c9-dcb1-40a3-beaa-690039713dec,SAMMS-Louisville
202608121747547395,202608121747547394,20260812170829,117,8627,Gold Patient Services,PatientServicesNoShow,TASK_FAILED,FAILED,ERROR,56563539,0,56563539,"An error occurred while calling o8066.synapsesql. : com.microsoft.spark.fabric.tds.write.error.FabricSparkTDSWriteError: Schemas are not equal: Fields in dataframe but missing in Table: StructField(SiteCode,StringType,true), StructField(PatientId,StringType,true), StructField(FirstName,StringType,true), StructField(LastName,StringType,true), StructField(FinClass,StringType,true), StructField(PayorType,StringType,true), StructField(IntakeDate,DateType,true), StructField(EnrollDate,TimestampType,true), StructField(DischargeDate,TimestampType,true), StructField(ActiveOrder,StringType,true), StructField(LastDosedExcusedDt,TimestampType,true), StructField(NoShowDays,IntegerType,true), StructField(DateOfLastCounselingSession,TimestampType,true), StructField(DateOfLastCaseManagement,TimestampType,true), StructField(DateOfLastDrVisit,TimestampType,true), StructField(DateOfLastUds,TimestampType,true), StructField(MissedDoseInLast7Days,IntegerType,true), StructField(NoShowCallsInLast7Days,Intege",2026-08-12T17:47:54.739Z,2026-08-12T17:50:29.476Z,127,2026-08-12T17:50:29.476Z,,,671a3bdd-f523-4ead-8f5c-38e46b083399,
202608121830415449,202608121830415448,20260812170829,117,8627,Gold Patient Services,PatientServicesNoShow,TASK_FAILED,FAILED,ERROR,56563539,0,56563539,"An error occurred while calling o8098.synapsesql. : com.microsoft.spark.fabric.tds.write.error.FabricSparkTDSWriteError: Schemas are not equal: Fields in dataframe but missing in Table: StructField(SiteCode,StringType,true), StructField(PatientId,StringType,true), StructField(FirstName,StringType,true), StructField(LastName,StringType,true), StructField(FinClass,StringType,true), StructField(PayorType,StringType,true), StructField(IntakeDate,DateType,true), StructField(EnrollDate,TimestampType,true), StructField(DischargeDate,TimestampType,true), StructField(ActiveOrder,StringType,true), StructField(LastDosedExcusedDt,TimestampType,true), StructField(NoShowDays,IntegerType,true), StructField(DateOfLastCounselingSession,TimestampType,true), StructField(DateOfLastCaseManagement,TimestampType,true), StructField(DateOfLastDrVisit,TimestampType,true), StructField(DateOfLastUds,TimestampType,true), StructField(MissedDoseInLast7Days,IntegerType,true), StructField(NoShowCallsInLast7Days,Intege",2026-08-12T18:30:41.544Z,2026-08-12T18:33:55.903Z,167,2026-08-12T18:33:55.903Z,,,834aed09-160f-4574-8301-b233c796f637,
202608121026598169,202608121026598167,20260812090134,117,8627,Gold Patient Services,PatientServicesNoShow,TASK_FAILED,FAILED,ERROR,56563539,0,56563539,"An error occurred while calling o8068.synapsesql. : com.microsoft.spark.fabric.tds.write.error.FabricSparkTDSWriteError: Schemas are not equal: Fields in dataframe but missing in Table: StructField(SiteCode,StringType,true), StructField(PatientId,StringType,true), StructField(FirstName,StringType,true), StructField(LastName,StringType,true), StructField(FinClass,StringType,true), StructField(PayorType,StringType,true), StructField(IntakeDate,DateType,true), StructField(EnrollDate,TimestampType,true), StructField(DischargeDate,TimestampType,true), StructField(ActiveOrder,StringType,true), StructField(LastDosedExcusedDt,TimestampType,true), StructField(NoShowDays,IntegerType,true), StructField(DateOfLastCounselingSession,TimestampType,true), StructField(DateOfLastCaseManagement,TimestampType,true), StructField(DateOfLastDrVisit,TimestampType,true), StructField(DateOfLastUds,TimestampType,true), StructField(MissedDoseInLast7Days,IntegerType,true), StructField(NoShowCallsInLast7Days,Intege",2026-08-12T10:26:59.816Z,2026-08-12T10:29:25.536Z,119,2026-08-12T10:29:25.536Z,,,70e97e1a-3a6b-47da-8e16-7a0b9c2ac95a,
202608121102373531,202608121102373530,20260812110226,117,8627,Gold Patient Services,PatientServicesNoShow,TASK_FAILED,FAILED,ERROR,56563539,0,56563539,"An error occurred while calling o8061.synapsesql. : com.microsoft.spark.fabric.tds.write.error.FabricSparkTDSWriteError: Schemas are not equal: Fields in dataframe but missing in Table: StructField(SiteCode,StringType,true), StructField(PatientId,StringType,true), StructField(FirstName,StringType,true), StructField(LastName,StringType,true), StructField(FinClass,StringType,true), StructField(PayorType,StringType,true), StructField(IntakeDate,DateType,true), StructField(EnrollDate,TimestampType,true), StructField(DischargeDate,TimestampType,true), StructField(ActiveOrder,StringType,true), StructField(LastDosedExcusedDt,TimestampType,true), StructField(NoShowDays,IntegerType,true), StructField(DateOfLastCounselingSession,TimestampType,true), StructField(DateOfLastCaseManagement,TimestampType,true), StructField(DateOfLastDrVisit,TimestampType,true), StructField(DateOfLastUds,TimestampType,true), StructField(MissedDoseInLast7Days,IntegerType,true), StructField(NoShowCallsInLast7Days,Intege",2026-08-12T11:02:37.353Z,2026-08-12T11:05:04.606Z,119,2026-08-12T11:05:04.606Z,,,92859603-ed5a-4a4e-a6f3-c4cef250fd48,
202608121708372879,202608121708372877,20260812170829,117,8627,Gold Patient Services,PatientServicesNoShow,TASK_FAILED,FAILED,ERROR,56563539,0,56563539,"An error occurred while calling o8059.synapsesql. : com.microsoft.spark.fabric.tds.write.error.FabricSparkTDSWriteError: Schemas are not equal: Fields in dataframe but missing in Table: StructField(SiteCode,StringType,true), StructField(PatientId,StringType,true), StructField(FirstName,StringType,true), StructField(LastName,StringType,true), StructField(FinClass,StringType,true), StructField(PayorType,StringType,true), StructField(IntakeDate,DateType,true), StructField(EnrollDate,TimestampType,true), StructField(DischargeDate,TimestampType,true), StructField(ActiveOrder,StringType,true), StructField(LastDosedExcusedDt,TimestampType,true), StructField(NoShowDays,IntegerType,true), StructField(DateOfLastCounselingSession,TimestampType,true), StructField(DateOfLastCaseManagement,TimestampType,true), StructField(DateOfLastDrVisit,TimestampType,true), StructField(DateOfLastUds,TimestampType,true), StructField(MissedDoseInLast7Days,IntegerType,true), StructField(NoShowCallsInLast7Days,Intege",2026-08-12T17:08:37.287Z,2026-08-12T17:09:15.612Z,35,2026-08-12T17:09:15.612Z,,,23a4a328-005d-472d-8b87-bb30b33501a7,
202608232214224780,202608232010368616,202608232010368283,85,2783,Bronze INV,br_LiquidLog,TASK_COMPLETE,SUCCESS,INFO,10186,10186,0,,2026-08-23T20:10:41.468Z,2026-08-23T22:16:21.732Z,7540,2026-08-23T22:16:21.732Z,V19,Jackson,955211d4-28b8-44a0-8023-2bfaa48d6721,SAMMS-JacksonV5
202608232214224781,202608232010368617,202608232010368283,85,2785,Bronze INV,br_LiquidLog,TASK_COMPLETE,SUCCESS,INFO,9773,9773,0,,2026-08-23T20:10:41.468Z,2026-08-23T22:16:21.732Z,7540,2026-08-23T22:16:21.732Z,V20,Paris,955211d4-28b8-44a0-8023-2bfaa48d6721,SAMMS-ParisV5
202608232214224782,202608232010368618,202608232010368283,85,2786,Bronze INV,br_LiquidLog,TASK_COMPLETE,SUCCESS,INFO,8043,8043,0,,2026-08-23T20:10:41.468Z,2026-08-23T22:16:21.732Z,7540,2026-08-23T22:16:21.732Z,V21,Memphis North,955211d4-28b8-44a0-8023-2bfaa48d6721,SAMMS-RaleighV5
202608232214224783,202608232010368619,202608232010368283,85,2789,Bronze INV,br_LiquidLog,TASK_COMPLETE,SUCCESS,INFO,16699,16699,0,,2026-08-23T20:10:41.468Z,2026-08-23T22:16:21.732Z,7540,2026-08-23T22:16:21.732Z,V5,West Bank,955211d4-28b8-44a0-8023-2bfaa48d6721,SAMMS-NONTCv5
202608232214224785,202608232010368620,202608232010368283,85,2791,Bronze INV,br_LiquidLog,TASK_COMPLETE,SUCCESS,INFO,1962,1962,0,,2026-08-23T20:10:41.468Z,2026-08-23T22:16:21.732Z,7540,2026-08-23T22:16:21.732Z,V5B,Houma,955211d4-28b8-44a0-8023-2bfaa48d6721,SAMMS-HoumaV6
202608232214224786,202608232010368621,202608232010368283,85,2792,Bronze INV,br_LiquidLog,TASK_COMPLETE,SUCCESS,INFO,11521,11521,0,,2026-08-23T20:10:41.468Z,2026-08-23T22:16:21.732Z,7540,2026-08-23T22:16:21.732Z,V6,Lake Charles,955211d4-28b8-44a0-8023-2bfaa48d6721,SAMMS-LCv5
202608232214224787,202608232010368622,202608232010368283,85,2794,Bronze INV,br_LiquidLog,TASK_COMPLETE,SUCCESS,INFO,7345,7345,0,,2026-08-23T20:10:41.468Z,2026-08-23T22:16:21.732Z,7540,2026-08-23T22:16:21.732Z,V8,Memphis Midtown,955211d4-28b8-44a0-8023-2bfaa48d6721,SAMMS-VCPHCS-VIII-MemphisV5
202608232214224788,202608232010368623,202608232010368283,85,2795,Bronze INV,br_LiquidLog,TASK_COMPLETE,SUCCESS,INFO,17126,17126,0,,2026-08-23T20:10:41.468Z,2026-08-23T22:16:21.732Z,7540,2026-08-23T22:16:21.732Z,V9,Nashville,955211d4-28b8-44a0-8023-2bfaa48d6721,SAMMS-NashvilleV5
202608232214224789,202608232010368624,202608232010368283,85,2796,Bronze INV,br_LiquidLog,TASK_COMPLETE,SUCCESS,INFO,5404,5404,0,,2026-08-23T20:10:41.468Z,2026-08-23T22:16:21.732Z,7540,2026-08-23T22:16:21.732Z,VBRA,Brainerd,955211d4-28b8-44a0-8023-2bfaa48d6721,SAMMS-BrainerdV6
202608232214224790,202608232010368625,202608232010368283,85,2797,Bronze INV,br_LiquidLog,TASK_COMPLETE,SUCCESS,INFO,126597,126597,0,,2026-08-23T20:10:41.468Z,2026-08-23T22:16:21.732Z,7540,2026-08-23T22:16:21.732Z,VBRP,Brooklyn Park,955211d4-28b8-44a0-8023-2bfaa48d6721,SAMMS-BrooklynParkV6
202608232214224791,202608232010368626,202608232010368283,85,2799,Bronze INV,br_LiquidLog,TASK_COMPLETE,SUCCESS,INFO,6287,6287,0,,2026-08-23T20:10:41.468Z,2026-08-23T22:16:21.732Z,7540,2026-08-23T22:16:21.732Z,VMIN,Minneapolis,955211d4-28b8-44a0-8023-2bfaa48d6721,SAMMS-MinneapolisV6
202608232214224793,202608232010368627,202608232010368283,85,2800,Bronze INV,br_LiquidLog,TASK_COMPLETE,SUCCESS,INFO,144755,144755,0,,2026-08-23T20:10:41.468Z,2026-08-23T22:16:21.732Z,7540,2026-08-23T22:16:21.732Z,VWBY,Woodbury,955211d4-28b8-44a0-8023-2bfaa48d6721,SAMMS-WoodburyV6
202608232214224794,202608232010368628,202608232010368283,85,2802,Bronze INV,br_LiquidLog,TASK_COMPLETE,SUCCESS,INFO,5099,5099,0,,2026-08-23T20:10:41.468Z,2026-08-23T22:16:21.732Z,7540,2026-08-23T22:16:21.732Z,WIL,Wilson,955211d4-28b8-44a0-8023-2bfaa48d6721,SAMMS-Wilson
202608232214224895,202608232010468303,202608232010468283,86,8579,Silver INV,sl_LiquidLog,TASK_COMPLETE,SUCCESS,INFO,2327665,2327665,0,,2026-08-23T20:10:41.468Z,2026-08-23T22:16:21.732Z,7540,2026-08-23T22:16:21.732Z,,,955211d4-28b8-44a0-8023-2bfaa48d6721,
202608232214224825,202608232010368629,202608232010368283,85,2806,Bronze INV,br_OrientationChecklistNew,TASK_COMPLETE,SUCCESS,INFO,2,2,0,,2026-08-23T20:10:41.468Z,2026-08-23T22:16:21.732Z,7540,2026-08-23T22:16:21.732Z,AHK,Ahoskie,955211d4-28b8-44a0-8023-2bfaa48d6721,SAMMS-Ahoskie
202608232214224826,202608232010368630,202608232010368283,85,2807,Bronze INV,br_OrientationChecklistNew,TASK_COMPLETE,SUCCESS,INFO,5,5,0,,2026-08-23T20:10:41.468Z,2026-08-23T22:16:21.732Z,7540,2026-08-23T22:16:21.732Z,B12B,Colorado Springs,955211d4-28b8-44a0-8023-2bfaa48d6721,SAMMS-ColoradoSpringsV5
202608232214224827,202608232010368631,202608232010368283,85,2808,Bronze INV,br_OrientationChecklistNew,TASK_COMPLETE,SUCCESS,INFO,13,13,0,,2026-08-23T20:10:41.468Z,2026-08-23T22:16:21.732Z,7540,2026-08-23T22:16:21.732Z,B24,Paintsville,955211d4-28b8-44a0-8023-2bfaa48d6721,SAMMS-PaintsvilleV5
202608232214224828,202608232010368632,202608232010368283,85,2809,Bronze INV,br_OrientationChecklistNew,TASK_COMPLETE,SUCCESS,INFO,5,5,0,,2026-08-23T20:10:41.468Z,2026-08-23T22:16:21.732Z,7540,2026-08-23T22:16:21.732Z,B25,Pikeville,955211d4-28b8-44a0-8023-2bfaa48d6721,SAMMS-PikevilleV5
202608232214224829,202608232010368633,202608232010368283,85,2810,Bronze INV,br_OrientationChecklistNew,TASK_COMPLETE,SUCCESS,INFO,169,169,0,,2026-08-23T20:10:41.468Z,2026-08-23T22:16:21.732Z,7540,2026-08-23T22:16:21.732Z,B26,Hazard,955211d4-28b8-44a0-8023-2bfaa48d6721,SAMMS-HazardV5
202608232214224830,202608232010368634,202608232010368283,85,2811,Bronze INV,br_OrientationChecklistNew,TASK_COMPLETE,SUCCESS,INFO,0,0,0,,2026-08-23T20:10:41.468Z,2026-08-23T22:16:21.732Z,7540,2026-08-23T22:16:21.732Z,B27,Savannah,955211d4-28b8-44a0-8023-2bfaa48d6721,SAMMS-SavannahV6
202608232214224832,202608232010368635,202608232010368283,85,2812,Bronze INV,br_OrientationChecklistNew,TASK_COMPLETE,SUCCESS,INFO,11,11,0,,2026-08-23T20:10:41.468Z,2026-08-23T22:16:21.732Z,7540,2026-08-23T22:16:21.732Z,B28,West Plains,955211d4-28b8-44a0-8023-2bfaa48d6721,SAMMS-WestPlainesV5
202608232214224833,202608232010368636,202608232010368283,85,2813,Bronze INV,br_OrientationChecklistNew,TASK_COMPLETE,SUCCESS,INFO,6,6,0,,2026-08-23T20:10:41.468Z,2026-08-23T22:16:21.732Z,7540,2026-08-23T22:16:21.732Z,B29,Poplar Bluff,955211d4-28b8-44a0-8023-2bfaa48d6721,SAMMS-PoplarBluffV5
202608232214224834,202608232010368637,202608232010368283,85,2814,Bronze INV,br_OrientationChecklistNew,TASK_COMPLETE,SUCCESS,INFO,4,4,0,,2026-08-23T20:10:41.468Z,2026-08-23T22:16:21.732Z,7540,2026-08-23T22:16:21.732Z,B30,KC North,955211d4-28b8-44a0-8023-2bfaa48d6721,SAMMS-KCNv5
202608232214224835,202608232010368638,202608232010368283,85,2815,Bronze INV,br_OrientationChecklistNew,TASK_COMPLETE,SUCCESS,INFO,4,4,0,,2026-08-23T20:10:41.468Z,2026-08-23T22:16:21.732Z,7540,2026-08-23T22:16:21.732Z,B31,Dyersburg,955211d4-28b8-44a0-8023-2bfaa48d6721,SAMMS-DyersburgV5
202608232214224836,202608232010368639,202608232010368283,85,2817,Bronze INV,br_OrientationChecklistNew,TASK_COMPLETE,SUCCESS,INFO,2,2,0,,2026-08-23T20:10:41.468Z,2026-08-23T22:16:21.732Z,7540,2026-08-23T22:16:21.732Z,B33,Paducah,955211d4-28b8-44a0-8023-2bfaa48d6721,SAMMS-Paducah
202608232214224837,202608232010368640,202608232010368283,85,2818,Bronze INV,br_OrientationChecklistNew,TASK_COMPLETE,SUCCESS,INFO,91,91,0,,2026-08-23T20:10:41.468Z,2026-08-23T22:16:21.732Z,7540,2026-08-23T22:16:21.732Z,B34,Corbin,955211d4-28b8-44a0-8023-2bfaa48d6721,SAMMS-CorbinV5
202608232214224839,202608232010368641,202608232010368283,85,2819,Bronze INV,br_OrientationChecklistNew,TASK_COMPLETE,SUCCESS,INFO,226,226,0,,2026-08-23T20:10:41.468Z,2026-08-23T22:16:21.732Z,7540,2026-08-23T22:16:21.732Z,B35,Lexington,955211d4-28b8-44a0-8023-2bfaa48d6721,SAMMS-LexingtonV5
202608232214224840,202608232010368642,202608232010368283,85,2820,Bronze INV,br_OrientationChecklistNew,TASK_COMPLETE,SUCCESS,INFO,5,5,0,,2026-08-23T20:10:41.468Z,2026-08-23T22:16:21.732Z,7540,2026-08-23T22:16:21.732Z,B35A,Berea,955211d4-28b8-44a0-8023-2bfaa48d6721,SAMMS-BereaV5
202608232214224841,202608232010368643,202608232010368283,85,2821,Bronze INV,br_OrientationChecklistNew,TASK_COMPLETE,SUCCESS,INFO,10,10,0,,2026-08-23T20:10:41.468Z,2026-08-23T22:16:21.732Z,7540,2026-08-23T22:16:21.732Z,B36,Asheville,955211d4-28b8-44a0-8023-2bfaa48d6721,SAMMS-AshevilleV5
202608232214224842,202608232010368644,202608232010368283,85,2822,Bronze INV,br_OrientationChecklistNew,TASK_COMPLETE,SUCCESS,INFO,1,1,0,,2026-08-23T20:10:41.468Z,2026-08-23T22:16:21.732Z,7540,2026-08-23T22:16:21.732Z,B37,Clyde,955211d4-28b8-44a0-8023-2bfaa48d6721,SAMMS-ClydeV5
202608232214224843,202608232010368645,202608232010368283,85,2823,Bronze INV,br_OrientationChecklistNew,TASK_COMPLETE,SUCCESS,INFO,4,4,0,,2026-08-23T20:10:41.468Z,2026-08-23T22:16:21.732Z,7540,2026-08-23T22:16:21.732Z,B38,Spartanburg,955211d4-28b8-44a0-8023-2bfaa48d6721,SAMMS-SpartanburgV5
202608232214224844,202608232010368646,202608232010368283,85,2824,Bronze INV,br_OrientationChecklistNew,TASK_COMPLETE,SUCCESS,INFO,2,2,0,,2026-08-23T20:10:41.468Z,2026-08-23T22:16:21.732Z,7540,2026-08-23T22:16:21.732Z,B39,Aiken,955211d4-28b8-44a0-8023-2bfaa48d6721,SAMMS-AikenV5
202608232214224845,202608232010368647,202608232010368283,85,2825,Bronze INV,br_OrientationChecklistNew,TASK_COMPLETE,SUCCESS,INFO,6,6,0,,2026-08-23T20:10:41.468Z,2026-08-23T22:16:21.732Z,7540,2026-08-23T22:16:21.732Z,B41,Chesapeake,955211d4-28b8-44a0-8023-2bfaa48d6721,SAMMS-ChesapeakeV5
202608232214224847,202608232010368648,202608232010368283,85,2826,Bronze INV,br_OrientationChecklistNew,TASK_COMPLETE,SUCCESS,INFO,6,6,0,,2026-08-23T20:10:41.468Z,2026-08-23T22:16:21.732Z,7540,2026-08-23T22:16:21.732Z,B42,Virginia Beach,955211d4-28b8-44a0-8023-2bfaa48d6721,SAMMS-VirginiaBeachV5
202608232214224848,202608232010368649,202608232010368283,85,2827,Bronze INV,br_OrientationChecklistNew,TASK_COMPLETE,SUCCESS,INFO,7,7,0,,2026-08-23T20:10:41.468Z,2026-08-23T22:16:21.732Z,7540,2026-08-23T22:16:21.732Z,B42A,Newport News,955211d4-28b8-44a0-8023-2bfaa48d6721,SAMMS-NewportNewsV5
202608232214224849,202608232010368650,202608232010368283,85,2828,Bronze INV,br_OrientationChecklistNew,TASK_COMPLETE,SUCCESS,INFO,0,0,0,,2026-08-23T20:10:41.468Z,2026-08-23T22:16:21.732Z,7540,2026-08-23T22:16:21.732Z,B42B,Franklin,955211d4-28b8-44a0-8023-2bfaa48d6721,SAMMS-FranklinV5
202608232214224850,202608232010368651,202608232010368283,85,2829,Bronze INV,br_OrientationChecklistNew,TASK_COMPLETE,SUCCESS,INFO,6,6,0,,2026-08-23T20:10:41.468Z,2026-08-23T22:16:21.732Z,7540,2026-08-23T22:16:21.732Z,B42C,Glen Allen,955211d4-28b8-44a0-8023-2bfaa48d6721,SAMMS-GlenAllenV5
202608232214224851,202608232010368652,202608232010368283,85,2830,Bronze INV,br_OrientationChecklistNew,TASK_COMPLETE,SUCCESS,INFO,4,4,0,,2026-08-23T20:10:41.468Z,2026-08-23T22:16:21.732Z,7540,2026-08-23T22:16:21.732Z,B42D,Chesapeake South,955211d4-28b8-44a0-8023-2bfaa48d6721,SAMMS-ChesapeakeSouthV5
202608232214224852,202608232010368653,202608232010368283,85,2831,Bronze INV,br_OrientationChecklistNew,TASK_COMPLETE,SUCCESS,INFO,2,2,0,,2026-08-23T20:10:41.468Z,2026-08-23T22:16:21.732Z,7540,2026-08-23T22:16:21.732Z,B44,Albany,955211d4-28b8-44a0-8023-2bfaa48d6721,SAMMS-AlbanyV5
202608232214224854,202608232010368654,202608232010368283,85,2832,Bronze INV,br_OrientationChecklistNew,TASK_COMPLETE,SUCCESS,INFO,6,6,0,,2026-08-23T20:10:41.468Z,2026-08-23T22:16:21.732Z,7540,2026-08-23T22:16:21.732Z,B45,Tifton,955211d4-28b8-44a0-8023-2bfaa48d6721,SAMMS-TiftonV5
202608232214224855,202608232010368655,202608232010368283,85,2833,Bronze INV,br_OrientationChecklistNew,TASK_COMPLETE,SUCCESS,INFO,194,194,0,,2026-08-23T20:10:41.468Z,2026-08-23T22:16:21.732Z,7540,2026-08-23T22:16:21.732Z,B46,Washington DC,955211d4-28b8-44a0-8023-2bfaa48d6721,SAMMS-WashingtonDCv5
202608232214224856,202608232010368656,202608232010368283,85,2834,Bronze INV,br_OrientationChecklistNew,TASK_COMPLETE,SUCCESS,INFO,69,69,0,,2026-08-23T20:10:41.468Z,2026-08-23T22:16:21.732Z,7540,2026-08-23T22:16:21.732Z,B47,Mobile,955211d4-28b8-44a0-8023-2bfaa48d6721,SAMMS-MobileV5
202608232214224857,202608232010368657,202608232010368283,85,2835,Bronze INV,br_OrientationChecklistNew,TASK_COMPLETE,SUCCESS,INFO,7,7,0,,2026-08-23T20:10:41.468Z,2026-08-23T22:16:21.732Z,7540,2026-08-23T22:16:21.732Z,B48,Tuscaloosa,955211d4-28b8-44a0-8023-2bfaa48d6721,SAMMS-TuscaloosaV5
202608232214224858,202608232010368658,202608232010368283,85,2844,Bronze INV,br_OrientationChecklistNew,TASK_COMPLETE,SUCCESS,INFO,6,6,0,,2026-08-23T20:10:41.468Z,2026-08-23T22:16:21.732Z,7540,2026-08-23T22:16:21.732Z,B51,N. Little Rock (OTP),955211d4-28b8-44a0-8023-2bfaa48d6721,SAMMS-NorthLittleRockV6
202608232214224859,202608232010368659,202608232010368283,85,2845,Bronze INV,br_OrientationChecklistNew,TASK_COMPLETE,SUCCESS,INFO,1,1,0,,2026-08-23T20:10:41.468Z,2026-08-23T22:16:21.732Z,7540,2026-08-23T22:16:21.732Z,B52,Jackson GA,955211d4-28b8-44a0-8023-2bfaa48d6721,SAMMS-JacksonGAV5
202608232214224861,202608232010368660,202608232010368283,85,2846,Bronze INV,br_OrientationChecklistNew,TASK_COMPLETE,SUCCESS,INFO,8,8,0,,2026-08-23T20:10:41.468Z,2026-08-23T22:16:21.732Z,7540,2026-08-23T22:16:21.732Z,B54,Gadsden,955211d4-28b8-44a0-8023-2bfaa48d6721,SAMMS-GadsdenV5
202608232214224862,202608232010368661,202608232010368283,85,2847,Bronze INV,br_OrientationChecklistNew,TASK_COMPLETE,SUCCESS,INFO,6,6,0,,2026-08-23T20:10:41.468Z,2026-08-23T22:16:21.732Z,7540,2026-08-23T22:16:21.732Z,B55,Shoals,955211d4-28b8-44a0-8023-2bfaa48d6721,SAMMS-ShoalsV5
202608232214224863,202608232010368662,202608232010368283,85,2848,Bronze INV,br_OrientationChecklistNew,TASK_COMPLETE,SUCCESS,INFO,0,0,0,,2026-08-23T20:10:41.468Z,2026-08-23T22:16:21.732Z,7540,2026-08-23T22:16:21.732Z,B57,Pawtucket,955211d4-28b8-44a0-8023-2bfaa48d6721,SAMMS-Pawtucket
202608232214224864,202608232010368663,202608232010368283,85,2849,Bronze INV,br_OrientationChecklistNew,TASK_COMPLETE,SUCCESS,INFO,2,2,0,,2026-08-23T20:10:41.468Z,2026-08-23T22:16:21.732Z,7540,2026-08-23T22:16:21.732Z,B57A,Johnston,955211d4-28b8-44a0-8023-2bfaa48d6721,SAMMS-Johnston
202608232214224865,202608232010368664,202608232010368283,85,2850,Bronze INV,br_OrientationChecklistNew,TASK_COMPLETE,SUCCESS,INFO,1,1,0,,2026-08-23T20:10:41.468Z,2026-08-23T22:16:21.732Z,7540,2026-08-23T22:16:21.732Z,B57B,Middletown,955211d4-28b8-44a0-8023-2bfaa48d6721,SAMMS-Middletown
202608232214224866,202608232010368665,202608232010368283,85,2851,Bronze INV,br_OrientationChecklistNew,TASK_COMPLETE,SUCCESS,INFO,2,2,0,,2026-08-23T20:10:41.468Z,2026-08-23T22:16:21.732Z,7540,2026-08-23T22:16:21.732Z,B57C,Providence,955211d4-28b8-44a0-8023-2bfaa48d6721,SAMMS-Providence
202608232214224868,202608232010368666,202608232010368283,85,2852,Bronze INV,br_OrientationChecklistNew,TASK_COMPLETE,SUCCESS,INFO,1,1,0,,2026-08-23T20:10:41.468Z,2026-08-23T22:16:21.732Z,7540,2026-08-23T22:16:21.732Z,B57D,Westerly,955211d4-28b8-44a0-8023-2bfaa48d6721,SAMMS-Westerly
202608232214224869,202608232010368667,202608232010368283,85,2856,Bronze INV,br_OrientationChecklistNew,TASK_COMPLETE,SUCCESS,INFO,0,0,0,,2026-08-23T20:10:41.468Z,2026-08-23T22:16:21.732Z,7540,2026-08-23T22:16:21.732Z,B66A,Bremen,955211d4-28b8-44a0-8023-2bfaa48d6721,SAMMS-Bremen
202608232214224870,202608232010368668,202608232010368283,85,2859,Bronze INV,br_OrientationChecklistNew,TASK_COMPLETE,SUCCESS,INFO,0,0,0,,2026-08-23T20:10:41.468Z,2026-08-23T22:16:21.732Z,7540,2026-08-23T22:16:21.732Z,B72,Mobile (OBOT),955211d4-28b8-44a0-8023-2bfaa48d6721,SAMMS-Mobile-OBOT
202608232214224871,202608232010368669,202608232010368283,85,2860,Bronze INV,br_OrientationChecklistNew,TASK_COMPLETE,SUCCESS,INFO,0,0,0,,2026-08-23T20:10:41.468Z,2026-08-23T22:16:21.732Z,7540,2026-08-23T22:16:21.732Z,B73,Montgomery,955211d4-28b8-44a0-8023-2bfaa48d6721,SAMMS-Montgomery
202608232214224872,202608232010368670,202608232010368283,85,2861,Bronze INV,br_OrientationChecklistNew,TASK_COMPLETE,SUCCESS,INFO,7,7,0,,2026-08-23T20:10:41.468Z,2026-08-23T22:16:21.732Z,7540,2026-08-23T22:16:21.732Z,B75,Lawrence,955211d4-28b8-44a0-8023-2bfaa48d6721,SAMMS-LawrenceV6
202608232214224873,202608232010368671,202608232010368283,85,2862,Bronze INV,br_OrientationChecklistNew,TASK_COMPLETE,SUCCESS,INFO,0,0,0,,2026-08-23T20:10:41.468Z,2026-08-23T22:16:21.732Z,7540,2026-08-23T22:16:21.732Z,B76,Huntsville OBOT,955211d4-28b8-44a0-8023-2bfaa48d6721,SAMMS-Huntsville-OBOT
202608232214224874,202608232010368672,202608232010368283,85,2863,Bronze INV,br_OrientationChecklistNew,TASK_COMPLETE,SUCCESS,INFO,0,0,0,,2026-08-23T20:10:41.468Z,2026-08-23T22:16:21.732Z,7540,2026-08-23T22:16:21.732Z,BAT,Batesville,955211d4-28b8-44a0-8023-2bfaa48d6721,SAMMS-Batesville
202608232214224876,202608232010368673,202608232010368283,85,2864,Bronze INV,br_OrientationChecklistNew,TASK_COMPLETE,SUCCESS,INFO,5,5,0,,2026-08-23T20:10:41.468Z,2026-08-23T22:16:21.732Z,7540,2026-08-23T22:16:21.732Z,BG,Bowling Green,955211d4-28b8-44a0-8023-2bfaa48d6721,SAMMS-BowlingGreen
202608232214224877,202608232010368674,202608232010368283,85,2865,Bronze INV,br_OrientationChecklistNew,TASK_COMPLETE,SUCCESS,INFO,3,3,0,,2026-08-23T20:10:41.468Z,2026-08-23T22:16:21.732Z,7540,2026-08-23T22:16:21.732Z,BOI,Boise,955211d4-28b8-44a0-8023-2bfaa48d6721,SAMMS-Boise
202608232214224878,202608232010368675,202608232010368283,85,2872,Bronze INV,br_OrientationChecklistNew,TASK_COMPLETE,SUCCESS,INFO,6,6,0,,2026-08-23T20:10:41.468Z,2026-08-23T22:16:21.732Z,7540,2026-08-23T22:16:21.732Z,CBCO,Coeur dAlene,955211d4-28b8-44a0-8023-2bfaa48d6721,SAMMS-CoeurdAleneV6
202608232214224879,202608232010368676,202608232010368283,85,2891,Bronze INV,br_OrientationChecklistNew,TASK_COMPLETE,SUCCESS,INFO,0,0,0,,2026-08-23T20:10:41.468Z,2026-08-23T22:16:21.732Z,7540,2026-08-23T22:16:21.732Z,CON,Conway,955211d4-28b8-44a0-8023-2bfaa48d6721,SAMMS-Conway
202608232214224880,202608232010368677,202608232010368283,85,2892,Bronze INV,br_OrientationChecklistNew,TASK_COMPLETE,SUCCESS,INFO,0,0,0,,2026-08-23T20:10:41.468Z,2026-08-23T22:16:21.732Z,7540,2026-08-23T22:16:21.732Z,D07,Medical Services Knox TN,955211d4-28b8-44a0-8023-2bfaa48d6721,SAMMS-KnoxvilleV6
202608232214224881,202608232010368678,202608232010368283,85,2893,Bronze INV,br_OrientationChecklistNew,TASK_COMPLETE,SUCCESS,INFO,4,4,0,,2026-08-23T20:10:41.468Z,2026-08-23T22:16:21.732Z,7540,2026-08-23T22:16:21.732Z,D08,Madison,955211d4-28b8-44a0-8023-2bfaa48d6721,SAMMS-MadisonV6
202608232214224883,202608232010368679,202608232010368283,85,2895,Bronze INV,br_OrientationChecklistNew,TASK_COMPLETE,SUCCESS,INFO,11,11,0,,2026-08-23T20:10:41.468Z,2026-08-23T22:16:21.732Z,7540,2026-08-23T22:16:21.732Z,D09,Murfreesboro,955211d4-28b8-44a0-8023-2bfaa48d6721,SAMMS-MurfreesboroV6
202608232214224884,202608232010368680,202608232010368283,85,2896,Bronze INV,br_OrientationChecklistNew,TASK_COMPLETE,SUCCESS,INFO,1,1,0,,2026-08-23T20:10:41.468Z,2026-08-23T22:16:21.732Z,7540,2026-08-23T22:16:21.732Z,DA,Davenport,955211d4-28b8-44a0-8023-2bfaa48d6721,SAMMS-Davenport
202608232214224885,202608232010368681,202608232010368283,85,2897,Bronze INV,br_OrientationChecklistNew,TASK_COMPLETE,SUCCESS,INFO,9,9,0,,2026-08-23T20:10:41.468Z,2026-08-23T22:16:21.732Z,7540,2026-08-23T22:16:21.732Z,DM,Des Moines,955211d4-28b8-44a0-8023-2bfaa48d6721,SAMMS-DesMoines
202608232214224886,202608232010368682,202608232010368283,85,2899,Bronze INV,br_OrientationChecklistNew,TASK_COMPLETE,SUCCESS,INFO,7,7,0,,2026-08-23T20:10:41.468Z,2026-08-23T22:16:21.732Z,7540,2026-08-23T22:16:21.732Z,DRD-CO,Columbia MO,955211d4-28b8-44a0-8023-2bfaa48d6721,SAMMS-ColumbiaV5
202608232214224887,202608232010368683,202608232010368283,85,2900,Bronze INV,br_OrientationChecklistNew,TASK_COMPLETE,SUCCESS,INFO,6,6,0,,2026-08-23T20:10:41.468Z,2026-08-23T22:16:21.732Z,7540,2026-08-23T22:16:21.732Z,DRD-KC,KC,955211d4-28b8-44a0-8023-2bfaa48d6721,SAMMS-KCv5
202608232214224888,202608232010368684,202608232010368283,85,2901,Bronze INV,br_OrientationChecklistNew,TASK_COMPLETE,SUCCESS,INFO,6,6,0,,2026-08-23T20:10:41.468Z,2026-08-23T22:16:21.732Z,7540,2026-08-23T22:16:21.732Z,DRD-KVB,KVB,955211d4-28b8-44a0-8023-2bfaa48d6721,SAMMS-KVBv5
202608232214224890,202608232010368685,202608232010368283,85,2902,Bronze INV,br_OrientationChecklistNew,TASK_COMPLETE,SUCCESS,INFO,13,13,0,,2026-08-23T20:10:41.468Z,2026-08-23T22:16:21.732Z,7540,2026-08-23T22:16:21.732Z,DRD-KVC,KVC,955211d4-28b8-44a0-8023-2bfaa48d6721,SAMMS-KVCv5
202608232214224891,202608232010368686,202608232010368283,85,2903,Bronze INV,br_OrientationChecklistNew,TASK_COMPLETE,SUCCESS,INFO,229,229,0,,2026-08-23T20:10:41.468Z,2026-08-23T22:16:21.732Z,7540,2026-08-23T22:16:21.732Z,DRD-NOLA,NOLA,955211d4-28b8-44a0-8023-2bfaa48d6721,SAMMS-NOLAv5
202608232214224892,202608232010368687,202608232010368283,85,2904,Bronze INV,br_OrientationChecklistNew,TASK_COMPLETE,SUCCESS,INFO,16,16,0,,2026-08-23T20:10:41.468Z,2026-08-23T22:16:21.732Z,7540,2026-08-23T22:16:21.732Z,DRD-SF,Springfield,955211d4-28b8-44a0-8023-2bfaa48d6721,SAMMS-SFv5
202608232214224893,202608232010368688,202608232010368283,85,2906,Bronze INV,br_OrientationChecklistNew,TASK_COMPLETE,SUCCESS,INFO,7,7,0,,2026-08-23T20:10:41.468Z,2026-08-23T22:16:21.732Z,7540,2026-08-23T22:16:21.732Z,ELC,Elizabeth City,955211d4-28b8-44a0-8023-2bfaa48d6721,SAMMS-ElizabethCity
202608232214224894,202608232010368689,202608232010368283,85,2907,Bronze INV,br_OrientationChecklistNew,TASK_COMPLETE,SUCCESS,INFO,4,4,0,,2026-08-23T20:10:41.468Z,2026-08-23T22:16:21.732Z,7540,2026-08-23T22:16:21.732Z,ET,Elizabethtown,955211d4-28b8-44a0-8023-2bfaa48d6721,SAMMS-Elizabethtown
202608232214224895,202608232010368690,202608232010368283,85,2908,Bronze INV,br_OrientationChecklistNew,TASK_COMPLETE,SUCCESS,INFO,0,0,0,,2026-08-23T20:10:41.468Z,2026-08-23T22:16:21.732Z,7540,2026-08-23T22:16:21.732Z,FAY,Fayetteville,955211d4-28b8-44a0-8023-2bfaa48d6721,SAMMS-Fayetteville
202608232214224896,202608232010368691,202608232010368283,85,2909,Bronze INV,br_OrientationChecklistNew,TASK_COMPLETE,SUCCESS,INFO,9,9,0,,2026-08-23T20:10:41.468Z,2026-08-23T22:16:21.732Z,7540,2026-08-23T22:16:21.732Z,FR,Frankfort,955211d4-28b8-44a0-8023-2bfaa48d6721,SAMMS-Frankfort
202608232214224898,202608232010368692,202608232010368283,85,2910,Bronze INV,br_OrientationChecklistNew,TASK_COMPLETE,SUCCESS,INFO,0,0,0,,2026-08-23T20:10:41.468Z,2026-08-23T22:16:21.732Z,7540,2026-08-23T22:16:21.732Z,FS,Fort Smith,955211d4-28b8-44a0-8023-2bfaa48d6721,SAMMS-FortSmith
202608232214224899,202608232010368693,202608232010368283,85,2911,Bronze INV,br_OrientationChecklistNew,TASK_COMPLETE,SUCCESS,INFO,97,97,0,,2026-08-23T20:10:41.468Z,2026-08-23T22:16:21.732Z,7540,2026-08-23T22:16:21.732Z,FW,Fort Wayne,955211d4-28b8-44a0-8023-2bfaa48d6721,SAMMS-FortWayne
202608232214224900,202608232010368694,202608232010368283,85,2912,Bronze INV,br_OrientationChecklistNew,TASK_COMPLETE,SUCCESS,INFO,0,0,0,,2026-08-23T20:10:41.468Z,2026-08-23T22:16:21.732Z,7540,2026-08-23T22:16:21.732Z,GAL,Gaylord,955211d4-28b8-44a0-8023-2bfaa48d6721,SAMMS-Gaylord
202608232214224901,202608232010368695,202608232010368283,85,2916,Bronze INV,br_OrientationChecklistNew,TASK_COMPLETE,SUCCESS,INFO,5,5,0,,2026-08-23T20:10:41.468Z,2026-08-23T22:16:21.732Z,7540,2026-08-23T22:16:21.732Z,HGT,Hagerstown,955211d4-28b8-44a0-8023-2bfaa48d6721,SAMMS-Hagerstown
202608232214224902,202608232010368696,202608232010368283,85,2917,Bronze INV,br_OrientationChecklistNew,TASK_COMPLETE,SUCCESS,INFO,7,7,0,,2026-08-23T20:10:41.468Z,2026-08-23T22:16:21.732Z,7540,2026-08-23T22:16:21.732Z,HNT,Huntsville,955211d4-28b8-44a0-8023-2bfaa48d6721,SAMMS-Huntsville
202608232214224903,202608232010368697,202608232010368283,85,2918,Bronze INV,br_OrientationChecklistNew,TASK_COMPLETE,SUCCESS,INFO,0,0,0,,2026-08-23T20:10:41.468Z,2026-08-23T22:16:21.732Z,7540,2026-08-23T22:16:21.732Z,HS,Hot Springs,955211d4-28b8-44a0-8023-2bfaa48d6721,SAMMS-HotSprings
202608232214224905,202608232010368698,202608232010368283,85,2919,Bronze INV,br_OrientationChecklistNew,TASK_COMPLETE,SUCCESS,INFO,0,0,0,,2026-08-23T20:10:41.468Z,2026-08-23T22:16:21.732Z,7540,2026-08-23T22:16:21.732Z,JON,Jonesboro,955211d4-28b8-44a0-8023-2bfaa48d6721,SAMMS-Jonesboro
202608232214224906,202608232010368699,202608232010368283,85,2921,Bronze INV,br_OrientationChecklistNew,TASK_COMPLETE,SUCCESS,INFO,0,0,0,,2026-08-23T20:10:41.468Z,2026-08-23T22:16:21.732Z,7540,2026-08-23T22:16:21.732Z,LAN,Lansing,955211d4-28b8-44a0-8023-2bfaa48d6721,SAMMS-Lansing
202608232214224907,202608232010368700,202608232010368283,85,2922,Bronze INV,br_OrientationChecklistNew,TASK_COMPLETE,SUCCESS,INFO,104,104,0,,2026-08-23T20:10:41.468Z,2026-08-23T22:16:21.732Z,7540,2026-08-23T22:16:21.732Z,LO,Louisville,955211d4-28b8-44a0-8023-2bfaa48d6721,SAMMS-Louisville
202608232214224908,202608232010368701,202608232010368283,85,2923,Bronze INV,br_OrientationChecklistNew,TASK_COMPLETE,SUCCESS,INFO,23,23,0,,2026-08-23T20:10:41.468Z,2026-08-23T22:16:21.732Z,7540,2026-08-23T22:16:21.732Z,LV1,Cheyenne,955211d4-28b8-44a0-8023-2bfaa48d6721,SAMMS-Cheyenne
202608232214224909,202608232010368702,202608232010368283,85,2924,Bronze INV,br_OrientationChecklistNew,TASK_COMPLETE,SUCCESS,INFO,12,12,0,,2026-08-23T20:10:41.468Z,2026-08-23T22:16:21.732Z,7540,2026-08-23T22:16:21.732Z,LV2,Desert Inn,955211d4-28b8-44a0-8023-2bfaa48d6721,SAMMS-DesertInn
202608232214224910,202608232010368703,202608232010368283,85,2925,Bronze INV,br_OrientationChecklistNew,TASK_COMPLETE,SUCCESS,INFO,7,7,0,,2026-08-23T20:10:41.468Z,2026-08-23T22:16:21.732Z,7540,2026-08-23T22:16:21.732Z,LV3,McDaniel,955211d4-28b8-44a0-8023-2bfaa48d6721,SAMMS-McDaniel
202608232214224912,202608232010368704,202608232010368283,85,2928,Bronze INV,br_OrientationChecklistNew,TASK_COMPLETE,SUCCESS,INFO,8,8,0,,2026-08-23T20:10:41.468Z,2026-08-23T22:16:21.732Z,7540,2026-08-23T22:16:21.732Z,MNRE,Monroe,955211d4-28b8-44a0-8023-2bfaa48d6721,SAMMS-Monroe
202608232214224913,202608232010368705,202608232010368283,85,2929,Bronze INV,br_OrientationChecklistNew,TASK_COMPLETE,SUCCESS,INFO,0,0,0,,2026-08-23T20:10:41.468Z,2026-08-23T22:16:21.732Z,7540,2026-08-23T22:16:21.732Z,MP,Mt. Pleasant,955211d4-28b8-44a0-8023-2bfaa48d6721,SAMMS-MtPleasant
202608232214224914,202608232010368706,202608232010368283,85,2930,Bronze INV,br_OrientationChecklistNew,TASK_COMPLETE,SUCCESS,INFO,1,1,0,,2026-08-23T20:10:41.468Z,2026-08-23T22:16:21.732Z,7540,2026-08-23T22:16:21.732Z,MRD,Meridian,955211d4-28b8-44a0-8023-2bfaa48d6721,SAMMS-Meridian
202608232214224915,202608232010368707,202608232010368283,85,2935,Bronze INV,br_OrientationChecklistNew,TASK_COMPLETE,SUCCESS,INFO,7,7,0,,2026-08-23T20:10:41.468Z,2026-08-23T22:16:21.732Z,7540,2026-08-23T22:16:21.732Z,NC,North Charleston,955211d4-28b8-44a0-8023-2bfaa48d6721,SAMMS-NorthCharleston
202608232214224916,202608232010368708,202608232010368283,85,2936,Bronze INV,br_OrientationChecklistNew,TASK_COMPLETE,SUCCESS,INFO,0,0,0,,2026-08-23T20:10:41.468Z,2026-08-23T22:16:21.732Z,7540,2026-08-23T22:16:21.732Z,NLR,N. Little Rock,955211d4-28b8-44a0-8023-2bfaa48d6721,SAMMS-NLROBOT
202608232214224917,202608232010368709,202608232010368283,85,2941,Bronze INV,br_OrientationChecklistNew,TASK_COMPLETE,SUCCESS,INFO,2,2,0,,2026-08-23T20:10:41.468Z,2026-08-23T22:16:21.732Z,7540,2026-08-23T22:16:21.732Z,RE,Reno,955211d4-28b8-44a0-8023-2bfaa48d6721,SAMMS-Reno
202608232214224918,202608232010368710,202608232010368283,85,2942,Bronze INV,br_OrientationChecklistNew,TASK_COMPLETE,SUCCESS,INFO,11,11,0,,2026-08-23T20:10:41.468Z,2026-08-23T22:16:21.732Z,7540,2026-08-23T22:16:21.732Z,RMD,Richmond,955211d4-28b8-44a0-8023-2bfaa48d6721,SAMMS-Richmond
202608232214224920,202608232010368711,202608232010368283,85,2943,Bronze INV,br_OrientationChecklistNew,TASK_COMPLETE,SUCCESS,INFO,12,12,0,,2026-08-23T20:10:41.468Z,2026-08-23T22:16:21.732Z,7540,2026-08-23T22:16:21.732Z,SFN,Springfield North,955211d4-28b8-44a0-8023-2bfaa48d6721,SAMMS-SFNv5
202608232214224921,202608232010368712,202608232010368283,85,2944,Bronze INV,br_OrientationChecklistNew,TASK_COMPLETE,SUCCESS,INFO,5,5,0,,2026-08-23T20:10:41.468Z,2026-08-23T22:16:21.732Z,7540,2026-08-23T22:16:21.732Z,SHP,Shreveport,955211d4-28b8-44a0-8023-2bfaa48d6721,SAMMS-Shreveport
202608232214224922,202608232010368713,202608232010368283,85,2946,Bronze INV,br_OrientationChecklistNew,TASK_COMPLETE,SUCCESS,INFO,4,4,0,,2026-08-23T20:10:41.468Z,2026-08-23T22:16:21.732Z,7540,2026-08-23T22:16:21.732Z,STN,Staunton,955211d4-28b8-44a0-8023-2bfaa48d6721,SAMMS-Staunton
202608232214224923,202608232010368714,202608232010368283,85,2947,Bronze INV,br_OrientationChecklistNew,TASK_COMPLETE,SUCCESS,INFO,2,2,0,,2026-08-23T20:10:41.468Z,2026-08-23T22:16:21.732Z,7540,2026-08-23T22:16:21.732Z,STVN,Stevenson,955211d4-28b8-44a0-8023-2bfaa48d6721,SAMMS-Stevenson
202608232214224924,202608232010368715,202608232010368283,85,2950,Bronze INV,br_OrientationChecklistNew,TASK_COMPLETE,SUCCESS,INFO,0,0,0,,2026-08-23T20:10:41.468Z,2026-08-23T22:16:21.732Z,7540,2026-08-23T22:16:21.732Z,TEX,Texarkana,955211d4-28b8-44a0-8023-2bfaa48d6721,SAMMS-Texarkana
202608232214224925,202608232010368716,202608232010368283,85,2951,Bronze INV,br_OrientationChecklistNew,TASK_COMPLETE,SUCCESS,INFO,3,3,0,,2026-08-23T20:10:41.468Z,2026-08-23T22:16:21.732Z,7540,2026-08-23T22:16:21.732Z,TTCA,Bessemer,955211d4-28b8-44a0-8023-2bfaa48d6721,SAMMS-BessemerV5
202608232214224927,202608232010368717,202608232010368283,85,2952,Bronze INV,br_OrientationChecklistNew,TASK_COMPLETE,SUCCESS,INFO,7,7,0,,2026-08-23T20:10:41.468Z,2026-08-23T22:16:21.732Z,7540,2026-08-23T22:16:21.732Z,TTCB,Cullman,955211d4-28b8-44a0-8023-2bfaa48d6721,SAMMS-CullmanV5
202608232214224928,202608232010368718,202608232010368283,85,2953,Bronze INV,br_OrientationChecklistNew,TASK_COMPLETE,SUCCESS,INFO,1,1,0,,2026-08-23T20:10:41.468Z,2026-08-23T22:16:21.732Z,7540,2026-08-23T22:16:21.732Z,TTCC,Grand Bay,955211d4-28b8-44a0-8023-2bfaa48d6721,SAMMS-GrandBay
202608232214224929,202608232010368719,202608232010368283,85,2956,Bronze INV,br_OrientationChecklistNew,TASK_COMPLETE,SUCCESS,INFO,6,6,0,,2026-08-23T20:10:41.468Z,2026-08-23T22:16:21.732Z,7540,2026-08-23T22:16:21.732Z,V1,Memphis South,955211d4-28b8-44a0-8023-2bfaa48d6721,SAMMS-VCPHCS-I-MemphisV5
202608232214224930,202608232010368720,202608232010368283,85,2957,Bronze INV,br_OrientationChecklistNew,TASK_COMPLETE,SUCCESS,INFO,3,3,0,,2026-08-23T20:10:41.468Z,2026-08-23T22:16:21.732Z,7540,2026-08-23T22:16:21.732Z,V10,Longmont,955211d4-28b8-44a0-8023-2bfaa48d6721,SAMMS-BoulderV5
202608232214224931,202608232010368721,202608232010368283,85,2958,Bronze INV,br_OrientationChecklistNew,TASK_COMPLETE,SUCCESS,INFO,14,14,0,,2026-08-23T20:10:41.468Z,2026-08-23T22:16:21.732Z,7540,2026-08-23T22:16:21.732Z,V10A,Fort Collins,955211d4-28b8-44a0-8023-2bfaa48d6721,SAMMS-FortCollinsV5
202608232214224932,202608232010368722,202608232010368283,85,2959,Bronze INV,br_OrientationChecklistNew,TASK_COMPLETE,SUCCESS,INFO,12,12,0,,2026-08-23T20:10:41.468Z,2026-08-23T22:16:21.732Z,7540,2026-08-23T22:16:21.732Z,V11,Westminster,955211d4-28b8-44a0-8023-2bfaa48d6721,SAMMS-VCPHCS-XI-NorthDenverV5
202608232214224934,202608232010368723,202608232010368283,85,2960,Bronze INV,br_OrientationChecklistNew,TASK_COMPLETE,SUCCESS,INFO,12,12,0,,2026-08-23T20:10:41.468Z,2026-08-23T22:16:21.732Z,7540,2026-08-23T22:16:21.732Z,V12,Downtown Denver,955211d4-28b8-44a0-8023-2bfaa48d6721,SAMMS-VCPHCS-XII-DowntownDenverV5
202608232214224935,202608232010368724,202608232010368283,85,2961,Bronze INV,br_OrientationChecklistNew,TASK_COMPLETE,SUCCESS,INFO,2,2,0,,2026-08-23T20:10:41.468Z,2026-08-23T22:16:21.732Z,7540,2026-08-23T22:16:21.732Z,V12A,Centennial,955211d4-28b8-44a0-8023-2bfaa48d6721,SAMMS-CentennialV5
202608232214224936,202608232010368725,202608232010368283,85,2962,Bronze INV,br_OrientationChecklistNew,TASK_COMPLETE,SUCCESS,INFO,3,3,0,,2026-08-23T20:10:41.468Z,2026-08-23T22:16:21.732Z,7540,2026-08-23T22:16:21.732Z,V14,Overland Park,955211d4-28b8-44a0-8023-2bfaa48d6721,SAMMS-VCPHCS-XIV-BridgewayV5
202608232214224937,202608232010368726,202608232010368283,85,2963,Bronze INV,br_OrientationChecklistNew,TASK_COMPLETE,SUCCESS,INFO,13,13,0,,2026-08-23T20:10:41.468Z,2026-08-23T22:16:21.732Z,7540,2026-08-23T22:16:21.732Z,V15,Joplin,955211d4-28b8-44a0-8023-2bfaa48d6721,SAMMS-JoplinV5
202608232214224938,202608232010368727,202608232010368283,85,2965,Bronze INV,br_OrientationChecklistNew,TASK_COMPLETE,SUCCESS,INFO,4,4,0,,2026-08-23T20:10:41.468Z,2026-08-23T22:16:21.732Z,7540,2026-08-23T22:16:21.732Z,V17,Columbia TN,955211d4-28b8-44a0-8023-2bfaa48d6721,SAMMS-ColumbiaTNv5
202608232214224939,202608232010368728,202608232010368283,85,2967,Bronze INV,br_OrientationChecklistNew,TASK_COMPLETE,SUCCESS,INFO,6,6,0,,2026-08-23T20:10:41.468Z,2026-08-23T22:16:21.732Z,7540,2026-08-23T22:16:21.732Z,V19,Jackson,955211d4-28b8-44a0-8023-2bfaa48d6721,SAMMS-JacksonV5
202608232214224940,202608232010368729,202608232010368283,85,2969,Bronze INV,br_OrientationChecklistNew,TASK_COMPLETE,SUCCESS,INFO,7,7,0,,2026-08-23T20:10:41.468Z,2026-08-23T22:16:21.732Z,7540,2026-08-23T22:16:21.732Z,V20,Paris,955211d4-28b8-44a0-8023-2bfaa48d6721,SAMMS-ParisV5
202608131726033008,202608131726033007,20260813172455,4,29,8x8 Queue Summary API,br_8x8_HistoricalCCQueueSummary,TASK_FAILED,FAILED,ERROR,0,0,0,"[DELTA_CONCURRENT_APPEND] ConcurrentAppendException: Files were added to the root of the table by a concurrent update. Please try the operation again. Conflicting commit: {\"timestamp\":1786641992411,\"operation\":\"UPDATE\",\"operationParameters\":{\"predicate\":[\"(TaskId#112918L = 202608131726133211)\"]},\"readVersion\":18479,\"isolationLevel\":\"Serializable\",\"isBlindAppend\":false,\"operationMetrics\":{\"numRemovedFiles\":\"1\",\"numRemovedBytes\":\"12211\",\"numCopiedRows\":\"0\",\"numDeletionVectorsAdded\":\"0\",\"numDeletionVectorsRemoved\":\"0\",\"numAddedChangeFiles\":\"0\",\"executionTimeMs\":\"1021\",\"numDeletionVectorsUpdated\":\"0\",\"scanTimeMs\":\"660\",\"numAddedFiles\":\"1\",\"numUpdatedRows\":\"1\",\"numAddedBytes\":\"12508\",\"rewriteTimeMs\":\"360\"},\"engineInfo\":\"Apache-Spark/3.5.5.5.4.20260403.6 Delta-Lake/3.2.1.20260427.3\",\"txnId\":\"2d395baf-33fc-4d37-9564-86ee5cbab333\"} Refer to https://docs.delta.io/latest/concurrency-control.html for more details.",2026-08-13T17:26:10.675Z,2026-08-13T17:26:47.363Z,34,2026-08-13T17:26:47.363Z,,,793a1d88-9a51-42e1-b67b-8a9da7bfcd79,
202608232214222746,202608232010468306,202608232010468283,86,8582,Silver INV,sl_LABResultDetail,TASK_COMPLETE,SUCCESS,INFO,565006,565006,0,,2026-08-23T20:10:41.468Z,2026-08-23T22:16:21.732Z,7540,2026-08-23T22:16:21.732Z,,,955211d4-28b8-44a0-8023-2bfaa48d6721,
202608232214222677,202608232010368971,202608232010368283,85,230,Bronze INV,br_AdmissionAssessment,TASK_COMPLETE,SUCCESS,INFO,4,4,0,,2026-08-23T20:10:41.468Z,2026-08-23T22:16:21.732Z,7540,2026-08-23T22:16:21.732Z,AHK,Ahoskie,955211d4-28b8-44a0-8023-2bfaa48d6721,SAMMS-Ahoskie
202608232214222678,202608232010369087,202608232010368283,85,231,Bronze INV,br_AdmissionAssessment,TASK_COMPLETE,SUCCESS,INFO,20,20,0,,2026-08-23T20:10:41.468Z,2026-08-23T22:16:21.732Z,7540,2026-08-23T22:16:21.732Z,B12B,Colorado Springs,955211d4-28b8-44a0-8023-2bfaa48d6721,SAMMS-ColoradoSpringsV5
202608232214222679,202608232010369088,202608232010368283,85,232,Bronze INV,br_AdmissionAssessment,TASK_COMPLETE,SUCCESS,INFO,0,0,0,,2026-08-23T20:10:41.468Z,2026-08-23T22:16:21.732Z,7540,2026-08-23T22:16:21.732Z,B24,Paintsville,955211d4-28b8-44a0-8023-2bfaa48d6721,SAMMS-PaintsvilleV5
202608232214222680,202608232010369089,202608232010368283,85,233,Bronze INV,br_AdmissionAssessment,TASK_COMPLETE,SUCCESS,INFO,0,0,0,,2026-08-23T20:10:41.468Z,2026-08-23T22:16:21.732Z,7540,2026-08-23T22:16:21.732Z,B25,Pikeville,955211d4-28b8-44a0-8023-2bfaa48d6721,SAMMS-PikevilleV5
202608232214222682,202608232010369090,202608232010368283,85,234,Bronze INV,br_AdmissionAssessment,TASK_COMPLETE,SUCCESS,INFO,0,0,0,,2026-08-23T20:10:41.468Z,2026-08-23T22:16:21.732Z,7540,2026-08-23T22:16:21.732Z,B26,Hazard,955211d4-28b8-44a0-8023-2bfaa48d6721,SAMMS-HazardV5
202608232214222683,202608232010369091,202608232010368283,85,235,Bronze INV,br_AdmissionAssessment,TASK_COMPLETE,SUCCESS,INFO,2,2,0,,2026-08-23T20:10:41.468Z,2026-08-23T22:16:21.732Z,7540,2026-08-23T22:16:21.732Z,B27,Savannah,955211d4-28b8-44a0-8023-2bfaa48d6721,SAMMS-SavannahV6
202608232214222684,202608232010369092,202608232010368283,85,236,Bronze INV,br_AdmissionAssessment,TASK_COMPLETE,SUCCESS,INFO,11,11,0,,2026-08-23T20:10:41.468Z,2026-08-23T22:16:21.732Z,7540,2026-08-23T22:16:21.732Z,B28,West Plains,955211d4-28b8-44a0-8023-2bfaa48d6721,SAMMS-WestPlainesV5
202608232214222685,202608232010369093,202608232010368283,85,237,Bronze INV,br_AdmissionAssessment,TASK_COMPLETE,SUCCESS,INFO,12,12,0,,2026-08-23T20:10:41.468Z,2026-08-23T22:16:21.732Z,7540,2026-08-23T22:16:21.732Z,B29,Poplar Bluff,955211d4-28b8-44a0-8023-2bfaa48d6721,SAMMS-PoplarBluffV5
202608232214222686,202608232010369094,202608232010368283,85,238,Bronze INV,br_AdmissionAssessment,TASK_COMPLETE,SUCCESS,INFO,7,7,0,,2026-08-23T20:10:41.468Z,2026-08-23T22:16:21.732Z,7540,2026-08-23T22:16:21.732Z,B30,KC North,955211d4-28b8-44a0-8023-2bfaa48d6721,SAMMS-KCNv5
202608232214222687,202608232010369095,202608232010368283,85,239,Bronze INV,br_AdmissionAssessment,TASK_COMPLETE,SUCCESS,INFO,8,8,0,,2026-08-23T20:10:41.468Z,2026-08-23T22:16:21.732Z,7540,2026-08-23T22:16:21.732Z,B31,Dyersburg,955211d4-28b8-44a0-8023-2bfaa48d6721,SAMMS-DyersburgV5
202608232214222689,202608232010369096,202608232010368283,85,241,Bronze INV,br_AdmissionAssessment,TASK_COMPLETE,SUCCESS,INFO,0,0,0,,2026-08-23T20:10:41.468Z,2026-08-23T22:16:21.732Z,7540,2026-08-23T22:16:21.732Z,B33,Paducah,955211d4-28b8-44a0-8023-2bfaa48d6721,SAMMS-Paducah
202608232214222690,202608232010369097,202608232010368283,85,242,Bronze INV,br_AdmissionAssessment,TASK_COMPLETE,SUCCESS,INFO,1,1,0,,2026-08-23T20:10:41.468Z,2026-08-23T22:16:21.732Z,7540,2026-08-23T22:16:21.732Z,B34,Corbin,955211d4-28b8-44a0-8023-2bfaa48d6721,SAMMS-CorbinV5
202608232214222691,202608232010369098,202608232010368283,85,243,Bronze INV,br_AdmissionAssessment,TASK_COMPLETE,SUCCESS,INFO,3,3,0,,2026-08-23T20:10:41.468Z,2026-08-23T22:16:21.732Z,7540,2026-08-23T22:16:21.732Z,B35,Lexington,955211d4-28b8-44a0-8023-2bfaa48d6721,SAMMS-LexingtonV5
202608232214222692,202608232010369099,202608232010368283,85,244,Bronze INV,br_AdmissionAssessment,TASK_COMPLETE,SUCCESS,INFO,0,0,0,,2026-08-23T20:10:41.468Z,2026-08-23T22:16:21.732Z,7540,2026-08-23T22:16:21.732Z,B35A,Berea,955211d4-28b8-44a0-8023-2bfaa48d6721,SAMMS-BereaV5
202608232214222693,202608232010369100,202608232010368283,85,245,Bronze INV,br_AdmissionAssessment,TASK_COMPLETE,SUCCESS,INFO,11,11,0,,2026-08-23T20:10:41.468Z,2026-08-23T22:16:21.732Z,7540,2026-08-23T22:16:21.732Z,B36,Asheville,955211d4-28b8-44a0-8023-2bfaa48d6721,SAMMS-AshevilleV5
202608232214222694,202608232010369101,202608232010368283,85,246,Bronze INV,br_AdmissionAssessment,TASK_COMPLETE,SUCCESS,INFO,9,9,0,,2026-08-23T20:10:41.468Z,2026-08-23T22:16:21.732Z,7540,2026-08-23T22:16:21.732Z,B37,Clyde,955211d4-28b8-44a0-8023-2bfaa48d6721,SAMMS-ClydeV5
202608232214222696,202608232010369102,202608232010368283,85,247,Bronze INV,br_AdmissionAssessment,TASK_COMPLETE,SUCCESS,INFO,7,7,0,,2026-08-23T20:10:41.468Z,2026-08-23T22:16:21.732Z,7540,2026-08-23T22:16:21.732Z,B38,Spartanburg,955211d4-28b8-44a0-8023-2bfaa48d6721,SAMMS-SpartanburgV5
202608232214222697,202608232010369103,202608232010368283,85,248,Bronze INV,br_AdmissionAssessment,TASK_COMPLETE,SUCCESS,INFO,2,2,0,,2026-08-23T20:10:41.468Z,2026-08-23T22:16:21.732Z,7540,2026-08-23T22:16:21.732Z,B39,Aiken,955211d4-28b8-44a0-8023-2bfaa48d6721,SAMMS-AikenV5
202608232214222698,202608232010369104,202608232010368283,85,249,Bronze INV,br_AdmissionAssessment,TASK_COMPLETE,SUCCESS,INFO,0,0,0,,2026-08-23T20:10:41.468Z,2026-08-23T22:16:21.732Z,7540,2026-08-23T22:16:21.732Z,B41,Chesapeake,955211d4-28b8-44a0-8023-2bfaa48d6721,SAMMS-ChesapeakeV5
202608232214222699,202608232010369105,202608232010368283,85,250,Bronze INV,br_AdmissionAssessment,TASK_COMPLETE,SUCCESS,INFO,0,0,0,,2026-08-23T20:10:41.468Z,2026-08-23T22:16:21.732Z,7540,2026-08-23T22:16:21.732Z,B42,Virginia Beach,955211d4-28b8-44a0-8023-2bfaa48d6721,SAMMS-VirginiaBeachV5
202608232214222700,202608232010369106,202608232010368283,85,251,Bronze INV,br_AdmissionAssessment,TASK_COMPLETE,SUCCESS,INFO,0,0,0,,2026-08-23T20:10:41.468Z,2026-08-23T22:16:21.732Z,7540,2026-08-23T22:16:21.732Z,B42A,Newport News,955211d4-28b8-44a0-8023-2bfaa48d6721,SAMMS-NewportNewsV5
202608232214222701,202608232010369107,202608232010368283,85,252,Bronze INV,br_AdmissionAssessment,TASK_COMPLETE,SUCCESS,INFO,0,0,0,,2026-08-23T20:10:41.468Z,2026-08-23T22:16:21.732Z,7540,2026-08-23T22:16:21.732Z,B42B,Franklin,955211d4-28b8-44a0-8023-2bfaa48d6721,SAMMS-FranklinV5
202608232214222703,202608232010369108,202608232010368283,85,253,Bronze INV,br_AdmissionAssessment,TASK_COMPLETE,SUCCESS,INFO,0,0,0,,2026-08-23T20:10:41.468Z,2026-08-23T22:16:21.732Z,7540,2026-08-23T22:16:21.732Z,B42C,Glen Allen,955211d4-28b8-44a0-8023-2bfaa48d6721,SAMMS-GlenAllenV5
202608232214222704,202608232010369109,202608232010368283,85,254,Bronze INV,br_AdmissionAssessment,TASK_COMPLETE,SUCCESS,INFO,0,0,0,,2026-08-23T20:10:41.468Z,2026-08-23T22:16:21.732Z,7540,2026-08-23T22:16:21.732Z,B42D,Chesapeake South,955211d4-28b8-44a0-8023-2bfaa48d6721,SAMMS-ChesapeakeSouthV5
202608232214222705,202608232010369110,202608232010368283,85,255,Bronze INV,br_AdmissionAssessment,TASK_COMPLETE,SUCCESS,INFO,5,5,0,,2026-08-23T20:10:41.468Z,2026-08-23T22:16:21.732Z,7540,2026-08-23T22:16:21.732Z,B44,Albany,955211d4-28b8-44a0-8023-2bfaa48d6721,SAMMS-AlbanyV5
202608232214222706,202608232010369111,202608232010368283,85,256,Bronze INV,br_AdmissionAssessment,TASK_COMPLETE,SUCCESS,INFO,8,8,0,,2026-08-23T20:10:41.468Z,2026-08-23T22:16:21.732Z,7540,2026-08-23T22:16:21.732Z,B45,Tifton,955211d4-28b8-44a0-8023-2bfaa48d6721,SAMMS-TiftonV5
202608232214222707,202608232010369112,202608232010368283,85,257,Bronze INV,br_AdmissionAssessment,TASK_COMPLETE,SUCCESS,INFO,235,235,0,,2026-08-23T20:10:41.468Z,2026-08-23T22:16:21.732Z,7540,2026-08-23T22:16:21.732Z,B46,Washington DC,955211d4-28b8-44a0-8023-2bfaa48d6721,SAMMS-WashingtonDCv5
202608232214222708,202608232010369113,202608232010368283,85,258,Bronze INV,br_AdmissionAssessment,TASK_COMPLETE,SUCCESS,INFO,71,71,0,,2026-08-23T20:10:41.468Z,2026-08-23T22:16:21.732Z,7540,2026-08-23T22:16:21.732Z,B47,Mobile,955211d4-28b8-44a0-8023-2bfaa48d6721,SAMMS-MobileV5
202608232214222710,202608232010369114,202608232010368283,85,259,Bronze INV,br_AdmissionAssessment,TASK_COMPLETE,SUCCESS,INFO,16,16,0,,2026-08-23T20:10:41.468Z,2026-08-23T22:16:21.732Z,7540,2026-08-23T22:16:21.732Z,B48,Tuscaloosa,955211d4-28b8-44a0-8023-2bfaa48d6721,SAMMS-TuscaloosaV5
202608232214222711,202608232010369115,202608232010368283,85,268,Bronze INV,br_AdmissionAssessment,TASK_COMPLETE,SUCCESS,INFO,9,9,0,,2026-08-23T20:10:41.468Z,2026-08-23T22:16:21.732Z,7540,2026-08-23T22:16:21.732Z,B51,N. Little Rock (OTP),955211d4-28b8-44a0-8023-2bfaa48d6721,SAMMS-NorthLittleRockV6
202608232214222712,202608232010369116,202608232010368283,85,269,Bronze INV,br_AdmissionAssessment,TASK_COMPLETE,SUCCESS,INFO,7,7,0,,2026-08-23T20:10:41.468Z,2026-08-23T22:16:21.732Z,7540,2026-08-23T22:16:21.732Z,B52,Jackson GA,955211d4-28b8-44a0-8023-2bfaa48d6721,SAMMS-JacksonGAV5
202608232214222713,202608232010369117,202608232010368283,85,270,Bronze INV,br_AdmissionAssessment,TASK_COMPLETE,SUCCESS,INFO,20,20,0,,2026-08-23T20:10:41.468Z,2026-08-23T22:16:21.732Z,7540,2026-08-23T22:16:21.732Z,B54,Gadsden,955211d4-28b8-44a0-8023-2bfaa48d6721,SAMMS-GadsdenV5
202608232214222714,202608232010369118,202608232010368283,85,271,Bronze INV,br_AdmissionAssessment,TASK_COMPLETE,SUCCESS,INFO,10,10,0,,2026-08-23T20:10:41.468Z,2026-08-23T22:16:21.732Z,7540,2026-08-23T22:16:21.732Z,B55,Shoals,955211d4-28b8-44a0-8023-2bfaa48d6721,SAMMS-ShoalsV5
202608232214222715,202608232010369119,202608232010368283,85,272,Bronze INV,br_AdmissionAssessment,TASK_COMPLETE,SUCCESS,INFO,1,1,0,,2026-08-23T20:10:41.468Z,2026-08-23T22:16:21.732Z,7540,2026-08-23T22:16:21.732Z,B57,Pawtucket,955211d4-28b8-44a0-8023-2bfaa48d6721,SAMMS-Pawtucket
202608232214222716,202608232010369120,202608232010368283,85,273,Bronze INV,br_AdmissionAssessment,TASK_COMPLETE,SUCCESS,INFO,6,6,0,,2026-08-23T20:10:41.468Z,2026-08-23T22:16:21.732Z,7540,2026-08-23T22:16:21.732Z,B57A,Johnston,955211d4-28b8-44a0-8023-2bfaa48d6721,SAMMS-Johnston
202608232214222718,202608232010369121,202608232010368283,85,274,Bronze INV,br_AdmissionAssessment,TASK_COMPLETE,SUCCESS,INFO,2,2,0,,2026-08-23T20:10:41.468Z,2026-08-23T22:16:21.732Z,7540,2026-08-23T22:16:21.732Z,B57B,Middletown,955211d4-28b8-44a0-8023-2bfaa48d6721,SAMMS-Middletown
202608232214222719,202608232010369122,202608232010368283,85,275,Bronze INV,br_AdmissionAssessment,TASK_COMPLETE,SUCCESS,INFO,2,2,0,,2026-08-23T20:10:41.468Z,2026-08-23T22:16:21.732Z,7540,2026-08-23T22:16:21.732Z,B57C,Providence,955211d4-28b8-44a0-8023-2bfaa48d6721,SAMMS-Providence
202608232214222720,202608232010369123,202608232010368283,85,276,Bronze INV,br_AdmissionAssessment,TASK_COMPLETE,SUCCESS,INFO,3,3,0,,2026-08-23T20:10:41.468Z,2026-08-23T22:16:21.732Z,7540,2026-08-23T22:16:21.732Z,B57D,Westerly,955211d4-28b8-44a0-8023-2bfaa48d6721,SAMMS-Westerly
202608232214222721,202608232010369124,202608232010368283,85,280,Bronze INV,br_AdmissionAssessment,TASK_COMPLETE,SUCCESS,INFO,4,4,0,,2026-08-23T20:10:41.468Z,2026-08-23T22:16:21.732Z,7540,2026-08-23T22:16:21.732Z,B66A,Bremen,955211d4-28b8-44a0-8023-2bfaa48d6721,SAMMS-Bremen
202608232214222722,202608232010369125,202608232010368283,85,283,Bronze INV,br_AdmissionAssessment,TASK_COMPLETE,SUCCESS,INFO,0,0,0,,2026-08-23T20:10:41.468Z,2026-08-23T22:16:21.732Z,7540,2026-08-23T22:16:21.732Z,B72,Mobile (OBOT),955211d4-28b8-44a0-8023-2bfaa48d6721,SAMMS-Mobile-OBOT
202608232214222723,202608232010369126,202608232010368283,85,284,Bronze INV,br_AdmissionAssessment,TASK_COMPLETE,SUCCESS,INFO,0,0,0,,2026-08-23T20:10:41.468Z,2026-08-23T22:16:21.732Z,7540,2026-08-23T22:16:21.732Z,B73,Montgomery,955211d4-28b8-44a0-8023-2bfaa48d6721,SAMMS-Montgomery
202608232214222725,202608232010369127,202608232010368283,85,285,Bronze INV,br_AdmissionAssessment,TASK_COMPLETE,SUCCESS,INFO,10,10,0,,2026-08-23T20:10:41.468Z,2026-08-23T22:16:21.732Z,7540,2026-08-23T22:16:21.732Z,B75,Lawrence,955211d4-28b8-44a0-8023-2bfaa48d6721,SAMMS-LawrenceV6
202608232214222726,202608232010369128,202608232010368283,85,286,Bronze INV,br_AdmissionAssessment,TASK_COMPLETE,SUCCESS,INFO,4,4,0,,2026-08-23T20:10:41.468Z,2026-08-23T22:16:21.732Z,7540,2026-08-23T22:16:21.732Z,B76,Huntsville OBOT,955211d4-28b8-44a0-8023-2bfaa48d6721,SAMMS-Huntsville-OBOT
202608232214222727,202608232010369129,202608232010368283,85,287,Bronze INV,br_AdmissionAssessment,TASK_COMPLETE,SUCCESS,INFO,5,5,0,,2026-08-23T20:10:41.468Z,2026-08-23T22:16:21.732Z,7540,2026-08-23T22:16:21.732Z,BAT,Batesville,955211d4-28b8-44a0-8023-2bfaa48d6721,SAMMS-Batesville
202608232214222728,202608232010369130,202608232010368283,85,288,Bronze INV,br_AdmissionAssessment,TASK_COMPLETE,SUCCESS,INFO,0,0,0,,2026-08-23T20:10:41.468Z,2026-08-23T22:16:21.732Z,7540,2026-08-23T22:16:21.732Z,BG,Bowling Green,955211d4-28b8-44a0-8023-2bfaa48d6721,SAMMS-BowlingGreen
202608232214222729,202608232010369131,202608232010368283,85,289,Bronze INV,br_AdmissionAssessment,TASK_COMPLETE,SUCCESS,INFO,5,5,0,,2026-08-23T20:10:41.468Z,2026-08-23T22:16:21.732Z,7540,2026-08-23T22:16:21.732Z,BOI,Boise,955211d4-28b8-44a0-8023-2bfaa48d6721,SAMMS-Boise
202608232214222730,202608232010369132,202608232010368283,85,296,Bronze INV,br_AdmissionAssessment,TASK_COMPLETE,SUCCESS,INFO,5,5,0,,2026-08-23T20:10:41.468Z,2026-08-23T22:16:21.732Z,7540,2026-08-23T22:16:21.732Z,CBCO,Coeur dAlene,955211d4-28b8-44a0-8023-2bfaa48d6721,SAMMS-CoeurdAleneV6
202608232214222732,202608232010369133,202608232010368283,85,315,Bronze INV,br_AdmissionAssessment,TASK_COMPLETE,SUCCESS,INFO,8,8,0,,2026-08-23T20:10:41.468Z,2026-08-23T22:16:21.732Z,7540,2026-08-23T22:16:21.732Z,CON,Conway,955211d4-28b8-44a0-8023-2bfaa48d6721,SAMMS-Conway
202608232214222733,202608232010369134,202608232010368283,85,316,Bronze INV,br_AdmissionAssessment,TASK_COMPLETE,SUCCESS,INFO,10,10,0,,2026-08-23T20:10:41.468Z,2026-08-23T22:16:21.732Z,7540,2026-08-23T22:16:21.732Z,D07,Medical Services Knox TN,955211d4-28b8-44a0-8023-2bfaa48d6721,SAMMS-KnoxvilleV6
202608232214222734,202608232010369135,202608232010368283,85,317,Bronze INV,br_AdmissionAssessment,TASK_COMPLETE,SUCCESS,INFO,17,17,0,,2026-08-23T20:10:41.468Z,2026-08-23T22:16:21.732Z,7540,2026-08-23T22:16:21.732Z,D08,Madison,955211d4-28b8-44a0-8023-2bfaa48d6721,SAMMS-MadisonV6
202608232214222735,202608232010369136,202608232010368283,85,319,Bronze INV,br_AdmissionAssessment,TASK_COMPLETE,SUCCESS,INFO,10,10,0,,2026-08-23T20:10:41.468Z,2026-08-23T22:16:21.732Z,7540,2026-08-23T22:16:21.732Z,D09,Murfreesboro,955211d4-28b8-44a0-8023-2bfaa48d6721,SAMMS-MurfreesboroV6
202608232214222736,202608232010369137,202608232010368283,85,320,Bronze INV,br_AdmissionAssessment,TASK_COMPLETE,SUCCESS,INFO,4,4,0,,2026-08-23T20:10:41.468Z,2026-08-23T22:16:21.732Z,7540,2026-08-23T22:16:21.732Z,DA,Davenport,955211d4-28b8-44a0-8023-2bfaa48d6721,SAMMS-Davenport
202608232214222737,202608232010369138,202608232010368283,85,321,Bronze INV,br_AdmissionAssessment,TASK_COMPLETE,SUCCESS,INFO,14,14,0,,2026-08-23T20:10:41.468Z,2026-08-23T22:16:21.732Z,7540,2026-08-23T22:16:21.732Z,DM,Des Moines,955211d4-28b8-44a0-8023-2bfaa48d6721,SAMMS-DesMoines
202608232214222739,202608232010369139,202608232010368283,85,323,Bronze INV,br_AdmissionAssessment,TASK_COMPLETE,SUCCESS,INFO,15,15,0,,2026-08-23T20:10:41.468Z,2026-08-23T22:16:21.732Z,7540,2026-08-23T22:16:21.732Z,DRD-CO,Columbia MO,955211d4-28b8-44a0-8023-2bfaa48d6721,SAMMS-ColumbiaV5
202608232214222740,202608232010369140,202608232010368283,85,324,Bronze INV,br_AdmissionAssessment,TASK_COMPLETE,SUCCESS,INFO,11,11,0,,2026-08-23T20:10:41.468Z,2026-08-23T22:16:21.732Z,7540,2026-08-23T22:16:21.732Z,DRD-KC,KC,955211d4-28b8-44a0-8023-2bfaa48d6721,SAMMS-KCv5
202608232214222741,202608232010369141,202608232010368283,85,325,Bronze INV,br_AdmissionAssessment,TASK_COMPLETE,SUCCESS,INFO,6,6,0,,2026-08-23T20:10:41.468Z,2026-08-23T22:16:21.732Z,7540,2026-08-23T22:16:21.732Z,DRD-KVB,KVB,955211d4-28b8-44a0-8023-2bfaa48d6721,SAMMS-KVBv5
202608232214222742,202608232010369142,202608232010368283,85,326,Bronze INV,br_AdmissionAssessment,TASK_COMPLETE,SUCCESS,INFO,22,22,0,,2026-08-23T20:10:41.468Z,2026-08-23T22:16:21.732Z,7540,2026-08-23T22:16:21.732Z,DRD-KVC,KVC,955211d4-28b8-44a0-8023-2bfaa48d6721,SAMMS-KVCv5
202608232214222743,202608232010369143,202608232010368283,85,327,Bronze INV,br_AdmissionAssessment,TASK_COMPLETE,SUCCESS,INFO,223,223,0,,2026-08-23T20:10:41.468Z,2026-08-23T22:16:21.732Z,7540,2026-08-23T22:16:21.732Z,DRD-NOLA,NOLA,955211d4-28b8-44a0-8023-2bfaa48d6721,SAMMS-NOLAv5
202608232214222744,202608232010369144,202608232010368283,85,328,Bronze INV,br_AdmissionAssessment,TASK_COMPLETE,SUCCESS,INFO,32,32,0,,2026-08-23T20:10:41.468Z,2026-08-23T22:16:21.732Z,7540,2026-08-23T22:16:21.732Z,DRD-SF,Springfield,955211d4-28b8-44a0-8023-2bfaa48d6721,SAMMS-SFv5
202608232214222745,202608232010369145,202608232010368283,85,330,Bronze INV,br_AdmissionAssessment,TASK_COMPLETE,SUCCESS,INFO,1,1,0,,2026-08-23T20:10:41.468Z,2026-08-23T22:16:21.732Z,7540,2026-08-23T22:16:21.732Z,ELC,Elizabeth City,955211d4-28b8-44a0-8023-2bfaa48d6721,SAMMS-ElizabethCity
202608232214222747,202608232010369146,202608232010368283,85,331,Bronze INV,br_AdmissionAssessment,TASK_COMPLETE,SUCCESS,INFO,0,0,0,,2026-08-23T20:10:41.468Z,2026-08-23T22:16:21.732Z,7540,2026-08-23T22:16:21.732Z,ET,Elizabethtown,955211d4-28b8-44a0-8023-2bfaa48d6721,SAMMS-Elizabethtown
202608232214222748,202608232010369147,202608232010368283,85,332,Bronze INV,br_AdmissionAssessment,TASK_COMPLETE,SUCCESS,INFO,10,10,0,,2026-08-23T20:10:41.468Z,2026-08-23T22:16:21.732Z,7540,2026-08-23T22:16:21.732Z,FAY,Fayetteville,955211d4-28b8-44a0-8023-2bfaa48d6721,SAMMS-Fayetteville
202608232214222749,202608232010369148,202608232010368283,85,333,Bronze INV,br_AdmissionAssessment,TASK_COMPLETE,SUCCESS,INFO,0,0,0,,2026-08-23T20:10:41.468Z,2026-08-23T22:16:21.732Z,7540,2026-08-23T22:16:21.732Z,FR,Frankfort,955211d4-28b8-44a0-8023-2bfaa48d6721,SAMMS-Frankfort
202608232214222750,202608232010369149,202608232010368283,85,334,Bronze INV,br_AdmissionAssessment,TASK_COMPLETE,SUCCESS,INFO,10,10,0,,2026-08-23T20:10:41.468Z,2026-08-23T22:16:21.732Z,7540,2026-08-23T22:16:21.732Z,FS,Fort Smith,955211d4-28b8-44a0-8023-2bfaa48d6721,SAMMS-FortSmith
202608232214222751,202608232010369150,202608232010368283,85,335,Bronze INV,br_AdmissionAssessment,TASK_COMPLETE,SUCCESS,INFO,104,104,0,,2026-08-23T20:10:41.468Z,2026-08-23T22:16:21.732Z,7540,2026-08-23T22:16:21.732Z,FW,Fort Wayne,955211d4-28b8-44a0-8023-2bfaa48d6721,SAMMS-FortWayne
202608232214222752,202608232010369151,202608232010368283,85,336,Bronze INV,br_AdmissionAssessment,TASK_COMPLETE,SUCCESS,INFO,4,4,0,,2026-08-23T20:10:41.468Z,2026-08-23T22:16:21.732Z,7540,2026-08-23T22:16:21.732Z,GAL,Gaylord,955211d4-28b8-44a0-8023-2bfaa48d6721,SAMMS-Gaylord
202608232214222754,202608232010369152,202608232010368283,85,340,Bronze INV,br_AdmissionAssessment,TASK_COMPLETE,SUCCESS,INFO,11,11,0,,2026-08-23T20:10:41.468Z,2026-08-23T22:16:21.732Z,7540,2026-08-23T22:16:21.732Z,HGT,Hagerstown,955211d4-28b8-44a0-8023-2bfaa48d6721,SAMMS-Hagerstown
202608232214222755,202608232010369153,202608232010368283,85,341,Bronze INV,br_AdmissionAssessment,TASK_COMPLETE,SUCCESS,INFO,11,11,0,,2026-08-23T20:10:41.468Z,2026-08-23T22:16:21.732Z,7540,2026-08-23T22:16:21.732Z,HNT,Huntsville,955211d4-28b8-44a0-8023-2bfaa48d6721,SAMMS-Huntsville
202608232214222756,202608232010369154,202608232010368283,85,342,Bronze INV,br_AdmissionAssessment,TASK_COMPLETE,SUCCESS,INFO,18,18,0,,2026-08-23T20:10:41.468Z,2026-08-23T22:16:21.732Z,7540,2026-08-23T22:16:21.732Z,HS,Hot Springs,955211d4-28b8-44a0-8023-2bfaa48d6721,SAMMS-HotSprings
202608232214222757,202608232010369155,202608232010368283,85,343,Bronze INV,br_AdmissionAssessment,TASK_COMPLETE,SUCCESS,INFO,4,4,0,,2026-08-23T20:10:41.468Z,2026-08-23T22:16:21.732Z,7540,2026-08-23T22:16:21.732Z,JON,Jonesboro,955211d4-28b8-44a0-8023-2bfaa48d6721,SAMMS-Jonesboro
202608232214222758,202608232010369156,202608232010368283,85,345,Bronze INV,br_AdmissionAssessment,TASK_COMPLETE,SUCCESS,INFO,5,5,0,,2026-08-23T20:10:41.468Z,2026-08-23T22:16:21.732Z,7540,2026-08-23T22:16:21.732Z,LAN,Lansing,955211d4-28b8-44a0-8023-2bfaa48d6721,SAMMS-Lansing
202608232214222759,202608232010369157,202608232010368283,85,346,Bronze INV,br_AdmissionAssessment,TASK_COMPLETE,SUCCESS,INFO,1,1,0,,2026-08-23T20:10:41.468Z,2026-08-23T22:16:21.732Z,7540,2026-08-23T22:16:21.732Z,LO,Louisville,955211d4-28b8-44a0-8023-2bfaa48d6721,SAMMS-Louisville
202608232214222761,202608232010369158,202608232010368283,85,347,Bronze INV,br_AdmissionAssessment,TASK_COMPLETE,SUCCESS,INFO,22,22,0,,2026-08-23T20:10:41.468Z,2026-08-23T22:16:21.732Z,7540,2026-08-23T22:16:21.732Z,LV1,Cheyenne,955211d4-28b8-44a0-8023-2bfaa48d6721,SAMMS-Cheyenne
202608232214222762,202608232010369159,202608232010368283,85,348,Bronze INV,br_AdmissionAssessment,TASK_COMPLETE,SUCCESS,INFO,17,17,0,,2026-08-23T20:10:41.468Z,2026-08-23T22:16:21.732Z,7540,2026-08-23T22:16:21.732Z,LV2,Desert Inn,955211d4-28b8-44a0-8023-2bfaa48d6721,SAMMS-DesertInn
202608232214222763,202608232010369160,202608232010368283,85,349,Bronze INV,br_AdmissionAssessment,TASK_COMPLETE,SUCCESS,INFO,2,2,0,,2026-08-23T20:10:41.468Z,2026-08-23T22:16:21.732Z,7540,2026-08-23T22:16:21.732Z,LV3,McDaniel,955211d4-28b8-44a0-8023-2bfaa48d6721,SAMMS-McDaniel
202608232214222764,202608232010369161,202608232010368283,85,352,Bronze INV,br_AdmissionAssessment,TASK_COMPLETE,SUCCESS,INFO,8,8,0,,2026-08-23T20:10:41.468Z,2026-08-23T22:16:21.732Z,7540,2026-08-23T22:16:21.732Z,MNRE,Monroe,955211d4-28b8-44a0-8023-2bfaa48d6721,SAMMS-Monroe
202608232214222765,202608232010369162,202608232010368283,85,353,Bronze INV,br_AdmissionAssessment,TASK_COMPLETE,SUCCESS,INFO,2,2,0,,2026-08-23T20:10:41.468Z,2026-08-23T22:16:21.732Z,7540,2026-08-23T22:16:21.732Z,MP,Mt. Pleasant,955211d4-28b8-44a0-8023-2bfaa48d6721,SAMMS-MtPleasant
202608232214222766,202608232010369163,202608232010368283,85,354,Bronze INV,br_AdmissionAssessment,TASK_COMPLETE,SUCCESS,INFO,4,4,0,,2026-08-23T20:10:41.468Z,2026-08-23T22:16:21.732Z,7540,2026-08-23T22:16:21.732Z,MRD,Meridian,955211d4-28b8-44a0-8023-2bfaa48d6721,SAMMS-Meridian
202608232214222768,202608232010369164,202608232010368283,85,359,Bronze INV,br_AdmissionAssessment,TASK_COMPLETE,SUCCESS,INFO,12,12,0,,2026-08-23T20:10:41.468Z,2026-08-23T22:16:21.732Z,7540,2026-08-23T22:16:21.732Z,NC,North Charleston,955211d4-28b8-44a0-8023-2bfaa48d6721,SAMMS-NorthCharleston
202608232214222769,202608232010369165,202608232010368283,85,360,Bronze INV,br_AdmissionAssessment,TASK_COMPLETE,SUCCESS,INFO,11,11,0,,2026-08-23T20:10:41.468Z,2026-08-23T22:16:21.732Z,7540,2026-08-23T22:16:21.732Z,NLR,N. Little Rock,955211d4-28b8-44a0-8023-2bfaa48d6721,SAMMS-NLROBOT
202608232214222770,202608232010369166,202608232010368283,85,361,Bronze INV,br_AdmissionAssessment,TASK_COMPLETE,SUCCESS,INFO,0,0,0,,2026-08-23T20:10:41.468Z,2026-08-23T22:16:21.732Z,7540,2026-08-23T22:16:21.732Z,PH,Phoenix,955211d4-28b8-44a0-8023-2bfaa48d6721,SAMMS-Phoenix
202608232214222771,202608232010369167,202608232010368283,85,365,Bronze INV,br_AdmissionAssessment,TASK_COMPLETE,SUCCESS,INFO,12,12,0,,2026-08-23T20:10:41.468Z,2026-08-23T22:16:21.732Z,7540,2026-08-23T22:16:21.732Z,RE,Reno,955211d4-28b8-44a0-8023-2bfaa48d6721,SAMMS-Reno
202608232214222772,202608232010369168,202608232010368283,85,366,Bronze INV,br_AdmissionAssessment,TASK_COMPLETE,SUCCESS,INFO,0,0,0,,2026-08-23T20:10:41.468Z,2026-08-23T22:16:21.732Z,7540,2026-08-23T22:16:21.732Z,RMD,Richmond,955211d4-28b8-44a0-8023-2bfaa48d6721,SAMMS-Richmond
202608232214222773,202608232010369169,202608232010368283,85,367,Bronze INV,br_AdmissionAssessment,TASK_COMPLETE,SUCCESS,INFO,24,24,0,,2026-08-23T20:10:41.468Z,2026-08-23T22:16:21.732Z,7540,2026-08-23T22:16:21.732Z,SFN,Springfield North,955211d4-28b8-44a0-8023-2bfaa48d6721,SAMMS-SFNv5
202608232214222774,202608232010369170,202608232010368283,85,368,Bronze INV,br_AdmissionAssessment,TASK_COMPLETE,SUCCESS,INFO,14,14,0,,2026-08-23T20:10:41.468Z,2026-08-23T22:16:21.732Z,7540,2026-08-23T22:16:21.732Z,SHP,Shreveport,955211d4-28b8-44a0-8023-2bfaa48d6721,SAMMS-Shreveport
202608232214222776,202608232010369171,202608232010368283,85,370,Bronze INV,br_AdmissionAssessment,TASK_COMPLETE,SUCCESS,INFO,0,0,0,,2026-08-23T20:10:41.468Z,2026-08-23T22:16:21.732Z,7540,2026-08-23T22:16:21.732Z,STN,Staunton,955211d4-28b8-44a0-8023-2bfaa48d6721,SAMMS-Staunton
202608232214222777,202608232010369172,202608232010368283,85,371,Bronze INV,br_AdmissionAssessment,TASK_COMPLETE,SUCCESS,INFO,2,2,0,,2026-08-23T20:10:41.468Z,2026-08-23T22:16:21.732Z,7540,2026-08-23T22:16:21.732Z,STVN,Stevenson,955211d4-28b8-44a0-8023-2bfaa48d6721,SAMMS-Stevenson
202608232214222778,202608232010369173,202608232010368283,85,373,Bronze INV,br_AdmissionAssessment,TASK_COMPLETE,SUCCESS,INFO,0,0,0,,2026-08-23T20:10:41.468Z,2026-08-23T22:16:21.732Z,7540,2026-08-23T22:16:21.732Z,TE,Tempe,955211d4-28b8-44a0-8023-2bfaa48d6721,SAMMS-Tempe
202608232214222779,202608232010369174,202608232010368283,85,374,Bronze INV,br_AdmissionAssessment,TASK_COMPLETE,SUCCESS,INFO,11,11,0,,2026-08-23T20:10:41.468Z,2026-08-23T22:16:21.732Z,7540,2026-08-23T22:16:21.732Z,TEX,Texarkana,955211d4-28b8-44a0-8023-2bfaa48d6721,SAMMS-Texarkana
202608232214222780,202608232010369175,202608232010368283,85,375,Bronze INV,br_AdmissionAssessment,TASK_COMPLETE,SUCCESS,INFO,9,9,0,,2026-08-23T20:10:41.468Z,2026-08-23T22:16:21.732Z,7540,2026-08-23T22:16:21.732Z,TTCA,Bessemer,955211d4-28b8-44a0-8023-2bfaa48d6721,SAMMS-BessemerV5
202608232214222781,202608232010369176,202608232010368283,85,376,Bronze INV,br_AdmissionAssessment,TASK_COMPLETE,SUCCESS,INFO,14,14,0,,2026-08-23T20:10:41.468Z,2026-08-23T22:16:21.732Z,7540,2026-08-23T22:16:21.732Z,TTCB,Cullman,955211d4-28b8-44a0-8023-2bfaa48d6721,SAMMS-CullmanV5
202608232214222783,202608232010369177,202608232010368283,85,377,Bronze INV,br_AdmissionAssessment,TASK_COMPLETE,SUCCESS,INFO,3,3,0,,2026-08-23T20:10:41.468Z,2026-08-23T22:16:21.732Z,7540,2026-08-23T22:16:21.732Z,TTCC,Grand Bay,955211d4-28b8-44a0-8023-2bfaa48d6721,SAMMS-GrandBay
202608232214222784,202608232010369178,202608232010368283,85,378,Bronze INV,br_AdmissionAssessment,TASK_COMPLETE,SUCCESS,INFO,0,0,0,,2026-08-23T20:10:41.468Z,2026-08-23T22:16:21.732Z,7540,2026-08-23T22:16:21.732Z,TU,Tucson,955211d4-28b8-44a0-8023-2bfaa48d6721,SAMMS-Tucson
202608232214222785,202608232010369179,202608232010368283,85,380,Bronze INV,br_AdmissionAssessment,TASK_COMPLETE,SUCCESS,INFO,3,3,0,,2026-08-23T20:10:41.468Z,2026-08-23T22:16:21.732Z,7540,2026-08-23T22:16:21.732Z,V1,Memphis South,955211d4-28b8-44a0-8023-2bfaa48d6721,SAMMS-VCPHCS-I-MemphisV5
202608232214222786,202608232010369180,202608232010368283,85,381,Bronze INV,br_AdmissionAssessment,TASK_COMPLETE,SUCCESS,INFO,8,8,0,,2026-08-23T20:10:41.468Z,2026-08-23T22:16:21.732Z,7540,2026-08-23T22:16:21.732Z,V10,Longmont,955211d4-28b8-44a0-8023-2bfaa48d6721,SAMMS-BoulderV5
202608232214222787,202608232010369181,202608232010368283,85,382,Bronze INV,br_AdmissionAssessment,TASK_COMPLETE,SUCCESS,INFO,28,28,0,,2026-08-23T20:10:41.468Z,2026-08-23T22:16:21.732Z,7540,2026-08-23T22:16:21.732Z,V10A,Fort Collins,955211d4-28b8-44a0-8023-2bfaa48d6721,SAMMS-FortCollinsV5
202608232214222788,202608232010369182,202608232010368283,85,383,Bronze INV,br_AdmissionAssessment,TASK_COMPLETE,SUCCESS,INFO,17,17,0,,2026-08-23T20:10:41.468Z,2026-08-23T22:16:21.732Z,7540,2026-08-23T22:16:21.732Z,V11,Westminster,955211d4-28b8-44a0-8023-2bfaa48d6721,SAMMS-VCPHCS-XI-NorthDenverV5
202608232214222790,202608232010369183,202608232010368283,85,384,Bronze INV,br_AdmissionAssessment,TASK_COMPLETE,SUCCESS,INFO,17,17,0,,2026-08-23T20:10:41.468Z,2026-08-23T22:16:21.732Z,7540,2026-08-23T22:16:21.732Z,V12,Downtown Denver,955211d4-28b8-44a0-8023-2bfaa48d6721,SAMMS-VCPHCS-XII-DowntownDenverV5
202608232214222791,202608232010369184,202608232010368283,85,385,Bronze INV,br_AdmissionAssessment,TASK_COMPLETE,SUCCESS,INFO,7,7,0,,2026-08-23T20:10:41.468Z,2026-08-23T22:16:21.732Z,7540,2026-08-23T22:16:21.732Z,V12A,Centennial,955211d4-28b8-44a0-8023-2bfaa48d6721,SAMMS-CentennialV5
202608232214222792,202608232010369185,202608232010368283,85,386,Bronze INV,br_AdmissionAssessment,TASK_COMPLETE,SUCCESS,INFO,5,5,0,,2026-08-23T20:10:41.468Z,2026-08-23T22:16:21.732Z,7540,2026-08-23T22:16:21.732Z,V14,Overland Park,955211d4-28b8-44a0-8023-2bfaa48d6721,SAMMS-VCPHCS-XIV-BridgewayV5
202608232214222793,202608232010369186,202608232010368283,85,387,Bronze INV,br_AdmissionAssessment,TASK_COMPLETE,SUCCESS,INFO,27,27,0,,2026-08-23T20:10:41.468Z,2026-08-23T22:16:21.732Z,7540,2026-08-23T22:16:21.732Z,V15,Joplin,955211d4-28b8-44a0-8023-2bfaa48d6721,SAMMS-JoplinV5
202608232214222794,202608232010369187,202608232010368283,85,389,Bronze INV,br_AdmissionAssessment,TASK_COMPLETE,SUCCESS,INFO,16,16,0,,2026-08-23T20:10:41.468Z,2026-08-23T22:16:21.732Z,7540,2026-08-23T22:16:21.732Z,V17,Columbia TN,955211d4-28b8-44a0-8023-2bfaa48d6721,SAMMS-ColumbiaTNv5
202608232214222795,202608232010369188,202608232010368283,85,391,Bronze INV,br_AdmissionAssessment,TASK_COMPLETE,SUCCESS,INFO,13,13,0,,2026-08-23T20:10:41.468Z,2026-08-23T22:16:21.732Z,7540,2026-08-23T22:16:21.732Z,V19,Jackson,955211d4-28b8-44a0-8023-2bfaa48d6721,SAMMS-JacksonV5
202608232214222796,202608232010369189,202608232010368283,85,393,Bronze INV,br_AdmissionAssessment,TASK_COMPLETE,SUCCESS,INFO,8,8,0,,2026-08-23T20:10:41.468Z,2026-08-23T22:16:21.732Z,7540,2026-08-23T22:16:21.732Z,V20,Paris,955211d4-28b8-44a0-8023-2bfaa48d6721,SAMMS-ParisV5
202608232214222798,202608232010369190,202608232010368283,85,394,Bronze INV,br_AdmissionAssessment,TASK_COMPLETE,SUCCESS,INFO,4,4,0,,2026-08-23T20:10:41.468Z,2026-08-23T22:16:21.732Z,7540,2026-08-23T22:16:21.732Z,V21,Memphis North,955211d4-28b8-44a0-8023-2bfaa48d6721,SAMMS-RaleighV5
202608232214222799,202608232010369191,202608232010368283,85,397,Bronze INV,br_AdmissionAssessment,TASK_COMPLETE,SUCCESS,INFO,11,11,0,,2026-08-23T20:10:41.468Z,2026-08-23T22:16:21.732Z,7540,2026-08-23T22:16:21.732Z,V5,West Bank,955211d4-28b8-44a0-8023-2bfaa48d6721,SAMMS-NONTCv5
202608232214222800,202608232010369192,202608232010368283,85,399,Bronze INV,br_AdmissionAssessment,TASK_COMPLETE,SUCCESS,INFO,9,9,0,,2026-08-23T20:10:41.468Z,2026-08-23T22:16:21.732Z,7540,2026-08-23T22:16:21.732Z,V5B,Houma,955211d4-28b8-44a0-8023-2bfaa48d6721,SAMMS-HoumaV6
202608232214222801,202608232010369193,202608232010368283,85,400,Bronze INV,br_AdmissionAssessment,TASK_COMPLETE,SUCCESS,INFO,9,9,0,,2026-08-23T20:10:41.468Z,2026-08-23T22:16:21.732Z,7540,2026-08-23T22:16:21.732Z,V6,Lake Charles,955211d4-28b8-44a0-8023-2bfaa48d6721,SAMMS-LCv5
202608232214222802,202608232010369194,202608232010368283,85,402,Bronze INV,br_AdmissionAssessment,TASK_COMPLETE,SUCCESS,INFO,14,14,0,,2026-08-23T20:10:41.468Z,2026-08-23T22:16:21.732Z,7540,2026-08-23T22:16:21.732Z,V8,Memphis Midtown,955211d4-28b8-44a0-8023-2bfaa48d6721,SAMMS-VCPHCS-VIII-MemphisV5
202608232214222803,202608232010369195,202608232010368283,85,403,Bronze INV,br_AdmissionAssessment,TASK_COMPLETE,SUCCESS,INFO,24,24,0,,2026-08-23T20:10:41.468Z,2026-08-23T22:16:21.732Z,7540,2026-08-23T22:16:21.732Z,V9,Nashville,955211d4-28b8-44a0-8023-2bfaa48d6721,SAMMS-NashvilleV5
202608232214222805,202608232010369196,202608232010368283,85,404,Bronze INV,br_AdmissionAssessment,TASK_COMPLETE,SUCCESS,INFO,0,0,0,,2026-08-23T20:10:41.468Z,2026-08-23T22:16:21.732Z,7540,2026-08-23T22:16:21.732Z,VBRA,Brainerd,955211d4-28b8-44a0-8023-2bfaa48d6721,SAMMS-BrainerdV6
202608232214222806,202608232010369197,202608232010368283,85,405,Bronze INV,br_AdmissionAssessment,TASK_COMPLETE,SUCCESS,INFO,2,2,0,,2026-08-23T20:10:41.468Z,2026-08-23T22:16:21.732Z,7540,2026-08-23T22:16:21.732Z,VBRP,Brooklyn Park,955211d4-28b8-44a0-8023-2bfaa48d6721,SAMMS-BrooklynParkV6
202608232214222807,202608232010369198,202608232010368283,85,407,Bronze INV,br_AdmissionAssessment,TASK_COMPLETE,SUCCESS,INFO,0,0,0,,2026-08-23T20:10:41.468Z,2026-08-23T22:16:21.732Z,7540,2026-08-23T22:16:21.732Z,VMIN,Minneapolis,955211d4-28b8-44a0-8023-2bfaa48d6721,SAMMS-MinneapolisV6
202608232214222808,202608232010369199,202608232010368283,85,408,Bronze INV,br_AdmissionAssessment,TASK_COMPLETE,SUCCESS,INFO,1,1,0,,2026-08-23T20:10:41.468Z,2026-08-23T22:16:21.732Z,7540,2026-08-23T22:16:21.732Z,VWBY,Woodbury,955211d4-28b8-44a0-8023-2bfaa48d6721,SAMMS-WoodburyV6
202608241448406985,202608241408172742,202608241408171802,88,5609,P1 Reference Preadmission Referral Source Bronze - B35,br_samms_preadmission_referral_source,TASK_COMPLETE,FAILED,ERROR,0,0,1,SavePreAdminReferrals Bronze ForEach failed,2026-08-24T14:08:21.733Z,2026-08-24T15:03:37.584Z,3316,2026-08-24T15:03:37.584Z,B35,Lexington,6c7532c9-dcb1-40a3-beaa-690039713dec,SAMMS-LexingtonV5
202608241448406986,202608241408172743,202608241408171802,88,5610,P1 Reference Preadmission Referral Source Bronze - B35A,br_samms_preadmission_referral_source,TASK_COMPLETE,FAILED,ERROR,0,0,1,SavePreAdminReferrals Bronze ForEach failed,2026-08-24T14:08:21.733Z,2026-08-24T15:03:37.584Z,3316,2026-08-24T15:03:37.584Z,B35A,Berea,6c7532c9-dcb1-40a3-beaa-690039713dec,SAMMS-BereaV5
202608241448406987,202608241408172744,202608241408171802,88,5611,P1 Reference Preadmission Referral Source Bronze - B36,br_samms_preadmission_referral_source,TASK_COMPLETE,FAILED,ERROR,0,0,1,SavePreAdminReferrals Bronze ForEach failed,2026-08-24T14:08:21.733Z,2026-08-24T15:03:37.584Z,3316,2026-08-24T15:03:37.584Z,B36,Asheville,6c7532c9-dcb1-40a3-beaa-690039713dec,SAMMS-AshevilleV5
202608241448406989,202608241408172745,202608241408171802,88,5612,P1 Reference Preadmission Referral Source Bronze - B37,br_samms_preadmission_referral_source,TASK_COMPLETE,FAILED,ERROR,0,0,1,SavePreAdminReferrals Bronze ForEach failed,2026-08-24T14:08:21.733Z,2026-08-24T15:03:37.584Z,3316,2026-08-24T15:03:37.584Z,B37,Clyde,6c7532c9-dcb1-40a3-beaa-690039713dec,SAMMS-ClydeV5
202608241448406990,202608241408172746,202608241408171802,88,5613,P1 Reference Preadmission Referral Source Bronze - B38,br_samms_preadmission_referral_source,TASK_COMPLETE,FAILED,ERROR,0,0,1,SavePreAdminReferrals Bronze ForEach failed,2026-08-24T14:08:21.733Z,2026-08-24T15:03:37.584Z,3316,2026-08-24T15:03:37.584Z,B38,Spartanburg,6c7532c9-dcb1-40a3-beaa-690039713dec,SAMMS-SpartanburgV5
202608241448406991,202608241408172747,202608241408171802,88,5614,P1 Reference Preadmission Referral Source Bronze - B39,br_samms_preadmission_referral_source,TASK_COMPLETE,FAILED,ERROR,0,0,1,SavePreAdminReferrals Bronze ForEach failed,2026-08-24T14:08:21.733Z,2026-08-24T15:03:37.584Z,3316,2026-08-24T15:03:37.584Z,B39,Aiken,6c7532c9-dcb1-40a3-beaa-690039713dec,SAMMS-AikenV5
202608241448406992,202608241408172748,202608241408171802,88,5615,P1 Reference Preadmission Referral Source Bronze - B41,br_samms_preadmission_referral_source,TASK_COMPLETE,FAILED,ERROR,0,0,1,SavePreAdminReferrals Bronze ForEach failed,2026-08-24T14:08:21.733Z,2026-08-24T15:03:37.584Z,3316,2026-08-24T15:03:37.584Z,B41,Chesapeake,6c7532c9-dcb1-40a3-beaa-690039713dec,SAMMS-ChesapeakeV5
202608241448406993,202608241408172749,202608241408171802,88,5616,P1 Reference Preadmission Referral Source Bronze - B42,br_samms_preadmission_referral_source,TASK_COMPLETE,FAILED,ERROR,0,0,1,SavePreAdminReferrals Bronze ForEach failed,2026-08-24T14:08:21.733Z,2026-08-24T15:03:37.584Z,3316,2026-08-24T15:03:37.584Z,B42,VirginiaBeach,6c7532c9-dcb1-40a3-beaa-690039713dec,SAMMS-VirginiaBeachV5
202608241448406995,202608241408172750,202608241408171802,88,5617,P1 Reference Preadmission Referral Source Bronze - B42A,br_samms_preadmission_referral_source,TASK_COMPLETE,FAILED,ERROR,0,0,1,SavePreAdminReferrals Bronze ForEach failed,2026-08-24T14:08:21.733Z,2026-08-24T15:03:37.584Z,3316,2026-08-24T15:03:37.584Z,B42A,NewportNews,6c7532c9-dcb1-40a3-beaa-690039713dec,SAMMS-NewportNewsV5
202608241448406996,202608241408172751,202608241408171802,88,5618,P1 Reference Preadmission Referral Source Bronze - B42B,br_samms_preadmission_referral_source,TASK_COMPLETE,FAILED,ERROR,0,0,1,SavePreAdminReferrals Bronze ForEach failed,2026-08-24T14:08:21.733Z,2026-08-24T15:03:37.584Z,3316,2026-08-24T15:03:37.584Z,B42B,Franklin,6c7532c9-dcb1-40a3-beaa-690039713dec,SAMMS-FranklinV5
202608241448406997,202608241408172752,202608241408171802,88,5619,P1 Reference Preadmission Referral Source Bronze - B42C,br_samms_preadmission_referral_source,TASK_COMPLETE,FAILED,ERROR,0,0,1,SavePreAdminReferrals Bronze ForEach failed,2026-08-24T14:08:21.733Z,2026-08-24T15:03:37.584Z,3316,2026-08-24T15:03:37.584Z,B42C,GlenAllen,6c7532c9-dcb1-40a3-beaa-690039713dec,SAMMS-GlenAllenV5
202608241448406999,202608241408172753,202608241408171802,88,5620,P1 Reference Preadmission Referral Source Bronze - B42D,br_samms_preadmission_referral_source,TASK_COMPLETE,FAILED,ERROR,0,0,1,SavePreAdminReferrals Bronze ForEach failed,2026-08-24T14:08:21.733Z,2026-08-24T15:03:37.584Z,3316,2026-08-24T15:03:37.584Z,B42D,ChesapeakeSouth,6c7532c9-dcb1-40a3-beaa-690039713dec,SAMMS-ChesapeakeSouthV5
202608241448407000,202608241408172754,202608241408171802,88,5621,P1 Reference Preadmission Referral Source Bronze - B44,br_samms_preadmission_referral_source,TASK_COMPLETE,FAILED,ERROR,0,0,1,SavePreAdminReferrals Bronze ForEach failed,2026-08-24T14:08:21.733Z,2026-08-24T15:03:37.584Z,3316,2026-08-24T15:03:37.584Z,B44,Albany,6c7532c9-dcb1-40a3-beaa-690039713dec,SAMMS-AlbanyV5
202608241448407002,202608241408172755,202608241408171802,88,5622,P1 Reference Preadmission Referral Source Bronze - B45,br_samms_preadmission_referral_source,TASK_COMPLETE,FAILED,ERROR,0,0,1,SavePreAdminReferrals Bronze ForEach failed,2026-08-24T14:08:21.733Z,2026-08-24T15:03:37.584Z,3316,2026-08-24T15:03:37.584Z,B45,Tifton,6c7532c9-dcb1-40a3-beaa-690039713dec,SAMMS-TiftonV5
202608241333251120,202608241253387196,202608241253386616,88,5239,P1 Reference Dropdown List Items Bronze - WIL,br_samms_dropdown_list_items,TASK_COMPLETE,FAILED,ERROR,0,0,1,SavedropDownListItems Bronze ForEach failed,2026-08-24T12:53:42.369Z,2026-08-24T13:42:52.652Z,2950,2026-08-24T13:42:52.652Z,WIL,Wilson,8f1806c1-b1f2-4ac5-b25b-086fec51b8fb,SAMMS-Wilson
202608241333251221,202608241253486621,202608241253486616,89,5240,P1 Reference Dropdown List Items Silver,tbl_DroDownListItems,TASK_COMPLETE,SKIPPED,WARN,0,0,0,Skipped: SavedropDownListItems failed at BR,2026-08-24T12:53:42.369Z,2026-08-24T13:42:52.652Z,2950,2026-08-24T13:42:52.652Z,,,8f1806c1-b1f2-4ac5-b25b-086fec51b8fb,
202608241333251129,202608241253387544,202608241253386616,88,5597,P1 Reference Preadmission Referral Source Bronze - AHK,br_samms_preadmission_referral_source,TASK_COMPLETE,FAILED,ERROR,0,0,1,SavePreAdminReferrals Bronze ForEach failed,2026-08-24T12:53:42.369Z,2026-08-24T13:42:52.652Z,2950,2026-08-24T13:42:52.652Z,AHK,Ahoskie,8f1806c1-b1f2-4ac5-b25b-086fec51b8fb,SAMMS-Ahoskie
202608241333251131,202608241253387545,202608241253386616,88,5598,P1 Reference Preadmission Referral Source Bronze - B12B,br_samms_preadmission_referral_source,TASK_COMPLETE,FAILED,ERROR,0,0,1,SavePreAdminReferrals Bronze ForEach failed,2026-08-24T12:53:42.369Z,2026-08-24T13:42:52.652Z,2950,2026-08-24T13:42:52.652Z,B12B,ColoradoSprings,8f1806c1-b1f2-4ac5-b25b-086fec51b8fb,SAMMS-ColoradoSpringsV5
202608241333251132,202608241253387546,202608241253386616,88,5599,P1 Reference Preadmission Referral Source Bronze - B24,br_samms_preadmission_referral_source,TASK_COMPLETE,FAILED,ERROR,0,0,1,SavePreAdminReferrals Bronze ForEach failed,2026-08-24T12:53:42.369Z,2026-08-24T13:42:52.652Z,2950,2026-08-24T13:42:52.652Z,B24,Paintsville,8f1806c1-b1f2-4ac5-b25b-086fec51b8fb,SAMMS-PaintsvilleV5
202608241333251133,202608241253387547,202608241253386616,88,5600,P1 Reference Preadmission Referral Source Bronze - B25,br_samms_preadmission_referral_source,TASK_COMPLETE,FAILED,ERROR,0,0,1,SavePreAdminReferrals Bronze ForEach failed,2026-08-24T12:53:42.369Z,2026-08-24T13:42:52.652Z,2950,2026-08-24T13:42:52.652Z,B25,Pikeville,8f1806c1-b1f2-4ac5-b25b-086fec51b8fb,SAMMS-PikevilleV5
202608241333251134,202608241253387548,202608241253386616,88,5601,P1 Reference Preadmission Referral Source Bronze - B26,br_samms_preadmission_referral_source,TASK_COMPLETE,FAILED,ERROR,0,0,1,SavePreAdminReferrals Bronze ForEach failed,2026-08-24T12:53:42.369Z,2026-08-24T13:42:52.652Z,2950,2026-08-24T13:42:52.652Z,B26,Hazard,8f1806c1-b1f2-4ac5-b25b-086fec51b8fb,SAMMS-HazardV5
202608241333251135,202608241253387549,202608241253386616,88,5602,P1 Reference Preadmission Referral Source Bronze - B27,br_samms_preadmission_referral_source,TASK_COMPLETE,FAILED,ERROR,0,0,1,SavePreAdminReferrals Bronze ForEach failed,2026-08-24T12:53:42.369Z,2026-08-24T13:42:52.652Z,2950,2026-08-24T13:42:52.652Z,B27,Savannah,8f1806c1-b1f2-4ac5-b25b-086fec51b8fb,SAMMS-SavannahV6
202608241333251136,202608241253387550,202608241253386616,88,5603,P1 Reference Preadmission Referral Source Bronze - B28,br_samms_preadmission_referral_source,TASK_COMPLETE,FAILED,ERROR,0,0,1,SavePreAdminReferrals Bronze ForEach failed,2026-08-24T12:53:42.369Z,2026-08-24T13:42:52.652Z,2950,2026-08-24T13:42:52.652Z,B28,WestPlaines,8f1806c1-b1f2-4ac5-b25b-086fec51b8fb,SAMMS-WestPlainesV5
202608241333251138,202608241253387551,202608241253386616,88,5604,P1 Reference Preadmission Referral Source Bronze - B29,br_samms_preadmission_referral_source,TASK_COMPLETE,FAILED,ERROR,0,0,1,SavePreAdminReferrals Bronze ForEach failed,2026-08-24T12:53:42.369Z,2026-08-24T13:42:52.652Z,2950,2026-08-24T13:42:52.652Z,B29,PoplarBluff,8f1806c1-b1f2-4ac5-b25b-086fec51b8fb,SAMMS-PoplarBluffV5
202608241333251139,202608241253387552,202608241253386616,88,5605,P1 Reference Preadmission Referral Source Bronze - B30,br_samms_preadmission_referral_source,TASK_COMPLETE,FAILED,ERROR,0,0,1,SavePreAdminReferrals Bronze ForEach failed,2026-08-24T12:53:42.369Z,2026-08-24T13:42:52.652Z,2950,2026-08-24T13:42:52.652Z,B30,KCN,8f1806c1-b1f2-4ac5-b25b-086fec51b8fb,SAMMS-KCNv5
202608241333251140,202608241253387553,202608241253386616,88,5606,P1 Reference Preadmission Referral Source Bronze - B31,br_samms_preadmission_referral_source,TASK_COMPLETE,FAILED,ERROR,0,0,1,SavePreAdminReferrals Bronze ForEach failed,2026-08-24T12:53:42.369Z,2026-08-24T13:42:52.652Z,2950,2026-08-24T13:42:52.652Z,B31,Dyersburg,8f1806c1-b1f2-4ac5-b25b-086fec51b8fb,SAMMS-DyersburgV5
202608241333251141,202608241253387554,202608241253386616,88,5607,P1 Reference Preadmission Referral Source Bronze - B33,br_samms_preadmission_referral_source,TASK_COMPLETE,FAILED,ERROR,0,0,1,SavePreAdminReferrals Bronze ForEach failed,2026-08-24T12:53:42.369Z,2026-08-24T13:42:52.652Z,2950,2026-08-24T13:42:52.652Z,B33,Paducah,8f1806c1-b1f2-4ac5-b25b-086fec51b8fb,SAMMS-Paducah
202608241333251143,202608241253387555,202608241253386616,88,5608,P1 Reference Preadmission Referral Source Bronze - B34,br_samms_preadmission_referral_source,TASK_COMPLETE,FAILED,ERROR,0,0,1,SavePreAdminReferrals Bronze ForEach failed,2026-08-24T12:53:42.369Z,2026-08-24T13:42:52.652Z,2950,2026-08-24T13:42:52.652Z,B34,Corbin,8f1806c1-b1f2-4ac5-b25b-086fec51b8fb,SAMMS-CorbinV5
202608260854401747,202608260654257291,202608260654255519,85,3077,Bronze INV,br_ReAssessment,TASK_COMPLETE,SUCCESS,INFO,0,0,0,,2026-08-26T06:54:31.515Z,2026-08-26T08:57:15.847Z,7364,2026-08-26T08:57:15.847Z,D08,Madison,912d32aa-0b7f-4999-bf60-6670fe5985ea,SAMMS-MadisonV6
202608260854401749,202608260654257292,202608260654255519,85,3079,Bronze INV,br_ReAssessment,TASK_COMPLETE,SUCCESS,INFO,0,0,0,,2026-08-26T06:54:31.515Z,2026-08-26T08:57:15.847Z,7364,2026-08-26T08:57:15.847Z,D09,Murfreesboro,912d32aa-0b7f-4999-bf60-6670fe5985ea,SAMMS-MurfreesboroV6
202608260854401750,202608260654257293,202608260654255519,85,3080,Bronze INV,br_ReAssessment,TASK_COMPLETE,SUCCESS,INFO,0,0,0,,2026-08-26T06:54:31.515Z,2026-08-26T08:57:15.847Z,7364,2026-08-26T08:57:15.847Z,DA,Davenport,912d32aa-0b7f-4999-bf60-6670fe5985ea,SAMMS-Davenport
202608260854401751,202608260654257294,202608260654255519,85,3081,Bronze INV,br_ReAssessment,TASK_COMPLETE,SUCCESS,INFO,0,0,0,,2026-08-26T06:54:31.515Z,2026-08-26T08:57:15.847Z,7364,2026-08-26T08:57:15.847Z,DM,Des Moines,912d32aa-0b7f-4999-bf60-6670fe5985ea,SAMMS-DesMoines
202608260854401752,202608260654257295,202608260654255519,85,3083,Bronze INV,br_ReAssessment,TASK_COMPLETE,SUCCESS,INFO,0,0,0,,2026-08-26T06:54:31.515Z,2026-08-26T08:57:15.847Z,7364,2026-08-26T08:57:15.847Z,DRD-CO,Columbia MO,912d32aa-0b7f-4999-bf60-6670fe5985ea,SAMMS-ColumbiaV5
202608260854401753,202608260654257296,202608260654255519,85,3084,Bronze INV,br_ReAssessment,TASK_COMPLETE,SUCCESS,INFO,0,0,0,,2026-08-26T06:54:31.515Z,2026-08-26T08:57:15.847Z,7364,2026-08-26T08:57:15.847Z,DRD-KC,KC,912d32aa-0b7f-4999-bf60-6670fe5985ea,SAMMS-KCv5
202608260854401754,202608260654257297,202608260654255519,85,3085,Bronze INV,br_ReAssessment,TASK_COMPLETE,SUCCESS,INFO,0,0,0,,2026-08-26T06:54:31.515Z,2026-08-26T08:57:15.847Z,7364,2026-08-26T08:57:15.847Z,DRD-KVB,KVB,912d32aa-0b7f-4999-bf60-6670fe5985ea,SAMMS-KVBv5
202608260854401755,202608260654257298,202608260654255519,85,3086,Bronze INV,br_ReAssessment,TASK_COMPLETE,SUCCESS,INFO,0,0,0,,2026-08-26T06:54:31.515Z,2026-08-26T08:57:15.847Z,7364,2026-08-26T08:57:15.847Z,DRD-KVC,KVC,912d32aa-0b7f-4999-bf60-6670fe5985ea,SAMMS-KVCv5
202608260854401756,202608260654257299,202608260654255519,85,3087,Bronze INV,br_ReAssessment,TASK_COMPLETE,SUCCESS,INFO,0,0,0,,2026-08-26T06:54:31.515Z,2026-08-26T08:57:15.847Z,7364,2026-08-26T08:57:15.847Z,DRD-NOLA,NOLA,912d32aa-0b7f-4999-bf60-6670fe5985ea,SAMMS-NOLAv5
202608260854401757,202608260654257300,202608260654255519,85,3088,Bronze INV,br_ReAssessment,TASK_COMPLETE,SUCCESS,INFO,0,0,0,,2026-08-26T06:54:31.515Z,2026-08-26T08:57:15.847Z,7364,2026-08-26T08:57:15.847Z,DRD-SF,Springfield,912d32aa-0b7f-4999-bf60-6670fe5985ea,SAMMS-SFv5
202608260854401758,202608260654257301,202608260654255519,85,3090,Bronze INV,br_ReAssessment,TASK_COMPLETE,SUCCESS,INFO,0,0,0,,2026-08-26T06:54:31.515Z,2026-08-26T08:57:15.847Z,7364,2026-08-26T08:57:15.847Z,ELC,Elizabeth City,912d32aa-0b7f-4999-bf60-6670fe5985ea,SAMMS-ElizabethCity
202608260854401760,202608260654257302,202608260654255519,85,3091,Bronze INV,br_ReAssessment,TASK_COMPLETE,SUCCESS,INFO,0,0,0,,2026-08-26T06:54:31.515Z,2026-08-26T08:57:15.847Z,7364,2026-08-26T08:57:15.847Z,ET,Elizabethtown,912d32aa-0b7f-4999-bf60-6670fe5985ea,SAMMS-Elizabethtown
202608260854401761,202608260654257303,202608260654255519,85,3092,Bronze INV,br_ReAssessment,TASK_COMPLETE,SUCCESS,INFO,0,0,0,,2026-08-26T06:54:31.515Z,2026-08-26T08:57:15.847Z,7364,2026-08-26T08:57:15.847Z,FAY,Fayetteville,912d32aa-0b7f-4999-bf60-6670fe5985ea,SAMMS-Fayetteville
202608260854401762,202608260654257304,202608260654255519,85,3093,Bronze INV,br_ReAssessment,TASK_COMPLETE,SUCCESS,INFO,0,0,0,,2026-08-26T06:54:31.515Z,2026-08-26T08:57:15.847Z,7364,2026-08-26T08:57:15.847Z,FR,Frankfort,912d32aa-0b7f-4999-bf60-6670fe5985ea,SAMMS-Frankfort
202608260854401763,202608260654257305,202608260654255519,85,3094,Bronze INV,br_ReAssessment,TASK_COMPLETE,SUCCESS,INFO,0,0,0,,2026-08-26T06:54:31.515Z,2026-08-26T08:57:15.847Z,7364,2026-08-26T08:57:15.847Z,FS,Fort Smith,912d32aa-0b7f-4999-bf60-6670fe5985ea,SAMMS-FortSmith
202608260854401764,202608260654257306,202608260654255519,85,3095,Bronze INV,br_ReAssessment,TASK_COMPLETE,SUCCESS,INFO,0,0,0,,2026-08-26T06:54:31.515Z,2026-08-26T08:57:15.847Z,7364,2026-08-26T08:57:15.847Z,FW,Fort Wayne,912d32aa-0b7f-4999-bf60-6670fe5985ea,SAMMS-FortWayne
202608260854401766,202608260654257307,202608260654255519,85,3096,Bronze INV,br_ReAssessment,TASK_COMPLETE,SUCCESS,INFO,0,0,0,,2026-08-26T06:54:31.515Z,2026-08-26T08:57:15.847Z,7364,2026-08-26T08:57:15.847Z,GAL,Gaylord,912d32aa-0b7f-4999-bf60-6670fe5985ea,SAMMS-Gaylord
202608260854401767,202608260654257308,202608260654255519,85,3100,Bronze INV,br_ReAssessment,TASK_COMPLETE,SUCCESS,INFO,0,0,0,,2026-08-26T06:54:31.515Z,2026-08-26T08:57:15.847Z,7364,2026-08-26T08:57:15.847Z,HGT,Hagerstown,912d32aa-0b7f-4999-bf60-6670fe5985ea,SAMMS-Hagerstown
202608260854401768,202608260654257309,202608260654255519,85,3101,Bronze INV,br_ReAssessment,TASK_COMPLETE,SUCCESS,INFO,0,0,0,,2026-08-26T06:54:31.515Z,2026-08-26T08:57:15.847Z,7364,2026-08-26T08:57:15.847Z,HNT,Huntsville,912d32aa-0b7f-4999-bf60-6670fe5985ea,SAMMS-Huntsville
202608260854401769,202608260654257310,202608260654255519,85,3102,Bronze INV,br_ReAssessment,TASK_COMPLETE,SUCCESS,INFO,0,0,0,,2026-08-26T06:54:31.515Z,2026-08-26T08:57:15.847Z,7364,2026-08-26T08:57:15.847Z,HS,Hot Springs,912d32aa-0b7f-4999-bf60-6670fe5985ea,SAMMS-HotSprings
202608260854401770,202608260654257311,202608260654255519,85,3103,Bronze INV,br_ReAssessment,TASK_COMPLETE,SUCCESS,INFO,0,0,0,,2026-08-26T06:54:31.515Z,2026-08-26T08:57:15.847Z,7364,2026-08-26T08:57:15.847Z,JON,Jonesboro,912d32aa-0b7f-4999-bf60-6670fe5985ea,SAMMS-Jonesboro
202608260854401771,202608260654257312,202608260654255519,85,3105,Bronze INV,br_ReAssessment,TASK_COMPLETE,SUCCESS,INFO,0,0,0,,2026-08-26T06:54:31.515Z,2026-08-26T08:57:15.847Z,7364,2026-08-26T08:57:15.847Z,LAN,Lansing,912d32aa-0b7f-4999-bf60-6670fe5985ea,SAMMS-Lansing
202608260854401772,202608260654257313,202608260654255519,85,3106,Bronze INV,br_ReAssessment,TASK_COMPLETE,SUCCESS,INFO,0,0,0,,2026-08-26T06:54:31.515Z,2026-08-26T08:57:15.847Z,7364,2026-08-26T08:57:15.847Z,LO,Louisville,912d32aa-0b7f-4999-bf60-6670fe5985ea,SAMMS-Louisville
202608260854401773,202608260654257314,202608260654255519,85,3107,Bronze INV,br_ReAssessment,TASK_COMPLETE,SUCCESS,INFO,0,0,0,,2026-08-26T06:54:31.515Z,2026-08-26T08:57:15.847Z,7364,2026-08-26T08:57:15.847Z,LV1,Cheyenne,912d32aa-0b7f-4999-bf60-6670fe5985ea,SAMMS-Cheyenne
202608260854401775,202608260654257315,202608260654255519,85,3108,Bronze INV,br_ReAssessment,TASK_COMPLETE,SUCCESS,INFO,0,0,0,,2026-08-26T06:54:31.515Z,2026-08-26T08:57:15.847Z,7364,2026-08-26T08:57:15.847Z,LV2,Desert Inn,912d32aa-0b7f-4999-bf60-6670fe5985ea,SAMMS-DesertInn
202608260854401776,202608260654257316,202608260654255519,85,3109,Bronze INV,br_ReAssessment,TASK_COMPLETE,SUCCESS,INFO,0,0,0,,2026-08-26T06:54:31.515Z,2026-08-26T08:57:15.847Z,7364,2026-08-26T08:57:15.847Z,LV3,McDaniel,912d32aa-0b7f-4999-bf60-6670fe5985ea,SAMMS-McDaniel
202608260854401777,202608260654257317,202608260654255519,85,3112,Bronze INV,br_ReAssessment,TASK_COMPLETE,SUCCESS,INFO,0,0,0,,2026-08-26T06:54:31.515Z,2026-08-26T08:57:15.847Z,7364,2026-08-26T08:57:15.847Z,MNRE,Monroe,912d32aa-0b7f-4999-bf60-6670fe5985ea,SAMMS-Monroe
202608260854401778,202608260654257318,202608260654255519,85,3113,Bronze INV,br_ReAssessment,TASK_COMPLETE,SUCCESS,INFO,0,0,0,,2026-08-26T06:54:31.515Z,2026-08-26T08:57:15.847Z,7364,2026-08-26T08:57:15.847Z,MP,Mt. Pleasant,912d32aa-0b7f-4999-bf60-6670fe5985ea,SAMMS-MtPleasant
202608260854401779,202608260654257319,202608260654255519,85,3114,Bronze INV,br_ReAssessment,TASK_COMPLETE,SUCCESS,INFO,0,0,0,,2026-08-26T06:54:31.515Z,2026-08-26T08:57:15.847Z,7364,2026-08-26T08:57:15.847Z,MRD,Meridian,912d32aa-0b7f-4999-bf60-6670fe5985ea,SAMMS-Meridian
202608260854401780,202608260654257320,202608260654255519,85,3119,Bronze INV,br_ReAssessment,TASK_COMPLETE,SUCCESS,INFO,0,0,0,,2026-08-26T06:54:31.515Z,2026-08-26T08:57:15.847Z,7364,2026-08-26T08:57:15.847Z,NC,North Charleston,912d32aa-0b7f-4999-bf60-6670fe5985ea,SAMMS-NorthCharleston
202608260854401781,202608260654257321,202608260654255519,85,3120,Bronze INV,br_ReAssessment,TASK_COMPLETE,SUCCESS,INFO,0,0,0,,2026-08-26T06:54:31.515Z,2026-08-26T08:57:15.847Z,7364,2026-08-26T08:57:15.847Z,NLR,N. Little Rock,912d32aa-0b7f-4999-bf60-6670fe5985ea,SAMMS-NLROBOT
202608260854401783,202608260654257322,202608260654255519,85,3121,Bronze INV,br_ReAssessment,TASK_COMPLETE,SUCCESS,INFO,0,0,0,,2026-08-26T06:54:31.515Z,2026-08-26T08:57:15.847Z,7364,2026-08-26T08:57:15.847Z,PH,Phoenix,912d32aa-0b7f-4999-bf60-6670fe5985ea,SAMMS-Phoenix
202608260854401784,202608260654257323,202608260654255519,85,3125,Bronze INV,br_ReAssessment,TASK_COMPLETE,SUCCESS,INFO,0,0,0,,2026-08-26T06:54:31.515Z,2026-08-26T08:57:15.847Z,7364,2026-08-26T08:57:15.847Z,RE,Reno,912d32aa-0b7f-4999-bf60-6670fe5985ea,SAMMS-Reno
202608260854401785,202608260654257324,202608260654255519,85,3126,Bronze INV,br_ReAssessment,TASK_COMPLETE,SUCCESS,INFO,0,0,0,,2026-08-26T06:54:31.515Z,2026-08-26T08:57:15.847Z,7364,2026-08-26T08:57:15.847Z,RMD,Richmond,912d32aa-0b7f-4999-bf60-6670fe5985ea,SAMMS-Richmond
202608260854401786,202608260654257325,202608260654255519,85,3127,Bronze INV,br_ReAssessment,TASK_COMPLETE,SUCCESS,INFO,0,0,0,,2026-08-26T06:54:31.515Z,2026-08-26T08:57:15.847Z,7364,2026-08-26T08:57:15.847Z,SFN,Springfield North,912d32aa-0b7f-4999-bf60-6670fe5985ea,SAMMS-SFNv5
202608260854401787,202608260654257326,202608260654255519,85,3128,Bronze INV,br_ReAssessment,TASK_COMPLETE,SUCCESS,INFO,0,0,0,,2026-08-26T06:54:31.515Z,2026-08-26T08:57:15.847Z,7364,2026-08-26T08:57:15.847Z,SHP,Shreveport,912d32aa-0b7f-4999-bf60-6670fe5985ea,SAMMS-Shreveport
202608260854401788,202608260654257327,202608260654255519,85,3130,Bronze INV,br_ReAssessment,TASK_COMPLETE,SUCCESS,INFO,0,0,0,,2026-08-26T06:54:31.515Z,2026-08-26T08:57:15.847Z,7364,2026-08-26T08:57:15.847Z,STN,Staunton,912d32aa-0b7f-4999-bf60-6670fe5985ea,SAMMS-Staunton
202608260854401789,202608260654257328,202608260654255519,85,3131,Bronze INV,br_ReAssessment,TASK_COMPLETE,SUCCESS,INFO,0,0,0,,2026-08-26T06:54:31.515Z,2026-08-26T08:57:15.847Z,7364,2026-08-26T08:57:15.847Z,STVN,Stevenson,912d32aa-0b7f-4999-bf60-6670fe5985ea,SAMMS-Stevenson
202608201425195585,202608201258109579,202608201258108173,46,10136,P1 Finance Client Demo 1 Bronze - B42,br_samms_client_demo1,TASK_COMPLETE,SUCCESS,INFO,5097,5097,0,,2026-08-20T12:58:15.698Z,2026-08-20T14:28:34.201Z,5419,2026-08-20T14:28:34.201Z,B42,VirginiaBeach,5f0dd8ad-486e-4238-8933-2b89499a6e18,SAMMS-VirginiaBeachV5
202608201425195586,202608201258109580,202608201258108173,46,10137,P1 Finance Client Demo 1 Bronze - B42A,br_samms_client_demo1,TASK_COMPLETE,SUCCESS,INFO,2505,2505,0,,2026-08-20T12:58:15.698Z,2026-08-20T14:28:34.201Z,5419,2026-08-20T14:28:34.201Z,B42A,NewportNews,5f0dd8ad-486e-4238-8933-2b89499a6e18,SAMMS-NewportNewsV5
202608201425195587,202608201258109581,202608201258108173,46,10138,P1 Finance Client Demo 1 Bronze - B42B,br_samms_client_demo1,TASK_COMPLETE,SUCCESS,INFO,532,532,0,,2026-08-20T12:58:15.698Z,2026-08-20T14:28:34.201Z,5419,2026-08-20T14:28:34.201Z,B42B,Franklin,5f0dd8ad-486e-4238-8933-2b89499a6e18,SAMMS-FranklinV5
202608201425195589,202608201258109582,202608201258108173,46,10139,P1 Finance Client Demo 1 Bronze - B42C,br_samms_client_demo1,TASK_COMPLETE,SUCCESS,INFO,2619,2619,0,,2026-08-20T12:58:15.698Z,2026-08-20T14:28:34.201Z,5419,2026-08-20T14:28:34.201Z,B42C,GlenAllen,5f0dd8ad-486e-4238-8933-2b89499a6e18,SAMMS-GlenAllenV5
202608201425195590,202608201258109583,202608201258108173,46,10140,P1 Finance Client Demo 1 Bronze - B42D,br_samms_client_demo1,TASK_COMPLETE,SUCCESS,INFO,2654,2654,0,,2026-08-20T12:58:15.698Z,2026-08-20T14:28:34.201Z,5419,2026-08-20T14:28:34.201Z,B42D,ChesapeakeSouth,5f0dd8ad-486e-4238-8933-2b89499a6e18,SAMMS-ChesapeakeSouthV5
202608201425195591,202608201258109584,202608201258108173,46,10141,P1 Finance Client Demo 1 Bronze - B44,br_samms_client_demo1,TASK_COMPLETE,SUCCESS,INFO,2658,2658,0,,2026-08-20T12:58:15.698Z,2026-08-20T14:28:34.201Z,5419,2026-08-20T14:28:34.201Z,B44,Albany,5f0dd8ad-486e-4238-8933-2b89499a6e18,SAMMS-AlbanyV5
202608201425195593,202608201258109585,202608201258108173,46,10142,P1 Finance Client Demo 1 Bronze - B45,br_samms_client_demo1,TASK_COMPLETE,SUCCESS,INFO,2337,2337,0,,2026-08-20T12:58:15.698Z,2026-08-20T14:28:34.201Z,5419,2026-08-20T14:28:34.201Z,B45,Tifton,5f0dd8ad-486e-4238-8933-2b89499a6e18,SAMMS-TiftonV5
202608201425195594,202608201258109586,202608201258108173,46,10143,P1 Finance Client Demo 1 Bronze - B46,br_samms_client_demo1,TASK_COMPLETE,SUCCESS,INFO,2210,2210,0,,2026-08-20T12:58:15.698Z,2026-08-20T14:28:34.201Z,5419,2026-08-20T14:28:34.201Z,B46,WashingtonDC,5f0dd8ad-486e-4238-8933-2b89499a6e18,SAMMS-WashingtonDCv5
202608201425195596,202608201258109587,202608201258108173,46,10144,P1 Finance Client Demo 1 Bronze - B47,br_samms_client_demo1,TASK_COMPLETE,SUCCESS,INFO,4053,4053,0,,2026-08-20T12:58:15.698Z,2026-08-20T14:28:34.201Z,5419,2026-08-20T14:28:34.201Z,B47,Mobile,5f0dd8ad-486e-4238-8933-2b89499a6e18,SAMMS-MobileV5
202608201425195597,202608201258109588,202608201258108173,46,10145,P1 Finance Client Demo 1 Bronze - B48,br_samms_client_demo1,TASK_COMPLETE,SUCCESS,INFO,1654,1654,0,,2026-08-20T12:58:15.698Z,2026-08-20T14:28:34.201Z,5419,2026-08-20T14:28:34.201Z,B48,Tuscaloosa,5f0dd8ad-486e-4238-8933-2b89499a6e18,SAMMS-TuscaloosaV5
202608201425195599,202608201258109589,202608201258108173,46,10146,P1 Finance Client Demo 1 Bronze - B51,br_samms_client_demo1,TASK_COMPLETE,SUCCESS,INFO,5977,5977,0,,2026-08-20T12:58:15.698Z,2026-08-20T14:28:34.201Z,5419,2026-08-20T14:28:34.201Z,B51,NorthLittleRock,5f0dd8ad-486e-4238-8933-2b89499a6e18,SAMMS-NorthLittleRockV6
202608201425195600,202608201258109590,202608201258108173,46,10147,P1 Finance Client Demo 1 Bronze - B52,br_samms_client_demo1,TASK_COMPLETE,SUCCESS,INFO,1481,1481,0,,2026-08-20T12:58:15.698Z,2026-08-20T14:28:34.201Z,5419,2026-08-20T14:28:34.201Z,B52,JacksonGA,5f0dd8ad-486e-4238-8933-2b89499a6e18,SAMMS-JacksonGAV5
202608201425195601,202608201258109591,202608201258108173,46,10148,P1 Finance Client Demo 1 Bronze - B54,br_samms_client_demo1,TASK_COMPLETE,SUCCESS,INFO,2072,2072,0,,2026-08-20T12:58:15.698Z,2026-08-20T14:28:34.201Z,5419,2026-08-20T14:28:34.201Z,B54,Gadsden,5f0dd8ad-486e-4238-8933-2b89499a6e18,SAMMS-GadsdenV5
202608201425195603,202608201258109592,202608201258108173,46,10149,P1 Finance Client Demo 1 Bronze - B55,br_samms_client_demo1,TASK_COMPLETE,SUCCESS,INFO,1652,1652,0,,2026-08-20T12:58:15.698Z,2026-08-20T14:28:34.201Z,5419,2026-08-20T14:28:34.201Z,B55,Shoals,5f0dd8ad-486e-4238-8933-2b89499a6e18,SAMMS-ShoalsV5
202608201425195605,202608201258109593,202608201258108173,46,10150,P1 Finance Client Demo 1 Bronze - B57,br_samms_client_demo1,TASK_COMPLETE,SUCCESS,INFO,3012,3012,0,,2026-08-20T12:58:15.698Z,2026-08-20T14:28:34.201Z,5419,2026-08-20T14:28:34.201Z,B57,Pawtucket,5f0dd8ad-486e-4238-8933-2b89499a6e18,SAMMS-Pawtucket
202608201425195606,202608201258109594,202608201258108173,46,10151,P1 Finance Client Demo 1 Bronze - B57A,br_samms_client_demo1,TASK_COMPLETE,SUCCESS,INFO,5482,5482,0,,2026-08-20T12:58:15.698Z,2026-08-20T14:28:34.201Z,5419,2026-08-20T14:28:34.201Z,B57A,Johnston,5f0dd8ad-486e-4238-8933-2b89499a6e18,SAMMS-Johnston
202608201425195608,202608201258109595,202608201258108173,46,10152,P1 Finance Client Demo 1 Bronze - B57B,br_samms_client_demo1,TASK_COMPLETE,SUCCESS,INFO,499,499,0,,2026-08-20T12:58:15.698Z,2026-08-20T14:28:34.201Z,5419,2026-08-20T14:28:34.201Z,B57B,Middletown,5f0dd8ad-486e-4238-8933-2b89499a6e18,SAMMS-Middletown
202608201425195610,202608201258109596,202608201258108173,46,10153,P1 Finance Client Demo 1 Bronze - B57C,br_samms_client_demo1,TASK_COMPLETE,SUCCESS,INFO,3127,3127,0,,2026-08-20T12:58:15.698Z,2026-08-20T14:28:34.201Z,5419,2026-08-20T14:28:34.201Z,B57C,Providence,5f0dd8ad-486e-4238-8933-2b89499a6e18,SAMMS-Providence
202608201425195611,202608201258109597,202608201258108173,46,10154,P1 Finance Client Demo 1 Bronze - B57D,br_samms_client_demo1,TASK_COMPLETE,SUCCESS,INFO,2787,2787,0,,2026-08-20T12:58:15.698Z,2026-08-20T14:28:34.201Z,5419,2026-08-20T14:28:34.201Z,B57D,Westerly,5f0dd8ad-486e-4238-8933-2b89499a6e18,SAMMS-Westerly
202608201425195613,202608201258109598,202608201258108173,46,10155,P1 Finance Client Demo 1 Bronze - B66A,br_samms_client_demo1,TASK_COMPLETE,SUCCESS,INFO,562,562,0,,2026-08-20T12:58:15.698Z,2026-08-20T14:28:34.201Z,5419,2026-08-20T14:28:34.201Z,B66A,Bremen,5f0dd8ad-486e-4238-8933-2b89499a6e18,SAMMS-Bremen
202608201425195614,202608201258109599,202608201258108173,46,10156,P1 Finance Client Demo 1 Bronze - B72,br_samms_client_demo1,TASK_COMPLETE,SUCCESS,INFO,1893,1893,0,,2026-08-20T12:58:15.698Z,2026-08-20T14:28:34.201Z,5419,2026-08-20T14:28:34.201Z,B72,Mobile-OBOT,5f0dd8ad-486e-4238-8933-2b89499a6e18,SAMMS-Mobile-OBOT
202608201425195616,202608201258109600,202608201258108173,46,10157,P1 Finance Client Demo 1 Bronze - B73,br_samms_client_demo1,TASK_COMPLETE,SUCCESS,INFO,840,840,0,,2026-08-20T12:58:15.698Z,2026-08-20T14:28:34.201Z,5419,2026-08-20T14:28:34.201Z,B73,Montgomery,5f0dd8ad-486e-4238-8933-2b89499a6e18,SAMMS-Montgomery
202608201425194330,202608201258108421,202608201258108173,46,8953,P1 Finance VW 3P Bill Sub Bronze - B38,br_samms_vw3p_bill_sub,TASK_COMPLETE,SUCCESS,INFO,1607,1607,0,,2026-08-20T12:58:15.698Z,2026-08-20T14:28:34.201Z,5419,2026-08-20T14:28:34.201Z,B38,Spartanburg,5f0dd8ad-486e-4238-8933-2b89499a6e18,SAMMS-SpartanburgV5
202608201425194331,202608201258108422,202608201258108173,46,8954,P1 Finance VW 3P Bill Sub Bronze - B39,br_samms_vw3p_bill_sub,TASK_COMPLETE,SUCCESS,INFO,700,700,0,,2026-08-20T12:58:15.698Z,2026-08-20T14:28:34.201Z,5419,2026-08-20T14:28:34.201Z,B39,Aiken,5f0dd8ad-486e-4238-8933-2b89499a6e18,SAMMS-AikenV5
202608201425194333,202608201258108423,202608201258108173,46,8955,P1 Finance VW 3P Bill Sub Bronze - B41,br_samms_vw3p_bill_sub,TASK_COMPLETE,SUCCESS,INFO,5782,5782,0,,2026-08-20T12:58:15.698Z,2026-08-20T14:28:34.201Z,5419,2026-08-20T14:28:34.201Z,B41,Chesapeake,5f0dd8ad-486e-4238-8933-2b89499a6e18,SAMMS-ChesapeakeV5
202608201425194334,202608201258108424,202608201258108173,46,8956,P1 Finance VW 3P Bill Sub Bronze - B42,br_samms_vw3p_bill_sub,TASK_COMPLETE,SUCCESS,INFO,8093,8093,0,,2026-08-20T12:58:15.698Z,2026-08-20T14:28:34.201Z,5419,2026-08-20T14:28:34.201Z,B42,VirginiaBeach,5f0dd8ad-486e-4238-8933-2b89499a6e18,SAMMS-VirginiaBeachV5
202608201425194336,202608201258108425,202608201258108173,46,8957,P1 Finance VW 3P Bill Sub Bronze - B42A,br_samms_vw3p_bill_sub,TASK_COMPLETE,SUCCESS,INFO,3440,3440,0,,2026-08-20T12:58:15.698Z,2026-08-20T14:28:34.201Z,5419,2026-08-20T14:28:34.201Z,B42A,NewportNews,5f0dd8ad-486e-4238-8933-2b89499a6e18,SAMMS-NewportNewsV5
202608201425194337,202608201258108426,202608201258108173,46,8958,P1 Finance VW 3P Bill Sub Bronze - B42B,br_samms_vw3p_bill_sub,TASK_COMPLETE,SUCCESS,INFO,1697,1697,0,,2026-08-20T12:58:15.698Z,2026-08-20T14:28:34.201Z,5419,2026-08-20T14:28:34.201Z,B42B,Franklin,5f0dd8ad-486e-4238-8933-2b89499a6e18,SAMMS-FranklinV5
202608201425194338,202608201258108427,202608201258108173,46,8959,P1 Finance VW 3P Bill Sub Bronze - B42C,br_samms_vw3p_bill_sub,TASK_COMPLETE,SUCCESS,INFO,3953,3953,0,,2026-08-20T12:58:15.698Z,2026-08-20T14:28:34.201Z,5419,2026-08-20T14:28:34.201Z,B42C,GlenAllen,5f0dd8ad-486e-4238-8933-2b89499a6e18,SAMMS-GlenAllenV5
202608201425194340,202608201258108428,202608201258108173,46,8960,P1 Finance VW 3P Bill Sub Bronze - B42D,br_samms_vw3p_bill_sub,TASK_COMPLETE,SUCCESS,INFO,3550,3550,0,,2026-08-20T12:58:15.698Z,2026-08-20T14:28:34.201Z,5419,2026-08-20T14:28:34.201Z,B42D,ChesapeakeSouth,5f0dd8ad-486e-4238-8933-2b89499a6e18,SAMMS-ChesapeakeSouthV5
202608201425194341,202608201258108429,202608201258108173,46,8961,P1 Finance VW 3P Bill Sub Bronze - B44,br_samms_vw3p_bill_sub,TASK_COMPLETE,SUCCESS,INFO,931,931,0,,2026-08-20T12:58:15.698Z,2026-08-20T14:28:34.201Z,5419,2026-08-20T14:28:34.201Z,B44,Albany,5f0dd8ad-486e-4238-8933-2b89499a6e18,SAMMS-AlbanyV5
202608201425194343,202608201258108430,202608201258108173,46,8962,P1 Finance VW 3P Bill Sub Bronze - B45,br_samms_vw3p_bill_sub,TASK_COMPLETE,SUCCESS,INFO,4079,4079,0,,2026-08-20T12:58:15.698Z,2026-08-20T14:28:34.201Z,5419,2026-08-20T14:28:34.201Z,B45,Tifton,5f0dd8ad-486e-4238-8933-2b89499a6e18,SAMMS-TiftonV5
202608201425194344,202608201258108431,202608201258108173,46,8963,P1 Finance VW 3P Bill Sub Bronze - B46,br_samms_vw3p_bill_sub,TASK_COMPLETE,SUCCESS,INFO,3060,3060,0,,2026-08-20T12:58:15.698Z,2026-08-20T14:28:34.201Z,5419,2026-08-20T14:28:34.201Z,B46,WashingtonDC,5f0dd8ad-486e-4238-8933-2b89499a6e18,SAMMS-WashingtonDCv5
202608201425194346,202608201258108432,202608201258108173,46,8964,P1 Finance VW 3P Bill Sub Bronze - B47,br_samms_vw3p_bill_sub,TASK_COMPLETE,SUCCESS,INFO,1914,1914,0,,2026-08-20T12:58:15.698Z,2026-08-20T14:28:34.201Z,5419,2026-08-20T14:28:34.201Z,B47,Mobile,5f0dd8ad-486e-4238-8933-2b89499a6e18,SAMMS-MobileV5
202608201425194347,202608201258108433,202608201258108173,46,8965,P1 Finance VW 3P Bill Sub Bronze - B48,br_samms_vw3p_bill_sub,TASK_COMPLETE,SUCCESS,INFO,4074,4074,0,,2026-08-20T12:58:15.698Z,2026-08-20T14:28:34.201Z,5419,2026-08-20T14:28:34.201Z,B48,Tuscaloosa,5f0dd8ad-486e-4238-8933-2b89499a6e18,SAMMS-TuscaloosaV5
202608201425194348,202608201258108434,202608201258108173,46,8966,P1 Finance VW 3P Bill Sub Bronze - B51,br_samms_vw3p_bill_sub,TASK_COMPLETE,SUCCESS,INFO,299,299,0,,2026-08-20T12:58:15.698Z,2026-08-20T14:28:34.201Z,5419,2026-08-20T14:28:34.201Z,B51,NorthLittleRock,5f0dd8ad-486e-4238-8933-2b89499a6e18,SAMMS-NorthLittleRockV6
202608201425194350,202608201258108435,202608201258108173,46,8967,P1 Finance VW 3P Bill Sub Bronze - B52,br_samms_vw3p_bill_sub,TASK_COMPLETE,SUCCESS,INFO,1657,1657,0,,2026-08-20T12:58:15.698Z,2026-08-20T14:28:34.201Z,5419,2026-08-20T14:28:34.201Z,B52,JacksonGA,5f0dd8ad-486e-4238-8933-2b89499a6e18,SAMMS-JacksonGAV5
202608201425194352,202608201258108436,202608201258108173,46,8968,P1 Finance VW 3P Bill Sub Bronze - B54,br_samms_vw3p_bill_sub,TASK_COMPLETE,SUCCESS,INFO,7153,7153,0,,2026-08-20T12:58:15.698Z,2026-08-20T14:28:34.201Z,5419,2026-08-20T14:28:34.201Z,B54,Gadsden,5f0dd8ad-486e-4238-8933-2b89499a6e18,SAMMS-GadsdenV5
202608201425194353,202608201258108437,202608201258108173,46,8969,P1 Finance VW 3P Bill Sub Bronze - B55,br_samms_vw3p_bill_sub,TASK_COMPLETE,SUCCESS,INFO,3391,3391,0,,2026-08-20T12:58:15.698Z,2026-08-20T14:28:34.201Z,5419,2026-08-20T14:28:34.201Z,B55,Shoals,5f0dd8ad-486e-4238-8933-2b89499a6e18,SAMMS-ShoalsV5
202608201425194355,202608201258108438,202608201258108173,46,8970,P1 Finance VW 3P Bill Sub Bronze - B57,br_samms_vw3p_bill_sub,TASK_COMPLETE,SUCCESS,INFO,331,331,0,,2026-08-20T12:58:15.698Z,2026-08-20T14:28:34.201Z,5419,2026-08-20T14:28:34.201Z,B57,Pawtucket,5f0dd8ad-486e-4238-8933-2b89499a6e18,SAMMS-Pawtucket
202608201425194356,202608201258108439,202608201258108173,46,8971,P1 Finance VW 3P Bill Sub Bronze - B57A,br_samms_vw3p_bill_sub,TASK_COMPLETE,SUCCESS,INFO,576,576,0,,2026-08-20T12:58:15.698Z,2026-08-20T14:28:34.201Z,5419,2026-08-20T14:28:34.201Z,B57A,Johnston,5f0dd8ad-486e-4238-8933-2b89499a6e18,SAMMS-Johnston
202608201425194358,202608201258108440,202608201258108173,46,8972,P1 Finance VW 3P Bill Sub Bronze - B57B,br_samms_vw3p_bill_sub,TASK_COMPLETE,SUCCESS,INFO,169,169,0,,2026-08-20T12:58:15.698Z,2026-08-20T14:28:34.201Z,5419,2026-08-20T14:28:34.201Z,B57B,Middletown,5f0dd8ad-486e-4238-8933-2b89499a6e18,SAMMS-Middletown
202608201425194359,202608201258108441,202608201258108173,46,8973,P1 Finance VW 3P Bill Sub Bronze - B57C,br_samms_vw3p_bill_sub,TASK_COMPLETE,SUCCESS,INFO,178,178,0,,2026-08-20T12:58:15.698Z,2026-08-20T14:28:34.201Z,5419,2026-08-20T14:28:34.201Z,B57C,Providence,5f0dd8ad-486e-4238-8933-2b89499a6e18,SAMMS-Providence
202608201425194361,202608201258108442,202608201258108173,46,8974,P1 Finance VW 3P Bill Sub Bronze - B57D,br_samms_vw3p_bill_sub,TASK_COMPLETE,SUCCESS,INFO,685,685,0,,2026-08-20T12:58:15.698Z,2026-08-20T14:28:34.201Z,5419,2026-08-20T14:28:34.201Z,B57D,Westerly,5f0dd8ad-486e-4238-8933-2b89499a6e18,SAMMS-Westerly
202608201425194533,202608201258108298,202608201258108173,46,8828,P1 Finance PBI 3 Pay Auth Bronze - B31,br_samms_pbi3_pay_auth,TASK_COMPLETE,SUCCESS,INFO,851,851,0,,2026-08-20T12:58:15.698Z,2026-08-20T14:28:34.201Z,5419,2026-08-20T14:28:34.201Z,B31,Dyersburg,5f0dd8ad-486e-4238-8933-2b89499a6e18,SAMMS-DyersburgV5
202608201425194534,202608201258108299,202608201258108173,46,8829,P1 Finance PBI 3 Pay Auth Bronze - B33,br_samms_pbi3_pay_auth,TASK_COMPLETE,SUCCESS,INFO,1788,1788,0,,2026-08-20T12:58:15.698Z,2026-08-20T14:28:34.201Z,5419,2026-08-20T14:28:34.201Z,B33,Paducah,5f0dd8ad-486e-4238-8933-2b89499a6e18,SAMMS-Paducah
202608201425194535,202608201258108300,202608201258108173,46,8830,P1 Finance PBI 3 Pay Auth Bronze - B34,br_samms_pbi3_pay_auth,TASK_COMPLETE,SUCCESS,INFO,1490,1490,0,,2026-08-20T12:58:15.698Z,2026-08-20T14:28:34.201Z,5419,2026-08-20T14:28:34.201Z,B34,Corbin,5f0dd8ad-486e-4238-8933-2b89499a6e18,SAMMS-CorbinV5
202608201425194536,202608201258108301,202608201258108173,46,8831,P1 Finance PBI 3 Pay Auth Bronze - B35,br_samms_pbi3_pay_auth,TASK_COMPLETE,SUCCESS,INFO,2484,2484,0,,2026-08-20T12:58:15.698Z,2026-08-20T14:28:34.201Z,5419,2026-08-20T14:28:34.201Z,B35,Lexington,5f0dd8ad-486e-4238-8933-2b89499a6e18,SAMMS-LexingtonV5
202608201425194538,202608201258108302,202608201258108173,46,8832,P1 Finance PBI 3 Pay Auth Bronze - B35A,br_samms_pbi3_pay_auth,TASK_COMPLETE,SUCCESS,INFO,1138,1138,0,,2026-08-20T12:58:15.698Z,2026-08-20T14:28:34.201Z,5419,2026-08-20T14:28:34.201Z,B35A,Berea,5f0dd8ad-486e-4238-8933-2b89499a6e18,SAMMS-BereaV5
202608201425194539,202608201258108303,202608201258108173,46,8833,P1 Finance PBI 3 Pay Auth Bronze - B36,br_samms_pbi3_pay_auth,TASK_COMPLETE,SUCCESS,INFO,1690,1690,0,,2026-08-20T12:58:15.698Z,2026-08-20T14:28:34.201Z,5419,2026-08-20T14:28:34.201Z,B36,Asheville,5f0dd8ad-486e-4238-8933-2b89499a6e18,SAMMS-AshevilleV5
202608201425194540,202608201258108304,202608201258108173,46,8834,P1 Finance PBI 3 Pay Auth Bronze - B37,br_samms_pbi3_pay_auth,TASK_COMPLETE,SUCCESS,INFO,1247,1247,0,,2026-08-20T12:58:15.698Z,2026-08-20T14:28:34.201Z,5419,2026-08-20T14:28:34.201Z,B37,Clyde,5f0dd8ad-486e-4238-8933-2b89499a6e18,SAMMS-ClydeV5
202608201425194541,202608201258108305,202608201258108173,46,8835,P1 Finance PBI 3 Pay Auth Bronze - B38,br_samms_pbi3_pay_auth,TASK_COMPLETE,SUCCESS,INFO,513,513,0,,2026-08-20T12:58:15.698Z,2026-08-20T14:28:34.201Z,5419,2026-08-20T14:28:34.201Z,B38,Spartanburg,5f0dd8ad-486e-4238-8933-2b89499a6e18,SAMMS-SpartanburgV5
202608201425194543,202608201258108306,202608201258108173,46,8836,P1 Finance PBI 3 Pay Auth Bronze - B39,br_samms_pbi3_pay_auth,TASK_COMPLETE,SUCCESS,INFO,174,174,0,,2026-08-20T12:58:15.698Z,2026-08-20T14:28:34.201Z,5419,2026-08-20T14:28:34.201Z,B39,Aiken,5f0dd8ad-486e-4238-8933-2b89499a6e18,SAMMS-AikenV5
202608201425194544,202608201258108307,202608201258108173,46,8837,P1 Finance PBI 3 Pay Auth Bronze - B41,br_samms_pbi3_pay_auth,TASK_COMPLETE,SUCCESS,INFO,490,490,0,,2026-08-20T12:58:15.698Z,2026-08-20T14:28:34.201Z,5419,2026-08-20T14:28:34.201Z,B41,Chesapeake,5f0dd8ad-486e-4238-8933-2b89499a6e18,SAMMS-ChesapeakeV5
202608201425194545,202608201258108308,202608201258108173,46,8838,P1 Finance PBI 3 Pay Auth Bronze - B42,br_samms_pbi3_pay_auth,TASK_COMPLETE,SUCCESS,INFO,531,531,0,,2026-08-20T12:58:15.698Z,2026-08-20T14:28:34.201Z,5419,2026-08-20T14:28:34.201Z,B42,VirginiaBeach,5f0dd8ad-486e-4238-8933-2b89499a6e18,SAMMS-VirginiaBeachV5
202608201425194547,202608201258108309,202608201258108173,46,8839,P1 Finance PBI 3 Pay Auth Bronze - B42A,br_samms_pbi3_pay_auth,TASK_COMPLETE,SUCCESS,INFO,300,300,0,,2026-08-20T12:58:15.698Z,2026-08-20T14:28:34.201Z,5419,2026-08-20T14:28:34.201Z,B42A,NewportNews,5f0dd8ad-486e-4238-8933-2b89499a6e18,SAMMS-NewportNewsV5
202608201425194548,202608201258108310,202608201258108173,46,8840,P1 Finance PBI 3 Pay Auth Bronze - B42B,br_samms_pbi3_pay_auth,TASK_COMPLETE,SUCCESS,INFO,45,45,0,,2026-08-20T12:58:15.698Z,2026-08-20T14:28:34.201Z,5419,2026-08-20T14:28:34.201Z,B42B,Franklin,5f0dd8ad-486e-4238-8933-2b89499a6e18,SAMMS-FranklinV5
202608201425194549,202608201258108311,202608201258108173,46,8841,P1 Finance PBI 3 Pay Auth Bronze - B42C,br_samms_pbi3_pay_auth,TASK_COMPLETE,SUCCESS,INFO,362,362,0,,2026-08-20T12:58:15.698Z,2026-08-20T14:28:34.201Z,5419,2026-08-20T14:28:34.201Z,B42C,GlenAllen,5f0dd8ad-486e-4238-8933-2b89499a6e18,SAMMS-GlenAllenV5
202608201425194551,202608201258108312,202608201258108173,46,8842,P1 Finance PBI 3 Pay Auth Bronze - B42D,br_samms_pbi3_pay_auth,TASK_COMPLETE,SUCCESS,INFO,227,227,0,,2026-08-20T12:58:15.698Z,2026-08-20T14:28:34.201Z,5419,2026-08-20T14:28:34.201Z,B42D,ChesapeakeSouth,5f0dd8ad-486e-4238-8933-2b89499a6e18,SAMMS-ChesapeakeSouthV5
202608201425194552,202608201258108313,202608201258108173,46,8843,P1 Finance PBI 3 Pay Auth Bronze - B44,br_samms_pbi3_pay_auth,TASK_COMPLETE,SUCCESS,INFO,802,802,0,,2026-08-20T12:58:15.698Z,2026-08-20T14:28:34.201Z,5419,2026-08-20T14:28:34.201Z,B44,Albany,5f0dd8ad-486e-4238-8933-2b89499a6e18,SAMMS-AlbanyV5
202608201425194554,202608201258108314,202608201258108173,46,8844,P1 Finance PBI 3 Pay Auth Bronze - B45,br_samms_pbi3_pay_auth,TASK_COMPLETE,SUCCESS,INFO,1192,1192,0,,2026-08-20T12:58:15.698Z,2026-08-20T14:28:34.201Z,5419,2026-08-20T14:28:34.201Z,B45,Tifton,5f0dd8ad-486e-4238-8933-2b89499a6e18,SAMMS-TiftonV5
202608201425194555,202608201258108315,202608201258108173,46,8845,P1 Finance PBI 3 Pay Auth Bronze - B46,br_samms_pbi3_pay_auth,TASK_COMPLETE,SUCCESS,INFO,1605,1605,0,,2026-08-20T12:58:15.698Z,2026-08-20T14:28:34.201Z,5419,2026-08-20T14:28:34.201Z,B46,WashingtonDC,5f0dd8ad-486e-4238-8933-2b89499a6e18,SAMMS-WashingtonDCv5
202608201425194557,202608201258108316,202608201258108173,46,8846,P1 Finance PBI 3 Pay Auth Bronze - B47,br_samms_pbi3_pay_auth,TASK_COMPLETE,SUCCESS,INFO,1065,1065,0,,2026-08-20T12:58:15.698Z,2026-08-20T14:28:34.201Z,5419,2026-08-20T14:28:34.201Z,B47,Mobile,5f0dd8ad-486e-4238-8933-2b89499a6e18,SAMMS-MobileV5
202608201425194558,202608201258108317,202608201258108173,46,8847,P1 Finance PBI 3 Pay Auth Bronze - B48,br_samms_pbi3_pay_auth,TASK_COMPLETE,SUCCESS,INFO,799,799,0,,2026-08-20T12:58:15.698Z,2026-08-20T14:28:34.201Z,5419,2026-08-20T14:28:34.201Z,B48,Tuscaloosa,5f0dd8ad-486e-4238-8933-2b89499a6e18,SAMMS-TuscaloosaV5
202608201425194560,202608201258108318,202608201258108173,46,8848,P1 Finance PBI 3 Pay Auth Bronze - B51,br_samms_pbi3_pay_auth,TASK_COMPLETE,SUCCESS,INFO,342,342,0,,2026-08-20T12:58:15.698Z,2026-08-20T14:28:34.201Z,5419,2026-08-20T14:28:34.201Z,B51,NorthLittleRock,5f0dd8ad-486e-4238-8933-2b89499a6e18,SAMMS-NorthLittleRockV6
202608201425194561,202608201258108319,202608201258108173,46,8849,P1 Finance PBI 3 Pay Auth Bronze - B52,br_samms_pbi3_pay_auth,TASK_COMPLETE,SUCCESS,INFO,135,135,0,,2026-08-20T12:58:15.698Z,2026-08-20T14:28:34.201Z,5419,2026-08-20T14:28:34.201Z,B52,JacksonGA,5f0dd8ad-486e-4238-8933-2b89499a6e18,SAMMS-JacksonGAV5
202608201425196674,202608201258108691,202608201258108173,46,9227,P1 Finance Payer Client History Bronze - DRD-KC,br_samms_payer_clt_history,TASK_COMPLETE,SUCCESS,INFO,904,904,0,,2026-08-20T12:58:15.698Z,2026-08-20T14:28:34.201Z,5419,2026-08-20T14:28:34.201Z,DRD-KC,KC,5f0dd8ad-486e-4238-8933-2b89499a6e18,SAMMS-KCv5
202608201425196676,202608201258108692,202608201258108173,46,9228,P1 Finance Payer Client History Bronze - DRD-KVB,br_samms_payer_clt_history,TASK_COMPLETE,SUCCESS,INFO,793,793,0,,2026-08-20T12:58:15.698Z,2026-08-20T14:28:34.201Z,5419,2026-08-20T14:28:34.201Z,DRD-KVB,KVB,5f0dd8ad-486e-4238-8933-2b89499a6e18,SAMMS-KVBv5
202608201425196678,202608201258108693,202608201258108173,46,9229,P1 Finance Payer Client History Bronze - DRD-KVC,br_samms_payer_clt_history,TASK_COMPLETE,SUCCESS,INFO,938,938,0,,2026-08-20T12:58:15.698Z,2026-08-20T14:28:34.201Z,5419,2026-08-20T14:28:34.201Z,DRD-KVC,KVC,5f0dd8ad-486e-4238-8933-2b89499a6e18,SAMMS-KVCv5
202608201425196679,202608201258108694,202608201258108173,46,9230,P1 Finance Payer Client History Bronze - DRD-NOLA,br_samms_payer_clt_history,TASK_COMPLETE,SUCCESS,INFO,1594,1594,0,,2026-08-20T12:58:15.698Z,2026-08-20T14:28:34.201Z,5419,2026-08-20T14:28:34.201Z,DRD-NOLA,NOLA,5f0dd8ad-486e-4238-8933-2b89499a6e18,SAMMS-NOLAv5
202608201425196681,202608201258108695,202608201258108173,46,9231,P1 Finance Payer Client History Bronze - DRD-SF,br_samms_payer_clt_history,TASK_COMPLETE,SUCCESS,INFO,1098,1098,0,,2026-08-20T12:58:15.698Z,2026-08-20T14:28:34.201Z,5419,2026-08-20T14:28:34.201Z,DRD-SF,SF,5f0dd8ad-486e-4238-8933-2b89499a6e18,SAMMS-SFv5
202608201425196683,202608201258108696,202608201258108173,46,9232,P1 Finance Payer Client History Bronze - ELC,br_samms_payer_clt_history,TASK_COMPLETE,SUCCESS,INFO,273,273,0,,2026-08-20T12:58:15.698Z,2026-08-20T14:28:34.201Z,5419,2026-08-20T14:28:34.201Z,ELC,ElizabethCity,5f0dd8ad-486e-4238-8933-2b89499a6e18,SAMMS-ElizabethCity
202608201425196685,202608201258108697,202608201258108173,46,9233,P1 Finance Payer Client History Bronze - ET,br_samms_payer_clt_history,TASK_COMPLETE,SUCCESS,INFO,397,397,0,,2026-08-20T12:58:15.698Z,2026-08-20T14:28:34.201Z,5419,2026-08-20T14:28:34.201Z,ET,Elizabethtown,5f0dd8ad-486e-4238-8933-2b89499a6e18,SAMMS-Elizabethtown
202608201425196686,202608201258108698,202608201258108173,46,9234,P1 Finance Payer Client History Bronze - FAY,br_samms_payer_clt_history,TASK_COMPLETE,SUCCESS,INFO,488,488,0,,2026-08-20T12:58:15.698Z,2026-08-20T14:28:34.201Z,5419,2026-08-20T14:28:34.201Z,FAY,Fayetteville,5f0dd8ad-486e-4238-8933-2b89499a6e18,SAMMS-Fayetteville
202608201425196688,202608201258108699,202608201258108173,46,9235,P1 Finance Payer Client History Bronze - FR,br_samms_payer_clt_history,TASK_COMPLETE,SUCCESS,INFO,294,294,0,,2026-08-20T12:58:15.698Z,2026-08-20T14:28:34.201Z,5419,2026-08-20T14:28:34.201Z,FR,Frankfort,5f0dd8ad-486e-4238-8933-2b89499a6e18,SAMMS-Frankfort
202608201425196690,202608201258108700,202608201258108173,46,9236,P1 Finance Payer Client History Bronze - FS,br_samms_payer_clt_history,TASK_COMPLETE,SUCCESS,INFO,249,249,0,,2026-08-20T12:58:15.698Z,2026-08-20T14:28:34.201Z,5419,2026-08-20T14:28:34.201Z,FS,FortSmith,5f0dd8ad-486e-4238-8933-2b89499a6e18,SAMMS-FortSmith
202608201425196692,202608201258108701,202608201258108173,46,9237,P1 Finance Payer Client History Bronze - FW,br_samms_payer_clt_history,TASK_COMPLETE,SUCCESS,INFO,768,768,0,,2026-08-20T12:58:15.698Z,2026-08-20T14:28:34.201Z,5419,2026-08-20T14:28:34.201Z,FW,FortWayne,5f0dd8ad-486e-4238-8933-2b89499a6e18,SAMMS-FortWayne
202608201425196694,202608201258108702,202608201258108173,46,9238,P1 Finance Payer Client History Bronze - GAL,br_samms_payer_clt_history,TASK_COMPLETE,SUCCESS,INFO,126,126,0,,2026-08-20T12:58:15.698Z,2026-08-20T14:28:34.201Z,5419,2026-08-20T14:28:34.201Z,GAL,Gaylord,5f0dd8ad-486e-4238-8933-2b89499a6e18,SAMMS-Gaylord
202608201425196695,202608201258108703,202608201258108173,46,9239,P1 Finance Payer Client History Bronze - HGT,br_samms_payer_clt_history,TASK_COMPLETE,SUCCESS,INFO,838,838,0,,2026-08-20T12:58:15.698Z,2026-08-20T14:28:34.201Z,5419,2026-08-20T14:28:34.201Z,HGT,Hagerstown,5f0dd8ad-486e-4238-8933-2b89499a6e18,SAMMS-Hagerstown
202608201425196697,202608201258108704,202608201258108173,46,9240,P1 Finance Payer Client History Bronze - HNT,br_samms_payer_clt_history,TASK_COMPLETE,SUCCESS,INFO,413,413,0,,2026-08-20T12:58:15.698Z,2026-08-20T14:28:34.201Z,5419,2026-08-20T14:28:34.201Z,HNT,Huntsville,5f0dd8ad-486e-4238-8933-2b89499a6e18,SAMMS-Huntsville
202608201425196699,202608201258108705,202608201258108173,46,9241,P1 Finance Payer Client History Bronze - HS,br_samms_payer_clt_history,TASK_COMPLETE,SUCCESS,INFO,440,440,0,,2026-08-20T12:58:15.698Z,2026-08-20T14:28:34.201Z,5419,2026-08-20T14:28:34.201Z,HS,HotSprings,5f0dd8ad-486e-4238-8933-2b89499a6e18,SAMMS-HotSprings
202608201425196701,202608201258108706,202608201258108173,46,9242,P1 Finance Payer Client History Bronze - JON,br_samms_payer_clt_history,TASK_COMPLETE,SUCCESS,INFO,208,208,0,,2026-08-20T12:58:15.698Z,2026-08-20T14:28:34.201Z,5419,2026-08-20T14:28:34.201Z,JON,Jonesboro,5f0dd8ad-486e-4238-8933-2b89499a6e18,SAMMS-Jonesboro
202608201425196702,202608201258108707,202608201258108173,46,9243,P1 Finance Payer Client History Bronze - LAN,br_samms_payer_clt_history,TASK_COMPLETE,SUCCESS,INFO,210,210,0,,2026-08-20T12:58:15.698Z,2026-08-20T14:28:34.201Z,5419,2026-08-20T14:28:34.201Z,LAN,Lansing,5f0dd8ad-486e-4238-8933-2b89499a6e18,SAMMS-Lansing
202608201425196704,202608201258108708,202608201258108173,46,9244,P1 Finance Payer Client History Bronze - LO,br_samms_payer_clt_history,TASK_COMPLETE,SUCCESS,INFO,561,561,0,,2026-08-20T12:58:15.698Z,2026-08-20T14:28:34.201Z,5419,2026-08-20T14:28:34.201Z,LO,Louisville,5f0dd8ad-486e-4238-8933-2b89499a6e18,SAMMS-Louisville
202608201425196706,202608201258108709,202608201258108173,46,9245,P1 Finance Payer Client History Bronze - LV1,br_samms_payer_clt_history,TASK_COMPLETE,SUCCESS,INFO,620,620,0,,2026-08-20T12:58:15.698Z,2026-08-20T14:28:34.201Z,5419,2026-08-20T14:28:34.201Z,LV1,Cheyenne,5f0dd8ad-486e-4238-8933-2b89499a6e18,SAMMS-Cheyenne
202608201425196708,202608201258108710,202608201258108173,46,9246,P1 Finance Payer Client History Bronze - LV2,br_samms_payer_clt_history,TASK_COMPLETE,SUCCESS,INFO,663,663,0,,2026-08-20T12:58:15.698Z,2026-08-20T14:28:34.201Z,5419,2026-08-20T14:28:34.201Z,LV2,DesertInn,5f0dd8ad-486e-4238-8933-2b89499a6e18,SAMMS-DesertInn
202608201425196710,202608201258108711,202608201258108173,46,9247,P1 Finance Payer Client History Bronze - LV3,br_samms_payer_clt_history,TASK_COMPLETE,SUCCESS,INFO,391,391,0,,2026-08-20T12:58:15.698Z,2026-08-20T14:28:34.201Z,5419,2026-08-20T14:28:34.201Z,LV3,McDaniel,5f0dd8ad-486e-4238-8933-2b89499a6e18,SAMMS-McDaniel
202608201425196711,202608201258108712,202608201258108173,46,9248,P1 Finance Payer Client History Bronze - MNRE,br_samms_payer_clt_history,TASK_COMPLETE,SUCCESS,INFO,406,406,0,,2026-08-20T12:58:15.698Z,2026-08-20T14:28:34.201Z,5419,2026-08-20T14:28:34.201Z,MNRE,Monroe,5f0dd8ad-486e-4238-8933-2b89499a6e18,SAMMS-Monroe
202608201425196950,202608201258109537,202608201258108173,46,10091,P1 Finance Diag10 Bronze - TU,br_samms_tbldiag10,TASK_COMPLETE,SUCCESS,INFO,180,180,0,,2026-08-20T12:58:15.698Z,2026-08-20T14:28:34.201Z,5419,2026-08-20T14:28:34.201Z,TU,Tucson,5f0dd8ad-486e-4238-8933-2b89499a6e18,SAMMS-Tucson
202608201425196952,202608201258109538,202608201258108173,46,10092,P1 Finance Diag10 Bronze - V1,br_samms_tbldiag10,TASK_COMPLETE,SUCCESS,INFO,630,630,0,,2026-08-20T12:58:15.698Z,2026-08-20T14:28:34.201Z,5419,2026-08-20T14:28:34.201Z,V1,VCPHCS-I-Memphis,5f0dd8ad-486e-4238-8933-2b89499a6e18,SAMMS-VCPHCS-I-MemphisV5
202608201425196955,202608201258109539,202608201258108173,46,10093,P1 Finance Diag10 Bronze - V10,br_samms_tbldiag10,TASK_COMPLETE,SUCCESS,INFO,1191,1191,0,,2026-08-20T12:58:15.698Z,2026-08-20T14:28:34.201Z,5419,2026-08-20T14:28:34.201Z,V10,Boulder,5f0dd8ad-486e-4238-8933-2b89499a6e18,SAMMS-BoulderV5
202608201425196957,202608201258109540,202608201258108173,46,10094,P1 Finance Diag10 Bronze - V10A,br_samms_tbldiag10,TASK_COMPLETE,SUCCESS,INFO,1993,1993,0,,2026-08-20T12:58:15.698Z,2026-08-20T14:28:34.201Z,5419,2026-08-20T14:28:34.201Z,V10A,FortCollins,5f0dd8ad-486e-4238-8933-2b89499a6e18,SAMMS-FortCollinsV5
202608201425196959,202608201258109541,202608201258108173,46,10095,P1 Finance Diag10 Bronze - V11,br_samms_tbldiag10,TASK_COMPLETE,SUCCESS,INFO,2251,2251,0,,2026-08-20T12:58:15.698Z,2026-08-20T14:28:34.201Z,5419,2026-08-20T14:28:34.201Z,V11,VCPHCS-XI-NorthDenver,5f0dd8ad-486e-4238-8933-2b89499a6e18,SAMMS-VCPHCS-XI-NorthDenverV5
202608201425196961,202608201258109542,202608201258108173,46,10096,P1 Finance Diag10 Bronze - V12,br_samms_tbldiag10,TASK_COMPLETE,SUCCESS,INFO,3050,3050,0,,2026-08-20T12:58:15.698Z,2026-08-20T14:28:34.201Z,5419,2026-08-20T14:28:34.201Z,V12,VCPHCS-XII-DowntownDenver,5f0dd8ad-486e-4238-8933-2b89499a6e18,SAMMS-VCPHCS-XII-DowntownDenverV5
202608201425196963,202608201258109543,202608201258108173,46,10097,P1 Finance Diag10 Bronze - V12A,br_samms_tbldiag10,TASK_COMPLETE,SUCCESS,INFO,1380,1380,0,,2026-08-20T12:58:15.698Z,2026-08-20T14:28:34.201Z,5419,2026-08-20T14:28:34.201Z,V12A,Centennial,5f0dd8ad-486e-4238-8933-2b89499a6e18,SAMMS-CentennialV5
202608201425196965,202608201258109544,202608201258108173,46,10098,P1 Finance Diag10 Bronze - V14,br_samms_tbldiag10,TASK_COMPLETE,SUCCESS,INFO,643,643,0,,2026-08-20T12:58:15.698Z,2026-08-20T14:28:34.201Z,5419,2026-08-20T14:28:34.201Z,V14,VCPHCS-XIV-Bridgeway,5f0dd8ad-486e-4238-8933-2b89499a6e18,SAMMS-VCPHCS-XIV-BridgewayV5
202608201425196968,202608201258109545,202608201258108173,46,10099,P1 Finance Diag10 Bronze - V15,br_samms_tbldiag10,TASK_COMPLETE,SUCCESS,INFO,980,980,0,,2026-08-20T12:58:15.698Z,2026-08-20T14:28:34.201Z,5419,2026-08-20T14:28:34.201Z,V15,Joplin,5f0dd8ad-486e-4238-8933-2b89499a6e18,SAMMS-JoplinV5
202608201425196970,202608201258109546,202608201258108173,46,10100,P1 Finance Diag10 Bronze - V17,br_samms_tbldiag10,TASK_COMPLETE,SUCCESS,INFO,702,702,0,,2026-08-20T12:58:15.698Z,2026-08-20T14:28:34.201Z,5419,2026-08-20T14:28:34.201Z,V17,ColumbiaTN,5f0dd8ad-486e-4238-8933-2b89499a6e18,SAMMS-ColumbiaTNv5
202608201425196972,202608201258109547,202608201258108173,46,10101,P1 Finance Diag10 Bronze - V19,br_samms_tbldiag10,TASK_COMPLETE,SUCCESS,INFO,923,923,0,,2026-08-20T12:58:15.698Z,2026-08-20T14:28:34.201Z,5419,2026-08-20T14:28:34.201Z,V19,Jackson,5f0dd8ad-486e-4238-8933-2b89499a6e18,SAMMS-JacksonV5
202608201425196974,202608201258109548,202608201258108173,46,10102,P1 Finance Diag10 Bronze - V20,br_samms_tbldiag10,TASK_COMPLETE,SUCCESS,INFO,942,942,0,,2026-08-20T12:58:15.698Z,2026-08-20T14:28:34.201Z,5419,2026-08-20T14:28:34.201Z,V20,Paris,5f0dd8ad-486e-4238-8933-2b89499a6e18,SAMMS-ParisV5
202608201425196976,202608201258109549,202608201258108173,46,10103,P1 Finance Diag10 Bronze - V21,br_samms_tbldiag10,TASK_COMPLETE,SUCCESS,INFO,879,879,0,,2026-08-20T12:58:15.698Z,2026-08-20T14:28:34.201Z,5419,2026-08-20T14:28:34.201Z,V21,Raleigh,5f0dd8ad-486e-4238-8933-2b89499a6e18,SAMMS-RaleighV5
202608201425196978,202608201258109550,202608201258108173,46,10104,P1 Finance Diag10 Bronze - V5,br_samms_tbldiag10,TASK_COMPLETE,SUCCESS,INFO,1369,1369,0,,2026-08-20T12:58:15.698Z,2026-08-20T14:28:34.201Z,5419,2026-08-20T14:28:34.201Z,V5,NONTC,5f0dd8ad-486e-4238-8933-2b89499a6e18,SAMMS-NONTCv5
202608201425196980,202608201258109551,202608201258108173,46,10105,P1 Finance Diag10 Bronze - V5B,br_samms_tbldiag10,TASK_COMPLETE,SUCCESS,INFO,375,375,0,,2026-08-20T12:58:15.698Z,2026-08-20T14:28:34.201Z,5419,2026-08-20T14:28:34.201Z,V5B,Houma,5f0dd8ad-486e-4238-8933-2b89499a6e18,SAMMS-HoumaV6
202608201425196982,202608201258109552,202608201258108173,46,10106,P1 Finance Diag10 Bronze - V6,br_samms_tbldiag10,TASK_COMPLETE,SUCCESS,INFO,1838,1838,0,,2026-08-20T12:58:15.698Z,2026-08-20T14:28:34.201Z,5419,2026-08-20T14:28:34.201Z,V6,LC,5f0dd8ad-486e-4238-8933-2b89499a6e18,SAMMS-LCv5
202608201425196984,202608201258109553,202608201258108173,46,10107,P1 Finance Diag10 Bronze - V8,br_samms_tbldiag10,TASK_COMPLETE,SUCCESS,INFO,1065,1065,0,,2026-08-20T12:58:15.698Z,2026-08-20T14:28:34.201Z,5419,2026-08-20T14:28:34.201Z,V8,VCPHCS-VIII-Memphis,5f0dd8ad-486e-4238-8933-2b89499a6e18,SAMMS-VCPHCS-VIII-MemphisV5
202608201425196987,202608201258109554,202608201258108173,46,10108,P1 Finance Diag10 Bronze - V9,br_samms_tbldiag10,TASK_COMPLETE,SUCCESS,INFO,3092,3092,0,,2026-08-20T12:58:15.698Z,2026-08-20T14:28:34.201Z,5419,2026-08-20T14:28:34.201Z,V9,Nashville,5f0dd8ad-486e-4238-8933-2b89499a6e18,SAMMS-NashvilleV5
202608201425196989,202608201258109555,202608201258108173,46,10109,P1 Finance Diag10 Bronze - VBRA,br_samms_tbldiag10,TASK_COMPLETE,SUCCESS,INFO,1466,1466,0,,2026-08-20T12:58:15.698Z,2026-08-20T14:28:34.201Z,5419,2026-08-20T14:28:34.201Z,VBRA,Brainerd,5f0dd8ad-486e-4238-8933-2b89499a6e18,SAMMS-BrainerdV6
202608201425196991,202608201258109556,202608201258108173,46,10110,P1 Finance Diag10 Bronze - VBRP,br_samms_tbldiag10,TASK_COMPLETE,SUCCESS,INFO,2260,2260,0,,2026-08-20T12:58:15.698Z,2026-08-20T14:28:34.201Z,5419,2026-08-20T14:28:34.201Z,VBRP,BrooklynPark,5f0dd8ad-486e-4238-8933-2b89499a6e18,SAMMS-BrooklynParkV6
202608201425196993,202608201258109557,202608201258108173,46,10111,P1 Finance Diag10 Bronze - VMIN,br_samms_tbldiag10,TASK_COMPLETE,SUCCESS,INFO,2193,2193,0,,2026-08-20T12:58:15.698Z,2026-08-20T14:28:34.201Z,5419,2026-08-20T14:28:34.201Z,VMIN,Minneapolis,5f0dd8ad-486e-4238-8933-2b89499a6e18,SAMMS-MinneapolisV6
202608201425196996,202608201258109558,202608201258108173,46,10112,P1 Finance Diag10 Bronze - VWBY,br_samms_tbldiag10,TASK_COMPLETE,SUCCESS,INFO,3676,3676,0,,2026-08-20T12:58:15.698Z,2026-08-20T14:28:34.201Z,5419,2026-08-20T14:28:34.201Z,VWBY,Woodbury,5f0dd8ad-486e-4238-8933-2b89499a6e18,SAMMS-WoodburyV6
202608201425196998,202608201258109559,202608201258108173,46,10113,P1 Finance Diag10 Bronze - WIL,br_samms_tbldiag10,TASK_COMPLETE,SUCCESS,INFO,1194,1194,0,,2026-08-20T12:58:15.698Z,2026-08-20T14:28:34.201Z,5419,2026-08-20T14:28:34.201Z,WIL,Wilson,5f0dd8ad-486e-4238-8933-2b89499a6e18,SAMMS-Wilson
202608201425197099,202608201258208185,202608201258208173,47,10114,P1 Finance Diag10 Silver,tbl_tbldiag10,TASK_COMPLETE,SUCCESS,INFO,202841,202841,0,,2026-08-20T12:58:15.698Z,2026-08-20T14:28:34.201Z,5419,2026-08-20T14:28:34.201Z,,,5f0dd8ad-486e-4238-8933-2b89499a6e18,
202608201425194873,202608201258108264,202608201258108173,46,8791,P1 Finance Bills Bronze - TTCB,br_samms_bills,TASK_COMPLETE,SUCCESS,INFO,13209,13209,0,,2026-08-20T12:58:15.698Z,2026-08-20T14:28:34.201Z,5419,2026-08-20T14:28:34.201Z,TTCB,Cullman,5f0dd8ad-486e-4238-8933-2b89499a6e18,SAMMS-CullmanV5
202608201425194875,202608201258108265,202608201258108173,46,8792,P1 Finance Bills Bronze - TTCC,br_samms_bills,TASK_COMPLETE,SUCCESS,INFO,14500,14500,0,,2026-08-20T12:58:15.698Z,2026-08-20T14:28:34.201Z,5419,2026-08-20T14:28:34.201Z,TTCC,GrandBay,5f0dd8ad-486e-4238-8933-2b89499a6e18,SAMMS-GrandBay
202608201425194877,202608201258108266,202608201258108173,46,8793,P1 Finance Bills Bronze - TU,br_samms_bills,TASK_COMPLETE,SUCCESS,INFO,25,25,0,,2026-08-20T12:58:15.698Z,2026-08-20T14:28:34.201Z,5419,2026-08-20T14:28:34.201Z,TU,Tucson,5f0dd8ad-486e-4238-8933-2b89499a6e18,SAMMS-Tucson
202608201425194879,202608201258108267,202608201258108173,46,8794,P1 Finance Bills Bronze - V1,br_samms_bills,TASK_COMPLETE,SUCCESS,INFO,7877,7877,0,,2026-08-20T12:58:15.698Z,2026-08-20T14:28:34.201Z,5419,2026-08-20T14:28:34.201Z,V1,VCPHCS-I-Memphis,5f0dd8ad-486e-4238-8933-2b89499a6e18,SAMMS-VCPHCS-I-MemphisV5
202608201425194881,202608201258108268,202608201258108173,46,8795,P1 Finance Bills Bronze - V10,br_samms_bills,TASK_COMPLETE,SUCCESS,INFO,2292,2292,0,,2026-08-20T12:58:15.698Z,2026-08-20T14:28:34.201Z,5419,2026-08-20T14:28:34.201Z,V10,Boulder,5f0dd8ad-486e-4238-8933-2b89499a6e18,SAMMS-BoulderV5
202608201425194883,202608201258108269,202608201258108173,46,8796,P1 Finance Bills Bronze - V10A,br_samms_bills,TASK_COMPLETE,SUCCESS,INFO,4060,4060,0,,2026-08-20T12:58:15.698Z,2026-08-20T14:28:34.201Z,5419,2026-08-20T14:28:34.201Z,V10A,FortCollins,5f0dd8ad-486e-4238-8933-2b89499a6e18,SAMMS-FortCollinsV5
202608201425194885,202608201258108270,202608201258108173,46,8797,P1 Finance Bills Bronze - V11,br_samms_bills,TASK_COMPLETE,SUCCESS,INFO,4882,4882,0,,2026-08-20T12:58:15.698Z,2026-08-20T14:28:34.201Z,5419,2026-08-20T14:28:34.201Z,V11,VCPHCS-XI-NorthDenver,5f0dd8ad-486e-4238-8933-2b89499a6e18,SAMMS-VCPHCS-XI-NorthDenverV5
202608201425194887,202608201258108271,202608201258108173,46,8798,P1 Finance Bills Bronze - V12,br_samms_bills,TASK_COMPLETE,SUCCESS,INFO,4154,4154,0,,2026-08-20T12:58:15.698Z,2026-08-20T14:28:34.201Z,5419,2026-08-20T14:28:34.201Z,V12,VCPHCS-XII-DowntownDenver,5f0dd8ad-486e-4238-8933-2b89499a6e18,SAMMS-VCPHCS-XII-DowntownDenverV5
202608201425194889,202608201258108272,202608201258108173,46,8799,P1 Finance Bills Bronze - V12A,br_samms_bills,TASK_COMPLETE,SUCCESS,INFO,3887,3887,0,,2026-08-20T12:58:15.698Z,2026-08-20T14:28:34.201Z,5419,2026-08-20T14:28:34.201Z,V12A,Centennial,5f0dd8ad-486e-4238-8933-2b89499a6e18,SAMMS-CentennialV5
202608201425194891,202608201258108273,202608201258108173,46,8800,P1 Finance Bills Bronze - V14,br_samms_bills,TASK_COMPLETE,SUCCESS,INFO,6698,6698,0,,2026-08-20T12:58:15.698Z,2026-08-20T14:28:34.201Z,5419,2026-08-20T14:28:34.201Z,V14,VCPHCS-XIV-Bridgeway,5f0dd8ad-486e-4238-8933-2b89499a6e18,SAMMS-VCPHCS-XIV-BridgewayV5
202608201425194893,202608201258108274,202608201258108173,46,8801,P1 Finance Bills Bronze - V15,br_samms_bills,TASK_COMPLETE,SUCCESS,INFO,6381,6381,0,,2026-08-20T12:58:15.698Z,2026-08-20T14:28:34.201Z,5419,2026-08-20T14:28:34.201Z,V15,Joplin,5f0dd8ad-486e-4238-8933-2b89499a6e18,SAMMS-JoplinV5
202608201425194895,202608201258108275,202608201258108173,46,8802,P1 Finance Bills Bronze - V17,br_samms_bills,TASK_COMPLETE,SUCCESS,INFO,5552,5552,0,,2026-08-20T12:58:15.698Z,2026-08-20T14:28:34.201Z,5419,2026-08-20T14:28:34.201Z,V17,ColumbiaTN,5f0dd8ad-486e-4238-8933-2b89499a6e18,SAMMS-ColumbiaTNv5
202608201425194898,202608201258108276,202608201258108173,46,8803,P1 Finance Bills Bronze - V19,br_samms_bills,TASK_COMPLETE,SUCCESS,INFO,13140,13140,0,,2026-08-20T12:58:15.698Z,2026-08-20T14:28:34.201Z,5419,2026-08-20T14:28:34.201Z,V19,Jackson,5f0dd8ad-486e-4238-8933-2b89499a6e18,SAMMS-JacksonV5
202608201425194900,202608201258108277,202608201258108173,46,8804,P1 Finance Bills Bronze - V20,br_samms_bills,TASK_COMPLETE,SUCCESS,INFO,12977,12977,0,,2026-08-20T12:58:15.698Z,2026-08-20T14:28:34.201Z,5419,2026-08-20T14:28:34.201Z,V20,Paris,5f0dd8ad-486e-4238-8933-2b89499a6e18,SAMMS-ParisV5
202608201425194902,202608201258108278,202608201258108173,46,8805,P1 Finance Bills Bronze - V21,br_samms_bills,TASK_COMPLETE,SUCCESS,INFO,12093,12093,0,,2026-08-20T12:58:15.698Z,2026-08-20T14:28:34.201Z,5419,2026-08-20T14:28:34.201Z,V21,Raleigh,5f0dd8ad-486e-4238-8933-2b89499a6e18,SAMMS-RaleighV5
202608201425194904,202608201258108279,202608201258108173,46,8806,P1 Finance Bills Bronze - V5,br_samms_bills,TASK_COMPLETE,SUCCESS,INFO,15787,15787,0,,2026-08-20T12:58:15.698Z,2026-08-20T14:28:34.201Z,5419,2026-08-20T14:28:34.201Z,V5,NONTC,5f0dd8ad-486e-4238-8933-2b89499a6e18,SAMMS-NONTCv5
202608201425194906,202608201258108280,202608201258108173,46,8807,P1 Finance Bills Bronze - V5B,br_samms_bills,TASK_COMPLETE,SUCCESS,INFO,1465,1465,0,,2026-08-20T12:58:15.698Z,2026-08-20T14:28:34.201Z,5419,2026-08-20T14:28:34.201Z,V5B,Houma,5f0dd8ad-486e-4238-8933-2b89499a6e18,SAMMS-HoumaV6
202608201425194908,202608201258108281,202608201258108173,46,8808,P1 Finance Bills Bronze - V6,br_samms_bills,TASK_COMPLETE,SUCCESS,INFO,9327,9327,0,,2026-08-20T12:58:15.698Z,2026-08-20T14:28:34.201Z,5419,2026-08-20T14:28:34.201Z,V6,LC,5f0dd8ad-486e-4238-8933-2b89499a6e18,SAMMS-LCv5
202608201425194911,202608201258108282,202608201258108173,46,8809,P1 Finance Bills Bronze - V8,br_samms_bills,TASK_COMPLETE,SUCCESS,INFO,7984,7984,0,,2026-08-20T12:58:15.698Z,2026-08-20T14:28:34.201Z,5419,2026-08-20T14:28:34.201Z,V8,VCPHCS-VIII-Memphis,5f0dd8ad-486e-4238-8933-2b89499a6e18,SAMMS-VCPHCS-VIII-MemphisV5
202608201425194913,202608201258108283,202608201258108173,46,8810,P1 Finance Bills Bronze - V9,br_samms_bills,TASK_COMPLETE,SUCCESS,INFO,16238,16238,0,,2026-08-20T12:58:15.698Z,2026-08-20T14:28:34.201Z,5419,2026-08-20T14:28:34.201Z,V9,Nashville,5f0dd8ad-486e-4238-8933-2b89499a6e18,SAMMS-NashvilleV5
202608201425194915,202608201258108284,202608201258108173,46,8811,P1 Finance Bills Bronze - VBRA,br_samms_bills,TASK_COMPLETE,SUCCESS,INFO,5924,5924,0,,2026-08-20T12:58:15.698Z,2026-08-20T14:28:34.201Z,5419,2026-08-20T14:28:34.201Z,VBRA,Brainerd,5f0dd8ad-486e-4238-8933-2b89499a6e18,SAMMS-BrainerdV6
202608201425194917,202608201258108285,202608201258108173,46,8812,P1 Finance Bills Bronze - VBRP,br_samms_bills,TASK_COMPLETE,SUCCESS,INFO,14299,14299,0,,2026-08-20T12:58:15.698Z,2026-08-20T14:28:34.201Z,5419,2026-08-20T14:28:34.201Z,VBRP,BrooklynPark,5f0dd8ad-486e-4238-8933-2b89499a6e18,SAMMS-BrooklynParkV6
202608201425195654,202608201258109623,202608201258108173,46,10180,P1 Finance Client Demo 1 Bronze - FS,br_samms_client_demo1,TASK_COMPLETE,SUCCESS,INFO,565,565,0,,2026-08-20T12:58:15.698Z,2026-08-20T14:28:34.201Z,5419,2026-08-20T14:28:34.201Z,FS,FortSmith,5f0dd8ad-486e-4238-8933-2b89499a6e18,SAMMS-FortSmith
202608201425195656,202608201258109624,202608201258108173,46,10181,P1 Finance Client Demo 1 Bronze - FW,br_samms_client_demo1,TASK_COMPLETE,SUCCESS,INFO,5564,5564,0,,2026-08-20T12:58:15.698Z,2026-08-20T14:28:34.201Z,5419,2026-08-20T14:28:34.201Z,FW,FortWayne,5f0dd8ad-486e-4238-8933-2b89499a6e18,SAMMS-FortWayne
202608201425195658,202608201258109625,202608201258108173,46,10182,P1 Finance Client Demo 1 Bronze - GAL,br_samms_client_demo1,TASK_COMPLETE,SUCCESS,INFO,1369,1369,0,,2026-08-20T12:58:15.698Z,2026-08-20T14:28:34.201Z,5419,2026-08-20T14:28:34.201Z,GAL,Gaylord,5f0dd8ad-486e-4238-8933-2b89499a6e18,SAMMS-Gaylord
202608201425195660,202608201258109626,202608201258108173,46,10183,P1 Finance Client Demo 1 Bronze - HGT,br_samms_client_demo1,TASK_COMPLETE,SUCCESS,INFO,4710,4710,0,,2026-08-20T12:58:15.698Z,2026-08-20T14:28:34.201Z,5419,2026-08-20T14:28:34.201Z,HGT,Hagerstown,5f0dd8ad-486e-4238-8933-2b89499a6e18,SAMMS-Hagerstown
202608201425195662,202608201258109627,202608201258108173,46,10184,P1 Finance Client Demo 1 Bronze - HNT,br_samms_client_demo1,TASK_COMPLETE,SUCCESS,INFO,9548,9548,0,,2026-08-20T12:58:15.698Z,2026-08-20T14:28:34.201Z,5419,2026-08-20T14:28:34.201Z,HNT,Huntsville,5f0dd8ad-486e-4238-8933-2b89499a6e18,SAMMS-Huntsville
202608201425195663,202608201258109628,202608201258108173,46,10185,P1 Finance Client Demo 1 Bronze - HS,br_samms_client_demo1,TASK_COMPLETE,SUCCESS,INFO,632,632,0,,2026-08-20T12:58:15.698Z,2026-08-20T14:28:34.201Z,5419,2026-08-20T14:28:34.201Z,HS,HotSprings,5f0dd8ad-486e-4238-8933-2b89499a6e18,SAMMS-HotSprings
202608201425195665,202608201258109629,202608201258108173,46,10186,P1 Finance Client Demo 1 Bronze - JON,br_samms_client_demo1,TASK_COMPLETE,SUCCESS,INFO,596,596,0,,2026-08-20T12:58:15.698Z,2026-08-20T14:28:34.201Z,5419,2026-08-20T14:28:34.201Z,JON,Jonesboro,5f0dd8ad-486e-4238-8933-2b89499a6e18,SAMMS-Jonesboro
202608201425195667,202608201258109630,202608201258108173,46,10187,P1 Finance Client Demo 1 Bronze - LAN,br_samms_client_demo1,TASK_COMPLETE,SUCCESS,INFO,1991,1991,0,,2026-08-20T12:58:15.698Z,2026-08-20T14:28:34.201Z,5419,2026-08-20T14:28:34.201Z,LAN,Lansing,5f0dd8ad-486e-4238-8933-2b89499a6e18,SAMMS-Lansing
202608201425195669,202608201258109631,202608201258108173,46,10188,P1 Finance Client Demo 1 Bronze - LO,br_samms_client_demo1,TASK_COMPLETE,SUCCESS,INFO,9038,9038,0,,2026-08-20T12:58:15.698Z,2026-08-20T14:28:34.201Z,5419,2026-08-20T14:28:34.201Z,LO,Louisville,5f0dd8ad-486e-4238-8933-2b89499a6e18,SAMMS-Louisville
202608201425195671,202608201258109632,202608201258108173,46,10189,P1 Finance Client Demo 1 Bronze - LV1,br_samms_client_demo1,TASK_COMPLETE,SUCCESS,INFO,7369,7369,0,,2026-08-20T12:58:15.698Z,2026-08-20T14:28:34.201Z,5419,2026-08-20T14:28:34.201Z,LV1,Cheyenne,5f0dd8ad-486e-4238-8933-2b89499a6e18,SAMMS-Cheyenne
202608201425195672,202608201258109633,202608201258108173,46,10190,P1 Finance Client Demo 1 Bronze - LV2,br_samms_client_demo1,TASK_COMPLETE,SUCCESS,INFO,12328,12328,0,,2026-08-20T12:58:15.698Z,2026-08-20T14:28:34.201Z,5419,2026-08-20T14:28:34.201Z,LV2,DesertInn,5f0dd8ad-486e-4238-8933-2b89499a6e18,SAMMS-DesertInn
202608201425195674,202608201258109634,202608201258108173,46,10191,P1 Finance Client Demo 1 Bronze - LV3,br_samms_client_demo1,TASK_COMPLETE,SUCCESS,INFO,3851,3851,0,,2026-08-20T12:58:15.698Z,2026-08-20T14:28:34.201Z,5419,2026-08-20T14:28:34.201Z,LV3,McDaniel,5f0dd8ad-486e-4238-8933-2b89499a6e18,SAMMS-McDaniel
202608201425195676,202608201258109635,202608201258108173,46,10192,P1 Finance Client Demo 1 Bronze - MNRE,br_samms_client_demo1,TASK_COMPLETE,SUCCESS,INFO,1499,1499,0,,2026-08-20T12:58:15.698Z,2026-08-20T14:28:34.201Z,5419,2026-08-20T14:28:34.201Z,MNRE,Monroe,5f0dd8ad-486e-4238-8933-2b89499a6e18,SAMMS-Monroe
202608201425195678,202608201258109636,202608201258108173,46,10193,P1 Finance Client Demo 1 Bronze - MP,br_samms_client_demo1,TASK_COMPLETE,SUCCESS,INFO,2751,2751,0,,2026-08-20T12:58:15.698Z,2026-08-20T14:28:34.201Z,5419,2026-08-20T14:28:34.201Z,MP,MtPleasant,5f0dd8ad-486e-4238-8933-2b89499a6e18,SAMMS-MtPleasant
202608201425195680,202608201258109637,202608201258108173,46,10194,P1 Finance Client Demo 1 Bronze - MRD,br_samms_client_demo1,TASK_COMPLETE,SUCCESS,INFO,533,533,0,,2026-08-20T12:58:15.698Z,2026-08-20T14:28:34.201Z,5419,2026-08-20T14:28:34.201Z,MRD,Meridian,5f0dd8ad-486e-4238-8933-2b89499a6e18,SAMMS-Meridian
202608201425195682,202608201258109638,202608201258108173,46,10195,P1 Finance Client Demo 1 Bronze - NC,br_samms_client_demo1,TASK_COMPLETE,SUCCESS,INFO,7282,7282,0,,2026-08-20T12:58:15.698Z,2026-08-20T14:28:34.201Z,5419,2026-08-20T14:28:34.201Z,NC,NorthCharleston,5f0dd8ad-486e-4238-8933-2b89499a6e18,SAMMS-NorthCharleston
202608201425195684,202608201258109639,202608201258108173,46,10196,P1 Finance Client Demo 1 Bronze - NLR,br_samms_client_demo1,TASK_COMPLETE,SUCCESS,INFO,1037,1037,0,,2026-08-20T12:58:15.698Z,2026-08-20T14:28:34.201Z,5419,2026-08-20T14:28:34.201Z,NLR,NLROBOT,5f0dd8ad-486e-4238-8933-2b89499a6e18,SAMMS-NLROBOT
202608201425195686,202608201258109640,202608201258108173,46,10197,P1 Finance Client Demo 1 Bronze - PH,br_samms_client_demo1,TASK_COMPLETE,SUCCESS,INFO,3789,3789,0,,2026-08-20T12:58:15.698Z,2026-08-20T14:28:34.201Z,5419,2026-08-20T14:28:34.201Z,PH,Phoenix,5f0dd8ad-486e-4238-8933-2b89499a6e18,SAMMS-Phoenix
202608201425195688,202608201258109641,202608201258108173,46,10198,P1 Finance Client Demo 1 Bronze - RE,br_samms_client_demo1,TASK_COMPLETE,SUCCESS,INFO,5813,5813,0,,2026-08-20T12:58:15.698Z,2026-08-20T14:28:34.201Z,5419,2026-08-20T14:28:34.201Z,RE,Reno,5f0dd8ad-486e-4238-8933-2b89499a6e18,SAMMS-Reno
202608201425195690,202608201258109642,202608201258108173,46,10199,P1 Finance Client Demo 1 Bronze - RMD,br_samms_client_demo1,TASK_COMPLETE,SUCCESS,INFO,1853,1853,0,,2026-08-20T12:58:15.698Z,2026-08-20T14:28:34.201Z,5419,2026-08-20T14:28:34.201Z,RMD,Richmond,5f0dd8ad-486e-4238-8933-2b89499a6e18,SAMMS-Richmond
202608201425195692,202608201258109643,202608201258108173,46,10200,P1 Finance Client Demo 1 Bronze - SFN,br_samms_client_demo1,TASK_COMPLETE,SUCCESS,INFO,4589,4589,0,,2026-08-20T12:58:15.698Z,2026-08-20T14:28:34.201Z,5419,2026-08-20T14:28:34.201Z,SFN,SFN,5f0dd8ad-486e-4238-8933-2b89499a6e18,SAMMS-SFNv5
202608201425195693,202608201258109644,202608201258108173,46,10201,P1 Finance Client Demo 1 Bronze - SHP,br_samms_client_demo1,TASK_COMPLETE,SUCCESS,INFO,5682,5682,0,,2026-08-20T12:58:15.698Z,2026-08-20T14:28:34.201Z,5419,2026-08-20T14:28:34.201Z,SHP,Shreveport,5f0dd8ad-486e-4238-8933-2b89499a6e18,SAMMS-Shreveport
202608241333251163,202608241253387570,202608241253386616,88,5623,P1 Reference Preadmission Referral Source Bronze - B46,br_samms_preadmission_referral_source,TASK_COMPLETE,FAILED,ERROR,0,0,1,SavePreAdminReferrals Bronze ForEach failed,2026-08-24T12:53:42.369Z,2026-08-24T13:42:52.652Z,2950,2026-08-24T13:42:52.652Z,B46,WashingtonDC,8f1806c1-b1f2-4ac5-b25b-086fec51b8fb,SAMMS-WashingtonDCv5
202608241333251164,202608241253387571,202608241253386616,88,5624,P1 Reference Preadmission Referral Source Bronze - B47,br_samms_preadmission_referral_source,TASK_COMPLETE,FAILED,ERROR,0,0,1,SavePreAdminReferrals Bronze ForEach failed,2026-08-24T12:53:42.369Z,2026-08-24T13:42:52.652Z,2950,2026-08-24T13:42:52.652Z,B47,Mobile,8f1806c1-b1f2-4ac5-b25b-086fec51b8fb,SAMMS-MobileV5
202608241333251165,202608241253387572,202608241253386616,88,5625,P1 Reference Preadmission Referral Source Bronze - B48,br_samms_preadmission_referral_source,TASK_COMPLETE,FAILED,ERROR,0,0,1,SavePreAdminReferrals Bronze ForEach failed,2026-08-24T12:53:42.369Z,2026-08-24T13:42:52.652Z,2950,2026-08-24T13:42:52.652Z,B48,Tuscaloosa,8f1806c1-b1f2-4ac5-b25b-086fec51b8fb,SAMMS-TuscaloosaV5
202608241333251167,202608241253387573,202608241253386616,88,5626,P1 Reference Preadmission Referral Source Bronze - B51,br_samms_preadmission_referral_source,TASK_COMPLETE,FAILED,ERROR,0,0,1,SavePreAdminReferrals Bronze ForEach failed,2026-08-24T12:53:42.369Z,2026-08-24T13:42:52.652Z,2950,2026-08-24T13:42:52.652Z,B51,NorthLittleRock,8f1806c1-b1f2-4ac5-b25b-086fec51b8fb,SAMMS-NorthLittleRockV6
202608241333251168,202608241253387574,202608241253386616,88,5627,P1 Reference Preadmission Referral Source Bronze - B52,br_samms_preadmission_referral_source,TASK_COMPLETE,FAILED,ERROR,0,0,1,SavePreAdminReferrals Bronze ForEach failed,2026-08-24T12:53:42.369Z,2026-08-24T13:42:52.652Z,2950,2026-08-24T13:42:52.652Z,B52,JacksonGA,8f1806c1-b1f2-4ac5-b25b-086fec51b8fb,SAMMS-JacksonGAV5
202608241333251170,202608241253387575,202608241253386616,88,5628,P1 Reference Preadmission Referral Source Bronze - B54,br_samms_preadmission_referral_source,TASK_COMPLETE,FAILED,ERROR,0,0,1,SavePreAdminReferrals Bronze ForEach failed,2026-08-24T12:53:42.369Z,2026-08-24T13:42:52.652Z,2950,2026-08-24T13:42:52.652Z,B54,Gadsden,8f1806c1-b1f2-4ac5-b25b-086fec51b8fb,SAMMS-GadsdenV5
202608241333251171,202608241253387576,202608241253386616,88,5629,P1 Reference Preadmission Referral Source Bronze - B55,br_samms_preadmission_referral_source,TASK_COMPLETE,FAILED,ERROR,0,0,1,SavePreAdminReferrals Bronze ForEach failed,2026-08-24T12:53:42.369Z,2026-08-24T13:42:52.652Z,2950,2026-08-24T13:42:52.652Z,B55,Shoals,8f1806c1-b1f2-4ac5-b25b-086fec51b8fb,SAMMS-ShoalsV5
202608241333251173,202608241253387577,202608241253386616,88,5630,P1 Reference Preadmission Referral Source Bronze - B57,br_samms_preadmission_referral_source,TASK_COMPLETE,FAILED,ERROR,0,0,1,SavePreAdminReferrals Bronze ForEach failed,2026-08-24T12:53:42.369Z,2026-08-24T13:42:52.652Z,2950,2026-08-24T13:42:52.652Z,B57,Pawtucket,8f1806c1-b1f2-4ac5-b25b-086fec51b8fb,SAMMS-Pawtucket
202608241333251174,202608241253387578,202608241253386616,88,5631,P1 Reference Preadmission Referral Source Bronze - B57A,br_samms_preadmission_referral_source,TASK_COMPLETE,FAILED,ERROR,0,0,1,SavePreAdminReferrals Bronze ForEach failed,2026-08-24T12:53:42.369Z,2026-08-24T13:42:52.652Z,2950,2026-08-24T13:42:52.652Z,B57A,Johnston,8f1806c1-b1f2-4ac5-b25b-086fec51b8fb,SAMMS-Johnston
202608241333251176,202608241253387579,202608241253386616,88,5632,P1 Reference Preadmission Referral Source Bronze - B57B,br_samms_preadmission_referral_source,TASK_COMPLETE,FAILED,ERROR,0,0,1,SavePreAdminReferrals Bronze ForEach failed,2026-08-24T12:53:42.369Z,2026-08-24T13:42:52.652Z,2950,2026-08-24T13:42:52.652Z,B57B,Middletown,8f1806c1-b1f2-4ac5-b25b-086fec51b8fb,SAMMS-Middletown
202608241333251177,202608241253387580,202608241253386616,88,5633,P1 Reference Preadmission Referral Source Bronze - B57C,br_samms_preadmission_referral_source,TASK_COMPLETE,FAILED,ERROR,0,0,1,SavePreAdminReferrals Bronze ForEach failed,2026-08-24T12:53:42.369Z,2026-08-24T13:42:52.652Z,2950,2026-08-24T13:42:52.652Z,B57C,Providence,8f1806c1-b1f2-4ac5-b25b-086fec51b8fb,SAMMS-Providence
202608241333251179,202608241253387581,202608241253386616,88,5634,P1 Reference Preadmission Referral Source Bronze - B57D,br_samms_preadmission_referral_source,TASK_COMPLETE,FAILED,ERROR,0,0,1,SavePreAdminReferrals Bronze ForEach failed,2026-08-24T12:53:42.369Z,2026-08-24T13:42:52.652Z,2950,2026-08-24T13:42:52.652Z,B57D,Westerly,8f1806c1-b1f2-4ac5-b25b-086fec51b8fb,SAMMS-Westerly
202608241333251180,202608241253387582,202608241253386616,88,5635,P1 Reference Preadmission Referral Source Bronze - B66A,br_samms_preadmission_referral_source,TASK_COMPLETE,FAILED,ERROR,0,0,1,SavePreAdminReferrals Bronze ForEach failed,2026-08-24T12:53:42.369Z,2026-08-24T13:42:52.652Z,2950,2026-08-24T13:42:52.652Z,B66A,Bremen,8f1806c1-b1f2-4ac5-b25b-086fec51b8fb,SAMMS-Bremen
202608241333251182,202608241253387583,202608241253386616,88,5636,P1 Reference Preadmission Referral Source Bronze - B72,br_samms_preadmission_referral_source,TASK_COMPLETE,FAILED,ERROR,0,0,1,SavePreAdminReferrals Bronze ForEach failed,2026-08-24T12:53:42.369Z,2026-08-24T13:42:52.652Z,2950,2026-08-24T13:42:52.652Z,B72,Mobile-OBOT,8f1806c1-b1f2-4ac5-b25b-086fec51b8fb,SAMMS-Mobile-OBOT
202608241448407003,202608241408172756,202608241408171802,88,5623,P1 Reference Preadmission Referral Source Bronze - B46,br_samms_preadmission_referral_source,TASK_COMPLETE,FAILED,ERROR,0,0,1,SavePreAdminReferrals Bronze ForEach failed,2026-08-24T14:08:21.733Z,2026-08-24T15:03:37.584Z,3316,2026-08-24T15:03:37.584Z,B46,WashingtonDC,6c7532c9-dcb1-40a3-beaa-690039713dec,SAMMS-WashingtonDCv5
202608241448407004,202608241408172757,202608241408171802,88,5624,P1 Reference Preadmission Referral Source Bronze - B47,br_samms_preadmission_referral_source,TASK_COMPLETE,FAILED,ERROR,0,0,1,SavePreAdminReferrals Bronze ForEach failed,2026-08-24T14:08:21.733Z,2026-08-24T15:03:37.584Z,3316,2026-08-24T15:03:37.584Z,B47,Mobile,6c7532c9-dcb1-40a3-beaa-690039713dec,SAMMS-MobileV5
202608241448407006,202608241408172758,202608241408171802,88,5625,P1 Reference Preadmission Referral Source Bronze - B48,br_samms_preadmission_referral_source,TASK_COMPLETE,FAILED,ERROR,0,0,1,SavePreAdminReferrals Bronze ForEach failed,2026-08-24T14:08:21.733Z,2026-08-24T15:03:37.584Z,3316,2026-08-24T15:03:37.584Z,B48,Tuscaloosa,6c7532c9-dcb1-40a3-beaa-690039713dec,SAMMS-TuscaloosaV5
202608241448407007,202608241408172759,202608241408171802,88,5626,P1 Reference Preadmission Referral Source Bronze - B51,br_samms_preadmission_referral_source,TASK_COMPLETE,FAILED,ERROR,0,0,1,SavePreAdminReferrals Bronze ForEach failed,2026-08-24T14:08:21.733Z,2026-08-24T15:03:37.584Z,3316,2026-08-24T15:03:37.584Z,B51,NorthLittleRock,6c7532c9-dcb1-40a3-beaa-690039713dec,SAMMS-NorthLittleRockV6
202608241448407008,202608241408172760,202608241408171802,88,5627,P1 Reference Preadmission Referral Source Bronze - B52,br_samms_preadmission_referral_source,TASK_COMPLETE,FAILED,ERROR,0,0,1,SavePreAdminReferrals Bronze ForEach failed,2026-08-24T14:08:21.733Z,2026-08-24T15:03:37.584Z,3316,2026-08-24T15:03:37.584Z,B52,JacksonGA,6c7532c9-dcb1-40a3-beaa-690039713dec,SAMMS-JacksonGAV5
202608241448407010,202608241408172761,202608241408171802,88,5628,P1 Reference Preadmission Referral Source Bronze - B54,br_samms_preadmission_referral_source,TASK_COMPLETE,FAILED,ERROR,0,0,1,SavePreAdminReferrals Bronze ForEach failed,2026-08-24T14:08:21.733Z,2026-08-24T15:03:37.584Z,3316,2026-08-24T15:03:37.584Z,B54,Gadsden,6c7532c9-dcb1-40a3-beaa-690039713dec,SAMMS-GadsdenV5
202608241448407011,202608241408172762,202608241408171802,88,5629,P1 Reference Preadmission Referral Source Bronze - B55,br_samms_preadmission_referral_source,TASK_COMPLETE,FAILED,ERROR,0,0,1,SavePreAdminReferrals Bronze ForEach failed,2026-08-24T14:08:21.733Z,2026-08-24T15:03:37.584Z,3316,2026-08-24T15:03:37.584Z,B55,Shoals,6c7532c9-dcb1-40a3-beaa-690039713dec,SAMMS-ShoalsV5
202608241448407013,202608241408172763,202608241408171802,88,5630,P1 Reference Preadmission Referral Source Bronze - B57,br_samms_preadmission_referral_source,TASK_COMPLETE,FAILED,ERROR,0,0,1,SavePreAdminReferrals Bronze ForEach failed,2026-08-24T14:08:21.733Z,2026-08-24T15:03:37.584Z,3316,2026-08-24T15:03:37.584Z,B57,Pawtucket,6c7532c9-dcb1-40a3-beaa-690039713dec,SAMMS-Pawtucket
202608241448407014,202608241408172764,202608241408171802,88,5631,P1 Reference Preadmission Referral Source Bronze - B57A,br_samms_preadmission_referral_source,TASK_COMPLETE,FAILED,ERROR,0,0,1,SavePreAdminReferrals Bronze ForEach failed,2026-08-24T14:08:21.733Z,2026-08-24T15:03:37.584Z,3316,2026-08-24T15:03:37.584Z,B57A,Johnston,6c7532c9-dcb1-40a3-beaa-690039713dec,SAMMS-Johnston
202608241448407016,202608241408172765,202608241408171802,88,5632,P1 Reference Preadmission Referral Source Bronze - B57B,br_samms_preadmission_referral_source,TASK_COMPLETE,FAILED,ERROR,0,0,1,SavePreAdminReferrals Bronze ForEach failed,2026-08-24T14:08:21.733Z,2026-08-24T15:03:37.584Z,3316,2026-08-24T15:03:37.584Z,B57B,Middletown,6c7532c9-dcb1-40a3-beaa-690039713dec,SAMMS-Middletown
202608241448407017,202608241408172766,202608241408171802,88,5633,P1 Reference Preadmission Referral Source Bronze - B57C,br_samms_preadmission_referral_source,TASK_COMPLETE,FAILED,ERROR,0,0,1,SavePreAdminReferrals Bronze ForEach failed,2026-08-24T14:08:21.733Z,2026-08-24T15:03:37.584Z,3316,2026-08-24T15:03:37.584Z,B57C,Providence,6c7532c9-dcb1-40a3-beaa-690039713dec,SAMMS-Providence
202608241448407019,202608241408172767,202608241408171802,88,5634,P1 Reference Preadmission Referral Source Bronze - B57D,br_samms_preadmission_referral_source,TASK_COMPLETE,FAILED,ERROR,0,0,1,SavePreAdminReferrals Bronze ForEach failed,2026-08-24T14:08:21.733Z,2026-08-24T15:03:37.584Z,3316,2026-08-24T15:03:37.584Z,B57D,Westerly,6c7532c9-dcb1-40a3-beaa-690039713dec,SAMMS-Westerly
202608241448407020,202608241408172768,202608241408171802,88,5635,P1 Reference Preadmission Referral Source Bronze - B66A,br_samms_preadmission_referral_source,TASK_COMPLETE,FAILED,ERROR,0,0,1,SavePreAdminReferrals Bronze ForEach failed,2026-08-24T14:08:21.733Z,2026-08-24T15:03:37.584Z,3316,2026-08-24T15:03:37.584Z,B66A,Bremen,6c7532c9-dcb1-40a3-beaa-690039713dec,SAMMS-Bremen
202608241448407022,202608241408172769,202608241408171802,88,5636,P1 Reference Preadmission Referral Source Bronze - B72,br_samms_preadmission_referral_source,TASK_COMPLETE,FAILED,ERROR,0,0,1,SavePreAdminReferrals Bronze ForEach failed,2026-08-24T14:08:21.733Z,2026-08-24T15:03:37.584Z,3316,2026-08-24T15:03:37.584Z,B72,Mobile-OBOT,6c7532c9-dcb1-40a3-beaa-690039713dec,SAMMS-Mobile-OBOT
202608241448406749,202608241408172605,202608241408171802,88,5466,P1 Reference Custom Questions Bronze - V5,br_samms_custom_questions,TASK_COMPLETE,FAILED,ERROR,0,0,1,SaveCustomQuestions Bronze ForEach failed,2026-08-24T14:08:21.733Z,2026-08-24T15:03:37.584Z,3316,2026-08-24T15:03:37.584Z,V5,NONTC,6c7532c9-dcb1-40a3-beaa-690039713dec,SAMMS-NONTCv5
202608241448406751,202608241408172606,202608241408171802,88,5467,P1 Reference Custom Questions Bronze - V5B,br_samms_custom_questions,TASK_COMPLETE,FAILED,ERROR,0,0,1,SaveCustomQuestions Bronze ForEach failed,2026-08-24T14:08:21.733Z,2026-08-24T15:03:37.584Z,3316,2026-08-24T15:03:37.584Z,V5B,Houma,6c7532c9-dcb1-40a3-beaa-690039713dec,SAMMS-HoumaV6
202608241448406753,202608241408172607,202608241408171802,88,5468,P1 Reference Custom Questions Bronze - V6,br_samms_custom_questions,TASK_COMPLETE,FAILED,ERROR,0,0,1,SaveCustomQuestions Bronze ForEach failed,2026-08-24T14:08:21.733Z,2026-08-24T15:03:37.584Z,3316,2026-08-24T15:03:37.584Z,V6,LC,6c7532c9-dcb1-40a3-beaa-690039713dec,SAMMS-LCv5
202608241448406755,202608241408172608,202608241408171802,88,5469,P1 Reference Custom Questions Bronze - V8,br_samms_custom_questions,TASK_COMPLETE,FAILED,ERROR,0,0,1,SaveCustomQuestions Bronze ForEach failed,2026-08-24T14:08:21.733Z,2026-08-24T15:03:37.584Z,3316,2026-08-24T15:03:37.584Z,V8,VCPHCS-VIII-Memphis,6c7532c9-dcb1-40a3-beaa-690039713dec,SAMMS-VCPHCS-VIII-MemphisV5
202608241448406757,202608241408172609,202608241408171802,88,5470,P1 Reference Custom Questions Bronze - V9,br_samms_custom_questions,TASK_COMPLETE,FAILED,ERROR,0,0,1,SaveCustomQuestions Bronze ForEach failed,2026-08-24T14:08:21.733Z,2026-08-24T15:03:37.584Z,3316,2026-08-24T15:03:37.584Z,V9,Nashville,6c7532c9-dcb1-40a3-beaa-690039713dec,SAMMS-NashvilleV5
202608241448406759,202608241408172610,202608241408171802,88,5471,P1 Reference Custom Questions Bronze - VBRA,br_samms_custom_questions,TASK_COMPLETE,FAILED,ERROR,0,0,1,SaveCustomQuestions Bronze ForEach failed,2026-08-24T14:08:21.733Z,2026-08-24T15:03:37.584Z,3316,2026-08-24T15:03:37.584Z,VBRA,Brainerd,6c7532c9-dcb1-40a3-beaa-690039713dec,SAMMS-BrainerdV6
202608241448406761,202608241408172611,202608241408171802,88,5472,P1 Reference Custom Questions Bronze - VBRP,br_samms_custom_questions,TASK_COMPLETE,FAILED,ERROR,0,0,1,SaveCustomQuestions Bronze ForEach failed,2026-08-24T14:08:21.733Z,2026-08-24T15:03:37.584Z,3316,2026-08-24T15:03:37.584Z,VBRP,BrooklynPark,6c7532c9-dcb1-40a3-beaa-690039713dec,SAMMS-BrooklynParkV6
202608241448406763,202608241408172612,202608241408171802,88,5473,P1 Reference Custom Questions Bronze - VMIN,br_samms_custom_questions,TASK_COMPLETE,FAILED,ERROR,0,0,1,SaveCustomQuestions Bronze ForEach failed,2026-08-24T14:08:21.733Z,2026-08-24T15:03:37.584Z,3316,2026-08-24T15:03:37.584Z,VMIN,Minneapolis,6c7532c9-dcb1-40a3-beaa-690039713dec,SAMMS-MinneapolisV6
202608241448406765,202608241408172613,202608241408171802,88,5474,P1 Reference Custom Questions Bronze - VWBY,br_samms_custom_questions,TASK_COMPLETE,FAILED,ERROR,0,0,1,SaveCustomQuestions Bronze ForEach failed,2026-08-24T14:08:21.733Z,2026-08-24T15:03:37.584Z,3316,2026-08-24T15:03:37.584Z,VWBY,Woodbury,6c7532c9-dcb1-40a3-beaa-690039713dec,SAMMS-WoodburyV6
202608241448406767,202608241408172614,202608241408171802,88,5475,P1 Reference Custom Questions Bronze - WIL,br_samms_custom_questions,TASK_COMPLETE,FAILED,ERROR,0,0,1,SaveCustomQuestions Bronze ForEach failed,2026-08-24T14:08:21.733Z,2026-08-24T15:03:37.584Z,3316,2026-08-24T15:03:37.584Z,WIL,Wilson,6c7532c9-dcb1-40a3-beaa-690039713dec,SAMMS-Wilson
202608241448406869,202608241408271809,202608241408271802,89,5476,P1 Reference Custom Questions Silver,tbl_CustomQuestions,TASK_COMPLETE,SKIPPED,WARN,0,0,0,Skipped: SaveCustomQuestions failed at BR,2026-08-24T14:08:21.733Z,2026-08-24T15:03:37.584Z,3316,2026-08-24T15:03:37.584Z,,,6c7532c9-dcb1-40a3-beaa-690039713dec,
202608241448406776,202608241408172267,202608241408171802,88,5125,P1 Reference Dropdown List Items Bronze - AHK,br_samms_dropdown_list_items,TASK_COMPLETE,FAILED,ERROR,0,0,1,SavedropDownListItems Bronze ForEach failed,2026-08-24T14:08:21.733Z,2026-08-24T15:03:37.584Z,3316,2026-08-24T15:03:37.584Z,AHK,Ahoskie,6c7532c9-dcb1-40a3-beaa-690039713dec,SAMMS-Ahoskie
202608241448406777,202608241408172268,202608241408171802,88,5126,P1 Reference Dropdown List Items Bronze - B12B,br_samms_dropdown_list_items,TASK_COMPLETE,FAILED,ERROR,0,0,1,SavedropDownListItems Bronze ForEach failed,2026-08-24T14:08:21.733Z,2026-08-24T15:03:37.584Z,3316,2026-08-24T15:03:37.584Z,B12B,ColoradoSprings,6c7532c9-dcb1-40a3-beaa-690039713dec,SAMMS-ColoradoSpringsV5
202608241448406778,202608241408172269,202608241408171802,88,5127,P1 Reference Dropdown List Items Bronze - B24,br_samms_dropdown_list_items,TASK_COMPLETE,FAILED,ERROR,0,0,1,SavedropDownListItems Bronze ForEach failed,2026-08-24T14:08:21.733Z,2026-08-24T15:03:37.584Z,3316,2026-08-24T15:03:37.584Z,B24,Paintsville,6c7532c9-dcb1-40a3-beaa-690039713dec,SAMMS-PaintsvilleV5
202608241333250887,202608241253387419,202608241253386616,88,5466,P1 Reference Custom Questions Bronze - V5,br_samms_custom_questions,TASK_COMPLETE,FAILED,ERROR,0,0,1,SaveCustomQuestions Bronze ForEach failed,2026-08-24T12:53:42.369Z,2026-08-24T13:42:52.652Z,2950,2026-08-24T13:42:52.652Z,V5,NONTC,8f1806c1-b1f2-4ac5-b25b-086fec51b8fb,SAMMS-NONTCv5
202608241333250889,202608241253387420,202608241253386616,88,5467,P1 Reference Custom Questions Bronze - V5B,br_samms_custom_questions,TASK_COMPLETE,FAILED,ERROR,0,0,1,SaveCustomQuestions Bronze ForEach failed,2026-08-24T12:53:42.369Z,2026-08-24T13:42:52.652Z,2950,2026-08-24T13:42:52.652Z,V5B,Houma,8f1806c1-b1f2-4ac5-b25b-086fec51b8fb,SAMMS-HoumaV6
202608241333250891,202608241253387421,202608241253386616,88,5468,P1 Reference Custom Questions Bronze - V6,br_samms_custom_questions,TASK_COMPLETE,FAILED,ERROR,0,0,1,SaveCustomQuestions Bronze ForEach failed,2026-08-24T12:53:42.369Z,2026-08-24T13:42:52.652Z,2950,2026-08-24T13:42:52.652Z,V6,LC,8f1806c1-b1f2-4ac5-b25b-086fec51b8fb,SAMMS-LCv5
202608241333250893,202608241253387422,202608241253386616,88,5469,P1 Reference Custom Questions Bronze - V8,br_samms_custom_questions,TASK_COMPLETE,FAILED,ERROR,0,0,1,SaveCustomQuestions Bronze ForEach failed,2026-08-24T12:53:42.369Z,2026-08-24T13:42:52.652Z,2950,2026-08-24T13:42:52.652Z,V8,VCPHCS-VIII-Memphis,8f1806c1-b1f2-4ac5-b25b-086fec51b8fb,SAMMS-VCPHCS-VIII-MemphisV5
202608241333250896,202608241253387423,202608241253386616,88,5470,P1 Reference Custom Questions Bronze - V9,br_samms_custom_questions,TASK_COMPLETE,FAILED,ERROR,0,0,1,SaveCustomQuestions Bronze ForEach failed,2026-08-24T12:53:42.369Z,2026-08-24T13:42:52.652Z,2950,2026-08-24T13:42:52.652Z,V9,Nashville,8f1806c1-b1f2-4ac5-b25b-086fec51b8fb,SAMMS-NashvilleV5
202608241333250898,202608241253387424,202608241253386616,88,5471,P1 Reference Custom Questions Bronze - VBRA,br_samms_custom_questions,TASK_COMPLETE,FAILED,ERROR,0,0,1,SaveCustomQuestions Bronze ForEach failed,2026-08-24T12:53:42.369Z,2026-08-24T13:42:52.652Z,2950,2026-08-24T13:42:52.652Z,VBRA,Brainerd,8f1806c1-b1f2-4ac5-b25b-086fec51b8fb,SAMMS-BrainerdV6
202608241333250900,202608241253387425,202608241253386616,88,5472,P1 Reference Custom Questions Bronze - VBRP,br_samms_custom_questions,TASK_COMPLETE,FAILED,ERROR,0,0,1,SaveCustomQuestions Bronze ForEach failed,2026-08-24T12:53:42.369Z,2026-08-24T13:42:52.652Z,2950,2026-08-24T13:42:52.652Z,VBRP,BrooklynPark,8f1806c1-b1f2-4ac5-b25b-086fec51b8fb,SAMMS-BrooklynParkV6
202608241333250903,202608241253387426,202608241253386616,88,5473,P1 Reference Custom Questions Bronze - VMIN,br_samms_custom_questions,TASK_COMPLETE,FAILED,ERROR,0,0,1,SaveCustomQuestions Bronze ForEach failed,2026-08-24T12:53:42.369Z,2026-08-24T13:42:52.652Z,2950,2026-08-24T13:42:52.652Z,VMIN,Minneapolis,8f1806c1-b1f2-4ac5-b25b-086fec51b8fb,SAMMS-MinneapolisV6
202608241333250905,202608241253387427,202608241253386616,88,5474,P1 Reference Custom Questions Bronze - VWBY,br_samms_custom_questions,TASK_COMPLETE,FAILED,ERROR,0,0,1,SaveCustomQuestions Bronze ForEach failed,2026-08-24T12:53:42.369Z,2026-08-24T13:42:52.652Z,2950,2026-08-24T13:42:52.652Z,VWBY,Woodbury,8f1806c1-b1f2-4ac5-b25b-086fec51b8fb,SAMMS-WoodburyV6
202608241333250907,202608241253387428,202608241253386616,88,5475,P1 Reference Custom Questions Bronze - WIL,br_samms_custom_questions,TASK_COMPLETE,FAILED,ERROR,0,0,1,SaveCustomQuestions Bronze ForEach failed,2026-08-24T12:53:42.369Z,2026-08-24T13:42:52.652Z,2950,2026-08-24T13:42:52.652Z,WIL,Wilson,8f1806c1-b1f2-4ac5-b25b-086fec51b8fb,SAMMS-Wilson
202608241333251009,202608241253486623,202608241253486616,89,5476,P1 Reference Custom Questions Silver,tbl_CustomQuestions,TASK_COMPLETE,SKIPPED,WARN,0,0,0,Skipped: SaveCustomQuestions failed at BR,2026-08-24T12:53:42.369Z,2026-08-24T13:42:52.652Z,2950,2026-08-24T13:42:52.652Z,,,8f1806c1-b1f2-4ac5-b25b-086fec51b8fb,
202608241333250917,202608241253387081,202608241253386616,88,5125,P1 Reference Dropdown List Items Bronze - AHK,br_samms_dropdown_list_items,TASK_COMPLETE,FAILED,ERROR,0,0,1,SavedropDownListItems Bronze ForEach failed,2026-08-24T12:53:42.369Z,2026-08-24T13:42:52.652Z,2950,2026-08-24T13:42:52.652Z,AHK,Ahoskie,8f1806c1-b1f2-4ac5-b25b-086fec51b8fb,SAMMS-Ahoskie
202608241333250919,202608241253387082,202608241253386616,88,5126,P1 Reference Dropdown List Items Bronze - B12B,br_samms_dropdown_list_items,TASK_COMPLETE,FAILED,ERROR,0,0,1,SavedropDownListItems Bronze ForEach failed,2026-08-24T12:53:42.369Z,2026-08-24T13:42:52.652Z,2950,2026-08-24T13:42:52.652Z,B12B,ColoradoSprings,8f1806c1-b1f2-4ac5-b25b-086fec51b8fb,SAMMS-ColoradoSpringsV5
202608241333250920,202608241253387083,202608241253386616,88,5127,P1 Reference Dropdown List Items Bronze - B24,br_samms_dropdown_list_items,TASK_COMPLETE,FAILED,ERROR,0,0,1,SavedropDownListItems Bronze ForEach failed,2026-08-24T12:53:42.369Z,2026-08-24T13:42:52.652Z,2950,2026-08-24T13:42:52.652Z,B24,Paintsville,8f1806c1-b1f2-4ac5-b25b-086fec51b8fb,SAMMS-PaintsvilleV5
202608201425194679,202608201258108386,202608201258108173,46,8915,P1 Finance PBI 3 Pay Auth Bronze - V11,br_samms_pbi3_pay_auth,TASK_COMPLETE,SUCCESS,INFO,1594,1594,0,,2026-08-20T12:58:15.698Z,2026-08-20T14:28:34.201Z,5419,2026-08-20T14:28:34.201Z,V11,VCPHCS-XI-NorthDenver,5f0dd8ad-486e-4238-8933-2b89499a6e18,SAMMS-VCPHCS-XI-NorthDenverV5
202608201425194681,202608201258108387,202608201258108173,46,8916,P1 Finance PBI 3 Pay Auth Bronze - V12,br_samms_pbi3_pay_auth,TASK_COMPLETE,SUCCESS,INFO,1496,1496,0,,2026-08-20T12:58:15.698Z,2026-08-20T14:28:34.201Z,5419,2026-08-20T14:28:34.201Z,V12,VCPHCS-XII-DowntownDenver,5f0dd8ad-486e-4238-8933-2b89499a6e18,SAMMS-VCPHCS-XII-DowntownDenverV5
202608201425194683,202608201258108388,202608201258108173,46,8917,P1 Finance PBI 3 Pay Auth Bronze - V12A,br_samms_pbi3_pay_auth,TASK_COMPLETE,SUCCESS,INFO,798,798,0,,2026-08-20T12:58:15.698Z,2026-08-20T14:28:34.201Z,5419,2026-08-20T14:28:34.201Z,V12A,Centennial,5f0dd8ad-486e-4238-8933-2b89499a6e18,SAMMS-CentennialV5
202608201425194685,202608201258108389,202608201258108173,46,8918,P1 Finance PBI 3 Pay Auth Bronze - V14,br_samms_pbi3_pay_auth,TASK_COMPLETE,SUCCESS,INFO,505,505,0,,2026-08-20T12:58:15.698Z,2026-08-20T14:28:34.201Z,5419,2026-08-20T14:28:34.201Z,V14,VCPHCS-XIV-Bridgeway,5f0dd8ad-486e-4238-8933-2b89499a6e18,SAMMS-VCPHCS-XIV-BridgewayV5
202608201425194687,202608201258108390,202608201258108173,46,8919,P1 Finance PBI 3 Pay Auth Bronze - V15,br_samms_pbi3_pay_auth,TASK_COMPLETE,SUCCESS,INFO,405,405,0,,2026-08-20T12:58:15.698Z,2026-08-20T14:28:34.201Z,5419,2026-08-20T14:28:34.201Z,V15,Joplin,5f0dd8ad-486e-4238-8933-2b89499a6e18,SAMMS-JoplinV5
202608201425194689,202608201258108391,202608201258108173,46,8920,P1 Finance PBI 3 Pay Auth Bronze - V17,br_samms_pbi3_pay_auth,TASK_COMPLETE,SUCCESS,INFO,630,630,0,,2026-08-20T12:58:15.698Z,2026-08-20T14:28:34.201Z,5419,2026-08-20T14:28:34.201Z,V17,ColumbiaTN,5f0dd8ad-486e-4238-8933-2b89499a6e18,SAMMS-ColumbiaTNv5
202608201425194691,202608201258108392,202608201258108173,46,8921,P1 Finance PBI 3 Pay Auth Bronze - V19,br_samms_pbi3_pay_auth,TASK_COMPLETE,SUCCESS,INFO,587,587,0,,2026-08-20T12:58:15.698Z,2026-08-20T14:28:34.201Z,5419,2026-08-20T14:28:34.201Z,V19,Jackson,5f0dd8ad-486e-4238-8933-2b89499a6e18,SAMMS-JacksonV5
202608201425194693,202608201258108393,202608201258108173,46,8922,P1 Finance PBI 3 Pay Auth Bronze - V20,br_samms_pbi3_pay_auth,TASK_COMPLETE,SUCCESS,INFO,518,518,0,,2026-08-20T12:58:15.698Z,2026-08-20T14:28:34.201Z,5419,2026-08-20T14:28:34.201Z,V20,Paris,5f0dd8ad-486e-4238-8933-2b89499a6e18,SAMMS-ParisV5
202608201425194695,202608201258108394,202608201258108173,46,8923,P1 Finance PBI 3 Pay Auth Bronze - V21,br_samms_pbi3_pay_auth,TASK_COMPLETE,SUCCESS,INFO,508,508,0,,2026-08-20T12:58:15.698Z,2026-08-20T14:28:34.201Z,5419,2026-08-20T14:28:34.201Z,V21,Raleigh,5f0dd8ad-486e-4238-8933-2b89499a6e18,SAMMS-RaleighV5
202608201425194697,202608201258108395,202608201258108173,46,8924,P1 Finance PBI 3 Pay Auth Bronze - V5,br_samms_pbi3_pay_auth,TASK_COMPLETE,SUCCESS,INFO,884,884,0,,2026-08-20T12:58:15.698Z,2026-08-20T14:28:34.201Z,5419,2026-08-20T14:28:34.201Z,V5,NONTC,5f0dd8ad-486e-4238-8933-2b89499a6e18,SAMMS-NONTCv5
202608201425194699,202608201258108396,202608201258108173,46,8925,P1 Finance PBI 3 Pay Auth Bronze - V5B,br_samms_pbi3_pay_auth,TASK_COMPLETE,SUCCESS,INFO,29,29,0,,2026-08-20T12:58:15.698Z,2026-08-20T14:28:34.201Z,5419,2026-08-20T14:28:34.201Z,V5B,Houma,5f0dd8ad-486e-4238-8933-2b89499a6e18,SAMMS-HoumaV6
202608201425194702,202608201258108397,202608201258108173,46,8926,P1 Finance PBI 3 Pay Auth Bronze - V6,br_samms_pbi3_pay_auth,TASK_COMPLETE,SUCCESS,INFO,287,287,0,,2026-08-20T12:58:15.698Z,2026-08-20T14:28:34.201Z,5419,2026-08-20T14:28:34.201Z,V6,LC,5f0dd8ad-486e-4238-8933-2b89499a6e18,SAMMS-LCv5
202608201425194704,202608201258108398,202608201258108173,46,8927,P1 Finance PBI 3 Pay Auth Bronze - V8,br_samms_pbi3_pay_auth,TASK_COMPLETE,SUCCESS,INFO,721,721,0,,2026-08-20T12:58:15.698Z,2026-08-20T14:28:34.201Z,5419,2026-08-20T14:28:34.201Z,V8,VCPHCS-VIII-Memphis,5f0dd8ad-486e-4238-8933-2b89499a6e18,SAMMS-VCPHCS-VIII-MemphisV5
202608201425194706,202608201258108399,202608201258108173,46,8928,P1 Finance PBI 3 Pay Auth Bronze - V9,br_samms_pbi3_pay_auth,TASK_COMPLETE,SUCCESS,INFO,1443,1443,0,,2026-08-20T12:58:15.698Z,2026-08-20T14:28:34.201Z,5419,2026-08-20T14:28:34.201Z,V9,Nashville,5f0dd8ad-486e-4238-8933-2b89499a6e18,SAMMS-NashvilleV5
202608201425194708,202608201258108400,202608201258108173,46,8929,P1 Finance PBI 3 Pay Auth Bronze - VBRA,br_samms_pbi3_pay_auth,TASK_COMPLETE,SUCCESS,INFO,805,805,0,,2026-08-20T12:58:15.698Z,2026-08-20T14:28:34.201Z,5419,2026-08-20T14:28:34.201Z,VBRA,Brainerd,5f0dd8ad-486e-4238-8933-2b89499a6e18,SAMMS-BrainerdV6
202608201425194710,202608201258108401,202608201258108173,46,8930,P1 Finance PBI 3 Pay Auth Bronze - VBRP,br_samms_pbi3_pay_auth,TASK_COMPLETE,SUCCESS,INFO,521,521,0,,2026-08-20T12:58:15.698Z,2026-08-20T14:28:34.201Z,5419,2026-08-20T14:28:34.201Z,VBRP,BrooklynPark,5f0dd8ad-486e-4238-8933-2b89499a6e18,SAMMS-BrooklynParkV6
202608201425194713,202608201258108402,202608201258108173,46,8931,P1 Finance PBI 3 Pay Auth Bronze - VMIN,br_samms_pbi3_pay_auth,TASK_COMPLETE,SUCCESS,INFO,539,539,0,,2026-08-20T12:58:15.698Z,2026-08-20T14:28:34.201Z,5419,2026-08-20T14:28:34.201Z,VMIN,Minneapolis,5f0dd8ad-486e-4238-8933-2b89499a6e18,SAMMS-MinneapolisV6
202608201425194715,202608201258108403,202608201258108173,46,8932,P1 Finance PBI 3 Pay Auth Bronze - VWBY,br_samms_pbi3_pay_auth,TASK_COMPLETE,SUCCESS,INFO,392,392,0,,2026-08-20T12:58:15.698Z,2026-08-20T14:28:34.201Z,5419,2026-08-20T14:28:34.201Z,VWBY,Woodbury,5f0dd8ad-486e-4238-8933-2b89499a6e18,SAMMS-WoodburyV6
202608201425194717,202608201258108404,202608201258108173,46,8933,P1 Finance PBI 3 Pay Auth Bronze - WIL,br_samms_pbi3_pay_auth,TASK_COMPLETE,SUCCESS,INFO,3490,3490,0,,2026-08-20T12:58:15.698Z,2026-08-20T14:28:34.201Z,5419,2026-08-20T14:28:34.201Z,WIL,Wilson,5f0dd8ad-486e-4238-8933-2b89499a6e18,SAMMS-Wilson
202608201425194819,202608201258208175,202608201258208173,47,8934,P1 Finance PBI 3 Pay Auth Silver,tbl_pbi3PayAuth,TASK_COMPLETE,SUCCESS,INFO,122496,523,0,,2026-08-20T12:58:15.698Z,2026-08-20T14:28:34.201Z,5419,2026-08-20T14:28:34.201Z,,,5f0dd8ad-486e-4238-8933-2b89499a6e18,
202608201425194728,202608201258108174,202608201258108173,46,8701,P1 Finance Bills Bronze - AHK,br_samms_bills,TASK_COMPLETE,SUCCESS,INFO,1508,1508,0,,2026-08-20T12:58:15.698Z,2026-08-20T14:28:34.201Z,5419,2026-08-20T14:28:34.201Z,AHK,Ahoskie,5f0dd8ad-486e-4238-8933-2b89499a6e18,SAMMS-Ahoskie
202608201425194729,202608201258108175,202608201258108173,46,8702,P1 Finance Bills Bronze - B12B,br_samms_bills,TASK_COMPLETE,SUCCESS,INFO,3763,3763,0,,2026-08-20T12:58:15.698Z,2026-08-20T14:28:34.201Z,5419,2026-08-20T14:28:34.201Z,B12B,ColoradoSprings,5f0dd8ad-486e-4238-8933-2b89499a6e18,SAMMS-ColoradoSpringsV5
202608201425194398,202608201258108465,202608201258108173,46,8997,P1 Finance VW 3P Bill Sub Bronze - ET,br_samms_vw3p_bill_sub,TASK_COMPLETE,SUCCESS,INFO,873,873,0,,2026-08-20T12:58:15.698Z,2026-08-20T14:28:34.201Z,5419,2026-08-20T14:28:34.201Z,ET,Elizabethtown,5f0dd8ad-486e-4238-8933-2b89499a6e18,SAMMS-Elizabethtown
202608201425194400,202608201258108466,202608201258108173,46,8998,P1 Finance VW 3P Bill Sub Bronze - FAY,br_samms_vw3p_bill_sub,TASK_COMPLETE,SUCCESS,INFO,210,210,0,,2026-08-20T12:58:15.698Z,2026-08-20T14:28:34.201Z,5419,2026-08-20T14:28:34.201Z,FAY,Fayetteville,5f0dd8ad-486e-4238-8933-2b89499a6e18,SAMMS-Fayetteville
202608201425194402,202608201258108467,202608201258108173,46,8999,P1 Finance VW 3P Bill Sub Bronze - FR,br_samms_vw3p_bill_sub,TASK_COMPLETE,SUCCESS,INFO,597,597,0,,2026-08-20T12:58:15.698Z,2026-08-20T14:28:34.201Z,5419,2026-08-20T14:28:34.201Z,FR,Frankfort,5f0dd8ad-486e-4238-8933-2b89499a6e18,SAMMS-Frankfort
202608201425194404,202608201258108468,202608201258108173,46,9000,P1 Finance VW 3P Bill Sub Bronze - FS,br_samms_vw3p_bill_sub,TASK_COMPLETE,SUCCESS,INFO,68,68,0,,2026-08-20T12:58:15.698Z,2026-08-20T14:28:34.201Z,5419,2026-08-20T14:28:34.201Z,FS,FortSmith,5f0dd8ad-486e-4238-8933-2b89499a6e18,SAMMS-FortSmith
202608201425194406,202608201258108469,202608201258108173,46,9001,P1 Finance VW 3P Bill Sub Bronze - FW,br_samms_vw3p_bill_sub,TASK_COMPLETE,SUCCESS,INFO,440,440,0,,2026-08-20T12:58:15.698Z,2026-08-20T14:28:34.201Z,5419,2026-08-20T14:28:34.201Z,FW,FortWayne,5f0dd8ad-486e-4238-8933-2b89499a6e18,SAMMS-FortWayne
202608201425194408,202608201258108470,202608201258108173,46,9002,P1 Finance VW 3P Bill Sub Bronze - GAL,br_samms_vw3p_bill_sub,TASK_COMPLETE,SUCCESS,INFO,3347,3347,0,,2026-08-20T12:58:15.698Z,2026-08-20T14:28:34.201Z,5419,2026-08-20T14:28:34.201Z,GAL,Gaylord,5f0dd8ad-486e-4238-8933-2b89499a6e18,SAMMS-Gaylord
202608201425194409,202608201258108471,202608201258108173,46,9003,P1 Finance VW 3P Bill Sub Bronze - HGT,br_samms_vw3p_bill_sub,TASK_COMPLETE,SUCCESS,INFO,1255,1255,0,,2026-08-20T12:58:15.698Z,2026-08-20T14:28:34.201Z,5419,2026-08-20T14:28:34.201Z,HGT,Hagerstown,5f0dd8ad-486e-4238-8933-2b89499a6e18,SAMMS-Hagerstown
202608201425194411,202608201258108472,202608201258108173,46,9004,P1 Finance VW 3P Bill Sub Bronze - HNT,br_samms_vw3p_bill_sub,TASK_COMPLETE,SUCCESS,INFO,9895,9895,0,,2026-08-20T12:58:15.698Z,2026-08-20T14:28:34.201Z,5419,2026-08-20T14:28:34.201Z,HNT,Huntsville,5f0dd8ad-486e-4238-8933-2b89499a6e18,SAMMS-Huntsville
202608201425194413,202608201258108473,202608201258108173,46,9005,P1 Finance VW 3P Bill Sub Bronze - HS,br_samms_vw3p_bill_sub,TASK_COMPLETE,SUCCESS,INFO,120,120,0,,2026-08-20T12:58:15.698Z,2026-08-20T14:28:34.201Z,5419,2026-08-20T14:28:34.201Z,HS,HotSprings,5f0dd8ad-486e-4238-8933-2b89499a6e18,SAMMS-HotSprings
202608201425194415,202608201258108474,202608201258108173,46,9006,P1 Finance VW 3P Bill Sub Bronze - JON,br_samms_vw3p_bill_sub,TASK_COMPLETE,SUCCESS,INFO,160,160,0,,2026-08-20T12:58:15.698Z,2026-08-20T14:28:34.201Z,5419,2026-08-20T14:28:34.201Z,JON,Jonesboro,5f0dd8ad-486e-4238-8933-2b89499a6e18,SAMMS-Jonesboro
202608201425194416,202608201258108475,202608201258108173,46,13665,P1 Finance VW 3P Bill Sub Bronze - LAB,br_samms_vw3p_bill_sub,TASK_COMPLETE,SUCCESS,INFO,521,521,0,,2026-08-20T12:58:15.698Z,2026-08-20T14:28:34.201Z,5419,2026-08-20T14:28:34.201Z,LAB,LabV5-V2,5f0dd8ad-486e-4238-8933-2b89499a6e18,SAMMS-LabV5-V2
202608201425194418,202608201258108476,202608201258108173,46,9007,P1 Finance VW 3P Bill Sub Bronze - LAN,br_samms_vw3p_bill_sub,TASK_COMPLETE,SUCCESS,INFO,1770,1770,0,,2026-08-20T12:58:15.698Z,2026-08-20T14:28:34.201Z,5419,2026-08-20T14:28:34.201Z,LAN,Lansing,5f0dd8ad-486e-4238-8933-2b89499a6e18,SAMMS-Lansing
202608201425194420,202608201258108477,202608201258108173,46,9008,P1 Finance VW 3P Bill Sub Bronze - LO,br_samms_vw3p_bill_sub,TASK_COMPLETE,SUCCESS,INFO,2006,2006,0,,2026-08-20T12:58:15.698Z,2026-08-20T14:28:34.201Z,5419,2026-08-20T14:28:34.201Z,LO,Louisville,5f0dd8ad-486e-4238-8933-2b89499a6e18,SAMMS-Louisville
202608201425194422,202608201258108478,202608201258108173,46,9009,P1 Finance VW 3P Bill Sub Bronze - LV1,br_samms_vw3p_bill_sub,TASK_COMPLETE,SUCCESS,INFO,2269,2269,0,,2026-08-20T12:58:15.698Z,2026-08-20T14:28:34.201Z,5419,2026-08-20T14:28:34.201Z,LV1,Cheyenne,5f0dd8ad-486e-4238-8933-2b89499a6e18,SAMMS-Cheyenne
202608201425194424,202608201258108479,202608201258108173,46,9010,P1 Finance VW 3P Bill Sub Bronze - LV2,br_samms_vw3p_bill_sub,TASK_COMPLETE,SUCCESS,INFO,2092,2092,0,,2026-08-20T12:58:15.698Z,2026-08-20T14:28:34.201Z,5419,2026-08-20T14:28:34.201Z,LV2,DesertInn,5f0dd8ad-486e-4238-8933-2b89499a6e18,SAMMS-DesertInn
202608201425194426,202608201258108480,202608201258108173,46,9011,P1 Finance VW 3P Bill Sub Bronze - LV3,br_samms_vw3p_bill_sub,TASK_COMPLETE,SUCCESS,INFO,490,490,0,,2026-08-20T12:58:15.698Z,2026-08-20T14:28:34.201Z,5419,2026-08-20T14:28:34.201Z,LV3,McDaniel,5f0dd8ad-486e-4238-8933-2b89499a6e18,SAMMS-McDaniel
202608201425194428,202608201258108481,202608201258108173,46,9012,P1 Finance VW 3P Bill Sub Bronze - MNRE,br_samms_vw3p_bill_sub,TASK_COMPLETE,SUCCESS,INFO,1627,1627,0,,2026-08-20T12:58:15.698Z,2026-08-20T14:28:34.201Z,5419,2026-08-20T14:28:34.201Z,MNRE,Monroe,5f0dd8ad-486e-4238-8933-2b89499a6e18,SAMMS-Monroe
202608201425194430,202608201258108482,202608201258108173,46,9013,P1 Finance VW 3P Bill Sub Bronze - MP,br_samms_vw3p_bill_sub,TASK_COMPLETE,SUCCESS,INFO,2397,2397,0,,2026-08-20T12:58:15.698Z,2026-08-20T14:28:34.201Z,5419,2026-08-20T14:28:34.201Z,MP,MtPleasant,5f0dd8ad-486e-4238-8933-2b89499a6e18,SAMMS-MtPleasant
202608201425194432,202608201258108483,202608201258108173,46,9014,P1 Finance VW 3P Bill Sub Bronze - MRD,br_samms_vw3p_bill_sub,TASK_COMPLETE,SUCCESS,INFO,254,254,0,,2026-08-20T12:58:15.698Z,2026-08-20T14:28:34.201Z,5419,2026-08-20T14:28:34.201Z,MRD,Meridian,5f0dd8ad-486e-4238-8933-2b89499a6e18,SAMMS-Meridian
202608201425194433,202608201258108484,202608201258108173,46,9015,P1 Finance VW 3P Bill Sub Bronze - NC,br_samms_vw3p_bill_sub,TASK_COMPLETE,SUCCESS,INFO,192,192,0,,2026-08-20T12:58:15.698Z,2026-08-20T14:28:34.201Z,5419,2026-08-20T14:28:34.201Z,NC,NorthCharleston,5f0dd8ad-486e-4238-8933-2b89499a6e18,SAMMS-NorthCharleston
202608201425194435,202608201258108485,202608201258108173,46,9016,P1 Finance VW 3P Bill Sub Bronze - NLR,br_samms_vw3p_bill_sub,TASK_COMPLETE,SUCCESS,INFO,242,242,0,,2026-08-20T12:58:15.698Z,2026-08-20T14:28:34.201Z,5419,2026-08-20T14:28:34.201Z,NLR,NLROBOT,5f0dd8ad-486e-4238-8933-2b89499a6e18,SAMMS-NLROBOT
202608201425194437,202608201258108486,202608201258108173,46,9017,P1 Finance VW 3P Bill Sub Bronze - PH,br_samms_vw3p_bill_sub,TASK_COMPLETE,SUCCESS,INFO,751,751,0,,2026-08-20T12:58:15.698Z,2026-08-20T14:28:34.201Z,5419,2026-08-20T14:28:34.201Z,PH,Phoenix,5f0dd8ad-486e-4238-8933-2b89499a6e18,SAMMS-Phoenix
202608201425195851,202608201258109732,202608201258108173,46,10292,P1 Finance Client Demo 2 Bronze - DRD-NOLA,br_samms_client_demo2,TASK_COMPLETE,SUCCESS,INFO,10646,10646,0,,2026-08-20T12:58:15.698Z,2026-08-20T14:28:34.201Z,5419,2026-08-20T14:28:34.201Z,DRD-NOLA,NOLA,5f0dd8ad-486e-4238-8933-2b89499a6e18,SAMMS-NOLAv5
202608201425195853,202608201258109733,202608201258108173,46,10293,P1 Finance Client Demo 2 Bronze - DRD-SF,br_samms_client_demo2,TASK_COMPLETE,SUCCESS,INFO,5772,5772,0,,2026-08-20T12:58:15.698Z,2026-08-20T14:28:34.201Z,5419,2026-08-20T14:28:34.201Z,DRD-SF,SF,5f0dd8ad-486e-4238-8933-2b89499a6e18,SAMMS-SFv5
202608201425195854,202608201258109734,202608201258108173,46,10294,P1 Finance Client Demo 2 Bronze - ELC,br_samms_client_demo2,TASK_COMPLETE,SUCCESS,INFO,1248,1248,0,,2026-08-20T12:58:15.698Z,2026-08-20T14:28:34.201Z,5419,2026-08-20T14:28:34.201Z,ELC,ElizabethCity,5f0dd8ad-486e-4238-8933-2b89499a6e18,SAMMS-ElizabethCity
202608201425195856,202608201258109735,202608201258108173,46,10295,P1 Finance Client Demo 2 Bronze - ET,br_samms_client_demo2,TASK_COMPLETE,SUCCESS,INFO,2625,2625,0,,2026-08-20T12:58:15.698Z,2026-08-20T14:28:34.201Z,5419,2026-08-20T14:28:34.201Z,ET,Elizabethtown,5f0dd8ad-486e-4238-8933-2b89499a6e18,SAMMS-Elizabethtown
202608201425195858,202608201258109736,202608201258108173,46,10296,P1 Finance Client Demo 2 Bronze - FAY,br_samms_client_demo2,TASK_COMPLETE,SUCCESS,INFO,636,636,0,,2026-08-20T12:58:15.698Z,2026-08-20T14:28:34.201Z,5419,2026-08-20T14:28:34.201Z,FAY,Fayetteville,5f0dd8ad-486e-4238-8933-2b89499a6e18,SAMMS-Fayetteville
202608201425195860,202608201258109737,202608201258108173,46,10297,P1 Finance Client Demo 2 Bronze - FR,br_samms_client_demo2,TASK_COMPLETE,SUCCESS,INFO,1865,1865,0,,2026-08-20T12:58:15.698Z,2026-08-20T14:28:34.201Z,5419,2026-08-20T14:28:34.201Z,FR,Frankfort,5f0dd8ad-486e-4238-8933-2b89499a6e18,SAMMS-Frankfort
202608201425195862,202608201258109738,202608201258108173,46,10298,P1 Finance Client Demo 2 Bronze - FS,br_samms_client_demo2,TASK_COMPLETE,SUCCESS,INFO,565,565,0,,2026-08-20T12:58:15.698Z,2026-08-20T14:28:34.201Z,5419,2026-08-20T14:28:34.201Z,FS,FortSmith,5f0dd8ad-486e-4238-8933-2b89499a6e18,SAMMS-FortSmith
202608201425195863,202608201258109739,202608201258108173,46,10299,P1 Finance Client Demo 2 Bronze - FW,br_samms_client_demo2,TASK_COMPLETE,SUCCESS,INFO,5564,5564,0,,2026-08-20T12:58:15.698Z,2026-08-20T14:28:34.201Z,5419,2026-08-20T14:28:34.201Z,FW,FortWayne,5f0dd8ad-486e-4238-8933-2b89499a6e18,SAMMS-FortWayne
202608201425195865,202608201258109740,202608201258108173,46,10300,P1 Finance Client Demo 2 Bronze - GAL,br_samms_client_demo2,TASK_COMPLETE,SUCCESS,INFO,1369,1369,0,,2026-08-20T12:58:15.698Z,2026-08-20T14:28:34.201Z,5419,2026-08-20T14:28:34.201Z,GAL,Gaylord,5f0dd8ad-486e-4238-8933-2b89499a6e18,SAMMS-Gaylord
202608201425195867,202608201258109741,202608201258108173,46,10301,P1 Finance Client Demo 2 Bronze - HGT,br_samms_client_demo2,TASK_COMPLETE,SUCCESS,INFO,4710,4710,0,,2026-08-20T12:58:15.698Z,2026-08-20T14:28:34.201Z,5419,2026-08-20T14:28:34.201Z,HGT,Hagerstown,5f0dd8ad-486e-4238-8933-2b89499a6e18,SAMMS-Hagerstown
202608201425195869,202608201258109742,202608201258108173,46,10302,P1 Finance Client Demo 2 Bronze - HNT,br_samms_client_demo2,TASK_COMPLETE,SUCCESS,INFO,9548,9548,0,,2026-08-20T12:58:15.698Z,2026-08-20T14:28:34.201Z,5419,2026-08-20T14:28:34.201Z,HNT,Huntsville,5f0dd8ad-486e-4238-8933-2b89499a6e18,SAMMS-Huntsville
202608201425195871,202608201258109743,202608201258108173,46,10303,P1 Finance Client Demo 2 Bronze - HS,br_samms_client_demo2,TASK_COMPLETE,SUCCESS,INFO,632,632,0,,2026-08-20T12:58:15.698Z,2026-08-20T14:28:34.201Z,5419,2026-08-20T14:28:34.201Z,HS,HotSprings,5f0dd8ad-486e-4238-8933-2b89499a6e18,SAMMS-HotSprings
202608201425195873,202608201258109744,202608201258108173,46,10304,P1 Finance Client Demo 2 Bronze - JON,br_samms_client_demo2,TASK_COMPLETE,SUCCESS,INFO,596,596,0,,2026-08-20T12:58:15.698Z,2026-08-20T14:28:34.201Z,5419,2026-08-20T14:28:34.201Z,JON,Jonesboro,5f0dd8ad-486e-4238-8933-2b89499a6e18,SAMMS-Jonesboro
202608201425195874,202608201258109745,202608201258108173,46,10305,P1 Finance Client Demo 2 Bronze - LAN,br_samms_client_demo2,TASK_COMPLETE,SUCCESS,INFO,1991,1991,0,,2026-08-20T12:58:15.698Z,2026-08-20T14:28:34.201Z,5419,2026-08-20T14:28:34.201Z,LAN,Lansing,5f0dd8ad-486e-4238-8933-2b89499a6e18,SAMMS-Lansing
202608201425195876,202608201258109746,202608201258108173,46,10306,P1 Finance Client Demo 2 Bronze - LO,br_samms_client_demo2,TASK_COMPLETE,SUCCESS,INFO,9038,9038,0,,2026-08-20T12:58:15.698Z,2026-08-20T14:28:34.201Z,5419,2026-08-20T14:28:34.201Z,LO,Louisville,5f0dd8ad-486e-4238-8933-2b89499a6e18,SAMMS-Louisville
202608201425195878,202608201258109747,202608201258108173,46,10307,P1 Finance Client Demo 2 Bronze - LV1,br_samms_client_demo2,TASK_COMPLETE,SUCCESS,INFO,7369,7369,0,,2026-08-20T12:58:15.698Z,2026-08-20T14:28:34.201Z,5419,2026-08-20T14:28:34.201Z,LV1,Cheyenne,5f0dd8ad-486e-4238-8933-2b89499a6e18,SAMMS-Cheyenne
202608201425195880,202608201258109748,202608201258108173,46,10308,P1 Finance Client Demo 2 Bronze - LV2,br_samms_client_demo2,TASK_COMPLETE,SUCCESS,INFO,12328,12328,0,,2026-08-20T12:58:15.698Z,2026-08-20T14:28:34.201Z,5419,2026-08-20T14:28:34.201Z,LV2,DesertInn,5f0dd8ad-486e-4238-8933-2b89499a6e18,SAMMS-DesertInn
202608201425195882,202608201258109749,202608201258108173,46,10309,P1 Finance Client Demo 2 Bronze - LV3,br_samms_client_demo2,TASK_COMPLETE,SUCCESS,INFO,3851,3851,0,,2026-08-20T12:58:15.698Z,2026-08-20T14:28:34.201Z,5419,2026-08-20T14:28:34.201Z,LV3,McDaniel,5f0dd8ad-486e-4238-8933-2b89499a6e18,SAMMS-McDaniel
202608201425195884,202608201258109750,202608201258108173,46,10310,P1 Finance Client Demo 2 Bronze - MNRE,br_samms_client_demo2,TASK_COMPLETE,SUCCESS,INFO,1499,1499,0,,2026-08-20T12:58:15.698Z,2026-08-20T14:28:34.201Z,5419,2026-08-20T14:28:34.201Z,MNRE,Monroe,5f0dd8ad-486e-4238-8933-2b89499a6e18,SAMMS-Monroe
202608201425195886,202608201258109751,202608201258108173,46,10311,P1 Finance Client Demo 2 Bronze - MP,br_samms_client_demo2,TASK_COMPLETE,SUCCESS,INFO,2751,2751,0,,2026-08-20T12:58:15.698Z,2026-08-20T14:28:34.201Z,5419,2026-08-20T14:28:34.201Z,MP,MtPleasant,5f0dd8ad-486e-4238-8933-2b89499a6e18,SAMMS-MtPleasant
202608201425195888,202608201258109752,202608201258108173,46,10312,P1 Finance Client Demo 2 Bronze - MRD,br_samms_client_demo2,TASK_COMPLETE,SUCCESS,INFO,533,533,0,,2026-08-20T12:58:15.698Z,2026-08-20T14:28:34.201Z,5419,2026-08-20T14:28:34.201Z,MRD,Meridian,5f0dd8ad-486e-4238-8933-2b89499a6e18,SAMMS-Meridian
202608201425195890,202608201258109753,202608201258108173,46,10313,P1 Finance Client Demo 2 Bronze - NC,br_samms_client_demo2,TASK_COMPLETE,SUCCESS,INFO,7282,7282,0,,2026-08-20T12:58:15.698Z,2026-08-20T14:28:34.201Z,5419,2026-08-20T14:28:34.201Z,NC,NorthCharleston,5f0dd8ad-486e-4238-8933-2b89499a6e18,SAMMS-NorthCharleston
202608201425195499,202608201258109306,202608201258108173,46,9854,P1 Finance Claims Bronze - TTCC,br_samms_claims,TASK_COMPLETE,SUCCESS,INFO,38369,38369,0,,2026-08-20T12:58:15.698Z,2026-08-20T14:28:34.201Z,5419,2026-08-20T14:28:34.201Z,TTCC,GrandBay,5f0dd8ad-486e-4238-8933-2b89499a6e18,SAMMS-GrandBay
202608201425195501,202608201258109307,202608201258108173,46,9855,P1 Finance Claims Bronze - TU,br_samms_claims,TASK_COMPLETE,SUCCESS,INFO,9673,9673,0,,2026-08-20T12:58:15.698Z,2026-08-20T14:28:34.201Z,5419,2026-08-20T14:28:34.201Z,TU,Tucson,5f0dd8ad-486e-4238-8933-2b89499a6e18,SAMMS-Tucson
202608201425195503,202608201258109308,202608201258108173,46,9856,P1 Finance Claims Bronze - V1,br_samms_claims,TASK_COMPLETE,SUCCESS,INFO,59191,59191,0,,2026-08-20T12:58:15.698Z,2026-08-20T14:28:34.201Z,5419,2026-08-20T14:28:34.201Z,V1,VCPHCS-I-Memphis,5f0dd8ad-486e-4238-8933-2b89499a6e18,SAMMS-VCPHCS-I-MemphisV5
202608201425195505,202608201258109309,202608201258108173,46,9857,P1 Finance Claims Bronze - V10,br_samms_claims,TASK_COMPLETE,SUCCESS,INFO,171870,171870,0,,2026-08-20T12:58:15.698Z,2026-08-20T14:28:34.201Z,5419,2026-08-20T14:28:34.201Z,V10,Boulder,5f0dd8ad-486e-4238-8933-2b89499a6e18,SAMMS-BoulderV5
202608201425195508,202608201258109310,202608201258108173,46,9858,P1 Finance Claims Bronze - V10A,br_samms_claims,TASK_COMPLETE,SUCCESS,INFO,169945,169945,0,,2026-08-20T12:58:15.698Z,2026-08-20T14:28:34.201Z,5419,2026-08-20T14:28:34.201Z,V10A,FortCollins,5f0dd8ad-486e-4238-8933-2b89499a6e18,SAMMS-FortCollinsV5
202608201425195510,202608201258109311,202608201258108173,46,9859,P1 Finance Claims Bronze - V11,br_samms_claims,TASK_COMPLETE,SUCCESS,INFO,309467,309467,0,,2026-08-20T12:58:15.698Z,2026-08-20T14:28:34.201Z,5419,2026-08-20T14:28:34.201Z,V11,VCPHCS-XI-NorthDenver,5f0dd8ad-486e-4238-8933-2b89499a6e18,SAMMS-VCPHCS-XI-NorthDenverV5
202608201425195512,202608201258109312,202608201258108173,46,9860,P1 Finance Claims Bronze - V12,br_samms_claims,TASK_COMPLETE,SUCCESS,INFO,352594,352594,0,,2026-08-20T12:58:15.698Z,2026-08-20T14:28:34.201Z,5419,2026-08-20T14:28:34.201Z,V12,VCPHCS-XII-DowntownDenver,5f0dd8ad-486e-4238-8933-2b89499a6e18,SAMMS-VCPHCS-XII-DowntownDenverV5
202608201425195514,202608201258109313,202608201258108173,46,9861,P1 Finance Claims Bronze - V12A,br_samms_claims,TASK_COMPLETE,SUCCESS,INFO,100234,100234,0,,2026-08-20T12:58:15.698Z,2026-08-20T14:28:34.201Z,5419,2026-08-20T14:28:34.201Z,V12A,Centennial,5f0dd8ad-486e-4238-8933-2b89499a6e18,SAMMS-CentennialV5
202608201425195517,202608201258109314,202608201258108173,46,9862,P1 Finance Claims Bronze - V14,br_samms_claims,TASK_COMPLETE,SUCCESS,INFO,31553,31553,0,,2026-08-20T12:58:15.698Z,2026-08-20T14:28:34.201Z,5419,2026-08-20T14:28:34.201Z,V14,VCPHCS-XIV-Bridgeway,5f0dd8ad-486e-4238-8933-2b89499a6e18,SAMMS-VCPHCS-XIV-BridgewayV5
202608201425195519,202608201258109315,202608201258108173,46,9863,P1 Finance Claims Bronze - V15,br_samms_claims,TASK_COMPLETE,SUCCESS,INFO,77336,77336,0,,2026-08-20T12:58:15.698Z,2026-08-20T14:28:34.201Z,5419,2026-08-20T14:28:34.201Z,V15,Joplin,5f0dd8ad-486e-4238-8933-2b89499a6e18,SAMMS-JoplinV5
202608201425195521,202608201258109316,202608201258108173,46,9864,P1 Finance Claims Bronze - V17,br_samms_claims,TASK_COMPLETE,SUCCESS,INFO,55611,55611,0,,2026-08-20T12:58:15.698Z,2026-08-20T14:28:34.201Z,5419,2026-08-20T14:28:34.201Z,V17,ColumbiaTN,5f0dd8ad-486e-4238-8933-2b89499a6e18,SAMMS-ColumbiaTNv5
202608201425195522,202608201258109317,202608201258108173,46,9865,P1 Finance Claims Bronze - V19,br_samms_claims,TASK_COMPLETE,SUCCESS,INFO,70363,70363,0,,2026-08-20T12:58:15.698Z,2026-08-20T14:28:34.201Z,5419,2026-08-20T14:28:34.201Z,V19,Jackson,5f0dd8ad-486e-4238-8933-2b89499a6e18,SAMMS-JacksonV5
202608201425195524,202608201258109318,202608201258108173,46,9866,P1 Finance Claims Bronze - V20,br_samms_claims,TASK_COMPLETE,SUCCESS,INFO,83674,83674,0,,2026-08-20T12:58:15.698Z,2026-08-20T14:28:34.201Z,5419,2026-08-20T14:28:34.201Z,V20,Paris,5f0dd8ad-486e-4238-8933-2b89499a6e18,SAMMS-ParisV5
202608201425195527,202608201258109319,202608201258108173,46,9867,P1 Finance Claims Bronze - V21,br_samms_claims,TASK_COMPLETE,SUCCESS,INFO,67775,67775,0,,2026-08-20T12:58:15.698Z,2026-08-20T14:28:34.201Z,5419,2026-08-20T14:28:34.201Z,V21,Raleigh,5f0dd8ad-486e-4238-8933-2b89499a6e18,SAMMS-RaleighV5
202608201425195529,202608201258109320,202608201258108173,46,9868,P1 Finance Claims Bronze - V5,br_samms_claims,TASK_COMPLETE,SUCCESS,INFO,295744,295744,0,,2026-08-20T12:58:15.698Z,2026-08-20T14:28:34.201Z,5419,2026-08-20T14:28:34.201Z,V5,NONTC,5f0dd8ad-486e-4238-8933-2b89499a6e18,SAMMS-NONTCv5
202608201425195531,202608201258109321,202608201258108173,46,9869,P1 Finance Claims Bronze - V5B,br_samms_claims,TASK_COMPLETE,SUCCESS,INFO,8225,8225,0,,2026-08-20T12:58:15.698Z,2026-08-20T14:28:34.201Z,5419,2026-08-20T14:28:34.201Z,V5B,Houma,5f0dd8ad-486e-4238-8933-2b89499a6e18,SAMMS-HoumaV6
202608201425195533,202608201258109322,202608201258108173,46,9870,P1 Finance Claims Bronze - V6,br_samms_claims,TASK_COMPLETE,SUCCESS,INFO,152175,152175,0,,2026-08-20T12:58:15.698Z,2026-08-20T14:28:34.201Z,5419,2026-08-20T14:28:34.201Z,V6,LC,5f0dd8ad-486e-4238-8933-2b89499a6e18,SAMMS-LCv5
202608201425195535,202608201258109323,202608201258108173,46,9871,P1 Finance Claims Bronze - V8,br_samms_claims,TASK_COMPLETE,SUCCESS,INFO,68878,68878,0,,2026-08-20T12:58:15.698Z,2026-08-20T14:28:34.201Z,5419,2026-08-20T14:28:34.201Z,V8,VCPHCS-VIII-Memphis,5f0dd8ad-486e-4238-8933-2b89499a6e18,SAMMS-VCPHCS-VIII-MemphisV5
202608201425195538,202608201258109324,202608201258108173,46,9872,P1 Finance Claims Bronze - V9,br_samms_claims,TASK_COMPLETE,SUCCESS,INFO,185316,185316,0,,2026-08-20T12:58:15.698Z,2026-08-20T14:28:34.201Z,5419,2026-08-20T14:28:34.201Z,V9,Nashville,5f0dd8ad-486e-4238-8933-2b89499a6e18,SAMMS-NashvilleV5
202608201425195540,202608201258109325,202608201258108173,46,9873,P1 Finance Claims Bronze - VBRA,br_samms_claims,TASK_COMPLETE,SUCCESS,INFO,21936,21936,0,,2026-08-20T12:58:15.698Z,2026-08-20T14:28:34.201Z,5419,2026-08-20T14:28:34.201Z,VBRA,Brainerd,5f0dd8ad-486e-4238-8933-2b89499a6e18,SAMMS-BrainerdV6
202608201425195542,202608201258109326,202608201258108173,46,9874,P1 Finance Claims Bronze - VBRP,br_samms_claims,TASK_COMPLETE,SUCCESS,INFO,38153,38153,0,,2026-08-20T12:58:15.698Z,2026-08-20T14:28:34.201Z,5419,2026-08-20T14:28:34.201Z,VBRP,BrooklynPark,5f0dd8ad-486e-4238-8933-2b89499a6e18,SAMMS-BrooklynParkV6
202608201425195544,202608201258109327,202608201258108173,46,9875,P1 Finance Claims Bronze - VMIN,br_samms_claims,TASK_COMPLETE,SUCCESS,INFO,24437,24437,0,,2026-08-20T12:58:15.698Z,2026-08-20T14:28:34.201Z,5419,2026-08-20T14:28:34.201Z,VMIN,Minneapolis,5f0dd8ad-486e-4238-8933-2b89499a6e18,SAMMS-MinneapolisV6
202608201425195741,202608201258109667,202608201258108173,46,10224,P1 Finance Client Demo 1 Bronze - V6,br_samms_client_demo1,TASK_COMPLETE,SUCCESS,INFO,4149,4149,0,,2026-08-20T12:58:15.698Z,2026-08-20T14:28:34.201Z,5419,2026-08-20T14:28:34.201Z,V6,LC,5f0dd8ad-486e-4238-8933-2b89499a6e18,SAMMS-LCv5
202608201425195743,202608201258109668,202608201258108173,46,10225,P1 Finance Client Demo 1 Bronze - V8,br_samms_client_demo1,TASK_COMPLETE,SUCCESS,INFO,7429,7429,0,,2026-08-20T12:58:15.698Z,2026-08-20T14:28:34.201Z,5419,2026-08-20T14:28:34.201Z,V8,VCPHCS-VIII-Memphis,5f0dd8ad-486e-4238-8933-2b89499a6e18,SAMMS-VCPHCS-VIII-MemphisV5
202608201425195745,202608201258109669,202608201258108173,46,10226,P1 Finance Client Demo 1 Bronze - V9,br_samms_client_demo1,TASK_COMPLETE,SUCCESS,INFO,15987,15987,0,,2026-08-20T12:58:15.698Z,2026-08-20T14:28:34.201Z,5419,2026-08-20T14:28:34.201Z,V9,Nashville,5f0dd8ad-486e-4238-8933-2b89499a6e18,SAMMS-NashvilleV5
202608201425195747,202608201258109670,202608201258108173,46,10227,P1 Finance Client Demo 1 Bronze - VBRA,br_samms_client_demo1,TASK_COMPLETE,SUCCESS,INFO,2401,2401,0,,2026-08-20T12:58:15.698Z,2026-08-20T14:28:34.201Z,5419,2026-08-20T14:28:34.201Z,VBRA,Brainerd,5f0dd8ad-486e-4238-8933-2b89499a6e18,SAMMS-BrainerdV6
202608201425195750,202608201258109671,202608201258108173,46,10228,P1 Finance Client Demo 1 Bronze - VBRP,br_samms_client_demo1,TASK_COMPLETE,SUCCESS,INFO,8160,8160,0,,2026-08-20T12:58:15.698Z,2026-08-20T14:28:34.201Z,5419,2026-08-20T14:28:34.201Z,VBRP,BrooklynPark,5f0dd8ad-486e-4238-8933-2b89499a6e18,SAMMS-BrooklynParkV6
202608201425195752,202608201258109672,202608201258108173,46,10229,P1 Finance Client Demo 1 Bronze - VMIN,br_samms_client_demo1,TASK_COMPLETE,SUCCESS,INFO,6107,6107,0,,2026-08-20T12:58:15.698Z,2026-08-20T14:28:34.201Z,5419,2026-08-20T14:28:34.201Z,VMIN,Minneapolis,5f0dd8ad-486e-4238-8933-2b89499a6e18,SAMMS-MinneapolisV6
202608201425195754,202608201258109673,202608201258108173,46,10230,P1 Finance Client Demo 1 Bronze - VWBY,br_samms_client_demo1,TASK_COMPLETE,SUCCESS,INFO,10830,10830,0,,2026-08-20T12:58:15.698Z,2026-08-20T14:28:34.201Z,5419,2026-08-20T14:28:34.201Z,VWBY,Woodbury,5f0dd8ad-486e-4238-8933-2b89499a6e18,SAMMS-WoodburyV6
202608201425195756,202608201258109674,202608201258108173,46,10231,P1 Finance Client Demo 1 Bronze - WIL,br_samms_client_demo1,TASK_COMPLETE,SUCCESS,INFO,1770,1770,0,,2026-08-20T12:58:15.698Z,2026-08-20T14:28:34.201Z,5419,2026-08-20T14:28:34.201Z,WIL,Wilson,5f0dd8ad-486e-4238-8933-2b89499a6e18,SAMMS-Wilson
202608201425195858,202608201258208186,202608201258208173,47,10232,P1 Finance Client Demo 1 Silver,tbl_ClientDemo1,TASK_COMPLETE,SUCCESS,INFO,406652,406652,0,,2026-08-20T12:58:15.698Z,2026-08-20T14:28:34.201Z,5419,2026-08-20T14:28:34.201Z,,,5f0dd8ad-486e-4238-8933-2b89499a6e18,
202608201425195767,202608201258109675,202608201258108173,46,10235,P1 Finance Client Demo 2 Bronze - AHK,br_samms_client_demo2,TASK_COMPLETE,SUCCESS,INFO,301,301,0,,2026-08-20T12:58:15.698Z,2026-08-20T14:28:34.201Z,5419,2026-08-20T14:28:34.201Z,AHK,Ahoskie,5f0dd8ad-486e-4238-8933-2b89499a6e18,SAMMS-Ahoskie
202608201425195768,202608201258109676,202608201258108173,46,10236,P1 Finance Client Demo 2 Bronze - B12B,br_samms_client_demo2,TASK_COMPLETE,SUCCESS,INFO,1369,1369,0,,2026-08-20T12:58:15.698Z,2026-08-20T14:28:34.201Z,5419,2026-08-20T14:28:34.201Z,B12B,ColoradoSprings,5f0dd8ad-486e-4238-8933-2b89499a6e18,SAMMS-ColoradoSpringsV5
202608201425195769,202608201258109677,202608201258108173,46,10237,P1 Finance Client Demo 2 Bronze - B24,br_samms_client_demo2,TASK_COMPLETE,SUCCESS,INFO,2919,2919,0,,2026-08-20T12:58:15.698Z,2026-08-20T14:28:34.201Z,5419,2026-08-20T14:28:34.201Z,B24,Paintsville,5f0dd8ad-486e-4238-8933-2b89499a6e18,SAMMS-PaintsvilleV5
202608201425195771,202608201258109678,202608201258108173,46,10238,P1 Finance Client Demo 2 Bronze - B25,br_samms_client_demo2,TASK_COMPLETE,SUCCESS,INFO,3413,3413,0,,2026-08-20T12:58:15.698Z,2026-08-20T14:28:34.201Z,5419,2026-08-20T14:28:34.201Z,B25,Pikeville,5f0dd8ad-486e-4238-8933-2b89499a6e18,SAMMS-PikevilleV5
202608201425195772,202608201258109679,202608201258108173,46,10239,P1 Finance Client Demo 2 Bronze - B26,br_samms_client_demo2,TASK_COMPLETE,SUCCESS,INFO,4354,4354,0,,2026-08-20T12:58:15.698Z,2026-08-20T14:28:34.201Z,5419,2026-08-20T14:28:34.201Z,B26,Hazard,5f0dd8ad-486e-4238-8933-2b89499a6e18,SAMMS-HazardV5
202608201425195773,202608201258109680,202608201258108173,46,10240,P1 Finance Client Demo 2 Bronze - B27,br_samms_client_demo2,TASK_COMPLETE,SUCCESS,INFO,2355,2355,0,,2026-08-20T12:58:15.698Z,2026-08-20T14:28:34.201Z,5419,2026-08-20T14:28:34.201Z,B27,Savannah,5f0dd8ad-486e-4238-8933-2b89499a6e18,SAMMS-SavannahV6
202608201425195774,202608201258109681,202608201258108173,46,10241,P1 Finance Client Demo 2 Bronze - B28,br_samms_client_demo2,TASK_COMPLETE,SUCCESS,INFO,1087,1087,0,,2026-08-20T12:58:15.698Z,2026-08-20T14:28:34.201Z,5419,2026-08-20T14:28:34.201Z,B28,WestPlaines,5f0dd8ad-486e-4238-8933-2b89499a6e18,SAMMS-WestPlainesV5
202608201425195776,202608201258109682,202608201258108173,46,10242,P1 Finance Client Demo 2 Bronze - B29,br_samms_client_demo2,TASK_COMPLETE,SUCCESS,INFO,1357,1357,0,,2026-08-20T12:58:15.698Z,2026-08-20T14:28:34.201Z,5419,2026-08-20T14:28:34.201Z,B29,PoplarBluff,5f0dd8ad-486e-4238-8933-2b89499a6e18,SAMMS-PoplarBluffV5
202608201425195777,202608201258109683,202608201258108173,46,10243,P1 Finance Client Demo 2 Bronze - B30,br_samms_client_demo2,TASK_COMPLETE,SUCCESS,INFO,3564,3564,0,,2026-08-20T12:58:15.698Z,2026-08-20T14:28:34.201Z,5419,2026-08-20T14:28:34.201Z,B30,KCN,5f0dd8ad-486e-4238-8933-2b89499a6e18,SAMMS-KCNv5
202608201425195778,202608201258109684,202608201258108173,46,10244,P1 Finance Client Demo 2 Bronze - B31,br_samms_client_demo2,TASK_COMPLETE,SUCCESS,INFO,1964,1964,0,,2026-08-20T12:58:15.698Z,2026-08-20T14:28:34.201Z,5419,2026-08-20T14:28:34.201Z,B31,Dyersburg,5f0dd8ad-486e-4238-8933-2b89499a6e18,SAMMS-DyersburgV5
202608201425195780,202608201258109685,202608201258108173,46,10245,P1 Finance Client Demo 2 Bronze - B33,br_samms_client_demo2,TASK_COMPLETE,SUCCESS,INFO,2570,2570,0,,2026-08-20T12:58:15.698Z,2026-08-20T14:28:34.201Z,5419,2026-08-20T14:28:34.201Z,B33,Paducah,5f0dd8ad-486e-4238-8933-2b89499a6e18,SAMMS-Paducah
202608201425195781,202608201258109686,202608201258108173,46,10246,P1 Finance Client Demo 2 Bronze - B34,br_samms_client_demo2,TASK_COMPLETE,SUCCESS,INFO,2982,2982,0,,2026-08-20T12:58:15.698Z,2026-08-20T14:28:34.201Z,5419,2026-08-20T14:28:34.201Z,B34,Corbin,5f0dd8ad-486e-4238-8933-2b89499a6e18,SAMMS-CorbinV5
202608201425195782,202608201258109687,202608201258108173,46,10247,P1 Finance Client Demo 2 Bronze - B35,br_samms_client_demo2,TASK_COMPLETE,SUCCESS,INFO,7378,7378,0,,2026-08-20T12:58:15.698Z,2026-08-20T14:28:34.201Z,5419,2026-08-20T14:28:34.201Z,B35,Lexington,5f0dd8ad-486e-4238-8933-2b89499a6e18,SAMMS-LexingtonV5
202608241333251304,202608241253387654,202608241253386616,88,5707,P1 Reference Preadmission Referral Source Bronze - VBRA,br_samms_preadmission_referral_source,TASK_COMPLETE,FAILED,ERROR,0,0,1,SavePreAdminReferrals Bronze ForEach failed,2026-08-24T12:53:42.369Z,2026-08-24T13:42:52.652Z,2950,2026-08-24T13:42:52.652Z,VBRA,Brainerd,8f1806c1-b1f2-4ac5-b25b-086fec51b8fb,SAMMS-BrainerdV6
202608241333251306,202608241253387655,202608241253386616,88,5708,P1 Reference Preadmission Referral Source Bronze - VBRP,br_samms_preadmission_referral_source,TASK_COMPLETE,FAILED,ERROR,0,0,1,SavePreAdminReferrals Bronze ForEach failed,2026-08-24T12:53:42.369Z,2026-08-24T13:42:52.652Z,2950,2026-08-24T13:42:52.652Z,VBRP,BrooklynPark,8f1806c1-b1f2-4ac5-b25b-086fec51b8fb,SAMMS-BrooklynParkV6
202608241333251308,202608241253387656,202608241253386616,88,5709,P1 Reference Preadmission Referral Source Bronze - VMIN,br_samms_preadmission_referral_source,TASK_COMPLETE,FAILED,ERROR,0,0,1,SavePreAdminReferrals Bronze ForEach failed,2026-08-24T12:53:42.369Z,2026-08-24T13:42:52.652Z,2950,2026-08-24T13:42:52.652Z,VMIN,Minneapolis,8f1806c1-b1f2-4ac5-b25b-086fec51b8fb,SAMMS-MinneapolisV6
202608241333251310,202608241253387657,202608241253386616,88,5710,P1 Reference Preadmission Referral Source Bronze - VWBY,br_samms_preadmission_referral_source,TASK_COMPLETE,FAILED,ERROR,0,0,1,SavePreAdminReferrals Bronze ForEach failed,2026-08-24T12:53:42.369Z,2026-08-24T13:42:52.652Z,2950,2026-08-24T13:42:52.652Z,VWBY,Woodbury,8f1806c1-b1f2-4ac5-b25b-086fec51b8fb,SAMMS-WoodburyV6
202608241333251312,202608241253387658,202608241253386616,88,5711,P1 Reference Preadmission Referral Source Bronze - WIL,br_samms_preadmission_referral_source,TASK_COMPLETE,FAILED,ERROR,0,0,1,SavePreAdminReferrals Bronze ForEach failed,2026-08-24T12:53:42.369Z,2026-08-24T13:42:52.652Z,2950,2026-08-24T13:42:52.652Z,WIL,Wilson,8f1806c1-b1f2-4ac5-b25b-086fec51b8fb,SAMMS-Wilson
202608241333251413,202608241253486625,202608241253486616,89,5712,P1 Reference Preadmission Referral Source Silver,tbl_PreadmissionReferralSource,TASK_COMPLETE,SKIPPED,WARN,0,0,0,Skipped: SavePreAdminReferrals failed at BR,2026-08-24T12:53:42.369Z,2026-08-24T13:42:52.652Z,2950,2026-08-24T13:42:52.652Z,,,8f1806c1-b1f2-4ac5-b25b-086fec51b8fb,
202608241333251320,202608241253387429,202608241253386616,88,5479,P1 Reference PreAdmission V6 Bronze - AHK,br_samms_pre_admission_v6,TASK_COMPLETE,FAILED,ERROR,0,0,1,SavePreAdmissionV6 Bronze ForEach failed,2026-08-24T12:53:42.369Z,2026-08-24T13:42:52.652Z,2950,2026-08-24T13:42:52.652Z,AHK,Ahoskie,8f1806c1-b1f2-4ac5-b25b-086fec51b8fb,SAMMS-Ahoskie
202608241333251321,202608241253387430,202608241253386616,88,5480,P1 Reference PreAdmission V6 Bronze - B12B,br_samms_pre_admission_v6,TASK_COMPLETE,FAILED,ERROR,0,0,1,SavePreAdmissionV6 Bronze ForEach failed,2026-08-24T12:53:42.369Z,2026-08-24T13:42:52.652Z,2950,2026-08-24T13:42:52.652Z,B12B,ColoradoSprings,8f1806c1-b1f2-4ac5-b25b-086fec51b8fb,SAMMS-ColoradoSpringsV5
202608241333251322,202608241253387431,202608241253386616,88,5481,P1 Reference PreAdmission V6 Bronze - B24,br_samms_pre_admission_v6,TASK_COMPLETE,FAILED,ERROR,0,0,1,SavePreAdmissionV6 Bronze ForEach failed,2026-08-24T12:53:42.369Z,2026-08-24T13:42:52.652Z,2950,2026-08-24T13:42:52.652Z,B24,Paintsville,8f1806c1-b1f2-4ac5-b25b-086fec51b8fb,SAMMS-PaintsvilleV5
202608241333251323,202608241253387432,202608241253386616,88,5482,P1 Reference PreAdmission V6 Bronze - B25,br_samms_pre_admission_v6,TASK_COMPLETE,FAILED,ERROR,0,0,1,SavePreAdmissionV6 Bronze ForEach failed,2026-08-24T12:53:42.369Z,2026-08-24T13:42:52.652Z,2950,2026-08-24T13:42:52.652Z,B25,Pikeville,8f1806c1-b1f2-4ac5-b25b-086fec51b8fb,SAMMS-PikevilleV5
202608241333251324,202608241253387433,202608241253386616,88,5483,P1 Reference PreAdmission V6 Bronze - B26,br_samms_pre_admission_v6,TASK_COMPLETE,FAILED,ERROR,0,0,1,SavePreAdmissionV6 Bronze ForEach failed,2026-08-24T12:53:42.369Z,2026-08-24T13:42:52.652Z,2950,2026-08-24T13:42:52.652Z,B26,Hazard,8f1806c1-b1f2-4ac5-b25b-086fec51b8fb,SAMMS-HazardV5
202608241333251325,202608241253387434,202608241253386616,88,5484,P1 Reference PreAdmission V6 Bronze - B27,br_samms_pre_admission_v6,TASK_COMPLETE,FAILED,ERROR,0,0,1,SavePreAdmissionV6 Bronze ForEach failed,2026-08-24T12:53:42.369Z,2026-08-24T13:42:52.652Z,2950,2026-08-24T13:42:52.652Z,B27,Savannah,8f1806c1-b1f2-4ac5-b25b-086fec51b8fb,SAMMS-SavannahV6
202608241333251327,202608241253387435,202608241253386616,88,5485,P1 Reference PreAdmission V6 Bronze - B28,br_samms_pre_admission_v6,TASK_COMPLETE,FAILED,ERROR,0,0,1,SavePreAdmissionV6 Bronze ForEach failed,2026-08-24T12:53:42.369Z,2026-08-24T13:42:52.652Z,2950,2026-08-24T13:42:52.652Z,B28,WestPlaines,8f1806c1-b1f2-4ac5-b25b-086fec51b8fb,SAMMS-WestPlainesV5
202608241333251328,202608241253387436,202608241253386616,88,5486,P1 Reference PreAdmission V6 Bronze - B29,br_samms_pre_admission_v6,TASK_COMPLETE,FAILED,ERROR,0,0,1,SavePreAdmissionV6 Bronze ForEach failed,2026-08-24T12:53:42.369Z,2026-08-24T13:42:52.652Z,2950,2026-08-24T13:42:52.652Z,B29,PoplarBluff,8f1806c1-b1f2-4ac5-b25b-086fec51b8fb,SAMMS-PoplarBluffV5
202608241448407144,202608241408172840,202608241408171802,88,5707,P1 Reference Preadmission Referral Source Bronze - VBRA,br_samms_preadmission_referral_source,TASK_COMPLETE,FAILED,ERROR,0,0,1,SavePreAdminReferrals Bronze ForEach failed,2026-08-24T14:08:21.733Z,2026-08-24T15:03:37.584Z,3316,2026-08-24T15:03:37.584Z,VBRA,Brainerd,6c7532c9-dcb1-40a3-beaa-690039713dec,SAMMS-BrainerdV6
202608241448407146,202608241408172841,202608241408171802,88,5708,P1 Reference Preadmission Referral Source Bronze - VBRP,br_samms_preadmission_referral_source,TASK_COMPLETE,FAILED,ERROR,0,0,1,SavePreAdminReferrals Bronze ForEach failed,2026-08-24T14:08:21.733Z,2026-08-24T15:03:37.584Z,3316,2026-08-24T15:03:37.584Z,VBRP,BrooklynPark,6c7532c9-dcb1-40a3-beaa-690039713dec,SAMMS-BrooklynParkV6
202608241448407148,202608241408172842,202608241408171802,88,5709,P1 Reference Preadmission Referral Source Bronze - VMIN,br_samms_preadmission_referral_source,TASK_COMPLETE,FAILED,ERROR,0,0,1,SavePreAdminReferrals Bronze ForEach failed,2026-08-24T14:08:21.733Z,2026-08-24T15:03:37.584Z,3316,2026-08-24T15:03:37.584Z,VMIN,Minneapolis,6c7532c9-dcb1-40a3-beaa-690039713dec,SAMMS-MinneapolisV6
202608241448407150,202608241408172843,202608241408171802,88,5710,P1 Reference Preadmission Referral Source Bronze - VWBY,br_samms_preadmission_referral_source,TASK_COMPLETE,FAILED,ERROR,0,0,1,SavePreAdminReferrals Bronze ForEach failed,2026-08-24T14:08:21.733Z,2026-08-24T15:03:37.584Z,3316,2026-08-24T15:03:37.584Z,VWBY,Woodbury,6c7532c9-dcb1-40a3-beaa-690039713dec,SAMMS-WoodburyV6
202608241448407152,202608241408172844,202608241408171802,88,5711,P1 Reference Preadmission Referral Source Bronze - WIL,br_samms_preadmission_referral_source,TASK_COMPLETE,FAILED,ERROR,0,0,1,SavePreAdminReferrals Bronze ForEach failed,2026-08-24T14:08:21.733Z,2026-08-24T15:03:37.584Z,3316,2026-08-24T15:03:37.584Z,WIL,Wilson,6c7532c9-dcb1-40a3-beaa-690039713dec,SAMMS-Wilson
202608241448407254,202608241408271811,202608241408271802,89,5712,P1 Reference Preadmission Referral Source Silver,tbl_PreadmissionReferralSource,TASK_COMPLETE,SKIPPED,WARN,0,0,0,Skipped: SavePreAdminReferrals failed at BR,2026-08-24T14:08:21.733Z,2026-08-24T15:03:37.584Z,3316,2026-08-24T15:03:37.584Z,,,6c7532c9-dcb1-40a3-beaa-690039713dec,
202608241448407161,202608241408172615,202608241408171802,88,5479,P1 Reference PreAdmission V6 Bronze - AHK,br_samms_pre_admission_v6,TASK_COMPLETE,FAILED,ERROR,0,0,1,SavePreAdmissionV6 Bronze ForEach failed,2026-08-24T14:08:21.733Z,2026-08-24T15:03:37.584Z,3316,2026-08-24T15:03:37.584Z,AHK,Ahoskie,6c7532c9-dcb1-40a3-beaa-690039713dec,SAMMS-Ahoskie
202608241448407162,202608241408172616,202608241408171802,88,5480,P1 Reference PreAdmission V6 Bronze - B12B,br_samms_pre_admission_v6,TASK_COMPLETE,FAILED,ERROR,0,0,1,SavePreAdmissionV6 Bronze ForEach failed,2026-08-24T14:08:21.733Z,2026-08-24T15:03:37.584Z,3316,2026-08-24T15:03:37.584Z,B12B,ColoradoSprings,6c7532c9-dcb1-40a3-beaa-690039713dec,SAMMS-ColoradoSpringsV5
202608241448407163,202608241408172617,202608241408171802,88,5481,P1 Reference PreAdmission V6 Bronze - B24,br_samms_pre_admission_v6,TASK_COMPLETE,FAILED,ERROR,0,0,1,SavePreAdmissionV6 Bronze ForEach failed,2026-08-24T14:08:21.733Z,2026-08-24T15:03:37.584Z,3316,2026-08-24T15:03:37.584Z,B24,Paintsville,6c7532c9-dcb1-40a3-beaa-690039713dec,SAMMS-PaintsvilleV5
202608241448407165,202608241408172618,202608241408171802,88,5482,P1 Reference PreAdmission V6 Bronze - B25,br_samms_pre_admission_v6,TASK_COMPLETE,FAILED,ERROR,0,0,1,SavePreAdmissionV6 Bronze ForEach failed,2026-08-24T14:08:21.733Z,2026-08-24T15:03:37.584Z,3316,2026-08-24T15:03:37.584Z,B25,Pikeville,6c7532c9-dcb1-40a3-beaa-690039713dec,SAMMS-PikevilleV5
202608241448407166,202608241408172619,202608241408171802,88,5483,P1 Reference PreAdmission V6 Bronze - B26,br_samms_pre_admission_v6,TASK_COMPLETE,FAILED,ERROR,0,0,1,SavePreAdmissionV6 Bronze ForEach failed,2026-08-24T14:08:21.733Z,2026-08-24T15:03:37.584Z,3316,2026-08-24T15:03:37.584Z,B26,Hazard,6c7532c9-dcb1-40a3-beaa-690039713dec,SAMMS-HazardV5
202608241448407167,202608241408172620,202608241408171802,88,5484,P1 Reference PreAdmission V6 Bronze - B27,br_samms_pre_admission_v6,TASK_COMPLETE,FAILED,ERROR,0,0,1,SavePreAdmissionV6 Bronze ForEach failed,2026-08-24T14:08:21.733Z,2026-08-24T15:03:37.584Z,3316,2026-08-24T15:03:37.584Z,B27,Savannah,6c7532c9-dcb1-40a3-beaa-690039713dec,SAMMS-SavannahV6
202608241448407168,202608241408172621,202608241408171802,88,5485,P1 Reference PreAdmission V6 Bronze - B28,br_samms_pre_admission_v6,TASK_COMPLETE,FAILED,ERROR,0,0,1,SavePreAdmissionV6 Bronze ForEach failed,2026-08-24T14:08:21.733Z,2026-08-24T15:03:37.584Z,3316,2026-08-24T15:03:37.584Z,B28,WestPlaines,6c7532c9-dcb1-40a3-beaa-690039713dec,SAMMS-WestPlainesV5
202608241448407169,202608241408172622,202608241408171802,88,5486,P1 Reference PreAdmission V6 Bronze - B29,br_samms_pre_admission_v6,TASK_COMPLETE,FAILED,ERROR,0,0,1,SavePreAdmissionV6 Bronze ForEach failed,2026-08-24T14:08:21.733Z,2026-08-24T15:03:37.584Z,3316,2026-08-24T15:03:37.584Z,B29,PoplarBluff,6c7532c9-dcb1-40a3-beaa-690039713dec,SAMMS-PoplarBluffV5
202608201425196563,202608201258109434,202608201258108173,46,9985,P1 Finance Payer Client Bronze - V21,br_samms_payer_client,TASK_COMPLETE,SUCCESS,INFO,598,598,0,,2026-08-20T12:58:15.698Z,2026-08-20T14:28:34.201Z,5419,2026-08-20T14:28:34.201Z,V21,Raleigh,5f0dd8ad-486e-4238-8933-2b89499a6e18,SAMMS-RaleighV5
202608201425196565,202608201258109435,202608201258108173,46,9986,P1 Finance Payer Client Bronze - V5,br_samms_payer_client,TASK_COMPLETE,SUCCESS,INFO,1652,1652,0,,2026-08-20T12:58:15.698Z,2026-08-20T14:28:34.201Z,5419,2026-08-20T14:28:34.201Z,V5,NONTC,5f0dd8ad-486e-4238-8933-2b89499a6e18,SAMMS-NONTCv5
202608201425196567,202608201258109436,202608201258108173,46,9987,P1 Finance Payer Client Bronze - V5B,br_samms_payer_client,TASK_COMPLETE,SUCCESS,INFO,195,195,0,,2026-08-20T12:58:15.698Z,2026-08-20T14:28:34.201Z,5419,2026-08-20T14:28:34.201Z,V5B,Houma,5f0dd8ad-486e-4238-8933-2b89499a6e18,SAMMS-HoumaV6
202608201425196569,202608201258109437,202608201258108173,46,9988,P1 Finance Payer Client Bronze - V6,br_samms_payer_client,TASK_COMPLETE,SUCCESS,INFO,1063,1063,0,,2026-08-20T12:58:15.698Z,2026-08-20T14:28:34.201Z,5419,2026-08-20T14:28:34.201Z,V6,LC,5f0dd8ad-486e-4238-8933-2b89499a6e18,SAMMS-LCv5
202608201425196572,202608201258109438,202608201258108173,46,9989,P1 Finance Payer Client Bronze - V8,br_samms_payer_client,TASK_COMPLETE,SUCCESS,INFO,908,908,0,,2026-08-20T12:58:15.698Z,2026-08-20T14:28:34.201Z,5419,2026-08-20T14:28:34.201Z,V8,VCPHCS-VIII-Memphis,5f0dd8ad-486e-4238-8933-2b89499a6e18,SAMMS-VCPHCS-VIII-MemphisV5
202608201425196575,202608201258109439,202608201258108173,46,9990,P1 Finance Payer Client Bronze - V9,br_samms_payer_client,TASK_COMPLETE,SUCCESS,INFO,1550,1550,0,,2026-08-20T12:58:15.698Z,2026-08-20T14:28:34.201Z,5419,2026-08-20T14:28:34.201Z,V9,Nashville,5f0dd8ad-486e-4238-8933-2b89499a6e18,SAMMS-NashvilleV5
202608201425196577,202608201258109440,202608201258108173,46,9991,P1 Finance Payer Client Bronze - VBRA,br_samms_payer_client,TASK_COMPLETE,SUCCESS,INFO,1434,1434,0,,2026-08-20T12:58:15.698Z,2026-08-20T14:28:34.201Z,5419,2026-08-20T14:28:34.201Z,VBRA,Brainerd,5f0dd8ad-486e-4238-8933-2b89499a6e18,SAMMS-BrainerdV6
202608201425196579,202608201258109441,202608201258108173,46,9992,P1 Finance Payer Client Bronze - VBRP,br_samms_payer_client,TASK_COMPLETE,SUCCESS,INFO,2436,2436,0,,2026-08-20T12:58:15.698Z,2026-08-20T14:28:34.201Z,5419,2026-08-20T14:28:34.201Z,VBRP,BrooklynPark,5f0dd8ad-486e-4238-8933-2b89499a6e18,SAMMS-BrooklynParkV6
202608201425196582,202608201258109442,202608201258108173,46,9993,P1 Finance Payer Client Bronze - VMIN,br_samms_payer_client,TASK_COMPLETE,SUCCESS,INFO,2115,2115,0,,2026-08-20T12:58:15.698Z,2026-08-20T14:28:34.201Z,5419,2026-08-20T14:28:34.201Z,VMIN,Minneapolis,5f0dd8ad-486e-4238-8933-2b89499a6e18,SAMMS-MinneapolisV6
202608201425196584,202608201258109443,202608201258108173,46,9994,P1 Finance Payer Client Bronze - VWBY,br_samms_payer_client,TASK_COMPLETE,SUCCESS,INFO,3323,3323,0,,2026-08-20T12:58:15.698Z,2026-08-20T14:28:34.201Z,5419,2026-08-20T14:28:34.201Z,VWBY,Woodbury,5f0dd8ad-486e-4238-8933-2b89499a6e18,SAMMS-WoodburyV6
202608201425196586,202608201258109444,202608201258108173,46,9995,P1 Finance Payer Client Bronze - WIL,br_samms_payer_client,TASK_COMPLETE,SUCCESS,INFO,864,864,0,,2026-08-20T12:58:15.698Z,2026-08-20T14:28:34.201Z,5419,2026-08-20T14:28:34.201Z,WIL,Wilson,5f0dd8ad-486e-4238-8933-2b89499a6e18,SAMMS-Wilson
202608201425196688,202608201258208184,202608201258208173,47,9996,P1 Finance Payer Client Silver,tbl_PayerClient,TASK_COMPLETE,SUCCESS,INFO,117947,117647,0,,2026-08-20T12:58:15.698Z,2026-08-20T14:28:34.201Z,5419,2026-08-20T14:28:34.201Z,,,5f0dd8ad-486e-4238-8933-2b89499a6e18,
202608201425196597,202608201258108637,202608201258108173,46,9173,P1 Finance Payer Client History Bronze - AHK,br_samms_payer_clt_history,TASK_COMPLETE,SUCCESS,INFO,63,63,0,,2026-08-20T12:58:15.698Z,2026-08-20T14:28:34.201Z,5419,2026-08-20T14:28:34.201Z,AHK,Ahoskie,5f0dd8ad-486e-4238-8933-2b89499a6e18,SAMMS-Ahoskie
202608201425196598,202608201258108638,202608201258108173,46,9174,P1 Finance Payer Client History Bronze - B12B,br_samms_payer_clt_history,TASK_COMPLETE,SUCCESS,INFO,567,567,0,,2026-08-20T12:58:15.698Z,2026-08-20T14:28:34.201Z,5419,2026-08-20T14:28:34.201Z,B12B,ColoradoSprings,5f0dd8ad-486e-4238-8933-2b89499a6e18,SAMMS-ColoradoSpringsV5
202608201425196600,202608201258108639,202608201258108173,46,9175,P1 Finance Payer Client History Bronze - B24,br_samms_payer_clt_history,TASK_COMPLETE,SUCCESS,INFO,533,533,0,,2026-08-20T12:58:15.698Z,2026-08-20T14:28:34.201Z,5419,2026-08-20T14:28:34.201Z,B24,Paintsville,5f0dd8ad-486e-4238-8933-2b89499a6e18,SAMMS-PaintsvilleV5
202608201425196601,202608201258108640,202608201258108173,46,9176,P1 Finance Payer Client History Bronze - B25,br_samms_payer_clt_history,TASK_COMPLETE,SUCCESS,INFO,338,338,0,,2026-08-20T12:58:15.698Z,2026-08-20T14:28:34.201Z,5419,2026-08-20T14:28:34.201Z,B25,Pikeville,5f0dd8ad-486e-4238-8933-2b89499a6e18,SAMMS-PikevilleV5
202608201425196602,202608201258108641,202608201258108173,46,9177,P1 Finance Payer Client History Bronze - B26,br_samms_payer_clt_history,TASK_COMPLETE,SUCCESS,INFO,597,597,0,,2026-08-20T12:58:15.698Z,2026-08-20T14:28:34.201Z,5419,2026-08-20T14:28:34.201Z,B26,Hazard,5f0dd8ad-486e-4238-8933-2b89499a6e18,SAMMS-HazardV5
202608201425196603,202608201258108642,202608201258108173,46,9178,P1 Finance Payer Client History Bronze - B27,br_samms_payer_clt_history,TASK_COMPLETE,SUCCESS,INFO,121,121,0,,2026-08-20T12:58:15.698Z,2026-08-20T14:28:34.201Z,5419,2026-08-20T14:28:34.201Z,B27,Savannah,5f0dd8ad-486e-4238-8933-2b89499a6e18,SAMMS-SavannahV6
202608201425196604,202608201258108643,202608201258108173,46,9179,P1 Finance Payer Client History Bronze - B28,br_samms_payer_clt_history,TASK_COMPLETE,SUCCESS,INFO,407,407,0,,2026-08-20T12:58:15.698Z,2026-08-20T14:28:34.201Z,5419,2026-08-20T14:28:34.201Z,B28,WestPlaines,5f0dd8ad-486e-4238-8933-2b89499a6e18,SAMMS-WestPlainesV5
202608201425196606,202608201258108644,202608201258108173,46,9180,P1 Finance Payer Client History Bronze - B29,br_samms_payer_clt_history,TASK_COMPLETE,SUCCESS,INFO,446,446,0,,2026-08-20T12:58:15.698Z,2026-08-20T14:28:34.201Z,5419,2026-08-20T14:28:34.201Z,B29,PoplarBluff,5f0dd8ad-486e-4238-8933-2b89499a6e18,SAMMS-PoplarBluffV5
202608201425196607,202608201258108645,202608201258108173,46,9181,P1 Finance Payer Client History Bronze - B30,br_samms_payer_clt_history,TASK_COMPLETE,SUCCESS,INFO,107,107,0,,2026-08-20T12:58:15.698Z,2026-08-20T14:28:34.201Z,5419,2026-08-20T14:28:34.201Z,B30,KCN,5f0dd8ad-486e-4238-8933-2b89499a6e18,SAMMS-KCNv5
202608201425196608,202608201258108646,202608201258108173,46,9182,P1 Finance Payer Client History Bronze - B31,br_samms_payer_clt_history,TASK_COMPLETE,SUCCESS,INFO,375,375,0,,2026-08-20T12:58:15.698Z,2026-08-20T14:28:34.201Z,5419,2026-08-20T14:28:34.201Z,B31,Dyersburg,5f0dd8ad-486e-4238-8933-2b89499a6e18,SAMMS-DyersburgV5
202608201425195814,202608201258109710,202608201258108173,46,10270,P1 Finance Client Demo 2 Bronze - B57B,br_samms_client_demo2,TASK_COMPLETE,SUCCESS,INFO,499,499,0,,2026-08-20T12:58:15.698Z,2026-08-20T14:28:34.201Z,5419,2026-08-20T14:28:34.201Z,B57B,Middletown,5f0dd8ad-486e-4238-8933-2b89499a6e18,SAMMS-Middletown
202608201425195816,202608201258109711,202608201258108173,46,10271,P1 Finance Client Demo 2 Bronze - B57C,br_samms_client_demo2,TASK_COMPLETE,SUCCESS,INFO,3127,3127,0,,2026-08-20T12:58:15.698Z,2026-08-20T14:28:34.201Z,5419,2026-08-20T14:28:34.201Z,B57C,Providence,5f0dd8ad-486e-4238-8933-2b89499a6e18,SAMMS-Providence
202608201425195818,202608201258109712,202608201258108173,46,10272,P1 Finance Client Demo 2 Bronze - B57D,br_samms_client_demo2,TASK_COMPLETE,SUCCESS,INFO,2787,2787,0,,2026-08-20T12:58:15.698Z,2026-08-20T14:28:34.201Z,5419,2026-08-20T14:28:34.201Z,B57D,Westerly,5f0dd8ad-486e-4238-8933-2b89499a6e18,SAMMS-Westerly
202608201425195819,202608201258109713,202608201258108173,46,10273,P1 Finance Client Demo 2 Bronze - B66A,br_samms_client_demo2,TASK_COMPLETE,SUCCESS,INFO,562,562,0,,2026-08-20T12:58:15.698Z,2026-08-20T14:28:34.201Z,5419,2026-08-20T14:28:34.201Z,B66A,Bremen,5f0dd8ad-486e-4238-8933-2b89499a6e18,SAMMS-Bremen
202608201425195820,202608201258109714,202608201258108173,46,10274,P1 Finance Client Demo 2 Bronze - B72,br_samms_client_demo2,TASK_COMPLETE,SUCCESS,INFO,1893,1893,0,,2026-08-20T12:58:15.698Z,2026-08-20T14:28:34.201Z,5419,2026-08-20T14:28:34.201Z,B72,Mobile-OBOT,5f0dd8ad-486e-4238-8933-2b89499a6e18,SAMMS-Mobile-OBOT
202608201425195822,202608201258109715,202608201258108173,46,10275,P1 Finance Client Demo 2 Bronze - B73,br_samms_client_demo2,TASK_COMPLETE,SUCCESS,INFO,840,840,0,,2026-08-20T12:58:15.698Z,2026-08-20T14:28:34.201Z,5419,2026-08-20T14:28:34.201Z,B73,Montgomery,5f0dd8ad-486e-4238-8933-2b89499a6e18,SAMMS-Montgomery
202608201425195824,202608201258109716,202608201258108173,46,10276,P1 Finance Client Demo 2 Bronze - B75,br_samms_client_demo2,TASK_COMPLETE,SUCCESS,INFO,1390,1390,0,,2026-08-20T12:58:15.698Z,2026-08-20T14:28:34.201Z,5419,2026-08-20T14:28:34.201Z,B75,Lawrence,5f0dd8ad-486e-4238-8933-2b89499a6e18,SAMMS-LawrenceV6
202608201425195825,202608201258109717,202608201258108173,46,10277,P1 Finance Client Demo 2 Bronze - B76,br_samms_client_demo2,TASK_COMPLETE,SUCCESS,INFO,268,268,0,,2026-08-20T12:58:15.698Z,2026-08-20T14:28:34.201Z,5419,2026-08-20T14:28:34.201Z,B76,Huntsville-OBOT,5f0dd8ad-486e-4238-8933-2b89499a6e18,SAMMS-Huntsville-OBOT
202608201425195827,202608201258109718,202608201258108173,46,10278,P1 Finance Client Demo 2 Bronze - BAT,br_samms_client_demo2,TASK_COMPLETE,SUCCESS,INFO,536,536,0,,2026-08-20T12:58:15.698Z,2026-08-20T14:28:34.201Z,5419,2026-08-20T14:28:34.201Z,BAT,Batesville,5f0dd8ad-486e-4238-8933-2b89499a6e18,SAMMS-Batesville
202608201425195829,202608201258109719,202608201258108173,46,10279,P1 Finance Client Demo 2 Bronze - BG,br_samms_client_demo2,TASK_COMPLETE,SUCCESS,INFO,1899,1899,0,,2026-08-20T12:58:15.698Z,2026-08-20T14:28:34.201Z,5419,2026-08-20T14:28:34.201Z,BG,BowlingGreen,5f0dd8ad-486e-4238-8933-2b89499a6e18,SAMMS-BowlingGreen
202608201425195830,202608201258109720,202608201258108173,46,10280,P1 Finance Client Demo 2 Bronze - BOI,br_samms_client_demo2,TASK_COMPLETE,SUCCESS,INFO,834,834,0,,2026-08-20T12:58:15.698Z,2026-08-20T14:28:34.201Z,5419,2026-08-20T14:28:34.201Z,BOI,Boise,5f0dd8ad-486e-4238-8933-2b89499a6e18,SAMMS-Boise
202608201425195832,202608201258109721,202608201258108173,46,10281,P1 Finance Client Demo 2 Bronze - CBCO,br_samms_client_demo2,TASK_COMPLETE,SUCCESS,INFO,413,413,0,,2026-08-20T12:58:15.698Z,2026-08-20T14:28:34.201Z,5419,2026-08-20T14:28:34.201Z,CBCO,CoeurdAlene,5f0dd8ad-486e-4238-8933-2b89499a6e18,SAMMS-CoeurdAleneV6
202608201425195834,202608201258109722,202608201258108173,46,10282,P1 Finance Client Demo 2 Bronze - CON,br_samms_client_demo2,TASK_COMPLETE,SUCCESS,INFO,676,676,0,,2026-08-20T12:58:15.698Z,2026-08-20T14:28:34.201Z,5419,2026-08-20T14:28:34.201Z,CON,Conway,5f0dd8ad-486e-4238-8933-2b89499a6e18,SAMMS-Conway
202608201425195835,202608201258109723,202608201258108173,46,10283,P1 Finance Client Demo 2 Bronze - D07,br_samms_client_demo2,TASK_COMPLETE,SUCCESS,INFO,5856,5856,0,,2026-08-20T12:58:15.698Z,2026-08-20T14:28:34.201Z,5419,2026-08-20T14:28:34.201Z,D07,Knoxville,5f0dd8ad-486e-4238-8933-2b89499a6e18,SAMMS-KnoxvilleV6
202608201425195837,202608201258109724,202608201258108173,46,10284,P1 Finance Client Demo 2 Bronze - D08,br_samms_client_demo2,TASK_COMPLETE,SUCCESS,INFO,1072,1072,0,,2026-08-20T12:58:15.698Z,2026-08-20T14:28:34.201Z,5419,2026-08-20T14:28:34.201Z,D08,Madison,5f0dd8ad-486e-4238-8933-2b89499a6e18,SAMMS-MadisonV6
202608201425195839,202608201258109725,202608201258108173,46,10285,P1 Finance Client Demo 2 Bronze - D09,br_samms_client_demo2,TASK_COMPLETE,SUCCESS,INFO,1105,1105,0,,2026-08-20T12:58:15.698Z,2026-08-20T14:28:34.201Z,5419,2026-08-20T14:28:34.201Z,D09,Murfreesboro,5f0dd8ad-486e-4238-8933-2b89499a6e18,SAMMS-MurfreesboroV6
202608201425195840,202608201258109726,202608201258108173,46,10286,P1 Finance Client Demo 2 Bronze - DA,br_samms_client_demo2,TASK_COMPLETE,SUCCESS,INFO,1622,1622,0,,2026-08-20T12:58:15.698Z,2026-08-20T14:28:34.201Z,5419,2026-08-20T14:28:34.201Z,DA,Davenport,5f0dd8ad-486e-4238-8933-2b89499a6e18,SAMMS-Davenport
202608201425195842,202608201258109727,202608201258108173,46,10287,P1 Finance Client Demo 2 Bronze - DM,br_samms_client_demo2,TASK_COMPLETE,SUCCESS,INFO,3373,3373,0,,2026-08-20T12:58:15.698Z,2026-08-20T14:28:34.201Z,5419,2026-08-20T14:28:34.201Z,DM,DesMoines,5f0dd8ad-486e-4238-8933-2b89499a6e18,SAMMS-DesMoines
202608201425195844,202608201258109728,202608201258108173,46,10288,P1 Finance Client Demo 2 Bronze - DRD-CO,br_samms_client_demo2,TASK_COMPLETE,SUCCESS,INFO,2722,2722,0,,2026-08-20T12:58:15.698Z,2026-08-20T14:28:34.201Z,5419,2026-08-20T14:28:34.201Z,DRD-CO,Columbia,5f0dd8ad-486e-4238-8933-2b89499a6e18,SAMMS-ColumbiaV5
202608201425195846,202608201258109729,202608201258108173,46,10289,P1 Finance Client Demo 2 Bronze - DRD-KC,br_samms_client_demo2,TASK_COMPLETE,SUCCESS,INFO,4228,4228,0,,2026-08-20T12:58:15.698Z,2026-08-20T14:28:34.201Z,5419,2026-08-20T14:28:34.201Z,DRD-KC,KC,5f0dd8ad-486e-4238-8933-2b89499a6e18,SAMMS-KCv5
202608201425195847,202608201258109730,202608201258108173,46,10290,P1 Finance Client Demo 2 Bronze - DRD-KVB,br_samms_client_demo2,TASK_COMPLETE,SUCCESS,INFO,14087,14087,0,,2026-08-20T12:58:15.698Z,2026-08-20T14:28:34.201Z,5419,2026-08-20T14:28:34.201Z,DRD-KVB,KVB,5f0dd8ad-486e-4238-8933-2b89499a6e18,SAMMS-KVBv5
202608201425195849,202608201258109731,202608201258108173,46,10291,P1 Finance Client Demo 2 Bronze - DRD-KVC,br_samms_client_demo2,TASK_COMPLETE,SUCCESS,INFO,12360,12360,0,,2026-08-20T12:58:15.698Z,2026-08-20T14:28:34.201Z,5419,2026-08-20T14:28:34.201Z,DRD-KVC,KVC,5f0dd8ad-486e-4238-8933-2b89499a6e18,SAMMS-KVCv5
202608241448406906,202608241408172354,202608241408171802,88,5211,P1 Reference Dropdown List Items Bronze - STVN,br_samms_dropdown_list_items,TASK_COMPLETE,FAILED,ERROR,0,0,1,SavedropDownListItems Bronze ForEach failed,2026-08-24T14:08:21.733Z,2026-08-24T15:03:37.584Z,3316,2026-08-24T15:03:37.584Z,STVN,Stevenson,6c7532c9-dcb1-40a3-beaa-690039713dec,SAMMS-Stevenson
202608241448406908,202608241408172355,202608241408171802,88,5212,P1 Reference Dropdown List Items Bronze - TE,br_samms_dropdown_list_items,TASK_COMPLETE,FAILED,ERROR,0,0,1,SavedropDownListItems Bronze ForEach failed,2026-08-24T14:08:21.733Z,2026-08-24T15:03:37.584Z,3316,2026-08-24T15:03:37.584Z,TE,Tempe,6c7532c9-dcb1-40a3-beaa-690039713dec,SAMMS-Tempe
202608241448406910,202608241408172356,202608241408171802,88,5213,P1 Reference Dropdown List Items Bronze - TEX,br_samms_dropdown_list_items,TASK_COMPLETE,FAILED,ERROR,0,0,1,SavedropDownListItems Bronze ForEach failed,2026-08-24T14:08:21.733Z,2026-08-24T15:03:37.584Z,3316,2026-08-24T15:03:37.584Z,TEX,Texarkana,6c7532c9-dcb1-40a3-beaa-690039713dec,SAMMS-Texarkana
202608241448406912,202608241408172357,202608241408171802,88,5214,P1 Reference Dropdown List Items Bronze - TTCA,br_samms_dropdown_list_items,TASK_COMPLETE,FAILED,ERROR,0,0,1,SavedropDownListItems Bronze ForEach failed,2026-08-24T14:08:21.733Z,2026-08-24T15:03:37.584Z,3316,2026-08-24T15:03:37.584Z,TTCA,Bessemer,6c7532c9-dcb1-40a3-beaa-690039713dec,SAMMS-BessemerV5
202608241448406913,202608241408172358,202608241408171802,88,5215,P1 Reference Dropdown List Items Bronze - TTCB,br_samms_dropdown_list_items,TASK_COMPLETE,FAILED,ERROR,0,0,1,SavedropDownListItems Bronze ForEach failed,2026-08-24T14:08:21.733Z,2026-08-24T15:03:37.584Z,3316,2026-08-24T15:03:37.584Z,TTCB,Cullman,6c7532c9-dcb1-40a3-beaa-690039713dec,SAMMS-CullmanV5
202608241448406915,202608241408172359,202608241408171802,88,5216,P1 Reference Dropdown List Items Bronze - TTCC,br_samms_dropdown_list_items,TASK_COMPLETE,FAILED,ERROR,0,0,1,SavedropDownListItems Bronze ForEach failed,2026-08-24T14:08:21.733Z,2026-08-24T15:03:37.584Z,3316,2026-08-24T15:03:37.584Z,TTCC,GrandBay,6c7532c9-dcb1-40a3-beaa-690039713dec,SAMMS-GrandBay
202608241448406917,202608241408172360,202608241408171802,88,5217,P1 Reference Dropdown List Items Bronze - TU,br_samms_dropdown_list_items,TASK_COMPLETE,FAILED,ERROR,0,0,1,SavedropDownListItems Bronze ForEach failed,2026-08-24T14:08:21.733Z,2026-08-24T15:03:37.584Z,3316,2026-08-24T15:03:37.584Z,TU,Tucson,6c7532c9-dcb1-40a3-beaa-690039713dec,SAMMS-Tucson
202608241448406919,202608241408172361,202608241408171802,88,5218,P1 Reference Dropdown List Items Bronze - V1,br_samms_dropdown_list_items,TASK_COMPLETE,FAILED,ERROR,0,0,1,SavedropDownListItems Bronze ForEach failed,2026-08-24T14:08:21.733Z,2026-08-24T15:03:37.584Z,3316,2026-08-24T15:03:37.584Z,V1,VCPHCS-I-Memphis,6c7532c9-dcb1-40a3-beaa-690039713dec,SAMMS-VCPHCS-I-MemphisV5
202608241448406920,202608241408172362,202608241408171802,88,5219,P1 Reference Dropdown List Items Bronze - V10,br_samms_dropdown_list_items,TASK_COMPLETE,FAILED,ERROR,0,0,1,SavedropDownListItems Bronze ForEach failed,2026-08-24T14:08:21.733Z,2026-08-24T15:03:37.584Z,3316,2026-08-24T15:03:37.584Z,V10,Boulder,6c7532c9-dcb1-40a3-beaa-690039713dec,SAMMS-BoulderV5
202608241448406922,202608241408172363,202608241408171802,88,5220,P1 Reference Dropdown List Items Bronze - V10A,br_samms_dropdown_list_items,TASK_COMPLETE,FAILED,ERROR,0,0,1,SavedropDownListItems Bronze ForEach failed,2026-08-24T14:08:21.733Z,2026-08-24T15:03:37.584Z,3316,2026-08-24T15:03:37.584Z,V10A,FortCollins,6c7532c9-dcb1-40a3-beaa-690039713dec,SAMMS-FortCollinsV5
202608241448406925,202608241408172364,202608241408171802,88,5221,P1 Reference Dropdown List Items Bronze - V11,br_samms_dropdown_list_items,TASK_COMPLETE,FAILED,ERROR,0,0,1,SavedropDownListItems Bronze ForEach failed,2026-08-24T14:08:21.733Z,2026-08-24T15:03:37.584Z,3316,2026-08-24T15:03:37.584Z,V11,VCPHCS-XI-NorthDenver,6c7532c9-dcb1-40a3-beaa-690039713dec,SAMMS-VCPHCS-XI-NorthDenverV5
202608241448406926,202608241408172365,202608241408171802,88,5222,P1 Reference Dropdown List Items Bronze - V12,br_samms_dropdown_list_items,TASK_COMPLETE,FAILED,ERROR,0,0,1,SavedropDownListItems Bronze ForEach failed,2026-08-24T14:08:21.733Z,2026-08-24T15:03:37.584Z,3316,2026-08-24T15:03:37.584Z,V12,VCPHCS-XII-DowntownDenver,6c7532c9-dcb1-40a3-beaa-690039713dec,SAMMS-VCPHCS-XII-DowntownDenverV5
202608241448406930,202608241408172366,202608241408171802,88,5223,P1 Reference Dropdown List Items Bronze - V12A,br_samms_dropdown_list_items,TASK_COMPLETE,FAILED,ERROR,0,0,1,SavedropDownListItems Bronze ForEach failed,2026-08-24T14:08:21.733Z,2026-08-24T15:03:37.584Z,3316,2026-08-24T15:03:37.584Z,V12A,Centennial,6c7532c9-dcb1-40a3-beaa-690039713dec,SAMMS-CentennialV5
202608241448406932,202608241408172367,202608241408171802,88,5224,P1 Reference Dropdown List Items Bronze - V14,br_samms_dropdown_list_items,TASK_COMPLETE,FAILED,ERROR,0,0,1,SavedropDownListItems Bronze ForEach failed,2026-08-24T14:08:21.733Z,2026-08-24T15:03:37.584Z,3316,2026-08-24T15:03:37.584Z,V14,VCPHCS-XIV-Bridgeway,6c7532c9-dcb1-40a3-beaa-690039713dec,SAMMS-VCPHCS-XIV-BridgewayV5
202608241333251059,202608241253387168,202608241253386616,88,5211,P1 Reference Dropdown List Items Bronze - STVN,br_samms_dropdown_list_items,TASK_COMPLETE,FAILED,ERROR,0,0,1,SavedropDownListItems Bronze ForEach failed,2026-08-24T12:53:42.369Z,2026-08-24T13:42:52.652Z,2950,2026-08-24T13:42:52.652Z,STVN,Stevenson,8f1806c1-b1f2-4ac5-b25b-086fec51b8fb,SAMMS-Stevenson
202608241333251061,202608241253387169,202608241253386616,88,5212,P1 Reference Dropdown List Items Bronze - TE,br_samms_dropdown_list_items,TASK_COMPLETE,FAILED,ERROR,0,0,1,SavedropDownListItems Bronze ForEach failed,2026-08-24T12:53:42.369Z,2026-08-24T13:42:52.652Z,2950,2026-08-24T13:42:52.652Z,TE,Tempe,8f1806c1-b1f2-4ac5-b25b-086fec51b8fb,SAMMS-Tempe
202608241333251063,202608241253387170,202608241253386616,88,5213,P1 Reference Dropdown List Items Bronze - TEX,br_samms_dropdown_list_items,TASK_COMPLETE,FAILED,ERROR,0,0,1,SavedropDownListItems Bronze ForEach failed,2026-08-24T12:53:42.369Z,2026-08-24T13:42:52.652Z,2950,2026-08-24T13:42:52.652Z,TEX,Texarkana,8f1806c1-b1f2-4ac5-b25b-086fec51b8fb,SAMMS-Texarkana
202608241333251065,202608241253387171,202608241253386616,88,5214,P1 Reference Dropdown List Items Bronze - TTCA,br_samms_dropdown_list_items,TASK_COMPLETE,FAILED,ERROR,0,0,1,SavedropDownListItems Bronze ForEach failed,2026-08-24T12:53:42.369Z,2026-08-24T13:42:52.652Z,2950,2026-08-24T13:42:52.652Z,TTCA,Bessemer,8f1806c1-b1f2-4ac5-b25b-086fec51b8fb,SAMMS-BessemerV5
202608241333251067,202608241253387172,202608241253386616,88,5215,P1 Reference Dropdown List Items Bronze - TTCB,br_samms_dropdown_list_items,TASK_COMPLETE,FAILED,ERROR,0,0,1,SavedropDownListItems Bronze ForEach failed,2026-08-24T12:53:42.369Z,2026-08-24T13:42:52.652Z,2950,2026-08-24T13:42:52.652Z,TTCB,Cullman,8f1806c1-b1f2-4ac5-b25b-086fec51b8fb,SAMMS-CullmanV5
202608241333251069,202608241253387173,202608241253386616,88,5216,P1 Reference Dropdown List Items Bronze - TTCC,br_samms_dropdown_list_items,TASK_COMPLETE,FAILED,ERROR,0,0,1,SavedropDownListItems Bronze ForEach failed,2026-08-24T12:53:42.369Z,2026-08-24T13:42:52.652Z,2950,2026-08-24T13:42:52.652Z,TTCC,GrandBay,8f1806c1-b1f2-4ac5-b25b-086fec51b8fb,SAMMS-GrandBay
202608241333251071,202608241253387174,202608241253386616,88,5217,P1 Reference Dropdown List Items Bronze - TU,br_samms_dropdown_list_items,TASK_COMPLETE,FAILED,ERROR,0,0,1,SavedropDownListItems Bronze ForEach failed,2026-08-24T12:53:42.369Z,2026-08-24T13:42:52.652Z,2950,2026-08-24T13:42:52.652Z,TU,Tucson,8f1806c1-b1f2-4ac5-b25b-086fec51b8fb,SAMMS-Tucson
202608241333251073,202608241253387175,202608241253386616,88,5218,P1 Reference Dropdown List Items Bronze - V1,br_samms_dropdown_list_items,TASK_COMPLETE,FAILED,ERROR,0,0,1,SavedropDownListItems Bronze ForEach failed,2026-08-24T12:53:42.369Z,2026-08-24T13:42:52.652Z,2950,2026-08-24T13:42:52.652Z,V1,VCPHCS-I-Memphis,8f1806c1-b1f2-4ac5-b25b-086fec51b8fb,SAMMS-VCPHCS-I-MemphisV5
202608241333251075,202608241253387176,202608241253386616,88,5219,P1 Reference Dropdown List Items Bronze - V10,br_samms_dropdown_list_items,TASK_COMPLETE,FAILED,ERROR,0,0,1,SavedropDownListItems Bronze ForEach failed,2026-08-24T12:53:42.369Z,2026-08-24T13:42:52.652Z,2950,2026-08-24T13:42:52.652Z,V10,Boulder,8f1806c1-b1f2-4ac5-b25b-086fec51b8fb,SAMMS-BoulderV5
202608241333251077,202608241253387177,202608241253386616,88,5220,P1 Reference Dropdown List Items Bronze - V10A,br_samms_dropdown_list_items,TASK_COMPLETE,FAILED,ERROR,0,0,1,SavedropDownListItems Bronze ForEach failed,2026-08-24T12:53:42.369Z,2026-08-24T13:42:52.652Z,2950,2026-08-24T13:42:52.652Z,V10A,FortCollins,8f1806c1-b1f2-4ac5-b25b-086fec51b8fb,SAMMS-FortCollinsV5
202608241333251079,202608241253387178,202608241253386616,88,5221,P1 Reference Dropdown List Items Bronze - V11,br_samms_dropdown_list_items,TASK_COMPLETE,FAILED,ERROR,0,0,1,SavedropDownListItems Bronze ForEach failed,2026-08-24T12:53:42.369Z,2026-08-24T13:42:52.652Z,2950,2026-08-24T13:42:52.652Z,V11,VCPHCS-XI-NorthDenver,8f1806c1-b1f2-4ac5-b25b-086fec51b8fb,SAMMS-VCPHCS-XI-NorthDenverV5
202608241333251081,202608241253387179,202608241253386616,88,5222,P1 Reference Dropdown List Items Bronze - V12,br_samms_dropdown_list_items,TASK_COMPLETE,FAILED,ERROR,0,0,1,SavedropDownListItems Bronze ForEach failed,2026-08-24T12:53:42.369Z,2026-08-24T13:42:52.652Z,2950,2026-08-24T13:42:52.652Z,V12,VCPHCS-XII-DowntownDenver,8f1806c1-b1f2-4ac5-b25b-086fec51b8fb,SAMMS-VCPHCS-XII-DowntownDenverV5
202608241333251085,202608241253387180,202608241253386616,88,5223,P1 Reference Dropdown List Items Bronze - V12A,br_samms_dropdown_list_items,TASK_COMPLETE,FAILED,ERROR,0,0,1,SavedropDownListItems Bronze ForEach failed,2026-08-24T12:53:42.369Z,2026-08-24T13:42:52.652Z,2950,2026-08-24T13:42:52.652Z,V12A,Centennial,8f1806c1-b1f2-4ac5-b25b-086fec51b8fb,SAMMS-CentennialV5
202608241333251087,202608241253387181,202608241253386616,88,5224,P1 Reference Dropdown List Items Bronze - V14,br_samms_dropdown_list_items,TASK_COMPLETE,FAILED,ERROR,0,0,1,SavedropDownListItems Bronze ForEach failed,2026-08-24T12:53:42.369Z,2026-08-24T13:42:52.652Z,2950,2026-08-24T13:42:52.652Z,V14,VCPHCS-XIV-Bridgeway,8f1806c1-b1f2-4ac5-b25b-086fec51b8fb,SAMMS-VCPHCS-XIV-BridgewayV5
202608221320321911,202608221237332675,202608221237331665,88,5679,P1 Reference Preadmission Referral Source Bronze - RMD,br_samms_preadmission_referral_source,TASK_COMPLETE,SUCCESS,INFO,542,542,0,,2026-08-22T12:37:36.805Z,2026-08-22T13:23:02.807Z,2726,2026-08-22T13:23:02.807Z,RMD,Richmond,63818914-9c2b-4ff6-ac1c-35595835ab93,SAMMS-Richmond
202608221320321913,202608221237332676,202608221237331665,88,5680,P1 Reference Preadmission Referral Source Bronze - SFN,br_samms_preadmission_referral_source,TASK_COMPLETE,SUCCESS,INFO,374,374,0,,2026-08-22T12:37:36.805Z,2026-08-22T13:23:02.807Z,2726,2026-08-22T13:23:02.807Z,SFN,SFN,63818914-9c2b-4ff6-ac1c-35595835ab93,SAMMS-SFNv5
202608221320321915,202608221237332677,202608221237331665,88,5681,P1 Reference Preadmission Referral Source Bronze - SHP,br_samms_preadmission_referral_source,TASK_COMPLETE,SUCCESS,INFO,379,379,0,,2026-08-22T12:37:36.805Z,2026-08-22T13:23:02.807Z,2726,2026-08-22T13:23:02.807Z,SHP,Shreveport,63818914-9c2b-4ff6-ac1c-35595835ab93,SAMMS-Shreveport
202608221320321917,202608221237332678,202608221237331665,88,5682,P1 Reference Preadmission Referral Source Bronze - STN,br_samms_preadmission_referral_source,TASK_COMPLETE,SUCCESS,INFO,156,156,0,,2026-08-22T12:37:36.805Z,2026-08-22T13:23:02.807Z,2726,2026-08-22T13:23:02.807Z,STN,Staunton,63818914-9c2b-4ff6-ac1c-35595835ab93,SAMMS-Staunton
202608221320321919,202608221237332679,202608221237331665,88,5683,P1 Reference Preadmission Referral Source Bronze - STVN,br_samms_preadmission_referral_source,TASK_COMPLETE,SUCCESS,INFO,77,77,0,,2026-08-22T12:37:36.805Z,2026-08-22T13:23:02.807Z,2726,2026-08-22T13:23:02.807Z,STVN,Stevenson,63818914-9c2b-4ff6-ac1c-35595835ab93,SAMMS-Stevenson
202608221320321921,202608221237332680,202608221237331665,88,5684,P1 Reference Preadmission Referral Source Bronze - TE,br_samms_preadmission_referral_source,TASK_COMPLETE,SUCCESS,INFO,42,42,0,,2026-08-22T12:37:36.805Z,2026-08-22T13:23:02.807Z,2726,2026-08-22T13:23:02.807Z,TE,Tempe,63818914-9c2b-4ff6-ac1c-35595835ab93,SAMMS-Tempe
202608221320321923,202608221237332681,202608221237331665,88,5685,P1 Reference Preadmission Referral Source Bronze - TEX,br_samms_preadmission_referral_source,TASK_COMPLETE,SUCCESS,INFO,302,302,0,,2026-08-22T12:37:36.805Z,2026-08-22T13:23:02.807Z,2726,2026-08-22T13:23:02.807Z,TEX,Texarkana,63818914-9c2b-4ff6-ac1c-35595835ab93,SAMMS-Texarkana
202608221320321925,202608221237332682,202608221237331665,88,5686,P1 Reference Preadmission Referral Source Bronze - TTCA,br_samms_preadmission_referral_source,TASK_COMPLETE,SUCCESS,INFO,347,347,0,,2026-08-22T12:37:36.805Z,2026-08-22T13:23:02.807Z,2726,2026-08-22T13:23:02.807Z,TTCA,Bessemer,63818914-9c2b-4ff6-ac1c-35595835ab93,SAMMS-BessemerV5
202608221320321928,202608221237332683,202608221237331665,88,5687,P1 Reference Preadmission Referral Source Bronze - TTCB,br_samms_preadmission_referral_source,TASK_COMPLETE,SUCCESS,INFO,432,432,0,,2026-08-22T12:37:36.805Z,2026-08-22T13:23:02.807Z,2726,2026-08-22T13:23:02.807Z,TTCB,Cullman,63818914-9c2b-4ff6-ac1c-35595835ab93,SAMMS-CullmanV5
202608221320321930,202608221237332684,202608221237331665,88,5688,P1 Reference Preadmission Referral Source Bronze - TTCC,br_samms_preadmission_referral_source,TASK_COMPLETE,SUCCESS,INFO,197,197,0,,2026-08-22T12:37:36.805Z,2026-08-22T13:23:02.807Z,2726,2026-08-22T13:23:02.807Z,TTCC,GrandBay,63818914-9c2b-4ff6-ac1c-35595835ab93,SAMMS-GrandBay
202608221320321932,202608221237332685,202608221237331665,88,5689,P1 Reference Preadmission Referral Source Bronze - TU,br_samms_preadmission_referral_source,TASK_COMPLETE,SUCCESS,INFO,22,22,0,,2026-08-22T12:37:36.805Z,2026-08-22T13:23:02.807Z,2726,2026-08-22T13:23:02.807Z,TU,Tucson,63818914-9c2b-4ff6-ac1c-35595835ab93,SAMMS-Tucson
202608221320321934,202608221237332686,202608221237331665,88,5690,P1 Reference Preadmission Referral Source Bronze - V1,br_samms_preadmission_referral_source,TASK_COMPLETE,SUCCESS,INFO,174,174,0,,2026-08-22T12:37:36.805Z,2026-08-22T13:23:02.807Z,2726,2026-08-22T13:23:02.807Z,V1,VCPHCS-I-Memphis,63818914-9c2b-4ff6-ac1c-35595835ab93,SAMMS-VCPHCS-I-MemphisV5
202608221320321936,202608221237332687,202608221237331665,88,5691,P1 Reference Preadmission Referral Source Bronze - V10,br_samms_preadmission_referral_source,TASK_COMPLETE,SUCCESS,INFO,294,294,0,,2026-08-22T12:37:36.805Z,2026-08-22T13:23:02.807Z,2726,2026-08-22T13:23:02.807Z,V10,Boulder,63818914-9c2b-4ff6-ac1c-35595835ab93,SAMMS-BoulderV5
202608221320321938,202608221237332688,202608221237331665,88,5692,P1 Reference Preadmission Referral Source Bronze - V10A,br_samms_preadmission_referral_source,TASK_COMPLETE,SUCCESS,INFO,567,567,0,,2026-08-22T12:37:36.805Z,2026-08-22T13:23:02.807Z,2726,2026-08-22T13:23:02.807Z,V10A,FortCollins,63818914-9c2b-4ff6-ac1c-35595835ab93,SAMMS-FortCollinsV5
202608221320321941,202608221237332689,202608221237331665,88,5693,P1 Reference Preadmission Referral Source Bronze - V11,br_samms_preadmission_referral_source,TASK_COMPLETE,SUCCESS,INFO,487,487,0,,2026-08-22T12:37:36.805Z,2026-08-22T13:23:02.807Z,2726,2026-08-22T13:23:02.807Z,V11,VCPHCS-XI-NorthDenver,63818914-9c2b-4ff6-ac1c-35595835ab93,SAMMS-VCPHCS-XI-NorthDenverV5
202608221320321943,202608221237332690,202608221237331665,88,5694,P1 Reference Preadmission Referral Source Bronze - V12,br_samms_preadmission_referral_source,TASK_COMPLETE,SUCCESS,INFO,463,463,0,,2026-08-22T12:37:36.805Z,2026-08-22T13:23:02.807Z,2726,2026-08-22T13:23:02.807Z,V12,VCPHCS-XII-DowntownDenver,63818914-9c2b-4ff6-ac1c-35595835ab93,SAMMS-VCPHCS-XII-DowntownDenverV5
202608201425195783,202608201258109688,202608201258108173,46,10248,P1 Finance Client Demo 2 Bronze - B35A,br_samms_client_demo2,TASK_COMPLETE,SUCCESS,INFO,4082,4082,0,,2026-08-20T12:58:15.698Z,2026-08-20T14:28:34.201Z,5419,2026-08-20T14:28:34.201Z,B35A,Berea,5f0dd8ad-486e-4238-8933-2b89499a6e18,SAMMS-BereaV5
202608201425195785,202608201258109689,202608201258108173,46,10249,P1 Finance Client Demo 2 Bronze - B36,br_samms_client_demo2,TASK_COMPLETE,SUCCESS,INFO,4388,4388,0,,2026-08-20T12:58:15.698Z,2026-08-20T14:28:34.201Z,5419,2026-08-20T14:28:34.201Z,B36,Asheville,5f0dd8ad-486e-4238-8933-2b89499a6e18,SAMMS-AshevilleV5
202608201425195786,202608201258109690,202608201258108173,46,10250,P1 Finance Client Demo 2 Bronze - B37,br_samms_client_demo2,TASK_COMPLETE,SUCCESS,INFO,2960,2960,0,,2026-08-20T12:58:15.698Z,2026-08-20T14:28:34.201Z,5419,2026-08-20T14:28:34.201Z,B37,Clyde,5f0dd8ad-486e-4238-8933-2b89499a6e18,SAMMS-ClydeV5
202608201425195787,202608201258109691,202608201258108173,46,10251,P1 Finance Client Demo 2 Bronze - B38,br_samms_client_demo2,TASK_COMPLETE,SUCCESS,INFO,8702,8702,0,,2026-08-20T12:58:15.698Z,2026-08-20T14:28:34.201Z,5419,2026-08-20T14:28:34.201Z,B38,Spartanburg,5f0dd8ad-486e-4238-8933-2b89499a6e18,SAMMS-SpartanburgV5
202608201425195788,202608201258109692,202608201258108173,46,10252,P1 Finance Client Demo 2 Bronze - B39,br_samms_client_demo2,TASK_COMPLETE,SUCCESS,INFO,2742,2742,0,,2026-08-20T12:58:15.698Z,2026-08-20T14:28:34.201Z,5419,2026-08-20T14:28:34.201Z,B39,Aiken,5f0dd8ad-486e-4238-8933-2b89499a6e18,SAMMS-AikenV5
202608201425195790,202608201258109693,202608201258108173,46,10253,P1 Finance Client Demo 2 Bronze - B41,br_samms_client_demo2,TASK_COMPLETE,SUCCESS,INFO,3479,3479,0,,2026-08-20T12:58:15.698Z,2026-08-20T14:28:34.201Z,5419,2026-08-20T14:28:34.201Z,B41,Chesapeake,5f0dd8ad-486e-4238-8933-2b89499a6e18,SAMMS-ChesapeakeV5
202608201425195791,202608201258109694,202608201258108173,46,10254,P1 Finance Client Demo 2 Bronze - B42,br_samms_client_demo2,TASK_COMPLETE,SUCCESS,INFO,5097,5097,0,,2026-08-20T12:58:15.698Z,2026-08-20T14:28:34.201Z,5419,2026-08-20T14:28:34.201Z,B42,VirginiaBeach,5f0dd8ad-486e-4238-8933-2b89499a6e18,SAMMS-VirginiaBeachV5
202608201425195793,202608201258109695,202608201258108173,46,10255,P1 Finance Client Demo 2 Bronze - B42A,br_samms_client_demo2,TASK_COMPLETE,SUCCESS,INFO,2505,2505,0,,2026-08-20T12:58:15.698Z,2026-08-20T14:28:34.201Z,5419,2026-08-20T14:28:34.201Z,B42A,NewportNews,5f0dd8ad-486e-4238-8933-2b89499a6e18,SAMMS-NewportNewsV5
202608201425195794,202608201258109696,202608201258108173,46,10256,P1 Finance Client Demo 2 Bronze - B42B,br_samms_client_demo2,TASK_COMPLETE,SUCCESS,INFO,532,532,0,,2026-08-20T12:58:15.698Z,2026-08-20T14:28:34.201Z,5419,2026-08-20T14:28:34.201Z,B42B,Franklin,5f0dd8ad-486e-4238-8933-2b89499a6e18,SAMMS-FranklinV5
202608201425195796,202608201258109697,202608201258108173,46,10257,P1 Finance Client Demo 2 Bronze - B42C,br_samms_client_demo2,TASK_COMPLETE,SUCCESS,INFO,2619,2619,0,,2026-08-20T12:58:15.698Z,2026-08-20T14:28:34.201Z,5419,2026-08-20T14:28:34.201Z,B42C,GlenAllen,5f0dd8ad-486e-4238-8933-2b89499a6e18,SAMMS-GlenAllenV5
202608201425195797,202608201258109698,202608201258108173,46,10258,P1 Finance Client Demo 2 Bronze - B42D,br_samms_client_demo2,TASK_COMPLETE,SUCCESS,INFO,2654,2654,0,,2026-08-20T12:58:15.698Z,2026-08-20T14:28:34.201Z,5419,2026-08-20T14:28:34.201Z,B42D,ChesapeakeSouth,5f0dd8ad-486e-4238-8933-2b89499a6e18,SAMMS-ChesapeakeSouthV5
202608201425195798,202608201258109699,202608201258108173,46,10259,P1 Finance Client Demo 2 Bronze - B44,br_samms_client_demo2,TASK_COMPLETE,SUCCESS,INFO,2658,2658,0,,2026-08-20T12:58:15.698Z,2026-08-20T14:28:34.201Z,5419,2026-08-20T14:28:34.201Z,B44,Albany,5f0dd8ad-486e-4238-8933-2b89499a6e18,SAMMS-AlbanyV5
202608201425195800,202608201258109700,202608201258108173,46,10260,P1 Finance Client Demo 2 Bronze - B45,br_samms_client_demo2,TASK_COMPLETE,SUCCESS,INFO,2337,2337,0,,2026-08-20T12:58:15.698Z,2026-08-20T14:28:34.201Z,5419,2026-08-20T14:28:34.201Z,B45,Tifton,5f0dd8ad-486e-4238-8933-2b89499a6e18,SAMMS-TiftonV5
202608201425195801,202608201258109701,202608201258108173,46,10261,P1 Finance Client Demo 2 Bronze - B46,br_samms_client_demo2,TASK_COMPLETE,SUCCESS,INFO,2210,2210,0,,2026-08-20T12:58:15.698Z,2026-08-20T14:28:34.201Z,5419,2026-08-20T14:28:34.201Z,B46,WashingtonDC,5f0dd8ad-486e-4238-8933-2b89499a6e18,SAMMS-WashingtonDCv5
202608201425195803,202608201258109702,202608201258108173,46,10262,P1 Finance Client Demo 2 Bronze - B47,br_samms_client_demo2,TASK_COMPLETE,SUCCESS,INFO,4053,4053,0,,2026-08-20T12:58:15.698Z,2026-08-20T14:28:34.201Z,5419,2026-08-20T14:28:34.201Z,B47,Mobile,5f0dd8ad-486e-4238-8933-2b89499a6e18,SAMMS-MobileV5
202608201425195804,202608201258109703,202608201258108173,46,10263,P1 Finance Client Demo 2 Bronze - B48,br_samms_client_demo2,TASK_COMPLETE,SUCCESS,INFO,1654,1654,0,,2026-08-20T12:58:15.698Z,2026-08-20T14:28:34.201Z,5419,2026-08-20T14:28:34.201Z,B48,Tuscaloosa,5f0dd8ad-486e-4238-8933-2b89499a6e18,SAMMS-TuscaloosaV5
202608201425195805,202608201258109704,202608201258108173,46,10264,P1 Finance Client Demo 2 Bronze - B51,br_samms_client_demo2,TASK_COMPLETE,SUCCESS,INFO,5977,5977,0,,2026-08-20T12:58:15.698Z,2026-08-20T14:28:34.201Z,5419,2026-08-20T14:28:34.201Z,B51,NorthLittleRock,5f0dd8ad-486e-4238-8933-2b89499a6e18,SAMMS-NorthLittleRockV6
202608201425195807,202608201258109705,202608201258108173,46,10265,P1 Finance Client Demo 2 Bronze - B52,br_samms_client_demo2,TASK_COMPLETE,SUCCESS,INFO,1481,1481,0,,2026-08-20T12:58:15.698Z,2026-08-20T14:28:34.201Z,5419,2026-08-20T14:28:34.201Z,B52,JacksonGA,5f0dd8ad-486e-4238-8933-2b89499a6e18,SAMMS-JacksonGAV5
202608201425195809,202608201258109706,202608201258108173,46,10266,P1 Finance Client Demo 2 Bronze - B54,br_samms_client_demo2,TASK_COMPLETE,SUCCESS,INFO,2072,2072,0,,2026-08-20T12:58:15.698Z,2026-08-20T14:28:34.201Z,5419,2026-08-20T14:28:34.201Z,B54,Gadsden,5f0dd8ad-486e-4238-8933-2b89499a6e18,SAMMS-GadsdenV5
202608201425195810,202608201258109707,202608201258108173,46,10267,P1 Finance Client Demo 2 Bronze - B55,br_samms_client_demo2,TASK_COMPLETE,SUCCESS,INFO,1652,1652,0,,2026-08-20T12:58:15.698Z,2026-08-20T14:28:34.201Z,5419,2026-08-20T14:28:34.201Z,B55,Shoals,5f0dd8ad-486e-4238-8933-2b89499a6e18,SAMMS-ShoalsV5
202608201425195811,202608201258109708,202608201258108173,46,10268,P1 Finance Client Demo 2 Bronze - B57,br_samms_client_demo2,TASK_COMPLETE,SUCCESS,INFO,3012,3012,0,,2026-08-20T12:58:15.698Z,2026-08-20T14:28:34.201Z,5419,2026-08-20T14:28:34.201Z,B57,Pawtucket,5f0dd8ad-486e-4238-8933-2b89499a6e18,SAMMS-Pawtucket
202608201425195813,202608201258109709,202608201258108173,46,10269,P1 Finance Client Demo 2 Bronze - B57A,br_samms_client_demo2,TASK_COMPLETE,SUCCESS,INFO,5482,5482,0,,2026-08-20T12:58:15.698Z,2026-08-20T14:28:34.201Z,5419,2026-08-20T14:28:34.201Z,B57A,Johnston,5f0dd8ad-486e-4238-8933-2b89499a6e18,SAMMS-Johnston
202608241448406962,202608241408172382,202608241408171802,88,5239,P1 Reference Dropdown List Items Bronze - WIL,br_samms_dropdown_list_items,TASK_COMPLETE,FAILED,ERROR,0,0,1,SavedropDownListItems Bronze ForEach failed,2026-08-24T14:08:21.733Z,2026-08-24T15:03:37.584Z,3316,2026-08-24T15:03:37.584Z,WIL,Wilson,6c7532c9-dcb1-40a3-beaa-690039713dec,SAMMS-Wilson
202608241448407063,202608241408271807,202608241408271802,89,5240,P1 Reference Dropdown List Items Silver,tbl_DroDownListItems,TASK_COMPLETE,SKIPPED,WARN,0,0,0,Skipped: SavedropDownListItems failed at BR,2026-08-24T14:08:21.733Z,2026-08-24T15:03:37.584Z,3316,2026-08-24T15:03:37.584Z,,,6c7532c9-dcb1-40a3-beaa-690039713dec,
202608241448406971,202608241408172730,202608241408171802,88,5597,P1 Reference Preadmission Referral Source Bronze - AHK,br_samms_preadmission_referral_source,TASK_COMPLETE,FAILED,ERROR,0,0,1,SavePreAdminReferrals Bronze ForEach failed,2026-08-24T14:08:21.733Z,2026-08-24T15:03:37.584Z,3316,2026-08-24T15:03:37.584Z,AHK,Ahoskie,6c7532c9-dcb1-40a3-beaa-690039713dec,SAMMS-Ahoskie
202608241448406972,202608241408172731,202608241408171802,88,5598,P1 Reference Preadmission Referral Source Bronze - B12B,br_samms_preadmission_referral_source,TASK_COMPLETE,FAILED,ERROR,0,0,1,SavePreAdminReferrals Bronze ForEach failed,2026-08-24T14:08:21.733Z,2026-08-24T15:03:37.584Z,3316,2026-08-24T15:03:37.584Z,B12B,ColoradoSprings,6c7532c9-dcb1-40a3-beaa-690039713dec,SAMMS-ColoradoSpringsV5
202608241448406973,202608241408172732,202608241408171802,88,5599,P1 Reference Preadmission Referral Source Bronze - B24,br_samms_preadmission_referral_source,TASK_COMPLETE,FAILED,ERROR,0,0,1,SavePreAdminReferrals Bronze ForEach failed,2026-08-24T14:08:21.733Z,2026-08-24T15:03:37.584Z,3316,2026-08-24T15:03:37.584Z,B24,Paintsville,6c7532c9-dcb1-40a3-beaa-690039713dec,SAMMS-PaintsvilleV5
202608241448406974,202608241408172733,202608241408171802,88,5600,P1 Reference Preadmission Referral Source Bronze - B25,br_samms_preadmission_referral_source,TASK_COMPLETE,FAILED,ERROR,0,0,1,SavePreAdminReferrals Bronze ForEach failed,2026-08-24T14:08:21.733Z,2026-08-24T15:03:37.584Z,3316,2026-08-24T15:03:37.584Z,B25,Pikeville,6c7532c9-dcb1-40a3-beaa-690039713dec,SAMMS-PikevilleV5
202608241448406975,202608241408172734,202608241408171802,88,5601,P1 Reference Preadmission Referral Source Bronze - B26,br_samms_preadmission_referral_source,TASK_COMPLETE,FAILED,ERROR,0,0,1,SavePreAdminReferrals Bronze ForEach failed,2026-08-24T14:08:21.733Z,2026-08-24T15:03:37.584Z,3316,2026-08-24T15:03:37.584Z,B26,Hazard,6c7532c9-dcb1-40a3-beaa-690039713dec,SAMMS-HazardV5
202608241448406977,202608241408172735,202608241408171802,88,5602,P1 Reference Preadmission Referral Source Bronze - B27,br_samms_preadmission_referral_source,TASK_COMPLETE,FAILED,ERROR,0,0,1,SavePreAdminReferrals Bronze ForEach failed,2026-08-24T14:08:21.733Z,2026-08-24T15:03:37.584Z,3316,2026-08-24T15:03:37.584Z,B27,Savannah,6c7532c9-dcb1-40a3-beaa-690039713dec,SAMMS-SavannahV6
202608241448406978,202608241408172736,202608241408171802,88,5603,P1 Reference Preadmission Referral Source Bronze - B28,br_samms_preadmission_referral_source,TASK_COMPLETE,FAILED,ERROR,0,0,1,SavePreAdminReferrals Bronze ForEach failed,2026-08-24T14:08:21.733Z,2026-08-24T15:03:37.584Z,3316,2026-08-24T15:03:37.584Z,B28,WestPlaines,6c7532c9-dcb1-40a3-beaa-690039713dec,SAMMS-WestPlainesV5
202608241448406979,202608241408172737,202608241408171802,88,5604,P1 Reference Preadmission Referral Source Bronze - B29,br_samms_preadmission_referral_source,TASK_COMPLETE,FAILED,ERROR,0,0,1,SavePreAdminReferrals Bronze ForEach failed,2026-08-24T14:08:21.733Z,2026-08-24T15:03:37.584Z,3316,2026-08-24T15:03:37.584Z,B29,PoplarBluff,6c7532c9-dcb1-40a3-beaa-690039713dec,SAMMS-PoplarBluffV5
202608241448406980,202608241408172738,202608241408171802,88,5605,P1 Reference Preadmission Referral Source Bronze - B30,br_samms_preadmission_referral_source,TASK_COMPLETE,FAILED,ERROR,0,0,1,SavePreAdminReferrals Bronze ForEach failed,2026-08-24T14:08:21.733Z,2026-08-24T15:03:37.584Z,3316,2026-08-24T15:03:37.584Z,B30,KCN,6c7532c9-dcb1-40a3-beaa-690039713dec,SAMMS-KCNv5
202608241448406981,202608241408172739,202608241408171802,88,5606,P1 Reference Preadmission Referral Source Bronze - B31,br_samms_preadmission_referral_source,TASK_COMPLETE,FAILED,ERROR,0,0,1,SavePreAdminReferrals Bronze ForEach failed,2026-08-24T14:08:21.733Z,2026-08-24T15:03:37.584Z,3316,2026-08-24T15:03:37.584Z,B31,Dyersburg,6c7532c9-dcb1-40a3-beaa-690039713dec,SAMMS-DyersburgV5
202608241448406982,202608241408172740,202608241408171802,88,5607,P1 Reference Preadmission Referral Source Bronze - B33,br_samms_preadmission_referral_source,TASK_COMPLETE,FAILED,ERROR,0,0,1,SavePreAdminReferrals Bronze ForEach failed,2026-08-24T14:08:21.733Z,2026-08-24T15:03:37.584Z,3316,2026-08-24T15:03:37.584Z,B33,Paducah,6c7532c9-dcb1-40a3-beaa-690039713dec,SAMMS-Paducah
202608241448406984,202608241408172741,202608241408171802,88,5608,P1 Reference Preadmission Referral Source Bronze - B34,br_samms_preadmission_referral_source,TASK_COMPLETE,FAILED,ERROR,0,0,1,SavePreAdminReferrals Bronze ForEach failed,2026-08-24T14:08:21.733Z,2026-08-24T15:03:37.584Z,3316,2026-08-24T15:03:37.584Z,B34,Corbin,6c7532c9-dcb1-40a3-beaa-690039713dec,SAMMS-CorbinV5
202608241333251144,202608241253387556,202608241253386616,88,5609,P1 Reference Preadmission Referral Source Bronze - B35,br_samms_preadmission_referral_source,TASK_COMPLETE,FAILED,ERROR,0,0,1,SavePreAdminReferrals Bronze ForEach failed,2026-08-24T12:53:42.369Z,2026-08-24T13:42:52.652Z,2950,2026-08-24T13:42:52.652Z,B35,Lexington,8f1806c1-b1f2-4ac5-b25b-086fec51b8fb,SAMMS-LexingtonV5
202608241333251145,202608241253387557,202608241253386616,88,5610,P1 Reference Preadmission Referral Source Bronze - B35A,br_samms_preadmission_referral_source,TASK_COMPLETE,FAILED,ERROR,0,0,1,SavePreAdminReferrals Bronze ForEach failed,2026-08-24T12:53:42.369Z,2026-08-24T13:42:52.652Z,2950,2026-08-24T13:42:52.652Z,B35A,Berea,8f1806c1-b1f2-4ac5-b25b-086fec51b8fb,SAMMS-BereaV5
202608241333251146,202608241253387558,202608241253386616,88,5611,P1 Reference Preadmission Referral Source Bronze - B36,br_samms_preadmission_referral_source,TASK_COMPLETE,FAILED,ERROR,0,0,1,SavePreAdminReferrals Bronze ForEach failed,2026-08-24T12:53:42.369Z,2026-08-24T13:42:52.652Z,2950,2026-08-24T13:42:52.652Z,B36,Asheville,8f1806c1-b1f2-4ac5-b25b-086fec51b8fb,SAMMS-AshevilleV5
202608241333251148,202608241253387559,202608241253386616,88,5612,P1 Reference Preadmission Referral Source Bronze - B37,br_samms_preadmission_referral_source,TASK_COMPLETE,FAILED,ERROR,0,0,1,SavePreAdminReferrals Bronze ForEach failed,2026-08-24T12:53:42.369Z,2026-08-24T13:42:52.652Z,2950,2026-08-24T13:42:52.652Z,B37,Clyde,8f1806c1-b1f2-4ac5-b25b-086fec51b8fb,SAMMS-ClydeV5
202608241333251149,202608241253387560,202608241253386616,88,5613,P1 Reference Preadmission Referral Source Bronze - B38,br_samms_preadmission_referral_source,TASK_COMPLETE,FAILED,ERROR,0,0,1,SavePreAdminReferrals Bronze ForEach failed,2026-08-24T12:53:42.369Z,2026-08-24T13:42:52.652Z,2950,2026-08-24T13:42:52.652Z,B38,Spartanburg,8f1806c1-b1f2-4ac5-b25b-086fec51b8fb,SAMMS-SpartanburgV5
202608241333251150,202608241253387561,202608241253386616,88,5614,P1 Reference Preadmission Referral Source Bronze - B39,br_samms_preadmission_referral_source,TASK_COMPLETE,FAILED,ERROR,0,0,1,SavePreAdminReferrals Bronze ForEach failed,2026-08-24T12:53:42.369Z,2026-08-24T13:42:52.652Z,2950,2026-08-24T13:42:52.652Z,B39,Aiken,8f1806c1-b1f2-4ac5-b25b-086fec51b8fb,SAMMS-AikenV5
202608241333251152,202608241253387562,202608241253386616,88,5615,P1 Reference Preadmission Referral Source Bronze - B41,br_samms_preadmission_referral_source,TASK_COMPLETE,FAILED,ERROR,0,0,1,SavePreAdminReferrals Bronze ForEach failed,2026-08-24T12:53:42.369Z,2026-08-24T13:42:52.652Z,2950,2026-08-24T13:42:52.652Z,B41,Chesapeake,8f1806c1-b1f2-4ac5-b25b-086fec51b8fb,SAMMS-ChesapeakeV5
202608241333251153,202608241253387563,202608241253386616,88,5616,P1 Reference Preadmission Referral Source Bronze - B42,br_samms_preadmission_referral_source,TASK_COMPLETE,FAILED,ERROR,0,0,1,SavePreAdminReferrals Bronze ForEach failed,2026-08-24T12:53:42.369Z,2026-08-24T13:42:52.652Z,2950,2026-08-24T13:42:52.652Z,B42,VirginiaBeach,8f1806c1-b1f2-4ac5-b25b-086fec51b8fb,SAMMS-VirginiaBeachV5
202608241333251154,202608241253387564,202608241253386616,88,5617,P1 Reference Preadmission Referral Source Bronze - B42A,br_samms_preadmission_referral_source,TASK_COMPLETE,FAILED,ERROR,0,0,1,SavePreAdminReferrals Bronze ForEach failed,2026-08-24T12:53:42.369Z,2026-08-24T13:42:52.652Z,2950,2026-08-24T13:42:52.652Z,B42A,NewportNews,8f1806c1-b1f2-4ac5-b25b-086fec51b8fb,SAMMS-NewportNewsV5
202608241333251156,202608241253387565,202608241253386616,88,5618,P1 Reference Preadmission Referral Source Bronze - B42B,br_samms_preadmission_referral_source,TASK_COMPLETE,FAILED,ERROR,0,0,1,SavePreAdminReferrals Bronze ForEach failed,2026-08-24T12:53:42.369Z,2026-08-24T13:42:52.652Z,2950,2026-08-24T13:42:52.652Z,B42B,Franklin,8f1806c1-b1f2-4ac5-b25b-086fec51b8fb,SAMMS-FranklinV5
202608241333251157,202608241253387566,202608241253386616,88,5619,P1 Reference Preadmission Referral Source Bronze - B42C,br_samms_preadmission_referral_source,TASK_COMPLETE,FAILED,ERROR,0,0,1,SavePreAdminReferrals Bronze ForEach failed,2026-08-24T12:53:42.369Z,2026-08-24T13:42:52.652Z,2950,2026-08-24T13:42:52.652Z,B42C,GlenAllen,8f1806c1-b1f2-4ac5-b25b-086fec51b8fb,SAMMS-GlenAllenV5
202608241333251158,202608241253387567,202608241253386616,88,5620,P1 Reference Preadmission Referral Source Bronze - B42D,br_samms_preadmission_referral_source,TASK_COMPLETE,FAILED,ERROR,0,0,1,SavePreAdminReferrals Bronze ForEach failed,2026-08-24T12:53:42.369Z,2026-08-24T13:42:52.652Z,2950,2026-08-24T13:42:52.652Z,B42D,ChesapeakeSouth,8f1806c1-b1f2-4ac5-b25b-086fec51b8fb,SAMMS-ChesapeakeSouthV5
202608241333251160,202608241253387568,202608241253386616,88,5621,P1 Reference Preadmission Referral Source Bronze - B44,br_samms_preadmission_referral_source,TASK_COMPLETE,FAILED,ERROR,0,0,1,SavePreAdminReferrals Bronze ForEach failed,2026-08-24T12:53:42.369Z,2026-08-24T13:42:52.652Z,2950,2026-08-24T13:42:52.652Z,B44,Albany,8f1806c1-b1f2-4ac5-b25b-086fec51b8fb,SAMMS-AlbanyV5
202608241333251161,202608241253387569,202608241253386616,88,5622,P1 Reference Preadmission Referral Source Bronze - B45,br_samms_preadmission_referral_source,TASK_COMPLETE,FAILED,ERROR,0,0,1,SavePreAdminReferrals Bronze ForEach failed,2026-08-24T12:53:42.369Z,2026-08-24T13:42:52.652Z,2950,2026-08-24T13:42:52.652Z,B45,Tifton,8f1806c1-b1f2-4ac5-b25b-086fec51b8fb,SAMMS-TiftonV5
202608201425194562,202608201258108320,202608201258108173,46,8850,P1 Finance PBI 3 Pay Auth Bronze - B54,br_samms_pbi3_pay_auth,TASK_COMPLETE,SUCCESS,INFO,725,725,0,,2026-08-20T12:58:15.698Z,2026-08-20T14:28:34.201Z,5419,2026-08-20T14:28:34.201Z,B54,Gadsden,5f0dd8ad-486e-4238-8933-2b89499a6e18,SAMMS-GadsdenV5
202608201425194564,202608201258108321,202608201258108173,46,8851,P1 Finance PBI 3 Pay Auth Bronze - B55,br_samms_pbi3_pay_auth,TASK_COMPLETE,SUCCESS,INFO,1038,1038,0,,2026-08-20T12:58:15.698Z,2026-08-20T14:28:34.201Z,5419,2026-08-20T14:28:34.201Z,B55,Shoals,5f0dd8ad-486e-4238-8933-2b89499a6e18,SAMMS-ShoalsV5
202608201425194565,202608201258108322,202608201258108173,46,8852,P1 Finance PBI 3 Pay Auth Bronze - B57,br_samms_pbi3_pay_auth,TASK_COMPLETE,SUCCESS,INFO,429,429,0,,2026-08-20T12:58:15.698Z,2026-08-20T14:28:34.201Z,5419,2026-08-20T14:28:34.201Z,B57,Pawtucket,5f0dd8ad-486e-4238-8933-2b89499a6e18,SAMMS-Pawtucket
202608201425194567,202608201258108323,202608201258108173,46,8853,P1 Finance PBI 3 Pay Auth Bronze - B57A,br_samms_pbi3_pay_auth,TASK_COMPLETE,SUCCESS,INFO,363,363,0,,2026-08-20T12:58:15.698Z,2026-08-20T14:28:34.201Z,5419,2026-08-20T14:28:34.201Z,B57A,Johnston,5f0dd8ad-486e-4238-8933-2b89499a6e18,SAMMS-Johnston
202608201425194568,202608201258108324,202608201258108173,46,8854,P1 Finance PBI 3 Pay Auth Bronze - B57B,br_samms_pbi3_pay_auth,TASK_COMPLETE,SUCCESS,INFO,117,117,0,,2026-08-20T12:58:15.698Z,2026-08-20T14:28:34.201Z,5419,2026-08-20T14:28:34.201Z,B57B,Middletown,5f0dd8ad-486e-4238-8933-2b89499a6e18,SAMMS-Middletown
202608201425194570,202608201258108325,202608201258108173,46,8855,P1 Finance PBI 3 Pay Auth Bronze - B57C,br_samms_pbi3_pay_auth,TASK_COMPLETE,SUCCESS,INFO,649,649,0,,2026-08-20T12:58:15.698Z,2026-08-20T14:28:34.201Z,5419,2026-08-20T14:28:34.201Z,B57C,Providence,5f0dd8ad-486e-4238-8933-2b89499a6e18,SAMMS-Providence
202608201425194571,202608201258108326,202608201258108173,46,8856,P1 Finance PBI 3 Pay Auth Bronze - B57D,br_samms_pbi3_pay_auth,TASK_COMPLETE,SUCCESS,INFO,575,575,0,,2026-08-20T12:58:15.698Z,2026-08-20T14:28:34.201Z,5419,2026-08-20T14:28:34.201Z,B57D,Westerly,5f0dd8ad-486e-4238-8933-2b89499a6e18,SAMMS-Westerly
202608201425194573,202608201258108327,202608201258108173,46,8857,P1 Finance PBI 3 Pay Auth Bronze - B66A,br_samms_pbi3_pay_auth,TASK_COMPLETE,SUCCESS,INFO,28,28,0,,2026-08-20T12:58:15.698Z,2026-08-20T14:28:34.201Z,5419,2026-08-20T14:28:34.201Z,B66A,Bremen,5f0dd8ad-486e-4238-8933-2b89499a6e18,SAMMS-Bremen
202608201425194574,202608201258108328,202608201258108173,46,8858,P1 Finance PBI 3 Pay Auth Bronze - B72,br_samms_pbi3_pay_auth,TASK_COMPLETE,SUCCESS,INFO,7,7,0,,2026-08-20T12:58:15.698Z,2026-08-20T14:28:34.201Z,5419,2026-08-20T14:28:34.201Z,B72,Mobile-OBOT,5f0dd8ad-486e-4238-8933-2b89499a6e18,SAMMS-Mobile-OBOT
202608201425194576,202608201258108329,202608201258108173,46,8859,P1 Finance PBI 3 Pay Auth Bronze - B73,br_samms_pbi3_pay_auth,TASK_COMPLETE,SUCCESS,INFO,18,18,0,,2026-08-20T12:58:15.698Z,2026-08-20T14:28:34.201Z,5419,2026-08-20T14:28:34.201Z,B73,Montgomery,5f0dd8ad-486e-4238-8933-2b89499a6e18,SAMMS-Montgomery
202608201425194577,202608201258108330,202608201258108173,46,8860,P1 Finance PBI 3 Pay Auth Bronze - B75,br_samms_pbi3_pay_auth,TASK_COMPLETE,SUCCESS,INFO,150,150,0,,2026-08-20T12:58:15.698Z,2026-08-20T14:28:34.201Z,5419,2026-08-20T14:28:34.201Z,B75,Lawrence,5f0dd8ad-486e-4238-8933-2b89499a6e18,SAMMS-LawrenceV6
202608201425194579,202608201258108331,202608201258108173,46,8861,P1 Finance PBI 3 Pay Auth Bronze - B76,br_samms_pbi3_pay_auth,TASK_COMPLETE,SUCCESS,INFO,5,5,0,,2026-08-20T12:58:15.698Z,2026-08-20T14:28:34.201Z,5419,2026-08-20T14:28:34.201Z,B76,Huntsville-OBOT,5f0dd8ad-486e-4238-8933-2b89499a6e18,SAMMS-Huntsville-OBOT
202608201425194580,202608201258108332,202608201258108173,46,8862,P1 Finance PBI 3 Pay Auth Bronze - BAT,br_samms_pbi3_pay_auth,TASK_COMPLETE,SUCCESS,INFO,107,107,0,,2026-08-20T12:58:15.698Z,2026-08-20T14:28:34.201Z,5419,2026-08-20T14:28:34.201Z,BAT,Batesville,5f0dd8ad-486e-4238-8933-2b89499a6e18,SAMMS-Batesville
202608201425194582,202608201258108333,202608201258108173,46,8863,P1 Finance PBI 3 Pay Auth Bronze - BG,br_samms_pbi3_pay_auth,TASK_COMPLETE,SUCCESS,INFO,640,640,0,,2026-08-20T12:58:15.698Z,2026-08-20T14:28:34.201Z,5419,2026-08-20T14:28:34.201Z,BG,BowlingGreen,5f0dd8ad-486e-4238-8933-2b89499a6e18,SAMMS-BowlingGreen
202608201425194584,202608201258108334,202608201258108173,46,8864,P1 Finance PBI 3 Pay Auth Bronze - BOI,br_samms_pbi3_pay_auth,TASK_COMPLETE,SUCCESS,INFO,54,54,0,,2026-08-20T12:58:15.698Z,2026-08-20T14:28:34.201Z,5419,2026-08-20T14:28:34.201Z,BOI,Boise,5f0dd8ad-486e-4238-8933-2b89499a6e18,SAMMS-Boise
202608201425194585,202608201258108335,202608201258108173,46,8865,P1 Finance PBI 3 Pay Auth Bronze - CBCO,br_samms_pbi3_pay_auth,TASK_COMPLETE,SUCCESS,INFO,37,37,0,,2026-08-20T12:58:15.698Z,2026-08-20T14:28:34.201Z,5419,2026-08-20T14:28:34.201Z,CBCO,CoeurdAlene,5f0dd8ad-486e-4238-8933-2b89499a6e18,SAMMS-CoeurdAleneV6
202608201425194587,202608201258108336,202608201258108173,46,8866,P1 Finance PBI 3 Pay Auth Bronze - CON,br_samms_pbi3_pay_auth,TASK_COMPLETE,SUCCESS,INFO,232,232,0,,2026-08-20T12:58:15.698Z,2026-08-20T14:28:34.201Z,5419,2026-08-20T14:28:34.201Z,CON,Conway,5f0dd8ad-486e-4238-8933-2b89499a6e18,SAMMS-Conway
202608201425194588,202608201258108337,202608201258108173,46,8867,P1 Finance PBI 3 Pay Auth Bronze - D07,br_samms_pbi3_pay_auth,TASK_COMPLETE,SUCCESS,INFO,547,547,0,,2026-08-20T12:58:15.698Z,2026-08-20T14:28:34.201Z,5419,2026-08-20T14:28:34.201Z,D07,Knoxville,5f0dd8ad-486e-4238-8933-2b89499a6e18,SAMMS-KnoxvilleV6
202608201425194590,202608201258108338,202608201258108173,46,8868,P1 Finance PBI 3 Pay Auth Bronze - D08,br_samms_pbi3_pay_auth,TASK_COMPLETE,SUCCESS,INFO,268,268,0,,2026-08-20T12:58:15.698Z,2026-08-20T14:28:34.201Z,5419,2026-08-20T14:28:34.201Z,D08,Madison,5f0dd8ad-486e-4238-8933-2b89499a6e18,SAMMS-MadisonV6
202608201425194592,202608201258108339,202608201258108173,46,8869,P1 Finance PBI 3 Pay Auth Bronze - D09,br_samms_pbi3_pay_auth,TASK_COMPLETE,SUCCESS,INFO,307,307,0,,2026-08-20T12:58:15.698Z,2026-08-20T14:28:34.201Z,5419,2026-08-20T14:28:34.201Z,D09,Murfreesboro,5f0dd8ad-486e-4238-8933-2b89499a6e18,SAMMS-MurfreesboroV6
202608201425194594,202608201258108340,202608201258108173,46,8870,P1 Finance PBI 3 Pay Auth Bronze - DA,br_samms_pbi3_pay_auth,TASK_COMPLETE,SUCCESS,INFO,333,333,0,,2026-08-20T12:58:15.698Z,2026-08-20T14:28:34.201Z,5419,2026-08-20T14:28:34.201Z,DA,Davenport,5f0dd8ad-486e-4238-8933-2b89499a6e18,SAMMS-Davenport
202608201425194595,202608201258108341,202608201258108173,46,8871,P1 Finance PBI 3 Pay Auth Bronze - DM,br_samms_pbi3_pay_auth,TASK_COMPLETE,SUCCESS,INFO,493,493,0,,2026-08-20T12:58:15.698Z,2026-08-20T14:28:34.201Z,5419,2026-08-20T14:28:34.201Z,DM,DesMoines,5f0dd8ad-486e-4238-8933-2b89499a6e18,SAMMS-DesMoines
202608201425194241,202608201258108955,202608201258108173,46,9497,P1 Finance 3P Eligibility Bronze - TEX,br_samms_3p_elig,TASK_COMPLETE,SUCCESS,INFO,956,956,0,,2026-08-20T12:58:15.698Z,2026-08-20T14:28:34.201Z,5419,2026-08-20T14:28:34.201Z,TEX,Texarkana,5f0dd8ad-486e-4238-8933-2b89499a6e18,SAMMS-Texarkana
202608201425194243,202608201258108956,202608201258108173,46,9498,P1 Finance 3P Eligibility Bronze - TTCA,br_samms_3p_elig,TASK_COMPLETE,SUCCESS,INFO,469,469,0,,2026-08-20T12:58:15.698Z,2026-08-20T14:28:34.201Z,5419,2026-08-20T14:28:34.201Z,TTCA,Bessemer,5f0dd8ad-486e-4238-8933-2b89499a6e18,SAMMS-BessemerV5
202608201425194245,202608201258108957,202608201258108173,46,9499,P1 Finance 3P Eligibility Bronze - TTCB,br_samms_3p_elig,TASK_COMPLETE,SUCCESS,INFO,465,465,0,,2026-08-20T12:58:15.698Z,2026-08-20T14:28:34.201Z,5419,2026-08-20T14:28:34.201Z,TTCB,Cullman,5f0dd8ad-486e-4238-8933-2b89499a6e18,SAMMS-CullmanV5
202608201425194247,202608201258108958,202608201258108173,46,9500,P1 Finance 3P Eligibility Bronze - TTCC,br_samms_3p_elig,TASK_COMPLETE,SUCCESS,INFO,695,695,0,,2026-08-20T12:58:15.698Z,2026-08-20T14:28:34.201Z,5419,2026-08-20T14:28:34.201Z,TTCC,GrandBay,5f0dd8ad-486e-4238-8933-2b89499a6e18,SAMMS-GrandBay
202608201425194249,202608201258108959,202608201258108173,46,9501,P1 Finance 3P Eligibility Bronze - TU,br_samms_3p_elig,TASK_COMPLETE,SUCCESS,INFO,0,0,0,,2026-08-20T12:58:15.698Z,2026-08-20T14:28:34.201Z,5419,2026-08-20T14:28:34.201Z,TU,Tucson,5f0dd8ad-486e-4238-8933-2b89499a6e18,SAMMS-Tucson
202608201425194251,202608201258108960,202608201258108173,46,9502,P1 Finance 3P Eligibility Bronze - V1,br_samms_3p_elig,TASK_COMPLETE,SUCCESS,INFO,32,32,0,,2026-08-20T12:58:15.698Z,2026-08-20T14:28:34.201Z,5419,2026-08-20T14:28:34.201Z,V1,VCPHCS-I-Memphis,5f0dd8ad-486e-4238-8933-2b89499a6e18,SAMMS-VCPHCS-I-MemphisV5
202608201425194254,202608201258108961,202608201258108173,46,9503,P1 Finance 3P Eligibility Bronze - V10,br_samms_3p_elig,TASK_COMPLETE,SUCCESS,INFO,63,63,0,,2026-08-20T12:58:15.698Z,2026-08-20T14:28:34.201Z,5419,2026-08-20T14:28:34.201Z,V10,Boulder,5f0dd8ad-486e-4238-8933-2b89499a6e18,SAMMS-BoulderV5
202608201425194256,202608201258108962,202608201258108173,46,9504,P1 Finance 3P Eligibility Bronze - V10A,br_samms_3p_elig,TASK_COMPLETE,SUCCESS,INFO,8,8,0,,2026-08-20T12:58:15.698Z,2026-08-20T14:28:34.201Z,5419,2026-08-20T14:28:34.201Z,V10A,FortCollins,5f0dd8ad-486e-4238-8933-2b89499a6e18,SAMMS-FortCollinsV5
202608201425194258,202608201258108963,202608201258108173,46,9505,P1 Finance 3P Eligibility Bronze - V11,br_samms_3p_elig,TASK_COMPLETE,SUCCESS,INFO,0,0,0,,2026-08-20T12:58:15.698Z,2026-08-20T14:28:34.201Z,5419,2026-08-20T14:28:34.201Z,V11,VCPHCS-XI-NorthDenver,5f0dd8ad-486e-4238-8933-2b89499a6e18,SAMMS-VCPHCS-XI-NorthDenverV5
202608201425194260,202608201258108964,202608201258108173,46,9506,P1 Finance 3P Eligibility Bronze - V12,br_samms_3p_elig,TASK_COMPLETE,SUCCESS,INFO,0,0,0,,2026-08-20T12:58:15.698Z,2026-08-20T14:28:34.201Z,5419,2026-08-20T14:28:34.201Z,V12,VCPHCS-XII-DowntownDenver,5f0dd8ad-486e-4238-8933-2b89499a6e18,SAMMS-VCPHCS-XII-DowntownDenverV5
202608201425194262,202608201258108965,202608201258108173,46,9507,P1 Finance 3P Eligibility Bronze - V12A,br_samms_3p_elig,TASK_COMPLETE,SUCCESS,INFO,0,0,0,,2026-08-20T12:58:15.698Z,2026-08-20T14:28:34.201Z,5419,2026-08-20T14:28:34.201Z,V12A,Centennial,5f0dd8ad-486e-4238-8933-2b89499a6e18,SAMMS-CentennialV5
202608201425194264,202608201258108966,202608201258108173,46,9508,P1 Finance 3P Eligibility Bronze - V14,br_samms_3p_elig,TASK_COMPLETE,SUCCESS,INFO,40,40,0,,2026-08-20T12:58:15.698Z,2026-08-20T14:28:34.201Z,5419,2026-08-20T14:28:34.201Z,V14,VCPHCS-XIV-Bridgeway,5f0dd8ad-486e-4238-8933-2b89499a6e18,SAMMS-VCPHCS-XIV-BridgewayV5
202608201425194266,202608201258108967,202608201258108173,46,9509,P1 Finance 3P Eligibility Bronze - V15,br_samms_3p_elig,TASK_COMPLETE,SUCCESS,INFO,1782,1782,0,,2026-08-20T12:58:15.698Z,2026-08-20T14:28:34.201Z,5419,2026-08-20T14:28:34.201Z,V15,Joplin,5f0dd8ad-486e-4238-8933-2b89499a6e18,SAMMS-JoplinV5
202608201425194268,202608201258108968,202608201258108173,46,9510,P1 Finance 3P Eligibility Bronze - V17,br_samms_3p_elig,TASK_COMPLETE,SUCCESS,INFO,710,710,0,,2026-08-20T12:58:15.698Z,2026-08-20T14:28:34.201Z,5419,2026-08-20T14:28:34.201Z,V17,ColumbiaTN,5f0dd8ad-486e-4238-8933-2b89499a6e18,SAMMS-ColumbiaTNv5
202608201425194271,202608201258108969,202608201258108173,46,9511,P1 Finance 3P Eligibility Bronze - V19,br_samms_3p_elig,TASK_COMPLETE,SUCCESS,INFO,6,6,0,,2026-08-20T12:58:15.698Z,2026-08-20T14:28:34.201Z,5419,2026-08-20T14:28:34.201Z,V19,Jackson,5f0dd8ad-486e-4238-8933-2b89499a6e18,SAMMS-JacksonV5
202608201425194273,202608201258108970,202608201258108173,46,9512,P1 Finance 3P Eligibility Bronze - V20,br_samms_3p_elig,TASK_COMPLETE,SUCCESS,INFO,3,3,0,,2026-08-20T12:58:15.698Z,2026-08-20T14:28:34.201Z,5419,2026-08-20T14:28:34.201Z,V20,Paris,5f0dd8ad-486e-4238-8933-2b89499a6e18,SAMMS-ParisV5
202608201425194275,202608201258108971,202608201258108173,46,9513,P1 Finance 3P Eligibility Bronze - V21,br_samms_3p_elig,TASK_COMPLETE,SUCCESS,INFO,325,325,0,,2026-08-20T12:58:15.698Z,2026-08-20T14:28:34.201Z,5419,2026-08-20T14:28:34.201Z,V21,Raleigh,5f0dd8ad-486e-4238-8933-2b89499a6e18,SAMMS-RaleighV5
202608201425194277,202608201258108972,202608201258108173,46,9514,P1 Finance 3P Eligibility Bronze - V5,br_samms_3p_elig,TASK_COMPLETE,SUCCESS,INFO,0,0,0,,2026-08-20T12:58:15.698Z,2026-08-20T14:28:34.201Z,5419,2026-08-20T14:28:34.201Z,V5,NONTC,5f0dd8ad-486e-4238-8933-2b89499a6e18,SAMMS-NONTCv5
202608201425194280,202608201258108973,202608201258108173,46,9515,P1 Finance 3P Eligibility Bronze - V5B,br_samms_3p_elig,TASK_COMPLETE,SUCCESS,INFO,0,0,0,,2026-08-20T12:58:15.698Z,2026-08-20T14:28:34.201Z,5419,2026-08-20T14:28:34.201Z,V5B,Houma,5f0dd8ad-486e-4238-8933-2b89499a6e18,SAMMS-HoumaV6
202608201425194282,202608201258108974,202608201258108173,46,9516,P1 Finance 3P Eligibility Bronze - V6,br_samms_3p_elig,TASK_COMPLETE,SUCCESS,INFO,0,0,0,,2026-08-20T12:58:15.698Z,2026-08-20T14:28:34.201Z,5419,2026-08-20T14:28:34.201Z,V6,LC,5f0dd8ad-486e-4238-8933-2b89499a6e18,SAMMS-LCv5
202608201425194284,202608201258108975,202608201258108173,46,9517,P1 Finance 3P Eligibility Bronze - V8,br_samms_3p_elig,TASK_COMPLETE,SUCCESS,INFO,4,4,0,,2026-08-20T12:58:15.698Z,2026-08-20T14:28:34.201Z,5419,2026-08-20T14:28:34.201Z,V8,VCPHCS-VIII-Memphis,5f0dd8ad-486e-4238-8933-2b89499a6e18,SAMMS-VCPHCS-VIII-MemphisV5
202608201425194286,202608201258108976,202608201258108173,46,9518,P1 Finance 3P Eligibility Bronze - V9,br_samms_3p_elig,TASK_COMPLETE,SUCCESS,INFO,1079,1079,0,,2026-08-20T12:58:15.698Z,2026-08-20T14:28:34.201Z,5419,2026-08-20T14:28:34.201Z,V9,Nashville,5f0dd8ad-486e-4238-8933-2b89499a6e18,SAMMS-NashvilleV5
202608201425194288,202608201258108977,202608201258108173,46,9519,P1 Finance 3P Eligibility Bronze - VBRA,br_samms_3p_elig,TASK_COMPLETE,SUCCESS,INFO,0,0,0,,2026-08-20T12:58:15.698Z,2026-08-20T14:28:34.201Z,5419,2026-08-20T14:28:34.201Z,VBRA,Brainerd,5f0dd8ad-486e-4238-8933-2b89499a6e18,SAMMS-BrainerdV6
202608201425194290,202608201258108978,202608201258108173,46,9520,P1 Finance 3P Eligibility Bronze - VBRP,br_samms_3p_elig,TASK_COMPLETE,SUCCESS,INFO,4,4,0,,2026-08-20T12:58:15.698Z,2026-08-20T14:28:34.201Z,5419,2026-08-20T14:28:34.201Z,VBRP,BrooklynPark,5f0dd8ad-486e-4238-8933-2b89499a6e18,SAMMS-BrooklynParkV6
202608201425194293,202608201258108979,202608201258108173,46,9521,P1 Finance 3P Eligibility Bronze - VMIN,br_samms_3p_elig,TASK_COMPLETE,SUCCESS,INFO,7,7,0,,2026-08-20T12:58:15.698Z,2026-08-20T14:28:34.201Z,5419,2026-08-20T14:28:34.201Z,VMIN,Minneapolis,5f0dd8ad-486e-4238-8933-2b89499a6e18,SAMMS-MinneapolisV6
202608201425194295,202608201258108980,202608201258108173,46,9522,P1 Finance 3P Eligibility Bronze - VWBY,br_samms_3p_elig,TASK_COMPLETE,SUCCESS,INFO,4,4,0,,2026-08-20T12:58:15.698Z,2026-08-20T14:28:34.201Z,5419,2026-08-20T14:28:34.201Z,VWBY,Woodbury,5f0dd8ad-486e-4238-8933-2b89499a6e18,SAMMS-WoodburyV6
202608201425194298,202608201258108981,202608201258108173,46,9523,P1 Finance 3P Eligibility Bronze - WIL,br_samms_3p_elig,TASK_COMPLETE,SUCCESS,INFO,29,29,0,,2026-08-20T12:58:15.698Z,2026-08-20T14:28:34.201Z,5419,2026-08-20T14:28:34.201Z,WIL,Wilson,5f0dd8ad-486e-4238-8933-2b89499a6e18,SAMMS-Wilson
202608201425194399,202608201258208180,202608201258208173,47,9524,P1 Finance 3P Eligibility Silver,tbl_3pElig,TASK_COMPLETE,SUCCESS,INFO,22813,1300,0,,2026-08-20T12:58:15.698Z,2026-08-20T14:28:34.201Z,5419,2026-08-20T14:28:34.201Z,,,5f0dd8ad-486e-4238-8933-2b89499a6e18,
202608201425194310,202608201258108405,202608201258108173,46,8937,P1 Finance VW 3P Bill Sub Bronze - AHK,br_samms_vw3p_bill_sub,TASK_COMPLETE,SUCCESS,INFO,145,145,0,,2026-08-20T12:58:15.698Z,2026-08-20T14:28:34.201Z,5419,2026-08-20T14:28:34.201Z,AHK,Ahoskie,5f0dd8ad-486e-4238-8933-2b89499a6e18,SAMMS-Ahoskie
202608201425194311,202608201258108406,202608201258108173,46,8938,P1 Finance VW 3P Bill Sub Bronze - B12B,br_samms_vw3p_bill_sub,TASK_COMPLETE,SUCCESS,INFO,1209,1209,0,,2026-08-20T12:58:15.698Z,2026-08-20T14:28:34.201Z,5419,2026-08-20T14:28:34.201Z,B12B,ColoradoSprings,5f0dd8ad-486e-4238-8933-2b89499a6e18,SAMMS-ColoradoSpringsV5
202608201425194312,202608201258108407,202608201258108173,46,8939,P1 Finance VW 3P Bill Sub Bronze - B24,br_samms_vw3p_bill_sub,TASK_COMPLETE,SUCCESS,INFO,2050,2050,0,,2026-08-20T12:58:15.698Z,2026-08-20T14:28:34.201Z,5419,2026-08-20T14:28:34.201Z,B24,Paintsville,5f0dd8ad-486e-4238-8933-2b89499a6e18,SAMMS-PaintsvilleV5
202608201425194314,202608201258108408,202608201258108173,46,8940,P1 Finance VW 3P Bill Sub Bronze - B25,br_samms_vw3p_bill_sub,TASK_COMPLETE,SUCCESS,INFO,955,955,0,,2026-08-20T12:58:15.698Z,2026-08-20T14:28:34.201Z,5419,2026-08-20T14:28:34.201Z,B25,Pikeville,5f0dd8ad-486e-4238-8933-2b89499a6e18,SAMMS-PikevilleV5
202608201425194315,202608201258108409,202608201258108173,46,8941,P1 Finance VW 3P Bill Sub Bronze - B26,br_samms_vw3p_bill_sub,TASK_COMPLETE,SUCCESS,INFO,2233,2233,0,,2026-08-20T12:58:15.698Z,2026-08-20T14:28:34.201Z,5419,2026-08-20T14:28:34.201Z,B26,Hazard,5f0dd8ad-486e-4238-8933-2b89499a6e18,SAMMS-HazardV5
202608201425194316,202608201258108410,202608201258108173,46,8942,P1 Finance VW 3P Bill Sub Bronze - B27,br_samms_vw3p_bill_sub,TASK_COMPLETE,SUCCESS,INFO,1282,1282,0,,2026-08-20T12:58:15.698Z,2026-08-20T14:28:34.201Z,5419,2026-08-20T14:28:34.201Z,B27,Savannah,5f0dd8ad-486e-4238-8933-2b89499a6e18,SAMMS-SavannahV6
202608201425194317,202608201258108411,202608201258108173,46,8943,P1 Finance VW 3P Bill Sub Bronze - B28,br_samms_vw3p_bill_sub,TASK_COMPLETE,SUCCESS,INFO,1690,1690,0,,2026-08-20T12:58:15.698Z,2026-08-20T14:28:34.201Z,5419,2026-08-20T14:28:34.201Z,B28,WestPlaines,5f0dd8ad-486e-4238-8933-2b89499a6e18,SAMMS-WestPlainesV5
202608201425194319,202608201258108412,202608201258108173,46,8944,P1 Finance VW 3P Bill Sub Bronze - B29,br_samms_vw3p_bill_sub,TASK_COMPLETE,SUCCESS,INFO,2147,2147,0,,2026-08-20T12:58:15.698Z,2026-08-20T14:28:34.201Z,5419,2026-08-20T14:28:34.201Z,B29,PoplarBluff,5f0dd8ad-486e-4238-8933-2b89499a6e18,SAMMS-PoplarBluffV5
202608201425194320,202608201258108413,202608201258108173,46,8945,P1 Finance VW 3P Bill Sub Bronze - B30,br_samms_vw3p_bill_sub,TASK_COMPLETE,SUCCESS,INFO,536,536,0,,2026-08-20T12:58:15.698Z,2026-08-20T14:28:34.201Z,5419,2026-08-20T14:28:34.201Z,B30,KCN,5f0dd8ad-486e-4238-8933-2b89499a6e18,SAMMS-KCNv5
202608201425194321,202608201258108414,202608201258108173,46,8946,P1 Finance VW 3P Bill Sub Bronze - B31,br_samms_vw3p_bill_sub,TASK_COMPLETE,SUCCESS,INFO,8618,8618,0,,2026-08-20T12:58:15.698Z,2026-08-20T14:28:34.201Z,5419,2026-08-20T14:28:34.201Z,B31,Dyersburg,5f0dd8ad-486e-4238-8933-2b89499a6e18,SAMMS-DyersburgV5
202608201425194322,202608201258108415,202608201258108173,46,8947,P1 Finance VW 3P Bill Sub Bronze - B33,br_samms_vw3p_bill_sub,TASK_COMPLETE,SUCCESS,INFO,2788,2788,0,,2026-08-20T12:58:15.698Z,2026-08-20T14:28:34.201Z,5419,2026-08-20T14:28:34.201Z,B33,Paducah,5f0dd8ad-486e-4238-8933-2b89499a6e18,SAMMS-Paducah
202608201425194324,202608201258108416,202608201258108173,46,8948,P1 Finance VW 3P Bill Sub Bronze - B34,br_samms_vw3p_bill_sub,TASK_COMPLETE,SUCCESS,INFO,3210,3210,0,,2026-08-20T12:58:15.698Z,2026-08-20T14:28:34.201Z,5419,2026-08-20T14:28:34.201Z,B34,Corbin,5f0dd8ad-486e-4238-8933-2b89499a6e18,SAMMS-CorbinV5
202608201425194325,202608201258108417,202608201258108173,46,8949,P1 Finance VW 3P Bill Sub Bronze - B35,br_samms_vw3p_bill_sub,TASK_COMPLETE,SUCCESS,INFO,5914,5914,0,,2026-08-20T12:58:15.698Z,2026-08-20T14:28:34.201Z,5419,2026-08-20T14:28:34.201Z,B35,Lexington,5f0dd8ad-486e-4238-8933-2b89499a6e18,SAMMS-LexingtonV5
202608201425194326,202608201258108418,202608201258108173,46,8950,P1 Finance VW 3P Bill Sub Bronze - B35A,br_samms_vw3p_bill_sub,TASK_COMPLETE,SUCCESS,INFO,846,846,0,,2026-08-20T12:58:15.698Z,2026-08-20T14:28:34.201Z,5419,2026-08-20T14:28:34.201Z,B35A,Berea,5f0dd8ad-486e-4238-8933-2b89499a6e18,SAMMS-BereaV5
202608201425194327,202608201258108419,202608201258108173,46,8951,P1 Finance VW 3P Bill Sub Bronze - B36,br_samms_vw3p_bill_sub,TASK_COMPLETE,SUCCESS,INFO,61692,61692,0,,2026-08-20T12:58:15.698Z,2026-08-20T14:28:34.201Z,5419,2026-08-20T14:28:34.201Z,B36,Asheville,5f0dd8ad-486e-4238-8933-2b89499a6e18,SAMMS-AshevilleV5
202608201425194329,202608201258108420,202608201258108173,46,8952,P1 Finance VW 3P Bill Sub Bronze - B37,br_samms_vw3p_bill_sub,TASK_COMPLETE,SUCCESS,INFO,44808,44808,0,,2026-08-20T12:58:15.698Z,2026-08-20T14:28:34.201Z,5419,2026-08-20T14:28:34.201Z,B37,Clyde,5f0dd8ad-486e-4238-8933-2b89499a6e18,SAMMS-ClydeV5
202608201425196409,202608201258109346,202608201258108173,46,9897,P1 Finance Payer Client Bronze - B38,br_samms_payer_client,TASK_COMPLETE,SUCCESS,INFO,1033,1033,0,,2026-08-20T12:58:15.698Z,2026-08-20T14:28:34.201Z,5419,2026-08-20T14:28:34.201Z,B38,Spartanburg,5f0dd8ad-486e-4238-8933-2b89499a6e18,SAMMS-SpartanburgV5
202608201425196410,202608201258109347,202608201258108173,46,9898,P1 Finance Payer Client Bronze - B39,br_samms_payer_client,TASK_COMPLETE,SUCCESS,INFO,534,534,0,,2026-08-20T12:58:15.698Z,2026-08-20T14:28:34.201Z,5419,2026-08-20T14:28:34.201Z,B39,Aiken,5f0dd8ad-486e-4238-8933-2b89499a6e18,SAMMS-AikenV5
202608201425196412,202608201258109348,202608201258108173,46,9899,P1 Finance Payer Client Bronze - B41,br_samms_payer_client,TASK_COMPLETE,SUCCESS,INFO,1609,1609,0,,2026-08-20T12:58:15.698Z,2026-08-20T14:28:34.201Z,5419,2026-08-20T14:28:34.201Z,B41,Chesapeake,5f0dd8ad-486e-4238-8933-2b89499a6e18,SAMMS-ChesapeakeV5
202608201425196413,202608201258109349,202608201258108173,46,9900,P1 Finance Payer Client Bronze - B42,br_samms_payer_client,TASK_COMPLETE,SUCCESS,INFO,1917,1917,0,,2026-08-20T12:58:15.698Z,2026-08-20T14:28:34.201Z,5419,2026-08-20T14:28:34.201Z,B42,VirginiaBeach,5f0dd8ad-486e-4238-8933-2b89499a6e18,SAMMS-VirginiaBeachV5
202608201425196414,202608201258109350,202608201258108173,46,9901,P1 Finance Payer Client Bronze - B42A,br_samms_payer_client,TASK_COMPLETE,SUCCESS,INFO,1147,1147,0,,2026-08-20T12:58:15.698Z,2026-08-20T14:28:34.201Z,5419,2026-08-20T14:28:34.201Z,B42A,NewportNews,5f0dd8ad-486e-4238-8933-2b89499a6e18,SAMMS-NewportNewsV5
202608201425196416,202608201258109351,202608201258108173,46,9902,P1 Finance Payer Client Bronze - B42B,br_samms_payer_client,TASK_COMPLETE,SUCCESS,INFO,185,185,0,,2026-08-20T12:58:15.698Z,2026-08-20T14:28:34.201Z,5419,2026-08-20T14:28:34.201Z,B42B,Franklin,5f0dd8ad-486e-4238-8933-2b89499a6e18,SAMMS-FranklinV5
202608201425196417,202608201258109352,202608201258108173,46,9903,P1 Finance Payer Client Bronze - B42C,br_samms_payer_client,TASK_COMPLETE,SUCCESS,INFO,1651,1651,0,,2026-08-20T12:58:15.698Z,2026-08-20T14:28:34.201Z,5419,2026-08-20T14:28:34.201Z,B42C,GlenAllen,5f0dd8ad-486e-4238-8933-2b89499a6e18,SAMMS-GlenAllenV5
202608201425196419,202608201258109353,202608201258108173,46,9904,P1 Finance Payer Client Bronze - B42D,br_samms_payer_client,TASK_COMPLETE,SUCCESS,INFO,1030,1030,0,,2026-08-20T12:58:15.698Z,2026-08-20T14:28:34.201Z,5419,2026-08-20T14:28:34.201Z,B42D,ChesapeakeSouth,5f0dd8ad-486e-4238-8933-2b89499a6e18,SAMMS-ChesapeakeSouthV5
202608201425196420,202608201258109354,202608201258108173,46,9905,P1 Finance Payer Client Bronze - B44,br_samms_payer_client,TASK_COMPLETE,SUCCESS,INFO,244,244,0,,2026-08-20T12:58:15.698Z,2026-08-20T14:28:34.201Z,5419,2026-08-20T14:28:34.201Z,B44,Albany,5f0dd8ad-486e-4238-8933-2b89499a6e18,SAMMS-AlbanyV5
202608201425196422,202608201258109355,202608201258108173,46,9906,P1 Finance Payer Client Bronze - B45,br_samms_payer_client,TASK_COMPLETE,SUCCESS,INFO,613,613,0,,2026-08-20T12:58:15.698Z,2026-08-20T14:28:34.201Z,5419,2026-08-20T14:28:34.201Z,B45,Tifton,5f0dd8ad-486e-4238-8933-2b89499a6e18,SAMMS-TiftonV5
202608201425196423,202608201258109356,202608201258108173,46,9907,P1 Finance Payer Client Bronze - B46,br_samms_payer_client,TASK_COMPLETE,SUCCESS,INFO,1650,1650,0,,2026-08-20T12:58:15.698Z,2026-08-20T14:28:34.201Z,5419,2026-08-20T14:28:34.201Z,B46,WashingtonDC,5f0dd8ad-486e-4238-8933-2b89499a6e18,SAMMS-WashingtonDCv5
202608201425196424,202608201258109357,202608201258108173,46,9908,P1 Finance Payer Client Bronze - B47,br_samms_payer_client,TASK_COMPLETE,SUCCESS,INFO,1100,1100,0,,2026-08-20T12:58:15.698Z,2026-08-20T14:28:34.201Z,5419,2026-08-20T14:28:34.201Z,B47,Mobile,5f0dd8ad-486e-4238-8933-2b89499a6e18,SAMMS-MobileV5
202608201425196426,202608201258109358,202608201258108173,46,9909,P1 Finance Payer Client Bronze - B48,br_samms_payer_client,TASK_COMPLETE,SUCCESS,INFO,1058,1058,0,,2026-08-20T12:58:15.698Z,2026-08-20T14:28:34.201Z,5419,2026-08-20T14:28:34.201Z,B48,Tuscaloosa,5f0dd8ad-486e-4238-8933-2b89499a6e18,SAMMS-TuscaloosaV5
202608201425196427,202608201258109359,202608201258108173,46,9910,P1 Finance Payer Client Bronze - B51,br_samms_payer_client,TASK_COMPLETE,SUCCESS,INFO,304,304,0,,2026-08-20T12:58:15.698Z,2026-08-20T14:28:34.201Z,5419,2026-08-20T14:28:34.201Z,B51,NorthLittleRock,5f0dd8ad-486e-4238-8933-2b89499a6e18,SAMMS-NorthLittleRockV6
202608201425196429,202608201258109360,202608201258108173,46,9911,P1 Finance Payer Client Bronze - B52,br_samms_payer_client,TASK_COMPLETE,SUCCESS,INFO,319,319,0,,2026-08-20T12:58:15.698Z,2026-08-20T14:28:34.201Z,5419,2026-08-20T14:28:34.201Z,B52,JacksonGA,5f0dd8ad-486e-4238-8933-2b89499a6e18,SAMMS-JacksonGAV5
202608201425196430,202608201258109361,202608201258108173,46,9912,P1 Finance Payer Client Bronze - B54,br_samms_payer_client,TASK_COMPLETE,SUCCESS,INFO,818,818,0,,2026-08-20T12:58:15.698Z,2026-08-20T14:28:34.201Z,5419,2026-08-20T14:28:34.201Z,B54,Gadsden,5f0dd8ad-486e-4238-8933-2b89499a6e18,SAMMS-GadsdenV5
202608201425196432,202608201258109362,202608201258108173,46,9913,P1 Finance Payer Client Bronze - B55,br_samms_payer_client,TASK_COMPLETE,SUCCESS,INFO,976,976,0,,2026-08-20T12:58:15.698Z,2026-08-20T14:28:34.201Z,5419,2026-08-20T14:28:34.201Z,B55,Shoals,5f0dd8ad-486e-4238-8933-2b89499a6e18,SAMMS-ShoalsV5
202608201425196433,202608201258109363,202608201258108173,46,9914,P1 Finance Payer Client Bronze - B57,br_samms_payer_client,TASK_COMPLETE,SUCCESS,INFO,1037,1037,0,,2026-08-20T12:58:15.698Z,2026-08-20T14:28:34.201Z,5419,2026-08-20T14:28:34.201Z,B57,Pawtucket,5f0dd8ad-486e-4238-8933-2b89499a6e18,SAMMS-Pawtucket
202608201425196435,202608201258109364,202608201258108173,46,9915,P1 Finance Payer Client Bronze - B57A,br_samms_payer_client,TASK_COMPLETE,SUCCESS,INFO,772,772,0,,2026-08-20T12:58:15.698Z,2026-08-20T14:28:34.201Z,5419,2026-08-20T14:28:34.201Z,B57A,Johnston,5f0dd8ad-486e-4238-8933-2b89499a6e18,SAMMS-Johnston
202608201425196436,202608201258109365,202608201258108173,46,9916,P1 Finance Payer Client Bronze - B57B,br_samms_payer_client,TASK_COMPLETE,SUCCESS,INFO,257,257,0,,2026-08-20T12:58:15.698Z,2026-08-20T14:28:34.201Z,5419,2026-08-20T14:28:34.201Z,B57B,Middletown,5f0dd8ad-486e-4238-8933-2b89499a6e18,SAMMS-Middletown
202608201425196438,202608201258109366,202608201258108173,46,9917,P1 Finance Payer Client Bronze - B57C,br_samms_payer_client,TASK_COMPLETE,SUCCESS,INFO,484,484,0,,2026-08-20T12:58:15.698Z,2026-08-20T14:28:34.201Z,5419,2026-08-20T14:28:34.201Z,B57C,Providence,5f0dd8ad-486e-4238-8933-2b89499a6e18,SAMMS-Providence
202608201425196439,202608201258109367,202608201258108173,46,9918,P1 Finance Payer Client Bronze - B57D,br_samms_payer_client,TASK_COMPLETE,SUCCESS,INFO,723,723,0,,2026-08-20T12:58:15.698Z,2026-08-20T14:28:34.201Z,5419,2026-08-20T14:28:34.201Z,B57D,Westerly,5f0dd8ad-486e-4238-8933-2b89499a6e18,SAMMS-Westerly
202608241448407044,202608241408172784,202608241408171802,88,5651,P1 Reference Preadmission Referral Source Bronze - DRD-KC,br_samms_preadmission_referral_source,TASK_COMPLETE,FAILED,ERROR,0,0,1,SavePreAdminReferrals Bronze ForEach failed,2026-08-24T14:08:21.733Z,2026-08-24T15:03:37.584Z,3316,2026-08-24T15:03:37.584Z,DRD-KC,KC,6c7532c9-dcb1-40a3-beaa-690039713dec,SAMMS-KCv5
202608241448407046,202608241408172785,202608241408171802,88,5652,P1 Reference Preadmission Referral Source Bronze - DRD-KVB,br_samms_preadmission_referral_source,TASK_COMPLETE,FAILED,ERROR,0,0,1,SavePreAdminReferrals Bronze ForEach failed,2026-08-24T14:08:21.733Z,2026-08-24T15:03:37.584Z,3316,2026-08-24T15:03:37.584Z,DRD-KVB,KVB,6c7532c9-dcb1-40a3-beaa-690039713dec,SAMMS-KVBv5
202608241448407047,202608241408172786,202608241408171802,88,5653,P1 Reference Preadmission Referral Source Bronze - DRD-KVC,br_samms_preadmission_referral_source,TASK_COMPLETE,FAILED,ERROR,0,0,1,SavePreAdminReferrals Bronze ForEach failed,2026-08-24T14:08:21.733Z,2026-08-24T15:03:37.584Z,3316,2026-08-24T15:03:37.584Z,DRD-KVC,KVC,6c7532c9-dcb1-40a3-beaa-690039713dec,SAMMS-KVCv5
202608241448407049,202608241408172787,202608241408171802,88,5654,P1 Reference Preadmission Referral Source Bronze - DRD-NOLA,br_samms_preadmission_referral_source,TASK_COMPLETE,FAILED,ERROR,0,0,1,SavePreAdminReferrals Bronze ForEach failed,2026-08-24T14:08:21.733Z,2026-08-24T15:03:37.584Z,3316,2026-08-24T15:03:37.584Z,DRD-NOLA,NOLA,6c7532c9-dcb1-40a3-beaa-690039713dec,SAMMS-NOLAv5
202608241448407051,202608241408172788,202608241408171802,88,5655,P1 Reference Preadmission Referral Source Bronze - DRD-SF,br_samms_preadmission_referral_source,TASK_COMPLETE,FAILED,ERROR,0,0,1,SavePreAdminReferrals Bronze ForEach failed,2026-08-24T14:08:21.733Z,2026-08-24T15:03:37.584Z,3316,2026-08-24T15:03:37.584Z,DRD-SF,SF,6c7532c9-dcb1-40a3-beaa-690039713dec,SAMMS-SFv5
202608241448407052,202608241408172789,202608241408171802,88,5656,P1 Reference Preadmission Referral Source Bronze - ELC,br_samms_preadmission_referral_source,TASK_COMPLETE,FAILED,ERROR,0,0,1,SavePreAdminReferrals Bronze ForEach failed,2026-08-24T14:08:21.733Z,2026-08-24T15:03:37.584Z,3316,2026-08-24T15:03:37.584Z,ELC,ElizabethCity,6c7532c9-dcb1-40a3-beaa-690039713dec,SAMMS-ElizabethCity
202608241448407054,202608241408172790,202608241408171802,88,5657,P1 Reference Preadmission Referral Source Bronze - ET,br_samms_preadmission_referral_source,TASK_COMPLETE,FAILED,ERROR,0,0,1,SavePreAdminReferrals Bronze ForEach failed,2026-08-24T14:08:21.733Z,2026-08-24T15:03:37.584Z,3316,2026-08-24T15:03:37.584Z,ET,Elizabethtown,6c7532c9-dcb1-40a3-beaa-690039713dec,SAMMS-Elizabethtown
202608241448407055,202608241408172791,202608241408171802,88,5658,P1 Reference Preadmission Referral Source Bronze - FAY,br_samms_preadmission_referral_source,TASK_COMPLETE,FAILED,ERROR,0,0,1,SavePreAdminReferrals Bronze ForEach failed,2026-08-24T14:08:21.733Z,2026-08-24T15:03:37.584Z,3316,2026-08-24T15:03:37.584Z,FAY,Fayetteville,6c7532c9-dcb1-40a3-beaa-690039713dec,SAMMS-Fayetteville
202608241448407057,202608241408172792,202608241408171802,88,5659,P1 Reference Preadmission Referral Source Bronze - FR,br_samms_preadmission_referral_source,TASK_COMPLETE,FAILED,ERROR,0,0,1,SavePreAdminReferrals Bronze ForEach failed,2026-08-24T14:08:21.733Z,2026-08-24T15:03:37.584Z,3316,2026-08-24T15:03:37.584Z,FR,Frankfort,6c7532c9-dcb1-40a3-beaa-690039713dec,SAMMS-Frankfort
202608241448407058,202608241408172793,202608241408171802,88,5660,P1 Reference Preadmission Referral Source Bronze - FS,br_samms_preadmission_referral_source,TASK_COMPLETE,FAILED,ERROR,0,0,1,SavePreAdminReferrals Bronze ForEach failed,2026-08-24T14:08:21.733Z,2026-08-24T15:03:37.584Z,3316,2026-08-24T15:03:37.584Z,FS,FortSmith,6c7532c9-dcb1-40a3-beaa-690039713dec,SAMMS-FortSmith
202608241448407060,202608241408172794,202608241408171802,88,5661,P1 Reference Preadmission Referral Source Bronze - FW,br_samms_preadmission_referral_source,TASK_COMPLETE,FAILED,ERROR,0,0,1,SavePreAdminReferrals Bronze ForEach failed,2026-08-24T14:08:21.733Z,2026-08-24T15:03:37.584Z,3316,2026-08-24T15:03:37.584Z,FW,FortWayne,6c7532c9-dcb1-40a3-beaa-690039713dec,SAMMS-FortWayne
202608241448407061,202608241408172795,202608241408171802,88,5662,P1 Reference Preadmission Referral Source Bronze - GAL,br_samms_preadmission_referral_source,TASK_COMPLETE,FAILED,ERROR,0,0,1,SavePreAdminReferrals Bronze ForEach failed,2026-08-24T14:08:21.733Z,2026-08-24T15:03:37.584Z,3316,2026-08-24T15:03:37.584Z,GAL,Gaylord,6c7532c9-dcb1-40a3-beaa-690039713dec,SAMMS-Gaylord
202608241448407063,202608241408172796,202608241408171802,88,5663,P1 Reference Preadmission Referral Source Bronze - HGT,br_samms_preadmission_referral_source,TASK_COMPLETE,FAILED,ERROR,0,0,1,SavePreAdminReferrals Bronze ForEach failed,2026-08-24T14:08:21.733Z,2026-08-24T15:03:37.584Z,3316,2026-08-24T15:03:37.584Z,HGT,Hagerstown,6c7532c9-dcb1-40a3-beaa-690039713dec,SAMMS-Hagerstown
202608241448407065,202608241408172797,202608241408171802,88,5664,P1 Reference Preadmission Referral Source Bronze - HNT,br_samms_preadmission_referral_source,TASK_COMPLETE,FAILED,ERROR,0,0,1,SavePreAdminReferrals Bronze ForEach failed,2026-08-24T14:08:21.733Z,2026-08-24T15:03:37.584Z,3316,2026-08-24T15:03:37.584Z,HNT,Huntsville,6c7532c9-dcb1-40a3-beaa-690039713dec,SAMMS-Huntsville
202608241333251204,202608241253387598,202608241253386616,88,5651,P1 Reference Preadmission Referral Source Bronze - DRD-KC,br_samms_preadmission_referral_source,TASK_COMPLETE,FAILED,ERROR,0,0,1,SavePreAdminReferrals Bronze ForEach failed,2026-08-24T12:53:42.369Z,2026-08-24T13:42:52.652Z,2950,2026-08-24T13:42:52.652Z,DRD-KC,KC,8f1806c1-b1f2-4ac5-b25b-086fec51b8fb,SAMMS-KCv5
202608241333251206,202608241253387599,202608241253386616,88,5652,P1 Reference Preadmission Referral Source Bronze - DRD-KVB,br_samms_preadmission_referral_source,TASK_COMPLETE,FAILED,ERROR,0,0,1,SavePreAdminReferrals Bronze ForEach failed,2026-08-24T12:53:42.369Z,2026-08-24T13:42:52.652Z,2950,2026-08-24T13:42:52.652Z,DRD-KVB,KVB,8f1806c1-b1f2-4ac5-b25b-086fec51b8fb,SAMMS-KVBv5
202608241333251207,202608241253387600,202608241253386616,88,5653,P1 Reference Preadmission Referral Source Bronze - DRD-KVC,br_samms_preadmission_referral_source,TASK_COMPLETE,FAILED,ERROR,0,0,1,SavePreAdminReferrals Bronze ForEach failed,2026-08-24T12:53:42.369Z,2026-08-24T13:42:52.652Z,2950,2026-08-24T13:42:52.652Z,DRD-KVC,KVC,8f1806c1-b1f2-4ac5-b25b-086fec51b8fb,SAMMS-KVCv5
202608241333251209,202608241253387601,202608241253386616,88,5654,P1 Reference Preadmission Referral Source Bronze - DRD-NOLA,br_samms_preadmission_referral_source,TASK_COMPLETE,FAILED,ERROR,0,0,1,SavePreAdminReferrals Bronze ForEach failed,2026-08-24T12:53:42.369Z,2026-08-24T13:42:52.652Z,2950,2026-08-24T13:42:52.652Z,DRD-NOLA,NOLA,8f1806c1-b1f2-4ac5-b25b-086fec51b8fb,SAMMS-NOLAv5
202608241333251211,202608241253387602,202608241253386616,88,5655,P1 Reference Preadmission Referral Source Bronze - DRD-SF,br_samms_preadmission_referral_source,TASK_COMPLETE,FAILED,ERROR,0,0,1,SavePreAdminReferrals Bronze ForEach failed,2026-08-24T12:53:42.369Z,2026-08-24T13:42:52.652Z,2950,2026-08-24T13:42:52.652Z,DRD-SF,SF,8f1806c1-b1f2-4ac5-b25b-086fec51b8fb,SAMMS-SFv5
202608241333251212,202608241253387603,202608241253386616,88,5656,P1 Reference Preadmission Referral Source Bronze - ELC,br_samms_preadmission_referral_source,TASK_COMPLETE,FAILED,ERROR,0,0,1,SavePreAdminReferrals Bronze ForEach failed,2026-08-24T12:53:42.369Z,2026-08-24T13:42:52.652Z,2950,2026-08-24T13:42:52.652Z,ELC,ElizabethCity,8f1806c1-b1f2-4ac5-b25b-086fec51b8fb,SAMMS-ElizabethCity
202608241333251214,202608241253387604,202608241253386616,88,5657,P1 Reference Preadmission Referral Source Bronze - ET,br_samms_preadmission_referral_source,TASK_COMPLETE,FAILED,ERROR,0,0,1,SavePreAdminReferrals Bronze ForEach failed,2026-08-24T12:53:42.369Z,2026-08-24T13:42:52.652Z,2950,2026-08-24T13:42:52.652Z,ET,Elizabethtown,8f1806c1-b1f2-4ac5-b25b-086fec51b8fb,SAMMS-Elizabethtown
202608241333251216,202608241253387605,202608241253386616,88,5658,P1 Reference Preadmission Referral Source Bronze - FAY,br_samms_preadmission_referral_source,TASK_COMPLETE,FAILED,ERROR,0,0,1,SavePreAdminReferrals Bronze ForEach failed,2026-08-24T12:53:42.369Z,2026-08-24T13:42:52.652Z,2950,2026-08-24T13:42:52.652Z,FAY,Fayetteville,8f1806c1-b1f2-4ac5-b25b-086fec51b8fb,SAMMS-Fayetteville
202608241333251218,202608241253387606,202608241253386616,88,5659,P1 Reference Preadmission Referral Source Bronze - FR,br_samms_preadmission_referral_source,TASK_COMPLETE,FAILED,ERROR,0,0,1,SavePreAdminReferrals Bronze ForEach failed,2026-08-24T12:53:42.369Z,2026-08-24T13:42:52.652Z,2950,2026-08-24T13:42:52.652Z,FR,Frankfort,8f1806c1-b1f2-4ac5-b25b-086fec51b8fb,SAMMS-Frankfort
202608241333251219,202608241253387607,202608241253386616,88,5660,P1 Reference Preadmission Referral Source Bronze - FS,br_samms_preadmission_referral_source,TASK_COMPLETE,FAILED,ERROR,0,0,1,SavePreAdminReferrals Bronze ForEach failed,2026-08-24T12:53:42.369Z,2026-08-24T13:42:52.652Z,2950,2026-08-24T13:42:52.652Z,FS,FortSmith,8f1806c1-b1f2-4ac5-b25b-086fec51b8fb,SAMMS-FortSmith
202608241333251221,202608241253387608,202608241253386616,88,5661,P1 Reference Preadmission Referral Source Bronze - FW,br_samms_preadmission_referral_source,TASK_COMPLETE,FAILED,ERROR,0,0,1,SavePreAdminReferrals Bronze ForEach failed,2026-08-24T12:53:42.369Z,2026-08-24T13:42:52.652Z,2950,2026-08-24T13:42:52.652Z,FW,FortWayne,8f1806c1-b1f2-4ac5-b25b-086fec51b8fb,SAMMS-FortWayne
202608241333251223,202608241253387609,202608241253386616,88,5662,P1 Reference Preadmission Referral Source Bronze - GAL,br_samms_preadmission_referral_source,TASK_COMPLETE,FAILED,ERROR,0,0,1,SavePreAdminReferrals Bronze ForEach failed,2026-08-24T12:53:42.369Z,2026-08-24T13:42:52.652Z,2950,2026-08-24T13:42:52.652Z,GAL,Gaylord,8f1806c1-b1f2-4ac5-b25b-086fec51b8fb,SAMMS-Gaylord
202608241333251225,202608241253387610,202608241253386616,88,5663,P1 Reference Preadmission Referral Source Bronze - HGT,br_samms_preadmission_referral_source,TASK_COMPLETE,FAILED,ERROR,0,0,1,SavePreAdminReferrals Bronze ForEach failed,2026-08-24T12:53:42.369Z,2026-08-24T13:42:52.652Z,2950,2026-08-24T13:42:52.652Z,HGT,Hagerstown,8f1806c1-b1f2-4ac5-b25b-086fec51b8fb,SAMMS-Hagerstown
202608241333251226,202608241253387611,202608241253386616,88,5664,P1 Reference Preadmission Referral Source Bronze - HNT,br_samms_preadmission_referral_source,TASK_COMPLETE,FAILED,ERROR,0,0,1,SavePreAdminReferrals Bronze ForEach failed,2026-08-24T12:53:42.369Z,2026-08-24T13:42:52.652Z,2950,2026-08-24T13:42:52.652Z,HNT,Huntsville,8f1806c1-b1f2-4ac5-b25b-086fec51b8fb,SAMMS-Huntsville
202608201425194919,202608201258108286,202608201258108173,46,8813,P1 Finance Bills Bronze - VMIN,br_samms_bills,TASK_COMPLETE,SUCCESS,INFO,6909,6909,0,,2026-08-20T12:58:15.698Z,2026-08-20T14:28:34.201Z,5419,2026-08-20T14:28:34.201Z,VMIN,Minneapolis,5f0dd8ad-486e-4238-8933-2b89499a6e18,SAMMS-MinneapolisV6
202608201425194922,202608201258108287,202608201258108173,46,8814,P1 Finance Bills Bronze - VWBY,br_samms_bills,TASK_COMPLETE,SUCCESS,INFO,26852,26852,0,,2026-08-20T12:58:15.698Z,2026-08-20T14:28:34.201Z,5419,2026-08-20T14:28:34.201Z,VWBY,Woodbury,5f0dd8ad-486e-4238-8933-2b89499a6e18,SAMMS-WoodburyV6
202608201425194924,202608201258108288,202608201258108173,46,8815,P1 Finance Bills Bronze - WIL,br_samms_bills,TASK_COMPLETE,SUCCESS,INFO,2956,2956,0,,2026-08-20T12:58:15.698Z,2026-08-20T14:28:34.201Z,5419,2026-08-20T14:28:34.201Z,WIL,Wilson,5f0dd8ad-486e-4238-8933-2b89499a6e18,SAMMS-Wilson
202608201425195025,202608201258208174,202608201258208173,47,8816,P1 Finance Bills Silver,tbl_Bills,TASK_COMPLETE,SUCCESS,INFO,1001658,46775,0,,2026-08-20T12:58:15.698Z,2026-08-20T14:28:34.201Z,5419,2026-08-20T14:28:34.201Z,,,5f0dd8ad-486e-4238-8933-2b89499a6e18,
202608201425194934,202608201258108982,202608201258108173,46,9527,P1 Finance Claim Line Item Bronze - AHK,br_samms_claim_line_item,TASK_COMPLETE,SUCCESS,INFO,13609,13609,0,,2026-08-20T12:58:15.698Z,2026-08-20T14:28:34.201Z,5419,2026-08-20T14:28:34.201Z,AHK,Ahoskie,5f0dd8ad-486e-4238-8933-2b89499a6e18,SAMMS-Ahoskie
202608201425194935,202608201258108983,202608201258108173,46,9528,P1 Finance Claim Line Item Bronze - B12B,br_samms_claim_line_item,TASK_COMPLETE,SUCCESS,INFO,233663,233663,0,,2026-08-20T12:58:15.698Z,2026-08-20T14:28:34.201Z,5419,2026-08-20T14:28:34.201Z,B12B,ColoradoSprings,5f0dd8ad-486e-4238-8933-2b89499a6e18,SAMMS-ColoradoSpringsV5
202608201425194937,202608201258108984,202608201258108173,46,9529,P1 Finance Claim Line Item Bronze - B24,br_samms_claim_line_item,TASK_COMPLETE,SUCCESS,INFO,162369,162369,0,,2026-08-20T12:58:15.698Z,2026-08-20T14:28:34.201Z,5419,2026-08-20T14:28:34.201Z,B24,Paintsville,5f0dd8ad-486e-4238-8933-2b89499a6e18,SAMMS-PaintsvilleV5
202608201425194938,202608201258108985,202608201258108173,46,9530,P1 Finance Claim Line Item Bronze - B25,br_samms_claim_line_item,TASK_COMPLETE,SUCCESS,INFO,137003,137003,0,,2026-08-20T12:58:15.698Z,2026-08-20T14:28:34.201Z,5419,2026-08-20T14:28:34.201Z,B25,Pikeville,5f0dd8ad-486e-4238-8933-2b89499a6e18,SAMMS-PikevilleV5
202608201425194939,202608201258108986,202608201258108173,46,9531,P1 Finance Claim Line Item Bronze - B26,br_samms_claim_line_item,TASK_COMPLETE,SUCCESS,INFO,320971,320971,0,,2026-08-20T12:58:15.698Z,2026-08-20T14:28:34.201Z,5419,2026-08-20T14:28:34.201Z,B26,Hazard,5f0dd8ad-486e-4238-8933-2b89499a6e18,SAMMS-HazardV5
202608201425194940,202608201258108987,202608201258108173,46,9532,P1 Finance Claim Line Item Bronze - B27,br_samms_claim_line_item,TASK_COMPLETE,SUCCESS,INFO,144040,144040,0,,2026-08-20T12:58:15.698Z,2026-08-20T14:28:34.201Z,5419,2026-08-20T14:28:34.201Z,B27,Savannah,5f0dd8ad-486e-4238-8933-2b89499a6e18,SAMMS-SavannahV6
202608201425194942,202608201258108988,202608201258108173,46,9533,P1 Finance Claim Line Item Bronze - B28,br_samms_claim_line_item,TASK_COMPLETE,SUCCESS,INFO,199029,199029,0,,2026-08-20T12:58:15.698Z,2026-08-20T14:28:34.201Z,5419,2026-08-20T14:28:34.201Z,B28,WestPlaines,5f0dd8ad-486e-4238-8933-2b89499a6e18,SAMMS-WestPlainesV5
202608201425194943,202608201258108989,202608201258108173,46,9534,P1 Finance Claim Line Item Bronze - B29,br_samms_claim_line_item,TASK_COMPLETE,SUCCESS,INFO,296069,296069,0,,2026-08-20T12:58:15.698Z,2026-08-20T14:28:34.201Z,5419,2026-08-20T14:28:34.201Z,B29,PoplarBluff,5f0dd8ad-486e-4238-8933-2b89499a6e18,SAMMS-PoplarBluffV5
202608201425194944,202608201258108990,202608201258108173,46,9535,P1 Finance Claim Line Item Bronze - B30,br_samms_claim_line_item,TASK_COMPLETE,SUCCESS,INFO,32715,32715,0,,2026-08-20T12:58:15.698Z,2026-08-20T14:28:34.201Z,5419,2026-08-20T14:28:34.201Z,B30,KCN,5f0dd8ad-486e-4238-8933-2b89499a6e18,SAMMS-KCNv5
202608201425194945,202608201258108991,202608201258108173,46,9536,P1 Finance Claim Line Item Bronze - B31,br_samms_claim_line_item,TASK_COMPLETE,SUCCESS,INFO,685158,685158,0,,2026-08-20T12:58:15.698Z,2026-08-20T14:28:34.201Z,5419,2026-08-20T14:28:34.201Z,B31,Dyersburg,5f0dd8ad-486e-4238-8933-2b89499a6e18,SAMMS-DyersburgV5
202608201425194947,202608201258108992,202608201258108173,46,9537,P1 Finance Claim Line Item Bronze - B33,br_samms_claim_line_item,TASK_COMPLETE,SUCCESS,INFO,135068,135068,0,,2026-08-20T12:58:15.698Z,2026-08-20T14:28:34.201Z,5419,2026-08-20T14:28:34.201Z,B33,Paducah,5f0dd8ad-486e-4238-8933-2b89499a6e18,SAMMS-Paducah
202608201425194948,202608201258108993,202608201258108173,46,9538,P1 Finance Claim Line Item Bronze - B34,br_samms_claim_line_item,TASK_COMPLETE,SUCCESS,INFO,173298,173298,0,,2026-08-20T12:58:15.698Z,2026-08-20T14:28:34.201Z,5419,2026-08-20T14:28:34.201Z,B34,Corbin,5f0dd8ad-486e-4238-8933-2b89499a6e18,SAMMS-CorbinV5
202608201425194949,202608201258108994,202608201258108173,46,9539,P1 Finance Claim Line Item Bronze - B35,br_samms_claim_line_item,TASK_COMPLETE,SUCCESS,INFO,369061,369061,0,,2026-08-20T12:58:15.698Z,2026-08-20T14:28:34.201Z,5419,2026-08-20T14:28:34.201Z,B35,Lexington,5f0dd8ad-486e-4238-8933-2b89499a6e18,SAMMS-LexingtonV5
202608201425194950,202608201258108995,202608201258108173,46,9540,P1 Finance Claim Line Item Bronze - B35A,br_samms_claim_line_item,TASK_COMPLETE,SUCCESS,INFO,89939,89939,0,,2026-08-20T12:58:15.698Z,2026-08-20T14:28:34.201Z,5419,2026-08-20T14:28:34.201Z,B35A,Berea,5f0dd8ad-486e-4238-8933-2b89499a6e18,SAMMS-BereaV5
202608201425194952,202608201258108996,202608201258108173,46,9541,P1 Finance Claim Line Item Bronze - B36,br_samms_claim_line_item,TASK_COMPLETE,SUCCESS,INFO,367113,367113,0,,2026-08-20T12:58:15.698Z,2026-08-20T14:28:34.201Z,5419,2026-08-20T14:28:34.201Z,B36,Asheville,5f0dd8ad-486e-4238-8933-2b89499a6e18,SAMMS-AshevilleV5
202608201425194953,202608201258108997,202608201258108173,46,9542,P1 Finance Claim Line Item Bronze - B37,br_samms_claim_line_item,TASK_COMPLETE,SUCCESS,INFO,188467,188467,0,,2026-08-20T12:58:15.698Z,2026-08-20T14:28:34.201Z,5419,2026-08-20T14:28:34.201Z,B37,Clyde,5f0dd8ad-486e-4238-8933-2b89499a6e18,SAMMS-ClydeV5
202608201425194954,202608201258108998,202608201258108173,46,9543,P1 Finance Claim Line Item Bronze - B38,br_samms_claim_line_item,TASK_COMPLETE,SUCCESS,INFO,104884,104884,0,,2026-08-20T12:58:15.698Z,2026-08-20T14:28:34.201Z,5419,2026-08-20T14:28:34.201Z,B38,Spartanburg,5f0dd8ad-486e-4238-8933-2b89499a6e18,SAMMS-SpartanburgV5
202608201425194956,202608201258108999,202608201258108173,46,9544,P1 Finance Claim Line Item Bronze - B39,br_samms_claim_line_item,TASK_COMPLETE,SUCCESS,INFO,55129,55129,0,,2026-08-20T12:58:15.698Z,2026-08-20T14:28:34.201Z,5419,2026-08-20T14:28:34.201Z,B39,Aiken,5f0dd8ad-486e-4238-8933-2b89499a6e18,SAMMS-AikenV5
202608241448406722,202608241408172591,202608241408171802,88,5452,P1 Reference Custom Questions Bronze - TTCC,br_samms_custom_questions,TASK_COMPLETE,FAILED,ERROR,0,0,1,SaveCustomQuestions Bronze ForEach failed,2026-08-24T14:08:21.733Z,2026-08-24T15:03:37.584Z,3316,2026-08-24T15:03:37.584Z,TTCC,GrandBay,6c7532c9-dcb1-40a3-beaa-690039713dec,SAMMS-GrandBay
202608241448406724,202608241408172592,202608241408171802,88,5453,P1 Reference Custom Questions Bronze - TU,br_samms_custom_questions,TASK_COMPLETE,FAILED,ERROR,0,0,1,SaveCustomQuestions Bronze ForEach failed,2026-08-24T14:08:21.733Z,2026-08-24T15:03:37.584Z,3316,2026-08-24T15:03:37.584Z,TU,Tucson,6c7532c9-dcb1-40a3-beaa-690039713dec,SAMMS-Tucson
202608241448406726,202608241408172593,202608241408171802,88,5454,P1 Reference Custom Questions Bronze - V1,br_samms_custom_questions,TASK_COMPLETE,FAILED,ERROR,0,0,1,SaveCustomQuestions Bronze ForEach failed,2026-08-24T14:08:21.733Z,2026-08-24T15:03:37.584Z,3316,2026-08-24T15:03:37.584Z,V1,VCPHCS-I-Memphis,6c7532c9-dcb1-40a3-beaa-690039713dec,SAMMS-VCPHCS-I-MemphisV5
202608241448406728,202608241408172594,202608241408171802,88,5455,P1 Reference Custom Questions Bronze - V10,br_samms_custom_questions,TASK_COMPLETE,FAILED,ERROR,0,0,1,SaveCustomQuestions Bronze ForEach failed,2026-08-24T14:08:21.733Z,2026-08-24T15:03:37.584Z,3316,2026-08-24T15:03:37.584Z,V10,Boulder,6c7532c9-dcb1-40a3-beaa-690039713dec,SAMMS-BoulderV5
202608241448406729,202608241408172595,202608241408171802,88,5456,P1 Reference Custom Questions Bronze - V10A,br_samms_custom_questions,TASK_COMPLETE,FAILED,ERROR,0,0,1,SaveCustomQuestions Bronze ForEach failed,2026-08-24T14:08:21.733Z,2026-08-24T15:03:37.584Z,3316,2026-08-24T15:03:37.584Z,V10A,FortCollins,6c7532c9-dcb1-40a3-beaa-690039713dec,SAMMS-FortCollinsV5
202608241448406731,202608241408172596,202608241408171802,88,5457,P1 Reference Custom Questions Bronze - V11,br_samms_custom_questions,TASK_COMPLETE,FAILED,ERROR,0,0,1,SaveCustomQuestions Bronze ForEach failed,2026-08-24T14:08:21.733Z,2026-08-24T15:03:37.584Z,3316,2026-08-24T15:03:37.584Z,V11,VCPHCS-XI-NorthDenver,6c7532c9-dcb1-40a3-beaa-690039713dec,SAMMS-VCPHCS-XI-NorthDenverV5
202608241448406733,202608241408172597,202608241408171802,88,5458,P1 Reference Custom Questions Bronze - V12,br_samms_custom_questions,TASK_COMPLETE,FAILED,ERROR,0,0,1,SaveCustomQuestions Bronze ForEach failed,2026-08-24T14:08:21.733Z,2026-08-24T15:03:37.584Z,3316,2026-08-24T15:03:37.584Z,V12,VCPHCS-XII-DowntownDenver,6c7532c9-dcb1-40a3-beaa-690039713dec,SAMMS-VCPHCS-XII-DowntownDenverV5
202608241448406735,202608241408172598,202608241408171802,88,5459,P1 Reference Custom Questions Bronze - V12A,br_samms_custom_questions,TASK_COMPLETE,FAILED,ERROR,0,0,1,SaveCustomQuestions Bronze ForEach failed,2026-08-24T14:08:21.733Z,2026-08-24T15:03:37.584Z,3316,2026-08-24T15:03:37.584Z,V12A,Centennial,6c7532c9-dcb1-40a3-beaa-690039713dec,SAMMS-CentennialV5
202608241448406737,202608241408172599,202608241408171802,88,5460,P1 Reference Custom Questions Bronze - V14,br_samms_custom_questions,TASK_COMPLETE,FAILED,ERROR,0,0,1,SaveCustomQuestions Bronze ForEach failed,2026-08-24T14:08:21.733Z,2026-08-24T15:03:37.584Z,3316,2026-08-24T15:03:37.584Z,V14,VCPHCS-XIV-Bridgeway,6c7532c9-dcb1-40a3-beaa-690039713dec,SAMMS-VCPHCS-XIV-BridgewayV5
202608241448406739,202608241408172600,202608241408171802,88,5461,P1 Reference Custom Questions Bronze - V15,br_samms_custom_questions,TASK_COMPLETE,FAILED,ERROR,0,0,1,SaveCustomQuestions Bronze ForEach failed,2026-08-24T14:08:21.733Z,2026-08-24T15:03:37.584Z,3316,2026-08-24T15:03:37.584Z,V15,Joplin,6c7532c9-dcb1-40a3-beaa-690039713dec,SAMMS-JoplinV5
202608241448406741,202608241408172601,202608241408171802,88,5462,P1 Reference Custom Questions Bronze - V17,br_samms_custom_questions,TASK_COMPLETE,FAILED,ERROR,0,0,1,SaveCustomQuestions Bronze ForEach failed,2026-08-24T14:08:21.733Z,2026-08-24T15:03:37.584Z,3316,2026-08-24T15:03:37.584Z,V17,ColumbiaTN,6c7532c9-dcb1-40a3-beaa-690039713dec,SAMMS-ColumbiaTNv5
202608241448406743,202608241408172602,202608241408171802,88,5463,P1 Reference Custom Questions Bronze - V19,br_samms_custom_questions,TASK_COMPLETE,FAILED,ERROR,0,0,1,SaveCustomQuestions Bronze ForEach failed,2026-08-24T14:08:21.733Z,2026-08-24T15:03:37.584Z,3316,2026-08-24T15:03:37.584Z,V19,Jackson,6c7532c9-dcb1-40a3-beaa-690039713dec,SAMMS-JacksonV5
202608241448406745,202608241408172603,202608241408171802,88,5464,P1 Reference Custom Questions Bronze - V20,br_samms_custom_questions,TASK_COMPLETE,FAILED,ERROR,0,0,1,SaveCustomQuestions Bronze ForEach failed,2026-08-24T14:08:21.733Z,2026-08-24T15:03:37.584Z,3316,2026-08-24T15:03:37.584Z,V20,Paris,6c7532c9-dcb1-40a3-beaa-690039713dec,SAMMS-ParisV5
202608241448406747,202608241408172604,202608241408171802,88,5465,P1 Reference Custom Questions Bronze - V21,br_samms_custom_questions,TASK_COMPLETE,FAILED,ERROR,0,0,1,SaveCustomQuestions Bronze ForEach failed,2026-08-24T14:08:21.733Z,2026-08-24T15:03:37.584Z,3316,2026-08-24T15:03:37.584Z,V21,Raleigh,6c7532c9-dcb1-40a3-beaa-690039713dec,SAMMS-RaleighV5
202608201425195617,202608201258109601,202608201258108173,46,10158,P1 Finance Client Demo 1 Bronze - B75,br_samms_client_demo1,TASK_COMPLETE,SUCCESS,INFO,1390,1390,0,,2026-08-20T12:58:15.698Z,2026-08-20T14:28:34.201Z,5419,2026-08-20T14:28:34.201Z,B75,Lawrence,5f0dd8ad-486e-4238-8933-2b89499a6e18,SAMMS-LawrenceV6
202608201425195619,202608201258109602,202608201258108173,46,10159,P1 Finance Client Demo 1 Bronze - B76,br_samms_client_demo1,TASK_COMPLETE,SUCCESS,INFO,268,268,0,,2026-08-20T12:58:15.698Z,2026-08-20T14:28:34.201Z,5419,2026-08-20T14:28:34.201Z,B76,Huntsville-OBOT,5f0dd8ad-486e-4238-8933-2b89499a6e18,SAMMS-Huntsville-OBOT
202608201425195620,202608201258109603,202608201258108173,46,10160,P1 Finance Client Demo 1 Bronze - BAT,br_samms_client_demo1,TASK_COMPLETE,SUCCESS,INFO,536,536,0,,2026-08-20T12:58:15.698Z,2026-08-20T14:28:34.201Z,5419,2026-08-20T14:28:34.201Z,BAT,Batesville,5f0dd8ad-486e-4238-8933-2b89499a6e18,SAMMS-Batesville
202608201425195622,202608201258109604,202608201258108173,46,10161,P1 Finance Client Demo 1 Bronze - BG,br_samms_client_demo1,TASK_COMPLETE,SUCCESS,INFO,1899,1899,0,,2026-08-20T12:58:15.698Z,2026-08-20T14:28:34.201Z,5419,2026-08-20T14:28:34.201Z,BG,BowlingGreen,5f0dd8ad-486e-4238-8933-2b89499a6e18,SAMMS-BowlingGreen
202608201425195624,202608201258109605,202608201258108173,46,10162,P1 Finance Client Demo 1 Bronze - BOI,br_samms_client_demo1,TASK_COMPLETE,SUCCESS,INFO,834,834,0,,2026-08-20T12:58:15.698Z,2026-08-20T14:28:34.201Z,5419,2026-08-20T14:28:34.201Z,BOI,Boise,5f0dd8ad-486e-4238-8933-2b89499a6e18,SAMMS-Boise
202608201425195625,202608201258109606,202608201258108173,46,10163,P1 Finance Client Demo 1 Bronze - CBCO,br_samms_client_demo1,TASK_COMPLETE,SUCCESS,INFO,413,413,0,,2026-08-20T12:58:15.698Z,2026-08-20T14:28:34.201Z,5419,2026-08-20T14:28:34.201Z,CBCO,CoeurdAlene,5f0dd8ad-486e-4238-8933-2b89499a6e18,SAMMS-CoeurdAleneV6
202608201425195627,202608201258109607,202608201258108173,46,10164,P1 Finance Client Demo 1 Bronze - CON,br_samms_client_demo1,TASK_COMPLETE,SUCCESS,INFO,676,676,0,,2026-08-20T12:58:15.698Z,2026-08-20T14:28:34.201Z,5419,2026-08-20T14:28:34.201Z,CON,Conway,5f0dd8ad-486e-4238-8933-2b89499a6e18,SAMMS-Conway
202608201425195628,202608201258109608,202608201258108173,46,10165,P1 Finance Client Demo 1 Bronze - D07,br_samms_client_demo1,TASK_COMPLETE,SUCCESS,INFO,5856,5856,0,,2026-08-20T12:58:15.698Z,2026-08-20T14:28:34.201Z,5419,2026-08-20T14:28:34.201Z,D07,Knoxville,5f0dd8ad-486e-4238-8933-2b89499a6e18,SAMMS-KnoxvilleV6
202608201425195630,202608201258109609,202608201258108173,46,10166,P1 Finance Client Demo 1 Bronze - D08,br_samms_client_demo1,TASK_COMPLETE,SUCCESS,INFO,1072,1072,0,,2026-08-20T12:58:15.698Z,2026-08-20T14:28:34.201Z,5419,2026-08-20T14:28:34.201Z,D08,Madison,5f0dd8ad-486e-4238-8933-2b89499a6e18,SAMMS-MadisonV6
202608201425195632,202608201258109610,202608201258108173,46,10167,P1 Finance Client Demo 1 Bronze - D09,br_samms_client_demo1,TASK_COMPLETE,SUCCESS,INFO,1105,1105,0,,2026-08-20T12:58:15.698Z,2026-08-20T14:28:34.201Z,5419,2026-08-20T14:28:34.201Z,D09,Murfreesboro,5f0dd8ad-486e-4238-8933-2b89499a6e18,SAMMS-MurfreesboroV6
202608201425195634,202608201258109611,202608201258108173,46,10168,P1 Finance Client Demo 1 Bronze - DA,br_samms_client_demo1,TASK_COMPLETE,SUCCESS,INFO,1622,1622,0,,2026-08-20T12:58:15.698Z,2026-08-20T14:28:34.201Z,5419,2026-08-20T14:28:34.201Z,DA,Davenport,5f0dd8ad-486e-4238-8933-2b89499a6e18,SAMMS-Davenport
202608201425195635,202608201258109612,202608201258108173,46,10169,P1 Finance Client Demo 1 Bronze - DM,br_samms_client_demo1,TASK_COMPLETE,SUCCESS,INFO,3373,3373,0,,2026-08-20T12:58:15.698Z,2026-08-20T14:28:34.201Z,5419,2026-08-20T14:28:34.201Z,DM,DesMoines,5f0dd8ad-486e-4238-8933-2b89499a6e18,SAMMS-DesMoines
202608201425195637,202608201258109613,202608201258108173,46,10170,P1 Finance Client Demo 1 Bronze - DRD-CO,br_samms_client_demo1,TASK_COMPLETE,SUCCESS,INFO,2722,2722,0,,2026-08-20T12:58:15.698Z,2026-08-20T14:28:34.201Z,5419,2026-08-20T14:28:34.201Z,DRD-CO,Columbia,5f0dd8ad-486e-4238-8933-2b89499a6e18,SAMMS-ColumbiaV5
202608201425195639,202608201258109614,202608201258108173,46,10171,P1 Finance Client Demo 1 Bronze - DRD-KC,br_samms_client_demo1,TASK_COMPLETE,SUCCESS,INFO,4228,4228,0,,2026-08-20T12:58:15.698Z,2026-08-20T14:28:34.201Z,5419,2026-08-20T14:28:34.201Z,DRD-KC,KC,5f0dd8ad-486e-4238-8933-2b89499a6e18,SAMMS-KCv5
202608201425195640,202608201258109615,202608201258108173,46,10172,P1 Finance Client Demo 1 Bronze - DRD-KVB,br_samms_client_demo1,TASK_COMPLETE,SUCCESS,INFO,14087,14087,0,,2026-08-20T12:58:15.698Z,2026-08-20T14:28:34.201Z,5419,2026-08-20T14:28:34.201Z,DRD-KVB,KVB,5f0dd8ad-486e-4238-8933-2b89499a6e18,SAMMS-KVBv5
202608201425195642,202608201258109616,202608201258108173,46,10173,P1 Finance Client Demo 1 Bronze - DRD-KVC,br_samms_client_demo1,TASK_COMPLETE,SUCCESS,INFO,12360,12360,0,,2026-08-20T12:58:15.698Z,2026-08-20T14:28:34.201Z,5419,2026-08-20T14:28:34.201Z,DRD-KVC,KVC,5f0dd8ad-486e-4238-8933-2b89499a6e18,SAMMS-KVCv5
202608201425195644,202608201258109617,202608201258108173,46,10174,P1 Finance Client Demo 1 Bronze - DRD-NOLA,br_samms_client_demo1,TASK_COMPLETE,SUCCESS,INFO,10646,10646,0,,2026-08-20T12:58:15.698Z,2026-08-20T14:28:34.201Z,5419,2026-08-20T14:28:34.201Z,DRD-NOLA,NOLA,5f0dd8ad-486e-4238-8933-2b89499a6e18,SAMMS-NOLAv5
202608201425195646,202608201258109618,202608201258108173,46,10175,P1 Finance Client Demo 1 Bronze - DRD-SF,br_samms_client_demo1,TASK_COMPLETE,SUCCESS,INFO,5772,5772,0,,2026-08-20T12:58:15.698Z,2026-08-20T14:28:34.201Z,5419,2026-08-20T14:28:34.201Z,DRD-SF,SF,5f0dd8ad-486e-4238-8933-2b89499a6e18,SAMMS-SFv5
202608201425195647,202608201258109619,202608201258108173,46,10176,P1 Finance Client Demo 1 Bronze - ELC,br_samms_client_demo1,TASK_COMPLETE,SUCCESS,INFO,1248,1248,0,,2026-08-20T12:58:15.698Z,2026-08-20T14:28:34.201Z,5419,2026-08-20T14:28:34.201Z,ELC,ElizabethCity,5f0dd8ad-486e-4238-8933-2b89499a6e18,SAMMS-ElizabethCity
202608201425195649,202608201258109620,202608201258108173,46,10177,P1 Finance Client Demo 1 Bronze - ET,br_samms_client_demo1,TASK_COMPLETE,SUCCESS,INFO,2625,2625,0,,2026-08-20T12:58:15.698Z,2026-08-20T14:28:34.201Z,5419,2026-08-20T14:28:34.201Z,ET,Elizabethtown,5f0dd8ad-486e-4238-8933-2b89499a6e18,SAMMS-Elizabethtown
202608201425195651,202608201258109621,202608201258108173,46,10178,P1 Finance Client Demo 1 Bronze - FAY,br_samms_client_demo1,TASK_COMPLETE,SUCCESS,INFO,636,636,0,,2026-08-20T12:58:15.698Z,2026-08-20T14:28:34.201Z,5419,2026-08-20T14:28:34.201Z,FAY,Fayetteville,5f0dd8ad-486e-4238-8933-2b89499a6e18,SAMMS-Fayetteville
202608201425195652,202608201258109622,202608201258108173,46,10179,P1 Finance Client Demo 1 Bronze - FR,br_samms_client_demo1,TASK_COMPLETE,SUCCESS,INFO,1865,1865,0,,2026-08-20T12:58:15.698Z,2026-08-20T14:28:34.201Z,5419,2026-08-20T14:28:34.201Z,FR,Frankfort,5f0dd8ad-486e-4238-8933-2b89499a6e18,SAMMS-Frankfort
202608241333250861,202608241253387405,202608241253386616,88,5452,P1 Reference Custom Questions Bronze - TTCC,br_samms_custom_questions,TASK_COMPLETE,FAILED,ERROR,0,0,1,SaveCustomQuestions Bronze ForEach failed,2026-08-24T12:53:42.369Z,2026-08-24T13:42:52.652Z,2950,2026-08-24T13:42:52.652Z,TTCC,GrandBay,8f1806c1-b1f2-4ac5-b25b-086fec51b8fb,SAMMS-GrandBay
202608241333250863,202608241253387406,202608241253386616,88,5453,P1 Reference Custom Questions Bronze - TU,br_samms_custom_questions,TASK_COMPLETE,FAILED,ERROR,0,0,1,SaveCustomQuestions Bronze ForEach failed,2026-08-24T12:53:42.369Z,2026-08-24T13:42:52.652Z,2950,2026-08-24T13:42:52.652Z,TU,Tucson,8f1806c1-b1f2-4ac5-b25b-086fec51b8fb,SAMMS-Tucson
202608241333250865,202608241253387407,202608241253386616,88,5454,P1 Reference Custom Questions Bronze - V1,br_samms_custom_questions,TASK_COMPLETE,FAILED,ERROR,0,0,1,SaveCustomQuestions Bronze ForEach failed,2026-08-24T12:53:42.369Z,2026-08-24T13:42:52.652Z,2950,2026-08-24T13:42:52.652Z,V1,VCPHCS-I-Memphis,8f1806c1-b1f2-4ac5-b25b-086fec51b8fb,SAMMS-VCPHCS-I-MemphisV5
202608241333250866,202608241253387408,202608241253386616,88,5455,P1 Reference Custom Questions Bronze - V10,br_samms_custom_questions,TASK_COMPLETE,FAILED,ERROR,0,0,1,SaveCustomQuestions Bronze ForEach failed,2026-08-24T12:53:42.369Z,2026-08-24T13:42:52.652Z,2950,2026-08-24T13:42:52.652Z,V10,Boulder,8f1806c1-b1f2-4ac5-b25b-086fec51b8fb,SAMMS-BoulderV5
202608241333250868,202608241253387409,202608241253386616,88,5456,P1 Reference Custom Questions Bronze - V10A,br_samms_custom_questions,TASK_COMPLETE,FAILED,ERROR,0,0,1,SaveCustomQuestions Bronze ForEach failed,2026-08-24T12:53:42.369Z,2026-08-24T13:42:52.652Z,2950,2026-08-24T13:42:52.652Z,V10A,FortCollins,8f1806c1-b1f2-4ac5-b25b-086fec51b8fb,SAMMS-FortCollinsV5
202608241333250870,202608241253387410,202608241253386616,88,5457,P1 Reference Custom Questions Bronze - V11,br_samms_custom_questions,TASK_COMPLETE,FAILED,ERROR,0,0,1,SaveCustomQuestions Bronze ForEach failed,2026-08-24T12:53:42.369Z,2026-08-24T13:42:52.652Z,2950,2026-08-24T13:42:52.652Z,V11,VCPHCS-XI-NorthDenver,8f1806c1-b1f2-4ac5-b25b-086fec51b8fb,SAMMS-VCPHCS-XI-NorthDenverV5
202608241333250872,202608241253387411,202608241253386616,88,5458,P1 Reference Custom Questions Bronze - V12,br_samms_custom_questions,TASK_COMPLETE,FAILED,ERROR,0,0,1,SaveCustomQuestions Bronze ForEach failed,2026-08-24T12:53:42.369Z,2026-08-24T13:42:52.652Z,2950,2026-08-24T13:42:52.652Z,V12,VCPHCS-XII-DowntownDenver,8f1806c1-b1f2-4ac5-b25b-086fec51b8fb,SAMMS-VCPHCS-XII-DowntownDenverV5
202608241333250874,202608241253387412,202608241253386616,88,5459,P1 Reference Custom Questions Bronze - V12A,br_samms_custom_questions,TASK_COMPLETE,FAILED,ERROR,0,0,1,SaveCustomQuestions Bronze ForEach failed,2026-08-24T12:53:42.369Z,2026-08-24T13:42:52.652Z,2950,2026-08-24T13:42:52.652Z,V12A,Centennial,8f1806c1-b1f2-4ac5-b25b-086fec51b8fb,SAMMS-CentennialV5
202608241333250876,202608241253387413,202608241253386616,88,5460,P1 Reference Custom Questions Bronze - V14,br_samms_custom_questions,TASK_COMPLETE,FAILED,ERROR,0,0,1,SaveCustomQuestions Bronze ForEach failed,2026-08-24T12:53:42.369Z,2026-08-24T13:42:52.652Z,2950,2026-08-24T13:42:52.652Z,V14,VCPHCS-XIV-Bridgeway,8f1806c1-b1f2-4ac5-b25b-086fec51b8fb,SAMMS-VCPHCS-XIV-BridgewayV5
202608241333250878,202608241253387414,202608241253386616,88,5461,P1 Reference Custom Questions Bronze - V15,br_samms_custom_questions,TASK_COMPLETE,FAILED,ERROR,0,0,1,SaveCustomQuestions Bronze ForEach failed,2026-08-24T12:53:42.369Z,2026-08-24T13:42:52.652Z,2950,2026-08-24T13:42:52.652Z,V15,Joplin,8f1806c1-b1f2-4ac5-b25b-086fec51b8fb,SAMMS-JoplinV5
202608241333250880,202608241253387415,202608241253386616,88,5462,P1 Reference Custom Questions Bronze - V17,br_samms_custom_questions,TASK_COMPLETE,FAILED,ERROR,0,0,1,SaveCustomQuestions Bronze ForEach failed,2026-08-24T12:53:42.369Z,2026-08-24T13:42:52.652Z,2950,2026-08-24T13:42:52.652Z,V17,ColumbiaTN,8f1806c1-b1f2-4ac5-b25b-086fec51b8fb,SAMMS-ColumbiaTNv5
202608241333250882,202608241253387416,202608241253386616,88,5463,P1 Reference Custom Questions Bronze - V19,br_samms_custom_questions,TASK_COMPLETE,FAILED,ERROR,0,0,1,SaveCustomQuestions Bronze ForEach failed,2026-08-24T12:53:42.369Z,2026-08-24T13:42:52.652Z,2950,2026-08-24T13:42:52.652Z,V19,Jackson,8f1806c1-b1f2-4ac5-b25b-086fec51b8fb,SAMMS-JacksonV5
202608241333250883,202608241253387417,202608241253386616,88,5464,P1 Reference Custom Questions Bronze - V20,br_samms_custom_questions,TASK_COMPLETE,FAILED,ERROR,0,0,1,SaveCustomQuestions Bronze ForEach failed,2026-08-24T12:53:42.369Z,2026-08-24T13:42:52.652Z,2950,2026-08-24T13:42:52.652Z,V20,Paris,8f1806c1-b1f2-4ac5-b25b-086fec51b8fb,SAMMS-ParisV5
202608241333250885,202608241253387418,202608241253386616,88,5465,P1 Reference Custom Questions Bronze - V21,br_samms_custom_questions,TASK_COMPLETE,FAILED,ERROR,0,0,1,SaveCustomQuestions Bronze ForEach failed,2026-08-24T12:53:42.369Z,2026-08-24T13:42:52.652Z,2950,2026-08-24T13:42:52.652Z,V21,Raleigh,8f1806c1-b1f2-4ac5-b25b-086fec51b8fb,SAMMS-RaleighV5
202608221320321825,202608221237332627,202608221237331665,88,5631,P1 Reference Preadmission Referral Source Bronze - B57A,br_samms_preadmission_referral_source,TASK_COMPLETE,SUCCESS,INFO,118,118,0,,2026-08-22T12:37:36.805Z,2026-08-22T13:23:02.807Z,2726,2026-08-22T13:23:02.807Z,B57A,Johnston,63818914-9c2b-4ff6-ac1c-35595835ab93,SAMMS-Johnston
202608221320321826,202608221237332628,202608221237331665,88,5632,P1 Reference Preadmission Referral Source Bronze - B57B,br_samms_preadmission_referral_source,TASK_COMPLETE,SUCCESS,INFO,74,74,0,,2026-08-22T12:37:36.805Z,2026-08-22T13:23:02.807Z,2726,2026-08-22T13:23:02.807Z,B57B,Middletown,63818914-9c2b-4ff6-ac1c-35595835ab93,SAMMS-Middletown
202608221320321828,202608221237332629,202608221237331665,88,5633,P1 Reference Preadmission Referral Source Bronze - B57C,br_samms_preadmission_referral_source,TASK_COMPLETE,SUCCESS,INFO,134,134,0,,2026-08-22T12:37:36.805Z,2026-08-22T13:23:02.807Z,2726,2026-08-22T13:23:02.807Z,B57C,Providence,63818914-9c2b-4ff6-ac1c-35595835ab93,SAMMS-Providence
202608221320321829,202608221237332630,202608221237331665,88,5634,P1 Reference Preadmission Referral Source Bronze - B57D,br_samms_preadmission_referral_source,TASK_COMPLETE,SUCCESS,INFO,175,175,0,,2026-08-22T12:37:36.805Z,2026-08-22T13:23:02.807Z,2726,2026-08-22T13:23:02.807Z,B57D,Westerly,63818914-9c2b-4ff6-ac1c-35595835ab93,SAMMS-Westerly
202608221320321831,202608221237332631,202608221237331665,88,5635,P1 Reference Preadmission Referral Source Bronze - B66A,br_samms_preadmission_referral_source,TASK_COMPLETE,SUCCESS,INFO,220,220,0,,2026-08-22T12:37:36.805Z,2026-08-22T13:23:02.807Z,2726,2026-08-22T13:23:02.807Z,B66A,Bremen,63818914-9c2b-4ff6-ac1c-35595835ab93,SAMMS-Bremen
202608221320321833,202608221237332632,202608221237331665,88,5636,P1 Reference Preadmission Referral Source Bronze - B72,br_samms_preadmission_referral_source,TASK_COMPLETE,SUCCESS,INFO,407,407,0,,2026-08-22T12:37:36.805Z,2026-08-22T13:23:02.807Z,2726,2026-08-22T13:23:02.807Z,B72,Mobile-OBOT,63818914-9c2b-4ff6-ac1c-35595835ab93,SAMMS-Mobile-OBOT
202608221320321834,202608221237332633,202608221237331665,88,5637,P1 Reference Preadmission Referral Source Bronze - B73,br_samms_preadmission_referral_source,TASK_COMPLETE,SUCCESS,INFO,216,216,0,,2026-08-22T12:37:36.805Z,2026-08-22T13:23:02.807Z,2726,2026-08-22T13:23:02.807Z,B73,Montgomery,63818914-9c2b-4ff6-ac1c-35595835ab93,SAMMS-Montgomery
202608221320321836,202608221237332634,202608221237331665,88,5638,P1 Reference Preadmission Referral Source Bronze - B75,br_samms_preadmission_referral_source,TASK_COMPLETE,SUCCESS,INFO,225,225,0,,2026-08-22T12:37:36.805Z,2026-08-22T13:23:02.807Z,2726,2026-08-22T13:23:02.807Z,B75,Lawrence,63818914-9c2b-4ff6-ac1c-35595835ab93,SAMMS-LawrenceV6
202608221320321837,202608221237332635,202608221237331665,88,5639,P1 Reference Preadmission Referral Source Bronze - B76,br_samms_preadmission_referral_source,TASK_COMPLETE,SUCCESS,INFO,261,261,0,,2026-08-22T12:37:36.805Z,2026-08-22T13:23:02.807Z,2726,2026-08-22T13:23:02.807Z,B76,Huntsville-OBOT,63818914-9c2b-4ff6-ac1c-35595835ab93,SAMMS-Huntsville-OBOT
202608221320321839,202608221237332636,202608221237331665,88,5640,P1 Reference Preadmission Referral Source Bronze - BAT,br_samms_preadmission_referral_source,TASK_COMPLETE,SUCCESS,INFO,242,242,0,,2026-08-22T12:37:36.805Z,2026-08-22T13:23:02.807Z,2726,2026-08-22T13:23:02.807Z,BAT,Batesville,63818914-9c2b-4ff6-ac1c-35595835ab93,SAMMS-Batesville
202608221320321841,202608221237332637,202608221237331665,88,5641,P1 Reference Preadmission Referral Source Bronze - BG,br_samms_preadmission_referral_source,TASK_COMPLETE,SUCCESS,INFO,413,413,0,,2026-08-22T12:37:36.805Z,2026-08-22T13:23:02.807Z,2726,2026-08-22T13:23:02.807Z,BG,BowlingGreen,63818914-9c2b-4ff6-ac1c-35595835ab93,SAMMS-BowlingGreen
202608221320321842,202608221237332638,202608221237331665,88,5642,P1 Reference Preadmission Referral Source Bronze - BOI,br_samms_preadmission_referral_source,TASK_COMPLETE,SUCCESS,INFO,177,177,0,,2026-08-22T12:37:36.805Z,2026-08-22T13:23:02.807Z,2726,2026-08-22T13:23:02.807Z,BOI,Boise,63818914-9c2b-4ff6-ac1c-35595835ab93,SAMMS-Boise
202608221320321844,202608221237332639,202608221237331665,88,5643,P1 Reference Preadmission Referral Source Bronze - CBCO,br_samms_preadmission_referral_source,TASK_COMPLETE,SUCCESS,INFO,173,173,0,,2026-08-22T12:37:36.805Z,2026-08-22T13:23:02.807Z,2726,2026-08-22T13:23:02.807Z,CBCO,CoeurdAlene,63818914-9c2b-4ff6-ac1c-35595835ab93,SAMMS-CoeurdAleneV6
202608221320321846,202608221237332640,202608221237331665,88,5644,P1 Reference Preadmission Referral Source Bronze - CON,br_samms_preadmission_referral_source,TASK_COMPLETE,SUCCESS,INFO,302,302,0,,2026-08-22T12:37:36.805Z,2026-08-22T13:23:02.807Z,2726,2026-08-22T13:23:02.807Z,CON,Conway,63818914-9c2b-4ff6-ac1c-35595835ab93,SAMMS-Conway
202608221320321847,202608221237332641,202608221237331665,88,5645,P1 Reference Preadmission Referral Source Bronze - D07,br_samms_preadmission_referral_source,TASK_COMPLETE,SUCCESS,INFO,499,499,0,,2026-08-22T12:37:36.805Z,2026-08-22T13:23:02.807Z,2726,2026-08-22T13:23:02.807Z,D07,Knoxville,63818914-9c2b-4ff6-ac1c-35595835ab93,SAMMS-KnoxvilleV6
202608221320321849,202608221237332642,202608221237331665,88,5646,P1 Reference Preadmission Referral Source Bronze - D08,br_samms_preadmission_referral_source,TASK_COMPLETE,SUCCESS,INFO,458,458,0,,2026-08-22T12:37:36.805Z,2026-08-22T13:23:02.807Z,2726,2026-08-22T13:23:02.807Z,D08,Madison,63818914-9c2b-4ff6-ac1c-35595835ab93,SAMMS-MadisonV6
202608201425196870,202608201258109493,202608201258108173,46,10047,P1 Finance Diag10 Bronze - D07,br_samms_tbldiag10,TASK_COMPLETE,SUCCESS,INFO,4408,4408,0,,2026-08-20T12:58:15.698Z,2026-08-20T14:28:34.201Z,5419,2026-08-20T14:28:34.201Z,D07,Knoxville,5f0dd8ad-486e-4238-8933-2b89499a6e18,SAMMS-KnoxvilleV6
202608201425196872,202608201258109494,202608201258108173,46,10048,P1 Finance Diag10 Bronze - D08,br_samms_tbldiag10,TASK_COMPLETE,SUCCESS,INFO,1964,1964,0,,2026-08-20T12:58:15.698Z,2026-08-20T14:28:34.201Z,5419,2026-08-20T14:28:34.201Z,D08,Madison,5f0dd8ad-486e-4238-8933-2b89499a6e18,SAMMS-MadisonV6
202608201425196874,202608201258109495,202608201258108173,46,10049,P1 Finance Diag10 Bronze - D09,br_samms_tbldiag10,TASK_COMPLETE,SUCCESS,INFO,1649,1649,0,,2026-08-20T12:58:15.698Z,2026-08-20T14:28:34.201Z,5419,2026-08-20T14:28:34.201Z,D09,Murfreesboro,5f0dd8ad-486e-4238-8933-2b89499a6e18,SAMMS-MurfreesboroV6
202608201425196875,202608201258109496,202608201258108173,46,10050,P1 Finance Diag10 Bronze - DA,br_samms_tbldiag10,TASK_COMPLETE,SUCCESS,INFO,712,712,0,,2026-08-20T12:58:15.698Z,2026-08-20T14:28:34.201Z,5419,2026-08-20T14:28:34.201Z,DA,Davenport,5f0dd8ad-486e-4238-8933-2b89499a6e18,SAMMS-Davenport
202608201425196877,202608201258109497,202608201258108173,46,10051,P1 Finance Diag10 Bronze - DM,br_samms_tbldiag10,TASK_COMPLETE,SUCCESS,INFO,980,980,0,,2026-08-20T12:58:15.698Z,2026-08-20T14:28:34.201Z,5419,2026-08-20T14:28:34.201Z,DM,DesMoines,5f0dd8ad-486e-4238-8933-2b89499a6e18,SAMMS-DesMoines
202608201425196879,202608201258109498,202608201258108173,46,10052,P1 Finance Diag10 Bronze - DRD-CO,br_samms_tbldiag10,TASK_COMPLETE,SUCCESS,INFO,1042,1042,0,,2026-08-20T12:58:15.698Z,2026-08-20T14:28:34.201Z,5419,2026-08-20T14:28:34.201Z,DRD-CO,Columbia,5f0dd8ad-486e-4238-8933-2b89499a6e18,SAMMS-ColumbiaV5
202608201425196880,202608201258109499,202608201258108173,46,10053,P1 Finance Diag10 Bronze - DRD-KC,br_samms_tbldiag10,TASK_COMPLETE,SUCCESS,INFO,1069,1069,0,,2026-08-20T12:58:15.698Z,2026-08-20T14:28:34.201Z,5419,2026-08-20T14:28:34.201Z,DRD-KC,KC,5f0dd8ad-486e-4238-8933-2b89499a6e18,SAMMS-KCv5
202608201425196882,202608201258109500,202608201258108173,46,10054,P1 Finance Diag10 Bronze - DRD-KVB,br_samms_tbldiag10,TASK_COMPLETE,SUCCESS,INFO,2523,2523,0,,2026-08-20T12:58:15.698Z,2026-08-20T14:28:34.201Z,5419,2026-08-20T14:28:34.201Z,DRD-KVB,KVB,5f0dd8ad-486e-4238-8933-2b89499a6e18,SAMMS-KVBv5
202608201425196884,202608201258109501,202608201258108173,46,10055,P1 Finance Diag10 Bronze - DRD-KVC,br_samms_tbldiag10,TASK_COMPLETE,SUCCESS,INFO,3918,3918,0,,2026-08-20T12:58:15.698Z,2026-08-20T14:28:34.201Z,5419,2026-08-20T14:28:34.201Z,DRD-KVC,KVC,5f0dd8ad-486e-4238-8933-2b89499a6e18,SAMMS-KVCv5
202608201425196885,202608201258109502,202608201258108173,46,10056,P1 Finance Diag10 Bronze - DRD-NOLA,br_samms_tbldiag10,TASK_COMPLETE,SUCCESS,INFO,2229,2229,0,,2026-08-20T12:58:15.698Z,2026-08-20T14:28:34.201Z,5419,2026-08-20T14:28:34.201Z,DRD-NOLA,NOLA,5f0dd8ad-486e-4238-8933-2b89499a6e18,SAMMS-NOLAv5
202608201425196887,202608201258109503,202608201258108173,46,10057,P1 Finance Diag10 Bronze - DRD-SF,br_samms_tbldiag10,TASK_COMPLETE,SUCCESS,INFO,926,926,0,,2026-08-20T12:58:15.698Z,2026-08-20T14:28:34.201Z,5419,2026-08-20T14:28:34.201Z,DRD-SF,SF,5f0dd8ad-486e-4238-8933-2b89499a6e18,SAMMS-SFv5
202608201425196889,202608201258109504,202608201258108173,46,10058,P1 Finance Diag10 Bronze - ELC,br_samms_tbldiag10,TASK_COMPLETE,SUCCESS,INFO,737,737,0,,2026-08-20T12:58:15.698Z,2026-08-20T14:28:34.201Z,5419,2026-08-20T14:28:34.201Z,ELC,ElizabethCity,5f0dd8ad-486e-4238-8933-2b89499a6e18,SAMMS-ElizabethCity
202608201425196891,202608201258109505,202608201258108173,46,10059,P1 Finance Diag10 Bronze - ET,br_samms_tbldiag10,TASK_COMPLETE,SUCCESS,INFO,1149,1149,0,,2026-08-20T12:58:15.698Z,2026-08-20T14:28:34.201Z,5419,2026-08-20T14:28:34.201Z,ET,Elizabethtown,5f0dd8ad-486e-4238-8933-2b89499a6e18,SAMMS-Elizabethtown
202608201425196892,202608201258109506,202608201258108173,46,10060,P1 Finance Diag10 Bronze - FAY,br_samms_tbldiag10,TASK_COMPLETE,SUCCESS,INFO,809,809,0,,2026-08-20T12:58:15.698Z,2026-08-20T14:28:34.201Z,5419,2026-08-20T14:28:34.201Z,FAY,Fayetteville,5f0dd8ad-486e-4238-8933-2b89499a6e18,SAMMS-Fayetteville
202608201425196894,202608201258109507,202608201258108173,46,10061,P1 Finance Diag10 Bronze - FR,br_samms_tbldiag10,TASK_COMPLETE,SUCCESS,INFO,952,952,0,,2026-08-20T12:58:15.698Z,2026-08-20T14:28:34.201Z,5419,2026-08-20T14:28:34.201Z,FR,Frankfort,5f0dd8ad-486e-4238-8933-2b89499a6e18,SAMMS-Frankfort
202608201425196896,202608201258109508,202608201258108173,46,10062,P1 Finance Diag10 Bronze - FS,br_samms_tbldiag10,TASK_COMPLETE,SUCCESS,INFO,790,790,0,,2026-08-20T12:58:15.698Z,2026-08-20T14:28:34.201Z,5419,2026-08-20T14:28:34.201Z,FS,FortSmith,5f0dd8ad-486e-4238-8933-2b89499a6e18,SAMMS-FortSmith
202608201425196897,202608201258109509,202608201258108173,46,10063,P1 Finance Diag10 Bronze - FW,br_samms_tbldiag10,TASK_COMPLETE,SUCCESS,INFO,1650,1650,0,,2026-08-20T12:58:15.698Z,2026-08-20T14:28:34.201Z,5419,2026-08-20T14:28:34.201Z,FW,FortWayne,5f0dd8ad-486e-4238-8933-2b89499a6e18,SAMMS-FortWayne
202608201425196899,202608201258109510,202608201258108173,46,10064,P1 Finance Diag10 Bronze - GAL,br_samms_tbldiag10,TASK_COMPLETE,SUCCESS,INFO,445,445,0,,2026-08-20T12:58:15.698Z,2026-08-20T14:28:34.201Z,5419,2026-08-20T14:28:34.201Z,GAL,Gaylord,5f0dd8ad-486e-4238-8933-2b89499a6e18,SAMMS-Gaylord
202608201425196901,202608201258109511,202608201258108173,46,10065,P1 Finance Diag10 Bronze - HGT,br_samms_tbldiag10,TASK_COMPLETE,SUCCESS,INFO,53907,53907,0,,2026-08-20T12:58:15.698Z,2026-08-20T14:28:34.201Z,5419,2026-08-20T14:28:34.201Z,HGT,Hagerstown,5f0dd8ad-486e-4238-8933-2b89499a6e18,SAMMS-Hagerstown
202608201425196903,202608201258109512,202608201258108173,46,10066,P1 Finance Diag10 Bronze - HNT,br_samms_tbldiag10,TASK_COMPLETE,SUCCESS,INFO,3371,3371,0,,2026-08-20T12:58:15.698Z,2026-08-20T14:28:34.201Z,5419,2026-08-20T14:28:34.201Z,HNT,Huntsville,5f0dd8ad-486e-4238-8933-2b89499a6e18,SAMMS-Huntsville
202608201425196905,202608201258109513,202608201258108173,46,10067,P1 Finance Diag10 Bronze - HS,br_samms_tbldiag10,TASK_COMPLETE,SUCCESS,INFO,896,896,0,,2026-08-20T12:58:15.698Z,2026-08-20T14:28:34.201Z,5419,2026-08-20T14:28:34.201Z,HS,HotSprings,5f0dd8ad-486e-4238-8933-2b89499a6e18,SAMMS-HotSprings
202608201425196906,202608201258109514,202608201258108173,46,10068,P1 Finance Diag10 Bronze - JON,br_samms_tbldiag10,TASK_COMPLETE,SUCCESS,INFO,685,685,0,,2026-08-20T12:58:15.698Z,2026-08-20T14:28:34.201Z,5419,2026-08-20T14:28:34.201Z,JON,Jonesboro,5f0dd8ad-486e-4238-8933-2b89499a6e18,SAMMS-Jonesboro
202608241333251031,202608241253387154,202608241253386616,88,5197,P1 Reference Dropdown List Items Bronze - LV1,br_samms_dropdown_list_items,TASK_COMPLETE,FAILED,ERROR,0,0,1,SavedropDownListItems Bronze ForEach failed,2026-08-24T12:53:42.369Z,2026-08-24T13:42:52.652Z,2950,2026-08-24T13:42:52.652Z,LV1,Cheyenne,8f1806c1-b1f2-4ac5-b25b-086fec51b8fb,SAMMS-Cheyenne
202608241333251033,202608241253387155,202608241253386616,88,5198,P1 Reference Dropdown List Items Bronze - LV2,br_samms_dropdown_list_items,TASK_COMPLETE,FAILED,ERROR,0,0,1,SavedropDownListItems Bronze ForEach failed,2026-08-24T12:53:42.369Z,2026-08-24T13:42:52.652Z,2950,2026-08-24T13:42:52.652Z,LV2,DesertInn,8f1806c1-b1f2-4ac5-b25b-086fec51b8fb,SAMMS-DesertInn
202608241333251035,202608241253387156,202608241253386616,88,5199,P1 Reference Dropdown List Items Bronze - LV3,br_samms_dropdown_list_items,TASK_COMPLETE,FAILED,ERROR,0,0,1,SavedropDownListItems Bronze ForEach failed,2026-08-24T12:53:42.369Z,2026-08-24T13:42:52.652Z,2950,2026-08-24T13:42:52.652Z,LV3,McDaniel,8f1806c1-b1f2-4ac5-b25b-086fec51b8fb,SAMMS-McDaniel
202608241333251037,202608241253387157,202608241253386616,88,5200,P1 Reference Dropdown List Items Bronze - MNRE,br_samms_dropdown_list_items,TASK_COMPLETE,FAILED,ERROR,0,0,1,SavedropDownListItems Bronze ForEach failed,2026-08-24T12:53:42.369Z,2026-08-24T13:42:52.652Z,2950,2026-08-24T13:42:52.652Z,MNRE,Monroe,8f1806c1-b1f2-4ac5-b25b-086fec51b8fb,SAMMS-Monroe
202608241333251039,202608241253387158,202608241253386616,88,5201,P1 Reference Dropdown List Items Bronze - MP,br_samms_dropdown_list_items,TASK_COMPLETE,FAILED,ERROR,0,0,1,SavedropDownListItems Bronze ForEach failed,2026-08-24T12:53:42.369Z,2026-08-24T13:42:52.652Z,2950,2026-08-24T13:42:52.652Z,MP,MtPleasant,8f1806c1-b1f2-4ac5-b25b-086fec51b8fb,SAMMS-MtPleasant
202608241333251041,202608241253387159,202608241253386616,88,5202,P1 Reference Dropdown List Items Bronze - MRD,br_samms_dropdown_list_items,TASK_COMPLETE,FAILED,ERROR,0,0,1,SavedropDownListItems Bronze ForEach failed,2026-08-24T12:53:42.369Z,2026-08-24T13:42:52.652Z,2950,2026-08-24T13:42:52.652Z,MRD,Meridian,8f1806c1-b1f2-4ac5-b25b-086fec51b8fb,SAMMS-Meridian
202608241333251043,202608241253387160,202608241253386616,88,5203,P1 Reference Dropdown List Items Bronze - NC,br_samms_dropdown_list_items,TASK_COMPLETE,FAILED,ERROR,0,0,1,SavedropDownListItems Bronze ForEach failed,2026-08-24T12:53:42.369Z,2026-08-24T13:42:52.652Z,2950,2026-08-24T13:42:52.652Z,NC,NorthCharleston,8f1806c1-b1f2-4ac5-b25b-086fec51b8fb,SAMMS-NorthCharleston
202608241333251045,202608241253387161,202608241253386616,88,5204,P1 Reference Dropdown List Items Bronze - NLR,br_samms_dropdown_list_items,TASK_COMPLETE,FAILED,ERROR,0,0,1,SavedropDownListItems Bronze ForEach failed,2026-08-24T12:53:42.369Z,2026-08-24T13:42:52.652Z,2950,2026-08-24T13:42:52.652Z,NLR,NLROBOT,8f1806c1-b1f2-4ac5-b25b-086fec51b8fb,SAMMS-NLROBOT
202608241333251047,202608241253387162,202608241253386616,88,5205,P1 Reference Dropdown List Items Bronze - PH,br_samms_dropdown_list_items,TASK_COMPLETE,FAILED,ERROR,0,0,1,SavedropDownListItems Bronze ForEach failed,2026-08-24T12:53:42.369Z,2026-08-24T13:42:52.652Z,2950,2026-08-24T13:42:52.652Z,PH,Phoenix,8f1806c1-b1f2-4ac5-b25b-086fec51b8fb,SAMMS-Phoenix
202608241333251049,202608241253387163,202608241253386616,88,5206,P1 Reference Dropdown List Items Bronze - RE,br_samms_dropdown_list_items,TASK_COMPLETE,FAILED,ERROR,0,0,1,SavedropDownListItems Bronze ForEach failed,2026-08-24T12:53:42.369Z,2026-08-24T13:42:52.652Z,2950,2026-08-24T13:42:52.652Z,RE,Reno,8f1806c1-b1f2-4ac5-b25b-086fec51b8fb,SAMMS-Reno
202608241333251051,202608241253387164,202608241253386616,88,5207,P1 Reference Dropdown List Items Bronze - RMD,br_samms_dropdown_list_items,TASK_COMPLETE,FAILED,ERROR,0,0,1,SavedropDownListItems Bronze ForEach failed,2026-08-24T12:53:42.369Z,2026-08-24T13:42:52.652Z,2950,2026-08-24T13:42:52.652Z,RMD,Richmond,8f1806c1-b1f2-4ac5-b25b-086fec51b8fb,SAMMS-Richmond
202608241333251053,202608241253387165,202608241253386616,88,5208,P1 Reference Dropdown List Items Bronze - SFN,br_samms_dropdown_list_items,TASK_COMPLETE,FAILED,ERROR,0,0,1,SavedropDownListItems Bronze ForEach failed,2026-08-24T12:53:42.369Z,2026-08-24T13:42:52.652Z,2950,2026-08-24T13:42:52.652Z,SFN,SFN,8f1806c1-b1f2-4ac5-b25b-086fec51b8fb,SAMMS-SFNv5
202608241333251055,202608241253387166,202608241253386616,88,5209,P1 Reference Dropdown List Items Bronze - SHP,br_samms_dropdown_list_items,TASK_COMPLETE,FAILED,ERROR,0,0,1,SavedropDownListItems Bronze ForEach failed,2026-08-24T12:53:42.369Z,2026-08-24T13:42:52.652Z,2950,2026-08-24T13:42:52.652Z,SHP,Shreveport,8f1806c1-b1f2-4ac5-b25b-086fec51b8fb,SAMMS-Shreveport
202608241333251057,202608241253387167,202608241253386616,88,5210,P1 Reference Dropdown List Items Bronze - STN,br_samms_dropdown_list_items,TASK_COMPLETE,FAILED,ERROR,0,0,1,SavedropDownListItems Bronze ForEach failed,2026-08-24T12:53:42.369Z,2026-08-24T13:42:52.652Z,2950,2026-08-24T13:42:52.652Z,STN,Staunton,8f1806c1-b1f2-4ac5-b25b-086fec51b8fb,SAMMS-Staunton
202608201425195415,202608201258109262,202608201258108173,46,9811,P1 Finance Claims Bronze - D07,br_samms_claims,TASK_COMPLETE,SUCCESS,INFO,74611,74611,0,,2026-08-20T12:58:15.698Z,2026-08-20T14:28:34.201Z,5419,2026-08-20T14:28:34.201Z,D07,Knoxville,5f0dd8ad-486e-4238-8933-2b89499a6e18,SAMMS-KnoxvilleV6
202608201425195417,202608201258109263,202608201258108173,46,9812,P1 Finance Claims Bronze - D08,br_samms_claims,TASK_COMPLETE,SUCCESS,INFO,22629,22629,0,,2026-08-20T12:58:15.698Z,2026-08-20T14:28:34.201Z,5419,2026-08-20T14:28:34.201Z,D08,Madison,5f0dd8ad-486e-4238-8933-2b89499a6e18,SAMMS-MadisonV6
202608201425195419,202608201258109264,202608201258108173,46,9813,P1 Finance Claims Bronze - D09,br_samms_claims,TASK_COMPLETE,SUCCESS,INFO,28177,28177,0,,2026-08-20T12:58:15.698Z,2026-08-20T14:28:34.201Z,5419,2026-08-20T14:28:34.201Z,D09,Murfreesboro,5f0dd8ad-486e-4238-8933-2b89499a6e18,SAMMS-MurfreesboroV6
202608201425195421,202608201258109265,202608201258108173,46,9814,P1 Finance Claims Bronze - DA,br_samms_claims,TASK_COMPLETE,SUCCESS,INFO,21354,21354,0,,2026-08-20T12:58:15.698Z,2026-08-20T14:28:34.201Z,5419,2026-08-20T14:28:34.201Z,DA,Davenport,5f0dd8ad-486e-4238-8933-2b89499a6e18,SAMMS-Davenport
202608201425195422,202608201258109266,202608201258108173,46,9815,P1 Finance Claims Bronze - DM,br_samms_claims,TASK_COMPLETE,SUCCESS,INFO,21793,21793,0,,2026-08-20T12:58:15.698Z,2026-08-20T14:28:34.201Z,5419,2026-08-20T14:28:34.201Z,DM,DesMoines,5f0dd8ad-486e-4238-8933-2b89499a6e18,SAMMS-DesMoines
202608201425195424,202608201258109267,202608201258108173,46,9816,P1 Finance Claims Bronze - DRD-CO,br_samms_claims,TASK_COMPLETE,SUCCESS,INFO,68351,68351,0,,2026-08-20T12:58:15.698Z,2026-08-20T14:28:34.201Z,5419,2026-08-20T14:28:34.201Z,DRD-CO,Columbia,5f0dd8ad-486e-4238-8933-2b89499a6e18,SAMMS-ColumbiaV5
202608201425195425,202608201258109268,202608201258108173,46,9817,P1 Finance Claims Bronze - DRD-KC,br_samms_claims,TASK_COMPLETE,SUCCESS,INFO,81220,81220,0,,2026-08-20T12:58:15.698Z,2026-08-20T14:28:34.201Z,5419,2026-08-20T14:28:34.201Z,DRD-KC,KC,5f0dd8ad-486e-4238-8933-2b89499a6e18,SAMMS-KCv5
202608201425195427,202608201258109269,202608201258108173,46,9818,P1 Finance Claims Bronze - DRD-KVB,br_samms_claims,TASK_COMPLETE,SUCCESS,INFO,220107,220107,0,,2026-08-20T12:58:15.698Z,2026-08-20T14:28:34.201Z,5419,2026-08-20T14:28:34.201Z,DRD-KVB,KVB,5f0dd8ad-486e-4238-8933-2b89499a6e18,SAMMS-KVBv5
202608201425195429,202608201258109270,202608201258108173,46,9819,P1 Finance Claims Bronze - DRD-KVC,br_samms_claims,TASK_COMPLETE,SUCCESS,INFO,230728,230728,0,,2026-08-20T12:58:15.698Z,2026-08-20T14:28:34.201Z,5419,2026-08-20T14:28:34.201Z,DRD-KVC,KVC,5f0dd8ad-486e-4238-8933-2b89499a6e18,SAMMS-KVCv5
202608201425195431,202608201258109271,202608201258108173,46,9820,P1 Finance Claims Bronze - DRD-NOLA,br_samms_claims,TASK_COMPLETE,SUCCESS,INFO,376896,376896,0,,2026-08-20T12:58:15.698Z,2026-08-20T14:28:34.201Z,5419,2026-08-20T14:28:34.201Z,DRD-NOLA,NOLA,5f0dd8ad-486e-4238-8933-2b89499a6e18,SAMMS-NOLAv5
202608201425195432,202608201258109272,202608201258108173,46,9821,P1 Finance Claims Bronze - DRD-SF,br_samms_claims,TASK_COMPLETE,SUCCESS,INFO,97737,97737,0,,2026-08-20T12:58:15.698Z,2026-08-20T14:28:34.201Z,5419,2026-08-20T14:28:34.201Z,DRD-SF,SF,5f0dd8ad-486e-4238-8933-2b89499a6e18,SAMMS-SFv5
202608201425195434,202608201258109273,202608201258108173,46,9822,P1 Finance Claims Bronze - ELC,br_samms_claims,TASK_COMPLETE,SUCCESS,INFO,32430,32430,0,,2026-08-20T12:58:15.698Z,2026-08-20T14:28:34.201Z,5419,2026-08-20T14:28:34.201Z,ELC,ElizabethCity,5f0dd8ad-486e-4238-8933-2b89499a6e18,SAMMS-ElizabethCity
202608201425195436,202608201258109274,202608201258108173,46,9823,P1 Finance Claims Bronze - ET,br_samms_claims,TASK_COMPLETE,SUCCESS,INFO,39266,39266,0,,2026-08-20T12:58:15.698Z,2026-08-20T14:28:34.201Z,5419,2026-08-20T14:28:34.201Z,ET,Elizabethtown,5f0dd8ad-486e-4238-8933-2b89499a6e18,SAMMS-Elizabethtown
202608201425195438,202608201258109275,202608201258108173,46,9824,P1 Finance Claims Bronze - FAY,br_samms_claims,TASK_COMPLETE,SUCCESS,INFO,19386,19386,0,,2026-08-20T12:58:15.698Z,2026-08-20T14:28:34.201Z,5419,2026-08-20T14:28:34.201Z,FAY,Fayetteville,5f0dd8ad-486e-4238-8933-2b89499a6e18,SAMMS-Fayetteville
202608201425195440,202608201258109276,202608201258108173,46,9825,P1 Finance Claims Bronze - FR,br_samms_claims,TASK_COMPLETE,SUCCESS,INFO,39232,39232,0,,2026-08-20T12:58:15.698Z,2026-08-20T14:28:34.201Z,5419,2026-08-20T14:28:34.201Z,FR,Frankfort,5f0dd8ad-486e-4238-8933-2b89499a6e18,SAMMS-Frankfort
202608201425195442,202608201258109277,202608201258108173,46,9826,P1 Finance Claims Bronze - FS,br_samms_claims,TASK_COMPLETE,SUCCESS,INFO,17695,17695,0,,2026-08-20T12:58:15.698Z,2026-08-20T14:28:34.201Z,5419,2026-08-20T14:28:34.201Z,FS,FortSmith,5f0dd8ad-486e-4238-8933-2b89499a6e18,SAMMS-FortSmith
202608201425195444,202608201258109278,202608201258108173,46,9827,P1 Finance Claims Bronze - FW,br_samms_claims,TASK_COMPLETE,SUCCESS,INFO,66643,66643,0,,2026-08-20T12:58:15.698Z,2026-08-20T14:28:34.201Z,5419,2026-08-20T14:28:34.201Z,FW,FortWayne,5f0dd8ad-486e-4238-8933-2b89499a6e18,SAMMS-FortWayne
202608201425195445,202608201258109279,202608201258108173,46,9828,P1 Finance Claims Bronze - GAL,br_samms_claims,TASK_COMPLETE,SUCCESS,INFO,47041,47041,0,,2026-08-20T12:58:15.698Z,2026-08-20T14:28:34.201Z,5419,2026-08-20T14:28:34.201Z,GAL,Gaylord,5f0dd8ad-486e-4238-8933-2b89499a6e18,SAMMS-Gaylord
202608201425195447,202608201258109280,202608201258108173,46,9829,P1 Finance Claims Bronze - HGT,br_samms_claims,TASK_COMPLETE,SUCCESS,INFO,193455,193455,0,,2026-08-20T12:58:15.698Z,2026-08-20T14:28:34.201Z,5419,2026-08-20T14:28:34.201Z,HGT,Hagerstown,5f0dd8ad-486e-4238-8933-2b89499a6e18,SAMMS-Hagerstown
202608201425195449,202608201258109281,202608201258108173,46,9830,P1 Finance Claims Bronze - HNT,br_samms_claims,TASK_COMPLETE,SUCCESS,INFO,73042,73042,0,,2026-08-20T12:58:15.698Z,2026-08-20T14:28:34.201Z,5419,2026-08-20T14:28:34.201Z,HNT,Huntsville,5f0dd8ad-486e-4238-8933-2b89499a6e18,SAMMS-Huntsville
202608201425195451,202608201258109282,202608201258108173,46,9831,P1 Finance Claims Bronze - HS,br_samms_claims,TASK_COMPLETE,SUCCESS,INFO,20977,20977,0,,2026-08-20T12:58:15.698Z,2026-08-20T14:28:34.201Z,5419,2026-08-20T14:28:34.201Z,HS,HotSprings,5f0dd8ad-486e-4238-8933-2b89499a6e18,SAMMS-HotSprings
202608201425195454,202608201258109283,202608201258108173,46,9832,P1 Finance Claims Bronze - JON,br_samms_claims,TASK_COMPLETE,SUCCESS,INFO,16323,16323,0,,2026-08-20T12:58:15.698Z,2026-08-20T14:28:34.201Z,5419,2026-08-20T14:28:34.201Z,JON,Jonesboro,5f0dd8ad-486e-4238-8933-2b89499a6e18,SAMMS-Jonesboro
202608241448406881,202608241408172340,202608241408171802,88,5197,P1 Reference Dropdown List Items Bronze - LV1,br_samms_dropdown_list_items,TASK_COMPLETE,FAILED,ERROR,0,0,1,SavedropDownListItems Bronze ForEach failed,2026-08-24T14:08:21.733Z,2026-08-24T15:03:37.584Z,3316,2026-08-24T15:03:37.584Z,LV1,Cheyenne,6c7532c9-dcb1-40a3-beaa-690039713dec,SAMMS-Cheyenne
202608241448406882,202608241408172341,202608241408171802,88,5198,P1 Reference Dropdown List Items Bronze - LV2,br_samms_dropdown_list_items,TASK_COMPLETE,FAILED,ERROR,0,0,1,SavedropDownListItems Bronze ForEach failed,2026-08-24T14:08:21.733Z,2026-08-24T15:03:37.584Z,3316,2026-08-24T15:03:37.584Z,LV2,DesertInn,6c7532c9-dcb1-40a3-beaa-690039713dec,SAMMS-DesertInn
202608241448406884,202608241408172342,202608241408171802,88,5199,P1 Reference Dropdown List Items Bronze - LV3,br_samms_dropdown_list_items,TASK_COMPLETE,FAILED,ERROR,0,0,1,SavedropDownListItems Bronze ForEach failed,2026-08-24T14:08:21.733Z,2026-08-24T15:03:37.584Z,3316,2026-08-24T15:03:37.584Z,LV3,McDaniel,6c7532c9-dcb1-40a3-beaa-690039713dec,SAMMS-McDaniel
202608241448406886,202608241408172343,202608241408171802,88,5200,P1 Reference Dropdown List Items Bronze - MNRE,br_samms_dropdown_list_items,TASK_COMPLETE,FAILED,ERROR,0,0,1,SavedropDownListItems Bronze ForEach failed,2026-08-24T14:08:21.733Z,2026-08-24T15:03:37.584Z,3316,2026-08-24T15:03:37.584Z,MNRE,Monroe,6c7532c9-dcb1-40a3-beaa-690039713dec,SAMMS-Monroe
202608241448406888,202608241408172344,202608241408171802,88,5201,P1 Reference Dropdown List Items Bronze - MP,br_samms_dropdown_list_items,TASK_COMPLETE,FAILED,ERROR,0,0,1,SavedropDownListItems Bronze ForEach failed,2026-08-24T14:08:21.733Z,2026-08-24T15:03:37.584Z,3316,2026-08-24T15:03:37.584Z,MP,MtPleasant,6c7532c9-dcb1-40a3-beaa-690039713dec,SAMMS-MtPleasant
202608241448406890,202608241408172345,202608241408171802,88,5202,P1 Reference Dropdown List Items Bronze - MRD,br_samms_dropdown_list_items,TASK_COMPLETE,FAILED,ERROR,0,0,1,SavedropDownListItems Bronze ForEach failed,2026-08-24T14:08:21.733Z,2026-08-24T15:03:37.584Z,3316,2026-08-24T15:03:37.584Z,MRD,Meridian,6c7532c9-dcb1-40a3-beaa-690039713dec,SAMMS-Meridian
202608241448406891,202608241408172346,202608241408171802,88,5203,P1 Reference Dropdown List Items Bronze - NC,br_samms_dropdown_list_items,TASK_COMPLETE,FAILED,ERROR,0,0,1,SavedropDownListItems Bronze ForEach failed,2026-08-24T14:08:21.733Z,2026-08-24T15:03:37.584Z,3316,2026-08-24T15:03:37.584Z,NC,NorthCharleston,6c7532c9-dcb1-40a3-beaa-690039713dec,SAMMS-NorthCharleston
202608241448406893,202608241408172347,202608241408171802,88,5204,P1 Reference Dropdown List Items Bronze - NLR,br_samms_dropdown_list_items,TASK_COMPLETE,FAILED,ERROR,0,0,1,SavedropDownListItems Bronze ForEach failed,2026-08-24T14:08:21.733Z,2026-08-24T15:03:37.584Z,3316,2026-08-24T15:03:37.584Z,NLR,NLROBOT,6c7532c9-dcb1-40a3-beaa-690039713dec,SAMMS-NLROBOT
202608241448406895,202608241408172348,202608241408171802,88,5205,P1 Reference Dropdown List Items Bronze - PH,br_samms_dropdown_list_items,TASK_COMPLETE,FAILED,ERROR,0,0,1,SavedropDownListItems Bronze ForEach failed,2026-08-24T14:08:21.733Z,2026-08-24T15:03:37.584Z,3316,2026-08-24T15:03:37.584Z,PH,Phoenix,6c7532c9-dcb1-40a3-beaa-690039713dec,SAMMS-Phoenix
202608241448406897,202608241408172349,202608241408171802,88,5206,P1 Reference Dropdown List Items Bronze - RE,br_samms_dropdown_list_items,TASK_COMPLETE,FAILED,ERROR,0,0,1,SavedropDownListItems Bronze ForEach failed,2026-08-24T14:08:21.733Z,2026-08-24T15:03:37.584Z,3316,2026-08-24T15:03:37.584Z,RE,Reno,6c7532c9-dcb1-40a3-beaa-690039713dec,SAMMS-Reno
202608241448406898,202608241408172350,202608241408171802,88,5207,P1 Reference Dropdown List Items Bronze - RMD,br_samms_dropdown_list_items,TASK_COMPLETE,FAILED,ERROR,0,0,1,SavedropDownListItems Bronze ForEach failed,2026-08-24T14:08:21.733Z,2026-08-24T15:03:37.584Z,3316,2026-08-24T15:03:37.584Z,RMD,Richmond,6c7532c9-dcb1-40a3-beaa-690039713dec,SAMMS-Richmond
202608241448406900,202608241408172351,202608241408171802,88,5208,P1 Reference Dropdown List Items Bronze - SFN,br_samms_dropdown_list_items,TASK_COMPLETE,FAILED,ERROR,0,0,1,SavedropDownListItems Bronze ForEach failed,2026-08-24T14:08:21.733Z,2026-08-24T15:03:37.584Z,3316,2026-08-24T15:03:37.584Z,SFN,SFN,6c7532c9-dcb1-40a3-beaa-690039713dec,SAMMS-SFNv5
202608241448406902,202608241408172352,202608241408171802,88,5209,P1 Reference Dropdown List Items Bronze - SHP,br_samms_dropdown_list_items,TASK_COMPLETE,FAILED,ERROR,0,0,1,SavedropDownListItems Bronze ForEach failed,2026-08-24T14:08:21.733Z,2026-08-24T15:03:37.584Z,3316,2026-08-24T15:03:37.584Z,SHP,Shreveport,6c7532c9-dcb1-40a3-beaa-690039713dec,SAMMS-Shreveport
202608241448406904,202608241408172353,202608241408171802,88,5210,P1 Reference Dropdown List Items Bronze - STN,br_samms_dropdown_list_items,TASK_COMPLETE,FAILED,ERROR,0,0,1,SavedropDownListItems Bronze ForEach failed,2026-08-24T14:08:21.733Z,2026-08-24T15:03:37.584Z,3316,2026-08-24T15:03:37.584Z,STN,Staunton,6c7532c9-dcb1-40a3-beaa-690039713dec,SAMMS-Staunton
202608241333251346,202608241253387451,202608241253386616,88,5501,P1 Reference PreAdmission V6 Bronze - B42C,br_samms_pre_admission_v6,TASK_COMPLETE,FAILED,ERROR,0,0,1,SavePreAdmissionV6 Bronze ForEach failed,2026-08-24T12:53:42.369Z,2026-08-24T13:42:52.652Z,2950,2026-08-24T13:42:52.652Z,B42C,GlenAllen,8f1806c1-b1f2-4ac5-b25b-086fec51b8fb,SAMMS-GlenAllenV5
202608241333251347,202608241253387452,202608241253386616,88,5502,P1 Reference PreAdmission V6 Bronze - B42D,br_samms_pre_admission_v6,TASK_COMPLETE,FAILED,ERROR,0,0,1,SavePreAdmissionV6 Bronze ForEach failed,2026-08-24T12:53:42.369Z,2026-08-24T13:42:52.652Z,2950,2026-08-24T13:42:52.652Z,B42D,ChesapeakeSouth,8f1806c1-b1f2-4ac5-b25b-086fec51b8fb,SAMMS-ChesapeakeSouthV5
202608241333251348,202608241253387453,202608241253386616,88,5503,P1 Reference PreAdmission V6 Bronze - B44,br_samms_pre_admission_v6,TASK_COMPLETE,FAILED,ERROR,0,0,1,SavePreAdmissionV6 Bronze ForEach failed,2026-08-24T12:53:42.369Z,2026-08-24T13:42:52.652Z,2950,2026-08-24T13:42:52.652Z,B44,Albany,8f1806c1-b1f2-4ac5-b25b-086fec51b8fb,SAMMS-AlbanyV5
202608241333251350,202608241253387454,202608241253386616,88,5504,P1 Reference PreAdmission V6 Bronze - B45,br_samms_pre_admission_v6,TASK_COMPLETE,FAILED,ERROR,0,0,1,SavePreAdmissionV6 Bronze ForEach failed,2026-08-24T12:53:42.369Z,2026-08-24T13:42:52.652Z,2950,2026-08-24T13:42:52.652Z,B45,Tifton,8f1806c1-b1f2-4ac5-b25b-086fec51b8fb,SAMMS-TiftonV5
202608241333251351,202608241253387455,202608241253386616,88,5505,P1 Reference PreAdmission V6 Bronze - B46,br_samms_pre_admission_v6,TASK_COMPLETE,FAILED,ERROR,0,0,1,SavePreAdmissionV6 Bronze ForEach failed,2026-08-24T12:53:42.369Z,2026-08-24T13:42:52.652Z,2950,2026-08-24T13:42:52.652Z,B46,WashingtonDC,8f1806c1-b1f2-4ac5-b25b-086fec51b8fb,SAMMS-WashingtonDCv5
202608241333251352,202608241253387456,202608241253386616,88,5506,P1 Reference PreAdmission V6 Bronze - B47,br_samms_pre_admission_v6,TASK_COMPLETE,FAILED,ERROR,0,0,1,SavePreAdmissionV6 Bronze ForEach failed,2026-08-24T12:53:42.369Z,2026-08-24T13:42:52.652Z,2950,2026-08-24T13:42:52.652Z,B47,Mobile,8f1806c1-b1f2-4ac5-b25b-086fec51b8fb,SAMMS-MobileV5
202608241333251354,202608241253387457,202608241253386616,88,5507,P1 Reference PreAdmission V6 Bronze - B48,br_samms_pre_admission_v6,TASK_COMPLETE,FAILED,ERROR,0,0,1,SavePreAdmissionV6 Bronze ForEach failed,2026-08-24T12:53:42.369Z,2026-08-24T13:42:52.652Z,2950,2026-08-24T13:42:52.652Z,B48,Tuscaloosa,8f1806c1-b1f2-4ac5-b25b-086fec51b8fb,SAMMS-TuscaloosaV5
202608241333251355,202608241253387458,202608241253386616,88,5508,P1 Reference PreAdmission V6 Bronze - B51,br_samms_pre_admission_v6,TASK_COMPLETE,FAILED,ERROR,0,0,1,SavePreAdmissionV6 Bronze ForEach failed,2026-08-24T12:53:42.369Z,2026-08-24T13:42:52.652Z,2950,2026-08-24T13:42:52.652Z,B51,NorthLittleRock,8f1806c1-b1f2-4ac5-b25b-086fec51b8fb,SAMMS-NorthLittleRockV6
202608241333251356,202608241253387459,202608241253386616,88,5509,P1 Reference PreAdmission V6 Bronze - B52,br_samms_pre_admission_v6,TASK_COMPLETE,FAILED,ERROR,0,0,1,SavePreAdmissionV6 Bronze ForEach failed,2026-08-24T12:53:42.369Z,2026-08-24T13:42:52.652Z,2950,2026-08-24T13:42:52.652Z,B52,JacksonGA,8f1806c1-b1f2-4ac5-b25b-086fec51b8fb,SAMMS-JacksonGAV5
202608241333251358,202608241253387460,202608241253386616,88,5510,P1 Reference PreAdmission V6 Bronze - B54,br_samms_pre_admission_v6,TASK_COMPLETE,FAILED,ERROR,0,0,1,SavePreAdmissionV6 Bronze ForEach failed,2026-08-24T12:53:42.369Z,2026-08-24T13:42:52.652Z,2950,2026-08-24T13:42:52.652Z,B54,Gadsden,8f1806c1-b1f2-4ac5-b25b-086fec51b8fb,SAMMS-GadsdenV5
202608241333251359,202608241253387461,202608241253386616,88,5511,P1 Reference PreAdmission V6 Bronze - B55,br_samms_pre_admission_v6,TASK_COMPLETE,FAILED,ERROR,0,0,1,SavePreAdmissionV6 Bronze ForEach failed,2026-08-24T12:53:42.369Z,2026-08-24T13:42:52.652Z,2950,2026-08-24T13:42:52.652Z,B55,Shoals,8f1806c1-b1f2-4ac5-b25b-086fec51b8fb,SAMMS-ShoalsV5
202608241333251361,202608241253387462,202608241253386616,88,5512,P1 Reference PreAdmission V6 Bronze - B57,br_samms_pre_admission_v6,TASK_COMPLETE,FAILED,ERROR,0,0,1,SavePreAdmissionV6 Bronze ForEach failed,2026-08-24T12:53:42.369Z,2026-08-24T13:42:52.652Z,2950,2026-08-24T13:42:52.652Z,B57,Pawtucket,8f1806c1-b1f2-4ac5-b25b-086fec51b8fb,SAMMS-Pawtucket
202608241333251362,202608241253387463,202608241253386616,88,5513,P1 Reference PreAdmission V6 Bronze - B57A,br_samms_pre_admission_v6,TASK_COMPLETE,FAILED,ERROR,0,0,1,SavePreAdmissionV6 Bronze ForEach failed,2026-08-24T12:53:42.369Z,2026-08-24T13:42:52.652Z,2950,2026-08-24T13:42:52.652Z,B57A,Johnston,8f1806c1-b1f2-4ac5-b25b-086fec51b8fb,SAMMS-Johnston
202608241333251363,202608241253387464,202608241253386616,88,5514,P1 Reference PreAdmission V6 Bronze - B57B,br_samms_pre_admission_v6,TASK_COMPLETE,FAILED,ERROR,0,0,1,SavePreAdmissionV6 Bronze ForEach failed,2026-08-24T12:53:42.369Z,2026-08-24T13:42:52.652Z,2950,2026-08-24T13:42:52.652Z,B57B,Middletown,8f1806c1-b1f2-4ac5-b25b-086fec51b8fb,SAMMS-Middletown
202608241448407188,202608241408172637,202608241408171802,88,5501,P1 Reference PreAdmission V6 Bronze - B42C,br_samms_pre_admission_v6,TASK_COMPLETE,FAILED,ERROR,0,0,1,SavePreAdmissionV6 Bronze ForEach failed,2026-08-24T14:08:21.733Z,2026-08-24T15:03:37.584Z,3316,2026-08-24T15:03:37.584Z,B42C,GlenAllen,6c7532c9-dcb1-40a3-beaa-690039713dec,SAMMS-GlenAllenV5
202608241448407189,202608241408172638,202608241408171802,88,5502,P1 Reference PreAdmission V6 Bronze - B42D,br_samms_pre_admission_v6,TASK_COMPLETE,FAILED,ERROR,0,0,1,SavePreAdmissionV6 Bronze ForEach failed,2026-08-24T14:08:21.733Z,2026-08-24T15:03:37.584Z,3316,2026-08-24T15:03:37.584Z,B42D,ChesapeakeSouth,6c7532c9-dcb1-40a3-beaa-690039713dec,SAMMS-ChesapeakeSouthV5
202608241448407190,202608241408172639,202608241408171802,88,5503,P1 Reference PreAdmission V6 Bronze - B44,br_samms_pre_admission_v6,TASK_COMPLETE,FAILED,ERROR,0,0,1,SavePreAdmissionV6 Bronze ForEach failed,2026-08-24T14:08:21.733Z,2026-08-24T15:03:37.584Z,3316,2026-08-24T15:03:37.584Z,B44,Albany,6c7532c9-dcb1-40a3-beaa-690039713dec,SAMMS-AlbanyV5
202608241448407192,202608241408172640,202608241408171802,88,5504,P1 Reference PreAdmission V6 Bronze - B45,br_samms_pre_admission_v6,TASK_COMPLETE,FAILED,ERROR,0,0,1,SavePreAdmissionV6 Bronze ForEach failed,2026-08-24T14:08:21.733Z,2026-08-24T15:03:37.584Z,3316,2026-08-24T15:03:37.584Z,B45,Tifton,6c7532c9-dcb1-40a3-beaa-690039713dec,SAMMS-TiftonV5
202608241448407193,202608241408172641,202608241408171802,88,5505,P1 Reference PreAdmission V6 Bronze - B46,br_samms_pre_admission_v6,TASK_COMPLETE,FAILED,ERROR,0,0,1,SavePreAdmissionV6 Bronze ForEach failed,2026-08-24T14:08:21.733Z,2026-08-24T15:03:37.584Z,3316,2026-08-24T15:03:37.584Z,B46,WashingtonDC,6c7532c9-dcb1-40a3-beaa-690039713dec,SAMMS-WashingtonDCv5
202608241448407195,202608241408172642,202608241408171802,88,5506,P1 Reference PreAdmission V6 Bronze - B47,br_samms_pre_admission_v6,TASK_COMPLETE,FAILED,ERROR,0,0,1,SavePreAdmissionV6 Bronze ForEach failed,2026-08-24T14:08:21.733Z,2026-08-24T15:03:37.584Z,3316,2026-08-24T15:03:37.584Z,B47,Mobile,6c7532c9-dcb1-40a3-beaa-690039713dec,SAMMS-MobileV5
202608241448407196,202608241408172643,202608241408171802,88,5507,P1 Reference PreAdmission V6 Bronze - B48,br_samms_pre_admission_v6,TASK_COMPLETE,FAILED,ERROR,0,0,1,SavePreAdmissionV6 Bronze ForEach failed,2026-08-24T14:08:21.733Z,2026-08-24T15:03:37.584Z,3316,2026-08-24T15:03:37.584Z,B48,Tuscaloosa,6c7532c9-dcb1-40a3-beaa-690039713dec,SAMMS-TuscaloosaV5
202608241448407197,202608241408172644,202608241408171802,88,5508,P1 Reference PreAdmission V6 Bronze - B51,br_samms_pre_admission_v6,TASK_COMPLETE,FAILED,ERROR,0,0,1,SavePreAdmissionV6 Bronze ForEach failed,2026-08-24T14:08:21.733Z,2026-08-24T15:03:37.584Z,3316,2026-08-24T15:03:37.584Z,B51,NorthLittleRock,6c7532c9-dcb1-40a3-beaa-690039713dec,SAMMS-NorthLittleRockV6
202608241448407199,202608241408172645,202608241408171802,88,5509,P1 Reference PreAdmission V6 Bronze - B52,br_samms_pre_admission_v6,TASK_COMPLETE,FAILED,ERROR,0,0,1,SavePreAdmissionV6 Bronze ForEach failed,2026-08-24T14:08:21.733Z,2026-08-24T15:03:37.584Z,3316,2026-08-24T15:03:37.584Z,B52,JacksonGA,6c7532c9-dcb1-40a3-beaa-690039713dec,SAMMS-JacksonGAV5
202608241448407200,202608241408172646,202608241408171802,88,5510,P1 Reference PreAdmission V6 Bronze - B54,br_samms_pre_admission_v6,TASK_COMPLETE,FAILED,ERROR,0,0,1,SavePreAdmissionV6 Bronze ForEach failed,2026-08-24T14:08:21.733Z,2026-08-24T15:03:37.584Z,3316,2026-08-24T15:03:37.584Z,B54,Gadsden,6c7532c9-dcb1-40a3-beaa-690039713dec,SAMMS-GadsdenV5
202608241448407201,202608241408172647,202608241408171802,88,5511,P1 Reference PreAdmission V6 Bronze - B55,br_samms_pre_admission_v6,TASK_COMPLETE,FAILED,ERROR,0,0,1,SavePreAdmissionV6 Bronze ForEach failed,2026-08-24T14:08:21.733Z,2026-08-24T15:03:37.584Z,3316,2026-08-24T15:03:37.584Z,B55,Shoals,6c7532c9-dcb1-40a3-beaa-690039713dec,SAMMS-ShoalsV5
202608241448407203,202608241408172648,202608241408171802,88,5512,P1 Reference PreAdmission V6 Bronze - B57,br_samms_pre_admission_v6,TASK_COMPLETE,FAILED,ERROR,0,0,1,SavePreAdmissionV6 Bronze ForEach failed,2026-08-24T14:08:21.733Z,2026-08-24T15:03:37.584Z,3316,2026-08-24T15:03:37.584Z,B57,Pawtucket,6c7532c9-dcb1-40a3-beaa-690039713dec,SAMMS-Pawtucket
202608241448407204,202608241408172649,202608241408171802,88,5513,P1 Reference PreAdmission V6 Bronze - B57A,br_samms_pre_admission_v6,TASK_COMPLETE,FAILED,ERROR,0,0,1,SavePreAdmissionV6 Bronze ForEach failed,2026-08-24T14:08:21.733Z,2026-08-24T15:03:37.584Z,3316,2026-08-24T15:03:37.584Z,B57A,Johnston,6c7532c9-dcb1-40a3-beaa-690039713dec,SAMMS-Johnston
202608241448407206,202608241408172650,202608241408171802,88,5514,P1 Reference PreAdmission V6 Bronze - B57B,br_samms_pre_admission_v6,TASK_COMPLETE,FAILED,ERROR,0,0,1,SavePreAdmissionV6 Bronze ForEach failed,2026-08-24T14:08:21.733Z,2026-08-24T15:03:37.584Z,3316,2026-08-24T15:03:37.584Z,B57B,Middletown,6c7532c9-dcb1-40a3-beaa-690039713dec,SAMMS-Middletown
202608201425196182,202608201258108522,202608201258108173,46,9056,P1 Finance FMP Bronze - B12B,br_samms_fmp,TASK_COMPLETE,SUCCESS,INFO,26,26,0,,2026-08-20T12:58:15.698Z,2026-08-20T14:28:34.201Z,5419,2026-08-20T14:28:34.201Z,B12B,ColoradoSprings,5f0dd8ad-486e-4238-8933-2b89499a6e18,SAMMS-ColoradoSpringsV5
202608201425196183,202608201258108523,202608201258108173,46,9057,P1 Finance FMP Bronze - B24,br_samms_fmp,TASK_COMPLETE,SUCCESS,INFO,2296,2296,0,,2026-08-20T12:58:15.698Z,2026-08-20T14:28:34.201Z,5419,2026-08-20T14:28:34.201Z,B24,Paintsville,5f0dd8ad-486e-4238-8933-2b89499a6e18,SAMMS-PaintsvilleV5
202608201425196184,202608201258108524,202608201258108173,46,9058,P1 Finance FMP Bronze - B25,br_samms_fmp,TASK_COMPLETE,SUCCESS,INFO,7714,7714,0,,2026-08-20T12:58:15.698Z,2026-08-20T14:28:34.201Z,5419,2026-08-20T14:28:34.201Z,B25,Pikeville,5f0dd8ad-486e-4238-8933-2b89499a6e18,SAMMS-PikevilleV5
202608201425196186,202608201258108525,202608201258108173,46,9059,P1 Finance FMP Bronze - B26,br_samms_fmp,TASK_COMPLETE,SUCCESS,INFO,4762,4762,0,,2026-08-20T12:58:15.698Z,2026-08-20T14:28:34.201Z,5419,2026-08-20T14:28:34.201Z,B26,Hazard,5f0dd8ad-486e-4238-8933-2b89499a6e18,SAMMS-HazardV5
202608201425196187,202608201258108526,202608201258108173,46,9060,P1 Finance FMP Bronze - B27,br_samms_fmp,TASK_COMPLETE,SUCCESS,INFO,1,1,0,,2026-08-20T12:58:15.698Z,2026-08-20T14:28:34.201Z,5419,2026-08-20T14:28:34.201Z,B27,Savannah,5f0dd8ad-486e-4238-8933-2b89499a6e18,SAMMS-SavannahV6
202608201425196188,202608201258108527,202608201258108173,46,9061,P1 Finance FMP Bronze - B28,br_samms_fmp,TASK_COMPLETE,SUCCESS,INFO,99,99,0,,2026-08-20T12:58:15.698Z,2026-08-20T14:28:34.201Z,5419,2026-08-20T14:28:34.201Z,B28,WestPlaines,5f0dd8ad-486e-4238-8933-2b89499a6e18,SAMMS-WestPlainesV5
202608201425196189,202608201258108528,202608201258108173,46,9062,P1 Finance FMP Bronze - B29,br_samms_fmp,TASK_COMPLETE,SUCCESS,INFO,51,51,0,,2026-08-20T12:58:15.698Z,2026-08-20T14:28:34.201Z,5419,2026-08-20T14:28:34.201Z,B29,PoplarBluff,5f0dd8ad-486e-4238-8933-2b89499a6e18,SAMMS-PoplarBluffV5
202608201425196191,202608201258108529,202608201258108173,46,9063,P1 Finance FMP Bronze - B30,br_samms_fmp,TASK_COMPLETE,SUCCESS,INFO,896,896,0,,2026-08-20T12:58:15.698Z,2026-08-20T14:28:34.201Z,5419,2026-08-20T14:28:34.201Z,B30,KCN,5f0dd8ad-486e-4238-8933-2b89499a6e18,SAMMS-KCNv5
202608201425196192,202608201258108530,202608201258108173,46,9064,P1 Finance FMP Bronze - B31,br_samms_fmp,TASK_COMPLETE,SUCCESS,INFO,788,788,0,,2026-08-20T12:58:15.698Z,2026-08-20T14:28:34.201Z,5419,2026-08-20T14:28:34.201Z,B31,Dyersburg,5f0dd8ad-486e-4238-8933-2b89499a6e18,SAMMS-DyersburgV5
202608201425196193,202608201258108531,202608201258108173,46,9065,P1 Finance FMP Bronze - B33,br_samms_fmp,TASK_COMPLETE,SUCCESS,INFO,18,18,0,,2026-08-20T12:58:15.698Z,2026-08-20T14:28:34.201Z,5419,2026-08-20T14:28:34.201Z,B33,Paducah,5f0dd8ad-486e-4238-8933-2b89499a6e18,SAMMS-Paducah
202608201425196195,202608201258108532,202608201258108173,46,9066,P1 Finance FMP Bronze - B34,br_samms_fmp,TASK_COMPLETE,SUCCESS,INFO,85,85,0,,2026-08-20T12:58:15.698Z,2026-08-20T14:28:34.201Z,5419,2026-08-20T14:28:34.201Z,B34,Corbin,5f0dd8ad-486e-4238-8933-2b89499a6e18,SAMMS-CorbinV5
202608201425196196,202608201258108533,202608201258108173,46,9067,P1 Finance FMP Bronze - B35,br_samms_fmp,TASK_COMPLETE,SUCCESS,INFO,531,531,0,,2026-08-20T12:58:15.698Z,2026-08-20T14:28:34.201Z,5419,2026-08-20T14:28:34.201Z,B35,Lexington,5f0dd8ad-486e-4238-8933-2b89499a6e18,SAMMS-LexingtonV5
202608201425196197,202608201258108534,202608201258108173,46,9068,P1 Finance FMP Bronze - B35A,br_samms_fmp,TASK_COMPLETE,SUCCESS,INFO,395,395,0,,2026-08-20T12:58:15.698Z,2026-08-20T14:28:34.201Z,5419,2026-08-20T14:28:34.201Z,B35A,Berea,5f0dd8ad-486e-4238-8933-2b89499a6e18,SAMMS-BereaV5
202608201425196198,202608201258108535,202608201258108173,46,9069,P1 Finance FMP Bronze - B36,br_samms_fmp,TASK_COMPLETE,SUCCESS,INFO,57,57,0,,2026-08-20T12:58:15.698Z,2026-08-20T14:28:34.201Z,5419,2026-08-20T14:28:34.201Z,B36,Asheville,5f0dd8ad-486e-4238-8933-2b89499a6e18,SAMMS-AshevilleV5
202608201425196200,202608201258108536,202608201258108173,46,9070,P1 Finance FMP Bronze - B37,br_samms_fmp,TASK_COMPLETE,SUCCESS,INFO,51,51,0,,2026-08-20T12:58:15.698Z,2026-08-20T14:28:34.201Z,5419,2026-08-20T14:28:34.201Z,B37,Clyde,5f0dd8ad-486e-4238-8933-2b89499a6e18,SAMMS-ClydeV5
202608201425196201,202608201258108537,202608201258108173,46,9071,P1 Finance FMP Bronze - B38,br_samms_fmp,TASK_COMPLETE,SUCCESS,INFO,982,982,0,,2026-08-20T12:58:15.698Z,2026-08-20T14:28:34.201Z,5419,2026-08-20T14:28:34.201Z,B38,Spartanburg,5f0dd8ad-486e-4238-8933-2b89499a6e18,SAMMS-SpartanburgV5
202608201425196202,202608201258108538,202608201258108173,46,9072,P1 Finance FMP Bronze - B39,br_samms_fmp,TASK_COMPLETE,SUCCESS,INFO,951,951,0,,2026-08-20T12:58:15.698Z,2026-08-20T14:28:34.201Z,5419,2026-08-20T14:28:34.201Z,B39,Aiken,5f0dd8ad-486e-4238-8933-2b89499a6e18,SAMMS-AikenV5
202608201425196204,202608201258108539,202608201258108173,46,9073,P1 Finance FMP Bronze - B41,br_samms_fmp,TASK_COMPLETE,SUCCESS,INFO,3389,3389,0,,2026-08-20T12:58:15.698Z,2026-08-20T14:28:34.201Z,5419,2026-08-20T14:28:34.201Z,B41,Chesapeake,5f0dd8ad-486e-4238-8933-2b89499a6e18,SAMMS-ChesapeakeV5
202608201425196205,202608201258108540,202608201258108173,46,9074,P1 Finance FMP Bronze - B42,br_samms_fmp,TASK_COMPLETE,SUCCESS,INFO,3501,3501,0,,2026-08-20T12:58:15.698Z,2026-08-20T14:28:34.201Z,5419,2026-08-20T14:28:34.201Z,B42,VirginiaBeach,5f0dd8ad-486e-4238-8933-2b89499a6e18,SAMMS-VirginiaBeachV5
202608201425196207,202608201258108541,202608201258108173,46,9075,P1 Finance FMP Bronze - B42A,br_samms_fmp,TASK_COMPLETE,SUCCESS,INFO,24,24,0,,2026-08-20T12:58:15.698Z,2026-08-20T14:28:34.201Z,5419,2026-08-20T14:28:34.201Z,B42A,NewportNews,5f0dd8ad-486e-4238-8933-2b89499a6e18,SAMMS-NewportNewsV5
202608201425196208,202608201258108542,202608201258108173,46,9076,P1 Finance FMP Bronze - B42B,br_samms_fmp,TASK_COMPLETE,SUCCESS,INFO,69,69,0,,2026-08-20T12:58:15.698Z,2026-08-20T14:28:34.201Z,5419,2026-08-20T14:28:34.201Z,B42B,Franklin,5f0dd8ad-486e-4238-8933-2b89499a6e18,SAMMS-FranklinV5
202608201425196209,202608201258108543,202608201258108173,46,9077,P1 Finance FMP Bronze - B42C,br_samms_fmp,TASK_COMPLETE,SUCCESS,INFO,127,127,0,,2026-08-20T12:58:15.698Z,2026-08-20T14:28:34.201Z,5419,2026-08-20T14:28:34.201Z,B42C,GlenAllen,5f0dd8ad-486e-4238-8933-2b89499a6e18,SAMMS-GlenAllenV5
202608270734227773,202608270734227773,20260827043602,132,13707,Trending Treatment Plans State Reqs Gold,TrendingTreatmentPlansStateReqs,TASK_FAILED,FAILED,ERROR,2329626,0,2329626,An error occurred while calling o20756.synapsesql. : com.microsoft.spark.fabric.tds.write.error.FabricSparkTDSWriteError: Three part table name is expected - `database_name.schema_name.table_name`,2026-08-27T07:34:22.777Z,2026-08-27T07:36:08.434Z,105,2026-08-27T07:36:08.434Z,,,67cdece8-9745-4c87-ab73-e4e58104b61d,
202608201425194159,202608201258108911,202608201258108173,46,9453,P1 Finance 3P Eligibility Bronze - BG,br_samms_3p_elig,TASK_COMPLETE,SUCCESS,INFO,176,176,0,,2026-08-20T12:58:15.698Z,2026-08-20T14:28:34.201Z,5419,2026-08-20T14:28:34.201Z,BG,BowlingGreen,5f0dd8ad-486e-4238-8933-2b89499a6e18,SAMMS-BowlingGreen
202608201425194160,202608201258108912,202608201258108173,46,9454,P1 Finance 3P Eligibility Bronze - BOI,br_samms_3p_elig,TASK_COMPLETE,SUCCESS,INFO,4,4,0,,2026-08-20T12:58:15.698Z,2026-08-20T14:28:34.201Z,5419,2026-08-20T14:28:34.201Z,BOI,Boise,5f0dd8ad-486e-4238-8933-2b89499a6e18,SAMMS-Boise
202608201425194162,202608201258108913,202608201258108173,46,9455,P1 Finance 3P Eligibility Bronze - CBCO,br_samms_3p_elig,TASK_COMPLETE,SUCCESS,INFO,119,119,0,,2026-08-20T12:58:15.698Z,2026-08-20T14:28:34.201Z,5419,2026-08-20T14:28:34.201Z,CBCO,CoeurdAlene,5f0dd8ad-486e-4238-8933-2b89499a6e18,SAMMS-CoeurdAleneV6
202608201425194164,202608201258108914,202608201258108173,46,9456,P1 Finance 3P Eligibility Bronze - CON,br_samms_3p_elig,TASK_COMPLETE,SUCCESS,INFO,49,49,0,,2026-08-20T12:58:15.698Z,2026-08-20T14:28:34.201Z,5419,2026-08-20T14:28:34.201Z,CON,Conway,5f0dd8ad-486e-4238-8933-2b89499a6e18,SAMMS-Conway
202608201425194166,202608201258108915,202608201258108173,46,9457,P1 Finance 3P Eligibility Bronze - D07,br_samms_3p_elig,TASK_COMPLETE,SUCCESS,INFO,1110,1110,0,,2026-08-20T12:58:15.698Z,2026-08-20T14:28:34.201Z,5419,2026-08-20T14:28:34.201Z,D07,Knoxville,5f0dd8ad-486e-4238-8933-2b89499a6e18,SAMMS-KnoxvilleV6
202608201425194167,202608201258108916,202608201258108173,46,9458,P1 Finance 3P Eligibility Bronze - D08,br_samms_3p_elig,TASK_COMPLETE,SUCCESS,INFO,392,392,0,,2026-08-20T12:58:15.698Z,2026-08-20T14:28:34.201Z,5419,2026-08-20T14:28:34.201Z,D08,Madison,5f0dd8ad-486e-4238-8933-2b89499a6e18,SAMMS-MadisonV6
202608201425194169,202608201258108917,202608201258108173,46,9459,P1 Finance 3P Eligibility Bronze - D09,br_samms_3p_elig,TASK_COMPLETE,SUCCESS,INFO,409,409,0,,2026-08-20T12:58:15.698Z,2026-08-20T14:28:34.201Z,5419,2026-08-20T14:28:34.201Z,D09,Murfreesboro,5f0dd8ad-486e-4238-8933-2b89499a6e18,SAMMS-MurfreesboroV6
202608201425194171,202608201258108918,202608201258108173,46,9460,P1 Finance 3P Eligibility Bronze - DA,br_samms_3p_elig,TASK_COMPLETE,SUCCESS,INFO,59,59,0,,2026-08-20T12:58:15.698Z,2026-08-20T14:28:34.201Z,5419,2026-08-20T14:28:34.201Z,DA,Davenport,5f0dd8ad-486e-4238-8933-2b89499a6e18,SAMMS-Davenport
202608201425194173,202608201258108919,202608201258108173,46,9461,P1 Finance 3P Eligibility Bronze - DM,br_samms_3p_elig,TASK_COMPLETE,SUCCESS,INFO,16,16,0,,2026-08-20T12:58:15.698Z,2026-08-20T14:28:34.201Z,5419,2026-08-20T14:28:34.201Z,DM,DesMoines,5f0dd8ad-486e-4238-8933-2b89499a6e18,SAMMS-DesMoines
202608201425194174,202608201258108920,202608201258108173,46,9462,P1 Finance 3P Eligibility Bronze - DRD-CO,br_samms_3p_elig,TASK_COMPLETE,SUCCESS,INFO,447,447,0,,2026-08-20T12:58:15.698Z,2026-08-20T14:28:34.201Z,5419,2026-08-20T14:28:34.201Z,DRD-CO,Columbia,5f0dd8ad-486e-4238-8933-2b89499a6e18,SAMMS-ColumbiaV5
202608201425194176,202608201258108921,202608201258108173,46,9463,P1 Finance 3P Eligibility Bronze - DRD-KC,br_samms_3p_elig,TASK_COMPLETE,SUCCESS,INFO,347,347,0,,2026-08-20T12:58:15.698Z,2026-08-20T14:28:34.201Z,5419,2026-08-20T14:28:34.201Z,DRD-KC,KC,5f0dd8ad-486e-4238-8933-2b89499a6e18,SAMMS-KCv5
202608201425194178,202608201258108922,202608201258108173,46,9464,P1 Finance 3P Eligibility Bronze - DRD-KVB,br_samms_3p_elig,TASK_COMPLETE,SUCCESS,INFO,54,54,0,,2026-08-20T12:58:15.698Z,2026-08-20T14:28:34.201Z,5419,2026-08-20T14:28:34.201Z,DRD-KVB,KVB,5f0dd8ad-486e-4238-8933-2b89499a6e18,SAMMS-KVBv5
202608201425194179,202608201258108923,202608201258108173,46,9465,P1 Finance 3P Eligibility Bronze - DRD-KVC,br_samms_3p_elig,TASK_COMPLETE,SUCCESS,INFO,128,128,0,,2026-08-20T12:58:15.698Z,2026-08-20T14:28:34.201Z,5419,2026-08-20T14:28:34.201Z,DRD-KVC,KVC,5f0dd8ad-486e-4238-8933-2b89499a6e18,SAMMS-KVCv5
202608201425194181,202608201258108924,202608201258108173,46,9466,P1 Finance 3P Eligibility Bronze - DRD-NOLA,br_samms_3p_elig,TASK_COMPLETE,SUCCESS,INFO,370,370,0,,2026-08-20T12:58:15.698Z,2026-08-20T14:28:34.201Z,5419,2026-08-20T14:28:34.201Z,DRD-NOLA,NOLA,5f0dd8ad-486e-4238-8933-2b89499a6e18,SAMMS-NOLAv5
202608201425194183,202608201258108925,202608201258108173,46,9467,P1 Finance 3P Eligibility Bronze - DRD-SF,br_samms_3p_elig,TASK_COMPLETE,SUCCESS,INFO,67,67,0,,2026-08-20T12:58:15.698Z,2026-08-20T14:28:34.201Z,5419,2026-08-20T14:28:34.201Z,DRD-SF,SF,5f0dd8ad-486e-4238-8933-2b89499a6e18,SAMMS-SFv5
202608201425194184,202608201258108926,202608201258108173,46,9468,P1 Finance 3P Eligibility Bronze - ELC,br_samms_3p_elig,TASK_COMPLETE,SUCCESS,INFO,237,237,0,,2026-08-20T12:58:15.698Z,2026-08-20T14:28:34.201Z,5419,2026-08-20T14:28:34.201Z,ELC,ElizabethCity,5f0dd8ad-486e-4238-8933-2b89499a6e18,SAMMS-ElizabethCity
202608201425194186,202608201258108927,202608201258108173,46,9469,P1 Finance 3P Eligibility Bronze - ET,br_samms_3p_elig,TASK_COMPLETE,SUCCESS,INFO,2,2,0,,2026-08-20T12:58:15.698Z,2026-08-20T14:28:34.201Z,5419,2026-08-20T14:28:34.201Z,ET,Elizabethtown,5f0dd8ad-486e-4238-8933-2b89499a6e18,SAMMS-Elizabethtown
202608201425194188,202608201258108928,202608201258108173,46,9470,P1 Finance 3P Eligibility Bronze - FAY,br_samms_3p_elig,TASK_COMPLETE,SUCCESS,INFO,3097,3097,0,,2026-08-20T12:58:15.698Z,2026-08-20T14:28:34.201Z,5419,2026-08-20T14:28:34.201Z,FAY,Fayetteville,5f0dd8ad-486e-4238-8933-2b89499a6e18,SAMMS-Fayetteville
202608201425194190,202608201258108929,202608201258108173,46,9471,P1 Finance 3P Eligibility Bronze - FR,br_samms_3p_elig,TASK_COMPLETE,SUCCESS,INFO,0,0,0,,2026-08-20T12:58:15.698Z,2026-08-20T14:28:34.201Z,5419,2026-08-20T14:28:34.201Z,FR,Frankfort,5f0dd8ad-486e-4238-8933-2b89499a6e18,SAMMS-Frankfort
202608201425194192,202608201258108930,202608201258108173,46,9472,P1 Finance 3P Eligibility Bronze - FS,br_samms_3p_elig,TASK_COMPLETE,SUCCESS,INFO,38,38,0,,2026-08-20T12:58:15.698Z,2026-08-20T14:28:34.201Z,5419,2026-08-20T14:28:34.201Z,FS,FortSmith,5f0dd8ad-486e-4238-8933-2b89499a6e18,SAMMS-FortSmith
202608201425194194,202608201258108931,202608201258108173,46,9473,P1 Finance 3P Eligibility Bronze - FW,br_samms_3p_elig,TASK_COMPLETE,SUCCESS,INFO,3,3,0,,2026-08-20T12:58:15.698Z,2026-08-20T14:28:34.201Z,5419,2026-08-20T14:28:34.201Z,FW,FortWayne,5f0dd8ad-486e-4238-8933-2b89499a6e18,SAMMS-FortWayne
202608201425194196,202608201258108932,202608201258108173,46,9474,P1 Finance 3P Eligibility Bronze - GAL,br_samms_3p_elig,TASK_COMPLETE,SUCCESS,INFO,0,0,0,,2026-08-20T12:58:15.698Z,2026-08-20T14:28:34.201Z,5419,2026-08-20T14:28:34.201Z,GAL,Gaylord,5f0dd8ad-486e-4238-8933-2b89499a6e18,SAMMS-Gaylord
202608241448406594,202608241408172507,202608241408171802,88,5369,P1 Reference Custom Questions Bronze - B30,br_samms_custom_questions,TASK_COMPLETE,FAILED,ERROR,0,0,1,SaveCustomQuestions Bronze ForEach failed,2026-08-24T14:08:21.733Z,2026-08-24T15:03:37.584Z,3316,2026-08-24T15:03:37.584Z,B30,KCN,6c7532c9-dcb1-40a3-beaa-690039713dec,SAMMS-KCNv5
202608241448406595,202608241408172508,202608241408171802,88,5370,P1 Reference Custom Questions Bronze - B31,br_samms_custom_questions,TASK_COMPLETE,FAILED,ERROR,0,0,1,SaveCustomQuestions Bronze ForEach failed,2026-08-24T14:08:21.733Z,2026-08-24T15:03:37.584Z,3316,2026-08-24T15:03:37.584Z,B31,Dyersburg,6c7532c9-dcb1-40a3-beaa-690039713dec,SAMMS-DyersburgV5
202608241448406596,202608241408172509,202608241408171802,88,5371,P1 Reference Custom Questions Bronze - B33,br_samms_custom_questions,TASK_COMPLETE,FAILED,ERROR,0,0,1,SaveCustomQuestions Bronze ForEach failed,2026-08-24T14:08:21.733Z,2026-08-24T15:03:37.584Z,3316,2026-08-24T15:03:37.584Z,B33,Paducah,6c7532c9-dcb1-40a3-beaa-690039713dec,SAMMS-Paducah
202608241448406598,202608241408172510,202608241408171802,88,5372,P1 Reference Custom Questions Bronze - B34,br_samms_custom_questions,TASK_COMPLETE,FAILED,ERROR,0,0,1,SaveCustomQuestions Bronze ForEach failed,2026-08-24T14:08:21.733Z,2026-08-24T15:03:37.584Z,3316,2026-08-24T15:03:37.584Z,B34,Corbin,6c7532c9-dcb1-40a3-beaa-690039713dec,SAMMS-CorbinV5
202608241448406599,202608241408172511,202608241408171802,88,5373,P1 Reference Custom Questions Bronze - B35,br_samms_custom_questions,TASK_COMPLETE,FAILED,ERROR,0,0,1,SaveCustomQuestions Bronze ForEach failed,2026-08-24T14:08:21.733Z,2026-08-24T15:03:37.584Z,3316,2026-08-24T15:03:37.584Z,B35,Lexington,6c7532c9-dcb1-40a3-beaa-690039713dec,SAMMS-LexingtonV5
202608241448406600,202608241408172512,202608241408171802,88,5374,P1 Reference Custom Questions Bronze - B35A,br_samms_custom_questions,TASK_COMPLETE,FAILED,ERROR,0,0,1,SaveCustomQuestions Bronze ForEach failed,2026-08-24T14:08:21.733Z,2026-08-24T15:03:37.584Z,3316,2026-08-24T15:03:37.584Z,B35A,Berea,6c7532c9-dcb1-40a3-beaa-690039713dec,SAMMS-BereaV5
202608241448406601,202608241408172513,202608241408171802,88,5375,P1 Reference Custom Questions Bronze - B36,br_samms_custom_questions,TASK_COMPLETE,FAILED,ERROR,0,0,1,SaveCustomQuestions Bronze ForEach failed,2026-08-24T14:08:21.733Z,2026-08-24T15:03:37.584Z,3316,2026-08-24T15:03:37.584Z,B36,Asheville,6c7532c9-dcb1-40a3-beaa-690039713dec,SAMMS-AshevilleV5
202608241448406603,202608241408172514,202608241408171802,88,5376,P1 Reference Custom Questions Bronze - B37,br_samms_custom_questions,TASK_COMPLETE,FAILED,ERROR,0,0,1,SaveCustomQuestions Bronze ForEach failed,2026-08-24T14:08:21.733Z,2026-08-24T15:03:37.584Z,3316,2026-08-24T15:03:37.584Z,B37,Clyde,6c7532c9-dcb1-40a3-beaa-690039713dec,SAMMS-ClydeV5
202608241448406604,202608241408172515,202608241408171802,88,5377,P1 Reference Custom Questions Bronze - B38,br_samms_custom_questions,TASK_COMPLETE,FAILED,ERROR,0,0,1,SaveCustomQuestions Bronze ForEach failed,2026-08-24T14:08:21.733Z,2026-08-24T15:03:37.584Z,3316,2026-08-24T15:03:37.584Z,B38,Spartanburg,6c7532c9-dcb1-40a3-beaa-690039713dec,SAMMS-SpartanburgV5
202608241448406605,202608241408172516,202608241408171802,88,5378,P1 Reference Custom Questions Bronze - B39,br_samms_custom_questions,TASK_COMPLETE,FAILED,ERROR,0,0,1,SaveCustomQuestions Bronze ForEach failed,2026-08-24T14:08:21.733Z,2026-08-24T15:03:37.584Z,3316,2026-08-24T15:03:37.584Z,B39,Aiken,6c7532c9-dcb1-40a3-beaa-690039713dec,SAMMS-AikenV5
202608241448406606,202608241408172517,202608241408171802,88,5379,P1 Reference Custom Questions Bronze - B41,br_samms_custom_questions,TASK_COMPLETE,FAILED,ERROR,0,0,1,SaveCustomQuestions Bronze ForEach failed,2026-08-24T14:08:21.733Z,2026-08-24T15:03:37.584Z,3316,2026-08-24T15:03:37.584Z,B41,Chesapeake,6c7532c9-dcb1-40a3-beaa-690039713dec,SAMMS-ChesapeakeV5
202608241448406608,202608241408172518,202608241408171802,88,5380,P1 Reference Custom Questions Bronze - B42,br_samms_custom_questions,TASK_COMPLETE,FAILED,ERROR,0,0,1,SaveCustomQuestions Bronze ForEach failed,2026-08-24T14:08:21.733Z,2026-08-24T15:03:37.584Z,3316,2026-08-24T15:03:37.584Z,B42,VirginiaBeach,6c7532c9-dcb1-40a3-beaa-690039713dec,SAMMS-VirginiaBeachV5
202608241448406609,202608241408172519,202608241408171802,88,5381,P1 Reference Custom Questions Bronze - B42A,br_samms_custom_questions,TASK_COMPLETE,FAILED,ERROR,0,0,1,SaveCustomQuestions Bronze ForEach failed,2026-08-24T14:08:21.733Z,2026-08-24T15:03:37.584Z,3316,2026-08-24T15:03:37.584Z,B42A,NewportNews,6c7532c9-dcb1-40a3-beaa-690039713dec,SAMMS-NewportNewsV5
202608241448406610,202608241408172520,202608241408171802,88,5382,P1 Reference Custom Questions Bronze - B42B,br_samms_custom_questions,TASK_COMPLETE,FAILED,ERROR,0,0,1,SaveCustomQuestions Bronze ForEach failed,2026-08-24T14:08:21.733Z,2026-08-24T15:03:37.584Z,3316,2026-08-24T15:03:37.584Z,B42B,Franklin,6c7532c9-dcb1-40a3-beaa-690039713dec,SAMMS-FranklinV5
202608241333250734,202608241253387321,202608241253386616,88,5369,P1 Reference Custom Questions Bronze - B30,br_samms_custom_questions,TASK_COMPLETE,FAILED,ERROR,0,0,1,SaveCustomQuestions Bronze ForEach failed,2026-08-24T12:53:42.369Z,2026-08-24T13:42:52.652Z,2950,2026-08-24T13:42:52.652Z,B30,KCN,8f1806c1-b1f2-4ac5-b25b-086fec51b8fb,SAMMS-KCNv5
202608241333250735,202608241253387322,202608241253386616,88,5370,P1 Reference Custom Questions Bronze - B31,br_samms_custom_questions,TASK_COMPLETE,FAILED,ERROR,0,0,1,SaveCustomQuestions Bronze ForEach failed,2026-08-24T12:53:42.369Z,2026-08-24T13:42:52.652Z,2950,2026-08-24T13:42:52.652Z,B31,Dyersburg,8f1806c1-b1f2-4ac5-b25b-086fec51b8fb,SAMMS-DyersburgV5
202608241333250736,202608241253387323,202608241253386616,88,5371,P1 Reference Custom Questions Bronze - B33,br_samms_custom_questions,TASK_COMPLETE,FAILED,ERROR,0,0,1,SaveCustomQuestions Bronze ForEach failed,2026-08-24T12:53:42.369Z,2026-08-24T13:42:52.652Z,2950,2026-08-24T13:42:52.652Z,B33,Paducah,8f1806c1-b1f2-4ac5-b25b-086fec51b8fb,SAMMS-Paducah
202608241333250738,202608241253387324,202608241253386616,88,5372,P1 Reference Custom Questions Bronze - B34,br_samms_custom_questions,TASK_COMPLETE,FAILED,ERROR,0,0,1,SaveCustomQuestions Bronze ForEach failed,2026-08-24T12:53:42.369Z,2026-08-24T13:42:52.652Z,2950,2026-08-24T13:42:52.652Z,B34,Corbin,8f1806c1-b1f2-4ac5-b25b-086fec51b8fb,SAMMS-CorbinV5
202608241333250739,202608241253387325,202608241253386616,88,5373,P1 Reference Custom Questions Bronze - B35,br_samms_custom_questions,TASK_COMPLETE,FAILED,ERROR,0,0,1,SaveCustomQuestions Bronze ForEach failed,2026-08-24T12:53:42.369Z,2026-08-24T13:42:52.652Z,2950,2026-08-24T13:42:52.652Z,B35,Lexington,8f1806c1-b1f2-4ac5-b25b-086fec51b8fb,SAMMS-LexingtonV5
202608241333250740,202608241253387326,202608241253386616,88,5374,P1 Reference Custom Questions Bronze - B35A,br_samms_custom_questions,TASK_COMPLETE,FAILED,ERROR,0,0,1,SaveCustomQuestions Bronze ForEach failed,2026-08-24T12:53:42.369Z,2026-08-24T13:42:52.652Z,2950,2026-08-24T13:42:52.652Z,B35A,Berea,8f1806c1-b1f2-4ac5-b25b-086fec51b8fb,SAMMS-BereaV5
202608241333250741,202608241253387327,202608241253386616,88,5375,P1 Reference Custom Questions Bronze - B36,br_samms_custom_questions,TASK_COMPLETE,FAILED,ERROR,0,0,1,SaveCustomQuestions Bronze ForEach failed,2026-08-24T12:53:42.369Z,2026-08-24T13:42:52.652Z,2950,2026-08-24T13:42:52.652Z,B36,Asheville,8f1806c1-b1f2-4ac5-b25b-086fec51b8fb,SAMMS-AshevilleV5
202608241333250743,202608241253387328,202608241253386616,88,5376,P1 Reference Custom Questions Bronze - B37,br_samms_custom_questions,TASK_COMPLETE,FAILED,ERROR,0,0,1,SaveCustomQuestions Bronze ForEach failed,2026-08-24T12:53:42.369Z,2026-08-24T13:42:52.652Z,2950,2026-08-24T13:42:52.652Z,B37,Clyde,8f1806c1-b1f2-4ac5-b25b-086fec51b8fb,SAMMS-ClydeV5
202608241333250744,202608241253387329,202608241253386616,88,5377,P1 Reference Custom Questions Bronze - B38,br_samms_custom_questions,TASK_COMPLETE,FAILED,ERROR,0,0,1,SaveCustomQuestions Bronze ForEach failed,2026-08-24T12:53:42.369Z,2026-08-24T13:42:52.652Z,2950,2026-08-24T13:42:52.652Z,B38,Spartanburg,8f1806c1-b1f2-4ac5-b25b-086fec51b8fb,SAMMS-SpartanburgV5
202608241333250745,202608241253387330,202608241253386616,88,5378,P1 Reference Custom Questions Bronze - B39,br_samms_custom_questions,TASK_COMPLETE,FAILED,ERROR,0,0,1,SaveCustomQuestions Bronze ForEach failed,2026-08-24T12:53:42.369Z,2026-08-24T13:42:52.652Z,2950,2026-08-24T13:42:52.652Z,B39,Aiken,8f1806c1-b1f2-4ac5-b25b-086fec51b8fb,SAMMS-AikenV5
202608241333250746,202608241253387331,202608241253386616,88,5379,P1 Reference Custom Questions Bronze - B41,br_samms_custom_questions,TASK_COMPLETE,FAILED,ERROR,0,0,1,SaveCustomQuestions Bronze ForEach failed,2026-08-24T12:53:42.369Z,2026-08-24T13:42:52.652Z,2950,2026-08-24T13:42:52.652Z,B41,Chesapeake,8f1806c1-b1f2-4ac5-b25b-086fec51b8fb,SAMMS-ChesapeakeV5
202608241333250748,202608241253387332,202608241253386616,88,5380,P1 Reference Custom Questions Bronze - B42,br_samms_custom_questions,TASK_COMPLETE,FAILED,ERROR,0,0,1,SaveCustomQuestions Bronze ForEach failed,2026-08-24T12:53:42.369Z,2026-08-24T13:42:52.652Z,2950,2026-08-24T13:42:52.652Z,B42,VirginiaBeach,8f1806c1-b1f2-4ac5-b25b-086fec51b8fb,SAMMS-VirginiaBeachV5
202608241333250749,202608241253387333,202608241253386616,88,5381,P1 Reference Custom Questions Bronze - B42A,br_samms_custom_questions,TASK_COMPLETE,FAILED,ERROR,0,0,1,SaveCustomQuestions Bronze ForEach failed,2026-08-24T12:53:42.369Z,2026-08-24T13:42:52.652Z,2950,2026-08-24T13:42:52.652Z,B42A,NewportNews,8f1806c1-b1f2-4ac5-b25b-086fec51b8fb,SAMMS-NewportNewsV5
202608241333250750,202608241253387334,202608241253386616,88,5382,P1 Reference Custom Questions Bronze - B42B,br_samms_custom_questions,TASK_COMPLETE,FAILED,ERROR,0,0,1,SaveCustomQuestions Bronze ForEach failed,2026-08-24T12:53:42.369Z,2026-08-24T13:42:52.652Z,2950,2026-08-24T13:42:52.652Z,B42B,Franklin,8f1806c1-b1f2-4ac5-b25b-086fec51b8fb,SAMMS-FranklinV5
202608241333250836,202608241253387391,202608241253386616,88,5438,P1 Reference Custom Questions Bronze - MRD,br_samms_custom_questions,TASK_COMPLETE,FAILED,ERROR,0,0,1,SaveCustomQuestions Bronze ForEach failed,2026-08-24T12:53:42.369Z,2026-08-24T13:42:52.652Z,2950,2026-08-24T13:42:52.652Z,MRD,Meridian,8f1806c1-b1f2-4ac5-b25b-086fec51b8fb,SAMMS-Meridian
202608241333250837,202608241253387392,202608241253386616,88,5439,P1 Reference Custom Questions Bronze - NC,br_samms_custom_questions,TASK_COMPLETE,FAILED,ERROR,0,0,1,SaveCustomQuestions Bronze ForEach failed,2026-08-24T12:53:42.369Z,2026-08-24T13:42:52.652Z,2950,2026-08-24T13:42:52.652Z,NC,NorthCharleston,8f1806c1-b1f2-4ac5-b25b-086fec51b8fb,SAMMS-NorthCharleston
202608241333250839,202608241253387393,202608241253386616,88,5440,P1 Reference Custom Questions Bronze - NLR,br_samms_custom_questions,TASK_COMPLETE,FAILED,ERROR,0,0,1,SaveCustomQuestions Bronze ForEach failed,2026-08-24T12:53:42.369Z,2026-08-24T13:42:52.652Z,2950,2026-08-24T13:42:52.652Z,NLR,NLROBOT,8f1806c1-b1f2-4ac5-b25b-086fec51b8fb,SAMMS-NLROBOT
202608241333250841,202608241253387394,202608241253386616,88,5441,P1 Reference Custom Questions Bronze - PH,br_samms_custom_questions,TASK_COMPLETE,FAILED,ERROR,0,0,1,SaveCustomQuestions Bronze ForEach failed,2026-08-24T12:53:42.369Z,2026-08-24T13:42:52.652Z,2950,2026-08-24T13:42:52.652Z,PH,Phoenix,8f1806c1-b1f2-4ac5-b25b-086fec51b8fb,SAMMS-Phoenix
202608241333250843,202608241253387395,202608241253386616,88,5442,P1 Reference Custom Questions Bronze - RE,br_samms_custom_questions,TASK_COMPLETE,FAILED,ERROR,0,0,1,SaveCustomQuestions Bronze ForEach failed,2026-08-24T12:53:42.369Z,2026-08-24T13:42:52.652Z,2950,2026-08-24T13:42:52.652Z,RE,Reno,8f1806c1-b1f2-4ac5-b25b-086fec51b8fb,SAMMS-Reno
202608241333250844,202608241253387396,202608241253386616,88,5443,P1 Reference Custom Questions Bronze - RMD,br_samms_custom_questions,TASK_COMPLETE,FAILED,ERROR,0,0,1,SaveCustomQuestions Bronze ForEach failed,2026-08-24T12:53:42.369Z,2026-08-24T13:42:52.652Z,2950,2026-08-24T13:42:52.652Z,RMD,Richmond,8f1806c1-b1f2-4ac5-b25b-086fec51b8fb,SAMMS-Richmond
202608241333250846,202608241253387397,202608241253386616,88,5444,P1 Reference Custom Questions Bronze - SFN,br_samms_custom_questions,TASK_COMPLETE,FAILED,ERROR,0,0,1,SaveCustomQuestions Bronze ForEach failed,2026-08-24T12:53:42.369Z,2026-08-24T13:42:52.652Z,2950,2026-08-24T13:42:52.652Z,SFN,SFN,8f1806c1-b1f2-4ac5-b25b-086fec51b8fb,SAMMS-SFNv5
202608241333250848,202608241253387398,202608241253386616,88,5445,P1 Reference Custom Questions Bronze - SHP,br_samms_custom_questions,TASK_COMPLETE,FAILED,ERROR,0,0,1,SaveCustomQuestions Bronze ForEach failed,2026-08-24T12:53:42.369Z,2026-08-24T13:42:52.652Z,2950,2026-08-24T13:42:52.652Z,SHP,Shreveport,8f1806c1-b1f2-4ac5-b25b-086fec51b8fb,SAMMS-Shreveport
202608241333250850,202608241253387399,202608241253386616,88,5446,P1 Reference Custom Questions Bronze - STN,br_samms_custom_questions,TASK_COMPLETE,FAILED,ERROR,0,0,1,SaveCustomQuestions Bronze ForEach failed,2026-08-24T12:53:42.369Z,2026-08-24T13:42:52.652Z,2950,2026-08-24T13:42:52.652Z,STN,Staunton,8f1806c1-b1f2-4ac5-b25b-086fec51b8fb,SAMMS-Staunton
202608241333250852,202608241253387400,202608241253386616,88,5447,P1 Reference Custom Questions Bronze - STVN,br_samms_custom_questions,TASK_COMPLETE,FAILED,ERROR,0,0,1,SaveCustomQuestions Bronze ForEach failed,2026-08-24T12:53:42.369Z,2026-08-24T13:42:52.652Z,2950,2026-08-24T13:42:52.652Z,STVN,Stevenson,8f1806c1-b1f2-4ac5-b25b-086fec51b8fb,SAMMS-Stevenson
202608241333250854,202608241253387401,202608241253386616,88,5448,P1 Reference Custom Questions Bronze - TE,br_samms_custom_questions,TASK_COMPLETE,FAILED,ERROR,0,0,1,SaveCustomQuestions Bronze ForEach failed,2026-08-24T12:53:42.369Z,2026-08-24T13:42:52.652Z,2950,2026-08-24T13:42:52.652Z,TE,Tempe,8f1806c1-b1f2-4ac5-b25b-086fec51b8fb,SAMMS-Tempe
202608241333250855,202608241253387402,202608241253386616,88,5449,P1 Reference Custom Questions Bronze - TEX,br_samms_custom_questions,TASK_COMPLETE,FAILED,ERROR,0,0,1,SaveCustomQuestions Bronze ForEach failed,2026-08-24T12:53:42.369Z,2026-08-24T13:42:52.652Z,2950,2026-08-24T13:42:52.652Z,TEX,Texarkana,8f1806c1-b1f2-4ac5-b25b-086fec51b8fb,SAMMS-Texarkana
202608241333250857,202608241253387403,202608241253386616,88,5450,P1 Reference Custom Questions Bronze - TTCA,br_samms_custom_questions,TASK_COMPLETE,FAILED,ERROR,0,0,1,SaveCustomQuestions Bronze ForEach failed,2026-08-24T12:53:42.369Z,2026-08-24T13:42:52.652Z,2950,2026-08-24T13:42:52.652Z,TTCA,Bessemer,8f1806c1-b1f2-4ac5-b25b-086fec51b8fb,SAMMS-BessemerV5
202608241333250859,202608241253387404,202608241253386616,88,5451,P1 Reference Custom Questions Bronze - TTCB,br_samms_custom_questions,TASK_COMPLETE,FAILED,ERROR,0,0,1,SaveCustomQuestions Bronze ForEach failed,2026-08-24T12:53:42.369Z,2026-08-24T13:42:52.652Z,2950,2026-08-24T13:42:52.652Z,TTCB,Cullman,8f1806c1-b1f2-4ac5-b25b-086fec51b8fb,SAMMS-CullmanV5
202608241448407207,202608241408172651,202608241408171802,88,5515,P1 Reference PreAdmission V6 Bronze - B57C,br_samms_pre_admission_v6,TASK_COMPLETE,FAILED,ERROR,0,0,1,SavePreAdmissionV6 Bronze ForEach failed,2026-08-24T14:08:21.733Z,2026-08-24T15:03:37.584Z,3316,2026-08-24T15:03:37.584Z,B57C,Providence,6c7532c9-dcb1-40a3-beaa-690039713dec,SAMMS-Providence
202608241448407209,202608241408172652,202608241408171802,88,5516,P1 Reference PreAdmission V6 Bronze - B57D,br_samms_pre_admission_v6,TASK_COMPLETE,FAILED,ERROR,0,0,1,SavePreAdmissionV6 Bronze ForEach failed,2026-08-24T14:08:21.733Z,2026-08-24T15:03:37.584Z,3316,2026-08-24T15:03:37.584Z,B57D,Westerly,6c7532c9-dcb1-40a3-beaa-690039713dec,SAMMS-Westerly
202608241448407210,202608241408172653,202608241408171802,88,5517,P1 Reference PreAdmission V6 Bronze - B66A,br_samms_pre_admission_v6,TASK_COMPLETE,FAILED,ERROR,0,0,1,SavePreAdmissionV6 Bronze ForEach failed,2026-08-24T14:08:21.733Z,2026-08-24T15:03:37.584Z,3316,2026-08-24T15:03:37.584Z,B66A,Bremen,6c7532c9-dcb1-40a3-beaa-690039713dec,SAMMS-Bremen
202608241448407212,202608241408172654,202608241408171802,88,5518,P1 Reference PreAdmission V6 Bronze - B72,br_samms_pre_admission_v6,TASK_COMPLETE,FAILED,ERROR,0,0,1,SavePreAdmissionV6 Bronze ForEach failed,2026-08-24T14:08:21.733Z,2026-08-24T15:03:37.584Z,3316,2026-08-24T15:03:37.584Z,B72,Mobile-OBOT,6c7532c9-dcb1-40a3-beaa-690039713dec,SAMMS-Mobile-OBOT
202608241448407213,202608241408172655,202608241408171802,88,5519,P1 Reference PreAdmission V6 Bronze - B73,br_samms_pre_admission_v6,TASK_COMPLETE,FAILED,ERROR,0,0,1,SavePreAdmissionV6 Bronze ForEach failed,2026-08-24T14:08:21.733Z,2026-08-24T15:03:37.584Z,3316,2026-08-24T15:03:37.584Z,B73,Montgomery,6c7532c9-dcb1-40a3-beaa-690039713dec,SAMMS-Montgomery
202608241448407214,202608241408172656,202608241408171802,88,5520,P1 Reference PreAdmission V6 Bronze - B75,br_samms_pre_admission_v6,TASK_COMPLETE,FAILED,ERROR,0,0,1,SavePreAdmissionV6 Bronze ForEach failed,2026-08-24T14:08:21.733Z,2026-08-24T15:03:37.584Z,3316,2026-08-24T15:03:37.584Z,B75,Lawrence,6c7532c9-dcb1-40a3-beaa-690039713dec,SAMMS-LawrenceV6
202608241448407216,202608241408172657,202608241408171802,88,5521,P1 Reference PreAdmission V6 Bronze - B76,br_samms_pre_admission_v6,TASK_COMPLETE,FAILED,ERROR,0,0,1,SavePreAdmissionV6 Bronze ForEach failed,2026-08-24T14:08:21.733Z,2026-08-24T15:03:37.584Z,3316,2026-08-24T15:03:37.584Z,B76,Huntsville-OBOT,6c7532c9-dcb1-40a3-beaa-690039713dec,SAMMS-Huntsville-OBOT
202608241448407217,202608241408172658,202608241408171802,88,5522,P1 Reference PreAdmission V6 Bronze - BAT,br_samms_pre_admission_v6,TASK_COMPLETE,FAILED,ERROR,0,0,1,SavePreAdmissionV6 Bronze ForEach failed,2026-08-24T14:08:21.733Z,2026-08-24T15:03:37.584Z,3316,2026-08-24T15:03:37.584Z,BAT,Batesville,6c7532c9-dcb1-40a3-beaa-690039713dec,SAMMS-Batesville
202608241448407219,202608241408172659,202608241408171802,88,5523,P1 Reference PreAdmission V6 Bronze - BG,br_samms_pre_admission_v6,TASK_COMPLETE,FAILED,ERROR,0,0,1,SavePreAdmissionV6 Bronze ForEach failed,2026-08-24T14:08:21.733Z,2026-08-24T15:03:37.584Z,3316,2026-08-24T15:03:37.584Z,BG,BowlingGreen,6c7532c9-dcb1-40a3-beaa-690039713dec,SAMMS-BowlingGreen
202608241448407220,202608241408172660,202608241408171802,88,5524,P1 Reference PreAdmission V6 Bronze - BOI,br_samms_pre_admission_v6,TASK_COMPLETE,FAILED,ERROR,0,0,1,SavePreAdmissionV6 Bronze ForEach failed,2026-08-24T14:08:21.733Z,2026-08-24T15:03:37.584Z,3316,2026-08-24T15:03:37.584Z,BOI,Boise,6c7532c9-dcb1-40a3-beaa-690039713dec,SAMMS-Boise
202608241448407222,202608241408172661,202608241408171802,88,5525,P1 Reference PreAdmission V6 Bronze - CBCO,br_samms_pre_admission_v6,TASK_COMPLETE,FAILED,ERROR,0,0,1,SavePreAdmissionV6 Bronze ForEach failed,2026-08-24T14:08:21.733Z,2026-08-24T15:03:37.584Z,3316,2026-08-24T15:03:37.584Z,CBCO,CoeurdAlene,6c7532c9-dcb1-40a3-beaa-690039713dec,SAMMS-CoeurdAleneV6
202608241448407223,202608241408172662,202608241408171802,88,5526,P1 Reference PreAdmission V6 Bronze - CON,br_samms_pre_admission_v6,TASK_COMPLETE,FAILED,ERROR,0,0,1,SavePreAdmissionV6 Bronze ForEach failed,2026-08-24T14:08:21.733Z,2026-08-24T15:03:37.584Z,3316,2026-08-24T15:03:37.584Z,CON,Conway,6c7532c9-dcb1-40a3-beaa-690039713dec,SAMMS-Conway
202608241448407225,202608241408172663,202608241408171802,88,5527,P1 Reference PreAdmission V6 Bronze - D07,br_samms_pre_admission_v6,TASK_COMPLETE,FAILED,ERROR,0,0,1,SavePreAdmissionV6 Bronze ForEach failed,2026-08-24T14:08:21.733Z,2026-08-24T15:03:37.584Z,3316,2026-08-24T15:03:37.584Z,D07,Knoxville,6c7532c9-dcb1-40a3-beaa-690039713dec,SAMMS-KnoxvilleV6
202608241448407226,202608241408172664,202608241408171802,88,5528,P1 Reference PreAdmission V6 Bronze - D08,br_samms_pre_admission_v6,TASK_COMPLETE,FAILED,ERROR,0,0,1,SavePreAdmissionV6 Bronze ForEach failed,2026-08-24T14:08:21.733Z,2026-08-24T15:03:37.584Z,3316,2026-08-24T15:03:37.584Z,D08,Madison,6c7532c9-dcb1-40a3-beaa-690039713dec,SAMMS-MadisonV6
202608241448406697,202608241408172577,202608241408171802,88,5438,P1 Reference Custom Questions Bronze - MRD,br_samms_custom_questions,TASK_COMPLETE,FAILED,ERROR,0,0,1,SaveCustomQuestions Bronze ForEach failed,2026-08-24T14:08:21.733Z,2026-08-24T15:03:37.584Z,3316,2026-08-24T15:03:37.584Z,MRD,Meridian,6c7532c9-dcb1-40a3-beaa-690039713dec,SAMMS-Meridian
202608241448406699,202608241408172578,202608241408171802,88,5439,P1 Reference Custom Questions Bronze - NC,br_samms_custom_questions,TASK_COMPLETE,FAILED,ERROR,0,0,1,SaveCustomQuestions Bronze ForEach failed,2026-08-24T14:08:21.733Z,2026-08-24T15:03:37.584Z,3316,2026-08-24T15:03:37.584Z,NC,NorthCharleston,6c7532c9-dcb1-40a3-beaa-690039713dec,SAMMS-NorthCharleston
202608241448406700,202608241408172579,202608241408171802,88,5440,P1 Reference Custom Questions Bronze - NLR,br_samms_custom_questions,TASK_COMPLETE,FAILED,ERROR,0,0,1,SaveCustomQuestions Bronze ForEach failed,2026-08-24T14:08:21.733Z,2026-08-24T15:03:37.584Z,3316,2026-08-24T15:03:37.584Z,NLR,NLROBOT,6c7532c9-dcb1-40a3-beaa-690039713dec,SAMMS-NLROBOT
202608241448406702,202608241408172580,202608241408171802,88,5441,P1 Reference Custom Questions Bronze - PH,br_samms_custom_questions,TASK_COMPLETE,FAILED,ERROR,0,0,1,SaveCustomQuestions Bronze ForEach failed,2026-08-24T14:08:21.733Z,2026-08-24T15:03:37.584Z,3316,2026-08-24T15:03:37.584Z,PH,Phoenix,6c7532c9-dcb1-40a3-beaa-690039713dec,SAMMS-Phoenix
202608241448406704,202608241408172581,202608241408171802,88,5442,P1 Reference Custom Questions Bronze - RE,br_samms_custom_questions,TASK_COMPLETE,FAILED,ERROR,0,0,1,SaveCustomQuestions Bronze ForEach failed,2026-08-24T14:08:21.733Z,2026-08-24T15:03:37.584Z,3316,2026-08-24T15:03:37.584Z,RE,Reno,6c7532c9-dcb1-40a3-beaa-690039713dec,SAMMS-Reno
202608241448406706,202608241408172582,202608241408171802,88,5443,P1 Reference Custom Questions Bronze - RMD,br_samms_custom_questions,TASK_COMPLETE,FAILED,ERROR,0,0,1,SaveCustomQuestions Bronze ForEach failed,2026-08-24T14:08:21.733Z,2026-08-24T15:03:37.584Z,3316,2026-08-24T15:03:37.584Z,RMD,Richmond,6c7532c9-dcb1-40a3-beaa-690039713dec,SAMMS-Richmond
202608241448406707,202608241408172583,202608241408171802,88,5444,P1 Reference Custom Questions Bronze - SFN,br_samms_custom_questions,TASK_COMPLETE,FAILED,ERROR,0,0,1,SaveCustomQuestions Bronze ForEach failed,2026-08-24T14:08:21.733Z,2026-08-24T15:03:37.584Z,3316,2026-08-24T15:03:37.584Z,SFN,SFN,6c7532c9-dcb1-40a3-beaa-690039713dec,SAMMS-SFNv5
202608241448406709,202608241408172584,202608241408171802,88,5445,P1 Reference Custom Questions Bronze - SHP,br_samms_custom_questions,TASK_COMPLETE,FAILED,ERROR,0,0,1,SaveCustomQuestions Bronze ForEach failed,2026-08-24T14:08:21.733Z,2026-08-24T15:03:37.584Z,3316,2026-08-24T15:03:37.584Z,SHP,Shreveport,6c7532c9-dcb1-40a3-beaa-690039713dec,SAMMS-Shreveport
202608241448406711,202608241408172585,202608241408171802,88,5446,P1 Reference Custom Questions Bronze - STN,br_samms_custom_questions,TASK_COMPLETE,FAILED,ERROR,0,0,1,SaveCustomQuestions Bronze ForEach failed,2026-08-24T14:08:21.733Z,2026-08-24T15:03:37.584Z,3316,2026-08-24T15:03:37.584Z,STN,Staunton,6c7532c9-dcb1-40a3-beaa-690039713dec,SAMMS-Staunton
202608241448406713,202608241408172586,202608241408171802,88,5447,P1 Reference Custom Questions Bronze - STVN,br_samms_custom_questions,TASK_COMPLETE,FAILED,ERROR,0,0,1,SaveCustomQuestions Bronze ForEach failed,2026-08-24T14:08:21.733Z,2026-08-24T15:03:37.584Z,3316,2026-08-24T15:03:37.584Z,STVN,Stevenson,6c7532c9-dcb1-40a3-beaa-690039713dec,SAMMS-Stevenson
202608241448406715,202608241408172587,202608241408171802,88,5448,P1 Reference Custom Questions Bronze - TE,br_samms_custom_questions,TASK_COMPLETE,FAILED,ERROR,0,0,1,SaveCustomQuestions Bronze ForEach failed,2026-08-24T14:08:21.733Z,2026-08-24T15:03:37.584Z,3316,2026-08-24T15:03:37.584Z,TE,Tempe,6c7532c9-dcb1-40a3-beaa-690039713dec,SAMMS-Tempe
202608241448406716,202608241408172588,202608241408171802,88,5449,P1 Reference Custom Questions Bronze - TEX,br_samms_custom_questions,TASK_COMPLETE,FAILED,ERROR,0,0,1,SaveCustomQuestions Bronze ForEach failed,2026-08-24T14:08:21.733Z,2026-08-24T15:03:37.584Z,3316,2026-08-24T15:03:37.584Z,TEX,Texarkana,6c7532c9-dcb1-40a3-beaa-690039713dec,SAMMS-Texarkana
202608241448406718,202608241408172589,202608241408171802,88,5450,P1 Reference Custom Questions Bronze - TTCA,br_samms_custom_questions,TASK_COMPLETE,FAILED,ERROR,0,0,1,SaveCustomQuestions Bronze ForEach failed,2026-08-24T14:08:21.733Z,2026-08-24T15:03:37.584Z,3316,2026-08-24T15:03:37.584Z,TTCA,Bessemer,6c7532c9-dcb1-40a3-beaa-690039713dec,SAMMS-BessemerV5
202608241448406720,202608241408172590,202608241408171802,88,5451,P1 Reference Custom Questions Bronze - TTCB,br_samms_custom_questions,TASK_COMPLETE,FAILED,ERROR,0,0,1,SaveCustomQuestions Bronze ForEach failed,2026-08-24T14:08:21.733Z,2026-08-24T15:03:37.584Z,3316,2026-08-24T15:03:37.584Z,TTCB,Cullman,6c7532c9-dcb1-40a3-beaa-690039713dec,SAMMS-CullmanV5
202608241333251365,202608241253387465,202608241253386616,88,5515,P1 Reference PreAdmission V6 Bronze - B57C,br_samms_pre_admission_v6,TASK_COMPLETE,FAILED,ERROR,0,0,1,SavePreAdmissionV6 Bronze ForEach failed,2026-08-24T12:53:42.369Z,2026-08-24T13:42:52.652Z,2950,2026-08-24T13:42:52.652Z,B57C,Providence,8f1806c1-b1f2-4ac5-b25b-086fec51b8fb,SAMMS-Providence
202608241333251366,202608241253387466,202608241253386616,88,5516,P1 Reference PreAdmission V6 Bronze - B57D,br_samms_pre_admission_v6,TASK_COMPLETE,FAILED,ERROR,0,0,1,SavePreAdmissionV6 Bronze ForEach failed,2026-08-24T12:53:42.369Z,2026-08-24T13:42:52.652Z,2950,2026-08-24T13:42:52.652Z,B57D,Westerly,8f1806c1-b1f2-4ac5-b25b-086fec51b8fb,SAMMS-Westerly
202608241333251368,202608241253387467,202608241253386616,88,5517,P1 Reference PreAdmission V6 Bronze - B66A,br_samms_pre_admission_v6,TASK_COMPLETE,FAILED,ERROR,0,0,1,SavePreAdmissionV6 Bronze ForEach failed,2026-08-24T12:53:42.369Z,2026-08-24T13:42:52.652Z,2950,2026-08-24T13:42:52.652Z,B66A,Bremen,8f1806c1-b1f2-4ac5-b25b-086fec51b8fb,SAMMS-Bremen
202608241333251369,202608241253387468,202608241253386616,88,5518,P1 Reference PreAdmission V6 Bronze - B72,br_samms_pre_admission_v6,TASK_COMPLETE,FAILED,ERROR,0,0,1,SavePreAdmissionV6 Bronze ForEach failed,2026-08-24T12:53:42.369Z,2026-08-24T13:42:52.652Z,2950,2026-08-24T13:42:52.652Z,B72,Mobile-OBOT,8f1806c1-b1f2-4ac5-b25b-086fec51b8fb,SAMMS-Mobile-OBOT
202608241333251370,202608241253387469,202608241253386616,88,5519,P1 Reference PreAdmission V6 Bronze - B73,br_samms_pre_admission_v6,TASK_COMPLETE,FAILED,ERROR,0,0,1,SavePreAdmissionV6 Bronze ForEach failed,2026-08-24T12:53:42.369Z,2026-08-24T13:42:52.652Z,2950,2026-08-24T13:42:52.652Z,B73,Montgomery,8f1806c1-b1f2-4ac5-b25b-086fec51b8fb,SAMMS-Montgomery
202608241333251372,202608241253387470,202608241253386616,88,5520,P1 Reference PreAdmission V6 Bronze - B75,br_samms_pre_admission_v6,TASK_COMPLETE,FAILED,ERROR,0,0,1,SavePreAdmissionV6 Bronze ForEach failed,2026-08-24T12:53:42.369Z,2026-08-24T13:42:52.652Z,2950,2026-08-24T13:42:52.652Z,B75,Lawrence,8f1806c1-b1f2-4ac5-b25b-086fec51b8fb,SAMMS-LawrenceV6
202608241333251373,202608241253387471,202608241253386616,88,5521,P1 Reference PreAdmission V6 Bronze - B76,br_samms_pre_admission_v6,TASK_COMPLETE,FAILED,ERROR,0,0,1,SavePreAdmissionV6 Bronze ForEach failed,2026-08-24T12:53:42.369Z,2026-08-24T13:42:52.652Z,2950,2026-08-24T13:42:52.652Z,B76,Huntsville-OBOT,8f1806c1-b1f2-4ac5-b25b-086fec51b8fb,SAMMS-Huntsville-OBOT
202608241333251375,202608241253387472,202608241253386616,88,5522,P1 Reference PreAdmission V6 Bronze - BAT,br_samms_pre_admission_v6,TASK_COMPLETE,FAILED,ERROR,0,0,1,SavePreAdmissionV6 Bronze ForEach failed,2026-08-24T12:53:42.369Z,2026-08-24T13:42:52.652Z,2950,2026-08-24T13:42:52.652Z,BAT,Batesville,8f1806c1-b1f2-4ac5-b25b-086fec51b8fb,SAMMS-Batesville
202608241333251376,202608241253387473,202608241253386616,88,5523,P1 Reference PreAdmission V6 Bronze - BG,br_samms_pre_admission_v6,TASK_COMPLETE,FAILED,ERROR,0,0,1,SavePreAdmissionV6 Bronze ForEach failed,2026-08-24T12:53:42.369Z,2026-08-24T13:42:52.652Z,2950,2026-08-24T13:42:52.652Z,BG,BowlingGreen,8f1806c1-b1f2-4ac5-b25b-086fec51b8fb,SAMMS-BowlingGreen
202608241333251378,202608241253387474,202608241253386616,88,5524,P1 Reference PreAdmission V6 Bronze - BOI,br_samms_pre_admission_v6,TASK_COMPLETE,FAILED,ERROR,0,0,1,SavePreAdmissionV6 Bronze ForEach failed,2026-08-24T12:53:42.369Z,2026-08-24T13:42:52.652Z,2950,2026-08-24T13:42:52.652Z,BOI,Boise,8f1806c1-b1f2-4ac5-b25b-086fec51b8fb,SAMMS-Boise
202608241333251379,202608241253387475,202608241253386616,88,5525,P1 Reference PreAdmission V6 Bronze - CBCO,br_samms_pre_admission_v6,TASK_COMPLETE,FAILED,ERROR,0,0,1,SavePreAdmissionV6 Bronze ForEach failed,2026-08-24T12:53:42.369Z,2026-08-24T13:42:52.652Z,2950,2026-08-24T13:42:52.652Z,CBCO,CoeurdAlene,8f1806c1-b1f2-4ac5-b25b-086fec51b8fb,SAMMS-CoeurdAleneV6
202608241333251380,202608241253387476,202608241253386616,88,5526,P1 Reference PreAdmission V6 Bronze - CON,br_samms_pre_admission_v6,TASK_COMPLETE,FAILED,ERROR,0,0,1,SavePreAdmissionV6 Bronze ForEach failed,2026-08-24T12:53:42.369Z,2026-08-24T13:42:52.652Z,2950,2026-08-24T13:42:52.652Z,CON,Conway,8f1806c1-b1f2-4ac5-b25b-086fec51b8fb,SAMMS-Conway
202608241333251382,202608241253387477,202608241253386616,88,5527,P1 Reference PreAdmission V6 Bronze - D07,br_samms_pre_admission_v6,TASK_COMPLETE,FAILED,ERROR,0,0,1,SavePreAdmissionV6 Bronze ForEach failed,2026-08-24T12:53:42.369Z,2026-08-24T13:42:52.652Z,2950,2026-08-24T13:42:52.652Z,D07,Knoxville,8f1806c1-b1f2-4ac5-b25b-086fec51b8fb,SAMMS-KnoxvilleV6
202608241333251383,202608241253387478,202608241253386616,88,5528,P1 Reference PreAdmission V6 Bronze - D08,br_samms_pre_admission_v6,TASK_COMPLETE,FAILED,ERROR,0,0,1,SavePreAdmissionV6 Bronze ForEach failed,2026-08-24T12:53:42.369Z,2026-08-24T13:42:52.652Z,2950,2026-08-24T13:42:52.652Z,D08,Madison,8f1806c1-b1f2-4ac5-b25b-086fec51b8fb,SAMMS-MadisonV6
202608221320321703,202608221237332217,202608221237331665,88,5211,P1 Reference Dropdown List Items Bronze - STVN,br_samms_dropdown_list_items,TASK_COMPLETE,SUCCESS,INFO,4267,4267,0,,2026-08-22T12:37:36.805Z,2026-08-22T13:23:02.807Z,2726,2026-08-22T13:23:02.807Z,STVN,Stevenson,63818914-9c2b-4ff6-ac1c-35595835ab93,SAMMS-Stevenson
202608221320321705,202608221237332218,202608221237331665,88,5212,P1 Reference Dropdown List Items Bronze - TE,br_samms_dropdown_list_items,TASK_COMPLETE,SUCCESS,INFO,3851,3851,0,,2026-08-22T12:37:36.805Z,2026-08-22T13:23:02.807Z,2726,2026-08-22T13:23:02.807Z,TE,Tempe,63818914-9c2b-4ff6-ac1c-35595835ab93,SAMMS-Tempe
202608221320321707,202608221237332219,202608221237331665,88,5213,P1 Reference Dropdown List Items Bronze - TEX,br_samms_dropdown_list_items,TASK_COMPLETE,SUCCESS,INFO,4383,4383,0,,2026-08-22T12:37:36.805Z,2026-08-22T13:23:02.807Z,2726,2026-08-22T13:23:02.807Z,TEX,Texarkana,63818914-9c2b-4ff6-ac1c-35595835ab93,SAMMS-Texarkana
202608221320321709,202608221237332220,202608221237331665,88,5214,P1 Reference Dropdown List Items Bronze - TTCA,br_samms_dropdown_list_items,TASK_COMPLETE,SUCCESS,INFO,4355,4355,0,,2026-08-22T12:37:36.805Z,2026-08-22T13:23:02.807Z,2726,2026-08-22T13:23:02.807Z,TTCA,Bessemer,63818914-9c2b-4ff6-ac1c-35595835ab93,SAMMS-BessemerV5
202608221320321711,202608221237332221,202608221237331665,88,5215,P1 Reference Dropdown List Items Bronze - TTCB,br_samms_dropdown_list_items,TASK_COMPLETE,SUCCESS,INFO,4355,4355,0,,2026-08-22T12:37:36.805Z,2026-08-22T13:23:02.807Z,2726,2026-08-22T13:23:02.807Z,TTCB,Cullman,63818914-9c2b-4ff6-ac1c-35595835ab93,SAMMS-CullmanV5
202608221320321714,202608221237332222,202608221237331665,88,5216,P1 Reference Dropdown List Items Bronze - TTCC,br_samms_dropdown_list_items,TASK_COMPLETE,SUCCESS,INFO,4267,4267,0,,2026-08-22T12:37:36.805Z,2026-08-22T13:23:02.807Z,2726,2026-08-22T13:23:02.807Z,TTCC,GrandBay,63818914-9c2b-4ff6-ac1c-35595835ab93,SAMMS-GrandBay
202608221320321716,202608221237332223,202608221237331665,88,5217,P1 Reference Dropdown List Items Bronze - TU,br_samms_dropdown_list_items,TASK_COMPLETE,SUCCESS,INFO,3851,3851,0,,2026-08-22T12:37:36.805Z,2026-08-22T13:23:02.807Z,2726,2026-08-22T13:23:02.807Z,TU,Tucson,63818914-9c2b-4ff6-ac1c-35595835ab93,SAMMS-Tucson
202608221320321718,202608221237332224,202608221237331665,88,5218,P1 Reference Dropdown List Items Bronze - V1,br_samms_dropdown_list_items,TASK_COMPLETE,SUCCESS,INFO,4365,4365,0,,2026-08-22T12:37:36.805Z,2026-08-22T13:23:02.807Z,2726,2026-08-22T13:23:02.807Z,V1,VCPHCS-I-Memphis,63818914-9c2b-4ff6-ac1c-35595835ab93,SAMMS-VCPHCS-I-MemphisV5
202608221320321720,202608221237332225,202608221237331665,88,5219,P1 Reference Dropdown List Items Bronze - V10,br_samms_dropdown_list_items,TASK_COMPLETE,SUCCESS,INFO,4375,4375,0,,2026-08-22T12:37:36.805Z,2026-08-22T13:23:02.807Z,2726,2026-08-22T13:23:02.807Z,V10,Boulder,63818914-9c2b-4ff6-ac1c-35595835ab93,SAMMS-BoulderV5
202608221320321722,202608221237332226,202608221237331665,88,5220,P1 Reference Dropdown List Items Bronze - V10A,br_samms_dropdown_list_items,TASK_COMPLETE,SUCCESS,INFO,4375,4375,0,,2026-08-22T12:37:36.805Z,2026-08-22T13:23:02.807Z,2726,2026-08-22T13:23:02.807Z,V10A,FortCollins,63818914-9c2b-4ff6-ac1c-35595835ab93,SAMMS-FortCollinsV5
202608221320321724,202608221237332227,202608221237331665,88,5221,P1 Reference Dropdown List Items Bronze - V11,br_samms_dropdown_list_items,TASK_COMPLETE,SUCCESS,INFO,4375,4375,0,,2026-08-22T12:37:36.805Z,2026-08-22T13:23:02.807Z,2726,2026-08-22T13:23:02.807Z,V11,VCPHCS-XI-NorthDenver,63818914-9c2b-4ff6-ac1c-35595835ab93,SAMMS-VCPHCS-XI-NorthDenverV5
202608221320321727,202608221237332228,202608221237331665,88,5222,P1 Reference Dropdown List Items Bronze - V12,br_samms_dropdown_list_items,TASK_COMPLETE,SUCCESS,INFO,4388,4388,0,,2026-08-22T12:37:36.805Z,2026-08-22T13:23:02.807Z,2726,2026-08-22T13:23:02.807Z,V12,VCPHCS-XII-DowntownDenver,63818914-9c2b-4ff6-ac1c-35595835ab93,SAMMS-VCPHCS-XII-DowntownDenverV5
202608221320321729,202608221237332229,202608221237331665,88,5223,P1 Reference Dropdown List Items Bronze - V12A,br_samms_dropdown_list_items,TASK_COMPLETE,SUCCESS,INFO,4369,4369,0,,2026-08-22T12:37:36.805Z,2026-08-22T13:23:02.807Z,2726,2026-08-22T13:23:02.807Z,V12A,Centennial,63818914-9c2b-4ff6-ac1c-35595835ab93,SAMMS-CentennialV5
202608221320321731,202608221237332230,202608221237331665,88,5224,P1 Reference Dropdown List Items Bronze - V14,br_samms_dropdown_list_items,TASK_COMPLETE,SUCCESS,INFO,4355,4355,0,,2026-08-22T12:37:36.805Z,2026-08-22T13:23:02.807Z,2726,2026-08-22T13:23:02.807Z,V14,VCPHCS-XIV-Bridgeway,63818914-9c2b-4ff6-ac1c-35595835ab93,SAMMS-VCPHCS-XIV-BridgewayV5
202608221320321733,202608221237332231,202608221237331665,88,5225,P1 Reference Dropdown List Items Bronze - V15,br_samms_dropdown_list_items,TASK_COMPLETE,SUCCESS,INFO,4355,4355,0,,2026-08-22T12:37:36.805Z,2026-08-22T13:23:02.807Z,2726,2026-08-22T13:23:02.807Z,V15,Joplin,63818914-9c2b-4ff6-ac1c-35595835ab93,SAMMS-JoplinV5
202608221320321736,202608221237332232,202608221237331665,88,5226,P1 Reference Dropdown List Items Bronze - V17,br_samms_dropdown_list_items,TASK_COMPLETE,SUCCESS,INFO,4366,4366,0,,2026-08-22T12:37:36.805Z,2026-08-22T13:23:02.807Z,2726,2026-08-22T13:23:02.807Z,V17,ColumbiaTN,63818914-9c2b-4ff6-ac1c-35595835ab93,SAMMS-ColumbiaTNv5
202608241333251329,202608241253387437,202608241253386616,88,5487,P1 Reference PreAdmission V6 Bronze - B30,br_samms_pre_admission_v6,TASK_COMPLETE,FAILED,ERROR,0,0,1,SavePreAdmissionV6 Bronze ForEach failed,2026-08-24T12:53:42.369Z,2026-08-24T13:42:52.652Z,2950,2026-08-24T13:42:52.652Z,B30,KCN,8f1806c1-b1f2-4ac5-b25b-086fec51b8fb,SAMMS-KCNv5
202608241333251330,202608241253387438,202608241253386616,88,5488,P1 Reference PreAdmission V6 Bronze - B31,br_samms_pre_admission_v6,TASK_COMPLETE,FAILED,ERROR,0,0,1,SavePreAdmissionV6 Bronze ForEach failed,2026-08-24T12:53:42.369Z,2026-08-24T13:42:52.652Z,2950,2026-08-24T13:42:52.652Z,B31,Dyersburg,8f1806c1-b1f2-4ac5-b25b-086fec51b8fb,SAMMS-DyersburgV5
202608241333251331,202608241253387439,202608241253386616,88,5489,P1 Reference PreAdmission V6 Bronze - B33,br_samms_pre_admission_v6,TASK_COMPLETE,FAILED,ERROR,0,0,1,SavePreAdmissionV6 Bronze ForEach failed,2026-08-24T12:53:42.369Z,2026-08-24T13:42:52.652Z,2950,2026-08-24T13:42:52.652Z,B33,Paducah,8f1806c1-b1f2-4ac5-b25b-086fec51b8fb,SAMMS-Paducah
202608241333251332,202608241253387440,202608241253386616,88,5490,P1 Reference PreAdmission V6 Bronze - B34,br_samms_pre_admission_v6,TASK_COMPLETE,FAILED,ERROR,0,0,1,SavePreAdmissionV6 Bronze ForEach failed,2026-08-24T12:53:42.369Z,2026-08-24T13:42:52.652Z,2950,2026-08-24T13:42:52.652Z,B34,Corbin,8f1806c1-b1f2-4ac5-b25b-086fec51b8fb,SAMMS-CorbinV5
202608241333251334,202608241253387441,202608241253386616,88,5491,P1 Reference PreAdmission V6 Bronze - B35,br_samms_pre_admission_v6,TASK_COMPLETE,FAILED,ERROR,0,0,1,SavePreAdmissionV6 Bronze ForEach failed,2026-08-24T12:53:42.369Z,2026-08-24T13:42:52.652Z,2950,2026-08-24T13:42:52.652Z,B35,Lexington,8f1806c1-b1f2-4ac5-b25b-086fec51b8fb,SAMMS-LexingtonV5
202608241333251335,202608241253387442,202608241253386616,88,5492,P1 Reference PreAdmission V6 Bronze - B35A,br_samms_pre_admission_v6,TASK_COMPLETE,FAILED,ERROR,0,0,1,SavePreAdmissionV6 Bronze ForEach failed,2026-08-24T12:53:42.369Z,2026-08-24T13:42:52.652Z,2950,2026-08-24T13:42:52.652Z,B35A,Berea,8f1806c1-b1f2-4ac5-b25b-086fec51b8fb,SAMMS-BereaV5
202608241333251336,202608241253387443,202608241253386616,88,5493,P1 Reference PreAdmission V6 Bronze - B36,br_samms_pre_admission_v6,TASK_COMPLETE,FAILED,ERROR,0,0,1,SavePreAdmissionV6 Bronze ForEach failed,2026-08-24T12:53:42.369Z,2026-08-24T13:42:52.652Z,2950,2026-08-24T13:42:52.652Z,B36,Asheville,8f1806c1-b1f2-4ac5-b25b-086fec51b8fb,SAMMS-AshevilleV5
202608241333251337,202608241253387444,202608241253386616,88,5494,P1 Reference PreAdmission V6 Bronze - B37,br_samms_pre_admission_v6,TASK_COMPLETE,FAILED,ERROR,0,0,1,SavePreAdmissionV6 Bronze ForEach failed,2026-08-24T12:53:42.369Z,2026-08-24T13:42:52.652Z,2950,2026-08-24T13:42:52.652Z,B37,Clyde,8f1806c1-b1f2-4ac5-b25b-086fec51b8fb,SAMMS-ClydeV5
202608241333251338,202608241253387445,202608241253386616,88,5495,P1 Reference PreAdmission V6 Bronze - B38,br_samms_pre_admission_v6,TASK_COMPLETE,FAILED,ERROR,0,0,1,SavePreAdmissionV6 Bronze ForEach failed,2026-08-24T12:53:42.369Z,2026-08-24T13:42:52.652Z,2950,2026-08-24T13:42:52.652Z,B38,Spartanburg,8f1806c1-b1f2-4ac5-b25b-086fec51b8fb,SAMMS-SpartanburgV5
202608241333251340,202608241253387446,202608241253386616,88,5496,P1 Reference PreAdmission V6 Bronze - B39,br_samms_pre_admission_v6,TASK_COMPLETE,FAILED,ERROR,0,0,1,SavePreAdmissionV6 Bronze ForEach failed,2026-08-24T12:53:42.369Z,2026-08-24T13:42:52.652Z,2950,2026-08-24T13:42:52.652Z,B39,Aiken,8f1806c1-b1f2-4ac5-b25b-086fec51b8fb,SAMMS-AikenV5
202608241333251341,202608241253387447,202608241253386616,88,5497,P1 Reference PreAdmission V6 Bronze - B41,br_samms_pre_admission_v6,TASK_COMPLETE,FAILED,ERROR,0,0,1,SavePreAdmissionV6 Bronze ForEach failed,2026-08-24T12:53:42.369Z,2026-08-24T13:42:52.652Z,2950,2026-08-24T13:42:52.652Z,B41,Chesapeake,8f1806c1-b1f2-4ac5-b25b-086fec51b8fb,SAMMS-ChesapeakeV5
202608241333251342,202608241253387448,202608241253386616,88,5498,P1 Reference PreAdmission V6 Bronze - B42,br_samms_pre_admission_v6,TASK_COMPLETE,FAILED,ERROR,0,0,1,SavePreAdmissionV6 Bronze ForEach failed,2026-08-24T12:53:42.369Z,2026-08-24T13:42:52.652Z,2950,2026-08-24T13:42:52.652Z,B42,VirginiaBeach,8f1806c1-b1f2-4ac5-b25b-086fec51b8fb,SAMMS-VirginiaBeachV5
202608241333251343,202608241253387449,202608241253386616,88,5499,P1 Reference PreAdmission V6 Bronze - B42A,br_samms_pre_admission_v6,TASK_COMPLETE,FAILED,ERROR,0,0,1,SavePreAdmissionV6 Bronze ForEach failed,2026-08-24T12:53:42.369Z,2026-08-24T13:42:52.652Z,2950,2026-08-24T13:42:52.652Z,B42A,NewportNews,8f1806c1-b1f2-4ac5-b25b-086fec51b8fb,SAMMS-NewportNewsV5
202608241333251345,202608241253387450,202608241253386616,88,5500,P1 Reference PreAdmission V6 Bronze - B42B,br_samms_pre_admission_v6,TASK_COMPLETE,FAILED,ERROR,0,0,1,SavePreAdmissionV6 Bronze ForEach failed,2026-08-24T12:53:42.369Z,2026-08-24T13:42:52.652Z,2950,2026-08-24T13:42:52.652Z,B42B,Franklin,8f1806c1-b1f2-4ac5-b25b-086fec51b8fb,SAMMS-FranklinV5
202608241448407170,202608241408172623,202608241408171802,88,5487,P1 Reference PreAdmission V6 Bronze - B30,br_samms_pre_admission_v6,TASK_COMPLETE,FAILED,ERROR,0,0,1,SavePreAdmissionV6 Bronze ForEach failed,2026-08-24T14:08:21.733Z,2026-08-24T15:03:37.584Z,3316,2026-08-24T15:03:37.584Z,B30,KCN,6c7532c9-dcb1-40a3-beaa-690039713dec,SAMMS-KCNv5
202608241448407172,202608241408172624,202608241408171802,88,5488,P1 Reference PreAdmission V6 Bronze - B31,br_samms_pre_admission_v6,TASK_COMPLETE,FAILED,ERROR,0,0,1,SavePreAdmissionV6 Bronze ForEach failed,2026-08-24T14:08:21.733Z,2026-08-24T15:03:37.584Z,3316,2026-08-24T15:03:37.584Z,B31,Dyersburg,6c7532c9-dcb1-40a3-beaa-690039713dec,SAMMS-DyersburgV5
202608241448407173,202608241408172625,202608241408171802,88,5489,P1 Reference PreAdmission V6 Bronze - B33,br_samms_pre_admission_v6,TASK_COMPLETE,FAILED,ERROR,0,0,1,SavePreAdmissionV6 Bronze ForEach failed,2026-08-24T14:08:21.733Z,2026-08-24T15:03:37.584Z,3316,2026-08-24T15:03:37.584Z,B33,Paducah,6c7532c9-dcb1-40a3-beaa-690039713dec,SAMMS-Paducah
202608241448407174,202608241408172626,202608241408171802,88,5490,P1 Reference PreAdmission V6 Bronze - B34,br_samms_pre_admission_v6,TASK_COMPLETE,FAILED,ERROR,0,0,1,SavePreAdmissionV6 Bronze ForEach failed,2026-08-24T14:08:21.733Z,2026-08-24T15:03:37.584Z,3316,2026-08-24T15:03:37.584Z,B34,Corbin,6c7532c9-dcb1-40a3-beaa-690039713dec,SAMMS-CorbinV5
202608241448407175,202608241408172627,202608241408171802,88,5491,P1 Reference PreAdmission V6 Bronze - B35,br_samms_pre_admission_v6,TASK_COMPLETE,FAILED,ERROR,0,0,1,SavePreAdmissionV6 Bronze ForEach failed,2026-08-24T14:08:21.733Z,2026-08-24T15:03:37.584Z,3316,2026-08-24T15:03:37.584Z,B35,Lexington,6c7532c9-dcb1-40a3-beaa-690039713dec,SAMMS-LexingtonV5
202608241448407176,202608241408172628,202608241408171802,88,5492,P1 Reference PreAdmission V6 Bronze - B35A,br_samms_pre_admission_v6,TASK_COMPLETE,FAILED,ERROR,0,0,1,SavePreAdmissionV6 Bronze ForEach failed,2026-08-24T14:08:21.733Z,2026-08-24T15:03:37.584Z,3316,2026-08-24T15:03:37.584Z,B35A,Berea,6c7532c9-dcb1-40a3-beaa-690039713dec,SAMMS-BereaV5
202608241448407178,202608241408172629,202608241408171802,88,5493,P1 Reference PreAdmission V6 Bronze - B36,br_samms_pre_admission_v6,TASK_COMPLETE,FAILED,ERROR,0,0,1,SavePreAdmissionV6 Bronze ForEach failed,2026-08-24T14:08:21.733Z,2026-08-24T15:03:37.584Z,3316,2026-08-24T15:03:37.584Z,B36,Asheville,6c7532c9-dcb1-40a3-beaa-690039713dec,SAMMS-AshevilleV5
202608241448407179,202608241408172630,202608241408171802,88,5494,P1 Reference PreAdmission V6 Bronze - B37,br_samms_pre_admission_v6,TASK_COMPLETE,FAILED,ERROR,0,0,1,SavePreAdmissionV6 Bronze ForEach failed,2026-08-24T14:08:21.733Z,2026-08-24T15:03:37.584Z,3316,2026-08-24T15:03:37.584Z,B37,Clyde,6c7532c9-dcb1-40a3-beaa-690039713dec,SAMMS-ClydeV5
202608241448407180,202608241408172631,202608241408171802,88,5495,P1 Reference PreAdmission V6 Bronze - B38,br_samms_pre_admission_v6,TASK_COMPLETE,FAILED,ERROR,0,0,1,SavePreAdmissionV6 Bronze ForEach failed,2026-08-24T14:08:21.733Z,2026-08-24T15:03:37.584Z,3316,2026-08-24T15:03:37.584Z,B38,Spartanburg,6c7532c9-dcb1-40a3-beaa-690039713dec,SAMMS-SpartanburgV5
202608241448407181,202608241408172632,202608241408171802,88,5496,P1 Reference PreAdmission V6 Bronze - B39,br_samms_pre_admission_v6,TASK_COMPLETE,FAILED,ERROR,0,0,1,SavePreAdmissionV6 Bronze ForEach failed,2026-08-24T14:08:21.733Z,2026-08-24T15:03:37.584Z,3316,2026-08-24T15:03:37.584Z,B39,Aiken,6c7532c9-dcb1-40a3-beaa-690039713dec,SAMMS-AikenV5
202608241448407183,202608241408172633,202608241408171802,88,5497,P1 Reference PreAdmission V6 Bronze - B41,br_samms_pre_admission_v6,TASK_COMPLETE,FAILED,ERROR,0,0,1,SavePreAdmissionV6 Bronze ForEach failed,2026-08-24T14:08:21.733Z,2026-08-24T15:03:37.584Z,3316,2026-08-24T15:03:37.584Z,B41,Chesapeake,6c7532c9-dcb1-40a3-beaa-690039713dec,SAMMS-ChesapeakeV5
202608241448407184,202608241408172634,202608241408171802,88,5498,P1 Reference PreAdmission V6 Bronze - B42,br_samms_pre_admission_v6,TASK_COMPLETE,FAILED,ERROR,0,0,1,SavePreAdmissionV6 Bronze ForEach failed,2026-08-24T14:08:21.733Z,2026-08-24T15:03:37.584Z,3316,2026-08-24T15:03:37.584Z,B42,VirginiaBeach,6c7532c9-dcb1-40a3-beaa-690039713dec,SAMMS-VirginiaBeachV5
202608241448407185,202608241408172635,202608241408171802,88,5499,P1 Reference PreAdmission V6 Bronze - B42A,br_samms_pre_admission_v6,TASK_COMPLETE,FAILED,ERROR,0,0,1,SavePreAdmissionV6 Bronze ForEach failed,2026-08-24T14:08:21.733Z,2026-08-24T15:03:37.584Z,3316,2026-08-24T15:03:37.584Z,B42A,NewportNews,6c7532c9-dcb1-40a3-beaa-690039713dec,SAMMS-NewportNewsV5
202608241448407186,202608241408172636,202608241408171802,88,5500,P1 Reference PreAdmission V6 Bronze - B42B,br_samms_pre_admission_v6,TASK_COMPLETE,FAILED,ERROR,0,0,1,SavePreAdmissionV6 Bronze ForEach failed,2026-08-24T14:08:21.733Z,2026-08-24T15:03:37.584Z,3316,2026-08-24T15:03:37.584Z,B42B,Franklin,6c7532c9-dcb1-40a3-beaa-690039713dec,SAMMS-FranklinV5
202608221320321781,202608221237332595,202608221237331665,88,5599,P1 Reference Preadmission Referral Source Bronze - B24,br_samms_preadmission_referral_source,TASK_COMPLETE,SUCCESS,INFO,461,461,0,,2026-08-22T12:37:36.805Z,2026-08-22T13:23:02.807Z,2726,2026-08-22T13:23:02.807Z,B24,Paintsville,63818914-9c2b-4ff6-ac1c-35595835ab93,SAMMS-PaintsvilleV5
202608221320321782,202608221237332596,202608221237331665,88,5600,P1 Reference Preadmission Referral Source Bronze - B25,br_samms_preadmission_referral_source,TASK_COMPLETE,SUCCESS,INFO,332,332,0,,2026-08-22T12:37:36.805Z,2026-08-22T13:23:02.807Z,2726,2026-08-22T13:23:02.807Z,B25,Pikeville,63818914-9c2b-4ff6-ac1c-35595835ab93,SAMMS-PikevilleV5
202608221320321784,202608221237332597,202608221237331665,88,5601,P1 Reference Preadmission Referral Source Bronze - B26,br_samms_preadmission_referral_source,TASK_COMPLETE,SUCCESS,INFO,643,643,0,,2026-08-22T12:37:36.805Z,2026-08-22T13:23:02.807Z,2726,2026-08-22T13:23:02.807Z,B26,Hazard,63818914-9c2b-4ff6-ac1c-35595835ab93,SAMMS-HazardV5
202608221320321785,202608221237332598,202608221237331665,88,5602,P1 Reference Preadmission Referral Source Bronze - B27,br_samms_preadmission_referral_source,TASK_COMPLETE,SUCCESS,INFO,124,124,0,,2026-08-22T12:37:36.805Z,2026-08-22T13:23:02.807Z,2726,2026-08-22T13:23:02.807Z,B27,Savannah,63818914-9c2b-4ff6-ac1c-35595835ab93,SAMMS-SavannahV6
202608221320321786,202608221237332599,202608221237331665,88,5603,P1 Reference Preadmission Referral Source Bronze - B28,br_samms_preadmission_referral_source,TASK_COMPLETE,SUCCESS,INFO,213,213,0,,2026-08-22T12:37:36.805Z,2026-08-22T13:23:02.807Z,2726,2026-08-22T13:23:02.807Z,B28,WestPlaines,63818914-9c2b-4ff6-ac1c-35595835ab93,SAMMS-WestPlainesV5
202608221320321787,202608221237332600,202608221237331665,88,5604,P1 Reference Preadmission Referral Source Bronze - B29,br_samms_preadmission_referral_source,TASK_COMPLETE,SUCCESS,INFO,235,235,0,,2026-08-22T12:37:36.805Z,2026-08-22T13:23:02.807Z,2726,2026-08-22T13:23:02.807Z,B29,PoplarBluff,63818914-9c2b-4ff6-ac1c-35595835ab93,SAMMS-PoplarBluffV5
202608221320321788,202608221237332601,202608221237331665,88,5605,P1 Reference Preadmission Referral Source Bronze - B30,br_samms_preadmission_referral_source,TASK_COMPLETE,SUCCESS,INFO,150,150,0,,2026-08-22T12:37:36.805Z,2026-08-22T13:23:02.807Z,2726,2026-08-22T13:23:02.807Z,B30,KCN,63818914-9c2b-4ff6-ac1c-35595835ab93,SAMMS-KCNv5
202608221320321790,202608221237332602,202608221237331665,88,5606,P1 Reference Preadmission Referral Source Bronze - B31,br_samms_preadmission_referral_source,TASK_COMPLETE,SUCCESS,INFO,243,243,0,,2026-08-22T12:37:36.805Z,2026-08-22T13:23:02.807Z,2726,2026-08-22T13:23:02.807Z,B31,Dyersburg,63818914-9c2b-4ff6-ac1c-35595835ab93,SAMMS-DyersburgV5
202608221320321791,202608221237332603,202608221237331665,88,5607,P1 Reference Preadmission Referral Source Bronze - B33,br_samms_preadmission_referral_source,TASK_COMPLETE,SUCCESS,INFO,315,315,0,,2026-08-22T12:37:36.805Z,2026-08-22T13:23:02.807Z,2726,2026-08-22T13:23:02.807Z,B33,Paducah,63818914-9c2b-4ff6-ac1c-35595835ab93,SAMMS-Paducah
202608221320321792,202608221237332604,202608221237331665,88,5608,P1 Reference Preadmission Referral Source Bronze - B34,br_samms_preadmission_referral_source,TASK_COMPLETE,SUCCESS,INFO,565,565,0,,2026-08-22T12:37:36.805Z,2026-08-22T13:23:02.807Z,2726,2026-08-22T13:23:02.807Z,B34,Corbin,63818914-9c2b-4ff6-ac1c-35595835ab93,SAMMS-CorbinV5
202608221320321794,202608221237332605,202608221237331665,88,5609,P1 Reference Preadmission Referral Source Bronze - B35,br_samms_preadmission_referral_source,TASK_COMPLETE,SUCCESS,INFO,1129,1129,0,,2026-08-22T12:37:36.805Z,2026-08-22T13:23:02.807Z,2726,2026-08-22T13:23:02.807Z,B35,Lexington,63818914-9c2b-4ff6-ac1c-35595835ab93,SAMMS-LexingtonV5
202608221320321795,202608221237332606,202608221237331665,88,5610,P1 Reference Preadmission Referral Source Bronze - B35A,br_samms_preadmission_referral_source,TASK_COMPLETE,SUCCESS,INFO,484,484,0,,2026-08-22T12:37:36.805Z,2026-08-22T13:23:02.807Z,2726,2026-08-22T13:23:02.807Z,B35A,Berea,63818914-9c2b-4ff6-ac1c-35595835ab93,SAMMS-BereaV5
202608221320321796,202608221237332607,202608221237331665,88,5611,P1 Reference Preadmission Referral Source Bronze - B36,br_samms_preadmission_referral_source,TASK_COMPLETE,SUCCESS,INFO,438,438,0,,2026-08-22T12:37:36.805Z,2026-08-22T13:23:02.807Z,2726,2026-08-22T13:23:02.807Z,B36,Asheville,63818914-9c2b-4ff6-ac1c-35595835ab93,SAMMS-AshevilleV5
202608221320321798,202608221237332608,202608221237331665,88,5612,P1 Reference Preadmission Referral Source Bronze - B37,br_samms_preadmission_referral_source,TASK_COMPLETE,SUCCESS,INFO,329,329,0,,2026-08-22T12:37:36.805Z,2026-08-22T13:23:02.807Z,2726,2026-08-22T13:23:02.807Z,B37,Clyde,63818914-9c2b-4ff6-ac1c-35595835ab93,SAMMS-ClydeV5
202608221320321799,202608221237332609,202608221237331665,88,5613,P1 Reference Preadmission Referral Source Bronze - B38,br_samms_preadmission_referral_source,TASK_COMPLETE,SUCCESS,INFO,454,454,0,,2026-08-22T12:37:36.805Z,2026-08-22T13:23:02.807Z,2726,2026-08-22T13:23:02.807Z,B38,Spartanburg,63818914-9c2b-4ff6-ac1c-35595835ab93,SAMMS-SpartanburgV5
202608221320321800,202608221237332610,202608221237331665,88,5614,P1 Reference Preadmission Referral Source Bronze - B39,br_samms_preadmission_referral_source,TASK_COMPLETE,SUCCESS,INFO,407,407,0,,2026-08-22T12:37:36.805Z,2026-08-22T13:23:02.807Z,2726,2026-08-22T13:23:02.807Z,B39,Aiken,63818914-9c2b-4ff6-ac1c-35595835ab93,SAMMS-AikenV5
202608201425194198,202608201258108933,202608201258108173,46,9475,P1 Finance 3P Eligibility Bronze - HGT,br_samms_3p_elig,TASK_COMPLETE,SUCCESS,INFO,0,0,0,,2026-08-20T12:58:15.698Z,2026-08-20T14:28:34.201Z,5419,2026-08-20T14:28:34.201Z,HGT,Hagerstown,5f0dd8ad-486e-4238-8933-2b89499a6e18,SAMMS-Hagerstown
202608201425194199,202608201258108934,202608201258108173,46,9476,P1 Finance 3P Eligibility Bronze - HNT,br_samms_3p_elig,TASK_COMPLETE,SUCCESS,INFO,201,201,0,,2026-08-20T12:58:15.698Z,2026-08-20T14:28:34.201Z,5419,2026-08-20T14:28:34.201Z,HNT,Huntsville,5f0dd8ad-486e-4238-8933-2b89499a6e18,SAMMS-Huntsville
202608201425194201,202608201258108935,202608201258108173,46,9477,P1 Finance 3P Eligibility Bronze - HS,br_samms_3p_elig,TASK_COMPLETE,SUCCESS,INFO,16,16,0,,2026-08-20T12:58:15.698Z,2026-08-20T14:28:34.201Z,5419,2026-08-20T14:28:34.201Z,HS,HotSprings,5f0dd8ad-486e-4238-8933-2b89499a6e18,SAMMS-HotSprings
202608201425194203,202608201258108936,202608201258108173,46,9478,P1 Finance 3P Eligibility Bronze - JON,br_samms_3p_elig,TASK_COMPLETE,SUCCESS,INFO,1425,1425,0,,2026-08-20T12:58:15.698Z,2026-08-20T14:28:34.201Z,5419,2026-08-20T14:28:34.201Z,JON,Jonesboro,5f0dd8ad-486e-4238-8933-2b89499a6e18,SAMMS-Jonesboro
202608201425194205,202608201258108937,202608201258108173,46,9479,P1 Finance 3P Eligibility Bronze - LAN,br_samms_3p_elig,TASK_COMPLETE,SUCCESS,INFO,11,11,0,,2026-08-20T12:58:15.698Z,2026-08-20T14:28:34.201Z,5419,2026-08-20T14:28:34.201Z,LAN,Lansing,5f0dd8ad-486e-4238-8933-2b89499a6e18,SAMMS-Lansing
202608201425194207,202608201258108938,202608201258108173,46,9480,P1 Finance 3P Eligibility Bronze - LO,br_samms_3p_elig,TASK_COMPLETE,SUCCESS,INFO,0,0,0,,2026-08-20T12:58:15.698Z,2026-08-20T14:28:34.201Z,5419,2026-08-20T14:28:34.201Z,LO,Louisville,5f0dd8ad-486e-4238-8933-2b89499a6e18,SAMMS-Louisville
202608201425194209,202608201258108939,202608201258108173,46,9481,P1 Finance 3P Eligibility Bronze - LV1,br_samms_3p_elig,TASK_COMPLETE,SUCCESS,INFO,31,31,0,,2026-08-20T12:58:15.698Z,2026-08-20T14:28:34.201Z,5419,2026-08-20T14:28:34.201Z,LV1,Cheyenne,5f0dd8ad-486e-4238-8933-2b89499a6e18,SAMMS-Cheyenne
202608201425194211,202608201258108940,202608201258108173,46,9482,P1 Finance 3P Eligibility Bronze - LV2,br_samms_3p_elig,TASK_COMPLETE,SUCCESS,INFO,14,14,0,,2026-08-20T12:58:15.698Z,2026-08-20T14:28:34.201Z,5419,2026-08-20T14:28:34.201Z,LV2,DesertInn,5f0dd8ad-486e-4238-8933-2b89499a6e18,SAMMS-DesertInn
202608201425194213,202608201258108941,202608201258108173,46,9483,P1 Finance 3P Eligibility Bronze - LV3,br_samms_3p_elig,TASK_COMPLETE,SUCCESS,INFO,10,10,0,,2026-08-20T12:58:15.698Z,2026-08-20T14:28:34.201Z,5419,2026-08-20T14:28:34.201Z,LV3,McDaniel,5f0dd8ad-486e-4238-8933-2b89499a6e18,SAMMS-McDaniel
202608201425194215,202608201258108942,202608201258108173,46,9484,P1 Finance 3P Eligibility Bronze - MNRE,br_samms_3p_elig,TASK_COMPLETE,SUCCESS,INFO,0,0,0,,2026-08-20T12:58:15.698Z,2026-08-20T14:28:34.201Z,5419,2026-08-20T14:28:34.201Z,MNRE,Monroe,5f0dd8ad-486e-4238-8933-2b89499a6e18,SAMMS-Monroe
202608201425194217,202608201258108943,202608201258108173,46,9485,P1 Finance 3P Eligibility Bronze - MP,br_samms_3p_elig,TASK_COMPLETE,SUCCESS,INFO,1,1,0,,2026-08-20T12:58:15.698Z,2026-08-20T14:28:34.201Z,5419,2026-08-20T14:28:34.201Z,MP,MtPleasant,5f0dd8ad-486e-4238-8933-2b89499a6e18,SAMMS-MtPleasant
202608201425194219,202608201258108944,202608201258108173,46,9486,P1 Finance 3P Eligibility Bronze - MRD,br_samms_3p_elig,TASK_COMPLETE,SUCCESS,INFO,11,11,0,,2026-08-20T12:58:15.698Z,2026-08-20T14:28:34.201Z,5419,2026-08-20T14:28:34.201Z,MRD,Meridian,5f0dd8ad-486e-4238-8933-2b89499a6e18,SAMMS-Meridian
202608201425194221,202608201258108945,202608201258108173,46,9487,P1 Finance 3P Eligibility Bronze - NC,br_samms_3p_elig,TASK_COMPLETE,SUCCESS,INFO,37,37,0,,2026-08-20T12:58:15.698Z,2026-08-20T14:28:34.201Z,5419,2026-08-20T14:28:34.201Z,NC,NorthCharleston,5f0dd8ad-486e-4238-8933-2b89499a6e18,SAMMS-NorthCharleston
202608201425194222,202608201258108946,202608201258108173,46,9488,P1 Finance 3P Eligibility Bronze - NLR,br_samms_3p_elig,TASK_COMPLETE,SUCCESS,INFO,145,145,0,,2026-08-20T12:58:15.698Z,2026-08-20T14:28:34.201Z,5419,2026-08-20T14:28:34.201Z,NLR,NLROBOT,5f0dd8ad-486e-4238-8933-2b89499a6e18,SAMMS-NLROBOT
202608201425194224,202608201258108947,202608201258108173,46,9489,P1 Finance 3P Eligibility Bronze - PH,br_samms_3p_elig,TASK_COMPLETE,SUCCESS,INFO,0,0,0,,2026-08-20T12:58:15.698Z,2026-08-20T14:28:34.201Z,5419,2026-08-20T14:28:34.201Z,PH,Phoenix,5f0dd8ad-486e-4238-8933-2b89499a6e18,SAMMS-Phoenix
202608201425194226,202608201258108948,202608201258108173,46,9490,P1 Finance 3P Eligibility Bronze - RE,br_samms_3p_elig,TASK_COMPLETE,SUCCESS,INFO,14,14,0,,2026-08-20T12:58:15.698Z,2026-08-20T14:28:34.201Z,5419,2026-08-20T14:28:34.201Z,RE,Reno,5f0dd8ad-486e-4238-8933-2b89499a6e18,SAMMS-Reno
202608201425194229,202608201258108949,202608201258108173,46,9491,P1 Finance 3P Eligibility Bronze - RMD,br_samms_3p_elig,TASK_COMPLETE,SUCCESS,INFO,0,0,0,,2026-08-20T12:58:15.698Z,2026-08-20T14:28:34.201Z,5419,2026-08-20T14:28:34.201Z,RMD,Richmond,5f0dd8ad-486e-4238-8933-2b89499a6e18,SAMMS-Richmond
202608201425194231,202608201258108950,202608201258108173,46,9492,P1 Finance 3P Eligibility Bronze - SFN,br_samms_3p_elig,TASK_COMPLETE,SUCCESS,INFO,245,245,0,,2026-08-20T12:58:15.698Z,2026-08-20T14:28:34.201Z,5419,2026-08-20T14:28:34.201Z,SFN,SFN,5f0dd8ad-486e-4238-8933-2b89499a6e18,SAMMS-SFNv5
202608201425194233,202608201258108951,202608201258108173,46,9493,P1 Finance 3P Eligibility Bronze - SHP,br_samms_3p_elig,TASK_COMPLETE,SUCCESS,INFO,0,0,0,,2026-08-20T12:58:15.698Z,2026-08-20T14:28:34.201Z,5419,2026-08-20T14:28:34.201Z,SHP,Shreveport,5f0dd8ad-486e-4238-8933-2b89499a6e18,SAMMS-Shreveport
202608201425194235,202608201258108952,202608201258108173,46,9494,P1 Finance 3P Eligibility Bronze - STN,br_samms_3p_elig,TASK_COMPLETE,SUCCESS,INFO,0,0,0,,2026-08-20T12:58:15.698Z,2026-08-20T14:28:34.201Z,5419,2026-08-20T14:28:34.201Z,STN,Staunton,5f0dd8ad-486e-4238-8933-2b89499a6e18,SAMMS-Staunton
202608201425194237,202608201258108953,202608201258108173,46,9495,P1 Finance 3P Eligibility Bronze - STVN,br_samms_3p_elig,TASK_COMPLETE,SUCCESS,INFO,38,38,0,,2026-08-20T12:58:15.698Z,2026-08-20T14:28:34.201Z,5419,2026-08-20T14:28:34.201Z,STVN,Stevenson,5f0dd8ad-486e-4238-8933-2b89499a6e18,SAMMS-Stevenson
202608201425194239,202608201258108954,202608201258108173,46,9496,P1 Finance 3P Eligibility Bronze - TE,br_samms_3p_elig,TASK_COMPLETE,SUCCESS,INFO,0,0,0,,2026-08-20T12:58:15.698Z,2026-08-20T14:28:34.201Z,5419,2026-08-20T14:28:34.201Z,TE,Tempe,5f0dd8ad-486e-4238-8933-2b89499a6e18,SAMMS-Tempe
202608241333250981,202608241253387126,202608241253386616,88,5170,P1 Reference Dropdown List Items Bronze - BOI,br_samms_dropdown_list_items,TASK_COMPLETE,FAILED,ERROR,0,0,1,SavedropDownListItems Bronze ForEach failed,2026-08-24T12:53:42.369Z,2026-08-24T13:42:52.652Z,2950,2026-08-24T13:42:52.652Z,BOI,Boise,8f1806c1-b1f2-4ac5-b25b-086fec51b8fb,SAMMS-Boise
202608241333250982,202608241253387127,202608241253386616,88,5171,P1 Reference Dropdown List Items Bronze - CBCO,br_samms_dropdown_list_items,TASK_COMPLETE,FAILED,ERROR,0,0,1,SavedropDownListItems Bronze ForEach failed,2026-08-24T12:53:42.369Z,2026-08-24T13:42:52.652Z,2950,2026-08-24T13:42:52.652Z,CBCO,CoeurdAlene,8f1806c1-b1f2-4ac5-b25b-086fec51b8fb,SAMMS-CoeurdAleneV6
202608241333250984,202608241253387128,202608241253386616,88,5172,P1 Reference Dropdown List Items Bronze - CON,br_samms_dropdown_list_items,TASK_COMPLETE,FAILED,ERROR,0,0,1,SavedropDownListItems Bronze ForEach failed,2026-08-24T12:53:42.369Z,2026-08-24T13:42:52.652Z,2950,2026-08-24T13:42:52.652Z,CON,Conway,8f1806c1-b1f2-4ac5-b25b-086fec51b8fb,SAMMS-Conway
202608241333250986,202608241253387129,202608241253386616,88,5173,P1 Reference Dropdown List Items Bronze - D07,br_samms_dropdown_list_items,TASK_COMPLETE,FAILED,ERROR,0,0,1,SavedropDownListItems Bronze ForEach failed,2026-08-24T12:53:42.369Z,2026-08-24T13:42:52.652Z,2950,2026-08-24T13:42:52.652Z,D07,Knoxville,8f1806c1-b1f2-4ac5-b25b-086fec51b8fb,SAMMS-KnoxvilleV6
202608241333250987,202608241253387130,202608241253386616,88,5174,P1 Reference Dropdown List Items Bronze - D08,br_samms_dropdown_list_items,TASK_COMPLETE,FAILED,ERROR,0,0,1,SavedropDownListItems Bronze ForEach failed,2026-08-24T12:53:42.369Z,2026-08-24T13:42:52.652Z,2950,2026-08-24T13:42:52.652Z,D08,Madison,8f1806c1-b1f2-4ac5-b25b-086fec51b8fb,SAMMS-MadisonV6
202608241333250989,202608241253387131,202608241253386616,88,5175,P1 Reference Dropdown List Items Bronze - D09,br_samms_dropdown_list_items,TASK_COMPLETE,FAILED,ERROR,0,0,1,SavedropDownListItems Bronze ForEach failed,2026-08-24T12:53:42.369Z,2026-08-24T13:42:52.652Z,2950,2026-08-24T13:42:52.652Z,D09,Murfreesboro,8f1806c1-b1f2-4ac5-b25b-086fec51b8fb,SAMMS-MurfreesboroV6
202608241333250991,202608241253387132,202608241253386616,88,5176,P1 Reference Dropdown List Items Bronze - DA,br_samms_dropdown_list_items,TASK_COMPLETE,FAILED,ERROR,0,0,1,SavedropDownListItems Bronze ForEach failed,2026-08-24T12:53:42.369Z,2026-08-24T13:42:52.652Z,2950,2026-08-24T13:42:52.652Z,DA,Davenport,8f1806c1-b1f2-4ac5-b25b-086fec51b8fb,SAMMS-Davenport
202608241333250992,202608241253387133,202608241253386616,88,5177,P1 Reference Dropdown List Items Bronze - DM,br_samms_dropdown_list_items,TASK_COMPLETE,FAILED,ERROR,0,0,1,SavedropDownListItems Bronze ForEach failed,2026-08-24T12:53:42.369Z,2026-08-24T13:42:52.652Z,2950,2026-08-24T13:42:52.652Z,DM,DesMoines,8f1806c1-b1f2-4ac5-b25b-086fec51b8fb,SAMMS-DesMoines
202608241333250994,202608241253387134,202608241253386616,88,5178,P1 Reference Dropdown List Items Bronze - DRD-CO,br_samms_dropdown_list_items,TASK_COMPLETE,FAILED,ERROR,0,0,1,SavedropDownListItems Bronze ForEach failed,2026-08-24T12:53:42.369Z,2026-08-24T13:42:52.652Z,2950,2026-08-24T13:42:52.652Z,DRD-CO,Columbia,8f1806c1-b1f2-4ac5-b25b-086fec51b8fb,SAMMS-ColumbiaV5
202608241333250996,202608241253387135,202608241253386616,88,5179,P1 Reference Dropdown List Items Bronze - DRD-KC,br_samms_dropdown_list_items,TASK_COMPLETE,FAILED,ERROR,0,0,1,SavedropDownListItems Bronze ForEach failed,2026-08-24T12:53:42.369Z,2026-08-24T13:42:52.652Z,2950,2026-08-24T13:42:52.652Z,DRD-KC,KC,8f1806c1-b1f2-4ac5-b25b-086fec51b8fb,SAMMS-KCv5
202608241333250997,202608241253387136,202608241253386616,88,5180,P1 Reference Dropdown List Items Bronze - DRD-KVB,br_samms_dropdown_list_items,TASK_COMPLETE,FAILED,ERROR,0,0,1,SavedropDownListItems Bronze ForEach failed,2026-08-24T12:53:42.369Z,2026-08-24T13:42:52.652Z,2950,2026-08-24T13:42:52.652Z,DRD-KVB,KVB,8f1806c1-b1f2-4ac5-b25b-086fec51b8fb,SAMMS-KVBv5
202608241333250999,202608241253387137,202608241253386616,88,5181,P1 Reference Dropdown List Items Bronze - DRD-KVC,br_samms_dropdown_list_items,TASK_COMPLETE,FAILED,ERROR,0,0,1,SavedropDownListItems Bronze ForEach failed,2026-08-24T12:53:42.369Z,2026-08-24T13:42:52.652Z,2950,2026-08-24T13:42:52.652Z,DRD-KVC,KVC,8f1806c1-b1f2-4ac5-b25b-086fec51b8fb,SAMMS-KVCv5
202608241333251001,202608241253387138,202608241253386616,88,5182,P1 Reference Dropdown List Items Bronze - DRD-NOLA,br_samms_dropdown_list_items,TASK_COMPLETE,FAILED,ERROR,0,0,1,SavedropDownListItems Bronze ForEach failed,2026-08-24T12:53:42.369Z,2026-08-24T13:42:52.652Z,2950,2026-08-24T13:42:52.652Z,DRD-NOLA,NOLA,8f1806c1-b1f2-4ac5-b25b-086fec51b8fb,SAMMS-NOLAv5
202608241333251003,202608241253387139,202608241253386616,88,5183,P1 Reference Dropdown List Items Bronze - DRD-SF,br_samms_dropdown_list_items,TASK_COMPLETE,FAILED,ERROR,0,0,1,SavedropDownListItems Bronze ForEach failed,2026-08-24T12:53:42.369Z,2026-08-24T13:42:52.652Z,2950,2026-08-24T13:42:52.652Z,DRD-SF,SF,8f1806c1-b1f2-4ac5-b25b-086fec51b8fb,SAMMS-SFv5
202608241448406836,202608241408172312,202608241408171802,88,5170,P1 Reference Dropdown List Items Bronze - BOI,br_samms_dropdown_list_items,TASK_COMPLETE,FAILED,ERROR,0,0,1,SavedropDownListItems Bronze ForEach failed,2026-08-24T14:08:21.733Z,2026-08-24T15:03:37.584Z,3316,2026-08-24T15:03:37.584Z,BOI,Boise,6c7532c9-dcb1-40a3-beaa-690039713dec,SAMMS-Boise
202608241448406837,202608241408172313,202608241408171802,88,5171,P1 Reference Dropdown List Items Bronze - CBCO,br_samms_dropdown_list_items,TASK_COMPLETE,FAILED,ERROR,0,0,1,SavedropDownListItems Bronze ForEach failed,2026-08-24T14:08:21.733Z,2026-08-24T15:03:37.584Z,3316,2026-08-24T15:03:37.584Z,CBCO,CoeurdAlene,6c7532c9-dcb1-40a3-beaa-690039713dec,SAMMS-CoeurdAleneV6
202608241448406839,202608241408172314,202608241408171802,88,5172,P1 Reference Dropdown List Items Bronze - CON,br_samms_dropdown_list_items,TASK_COMPLETE,FAILED,ERROR,0,0,1,SavedropDownListItems Bronze ForEach failed,2026-08-24T14:08:21.733Z,2026-08-24T15:03:37.584Z,3316,2026-08-24T15:03:37.584Z,CON,Conway,6c7532c9-dcb1-40a3-beaa-690039713dec,SAMMS-Conway
202608241448406840,202608241408172315,202608241408171802,88,5173,P1 Reference Dropdown List Items Bronze - D07,br_samms_dropdown_list_items,TASK_COMPLETE,FAILED,ERROR,0,0,1,SavedropDownListItems Bronze ForEach failed,2026-08-24T14:08:21.733Z,2026-08-24T15:03:37.584Z,3316,2026-08-24T15:03:37.584Z,D07,Knoxville,6c7532c9-dcb1-40a3-beaa-690039713dec,SAMMS-KnoxvilleV6
202608241448406842,202608241408172316,202608241408171802,88,5174,P1 Reference Dropdown List Items Bronze - D08,br_samms_dropdown_list_items,TASK_COMPLETE,FAILED,ERROR,0,0,1,SavedropDownListItems Bronze ForEach failed,2026-08-24T14:08:21.733Z,2026-08-24T15:03:37.584Z,3316,2026-08-24T15:03:37.584Z,D08,Madison,6c7532c9-dcb1-40a3-beaa-690039713dec,SAMMS-MadisonV6
202608241448406843,202608241408172317,202608241408171802,88,5175,P1 Reference Dropdown List Items Bronze - D09,br_samms_dropdown_list_items,TASK_COMPLETE,FAILED,ERROR,0,0,1,SavedropDownListItems Bronze ForEach failed,2026-08-24T14:08:21.733Z,2026-08-24T15:03:37.584Z,3316,2026-08-24T15:03:37.584Z,D09,Murfreesboro,6c7532c9-dcb1-40a3-beaa-690039713dec,SAMMS-MurfreesboroV6
202608241448406845,202608241408172318,202608241408171802,88,5176,P1 Reference Dropdown List Items Bronze - DA,br_samms_dropdown_list_items,TASK_COMPLETE,FAILED,ERROR,0,0,1,SavedropDownListItems Bronze ForEach failed,2026-08-24T14:08:21.733Z,2026-08-24T15:03:37.584Z,3316,2026-08-24T15:03:37.584Z,DA,Davenport,6c7532c9-dcb1-40a3-beaa-690039713dec,SAMMS-Davenport
202608241448406846,202608241408172319,202608241408171802,88,5177,P1 Reference Dropdown List Items Bronze - DM,br_samms_dropdown_list_items,TASK_COMPLETE,FAILED,ERROR,0,0,1,SavedropDownListItems Bronze ForEach failed,2026-08-24T14:08:21.733Z,2026-08-24T15:03:37.584Z,3316,2026-08-24T15:03:37.584Z,DM,DesMoines,6c7532c9-dcb1-40a3-beaa-690039713dec,SAMMS-DesMoines
202608241448406848,202608241408172320,202608241408171802,88,5178,P1 Reference Dropdown List Items Bronze - DRD-CO,br_samms_dropdown_list_items,TASK_COMPLETE,FAILED,ERROR,0,0,1,SavedropDownListItems Bronze ForEach failed,2026-08-24T14:08:21.733Z,2026-08-24T15:03:37.584Z,3316,2026-08-24T15:03:37.584Z,DRD-CO,Columbia,6c7532c9-dcb1-40a3-beaa-690039713dec,SAMMS-ColumbiaV5
202608241448406850,202608241408172321,202608241408171802,88,5179,P1 Reference Dropdown List Items Bronze - DRD-KC,br_samms_dropdown_list_items,TASK_COMPLETE,FAILED,ERROR,0,0,1,SavedropDownListItems Bronze ForEach failed,2026-08-24T14:08:21.733Z,2026-08-24T15:03:37.584Z,3316,2026-08-24T15:03:37.584Z,DRD-KC,KC,6c7532c9-dcb1-40a3-beaa-690039713dec,SAMMS-KCv5
202608241448406851,202608241408172322,202608241408171802,88,5180,P1 Reference Dropdown List Items Bronze - DRD-KVB,br_samms_dropdown_list_items,TASK_COMPLETE,FAILED,ERROR,0,0,1,SavedropDownListItems Bronze ForEach failed,2026-08-24T14:08:21.733Z,2026-08-24T15:03:37.584Z,3316,2026-08-24T15:03:37.584Z,DRD-KVB,KVB,6c7532c9-dcb1-40a3-beaa-690039713dec,SAMMS-KVBv5
202608241448406853,202608241408172323,202608241408171802,88,5181,P1 Reference Dropdown List Items Bronze - DRD-KVC,br_samms_dropdown_list_items,TASK_COMPLETE,FAILED,ERROR,0,0,1,SavedropDownListItems Bronze ForEach failed,2026-08-24T14:08:21.733Z,2026-08-24T15:03:37.584Z,3316,2026-08-24T15:03:37.584Z,DRD-KVC,KVC,6c7532c9-dcb1-40a3-beaa-690039713dec,SAMMS-KVCv5
202608241448406854,202608241408172324,202608241408171802,88,5182,P1 Reference Dropdown List Items Bronze - DRD-NOLA,br_samms_dropdown_list_items,TASK_COMPLETE,FAILED,ERROR,0,0,1,SavedropDownListItems Bronze ForEach failed,2026-08-24T14:08:21.733Z,2026-08-24T15:03:37.584Z,3316,2026-08-24T15:03:37.584Z,DRD-NOLA,NOLA,6c7532c9-dcb1-40a3-beaa-690039713dec,SAMMS-NOLAv5
202608241448406856,202608241408172325,202608241408171802,88,5183,P1 Reference Dropdown List Items Bronze - DRD-SF,br_samms_dropdown_list_items,TASK_COMPLETE,FAILED,ERROR,0,0,1,SavedropDownListItems Bronze ForEach failed,2026-08-24T14:08:21.733Z,2026-08-24T15:03:37.584Z,3316,2026-08-24T15:03:37.584Z,DRD-SF,SF,6c7532c9-dcb1-40a3-beaa-690039713dec,SAMMS-SFv5
202608241333250552,202608241253387210,202608241253386616,88,5256,P1 Reference Custom Answers Bronze - B35A,br_samms_custom_answers,TASK_COMPLETE,FAILED,ERROR,0,0,1,SaveCustomAnswers Bronze ForEach failed,2026-08-24T12:53:42.369Z,2026-08-24T13:42:52.652Z,2950,2026-08-24T13:42:52.652Z,B35A,Berea,8f1806c1-b1f2-4ac5-b25b-086fec51b8fb,SAMMS-BereaV5
202608241333250554,202608241253387211,202608241253386616,88,5257,P1 Reference Custom Answers Bronze - B36,br_samms_custom_answers,TASK_COMPLETE,FAILED,ERROR,0,0,1,SaveCustomAnswers Bronze ForEach failed,2026-08-24T12:53:42.369Z,2026-08-24T13:42:52.652Z,2950,2026-08-24T13:42:52.652Z,B36,Asheville,8f1806c1-b1f2-4ac5-b25b-086fec51b8fb,SAMMS-AshevilleV5
202608241333250555,202608241253387212,202608241253386616,88,5258,P1 Reference Custom Answers Bronze - B37,br_samms_custom_answers,TASK_COMPLETE,FAILED,ERROR,0,0,1,SaveCustomAnswers Bronze ForEach failed,2026-08-24T12:53:42.369Z,2026-08-24T13:42:52.652Z,2950,2026-08-24T13:42:52.652Z,B37,Clyde,8f1806c1-b1f2-4ac5-b25b-086fec51b8fb,SAMMS-ClydeV5
202608241333250556,202608241253387213,202608241253386616,88,5259,P1 Reference Custom Answers Bronze - B38,br_samms_custom_answers,TASK_COMPLETE,FAILED,ERROR,0,0,1,SaveCustomAnswers Bronze ForEach failed,2026-08-24T12:53:42.369Z,2026-08-24T13:42:52.652Z,2950,2026-08-24T13:42:52.652Z,B38,Spartanburg,8f1806c1-b1f2-4ac5-b25b-086fec51b8fb,SAMMS-SpartanburgV5
202608241333250557,202608241253387214,202608241253386616,88,5260,P1 Reference Custom Answers Bronze - B39,br_samms_custom_answers,TASK_COMPLETE,FAILED,ERROR,0,0,1,SaveCustomAnswers Bronze ForEach failed,2026-08-24T12:53:42.369Z,2026-08-24T13:42:52.652Z,2950,2026-08-24T13:42:52.652Z,B39,Aiken,8f1806c1-b1f2-4ac5-b25b-086fec51b8fb,SAMMS-AikenV5
202608241333250558,202608241253387215,202608241253386616,88,5261,P1 Reference Custom Answers Bronze - B41,br_samms_custom_answers,TASK_COMPLETE,FAILED,ERROR,0,0,1,SaveCustomAnswers Bronze ForEach failed,2026-08-24T12:53:42.369Z,2026-08-24T13:42:52.652Z,2950,2026-08-24T13:42:52.652Z,B41,Chesapeake,8f1806c1-b1f2-4ac5-b25b-086fec51b8fb,SAMMS-ChesapeakeV5
202608241333250560,202608241253387216,202608241253386616,88,5262,P1 Reference Custom Answers Bronze - B42,br_samms_custom_answers,TASK_COMPLETE,FAILED,ERROR,0,0,1,SaveCustomAnswers Bronze ForEach failed,2026-08-24T12:53:42.369Z,2026-08-24T13:42:52.652Z,2950,2026-08-24T13:42:52.652Z,B42,VirginiaBeach,8f1806c1-b1f2-4ac5-b25b-086fec51b8fb,SAMMS-VirginiaBeachV5
202608241333250561,202608241253387217,202608241253386616,88,5263,P1 Reference Custom Answers Bronze - B42A,br_samms_custom_answers,TASK_COMPLETE,FAILED,ERROR,0,0,1,SaveCustomAnswers Bronze ForEach failed,2026-08-24T12:53:42.369Z,2026-08-24T13:42:52.652Z,2950,2026-08-24T13:42:52.652Z,B42A,NewportNews,8f1806c1-b1f2-4ac5-b25b-086fec51b8fb,SAMMS-NewportNewsV5
202608241333250563,202608241253387218,202608241253386616,88,5264,P1 Reference Custom Answers Bronze - B42B,br_samms_custom_answers,TASK_COMPLETE,FAILED,ERROR,0,0,1,SaveCustomAnswers Bronze ForEach failed,2026-08-24T12:53:42.369Z,2026-08-24T13:42:52.652Z,2950,2026-08-24T13:42:52.652Z,B42B,Franklin,8f1806c1-b1f2-4ac5-b25b-086fec51b8fb,SAMMS-FranklinV5
202608241333250564,202608241253387219,202608241253386616,88,5265,P1 Reference Custom Answers Bronze - B42C,br_samms_custom_answers,TASK_COMPLETE,FAILED,ERROR,0,0,1,SaveCustomAnswers Bronze ForEach failed,2026-08-24T12:53:42.369Z,2026-08-24T13:42:52.652Z,2950,2026-08-24T13:42:52.652Z,B42C,GlenAllen,8f1806c1-b1f2-4ac5-b25b-086fec51b8fb,SAMMS-GlenAllenV5
202608241333250565,202608241253387220,202608241253386616,88,5266,P1 Reference Custom Answers Bronze - B42D,br_samms_custom_answers,TASK_COMPLETE,FAILED,ERROR,0,0,1,SaveCustomAnswers Bronze ForEach failed,2026-08-24T12:53:42.369Z,2026-08-24T13:42:52.652Z,2950,2026-08-24T13:42:52.652Z,B42D,ChesapeakeSouth,8f1806c1-b1f2-4ac5-b25b-086fec51b8fb,SAMMS-ChesapeakeSouthV5
202608241333250566,202608241253387221,202608241253386616,88,5267,P1 Reference Custom Answers Bronze - B44,br_samms_custom_answers,TASK_COMPLETE,FAILED,ERROR,0,0,1,SaveCustomAnswers Bronze ForEach failed,2026-08-24T12:53:42.369Z,2026-08-24T13:42:52.652Z,2950,2026-08-24T13:42:52.652Z,B44,Albany,8f1806c1-b1f2-4ac5-b25b-086fec51b8fb,SAMMS-AlbanyV5
202608241333250568,202608241253387222,202608241253386616,88,5268,P1 Reference Custom Answers Bronze - B45,br_samms_custom_answers,TASK_COMPLETE,FAILED,ERROR,0,0,1,SaveCustomAnswers Bronze ForEach failed,2026-08-24T12:53:42.369Z,2026-08-24T13:42:52.652Z,2950,2026-08-24T13:42:52.652Z,B45,Tifton,8f1806c1-b1f2-4ac5-b25b-086fec51b8fb,SAMMS-TiftonV5
202608241333250569,202608241253387223,202608241253386616,88,5269,P1 Reference Custom Answers Bronze - B46,br_samms_custom_answers,TASK_COMPLETE,FAILED,ERROR,0,0,1,SaveCustomAnswers Bronze ForEach failed,2026-08-24T12:53:42.369Z,2026-08-24T13:42:52.652Z,2950,2026-08-24T13:42:52.652Z,B46,WashingtonDC,8f1806c1-b1f2-4ac5-b25b-086fec51b8fb,SAMMS-WashingtonDCv5
202608241448406406,202608241408172396,202608241408171802,88,5256,P1 Reference Custom Answers Bronze - B35A,br_samms_custom_answers,TASK_COMPLETE,FAILED,ERROR,0,0,1,SaveCustomAnswers Bronze ForEach failed,2026-08-24T14:08:21.733Z,2026-08-24T15:03:37.584Z,3316,2026-08-24T15:03:37.584Z,B35A,Berea,6c7532c9-dcb1-40a3-beaa-690039713dec,SAMMS-BereaV5
202608241448406408,202608241408172397,202608241408171802,88,5257,P1 Reference Custom Answers Bronze - B36,br_samms_custom_answers,TASK_COMPLETE,FAILED,ERROR,0,0,1,SaveCustomAnswers Bronze ForEach failed,2026-08-24T14:08:21.733Z,2026-08-24T15:03:37.584Z,3316,2026-08-24T15:03:37.584Z,B36,Asheville,6c7532c9-dcb1-40a3-beaa-690039713dec,SAMMS-AshevilleV5
202608241448406409,202608241408172398,202608241408171802,88,5258,P1 Reference Custom Answers Bronze - B37,br_samms_custom_answers,TASK_COMPLETE,FAILED,ERROR,0,0,1,SaveCustomAnswers Bronze ForEach failed,2026-08-24T14:08:21.733Z,2026-08-24T15:03:37.584Z,3316,2026-08-24T15:03:37.584Z,B37,Clyde,6c7532c9-dcb1-40a3-beaa-690039713dec,SAMMS-ClydeV5
202608241448406411,202608241408172399,202608241408171802,88,5259,P1 Reference Custom Answers Bronze - B38,br_samms_custom_answers,TASK_COMPLETE,FAILED,ERROR,0,0,1,SaveCustomAnswers Bronze ForEach failed,2026-08-24T14:08:21.733Z,2026-08-24T15:03:37.584Z,3316,2026-08-24T15:03:37.584Z,B38,Spartanburg,6c7532c9-dcb1-40a3-beaa-690039713dec,SAMMS-SpartanburgV5
202608241448406412,202608241408172400,202608241408171802,88,5260,P1 Reference Custom Answers Bronze - B39,br_samms_custom_answers,TASK_COMPLETE,FAILED,ERROR,0,0,1,SaveCustomAnswers Bronze ForEach failed,2026-08-24T14:08:21.733Z,2026-08-24T15:03:37.584Z,3316,2026-08-24T15:03:37.584Z,B39,Aiken,6c7532c9-dcb1-40a3-beaa-690039713dec,SAMMS-AikenV5
202608241448406413,202608241408172401,202608241408171802,88,5261,P1 Reference Custom Answers Bronze - B41,br_samms_custom_answers,TASK_COMPLETE,FAILED,ERROR,0,0,1,SaveCustomAnswers Bronze ForEach failed,2026-08-24T14:08:21.733Z,2026-08-24T15:03:37.584Z,3316,2026-08-24T15:03:37.584Z,B41,Chesapeake,6c7532c9-dcb1-40a3-beaa-690039713dec,SAMMS-ChesapeakeV5
202608241448406415,202608241408172402,202608241408171802,88,5262,P1 Reference Custom Answers Bronze - B42,br_samms_custom_answers,TASK_COMPLETE,FAILED,ERROR,0,0,1,SaveCustomAnswers Bronze ForEach failed,2026-08-24T14:08:21.733Z,2026-08-24T15:03:37.584Z,3316,2026-08-24T15:03:37.584Z,B42,VirginiaBeach,6c7532c9-dcb1-40a3-beaa-690039713dec,SAMMS-VirginiaBeachV5
202608241448406416,202608241408172403,202608241408171802,88,5263,P1 Reference Custom Answers Bronze - B42A,br_samms_custom_answers,TASK_COMPLETE,FAILED,ERROR,0,0,1,SaveCustomAnswers Bronze ForEach failed,2026-08-24T14:08:21.733Z,2026-08-24T15:03:37.584Z,3316,2026-08-24T15:03:37.584Z,B42A,NewportNews,6c7532c9-dcb1-40a3-beaa-690039713dec,SAMMS-NewportNewsV5
202608241448406417,202608241408172404,202608241408171802,88,5264,P1 Reference Custom Answers Bronze - B42B,br_samms_custom_answers,TASK_COMPLETE,FAILED,ERROR,0,0,1,SaveCustomAnswers Bronze ForEach failed,2026-08-24T14:08:21.733Z,2026-08-24T15:03:37.584Z,3316,2026-08-24T15:03:37.584Z,B42B,Franklin,6c7532c9-dcb1-40a3-beaa-690039713dec,SAMMS-FranklinV5
202608241448406418,202608241408172405,202608241408171802,88,5265,P1 Reference Custom Answers Bronze - B42C,br_samms_custom_answers,TASK_COMPLETE,FAILED,ERROR,0,0,1,SaveCustomAnswers Bronze ForEach failed,2026-08-24T14:08:21.733Z,2026-08-24T15:03:37.584Z,3316,2026-08-24T15:03:37.584Z,B42C,GlenAllen,6c7532c9-dcb1-40a3-beaa-690039713dec,SAMMS-GlenAllenV5
202608241448406420,202608241408172406,202608241408171802,88,5266,P1 Reference Custom Answers Bronze - B42D,br_samms_custom_answers,TASK_COMPLETE,FAILED,ERROR,0,0,1,SaveCustomAnswers Bronze ForEach failed,2026-08-24T14:08:21.733Z,2026-08-24T15:03:37.584Z,3316,2026-08-24T15:03:37.584Z,B42D,ChesapeakeSouth,6c7532c9-dcb1-40a3-beaa-690039713dec,SAMMS-ChesapeakeSouthV5
202608241448406421,202608241408172407,202608241408171802,88,5267,P1 Reference Custom Answers Bronze - B44,br_samms_custom_answers,TASK_COMPLETE,FAILED,ERROR,0,0,1,SaveCustomAnswers Bronze ForEach failed,2026-08-24T14:08:21.733Z,2026-08-24T15:03:37.584Z,3316,2026-08-24T15:03:37.584Z,B44,Albany,6c7532c9-dcb1-40a3-beaa-690039713dec,SAMMS-AlbanyV5
202608241448406422,202608241408172408,202608241408171802,88,5268,P1 Reference Custom Answers Bronze - B45,br_samms_custom_answers,TASK_COMPLETE,FAILED,ERROR,0,0,1,SaveCustomAnswers Bronze ForEach failed,2026-08-24T14:08:21.733Z,2026-08-24T15:03:37.584Z,3316,2026-08-24T15:03:37.584Z,B45,Tifton,6c7532c9-dcb1-40a3-beaa-690039713dec,SAMMS-TiftonV5
202608241448406424,202608241408172409,202608241408171802,88,5269,P1 Reference Custom Answers Bronze - B46,br_samms_custom_answers,TASK_COMPLETE,FAILED,ERROR,0,0,1,SaveCustomAnswers Bronze ForEach failed,2026-08-24T14:08:21.733Z,2026-08-24T15:03:37.584Z,3316,2026-08-24T15:03:37.584Z,B46,WashingtonDC,6c7532c9-dcb1-40a3-beaa-690039713dec,SAMMS-WashingtonDCv5
202608241333250812,202608241253387377,202608241253386616,88,5425,P1 Reference Custom Questions Bronze - FW,br_samms_custom_questions,TASK_COMPLETE,FAILED,ERROR,0,0,1,SaveCustomQuestions Bronze ForEach failed,2026-08-24T12:53:42.369Z,2026-08-24T13:42:52.652Z,2950,2026-08-24T13:42:52.652Z,FW,FortWayne,8f1806c1-b1f2-4ac5-b25b-086fec51b8fb,SAMMS-FortWayne
202608241333250814,202608241253387378,202608241253386616,88,5426,P1 Reference Custom Questions Bronze - GAL,br_samms_custom_questions,TASK_COMPLETE,FAILED,ERROR,0,0,1,SaveCustomQuestions Bronze ForEach failed,2026-08-24T12:53:42.369Z,2026-08-24T13:42:52.652Z,2950,2026-08-24T13:42:52.652Z,GAL,Gaylord,8f1806c1-b1f2-4ac5-b25b-086fec51b8fb,SAMMS-Gaylord
202608241333250816,202608241253387379,202608241253386616,88,5427,P1 Reference Custom Questions Bronze - HGT,br_samms_custom_questions,TASK_COMPLETE,FAILED,ERROR,0,0,1,SaveCustomQuestions Bronze ForEach failed,2026-08-24T12:53:42.369Z,2026-08-24T13:42:52.652Z,2950,2026-08-24T13:42:52.652Z,HGT,Hagerstown,8f1806c1-b1f2-4ac5-b25b-086fec51b8fb,SAMMS-Hagerstown
202608241333250817,202608241253387380,202608241253386616,88,5428,P1 Reference Custom Questions Bronze - HNT,br_samms_custom_questions,TASK_COMPLETE,FAILED,ERROR,0,0,1,SaveCustomQuestions Bronze ForEach failed,2026-08-24T12:53:42.369Z,2026-08-24T13:42:52.652Z,2950,2026-08-24T13:42:52.652Z,HNT,Huntsville,8f1806c1-b1f2-4ac5-b25b-086fec51b8fb,SAMMS-Huntsville
202608241333250819,202608241253387381,202608241253386616,88,5429,P1 Reference Custom Questions Bronze - HS,br_samms_custom_questions,TASK_COMPLETE,FAILED,ERROR,0,0,1,SaveCustomQuestions Bronze ForEach failed,2026-08-24T12:53:42.369Z,2026-08-24T13:42:52.652Z,2950,2026-08-24T13:42:52.652Z,HS,HotSprings,8f1806c1-b1f2-4ac5-b25b-086fec51b8fb,SAMMS-HotSprings
202608241333250821,202608241253387382,202608241253386616,88,5430,P1 Reference Custom Questions Bronze - JON,br_samms_custom_questions,TASK_COMPLETE,FAILED,ERROR,0,0,1,SaveCustomQuestions Bronze ForEach failed,2026-08-24T12:53:42.369Z,2026-08-24T13:42:52.652Z,2950,2026-08-24T13:42:52.652Z,JON,Jonesboro,8f1806c1-b1f2-4ac5-b25b-086fec51b8fb,SAMMS-Jonesboro
202608241333250822,202608241253387383,202608241253386616,88,8607,P1 Reference Custom Questions Bronze - LAB,br_samms_custom_questions,TASK_COMPLETE,FAILED,ERROR,0,0,1,SaveCustomQuestions Bronze ForEach failed,2026-08-24T12:53:42.369Z,2026-08-24T13:42:52.652Z,2950,2026-08-24T13:42:52.652Z,LAB,Lab,8f1806c1-b1f2-4ac5-b25b-086fec51b8fb,SAMMS-LabV5-V2
202608241333250824,202608241253387384,202608241253386616,88,5431,P1 Reference Custom Questions Bronze - LAN,br_samms_custom_questions,TASK_COMPLETE,FAILED,ERROR,0,0,1,SaveCustomQuestions Bronze ForEach failed,2026-08-24T12:53:42.369Z,2026-08-24T13:42:52.652Z,2950,2026-08-24T13:42:52.652Z,LAN,Lansing,8f1806c1-b1f2-4ac5-b25b-086fec51b8fb,SAMMS-Lansing
202608241333250825,202608241253387385,202608241253386616,88,5432,P1 Reference Custom Questions Bronze - LO,br_samms_custom_questions,TASK_COMPLETE,FAILED,ERROR,0,0,1,SaveCustomQuestions Bronze ForEach failed,2026-08-24T12:53:42.369Z,2026-08-24T13:42:52.652Z,2950,2026-08-24T13:42:52.652Z,LO,Louisville,8f1806c1-b1f2-4ac5-b25b-086fec51b8fb,SAMMS-Louisville
202608241333250827,202608241253387386,202608241253386616,88,5433,P1 Reference Custom Questions Bronze - LV1,br_samms_custom_questions,TASK_COMPLETE,FAILED,ERROR,0,0,1,SaveCustomQuestions Bronze ForEach failed,2026-08-24T12:53:42.369Z,2026-08-24T13:42:52.652Z,2950,2026-08-24T13:42:52.652Z,LV1,Cheyenne,8f1806c1-b1f2-4ac5-b25b-086fec51b8fb,SAMMS-Cheyenne
202608241333250829,202608241253387387,202608241253386616,88,5434,P1 Reference Custom Questions Bronze - LV2,br_samms_custom_questions,TASK_COMPLETE,FAILED,ERROR,0,0,1,SaveCustomQuestions Bronze ForEach failed,2026-08-24T12:53:42.369Z,2026-08-24T13:42:52.652Z,2950,2026-08-24T13:42:52.652Z,LV2,DesertInn,8f1806c1-b1f2-4ac5-b25b-086fec51b8fb,SAMMS-DesertInn
202608241333250831,202608241253387388,202608241253386616,88,5435,P1 Reference Custom Questions Bronze - LV3,br_samms_custom_questions,TASK_COMPLETE,FAILED,ERROR,0,0,1,SaveCustomQuestions Bronze ForEach failed,2026-08-24T12:53:42.369Z,2026-08-24T13:42:52.652Z,2950,2026-08-24T13:42:52.652Z,LV3,McDaniel,8f1806c1-b1f2-4ac5-b25b-086fec51b8fb,SAMMS-McDaniel
202608241333250832,202608241253387389,202608241253386616,88,5436,P1 Reference Custom Questions Bronze - MNRE,br_samms_custom_questions,TASK_COMPLETE,FAILED,ERROR,0,0,1,SaveCustomQuestions Bronze ForEach failed,2026-08-24T12:53:42.369Z,2026-08-24T13:42:52.652Z,2950,2026-08-24T13:42:52.652Z,MNRE,Monroe,8f1806c1-b1f2-4ac5-b25b-086fec51b8fb,SAMMS-Monroe
202608241333250834,202608241253387390,202608241253386616,88,5437,P1 Reference Custom Questions Bronze - MP,br_samms_custom_questions,TASK_COMPLETE,FAILED,ERROR,0,0,1,SaveCustomQuestions Bronze ForEach failed,2026-08-24T12:53:42.369Z,2026-08-24T13:42:52.652Z,2950,2026-08-24T13:42:52.652Z,MP,MtPleasant,8f1806c1-b1f2-4ac5-b25b-086fec51b8fb,SAMMS-MtPleasant
202608241448407250,202608241408172679,202608241408171802,88,5543,P1 Reference PreAdmission V6 Bronze - FW,br_samms_pre_admission_v6,TASK_COMPLETE,FAILED,ERROR,0,0,1,SavePreAdmissionV6 Bronze ForEach failed,2026-08-24T14:08:21.733Z,2026-08-24T15:03:37.584Z,3316,2026-08-24T15:03:37.584Z,FW,FortWayne,6c7532c9-dcb1-40a3-beaa-690039713dec,SAMMS-FortWayne
202608241448407252,202608241408172680,202608241408171802,88,5544,P1 Reference PreAdmission V6 Bronze - GAL,br_samms_pre_admission_v6,TASK_COMPLETE,FAILED,ERROR,0,0,1,SavePreAdmissionV6 Bronze ForEach failed,2026-08-24T14:08:21.733Z,2026-08-24T15:03:37.584Z,3316,2026-08-24T15:03:37.584Z,GAL,Gaylord,6c7532c9-dcb1-40a3-beaa-690039713dec,SAMMS-Gaylord
202608241448407253,202608241408172681,202608241408171802,88,5545,P1 Reference PreAdmission V6 Bronze - HGT,br_samms_pre_admission_v6,TASK_COMPLETE,FAILED,ERROR,0,0,1,SavePreAdmissionV6 Bronze ForEach failed,2026-08-24T14:08:21.733Z,2026-08-24T15:03:37.584Z,3316,2026-08-24T15:03:37.584Z,HGT,Hagerstown,6c7532c9-dcb1-40a3-beaa-690039713dec,SAMMS-Hagerstown
202608241448407255,202608241408172682,202608241408171802,88,5546,P1 Reference PreAdmission V6 Bronze - HNT,br_samms_pre_admission_v6,TASK_COMPLETE,FAILED,ERROR,0,0,1,SavePreAdmissionV6 Bronze ForEach failed,2026-08-24T14:08:21.733Z,2026-08-24T15:03:37.584Z,3316,2026-08-24T15:03:37.584Z,HNT,Huntsville,6c7532c9-dcb1-40a3-beaa-690039713dec,SAMMS-Huntsville
202608241448407257,202608241408172683,202608241408171802,88,5547,P1 Reference PreAdmission V6 Bronze - HS,br_samms_pre_admission_v6,TASK_COMPLETE,FAILED,ERROR,0,0,1,SavePreAdmissionV6 Bronze ForEach failed,2026-08-24T14:08:21.733Z,2026-08-24T15:03:37.584Z,3316,2026-08-24T15:03:37.584Z,HS,HotSprings,6c7532c9-dcb1-40a3-beaa-690039713dec,SAMMS-HotSprings
202608241448407259,202608241408172684,202608241408171802,88,5548,P1 Reference PreAdmission V6 Bronze - JON,br_samms_pre_admission_v6,TASK_COMPLETE,FAILED,ERROR,0,0,1,SavePreAdmissionV6 Bronze ForEach failed,2026-08-24T14:08:21.733Z,2026-08-24T15:03:37.584Z,3316,2026-08-24T15:03:37.584Z,JON,Jonesboro,6c7532c9-dcb1-40a3-beaa-690039713dec,SAMMS-Jonesboro
202608241448407261,202608241408172685,202608241408171802,88,5549,P1 Reference PreAdmission V6 Bronze - LAN,br_samms_pre_admission_v6,TASK_COMPLETE,FAILED,ERROR,0,0,1,SavePreAdmissionV6 Bronze ForEach failed,2026-08-24T14:08:21.733Z,2026-08-24T15:03:37.584Z,3316,2026-08-24T15:03:37.584Z,LAN,Lansing,6c7532c9-dcb1-40a3-beaa-690039713dec,SAMMS-Lansing
202608241448407262,202608241408172686,202608241408171802,88,5550,P1 Reference PreAdmission V6 Bronze - LO,br_samms_pre_admission_v6,TASK_COMPLETE,FAILED,ERROR,0,0,1,SavePreAdmissionV6 Bronze ForEach failed,2026-08-24T14:08:21.733Z,2026-08-24T15:03:37.584Z,3316,2026-08-24T15:03:37.584Z,LO,Louisville,6c7532c9-dcb1-40a3-beaa-690039713dec,SAMMS-Louisville
202608241448407264,202608241408172687,202608241408171802,88,5551,P1 Reference PreAdmission V6 Bronze - LV1,br_samms_pre_admission_v6,TASK_COMPLETE,FAILED,ERROR,0,0,1,SavePreAdmissionV6 Bronze ForEach failed,2026-08-24T14:08:21.733Z,2026-08-24T15:03:37.584Z,3316,2026-08-24T15:03:37.584Z,LV1,Cheyenne,6c7532c9-dcb1-40a3-beaa-690039713dec,SAMMS-Cheyenne
202608241448407266,202608241408172688,202608241408171802,88,5552,P1 Reference PreAdmission V6 Bronze - LV2,br_samms_pre_admission_v6,TASK_COMPLETE,FAILED,ERROR,0,0,1,SavePreAdmissionV6 Bronze ForEach failed,2026-08-24T14:08:21.733Z,2026-08-24T15:03:37.584Z,3316,2026-08-24T15:03:37.584Z,LV2,DesertInn,6c7532c9-dcb1-40a3-beaa-690039713dec,SAMMS-DesertInn
202608241448407268,202608241408172689,202608241408171802,88,5553,P1 Reference PreAdmission V6 Bronze - LV3,br_samms_pre_admission_v6,TASK_COMPLETE,FAILED,ERROR,0,0,1,SavePreAdmissionV6 Bronze ForEach failed,2026-08-24T14:08:21.733Z,2026-08-24T15:03:37.584Z,3316,2026-08-24T15:03:37.584Z,LV3,McDaniel,6c7532c9-dcb1-40a3-beaa-690039713dec,SAMMS-McDaniel
202608241448407269,202608241408172690,202608241408171802,88,5554,P1 Reference PreAdmission V6 Bronze - MNRE,br_samms_pre_admission_v6,TASK_COMPLETE,FAILED,ERROR,0,0,1,SavePreAdmissionV6 Bronze ForEach failed,2026-08-24T14:08:21.733Z,2026-08-24T15:03:37.584Z,3316,2026-08-24T15:03:37.584Z,MNRE,Monroe,6c7532c9-dcb1-40a3-beaa-690039713dec,SAMMS-Monroe
202608241448407271,202608241408172691,202608241408171802,88,5555,P1 Reference PreAdmission V6 Bronze - MP,br_samms_pre_admission_v6,TASK_COMPLETE,FAILED,ERROR,0,0,1,SavePreAdmissionV6 Bronze ForEach failed,2026-08-24T14:08:21.733Z,2026-08-24T15:03:37.584Z,3316,2026-08-24T15:03:37.584Z,MP,MtPleasant,6c7532c9-dcb1-40a3-beaa-690039713dec,SAMMS-MtPleasant
202608241448407273,202608241408172692,202608241408171802,88,5556,P1 Reference PreAdmission V6 Bronze - MRD,br_samms_pre_admission_v6,TASK_COMPLETE,FAILED,ERROR,0,0,1,SavePreAdmissionV6 Bronze ForEach failed,2026-08-24T14:08:21.733Z,2026-08-24T15:03:37.584Z,3316,2026-08-24T15:03:37.584Z,MRD,Meridian,6c7532c9-dcb1-40a3-beaa-690039713dec,SAMMS-Meridian
202608221320321879,202608221237332659,202608221237331665,88,5663,P1 Reference Preadmission Referral Source Bronze - HGT,br_samms_preadmission_referral_source,TASK_COMPLETE,SUCCESS,INFO,354,354,0,,2026-08-22T12:37:36.805Z,2026-08-22T13:23:02.807Z,2726,2026-08-22T13:23:02.807Z,HGT,Hagerstown,63818914-9c2b-4ff6-ac1c-35595835ab93,SAMMS-Hagerstown
202608221320321881,202608221237332660,202608221237331665,88,5664,P1 Reference Preadmission Referral Source Bronze - HNT,br_samms_preadmission_referral_source,TASK_COMPLETE,SUCCESS,INFO,358,358,0,,2026-08-22T12:37:36.805Z,2026-08-22T13:23:02.807Z,2726,2026-08-22T13:23:02.807Z,HNT,Huntsville,63818914-9c2b-4ff6-ac1c-35595835ab93,SAMMS-Huntsville
202608221320321883,202608221237332661,202608221237331665,88,5665,P1 Reference Preadmission Referral Source Bronze - HS,br_samms_preadmission_referral_source,TASK_COMPLETE,SUCCESS,INFO,310,310,0,,2026-08-22T12:37:36.805Z,2026-08-22T13:23:02.807Z,2726,2026-08-22T13:23:02.807Z,HS,HotSprings,63818914-9c2b-4ff6-ac1c-35595835ab93,SAMMS-HotSprings
202608221320321885,202608221237332662,202608221237331665,88,5666,P1 Reference Preadmission Referral Source Bronze - JON,br_samms_preadmission_referral_source,TASK_COMPLETE,SUCCESS,INFO,205,205,0,,2026-08-22T12:37:36.805Z,2026-08-22T13:23:02.807Z,2726,2026-08-22T13:23:02.807Z,JON,Jonesboro,63818914-9c2b-4ff6-ac1c-35595835ab93,SAMMS-Jonesboro
202608221320321887,202608221237332663,202608221237331665,88,5667,P1 Reference Preadmission Referral Source Bronze - LAN,br_samms_preadmission_referral_source,TASK_COMPLETE,SUCCESS,INFO,357,357,0,,2026-08-22T12:37:36.805Z,2026-08-22T13:23:02.807Z,2726,2026-08-22T13:23:02.807Z,LAN,Lansing,63818914-9c2b-4ff6-ac1c-35595835ab93,SAMMS-Lansing
202608221320321889,202608221237332664,202608221237331665,88,5668,P1 Reference Preadmission Referral Source Bronze - LO,br_samms_preadmission_referral_source,TASK_COMPLETE,SUCCESS,INFO,511,511,0,,2026-08-22T12:37:36.805Z,2026-08-22T13:23:02.807Z,2726,2026-08-22T13:23:02.807Z,LO,Louisville,63818914-9c2b-4ff6-ac1c-35595835ab93,SAMMS-Louisville
202608221320321891,202608221237332665,202608221237331665,88,5669,P1 Reference Preadmission Referral Source Bronze - LV1,br_samms_preadmission_referral_source,TASK_COMPLETE,SUCCESS,INFO,925,925,0,,2026-08-22T12:37:36.805Z,2026-08-22T13:23:02.807Z,2726,2026-08-22T13:23:02.807Z,LV1,Cheyenne,63818914-9c2b-4ff6-ac1c-35595835ab93,SAMMS-Cheyenne
202608221320321893,202608221237332666,202608221237331665,88,5670,P1 Reference Preadmission Referral Source Bronze - LV2,br_samms_preadmission_referral_source,TASK_COMPLETE,SUCCESS,INFO,989,989,0,,2026-08-22T12:37:36.805Z,2026-08-22T13:23:02.807Z,2726,2026-08-22T13:23:02.807Z,LV2,DesertInn,63818914-9c2b-4ff6-ac1c-35595835ab93,SAMMS-DesertInn
202608221320321895,202608221237332667,202608221237331665,88,5671,P1 Reference Preadmission Referral Source Bronze - LV3,br_samms_preadmission_referral_source,TASK_COMPLETE,SUCCESS,INFO,329,329,0,,2026-08-22T12:37:36.805Z,2026-08-22T13:23:02.807Z,2726,2026-08-22T13:23:02.807Z,LV3,McDaniel,63818914-9c2b-4ff6-ac1c-35595835ab93,SAMMS-McDaniel
202608221320321897,202608221237332668,202608221237331665,88,5672,P1 Reference Preadmission Referral Source Bronze - MNRE,br_samms_preadmission_referral_source,TASK_COMPLETE,SUCCESS,INFO,223,223,0,,2026-08-22T12:37:36.805Z,2026-08-22T13:23:02.807Z,2726,2026-08-22T13:23:02.807Z,MNRE,Monroe,63818914-9c2b-4ff6-ac1c-35595835ab93,SAMMS-Monroe
202608221320321899,202608221237332669,202608221237331665,88,5673,P1 Reference Preadmission Referral Source Bronze - MP,br_samms_preadmission_referral_source,TASK_COMPLETE,SUCCESS,INFO,295,295,0,,2026-08-22T12:37:36.805Z,2026-08-22T13:23:02.807Z,2726,2026-08-22T13:23:02.807Z,MP,MtPleasant,63818914-9c2b-4ff6-ac1c-35595835ab93,SAMMS-MtPleasant
202608221320321901,202608221237332670,202608221237331665,88,5674,P1 Reference Preadmission Referral Source Bronze - MRD,br_samms_preadmission_referral_source,TASK_COMPLETE,SUCCESS,INFO,139,139,0,,2026-08-22T12:37:36.805Z,2026-08-22T13:23:02.807Z,2726,2026-08-22T13:23:02.807Z,MRD,Meridian,63818914-9c2b-4ff6-ac1c-35595835ab93,SAMMS-Meridian
202608221320321903,202608221237332671,202608221237331665,88,5675,P1 Reference Preadmission Referral Source Bronze - NC,br_samms_preadmission_referral_source,TASK_COMPLETE,SUCCESS,INFO,478,478,0,,2026-08-22T12:37:36.805Z,2026-08-22T13:23:02.807Z,2726,2026-08-22T13:23:02.807Z,NC,NorthCharleston,63818914-9c2b-4ff6-ac1c-35595835ab93,SAMMS-NorthCharleston
202608221320321905,202608221237332672,202608221237331665,88,5676,P1 Reference Preadmission Referral Source Bronze - NLR,br_samms_preadmission_referral_source,TASK_COMPLETE,SUCCESS,INFO,503,503,0,,2026-08-22T12:37:36.805Z,2026-08-22T13:23:02.807Z,2726,2026-08-22T13:23:02.807Z,NLR,NLROBOT,63818914-9c2b-4ff6-ac1c-35595835ab93,SAMMS-NLROBOT
202608221320321907,202608221237332673,202608221237331665,88,5677,P1 Reference Preadmission Referral Source Bronze - PH,br_samms_preadmission_referral_source,TASK_COMPLETE,SUCCESS,INFO,43,43,0,,2026-08-22T12:37:36.805Z,2026-08-22T13:23:02.807Z,2726,2026-08-22T13:23:02.807Z,PH,Phoenix,63818914-9c2b-4ff6-ac1c-35595835ab93,SAMMS-Phoenix
202608221320321909,202608221237332674,202608221237331665,88,5678,P1 Reference Preadmission Referral Source Bronze - RE,br_samms_preadmission_referral_source,TASK_COMPLETE,SUCCESS,INFO,405,405,0,,2026-08-22T12:37:36.805Z,2026-08-22T13:23:02.807Z,2726,2026-08-22T13:23:02.807Z,RE,Reno,63818914-9c2b-4ff6-ac1c-35595835ab93,SAMMS-Reno
202608241333251407,202608241253387493,202608241253386616,88,5543,P1 Reference PreAdmission V6 Bronze - FW,br_samms_pre_admission_v6,TASK_COMPLETE,FAILED,ERROR,0,0,1,SavePreAdmissionV6 Bronze ForEach failed,2026-08-24T12:53:42.369Z,2026-08-24T13:42:52.652Z,2950,2026-08-24T13:42:52.652Z,FW,FortWayne,8f1806c1-b1f2-4ac5-b25b-086fec51b8fb,SAMMS-FortWayne
202608241333251408,202608241253387494,202608241253386616,88,5544,P1 Reference PreAdmission V6 Bronze - GAL,br_samms_pre_admission_v6,TASK_COMPLETE,FAILED,ERROR,0,0,1,SavePreAdmissionV6 Bronze ForEach failed,2026-08-24T12:53:42.369Z,2026-08-24T13:42:52.652Z,2950,2026-08-24T13:42:52.652Z,GAL,Gaylord,8f1806c1-b1f2-4ac5-b25b-086fec51b8fb,SAMMS-Gaylord
202608241333251410,202608241253387495,202608241253386616,88,5545,P1 Reference PreAdmission V6 Bronze - HGT,br_samms_pre_admission_v6,TASK_COMPLETE,FAILED,ERROR,0,0,1,SavePreAdmissionV6 Bronze ForEach failed,2026-08-24T12:53:42.369Z,2026-08-24T13:42:52.652Z,2950,2026-08-24T13:42:52.652Z,HGT,Hagerstown,8f1806c1-b1f2-4ac5-b25b-086fec51b8fb,SAMMS-Hagerstown
202608241333251411,202608241253387496,202608241253386616,88,5546,P1 Reference PreAdmission V6 Bronze - HNT,br_samms_pre_admission_v6,TASK_COMPLETE,FAILED,ERROR,0,0,1,SavePreAdmissionV6 Bronze ForEach failed,2026-08-24T12:53:42.369Z,2026-08-24T13:42:52.652Z,2950,2026-08-24T13:42:52.652Z,HNT,Huntsville,8f1806c1-b1f2-4ac5-b25b-086fec51b8fb,SAMMS-Huntsville
202608241333251413,202608241253387497,202608241253386616,88,5547,P1 Reference PreAdmission V6 Bronze - HS,br_samms_pre_admission_v6,TASK_COMPLETE,FAILED,ERROR,0,0,1,SavePreAdmissionV6 Bronze ForEach failed,2026-08-24T12:53:42.369Z,2026-08-24T13:42:52.652Z,2950,2026-08-24T13:42:52.652Z,HS,HotSprings,8f1806c1-b1f2-4ac5-b25b-086fec51b8fb,SAMMS-HotSprings
202608241333251415,202608241253387498,202608241253386616,88,5548,P1 Reference PreAdmission V6 Bronze - JON,br_samms_pre_admission_v6,TASK_COMPLETE,FAILED,ERROR,0,0,1,SavePreAdmissionV6 Bronze ForEach failed,2026-08-24T12:53:42.369Z,2026-08-24T13:42:52.652Z,2950,2026-08-24T13:42:52.652Z,JON,Jonesboro,8f1806c1-b1f2-4ac5-b25b-086fec51b8fb,SAMMS-Jonesboro
202608241333251416,202608241253387499,202608241253386616,88,5549,P1 Reference PreAdmission V6 Bronze - LAN,br_samms_pre_admission_v6,TASK_COMPLETE,FAILED,ERROR,0,0,1,SavePreAdmissionV6 Bronze ForEach failed,2026-08-24T12:53:42.369Z,2026-08-24T13:42:52.652Z,2950,2026-08-24T13:42:52.652Z,LAN,Lansing,8f1806c1-b1f2-4ac5-b25b-086fec51b8fb,SAMMS-Lansing
202608241333251418,202608241253387500,202608241253386616,88,5550,P1 Reference PreAdmission V6 Bronze - LO,br_samms_pre_admission_v6,TASK_COMPLETE,FAILED,ERROR,0,0,1,SavePreAdmissionV6 Bronze ForEach failed,2026-08-24T12:53:42.369Z,2026-08-24T13:42:52.652Z,2950,2026-08-24T13:42:52.652Z,LO,Louisville,8f1806c1-b1f2-4ac5-b25b-086fec51b8fb,SAMMS-Louisville
202608241333251420,202608241253387501,202608241253386616,88,5551,P1 Reference PreAdmission V6 Bronze - LV1,br_samms_pre_admission_v6,TASK_COMPLETE,FAILED,ERROR,0,0,1,SavePreAdmissionV6 Bronze ForEach failed,2026-08-24T12:53:42.369Z,2026-08-24T13:42:52.652Z,2950,2026-08-24T13:42:52.652Z,LV1,Cheyenne,8f1806c1-b1f2-4ac5-b25b-086fec51b8fb,SAMMS-Cheyenne
202608241333251421,202608241253387502,202608241253386616,88,5552,P1 Reference PreAdmission V6 Bronze - LV2,br_samms_pre_admission_v6,TASK_COMPLETE,FAILED,ERROR,0,0,1,SavePreAdmissionV6 Bronze ForEach failed,2026-08-24T12:53:42.369Z,2026-08-24T13:42:52.652Z,2950,2026-08-24T13:42:52.652Z,LV2,DesertInn,8f1806c1-b1f2-4ac5-b25b-086fec51b8fb,SAMMS-DesertInn
202608241333251423,202608241253387503,202608241253386616,88,5553,P1 Reference PreAdmission V6 Bronze - LV3,br_samms_pre_admission_v6,TASK_COMPLETE,FAILED,ERROR,0,0,1,SavePreAdmissionV6 Bronze ForEach failed,2026-08-24T12:53:42.369Z,2026-08-24T13:42:52.652Z,2950,2026-08-24T13:42:52.652Z,LV3,McDaniel,8f1806c1-b1f2-4ac5-b25b-086fec51b8fb,SAMMS-McDaniel
202608241333251425,202608241253387504,202608241253386616,88,5554,P1 Reference PreAdmission V6 Bronze - MNRE,br_samms_pre_admission_v6,TASK_COMPLETE,FAILED,ERROR,0,0,1,SavePreAdmissionV6 Bronze ForEach failed,2026-08-24T12:53:42.369Z,2026-08-24T13:42:52.652Z,2950,2026-08-24T13:42:52.652Z,MNRE,Monroe,8f1806c1-b1f2-4ac5-b25b-086fec51b8fb,SAMMS-Monroe
202608241333251427,202608241253387505,202608241253386616,88,5555,P1 Reference PreAdmission V6 Bronze - MP,br_samms_pre_admission_v6,TASK_COMPLETE,FAILED,ERROR,0,0,1,SavePreAdmissionV6 Bronze ForEach failed,2026-08-24T12:53:42.369Z,2026-08-24T13:42:52.652Z,2950,2026-08-24T13:42:52.652Z,MP,MtPleasant,8f1806c1-b1f2-4ac5-b25b-086fec51b8fb,SAMMS-MtPleasant
202608241333251428,202608241253387506,202608241253386616,88,5556,P1 Reference PreAdmission V6 Bronze - MRD,br_samms_pre_admission_v6,TASK_COMPLETE,FAILED,ERROR,0,0,1,SavePreAdmissionV6 Bronze ForEach failed,2026-08-24T12:53:42.369Z,2026-08-24T13:42:52.652Z,2950,2026-08-24T13:42:52.652Z,MRD,Meridian,8f1806c1-b1f2-4ac5-b25b-086fec51b8fb,SAMMS-Meridian
202608241448406673,202608241408172563,202608241408171802,88,5425,P1 Reference Custom Questions Bronze - FW,br_samms_custom_questions,TASK_COMPLETE,FAILED,ERROR,0,0,1,SaveCustomQuestions Bronze ForEach failed,2026-08-24T14:08:21.733Z,2026-08-24T15:03:37.584Z,3316,2026-08-24T15:03:37.584Z,FW,FortWayne,6c7532c9-dcb1-40a3-beaa-690039713dec,SAMMS-FortWayne
202608241448406675,202608241408172564,202608241408171802,88,5426,P1 Reference Custom Questions Bronze - GAL,br_samms_custom_questions,TASK_COMPLETE,FAILED,ERROR,0,0,1,SaveCustomQuestions Bronze ForEach failed,2026-08-24T14:08:21.733Z,2026-08-24T15:03:37.584Z,3316,2026-08-24T15:03:37.584Z,GAL,Gaylord,6c7532c9-dcb1-40a3-beaa-690039713dec,SAMMS-Gaylord
202608241448406677,202608241408172565,202608241408171802,88,5427,P1 Reference Custom Questions Bronze - HGT,br_samms_custom_questions,TASK_COMPLETE,FAILED,ERROR,0,0,1,SaveCustomQuestions Bronze ForEach failed,2026-08-24T14:08:21.733Z,2026-08-24T15:03:37.584Z,3316,2026-08-24T15:03:37.584Z,HGT,Hagerstown,6c7532c9-dcb1-40a3-beaa-690039713dec,SAMMS-Hagerstown
202608241448406678,202608241408172566,202608241408171802,88,5428,P1 Reference Custom Questions Bronze - HNT,br_samms_custom_questions,TASK_COMPLETE,FAILED,ERROR,0,0,1,SaveCustomQuestions Bronze ForEach failed,2026-08-24T14:08:21.733Z,2026-08-24T15:03:37.584Z,3316,2026-08-24T15:03:37.584Z,HNT,Huntsville,6c7532c9-dcb1-40a3-beaa-690039713dec,SAMMS-Huntsville
202608241448406680,202608241408172567,202608241408171802,88,5429,P1 Reference Custom Questions Bronze - HS,br_samms_custom_questions,TASK_COMPLETE,FAILED,ERROR,0,0,1,SaveCustomQuestions Bronze ForEach failed,2026-08-24T14:08:21.733Z,2026-08-24T15:03:37.584Z,3316,2026-08-24T15:03:37.584Z,HS,HotSprings,6c7532c9-dcb1-40a3-beaa-690039713dec,SAMMS-HotSprings
202608241448406681,202608241408172568,202608241408171802,88,5430,P1 Reference Custom Questions Bronze - JON,br_samms_custom_questions,TASK_COMPLETE,FAILED,ERROR,0,0,1,SaveCustomQuestions Bronze ForEach failed,2026-08-24T14:08:21.733Z,2026-08-24T15:03:37.584Z,3316,2026-08-24T15:03:37.584Z,JON,Jonesboro,6c7532c9-dcb1-40a3-beaa-690039713dec,SAMMS-Jonesboro
202608241448406683,202608241408172569,202608241408171802,88,8607,P1 Reference Custom Questions Bronze - LAB,br_samms_custom_questions,TASK_COMPLETE,FAILED,ERROR,0,0,1,SaveCustomQuestions Bronze ForEach failed,2026-08-24T14:08:21.733Z,2026-08-24T15:03:37.584Z,3316,2026-08-24T15:03:37.584Z,LAB,Lab,6c7532c9-dcb1-40a3-beaa-690039713dec,SAMMS-LabV5-V2
202608241448406685,202608241408172570,202608241408171802,88,5431,P1 Reference Custom Questions Bronze - LAN,br_samms_custom_questions,TASK_COMPLETE,FAILED,ERROR,0,0,1,SaveCustomQuestions Bronze ForEach failed,2026-08-24T14:08:21.733Z,2026-08-24T15:03:37.584Z,3316,2026-08-24T15:03:37.584Z,LAN,Lansing,6c7532c9-dcb1-40a3-beaa-690039713dec,SAMMS-Lansing
202608241448406687,202608241408172571,202608241408171802,88,5432,P1 Reference Custom Questions Bronze - LO,br_samms_custom_questions,TASK_COMPLETE,FAILED,ERROR,0,0,1,SaveCustomQuestions Bronze ForEach failed,2026-08-24T14:08:21.733Z,2026-08-24T15:03:37.584Z,3316,2026-08-24T15:03:37.584Z,LO,Louisville,6c7532c9-dcb1-40a3-beaa-690039713dec,SAMMS-Louisville
202608241448406688,202608241408172572,202608241408171802,88,5433,P1 Reference Custom Questions Bronze - LV1,br_samms_custom_questions,TASK_COMPLETE,FAILED,ERROR,0,0,1,SaveCustomQuestions Bronze ForEach failed,2026-08-24T14:08:21.733Z,2026-08-24T15:03:37.584Z,3316,2026-08-24T15:03:37.584Z,LV1,Cheyenne,6c7532c9-dcb1-40a3-beaa-690039713dec,SAMMS-Cheyenne
202608241448406690,202608241408172573,202608241408171802,88,5434,P1 Reference Custom Questions Bronze - LV2,br_samms_custom_questions,TASK_COMPLETE,FAILED,ERROR,0,0,1,SaveCustomQuestions Bronze ForEach failed,2026-08-24T14:08:21.733Z,2026-08-24T15:03:37.584Z,3316,2026-08-24T15:03:37.584Z,LV2,DesertInn,6c7532c9-dcb1-40a3-beaa-690039713dec,SAMMS-DesertInn
202608241448406692,202608241408172574,202608241408171802,88,5435,P1 Reference Custom Questions Bronze - LV3,br_samms_custom_questions,TASK_COMPLETE,FAILED,ERROR,0,0,1,SaveCustomQuestions Bronze ForEach failed,2026-08-24T14:08:21.733Z,2026-08-24T15:03:37.584Z,3316,2026-08-24T15:03:37.584Z,LV3,McDaniel,6c7532c9-dcb1-40a3-beaa-690039713dec,SAMMS-McDaniel
202608241448406694,202608241408172575,202608241408171802,88,5436,P1 Reference Custom Questions Bronze - MNRE,br_samms_custom_questions,TASK_COMPLETE,FAILED,ERROR,0,0,1,SaveCustomQuestions Bronze ForEach failed,2026-08-24T14:08:21.733Z,2026-08-24T15:03:37.584Z,3316,2026-08-24T15:03:37.584Z,MNRE,Monroe,6c7532c9-dcb1-40a3-beaa-690039713dec,SAMMS-Monroe
202608241448406695,202608241408172576,202608241408171802,88,5437,P1 Reference Custom Questions Bronze - MP,br_samms_custom_questions,TASK_COMPLETE,FAILED,ERROR,0,0,1,SaveCustomQuestions Bronze ForEach failed,2026-08-24T14:08:21.733Z,2026-08-24T15:03:37.584Z,3316,2026-08-24T15:03:37.584Z,MP,MtPleasant,6c7532c9-dcb1-40a3-beaa-690039713dec,SAMMS-MtPleasant
202608241333251455,202608241253387521,202608241253386616,88,5571,P1 Reference PreAdmission V6 Bronze - TU,br_samms_pre_admission_v6,TASK_COMPLETE,FAILED,ERROR,0,0,1,SavePreAdmissionV6 Bronze ForEach failed,2026-08-24T12:53:42.369Z,2026-08-24T13:42:52.652Z,2950,2026-08-24T13:42:52.652Z,TU,Tucson,8f1806c1-b1f2-4ac5-b25b-086fec51b8fb,SAMMS-Tucson
202608241333251456,202608241253387522,202608241253386616,88,5572,P1 Reference PreAdmission V6 Bronze - V1,br_samms_pre_admission_v6,TASK_COMPLETE,FAILED,ERROR,0,0,1,SavePreAdmissionV6 Bronze ForEach failed,2026-08-24T12:53:42.369Z,2026-08-24T13:42:52.652Z,2950,2026-08-24T13:42:52.652Z,V1,VCPHCS-I-Memphis,8f1806c1-b1f2-4ac5-b25b-086fec51b8fb,SAMMS-VCPHCS-I-MemphisV5
202608241333251458,202608241253387523,202608241253386616,88,5573,P1 Reference PreAdmission V6 Bronze - V10,br_samms_pre_admission_v6,TASK_COMPLETE,FAILED,ERROR,0,0,1,SavePreAdmissionV6 Bronze ForEach failed,2026-08-24T12:53:42.369Z,2026-08-24T13:42:52.652Z,2950,2026-08-24T13:42:52.652Z,V10,Boulder,8f1806c1-b1f2-4ac5-b25b-086fec51b8fb,SAMMS-BoulderV5
202608241333251460,202608241253387524,202608241253386616,88,5574,P1 Reference PreAdmission V6 Bronze - V10A,br_samms_pre_admission_v6,TASK_COMPLETE,FAILED,ERROR,0,0,1,SavePreAdmissionV6 Bronze ForEach failed,2026-08-24T12:53:42.369Z,2026-08-24T13:42:52.652Z,2950,2026-08-24T13:42:52.652Z,V10A,FortCollins,8f1806c1-b1f2-4ac5-b25b-086fec51b8fb,SAMMS-FortCollinsV5
202608241333251462,202608241253387525,202608241253386616,88,5575,P1 Reference PreAdmission V6 Bronze - V11,br_samms_pre_admission_v6,TASK_COMPLETE,FAILED,ERROR,0,0,1,SavePreAdmissionV6 Bronze ForEach failed,2026-08-24T12:53:42.369Z,2026-08-24T13:42:52.652Z,2950,2026-08-24T13:42:52.652Z,V11,VCPHCS-XI-NorthDenver,8f1806c1-b1f2-4ac5-b25b-086fec51b8fb,SAMMS-VCPHCS-XI-NorthDenverV5
202608241333251464,202608241253387526,202608241253386616,88,5576,P1 Reference PreAdmission V6 Bronze - V12,br_samms_pre_admission_v6,TASK_COMPLETE,FAILED,ERROR,0,0,1,SavePreAdmissionV6 Bronze ForEach failed,2026-08-24T12:53:42.369Z,2026-08-24T13:42:52.652Z,2950,2026-08-24T13:42:52.652Z,V12,VCPHCS-XII-DowntownDenver,8f1806c1-b1f2-4ac5-b25b-086fec51b8fb,SAMMS-VCPHCS-XII-DowntownDenverV5
202608241333251466,202608241253387527,202608241253386616,88,5577,P1 Reference PreAdmission V6 Bronze - V12A,br_samms_pre_admission_v6,TASK_COMPLETE,FAILED,ERROR,0,0,1,SavePreAdmissionV6 Bronze ForEach failed,2026-08-24T12:53:42.369Z,2026-08-24T13:42:52.652Z,2950,2026-08-24T13:42:52.652Z,V12A,Centennial,8f1806c1-b1f2-4ac5-b25b-086fec51b8fb,SAMMS-CentennialV5
202608241333251467,202608241253387528,202608241253386616,88,5578,P1 Reference PreAdmission V6 Bronze - V14,br_samms_pre_admission_v6,TASK_COMPLETE,FAILED,ERROR,0,0,1,SavePreAdmissionV6 Bronze ForEach failed,2026-08-24T12:53:42.369Z,2026-08-24T13:42:52.652Z,2950,2026-08-24T13:42:52.652Z,V14,VCPHCS-XIV-Bridgeway,8f1806c1-b1f2-4ac5-b25b-086fec51b8fb,SAMMS-VCPHCS-XIV-BridgewayV5
202608241333251469,202608241253387529,202608241253386616,88,5579,P1 Reference PreAdmission V6 Bronze - V15,br_samms_pre_admission_v6,TASK_COMPLETE,FAILED,ERROR,0,0,1,SavePreAdmissionV6 Bronze ForEach failed,2026-08-24T12:53:42.369Z,2026-08-24T13:42:52.652Z,2950,2026-08-24T13:42:52.652Z,V15,Joplin,8f1806c1-b1f2-4ac5-b25b-086fec51b8fb,SAMMS-JoplinV5
202608241333251471,202608241253387530,202608241253386616,88,5580,P1 Reference PreAdmission V6 Bronze - V17,br_samms_pre_admission_v6,TASK_COMPLETE,FAILED,ERROR,0,0,1,SavePreAdmissionV6 Bronze ForEach failed,2026-08-24T12:53:42.369Z,2026-08-24T13:42:52.652Z,2950,2026-08-24T13:42:52.652Z,V17,ColumbiaTN,8f1806c1-b1f2-4ac5-b25b-086fec51b8fb,SAMMS-ColumbiaTNv5
202608241333251473,202608241253387531,202608241253386616,88,5581,P1 Reference PreAdmission V6 Bronze - V19,br_samms_pre_admission_v6,TASK_COMPLETE,FAILED,ERROR,0,0,1,SavePreAdmissionV6 Bronze ForEach failed,2026-08-24T12:53:42.369Z,2026-08-24T13:42:52.652Z,2950,2026-08-24T13:42:52.652Z,V19,Jackson,8f1806c1-b1f2-4ac5-b25b-086fec51b8fb,SAMMS-JacksonV5
202608241333251476,202608241253387532,202608241253386616,88,5582,P1 Reference PreAdmission V6 Bronze - V20,br_samms_pre_admission_v6,TASK_COMPLETE,FAILED,ERROR,0,0,1,SavePreAdmissionV6 Bronze ForEach failed,2026-08-24T12:53:42.369Z,2026-08-24T13:42:52.652Z,2950,2026-08-24T13:42:52.652Z,V20,Paris,8f1806c1-b1f2-4ac5-b25b-086fec51b8fb,SAMMS-ParisV5
202608241333251478,202608241253387533,202608241253386616,88,5583,P1 Reference PreAdmission V6 Bronze - V21,br_samms_pre_admission_v6,TASK_COMPLETE,FAILED,ERROR,0,0,1,SavePreAdmissionV6 Bronze ForEach failed,2026-08-24T12:53:42.369Z,2026-08-24T13:42:52.652Z,2950,2026-08-24T13:42:52.652Z,V21,Raleigh,8f1806c1-b1f2-4ac5-b25b-086fec51b8fb,SAMMS-RaleighV5
202608241333251480,202608241253387534,202608241253386616,88,5584,P1 Reference PreAdmission V6 Bronze - V5,br_samms_pre_admission_v6,TASK_COMPLETE,FAILED,ERROR,0,0,1,SavePreAdmissionV6 Bronze ForEach failed,2026-08-24T12:53:42.369Z,2026-08-24T13:42:52.652Z,2950,2026-08-24T13:42:52.652Z,V5,NONTC,8f1806c1-b1f2-4ac5-b25b-086fec51b8fb,SAMMS-NONTCv5
202608241448407301,202608241408172707,202608241408171802,88,5571,P1 Reference PreAdmission V6 Bronze - TU,br_samms_pre_admission_v6,TASK_COMPLETE,FAILED,ERROR,0,0,1,SavePreAdmissionV6 Bronze ForEach failed,2026-08-24T14:08:21.733Z,2026-08-24T15:03:37.584Z,3316,2026-08-24T15:03:37.584Z,TU,Tucson,6c7532c9-dcb1-40a3-beaa-690039713dec,SAMMS-Tucson
202608241448407304,202608241408172708,202608241408171802,88,5572,P1 Reference PreAdmission V6 Bronze - V1,br_samms_pre_admission_v6,TASK_COMPLETE,FAILED,ERROR,0,0,1,SavePreAdmissionV6 Bronze ForEach failed,2026-08-24T14:08:21.733Z,2026-08-24T15:03:37.584Z,3316,2026-08-24T15:03:37.584Z,V1,VCPHCS-I-Memphis,6c7532c9-dcb1-40a3-beaa-690039713dec,SAMMS-VCPHCS-I-MemphisV5
202608241448407306,202608241408172709,202608241408171802,88,5573,P1 Reference PreAdmission V6 Bronze - V10,br_samms_pre_admission_v6,TASK_COMPLETE,FAILED,ERROR,0,0,1,SavePreAdmissionV6 Bronze ForEach failed,2026-08-24T14:08:21.733Z,2026-08-24T15:03:37.584Z,3316,2026-08-24T15:03:37.584Z,V10,Boulder,6c7532c9-dcb1-40a3-beaa-690039713dec,SAMMS-BoulderV5
202608241448407308,202608241408172710,202608241408171802,88,5574,P1 Reference PreAdmission V6 Bronze - V10A,br_samms_pre_admission_v6,TASK_COMPLETE,FAILED,ERROR,0,0,1,SavePreAdmissionV6 Bronze ForEach failed,2026-08-24T14:08:21.733Z,2026-08-24T15:03:37.584Z,3316,2026-08-24T15:03:37.584Z,V10A,FortCollins,6c7532c9-dcb1-40a3-beaa-690039713dec,SAMMS-FortCollinsV5
202608241448407310,202608241408172711,202608241408171802,88,5575,P1 Reference PreAdmission V6 Bronze - V11,br_samms_pre_admission_v6,TASK_COMPLETE,FAILED,ERROR,0,0,1,SavePreAdmissionV6 Bronze ForEach failed,2026-08-24T14:08:21.733Z,2026-08-24T15:03:37.584Z,3316,2026-08-24T15:03:37.584Z,V11,VCPHCS-XI-NorthDenver,6c7532c9-dcb1-40a3-beaa-690039713dec,SAMMS-VCPHCS-XI-NorthDenverV5
202608241448407312,202608241408172712,202608241408171802,88,5576,P1 Reference PreAdmission V6 Bronze - V12,br_samms_pre_admission_v6,TASK_COMPLETE,FAILED,ERROR,0,0,1,SavePreAdmissionV6 Bronze ForEach failed,2026-08-24T14:08:21.733Z,2026-08-24T15:03:37.584Z,3316,2026-08-24T15:03:37.584Z,V12,VCPHCS-XII-DowntownDenver,6c7532c9-dcb1-40a3-beaa-690039713dec,SAMMS-VCPHCS-XII-DowntownDenverV5
202608241448407314,202608241408172713,202608241408171802,88,5577,P1 Reference PreAdmission V6 Bronze - V12A,br_samms_pre_admission_v6,TASK_COMPLETE,FAILED,ERROR,0,0,1,SavePreAdmissionV6 Bronze ForEach failed,2026-08-24T14:08:21.733Z,2026-08-24T15:03:37.584Z,3316,2026-08-24T15:03:37.584Z,V12A,Centennial,6c7532c9-dcb1-40a3-beaa-690039713dec,SAMMS-CentennialV5
202608241448407316,202608241408172714,202608241408171802,88,5578,P1 Reference PreAdmission V6 Bronze - V14,br_samms_pre_admission_v6,TASK_COMPLETE,FAILED,ERROR,0,0,1,SavePreAdmissionV6 Bronze ForEach failed,2026-08-24T14:08:21.733Z,2026-08-24T15:03:37.584Z,3316,2026-08-24T15:03:37.584Z,V14,VCPHCS-XIV-Bridgeway,6c7532c9-dcb1-40a3-beaa-690039713dec,SAMMS-VCPHCS-XIV-BridgewayV5
202608241448407318,202608241408172715,202608241408171802,88,5579,P1 Reference PreAdmission V6 Bronze - V15,br_samms_pre_admission_v6,TASK_COMPLETE,FAILED,ERROR,0,0,1,SavePreAdmissionV6 Bronze ForEach failed,2026-08-24T14:08:21.733Z,2026-08-24T15:03:37.584Z,3316,2026-08-24T15:03:37.584Z,V15,Joplin,6c7532c9-dcb1-40a3-beaa-690039713dec,SAMMS-JoplinV5
202608241448407319,202608241408172716,202608241408171802,88,5580,P1 Reference PreAdmission V6 Bronze - V17,br_samms_pre_admission_v6,TASK_COMPLETE,FAILED,ERROR,0,0,1,SavePreAdmissionV6 Bronze ForEach failed,2026-08-24T14:08:21.733Z,2026-08-24T15:03:37.584Z,3316,2026-08-24T15:03:37.584Z,V17,ColumbiaTN,6c7532c9-dcb1-40a3-beaa-690039713dec,SAMMS-ColumbiaTNv5
202608241448407321,202608241408172717,202608241408171802,88,5581,P1 Reference PreAdmission V6 Bronze - V19,br_samms_pre_admission_v6,TASK_COMPLETE,FAILED,ERROR,0,0,1,SavePreAdmissionV6 Bronze ForEach failed,2026-08-24T14:08:21.733Z,2026-08-24T15:03:37.584Z,3316,2026-08-24T15:03:37.584Z,V19,Jackson,6c7532c9-dcb1-40a3-beaa-690039713dec,SAMMS-JacksonV5
202608241448407323,202608241408172718,202608241408171802,88,5582,P1 Reference PreAdmission V6 Bronze - V20,br_samms_pre_admission_v6,TASK_COMPLETE,FAILED,ERROR,0,0,1,SavePreAdmissionV6 Bronze ForEach failed,2026-08-24T14:08:21.733Z,2026-08-24T15:03:37.584Z,3316,2026-08-24T15:03:37.584Z,V20,Paris,6c7532c9-dcb1-40a3-beaa-690039713dec,SAMMS-ParisV5
202608241448407325,202608241408172719,202608241408171802,88,5583,P1 Reference PreAdmission V6 Bronze - V21,br_samms_pre_admission_v6,TASK_COMPLETE,FAILED,ERROR,0,0,1,SavePreAdmissionV6 Bronze ForEach failed,2026-08-24T14:08:21.733Z,2026-08-24T15:03:37.584Z,3316,2026-08-24T15:03:37.584Z,V21,Raleigh,6c7532c9-dcb1-40a3-beaa-690039713dec,SAMMS-RaleighV5
202608241448407327,202608241408172720,202608241408171802,88,5584,P1 Reference PreAdmission V6 Bronze - V5,br_samms_pre_admission_v6,TASK_COMPLETE,FAILED,ERROR,0,0,1,SavePreAdmissionV6 Bronze ForEach failed,2026-08-24T14:08:21.733Z,2026-08-24T15:03:37.584Z,3316,2026-08-24T15:03:37.584Z,V5,NONTC,6c7532c9-dcb1-40a3-beaa-690039713dec,SAMMS-NONTCv5
202608241333250683,202608241253387294,202608241253386616,88,5339,P1 Reference Custom Answers Bronze - V11,br_samms_custom_answers,TASK_COMPLETE,FAILED,ERROR,0,0,1,SaveCustomAnswers Bronze ForEach failed,2026-08-24T12:53:42.369Z,2026-08-24T13:42:52.652Z,2950,2026-08-24T13:42:52.652Z,V11,VCPHCS-XI-NorthDenver,8f1806c1-b1f2-4ac5-b25b-086fec51b8fb,SAMMS-VCPHCS-XI-NorthDenverV5
202608241333250684,202608241253387295,202608241253386616,88,5340,P1 Reference Custom Answers Bronze - V12,br_samms_custom_answers,TASK_COMPLETE,FAILED,ERROR,0,0,1,SaveCustomAnswers Bronze ForEach failed,2026-08-24T12:53:42.369Z,2026-08-24T13:42:52.652Z,2950,2026-08-24T13:42:52.652Z,V12,VCPHCS-XII-DowntownDenver,8f1806c1-b1f2-4ac5-b25b-086fec51b8fb,SAMMS-VCPHCS-XII-DowntownDenverV5
202608241333250686,202608241253387296,202608241253386616,88,5341,P1 Reference Custom Answers Bronze - V12A,br_samms_custom_answers,TASK_COMPLETE,FAILED,ERROR,0,0,1,SaveCustomAnswers Bronze ForEach failed,2026-08-24T12:53:42.369Z,2026-08-24T13:42:52.652Z,2950,2026-08-24T13:42:52.652Z,V12A,Centennial,8f1806c1-b1f2-4ac5-b25b-086fec51b8fb,SAMMS-CentennialV5
202608241333250688,202608241253387297,202608241253386616,88,5342,P1 Reference Custom Answers Bronze - V14,br_samms_custom_answers,TASK_COMPLETE,FAILED,ERROR,0,0,1,SaveCustomAnswers Bronze ForEach failed,2026-08-24T12:53:42.369Z,2026-08-24T13:42:52.652Z,2950,2026-08-24T13:42:52.652Z,V14,VCPHCS-XIV-Bridgeway,8f1806c1-b1f2-4ac5-b25b-086fec51b8fb,SAMMS-VCPHCS-XIV-BridgewayV5
202608241333250690,202608241253387298,202608241253386616,88,5343,P1 Reference Custom Answers Bronze - V15,br_samms_custom_answers,TASK_COMPLETE,FAILED,ERROR,0,0,1,SaveCustomAnswers Bronze ForEach failed,2026-08-24T12:53:42.369Z,2026-08-24T13:42:52.652Z,2950,2026-08-24T13:42:52.652Z,V15,Joplin,8f1806c1-b1f2-4ac5-b25b-086fec51b8fb,SAMMS-JoplinV5
202608241333250692,202608241253387299,202608241253386616,88,5344,P1 Reference Custom Answers Bronze - V17,br_samms_custom_answers,TASK_COMPLETE,FAILED,ERROR,0,0,1,SaveCustomAnswers Bronze ForEach failed,2026-08-24T12:53:42.369Z,2026-08-24T13:42:52.652Z,2950,2026-08-24T13:42:52.652Z,V17,ColumbiaTN,8f1806c1-b1f2-4ac5-b25b-086fec51b8fb,SAMMS-ColumbiaTNv5
202608241333250694,202608241253387300,202608241253386616,88,5345,P1 Reference Custom Answers Bronze - V19,br_samms_custom_answers,TASK_COMPLETE,FAILED,ERROR,0,0,1,SaveCustomAnswers Bronze ForEach failed,2026-08-24T12:53:42.369Z,2026-08-24T13:42:52.652Z,2950,2026-08-24T13:42:52.652Z,V19,Jackson,8f1806c1-b1f2-4ac5-b25b-086fec51b8fb,SAMMS-JacksonV5
202608241333250696,202608241253387301,202608241253386616,88,5346,P1 Reference Custom Answers Bronze - V20,br_samms_custom_answers,TASK_COMPLETE,FAILED,ERROR,0,0,1,SaveCustomAnswers Bronze ForEach failed,2026-08-24T12:53:42.369Z,2026-08-24T13:42:52.652Z,2950,2026-08-24T13:42:52.652Z,V20,Paris,8f1806c1-b1f2-4ac5-b25b-086fec51b8fb,SAMMS-ParisV5
202608241333250698,202608241253387302,202608241253386616,88,5347,P1 Reference Custom Answers Bronze - V21,br_samms_custom_answers,TASK_COMPLETE,FAILED,ERROR,0,0,1,SaveCustomAnswers Bronze ForEach failed,2026-08-24T12:53:42.369Z,2026-08-24T13:42:52.652Z,2950,2026-08-24T13:42:52.652Z,V21,Raleigh,8f1806c1-b1f2-4ac5-b25b-086fec51b8fb,SAMMS-RaleighV5
202608241333250700,202608241253387303,202608241253386616,88,5348,P1 Reference Custom Answers Bronze - V5,br_samms_custom_answers,TASK_COMPLETE,FAILED,ERROR,0,0,1,SaveCustomAnswers Bronze ForEach failed,2026-08-24T12:53:42.369Z,2026-08-24T13:42:52.652Z,2950,2026-08-24T13:42:52.652Z,V5,NONTC,8f1806c1-b1f2-4ac5-b25b-086fec51b8fb,SAMMS-NONTCv5
202608241333250702,202608241253387304,202608241253386616,88,5349,P1 Reference Custom Answers Bronze - V5B,br_samms_custom_answers,TASK_COMPLETE,FAILED,ERROR,0,0,1,SaveCustomAnswers Bronze ForEach failed,2026-08-24T12:53:42.369Z,2026-08-24T13:42:52.652Z,2950,2026-08-24T13:42:52.652Z,V5B,Houma,8f1806c1-b1f2-4ac5-b25b-086fec51b8fb,SAMMS-HoumaV6
202608241333250704,202608241253387305,202608241253386616,88,5350,P1 Reference Custom Answers Bronze - V6,br_samms_custom_answers,TASK_COMPLETE,FAILED,ERROR,0,0,1,SaveCustomAnswers Bronze ForEach failed,2026-08-24T12:53:42.369Z,2026-08-24T13:42:52.652Z,2950,2026-08-24T13:42:52.652Z,V6,LC,8f1806c1-b1f2-4ac5-b25b-086fec51b8fb,SAMMS-LCv5
202608241333250706,202608241253387306,202608241253386616,88,5351,P1 Reference Custom Answers Bronze - V8,br_samms_custom_answers,TASK_COMPLETE,FAILED,ERROR,0,0,1,SaveCustomAnswers Bronze ForEach failed,2026-08-24T12:53:42.369Z,2026-08-24T13:42:52.652Z,2950,2026-08-24T13:42:52.652Z,V8,VCPHCS-VIII-Memphis,8f1806c1-b1f2-4ac5-b25b-086fec51b8fb,SAMMS-VCPHCS-VIII-MemphisV5
202608241333250708,202608241253387307,202608241253386616,88,5352,P1 Reference Custom Answers Bronze - V9,br_samms_custom_answers,TASK_COMPLETE,FAILED,ERROR,0,0,1,SaveCustomAnswers Bronze ForEach failed,2026-08-24T12:53:42.369Z,2026-08-24T13:42:52.652Z,2950,2026-08-24T13:42:52.652Z,V9,Nashville,8f1806c1-b1f2-4ac5-b25b-086fec51b8fb,SAMMS-NashvilleV5
202608241448406540,202608241408172480,202608241408171802,88,5339,P1 Reference Custom Answers Bronze - V11,br_samms_custom_answers,TASK_COMPLETE,FAILED,ERROR,0,0,1,SaveCustomAnswers Bronze ForEach failed,2026-08-24T14:08:21.733Z,2026-08-24T15:03:37.584Z,3316,2026-08-24T15:03:37.584Z,V11,VCPHCS-XI-NorthDenver,6c7532c9-dcb1-40a3-beaa-690039713dec,SAMMS-VCPHCS-XI-NorthDenverV5
202608241448406542,202608241408172481,202608241408171802,88,5340,P1 Reference Custom Answers Bronze - V12,br_samms_custom_answers,TASK_COMPLETE,FAILED,ERROR,0,0,1,SaveCustomAnswers Bronze ForEach failed,2026-08-24T14:08:21.733Z,2026-08-24T15:03:37.584Z,3316,2026-08-24T15:03:37.584Z,V12,VCPHCS-XII-DowntownDenver,6c7532c9-dcb1-40a3-beaa-690039713dec,SAMMS-VCPHCS-XII-DowntownDenverV5
202608241448406544,202608241408172482,202608241408171802,88,5341,P1 Reference Custom Answers Bronze - V12A,br_samms_custom_answers,TASK_COMPLETE,FAILED,ERROR,0,0,1,SaveCustomAnswers Bronze ForEach failed,2026-08-24T14:08:21.733Z,2026-08-24T15:03:37.584Z,3316,2026-08-24T15:03:37.584Z,V12A,Centennial,6c7532c9-dcb1-40a3-beaa-690039713dec,SAMMS-CentennialV5
202608241448406546,202608241408172483,202608241408171802,88,5342,P1 Reference Custom Answers Bronze - V14,br_samms_custom_answers,TASK_COMPLETE,FAILED,ERROR,0,0,1,SaveCustomAnswers Bronze ForEach failed,2026-08-24T14:08:21.733Z,2026-08-24T15:03:37.584Z,3316,2026-08-24T15:03:37.584Z,V14,VCPHCS-XIV-Bridgeway,6c7532c9-dcb1-40a3-beaa-690039713dec,SAMMS-VCPHCS-XIV-BridgewayV5
202608241448406548,202608241408172484,202608241408171802,88,5343,P1 Reference Custom Answers Bronze - V15,br_samms_custom_answers,TASK_COMPLETE,FAILED,ERROR,0,0,1,SaveCustomAnswers Bronze ForEach failed,2026-08-24T14:08:21.733Z,2026-08-24T15:03:37.584Z,3316,2026-08-24T15:03:37.584Z,V15,Joplin,6c7532c9-dcb1-40a3-beaa-690039713dec,SAMMS-JoplinV5
202608241448406550,202608241408172485,202608241408171802,88,5344,P1 Reference Custom Answers Bronze - V17,br_samms_custom_answers,TASK_COMPLETE,FAILED,ERROR,0,0,1,SaveCustomAnswers Bronze ForEach failed,2026-08-24T14:08:21.733Z,2026-08-24T15:03:37.584Z,3316,2026-08-24T15:03:37.584Z,V17,ColumbiaTN,6c7532c9-dcb1-40a3-beaa-690039713dec,SAMMS-ColumbiaTNv5
202608241448406552,202608241408172486,202608241408171802,88,5345,P1 Reference Custom Answers Bronze - V19,br_samms_custom_answers,TASK_COMPLETE,FAILED,ERROR,0,0,1,SaveCustomAnswers Bronze ForEach failed,2026-08-24T14:08:21.733Z,2026-08-24T15:03:37.584Z,3316,2026-08-24T15:03:37.584Z,V19,Jackson,6c7532c9-dcb1-40a3-beaa-690039713dec,SAMMS-JacksonV5
202608241448406554,202608241408172487,202608241408171802,88,5346,P1 Reference Custom Answers Bronze - V20,br_samms_custom_answers,TASK_COMPLETE,FAILED,ERROR,0,0,1,SaveCustomAnswers Bronze ForEach failed,2026-08-24T14:08:21.733Z,2026-08-24T15:03:37.584Z,3316,2026-08-24T15:03:37.584Z,V20,Paris,6c7532c9-dcb1-40a3-beaa-690039713dec,SAMMS-ParisV5
202608241448406555,202608241408172488,202608241408171802,88,5347,P1 Reference Custom Answers Bronze - V21,br_samms_custom_answers,TASK_COMPLETE,FAILED,ERROR,0,0,1,SaveCustomAnswers Bronze ForEach failed,2026-08-24T14:08:21.733Z,2026-08-24T15:03:37.584Z,3316,2026-08-24T15:03:37.584Z,V21,Raleigh,6c7532c9-dcb1-40a3-beaa-690039713dec,SAMMS-RaleighV5
202608241448406557,202608241408172489,202608241408171802,88,5348,P1 Reference Custom Answers Bronze - V5,br_samms_custom_answers,TASK_COMPLETE,FAILED,ERROR,0,0,1,SaveCustomAnswers Bronze ForEach failed,2026-08-24T14:08:21.733Z,2026-08-24T15:03:37.584Z,3316,2026-08-24T15:03:37.584Z,V5,NONTC,6c7532c9-dcb1-40a3-beaa-690039713dec,SAMMS-NONTCv5
202608241448406559,202608241408172490,202608241408171802,88,5349,P1 Reference Custom Answers Bronze - V5B,br_samms_custom_answers,TASK_COMPLETE,FAILED,ERROR,0,0,1,SaveCustomAnswers Bronze ForEach failed,2026-08-24T14:08:21.733Z,2026-08-24T15:03:37.584Z,3316,2026-08-24T15:03:37.584Z,V5B,Houma,6c7532c9-dcb1-40a3-beaa-690039713dec,SAMMS-HoumaV6
202608241448406561,202608241408172491,202608241408171802,88,5350,P1 Reference Custom Answers Bronze - V6,br_samms_custom_answers,TASK_COMPLETE,FAILED,ERROR,0,0,1,SaveCustomAnswers Bronze ForEach failed,2026-08-24T14:08:21.733Z,2026-08-24T15:03:37.584Z,3316,2026-08-24T15:03:37.584Z,V6,LC,6c7532c9-dcb1-40a3-beaa-690039713dec,SAMMS-LCv5
202608241448406563,202608241408172492,202608241408171802,88,5351,P1 Reference Custom Answers Bronze - V8,br_samms_custom_answers,TASK_COMPLETE,FAILED,ERROR,0,0,1,SaveCustomAnswers Bronze ForEach failed,2026-08-24T14:08:21.733Z,2026-08-24T15:03:37.584Z,3316,2026-08-24T15:03:37.584Z,V8,VCPHCS-VIII-Memphis,6c7532c9-dcb1-40a3-beaa-690039713dec,SAMMS-VCPHCS-VIII-MemphisV5
202608241448406565,202608241408172493,202608241408171802,88,5352,P1 Reference Custom Answers Bronze - V9,br_samms_custom_answers,TASK_COMPLETE,FAILED,ERROR,0,0,1,SaveCustomAnswers Bronze ForEach failed,2026-08-24T14:08:21.733Z,2026-08-24T15:03:37.584Z,3316,2026-08-24T15:03:37.584Z,V9,Nashville,6c7532c9-dcb1-40a3-beaa-690039713dec,SAMMS-NashvilleV5
202608201425194830,202608201258108242,202608201258108173,46,8769,P1 Finance Bills Bronze - HS,br_samms_bills,TASK_COMPLETE,SUCCESS,INFO,10336,10336,0,,2026-08-20T12:58:15.698Z,2026-08-20T14:28:34.201Z,5419,2026-08-20T14:28:34.201Z,HS,HotSprings,5f0dd8ad-486e-4238-8933-2b89499a6e18,SAMMS-HotSprings
202608201425194832,202608201258108243,202608201258108173,46,8770,P1 Finance Bills Bronze - JON,br_samms_bills,TASK_COMPLETE,SUCCESS,INFO,2786,2786,0,,2026-08-20T12:58:15.698Z,2026-08-20T14:28:34.201Z,5419,2026-08-20T14:28:34.201Z,JON,Jonesboro,5f0dd8ad-486e-4238-8933-2b89499a6e18,SAMMS-Jonesboro
202608201425194834,202608201258108244,202608201258108173,46,8771,P1 Finance Bills Bronze - LAN,br_samms_bills,TASK_COMPLETE,SUCCESS,INFO,3588,3588,0,,2026-08-20T12:58:15.698Z,2026-08-20T14:28:34.201Z,5419,2026-08-20T14:28:34.201Z,LAN,Lansing,5f0dd8ad-486e-4238-8933-2b89499a6e18,SAMMS-Lansing
202608201425194836,202608201258108245,202608201258108173,46,8772,P1 Finance Bills Bronze - LO,br_samms_bills,TASK_COMPLETE,SUCCESS,INFO,23699,23699,0,,2026-08-20T12:58:15.698Z,2026-08-20T14:28:34.201Z,5419,2026-08-20T14:28:34.201Z,LO,Louisville,5f0dd8ad-486e-4238-8933-2b89499a6e18,SAMMS-Louisville
202608201425194838,202608201258108246,202608201258108173,46,8773,P1 Finance Bills Bronze - LV1,br_samms_bills,TASK_COMPLETE,SUCCESS,INFO,7519,7519,0,,2026-08-20T12:58:15.698Z,2026-08-20T14:28:34.201Z,5419,2026-08-20T14:28:34.201Z,LV1,Cheyenne,5f0dd8ad-486e-4238-8933-2b89499a6e18,SAMMS-Cheyenne
202608201425194839,202608201258108247,202608201258108173,46,8774,P1 Finance Bills Bronze - LV2,br_samms_bills,TASK_COMPLETE,SUCCESS,INFO,6769,6769,0,,2026-08-20T12:58:15.698Z,2026-08-20T14:28:34.201Z,5419,2026-08-20T14:28:34.201Z,LV2,DesertInn,5f0dd8ad-486e-4238-8933-2b89499a6e18,SAMMS-DesertInn
202608201425194841,202608201258108248,202608201258108173,46,8775,P1 Finance Bills Bronze - LV3,br_samms_bills,TASK_COMPLETE,SUCCESS,INFO,2471,2471,0,,2026-08-20T12:58:15.698Z,2026-08-20T14:28:34.201Z,5419,2026-08-20T14:28:34.201Z,LV3,McDaniel,5f0dd8ad-486e-4238-8933-2b89499a6e18,SAMMS-McDaniel
202608201425194843,202608201258108249,202608201258108173,46,8776,P1 Finance Bills Bronze - MNRE,br_samms_bills,TASK_COMPLETE,SUCCESS,INFO,4186,4186,0,,2026-08-20T12:58:15.698Z,2026-08-20T14:28:34.201Z,5419,2026-08-20T14:28:34.201Z,MNRE,Monroe,5f0dd8ad-486e-4238-8933-2b89499a6e18,SAMMS-Monroe
202608201425194845,202608201258108250,202608201258108173,46,8777,P1 Finance Bills Bronze - MP,br_samms_bills,TASK_COMPLETE,SUCCESS,INFO,4800,4800,0,,2026-08-20T12:58:15.698Z,2026-08-20T14:28:34.201Z,5419,2026-08-20T14:28:34.201Z,MP,MtPleasant,5f0dd8ad-486e-4238-8933-2b89499a6e18,SAMMS-MtPleasant
202608201425194847,202608201258108251,202608201258108173,46,8778,P1 Finance Bills Bronze - MRD,br_samms_bills,TASK_COMPLETE,SUCCESS,INFO,6607,6607,0,,2026-08-20T12:58:15.698Z,2026-08-20T14:28:34.201Z,5419,2026-08-20T14:28:34.201Z,MRD,Meridian,5f0dd8ad-486e-4238-8933-2b89499a6e18,SAMMS-Meridian
202608201425194849,202608201258108252,202608201258108173,46,8779,P1 Finance Bills Bronze - NC,br_samms_bills,TASK_COMPLETE,SUCCESS,INFO,19133,19133,0,,2026-08-20T12:58:15.698Z,2026-08-20T14:28:34.201Z,5419,2026-08-20T14:28:34.201Z,NC,NorthCharleston,5f0dd8ad-486e-4238-8933-2b89499a6e18,SAMMS-NorthCharleston
202608201425194851,202608201258108253,202608201258108173,46,8780,P1 Finance Bills Bronze - NLR,br_samms_bills,TASK_COMPLETE,SUCCESS,INFO,8303,8303,0,,2026-08-20T12:58:15.698Z,2026-08-20T14:28:34.201Z,5419,2026-08-20T14:28:34.201Z,NLR,NLROBOT,5f0dd8ad-486e-4238-8933-2b89499a6e18,SAMMS-NLROBOT
202608201425194853,202608201258108254,202608201258108173,46,8781,P1 Finance Bills Bronze - PH,br_samms_bills,TASK_COMPLETE,SUCCESS,INFO,74,74,0,,2026-08-20T12:58:15.698Z,2026-08-20T14:28:34.201Z,5419,2026-08-20T14:28:34.201Z,PH,Phoenix,5f0dd8ad-486e-4238-8933-2b89499a6e18,SAMMS-Phoenix
202608201425194855,202608201258108255,202608201258108173,46,8782,P1 Finance Bills Bronze - RE,br_samms_bills,TASK_COMPLETE,SUCCESS,INFO,6122,6122,0,,2026-08-20T12:58:15.698Z,2026-08-20T14:28:34.201Z,5419,2026-08-20T14:28:34.201Z,RE,Reno,5f0dd8ad-486e-4238-8933-2b89499a6e18,SAMMS-Reno
202608201425194857,202608201258108256,202608201258108173,46,8783,P1 Finance Bills Bronze - RMD,br_samms_bills,TASK_COMPLETE,SUCCESS,INFO,7658,7658,0,,2026-08-20T12:58:15.698Z,2026-08-20T14:28:34.201Z,5419,2026-08-20T14:28:34.201Z,RMD,Richmond,5f0dd8ad-486e-4238-8933-2b89499a6e18,SAMMS-Richmond
202608201425194858,202608201258108257,202608201258108173,46,8784,P1 Finance Bills Bronze - SFN,br_samms_bills,TASK_COMPLETE,SUCCESS,INFO,5877,5877,0,,2026-08-20T12:58:15.698Z,2026-08-20T14:28:34.201Z,5419,2026-08-20T14:28:34.201Z,SFN,SFN,5f0dd8ad-486e-4238-8933-2b89499a6e18,SAMMS-SFNv5
202608201425194860,202608201258108258,202608201258108173,46,8785,P1 Finance Bills Bronze - SHP,br_samms_bills,TASK_COMPLETE,SUCCESS,INFO,14930,14930,0,,2026-08-20T12:58:15.698Z,2026-08-20T14:28:34.201Z,5419,2026-08-20T14:28:34.201Z,SHP,Shreveport,5f0dd8ad-486e-4238-8933-2b89499a6e18,SAMMS-Shreveport
202608201425194862,202608201258108259,202608201258108173,46,8786,P1 Finance Bills Bronze - STN,br_samms_bills,TASK_COMPLETE,SUCCESS,INFO,7724,7724,0,,2026-08-20T12:58:15.698Z,2026-08-20T14:28:34.201Z,5419,2026-08-20T14:28:34.201Z,STN,Staunton,5f0dd8ad-486e-4238-8933-2b89499a6e18,SAMMS-Staunton
202608201425194865,202608201258108260,202608201258108173,46,8787,P1 Finance Bills Bronze - STVN,br_samms_bills,TASK_COMPLETE,SUCCESS,INFO,1833,1833,0,,2026-08-20T12:58:15.698Z,2026-08-20T14:28:34.201Z,5419,2026-08-20T14:28:34.201Z,STVN,Stevenson,5f0dd8ad-486e-4238-8933-2b89499a6e18,SAMMS-Stevenson
202608201425194867,202608201258108261,202608201258108173,46,8788,P1 Finance Bills Bronze - TE,br_samms_bills,TASK_COMPLETE,SUCCESS,INFO,35,35,0,,2026-08-20T12:58:15.698Z,2026-08-20T14:28:34.201Z,5419,2026-08-20T14:28:34.201Z,TE,Tempe,5f0dd8ad-486e-4238-8933-2b89499a6e18,SAMMS-Tempe
202608201425194869,202608201258108262,202608201258108173,46,8789,P1 Finance Bills Bronze - TEX,br_samms_bills,TASK_COMPLETE,SUCCESS,INFO,5425,5425,0,,2026-08-20T12:58:15.698Z,2026-08-20T14:28:34.201Z,5419,2026-08-20T14:28:34.201Z,TEX,Texarkana,5f0dd8ad-486e-4238-8933-2b89499a6e18,SAMMS-Texarkana
202608201425194871,202608201258108263,202608201258108173,46,8790,P1 Finance Bills Bronze - TTCA,br_samms_bills,TASK_COMPLETE,SUCCESS,INFO,12626,12626,0,,2026-08-20T12:58:15.698Z,2026-08-20T14:28:34.201Z,5419,2026-08-20T14:28:34.201Z,TTCA,Bessemer,5f0dd8ad-486e-4238-8933-2b89499a6e18,SAMMS-BessemerV5
202608241448406780,202608241408172270,202608241408171802,88,5128,P1 Reference Dropdown List Items Bronze - B25,br_samms_dropdown_list_items,TASK_COMPLETE,FAILED,ERROR,0,0,1,SavedropDownListItems Bronze ForEach failed,2026-08-24T14:08:21.733Z,2026-08-24T15:03:37.584Z,3316,2026-08-24T15:03:37.584Z,B25,Pikeville,6c7532c9-dcb1-40a3-beaa-690039713dec,SAMMS-PikevilleV5
202608241448406781,202608241408172271,202608241408171802,88,5129,P1 Reference Dropdown List Items Bronze - B26,br_samms_dropdown_list_items,TASK_COMPLETE,FAILED,ERROR,0,0,1,SavedropDownListItems Bronze ForEach failed,2026-08-24T14:08:21.733Z,2026-08-24T15:03:37.584Z,3316,2026-08-24T15:03:37.584Z,B26,Hazard,6c7532c9-dcb1-40a3-beaa-690039713dec,SAMMS-HazardV5
202608241448406782,202608241408172272,202608241408171802,88,5130,P1 Reference Dropdown List Items Bronze - B27,br_samms_dropdown_list_items,TASK_COMPLETE,FAILED,ERROR,0,0,1,SavedropDownListItems Bronze ForEach failed,2026-08-24T14:08:21.733Z,2026-08-24T15:03:37.584Z,3316,2026-08-24T15:03:37.584Z,B27,Savannah,6c7532c9-dcb1-40a3-beaa-690039713dec,SAMMS-SavannahV6
202608241448406783,202608241408172273,202608241408171802,88,5131,P1 Reference Dropdown List Items Bronze - B28,br_samms_dropdown_list_items,TASK_COMPLETE,FAILED,ERROR,0,0,1,SavedropDownListItems Bronze ForEach failed,2026-08-24T14:08:21.733Z,2026-08-24T15:03:37.584Z,3316,2026-08-24T15:03:37.584Z,B28,WestPlaines,6c7532c9-dcb1-40a3-beaa-690039713dec,SAMMS-WestPlainesV5
202608241448406784,202608241408172274,202608241408171802,88,5132,P1 Reference Dropdown List Items Bronze - B29,br_samms_dropdown_list_items,TASK_COMPLETE,FAILED,ERROR,0,0,1,SavedropDownListItems Bronze ForEach failed,2026-08-24T14:08:21.733Z,2026-08-24T15:03:37.584Z,3316,2026-08-24T15:03:37.584Z,B29,PoplarBluff,6c7532c9-dcb1-40a3-beaa-690039713dec,SAMMS-PoplarBluffV5
202608241448406786,202608241408172275,202608241408171802,88,5133,P1 Reference Dropdown List Items Bronze - B30,br_samms_dropdown_list_items,TASK_COMPLETE,FAILED,ERROR,0,0,1,SavedropDownListItems Bronze ForEach failed,2026-08-24T14:08:21.733Z,2026-08-24T15:03:37.584Z,3316,2026-08-24T15:03:37.584Z,B30,KCN,6c7532c9-dcb1-40a3-beaa-690039713dec,SAMMS-KCNv5
202608241448406787,202608241408172276,202608241408171802,88,5134,P1 Reference Dropdown List Items Bronze - B31,br_samms_dropdown_list_items,TASK_COMPLETE,FAILED,ERROR,0,0,1,SavedropDownListItems Bronze ForEach failed,2026-08-24T14:08:21.733Z,2026-08-24T15:03:37.584Z,3316,2026-08-24T15:03:37.584Z,B31,Dyersburg,6c7532c9-dcb1-40a3-beaa-690039713dec,SAMMS-DyersburgV5
202608241448406788,202608241408172277,202608241408171802,88,5135,P1 Reference Dropdown List Items Bronze - B33,br_samms_dropdown_list_items,TASK_COMPLETE,FAILED,ERROR,0,0,1,SavedropDownListItems Bronze ForEach failed,2026-08-24T14:08:21.733Z,2026-08-24T15:03:37.584Z,3316,2026-08-24T15:03:37.584Z,B33,Paducah,6c7532c9-dcb1-40a3-beaa-690039713dec,SAMMS-Paducah
202608241448406790,202608241408172278,202608241408171802,88,5136,P1 Reference Dropdown List Items Bronze - B34,br_samms_dropdown_list_items,TASK_COMPLETE,FAILED,ERROR,0,0,1,SavedropDownListItems Bronze ForEach failed,2026-08-24T14:08:21.733Z,2026-08-24T15:03:37.584Z,3316,2026-08-24T15:03:37.584Z,B34,Corbin,6c7532c9-dcb1-40a3-beaa-690039713dec,SAMMS-CorbinV5
202608241448406791,202608241408172279,202608241408171802,88,5137,P1 Reference Dropdown List Items Bronze - B35,br_samms_dropdown_list_items,TASK_COMPLETE,FAILED,ERROR,0,0,1,SavedropDownListItems Bronze ForEach failed,2026-08-24T14:08:21.733Z,2026-08-24T15:03:37.584Z,3316,2026-08-24T15:03:37.584Z,B35,Lexington,6c7532c9-dcb1-40a3-beaa-690039713dec,SAMMS-LexingtonV5
202608241448406792,202608241408172280,202608241408171802,88,5138,P1 Reference Dropdown List Items Bronze - B35A,br_samms_dropdown_list_items,TASK_COMPLETE,FAILED,ERROR,0,0,1,SavedropDownListItems Bronze ForEach failed,2026-08-24T14:08:21.733Z,2026-08-24T15:03:37.584Z,3316,2026-08-24T15:03:37.584Z,B35A,Berea,6c7532c9-dcb1-40a3-beaa-690039713dec,SAMMS-BereaV5
202608241448406793,202608241408172281,202608241408171802,88,5139,P1 Reference Dropdown List Items Bronze - B36,br_samms_dropdown_list_items,TASK_COMPLETE,FAILED,ERROR,0,0,1,SavedropDownListItems Bronze ForEach failed,2026-08-24T14:08:21.733Z,2026-08-24T15:03:37.584Z,3316,2026-08-24T15:03:37.584Z,B36,Asheville,6c7532c9-dcb1-40a3-beaa-690039713dec,SAMMS-AshevilleV5
202608241448406795,202608241408172282,202608241408171802,88,5140,P1 Reference Dropdown List Items Bronze - B37,br_samms_dropdown_list_items,TASK_COMPLETE,FAILED,ERROR,0,0,1,SavedropDownListItems Bronze ForEach failed,2026-08-24T14:08:21.733Z,2026-08-24T15:03:37.584Z,3316,2026-08-24T15:03:37.584Z,B37,Clyde,6c7532c9-dcb1-40a3-beaa-690039713dec,SAMMS-ClydeV5
202608241448406796,202608241408172283,202608241408171802,88,5141,P1 Reference Dropdown List Items Bronze - B38,br_samms_dropdown_list_items,TASK_COMPLETE,FAILED,ERROR,0,0,1,SavedropDownListItems Bronze ForEach failed,2026-08-24T14:08:21.733Z,2026-08-24T15:03:37.584Z,3316,2026-08-24T15:03:37.584Z,B38,Spartanburg,6c7532c9-dcb1-40a3-beaa-690039713dec,SAMMS-SpartanburgV5
202608241333251089,202608241253387182,202608241253386616,88,5225,P1 Reference Dropdown List Items Bronze - V15,br_samms_dropdown_list_items,TASK_COMPLETE,FAILED,ERROR,0,0,1,SavedropDownListItems Bronze ForEach failed,2026-08-24T12:53:42.369Z,2026-08-24T13:42:52.652Z,2950,2026-08-24T13:42:52.652Z,V15,Joplin,8f1806c1-b1f2-4ac5-b25b-086fec51b8fb,SAMMS-JoplinV5
202608241333251091,202608241253387183,202608241253386616,88,5226,P1 Reference Dropdown List Items Bronze - V17,br_samms_dropdown_list_items,TASK_COMPLETE,FAILED,ERROR,0,0,1,SavedropDownListItems Bronze ForEach failed,2026-08-24T12:53:42.369Z,2026-08-24T13:42:52.652Z,2950,2026-08-24T13:42:52.652Z,V17,ColumbiaTN,8f1806c1-b1f2-4ac5-b25b-086fec51b8fb,SAMMS-ColumbiaTNv5
202608241333251094,202608241253387184,202608241253386616,88,5227,P1 Reference Dropdown List Items Bronze - V19,br_samms_dropdown_list_items,TASK_COMPLETE,FAILED,ERROR,0,0,1,SavedropDownListItems Bronze ForEach failed,2026-08-24T12:53:42.369Z,2026-08-24T13:42:52.652Z,2950,2026-08-24T13:42:52.652Z,V19,Jackson,8f1806c1-b1f2-4ac5-b25b-086fec51b8fb,SAMMS-JacksonV5
202608241333251096,202608241253387185,202608241253386616,88,5228,P1 Reference Dropdown List Items Bronze - V20,br_samms_dropdown_list_items,TASK_COMPLETE,FAILED,ERROR,0,0,1,SavedropDownListItems Bronze ForEach failed,2026-08-24T12:53:42.369Z,2026-08-24T13:42:52.652Z,2950,2026-08-24T13:42:52.652Z,V20,Paris,8f1806c1-b1f2-4ac5-b25b-086fec51b8fb,SAMMS-ParisV5
202608241333251098,202608241253387186,202608241253386616,88,5229,P1 Reference Dropdown List Items Bronze - V21,br_samms_dropdown_list_items,TASK_COMPLETE,FAILED,ERROR,0,0,1,SavedropDownListItems Bronze ForEach failed,2026-08-24T12:53:42.369Z,2026-08-24T13:42:52.652Z,2950,2026-08-24T13:42:52.652Z,V21,Raleigh,8f1806c1-b1f2-4ac5-b25b-086fec51b8fb,SAMMS-RaleighV5
202608241333251100,202608241253387187,202608241253386616,88,5230,P1 Reference Dropdown List Items Bronze - V5,br_samms_dropdown_list_items,TASK_COMPLETE,FAILED,ERROR,0,0,1,SavedropDownListItems Bronze ForEach failed,2026-08-24T12:53:42.369Z,2026-08-24T13:42:52.652Z,2950,2026-08-24T13:42:52.652Z,V5,NONTC,8f1806c1-b1f2-4ac5-b25b-086fec51b8fb,SAMMS-NONTCv5
202608241333251102,202608241253387188,202608241253386616,88,5231,P1 Reference Dropdown List Items Bronze - V5B,br_samms_dropdown_list_items,TASK_COMPLETE,FAILED,ERROR,0,0,1,SavedropDownListItems Bronze ForEach failed,2026-08-24T12:53:42.369Z,2026-08-24T13:42:52.652Z,2950,2026-08-24T13:42:52.652Z,V5B,Houma,8f1806c1-b1f2-4ac5-b25b-086fec51b8fb,SAMMS-HoumaV6
202608241333251104,202608241253387189,202608241253386616,88,5232,P1 Reference Dropdown List Items Bronze - V6,br_samms_dropdown_list_items,TASK_COMPLETE,FAILED,ERROR,0,0,1,SavedropDownListItems Bronze ForEach failed,2026-08-24T12:53:42.369Z,2026-08-24T13:42:52.652Z,2950,2026-08-24T13:42:52.652Z,V6,LC,8f1806c1-b1f2-4ac5-b25b-086fec51b8fb,SAMMS-LCv5
202608241333251107,202608241253387190,202608241253386616,88,5233,P1 Reference Dropdown List Items Bronze - V8,br_samms_dropdown_list_items,TASK_COMPLETE,FAILED,ERROR,0,0,1,SavedropDownListItems Bronze ForEach failed,2026-08-24T12:53:42.369Z,2026-08-24T13:42:52.652Z,2950,2026-08-24T13:42:52.652Z,V8,VCPHCS-VIII-Memphis,8f1806c1-b1f2-4ac5-b25b-086fec51b8fb,SAMMS-VCPHCS-VIII-MemphisV5
202608241333251109,202608241253387191,202608241253386616,88,5234,P1 Reference Dropdown List Items Bronze - V9,br_samms_dropdown_list_items,TASK_COMPLETE,FAILED,ERROR,0,0,1,SavedropDownListItems Bronze ForEach failed,2026-08-24T12:53:42.369Z,2026-08-24T13:42:52.652Z,2950,2026-08-24T13:42:52.652Z,V9,Nashville,8f1806c1-b1f2-4ac5-b25b-086fec51b8fb,SAMMS-NashvilleV5
202608241333251111,202608241253387192,202608241253386616,88,5235,P1 Reference Dropdown List Items Bronze - VBRA,br_samms_dropdown_list_items,TASK_COMPLETE,FAILED,ERROR,0,0,1,SavedropDownListItems Bronze ForEach failed,2026-08-24T12:53:42.369Z,2026-08-24T13:42:52.652Z,2950,2026-08-24T13:42:52.652Z,VBRA,Brainerd,8f1806c1-b1f2-4ac5-b25b-086fec51b8fb,SAMMS-BrainerdV6
202608241333251113,202608241253387193,202608241253386616,88,5236,P1 Reference Dropdown List Items Bronze - VBRP,br_samms_dropdown_list_items,TASK_COMPLETE,FAILED,ERROR,0,0,1,SavedropDownListItems Bronze ForEach failed,2026-08-24T12:53:42.369Z,2026-08-24T13:42:52.652Z,2950,2026-08-24T13:42:52.652Z,VBRP,BrooklynPark,8f1806c1-b1f2-4ac5-b25b-086fec51b8fb,SAMMS-BrooklynParkV6
202608241333251115,202608241253387194,202608241253386616,88,5237,P1 Reference Dropdown List Items Bronze - VMIN,br_samms_dropdown_list_items,TASK_COMPLETE,FAILED,ERROR,0,0,1,SavedropDownListItems Bronze ForEach failed,2026-08-24T12:53:42.369Z,2026-08-24T13:42:52.652Z,2950,2026-08-24T13:42:52.652Z,VMIN,Minneapolis,8f1806c1-b1f2-4ac5-b25b-086fec51b8fb,SAMMS-MinneapolisV6
202608241333251118,202608241253387195,202608241253386616,88,5238,P1 Reference Dropdown List Items Bronze - VWBY,br_samms_dropdown_list_items,TASK_COMPLETE,FAILED,ERROR,0,0,1,SavedropDownListItems Bronze ForEach failed,2026-08-24T12:53:42.369Z,2026-08-24T13:42:52.652Z,2950,2026-08-24T13:42:52.652Z,VWBY,Woodbury,8f1806c1-b1f2-4ac5-b25b-086fec51b8fb,SAMMS-WoodburyV6
202608241448406934,202608241408172368,202608241408171802,88,5225,P1 Reference Dropdown List Items Bronze - V15,br_samms_dropdown_list_items,TASK_COMPLETE,FAILED,ERROR,0,0,1,SavedropDownListItems Bronze ForEach failed,2026-08-24T14:08:21.733Z,2026-08-24T15:03:37.584Z,3316,2026-08-24T15:03:37.584Z,V15,Joplin,6c7532c9-dcb1-40a3-beaa-690039713dec,SAMMS-JoplinV5
202608241448406936,202608241408172369,202608241408171802,88,5226,P1 Reference Dropdown List Items Bronze - V17,br_samms_dropdown_list_items,TASK_COMPLETE,FAILED,ERROR,0,0,1,SavedropDownListItems Bronze ForEach failed,2026-08-24T14:08:21.733Z,2026-08-24T15:03:37.584Z,3316,2026-08-24T15:03:37.584Z,V17,ColumbiaTN,6c7532c9-dcb1-40a3-beaa-690039713dec,SAMMS-ColumbiaTNv5
202608241448406938,202608241408172370,202608241408171802,88,5227,P1 Reference Dropdown List Items Bronze - V19,br_samms_dropdown_list_items,TASK_COMPLETE,FAILED,ERROR,0,0,1,SavedropDownListItems Bronze ForEach failed,2026-08-24T14:08:21.733Z,2026-08-24T15:03:37.584Z,3316,2026-08-24T15:03:37.584Z,V19,Jackson,6c7532c9-dcb1-40a3-beaa-690039713dec,SAMMS-JacksonV5
202608241448406940,202608241408172371,202608241408171802,88,5228,P1 Reference Dropdown List Items Bronze - V20,br_samms_dropdown_list_items,TASK_COMPLETE,FAILED,ERROR,0,0,1,SavedropDownListItems Bronze ForEach failed,2026-08-24T14:08:21.733Z,2026-08-24T15:03:37.584Z,3316,2026-08-24T15:03:37.584Z,V20,Paris,6c7532c9-dcb1-40a3-beaa-690039713dec,SAMMS-ParisV5
202608241448406942,202608241408172372,202608241408171802,88,5229,P1 Reference Dropdown List Items Bronze - V21,br_samms_dropdown_list_items,TASK_COMPLETE,FAILED,ERROR,0,0,1,SavedropDownListItems Bronze ForEach failed,2026-08-24T14:08:21.733Z,2026-08-24T15:03:37.584Z,3316,2026-08-24T15:03:37.584Z,V21,Raleigh,6c7532c9-dcb1-40a3-beaa-690039713dec,SAMMS-RaleighV5
202608241448406944,202608241408172373,202608241408171802,88,5230,P1 Reference Dropdown List Items Bronze - V5,br_samms_dropdown_list_items,TASK_COMPLETE,FAILED,ERROR,0,0,1,SavedropDownListItems Bronze ForEach failed,2026-08-24T14:08:21.733Z,2026-08-24T15:03:37.584Z,3316,2026-08-24T15:03:37.584Z,V5,NONTC,6c7532c9-dcb1-40a3-beaa-690039713dec,SAMMS-NONTCv5
202608241448406946,202608241408172374,202608241408171802,88,5231,P1 Reference Dropdown List Items Bronze - V5B,br_samms_dropdown_list_items,TASK_COMPLETE,FAILED,ERROR,0,0,1,SavedropDownListItems Bronze ForEach failed,2026-08-24T14:08:21.733Z,2026-08-24T15:03:37.584Z,3316,2026-08-24T15:03:37.584Z,V5B,Houma,6c7532c9-dcb1-40a3-beaa-690039713dec,SAMMS-HoumaV6
202608241448406948,202608241408172375,202608241408171802,88,5232,P1 Reference Dropdown List Items Bronze - V6,br_samms_dropdown_list_items,TASK_COMPLETE,FAILED,ERROR,0,0,1,SavedropDownListItems Bronze ForEach failed,2026-08-24T14:08:21.733Z,2026-08-24T15:03:37.584Z,3316,2026-08-24T15:03:37.584Z,V6,LC,6c7532c9-dcb1-40a3-beaa-690039713dec,SAMMS-LCv5
202608241448406950,202608241408172376,202608241408171802,88,5233,P1 Reference Dropdown List Items Bronze - V8,br_samms_dropdown_list_items,TASK_COMPLETE,FAILED,ERROR,0,0,1,SavedropDownListItems Bronze ForEach failed,2026-08-24T14:08:21.733Z,2026-08-24T15:03:37.584Z,3316,2026-08-24T15:03:37.584Z,V8,VCPHCS-VIII-Memphis,6c7532c9-dcb1-40a3-beaa-690039713dec,SAMMS-VCPHCS-VIII-MemphisV5
202608241448406952,202608241408172377,202608241408171802,88,5234,P1 Reference Dropdown List Items Bronze - V9,br_samms_dropdown_list_items,TASK_COMPLETE,FAILED,ERROR,0,0,1,SavedropDownListItems Bronze ForEach failed,2026-08-24T14:08:21.733Z,2026-08-24T15:03:37.584Z,3316,2026-08-24T15:03:37.584Z,V9,Nashville,6c7532c9-dcb1-40a3-beaa-690039713dec,SAMMS-NashvilleV5
202608241448406954,202608241408172378,202608241408171802,88,5235,P1 Reference Dropdown List Items Bronze - VBRA,br_samms_dropdown_list_items,TASK_COMPLETE,FAILED,ERROR,0,0,1,SavedropDownListItems Bronze ForEach failed,2026-08-24T14:08:21.733Z,2026-08-24T15:03:37.584Z,3316,2026-08-24T15:03:37.584Z,VBRA,Brainerd,6c7532c9-dcb1-40a3-beaa-690039713dec,SAMMS-BrainerdV6
202608241448406956,202608241408172379,202608241408171802,88,5236,P1 Reference Dropdown List Items Bronze - VBRP,br_samms_dropdown_list_items,TASK_COMPLETE,FAILED,ERROR,0,0,1,SavedropDownListItems Bronze ForEach failed,2026-08-24T14:08:21.733Z,2026-08-24T15:03:37.584Z,3316,2026-08-24T15:03:37.584Z,VBRP,BrooklynPark,6c7532c9-dcb1-40a3-beaa-690039713dec,SAMMS-BrooklynParkV6
202608241448406958,202608241408172380,202608241408171802,88,5237,P1 Reference Dropdown List Items Bronze - VMIN,br_samms_dropdown_list_items,TASK_COMPLETE,FAILED,ERROR,0,0,1,SavedropDownListItems Bronze ForEach failed,2026-08-24T14:08:21.733Z,2026-08-24T15:03:37.584Z,3316,2026-08-24T15:03:37.584Z,VMIN,Minneapolis,6c7532c9-dcb1-40a3-beaa-690039713dec,SAMMS-MinneapolisV6
202608241448406960,202608241408172381,202608241408171802,88,5238,P1 Reference Dropdown List Items Bronze - VWBY,br_samms_dropdown_list_items,TASK_COMPLETE,FAILED,ERROR,0,0,1,SavedropDownListItems Bronze ForEach failed,2026-08-24T14:08:21.733Z,2026-08-24T15:03:37.584Z,3316,2026-08-24T15:03:37.584Z,VWBY,Woodbury,6c7532c9-dcb1-40a3-beaa-690039713dec,SAMMS-WoodburyV6
202608221320321802,202608221237332611,202608221237331665,88,5615,P1 Reference Preadmission Referral Source Bronze - B41,br_samms_preadmission_referral_source,TASK_COMPLETE,SUCCESS,INFO,471,471,0,,2026-08-22T12:37:36.805Z,2026-08-22T13:23:02.807Z,2726,2026-08-22T13:23:02.807Z,B41,Chesapeake,63818914-9c2b-4ff6-ac1c-35595835ab93,SAMMS-ChesapeakeV5
202608221320321803,202608221237332612,202608221237331665,88,5616,P1 Reference Preadmission Referral Source Bronze - B42,br_samms_preadmission_referral_source,TASK_COMPLETE,SUCCESS,INFO,882,882,0,,2026-08-22T12:37:36.805Z,2026-08-22T13:23:02.807Z,2726,2026-08-22T13:23:02.807Z,B42,VirginiaBeach,63818914-9c2b-4ff6-ac1c-35595835ab93,SAMMS-VirginiaBeachV5
202608221320321804,202608221237332613,202608221237331665,88,5617,P1 Reference Preadmission Referral Source Bronze - B42A,br_samms_preadmission_referral_source,TASK_COMPLETE,SUCCESS,INFO,364,364,0,,2026-08-22T12:37:36.805Z,2026-08-22T13:23:02.807Z,2726,2026-08-22T13:23:02.807Z,B42A,NewportNews,63818914-9c2b-4ff6-ac1c-35595835ab93,SAMMS-NewportNewsV5
202608221320321806,202608221237332614,202608221237331665,88,5618,P1 Reference Preadmission Referral Source Bronze - B42B,br_samms_preadmission_referral_source,TASK_COMPLETE,SUCCESS,INFO,98,98,0,,2026-08-22T12:37:36.805Z,2026-08-22T13:23:02.807Z,2726,2026-08-22T13:23:02.807Z,B42B,Franklin,63818914-9c2b-4ff6-ac1c-35595835ab93,SAMMS-FranklinV5
202608221320321807,202608221237332615,202608221237331665,88,5619,P1 Reference Preadmission Referral Source Bronze - B42C,br_samms_preadmission_referral_source,TASK_COMPLETE,SUCCESS,INFO,505,505,0,,2026-08-22T12:37:36.805Z,2026-08-22T13:23:02.807Z,2726,2026-08-22T13:23:02.807Z,B42C,GlenAllen,63818914-9c2b-4ff6-ac1c-35595835ab93,SAMMS-GlenAllenV5
202608221320321808,202608221237332616,202608221237331665,88,5620,P1 Reference Preadmission Referral Source Bronze - B42D,br_samms_preadmission_referral_source,TASK_COMPLETE,SUCCESS,INFO,271,271,0,,2026-08-22T12:37:36.805Z,2026-08-22T13:23:02.807Z,2726,2026-08-22T13:23:02.807Z,B42D,ChesapeakeSouth,63818914-9c2b-4ff6-ac1c-35595835ab93,SAMMS-ChesapeakeSouthV5
202608221320321810,202608221237332617,202608221237331665,88,5621,P1 Reference Preadmission Referral Source Bronze - B44,br_samms_preadmission_referral_source,TASK_COMPLETE,SUCCESS,INFO,153,153,0,,2026-08-22T12:37:36.805Z,2026-08-22T13:23:02.807Z,2726,2026-08-22T13:23:02.807Z,B44,Albany,63818914-9c2b-4ff6-ac1c-35595835ab93,SAMMS-AlbanyV5
202608221320321811,202608221237332618,202608221237331665,88,5622,P1 Reference Preadmission Referral Source Bronze - B45,br_samms_preadmission_referral_source,TASK_COMPLETE,SUCCESS,INFO,220,220,0,,2026-08-22T12:37:36.805Z,2026-08-22T13:23:02.807Z,2726,2026-08-22T13:23:02.807Z,B45,Tifton,63818914-9c2b-4ff6-ac1c-35595835ab93,SAMMS-TiftonV5
202608221320321813,202608221237332619,202608221237331665,88,5623,P1 Reference Preadmission Referral Source Bronze - B46,br_samms_preadmission_referral_source,TASK_COMPLETE,SUCCESS,INFO,909,909,0,,2026-08-22T12:37:36.805Z,2026-08-22T13:23:02.807Z,2726,2026-08-22T13:23:02.807Z,B46,WashingtonDC,63818914-9c2b-4ff6-ac1c-35595835ab93,SAMMS-WashingtonDCv5
202608221320321814,202608221237332620,202608221237331665,88,5624,P1 Reference Preadmission Referral Source Bronze - B47,br_samms_preadmission_referral_source,TASK_COMPLETE,SUCCESS,INFO,231,231,0,,2026-08-22T12:37:36.805Z,2026-08-22T13:23:02.807Z,2726,2026-08-22T13:23:02.807Z,B47,Mobile,63818914-9c2b-4ff6-ac1c-35595835ab93,SAMMS-MobileV5
202608221320321816,202608221237332621,202608221237331665,88,5625,P1 Reference Preadmission Referral Source Bronze - B48,br_samms_preadmission_referral_source,TASK_COMPLETE,SUCCESS,INFO,346,346,0,,2026-08-22T12:37:36.805Z,2026-08-22T13:23:02.807Z,2726,2026-08-22T13:23:02.807Z,B48,Tuscaloosa,63818914-9c2b-4ff6-ac1c-35595835ab93,SAMMS-TuscaloosaV5
202608221320321817,202608221237332622,202608221237331665,88,5626,P1 Reference Preadmission Referral Source Bronze - B51,br_samms_preadmission_referral_source,TASK_COMPLETE,SUCCESS,INFO,268,268,0,,2026-08-22T12:37:36.805Z,2026-08-22T13:23:02.807Z,2726,2026-08-22T13:23:02.807Z,B51,NorthLittleRock,63818914-9c2b-4ff6-ac1c-35595835ab93,SAMMS-NorthLittleRockV6
202608221320321819,202608221237332623,202608221237331665,88,5627,P1 Reference Preadmission Referral Source Bronze - B52,br_samms_preadmission_referral_source,TASK_COMPLETE,SUCCESS,INFO,129,129,0,,2026-08-22T12:37:36.805Z,2026-08-22T13:23:02.807Z,2726,2026-08-22T13:23:02.807Z,B52,JacksonGA,63818914-9c2b-4ff6-ac1c-35595835ab93,SAMMS-JacksonGAV5
202608221320321820,202608221237332624,202608221237331665,88,5628,P1 Reference Preadmission Referral Source Bronze - B54,br_samms_preadmission_referral_source,TASK_COMPLETE,SUCCESS,INFO,386,386,0,,2026-08-22T12:37:36.805Z,2026-08-22T13:23:02.807Z,2726,2026-08-22T13:23:02.807Z,B54,Gadsden,63818914-9c2b-4ff6-ac1c-35595835ab93,SAMMS-GadsdenV5
202608221320321822,202608221237332625,202608221237331665,88,5629,P1 Reference Preadmission Referral Source Bronze - B55,br_samms_preadmission_referral_source,TASK_COMPLETE,SUCCESS,INFO,368,368,0,,2026-08-22T12:37:36.805Z,2026-08-22T13:23:02.807Z,2726,2026-08-22T13:23:02.807Z,B55,Shoals,63818914-9c2b-4ff6-ac1c-35595835ab93,SAMMS-ShoalsV5
202608221320321823,202608221237332626,202608221237331665,88,5630,P1 Reference Preadmission Referral Source Bronze - B57,br_samms_preadmission_referral_source,TASK_COMPLETE,SUCCESS,INFO,100,100,0,,2026-08-22T12:37:36.805Z,2026-08-22T13:23:02.807Z,2726,2026-08-22T13:23:02.807Z,B57,Pawtucket,63818914-9c2b-4ff6-ac1c-35595835ab93,SAMMS-Pawtucket
202608241333250921,202608241253387084,202608241253386616,88,5128,P1 Reference Dropdown List Items Bronze - B25,br_samms_dropdown_list_items,TASK_COMPLETE,FAILED,ERROR,0,0,1,SavedropDownListItems Bronze ForEach failed,2026-08-24T12:53:42.369Z,2026-08-24T13:42:52.652Z,2950,2026-08-24T13:42:52.652Z,B25,Pikeville,8f1806c1-b1f2-4ac5-b25b-086fec51b8fb,SAMMS-PikevilleV5
202608241333250922,202608241253387085,202608241253386616,88,5129,P1 Reference Dropdown List Items Bronze - B26,br_samms_dropdown_list_items,TASK_COMPLETE,FAILED,ERROR,0,0,1,SavedropDownListItems Bronze ForEach failed,2026-08-24T12:53:42.369Z,2026-08-24T13:42:52.652Z,2950,2026-08-24T13:42:52.652Z,B26,Hazard,8f1806c1-b1f2-4ac5-b25b-086fec51b8fb,SAMMS-HazardV5
202608241333250924,202608241253387086,202608241253386616,88,5130,P1 Reference Dropdown List Items Bronze - B27,br_samms_dropdown_list_items,TASK_COMPLETE,FAILED,ERROR,0,0,1,SavedropDownListItems Bronze ForEach failed,2026-08-24T12:53:42.369Z,2026-08-24T13:42:52.652Z,2950,2026-08-24T13:42:52.652Z,B27,Savannah,8f1806c1-b1f2-4ac5-b25b-086fec51b8fb,SAMMS-SavannahV6
202608241333250925,202608241253387087,202608241253386616,88,5131,P1 Reference Dropdown List Items Bronze - B28,br_samms_dropdown_list_items,TASK_COMPLETE,FAILED,ERROR,0,0,1,SavedropDownListItems Bronze ForEach failed,2026-08-24T12:53:42.369Z,2026-08-24T13:42:52.652Z,2950,2026-08-24T13:42:52.652Z,B28,WestPlaines,8f1806c1-b1f2-4ac5-b25b-086fec51b8fb,SAMMS-WestPlainesV5
202608241333250926,202608241253387088,202608241253386616,88,5132,P1 Reference Dropdown List Items Bronze - B29,br_samms_dropdown_list_items,TASK_COMPLETE,FAILED,ERROR,0,0,1,SavedropDownListItems Bronze ForEach failed,2026-08-24T12:53:42.369Z,2026-08-24T13:42:52.652Z,2950,2026-08-24T13:42:52.652Z,B29,PoplarBluff,8f1806c1-b1f2-4ac5-b25b-086fec51b8fb,SAMMS-PoplarBluffV5
202608241333250927,202608241253387089,202608241253386616,88,5133,P1 Reference Dropdown List Items Bronze - B30,br_samms_dropdown_list_items,TASK_COMPLETE,FAILED,ERROR,0,0,1,SavedropDownListItems Bronze ForEach failed,2026-08-24T12:53:42.369Z,2026-08-24T13:42:52.652Z,2950,2026-08-24T13:42:52.652Z,B30,KCN,8f1806c1-b1f2-4ac5-b25b-086fec51b8fb,SAMMS-KCNv5
202608241333250929,202608241253387090,202608241253386616,88,5134,P1 Reference Dropdown List Items Bronze - B31,br_samms_dropdown_list_items,TASK_COMPLETE,FAILED,ERROR,0,0,1,SavedropDownListItems Bronze ForEach failed,2026-08-24T12:53:42.369Z,2026-08-24T13:42:52.652Z,2950,2026-08-24T13:42:52.652Z,B31,Dyersburg,8f1806c1-b1f2-4ac5-b25b-086fec51b8fb,SAMMS-DyersburgV5
202608241333250930,202608241253387091,202608241253386616,88,5135,P1 Reference Dropdown List Items Bronze - B33,br_samms_dropdown_list_items,TASK_COMPLETE,FAILED,ERROR,0,0,1,SavedropDownListItems Bronze ForEach failed,2026-08-24T12:53:42.369Z,2026-08-24T13:42:52.652Z,2950,2026-08-24T13:42:52.652Z,B33,Paducah,8f1806c1-b1f2-4ac5-b25b-086fec51b8fb,SAMMS-Paducah
202608241333250931,202608241253387092,202608241253386616,88,5136,P1 Reference Dropdown List Items Bronze - B34,br_samms_dropdown_list_items,TASK_COMPLETE,FAILED,ERROR,0,0,1,SavedropDownListItems Bronze ForEach failed,2026-08-24T12:53:42.369Z,2026-08-24T13:42:52.652Z,2950,2026-08-24T13:42:52.652Z,B34,Corbin,8f1806c1-b1f2-4ac5-b25b-086fec51b8fb,SAMMS-CorbinV5
202608241333250932,202608241253387093,202608241253386616,88,5137,P1 Reference Dropdown List Items Bronze - B35,br_samms_dropdown_list_items,TASK_COMPLETE,FAILED,ERROR,0,0,1,SavedropDownListItems Bronze ForEach failed,2026-08-24T12:53:42.369Z,2026-08-24T13:42:52.652Z,2950,2026-08-24T13:42:52.652Z,B35,Lexington,8f1806c1-b1f2-4ac5-b25b-086fec51b8fb,SAMMS-LexingtonV5
202608241333250934,202608241253387094,202608241253386616,88,5138,P1 Reference Dropdown List Items Bronze - B35A,br_samms_dropdown_list_items,TASK_COMPLETE,FAILED,ERROR,0,0,1,SavedropDownListItems Bronze ForEach failed,2026-08-24T12:53:42.369Z,2026-08-24T13:42:52.652Z,2950,2026-08-24T13:42:52.652Z,B35A,Berea,8f1806c1-b1f2-4ac5-b25b-086fec51b8fb,SAMMS-BereaV5
202608241333250935,202608241253387095,202608241253386616,88,5139,P1 Reference Dropdown List Items Bronze - B36,br_samms_dropdown_list_items,TASK_COMPLETE,FAILED,ERROR,0,0,1,SavedropDownListItems Bronze ForEach failed,2026-08-24T12:53:42.369Z,2026-08-24T13:42:52.652Z,2950,2026-08-24T13:42:52.652Z,B36,Asheville,8f1806c1-b1f2-4ac5-b25b-086fec51b8fb,SAMMS-AshevilleV5
202608241333250936,202608241253387096,202608241253386616,88,5140,P1 Reference Dropdown List Items Bronze - B37,br_samms_dropdown_list_items,TASK_COMPLETE,FAILED,ERROR,0,0,1,SavedropDownListItems Bronze ForEach failed,2026-08-24T12:53:42.369Z,2026-08-24T13:42:52.652Z,2950,2026-08-24T13:42:52.652Z,B37,Clyde,8f1806c1-b1f2-4ac5-b25b-086fec51b8fb,SAMMS-ClydeV5
202608241333250938,202608241253387097,202608241253386616,88,5141,P1 Reference Dropdown List Items Bronze - B38,br_samms_dropdown_list_items,TASK_COMPLETE,FAILED,ERROR,0,0,1,SavedropDownListItems Bronze ForEach failed,2026-08-24T12:53:42.369Z,2026-08-24T13:42:52.652Z,2950,2026-08-24T13:42:52.652Z,B38,Spartanburg,8f1806c1-b1f2-4ac5-b25b-086fec51b8fb,SAMMS-SpartanburgV5
202608221320321945,202608221237332691,202608221237331665,88,5695,P1 Reference Preadmission Referral Source Bronze - V12A,br_samms_preadmission_referral_source,TASK_COMPLETE,SUCCESS,INFO,188,188,0,,2026-08-22T12:37:36.805Z,2026-08-22T13:23:02.807Z,2726,2026-08-22T13:23:02.807Z,V12A,Centennial,63818914-9c2b-4ff6-ac1c-35595835ab93,SAMMS-CentennialV5
202608221320321947,202608221237332692,202608221237331665,88,5696,P1 Reference Preadmission Referral Source Bronze - V14,br_samms_preadmission_referral_source,TASK_COMPLETE,SUCCESS,INFO,265,265,0,,2026-08-22T12:37:36.805Z,2026-08-22T13:23:02.807Z,2726,2026-08-22T13:23:02.807Z,V14,VCPHCS-XIV-Bridgeway,63818914-9c2b-4ff6-ac1c-35595835ab93,SAMMS-VCPHCS-XIV-BridgewayV5
202608221320321949,202608221237332693,202608221237331665,88,5697,P1 Reference Preadmission Referral Source Bronze - V15,br_samms_preadmission_referral_source,TASK_COMPLETE,SUCCESS,INFO,416,416,0,,2026-08-22T12:37:36.805Z,2026-08-22T13:23:02.807Z,2726,2026-08-22T13:23:02.807Z,V15,Joplin,63818914-9c2b-4ff6-ac1c-35595835ab93,SAMMS-JoplinV5
202608221320321952,202608221237332694,202608221237331665,88,5698,P1 Reference Preadmission Referral Source Bronze - V17,br_samms_preadmission_referral_source,TASK_COMPLETE,SUCCESS,INFO,273,273,0,,2026-08-22T12:37:36.805Z,2026-08-22T13:23:02.807Z,2726,2026-08-22T13:23:02.807Z,V17,ColumbiaTN,63818914-9c2b-4ff6-ac1c-35595835ab93,SAMMS-ColumbiaTNv5
202608221320321954,202608221237332695,202608221237331665,88,5699,P1 Reference Preadmission Referral Source Bronze - V19,br_samms_preadmission_referral_source,TASK_COMPLETE,SUCCESS,INFO,310,310,0,,2026-08-22T12:37:36.805Z,2026-08-22T13:23:02.807Z,2726,2026-08-22T13:23:02.807Z,V19,Jackson,63818914-9c2b-4ff6-ac1c-35595835ab93,SAMMS-JacksonV5
202608221320321956,202608221237332696,202608221237331665,88,5700,P1 Reference Preadmission Referral Source Bronze - V20,br_samms_preadmission_referral_source,TASK_COMPLETE,SUCCESS,INFO,267,267,0,,2026-08-22T12:37:36.805Z,2026-08-22T13:23:02.807Z,2726,2026-08-22T13:23:02.807Z,V20,Paris,63818914-9c2b-4ff6-ac1c-35595835ab93,SAMMS-ParisV5
202608221320321959,202608221237332697,202608221237331665,88,5701,P1 Reference Preadmission Referral Source Bronze - V21,br_samms_preadmission_referral_source,TASK_COMPLETE,SUCCESS,INFO,210,210,0,,2026-08-22T12:37:36.805Z,2026-08-22T13:23:02.807Z,2726,2026-08-22T13:23:02.807Z,V21,Raleigh,63818914-9c2b-4ff6-ac1c-35595835ab93,SAMMS-RaleighV5
202608221320321961,202608221237332698,202608221237331665,88,5702,P1 Reference Preadmission Referral Source Bronze - V5,br_samms_preadmission_referral_source,TASK_COMPLETE,SUCCESS,INFO,510,510,0,,2026-08-22T12:37:36.805Z,2026-08-22T13:23:02.807Z,2726,2026-08-22T13:23:02.807Z,V5,NONTC,63818914-9c2b-4ff6-ac1c-35595835ab93,SAMMS-NONTCv5
202608221320321963,202608221237332699,202608221237331665,88,5703,P1 Reference Preadmission Referral Source Bronze - V5B,br_samms_preadmission_referral_source,TASK_COMPLETE,SUCCESS,INFO,184,184,0,,2026-08-22T12:37:36.805Z,2026-08-22T13:23:02.807Z,2726,2026-08-22T13:23:02.807Z,V5B,Houma,63818914-9c2b-4ff6-ac1c-35595835ab93,SAMMS-HoumaV6
202608221320321965,202608221237332700,202608221237331665,88,5704,P1 Reference Preadmission Referral Source Bronze - V6,br_samms_preadmission_referral_source,TASK_COMPLETE,SUCCESS,INFO,669,669,0,,2026-08-22T12:37:36.805Z,2026-08-22T13:23:02.807Z,2726,2026-08-22T13:23:02.807Z,V6,LC,63818914-9c2b-4ff6-ac1c-35595835ab93,SAMMS-LCv5
202608221320321968,202608221237332701,202608221237331665,88,5705,P1 Reference Preadmission Referral Source Bronze - V8,br_samms_preadmission_referral_source,TASK_COMPLETE,SUCCESS,INFO,511,511,0,,2026-08-22T12:37:36.805Z,2026-08-22T13:23:02.807Z,2726,2026-08-22T13:23:02.807Z,V8,VCPHCS-VIII-Memphis,63818914-9c2b-4ff6-ac1c-35595835ab93,SAMMS-VCPHCS-VIII-MemphisV5
202608221320321970,202608221237332702,202608221237331665,88,5706,P1 Reference Preadmission Referral Source Bronze - V9,br_samms_preadmission_referral_source,TASK_COMPLETE,SUCCESS,INFO,784,784,0,,2026-08-22T12:37:36.805Z,2026-08-22T13:23:02.807Z,2726,2026-08-22T13:23:02.807Z,V9,Nashville,63818914-9c2b-4ff6-ac1c-35595835ab93,SAMMS-NashvilleV5
202608221320321972,202608221237332703,202608221237331665,88,5707,P1 Reference Preadmission Referral Source Bronze - VBRA,br_samms_preadmission_referral_source,TASK_COMPLETE,SUCCESS,INFO,430,430,0,,2026-08-22T12:37:36.805Z,2026-08-22T13:23:02.807Z,2726,2026-08-22T13:23:02.807Z,VBRA,Brainerd,63818914-9c2b-4ff6-ac1c-35595835ab93,SAMMS-BrainerdV6
202608221320321975,202608221237332704,202608221237331665,88,5708,P1 Reference Preadmission Referral Source Bronze - VBRP,br_samms_preadmission_referral_source,TASK_COMPLETE,SUCCESS,INFO,682,682,0,,2026-08-22T12:37:36.805Z,2026-08-22T13:23:02.807Z,2726,2026-08-22T13:23:02.807Z,VBRP,BrooklynPark,63818914-9c2b-4ff6-ac1c-35595835ab93,SAMMS-BrooklynParkV6
202608221320321977,202608221237332705,202608221237331665,88,5709,P1 Reference Preadmission Referral Source Bronze - VMIN,br_samms_preadmission_referral_source,TASK_COMPLETE,SUCCESS,INFO,404,404,0,,2026-08-22T12:37:36.805Z,2026-08-22T13:23:02.807Z,2726,2026-08-22T13:23:02.807Z,VMIN,Minneapolis,63818914-9c2b-4ff6-ac1c-35595835ab93,SAMMS-MinneapolisV6
202608221320321979,202608221237332706,202608221237331665,88,5710,P1 Reference Preadmission Referral Source Bronze - VWBY,br_samms_preadmission_referral_source,TASK_COMPLETE,SUCCESS,INFO,663,663,0,,2026-08-22T12:37:36.805Z,2026-08-22T13:23:02.807Z,2726,2026-08-22T13:23:02.807Z,VWBY,Woodbury,63818914-9c2b-4ff6-ac1c-35595835ab93,SAMMS-WoodburyV6
202608201425194124,202608201258108889,202608201258108173,46,9431,P1 Finance 3P Eligibility Bronze - B42C,br_samms_3p_elig,TASK_COMPLETE,SUCCESS,INFO,164,164,0,,2026-08-20T12:58:15.698Z,2026-08-20T14:28:34.201Z,5419,2026-08-20T14:28:34.201Z,B42C,GlenAllen,5f0dd8ad-486e-4238-8933-2b89499a6e18,SAMMS-GlenAllenV5
202608201425194126,202608201258108890,202608201258108173,46,9432,P1 Finance 3P Eligibility Bronze - B42D,br_samms_3p_elig,TASK_COMPLETE,SUCCESS,INFO,57,57,0,,2026-08-20T12:58:15.698Z,2026-08-20T14:28:34.201Z,5419,2026-08-20T14:28:34.201Z,B42D,ChesapeakeSouth,5f0dd8ad-486e-4238-8933-2b89499a6e18,SAMMS-ChesapeakeSouthV5
202608201425194127,202608201258108891,202608201258108173,46,9433,P1 Finance 3P Eligibility Bronze - B44,br_samms_3p_elig,TASK_COMPLETE,SUCCESS,INFO,71,71,0,,2026-08-20T12:58:15.698Z,2026-08-20T14:28:34.201Z,5419,2026-08-20T14:28:34.201Z,B44,Albany,5f0dd8ad-486e-4238-8933-2b89499a6e18,SAMMS-AlbanyV5
202608201425194129,202608201258108892,202608201258108173,46,9434,P1 Finance 3P Eligibility Bronze - B45,br_samms_3p_elig,TASK_COMPLETE,SUCCESS,INFO,47,47,0,,2026-08-20T12:58:15.698Z,2026-08-20T14:28:34.201Z,5419,2026-08-20T14:28:34.201Z,B45,Tifton,5f0dd8ad-486e-4238-8933-2b89499a6e18,SAMMS-TiftonV5
202608201425194131,202608201258108893,202608201258108173,46,9435,P1 Finance 3P Eligibility Bronze - B46,br_samms_3p_elig,TASK_COMPLETE,SUCCESS,INFO,156,156,0,,2026-08-20T12:58:15.698Z,2026-08-20T14:28:34.201Z,5419,2026-08-20T14:28:34.201Z,B46,WashingtonDC,5f0dd8ad-486e-4238-8933-2b89499a6e18,SAMMS-WashingtonDCv5
202608201425194132,202608201258108894,202608201258108173,46,9436,P1 Finance 3P Eligibility Bronze - B47,br_samms_3p_elig,TASK_COMPLETE,SUCCESS,INFO,204,204,0,,2026-08-20T12:58:15.698Z,2026-08-20T14:28:34.201Z,5419,2026-08-20T14:28:34.201Z,B47,Mobile,5f0dd8ad-486e-4238-8933-2b89499a6e18,SAMMS-MobileV5
202608201425194134,202608201258108895,202608201258108173,46,9437,P1 Finance 3P Eligibility Bronze - B48,br_samms_3p_elig,TASK_COMPLETE,SUCCESS,INFO,293,293,0,,2026-08-20T12:58:15.698Z,2026-08-20T14:28:34.201Z,5419,2026-08-20T14:28:34.201Z,B48,Tuscaloosa,5f0dd8ad-486e-4238-8933-2b89499a6e18,SAMMS-TuscaloosaV5
202608201425194135,202608201258108896,202608201258108173,46,9438,P1 Finance 3P Eligibility Bronze - B51,br_samms_3p_elig,TASK_COMPLETE,SUCCESS,INFO,19,19,0,,2026-08-20T12:58:15.698Z,2026-08-20T14:28:34.201Z,5419,2026-08-20T14:28:34.201Z,B51,NorthLittleRock,5f0dd8ad-486e-4238-8933-2b89499a6e18,SAMMS-NorthLittleRockV6
202608201425194137,202608201258108897,202608201258108173,46,9439,P1 Finance 3P Eligibility Bronze - B52,br_samms_3p_elig,TASK_COMPLETE,SUCCESS,INFO,19,19,0,,2026-08-20T12:58:15.698Z,2026-08-20T14:28:34.201Z,5419,2026-08-20T14:28:34.201Z,B52,JacksonGA,5f0dd8ad-486e-4238-8933-2b89499a6e18,SAMMS-JacksonGAV5
202608201425194138,202608201258108898,202608201258108173,46,9440,P1 Finance 3P Eligibility Bronze - B54,br_samms_3p_elig,TASK_COMPLETE,SUCCESS,INFO,327,327,0,,2026-08-20T12:58:15.698Z,2026-08-20T14:28:34.201Z,5419,2026-08-20T14:28:34.201Z,B54,Gadsden,5f0dd8ad-486e-4238-8933-2b89499a6e18,SAMMS-GadsdenV5
202608201425194140,202608201258108899,202608201258108173,46,9441,P1 Finance 3P Eligibility Bronze - B55,br_samms_3p_elig,TASK_COMPLETE,SUCCESS,INFO,301,301,0,,2026-08-20T12:58:15.698Z,2026-08-20T14:28:34.201Z,5419,2026-08-20T14:28:34.201Z,B55,Shoals,5f0dd8ad-486e-4238-8933-2b89499a6e18,SAMMS-ShoalsV5
202608201425194141,202608201258108900,202608201258108173,46,9442,P1 Finance 3P Eligibility Bronze - B57,br_samms_3p_elig,TASK_COMPLETE,SUCCESS,INFO,0,0,0,,2026-08-20T12:58:15.698Z,2026-08-20T14:28:34.201Z,5419,2026-08-20T14:28:34.201Z,B57,Pawtucket,5f0dd8ad-486e-4238-8933-2b89499a6e18,SAMMS-Pawtucket
202608201425194143,202608201258108901,202608201258108173,46,9443,P1 Finance 3P Eligibility Bronze - B57A,br_samms_3p_elig,TASK_COMPLETE,SUCCESS,INFO,1,1,0,,2026-08-20T12:58:15.698Z,2026-08-20T14:28:34.201Z,5419,2026-08-20T14:28:34.201Z,B57A,Johnston,5f0dd8ad-486e-4238-8933-2b89499a6e18,SAMMS-Johnston
202608201425194145,202608201258108902,202608201258108173,46,9444,P1 Finance 3P Eligibility Bronze - B57B,br_samms_3p_elig,TASK_COMPLETE,SUCCESS,INFO,0,0,0,,2026-08-20T12:58:15.698Z,2026-08-20T14:28:34.201Z,5419,2026-08-20T14:28:34.201Z,B57B,Middletown,5f0dd8ad-486e-4238-8933-2b89499a6e18,SAMMS-Middletown
202608201425194146,202608201258108903,202608201258108173,46,9445,P1 Finance 3P Eligibility Bronze - B57C,br_samms_3p_elig,TASK_COMPLETE,SUCCESS,INFO,0,0,0,,2026-08-20T12:58:15.698Z,2026-08-20T14:28:34.201Z,5419,2026-08-20T14:28:34.201Z,B57C,Providence,5f0dd8ad-486e-4238-8933-2b89499a6e18,SAMMS-Providence
202608201425194148,202608201258108904,202608201258108173,46,9446,P1 Finance 3P Eligibility Bronze - B57D,br_samms_3p_elig,TASK_COMPLETE,SUCCESS,INFO,0,0,0,,2026-08-20T12:58:15.698Z,2026-08-20T14:28:34.201Z,5419,2026-08-20T14:28:34.201Z,B57D,Westerly,5f0dd8ad-486e-4238-8933-2b89499a6e18,SAMMS-Westerly
202608201425194149,202608201258108905,202608201258108173,46,9447,P1 Finance 3P Eligibility Bronze - B66A,br_samms_3p_elig,TASK_COMPLETE,SUCCESS,INFO,0,0,0,,2026-08-20T12:58:15.698Z,2026-08-20T14:28:34.201Z,5419,2026-08-20T14:28:34.201Z,B66A,Bremen,5f0dd8ad-486e-4238-8933-2b89499a6e18,SAMMS-Bremen
202608201425194151,202608201258108906,202608201258108173,46,9448,P1 Finance 3P Eligibility Bronze - B72,br_samms_3p_elig,TASK_COMPLETE,SUCCESS,INFO,56,56,0,,2026-08-20T12:58:15.698Z,2026-08-20T14:28:34.201Z,5419,2026-08-20T14:28:34.201Z,B72,Mobile-OBOT,5f0dd8ad-486e-4238-8933-2b89499a6e18,SAMMS-Mobile-OBOT
202608201425194152,202608201258108907,202608201258108173,46,9449,P1 Finance 3P Eligibility Bronze - B73,br_samms_3p_elig,TASK_COMPLETE,SUCCESS,INFO,44,44,0,,2026-08-20T12:58:15.698Z,2026-08-20T14:28:34.201Z,5419,2026-08-20T14:28:34.201Z,B73,Montgomery,5f0dd8ad-486e-4238-8933-2b89499a6e18,SAMMS-Montgomery
202608201425194154,202608201258108908,202608201258108173,46,9450,P1 Finance 3P Eligibility Bronze - B75,br_samms_3p_elig,TASK_COMPLETE,SUCCESS,INFO,23,23,0,,2026-08-20T12:58:15.698Z,2026-08-20T14:28:34.201Z,5419,2026-08-20T14:28:34.201Z,B75,Lawrence,5f0dd8ad-486e-4238-8933-2b89499a6e18,SAMMS-LawrenceV6
202608201425194155,202608201258108909,202608201258108173,46,9451,P1 Finance 3P Eligibility Bronze - B76,br_samms_3p_elig,TASK_COMPLETE,SUCCESS,INFO,10,10,0,,2026-08-20T12:58:15.698Z,2026-08-20T14:28:34.201Z,5419,2026-08-20T14:28:34.201Z,B76,Huntsville-OBOT,5f0dd8ad-486e-4238-8933-2b89499a6e18,SAMMS-Huntsville-OBOT
202608201425194157,202608201258108910,202608201258108173,46,9452,P1 Finance 3P Eligibility Bronze - BAT,br_samms_3p_elig,TASK_COMPLETE,SUCCESS,INFO,81,81,0,,2026-08-20T12:58:15.698Z,2026-08-20T14:28:34.201Z,5419,2026-08-20T14:28:34.201Z,BAT,Batesville,5f0dd8ad-486e-4238-8933-2b89499a6e18,SAMMS-Batesville
202608201425194730,202608201258108176,202608201258108173,46,8703,P1 Finance Bills Bronze - B24,br_samms_bills,TASK_COMPLETE,SUCCESS,INFO,8579,8579,0,,2026-08-20T12:58:15.698Z,2026-08-20T14:28:34.201Z,5419,2026-08-20T14:28:34.201Z,B24,Paintsville,5f0dd8ad-486e-4238-8933-2b89499a6e18,SAMMS-PaintsvilleV5
202608201425194731,202608201258108177,202608201258108173,46,8704,P1 Finance Bills Bronze - B25,br_samms_bills,TASK_COMPLETE,SUCCESS,INFO,8371,8371,0,,2026-08-20T12:58:15.698Z,2026-08-20T14:28:34.201Z,5419,2026-08-20T14:28:34.201Z,B25,Pikeville,5f0dd8ad-486e-4238-8933-2b89499a6e18,SAMMS-PikevilleV5
202608201425194733,202608201258108178,202608201258108173,46,8705,P1 Finance Bills Bronze - B26,br_samms_bills,TASK_COMPLETE,SUCCESS,INFO,15064,15064,0,,2026-08-20T12:58:15.698Z,2026-08-20T14:28:34.201Z,5419,2026-08-20T14:28:34.201Z,B26,Hazard,5f0dd8ad-486e-4238-8933-2b89499a6e18,SAMMS-HazardV5
202608201425194734,202608201258108179,202608201258108173,46,8706,P1 Finance Bills Bronze - B27,br_samms_bills,TASK_COMPLETE,SUCCESS,INFO,5396,5396,0,,2026-08-20T12:58:15.698Z,2026-08-20T14:28:34.201Z,5419,2026-08-20T14:28:34.201Z,B27,Savannah,5f0dd8ad-486e-4238-8933-2b89499a6e18,SAMMS-SavannahV6
202608201425194735,202608201258108180,202608201258108173,46,8707,P1 Finance Bills Bronze - B28,br_samms_bills,TASK_COMPLETE,SUCCESS,INFO,4264,4264,0,,2026-08-20T12:58:15.698Z,2026-08-20T14:28:34.201Z,5419,2026-08-20T14:28:34.201Z,B28,WestPlaines,5f0dd8ad-486e-4238-8933-2b89499a6e18,SAMMS-WestPlainesV5
202608201425194736,202608201258108181,202608201258108173,46,8708,P1 Finance Bills Bronze - B29,br_samms_bills,TASK_COMPLETE,SUCCESS,INFO,5067,5067,0,,2026-08-20T12:58:15.698Z,2026-08-20T14:28:34.201Z,5419,2026-08-20T14:28:34.201Z,B29,PoplarBluff,5f0dd8ad-486e-4238-8933-2b89499a6e18,SAMMS-PoplarBluffV5
202608201425194738,202608201258108182,202608201258108173,46,8709,P1 Finance Bills Bronze - B30,br_samms_bills,TASK_COMPLETE,SUCCESS,INFO,5543,5543,0,,2026-08-20T12:58:15.698Z,2026-08-20T14:28:34.201Z,5419,2026-08-20T14:28:34.201Z,B30,KCN,5f0dd8ad-486e-4238-8933-2b89499a6e18,SAMMS-KCNv5
202608201425194739,202608201258108183,202608201258108173,46,8710,P1 Finance Bills Bronze - B31,br_samms_bills,TASK_COMPLETE,SUCCESS,INFO,19647,19647,0,,2026-08-20T12:58:15.698Z,2026-08-20T14:28:34.201Z,5419,2026-08-20T14:28:34.201Z,B31,Dyersburg,5f0dd8ad-486e-4238-8933-2b89499a6e18,SAMMS-DyersburgV5
202608201425194740,202608201258108184,202608201258108173,46,8711,P1 Finance Bills Bronze - B33,br_samms_bills,TASK_COMPLETE,SUCCESS,INFO,9452,9452,0,,2026-08-20T12:58:15.698Z,2026-08-20T14:28:34.201Z,5419,2026-08-20T14:28:34.201Z,B33,Paducah,5f0dd8ad-486e-4238-8933-2b89499a6e18,SAMMS-Paducah
202608201425194742,202608201258108185,202608201258108173,46,8712,P1 Finance Bills Bronze - B34,br_samms_bills,TASK_COMPLETE,SUCCESS,INFO,9933,9933,0,,2026-08-20T12:58:15.698Z,2026-08-20T14:28:34.201Z,5419,2026-08-20T14:28:34.201Z,B34,Corbin,5f0dd8ad-486e-4238-8933-2b89499a6e18,SAMMS-CorbinV5
202608201425194743,202608201258108186,202608201258108173,46,8713,P1 Finance Bills Bronze - B35,br_samms_bills,TASK_COMPLETE,SUCCESS,INFO,27578,27578,0,,2026-08-20T12:58:15.698Z,2026-08-20T14:28:34.201Z,5419,2026-08-20T14:28:34.201Z,B35,Lexington,5f0dd8ad-486e-4238-8933-2b89499a6e18,SAMMS-LexingtonV5
202608201425194744,202608201258108187,202608201258108173,46,8714,P1 Finance Bills Bronze - B35A,br_samms_bills,TASK_COMPLETE,SUCCESS,INFO,5499,5499,0,,2026-08-20T12:58:15.698Z,2026-08-20T14:28:34.201Z,5419,2026-08-20T14:28:34.201Z,B35A,Berea,5f0dd8ad-486e-4238-8933-2b89499a6e18,SAMMS-BereaV5
202608201425194745,202608201258108188,202608201258108173,46,8715,P1 Finance Bills Bronze - B36,br_samms_bills,TASK_COMPLETE,SUCCESS,INFO,2828,2828,0,,2026-08-20T12:58:15.698Z,2026-08-20T14:28:34.201Z,5419,2026-08-20T14:28:34.201Z,B36,Asheville,5f0dd8ad-486e-4238-8933-2b89499a6e18,SAMMS-AshevilleV5
202608201425194747,202608201258108189,202608201258108173,46,8716,P1 Finance Bills Bronze - B37,br_samms_bills,TASK_COMPLETE,SUCCESS,INFO,1195,1195,0,,2026-08-20T12:58:15.698Z,2026-08-20T14:28:34.201Z,5419,2026-08-20T14:28:34.201Z,B37,Clyde,5f0dd8ad-486e-4238-8933-2b89499a6e18,SAMMS-ClydeV5
202608201425194748,202608201258108190,202608201258108173,46,8717,P1 Finance Bills Bronze - B38,br_samms_bills,TASK_COMPLETE,SUCCESS,INFO,19337,19337,0,,2026-08-20T12:58:15.698Z,2026-08-20T14:28:34.201Z,5419,2026-08-20T14:28:34.201Z,B38,Spartanburg,5f0dd8ad-486e-4238-8933-2b89499a6e18,SAMMS-SpartanburgV5
202608201425194749,202608201258108191,202608201258108173,46,8718,P1 Finance Bills Bronze - B39,br_samms_bills,TASK_COMPLETE,SUCCESS,INFO,8485,8485,0,,2026-08-20T12:58:15.698Z,2026-08-20T14:28:34.201Z,5419,2026-08-20T14:28:34.201Z,B39,Aiken,5f0dd8ad-486e-4238-8933-2b89499a6e18,SAMMS-AikenV5
202608201425194751,202608201258108192,202608201258108173,46,8719,P1 Finance Bills Bronze - B41,br_samms_bills,TASK_COMPLETE,SUCCESS,INFO,7620,7620,0,,2026-08-20T12:58:15.698Z,2026-08-20T14:28:34.201Z,5419,2026-08-20T14:28:34.201Z,B41,Chesapeake,5f0dd8ad-486e-4238-8933-2b89499a6e18,SAMMS-ChesapeakeV5
202608201425194752,202608201258108193,202608201258108173,46,8720,P1 Finance Bills Bronze - B42,br_samms_bills,TASK_COMPLETE,SUCCESS,INFO,14890,14890,0,,2026-08-20T12:58:15.698Z,2026-08-20T14:28:34.201Z,5419,2026-08-20T14:28:34.201Z,B42,VirginiaBeach,5f0dd8ad-486e-4238-8933-2b89499a6e18,SAMMS-VirginiaBeachV5
202608201425194754,202608201258108194,202608201258108173,46,8721,P1 Finance Bills Bronze - B42A,br_samms_bills,TASK_COMPLETE,SUCCESS,INFO,7089,7089,0,,2026-08-20T12:58:15.698Z,2026-08-20T14:28:34.201Z,5419,2026-08-20T14:28:34.201Z,B42A,NewportNews,5f0dd8ad-486e-4238-8933-2b89499a6e18,SAMMS-NewportNewsV5
202608201425194755,202608201258108195,202608201258108173,46,8722,P1 Finance Bills Bronze - B42B,br_samms_bills,TASK_COMPLETE,SUCCESS,INFO,1219,1219,0,,2026-08-20T12:58:15.698Z,2026-08-20T14:28:34.201Z,5419,2026-08-20T14:28:34.201Z,B42B,Franklin,5f0dd8ad-486e-4238-8933-2b89499a6e18,SAMMS-FranklinV5
202608201425194756,202608201258108196,202608201258108173,46,8723,P1 Finance Bills Bronze - B42C,br_samms_bills,TASK_COMPLETE,SUCCESS,INFO,6683,6683,0,,2026-08-20T12:58:15.698Z,2026-08-20T14:28:34.201Z,5419,2026-08-20T14:28:34.201Z,B42C,GlenAllen,5f0dd8ad-486e-4238-8933-2b89499a6e18,SAMMS-GlenAllenV5
202608201425194758,202608201258108197,202608201258108173,46,8724,P1 Finance Bills Bronze - B42D,br_samms_bills,TASK_COMPLETE,SUCCESS,INFO,7365,7365,0,,2026-08-20T12:58:15.698Z,2026-08-20T14:28:34.201Z,5419,2026-08-20T14:28:34.201Z,B42D,ChesapeakeSouth,5f0dd8ad-486e-4238-8933-2b89499a6e18,SAMMS-ChesapeakeSouthV5
202608241333250751,202608241253387335,202608241253386616,88,5383,P1 Reference Custom Questions Bronze - B42C,br_samms_custom_questions,TASK_COMPLETE,FAILED,ERROR,0,0,1,SaveCustomQuestions Bronze ForEach failed,2026-08-24T12:53:42.369Z,2026-08-24T13:42:52.652Z,2950,2026-08-24T13:42:52.652Z,B42C,GlenAllen,8f1806c1-b1f2-4ac5-b25b-086fec51b8fb,SAMMS-GlenAllenV5
202608241333250753,202608241253387336,202608241253386616,88,5384,P1 Reference Custom Questions Bronze - B42D,br_samms_custom_questions,TASK_COMPLETE,FAILED,ERROR,0,0,1,SaveCustomQuestions Bronze ForEach failed,2026-08-24T12:53:42.369Z,2026-08-24T13:42:52.652Z,2950,2026-08-24T13:42:52.652Z,B42D,ChesapeakeSouth,8f1806c1-b1f2-4ac5-b25b-086fec51b8fb,SAMMS-ChesapeakeSouthV5
202608241333250754,202608241253387337,202608241253386616,88,5385,P1 Reference Custom Questions Bronze - B44,br_samms_custom_questions,TASK_COMPLETE,FAILED,ERROR,0,0,1,SaveCustomQuestions Bronze ForEach failed,2026-08-24T12:53:42.369Z,2026-08-24T13:42:52.652Z,2950,2026-08-24T13:42:52.652Z,B44,Albany,8f1806c1-b1f2-4ac5-b25b-086fec51b8fb,SAMMS-AlbanyV5
202608241333250755,202608241253387338,202608241253386616,88,5386,P1 Reference Custom Questions Bronze - B45,br_samms_custom_questions,TASK_COMPLETE,FAILED,ERROR,0,0,1,SaveCustomQuestions Bronze ForEach failed,2026-08-24T12:53:42.369Z,2026-08-24T13:42:52.652Z,2950,2026-08-24T13:42:52.652Z,B45,Tifton,8f1806c1-b1f2-4ac5-b25b-086fec51b8fb,SAMMS-TiftonV5
202608241333250757,202608241253387339,202608241253386616,88,5387,P1 Reference Custom Questions Bronze - B46,br_samms_custom_questions,TASK_COMPLETE,FAILED,ERROR,0,0,1,SaveCustomQuestions Bronze ForEach failed,2026-08-24T12:53:42.369Z,2026-08-24T13:42:52.652Z,2950,2026-08-24T13:42:52.652Z,B46,WashingtonDC,8f1806c1-b1f2-4ac5-b25b-086fec51b8fb,SAMMS-WashingtonDCv5
202608241333250758,202608241253387340,202608241253386616,88,5388,P1 Reference Custom Questions Bronze - B47,br_samms_custom_questions,TASK_COMPLETE,FAILED,ERROR,0,0,1,SaveCustomQuestions Bronze ForEach failed,2026-08-24T12:53:42.369Z,2026-08-24T13:42:52.652Z,2950,2026-08-24T13:42:52.652Z,B47,Mobile,8f1806c1-b1f2-4ac5-b25b-086fec51b8fb,SAMMS-MobileV5
202608241333250759,202608241253387341,202608241253386616,88,5389,P1 Reference Custom Questions Bronze - B48,br_samms_custom_questions,TASK_COMPLETE,FAILED,ERROR,0,0,1,SaveCustomQuestions Bronze ForEach failed,2026-08-24T12:53:42.369Z,2026-08-24T13:42:52.652Z,2950,2026-08-24T13:42:52.652Z,B48,Tuscaloosa,8f1806c1-b1f2-4ac5-b25b-086fec51b8fb,SAMMS-TuscaloosaV5
202608241333250761,202608241253387342,202608241253386616,88,5390,P1 Reference Custom Questions Bronze - B51,br_samms_custom_questions,TASK_COMPLETE,FAILED,ERROR,0,0,1,SaveCustomQuestions Bronze ForEach failed,2026-08-24T12:53:42.369Z,2026-08-24T13:42:52.652Z,2950,2026-08-24T13:42:52.652Z,B51,NorthLittleRock,8f1806c1-b1f2-4ac5-b25b-086fec51b8fb,SAMMS-NorthLittleRockV6
202608241333250762,202608241253387343,202608241253386616,88,5391,P1 Reference Custom Questions Bronze - B52,br_samms_custom_questions,TASK_COMPLETE,FAILED,ERROR,0,0,1,SaveCustomQuestions Bronze ForEach failed,2026-08-24T12:53:42.369Z,2026-08-24T13:42:52.652Z,2950,2026-08-24T13:42:52.652Z,B52,JacksonGA,8f1806c1-b1f2-4ac5-b25b-086fec51b8fb,SAMMS-JacksonGAV5
202608241333250763,202608241253387344,202608241253386616,88,5392,P1 Reference Custom Questions Bronze - B54,br_samms_custom_questions,TASK_COMPLETE,FAILED,ERROR,0,0,1,SaveCustomQuestions Bronze ForEach failed,2026-08-24T12:53:42.369Z,2026-08-24T13:42:52.652Z,2950,2026-08-24T13:42:52.652Z,B54,Gadsden,8f1806c1-b1f2-4ac5-b25b-086fec51b8fb,SAMMS-GadsdenV5
202608241333250765,202608241253387345,202608241253386616,88,5393,P1 Reference Custom Questions Bronze - B55,br_samms_custom_questions,TASK_COMPLETE,FAILED,ERROR,0,0,1,SaveCustomQuestions Bronze ForEach failed,2026-08-24T12:53:42.369Z,2026-08-24T13:42:52.652Z,2950,2026-08-24T13:42:52.652Z,B55,Shoals,8f1806c1-b1f2-4ac5-b25b-086fec51b8fb,SAMMS-ShoalsV5
202608241333250766,202608241253387346,202608241253386616,88,5394,P1 Reference Custom Questions Bronze - B57,br_samms_custom_questions,TASK_COMPLETE,FAILED,ERROR,0,0,1,SaveCustomQuestions Bronze ForEach failed,2026-08-24T12:53:42.369Z,2026-08-24T13:42:52.652Z,2950,2026-08-24T13:42:52.652Z,B57,Pawtucket,8f1806c1-b1f2-4ac5-b25b-086fec51b8fb,SAMMS-Pawtucket
202608241333250767,202608241253387347,202608241253386616,88,5395,P1 Reference Custom Questions Bronze - B57A,br_samms_custom_questions,TASK_COMPLETE,FAILED,ERROR,0,0,1,SaveCustomQuestions Bronze ForEach failed,2026-08-24T12:53:42.369Z,2026-08-24T13:42:52.652Z,2950,2026-08-24T13:42:52.652Z,B57A,Johnston,8f1806c1-b1f2-4ac5-b25b-086fec51b8fb,SAMMS-Johnston
202608241333250769,202608241253387348,202608241253386616,88,5396,P1 Reference Custom Questions Bronze - B57B,br_samms_custom_questions,TASK_COMPLETE,FAILED,ERROR,0,0,1,SaveCustomQuestions Bronze ForEach failed,2026-08-24T12:53:42.369Z,2026-08-24T13:42:52.652Z,2950,2026-08-24T13:42:52.652Z,B57B,Middletown,8f1806c1-b1f2-4ac5-b25b-086fec51b8fb,SAMMS-Middletown
202608241448406611,202608241408172521,202608241408171802,88,5383,P1 Reference Custom Questions Bronze - B42C,br_samms_custom_questions,TASK_COMPLETE,FAILED,ERROR,0,0,1,SaveCustomQuestions Bronze ForEach failed,2026-08-24T14:08:21.733Z,2026-08-24T15:03:37.584Z,3316,2026-08-24T15:03:37.584Z,B42C,GlenAllen,6c7532c9-dcb1-40a3-beaa-690039713dec,SAMMS-GlenAllenV5
202608241448406613,202608241408172522,202608241408171802,88,5384,P1 Reference Custom Questions Bronze - B42D,br_samms_custom_questions,TASK_COMPLETE,FAILED,ERROR,0,0,1,SaveCustomQuestions Bronze ForEach failed,2026-08-24T14:08:21.733Z,2026-08-24T15:03:37.584Z,3316,2026-08-24T15:03:37.584Z,B42D,ChesapeakeSouth,6c7532c9-dcb1-40a3-beaa-690039713dec,SAMMS-ChesapeakeSouthV5
202608241448406614,202608241408172523,202608241408171802,88,5385,P1 Reference Custom Questions Bronze - B44,br_samms_custom_questions,TASK_COMPLETE,FAILED,ERROR,0,0,1,SaveCustomQuestions Bronze ForEach failed,2026-08-24T14:08:21.733Z,2026-08-24T15:03:37.584Z,3316,2026-08-24T15:03:37.584Z,B44,Albany,6c7532c9-dcb1-40a3-beaa-690039713dec,SAMMS-AlbanyV5
202608241448406615,202608241408172524,202608241408171802,88,5386,P1 Reference Custom Questions Bronze - B45,br_samms_custom_questions,TASK_COMPLETE,FAILED,ERROR,0,0,1,SaveCustomQuestions Bronze ForEach failed,2026-08-24T14:08:21.733Z,2026-08-24T15:03:37.584Z,3316,2026-08-24T15:03:37.584Z,B45,Tifton,6c7532c9-dcb1-40a3-beaa-690039713dec,SAMMS-TiftonV5
202608241448406616,202608241408172525,202608241408171802,88,5387,P1 Reference Custom Questions Bronze - B46,br_samms_custom_questions,TASK_COMPLETE,FAILED,ERROR,0,0,1,SaveCustomQuestions Bronze ForEach failed,2026-08-24T14:08:21.733Z,2026-08-24T15:03:37.584Z,3316,2026-08-24T15:03:37.584Z,B46,WashingtonDC,6c7532c9-dcb1-40a3-beaa-690039713dec,SAMMS-WashingtonDCv5
202608241448406618,202608241408172526,202608241408171802,88,5388,P1 Reference Custom Questions Bronze - B47,br_samms_custom_questions,TASK_COMPLETE,FAILED,ERROR,0,0,1,SaveCustomQuestions Bronze ForEach failed,2026-08-24T14:08:21.733Z,2026-08-24T15:03:37.584Z,3316,2026-08-24T15:03:37.584Z,B47,Mobile,6c7532c9-dcb1-40a3-beaa-690039713dec,SAMMS-MobileV5
202608241448406619,202608241408172527,202608241408171802,88,5389,P1 Reference Custom Questions Bronze - B48,br_samms_custom_questions,TASK_COMPLETE,FAILED,ERROR,0,0,1,SaveCustomQuestions Bronze ForEach failed,2026-08-24T14:08:21.733Z,2026-08-24T15:03:37.584Z,3316,2026-08-24T15:03:37.584Z,B48,Tuscaloosa,6c7532c9-dcb1-40a3-beaa-690039713dec,SAMMS-TuscaloosaV5
202608241448406620,202608241408172528,202608241408171802,88,5390,P1 Reference Custom Questions Bronze - B51,br_samms_custom_questions,TASK_COMPLETE,FAILED,ERROR,0,0,1,SaveCustomQuestions Bronze ForEach failed,2026-08-24T14:08:21.733Z,2026-08-24T15:03:37.584Z,3316,2026-08-24T15:03:37.584Z,B51,NorthLittleRock,6c7532c9-dcb1-40a3-beaa-690039713dec,SAMMS-NorthLittleRockV6
202608241448406622,202608241408172529,202608241408171802,88,5391,P1 Reference Custom Questions Bronze - B52,br_samms_custom_questions,TASK_COMPLETE,FAILED,ERROR,0,0,1,SaveCustomQuestions Bronze ForEach failed,2026-08-24T14:08:21.733Z,2026-08-24T15:03:37.584Z,3316,2026-08-24T15:03:37.584Z,B52,JacksonGA,6c7532c9-dcb1-40a3-beaa-690039713dec,SAMMS-JacksonGAV5
202608241448406624,202608241408172530,202608241408171802,88,5392,P1 Reference Custom Questions Bronze - B54,br_samms_custom_questions,TASK_COMPLETE,FAILED,ERROR,0,0,1,SaveCustomQuestions Bronze ForEach failed,2026-08-24T14:08:21.733Z,2026-08-24T15:03:37.584Z,3316,2026-08-24T15:03:37.584Z,B54,Gadsden,6c7532c9-dcb1-40a3-beaa-690039713dec,SAMMS-GadsdenV5
202608241448406625,202608241408172531,202608241408171802,88,5393,P1 Reference Custom Questions Bronze - B55,br_samms_custom_questions,TASK_COMPLETE,FAILED,ERROR,0,0,1,SaveCustomQuestions Bronze ForEach failed,2026-08-24T14:08:21.733Z,2026-08-24T15:03:37.584Z,3316,2026-08-24T15:03:37.584Z,B55,Shoals,6c7532c9-dcb1-40a3-beaa-690039713dec,SAMMS-ShoalsV5
202608241448406626,202608241408172532,202608241408171802,88,5394,P1 Reference Custom Questions Bronze - B57,br_samms_custom_questions,TASK_COMPLETE,FAILED,ERROR,0,0,1,SaveCustomQuestions Bronze ForEach failed,2026-08-24T14:08:21.733Z,2026-08-24T15:03:37.584Z,3316,2026-08-24T15:03:37.584Z,B57,Pawtucket,6c7532c9-dcb1-40a3-beaa-690039713dec,SAMMS-Pawtucket
202608241448406628,202608241408172533,202608241408171802,88,5395,P1 Reference Custom Questions Bronze - B57A,br_samms_custom_questions,TASK_COMPLETE,FAILED,ERROR,0,0,1,SaveCustomQuestions Bronze ForEach failed,2026-08-24T14:08:21.733Z,2026-08-24T15:03:37.584Z,3316,2026-08-24T15:03:37.584Z,B57A,Johnston,6c7532c9-dcb1-40a3-beaa-690039713dec,SAMMS-Johnston
202608241448406629,202608241408172534,202608241408171802,88,5396,P1 Reference Custom Questions Bronze - B57B,br_samms_custom_questions,TASK_COMPLETE,FAILED,ERROR,0,0,1,SaveCustomQuestions Bronze ForEach failed,2026-08-24T14:08:21.733Z,2026-08-24T15:03:37.584Z,3316,2026-08-24T15:03:37.584Z,B57B,Middletown,6c7532c9-dcb1-40a3-beaa-690039713dec,SAMMS-Middletown
202608241333250959,202608241253387112,202608241253386616,88,5156,P1 Reference Dropdown List Items Bronze - B54,br_samms_dropdown_list_items,TASK_COMPLETE,FAILED,ERROR,0,0,1,SavedropDownListItems Bronze ForEach failed,2026-08-24T12:53:42.369Z,2026-08-24T13:42:52.652Z,2950,2026-08-24T13:42:52.652Z,B54,Gadsden,8f1806c1-b1f2-4ac5-b25b-086fec51b8fb,SAMMS-GadsdenV5
202608241333250960,202608241253387113,202608241253386616,88,5157,P1 Reference Dropdown List Items Bronze - B55,br_samms_dropdown_list_items,TASK_COMPLETE,FAILED,ERROR,0,0,1,SavedropDownListItems Bronze ForEach failed,2026-08-24T12:53:42.369Z,2026-08-24T13:42:52.652Z,2950,2026-08-24T13:42:52.652Z,B55,Shoals,8f1806c1-b1f2-4ac5-b25b-086fec51b8fb,SAMMS-ShoalsV5
202608241333250962,202608241253387114,202608241253386616,88,5158,P1 Reference Dropdown List Items Bronze - B57,br_samms_dropdown_list_items,TASK_COMPLETE,FAILED,ERROR,0,0,1,SavedropDownListItems Bronze ForEach failed,2026-08-24T12:53:42.369Z,2026-08-24T13:42:52.652Z,2950,2026-08-24T13:42:52.652Z,B57,Pawtucket,8f1806c1-b1f2-4ac5-b25b-086fec51b8fb,SAMMS-Pawtucket
202608241333250963,202608241253387115,202608241253386616,88,5159,P1 Reference Dropdown List Items Bronze - B57A,br_samms_dropdown_list_items,TASK_COMPLETE,FAILED,ERROR,0,0,1,SavedropDownListItems Bronze ForEach failed,2026-08-24T12:53:42.369Z,2026-08-24T13:42:52.652Z,2950,2026-08-24T13:42:52.652Z,B57A,Johnston,8f1806c1-b1f2-4ac5-b25b-086fec51b8fb,SAMMS-Johnston
202608241333250965,202608241253387116,202608241253386616,88,5160,P1 Reference Dropdown List Items Bronze - B57B,br_samms_dropdown_list_items,TASK_COMPLETE,FAILED,ERROR,0,0,1,SavedropDownListItems Bronze ForEach failed,2026-08-24T12:53:42.369Z,2026-08-24T13:42:52.652Z,2950,2026-08-24T13:42:52.652Z,B57B,Middletown,8f1806c1-b1f2-4ac5-b25b-086fec51b8fb,SAMMS-Middletown
202608241333250966,202608241253387117,202608241253386616,88,5161,P1 Reference Dropdown List Items Bronze - B57C,br_samms_dropdown_list_items,TASK_COMPLETE,FAILED,ERROR,0,0,1,SavedropDownListItems Bronze ForEach failed,2026-08-24T12:53:42.369Z,2026-08-24T13:42:52.652Z,2950,2026-08-24T13:42:52.652Z,B57C,Providence,8f1806c1-b1f2-4ac5-b25b-086fec51b8fb,SAMMS-Providence
202608241333250968,202608241253387118,202608241253386616,88,5162,P1 Reference Dropdown List Items Bronze - B57D,br_samms_dropdown_list_items,TASK_COMPLETE,FAILED,ERROR,0,0,1,SavedropDownListItems Bronze ForEach failed,2026-08-24T12:53:42.369Z,2026-08-24T13:42:52.652Z,2950,2026-08-24T13:42:52.652Z,B57D,Westerly,8f1806c1-b1f2-4ac5-b25b-086fec51b8fb,SAMMS-Westerly
202608241333250970,202608241253387119,202608241253386616,88,5163,P1 Reference Dropdown List Items Bronze - B66A,br_samms_dropdown_list_items,TASK_COMPLETE,FAILED,ERROR,0,0,1,SavedropDownListItems Bronze ForEach failed,2026-08-24T12:53:42.369Z,2026-08-24T13:42:52.652Z,2950,2026-08-24T13:42:52.652Z,B66A,Bremen,8f1806c1-b1f2-4ac5-b25b-086fec51b8fb,SAMMS-Bremen
202608241333250971,202608241253387120,202608241253386616,88,5164,P1 Reference Dropdown List Items Bronze - B72,br_samms_dropdown_list_items,TASK_COMPLETE,FAILED,ERROR,0,0,1,SavedropDownListItems Bronze ForEach failed,2026-08-24T12:53:42.369Z,2026-08-24T13:42:52.652Z,2950,2026-08-24T13:42:52.652Z,B72,Mobile-OBOT,8f1806c1-b1f2-4ac5-b25b-086fec51b8fb,SAMMS-Mobile-OBOT
202608241333250973,202608241253387121,202608241253386616,88,5165,P1 Reference Dropdown List Items Bronze - B73,br_samms_dropdown_list_items,TASK_COMPLETE,FAILED,ERROR,0,0,1,SavedropDownListItems Bronze ForEach failed,2026-08-24T12:53:42.369Z,2026-08-24T13:42:52.652Z,2950,2026-08-24T13:42:52.652Z,B73,Montgomery,8f1806c1-b1f2-4ac5-b25b-086fec51b8fb,SAMMS-Montgomery
202608241333250974,202608241253387122,202608241253386616,88,5166,P1 Reference Dropdown List Items Bronze - B75,br_samms_dropdown_list_items,TASK_COMPLETE,FAILED,ERROR,0,0,1,SavedropDownListItems Bronze ForEach failed,2026-08-24T12:53:42.369Z,2026-08-24T13:42:52.652Z,2950,2026-08-24T13:42:52.652Z,B75,Lawrence,8f1806c1-b1f2-4ac5-b25b-086fec51b8fb,SAMMS-LawrenceV6
202608241333250976,202608241253387123,202608241253386616,88,5167,P1 Reference Dropdown List Items Bronze - B76,br_samms_dropdown_list_items,TASK_COMPLETE,FAILED,ERROR,0,0,1,SavedropDownListItems Bronze ForEach failed,2026-08-24T12:53:42.369Z,2026-08-24T13:42:52.652Z,2950,2026-08-24T13:42:52.652Z,B76,Huntsville-OBOT,8f1806c1-b1f2-4ac5-b25b-086fec51b8fb,SAMMS-Huntsville-OBOT
202608241333250977,202608241253387124,202608241253386616,88,5168,P1 Reference Dropdown List Items Bronze - BAT,br_samms_dropdown_list_items,TASK_COMPLETE,FAILED,ERROR,0,0,1,SavedropDownListItems Bronze ForEach failed,2026-08-24T12:53:42.369Z,2026-08-24T13:42:52.652Z,2950,2026-08-24T13:42:52.652Z,BAT,Batesville,8f1806c1-b1f2-4ac5-b25b-086fec51b8fb,SAMMS-Batesville
202608241333250979,202608241253387125,202608241253386616,88,5169,P1 Reference Dropdown List Items Bronze - BG,br_samms_dropdown_list_items,TASK_COMPLETE,FAILED,ERROR,0,0,1,SavedropDownListItems Bronze ForEach failed,2026-08-24T12:53:42.369Z,2026-08-24T13:42:52.652Z,2950,2026-08-24T13:42:52.652Z,BG,BowlingGreen,8f1806c1-b1f2-4ac5-b25b-086fec51b8fb,SAMMS-BowlingGreen
202608241448406815,202608241408172298,202608241408171802,88,5156,P1 Reference Dropdown List Items Bronze - B54,br_samms_dropdown_list_items,TASK_COMPLETE,FAILED,ERROR,0,0,1,SavedropDownListItems Bronze ForEach failed,2026-08-24T14:08:21.733Z,2026-08-24T15:03:37.584Z,3316,2026-08-24T15:03:37.584Z,B54,Gadsden,6c7532c9-dcb1-40a3-beaa-690039713dec,SAMMS-GadsdenV5
202608241448406817,202608241408172299,202608241408171802,88,5157,P1 Reference Dropdown List Items Bronze - B55,br_samms_dropdown_list_items,TASK_COMPLETE,FAILED,ERROR,0,0,1,SavedropDownListItems Bronze ForEach failed,2026-08-24T14:08:21.733Z,2026-08-24T15:03:37.584Z,3316,2026-08-24T15:03:37.584Z,B55,Shoals,6c7532c9-dcb1-40a3-beaa-690039713dec,SAMMS-ShoalsV5
202608241448406818,202608241408172300,202608241408171802,88,5158,P1 Reference Dropdown List Items Bronze - B57,br_samms_dropdown_list_items,TASK_COMPLETE,FAILED,ERROR,0,0,1,SavedropDownListItems Bronze ForEach failed,2026-08-24T14:08:21.733Z,2026-08-24T15:03:37.584Z,3316,2026-08-24T15:03:37.584Z,B57,Pawtucket,6c7532c9-dcb1-40a3-beaa-690039713dec,SAMMS-Pawtucket
202608241448406820,202608241408172301,202608241408171802,88,5159,P1 Reference Dropdown List Items Bronze - B57A,br_samms_dropdown_list_items,TASK_COMPLETE,FAILED,ERROR,0,0,1,SavedropDownListItems Bronze ForEach failed,2026-08-24T14:08:21.733Z,2026-08-24T15:03:37.584Z,3316,2026-08-24T15:03:37.584Z,B57A,Johnston,6c7532c9-dcb1-40a3-beaa-690039713dec,SAMMS-Johnston
202608241448406821,202608241408172302,202608241408171802,88,5160,P1 Reference Dropdown List Items Bronze - B57B,br_samms_dropdown_list_items,TASK_COMPLETE,FAILED,ERROR,0,0,1,SavedropDownListItems Bronze ForEach failed,2026-08-24T14:08:21.733Z,2026-08-24T15:03:37.584Z,3316,2026-08-24T15:03:37.584Z,B57B,Middletown,6c7532c9-dcb1-40a3-beaa-690039713dec,SAMMS-Middletown
202608241448406822,202608241408172303,202608241408171802,88,5161,P1 Reference Dropdown List Items Bronze - B57C,br_samms_dropdown_list_items,TASK_COMPLETE,FAILED,ERROR,0,0,1,SavedropDownListItems Bronze ForEach failed,2026-08-24T14:08:21.733Z,2026-08-24T15:03:37.584Z,3316,2026-08-24T15:03:37.584Z,B57C,Providence,6c7532c9-dcb1-40a3-beaa-690039713dec,SAMMS-Providence
202608241448406824,202608241408172304,202608241408171802,88,5162,P1 Reference Dropdown List Items Bronze - B57D,br_samms_dropdown_list_items,TASK_COMPLETE,FAILED,ERROR,0,0,1,SavedropDownListItems Bronze ForEach failed,2026-08-24T14:08:21.733Z,2026-08-24T15:03:37.584Z,3316,2026-08-24T15:03:37.584Z,B57D,Westerly,6c7532c9-dcb1-40a3-beaa-690039713dec,SAMMS-Westerly
202608241448406825,202608241408172305,202608241408171802,88,5163,P1 Reference Dropdown List Items Bronze - B66A,br_samms_dropdown_list_items,TASK_COMPLETE,FAILED,ERROR,0,0,1,SavedropDownListItems Bronze ForEach failed,2026-08-24T14:08:21.733Z,2026-08-24T15:03:37.584Z,3316,2026-08-24T15:03:37.584Z,B66A,Bremen,6c7532c9-dcb1-40a3-beaa-690039713dec,SAMMS-Bremen
202608241448406827,202608241408172306,202608241408171802,88,5164,P1 Reference Dropdown List Items Bronze - B72,br_samms_dropdown_list_items,TASK_COMPLETE,FAILED,ERROR,0,0,1,SavedropDownListItems Bronze ForEach failed,2026-08-24T14:08:21.733Z,2026-08-24T15:03:37.584Z,3316,2026-08-24T15:03:37.584Z,B72,Mobile-OBOT,6c7532c9-dcb1-40a3-beaa-690039713dec,SAMMS-Mobile-OBOT
202608241448406828,202608241408172307,202608241408171802,88,5165,P1 Reference Dropdown List Items Bronze - B73,br_samms_dropdown_list_items,TASK_COMPLETE,FAILED,ERROR,0,0,1,SavedropDownListItems Bronze ForEach failed,2026-08-24T14:08:21.733Z,2026-08-24T15:03:37.584Z,3316,2026-08-24T15:03:37.584Z,B73,Montgomery,6c7532c9-dcb1-40a3-beaa-690039713dec,SAMMS-Montgomery
202608241448406830,202608241408172308,202608241408171802,88,5166,P1 Reference Dropdown List Items Bronze - B75,br_samms_dropdown_list_items,TASK_COMPLETE,FAILED,ERROR,0,0,1,SavedropDownListItems Bronze ForEach failed,2026-08-24T14:08:21.733Z,2026-08-24T15:03:37.584Z,3316,2026-08-24T15:03:37.584Z,B75,Lawrence,6c7532c9-dcb1-40a3-beaa-690039713dec,SAMMS-LawrenceV6
202608241448406831,202608241408172309,202608241408171802,88,5167,P1 Reference Dropdown List Items Bronze - B76,br_samms_dropdown_list_items,TASK_COMPLETE,FAILED,ERROR,0,0,1,SavedropDownListItems Bronze ForEach failed,2026-08-24T14:08:21.733Z,2026-08-24T15:03:37.584Z,3316,2026-08-24T15:03:37.584Z,B76,Huntsville-OBOT,6c7532c9-dcb1-40a3-beaa-690039713dec,SAMMS-Huntsville-OBOT
202608241448406833,202608241408172310,202608241408171802,88,5168,P1 Reference Dropdown List Items Bronze - BAT,br_samms_dropdown_list_items,TASK_COMPLETE,FAILED,ERROR,0,0,1,SavedropDownListItems Bronze ForEach failed,2026-08-24T14:08:21.733Z,2026-08-24T15:03:37.584Z,3316,2026-08-24T15:03:37.584Z,BAT,Batesville,6c7532c9-dcb1-40a3-beaa-690039713dec,SAMMS-Batesville
202608241448406834,202608241408172311,202608241408171802,88,5169,P1 Reference Dropdown List Items Bronze - BG,br_samms_dropdown_list_items,TASK_COMPLETE,FAILED,ERROR,0,0,1,SavedropDownListItems Bronze ForEach failed,2026-08-24T14:08:21.733Z,2026-08-24T15:03:37.584Z,3316,2026-08-24T15:03:37.584Z,BG,BowlingGreen,6c7532c9-dcb1-40a3-beaa-690039713dec,SAMMS-BowlingGreen
202608201425194759,202608201258108198,202608201258108173,46,8725,P1 Finance Bills Bronze - B44,br_samms_bills,TASK_COMPLETE,SUCCESS,INFO,10388,10388,0,,2026-08-20T12:58:15.698Z,2026-08-20T14:28:34.201Z,5419,2026-08-20T14:28:34.201Z,B44,Albany,5f0dd8ad-486e-4238-8933-2b89499a6e18,SAMMS-AlbanyV5
202608201425194760,202608201258108199,202608201258108173,46,8726,P1 Finance Bills Bronze - B45,br_samms_bills,TASK_COMPLETE,SUCCESS,INFO,19188,19188,0,,2026-08-20T12:58:15.698Z,2026-08-20T14:28:34.201Z,5419,2026-08-20T14:28:34.201Z,B45,Tifton,5f0dd8ad-486e-4238-8933-2b89499a6e18,SAMMS-TiftonV5
202608201425194762,202608201258108200,202608201258108173,46,8727,P1 Finance Bills Bronze - B46,br_samms_bills,TASK_COMPLETE,SUCCESS,INFO,6279,6279,0,,2026-08-20T12:58:15.698Z,2026-08-20T14:28:34.201Z,5419,2026-08-20T14:28:34.201Z,B46,WashingtonDC,5f0dd8ad-486e-4238-8933-2b89499a6e18,SAMMS-WashingtonDCv5
202608201425194763,202608201258108201,202608201258108173,46,8728,P1 Finance Bills Bronze - B47,br_samms_bills,TASK_COMPLETE,SUCCESS,INFO,13596,13596,0,,2026-08-20T12:58:15.698Z,2026-08-20T14:28:34.201Z,5419,2026-08-20T14:28:34.201Z,B47,Mobile,5f0dd8ad-486e-4238-8933-2b89499a6e18,SAMMS-MobileV5
202608201425194765,202608201258108202,202608201258108173,46,8729,P1 Finance Bills Bronze - B48,br_samms_bills,TASK_COMPLETE,SUCCESS,INFO,10393,10393,0,,2026-08-20T12:58:15.698Z,2026-08-20T14:28:34.201Z,5419,2026-08-20T14:28:34.201Z,B48,Tuscaloosa,5f0dd8ad-486e-4238-8933-2b89499a6e18,SAMMS-TuscaloosaV5
202608201425194766,202608201258108203,202608201258108173,46,8730,P1 Finance Bills Bronze - B51,br_samms_bills,TASK_COMPLETE,SUCCESS,INFO,6123,6123,0,,2026-08-20T12:58:15.698Z,2026-08-20T14:28:34.201Z,5419,2026-08-20T14:28:34.201Z,B51,NorthLittleRock,5f0dd8ad-486e-4238-8933-2b89499a6e18,SAMMS-NorthLittleRockV6
202608201425194768,202608201258108204,202608201258108173,46,8731,P1 Finance Bills Bronze - B52,br_samms_bills,TASK_COMPLETE,SUCCESS,INFO,5903,5903,0,,2026-08-20T12:58:15.698Z,2026-08-20T14:28:34.201Z,5419,2026-08-20T14:28:34.201Z,B52,JacksonGA,5f0dd8ad-486e-4238-8933-2b89499a6e18,SAMMS-JacksonGAV5
202608201425194769,202608201258108205,202608201258108173,46,8732,P1 Finance Bills Bronze - B54,br_samms_bills,TASK_COMPLETE,SUCCESS,INFO,16660,16660,0,,2026-08-20T12:58:15.698Z,2026-08-20T14:28:34.201Z,5419,2026-08-20T14:28:34.201Z,B54,Gadsden,5f0dd8ad-486e-4238-8933-2b89499a6e18,SAMMS-GadsdenV5
202608201425194771,202608201258108206,202608201258108173,46,8733,P1 Finance Bills Bronze - B55,br_samms_bills,TASK_COMPLETE,SUCCESS,INFO,17734,17734,0,,2026-08-20T12:58:15.698Z,2026-08-20T14:28:34.201Z,5419,2026-08-20T14:28:34.201Z,B55,Shoals,5f0dd8ad-486e-4238-8933-2b89499a6e18,SAMMS-ShoalsV5
202608201425194772,202608201258108207,202608201258108173,46,8734,P1 Finance Bills Bronze - B57,br_samms_bills,TASK_COMPLETE,SUCCESS,INFO,3008,3008,0,,2026-08-20T12:58:15.698Z,2026-08-20T14:28:34.201Z,5419,2026-08-20T14:28:34.201Z,B57,Pawtucket,5f0dd8ad-486e-4238-8933-2b89499a6e18,SAMMS-Pawtucket
202608201425194773,202608201258108208,202608201258108173,46,8735,P1 Finance Bills Bronze - B57A,br_samms_bills,TASK_COMPLETE,SUCCESS,INFO,5418,5418,0,,2026-08-20T12:58:15.698Z,2026-08-20T14:28:34.201Z,5419,2026-08-20T14:28:34.201Z,B57A,Johnston,5f0dd8ad-486e-4238-8933-2b89499a6e18,SAMMS-Johnston
202608201425194775,202608201258108209,202608201258108173,46,8736,P1 Finance Bills Bronze - B57B,br_samms_bills,TASK_COMPLETE,SUCCESS,INFO,1017,1017,0,,2026-08-20T12:58:15.698Z,2026-08-20T14:28:34.201Z,5419,2026-08-20T14:28:34.201Z,B57B,Middletown,5f0dd8ad-486e-4238-8933-2b89499a6e18,SAMMS-Middletown
202608201425194776,202608201258108210,202608201258108173,46,8737,P1 Finance Bills Bronze - B57C,br_samms_bills,TASK_COMPLETE,SUCCESS,INFO,1067,1067,0,,2026-08-20T12:58:15.698Z,2026-08-20T14:28:34.201Z,5419,2026-08-20T14:28:34.201Z,B57C,Providence,5f0dd8ad-486e-4238-8933-2b89499a6e18,SAMMS-Providence
202608201425194778,202608201258108211,202608201258108173,46,8738,P1 Finance Bills Bronze - B57D,br_samms_bills,TASK_COMPLETE,SUCCESS,INFO,2327,2327,0,,2026-08-20T12:58:15.698Z,2026-08-20T14:28:34.201Z,5419,2026-08-20T14:28:34.201Z,B57D,Westerly,5f0dd8ad-486e-4238-8933-2b89499a6e18,SAMMS-Westerly
202608201425194780,202608201258108212,202608201258108173,46,8739,P1 Finance Bills Bronze - B66A,br_samms_bills,TASK_COMPLETE,SUCCESS,INFO,7303,7303,0,,2026-08-20T12:58:15.698Z,2026-08-20T14:28:34.201Z,5419,2026-08-20T14:28:34.201Z,B66A,Bremen,5f0dd8ad-486e-4238-8933-2b89499a6e18,SAMMS-Bremen
202608201425194781,202608201258108213,202608201258108173,46,8740,P1 Finance Bills Bronze - B72,br_samms_bills,TASK_COMPLETE,SUCCESS,INFO,13776,13776,0,,2026-08-20T12:58:15.698Z,2026-08-20T14:28:34.201Z,5419,2026-08-20T14:28:34.201Z,B72,Mobile-OBOT,5f0dd8ad-486e-4238-8933-2b89499a6e18,SAMMS-Mobile-OBOT
202608201425194783,202608201258108214,202608201258108173,46,8741,P1 Finance Bills Bronze - B73,br_samms_bills,TASK_COMPLETE,SUCCESS,INFO,5704,5704,0,,2026-08-20T12:58:15.698Z,2026-08-20T14:28:34.201Z,5419,2026-08-20T14:28:34.201Z,B73,Montgomery,5f0dd8ad-486e-4238-8933-2b89499a6e18,SAMMS-Montgomery
202608201425194784,202608201258108215,202608201258108173,46,8742,P1 Finance Bills Bronze - B75,br_samms_bills,TASK_COMPLETE,SUCCESS,INFO,7632,7632,0,,2026-08-20T12:58:15.698Z,2026-08-20T14:28:34.201Z,5419,2026-08-20T14:28:34.201Z,B75,Lawrence,5f0dd8ad-486e-4238-8933-2b89499a6e18,SAMMS-LawrenceV6
202608201425194786,202608201258108216,202608201258108173,46,8743,P1 Finance Bills Bronze - B76,br_samms_bills,TASK_COMPLETE,SUCCESS,INFO,1333,1333,0,,2026-08-20T12:58:15.698Z,2026-08-20T14:28:34.201Z,5419,2026-08-20T14:28:34.201Z,B76,Huntsville-OBOT,5f0dd8ad-486e-4238-8933-2b89499a6e18,SAMMS-Huntsville-OBOT
202608201425194788,202608201258108217,202608201258108173,46,8744,P1 Finance Bills Bronze - BAT,br_samms_bills,TASK_COMPLETE,SUCCESS,INFO,4096,4096,0,,2026-08-20T12:58:15.698Z,2026-08-20T14:28:34.201Z,5419,2026-08-20T14:28:34.201Z,BAT,Batesville,5f0dd8ad-486e-4238-8933-2b89499a6e18,SAMMS-Batesville
202608201425194789,202608201258108218,202608201258108173,46,8745,P1 Finance Bills Bronze - BG,br_samms_bills,TASK_COMPLETE,SUCCESS,INFO,6955,6955,0,,2026-08-20T12:58:15.698Z,2026-08-20T14:28:34.201Z,5419,2026-08-20T14:28:34.201Z,BG,BowlingGreen,5f0dd8ad-486e-4238-8933-2b89499a6e18,SAMMS-BowlingGreen
202608201425194791,202608201258108219,202608201258108173,46,8746,P1 Finance Bills Bronze - BOI,br_samms_bills,TASK_COMPLETE,SUCCESS,INFO,4900,4900,0,,2026-08-20T12:58:15.698Z,2026-08-20T14:28:34.201Z,5419,2026-08-20T14:28:34.201Z,BOI,Boise,5f0dd8ad-486e-4238-8933-2b89499a6e18,SAMMS-Boise
202608241333250590,202608241253387238,202608241253386616,88,5284,P1 Reference Custom Answers Bronze - B75,br_samms_custom_answers,TASK_COMPLETE,FAILED,ERROR,0,0,1,SaveCustomAnswers Bronze ForEach failed,2026-08-24T12:53:42.369Z,2026-08-24T13:42:52.652Z,2950,2026-08-24T13:42:52.652Z,B75,Lawrence,8f1806c1-b1f2-4ac5-b25b-086fec51b8fb,SAMMS-LawrenceV6
202608241333250591,202608241253387239,202608241253386616,88,5285,P1 Reference Custom Answers Bronze - B76,br_samms_custom_answers,TASK_COMPLETE,FAILED,ERROR,0,0,1,SaveCustomAnswers Bronze ForEach failed,2026-08-24T12:53:42.369Z,2026-08-24T13:42:52.652Z,2950,2026-08-24T13:42:52.652Z,B76,Huntsville-OBOT,8f1806c1-b1f2-4ac5-b25b-086fec51b8fb,SAMMS-Huntsville-OBOT
202608241333250593,202608241253387240,202608241253386616,88,5286,P1 Reference Custom Answers Bronze - BAT,br_samms_custom_answers,TASK_COMPLETE,FAILED,ERROR,0,0,1,SaveCustomAnswers Bronze ForEach failed,2026-08-24T12:53:42.369Z,2026-08-24T13:42:52.652Z,2950,2026-08-24T13:42:52.652Z,BAT,Batesville,8f1806c1-b1f2-4ac5-b25b-086fec51b8fb,SAMMS-Batesville
202608241333250594,202608241253387241,202608241253386616,88,5287,P1 Reference Custom Answers Bronze - BG,br_samms_custom_answers,TASK_COMPLETE,FAILED,ERROR,0,0,1,SaveCustomAnswers Bronze ForEach failed,2026-08-24T12:53:42.369Z,2026-08-24T13:42:52.652Z,2950,2026-08-24T13:42:52.652Z,BG,BowlingGreen,8f1806c1-b1f2-4ac5-b25b-086fec51b8fb,SAMMS-BowlingGreen
202608241333250596,202608241253387242,202608241253386616,88,5288,P1 Reference Custom Answers Bronze - BOI,br_samms_custom_answers,TASK_COMPLETE,FAILED,ERROR,0,0,1,SaveCustomAnswers Bronze ForEach failed,2026-08-24T12:53:42.369Z,2026-08-24T13:42:52.652Z,2950,2026-08-24T13:42:52.652Z,BOI,Boise,8f1806c1-b1f2-4ac5-b25b-086fec51b8fb,SAMMS-Boise
202608241333250597,202608241253387243,202608241253386616,88,5289,P1 Reference Custom Answers Bronze - CBCO,br_samms_custom_answers,TASK_COMPLETE,FAILED,ERROR,0,0,1,SaveCustomAnswers Bronze ForEach failed,2026-08-24T12:53:42.369Z,2026-08-24T13:42:52.652Z,2950,2026-08-24T13:42:52.652Z,CBCO,CoeurdAlene,8f1806c1-b1f2-4ac5-b25b-086fec51b8fb,SAMMS-CoeurdAleneV6
202608241333250599,202608241253387244,202608241253386616,88,5290,P1 Reference Custom Answers Bronze - CON,br_samms_custom_answers,TASK_COMPLETE,FAILED,ERROR,0,0,1,SaveCustomAnswers Bronze ForEach failed,2026-08-24T12:53:42.369Z,2026-08-24T13:42:52.652Z,2950,2026-08-24T13:42:52.652Z,CON,Conway,8f1806c1-b1f2-4ac5-b25b-086fec51b8fb,SAMMS-Conway
202608241333250600,202608241253387245,202608241253386616,88,5291,P1 Reference Custom Answers Bronze - D07,br_samms_custom_answers,TASK_COMPLETE,FAILED,ERROR,0,0,1,SaveCustomAnswers Bronze ForEach failed,2026-08-24T12:53:42.369Z,2026-08-24T13:42:52.652Z,2950,2026-08-24T13:42:52.652Z,D07,Knoxville,8f1806c1-b1f2-4ac5-b25b-086fec51b8fb,SAMMS-KnoxvilleV6
202608241333250602,202608241253387246,202608241253386616,88,5292,P1 Reference Custom Answers Bronze - D08,br_samms_custom_answers,TASK_COMPLETE,FAILED,ERROR,0,0,1,SaveCustomAnswers Bronze ForEach failed,2026-08-24T12:53:42.369Z,2026-08-24T13:42:52.652Z,2950,2026-08-24T13:42:52.652Z,D08,Madison,8f1806c1-b1f2-4ac5-b25b-086fec51b8fb,SAMMS-MadisonV6
202608241333250603,202608241253387247,202608241253386616,88,5293,P1 Reference Custom Answers Bronze - D09,br_samms_custom_answers,TASK_COMPLETE,FAILED,ERROR,0,0,1,SaveCustomAnswers Bronze ForEach failed,2026-08-24T12:53:42.369Z,2026-08-24T13:42:52.652Z,2950,2026-08-24T13:42:52.652Z,D09,Murfreesboro,8f1806c1-b1f2-4ac5-b25b-086fec51b8fb,SAMMS-MurfreesboroV6
202608241333250605,202608241253387248,202608241253386616,88,5294,P1 Reference Custom Answers Bronze - DA,br_samms_custom_answers,TASK_COMPLETE,FAILED,ERROR,0,0,1,SaveCustomAnswers Bronze ForEach failed,2026-08-24T12:53:42.369Z,2026-08-24T13:42:52.652Z,2950,2026-08-24T13:42:52.652Z,DA,Davenport,8f1806c1-b1f2-4ac5-b25b-086fec51b8fb,SAMMS-Davenport
202608241333250606,202608241253387249,202608241253386616,88,5295,P1 Reference Custom Answers Bronze - DM,br_samms_custom_answers,TASK_COMPLETE,FAILED,ERROR,0,0,1,SaveCustomAnswers Bronze ForEach failed,2026-08-24T12:53:42.369Z,2026-08-24T13:42:52.652Z,2950,2026-08-24T13:42:52.652Z,DM,DesMoines,8f1806c1-b1f2-4ac5-b25b-086fec51b8fb,SAMMS-DesMoines
202608241333250608,202608241253387250,202608241253386616,88,5296,P1 Reference Custom Answers Bronze - DRD-CO,br_samms_custom_answers,TASK_COMPLETE,FAILED,ERROR,0,0,1,SaveCustomAnswers Bronze ForEach failed,2026-08-24T12:53:42.369Z,2026-08-24T13:42:52.652Z,2950,2026-08-24T13:42:52.652Z,DRD-CO,Columbia,8f1806c1-b1f2-4ac5-b25b-086fec51b8fb,SAMMS-ColumbiaV5
202608241333250609,202608241253387251,202608241253386616,88,5297,P1 Reference Custom Answers Bronze - DRD-KC,br_samms_custom_answers,TASK_COMPLETE,FAILED,ERROR,0,0,1,SaveCustomAnswers Bronze ForEach failed,2026-08-24T12:53:42.369Z,2026-08-24T13:42:52.652Z,2950,2026-08-24T13:42:52.652Z,DRD-KC,KC,8f1806c1-b1f2-4ac5-b25b-086fec51b8fb,SAMMS-KCv5
202608241448406445,202608241408172424,202608241408171802,88,5284,P1 Reference Custom Answers Bronze - B75,br_samms_custom_answers,TASK_COMPLETE,FAILED,ERROR,0,0,1,SaveCustomAnswers Bronze ForEach failed,2026-08-24T14:08:21.733Z,2026-08-24T15:03:37.584Z,3316,2026-08-24T15:03:37.584Z,B75,Lawrence,6c7532c9-dcb1-40a3-beaa-690039713dec,SAMMS-LawrenceV6
202608241448406446,202608241408172425,202608241408171802,88,5285,P1 Reference Custom Answers Bronze - B76,br_samms_custom_answers,TASK_COMPLETE,FAILED,ERROR,0,0,1,SaveCustomAnswers Bronze ForEach failed,2026-08-24T14:08:21.733Z,2026-08-24T15:03:37.584Z,3316,2026-08-24T15:03:37.584Z,B76,Huntsville-OBOT,6c7532c9-dcb1-40a3-beaa-690039713dec,SAMMS-Huntsville-OBOT
202608241448406448,202608241408172426,202608241408171802,88,5286,P1 Reference Custom Answers Bronze - BAT,br_samms_custom_answers,TASK_COMPLETE,FAILED,ERROR,0,0,1,SaveCustomAnswers Bronze ForEach failed,2026-08-24T14:08:21.733Z,2026-08-24T15:03:37.584Z,3316,2026-08-24T15:03:37.584Z,BAT,Batesville,6c7532c9-dcb1-40a3-beaa-690039713dec,SAMMS-Batesville
202608241448406449,202608241408172427,202608241408171802,88,5287,P1 Reference Custom Answers Bronze - BG,br_samms_custom_answers,TASK_COMPLETE,FAILED,ERROR,0,0,1,SaveCustomAnswers Bronze ForEach failed,2026-08-24T14:08:21.733Z,2026-08-24T15:03:37.584Z,3316,2026-08-24T15:03:37.584Z,BG,BowlingGreen,6c7532c9-dcb1-40a3-beaa-690039713dec,SAMMS-BowlingGreen
202608241448406451,202608241408172428,202608241408171802,88,5288,P1 Reference Custom Answers Bronze - BOI,br_samms_custom_answers,TASK_COMPLETE,FAILED,ERROR,0,0,1,SaveCustomAnswers Bronze ForEach failed,2026-08-24T14:08:21.733Z,2026-08-24T15:03:37.584Z,3316,2026-08-24T15:03:37.584Z,BOI,Boise,6c7532c9-dcb1-40a3-beaa-690039713dec,SAMMS-Boise
202608241448406452,202608241408172429,202608241408171802,88,5289,P1 Reference Custom Answers Bronze - CBCO,br_samms_custom_answers,TASK_COMPLETE,FAILED,ERROR,0,0,1,SaveCustomAnswers Bronze ForEach failed,2026-08-24T14:08:21.733Z,2026-08-24T15:03:37.584Z,3316,2026-08-24T15:03:37.584Z,CBCO,CoeurdAlene,6c7532c9-dcb1-40a3-beaa-690039713dec,SAMMS-CoeurdAleneV6
202608241448406454,202608241408172430,202608241408171802,88,5290,P1 Reference Custom Answers Bronze - CON,br_samms_custom_answers,TASK_COMPLETE,FAILED,ERROR,0,0,1,SaveCustomAnswers Bronze ForEach failed,2026-08-24T14:08:21.733Z,2026-08-24T15:03:37.584Z,3316,2026-08-24T15:03:37.584Z,CON,Conway,6c7532c9-dcb1-40a3-beaa-690039713dec,SAMMS-Conway
202608241448406455,202608241408172431,202608241408171802,88,5291,P1 Reference Custom Answers Bronze - D07,br_samms_custom_answers,TASK_COMPLETE,FAILED,ERROR,0,0,1,SaveCustomAnswers Bronze ForEach failed,2026-08-24T14:08:21.733Z,2026-08-24T15:03:37.584Z,3316,2026-08-24T15:03:37.584Z,D07,Knoxville,6c7532c9-dcb1-40a3-beaa-690039713dec,SAMMS-KnoxvilleV6
202608241448406457,202608241408172432,202608241408171802,88,5292,P1 Reference Custom Answers Bronze - D08,br_samms_custom_answers,TASK_COMPLETE,FAILED,ERROR,0,0,1,SaveCustomAnswers Bronze ForEach failed,2026-08-24T14:08:21.733Z,2026-08-24T15:03:37.584Z,3316,2026-08-24T15:03:37.584Z,D08,Madison,6c7532c9-dcb1-40a3-beaa-690039713dec,SAMMS-MadisonV6
202608241448406458,202608241408172433,202608241408171802,88,5293,P1 Reference Custom Answers Bronze - D09,br_samms_custom_answers,TASK_COMPLETE,FAILED,ERROR,0,0,1,SaveCustomAnswers Bronze ForEach failed,2026-08-24T14:08:21.733Z,2026-08-24T15:03:37.584Z,3316,2026-08-24T15:03:37.584Z,D09,Murfreesboro,6c7532c9-dcb1-40a3-beaa-690039713dec,SAMMS-MurfreesboroV6
202608241448406460,202608241408172434,202608241408171802,88,5294,P1 Reference Custom Answers Bronze - DA,br_samms_custom_answers,TASK_COMPLETE,FAILED,ERROR,0,0,1,SaveCustomAnswers Bronze ForEach failed,2026-08-24T14:08:21.733Z,2026-08-24T15:03:37.584Z,3316,2026-08-24T15:03:37.584Z,DA,Davenport,6c7532c9-dcb1-40a3-beaa-690039713dec,SAMMS-Davenport
202608241448406461,202608241408172435,202608241408171802,88,5295,P1 Reference Custom Answers Bronze - DM,br_samms_custom_answers,TASK_COMPLETE,FAILED,ERROR,0,0,1,SaveCustomAnswers Bronze ForEach failed,2026-08-24T14:08:21.733Z,2026-08-24T15:03:37.584Z,3316,2026-08-24T15:03:37.584Z,DM,DesMoines,6c7532c9-dcb1-40a3-beaa-690039713dec,SAMMS-DesMoines
202608241448406463,202608241408172436,202608241408171802,88,5296,P1 Reference Custom Answers Bronze - DRD-CO,br_samms_custom_answers,TASK_COMPLETE,FAILED,ERROR,0,0,1,SaveCustomAnswers Bronze ForEach failed,2026-08-24T14:08:21.733Z,2026-08-24T15:03:37.584Z,3316,2026-08-24T15:03:37.584Z,DRD-CO,Columbia,6c7532c9-dcb1-40a3-beaa-690039713dec,SAMMS-ColumbiaV5
202608241448406464,202608241408172437,202608241408171802,88,5297,P1 Reference Custom Answers Bronze - DRD-KC,br_samms_custom_answers,TASK_COMPLETE,FAILED,ERROR,0,0,1,SaveCustomAnswers Bronze ForEach failed,2026-08-24T14:08:21.733Z,2026-08-24T15:03:37.584Z,3316,2026-08-24T15:03:37.584Z,DRD-KC,KC,6c7532c9-dcb1-40a3-beaa-690039713dec,SAMMS-KCv5
202608201425194793,202608201258108220,202608201258108173,46,8747,P1 Finance Bills Bronze - CBCO,br_samms_bills,TASK_COMPLETE,SUCCESS,INFO,1685,1685,0,,2026-08-20T12:58:15.698Z,2026-08-20T14:28:34.201Z,5419,2026-08-20T14:28:34.201Z,CBCO,CoeurdAlene,5f0dd8ad-486e-4238-8933-2b89499a6e18,SAMMS-CoeurdAleneV6
202608201425194794,202608201258108221,202608201258108173,46,8748,P1 Finance Bills Bronze - CON,br_samms_bills,TASK_COMPLETE,SUCCESS,INFO,10410,10410,0,,2026-08-20T12:58:15.698Z,2026-08-20T14:28:34.201Z,5419,2026-08-20T14:28:34.201Z,CON,Conway,5f0dd8ad-486e-4238-8933-2b89499a6e18,SAMMS-Conway
202608201425194796,202608201258108222,202608201258108173,46,8749,P1 Finance Bills Bronze - D07,br_samms_bills,TASK_COMPLETE,SUCCESS,INFO,4313,4313,0,,2026-08-20T12:58:15.698Z,2026-08-20T14:28:34.201Z,5419,2026-08-20T14:28:34.201Z,D07,Knoxville,5f0dd8ad-486e-4238-8933-2b89499a6e18,SAMMS-KnoxvilleV6
202608201425194797,202608201258108223,202608201258108173,46,8750,P1 Finance Bills Bronze - D08,br_samms_bills,TASK_COMPLETE,SUCCESS,INFO,7446,7446,0,,2026-08-20T12:58:15.698Z,2026-08-20T14:28:34.201Z,5419,2026-08-20T14:28:34.201Z,D08,Madison,5f0dd8ad-486e-4238-8933-2b89499a6e18,SAMMS-MadisonV6
202608201425194799,202608201258108224,202608201258108173,46,8751,P1 Finance Bills Bronze - D09,br_samms_bills,TASK_COMPLETE,SUCCESS,INFO,12198,12198,0,,2026-08-20T12:58:15.698Z,2026-08-20T14:28:34.201Z,5419,2026-08-20T14:28:34.201Z,D09,Murfreesboro,5f0dd8ad-486e-4238-8933-2b89499a6e18,SAMMS-MurfreesboroV6
202608201425194801,202608201258108225,202608201258108173,46,8752,P1 Finance Bills Bronze - DA,br_samms_bills,TASK_COMPLETE,SUCCESS,INFO,5103,5103,0,,2026-08-20T12:58:15.698Z,2026-08-20T14:28:34.201Z,5419,2026-08-20T14:28:34.201Z,DA,Davenport,5f0dd8ad-486e-4238-8933-2b89499a6e18,SAMMS-Davenport
202608201425194802,202608201258108226,202608201258108173,46,8753,P1 Finance Bills Bronze - DM,br_samms_bills,TASK_COMPLETE,SUCCESS,INFO,3844,3844,0,,2026-08-20T12:58:15.698Z,2026-08-20T14:28:34.201Z,5419,2026-08-20T14:28:34.201Z,DM,DesMoines,5f0dd8ad-486e-4238-8933-2b89499a6e18,SAMMS-DesMoines
202608201425194804,202608201258108227,202608201258108173,46,8754,P1 Finance Bills Bronze - DRD-CO,br_samms_bills,TASK_COMPLETE,SUCCESS,INFO,6563,6563,0,,2026-08-20T12:58:15.698Z,2026-08-20T14:28:34.201Z,5419,2026-08-20T14:28:34.201Z,DRD-CO,Columbia,5f0dd8ad-486e-4238-8933-2b89499a6e18,SAMMS-ColumbiaV5
202608201425194806,202608201258108228,202608201258108173,46,8755,P1 Finance Bills Bronze - DRD-KC,br_samms_bills,TASK_COMPLETE,SUCCESS,INFO,10025,10025,0,,2026-08-20T12:58:15.698Z,2026-08-20T14:28:34.201Z,5419,2026-08-20T14:28:34.201Z,DRD-KC,KC,5f0dd8ad-486e-4238-8933-2b89499a6e18,SAMMS-KCv5
202608201425194807,202608201258108229,202608201258108173,46,8756,P1 Finance Bills Bronze - DRD-KVB,br_samms_bills,TASK_COMPLETE,SUCCESS,INFO,24164,24164,0,,2026-08-20T12:58:15.698Z,2026-08-20T14:28:34.201Z,5419,2026-08-20T14:28:34.201Z,DRD-KVB,KVB,5f0dd8ad-486e-4238-8933-2b89499a6e18,SAMMS-KVBv5
202608201425194809,202608201258108230,202608201258108173,46,8757,P1 Finance Bills Bronze - DRD-KVC,br_samms_bills,TASK_COMPLETE,SUCCESS,INFO,28235,28235,0,,2026-08-20T12:58:15.698Z,2026-08-20T14:28:34.201Z,5419,2026-08-20T14:28:34.201Z,DRD-KVC,KVC,5f0dd8ad-486e-4238-8933-2b89499a6e18,SAMMS-KVCv5
202608201425194811,202608201258108231,202608201258108173,46,8758,P1 Finance Bills Bronze - DRD-NOLA,br_samms_bills,TASK_COMPLETE,SUCCESS,INFO,23101,23101,0,,2026-08-20T12:58:15.698Z,2026-08-20T14:28:34.201Z,5419,2026-08-20T14:28:34.201Z,DRD-NOLA,NOLA,5f0dd8ad-486e-4238-8933-2b89499a6e18,SAMMS-NOLAv5
202608201425194813,202608201258108232,202608201258108173,46,8759,P1 Finance Bills Bronze - DRD-SF,br_samms_bills,TASK_COMPLETE,SUCCESS,INFO,7078,7078,0,,2026-08-20T12:58:15.698Z,2026-08-20T14:28:34.201Z,5419,2026-08-20T14:28:34.201Z,DRD-SF,SF,5f0dd8ad-486e-4238-8933-2b89499a6e18,SAMMS-SFv5
202608201425194814,202608201258108233,202608201258108173,46,8760,P1 Finance Bills Bronze - ELC,br_samms_bills,TASK_COMPLETE,SUCCESS,INFO,2217,2217,0,,2026-08-20T12:58:15.698Z,2026-08-20T14:28:34.201Z,5419,2026-08-20T14:28:34.201Z,ELC,ElizabethCity,5f0dd8ad-486e-4238-8933-2b89499a6e18,SAMMS-ElizabethCity
202608201425194816,202608201258108234,202608201258108173,46,8761,P1 Finance Bills Bronze - ET,br_samms_bills,TASK_COMPLETE,SUCCESS,INFO,12287,12287,0,,2026-08-20T12:58:15.698Z,2026-08-20T14:28:34.201Z,5419,2026-08-20T14:28:34.201Z,ET,Elizabethtown,5f0dd8ad-486e-4238-8933-2b89499a6e18,SAMMS-Elizabethtown
202608201425194818,202608201258108235,202608201258108173,46,8762,P1 Finance Bills Bronze - FAY,br_samms_bills,TASK_COMPLETE,SUCCESS,INFO,10073,10073,0,,2026-08-20T12:58:15.698Z,2026-08-20T14:28:34.201Z,5419,2026-08-20T14:28:34.201Z,FAY,Fayetteville,5f0dd8ad-486e-4238-8933-2b89499a6e18,SAMMS-Fayetteville
202608201425194820,202608201258108236,202608201258108173,46,8763,P1 Finance Bills Bronze - FR,br_samms_bills,TASK_COMPLETE,SUCCESS,INFO,6830,6830,0,,2026-08-20T12:58:15.698Z,2026-08-20T14:28:34.201Z,5419,2026-08-20T14:28:34.201Z,FR,Frankfort,5f0dd8ad-486e-4238-8933-2b89499a6e18,SAMMS-Frankfort
202608201425194821,202608201258108237,202608201258108173,46,8764,P1 Finance Bills Bronze - FS,br_samms_bills,TASK_COMPLETE,SUCCESS,INFO,8612,8612,0,,2026-08-20T12:58:15.698Z,2026-08-20T14:28:34.201Z,5419,2026-08-20T14:28:34.201Z,FS,FortSmith,5f0dd8ad-486e-4238-8933-2b89499a6e18,SAMMS-FortSmith
202608201425194823,202608201258108238,202608201258108173,46,8765,P1 Finance Bills Bronze - FW,br_samms_bills,TASK_COMPLETE,SUCCESS,INFO,27405,27405,0,,2026-08-20T12:58:15.698Z,2026-08-20T14:28:34.201Z,5419,2026-08-20T14:28:34.201Z,FW,FortWayne,5f0dd8ad-486e-4238-8933-2b89499a6e18,SAMMS-FortWayne
202608201425194825,202608201258108239,202608201258108173,46,8766,P1 Finance Bills Bronze - GAL,br_samms_bills,TASK_COMPLETE,SUCCESS,INFO,3901,3901,0,,2026-08-20T12:58:15.698Z,2026-08-20T14:28:34.201Z,5419,2026-08-20T14:28:34.201Z,GAL,Gaylord,5f0dd8ad-486e-4238-8933-2b89499a6e18,SAMMS-Gaylord
202608201425194827,202608201258108240,202608201258108173,46,8767,P1 Finance Bills Bronze - HGT,br_samms_bills,TASK_COMPLETE,SUCCESS,INFO,6084,6084,0,,2026-08-20T12:58:15.698Z,2026-08-20T14:28:34.201Z,5419,2026-08-20T14:28:34.201Z,HGT,Hagerstown,5f0dd8ad-486e-4238-8933-2b89499a6e18,SAMMS-Hagerstown
202608201425194828,202608201258108241,202608201258108173,46,8768,P1 Finance Bills Bronze - HNT,br_samms_bills,TASK_COMPLETE,SUCCESS,INFO,20940,20940,0,,2026-08-20T12:58:15.698Z,2026-08-20T14:28:34.201Z,5419,2026-08-20T14:28:34.201Z,HNT,Huntsville,5f0dd8ad-486e-4238-8933-2b89499a6e18,SAMMS-Huntsville
202608241448406513,202608241408172466,202608241408171802,88,5325,P1 Reference Custom Answers Bronze - RMD,br_samms_custom_answers,TASK_COMPLETE,FAILED,ERROR,0,0,1,SaveCustomAnswers Bronze ForEach failed,2026-08-24T14:08:21.733Z,2026-08-24T15:03:37.584Z,3316,2026-08-24T15:03:37.584Z,RMD,Richmond,6c7532c9-dcb1-40a3-beaa-690039713dec,SAMMS-Richmond
202608241448406515,202608241408172467,202608241408171802,88,5326,P1 Reference Custom Answers Bronze - SFN,br_samms_custom_answers,TASK_COMPLETE,FAILED,ERROR,0,0,1,SaveCustomAnswers Bronze ForEach failed,2026-08-24T14:08:21.733Z,2026-08-24T15:03:37.584Z,3316,2026-08-24T15:03:37.584Z,SFN,SFN,6c7532c9-dcb1-40a3-beaa-690039713dec,SAMMS-SFNv5
202608241448406516,202608241408172468,202608241408171802,88,5327,P1 Reference Custom Answers Bronze - SHP,br_samms_custom_answers,TASK_COMPLETE,FAILED,ERROR,0,0,1,SaveCustomAnswers Bronze ForEach failed,2026-08-24T14:08:21.733Z,2026-08-24T15:03:37.584Z,3316,2026-08-24T15:03:37.584Z,SHP,Shreveport,6c7532c9-dcb1-40a3-beaa-690039713dec,SAMMS-Shreveport
202608241448406518,202608241408172469,202608241408171802,88,5328,P1 Reference Custom Answers Bronze - STN,br_samms_custom_answers,TASK_COMPLETE,FAILED,ERROR,0,0,1,SaveCustomAnswers Bronze ForEach failed,2026-08-24T14:08:21.733Z,2026-08-24T15:03:37.584Z,3316,2026-08-24T15:03:37.584Z,STN,Staunton,6c7532c9-dcb1-40a3-beaa-690039713dec,SAMMS-Staunton
202608241448406521,202608241408172470,202608241408171802,88,5329,P1 Reference Custom Answers Bronze - STVN,br_samms_custom_answers,TASK_COMPLETE,FAILED,ERROR,0,0,1,SaveCustomAnswers Bronze ForEach failed,2026-08-24T14:08:21.733Z,2026-08-24T15:03:37.584Z,3316,2026-08-24T15:03:37.584Z,STVN,Stevenson,6c7532c9-dcb1-40a3-beaa-690039713dec,SAMMS-Stevenson
202608241448406522,202608241408172471,202608241408171802,88,5330,P1 Reference Custom Answers Bronze - TE,br_samms_custom_answers,TASK_COMPLETE,FAILED,ERROR,0,0,1,SaveCustomAnswers Bronze ForEach failed,2026-08-24T14:08:21.733Z,2026-08-24T15:03:37.584Z,3316,2026-08-24T15:03:37.584Z,TE,Tempe,6c7532c9-dcb1-40a3-beaa-690039713dec,SAMMS-Tempe
202608241448406524,202608241408172472,202608241408171802,88,5331,P1 Reference Custom Answers Bronze - TEX,br_samms_custom_answers,TASK_COMPLETE,FAILED,ERROR,0,0,1,SaveCustomAnswers Bronze ForEach failed,2026-08-24T14:08:21.733Z,2026-08-24T15:03:37.584Z,3316,2026-08-24T15:03:37.584Z,TEX,Texarkana,6c7532c9-dcb1-40a3-beaa-690039713dec,SAMMS-Texarkana
202608241448406526,202608241408172473,202608241408171802,88,5332,P1 Reference Custom Answers Bronze - TTCA,br_samms_custom_answers,TASK_COMPLETE,FAILED,ERROR,0,0,1,SaveCustomAnswers Bronze ForEach failed,2026-08-24T14:08:21.733Z,2026-08-24T15:03:37.584Z,3316,2026-08-24T15:03:37.584Z,TTCA,Bessemer,6c7532c9-dcb1-40a3-beaa-690039713dec,SAMMS-BessemerV5
202608241448406528,202608241408172474,202608241408171802,88,5333,P1 Reference Custom Answers Bronze - TTCB,br_samms_custom_answers,TASK_COMPLETE,FAILED,ERROR,0,0,1,SaveCustomAnswers Bronze ForEach failed,2026-08-24T14:08:21.733Z,2026-08-24T15:03:37.584Z,3316,2026-08-24T15:03:37.584Z,TTCB,Cullman,6c7532c9-dcb1-40a3-beaa-690039713dec,SAMMS-CullmanV5
202608241448406531,202608241408172475,202608241408171802,88,5334,P1 Reference Custom Answers Bronze - TTCC,br_samms_custom_answers,TASK_COMPLETE,FAILED,ERROR,0,0,1,SaveCustomAnswers Bronze ForEach failed,2026-08-24T14:08:21.733Z,2026-08-24T15:03:37.584Z,3316,2026-08-24T15:03:37.584Z,TTCC,GrandBay,6c7532c9-dcb1-40a3-beaa-690039713dec,SAMMS-GrandBay
202608241448406532,202608241408172476,202608241408171802,88,5335,P1 Reference Custom Answers Bronze - TU,br_samms_custom_answers,TASK_COMPLETE,FAILED,ERROR,0,0,1,SaveCustomAnswers Bronze ForEach failed,2026-08-24T14:08:21.733Z,2026-08-24T15:03:37.584Z,3316,2026-08-24T15:03:37.584Z,TU,Tucson,6c7532c9-dcb1-40a3-beaa-690039713dec,SAMMS-Tucson
202608241448406534,202608241408172477,202608241408171802,88,5336,P1 Reference Custom Answers Bronze - V1,br_samms_custom_answers,TASK_COMPLETE,FAILED,ERROR,0,0,1,SaveCustomAnswers Bronze ForEach failed,2026-08-24T14:08:21.733Z,2026-08-24T15:03:37.584Z,3316,2026-08-24T15:03:37.584Z,V1,VCPHCS-I-Memphis,6c7532c9-dcb1-40a3-beaa-690039713dec,SAMMS-VCPHCS-I-MemphisV5
202608241448406536,202608241408172478,202608241408171802,88,5337,P1 Reference Custom Answers Bronze - V10,br_samms_custom_answers,TASK_COMPLETE,FAILED,ERROR,0,0,1,SaveCustomAnswers Bronze ForEach failed,2026-08-24T14:08:21.733Z,2026-08-24T15:03:37.584Z,3316,2026-08-24T15:03:37.584Z,V10,Boulder,6c7532c9-dcb1-40a3-beaa-690039713dec,SAMMS-BoulderV5
202608241448406538,202608241408172479,202608241408171802,88,5338,P1 Reference Custom Answers Bronze - V10A,br_samms_custom_answers,TASK_COMPLETE,FAILED,ERROR,0,0,1,SaveCustomAnswers Bronze ForEach failed,2026-08-24T14:08:21.733Z,2026-08-24T15:03:37.584Z,3316,2026-08-24T15:03:37.584Z,V10A,FortCollins,6c7532c9-dcb1-40a3-beaa-690039713dec,SAMMS-FortCollinsV5
202608241333250657,202608241253387280,202608241253386616,88,5325,P1 Reference Custom Answers Bronze - RMD,br_samms_custom_answers,TASK_COMPLETE,FAILED,ERROR,0,0,1,SaveCustomAnswers Bronze ForEach failed,2026-08-24T12:53:42.369Z,2026-08-24T13:42:52.652Z,2950,2026-08-24T13:42:52.652Z,RMD,Richmond,8f1806c1-b1f2-4ac5-b25b-086fec51b8fb,SAMMS-Richmond
202608241333250659,202608241253387281,202608241253386616,88,5326,P1 Reference Custom Answers Bronze - SFN,br_samms_custom_answers,TASK_COMPLETE,FAILED,ERROR,0,0,1,SaveCustomAnswers Bronze ForEach failed,2026-08-24T12:53:42.369Z,2026-08-24T13:42:52.652Z,2950,2026-08-24T13:42:52.652Z,SFN,SFN,8f1806c1-b1f2-4ac5-b25b-086fec51b8fb,SAMMS-SFNv5
202608241333250661,202608241253387282,202608241253386616,88,5327,P1 Reference Custom Answers Bronze - SHP,br_samms_custom_answers,TASK_COMPLETE,FAILED,ERROR,0,0,1,SaveCustomAnswers Bronze ForEach failed,2026-08-24T12:53:42.369Z,2026-08-24T13:42:52.652Z,2950,2026-08-24T13:42:52.652Z,SHP,Shreveport,8f1806c1-b1f2-4ac5-b25b-086fec51b8fb,SAMMS-Shreveport
202608241333250662,202608241253387283,202608241253386616,88,5328,P1 Reference Custom Answers Bronze - STN,br_samms_custom_answers,TASK_COMPLETE,FAILED,ERROR,0,0,1,SaveCustomAnswers Bronze ForEach failed,2026-08-24T12:53:42.369Z,2026-08-24T13:42:52.652Z,2950,2026-08-24T13:42:52.652Z,STN,Staunton,8f1806c1-b1f2-4ac5-b25b-086fec51b8fb,SAMMS-Staunton
202608241333250664,202608241253387284,202608241253386616,88,5329,P1 Reference Custom Answers Bronze - STVN,br_samms_custom_answers,TASK_COMPLETE,FAILED,ERROR,0,0,1,SaveCustomAnswers Bronze ForEach failed,2026-08-24T12:53:42.369Z,2026-08-24T13:42:52.652Z,2950,2026-08-24T13:42:52.652Z,STVN,Stevenson,8f1806c1-b1f2-4ac5-b25b-086fec51b8fb,SAMMS-Stevenson
202608241333250666,202608241253387285,202608241253386616,88,5330,P1 Reference Custom Answers Bronze - TE,br_samms_custom_answers,TASK_COMPLETE,FAILED,ERROR,0,0,1,SaveCustomAnswers Bronze ForEach failed,2026-08-24T12:53:42.369Z,2026-08-24T13:42:52.652Z,2950,2026-08-24T13:42:52.652Z,TE,Tempe,8f1806c1-b1f2-4ac5-b25b-086fec51b8fb,SAMMS-Tempe
202608241333250668,202608241253387286,202608241253386616,88,5331,P1 Reference Custom Answers Bronze - TEX,br_samms_custom_answers,TASK_COMPLETE,FAILED,ERROR,0,0,1,SaveCustomAnswers Bronze ForEach failed,2026-08-24T12:53:42.369Z,2026-08-24T13:42:52.652Z,2950,2026-08-24T13:42:52.652Z,TEX,Texarkana,8f1806c1-b1f2-4ac5-b25b-086fec51b8fb,SAMMS-Texarkana
202608241333250670,202608241253387287,202608241253386616,88,5332,P1 Reference Custom Answers Bronze - TTCA,br_samms_custom_answers,TASK_COMPLETE,FAILED,ERROR,0,0,1,SaveCustomAnswers Bronze ForEach failed,2026-08-24T12:53:42.369Z,2026-08-24T13:42:52.652Z,2950,2026-08-24T13:42:52.652Z,TTCA,Bessemer,8f1806c1-b1f2-4ac5-b25b-086fec51b8fb,SAMMS-BessemerV5
202608241333250671,202608241253387288,202608241253386616,88,5333,P1 Reference Custom Answers Bronze - TTCB,br_samms_custom_answers,TASK_COMPLETE,FAILED,ERROR,0,0,1,SaveCustomAnswers Bronze ForEach failed,2026-08-24T12:53:42.369Z,2026-08-24T13:42:52.652Z,2950,2026-08-24T13:42:52.652Z,TTCB,Cullman,8f1806c1-b1f2-4ac5-b25b-086fec51b8fb,SAMMS-CullmanV5
202608241333250673,202608241253387289,202608241253386616,88,5334,P1 Reference Custom Answers Bronze - TTCC,br_samms_custom_answers,TASK_COMPLETE,FAILED,ERROR,0,0,1,SaveCustomAnswers Bronze ForEach failed,2026-08-24T12:53:42.369Z,2026-08-24T13:42:52.652Z,2950,2026-08-24T13:42:52.652Z,TTCC,GrandBay,8f1806c1-b1f2-4ac5-b25b-086fec51b8fb,SAMMS-GrandBay
202608241333250675,202608241253387290,202608241253386616,88,5335,P1 Reference Custom Answers Bronze - TU,br_samms_custom_answers,TASK_COMPLETE,FAILED,ERROR,0,0,1,SaveCustomAnswers Bronze ForEach failed,2026-08-24T12:53:42.369Z,2026-08-24T13:42:52.652Z,2950,2026-08-24T13:42:52.652Z,TU,Tucson,8f1806c1-b1f2-4ac5-b25b-086fec51b8fb,SAMMS-Tucson
202608241333250677,202608241253387291,202608241253386616,88,5336,P1 Reference Custom Answers Bronze - V1,br_samms_custom_answers,TASK_COMPLETE,FAILED,ERROR,0,0,1,SaveCustomAnswers Bronze ForEach failed,2026-08-24T12:53:42.369Z,2026-08-24T13:42:52.652Z,2950,2026-08-24T13:42:52.652Z,V1,VCPHCS-I-Memphis,8f1806c1-b1f2-4ac5-b25b-086fec51b8fb,SAMMS-VCPHCS-I-MemphisV5
202608241333250679,202608241253387292,202608241253386616,88,5337,P1 Reference Custom Answers Bronze - V10,br_samms_custom_answers,TASK_COMPLETE,FAILED,ERROR,0,0,1,SaveCustomAnswers Bronze ForEach failed,2026-08-24T12:53:42.369Z,2026-08-24T13:42:52.652Z,2950,2026-08-24T13:42:52.652Z,V10,Boulder,8f1806c1-b1f2-4ac5-b25b-086fec51b8fb,SAMMS-BoulderV5
202608241333250681,202608241253387293,202608241253386616,88,5338,P1 Reference Custom Answers Bronze - V10A,br_samms_custom_answers,TASK_COMPLETE,FAILED,ERROR,0,0,1,SaveCustomAnswers Bronze ForEach failed,2026-08-24T12:53:42.369Z,2026-08-24T13:42:52.652Z,2950,2026-08-24T13:42:52.652Z,V10A,FortCollins,8f1806c1-b1f2-4ac5-b25b-086fec51b8fb,SAMMS-FortCollinsV5
202608221320321851,202608221237332643,202608221237331665,88,5647,P1 Reference Preadmission Referral Source Bronze - D09,br_samms_preadmission_referral_source,TASK_COMPLETE,SUCCESS,INFO,454,454,0,,2026-08-22T12:37:36.805Z,2026-08-22T13:23:02.807Z,2726,2026-08-22T13:23:02.807Z,D09,Murfreesboro,63818914-9c2b-4ff6-ac1c-35595835ab93,SAMMS-MurfreesboroV6
202608221320321852,202608221237332644,202608221237331665,88,5648,P1 Reference Preadmission Referral Source Bronze - DA,br_samms_preadmission_referral_source,TASK_COMPLETE,SUCCESS,INFO,248,248,0,,2026-08-22T12:37:36.805Z,2026-08-22T13:23:02.807Z,2726,2026-08-22T13:23:02.807Z,DA,Davenport,63818914-9c2b-4ff6-ac1c-35595835ab93,SAMMS-Davenport
202608221320321854,202608221237332645,202608221237331665,88,5649,P1 Reference Preadmission Referral Source Bronze - DM,br_samms_preadmission_referral_source,TASK_COMPLETE,SUCCESS,INFO,334,334,0,,2026-08-22T12:37:36.805Z,2026-08-22T13:23:02.807Z,2726,2026-08-22T13:23:02.807Z,DM,DesMoines,63818914-9c2b-4ff6-ac1c-35595835ab93,SAMMS-DesMoines
202608221320321856,202608221237332646,202608221237331665,88,5650,P1 Reference Preadmission Referral Source Bronze - DRD-CO,br_samms_preadmission_referral_source,TASK_COMPLETE,SUCCESS,INFO,383,383,0,,2026-08-22T12:37:36.805Z,2026-08-22T13:23:02.807Z,2726,2026-08-22T13:23:02.807Z,DRD-CO,Columbia,63818914-9c2b-4ff6-ac1c-35595835ab93,SAMMS-ColumbiaV5
202608221320321858,202608221237332647,202608221237331665,88,5651,P1 Reference Preadmission Referral Source Bronze - DRD-KC,br_samms_preadmission_referral_source,TASK_COMPLETE,SUCCESS,INFO,559,559,0,,2026-08-22T12:37:36.805Z,2026-08-22T13:23:02.807Z,2726,2026-08-22T13:23:02.807Z,DRD-KC,KC,63818914-9c2b-4ff6-ac1c-35595835ab93,SAMMS-KCv5
202608221320321859,202608221237332648,202608221237331665,88,5652,P1 Reference Preadmission Referral Source Bronze - DRD-KVB,br_samms_preadmission_referral_source,TASK_COMPLETE,SUCCESS,INFO,652,652,0,,2026-08-22T12:37:36.805Z,2026-08-22T13:23:02.807Z,2726,2026-08-22T13:23:02.807Z,DRD-KVB,KVB,63818914-9c2b-4ff6-ac1c-35595835ab93,SAMMS-KVBv5
202608221320321861,202608221237332649,202608221237331665,88,5653,P1 Reference Preadmission Referral Source Bronze - DRD-KVC,br_samms_preadmission_referral_source,TASK_COMPLETE,SUCCESS,INFO,1215,1215,0,,2026-08-22T12:37:36.805Z,2026-08-22T13:23:02.807Z,2726,2026-08-22T13:23:02.807Z,DRD-KVC,KVC,63818914-9c2b-4ff6-ac1c-35595835ab93,SAMMS-KVCv5
202608221320321863,202608221237332650,202608221237331665,88,5654,P1 Reference Preadmission Referral Source Bronze - DRD-NOLA,br_samms_preadmission_referral_source,TASK_COMPLETE,SUCCESS,INFO,866,866,0,,2026-08-22T12:37:36.805Z,2026-08-22T13:23:02.807Z,2726,2026-08-22T13:23:02.807Z,DRD-NOLA,NOLA,63818914-9c2b-4ff6-ac1c-35595835ab93,SAMMS-NOLAv5
202608221320321865,202608221237332651,202608221237331665,88,5655,P1 Reference Preadmission Referral Source Bronze - DRD-SF,br_samms_preadmission_referral_source,TASK_COMPLETE,SUCCESS,INFO,563,563,0,,2026-08-22T12:37:36.805Z,2026-08-22T13:23:02.807Z,2726,2026-08-22T13:23:02.807Z,DRD-SF,SF,63818914-9c2b-4ff6-ac1c-35595835ab93,SAMMS-SFv5
202608221320321866,202608221237332652,202608221237331665,88,5656,P1 Reference Preadmission Referral Source Bronze - ELC,br_samms_preadmission_referral_source,TASK_COMPLETE,SUCCESS,INFO,214,214,0,,2026-08-22T12:37:36.805Z,2026-08-22T13:23:02.807Z,2726,2026-08-22T13:23:02.807Z,ELC,ElizabethCity,63818914-9c2b-4ff6-ac1c-35595835ab93,SAMMS-ElizabethCity
202608221320321868,202608221237332653,202608221237331665,88,5657,P1 Reference Preadmission Referral Source Bronze - ET,br_samms_preadmission_referral_source,TASK_COMPLETE,SUCCESS,INFO,348,348,0,,2026-08-22T12:37:36.805Z,2026-08-22T13:23:02.807Z,2726,2026-08-22T13:23:02.807Z,ET,Elizabethtown,63818914-9c2b-4ff6-ac1c-35595835ab93,SAMMS-Elizabethtown
202608221320321870,202608221237332654,202608221237331665,88,5658,P1 Reference Preadmission Referral Source Bronze - FAY,br_samms_preadmission_referral_source,TASK_COMPLETE,SUCCESS,INFO,234,234,0,,2026-08-22T12:37:36.805Z,2026-08-22T13:23:02.807Z,2726,2026-08-22T13:23:02.807Z,FAY,Fayetteville,63818914-9c2b-4ff6-ac1c-35595835ab93,SAMMS-Fayetteville
202608221320321872,202608221237332655,202608221237331665,88,5659,P1 Reference Preadmission Referral Source Bronze - FR,br_samms_preadmission_referral_source,TASK_COMPLETE,SUCCESS,INFO,272,272,0,,2026-08-22T12:37:36.805Z,2026-08-22T13:23:02.807Z,2726,2026-08-22T13:23:02.807Z,FR,Frankfort,63818914-9c2b-4ff6-ac1c-35595835ab93,SAMMS-Frankfort
202608221320321874,202608221237332656,202608221237331665,88,5660,P1 Reference Preadmission Referral Source Bronze - FS,br_samms_preadmission_referral_source,TASK_COMPLETE,SUCCESS,INFO,235,235,0,,2026-08-22T12:37:36.805Z,2026-08-22T13:23:02.807Z,2726,2026-08-22T13:23:02.807Z,FS,FortSmith,63818914-9c2b-4ff6-ac1c-35595835ab93,SAMMS-FortSmith
202608221320321876,202608221237332657,202608221237331665,88,5661,P1 Reference Preadmission Referral Source Bronze - FW,br_samms_preadmission_referral_source,TASK_COMPLETE,SUCCESS,INFO,447,447,0,,2026-08-22T12:37:36.805Z,2026-08-22T13:23:02.807Z,2726,2026-08-22T13:23:02.807Z,FW,FortWayne,63818914-9c2b-4ff6-ac1c-35595835ab93,SAMMS-FortWayne
202608221320321877,202608221237332658,202608221237331665,88,5662,P1 Reference Preadmission Referral Source Bronze - GAL,br_samms_preadmission_referral_source,TASK_COMPLETE,SUCCESS,INFO,162,162,0,,2026-08-22T12:37:36.805Z,2026-08-22T13:23:02.807Z,2726,2026-08-22T13:23:02.807Z,GAL,Gaylord,63818914-9c2b-4ff6-ac1c-35595835ab93,SAMMS-Gaylord
202608221320321290,202608221237332343,202608221237331665,88,5339,P1 Reference Custom Answers Bronze - V11,br_samms_custom_answers,TASK_COMPLETE,SUCCESS,INFO,4106,4106,0,,2026-08-22T12:37:36.805Z,2026-08-22T13:23:02.807Z,2726,2026-08-22T13:23:02.807Z,V11,VCPHCS-XI-NorthDenver,63818914-9c2b-4ff6-ac1c-35595835ab93,SAMMS-VCPHCS-XI-NorthDenverV5
202608221320321292,202608221237332344,202608221237331665,88,5340,P1 Reference Custom Answers Bronze - V12,br_samms_custom_answers,TASK_COMPLETE,SUCCESS,INFO,5623,5623,0,,2026-08-22T12:37:36.805Z,2026-08-22T13:23:02.807Z,2726,2026-08-22T13:23:02.807Z,V12,VCPHCS-XII-DowntownDenver,63818914-9c2b-4ff6-ac1c-35595835ab93,SAMMS-VCPHCS-XII-DowntownDenverV5
202608221320321294,202608221237332345,202608221237331665,88,5341,P1 Reference Custom Answers Bronze - V12A,br_samms_custom_answers,TASK_COMPLETE,SUCCESS,INFO,2456,2456,0,,2026-08-22T12:37:36.805Z,2026-08-22T13:23:02.807Z,2726,2026-08-22T13:23:02.807Z,V12A,Centennial,63818914-9c2b-4ff6-ac1c-35595835ab93,SAMMS-CentennialV5
202608221320321296,202608221237332346,202608221237331665,88,5342,P1 Reference Custom Answers Bronze - V14,br_samms_custom_answers,TASK_COMPLETE,SUCCESS,INFO,2046,2046,0,,2026-08-22T12:37:36.805Z,2026-08-22T13:23:02.807Z,2726,2026-08-22T13:23:02.807Z,V14,VCPHCS-XIV-Bridgeway,63818914-9c2b-4ff6-ac1c-35595835ab93,SAMMS-VCPHCS-XIV-BridgewayV5
202608221320321299,202608221237332347,202608221237331665,88,5343,P1 Reference Custom Answers Bronze - V15,br_samms_custom_answers,TASK_COMPLETE,SUCCESS,INFO,1642,1642,0,,2026-08-22T12:37:36.805Z,2026-08-22T13:23:02.807Z,2726,2026-08-22T13:23:02.807Z,V15,Joplin,63818914-9c2b-4ff6-ac1c-35595835ab93,SAMMS-JoplinV5
202608221320321301,202608221237332348,202608221237331665,88,5344,P1 Reference Custom Answers Bronze - V17,br_samms_custom_answers,TASK_COMPLETE,SUCCESS,INFO,1411,1411,0,,2026-08-22T12:37:36.805Z,2026-08-22T13:23:02.807Z,2726,2026-08-22T13:23:02.807Z,V17,ColumbiaTN,63818914-9c2b-4ff6-ac1c-35595835ab93,SAMMS-ColumbiaTNv5
202608221320321303,202608221237332349,202608221237331665,88,5345,P1 Reference Custom Answers Bronze - V19,br_samms_custom_answers,TASK_COMPLETE,SUCCESS,INFO,1364,1364,0,,2026-08-22T12:37:36.805Z,2026-08-22T13:23:02.807Z,2726,2026-08-22T13:23:02.807Z,V19,Jackson,63818914-9c2b-4ff6-ac1c-35595835ab93,SAMMS-JacksonV5
202608221320321306,202608221237332350,202608221237331665,88,5346,P1 Reference Custom Answers Bronze - V20,br_samms_custom_answers,TASK_COMPLETE,SUCCESS,INFO,1258,1258,0,,2026-08-22T12:37:36.805Z,2026-08-22T13:23:02.807Z,2726,2026-08-22T13:23:02.807Z,V20,Paris,63818914-9c2b-4ff6-ac1c-35595835ab93,SAMMS-ParisV5
202608221320321308,202608221237332351,202608221237331665,88,5347,P1 Reference Custom Answers Bronze - V21,br_samms_custom_answers,TASK_COMPLETE,SUCCESS,INFO,2090,2090,0,,2026-08-22T12:37:36.805Z,2026-08-22T13:23:02.807Z,2726,2026-08-22T13:23:02.807Z,V21,Raleigh,63818914-9c2b-4ff6-ac1c-35595835ab93,SAMMS-RaleighV5
202608221320321310,202608221237332352,202608221237331665,88,5348,P1 Reference Custom Answers Bronze - V5,br_samms_custom_answers,TASK_COMPLETE,SUCCESS,INFO,4612,4612,0,,2026-08-22T12:37:36.805Z,2026-08-22T13:23:02.807Z,2726,2026-08-22T13:23:02.807Z,V5,NONTC,63818914-9c2b-4ff6-ac1c-35595835ab93,SAMMS-NONTCv5
202608221320321313,202608221237332353,202608221237331665,88,5349,P1 Reference Custom Answers Bronze - V5B,br_samms_custom_answers,TASK_COMPLETE,SUCCESS,INFO,398,398,0,,2026-08-22T12:37:36.805Z,2026-08-22T13:23:02.807Z,2726,2026-08-22T13:23:02.807Z,V5B,Houma,63818914-9c2b-4ff6-ac1c-35595835ab93,SAMMS-HoumaV6
202608221320321315,202608221237332354,202608221237331665,88,5350,P1 Reference Custom Answers Bronze - V6,br_samms_custom_answers,TASK_COMPLETE,SUCCESS,INFO,3152,3152,0,,2026-08-22T12:37:36.805Z,2026-08-22T13:23:02.807Z,2726,2026-08-22T13:23:02.807Z,V6,LC,63818914-9c2b-4ff6-ac1c-35595835ab93,SAMMS-LCv5
202608221320321317,202608221237332355,202608221237331665,88,5351,P1 Reference Custom Answers Bronze - V8,br_samms_custom_answers,TASK_COMPLETE,SUCCESS,INFO,4976,4976,0,,2026-08-22T12:37:36.805Z,2026-08-22T13:23:02.807Z,2726,2026-08-22T13:23:02.807Z,V8,VCPHCS-VIII-Memphis,63818914-9c2b-4ff6-ac1c-35595835ab93,SAMMS-VCPHCS-VIII-MemphisV5
202608221320321320,202608221237332356,202608221237331665,88,5352,P1 Reference Custom Answers Bronze - V9,br_samms_custom_answers,TASK_COMPLETE,SUCCESS,INFO,8438,8438,0,,2026-08-22T12:37:36.805Z,2026-08-22T13:23:02.807Z,2726,2026-08-22T13:23:02.807Z,V9,Nashville,63818914-9c2b-4ff6-ac1c-35595835ab93,SAMMS-NashvilleV5
202608221320321322,202608221237332357,202608221237331665,88,5353,P1 Reference Custom Answers Bronze - VBRA,br_samms_custom_answers,TASK_COMPLETE,SUCCESS,INFO,978,978,0,,2026-08-22T12:37:36.805Z,2026-08-22T13:23:02.807Z,2726,2026-08-22T13:23:02.807Z,VBRA,Brainerd,63818914-9c2b-4ff6-ac1c-35595835ab93,SAMMS-BrainerdV6
202608221320321324,202608221237332358,202608221237331665,88,5354,P1 Reference Custom Answers Bronze - VBRP,br_samms_custom_answers,TASK_COMPLETE,SUCCESS,INFO,1136,1136,0,,2026-08-22T12:37:36.805Z,2026-08-22T13:23:02.807Z,2726,2026-08-22T13:23:02.807Z,VBRP,BrooklynPark,63818914-9c2b-4ff6-ac1c-35595835ab93,SAMMS-BrooklynParkV6
202608241333251430,202608241253387507,202608241253386616,88,5557,P1 Reference PreAdmission V6 Bronze - NC,br_samms_pre_admission_v6,TASK_COMPLETE,FAILED,ERROR,0,0,1,SavePreAdmissionV6 Bronze ForEach failed,2026-08-24T12:53:42.369Z,2026-08-24T13:42:52.652Z,2950,2026-08-24T13:42:52.652Z,NC,NorthCharleston,8f1806c1-b1f2-4ac5-b25b-086fec51b8fb,SAMMS-NorthCharleston
202608241333251432,202608241253387508,202608241253386616,88,5558,P1 Reference PreAdmission V6 Bronze - NLR,br_samms_pre_admission_v6,TASK_COMPLETE,FAILED,ERROR,0,0,1,SavePreAdmissionV6 Bronze ForEach failed,2026-08-24T12:53:42.369Z,2026-08-24T13:42:52.652Z,2950,2026-08-24T13:42:52.652Z,NLR,NLROBOT,8f1806c1-b1f2-4ac5-b25b-086fec51b8fb,SAMMS-NLROBOT
202608241333251433,202608241253387509,202608241253386616,88,5559,P1 Reference PreAdmission V6 Bronze - PH,br_samms_pre_admission_v6,TASK_COMPLETE,FAILED,ERROR,0,0,1,SavePreAdmissionV6 Bronze ForEach failed,2026-08-24T12:53:42.369Z,2026-08-24T13:42:52.652Z,2950,2026-08-24T13:42:52.652Z,PH,Phoenix,8f1806c1-b1f2-4ac5-b25b-086fec51b8fb,SAMMS-Phoenix
202608241333251435,202608241253387510,202608241253386616,88,5560,P1 Reference PreAdmission V6 Bronze - RE,br_samms_pre_admission_v6,TASK_COMPLETE,FAILED,ERROR,0,0,1,SavePreAdmissionV6 Bronze ForEach failed,2026-08-24T12:53:42.369Z,2026-08-24T13:42:52.652Z,2950,2026-08-24T13:42:52.652Z,RE,Reno,8f1806c1-b1f2-4ac5-b25b-086fec51b8fb,SAMMS-Reno
202608241333251437,202608241253387511,202608241253386616,88,5561,P1 Reference PreAdmission V6 Bronze - RMD,br_samms_pre_admission_v6,TASK_COMPLETE,FAILED,ERROR,0,0,1,SavePreAdmissionV6 Bronze ForEach failed,2026-08-24T12:53:42.369Z,2026-08-24T13:42:52.652Z,2950,2026-08-24T13:42:52.652Z,RMD,Richmond,8f1806c1-b1f2-4ac5-b25b-086fec51b8fb,SAMMS-Richmond
202608241333251438,202608241253387512,202608241253386616,88,5562,P1 Reference PreAdmission V6 Bronze - SFN,br_samms_pre_admission_v6,TASK_COMPLETE,FAILED,ERROR,0,0,1,SavePreAdmissionV6 Bronze ForEach failed,2026-08-24T12:53:42.369Z,2026-08-24T13:42:52.652Z,2950,2026-08-24T13:42:52.652Z,SFN,SFN,8f1806c1-b1f2-4ac5-b25b-086fec51b8fb,SAMMS-SFNv5
202608241333251440,202608241253387513,202608241253386616,88,5563,P1 Reference PreAdmission V6 Bronze - SHP,br_samms_pre_admission_v6,TASK_COMPLETE,FAILED,ERROR,0,0,1,SavePreAdmissionV6 Bronze ForEach failed,2026-08-24T12:53:42.369Z,2026-08-24T13:42:52.652Z,2950,2026-08-24T13:42:52.652Z,SHP,Shreveport,8f1806c1-b1f2-4ac5-b25b-086fec51b8fb,SAMMS-Shreveport
202608241333251442,202608241253387514,202608241253386616,88,5564,P1 Reference PreAdmission V6 Bronze - STN,br_samms_pre_admission_v6,TASK_COMPLETE,FAILED,ERROR,0,0,1,SavePreAdmissionV6 Bronze ForEach failed,2026-08-24T12:53:42.369Z,2026-08-24T13:42:52.652Z,2950,2026-08-24T13:42:52.652Z,STN,Staunton,8f1806c1-b1f2-4ac5-b25b-086fec51b8fb,SAMMS-Staunton
202608241333251444,202608241253387515,202608241253386616,88,5565,P1 Reference PreAdmission V6 Bronze - STVN,br_samms_pre_admission_v6,TASK_COMPLETE,FAILED,ERROR,0,0,1,SavePreAdmissionV6 Bronze ForEach failed,2026-08-24T12:53:42.369Z,2026-08-24T13:42:52.652Z,2950,2026-08-24T13:42:52.652Z,STVN,Stevenson,8f1806c1-b1f2-4ac5-b25b-086fec51b8fb,SAMMS-Stevenson
202608241333251445,202608241253387516,202608241253386616,88,5566,P1 Reference PreAdmission V6 Bronze - TE,br_samms_pre_admission_v6,TASK_COMPLETE,FAILED,ERROR,0,0,1,SavePreAdmissionV6 Bronze ForEach failed,2026-08-24T12:53:42.369Z,2026-08-24T13:42:52.652Z,2950,2026-08-24T13:42:52.652Z,TE,Tempe,8f1806c1-b1f2-4ac5-b25b-086fec51b8fb,SAMMS-Tempe
202608241333251447,202608241253387517,202608241253386616,88,5567,P1 Reference PreAdmission V6 Bronze - TEX,br_samms_pre_admission_v6,TASK_COMPLETE,FAILED,ERROR,0,0,1,SavePreAdmissionV6 Bronze ForEach failed,2026-08-24T12:53:42.369Z,2026-08-24T13:42:52.652Z,2950,2026-08-24T13:42:52.652Z,TEX,Texarkana,8f1806c1-b1f2-4ac5-b25b-086fec51b8fb,SAMMS-Texarkana
202608241333251449,202608241253387518,202608241253386616,88,5568,P1 Reference PreAdmission V6 Bronze - TTCA,br_samms_pre_admission_v6,TASK_COMPLETE,FAILED,ERROR,0,0,1,SavePreAdmissionV6 Bronze ForEach failed,2026-08-24T12:53:42.369Z,2026-08-24T13:42:52.652Z,2950,2026-08-24T13:42:52.652Z,TTCA,Bessemer,8f1806c1-b1f2-4ac5-b25b-086fec51b8fb,SAMMS-BessemerV5
202608241333251451,202608241253387519,202608241253386616,88,5569,P1 Reference PreAdmission V6 Bronze - TTCB,br_samms_pre_admission_v6,TASK_COMPLETE,FAILED,ERROR,0,0,1,SavePreAdmissionV6 Bronze ForEach failed,2026-08-24T12:53:42.369Z,2026-08-24T13:42:52.652Z,2950,2026-08-24T13:42:52.652Z,TTCB,Cullman,8f1806c1-b1f2-4ac5-b25b-086fec51b8fb,SAMMS-CullmanV5
202608241333251453,202608241253387520,202608241253386616,88,5570,P1 Reference PreAdmission V6 Bronze - TTCC,br_samms_pre_admission_v6,TASK_COMPLETE,FAILED,ERROR,0,0,1,SavePreAdmissionV6 Bronze ForEach failed,2026-08-24T12:53:42.369Z,2026-08-24T13:42:52.652Z,2950,2026-08-24T13:42:52.652Z,TTCC,GrandBay,8f1806c1-b1f2-4ac5-b25b-086fec51b8fb,SAMMS-GrandBay
202608241448407274,202608241408172693,202608241408171802,88,5557,P1 Reference PreAdmission V6 Bronze - NC,br_samms_pre_admission_v6,TASK_COMPLETE,FAILED,ERROR,0,0,1,SavePreAdmissionV6 Bronze ForEach failed,2026-08-24T14:08:21.733Z,2026-08-24T15:03:37.584Z,3316,2026-08-24T15:03:37.584Z,NC,NorthCharleston,6c7532c9-dcb1-40a3-beaa-690039713dec,SAMMS-NorthCharleston
202608241448407276,202608241408172694,202608241408171802,88,5558,P1 Reference PreAdmission V6 Bronze - NLR,br_samms_pre_admission_v6,TASK_COMPLETE,FAILED,ERROR,0,0,1,SavePreAdmissionV6 Bronze ForEach failed,2026-08-24T14:08:21.733Z,2026-08-24T15:03:37.584Z,3316,2026-08-24T15:03:37.584Z,NLR,NLROBOT,6c7532c9-dcb1-40a3-beaa-690039713dec,SAMMS-NLROBOT
202608241448407278,202608241408172695,202608241408171802,88,5559,P1 Reference PreAdmission V6 Bronze - PH,br_samms_pre_admission_v6,TASK_COMPLETE,FAILED,ERROR,0,0,1,SavePreAdmissionV6 Bronze ForEach failed,2026-08-24T14:08:21.733Z,2026-08-24T15:03:37.584Z,3316,2026-08-24T15:03:37.584Z,PH,Phoenix,6c7532c9-dcb1-40a3-beaa-690039713dec,SAMMS-Phoenix
202608241448407279,202608241408172696,202608241408171802,88,5560,P1 Reference PreAdmission V6 Bronze - RE,br_samms_pre_admission_v6,TASK_COMPLETE,FAILED,ERROR,0,0,1,SavePreAdmissionV6 Bronze ForEach failed,2026-08-24T14:08:21.733Z,2026-08-24T15:03:37.584Z,3316,2026-08-24T15:03:37.584Z,RE,Reno,6c7532c9-dcb1-40a3-beaa-690039713dec,SAMMS-Reno
202608241448407282,202608241408172697,202608241408171802,88,5561,P1 Reference PreAdmission V6 Bronze - RMD,br_samms_pre_admission_v6,TASK_COMPLETE,FAILED,ERROR,0,0,1,SavePreAdmissionV6 Bronze ForEach failed,2026-08-24T14:08:21.733Z,2026-08-24T15:03:37.584Z,3316,2026-08-24T15:03:37.584Z,RMD,Richmond,6c7532c9-dcb1-40a3-beaa-690039713dec,SAMMS-Richmond
202608241448407283,202608241408172698,202608241408171802,88,5562,P1 Reference PreAdmission V6 Bronze - SFN,br_samms_pre_admission_v6,TASK_COMPLETE,FAILED,ERROR,0,0,1,SavePreAdmissionV6 Bronze ForEach failed,2026-08-24T14:08:21.733Z,2026-08-24T15:03:37.584Z,3316,2026-08-24T15:03:37.584Z,SFN,SFN,6c7532c9-dcb1-40a3-beaa-690039713dec,SAMMS-SFNv5
202608241448407285,202608241408172699,202608241408171802,88,5563,P1 Reference PreAdmission V6 Bronze - SHP,br_samms_pre_admission_v6,TASK_COMPLETE,FAILED,ERROR,0,0,1,SavePreAdmissionV6 Bronze ForEach failed,2026-08-24T14:08:21.733Z,2026-08-24T15:03:37.584Z,3316,2026-08-24T15:03:37.584Z,SHP,Shreveport,6c7532c9-dcb1-40a3-beaa-690039713dec,SAMMS-Shreveport
202608241448407287,202608241408172700,202608241408171802,88,5564,P1 Reference PreAdmission V6 Bronze - STN,br_samms_pre_admission_v6,TASK_COMPLETE,FAILED,ERROR,0,0,1,SavePreAdmissionV6 Bronze ForEach failed,2026-08-24T14:08:21.733Z,2026-08-24T15:03:37.584Z,3316,2026-08-24T15:03:37.584Z,STN,Staunton,6c7532c9-dcb1-40a3-beaa-690039713dec,SAMMS-Staunton
202608241448407289,202608241408172701,202608241408171802,88,5565,P1 Reference PreAdmission V6 Bronze - STVN,br_samms_pre_admission_v6,TASK_COMPLETE,FAILED,ERROR,0,0,1,SavePreAdmissionV6 Bronze ForEach failed,2026-08-24T14:08:21.733Z,2026-08-24T15:03:37.584Z,3316,2026-08-24T15:03:37.584Z,STVN,Stevenson,6c7532c9-dcb1-40a3-beaa-690039713dec,SAMMS-Stevenson
202608241448407291,202608241408172702,202608241408171802,88,5566,P1 Reference PreAdmission V6 Bronze - TE,br_samms_pre_admission_v6,TASK_COMPLETE,FAILED,ERROR,0,0,1,SavePreAdmissionV6 Bronze ForEach failed,2026-08-24T14:08:21.733Z,2026-08-24T15:03:37.584Z,3316,2026-08-24T15:03:37.584Z,TE,Tempe,6c7532c9-dcb1-40a3-beaa-690039713dec,SAMMS-Tempe
202608241448407293,202608241408172703,202608241408171802,88,5567,P1 Reference PreAdmission V6 Bronze - TEX,br_samms_pre_admission_v6,TASK_COMPLETE,FAILED,ERROR,0,0,1,SavePreAdmissionV6 Bronze ForEach failed,2026-08-24T14:08:21.733Z,2026-08-24T15:03:37.584Z,3316,2026-08-24T15:03:37.584Z,TEX,Texarkana,6c7532c9-dcb1-40a3-beaa-690039713dec,SAMMS-Texarkana
202608241448407295,202608241408172704,202608241408171802,88,5568,P1 Reference PreAdmission V6 Bronze - TTCA,br_samms_pre_admission_v6,TASK_COMPLETE,FAILED,ERROR,0,0,1,SavePreAdmissionV6 Bronze ForEach failed,2026-08-24T14:08:21.733Z,2026-08-24T15:03:37.584Z,3316,2026-08-24T15:03:37.584Z,TTCA,Bessemer,6c7532c9-dcb1-40a3-beaa-690039713dec,SAMMS-BessemerV5
202608241448407297,202608241408172705,202608241408171802,88,5569,P1 Reference PreAdmission V6 Bronze - TTCB,br_samms_pre_admission_v6,TASK_COMPLETE,FAILED,ERROR,0,0,1,SavePreAdmissionV6 Bronze ForEach failed,2026-08-24T14:08:21.733Z,2026-08-24T15:03:37.584Z,3316,2026-08-24T15:03:37.584Z,TTCB,Cullman,6c7532c9-dcb1-40a3-beaa-690039713dec,SAMMS-CullmanV5
202608241448407299,202608241408172706,202608241408171802,88,5570,P1 Reference PreAdmission V6 Bronze - TTCC,br_samms_pre_admission_v6,TASK_COMPLETE,FAILED,ERROR,0,0,1,SavePreAdmissionV6 Bronze ForEach failed,2026-08-24T14:08:21.733Z,2026-08-24T15:03:37.584Z,3316,2026-08-24T15:03:37.584Z,TTCC,GrandBay,6c7532c9-dcb1-40a3-beaa-690039713dec,SAMMS-GrandBay
202608241448405982,202608241408172031,202608241408171802,88,4882,P1 Reference 3P Setup Bronze - VBRP,br_samms_3p_setup,TASK_COMPLETE,FAILED,ERROR,0,0,1,Save3pSetup Bronze ForEach failed,2026-08-24T14:08:21.733Z,2026-08-24T15:03:37.584Z,3316,2026-08-24T15:03:37.584Z,VBRP,BrooklynPark,6c7532c9-dcb1-40a3-beaa-690039713dec,SAMMS-BrooklynParkV6
202608241448405984,202608241408172032,202608241408171802,88,4883,P1 Reference 3P Setup Bronze - VMIN,br_samms_3p_setup,TASK_COMPLETE,FAILED,ERROR,0,0,1,Save3pSetup Bronze ForEach failed,2026-08-24T14:08:21.733Z,2026-08-24T15:03:37.584Z,3316,2026-08-24T15:03:37.584Z,VMIN,Minneapolis,6c7532c9-dcb1-40a3-beaa-690039713dec,SAMMS-MinneapolisV6
202608241448405986,202608241408172033,202608241408171802,88,4884,P1 Reference 3P Setup Bronze - VWBY,br_samms_3p_setup,TASK_COMPLETE,FAILED,ERROR,0,0,1,Save3pSetup Bronze ForEach failed,2026-08-24T14:08:21.733Z,2026-08-24T15:03:37.584Z,3316,2026-08-24T15:03:37.584Z,VWBY,Woodbury,6c7532c9-dcb1-40a3-beaa-690039713dec,SAMMS-WoodburyV6
202608241448405988,202608241408172034,202608241408171802,88,4885,P1 Reference 3P Setup Bronze - WIL,br_samms_3p_setup,TASK_COMPLETE,FAILED,ERROR,0,0,1,Save3pSetup Bronze ForEach failed,2026-08-24T14:08:21.733Z,2026-08-24T15:03:37.584Z,3316,2026-08-24T15:03:37.584Z,WIL,Wilson,6c7532c9-dcb1-40a3-beaa-690039713dec,SAMMS-Wilson
202608241448406090,202608241408271804,202608241408271802,89,4886,P1 Reference 3P Setup Silver,tbl_3PSETUP,TASK_COMPLETE,SKIPPED,WARN,0,0,0,Skipped: Save3pSetup failed at BR,2026-08-24T14:08:21.733Z,2026-08-24T15:03:37.584Z,3316,2026-08-24T15:03:37.584Z,,,6c7532c9-dcb1-40a3-beaa-690039713dec,
202608241448405998,202608241408171803,202608241408171802,88,4653,P1 Reference Clinic Bronze - AHK,br_samms_clinic,TASK_COMPLETE,SUCCESS,INFO,1,1,0,,2026-08-24T14:08:21.733Z,2026-08-24T15:03:37.584Z,3316,2026-08-24T15:03:37.584Z,AHK,Ahoskie,6c7532c9-dcb1-40a3-beaa-690039713dec,SAMMS-Ahoskie
202608241448405999,202608241408171804,202608241408171802,88,4654,P1 Reference Clinic Bronze - B12B,br_samms_clinic,TASK_COMPLETE,SUCCESS,INFO,1,1,0,,2026-08-24T14:08:21.733Z,2026-08-24T15:03:37.584Z,3316,2026-08-24T15:03:37.584Z,B12B,ColoradoSprings,6c7532c9-dcb1-40a3-beaa-690039713dec,SAMMS-ColoradoSpringsV5
202608241448406000,202608241408171805,202608241408171802,88,4655,P1 Reference Clinic Bronze - B24,br_samms_clinic,TASK_COMPLETE,SUCCESS,INFO,1,1,0,,2026-08-24T14:08:21.733Z,2026-08-24T15:03:37.584Z,3316,2026-08-24T15:03:37.584Z,B24,Paintsville,6c7532c9-dcb1-40a3-beaa-690039713dec,SAMMS-PaintsvilleV5
202608241448406001,202608241408171806,202608241408171802,88,4656,P1 Reference Clinic Bronze - B25,br_samms_clinic,TASK_COMPLETE,SUCCESS,INFO,1,1,0,,2026-08-24T14:08:21.733Z,2026-08-24T15:03:37.584Z,3316,2026-08-24T15:03:37.584Z,B25,Pikeville,6c7532c9-dcb1-40a3-beaa-690039713dec,SAMMS-PikevilleV5
202608241448406002,202608241408171807,202608241408171802,88,4657,P1 Reference Clinic Bronze - B26,br_samms_clinic,TASK_COMPLETE,SUCCESS,INFO,1,1,0,,2026-08-24T14:08:21.733Z,2026-08-24T15:03:37.584Z,3316,2026-08-24T15:03:37.584Z,B26,Hazard,6c7532c9-dcb1-40a3-beaa-690039713dec,SAMMS-HazardV5
202608241448406003,202608241408171808,202608241408171802,88,4658,P1 Reference Clinic Bronze - B27,br_samms_clinic,TASK_COMPLETE,SUCCESS,INFO,1,1,0,,2026-08-24T14:08:21.733Z,2026-08-24T15:03:37.584Z,3316,2026-08-24T15:03:37.584Z,B27,Savannah,6c7532c9-dcb1-40a3-beaa-690039713dec,SAMMS-SavannahV6
202608241448406005,202608241408171809,202608241408171802,88,4659,P1 Reference Clinic Bronze - B28,br_samms_clinic,TASK_COMPLETE,SUCCESS,INFO,1,1,0,,2026-08-24T14:08:21.733Z,2026-08-24T15:03:37.584Z,3316,2026-08-24T15:03:37.584Z,B28,WestPlaines,6c7532c9-dcb1-40a3-beaa-690039713dec,SAMMS-WestPlainesV5
202608241448406006,202608241408171810,202608241408171802,88,4660,P1 Reference Clinic Bronze - B29,br_samms_clinic,TASK_COMPLETE,SUCCESS,INFO,1,1,0,,2026-08-24T14:08:21.733Z,2026-08-24T15:03:37.584Z,3316,2026-08-24T15:03:37.584Z,B29,PoplarBluff,6c7532c9-dcb1-40a3-beaa-690039713dec,SAMMS-PoplarBluffV5
202608241448406007,202608241408171811,202608241408171802,88,4661,P1 Reference Clinic Bronze - B30,br_samms_clinic,TASK_COMPLETE,SUCCESS,INFO,1,1,0,,2026-08-24T14:08:21.733Z,2026-08-24T15:03:37.584Z,3316,2026-08-24T15:03:37.584Z,B30,KCN,6c7532c9-dcb1-40a3-beaa-690039713dec,SAMMS-KCNv5
202608241333250143,202608241253386845,202608241253386616,88,4882,P1 Reference 3P Setup Bronze - VBRP,br_samms_3p_setup,TASK_COMPLETE,FAILED,ERROR,0,0,1,Save3pSetup Bronze ForEach failed,2026-08-24T12:53:42.369Z,2026-08-24T13:42:52.652Z,2950,2026-08-24T13:42:52.652Z,VBRP,BrooklynPark,8f1806c1-b1f2-4ac5-b25b-086fec51b8fb,SAMMS-BrooklynParkV6
202608241333250145,202608241253386846,202608241253386616,88,4883,P1 Reference 3P Setup Bronze - VMIN,br_samms_3p_setup,TASK_COMPLETE,FAILED,ERROR,0,0,1,Save3pSetup Bronze ForEach failed,2026-08-24T12:53:42.369Z,2026-08-24T13:42:52.652Z,2950,2026-08-24T13:42:52.652Z,VMIN,Minneapolis,8f1806c1-b1f2-4ac5-b25b-086fec51b8fb,SAMMS-MinneapolisV6
202608241333250147,202608241253386847,202608241253386616,88,4884,P1 Reference 3P Setup Bronze - VWBY,br_samms_3p_setup,TASK_COMPLETE,FAILED,ERROR,0,0,1,Save3pSetup Bronze ForEach failed,2026-08-24T12:53:42.369Z,2026-08-24T13:42:52.652Z,2950,2026-08-24T13:42:52.652Z,VWBY,Woodbury,8f1806c1-b1f2-4ac5-b25b-086fec51b8fb,SAMMS-WoodburyV6
202608241333250149,202608241253386848,202608241253386616,88,4885,P1 Reference 3P Setup Bronze - WIL,br_samms_3p_setup,TASK_COMPLETE,FAILED,ERROR,0,0,1,Save3pSetup Bronze ForEach failed,2026-08-24T12:53:42.369Z,2026-08-24T13:42:52.652Z,2950,2026-08-24T13:42:52.652Z,WIL,Wilson,8f1806c1-b1f2-4ac5-b25b-086fec51b8fb,SAMMS-Wilson
202608241333250250,202608241253486618,202608241253486616,89,4886,P1 Reference 3P Setup Silver,tbl_3PSETUP,TASK_COMPLETE,SKIPPED,WARN,0,0,0,Skipped: Save3pSetup failed at BR,2026-08-24T12:53:42.369Z,2026-08-24T13:42:52.652Z,2950,2026-08-24T13:42:52.652Z,,,8f1806c1-b1f2-4ac5-b25b-086fec51b8fb,
202608241333250159,202608241253386617,202608241253386616,88,4653,P1 Reference Clinic Bronze - AHK,br_samms_clinic,TASK_COMPLETE,SUCCESS,INFO,1,1,0,,2026-08-24T12:53:42.369Z,2026-08-24T13:42:52.652Z,2950,2026-08-24T13:42:52.652Z,AHK,Ahoskie,8f1806c1-b1f2-4ac5-b25b-086fec51b8fb,SAMMS-Ahoskie
202608241333250161,202608241253386618,202608241253386616,88,4654,P1 Reference Clinic Bronze - B12B,br_samms_clinic,TASK_COMPLETE,SUCCESS,INFO,1,1,0,,2026-08-24T12:53:42.369Z,2026-08-24T13:42:52.652Z,2950,2026-08-24T13:42:52.652Z,B12B,ColoradoSprings,8f1806c1-b1f2-4ac5-b25b-086fec51b8fb,SAMMS-ColoradoSpringsV5
202608241333250162,202608241253386619,202608241253386616,88,4655,P1 Reference Clinic Bronze - B24,br_samms_clinic,TASK_COMPLETE,SUCCESS,INFO,1,1,0,,2026-08-24T12:53:42.369Z,2026-08-24T13:42:52.652Z,2950,2026-08-24T13:42:52.652Z,B24,Paintsville,8f1806c1-b1f2-4ac5-b25b-086fec51b8fb,SAMMS-PaintsvilleV5
202608241333250163,202608241253386620,202608241253386616,88,4656,P1 Reference Clinic Bronze - B25,br_samms_clinic,TASK_COMPLETE,SUCCESS,INFO,1,1,0,,2026-08-24T12:53:42.369Z,2026-08-24T13:42:52.652Z,2950,2026-08-24T13:42:52.652Z,B25,Pikeville,8f1806c1-b1f2-4ac5-b25b-086fec51b8fb,SAMMS-PikevilleV5
202608241333250164,202608241253386621,202608241253386616,88,4657,P1 Reference Clinic Bronze - B26,br_samms_clinic,TASK_COMPLETE,SUCCESS,INFO,1,1,0,,2026-08-24T12:53:42.369Z,2026-08-24T13:42:52.652Z,2950,2026-08-24T13:42:52.652Z,B26,Hazard,8f1806c1-b1f2-4ac5-b25b-086fec51b8fb,SAMMS-HazardV5
202608241333250165,202608241253386622,202608241253386616,88,4658,P1 Reference Clinic Bronze - B27,br_samms_clinic,TASK_COMPLETE,SUCCESS,INFO,1,1,0,,2026-08-24T12:53:42.369Z,2026-08-24T13:42:52.652Z,2950,2026-08-24T13:42:52.652Z,B27,Savannah,8f1806c1-b1f2-4ac5-b25b-086fec51b8fb,SAMMS-SavannahV6
202608241333250166,202608241253386623,202608241253386616,88,4659,P1 Reference Clinic Bronze - B28,br_samms_clinic,TASK_COMPLETE,SUCCESS,INFO,1,1,0,,2026-08-24T12:53:42.369Z,2026-08-24T13:42:52.652Z,2950,2026-08-24T13:42:52.652Z,B28,WestPlaines,8f1806c1-b1f2-4ac5-b25b-086fec51b8fb,SAMMS-WestPlainesV5
202608241333250168,202608241253386624,202608241253386616,88,4660,P1 Reference Clinic Bronze - B29,br_samms_clinic,TASK_COMPLETE,SUCCESS,INFO,1,1,0,,2026-08-24T12:53:42.369Z,2026-08-24T13:42:52.652Z,2950,2026-08-24T13:42:52.652Z,B29,PoplarBluff,8f1806c1-b1f2-4ac5-b25b-086fec51b8fb,SAMMS-PoplarBluffV5
202608241333250169,202608241253386625,202608241253386616,88,4661,P1 Reference Clinic Bronze - B30,br_samms_clinic,TASK_COMPLETE,SUCCESS,INFO,1,1,0,,2026-08-24T12:53:42.369Z,2026-08-24T13:42:52.652Z,2950,2026-08-24T13:42:52.652Z,B30,KCN,8f1806c1-b1f2-4ac5-b25b-086fec51b8fb,SAMMS-KCNv5
202608241333251635,202608241253387053,202608241253386616,88,5094,P1 Reference Services Bronze - TE,br_samms_services,TASK_COMPLETE,FAILED,ERROR,0,0,1,SaveServices Bronze ForEach failed,2026-08-24T12:53:42.369Z,2026-08-24T13:42:52.652Z,2950,2026-08-24T13:42:52.652Z,TE,Tempe,8f1806c1-b1f2-4ac5-b25b-086fec51b8fb,SAMMS-Tempe
202608241333251637,202608241253387054,202608241253386616,88,5095,P1 Reference Services Bronze - TEX,br_samms_services,TASK_COMPLETE,FAILED,ERROR,0,0,1,SaveServices Bronze ForEach failed,2026-08-24T12:53:42.369Z,2026-08-24T13:42:52.652Z,2950,2026-08-24T13:42:52.652Z,TEX,Texarkana,8f1806c1-b1f2-4ac5-b25b-086fec51b8fb,SAMMS-Texarkana
202608241333251639,202608241253387055,202608241253386616,88,5096,P1 Reference Services Bronze - TTCA,br_samms_services,TASK_COMPLETE,FAILED,ERROR,0,0,1,SaveServices Bronze ForEach failed,2026-08-24T12:53:42.369Z,2026-08-24T13:42:52.652Z,2950,2026-08-24T13:42:52.652Z,TTCA,Bessemer,8f1806c1-b1f2-4ac5-b25b-086fec51b8fb,SAMMS-BessemerV5
202608241333251641,202608241253387056,202608241253386616,88,5097,P1 Reference Services Bronze - TTCB,br_samms_services,TASK_COMPLETE,FAILED,ERROR,0,0,1,SaveServices Bronze ForEach failed,2026-08-24T12:53:42.369Z,2026-08-24T13:42:52.652Z,2950,2026-08-24T13:42:52.652Z,TTCB,Cullman,8f1806c1-b1f2-4ac5-b25b-086fec51b8fb,SAMMS-CullmanV5
202608241333251642,202608241253387057,202608241253386616,88,5098,P1 Reference Services Bronze - TTCC,br_samms_services,TASK_COMPLETE,FAILED,ERROR,0,0,1,SaveServices Bronze ForEach failed,2026-08-24T12:53:42.369Z,2026-08-24T13:42:52.652Z,2950,2026-08-24T13:42:52.652Z,TTCC,GrandBay,8f1806c1-b1f2-4ac5-b25b-086fec51b8fb,SAMMS-GrandBay
202608241333251644,202608241253387058,202608241253386616,88,5099,P1 Reference Services Bronze - TU,br_samms_services,TASK_COMPLETE,FAILED,ERROR,0,0,1,SaveServices Bronze ForEach failed,2026-08-24T12:53:42.369Z,2026-08-24T13:42:52.652Z,2950,2026-08-24T13:42:52.652Z,TU,Tucson,8f1806c1-b1f2-4ac5-b25b-086fec51b8fb,SAMMS-Tucson
202608241333251646,202608241253387059,202608241253386616,88,5100,P1 Reference Services Bronze - V1,br_samms_services,TASK_COMPLETE,FAILED,ERROR,0,0,1,SaveServices Bronze ForEach failed,2026-08-24T12:53:42.369Z,2026-08-24T13:42:52.652Z,2950,2026-08-24T13:42:52.652Z,V1,VCPHCS-I-Memphis,8f1806c1-b1f2-4ac5-b25b-086fec51b8fb,SAMMS-VCPHCS-I-MemphisV5
202608241333251648,202608241253387060,202608241253386616,88,5101,P1 Reference Services Bronze - V10,br_samms_services,TASK_COMPLETE,FAILED,ERROR,0,0,1,SaveServices Bronze ForEach failed,2026-08-24T12:53:42.369Z,2026-08-24T13:42:52.652Z,2950,2026-08-24T13:42:52.652Z,V10,Boulder,8f1806c1-b1f2-4ac5-b25b-086fec51b8fb,SAMMS-BoulderV5
202608241333251650,202608241253387061,202608241253386616,88,5102,P1 Reference Services Bronze - V10A,br_samms_services,TASK_COMPLETE,FAILED,ERROR,0,0,1,SaveServices Bronze ForEach failed,2026-08-24T12:53:42.369Z,2026-08-24T13:42:52.652Z,2950,2026-08-24T13:42:52.652Z,V10A,FortCollins,8f1806c1-b1f2-4ac5-b25b-086fec51b8fb,SAMMS-FortCollinsV5
202608241333251652,202608241253387062,202608241253386616,88,5103,P1 Reference Services Bronze - V11,br_samms_services,TASK_COMPLETE,FAILED,ERROR,0,0,1,SaveServices Bronze ForEach failed,2026-08-24T12:53:42.369Z,2026-08-24T13:42:52.652Z,2950,2026-08-24T13:42:52.652Z,V11,VCPHCS-XI-NorthDenver,8f1806c1-b1f2-4ac5-b25b-086fec51b8fb,SAMMS-VCPHCS-XI-NorthDenverV5
202608241333251654,202608241253387063,202608241253386616,88,5104,P1 Reference Services Bronze - V12,br_samms_services,TASK_COMPLETE,FAILED,ERROR,0,0,1,SaveServices Bronze ForEach failed,2026-08-24T12:53:42.369Z,2026-08-24T13:42:52.652Z,2950,2026-08-24T13:42:52.652Z,V12,VCPHCS-XII-DowntownDenver,8f1806c1-b1f2-4ac5-b25b-086fec51b8fb,SAMMS-VCPHCS-XII-DowntownDenverV5
202608241333251656,202608241253387064,202608241253386616,88,5105,P1 Reference Services Bronze - V12A,br_samms_services,TASK_COMPLETE,FAILED,ERROR,0,0,1,SaveServices Bronze ForEach failed,2026-08-24T12:53:42.369Z,2026-08-24T13:42:52.652Z,2950,2026-08-24T13:42:52.652Z,V12A,Centennial,8f1806c1-b1f2-4ac5-b25b-086fec51b8fb,SAMMS-CentennialV5
202608241333251657,202608241253387065,202608241253386616,88,5106,P1 Reference Services Bronze - V14,br_samms_services,TASK_COMPLETE,FAILED,ERROR,0,0,1,SaveServices Bronze ForEach failed,2026-08-24T12:53:42.369Z,2026-08-24T13:42:52.652Z,2950,2026-08-24T13:42:52.652Z,V14,VCPHCS-XIV-Bridgeway,8f1806c1-b1f2-4ac5-b25b-086fec51b8fb,SAMMS-VCPHCS-XIV-BridgewayV5
202608241333251659,202608241253387066,202608241253386616,88,5107,P1 Reference Services Bronze - V15,br_samms_services,TASK_COMPLETE,FAILED,ERROR,0,0,1,SaveServices Bronze ForEach failed,2026-08-24T12:53:42.369Z,2026-08-24T13:42:52.652Z,2950,2026-08-24T13:42:52.652Z,V15,Joplin,8f1806c1-b1f2-4ac5-b25b-086fec51b8fb,SAMMS-JoplinV5
202608241448407501,202608241408172239,202608241408171802,88,5094,P1 Reference Services Bronze - TE,br_samms_services,TASK_COMPLETE,FAILED,ERROR,0,0,1,SaveServices Bronze ForEach failed,2026-08-24T14:08:21.733Z,2026-08-24T15:03:37.584Z,3316,2026-08-24T15:03:37.584Z,TE,Tempe,6c7532c9-dcb1-40a3-beaa-690039713dec,SAMMS-Tempe
202608241448407502,202608241408172240,202608241408171802,88,5095,P1 Reference Services Bronze - TEX,br_samms_services,TASK_COMPLETE,FAILED,ERROR,0,0,1,SaveServices Bronze ForEach failed,2026-08-24T14:08:21.733Z,2026-08-24T15:03:37.584Z,3316,2026-08-24T15:03:37.584Z,TEX,Texarkana,6c7532c9-dcb1-40a3-beaa-690039713dec,SAMMS-Texarkana
202608241448407504,202608241408172241,202608241408171802,88,5096,P1 Reference Services Bronze - TTCA,br_samms_services,TASK_COMPLETE,FAILED,ERROR,0,0,1,SaveServices Bronze ForEach failed,2026-08-24T14:08:21.733Z,2026-08-24T15:03:37.584Z,3316,2026-08-24T15:03:37.584Z,TTCA,Bessemer,6c7532c9-dcb1-40a3-beaa-690039713dec,SAMMS-BessemerV5
202608241448407506,202608241408172242,202608241408171802,88,5097,P1 Reference Services Bronze - TTCB,br_samms_services,TASK_COMPLETE,FAILED,ERROR,0,0,1,SaveServices Bronze ForEach failed,2026-08-24T14:08:21.733Z,2026-08-24T15:03:37.584Z,3316,2026-08-24T15:03:37.584Z,TTCB,Cullman,6c7532c9-dcb1-40a3-beaa-690039713dec,SAMMS-CullmanV5
202608241448407508,202608241408172243,202608241408171802,88,5098,P1 Reference Services Bronze - TTCC,br_samms_services,TASK_COMPLETE,FAILED,ERROR,0,0,1,SaveServices Bronze ForEach failed,2026-08-24T14:08:21.733Z,2026-08-24T15:03:37.584Z,3316,2026-08-24T15:03:37.584Z,TTCC,GrandBay,6c7532c9-dcb1-40a3-beaa-690039713dec,SAMMS-GrandBay
202608241448407510,202608241408172244,202608241408171802,88,5099,P1 Reference Services Bronze - TU,br_samms_services,TASK_COMPLETE,FAILED,ERROR,0,0,1,SaveServices Bronze ForEach failed,2026-08-24T14:08:21.733Z,2026-08-24T15:03:37.584Z,3316,2026-08-24T15:03:37.584Z,TU,Tucson,6c7532c9-dcb1-40a3-beaa-690039713dec,SAMMS-Tucson
202608241448407512,202608241408172245,202608241408171802,88,5100,P1 Reference Services Bronze - V1,br_samms_services,TASK_COMPLETE,FAILED,ERROR,0,0,1,SaveServices Bronze ForEach failed,2026-08-24T14:08:21.733Z,2026-08-24T15:03:37.584Z,3316,2026-08-24T15:03:37.584Z,V1,VCPHCS-I-Memphis,6c7532c9-dcb1-40a3-beaa-690039713dec,SAMMS-VCPHCS-I-MemphisV5
202608241448407513,202608241408172246,202608241408171802,88,5101,P1 Reference Services Bronze - V10,br_samms_services,TASK_COMPLETE,FAILED,ERROR,0,0,1,SaveServices Bronze ForEach failed,2026-08-24T14:08:21.733Z,2026-08-24T15:03:37.584Z,3316,2026-08-24T15:03:37.584Z,V10,Boulder,6c7532c9-dcb1-40a3-beaa-690039713dec,SAMMS-BoulderV5
202608241448407515,202608241408172247,202608241408171802,88,5102,P1 Reference Services Bronze - V10A,br_samms_services,TASK_COMPLETE,FAILED,ERROR,0,0,1,SaveServices Bronze ForEach failed,2026-08-24T14:08:21.733Z,2026-08-24T15:03:37.584Z,3316,2026-08-24T15:03:37.584Z,V10A,FortCollins,6c7532c9-dcb1-40a3-beaa-690039713dec,SAMMS-FortCollinsV5
202608241448407517,202608241408172248,202608241408171802,88,5103,P1 Reference Services Bronze - V11,br_samms_services,TASK_COMPLETE,FAILED,ERROR,0,0,1,SaveServices Bronze ForEach failed,2026-08-24T14:08:21.733Z,2026-08-24T15:03:37.584Z,3316,2026-08-24T15:03:37.584Z,V11,VCPHCS-XI-NorthDenver,6c7532c9-dcb1-40a3-beaa-690039713dec,SAMMS-VCPHCS-XI-NorthDenverV5
202608241448407519,202608241408172249,202608241408171802,88,5104,P1 Reference Services Bronze - V12,br_samms_services,TASK_COMPLETE,FAILED,ERROR,0,0,1,SaveServices Bronze ForEach failed,2026-08-24T14:08:21.733Z,2026-08-24T15:03:37.584Z,3316,2026-08-24T15:03:37.584Z,V12,VCPHCS-XII-DowntownDenver,6c7532c9-dcb1-40a3-beaa-690039713dec,SAMMS-VCPHCS-XII-DowntownDenverV5
202608241448407521,202608241408172250,202608241408171802,88,5105,P1 Reference Services Bronze - V12A,br_samms_services,TASK_COMPLETE,FAILED,ERROR,0,0,1,SaveServices Bronze ForEach failed,2026-08-24T14:08:21.733Z,2026-08-24T15:03:37.584Z,3316,2026-08-24T15:03:37.584Z,V12A,Centennial,6c7532c9-dcb1-40a3-beaa-690039713dec,SAMMS-CentennialV5
202608241448407523,202608241408172251,202608241408171802,88,5106,P1 Reference Services Bronze - V14,br_samms_services,TASK_COMPLETE,FAILED,ERROR,0,0,1,SaveServices Bronze ForEach failed,2026-08-24T14:08:21.733Z,2026-08-24T15:03:37.584Z,3316,2026-08-24T15:03:37.584Z,V14,VCPHCS-XIV-Bridgeway,6c7532c9-dcb1-40a3-beaa-690039713dec,SAMMS-VCPHCS-XIV-BridgewayV5
202608241448407525,202608241408172252,202608241408171802,88,5107,P1 Reference Services Bronze - V15,br_samms_services,TASK_COMPLETE,FAILED,ERROR,0,0,1,SaveServices Bronze ForEach failed,2026-08-24T14:08:21.733Z,2026-08-24T15:03:37.584Z,3316,2026-08-24T15:03:37.584Z,V15,Joplin,6c7532c9-dcb1-40a3-beaa-690039713dec,SAMMS-JoplinV5
202608221320322150,202608221237332572,202608221237331665,88,5573,P1 Reference PreAdmission V6 Bronze - V10,br_samms_pre_admission_v6,TASK_COMPLETE,SUCCESS,INFO,265,265,0,,2026-08-22T12:37:36.805Z,2026-08-22T13:23:02.807Z,2726,2026-08-22T13:23:02.807Z,V10,Boulder,63818914-9c2b-4ff6-ac1c-35595835ab93,SAMMS-BoulderV5
202608221320322152,202608221237332573,202608221237331665,88,5574,P1 Reference PreAdmission V6 Bronze - V10A,br_samms_pre_admission_v6,TASK_COMPLETE,SUCCESS,INFO,490,490,0,,2026-08-22T12:37:36.805Z,2026-08-22T13:23:02.807Z,2726,2026-08-22T13:23:02.807Z,V10A,FortCollins,63818914-9c2b-4ff6-ac1c-35595835ab93,SAMMS-FortCollinsV5
202608221320322154,202608221237332574,202608221237331665,88,5575,P1 Reference PreAdmission V6 Bronze - V11,br_samms_pre_admission_v6,TASK_COMPLETE,SUCCESS,INFO,400,400,0,,2026-08-22T12:37:36.805Z,2026-08-22T13:23:02.807Z,2726,2026-08-22T13:23:02.807Z,V11,VCPHCS-XI-NorthDenver,63818914-9c2b-4ff6-ac1c-35595835ab93,SAMMS-VCPHCS-XI-NorthDenverV5
202608221320322156,202608221237332575,202608221237331665,88,5576,P1 Reference PreAdmission V6 Bronze - V12,br_samms_pre_admission_v6,TASK_COMPLETE,SUCCESS,INFO,374,374,0,,2026-08-22T12:37:36.805Z,2026-08-22T13:23:02.807Z,2726,2026-08-22T13:23:02.807Z,V12,VCPHCS-XII-DowntownDenver,63818914-9c2b-4ff6-ac1c-35595835ab93,SAMMS-VCPHCS-XII-DowntownDenverV5
202608221320322158,202608221237332576,202608221237331665,88,5577,P1 Reference PreAdmission V6 Bronze - V12A,br_samms_pre_admission_v6,TASK_COMPLETE,SUCCESS,INFO,131,131,0,,2026-08-22T12:37:36.805Z,2026-08-22T13:23:02.807Z,2726,2026-08-22T13:23:02.807Z,V12A,Centennial,63818914-9c2b-4ff6-ac1c-35595835ab93,SAMMS-CentennialV5
202608221320322161,202608221237332577,202608221237331665,88,5578,P1 Reference PreAdmission V6 Bronze - V14,br_samms_pre_admission_v6,TASK_COMPLETE,SUCCESS,INFO,64,64,0,,2026-08-22T12:37:36.805Z,2026-08-22T13:23:02.807Z,2726,2026-08-22T13:23:02.807Z,V14,VCPHCS-XIV-Bridgeway,63818914-9c2b-4ff6-ac1c-35595835ab93,SAMMS-VCPHCS-XIV-BridgewayV5
202608221320322163,202608221237332578,202608221237331665,88,5579,P1 Reference PreAdmission V6 Bronze - V15,br_samms_pre_admission_v6,TASK_COMPLETE,SUCCESS,INFO,195,195,0,,2026-08-22T12:37:36.805Z,2026-08-22T13:23:02.807Z,2726,2026-08-22T13:23:02.807Z,V15,Joplin,63818914-9c2b-4ff6-ac1c-35595835ab93,SAMMS-JoplinV5
202608221320322165,202608221237332579,202608221237331665,88,5580,P1 Reference PreAdmission V6 Bronze - V17,br_samms_pre_admission_v6,TASK_COMPLETE,SUCCESS,INFO,127,127,0,,2026-08-22T12:37:36.805Z,2026-08-22T13:23:02.807Z,2726,2026-08-22T13:23:02.807Z,V17,ColumbiaTN,63818914-9c2b-4ff6-ac1c-35595835ab93,SAMMS-ColumbiaTNv5
202608221320322168,202608221237332580,202608221237331665,88,5581,P1 Reference PreAdmission V6 Bronze - V19,br_samms_pre_admission_v6,TASK_COMPLETE,SUCCESS,INFO,121,121,0,,2026-08-22T12:37:36.805Z,2026-08-22T13:23:02.807Z,2726,2026-08-22T13:23:02.807Z,V19,Jackson,63818914-9c2b-4ff6-ac1c-35595835ab93,SAMMS-JacksonV5
202608221320322170,202608221237332581,202608221237331665,88,5582,P1 Reference PreAdmission V6 Bronze - V20,br_samms_pre_admission_v6,TASK_COMPLETE,SUCCESS,INFO,142,142,0,,2026-08-22T12:37:36.805Z,2026-08-22T13:23:02.807Z,2726,2026-08-22T13:23:02.807Z,V20,Paris,63818914-9c2b-4ff6-ac1c-35595835ab93,SAMMS-ParisV5
202608221320322172,202608221237332582,202608221237331665,88,5583,P1 Reference PreAdmission V6 Bronze - V21,br_samms_pre_admission_v6,TASK_COMPLETE,SUCCESS,INFO,156,156,0,,2026-08-22T12:37:36.805Z,2026-08-22T13:23:02.807Z,2726,2026-08-22T13:23:02.807Z,V21,Raleigh,63818914-9c2b-4ff6-ac1c-35595835ab93,SAMMS-RaleighV5
202608221320322174,202608221237332583,202608221237331665,88,5584,P1 Reference PreAdmission V6 Bronze - V5,br_samms_pre_admission_v6,TASK_COMPLETE,SUCCESS,INFO,296,296,0,,2026-08-22T12:37:36.805Z,2026-08-22T13:23:02.807Z,2726,2026-08-22T13:23:02.807Z,V5,NONTC,63818914-9c2b-4ff6-ac1c-35595835ab93,SAMMS-NONTCv5
202608221320322177,202608221237332584,202608221237331665,88,5585,P1 Reference PreAdmission V6 Bronze - V5B,br_samms_pre_admission_v6,TASK_COMPLETE,SUCCESS,INFO,112,112,0,,2026-08-22T12:37:36.805Z,2026-08-22T13:23:02.807Z,2726,2026-08-22T13:23:02.807Z,V5B,Houma,63818914-9c2b-4ff6-ac1c-35595835ab93,SAMMS-HoumaV6
202608221320322179,202608221237332585,202608221237331665,88,5586,P1 Reference PreAdmission V6 Bronze - V6,br_samms_pre_admission_v6,TASK_COMPLETE,SUCCESS,INFO,443,443,0,,2026-08-22T12:37:36.805Z,2026-08-22T13:23:02.807Z,2726,2026-08-22T13:23:02.807Z,V6,LC,63818914-9c2b-4ff6-ac1c-35595835ab93,SAMMS-LCv5
202608221320322181,202608221237332586,202608221237331665,88,5587,P1 Reference PreAdmission V6 Bronze - V8,br_samms_pre_admission_v6,TASK_COMPLETE,SUCCESS,INFO,355,355,0,,2026-08-22T12:37:36.805Z,2026-08-22T13:23:02.807Z,2726,2026-08-22T13:23:02.807Z,V8,VCPHCS-VIII-Memphis,63818914-9c2b-4ff6-ac1c-35595835ab93,SAMMS-VCPHCS-VIII-MemphisV5
202608221320322184,202608221237332587,202608221237331665,88,5588,P1 Reference PreAdmission V6 Bronze - V9,br_samms_pre_admission_v6,TASK_COMPLETE,SUCCESS,INFO,747,747,0,,2026-08-22T12:37:36.805Z,2026-08-22T13:23:02.807Z,2726,2026-08-22T13:23:02.807Z,V9,Nashville,63818914-9c2b-4ff6-ac1c-35595835ab93,SAMMS-NashvilleV5
202608241448405928,202608241408172003,202608241408171802,88,4854,P1 Reference 3P Setup Bronze - SFN,br_samms_3p_setup,TASK_COMPLETE,FAILED,ERROR,0,0,1,Save3pSetup Bronze ForEach failed,2026-08-24T14:08:21.733Z,2026-08-24T15:03:37.584Z,3316,2026-08-24T15:03:37.584Z,SFN,SFN,6c7532c9-dcb1-40a3-beaa-690039713dec,SAMMS-SFNv5
202608241448405930,202608241408172004,202608241408171802,88,4855,P1 Reference 3P Setup Bronze - SHP,br_samms_3p_setup,TASK_COMPLETE,FAILED,ERROR,0,0,1,Save3pSetup Bronze ForEach failed,2026-08-24T14:08:21.733Z,2026-08-24T15:03:37.584Z,3316,2026-08-24T15:03:37.584Z,SHP,Shreveport,6c7532c9-dcb1-40a3-beaa-690039713dec,SAMMS-Shreveport
202608241448405931,202608241408172005,202608241408171802,88,4856,P1 Reference 3P Setup Bronze - STN,br_samms_3p_setup,TASK_COMPLETE,FAILED,ERROR,0,0,1,Save3pSetup Bronze ForEach failed,2026-08-24T14:08:21.733Z,2026-08-24T15:03:37.584Z,3316,2026-08-24T15:03:37.584Z,STN,Staunton,6c7532c9-dcb1-40a3-beaa-690039713dec,SAMMS-Staunton
202608241448405934,202608241408172006,202608241408171802,88,4857,P1 Reference 3P Setup Bronze - STVN,br_samms_3p_setup,TASK_COMPLETE,FAILED,ERROR,0,0,1,Save3pSetup Bronze ForEach failed,2026-08-24T14:08:21.733Z,2026-08-24T15:03:37.584Z,3316,2026-08-24T15:03:37.584Z,STVN,Stevenson,6c7532c9-dcb1-40a3-beaa-690039713dec,SAMMS-Stevenson
202608241448405936,202608241408172007,202608241408171802,88,4858,P1 Reference 3P Setup Bronze - TE,br_samms_3p_setup,TASK_COMPLETE,FAILED,ERROR,0,0,1,Save3pSetup Bronze ForEach failed,2026-08-24T14:08:21.733Z,2026-08-24T15:03:37.584Z,3316,2026-08-24T15:03:37.584Z,TE,Tempe,6c7532c9-dcb1-40a3-beaa-690039713dec,SAMMS-Tempe
202608241448405937,202608241408172008,202608241408171802,88,4859,P1 Reference 3P Setup Bronze - TEX,br_samms_3p_setup,TASK_COMPLETE,FAILED,ERROR,0,0,1,Save3pSetup Bronze ForEach failed,2026-08-24T14:08:21.733Z,2026-08-24T15:03:37.584Z,3316,2026-08-24T15:03:37.584Z,TEX,Texarkana,6c7532c9-dcb1-40a3-beaa-690039713dec,SAMMS-Texarkana
202608241448405939,202608241408172009,202608241408171802,88,4860,P1 Reference 3P Setup Bronze - TTCA,br_samms_3p_setup,TASK_COMPLETE,FAILED,ERROR,0,0,1,Save3pSetup Bronze ForEach failed,2026-08-24T14:08:21.733Z,2026-08-24T15:03:37.584Z,3316,2026-08-24T15:03:37.584Z,TTCA,Bessemer,6c7532c9-dcb1-40a3-beaa-690039713dec,SAMMS-BessemerV5
202608241448405941,202608241408172010,202608241408171802,88,4861,P1 Reference 3P Setup Bronze - TTCB,br_samms_3p_setup,TASK_COMPLETE,FAILED,ERROR,0,0,1,Save3pSetup Bronze ForEach failed,2026-08-24T14:08:21.733Z,2026-08-24T15:03:37.584Z,3316,2026-08-24T15:03:37.584Z,TTCB,Cullman,6c7532c9-dcb1-40a3-beaa-690039713dec,SAMMS-CullmanV5
202608241448405943,202608241408172011,202608241408171802,88,4862,P1 Reference 3P Setup Bronze - TTCC,br_samms_3p_setup,TASK_COMPLETE,FAILED,ERROR,0,0,1,Save3pSetup Bronze ForEach failed,2026-08-24T14:08:21.733Z,2026-08-24T15:03:37.584Z,3316,2026-08-24T15:03:37.584Z,TTCC,GrandBay,6c7532c9-dcb1-40a3-beaa-690039713dec,SAMMS-GrandBay
202608241448405945,202608241408172012,202608241408171802,88,4863,P1 Reference 3P Setup Bronze - TU,br_samms_3p_setup,TASK_COMPLETE,FAILED,ERROR,0,0,1,Save3pSetup Bronze ForEach failed,2026-08-24T14:08:21.733Z,2026-08-24T15:03:37.584Z,3316,2026-08-24T15:03:37.584Z,TU,Tucson,6c7532c9-dcb1-40a3-beaa-690039713dec,SAMMS-Tucson
202608241448405947,202608241408172013,202608241408171802,88,4864,P1 Reference 3P Setup Bronze - V1,br_samms_3p_setup,TASK_COMPLETE,FAILED,ERROR,0,0,1,Save3pSetup Bronze ForEach failed,2026-08-24T14:08:21.733Z,2026-08-24T15:03:37.584Z,3316,2026-08-24T15:03:37.584Z,V1,VCPHCS-I-Memphis,6c7532c9-dcb1-40a3-beaa-690039713dec,SAMMS-VCPHCS-I-MemphisV5
202608241448405948,202608241408172014,202608241408171802,88,4865,P1 Reference 3P Setup Bronze - V10,br_samms_3p_setup,TASK_COMPLETE,FAILED,ERROR,0,0,1,Save3pSetup Bronze ForEach failed,2026-08-24T14:08:21.733Z,2026-08-24T15:03:37.584Z,3316,2026-08-24T15:03:37.584Z,V10,Boulder,6c7532c9-dcb1-40a3-beaa-690039713dec,SAMMS-BoulderV5
202608241448405950,202608241408172015,202608241408171802,88,4866,P1 Reference 3P Setup Bronze - V10A,br_samms_3p_setup,TASK_COMPLETE,FAILED,ERROR,0,0,1,Save3pSetup Bronze ForEach failed,2026-08-24T14:08:21.733Z,2026-08-24T15:03:37.584Z,3316,2026-08-24T15:03:37.584Z,V10A,FortCollins,6c7532c9-dcb1-40a3-beaa-690039713dec,SAMMS-FortCollinsV5
202608241448405952,202608241408172016,202608241408171802,88,4867,P1 Reference 3P Setup Bronze - V11,br_samms_3p_setup,TASK_COMPLETE,FAILED,ERROR,0,0,1,Save3pSetup Bronze ForEach failed,2026-08-24T14:08:21.733Z,2026-08-24T15:03:37.584Z,3316,2026-08-24T15:03:37.584Z,V11,VCPHCS-XI-NorthDenver,6c7532c9-dcb1-40a3-beaa-690039713dec,SAMMS-VCPHCS-XI-NorthDenverV5
202608241333250090,202608241253386817,202608241253386616,88,4854,P1 Reference 3P Setup Bronze - SFN,br_samms_3p_setup,TASK_COMPLETE,FAILED,ERROR,0,0,1,Save3pSetup Bronze ForEach failed,2026-08-24T12:53:42.369Z,2026-08-24T13:42:52.652Z,2950,2026-08-24T13:42:52.652Z,SFN,SFN,8f1806c1-b1f2-4ac5-b25b-086fec51b8fb,SAMMS-SFNv5
202608241333250092,202608241253386818,202608241253386616,88,4855,P1 Reference 3P Setup Bronze - SHP,br_samms_3p_setup,TASK_COMPLETE,FAILED,ERROR,0,0,1,Save3pSetup Bronze ForEach failed,2026-08-24T12:53:42.369Z,2026-08-24T13:42:52.652Z,2950,2026-08-24T13:42:52.652Z,SHP,Shreveport,8f1806c1-b1f2-4ac5-b25b-086fec51b8fb,SAMMS-Shreveport
202608241333250094,202608241253386819,202608241253386616,88,4856,P1 Reference 3P Setup Bronze - STN,br_samms_3p_setup,TASK_COMPLETE,FAILED,ERROR,0,0,1,Save3pSetup Bronze ForEach failed,2026-08-24T12:53:42.369Z,2026-08-24T13:42:52.652Z,2950,2026-08-24T13:42:52.652Z,STN,Staunton,8f1806c1-b1f2-4ac5-b25b-086fec51b8fb,SAMMS-Staunton
202608241333250096,202608241253386820,202608241253386616,88,4857,P1 Reference 3P Setup Bronze - STVN,br_samms_3p_setup,TASK_COMPLETE,FAILED,ERROR,0,0,1,Save3pSetup Bronze ForEach failed,2026-08-24T12:53:42.369Z,2026-08-24T13:42:52.652Z,2950,2026-08-24T13:42:52.652Z,STVN,Stevenson,8f1806c1-b1f2-4ac5-b25b-086fec51b8fb,SAMMS-Stevenson
202608241333250098,202608241253386821,202608241253386616,88,4858,P1 Reference 3P Setup Bronze - TE,br_samms_3p_setup,TASK_COMPLETE,FAILED,ERROR,0,0,1,Save3pSetup Bronze ForEach failed,2026-08-24T12:53:42.369Z,2026-08-24T13:42:52.652Z,2950,2026-08-24T13:42:52.652Z,TE,Tempe,8f1806c1-b1f2-4ac5-b25b-086fec51b8fb,SAMMS-Tempe
202608241333250099,202608241253386822,202608241253386616,88,4859,P1 Reference 3P Setup Bronze - TEX,br_samms_3p_setup,TASK_COMPLETE,FAILED,ERROR,0,0,1,Save3pSetup Bronze ForEach failed,2026-08-24T12:53:42.369Z,2026-08-24T13:42:52.652Z,2950,2026-08-24T13:42:52.652Z,TEX,Texarkana,8f1806c1-b1f2-4ac5-b25b-086fec51b8fb,SAMMS-Texarkana
202608241333250101,202608241253386823,202608241253386616,88,4860,P1 Reference 3P Setup Bronze - TTCA,br_samms_3p_setup,TASK_COMPLETE,FAILED,ERROR,0,0,1,Save3pSetup Bronze ForEach failed,2026-08-24T12:53:42.369Z,2026-08-24T13:42:52.652Z,2950,2026-08-24T13:42:52.652Z,TTCA,Bessemer,8f1806c1-b1f2-4ac5-b25b-086fec51b8fb,SAMMS-BessemerV5
202608241333250103,202608241253386824,202608241253386616,88,4861,P1 Reference 3P Setup Bronze - TTCB,br_samms_3p_setup,TASK_COMPLETE,FAILED,ERROR,0,0,1,Save3pSetup Bronze ForEach failed,2026-08-24T12:53:42.369Z,2026-08-24T13:42:52.652Z,2950,2026-08-24T13:42:52.652Z,TTCB,Cullman,8f1806c1-b1f2-4ac5-b25b-086fec51b8fb,SAMMS-CullmanV5
202608241333250105,202608241253386825,202608241253386616,88,4862,P1 Reference 3P Setup Bronze - TTCC,br_samms_3p_setup,TASK_COMPLETE,FAILED,ERROR,0,0,1,Save3pSetup Bronze ForEach failed,2026-08-24T12:53:42.369Z,2026-08-24T13:42:52.652Z,2950,2026-08-24T13:42:52.652Z,TTCC,GrandBay,8f1806c1-b1f2-4ac5-b25b-086fec51b8fb,SAMMS-GrandBay
202608241333250107,202608241253386826,202608241253386616,88,4863,P1 Reference 3P Setup Bronze - TU,br_samms_3p_setup,TASK_COMPLETE,FAILED,ERROR,0,0,1,Save3pSetup Bronze ForEach failed,2026-08-24T12:53:42.369Z,2026-08-24T13:42:52.652Z,2950,2026-08-24T13:42:52.652Z,TU,Tucson,8f1806c1-b1f2-4ac5-b25b-086fec51b8fb,SAMMS-Tucson
202608241333250108,202608241253386827,202608241253386616,88,4864,P1 Reference 3P Setup Bronze - V1,br_samms_3p_setup,TASK_COMPLETE,FAILED,ERROR,0,0,1,Save3pSetup Bronze ForEach failed,2026-08-24T12:53:42.369Z,2026-08-24T13:42:52.652Z,2950,2026-08-24T13:42:52.652Z,V1,VCPHCS-I-Memphis,8f1806c1-b1f2-4ac5-b25b-086fec51b8fb,SAMMS-VCPHCS-I-MemphisV5
202608241333250110,202608241253386828,202608241253386616,88,4865,P1 Reference 3P Setup Bronze - V10,br_samms_3p_setup,TASK_COMPLETE,FAILED,ERROR,0,0,1,Save3pSetup Bronze ForEach failed,2026-08-24T12:53:42.369Z,2026-08-24T13:42:52.652Z,2950,2026-08-24T13:42:52.652Z,V10,Boulder,8f1806c1-b1f2-4ac5-b25b-086fec51b8fb,SAMMS-BoulderV5
202608241333250112,202608241253386829,202608241253386616,88,4866,P1 Reference 3P Setup Bronze - V10A,br_samms_3p_setup,TASK_COMPLETE,FAILED,ERROR,0,0,1,Save3pSetup Bronze ForEach failed,2026-08-24T12:53:42.369Z,2026-08-24T13:42:52.652Z,2950,2026-08-24T13:42:52.652Z,V10A,FortCollins,8f1806c1-b1f2-4ac5-b25b-086fec51b8fb,SAMMS-FortCollinsV5
202608241333250114,202608241253386830,202608241253386616,88,4867,P1 Reference 3P Setup Bronze - V11,br_samms_3p_setup,TASK_COMPLETE,FAILED,ERROR,0,0,1,Save3pSetup Bronze ForEach failed,2026-08-24T12:53:42.369Z,2026-08-24T13:42:52.652Z,2950,2026-08-24T13:42:52.652Z,V11,VCPHCS-XI-NorthDenver,8f1806c1-b1f2-4ac5-b25b-086fec51b8fb,SAMMS-VCPHCS-XI-NorthDenverV5
202608241333250611,202608241253387252,202608241253386616,88,5298,P1 Reference Custom Answers Bronze - DRD-KVB,br_samms_custom_answers,TASK_COMPLETE,FAILED,ERROR,0,0,1,SaveCustomAnswers Bronze ForEach failed,2026-08-24T12:53:42.369Z,2026-08-24T13:42:52.652Z,2950,2026-08-24T13:42:52.652Z,DRD-KVB,KVB,8f1806c1-b1f2-4ac5-b25b-086fec51b8fb,SAMMS-KVBv5
202608241333250612,202608241253387253,202608241253386616,88,5299,P1 Reference Custom Answers Bronze - DRD-KVC,br_samms_custom_answers,TASK_COMPLETE,FAILED,ERROR,0,0,1,SaveCustomAnswers Bronze ForEach failed,2026-08-24T12:53:42.369Z,2026-08-24T13:42:52.652Z,2950,2026-08-24T13:42:52.652Z,DRD-KVC,KVC,8f1806c1-b1f2-4ac5-b25b-086fec51b8fb,SAMMS-KVCv5
202608241333250614,202608241253387254,202608241253386616,88,5300,P1 Reference Custom Answers Bronze - DRD-NOLA,br_samms_custom_answers,TASK_COMPLETE,FAILED,ERROR,0,0,1,SaveCustomAnswers Bronze ForEach failed,2026-08-24T12:53:42.369Z,2026-08-24T13:42:52.652Z,2950,2026-08-24T13:42:52.652Z,DRD-NOLA,NOLA,8f1806c1-b1f2-4ac5-b25b-086fec51b8fb,SAMMS-NOLAv5
202608241333250616,202608241253387255,202608241253386616,88,5301,P1 Reference Custom Answers Bronze - DRD-SF,br_samms_custom_answers,TASK_COMPLETE,FAILED,ERROR,0,0,1,SaveCustomAnswers Bronze ForEach failed,2026-08-24T12:53:42.369Z,2026-08-24T13:42:52.652Z,2950,2026-08-24T13:42:52.652Z,DRD-SF,SF,8f1806c1-b1f2-4ac5-b25b-086fec51b8fb,SAMMS-SFv5
202608241333250617,202608241253387256,202608241253386616,88,5302,P1 Reference Custom Answers Bronze - ELC,br_samms_custom_answers,TASK_COMPLETE,FAILED,ERROR,0,0,1,SaveCustomAnswers Bronze ForEach failed,2026-08-24T12:53:42.369Z,2026-08-24T13:42:52.652Z,2950,2026-08-24T13:42:52.652Z,ELC,ElizabethCity,8f1806c1-b1f2-4ac5-b25b-086fec51b8fb,SAMMS-ElizabethCity
202608241333250619,202608241253387257,202608241253386616,88,5303,P1 Reference Custom Answers Bronze - ET,br_samms_custom_answers,TASK_COMPLETE,FAILED,ERROR,0,0,1,SaveCustomAnswers Bronze ForEach failed,2026-08-24T12:53:42.369Z,2026-08-24T13:42:52.652Z,2950,2026-08-24T13:42:52.652Z,ET,Elizabethtown,8f1806c1-b1f2-4ac5-b25b-086fec51b8fb,SAMMS-Elizabethtown
202608241333250620,202608241253387258,202608241253386616,88,5304,P1 Reference Custom Answers Bronze - FAY,br_samms_custom_answers,TASK_COMPLETE,FAILED,ERROR,0,0,1,SaveCustomAnswers Bronze ForEach failed,2026-08-24T12:53:42.369Z,2026-08-24T13:42:52.652Z,2950,2026-08-24T13:42:52.652Z,FAY,Fayetteville,8f1806c1-b1f2-4ac5-b25b-086fec51b8fb,SAMMS-Fayetteville
202608241333250622,202608241253387259,202608241253386616,88,5305,P1 Reference Custom Answers Bronze - FR,br_samms_custom_answers,TASK_COMPLETE,FAILED,ERROR,0,0,1,SaveCustomAnswers Bronze ForEach failed,2026-08-24T12:53:42.369Z,2026-08-24T13:42:52.652Z,2950,2026-08-24T13:42:52.652Z,FR,Frankfort,8f1806c1-b1f2-4ac5-b25b-086fec51b8fb,SAMMS-Frankfort
202608241333250624,202608241253387260,202608241253386616,88,5306,P1 Reference Custom Answers Bronze - FS,br_samms_custom_answers,TASK_COMPLETE,FAILED,ERROR,0,0,1,SaveCustomAnswers Bronze ForEach failed,2026-08-24T12:53:42.369Z,2026-08-24T13:42:52.652Z,2950,2026-08-24T13:42:52.652Z,FS,FortSmith,8f1806c1-b1f2-4ac5-b25b-086fec51b8fb,SAMMS-FortSmith
202608241333250625,202608241253387261,202608241253386616,88,5307,P1 Reference Custom Answers Bronze - FW,br_samms_custom_answers,TASK_COMPLETE,FAILED,ERROR,0,0,1,SaveCustomAnswers Bronze ForEach failed,2026-08-24T12:53:42.369Z,2026-08-24T13:42:52.652Z,2950,2026-08-24T13:42:52.652Z,FW,FortWayne,8f1806c1-b1f2-4ac5-b25b-086fec51b8fb,SAMMS-FortWayne
202608241333250627,202608241253387262,202608241253386616,88,5308,P1 Reference Custom Answers Bronze - GAL,br_samms_custom_answers,TASK_COMPLETE,FAILED,ERROR,0,0,1,SaveCustomAnswers Bronze ForEach failed,2026-08-24T12:53:42.369Z,2026-08-24T13:42:52.652Z,2950,2026-08-24T13:42:52.652Z,GAL,Gaylord,8f1806c1-b1f2-4ac5-b25b-086fec51b8fb,SAMMS-Gaylord
202608241333250628,202608241253387263,202608241253386616,88,5309,P1 Reference Custom Answers Bronze - HGT,br_samms_custom_answers,TASK_COMPLETE,FAILED,ERROR,0,0,1,SaveCustomAnswers Bronze ForEach failed,2026-08-24T12:53:42.369Z,2026-08-24T13:42:52.652Z,2950,2026-08-24T13:42:52.652Z,HGT,Hagerstown,8f1806c1-b1f2-4ac5-b25b-086fec51b8fb,SAMMS-Hagerstown
202608241333250630,202608241253387264,202608241253386616,88,5310,P1 Reference Custom Answers Bronze - HNT,br_samms_custom_answers,TASK_COMPLETE,FAILED,ERROR,0,0,1,SaveCustomAnswers Bronze ForEach failed,2026-08-24T12:53:42.369Z,2026-08-24T13:42:52.652Z,2950,2026-08-24T13:42:52.652Z,HNT,Huntsville,8f1806c1-b1f2-4ac5-b25b-086fec51b8fb,SAMMS-Huntsville
202608241333250632,202608241253387265,202608241253386616,88,5311,P1 Reference Custom Answers Bronze - HS,br_samms_custom_answers,TASK_COMPLETE,FAILED,ERROR,0,0,1,SaveCustomAnswers Bronze ForEach failed,2026-08-24T12:53:42.369Z,2026-08-24T13:42:52.652Z,2950,2026-08-24T13:42:52.652Z,HS,HotSprings,8f1806c1-b1f2-4ac5-b25b-086fec51b8fb,SAMMS-HotSprings
202608241448406466,202608241408172438,202608241408171802,88,5298,P1 Reference Custom Answers Bronze - DRD-KVB,br_samms_custom_answers,TASK_COMPLETE,FAILED,ERROR,0,0,1,SaveCustomAnswers Bronze ForEach failed,2026-08-24T14:08:21.733Z,2026-08-24T15:03:37.584Z,3316,2026-08-24T15:03:37.584Z,DRD-KVB,KVB,6c7532c9-dcb1-40a3-beaa-690039713dec,SAMMS-KVBv5
202608241448406468,202608241408172439,202608241408171802,88,5299,P1 Reference Custom Answers Bronze - DRD-KVC,br_samms_custom_answers,TASK_COMPLETE,FAILED,ERROR,0,0,1,SaveCustomAnswers Bronze ForEach failed,2026-08-24T14:08:21.733Z,2026-08-24T15:03:37.584Z,3316,2026-08-24T15:03:37.584Z,DRD-KVC,KVC,6c7532c9-dcb1-40a3-beaa-690039713dec,SAMMS-KVCv5
202608241448406469,202608241408172440,202608241408171802,88,5300,P1 Reference Custom Answers Bronze - DRD-NOLA,br_samms_custom_answers,TASK_COMPLETE,FAILED,ERROR,0,0,1,SaveCustomAnswers Bronze ForEach failed,2026-08-24T14:08:21.733Z,2026-08-24T15:03:37.584Z,3316,2026-08-24T15:03:37.584Z,DRD-NOLA,NOLA,6c7532c9-dcb1-40a3-beaa-690039713dec,SAMMS-NOLAv5
202608241448406471,202608241408172441,202608241408171802,88,5301,P1 Reference Custom Answers Bronze - DRD-SF,br_samms_custom_answers,TASK_COMPLETE,FAILED,ERROR,0,0,1,SaveCustomAnswers Bronze ForEach failed,2026-08-24T14:08:21.733Z,2026-08-24T15:03:37.584Z,3316,2026-08-24T15:03:37.584Z,DRD-SF,SF,6c7532c9-dcb1-40a3-beaa-690039713dec,SAMMS-SFv5
202608241448406472,202608241408172442,202608241408171802,88,5302,P1 Reference Custom Answers Bronze - ELC,br_samms_custom_answers,TASK_COMPLETE,FAILED,ERROR,0,0,1,SaveCustomAnswers Bronze ForEach failed,2026-08-24T14:08:21.733Z,2026-08-24T15:03:37.584Z,3316,2026-08-24T15:03:37.584Z,ELC,ElizabethCity,6c7532c9-dcb1-40a3-beaa-690039713dec,SAMMS-ElizabethCity
202608241448406474,202608241408172443,202608241408171802,88,5303,P1 Reference Custom Answers Bronze - ET,br_samms_custom_answers,TASK_COMPLETE,FAILED,ERROR,0,0,1,SaveCustomAnswers Bronze ForEach failed,2026-08-24T14:08:21.733Z,2026-08-24T15:03:37.584Z,3316,2026-08-24T15:03:37.584Z,ET,Elizabethtown,6c7532c9-dcb1-40a3-beaa-690039713dec,SAMMS-Elizabethtown
202608241448406476,202608241408172444,202608241408171802,88,5304,P1 Reference Custom Answers Bronze - FAY,br_samms_custom_answers,TASK_COMPLETE,FAILED,ERROR,0,0,1,SaveCustomAnswers Bronze ForEach failed,2026-08-24T14:08:21.733Z,2026-08-24T15:03:37.584Z,3316,2026-08-24T15:03:37.584Z,FAY,Fayetteville,6c7532c9-dcb1-40a3-beaa-690039713dec,SAMMS-Fayetteville
202608241448406477,202608241408172445,202608241408171802,88,5305,P1 Reference Custom Answers Bronze - FR,br_samms_custom_answers,TASK_COMPLETE,FAILED,ERROR,0,0,1,SaveCustomAnswers Bronze ForEach failed,2026-08-24T14:08:21.733Z,2026-08-24T15:03:37.584Z,3316,2026-08-24T15:03:37.584Z,FR,Frankfort,6c7532c9-dcb1-40a3-beaa-690039713dec,SAMMS-Frankfort
202608241448406479,202608241408172446,202608241408171802,88,5306,P1 Reference Custom Answers Bronze - FS,br_samms_custom_answers,TASK_COMPLETE,FAILED,ERROR,0,0,1,SaveCustomAnswers Bronze ForEach failed,2026-08-24T14:08:21.733Z,2026-08-24T15:03:37.584Z,3316,2026-08-24T15:03:37.584Z,FS,FortSmith,6c7532c9-dcb1-40a3-beaa-690039713dec,SAMMS-FortSmith
202608241448406481,202608241408172447,202608241408171802,88,5307,P1 Reference Custom Answers Bronze - FW,br_samms_custom_answers,TASK_COMPLETE,FAILED,ERROR,0,0,1,SaveCustomAnswers Bronze ForEach failed,2026-08-24T14:08:21.733Z,2026-08-24T15:03:37.584Z,3316,2026-08-24T15:03:37.584Z,FW,FortWayne,6c7532c9-dcb1-40a3-beaa-690039713dec,SAMMS-FortWayne
202608241448406482,202608241408172448,202608241408171802,88,5308,P1 Reference Custom Answers Bronze - GAL,br_samms_custom_answers,TASK_COMPLETE,FAILED,ERROR,0,0,1,SaveCustomAnswers Bronze ForEach failed,2026-08-24T14:08:21.733Z,2026-08-24T15:03:37.584Z,3316,2026-08-24T15:03:37.584Z,GAL,Gaylord,6c7532c9-dcb1-40a3-beaa-690039713dec,SAMMS-Gaylord
202608241448406484,202608241408172449,202608241408171802,88,5309,P1 Reference Custom Answers Bronze - HGT,br_samms_custom_answers,TASK_COMPLETE,FAILED,ERROR,0,0,1,SaveCustomAnswers Bronze ForEach failed,2026-08-24T14:08:21.733Z,2026-08-24T15:03:37.584Z,3316,2026-08-24T15:03:37.584Z,HGT,Hagerstown,6c7532c9-dcb1-40a3-beaa-690039713dec,SAMMS-Hagerstown
202608241448406485,202608241408172450,202608241408171802,88,5310,P1 Reference Custom Answers Bronze - HNT,br_samms_custom_answers,TASK_COMPLETE,FAILED,ERROR,0,0,1,SaveCustomAnswers Bronze ForEach failed,2026-08-24T14:08:21.733Z,2026-08-24T15:03:37.584Z,3316,2026-08-24T15:03:37.584Z,HNT,Huntsville,6c7532c9-dcb1-40a3-beaa-690039713dec,SAMMS-Huntsville
202608241448406487,202608241408172451,202608241408171802,88,5311,P1 Reference Custom Answers Bronze - HS,br_samms_custom_answers,TASK_COMPLETE,FAILED,ERROR,0,0,1,SaveCustomAnswers Bronze ForEach failed,2026-08-24T14:08:21.733Z,2026-08-24T15:03:37.584Z,3316,2026-08-24T15:03:37.584Z,HS,HotSprings,6c7532c9-dcb1-40a3-beaa-690039713dec,SAMMS-HotSprings
202608241333250116,202608241253386831,202608241253386616,88,4868,P1 Reference 3P Setup Bronze - V12,br_samms_3p_setup,TASK_COMPLETE,FAILED,ERROR,0,0,1,Save3pSetup Bronze ForEach failed,2026-08-24T12:53:42.369Z,2026-08-24T13:42:52.652Z,2950,2026-08-24T13:42:52.652Z,V12,VCPHCS-XII-DowntownDenver,8f1806c1-b1f2-4ac5-b25b-086fec51b8fb,SAMMS-VCPHCS-XII-DowntownDenverV5
202608241333250118,202608241253386832,202608241253386616,88,4869,P1 Reference 3P Setup Bronze - V12A,br_samms_3p_setup,TASK_COMPLETE,FAILED,ERROR,0,0,1,Save3pSetup Bronze ForEach failed,2026-08-24T12:53:42.369Z,2026-08-24T13:42:52.652Z,2950,2026-08-24T13:42:52.652Z,V12A,Centennial,8f1806c1-b1f2-4ac5-b25b-086fec51b8fb,SAMMS-CentennialV5
202608241333250120,202608241253386833,202608241253386616,88,4870,P1 Reference 3P Setup Bronze - V14,br_samms_3p_setup,TASK_COMPLETE,FAILED,ERROR,0,0,1,Save3pSetup Bronze ForEach failed,2026-08-24T12:53:42.369Z,2026-08-24T13:42:52.652Z,2950,2026-08-24T13:42:52.652Z,V14,VCPHCS-XIV-Bridgeway,8f1806c1-b1f2-4ac5-b25b-086fec51b8fb,SAMMS-VCPHCS-XIV-BridgewayV5
202608241333250121,202608241253386834,202608241253386616,88,4871,P1 Reference 3P Setup Bronze - V15,br_samms_3p_setup,TASK_COMPLETE,FAILED,ERROR,0,0,1,Save3pSetup Bronze ForEach failed,2026-08-24T12:53:42.369Z,2026-08-24T13:42:52.652Z,2950,2026-08-24T13:42:52.652Z,V15,Joplin,8f1806c1-b1f2-4ac5-b25b-086fec51b8fb,SAMMS-JoplinV5
202608241333250123,202608241253386835,202608241253386616,88,4872,P1 Reference 3P Setup Bronze - V17,br_samms_3p_setup,TASK_COMPLETE,FAILED,ERROR,0,0,1,Save3pSetup Bronze ForEach failed,2026-08-24T12:53:42.369Z,2026-08-24T13:42:52.652Z,2950,2026-08-24T13:42:52.652Z,V17,ColumbiaTN,8f1806c1-b1f2-4ac5-b25b-086fec51b8fb,SAMMS-ColumbiaTNv5
202608241333250125,202608241253386836,202608241253386616,88,4873,P1 Reference 3P Setup Bronze - V19,br_samms_3p_setup,TASK_COMPLETE,FAILED,ERROR,0,0,1,Save3pSetup Bronze ForEach failed,2026-08-24T12:53:42.369Z,2026-08-24T13:42:52.652Z,2950,2026-08-24T13:42:52.652Z,V19,Jackson,8f1806c1-b1f2-4ac5-b25b-086fec51b8fb,SAMMS-JacksonV5
202608241333250127,202608241253386837,202608241253386616,88,4874,P1 Reference 3P Setup Bronze - V20,br_samms_3p_setup,TASK_COMPLETE,FAILED,ERROR,0,0,1,Save3pSetup Bronze ForEach failed,2026-08-24T12:53:42.369Z,2026-08-24T13:42:52.652Z,2950,2026-08-24T13:42:52.652Z,V20,Paris,8f1806c1-b1f2-4ac5-b25b-086fec51b8fb,SAMMS-ParisV5
202608241333250129,202608241253386838,202608241253386616,88,4875,P1 Reference 3P Setup Bronze - V21,br_samms_3p_setup,TASK_COMPLETE,FAILED,ERROR,0,0,1,Save3pSetup Bronze ForEach failed,2026-08-24T12:53:42.369Z,2026-08-24T13:42:52.652Z,2950,2026-08-24T13:42:52.652Z,V21,Raleigh,8f1806c1-b1f2-4ac5-b25b-086fec51b8fb,SAMMS-RaleighV5
202608241333250131,202608241253386839,202608241253386616,88,4876,P1 Reference 3P Setup Bronze - V5,br_samms_3p_setup,TASK_COMPLETE,FAILED,ERROR,0,0,1,Save3pSetup Bronze ForEach failed,2026-08-24T12:53:42.369Z,2026-08-24T13:42:52.652Z,2950,2026-08-24T13:42:52.652Z,V5,NONTC,8f1806c1-b1f2-4ac5-b25b-086fec51b8fb,SAMMS-NONTCv5
202608241333250133,202608241253386840,202608241253386616,88,4877,P1 Reference 3P Setup Bronze - V5B,br_samms_3p_setup,TASK_COMPLETE,FAILED,ERROR,0,0,1,Save3pSetup Bronze ForEach failed,2026-08-24T12:53:42.369Z,2026-08-24T13:42:52.652Z,2950,2026-08-24T13:42:52.652Z,V5B,Houma,8f1806c1-b1f2-4ac5-b25b-086fec51b8fb,SAMMS-HoumaV6
202608241333250135,202608241253386841,202608241253386616,88,4878,P1 Reference 3P Setup Bronze - V6,br_samms_3p_setup,TASK_COMPLETE,FAILED,ERROR,0,0,1,Save3pSetup Bronze ForEach failed,2026-08-24T12:53:42.369Z,2026-08-24T13:42:52.652Z,2950,2026-08-24T13:42:52.652Z,V6,LC,8f1806c1-b1f2-4ac5-b25b-086fec51b8fb,SAMMS-LCv5
202608241333250137,202608241253386842,202608241253386616,88,4879,P1 Reference 3P Setup Bronze - V8,br_samms_3p_setup,TASK_COMPLETE,FAILED,ERROR,0,0,1,Save3pSetup Bronze ForEach failed,2026-08-24T12:53:42.369Z,2026-08-24T13:42:52.652Z,2950,2026-08-24T13:42:52.652Z,V8,VCPHCS-VIII-Memphis,8f1806c1-b1f2-4ac5-b25b-086fec51b8fb,SAMMS-VCPHCS-VIII-MemphisV5
202608241333250139,202608241253386843,202608241253386616,88,4880,P1 Reference 3P Setup Bronze - V9,br_samms_3p_setup,TASK_COMPLETE,FAILED,ERROR,0,0,1,Save3pSetup Bronze ForEach failed,2026-08-24T12:53:42.369Z,2026-08-24T13:42:52.652Z,2950,2026-08-24T13:42:52.652Z,V9,Nashville,8f1806c1-b1f2-4ac5-b25b-086fec51b8fb,SAMMS-NashvilleV5
202608241333250141,202608241253386844,202608241253386616,88,4881,P1 Reference 3P Setup Bronze - VBRA,br_samms_3p_setup,TASK_COMPLETE,FAILED,ERROR,0,0,1,Save3pSetup Bronze ForEach failed,2026-08-24T12:53:42.369Z,2026-08-24T13:42:52.652Z,2950,2026-08-24T13:42:52.652Z,VBRA,Brainerd,8f1806c1-b1f2-4ac5-b25b-086fec51b8fb,SAMMS-BrainerdV6
202608241448405954,202608241408172017,202608241408171802,88,4868,P1 Reference 3P Setup Bronze - V12,br_samms_3p_setup,TASK_COMPLETE,FAILED,ERROR,0,0,1,Save3pSetup Bronze ForEach failed,2026-08-24T14:08:21.733Z,2026-08-24T15:03:37.584Z,3316,2026-08-24T15:03:37.584Z,V12,VCPHCS-XII-DowntownDenver,6c7532c9-dcb1-40a3-beaa-690039713dec,SAMMS-VCPHCS-XII-DowntownDenverV5
202608241448405956,202608241408172018,202608241408171802,88,4869,P1 Reference 3P Setup Bronze - V12A,br_samms_3p_setup,TASK_COMPLETE,FAILED,ERROR,0,0,1,Save3pSetup Bronze ForEach failed,2026-08-24T14:08:21.733Z,2026-08-24T15:03:37.584Z,3316,2026-08-24T15:03:37.584Z,V12A,Centennial,6c7532c9-dcb1-40a3-beaa-690039713dec,SAMMS-CentennialV5
202608241448405958,202608241408172019,202608241408171802,88,4870,P1 Reference 3P Setup Bronze - V14,br_samms_3p_setup,TASK_COMPLETE,FAILED,ERROR,0,0,1,Save3pSetup Bronze ForEach failed,2026-08-24T14:08:21.733Z,2026-08-24T15:03:37.584Z,3316,2026-08-24T15:03:37.584Z,V14,VCPHCS-XIV-Bridgeway,6c7532c9-dcb1-40a3-beaa-690039713dec,SAMMS-VCPHCS-XIV-BridgewayV5
202608241448405960,202608241408172020,202608241408171802,88,4871,P1 Reference 3P Setup Bronze - V15,br_samms_3p_setup,TASK_COMPLETE,FAILED,ERROR,0,0,1,Save3pSetup Bronze ForEach failed,2026-08-24T14:08:21.733Z,2026-08-24T15:03:37.584Z,3316,2026-08-24T15:03:37.584Z,V15,Joplin,6c7532c9-dcb1-40a3-beaa-690039713dec,SAMMS-JoplinV5
202608241448405962,202608241408172021,202608241408171802,88,4872,P1 Reference 3P Setup Bronze - V17,br_samms_3p_setup,TASK_COMPLETE,FAILED,ERROR,0,0,1,Save3pSetup Bronze ForEach failed,2026-08-24T14:08:21.733Z,2026-08-24T15:03:37.584Z,3316,2026-08-24T15:03:37.584Z,V17,ColumbiaTN,6c7532c9-dcb1-40a3-beaa-690039713dec,SAMMS-ColumbiaTNv5
202608241448405964,202608241408172022,202608241408171802,88,4873,P1 Reference 3P Setup Bronze - V19,br_samms_3p_setup,TASK_COMPLETE,FAILED,ERROR,0,0,1,Save3pSetup Bronze ForEach failed,2026-08-24T14:08:21.733Z,2026-08-24T15:03:37.584Z,3316,2026-08-24T15:03:37.584Z,V19,Jackson,6c7532c9-dcb1-40a3-beaa-690039713dec,SAMMS-JacksonV5
202608241448405966,202608241408172023,202608241408171802,88,4874,P1 Reference 3P Setup Bronze - V20,br_samms_3p_setup,TASK_COMPLETE,FAILED,ERROR,0,0,1,Save3pSetup Bronze ForEach failed,2026-08-24T14:08:21.733Z,2026-08-24T15:03:37.584Z,3316,2026-08-24T15:03:37.584Z,V20,Paris,6c7532c9-dcb1-40a3-beaa-690039713dec,SAMMS-ParisV5
202608241448405968,202608241408172024,202608241408171802,88,4875,P1 Reference 3P Setup Bronze - V21,br_samms_3p_setup,TASK_COMPLETE,FAILED,ERROR,0,0,1,Save3pSetup Bronze ForEach failed,2026-08-24T14:08:21.733Z,2026-08-24T15:03:37.584Z,3316,2026-08-24T15:03:37.584Z,V21,Raleigh,6c7532c9-dcb1-40a3-beaa-690039713dec,SAMMS-RaleighV5
202608241448405970,202608241408172025,202608241408171802,88,4876,P1 Reference 3P Setup Bronze - V5,br_samms_3p_setup,TASK_COMPLETE,FAILED,ERROR,0,0,1,Save3pSetup Bronze ForEach failed,2026-08-24T14:08:21.733Z,2026-08-24T15:03:37.584Z,3316,2026-08-24T15:03:37.584Z,V5,NONTC,6c7532c9-dcb1-40a3-beaa-690039713dec,SAMMS-NONTCv5
202608241448405972,202608241408172026,202608241408171802,88,4877,P1 Reference 3P Setup Bronze - V5B,br_samms_3p_setup,TASK_COMPLETE,FAILED,ERROR,0,0,1,Save3pSetup Bronze ForEach failed,2026-08-24T14:08:21.733Z,2026-08-24T15:03:37.584Z,3316,2026-08-24T15:03:37.584Z,V5B,Houma,6c7532c9-dcb1-40a3-beaa-690039713dec,SAMMS-HoumaV6
202608241448405974,202608241408172027,202608241408171802,88,4878,P1 Reference 3P Setup Bronze - V6,br_samms_3p_setup,TASK_COMPLETE,FAILED,ERROR,0,0,1,Save3pSetup Bronze ForEach failed,2026-08-24T14:08:21.733Z,2026-08-24T15:03:37.584Z,3316,2026-08-24T15:03:37.584Z,V6,LC,6c7532c9-dcb1-40a3-beaa-690039713dec,SAMMS-LCv5
202608241448405976,202608241408172028,202608241408171802,88,4879,P1 Reference 3P Setup Bronze - V8,br_samms_3p_setup,TASK_COMPLETE,FAILED,ERROR,0,0,1,Save3pSetup Bronze ForEach failed,2026-08-24T14:08:21.733Z,2026-08-24T15:03:37.584Z,3316,2026-08-24T15:03:37.584Z,V8,VCPHCS-VIII-Memphis,6c7532c9-dcb1-40a3-beaa-690039713dec,SAMMS-VCPHCS-VIII-MemphisV5
202608241448405978,202608241408172029,202608241408171802,88,4880,P1 Reference 3P Setup Bronze - V9,br_samms_3p_setup,TASK_COMPLETE,FAILED,ERROR,0,0,1,Save3pSetup Bronze ForEach failed,2026-08-24T14:08:21.733Z,2026-08-24T15:03:37.584Z,3316,2026-08-24T15:03:37.584Z,V9,Nashville,6c7532c9-dcb1-40a3-beaa-690039713dec,SAMMS-NashvilleV5
202608241448405980,202608241408172030,202608241408171802,88,4881,P1 Reference 3P Setup Bronze - VBRA,br_samms_3p_setup,TASK_COMPLETE,FAILED,ERROR,0,0,1,Save3pSetup Bronze ForEach failed,2026-08-24T14:08:21.733Z,2026-08-24T15:03:37.584Z,3316,2026-08-24T15:03:37.584Z,VBRA,Brainerd,6c7532c9-dcb1-40a3-beaa-690039713dec,SAMMS-BrainerdV6
202608241333251661,202608241253387067,202608241253386616,88,5108,P1 Reference Services Bronze - V17,br_samms_services,TASK_COMPLETE,FAILED,ERROR,0,0,1,SaveServices Bronze ForEach failed,2026-08-24T12:53:42.369Z,2026-08-24T13:42:52.652Z,2950,2026-08-24T13:42:52.652Z,V17,ColumbiaTN,8f1806c1-b1f2-4ac5-b25b-086fec51b8fb,SAMMS-ColumbiaTNv5
202608241333251663,202608241253387068,202608241253386616,88,5109,P1 Reference Services Bronze - V19,br_samms_services,TASK_COMPLETE,FAILED,ERROR,0,0,1,SaveServices Bronze ForEach failed,2026-08-24T12:53:42.369Z,2026-08-24T13:42:52.652Z,2950,2026-08-24T13:42:52.652Z,V19,Jackson,8f1806c1-b1f2-4ac5-b25b-086fec51b8fb,SAMMS-JacksonV5
202608241333251665,202608241253387069,202608241253386616,88,5110,P1 Reference Services Bronze - V20,br_samms_services,TASK_COMPLETE,FAILED,ERROR,0,0,1,SaveServices Bronze ForEach failed,2026-08-24T12:53:42.369Z,2026-08-24T13:42:52.652Z,2950,2026-08-24T13:42:52.652Z,V20,Paris,8f1806c1-b1f2-4ac5-b25b-086fec51b8fb,SAMMS-ParisV5
202608241333251666,202608241253387070,202608241253386616,88,5111,P1 Reference Services Bronze - V21,br_samms_services,TASK_COMPLETE,FAILED,ERROR,0,0,1,SaveServices Bronze ForEach failed,2026-08-24T12:53:42.369Z,2026-08-24T13:42:52.652Z,2950,2026-08-24T13:42:52.652Z,V21,Raleigh,8f1806c1-b1f2-4ac5-b25b-086fec51b8fb,SAMMS-RaleighV5
202608241333251668,202608241253387071,202608241253386616,88,5112,P1 Reference Services Bronze - V5,br_samms_services,TASK_COMPLETE,FAILED,ERROR,0,0,1,SaveServices Bronze ForEach failed,2026-08-24T12:53:42.369Z,2026-08-24T13:42:52.652Z,2950,2026-08-24T13:42:52.652Z,V5,NONTC,8f1806c1-b1f2-4ac5-b25b-086fec51b8fb,SAMMS-NONTCv5
202608241333251670,202608241253387072,202608241253386616,88,5113,P1 Reference Services Bronze - V5B,br_samms_services,TASK_COMPLETE,FAILED,ERROR,0,0,1,SaveServices Bronze ForEach failed,2026-08-24T12:53:42.369Z,2026-08-24T13:42:52.652Z,2950,2026-08-24T13:42:52.652Z,V5B,Houma,8f1806c1-b1f2-4ac5-b25b-086fec51b8fb,SAMMS-HoumaV6
202608241333251673,202608241253387073,202608241253386616,88,5114,P1 Reference Services Bronze - V6,br_samms_services,TASK_COMPLETE,FAILED,ERROR,0,0,1,SaveServices Bronze ForEach failed,2026-08-24T12:53:42.369Z,2026-08-24T13:42:52.652Z,2950,2026-08-24T13:42:52.652Z,V6,LC,8f1806c1-b1f2-4ac5-b25b-086fec51b8fb,SAMMS-LCv5
202608241333251674,202608241253387074,202608241253386616,88,5115,P1 Reference Services Bronze - V8,br_samms_services,TASK_COMPLETE,FAILED,ERROR,0,0,1,SaveServices Bronze ForEach failed,2026-08-24T12:53:42.369Z,2026-08-24T13:42:52.652Z,2950,2026-08-24T13:42:52.652Z,V8,VCPHCS-VIII-Memphis,8f1806c1-b1f2-4ac5-b25b-086fec51b8fb,SAMMS-VCPHCS-VIII-MemphisV5
202608241333251676,202608241253387075,202608241253386616,88,5116,P1 Reference Services Bronze - V9,br_samms_services,TASK_COMPLETE,FAILED,ERROR,0,0,1,SaveServices Bronze ForEach failed,2026-08-24T12:53:42.369Z,2026-08-24T13:42:52.652Z,2950,2026-08-24T13:42:52.652Z,V9,Nashville,8f1806c1-b1f2-4ac5-b25b-086fec51b8fb,SAMMS-NashvilleV5
202608241333251678,202608241253387076,202608241253386616,88,5117,P1 Reference Services Bronze - VBRA,br_samms_services,TASK_COMPLETE,FAILED,ERROR,0,0,1,SaveServices Bronze ForEach failed,2026-08-24T12:53:42.369Z,2026-08-24T13:42:52.652Z,2950,2026-08-24T13:42:52.652Z,VBRA,Brainerd,8f1806c1-b1f2-4ac5-b25b-086fec51b8fb,SAMMS-BrainerdV6
202608241333251680,202608241253387077,202608241253386616,88,5118,P1 Reference Services Bronze - VBRP,br_samms_services,TASK_COMPLETE,FAILED,ERROR,0,0,1,SaveServices Bronze ForEach failed,2026-08-24T12:53:42.369Z,2026-08-24T13:42:52.652Z,2950,2026-08-24T13:42:52.652Z,VBRP,BrooklynPark,8f1806c1-b1f2-4ac5-b25b-086fec51b8fb,SAMMS-BrooklynParkV6
202608241333251682,202608241253387078,202608241253386616,88,5119,P1 Reference Services Bronze - VMIN,br_samms_services,TASK_COMPLETE,FAILED,ERROR,0,0,1,SaveServices Bronze ForEach failed,2026-08-24T12:53:42.369Z,2026-08-24T13:42:52.652Z,2950,2026-08-24T13:42:52.652Z,VMIN,Minneapolis,8f1806c1-b1f2-4ac5-b25b-086fec51b8fb,SAMMS-MinneapolisV6
202608241333251684,202608241253387079,202608241253386616,88,5120,P1 Reference Services Bronze - VWBY,br_samms_services,TASK_COMPLETE,FAILED,ERROR,0,0,1,SaveServices Bronze ForEach failed,2026-08-24T12:53:42.369Z,2026-08-24T13:42:52.652Z,2950,2026-08-24T13:42:52.652Z,VWBY,Woodbury,8f1806c1-b1f2-4ac5-b25b-086fec51b8fb,SAMMS-WoodburyV6
202608241333251686,202608241253387080,202608241253386616,88,5121,P1 Reference Services Bronze - WIL,br_samms_services,TASK_COMPLETE,FAILED,ERROR,0,0,1,SaveServices Bronze ForEach failed,2026-08-24T12:53:42.369Z,2026-08-24T13:42:52.652Z,2950,2026-08-24T13:42:52.652Z,WIL,Wilson,8f1806c1-b1f2-4ac5-b25b-086fec51b8fb,SAMMS-Wilson
202608241333251787,202608241253486620,202608241253486616,89,5122,P1 Reference Services Silver,tbl_SERVICES,TASK_COMPLETE,SKIPPED,WARN,0,0,0,Skipped: SaveServices failed at BR,2026-08-24T12:53:42.369Z,2026-08-24T13:42:52.652Z,2950,2026-08-24T13:42:52.652Z,,,8f1806c1-b1f2-4ac5-b25b-086fec51b8fb,
202608241448407527,202608241408172253,202608241408171802,88,5108,P1 Reference Services Bronze - V17,br_samms_services,TASK_COMPLETE,FAILED,ERROR,0,0,1,SaveServices Bronze ForEach failed,2026-08-24T14:08:21.733Z,2026-08-24T15:03:37.584Z,3316,2026-08-24T15:03:37.584Z,V17,ColumbiaTN,6c7532c9-dcb1-40a3-beaa-690039713dec,SAMMS-ColumbiaTNv5
202608241448407529,202608241408172254,202608241408171802,88,5109,P1 Reference Services Bronze - V19,br_samms_services,TASK_COMPLETE,FAILED,ERROR,0,0,1,SaveServices Bronze ForEach failed,2026-08-24T14:08:21.733Z,2026-08-24T15:03:37.584Z,3316,2026-08-24T15:03:37.584Z,V19,Jackson,6c7532c9-dcb1-40a3-beaa-690039713dec,SAMMS-JacksonV5
202608241448407531,202608241408172255,202608241408171802,88,5110,P1 Reference Services Bronze - V20,br_samms_services,TASK_COMPLETE,FAILED,ERROR,0,0,1,SaveServices Bronze ForEach failed,2026-08-24T14:08:21.733Z,2026-08-24T15:03:37.584Z,3316,2026-08-24T15:03:37.584Z,V20,Paris,6c7532c9-dcb1-40a3-beaa-690039713dec,SAMMS-ParisV5
202608241448407533,202608241408172256,202608241408171802,88,5111,P1 Reference Services Bronze - V21,br_samms_services,TASK_COMPLETE,FAILED,ERROR,0,0,1,SaveServices Bronze ForEach failed,2026-08-24T14:08:21.733Z,2026-08-24T15:03:37.584Z,3316,2026-08-24T15:03:37.584Z,V21,Raleigh,6c7532c9-dcb1-40a3-beaa-690039713dec,SAMMS-RaleighV5
202608241448407535,202608241408172257,202608241408171802,88,5112,P1 Reference Services Bronze - V5,br_samms_services,TASK_COMPLETE,FAILED,ERROR,0,0,1,SaveServices Bronze ForEach failed,2026-08-24T14:08:21.733Z,2026-08-24T15:03:37.584Z,3316,2026-08-24T15:03:37.584Z,V5,NONTC,6c7532c9-dcb1-40a3-beaa-690039713dec,SAMMS-NONTCv5
202608241448407537,202608241408172258,202608241408171802,88,5113,P1 Reference Services Bronze - V5B,br_samms_services,TASK_COMPLETE,FAILED,ERROR,0,0,1,SaveServices Bronze ForEach failed,2026-08-24T14:08:21.733Z,2026-08-24T15:03:37.584Z,3316,2026-08-24T15:03:37.584Z,V5B,Houma,6c7532c9-dcb1-40a3-beaa-690039713dec,SAMMS-HoumaV6
202608241448407538,202608241408172259,202608241408171802,88,5114,P1 Reference Services Bronze - V6,br_samms_services,TASK_COMPLETE,FAILED,ERROR,0,0,1,SaveServices Bronze ForEach failed,2026-08-24T14:08:21.733Z,2026-08-24T15:03:37.584Z,3316,2026-08-24T15:03:37.584Z,V6,LC,6c7532c9-dcb1-40a3-beaa-690039713dec,SAMMS-LCv5
202608241448407540,202608241408172260,202608241408171802,88,5115,P1 Reference Services Bronze - V8,br_samms_services,TASK_COMPLETE,FAILED,ERROR,0,0,1,SaveServices Bronze ForEach failed,2026-08-24T14:08:21.733Z,2026-08-24T15:03:37.584Z,3316,2026-08-24T15:03:37.584Z,V8,VCPHCS-VIII-Memphis,6c7532c9-dcb1-40a3-beaa-690039713dec,SAMMS-VCPHCS-VIII-MemphisV5
202608241448407543,202608241408172261,202608241408171802,88,5116,P1 Reference Services Bronze - V9,br_samms_services,TASK_COMPLETE,FAILED,ERROR,0,0,1,SaveServices Bronze ForEach failed,2026-08-24T14:08:21.733Z,2026-08-24T15:03:37.584Z,3316,2026-08-24T15:03:37.584Z,V9,Nashville,6c7532c9-dcb1-40a3-beaa-690039713dec,SAMMS-NashvilleV5
202608241448407545,202608241408172262,202608241408171802,88,5117,P1 Reference Services Bronze - VBRA,br_samms_services,TASK_COMPLETE,FAILED,ERROR,0,0,1,SaveServices Bronze ForEach failed,2026-08-24T14:08:21.733Z,2026-08-24T15:03:37.584Z,3316,2026-08-24T15:03:37.584Z,VBRA,Brainerd,6c7532c9-dcb1-40a3-beaa-690039713dec,SAMMS-BrainerdV6
202608241448407547,202608241408172263,202608241408171802,88,5118,P1 Reference Services Bronze - VBRP,br_samms_services,TASK_COMPLETE,FAILED,ERROR,0,0,1,SaveServices Bronze ForEach failed,2026-08-24T14:08:21.733Z,2026-08-24T15:03:37.584Z,3316,2026-08-24T15:03:37.584Z,VBRP,BrooklynPark,6c7532c9-dcb1-40a3-beaa-690039713dec,SAMMS-BrooklynParkV6
202608241448407549,202608241408172264,202608241408171802,88,5119,P1 Reference Services Bronze - VMIN,br_samms_services,TASK_COMPLETE,FAILED,ERROR,0,0,1,SaveServices Bronze ForEach failed,2026-08-24T14:08:21.733Z,2026-08-24T15:03:37.584Z,3316,2026-08-24T15:03:37.584Z,VMIN,Minneapolis,6c7532c9-dcb1-40a3-beaa-690039713dec,SAMMS-MinneapolisV6
202608241448407551,202608241408172265,202608241408171802,88,5120,P1 Reference Services Bronze - VWBY,br_samms_services,TASK_COMPLETE,FAILED,ERROR,0,0,1,SaveServices Bronze ForEach failed,2026-08-24T14:08:21.733Z,2026-08-24T15:03:37.584Z,3316,2026-08-24T15:03:37.584Z,VWBY,Woodbury,6c7532c9-dcb1-40a3-beaa-690039713dec,SAMMS-WoodburyV6
202608241448407553,202608241408172266,202608241408171802,88,5121,P1 Reference Services Bronze - WIL,br_samms_services,TASK_COMPLETE,FAILED,ERROR,0,0,1,SaveServices Bronze ForEach failed,2026-08-24T14:08:21.733Z,2026-08-24T15:03:37.584Z,3316,2026-08-24T15:03:37.584Z,WIL,Wilson,6c7532c9-dcb1-40a3-beaa-690039713dec,SAMMS-Wilson
202608241448407654,202608241408271806,202608241408271802,89,5122,P1 Reference Services Silver,tbl_SERVICES,TASK_COMPLETE,SKIPPED,WARN,0,0,0,Skipped: SaveServices failed at BR,2026-08-24T14:08:21.733Z,2026-08-24T15:03:37.584Z,3316,2026-08-24T15:03:37.584Z,,,6c7532c9-dcb1-40a3-beaa-690039713dec,
202608221320321982,202608221237332707,202608221237331665,88,5711,P1 Reference Preadmission Referral Source Bronze - WIL,br_samms_preadmission_referral_source,TASK_COMPLETE,SUCCESS,INFO,306,306,0,,2026-08-22T12:37:36.805Z,2026-08-22T13:23:02.807Z,2726,2026-08-22T13:23:02.807Z,WIL,Wilson,63818914-9c2b-4ff6-ac1c-35595835ab93,SAMMS-Wilson
202608221320322083,202608221237431674,202608221237431665,89,5712,P1 Reference Preadmission Referral Source Silver,tbl_PreadmissionReferralSource,TASK_COMPLETE,SUCCESS,INFO,42473,42473,0,,2026-08-22T12:37:36.805Z,2026-08-22T13:23:02.807Z,2726,2026-08-22T13:23:02.807Z,,,63818914-9c2b-4ff6-ac1c-35595835ab93,
202608221320321993,202608221237332478,202608221237331665,88,5479,P1 Reference PreAdmission V6 Bronze - AHK,br_samms_pre_admission_v6,TASK_COMPLETE,SUCCESS,INFO,43,43,0,,2026-08-22T12:37:36.805Z,2026-08-22T13:23:02.807Z,2726,2026-08-22T13:23:02.807Z,AHK,Ahoskie,63818914-9c2b-4ff6-ac1c-35595835ab93,SAMMS-Ahoskie
202608221320321994,202608221237332479,202608221237331665,88,5480,P1 Reference PreAdmission V6 Bronze - B12B,br_samms_pre_admission_v6,TASK_COMPLETE,SUCCESS,INFO,141,141,0,,2026-08-22T12:37:36.805Z,2026-08-22T13:23:02.807Z,2726,2026-08-22T13:23:02.807Z,B12B,ColoradoSprings,63818914-9c2b-4ff6-ac1c-35595835ab93,SAMMS-ColoradoSpringsV5
202608221320321995,202608221237332480,202608221237331665,88,5481,P1 Reference PreAdmission V6 Bronze - B24,br_samms_pre_admission_v6,TASK_COMPLETE,SUCCESS,INFO,225,225,0,,2026-08-22T12:37:36.805Z,2026-08-22T13:23:02.807Z,2726,2026-08-22T13:23:02.807Z,B24,Paintsville,63818914-9c2b-4ff6-ac1c-35595835ab93,SAMMS-PaintsvilleV5
202608221320321996,202608221237332481,202608221237331665,88,5482,P1 Reference PreAdmission V6 Bronze - B25,br_samms_pre_admission_v6,TASK_COMPLETE,SUCCESS,INFO,188,188,0,,2026-08-22T12:37:36.805Z,2026-08-22T13:23:02.807Z,2726,2026-08-22T13:23:02.807Z,B25,Pikeville,63818914-9c2b-4ff6-ac1c-35595835ab93,SAMMS-PikevilleV5
202608221320321997,202608221237332482,202608221237331665,88,5483,P1 Reference PreAdmission V6 Bronze - B26,br_samms_pre_admission_v6,TASK_COMPLETE,SUCCESS,INFO,262,262,0,,2026-08-22T12:37:36.805Z,2026-08-22T13:23:02.807Z,2726,2026-08-22T13:23:02.807Z,B26,Hazard,63818914-9c2b-4ff6-ac1c-35595835ab93,SAMMS-HazardV5
202608221320321999,202608221237332483,202608221237331665,88,5484,P1 Reference PreAdmission V6 Bronze - B27,br_samms_pre_admission_v6,TASK_COMPLETE,SUCCESS,INFO,80,80,0,,2026-08-22T12:37:36.805Z,2026-08-22T13:23:02.807Z,2726,2026-08-22T13:23:02.807Z,B27,Savannah,63818914-9c2b-4ff6-ac1c-35595835ab93,SAMMS-SavannahV6
202608221320322000,202608221237332484,202608221237331665,88,5485,P1 Reference PreAdmission V6 Bronze - B28,br_samms_pre_admission_v6,TASK_COMPLETE,SUCCESS,INFO,64,64,0,,2026-08-22T12:37:36.805Z,2026-08-22T13:23:02.807Z,2726,2026-08-22T13:23:02.807Z,B28,WestPlaines,63818914-9c2b-4ff6-ac1c-35595835ab93,SAMMS-WestPlainesV5
202608221320322001,202608221237332485,202608221237331665,88,5486,P1 Reference PreAdmission V6 Bronze - B29,br_samms_pre_admission_v6,TASK_COMPLETE,SUCCESS,INFO,69,69,0,,2026-08-22T12:37:36.805Z,2026-08-22T13:23:02.807Z,2726,2026-08-22T13:23:02.807Z,B29,PoplarBluff,63818914-9c2b-4ff6-ac1c-35595835ab93,SAMMS-PoplarBluffV5
202608221320322002,202608221237332486,202608221237331665,88,5487,P1 Reference PreAdmission V6 Bronze - B30,br_samms_pre_admission_v6,TASK_COMPLETE,SUCCESS,INFO,50,50,0,,2026-08-22T12:37:36.805Z,2026-08-22T13:23:02.807Z,2726,2026-08-22T13:23:02.807Z,B30,KCN,63818914-9c2b-4ff6-ac1c-35595835ab93,SAMMS-KCNv5
202608221320322004,202608221237332487,202608221237331665,88,5488,P1 Reference PreAdmission V6 Bronze - B31,br_samms_pre_admission_v6,TASK_COMPLETE,SUCCESS,INFO,132,132,0,,2026-08-22T12:37:36.805Z,2026-08-22T13:23:02.807Z,2726,2026-08-22T13:23:02.807Z,B31,Dyersburg,63818914-9c2b-4ff6-ac1c-35595835ab93,SAMMS-DyersburgV5
202608221320322005,202608221237332488,202608221237331665,88,5489,P1 Reference PreAdmission V6 Bronze - B33,br_samms_pre_admission_v6,TASK_COMPLETE,SUCCESS,INFO,134,134,0,,2026-08-22T12:37:36.805Z,2026-08-22T13:23:02.807Z,2726,2026-08-22T13:23:02.807Z,B33,Paducah,63818914-9c2b-4ff6-ac1c-35595835ab93,SAMMS-Paducah
202608221320322006,202608221237332489,202608221237331665,88,5490,P1 Reference PreAdmission V6 Bronze - B34,br_samms_pre_admission_v6,TASK_COMPLETE,SUCCESS,INFO,240,240,0,,2026-08-22T12:37:36.805Z,2026-08-22T13:23:02.807Z,2726,2026-08-22T13:23:02.807Z,B34,Corbin,63818914-9c2b-4ff6-ac1c-35595835ab93,SAMMS-CorbinV5
202608221320322007,202608221237332490,202608221237331665,88,5491,P1 Reference PreAdmission V6 Bronze - B35,br_samms_pre_admission_v6,TASK_COMPLETE,SUCCESS,INFO,560,560,0,,2026-08-22T12:37:36.805Z,2026-08-22T13:23:02.807Z,2726,2026-08-22T13:23:02.807Z,B35,Lexington,63818914-9c2b-4ff6-ac1c-35595835ab93,SAMMS-LexingtonV5
202608221320322009,202608221237332491,202608221237331665,88,5492,P1 Reference PreAdmission V6 Bronze - B35A,br_samms_pre_admission_v6,TASK_COMPLETE,SUCCESS,INFO,175,175,0,,2026-08-22T12:37:36.805Z,2026-08-22T13:23:02.807Z,2726,2026-08-22T13:23:02.807Z,B35A,Berea,63818914-9c2b-4ff6-ac1c-35595835ab93,SAMMS-BereaV5
202608221320321738,202608221237332233,202608221237331665,88,5227,P1 Reference Dropdown List Items Bronze - V19,br_samms_dropdown_list_items,TASK_COMPLETE,SUCCESS,INFO,4365,4365,0,,2026-08-22T12:37:36.805Z,2026-08-22T13:23:02.807Z,2726,2026-08-22T13:23:02.807Z,V19,Jackson,63818914-9c2b-4ff6-ac1c-35595835ab93,SAMMS-JacksonV5
202608221320321740,202608221237332234,202608221237331665,88,5228,P1 Reference Dropdown List Items Bronze - V20,br_samms_dropdown_list_items,TASK_COMPLETE,SUCCESS,INFO,4365,4365,0,,2026-08-22T12:37:36.805Z,2026-08-22T13:23:02.807Z,2726,2026-08-22T13:23:02.807Z,V20,Paris,63818914-9c2b-4ff6-ac1c-35595835ab93,SAMMS-ParisV5
202608221320321743,202608221237332235,202608221237331665,88,5229,P1 Reference Dropdown List Items Bronze - V21,br_samms_dropdown_list_items,TASK_COMPLETE,SUCCESS,INFO,4365,4365,0,,2026-08-22T12:37:36.805Z,2026-08-22T13:23:02.807Z,2726,2026-08-22T13:23:02.807Z,V21,Raleigh,63818914-9c2b-4ff6-ac1c-35595835ab93,SAMMS-RaleighV5
202608221320321745,202608221237332236,202608221237331665,88,5230,P1 Reference Dropdown List Items Bronze - V5,br_samms_dropdown_list_items,TASK_COMPLETE,SUCCESS,INFO,4365,4365,0,,2026-08-22T12:37:36.805Z,2026-08-22T13:23:02.807Z,2726,2026-08-22T13:23:02.807Z,V5,NONTC,63818914-9c2b-4ff6-ac1c-35595835ab93,SAMMS-NONTCv5
202608221320321747,202608221237332237,202608221237331665,88,5231,P1 Reference Dropdown List Items Bronze - V5B,br_samms_dropdown_list_items,TASK_COMPLETE,SUCCESS,INFO,4365,4365,0,,2026-08-22T12:37:36.805Z,2026-08-22T13:23:02.807Z,2726,2026-08-22T13:23:02.807Z,V5B,Houma,63818914-9c2b-4ff6-ac1c-35595835ab93,SAMMS-HoumaV6
202608221320321751,202608221237332238,202608221237331665,88,5232,P1 Reference Dropdown List Items Bronze - V6,br_samms_dropdown_list_items,TASK_COMPLETE,SUCCESS,INFO,4368,4368,0,,2026-08-22T12:37:36.805Z,2026-08-22T13:23:02.807Z,2726,2026-08-22T13:23:02.807Z,V6,LC,63818914-9c2b-4ff6-ac1c-35595835ab93,SAMMS-LCv5
202608221320321754,202608221237332239,202608221237331665,88,5233,P1 Reference Dropdown List Items Bronze - V8,br_samms_dropdown_list_items,TASK_COMPLETE,SUCCESS,INFO,4365,4365,0,,2026-08-22T12:37:36.805Z,2026-08-22T13:23:02.807Z,2726,2026-08-22T13:23:02.807Z,V8,VCPHCS-VIII-Memphis,63818914-9c2b-4ff6-ac1c-35595835ab93,SAMMS-VCPHCS-VIII-MemphisV5
202608221320321756,202608221237332240,202608221237331665,88,5234,P1 Reference Dropdown List Items Bronze - V9,br_samms_dropdown_list_items,TASK_COMPLETE,SUCCESS,INFO,4365,4365,0,,2026-08-22T12:37:36.805Z,2026-08-22T13:23:02.807Z,2726,2026-08-22T13:23:02.807Z,V9,Nashville,63818914-9c2b-4ff6-ac1c-35595835ab93,SAMMS-NashvilleV5
202608221320321758,202608221237332241,202608221237331665,88,5235,P1 Reference Dropdown List Items Bronze - VBRA,br_samms_dropdown_list_items,TASK_COMPLETE,SUCCESS,INFO,4369,4369,0,,2026-08-22T12:37:36.805Z,2026-08-22T13:23:02.807Z,2726,2026-08-22T13:23:02.807Z,VBRA,Brainerd,63818914-9c2b-4ff6-ac1c-35595835ab93,SAMMS-BrainerdV6
202608221320321761,202608221237332242,202608221237331665,88,5236,P1 Reference Dropdown List Items Bronze - VBRP,br_samms_dropdown_list_items,TASK_COMPLETE,SUCCESS,INFO,4369,4369,0,,2026-08-22T12:37:36.805Z,2026-08-22T13:23:02.807Z,2726,2026-08-22T13:23:02.807Z,VBRP,BrooklynPark,63818914-9c2b-4ff6-ac1c-35595835ab93,SAMMS-BrooklynParkV6
202608221320321763,202608221237332243,202608221237331665,88,5237,P1 Reference Dropdown List Items Bronze - VMIN,br_samms_dropdown_list_items,TASK_COMPLETE,SUCCESS,INFO,4369,4369,0,,2026-08-22T12:37:36.805Z,2026-08-22T13:23:02.807Z,2726,2026-08-22T13:23:02.807Z,VMIN,Minneapolis,63818914-9c2b-4ff6-ac1c-35595835ab93,SAMMS-MinneapolisV6
202608221320321765,202608221237332244,202608221237331665,88,5238,P1 Reference Dropdown List Items Bronze - VWBY,br_samms_dropdown_list_items,TASK_COMPLETE,SUCCESS,INFO,4369,4369,0,,2026-08-22T12:37:36.805Z,2026-08-22T13:23:02.807Z,2726,2026-08-22T13:23:02.807Z,VWBY,Woodbury,63818914-9c2b-4ff6-ac1c-35595835ab93,SAMMS-WoodburyV6
202608221320321768,202608221237332245,202608221237331665,88,5239,P1 Reference Dropdown List Items Bronze - WIL,br_samms_dropdown_list_items,TASK_COMPLETE,SUCCESS,INFO,4383,4383,0,,2026-08-22T12:37:36.805Z,2026-08-22T13:23:02.807Z,2726,2026-08-22T13:23:02.807Z,WIL,Wilson,63818914-9c2b-4ff6-ac1c-35595835ab93,SAMMS-Wilson
202608221320321869,202608221237431670,202608221237431665,89,5240,P1 Reference Dropdown List Items Silver,tbl_DroDownListItems,TASK_COMPLETE,SUCCESS,INFO,501788,501788,0,,2026-08-22T12:37:36.805Z,2026-08-22T13:23:02.807Z,2726,2026-08-22T13:23:02.807Z,,,63818914-9c2b-4ff6-ac1c-35595835ab93,
202608221320321779,202608221237332593,202608221237331665,88,5597,P1 Reference Preadmission Referral Source Bronze - AHK,br_samms_preadmission_referral_source,TASK_COMPLETE,SUCCESS,INFO,78,78,0,,2026-08-22T12:37:36.805Z,2026-08-22T13:23:02.807Z,2726,2026-08-22T13:23:02.807Z,AHK,Ahoskie,63818914-9c2b-4ff6-ac1c-35595835ab93,SAMMS-Ahoskie
202608221320321780,202608221237332594,202608221237331665,88,5598,P1 Reference Preadmission Referral Source Bronze - B12B,br_samms_preadmission_referral_source,TASK_COMPLETE,SUCCESS,INFO,541,541,0,,2026-08-22T12:37:36.805Z,2026-08-22T13:23:02.807Z,2726,2026-08-22T13:23:02.807Z,B12B,ColoradoSprings,63818914-9c2b-4ff6-ac1c-35595835ab93,SAMMS-ColoradoSpringsV5
202608241448406425,202608241408172410,202608241408171802,88,5270,P1 Reference Custom Answers Bronze - B47,br_samms_custom_answers,TASK_COMPLETE,FAILED,ERROR,0,0,1,SaveCustomAnswers Bronze ForEach failed,2026-08-24T14:08:21.733Z,2026-08-24T15:03:37.584Z,3316,2026-08-24T15:03:37.584Z,B47,Mobile,6c7532c9-dcb1-40a3-beaa-690039713dec,SAMMS-MobileV5
202608241448406426,202608241408172411,202608241408171802,88,5271,P1 Reference Custom Answers Bronze - B48,br_samms_custom_answers,TASK_COMPLETE,FAILED,ERROR,0,0,1,SaveCustomAnswers Bronze ForEach failed,2026-08-24T14:08:21.733Z,2026-08-24T15:03:37.584Z,3316,2026-08-24T15:03:37.584Z,B48,Tuscaloosa,6c7532c9-dcb1-40a3-beaa-690039713dec,SAMMS-TuscaloosaV5
202608241448406428,202608241408172412,202608241408171802,88,5272,P1 Reference Custom Answers Bronze - B51,br_samms_custom_answers,TASK_COMPLETE,FAILED,ERROR,0,0,1,SaveCustomAnswers Bronze ForEach failed,2026-08-24T14:08:21.733Z,2026-08-24T15:03:37.584Z,3316,2026-08-24T15:03:37.584Z,B51,NorthLittleRock,6c7532c9-dcb1-40a3-beaa-690039713dec,SAMMS-NorthLittleRockV6
202608241448406429,202608241408172413,202608241408171802,88,5273,P1 Reference Custom Answers Bronze - B52,br_samms_custom_answers,TASK_COMPLETE,FAILED,ERROR,0,0,1,SaveCustomAnswers Bronze ForEach failed,2026-08-24T14:08:21.733Z,2026-08-24T15:03:37.584Z,3316,2026-08-24T15:03:37.584Z,B52,JacksonGA,6c7532c9-dcb1-40a3-beaa-690039713dec,SAMMS-JacksonGAV5
202608241448406430,202608241408172414,202608241408171802,88,5274,P1 Reference Custom Answers Bronze - B54,br_samms_custom_answers,TASK_COMPLETE,FAILED,ERROR,0,0,1,SaveCustomAnswers Bronze ForEach failed,2026-08-24T14:08:21.733Z,2026-08-24T15:03:37.584Z,3316,2026-08-24T15:03:37.584Z,B54,Gadsden,6c7532c9-dcb1-40a3-beaa-690039713dec,SAMMS-GadsdenV5
202608241448406432,202608241408172415,202608241408171802,88,5275,P1 Reference Custom Answers Bronze - B55,br_samms_custom_answers,TASK_COMPLETE,FAILED,ERROR,0,0,1,SaveCustomAnswers Bronze ForEach failed,2026-08-24T14:08:21.733Z,2026-08-24T15:03:37.584Z,3316,2026-08-24T15:03:37.584Z,B55,Shoals,6c7532c9-dcb1-40a3-beaa-690039713dec,SAMMS-ShoalsV5
202608241448406433,202608241408172416,202608241408171802,88,5276,P1 Reference Custom Answers Bronze - B57,br_samms_custom_answers,TASK_COMPLETE,FAILED,ERROR,0,0,1,SaveCustomAnswers Bronze ForEach failed,2026-08-24T14:08:21.733Z,2026-08-24T15:03:37.584Z,3316,2026-08-24T15:03:37.584Z,B57,Pawtucket,6c7532c9-dcb1-40a3-beaa-690039713dec,SAMMS-Pawtucket
202608241448406435,202608241408172417,202608241408171802,88,5277,P1 Reference Custom Answers Bronze - B57A,br_samms_custom_answers,TASK_COMPLETE,FAILED,ERROR,0,0,1,SaveCustomAnswers Bronze ForEach failed,2026-08-24T14:08:21.733Z,2026-08-24T15:03:37.584Z,3316,2026-08-24T15:03:37.584Z,B57A,Johnston,6c7532c9-dcb1-40a3-beaa-690039713dec,SAMMS-Johnston
202608241448406436,202608241408172418,202608241408171802,88,5278,P1 Reference Custom Answers Bronze - B57B,br_samms_custom_answers,TASK_COMPLETE,FAILED,ERROR,0,0,1,SaveCustomAnswers Bronze ForEach failed,2026-08-24T14:08:21.733Z,2026-08-24T15:03:37.584Z,3316,2026-08-24T15:03:37.584Z,B57B,Middletown,6c7532c9-dcb1-40a3-beaa-690039713dec,SAMMS-Middletown
202608241448406438,202608241408172419,202608241408171802,88,5279,P1 Reference Custom Answers Bronze - B57C,br_samms_custom_answers,TASK_COMPLETE,FAILED,ERROR,0,0,1,SaveCustomAnswers Bronze ForEach failed,2026-08-24T14:08:21.733Z,2026-08-24T15:03:37.584Z,3316,2026-08-24T15:03:37.584Z,B57C,Providence,6c7532c9-dcb1-40a3-beaa-690039713dec,SAMMS-Providence
202608241448406439,202608241408172420,202608241408171802,88,5280,P1 Reference Custom Answers Bronze - B57D,br_samms_custom_answers,TASK_COMPLETE,FAILED,ERROR,0,0,1,SaveCustomAnswers Bronze ForEach failed,2026-08-24T14:08:21.733Z,2026-08-24T15:03:37.584Z,3316,2026-08-24T15:03:37.584Z,B57D,Westerly,6c7532c9-dcb1-40a3-beaa-690039713dec,SAMMS-Westerly
202608241448406440,202608241408172421,202608241408171802,88,5281,P1 Reference Custom Answers Bronze - B66A,br_samms_custom_answers,TASK_COMPLETE,FAILED,ERROR,0,0,1,SaveCustomAnswers Bronze ForEach failed,2026-08-24T14:08:21.733Z,2026-08-24T15:03:37.584Z,3316,2026-08-24T15:03:37.584Z,B66A,Bremen,6c7532c9-dcb1-40a3-beaa-690039713dec,SAMMS-Bremen
202608241448406442,202608241408172422,202608241408171802,88,5282,P1 Reference Custom Answers Bronze - B72,br_samms_custom_answers,TASK_COMPLETE,FAILED,ERROR,0,0,1,SaveCustomAnswers Bronze ForEach failed,2026-08-24T14:08:21.733Z,2026-08-24T15:03:37.584Z,3316,2026-08-24T15:03:37.584Z,B72,Mobile-OBOT,6c7532c9-dcb1-40a3-beaa-690039713dec,SAMMS-Mobile-OBOT
202608241448406443,202608241408172423,202608241408171802,88,5283,P1 Reference Custom Answers Bronze - B73,br_samms_custom_answers,TASK_COMPLETE,FAILED,ERROR,0,0,1,SaveCustomAnswers Bronze ForEach failed,2026-08-24T14:08:21.733Z,2026-08-24T15:03:37.584Z,3316,2026-08-24T15:03:37.584Z,B73,Montgomery,6c7532c9-dcb1-40a3-beaa-690039713dec,SAMMS-Montgomery
202608241333250570,202608241253387224,202608241253386616,88,5270,P1 Reference Custom Answers Bronze - B47,br_samms_custom_answers,TASK_COMPLETE,FAILED,ERROR,0,0,1,SaveCustomAnswers Bronze ForEach failed,2026-08-24T12:53:42.369Z,2026-08-24T13:42:52.652Z,2950,2026-08-24T13:42:52.652Z,B47,Mobile,8f1806c1-b1f2-4ac5-b25b-086fec51b8fb,SAMMS-MobileV5
202608241333250572,202608241253387225,202608241253386616,88,5271,P1 Reference Custom Answers Bronze - B48,br_samms_custom_answers,TASK_COMPLETE,FAILED,ERROR,0,0,1,SaveCustomAnswers Bronze ForEach failed,2026-08-24T12:53:42.369Z,2026-08-24T13:42:52.652Z,2950,2026-08-24T13:42:52.652Z,B48,Tuscaloosa,8f1806c1-b1f2-4ac5-b25b-086fec51b8fb,SAMMS-TuscaloosaV5
202608241333250573,202608241253387226,202608241253386616,88,5272,P1 Reference Custom Answers Bronze - B51,br_samms_custom_answers,TASK_COMPLETE,FAILED,ERROR,0,0,1,SaveCustomAnswers Bronze ForEach failed,2026-08-24T12:53:42.369Z,2026-08-24T13:42:52.652Z,2950,2026-08-24T13:42:52.652Z,B51,NorthLittleRock,8f1806c1-b1f2-4ac5-b25b-086fec51b8fb,SAMMS-NorthLittleRockV6
202608241333250574,202608241253387227,202608241253386616,88,5273,P1 Reference Custom Answers Bronze - B52,br_samms_custom_answers,TASK_COMPLETE,FAILED,ERROR,0,0,1,SaveCustomAnswers Bronze ForEach failed,2026-08-24T12:53:42.369Z,2026-08-24T13:42:52.652Z,2950,2026-08-24T13:42:52.652Z,B52,JacksonGA,8f1806c1-b1f2-4ac5-b25b-086fec51b8fb,SAMMS-JacksonGAV5
202608241333250576,202608241253387228,202608241253386616,88,5274,P1 Reference Custom Answers Bronze - B54,br_samms_custom_answers,TASK_COMPLETE,FAILED,ERROR,0,0,1,SaveCustomAnswers Bronze ForEach failed,2026-08-24T12:53:42.369Z,2026-08-24T13:42:52.652Z,2950,2026-08-24T13:42:52.652Z,B54,Gadsden,8f1806c1-b1f2-4ac5-b25b-086fec51b8fb,SAMMS-GadsdenV5
202608241333250577,202608241253387229,202608241253386616,88,5275,P1 Reference Custom Answers Bronze - B55,br_samms_custom_answers,TASK_COMPLETE,FAILED,ERROR,0,0,1,SaveCustomAnswers Bronze ForEach failed,2026-08-24T12:53:42.369Z,2026-08-24T13:42:52.652Z,2950,2026-08-24T13:42:52.652Z,B55,Shoals,8f1806c1-b1f2-4ac5-b25b-086fec51b8fb,SAMMS-ShoalsV5
202608241333250578,202608241253387230,202608241253386616,88,5276,P1 Reference Custom Answers Bronze - B57,br_samms_custom_answers,TASK_COMPLETE,FAILED,ERROR,0,0,1,SaveCustomAnswers Bronze ForEach failed,2026-08-24T12:53:42.369Z,2026-08-24T13:42:52.652Z,2950,2026-08-24T13:42:52.652Z,B57,Pawtucket,8f1806c1-b1f2-4ac5-b25b-086fec51b8fb,SAMMS-Pawtucket
202608241333250580,202608241253387231,202608241253386616,88,5277,P1 Reference Custom Answers Bronze - B57A,br_samms_custom_answers,TASK_COMPLETE,FAILED,ERROR,0,0,1,SaveCustomAnswers Bronze ForEach failed,2026-08-24T12:53:42.369Z,2026-08-24T13:42:52.652Z,2950,2026-08-24T13:42:52.652Z,B57A,Johnston,8f1806c1-b1f2-4ac5-b25b-086fec51b8fb,SAMMS-Johnston
202608241333250581,202608241253387232,202608241253386616,88,5278,P1 Reference Custom Answers Bronze - B57B,br_samms_custom_answers,TASK_COMPLETE,FAILED,ERROR,0,0,1,SaveCustomAnswers Bronze ForEach failed,2026-08-24T12:53:42.369Z,2026-08-24T13:42:52.652Z,2950,2026-08-24T13:42:52.652Z,B57B,Middletown,8f1806c1-b1f2-4ac5-b25b-086fec51b8fb,SAMMS-Middletown
202608241333250583,202608241253387233,202608241253386616,88,5279,P1 Reference Custom Answers Bronze - B57C,br_samms_custom_answers,TASK_COMPLETE,FAILED,ERROR,0,0,1,SaveCustomAnswers Bronze ForEach failed,2026-08-24T12:53:42.369Z,2026-08-24T13:42:52.652Z,2950,2026-08-24T13:42:52.652Z,B57C,Providence,8f1806c1-b1f2-4ac5-b25b-086fec51b8fb,SAMMS-Providence
202608241333250584,202608241253387234,202608241253386616,88,5280,P1 Reference Custom Answers Bronze - B57D,br_samms_custom_answers,TASK_COMPLETE,FAILED,ERROR,0,0,1,SaveCustomAnswers Bronze ForEach failed,2026-08-24T12:53:42.369Z,2026-08-24T13:42:52.652Z,2950,2026-08-24T13:42:52.652Z,B57D,Westerly,8f1806c1-b1f2-4ac5-b25b-086fec51b8fb,SAMMS-Westerly
202608241333250586,202608241253387235,202608241253386616,88,5281,P1 Reference Custom Answers Bronze - B66A,br_samms_custom_answers,TASK_COMPLETE,FAILED,ERROR,0,0,1,SaveCustomAnswers Bronze ForEach failed,2026-08-24T12:53:42.369Z,2026-08-24T13:42:52.652Z,2950,2026-08-24T13:42:52.652Z,B66A,Bremen,8f1806c1-b1f2-4ac5-b25b-086fec51b8fb,SAMMS-Bremen
202608241333250587,202608241253387236,202608241253386616,88,5282,P1 Reference Custom Answers Bronze - B72,br_samms_custom_answers,TASK_COMPLETE,FAILED,ERROR,0,0,1,SaveCustomAnswers Bronze ForEach failed,2026-08-24T12:53:42.369Z,2026-08-24T13:42:52.652Z,2950,2026-08-24T13:42:52.652Z,B72,Mobile-OBOT,8f1806c1-b1f2-4ac5-b25b-086fec51b8fb,SAMMS-Mobile-OBOT
202608241333250588,202608241253387237,202608241253386616,88,5283,P1 Reference Custom Answers Bronze - B73,br_samms_custom_answers,TASK_COMPLETE,FAILED,ERROR,0,0,1,SaveCustomAnswers Bronze ForEach failed,2026-08-24T12:53:42.369Z,2026-08-24T13:42:52.652Z,2950,2026-08-24T13:42:52.652Z,B73,Montgomery,8f1806c1-b1f2-4ac5-b25b-086fec51b8fb,SAMMS-Montgomery
202608241333250631,202608241253486619,202608241253486616,89,5004,P1 Reference Codes Silver,tbl_Codes,TASK_COMPLETE,SKIPPED,WARN,0,0,0,Skipped: SaveCodes failed at BR,2026-08-24T12:53:42.369Z,2026-08-24T13:42:52.652Z,2950,2026-08-24T13:42:52.652Z,,,8f1806c1-b1f2-4ac5-b25b-086fec51b8fb,
202608241333250537,202608241253387197,202608241253386616,88,5243,P1 Reference Custom Answers Bronze - AHK,br_samms_custom_answers,TASK_COMPLETE,FAILED,ERROR,0,0,1,SaveCustomAnswers Bronze ForEach failed,2026-08-24T12:53:42.369Z,2026-08-24T13:42:52.652Z,2950,2026-08-24T13:42:52.652Z,AHK,Ahoskie,8f1806c1-b1f2-4ac5-b25b-086fec51b8fb,SAMMS-Ahoskie
202608241333250538,202608241253387198,202608241253386616,88,5244,P1 Reference Custom Answers Bronze - B12B,br_samms_custom_answers,TASK_COMPLETE,FAILED,ERROR,0,0,1,SaveCustomAnswers Bronze ForEach failed,2026-08-24T12:53:42.369Z,2026-08-24T13:42:52.652Z,2950,2026-08-24T13:42:52.652Z,B12B,ColoradoSprings,8f1806c1-b1f2-4ac5-b25b-086fec51b8fb,SAMMS-ColoradoSpringsV5
202608241333250539,202608241253387199,202608241253386616,88,5245,P1 Reference Custom Answers Bronze - B24,br_samms_custom_answers,TASK_COMPLETE,FAILED,ERROR,0,0,1,SaveCustomAnswers Bronze ForEach failed,2026-08-24T12:53:42.369Z,2026-08-24T13:42:52.652Z,2950,2026-08-24T13:42:52.652Z,B24,Paintsville,8f1806c1-b1f2-4ac5-b25b-086fec51b8fb,SAMMS-PaintsvilleV5
202608241333250540,202608241253387200,202608241253386616,88,5246,P1 Reference Custom Answers Bronze - B25,br_samms_custom_answers,TASK_COMPLETE,FAILED,ERROR,0,0,1,SaveCustomAnswers Bronze ForEach failed,2026-08-24T12:53:42.369Z,2026-08-24T13:42:52.652Z,2950,2026-08-24T13:42:52.652Z,B25,Pikeville,8f1806c1-b1f2-4ac5-b25b-086fec51b8fb,SAMMS-PikevilleV5
202608241333250542,202608241253387201,202608241253386616,88,5247,P1 Reference Custom Answers Bronze - B26,br_samms_custom_answers,TASK_COMPLETE,FAILED,ERROR,0,0,1,SaveCustomAnswers Bronze ForEach failed,2026-08-24T12:53:42.369Z,2026-08-24T13:42:52.652Z,2950,2026-08-24T13:42:52.652Z,B26,Hazard,8f1806c1-b1f2-4ac5-b25b-086fec51b8fb,SAMMS-HazardV5
202608241333250543,202608241253387202,202608241253386616,88,5248,P1 Reference Custom Answers Bronze - B27,br_samms_custom_answers,TASK_COMPLETE,FAILED,ERROR,0,0,1,SaveCustomAnswers Bronze ForEach failed,2026-08-24T12:53:42.369Z,2026-08-24T13:42:52.652Z,2950,2026-08-24T13:42:52.652Z,B27,Savannah,8f1806c1-b1f2-4ac5-b25b-086fec51b8fb,SAMMS-SavannahV6
202608241333250544,202608241253387203,202608241253386616,88,5249,P1 Reference Custom Answers Bronze - B28,br_samms_custom_answers,TASK_COMPLETE,FAILED,ERROR,0,0,1,SaveCustomAnswers Bronze ForEach failed,2026-08-24T12:53:42.369Z,2026-08-24T13:42:52.652Z,2950,2026-08-24T13:42:52.652Z,B28,WestPlaines,8f1806c1-b1f2-4ac5-b25b-086fec51b8fb,SAMMS-WestPlainesV5
202608241333250545,202608241253387204,202608241253386616,88,5250,P1 Reference Custom Answers Bronze - B29,br_samms_custom_answers,TASK_COMPLETE,FAILED,ERROR,0,0,1,SaveCustomAnswers Bronze ForEach failed,2026-08-24T12:53:42.369Z,2026-08-24T13:42:52.652Z,2950,2026-08-24T13:42:52.652Z,B29,PoplarBluff,8f1806c1-b1f2-4ac5-b25b-086fec51b8fb,SAMMS-PoplarBluffV5
202608241333250546,202608241253387205,202608241253386616,88,5251,P1 Reference Custom Answers Bronze - B30,br_samms_custom_answers,TASK_COMPLETE,FAILED,ERROR,0,0,1,SaveCustomAnswers Bronze ForEach failed,2026-08-24T12:53:42.369Z,2026-08-24T13:42:52.652Z,2950,2026-08-24T13:42:52.652Z,B30,KCN,8f1806c1-b1f2-4ac5-b25b-086fec51b8fb,SAMMS-KCNv5
202608241333250547,202608241253387206,202608241253386616,88,5252,P1 Reference Custom Answers Bronze - B31,br_samms_custom_answers,TASK_COMPLETE,FAILED,ERROR,0,0,1,SaveCustomAnswers Bronze ForEach failed,2026-08-24T12:53:42.369Z,2026-08-24T13:42:52.652Z,2950,2026-08-24T13:42:52.652Z,B31,Dyersburg,8f1806c1-b1f2-4ac5-b25b-086fec51b8fb,SAMMS-DyersburgV5
202608241333250548,202608241253387207,202608241253386616,88,5253,P1 Reference Custom Answers Bronze - B33,br_samms_custom_answers,TASK_COMPLETE,FAILED,ERROR,0,0,1,SaveCustomAnswers Bronze ForEach failed,2026-08-24T12:53:42.369Z,2026-08-24T13:42:52.652Z,2950,2026-08-24T13:42:52.652Z,B33,Paducah,8f1806c1-b1f2-4ac5-b25b-086fec51b8fb,SAMMS-Paducah
202608241333250550,202608241253387208,202608241253386616,88,5254,P1 Reference Custom Answers Bronze - B34,br_samms_custom_answers,TASK_COMPLETE,FAILED,ERROR,0,0,1,SaveCustomAnswers Bronze ForEach failed,2026-08-24T12:53:42.369Z,2026-08-24T13:42:52.652Z,2950,2026-08-24T13:42:52.652Z,B34,Corbin,8f1806c1-b1f2-4ac5-b25b-086fec51b8fb,SAMMS-CorbinV5
202608241333250551,202608241253387209,202608241253386616,88,5255,P1 Reference Custom Answers Bronze - B35,br_samms_custom_answers,TASK_COMPLETE,FAILED,ERROR,0,0,1,SaveCustomAnswers Bronze ForEach failed,2026-08-24T12:53:42.369Z,2026-08-24T13:42:52.652Z,2950,2026-08-24T13:42:52.652Z,B35,Lexington,8f1806c1-b1f2-4ac5-b25b-086fec51b8fb,SAMMS-LexingtonV5
202608241448406483,202608241408271805,202608241408271802,89,5004,P1 Reference Codes Silver,tbl_Codes,TASK_COMPLETE,SKIPPED,WARN,0,0,0,Skipped: SaveCodes failed at BR,2026-08-24T14:08:21.733Z,2026-08-24T15:03:37.584Z,3316,2026-08-24T15:03:37.584Z,,,6c7532c9-dcb1-40a3-beaa-690039713dec,
202608241448406391,202608241408172383,202608241408171802,88,5243,P1 Reference Custom Answers Bronze - AHK,br_samms_custom_answers,TASK_COMPLETE,FAILED,ERROR,0,0,1,SaveCustomAnswers Bronze ForEach failed,2026-08-24T14:08:21.733Z,2026-08-24T15:03:37.584Z,3316,2026-08-24T15:03:37.584Z,AHK,Ahoskie,6c7532c9-dcb1-40a3-beaa-690039713dec,SAMMS-Ahoskie
202608241448406392,202608241408172384,202608241408171802,88,5244,P1 Reference Custom Answers Bronze - B12B,br_samms_custom_answers,TASK_COMPLETE,FAILED,ERROR,0,0,1,SaveCustomAnswers Bronze ForEach failed,2026-08-24T14:08:21.733Z,2026-08-24T15:03:37.584Z,3316,2026-08-24T15:03:37.584Z,B12B,ColoradoSprings,6c7532c9-dcb1-40a3-beaa-690039713dec,SAMMS-ColoradoSpringsV5
202608241448406393,202608241408172385,202608241408171802,88,5245,P1 Reference Custom Answers Bronze - B24,br_samms_custom_answers,TASK_COMPLETE,FAILED,ERROR,0,0,1,SaveCustomAnswers Bronze ForEach failed,2026-08-24T14:08:21.733Z,2026-08-24T15:03:37.584Z,3316,2026-08-24T15:03:37.584Z,B24,Paintsville,6c7532c9-dcb1-40a3-beaa-690039713dec,SAMMS-PaintsvilleV5
202608241448406395,202608241408172386,202608241408171802,88,5246,P1 Reference Custom Answers Bronze - B25,br_samms_custom_answers,TASK_COMPLETE,FAILED,ERROR,0,0,1,SaveCustomAnswers Bronze ForEach failed,2026-08-24T14:08:21.733Z,2026-08-24T15:03:37.584Z,3316,2026-08-24T15:03:37.584Z,B25,Pikeville,6c7532c9-dcb1-40a3-beaa-690039713dec,SAMMS-PikevilleV5
202608241448406396,202608241408172387,202608241408171802,88,5247,P1 Reference Custom Answers Bronze - B26,br_samms_custom_answers,TASK_COMPLETE,FAILED,ERROR,0,0,1,SaveCustomAnswers Bronze ForEach failed,2026-08-24T14:08:21.733Z,2026-08-24T15:03:37.584Z,3316,2026-08-24T15:03:37.584Z,B26,Hazard,6c7532c9-dcb1-40a3-beaa-690039713dec,SAMMS-HazardV5
202608241448406397,202608241408172388,202608241408171802,88,5248,P1 Reference Custom Answers Bronze - B27,br_samms_custom_answers,TASK_COMPLETE,FAILED,ERROR,0,0,1,SaveCustomAnswers Bronze ForEach failed,2026-08-24T14:08:21.733Z,2026-08-24T15:03:37.584Z,3316,2026-08-24T15:03:37.584Z,B27,Savannah,6c7532c9-dcb1-40a3-beaa-690039713dec,SAMMS-SavannahV6
202608241448406398,202608241408172389,202608241408171802,88,5249,P1 Reference Custom Answers Bronze - B28,br_samms_custom_answers,TASK_COMPLETE,FAILED,ERROR,0,0,1,SaveCustomAnswers Bronze ForEach failed,2026-08-24T14:08:21.733Z,2026-08-24T15:03:37.584Z,3316,2026-08-24T15:03:37.584Z,B28,WestPlaines,6c7532c9-dcb1-40a3-beaa-690039713dec,SAMMS-WestPlainesV5
202608241448406399,202608241408172390,202608241408171802,88,5250,P1 Reference Custom Answers Bronze - B29,br_samms_custom_answers,TASK_COMPLETE,FAILED,ERROR,0,0,1,SaveCustomAnswers Bronze ForEach failed,2026-08-24T14:08:21.733Z,2026-08-24T15:03:37.584Z,3316,2026-08-24T15:03:37.584Z,B29,PoplarBluff,6c7532c9-dcb1-40a3-beaa-690039713dec,SAMMS-PoplarBluffV5
202608241448406400,202608241408172391,202608241408171802,88,5251,P1 Reference Custom Answers Bronze - B30,br_samms_custom_answers,TASK_COMPLETE,FAILED,ERROR,0,0,1,SaveCustomAnswers Bronze ForEach failed,2026-08-24T14:08:21.733Z,2026-08-24T15:03:37.584Z,3316,2026-08-24T15:03:37.584Z,B30,KCN,6c7532c9-dcb1-40a3-beaa-690039713dec,SAMMS-KCNv5
202608241448406402,202608241408172392,202608241408171802,88,5252,P1 Reference Custom Answers Bronze - B31,br_samms_custom_answers,TASK_COMPLETE,FAILED,ERROR,0,0,1,SaveCustomAnswers Bronze ForEach failed,2026-08-24T14:08:21.733Z,2026-08-24T15:03:37.584Z,3316,2026-08-24T15:03:37.584Z,B31,Dyersburg,6c7532c9-dcb1-40a3-beaa-690039713dec,SAMMS-DyersburgV5
202608241448406403,202608241408172393,202608241408171802,88,5253,P1 Reference Custom Answers Bronze - B33,br_samms_custom_answers,TASK_COMPLETE,FAILED,ERROR,0,0,1,SaveCustomAnswers Bronze ForEach failed,2026-08-24T14:08:21.733Z,2026-08-24T15:03:37.584Z,3316,2026-08-24T15:03:37.584Z,B33,Paducah,6c7532c9-dcb1-40a3-beaa-690039713dec,SAMMS-Paducah
202608241448406404,202608241408172394,202608241408171802,88,5254,P1 Reference Custom Answers Bronze - B34,br_samms_custom_answers,TASK_COMPLETE,FAILED,ERROR,0,0,1,SaveCustomAnswers Bronze ForEach failed,2026-08-24T14:08:21.733Z,2026-08-24T15:03:37.584Z,3316,2026-08-24T15:03:37.584Z,B34,Corbin,6c7532c9-dcb1-40a3-beaa-690039713dec,SAMMS-CorbinV5
202608241448406405,202608241408172395,202608241408171802,88,5255,P1 Reference Custom Answers Bronze - B35,br_samms_custom_answers,TASK_COMPLETE,FAILED,ERROR,0,0,1,SaveCustomAnswers Bronze ForEach failed,2026-08-24T14:08:21.733Z,2026-08-24T15:03:37.584Z,3316,2026-08-24T15:03:37.584Z,B35,Lexington,6c7532c9-dcb1-40a3-beaa-690039713dec,SAMMS-LexingtonV5
202608201425196211,202608201258108544,202608201258108173,46,9078,P1 Finance FMP Bronze - B42D,br_samms_fmp,TASK_COMPLETE,SUCCESS,INFO,24,24,0,,2026-08-20T12:58:15.698Z,2026-08-20T14:28:34.201Z,5419,2026-08-20T14:28:34.201Z,B42D,ChesapeakeSouth,5f0dd8ad-486e-4238-8933-2b89499a6e18,SAMMS-ChesapeakeSouthV5
202608201425196212,202608201258108545,202608201258108173,46,9079,P1 Finance FMP Bronze - B44,br_samms_fmp,TASK_COMPLETE,SUCCESS,INFO,74,74,0,,2026-08-20T12:58:15.698Z,2026-08-20T14:28:34.201Z,5419,2026-08-20T14:28:34.201Z,B44,Albany,5f0dd8ad-486e-4238-8933-2b89499a6e18,SAMMS-AlbanyV5
202608201425196213,202608201258108546,202608201258108173,46,9080,P1 Finance FMP Bronze - B45,br_samms_fmp,TASK_COMPLETE,SUCCESS,INFO,161,161,0,,2026-08-20T12:58:15.698Z,2026-08-20T14:28:34.201Z,5419,2026-08-20T14:28:34.201Z,B45,Tifton,5f0dd8ad-486e-4238-8933-2b89499a6e18,SAMMS-TiftonV5
202608201425196215,202608201258108547,202608201258108173,46,9081,P1 Finance FMP Bronze - B46,br_samms_fmp,TASK_COMPLETE,SUCCESS,INFO,43,43,0,,2026-08-20T12:58:15.698Z,2026-08-20T14:28:34.201Z,5419,2026-08-20T14:28:34.201Z,B46,WashingtonDC,5f0dd8ad-486e-4238-8933-2b89499a6e18,SAMMS-WashingtonDCv5
202608201425196216,202608201258108548,202608201258108173,46,9082,P1 Finance FMP Bronze - B47,br_samms_fmp,TASK_COMPLETE,SUCCESS,INFO,11,11,0,,2026-08-20T12:58:15.698Z,2026-08-20T14:28:34.201Z,5419,2026-08-20T14:28:34.201Z,B47,Mobile,5f0dd8ad-486e-4238-8933-2b89499a6e18,SAMMS-MobileV5
202608201425196218,202608201258108549,202608201258108173,46,9083,P1 Finance FMP Bronze - B48,br_samms_fmp,TASK_COMPLETE,SUCCESS,INFO,1,1,0,,2026-08-20T12:58:15.698Z,2026-08-20T14:28:34.201Z,5419,2026-08-20T14:28:34.201Z,B48,Tuscaloosa,5f0dd8ad-486e-4238-8933-2b89499a6e18,SAMMS-TuscaloosaV5
202608201425196219,202608201258108550,202608201258108173,46,9084,P1 Finance FMP Bronze - B51,br_samms_fmp,TASK_COMPLETE,SUCCESS,INFO,1,1,0,,2026-08-20T12:58:15.698Z,2026-08-20T14:28:34.201Z,5419,2026-08-20T14:28:34.201Z,B51,NorthLittleRock,5f0dd8ad-486e-4238-8933-2b89499a6e18,SAMMS-NorthLittleRockV6
202608201425196221,202608201258108551,202608201258108173,46,9085,P1 Finance FMP Bronze - B52,br_samms_fmp,TASK_COMPLETE,SUCCESS,INFO,12,12,0,,2026-08-20T12:58:15.698Z,2026-08-20T14:28:34.201Z,5419,2026-08-20T14:28:34.201Z,B52,JacksonGA,5f0dd8ad-486e-4238-8933-2b89499a6e18,SAMMS-JacksonGAV5
202608201425196222,202608201258108552,202608201258108173,46,9086,P1 Finance FMP Bronze - B54,br_samms_fmp,TASK_COMPLETE,SUCCESS,INFO,22,22,0,,2026-08-20T12:58:15.698Z,2026-08-20T14:28:34.201Z,5419,2026-08-20T14:28:34.201Z,B54,Gadsden,5f0dd8ad-486e-4238-8933-2b89499a6e18,SAMMS-GadsdenV5
202608201425196224,202608201258108553,202608201258108173,46,9087,P1 Finance FMP Bronze - B55,br_samms_fmp,TASK_COMPLETE,SUCCESS,INFO,1,1,0,,2026-08-20T12:58:15.698Z,2026-08-20T14:28:34.201Z,5419,2026-08-20T14:28:34.201Z,B55,Shoals,5f0dd8ad-486e-4238-8933-2b89499a6e18,SAMMS-ShoalsV5
202608201425196225,202608201258108554,202608201258108173,46,9088,P1 Finance FMP Bronze - B57,br_samms_fmp,TASK_COMPLETE,SUCCESS,INFO,31,31,0,,2026-08-20T12:58:15.698Z,2026-08-20T14:28:34.201Z,5419,2026-08-20T14:28:34.201Z,B57,Pawtucket,5f0dd8ad-486e-4238-8933-2b89499a6e18,SAMMS-Pawtucket
202608201425196227,202608201258108555,202608201258108173,46,9089,P1 Finance FMP Bronze - B57A,br_samms_fmp,TASK_COMPLETE,SUCCESS,INFO,65,65,0,,2026-08-20T12:58:15.698Z,2026-08-20T14:28:34.201Z,5419,2026-08-20T14:28:34.201Z,B57A,Johnston,5f0dd8ad-486e-4238-8933-2b89499a6e18,SAMMS-Johnston
202608201425196228,202608201258108556,202608201258108173,46,9090,P1 Finance FMP Bronze - B57B,br_samms_fmp,TASK_COMPLETE,SUCCESS,INFO,62,62,0,,2026-08-20T12:58:15.698Z,2026-08-20T14:28:34.201Z,5419,2026-08-20T14:28:34.201Z,B57B,Middletown,5f0dd8ad-486e-4238-8933-2b89499a6e18,SAMMS-Middletown
202608201425196230,202608201258108557,202608201258108173,46,9091,P1 Finance FMP Bronze - B57C,br_samms_fmp,TASK_COMPLETE,SUCCESS,INFO,14,14,0,,2026-08-20T12:58:15.698Z,2026-08-20T14:28:34.201Z,5419,2026-08-20T14:28:34.201Z,B57C,Providence,5f0dd8ad-486e-4238-8933-2b89499a6e18,SAMMS-Providence
202608201425196231,202608201258108558,202608201258108173,46,9092,P1 Finance FMP Bronze - B57D,br_samms_fmp,TASK_COMPLETE,SUCCESS,INFO,6,6,0,,2026-08-20T12:58:15.698Z,2026-08-20T14:28:34.201Z,5419,2026-08-20T14:28:34.201Z,B57D,Westerly,5f0dd8ad-486e-4238-8933-2b89499a6e18,SAMMS-Westerly
202608201425196233,202608201258108559,202608201258108173,46,9093,P1 Finance FMP Bronze - B66A,br_samms_fmp,TASK_COMPLETE,SUCCESS,INFO,0,0,0,,2026-08-20T12:58:15.698Z,2026-08-20T14:28:34.201Z,5419,2026-08-20T14:28:34.201Z,B66A,Bremen,5f0dd8ad-486e-4238-8933-2b89499a6e18,SAMMS-Bremen
202608201425196234,202608201258108560,202608201258108173,46,9094,P1 Finance FMP Bronze - B72,br_samms_fmp,TASK_COMPLETE,SUCCESS,INFO,0,0,0,,2026-08-20T12:58:15.698Z,2026-08-20T14:28:34.201Z,5419,2026-08-20T14:28:34.201Z,B72,Mobile-OBOT,5f0dd8ad-486e-4238-8933-2b89499a6e18,SAMMS-Mobile-OBOT
202608201425196236,202608201258108561,202608201258108173,46,9095,P1 Finance FMP Bronze - B73,br_samms_fmp,TASK_COMPLETE,SUCCESS,INFO,0,0,0,,2026-08-20T12:58:15.698Z,2026-08-20T14:28:34.201Z,5419,2026-08-20T14:28:34.201Z,B73,Montgomery,5f0dd8ad-486e-4238-8933-2b89499a6e18,SAMMS-Montgomery
202608201425196237,202608201258108562,202608201258108173,46,9096,P1 Finance FMP Bronze - B75,br_samms_fmp,TASK_COMPLETE,SUCCESS,INFO,2,2,0,,2026-08-20T12:58:15.698Z,2026-08-20T14:28:34.201Z,5419,2026-08-20T14:28:34.201Z,B75,Lawrence,5f0dd8ad-486e-4238-8933-2b89499a6e18,SAMMS-LawrenceV6
202608201425196239,202608201258108563,202608201258108173,46,9097,P1 Finance FMP Bronze - B76,br_samms_fmp,TASK_COMPLETE,SUCCESS,INFO,0,0,0,,2026-08-20T12:58:15.698Z,2026-08-20T14:28:34.201Z,5419,2026-08-20T14:28:34.201Z,B76,Huntsville-OBOT,5f0dd8ad-486e-4238-8933-2b89499a6e18,SAMMS-Huntsville-OBOT
202608201425196241,202608201258108564,202608201258108173,46,9098,P1 Finance FMP Bronze - BAT,br_samms_fmp,TASK_COMPLETE,SUCCESS,INFO,0,0,0,,2026-08-20T12:58:15.698Z,2026-08-20T14:28:34.201Z,5419,2026-08-20T14:28:34.201Z,BAT,Batesville,5f0dd8ad-486e-4238-8933-2b89499a6e18,SAMMS-Batesville
202608201425196242,202608201258108565,202608201258108173,46,9099,P1 Finance FMP Bronze - BG,br_samms_fmp,TASK_COMPLETE,SUCCESS,INFO,28,28,0,,2026-08-20T12:58:15.698Z,2026-08-20T14:28:34.201Z,5419,2026-08-20T14:28:34.201Z,BG,BowlingGreen,5f0dd8ad-486e-4238-8933-2b89499a6e18,SAMMS-BowlingGreen
202608221320320778,202608221237331725,202608221237331665,88,4712,P1 Reference Clinic Bronze - ELC,br_samms_clinic,TASK_COMPLETE,SUCCESS,INFO,1,1,0,,2026-08-22T12:37:36.805Z,2026-08-22T13:23:02.807Z,2726,2026-08-22T13:23:02.807Z,ELC,ElizabethCity,63818914-9c2b-4ff6-ac1c-35595835ab93,SAMMS-ElizabethCity
202608221320320780,202608221237331726,202608221237331665,88,4713,P1 Reference Clinic Bronze - ET,br_samms_clinic,TASK_COMPLETE,SUCCESS,INFO,1,1,0,,2026-08-22T12:37:36.805Z,2026-08-22T13:23:02.807Z,2726,2026-08-22T13:23:02.807Z,ET,Elizabethtown,63818914-9c2b-4ff6-ac1c-35595835ab93,SAMMS-Elizabethtown
202608221320320782,202608221237331727,202608221237331665,88,4714,P1 Reference Clinic Bronze - FAY,br_samms_clinic,TASK_COMPLETE,SUCCESS,INFO,1,1,0,,2026-08-22T12:37:36.805Z,2026-08-22T13:23:02.807Z,2726,2026-08-22T13:23:02.807Z,FAY,Fayetteville,63818914-9c2b-4ff6-ac1c-35595835ab93,SAMMS-Fayetteville
202608221320320784,202608221237331728,202608221237331665,88,4715,P1 Reference Clinic Bronze - FR,br_samms_clinic,TASK_COMPLETE,SUCCESS,INFO,1,1,0,,2026-08-22T12:37:36.805Z,2026-08-22T13:23:02.807Z,2726,2026-08-22T13:23:02.807Z,FR,Frankfort,63818914-9c2b-4ff6-ac1c-35595835ab93,SAMMS-Frankfort
202608221320320785,202608221237331729,202608221237331665,88,4716,P1 Reference Clinic Bronze - FS,br_samms_clinic,TASK_COMPLETE,SUCCESS,INFO,1,1,0,,2026-08-22T12:37:36.805Z,2026-08-22T13:23:02.807Z,2726,2026-08-22T13:23:02.807Z,FS,FortSmith,63818914-9c2b-4ff6-ac1c-35595835ab93,SAMMS-FortSmith
202608221320320787,202608221237331730,202608221237331665,88,4717,P1 Reference Clinic Bronze - FW,br_samms_clinic,TASK_COMPLETE,SUCCESS,INFO,1,1,0,,2026-08-22T12:37:36.805Z,2026-08-22T13:23:02.807Z,2726,2026-08-22T13:23:02.807Z,FW,FortWayne,63818914-9c2b-4ff6-ac1c-35595835ab93,SAMMS-FortWayne
202608221320320789,202608221237331731,202608221237331665,88,4718,P1 Reference Clinic Bronze - GAL,br_samms_clinic,TASK_COMPLETE,SUCCESS,INFO,1,1,0,,2026-08-22T12:37:36.805Z,2026-08-22T13:23:02.807Z,2726,2026-08-22T13:23:02.807Z,GAL,Gaylord,63818914-9c2b-4ff6-ac1c-35595835ab93,SAMMS-Gaylord
202608221320320791,202608221237331732,202608221237331665,88,4719,P1 Reference Clinic Bronze - HGT,br_samms_clinic,TASK_COMPLETE,SUCCESS,INFO,1,1,0,,2026-08-22T12:37:36.805Z,2026-08-22T13:23:02.807Z,2726,2026-08-22T13:23:02.807Z,HGT,Hagerstown,63818914-9c2b-4ff6-ac1c-35595835ab93,SAMMS-Hagerstown
202608221320320793,202608221237331733,202608221237331665,88,4720,P1 Reference Clinic Bronze - HNT,br_samms_clinic,TASK_COMPLETE,SUCCESS,INFO,1,1,0,,2026-08-22T12:37:36.805Z,2026-08-22T13:23:02.807Z,2726,2026-08-22T13:23:02.807Z,HNT,Huntsville,63818914-9c2b-4ff6-ac1c-35595835ab93,SAMMS-Huntsville
202608221320320795,202608221237331734,202608221237331665,88,4721,P1 Reference Clinic Bronze - HS,br_samms_clinic,TASK_COMPLETE,SUCCESS,INFO,1,1,0,,2026-08-22T12:37:36.805Z,2026-08-22T13:23:02.807Z,2726,2026-08-22T13:23:02.807Z,HS,HotSprings,63818914-9c2b-4ff6-ac1c-35595835ab93,SAMMS-HotSprings
202608221320320797,202608221237331735,202608221237331665,88,4722,P1 Reference Clinic Bronze - JON,br_samms_clinic,TASK_COMPLETE,SUCCESS,INFO,1,1,0,,2026-08-22T12:37:36.805Z,2026-08-22T13:23:02.807Z,2726,2026-08-22T13:23:02.807Z,JON,Jonesboro,63818914-9c2b-4ff6-ac1c-35595835ab93,SAMMS-Jonesboro
202608221320320799,202608221237331736,202608221237331665,88,8601,P1 Reference Clinic Bronze - LAB,br_samms_clinic,TASK_COMPLETE,FAILED,ERROR,0,0,1,SaveClinic Bronze ForEach failed,2026-08-22T12:37:36.805Z,2026-08-22T13:23:02.807Z,2726,2026-08-22T13:23:02.807Z,LAB,Lab,63818914-9c2b-4ff6-ac1c-35595835ab93,SAMMS-LabV5-V2
202608221320320801,202608221237331737,202608221237331665,88,4723,P1 Reference Clinic Bronze - LAN,br_samms_clinic,TASK_COMPLETE,SUCCESS,INFO,1,1,0,,2026-08-22T12:37:36.805Z,2026-08-22T13:23:02.807Z,2726,2026-08-22T13:23:02.807Z,LAN,Lansing,63818914-9c2b-4ff6-ac1c-35595835ab93,SAMMS-Lansing
202608221320320803,202608221237331738,202608221237331665,88,4724,P1 Reference Clinic Bronze - LO,br_samms_clinic,TASK_COMPLETE,SUCCESS,INFO,1,1,0,,2026-08-22T12:37:36.805Z,2026-08-22T13:23:02.807Z,2726,2026-08-22T13:23:02.807Z,LO,Louisville,63818914-9c2b-4ff6-ac1c-35595835ab93,SAMMS-Louisville
202608221320320805,202608221237331739,202608221237331665,88,4725,P1 Reference Clinic Bronze - LV1,br_samms_clinic,TASK_COMPLETE,SUCCESS,INFO,1,1,0,,2026-08-22T12:37:36.805Z,2026-08-22T13:23:02.807Z,2726,2026-08-22T13:23:02.807Z,LV1,Cheyenne,63818914-9c2b-4ff6-ac1c-35595835ab93,SAMMS-Cheyenne
202608221320320807,202608221237331740,202608221237331665,88,4726,P1 Reference Clinic Bronze - LV2,br_samms_clinic,TASK_COMPLETE,SUCCESS,INFO,1,1,0,,2026-08-22T12:37:36.805Z,2026-08-22T13:23:02.807Z,2726,2026-08-22T13:23:02.807Z,LV2,DesertInn,63818914-9c2b-4ff6-ac1c-35595835ab93,SAMMS-DesertInn
202608270650454038,202608270650454038,20260827043602,132,13707,Trending Treatment Plans State Reqs Gold,TrendingTreatmentPlansStateReqs,TASK_FAILED,FAILED,ERROR,2329626,0,2329626,An error occurred while calling o20834.saveAsTable. : com.microsoft.fabric.spark.catalog.metadata.DoesNotExistException: Artifact not found: `BHG-DATA-PLATFORM-CORE-DEV`.`bhg_gold`,2026-08-27T06:50:45.403Z,2026-08-27T06:52:11.559Z,86,2026-08-27T06:52:11.559Z,,,475c3e58-0434-45d9-b3f8-9d768448de53,
202608241333251385,202608241253387479,202608241253386616,88,5529,P1 Reference PreAdmission V6 Bronze - D09,br_samms_pre_admission_v6,TASK_COMPLETE,FAILED,ERROR,0,0,1,SavePreAdmissionV6 Bronze ForEach failed,2026-08-24T12:53:42.369Z,2026-08-24T13:42:52.652Z,2950,2026-08-24T13:42:52.652Z,D09,Murfreesboro,8f1806c1-b1f2-4ac5-b25b-086fec51b8fb,SAMMS-MurfreesboroV6
202608241333251386,202608241253387480,202608241253386616,88,5530,P1 Reference PreAdmission V6 Bronze - DA,br_samms_pre_admission_v6,TASK_COMPLETE,FAILED,ERROR,0,0,1,SavePreAdmissionV6 Bronze ForEach failed,2026-08-24T12:53:42.369Z,2026-08-24T13:42:52.652Z,2950,2026-08-24T13:42:52.652Z,DA,Davenport,8f1806c1-b1f2-4ac5-b25b-086fec51b8fb,SAMMS-Davenport
202608241333251388,202608241253387481,202608241253386616,88,5531,P1 Reference PreAdmission V6 Bronze - DM,br_samms_pre_admission_v6,TASK_COMPLETE,FAILED,ERROR,0,0,1,SavePreAdmissionV6 Bronze ForEach failed,2026-08-24T12:53:42.369Z,2026-08-24T13:42:52.652Z,2950,2026-08-24T13:42:52.652Z,DM,DesMoines,8f1806c1-b1f2-4ac5-b25b-086fec51b8fb,SAMMS-DesMoines
202608241333251389,202608241253387482,202608241253386616,88,5532,P1 Reference PreAdmission V6 Bronze - DRD-CO,br_samms_pre_admission_v6,TASK_COMPLETE,FAILED,ERROR,0,0,1,SavePreAdmissionV6 Bronze ForEach failed,2026-08-24T12:53:42.369Z,2026-08-24T13:42:52.652Z,2950,2026-08-24T13:42:52.652Z,DRD-CO,Columbia,8f1806c1-b1f2-4ac5-b25b-086fec51b8fb,SAMMS-ColumbiaV5
202608241333251391,202608241253387483,202608241253386616,88,5533,P1 Reference PreAdmission V6 Bronze - DRD-KC,br_samms_pre_admission_v6,TASK_COMPLETE,FAILED,ERROR,0,0,1,SavePreAdmissionV6 Bronze ForEach failed,2026-08-24T12:53:42.369Z,2026-08-24T13:42:52.652Z,2950,2026-08-24T13:42:52.652Z,DRD-KC,KC,8f1806c1-b1f2-4ac5-b25b-086fec51b8fb,SAMMS-KCv5
202608241333251393,202608241253387484,202608241253386616,88,5534,P1 Reference PreAdmission V6 Bronze - DRD-KVB,br_samms_pre_admission_v6,TASK_COMPLETE,FAILED,ERROR,0,0,1,SavePreAdmissionV6 Bronze ForEach failed,2026-08-24T12:53:42.369Z,2026-08-24T13:42:52.652Z,2950,2026-08-24T13:42:52.652Z,DRD-KVB,KVB,8f1806c1-b1f2-4ac5-b25b-086fec51b8fb,SAMMS-KVBv5
202608241333251394,202608241253387485,202608241253386616,88,5535,P1 Reference PreAdmission V6 Bronze - DRD-KVC,br_samms_pre_admission_v6,TASK_COMPLETE,FAILED,ERROR,0,0,1,SavePreAdmissionV6 Bronze ForEach failed,2026-08-24T12:53:42.369Z,2026-08-24T13:42:52.652Z,2950,2026-08-24T13:42:52.652Z,DRD-KVC,KVC,8f1806c1-b1f2-4ac5-b25b-086fec51b8fb,SAMMS-KVCv5
202608241333251396,202608241253387486,202608241253386616,88,5536,P1 Reference PreAdmission V6 Bronze - DRD-NOLA,br_samms_pre_admission_v6,TASK_COMPLETE,FAILED,ERROR,0,0,1,SavePreAdmissionV6 Bronze ForEach failed,2026-08-24T12:53:42.369Z,2026-08-24T13:42:52.652Z,2950,2026-08-24T13:42:52.652Z,DRD-NOLA,NOLA,8f1806c1-b1f2-4ac5-b25b-086fec51b8fb,SAMMS-NOLAv5
202608241333251397,202608241253387487,202608241253386616,88,5537,P1 Reference PreAdmission V6 Bronze - DRD-SF,br_samms_pre_admission_v6,TASK_COMPLETE,FAILED,ERROR,0,0,1,SavePreAdmissionV6 Bronze ForEach failed,2026-08-24T12:53:42.369Z,2026-08-24T13:42:52.652Z,2950,2026-08-24T13:42:52.652Z,DRD-SF,SF,8f1806c1-b1f2-4ac5-b25b-086fec51b8fb,SAMMS-SFv5
202608241333251399,202608241253387488,202608241253386616,88,5538,P1 Reference PreAdmission V6 Bronze - ELC,br_samms_pre_admission_v6,TASK_COMPLETE,FAILED,ERROR,0,0,1,SavePreAdmissionV6 Bronze ForEach failed,2026-08-24T12:53:42.369Z,2026-08-24T13:42:52.652Z,2950,2026-08-24T13:42:52.652Z,ELC,ElizabethCity,8f1806c1-b1f2-4ac5-b25b-086fec51b8fb,SAMMS-ElizabethCity
202608241333251400,202608241253387489,202608241253386616,88,5539,P1 Reference PreAdmission V6 Bronze - ET,br_samms_pre_admission_v6,TASK_COMPLETE,FAILED,ERROR,0,0,1,SavePreAdmissionV6 Bronze ForEach failed,2026-08-24T12:53:42.369Z,2026-08-24T13:42:52.652Z,2950,2026-08-24T13:42:52.652Z,ET,Elizabethtown,8f1806c1-b1f2-4ac5-b25b-086fec51b8fb,SAMMS-Elizabethtown
202608241333251402,202608241253387490,202608241253386616,88,5540,P1 Reference PreAdmission V6 Bronze - FAY,br_samms_pre_admission_v6,TASK_COMPLETE,FAILED,ERROR,0,0,1,SavePreAdmissionV6 Bronze ForEach failed,2026-08-24T12:53:42.369Z,2026-08-24T13:42:52.652Z,2950,2026-08-24T13:42:52.652Z,FAY,Fayetteville,8f1806c1-b1f2-4ac5-b25b-086fec51b8fb,SAMMS-Fayetteville
202608241333251404,202608241253387491,202608241253386616,88,5541,P1 Reference PreAdmission V6 Bronze - FR,br_samms_pre_admission_v6,TASK_COMPLETE,FAILED,ERROR,0,0,1,SavePreAdmissionV6 Bronze ForEach failed,2026-08-24T12:53:42.369Z,2026-08-24T13:42:52.652Z,2950,2026-08-24T13:42:52.652Z,FR,Frankfort,8f1806c1-b1f2-4ac5-b25b-086fec51b8fb,SAMMS-Frankfort
202608241333251405,202608241253387492,202608241253386616,88,5542,P1 Reference PreAdmission V6 Bronze - FS,br_samms_pre_admission_v6,TASK_COMPLETE,FAILED,ERROR,0,0,1,SavePreAdmissionV6 Bronze ForEach failed,2026-08-24T12:53:42.369Z,2026-08-24T13:42:52.652Z,2950,2026-08-24T13:42:52.652Z,FS,FortSmith,8f1806c1-b1f2-4ac5-b25b-086fec51b8fb,SAMMS-FortSmith
202608241448407228,202608241408172665,202608241408171802,88,5529,P1 Reference PreAdmission V6 Bronze - D09,br_samms_pre_admission_v6,TASK_COMPLETE,FAILED,ERROR,0,0,1,SavePreAdmissionV6 Bronze ForEach failed,2026-08-24T14:08:21.733Z,2026-08-24T15:03:37.584Z,3316,2026-08-24T15:03:37.584Z,D09,Murfreesboro,6c7532c9-dcb1-40a3-beaa-690039713dec,SAMMS-MurfreesboroV6
202608241448407229,202608241408172666,202608241408171802,88,5530,P1 Reference PreAdmission V6 Bronze - DA,br_samms_pre_admission_v6,TASK_COMPLETE,FAILED,ERROR,0,0,1,SavePreAdmissionV6 Bronze ForEach failed,2026-08-24T14:08:21.733Z,2026-08-24T15:03:37.584Z,3316,2026-08-24T15:03:37.584Z,DA,Davenport,6c7532c9-dcb1-40a3-beaa-690039713dec,SAMMS-Davenport
202608241448407231,202608241408172667,202608241408171802,88,5531,P1 Reference PreAdmission V6 Bronze - DM,br_samms_pre_admission_v6,TASK_COMPLETE,FAILED,ERROR,0,0,1,SavePreAdmissionV6 Bronze ForEach failed,2026-08-24T14:08:21.733Z,2026-08-24T15:03:37.584Z,3316,2026-08-24T15:03:37.584Z,DM,DesMoines,6c7532c9-dcb1-40a3-beaa-690039713dec,SAMMS-DesMoines
202608241448407232,202608241408172668,202608241408171802,88,5532,P1 Reference PreAdmission V6 Bronze - DRD-CO,br_samms_pre_admission_v6,TASK_COMPLETE,FAILED,ERROR,0,0,1,SavePreAdmissionV6 Bronze ForEach failed,2026-08-24T14:08:21.733Z,2026-08-24T15:03:37.584Z,3316,2026-08-24T15:03:37.584Z,DRD-CO,Columbia,6c7532c9-dcb1-40a3-beaa-690039713dec,SAMMS-ColumbiaV5
202608241448407234,202608241408172669,202608241408171802,88,5533,P1 Reference PreAdmission V6 Bronze - DRD-KC,br_samms_pre_admission_v6,TASK_COMPLETE,FAILED,ERROR,0,0,1,SavePreAdmissionV6 Bronze ForEach failed,2026-08-24T14:08:21.733Z,2026-08-24T15:03:37.584Z,3316,2026-08-24T15:03:37.584Z,DRD-KC,KC,6c7532c9-dcb1-40a3-beaa-690039713dec,SAMMS-KCv5
202608241448407236,202608241408172670,202608241408171802,88,5534,P1 Reference PreAdmission V6 Bronze - DRD-KVB,br_samms_pre_admission_v6,TASK_COMPLETE,FAILED,ERROR,0,0,1,SavePreAdmissionV6 Bronze ForEach failed,2026-08-24T14:08:21.733Z,2026-08-24T15:03:37.584Z,3316,2026-08-24T15:03:37.584Z,DRD-KVB,KVB,6c7532c9-dcb1-40a3-beaa-690039713dec,SAMMS-KVBv5
202608241448407238,202608241408172671,202608241408171802,88,5535,P1 Reference PreAdmission V6 Bronze - DRD-KVC,br_samms_pre_admission_v6,TASK_COMPLETE,FAILED,ERROR,0,0,1,SavePreAdmissionV6 Bronze ForEach failed,2026-08-24T14:08:21.733Z,2026-08-24T15:03:37.584Z,3316,2026-08-24T15:03:37.584Z,DRD-KVC,KVC,6c7532c9-dcb1-40a3-beaa-690039713dec,SAMMS-KVCv5
202608241448407239,202608241408172672,202608241408171802,88,5536,P1 Reference PreAdmission V6 Bronze - DRD-NOLA,br_samms_pre_admission_v6,TASK_COMPLETE,FAILED,ERROR,0,0,1,SavePreAdmissionV6 Bronze ForEach failed,2026-08-24T14:08:21.733Z,2026-08-24T15:03:37.584Z,3316,2026-08-24T15:03:37.584Z,DRD-NOLA,NOLA,6c7532c9-dcb1-40a3-beaa-690039713dec,SAMMS-NOLAv5
202608241448407241,202608241408172673,202608241408171802,88,5537,P1 Reference PreAdmission V6 Bronze - DRD-SF,br_samms_pre_admission_v6,TASK_COMPLETE,FAILED,ERROR,0,0,1,SavePreAdmissionV6 Bronze ForEach failed,2026-08-24T14:08:21.733Z,2026-08-24T15:03:37.584Z,3316,2026-08-24T15:03:37.584Z,DRD-SF,SF,6c7532c9-dcb1-40a3-beaa-690039713dec,SAMMS-SFv5
202608241448407242,202608241408172674,202608241408171802,88,5538,P1 Reference PreAdmission V6 Bronze - ELC,br_samms_pre_admission_v6,TASK_COMPLETE,FAILED,ERROR,0,0,1,SavePreAdmissionV6 Bronze ForEach failed,2026-08-24T14:08:21.733Z,2026-08-24T15:03:37.584Z,3316,2026-08-24T15:03:37.584Z,ELC,ElizabethCity,6c7532c9-dcb1-40a3-beaa-690039713dec,SAMMS-ElizabethCity
202608241448407244,202608241408172675,202608241408171802,88,5539,P1 Reference PreAdmission V6 Bronze - ET,br_samms_pre_admission_v6,TASK_COMPLETE,FAILED,ERROR,0,0,1,SavePreAdmissionV6 Bronze ForEach failed,2026-08-24T14:08:21.733Z,2026-08-24T15:03:37.584Z,3316,2026-08-24T15:03:37.584Z,ET,Elizabethtown,6c7532c9-dcb1-40a3-beaa-690039713dec,SAMMS-Elizabethtown
202608241448407245,202608241408172676,202608241408171802,88,5540,P1 Reference PreAdmission V6 Bronze - FAY,br_samms_pre_admission_v6,TASK_COMPLETE,FAILED,ERROR,0,0,1,SavePreAdmissionV6 Bronze ForEach failed,2026-08-24T14:08:21.733Z,2026-08-24T15:03:37.584Z,3316,2026-08-24T15:03:37.584Z,FAY,Fayetteville,6c7532c9-dcb1-40a3-beaa-690039713dec,SAMMS-Fayetteville
202608241448407247,202608241408172677,202608241408171802,88,5541,P1 Reference PreAdmission V6 Bronze - FR,br_samms_pre_admission_v6,TASK_COMPLETE,FAILED,ERROR,0,0,1,SavePreAdmissionV6 Bronze ForEach failed,2026-08-24T14:08:21.733Z,2026-08-24T15:03:37.584Z,3316,2026-08-24T15:03:37.584Z,FR,Frankfort,6c7532c9-dcb1-40a3-beaa-690039713dec,SAMMS-Frankfort
202608241448407249,202608241408172678,202608241408171802,88,5542,P1 Reference PreAdmission V6 Bronze - FS,br_samms_pre_admission_v6,TASK_COMPLETE,FAILED,ERROR,0,0,1,SavePreAdmissionV6 Bronze ForEach failed,2026-08-24T14:08:21.733Z,2026-08-24T15:03:37.584Z,3316,2026-08-24T15:03:37.584Z,FS,FortSmith,6c7532c9-dcb1-40a3-beaa-690039713dec,SAMMS-FortSmith
202608241333250023,202608241253386775,202608241253386616,88,4813,P1 Reference 3P Setup Bronze - B76,br_samms_3p_setup,TASK_COMPLETE,FAILED,ERROR,0,0,1,Save3pSetup Bronze ForEach failed,2026-08-24T12:53:42.369Z,2026-08-24T13:42:52.652Z,2950,2026-08-24T13:42:52.652Z,B76,Huntsville-OBOT,8f1806c1-b1f2-4ac5-b25b-086fec51b8fb,SAMMS-Huntsville-OBOT
202608241333250024,202608241253386776,202608241253386616,88,4814,P1 Reference 3P Setup Bronze - BAT,br_samms_3p_setup,TASK_COMPLETE,FAILED,ERROR,0,0,1,Save3pSetup Bronze ForEach failed,2026-08-24T12:53:42.369Z,2026-08-24T13:42:52.652Z,2950,2026-08-24T13:42:52.652Z,BAT,Batesville,8f1806c1-b1f2-4ac5-b25b-086fec51b8fb,SAMMS-Batesville
202608241333250026,202608241253386777,202608241253386616,88,4815,P1 Reference 3P Setup Bronze - BG,br_samms_3p_setup,TASK_COMPLETE,FAILED,ERROR,0,0,1,Save3pSetup Bronze ForEach failed,2026-08-24T12:53:42.369Z,2026-08-24T13:42:52.652Z,2950,2026-08-24T13:42:52.652Z,BG,BowlingGreen,8f1806c1-b1f2-4ac5-b25b-086fec51b8fb,SAMMS-BowlingGreen
202608241333250027,202608241253386778,202608241253386616,88,4816,P1 Reference 3P Setup Bronze - BOI,br_samms_3p_setup,TASK_COMPLETE,FAILED,ERROR,0,0,1,Save3pSetup Bronze ForEach failed,2026-08-24T12:53:42.369Z,2026-08-24T13:42:52.652Z,2950,2026-08-24T13:42:52.652Z,BOI,Boise,8f1806c1-b1f2-4ac5-b25b-086fec51b8fb,SAMMS-Boise
202608241333250029,202608241253386779,202608241253386616,88,4817,P1 Reference 3P Setup Bronze - CBCO,br_samms_3p_setup,TASK_COMPLETE,FAILED,ERROR,0,0,1,Save3pSetup Bronze ForEach failed,2026-08-24T12:53:42.369Z,2026-08-24T13:42:52.652Z,2950,2026-08-24T13:42:52.652Z,CBCO,CoeurdAlene,8f1806c1-b1f2-4ac5-b25b-086fec51b8fb,SAMMS-CoeurdAleneV6
202608241333250030,202608241253386780,202608241253386616,88,4818,P1 Reference 3P Setup Bronze - CON,br_samms_3p_setup,TASK_COMPLETE,FAILED,ERROR,0,0,1,Save3pSetup Bronze ForEach failed,2026-08-24T12:53:42.369Z,2026-08-24T13:42:52.652Z,2950,2026-08-24T13:42:52.652Z,CON,Conway,8f1806c1-b1f2-4ac5-b25b-086fec51b8fb,SAMMS-Conway
202608241333250032,202608241253386781,202608241253386616,88,4819,P1 Reference 3P Setup Bronze - D07,br_samms_3p_setup,TASK_COMPLETE,FAILED,ERROR,0,0,1,Save3pSetup Bronze ForEach failed,2026-08-24T12:53:42.369Z,2026-08-24T13:42:52.652Z,2950,2026-08-24T13:42:52.652Z,D07,Knoxville,8f1806c1-b1f2-4ac5-b25b-086fec51b8fb,SAMMS-KnoxvilleV6
202608241333250033,202608241253386782,202608241253386616,88,4820,P1 Reference 3P Setup Bronze - D08,br_samms_3p_setup,TASK_COMPLETE,FAILED,ERROR,0,0,1,Save3pSetup Bronze ForEach failed,2026-08-24T12:53:42.369Z,2026-08-24T13:42:52.652Z,2950,2026-08-24T13:42:52.652Z,D08,Madison,8f1806c1-b1f2-4ac5-b25b-086fec51b8fb,SAMMS-MadisonV6
202608241333250035,202608241253386783,202608241253386616,88,4821,P1 Reference 3P Setup Bronze - D09,br_samms_3p_setup,TASK_COMPLETE,FAILED,ERROR,0,0,1,Save3pSetup Bronze ForEach failed,2026-08-24T12:53:42.369Z,2026-08-24T13:42:52.652Z,2950,2026-08-24T13:42:52.652Z,D09,Murfreesboro,8f1806c1-b1f2-4ac5-b25b-086fec51b8fb,SAMMS-MurfreesboroV6
202608241333250036,202608241253386784,202608241253386616,88,4822,P1 Reference 3P Setup Bronze - DA,br_samms_3p_setup,TASK_COMPLETE,FAILED,ERROR,0,0,1,Save3pSetup Bronze ForEach failed,2026-08-24T12:53:42.369Z,2026-08-24T13:42:52.652Z,2950,2026-08-24T13:42:52.652Z,DA,Davenport,8f1806c1-b1f2-4ac5-b25b-086fec51b8fb,SAMMS-Davenport
202608241333250038,202608241253386785,202608241253386616,88,4823,P1 Reference 3P Setup Bronze - DM,br_samms_3p_setup,TASK_COMPLETE,FAILED,ERROR,0,0,1,Save3pSetup Bronze ForEach failed,2026-08-24T12:53:42.369Z,2026-08-24T13:42:52.652Z,2950,2026-08-24T13:42:52.652Z,DM,DesMoines,8f1806c1-b1f2-4ac5-b25b-086fec51b8fb,SAMMS-DesMoines
202608241333250039,202608241253386786,202608241253386616,88,4824,P1 Reference 3P Setup Bronze - DRD-CO,br_samms_3p_setup,TASK_COMPLETE,FAILED,ERROR,0,0,1,Save3pSetup Bronze ForEach failed,2026-08-24T12:53:42.369Z,2026-08-24T13:42:52.652Z,2950,2026-08-24T13:42:52.652Z,DRD-CO,Columbia,8f1806c1-b1f2-4ac5-b25b-086fec51b8fb,SAMMS-ColumbiaV5
202608241333250041,202608241253386787,202608241253386616,88,4825,P1 Reference 3P Setup Bronze - DRD-KC,br_samms_3p_setup,TASK_COMPLETE,FAILED,ERROR,0,0,1,Save3pSetup Bronze ForEach failed,2026-08-24T12:53:42.369Z,2026-08-24T13:42:52.652Z,2950,2026-08-24T13:42:52.652Z,DRD-KC,KC,8f1806c1-b1f2-4ac5-b25b-086fec51b8fb,SAMMS-KCv5
202608241333250043,202608241253386788,202608241253386616,88,4826,P1 Reference 3P Setup Bronze - DRD-KVB,br_samms_3p_setup,TASK_COMPLETE,FAILED,ERROR,0,0,1,Save3pSetup Bronze ForEach failed,2026-08-24T12:53:42.369Z,2026-08-24T13:42:52.652Z,2950,2026-08-24T13:42:52.652Z,DRD-KVB,KVB,8f1806c1-b1f2-4ac5-b25b-086fec51b8fb,SAMMS-KVBv5
202608241448405859,202608241408171961,202608241408171802,88,4813,P1 Reference 3P Setup Bronze - B76,br_samms_3p_setup,TASK_COMPLETE,FAILED,ERROR,0,0,1,Save3pSetup Bronze ForEach failed,2026-08-24T14:08:21.733Z,2026-08-24T15:03:37.584Z,3316,2026-08-24T15:03:37.584Z,B76,Huntsville-OBOT,6c7532c9-dcb1-40a3-beaa-690039713dec,SAMMS-Huntsville-OBOT
202608241448405860,202608241408171962,202608241408171802,88,4814,P1 Reference 3P Setup Bronze - BAT,br_samms_3p_setup,TASK_COMPLETE,FAILED,ERROR,0,0,1,Save3pSetup Bronze ForEach failed,2026-08-24T14:08:21.733Z,2026-08-24T15:03:37.584Z,3316,2026-08-24T15:03:37.584Z,BAT,Batesville,6c7532c9-dcb1-40a3-beaa-690039713dec,SAMMS-Batesville
202608241448405862,202608241408171963,202608241408171802,88,4815,P1 Reference 3P Setup Bronze - BG,br_samms_3p_setup,TASK_COMPLETE,FAILED,ERROR,0,0,1,Save3pSetup Bronze ForEach failed,2026-08-24T14:08:21.733Z,2026-08-24T15:03:37.584Z,3316,2026-08-24T15:03:37.584Z,BG,BowlingGreen,6c7532c9-dcb1-40a3-beaa-690039713dec,SAMMS-BowlingGreen
202608241448405863,202608241408171964,202608241408171802,88,4816,P1 Reference 3P Setup Bronze - BOI,br_samms_3p_setup,TASK_COMPLETE,FAILED,ERROR,0,0,1,Save3pSetup Bronze ForEach failed,2026-08-24T14:08:21.733Z,2026-08-24T15:03:37.584Z,3316,2026-08-24T15:03:37.584Z,BOI,Boise,6c7532c9-dcb1-40a3-beaa-690039713dec,SAMMS-Boise
202608241448405865,202608241408171965,202608241408171802,88,4817,P1 Reference 3P Setup Bronze - CBCO,br_samms_3p_setup,TASK_COMPLETE,FAILED,ERROR,0,0,1,Save3pSetup Bronze ForEach failed,2026-08-24T14:08:21.733Z,2026-08-24T15:03:37.584Z,3316,2026-08-24T15:03:37.584Z,CBCO,CoeurdAlene,6c7532c9-dcb1-40a3-beaa-690039713dec,SAMMS-CoeurdAleneV6
202608241448405866,202608241408171966,202608241408171802,88,4818,P1 Reference 3P Setup Bronze - CON,br_samms_3p_setup,TASK_COMPLETE,FAILED,ERROR,0,0,1,Save3pSetup Bronze ForEach failed,2026-08-24T14:08:21.733Z,2026-08-24T15:03:37.584Z,3316,2026-08-24T15:03:37.584Z,CON,Conway,6c7532c9-dcb1-40a3-beaa-690039713dec,SAMMS-Conway
202608241448405868,202608241408171967,202608241408171802,88,4819,P1 Reference 3P Setup Bronze - D07,br_samms_3p_setup,TASK_COMPLETE,FAILED,ERROR,0,0,1,Save3pSetup Bronze ForEach failed,2026-08-24T14:08:21.733Z,2026-08-24T15:03:37.584Z,3316,2026-08-24T15:03:37.584Z,D07,Knoxville,6c7532c9-dcb1-40a3-beaa-690039713dec,SAMMS-KnoxvilleV6
202608241448405869,202608241408171968,202608241408171802,88,4820,P1 Reference 3P Setup Bronze - D08,br_samms_3p_setup,TASK_COMPLETE,FAILED,ERROR,0,0,1,Save3pSetup Bronze ForEach failed,2026-08-24T14:08:21.733Z,2026-08-24T15:03:37.584Z,3316,2026-08-24T15:03:37.584Z,D08,Madison,6c7532c9-dcb1-40a3-beaa-690039713dec,SAMMS-MadisonV6
202608241448405871,202608241408171969,202608241408171802,88,4821,P1 Reference 3P Setup Bronze - D09,br_samms_3p_setup,TASK_COMPLETE,FAILED,ERROR,0,0,1,Save3pSetup Bronze ForEach failed,2026-08-24T14:08:21.733Z,2026-08-24T15:03:37.584Z,3316,2026-08-24T15:03:37.584Z,D09,Murfreesboro,6c7532c9-dcb1-40a3-beaa-690039713dec,SAMMS-MurfreesboroV6
202608241448405872,202608241408171970,202608241408171802,88,4822,P1 Reference 3P Setup Bronze - DA,br_samms_3p_setup,TASK_COMPLETE,FAILED,ERROR,0,0,1,Save3pSetup Bronze ForEach failed,2026-08-24T14:08:21.733Z,2026-08-24T15:03:37.584Z,3316,2026-08-24T15:03:37.584Z,DA,Davenport,6c7532c9-dcb1-40a3-beaa-690039713dec,SAMMS-Davenport
202608241448405874,202608241408171971,202608241408171802,88,4823,P1 Reference 3P Setup Bronze - DM,br_samms_3p_setup,TASK_COMPLETE,FAILED,ERROR,0,0,1,Save3pSetup Bronze ForEach failed,2026-08-24T14:08:21.733Z,2026-08-24T15:03:37.584Z,3316,2026-08-24T15:03:37.584Z,DM,DesMoines,6c7532c9-dcb1-40a3-beaa-690039713dec,SAMMS-DesMoines
202608241448405875,202608241408171972,202608241408171802,88,4824,P1 Reference 3P Setup Bronze - DRD-CO,br_samms_3p_setup,TASK_COMPLETE,FAILED,ERROR,0,0,1,Save3pSetup Bronze ForEach failed,2026-08-24T14:08:21.733Z,2026-08-24T15:03:37.584Z,3316,2026-08-24T15:03:37.584Z,DRD-CO,Columbia,6c7532c9-dcb1-40a3-beaa-690039713dec,SAMMS-ColumbiaV5
202608241448405877,202608241408171973,202608241408171802,88,4825,P1 Reference 3P Setup Bronze - DRD-KC,br_samms_3p_setup,TASK_COMPLETE,FAILED,ERROR,0,0,1,Save3pSetup Bronze ForEach failed,2026-08-24T14:08:21.733Z,2026-08-24T15:03:37.584Z,3316,2026-08-24T15:03:37.584Z,DRD-KC,KC,6c7532c9-dcb1-40a3-beaa-690039713dec,SAMMS-KCv5
202608241448405878,202608241408171974,202608241408171802,88,4826,P1 Reference 3P Setup Bronze - DRD-KVB,br_samms_3p_setup,TASK_COMPLETE,FAILED,ERROR,0,0,1,Save3pSetup Bronze ForEach failed,2026-08-24T14:08:21.733Z,2026-08-24T15:03:37.584Z,3316,2026-08-24T15:03:37.584Z,DRD-KVB,KVB,6c7532c9-dcb1-40a3-beaa-690039713dec,SAMMS-KVBv5
202608241448406167,202608241408171910,202608241408171802,88,4759,P1 Reference Clinic Bronze - V5B,br_samms_clinic,TASK_COMPLETE,SUCCESS,INFO,1,1,0,,2026-08-24T14:08:21.733Z,2026-08-24T15:03:37.584Z,3316,2026-08-24T15:03:37.584Z,V5B,Houma,6c7532c9-dcb1-40a3-beaa-690039713dec,SAMMS-HoumaV6
202608241448406169,202608241408171911,202608241408171802,88,4760,P1 Reference Clinic Bronze - V6,br_samms_clinic,TASK_COMPLETE,SUCCESS,INFO,1,1,0,,2026-08-24T14:08:21.733Z,2026-08-24T15:03:37.584Z,3316,2026-08-24T15:03:37.584Z,V6,LC,6c7532c9-dcb1-40a3-beaa-690039713dec,SAMMS-LCv5
202608241448406171,202608241408171912,202608241408171802,88,4761,P1 Reference Clinic Bronze - V8,br_samms_clinic,TASK_COMPLETE,SUCCESS,INFO,1,1,0,,2026-08-24T14:08:21.733Z,2026-08-24T15:03:37.584Z,3316,2026-08-24T15:03:37.584Z,V8,VCPHCS-VIII-Memphis,6c7532c9-dcb1-40a3-beaa-690039713dec,SAMMS-VCPHCS-VIII-MemphisV5
202608241448406173,202608241408171913,202608241408171802,88,4762,P1 Reference Clinic Bronze - V9,br_samms_clinic,TASK_COMPLETE,SUCCESS,INFO,1,1,0,,2026-08-24T14:08:21.733Z,2026-08-24T15:03:37.584Z,3316,2026-08-24T15:03:37.584Z,V9,Nashville,6c7532c9-dcb1-40a3-beaa-690039713dec,SAMMS-NashvilleV5
202608241448406176,202608241408171914,202608241408171802,88,4763,P1 Reference Clinic Bronze - VBRA,br_samms_clinic,TASK_COMPLETE,SUCCESS,INFO,1,1,0,,2026-08-24T14:08:21.733Z,2026-08-24T15:03:37.584Z,3316,2026-08-24T15:03:37.584Z,VBRA,Brainerd,6c7532c9-dcb1-40a3-beaa-690039713dec,SAMMS-BrainerdV6
202608241448406178,202608241408171915,202608241408171802,88,4764,P1 Reference Clinic Bronze - VBRP,br_samms_clinic,TASK_COMPLETE,SUCCESS,INFO,1,1,0,,2026-08-24T14:08:21.733Z,2026-08-24T15:03:37.584Z,3316,2026-08-24T15:03:37.584Z,VBRP,BrooklynPark,6c7532c9-dcb1-40a3-beaa-690039713dec,SAMMS-BrooklynParkV6
202608241448406181,202608241408171916,202608241408171802,88,4765,P1 Reference Clinic Bronze - VMIN,br_samms_clinic,TASK_COMPLETE,SUCCESS,INFO,1,1,0,,2026-08-24T14:08:21.733Z,2026-08-24T15:03:37.584Z,3316,2026-08-24T15:03:37.584Z,VMIN,Minneapolis,6c7532c9-dcb1-40a3-beaa-690039713dec,SAMMS-MinneapolisV6
202608241448406183,202608241408171917,202608241408171802,88,4766,P1 Reference Clinic Bronze - VWBY,br_samms_clinic,TASK_COMPLETE,SUCCESS,INFO,1,1,0,,2026-08-24T14:08:21.733Z,2026-08-24T15:03:37.584Z,3316,2026-08-24T15:03:37.584Z,VWBY,Woodbury,6c7532c9-dcb1-40a3-beaa-690039713dec,SAMMS-WoodburyV6
202608241448406185,202608241408171918,202608241408171802,88,4767,P1 Reference Clinic Bronze - WIL,br_samms_clinic,TASK_COMPLETE,SUCCESS,INFO,1,1,0,,2026-08-24T14:08:21.733Z,2026-08-24T15:03:37.584Z,3316,2026-08-24T15:03:37.584Z,WIL,Wilson,6c7532c9-dcb1-40a3-beaa-690039713dec,SAMMS-Wilson
202608241448406287,202608241408271803,202608241408271802,89,4768,P1 Reference Clinic Silver,tbl_Clinic,TASK_COMPLETE,SUCCESS,INFO,115,115,0,,2026-08-24T14:08:21.733Z,2026-08-24T15:03:37.584Z,3316,2026-08-24T15:03:37.584Z,,,6c7532c9-dcb1-40a3-beaa-690039713dec,
202608241448406194,202608241408172035,202608241408171802,88,4889,P1 Reference Codes Bronze - AHK,br_samms_codes,TASK_COMPLETE,FAILED,ERROR,0,0,1,SaveCodes Bronze ForEach failed,2026-08-24T14:08:21.733Z,2026-08-24T15:03:37.584Z,3316,2026-08-24T15:03:37.584Z,AHK,Ahoskie,6c7532c9-dcb1-40a3-beaa-690039713dec,SAMMS-Ahoskie
202608241448406196,202608241408172036,202608241408171802,88,4890,P1 Reference Codes Bronze - B12B,br_samms_codes,TASK_COMPLETE,FAILED,ERROR,0,0,1,SaveCodes Bronze ForEach failed,2026-08-24T14:08:21.733Z,2026-08-24T15:03:37.584Z,3316,2026-08-24T15:03:37.584Z,B12B,ColoradoSprings,6c7532c9-dcb1-40a3-beaa-690039713dec,SAMMS-ColoradoSpringsV5
202608241448406197,202608241408172037,202608241408171802,88,4891,P1 Reference Codes Bronze - B24,br_samms_codes,TASK_COMPLETE,FAILED,ERROR,0,0,1,SaveCodes Bronze ForEach failed,2026-08-24T14:08:21.733Z,2026-08-24T15:03:37.584Z,3316,2026-08-24T15:03:37.584Z,B24,Paintsville,6c7532c9-dcb1-40a3-beaa-690039713dec,SAMMS-PaintsvilleV5
202608241448406198,202608241408172038,202608241408171802,88,4892,P1 Reference Codes Bronze - B25,br_samms_codes,TASK_COMPLETE,FAILED,ERROR,0,0,1,SaveCodes Bronze ForEach failed,2026-08-24T14:08:21.733Z,2026-08-24T15:03:37.584Z,3316,2026-08-24T15:03:37.584Z,B25,Pikeville,6c7532c9-dcb1-40a3-beaa-690039713dec,SAMMS-PikevilleV5
202608241333250324,202608241253386724,202608241253386616,88,4759,P1 Reference Clinic Bronze - V5B,br_samms_clinic,TASK_COMPLETE,SUCCESS,INFO,1,1,0,,2026-08-24T12:53:42.369Z,2026-08-24T13:42:52.652Z,2950,2026-08-24T13:42:52.652Z,V5B,Houma,8f1806c1-b1f2-4ac5-b25b-086fec51b8fb,SAMMS-HoumaV6
202608241333250326,202608241253386725,202608241253386616,88,4760,P1 Reference Clinic Bronze - V6,br_samms_clinic,TASK_COMPLETE,SUCCESS,INFO,1,1,0,,2026-08-24T12:53:42.369Z,2026-08-24T13:42:52.652Z,2950,2026-08-24T13:42:52.652Z,V6,LC,8f1806c1-b1f2-4ac5-b25b-086fec51b8fb,SAMMS-LCv5
202608241333250328,202608241253386726,202608241253386616,88,4761,P1 Reference Clinic Bronze - V8,br_samms_clinic,TASK_COMPLETE,SUCCESS,INFO,1,1,0,,2026-08-24T12:53:42.369Z,2026-08-24T13:42:52.652Z,2950,2026-08-24T13:42:52.652Z,V8,VCPHCS-VIII-Memphis,8f1806c1-b1f2-4ac5-b25b-086fec51b8fb,SAMMS-VCPHCS-VIII-MemphisV5
202608241333250330,202608241253386727,202608241253386616,88,4762,P1 Reference Clinic Bronze - V9,br_samms_clinic,TASK_COMPLETE,SUCCESS,INFO,1,1,0,,2026-08-24T12:53:42.369Z,2026-08-24T13:42:52.652Z,2950,2026-08-24T13:42:52.652Z,V9,Nashville,8f1806c1-b1f2-4ac5-b25b-086fec51b8fb,SAMMS-NashvilleV5
202608241333250332,202608241253386728,202608241253386616,88,4763,P1 Reference Clinic Bronze - VBRA,br_samms_clinic,TASK_COMPLETE,SUCCESS,INFO,1,1,0,,2026-08-24T12:53:42.369Z,2026-08-24T13:42:52.652Z,2950,2026-08-24T13:42:52.652Z,VBRA,Brainerd,8f1806c1-b1f2-4ac5-b25b-086fec51b8fb,SAMMS-BrainerdV6
202608241333250334,202608241253386729,202608241253386616,88,4764,P1 Reference Clinic Bronze - VBRP,br_samms_clinic,TASK_COMPLETE,SUCCESS,INFO,1,1,0,,2026-08-24T12:53:42.369Z,2026-08-24T13:42:52.652Z,2950,2026-08-24T13:42:52.652Z,VBRP,BrooklynPark,8f1806c1-b1f2-4ac5-b25b-086fec51b8fb,SAMMS-BrooklynParkV6
202608241333250336,202608241253386730,202608241253386616,88,4765,P1 Reference Clinic Bronze - VMIN,br_samms_clinic,TASK_COMPLETE,SUCCESS,INFO,1,1,0,,2026-08-24T12:53:42.369Z,2026-08-24T13:42:52.652Z,2950,2026-08-24T13:42:52.652Z,VMIN,Minneapolis,8f1806c1-b1f2-4ac5-b25b-086fec51b8fb,SAMMS-MinneapolisV6
202608241333250338,202608241253386731,202608241253386616,88,4766,P1 Reference Clinic Bronze - VWBY,br_samms_clinic,TASK_COMPLETE,SUCCESS,INFO,1,1,0,,2026-08-24T12:53:42.369Z,2026-08-24T13:42:52.652Z,2950,2026-08-24T13:42:52.652Z,VWBY,Woodbury,8f1806c1-b1f2-4ac5-b25b-086fec51b8fb,SAMMS-WoodburyV6
202608241333250340,202608241253386732,202608241253386616,88,4767,P1 Reference Clinic Bronze - WIL,br_samms_clinic,TASK_COMPLETE,SUCCESS,INFO,1,1,0,,2026-08-24T12:53:42.369Z,2026-08-24T13:42:52.652Z,2950,2026-08-24T13:42:52.652Z,WIL,Wilson,8f1806c1-b1f2-4ac5-b25b-086fec51b8fb,SAMMS-Wilson
202608241333250442,202608241253486617,202608241253486616,89,4768,P1 Reference Clinic Silver,tbl_Clinic,TASK_COMPLETE,SUCCESS,INFO,115,115,0,,2026-08-24T12:53:42.369Z,2026-08-24T13:42:52.652Z,2950,2026-08-24T13:42:52.652Z,,,8f1806c1-b1f2-4ac5-b25b-086fec51b8fb,
202608241333250348,202608241253386849,202608241253386616,88,4889,P1 Reference Codes Bronze - AHK,br_samms_codes,TASK_COMPLETE,FAILED,ERROR,0,0,1,SaveCodes Bronze ForEach failed,2026-08-24T12:53:42.369Z,2026-08-24T13:42:52.652Z,2950,2026-08-24T13:42:52.652Z,AHK,Ahoskie,8f1806c1-b1f2-4ac5-b25b-086fec51b8fb,SAMMS-Ahoskie
202608241333250350,202608241253386850,202608241253386616,88,4890,P1 Reference Codes Bronze - B12B,br_samms_codes,TASK_COMPLETE,FAILED,ERROR,0,0,1,SaveCodes Bronze ForEach failed,2026-08-24T12:53:42.369Z,2026-08-24T13:42:52.652Z,2950,2026-08-24T13:42:52.652Z,B12B,ColoradoSprings,8f1806c1-b1f2-4ac5-b25b-086fec51b8fb,SAMMS-ColoradoSpringsV5
202608241333250351,202608241253386851,202608241253386616,88,4891,P1 Reference Codes Bronze - B24,br_samms_codes,TASK_COMPLETE,FAILED,ERROR,0,0,1,SaveCodes Bronze ForEach failed,2026-08-24T12:53:42.369Z,2026-08-24T13:42:52.652Z,2950,2026-08-24T13:42:52.652Z,B24,Paintsville,8f1806c1-b1f2-4ac5-b25b-086fec51b8fb,SAMMS-PaintsvilleV5
202608241333250352,202608241253386852,202608241253386616,88,4892,P1 Reference Codes Bronze - B25,br_samms_codes,TASK_COMPLETE,FAILED,ERROR,0,0,1,SaveCodes Bronze ForEach failed,2026-08-24T12:53:42.369Z,2026-08-24T13:42:52.652Z,2950,2026-08-24T13:42:52.652Z,B25,Pikeville,8f1806c1-b1f2-4ac5-b25b-086fec51b8fb,SAMMS-PikevilleV5
202608241448406489,202608241408172452,202608241408171802,88,5312,P1 Reference Custom Answers Bronze - JON,br_samms_custom_answers,TASK_COMPLETE,FAILED,ERROR,0,0,1,SaveCustomAnswers Bronze ForEach failed,2026-08-24T14:08:21.733Z,2026-08-24T15:03:37.584Z,3316,2026-08-24T15:03:37.584Z,JON,Jonesboro,6c7532c9-dcb1-40a3-beaa-690039713dec,SAMMS-Jonesboro
202608241448406490,202608241408172453,202608241408171802,88,8606,P1 Reference Custom Answers Bronze - LAB,br_samms_custom_answers,TASK_COMPLETE,FAILED,ERROR,0,0,1,SaveCustomAnswers Bronze ForEach failed,2026-08-24T14:08:21.733Z,2026-08-24T15:03:37.584Z,3316,2026-08-24T15:03:37.584Z,LAB,Lab,6c7532c9-dcb1-40a3-beaa-690039713dec,SAMMS-LabV5-V2
202608241448406492,202608241408172454,202608241408171802,88,5313,P1 Reference Custom Answers Bronze - LAN,br_samms_custom_answers,TASK_COMPLETE,FAILED,ERROR,0,0,1,SaveCustomAnswers Bronze ForEach failed,2026-08-24T14:08:21.733Z,2026-08-24T15:03:37.584Z,3316,2026-08-24T15:03:37.584Z,LAN,Lansing,6c7532c9-dcb1-40a3-beaa-690039713dec,SAMMS-Lansing
202608241448406494,202608241408172455,202608241408171802,88,5314,P1 Reference Custom Answers Bronze - LO,br_samms_custom_answers,TASK_COMPLETE,FAILED,ERROR,0,0,1,SaveCustomAnswers Bronze ForEach failed,2026-08-24T14:08:21.733Z,2026-08-24T15:03:37.584Z,3316,2026-08-24T15:03:37.584Z,LO,Louisville,6c7532c9-dcb1-40a3-beaa-690039713dec,SAMMS-Louisville
202608241448406496,202608241408172456,202608241408171802,88,5315,P1 Reference Custom Answers Bronze - LV1,br_samms_custom_answers,TASK_COMPLETE,FAILED,ERROR,0,0,1,SaveCustomAnswers Bronze ForEach failed,2026-08-24T14:08:21.733Z,2026-08-24T15:03:37.584Z,3316,2026-08-24T15:03:37.584Z,LV1,Cheyenne,6c7532c9-dcb1-40a3-beaa-690039713dec,SAMMS-Cheyenne
202608241448406497,202608241408172457,202608241408171802,88,5316,P1 Reference Custom Answers Bronze - LV2,br_samms_custom_answers,TASK_COMPLETE,FAILED,ERROR,0,0,1,SaveCustomAnswers Bronze ForEach failed,2026-08-24T14:08:21.733Z,2026-08-24T15:03:37.584Z,3316,2026-08-24T15:03:37.584Z,LV2,DesertInn,6c7532c9-dcb1-40a3-beaa-690039713dec,SAMMS-DesertInn
202608241448406499,202608241408172458,202608241408171802,88,5317,P1 Reference Custom Answers Bronze - LV3,br_samms_custom_answers,TASK_COMPLETE,FAILED,ERROR,0,0,1,SaveCustomAnswers Bronze ForEach failed,2026-08-24T14:08:21.733Z,2026-08-24T15:03:37.584Z,3316,2026-08-24T15:03:37.584Z,LV3,McDaniel,6c7532c9-dcb1-40a3-beaa-690039713dec,SAMMS-McDaniel
202608241448406501,202608241408172459,202608241408171802,88,5318,P1 Reference Custom Answers Bronze - MNRE,br_samms_custom_answers,TASK_COMPLETE,FAILED,ERROR,0,0,1,SaveCustomAnswers Bronze ForEach failed,2026-08-24T14:08:21.733Z,2026-08-24T15:03:37.584Z,3316,2026-08-24T15:03:37.584Z,MNRE,Monroe,6c7532c9-dcb1-40a3-beaa-690039713dec,SAMMS-Monroe
202608241448406502,202608241408172460,202608241408171802,88,5319,P1 Reference Custom Answers Bronze - MP,br_samms_custom_answers,TASK_COMPLETE,FAILED,ERROR,0,0,1,SaveCustomAnswers Bronze ForEach failed,2026-08-24T14:08:21.733Z,2026-08-24T15:03:37.584Z,3316,2026-08-24T15:03:37.584Z,MP,MtPleasant,6c7532c9-dcb1-40a3-beaa-690039713dec,SAMMS-MtPleasant
202608241448406504,202608241408172461,202608241408171802,88,5320,P1 Reference Custom Answers Bronze - MRD,br_samms_custom_answers,TASK_COMPLETE,FAILED,ERROR,0,0,1,SaveCustomAnswers Bronze ForEach failed,2026-08-24T14:08:21.733Z,2026-08-24T15:03:37.584Z,3316,2026-08-24T15:03:37.584Z,MRD,Meridian,6c7532c9-dcb1-40a3-beaa-690039713dec,SAMMS-Meridian
202608241448406506,202608241408172462,202608241408171802,88,5321,P1 Reference Custom Answers Bronze - NC,br_samms_custom_answers,TASK_COMPLETE,FAILED,ERROR,0,0,1,SaveCustomAnswers Bronze ForEach failed,2026-08-24T14:08:21.733Z,2026-08-24T15:03:37.584Z,3316,2026-08-24T15:03:37.584Z,NC,NorthCharleston,6c7532c9-dcb1-40a3-beaa-690039713dec,SAMMS-NorthCharleston
202608241448406508,202608241408172463,202608241408171802,88,5322,P1 Reference Custom Answers Bronze - NLR,br_samms_custom_answers,TASK_COMPLETE,FAILED,ERROR,0,0,1,SaveCustomAnswers Bronze ForEach failed,2026-08-24T14:08:21.733Z,2026-08-24T15:03:37.584Z,3316,2026-08-24T15:03:37.584Z,NLR,NLROBOT,6c7532c9-dcb1-40a3-beaa-690039713dec,SAMMS-NLROBOT
202608241448406510,202608241408172464,202608241408171802,88,5323,P1 Reference Custom Answers Bronze - PH,br_samms_custom_answers,TASK_COMPLETE,FAILED,ERROR,0,0,1,SaveCustomAnswers Bronze ForEach failed,2026-08-24T14:08:21.733Z,2026-08-24T15:03:37.584Z,3316,2026-08-24T15:03:37.584Z,PH,Phoenix,6c7532c9-dcb1-40a3-beaa-690039713dec,SAMMS-Phoenix
202608241448406511,202608241408172465,202608241408171802,88,5324,P1 Reference Custom Answers Bronze - RE,br_samms_custom_answers,TASK_COMPLETE,FAILED,ERROR,0,0,1,SaveCustomAnswers Bronze ForEach failed,2026-08-24T14:08:21.733Z,2026-08-24T15:03:37.584Z,3316,2026-08-24T15:03:37.584Z,RE,Reno,6c7532c9-dcb1-40a3-beaa-690039713dec,SAMMS-Reno
202608241333250633,202608241253387266,202608241253386616,88,5312,P1 Reference Custom Answers Bronze - JON,br_samms_custom_answers,TASK_COMPLETE,FAILED,ERROR,0,0,1,SaveCustomAnswers Bronze ForEach failed,2026-08-24T12:53:42.369Z,2026-08-24T13:42:52.652Z,2950,2026-08-24T13:42:52.652Z,JON,Jonesboro,8f1806c1-b1f2-4ac5-b25b-086fec51b8fb,SAMMS-Jonesboro
202608241333250635,202608241253387267,202608241253386616,88,8606,P1 Reference Custom Answers Bronze - LAB,br_samms_custom_answers,TASK_COMPLETE,FAILED,ERROR,0,0,1,SaveCustomAnswers Bronze ForEach failed,2026-08-24T12:53:42.369Z,2026-08-24T13:42:52.652Z,2950,2026-08-24T13:42:52.652Z,LAB,Lab,8f1806c1-b1f2-4ac5-b25b-086fec51b8fb,SAMMS-LabV5-V2
202608241333250637,202608241253387268,202608241253386616,88,5313,P1 Reference Custom Answers Bronze - LAN,br_samms_custom_answers,TASK_COMPLETE,FAILED,ERROR,0,0,1,SaveCustomAnswers Bronze ForEach failed,2026-08-24T12:53:42.369Z,2026-08-24T13:42:52.652Z,2950,2026-08-24T13:42:52.652Z,LAN,Lansing,8f1806c1-b1f2-4ac5-b25b-086fec51b8fb,SAMMS-Lansing
202608241333250638,202608241253387269,202608241253386616,88,5314,P1 Reference Custom Answers Bronze - LO,br_samms_custom_answers,TASK_COMPLETE,FAILED,ERROR,0,0,1,SaveCustomAnswers Bronze ForEach failed,2026-08-24T12:53:42.369Z,2026-08-24T13:42:52.652Z,2950,2026-08-24T13:42:52.652Z,LO,Louisville,8f1806c1-b1f2-4ac5-b25b-086fec51b8fb,SAMMS-Louisville
202608241333250640,202608241253387270,202608241253386616,88,5315,P1 Reference Custom Answers Bronze - LV1,br_samms_custom_answers,TASK_COMPLETE,FAILED,ERROR,0,0,1,SaveCustomAnswers Bronze ForEach failed,2026-08-24T12:53:42.369Z,2026-08-24T13:42:52.652Z,2950,2026-08-24T13:42:52.652Z,LV1,Cheyenne,8f1806c1-b1f2-4ac5-b25b-086fec51b8fb,SAMMS-Cheyenne
202608241333250642,202608241253387271,202608241253386616,88,5316,P1 Reference Custom Answers Bronze - LV2,br_samms_custom_answers,TASK_COMPLETE,FAILED,ERROR,0,0,1,SaveCustomAnswers Bronze ForEach failed,2026-08-24T12:53:42.369Z,2026-08-24T13:42:52.652Z,2950,2026-08-24T13:42:52.652Z,LV2,DesertInn,8f1806c1-b1f2-4ac5-b25b-086fec51b8fb,SAMMS-DesertInn
202608241333250643,202608241253387272,202608241253386616,88,5317,P1 Reference Custom Answers Bronze - LV3,br_samms_custom_answers,TASK_COMPLETE,FAILED,ERROR,0,0,1,SaveCustomAnswers Bronze ForEach failed,2026-08-24T12:53:42.369Z,2026-08-24T13:42:52.652Z,2950,2026-08-24T13:42:52.652Z,LV3,McDaniel,8f1806c1-b1f2-4ac5-b25b-086fec51b8fb,SAMMS-McDaniel
202608241333250645,202608241253387273,202608241253386616,88,5318,P1 Reference Custom Answers Bronze - MNRE,br_samms_custom_answers,TASK_COMPLETE,FAILED,ERROR,0,0,1,SaveCustomAnswers Bronze ForEach failed,2026-08-24T12:53:42.369Z,2026-08-24T13:42:52.652Z,2950,2026-08-24T13:42:52.652Z,MNRE,Monroe,8f1806c1-b1f2-4ac5-b25b-086fec51b8fb,SAMMS-Monroe
202608241333250647,202608241253387274,202608241253386616,88,5319,P1 Reference Custom Answers Bronze - MP,br_samms_custom_answers,TASK_COMPLETE,FAILED,ERROR,0,0,1,SaveCustomAnswers Bronze ForEach failed,2026-08-24T12:53:42.369Z,2026-08-24T13:42:52.652Z,2950,2026-08-24T13:42:52.652Z,MP,MtPleasant,8f1806c1-b1f2-4ac5-b25b-086fec51b8fb,SAMMS-MtPleasant
202608241333250648,202608241253387275,202608241253386616,88,5320,P1 Reference Custom Answers Bronze - MRD,br_samms_custom_answers,TASK_COMPLETE,FAILED,ERROR,0,0,1,SaveCustomAnswers Bronze ForEach failed,2026-08-24T12:53:42.369Z,2026-08-24T13:42:52.652Z,2950,2026-08-24T13:42:52.652Z,MRD,Meridian,8f1806c1-b1f2-4ac5-b25b-086fec51b8fb,SAMMS-Meridian
202608241333250650,202608241253387276,202608241253386616,88,5321,P1 Reference Custom Answers Bronze - NC,br_samms_custom_answers,TASK_COMPLETE,FAILED,ERROR,0,0,1,SaveCustomAnswers Bronze ForEach failed,2026-08-24T12:53:42.369Z,2026-08-24T13:42:52.652Z,2950,2026-08-24T13:42:52.652Z,NC,NorthCharleston,8f1806c1-b1f2-4ac5-b25b-086fec51b8fb,SAMMS-NorthCharleston
202608241333250652,202608241253387277,202608241253386616,88,5322,P1 Reference Custom Answers Bronze - NLR,br_samms_custom_answers,TASK_COMPLETE,FAILED,ERROR,0,0,1,SaveCustomAnswers Bronze ForEach failed,2026-08-24T12:53:42.369Z,2026-08-24T13:42:52.652Z,2950,2026-08-24T13:42:52.652Z,NLR,NLROBOT,8f1806c1-b1f2-4ac5-b25b-086fec51b8fb,SAMMS-NLROBOT
202608241333250654,202608241253387278,202608241253386616,88,5323,P1 Reference Custom Answers Bronze - PH,br_samms_custom_answers,TASK_COMPLETE,FAILED,ERROR,0,0,1,SaveCustomAnswers Bronze ForEach failed,2026-08-24T12:53:42.369Z,2026-08-24T13:42:52.652Z,2950,2026-08-24T13:42:52.652Z,PH,Phoenix,8f1806c1-b1f2-4ac5-b25b-086fec51b8fb,SAMMS-Phoenix
202608241333250655,202608241253387279,202608241253386616,88,5324,P1 Reference Custom Answers Bronze - RE,br_samms_custom_answers,TASK_COMPLETE,FAILED,ERROR,0,0,1,SaveCustomAnswers Bronze ForEach failed,2026-08-24T12:53:42.369Z,2026-08-24T13:42:52.652Z,2950,2026-08-24T13:42:52.652Z,RE,Reno,8f1806c1-b1f2-4ac5-b25b-086fec51b8fb,SAMMS-Reno
202608221320321532,202608221237332470,202608221237331665,88,5468,P1 Reference Custom Questions Bronze - V6,br_samms_custom_questions,TASK_COMPLETE,SUCCESS,INFO,2,2,0,,2026-08-22T12:37:36.805Z,2026-08-22T13:23:02.807Z,2726,2026-08-22T13:23:02.807Z,V6,LC,63818914-9c2b-4ff6-ac1c-35595835ab93,SAMMS-LCv5
202608221320321534,202608221237332471,202608221237331665,88,5469,P1 Reference Custom Questions Bronze - V8,br_samms_custom_questions,TASK_COMPLETE,SUCCESS,INFO,48,48,0,,2026-08-22T12:37:36.805Z,2026-08-22T13:23:02.807Z,2726,2026-08-22T13:23:02.807Z,V8,VCPHCS-VIII-Memphis,63818914-9c2b-4ff6-ac1c-35595835ab93,SAMMS-VCPHCS-VIII-MemphisV5
202608221320321536,202608221237332472,202608221237331665,88,5470,P1 Reference Custom Questions Bronze - V9,br_samms_custom_questions,TASK_COMPLETE,SUCCESS,INFO,3,3,0,,2026-08-22T12:37:36.805Z,2026-08-22T13:23:02.807Z,2726,2026-08-22T13:23:02.807Z,V9,Nashville,63818914-9c2b-4ff6-ac1c-35595835ab93,SAMMS-NashvilleV5
202608221320321539,202608221237332473,202608221237331665,88,5471,P1 Reference Custom Questions Bronze - VBRA,br_samms_custom_questions,TASK_COMPLETE,SUCCESS,INFO,1,1,0,,2026-08-22T12:37:36.805Z,2026-08-22T13:23:02.807Z,2726,2026-08-22T13:23:02.807Z,VBRA,Brainerd,63818914-9c2b-4ff6-ac1c-35595835ab93,SAMMS-BrainerdV6
202608221320321541,202608221237332474,202608221237331665,88,5472,P1 Reference Custom Questions Bronze - VBRP,br_samms_custom_questions,TASK_COMPLETE,SUCCESS,INFO,1,1,0,,2026-08-22T12:37:36.805Z,2026-08-22T13:23:02.807Z,2726,2026-08-22T13:23:02.807Z,VBRP,BrooklynPark,63818914-9c2b-4ff6-ac1c-35595835ab93,SAMMS-BrooklynParkV6
202608221320321543,202608221237332475,202608221237331665,88,5473,P1 Reference Custom Questions Bronze - VMIN,br_samms_custom_questions,TASK_COMPLETE,SUCCESS,INFO,1,1,0,,2026-08-22T12:37:36.805Z,2026-08-22T13:23:02.807Z,2726,2026-08-22T13:23:02.807Z,VMIN,Minneapolis,63818914-9c2b-4ff6-ac1c-35595835ab93,SAMMS-MinneapolisV6
202608221320321546,202608221237332476,202608221237331665,88,5474,P1 Reference Custom Questions Bronze - VWBY,br_samms_custom_questions,TASK_COMPLETE,SUCCESS,INFO,1,1,0,,2026-08-22T12:37:36.805Z,2026-08-22T13:23:02.807Z,2726,2026-08-22T13:23:02.807Z,VWBY,Woodbury,63818914-9c2b-4ff6-ac1c-35595835ab93,SAMMS-WoodburyV6
202608221320321548,202608221237332477,202608221237331665,88,5475,P1 Reference Custom Questions Bronze - WIL,br_samms_custom_questions,TASK_COMPLETE,SUCCESS,INFO,0,0,0,,2026-08-22T12:37:36.805Z,2026-08-22T13:23:02.807Z,2726,2026-08-22T13:23:02.807Z,WIL,Wilson,63818914-9c2b-4ff6-ac1c-35595835ab93,SAMMS-Wilson
202608221320321650,202608221237431672,202608221237431665,89,5476,P1 Reference Custom Questions Silver,tbl_CustomQuestions,TASK_COMPLETE,SUCCESS,INFO,1958,1958,0,,2026-08-22T12:37:36.805Z,2026-08-22T13:23:02.807Z,2726,2026-08-22T13:23:02.807Z,,,63818914-9c2b-4ff6-ac1c-35595835ab93,
202608221320321560,202608221237332130,202608221237331665,88,5125,P1 Reference Dropdown List Items Bronze - AHK,br_samms_dropdown_list_items,TASK_COMPLETE,SUCCESS,INFO,4383,4383,0,,2026-08-22T12:37:36.805Z,2026-08-22T13:23:02.807Z,2726,2026-08-22T13:23:02.807Z,AHK,Ahoskie,63818914-9c2b-4ff6-ac1c-35595835ab93,SAMMS-Ahoskie
202608221320321561,202608221237332131,202608221237331665,88,5126,P1 Reference Dropdown List Items Bronze - B12B,br_samms_dropdown_list_items,TASK_COMPLETE,SUCCESS,INFO,4387,4387,0,,2026-08-22T12:37:36.805Z,2026-08-22T13:23:02.807Z,2726,2026-08-22T13:23:02.807Z,B12B,ColoradoSprings,63818914-9c2b-4ff6-ac1c-35595835ab93,SAMMS-ColoradoSpringsV5
202608221320321562,202608221237332132,202608221237331665,88,5127,P1 Reference Dropdown List Items Bronze - B24,br_samms_dropdown_list_items,TASK_COMPLETE,SUCCESS,INFO,4368,4368,0,,2026-08-22T12:37:36.805Z,2026-08-22T13:23:02.807Z,2726,2026-08-22T13:23:02.807Z,B24,Paintsville,63818914-9c2b-4ff6-ac1c-35595835ab93,SAMMS-PaintsvilleV5
202608221320321563,202608221237332133,202608221237331665,88,5128,P1 Reference Dropdown List Items Bronze - B25,br_samms_dropdown_list_items,TASK_COMPLETE,SUCCESS,INFO,4368,4368,0,,2026-08-22T12:37:36.805Z,2026-08-22T13:23:02.807Z,2726,2026-08-22T13:23:02.807Z,B25,Pikeville,63818914-9c2b-4ff6-ac1c-35595835ab93,SAMMS-PikevilleV5
202608221320321564,202608221237332134,202608221237331665,88,5129,P1 Reference Dropdown List Items Bronze - B26,br_samms_dropdown_list_items,TASK_COMPLETE,SUCCESS,INFO,4355,4355,0,,2026-08-22T12:37:36.805Z,2026-08-22T13:23:02.807Z,2726,2026-08-22T13:23:02.807Z,B26,Hazard,63818914-9c2b-4ff6-ac1c-35595835ab93,SAMMS-HazardV5
202608221320321566,202608221237332135,202608221237331665,88,5130,P1 Reference Dropdown List Items Bronze - B27,br_samms_dropdown_list_items,TASK_COMPLETE,SUCCESS,INFO,4365,4365,0,,2026-08-22T12:37:36.805Z,2026-08-22T13:23:02.807Z,2726,2026-08-22T13:23:02.807Z,B27,Savannah,63818914-9c2b-4ff6-ac1c-35595835ab93,SAMMS-SavannahV6
202608221320321567,202608221237332136,202608221237331665,88,5131,P1 Reference Dropdown List Items Bronze - B28,br_samms_dropdown_list_items,TASK_COMPLETE,SUCCESS,INFO,4355,4355,0,,2026-08-22T12:37:36.805Z,2026-08-22T13:23:02.807Z,2726,2026-08-22T13:23:02.807Z,B28,WestPlaines,63818914-9c2b-4ff6-ac1c-35595835ab93,SAMMS-WestPlainesV5
202608221320322116,202608221237332556,202608221237331665,88,5557,P1 Reference PreAdmission V6 Bronze - NC,br_samms_pre_admission_v6,TASK_COMPLETE,SUCCESS,INFO,206,206,0,,2026-08-22T12:37:36.805Z,2026-08-22T13:23:02.807Z,2726,2026-08-22T13:23:02.807Z,NC,NorthCharleston,63818914-9c2b-4ff6-ac1c-35595835ab93,SAMMS-NorthCharleston
202608221320322118,202608221237332557,202608221237331665,88,5558,P1 Reference PreAdmission V6 Bronze - NLR,br_samms_pre_admission_v6,TASK_COMPLETE,SUCCESS,INFO,185,185,0,,2026-08-22T12:37:36.805Z,2026-08-22T13:23:02.807Z,2726,2026-08-22T13:23:02.807Z,NLR,NLROBOT,63818914-9c2b-4ff6-ac1c-35595835ab93,SAMMS-NLROBOT
202608221320322120,202608221237332558,202608221237331665,88,5559,P1 Reference PreAdmission V6 Bronze - PH,br_samms_pre_admission_v6,TASK_COMPLETE,SUCCESS,INFO,58,58,0,,2026-08-22T12:37:36.805Z,2026-08-22T13:23:02.807Z,2726,2026-08-22T13:23:02.807Z,PH,Phoenix,63818914-9c2b-4ff6-ac1c-35595835ab93,SAMMS-Phoenix
202608221320322122,202608221237332559,202608221237331665,88,5560,P1 Reference PreAdmission V6 Bronze - RE,br_samms_pre_admission_v6,TASK_COMPLETE,SUCCESS,INFO,98,98,0,,2026-08-22T12:37:36.805Z,2026-08-22T13:23:02.807Z,2726,2026-08-22T13:23:02.807Z,RE,Reno,63818914-9c2b-4ff6-ac1c-35595835ab93,SAMMS-Reno
202608221320322124,202608221237332560,202608221237331665,88,5561,P1 Reference PreAdmission V6 Bronze - RMD,br_samms_pre_admission_v6,TASK_COMPLETE,SUCCESS,INFO,293,293,0,,2026-08-22T12:37:36.805Z,2026-08-22T13:23:02.807Z,2726,2026-08-22T13:23:02.807Z,RMD,Richmond,63818914-9c2b-4ff6-ac1c-35595835ab93,SAMMS-Richmond
202608221320322126,202608221237332561,202608221237331665,88,5562,P1 Reference PreAdmission V6 Bronze - SFN,br_samms_pre_admission_v6,TASK_COMPLETE,SUCCESS,INFO,132,132,0,,2026-08-22T12:37:36.805Z,2026-08-22T13:23:02.807Z,2726,2026-08-22T13:23:02.807Z,SFN,SFN,63818914-9c2b-4ff6-ac1c-35595835ab93,SAMMS-SFNv5
202608221320322129,202608221237332562,202608221237331665,88,5563,P1 Reference PreAdmission V6 Bronze - SHP,br_samms_pre_admission_v6,TASK_COMPLETE,SUCCESS,INFO,80,80,0,,2026-08-22T12:37:36.805Z,2026-08-22T13:23:02.807Z,2726,2026-08-22T13:23:02.807Z,SHP,Shreveport,63818914-9c2b-4ff6-ac1c-35595835ab93,SAMMS-Shreveport
202608221320322131,202608221237332563,202608221237331665,88,5564,P1 Reference PreAdmission V6 Bronze - STN,br_samms_pre_admission_v6,TASK_COMPLETE,SUCCESS,INFO,63,63,0,,2026-08-22T12:37:36.805Z,2026-08-22T13:23:02.807Z,2726,2026-08-22T13:23:02.807Z,STN,Staunton,63818914-9c2b-4ff6-ac1c-35595835ab93,SAMMS-Staunton
202608221320322133,202608221237332564,202608221237331665,88,5565,P1 Reference PreAdmission V6 Bronze - STVN,br_samms_pre_admission_v6,TASK_COMPLETE,SUCCESS,INFO,19,19,0,,2026-08-22T12:37:36.805Z,2026-08-22T13:23:02.807Z,2726,2026-08-22T13:23:02.807Z,STVN,Stevenson,63818914-9c2b-4ff6-ac1c-35595835ab93,SAMMS-Stevenson
202608221320322135,202608221237332565,202608221237331665,88,5566,P1 Reference PreAdmission V6 Bronze - TE,br_samms_pre_admission_v6,TASK_COMPLETE,SUCCESS,INFO,59,59,0,,2026-08-22T12:37:36.805Z,2026-08-22T13:23:02.807Z,2726,2026-08-22T13:23:02.807Z,TE,Tempe,63818914-9c2b-4ff6-ac1c-35595835ab93,SAMMS-Tempe
202608221320322137,202608221237332566,202608221237331665,88,5567,P1 Reference PreAdmission V6 Bronze - TEX,br_samms_pre_admission_v6,TASK_COMPLETE,SUCCESS,INFO,93,93,0,,2026-08-22T12:37:36.805Z,2026-08-22T13:23:02.807Z,2726,2026-08-22T13:23:02.807Z,TEX,Texarkana,63818914-9c2b-4ff6-ac1c-35595835ab93,SAMMS-Texarkana
202608221320322139,202608221237332567,202608221237331665,88,5568,P1 Reference PreAdmission V6 Bronze - TTCA,br_samms_pre_admission_v6,TASK_COMPLETE,SUCCESS,INFO,155,155,0,,2026-08-22T12:37:36.805Z,2026-08-22T13:23:02.807Z,2726,2026-08-22T13:23:02.807Z,TTCA,Bessemer,63818914-9c2b-4ff6-ac1c-35595835ab93,SAMMS-BessemerV5
202608221320322141,202608221237332568,202608221237331665,88,5569,P1 Reference PreAdmission V6 Bronze - TTCB,br_samms_pre_admission_v6,TASK_COMPLETE,SUCCESS,INFO,220,220,0,,2026-08-22T12:37:36.805Z,2026-08-22T13:23:02.807Z,2726,2026-08-22T13:23:02.807Z,TTCB,Cullman,63818914-9c2b-4ff6-ac1c-35595835ab93,SAMMS-CullmanV5
202608221320322143,202608221237332569,202608221237331665,88,5570,P1 Reference PreAdmission V6 Bronze - TTCC,br_samms_pre_admission_v6,TASK_COMPLETE,SUCCESS,INFO,123,123,0,,2026-08-22T12:37:36.805Z,2026-08-22T13:23:02.807Z,2726,2026-08-22T13:23:02.807Z,TTCC,GrandBay,63818914-9c2b-4ff6-ac1c-35595835ab93,SAMMS-GrandBay
202608221320322145,202608221237332570,202608221237331665,88,5571,P1 Reference PreAdmission V6 Bronze - TU,br_samms_pre_admission_v6,TASK_COMPLETE,SUCCESS,INFO,13,13,0,,2026-08-22T12:37:36.805Z,2026-08-22T13:23:02.807Z,2726,2026-08-22T13:23:02.807Z,TU,Tucson,63818914-9c2b-4ff6-ac1c-35595835ab93,SAMMS-Tucson
202608221320322148,202608221237332571,202608221237331665,88,5572,P1 Reference PreAdmission V6 Bronze - V1,br_samms_pre_admission_v6,TASK_COMPLETE,SUCCESS,INFO,126,126,0,,2026-08-22T12:37:36.805Z,2026-08-22T13:23:02.807Z,2726,2026-08-22T13:23:02.807Z,V1,VCPHCS-I-Memphis,63818914-9c2b-4ff6-ac1c-35595835ab93,SAMMS-VCPHCS-I-MemphisV5
202608221320321256,202608221237332327,202608221237331665,88,5323,P1 Reference Custom Answers Bronze - PH,br_samms_custom_answers,TASK_COMPLETE,SUCCESS,INFO,468,468,0,,2026-08-22T12:37:36.805Z,2026-08-22T13:23:02.807Z,2726,2026-08-22T13:23:02.807Z,PH,Phoenix,63818914-9c2b-4ff6-ac1c-35595835ab93,SAMMS-Phoenix
202608221320321258,202608221237332328,202608221237331665,88,5324,P1 Reference Custom Answers Bronze - RE,br_samms_custom_answers,TASK_COMPLETE,SUCCESS,INFO,556,556,0,,2026-08-22T12:37:36.805Z,2026-08-22T13:23:02.807Z,2726,2026-08-22T13:23:02.807Z,RE,Reno,63818914-9c2b-4ff6-ac1c-35595835ab93,SAMMS-Reno
202608221320321260,202608221237332329,202608221237331665,88,5325,P1 Reference Custom Answers Bronze - RMD,br_samms_custom_answers,TASK_COMPLETE,SUCCESS,INFO,516,516,0,,2026-08-22T12:37:36.805Z,2026-08-22T13:23:02.807Z,2726,2026-08-22T13:23:02.807Z,RMD,Richmond,63818914-9c2b-4ff6-ac1c-35595835ab93,SAMMS-Richmond
202608221320321262,202608221237332330,202608221237331665,88,5326,P1 Reference Custom Answers Bronze - SFN,br_samms_custom_answers,TASK_COMPLETE,SUCCESS,INFO,1532,1532,0,,2026-08-22T12:37:36.805Z,2026-08-22T13:23:02.807Z,2726,2026-08-22T13:23:02.807Z,SFN,SFN,63818914-9c2b-4ff6-ac1c-35595835ab93,SAMMS-SFNv5
202608221320321264,202608221237332331,202608221237331665,88,5327,P1 Reference Custom Answers Bronze - SHP,br_samms_custom_answers,TASK_COMPLETE,SUCCESS,INFO,466,466,0,,2026-08-22T12:37:36.805Z,2026-08-22T13:23:02.807Z,2726,2026-08-22T13:23:02.807Z,SHP,Shreveport,63818914-9c2b-4ff6-ac1c-35595835ab93,SAMMS-Shreveport
202608221320321266,202608221237332332,202608221237331665,88,5328,P1 Reference Custom Answers Bronze - STN,br_samms_custom_answers,TASK_COMPLETE,SUCCESS,INFO,218,218,0,,2026-08-22T12:37:36.805Z,2026-08-22T13:23:02.807Z,2726,2026-08-22T13:23:02.807Z,STN,Staunton,63818914-9c2b-4ff6-ac1c-35595835ab93,SAMMS-Staunton
202608221320321268,202608221237332333,202608221237331665,88,5329,P1 Reference Custom Answers Bronze - STVN,br_samms_custom_answers,TASK_COMPLETE,SUCCESS,INFO,84,84,0,,2026-08-22T12:37:36.805Z,2026-08-22T13:23:02.807Z,2726,2026-08-22T13:23:02.807Z,STVN,Stevenson,63818914-9c2b-4ff6-ac1c-35595835ab93,SAMMS-Stevenson
202608221320321270,202608221237332334,202608221237331665,88,5330,P1 Reference Custom Answers Bronze - TE,br_samms_custom_answers,TASK_COMPLETE,SUCCESS,INFO,84,84,0,,2026-08-22T12:37:36.805Z,2026-08-22T13:23:02.807Z,2726,2026-08-22T13:23:02.807Z,TE,Tempe,63818914-9c2b-4ff6-ac1c-35595835ab93,SAMMS-Tempe
202608221320321272,202608221237332335,202608221237331665,88,5331,P1 Reference Custom Answers Bronze - TEX,br_samms_custom_answers,TASK_COMPLETE,SUCCESS,INFO,194,194,0,,2026-08-22T12:37:36.805Z,2026-08-22T13:23:02.807Z,2726,2026-08-22T13:23:02.807Z,TEX,Texarkana,63818914-9c2b-4ff6-ac1c-35595835ab93,SAMMS-Texarkana
202608221320321274,202608221237332336,202608221237331665,88,5332,P1 Reference Custom Answers Bronze - TTCA,br_samms_custom_answers,TASK_COMPLETE,SUCCESS,INFO,1792,1792,0,,2026-08-22T12:37:36.805Z,2026-08-22T13:23:02.807Z,2726,2026-08-22T13:23:02.807Z,TTCA,Bessemer,63818914-9c2b-4ff6-ac1c-35595835ab93,SAMMS-BessemerV5
202608221320321277,202608221237332337,202608221237331665,88,5333,P1 Reference Custom Answers Bronze - TTCB,br_samms_custom_answers,TASK_COMPLETE,SUCCESS,INFO,955,955,0,,2026-08-22T12:37:36.805Z,2026-08-22T13:23:02.807Z,2726,2026-08-22T13:23:02.807Z,TTCB,Cullman,63818914-9c2b-4ff6-ac1c-35595835ab93,SAMMS-CullmanV5
202608221320321279,202608221237332338,202608221237331665,88,5334,P1 Reference Custom Answers Bronze - TTCC,br_samms_custom_answers,TASK_COMPLETE,SUCCESS,INFO,452,452,0,,2026-08-22T12:37:36.805Z,2026-08-22T13:23:02.807Z,2726,2026-08-22T13:23:02.807Z,TTCC,GrandBay,63818914-9c2b-4ff6-ac1c-35595835ab93,SAMMS-GrandBay
202608221320321281,202608221237332339,202608221237331665,88,5335,P1 Reference Custom Answers Bronze - TU,br_samms_custom_answers,TASK_COMPLETE,SUCCESS,INFO,68,68,0,,2026-08-22T12:37:36.805Z,2026-08-22T13:23:02.807Z,2726,2026-08-22T13:23:02.807Z,TU,Tucson,63818914-9c2b-4ff6-ac1c-35595835ab93,SAMMS-Tucson
202608221320321283,202608221237332340,202608221237331665,88,5336,P1 Reference Custom Answers Bronze - V1,br_samms_custom_answers,TASK_COMPLETE,SUCCESS,INFO,1990,1990,0,,2026-08-22T12:37:36.805Z,2026-08-22T13:23:02.807Z,2726,2026-08-22T13:23:02.807Z,V1,VCPHCS-I-Memphis,63818914-9c2b-4ff6-ac1c-35595835ab93,SAMMS-VCPHCS-I-MemphisV5
202608221320321285,202608221237332341,202608221237331665,88,5337,P1 Reference Custom Answers Bronze - V10,br_samms_custom_answers,TASK_COMPLETE,SUCCESS,INFO,2490,2490,0,,2026-08-22T12:37:36.805Z,2026-08-22T13:23:02.807Z,2726,2026-08-22T13:23:02.807Z,V10,Boulder,63818914-9c2b-4ff6-ac1c-35595835ab93,SAMMS-BoulderV5
202608221320321287,202608221237332342,202608221237331665,88,5338,P1 Reference Custom Answers Bronze - V10A,br_samms_custom_answers,TASK_COMPLETE,SUCCESS,INFO,3084,3084,0,,2026-08-22T12:37:36.805Z,2026-08-22T13:23:02.807Z,2726,2026-08-22T13:23:02.807Z,V10A,FortCollins,63818914-9c2b-4ff6-ac1c-35595835ab93,SAMMS-FortCollinsV5
202608241333250477,202608241253386937,202608241253386616,88,4976,P1 Reference Codes Bronze - TE,br_samms_codes,TASK_COMPLETE,FAILED,ERROR,0,0,1,SaveCodes Bronze ForEach failed,2026-08-24T12:53:42.369Z,2026-08-24T13:42:52.652Z,2950,2026-08-24T13:42:52.652Z,TE,Tempe,8f1806c1-b1f2-4ac5-b25b-086fec51b8fb,SAMMS-Tempe
202608241333250479,202608241253386938,202608241253386616,88,4977,P1 Reference Codes Bronze - TEX,br_samms_codes,TASK_COMPLETE,FAILED,ERROR,0,0,1,SaveCodes Bronze ForEach failed,2026-08-24T12:53:42.369Z,2026-08-24T13:42:52.652Z,2950,2026-08-24T13:42:52.652Z,TEX,Texarkana,8f1806c1-b1f2-4ac5-b25b-086fec51b8fb,SAMMS-Texarkana
202608241333250481,202608241253386939,202608241253386616,88,4978,P1 Reference Codes Bronze - TTCA,br_samms_codes,TASK_COMPLETE,FAILED,ERROR,0,0,1,SaveCodes Bronze ForEach failed,2026-08-24T12:53:42.369Z,2026-08-24T13:42:52.652Z,2950,2026-08-24T13:42:52.652Z,TTCA,Bessemer,8f1806c1-b1f2-4ac5-b25b-086fec51b8fb,SAMMS-BessemerV5
202608241333250483,202608241253386940,202608241253386616,88,4979,P1 Reference Codes Bronze - TTCB,br_samms_codes,TASK_COMPLETE,FAILED,ERROR,0,0,1,SaveCodes Bronze ForEach failed,2026-08-24T12:53:42.369Z,2026-08-24T13:42:52.652Z,2950,2026-08-24T13:42:52.652Z,TTCB,Cullman,8f1806c1-b1f2-4ac5-b25b-086fec51b8fb,SAMMS-CullmanV5
202608241333250485,202608241253386941,202608241253386616,88,4980,P1 Reference Codes Bronze - TTCC,br_samms_codes,TASK_COMPLETE,FAILED,ERROR,0,0,1,SaveCodes Bronze ForEach failed,2026-08-24T12:53:42.369Z,2026-08-24T13:42:52.652Z,2950,2026-08-24T13:42:52.652Z,TTCC,GrandBay,8f1806c1-b1f2-4ac5-b25b-086fec51b8fb,SAMMS-GrandBay
202608241333250487,202608241253386942,202608241253386616,88,4981,P1 Reference Codes Bronze - TU,br_samms_codes,TASK_COMPLETE,FAILED,ERROR,0,0,1,SaveCodes Bronze ForEach failed,2026-08-24T12:53:42.369Z,2026-08-24T13:42:52.652Z,2950,2026-08-24T13:42:52.652Z,TU,Tucson,8f1806c1-b1f2-4ac5-b25b-086fec51b8fb,SAMMS-Tucson
202608241333250489,202608241253386943,202608241253386616,88,4982,P1 Reference Codes Bronze - V1,br_samms_codes,TASK_COMPLETE,FAILED,ERROR,0,0,1,SaveCodes Bronze ForEach failed,2026-08-24T12:53:42.369Z,2026-08-24T13:42:52.652Z,2950,2026-08-24T13:42:52.652Z,V1,VCPHCS-I-Memphis,8f1806c1-b1f2-4ac5-b25b-086fec51b8fb,SAMMS-VCPHCS-I-MemphisV5
202608241333250490,202608241253386944,202608241253386616,88,4983,P1 Reference Codes Bronze - V10,br_samms_codes,TASK_COMPLETE,FAILED,ERROR,0,0,1,SaveCodes Bronze ForEach failed,2026-08-24T12:53:42.369Z,2026-08-24T13:42:52.652Z,2950,2026-08-24T13:42:52.652Z,V10,Boulder,8f1806c1-b1f2-4ac5-b25b-086fec51b8fb,SAMMS-BoulderV5
202608241333250492,202608241253386945,202608241253386616,88,4984,P1 Reference Codes Bronze - V10A,br_samms_codes,TASK_COMPLETE,FAILED,ERROR,0,0,1,SaveCodes Bronze ForEach failed,2026-08-24T12:53:42.369Z,2026-08-24T13:42:52.652Z,2950,2026-08-24T13:42:52.652Z,V10A,FortCollins,8f1806c1-b1f2-4ac5-b25b-086fec51b8fb,SAMMS-FortCollinsV5
202608241333250494,202608241253386946,202608241253386616,88,4985,P1 Reference Codes Bronze - V11,br_samms_codes,TASK_COMPLETE,FAILED,ERROR,0,0,1,SaveCodes Bronze ForEach failed,2026-08-24T12:53:42.369Z,2026-08-24T13:42:52.652Z,2950,2026-08-24T13:42:52.652Z,V11,VCPHCS-XI-NorthDenver,8f1806c1-b1f2-4ac5-b25b-086fec51b8fb,SAMMS-VCPHCS-XI-NorthDenverV5
202608241333250496,202608241253386947,202608241253386616,88,4986,P1 Reference Codes Bronze - V12,br_samms_codes,TASK_COMPLETE,FAILED,ERROR,0,0,1,SaveCodes Bronze ForEach failed,2026-08-24T12:53:42.369Z,2026-08-24T13:42:52.652Z,2950,2026-08-24T13:42:52.652Z,V12,VCPHCS-XII-DowntownDenver,8f1806c1-b1f2-4ac5-b25b-086fec51b8fb,SAMMS-VCPHCS-XII-DowntownDenverV5
202608241333250498,202608241253386948,202608241253386616,88,4987,P1 Reference Codes Bronze - V12A,br_samms_codes,TASK_COMPLETE,FAILED,ERROR,0,0,1,SaveCodes Bronze ForEach failed,2026-08-24T12:53:42.369Z,2026-08-24T13:42:52.652Z,2950,2026-08-24T13:42:52.652Z,V12A,Centennial,8f1806c1-b1f2-4ac5-b25b-086fec51b8fb,SAMMS-CentennialV5
202608241333250500,202608241253386949,202608241253386616,88,4988,P1 Reference Codes Bronze - V14,br_samms_codes,TASK_COMPLETE,FAILED,ERROR,0,0,1,SaveCodes Bronze ForEach failed,2026-08-24T12:53:42.369Z,2026-08-24T13:42:52.652Z,2950,2026-08-24T13:42:52.652Z,V14,VCPHCS-XIV-Bridgeway,8f1806c1-b1f2-4ac5-b25b-086fec51b8fb,SAMMS-VCPHCS-XIV-BridgewayV5
202608241333250502,202608241253386950,202608241253386616,88,4989,P1 Reference Codes Bronze - V15,br_samms_codes,TASK_COMPLETE,FAILED,ERROR,0,0,1,SaveCodes Bronze ForEach failed,2026-08-24T12:53:42.369Z,2026-08-24T13:42:52.652Z,2950,2026-08-24T13:42:52.652Z,V15,Joplin,8f1806c1-b1f2-4ac5-b25b-086fec51b8fb,SAMMS-JoplinV5
202608241448406327,202608241408172123,202608241408171802,88,4976,P1 Reference Codes Bronze - TE,br_samms_codes,TASK_COMPLETE,FAILED,ERROR,0,0,1,SaveCodes Bronze ForEach failed,2026-08-24T14:08:21.733Z,2026-08-24T15:03:37.584Z,3316,2026-08-24T15:03:37.584Z,TE,Tempe,6c7532c9-dcb1-40a3-beaa-690039713dec,SAMMS-Tempe
202608241448406329,202608241408172124,202608241408171802,88,4977,P1 Reference Codes Bronze - TEX,br_samms_codes,TASK_COMPLETE,FAILED,ERROR,0,0,1,SaveCodes Bronze ForEach failed,2026-08-24T14:08:21.733Z,2026-08-24T15:03:37.584Z,3316,2026-08-24T15:03:37.584Z,TEX,Texarkana,6c7532c9-dcb1-40a3-beaa-690039713dec,SAMMS-Texarkana
202608241448406332,202608241408172125,202608241408171802,88,4978,P1 Reference Codes Bronze - TTCA,br_samms_codes,TASK_COMPLETE,FAILED,ERROR,0,0,1,SaveCodes Bronze ForEach failed,2026-08-24T14:08:21.733Z,2026-08-24T15:03:37.584Z,3316,2026-08-24T15:03:37.584Z,TTCA,Bessemer,6c7532c9-dcb1-40a3-beaa-690039713dec,SAMMS-BessemerV5
202608241448406334,202608241408172126,202608241408171802,88,4979,P1 Reference Codes Bronze - TTCB,br_samms_codes,TASK_COMPLETE,FAILED,ERROR,0,0,1,SaveCodes Bronze ForEach failed,2026-08-24T14:08:21.733Z,2026-08-24T15:03:37.584Z,3316,2026-08-24T15:03:37.584Z,TTCB,Cullman,6c7532c9-dcb1-40a3-beaa-690039713dec,SAMMS-CullmanV5
202608241448406335,202608241408172127,202608241408171802,88,4980,P1 Reference Codes Bronze - TTCC,br_samms_codes,TASK_COMPLETE,FAILED,ERROR,0,0,1,SaveCodes Bronze ForEach failed,2026-08-24T14:08:21.733Z,2026-08-24T15:03:37.584Z,3316,2026-08-24T15:03:37.584Z,TTCC,GrandBay,6c7532c9-dcb1-40a3-beaa-690039713dec,SAMMS-GrandBay
202608241448406337,202608241408172128,202608241408171802,88,4981,P1 Reference Codes Bronze - TU,br_samms_codes,TASK_COMPLETE,FAILED,ERROR,0,0,1,SaveCodes Bronze ForEach failed,2026-08-24T14:08:21.733Z,2026-08-24T15:03:37.584Z,3316,2026-08-24T15:03:37.584Z,TU,Tucson,6c7532c9-dcb1-40a3-beaa-690039713dec,SAMMS-Tucson
202608241448406339,202608241408172129,202608241408171802,88,4982,P1 Reference Codes Bronze - V1,br_samms_codes,TASK_COMPLETE,FAILED,ERROR,0,0,1,SaveCodes Bronze ForEach failed,2026-08-24T14:08:21.733Z,2026-08-24T15:03:37.584Z,3316,2026-08-24T15:03:37.584Z,V1,VCPHCS-I-Memphis,6c7532c9-dcb1-40a3-beaa-690039713dec,SAMMS-VCPHCS-I-MemphisV5
202608241448406341,202608241408172130,202608241408171802,88,4983,P1 Reference Codes Bronze - V10,br_samms_codes,TASK_COMPLETE,FAILED,ERROR,0,0,1,SaveCodes Bronze ForEach failed,2026-08-24T14:08:21.733Z,2026-08-24T15:03:37.584Z,3316,2026-08-24T15:03:37.584Z,V10,Boulder,6c7532c9-dcb1-40a3-beaa-690039713dec,SAMMS-BoulderV5
202608241448406343,202608241408172131,202608241408171802,88,4984,P1 Reference Codes Bronze - V10A,br_samms_codes,TASK_COMPLETE,FAILED,ERROR,0,0,1,SaveCodes Bronze ForEach failed,2026-08-24T14:08:21.733Z,2026-08-24T15:03:37.584Z,3316,2026-08-24T15:03:37.584Z,V10A,FortCollins,6c7532c9-dcb1-40a3-beaa-690039713dec,SAMMS-FortCollinsV5
202608241448406345,202608241408172132,202608241408171802,88,4985,P1 Reference Codes Bronze - V11,br_samms_codes,TASK_COMPLETE,FAILED,ERROR,0,0,1,SaveCodes Bronze ForEach failed,2026-08-24T14:08:21.733Z,2026-08-24T15:03:37.584Z,3316,2026-08-24T15:03:37.584Z,V11,VCPHCS-XI-NorthDenver,6c7532c9-dcb1-40a3-beaa-690039713dec,SAMMS-VCPHCS-XI-NorthDenverV5
202608241448406347,202608241408172133,202608241408171802,88,4986,P1 Reference Codes Bronze - V12,br_samms_codes,TASK_COMPLETE,FAILED,ERROR,0,0,1,SaveCodes Bronze ForEach failed,2026-08-24T14:08:21.733Z,2026-08-24T15:03:37.584Z,3316,2026-08-24T15:03:37.584Z,V12,VCPHCS-XII-DowntownDenver,6c7532c9-dcb1-40a3-beaa-690039713dec,SAMMS-VCPHCS-XII-DowntownDenverV5
202608241448406348,202608241408172134,202608241408171802,88,4987,P1 Reference Codes Bronze - V12A,br_samms_codes,TASK_COMPLETE,FAILED,ERROR,0,0,1,SaveCodes Bronze ForEach failed,2026-08-24T14:08:21.733Z,2026-08-24T15:03:37.584Z,3316,2026-08-24T15:03:37.584Z,V12A,Centennial,6c7532c9-dcb1-40a3-beaa-690039713dec,SAMMS-CentennialV5
202608241448406350,202608241408172135,202608241408171802,88,4988,P1 Reference Codes Bronze - V14,br_samms_codes,TASK_COMPLETE,FAILED,ERROR,0,0,1,SaveCodes Bronze ForEach failed,2026-08-24T14:08:21.733Z,2026-08-24T15:03:37.584Z,3316,2026-08-24T15:03:37.584Z,V14,VCPHCS-XIV-Bridgeway,6c7532c9-dcb1-40a3-beaa-690039713dec,SAMMS-VCPHCS-XIV-BridgewayV5
202608241448406352,202608241408172136,202608241408171802,88,4989,P1 Reference Codes Bronze - V15,br_samms_codes,TASK_COMPLETE,FAILED,ERROR,0,0,1,SaveCodes Bronze ForEach failed,2026-08-24T14:08:21.733Z,2026-08-24T15:03:37.584Z,3316,2026-08-24T15:03:37.584Z,V15,Joplin,6c7532c9-dcb1-40a3-beaa-690039713dec,SAMMS-JoplinV5
202608221320322010,202608221237332492,202608221237331665,88,5493,P1 Reference PreAdmission V6 Bronze - B36,br_samms_pre_admission_v6,TASK_COMPLETE,SUCCESS,INFO,109,109,0,,2026-08-22T12:37:36.805Z,2026-08-22T13:23:02.807Z,2726,2026-08-22T13:23:02.807Z,B36,Asheville,63818914-9c2b-4ff6-ac1c-35595835ab93,SAMMS-AshevilleV5
202608221320322011,202608221237332493,202608221237331665,88,5494,P1 Reference PreAdmission V6 Bronze - B37,br_samms_pre_admission_v6,TASK_COMPLETE,SUCCESS,INFO,175,175,0,,2026-08-22T12:37:36.805Z,2026-08-22T13:23:02.807Z,2726,2026-08-22T13:23:02.807Z,B37,Clyde,63818914-9c2b-4ff6-ac1c-35595835ab93,SAMMS-ClydeV5
202608221320322013,202608221237332494,202608221237331665,88,5495,P1 Reference PreAdmission V6 Bronze - B38,br_samms_pre_admission_v6,TASK_COMPLETE,SUCCESS,INFO,286,286,0,,2026-08-22T12:37:36.805Z,2026-08-22T13:23:02.807Z,2726,2026-08-22T13:23:02.807Z,B38,Spartanburg,63818914-9c2b-4ff6-ac1c-35595835ab93,SAMMS-SpartanburgV5
202608221320322014,202608221237332495,202608221237331665,88,5496,P1 Reference PreAdmission V6 Bronze - B39,br_samms_pre_admission_v6,TASK_COMPLETE,SUCCESS,INFO,187,187,0,,2026-08-22T12:37:36.805Z,2026-08-22T13:23:02.807Z,2726,2026-08-22T13:23:02.807Z,B39,Aiken,63818914-9c2b-4ff6-ac1c-35595835ab93,SAMMS-AikenV5
202608221320322015,202608221237332496,202608221237331665,88,5497,P1 Reference PreAdmission V6 Bronze - B41,br_samms_pre_admission_v6,TASK_COMPLETE,SUCCESS,INFO,326,326,0,,2026-08-22T12:37:36.805Z,2026-08-22T13:23:02.807Z,2726,2026-08-22T13:23:02.807Z,B41,Chesapeake,63818914-9c2b-4ff6-ac1c-35595835ab93,SAMMS-ChesapeakeV5
202608221320322017,202608221237332497,202608221237331665,88,5498,P1 Reference PreAdmission V6 Bronze - B42,br_samms_pre_admission_v6,TASK_COMPLETE,SUCCESS,INFO,724,724,0,,2026-08-22T12:37:36.805Z,2026-08-22T13:23:02.807Z,2726,2026-08-22T13:23:02.807Z,B42,VirginiaBeach,63818914-9c2b-4ff6-ac1c-35595835ab93,SAMMS-VirginiaBeachV5
202608221320322018,202608221237332498,202608221237331665,88,5499,P1 Reference PreAdmission V6 Bronze - B42A,br_samms_pre_admission_v6,TASK_COMPLETE,SUCCESS,INFO,174,174,0,,2026-08-22T12:37:36.805Z,2026-08-22T13:23:02.807Z,2726,2026-08-22T13:23:02.807Z,B42A,NewportNews,63818914-9c2b-4ff6-ac1c-35595835ab93,SAMMS-NewportNewsV5
202608221320322020,202608221237332499,202608221237331665,88,5500,P1 Reference PreAdmission V6 Bronze - B42B,br_samms_pre_admission_v6,TASK_COMPLETE,SUCCESS,INFO,65,65,0,,2026-08-22T12:37:36.805Z,2026-08-22T13:23:02.807Z,2726,2026-08-22T13:23:02.807Z,B42B,Franklin,63818914-9c2b-4ff6-ac1c-35595835ab93,SAMMS-FranklinV5
202608221320322021,202608221237332500,202608221237331665,88,5501,P1 Reference PreAdmission V6 Bronze - B42C,br_samms_pre_admission_v6,TASK_COMPLETE,SUCCESS,INFO,422,422,0,,2026-08-22T12:37:36.805Z,2026-08-22T13:23:02.807Z,2726,2026-08-22T13:23:02.807Z,B42C,GlenAllen,63818914-9c2b-4ff6-ac1c-35595835ab93,SAMMS-GlenAllenV5
202608221320322022,202608221237332501,202608221237331665,88,5502,P1 Reference PreAdmission V6 Bronze - B42D,br_samms_pre_admission_v6,TASK_COMPLETE,SUCCESS,INFO,218,218,0,,2026-08-22T12:37:36.805Z,2026-08-22T13:23:02.807Z,2726,2026-08-22T13:23:02.807Z,B42D,ChesapeakeSouth,63818914-9c2b-4ff6-ac1c-35595835ab93,SAMMS-ChesapeakeSouthV5
202608221320322024,202608221237332502,202608221237331665,88,5503,P1 Reference PreAdmission V6 Bronze - B44,br_samms_pre_admission_v6,TASK_COMPLETE,SUCCESS,INFO,132,132,0,,2026-08-22T12:37:36.805Z,2026-08-22T13:23:02.807Z,2726,2026-08-22T13:23:02.807Z,B44,Albany,63818914-9c2b-4ff6-ac1c-35595835ab93,SAMMS-AlbanyV5
202608221320322025,202608221237332503,202608221237331665,88,5504,P1 Reference PreAdmission V6 Bronze - B45,br_samms_pre_admission_v6,TASK_COMPLETE,SUCCESS,INFO,231,231,0,,2026-08-22T12:37:36.805Z,2026-08-22T13:23:02.807Z,2726,2026-08-22T13:23:02.807Z,B45,Tifton,63818914-9c2b-4ff6-ac1c-35595835ab93,SAMMS-TiftonV5
202608221320322027,202608221237332504,202608221237331665,88,5505,P1 Reference PreAdmission V6 Bronze - B46,br_samms_pre_admission_v6,TASK_COMPLETE,SUCCESS,INFO,224,224,0,,2026-08-22T12:37:36.805Z,2026-08-22T13:23:02.807Z,2726,2026-08-22T13:23:02.807Z,B46,WashingtonDC,63818914-9c2b-4ff6-ac1c-35595835ab93,SAMMS-WashingtonDCv5
202608221320322028,202608221237332505,202608221237331665,88,5506,P1 Reference PreAdmission V6 Bronze - B47,br_samms_pre_admission_v6,TASK_COMPLETE,SUCCESS,INFO,172,172,0,,2026-08-22T12:37:36.805Z,2026-08-22T13:23:02.807Z,2726,2026-08-22T13:23:02.807Z,B47,Mobile,63818914-9c2b-4ff6-ac1c-35595835ab93,SAMMS-MobileV5
202608221320322029,202608221237332506,202608221237331665,88,5507,P1 Reference PreAdmission V6 Bronze - B48,br_samms_pre_admission_v6,TASK_COMPLETE,SUCCESS,INFO,179,179,0,,2026-08-22T12:37:36.805Z,2026-08-22T13:23:02.807Z,2726,2026-08-22T13:23:02.807Z,B48,Tuscaloosa,63818914-9c2b-4ff6-ac1c-35595835ab93,SAMMS-TuscaloosaV5
202608221320322031,202608221237332507,202608221237331665,88,5508,P1 Reference PreAdmission V6 Bronze - B51,br_samms_pre_admission_v6,TASK_COMPLETE,SUCCESS,INFO,156,156,0,,2026-08-22T12:37:36.805Z,2026-08-22T13:23:02.807Z,2726,2026-08-22T13:23:02.807Z,B51,NorthLittleRock,63818914-9c2b-4ff6-ac1c-35595835ab93,SAMMS-NorthLittleRockV6
202608201425196281,202608201258108588,202608201258108173,46,9122,P1 Finance FMP Bronze - HNT,br_samms_fmp,TASK_COMPLETE,SUCCESS,INFO,0,0,0,,2026-08-20T12:58:15.698Z,2026-08-20T14:28:34.201Z,5419,2026-08-20T14:28:34.201Z,HNT,Huntsville,5f0dd8ad-486e-4238-8933-2b89499a6e18,SAMMS-Huntsville
202608201425196283,202608201258108589,202608201258108173,46,9123,P1 Finance FMP Bronze - HS,br_samms_fmp,TASK_COMPLETE,SUCCESS,INFO,0,0,0,,2026-08-20T12:58:15.698Z,2026-08-20T14:28:34.201Z,5419,2026-08-20T14:28:34.201Z,HS,HotSprings,5f0dd8ad-486e-4238-8933-2b89499a6e18,SAMMS-HotSprings
202608201425196284,202608201258108590,202608201258108173,46,9124,P1 Finance FMP Bronze - JON,br_samms_fmp,TASK_COMPLETE,SUCCESS,INFO,0,0,0,,2026-08-20T12:58:15.698Z,2026-08-20T14:28:34.201Z,5419,2026-08-20T14:28:34.201Z,JON,Jonesboro,5f0dd8ad-486e-4238-8933-2b89499a6e18,SAMMS-Jonesboro
202608201425196286,202608201258108591,202608201258108173,46,13664,P1 Finance FMP Bronze - LAB,br_samms_fmp,TASK_COMPLETE,SUCCESS,INFO,948,948,0,,2026-08-20T12:58:15.698Z,2026-08-20T14:28:34.201Z,5419,2026-08-20T14:28:34.201Z,LAB,LabV5-V2,5f0dd8ad-486e-4238-8933-2b89499a6e18,SAMMS-LabV5-V2
202608201425196288,202608201258108592,202608201258108173,46,9125,P1 Finance FMP Bronze - LAN,br_samms_fmp,TASK_COMPLETE,SUCCESS,INFO,1,1,0,,2026-08-20T12:58:15.698Z,2026-08-20T14:28:34.201Z,5419,2026-08-20T14:28:34.201Z,LAN,Lansing,5f0dd8ad-486e-4238-8933-2b89499a6e18,SAMMS-Lansing
202608201425196290,202608201258108593,202608201258108173,46,9126,P1 Finance FMP Bronze - LO,br_samms_fmp,TASK_COMPLETE,SUCCESS,INFO,4,4,0,,2026-08-20T12:58:15.698Z,2026-08-20T14:28:34.201Z,5419,2026-08-20T14:28:34.201Z,LO,Louisville,5f0dd8ad-486e-4238-8933-2b89499a6e18,SAMMS-Louisville
202608201425196292,202608201258108594,202608201258108173,46,9127,P1 Finance FMP Bronze - LV1,br_samms_fmp,TASK_COMPLETE,SUCCESS,INFO,116,116,0,,2026-08-20T12:58:15.698Z,2026-08-20T14:28:34.201Z,5419,2026-08-20T14:28:34.201Z,LV1,Cheyenne,5f0dd8ad-486e-4238-8933-2b89499a6e18,SAMMS-Cheyenne
202608201425196294,202608201258108595,202608201258108173,46,9128,P1 Finance FMP Bronze - LV2,br_samms_fmp,TASK_COMPLETE,SUCCESS,INFO,22,22,0,,2026-08-20T12:58:15.698Z,2026-08-20T14:28:34.201Z,5419,2026-08-20T14:28:34.201Z,LV2,DesertInn,5f0dd8ad-486e-4238-8933-2b89499a6e18,SAMMS-DesertInn
202608201425196296,202608201258108596,202608201258108173,46,9129,P1 Finance FMP Bronze - LV3,br_samms_fmp,TASK_COMPLETE,SUCCESS,INFO,3,3,0,,2026-08-20T12:58:15.698Z,2026-08-20T14:28:34.201Z,5419,2026-08-20T14:28:34.201Z,LV3,McDaniel,5f0dd8ad-486e-4238-8933-2b89499a6e18,SAMMS-McDaniel
202608201425196298,202608201258108597,202608201258108173,46,9130,P1 Finance FMP Bronze - MNRE,br_samms_fmp,TASK_COMPLETE,SUCCESS,INFO,10,10,0,,2026-08-20T12:58:15.698Z,2026-08-20T14:28:34.201Z,5419,2026-08-20T14:28:34.201Z,MNRE,Monroe,5f0dd8ad-486e-4238-8933-2b89499a6e18,SAMMS-Monroe
202608201425196300,202608201258108598,202608201258108173,46,9131,P1 Finance FMP Bronze - MP,br_samms_fmp,TASK_COMPLETE,SUCCESS,INFO,0,0,0,,2026-08-20T12:58:15.698Z,2026-08-20T14:28:34.201Z,5419,2026-08-20T14:28:34.201Z,MP,MtPleasant,5f0dd8ad-486e-4238-8933-2b89499a6e18,SAMMS-MtPleasant
202608201425196301,202608201258108599,202608201258108173,46,9132,P1 Finance FMP Bronze - MRD,br_samms_fmp,TASK_COMPLETE,SUCCESS,INFO,0,0,0,,2026-08-20T12:58:15.698Z,2026-08-20T14:28:34.201Z,5419,2026-08-20T14:28:34.201Z,MRD,Meridian,5f0dd8ad-486e-4238-8933-2b89499a6e18,SAMMS-Meridian
202608201425196303,202608201258108600,202608201258108173,46,9133,P1 Finance FMP Bronze - NC,br_samms_fmp,TASK_COMPLETE,SUCCESS,INFO,21,21,0,,2026-08-20T12:58:15.698Z,2026-08-20T14:28:34.201Z,5419,2026-08-20T14:28:34.201Z,NC,NorthCharleston,5f0dd8ad-486e-4238-8933-2b89499a6e18,SAMMS-NorthCharleston
202608201425196305,202608201258108601,202608201258108173,46,9134,P1 Finance FMP Bronze - NLR,br_samms_fmp,TASK_COMPLETE,SUCCESS,INFO,0,0,0,,2026-08-20T12:58:15.698Z,2026-08-20T14:28:34.201Z,5419,2026-08-20T14:28:34.201Z,NLR,NLROBOT,5f0dd8ad-486e-4238-8933-2b89499a6e18,SAMMS-NLROBOT
202608201425196307,202608201258108602,202608201258108173,46,9135,P1 Finance FMP Bronze - PH,br_samms_fmp,TASK_COMPLETE,SUCCESS,INFO,0,0,0,,2026-08-20T12:58:15.698Z,2026-08-20T14:28:34.201Z,5419,2026-08-20T14:28:34.201Z,PH,Phoenix,5f0dd8ad-486e-4238-8933-2b89499a6e18,SAMMS-Phoenix
202608201425196309,202608201258108603,202608201258108173,46,9136,P1 Finance FMP Bronze - RE,br_samms_fmp,TASK_COMPLETE,SUCCESS,INFO,46,46,0,,2026-08-20T12:58:15.698Z,2026-08-20T14:28:34.201Z,5419,2026-08-20T14:28:34.201Z,RE,Reno,5f0dd8ad-486e-4238-8933-2b89499a6e18,SAMMS-Reno
202608201425196311,202608201258108604,202608201258108173,46,9137,P1 Finance FMP Bronze - RMD,br_samms_fmp,TASK_COMPLETE,SUCCESS,INFO,15,15,0,,2026-08-20T12:58:15.698Z,2026-08-20T14:28:34.201Z,5419,2026-08-20T14:28:34.201Z,RMD,Richmond,5f0dd8ad-486e-4238-8933-2b89499a6e18,SAMMS-Richmond
202608201425196313,202608201258108605,202608201258108173,46,9138,P1 Finance FMP Bronze - SFN,br_samms_fmp,TASK_COMPLETE,SUCCESS,INFO,3235,3235,0,,2026-08-20T12:58:15.698Z,2026-08-20T14:28:34.201Z,5419,2026-08-20T14:28:34.201Z,SFN,SFN,5f0dd8ad-486e-4238-8933-2b89499a6e18,SAMMS-SFNv5
202608201425196315,202608201258108606,202608201258108173,46,9139,P1 Finance FMP Bronze - SHP,br_samms_fmp,TASK_COMPLETE,SUCCESS,INFO,29,29,0,,2026-08-20T12:58:15.698Z,2026-08-20T14:28:34.201Z,5419,2026-08-20T14:28:34.201Z,SHP,Shreveport,5f0dd8ad-486e-4238-8933-2b89499a6e18,SAMMS-Shreveport
202608201425196317,202608201258108607,202608201258108173,46,9140,P1 Finance FMP Bronze - STN,br_samms_fmp,TASK_COMPLETE,SUCCESS,INFO,25,25,0,,2026-08-20T12:58:15.698Z,2026-08-20T14:28:34.201Z,5419,2026-08-20T14:28:34.201Z,STN,Staunton,5f0dd8ad-486e-4238-8933-2b89499a6e18,SAMMS-Staunton
202608201425196319,202608201258108608,202608201258108173,46,9141,P1 Finance FMP Bronze - STVN,br_samms_fmp,TASK_COMPLETE,SUCCESS,INFO,1,1,0,,2026-08-20T12:58:15.698Z,2026-08-20T14:28:34.201Z,5419,2026-08-20T14:28:34.201Z,STVN,Stevenson,5f0dd8ad-486e-4238-8933-2b89499a6e18,SAMMS-Stevenson
202608201425196321,202608201258108609,202608201258108173,46,9142,P1 Finance FMP Bronze - TE,br_samms_fmp,TASK_COMPLETE,SUCCESS,INFO,0,0,0,,2026-08-20T12:58:15.698Z,2026-08-20T14:28:34.201Z,5419,2026-08-20T14:28:34.201Z,TE,Tempe,5f0dd8ad-486e-4238-8933-2b89499a6e18,SAMMS-Tempe
202608241448407379,202608241408172169,202608241408171802,88,5025,P1 Reference Services Bronze - B41,br_samms_services,TASK_COMPLETE,FAILED,ERROR,0,0,1,SaveServices Bronze ForEach failed,2026-08-24T14:08:21.733Z,2026-08-24T15:03:37.584Z,3316,2026-08-24T15:03:37.584Z,B41,Chesapeake,6c7532c9-dcb1-40a3-beaa-690039713dec,SAMMS-ChesapeakeV5
202608241448407380,202608241408172170,202608241408171802,88,5026,P1 Reference Services Bronze - B42,br_samms_services,TASK_COMPLETE,FAILED,ERROR,0,0,1,SaveServices Bronze ForEach failed,2026-08-24T14:08:21.733Z,2026-08-24T15:03:37.584Z,3316,2026-08-24T15:03:37.584Z,B42,VirginiaBeach,6c7532c9-dcb1-40a3-beaa-690039713dec,SAMMS-VirginiaBeachV5
202608241448407381,202608241408172171,202608241408171802,88,5027,P1 Reference Services Bronze - B42A,br_samms_services,TASK_COMPLETE,FAILED,ERROR,0,0,1,SaveServices Bronze ForEach failed,2026-08-24T14:08:21.733Z,2026-08-24T15:03:37.584Z,3316,2026-08-24T15:03:37.584Z,B42A,NewportNews,6c7532c9-dcb1-40a3-beaa-690039713dec,SAMMS-NewportNewsV5
202608241448407383,202608241408172172,202608241408171802,88,5028,P1 Reference Services Bronze - B42B,br_samms_services,TASK_COMPLETE,FAILED,ERROR,0,0,1,SaveServices Bronze ForEach failed,2026-08-24T14:08:21.733Z,2026-08-24T15:03:37.584Z,3316,2026-08-24T15:03:37.584Z,B42B,Franklin,6c7532c9-dcb1-40a3-beaa-690039713dec,SAMMS-FranklinV5
202608241448407384,202608241408172173,202608241408171802,88,5029,P1 Reference Services Bronze - B42C,br_samms_services,TASK_COMPLETE,FAILED,ERROR,0,0,1,SaveServices Bronze ForEach failed,2026-08-24T14:08:21.733Z,2026-08-24T15:03:37.584Z,3316,2026-08-24T15:03:37.584Z,B42C,GlenAllen,6c7532c9-dcb1-40a3-beaa-690039713dec,SAMMS-GlenAllenV5
202608241448407386,202608241408172174,202608241408171802,88,5030,P1 Reference Services Bronze - B42D,br_samms_services,TASK_COMPLETE,FAILED,ERROR,0,0,1,SaveServices Bronze ForEach failed,2026-08-24T14:08:21.733Z,2026-08-24T15:03:37.584Z,3316,2026-08-24T15:03:37.584Z,B42D,ChesapeakeSouth,6c7532c9-dcb1-40a3-beaa-690039713dec,SAMMS-ChesapeakeSouthV5
202608241448407387,202608241408172175,202608241408171802,88,5031,P1 Reference Services Bronze - B44,br_samms_services,TASK_COMPLETE,FAILED,ERROR,0,0,1,SaveServices Bronze ForEach failed,2026-08-24T14:08:21.733Z,2026-08-24T15:03:37.584Z,3316,2026-08-24T15:03:37.584Z,B44,Albany,6c7532c9-dcb1-40a3-beaa-690039713dec,SAMMS-AlbanyV5
202608241448407389,202608241408172176,202608241408171802,88,5032,P1 Reference Services Bronze - B45,br_samms_services,TASK_COMPLETE,FAILED,ERROR,0,0,1,SaveServices Bronze ForEach failed,2026-08-24T14:08:21.733Z,2026-08-24T15:03:37.584Z,3316,2026-08-24T15:03:37.584Z,B45,Tifton,6c7532c9-dcb1-40a3-beaa-690039713dec,SAMMS-TiftonV5
202608241448407390,202608241408172177,202608241408171802,88,5033,P1 Reference Services Bronze - B46,br_samms_services,TASK_COMPLETE,FAILED,ERROR,0,0,1,SaveServices Bronze ForEach failed,2026-08-24T14:08:21.733Z,2026-08-24T15:03:37.584Z,3316,2026-08-24T15:03:37.584Z,B46,WashingtonDC,6c7532c9-dcb1-40a3-beaa-690039713dec,SAMMS-WashingtonDCv5
202608241448407392,202608241408172178,202608241408171802,88,5034,P1 Reference Services Bronze - B47,br_samms_services,TASK_COMPLETE,FAILED,ERROR,0,0,1,SaveServices Bronze ForEach failed,2026-08-24T14:08:21.733Z,2026-08-24T15:03:37.584Z,3316,2026-08-24T15:03:37.584Z,B47,Mobile,6c7532c9-dcb1-40a3-beaa-690039713dec,SAMMS-MobileV5
202608241448407393,202608241408172179,202608241408171802,88,5035,P1 Reference Services Bronze - B48,br_samms_services,TASK_COMPLETE,FAILED,ERROR,0,0,1,SaveServices Bronze ForEach failed,2026-08-24T14:08:21.733Z,2026-08-24T15:03:37.584Z,3316,2026-08-24T15:03:37.584Z,B48,Tuscaloosa,6c7532c9-dcb1-40a3-beaa-690039713dec,SAMMS-TuscaloosaV5
202608241448407395,202608241408172180,202608241408171802,88,5036,P1 Reference Services Bronze - B51,br_samms_services,TASK_COMPLETE,FAILED,ERROR,0,0,1,SaveServices Bronze ForEach failed,2026-08-24T14:08:21.733Z,2026-08-24T15:03:37.584Z,3316,2026-08-24T15:03:37.584Z,B51,NorthLittleRock,6c7532c9-dcb1-40a3-beaa-690039713dec,SAMMS-NorthLittleRockV6
202608241448407396,202608241408172181,202608241408171802,88,5037,P1 Reference Services Bronze - B52,br_samms_services,TASK_COMPLETE,FAILED,ERROR,0,0,1,SaveServices Bronze ForEach failed,2026-08-24T14:08:21.733Z,2026-08-24T15:03:37.584Z,3316,2026-08-24T15:03:37.584Z,B52,JacksonGA,6c7532c9-dcb1-40a3-beaa-690039713dec,SAMMS-JacksonGAV5
202608241448407398,202608241408172182,202608241408171802,88,5038,P1 Reference Services Bronze - B54,br_samms_services,TASK_COMPLETE,FAILED,ERROR,0,0,1,SaveServices Bronze ForEach failed,2026-08-24T14:08:21.733Z,2026-08-24T15:03:37.584Z,3316,2026-08-24T15:03:37.584Z,B54,Gadsden,6c7532c9-dcb1-40a3-beaa-690039713dec,SAMMS-GadsdenV5
202608241333251529,202608241253386983,202608241253386616,88,5025,P1 Reference Services Bronze - B41,br_samms_services,TASK_COMPLETE,FAILED,ERROR,0,0,1,SaveServices Bronze ForEach failed,2026-08-24T12:53:42.369Z,2026-08-24T13:42:52.652Z,2950,2026-08-24T13:42:52.652Z,B41,Chesapeake,8f1806c1-b1f2-4ac5-b25b-086fec51b8fb,SAMMS-ChesapeakeV5
202608241333251530,202608241253386984,202608241253386616,88,5026,P1 Reference Services Bronze - B42,br_samms_services,TASK_COMPLETE,FAILED,ERROR,0,0,1,SaveServices Bronze ForEach failed,2026-08-24T12:53:42.369Z,2026-08-24T13:42:52.652Z,2950,2026-08-24T13:42:52.652Z,B42,VirginiaBeach,8f1806c1-b1f2-4ac5-b25b-086fec51b8fb,SAMMS-VirginiaBeachV5
202608241333251531,202608241253386985,202608241253386616,88,5027,P1 Reference Services Bronze - B42A,br_samms_services,TASK_COMPLETE,FAILED,ERROR,0,0,1,SaveServices Bronze ForEach failed,2026-08-24T12:53:42.369Z,2026-08-24T13:42:52.652Z,2950,2026-08-24T13:42:52.652Z,B42A,NewportNews,8f1806c1-b1f2-4ac5-b25b-086fec51b8fb,SAMMS-NewportNewsV5
202608241333251533,202608241253386986,202608241253386616,88,5028,P1 Reference Services Bronze - B42B,br_samms_services,TASK_COMPLETE,FAILED,ERROR,0,0,1,SaveServices Bronze ForEach failed,2026-08-24T12:53:42.369Z,2026-08-24T13:42:52.652Z,2950,2026-08-24T13:42:52.652Z,B42B,Franklin,8f1806c1-b1f2-4ac5-b25b-086fec51b8fb,SAMMS-FranklinV5
202608241333251534,202608241253386987,202608241253386616,88,5029,P1 Reference Services Bronze - B42C,br_samms_services,TASK_COMPLETE,FAILED,ERROR,0,0,1,SaveServices Bronze ForEach failed,2026-08-24T12:53:42.369Z,2026-08-24T13:42:52.652Z,2950,2026-08-24T13:42:52.652Z,B42C,GlenAllen,8f1806c1-b1f2-4ac5-b25b-086fec51b8fb,SAMMS-GlenAllenV5
202608241333251535,202608241253386988,202608241253386616,88,5030,P1 Reference Services Bronze - B42D,br_samms_services,TASK_COMPLETE,FAILED,ERROR,0,0,1,SaveServices Bronze ForEach failed,2026-08-24T12:53:42.369Z,2026-08-24T13:42:52.652Z,2950,2026-08-24T13:42:52.652Z,B42D,ChesapeakeSouth,8f1806c1-b1f2-4ac5-b25b-086fec51b8fb,SAMMS-ChesapeakeSouthV5
202608241333251537,202608241253386989,202608241253386616,88,5031,P1 Reference Services Bronze - B44,br_samms_services,TASK_COMPLETE,FAILED,ERROR,0,0,1,SaveServices Bronze ForEach failed,2026-08-24T12:53:42.369Z,2026-08-24T13:42:52.652Z,2950,2026-08-24T13:42:52.652Z,B44,Albany,8f1806c1-b1f2-4ac5-b25b-086fec51b8fb,SAMMS-AlbanyV5
202608241333251538,202608241253386990,202608241253386616,88,5032,P1 Reference Services Bronze - B45,br_samms_services,TASK_COMPLETE,FAILED,ERROR,0,0,1,SaveServices Bronze ForEach failed,2026-08-24T12:53:42.369Z,2026-08-24T13:42:52.652Z,2950,2026-08-24T13:42:52.652Z,B45,Tifton,8f1806c1-b1f2-4ac5-b25b-086fec51b8fb,SAMMS-TiftonV5
202608241333251540,202608241253386991,202608241253386616,88,5033,P1 Reference Services Bronze - B46,br_samms_services,TASK_COMPLETE,FAILED,ERROR,0,0,1,SaveServices Bronze ForEach failed,2026-08-24T12:53:42.369Z,2026-08-24T13:42:52.652Z,2950,2026-08-24T13:42:52.652Z,B46,WashingtonDC,8f1806c1-b1f2-4ac5-b25b-086fec51b8fb,SAMMS-WashingtonDCv5
202608241333251541,202608241253386992,202608241253386616,88,5034,P1 Reference Services Bronze - B47,br_samms_services,TASK_COMPLETE,FAILED,ERROR,0,0,1,SaveServices Bronze ForEach failed,2026-08-24T12:53:42.369Z,2026-08-24T13:42:52.652Z,2950,2026-08-24T13:42:52.652Z,B47,Mobile,8f1806c1-b1f2-4ac5-b25b-086fec51b8fb,SAMMS-MobileV5
202608241333251542,202608241253386993,202608241253386616,88,5035,P1 Reference Services Bronze - B48,br_samms_services,TASK_COMPLETE,FAILED,ERROR,0,0,1,SaveServices Bronze ForEach failed,2026-08-24T12:53:42.369Z,2026-08-24T13:42:52.652Z,2950,2026-08-24T13:42:52.652Z,B48,Tuscaloosa,8f1806c1-b1f2-4ac5-b25b-086fec51b8fb,SAMMS-TuscaloosaV5
202608241333251544,202608241253386994,202608241253386616,88,5036,P1 Reference Services Bronze - B51,br_samms_services,TASK_COMPLETE,FAILED,ERROR,0,0,1,SaveServices Bronze ForEach failed,2026-08-24T12:53:42.369Z,2026-08-24T13:42:52.652Z,2950,2026-08-24T13:42:52.652Z,B51,NorthLittleRock,8f1806c1-b1f2-4ac5-b25b-086fec51b8fb,SAMMS-NorthLittleRockV6
202608241333251545,202608241253386995,202608241253386616,88,5037,P1 Reference Services Bronze - B52,br_samms_services,TASK_COMPLETE,FAILED,ERROR,0,0,1,SaveServices Bronze ForEach failed,2026-08-24T12:53:42.369Z,2026-08-24T13:42:52.652Z,2950,2026-08-24T13:42:52.652Z,B52,JacksonGA,8f1806c1-b1f2-4ac5-b25b-086fec51b8fb,SAMMS-JacksonGAV5
202608241333251546,202608241253386996,202608241253386616,88,5038,P1 Reference Services Bronze - B54,br_samms_services,TASK_COMPLETE,FAILED,ERROR,0,0,1,SaveServices Bronze ForEach failed,2026-08-24T12:53:42.369Z,2026-08-24T13:42:52.652Z,2950,2026-08-24T13:42:52.652Z,B54,Gadsden,8f1806c1-b1f2-4ac5-b25b-086fec51b8fb,SAMMS-GadsdenV5
202608221320321224,202608221237332311,202608221237331665,88,5308,P1 Reference Custom Answers Bronze - GAL,br_samms_custom_answers,TASK_COMPLETE,SUCCESS,INFO,412,412,0,,2026-08-22T12:37:36.805Z,2026-08-22T13:23:02.807Z,2726,2026-08-22T13:23:02.807Z,GAL,Gaylord,63818914-9c2b-4ff6-ac1c-35595835ab93,SAMMS-Gaylord
202608221320321226,202608221237332312,202608221237331665,88,5309,P1 Reference Custom Answers Bronze - HGT,br_samms_custom_answers,TASK_COMPLETE,SUCCESS,INFO,6769,6769,0,,2026-08-22T12:37:36.805Z,2026-08-22T13:23:02.807Z,2726,2026-08-22T13:23:02.807Z,HGT,Hagerstown,63818914-9c2b-4ff6-ac1c-35595835ab93,SAMMS-Hagerstown
202608221320321228,202608221237332313,202608221237331665,88,5310,P1 Reference Custom Answers Bronze - HNT,br_samms_custom_answers,TASK_COMPLETE,SUCCESS,INFO,422,422,0,,2026-08-22T12:37:36.805Z,2026-08-22T13:23:02.807Z,2726,2026-08-22T13:23:02.807Z,HNT,Huntsville,63818914-9c2b-4ff6-ac1c-35595835ab93,SAMMS-Huntsville
202608221320321230,202608221237332314,202608221237331665,88,5311,P1 Reference Custom Answers Bronze - HS,br_samms_custom_answers,TASK_COMPLETE,SUCCESS,INFO,228,228,0,,2026-08-22T12:37:36.805Z,2026-08-22T13:23:02.807Z,2726,2026-08-22T13:23:02.807Z,HS,HotSprings,63818914-9c2b-4ff6-ac1c-35595835ab93,SAMMS-HotSprings
202608221320321232,202608221237332315,202608221237331665,88,5312,P1 Reference Custom Answers Bronze - JON,br_samms_custom_answers,TASK_COMPLETE,SUCCESS,INFO,158,158,0,,2026-08-22T12:37:36.805Z,2026-08-22T13:23:02.807Z,2726,2026-08-22T13:23:02.807Z,JON,Jonesboro,63818914-9c2b-4ff6-ac1c-35595835ab93,SAMMS-Jonesboro
202608221320321234,202608221237332316,202608221237331665,88,8606,P1 Reference Custom Answers Bronze - LAB,br_samms_custom_answers,TASK_COMPLETE,SUCCESS,INFO,15,15,0,,2026-08-22T12:37:36.805Z,2026-08-22T13:23:02.807Z,2726,2026-08-22T13:23:02.807Z,LAB,Lab,63818914-9c2b-4ff6-ac1c-35595835ab93,SAMMS-LabV5-V2
202608221320321236,202608221237332317,202608221237331665,88,5313,P1 Reference Custom Answers Bronze - LAN,br_samms_custom_answers,TASK_COMPLETE,SUCCESS,INFO,310,310,0,,2026-08-22T12:37:36.805Z,2026-08-22T13:23:02.807Z,2726,2026-08-22T13:23:02.807Z,LAN,Lansing,63818914-9c2b-4ff6-ac1c-35595835ab93,SAMMS-Lansing
202608221320321238,202608221237332318,202608221237331665,88,5314,P1 Reference Custom Answers Bronze - LO,br_samms_custom_answers,TASK_COMPLETE,SUCCESS,INFO,618,618,0,,2026-08-22T12:37:36.805Z,2026-08-22T13:23:02.807Z,2726,2026-08-22T13:23:02.807Z,LO,Louisville,63818914-9c2b-4ff6-ac1c-35595835ab93,SAMMS-Louisville
202608221320321240,202608221237332319,202608221237331665,88,5315,P1 Reference Custom Answers Bronze - LV1,br_samms_custom_answers,TASK_COMPLETE,SUCCESS,INFO,1360,1360,0,,2026-08-22T12:37:36.805Z,2026-08-22T13:23:02.807Z,2726,2026-08-22T13:23:02.807Z,LV1,Cheyenne,63818914-9c2b-4ff6-ac1c-35595835ab93,SAMMS-Cheyenne
202608221320321242,202608221237332320,202608221237331665,88,5316,P1 Reference Custom Answers Bronze - LV2,br_samms_custom_answers,TASK_COMPLETE,SUCCESS,INFO,1802,1802,0,,2026-08-22T12:37:36.805Z,2026-08-22T13:23:02.807Z,2726,2026-08-22T13:23:02.807Z,LV2,DesertInn,63818914-9c2b-4ff6-ac1c-35595835ab93,SAMMS-DesertInn
202608221320321244,202608221237332321,202608221237331665,88,5317,P1 Reference Custom Answers Bronze - LV3,br_samms_custom_answers,TASK_COMPLETE,SUCCESS,INFO,902,902,0,,2026-08-22T12:37:36.805Z,2026-08-22T13:23:02.807Z,2726,2026-08-22T13:23:02.807Z,LV3,McDaniel,63818914-9c2b-4ff6-ac1c-35595835ab93,SAMMS-McDaniel
202608221320321246,202608221237332322,202608221237331665,88,5318,P1 Reference Custom Answers Bronze - MNRE,br_samms_custom_answers,TASK_COMPLETE,SUCCESS,INFO,242,242,0,,2026-08-22T12:37:36.805Z,2026-08-22T13:23:02.807Z,2726,2026-08-22T13:23:02.807Z,MNRE,Monroe,63818914-9c2b-4ff6-ac1c-35595835ab93,SAMMS-Monroe
202608221320321248,202608221237332323,202608221237331665,88,5319,P1 Reference Custom Answers Bronze - MP,br_samms_custom_answers,TASK_COMPLETE,SUCCESS,INFO,238,238,0,,2026-08-22T12:37:36.805Z,2026-08-22T13:23:02.807Z,2726,2026-08-22T13:23:02.807Z,MP,MtPleasant,63818914-9c2b-4ff6-ac1c-35595835ab93,SAMMS-MtPleasant
202608221320321250,202608221237332324,202608221237331665,88,5320,P1 Reference Custom Answers Bronze - MRD,br_samms_custom_answers,TASK_COMPLETE,SUCCESS,INFO,188,188,0,,2026-08-22T12:37:36.805Z,2026-08-22T13:23:02.807Z,2726,2026-08-22T13:23:02.807Z,MRD,Meridian,63818914-9c2b-4ff6-ac1c-35595835ab93,SAMMS-Meridian
202608221320321252,202608221237332325,202608221237331665,88,5321,P1 Reference Custom Answers Bronze - NC,br_samms_custom_answers,TASK_COMPLETE,SUCCESS,INFO,688,688,0,,2026-08-22T12:37:36.805Z,2026-08-22T13:23:02.807Z,2726,2026-08-22T13:23:02.807Z,NC,NorthCharleston,63818914-9c2b-4ff6-ac1c-35595835ab93,SAMMS-NorthCharleston
202608221320321254,202608221237332326,202608221237331665,88,5322,P1 Reference Custom Answers Bronze - NLR,br_samms_custom_answers,TASK_COMPLETE,SUCCESS,INFO,176,176,0,,2026-08-22T12:37:36.805Z,2026-08-22T13:23:02.807Z,2726,2026-08-22T13:23:02.807Z,NLR,NLROBOT,63818914-9c2b-4ff6-ac1c-35595835ab93,SAMMS-NLROBOT
202608221320321147,202608221237332263,202608221237331665,88,5260,P1 Reference Custom Answers Bronze - B39,br_samms_custom_answers,TASK_COMPLETE,SUCCESS,INFO,1703,1703,0,,2026-08-22T12:37:36.805Z,2026-08-22T13:23:02.807Z,2726,2026-08-22T13:23:02.807Z,B39,Aiken,63818914-9c2b-4ff6-ac1c-35595835ab93,SAMMS-AikenV5
202608221320321148,202608221237332264,202608221237331665,88,5261,P1 Reference Custom Answers Bronze - B41,br_samms_custom_answers,TASK_COMPLETE,SUCCESS,INFO,2120,2120,0,,2026-08-22T12:37:36.805Z,2026-08-22T13:23:02.807Z,2726,2026-08-22T13:23:02.807Z,B41,Chesapeake,63818914-9c2b-4ff6-ac1c-35595835ab93,SAMMS-ChesapeakeV5
202608221320321150,202608221237332265,202608221237331665,88,5262,P1 Reference Custom Answers Bronze - B42,br_samms_custom_answers,TASK_COMPLETE,SUCCESS,INFO,4182,4182,0,,2026-08-22T12:37:36.805Z,2026-08-22T13:23:02.807Z,2726,2026-08-22T13:23:02.807Z,B42,VirginiaBeach,63818914-9c2b-4ff6-ac1c-35595835ab93,SAMMS-VirginiaBeachV5
202608221320321151,202608221237332266,202608221237331665,88,5263,P1 Reference Custom Answers Bronze - B42A,br_samms_custom_answers,TASK_COMPLETE,SUCCESS,INFO,1264,1264,0,,2026-08-22T12:37:36.805Z,2026-08-22T13:23:02.807Z,2726,2026-08-22T13:23:02.807Z,B42A,NewportNews,63818914-9c2b-4ff6-ac1c-35595835ab93,SAMMS-NewportNewsV5
202608221320321152,202608221237332267,202608221237331665,88,5264,P1 Reference Custom Answers Bronze - B42B,br_samms_custom_answers,TASK_COMPLETE,SUCCESS,INFO,428,428,0,,2026-08-22T12:37:36.805Z,2026-08-22T13:23:02.807Z,2726,2026-08-22T13:23:02.807Z,B42B,Franklin,63818914-9c2b-4ff6-ac1c-35595835ab93,SAMMS-FranklinV5
202608221320321154,202608221237332268,202608221237331665,88,5265,P1 Reference Custom Answers Bronze - B42C,br_samms_custom_answers,TASK_COMPLETE,SUCCESS,INFO,1304,1304,0,,2026-08-22T12:37:36.805Z,2026-08-22T13:23:02.807Z,2726,2026-08-22T13:23:02.807Z,B42C,GlenAllen,63818914-9c2b-4ff6-ac1c-35595835ab93,SAMMS-GlenAllenV5
202608221320321155,202608221237332269,202608221237331665,88,5266,P1 Reference Custom Answers Bronze - B42D,br_samms_custom_answers,TASK_COMPLETE,SUCCESS,INFO,1200,1200,0,,2026-08-22T12:37:36.805Z,2026-08-22T13:23:02.807Z,2726,2026-08-22T13:23:02.807Z,B42D,ChesapeakeSouth,63818914-9c2b-4ff6-ac1c-35595835ab93,SAMMS-ChesapeakeSouthV5
202608221320321157,202608221237332270,202608221237331665,88,5267,P1 Reference Custom Answers Bronze - B44,br_samms_custom_answers,TASK_COMPLETE,SUCCESS,INFO,808,808,0,,2026-08-22T12:37:36.805Z,2026-08-22T13:23:02.807Z,2726,2026-08-22T13:23:02.807Z,B44,Albany,63818914-9c2b-4ff6-ac1c-35595835ab93,SAMMS-AlbanyV5
202608221320321158,202608221237332271,202608221237331665,88,5268,P1 Reference Custom Answers Bronze - B45,br_samms_custom_answers,TASK_COMPLETE,SUCCESS,INFO,1634,1634,0,,2026-08-22T12:37:36.805Z,2026-08-22T13:23:02.807Z,2726,2026-08-22T13:23:02.807Z,B45,Tifton,63818914-9c2b-4ff6-ac1c-35595835ab93,SAMMS-TiftonV5
202608221320321160,202608221237332272,202608221237331665,88,5269,P1 Reference Custom Answers Bronze - B46,br_samms_custom_answers,TASK_COMPLETE,SUCCESS,INFO,252,252,0,,2026-08-22T12:37:36.805Z,2026-08-22T13:23:02.807Z,2726,2026-08-22T13:23:02.807Z,B46,WashingtonDC,63818914-9c2b-4ff6-ac1c-35595835ab93,SAMMS-WashingtonDCv5
202608221320321161,202608221237332273,202608221237331665,88,5270,P1 Reference Custom Answers Bronze - B47,br_samms_custom_answers,TASK_COMPLETE,SUCCESS,INFO,1826,1826,0,,2026-08-22T12:37:36.805Z,2026-08-22T13:23:02.807Z,2726,2026-08-22T13:23:02.807Z,B47,Mobile,63818914-9c2b-4ff6-ac1c-35595835ab93,SAMMS-MobileV5
202608221320321162,202608221237332274,202608221237331665,88,5271,P1 Reference Custom Answers Bronze - B48,br_samms_custom_answers,TASK_COMPLETE,SUCCESS,INFO,1294,1294,0,,2026-08-22T12:37:36.805Z,2026-08-22T13:23:02.807Z,2726,2026-08-22T13:23:02.807Z,B48,Tuscaloosa,63818914-9c2b-4ff6-ac1c-35595835ab93,SAMMS-TuscaloosaV5
202608221320321164,202608221237332275,202608221237331665,88,5272,P1 Reference Custom Answers Bronze - B51,br_samms_custom_answers,TASK_COMPLETE,SUCCESS,INFO,342,342,0,,2026-08-22T12:37:36.805Z,2026-08-22T13:23:02.807Z,2726,2026-08-22T13:23:02.807Z,B51,NorthLittleRock,63818914-9c2b-4ff6-ac1c-35595835ab93,SAMMS-NorthLittleRockV6
202608221320321165,202608221237332276,202608221237331665,88,5273,P1 Reference Custom Answers Bronze - B52,br_samms_custom_answers,TASK_COMPLETE,SUCCESS,INFO,616,616,0,,2026-08-22T12:37:36.805Z,2026-08-22T13:23:02.807Z,2726,2026-08-22T13:23:02.807Z,B52,JacksonGA,63818914-9c2b-4ff6-ac1c-35595835ab93,SAMMS-JacksonGAV5
202608221320321167,202608221237332277,202608221237331665,88,5274,P1 Reference Custom Answers Bronze - B54,br_samms_custom_answers,TASK_COMPLETE,SUCCESS,INFO,1630,1630,0,,2026-08-22T12:37:36.805Z,2026-08-22T13:23:02.807Z,2726,2026-08-22T13:23:02.807Z,B54,Gadsden,63818914-9c2b-4ff6-ac1c-35595835ab93,SAMMS-GadsdenV5
202608221320321168,202608221237332278,202608221237331665,88,5275,P1 Reference Custom Answers Bronze - B55,br_samms_custom_answers,TASK_COMPLETE,SUCCESS,INFO,1534,1534,0,,2026-08-22T12:37:36.805Z,2026-08-22T13:23:02.807Z,2726,2026-08-22T13:23:02.807Z,B55,Shoals,63818914-9c2b-4ff6-ac1c-35595835ab93,SAMMS-ShoalsV5
202608201425196244,202608201258108566,202608201258108173,46,9100,P1 Finance FMP Bronze - BOI,br_samms_fmp,TASK_COMPLETE,SUCCESS,INFO,26,26,0,,2026-08-20T12:58:15.698Z,2026-08-20T14:28:34.201Z,5419,2026-08-20T14:28:34.201Z,BOI,Boise,5f0dd8ad-486e-4238-8933-2b89499a6e18,SAMMS-Boise
202608201425196245,202608201258108567,202608201258108173,46,9101,P1 Finance FMP Bronze - CBCO,br_samms_fmp,TASK_COMPLETE,SUCCESS,INFO,10,10,0,,2026-08-20T12:58:15.698Z,2026-08-20T14:28:34.201Z,5419,2026-08-20T14:28:34.201Z,CBCO,CoeurdAlene,5f0dd8ad-486e-4238-8933-2b89499a6e18,SAMMS-CoeurdAleneV6
202608201425196247,202608201258108568,202608201258108173,46,9102,P1 Finance FMP Bronze - CON,br_samms_fmp,TASK_COMPLETE,SUCCESS,INFO,0,0,0,,2026-08-20T12:58:15.698Z,2026-08-20T14:28:34.201Z,5419,2026-08-20T14:28:34.201Z,CON,Conway,5f0dd8ad-486e-4238-8933-2b89499a6e18,SAMMS-Conway
202608201425196248,202608201258108569,202608201258108173,46,9103,P1 Finance FMP Bronze - D07,br_samms_fmp,TASK_COMPLETE,SUCCESS,INFO,2,2,0,,2026-08-20T12:58:15.698Z,2026-08-20T14:28:34.201Z,5419,2026-08-20T14:28:34.201Z,D07,Knoxville,5f0dd8ad-486e-4238-8933-2b89499a6e18,SAMMS-KnoxvilleV6
202608201425196250,202608201258108570,202608201258108173,46,9104,P1 Finance FMP Bronze - D08,br_samms_fmp,TASK_COMPLETE,SUCCESS,INFO,6,6,0,,2026-08-20T12:58:15.698Z,2026-08-20T14:28:34.201Z,5419,2026-08-20T14:28:34.201Z,D08,Madison,5f0dd8ad-486e-4238-8933-2b89499a6e18,SAMMS-MadisonV6
202608201425196252,202608201258108571,202608201258108173,46,9105,P1 Finance FMP Bronze - D09,br_samms_fmp,TASK_COMPLETE,SUCCESS,INFO,25,25,0,,2026-08-20T12:58:15.698Z,2026-08-20T14:28:34.201Z,5419,2026-08-20T14:28:34.201Z,D09,Murfreesboro,5f0dd8ad-486e-4238-8933-2b89499a6e18,SAMMS-MurfreesboroV6
202608201425196253,202608201258108572,202608201258108173,46,9106,P1 Finance FMP Bronze - DA,br_samms_fmp,TASK_COMPLETE,SUCCESS,INFO,111,111,0,,2026-08-20T12:58:15.698Z,2026-08-20T14:28:34.201Z,5419,2026-08-20T14:28:34.201Z,DA,Davenport,5f0dd8ad-486e-4238-8933-2b89499a6e18,SAMMS-Davenport
202608201425196255,202608201258108573,202608201258108173,46,9107,P1 Finance FMP Bronze - DM,br_samms_fmp,TASK_COMPLETE,SUCCESS,INFO,0,0,0,,2026-08-20T12:58:15.698Z,2026-08-20T14:28:34.201Z,5419,2026-08-20T14:28:34.201Z,DM,DesMoines,5f0dd8ad-486e-4238-8933-2b89499a6e18,SAMMS-DesMoines
202608201425196257,202608201258108574,202608201258108173,46,9108,P1 Finance FMP Bronze - DRD-CO,br_samms_fmp,TASK_COMPLETE,SUCCESS,INFO,3004,3004,0,,2026-08-20T12:58:15.698Z,2026-08-20T14:28:34.201Z,5419,2026-08-20T14:28:34.201Z,DRD-CO,Columbia,5f0dd8ad-486e-4238-8933-2b89499a6e18,SAMMS-ColumbiaV5
202608201425196258,202608201258108575,202608201258108173,46,9109,P1 Finance FMP Bronze - DRD-KC,br_samms_fmp,TASK_COMPLETE,SUCCESS,INFO,2788,2788,0,,2026-08-20T12:58:15.698Z,2026-08-20T14:28:34.201Z,5419,2026-08-20T14:28:34.201Z,DRD-KC,KC,5f0dd8ad-486e-4238-8933-2b89499a6e18,SAMMS-KCv5
202608201425196260,202608201258108576,202608201258108173,46,9110,P1 Finance FMP Bronze - DRD-KVB,br_samms_fmp,TASK_COMPLETE,SUCCESS,INFO,8199,8199,0,,2026-08-20T12:58:15.698Z,2026-08-20T14:28:34.201Z,5419,2026-08-20T14:28:34.201Z,DRD-KVB,KVB,5f0dd8ad-486e-4238-8933-2b89499a6e18,SAMMS-KVBv5
202608201425196262,202608201258108577,202608201258108173,46,9111,P1 Finance FMP Bronze - DRD-KVC,br_samms_fmp,TASK_COMPLETE,SUCCESS,INFO,9978,9978,0,,2026-08-20T12:58:15.698Z,2026-08-20T14:28:34.201Z,5419,2026-08-20T14:28:34.201Z,DRD-KVC,KVC,5f0dd8ad-486e-4238-8933-2b89499a6e18,SAMMS-KVCv5
202608201425196263,202608201258108578,202608201258108173,46,9112,P1 Finance FMP Bronze - DRD-NOLA,br_samms_fmp,TASK_COMPLETE,SUCCESS,INFO,10188,10188,0,,2026-08-20T12:58:15.698Z,2026-08-20T14:28:34.201Z,5419,2026-08-20T14:28:34.201Z,DRD-NOLA,NOLA,5f0dd8ad-486e-4238-8933-2b89499a6e18,SAMMS-NOLAv5
202608201425196265,202608201258108579,202608201258108173,46,9113,P1 Finance FMP Bronze - DRD-SF,br_samms_fmp,TASK_COMPLETE,SUCCESS,INFO,15854,15854,0,,2026-08-20T12:58:15.698Z,2026-08-20T14:28:34.201Z,5419,2026-08-20T14:28:34.201Z,DRD-SF,SF,5f0dd8ad-486e-4238-8933-2b89499a6e18,SAMMS-SFv5
202608201425196267,202608201258108580,202608201258108173,46,9114,P1 Finance FMP Bronze - ELC,br_samms_fmp,TASK_COMPLETE,SUCCESS,INFO,30,30,0,,2026-08-20T12:58:15.698Z,2026-08-20T14:28:34.201Z,5419,2026-08-20T14:28:34.201Z,ELC,ElizabethCity,5f0dd8ad-486e-4238-8933-2b89499a6e18,SAMMS-ElizabethCity
202608201425196269,202608201258108581,202608201258108173,46,9115,P1 Finance FMP Bronze - ET,br_samms_fmp,TASK_COMPLETE,SUCCESS,INFO,12,12,0,,2026-08-20T12:58:15.698Z,2026-08-20T14:28:34.201Z,5419,2026-08-20T14:28:34.201Z,ET,Elizabethtown,5f0dd8ad-486e-4238-8933-2b89499a6e18,SAMMS-Elizabethtown
202608201425196270,202608201258108582,202608201258108173,46,9116,P1 Finance FMP Bronze - FAY,br_samms_fmp,TASK_COMPLETE,SUCCESS,INFO,0,0,0,,2026-08-20T12:58:15.698Z,2026-08-20T14:28:34.201Z,5419,2026-08-20T14:28:34.201Z,FAY,Fayetteville,5f0dd8ad-486e-4238-8933-2b89499a6e18,SAMMS-Fayetteville
202608201425196272,202608201258108583,202608201258108173,46,9117,P1 Finance FMP Bronze - FR,br_samms_fmp,TASK_COMPLETE,SUCCESS,INFO,0,0,0,,2026-08-20T12:58:15.698Z,2026-08-20T14:28:34.201Z,5419,2026-08-20T14:28:34.201Z,FR,Frankfort,5f0dd8ad-486e-4238-8933-2b89499a6e18,SAMMS-Frankfort
202608201425196274,202608201258108584,202608201258108173,46,9118,P1 Finance FMP Bronze - FS,br_samms_fmp,TASK_COMPLETE,SUCCESS,INFO,0,0,0,,2026-08-20T12:58:15.698Z,2026-08-20T14:28:34.201Z,5419,2026-08-20T14:28:34.201Z,FS,FortSmith,5f0dd8ad-486e-4238-8933-2b89499a6e18,SAMMS-FortSmith
202608201425196275,202608201258108585,202608201258108173,46,9119,P1 Finance FMP Bronze - FW,br_samms_fmp,TASK_COMPLETE,SUCCESS,INFO,0,0,0,,2026-08-20T12:58:15.698Z,2026-08-20T14:28:34.201Z,5419,2026-08-20T14:28:34.201Z,FW,FortWayne,5f0dd8ad-486e-4238-8933-2b89499a6e18,SAMMS-FortWayne
202608201425196277,202608201258108586,202608201258108173,46,9120,P1 Finance FMP Bronze - GAL,br_samms_fmp,TASK_COMPLETE,SUCCESS,INFO,41,41,0,,2026-08-20T12:58:15.698Z,2026-08-20T14:28:34.201Z,5419,2026-08-20T14:28:34.201Z,GAL,Gaylord,5f0dd8ad-486e-4238-8933-2b89499a6e18,SAMMS-Gaylord
202608201425196279,202608201258108587,202608201258108173,46,9121,P1 Finance FMP Bronze - HGT,br_samms_fmp,TASK_COMPLETE,SUCCESS,INFO,163,163,0,,2026-08-20T12:58:15.698Z,2026-08-20T14:28:34.201Z,5419,2026-08-20T14:28:34.201Z,HGT,Hagerstown,5f0dd8ad-486e-4238-8933-2b89499a6e18,SAMMS-Hagerstown
202608270733037090,202608270733037090,20260827043602,132,13705,Marketing Admits Readmissions Gold,AdmitsPReadmissions,TASK_FAILED,FAILED,ERROR,325842,0,325842,An error occurred while calling o17032.synapsesql. : com.microsoft.spark.fabric.tds.write.error.FabricSparkTDSWriteError: Three part table name is expected - `database_name.schema_name.table_name`,2026-08-27T07:33:03.709Z,2026-08-27T07:33:36.903Z,33,2026-08-27T07:33:36.903Z,,,67cdece8-9745-4c87-ab73-e4e58104b61d,
202608221159575467,202608221137370318,202608221137370305,44,5740,SAMMSGLOBAL Silver,sl_DiversionNotificationLog,TASK_COMPLETE,FAILED,ERROR,18843,0,1,[SL Table Failure] Silver execution failed for SaveDiversionNotificationLog (Activity: nb_brz_to_slv): SAMMS Global pipeline failed.,2026-08-22T11:37:32.306Z,2026-08-22T12:00:00.866Z,1348,2026-08-22T12:00:00.866Z,Global,Global,17fb4855-5e12-4261-b216-b3f67dc16eb3,SAMMSGLOBAL
202608270731485533,202608270731485533,20260827043602,132,13703,Location Retention Gold,LocationRetention,TASK_FAILED,FAILED,ERROR,0,0,1,An error occurred while calling o12469.synapsesql. : com.microsoft.spark.fabric.tds.write.error.FabricSparkTDSWriteError: Three part table name is expected - `database_name.schema_name.table_name`,2026-08-27T07:31:48.553Z,2026-08-27T07:32:10.729Z,22,2026-08-27T07:32:10.729Z,,,67cdece8-9745-4c87-ab73-e4e58104b61d,
202608270731039114,202608270731039114,20260827043602,132,13702,Retention 14 Stat Gold,Retention14Stat,TASK_FAILED,FAILED,ERROR,325842,0,325842,An error occurred while calling o11555.synapsesql. : com.microsoft.spark.fabric.tds.write.error.FabricSparkTDSWriteError: Three part table name is expected - `database_name.schema_name.table_name`,2026-08-27T07:31:03.911Z,2026-08-27T07:31:35.766Z,31,2026-08-27T07:31:35.766Z,,,67cdece8-9745-4c87-ab73-e4e58104b61d,
202608221320321463,202608221237332438,202608221237331665,88,5436,P1 Reference Custom Questions Bronze - MNRE,br_samms_custom_questions,TASK_COMPLETE,SUCCESS,INFO,0,0,0,,2026-08-22T12:37:36.805Z,2026-08-22T13:23:02.807Z,2726,2026-08-22T13:23:02.807Z,MNRE,Monroe,63818914-9c2b-4ff6-ac1c-35595835ab93,SAMMS-Monroe
202608221320321465,202608221237332439,202608221237331665,88,5437,P1 Reference Custom Questions Bronze - MP,br_samms_custom_questions,TASK_COMPLETE,SUCCESS,INFO,0,0,0,,2026-08-22T12:37:36.805Z,2026-08-22T13:23:02.807Z,2726,2026-08-22T13:23:02.807Z,MP,MtPleasant,63818914-9c2b-4ff6-ac1c-35595835ab93,SAMMS-MtPleasant
202608221320321467,202608221237332440,202608221237331665,88,5438,P1 Reference Custom Questions Bronze - MRD,br_samms_custom_questions,TASK_COMPLETE,SUCCESS,INFO,0,0,0,,2026-08-22T12:37:36.805Z,2026-08-22T13:23:02.807Z,2726,2026-08-22T13:23:02.807Z,MRD,Meridian,63818914-9c2b-4ff6-ac1c-35595835ab93,SAMMS-Meridian
202608221320321469,202608221237332441,202608221237331665,88,5439,P1 Reference Custom Questions Bronze - NC,br_samms_custom_questions,TASK_COMPLETE,SUCCESS,INFO,0,0,0,,2026-08-22T12:37:36.805Z,2026-08-22T13:23:02.807Z,2726,2026-08-22T13:23:02.807Z,NC,NorthCharleston,63818914-9c2b-4ff6-ac1c-35595835ab93,SAMMS-NorthCharleston
202608221320321471,202608221237332442,202608221237331665,88,5440,P1 Reference Custom Questions Bronze - NLR,br_samms_custom_questions,TASK_COMPLETE,SUCCESS,INFO,0,0,0,,2026-08-22T12:37:36.805Z,2026-08-22T13:23:02.807Z,2726,2026-08-22T13:23:02.807Z,NLR,NLROBOT,63818914-9c2b-4ff6-ac1c-35595835ab93,SAMMS-NLROBOT
202608221320321473,202608221237332443,202608221237331665,88,5441,P1 Reference Custom Questions Bronze - PH,br_samms_custom_questions,TASK_COMPLETE,SUCCESS,INFO,0,0,0,,2026-08-22T12:37:36.805Z,2026-08-22T13:23:02.807Z,2726,2026-08-22T13:23:02.807Z,PH,Phoenix,63818914-9c2b-4ff6-ac1c-35595835ab93,SAMMS-Phoenix
202608221320321475,202608221237332444,202608221237331665,88,5442,P1 Reference Custom Questions Bronze - RE,br_samms_custom_questions,TASK_COMPLETE,SUCCESS,INFO,0,0,0,,2026-08-22T12:37:36.805Z,2026-08-22T13:23:02.807Z,2726,2026-08-22T13:23:02.807Z,RE,Reno,63818914-9c2b-4ff6-ac1c-35595835ab93,SAMMS-Reno
202608221320321477,202608221237332445,202608221237331665,88,5443,P1 Reference Custom Questions Bronze - RMD,br_samms_custom_questions,TASK_COMPLETE,SUCCESS,INFO,0,0,0,,2026-08-22T12:37:36.805Z,2026-08-22T13:23:02.807Z,2726,2026-08-22T13:23:02.807Z,RMD,Richmond,63818914-9c2b-4ff6-ac1c-35595835ab93,SAMMS-Richmond
202608221320321479,202608221237332446,202608221237331665,88,5444,P1 Reference Custom Questions Bronze - SFN,br_samms_custom_questions,TASK_COMPLETE,SUCCESS,INFO,48,48,0,,2026-08-22T12:37:36.805Z,2026-08-22T13:23:02.807Z,2726,2026-08-22T13:23:02.807Z,SFN,SFN,63818914-9c2b-4ff6-ac1c-35595835ab93,SAMMS-SFNv5
202608221320321481,202608221237332447,202608221237331665,88,5445,P1 Reference Custom Questions Bronze - SHP,br_samms_custom_questions,TASK_COMPLETE,SUCCESS,INFO,0,0,0,,2026-08-22T12:37:36.805Z,2026-08-22T13:23:02.807Z,2726,2026-08-22T13:23:02.807Z,SHP,Shreveport,63818914-9c2b-4ff6-ac1c-35595835ab93,SAMMS-Shreveport
202608221320321483,202608221237332448,202608221237331665,88,5446,P1 Reference Custom Questions Bronze - STN,br_samms_custom_questions,TASK_COMPLETE,SUCCESS,INFO,1,1,0,,2026-08-22T12:37:36.805Z,2026-08-22T13:23:02.807Z,2726,2026-08-22T13:23:02.807Z,STN,Staunton,63818914-9c2b-4ff6-ac1c-35595835ab93,SAMMS-Staunton
202608221320321485,202608221237332449,202608221237331665,88,5447,P1 Reference Custom Questions Bronze - STVN,br_samms_custom_questions,TASK_COMPLETE,SUCCESS,INFO,0,0,0,,2026-08-22T12:37:36.805Z,2026-08-22T13:23:02.807Z,2726,2026-08-22T13:23:02.807Z,STVN,Stevenson,63818914-9c2b-4ff6-ac1c-35595835ab93,SAMMS-Stevenson
202608221320321487,202608221237332450,202608221237331665,88,5448,P1 Reference Custom Questions Bronze - TE,br_samms_custom_questions,TASK_COMPLETE,SUCCESS,INFO,0,0,0,,2026-08-22T12:37:36.805Z,2026-08-22T13:23:02.807Z,2726,2026-08-22T13:23:02.807Z,TE,Tempe,63818914-9c2b-4ff6-ac1c-35595835ab93,SAMMS-Tempe
202608221320321489,202608221237332451,202608221237331665,88,5449,P1 Reference Custom Questions Bronze - TEX,br_samms_custom_questions,TASK_COMPLETE,SUCCESS,INFO,0,0,0,,2026-08-22T12:37:36.805Z,2026-08-22T13:23:02.807Z,2726,2026-08-22T13:23:02.807Z,TEX,Texarkana,63818914-9c2b-4ff6-ac1c-35595835ab93,SAMMS-Texarkana
202608221320321492,202608221237332452,202608221237331665,88,5450,P1 Reference Custom Questions Bronze - TTCA,br_samms_custom_questions,TASK_COMPLETE,SUCCESS,INFO,48,48,0,,2026-08-22T12:37:36.805Z,2026-08-22T13:23:02.807Z,2726,2026-08-22T13:23:02.807Z,TTCA,Bessemer,63818914-9c2b-4ff6-ac1c-35595835ab93,SAMMS-BessemerV5
202608221320321494,202608221237332453,202608221237331665,88,5451,P1 Reference Custom Questions Bronze - TTCB,br_samms_custom_questions,TASK_COMPLETE,SUCCESS,INFO,48,48,0,,2026-08-22T12:37:36.805Z,2026-08-22T13:23:02.807Z,2726,2026-08-22T13:23:02.807Z,TTCB,Cullman,63818914-9c2b-4ff6-ac1c-35595835ab93,SAMMS-CullmanV5
202608221320320635,202608221237331878,202608221237331665,88,4866,P1 Reference 3P Setup Bronze - V10A,br_samms_3p_setup,TASK_COMPLETE,SUCCESS,INFO,3,3,0,,2026-08-22T12:37:36.805Z,2026-08-22T13:23:02.807Z,2726,2026-08-22T13:23:02.807Z,V10A,FortCollins,63818914-9c2b-4ff6-ac1c-35595835ab93,SAMMS-FortCollinsV5
202608221320320637,202608221237331879,202608221237331665,88,4867,P1 Reference 3P Setup Bronze - V11,br_samms_3p_setup,TASK_COMPLETE,SUCCESS,INFO,3,3,0,,2026-08-22T12:37:36.805Z,2026-08-22T13:23:02.807Z,2726,2026-08-22T13:23:02.807Z,V11,VCPHCS-XI-NorthDenver,63818914-9c2b-4ff6-ac1c-35595835ab93,SAMMS-VCPHCS-XI-NorthDenverV5
202608221320320639,202608221237331880,202608221237331665,88,4868,P1 Reference 3P Setup Bronze - V12,br_samms_3p_setup,TASK_COMPLETE,SUCCESS,INFO,3,3,0,,2026-08-22T12:37:36.805Z,2026-08-22T13:23:02.807Z,2726,2026-08-22T13:23:02.807Z,V12,VCPHCS-XII-DowntownDenver,63818914-9c2b-4ff6-ac1c-35595835ab93,SAMMS-VCPHCS-XII-DowntownDenverV5
202608221320320641,202608221237331881,202608221237331665,88,4869,P1 Reference 3P Setup Bronze - V12A,br_samms_3p_setup,TASK_COMPLETE,SUCCESS,INFO,3,3,0,,2026-08-22T12:37:36.805Z,2026-08-22T13:23:02.807Z,2726,2026-08-22T13:23:02.807Z,V12A,Centennial,63818914-9c2b-4ff6-ac1c-35595835ab93,SAMMS-CentennialV5
202608221320320644,202608221237331882,202608221237331665,88,4870,P1 Reference 3P Setup Bronze - V14,br_samms_3p_setup,TASK_COMPLETE,SUCCESS,INFO,3,3,0,,2026-08-22T12:37:36.805Z,2026-08-22T13:23:02.807Z,2726,2026-08-22T13:23:02.807Z,V14,VCPHCS-XIV-Bridgeway,63818914-9c2b-4ff6-ac1c-35595835ab93,SAMMS-VCPHCS-XIV-BridgewayV5
202608221320320646,202608221237331883,202608221237331665,88,4871,P1 Reference 3P Setup Bronze - V15,br_samms_3p_setup,TASK_COMPLETE,SUCCESS,INFO,3,3,0,,2026-08-22T12:37:36.805Z,2026-08-22T13:23:02.807Z,2726,2026-08-22T13:23:02.807Z,V15,Joplin,63818914-9c2b-4ff6-ac1c-35595835ab93,SAMMS-JoplinV5
202608221320320648,202608221237331884,202608221237331665,88,4872,P1 Reference 3P Setup Bronze - V17,br_samms_3p_setup,TASK_COMPLETE,SUCCESS,INFO,3,3,0,,2026-08-22T12:37:36.805Z,2026-08-22T13:23:02.807Z,2726,2026-08-22T13:23:02.807Z,V17,ColumbiaTN,63818914-9c2b-4ff6-ac1c-35595835ab93,SAMMS-ColumbiaTNv5
202608221320320650,202608221237331885,202608221237331665,88,4873,P1 Reference 3P Setup Bronze - V19,br_samms_3p_setup,TASK_COMPLETE,SUCCESS,INFO,3,3,0,,2026-08-22T12:37:36.805Z,2026-08-22T13:23:02.807Z,2726,2026-08-22T13:23:02.807Z,V19,Jackson,63818914-9c2b-4ff6-ac1c-35595835ab93,SAMMS-JacksonV5
202608221320320653,202608221237331886,202608221237331665,88,4874,P1 Reference 3P Setup Bronze - V20,br_samms_3p_setup,TASK_COMPLETE,SUCCESS,INFO,3,3,0,,2026-08-22T12:37:36.805Z,2026-08-22T13:23:02.807Z,2726,2026-08-22T13:23:02.807Z,V20,Paris,63818914-9c2b-4ff6-ac1c-35595835ab93,SAMMS-ParisV5
202608221320320655,202608221237331887,202608221237331665,88,4875,P1 Reference 3P Setup Bronze - V21,br_samms_3p_setup,TASK_COMPLETE,SUCCESS,INFO,3,3,0,,2026-08-22T12:37:36.805Z,2026-08-22T13:23:02.807Z,2726,2026-08-22T13:23:02.807Z,V21,Raleigh,63818914-9c2b-4ff6-ac1c-35595835ab93,SAMMS-RaleighV5
202608221320320658,202608221237331888,202608221237331665,88,4876,P1 Reference 3P Setup Bronze - V5,br_samms_3p_setup,TASK_COMPLETE,SUCCESS,INFO,3,3,0,,2026-08-22T12:37:36.805Z,2026-08-22T13:23:02.807Z,2726,2026-08-22T13:23:02.807Z,V5,NONTC,63818914-9c2b-4ff6-ac1c-35595835ab93,SAMMS-NONTCv5
202608221320320660,202608221237331889,202608221237331665,88,4877,P1 Reference 3P Setup Bronze - V5B,br_samms_3p_setup,TASK_COMPLETE,SUCCESS,INFO,3,3,0,,2026-08-22T12:37:36.805Z,2026-08-22T13:23:02.807Z,2726,2026-08-22T13:23:02.807Z,V5B,Houma,63818914-9c2b-4ff6-ac1c-35595835ab93,SAMMS-HoumaV6
202608221320320662,202608221237331890,202608221237331665,88,4878,P1 Reference 3P Setup Bronze - V6,br_samms_3p_setup,TASK_COMPLETE,SUCCESS,INFO,3,3,0,,2026-08-22T12:37:36.805Z,2026-08-22T13:23:02.807Z,2726,2026-08-22T13:23:02.807Z,V6,LC,63818914-9c2b-4ff6-ac1c-35595835ab93,SAMMS-LCv5
202608221320320665,202608221237331891,202608221237331665,88,4879,P1 Reference 3P Setup Bronze - V8,br_samms_3p_setup,TASK_COMPLETE,SUCCESS,INFO,3,3,0,,2026-08-22T12:37:36.805Z,2026-08-22T13:23:02.807Z,2726,2026-08-22T13:23:02.807Z,V8,VCPHCS-VIII-Memphis,63818914-9c2b-4ff6-ac1c-35595835ab93,SAMMS-VCPHCS-VIII-MemphisV5
202608221320320667,202608221237331892,202608221237331665,88,4880,P1 Reference 3P Setup Bronze - V9,br_samms_3p_setup,TASK_COMPLETE,SUCCESS,INFO,3,3,0,,2026-08-22T12:37:36.805Z,2026-08-22T13:23:02.807Z,2726,2026-08-22T13:23:02.807Z,V9,Nashville,63818914-9c2b-4ff6-ac1c-35595835ab93,SAMMS-NashvilleV5
202608221320320669,202608221237331893,202608221237331665,88,4881,P1 Reference 3P Setup Bronze - VBRA,br_samms_3p_setup,TASK_COMPLETE,SUCCESS,INFO,5,5,0,,2026-08-22T12:37:36.805Z,2026-08-22T13:23:02.807Z,2726,2026-08-22T13:23:02.807Z,VBRA,Brainerd,63818914-9c2b-4ff6-ac1c-35595835ab93,SAMMS-BrainerdV6
202608241448406256,202608241408172081,202608241408171802,88,4935,P1 Reference Codes Bronze - CBCO,br_samms_codes,TASK_COMPLETE,FAILED,ERROR,0,0,1,SaveCodes Bronze ForEach failed,2026-08-24T14:08:21.733Z,2026-08-24T15:03:37.584Z,3316,2026-08-24T15:03:37.584Z,CBCO,CoeurdAlene,6c7532c9-dcb1-40a3-beaa-690039713dec,SAMMS-CoeurdAleneV6
202608241448406257,202608241408172082,202608241408171802,88,4936,P1 Reference Codes Bronze - CON,br_samms_codes,TASK_COMPLETE,FAILED,ERROR,0,0,1,SaveCodes Bronze ForEach failed,2026-08-24T14:08:21.733Z,2026-08-24T15:03:37.584Z,3316,2026-08-24T15:03:37.584Z,CON,Conway,6c7532c9-dcb1-40a3-beaa-690039713dec,SAMMS-Conway
202608241448406259,202608241408172083,202608241408171802,88,4937,P1 Reference Codes Bronze - D07,br_samms_codes,TASK_COMPLETE,FAILED,ERROR,0,0,1,SaveCodes Bronze ForEach failed,2026-08-24T14:08:21.733Z,2026-08-24T15:03:37.584Z,3316,2026-08-24T15:03:37.584Z,D07,Knoxville,6c7532c9-dcb1-40a3-beaa-690039713dec,SAMMS-KnoxvilleV6
202608241448406260,202608241408172084,202608241408171802,88,4938,P1 Reference Codes Bronze - D08,br_samms_codes,TASK_COMPLETE,FAILED,ERROR,0,0,1,SaveCodes Bronze ForEach failed,2026-08-24T14:08:21.733Z,2026-08-24T15:03:37.584Z,3316,2026-08-24T15:03:37.584Z,D08,Madison,6c7532c9-dcb1-40a3-beaa-690039713dec,SAMMS-MadisonV6
202608241448406262,202608241408172085,202608241408171802,88,4939,P1 Reference Codes Bronze - D09,br_samms_codes,TASK_COMPLETE,FAILED,ERROR,0,0,1,SaveCodes Bronze ForEach failed,2026-08-24T14:08:21.733Z,2026-08-24T15:03:37.584Z,3316,2026-08-24T15:03:37.584Z,D09,Murfreesboro,6c7532c9-dcb1-40a3-beaa-690039713dec,SAMMS-MurfreesboroV6
202608241448406263,202608241408172086,202608241408171802,88,4940,P1 Reference Codes Bronze - DA,br_samms_codes,TASK_COMPLETE,FAILED,ERROR,0,0,1,SaveCodes Bronze ForEach failed,2026-08-24T14:08:21.733Z,2026-08-24T15:03:37.584Z,3316,2026-08-24T15:03:37.584Z,DA,Davenport,6c7532c9-dcb1-40a3-beaa-690039713dec,SAMMS-Davenport
202608241448406265,202608241408172087,202608241408171802,88,4941,P1 Reference Codes Bronze - DM,br_samms_codes,TASK_COMPLETE,FAILED,ERROR,0,0,1,SaveCodes Bronze ForEach failed,2026-08-24T14:08:21.733Z,2026-08-24T15:03:37.584Z,3316,2026-08-24T15:03:37.584Z,DM,DesMoines,6c7532c9-dcb1-40a3-beaa-690039713dec,SAMMS-DesMoines
202608241448406266,202608241408172088,202608241408171802,88,4942,P1 Reference Codes Bronze - DRD-CO,br_samms_codes,TASK_COMPLETE,FAILED,ERROR,0,0,1,SaveCodes Bronze ForEach failed,2026-08-24T14:08:21.733Z,2026-08-24T15:03:37.584Z,3316,2026-08-24T15:03:37.584Z,DRD-CO,Columbia,6c7532c9-dcb1-40a3-beaa-690039713dec,SAMMS-ColumbiaV5
202608241448406268,202608241408172089,202608241408171802,88,4943,P1 Reference Codes Bronze - DRD-KC,br_samms_codes,TASK_COMPLETE,FAILED,ERROR,0,0,1,SaveCodes Bronze ForEach failed,2026-08-24T14:08:21.733Z,2026-08-24T15:03:37.584Z,3316,2026-08-24T15:03:37.584Z,DRD-KC,KC,6c7532c9-dcb1-40a3-beaa-690039713dec,SAMMS-KCv5
202608241448406269,202608241408172090,202608241408171802,88,4944,P1 Reference Codes Bronze - DRD-KVB,br_samms_codes,TASK_COMPLETE,FAILED,ERROR,0,0,1,SaveCodes Bronze ForEach failed,2026-08-24T14:08:21.733Z,2026-08-24T15:03:37.584Z,3316,2026-08-24T15:03:37.584Z,DRD-KVB,KVB,6c7532c9-dcb1-40a3-beaa-690039713dec,SAMMS-KVBv5
202608241448406271,202608241408172091,202608241408171802,88,4945,P1 Reference Codes Bronze - DRD-KVC,br_samms_codes,TASK_COMPLETE,FAILED,ERROR,0,0,1,SaveCodes Bronze ForEach failed,2026-08-24T14:08:21.733Z,2026-08-24T15:03:37.584Z,3316,2026-08-24T15:03:37.584Z,DRD-KVC,KVC,6c7532c9-dcb1-40a3-beaa-690039713dec,SAMMS-KVCv5
202608241448406272,202608241408172092,202608241408171802,88,4946,P1 Reference Codes Bronze - DRD-NOLA,br_samms_codes,TASK_COMPLETE,FAILED,ERROR,0,0,1,SaveCodes Bronze ForEach failed,2026-08-24T14:08:21.733Z,2026-08-24T15:03:37.584Z,3316,2026-08-24T15:03:37.584Z,DRD-NOLA,NOLA,6c7532c9-dcb1-40a3-beaa-690039713dec,SAMMS-NOLAv5
202608241448406274,202608241408172093,202608241408171802,88,4947,P1 Reference Codes Bronze - DRD-SF,br_samms_codes,TASK_COMPLETE,FAILED,ERROR,0,0,1,SaveCodes Bronze ForEach failed,2026-08-24T14:08:21.733Z,2026-08-24T15:03:37.584Z,3316,2026-08-24T15:03:37.584Z,DRD-SF,SF,6c7532c9-dcb1-40a3-beaa-690039713dec,SAMMS-SFv5
202608241448406276,202608241408172094,202608241408171802,88,4948,P1 Reference Codes Bronze - ELC,br_samms_codes,TASK_COMPLETE,FAILED,ERROR,0,0,1,SaveCodes Bronze ForEach failed,2026-08-24T14:08:21.733Z,2026-08-24T15:03:37.584Z,3316,2026-08-24T15:03:37.584Z,ELC,ElizabethCity,6c7532c9-dcb1-40a3-beaa-690039713dec,SAMMS-ElizabethCity
202608241333250409,202608241253386895,202608241253386616,88,4935,P1 Reference Codes Bronze - CBCO,br_samms_codes,TASK_COMPLETE,FAILED,ERROR,0,0,1,SaveCodes Bronze ForEach failed,2026-08-24T12:53:42.369Z,2026-08-24T13:42:52.652Z,2950,2026-08-24T13:42:52.652Z,CBCO,CoeurdAlene,8f1806c1-b1f2-4ac5-b25b-086fec51b8fb,SAMMS-CoeurdAleneV6
202608241333250410,202608241253386896,202608241253386616,88,4936,P1 Reference Codes Bronze - CON,br_samms_codes,TASK_COMPLETE,FAILED,ERROR,0,0,1,SaveCodes Bronze ForEach failed,2026-08-24T12:53:42.369Z,2026-08-24T13:42:52.652Z,2950,2026-08-24T13:42:52.652Z,CON,Conway,8f1806c1-b1f2-4ac5-b25b-086fec51b8fb,SAMMS-Conway
202608241333250412,202608241253386897,202608241253386616,88,4937,P1 Reference Codes Bronze - D07,br_samms_codes,TASK_COMPLETE,FAILED,ERROR,0,0,1,SaveCodes Bronze ForEach failed,2026-08-24T12:53:42.369Z,2026-08-24T13:42:52.652Z,2950,2026-08-24T13:42:52.652Z,D07,Knoxville,8f1806c1-b1f2-4ac5-b25b-086fec51b8fb,SAMMS-KnoxvilleV6
202608241333250413,202608241253386898,202608241253386616,88,4938,P1 Reference Codes Bronze - D08,br_samms_codes,TASK_COMPLETE,FAILED,ERROR,0,0,1,SaveCodes Bronze ForEach failed,2026-08-24T12:53:42.369Z,2026-08-24T13:42:52.652Z,2950,2026-08-24T13:42:52.652Z,D08,Madison,8f1806c1-b1f2-4ac5-b25b-086fec51b8fb,SAMMS-MadisonV6
202608241333250415,202608241253386899,202608241253386616,88,4939,P1 Reference Codes Bronze - D09,br_samms_codes,TASK_COMPLETE,FAILED,ERROR,0,0,1,SaveCodes Bronze ForEach failed,2026-08-24T12:53:42.369Z,2026-08-24T13:42:52.652Z,2950,2026-08-24T13:42:52.652Z,D09,Murfreesboro,8f1806c1-b1f2-4ac5-b25b-086fec51b8fb,SAMMS-MurfreesboroV6
202608241333250416,202608241253386900,202608241253386616,88,4940,P1 Reference Codes Bronze - DA,br_samms_codes,TASK_COMPLETE,FAILED,ERROR,0,0,1,SaveCodes Bronze ForEach failed,2026-08-24T12:53:42.369Z,2026-08-24T13:42:52.652Z,2950,2026-08-24T13:42:52.652Z,DA,Davenport,8f1806c1-b1f2-4ac5-b25b-086fec51b8fb,SAMMS-Davenport
202608241333250418,202608241253386901,202608241253386616,88,4941,P1 Reference Codes Bronze - DM,br_samms_codes,TASK_COMPLETE,FAILED,ERROR,0,0,1,SaveCodes Bronze ForEach failed,2026-08-24T12:53:42.369Z,2026-08-24T13:42:52.652Z,2950,2026-08-24T13:42:52.652Z,DM,DesMoines,8f1806c1-b1f2-4ac5-b25b-086fec51b8fb,SAMMS-DesMoines
202608241333250419,202608241253386902,202608241253386616,88,4942,P1 Reference Codes Bronze - DRD-CO,br_samms_codes,TASK_COMPLETE,FAILED,ERROR,0,0,1,SaveCodes Bronze ForEach failed,2026-08-24T12:53:42.369Z,2026-08-24T13:42:52.652Z,2950,2026-08-24T13:42:52.652Z,DRD-CO,Columbia,8f1806c1-b1f2-4ac5-b25b-086fec51b8fb,SAMMS-ColumbiaV5
202608241333250421,202608241253386903,202608241253386616,88,4943,P1 Reference Codes Bronze - DRD-KC,br_samms_codes,TASK_COMPLETE,FAILED,ERROR,0,0,1,SaveCodes Bronze ForEach failed,2026-08-24T12:53:42.369Z,2026-08-24T13:42:52.652Z,2950,2026-08-24T13:42:52.652Z,DRD-KC,KC,8f1806c1-b1f2-4ac5-b25b-086fec51b8fb,SAMMS-KCv5
202608241333250422,202608241253386904,202608241253386616,88,4944,P1 Reference Codes Bronze - DRD-KVB,br_samms_codes,TASK_COMPLETE,FAILED,ERROR,0,0,1,SaveCodes Bronze ForEach failed,2026-08-24T12:53:42.369Z,2026-08-24T13:42:52.652Z,2950,2026-08-24T13:42:52.652Z,DRD-KVB,KVB,8f1806c1-b1f2-4ac5-b25b-086fec51b8fb,SAMMS-KVBv5
202608241333250424,202608241253386905,202608241253386616,88,4945,P1 Reference Codes Bronze - DRD-KVC,br_samms_codes,TASK_COMPLETE,FAILED,ERROR,0,0,1,SaveCodes Bronze ForEach failed,2026-08-24T12:53:42.369Z,2026-08-24T13:42:52.652Z,2950,2026-08-24T13:42:52.652Z,DRD-KVC,KVC,8f1806c1-b1f2-4ac5-b25b-086fec51b8fb,SAMMS-KVCv5
202608241333250425,202608241253386906,202608241253386616,88,4946,P1 Reference Codes Bronze - DRD-NOLA,br_samms_codes,TASK_COMPLETE,FAILED,ERROR,0,0,1,SaveCodes Bronze ForEach failed,2026-08-24T12:53:42.369Z,2026-08-24T13:42:52.652Z,2950,2026-08-24T13:42:52.652Z,DRD-NOLA,NOLA,8f1806c1-b1f2-4ac5-b25b-086fec51b8fb,SAMMS-NOLAv5
202608241333250427,202608241253386907,202608241253386616,88,4947,P1 Reference Codes Bronze - DRD-SF,br_samms_codes,TASK_COMPLETE,FAILED,ERROR,0,0,1,SaveCodes Bronze ForEach failed,2026-08-24T12:53:42.369Z,2026-08-24T13:42:52.652Z,2950,2026-08-24T13:42:52.652Z,DRD-SF,SF,8f1806c1-b1f2-4ac5-b25b-086fec51b8fb,SAMMS-SFv5
202608241333250428,202608241253386908,202608241253386616,88,4948,P1 Reference Codes Bronze - ELC,br_samms_codes,TASK_COMPLETE,FAILED,ERROR,0,0,1,SaveCodes Bronze ForEach failed,2026-08-24T12:53:42.369Z,2026-08-24T13:42:52.652Z,2950,2026-08-24T13:42:52.652Z,ELC,ElizabethCity,8f1806c1-b1f2-4ac5-b25b-086fec51b8fb,SAMMS-ElizabethCity
202608270730301082,202608270730301082,20260827043602,132,13701,Census First Dose Gold,CensusFirstDose,TASK_FAILED,FAILED,ERROR,4913,0,4913,An error occurred while calling o9507.synapsesql. : com.microsoft.spark.fabric.tds.write.error.FabricSparkTDSWriteError: Three part table name is expected - `database_name.schema_name.table_name`,2026-08-27T07:30:30.108Z,2026-08-27T07:30:52.123Z,22,2026-08-27T07:30:52.123Z,,,67cdece8-9745-4c87-ab73-e4e58104b61d,
202608270729512458,202608270729512458,20260827043602,132,13700,Readmission Table Gold,vwReadmissions,TASK_FAILED,FAILED,ERROR,309274,0,309274,An error occurred while calling o8614.synapsesql. : com.microsoft.spark.fabric.tds.write.error.FabricSparkTDSWriteError: Three part table name is expected - `database_name.schema_name.table_name`,2026-08-27T07:29:51.245Z,2026-08-27T07:30:13.983Z,22,2026-08-27T07:30:13.983Z,,,67cdece8-9745-4c87-ab73-e4e58104b61d,
202608221320321432,202608221237332422,202608221237331665,88,5421,P1 Reference Custom Questions Bronze - ET,br_samms_custom_questions,TASK_COMPLETE,SUCCESS,INFO,0,0,0,,2026-08-22T12:37:36.805Z,2026-08-22T13:23:02.807Z,2726,2026-08-22T13:23:02.807Z,ET,Elizabethtown,63818914-9c2b-4ff6-ac1c-35595835ab93,SAMMS-Elizabethtown
202608221320321434,202608221237332423,202608221237331665,88,5422,P1 Reference Custom Questions Bronze - FAY,br_samms_custom_questions,TASK_COMPLETE,SUCCESS,INFO,0,0,0,,2026-08-22T12:37:36.805Z,2026-08-22T13:23:02.807Z,2726,2026-08-22T13:23:02.807Z,FAY,Fayetteville,63818914-9c2b-4ff6-ac1c-35595835ab93,SAMMS-Fayetteville
202608221320321436,202608221237332424,202608221237331665,88,5423,P1 Reference Custom Questions Bronze - FR,br_samms_custom_questions,TASK_COMPLETE,SUCCESS,INFO,0,0,0,,2026-08-22T12:37:36.805Z,2026-08-22T13:23:02.807Z,2726,2026-08-22T13:23:02.807Z,FR,Frankfort,63818914-9c2b-4ff6-ac1c-35595835ab93,SAMMS-Frankfort
202608221320321438,202608221237332425,202608221237331665,88,5424,P1 Reference Custom Questions Bronze - FS,br_samms_custom_questions,TASK_COMPLETE,SUCCESS,INFO,0,0,0,,2026-08-22T12:37:36.805Z,2026-08-22T13:23:02.807Z,2726,2026-08-22T13:23:02.807Z,FS,FortSmith,63818914-9c2b-4ff6-ac1c-35595835ab93,SAMMS-FortSmith
202608221320321440,202608221237332426,202608221237331665,88,5425,P1 Reference Custom Questions Bronze - FW,br_samms_custom_questions,TASK_COMPLETE,SUCCESS,INFO,3,3,0,,2026-08-22T12:37:36.805Z,2026-08-22T13:23:02.807Z,2726,2026-08-22T13:23:02.807Z,FW,FortWayne,63818914-9c2b-4ff6-ac1c-35595835ab93,SAMMS-FortWayne
202608221320321442,202608221237332427,202608221237331665,88,5426,P1 Reference Custom Questions Bronze - GAL,br_samms_custom_questions,TASK_COMPLETE,SUCCESS,INFO,0,0,0,,2026-08-22T12:37:36.805Z,2026-08-22T13:23:02.807Z,2726,2026-08-22T13:23:02.807Z,GAL,Gaylord,63818914-9c2b-4ff6-ac1c-35595835ab93,SAMMS-Gaylord
202608221320321443,202608221237332428,202608221237331665,88,5427,P1 Reference Custom Questions Bronze - HGT,br_samms_custom_questions,TASK_COMPLETE,SUCCESS,INFO,20,20,0,,2026-08-22T12:37:36.805Z,2026-08-22T13:23:02.807Z,2726,2026-08-22T13:23:02.807Z,HGT,Hagerstown,63818914-9c2b-4ff6-ac1c-35595835ab93,SAMMS-Hagerstown
202608221320321445,202608221237332429,202608221237331665,88,5428,P1 Reference Custom Questions Bronze - HNT,br_samms_custom_questions,TASK_COMPLETE,SUCCESS,INFO,0,0,0,,2026-08-22T12:37:36.805Z,2026-08-22T13:23:02.807Z,2726,2026-08-22T13:23:02.807Z,HNT,Huntsville,63818914-9c2b-4ff6-ac1c-35595835ab93,SAMMS-Huntsville
202608221320321447,202608221237332430,202608221237331665,88,5429,P1 Reference Custom Questions Bronze - HS,br_samms_custom_questions,TASK_COMPLETE,SUCCESS,INFO,0,0,0,,2026-08-22T12:37:36.805Z,2026-08-22T13:23:02.807Z,2726,2026-08-22T13:23:02.807Z,HS,HotSprings,63818914-9c2b-4ff6-ac1c-35595835ab93,SAMMS-HotSprings
202608221320321449,202608221237332431,202608221237331665,88,5430,P1 Reference Custom Questions Bronze - JON,br_samms_custom_questions,TASK_COMPLETE,SUCCESS,INFO,0,0,0,,2026-08-22T12:37:36.805Z,2026-08-22T13:23:02.807Z,2726,2026-08-22T13:23:02.807Z,JON,Jonesboro,63818914-9c2b-4ff6-ac1c-35595835ab93,SAMMS-Jonesboro
202608221320321451,202608221237332432,202608221237331665,88,8607,P1 Reference Custom Questions Bronze - LAB,br_samms_custom_questions,TASK_COMPLETE,SUCCESS,INFO,2,2,0,,2026-08-22T12:37:36.805Z,2026-08-22T13:23:02.807Z,2726,2026-08-22T13:23:02.807Z,LAB,Lab,63818914-9c2b-4ff6-ac1c-35595835ab93,SAMMS-LabV5-V2
202608221320321453,202608221237332433,202608221237331665,88,5431,P1 Reference Custom Questions Bronze - LAN,br_samms_custom_questions,TASK_COMPLETE,SUCCESS,INFO,0,0,0,,2026-08-22T12:37:36.805Z,2026-08-22T13:23:02.807Z,2726,2026-08-22T13:23:02.807Z,LAN,Lansing,63818914-9c2b-4ff6-ac1c-35595835ab93,SAMMS-Lansing
202608221320321455,202608221237332434,202608221237331665,88,5432,P1 Reference Custom Questions Bronze - LO,br_samms_custom_questions,TASK_COMPLETE,SUCCESS,INFO,0,0,0,,2026-08-22T12:37:36.805Z,2026-08-22T13:23:02.807Z,2726,2026-08-22T13:23:02.807Z,LO,Louisville,63818914-9c2b-4ff6-ac1c-35595835ab93,SAMMS-Louisville
202608221320321457,202608221237332435,202608221237331665,88,5433,P1 Reference Custom Questions Bronze - LV1,br_samms_custom_questions,TASK_COMPLETE,SUCCESS,INFO,0,0,0,,2026-08-22T12:37:36.805Z,2026-08-22T13:23:02.807Z,2726,2026-08-22T13:23:02.807Z,LV1,Cheyenne,63818914-9c2b-4ff6-ac1c-35595835ab93,SAMMS-Cheyenne
202608221320321459,202608221237332436,202608221237331665,88,5434,P1 Reference Custom Questions Bronze - LV2,br_samms_custom_questions,TASK_COMPLETE,SUCCESS,INFO,0,0,0,,2026-08-22T12:37:36.805Z,2026-08-22T13:23:02.807Z,2726,2026-08-22T13:23:02.807Z,LV2,DesertInn,63818914-9c2b-4ff6-ac1c-35595835ab93,SAMMS-DesertInn
202608221320321461,202608221237332437,202608221237331665,88,5435,P1 Reference Custom Questions Bronze - LV3,br_samms_custom_questions,TASK_COMPLETE,SUCCESS,INFO,0,0,0,,2026-08-22T12:37:36.805Z,2026-08-22T13:23:02.807Z,2726,2026-08-22T13:23:02.807Z,LV3,McDaniel,63818914-9c2b-4ff6-ac1c-35595835ab93,SAMMS-McDaniel
202608221320320936,202608221237331920,202608221237331665,88,4911,P1 Reference Codes Bronze - B42C,br_samms_codes,TASK_COMPLETE,SUCCESS,INFO,2434,2434,0,,2026-08-22T12:37:36.805Z,2026-08-22T13:23:02.807Z,2726,2026-08-22T13:23:02.807Z,B42C,GlenAllen,63818914-9c2b-4ff6-ac1c-35595835ab93,SAMMS-GlenAllenV5
202608221320320938,202608221237331921,202608221237331665,88,4912,P1 Reference Codes Bronze - B42D,br_samms_codes,TASK_COMPLETE,SUCCESS,INFO,1816,1816,0,,2026-08-22T12:37:36.805Z,2026-08-22T13:23:02.807Z,2726,2026-08-22T13:23:02.807Z,B42D,ChesapeakeSouth,63818914-9c2b-4ff6-ac1c-35595835ab93,SAMMS-ChesapeakeSouthV5
202608221320320939,202608221237331922,202608221237331665,88,4913,P1 Reference Codes Bronze - B44,br_samms_codes,TASK_COMPLETE,SUCCESS,INFO,1318,1318,0,,2026-08-22T12:37:36.805Z,2026-08-22T13:23:02.807Z,2726,2026-08-22T13:23:02.807Z,B44,Albany,63818914-9c2b-4ff6-ac1c-35595835ab93,SAMMS-AlbanyV5
202608221320320941,202608221237331923,202608221237331665,88,4914,P1 Reference Codes Bronze - B45,br_samms_codes,TASK_COMPLETE,SUCCESS,INFO,1927,1927,0,,2026-08-22T12:37:36.805Z,2026-08-22T13:23:02.807Z,2726,2026-08-22T13:23:02.807Z,B45,Tifton,63818914-9c2b-4ff6-ac1c-35595835ab93,SAMMS-TiftonV5
202608221320320942,202608221237331924,202608221237331665,88,4915,P1 Reference Codes Bronze - B46,br_samms_codes,TASK_COMPLETE,SUCCESS,INFO,1672,1672,0,,2026-08-22T12:37:36.805Z,2026-08-22T13:23:02.807Z,2726,2026-08-22T13:23:02.807Z,B46,WashingtonDC,63818914-9c2b-4ff6-ac1c-35595835ab93,SAMMS-WashingtonDCv5
202608221320320944,202608221237331925,202608221237331665,88,4916,P1 Reference Codes Bronze - B47,br_samms_codes,TASK_COMPLETE,SUCCESS,INFO,1054,1054,0,,2026-08-22T12:37:36.805Z,2026-08-22T13:23:02.807Z,2726,2026-08-22T13:23:02.807Z,B47,Mobile,63818914-9c2b-4ff6-ac1c-35595835ab93,SAMMS-MobileV5
202608221320320945,202608221237331926,202608221237331665,88,4917,P1 Reference Codes Bronze - B48,br_samms_codes,TASK_COMPLETE,SUCCESS,INFO,1311,1311,0,,2026-08-22T12:37:36.805Z,2026-08-22T13:23:02.807Z,2726,2026-08-22T13:23:02.807Z,B48,Tuscaloosa,63818914-9c2b-4ff6-ac1c-35595835ab93,SAMMS-TuscaloosaV5
202608221320320946,202608221237331927,202608221237331665,88,4918,P1 Reference Codes Bronze - B51,br_samms_codes,TASK_COMPLETE,SUCCESS,INFO,1328,1328,0,,2026-08-22T12:37:36.805Z,2026-08-22T13:23:02.807Z,2726,2026-08-22T13:23:02.807Z,B51,NorthLittleRock,63818914-9c2b-4ff6-ac1c-35595835ab93,SAMMS-NorthLittleRockV6
202608221320320948,202608221237331928,202608221237331665,88,4919,P1 Reference Codes Bronze - B52,br_samms_codes,TASK_COMPLETE,SUCCESS,INFO,1265,1265,0,,2026-08-22T12:37:36.805Z,2026-08-22T13:23:02.807Z,2726,2026-08-22T13:23:02.807Z,B52,JacksonGA,63818914-9c2b-4ff6-ac1c-35595835ab93,SAMMS-JacksonGAV5
202608221320320949,202608221237331929,202608221237331665,88,4920,P1 Reference Codes Bronze - B54,br_samms_codes,TASK_COMPLETE,SUCCESS,INFO,1058,1058,0,,2026-08-22T12:37:36.805Z,2026-08-22T13:23:02.807Z,2726,2026-08-22T13:23:02.807Z,B54,Gadsden,63818914-9c2b-4ff6-ac1c-35595835ab93,SAMMS-GadsdenV5
202608221320320951,202608221237331930,202608221237331665,88,4921,P1 Reference Codes Bronze - B55,br_samms_codes,TASK_COMPLETE,SUCCESS,INFO,2113,2113,0,,2026-08-22T12:37:36.805Z,2026-08-22T13:23:02.807Z,2726,2026-08-22T13:23:02.807Z,B55,Shoals,63818914-9c2b-4ff6-ac1c-35595835ab93,SAMMS-ShoalsV5
202608221320320952,202608221237331931,202608221237331665,88,4922,P1 Reference Codes Bronze - B57,br_samms_codes,TASK_COMPLETE,SUCCESS,INFO,2050,2050,0,,2026-08-22T12:37:36.805Z,2026-08-22T13:23:02.807Z,2726,2026-08-22T13:23:02.807Z,B57,Pawtucket,63818914-9c2b-4ff6-ac1c-35595835ab93,SAMMS-Pawtucket
202608221320320954,202608221237331932,202608221237331665,88,4923,P1 Reference Codes Bronze - B57A,br_samms_codes,TASK_COMPLETE,SUCCESS,INFO,1306,1306,0,,2026-08-22T12:37:36.805Z,2026-08-22T13:23:02.807Z,2726,2026-08-22T13:23:02.807Z,B57A,Johnston,63818914-9c2b-4ff6-ac1c-35595835ab93,SAMMS-Johnston
202608221320320955,202608221237331933,202608221237331665,88,4924,P1 Reference Codes Bronze - B57B,br_samms_codes,TASK_COMPLETE,SUCCESS,INFO,1272,1272,0,,2026-08-22T12:37:36.805Z,2026-08-22T13:23:02.807Z,2726,2026-08-22T13:23:02.807Z,B57B,Middletown,63818914-9c2b-4ff6-ac1c-35595835ab93,SAMMS-Middletown
202608221320320957,202608221237331934,202608221237331665,88,4925,P1 Reference Codes Bronze - B57C,br_samms_codes,TASK_COMPLETE,SUCCESS,INFO,989,989,0,,2026-08-22T12:37:36.805Z,2026-08-22T13:23:02.807Z,2726,2026-08-22T13:23:02.807Z,B57C,Providence,63818914-9c2b-4ff6-ac1c-35595835ab93,SAMMS-Providence
202608221320320959,202608221237331935,202608221237331665,88,4926,P1 Reference Codes Bronze - B57D,br_samms_codes,TASK_COMPLETE,SUCCESS,INFO,1506,1506,0,,2026-08-22T12:37:36.805Z,2026-08-22T13:23:02.807Z,2726,2026-08-22T13:23:02.807Z,B57D,Westerly,63818914-9c2b-4ff6-ac1c-35595835ab93,SAMMS-Westerly
202608221156212775,202608221137370313,202608221137370305,44,186,SAMMSGLOBAL Silver,sl_BriefAddictionMonitor,TASK_COMPLETE,FAILED,ERROR,268559,0,1,[SL Table Failure] Silver execution failed for SaveBriefAddictionMonitor (Activity: nb_brz_to_slv): SAMMS Global pipeline failed.,2026-08-22T11:37:32.306Z,2026-08-22T12:00:00.866Z,1348,2026-08-22T12:00:00.866Z,Global,Global,17fb4855-5e12-4261-b216-b3f67dc16eb3,SAMMSGLOBAL
202608221320320915,202608221237331904,202608221237331665,88,4895,P1 Reference Codes Bronze - B28,br_samms_codes,TASK_COMPLETE,SUCCESS,INFO,2751,2751,0,,2026-08-22T12:37:36.805Z,2026-08-22T13:23:02.807Z,2726,2026-08-22T13:23:02.807Z,B28,WestPlaines,63818914-9c2b-4ff6-ac1c-35595835ab93,SAMMS-WestPlainesV5
202608221320320916,202608221237331905,202608221237331665,88,4896,P1 Reference Codes Bronze - B29,br_samms_codes,TASK_COMPLETE,SUCCESS,INFO,1678,1678,0,,2026-08-22T12:37:36.805Z,2026-08-22T13:23:02.807Z,2726,2026-08-22T13:23:02.807Z,B29,PoplarBluff,63818914-9c2b-4ff6-ac1c-35595835ab93,SAMMS-PoplarBluffV5
202608221320320918,202608221237331906,202608221237331665,88,4897,P1 Reference Codes Bronze - B30,br_samms_codes,TASK_COMPLETE,SUCCESS,INFO,1013,1013,0,,2026-08-22T12:37:36.805Z,2026-08-22T13:23:02.807Z,2726,2026-08-22T13:23:02.807Z,B30,KCN,63818914-9c2b-4ff6-ac1c-35595835ab93,SAMMS-KCNv5
202608221320320919,202608221237331907,202608221237331665,88,4898,P1 Reference Codes Bronze - B31,br_samms_codes,TASK_COMPLETE,SUCCESS,INFO,4092,4092,0,,2026-08-22T12:37:36.805Z,2026-08-22T13:23:02.807Z,2726,2026-08-22T13:23:02.807Z,B31,Dyersburg,63818914-9c2b-4ff6-ac1c-35595835ab93,SAMMS-DyersburgV5
202608221320320920,202608221237331908,202608221237331665,88,4899,P1 Reference Codes Bronze - B33,br_samms_codes,TASK_COMPLETE,SUCCESS,INFO,1683,1683,0,,2026-08-22T12:37:36.805Z,2026-08-22T13:23:02.807Z,2726,2026-08-22T13:23:02.807Z,B33,Paducah,63818914-9c2b-4ff6-ac1c-35595835ab93,SAMMS-Paducah
202608221320320922,202608221237331909,202608221237331665,88,4900,P1 Reference Codes Bronze - B34,br_samms_codes,TASK_COMPLETE,SUCCESS,INFO,2116,2116,0,,2026-08-22T12:37:36.805Z,2026-08-22T13:23:02.807Z,2726,2026-08-22T13:23:02.807Z,B34,Corbin,63818914-9c2b-4ff6-ac1c-35595835ab93,SAMMS-CorbinV5
202608221320320923,202608221237331910,202608221237331665,88,4901,P1 Reference Codes Bronze - B35,br_samms_codes,TASK_COMPLETE,SUCCESS,INFO,4070,4070,0,,2026-08-22T12:37:36.805Z,2026-08-22T13:23:02.807Z,2726,2026-08-22T13:23:02.807Z,B35,Lexington,63818914-9c2b-4ff6-ac1c-35595835ab93,SAMMS-LexingtonV5
202608221320320924,202608221237331911,202608221237331665,88,4902,P1 Reference Codes Bronze - B35A,br_samms_codes,TASK_COMPLETE,SUCCESS,INFO,2132,2132,0,,2026-08-22T12:37:36.805Z,2026-08-22T13:23:02.807Z,2726,2026-08-22T13:23:02.807Z,B35A,Berea,63818914-9c2b-4ff6-ac1c-35595835ab93,SAMMS-BereaV5
202608221320320925,202608221237331912,202608221237331665,88,4903,P1 Reference Codes Bronze - B36,br_samms_codes,TASK_COMPLETE,SUCCESS,INFO,1415,1415,0,,2026-08-22T12:37:36.805Z,2026-08-22T13:23:02.807Z,2726,2026-08-22T13:23:02.807Z,B36,Asheville,63818914-9c2b-4ff6-ac1c-35595835ab93,SAMMS-AshevilleV5
202608221320320927,202608221237331913,202608221237331665,88,4904,P1 Reference Codes Bronze - B37,br_samms_codes,TASK_COMPLETE,SUCCESS,INFO,1678,1678,0,,2026-08-22T12:37:36.805Z,2026-08-22T13:23:02.807Z,2726,2026-08-22T13:23:02.807Z,B37,Clyde,63818914-9c2b-4ff6-ac1c-35595835ab93,SAMMS-ClydeV5
202608221320320928,202608221237331914,202608221237331665,88,4905,P1 Reference Codes Bronze - B38,br_samms_codes,TASK_COMPLETE,SUCCESS,INFO,2431,2431,0,,2026-08-22T12:37:36.805Z,2026-08-22T13:23:02.807Z,2726,2026-08-22T13:23:02.807Z,B38,Spartanburg,63818914-9c2b-4ff6-ac1c-35595835ab93,SAMMS-SpartanburgV5
202608221320320929,202608221237331915,202608221237331665,88,4906,P1 Reference Codes Bronze - B39,br_samms_codes,TASK_COMPLETE,SUCCESS,INFO,1235,1235,0,,2026-08-22T12:37:36.805Z,2026-08-22T13:23:02.807Z,2726,2026-08-22T13:23:02.807Z,B39,Aiken,63818914-9c2b-4ff6-ac1c-35595835ab93,SAMMS-AikenV5
202608221320320931,202608221237331916,202608221237331665,88,4907,P1 Reference Codes Bronze - B41,br_samms_codes,TASK_COMPLETE,SUCCESS,INFO,1133,1133,0,,2026-08-22T12:37:36.805Z,2026-08-22T13:23:02.807Z,2726,2026-08-22T13:23:02.807Z,B41,Chesapeake,63818914-9c2b-4ff6-ac1c-35595835ab93,SAMMS-ChesapeakeV5
202608221320320932,202608221237331917,202608221237331665,88,4908,P1 Reference Codes Bronze - B42,br_samms_codes,TASK_COMPLETE,SUCCESS,INFO,1790,1790,0,,2026-08-22T12:37:36.805Z,2026-08-22T13:23:02.807Z,2726,2026-08-22T13:23:02.807Z,B42,VirginiaBeach,63818914-9c2b-4ff6-ac1c-35595835ab93,SAMMS-VirginiaBeachV5
202608221320320934,202608221237331918,202608221237331665,88,4909,P1 Reference Codes Bronze - B42A,br_samms_codes,TASK_COMPLETE,SUCCESS,INFO,2023,2023,0,,2026-08-22T12:37:36.805Z,2026-08-22T13:23:02.807Z,2726,2026-08-22T13:23:02.807Z,B42A,NewportNews,63818914-9c2b-4ff6-ac1c-35595835ab93,SAMMS-NewportNewsV5
202608221320320935,202608221237331919,202608221237331665,88,4910,P1 Reference Codes Bronze - B42B,br_samms_codes,TASK_COMPLETE,SUCCESS,INFO,1061,1061,0,,2026-08-22T12:37:36.805Z,2026-08-22T13:23:02.807Z,2726,2026-08-22T13:23:02.807Z,B42B,Franklin,63818914-9c2b-4ff6-ac1c-35595835ab93,SAMMS-FranklinV5
202608221320320877,202608221237331773,202608221237331665,88,4759,P1 Reference Clinic Bronze - V5B,br_samms_clinic,TASK_COMPLETE,SUCCESS,INFO,1,1,0,,2026-08-22T12:37:36.805Z,2026-08-22T13:23:02.807Z,2726,2026-08-22T13:23:02.807Z,V5B,Houma,63818914-9c2b-4ff6-ac1c-35595835ab93,SAMMS-HoumaV6
202608221320320879,202608221237331774,202608221237331665,88,4760,P1 Reference Clinic Bronze - V6,br_samms_clinic,TASK_COMPLETE,SUCCESS,INFO,1,1,0,,2026-08-22T12:37:36.805Z,2026-08-22T13:23:02.807Z,2726,2026-08-22T13:23:02.807Z,V6,LC,63818914-9c2b-4ff6-ac1c-35595835ab93,SAMMS-LCv5
202608221320320882,202608221237331775,202608221237331665,88,4761,P1 Reference Clinic Bronze - V8,br_samms_clinic,TASK_COMPLETE,SUCCESS,INFO,1,1,0,,2026-08-22T12:37:36.805Z,2026-08-22T13:23:02.807Z,2726,2026-08-22T13:23:02.807Z,V8,VCPHCS-VIII-Memphis,63818914-9c2b-4ff6-ac1c-35595835ab93,SAMMS-VCPHCS-VIII-MemphisV5
202608221320320884,202608221237331776,202608221237331665,88,4762,P1 Reference Clinic Bronze - V9,br_samms_clinic,TASK_COMPLETE,SUCCESS,INFO,1,1,0,,2026-08-22T12:37:36.805Z,2026-08-22T13:23:02.807Z,2726,2026-08-22T13:23:02.807Z,V9,Nashville,63818914-9c2b-4ff6-ac1c-35595835ab93,SAMMS-NashvilleV5
202608221320320886,202608221237331777,202608221237331665,88,4763,P1 Reference Clinic Bronze - VBRA,br_samms_clinic,TASK_COMPLETE,SUCCESS,INFO,1,1,0,,2026-08-22T12:37:36.805Z,2026-08-22T13:23:02.807Z,2726,2026-08-22T13:23:02.807Z,VBRA,Brainerd,63818914-9c2b-4ff6-ac1c-35595835ab93,SAMMS-BrainerdV6
202608221320320889,202608221237331778,202608221237331665,88,4764,P1 Reference Clinic Bronze - VBRP,br_samms_clinic,TASK_COMPLETE,SUCCESS,INFO,1,1,0,,2026-08-22T12:37:36.805Z,2026-08-22T13:23:02.807Z,2726,2026-08-22T13:23:02.807Z,VBRP,BrooklynPark,63818914-9c2b-4ff6-ac1c-35595835ab93,SAMMS-BrooklynParkV6
202608221320320891,202608221237331779,202608221237331665,88,4765,P1 Reference Clinic Bronze - VMIN,br_samms_clinic,TASK_COMPLETE,SUCCESS,INFO,1,1,0,,2026-08-22T12:37:36.805Z,2026-08-22T13:23:02.807Z,2726,2026-08-22T13:23:02.807Z,VMIN,Minneapolis,63818914-9c2b-4ff6-ac1c-35595835ab93,SAMMS-MinneapolisV6
202608221320320894,202608221237331780,202608221237331665,88,4766,P1 Reference Clinic Bronze - VWBY,br_samms_clinic,TASK_COMPLETE,SUCCESS,INFO,1,1,0,,2026-08-22T12:37:36.805Z,2026-08-22T13:23:02.807Z,2726,2026-08-22T13:23:02.807Z,VWBY,Woodbury,63818914-9c2b-4ff6-ac1c-35595835ab93,SAMMS-WoodburyV6
202608221320320896,202608221237331781,202608221237331665,88,4767,P1 Reference Clinic Bronze - WIL,br_samms_clinic,TASK_COMPLETE,SUCCESS,INFO,1,1,0,,2026-08-22T12:37:36.805Z,2026-08-22T13:23:02.807Z,2726,2026-08-22T13:23:02.807Z,WIL,Wilson,63818914-9c2b-4ff6-ac1c-35595835ab93,SAMMS-Wilson
202608221320320998,202608221237431666,202608221237431665,89,4768,P1 Reference Clinic Silver,tbl_Clinic,TASK_COMPLETE,SUCCESS,INFO,115,115,0,,2026-08-22T12:37:36.805Z,2026-08-22T13:23:02.807Z,2726,2026-08-22T13:23:02.807Z,,,63818914-9c2b-4ff6-ac1c-35595835ab93,
202608221320320908,202608221237331898,202608221237331665,88,4889,P1 Reference Codes Bronze - AHK,br_samms_codes,TASK_COMPLETE,SUCCESS,INFO,1087,1087,0,,2026-08-22T12:37:36.805Z,2026-08-22T13:23:02.807Z,2726,2026-08-22T13:23:02.807Z,AHK,Ahoskie,63818914-9c2b-4ff6-ac1c-35595835ab93,SAMMS-Ahoskie
202608221320320909,202608221237331899,202608221237331665,88,4890,P1 Reference Codes Bronze - B12B,br_samms_codes,TASK_COMPLETE,SUCCESS,INFO,1106,1106,0,,2026-08-22T12:37:36.805Z,2026-08-22T13:23:02.807Z,2726,2026-08-22T13:23:02.807Z,B12B,ColoradoSprings,63818914-9c2b-4ff6-ac1c-35595835ab93,SAMMS-ColoradoSpringsV5
202608221320320910,202608221237331900,202608221237331665,88,4891,P1 Reference Codes Bronze - B24,br_samms_codes,TASK_COMPLETE,SUCCESS,INFO,1583,1583,0,,2026-08-22T12:37:36.805Z,2026-08-22T13:23:02.807Z,2726,2026-08-22T13:23:02.807Z,B24,Paintsville,63818914-9c2b-4ff6-ac1c-35595835ab93,SAMMS-PaintsvilleV5
202608221320320912,202608221237331901,202608221237331665,88,4892,P1 Reference Codes Bronze - B25,br_samms_codes,TASK_COMPLETE,SUCCESS,INFO,1984,1984,0,,2026-08-22T12:37:36.805Z,2026-08-22T13:23:02.807Z,2726,2026-08-22T13:23:02.807Z,B25,Pikeville,63818914-9c2b-4ff6-ac1c-35595835ab93,SAMMS-PikevilleV5
202608221320320913,202608221237331902,202608221237331665,88,4893,P1 Reference Codes Bronze - B26,br_samms_codes,TASK_COMPLETE,SUCCESS,INFO,1704,1704,0,,2026-08-22T12:37:36.805Z,2026-08-22T13:23:02.807Z,2726,2026-08-22T13:23:02.807Z,B26,Hazard,63818914-9c2b-4ff6-ac1c-35595835ab93,SAMMS-HazardV5
202608221320320914,202608221237331903,202608221237331665,88,4894,P1 Reference Codes Bronze - B27,br_samms_codes,TASK_COMPLETE,SUCCESS,INFO,2220,2220,0,,2026-08-22T12:37:36.805Z,2026-08-22T13:23:02.807Z,2726,2026-08-22T13:23:02.807Z,B27,Savannah,63818914-9c2b-4ff6-ac1c-35595835ab93,SAMMS-SavannahV6
202608221320321016,202608221237331968,202608221237331665,88,8603,P1 Reference Codes Bronze - LAB,br_samms_codes,TASK_COMPLETE,SUCCESS,INFO,432,432,0,,2026-08-22T12:37:36.805Z,2026-08-22T13:23:02.807Z,2726,2026-08-22T13:23:02.807Z,LAB,Lab,63818914-9c2b-4ff6-ac1c-35595835ab93,SAMMS-LabV5-V2
202608221320321018,202608221237331969,202608221237331665,88,4959,P1 Reference Codes Bronze - LAN,br_samms_codes,TASK_COMPLETE,SUCCESS,INFO,1047,1047,0,,2026-08-22T12:37:36.805Z,2026-08-22T13:23:02.807Z,2726,2026-08-22T13:23:02.807Z,LAN,Lansing,63818914-9c2b-4ff6-ac1c-35595835ab93,SAMMS-Lansing
202608221320321020,202608221237331970,202608221237331665,88,4960,P1 Reference Codes Bronze - LO,br_samms_codes,TASK_COMPLETE,SUCCESS,INFO,1101,1101,0,,2026-08-22T12:37:36.805Z,2026-08-22T13:23:02.807Z,2726,2026-08-22T13:23:02.807Z,LO,Louisville,63818914-9c2b-4ff6-ac1c-35595835ab93,SAMMS-Louisville
202608221320321022,202608221237331971,202608221237331665,88,4961,P1 Reference Codes Bronze - LV1,br_samms_codes,TASK_COMPLETE,SUCCESS,INFO,993,993,0,,2026-08-22T12:37:36.805Z,2026-08-22T13:23:02.807Z,2726,2026-08-22T13:23:02.807Z,LV1,Cheyenne,63818914-9c2b-4ff6-ac1c-35595835ab93,SAMMS-Cheyenne
202608221320321024,202608221237331972,202608221237331665,88,4962,P1 Reference Codes Bronze - LV2,br_samms_codes,TASK_COMPLETE,SUCCESS,INFO,1003,1003,0,,2026-08-22T12:37:36.805Z,2026-08-22T13:23:02.807Z,2726,2026-08-22T13:23:02.807Z,LV2,DesertInn,63818914-9c2b-4ff6-ac1c-35595835ab93,SAMMS-DesertInn
202608221320321026,202608221237331973,202608221237331665,88,4963,P1 Reference Codes Bronze - LV3,br_samms_codes,TASK_COMPLETE,SUCCESS,INFO,990,990,0,,2026-08-22T12:37:36.805Z,2026-08-22T13:23:02.807Z,2726,2026-08-22T13:23:02.807Z,LV3,McDaniel,63818914-9c2b-4ff6-ac1c-35595835ab93,SAMMS-McDaniel
202608221320321028,202608221237331974,202608221237331665,88,4964,P1 Reference Codes Bronze - MNRE,br_samms_codes,TASK_COMPLETE,SUCCESS,INFO,1013,1013,0,,2026-08-22T12:37:36.805Z,2026-08-22T13:23:02.807Z,2726,2026-08-22T13:23:02.807Z,MNRE,Monroe,63818914-9c2b-4ff6-ac1c-35595835ab93,SAMMS-Monroe
202608221320321030,202608221237331975,202608221237331665,88,4965,P1 Reference Codes Bronze - MP,br_samms_codes,TASK_COMPLETE,SUCCESS,INFO,1056,1056,0,,2026-08-22T12:37:36.805Z,2026-08-22T13:23:02.807Z,2726,2026-08-22T13:23:02.807Z,MP,MtPleasant,63818914-9c2b-4ff6-ac1c-35595835ab93,SAMMS-MtPleasant
202608221320321032,202608221237331976,202608221237331665,88,4966,P1 Reference Codes Bronze - MRD,br_samms_codes,TASK_COMPLETE,SUCCESS,INFO,1154,1154,0,,2026-08-22T12:37:36.805Z,2026-08-22T13:23:02.807Z,2726,2026-08-22T13:23:02.807Z,MRD,Meridian,63818914-9c2b-4ff6-ac1c-35595835ab93,SAMMS-Meridian
202608221320321034,202608221237331977,202608221237331665,88,4967,P1 Reference Codes Bronze - NC,br_samms_codes,TASK_COMPLETE,SUCCESS,INFO,1037,1037,0,,2026-08-22T12:37:36.805Z,2026-08-22T13:23:02.807Z,2726,2026-08-22T13:23:02.807Z,NC,NorthCharleston,63818914-9c2b-4ff6-ac1c-35595835ab93,SAMMS-NorthCharleston
202608221320321036,202608221237331978,202608221237331665,88,4968,P1 Reference Codes Bronze - NLR,br_samms_codes,TASK_COMPLETE,SUCCESS,INFO,1017,1017,0,,2026-08-22T12:37:36.805Z,2026-08-22T13:23:02.807Z,2726,2026-08-22T13:23:02.807Z,NLR,NLROBOT,63818914-9c2b-4ff6-ac1c-35595835ab93,SAMMS-NLROBOT
202608221320321038,202608221237331979,202608221237331665,88,4969,P1 Reference Codes Bronze - PH,br_samms_codes,TASK_COMPLETE,SUCCESS,INFO,946,946,0,,2026-08-22T12:37:36.805Z,2026-08-22T13:23:02.807Z,2726,2026-08-22T13:23:02.807Z,PH,Phoenix,63818914-9c2b-4ff6-ac1c-35595835ab93,SAMMS-Phoenix
202608221320321040,202608221237331980,202608221237331665,88,4970,P1 Reference Codes Bronze - RE,br_samms_codes,TASK_COMPLETE,SUCCESS,INFO,957,957,0,,2026-08-22T12:37:36.805Z,2026-08-22T13:23:02.807Z,2726,2026-08-22T13:23:02.807Z,RE,Reno,63818914-9c2b-4ff6-ac1c-35595835ab93,SAMMS-Reno
202608221320321042,202608221237331981,202608221237331665,88,4971,P1 Reference Codes Bronze - RMD,br_samms_codes,TASK_COMPLETE,SUCCESS,INFO,1139,1139,0,,2026-08-22T12:37:36.805Z,2026-08-22T13:23:02.807Z,2726,2026-08-22T13:23:02.807Z,RMD,Richmond,63818914-9c2b-4ff6-ac1c-35595835ab93,SAMMS-Richmond
202608221320321044,202608221237331982,202608221237331665,88,4972,P1 Reference Codes Bronze - SFN,br_samms_codes,TASK_COMPLETE,SUCCESS,INFO,1119,1119,0,,2026-08-22T12:37:36.805Z,2026-08-22T13:23:02.807Z,2726,2026-08-22T13:23:02.807Z,SFN,SFN,63818914-9c2b-4ff6-ac1c-35595835ab93,SAMMS-SFNv5
202608221320321046,202608221237331983,202608221237331665,88,4973,P1 Reference Codes Bronze - SHP,br_samms_codes,TASK_COMPLETE,SUCCESS,INFO,1056,1056,0,,2026-08-22T12:37:36.805Z,2026-08-22T13:23:02.807Z,2726,2026-08-22T13:23:02.807Z,SHP,Shreveport,63818914-9c2b-4ff6-ac1c-35595835ab93,SAMMS-Shreveport
202608221320320672,202608221237331894,202608221237331665,88,4882,P1 Reference 3P Setup Bronze - VBRP,br_samms_3p_setup,TASK_COMPLETE,SUCCESS,INFO,5,5,0,,2026-08-22T12:37:36.805Z,2026-08-22T13:23:02.807Z,2726,2026-08-22T13:23:02.807Z,VBRP,BrooklynPark,63818914-9c2b-4ff6-ac1c-35595835ab93,SAMMS-BrooklynParkV6
202608221320320674,202608221237331895,202608221237331665,88,4883,P1 Reference 3P Setup Bronze - VMIN,br_samms_3p_setup,TASK_COMPLETE,SUCCESS,INFO,5,5,0,,2026-08-22T12:37:36.805Z,2026-08-22T13:23:02.807Z,2726,2026-08-22T13:23:02.807Z,VMIN,Minneapolis,63818914-9c2b-4ff6-ac1c-35595835ab93,SAMMS-MinneapolisV6
202608221320320677,202608221237331896,202608221237331665,88,4884,P1 Reference 3P Setup Bronze - VWBY,br_samms_3p_setup,TASK_COMPLETE,SUCCESS,INFO,5,5,0,,2026-08-22T12:37:36.805Z,2026-08-22T13:23:02.807Z,2726,2026-08-22T13:23:02.807Z,VWBY,Woodbury,63818914-9c2b-4ff6-ac1c-35595835ab93,SAMMS-WoodburyV6
202608221320320679,202608221237331897,202608221237331665,88,4885,P1 Reference 3P Setup Bronze - WIL,br_samms_3p_setup,TASK_COMPLETE,SUCCESS,INFO,3,3,0,,2026-08-22T12:37:36.805Z,2026-08-22T13:23:02.807Z,2726,2026-08-22T13:23:02.807Z,WIL,Wilson,63818914-9c2b-4ff6-ac1c-35595835ab93,SAMMS-Wilson
202608221320320781,202608221237431667,202608221237431665,89,4886,P1 Reference 3P Setup Silver,tbl_3PSETUP,TASK_COMPLETE,SUCCESS,INFO,345,345,0,,2026-08-22T12:37:36.805Z,2026-08-22T13:23:02.807Z,2726,2026-08-22T13:23:02.807Z,,,63818914-9c2b-4ff6-ac1c-35595835ab93,
202608221320320691,202608221237331666,202608221237331665,88,4653,P1 Reference Clinic Bronze - AHK,br_samms_clinic,TASK_COMPLETE,SUCCESS,INFO,1,1,0,,2026-08-22T12:37:36.805Z,2026-08-22T13:23:02.807Z,2726,2026-08-22T13:23:02.807Z,AHK,Ahoskie,63818914-9c2b-4ff6-ac1c-35595835ab93,SAMMS-Ahoskie
202608221320320693,202608221237331667,202608221237331665,88,4654,P1 Reference Clinic Bronze - B12B,br_samms_clinic,TASK_COMPLETE,SUCCESS,INFO,1,1,0,,2026-08-22T12:37:36.805Z,2026-08-22T13:23:02.807Z,2726,2026-08-22T13:23:02.807Z,B12B,ColoradoSprings,63818914-9c2b-4ff6-ac1c-35595835ab93,SAMMS-ColoradoSpringsV5
202608221320320694,202608221237331668,202608221237331665,88,4655,P1 Reference Clinic Bronze - B24,br_samms_clinic,TASK_COMPLETE,SUCCESS,INFO,1,1,0,,2026-08-22T12:37:36.805Z,2026-08-22T13:23:02.807Z,2726,2026-08-22T13:23:02.807Z,B24,Paintsville,63818914-9c2b-4ff6-ac1c-35595835ab93,SAMMS-PaintsvilleV5
202608221320320695,202608221237331669,202608221237331665,88,4656,P1 Reference Clinic Bronze - B25,br_samms_clinic,TASK_COMPLETE,SUCCESS,INFO,1,1,0,,2026-08-22T12:37:36.805Z,2026-08-22T13:23:02.807Z,2726,2026-08-22T13:23:02.807Z,B25,Pikeville,63818914-9c2b-4ff6-ac1c-35595835ab93,SAMMS-PikevilleV5
202608221320320696,202608221237331670,202608221237331665,88,4657,P1 Reference Clinic Bronze - B26,br_samms_clinic,TASK_COMPLETE,SUCCESS,INFO,1,1,0,,2026-08-22T12:37:36.805Z,2026-08-22T13:23:02.807Z,2726,2026-08-22T13:23:02.807Z,B26,Hazard,63818914-9c2b-4ff6-ac1c-35595835ab93,SAMMS-HazardV5
202608221320320697,202608221237331671,202608221237331665,88,4658,P1 Reference Clinic Bronze - B27,br_samms_clinic,TASK_COMPLETE,SUCCESS,INFO,1,1,0,,2026-08-22T12:37:36.805Z,2026-08-22T13:23:02.807Z,2726,2026-08-22T13:23:02.807Z,B27,Savannah,63818914-9c2b-4ff6-ac1c-35595835ab93,SAMMS-SavannahV6
202608221320320699,202608221237331672,202608221237331665,88,4659,P1 Reference Clinic Bronze - B28,br_samms_clinic,TASK_COMPLETE,SUCCESS,INFO,1,1,0,,2026-08-22T12:37:36.805Z,2026-08-22T13:23:02.807Z,2726,2026-08-22T13:23:02.807Z,B28,WestPlaines,63818914-9c2b-4ff6-ac1c-35595835ab93,SAMMS-WestPlainesV5
202608221320320700,202608221237331673,202608221237331665,88,4660,P1 Reference Clinic Bronze - B29,br_samms_clinic,TASK_COMPLETE,SUCCESS,INFO,1,1,0,,2026-08-22T12:37:36.805Z,2026-08-22T13:23:02.807Z,2726,2026-08-22T13:23:02.807Z,B29,PoplarBluff,63818914-9c2b-4ff6-ac1c-35595835ab93,SAMMS-PoplarBluffV5
202608221320320701,202608221237331674,202608221237331665,88,4661,P1 Reference Clinic Bronze - B30,br_samms_clinic,TASK_COMPLETE,SUCCESS,INFO,1,1,0,,2026-08-22T12:37:36.805Z,2026-08-22T13:23:02.807Z,2726,2026-08-22T13:23:02.807Z,B30,KCN,63818914-9c2b-4ff6-ac1c-35595835ab93,SAMMS-KCNv5
202608221320320702,202608221237331675,202608221237331665,88,4662,P1 Reference Clinic Bronze - B31,br_samms_clinic,TASK_COMPLETE,SUCCESS,INFO,1,1,0,,2026-08-22T12:37:36.805Z,2026-08-22T13:23:02.807Z,2726,2026-08-22T13:23:02.807Z,B31,Dyersburg,63818914-9c2b-4ff6-ac1c-35595835ab93,SAMMS-DyersburgV5
202608221320320704,202608221237331676,202608221237331665,88,4663,P1 Reference Clinic Bronze - B33,br_samms_clinic,TASK_COMPLETE,SUCCESS,INFO,1,1,0,,2026-08-22T12:37:36.805Z,2026-08-22T13:23:02.807Z,2726,2026-08-22T13:23:02.807Z,B33,Paducah,63818914-9c2b-4ff6-ac1c-35595835ab93,SAMMS-Paducah
202608221320320841,202608221237331757,202608221237331665,88,4743,P1 Reference Clinic Bronze - TTCB,br_samms_clinic,TASK_COMPLETE,SUCCESS,INFO,1,1,0,,2026-08-22T12:37:36.805Z,2026-08-22T13:23:02.807Z,2726,2026-08-22T13:23:02.807Z,TTCB,Cullman,63818914-9c2b-4ff6-ac1c-35595835ab93,SAMMS-CullmanV5
202608221320320844,202608221237331758,202608221237331665,88,4744,P1 Reference Clinic Bronze - TTCC,br_samms_clinic,TASK_COMPLETE,SUCCESS,INFO,1,1,0,,2026-08-22T12:37:36.805Z,2026-08-22T13:23:02.807Z,2726,2026-08-22T13:23:02.807Z,TTCC,GrandBay,63818914-9c2b-4ff6-ac1c-35595835ab93,SAMMS-GrandBay
202608221320320846,202608221237331759,202608221237331665,88,4745,P1 Reference Clinic Bronze - TU,br_samms_clinic,TASK_COMPLETE,SUCCESS,INFO,1,1,0,,2026-08-22T12:37:36.805Z,2026-08-22T13:23:02.807Z,2726,2026-08-22T13:23:02.807Z,TU,Tucson,63818914-9c2b-4ff6-ac1c-35595835ab93,SAMMS-Tucson
202608221320320848,202608221237331760,202608221237331665,88,4746,P1 Reference Clinic Bronze - V1,br_samms_clinic,TASK_COMPLETE,SUCCESS,INFO,1,1,0,,2026-08-22T12:37:36.805Z,2026-08-22T13:23:02.807Z,2726,2026-08-22T13:23:02.807Z,V1,VCPHCS-I-Memphis,63818914-9c2b-4ff6-ac1c-35595835ab93,SAMMS-VCPHCS-I-MemphisV5
202608221320320850,202608221237331761,202608221237331665,88,4747,P1 Reference Clinic Bronze - V10,br_samms_clinic,TASK_COMPLETE,SUCCESS,INFO,1,1,0,,2026-08-22T12:37:36.805Z,2026-08-22T13:23:02.807Z,2726,2026-08-22T13:23:02.807Z,V10,Boulder,63818914-9c2b-4ff6-ac1c-35595835ab93,SAMMS-BoulderV5
202608221320320852,202608221237331762,202608221237331665,88,4748,P1 Reference Clinic Bronze - V10A,br_samms_clinic,TASK_COMPLETE,SUCCESS,INFO,1,1,0,,2026-08-22T12:37:36.805Z,2026-08-22T13:23:02.807Z,2726,2026-08-22T13:23:02.807Z,V10A,FortCollins,63818914-9c2b-4ff6-ac1c-35595835ab93,SAMMS-FortCollinsV5
202608221320320854,202608221237331763,202608221237331665,88,4749,P1 Reference Clinic Bronze - V11,br_samms_clinic,TASK_COMPLETE,SUCCESS,INFO,1,1,0,,2026-08-22T12:37:36.805Z,2026-08-22T13:23:02.807Z,2726,2026-08-22T13:23:02.807Z,V11,VCPHCS-XI-NorthDenver,63818914-9c2b-4ff6-ac1c-35595835ab93,SAMMS-VCPHCS-XI-NorthDenverV5
202608221320320857,202608221237331764,202608221237331665,88,4750,P1 Reference Clinic Bronze - V12,br_samms_clinic,TASK_COMPLETE,SUCCESS,INFO,1,1,0,,2026-08-22T12:37:36.805Z,2026-08-22T13:23:02.807Z,2726,2026-08-22T13:23:02.807Z,V12,VCPHCS-XII-DowntownDenver,63818914-9c2b-4ff6-ac1c-35595835ab93,SAMMS-VCPHCS-XII-DowntownDenverV5
202608221320320859,202608221237331765,202608221237331665,88,4751,P1 Reference Clinic Bronze - V12A,br_samms_clinic,TASK_COMPLETE,SUCCESS,INFO,1,1,0,,2026-08-22T12:37:36.805Z,2026-08-22T13:23:02.807Z,2726,2026-08-22T13:23:02.807Z,V12A,Centennial,63818914-9c2b-4ff6-ac1c-35595835ab93,SAMMS-CentennialV5
202608221320320861,202608221237331766,202608221237331665,88,4752,P1 Reference Clinic Bronze - V14,br_samms_clinic,TASK_COMPLETE,SUCCESS,INFO,1,1,0,,2026-08-22T12:37:36.805Z,2026-08-22T13:23:02.807Z,2726,2026-08-22T13:23:02.807Z,V14,VCPHCS-XIV-Bridgeway,63818914-9c2b-4ff6-ac1c-35595835ab93,SAMMS-VCPHCS-XIV-BridgewayV5
202608221320320863,202608221237331767,202608221237331665,88,4753,P1 Reference Clinic Bronze - V15,br_samms_clinic,TASK_COMPLETE,SUCCESS,INFO,1,1,0,,2026-08-22T12:37:36.805Z,2026-08-22T13:23:02.807Z,2726,2026-08-22T13:23:02.807Z,V15,Joplin,63818914-9c2b-4ff6-ac1c-35595835ab93,SAMMS-JoplinV5
202608221320320866,202608221237331768,202608221237331665,88,4754,P1 Reference Clinic Bronze - V17,br_samms_clinic,TASK_COMPLETE,SUCCESS,INFO,1,1,0,,2026-08-22T12:37:36.805Z,2026-08-22T13:23:02.807Z,2726,2026-08-22T13:23:02.807Z,V17,ColumbiaTN,63818914-9c2b-4ff6-ac1c-35595835ab93,SAMMS-ColumbiaTNv5
202608221320320868,202608221237331769,202608221237331665,88,4755,P1 Reference Clinic Bronze - V19,br_samms_clinic,TASK_COMPLETE,SUCCESS,INFO,1,1,0,,2026-08-22T12:37:36.805Z,2026-08-22T13:23:02.807Z,2726,2026-08-22T13:23:02.807Z,V19,Jackson,63818914-9c2b-4ff6-ac1c-35595835ab93,SAMMS-JacksonV5
202608221320320870,202608221237331770,202608221237331665,88,4756,P1 Reference Clinic Bronze - V20,br_samms_clinic,TASK_COMPLETE,SUCCESS,INFO,1,1,0,,2026-08-22T12:37:36.805Z,2026-08-22T13:23:02.807Z,2726,2026-08-22T13:23:02.807Z,V20,Paris,63818914-9c2b-4ff6-ac1c-35595835ab93,SAMMS-ParisV5
202608221320320873,202608221237331771,202608221237331665,88,4757,P1 Reference Clinic Bronze - V21,br_samms_clinic,TASK_COMPLETE,SUCCESS,INFO,1,1,0,,2026-08-22T12:37:36.805Z,2026-08-22T13:23:02.807Z,2726,2026-08-22T13:23:02.807Z,V21,Raleigh,63818914-9c2b-4ff6-ac1c-35595835ab93,SAMMS-RaleighV5
202608221320320875,202608221237331772,202608221237331665,88,4758,P1 Reference Clinic Bronze - V5,br_samms_clinic,TASK_COMPLETE,SUCCESS,INFO,1,1,0,,2026-08-22T12:37:36.805Z,2026-08-22T13:23:02.807Z,2726,2026-08-22T13:23:02.807Z,V5,NONTC,63818914-9c2b-4ff6-ac1c-35595835ab93,SAMMS-NONTCv5
202608270652233418,202608270652233418,20260827043602,132,13708,Auth Elig Trend Auth Gold,CurrentDayPayAuth,TASK_FAILED,FAILED,ERROR,4,0,4,An error occurred while calling o21628.saveAsTable. : com.microsoft.fabric.spark.catalog.metadata.DoesNotExistException: Artifact not found: `BHG-DATA-PLATFORM-CORE-DEV`.`bhg_gold`,2026-08-27T06:52:23.341Z,2026-08-27T06:52:44.741Z,21,2026-08-27T06:52:44.741Z,,,475c3e58-0434-45d9-b3f8-9d768448de53,
202608270652569011,202608270652569011,20260827043602,132,13709,Auth Elig Trend Elig Gold,CurrentDayPayElig,TASK_FAILED,FAILED,ERROR,4,0,4,An error occurred while calling o22422.saveAsTable. : com.microsoft.fabric.spark.catalog.metadata.DoesNotExistException: Artifact not found: `BHG-DATA-PLATFORM-CORE-DEV`.`bhg_gold`,2026-08-27T06:52:56.901Z,2026-08-27T06:53:18.534Z,21,2026-08-27T06:53:18.534Z,,,475c3e58-0434-45d9-b3f8-9d768448de53,
202608221320322264,202608221237332056,202608221237331665,88,5049,P1 Reference Services Bronze - B76,br_samms_services,TASK_COMPLETE,SUCCESS,INFO,237,237,0,,2026-08-22T12:37:36.805Z,2026-08-22T13:23:02.807Z,2726,2026-08-22T13:23:02.807Z,B76,Huntsville-OBOT,63818914-9c2b-4ff6-ac1c-35595835ab93,SAMMS-Huntsville-OBOT
202608221320322266,202608221237332057,202608221237331665,88,5050,P1 Reference Services Bronze - BAT,br_samms_services,TASK_COMPLETE,SUCCESS,INFO,237,237,0,,2026-08-22T12:37:36.805Z,2026-08-22T13:23:02.807Z,2726,2026-08-22T13:23:02.807Z,BAT,Batesville,63818914-9c2b-4ff6-ac1c-35595835ab93,SAMMS-Batesville
202608221320322268,202608221237332058,202608221237331665,88,5051,P1 Reference Services Bronze - BG,br_samms_services,TASK_COMPLETE,SUCCESS,INFO,244,244,0,,2026-08-22T12:37:36.805Z,2026-08-22T13:23:02.807Z,2726,2026-08-22T13:23:02.807Z,BG,BowlingGreen,63818914-9c2b-4ff6-ac1c-35595835ab93,SAMMS-BowlingGreen
202608221320322269,202608221237332059,202608221237331665,88,5052,P1 Reference Services Bronze - BOI,br_samms_services,TASK_COMPLETE,SUCCESS,INFO,237,237,0,,2026-08-22T12:37:36.805Z,2026-08-22T13:23:02.807Z,2726,2026-08-22T13:23:02.807Z,BOI,Boise,63818914-9c2b-4ff6-ac1c-35595835ab93,SAMMS-Boise
202608221320322271,202608221237332060,202608221237331665,88,5053,P1 Reference Services Bronze - CBCO,br_samms_services,TASK_COMPLETE,SUCCESS,INFO,237,237,0,,2026-08-22T12:37:36.805Z,2026-08-22T13:23:02.807Z,2726,2026-08-22T13:23:02.807Z,CBCO,CoeurdAlene,63818914-9c2b-4ff6-ac1c-35595835ab93,SAMMS-CoeurdAleneV6
202608221320322273,202608221237332061,202608221237331665,88,5054,P1 Reference Services Bronze - CON,br_samms_services,TASK_COMPLETE,SUCCESS,INFO,237,237,0,,2026-08-22T12:37:36.805Z,2026-08-22T13:23:02.807Z,2726,2026-08-22T13:23:02.807Z,CON,Conway,63818914-9c2b-4ff6-ac1c-35595835ab93,SAMMS-Conway
202608221320322274,202608221237332062,202608221237331665,88,5055,P1 Reference Services Bronze - D07,br_samms_services,TASK_COMPLETE,SUCCESS,INFO,238,238,0,,2026-08-22T12:37:36.805Z,2026-08-22T13:23:02.807Z,2726,2026-08-22T13:23:02.807Z,D07,Knoxville,63818914-9c2b-4ff6-ac1c-35595835ab93,SAMMS-KnoxvilleV6
202608221320322276,202608221237332063,202608221237331665,88,5056,P1 Reference Services Bronze - D08,br_samms_services,TASK_COMPLETE,SUCCESS,INFO,245,245,0,,2026-08-22T12:37:36.805Z,2026-08-22T13:23:02.807Z,2726,2026-08-22T13:23:02.807Z,D08,Madison,63818914-9c2b-4ff6-ac1c-35595835ab93,SAMMS-MadisonV6
202608221320322278,202608221237332064,202608221237331665,88,5057,P1 Reference Services Bronze - D09,br_samms_services,TASK_COMPLETE,SUCCESS,INFO,245,245,0,,2026-08-22T12:37:36.805Z,2026-08-22T13:23:02.807Z,2726,2026-08-22T13:23:02.807Z,D09,Murfreesboro,63818914-9c2b-4ff6-ac1c-35595835ab93,SAMMS-MurfreesboroV6
202608221320322280,202608221237332065,202608221237331665,88,5058,P1 Reference Services Bronze - DA,br_samms_services,TASK_COMPLETE,SUCCESS,INFO,239,239,0,,2026-08-22T12:37:36.805Z,2026-08-22T13:23:02.807Z,2726,2026-08-22T13:23:02.807Z,DA,Davenport,63818914-9c2b-4ff6-ac1c-35595835ab93,SAMMS-Davenport
202608221320322281,202608221237332066,202608221237331665,88,5059,P1 Reference Services Bronze - DM,br_samms_services,TASK_COMPLETE,SUCCESS,INFO,239,239,0,,2026-08-22T12:37:36.805Z,2026-08-22T13:23:02.807Z,2726,2026-08-22T13:23:02.807Z,DM,DesMoines,63818914-9c2b-4ff6-ac1c-35595835ab93,SAMMS-DesMoines
202608221320322283,202608221237332067,202608221237331665,88,5060,P1 Reference Services Bronze - DRD-CO,br_samms_services,TASK_COMPLETE,SUCCESS,INFO,251,251,0,,2026-08-22T12:37:36.805Z,2026-08-22T13:23:02.807Z,2726,2026-08-22T13:23:02.807Z,DRD-CO,Columbia,63818914-9c2b-4ff6-ac1c-35595835ab93,SAMMS-ColumbiaV5
202608221320322285,202608221237332068,202608221237331665,88,5061,P1 Reference Services Bronze - DRD-KC,br_samms_services,TASK_COMPLETE,SUCCESS,INFO,251,251,0,,2026-08-22T12:37:36.805Z,2026-08-22T13:23:02.807Z,2726,2026-08-22T13:23:02.807Z,DRD-KC,KC,63818914-9c2b-4ff6-ac1c-35595835ab93,SAMMS-KCv5
202608221320322286,202608221237332069,202608221237331665,88,5062,P1 Reference Services Bronze - DRD-KVB,br_samms_services,TASK_COMPLETE,SUCCESS,INFO,245,245,0,,2026-08-22T12:37:36.805Z,2026-08-22T13:23:02.807Z,2726,2026-08-22T13:23:02.807Z,DRD-KVB,KVB,63818914-9c2b-4ff6-ac1c-35595835ab93,SAMMS-KVBv5
202608221320322288,202608221237332070,202608221237331665,88,5063,P1 Reference Services Bronze - DRD-KVC,br_samms_services,TASK_COMPLETE,SUCCESS,INFO,245,245,0,,2026-08-22T12:37:36.805Z,2026-08-22T13:23:02.807Z,2726,2026-08-22T13:23:02.807Z,DRD-KVC,KVC,63818914-9c2b-4ff6-ac1c-35595835ab93,SAMMS-KVCv5
202608221320322290,202608221237332071,202608221237331665,88,5064,P1 Reference Services Bronze - DRD-NOLA,br_samms_services,TASK_COMPLETE,SUCCESS,INFO,239,239,0,,2026-08-22T12:37:36.805Z,2026-08-22T13:23:02.807Z,2726,2026-08-22T13:23:02.807Z,DRD-NOLA,NOLA,63818914-9c2b-4ff6-ac1c-35595835ab93,SAMMS-NOLAv5
202608221320322218,202608221237332024,202608221237331665,88,5017,P1 Reference Services Bronze - B33,br_samms_services,TASK_COMPLETE,SUCCESS,INFO,244,244,0,,2026-08-22T12:37:36.805Z,2026-08-22T13:23:02.807Z,2726,2026-08-22T13:23:02.807Z,B33,Paducah,63818914-9c2b-4ff6-ac1c-35595835ab93,SAMMS-Paducah
202608221320322219,202608221237332025,202608221237331665,88,5018,P1 Reference Services Bronze - B34,br_samms_services,TASK_COMPLETE,SUCCESS,INFO,244,244,0,,2026-08-22T12:37:36.805Z,2026-08-22T13:23:02.807Z,2726,2026-08-22T13:23:02.807Z,B34,Corbin,63818914-9c2b-4ff6-ac1c-35595835ab93,SAMMS-CorbinV5
202608221320322221,202608221237332026,202608221237331665,88,5019,P1 Reference Services Bronze - B35,br_samms_services,TASK_COMPLETE,SUCCESS,INFO,244,244,0,,2026-08-22T12:37:36.805Z,2026-08-22T13:23:02.807Z,2726,2026-08-22T13:23:02.807Z,B35,Lexington,63818914-9c2b-4ff6-ac1c-35595835ab93,SAMMS-LexingtonV5
202608221320322222,202608221237332027,202608221237331665,88,5020,P1 Reference Services Bronze - B35A,br_samms_services,TASK_COMPLETE,SUCCESS,INFO,244,244,0,,2026-08-22T12:37:36.805Z,2026-08-22T13:23:02.807Z,2726,2026-08-22T13:23:02.807Z,B35A,Berea,63818914-9c2b-4ff6-ac1c-35595835ab93,SAMMS-BereaV5
202608221320322223,202608221237332028,202608221237331665,88,5021,P1 Reference Services Bronze - B36,br_samms_services,TASK_COMPLETE,SUCCESS,INFO,240,240,0,,2026-08-22T12:37:36.805Z,2026-08-22T13:23:02.807Z,2726,2026-08-22T13:23:02.807Z,B36,Asheville,63818914-9c2b-4ff6-ac1c-35595835ab93,SAMMS-AshevilleV5
202608221320322225,202608221237332029,202608221237331665,88,5022,P1 Reference Services Bronze - B37,br_samms_services,TASK_COMPLETE,SUCCESS,INFO,238,238,0,,2026-08-22T12:37:36.805Z,2026-08-22T13:23:02.807Z,2726,2026-08-22T13:23:02.807Z,B37,Clyde,63818914-9c2b-4ff6-ac1c-35595835ab93,SAMMS-ClydeV5
202608221320322226,202608221237332030,202608221237331665,88,5023,P1 Reference Services Bronze - B38,br_samms_services,TASK_COMPLETE,SUCCESS,INFO,237,237,0,,2026-08-22T12:37:36.805Z,2026-08-22T13:23:02.807Z,2726,2026-08-22T13:23:02.807Z,B38,Spartanburg,63818914-9c2b-4ff6-ac1c-35595835ab93,SAMMS-SpartanburgV5
202608221320322227,202608221237332031,202608221237331665,88,5024,P1 Reference Services Bronze - B39,br_samms_services,TASK_COMPLETE,SUCCESS,INFO,237,237,0,,2026-08-22T12:37:36.805Z,2026-08-22T13:23:02.807Z,2726,2026-08-22T13:23:02.807Z,B39,Aiken,63818914-9c2b-4ff6-ac1c-35595835ab93,SAMMS-AikenV5
202608221320322229,202608221237332032,202608221237331665,88,5025,P1 Reference Services Bronze - B41,br_samms_services,TASK_COMPLETE,SUCCESS,INFO,242,242,0,,2026-08-22T12:37:36.805Z,2026-08-22T13:23:02.807Z,2726,2026-08-22T13:23:02.807Z,B41,Chesapeake,63818914-9c2b-4ff6-ac1c-35595835ab93,SAMMS-ChesapeakeV5
202608221320322230,202608221237332033,202608221237331665,88,5026,P1 Reference Services Bronze - B42,br_samms_services,TASK_COMPLETE,SUCCESS,INFO,242,242,0,,2026-08-22T12:37:36.805Z,2026-08-22T13:23:02.807Z,2726,2026-08-22T13:23:02.807Z,B42,VirginiaBeach,63818914-9c2b-4ff6-ac1c-35595835ab93,SAMMS-VirginiaBeachV5
202608221320322231,202608221237332034,202608221237331665,88,5027,P1 Reference Services Bronze - B42A,br_samms_services,TASK_COMPLETE,SUCCESS,INFO,242,242,0,,2026-08-22T12:37:36.805Z,2026-08-22T13:23:02.807Z,2726,2026-08-22T13:23:02.807Z,B42A,NewportNews,63818914-9c2b-4ff6-ac1c-35595835ab93,SAMMS-NewportNewsV5
202608221320322233,202608221237332035,202608221237331665,88,5028,P1 Reference Services Bronze - B42B,br_samms_services,TASK_COMPLETE,SUCCESS,INFO,242,242,0,,2026-08-22T12:37:36.805Z,2026-08-22T13:23:02.807Z,2726,2026-08-22T13:23:02.807Z,B42B,Franklin,63818914-9c2b-4ff6-ac1c-35595835ab93,SAMMS-FranklinV5
202608221320322234,202608221237332036,202608221237331665,88,5029,P1 Reference Services Bronze - B42C,br_samms_services,TASK_COMPLETE,SUCCESS,INFO,242,242,0,,2026-08-22T12:37:36.805Z,2026-08-22T13:23:02.807Z,2726,2026-08-22T13:23:02.807Z,B42C,GlenAllen,63818914-9c2b-4ff6-ac1c-35595835ab93,SAMMS-GlenAllenV5
202608221320322236,202608221237332037,202608221237331665,88,5030,P1 Reference Services Bronze - B42D,br_samms_services,TASK_COMPLETE,SUCCESS,INFO,242,242,0,,2026-08-22T12:37:36.805Z,2026-08-22T13:23:02.807Z,2726,2026-08-22T13:23:02.807Z,B42D,ChesapeakeSouth,63818914-9c2b-4ff6-ac1c-35595835ab93,SAMMS-ChesapeakeSouthV5
202608221320322237,202608221237332038,202608221237331665,88,5031,P1 Reference Services Bronze - B44,br_samms_services,TASK_COMPLETE,SUCCESS,INFO,248,248,0,,2026-08-22T12:37:36.805Z,2026-08-22T13:23:02.807Z,2726,2026-08-22T13:23:02.807Z,B44,Albany,63818914-9c2b-4ff6-ac1c-35595835ab93,SAMMS-AlbanyV5
202608221320322238,202608221237332039,202608221237331665,88,5032,P1 Reference Services Bronze - B45,br_samms_services,TASK_COMPLETE,SUCCESS,INFO,248,248,0,,2026-08-22T12:37:36.805Z,2026-08-22T13:23:02.807Z,2726,2026-08-22T13:23:02.807Z,B45,Tifton,63818914-9c2b-4ff6-ac1c-35595835ab93,SAMMS-TiftonV5
202608221320320382,202608221237331798,202608221237331665,88,4787,P1 Reference 3P Setup Bronze - B38,br_samms_3p_setup,TASK_COMPLETE,SUCCESS,INFO,3,3,0,,2026-08-22T12:37:36.805Z,2026-08-22T13:23:02.807Z,2726,2026-08-22T13:23:02.807Z,B38,Spartanburg,63818914-9c2b-4ff6-ac1c-35595835ab93,SAMMS-SpartanburgV5
202608221320320383,202608221237331799,202608221237331665,88,4788,P1 Reference 3P Setup Bronze - B39,br_samms_3p_setup,TASK_COMPLETE,SUCCESS,INFO,3,3,0,,2026-08-22T12:37:36.805Z,2026-08-22T13:23:02.807Z,2726,2026-08-22T13:23:02.807Z,B39,Aiken,63818914-9c2b-4ff6-ac1c-35595835ab93,SAMMS-AikenV5
202608221320320385,202608221237331800,202608221237331665,88,4789,P1 Reference 3P Setup Bronze - B41,br_samms_3p_setup,TASK_COMPLETE,SUCCESS,INFO,2,2,0,,2026-08-22T12:37:36.805Z,2026-08-22T13:23:02.807Z,2726,2026-08-22T13:23:02.807Z,B41,Chesapeake,63818914-9c2b-4ff6-ac1c-35595835ab93,SAMMS-ChesapeakeV5
202608221320320386,202608221237331801,202608221237331665,88,4790,P1 Reference 3P Setup Bronze - B42,br_samms_3p_setup,TASK_COMPLETE,SUCCESS,INFO,3,3,0,,2026-08-22T12:37:36.805Z,2026-08-22T13:23:02.807Z,2726,2026-08-22T13:23:02.807Z,B42,VirginiaBeach,63818914-9c2b-4ff6-ac1c-35595835ab93,SAMMS-VirginiaBeachV5
202608221320320387,202608221237331802,202608221237331665,88,4791,P1 Reference 3P Setup Bronze - B42A,br_samms_3p_setup,TASK_COMPLETE,SUCCESS,INFO,3,3,0,,2026-08-22T12:37:36.805Z,2026-08-22T13:23:02.807Z,2726,2026-08-22T13:23:02.807Z,B42A,NewportNews,63818914-9c2b-4ff6-ac1c-35595835ab93,SAMMS-NewportNewsV5
202608221320320389,202608221237331803,202608221237331665,88,4792,P1 Reference 3P Setup Bronze - B42B,br_samms_3p_setup,TASK_COMPLETE,SUCCESS,INFO,3,3,0,,2026-08-22T12:37:36.805Z,2026-08-22T13:23:02.807Z,2726,2026-08-22T13:23:02.807Z,B42B,Franklin,63818914-9c2b-4ff6-ac1c-35595835ab93,SAMMS-FranklinV5
202608221320320390,202608221237331804,202608221237331665,88,4793,P1 Reference 3P Setup Bronze - B42C,br_samms_3p_setup,TASK_COMPLETE,SUCCESS,INFO,2,2,0,,2026-08-22T12:37:36.805Z,2026-08-22T13:23:02.807Z,2726,2026-08-22T13:23:02.807Z,B42C,GlenAllen,63818914-9c2b-4ff6-ac1c-35595835ab93,SAMMS-GlenAllenV5
202608221320320392,202608221237331805,202608221237331665,88,4794,P1 Reference 3P Setup Bronze - B42D,br_samms_3p_setup,TASK_COMPLETE,SUCCESS,INFO,3,3,0,,2026-08-22T12:37:36.805Z,2026-08-22T13:23:02.807Z,2726,2026-08-22T13:23:02.807Z,B42D,ChesapeakeSouth,63818914-9c2b-4ff6-ac1c-35595835ab93,SAMMS-ChesapeakeSouthV5
202608221320320393,202608221237331806,202608221237331665,88,4795,P1 Reference 3P Setup Bronze - B44,br_samms_3p_setup,TASK_COMPLETE,SUCCESS,INFO,3,3,0,,2026-08-22T12:37:36.805Z,2026-08-22T13:23:02.807Z,2726,2026-08-22T13:23:02.807Z,B44,Albany,63818914-9c2b-4ff6-ac1c-35595835ab93,SAMMS-AlbanyV5
202608221320320395,202608221237331807,202608221237331665,88,4796,P1 Reference 3P Setup Bronze - B45,br_samms_3p_setup,TASK_COMPLETE,SUCCESS,INFO,3,3,0,,2026-08-22T12:37:36.805Z,2026-08-22T13:23:02.807Z,2726,2026-08-22T13:23:02.807Z,B45,Tifton,63818914-9c2b-4ff6-ac1c-35595835ab93,SAMMS-TiftonV5
202608221320320396,202608221237331808,202608221237331665,88,4797,P1 Reference 3P Setup Bronze - B46,br_samms_3p_setup,TASK_COMPLETE,SUCCESS,INFO,3,3,0,,2026-08-22T12:37:36.805Z,2026-08-22T13:23:02.807Z,2726,2026-08-22T13:23:02.807Z,B46,WashingtonDC,63818914-9c2b-4ff6-ac1c-35595835ab93,SAMMS-WashingtonDCv5
202608221320320397,202608221237331809,202608221237331665,88,4798,P1 Reference 3P Setup Bronze - B47,br_samms_3p_setup,TASK_COMPLETE,SUCCESS,INFO,3,3,0,,2026-08-22T12:37:36.805Z,2026-08-22T13:23:02.807Z,2726,2026-08-22T13:23:02.807Z,B47,Mobile,63818914-9c2b-4ff6-ac1c-35595835ab93,SAMMS-MobileV5
202608221320320399,202608221237331810,202608221237331665,88,4799,P1 Reference 3P Setup Bronze - B48,br_samms_3p_setup,TASK_COMPLETE,SUCCESS,INFO,5,5,0,,2026-08-22T12:37:36.805Z,2026-08-22T13:23:02.807Z,2726,2026-08-22T13:23:02.807Z,B48,Tuscaloosa,63818914-9c2b-4ff6-ac1c-35595835ab93,SAMMS-TuscaloosaV5
202608221320320400,202608221237331811,202608221237331665,88,4800,P1 Reference 3P Setup Bronze - B51,br_samms_3p_setup,TASK_COMPLETE,SUCCESS,INFO,2,2,0,,2026-08-22T12:37:36.805Z,2026-08-22T13:23:02.807Z,2726,2026-08-22T13:23:02.807Z,B51,NorthLittleRock,63818914-9c2b-4ff6-ac1c-35595835ab93,SAMMS-NorthLittleRockV6
202608221320320402,202608221237331812,202608221237331665,88,4801,P1 Reference 3P Setup Bronze - B52,br_samms_3p_setup,TASK_COMPLETE,SUCCESS,INFO,3,3,0,,2026-08-22T12:37:36.805Z,2026-08-22T13:23:02.807Z,2726,2026-08-22T13:23:02.807Z,B52,JacksonGA,63818914-9c2b-4ff6-ac1c-35595835ab93,SAMMS-JacksonGAV5
202608221320320403,202608221237331813,202608221237331665,88,4802,P1 Reference 3P Setup Bronze - B54,br_samms_3p_setup,TASK_COMPLETE,SUCCESS,INFO,3,3,0,,2026-08-22T12:37:36.805Z,2026-08-22T13:23:02.807Z,2726,2026-08-22T13:23:02.807Z,B54,Gadsden,63818914-9c2b-4ff6-ac1c-35595835ab93,SAMMS-GadsdenV5
202608221320320987,202608221237331952,202608221237331665,88,4943,P1 Reference Codes Bronze - DRD-KC,br_samms_codes,TASK_COMPLETE,SUCCESS,INFO,1122,1122,0,,2026-08-22T12:37:36.805Z,2026-08-22T13:23:02.807Z,2726,2026-08-22T13:23:02.807Z,DRD-KC,KC,63818914-9c2b-4ff6-ac1c-35595835ab93,SAMMS-KCv5
202608221320320989,202608221237331953,202608221237331665,88,4944,P1 Reference Codes Bronze - DRD-KVB,br_samms_codes,TASK_COMPLETE,SUCCESS,INFO,4165,4165,0,,2026-08-22T12:37:36.805Z,2026-08-22T13:23:02.807Z,2726,2026-08-22T13:23:02.807Z,DRD-KVB,KVB,63818914-9c2b-4ff6-ac1c-35595835ab93,SAMMS-KVBv5
202608221320320990,202608221237331954,202608221237331665,88,4945,P1 Reference Codes Bronze - DRD-KVC,br_samms_codes,TASK_COMPLETE,SUCCESS,INFO,3520,3520,0,,2026-08-22T12:37:36.805Z,2026-08-22T13:23:02.807Z,2726,2026-08-22T13:23:02.807Z,DRD-KVC,KVC,63818914-9c2b-4ff6-ac1c-35595835ab93,SAMMS-KVCv5
202608221320320992,202608221237331955,202608221237331665,88,4946,P1 Reference Codes Bronze - DRD-NOLA,br_samms_codes,TASK_COMPLETE,SUCCESS,INFO,2432,2432,0,,2026-08-22T12:37:36.805Z,2026-08-22T13:23:02.807Z,2726,2026-08-22T13:23:02.807Z,DRD-NOLA,NOLA,63818914-9c2b-4ff6-ac1c-35595835ab93,SAMMS-NOLAv5
202608221320320994,202608221237331956,202608221237331665,88,4947,P1 Reference Codes Bronze - DRD-SF,br_samms_codes,TASK_COMPLETE,SUCCESS,INFO,1274,1274,0,,2026-08-22T12:37:36.805Z,2026-08-22T13:23:02.807Z,2726,2026-08-22T13:23:02.807Z,DRD-SF,SF,63818914-9c2b-4ff6-ac1c-35595835ab93,SAMMS-SFv5
202608221320320996,202608221237331957,202608221237331665,88,4948,P1 Reference Codes Bronze - ELC,br_samms_codes,TASK_COMPLETE,SUCCESS,INFO,1080,1080,0,,2026-08-22T12:37:36.805Z,2026-08-22T13:23:02.807Z,2726,2026-08-22T13:23:02.807Z,ELC,ElizabethCity,63818914-9c2b-4ff6-ac1c-35595835ab93,SAMMS-ElizabethCity
202608221320320997,202608221237331958,202608221237331665,88,4949,P1 Reference Codes Bronze - ET,br_samms_codes,TASK_COMPLETE,SUCCESS,INFO,1122,1122,0,,2026-08-22T12:37:36.805Z,2026-08-22T13:23:02.807Z,2726,2026-08-22T13:23:02.807Z,ET,Elizabethtown,63818914-9c2b-4ff6-ac1c-35595835ab93,SAMMS-Elizabethtown
202608221320320999,202608221237331959,202608221237331665,88,4950,P1 Reference Codes Bronze - FAY,br_samms_codes,TASK_COMPLETE,SUCCESS,INFO,1011,1011,0,,2026-08-22T12:37:36.805Z,2026-08-22T13:23:02.807Z,2726,2026-08-22T13:23:02.807Z,FAY,Fayetteville,63818914-9c2b-4ff6-ac1c-35595835ab93,SAMMS-Fayetteville
202608221320321001,202608221237331960,202608221237331665,88,4951,P1 Reference Codes Bronze - FR,br_samms_codes,TASK_COMPLETE,SUCCESS,INFO,1123,1123,0,,2026-08-22T12:37:36.805Z,2026-08-22T13:23:02.807Z,2726,2026-08-22T13:23:02.807Z,FR,Frankfort,63818914-9c2b-4ff6-ac1c-35595835ab93,SAMMS-Frankfort
202608221320321003,202608221237331961,202608221237331665,88,4952,P1 Reference Codes Bronze - FS,br_samms_codes,TASK_COMPLETE,SUCCESS,INFO,1011,1011,0,,2026-08-22T12:37:36.805Z,2026-08-22T13:23:02.807Z,2726,2026-08-22T13:23:02.807Z,FS,FortSmith,63818914-9c2b-4ff6-ac1c-35595835ab93,SAMMS-FortSmith
202608221320321005,202608221237331962,202608221237331665,88,4953,P1 Reference Codes Bronze - FW,br_samms_codes,TASK_COMPLETE,SUCCESS,INFO,1058,1058,0,,2026-08-22T12:37:36.805Z,2026-08-22T13:23:02.807Z,2726,2026-08-22T13:23:02.807Z,FW,FortWayne,63818914-9c2b-4ff6-ac1c-35595835ab93,SAMMS-FortWayne
202608221320321007,202608221237331963,202608221237331665,88,4954,P1 Reference Codes Bronze - GAL,br_samms_codes,TASK_COMPLETE,SUCCESS,INFO,1069,1069,0,,2026-08-22T12:37:36.805Z,2026-08-22T13:23:02.807Z,2726,2026-08-22T13:23:02.807Z,GAL,Gaylord,63818914-9c2b-4ff6-ac1c-35595835ab93,SAMMS-Gaylord
202608221320321009,202608221237331964,202608221237331665,88,4955,P1 Reference Codes Bronze - HGT,br_samms_codes,TASK_COMPLETE,SUCCESS,INFO,997,997,0,,2026-08-22T12:37:36.805Z,2026-08-22T13:23:02.807Z,2726,2026-08-22T13:23:02.807Z,HGT,Hagerstown,63818914-9c2b-4ff6-ac1c-35595835ab93,SAMMS-Hagerstown
202608221320321011,202608221237331965,202608221237331665,88,4956,P1 Reference Codes Bronze - HNT,br_samms_codes,TASK_COMPLETE,SUCCESS,INFO,3457,3457,0,,2026-08-22T12:37:36.805Z,2026-08-22T13:23:02.807Z,2726,2026-08-22T13:23:02.807Z,HNT,Huntsville,63818914-9c2b-4ff6-ac1c-35595835ab93,SAMMS-Huntsville
202608221320321013,202608221237331966,202608221237331665,88,4957,P1 Reference Codes Bronze - HS,br_samms_codes,TASK_COMPLETE,SUCCESS,INFO,1014,1014,0,,2026-08-22T12:37:36.805Z,2026-08-22T13:23:02.807Z,2726,2026-08-22T13:23:02.807Z,HS,HotSprings,63818914-9c2b-4ff6-ac1c-35595835ab93,SAMMS-HotSprings
202608221320321015,202608221237331967,202608221237331665,88,4958,P1 Reference Codes Bronze - JON,br_samms_codes,TASK_COMPLETE,SUCCESS,INFO,1016,1016,0,,2026-08-22T12:37:36.805Z,2026-08-22T13:23:02.807Z,2726,2026-08-22T13:23:02.807Z,JON,Jonesboro,63818914-9c2b-4ff6-ac1c-35595835ab93,SAMMS-Jonesboro
202608221320322322,202608221237332088,202608221237331665,88,5080,P1 Reference Services Bronze - LV2,br_samms_services,TASK_COMPLETE,SUCCESS,INFO,242,242,0,,2026-08-22T12:37:36.805Z,2026-08-22T13:23:02.807Z,2726,2026-08-22T13:23:02.807Z,LV2,DesertInn,63818914-9c2b-4ff6-ac1c-35595835ab93,SAMMS-DesertInn
202608221320322324,202608221237332089,202608221237331665,88,5081,P1 Reference Services Bronze - LV3,br_samms_services,TASK_COMPLETE,SUCCESS,INFO,242,242,0,,2026-08-22T12:37:36.805Z,2026-08-22T13:23:02.807Z,2726,2026-08-22T13:23:02.807Z,LV3,McDaniel,63818914-9c2b-4ff6-ac1c-35595835ab93,SAMMS-McDaniel
202608221320322326,202608221237332090,202608221237331665,88,5082,P1 Reference Services Bronze - MNRE,br_samms_services,TASK_COMPLETE,SUCCESS,INFO,239,239,0,,2026-08-22T12:37:36.805Z,2026-08-22T13:23:02.807Z,2726,2026-08-22T13:23:02.807Z,MNRE,Monroe,63818914-9c2b-4ff6-ac1c-35595835ab93,SAMMS-Monroe
202608221320322328,202608221237332091,202608221237331665,88,5083,P1 Reference Services Bronze - MP,br_samms_services,TASK_COMPLETE,SUCCESS,INFO,239,239,0,,2026-08-22T12:37:36.805Z,2026-08-22T13:23:02.807Z,2726,2026-08-22T13:23:02.807Z,MP,MtPleasant,63818914-9c2b-4ff6-ac1c-35595835ab93,SAMMS-MtPleasant
202608221320322330,202608221237332092,202608221237331665,88,5084,P1 Reference Services Bronze - MRD,br_samms_services,TASK_COMPLETE,SUCCESS,INFO,237,237,0,,2026-08-22T12:37:36.805Z,2026-08-22T13:23:02.807Z,2726,2026-08-22T13:23:02.807Z,MRD,Meridian,63818914-9c2b-4ff6-ac1c-35595835ab93,SAMMS-Meridian
202608221320322332,202608221237332093,202608221237331665,88,5085,P1 Reference Services Bronze - NC,br_samms_services,TASK_COMPLETE,SUCCESS,INFO,238,238,0,,2026-08-22T12:37:36.805Z,2026-08-22T13:23:02.807Z,2726,2026-08-22T13:23:02.807Z,NC,NorthCharleston,63818914-9c2b-4ff6-ac1c-35595835ab93,SAMMS-NorthCharleston
202608221320322334,202608221237332094,202608221237331665,88,5086,P1 Reference Services Bronze - NLR,br_samms_services,TASK_COMPLETE,SUCCESS,INFO,237,237,0,,2026-08-22T12:37:36.805Z,2026-08-22T13:23:02.807Z,2726,2026-08-22T13:23:02.807Z,NLR,NLROBOT,63818914-9c2b-4ff6-ac1c-35595835ab93,SAMMS-NLROBOT
202608221320322336,202608221237332095,202608221237331665,88,5087,P1 Reference Services Bronze - PH,br_samms_services,TASK_COMPLETE,SUCCESS,INFO,227,227,0,,2026-08-22T12:37:36.805Z,2026-08-22T13:23:02.807Z,2726,2026-08-22T13:23:02.807Z,PH,Phoenix,63818914-9c2b-4ff6-ac1c-35595835ab93,SAMMS-Phoenix
202608221320322338,202608221237332096,202608221237331665,88,5088,P1 Reference Services Bronze - RE,br_samms_services,TASK_COMPLETE,SUCCESS,INFO,242,242,0,,2026-08-22T12:37:36.805Z,2026-08-22T13:23:02.807Z,2726,2026-08-22T13:23:02.807Z,RE,Reno,63818914-9c2b-4ff6-ac1c-35595835ab93,SAMMS-Reno
202608221320322340,202608221237332097,202608221237331665,88,5089,P1 Reference Services Bronze - RMD,br_samms_services,TASK_COMPLETE,SUCCESS,INFO,244,244,0,,2026-08-22T12:37:36.805Z,2026-08-22T13:23:02.807Z,2726,2026-08-22T13:23:02.807Z,RMD,Richmond,63818914-9c2b-4ff6-ac1c-35595835ab93,SAMMS-Richmond
202608221320322342,202608221237332098,202608221237331665,88,5090,P1 Reference Services Bronze - SFN,br_samms_services,TASK_COMPLETE,SUCCESS,INFO,251,251,0,,2026-08-22T12:37:36.805Z,2026-08-22T13:23:02.807Z,2726,2026-08-22T13:23:02.807Z,SFN,SFN,63818914-9c2b-4ff6-ac1c-35595835ab93,SAMMS-SFNv5
202608221320322344,202608221237332099,202608221237331665,88,5091,P1 Reference Services Bronze - SHP,br_samms_services,TASK_COMPLETE,SUCCESS,INFO,239,239,0,,2026-08-22T12:37:36.805Z,2026-08-22T13:23:02.807Z,2726,2026-08-22T13:23:02.807Z,SHP,Shreveport,63818914-9c2b-4ff6-ac1c-35595835ab93,SAMMS-Shreveport
202608221320322346,202608221237332100,202608221237331665,88,5092,P1 Reference Services Bronze - STN,br_samms_services,TASK_COMPLETE,SUCCESS,INFO,242,242,0,,2026-08-22T12:37:36.805Z,2026-08-22T13:23:02.807Z,2726,2026-08-22T13:23:02.807Z,STN,Staunton,63818914-9c2b-4ff6-ac1c-35595835ab93,SAMMS-Staunton
202608221320322348,202608221237332101,202608221237331665,88,5093,P1 Reference Services Bronze - STVN,br_samms_services,TASK_COMPLETE,SUCCESS,INFO,239,239,0,,2026-08-22T12:37:36.805Z,2026-08-22T13:23:02.807Z,2726,2026-08-22T13:23:02.807Z,STVN,Stevenson,63818914-9c2b-4ff6-ac1c-35595835ab93,SAMMS-Stevenson
202608221320322350,202608221237332102,202608221237331665,88,5094,P1 Reference Services Bronze - TE,br_samms_services,TASK_COMPLETE,SUCCESS,INFO,227,227,0,,2026-08-22T12:37:36.805Z,2026-08-22T13:23:02.807Z,2726,2026-08-22T13:23:02.807Z,TE,Tempe,63818914-9c2b-4ff6-ac1c-35595835ab93,SAMMS-Tempe
202608221320322352,202608221237332103,202608221237331665,88,5095,P1 Reference Services Bronze - TEX,br_samms_services,TASK_COMPLETE,SUCCESS,INFO,237,237,0,,2026-08-22T12:37:36.805Z,2026-08-22T13:23:02.807Z,2726,2026-08-22T13:23:02.807Z,TEX,Texarkana,63818914-9c2b-4ff6-ac1c-35595835ab93,SAMMS-Texarkana
202608221320320488,202608221237331862,202608221237331665,88,4850,P1 Reference 3P Setup Bronze - NLR,br_samms_3p_setup,TASK_COMPLETE,SUCCESS,INFO,2,2,0,,2026-08-22T12:37:36.805Z,2026-08-22T13:23:02.807Z,2726,2026-08-22T13:23:02.807Z,NLR,NLROBOT,63818914-9c2b-4ff6-ac1c-35595835ab93,SAMMS-NLROBOT
202608221320320490,202608221237331863,202608221237331665,88,4851,P1 Reference 3P Setup Bronze - PH,br_samms_3p_setup,TASK_COMPLETE,SUCCESS,INFO,3,3,0,,2026-08-22T12:37:36.805Z,2026-08-22T13:23:02.807Z,2726,2026-08-22T13:23:02.807Z,PH,Phoenix,63818914-9c2b-4ff6-ac1c-35595835ab93,SAMMS-Phoenix
202608221320320493,202608221237331864,202608221237331665,88,4852,P1 Reference 3P Setup Bronze - RE,br_samms_3p_setup,TASK_COMPLETE,SUCCESS,INFO,3,3,0,,2026-08-22T12:37:36.805Z,2026-08-22T13:23:02.807Z,2726,2026-08-22T13:23:02.807Z,RE,Reno,63818914-9c2b-4ff6-ac1c-35595835ab93,SAMMS-Reno
202608221320320607,202608221237331865,202608221237331665,88,4853,P1 Reference 3P Setup Bronze - RMD,br_samms_3p_setup,TASK_COMPLETE,SUCCESS,INFO,3,3,0,,2026-08-22T12:37:36.805Z,2026-08-22T13:23:02.807Z,2726,2026-08-22T13:23:02.807Z,RMD,Richmond,63818914-9c2b-4ff6-ac1c-35595835ab93,SAMMS-Richmond
202608221320320609,202608221237331866,202608221237331665,88,4854,P1 Reference 3P Setup Bronze - SFN,br_samms_3p_setup,TASK_COMPLETE,SUCCESS,INFO,3,3,0,,2026-08-22T12:37:36.805Z,2026-08-22T13:23:02.807Z,2726,2026-08-22T13:23:02.807Z,SFN,SFN,63818914-9c2b-4ff6-ac1c-35595835ab93,SAMMS-SFNv5
202608221320320611,202608221237331867,202608221237331665,88,4855,P1 Reference 3P Setup Bronze - SHP,br_samms_3p_setup,TASK_COMPLETE,SUCCESS,INFO,3,3,0,,2026-08-22T12:37:36.805Z,2026-08-22T13:23:02.807Z,2726,2026-08-22T13:23:02.807Z,SHP,Shreveport,63818914-9c2b-4ff6-ac1c-35595835ab93,SAMMS-Shreveport
202608221320320613,202608221237331868,202608221237331665,88,4856,P1 Reference 3P Setup Bronze - STN,br_samms_3p_setup,TASK_COMPLETE,SUCCESS,INFO,3,3,0,,2026-08-22T12:37:36.805Z,2026-08-22T13:23:02.807Z,2726,2026-08-22T13:23:02.807Z,STN,Staunton,63818914-9c2b-4ff6-ac1c-35595835ab93,SAMMS-Staunton
202608221320320615,202608221237331869,202608221237331665,88,4857,P1 Reference 3P Setup Bronze - STVN,br_samms_3p_setup,TASK_COMPLETE,SUCCESS,INFO,3,3,0,,2026-08-22T12:37:36.805Z,2026-08-22T13:23:02.807Z,2726,2026-08-22T13:23:02.807Z,STVN,Stevenson,63818914-9c2b-4ff6-ac1c-35595835ab93,SAMMS-Stevenson
202608221320320618,202608221237331870,202608221237331665,88,4858,P1 Reference 3P Setup Bronze - TE,br_samms_3p_setup,TASK_COMPLETE,SUCCESS,INFO,3,3,0,,2026-08-22T12:37:36.805Z,2026-08-22T13:23:02.807Z,2726,2026-08-22T13:23:02.807Z,TE,Tempe,63818914-9c2b-4ff6-ac1c-35595835ab93,SAMMS-Tempe
202608221320320620,202608221237331871,202608221237331665,88,4859,P1 Reference 3P Setup Bronze - TEX,br_samms_3p_setup,TASK_COMPLETE,SUCCESS,INFO,2,2,0,,2026-08-22T12:37:36.805Z,2026-08-22T13:23:02.807Z,2726,2026-08-22T13:23:02.807Z,TEX,Texarkana,63818914-9c2b-4ff6-ac1c-35595835ab93,SAMMS-Texarkana
202608221320320622,202608221237331872,202608221237331665,88,4860,P1 Reference 3P Setup Bronze - TTCA,br_samms_3p_setup,TASK_COMPLETE,SUCCESS,INFO,3,3,0,,2026-08-22T12:37:36.805Z,2026-08-22T13:23:02.807Z,2726,2026-08-22T13:23:02.807Z,TTCA,Bessemer,63818914-9c2b-4ff6-ac1c-35595835ab93,SAMMS-BessemerV5
202608221320320624,202608221237331873,202608221237331665,88,4861,P1 Reference 3P Setup Bronze - TTCB,br_samms_3p_setup,TASK_COMPLETE,SUCCESS,INFO,3,3,0,,2026-08-22T12:37:36.805Z,2026-08-22T13:23:02.807Z,2726,2026-08-22T13:23:02.807Z,TTCB,Cullman,63818914-9c2b-4ff6-ac1c-35595835ab93,SAMMS-CullmanV5
202608221320320626,202608221237331874,202608221237331665,88,4862,P1 Reference 3P Setup Bronze - TTCC,br_samms_3p_setup,TASK_COMPLETE,SUCCESS,INFO,2,2,0,,2026-08-22T12:37:36.805Z,2026-08-22T13:23:02.807Z,2726,2026-08-22T13:23:02.807Z,TTCC,GrandBay,63818914-9c2b-4ff6-ac1c-35595835ab93,SAMMS-GrandBay
202608221320320628,202608221237331875,202608221237331665,88,4863,P1 Reference 3P Setup Bronze - TU,br_samms_3p_setup,TASK_COMPLETE,SUCCESS,INFO,3,3,0,,2026-08-22T12:37:36.805Z,2026-08-22T13:23:02.807Z,2726,2026-08-22T13:23:02.807Z,TU,Tucson,63818914-9c2b-4ff6-ac1c-35595835ab93,SAMMS-Tucson
202608221320320630,202608221237331876,202608221237331665,88,4864,P1 Reference 3P Setup Bronze - V1,br_samms_3p_setup,TASK_COMPLETE,SUCCESS,INFO,3,3,0,,2026-08-22T12:37:36.805Z,2026-08-22T13:23:02.807Z,2726,2026-08-22T13:23:02.807Z,V1,VCPHCS-I-Memphis,63818914-9c2b-4ff6-ac1c-35595835ab93,SAMMS-VCPHCS-I-MemphisV5
202608221320320632,202608221237331877,202608221237331665,88,4865,P1 Reference 3P Setup Bronze - V10,br_samms_3p_setup,TASK_COMPLETE,SUCCESS,INFO,3,3,0,,2026-08-22T12:37:36.805Z,2026-08-22T13:23:02.807Z,2726,2026-08-22T13:23:02.807Z,V10,Boulder,63818914-9c2b-4ff6-ac1c-35595835ab93,SAMMS-BoulderV5
202608270648157086,202608270648157086,20260827043602,132,13703,Location Retention Gold,LocationRetention,TASK_FAILED,FAILED,ERROR,0,0,1,An error occurred while calling o12511.saveAsTable. : com.microsoft.fabric.spark.catalog.metadata.DoesNotExistException: Artifact not found: `BHG-DATA-PLATFORM-CORE-DEV`.`bhg_gold`,2026-08-27T06:48:15.708Z,2026-08-27T06:48:36.834Z,21,2026-08-27T06:48:36.834Z,,,475c3e58-0434-45d9-b3f8-9d768448de53,
202608221320321614,202608221237332169,202608221237331665,88,5164,P1 Reference Dropdown List Items Bronze - B72,br_samms_dropdown_list_items,TASK_COMPLETE,SUCCESS,INFO,4367,4367,0,,2026-08-22T12:37:36.805Z,2026-08-22T13:23:02.807Z,2726,2026-08-22T13:23:02.807Z,B72,Mobile-OBOT,63818914-9c2b-4ff6-ac1c-35595835ab93,SAMMS-Mobile-OBOT
202608221320321616,202608221237332170,202608221237331665,88,5165,P1 Reference Dropdown List Items Bronze - B73,br_samms_dropdown_list_items,TASK_COMPLETE,SUCCESS,INFO,4367,4367,0,,2026-08-22T12:37:36.805Z,2026-08-22T13:23:02.807Z,2726,2026-08-22T13:23:02.807Z,B73,Montgomery,63818914-9c2b-4ff6-ac1c-35595835ab93,SAMMS-Montgomery
202608221320321617,202608221237332171,202608221237331665,88,5166,P1 Reference Dropdown List Items Bronze - B75,br_samms_dropdown_list_items,TASK_COMPLETE,SUCCESS,INFO,4365,4365,0,,2026-08-22T12:37:36.805Z,2026-08-22T13:23:02.807Z,2726,2026-08-22T13:23:02.807Z,B75,Lawrence,63818914-9c2b-4ff6-ac1c-35595835ab93,SAMMS-LawrenceV6
202608221320321619,202608221237332172,202608221237331665,88,5167,P1 Reference Dropdown List Items Bronze - B76,br_samms_dropdown_list_items,TASK_COMPLETE,SUCCESS,INFO,4367,4367,0,,2026-08-22T12:37:36.805Z,2026-08-22T13:23:02.807Z,2726,2026-08-22T13:23:02.807Z,B76,Huntsville-OBOT,63818914-9c2b-4ff6-ac1c-35595835ab93,SAMMS-Huntsville-OBOT
202608221320321621,202608221237332173,202608221237331665,88,5168,P1 Reference Dropdown List Items Bronze - BAT,br_samms_dropdown_list_items,TASK_COMPLETE,SUCCESS,INFO,4383,4383,0,,2026-08-22T12:37:36.805Z,2026-08-22T13:23:02.807Z,2726,2026-08-22T13:23:02.807Z,BAT,Batesville,63818914-9c2b-4ff6-ac1c-35595835ab93,SAMMS-Batesville
202608221320321622,202608221237332174,202608221237331665,88,5169,P1 Reference Dropdown List Items Bronze - BG,br_samms_dropdown_list_items,TASK_COMPLETE,SUCCESS,INFO,4383,4383,0,,2026-08-22T12:37:36.805Z,2026-08-22T13:23:02.807Z,2726,2026-08-22T13:23:02.807Z,BG,BowlingGreen,63818914-9c2b-4ff6-ac1c-35595835ab93,SAMMS-BowlingGreen
202608221320321624,202608221237332175,202608221237331665,88,5170,P1 Reference Dropdown List Items Bronze - BOI,br_samms_dropdown_list_items,TASK_COMPLETE,SUCCESS,INFO,4365,4365,0,,2026-08-22T12:37:36.805Z,2026-08-22T13:23:02.807Z,2726,2026-08-22T13:23:02.807Z,BOI,Boise,63818914-9c2b-4ff6-ac1c-35595835ab93,SAMMS-Boise
202608221320321626,202608221237332176,202608221237331665,88,5171,P1 Reference Dropdown List Items Bronze - CBCO,br_samms_dropdown_list_items,TASK_COMPLETE,SUCCESS,INFO,4365,4365,0,,2026-08-22T12:37:36.805Z,2026-08-22T13:23:02.807Z,2726,2026-08-22T13:23:02.807Z,CBCO,CoeurdAlene,63818914-9c2b-4ff6-ac1c-35595835ab93,SAMMS-CoeurdAleneV6
202608221320321627,202608221237332177,202608221237331665,88,5172,P1 Reference Dropdown List Items Bronze - CON,br_samms_dropdown_list_items,TASK_COMPLETE,SUCCESS,INFO,4383,4383,0,,2026-08-22T12:37:36.805Z,2026-08-22T13:23:02.807Z,2726,2026-08-22T13:23:02.807Z,CON,Conway,63818914-9c2b-4ff6-ac1c-35595835ab93,SAMMS-Conway
202608221320321629,202608221237332178,202608221237331665,88,5173,P1 Reference Dropdown List Items Bronze - D07,br_samms_dropdown_list_items,TASK_COMPLETE,SUCCESS,INFO,4367,4367,0,,2026-08-22T12:37:36.805Z,2026-08-22T13:23:02.807Z,2726,2026-08-22T13:23:02.807Z,D07,Knoxville,63818914-9c2b-4ff6-ac1c-35595835ab93,SAMMS-KnoxvilleV6
202608221320321631,202608221237332179,202608221237331665,88,5174,P1 Reference Dropdown List Items Bronze - D08,br_samms_dropdown_list_items,TASK_COMPLETE,SUCCESS,INFO,4365,4365,0,,2026-08-22T12:37:36.805Z,2026-08-22T13:23:02.807Z,2726,2026-08-22T13:23:02.807Z,D08,Madison,63818914-9c2b-4ff6-ac1c-35595835ab93,SAMMS-MadisonV6
202608221320321632,202608221237332180,202608221237331665,88,5175,P1 Reference Dropdown List Items Bronze - D09,br_samms_dropdown_list_items,TASK_COMPLETE,SUCCESS,INFO,4365,4365,0,,2026-08-22T12:37:36.805Z,2026-08-22T13:23:02.807Z,2726,2026-08-22T13:23:02.807Z,D09,Murfreesboro,63818914-9c2b-4ff6-ac1c-35595835ab93,SAMMS-MurfreesboroV6
202608221320321634,202608221237332181,202608221237331665,88,5176,P1 Reference Dropdown List Items Bronze - DA,br_samms_dropdown_list_items,TASK_COMPLETE,SUCCESS,INFO,4383,4383,0,,2026-08-22T12:37:36.805Z,2026-08-22T13:23:02.807Z,2726,2026-08-22T13:23:02.807Z,DA,Davenport,63818914-9c2b-4ff6-ac1c-35595835ab93,SAMMS-Davenport
202608221320321636,202608221237332182,202608221237331665,88,5177,P1 Reference Dropdown List Items Bronze - DM,br_samms_dropdown_list_items,TASK_COMPLETE,SUCCESS,INFO,4383,4383,0,,2026-08-22T12:37:36.805Z,2026-08-22T13:23:02.807Z,2726,2026-08-22T13:23:02.807Z,DM,DesMoines,63818914-9c2b-4ff6-ac1c-35595835ab93,SAMMS-DesMoines
202608221320321638,202608221237332183,202608221237331665,88,5178,P1 Reference Dropdown List Items Bronze - DRD-CO,br_samms_dropdown_list_items,TASK_COMPLETE,SUCCESS,INFO,4355,4355,0,,2026-08-22T12:37:36.805Z,2026-08-22T13:23:02.807Z,2726,2026-08-22T13:23:02.807Z,DRD-CO,Columbia,63818914-9c2b-4ff6-ac1c-35595835ab93,SAMMS-ColumbiaV5
202608221320321639,202608221237332184,202608221237331665,88,5179,P1 Reference Dropdown List Items Bronze - DRD-KC,br_samms_dropdown_list_items,TASK_COMPLETE,SUCCESS,INFO,4355,4355,0,,2026-08-22T12:37:36.805Z,2026-08-22T13:23:02.807Z,2726,2026-08-22T13:23:02.807Z,DRD-KC,KC,63818914-9c2b-4ff6-ac1c-35595835ab93,SAMMS-KCv5
202608221320321127,202608221237332247,202608221237331665,88,5244,P1 Reference Custom Answers Bronze - B12B,br_samms_custom_answers,TASK_COMPLETE,SUCCESS,INFO,1748,1748,0,,2026-08-22T12:37:36.805Z,2026-08-22T13:23:02.807Z,2726,2026-08-22T13:23:02.807Z,B12B,ColoradoSprings,63818914-9c2b-4ff6-ac1c-35595835ab93,SAMMS-ColoradoSpringsV5
202608221320321128,202608221237332248,202608221237331665,88,5245,P1 Reference Custom Answers Bronze - B24,br_samms_custom_answers,TASK_COMPLETE,SUCCESS,INFO,2242,2242,0,,2026-08-22T12:37:36.805Z,2026-08-22T13:23:02.807Z,2726,2026-08-22T13:23:02.807Z,B24,Paintsville,63818914-9c2b-4ff6-ac1c-35595835ab93,SAMMS-PaintsvilleV5
202608221320321129,202608221237332249,202608221237331665,88,5246,P1 Reference Custom Answers Bronze - B25,br_samms_custom_answers,TASK_COMPLETE,SUCCESS,INFO,2451,2451,0,,2026-08-22T12:37:36.805Z,2026-08-22T13:23:02.807Z,2726,2026-08-22T13:23:02.807Z,B25,Pikeville,63818914-9c2b-4ff6-ac1c-35595835ab93,SAMMS-PikevilleV5
202608221320321130,202608221237332250,202608221237331665,88,5247,P1 Reference Custom Answers Bronze - B26,br_samms_custom_answers,TASK_COMPLETE,SUCCESS,INFO,3254,3254,0,,2026-08-22T12:37:36.805Z,2026-08-22T13:23:02.807Z,2726,2026-08-22T13:23:02.807Z,B26,Hazard,63818914-9c2b-4ff6-ac1c-35595835ab93,SAMMS-HazardV5
202608221320321132,202608221237332251,202608221237331665,88,5248,P1 Reference Custom Answers Bronze - B27,br_samms_custom_answers,TASK_COMPLETE,SUCCESS,INFO,148,148,0,,2026-08-22T12:37:36.805Z,2026-08-22T13:23:02.807Z,2726,2026-08-22T13:23:02.807Z,B27,Savannah,63818914-9c2b-4ff6-ac1c-35595835ab93,SAMMS-SavannahV6
202608221320321133,202608221237332252,202608221237331665,88,5249,P1 Reference Custom Answers Bronze - B28,br_samms_custom_answers,TASK_COMPLETE,SUCCESS,INFO,942,942,0,,2026-08-22T12:37:36.805Z,2026-08-22T13:23:02.807Z,2726,2026-08-22T13:23:02.807Z,B28,WestPlaines,63818914-9c2b-4ff6-ac1c-35595835ab93,SAMMS-WestPlainesV5
202608221320321134,202608221237332253,202608221237331665,88,5250,P1 Reference Custom Answers Bronze - B29,br_samms_custom_answers,TASK_COMPLETE,SUCCESS,INFO,1062,1062,0,,2026-08-22T12:37:36.805Z,2026-08-22T13:23:02.807Z,2726,2026-08-22T13:23:02.807Z,B29,PoplarBluff,63818914-9c2b-4ff6-ac1c-35595835ab93,SAMMS-PoplarBluffV5
202608221320321135,202608221237332254,202608221237331665,88,5251,P1 Reference Custom Answers Bronze - B30,br_samms_custom_answers,TASK_COMPLETE,SUCCESS,INFO,1632,1632,0,,2026-08-22T12:37:36.805Z,2026-08-22T13:23:02.807Z,2726,2026-08-22T13:23:02.807Z,B30,KCN,63818914-9c2b-4ff6-ac1c-35595835ab93,SAMMS-KCNv5
202608221320321137,202608221237332255,202608221237331665,88,5252,P1 Reference Custom Answers Bronze - B31,br_samms_custom_answers,TASK_COMPLETE,SUCCESS,INFO,1244,1244,0,,2026-08-22T12:37:36.805Z,2026-08-22T13:23:02.807Z,2726,2026-08-22T13:23:02.807Z,B31,Dyersburg,63818914-9c2b-4ff6-ac1c-35595835ab93,SAMMS-DyersburgV5
202608221320321138,202608221237332256,202608221237331665,88,5253,P1 Reference Custom Answers Bronze - B33,br_samms_custom_answers,TASK_COMPLETE,SUCCESS,INFO,1780,1780,0,,2026-08-22T12:37:36.805Z,2026-08-22T13:23:02.807Z,2726,2026-08-22T13:23:02.807Z,B33,Paducah,63818914-9c2b-4ff6-ac1c-35595835ab93,SAMMS-Paducah
202608221320321139,202608221237332257,202608221237331665,88,5254,P1 Reference Custom Answers Bronze - B34,br_samms_custom_answers,TASK_COMPLETE,SUCCESS,INFO,2398,2398,0,,2026-08-22T12:37:36.805Z,2026-08-22T13:23:02.807Z,2726,2026-08-22T13:23:02.807Z,B34,Corbin,63818914-9c2b-4ff6-ac1c-35595835ab93,SAMMS-CorbinV5
202608221320321140,202608221237332258,202608221237331665,88,5255,P1 Reference Custom Answers Bronze - B35,br_samms_custom_answers,TASK_COMPLETE,SUCCESS,INFO,5868,5868,0,,2026-08-22T12:37:36.805Z,2026-08-22T13:23:02.807Z,2726,2026-08-22T13:23:02.807Z,B35,Lexington,63818914-9c2b-4ff6-ac1c-35595835ab93,SAMMS-LexingtonV5
202608221320321142,202608221237332259,202608221237331665,88,5256,P1 Reference Custom Answers Bronze - B35A,br_samms_custom_answers,TASK_COMPLETE,SUCCESS,INFO,2440,2440,0,,2026-08-22T12:37:36.805Z,2026-08-22T13:23:02.807Z,2726,2026-08-22T13:23:02.807Z,B35A,Berea,63818914-9c2b-4ff6-ac1c-35595835ab93,SAMMS-BereaV5
202608221320321143,202608221237332260,202608221237331665,88,5257,P1 Reference Custom Answers Bronze - B36,br_samms_custom_answers,TASK_COMPLETE,SUCCESS,INFO,2288,2288,0,,2026-08-22T12:37:36.805Z,2026-08-22T13:23:02.807Z,2726,2026-08-22T13:23:02.807Z,B36,Asheville,63818914-9c2b-4ff6-ac1c-35595835ab93,SAMMS-AshevilleV5
202608221320321144,202608221237332261,202608221237331665,88,5258,P1 Reference Custom Answers Bronze - B37,br_samms_custom_answers,TASK_COMPLETE,SUCCESS,INFO,1826,1826,0,,2026-08-22T12:37:36.805Z,2026-08-22T13:23:02.807Z,2726,2026-08-22T13:23:02.807Z,B37,Clyde,63818914-9c2b-4ff6-ac1c-35595835ab93,SAMMS-ClydeV5
202608221320321146,202608221237332262,202608221237331665,88,5259,P1 Reference Custom Answers Bronze - B38,br_samms_custom_answers,TASK_COMPLETE,SUCCESS,INFO,2417,2417,0,,2026-08-22T12:37:36.805Z,2026-08-22T13:23:02.807Z,2726,2026-08-22T13:23:02.807Z,B38,Spartanburg,63818914-9c2b-4ff6-ac1c-35595835ab93,SAMMS-SpartanburgV5
202608221320322186,202608221237332588,202608221237331665,88,5589,P1 Reference PreAdmission V6 Bronze - VBRA,br_samms_pre_admission_v6,TASK_COMPLETE,SUCCESS,INFO,372,372,0,,2026-08-22T12:37:36.805Z,2026-08-22T13:23:02.807Z,2726,2026-08-22T13:23:02.807Z,VBRA,Brainerd,63818914-9c2b-4ff6-ac1c-35595835ab93,SAMMS-BrainerdV6
202608221320322188,202608221237332589,202608221237331665,88,5590,P1 Reference PreAdmission V6 Bronze - VBRP,br_samms_pre_admission_v6,TASK_COMPLETE,SUCCESS,INFO,488,488,0,,2026-08-22T12:37:36.805Z,2026-08-22T13:23:02.807Z,2726,2026-08-22T13:23:02.807Z,VBRP,BrooklynPark,63818914-9c2b-4ff6-ac1c-35595835ab93,SAMMS-BrooklynParkV6
202608221320322191,202608221237332590,202608221237331665,88,5591,P1 Reference PreAdmission V6 Bronze - VMIN,br_samms_pre_admission_v6,TASK_COMPLETE,SUCCESS,INFO,588,588,0,,2026-08-22T12:37:36.805Z,2026-08-22T13:23:02.807Z,2726,2026-08-22T13:23:02.807Z,VMIN,Minneapolis,63818914-9c2b-4ff6-ac1c-35595835ab93,SAMMS-MinneapolisV6
202608221320322193,202608221237332591,202608221237331665,88,5592,P1 Reference PreAdmission V6 Bronze - VWBY,br_samms_pre_admission_v6,TASK_COMPLETE,SUCCESS,INFO,546,546,0,,2026-08-22T12:37:36.805Z,2026-08-22T13:23:02.807Z,2726,2026-08-22T13:23:02.807Z,VWBY,Woodbury,63818914-9c2b-4ff6-ac1c-35595835ab93,SAMMS-WoodburyV6
202608221320322195,202608221237332592,202608221237331665,88,5593,P1 Reference PreAdmission V6 Bronze - WIL,br_samms_pre_admission_v6,TASK_COMPLETE,SUCCESS,INFO,213,213,0,,2026-08-22T12:37:36.805Z,2026-08-22T13:23:02.807Z,2726,2026-08-22T13:23:02.807Z,WIL,Wilson,63818914-9c2b-4ff6-ac1c-35595835ab93,SAMMS-Wilson
202608221320322297,202608221237431673,202608221237431665,89,5594,P1 Reference PreAdmission V6 Silver,tbl_PreAdmission_V6,TASK_COMPLETE,SUCCESS,INFO,23966,23966,0,,2026-08-22T12:37:36.805Z,2026-08-22T13:23:02.807Z,2726,2026-08-22T13:23:02.807Z,,,63818914-9c2b-4ff6-ac1c-35595835ab93,
202608221320322206,202608221237332014,202608221237331665,88,5007,P1 Reference Services Bronze - AHK,br_samms_services,TASK_COMPLETE,SUCCESS,INFO,238,238,0,,2026-08-22T12:37:36.805Z,2026-08-22T13:23:02.807Z,2726,2026-08-22T13:23:02.807Z,AHK,Ahoskie,63818914-9c2b-4ff6-ac1c-35595835ab93,SAMMS-Ahoskie
202608221320322207,202608221237332015,202608221237331665,88,5008,P1 Reference Services Bronze - B12B,br_samms_services,TASK_COMPLETE,SUCCESS,INFO,247,247,0,,2026-08-22T12:37:36.805Z,2026-08-22T13:23:02.807Z,2726,2026-08-22T13:23:02.807Z,B12B,ColoradoSprings,63818914-9c2b-4ff6-ac1c-35595835ab93,SAMMS-ColoradoSpringsV5
202608221320322208,202608221237332016,202608221237331665,88,5009,P1 Reference Services Bronze - B24,br_samms_services,TASK_COMPLETE,SUCCESS,INFO,244,244,0,,2026-08-22T12:37:36.805Z,2026-08-22T13:23:02.807Z,2726,2026-08-22T13:23:02.807Z,B24,Paintsville,63818914-9c2b-4ff6-ac1c-35595835ab93,SAMMS-PaintsvilleV5
202608221320322209,202608221237332017,202608221237331665,88,5010,P1 Reference Services Bronze - B25,br_samms_services,TASK_COMPLETE,SUCCESS,INFO,244,244,0,,2026-08-22T12:37:36.805Z,2026-08-22T13:23:02.807Z,2726,2026-08-22T13:23:02.807Z,B25,Pikeville,63818914-9c2b-4ff6-ac1c-35595835ab93,SAMMS-PikevilleV5
202608221320322211,202608221237332018,202608221237331665,88,5011,P1 Reference Services Bronze - B26,br_samms_services,TASK_COMPLETE,SUCCESS,INFO,244,244,0,,2026-08-22T12:37:36.805Z,2026-08-22T13:23:02.807Z,2726,2026-08-22T13:23:02.807Z,B26,Hazard,63818914-9c2b-4ff6-ac1c-35595835ab93,SAMMS-HazardV5
202608221320322212,202608221237332019,202608221237331665,88,5012,P1 Reference Services Bronze - B27,br_samms_services,TASK_COMPLETE,SUCCESS,INFO,245,245,0,,2026-08-22T12:37:36.805Z,2026-08-22T13:23:02.807Z,2726,2026-08-22T13:23:02.807Z,B27,Savannah,63818914-9c2b-4ff6-ac1c-35595835ab93,SAMMS-SavannahV6
202608221320322213,202608221237332020,202608221237331665,88,5013,P1 Reference Services Bronze - B28,br_samms_services,TASK_COMPLETE,SUCCESS,INFO,251,251,0,,2026-08-22T12:37:36.805Z,2026-08-22T13:23:02.807Z,2726,2026-08-22T13:23:02.807Z,B28,WestPlaines,63818914-9c2b-4ff6-ac1c-35595835ab93,SAMMS-WestPlainesV5
202608221320322214,202608221237332021,202608221237331665,88,5014,P1 Reference Services Bronze - B29,br_samms_services,TASK_COMPLETE,SUCCESS,INFO,251,251,0,,2026-08-22T12:37:36.805Z,2026-08-22T13:23:02.807Z,2726,2026-08-22T13:23:02.807Z,B29,PoplarBluff,63818914-9c2b-4ff6-ac1c-35595835ab93,SAMMS-PoplarBluffV5
202608221320322216,202608221237332022,202608221237331665,88,5015,P1 Reference Services Bronze - B30,br_samms_services,TASK_COMPLETE,SUCCESS,INFO,246,246,0,,2026-08-22T12:37:36.805Z,2026-08-22T13:23:02.807Z,2726,2026-08-22T13:23:02.807Z,B30,KCN,63818914-9c2b-4ff6-ac1c-35595835ab93,SAMMS-KCNv5
202608221320322217,202608221237332023,202608221237331665,88,5016,P1 Reference Services Bronze - B31,br_samms_services,TASK_COMPLETE,SUCCESS,INFO,245,245,0,,2026-08-22T12:37:36.805Z,2026-08-22T13:23:02.807Z,2726,2026-08-22T13:23:02.807Z,B31,Dyersburg,63818914-9c2b-4ff6-ac1c-35595835ab93,SAMMS-DyersburgV5
202608221320321496,202608221237332454,202608221237331665,88,5452,P1 Reference Custom Questions Bronze - TTCC,br_samms_custom_questions,TASK_COMPLETE,SUCCESS,INFO,0,0,0,,2026-08-22T12:37:36.805Z,2026-08-22T13:23:02.807Z,2726,2026-08-22T13:23:02.807Z,TTCC,GrandBay,63818914-9c2b-4ff6-ac1c-35595835ab93,SAMMS-GrandBay
202608221320321498,202608221237332455,202608221237331665,88,5453,P1 Reference Custom Questions Bronze - TU,br_samms_custom_questions,TASK_COMPLETE,SUCCESS,INFO,0,0,0,,2026-08-22T12:37:36.805Z,2026-08-22T13:23:02.807Z,2726,2026-08-22T13:23:02.807Z,TU,Tucson,63818914-9c2b-4ff6-ac1c-35595835ab93,SAMMS-Tucson
202608221320321500,202608221237332456,202608221237331665,88,5454,P1 Reference Custom Questions Bronze - V1,br_samms_custom_questions,TASK_COMPLETE,SUCCESS,INFO,48,48,0,,2026-08-22T12:37:36.805Z,2026-08-22T13:23:02.807Z,2726,2026-08-22T13:23:02.807Z,V1,VCPHCS-I-Memphis,63818914-9c2b-4ff6-ac1c-35595835ab93,SAMMS-VCPHCS-I-MemphisV5
202608221320321502,202608221237332457,202608221237331665,88,5455,P1 Reference Custom Questions Bronze - V10,br_samms_custom_questions,TASK_COMPLETE,SUCCESS,INFO,49,49,0,,2026-08-22T12:37:36.805Z,2026-08-22T13:23:02.807Z,2726,2026-08-22T13:23:02.807Z,V10,Boulder,63818914-9c2b-4ff6-ac1c-35595835ab93,SAMMS-BoulderV5
202608221320321505,202608221237332458,202608221237331665,88,5456,P1 Reference Custom Questions Bronze - V10A,br_samms_custom_questions,TASK_COMPLETE,SUCCESS,INFO,49,49,0,,2026-08-22T12:37:36.805Z,2026-08-22T13:23:02.807Z,2726,2026-08-22T13:23:02.807Z,V10A,FortCollins,63818914-9c2b-4ff6-ac1c-35595835ab93,SAMMS-FortCollinsV5
202608221320321507,202608221237332459,202608221237331665,88,5457,P1 Reference Custom Questions Bronze - V11,br_samms_custom_questions,TASK_COMPLETE,SUCCESS,INFO,49,49,0,,2026-08-22T12:37:36.805Z,2026-08-22T13:23:02.807Z,2726,2026-08-22T13:23:02.807Z,V11,VCPHCS-XI-NorthDenver,63818914-9c2b-4ff6-ac1c-35595835ab93,SAMMS-VCPHCS-XI-NorthDenverV5
202608221320321509,202608221237332460,202608221237331665,88,5458,P1 Reference Custom Questions Bronze - V12,br_samms_custom_questions,TASK_COMPLETE,SUCCESS,INFO,49,49,0,,2026-08-22T12:37:36.805Z,2026-08-22T13:23:02.807Z,2726,2026-08-22T13:23:02.807Z,V12,VCPHCS-XII-DowntownDenver,63818914-9c2b-4ff6-ac1c-35595835ab93,SAMMS-VCPHCS-XII-DowntownDenverV5
202608221320321511,202608221237332461,202608221237331665,88,5459,P1 Reference Custom Questions Bronze - V12A,br_samms_custom_questions,TASK_COMPLETE,SUCCESS,INFO,49,49,0,,2026-08-22T12:37:36.805Z,2026-08-22T13:23:02.807Z,2726,2026-08-22T13:23:02.807Z,V12A,Centennial,63818914-9c2b-4ff6-ac1c-35595835ab93,SAMMS-CentennialV5
202608221320321513,202608221237332462,202608221237331665,88,5460,P1 Reference Custom Questions Bronze - V14,br_samms_custom_questions,TASK_COMPLETE,SUCCESS,INFO,48,48,0,,2026-08-22T12:37:36.805Z,2026-08-22T13:23:02.807Z,2726,2026-08-22T13:23:02.807Z,V14,VCPHCS-XIV-Bridgeway,63818914-9c2b-4ff6-ac1c-35595835ab93,SAMMS-VCPHCS-XIV-BridgewayV5
202608221320321516,202608221237332463,202608221237331665,88,5461,P1 Reference Custom Questions Bronze - V15,br_samms_custom_questions,TASK_COMPLETE,SUCCESS,INFO,48,48,0,,2026-08-22T12:37:36.805Z,2026-08-22T13:23:02.807Z,2726,2026-08-22T13:23:02.807Z,V15,Joplin,63818914-9c2b-4ff6-ac1c-35595835ab93,SAMMS-JoplinV5
202608221320321518,202608221237332464,202608221237331665,88,5462,P1 Reference Custom Questions Bronze - V17,br_samms_custom_questions,TASK_COMPLETE,SUCCESS,INFO,2,2,0,,2026-08-22T12:37:36.805Z,2026-08-22T13:23:02.807Z,2726,2026-08-22T13:23:02.807Z,V17,ColumbiaTN,63818914-9c2b-4ff6-ac1c-35595835ab93,SAMMS-ColumbiaTNv5
202608221320321520,202608221237332465,202608221237331665,88,5463,P1 Reference Custom Questions Bronze - V19,br_samms_custom_questions,TASK_COMPLETE,SUCCESS,INFO,48,48,0,,2026-08-22T12:37:36.805Z,2026-08-22T13:23:02.807Z,2726,2026-08-22T13:23:02.807Z,V19,Jackson,63818914-9c2b-4ff6-ac1c-35595835ab93,SAMMS-JacksonV5
202608221320321523,202608221237332466,202608221237331665,88,5464,P1 Reference Custom Questions Bronze - V20,br_samms_custom_questions,TASK_COMPLETE,SUCCESS,INFO,48,48,0,,2026-08-22T12:37:36.805Z,2026-08-22T13:23:02.807Z,2726,2026-08-22T13:23:02.807Z,V20,Paris,63818914-9c2b-4ff6-ac1c-35595835ab93,SAMMS-ParisV5
202608221320321525,202608221237332467,202608221237331665,88,5465,P1 Reference Custom Questions Bronze - V21,br_samms_custom_questions,TASK_COMPLETE,SUCCESS,INFO,48,48,0,,2026-08-22T12:37:36.805Z,2026-08-22T13:23:02.807Z,2726,2026-08-22T13:23:02.807Z,V21,Raleigh,63818914-9c2b-4ff6-ac1c-35595835ab93,SAMMS-RaleighV5
202608221320321527,202608221237332468,202608221237331665,88,5466,P1 Reference Custom Questions Bronze - V5,br_samms_custom_questions,TASK_COMPLETE,SUCCESS,INFO,48,48,0,,2026-08-22T12:37:36.805Z,2026-08-22T13:23:02.807Z,2726,2026-08-22T13:23:02.807Z,V5,NONTC,63818914-9c2b-4ff6-ac1c-35595835ab93,SAMMS-NONTCv5
202608221320321529,202608221237332469,202608221237331665,88,5467,P1 Reference Custom Questions Bronze - V5B,br_samms_custom_questions,TASK_COMPLETE,SUCCESS,INFO,0,0,0,,2026-08-22T12:37:36.805Z,2026-08-22T13:23:02.807Z,2726,2026-08-22T13:23:02.807Z,V5B,Houma,63818914-9c2b-4ff6-ac1c-35595835ab93,SAMMS-HoumaV6
202608241333249985,202608241253386747,202608241253386616,88,4785,P1 Reference 3P Setup Bronze - B36,br_samms_3p_setup,TASK_COMPLETE,FAILED,ERROR,0,0,1,Save3pSetup Bronze ForEach failed,2026-08-24T12:53:42.369Z,2026-08-24T13:42:52.652Z,2950,2026-08-24T13:42:52.652Z,B36,Asheville,8f1806c1-b1f2-4ac5-b25b-086fec51b8fb,SAMMS-AshevilleV5
202608241333249986,202608241253386748,202608241253386616,88,4786,P1 Reference 3P Setup Bronze - B37,br_samms_3p_setup,TASK_COMPLETE,FAILED,ERROR,0,0,1,Save3pSetup Bronze ForEach failed,2026-08-24T12:53:42.369Z,2026-08-24T13:42:52.652Z,2950,2026-08-24T13:42:52.652Z,B37,Clyde,8f1806c1-b1f2-4ac5-b25b-086fec51b8fb,SAMMS-ClydeV5
202608241333249988,202608241253386749,202608241253386616,88,4787,P1 Reference 3P Setup Bronze - B38,br_samms_3p_setup,TASK_COMPLETE,FAILED,ERROR,0,0,1,Save3pSetup Bronze ForEach failed,2026-08-24T12:53:42.369Z,2026-08-24T13:42:52.652Z,2950,2026-08-24T13:42:52.652Z,B38,Spartanburg,8f1806c1-b1f2-4ac5-b25b-086fec51b8fb,SAMMS-SpartanburgV5
202608241333249989,202608241253386750,202608241253386616,88,4788,P1 Reference 3P Setup Bronze - B39,br_samms_3p_setup,TASK_COMPLETE,FAILED,ERROR,0,0,1,Save3pSetup Bronze ForEach failed,2026-08-24T12:53:42.369Z,2026-08-24T13:42:52.652Z,2950,2026-08-24T13:42:52.652Z,B39,Aiken,8f1806c1-b1f2-4ac5-b25b-086fec51b8fb,SAMMS-AikenV5
202608241333249990,202608241253386751,202608241253386616,88,4789,P1 Reference 3P Setup Bronze - B41,br_samms_3p_setup,TASK_COMPLETE,FAILED,ERROR,0,0,1,Save3pSetup Bronze ForEach failed,2026-08-24T12:53:42.369Z,2026-08-24T13:42:52.652Z,2950,2026-08-24T13:42:52.652Z,B41,Chesapeake,8f1806c1-b1f2-4ac5-b25b-086fec51b8fb,SAMMS-ChesapeakeV5
202608241333249992,202608241253386752,202608241253386616,88,4790,P1 Reference 3P Setup Bronze - B42,br_samms_3p_setup,TASK_COMPLETE,FAILED,ERROR,0,0,1,Save3pSetup Bronze ForEach failed,2026-08-24T12:53:42.369Z,2026-08-24T13:42:52.652Z,2950,2026-08-24T13:42:52.652Z,B42,VirginiaBeach,8f1806c1-b1f2-4ac5-b25b-086fec51b8fb,SAMMS-VirginiaBeachV5
202608241333249993,202608241253386753,202608241253386616,88,4791,P1 Reference 3P Setup Bronze - B42A,br_samms_3p_setup,TASK_COMPLETE,FAILED,ERROR,0,0,1,Save3pSetup Bronze ForEach failed,2026-08-24T12:53:42.369Z,2026-08-24T13:42:52.652Z,2950,2026-08-24T13:42:52.652Z,B42A,NewportNews,8f1806c1-b1f2-4ac5-b25b-086fec51b8fb,SAMMS-NewportNewsV5
202608241333249994,202608241253386754,202608241253386616,88,4792,P1 Reference 3P Setup Bronze - B42B,br_samms_3p_setup,TASK_COMPLETE,FAILED,ERROR,0,0,1,Save3pSetup Bronze ForEach failed,2026-08-24T12:53:42.369Z,2026-08-24T13:42:52.652Z,2950,2026-08-24T13:42:52.652Z,B42B,Franklin,8f1806c1-b1f2-4ac5-b25b-086fec51b8fb,SAMMS-FranklinV5
202608241333249995,202608241253386755,202608241253386616,88,4793,P1 Reference 3P Setup Bronze - B42C,br_samms_3p_setup,TASK_COMPLETE,FAILED,ERROR,0,0,1,Save3pSetup Bronze ForEach failed,2026-08-24T12:53:42.369Z,2026-08-24T13:42:52.652Z,2950,2026-08-24T13:42:52.652Z,B42C,GlenAllen,8f1806c1-b1f2-4ac5-b25b-086fec51b8fb,SAMMS-GlenAllenV5
202608241333249997,202608241253386756,202608241253386616,88,4794,P1 Reference 3P Setup Bronze - B42D,br_samms_3p_setup,TASK_COMPLETE,FAILED,ERROR,0,0,1,Save3pSetup Bronze ForEach failed,2026-08-24T12:53:42.369Z,2026-08-24T13:42:52.652Z,2950,2026-08-24T13:42:52.652Z,B42D,ChesapeakeSouth,8f1806c1-b1f2-4ac5-b25b-086fec51b8fb,SAMMS-ChesapeakeSouthV5
202608241333249998,202608241253386757,202608241253386616,88,4795,P1 Reference 3P Setup Bronze - B44,br_samms_3p_setup,TASK_COMPLETE,FAILED,ERROR,0,0,1,Save3pSetup Bronze ForEach failed,2026-08-24T12:53:42.369Z,2026-08-24T13:42:52.652Z,2950,2026-08-24T13:42:52.652Z,B44,Albany,8f1806c1-b1f2-4ac5-b25b-086fec51b8fb,SAMMS-AlbanyV5
202608241333249999,202608241253386758,202608241253386616,88,4796,P1 Reference 3P Setup Bronze - B45,br_samms_3p_setup,TASK_COMPLETE,FAILED,ERROR,0,0,1,Save3pSetup Bronze ForEach failed,2026-08-24T12:53:42.369Z,2026-08-24T13:42:52.652Z,2950,2026-08-24T13:42:52.652Z,B45,Tifton,8f1806c1-b1f2-4ac5-b25b-086fec51b8fb,SAMMS-TiftonV5
202608241333250001,202608241253386759,202608241253386616,88,4797,P1 Reference 3P Setup Bronze - B46,br_samms_3p_setup,TASK_COMPLETE,FAILED,ERROR,0,0,1,Save3pSetup Bronze ForEach failed,2026-08-24T12:53:42.369Z,2026-08-24T13:42:52.652Z,2950,2026-08-24T13:42:52.652Z,B46,WashingtonDC,8f1806c1-b1f2-4ac5-b25b-086fec51b8fb,SAMMS-WashingtonDCv5
202608241333250002,202608241253386760,202608241253386616,88,4798,P1 Reference 3P Setup Bronze - B47,br_samms_3p_setup,TASK_COMPLETE,FAILED,ERROR,0,0,1,Save3pSetup Bronze ForEach failed,2026-08-24T12:53:42.369Z,2026-08-24T13:42:52.652Z,2950,2026-08-24T13:42:52.652Z,B47,Mobile,8f1806c1-b1f2-4ac5-b25b-086fec51b8fb,SAMMS-MobileV5
202608241448405819,202608241408171933,202608241408171802,88,4785,P1 Reference 3P Setup Bronze - B36,br_samms_3p_setup,TASK_COMPLETE,FAILED,ERROR,0,0,1,Save3pSetup Bronze ForEach failed,2026-08-24T14:08:21.733Z,2026-08-24T15:03:37.584Z,3316,2026-08-24T15:03:37.584Z,B36,Asheville,6c7532c9-dcb1-40a3-beaa-690039713dec,SAMMS-AshevilleV5
202608241448405821,202608241408171934,202608241408171802,88,4786,P1 Reference 3P Setup Bronze - B37,br_samms_3p_setup,TASK_COMPLETE,FAILED,ERROR,0,0,1,Save3pSetup Bronze ForEach failed,2026-08-24T14:08:21.733Z,2026-08-24T15:03:37.584Z,3316,2026-08-24T15:03:37.584Z,B37,Clyde,6c7532c9-dcb1-40a3-beaa-690039713dec,SAMMS-ClydeV5
202608241448405822,202608241408171935,202608241408171802,88,4787,P1 Reference 3P Setup Bronze - B38,br_samms_3p_setup,TASK_COMPLETE,FAILED,ERROR,0,0,1,Save3pSetup Bronze ForEach failed,2026-08-24T14:08:21.733Z,2026-08-24T15:03:37.584Z,3316,2026-08-24T15:03:37.584Z,B38,Spartanburg,6c7532c9-dcb1-40a3-beaa-690039713dec,SAMMS-SpartanburgV5
202608241448405823,202608241408171936,202608241408171802,88,4788,P1 Reference 3P Setup Bronze - B39,br_samms_3p_setup,TASK_COMPLETE,FAILED,ERROR,0,0,1,Save3pSetup Bronze ForEach failed,2026-08-24T14:08:21.733Z,2026-08-24T15:03:37.584Z,3316,2026-08-24T15:03:37.584Z,B39,Aiken,6c7532c9-dcb1-40a3-beaa-690039713dec,SAMMS-AikenV5
202608241448405824,202608241408171937,202608241408171802,88,4789,P1 Reference 3P Setup Bronze - B41,br_samms_3p_setup,TASK_COMPLETE,FAILED,ERROR,0,0,1,Save3pSetup Bronze ForEach failed,2026-08-24T14:08:21.733Z,2026-08-24T15:03:37.584Z,3316,2026-08-24T15:03:37.584Z,B41,Chesapeake,6c7532c9-dcb1-40a3-beaa-690039713dec,SAMMS-ChesapeakeV5
202608241448405826,202608241408171938,202608241408171802,88,4790,P1 Reference 3P Setup Bronze - B42,br_samms_3p_setup,TASK_COMPLETE,FAILED,ERROR,0,0,1,Save3pSetup Bronze ForEach failed,2026-08-24T14:08:21.733Z,2026-08-24T15:03:37.584Z,3316,2026-08-24T15:03:37.584Z,B42,VirginiaBeach,6c7532c9-dcb1-40a3-beaa-690039713dec,SAMMS-VirginiaBeachV5
202608241448405827,202608241408171939,202608241408171802,88,4791,P1 Reference 3P Setup Bronze - B42A,br_samms_3p_setup,TASK_COMPLETE,FAILED,ERROR,0,0,1,Save3pSetup Bronze ForEach failed,2026-08-24T14:08:21.733Z,2026-08-24T15:03:37.584Z,3316,2026-08-24T15:03:37.584Z,B42A,NewportNews,6c7532c9-dcb1-40a3-beaa-690039713dec,SAMMS-NewportNewsV5
202608241448405829,202608241408171940,202608241408171802,88,4792,P1 Reference 3P Setup Bronze - B42B,br_samms_3p_setup,TASK_COMPLETE,FAILED,ERROR,0,0,1,Save3pSetup Bronze ForEach failed,2026-08-24T14:08:21.733Z,2026-08-24T15:03:37.584Z,3316,2026-08-24T15:03:37.584Z,B42B,Franklin,6c7532c9-dcb1-40a3-beaa-690039713dec,SAMMS-FranklinV5
202608241448405830,202608241408171941,202608241408171802,88,4793,P1 Reference 3P Setup Bronze - B42C,br_samms_3p_setup,TASK_COMPLETE,FAILED,ERROR,0,0,1,Save3pSetup Bronze ForEach failed,2026-08-24T14:08:21.733Z,2026-08-24T15:03:37.584Z,3316,2026-08-24T15:03:37.584Z,B42C,GlenAllen,6c7532c9-dcb1-40a3-beaa-690039713dec,SAMMS-GlenAllenV5
202608241448405832,202608241408171942,202608241408171802,88,4794,P1 Reference 3P Setup Bronze - B42D,br_samms_3p_setup,TASK_COMPLETE,FAILED,ERROR,0,0,1,Save3pSetup Bronze ForEach failed,2026-08-24T14:08:21.733Z,2026-08-24T15:03:37.584Z,3316,2026-08-24T15:03:37.584Z,B42D,ChesapeakeSouth,6c7532c9-dcb1-40a3-beaa-690039713dec,SAMMS-ChesapeakeSouthV5
202608241448405833,202608241408171943,202608241408171802,88,4795,P1 Reference 3P Setup Bronze - B44,br_samms_3p_setup,TASK_COMPLETE,FAILED,ERROR,0,0,1,Save3pSetup Bronze ForEach failed,2026-08-24T14:08:21.733Z,2026-08-24T15:03:37.584Z,3316,2026-08-24T15:03:37.584Z,B44,Albany,6c7532c9-dcb1-40a3-beaa-690039713dec,SAMMS-AlbanyV5
202608241448405834,202608241408171944,202608241408171802,88,4796,P1 Reference 3P Setup Bronze - B45,br_samms_3p_setup,TASK_COMPLETE,FAILED,ERROR,0,0,1,Save3pSetup Bronze ForEach failed,2026-08-24T14:08:21.733Z,2026-08-24T15:03:37.584Z,3316,2026-08-24T15:03:37.584Z,B45,Tifton,6c7532c9-dcb1-40a3-beaa-690039713dec,SAMMS-TiftonV5
202608241448405835,202608241408171945,202608241408171802,88,4797,P1 Reference 3P Setup Bronze - B46,br_samms_3p_setup,TASK_COMPLETE,FAILED,ERROR,0,0,1,Save3pSetup Bronze ForEach failed,2026-08-24T14:08:21.733Z,2026-08-24T15:03:37.584Z,3316,2026-08-24T15:03:37.584Z,B46,WashingtonDC,6c7532c9-dcb1-40a3-beaa-690039713dec,SAMMS-WashingtonDCv5
202608241448405837,202608241408171946,202608241408171802,88,4798,P1 Reference 3P Setup Bronze - B47,br_samms_3p_setup,TASK_COMPLETE,FAILED,ERROR,0,0,1,Save3pSetup Bronze ForEach failed,2026-08-24T14:08:21.733Z,2026-08-24T15:03:37.584Z,3316,2026-08-24T15:03:37.584Z,B47,Mobile,6c7532c9-dcb1-40a3-beaa-690039713dec,SAMMS-MobileV5
202608241333249968,202608241253386733,202608241253386616,88,4771,P1 Reference 3P Setup Bronze - AHK,br_samms_3p_setup,TASK_COMPLETE,FAILED,ERROR,0,0,1,Save3pSetup Bronze ForEach failed,2026-08-24T12:53:42.369Z,2026-08-24T13:42:52.652Z,2950,2026-08-24T13:42:52.652Z,AHK,Ahoskie,8f1806c1-b1f2-4ac5-b25b-086fec51b8fb,SAMMS-Ahoskie
202608241333249969,202608241253386734,202608241253386616,88,4772,P1 Reference 3P Setup Bronze - B12B,br_samms_3p_setup,TASK_COMPLETE,FAILED,ERROR,0,0,1,Save3pSetup Bronze ForEach failed,2026-08-24T12:53:42.369Z,2026-08-24T13:42:52.652Z,2950,2026-08-24T13:42:52.652Z,B12B,ColoradoSprings,8f1806c1-b1f2-4ac5-b25b-086fec51b8fb,SAMMS-ColoradoSpringsV5
202608241333249971,202608241253386735,202608241253386616,88,4773,P1 Reference 3P Setup Bronze - B24,br_samms_3p_setup,TASK_COMPLETE,FAILED,ERROR,0,0,1,Save3pSetup Bronze ForEach failed,2026-08-24T12:53:42.369Z,2026-08-24T13:42:52.652Z,2950,2026-08-24T13:42:52.652Z,B24,Paintsville,8f1806c1-b1f2-4ac5-b25b-086fec51b8fb,SAMMS-PaintsvilleV5
202608241333249972,202608241253386736,202608241253386616,88,4774,P1 Reference 3P Setup Bronze - B25,br_samms_3p_setup,TASK_COMPLETE,FAILED,ERROR,0,0,1,Save3pSetup Bronze ForEach failed,2026-08-24T12:53:42.369Z,2026-08-24T13:42:52.652Z,2950,2026-08-24T13:42:52.652Z,B25,Pikeville,8f1806c1-b1f2-4ac5-b25b-086fec51b8fb,SAMMS-PikevilleV5
202608241333249973,202608241253386737,202608241253386616,88,4775,P1 Reference 3P Setup Bronze - B26,br_samms_3p_setup,TASK_COMPLETE,FAILED,ERROR,0,0,1,Save3pSetup Bronze ForEach failed,2026-08-24T12:53:42.369Z,2026-08-24T13:42:52.652Z,2950,2026-08-24T13:42:52.652Z,B26,Hazard,8f1806c1-b1f2-4ac5-b25b-086fec51b8fb,SAMMS-HazardV5
202608241333249974,202608241253386738,202608241253386616,88,4776,P1 Reference 3P Setup Bronze - B27,br_samms_3p_setup,TASK_COMPLETE,FAILED,ERROR,0,0,1,Save3pSetup Bronze ForEach failed,2026-08-24T12:53:42.369Z,2026-08-24T13:42:52.652Z,2950,2026-08-24T13:42:52.652Z,B27,Savannah,8f1806c1-b1f2-4ac5-b25b-086fec51b8fb,SAMMS-SavannahV6
202608241333249976,202608241253386739,202608241253386616,88,4777,P1 Reference 3P Setup Bronze - B28,br_samms_3p_setup,TASK_COMPLETE,FAILED,ERROR,0,0,1,Save3pSetup Bronze ForEach failed,2026-08-24T12:53:42.369Z,2026-08-24T13:42:52.652Z,2950,2026-08-24T13:42:52.652Z,B28,WestPlaines,8f1806c1-b1f2-4ac5-b25b-086fec51b8fb,SAMMS-WestPlainesV5
202608241333249977,202608241253386740,202608241253386616,88,4778,P1 Reference 3P Setup Bronze - B29,br_samms_3p_setup,TASK_COMPLETE,FAILED,ERROR,0,0,1,Save3pSetup Bronze ForEach failed,2026-08-24T12:53:42.369Z,2026-08-24T13:42:52.652Z,2950,2026-08-24T13:42:52.652Z,B29,PoplarBluff,8f1806c1-b1f2-4ac5-b25b-086fec51b8fb,SAMMS-PoplarBluffV5
202608241333249978,202608241253386741,202608241253386616,88,4779,P1 Reference 3P Setup Bronze - B30,br_samms_3p_setup,TASK_COMPLETE,FAILED,ERROR,0,0,1,Save3pSetup Bronze ForEach failed,2026-08-24T12:53:42.369Z,2026-08-24T13:42:52.652Z,2950,2026-08-24T13:42:52.652Z,B30,KCN,8f1806c1-b1f2-4ac5-b25b-086fec51b8fb,SAMMS-KCNv5
202608241333249979,202608241253386742,202608241253386616,88,4780,P1 Reference 3P Setup Bronze - B31,br_samms_3p_setup,TASK_COMPLETE,FAILED,ERROR,0,0,1,Save3pSetup Bronze ForEach failed,2026-08-24T12:53:42.369Z,2026-08-24T13:42:52.652Z,2950,2026-08-24T13:42:52.652Z,B31,Dyersburg,8f1806c1-b1f2-4ac5-b25b-086fec51b8fb,SAMMS-DyersburgV5
202608241333249980,202608241253386743,202608241253386616,88,4781,P1 Reference 3P Setup Bronze - B33,br_samms_3p_setup,TASK_COMPLETE,FAILED,ERROR,0,0,1,Save3pSetup Bronze ForEach failed,2026-08-24T12:53:42.369Z,2026-08-24T13:42:52.652Z,2950,2026-08-24T13:42:52.652Z,B33,Paducah,8f1806c1-b1f2-4ac5-b25b-086fec51b8fb,SAMMS-Paducah
202608241333249982,202608241253386744,202608241253386616,88,4782,P1 Reference 3P Setup Bronze - B34,br_samms_3p_setup,TASK_COMPLETE,FAILED,ERROR,0,0,1,Save3pSetup Bronze ForEach failed,2026-08-24T12:53:42.369Z,2026-08-24T13:42:52.652Z,2950,2026-08-24T13:42:52.652Z,B34,Corbin,8f1806c1-b1f2-4ac5-b25b-086fec51b8fb,SAMMS-CorbinV5
202608241333249983,202608241253386745,202608241253386616,88,4783,P1 Reference 3P Setup Bronze - B35,br_samms_3p_setup,TASK_COMPLETE,FAILED,ERROR,0,0,1,Save3pSetup Bronze ForEach failed,2026-08-24T12:53:42.369Z,2026-08-24T13:42:52.652Z,2950,2026-08-24T13:42:52.652Z,B35,Lexington,8f1806c1-b1f2-4ac5-b25b-086fec51b8fb,SAMMS-LexingtonV5
202608241333249984,202608241253386746,202608241253386616,88,4784,P1 Reference 3P Setup Bronze - B35A,br_samms_3p_setup,TASK_COMPLETE,FAILED,ERROR,0,0,1,Save3pSetup Bronze ForEach failed,2026-08-24T12:53:42.369Z,2026-08-24T13:42:52.652Z,2950,2026-08-24T13:42:52.652Z,B35A,Berea,8f1806c1-b1f2-4ac5-b25b-086fec51b8fb,SAMMS-BereaV5
202608241448405801,202608241408171919,202608241408171802,88,4771,P1 Reference 3P Setup Bronze - AHK,br_samms_3p_setup,TASK_COMPLETE,FAILED,ERROR,0,0,1,Save3pSetup Bronze ForEach failed,2026-08-24T14:08:21.733Z,2026-08-24T15:03:37.584Z,3316,2026-08-24T15:03:37.584Z,AHK,Ahoskie,6c7532c9-dcb1-40a3-beaa-690039713dec,SAMMS-Ahoskie
202608241448405803,202608241408171920,202608241408171802,88,4772,P1 Reference 3P Setup Bronze - B12B,br_samms_3p_setup,TASK_COMPLETE,FAILED,ERROR,0,0,1,Save3pSetup Bronze ForEach failed,2026-08-24T14:08:21.733Z,2026-08-24T15:03:37.584Z,3316,2026-08-24T15:03:37.584Z,B12B,ColoradoSprings,6c7532c9-dcb1-40a3-beaa-690039713dec,SAMMS-ColoradoSpringsV5
202608241448405804,202608241408171921,202608241408171802,88,4773,P1 Reference 3P Setup Bronze - B24,br_samms_3p_setup,TASK_COMPLETE,FAILED,ERROR,0,0,1,Save3pSetup Bronze ForEach failed,2026-08-24T14:08:21.733Z,2026-08-24T15:03:37.584Z,3316,2026-08-24T15:03:37.584Z,B24,Paintsville,6c7532c9-dcb1-40a3-beaa-690039713dec,SAMMS-PaintsvilleV5
202608241448405805,202608241408171922,202608241408171802,88,4774,P1 Reference 3P Setup Bronze - B25,br_samms_3p_setup,TASK_COMPLETE,FAILED,ERROR,0,0,1,Save3pSetup Bronze ForEach failed,2026-08-24T14:08:21.733Z,2026-08-24T15:03:37.584Z,3316,2026-08-24T15:03:37.584Z,B25,Pikeville,6c7532c9-dcb1-40a3-beaa-690039713dec,SAMMS-PikevilleV5
202608241448405807,202608241408171923,202608241408171802,88,4775,P1 Reference 3P Setup Bronze - B26,br_samms_3p_setup,TASK_COMPLETE,FAILED,ERROR,0,0,1,Save3pSetup Bronze ForEach failed,2026-08-24T14:08:21.733Z,2026-08-24T15:03:37.584Z,3316,2026-08-24T15:03:37.584Z,B26,Hazard,6c7532c9-dcb1-40a3-beaa-690039713dec,SAMMS-HazardV5
202608241448405808,202608241408171924,202608241408171802,88,4776,P1 Reference 3P Setup Bronze - B27,br_samms_3p_setup,TASK_COMPLETE,FAILED,ERROR,0,0,1,Save3pSetup Bronze ForEach failed,2026-08-24T14:08:21.733Z,2026-08-24T15:03:37.584Z,3316,2026-08-24T15:03:37.584Z,B27,Savannah,6c7532c9-dcb1-40a3-beaa-690039713dec,SAMMS-SavannahV6
202608241448405809,202608241408171925,202608241408171802,88,4777,P1 Reference 3P Setup Bronze - B28,br_samms_3p_setup,TASK_COMPLETE,FAILED,ERROR,0,0,1,Save3pSetup Bronze ForEach failed,2026-08-24T14:08:21.733Z,2026-08-24T15:03:37.584Z,3316,2026-08-24T15:03:37.584Z,B28,WestPlaines,6c7532c9-dcb1-40a3-beaa-690039713dec,SAMMS-WestPlainesV5
202608241448405811,202608241408171926,202608241408171802,88,4778,P1 Reference 3P Setup Bronze - B29,br_samms_3p_setup,TASK_COMPLETE,FAILED,ERROR,0,0,1,Save3pSetup Bronze ForEach failed,2026-08-24T14:08:21.733Z,2026-08-24T15:03:37.584Z,3316,2026-08-24T15:03:37.584Z,B29,PoplarBluff,6c7532c9-dcb1-40a3-beaa-690039713dec,SAMMS-PoplarBluffV5
202608241448405812,202608241408171927,202608241408171802,88,4779,P1 Reference 3P Setup Bronze - B30,br_samms_3p_setup,TASK_COMPLETE,FAILED,ERROR,0,0,1,Save3pSetup Bronze ForEach failed,2026-08-24T14:08:21.733Z,2026-08-24T15:03:37.584Z,3316,2026-08-24T15:03:37.584Z,B30,KCN,6c7532c9-dcb1-40a3-beaa-690039713dec,SAMMS-KCNv5
202608241448405813,202608241408171928,202608241408171802,88,4780,P1 Reference 3P Setup Bronze - B31,br_samms_3p_setup,TASK_COMPLETE,FAILED,ERROR,0,0,1,Save3pSetup Bronze ForEach failed,2026-08-24T14:08:21.733Z,2026-08-24T15:03:37.584Z,3316,2026-08-24T15:03:37.584Z,B31,Dyersburg,6c7532c9-dcb1-40a3-beaa-690039713dec,SAMMS-DyersburgV5
202608241448405815,202608241408171929,202608241408171802,88,4781,P1 Reference 3P Setup Bronze - B33,br_samms_3p_setup,TASK_COMPLETE,FAILED,ERROR,0,0,1,Save3pSetup Bronze ForEach failed,2026-08-24T14:08:21.733Z,2026-08-24T15:03:37.584Z,3316,2026-08-24T15:03:37.584Z,B33,Paducah,6c7532c9-dcb1-40a3-beaa-690039713dec,SAMMS-Paducah
202608241448405816,202608241408171930,202608241408171802,88,4782,P1 Reference 3P Setup Bronze - B34,br_samms_3p_setup,TASK_COMPLETE,FAILED,ERROR,0,0,1,Save3pSetup Bronze ForEach failed,2026-08-24T14:08:21.733Z,2026-08-24T15:03:37.584Z,3316,2026-08-24T15:03:37.584Z,B34,Corbin,6c7532c9-dcb1-40a3-beaa-690039713dec,SAMMS-CorbinV5
202608241448405817,202608241408171931,202608241408171802,88,4783,P1 Reference 3P Setup Bronze - B35,br_samms_3p_setup,TASK_COMPLETE,FAILED,ERROR,0,0,1,Save3pSetup Bronze ForEach failed,2026-08-24T14:08:21.733Z,2026-08-24T15:03:37.584Z,3316,2026-08-24T15:03:37.584Z,B35,Lexington,6c7532c9-dcb1-40a3-beaa-690039713dec,SAMMS-LexingtonV5
202608241448405818,202608241408171932,202608241408171802,88,4784,P1 Reference 3P Setup Bronze - B35A,br_samms_3p_setup,TASK_COMPLETE,FAILED,ERROR,0,0,1,Save3pSetup Bronze ForEach failed,2026-08-24T14:08:21.733Z,2026-08-24T15:03:37.584Z,3316,2026-08-24T15:03:37.584Z,B35A,Berea,6c7532c9-dcb1-40a3-beaa-690039713dec,SAMMS-BereaV5
202608221320321049,202608221237331984,202608221237331665,88,4974,P1 Reference Codes Bronze - STN,br_samms_codes,TASK_COMPLETE,SUCCESS,INFO,1421,1421,0,,2026-08-22T12:37:36.805Z,2026-08-22T13:23:02.807Z,2726,2026-08-22T13:23:02.807Z,STN,Staunton,63818914-9c2b-4ff6-ac1c-35595835ab93,SAMMS-Staunton
202608221320321051,202608221237331985,202608221237331665,88,4975,P1 Reference Codes Bronze - STVN,br_samms_codes,TASK_COMPLETE,SUCCESS,INFO,1082,1082,0,,2026-08-22T12:37:36.805Z,2026-08-22T13:23:02.807Z,2726,2026-08-22T13:23:02.807Z,STVN,Stevenson,63818914-9c2b-4ff6-ac1c-35595835ab93,SAMMS-Stevenson
202608221320321053,202608221237331986,202608221237331665,88,4976,P1 Reference Codes Bronze - TE,br_samms_codes,TASK_COMPLETE,SUCCESS,INFO,958,958,0,,2026-08-22T12:37:36.805Z,2026-08-22T13:23:02.807Z,2726,2026-08-22T13:23:02.807Z,TE,Tempe,63818914-9c2b-4ff6-ac1c-35595835ab93,SAMMS-Tempe
202608221320321055,202608221237331987,202608221237331665,88,4977,P1 Reference Codes Bronze - TEX,br_samms_codes,TASK_COMPLETE,SUCCESS,INFO,1014,1014,0,,2026-08-22T12:37:36.805Z,2026-08-22T13:23:02.807Z,2726,2026-08-22T13:23:02.807Z,TEX,Texarkana,63818914-9c2b-4ff6-ac1c-35595835ab93,SAMMS-Texarkana
202608221320321057,202608221237331988,202608221237331665,88,4978,P1 Reference Codes Bronze - TTCA,br_samms_codes,TASK_COMPLETE,SUCCESS,INFO,2454,2454,0,,2026-08-22T12:37:36.805Z,2026-08-22T13:23:02.807Z,2726,2026-08-22T13:23:02.807Z,TTCA,Bessemer,63818914-9c2b-4ff6-ac1c-35595835ab93,SAMMS-BessemerV5
202608221320321059,202608221237331989,202608221237331665,88,4979,P1 Reference Codes Bronze - TTCB,br_samms_codes,TASK_COMPLETE,SUCCESS,INFO,1822,1822,0,,2026-08-22T12:37:36.805Z,2026-08-22T13:23:02.807Z,2726,2026-08-22T13:23:02.807Z,TTCB,Cullman,63818914-9c2b-4ff6-ac1c-35595835ab93,SAMMS-CullmanV5
202608221320321061,202608221237331990,202608221237331665,88,4980,P1 Reference Codes Bronze - TTCC,br_samms_codes,TASK_COMPLETE,SUCCESS,INFO,2045,2045,0,,2026-08-22T12:37:36.805Z,2026-08-22T13:23:02.807Z,2726,2026-08-22T13:23:02.807Z,TTCC,GrandBay,63818914-9c2b-4ff6-ac1c-35595835ab93,SAMMS-GrandBay
202608221320321063,202608221237331991,202608221237331665,88,4981,P1 Reference Codes Bronze - TU,br_samms_codes,TASK_COMPLETE,SUCCESS,INFO,946,946,0,,2026-08-22T12:37:36.805Z,2026-08-22T13:23:02.807Z,2726,2026-08-22T13:23:02.807Z,TU,Tucson,63818914-9c2b-4ff6-ac1c-35595835ab93,SAMMS-Tucson
202608221320321066,202608221237331992,202608221237331665,88,4982,P1 Reference Codes Bronze - V1,br_samms_codes,TASK_COMPLETE,SUCCESS,INFO,1731,1731,0,,2026-08-22T12:37:36.805Z,2026-08-22T13:23:02.807Z,2726,2026-08-22T13:23:02.807Z,V1,VCPHCS-I-Memphis,63818914-9c2b-4ff6-ac1c-35595835ab93,SAMMS-VCPHCS-I-MemphisV5
202608221320321068,202608221237331993,202608221237331665,88,4983,P1 Reference Codes Bronze - V10,br_samms_codes,TASK_COMPLETE,SUCCESS,INFO,1289,1289,0,,2026-08-22T12:37:36.805Z,2026-08-22T13:23:02.807Z,2726,2026-08-22T13:23:02.807Z,V10,Boulder,63818914-9c2b-4ff6-ac1c-35595835ab93,SAMMS-BoulderV5
202608221320321070,202608221237331994,202608221237331665,88,4984,P1 Reference Codes Bronze - V10A,br_samms_codes,TASK_COMPLETE,SUCCESS,INFO,1184,1184,0,,2026-08-22T12:37:36.805Z,2026-08-22T13:23:02.807Z,2726,2026-08-22T13:23:02.807Z,V10A,FortCollins,63818914-9c2b-4ff6-ac1c-35595835ab93,SAMMS-FortCollinsV5
202608221320321072,202608221237331995,202608221237331665,88,4985,P1 Reference Codes Bronze - V11,br_samms_codes,TASK_COMPLETE,SUCCESS,INFO,1462,1462,0,,2026-08-22T12:37:36.805Z,2026-08-22T13:23:02.807Z,2726,2026-08-22T13:23:02.807Z,V11,VCPHCS-XI-NorthDenver,63818914-9c2b-4ff6-ac1c-35595835ab93,SAMMS-VCPHCS-XI-NorthDenverV5
202608221320321074,202608221237331996,202608221237331665,88,4986,P1 Reference Codes Bronze - V12,br_samms_codes,TASK_COMPLETE,SUCCESS,INFO,2648,2648,0,,2026-08-22T12:37:36.805Z,2026-08-22T13:23:02.807Z,2726,2026-08-22T13:23:02.807Z,V12,VCPHCS-XII-DowntownDenver,63818914-9c2b-4ff6-ac1c-35595835ab93,SAMMS-VCPHCS-XII-DowntownDenverV5
202608221320321077,202608221237331997,202608221237331665,88,4987,P1 Reference Codes Bronze - V12A,br_samms_codes,TASK_COMPLETE,SUCCESS,INFO,1210,1210,0,,2026-08-22T12:37:36.805Z,2026-08-22T13:23:02.807Z,2726,2026-08-22T13:23:02.807Z,V12A,Centennial,63818914-9c2b-4ff6-ac1c-35595835ab93,SAMMS-CentennialV5
202608221320321079,202608221237331998,202608221237331665,88,4988,P1 Reference Codes Bronze - V14,br_samms_codes,TASK_COMPLETE,SUCCESS,INFO,1035,1035,0,,2026-08-22T12:37:36.805Z,2026-08-22T13:23:02.807Z,2726,2026-08-22T13:23:02.807Z,V14,VCPHCS-XIV-Bridgeway,63818914-9c2b-4ff6-ac1c-35595835ab93,SAMMS-VCPHCS-XIV-BridgewayV5
202608221320321081,202608221237331999,202608221237331665,88,4989,P1 Reference Codes Bronze - V15,br_samms_codes,TASK_COMPLETE,SUCCESS,INFO,1521,1521,0,,2026-08-22T12:37:36.805Z,2026-08-22T13:23:02.807Z,2726,2026-08-22T13:23:02.807Z,V15,Joplin,63818914-9c2b-4ff6-ac1c-35595835ab93,SAMMS-JoplinV5
202608241448407475,202608241408172225,202608241408171802,88,5080,P1 Reference Services Bronze - LV2,br_samms_services,TASK_COMPLETE,FAILED,ERROR,0,0,1,SaveServices Bronze ForEach failed,2026-08-24T14:08:21.733Z,2026-08-24T15:03:37.584Z,3316,2026-08-24T15:03:37.584Z,LV2,DesertInn,6c7532c9-dcb1-40a3-beaa-690039713dec,SAMMS-DesertInn
202608241448407477,202608241408172226,202608241408171802,88,5081,P1 Reference Services Bronze - LV3,br_samms_services,TASK_COMPLETE,FAILED,ERROR,0,0,1,SaveServices Bronze ForEach failed,2026-08-24T14:08:21.733Z,2026-08-24T15:03:37.584Z,3316,2026-08-24T15:03:37.584Z,LV3,McDaniel,6c7532c9-dcb1-40a3-beaa-690039713dec,SAMMS-McDaniel
202608241448407479,202608241408172227,202608241408171802,88,5082,P1 Reference Services Bronze - MNRE,br_samms_services,TASK_COMPLETE,FAILED,ERROR,0,0,1,SaveServices Bronze ForEach failed,2026-08-24T14:08:21.733Z,2026-08-24T15:03:37.584Z,3316,2026-08-24T15:03:37.584Z,MNRE,Monroe,6c7532c9-dcb1-40a3-beaa-690039713dec,SAMMS-Monroe
202608241448407481,202608241408172228,202608241408171802,88,5083,P1 Reference Services Bronze - MP,br_samms_services,TASK_COMPLETE,FAILED,ERROR,0,0,1,SaveServices Bronze ForEach failed,2026-08-24T14:08:21.733Z,2026-08-24T15:03:37.584Z,3316,2026-08-24T15:03:37.584Z,MP,MtPleasant,6c7532c9-dcb1-40a3-beaa-690039713dec,SAMMS-MtPleasant
202608241448407483,202608241408172229,202608241408171802,88,5084,P1 Reference Services Bronze - MRD,br_samms_services,TASK_COMPLETE,FAILED,ERROR,0,0,1,SaveServices Bronze ForEach failed,2026-08-24T14:08:21.733Z,2026-08-24T15:03:37.584Z,3316,2026-08-24T15:03:37.584Z,MRD,Meridian,6c7532c9-dcb1-40a3-beaa-690039713dec,SAMMS-Meridian
202608241448407484,202608241408172230,202608241408171802,88,5085,P1 Reference Services Bronze - NC,br_samms_services,TASK_COMPLETE,FAILED,ERROR,0,0,1,SaveServices Bronze ForEach failed,2026-08-24T14:08:21.733Z,2026-08-24T15:03:37.584Z,3316,2026-08-24T15:03:37.584Z,NC,NorthCharleston,6c7532c9-dcb1-40a3-beaa-690039713dec,SAMMS-NorthCharleston
202608241448407486,202608241408172231,202608241408171802,88,5086,P1 Reference Services Bronze - NLR,br_samms_services,TASK_COMPLETE,FAILED,ERROR,0,0,1,SaveServices Bronze ForEach failed,2026-08-24T14:08:21.733Z,2026-08-24T15:03:37.584Z,3316,2026-08-24T15:03:37.584Z,NLR,NLROBOT,6c7532c9-dcb1-40a3-beaa-690039713dec,SAMMS-NLROBOT
202608241448407488,202608241408172232,202608241408171802,88,5087,P1 Reference Services Bronze - PH,br_samms_services,TASK_COMPLETE,FAILED,ERROR,0,0,1,SaveServices Bronze ForEach failed,2026-08-24T14:08:21.733Z,2026-08-24T15:03:37.584Z,3316,2026-08-24T15:03:37.584Z,PH,Phoenix,6c7532c9-dcb1-40a3-beaa-690039713dec,SAMMS-Phoenix
202608241448407490,202608241408172233,202608241408171802,88,5088,P1 Reference Services Bronze - RE,br_samms_services,TASK_COMPLETE,FAILED,ERROR,0,0,1,SaveServices Bronze ForEach failed,2026-08-24T14:08:21.733Z,2026-08-24T15:03:37.584Z,3316,2026-08-24T15:03:37.584Z,RE,Reno,6c7532c9-dcb1-40a3-beaa-690039713dec,SAMMS-Reno
202608241448407491,202608241408172234,202608241408171802,88,5089,P1 Reference Services Bronze - RMD,br_samms_services,TASK_COMPLETE,FAILED,ERROR,0,0,1,SaveServices Bronze ForEach failed,2026-08-24T14:08:21.733Z,2026-08-24T15:03:37.584Z,3316,2026-08-24T15:03:37.584Z,RMD,Richmond,6c7532c9-dcb1-40a3-beaa-690039713dec,SAMMS-Richmond
202608241448407493,202608241408172235,202608241408171802,88,5090,P1 Reference Services Bronze - SFN,br_samms_services,TASK_COMPLETE,FAILED,ERROR,0,0,1,SaveServices Bronze ForEach failed,2026-08-24T14:08:21.733Z,2026-08-24T15:03:37.584Z,3316,2026-08-24T15:03:37.584Z,SFN,SFN,6c7532c9-dcb1-40a3-beaa-690039713dec,SAMMS-SFNv5
202608241448407495,202608241408172236,202608241408171802,88,5091,P1 Reference Services Bronze - SHP,br_samms_services,TASK_COMPLETE,FAILED,ERROR,0,0,1,SaveServices Bronze ForEach failed,2026-08-24T14:08:21.733Z,2026-08-24T15:03:37.584Z,3316,2026-08-24T15:03:37.584Z,SHP,Shreveport,6c7532c9-dcb1-40a3-beaa-690039713dec,SAMMS-Shreveport
202608241448407497,202608241408172237,202608241408171802,88,5092,P1 Reference Services Bronze - STN,br_samms_services,TASK_COMPLETE,FAILED,ERROR,0,0,1,SaveServices Bronze ForEach failed,2026-08-24T14:08:21.733Z,2026-08-24T15:03:37.584Z,3316,2026-08-24T15:03:37.584Z,STN,Staunton,6c7532c9-dcb1-40a3-beaa-690039713dec,SAMMS-Staunton
202608241448407499,202608241408172238,202608241408171802,88,5093,P1 Reference Services Bronze - STVN,br_samms_services,TASK_COMPLETE,FAILED,ERROR,0,0,1,SaveServices Bronze ForEach failed,2026-08-24T14:08:21.733Z,2026-08-24T15:03:37.584Z,3316,2026-08-24T15:03:37.584Z,STVN,Stevenson,6c7532c9-dcb1-40a3-beaa-690039713dec,SAMMS-Stevenson
202608241333251611,202608241253387039,202608241253386616,88,5080,P1 Reference Services Bronze - LV2,br_samms_services,TASK_COMPLETE,FAILED,ERROR,0,0,1,SaveServices Bronze ForEach failed,2026-08-24T12:53:42.369Z,2026-08-24T13:42:52.652Z,2950,2026-08-24T13:42:52.652Z,LV2,DesertInn,8f1806c1-b1f2-4ac5-b25b-086fec51b8fb,SAMMS-DesertInn
202608241333251613,202608241253387040,202608241253386616,88,5081,P1 Reference Services Bronze - LV3,br_samms_services,TASK_COMPLETE,FAILED,ERROR,0,0,1,SaveServices Bronze ForEach failed,2026-08-24T12:53:42.369Z,2026-08-24T13:42:52.652Z,2950,2026-08-24T13:42:52.652Z,LV3,McDaniel,8f1806c1-b1f2-4ac5-b25b-086fec51b8fb,SAMMS-McDaniel
202608241333251615,202608241253387041,202608241253386616,88,5082,P1 Reference Services Bronze - MNRE,br_samms_services,TASK_COMPLETE,FAILED,ERROR,0,0,1,SaveServices Bronze ForEach failed,2026-08-24T12:53:42.369Z,2026-08-24T13:42:52.652Z,2950,2026-08-24T13:42:52.652Z,MNRE,Monroe,8f1806c1-b1f2-4ac5-b25b-086fec51b8fb,SAMMS-Monroe
202608241333251616,202608241253387042,202608241253386616,88,5083,P1 Reference Services Bronze - MP,br_samms_services,TASK_COMPLETE,FAILED,ERROR,0,0,1,SaveServices Bronze ForEach failed,2026-08-24T12:53:42.369Z,2026-08-24T13:42:52.652Z,2950,2026-08-24T13:42:52.652Z,MP,MtPleasant,8f1806c1-b1f2-4ac5-b25b-086fec51b8fb,SAMMS-MtPleasant
202608241333251618,202608241253387043,202608241253386616,88,5084,P1 Reference Services Bronze - MRD,br_samms_services,TASK_COMPLETE,FAILED,ERROR,0,0,1,SaveServices Bronze ForEach failed,2026-08-24T12:53:42.369Z,2026-08-24T13:42:52.652Z,2950,2026-08-24T13:42:52.652Z,MRD,Meridian,8f1806c1-b1f2-4ac5-b25b-086fec51b8fb,SAMMS-Meridian
202608241333251620,202608241253387044,202608241253386616,88,5085,P1 Reference Services Bronze - NC,br_samms_services,TASK_COMPLETE,FAILED,ERROR,0,0,1,SaveServices Bronze ForEach failed,2026-08-24T12:53:42.369Z,2026-08-24T13:42:52.652Z,2950,2026-08-24T13:42:52.652Z,NC,NorthCharleston,8f1806c1-b1f2-4ac5-b25b-086fec51b8fb,SAMMS-NorthCharleston
202608241333251621,202608241253387045,202608241253386616,88,5086,P1 Reference Services Bronze - NLR,br_samms_services,TASK_COMPLETE,FAILED,ERROR,0,0,1,SaveServices Bronze ForEach failed,2026-08-24T12:53:42.369Z,2026-08-24T13:42:52.652Z,2950,2026-08-24T13:42:52.652Z,NLR,NLROBOT,8f1806c1-b1f2-4ac5-b25b-086fec51b8fb,SAMMS-NLROBOT
202608241333251623,202608241253387046,202608241253386616,88,5087,P1 Reference Services Bronze - PH,br_samms_services,TASK_COMPLETE,FAILED,ERROR,0,0,1,SaveServices Bronze ForEach failed,2026-08-24T12:53:42.369Z,2026-08-24T13:42:52.652Z,2950,2026-08-24T13:42:52.652Z,PH,Phoenix,8f1806c1-b1f2-4ac5-b25b-086fec51b8fb,SAMMS-Phoenix
202608241333251625,202608241253387047,202608241253386616,88,5088,P1 Reference Services Bronze - RE,br_samms_services,TASK_COMPLETE,FAILED,ERROR,0,0,1,SaveServices Bronze ForEach failed,2026-08-24T12:53:42.369Z,2026-08-24T13:42:52.652Z,2950,2026-08-24T13:42:52.652Z,RE,Reno,8f1806c1-b1f2-4ac5-b25b-086fec51b8fb,SAMMS-Reno
202608241333251627,202608241253387048,202608241253386616,88,5089,P1 Reference Services Bronze - RMD,br_samms_services,TASK_COMPLETE,FAILED,ERROR,0,0,1,SaveServices Bronze ForEach failed,2026-08-24T12:53:42.369Z,2026-08-24T13:42:52.652Z,2950,2026-08-24T13:42:52.652Z,RMD,Richmond,8f1806c1-b1f2-4ac5-b25b-086fec51b8fb,SAMMS-Richmond
202608241333251629,202608241253387049,202608241253386616,88,5090,P1 Reference Services Bronze - SFN,br_samms_services,TASK_COMPLETE,FAILED,ERROR,0,0,1,SaveServices Bronze ForEach failed,2026-08-24T12:53:42.369Z,2026-08-24T13:42:52.652Z,2950,2026-08-24T13:42:52.652Z,SFN,SFN,8f1806c1-b1f2-4ac5-b25b-086fec51b8fb,SAMMS-SFNv5
202608241333251630,202608241253387050,202608241253386616,88,5091,P1 Reference Services Bronze - SHP,br_samms_services,TASK_COMPLETE,FAILED,ERROR,0,0,1,SaveServices Bronze ForEach failed,2026-08-24T12:53:42.369Z,2026-08-24T13:42:52.652Z,2950,2026-08-24T13:42:52.652Z,SHP,Shreveport,8f1806c1-b1f2-4ac5-b25b-086fec51b8fb,SAMMS-Shreveport
202608241333251632,202608241253387051,202608241253386616,88,5092,P1 Reference Services Bronze - STN,br_samms_services,TASK_COMPLETE,FAILED,ERROR,0,0,1,SaveServices Bronze ForEach failed,2026-08-24T12:53:42.369Z,2026-08-24T13:42:52.652Z,2950,2026-08-24T13:42:52.652Z,STN,Staunton,8f1806c1-b1f2-4ac5-b25b-086fec51b8fb,SAMMS-Staunton
202608241333251634,202608241253387052,202608241253386616,88,5093,P1 Reference Services Bronze - STVN,br_samms_services,TASK_COMPLETE,FAILED,ERROR,0,0,1,SaveServices Bronze ForEach failed,2026-08-24T12:53:42.369Z,2026-08-24T13:42:52.652Z,2950,2026-08-24T13:42:52.652Z,STVN,Stevenson,8f1806c1-b1f2-4ac5-b25b-086fec51b8fb,SAMMS-Stevenson
202608241333250044,202608241253386789,202608241253386616,88,4827,P1 Reference 3P Setup Bronze - DRD-KVC,br_samms_3p_setup,TASK_COMPLETE,FAILED,ERROR,0,0,1,Save3pSetup Bronze ForEach failed,2026-08-24T12:53:42.369Z,2026-08-24T13:42:52.652Z,2950,2026-08-24T13:42:52.652Z,DRD-KVC,KVC,8f1806c1-b1f2-4ac5-b25b-086fec51b8fb,SAMMS-KVCv5
202608241333250046,202608241253386790,202608241253386616,88,4828,P1 Reference 3P Setup Bronze - DRD-NOLA,br_samms_3p_setup,TASK_COMPLETE,FAILED,ERROR,0,0,1,Save3pSetup Bronze ForEach failed,2026-08-24T12:53:42.369Z,2026-08-24T13:42:52.652Z,2950,2026-08-24T13:42:52.652Z,DRD-NOLA,NOLA,8f1806c1-b1f2-4ac5-b25b-086fec51b8fb,SAMMS-NOLAv5
202608241333250047,202608241253386791,202608241253386616,88,4829,P1 Reference 3P Setup Bronze - DRD-SF,br_samms_3p_setup,TASK_COMPLETE,FAILED,ERROR,0,0,1,Save3pSetup Bronze ForEach failed,2026-08-24T12:53:42.369Z,2026-08-24T13:42:52.652Z,2950,2026-08-24T13:42:52.652Z,DRD-SF,SF,8f1806c1-b1f2-4ac5-b25b-086fec51b8fb,SAMMS-SFv5
202608241333250049,202608241253386792,202608241253386616,88,4830,P1 Reference 3P Setup Bronze - ELC,br_samms_3p_setup,TASK_COMPLETE,FAILED,ERROR,0,0,1,Save3pSetup Bronze ForEach failed,2026-08-24T12:53:42.369Z,2026-08-24T13:42:52.652Z,2950,2026-08-24T13:42:52.652Z,ELC,ElizabethCity,8f1806c1-b1f2-4ac5-b25b-086fec51b8fb,SAMMS-ElizabethCity
202608241333250050,202608241253386793,202608241253386616,88,4831,P1 Reference 3P Setup Bronze - ET,br_samms_3p_setup,TASK_COMPLETE,FAILED,ERROR,0,0,1,Save3pSetup Bronze ForEach failed,2026-08-24T12:53:42.369Z,2026-08-24T13:42:52.652Z,2950,2026-08-24T13:42:52.652Z,ET,Elizabethtown,8f1806c1-b1f2-4ac5-b25b-086fec51b8fb,SAMMS-Elizabethtown
202608241333250052,202608241253386794,202608241253386616,88,4832,P1 Reference 3P Setup Bronze - FAY,br_samms_3p_setup,TASK_COMPLETE,FAILED,ERROR,0,0,1,Save3pSetup Bronze ForEach failed,2026-08-24T12:53:42.369Z,2026-08-24T13:42:52.652Z,2950,2026-08-24T13:42:52.652Z,FAY,Fayetteville,8f1806c1-b1f2-4ac5-b25b-086fec51b8fb,SAMMS-Fayetteville
202608241333250054,202608241253386795,202608241253386616,88,4833,P1 Reference 3P Setup Bronze - FR,br_samms_3p_setup,TASK_COMPLETE,FAILED,ERROR,0,0,1,Save3pSetup Bronze ForEach failed,2026-08-24T12:53:42.369Z,2026-08-24T13:42:52.652Z,2950,2026-08-24T13:42:52.652Z,FR,Frankfort,8f1806c1-b1f2-4ac5-b25b-086fec51b8fb,SAMMS-Frankfort
202608241333250055,202608241253386796,202608241253386616,88,4834,P1 Reference 3P Setup Bronze - FS,br_samms_3p_setup,TASK_COMPLETE,FAILED,ERROR,0,0,1,Save3pSetup Bronze ForEach failed,2026-08-24T12:53:42.369Z,2026-08-24T13:42:52.652Z,2950,2026-08-24T13:42:52.652Z,FS,FortSmith,8f1806c1-b1f2-4ac5-b25b-086fec51b8fb,SAMMS-FortSmith
202608241333250057,202608241253386797,202608241253386616,88,4835,P1 Reference 3P Setup Bronze - FW,br_samms_3p_setup,TASK_COMPLETE,FAILED,ERROR,0,0,1,Save3pSetup Bronze ForEach failed,2026-08-24T12:53:42.369Z,2026-08-24T13:42:52.652Z,2950,2026-08-24T13:42:52.652Z,FW,FortWayne,8f1806c1-b1f2-4ac5-b25b-086fec51b8fb,SAMMS-FortWayne
202608241333250058,202608241253386798,202608241253386616,88,4836,P1 Reference 3P Setup Bronze - GAL,br_samms_3p_setup,TASK_COMPLETE,FAILED,ERROR,0,0,1,Save3pSetup Bronze ForEach failed,2026-08-24T12:53:42.369Z,2026-08-24T13:42:52.652Z,2950,2026-08-24T13:42:52.652Z,GAL,Gaylord,8f1806c1-b1f2-4ac5-b25b-086fec51b8fb,SAMMS-Gaylord
202608241333250060,202608241253386799,202608241253386616,88,4837,P1 Reference 3P Setup Bronze - HGT,br_samms_3p_setup,TASK_COMPLETE,FAILED,ERROR,0,0,1,Save3pSetup Bronze ForEach failed,2026-08-24T12:53:42.369Z,2026-08-24T13:42:52.652Z,2950,2026-08-24T13:42:52.652Z,HGT,Hagerstown,8f1806c1-b1f2-4ac5-b25b-086fec51b8fb,SAMMS-Hagerstown
202608241333250062,202608241253386800,202608241253386616,88,4838,P1 Reference 3P Setup Bronze - HNT,br_samms_3p_setup,TASK_COMPLETE,FAILED,ERROR,0,0,1,Save3pSetup Bronze ForEach failed,2026-08-24T12:53:42.369Z,2026-08-24T13:42:52.652Z,2950,2026-08-24T13:42:52.652Z,HNT,Huntsville,8f1806c1-b1f2-4ac5-b25b-086fec51b8fb,SAMMS-Huntsville
202608241333250063,202608241253386801,202608241253386616,88,4839,P1 Reference 3P Setup Bronze - HS,br_samms_3p_setup,TASK_COMPLETE,FAILED,ERROR,0,0,1,Save3pSetup Bronze ForEach failed,2026-08-24T12:53:42.369Z,2026-08-24T13:42:52.652Z,2950,2026-08-24T13:42:52.652Z,HS,HotSprings,8f1806c1-b1f2-4ac5-b25b-086fec51b8fb,SAMMS-HotSprings
202608241333250065,202608241253386802,202608241253386616,88,4840,P1 Reference 3P Setup Bronze - JON,br_samms_3p_setup,TASK_COMPLETE,FAILED,ERROR,0,0,1,Save3pSetup Bronze ForEach failed,2026-08-24T12:53:42.369Z,2026-08-24T13:42:52.652Z,2950,2026-08-24T13:42:52.652Z,JON,Jonesboro,8f1806c1-b1f2-4ac5-b25b-086fec51b8fb,SAMMS-Jonesboro
202608221320322032,202608221237332508,202608221237331665,88,5509,P1 Reference PreAdmission V6 Bronze - B52,br_samms_pre_admission_v6,TASK_COMPLETE,SUCCESS,INFO,79,79,0,,2026-08-22T12:37:36.805Z,2026-08-22T13:23:02.807Z,2726,2026-08-22T13:23:02.807Z,B52,JacksonGA,63818914-9c2b-4ff6-ac1c-35595835ab93,SAMMS-JacksonGAV5
202608221320322034,202608221237332509,202608221237331665,88,5510,P1 Reference PreAdmission V6 Bronze - B54,br_samms_pre_admission_v6,TASK_COMPLETE,SUCCESS,INFO,152,152,0,,2026-08-22T12:37:36.805Z,2026-08-22T13:23:02.807Z,2726,2026-08-22T13:23:02.807Z,B54,Gadsden,63818914-9c2b-4ff6-ac1c-35595835ab93,SAMMS-GadsdenV5
202608221320322035,202608221237332510,202608221237331665,88,5511,P1 Reference PreAdmission V6 Bronze - B55,br_samms_pre_admission_v6,TASK_COMPLETE,SUCCESS,INFO,161,161,0,,2026-08-22T12:37:36.805Z,2026-08-22T13:23:02.807Z,2726,2026-08-22T13:23:02.807Z,B55,Shoals,63818914-9c2b-4ff6-ac1c-35595835ab93,SAMMS-ShoalsV5
202608221320322037,202608221237332511,202608221237331665,88,5512,P1 Reference PreAdmission V6 Bronze - B57,br_samms_pre_admission_v6,TASK_COMPLETE,SUCCESS,INFO,54,54,0,,2026-08-22T12:37:36.805Z,2026-08-22T13:23:02.807Z,2726,2026-08-22T13:23:02.807Z,B57,Pawtucket,63818914-9c2b-4ff6-ac1c-35595835ab93,SAMMS-Pawtucket
202608221320322038,202608221237332512,202608221237331665,88,5513,P1 Reference PreAdmission V6 Bronze - B57A,br_samms_pre_admission_v6,TASK_COMPLETE,SUCCESS,INFO,28,28,0,,2026-08-22T12:37:36.805Z,2026-08-22T13:23:02.807Z,2726,2026-08-22T13:23:02.807Z,B57A,Johnston,63818914-9c2b-4ff6-ac1c-35595835ab93,SAMMS-Johnston
202608221320322040,202608221237332513,202608221237331665,88,5514,P1 Reference PreAdmission V6 Bronze - B57B,br_samms_pre_admission_v6,TASK_COMPLETE,SUCCESS,INFO,27,27,0,,2026-08-22T12:37:36.805Z,2026-08-22T13:23:02.807Z,2726,2026-08-22T13:23:02.807Z,B57B,Middletown,63818914-9c2b-4ff6-ac1c-35595835ab93,SAMMS-Middletown
202608221320322042,202608221237332514,202608221237331665,88,5515,P1 Reference PreAdmission V6 Bronze - B57C,br_samms_pre_admission_v6,TASK_COMPLETE,SUCCESS,INFO,76,76,0,,2026-08-22T12:37:36.805Z,2026-08-22T13:23:02.807Z,2726,2026-08-22T13:23:02.807Z,B57C,Providence,63818914-9c2b-4ff6-ac1c-35595835ab93,SAMMS-Providence
202608221320322043,202608221237332515,202608221237331665,88,5516,P1 Reference PreAdmission V6 Bronze - B57D,br_samms_pre_admission_v6,TASK_COMPLETE,SUCCESS,INFO,74,74,0,,2026-08-22T12:37:36.805Z,2026-08-22T13:23:02.807Z,2726,2026-08-22T13:23:02.807Z,B57D,Westerly,63818914-9c2b-4ff6-ac1c-35595835ab93,SAMMS-Westerly
202608221320322045,202608221237332516,202608221237331665,88,5517,P1 Reference PreAdmission V6 Bronze - B66A,br_samms_pre_admission_v6,TASK_COMPLETE,SUCCESS,INFO,70,70,0,,2026-08-22T12:37:36.805Z,2026-08-22T13:23:02.807Z,2726,2026-08-22T13:23:02.807Z,B66A,Bremen,63818914-9c2b-4ff6-ac1c-35595835ab93,SAMMS-Bremen
202608221320322046,202608221237332517,202608221237331665,88,5518,P1 Reference PreAdmission V6 Bronze - B72,br_samms_pre_admission_v6,TASK_COMPLETE,SUCCESS,INFO,215,215,0,,2026-08-22T12:37:36.805Z,2026-08-22T13:23:02.807Z,2726,2026-08-22T13:23:02.807Z,B72,Mobile-OBOT,63818914-9c2b-4ff6-ac1c-35595835ab93,SAMMS-Mobile-OBOT
202608221320322048,202608221237332518,202608221237331665,88,5519,P1 Reference PreAdmission V6 Bronze - B73,br_samms_pre_admission_v6,TASK_COMPLETE,SUCCESS,INFO,83,83,0,,2026-08-22T12:37:36.805Z,2026-08-22T13:23:02.807Z,2726,2026-08-22T13:23:02.807Z,B73,Montgomery,63818914-9c2b-4ff6-ac1c-35595835ab93,SAMMS-Montgomery
202608221320322049,202608221237332519,202608221237331665,88,5520,P1 Reference PreAdmission V6 Bronze - B75,br_samms_pre_admission_v6,TASK_COMPLETE,SUCCESS,INFO,135,135,0,,2026-08-22T12:37:36.805Z,2026-08-22T13:23:02.807Z,2726,2026-08-22T13:23:02.807Z,B75,Lawrence,63818914-9c2b-4ff6-ac1c-35595835ab93,SAMMS-LawrenceV6
202608221320322051,202608221237332520,202608221237331665,88,5521,P1 Reference PreAdmission V6 Bronze - B76,br_samms_pre_admission_v6,TASK_COMPLETE,SUCCESS,INFO,0,0,0,,2026-08-22T12:37:36.805Z,2026-08-22T13:23:02.807Z,2726,2026-08-22T13:23:02.807Z,B76,Huntsville-OBOT,63818914-9c2b-4ff6-ac1c-35595835ab93,SAMMS-Huntsville-OBOT
202608221320322053,202608221237332521,202608221237331665,88,5522,P1 Reference PreAdmission V6 Bronze - BAT,br_samms_pre_admission_v6,TASK_COMPLETE,SUCCESS,INFO,42,42,0,,2026-08-22T12:37:36.805Z,2026-08-22T13:23:02.807Z,2726,2026-08-22T13:23:02.807Z,BAT,Batesville,63818914-9c2b-4ff6-ac1c-35595835ab93,SAMMS-Batesville
202608221320322054,202608221237332522,202608221237331665,88,5523,P1 Reference PreAdmission V6 Bronze - BG,br_samms_pre_admission_v6,TASK_COMPLETE,SUCCESS,INFO,127,127,0,,2026-08-22T12:37:36.805Z,2026-08-22T13:23:02.807Z,2726,2026-08-22T13:23:02.807Z,BG,BowlingGreen,63818914-9c2b-4ff6-ac1c-35595835ab93,SAMMS-BowlingGreen
202608221320322056,202608221237332523,202608221237331665,88,5524,P1 Reference PreAdmission V6 Bronze - BOI,br_samms_pre_admission_v6,TASK_COMPLETE,SUCCESS,INFO,126,126,0,,2026-08-22T12:37:36.805Z,2026-08-22T13:23:02.807Z,2726,2026-08-22T13:23:02.807Z,BOI,Boise,63818914-9c2b-4ff6-ac1c-35595835ab93,SAMMS-Boise
202608241448405880,202608241408171975,202608241408171802,88,4827,P1 Reference 3P Setup Bronze - DRD-KVC,br_samms_3p_setup,TASK_COMPLETE,FAILED,ERROR,0,0,1,Save3pSetup Bronze ForEach failed,2026-08-24T14:08:21.733Z,2026-08-24T15:03:37.584Z,3316,2026-08-24T15:03:37.584Z,DRD-KVC,KVC,6c7532c9-dcb1-40a3-beaa-690039713dec,SAMMS-KVCv5
202608241448405882,202608241408171976,202608241408171802,88,4828,P1 Reference 3P Setup Bronze - DRD-NOLA,br_samms_3p_setup,TASK_COMPLETE,FAILED,ERROR,0,0,1,Save3pSetup Bronze ForEach failed,2026-08-24T14:08:21.733Z,2026-08-24T15:03:37.584Z,3316,2026-08-24T15:03:37.584Z,DRD-NOLA,NOLA,6c7532c9-dcb1-40a3-beaa-690039713dec,SAMMS-NOLAv5
202608241448405884,202608241408171977,202608241408171802,88,4829,P1 Reference 3P Setup Bronze - DRD-SF,br_samms_3p_setup,TASK_COMPLETE,FAILED,ERROR,0,0,1,Save3pSetup Bronze ForEach failed,2026-08-24T14:08:21.733Z,2026-08-24T15:03:37.584Z,3316,2026-08-24T15:03:37.584Z,DRD-SF,SF,6c7532c9-dcb1-40a3-beaa-690039713dec,SAMMS-SFv5
202608241448405885,202608241408171978,202608241408171802,88,4830,P1 Reference 3P Setup Bronze - ELC,br_samms_3p_setup,TASK_COMPLETE,FAILED,ERROR,0,0,1,Save3pSetup Bronze ForEach failed,2026-08-24T14:08:21.733Z,2026-08-24T15:03:37.584Z,3316,2026-08-24T15:03:37.584Z,ELC,ElizabethCity,6c7532c9-dcb1-40a3-beaa-690039713dec,SAMMS-ElizabethCity
202608241448405887,202608241408171979,202608241408171802,88,4831,P1 Reference 3P Setup Bronze - ET,br_samms_3p_setup,TASK_COMPLETE,FAILED,ERROR,0,0,1,Save3pSetup Bronze ForEach failed,2026-08-24T14:08:21.733Z,2026-08-24T15:03:37.584Z,3316,2026-08-24T15:03:37.584Z,ET,Elizabethtown,6c7532c9-dcb1-40a3-beaa-690039713dec,SAMMS-Elizabethtown
202608241448405888,202608241408171980,202608241408171802,88,4832,P1 Reference 3P Setup Bronze - FAY,br_samms_3p_setup,TASK_COMPLETE,FAILED,ERROR,0,0,1,Save3pSetup Bronze ForEach failed,2026-08-24T14:08:21.733Z,2026-08-24T15:03:37.584Z,3316,2026-08-24T15:03:37.584Z,FAY,Fayetteville,6c7532c9-dcb1-40a3-beaa-690039713dec,SAMMS-Fayetteville
202608241448405890,202608241408171981,202608241408171802,88,4833,P1 Reference 3P Setup Bronze - FR,br_samms_3p_setup,TASK_COMPLETE,FAILED,ERROR,0,0,1,Save3pSetup Bronze ForEach failed,2026-08-24T14:08:21.733Z,2026-08-24T15:03:37.584Z,3316,2026-08-24T15:03:37.584Z,FR,Frankfort,6c7532c9-dcb1-40a3-beaa-690039713dec,SAMMS-Frankfort
202608241448405892,202608241408171982,202608241408171802,88,4834,P1 Reference 3P Setup Bronze - FS,br_samms_3p_setup,TASK_COMPLETE,FAILED,ERROR,0,0,1,Save3pSetup Bronze ForEach failed,2026-08-24T14:08:21.733Z,2026-08-24T15:03:37.584Z,3316,2026-08-24T15:03:37.584Z,FS,FortSmith,6c7532c9-dcb1-40a3-beaa-690039713dec,SAMMS-FortSmith
202608241448405894,202608241408171983,202608241408171802,88,4835,P1 Reference 3P Setup Bronze - FW,br_samms_3p_setup,TASK_COMPLETE,FAILED,ERROR,0,0,1,Save3pSetup Bronze ForEach failed,2026-08-24T14:08:21.733Z,2026-08-24T15:03:37.584Z,3316,2026-08-24T15:03:37.584Z,FW,FortWayne,6c7532c9-dcb1-40a3-beaa-690039713dec,SAMMS-FortWayne
202608241448405895,202608241408171984,202608241408171802,88,4836,P1 Reference 3P Setup Bronze - GAL,br_samms_3p_setup,TASK_COMPLETE,FAILED,ERROR,0,0,1,Save3pSetup Bronze ForEach failed,2026-08-24T14:08:21.733Z,2026-08-24T15:03:37.584Z,3316,2026-08-24T15:03:37.584Z,GAL,Gaylord,6c7532c9-dcb1-40a3-beaa-690039713dec,SAMMS-Gaylord
202608241448405897,202608241408171985,202608241408171802,88,4837,P1 Reference 3P Setup Bronze - HGT,br_samms_3p_setup,TASK_COMPLETE,FAILED,ERROR,0,0,1,Save3pSetup Bronze ForEach failed,2026-08-24T14:08:21.733Z,2026-08-24T15:03:37.584Z,3316,2026-08-24T15:03:37.584Z,HGT,Hagerstown,6c7532c9-dcb1-40a3-beaa-690039713dec,SAMMS-Hagerstown
202608241448405898,202608241408171986,202608241408171802,88,4838,P1 Reference 3P Setup Bronze - HNT,br_samms_3p_setup,TASK_COMPLETE,FAILED,ERROR,0,0,1,Save3pSetup Bronze ForEach failed,2026-08-24T14:08:21.733Z,2026-08-24T15:03:37.584Z,3316,2026-08-24T15:03:37.584Z,HNT,Huntsville,6c7532c9-dcb1-40a3-beaa-690039713dec,SAMMS-Huntsville
202608241448405900,202608241408171987,202608241408171802,88,4839,P1 Reference 3P Setup Bronze - HS,br_samms_3p_setup,TASK_COMPLETE,FAILED,ERROR,0,0,1,Save3pSetup Bronze ForEach failed,2026-08-24T14:08:21.733Z,2026-08-24T15:03:37.584Z,3316,2026-08-24T15:03:37.584Z,HS,HotSprings,6c7532c9-dcb1-40a3-beaa-690039713dec,SAMMS-HotSprings
202608241448405902,202608241408171988,202608241408171802,88,4840,P1 Reference 3P Setup Bronze - JON,br_samms_3p_setup,TASK_COMPLETE,FAILED,ERROR,0,0,1,Save3pSetup Bronze ForEach failed,2026-08-24T14:08:21.733Z,2026-08-24T15:03:37.584Z,3316,2026-08-24T15:03:37.584Z,JON,Jonesboro,6c7532c9-dcb1-40a3-beaa-690039713dec,SAMMS-Jonesboro
202608241333251548,202608241253386997,202608241253386616,88,5039,P1 Reference Services Bronze - B55,br_samms_services,TASK_COMPLETE,FAILED,ERROR,0,0,1,SaveServices Bronze ForEach failed,2026-08-24T12:53:42.369Z,2026-08-24T13:42:52.652Z,2950,2026-08-24T13:42:52.652Z,B55,Shoals,8f1806c1-b1f2-4ac5-b25b-086fec51b8fb,SAMMS-ShoalsV5
202608241333251549,202608241253386998,202608241253386616,88,5040,P1 Reference Services Bronze - B57,br_samms_services,TASK_COMPLETE,FAILED,ERROR,0,0,1,SaveServices Bronze ForEach failed,2026-08-24T12:53:42.369Z,2026-08-24T13:42:52.652Z,2950,2026-08-24T13:42:52.652Z,B57,Pawtucket,8f1806c1-b1f2-4ac5-b25b-086fec51b8fb,SAMMS-Pawtucket
202608241333251550,202608241253386999,202608241253386616,88,5041,P1 Reference Services Bronze - B57A,br_samms_services,TASK_COMPLETE,FAILED,ERROR,0,0,1,SaveServices Bronze ForEach failed,2026-08-24T12:53:42.369Z,2026-08-24T13:42:52.652Z,2950,2026-08-24T13:42:52.652Z,B57A,Johnston,8f1806c1-b1f2-4ac5-b25b-086fec51b8fb,SAMMS-Johnston
202608241333251552,202608241253387000,202608241253386616,88,5042,P1 Reference Services Bronze - B57B,br_samms_services,TASK_COMPLETE,FAILED,ERROR,0,0,1,SaveServices Bronze ForEach failed,2026-08-24T12:53:42.369Z,2026-08-24T13:42:52.652Z,2950,2026-08-24T13:42:52.652Z,B57B,Middletown,8f1806c1-b1f2-4ac5-b25b-086fec51b8fb,SAMMS-Middletown
202608241333251553,202608241253387001,202608241253386616,88,5043,P1 Reference Services Bronze - B57C,br_samms_services,TASK_COMPLETE,FAILED,ERROR,0,0,1,SaveServices Bronze ForEach failed,2026-08-24T12:53:42.369Z,2026-08-24T13:42:52.652Z,2950,2026-08-24T13:42:52.652Z,B57C,Providence,8f1806c1-b1f2-4ac5-b25b-086fec51b8fb,SAMMS-Providence
202608241333251554,202608241253387002,202608241253386616,88,5044,P1 Reference Services Bronze - B57D,br_samms_services,TASK_COMPLETE,FAILED,ERROR,0,0,1,SaveServices Bronze ForEach failed,2026-08-24T12:53:42.369Z,2026-08-24T13:42:52.652Z,2950,2026-08-24T13:42:52.652Z,B57D,Westerly,8f1806c1-b1f2-4ac5-b25b-086fec51b8fb,SAMMS-Westerly
202608241333251556,202608241253387003,202608241253386616,88,5045,P1 Reference Services Bronze - B66A,br_samms_services,TASK_COMPLETE,FAILED,ERROR,0,0,1,SaveServices Bronze ForEach failed,2026-08-24T12:53:42.369Z,2026-08-24T13:42:52.652Z,2950,2026-08-24T13:42:52.652Z,B66A,Bremen,8f1806c1-b1f2-4ac5-b25b-086fec51b8fb,SAMMS-Bremen
202608241333251557,202608241253387004,202608241253386616,88,5046,P1 Reference Services Bronze - B72,br_samms_services,TASK_COMPLETE,FAILED,ERROR,0,0,1,SaveServices Bronze ForEach failed,2026-08-24T12:53:42.369Z,2026-08-24T13:42:52.652Z,2950,2026-08-24T13:42:52.652Z,B72,Mobile-OBOT,8f1806c1-b1f2-4ac5-b25b-086fec51b8fb,SAMMS-Mobile-OBOT
202608241333251559,202608241253387005,202608241253386616,88,5047,P1 Reference Services Bronze - B73,br_samms_services,TASK_COMPLETE,FAILED,ERROR,0,0,1,SaveServices Bronze ForEach failed,2026-08-24T12:53:42.369Z,2026-08-24T13:42:52.652Z,2950,2026-08-24T13:42:52.652Z,B73,Montgomery,8f1806c1-b1f2-4ac5-b25b-086fec51b8fb,SAMMS-Montgomery
202608241333251560,202608241253387006,202608241253386616,88,5048,P1 Reference Services Bronze - B75,br_samms_services,TASK_COMPLETE,FAILED,ERROR,0,0,1,SaveServices Bronze ForEach failed,2026-08-24T12:53:42.369Z,2026-08-24T13:42:52.652Z,2950,2026-08-24T13:42:52.652Z,B75,Lawrence,8f1806c1-b1f2-4ac5-b25b-086fec51b8fb,SAMMS-LawrenceV6
202608241333251562,202608241253387007,202608241253386616,88,5049,P1 Reference Services Bronze - B76,br_samms_services,TASK_COMPLETE,FAILED,ERROR,0,0,1,SaveServices Bronze ForEach failed,2026-08-24T12:53:42.369Z,2026-08-24T13:42:52.652Z,2950,2026-08-24T13:42:52.652Z,B76,Huntsville-OBOT,8f1806c1-b1f2-4ac5-b25b-086fec51b8fb,SAMMS-Huntsville-OBOT
202608241333251563,202608241253387008,202608241253386616,88,5050,P1 Reference Services Bronze - BAT,br_samms_services,TASK_COMPLETE,FAILED,ERROR,0,0,1,SaveServices Bronze ForEach failed,2026-08-24T12:53:42.369Z,2026-08-24T13:42:52.652Z,2950,2026-08-24T13:42:52.652Z,BAT,Batesville,8f1806c1-b1f2-4ac5-b25b-086fec51b8fb,SAMMS-Batesville
202608241333251564,202608241253387009,202608241253386616,88,5051,P1 Reference Services Bronze - BG,br_samms_services,TASK_COMPLETE,FAILED,ERROR,0,0,1,SaveServices Bronze ForEach failed,2026-08-24T12:53:42.369Z,2026-08-24T13:42:52.652Z,2950,2026-08-24T13:42:52.652Z,BG,BowlingGreen,8f1806c1-b1f2-4ac5-b25b-086fec51b8fb,SAMMS-BowlingGreen
202608241333251566,202608241253387010,202608241253386616,88,5052,P1 Reference Services Bronze - BOI,br_samms_services,TASK_COMPLETE,FAILED,ERROR,0,0,1,SaveServices Bronze ForEach failed,2026-08-24T12:53:42.369Z,2026-08-24T13:42:52.652Z,2950,2026-08-24T13:42:52.652Z,BOI,Boise,8f1806c1-b1f2-4ac5-b25b-086fec51b8fb,SAMMS-Boise
202608241333250249,202608241253386682,202608241253386616,88,4718,P1 Reference Clinic Bronze - GAL,br_samms_clinic,TASK_COMPLETE,SUCCESS,INFO,1,1,0,,2026-08-24T12:53:42.369Z,2026-08-24T13:42:52.652Z,2950,2026-08-24T13:42:52.652Z,GAL,Gaylord,8f1806c1-b1f2-4ac5-b25b-086fec51b8fb,SAMMS-Gaylord
202608241333250251,202608241253386683,202608241253386616,88,4719,P1 Reference Clinic Bronze - HGT,br_samms_clinic,TASK_COMPLETE,SUCCESS,INFO,1,1,0,,2026-08-24T12:53:42.369Z,2026-08-24T13:42:52.652Z,2950,2026-08-24T13:42:52.652Z,HGT,Hagerstown,8f1806c1-b1f2-4ac5-b25b-086fec51b8fb,SAMMS-Hagerstown
202608241333250253,202608241253386684,202608241253386616,88,4720,P1 Reference Clinic Bronze - HNT,br_samms_clinic,TASK_COMPLETE,SUCCESS,INFO,1,1,0,,2026-08-24T12:53:42.369Z,2026-08-24T13:42:52.652Z,2950,2026-08-24T13:42:52.652Z,HNT,Huntsville,8f1806c1-b1f2-4ac5-b25b-086fec51b8fb,SAMMS-Huntsville
202608241333250254,202608241253386685,202608241253386616,88,4721,P1 Reference Clinic Bronze - HS,br_samms_clinic,TASK_COMPLETE,SUCCESS,INFO,1,1,0,,2026-08-24T12:53:42.369Z,2026-08-24T13:42:52.652Z,2950,2026-08-24T13:42:52.652Z,HS,HotSprings,8f1806c1-b1f2-4ac5-b25b-086fec51b8fb,SAMMS-HotSprings
202608241333250256,202608241253386686,202608241253386616,88,4722,P1 Reference Clinic Bronze - JON,br_samms_clinic,TASK_COMPLETE,SUCCESS,INFO,1,1,0,,2026-08-24T12:53:42.369Z,2026-08-24T13:42:52.652Z,2950,2026-08-24T13:42:52.652Z,JON,Jonesboro,8f1806c1-b1f2-4ac5-b25b-086fec51b8fb,SAMMS-Jonesboro
202608241333250257,202608241253386687,202608241253386616,88,8601,P1 Reference Clinic Bronze - LAB,br_samms_clinic,TASK_COMPLETE,FAILED,ERROR,0,0,1,SaveClinic Bronze ForEach failed,2026-08-24T12:53:42.369Z,2026-08-24T13:42:52.652Z,2950,2026-08-24T13:42:52.652Z,LAB,Lab,8f1806c1-b1f2-4ac5-b25b-086fec51b8fb,SAMMS-LabV5-V2
202608241333250259,202608241253386688,202608241253386616,88,4723,P1 Reference Clinic Bronze - LAN,br_samms_clinic,TASK_COMPLETE,SUCCESS,INFO,1,1,0,,2026-08-24T12:53:42.369Z,2026-08-24T13:42:52.652Z,2950,2026-08-24T13:42:52.652Z,LAN,Lansing,8f1806c1-b1f2-4ac5-b25b-086fec51b8fb,SAMMS-Lansing
202608241333250261,202608241253386689,202608241253386616,88,4724,P1 Reference Clinic Bronze - LO,br_samms_clinic,TASK_COMPLETE,SUCCESS,INFO,1,1,0,,2026-08-24T12:53:42.369Z,2026-08-24T13:42:52.652Z,2950,2026-08-24T13:42:52.652Z,LO,Louisville,8f1806c1-b1f2-4ac5-b25b-086fec51b8fb,SAMMS-Louisville
202608241333250263,202608241253386690,202608241253386616,88,4725,P1 Reference Clinic Bronze - LV1,br_samms_clinic,TASK_COMPLETE,SUCCESS,INFO,1,1,0,,2026-08-24T12:53:42.369Z,2026-08-24T13:42:52.652Z,2950,2026-08-24T13:42:52.652Z,LV1,Cheyenne,8f1806c1-b1f2-4ac5-b25b-086fec51b8fb,SAMMS-Cheyenne
202608241333250264,202608241253386691,202608241253386616,88,4726,P1 Reference Clinic Bronze - LV2,br_samms_clinic,TASK_COMPLETE,SUCCESS,INFO,1,1,0,,2026-08-24T12:53:42.369Z,2026-08-24T13:42:52.652Z,2950,2026-08-24T13:42:52.652Z,LV2,DesertInn,8f1806c1-b1f2-4ac5-b25b-086fec51b8fb,SAMMS-DesertInn
202608241333250266,202608241253386692,202608241253386616,88,4727,P1 Reference Clinic Bronze - LV3,br_samms_clinic,TASK_COMPLETE,SUCCESS,INFO,1,1,0,,2026-08-24T12:53:42.369Z,2026-08-24T13:42:52.652Z,2950,2026-08-24T13:42:52.652Z,LV3,McDaniel,8f1806c1-b1f2-4ac5-b25b-086fec51b8fb,SAMMS-McDaniel
202608241333250268,202608241253386693,202608241253386616,88,4728,P1 Reference Clinic Bronze - MNRE,br_samms_clinic,TASK_COMPLETE,SUCCESS,INFO,1,1,0,,2026-08-24T12:53:42.369Z,2026-08-24T13:42:52.652Z,2950,2026-08-24T13:42:52.652Z,MNRE,Monroe,8f1806c1-b1f2-4ac5-b25b-086fec51b8fb,SAMMS-Monroe
202608241333250269,202608241253386694,202608241253386616,88,4729,P1 Reference Clinic Bronze - MP,br_samms_clinic,TASK_COMPLETE,SUCCESS,INFO,1,1,0,,2026-08-24T12:53:42.369Z,2026-08-24T13:42:52.652Z,2950,2026-08-24T13:42:52.652Z,MP,MtPleasant,8f1806c1-b1f2-4ac5-b25b-086fec51b8fb,SAMMS-MtPleasant
202608241333250271,202608241253386695,202608241253386616,88,4730,P1 Reference Clinic Bronze - MRD,br_samms_clinic,TASK_COMPLETE,SUCCESS,INFO,1,1,0,,2026-08-24T12:53:42.369Z,2026-08-24T13:42:52.652Z,2950,2026-08-24T13:42:52.652Z,MRD,Meridian,8f1806c1-b1f2-4ac5-b25b-086fec51b8fb,SAMMS-Meridian
202608221320321170,202608221237332279,202608221237331665,88,5276,P1 Reference Custom Answers Bronze - B57,br_samms_custom_answers,TASK_COMPLETE,SUCCESS,INFO,288,288,0,,2026-08-22T12:37:36.805Z,2026-08-22T13:23:02.807Z,2726,2026-08-22T13:23:02.807Z,B57,Pawtucket,63818914-9c2b-4ff6-ac1c-35595835ab93,SAMMS-Pawtucket
202608221320321171,202608221237332280,202608221237331665,88,5277,P1 Reference Custom Answers Bronze - B57A,br_samms_custom_answers,TASK_COMPLETE,SUCCESS,INFO,288,288,0,,2026-08-22T12:37:36.805Z,2026-08-22T13:23:02.807Z,2726,2026-08-22T13:23:02.807Z,B57A,Johnston,63818914-9c2b-4ff6-ac1c-35595835ab93,SAMMS-Johnston
202608221320321173,202608221237332281,202608221237331665,88,5278,P1 Reference Custom Answers Bronze - B57B,br_samms_custom_answers,TASK_COMPLETE,SUCCESS,INFO,116,116,0,,2026-08-22T12:37:36.805Z,2026-08-22T13:23:02.807Z,2726,2026-08-22T13:23:02.807Z,B57B,Middletown,63818914-9c2b-4ff6-ac1c-35595835ab93,SAMMS-Middletown
202608221320321175,202608221237332282,202608221237331665,88,5279,P1 Reference Custom Answers Bronze - B57C,br_samms_custom_answers,TASK_COMPLETE,SUCCESS,INFO,340,340,0,,2026-08-22T12:37:36.805Z,2026-08-22T13:23:02.807Z,2726,2026-08-22T13:23:02.807Z,B57C,Providence,63818914-9c2b-4ff6-ac1c-35595835ab93,SAMMS-Providence
202608221320321176,202608221237332283,202608221237331665,88,5280,P1 Reference Custom Answers Bronze - B57D,br_samms_custom_answers,TASK_COMPLETE,SUCCESS,INFO,250,250,0,,2026-08-22T12:37:36.805Z,2026-08-22T13:23:02.807Z,2726,2026-08-22T13:23:02.807Z,B57D,Westerly,63818914-9c2b-4ff6-ac1c-35595835ab93,SAMMS-Westerly
202608221320321178,202608221237332284,202608221237331665,88,5281,P1 Reference Custom Answers Bronze - B66A,br_samms_custom_answers,TASK_COMPLETE,SUCCESS,INFO,322,322,0,,2026-08-22T12:37:36.805Z,2026-08-22T13:23:02.807Z,2726,2026-08-22T13:23:02.807Z,B66A,Bremen,63818914-9c2b-4ff6-ac1c-35595835ab93,SAMMS-Bremen
202608221320321179,202608221237332285,202608221237331665,88,5282,P1 Reference Custom Answers Bronze - B72,br_samms_custom_answers,TASK_COMPLETE,SUCCESS,INFO,824,824,0,,2026-08-22T12:37:36.805Z,2026-08-22T13:23:02.807Z,2726,2026-08-22T13:23:02.807Z,B72,Mobile-OBOT,63818914-9c2b-4ff6-ac1c-35595835ab93,SAMMS-Mobile-OBOT
202608221320321181,202608221237332286,202608221237331665,88,5283,P1 Reference Custom Answers Bronze - B73,br_samms_custom_answers,TASK_COMPLETE,SUCCESS,INFO,284,284,0,,2026-08-22T12:37:36.805Z,2026-08-22T13:23:02.807Z,2726,2026-08-22T13:23:02.807Z,B73,Montgomery,63818914-9c2b-4ff6-ac1c-35595835ab93,SAMMS-Montgomery
202608221320321182,202608221237332287,202608221237331665,88,5284,P1 Reference Custom Answers Bronze - B75,br_samms_custom_answers,TASK_COMPLETE,SUCCESS,INFO,472,472,0,,2026-08-22T12:37:36.805Z,2026-08-22T13:23:02.807Z,2726,2026-08-22T13:23:02.807Z,B75,Lawrence,63818914-9c2b-4ff6-ac1c-35595835ab93,SAMMS-LawrenceV6
202608221320321184,202608221237332288,202608221237331665,88,5285,P1 Reference Custom Answers Bronze - B76,br_samms_custom_answers,TASK_COMPLETE,SUCCESS,INFO,88,88,0,,2026-08-22T12:37:36.805Z,2026-08-22T13:23:02.807Z,2726,2026-08-22T13:23:02.807Z,B76,Huntsville-OBOT,63818914-9c2b-4ff6-ac1c-35595835ab93,SAMMS-Huntsville-OBOT
202608221320321186,202608221237332289,202608221237331665,88,5286,P1 Reference Custom Answers Bronze - BAT,br_samms_custom_answers,TASK_COMPLETE,SUCCESS,INFO,194,194,0,,2026-08-22T12:37:36.805Z,2026-08-22T13:23:02.807Z,2726,2026-08-22T13:23:02.807Z,BAT,Batesville,63818914-9c2b-4ff6-ac1c-35595835ab93,SAMMS-Batesville
202608221320321187,202608221237332290,202608221237331665,88,5287,P1 Reference Custom Answers Bronze - BG,br_samms_custom_answers,TASK_COMPLETE,SUCCESS,INFO,654,654,0,,2026-08-22T12:37:36.805Z,2026-08-22T13:23:02.807Z,2726,2026-08-22T13:23:02.807Z,BG,BowlingGreen,63818914-9c2b-4ff6-ac1c-35595835ab93,SAMMS-BowlingGreen
202608221320321189,202608221237332291,202608221237331665,88,5288,P1 Reference Custom Answers Bronze - BOI,br_samms_custom_answers,TASK_COMPLETE,SUCCESS,INFO,254,254,0,,2026-08-22T12:37:36.805Z,2026-08-22T13:23:02.807Z,2726,2026-08-22T13:23:02.807Z,BOI,Boise,63818914-9c2b-4ff6-ac1c-35595835ab93,SAMMS-Boise
202608221320321191,202608221237332292,202608221237331665,88,5289,P1 Reference Custom Answers Bronze - CBCO,br_samms_custom_answers,TASK_COMPLETE,SUCCESS,INFO,446,446,0,,2026-08-22T12:37:36.805Z,2026-08-22T13:23:02.807Z,2726,2026-08-22T13:23:02.807Z,CBCO,CoeurdAlene,63818914-9c2b-4ff6-ac1c-35595835ab93,SAMMS-CoeurdAleneV6
202608221320321192,202608221237332293,202608221237331665,88,5290,P1 Reference Custom Answers Bronze - CON,br_samms_custom_answers,TASK_COMPLETE,SUCCESS,INFO,246,246,0,,2026-08-22T12:37:36.805Z,2026-08-22T13:23:02.807Z,2726,2026-08-22T13:23:02.807Z,CON,Conway,63818914-9c2b-4ff6-ac1c-35595835ab93,SAMMS-Conway
202608221320321194,202608221237332294,202608221237331665,88,5291,P1 Reference Custom Answers Bronze - D07,br_samms_custom_answers,TASK_COMPLETE,SUCCESS,INFO,1838,1838,0,,2026-08-22T12:37:36.805Z,2026-08-22T13:23:02.807Z,2726,2026-08-22T13:23:02.807Z,D07,Knoxville,63818914-9c2b-4ff6-ac1c-35595835ab93,SAMMS-KnoxvilleV6
202608241448407400,202608241408172183,202608241408171802,88,5039,P1 Reference Services Bronze - B55,br_samms_services,TASK_COMPLETE,FAILED,ERROR,0,0,1,SaveServices Bronze ForEach failed,2026-08-24T14:08:21.733Z,2026-08-24T15:03:37.584Z,3316,2026-08-24T15:03:37.584Z,B55,Shoals,6c7532c9-dcb1-40a3-beaa-690039713dec,SAMMS-ShoalsV5
202608241448407401,202608241408172184,202608241408171802,88,5040,P1 Reference Services Bronze - B57,br_samms_services,TASK_COMPLETE,FAILED,ERROR,0,0,1,SaveServices Bronze ForEach failed,2026-08-24T14:08:21.733Z,2026-08-24T15:03:37.584Z,3316,2026-08-24T15:03:37.584Z,B57,Pawtucket,6c7532c9-dcb1-40a3-beaa-690039713dec,SAMMS-Pawtucket
202608241448407403,202608241408172185,202608241408171802,88,5041,P1 Reference Services Bronze - B57A,br_samms_services,TASK_COMPLETE,FAILED,ERROR,0,0,1,SaveServices Bronze ForEach failed,2026-08-24T14:08:21.733Z,2026-08-24T15:03:37.584Z,3316,2026-08-24T15:03:37.584Z,B57A,Johnston,6c7532c9-dcb1-40a3-beaa-690039713dec,SAMMS-Johnston
202608241448407404,202608241408172186,202608241408171802,88,5042,P1 Reference Services Bronze - B57B,br_samms_services,TASK_COMPLETE,FAILED,ERROR,0,0,1,SaveServices Bronze ForEach failed,2026-08-24T14:08:21.733Z,2026-08-24T15:03:37.584Z,3316,2026-08-24T15:03:37.584Z,B57B,Middletown,6c7532c9-dcb1-40a3-beaa-690039713dec,SAMMS-Middletown
202608241448407406,202608241408172187,202608241408171802,88,5043,P1 Reference Services Bronze - B57C,br_samms_services,TASK_COMPLETE,FAILED,ERROR,0,0,1,SaveServices Bronze ForEach failed,2026-08-24T14:08:21.733Z,2026-08-24T15:03:37.584Z,3316,2026-08-24T15:03:37.584Z,B57C,Providence,6c7532c9-dcb1-40a3-beaa-690039713dec,SAMMS-Providence
202608241448407408,202608241408172188,202608241408171802,88,5044,P1 Reference Services Bronze - B57D,br_samms_services,TASK_COMPLETE,FAILED,ERROR,0,0,1,SaveServices Bronze ForEach failed,2026-08-24T14:08:21.733Z,2026-08-24T15:03:37.584Z,3316,2026-08-24T15:03:37.584Z,B57D,Westerly,6c7532c9-dcb1-40a3-beaa-690039713dec,SAMMS-Westerly
202608241448407409,202608241408172189,202608241408171802,88,5045,P1 Reference Services Bronze - B66A,br_samms_services,TASK_COMPLETE,FAILED,ERROR,0,0,1,SaveServices Bronze ForEach failed,2026-08-24T14:08:21.733Z,2026-08-24T15:03:37.584Z,3316,2026-08-24T15:03:37.584Z,B66A,Bremen,6c7532c9-dcb1-40a3-beaa-690039713dec,SAMMS-Bremen
202608241448407411,202608241408172190,202608241408171802,88,5046,P1 Reference Services Bronze - B72,br_samms_services,TASK_COMPLETE,FAILED,ERROR,0,0,1,SaveServices Bronze ForEach failed,2026-08-24T14:08:21.733Z,2026-08-24T15:03:37.584Z,3316,2026-08-24T15:03:37.584Z,B72,Mobile-OBOT,6c7532c9-dcb1-40a3-beaa-690039713dec,SAMMS-Mobile-OBOT
202608241448407413,202608241408172191,202608241408171802,88,5047,P1 Reference Services Bronze - B73,br_samms_services,TASK_COMPLETE,FAILED,ERROR,0,0,1,SaveServices Bronze ForEach failed,2026-08-24T14:08:21.733Z,2026-08-24T15:03:37.584Z,3316,2026-08-24T15:03:37.584Z,B73,Montgomery,6c7532c9-dcb1-40a3-beaa-690039713dec,SAMMS-Montgomery
202608241448407415,202608241408172192,202608241408171802,88,5048,P1 Reference Services Bronze - B75,br_samms_services,TASK_COMPLETE,FAILED,ERROR,0,0,1,SaveServices Bronze ForEach failed,2026-08-24T14:08:21.733Z,2026-08-24T15:03:37.584Z,3316,2026-08-24T15:03:37.584Z,B75,Lawrence,6c7532c9-dcb1-40a3-beaa-690039713dec,SAMMS-LawrenceV6
202608241448407416,202608241408172193,202608241408171802,88,5049,P1 Reference Services Bronze - B76,br_samms_services,TASK_COMPLETE,FAILED,ERROR,0,0,1,SaveServices Bronze ForEach failed,2026-08-24T14:08:21.733Z,2026-08-24T15:03:37.584Z,3316,2026-08-24T15:03:37.584Z,B76,Huntsville-OBOT,6c7532c9-dcb1-40a3-beaa-690039713dec,SAMMS-Huntsville-OBOT
202608241448407418,202608241408172194,202608241408171802,88,5050,P1 Reference Services Bronze - BAT,br_samms_services,TASK_COMPLETE,FAILED,ERROR,0,0,1,SaveServices Bronze ForEach failed,2026-08-24T14:08:21.733Z,2026-08-24T15:03:37.584Z,3316,2026-08-24T15:03:37.584Z,BAT,Batesville,6c7532c9-dcb1-40a3-beaa-690039713dec,SAMMS-Batesville
202608241448407420,202608241408172195,202608241408171802,88,5051,P1 Reference Services Bronze - BG,br_samms_services,TASK_COMPLETE,FAILED,ERROR,0,0,1,SaveServices Bronze ForEach failed,2026-08-24T14:08:21.733Z,2026-08-24T15:03:37.584Z,3316,2026-08-24T15:03:37.584Z,BG,BowlingGreen,6c7532c9-dcb1-40a3-beaa-690039713dec,SAMMS-BowlingGreen
202608241448407422,202608241408172196,202608241408171802,88,5052,P1 Reference Services Bronze - BOI,br_samms_services,TASK_COMPLETE,FAILED,ERROR,0,0,1,SaveServices Bronze ForEach failed,2026-08-24T14:08:21.733Z,2026-08-24T15:03:37.584Z,3316,2026-08-24T15:03:37.584Z,BOI,Boise,6c7532c9-dcb1-40a3-beaa-690039713dec,SAMMS-Boise
202608241448406089,202608241408171868,202608241408171802,88,4718,P1 Reference Clinic Bronze - GAL,br_samms_clinic,TASK_COMPLETE,SUCCESS,INFO,1,1,0,,2026-08-24T14:08:21.733Z,2026-08-24T15:03:37.584Z,3316,2026-08-24T15:03:37.584Z,GAL,Gaylord,6c7532c9-dcb1-40a3-beaa-690039713dec,SAMMS-Gaylord
202608241448406091,202608241408171869,202608241408171802,88,4719,P1 Reference Clinic Bronze - HGT,br_samms_clinic,TASK_COMPLETE,SUCCESS,INFO,1,1,0,,2026-08-24T14:08:21.733Z,2026-08-24T15:03:37.584Z,3316,2026-08-24T15:03:37.584Z,HGT,Hagerstown,6c7532c9-dcb1-40a3-beaa-690039713dec,SAMMS-Hagerstown
202608241448406093,202608241408171870,202608241408171802,88,4720,P1 Reference Clinic Bronze - HNT,br_samms_clinic,TASK_COMPLETE,SUCCESS,INFO,1,1,0,,2026-08-24T14:08:21.733Z,2026-08-24T15:03:37.584Z,3316,2026-08-24T15:03:37.584Z,HNT,Huntsville,6c7532c9-dcb1-40a3-beaa-690039713dec,SAMMS-Huntsville
202608241448406094,202608241408171871,202608241408171802,88,4721,P1 Reference Clinic Bronze - HS,br_samms_clinic,TASK_COMPLETE,SUCCESS,INFO,1,1,0,,2026-08-24T14:08:21.733Z,2026-08-24T15:03:37.584Z,3316,2026-08-24T15:03:37.584Z,HS,HotSprings,6c7532c9-dcb1-40a3-beaa-690039713dec,SAMMS-HotSprings
202608241448406096,202608241408171872,202608241408171802,88,4722,P1 Reference Clinic Bronze - JON,br_samms_clinic,TASK_COMPLETE,SUCCESS,INFO,1,1,0,,2026-08-24T14:08:21.733Z,2026-08-24T15:03:37.584Z,3316,2026-08-24T15:03:37.584Z,JON,Jonesboro,6c7532c9-dcb1-40a3-beaa-690039713dec,SAMMS-Jonesboro
202608241448406098,202608241408171873,202608241408171802,88,8601,P1 Reference Clinic Bronze - LAB,br_samms_clinic,TASK_COMPLETE,FAILED,ERROR,0,0,1,SaveClinic Bronze ForEach failed,2026-08-24T14:08:21.733Z,2026-08-24T15:03:37.584Z,3316,2026-08-24T15:03:37.584Z,LAB,Lab,6c7532c9-dcb1-40a3-beaa-690039713dec,SAMMS-LabV5-V2
202608241448406100,202608241408171874,202608241408171802,88,4723,P1 Reference Clinic Bronze - LAN,br_samms_clinic,TASK_COMPLETE,SUCCESS,INFO,1,1,0,,2026-08-24T14:08:21.733Z,2026-08-24T15:03:37.584Z,3316,2026-08-24T15:03:37.584Z,LAN,Lansing,6c7532c9-dcb1-40a3-beaa-690039713dec,SAMMS-Lansing
202608241448406101,202608241408171875,202608241408171802,88,4724,P1 Reference Clinic Bronze - LO,br_samms_clinic,TASK_COMPLETE,SUCCESS,INFO,1,1,0,,2026-08-24T14:08:21.733Z,2026-08-24T15:03:37.584Z,3316,2026-08-24T15:03:37.584Z,LO,Louisville,6c7532c9-dcb1-40a3-beaa-690039713dec,SAMMS-Louisville
202608241448406103,202608241408171876,202608241408171802,88,4725,P1 Reference Clinic Bronze - LV1,br_samms_clinic,TASK_COMPLETE,SUCCESS,INFO,1,1,0,,2026-08-24T14:08:21.733Z,2026-08-24T15:03:37.584Z,3316,2026-08-24T15:03:37.584Z,LV1,Cheyenne,6c7532c9-dcb1-40a3-beaa-690039713dec,SAMMS-Cheyenne
202608241448406105,202608241408171877,202608241408171802,88,4726,P1 Reference Clinic Bronze - LV2,br_samms_clinic,TASK_COMPLETE,SUCCESS,INFO,1,1,0,,2026-08-24T14:08:21.733Z,2026-08-24T15:03:37.584Z,3316,2026-08-24T15:03:37.584Z,LV2,DesertInn,6c7532c9-dcb1-40a3-beaa-690039713dec,SAMMS-DesertInn
202608241448406106,202608241408171878,202608241408171802,88,4727,P1 Reference Clinic Bronze - LV3,br_samms_clinic,TASK_COMPLETE,SUCCESS,INFO,1,1,0,,2026-08-24T14:08:21.733Z,2026-08-24T15:03:37.584Z,3316,2026-08-24T15:03:37.584Z,LV3,McDaniel,6c7532c9-dcb1-40a3-beaa-690039713dec,SAMMS-McDaniel
202608241448406108,202608241408171879,202608241408171802,88,4728,P1 Reference Clinic Bronze - MNRE,br_samms_clinic,TASK_COMPLETE,SUCCESS,INFO,1,1,0,,2026-08-24T14:08:21.733Z,2026-08-24T15:03:37.584Z,3316,2026-08-24T15:03:37.584Z,MNRE,Monroe,6c7532c9-dcb1-40a3-beaa-690039713dec,SAMMS-Monroe
202608241448406110,202608241408171880,202608241408171802,88,4729,P1 Reference Clinic Bronze - MP,br_samms_clinic,TASK_COMPLETE,SUCCESS,INFO,1,1,0,,2026-08-24T14:08:21.733Z,2026-08-24T15:03:37.584Z,3316,2026-08-24T15:03:37.584Z,MP,MtPleasant,6c7532c9-dcb1-40a3-beaa-690039713dec,SAMMS-MtPleasant
202608241448406112,202608241408171881,202608241408171802,88,4730,P1 Reference Clinic Bronze - MRD,br_samms_clinic,TASK_COMPLETE,SUCCESS,INFO,1,1,0,,2026-08-24T14:08:21.733Z,2026-08-24T15:03:37.584Z,3316,2026-08-24T15:03:37.584Z,MRD,Meridian,6c7532c9-dcb1-40a3-beaa-690039713dec,SAMMS-Meridian
202608221320322085,202608221237332540,202608221237331665,88,5541,P1 Reference PreAdmission V6 Bronze - FR,br_samms_pre_admission_v6,TASK_COMPLETE,SUCCESS,INFO,100,100,0,,2026-08-22T12:37:36.805Z,2026-08-22T13:23:02.807Z,2726,2026-08-22T13:23:02.807Z,FR,Frankfort,63818914-9c2b-4ff6-ac1c-35595835ab93,SAMMS-Frankfort
202608221320322087,202608221237332541,202608221237331665,88,5542,P1 Reference PreAdmission V6 Bronze - FS,br_samms_pre_admission_v6,TASK_COMPLETE,SUCCESS,INFO,70,70,0,,2026-08-22T12:37:36.805Z,2026-08-22T13:23:02.807Z,2726,2026-08-22T13:23:02.807Z,FS,FortSmith,63818914-9c2b-4ff6-ac1c-35595835ab93,SAMMS-FortSmith
202608221320322089,202608221237332542,202608221237331665,88,5543,P1 Reference PreAdmission V6 Bronze - FW,br_samms_pre_admission_v6,TASK_COMPLETE,SUCCESS,INFO,310,310,0,,2026-08-22T12:37:36.805Z,2026-08-22T13:23:02.807Z,2726,2026-08-22T13:23:02.807Z,FW,FortWayne,63818914-9c2b-4ff6-ac1c-35595835ab93,SAMMS-FortWayne
202608221320322091,202608221237332543,202608221237331665,88,5544,P1 Reference PreAdmission V6 Bronze - GAL,br_samms_pre_admission_v6,TASK_COMPLETE,SUCCESS,INFO,33,33,0,,2026-08-22T12:37:36.805Z,2026-08-22T13:23:02.807Z,2726,2026-08-22T13:23:02.807Z,GAL,Gaylord,63818914-9c2b-4ff6-ac1c-35595835ab93,SAMMS-Gaylord
202608221320322093,202608221237332544,202608221237331665,88,5545,P1 Reference PreAdmission V6 Bronze - HGT,br_samms_pre_admission_v6,TASK_COMPLETE,SUCCESS,INFO,338,338,0,,2026-08-22T12:37:36.805Z,2026-08-22T13:23:02.807Z,2726,2026-08-22T13:23:02.807Z,HGT,Hagerstown,63818914-9c2b-4ff6-ac1c-35595835ab93,SAMMS-Hagerstown
202608221320322095,202608221237332545,202608221237331665,88,5546,P1 Reference PreAdmission V6 Bronze - HNT,br_samms_pre_admission_v6,TASK_COMPLETE,SUCCESS,INFO,133,133,0,,2026-08-22T12:37:36.805Z,2026-08-22T13:23:02.807Z,2726,2026-08-22T13:23:02.807Z,HNT,Huntsville,63818914-9c2b-4ff6-ac1c-35595835ab93,SAMMS-Huntsville
202608221320322097,202608221237332546,202608221237331665,88,5547,P1 Reference PreAdmission V6 Bronze - HS,br_samms_pre_admission_v6,TASK_COMPLETE,SUCCESS,INFO,119,119,0,,2026-08-22T12:37:36.805Z,2026-08-22T13:23:02.807Z,2726,2026-08-22T13:23:02.807Z,HS,HotSprings,63818914-9c2b-4ff6-ac1c-35595835ab93,SAMMS-HotSprings
202608221320322099,202608221237332547,202608221237331665,88,5548,P1 Reference PreAdmission V6 Bronze - JON,br_samms_pre_admission_v6,TASK_COMPLETE,SUCCESS,INFO,137,137,0,,2026-08-22T12:37:36.805Z,2026-08-22T13:23:02.807Z,2726,2026-08-22T13:23:02.807Z,JON,Jonesboro,63818914-9c2b-4ff6-ac1c-35595835ab93,SAMMS-Jonesboro
202608221320322101,202608221237332548,202608221237331665,88,5549,P1 Reference PreAdmission V6 Bronze - LAN,br_samms_pre_admission_v6,TASK_COMPLETE,SUCCESS,INFO,147,147,0,,2026-08-22T12:37:36.805Z,2026-08-22T13:23:02.807Z,2726,2026-08-22T13:23:02.807Z,LAN,Lansing,63818914-9c2b-4ff6-ac1c-35595835ab93,SAMMS-Lansing
202608221320322102,202608221237332549,202608221237331665,88,5550,P1 Reference PreAdmission V6 Bronze - LO,br_samms_pre_admission_v6,TASK_COMPLETE,SUCCESS,INFO,305,305,0,,2026-08-22T12:37:36.805Z,2026-08-22T13:23:02.807Z,2726,2026-08-22T13:23:02.807Z,LO,Louisville,63818914-9c2b-4ff6-ac1c-35595835ab93,SAMMS-Louisville
202608221320322104,202608221237332550,202608221237331665,88,5551,P1 Reference PreAdmission V6 Bronze - LV1,br_samms_pre_admission_v6,TASK_COMPLETE,SUCCESS,INFO,382,382,0,,2026-08-22T12:37:36.805Z,2026-08-22T13:23:02.807Z,2726,2026-08-22T13:23:02.807Z,LV1,Cheyenne,63818914-9c2b-4ff6-ac1c-35595835ab93,SAMMS-Cheyenne
202608221320322106,202608221237332551,202608221237331665,88,5552,P1 Reference PreAdmission V6 Bronze - LV2,br_samms_pre_admission_v6,TASK_COMPLETE,SUCCESS,INFO,338,338,0,,2026-08-22T12:37:36.805Z,2026-08-22T13:23:02.807Z,2726,2026-08-22T13:23:02.807Z,LV2,DesertInn,63818914-9c2b-4ff6-ac1c-35595835ab93,SAMMS-DesertInn
202608221320322108,202608221237332552,202608221237331665,88,5553,P1 Reference PreAdmission V6 Bronze - LV3,br_samms_pre_admission_v6,TASK_COMPLETE,SUCCESS,INFO,85,85,0,,2026-08-22T12:37:36.805Z,2026-08-22T13:23:02.807Z,2726,2026-08-22T13:23:02.807Z,LV3,McDaniel,63818914-9c2b-4ff6-ac1c-35595835ab93,SAMMS-McDaniel
202608221320322110,202608221237332553,202608221237331665,88,5554,P1 Reference PreAdmission V6 Bronze - MNRE,br_samms_pre_admission_v6,TASK_COMPLETE,SUCCESS,INFO,105,105,0,,2026-08-22T12:37:36.805Z,2026-08-22T13:23:02.807Z,2726,2026-08-22T13:23:02.807Z,MNRE,Monroe,63818914-9c2b-4ff6-ac1c-35595835ab93,SAMMS-Monroe
202608221320322112,202608221237332554,202608221237331665,88,5555,P1 Reference PreAdmission V6 Bronze - MP,br_samms_pre_admission_v6,TASK_COMPLETE,SUCCESS,INFO,108,108,0,,2026-08-22T12:37:36.805Z,2026-08-22T13:23:02.807Z,2726,2026-08-22T13:23:02.807Z,MP,MtPleasant,63818914-9c2b-4ff6-ac1c-35595835ab93,SAMMS-MtPleasant
202608221320322114,202608221237332555,202608221237331665,88,5556,P1 Reference PreAdmission V6 Bronze - MRD,br_samms_pre_admission_v6,TASK_COMPLETE,SUCCESS,INFO,77,77,0,,2026-08-22T12:37:36.805Z,2026-08-22T13:23:02.807Z,2726,2026-08-22T13:23:02.807Z,MRD,Meridian,63818914-9c2b-4ff6-ac1c-35595835ab93,SAMMS-Meridian
202608221320322058,202608221237332524,202608221237331665,88,5525,P1 Reference PreAdmission V6 Bronze - CBCO,br_samms_pre_admission_v6,TASK_COMPLETE,SUCCESS,INFO,100,100,0,,2026-08-22T12:37:36.805Z,2026-08-22T13:23:02.807Z,2726,2026-08-22T13:23:02.807Z,CBCO,CoeurdAlene,63818914-9c2b-4ff6-ac1c-35595835ab93,SAMMS-CoeurdAleneV6
202608221320322059,202608221237332525,202608221237331665,88,5526,P1 Reference PreAdmission V6 Bronze - CON,br_samms_pre_admission_v6,TASK_COMPLETE,SUCCESS,INFO,127,127,0,,2026-08-22T12:37:36.805Z,2026-08-22T13:23:02.807Z,2726,2026-08-22T13:23:02.807Z,CON,Conway,63818914-9c2b-4ff6-ac1c-35595835ab93,SAMMS-Conway
202608221320322061,202608221237332526,202608221237331665,88,5527,P1 Reference PreAdmission V6 Bronze - D07,br_samms_pre_admission_v6,TASK_COMPLETE,SUCCESS,INFO,648,648,0,,2026-08-22T12:37:36.805Z,2026-08-22T13:23:02.807Z,2726,2026-08-22T13:23:02.807Z,D07,Knoxville,63818914-9c2b-4ff6-ac1c-35595835ab93,SAMMS-KnoxvilleV6
202608221320322063,202608221237332527,202608221237331665,88,5528,P1 Reference PreAdmission V6 Bronze - D08,br_samms_pre_admission_v6,TASK_COMPLETE,SUCCESS,INFO,386,386,0,,2026-08-22T12:37:36.805Z,2026-08-22T13:23:02.807Z,2726,2026-08-22T13:23:02.807Z,D08,Madison,63818914-9c2b-4ff6-ac1c-35595835ab93,SAMMS-MadisonV6
202608221320322064,202608221237332528,202608221237331665,88,5529,P1 Reference PreAdmission V6 Bronze - D09,br_samms_pre_admission_v6,TASK_COMPLETE,SUCCESS,INFO,295,295,0,,2026-08-22T12:37:36.805Z,2026-08-22T13:23:02.807Z,2726,2026-08-22T13:23:02.807Z,D09,Murfreesboro,63818914-9c2b-4ff6-ac1c-35595835ab93,SAMMS-MurfreesboroV6
202608221320322066,202608221237332529,202608221237331665,88,5530,P1 Reference PreAdmission V6 Bronze - DA,br_samms_pre_admission_v6,TASK_COMPLETE,SUCCESS,INFO,72,72,0,,2026-08-22T12:37:36.805Z,2026-08-22T13:23:02.807Z,2726,2026-08-22T13:23:02.807Z,DA,Davenport,63818914-9c2b-4ff6-ac1c-35595835ab93,SAMMS-Davenport
202608221320322068,202608221237332530,202608221237331665,88,5531,P1 Reference PreAdmission V6 Bronze - DM,br_samms_pre_admission_v6,TASK_COMPLETE,SUCCESS,INFO,146,146,0,,2026-08-22T12:37:36.805Z,2026-08-22T13:23:02.807Z,2726,2026-08-22T13:23:02.807Z,DM,DesMoines,63818914-9c2b-4ff6-ac1c-35595835ab93,SAMMS-DesMoines
202608221320322069,202608221237332531,202608221237331665,88,5532,P1 Reference PreAdmission V6 Bronze - DRD-CO,br_samms_pre_admission_v6,TASK_COMPLETE,SUCCESS,INFO,167,167,0,,2026-08-22T12:37:36.805Z,2026-08-22T13:23:02.807Z,2726,2026-08-22T13:23:02.807Z,DRD-CO,Columbia,63818914-9c2b-4ff6-ac1c-35595835ab93,SAMMS-ColumbiaV5
202608221320322071,202608221237332532,202608221237331665,88,5533,P1 Reference PreAdmission V6 Bronze - DRD-KC,br_samms_pre_admission_v6,TASK_COMPLETE,SUCCESS,INFO,326,326,0,,2026-08-22T12:37:36.805Z,2026-08-22T13:23:02.807Z,2726,2026-08-22T13:23:02.807Z,DRD-KC,KC,63818914-9c2b-4ff6-ac1c-35595835ab93,SAMMS-KCv5
202608221320322073,202608221237332533,202608221237331665,88,5534,P1 Reference PreAdmission V6 Bronze - DRD-KVB,br_samms_pre_admission_v6,TASK_COMPLETE,SUCCESS,INFO,510,510,0,,2026-08-22T12:37:36.805Z,2026-08-22T13:23:02.807Z,2726,2026-08-22T13:23:02.807Z,DRD-KVB,KVB,63818914-9c2b-4ff6-ac1c-35595835ab93,SAMMS-KVBv5
202608221320322075,202608221237332534,202608221237331665,88,5535,P1 Reference PreAdmission V6 Bronze - DRD-KVC,br_samms_pre_admission_v6,TASK_COMPLETE,SUCCESS,INFO,902,902,0,,2026-08-22T12:37:36.805Z,2026-08-22T13:23:02.807Z,2726,2026-08-22T13:23:02.807Z,DRD-KVC,KVC,63818914-9c2b-4ff6-ac1c-35595835ab93,SAMMS-KVCv5
202608221320322076,202608221237332535,202608221237331665,88,5536,P1 Reference PreAdmission V6 Bronze - DRD-NOLA,br_samms_pre_admission_v6,TASK_COMPLETE,SUCCESS,INFO,805,805,0,,2026-08-22T12:37:36.805Z,2026-08-22T13:23:02.807Z,2726,2026-08-22T13:23:02.807Z,DRD-NOLA,NOLA,63818914-9c2b-4ff6-ac1c-35595835ab93,SAMMS-NOLAv5
202608221320322078,202608221237332536,202608221237331665,88,5537,P1 Reference PreAdmission V6 Bronze - DRD-SF,br_samms_pre_admission_v6,TASK_COMPLETE,SUCCESS,INFO,212,212,0,,2026-08-22T12:37:36.805Z,2026-08-22T13:23:02.807Z,2726,2026-08-22T13:23:02.807Z,DRD-SF,SF,63818914-9c2b-4ff6-ac1c-35595835ab93,SAMMS-SFv5
202608221320322080,202608221237332537,202608221237331665,88,5538,P1 Reference PreAdmission V6 Bronze - ELC,br_samms_pre_admission_v6,TASK_COMPLETE,SUCCESS,INFO,134,134,0,,2026-08-22T12:37:36.805Z,2026-08-22T13:23:02.807Z,2726,2026-08-22T13:23:02.807Z,ELC,ElizabethCity,63818914-9c2b-4ff6-ac1c-35595835ab93,SAMMS-ElizabethCity
202608221320322082,202608221237332538,202608221237331665,88,5539,P1 Reference PreAdmission V6 Bronze - ET,br_samms_pre_admission_v6,TASK_COMPLETE,SUCCESS,INFO,150,150,0,,2026-08-22T12:37:36.805Z,2026-08-22T13:23:02.807Z,2726,2026-08-22T13:23:02.807Z,ET,Elizabethtown,63818914-9c2b-4ff6-ac1c-35595835ab93,SAMMS-Elizabethtown
202608221320322084,202608221237332539,202608221237331665,88,5540,P1 Reference PreAdmission V6 Bronze - FAY,br_samms_pre_admission_v6,TASK_COMPLETE,SUCCESS,INFO,59,59,0,,2026-08-22T12:37:36.805Z,2026-08-22T13:23:02.807Z,2726,2026-08-22T13:23:02.807Z,FAY,Fayetteville,63818914-9c2b-4ff6-ac1c-35595835ab93,SAMMS-Fayetteville
202608221153596416,202608221137370310,202608221137370305,44,184,SAMMSGLOBAL Silver,sl_ClinicalOpiateWithdrawalScale,TASK_COMPLETE,FAILED,ERROR,425776,0,1,[SL Table Failure] Silver execution failed for SaveClinicalOpiateWithdrawalScale (Activity: nb_brz_to_slv): SAMMS Global pipeline failed.,2026-08-22T11:37:32.306Z,2026-08-22T12:00:00.866Z,1348,2026-08-22T12:00:00.866Z,Global,Global,17fb4855-5e12-4261-b216-b3f67dc16eb3,SAMMSGLOBAL
202608241448407450,202608241408172211,202608241408171802,88,5067,P1 Reference Services Bronze - ET,br_samms_services,TASK_COMPLETE,FAILED,ERROR,0,0,1,SaveServices Bronze ForEach failed,2026-08-24T14:08:21.733Z,2026-08-24T15:03:37.584Z,3316,2026-08-24T15:03:37.584Z,ET,Elizabethtown,6c7532c9-dcb1-40a3-beaa-690039713dec,SAMMS-Elizabethtown
202608241448407452,202608241408172212,202608241408171802,88,5068,P1 Reference Services Bronze - FAY,br_samms_services,TASK_COMPLETE,FAILED,ERROR,0,0,1,SaveServices Bronze ForEach failed,2026-08-24T14:08:21.733Z,2026-08-24T15:03:37.584Z,3316,2026-08-24T15:03:37.584Z,FAY,Fayetteville,6c7532c9-dcb1-40a3-beaa-690039713dec,SAMMS-Fayetteville
202608241448407454,202608241408172213,202608241408171802,88,5069,P1 Reference Services Bronze - FR,br_samms_services,TASK_COMPLETE,FAILED,ERROR,0,0,1,SaveServices Bronze ForEach failed,2026-08-24T14:08:21.733Z,2026-08-24T15:03:37.584Z,3316,2026-08-24T15:03:37.584Z,FR,Frankfort,6c7532c9-dcb1-40a3-beaa-690039713dec,SAMMS-Frankfort
202608241448407456,202608241408172214,202608241408171802,88,5070,P1 Reference Services Bronze - FS,br_samms_services,TASK_COMPLETE,FAILED,ERROR,0,0,1,SaveServices Bronze ForEach failed,2026-08-24T14:08:21.733Z,2026-08-24T15:03:37.584Z,3316,2026-08-24T15:03:37.584Z,FS,FortSmith,6c7532c9-dcb1-40a3-beaa-690039713dec,SAMMS-FortSmith
202608241448407458,202608241408172215,202608241408171802,88,5071,P1 Reference Services Bronze - FW,br_samms_services,TASK_COMPLETE,FAILED,ERROR,0,0,1,SaveServices Bronze ForEach failed,2026-08-24T14:08:21.733Z,2026-08-24T15:03:37.584Z,3316,2026-08-24T15:03:37.584Z,FW,FortWayne,6c7532c9-dcb1-40a3-beaa-690039713dec,SAMMS-FortWayne
202608241448407460,202608241408172216,202608241408171802,88,5072,P1 Reference Services Bronze - GAL,br_samms_services,TASK_COMPLETE,FAILED,ERROR,0,0,1,SaveServices Bronze ForEach failed,2026-08-24T14:08:21.733Z,2026-08-24T15:03:37.584Z,3316,2026-08-24T15:03:37.584Z,GAL,Gaylord,6c7532c9-dcb1-40a3-beaa-690039713dec,SAMMS-Gaylord
202608241448407462,202608241408172217,202608241408171802,88,5073,P1 Reference Services Bronze - HGT,br_samms_services,TASK_COMPLETE,FAILED,ERROR,0,0,1,SaveServices Bronze ForEach failed,2026-08-24T14:08:21.733Z,2026-08-24T15:03:37.584Z,3316,2026-08-24T15:03:37.584Z,HGT,Hagerstown,6c7532c9-dcb1-40a3-beaa-690039713dec,SAMMS-Hagerstown
202608241448407463,202608241408172218,202608241408171802,88,5074,P1 Reference Services Bronze - HNT,br_samms_services,TASK_COMPLETE,FAILED,ERROR,0,0,1,SaveServices Bronze ForEach failed,2026-08-24T14:08:21.733Z,2026-08-24T15:03:37.584Z,3316,2026-08-24T15:03:37.584Z,HNT,Huntsville,6c7532c9-dcb1-40a3-beaa-690039713dec,SAMMS-Huntsville
202608241448407465,202608241408172219,202608241408171802,88,5075,P1 Reference Services Bronze - HS,br_samms_services,TASK_COMPLETE,FAILED,ERROR,0,0,1,SaveServices Bronze ForEach failed,2026-08-24T14:08:21.733Z,2026-08-24T15:03:37.584Z,3316,2026-08-24T15:03:37.584Z,HS,HotSprings,6c7532c9-dcb1-40a3-beaa-690039713dec,SAMMS-HotSprings
202608241448407467,202608241408172220,202608241408171802,88,5076,P1 Reference Services Bronze - JON,br_samms_services,TASK_COMPLETE,FAILED,ERROR,0,0,1,SaveServices Bronze ForEach failed,2026-08-24T14:08:21.733Z,2026-08-24T15:03:37.584Z,3316,2026-08-24T15:03:37.584Z,JON,Jonesboro,6c7532c9-dcb1-40a3-beaa-690039713dec,SAMMS-Jonesboro
202608241448407468,202608241408172221,202608241408171802,88,8604,P1 Reference Services Bronze - LAB,br_samms_services,TASK_COMPLETE,FAILED,ERROR,0,0,1,SaveServices Bronze ForEach failed,2026-08-24T14:08:21.733Z,2026-08-24T15:03:37.584Z,3316,2026-08-24T15:03:37.584Z,LAB,Lab,6c7532c9-dcb1-40a3-beaa-690039713dec,SAMMS-LabV5-V2
202608241448407470,202608241408172222,202608241408171802,88,5077,P1 Reference Services Bronze - LAN,br_samms_services,TASK_COMPLETE,FAILED,ERROR,0,0,1,SaveServices Bronze ForEach failed,2026-08-24T14:08:21.733Z,2026-08-24T15:03:37.584Z,3316,2026-08-24T15:03:37.584Z,LAN,Lansing,6c7532c9-dcb1-40a3-beaa-690039713dec,SAMMS-Lansing
202608241448407472,202608241408172223,202608241408171802,88,5078,P1 Reference Services Bronze - LO,br_samms_services,TASK_COMPLETE,FAILED,ERROR,0,0,1,SaveServices Bronze ForEach failed,2026-08-24T14:08:21.733Z,2026-08-24T15:03:37.584Z,3316,2026-08-24T15:03:37.584Z,LO,Louisville,6c7532c9-dcb1-40a3-beaa-690039713dec,SAMMS-Louisville
202608241448407473,202608241408172224,202608241408171802,88,5079,P1 Reference Services Bronze - LV1,br_samms_services,TASK_COMPLETE,FAILED,ERROR,0,0,1,SaveServices Bronze ForEach failed,2026-08-24T14:08:21.733Z,2026-08-24T15:03:37.584Z,3316,2026-08-24T15:03:37.584Z,LV1,Cheyenne,6c7532c9-dcb1-40a3-beaa-690039713dec,SAMMS-Cheyenne
202608241333251588,202608241253387025,202608241253386616,88,5067,P1 Reference Services Bronze - ET,br_samms_services,TASK_COMPLETE,FAILED,ERROR,0,0,1,SaveServices Bronze ForEach failed,2026-08-24T12:53:42.369Z,2026-08-24T13:42:52.652Z,2950,2026-08-24T13:42:52.652Z,ET,Elizabethtown,8f1806c1-b1f2-4ac5-b25b-086fec51b8fb,SAMMS-Elizabethtown
202608241333251590,202608241253387026,202608241253386616,88,5068,P1 Reference Services Bronze - FAY,br_samms_services,TASK_COMPLETE,FAILED,ERROR,0,0,1,SaveServices Bronze ForEach failed,2026-08-24T12:53:42.369Z,2026-08-24T13:42:52.652Z,2950,2026-08-24T13:42:52.652Z,FAY,Fayetteville,8f1806c1-b1f2-4ac5-b25b-086fec51b8fb,SAMMS-Fayetteville
202608241333251591,202608241253387027,202608241253386616,88,5069,P1 Reference Services Bronze - FR,br_samms_services,TASK_COMPLETE,FAILED,ERROR,0,0,1,SaveServices Bronze ForEach failed,2026-08-24T12:53:42.369Z,2026-08-24T13:42:52.652Z,2950,2026-08-24T13:42:52.652Z,FR,Frankfort,8f1806c1-b1f2-4ac5-b25b-086fec51b8fb,SAMMS-Frankfort
202608241333251593,202608241253387028,202608241253386616,88,5070,P1 Reference Services Bronze - FS,br_samms_services,TASK_COMPLETE,FAILED,ERROR,0,0,1,SaveServices Bronze ForEach failed,2026-08-24T12:53:42.369Z,2026-08-24T13:42:52.652Z,2950,2026-08-24T13:42:52.652Z,FS,FortSmith,8f1806c1-b1f2-4ac5-b25b-086fec51b8fb,SAMMS-FortSmith
202608241333251595,202608241253387029,202608241253386616,88,5071,P1 Reference Services Bronze - FW,br_samms_services,TASK_COMPLETE,FAILED,ERROR,0,0,1,SaveServices Bronze ForEach failed,2026-08-24T12:53:42.369Z,2026-08-24T13:42:52.652Z,2950,2026-08-24T13:42:52.652Z,FW,FortWayne,8f1806c1-b1f2-4ac5-b25b-086fec51b8fb,SAMMS-FortWayne
202608241333251596,202608241253387030,202608241253386616,88,5072,P1 Reference Services Bronze - GAL,br_samms_services,TASK_COMPLETE,FAILED,ERROR,0,0,1,SaveServices Bronze ForEach failed,2026-08-24T12:53:42.369Z,2026-08-24T13:42:52.652Z,2950,2026-08-24T13:42:52.652Z,GAL,Gaylord,8f1806c1-b1f2-4ac5-b25b-086fec51b8fb,SAMMS-Gaylord
202608241333251598,202608241253387031,202608241253386616,88,5073,P1 Reference Services Bronze - HGT,br_samms_services,TASK_COMPLETE,FAILED,ERROR,0,0,1,SaveServices Bronze ForEach failed,2026-08-24T12:53:42.369Z,2026-08-24T13:42:52.652Z,2950,2026-08-24T13:42:52.652Z,HGT,Hagerstown,8f1806c1-b1f2-4ac5-b25b-086fec51b8fb,SAMMS-Hagerstown
202608241333251600,202608241253387032,202608241253386616,88,5074,P1 Reference Services Bronze - HNT,br_samms_services,TASK_COMPLETE,FAILED,ERROR,0,0,1,SaveServices Bronze ForEach failed,2026-08-24T12:53:42.369Z,2026-08-24T13:42:52.652Z,2950,2026-08-24T13:42:52.652Z,HNT,Huntsville,8f1806c1-b1f2-4ac5-b25b-086fec51b8fb,SAMMS-Huntsville
202608241333251602,202608241253387033,202608241253386616,88,5075,P1 Reference Services Bronze - HS,br_samms_services,TASK_COMPLETE,FAILED,ERROR,0,0,1,SaveServices Bronze ForEach failed,2026-08-24T12:53:42.369Z,2026-08-24T13:42:52.652Z,2950,2026-08-24T13:42:52.652Z,HS,HotSprings,8f1806c1-b1f2-4ac5-b25b-086fec51b8fb,SAMMS-HotSprings
202608241333251603,202608241253387034,202608241253386616,88,5076,P1 Reference Services Bronze - JON,br_samms_services,TASK_COMPLETE,FAILED,ERROR,0,0,1,SaveServices Bronze ForEach failed,2026-08-24T12:53:42.369Z,2026-08-24T13:42:52.652Z,2950,2026-08-24T13:42:52.652Z,JON,Jonesboro,8f1806c1-b1f2-4ac5-b25b-086fec51b8fb,SAMMS-Jonesboro
202608241333251605,202608241253387035,202608241253386616,88,8604,P1 Reference Services Bronze - LAB,br_samms_services,TASK_COMPLETE,FAILED,ERROR,0,0,1,SaveServices Bronze ForEach failed,2026-08-24T12:53:42.369Z,2026-08-24T13:42:52.652Z,2950,2026-08-24T13:42:52.652Z,LAB,Lab,8f1806c1-b1f2-4ac5-b25b-086fec51b8fb,SAMMS-LabV5-V2
202608241333251607,202608241253387036,202608241253386616,88,5077,P1 Reference Services Bronze - LAN,br_samms_services,TASK_COMPLETE,FAILED,ERROR,0,0,1,SaveServices Bronze ForEach failed,2026-08-24T12:53:42.369Z,2026-08-24T13:42:52.652Z,2950,2026-08-24T13:42:52.652Z,LAN,Lansing,8f1806c1-b1f2-4ac5-b25b-086fec51b8fb,SAMMS-Lansing
202608241333251608,202608241253387037,202608241253386616,88,5078,P1 Reference Services Bronze - LO,br_samms_services,TASK_COMPLETE,FAILED,ERROR,0,0,1,SaveServices Bronze ForEach failed,2026-08-24T12:53:42.369Z,2026-08-24T13:42:52.652Z,2950,2026-08-24T13:42:52.652Z,LO,Louisville,8f1806c1-b1f2-4ac5-b25b-086fec51b8fb,SAMMS-Louisville
202608241333251610,202608241253387038,202608241253386616,88,5079,P1 Reference Services Bronze - LV1,br_samms_services,TASK_COMPLETE,FAILED,ERROR,0,0,1,SaveServices Bronze ForEach failed,2026-08-24T12:53:42.369Z,2026-08-24T13:42:52.652Z,2950,2026-08-24T13:42:52.652Z,LV1,Cheyenne,8f1806c1-b1f2-4ac5-b25b-086fec51b8fb,SAMMS-Cheyenne
202608221320321568,202608221237332137,202608221237331665,88,5132,P1 Reference Dropdown List Items Bronze - B29,br_samms_dropdown_list_items,TASK_COMPLETE,SUCCESS,INFO,4355,4355,0,,2026-08-22T12:37:36.805Z,2026-08-22T13:23:02.807Z,2726,2026-08-22T13:23:02.807Z,B29,PoplarBluff,63818914-9c2b-4ff6-ac1c-35595835ab93,SAMMS-PoplarBluffV5
202608221320321569,202608221237332138,202608221237331665,88,5133,P1 Reference Dropdown List Items Bronze - B30,br_samms_dropdown_list_items,TASK_COMPLETE,SUCCESS,INFO,4355,4355,0,,2026-08-22T12:37:36.805Z,2026-08-22T13:23:02.807Z,2726,2026-08-22T13:23:02.807Z,B30,KCN,63818914-9c2b-4ff6-ac1c-35595835ab93,SAMMS-KCNv5
202608221320321571,202608221237332139,202608221237331665,88,5134,P1 Reference Dropdown List Items Bronze - B31,br_samms_dropdown_list_items,TASK_COMPLETE,SUCCESS,INFO,4355,4355,0,,2026-08-22T12:37:36.805Z,2026-08-22T13:23:02.807Z,2726,2026-08-22T13:23:02.807Z,B31,Dyersburg,63818914-9c2b-4ff6-ac1c-35595835ab93,SAMMS-DyersburgV5
202608221320321572,202608221237332140,202608221237331665,88,5135,P1 Reference Dropdown List Items Bronze - B33,br_samms_dropdown_list_items,TASK_COMPLETE,SUCCESS,INFO,4355,4355,0,,2026-08-22T12:37:36.805Z,2026-08-22T13:23:02.807Z,2726,2026-08-22T13:23:02.807Z,B33,Paducah,63818914-9c2b-4ff6-ac1c-35595835ab93,SAMMS-Paducah
202608221320321573,202608221237332141,202608221237331665,88,5136,P1 Reference Dropdown List Items Bronze - B34,br_samms_dropdown_list_items,TASK_COMPLETE,SUCCESS,INFO,4355,4355,0,,2026-08-22T12:37:36.805Z,2026-08-22T13:23:02.807Z,2726,2026-08-22T13:23:02.807Z,B34,Corbin,63818914-9c2b-4ff6-ac1c-35595835ab93,SAMMS-CorbinV5
202608221320321574,202608221237332142,202608221237331665,88,5137,P1 Reference Dropdown List Items Bronze - B35,br_samms_dropdown_list_items,TASK_COMPLETE,SUCCESS,INFO,4368,4368,0,,2026-08-22T12:37:36.805Z,2026-08-22T13:23:02.807Z,2726,2026-08-22T13:23:02.807Z,B35,Lexington,63818914-9c2b-4ff6-ac1c-35595835ab93,SAMMS-LexingtonV5
202608221320321576,202608221237332143,202608221237331665,88,5138,P1 Reference Dropdown List Items Bronze - B35A,br_samms_dropdown_list_items,TASK_COMPLETE,SUCCESS,INFO,4355,4355,0,,2026-08-22T12:37:36.805Z,2026-08-22T13:23:02.807Z,2726,2026-08-22T13:23:02.807Z,B35A,Berea,63818914-9c2b-4ff6-ac1c-35595835ab93,SAMMS-BereaV5
202608221320321577,202608221237332144,202608221237331665,88,5139,P1 Reference Dropdown List Items Bronze - B36,br_samms_dropdown_list_items,TASK_COMPLETE,SUCCESS,INFO,4355,4355,0,,2026-08-22T12:37:36.805Z,2026-08-22T13:23:02.807Z,2726,2026-08-22T13:23:02.807Z,B36,Asheville,63818914-9c2b-4ff6-ac1c-35595835ab93,SAMMS-AshevilleV5
202608221320321578,202608221237332145,202608221237331665,88,5140,P1 Reference Dropdown List Items Bronze - B37,br_samms_dropdown_list_items,TASK_COMPLETE,SUCCESS,INFO,4355,4355,0,,2026-08-22T12:37:36.805Z,2026-08-22T13:23:02.807Z,2726,2026-08-22T13:23:02.807Z,B37,Clyde,63818914-9c2b-4ff6-ac1c-35595835ab93,SAMMS-ClydeV5
202608221320321580,202608221237332146,202608221237331665,88,5141,P1 Reference Dropdown List Items Bronze - B38,br_samms_dropdown_list_items,TASK_COMPLETE,SUCCESS,INFO,4355,4355,0,,2026-08-22T12:37:36.805Z,2026-08-22T13:23:02.807Z,2726,2026-08-22T13:23:02.807Z,B38,Spartanburg,63818914-9c2b-4ff6-ac1c-35595835ab93,SAMMS-SpartanburgV5
202608221320321581,202608221237332147,202608221237331665,88,5142,P1 Reference Dropdown List Items Bronze - B39,br_samms_dropdown_list_items,TASK_COMPLETE,SUCCESS,INFO,4355,4355,0,,2026-08-22T12:37:36.805Z,2026-08-22T13:23:02.807Z,2726,2026-08-22T13:23:02.807Z,B39,Aiken,63818914-9c2b-4ff6-ac1c-35595835ab93,SAMMS-AikenV5
202608221320321582,202608221237332148,202608221237331665,88,5143,P1 Reference Dropdown List Items Bronze - B41,br_samms_dropdown_list_items,TASK_COMPLETE,SUCCESS,INFO,4359,4359,0,,2026-08-22T12:37:36.805Z,2026-08-22T13:23:02.807Z,2726,2026-08-22T13:23:02.807Z,B41,Chesapeake,63818914-9c2b-4ff6-ac1c-35595835ab93,SAMMS-ChesapeakeV5
202608221320321584,202608221237332149,202608221237331665,88,5144,P1 Reference Dropdown List Items Bronze - B42,br_samms_dropdown_list_items,TASK_COMPLETE,SUCCESS,INFO,4359,4359,0,,2026-08-22T12:37:36.805Z,2026-08-22T13:23:02.807Z,2726,2026-08-22T13:23:02.807Z,B42,VirginiaBeach,63818914-9c2b-4ff6-ac1c-35595835ab93,SAMMS-VirginiaBeachV5
202608221320321586,202608221237332150,202608221237331665,88,5145,P1 Reference Dropdown List Items Bronze - B42A,br_samms_dropdown_list_items,TASK_COMPLETE,SUCCESS,INFO,4359,4359,0,,2026-08-22T12:37:36.805Z,2026-08-22T13:23:02.807Z,2726,2026-08-22T13:23:02.807Z,B42A,NewportNews,63818914-9c2b-4ff6-ac1c-35595835ab93,SAMMS-NewportNewsV5
202608221320321587,202608221237332151,202608221237331665,88,5146,P1 Reference Dropdown List Items Bronze - B42B,br_samms_dropdown_list_items,TASK_COMPLETE,SUCCESS,INFO,4360,4360,0,,2026-08-22T12:37:36.805Z,2026-08-22T13:23:02.807Z,2726,2026-08-22T13:23:02.807Z,B42B,Franklin,63818914-9c2b-4ff6-ac1c-35595835ab93,SAMMS-FranklinV5
202608221320321589,202608221237332152,202608221237331665,88,5147,P1 Reference Dropdown List Items Bronze - B42C,br_samms_dropdown_list_items,TASK_COMPLETE,SUCCESS,INFO,4360,4360,0,,2026-08-22T12:37:36.805Z,2026-08-22T13:23:02.807Z,2726,2026-08-22T13:23:02.807Z,B42C,GlenAllen,63818914-9c2b-4ff6-ac1c-35595835ab93,SAMMS-GlenAllenV5
202608221320321641,202608221237332185,202608221237331665,88,5180,P1 Reference Dropdown List Items Bronze - DRD-KVB,br_samms_dropdown_list_items,TASK_COMPLETE,SUCCESS,INFO,4365,4365,0,,2026-08-22T12:37:36.805Z,2026-08-22T13:23:02.807Z,2726,2026-08-22T13:23:02.807Z,DRD-KVB,KVB,63818914-9c2b-4ff6-ac1c-35595835ab93,SAMMS-KVBv5
202608221320321643,202608221237332186,202608221237331665,88,5181,P1 Reference Dropdown List Items Bronze - DRD-KVC,br_samms_dropdown_list_items,TASK_COMPLETE,SUCCESS,INFO,4371,4371,0,,2026-08-22T12:37:36.805Z,2026-08-22T13:23:02.807Z,2726,2026-08-22T13:23:02.807Z,DRD-KVC,KVC,63818914-9c2b-4ff6-ac1c-35595835ab93,SAMMS-KVCv5
202608221320321645,202608221237332187,202608221237331665,88,5182,P1 Reference Dropdown List Items Bronze - DRD-NOLA,br_samms_dropdown_list_items,TASK_COMPLETE,SUCCESS,INFO,4365,4365,0,,2026-08-22T12:37:36.805Z,2026-08-22T13:23:02.807Z,2726,2026-08-22T13:23:02.807Z,DRD-NOLA,NOLA,63818914-9c2b-4ff6-ac1c-35595835ab93,SAMMS-NOLAv5
202608221320321646,202608221237332188,202608221237331665,88,5183,P1 Reference Dropdown List Items Bronze - DRD-SF,br_samms_dropdown_list_items,TASK_COMPLETE,SUCCESS,INFO,4355,4355,0,,2026-08-22T12:37:36.805Z,2026-08-22T13:23:02.807Z,2726,2026-08-22T13:23:02.807Z,DRD-SF,SF,63818914-9c2b-4ff6-ac1c-35595835ab93,SAMMS-SFv5
202608221320321648,202608221237332189,202608221237331665,88,5184,P1 Reference Dropdown List Items Bronze - ELC,br_samms_dropdown_list_items,TASK_COMPLETE,SUCCESS,INFO,4383,4383,0,,2026-08-22T12:37:36.805Z,2026-08-22T13:23:02.807Z,2726,2026-08-22T13:23:02.807Z,ELC,ElizabethCity,63818914-9c2b-4ff6-ac1c-35595835ab93,SAMMS-ElizabethCity
202608221320321650,202608221237332190,202608221237331665,88,5185,P1 Reference Dropdown List Items Bronze - ET,br_samms_dropdown_list_items,TASK_COMPLETE,SUCCESS,INFO,4383,4383,0,,2026-08-22T12:37:36.805Z,2026-08-22T13:23:02.807Z,2726,2026-08-22T13:23:02.807Z,ET,Elizabethtown,63818914-9c2b-4ff6-ac1c-35595835ab93,SAMMS-Elizabethtown
202608221320321652,202608221237332191,202608221237331665,88,5186,P1 Reference Dropdown List Items Bronze - FAY,br_samms_dropdown_list_items,TASK_COMPLETE,SUCCESS,INFO,4383,4383,0,,2026-08-22T12:37:36.805Z,2026-08-22T13:23:02.807Z,2726,2026-08-22T13:23:02.807Z,FAY,Fayetteville,63818914-9c2b-4ff6-ac1c-35595835ab93,SAMMS-Fayetteville
202608221320321654,202608221237332192,202608221237331665,88,5187,P1 Reference Dropdown List Items Bronze - FR,br_samms_dropdown_list_items,TASK_COMPLETE,SUCCESS,INFO,4383,4383,0,,2026-08-22T12:37:36.805Z,2026-08-22T13:23:02.807Z,2726,2026-08-22T13:23:02.807Z,FR,Frankfort,63818914-9c2b-4ff6-ac1c-35595835ab93,SAMMS-Frankfort
202608221320321655,202608221237332193,202608221237331665,88,5188,P1 Reference Dropdown List Items Bronze - FS,br_samms_dropdown_list_items,TASK_COMPLETE,SUCCESS,INFO,4383,4383,0,,2026-08-22T12:37:36.805Z,2026-08-22T13:23:02.807Z,2726,2026-08-22T13:23:02.807Z,FS,FortSmith,63818914-9c2b-4ff6-ac1c-35595835ab93,SAMMS-FortSmith
202608221320321657,202608221237332194,202608221237331665,88,5189,P1 Reference Dropdown List Items Bronze - FW,br_samms_dropdown_list_items,TASK_COMPLETE,SUCCESS,INFO,4383,4383,0,,2026-08-22T12:37:36.805Z,2026-08-22T13:23:02.807Z,2726,2026-08-22T13:23:02.807Z,FW,FortWayne,63818914-9c2b-4ff6-ac1c-35595835ab93,SAMMS-FortWayne
202608221320321659,202608221237332195,202608221237331665,88,5190,P1 Reference Dropdown List Items Bronze - GAL,br_samms_dropdown_list_items,TASK_COMPLETE,SUCCESS,INFO,4383,4383,0,,2026-08-22T12:37:36.805Z,2026-08-22T13:23:02.807Z,2726,2026-08-22T13:23:02.807Z,GAL,Gaylord,63818914-9c2b-4ff6-ac1c-35595835ab93,SAMMS-Gaylord
202608221320321661,202608221237332196,202608221237331665,88,5191,P1 Reference Dropdown List Items Bronze - HGT,br_samms_dropdown_list_items,TASK_COMPLETE,SUCCESS,INFO,4369,4369,0,,2026-08-22T12:37:36.805Z,2026-08-22T13:23:02.807Z,2726,2026-08-22T13:23:02.807Z,HGT,Hagerstown,63818914-9c2b-4ff6-ac1c-35595835ab93,SAMMS-Hagerstown
202608221320321663,202608221237332197,202608221237331665,88,5192,P1 Reference Dropdown List Items Bronze - HNT,br_samms_dropdown_list_items,TASK_COMPLETE,SUCCESS,INFO,4267,4267,0,,2026-08-22T12:37:36.805Z,2026-08-22T13:23:02.807Z,2726,2026-08-22T13:23:02.807Z,HNT,Huntsville,63818914-9c2b-4ff6-ac1c-35595835ab93,SAMMS-Huntsville
202608221320321665,202608221237332198,202608221237331665,88,5193,P1 Reference Dropdown List Items Bronze - HS,br_samms_dropdown_list_items,TASK_COMPLETE,SUCCESS,INFO,4383,4383,0,,2026-08-22T12:37:36.805Z,2026-08-22T13:23:02.807Z,2726,2026-08-22T13:23:02.807Z,HS,HotSprings,63818914-9c2b-4ff6-ac1c-35595835ab93,SAMMS-HotSprings
202608221320321667,202608221237332199,202608221237331665,88,5194,P1 Reference Dropdown List Items Bronze - JON,br_samms_dropdown_list_items,TASK_COMPLETE,SUCCESS,INFO,4383,4383,0,,2026-08-22T12:37:36.805Z,2026-08-22T13:23:02.807Z,2726,2026-08-22T13:23:02.807Z,JON,Jonesboro,63818914-9c2b-4ff6-ac1c-35595835ab93,SAMMS-Jonesboro
202608221320321669,202608221237332200,202608221237331665,88,8605,P1 Reference Dropdown List Items Bronze - LAB,br_samms_dropdown_list_items,TASK_COMPLETE,SUCCESS,INFO,1846,1846,0,,2026-08-22T12:37:36.805Z,2026-08-22T13:23:02.807Z,2726,2026-08-22T13:23:02.807Z,LAB,Lab,63818914-9c2b-4ff6-ac1c-35595835ab93,SAMMS-LabV5-V2
202608241448405838,202608241408171947,202608241408171802,88,4799,P1 Reference 3P Setup Bronze - B48,br_samms_3p_setup,TASK_COMPLETE,FAILED,ERROR,0,0,1,Save3pSetup Bronze ForEach failed,2026-08-24T14:08:21.733Z,2026-08-24T15:03:37.584Z,3316,2026-08-24T15:03:37.584Z,B48,Tuscaloosa,6c7532c9-dcb1-40a3-beaa-690039713dec,SAMMS-TuscaloosaV5
202608241448405839,202608241408171948,202608241408171802,88,4800,P1 Reference 3P Setup Bronze - B51,br_samms_3p_setup,TASK_COMPLETE,FAILED,ERROR,0,0,1,Save3pSetup Bronze ForEach failed,2026-08-24T14:08:21.733Z,2026-08-24T15:03:37.584Z,3316,2026-08-24T15:03:37.584Z,B51,NorthLittleRock,6c7532c9-dcb1-40a3-beaa-690039713dec,SAMMS-NorthLittleRockV6
202608241448405841,202608241408171949,202608241408171802,88,4801,P1 Reference 3P Setup Bronze - B52,br_samms_3p_setup,TASK_COMPLETE,FAILED,ERROR,0,0,1,Save3pSetup Bronze ForEach failed,2026-08-24T14:08:21.733Z,2026-08-24T15:03:37.584Z,3316,2026-08-24T15:03:37.584Z,B52,JacksonGA,6c7532c9-dcb1-40a3-beaa-690039713dec,SAMMS-JacksonGAV5
202608241448405842,202608241408171950,202608241408171802,88,4802,P1 Reference 3P Setup Bronze - B54,br_samms_3p_setup,TASK_COMPLETE,FAILED,ERROR,0,0,1,Save3pSetup Bronze ForEach failed,2026-08-24T14:08:21.733Z,2026-08-24T15:03:37.584Z,3316,2026-08-24T15:03:37.584Z,B54,Gadsden,6c7532c9-dcb1-40a3-beaa-690039713dec,SAMMS-GadsdenV5
202608241448405843,202608241408171951,202608241408171802,88,4803,P1 Reference 3P Setup Bronze - B55,br_samms_3p_setup,TASK_COMPLETE,FAILED,ERROR,0,0,1,Save3pSetup Bronze ForEach failed,2026-08-24T14:08:21.733Z,2026-08-24T15:03:37.584Z,3316,2026-08-24T15:03:37.584Z,B55,Shoals,6c7532c9-dcb1-40a3-beaa-690039713dec,SAMMS-ShoalsV5
202608241448405845,202608241408171952,202608241408171802,88,4804,P1 Reference 3P Setup Bronze - B57,br_samms_3p_setup,TASK_COMPLETE,FAILED,ERROR,0,0,1,Save3pSetup Bronze ForEach failed,2026-08-24T14:08:21.733Z,2026-08-24T15:03:37.584Z,3316,2026-08-24T15:03:37.584Z,B57,Pawtucket,6c7532c9-dcb1-40a3-beaa-690039713dec,SAMMS-Pawtucket
202608241448405846,202608241408171953,202608241408171802,88,4805,P1 Reference 3P Setup Bronze - B57A,br_samms_3p_setup,TASK_COMPLETE,FAILED,ERROR,0,0,1,Save3pSetup Bronze ForEach failed,2026-08-24T14:08:21.733Z,2026-08-24T15:03:37.584Z,3316,2026-08-24T15:03:37.584Z,B57A,Johnston,6c7532c9-dcb1-40a3-beaa-690039713dec,SAMMS-Johnston
202608241448405848,202608241408171954,202608241408171802,88,4806,P1 Reference 3P Setup Bronze - B57B,br_samms_3p_setup,TASK_COMPLETE,FAILED,ERROR,0,0,1,Save3pSetup Bronze ForEach failed,2026-08-24T14:08:21.733Z,2026-08-24T15:03:37.584Z,3316,2026-08-24T15:03:37.584Z,B57B,Middletown,6c7532c9-dcb1-40a3-beaa-690039713dec,SAMMS-Middletown
202608241448405849,202608241408171955,202608241408171802,88,4807,P1 Reference 3P Setup Bronze - B57C,br_samms_3p_setup,TASK_COMPLETE,FAILED,ERROR,0,0,1,Save3pSetup Bronze ForEach failed,2026-08-24T14:08:21.733Z,2026-08-24T15:03:37.584Z,3316,2026-08-24T15:03:37.584Z,B57C,Providence,6c7532c9-dcb1-40a3-beaa-690039713dec,SAMMS-Providence
202608241448405851,202608241408171956,202608241408171802,88,4808,P1 Reference 3P Setup Bronze - B57D,br_samms_3p_setup,TASK_COMPLETE,FAILED,ERROR,0,0,1,Save3pSetup Bronze ForEach failed,2026-08-24T14:08:21.733Z,2026-08-24T15:03:37.584Z,3316,2026-08-24T15:03:37.584Z,B57D,Westerly,6c7532c9-dcb1-40a3-beaa-690039713dec,SAMMS-Westerly
202608241448405852,202608241408171957,202608241408171802,88,4809,P1 Reference 3P Setup Bronze - B66A,br_samms_3p_setup,TASK_COMPLETE,FAILED,ERROR,0,0,1,Save3pSetup Bronze ForEach failed,2026-08-24T14:08:21.733Z,2026-08-24T15:03:37.584Z,3316,2026-08-24T15:03:37.584Z,B66A,Bremen,6c7532c9-dcb1-40a3-beaa-690039713dec,SAMMS-Bremen
202608241448405854,202608241408171958,202608241408171802,88,4810,P1 Reference 3P Setup Bronze - B72,br_samms_3p_setup,TASK_COMPLETE,FAILED,ERROR,0,0,1,Save3pSetup Bronze ForEach failed,2026-08-24T14:08:21.733Z,2026-08-24T15:03:37.584Z,3316,2026-08-24T15:03:37.584Z,B72,Mobile-OBOT,6c7532c9-dcb1-40a3-beaa-690039713dec,SAMMS-Mobile-OBOT
202608241448405856,202608241408171959,202608241408171802,88,4811,P1 Reference 3P Setup Bronze - B73,br_samms_3p_setup,TASK_COMPLETE,FAILED,ERROR,0,0,1,Save3pSetup Bronze ForEach failed,2026-08-24T14:08:21.733Z,2026-08-24T15:03:37.584Z,3316,2026-08-24T15:03:37.584Z,B73,Montgomery,6c7532c9-dcb1-40a3-beaa-690039713dec,SAMMS-Montgomery
202608241448405857,202608241408171960,202608241408171802,88,4812,P1 Reference 3P Setup Bronze - B75,br_samms_3p_setup,TASK_COMPLETE,FAILED,ERROR,0,0,1,Save3pSetup Bronze ForEach failed,2026-08-24T14:08:21.733Z,2026-08-24T15:03:37.584Z,3316,2026-08-24T15:03:37.584Z,B75,Lawrence,6c7532c9-dcb1-40a3-beaa-690039713dec,SAMMS-LawrenceV6
202608221320321590,202608221237332153,202608221237331665,88,5148,P1 Reference Dropdown List Items Bronze - B42D,br_samms_dropdown_list_items,TASK_COMPLETE,SUCCESS,INFO,4359,4359,0,,2026-08-22T12:37:36.805Z,2026-08-22T13:23:02.807Z,2726,2026-08-22T13:23:02.807Z,B42D,ChesapeakeSouth,63818914-9c2b-4ff6-ac1c-35595835ab93,SAMMS-ChesapeakeSouthV5
202608221320321591,202608221237332154,202608221237331665,88,5149,P1 Reference Dropdown List Items Bronze - B44,br_samms_dropdown_list_items,TASK_COMPLETE,SUCCESS,INFO,4359,4359,0,,2026-08-22T12:37:36.805Z,2026-08-22T13:23:02.807Z,2726,2026-08-22T13:23:02.807Z,B44,Albany,63818914-9c2b-4ff6-ac1c-35595835ab93,SAMMS-AlbanyV5
202608221320321593,202608221237332155,202608221237331665,88,5150,P1 Reference Dropdown List Items Bronze - B45,br_samms_dropdown_list_items,TASK_COMPLETE,SUCCESS,INFO,4359,4359,0,,2026-08-22T12:37:36.805Z,2026-08-22T13:23:02.807Z,2726,2026-08-22T13:23:02.807Z,B45,Tifton,63818914-9c2b-4ff6-ac1c-35595835ab93,SAMMS-TiftonV5
202608221320321594,202608221237332156,202608221237331665,88,5151,P1 Reference Dropdown List Items Bronze - B46,br_samms_dropdown_list_items,TASK_COMPLETE,SUCCESS,INFO,4355,4355,0,,2026-08-22T12:37:36.805Z,2026-08-22T13:23:02.807Z,2726,2026-08-22T13:23:02.807Z,B46,WashingtonDC,63818914-9c2b-4ff6-ac1c-35595835ab93,SAMMS-WashingtonDCv5
202608221320321596,202608221237332157,202608221237331665,88,5152,P1 Reference Dropdown List Items Bronze - B47,br_samms_dropdown_list_items,TASK_COMPLETE,SUCCESS,INFO,4355,4355,0,,2026-08-22T12:37:36.805Z,2026-08-22T13:23:02.807Z,2726,2026-08-22T13:23:02.807Z,B47,Mobile,63818914-9c2b-4ff6-ac1c-35595835ab93,SAMMS-MobileV5
202608221320321597,202608221237332158,202608221237331665,88,5153,P1 Reference Dropdown List Items Bronze - B48,br_samms_dropdown_list_items,TASK_COMPLETE,SUCCESS,INFO,4355,4355,0,,2026-08-22T12:37:36.805Z,2026-08-22T13:23:02.807Z,2726,2026-08-22T13:23:02.807Z,B48,Tuscaloosa,63818914-9c2b-4ff6-ac1c-35595835ab93,SAMMS-TuscaloosaV5
202608221320321599,202608221237332159,202608221237331665,88,5154,P1 Reference Dropdown List Items Bronze - B51,br_samms_dropdown_list_items,TASK_COMPLETE,SUCCESS,INFO,4365,4365,0,,2026-08-22T12:37:36.805Z,2026-08-22T13:23:02.807Z,2726,2026-08-22T13:23:02.807Z,B51,NorthLittleRock,63818914-9c2b-4ff6-ac1c-35595835ab93,SAMMS-NorthLittleRockV6
202608221320321600,202608221237332160,202608221237331665,88,5155,P1 Reference Dropdown List Items Bronze - B52,br_samms_dropdown_list_items,TASK_COMPLETE,SUCCESS,INFO,4359,4359,0,,2026-08-22T12:37:36.805Z,2026-08-22T13:23:02.807Z,2726,2026-08-22T13:23:02.807Z,B52,JacksonGA,63818914-9c2b-4ff6-ac1c-35595835ab93,SAMMS-JacksonGAV5
202608221320321602,202608221237332161,202608221237331665,88,5156,P1 Reference Dropdown List Items Bronze - B54,br_samms_dropdown_list_items,TASK_COMPLETE,SUCCESS,INFO,4355,4355,0,,2026-08-22T12:37:36.805Z,2026-08-22T13:23:02.807Z,2726,2026-08-22T13:23:02.807Z,B54,Gadsden,63818914-9c2b-4ff6-ac1c-35595835ab93,SAMMS-GadsdenV5
202608221320321603,202608221237332162,202608221237331665,88,5157,P1 Reference Dropdown List Items Bronze - B55,br_samms_dropdown_list_items,TASK_COMPLETE,SUCCESS,INFO,4355,4355,0,,2026-08-22T12:37:36.805Z,2026-08-22T13:23:02.807Z,2726,2026-08-22T13:23:02.807Z,B55,Shoals,63818914-9c2b-4ff6-ac1c-35595835ab93,SAMMS-ShoalsV5
202608221320321605,202608221237332163,202608221237331665,88,5158,P1 Reference Dropdown List Items Bronze - B57,br_samms_dropdown_list_items,TASK_COMPLETE,SUCCESS,INFO,4267,4267,0,,2026-08-22T12:37:36.805Z,2026-08-22T13:23:02.807Z,2726,2026-08-22T13:23:02.807Z,B57,Pawtucket,63818914-9c2b-4ff6-ac1c-35595835ab93,SAMMS-Pawtucket
202608221320321606,202608221237332164,202608221237331665,88,5159,P1 Reference Dropdown List Items Bronze - B57A,br_samms_dropdown_list_items,TASK_COMPLETE,SUCCESS,INFO,4267,4267,0,,2026-08-22T12:37:36.805Z,2026-08-22T13:23:02.807Z,2726,2026-08-22T13:23:02.807Z,B57A,Johnston,63818914-9c2b-4ff6-ac1c-35595835ab93,SAMMS-Johnston
202608221320321608,202608221237332165,202608221237331665,88,5160,P1 Reference Dropdown List Items Bronze - B57B,br_samms_dropdown_list_items,TASK_COMPLETE,SUCCESS,INFO,4267,4267,0,,2026-08-22T12:37:36.805Z,2026-08-22T13:23:02.807Z,2726,2026-08-22T13:23:02.807Z,B57B,Middletown,63818914-9c2b-4ff6-ac1c-35595835ab93,SAMMS-Middletown
202608221320321609,202608221237332166,202608221237331665,88,5161,P1 Reference Dropdown List Items Bronze - B57C,br_samms_dropdown_list_items,TASK_COMPLETE,SUCCESS,INFO,4267,4267,0,,2026-08-22T12:37:36.805Z,2026-08-22T13:23:02.807Z,2726,2026-08-22T13:23:02.807Z,B57C,Providence,63818914-9c2b-4ff6-ac1c-35595835ab93,SAMMS-Providence
202608221320321611,202608221237332167,202608221237331665,88,5162,P1 Reference Dropdown List Items Bronze - B57D,br_samms_dropdown_list_items,TASK_COMPLETE,SUCCESS,INFO,4267,4267,0,,2026-08-22T12:37:36.805Z,2026-08-22T13:23:02.807Z,2726,2026-08-22T13:23:02.807Z,B57D,Westerly,63818914-9c2b-4ff6-ac1c-35595835ab93,SAMMS-Westerly
202608221320321613,202608221237332168,202608221237331665,88,5163,P1 Reference Dropdown List Items Bronze - B66A,br_samms_dropdown_list_items,TASK_COMPLETE,SUCCESS,INFO,4371,4371,0,,2026-08-22T12:37:36.805Z,2026-08-22T13:23:02.807Z,2726,2026-08-22T13:23:02.807Z,B66A,Bremen,63818914-9c2b-4ff6-ac1c-35595835ab93,SAMMS-Bremen
202608241333250003,202608241253386761,202608241253386616,88,4799,P1 Reference 3P Setup Bronze - B48,br_samms_3p_setup,TASK_COMPLETE,FAILED,ERROR,0,0,1,Save3pSetup Bronze ForEach failed,2026-08-24T12:53:42.369Z,2026-08-24T13:42:52.652Z,2950,2026-08-24T13:42:52.652Z,B48,Tuscaloosa,8f1806c1-b1f2-4ac5-b25b-086fec51b8fb,SAMMS-TuscaloosaV5
202608241333250005,202608241253386762,202608241253386616,88,4800,P1 Reference 3P Setup Bronze - B51,br_samms_3p_setup,TASK_COMPLETE,FAILED,ERROR,0,0,1,Save3pSetup Bronze ForEach failed,2026-08-24T12:53:42.369Z,2026-08-24T13:42:52.652Z,2950,2026-08-24T13:42:52.652Z,B51,NorthLittleRock,8f1806c1-b1f2-4ac5-b25b-086fec51b8fb,SAMMS-NorthLittleRockV6
202608241333250006,202608241253386763,202608241253386616,88,4801,P1 Reference 3P Setup Bronze - B52,br_samms_3p_setup,TASK_COMPLETE,FAILED,ERROR,0,0,1,Save3pSetup Bronze ForEach failed,2026-08-24T12:53:42.369Z,2026-08-24T13:42:52.652Z,2950,2026-08-24T13:42:52.652Z,B52,JacksonGA,8f1806c1-b1f2-4ac5-b25b-086fec51b8fb,SAMMS-JacksonGAV5
202608241333250007,202608241253386764,202608241253386616,88,4802,P1 Reference 3P Setup Bronze - B54,br_samms_3p_setup,TASK_COMPLETE,FAILED,ERROR,0,0,1,Save3pSetup Bronze ForEach failed,2026-08-24T12:53:42.369Z,2026-08-24T13:42:52.652Z,2950,2026-08-24T13:42:52.652Z,B54,Gadsden,8f1806c1-b1f2-4ac5-b25b-086fec51b8fb,SAMMS-GadsdenV5
202608241333250009,202608241253386765,202608241253386616,88,4803,P1 Reference 3P Setup Bronze - B55,br_samms_3p_setup,TASK_COMPLETE,FAILED,ERROR,0,0,1,Save3pSetup Bronze ForEach failed,2026-08-24T12:53:42.369Z,2026-08-24T13:42:52.652Z,2950,2026-08-24T13:42:52.652Z,B55,Shoals,8f1806c1-b1f2-4ac5-b25b-086fec51b8fb,SAMMS-ShoalsV5
202608241333250010,202608241253386766,202608241253386616,88,4804,P1 Reference 3P Setup Bronze - B57,br_samms_3p_setup,TASK_COMPLETE,FAILED,ERROR,0,0,1,Save3pSetup Bronze ForEach failed,2026-08-24T12:53:42.369Z,2026-08-24T13:42:52.652Z,2950,2026-08-24T13:42:52.652Z,B57,Pawtucket,8f1806c1-b1f2-4ac5-b25b-086fec51b8fb,SAMMS-Pawtucket
202608241333250012,202608241253386767,202608241253386616,88,4805,P1 Reference 3P Setup Bronze - B57A,br_samms_3p_setup,TASK_COMPLETE,FAILED,ERROR,0,0,1,Save3pSetup Bronze ForEach failed,2026-08-24T12:53:42.369Z,2026-08-24T13:42:52.652Z,2950,2026-08-24T13:42:52.652Z,B57A,Johnston,8f1806c1-b1f2-4ac5-b25b-086fec51b8fb,SAMMS-Johnston
202608241333250013,202608241253386768,202608241253386616,88,4806,P1 Reference 3P Setup Bronze - B57B,br_samms_3p_setup,TASK_COMPLETE,FAILED,ERROR,0,0,1,Save3pSetup Bronze ForEach failed,2026-08-24T12:53:42.369Z,2026-08-24T13:42:52.652Z,2950,2026-08-24T13:42:52.652Z,B57B,Middletown,8f1806c1-b1f2-4ac5-b25b-086fec51b8fb,SAMMS-Middletown
202608241333250014,202608241253386769,202608241253386616,88,4807,P1 Reference 3P Setup Bronze - B57C,br_samms_3p_setup,TASK_COMPLETE,FAILED,ERROR,0,0,1,Save3pSetup Bronze ForEach failed,2026-08-24T12:53:42.369Z,2026-08-24T13:42:52.652Z,2950,2026-08-24T13:42:52.652Z,B57C,Providence,8f1806c1-b1f2-4ac5-b25b-086fec51b8fb,SAMMS-Providence
202608241333250016,202608241253386770,202608241253386616,88,4808,P1 Reference 3P Setup Bronze - B57D,br_samms_3p_setup,TASK_COMPLETE,FAILED,ERROR,0,0,1,Save3pSetup Bronze ForEach failed,2026-08-24T12:53:42.369Z,2026-08-24T13:42:52.652Z,2950,2026-08-24T13:42:52.652Z,B57D,Westerly,8f1806c1-b1f2-4ac5-b25b-086fec51b8fb,SAMMS-Westerly
202608241333250017,202608241253386771,202608241253386616,88,4809,P1 Reference 3P Setup Bronze - B66A,br_samms_3p_setup,TASK_COMPLETE,FAILED,ERROR,0,0,1,Save3pSetup Bronze ForEach failed,2026-08-24T12:53:42.369Z,2026-08-24T13:42:52.652Z,2950,2026-08-24T13:42:52.652Z,B66A,Bremen,8f1806c1-b1f2-4ac5-b25b-086fec51b8fb,SAMMS-Bremen
202608241333250019,202608241253386772,202608241253386616,88,4810,P1 Reference 3P Setup Bronze - B72,br_samms_3p_setup,TASK_COMPLETE,FAILED,ERROR,0,0,1,Save3pSetup Bronze ForEach failed,2026-08-24T12:53:42.369Z,2026-08-24T13:42:52.652Z,2950,2026-08-24T13:42:52.652Z,B72,Mobile-OBOT,8f1806c1-b1f2-4ac5-b25b-086fec51b8fb,SAMMS-Mobile-OBOT
202608241333250020,202608241253386773,202608241253386616,88,4811,P1 Reference 3P Setup Bronze - B73,br_samms_3p_setup,TASK_COMPLETE,FAILED,ERROR,0,0,1,Save3pSetup Bronze ForEach failed,2026-08-24T12:53:42.369Z,2026-08-24T13:42:52.652Z,2950,2026-08-24T13:42:52.652Z,B73,Montgomery,8f1806c1-b1f2-4ac5-b25b-086fec51b8fb,SAMMS-Montgomery
202608241333250022,202608241253386774,202608241253386616,88,4812,P1 Reference 3P Setup Bronze - B75,br_samms_3p_setup,TASK_COMPLETE,FAILED,ERROR,0,0,1,Save3pSetup Bronze ForEach failed,2026-08-24T12:53:42.369Z,2026-08-24T13:42:52.652Z,2950,2026-08-24T13:42:52.652Z,B75,Lawrence,8f1806c1-b1f2-4ac5-b25b-086fec51b8fb,SAMMS-LawrenceV6
202608241448407360,202608241408172155,202608241408171802,88,5011,P1 Reference Services Bronze - B26,br_samms_services,TASK_COMPLETE,FAILED,ERROR,0,0,1,SaveServices Bronze ForEach failed,2026-08-24T14:08:21.733Z,2026-08-24T15:03:37.584Z,3316,2026-08-24T15:03:37.584Z,B26,Hazard,6c7532c9-dcb1-40a3-beaa-690039713dec,SAMMS-HazardV5
202608241448407361,202608241408172156,202608241408171802,88,5012,P1 Reference Services Bronze - B27,br_samms_services,TASK_COMPLETE,FAILED,ERROR,0,0,1,SaveServices Bronze ForEach failed,2026-08-24T14:08:21.733Z,2026-08-24T15:03:37.584Z,3316,2026-08-24T15:03:37.584Z,B27,Savannah,6c7532c9-dcb1-40a3-beaa-690039713dec,SAMMS-SavannahV6
202608241448407362,202608241408172157,202608241408171802,88,5013,P1 Reference Services Bronze - B28,br_samms_services,TASK_COMPLETE,FAILED,ERROR,0,0,1,SaveServices Bronze ForEach failed,2026-08-24T14:08:21.733Z,2026-08-24T15:03:37.584Z,3316,2026-08-24T15:03:37.584Z,B28,WestPlaines,6c7532c9-dcb1-40a3-beaa-690039713dec,SAMMS-WestPlainesV5
202608241448407364,202608241408172158,202608241408171802,88,5014,P1 Reference Services Bronze - B29,br_samms_services,TASK_COMPLETE,FAILED,ERROR,0,0,1,SaveServices Bronze ForEach failed,2026-08-24T14:08:21.733Z,2026-08-24T15:03:37.584Z,3316,2026-08-24T15:03:37.584Z,B29,PoplarBluff,6c7532c9-dcb1-40a3-beaa-690039713dec,SAMMS-PoplarBluffV5
202608241448407365,202608241408172159,202608241408171802,88,5015,P1 Reference Services Bronze - B30,br_samms_services,TASK_COMPLETE,FAILED,ERROR,0,0,1,SaveServices Bronze ForEach failed,2026-08-24T14:08:21.733Z,2026-08-24T15:03:37.584Z,3316,2026-08-24T15:03:37.584Z,B30,KCN,6c7532c9-dcb1-40a3-beaa-690039713dec,SAMMS-KCNv5
202608241448407366,202608241408172160,202608241408171802,88,5016,P1 Reference Services Bronze - B31,br_samms_services,TASK_COMPLETE,FAILED,ERROR,0,0,1,SaveServices Bronze ForEach failed,2026-08-24T14:08:21.733Z,2026-08-24T15:03:37.584Z,3316,2026-08-24T15:03:37.584Z,B31,Dyersburg,6c7532c9-dcb1-40a3-beaa-690039713dec,SAMMS-DyersburgV5
202608241448407368,202608241408172161,202608241408171802,88,5017,P1 Reference Services Bronze - B33,br_samms_services,TASK_COMPLETE,FAILED,ERROR,0,0,1,SaveServices Bronze ForEach failed,2026-08-24T14:08:21.733Z,2026-08-24T15:03:37.584Z,3316,2026-08-24T15:03:37.584Z,B33,Paducah,6c7532c9-dcb1-40a3-beaa-690039713dec,SAMMS-Paducah
202608241448407369,202608241408172162,202608241408171802,88,5018,P1 Reference Services Bronze - B34,br_samms_services,TASK_COMPLETE,FAILED,ERROR,0,0,1,SaveServices Bronze ForEach failed,2026-08-24T14:08:21.733Z,2026-08-24T15:03:37.584Z,3316,2026-08-24T15:03:37.584Z,B34,Corbin,6c7532c9-dcb1-40a3-beaa-690039713dec,SAMMS-CorbinV5
202608241448407370,202608241408172163,202608241408171802,88,5019,P1 Reference Services Bronze - B35,br_samms_services,TASK_COMPLETE,FAILED,ERROR,0,0,1,SaveServices Bronze ForEach failed,2026-08-24T14:08:21.733Z,2026-08-24T15:03:37.584Z,3316,2026-08-24T15:03:37.584Z,B35,Lexington,6c7532c9-dcb1-40a3-beaa-690039713dec,SAMMS-LexingtonV5
202608241448407372,202608241408172164,202608241408171802,88,5020,P1 Reference Services Bronze - B35A,br_samms_services,TASK_COMPLETE,FAILED,ERROR,0,0,1,SaveServices Bronze ForEach failed,2026-08-24T14:08:21.733Z,2026-08-24T15:03:37.584Z,3316,2026-08-24T15:03:37.584Z,B35A,Berea,6c7532c9-dcb1-40a3-beaa-690039713dec,SAMMS-BereaV5
202608241448407373,202608241408172165,202608241408171802,88,5021,P1 Reference Services Bronze - B36,br_samms_services,TASK_COMPLETE,FAILED,ERROR,0,0,1,SaveServices Bronze ForEach failed,2026-08-24T14:08:21.733Z,2026-08-24T15:03:37.584Z,3316,2026-08-24T15:03:37.584Z,B36,Asheville,6c7532c9-dcb1-40a3-beaa-690039713dec,SAMMS-AshevilleV5
202608241448407374,202608241408172166,202608241408171802,88,5022,P1 Reference Services Bronze - B37,br_samms_services,TASK_COMPLETE,FAILED,ERROR,0,0,1,SaveServices Bronze ForEach failed,2026-08-24T14:08:21.733Z,2026-08-24T15:03:37.584Z,3316,2026-08-24T15:03:37.584Z,B37,Clyde,6c7532c9-dcb1-40a3-beaa-690039713dec,SAMMS-ClydeV5
202608241448407376,202608241408172167,202608241408171802,88,5023,P1 Reference Services Bronze - B38,br_samms_services,TASK_COMPLETE,FAILED,ERROR,0,0,1,SaveServices Bronze ForEach failed,2026-08-24T14:08:21.733Z,2026-08-24T15:03:37.584Z,3316,2026-08-24T15:03:37.584Z,B38,Spartanburg,6c7532c9-dcb1-40a3-beaa-690039713dec,SAMMS-SpartanburgV5
202608241448407377,202608241408172168,202608241408171802,88,5024,P1 Reference Services Bronze - B39,br_samms_services,TASK_COMPLETE,FAILED,ERROR,0,0,1,SaveServices Bronze ForEach failed,2026-08-24T14:08:21.733Z,2026-08-24T15:03:37.584Z,3316,2026-08-24T15:03:37.584Z,B39,Aiken,6c7532c9-dcb1-40a3-beaa-690039713dec,SAMMS-AikenV5
202608241333251511,202608241253386969,202608241253386616,88,5011,P1 Reference Services Bronze - B26,br_samms_services,TASK_COMPLETE,FAILED,ERROR,0,0,1,SaveServices Bronze ForEach failed,2026-08-24T12:53:42.369Z,2026-08-24T13:42:52.652Z,2950,2026-08-24T13:42:52.652Z,B26,Hazard,8f1806c1-b1f2-4ac5-b25b-086fec51b8fb,SAMMS-HazardV5
202608241333251512,202608241253386970,202608241253386616,88,5012,P1 Reference Services Bronze - B27,br_samms_services,TASK_COMPLETE,FAILED,ERROR,0,0,1,SaveServices Bronze ForEach failed,2026-08-24T12:53:42.369Z,2026-08-24T13:42:52.652Z,2950,2026-08-24T13:42:52.652Z,B27,Savannah,8f1806c1-b1f2-4ac5-b25b-086fec51b8fb,SAMMS-SavannahV6
202608241333251513,202608241253386971,202608241253386616,88,5013,P1 Reference Services Bronze - B28,br_samms_services,TASK_COMPLETE,FAILED,ERROR,0,0,1,SaveServices Bronze ForEach failed,2026-08-24T12:53:42.369Z,2026-08-24T13:42:52.652Z,2950,2026-08-24T13:42:52.652Z,B28,WestPlaines,8f1806c1-b1f2-4ac5-b25b-086fec51b8fb,SAMMS-WestPlainesV5
202608241333251514,202608241253386972,202608241253386616,88,5014,P1 Reference Services Bronze - B29,br_samms_services,TASK_COMPLETE,FAILED,ERROR,0,0,1,SaveServices Bronze ForEach failed,2026-08-24T12:53:42.369Z,2026-08-24T13:42:52.652Z,2950,2026-08-24T13:42:52.652Z,B29,PoplarBluff,8f1806c1-b1f2-4ac5-b25b-086fec51b8fb,SAMMS-PoplarBluffV5
202608241333251516,202608241253386973,202608241253386616,88,5015,P1 Reference Services Bronze - B30,br_samms_services,TASK_COMPLETE,FAILED,ERROR,0,0,1,SaveServices Bronze ForEach failed,2026-08-24T12:53:42.369Z,2026-08-24T13:42:52.652Z,2950,2026-08-24T13:42:52.652Z,B30,KCN,8f1806c1-b1f2-4ac5-b25b-086fec51b8fb,SAMMS-KCNv5
202608241333251517,202608241253386974,202608241253386616,88,5016,P1 Reference Services Bronze - B31,br_samms_services,TASK_COMPLETE,FAILED,ERROR,0,0,1,SaveServices Bronze ForEach failed,2026-08-24T12:53:42.369Z,2026-08-24T13:42:52.652Z,2950,2026-08-24T13:42:52.652Z,B31,Dyersburg,8f1806c1-b1f2-4ac5-b25b-086fec51b8fb,SAMMS-DyersburgV5
202608241333251518,202608241253386975,202608241253386616,88,5017,P1 Reference Services Bronze - B33,br_samms_services,TASK_COMPLETE,FAILED,ERROR,0,0,1,SaveServices Bronze ForEach failed,2026-08-24T12:53:42.369Z,2026-08-24T13:42:52.652Z,2950,2026-08-24T13:42:52.652Z,B33,Paducah,8f1806c1-b1f2-4ac5-b25b-086fec51b8fb,SAMMS-Paducah
202608241333251519,202608241253386976,202608241253386616,88,5018,P1 Reference Services Bronze - B34,br_samms_services,TASK_COMPLETE,FAILED,ERROR,0,0,1,SaveServices Bronze ForEach failed,2026-08-24T12:53:42.369Z,2026-08-24T13:42:52.652Z,2950,2026-08-24T13:42:52.652Z,B34,Corbin,8f1806c1-b1f2-4ac5-b25b-086fec51b8fb,SAMMS-CorbinV5
202608241333251521,202608241253386977,202608241253386616,88,5019,P1 Reference Services Bronze - B35,br_samms_services,TASK_COMPLETE,FAILED,ERROR,0,0,1,SaveServices Bronze ForEach failed,2026-08-24T12:53:42.369Z,2026-08-24T13:42:52.652Z,2950,2026-08-24T13:42:52.652Z,B35,Lexington,8f1806c1-b1f2-4ac5-b25b-086fec51b8fb,SAMMS-LexingtonV5
202608241333251522,202608241253386978,202608241253386616,88,5020,P1 Reference Services Bronze - B35A,br_samms_services,TASK_COMPLETE,FAILED,ERROR,0,0,1,SaveServices Bronze ForEach failed,2026-08-24T12:53:42.369Z,2026-08-24T13:42:52.652Z,2950,2026-08-24T13:42:52.652Z,B35A,Berea,8f1806c1-b1f2-4ac5-b25b-086fec51b8fb,SAMMS-BereaV5
202608241333251523,202608241253386979,202608241253386616,88,5021,P1 Reference Services Bronze - B36,br_samms_services,TASK_COMPLETE,FAILED,ERROR,0,0,1,SaveServices Bronze ForEach failed,2026-08-24T12:53:42.369Z,2026-08-24T13:42:52.652Z,2950,2026-08-24T13:42:52.652Z,B36,Asheville,8f1806c1-b1f2-4ac5-b25b-086fec51b8fb,SAMMS-AshevilleV5
202608241333251525,202608241253386980,202608241253386616,88,5022,P1 Reference Services Bronze - B37,br_samms_services,TASK_COMPLETE,FAILED,ERROR,0,0,1,SaveServices Bronze ForEach failed,2026-08-24T12:53:42.369Z,2026-08-24T13:42:52.652Z,2950,2026-08-24T13:42:52.652Z,B37,Clyde,8f1806c1-b1f2-4ac5-b25b-086fec51b8fb,SAMMS-ClydeV5
202608241333251526,202608241253386981,202608241253386616,88,5023,P1 Reference Services Bronze - B38,br_samms_services,TASK_COMPLETE,FAILED,ERROR,0,0,1,SaveServices Bronze ForEach failed,2026-08-24T12:53:42.369Z,2026-08-24T13:42:52.652Z,2950,2026-08-24T13:42:52.652Z,B38,Spartanburg,8f1806c1-b1f2-4ac5-b25b-086fec51b8fb,SAMMS-SpartanburgV5
202608241333251527,202608241253386982,202608241253386616,88,5024,P1 Reference Services Bronze - B39,br_samms_services,TASK_COMPLETE,FAILED,ERROR,0,0,1,SaveServices Bronze ForEach failed,2026-08-24T12:53:42.369Z,2026-08-24T13:42:52.652Z,2950,2026-08-24T13:42:52.652Z,B39,Aiken,8f1806c1-b1f2-4ac5-b25b-086fec51b8fb,SAMMS-AikenV5
202608241333251568,202608241253387011,202608241253386616,88,5053,P1 Reference Services Bronze - CBCO,br_samms_services,TASK_COMPLETE,FAILED,ERROR,0,0,1,SaveServices Bronze ForEach failed,2026-08-24T12:53:42.369Z,2026-08-24T13:42:52.652Z,2950,2026-08-24T13:42:52.652Z,CBCO,CoeurdAlene,8f1806c1-b1f2-4ac5-b25b-086fec51b8fb,SAMMS-CoeurdAleneV6
202608241333251569,202608241253387012,202608241253386616,88,5054,P1 Reference Services Bronze - CON,br_samms_services,TASK_COMPLETE,FAILED,ERROR,0,0,1,SaveServices Bronze ForEach failed,2026-08-24T12:53:42.369Z,2026-08-24T13:42:52.652Z,2950,2026-08-24T13:42:52.652Z,CON,Conway,8f1806c1-b1f2-4ac5-b25b-086fec51b8fb,SAMMS-Conway
202608241333251571,202608241253387013,202608241253386616,88,5055,P1 Reference Services Bronze - D07,br_samms_services,TASK_COMPLETE,FAILED,ERROR,0,0,1,SaveServices Bronze ForEach failed,2026-08-24T12:53:42.369Z,2026-08-24T13:42:52.652Z,2950,2026-08-24T13:42:52.652Z,D07,Knoxville,8f1806c1-b1f2-4ac5-b25b-086fec51b8fb,SAMMS-KnoxvilleV6
202608241333251572,202608241253387014,202608241253386616,88,5056,P1 Reference Services Bronze - D08,br_samms_services,TASK_COMPLETE,FAILED,ERROR,0,0,1,SaveServices Bronze ForEach failed,2026-08-24T12:53:42.369Z,2026-08-24T13:42:52.652Z,2950,2026-08-24T13:42:52.652Z,D08,Madison,8f1806c1-b1f2-4ac5-b25b-086fec51b8fb,SAMMS-MadisonV6
202608241333251574,202608241253387015,202608241253386616,88,5057,P1 Reference Services Bronze - D09,br_samms_services,TASK_COMPLETE,FAILED,ERROR,0,0,1,SaveServices Bronze ForEach failed,2026-08-24T12:53:42.369Z,2026-08-24T13:42:52.652Z,2950,2026-08-24T13:42:52.652Z,D09,Murfreesboro,8f1806c1-b1f2-4ac5-b25b-086fec51b8fb,SAMMS-MurfreesboroV6
202608241333251575,202608241253387016,202608241253386616,88,5058,P1 Reference Services Bronze - DA,br_samms_services,TASK_COMPLETE,FAILED,ERROR,0,0,1,SaveServices Bronze ForEach failed,2026-08-24T12:53:42.369Z,2026-08-24T13:42:52.652Z,2950,2026-08-24T13:42:52.652Z,DA,Davenport,8f1806c1-b1f2-4ac5-b25b-086fec51b8fb,SAMMS-Davenport
202608241333251577,202608241253387017,202608241253386616,88,5059,P1 Reference Services Bronze - DM,br_samms_services,TASK_COMPLETE,FAILED,ERROR,0,0,1,SaveServices Bronze ForEach failed,2026-08-24T12:53:42.369Z,2026-08-24T13:42:52.652Z,2950,2026-08-24T13:42:52.652Z,DM,DesMoines,8f1806c1-b1f2-4ac5-b25b-086fec51b8fb,SAMMS-DesMoines
202608241333251578,202608241253387018,202608241253386616,88,5060,P1 Reference Services Bronze - DRD-CO,br_samms_services,TASK_COMPLETE,FAILED,ERROR,0,0,1,SaveServices Bronze ForEach failed,2026-08-24T12:53:42.369Z,2026-08-24T13:42:52.652Z,2950,2026-08-24T13:42:52.652Z,DRD-CO,Columbia,8f1806c1-b1f2-4ac5-b25b-086fec51b8fb,SAMMS-ColumbiaV5
202608241333251579,202608241253387019,202608241253386616,88,5061,P1 Reference Services Bronze - DRD-KC,br_samms_services,TASK_COMPLETE,FAILED,ERROR,0,0,1,SaveServices Bronze ForEach failed,2026-08-24T12:53:42.369Z,2026-08-24T13:42:52.652Z,2950,2026-08-24T13:42:52.652Z,DRD-KC,KC,8f1806c1-b1f2-4ac5-b25b-086fec51b8fb,SAMMS-KCv5
202608241333251581,202608241253387020,202608241253386616,88,5062,P1 Reference Services Bronze - DRD-KVB,br_samms_services,TASK_COMPLETE,FAILED,ERROR,0,0,1,SaveServices Bronze ForEach failed,2026-08-24T12:53:42.369Z,2026-08-24T13:42:52.652Z,2950,2026-08-24T13:42:52.652Z,DRD-KVB,KVB,8f1806c1-b1f2-4ac5-b25b-086fec51b8fb,SAMMS-KVBv5
202608241333251582,202608241253387021,202608241253386616,88,5063,P1 Reference Services Bronze - DRD-KVC,br_samms_services,TASK_COMPLETE,FAILED,ERROR,0,0,1,SaveServices Bronze ForEach failed,2026-08-24T12:53:42.369Z,2026-08-24T13:42:52.652Z,2950,2026-08-24T13:42:52.652Z,DRD-KVC,KVC,8f1806c1-b1f2-4ac5-b25b-086fec51b8fb,SAMMS-KVCv5
202608241333251584,202608241253387022,202608241253386616,88,5064,P1 Reference Services Bronze - DRD-NOLA,br_samms_services,TASK_COMPLETE,FAILED,ERROR,0,0,1,SaveServices Bronze ForEach failed,2026-08-24T12:53:42.369Z,2026-08-24T13:42:52.652Z,2950,2026-08-24T13:42:52.652Z,DRD-NOLA,NOLA,8f1806c1-b1f2-4ac5-b25b-086fec51b8fb,SAMMS-NOLAv5
202608241333251585,202608241253387023,202608241253386616,88,5065,P1 Reference Services Bronze - DRD-SF,br_samms_services,TASK_COMPLETE,FAILED,ERROR,0,0,1,SaveServices Bronze ForEach failed,2026-08-24T12:53:42.369Z,2026-08-24T13:42:52.652Z,2950,2026-08-24T13:42:52.652Z,DRD-SF,SF,8f1806c1-b1f2-4ac5-b25b-086fec51b8fb,SAMMS-SFv5
202608241333251587,202608241253387024,202608241253386616,88,5066,P1 Reference Services Bronze - ELC,br_samms_services,TASK_COMPLETE,FAILED,ERROR,0,0,1,SaveServices Bronze ForEach failed,2026-08-24T12:53:42.369Z,2026-08-24T13:42:52.652Z,2950,2026-08-24T13:42:52.652Z,ELC,ElizabethCity,8f1806c1-b1f2-4ac5-b25b-086fec51b8fb,SAMMS-ElizabethCity
202608221320321671,202608221237332201,202608221237331665,88,5195,P1 Reference Dropdown List Items Bronze - LAN,br_samms_dropdown_list_items,TASK_COMPLETE,SUCCESS,INFO,4383,4383,0,,2026-08-22T12:37:36.805Z,2026-08-22T13:23:02.807Z,2726,2026-08-22T13:23:02.807Z,LAN,Lansing,63818914-9c2b-4ff6-ac1c-35595835ab93,SAMMS-Lansing
202608221320321673,202608221237332202,202608221237331665,88,5196,P1 Reference Dropdown List Items Bronze - LO,br_samms_dropdown_list_items,TASK_COMPLETE,SUCCESS,INFO,4383,4383,0,,2026-08-22T12:37:36.805Z,2026-08-22T13:23:02.807Z,2726,2026-08-22T13:23:02.807Z,LO,Louisville,63818914-9c2b-4ff6-ac1c-35595835ab93,SAMMS-Louisville
202608221320321675,202608221237332203,202608221237331665,88,5197,P1 Reference Dropdown List Items Bronze - LV1,br_samms_dropdown_list_items,TASK_COMPLETE,SUCCESS,INFO,4383,4383,0,,2026-08-22T12:37:36.805Z,2026-08-22T13:23:02.807Z,2726,2026-08-22T13:23:02.807Z,LV1,Cheyenne,63818914-9c2b-4ff6-ac1c-35595835ab93,SAMMS-Cheyenne
202608221320321677,202608221237332204,202608221237331665,88,5198,P1 Reference Dropdown List Items Bronze - LV2,br_samms_dropdown_list_items,TASK_COMPLETE,SUCCESS,INFO,4383,4383,0,,2026-08-22T12:37:36.805Z,2026-08-22T13:23:02.807Z,2726,2026-08-22T13:23:02.807Z,LV2,DesertInn,63818914-9c2b-4ff6-ac1c-35595835ab93,SAMMS-DesertInn
202608221320321679,202608221237332205,202608221237331665,88,5199,P1 Reference Dropdown List Items Bronze - LV3,br_samms_dropdown_list_items,TASK_COMPLETE,SUCCESS,INFO,4383,4383,0,,2026-08-22T12:37:36.805Z,2026-08-22T13:23:02.807Z,2726,2026-08-22T13:23:02.807Z,LV3,McDaniel,63818914-9c2b-4ff6-ac1c-35595835ab93,SAMMS-McDaniel
202608221320321680,202608221237332206,202608221237331665,88,5200,P1 Reference Dropdown List Items Bronze - MNRE,br_samms_dropdown_list_items,TASK_COMPLETE,SUCCESS,INFO,4365,4365,0,,2026-08-22T12:37:36.805Z,2026-08-22T13:23:02.807Z,2726,2026-08-22T13:23:02.807Z,MNRE,Monroe,63818914-9c2b-4ff6-ac1c-35595835ab93,SAMMS-Monroe
202608221320321682,202608221237332207,202608221237331665,88,5201,P1 Reference Dropdown List Items Bronze - MP,br_samms_dropdown_list_items,TASK_COMPLETE,SUCCESS,INFO,4366,4366,0,,2026-08-22T12:37:36.805Z,2026-08-22T13:23:02.807Z,2726,2026-08-22T13:23:02.807Z,MP,MtPleasant,63818914-9c2b-4ff6-ac1c-35595835ab93,SAMMS-MtPleasant
202608221320321684,202608221237332208,202608221237331665,88,5202,P1 Reference Dropdown List Items Bronze - MRD,br_samms_dropdown_list_items,TASK_COMPLETE,SUCCESS,INFO,4365,4365,0,,2026-08-22T12:37:36.805Z,2026-08-22T13:23:02.807Z,2726,2026-08-22T13:23:02.807Z,MRD,Meridian,63818914-9c2b-4ff6-ac1c-35595835ab93,SAMMS-Meridian
202608221320321687,202608221237332209,202608221237331665,88,5203,P1 Reference Dropdown List Items Bronze - NC,br_samms_dropdown_list_items,TASK_COMPLETE,SUCCESS,INFO,4383,4383,0,,2026-08-22T12:37:36.805Z,2026-08-22T13:23:02.807Z,2726,2026-08-22T13:23:02.807Z,NC,NorthCharleston,63818914-9c2b-4ff6-ac1c-35595835ab93,SAMMS-NorthCharleston
202608221320321689,202608221237332210,202608221237331665,88,5204,P1 Reference Dropdown List Items Bronze - NLR,br_samms_dropdown_list_items,TASK_COMPLETE,SUCCESS,INFO,4383,4383,0,,2026-08-22T12:37:36.805Z,2026-08-22T13:23:02.807Z,2726,2026-08-22T13:23:02.807Z,NLR,NLROBOT,63818914-9c2b-4ff6-ac1c-35595835ab93,SAMMS-NLROBOT
202608221320321691,202608221237332211,202608221237331665,88,5205,P1 Reference Dropdown List Items Bronze - PH,br_samms_dropdown_list_items,TASK_COMPLETE,SUCCESS,INFO,3851,3851,0,,2026-08-22T12:37:36.805Z,2026-08-22T13:23:02.807Z,2726,2026-08-22T13:23:02.807Z,PH,Phoenix,63818914-9c2b-4ff6-ac1c-35595835ab93,SAMMS-Phoenix
202608221320321693,202608221237332212,202608221237331665,88,5206,P1 Reference Dropdown List Items Bronze - RE,br_samms_dropdown_list_items,TASK_COMPLETE,SUCCESS,INFO,4383,4383,0,,2026-08-22T12:37:36.805Z,2026-08-22T13:23:02.807Z,2726,2026-08-22T13:23:02.807Z,RE,Reno,63818914-9c2b-4ff6-ac1c-35595835ab93,SAMMS-Reno
202608221320321695,202608221237332213,202608221237331665,88,5207,P1 Reference Dropdown List Items Bronze - RMD,br_samms_dropdown_list_items,TASK_COMPLETE,SUCCESS,INFO,4383,4383,0,,2026-08-22T12:37:36.805Z,2026-08-22T13:23:02.807Z,2726,2026-08-22T13:23:02.807Z,RMD,Richmond,63818914-9c2b-4ff6-ac1c-35595835ab93,SAMMS-Richmond
202608221320321697,202608221237332214,202608221237331665,88,5208,P1 Reference Dropdown List Items Bronze - SFN,br_samms_dropdown_list_items,TASK_COMPLETE,SUCCESS,INFO,4355,4355,0,,2026-08-22T12:37:36.805Z,2026-08-22T13:23:02.807Z,2726,2026-08-22T13:23:02.807Z,SFN,SFN,63818914-9c2b-4ff6-ac1c-35595835ab93,SAMMS-SFNv5
202608221320321699,202608221237332215,202608221237331665,88,5209,P1 Reference Dropdown List Items Bronze - SHP,br_samms_dropdown_list_items,TASK_COMPLETE,SUCCESS,INFO,4365,4365,0,,2026-08-22T12:37:36.805Z,2026-08-22T13:23:02.807Z,2726,2026-08-22T13:23:02.807Z,SHP,Shreveport,63818914-9c2b-4ff6-ac1c-35595835ab93,SAMMS-Shreveport
202608221320321701,202608221237332216,202608221237331665,88,5210,P1 Reference Dropdown List Items Bronze - STN,br_samms_dropdown_list_items,TASK_COMPLETE,SUCCESS,INFO,4359,4359,0,,2026-08-22T12:37:36.805Z,2026-08-22T13:23:02.807Z,2726,2026-08-22T13:23:02.807Z,STN,Staunton,63818914-9c2b-4ff6-ac1c-35595835ab93,SAMMS-Staunton
202608241448407423,202608241408172197,202608241408171802,88,5053,P1 Reference Services Bronze - CBCO,br_samms_services,TASK_COMPLETE,FAILED,ERROR,0,0,1,SaveServices Bronze ForEach failed,2026-08-24T14:08:21.733Z,2026-08-24T15:03:37.584Z,3316,2026-08-24T15:03:37.584Z,CBCO,CoeurdAlene,6c7532c9-dcb1-40a3-beaa-690039713dec,SAMMS-CoeurdAleneV6
202608241448407425,202608241408172198,202608241408171802,88,5054,P1 Reference Services Bronze - CON,br_samms_services,TASK_COMPLETE,FAILED,ERROR,0,0,1,SaveServices Bronze ForEach failed,2026-08-24T14:08:21.733Z,2026-08-24T15:03:37.584Z,3316,2026-08-24T15:03:37.584Z,CON,Conway,6c7532c9-dcb1-40a3-beaa-690039713dec,SAMMS-Conway
202608241448407427,202608241408172199,202608241408171802,88,5055,P1 Reference Services Bronze - D07,br_samms_services,TASK_COMPLETE,FAILED,ERROR,0,0,1,SaveServices Bronze ForEach failed,2026-08-24T14:08:21.733Z,2026-08-24T15:03:37.584Z,3316,2026-08-24T15:03:37.584Z,D07,Knoxville,6c7532c9-dcb1-40a3-beaa-690039713dec,SAMMS-KnoxvilleV6
202608241448407429,202608241408172200,202608241408171802,88,5056,P1 Reference Services Bronze - D08,br_samms_services,TASK_COMPLETE,FAILED,ERROR,0,0,1,SaveServices Bronze ForEach failed,2026-08-24T14:08:21.733Z,2026-08-24T15:03:37.584Z,3316,2026-08-24T15:03:37.584Z,D08,Madison,6c7532c9-dcb1-40a3-beaa-690039713dec,SAMMS-MadisonV6
202608241448407431,202608241408172201,202608241408171802,88,5057,P1 Reference Services Bronze - D09,br_samms_services,TASK_COMPLETE,FAILED,ERROR,0,0,1,SaveServices Bronze ForEach failed,2026-08-24T14:08:21.733Z,2026-08-24T15:03:37.584Z,3316,2026-08-24T15:03:37.584Z,D09,Murfreesboro,6c7532c9-dcb1-40a3-beaa-690039713dec,SAMMS-MurfreesboroV6
202608241448407433,202608241408172202,202608241408171802,88,5058,P1 Reference Services Bronze - DA,br_samms_services,TASK_COMPLETE,FAILED,ERROR,0,0,1,SaveServices Bronze ForEach failed,2026-08-24T14:08:21.733Z,2026-08-24T15:03:37.584Z,3316,2026-08-24T15:03:37.584Z,DA,Davenport,6c7532c9-dcb1-40a3-beaa-690039713dec,SAMMS-Davenport
202608241448407435,202608241408172203,202608241408171802,88,5059,P1 Reference Services Bronze - DM,br_samms_services,TASK_COMPLETE,FAILED,ERROR,0,0,1,SaveServices Bronze ForEach failed,2026-08-24T14:08:21.733Z,2026-08-24T15:03:37.584Z,3316,2026-08-24T15:03:37.584Z,DM,DesMoines,6c7532c9-dcb1-40a3-beaa-690039713dec,SAMMS-DesMoines
202608241448407436,202608241408172204,202608241408171802,88,5060,P1 Reference Services Bronze - DRD-CO,br_samms_services,TASK_COMPLETE,FAILED,ERROR,0,0,1,SaveServices Bronze ForEach failed,2026-08-24T14:08:21.733Z,2026-08-24T15:03:37.584Z,3316,2026-08-24T15:03:37.584Z,DRD-CO,Columbia,6c7532c9-dcb1-40a3-beaa-690039713dec,SAMMS-ColumbiaV5
202608241448407438,202608241408172205,202608241408171802,88,5061,P1 Reference Services Bronze - DRD-KC,br_samms_services,TASK_COMPLETE,FAILED,ERROR,0,0,1,SaveServices Bronze ForEach failed,2026-08-24T14:08:21.733Z,2026-08-24T15:03:37.584Z,3316,2026-08-24T15:03:37.584Z,DRD-KC,KC,6c7532c9-dcb1-40a3-beaa-690039713dec,SAMMS-KCv5
202608241448407440,202608241408172206,202608241408171802,88,5062,P1 Reference Services Bronze - DRD-KVB,br_samms_services,TASK_COMPLETE,FAILED,ERROR,0,0,1,SaveServices Bronze ForEach failed,2026-08-24T14:08:21.733Z,2026-08-24T15:03:37.584Z,3316,2026-08-24T15:03:37.584Z,DRD-KVB,KVB,6c7532c9-dcb1-40a3-beaa-690039713dec,SAMMS-KVBv5
202608241448407442,202608241408172207,202608241408171802,88,5063,P1 Reference Services Bronze - DRD-KVC,br_samms_services,TASK_COMPLETE,FAILED,ERROR,0,0,1,SaveServices Bronze ForEach failed,2026-08-24T14:08:21.733Z,2026-08-24T15:03:37.584Z,3316,2026-08-24T15:03:37.584Z,DRD-KVC,KVC,6c7532c9-dcb1-40a3-beaa-690039713dec,SAMMS-KVCv5
202608241448407444,202608241408172208,202608241408171802,88,5064,P1 Reference Services Bronze - DRD-NOLA,br_samms_services,TASK_COMPLETE,FAILED,ERROR,0,0,1,SaveServices Bronze ForEach failed,2026-08-24T14:08:21.733Z,2026-08-24T15:03:37.584Z,3316,2026-08-24T15:03:37.584Z,DRD-NOLA,NOLA,6c7532c9-dcb1-40a3-beaa-690039713dec,SAMMS-NOLAv5
202608241448407446,202608241408172209,202608241408171802,88,5065,P1 Reference Services Bronze - DRD-SF,br_samms_services,TASK_COMPLETE,FAILED,ERROR,0,0,1,SaveServices Bronze ForEach failed,2026-08-24T14:08:21.733Z,2026-08-24T15:03:37.584Z,3316,2026-08-24T15:03:37.584Z,DRD-SF,SF,6c7532c9-dcb1-40a3-beaa-690039713dec,SAMMS-SFv5
202608241448407448,202608241408172210,202608241408171802,88,5066,P1 Reference Services Bronze - ELC,br_samms_services,TASK_COMPLETE,FAILED,ERROR,0,0,1,SaveServices Bronze ForEach failed,2026-08-24T14:08:21.733Z,2026-08-24T15:03:37.584Z,3316,2026-08-24T15:03:37.584Z,ELC,ElizabethCity,6c7532c9-dcb1-40a3-beaa-690039713dec,SAMMS-ElizabethCity
202608241333250066,202608241253386803,202608241253386616,88,8602,P1 Reference 3P Setup Bronze - LAB,br_samms_3p_setup,TASK_COMPLETE,FAILED,ERROR,0,0,1,Save3pSetup Bronze ForEach failed,2026-08-24T12:53:42.369Z,2026-08-24T13:42:52.652Z,2950,2026-08-24T13:42:52.652Z,LAB,Lab,8f1806c1-b1f2-4ac5-b25b-086fec51b8fb,SAMMS-LabV5-V2
202608241333250068,202608241253386804,202608241253386616,88,4841,P1 Reference 3P Setup Bronze - LAN,br_samms_3p_setup,TASK_COMPLETE,FAILED,ERROR,0,0,1,Save3pSetup Bronze ForEach failed,2026-08-24T12:53:42.369Z,2026-08-24T13:42:52.652Z,2950,2026-08-24T13:42:52.652Z,LAN,Lansing,8f1806c1-b1f2-4ac5-b25b-086fec51b8fb,SAMMS-Lansing
202608241333250070,202608241253386805,202608241253386616,88,4842,P1 Reference 3P Setup Bronze - LO,br_samms_3p_setup,TASK_COMPLETE,FAILED,ERROR,0,0,1,Save3pSetup Bronze ForEach failed,2026-08-24T12:53:42.369Z,2026-08-24T13:42:52.652Z,2950,2026-08-24T13:42:52.652Z,LO,Louisville,8f1806c1-b1f2-4ac5-b25b-086fec51b8fb,SAMMS-Louisville
202608241333250072,202608241253386806,202608241253386616,88,4843,P1 Reference 3P Setup Bronze - LV1,br_samms_3p_setup,TASK_COMPLETE,FAILED,ERROR,0,0,1,Save3pSetup Bronze ForEach failed,2026-08-24T12:53:42.369Z,2026-08-24T13:42:52.652Z,2950,2026-08-24T13:42:52.652Z,LV1,Cheyenne,8f1806c1-b1f2-4ac5-b25b-086fec51b8fb,SAMMS-Cheyenne
202608241333250073,202608241253386807,202608241253386616,88,4844,P1 Reference 3P Setup Bronze - LV2,br_samms_3p_setup,TASK_COMPLETE,FAILED,ERROR,0,0,1,Save3pSetup Bronze ForEach failed,2026-08-24T12:53:42.369Z,2026-08-24T13:42:52.652Z,2950,2026-08-24T13:42:52.652Z,LV2,DesertInn,8f1806c1-b1f2-4ac5-b25b-086fec51b8fb,SAMMS-DesertInn
202608241333250075,202608241253386808,202608241253386616,88,4845,P1 Reference 3P Setup Bronze - LV3,br_samms_3p_setup,TASK_COMPLETE,FAILED,ERROR,0,0,1,Save3pSetup Bronze ForEach failed,2026-08-24T12:53:42.369Z,2026-08-24T13:42:52.652Z,2950,2026-08-24T13:42:52.652Z,LV3,McDaniel,8f1806c1-b1f2-4ac5-b25b-086fec51b8fb,SAMMS-McDaniel
202608241333250077,202608241253386809,202608241253386616,88,4846,P1 Reference 3P Setup Bronze - MNRE,br_samms_3p_setup,TASK_COMPLETE,FAILED,ERROR,0,0,1,Save3pSetup Bronze ForEach failed,2026-08-24T12:53:42.369Z,2026-08-24T13:42:52.652Z,2950,2026-08-24T13:42:52.652Z,MNRE,Monroe,8f1806c1-b1f2-4ac5-b25b-086fec51b8fb,SAMMS-Monroe
202608241333250078,202608241253386810,202608241253386616,88,4847,P1 Reference 3P Setup Bronze - MP,br_samms_3p_setup,TASK_COMPLETE,FAILED,ERROR,0,0,1,Save3pSetup Bronze ForEach failed,2026-08-24T12:53:42.369Z,2026-08-24T13:42:52.652Z,2950,2026-08-24T13:42:52.652Z,MP,MtPleasant,8f1806c1-b1f2-4ac5-b25b-086fec51b8fb,SAMMS-MtPleasant
202608241333250080,202608241253386811,202608241253386616,88,4848,P1 Reference 3P Setup Bronze - MRD,br_samms_3p_setup,TASK_COMPLETE,FAILED,ERROR,0,0,1,Save3pSetup Bronze ForEach failed,2026-08-24T12:53:42.369Z,2026-08-24T13:42:52.652Z,2950,2026-08-24T13:42:52.652Z,MRD,Meridian,8f1806c1-b1f2-4ac5-b25b-086fec51b8fb,SAMMS-Meridian
202608241333250082,202608241253386812,202608241253386616,88,4849,P1 Reference 3P Setup Bronze - NC,br_samms_3p_setup,TASK_COMPLETE,FAILED,ERROR,0,0,1,Save3pSetup Bronze ForEach failed,2026-08-24T12:53:42.369Z,2026-08-24T13:42:52.652Z,2950,2026-08-24T13:42:52.652Z,NC,NorthCharleston,8f1806c1-b1f2-4ac5-b25b-086fec51b8fb,SAMMS-NorthCharleston
202608241333250083,202608241253386813,202608241253386616,88,4850,P1 Reference 3P Setup Bronze - NLR,br_samms_3p_setup,TASK_COMPLETE,FAILED,ERROR,0,0,1,Save3pSetup Bronze ForEach failed,2026-08-24T12:53:42.369Z,2026-08-24T13:42:52.652Z,2950,2026-08-24T13:42:52.652Z,NLR,NLROBOT,8f1806c1-b1f2-4ac5-b25b-086fec51b8fb,SAMMS-NLROBOT
202608241333250085,202608241253386814,202608241253386616,88,4851,P1 Reference 3P Setup Bronze - PH,br_samms_3p_setup,TASK_COMPLETE,FAILED,ERROR,0,0,1,Save3pSetup Bronze ForEach failed,2026-08-24T12:53:42.369Z,2026-08-24T13:42:52.652Z,2950,2026-08-24T13:42:52.652Z,PH,Phoenix,8f1806c1-b1f2-4ac5-b25b-086fec51b8fb,SAMMS-Phoenix
202608241333250087,202608241253386815,202608241253386616,88,4852,P1 Reference 3P Setup Bronze - RE,br_samms_3p_setup,TASK_COMPLETE,FAILED,ERROR,0,0,1,Save3pSetup Bronze ForEach failed,2026-08-24T12:53:42.369Z,2026-08-24T13:42:52.652Z,2950,2026-08-24T13:42:52.652Z,RE,Reno,8f1806c1-b1f2-4ac5-b25b-086fec51b8fb,SAMMS-Reno
202608241333250089,202608241253386816,202608241253386616,88,4853,P1 Reference 3P Setup Bronze - RMD,br_samms_3p_setup,TASK_COMPLETE,FAILED,ERROR,0,0,1,Save3pSetup Bronze ForEach failed,2026-08-24T12:53:42.369Z,2026-08-24T13:42:52.652Z,2950,2026-08-24T13:42:52.652Z,RMD,Richmond,8f1806c1-b1f2-4ac5-b25b-086fec51b8fb,SAMMS-Richmond
202608241448405903,202608241408171989,202608241408171802,88,8602,P1 Reference 3P Setup Bronze - LAB,br_samms_3p_setup,TASK_COMPLETE,FAILED,ERROR,0,0,1,Save3pSetup Bronze ForEach failed,2026-08-24T14:08:21.733Z,2026-08-24T15:03:37.584Z,3316,2026-08-24T15:03:37.584Z,LAB,Lab,6c7532c9-dcb1-40a3-beaa-690039713dec,SAMMS-LabV5-V2
202608241448405905,202608241408171990,202608241408171802,88,4841,P1 Reference 3P Setup Bronze - LAN,br_samms_3p_setup,TASK_COMPLETE,FAILED,ERROR,0,0,1,Save3pSetup Bronze ForEach failed,2026-08-24T14:08:21.733Z,2026-08-24T15:03:37.584Z,3316,2026-08-24T15:03:37.584Z,LAN,Lansing,6c7532c9-dcb1-40a3-beaa-690039713dec,SAMMS-Lansing
202608241448405907,202608241408171991,202608241408171802,88,4842,P1 Reference 3P Setup Bronze - LO,br_samms_3p_setup,TASK_COMPLETE,FAILED,ERROR,0,0,1,Save3pSetup Bronze ForEach failed,2026-08-24T14:08:21.733Z,2026-08-24T15:03:37.584Z,3316,2026-08-24T15:03:37.584Z,LO,Louisville,6c7532c9-dcb1-40a3-beaa-690039713dec,SAMMS-Louisville
202608241448405909,202608241408171992,202608241408171802,88,4843,P1 Reference 3P Setup Bronze - LV1,br_samms_3p_setup,TASK_COMPLETE,FAILED,ERROR,0,0,1,Save3pSetup Bronze ForEach failed,2026-08-24T14:08:21.733Z,2026-08-24T15:03:37.584Z,3316,2026-08-24T15:03:37.584Z,LV1,Cheyenne,6c7532c9-dcb1-40a3-beaa-690039713dec,SAMMS-Cheyenne
202608241448405910,202608241408171993,202608241408171802,88,4844,P1 Reference 3P Setup Bronze - LV2,br_samms_3p_setup,TASK_COMPLETE,FAILED,ERROR,0,0,1,Save3pSetup Bronze ForEach failed,2026-08-24T14:08:21.733Z,2026-08-24T15:03:37.584Z,3316,2026-08-24T15:03:37.584Z,LV2,DesertInn,6c7532c9-dcb1-40a3-beaa-690039713dec,SAMMS-DesertInn
202608241448405912,202608241408171994,202608241408171802,88,4845,P1 Reference 3P Setup Bronze - LV3,br_samms_3p_setup,TASK_COMPLETE,FAILED,ERROR,0,0,1,Save3pSetup Bronze ForEach failed,2026-08-24T14:08:21.733Z,2026-08-24T15:03:37.584Z,3316,2026-08-24T15:03:37.584Z,LV3,McDaniel,6c7532c9-dcb1-40a3-beaa-690039713dec,SAMMS-McDaniel
202608241448405914,202608241408171995,202608241408171802,88,4846,P1 Reference 3P Setup Bronze - MNRE,br_samms_3p_setup,TASK_COMPLETE,FAILED,ERROR,0,0,1,Save3pSetup Bronze ForEach failed,2026-08-24T14:08:21.733Z,2026-08-24T15:03:37.584Z,3316,2026-08-24T15:03:37.584Z,MNRE,Monroe,6c7532c9-dcb1-40a3-beaa-690039713dec,SAMMS-Monroe
202608241448405916,202608241408171996,202608241408171802,88,4847,P1 Reference 3P Setup Bronze - MP,br_samms_3p_setup,TASK_COMPLETE,FAILED,ERROR,0,0,1,Save3pSetup Bronze ForEach failed,2026-08-24T14:08:21.733Z,2026-08-24T15:03:37.584Z,3316,2026-08-24T15:03:37.584Z,MP,MtPleasant,6c7532c9-dcb1-40a3-beaa-690039713dec,SAMMS-MtPleasant
202608241448405917,202608241408171997,202608241408171802,88,4848,P1 Reference 3P Setup Bronze - MRD,br_samms_3p_setup,TASK_COMPLETE,FAILED,ERROR,0,0,1,Save3pSetup Bronze ForEach failed,2026-08-24T14:08:21.733Z,2026-08-24T15:03:37.584Z,3316,2026-08-24T15:03:37.584Z,MRD,Meridian,6c7532c9-dcb1-40a3-beaa-690039713dec,SAMMS-Meridian
202608241448405919,202608241408171998,202608241408171802,88,4849,P1 Reference 3P Setup Bronze - NC,br_samms_3p_setup,TASK_COMPLETE,FAILED,ERROR,0,0,1,Save3pSetup Bronze ForEach failed,2026-08-24T14:08:21.733Z,2026-08-24T15:03:37.584Z,3316,2026-08-24T15:03:37.584Z,NC,NorthCharleston,6c7532c9-dcb1-40a3-beaa-690039713dec,SAMMS-NorthCharleston
202608241448405921,202608241408171999,202608241408171802,88,4850,P1 Reference 3P Setup Bronze - NLR,br_samms_3p_setup,TASK_COMPLETE,FAILED,ERROR,0,0,1,Save3pSetup Bronze ForEach failed,2026-08-24T14:08:21.733Z,2026-08-24T15:03:37.584Z,3316,2026-08-24T15:03:37.584Z,NLR,NLROBOT,6c7532c9-dcb1-40a3-beaa-690039713dec,SAMMS-NLROBOT
202608241448405923,202608241408172000,202608241408171802,88,4851,P1 Reference 3P Setup Bronze - PH,br_samms_3p_setup,TASK_COMPLETE,FAILED,ERROR,0,0,1,Save3pSetup Bronze ForEach failed,2026-08-24T14:08:21.733Z,2026-08-24T15:03:37.584Z,3316,2026-08-24T15:03:37.584Z,PH,Phoenix,6c7532c9-dcb1-40a3-beaa-690039713dec,SAMMS-Phoenix
202608241448405924,202608241408172001,202608241408171802,88,4852,P1 Reference 3P Setup Bronze - RE,br_samms_3p_setup,TASK_COMPLETE,FAILED,ERROR,0,0,1,Save3pSetup Bronze ForEach failed,2026-08-24T14:08:21.733Z,2026-08-24T15:03:37.584Z,3316,2026-08-24T15:03:37.584Z,RE,Reno,6c7532c9-dcb1-40a3-beaa-690039713dec,SAMMS-Reno
202608241448405926,202608241408172002,202608241408171802,88,4853,P1 Reference 3P Setup Bronze - RMD,br_samms_3p_setup,TASK_COMPLETE,FAILED,ERROR,0,0,1,Save3pSetup Bronze ForEach failed,2026-08-24T14:08:21.733Z,2026-08-24T15:03:37.584Z,3316,2026-08-24T15:03:37.584Z,RMD,Richmond,6c7532c9-dcb1-40a3-beaa-690039713dec,SAMMS-Richmond
202608221320321327,202608221237332359,202608221237331665,88,5355,P1 Reference Custom Answers Bronze - VMIN,br_samms_custom_answers,TASK_COMPLETE,SUCCESS,INFO,1124,1124,0,,2026-08-22T12:37:36.805Z,2026-08-22T13:23:02.807Z,2726,2026-08-22T13:23:02.807Z,VMIN,Minneapolis,63818914-9c2b-4ff6-ac1c-35595835ab93,SAMMS-MinneapolisV6
202608221320321329,202608221237332360,202608221237331665,88,5356,P1 Reference Custom Answers Bronze - VWBY,br_samms_custom_answers,TASK_COMPLETE,SUCCESS,INFO,1642,1642,0,,2026-08-22T12:37:36.805Z,2026-08-22T13:23:02.807Z,2726,2026-08-22T13:23:02.807Z,VWBY,Woodbury,63818914-9c2b-4ff6-ac1c-35595835ab93,SAMMS-WoodburyV6
202608221320321331,202608221237332361,202608221237331665,88,5357,P1 Reference Custom Answers Bronze - WIL,br_samms_custom_answers,TASK_COMPLETE,SUCCESS,INFO,338,338,0,,2026-08-22T12:37:36.805Z,2026-08-22T13:23:02.807Z,2726,2026-08-22T13:23:02.807Z,WIL,Wilson,63818914-9c2b-4ff6-ac1c-35595835ab93,SAMMS-Wilson
202608221320321433,202608221237431671,202608221237431665,89,5358,P1 Reference Custom Answers Silver,tbl_CustomAnswers,TASK_COMPLETE,SUCCESS,INFO,192545,192545,0,,2026-08-22T12:37:36.805Z,2026-08-22T13:23:02.807Z,2726,2026-08-22T13:23:02.807Z,,,63818914-9c2b-4ff6-ac1c-35595835ab93,
202608221320321343,202608221237332362,202608221237331665,88,5361,P1 Reference Custom Questions Bronze - AHK,br_samms_custom_questions,TASK_COMPLETE,SUCCESS,INFO,0,0,0,,2026-08-22T12:37:36.805Z,2026-08-22T13:23:02.807Z,2726,2026-08-22T13:23:02.807Z,AHK,Ahoskie,63818914-9c2b-4ff6-ac1c-35595835ab93,SAMMS-Ahoskie
202608221320321344,202608221237332363,202608221237331665,88,5362,P1 Reference Custom Questions Bronze - B12B,br_samms_custom_questions,TASK_COMPLETE,SUCCESS,INFO,49,49,0,,2026-08-22T12:37:36.805Z,2026-08-22T13:23:02.807Z,2726,2026-08-22T13:23:02.807Z,B12B,ColoradoSprings,63818914-9c2b-4ff6-ac1c-35595835ab93,SAMMS-ColoradoSpringsV5
202608221320321345,202608221237332364,202608221237331665,88,5363,P1 Reference Custom Questions Bronze - B24,br_samms_custom_questions,TASK_COMPLETE,SUCCESS,INFO,2,2,0,,2026-08-22T12:37:36.805Z,2026-08-22T13:23:02.807Z,2726,2026-08-22T13:23:02.807Z,B24,Paintsville,63818914-9c2b-4ff6-ac1c-35595835ab93,SAMMS-PaintsvilleV5
202608221320321347,202608221237332365,202608221237331665,88,5364,P1 Reference Custom Questions Bronze - B25,br_samms_custom_questions,TASK_COMPLETE,SUCCESS,INFO,2,2,0,,2026-08-22T12:37:36.805Z,2026-08-22T13:23:02.807Z,2726,2026-08-22T13:23:02.807Z,B25,Pikeville,63818914-9c2b-4ff6-ac1c-35595835ab93,SAMMS-PikevilleV5
202608221320321348,202608221237332366,202608221237331665,88,5365,P1 Reference Custom Questions Bronze - B26,br_samms_custom_questions,TASK_COMPLETE,SUCCESS,INFO,48,48,0,,2026-08-22T12:37:36.805Z,2026-08-22T13:23:02.807Z,2726,2026-08-22T13:23:02.807Z,B26,Hazard,63818914-9c2b-4ff6-ac1c-35595835ab93,SAMMS-HazardV5
202608221320321349,202608221237332367,202608221237331665,88,5366,P1 Reference Custom Questions Bronze - B27,br_samms_custom_questions,TASK_COMPLETE,SUCCESS,INFO,0,0,0,,2026-08-22T12:37:36.805Z,2026-08-22T13:23:02.807Z,2726,2026-08-22T13:23:02.807Z,B27,Savannah,63818914-9c2b-4ff6-ac1c-35595835ab93,SAMMS-SavannahV6
202608221320321350,202608221237332368,202608221237331665,88,5367,P1 Reference Custom Questions Bronze - B28,br_samms_custom_questions,TASK_COMPLETE,SUCCESS,INFO,48,48,0,,2026-08-22T12:37:36.805Z,2026-08-22T13:23:02.807Z,2726,2026-08-22T13:23:02.807Z,B28,WestPlaines,63818914-9c2b-4ff6-ac1c-35595835ab93,SAMMS-WestPlainesV5
202608221320321351,202608221237332369,202608221237331665,88,5368,P1 Reference Custom Questions Bronze - B29,br_samms_custom_questions,TASK_COMPLETE,SUCCESS,INFO,48,48,0,,2026-08-22T12:37:36.805Z,2026-08-22T13:23:02.807Z,2726,2026-08-22T13:23:02.807Z,B29,PoplarBluff,63818914-9c2b-4ff6-ac1c-35595835ab93,SAMMS-PoplarBluffV5
202608221320321353,202608221237332370,202608221237331665,88,5369,P1 Reference Custom Questions Bronze - B30,br_samms_custom_questions,TASK_COMPLETE,SUCCESS,INFO,48,48,0,,2026-08-22T12:37:36.805Z,2026-08-22T13:23:02.807Z,2726,2026-08-22T13:23:02.807Z,B30,KCN,63818914-9c2b-4ff6-ac1c-35595835ab93,SAMMS-KCNv5
202608221320321354,202608221237332371,202608221237331665,88,5370,P1 Reference Custom Questions Bronze - B31,br_samms_custom_questions,TASK_COMPLETE,SUCCESS,INFO,2,2,0,,2026-08-22T12:37:36.805Z,2026-08-22T13:23:02.807Z,2726,2026-08-22T13:23:02.807Z,B31,Dyersburg,63818914-9c2b-4ff6-ac1c-35595835ab93,SAMMS-DyersburgV5
202608221320321355,202608221237332372,202608221237331665,88,5371,P1 Reference Custom Questions Bronze - B33,br_samms_custom_questions,TASK_COMPLETE,SUCCESS,INFO,2,2,0,,2026-08-22T12:37:36.805Z,2026-08-22T13:23:02.807Z,2726,2026-08-22T13:23:02.807Z,B33,Paducah,63818914-9c2b-4ff6-ac1c-35595835ab93,SAMMS-Paducah
202608221320321356,202608221237332373,202608221237331665,88,5372,P1 Reference Custom Questions Bronze - B34,br_samms_custom_questions,TASK_COMPLETE,SUCCESS,INFO,2,2,0,,2026-08-22T12:37:36.805Z,2026-08-22T13:23:02.807Z,2726,2026-08-22T13:23:02.807Z,B34,Corbin,63818914-9c2b-4ff6-ac1c-35595835ab93,SAMMS-CorbinV5
202608241448406354,202608241408172137,202608241408171802,88,4990,P1 Reference Codes Bronze - V17,br_samms_codes,TASK_COMPLETE,FAILED,ERROR,0,0,1,SaveCodes Bronze ForEach failed,2026-08-24T14:08:21.733Z,2026-08-24T15:03:37.584Z,3316,2026-08-24T15:03:37.584Z,V17,ColumbiaTN,6c7532c9-dcb1-40a3-beaa-690039713dec,SAMMS-ColumbiaTNv5
202608241448406356,202608241408172138,202608241408171802,88,4991,P1 Reference Codes Bronze - V19,br_samms_codes,TASK_COMPLETE,FAILED,ERROR,0,0,1,SaveCodes Bronze ForEach failed,2026-08-24T14:08:21.733Z,2026-08-24T15:03:37.584Z,3316,2026-08-24T15:03:37.584Z,V19,Jackson,6c7532c9-dcb1-40a3-beaa-690039713dec,SAMMS-JacksonV5
202608241448406358,202608241408172139,202608241408171802,88,4992,P1 Reference Codes Bronze - V20,br_samms_codes,TASK_COMPLETE,FAILED,ERROR,0,0,1,SaveCodes Bronze ForEach failed,2026-08-24T14:08:21.733Z,2026-08-24T15:03:37.584Z,3316,2026-08-24T15:03:37.584Z,V20,Paris,6c7532c9-dcb1-40a3-beaa-690039713dec,SAMMS-ParisV5
202608241448406360,202608241408172140,202608241408171802,88,4993,P1 Reference Codes Bronze - V21,br_samms_codes,TASK_COMPLETE,FAILED,ERROR,0,0,1,SaveCodes Bronze ForEach failed,2026-08-24T14:08:21.733Z,2026-08-24T15:03:37.584Z,3316,2026-08-24T15:03:37.584Z,V21,Raleigh,6c7532c9-dcb1-40a3-beaa-690039713dec,SAMMS-RaleighV5
202608241448406363,202608241408172141,202608241408171802,88,4994,P1 Reference Codes Bronze - V5,br_samms_codes,TASK_COMPLETE,FAILED,ERROR,0,0,1,SaveCodes Bronze ForEach failed,2026-08-24T14:08:21.733Z,2026-08-24T15:03:37.584Z,3316,2026-08-24T15:03:37.584Z,V5,NONTC,6c7532c9-dcb1-40a3-beaa-690039713dec,SAMMS-NONTCv5
202608241448406365,202608241408172142,202608241408171802,88,4995,P1 Reference Codes Bronze - V5B,br_samms_codes,TASK_COMPLETE,FAILED,ERROR,0,0,1,SaveCodes Bronze ForEach failed,2026-08-24T14:08:21.733Z,2026-08-24T15:03:37.584Z,3316,2026-08-24T15:03:37.584Z,V5B,Houma,6c7532c9-dcb1-40a3-beaa-690039713dec,SAMMS-HoumaV6
202608241448406367,202608241408172143,202608241408171802,88,4996,P1 Reference Codes Bronze - V6,br_samms_codes,TASK_COMPLETE,FAILED,ERROR,0,0,1,SaveCodes Bronze ForEach failed,2026-08-24T14:08:21.733Z,2026-08-24T15:03:37.584Z,3316,2026-08-24T15:03:37.584Z,V6,LC,6c7532c9-dcb1-40a3-beaa-690039713dec,SAMMS-LCv5
202608241448406368,202608241408172144,202608241408171802,88,4997,P1 Reference Codes Bronze - V8,br_samms_codes,TASK_COMPLETE,FAILED,ERROR,0,0,1,SaveCodes Bronze ForEach failed,2026-08-24T14:08:21.733Z,2026-08-24T15:03:37.584Z,3316,2026-08-24T15:03:37.584Z,V8,VCPHCS-VIII-Memphis,6c7532c9-dcb1-40a3-beaa-690039713dec,SAMMS-VCPHCS-VIII-MemphisV5
202608241448406370,202608241408172145,202608241408171802,88,4998,P1 Reference Codes Bronze - V9,br_samms_codes,TASK_COMPLETE,FAILED,ERROR,0,0,1,SaveCodes Bronze ForEach failed,2026-08-24T14:08:21.733Z,2026-08-24T15:03:37.584Z,3316,2026-08-24T15:03:37.584Z,V9,Nashville,6c7532c9-dcb1-40a3-beaa-690039713dec,SAMMS-NashvilleV5
202608241448406372,202608241408172146,202608241408171802,88,4999,P1 Reference Codes Bronze - VBRA,br_samms_codes,TASK_COMPLETE,FAILED,ERROR,0,0,1,SaveCodes Bronze ForEach failed,2026-08-24T14:08:21.733Z,2026-08-24T15:03:37.584Z,3316,2026-08-24T15:03:37.584Z,VBRA,Brainerd,6c7532c9-dcb1-40a3-beaa-690039713dec,SAMMS-BrainerdV6
202608241448406374,202608241408172147,202608241408171802,88,5000,P1 Reference Codes Bronze - VBRP,br_samms_codes,TASK_COMPLETE,FAILED,ERROR,0,0,1,SaveCodes Bronze ForEach failed,2026-08-24T14:08:21.733Z,2026-08-24T15:03:37.584Z,3316,2026-08-24T15:03:37.584Z,VBRP,BrooklynPark,6c7532c9-dcb1-40a3-beaa-690039713dec,SAMMS-BrooklynParkV6
202608241448406377,202608241408172148,202608241408171802,88,5001,P1 Reference Codes Bronze - VMIN,br_samms_codes,TASK_COMPLETE,FAILED,ERROR,0,0,1,SaveCodes Bronze ForEach failed,2026-08-24T14:08:21.733Z,2026-08-24T15:03:37.584Z,3316,2026-08-24T15:03:37.584Z,VMIN,Minneapolis,6c7532c9-dcb1-40a3-beaa-690039713dec,SAMMS-MinneapolisV6
202608241448406379,202608241408172149,202608241408171802,88,5002,P1 Reference Codes Bronze - VWBY,br_samms_codes,TASK_COMPLETE,FAILED,ERROR,0,0,1,SaveCodes Bronze ForEach failed,2026-08-24T14:08:21.733Z,2026-08-24T15:03:37.584Z,3316,2026-08-24T15:03:37.584Z,VWBY,Woodbury,6c7532c9-dcb1-40a3-beaa-690039713dec,SAMMS-WoodburyV6
202608241448406381,202608241408172150,202608241408171802,88,5003,P1 Reference Codes Bronze - WIL,br_samms_codes,TASK_COMPLETE,FAILED,ERROR,0,0,1,SaveCodes Bronze ForEach failed,2026-08-24T14:08:21.733Z,2026-08-24T15:03:37.584Z,3316,2026-08-24T15:03:37.584Z,WIL,Wilson,6c7532c9-dcb1-40a3-beaa-690039713dec,SAMMS-Wilson
202608241333250504,202608241253386951,202608241253386616,88,4990,P1 Reference Codes Bronze - V17,br_samms_codes,TASK_COMPLETE,FAILED,ERROR,0,0,1,SaveCodes Bronze ForEach failed,2026-08-24T12:53:42.369Z,2026-08-24T13:42:52.652Z,2950,2026-08-24T13:42:52.652Z,V17,ColumbiaTN,8f1806c1-b1f2-4ac5-b25b-086fec51b8fb,SAMMS-ColumbiaTNv5
202608241333250505,202608241253386952,202608241253386616,88,4991,P1 Reference Codes Bronze - V19,br_samms_codes,TASK_COMPLETE,FAILED,ERROR,0,0,1,SaveCodes Bronze ForEach failed,2026-08-24T12:53:42.369Z,2026-08-24T13:42:52.652Z,2950,2026-08-24T13:42:52.652Z,V19,Jackson,8f1806c1-b1f2-4ac5-b25b-086fec51b8fb,SAMMS-JacksonV5
202608241333250508,202608241253386953,202608241253386616,88,4992,P1 Reference Codes Bronze - V20,br_samms_codes,TASK_COMPLETE,FAILED,ERROR,0,0,1,SaveCodes Bronze ForEach failed,2026-08-24T12:53:42.369Z,2026-08-24T13:42:52.652Z,2950,2026-08-24T13:42:52.652Z,V20,Paris,8f1806c1-b1f2-4ac5-b25b-086fec51b8fb,SAMMS-ParisV5
202608241333250510,202608241253386954,202608241253386616,88,4993,P1 Reference Codes Bronze - V21,br_samms_codes,TASK_COMPLETE,FAILED,ERROR,0,0,1,SaveCodes Bronze ForEach failed,2026-08-24T12:53:42.369Z,2026-08-24T13:42:52.652Z,2950,2026-08-24T13:42:52.652Z,V21,Raleigh,8f1806c1-b1f2-4ac5-b25b-086fec51b8fb,SAMMS-RaleighV5
202608241333250512,202608241253386955,202608241253386616,88,4994,P1 Reference Codes Bronze - V5,br_samms_codes,TASK_COMPLETE,FAILED,ERROR,0,0,1,SaveCodes Bronze ForEach failed,2026-08-24T12:53:42.369Z,2026-08-24T13:42:52.652Z,2950,2026-08-24T13:42:52.652Z,V5,NONTC,8f1806c1-b1f2-4ac5-b25b-086fec51b8fb,SAMMS-NONTCv5
202608241333250513,202608241253386956,202608241253386616,88,4995,P1 Reference Codes Bronze - V5B,br_samms_codes,TASK_COMPLETE,FAILED,ERROR,0,0,1,SaveCodes Bronze ForEach failed,2026-08-24T12:53:42.369Z,2026-08-24T13:42:52.652Z,2950,2026-08-24T13:42:52.652Z,V5B,Houma,8f1806c1-b1f2-4ac5-b25b-086fec51b8fb,SAMMS-HoumaV6
202608241333250515,202608241253386957,202608241253386616,88,4996,P1 Reference Codes Bronze - V6,br_samms_codes,TASK_COMPLETE,FAILED,ERROR,0,0,1,SaveCodes Bronze ForEach failed,2026-08-24T12:53:42.369Z,2026-08-24T13:42:52.652Z,2950,2026-08-24T13:42:52.652Z,V6,LC,8f1806c1-b1f2-4ac5-b25b-086fec51b8fb,SAMMS-LCv5
202608241333250517,202608241253386958,202608241253386616,88,4997,P1 Reference Codes Bronze - V8,br_samms_codes,TASK_COMPLETE,FAILED,ERROR,0,0,1,SaveCodes Bronze ForEach failed,2026-08-24T12:53:42.369Z,2026-08-24T13:42:52.652Z,2950,2026-08-24T13:42:52.652Z,V8,VCPHCS-VIII-Memphis,8f1806c1-b1f2-4ac5-b25b-086fec51b8fb,SAMMS-VCPHCS-VIII-MemphisV5
202608241333250519,202608241253386959,202608241253386616,88,4998,P1 Reference Codes Bronze - V9,br_samms_codes,TASK_COMPLETE,FAILED,ERROR,0,0,1,SaveCodes Bronze ForEach failed,2026-08-24T12:53:42.369Z,2026-08-24T13:42:52.652Z,2950,2026-08-24T13:42:52.652Z,V9,Nashville,8f1806c1-b1f2-4ac5-b25b-086fec51b8fb,SAMMS-NashvilleV5
202608241333250521,202608241253386960,202608241253386616,88,4999,P1 Reference Codes Bronze - VBRA,br_samms_codes,TASK_COMPLETE,FAILED,ERROR,0,0,1,SaveCodes Bronze ForEach failed,2026-08-24T12:53:42.369Z,2026-08-24T13:42:52.652Z,2950,2026-08-24T13:42:52.652Z,VBRA,Brainerd,8f1806c1-b1f2-4ac5-b25b-086fec51b8fb,SAMMS-BrainerdV6
202608241333250523,202608241253386961,202608241253386616,88,5000,P1 Reference Codes Bronze - VBRP,br_samms_codes,TASK_COMPLETE,FAILED,ERROR,0,0,1,SaveCodes Bronze ForEach failed,2026-08-24T12:53:42.369Z,2026-08-24T13:42:52.652Z,2950,2026-08-24T13:42:52.652Z,VBRP,BrooklynPark,8f1806c1-b1f2-4ac5-b25b-086fec51b8fb,SAMMS-BrooklynParkV6
202608241333250525,202608241253386962,202608241253386616,88,5001,P1 Reference Codes Bronze - VMIN,br_samms_codes,TASK_COMPLETE,FAILED,ERROR,0,0,1,SaveCodes Bronze ForEach failed,2026-08-24T12:53:42.369Z,2026-08-24T13:42:52.652Z,2950,2026-08-24T13:42:52.652Z,VMIN,Minneapolis,8f1806c1-b1f2-4ac5-b25b-086fec51b8fb,SAMMS-MinneapolisV6
202608241333250527,202608241253386963,202608241253386616,88,5002,P1 Reference Codes Bronze - VWBY,br_samms_codes,TASK_COMPLETE,FAILED,ERROR,0,0,1,SaveCodes Bronze ForEach failed,2026-08-24T12:53:42.369Z,2026-08-24T13:42:52.652Z,2950,2026-08-24T13:42:52.652Z,VWBY,Woodbury,8f1806c1-b1f2-4ac5-b25b-086fec51b8fb,SAMMS-WoodburyV6
202608241333250529,202608241253386964,202608241253386616,88,5003,P1 Reference Codes Bronze - WIL,br_samms_codes,TASK_COMPLETE,FAILED,ERROR,0,0,1,SaveCodes Bronze ForEach failed,2026-08-24T12:53:42.369Z,2026-08-24T13:42:52.652Z,2950,2026-08-24T13:42:52.652Z,WIL,Wilson,8f1806c1-b1f2-4ac5-b25b-086fec51b8fb,SAMMS-Wilson
202608221320321196,202608221237332295,202608221237331665,88,5292,P1 Reference Custom Answers Bronze - D08,br_samms_custom_answers,TASK_COMPLETE,SUCCESS,INFO,1224,1224,0,,2026-08-22T12:37:36.805Z,2026-08-22T13:23:02.807Z,2726,2026-08-22T13:23:02.807Z,D08,Madison,63818914-9c2b-4ff6-ac1c-35595835ab93,SAMMS-MadisonV6
202608221320321198,202608221237332296,202608221237331665,88,5293,P1 Reference Custom Answers Bronze - D09,br_samms_custom_answers,TASK_COMPLETE,SUCCESS,INFO,1026,1026,0,,2026-08-22T12:37:36.805Z,2026-08-22T13:23:02.807Z,2726,2026-08-22T13:23:02.807Z,D09,Murfreesboro,63818914-9c2b-4ff6-ac1c-35595835ab93,SAMMS-MurfreesboroV6
202608221320321199,202608221237332297,202608221237331665,88,5294,P1 Reference Custom Answers Bronze - DA,br_samms_custom_answers,TASK_COMPLETE,SUCCESS,INFO,180,180,0,,2026-08-22T12:37:36.805Z,2026-08-22T13:23:02.807Z,2726,2026-08-22T13:23:02.807Z,DA,Davenport,63818914-9c2b-4ff6-ac1c-35595835ab93,SAMMS-Davenport
202608221320321201,202608221237332298,202608221237331665,88,5295,P1 Reference Custom Answers Bronze - DM,br_samms_custom_answers,TASK_COMPLETE,SUCCESS,INFO,554,554,0,,2026-08-22T12:37:36.805Z,2026-08-22T13:23:02.807Z,2726,2026-08-22T13:23:02.807Z,DM,DesMoines,63818914-9c2b-4ff6-ac1c-35595835ab93,SAMMS-DesMoines
202608221320321203,202608221237332299,202608221237331665,88,5296,P1 Reference Custom Answers Bronze - DRD-CO,br_samms_custom_answers,TASK_COMPLETE,SUCCESS,INFO,1670,1670,0,,2026-08-22T12:37:36.805Z,2026-08-22T13:23:02.807Z,2726,2026-08-22T13:23:02.807Z,DRD-CO,Columbia,63818914-9c2b-4ff6-ac1c-35595835ab93,SAMMS-ColumbiaV5
202608221320321204,202608221237332300,202608221237331665,88,5297,P1 Reference Custom Answers Bronze - DRD-KC,br_samms_custom_answers,TASK_COMPLETE,SUCCESS,INFO,2280,2280,0,,2026-08-22T12:37:36.805Z,2026-08-22T13:23:02.807Z,2726,2026-08-22T13:23:02.807Z,DRD-KC,KC,63818914-9c2b-4ff6-ac1c-35595835ab93,SAMMS-KCv5
202608221320321206,202608221237332301,202608221237331665,88,5298,P1 Reference Custom Answers Bronze - DRD-KVB,br_samms_custom_answers,TASK_COMPLETE,SUCCESS,INFO,22052,22052,0,,2026-08-22T12:37:36.805Z,2026-08-22T13:23:02.807Z,2726,2026-08-22T13:23:02.807Z,DRD-KVB,KVB,63818914-9c2b-4ff6-ac1c-35595835ab93,SAMMS-KVBv5
202608221320321208,202608221237332302,202608221237331665,88,5299,P1 Reference Custom Answers Bronze - DRD-KVC,br_samms_custom_answers,TASK_COMPLETE,SUCCESS,INFO,8730,8730,0,,2026-08-22T12:37:36.805Z,2026-08-22T13:23:02.807Z,2726,2026-08-22T13:23:02.807Z,DRD-KVC,KVC,63818914-9c2b-4ff6-ac1c-35595835ab93,SAMMS-KVCv5
202608221320321210,202608221237332303,202608221237331665,88,5300,P1 Reference Custom Answers Bronze - DRD-NOLA,br_samms_custom_answers,TASK_COMPLETE,SUCCESS,INFO,8403,8403,0,,2026-08-22T12:37:36.805Z,2026-08-22T13:23:02.807Z,2726,2026-08-22T13:23:02.807Z,DRD-NOLA,NOLA,63818914-9c2b-4ff6-ac1c-35595835ab93,SAMMS-NOLAv5
202608221320321211,202608221237332304,202608221237331665,88,5301,P1 Reference Custom Answers Bronze - DRD-SF,br_samms_custom_answers,TASK_COMPLETE,SUCCESS,INFO,3264,3264,0,,2026-08-22T12:37:36.805Z,2026-08-22T13:23:02.807Z,2726,2026-08-22T13:23:02.807Z,DRD-SF,SF,63818914-9c2b-4ff6-ac1c-35595835ab93,SAMMS-SFv5
202608221320321213,202608221237332305,202608221237331665,88,5302,P1 Reference Custom Answers Bronze - ELC,br_samms_custom_answers,TASK_COMPLETE,SUCCESS,INFO,200,200,0,,2026-08-22T12:37:36.805Z,2026-08-22T13:23:02.807Z,2726,2026-08-22T13:23:02.807Z,ELC,ElizabethCity,63818914-9c2b-4ff6-ac1c-35595835ab93,SAMMS-ElizabethCity
202608221320321215,202608221237332306,202608221237331665,88,5303,P1 Reference Custom Answers Bronze - ET,br_samms_custom_answers,TASK_COMPLETE,SUCCESS,INFO,580,580,0,,2026-08-22T12:37:36.805Z,2026-08-22T13:23:02.807Z,2726,2026-08-22T13:23:02.807Z,ET,Elizabethtown,63818914-9c2b-4ff6-ac1c-35595835ab93,SAMMS-Elizabethtown
202608221320321217,202608221237332307,202608221237331665,88,5304,P1 Reference Custom Answers Bronze - FAY,br_samms_custom_answers,TASK_COMPLETE,SUCCESS,INFO,178,178,0,,2026-08-22T12:37:36.805Z,2026-08-22T13:23:02.807Z,2726,2026-08-22T13:23:02.807Z,FAY,Fayetteville,63818914-9c2b-4ff6-ac1c-35595835ab93,SAMMS-Fayetteville
202608221320321219,202608221237332308,202608221237331665,88,5305,P1 Reference Custom Answers Bronze - FR,br_samms_custom_answers,TASK_COMPLETE,SUCCESS,INFO,236,236,0,,2026-08-22T12:37:36.805Z,2026-08-22T13:23:02.807Z,2726,2026-08-22T13:23:02.807Z,FR,Frankfort,63818914-9c2b-4ff6-ac1c-35595835ab93,SAMMS-Frankfort
202608221320321221,202608221237332309,202608221237331665,88,5306,P1 Reference Custom Answers Bronze - FS,br_samms_custom_answers,TASK_COMPLETE,SUCCESS,INFO,164,164,0,,2026-08-22T12:37:36.805Z,2026-08-22T13:23:02.807Z,2726,2026-08-22T13:23:02.807Z,FS,FortSmith,63818914-9c2b-4ff6-ac1c-35595835ab93,SAMMS-FortSmith
202608221320321222,202608221237332310,202608221237331665,88,5307,P1 Reference Custom Answers Bronze - FW,br_samms_custom_answers,TASK_COMPLETE,SUCCESS,INFO,660,660,0,,2026-08-22T12:37:36.805Z,2026-08-22T13:23:02.807Z,2726,2026-08-22T13:23:02.807Z,FW,FortWayne,63818914-9c2b-4ff6-ac1c-35595835ab93,SAMMS-FortWayne
202608270649238498,202608270649238498,20260827043602,132,13705,Marketing Admits Readmissions Gold,AdmitsPReadmissions,TASK_FAILED,FAILED,ERROR,325842,0,325842,An error occurred while calling o17104.saveAsTable. : com.microsoft.fabric.spark.catalog.metadata.DoesNotExistException: Artifact not found: `BHG-DATA-PLATFORM-CORE-DEV`.`bhg_gold`,2026-08-27T06:49:23.849Z,2026-08-27T06:49:57.503Z,33,2026-08-27T06:49:57.503Z,,,475c3e58-0434-45d9-b3f8-9d768448de53,
202608140753420020,202608140753420019,20260814075328,110,8612,Silver Bank Transactions,sl_BankTransactions,TASK_FAILED,FAILED,ERROR,0,0,1,"[PARSE_SYNTAX_ERROR] Syntax error at or near ,.(line 1, pos 39) == SQL == bhg_bronze.stg.br_cashflow_transactions,bhg_bronze.br_cashflow_lockbox ---------------------------------------^^^ ,bhg_bronze.br_cashflow_accountlocationref,bhg_bronze.br_cashflow_textinput",2026-08-14T07:53:49.867Z,2026-08-14T07:54:15.184Z,22,2026-08-14T07:54:15.184Z,,,2b76f80f-940a-42f8-ba7f-a8bff776f2f4,
202608221320321083,202608221237332000,202608221237331665,88,4990,P1 Reference Codes Bronze - V17,br_samms_codes,TASK_COMPLETE,SUCCESS,INFO,1075,1075,0,,2026-08-22T12:37:36.805Z,2026-08-22T13:23:02.807Z,2726,2026-08-22T13:23:02.807Z,V17,ColumbiaTN,63818914-9c2b-4ff6-ac1c-35595835ab93,SAMMS-ColumbiaTNv5
202608221320321086,202608221237332001,202608221237331665,88,4991,P1 Reference Codes Bronze - V19,br_samms_codes,TASK_COMPLETE,SUCCESS,INFO,1697,1697,0,,2026-08-22T12:37:36.805Z,2026-08-22T13:23:02.807Z,2726,2026-08-22T13:23:02.807Z,V19,Jackson,63818914-9c2b-4ff6-ac1c-35595835ab93,SAMMS-JacksonV5
202608221320321088,202608221237332002,202608221237331665,88,4992,P1 Reference Codes Bronze - V20,br_samms_codes,TASK_COMPLETE,SUCCESS,INFO,2170,2170,0,,2026-08-22T12:37:36.805Z,2026-08-22T13:23:02.807Z,2726,2026-08-22T13:23:02.807Z,V20,Paris,63818914-9c2b-4ff6-ac1c-35595835ab93,SAMMS-ParisV5
202608221320321090,202608221237332003,202608221237331665,88,4993,P1 Reference Codes Bronze - V21,br_samms_codes,TASK_COMPLETE,SUCCESS,INFO,2882,2882,0,,2026-08-22T12:37:36.805Z,2026-08-22T13:23:02.807Z,2726,2026-08-22T13:23:02.807Z,V21,Raleigh,63818914-9c2b-4ff6-ac1c-35595835ab93,SAMMS-RaleighV5
202608221320321092,202608221237332004,202608221237331665,88,4994,P1 Reference Codes Bronze - V5,br_samms_codes,TASK_COMPLETE,SUCCESS,INFO,2332,2332,0,,2026-08-22T12:37:36.805Z,2026-08-22T13:23:02.807Z,2726,2026-08-22T13:23:02.807Z,V5,NONTC,63818914-9c2b-4ff6-ac1c-35595835ab93,SAMMS-NONTCv5
202608221320321095,202608221237332005,202608221237331665,88,4995,P1 Reference Codes Bronze - V5B,br_samms_codes,TASK_COMPLETE,SUCCESS,INFO,1376,1376,0,,2026-08-22T12:37:36.805Z,2026-08-22T13:23:02.807Z,2726,2026-08-22T13:23:02.807Z,V5B,Houma,63818914-9c2b-4ff6-ac1c-35595835ab93,SAMMS-HoumaV6
202608221320321097,202608221237332006,202608221237331665,88,4996,P1 Reference Codes Bronze - V6,br_samms_codes,TASK_COMPLETE,SUCCESS,INFO,2861,2861,0,,2026-08-22T12:37:36.805Z,2026-08-22T13:23:02.807Z,2726,2026-08-22T13:23:02.807Z,V6,LC,63818914-9c2b-4ff6-ac1c-35595835ab93,SAMMS-LCv5
202608221320321099,202608221237332007,202608221237331665,88,4997,P1 Reference Codes Bronze - V8,br_samms_codes,TASK_COMPLETE,SUCCESS,INFO,1470,1470,0,,2026-08-22T12:37:36.805Z,2026-08-22T13:23:02.807Z,2726,2026-08-22T13:23:02.807Z,V8,VCPHCS-VIII-Memphis,63818914-9c2b-4ff6-ac1c-35595835ab93,SAMMS-VCPHCS-VIII-MemphisV5
202608221320321102,202608221237332008,202608221237331665,88,4998,P1 Reference Codes Bronze - V9,br_samms_codes,TASK_COMPLETE,SUCCESS,INFO,3611,3611,0,,2026-08-22T12:37:36.805Z,2026-08-22T13:23:02.807Z,2726,2026-08-22T13:23:02.807Z,V9,Nashville,63818914-9c2b-4ff6-ac1c-35595835ab93,SAMMS-NashvilleV5
202608221320321104,202608221237332009,202608221237331665,88,4999,P1 Reference Codes Bronze - VBRA,br_samms_codes,TASK_COMPLETE,SUCCESS,INFO,1049,1049,0,,2026-08-22T12:37:36.805Z,2026-08-22T13:23:02.807Z,2726,2026-08-22T13:23:02.807Z,VBRA,Brainerd,63818914-9c2b-4ff6-ac1c-35595835ab93,SAMMS-BrainerdV6
202608221320321106,202608221237332010,202608221237331665,88,5000,P1 Reference Codes Bronze - VBRP,br_samms_codes,TASK_COMPLETE,SUCCESS,INFO,1013,1013,0,,2026-08-22T12:37:36.805Z,2026-08-22T13:23:02.807Z,2726,2026-08-22T13:23:02.807Z,VBRP,BrooklynPark,63818914-9c2b-4ff6-ac1c-35595835ab93,SAMMS-BrooklynParkV6
202608221320321109,202608221237332011,202608221237331665,88,5001,P1 Reference Codes Bronze - VMIN,br_samms_codes,TASK_COMPLETE,SUCCESS,INFO,957,957,0,,2026-08-22T12:37:36.805Z,2026-08-22T13:23:02.807Z,2726,2026-08-22T13:23:02.807Z,VMIN,Minneapolis,63818914-9c2b-4ff6-ac1c-35595835ab93,SAMMS-MinneapolisV6
202608221320321111,202608221237332012,202608221237331665,88,5002,P1 Reference Codes Bronze - VWBY,br_samms_codes,TASK_COMPLETE,SUCCESS,INFO,1003,1003,0,,2026-08-22T12:37:36.805Z,2026-08-22T13:23:02.807Z,2726,2026-08-22T13:23:02.807Z,VWBY,Woodbury,63818914-9c2b-4ff6-ac1c-35595835ab93,SAMMS-WoodburyV6
202608221320321114,202608221237332013,202608221237331665,88,5003,P1 Reference Codes Bronze - WIL,br_samms_codes,TASK_COMPLETE,SUCCESS,INFO,1087,1087,0,,2026-08-22T12:37:36.805Z,2026-08-22T13:23:02.807Z,2726,2026-08-22T13:23:02.807Z,WIL,Wilson,63818914-9c2b-4ff6-ac1c-35595835ab93,SAMMS-Wilson
202608221320321215,202608221237431668,202608221237431665,89,5004,P1 Reference Codes Silver,tbl_Codes,TASK_COMPLETE,SUCCESS,INFO,174147,174147,0,,2026-08-22T12:37:36.805Z,2026-08-22T13:23:02.807Z,2726,2026-08-22T13:23:02.807Z,,,63818914-9c2b-4ff6-ac1c-35595835ab93,
202608221320321126,202608221237332246,202608221237331665,88,5243,P1 Reference Custom Answers Bronze - AHK,br_samms_custom_answers,TASK_COMPLETE,SUCCESS,INFO,96,96,0,,2026-08-22T12:37:36.805Z,2026-08-22T13:23:02.807Z,2726,2026-08-22T13:23:02.807Z,AHK,Ahoskie,63818914-9c2b-4ff6-ac1c-35595835ab93,SAMMS-Ahoskie
202608241333250453,202608241253386923,202608241253386616,88,4962,P1 Reference Codes Bronze - LV2,br_samms_codes,TASK_COMPLETE,FAILED,ERROR,0,0,1,SaveCodes Bronze ForEach failed,2026-08-24T12:53:42.369Z,2026-08-24T13:42:52.652Z,2950,2026-08-24T13:42:52.652Z,LV2,DesertInn,8f1806c1-b1f2-4ac5-b25b-086fec51b8fb,SAMMS-DesertInn
202608241333250455,202608241253386924,202608241253386616,88,4963,P1 Reference Codes Bronze - LV3,br_samms_codes,TASK_COMPLETE,FAILED,ERROR,0,0,1,SaveCodes Bronze ForEach failed,2026-08-24T12:53:42.369Z,2026-08-24T13:42:52.652Z,2950,2026-08-24T13:42:52.652Z,LV3,McDaniel,8f1806c1-b1f2-4ac5-b25b-086fec51b8fb,SAMMS-McDaniel
202608241333250456,202608241253386925,202608241253386616,88,4964,P1 Reference Codes Bronze - MNRE,br_samms_codes,TASK_COMPLETE,FAILED,ERROR,0,0,1,SaveCodes Bronze ForEach failed,2026-08-24T12:53:42.369Z,2026-08-24T13:42:52.652Z,2950,2026-08-24T13:42:52.652Z,MNRE,Monroe,8f1806c1-b1f2-4ac5-b25b-086fec51b8fb,SAMMS-Monroe
202608241333250458,202608241253386926,202608241253386616,88,4965,P1 Reference Codes Bronze - MP,br_samms_codes,TASK_COMPLETE,FAILED,ERROR,0,0,1,SaveCodes Bronze ForEach failed,2026-08-24T12:53:42.369Z,2026-08-24T13:42:52.652Z,2950,2026-08-24T13:42:52.652Z,MP,MtPleasant,8f1806c1-b1f2-4ac5-b25b-086fec51b8fb,SAMMS-MtPleasant
202608241333250460,202608241253386927,202608241253386616,88,4966,P1 Reference Codes Bronze - MRD,br_samms_codes,TASK_COMPLETE,FAILED,ERROR,0,0,1,SaveCodes Bronze ForEach failed,2026-08-24T12:53:42.369Z,2026-08-24T13:42:52.652Z,2950,2026-08-24T13:42:52.652Z,MRD,Meridian,8f1806c1-b1f2-4ac5-b25b-086fec51b8fb,SAMMS-Meridian
202608241333250461,202608241253386928,202608241253386616,88,4967,P1 Reference Codes Bronze - NC,br_samms_codes,TASK_COMPLETE,FAILED,ERROR,0,0,1,SaveCodes Bronze ForEach failed,2026-08-24T12:53:42.369Z,2026-08-24T13:42:52.652Z,2950,2026-08-24T13:42:52.652Z,NC,NorthCharleston,8f1806c1-b1f2-4ac5-b25b-086fec51b8fb,SAMMS-NorthCharleston
202608241333250463,202608241253386929,202608241253386616,88,4968,P1 Reference Codes Bronze - NLR,br_samms_codes,TASK_COMPLETE,FAILED,ERROR,0,0,1,SaveCodes Bronze ForEach failed,2026-08-24T12:53:42.369Z,2026-08-24T13:42:52.652Z,2950,2026-08-24T13:42:52.652Z,NLR,NLROBOT,8f1806c1-b1f2-4ac5-b25b-086fec51b8fb,SAMMS-NLROBOT
202608241333250465,202608241253386930,202608241253386616,88,4969,P1 Reference Codes Bronze - PH,br_samms_codes,TASK_COMPLETE,FAILED,ERROR,0,0,1,SaveCodes Bronze ForEach failed,2026-08-24T12:53:42.369Z,2026-08-24T13:42:52.652Z,2950,2026-08-24T13:42:52.652Z,PH,Phoenix,8f1806c1-b1f2-4ac5-b25b-086fec51b8fb,SAMMS-Phoenix
202608241333250467,202608241253386931,202608241253386616,88,4970,P1 Reference Codes Bronze - RE,br_samms_codes,TASK_COMPLETE,FAILED,ERROR,0,0,1,SaveCodes Bronze ForEach failed,2026-08-24T12:53:42.369Z,2026-08-24T13:42:52.652Z,2950,2026-08-24T13:42:52.652Z,RE,Reno,8f1806c1-b1f2-4ac5-b25b-086fec51b8fb,SAMMS-Reno
202608241333250468,202608241253386932,202608241253386616,88,4971,P1 Reference Codes Bronze - RMD,br_samms_codes,TASK_COMPLETE,FAILED,ERROR,0,0,1,SaveCodes Bronze ForEach failed,2026-08-24T12:53:42.369Z,2026-08-24T13:42:52.652Z,2950,2026-08-24T13:42:52.652Z,RMD,Richmond,8f1806c1-b1f2-4ac5-b25b-086fec51b8fb,SAMMS-Richmond
202608241333250470,202608241253386933,202608241253386616,88,4972,P1 Reference Codes Bronze - SFN,br_samms_codes,TASK_COMPLETE,FAILED,ERROR,0,0,1,SaveCodes Bronze ForEach failed,2026-08-24T12:53:42.369Z,2026-08-24T13:42:52.652Z,2950,2026-08-24T13:42:52.652Z,SFN,SFN,8f1806c1-b1f2-4ac5-b25b-086fec51b8fb,SAMMS-SFNv5
202608241333250472,202608241253386934,202608241253386616,88,4973,P1 Reference Codes Bronze - SHP,br_samms_codes,TASK_COMPLETE,FAILED,ERROR,0,0,1,SaveCodes Bronze ForEach failed,2026-08-24T12:53:42.369Z,2026-08-24T13:42:52.652Z,2950,2026-08-24T13:42:52.652Z,SHP,Shreveport,8f1806c1-b1f2-4ac5-b25b-086fec51b8fb,SAMMS-Shreveport
202608241333250474,202608241253386935,202608241253386616,88,4974,P1 Reference Codes Bronze - STN,br_samms_codes,TASK_COMPLETE,FAILED,ERROR,0,0,1,SaveCodes Bronze ForEach failed,2026-08-24T12:53:42.369Z,2026-08-24T13:42:52.652Z,2950,2026-08-24T13:42:52.652Z,STN,Staunton,8f1806c1-b1f2-4ac5-b25b-086fec51b8fb,SAMMS-Staunton
202608241333250476,202608241253386936,202608241253386616,88,4975,P1 Reference Codes Bronze - STVN,br_samms_codes,TASK_COMPLETE,FAILED,ERROR,0,0,1,SaveCodes Bronze ForEach failed,2026-08-24T12:53:42.369Z,2026-08-24T13:42:52.652Z,2950,2026-08-24T13:42:52.652Z,STVN,Stevenson,8f1806c1-b1f2-4ac5-b25b-086fec51b8fb,SAMMS-Stevenson
202608241448406301,202608241408172109,202608241408171802,88,4962,P1 Reference Codes Bronze - LV2,br_samms_codes,TASK_COMPLETE,FAILED,ERROR,0,0,1,SaveCodes Bronze ForEach failed,2026-08-24T14:08:21.733Z,2026-08-24T15:03:37.584Z,3316,2026-08-24T15:03:37.584Z,LV2,DesertInn,6c7532c9-dcb1-40a3-beaa-690039713dec,SAMMS-DesertInn
202608241448406302,202608241408172110,202608241408171802,88,4963,P1 Reference Codes Bronze - LV3,br_samms_codes,TASK_COMPLETE,FAILED,ERROR,0,0,1,SaveCodes Bronze ForEach failed,2026-08-24T14:08:21.733Z,2026-08-24T15:03:37.584Z,3316,2026-08-24T15:03:37.584Z,LV3,McDaniel,6c7532c9-dcb1-40a3-beaa-690039713dec,SAMMS-McDaniel
202608241448406304,202608241408172111,202608241408171802,88,4964,P1 Reference Codes Bronze - MNRE,br_samms_codes,TASK_COMPLETE,FAILED,ERROR,0,0,1,SaveCodes Bronze ForEach failed,2026-08-24T14:08:21.733Z,2026-08-24T15:03:37.584Z,3316,2026-08-24T15:03:37.584Z,MNRE,Monroe,6c7532c9-dcb1-40a3-beaa-690039713dec,SAMMS-Monroe
202608241448406306,202608241408172112,202608241408171802,88,4965,P1 Reference Codes Bronze - MP,br_samms_codes,TASK_COMPLETE,FAILED,ERROR,0,0,1,SaveCodes Bronze ForEach failed,2026-08-24T14:08:21.733Z,2026-08-24T15:03:37.584Z,3316,2026-08-24T15:03:37.584Z,MP,MtPleasant,6c7532c9-dcb1-40a3-beaa-690039713dec,SAMMS-MtPleasant
202608241448406307,202608241408172113,202608241408171802,88,4966,P1 Reference Codes Bronze - MRD,br_samms_codes,TASK_COMPLETE,FAILED,ERROR,0,0,1,SaveCodes Bronze ForEach failed,2026-08-24T14:08:21.733Z,2026-08-24T15:03:37.584Z,3316,2026-08-24T15:03:37.584Z,MRD,Meridian,6c7532c9-dcb1-40a3-beaa-690039713dec,SAMMS-Meridian
202608241448406309,202608241408172114,202608241408171802,88,4967,P1 Reference Codes Bronze - NC,br_samms_codes,TASK_COMPLETE,FAILED,ERROR,0,0,1,SaveCodes Bronze ForEach failed,2026-08-24T14:08:21.733Z,2026-08-24T15:03:37.584Z,3316,2026-08-24T15:03:37.584Z,NC,NorthCharleston,6c7532c9-dcb1-40a3-beaa-690039713dec,SAMMS-NorthCharleston
202608241448406311,202608241408172115,202608241408171802,88,4968,P1 Reference Codes Bronze - NLR,br_samms_codes,TASK_COMPLETE,FAILED,ERROR,0,0,1,SaveCodes Bronze ForEach failed,2026-08-24T14:08:21.733Z,2026-08-24T15:03:37.584Z,3316,2026-08-24T15:03:37.584Z,NLR,NLROBOT,6c7532c9-dcb1-40a3-beaa-690039713dec,SAMMS-NLROBOT
202608241448406313,202608241408172116,202608241408171802,88,4969,P1 Reference Codes Bronze - PH,br_samms_codes,TASK_COMPLETE,FAILED,ERROR,0,0,1,SaveCodes Bronze ForEach failed,2026-08-24T14:08:21.733Z,2026-08-24T15:03:37.584Z,3316,2026-08-24T15:03:37.584Z,PH,Phoenix,6c7532c9-dcb1-40a3-beaa-690039713dec,SAMMS-Phoenix
202608241448406315,202608241408172117,202608241408171802,88,4970,P1 Reference Codes Bronze - RE,br_samms_codes,TASK_COMPLETE,FAILED,ERROR,0,0,1,SaveCodes Bronze ForEach failed,2026-08-24T14:08:21.733Z,2026-08-24T15:03:37.584Z,3316,2026-08-24T15:03:37.584Z,RE,Reno,6c7532c9-dcb1-40a3-beaa-690039713dec,SAMMS-Reno
202608241448406317,202608241408172118,202608241408171802,88,4971,P1 Reference Codes Bronze - RMD,br_samms_codes,TASK_COMPLETE,FAILED,ERROR,0,0,1,SaveCodes Bronze ForEach failed,2026-08-24T14:08:21.733Z,2026-08-24T15:03:37.584Z,3316,2026-08-24T15:03:37.584Z,RMD,Richmond,6c7532c9-dcb1-40a3-beaa-690039713dec,SAMMS-Richmond
202608241448406319,202608241408172119,202608241408171802,88,4972,P1 Reference Codes Bronze - SFN,br_samms_codes,TASK_COMPLETE,FAILED,ERROR,0,0,1,SaveCodes Bronze ForEach failed,2026-08-24T14:08:21.733Z,2026-08-24T15:03:37.584Z,3316,2026-08-24T15:03:37.584Z,SFN,SFN,6c7532c9-dcb1-40a3-beaa-690039713dec,SAMMS-SFNv5
202608241448406321,202608241408172120,202608241408171802,88,4973,P1 Reference Codes Bronze - SHP,br_samms_codes,TASK_COMPLETE,FAILED,ERROR,0,0,1,SaveCodes Bronze ForEach failed,2026-08-24T14:08:21.733Z,2026-08-24T15:03:37.584Z,3316,2026-08-24T15:03:37.584Z,SHP,Shreveport,6c7532c9-dcb1-40a3-beaa-690039713dec,SAMMS-Shreveport
202608241448406323,202608241408172121,202608241408171802,88,4974,P1 Reference Codes Bronze - STN,br_samms_codes,TASK_COMPLETE,FAILED,ERROR,0,0,1,SaveCodes Bronze ForEach failed,2026-08-24T14:08:21.733Z,2026-08-24T15:03:37.584Z,3316,2026-08-24T15:03:37.584Z,STN,Staunton,6c7532c9-dcb1-40a3-beaa-690039713dec,SAMMS-Staunton
202608241448406325,202608241408172122,202608241408171802,88,4975,P1 Reference Codes Bronze - STVN,br_samms_codes,TASK_COMPLETE,FAILED,ERROR,0,0,1,SaveCodes Bronze ForEach failed,2026-08-24T14:08:21.733Z,2026-08-24T15:03:37.584Z,3316,2026-08-24T15:03:37.584Z,STVN,Stevenson,6c7532c9-dcb1-40a3-beaa-690039713dec,SAMMS-Stevenson
202608221320320960,202608221237331936,202608221237331665,88,4927,P1 Reference Codes Bronze - B66A,br_samms_codes,TASK_COMPLETE,SUCCESS,INFO,1050,1050,0,,2026-08-22T12:37:36.805Z,2026-08-22T13:23:02.807Z,2726,2026-08-22T13:23:02.807Z,B66A,Bremen,63818914-9c2b-4ff6-ac1c-35595835ab93,SAMMS-Bremen
202608221320320962,202608221237331937,202608221237331665,88,4928,P1 Reference Codes Bronze - B72,br_samms_codes,TASK_COMPLETE,SUCCESS,INFO,893,893,0,,2026-08-22T12:37:36.805Z,2026-08-22T13:23:02.807Z,2726,2026-08-22T13:23:02.807Z,B72,Mobile-OBOT,63818914-9c2b-4ff6-ac1c-35595835ab93,SAMMS-Mobile-OBOT
202608221320320963,202608221237331938,202608221237331665,88,4929,P1 Reference Codes Bronze - B73,br_samms_codes,TASK_COMPLETE,SUCCESS,INFO,893,893,0,,2026-08-22T12:37:36.805Z,2026-08-22T13:23:02.807Z,2726,2026-08-22T13:23:02.807Z,B73,Montgomery,63818914-9c2b-4ff6-ac1c-35595835ab93,SAMMS-Montgomery
202608221320320965,202608221237331939,202608221237331665,88,4930,P1 Reference Codes Bronze - B75,br_samms_codes,TASK_COMPLETE,SUCCESS,INFO,1047,1047,0,,2026-08-22T12:37:36.805Z,2026-08-22T13:23:02.807Z,2726,2026-08-22T13:23:02.807Z,B75,Lawrence,63818914-9c2b-4ff6-ac1c-35595835ab93,SAMMS-LawrenceV6
202608221320320967,202608221237331940,202608221237331665,88,4931,P1 Reference Codes Bronze - B76,br_samms_codes,TASK_COMPLETE,SUCCESS,INFO,895,895,0,,2026-08-22T12:37:36.805Z,2026-08-22T13:23:02.807Z,2726,2026-08-22T13:23:02.807Z,B76,Huntsville-OBOT,63818914-9c2b-4ff6-ac1c-35595835ab93,SAMMS-Huntsville-OBOT
202608221320320968,202608221237331941,202608221237331665,88,4932,P1 Reference Codes Bronze - BAT,br_samms_codes,TASK_COMPLETE,SUCCESS,INFO,1010,1010,0,,2026-08-22T12:37:36.805Z,2026-08-22T13:23:02.807Z,2726,2026-08-22T13:23:02.807Z,BAT,Batesville,63818914-9c2b-4ff6-ac1c-35595835ab93,SAMMS-Batesville
202608221320320970,202608221237331942,202608221237331665,88,4933,P1 Reference Codes Bronze - BG,br_samms_codes,TASK_COMPLETE,SUCCESS,INFO,1153,1153,0,,2026-08-22T12:37:36.805Z,2026-08-22T13:23:02.807Z,2726,2026-08-22T13:23:02.807Z,BG,BowlingGreen,63818914-9c2b-4ff6-ac1c-35595835ab93,SAMMS-BowlingGreen
202608221320320972,202608221237331943,202608221237331665,88,4934,P1 Reference Codes Bronze - BOI,br_samms_codes,TASK_COMPLETE,SUCCESS,INFO,1134,1134,0,,2026-08-22T12:37:36.805Z,2026-08-22T13:23:02.807Z,2726,2026-08-22T13:23:02.807Z,BOI,Boise,63818914-9c2b-4ff6-ac1c-35595835ab93,SAMMS-Boise
202608221320320973,202608221237331944,202608221237331665,88,4935,P1 Reference Codes Bronze - CBCO,br_samms_codes,TASK_COMPLETE,SUCCESS,INFO,1003,1003,0,,2026-08-22T12:37:36.805Z,2026-08-22T13:23:02.807Z,2726,2026-08-22T13:23:02.807Z,CBCO,CoeurdAlene,63818914-9c2b-4ff6-ac1c-35595835ab93,SAMMS-CoeurdAleneV6
202608221320320975,202608221237331945,202608221237331665,88,4936,P1 Reference Codes Bronze - CON,br_samms_codes,TASK_COMPLETE,SUCCESS,INFO,1012,1012,0,,2026-08-22T12:37:36.805Z,2026-08-22T13:23:02.807Z,2726,2026-08-22T13:23:02.807Z,CON,Conway,63818914-9c2b-4ff6-ac1c-35595835ab93,SAMMS-Conway
202608221320320977,202608221237331946,202608221237331665,88,4937,P1 Reference Codes Bronze - D07,br_samms_codes,TASK_COMPLETE,SUCCESS,INFO,1013,1013,0,,2026-08-22T12:37:36.805Z,2026-08-22T13:23:02.807Z,2726,2026-08-22T13:23:02.807Z,D07,Knoxville,63818914-9c2b-4ff6-ac1c-35595835ab93,SAMMS-KnoxvilleV6
202608221320320978,202608221237331947,202608221237331665,88,4938,P1 Reference Codes Bronze - D08,br_samms_codes,TASK_COMPLETE,SUCCESS,INFO,1104,1104,0,,2026-08-22T12:37:36.805Z,2026-08-22T13:23:02.807Z,2726,2026-08-22T13:23:02.807Z,D08,Madison,63818914-9c2b-4ff6-ac1c-35595835ab93,SAMMS-MadisonV6
202608221320320980,202608221237331948,202608221237331665,88,4939,P1 Reference Codes Bronze - D09,br_samms_codes,TASK_COMPLETE,SUCCESS,INFO,1105,1105,0,,2026-08-22T12:37:36.805Z,2026-08-22T13:23:02.807Z,2726,2026-08-22T13:23:02.807Z,D09,Murfreesboro,63818914-9c2b-4ff6-ac1c-35595835ab93,SAMMS-MurfreesboroV6
202608221320320982,202608221237331949,202608221237331665,88,4940,P1 Reference Codes Bronze - DA,br_samms_codes,TASK_COMPLETE,SUCCESS,INFO,1107,1107,0,,2026-08-22T12:37:36.805Z,2026-08-22T13:23:02.807Z,2726,2026-08-22T13:23:02.807Z,DA,Davenport,63818914-9c2b-4ff6-ac1c-35595835ab93,SAMMS-Davenport
202608221320320983,202608221237331950,202608221237331665,88,4941,P1 Reference Codes Bronze - DM,br_samms_codes,TASK_COMPLETE,SUCCESS,INFO,1101,1101,0,,2026-08-22T12:37:36.805Z,2026-08-22T13:23:02.807Z,2726,2026-08-22T13:23:02.807Z,DM,DesMoines,63818914-9c2b-4ff6-ac1c-35595835ab93,SAMMS-DesMoines
202608221320320985,202608221237331951,202608221237331665,88,4942,P1 Reference Codes Bronze - DRD-CO,br_samms_codes,TASK_COMPLETE,SUCCESS,INFO,1287,1287,0,,2026-08-22T12:37:36.805Z,2026-08-22T13:23:02.807Z,2726,2026-08-22T13:23:02.807Z,DRD-CO,Columbia,63818914-9c2b-4ff6-ac1c-35595835ab93,SAMMS-ColumbiaV5
202608270736249590,202608270736249590,20260827043602,132,13708,Auth Elig Trend Auth Gold,CurrentDayPayAuth,TASK_FAILED,FAILED,ERROR,4,0,4,An error occurred while calling o21550.synapsesql. : com.microsoft.spark.fabric.tds.write.error.FabricSparkTDSWriteError: Three part table name is expected - `database_name.schema_name.table_name`,2026-08-27T07:36:24.959Z,2026-08-27T07:36:47.841Z,22,2026-08-27T07:36:47.841Z,,,67cdece8-9745-4c87-ab73-e4e58104b61d,
202608270737022102,202608270737022102,20260827043602,132,13709,Auth Elig Trend Elig Gold,CurrentDayPayElig,TASK_FAILED,FAILED,ERROR,4,0,4,An error occurred while calling o22344.synapsesql. : com.microsoft.spark.fabric.tds.write.error.FabricSparkTDSWriteError: Three part table name is expected - `database_name.schema_name.table_name`,2026-08-27T07:37:02.210Z,2026-08-27T07:37:29.070Z,26,2026-08-27T07:37:29.070Z,,,67cdece8-9745-4c87-ab73-e4e58104b61d,
202608241448406235,202608241408172067,202608241408171802,88,4921,P1 Reference Codes Bronze - B55,br_samms_codes,TASK_COMPLETE,FAILED,ERROR,0,0,1,SaveCodes Bronze ForEach failed,2026-08-24T14:08:21.733Z,2026-08-24T15:03:37.584Z,3316,2026-08-24T15:03:37.584Z,B55,Shoals,6c7532c9-dcb1-40a3-beaa-690039713dec,SAMMS-ShoalsV5
202608241448406237,202608241408172068,202608241408171802,88,4922,P1 Reference Codes Bronze - B57,br_samms_codes,TASK_COMPLETE,FAILED,ERROR,0,0,1,SaveCodes Bronze ForEach failed,2026-08-24T14:08:21.733Z,2026-08-24T15:03:37.584Z,3316,2026-08-24T15:03:37.584Z,B57,Pawtucket,6c7532c9-dcb1-40a3-beaa-690039713dec,SAMMS-Pawtucket
202608241448406238,202608241408172069,202608241408171802,88,4923,P1 Reference Codes Bronze - B57A,br_samms_codes,TASK_COMPLETE,FAILED,ERROR,0,0,1,SaveCodes Bronze ForEach failed,2026-08-24T14:08:21.733Z,2026-08-24T15:03:37.584Z,3316,2026-08-24T15:03:37.584Z,B57A,Johnston,6c7532c9-dcb1-40a3-beaa-690039713dec,SAMMS-Johnston
202608241448406239,202608241408172070,202608241408171802,88,4924,P1 Reference Codes Bronze - B57B,br_samms_codes,TASK_COMPLETE,FAILED,ERROR,0,0,1,SaveCodes Bronze ForEach failed,2026-08-24T14:08:21.733Z,2026-08-24T15:03:37.584Z,3316,2026-08-24T15:03:37.584Z,B57B,Middletown,6c7532c9-dcb1-40a3-beaa-690039713dec,SAMMS-Middletown
202608241448406241,202608241408172071,202608241408171802,88,4925,P1 Reference Codes Bronze - B57C,br_samms_codes,TASK_COMPLETE,FAILED,ERROR,0,0,1,SaveCodes Bronze ForEach failed,2026-08-24T14:08:21.733Z,2026-08-24T15:03:37.584Z,3316,2026-08-24T15:03:37.584Z,B57C,Providence,6c7532c9-dcb1-40a3-beaa-690039713dec,SAMMS-Providence
202608241448406242,202608241408172072,202608241408171802,88,4926,P1 Reference Codes Bronze - B57D,br_samms_codes,TASK_COMPLETE,FAILED,ERROR,0,0,1,SaveCodes Bronze ForEach failed,2026-08-24T14:08:21.733Z,2026-08-24T15:03:37.584Z,3316,2026-08-24T15:03:37.584Z,B57D,Westerly,6c7532c9-dcb1-40a3-beaa-690039713dec,SAMMS-Westerly
202608241448406244,202608241408172073,202608241408171802,88,4927,P1 Reference Codes Bronze - B66A,br_samms_codes,TASK_COMPLETE,FAILED,ERROR,0,0,1,SaveCodes Bronze ForEach failed,2026-08-24T14:08:21.733Z,2026-08-24T15:03:37.584Z,3316,2026-08-24T15:03:37.584Z,B66A,Bremen,6c7532c9-dcb1-40a3-beaa-690039713dec,SAMMS-Bremen
202608241448406245,202608241408172074,202608241408171802,88,4928,P1 Reference Codes Bronze - B72,br_samms_codes,TASK_COMPLETE,FAILED,ERROR,0,0,1,SaveCodes Bronze ForEach failed,2026-08-24T14:08:21.733Z,2026-08-24T15:03:37.584Z,3316,2026-08-24T15:03:37.584Z,B72,Mobile-OBOT,6c7532c9-dcb1-40a3-beaa-690039713dec,SAMMS-Mobile-OBOT
202608241448406247,202608241408172075,202608241408171802,88,4929,P1 Reference Codes Bronze - B73,br_samms_codes,TASK_COMPLETE,FAILED,ERROR,0,0,1,SaveCodes Bronze ForEach failed,2026-08-24T14:08:21.733Z,2026-08-24T15:03:37.584Z,3316,2026-08-24T15:03:37.584Z,B73,Montgomery,6c7532c9-dcb1-40a3-beaa-690039713dec,SAMMS-Montgomery
202608241448406248,202608241408172076,202608241408171802,88,4930,P1 Reference Codes Bronze - B75,br_samms_codes,TASK_COMPLETE,FAILED,ERROR,0,0,1,SaveCodes Bronze ForEach failed,2026-08-24T14:08:21.733Z,2026-08-24T15:03:37.584Z,3316,2026-08-24T15:03:37.584Z,B75,Lawrence,6c7532c9-dcb1-40a3-beaa-690039713dec,SAMMS-LawrenceV6
202608241448406249,202608241408172077,202608241408171802,88,4931,P1 Reference Codes Bronze - B76,br_samms_codes,TASK_COMPLETE,FAILED,ERROR,0,0,1,SaveCodes Bronze ForEach failed,2026-08-24T14:08:21.733Z,2026-08-24T15:03:37.584Z,3316,2026-08-24T15:03:37.584Z,B76,Huntsville-OBOT,6c7532c9-dcb1-40a3-beaa-690039713dec,SAMMS-Huntsville-OBOT
202608241448406251,202608241408172078,202608241408171802,88,4932,P1 Reference Codes Bronze - BAT,br_samms_codes,TASK_COMPLETE,FAILED,ERROR,0,0,1,SaveCodes Bronze ForEach failed,2026-08-24T14:08:21.733Z,2026-08-24T15:03:37.584Z,3316,2026-08-24T15:03:37.584Z,BAT,Batesville,6c7532c9-dcb1-40a3-beaa-690039713dec,SAMMS-Batesville
202608241448406252,202608241408172079,202608241408171802,88,4933,P1 Reference Codes Bronze - BG,br_samms_codes,TASK_COMPLETE,FAILED,ERROR,0,0,1,SaveCodes Bronze ForEach failed,2026-08-24T14:08:21.733Z,2026-08-24T15:03:37.584Z,3316,2026-08-24T15:03:37.584Z,BG,BowlingGreen,6c7532c9-dcb1-40a3-beaa-690039713dec,SAMMS-BowlingGreen
202608241448406254,202608241408172080,202608241408171802,88,4934,P1 Reference Codes Bronze - BOI,br_samms_codes,TASK_COMPLETE,FAILED,ERROR,0,0,1,SaveCodes Bronze ForEach failed,2026-08-24T14:08:21.733Z,2026-08-24T15:03:37.584Z,3316,2026-08-24T15:03:37.584Z,BOI,Boise,6c7532c9-dcb1-40a3-beaa-690039713dec,SAMMS-Boise
202608241333250389,202608241253386881,202608241253386616,88,4921,P1 Reference Codes Bronze - B55,br_samms_codes,TASK_COMPLETE,FAILED,ERROR,0,0,1,SaveCodes Bronze ForEach failed,2026-08-24T12:53:42.369Z,2026-08-24T13:42:52.652Z,2950,2026-08-24T13:42:52.652Z,B55,Shoals,8f1806c1-b1f2-4ac5-b25b-086fec51b8fb,SAMMS-ShoalsV5
202608241333250390,202608241253386882,202608241253386616,88,4922,P1 Reference Codes Bronze - B57,br_samms_codes,TASK_COMPLETE,FAILED,ERROR,0,0,1,SaveCodes Bronze ForEach failed,2026-08-24T12:53:42.369Z,2026-08-24T13:42:52.652Z,2950,2026-08-24T13:42:52.652Z,B57,Pawtucket,8f1806c1-b1f2-4ac5-b25b-086fec51b8fb,SAMMS-Pawtucket
202608241333250391,202608241253386883,202608241253386616,88,4923,P1 Reference Codes Bronze - B57A,br_samms_codes,TASK_COMPLETE,FAILED,ERROR,0,0,1,SaveCodes Bronze ForEach failed,2026-08-24T12:53:42.369Z,2026-08-24T13:42:52.652Z,2950,2026-08-24T13:42:52.652Z,B57A,Johnston,8f1806c1-b1f2-4ac5-b25b-086fec51b8fb,SAMMS-Johnston
202608241333250393,202608241253386884,202608241253386616,88,4924,P1 Reference Codes Bronze - B57B,br_samms_codes,TASK_COMPLETE,FAILED,ERROR,0,0,1,SaveCodes Bronze ForEach failed,2026-08-24T12:53:42.369Z,2026-08-24T13:42:52.652Z,2950,2026-08-24T13:42:52.652Z,B57B,Middletown,8f1806c1-b1f2-4ac5-b25b-086fec51b8fb,SAMMS-Middletown
202608241333250394,202608241253386885,202608241253386616,88,4925,P1 Reference Codes Bronze - B57C,br_samms_codes,TASK_COMPLETE,FAILED,ERROR,0,0,1,SaveCodes Bronze ForEach failed,2026-08-24T12:53:42.369Z,2026-08-24T13:42:52.652Z,2950,2026-08-24T13:42:52.652Z,B57C,Providence,8f1806c1-b1f2-4ac5-b25b-086fec51b8fb,SAMMS-Providence
202608241333250396,202608241253386886,202608241253386616,88,4926,P1 Reference Codes Bronze - B57D,br_samms_codes,TASK_COMPLETE,FAILED,ERROR,0,0,1,SaveCodes Bronze ForEach failed,2026-08-24T12:53:42.369Z,2026-08-24T13:42:52.652Z,2950,2026-08-24T13:42:52.652Z,B57D,Westerly,8f1806c1-b1f2-4ac5-b25b-086fec51b8fb,SAMMS-Westerly
202608241333250397,202608241253386887,202608241253386616,88,4927,P1 Reference Codes Bronze - B66A,br_samms_codes,TASK_COMPLETE,FAILED,ERROR,0,0,1,SaveCodes Bronze ForEach failed,2026-08-24T12:53:42.369Z,2026-08-24T13:42:52.652Z,2950,2026-08-24T13:42:52.652Z,B66A,Bremen,8f1806c1-b1f2-4ac5-b25b-086fec51b8fb,SAMMS-Bremen
202608241333250398,202608241253386888,202608241253386616,88,4928,P1 Reference Codes Bronze - B72,br_samms_codes,TASK_COMPLETE,FAILED,ERROR,0,0,1,SaveCodes Bronze ForEach failed,2026-08-24T12:53:42.369Z,2026-08-24T13:42:52.652Z,2950,2026-08-24T13:42:52.652Z,B72,Mobile-OBOT,8f1806c1-b1f2-4ac5-b25b-086fec51b8fb,SAMMS-Mobile-OBOT
202608241333250400,202608241253386889,202608241253386616,88,4929,P1 Reference Codes Bronze - B73,br_samms_codes,TASK_COMPLETE,FAILED,ERROR,0,0,1,SaveCodes Bronze ForEach failed,2026-08-24T12:53:42.369Z,2026-08-24T13:42:52.652Z,2950,2026-08-24T13:42:52.652Z,B73,Montgomery,8f1806c1-b1f2-4ac5-b25b-086fec51b8fb,SAMMS-Montgomery
202608241333250401,202608241253386890,202608241253386616,88,4930,P1 Reference Codes Bronze - B75,br_samms_codes,TASK_COMPLETE,FAILED,ERROR,0,0,1,SaveCodes Bronze ForEach failed,2026-08-24T12:53:42.369Z,2026-08-24T13:42:52.652Z,2950,2026-08-24T13:42:52.652Z,B75,Lawrence,8f1806c1-b1f2-4ac5-b25b-086fec51b8fb,SAMMS-LawrenceV6
202608241333250403,202608241253386891,202608241253386616,88,4931,P1 Reference Codes Bronze - B76,br_samms_codes,TASK_COMPLETE,FAILED,ERROR,0,0,1,SaveCodes Bronze ForEach failed,2026-08-24T12:53:42.369Z,2026-08-24T13:42:52.652Z,2950,2026-08-24T13:42:52.652Z,B76,Huntsville-OBOT,8f1806c1-b1f2-4ac5-b25b-086fec51b8fb,SAMMS-Huntsville-OBOT
202608241333250404,202608241253386892,202608241253386616,88,4932,P1 Reference Codes Bronze - BAT,br_samms_codes,TASK_COMPLETE,FAILED,ERROR,0,0,1,SaveCodes Bronze ForEach failed,2026-08-24T12:53:42.369Z,2026-08-24T13:42:52.652Z,2950,2026-08-24T13:42:52.652Z,BAT,Batesville,8f1806c1-b1f2-4ac5-b25b-086fec51b8fb,SAMMS-Batesville
202608241333250406,202608241253386893,202608241253386616,88,4933,P1 Reference Codes Bronze - BG,br_samms_codes,TASK_COMPLETE,FAILED,ERROR,0,0,1,SaveCodes Bronze ForEach failed,2026-08-24T12:53:42.369Z,2026-08-24T13:42:52.652Z,2950,2026-08-24T13:42:52.652Z,BG,BowlingGreen,8f1806c1-b1f2-4ac5-b25b-086fec51b8fb,SAMMS-BowlingGreen
202608241333250407,202608241253386894,202608241253386616,88,4934,P1 Reference Codes Bronze - BOI,br_samms_codes,TASK_COMPLETE,FAILED,ERROR,0,0,1,SaveCodes Bronze ForEach failed,2026-08-24T12:53:42.369Z,2026-08-24T13:42:52.652Z,2950,2026-08-24T13:42:52.652Z,BOI,Boise,8f1806c1-b1f2-4ac5-b25b-086fec51b8fb,SAMMS-Boise
202608241333250430,202608241253386909,202608241253386616,88,4949,P1 Reference Codes Bronze - ET,br_samms_codes,TASK_COMPLETE,FAILED,ERROR,0,0,1,SaveCodes Bronze ForEach failed,2026-08-24T12:53:42.369Z,2026-08-24T13:42:52.652Z,2950,2026-08-24T13:42:52.652Z,ET,Elizabethtown,8f1806c1-b1f2-4ac5-b25b-086fec51b8fb,SAMMS-Elizabethtown
202608241333250432,202608241253386910,202608241253386616,88,4950,P1 Reference Codes Bronze - FAY,br_samms_codes,TASK_COMPLETE,FAILED,ERROR,0,0,1,SaveCodes Bronze ForEach failed,2026-08-24T12:53:42.369Z,2026-08-24T13:42:52.652Z,2950,2026-08-24T13:42:52.652Z,FAY,Fayetteville,8f1806c1-b1f2-4ac5-b25b-086fec51b8fb,SAMMS-Fayetteville
202608241333250433,202608241253386911,202608241253386616,88,4951,P1 Reference Codes Bronze - FR,br_samms_codes,TASK_COMPLETE,FAILED,ERROR,0,0,1,SaveCodes Bronze ForEach failed,2026-08-24T12:53:42.369Z,2026-08-24T13:42:52.652Z,2950,2026-08-24T13:42:52.652Z,FR,Frankfort,8f1806c1-b1f2-4ac5-b25b-086fec51b8fb,SAMMS-Frankfort
202608241333250435,202608241253386912,202608241253386616,88,4952,P1 Reference Codes Bronze - FS,br_samms_codes,TASK_COMPLETE,FAILED,ERROR,0,0,1,SaveCodes Bronze ForEach failed,2026-08-24T12:53:42.369Z,2026-08-24T13:42:52.652Z,2950,2026-08-24T13:42:52.652Z,FS,FortSmith,8f1806c1-b1f2-4ac5-b25b-086fec51b8fb,SAMMS-FortSmith
202608241333250436,202608241253386913,202608241253386616,88,4953,P1 Reference Codes Bronze - FW,br_samms_codes,TASK_COMPLETE,FAILED,ERROR,0,0,1,SaveCodes Bronze ForEach failed,2026-08-24T12:53:42.369Z,2026-08-24T13:42:52.652Z,2950,2026-08-24T13:42:52.652Z,FW,FortWayne,8f1806c1-b1f2-4ac5-b25b-086fec51b8fb,SAMMS-FortWayne
202608241333250438,202608241253386914,202608241253386616,88,4954,P1 Reference Codes Bronze - GAL,br_samms_codes,TASK_COMPLETE,FAILED,ERROR,0,0,1,SaveCodes Bronze ForEach failed,2026-08-24T12:53:42.369Z,2026-08-24T13:42:52.652Z,2950,2026-08-24T13:42:52.652Z,GAL,Gaylord,8f1806c1-b1f2-4ac5-b25b-086fec51b8fb,SAMMS-Gaylord
202608241333250440,202608241253386915,202608241253386616,88,4955,P1 Reference Codes Bronze - HGT,br_samms_codes,TASK_COMPLETE,FAILED,ERROR,0,0,1,SaveCodes Bronze ForEach failed,2026-08-24T12:53:42.369Z,2026-08-24T13:42:52.652Z,2950,2026-08-24T13:42:52.652Z,HGT,Hagerstown,8f1806c1-b1f2-4ac5-b25b-086fec51b8fb,SAMMS-Hagerstown
202608241333250441,202608241253386916,202608241253386616,88,4956,P1 Reference Codes Bronze - HNT,br_samms_codes,TASK_COMPLETE,FAILED,ERROR,0,0,1,SaveCodes Bronze ForEach failed,2026-08-24T12:53:42.369Z,2026-08-24T13:42:52.652Z,2950,2026-08-24T13:42:52.652Z,HNT,Huntsville,8f1806c1-b1f2-4ac5-b25b-086fec51b8fb,SAMMS-Huntsville
202608241333250443,202608241253386917,202608241253386616,88,4957,P1 Reference Codes Bronze - HS,br_samms_codes,TASK_COMPLETE,FAILED,ERROR,0,0,1,SaveCodes Bronze ForEach failed,2026-08-24T12:53:42.369Z,2026-08-24T13:42:52.652Z,2950,2026-08-24T13:42:52.652Z,HS,HotSprings,8f1806c1-b1f2-4ac5-b25b-086fec51b8fb,SAMMS-HotSprings
202608241333250444,202608241253386918,202608241253386616,88,4958,P1 Reference Codes Bronze - JON,br_samms_codes,TASK_COMPLETE,FAILED,ERROR,0,0,1,SaveCodes Bronze ForEach failed,2026-08-24T12:53:42.369Z,2026-08-24T13:42:52.652Z,2950,2026-08-24T13:42:52.652Z,JON,Jonesboro,8f1806c1-b1f2-4ac5-b25b-086fec51b8fb,SAMMS-Jonesboro
202608241333250446,202608241253386919,202608241253386616,88,8603,P1 Reference Codes Bronze - LAB,br_samms_codes,TASK_COMPLETE,FAILED,ERROR,0,0,1,SaveCodes Bronze ForEach failed,2026-08-24T12:53:42.369Z,2026-08-24T13:42:52.652Z,2950,2026-08-24T13:42:52.652Z,LAB,Lab,8f1806c1-b1f2-4ac5-b25b-086fec51b8fb,SAMMS-LabV5-V2
202608241333250448,202608241253386920,202608241253386616,88,4959,P1 Reference Codes Bronze - LAN,br_samms_codes,TASK_COMPLETE,FAILED,ERROR,0,0,1,SaveCodes Bronze ForEach failed,2026-08-24T12:53:42.369Z,2026-08-24T13:42:52.652Z,2950,2026-08-24T13:42:52.652Z,LAN,Lansing,8f1806c1-b1f2-4ac5-b25b-086fec51b8fb,SAMMS-Lansing
202608241333250450,202608241253386921,202608241253386616,88,4960,P1 Reference Codes Bronze - LO,br_samms_codes,TASK_COMPLETE,FAILED,ERROR,0,0,1,SaveCodes Bronze ForEach failed,2026-08-24T12:53:42.369Z,2026-08-24T13:42:52.652Z,2950,2026-08-24T13:42:52.652Z,LO,Louisville,8f1806c1-b1f2-4ac5-b25b-086fec51b8fb,SAMMS-Louisville
202608241333250451,202608241253386922,202608241253386616,88,4961,P1 Reference Codes Bronze - LV1,br_samms_codes,TASK_COMPLETE,FAILED,ERROR,0,0,1,SaveCodes Bronze ForEach failed,2026-08-24T12:53:42.369Z,2026-08-24T13:42:52.652Z,2950,2026-08-24T13:42:52.652Z,LV1,Cheyenne,8f1806c1-b1f2-4ac5-b25b-086fec51b8fb,SAMMS-Cheyenne
202608241448406277,202608241408172095,202608241408171802,88,4949,P1 Reference Codes Bronze - ET,br_samms_codes,TASK_COMPLETE,FAILED,ERROR,0,0,1,SaveCodes Bronze ForEach failed,2026-08-24T14:08:21.733Z,2026-08-24T15:03:37.584Z,3316,2026-08-24T15:03:37.584Z,ET,Elizabethtown,6c7532c9-dcb1-40a3-beaa-690039713dec,SAMMS-Elizabethtown
202608241448406279,202608241408172096,202608241408171802,88,4950,P1 Reference Codes Bronze - FAY,br_samms_codes,TASK_COMPLETE,FAILED,ERROR,0,0,1,SaveCodes Bronze ForEach failed,2026-08-24T14:08:21.733Z,2026-08-24T15:03:37.584Z,3316,2026-08-24T15:03:37.584Z,FAY,Fayetteville,6c7532c9-dcb1-40a3-beaa-690039713dec,SAMMS-Fayetteville
202608241448406280,202608241408172097,202608241408171802,88,4951,P1 Reference Codes Bronze - FR,br_samms_codes,TASK_COMPLETE,FAILED,ERROR,0,0,1,SaveCodes Bronze ForEach failed,2026-08-24T14:08:21.733Z,2026-08-24T15:03:37.584Z,3316,2026-08-24T15:03:37.584Z,FR,Frankfort,6c7532c9-dcb1-40a3-beaa-690039713dec,SAMMS-Frankfort
202608241448406282,202608241408172098,202608241408171802,88,4952,P1 Reference Codes Bronze - FS,br_samms_codes,TASK_COMPLETE,FAILED,ERROR,0,0,1,SaveCodes Bronze ForEach failed,2026-08-24T14:08:21.733Z,2026-08-24T15:03:37.584Z,3316,2026-08-24T15:03:37.584Z,FS,FortSmith,6c7532c9-dcb1-40a3-beaa-690039713dec,SAMMS-FortSmith
202608241448406284,202608241408172099,202608241408171802,88,4953,P1 Reference Codes Bronze - FW,br_samms_codes,TASK_COMPLETE,FAILED,ERROR,0,0,1,SaveCodes Bronze ForEach failed,2026-08-24T14:08:21.733Z,2026-08-24T15:03:37.584Z,3316,2026-08-24T15:03:37.584Z,FW,FortWayne,6c7532c9-dcb1-40a3-beaa-690039713dec,SAMMS-FortWayne
202608241448406286,202608241408172100,202608241408171802,88,4954,P1 Reference Codes Bronze - GAL,br_samms_codes,TASK_COMPLETE,FAILED,ERROR,0,0,1,SaveCodes Bronze ForEach failed,2026-08-24T14:08:21.733Z,2026-08-24T15:03:37.584Z,3316,2026-08-24T15:03:37.584Z,GAL,Gaylord,6c7532c9-dcb1-40a3-beaa-690039713dec,SAMMS-Gaylord
202608241448406287,202608241408172101,202608241408171802,88,4955,P1 Reference Codes Bronze - HGT,br_samms_codes,TASK_COMPLETE,FAILED,ERROR,0,0,1,SaveCodes Bronze ForEach failed,2026-08-24T14:08:21.733Z,2026-08-24T15:03:37.584Z,3316,2026-08-24T15:03:37.584Z,HGT,Hagerstown,6c7532c9-dcb1-40a3-beaa-690039713dec,SAMMS-Hagerstown
202608241448406289,202608241408172102,202608241408171802,88,4956,P1 Reference Codes Bronze - HNT,br_samms_codes,TASK_COMPLETE,FAILED,ERROR,0,0,1,SaveCodes Bronze ForEach failed,2026-08-24T14:08:21.733Z,2026-08-24T15:03:37.584Z,3316,2026-08-24T15:03:37.584Z,HNT,Huntsville,6c7532c9-dcb1-40a3-beaa-690039713dec,SAMMS-Huntsville
202608241448406290,202608241408172103,202608241408171802,88,4957,P1 Reference Codes Bronze - HS,br_samms_codes,TASK_COMPLETE,FAILED,ERROR,0,0,1,SaveCodes Bronze ForEach failed,2026-08-24T14:08:21.733Z,2026-08-24T15:03:37.584Z,3316,2026-08-24T15:03:37.584Z,HS,HotSprings,6c7532c9-dcb1-40a3-beaa-690039713dec,SAMMS-HotSprings
202608241448406292,202608241408172104,202608241408171802,88,4958,P1 Reference Codes Bronze - JON,br_samms_codes,TASK_COMPLETE,FAILED,ERROR,0,0,1,SaveCodes Bronze ForEach failed,2026-08-24T14:08:21.733Z,2026-08-24T15:03:37.584Z,3316,2026-08-24T15:03:37.584Z,JON,Jonesboro,6c7532c9-dcb1-40a3-beaa-690039713dec,SAMMS-Jonesboro
202608241448406294,202608241408172105,202608241408171802,88,8603,P1 Reference Codes Bronze - LAB,br_samms_codes,TASK_COMPLETE,FAILED,ERROR,0,0,1,SaveCodes Bronze ForEach failed,2026-08-24T14:08:21.733Z,2026-08-24T15:03:37.584Z,3316,2026-08-24T15:03:37.584Z,LAB,Lab,6c7532c9-dcb1-40a3-beaa-690039713dec,SAMMS-LabV5-V2
202608241448406296,202608241408172106,202608241408171802,88,4959,P1 Reference Codes Bronze - LAN,br_samms_codes,TASK_COMPLETE,FAILED,ERROR,0,0,1,SaveCodes Bronze ForEach failed,2026-08-24T14:08:21.733Z,2026-08-24T15:03:37.584Z,3316,2026-08-24T15:03:37.584Z,LAN,Lansing,6c7532c9-dcb1-40a3-beaa-690039713dec,SAMMS-Lansing
202608241448406297,202608241408172107,202608241408171802,88,4960,P1 Reference Codes Bronze - LO,br_samms_codes,TASK_COMPLETE,FAILED,ERROR,0,0,1,SaveCodes Bronze ForEach failed,2026-08-24T14:08:21.733Z,2026-08-24T15:03:37.584Z,3316,2026-08-24T15:03:37.584Z,LO,Louisville,6c7532c9-dcb1-40a3-beaa-690039713dec,SAMMS-Louisville
202608241448406299,202608241408172108,202608241408171802,88,4961,P1 Reference Codes Bronze - LV1,br_samms_codes,TASK_COMPLETE,FAILED,ERROR,0,0,1,SaveCodes Bronze ForEach failed,2026-08-24T14:08:21.733Z,2026-08-24T15:03:37.584Z,3316,2026-08-24T15:03:37.584Z,LV1,Cheyenne,6c7532c9-dcb1-40a3-beaa-690039713dec,SAMMS-Cheyenne
202608221320321358,202608221237332374,202608221237331665,88,5373,P1 Reference Custom Questions Bronze - B35,br_samms_custom_questions,TASK_COMPLETE,SUCCESS,INFO,2,2,0,,2026-08-22T12:37:36.805Z,2026-08-22T13:23:02.807Z,2726,2026-08-22T13:23:02.807Z,B35,Lexington,63818914-9c2b-4ff6-ac1c-35595835ab93,SAMMS-LexingtonV5
202608221320321359,202608221237332375,202608221237331665,88,5374,P1 Reference Custom Questions Bronze - B35A,br_samms_custom_questions,TASK_COMPLETE,SUCCESS,INFO,2,2,0,,2026-08-22T12:37:36.805Z,2026-08-22T13:23:02.807Z,2726,2026-08-22T13:23:02.807Z,B35A,Berea,63818914-9c2b-4ff6-ac1c-35595835ab93,SAMMS-BereaV5
202608221320321360,202608221237332376,202608221237331665,88,5375,P1 Reference Custom Questions Bronze - B36,br_samms_custom_questions,TASK_COMPLETE,SUCCESS,INFO,2,2,0,,2026-08-22T12:37:36.805Z,2026-08-22T13:23:02.807Z,2726,2026-08-22T13:23:02.807Z,B36,Asheville,63818914-9c2b-4ff6-ac1c-35595835ab93,SAMMS-AshevilleV5
202608221320321362,202608221237332377,202608221237331665,88,5376,P1 Reference Custom Questions Bronze - B37,br_samms_custom_questions,TASK_COMPLETE,SUCCESS,INFO,2,2,0,,2026-08-22T12:37:36.805Z,2026-08-22T13:23:02.807Z,2726,2026-08-22T13:23:02.807Z,B37,Clyde,63818914-9c2b-4ff6-ac1c-35595835ab93,SAMMS-ClydeV5
202608221320321363,202608221237332378,202608221237331665,88,5377,P1 Reference Custom Questions Bronze - B38,br_samms_custom_questions,TASK_COMPLETE,SUCCESS,INFO,2,2,0,,2026-08-22T12:37:36.805Z,2026-08-22T13:23:02.807Z,2726,2026-08-22T13:23:02.807Z,B38,Spartanburg,63818914-9c2b-4ff6-ac1c-35595835ab93,SAMMS-SpartanburgV5
202608221320321364,202608221237332379,202608221237331665,88,5378,P1 Reference Custom Questions Bronze - B39,br_samms_custom_questions,TASK_COMPLETE,SUCCESS,INFO,2,2,0,,2026-08-22T12:37:36.805Z,2026-08-22T13:23:02.807Z,2726,2026-08-22T13:23:02.807Z,B39,Aiken,63818914-9c2b-4ff6-ac1c-35595835ab93,SAMMS-AikenV5
202608221320321366,202608221237332380,202608221237331665,88,5379,P1 Reference Custom Questions Bronze - B41,br_samms_custom_questions,TASK_COMPLETE,SUCCESS,INFO,49,49,0,,2026-08-22T12:37:36.805Z,2026-08-22T13:23:02.807Z,2726,2026-08-22T13:23:02.807Z,B41,Chesapeake,63818914-9c2b-4ff6-ac1c-35595835ab93,SAMMS-ChesapeakeV5
202608221320321367,202608221237332381,202608221237331665,88,5380,P1 Reference Custom Questions Bronze - B42,br_samms_custom_questions,TASK_COMPLETE,SUCCESS,INFO,49,49,0,,2026-08-22T12:37:36.805Z,2026-08-22T13:23:02.807Z,2726,2026-08-22T13:23:02.807Z,B42,VirginiaBeach,63818914-9c2b-4ff6-ac1c-35595835ab93,SAMMS-VirginiaBeachV5
202608221320321369,202608221237332382,202608221237331665,88,5381,P1 Reference Custom Questions Bronze - B42A,br_samms_custom_questions,TASK_COMPLETE,SUCCESS,INFO,49,49,0,,2026-08-22T12:37:36.805Z,2026-08-22T13:23:02.807Z,2726,2026-08-22T13:23:02.807Z,B42A,NewportNews,63818914-9c2b-4ff6-ac1c-35595835ab93,SAMMS-NewportNewsV5
202608221320321370,202608221237332383,202608221237331665,88,5382,P1 Reference Custom Questions Bronze - B42B,br_samms_custom_questions,TASK_COMPLETE,SUCCESS,INFO,49,49,0,,2026-08-22T12:37:36.805Z,2026-08-22T13:23:02.807Z,2726,2026-08-22T13:23:02.807Z,B42B,Franklin,63818914-9c2b-4ff6-ac1c-35595835ab93,SAMMS-FranklinV5
202608221320321371,202608221237332384,202608221237331665,88,5383,P1 Reference Custom Questions Bronze - B42C,br_samms_custom_questions,TASK_COMPLETE,SUCCESS,INFO,49,49,0,,2026-08-22T12:37:36.805Z,2026-08-22T13:23:02.807Z,2726,2026-08-22T13:23:02.807Z,B42C,GlenAllen,63818914-9c2b-4ff6-ac1c-35595835ab93,SAMMS-GlenAllenV5
202608221320321373,202608221237332385,202608221237331665,88,5384,P1 Reference Custom Questions Bronze - B42D,br_samms_custom_questions,TASK_COMPLETE,SUCCESS,INFO,49,49,0,,2026-08-22T12:37:36.805Z,2026-08-22T13:23:02.807Z,2726,2026-08-22T13:23:02.807Z,B42D,ChesapeakeSouth,63818914-9c2b-4ff6-ac1c-35595835ab93,SAMMS-ChesapeakeSouthV5
202608221320321374,202608221237332386,202608221237331665,88,5385,P1 Reference Custom Questions Bronze - B44,br_samms_custom_questions,TASK_COMPLETE,SUCCESS,INFO,48,48,0,,2026-08-22T12:37:36.805Z,2026-08-22T13:23:02.807Z,2726,2026-08-22T13:23:02.807Z,B44,Albany,63818914-9c2b-4ff6-ac1c-35595835ab93,SAMMS-AlbanyV5
202608221320321376,202608221237332387,202608221237331665,88,5386,P1 Reference Custom Questions Bronze - B45,br_samms_custom_questions,TASK_COMPLETE,SUCCESS,INFO,48,48,0,,2026-08-22T12:37:36.805Z,2026-08-22T13:23:02.807Z,2726,2026-08-22T13:23:02.807Z,B45,Tifton,63818914-9c2b-4ff6-ac1c-35595835ab93,SAMMS-TiftonV5
202608221320321377,202608221237332388,202608221237331665,88,5387,P1 Reference Custom Questions Bronze - B46,br_samms_custom_questions,TASK_COMPLETE,SUCCESS,INFO,0,0,0,,2026-08-22T12:37:36.805Z,2026-08-22T13:23:02.807Z,2726,2026-08-22T13:23:02.807Z,B46,WashingtonDC,63818914-9c2b-4ff6-ac1c-35595835ab93,SAMMS-WashingtonDCv5
202608221320321378,202608221237332389,202608221237331665,88,5388,P1 Reference Custom Questions Bronze - B47,br_samms_custom_questions,TASK_COMPLETE,SUCCESS,INFO,48,48,0,,2026-08-22T12:37:36.805Z,2026-08-22T13:23:02.807Z,2726,2026-08-22T13:23:02.807Z,B47,Mobile,63818914-9c2b-4ff6-ac1c-35595835ab93,SAMMS-MobileV5
202608221320320705,202608221237331677,202608221237331665,88,4664,P1 Reference Clinic Bronze - B34,br_samms_clinic,TASK_COMPLETE,SUCCESS,INFO,1,1,0,,2026-08-22T12:37:36.805Z,2026-08-22T13:23:02.807Z,2726,2026-08-22T13:23:02.807Z,B34,Corbin,63818914-9c2b-4ff6-ac1c-35595835ab93,SAMMS-CorbinV5
202608221320320706,202608221237331678,202608221237331665,88,4665,P1 Reference Clinic Bronze - B35,br_samms_clinic,TASK_COMPLETE,SUCCESS,INFO,1,1,0,,2026-08-22T12:37:36.805Z,2026-08-22T13:23:02.807Z,2726,2026-08-22T13:23:02.807Z,B35,Lexington,63818914-9c2b-4ff6-ac1c-35595835ab93,SAMMS-LexingtonV5
202608221320320707,202608221237331679,202608221237331665,88,4666,P1 Reference Clinic Bronze - B35A,br_samms_clinic,TASK_COMPLETE,SUCCESS,INFO,1,1,0,,2026-08-22T12:37:36.805Z,2026-08-22T13:23:02.807Z,2726,2026-08-22T13:23:02.807Z,B35A,Berea,63818914-9c2b-4ff6-ac1c-35595835ab93,SAMMS-BereaV5
202608221320320709,202608221237331680,202608221237331665,88,4667,P1 Reference Clinic Bronze - B36,br_samms_clinic,TASK_COMPLETE,SUCCESS,INFO,1,1,0,,2026-08-22T12:37:36.805Z,2026-08-22T13:23:02.807Z,2726,2026-08-22T13:23:02.807Z,B36,Asheville,63818914-9c2b-4ff6-ac1c-35595835ab93,SAMMS-AshevilleV5
202608221320320710,202608221237331681,202608221237331665,88,4668,P1 Reference Clinic Bronze - B37,br_samms_clinic,TASK_COMPLETE,SUCCESS,INFO,1,1,0,,2026-08-22T12:37:36.805Z,2026-08-22T13:23:02.807Z,2726,2026-08-22T13:23:02.807Z,B37,Clyde,63818914-9c2b-4ff6-ac1c-35595835ab93,SAMMS-ClydeV5
202608221320320711,202608221237331682,202608221237331665,88,4669,P1 Reference Clinic Bronze - B38,br_samms_clinic,TASK_COMPLETE,SUCCESS,INFO,1,1,0,,2026-08-22T12:37:36.805Z,2026-08-22T13:23:02.807Z,2726,2026-08-22T13:23:02.807Z,B38,Spartanburg,63818914-9c2b-4ff6-ac1c-35595835ab93,SAMMS-SpartanburgV5
202608221320320713,202608221237331683,202608221237331665,88,4670,P1 Reference Clinic Bronze - B39,br_samms_clinic,TASK_COMPLETE,SUCCESS,INFO,1,1,0,,2026-08-22T12:37:36.805Z,2026-08-22T13:23:02.807Z,2726,2026-08-22T13:23:02.807Z,B39,Aiken,63818914-9c2b-4ff6-ac1c-35595835ab93,SAMMS-AikenV5
202608221320320714,202608221237331684,202608221237331665,88,4671,P1 Reference Clinic Bronze - B41,br_samms_clinic,TASK_COMPLETE,SUCCESS,INFO,1,1,0,,2026-08-22T12:37:36.805Z,2026-08-22T13:23:02.807Z,2726,2026-08-22T13:23:02.807Z,B41,Chesapeake,63818914-9c2b-4ff6-ac1c-35595835ab93,SAMMS-ChesapeakeV5
202608221320320715,202608221237331685,202608221237331665,88,4672,P1 Reference Clinic Bronze - B42,br_samms_clinic,TASK_COMPLETE,SUCCESS,INFO,1,1,0,,2026-08-22T12:37:36.805Z,2026-08-22T13:23:02.807Z,2726,2026-08-22T13:23:02.807Z,B42,VirginiaBeach,63818914-9c2b-4ff6-ac1c-35595835ab93,SAMMS-VirginiaBeachV5
202608221320320717,202608221237331686,202608221237331665,88,4673,P1 Reference Clinic Bronze - B42A,br_samms_clinic,TASK_COMPLETE,SUCCESS,INFO,1,1,0,,2026-08-22T12:37:36.805Z,2026-08-22T13:23:02.807Z,2726,2026-08-22T13:23:02.807Z,B42A,NewportNews,63818914-9c2b-4ff6-ac1c-35595835ab93,SAMMS-NewportNewsV5
202608221320320718,202608221237331687,202608221237331665,88,4674,P1 Reference Clinic Bronze - B42B,br_samms_clinic,TASK_COMPLETE,SUCCESS,INFO,1,1,0,,2026-08-22T12:37:36.805Z,2026-08-22T13:23:02.807Z,2726,2026-08-22T13:23:02.807Z,B42B,Franklin,63818914-9c2b-4ff6-ac1c-35595835ab93,SAMMS-FranklinV5
202608221320320719,202608221237331688,202608221237331665,88,4675,P1 Reference Clinic Bronze - B42C,br_samms_clinic,TASK_COMPLETE,SUCCESS,INFO,1,1,0,,2026-08-22T12:37:36.805Z,2026-08-22T13:23:02.807Z,2726,2026-08-22T13:23:02.807Z,B42C,GlenAllen,63818914-9c2b-4ff6-ac1c-35595835ab93,SAMMS-GlenAllenV5
202608221320320721,202608221237331689,202608221237331665,88,4676,P1 Reference Clinic Bronze - B42D,br_samms_clinic,TASK_COMPLETE,SUCCESS,INFO,1,1,0,,2026-08-22T12:37:36.805Z,2026-08-22T13:23:02.807Z,2726,2026-08-22T13:23:02.807Z,B42D,ChesapeakeSouth,63818914-9c2b-4ff6-ac1c-35595835ab93,SAMMS-ChesapeakeSouthV5
202608221320320722,202608221237331690,202608221237331665,88,4677,P1 Reference Clinic Bronze - B44,br_samms_clinic,TASK_COMPLETE,SUCCESS,INFO,1,1,0,,2026-08-22T12:37:36.805Z,2026-08-22T13:23:02.807Z,2726,2026-08-22T13:23:02.807Z,B44,Albany,63818914-9c2b-4ff6-ac1c-35595835ab93,SAMMS-AlbanyV5
202608221320320723,202608221237331691,202608221237331665,88,4678,P1 Reference Clinic Bronze - B45,br_samms_clinic,TASK_COMPLETE,SUCCESS,INFO,1,1,0,,2026-08-22T12:37:36.805Z,2026-08-22T13:23:02.807Z,2726,2026-08-22T13:23:02.807Z,B45,Tifton,63818914-9c2b-4ff6-ac1c-35595835ab93,SAMMS-TiftonV5
202608221320320725,202608221237331692,202608221237331665,88,4679,P1 Reference Clinic Bronze - B46,br_samms_clinic,TASK_COMPLETE,SUCCESS,INFO,1,1,0,,2026-08-22T12:37:36.805Z,2026-08-22T13:23:02.807Z,2726,2026-08-22T13:23:02.807Z,B46,WashingtonDC,63818914-9c2b-4ff6-ac1c-35595835ab93,SAMMS-WashingtonDCv5
202608241333250298,202608241253386710,202608241253386616,88,4745,P1 Reference Clinic Bronze - TU,br_samms_clinic,TASK_COMPLETE,SUCCESS,INFO,1,1,0,,2026-08-24T12:53:42.369Z,2026-08-24T13:42:52.652Z,2950,2026-08-24T13:42:52.652Z,TU,Tucson,8f1806c1-b1f2-4ac5-b25b-086fec51b8fb,SAMMS-Tucson
202608241333250300,202608241253386711,202608241253386616,88,4746,P1 Reference Clinic Bronze - V1,br_samms_clinic,TASK_COMPLETE,SUCCESS,INFO,1,1,0,,2026-08-24T12:53:42.369Z,2026-08-24T13:42:52.652Z,2950,2026-08-24T13:42:52.652Z,V1,VCPHCS-I-Memphis,8f1806c1-b1f2-4ac5-b25b-086fec51b8fb,SAMMS-VCPHCS-I-MemphisV5
202608241333250302,202608241253386712,202608241253386616,88,4747,P1 Reference Clinic Bronze - V10,br_samms_clinic,TASK_COMPLETE,SUCCESS,INFO,1,1,0,,2026-08-24T12:53:42.369Z,2026-08-24T13:42:52.652Z,2950,2026-08-24T13:42:52.652Z,V10,Boulder,8f1806c1-b1f2-4ac5-b25b-086fec51b8fb,SAMMS-BoulderV5
202608241333250303,202608241253386713,202608241253386616,88,4748,P1 Reference Clinic Bronze - V10A,br_samms_clinic,TASK_COMPLETE,SUCCESS,INFO,1,1,0,,2026-08-24T12:53:42.369Z,2026-08-24T13:42:52.652Z,2950,2026-08-24T13:42:52.652Z,V10A,FortCollins,8f1806c1-b1f2-4ac5-b25b-086fec51b8fb,SAMMS-FortCollinsV5
202608241333250305,202608241253386714,202608241253386616,88,4749,P1 Reference Clinic Bronze - V11,br_samms_clinic,TASK_COMPLETE,SUCCESS,INFO,1,1,0,,2026-08-24T12:53:42.369Z,2026-08-24T13:42:52.652Z,2950,2026-08-24T13:42:52.652Z,V11,VCPHCS-XI-NorthDenver,8f1806c1-b1f2-4ac5-b25b-086fec51b8fb,SAMMS-VCPHCS-XI-NorthDenverV5
202608241333250307,202608241253386715,202608241253386616,88,4750,P1 Reference Clinic Bronze - V12,br_samms_clinic,TASK_COMPLETE,SUCCESS,INFO,1,1,0,,2026-08-24T12:53:42.369Z,2026-08-24T13:42:52.652Z,2950,2026-08-24T13:42:52.652Z,V12,VCPHCS-XII-DowntownDenver,8f1806c1-b1f2-4ac5-b25b-086fec51b8fb,SAMMS-VCPHCS-XII-DowntownDenverV5
202608241333250309,202608241253386716,202608241253386616,88,4751,P1 Reference Clinic Bronze - V12A,br_samms_clinic,TASK_COMPLETE,SUCCESS,INFO,1,1,0,,2026-08-24T12:53:42.369Z,2026-08-24T13:42:52.652Z,2950,2026-08-24T13:42:52.652Z,V12A,Centennial,8f1806c1-b1f2-4ac5-b25b-086fec51b8fb,SAMMS-CentennialV5
202608241333250311,202608241253386717,202608241253386616,88,4752,P1 Reference Clinic Bronze - V14,br_samms_clinic,TASK_COMPLETE,SUCCESS,INFO,1,1,0,,2026-08-24T12:53:42.369Z,2026-08-24T13:42:52.652Z,2950,2026-08-24T13:42:52.652Z,V14,VCPHCS-XIV-Bridgeway,8f1806c1-b1f2-4ac5-b25b-086fec51b8fb,SAMMS-VCPHCS-XIV-BridgewayV5
202608241333250313,202608241253386718,202608241253386616,88,4753,P1 Reference Clinic Bronze - V15,br_samms_clinic,TASK_COMPLETE,SUCCESS,INFO,1,1,0,,2026-08-24T12:53:42.369Z,2026-08-24T13:42:52.652Z,2950,2026-08-24T13:42:52.652Z,V15,Joplin,8f1806c1-b1f2-4ac5-b25b-086fec51b8fb,SAMMS-JoplinV5
202608241333250315,202608241253386719,202608241253386616,88,4754,P1 Reference Clinic Bronze - V17,br_samms_clinic,TASK_COMPLETE,SUCCESS,INFO,1,1,0,,2026-08-24T12:53:42.369Z,2026-08-24T13:42:52.652Z,2950,2026-08-24T13:42:52.652Z,V17,ColumbiaTN,8f1806c1-b1f2-4ac5-b25b-086fec51b8fb,SAMMS-ColumbiaTNv5
202608241333250317,202608241253386720,202608241253386616,88,4755,P1 Reference Clinic Bronze - V19,br_samms_clinic,TASK_COMPLETE,SUCCESS,INFO,1,1,0,,2026-08-24T12:53:42.369Z,2026-08-24T13:42:52.652Z,2950,2026-08-24T13:42:52.652Z,V19,Jackson,8f1806c1-b1f2-4ac5-b25b-086fec51b8fb,SAMMS-JacksonV5
202608241333250319,202608241253386721,202608241253386616,88,4756,P1 Reference Clinic Bronze - V20,br_samms_clinic,TASK_COMPLETE,SUCCESS,INFO,1,1,0,,2026-08-24T12:53:42.369Z,2026-08-24T13:42:52.652Z,2950,2026-08-24T13:42:52.652Z,V20,Paris,8f1806c1-b1f2-4ac5-b25b-086fec51b8fb,SAMMS-ParisV5
202608241333250321,202608241253386722,202608241253386616,88,4757,P1 Reference Clinic Bronze - V21,br_samms_clinic,TASK_COMPLETE,SUCCESS,INFO,1,1,0,,2026-08-24T12:53:42.369Z,2026-08-24T13:42:52.652Z,2950,2026-08-24T13:42:52.652Z,V21,Raleigh,8f1806c1-b1f2-4ac5-b25b-086fec51b8fb,SAMMS-RaleighV5
202608241333250322,202608241253386723,202608241253386616,88,4758,P1 Reference Clinic Bronze - V5,br_samms_clinic,TASK_COMPLETE,SUCCESS,INFO,1,1,0,,2026-08-24T12:53:42.369Z,2026-08-24T13:42:52.652Z,2950,2026-08-24T13:42:52.652Z,V5,NONTC,8f1806c1-b1f2-4ac5-b25b-086fec51b8fb,SAMMS-NONTCv5
202608171851262516,202608171851262517,20260817185126,116,8626,nb_patientservices_slv_to_slv,PatientServicesNoShow,TASK_FAILED,FAILED,ERROR,0,0,1,PIPELINE_FAILED: File 'nb_patientservices_slv_transformations' not found. Publish that notebook in this workspace with that exact name. Last error: File `'nb_patientservices_slv_transformations'` not found.,2026-08-17T18:52:00.527Z,2026-08-17T18:52:00.527Z,0,2026-08-17T18:52:00.527Z,,,23af5ae6-07b4-4cfa-90b0-490e7d2c5b4b,
202608171920161065,202608171920161066,20260817192016,116,8626,nb_patientservices_slv_to_slv,PatientServicesNoShow,TASK_FAILED,FAILED,ERROR,0,0,1,PIPELINE_FAILED: File 'nb_patientservices_slv_transformations' not found. Publish that notebook in this workspace with that exact name. Last error: File `'nb_patientservices_slv_transformations'` not found.,2026-08-17T19:20:45.449Z,2026-08-17T19:20:45.449Z,0,2026-08-17T19:20:45.449Z,,,2a903478-f222-4c4d-a118-6c6f460e3c9c,
202608241448406139,202608241408171896,202608241408171802,88,4745,P1 Reference Clinic Bronze - TU,br_samms_clinic,TASK_COMPLETE,SUCCESS,INFO,1,1,0,,2026-08-24T14:08:21.733Z,2026-08-24T15:03:37.584Z,3316,2026-08-24T15:03:37.584Z,TU,Tucson,6c7532c9-dcb1-40a3-beaa-690039713dec,SAMMS-Tucson
202608241448406141,202608241408171897,202608241408171802,88,4746,P1 Reference Clinic Bronze - V1,br_samms_clinic,TASK_COMPLETE,SUCCESS,INFO,1,1,0,,2026-08-24T14:08:21.733Z,2026-08-24T15:03:37.584Z,3316,2026-08-24T15:03:37.584Z,V1,VCPHCS-I-Memphis,6c7532c9-dcb1-40a3-beaa-690039713dec,SAMMS-VCPHCS-I-MemphisV5
202608241448406143,202608241408171898,202608241408171802,88,4747,P1 Reference Clinic Bronze - V10,br_samms_clinic,TASK_COMPLETE,SUCCESS,INFO,1,1,0,,2026-08-24T14:08:21.733Z,2026-08-24T15:03:37.584Z,3316,2026-08-24T15:03:37.584Z,V10,Boulder,6c7532c9-dcb1-40a3-beaa-690039713dec,SAMMS-BoulderV5
202608241448406145,202608241408171899,202608241408171802,88,4748,P1 Reference Clinic Bronze - V10A,br_samms_clinic,TASK_COMPLETE,SUCCESS,INFO,1,1,0,,2026-08-24T14:08:21.733Z,2026-08-24T15:03:37.584Z,3316,2026-08-24T15:03:37.584Z,V10A,FortCollins,6c7532c9-dcb1-40a3-beaa-690039713dec,SAMMS-FortCollinsV5
202608241448406147,202608241408171900,202608241408171802,88,4749,P1 Reference Clinic Bronze - V11,br_samms_clinic,TASK_COMPLETE,SUCCESS,INFO,1,1,0,,2026-08-24T14:08:21.733Z,2026-08-24T15:03:37.584Z,3316,2026-08-24T15:03:37.584Z,V11,VCPHCS-XI-NorthDenver,6c7532c9-dcb1-40a3-beaa-690039713dec,SAMMS-VCPHCS-XI-NorthDenverV5
202608241448406149,202608241408171901,202608241408171802,88,4750,P1 Reference Clinic Bronze - V12,br_samms_clinic,TASK_COMPLETE,SUCCESS,INFO,1,1,0,,2026-08-24T14:08:21.733Z,2026-08-24T15:03:37.584Z,3316,2026-08-24T15:03:37.584Z,V12,VCPHCS-XII-DowntownDenver,6c7532c9-dcb1-40a3-beaa-690039713dec,SAMMS-VCPHCS-XII-DowntownDenverV5
202608241448406151,202608241408171902,202608241408171802,88,4751,P1 Reference Clinic Bronze - V12A,br_samms_clinic,TASK_COMPLETE,SUCCESS,INFO,1,1,0,,2026-08-24T14:08:21.733Z,2026-08-24T15:03:37.584Z,3316,2026-08-24T15:03:37.584Z,V12A,Centennial,6c7532c9-dcb1-40a3-beaa-690039713dec,SAMMS-CentennialV5
202608241448406153,202608241408171903,202608241408171802,88,4752,P1 Reference Clinic Bronze - V14,br_samms_clinic,TASK_COMPLETE,SUCCESS,INFO,1,1,0,,2026-08-24T14:08:21.733Z,2026-08-24T15:03:37.584Z,3316,2026-08-24T15:03:37.584Z,V14,VCPHCS-XIV-Bridgeway,6c7532c9-dcb1-40a3-beaa-690039713dec,SAMMS-VCPHCS-XIV-BridgewayV5
202608241448406155,202608241408171904,202608241408171802,88,4753,P1 Reference Clinic Bronze - V15,br_samms_clinic,TASK_COMPLETE,SUCCESS,INFO,1,1,0,,2026-08-24T14:08:21.733Z,2026-08-24T15:03:37.584Z,3316,2026-08-24T15:03:37.584Z,V15,Joplin,6c7532c9-dcb1-40a3-beaa-690039713dec,SAMMS-JoplinV5
202608241448406157,202608241408171905,202608241408171802,88,4754,P1 Reference Clinic Bronze - V17,br_samms_clinic,TASK_COMPLETE,SUCCESS,INFO,1,1,0,,2026-08-24T14:08:21.733Z,2026-08-24T15:03:37.584Z,3316,2026-08-24T15:03:37.584Z,V17,ColumbiaTN,6c7532c9-dcb1-40a3-beaa-690039713dec,SAMMS-ColumbiaTNv5
202608241448406159,202608241408171906,202608241408171802,88,4755,P1 Reference Clinic Bronze - V19,br_samms_clinic,TASK_COMPLETE,SUCCESS,INFO,1,1,0,,2026-08-24T14:08:21.733Z,2026-08-24T15:03:37.584Z,3316,2026-08-24T15:03:37.584Z,V19,Jackson,6c7532c9-dcb1-40a3-beaa-690039713dec,SAMMS-JacksonV5
202608241448406161,202608241408171907,202608241408171802,88,4756,P1 Reference Clinic Bronze - V20,br_samms_clinic,TASK_COMPLETE,SUCCESS,INFO,1,1,0,,2026-08-24T14:08:21.733Z,2026-08-24T15:03:37.584Z,3316,2026-08-24T15:03:37.584Z,V20,Paris,6c7532c9-dcb1-40a3-beaa-690039713dec,SAMMS-ParisV5
202608241448406163,202608241408171908,202608241408171802,88,4757,P1 Reference Clinic Bronze - V21,br_samms_clinic,TASK_COMPLETE,SUCCESS,INFO,1,1,0,,2026-08-24T14:08:21.733Z,2026-08-24T15:03:37.584Z,3316,2026-08-24T15:03:37.584Z,V21,Raleigh,6c7532c9-dcb1-40a3-beaa-690039713dec,SAMMS-RaleighV5
202608241448406164,202608241408171909,202608241408171802,88,4758,P1 Reference Clinic Bronze - V5,br_samms_clinic,TASK_COMPLETE,SUCCESS,INFO,1,1,0,,2026-08-24T14:08:21.733Z,2026-08-24T15:03:37.584Z,3316,2026-08-24T15:03:37.584Z,V5,NONTC,6c7532c9-dcb1-40a3-beaa-690039713dec,SAMMS-NONTCv5
202608221320320809,202608221237331741,202608221237331665,88,4727,P1 Reference Clinic Bronze - LV3,br_samms_clinic,TASK_COMPLETE,SUCCESS,INFO,1,1,0,,2026-08-22T12:37:36.805Z,2026-08-22T13:23:02.807Z,2726,2026-08-22T13:23:02.807Z,LV3,McDaniel,63818914-9c2b-4ff6-ac1c-35595835ab93,SAMMS-McDaniel
202608221320320811,202608221237331742,202608221237331665,88,4728,P1 Reference Clinic Bronze - MNRE,br_samms_clinic,TASK_COMPLETE,SUCCESS,INFO,1,1,0,,2026-08-22T12:37:36.805Z,2026-08-22T13:23:02.807Z,2726,2026-08-22T13:23:02.807Z,MNRE,Monroe,63818914-9c2b-4ff6-ac1c-35595835ab93,SAMMS-Monroe
202608221320320813,202608221237331743,202608221237331665,88,4729,P1 Reference Clinic Bronze - MP,br_samms_clinic,TASK_COMPLETE,SUCCESS,INFO,1,1,0,,2026-08-22T12:37:36.805Z,2026-08-22T13:23:02.807Z,2726,2026-08-22T13:23:02.807Z,MP,MtPleasant,63818914-9c2b-4ff6-ac1c-35595835ab93,SAMMS-MtPleasant
202608221320320815,202608221237331744,202608221237331665,88,4730,P1 Reference Clinic Bronze - MRD,br_samms_clinic,TASK_COMPLETE,SUCCESS,INFO,1,1,0,,2026-08-22T12:37:36.805Z,2026-08-22T13:23:02.807Z,2726,2026-08-22T13:23:02.807Z,MRD,Meridian,63818914-9c2b-4ff6-ac1c-35595835ab93,SAMMS-Meridian
202608221320320817,202608221237331745,202608221237331665,88,4731,P1 Reference Clinic Bronze - NC,br_samms_clinic,TASK_COMPLETE,SUCCESS,INFO,1,1,0,,2026-08-22T12:37:36.805Z,2026-08-22T13:23:02.807Z,2726,2026-08-22T13:23:02.807Z,NC,NorthCharleston,63818914-9c2b-4ff6-ac1c-35595835ab93,SAMMS-NorthCharleston
202608221320320819,202608221237331746,202608221237331665,88,4732,P1 Reference Clinic Bronze - NLR,br_samms_clinic,TASK_COMPLETE,SUCCESS,INFO,1,1,0,,2026-08-22T12:37:36.805Z,2026-08-22T13:23:02.807Z,2726,2026-08-22T13:23:02.807Z,NLR,NLROBOT,63818914-9c2b-4ff6-ac1c-35595835ab93,SAMMS-NLROBOT
202608221320320821,202608221237331747,202608221237331665,88,4733,P1 Reference Clinic Bronze - PH,br_samms_clinic,TASK_COMPLETE,SUCCESS,INFO,1,1,0,,2026-08-22T12:37:36.805Z,2026-08-22T13:23:02.807Z,2726,2026-08-22T13:23:02.807Z,PH,Phoenix,63818914-9c2b-4ff6-ac1c-35595835ab93,SAMMS-Phoenix
202608221320320823,202608221237331748,202608221237331665,88,4734,P1 Reference Clinic Bronze - RE,br_samms_clinic,TASK_COMPLETE,SUCCESS,INFO,1,1,0,,2026-08-22T12:37:36.805Z,2026-08-22T13:23:02.807Z,2726,2026-08-22T13:23:02.807Z,RE,Reno,63818914-9c2b-4ff6-ac1c-35595835ab93,SAMMS-Reno
202608221320320825,202608221237331749,202608221237331665,88,4735,P1 Reference Clinic Bronze - RMD,br_samms_clinic,TASK_COMPLETE,SUCCESS,INFO,1,1,0,,2026-08-22T12:37:36.805Z,2026-08-22T13:23:02.807Z,2726,2026-08-22T13:23:02.807Z,RMD,Richmond,63818914-9c2b-4ff6-ac1c-35595835ab93,SAMMS-Richmond
202608221320320827,202608221237331750,202608221237331665,88,4736,P1 Reference Clinic Bronze - SFN,br_samms_clinic,TASK_COMPLETE,SUCCESS,INFO,1,1,0,,2026-08-22T12:37:36.805Z,2026-08-22T13:23:02.807Z,2726,2026-08-22T13:23:02.807Z,SFN,SFN,63818914-9c2b-4ff6-ac1c-35595835ab93,SAMMS-SFNv5
202608221320320829,202608221237331751,202608221237331665,88,4737,P1 Reference Clinic Bronze - SHP,br_samms_clinic,TASK_COMPLETE,SUCCESS,INFO,1,1,0,,2026-08-22T12:37:36.805Z,2026-08-22T13:23:02.807Z,2726,2026-08-22T13:23:02.807Z,SHP,Shreveport,63818914-9c2b-4ff6-ac1c-35595835ab93,SAMMS-Shreveport
202608221320320831,202608221237331752,202608221237331665,88,4738,P1 Reference Clinic Bronze - STN,br_samms_clinic,TASK_COMPLETE,SUCCESS,INFO,1,1,0,,2026-08-22T12:37:36.805Z,2026-08-22T13:23:02.807Z,2726,2026-08-22T13:23:02.807Z,STN,Staunton,63818914-9c2b-4ff6-ac1c-35595835ab93,SAMMS-Staunton
202608221320320833,202608221237331753,202608221237331665,88,4739,P1 Reference Clinic Bronze - STVN,br_samms_clinic,TASK_COMPLETE,SUCCESS,INFO,1,1,0,,2026-08-22T12:37:36.805Z,2026-08-22T13:23:02.807Z,2726,2026-08-22T13:23:02.807Z,STVN,Stevenson,63818914-9c2b-4ff6-ac1c-35595835ab93,SAMMS-Stevenson
202608221320320835,202608221237331754,202608221237331665,88,4740,P1 Reference Clinic Bronze - TE,br_samms_clinic,TASK_COMPLETE,SUCCESS,INFO,1,1,0,,2026-08-22T12:37:36.805Z,2026-08-22T13:23:02.807Z,2726,2026-08-22T13:23:02.807Z,TE,Tempe,63818914-9c2b-4ff6-ac1c-35595835ab93,SAMMS-Tempe
202608221320320837,202608221237331755,202608221237331665,88,4741,P1 Reference Clinic Bronze - TEX,br_samms_clinic,TASK_COMPLETE,SUCCESS,INFO,1,1,0,,2026-08-22T12:37:36.805Z,2026-08-22T13:23:02.807Z,2726,2026-08-22T13:23:02.807Z,TEX,Texarkana,63818914-9c2b-4ff6-ac1c-35595835ab93,SAMMS-Texarkana
202608221320320839,202608221237331756,202608221237331665,88,4742,P1 Reference Clinic Bronze - TTCA,br_samms_clinic,TASK_COMPLETE,SUCCESS,INFO,1,1,0,,2026-08-22T12:37:36.805Z,2026-08-22T13:23:02.807Z,2726,2026-08-22T13:23:02.807Z,TTCA,Bessemer,63818914-9c2b-4ff6-ac1c-35595835ab93,SAMMS-BessemerV5
202608270650134980,202608270650134980,20260827043602,132,13706,Missed Doses Gold,MissedDoses,TASK_FAILED,FAILED,ERROR,0,0,1,An error occurred while calling o18498.saveAsTable. : com.microsoft.fabric.spark.catalog.metadata.DoesNotExistException: Artifact not found: `BHG-DATA-PLATFORM-CORE-DEV`.`bhg_gold`,2026-08-27T06:50:13.498Z,2026-08-27T06:50:34.098Z,20,2026-08-27T06:50:34.098Z,,,475c3e58-0434-45d9-b3f8-9d768448de53,
202608221158204205,202608221137370316,202608221137370305,44,180,SAMMSGLOBAL Silver,sl_ClaimStatus,TASK_COMPLETE,FAILED,ERROR,392,0,1,[SL Table Failure] Silver execution failed for SaveClaimStatus (Activity: nb_brz_to_slv): SAMMS Global pipeline failed.,2026-08-22T11:37:32.306Z,2026-08-22T12:00:00.866Z,1348,2026-08-22T12:00:00.866Z,Global,Global,17fb4855-5e12-4261-b216-b3f67dc16eb3,SAMMSGLOBAL
202608221148053299,202608221137370306,202608221137370305,44,182,SAMMSGLOBAL Silver,sl_GlobalPayor,TASK_COMPLETE,FAILED,ERROR,909,0,1,[SL Table Failure] Silver execution failed for SaveGlobalPayor (Activity: nb_brz_to_slv): SAMMS Global pipeline failed.,2026-08-22T11:37:32.306Z,2026-08-22T12:00:00.866Z,1348,2026-08-22T12:00:00.866Z,Global,Global,17fb4855-5e12-4261-b216-b3f67dc16eb3,SAMMSGLOBAL
202608221320320726,202608221237331693,202608221237331665,88,4680,P1 Reference Clinic Bronze - B47,br_samms_clinic,TASK_COMPLETE,SUCCESS,INFO,1,1,0,,2026-08-22T12:37:36.805Z,2026-08-22T13:23:02.807Z,2726,2026-08-22T13:23:02.807Z,B47,Mobile,63818914-9c2b-4ff6-ac1c-35595835ab93,SAMMS-MobileV5
202608221320320728,202608221237331694,202608221237331665,88,4681,P1 Reference Clinic Bronze - B48,br_samms_clinic,TASK_COMPLETE,SUCCESS,INFO,1,1,0,,2026-08-22T12:37:36.805Z,2026-08-22T13:23:02.807Z,2726,2026-08-22T13:23:02.807Z,B48,Tuscaloosa,63818914-9c2b-4ff6-ac1c-35595835ab93,SAMMS-TuscaloosaV5
202608221320320729,202608221237331695,202608221237331665,88,4682,P1 Reference Clinic Bronze - B51,br_samms_clinic,TASK_COMPLETE,SUCCESS,INFO,1,1,0,,2026-08-22T12:37:36.805Z,2026-08-22T13:23:02.807Z,2726,2026-08-22T13:23:02.807Z,B51,NorthLittleRock,63818914-9c2b-4ff6-ac1c-35595835ab93,SAMMS-NorthLittleRockV6
202608221320320731,202608221237331696,202608221237331665,88,4683,P1 Reference Clinic Bronze - B52,br_samms_clinic,TASK_COMPLETE,SUCCESS,INFO,1,1,0,,2026-08-22T12:37:36.805Z,2026-08-22T13:23:02.807Z,2726,2026-08-22T13:23:02.807Z,B52,JacksonGA,63818914-9c2b-4ff6-ac1c-35595835ab93,SAMMS-JacksonGAV5
202608221320320732,202608221237331697,202608221237331665,88,4684,P1 Reference Clinic Bronze - B54,br_samms_clinic,TASK_COMPLETE,SUCCESS,INFO,1,1,0,,2026-08-22T12:37:36.805Z,2026-08-22T13:23:02.807Z,2726,2026-08-22T13:23:02.807Z,B54,Gadsden,63818914-9c2b-4ff6-ac1c-35595835ab93,SAMMS-GadsdenV5
202608221320320734,202608221237331698,202608221237331665,88,4685,P1 Reference Clinic Bronze - B55,br_samms_clinic,TASK_COMPLETE,SUCCESS,INFO,1,1,0,,2026-08-22T12:37:36.805Z,2026-08-22T13:23:02.807Z,2726,2026-08-22T13:23:02.807Z,B55,Shoals,63818914-9c2b-4ff6-ac1c-35595835ab93,SAMMS-ShoalsV5
202608221320320735,202608221237331699,202608221237331665,88,4686,P1 Reference Clinic Bronze - B57,br_samms_clinic,TASK_COMPLETE,SUCCESS,INFO,1,1,0,,2026-08-22T12:37:36.805Z,2026-08-22T13:23:02.807Z,2726,2026-08-22T13:23:02.807Z,B57,Pawtucket,63818914-9c2b-4ff6-ac1c-35595835ab93,SAMMS-Pawtucket
202608221320320737,202608221237331700,202608221237331665,88,4687,P1 Reference Clinic Bronze - B57A,br_samms_clinic,TASK_COMPLETE,SUCCESS,INFO,1,1,0,,2026-08-22T12:37:36.805Z,2026-08-22T13:23:02.807Z,2726,2026-08-22T13:23:02.807Z,B57A,Johnston,63818914-9c2b-4ff6-ac1c-35595835ab93,SAMMS-Johnston
202608221320320738,202608221237331701,202608221237331665,88,4688,P1 Reference Clinic Bronze - B57B,br_samms_clinic,TASK_COMPLETE,SUCCESS,INFO,1,1,0,,2026-08-22T12:37:36.805Z,2026-08-22T13:23:02.807Z,2726,2026-08-22T13:23:02.807Z,B57B,Middletown,63818914-9c2b-4ff6-ac1c-35595835ab93,SAMMS-Middletown
202608221320320740,202608221237331702,202608221237331665,88,4689,P1 Reference Clinic Bronze - B57C,br_samms_clinic,TASK_COMPLETE,SUCCESS,INFO,1,1,0,,2026-08-22T12:37:36.805Z,2026-08-22T13:23:02.807Z,2726,2026-08-22T13:23:02.807Z,B57C,Providence,63818914-9c2b-4ff6-ac1c-35595835ab93,SAMMS-Providence
202608221320320741,202608221237331703,202608221237331665,88,4690,P1 Reference Clinic Bronze - B57D,br_samms_clinic,TASK_COMPLETE,SUCCESS,INFO,1,1,0,,2026-08-22T12:37:36.805Z,2026-08-22T13:23:02.807Z,2726,2026-08-22T13:23:02.807Z,B57D,Westerly,63818914-9c2b-4ff6-ac1c-35595835ab93,SAMMS-Westerly
202608221320320743,202608221237331704,202608221237331665,88,4691,P1 Reference Clinic Bronze - B66A,br_samms_clinic,TASK_COMPLETE,SUCCESS,INFO,1,1,0,,2026-08-22T12:37:36.805Z,2026-08-22T13:23:02.807Z,2726,2026-08-22T13:23:02.807Z,B66A,Bremen,63818914-9c2b-4ff6-ac1c-35595835ab93,SAMMS-Bremen
202608221320320744,202608221237331705,202608221237331665,88,4692,P1 Reference Clinic Bronze - B72,br_samms_clinic,TASK_COMPLETE,SUCCESS,INFO,1,1,0,,2026-08-22T12:37:36.805Z,2026-08-22T13:23:02.807Z,2726,2026-08-22T13:23:02.807Z,B72,Mobile-OBOT,63818914-9c2b-4ff6-ac1c-35595835ab93,SAMMS-Mobile-OBOT
202608221320320746,202608221237331706,202608221237331665,88,4693,P1 Reference Clinic Bronze - B73,br_samms_clinic,TASK_COMPLETE,SUCCESS,INFO,1,1,0,,2026-08-22T12:37:36.805Z,2026-08-22T13:23:02.807Z,2726,2026-08-22T13:23:02.807Z,B73,Montgomery,63818914-9c2b-4ff6-ac1c-35595835ab93,SAMMS-Montgomery
202608221320320747,202608221237331707,202608221237331665,88,4694,P1 Reference Clinic Bronze - B75,br_samms_clinic,TASK_COMPLETE,SUCCESS,INFO,1,1,0,,2026-08-22T12:37:36.805Z,2026-08-22T13:23:02.807Z,2726,2026-08-22T13:23:02.807Z,B75,Lawrence,63818914-9c2b-4ff6-ac1c-35595835ab93,SAMMS-LawrenceV6
202608221320320749,202608221237331708,202608221237331665,88,4695,P1 Reference Clinic Bronze - B76,br_samms_clinic,TASK_COMPLETE,SUCCESS,INFO,1,1,0,,2026-08-22T12:37:36.805Z,2026-08-22T13:23:02.807Z,2726,2026-08-22T13:23:02.807Z,B76,Huntsville-OBOT,63818914-9c2b-4ff6-ac1c-35595835ab93,SAMMS-Huntsville-OBOT
202608221320320751,202608221237331709,202608221237331665,88,4696,P1 Reference Clinic Bronze - BAT,br_samms_clinic,TASK_COMPLETE,SUCCESS,INFO,1,1,0,,2026-08-22T12:37:36.805Z,2026-08-22T13:23:02.807Z,2726,2026-08-22T13:23:02.807Z,BAT,Batesville,63818914-9c2b-4ff6-ac1c-35595835ab93,SAMMS-Batesville
202608221320320752,202608221237331710,202608221237331665,88,4697,P1 Reference Clinic Bronze - BG,br_samms_clinic,TASK_COMPLETE,SUCCESS,INFO,1,1,0,,2026-08-22T12:37:36.805Z,2026-08-22T13:23:02.807Z,2726,2026-08-22T13:23:02.807Z,BG,BowlingGreen,63818914-9c2b-4ff6-ac1c-35595835ab93,SAMMS-BowlingGreen
202608221320320754,202608221237331711,202608221237331665,88,4698,P1 Reference Clinic Bronze - BOI,br_samms_clinic,TASK_COMPLETE,SUCCESS,INFO,1,1,0,,2026-08-22T12:37:36.805Z,2026-08-22T13:23:02.807Z,2726,2026-08-22T13:23:02.807Z,BOI,Boise,63818914-9c2b-4ff6-ac1c-35595835ab93,SAMMS-Boise
202608221320320756,202608221237331712,202608221237331665,88,4699,P1 Reference Clinic Bronze - CBCO,br_samms_clinic,TASK_COMPLETE,SUCCESS,INFO,1,1,0,,2026-08-22T12:37:36.805Z,2026-08-22T13:23:02.807Z,2726,2026-08-22T13:23:02.807Z,CBCO,CoeurdAlene,63818914-9c2b-4ff6-ac1c-35595835ab93,SAMMS-CoeurdAleneV6
202608221320320757,202608221237331713,202608221237331665,88,4700,P1 Reference Clinic Bronze - CON,br_samms_clinic,TASK_COMPLETE,SUCCESS,INFO,1,1,0,,2026-08-22T12:37:36.805Z,2026-08-22T13:23:02.807Z,2726,2026-08-22T13:23:02.807Z,CON,Conway,63818914-9c2b-4ff6-ac1c-35595835ab93,SAMMS-Conway
202608221320320759,202608221237331714,202608221237331665,88,4701,P1 Reference Clinic Bronze - D07,br_samms_clinic,TASK_COMPLETE,SUCCESS,INFO,1,1,0,,2026-08-22T12:37:36.805Z,2026-08-22T13:23:02.807Z,2726,2026-08-22T13:23:02.807Z,D07,Knoxville,63818914-9c2b-4ff6-ac1c-35595835ab93,SAMMS-KnoxvilleV6
202608221320320761,202608221237331715,202608221237331665,88,4702,P1 Reference Clinic Bronze - D08,br_samms_clinic,TASK_COMPLETE,SUCCESS,INFO,1,1,0,,2026-08-22T12:37:36.805Z,2026-08-22T13:23:02.807Z,2726,2026-08-22T13:23:02.807Z,D08,Madison,63818914-9c2b-4ff6-ac1c-35595835ab93,SAMMS-MadisonV6
202608221320320762,202608221237331716,202608221237331665,88,4703,P1 Reference Clinic Bronze - D09,br_samms_clinic,TASK_COMPLETE,SUCCESS,INFO,1,1,0,,2026-08-22T12:37:36.805Z,2026-08-22T13:23:02.807Z,2726,2026-08-22T13:23:02.807Z,D09,Murfreesboro,63818914-9c2b-4ff6-ac1c-35595835ab93,SAMMS-MurfreesboroV6
202608221320320764,202608221237331717,202608221237331665,88,4704,P1 Reference Clinic Bronze - DA,br_samms_clinic,TASK_COMPLETE,SUCCESS,INFO,1,1,0,,2026-08-22T12:37:36.805Z,2026-08-22T13:23:02.807Z,2726,2026-08-22T13:23:02.807Z,DA,Davenport,63818914-9c2b-4ff6-ac1c-35595835ab93,SAMMS-Davenport
202608221320320766,202608221237331718,202608221237331665,88,4705,P1 Reference Clinic Bronze - DM,br_samms_clinic,TASK_COMPLETE,SUCCESS,INFO,1,1,0,,2026-08-22T12:37:36.805Z,2026-08-22T13:23:02.807Z,2726,2026-08-22T13:23:02.807Z,DM,DesMoines,63818914-9c2b-4ff6-ac1c-35595835ab93,SAMMS-DesMoines
202608221320320768,202608221237331719,202608221237331665,88,4706,P1 Reference Clinic Bronze - DRD-CO,br_samms_clinic,TASK_COMPLETE,SUCCESS,INFO,1,1,0,,2026-08-22T12:37:36.805Z,2026-08-22T13:23:02.807Z,2726,2026-08-22T13:23:02.807Z,DRD-CO,Columbia,63818914-9c2b-4ff6-ac1c-35595835ab93,SAMMS-ColumbiaV5
202608221320320769,202608221237331720,202608221237331665,88,4707,P1 Reference Clinic Bronze - DRD-KC,br_samms_clinic,TASK_COMPLETE,SUCCESS,INFO,1,1,0,,2026-08-22T12:37:36.805Z,2026-08-22T13:23:02.807Z,2726,2026-08-22T13:23:02.807Z,DRD-KC,KC,63818914-9c2b-4ff6-ac1c-35595835ab93,SAMMS-KCv5
202608221320320771,202608221237331721,202608221237331665,88,4708,P1 Reference Clinic Bronze - DRD-KVB,br_samms_clinic,TASK_COMPLETE,SUCCESS,INFO,1,1,0,,2026-08-22T12:37:36.805Z,2026-08-22T13:23:02.807Z,2726,2026-08-22T13:23:02.807Z,DRD-KVB,KVB,63818914-9c2b-4ff6-ac1c-35595835ab93,SAMMS-KVBv5
202608221320320773,202608221237331722,202608221237331665,88,4709,P1 Reference Clinic Bronze - DRD-KVC,br_samms_clinic,TASK_COMPLETE,SUCCESS,INFO,1,1,0,,2026-08-22T12:37:36.805Z,2026-08-22T13:23:02.807Z,2726,2026-08-22T13:23:02.807Z,DRD-KVC,KVC,63818914-9c2b-4ff6-ac1c-35595835ab93,SAMMS-KVCv5
202608221320320775,202608221237331723,202608221237331665,88,4710,P1 Reference Clinic Bronze - DRD-NOLA,br_samms_clinic,TASK_COMPLETE,SUCCESS,INFO,1,1,0,,2026-08-22T12:37:36.805Z,2026-08-22T13:23:02.807Z,2726,2026-08-22T13:23:02.807Z,DRD-NOLA,NOLA,63818914-9c2b-4ff6-ac1c-35595835ab93,SAMMS-NOLAv5
202608221320320776,202608221237331724,202608221237331665,88,4711,P1 Reference Clinic Bronze - DRD-SF,br_samms_clinic,TASK_COMPLETE,SUCCESS,INFO,1,1,0,,2026-08-22T12:37:36.805Z,2026-08-22T13:23:02.807Z,2726,2026-08-22T13:23:02.807Z,DRD-SF,SF,63818914-9c2b-4ff6-ac1c-35595835ab93,SAMMS-SFv5
202608221113177239,202608221042113079,202608221042112981,85,898,Bronze INV,br_AdmissionAssessmentDimensionOneDisorder,TASK_COMPLETE,FAILED,ERROR,0,0,1,SaveAdmissionAssessmentDimensionOneDisorder Bronze ForEach failed,2026-08-22T10:42:14.039Z,2026-08-22T11:16:52.295Z,2078,2026-08-22T11:16:52.295Z,LO,Louisville,28d7acf5-bc26-4be3-b390-775b9af3d980,SAMMS-Louisville
202608221113177240,202608221042113080,202608221042112981,85,957,Bronze INV,br_AdmissionAssessmentDimensionOneDisorder,TASK_COMPLETE,FAILED,ERROR,0,0,1,SaveAdmissionAssessmentDimensionOneDisorder Bronze ForEach failed,2026-08-22T10:42:14.039Z,2026-08-22T11:16:52.295Z,2078,2026-08-22T11:16:52.295Z,VBRP,Brooklyn Park,28d7acf5-bc26-4be3-b390-775b9af3d980,SAMMS-BrooklynParkV6
202608221113177241,202608221042113081,202608221042112981,85,960,Bronze INV,br_AdmissionAssessmentDimensionOneDisorder,TASK_COMPLETE,FAILED,ERROR,0,0,1,SaveAdmissionAssessmentDimensionOneDisorder Bronze ForEach failed,2026-08-22T10:42:14.039Z,2026-08-22T11:16:52.295Z,2078,2026-08-22T11:16:52.295Z,VWBY,Woodbury,28d7acf5-bc26-4be3-b390-775b9af3d980,SAMMS-WoodburyV6
202608221320320430,202608221237331830,202608221237331665,88,4819,P1 Reference 3P Setup Bronze - D07,br_samms_3p_setup,TASK_COMPLETE,SUCCESS,INFO,2,2,0,,2026-08-22T12:37:36.805Z,2026-08-22T13:23:02.807Z,2726,2026-08-22T13:23:02.807Z,D07,Knoxville,63818914-9c2b-4ff6-ac1c-35595835ab93,SAMMS-KnoxvilleV6
202608221320320431,202608221237331831,202608221237331665,88,4820,P1 Reference 3P Setup Bronze - D08,br_samms_3p_setup,TASK_COMPLETE,SUCCESS,INFO,3,3,0,,2026-08-22T12:37:36.805Z,2026-08-22T13:23:02.807Z,2726,2026-08-22T13:23:02.807Z,D08,Madison,63818914-9c2b-4ff6-ac1c-35595835ab93,SAMMS-MadisonV6
202608221320320433,202608221237331832,202608221237331665,88,4821,P1 Reference 3P Setup Bronze - D09,br_samms_3p_setup,TASK_COMPLETE,SUCCESS,INFO,3,3,0,,2026-08-22T12:37:36.805Z,2026-08-22T13:23:02.807Z,2726,2026-08-22T13:23:02.807Z,D09,Murfreesboro,63818914-9c2b-4ff6-ac1c-35595835ab93,SAMMS-MurfreesboroV6
202608221320320435,202608221237331833,202608221237331665,88,4822,P1 Reference 3P Setup Bronze - DA,br_samms_3p_setup,TASK_COMPLETE,SUCCESS,INFO,3,3,0,,2026-08-22T12:37:36.805Z,2026-08-22T13:23:02.807Z,2726,2026-08-22T13:23:02.807Z,DA,Davenport,63818914-9c2b-4ff6-ac1c-35595835ab93,SAMMS-Davenport
202608221320320436,202608221237331834,202608221237331665,88,4823,P1 Reference 3P Setup Bronze - DM,br_samms_3p_setup,TASK_COMPLETE,SUCCESS,INFO,3,3,0,,2026-08-22T12:37:36.805Z,2026-08-22T13:23:02.807Z,2726,2026-08-22T13:23:02.807Z,DM,DesMoines,63818914-9c2b-4ff6-ac1c-35595835ab93,SAMMS-DesMoines
202608221320320438,202608221237331835,202608221237331665,88,4824,P1 Reference 3P Setup Bronze - DRD-CO,br_samms_3p_setup,TASK_COMPLETE,SUCCESS,INFO,3,3,0,,2026-08-22T12:37:36.805Z,2026-08-22T13:23:02.807Z,2726,2026-08-22T13:23:02.807Z,DRD-CO,Columbia,63818914-9c2b-4ff6-ac1c-35595835ab93,SAMMS-ColumbiaV5
202608221320320440,202608221237331836,202608221237331665,88,4825,P1 Reference 3P Setup Bronze - DRD-KC,br_samms_3p_setup,TASK_COMPLETE,SUCCESS,INFO,3,3,0,,2026-08-22T12:37:36.805Z,2026-08-22T13:23:02.807Z,2726,2026-08-22T13:23:02.807Z,DRD-KC,KC,63818914-9c2b-4ff6-ac1c-35595835ab93,SAMMS-KCv5
202608221320320442,202608221237331837,202608221237331665,88,4826,P1 Reference 3P Setup Bronze - DRD-KVB,br_samms_3p_setup,TASK_COMPLETE,SUCCESS,INFO,3,3,0,,2026-08-22T12:37:36.805Z,2026-08-22T13:23:02.807Z,2726,2026-08-22T13:23:02.807Z,DRD-KVB,KVB,63818914-9c2b-4ff6-ac1c-35595835ab93,SAMMS-KVBv5
202608221320320443,202608221237331838,202608221237331665,88,4827,P1 Reference 3P Setup Bronze - DRD-KVC,br_samms_3p_setup,TASK_COMPLETE,SUCCESS,INFO,3,3,0,,2026-08-22T12:37:36.805Z,2026-08-22T13:23:02.807Z,2726,2026-08-22T13:23:02.807Z,DRD-KVC,KVC,63818914-9c2b-4ff6-ac1c-35595835ab93,SAMMS-KVCv5
202608221320320445,202608221237331839,202608221237331665,88,4828,P1 Reference 3P Setup Bronze - DRD-NOLA,br_samms_3p_setup,TASK_COMPLETE,SUCCESS,INFO,3,3,0,,2026-08-22T12:37:36.805Z,2026-08-22T13:23:02.807Z,2726,2026-08-22T13:23:02.807Z,DRD-NOLA,NOLA,63818914-9c2b-4ff6-ac1c-35595835ab93,SAMMS-NOLAv5
202608221320320447,202608221237331840,202608221237331665,88,4829,P1 Reference 3P Setup Bronze - DRD-SF,br_samms_3p_setup,TASK_COMPLETE,SUCCESS,INFO,3,3,0,,2026-08-22T12:37:36.805Z,2026-08-22T13:23:02.807Z,2726,2026-08-22T13:23:02.807Z,DRD-SF,SF,63818914-9c2b-4ff6-ac1c-35595835ab93,SAMMS-SFv5
202608221320320449,202608221237331841,202608221237331665,88,4830,P1 Reference 3P Setup Bronze - ELC,br_samms_3p_setup,TASK_COMPLETE,SUCCESS,INFO,3,3,0,,2026-08-22T12:37:36.805Z,2026-08-22T13:23:02.807Z,2726,2026-08-22T13:23:02.807Z,ELC,ElizabethCity,63818914-9c2b-4ff6-ac1c-35595835ab93,SAMMS-ElizabethCity
202608221320320450,202608221237331842,202608221237331665,88,4831,P1 Reference 3P Setup Bronze - ET,br_samms_3p_setup,TASK_COMPLETE,SUCCESS,INFO,3,3,0,,2026-08-22T12:37:36.805Z,2026-08-22T13:23:02.807Z,2726,2026-08-22T13:23:02.807Z,ET,Elizabethtown,63818914-9c2b-4ff6-ac1c-35595835ab93,SAMMS-Elizabethtown
202608221320320452,202608221237331843,202608221237331665,88,4832,P1 Reference 3P Setup Bronze - FAY,br_samms_3p_setup,TASK_COMPLETE,SUCCESS,INFO,2,2,0,,2026-08-22T12:37:36.805Z,2026-08-22T13:23:02.807Z,2726,2026-08-22T13:23:02.807Z,FAY,Fayetteville,63818914-9c2b-4ff6-ac1c-35595835ab93,SAMMS-Fayetteville
202608221320320454,202608221237331844,202608221237331665,88,4833,P1 Reference 3P Setup Bronze - FR,br_samms_3p_setup,TASK_COMPLETE,SUCCESS,INFO,3,3,0,,2026-08-22T12:37:36.805Z,2026-08-22T13:23:02.807Z,2726,2026-08-22T13:23:02.807Z,FR,Frankfort,63818914-9c2b-4ff6-ac1c-35595835ab93,SAMMS-Frankfort
202608221320320456,202608221237331845,202608221237331665,88,4834,P1 Reference 3P Setup Bronze - FS,br_samms_3p_setup,TASK_COMPLETE,SUCCESS,INFO,2,2,0,,2026-08-22T12:37:36.805Z,2026-08-22T13:23:02.807Z,2726,2026-08-22T13:23:02.807Z,FS,FortSmith,63818914-9c2b-4ff6-ac1c-35595835ab93,SAMMS-FortSmith
202608221152275266,202608221137370309,202608221137370305,44,178,SAMMSGLOBAL Silver,sl_UserSites,TASK_COMPLETE,FAILED,ERROR,71001,0,1,[SL Table Failure] Silver execution failed for SaveUserSites (Activity: nb_brz_to_slv): SAMMS Global pipeline failed.,2026-08-22T11:37:32.306Z,2026-08-22T12:00:00.866Z,1348,2026-08-22T12:00:00.866Z,Global,Global,17fb4855-5e12-4261-b216-b3f67dc16eb3,SAMMSGLOBAL
202608241448406026,202608241408171826,202608241408171802,88,4676,P1 Reference Clinic Bronze - B42D,br_samms_clinic,TASK_COMPLETE,SUCCESS,INFO,1,1,0,,2026-08-24T14:08:21.733Z,2026-08-24T15:03:37.584Z,3316,2026-08-24T15:03:37.584Z,B42D,ChesapeakeSouth,6c7532c9-dcb1-40a3-beaa-690039713dec,SAMMS-ChesapeakeSouthV5
202608241448406027,202608241408171827,202608241408171802,88,4677,P1 Reference Clinic Bronze - B44,br_samms_clinic,TASK_COMPLETE,SUCCESS,INFO,1,1,0,,2026-08-24T14:08:21.733Z,2026-08-24T15:03:37.584Z,3316,2026-08-24T15:03:37.584Z,B44,Albany,6c7532c9-dcb1-40a3-beaa-690039713dec,SAMMS-AlbanyV5
202608241448406028,202608241408171828,202608241408171802,88,4678,P1 Reference Clinic Bronze - B45,br_samms_clinic,TASK_COMPLETE,SUCCESS,INFO,1,1,0,,2026-08-24T14:08:21.733Z,2026-08-24T15:03:37.584Z,3316,2026-08-24T15:03:37.584Z,B45,Tifton,6c7532c9-dcb1-40a3-beaa-690039713dec,SAMMS-TiftonV5
202608241448406030,202608241408171829,202608241408171802,88,4679,P1 Reference Clinic Bronze - B46,br_samms_clinic,TASK_COMPLETE,SUCCESS,INFO,1,1,0,,2026-08-24T14:08:21.733Z,2026-08-24T15:03:37.584Z,3316,2026-08-24T15:03:37.584Z,B46,WashingtonDC,6c7532c9-dcb1-40a3-beaa-690039713dec,SAMMS-WashingtonDCv5
202608241448406032,202608241408171830,202608241408171802,88,4680,P1 Reference Clinic Bronze - B47,br_samms_clinic,TASK_COMPLETE,SUCCESS,INFO,1,1,0,,2026-08-24T14:08:21.733Z,2026-08-24T15:03:37.584Z,3316,2026-08-24T15:03:37.584Z,B47,Mobile,6c7532c9-dcb1-40a3-beaa-690039713dec,SAMMS-MobileV5
202608241448406033,202608241408171831,202608241408171802,88,4681,P1 Reference Clinic Bronze - B48,br_samms_clinic,TASK_COMPLETE,SUCCESS,INFO,1,1,0,,2026-08-24T14:08:21.733Z,2026-08-24T15:03:37.584Z,3316,2026-08-24T15:03:37.584Z,B48,Tuscaloosa,6c7532c9-dcb1-40a3-beaa-690039713dec,SAMMS-TuscaloosaV5
202608241448406034,202608241408171832,202608241408171802,88,4682,P1 Reference Clinic Bronze - B51,br_samms_clinic,TASK_COMPLETE,SUCCESS,INFO,1,1,0,,2026-08-24T14:08:21.733Z,2026-08-24T15:03:37.584Z,3316,2026-08-24T15:03:37.584Z,B51,NorthLittleRock,6c7532c9-dcb1-40a3-beaa-690039713dec,SAMMS-NorthLittleRockV6
202608241448406036,202608241408171833,202608241408171802,88,4683,P1 Reference Clinic Bronze - B52,br_samms_clinic,TASK_COMPLETE,SUCCESS,INFO,1,1,0,,2026-08-24T14:08:21.733Z,2026-08-24T15:03:37.584Z,3316,2026-08-24T15:03:37.584Z,B52,JacksonGA,6c7532c9-dcb1-40a3-beaa-690039713dec,SAMMS-JacksonGAV5
202608241448406037,202608241408171834,202608241408171802,88,4684,P1 Reference Clinic Bronze - B54,br_samms_clinic,TASK_COMPLETE,SUCCESS,INFO,1,1,0,,2026-08-24T14:08:21.733Z,2026-08-24T15:03:37.584Z,3316,2026-08-24T15:03:37.584Z,B54,Gadsden,6c7532c9-dcb1-40a3-beaa-690039713dec,SAMMS-GadsdenV5
202608241448406039,202608241408171835,202608241408171802,88,4685,P1 Reference Clinic Bronze - B55,br_samms_clinic,TASK_COMPLETE,SUCCESS,INFO,1,1,0,,2026-08-24T14:08:21.733Z,2026-08-24T15:03:37.584Z,3316,2026-08-24T15:03:37.584Z,B55,Shoals,6c7532c9-dcb1-40a3-beaa-690039713dec,SAMMS-ShoalsV5
202608241448406040,202608241408171836,202608241408171802,88,4686,P1 Reference Clinic Bronze - B57,br_samms_clinic,TASK_COMPLETE,SUCCESS,INFO,1,1,0,,2026-08-24T14:08:21.733Z,2026-08-24T15:03:37.584Z,3316,2026-08-24T15:03:37.584Z,B57,Pawtucket,6c7532c9-dcb1-40a3-beaa-690039713dec,SAMMS-Pawtucket
202608241448406042,202608241408171837,202608241408171802,88,4687,P1 Reference Clinic Bronze - B57A,br_samms_clinic,TASK_COMPLETE,SUCCESS,INFO,1,1,0,,2026-08-24T14:08:21.733Z,2026-08-24T15:03:37.584Z,3316,2026-08-24T15:03:37.584Z,B57A,Johnston,6c7532c9-dcb1-40a3-beaa-690039713dec,SAMMS-Johnston
202608241448406043,202608241408171838,202608241408171802,88,4688,P1 Reference Clinic Bronze - B57B,br_samms_clinic,TASK_COMPLETE,SUCCESS,INFO,1,1,0,,2026-08-24T14:08:21.733Z,2026-08-24T15:03:37.584Z,3316,2026-08-24T15:03:37.584Z,B57B,Middletown,6c7532c9-dcb1-40a3-beaa-690039713dec,SAMMS-Middletown
202608241448406045,202608241408171839,202608241408171802,88,4689,P1 Reference Clinic Bronze - B57C,br_samms_clinic,TASK_COMPLETE,SUCCESS,INFO,1,1,0,,2026-08-24T14:08:21.733Z,2026-08-24T15:03:37.584Z,3316,2026-08-24T15:03:37.584Z,B57C,Providence,6c7532c9-dcb1-40a3-beaa-690039713dec,SAMMS-Providence
202608241333250187,202608241253386640,202608241253386616,88,4676,P1 Reference Clinic Bronze - B42D,br_samms_clinic,TASK_COMPLETE,SUCCESS,INFO,1,1,0,,2026-08-24T12:53:42.369Z,2026-08-24T13:42:52.652Z,2950,2026-08-24T13:42:52.652Z,B42D,ChesapeakeSouth,8f1806c1-b1f2-4ac5-b25b-086fec51b8fb,SAMMS-ChesapeakeSouthV5
202608241333250189,202608241253386641,202608241253386616,88,4677,P1 Reference Clinic Bronze - B44,br_samms_clinic,TASK_COMPLETE,SUCCESS,INFO,1,1,0,,2026-08-24T12:53:42.369Z,2026-08-24T13:42:52.652Z,2950,2026-08-24T13:42:52.652Z,B44,Albany,8f1806c1-b1f2-4ac5-b25b-086fec51b8fb,SAMMS-AlbanyV5
202608241333250190,202608241253386642,202608241253386616,88,4678,P1 Reference Clinic Bronze - B45,br_samms_clinic,TASK_COMPLETE,SUCCESS,INFO,1,1,0,,2026-08-24T12:53:42.369Z,2026-08-24T13:42:52.652Z,2950,2026-08-24T13:42:52.652Z,B45,Tifton,8f1806c1-b1f2-4ac5-b25b-086fec51b8fb,SAMMS-TiftonV5
202608241333250191,202608241253386643,202608241253386616,88,4679,P1 Reference Clinic Bronze - B46,br_samms_clinic,TASK_COMPLETE,SUCCESS,INFO,1,1,0,,2026-08-24T12:53:42.369Z,2026-08-24T13:42:52.652Z,2950,2026-08-24T13:42:52.652Z,B46,WashingtonDC,8f1806c1-b1f2-4ac5-b25b-086fec51b8fb,SAMMS-WashingtonDCv5
202608241333250193,202608241253386644,202608241253386616,88,4680,P1 Reference Clinic Bronze - B47,br_samms_clinic,TASK_COMPLETE,SUCCESS,INFO,1,1,0,,2026-08-24T12:53:42.369Z,2026-08-24T13:42:52.652Z,2950,2026-08-24T13:42:52.652Z,B47,Mobile,8f1806c1-b1f2-4ac5-b25b-086fec51b8fb,SAMMS-MobileV5
202608241333250194,202608241253386645,202608241253386616,88,4681,P1 Reference Clinic Bronze - B48,br_samms_clinic,TASK_COMPLETE,SUCCESS,INFO,1,1,0,,2026-08-24T12:53:42.369Z,2026-08-24T13:42:52.652Z,2950,2026-08-24T13:42:52.652Z,B48,Tuscaloosa,8f1806c1-b1f2-4ac5-b25b-086fec51b8fb,SAMMS-TuscaloosaV5
202608241333250195,202608241253386646,202608241253386616,88,4682,P1 Reference Clinic Bronze - B51,br_samms_clinic,TASK_COMPLETE,SUCCESS,INFO,1,1,0,,2026-08-24T12:53:42.369Z,2026-08-24T13:42:52.652Z,2950,2026-08-24T13:42:52.652Z,B51,NorthLittleRock,8f1806c1-b1f2-4ac5-b25b-086fec51b8fb,SAMMS-NorthLittleRockV6
202608241333250197,202608241253386647,202608241253386616,88,4683,P1 Reference Clinic Bronze - B52,br_samms_clinic,TASK_COMPLETE,SUCCESS,INFO,1,1,0,,2026-08-24T12:53:42.369Z,2026-08-24T13:42:52.652Z,2950,2026-08-24T13:42:52.652Z,B52,JacksonGA,8f1806c1-b1f2-4ac5-b25b-086fec51b8fb,SAMMS-JacksonGAV5
202608241333250198,202608241253386648,202608241253386616,88,4684,P1 Reference Clinic Bronze - B54,br_samms_clinic,TASK_COMPLETE,SUCCESS,INFO,1,1,0,,2026-08-24T12:53:42.369Z,2026-08-24T13:42:52.652Z,2950,2026-08-24T13:42:52.652Z,B54,Gadsden,8f1806c1-b1f2-4ac5-b25b-086fec51b8fb,SAMMS-GadsdenV5
202608241333250199,202608241253386649,202608241253386616,88,4685,P1 Reference Clinic Bronze - B55,br_samms_clinic,TASK_COMPLETE,SUCCESS,INFO,1,1,0,,2026-08-24T12:53:42.369Z,2026-08-24T13:42:52.652Z,2950,2026-08-24T13:42:52.652Z,B55,Shoals,8f1806c1-b1f2-4ac5-b25b-086fec51b8fb,SAMMS-ShoalsV5
202608241333250201,202608241253386650,202608241253386616,88,4686,P1 Reference Clinic Bronze - B57,br_samms_clinic,TASK_COMPLETE,SUCCESS,INFO,1,1,0,,2026-08-24T12:53:42.369Z,2026-08-24T13:42:52.652Z,2950,2026-08-24T13:42:52.652Z,B57,Pawtucket,8f1806c1-b1f2-4ac5-b25b-086fec51b8fb,SAMMS-Pawtucket
202608241333250202,202608241253386651,202608241253386616,88,4687,P1 Reference Clinic Bronze - B57A,br_samms_clinic,TASK_COMPLETE,SUCCESS,INFO,1,1,0,,2026-08-24T12:53:42.369Z,2026-08-24T13:42:52.652Z,2950,2026-08-24T13:42:52.652Z,B57A,Johnston,8f1806c1-b1f2-4ac5-b25b-086fec51b8fb,SAMMS-Johnston
202608241333250204,202608241253386652,202608241253386616,88,4688,P1 Reference Clinic Bronze - B57B,br_samms_clinic,TASK_COMPLETE,SUCCESS,INFO,1,1,0,,2026-08-24T12:53:42.369Z,2026-08-24T13:42:52.652Z,2950,2026-08-24T13:42:52.652Z,B57B,Middletown,8f1806c1-b1f2-4ac5-b25b-086fec51b8fb,SAMMS-Middletown
202608241333250205,202608241253386653,202608241253386616,88,4689,P1 Reference Clinic Bronze - B57C,br_samms_clinic,TASK_COMPLETE,SUCCESS,INFO,1,1,0,,2026-08-24T12:53:42.369Z,2026-08-24T13:42:52.652Z,2950,2026-08-24T13:42:52.652Z,B57C,Providence,8f1806c1-b1f2-4ac5-b25b-086fec51b8fb,SAMMS-Providence
202608221149554182,202608221137370307,202608221137370305,44,183,SAMMSGLOBAL Silver,sl_FeeSched,TASK_COMPLETE,FAILED,ERROR,16313,0,1,[SL Table Failure] Silver execution failed for SaveFeeSched (Activity: nb_brz_to_slv): SAMMS Global pipeline failed.,2026-08-22T11:37:32.306Z,2026-08-22T12:00:00.866Z,1348,2026-08-22T12:00:00.866Z,Global,Global,17fb4855-5e12-4261-b216-b3f67dc16eb3,SAMMSGLOBAL
202608221155364309,202608221137370312,202608221137370305,44,179,SAMMSGLOBAL Silver,sl_Consents,TASK_COMPLETE,FAILED,ERROR,459,0,1,[SL Table Failure] Silver execution failed for SaveConsents (Activity: nb_brz_to_slv): SAMMS Global pipeline failed.,2026-08-22T11:37:32.306Z,2026-08-22T12:00:00.866Z,1348,2026-08-22T12:00:00.866Z,Global,Global,17fb4855-5e12-4261-b216-b3f67dc16eb3,SAMMSGLOBAL
202608221113177108,202608221042113111,202608221042112981,85,776,Bronze INV,br_AdmissionAssessmentDimensionFour,TASK_COMPLETE,SUCCESS,INFO,1059,1059,0,,2026-08-22T10:42:14.039Z,2026-08-22T11:16:52.295Z,2078,2026-08-22T11:16:52.295Z,VWBY,Woodbury,28d7acf5-bc26-4be3-b390-775b9af3d980,SAMMS-WoodburyV6
202608221113177209,202608221042212986,202608221042212981,86,5724,Silver INV,sl_AdmissionAssessmentDimensionFour,TASK_COMPLETE,SUCCESS,INFO,6669,6669,0,,2026-08-22T10:42:14.039Z,2026-08-22T11:16:52.295Z,2078,2026-08-22T11:16:52.295Z,,,28d7acf5-bc26-4be3-b390-775b9af3d980,
202608221113177113,202608221042113072,202608221042112981,85,786,Bronze INV,br_AdmissionAssessmentDimensionOneDisorder,TASK_COMPLETE,FAILED,ERROR,0,0,1,SaveAdmissionAssessmentDimensionOneDisorder Bronze ForEach failed,2026-08-22T10:42:14.039Z,2026-08-22T11:16:52.295Z,2078,2026-08-22T11:16:52.295Z,B26,Hazard,28d7acf5-bc26-4be3-b390-775b9af3d980,SAMMS-HazardV5
202608270653330479,202608270653330479,20260827043602,132,13710,BAM QI BAM Gold,QiBAM,TASK_FAILED,FAILED,ERROR,172870,0,172870,An error occurred while calling o23270.saveAsTable. : com.microsoft.fabric.spark.catalog.metadata.DoesNotExistException: Artifact not found: `BHG-DATA-PLATFORM-CORE-DEV`.`bhg_gold`,2026-08-27T06:53:33.047Z,2026-08-27T06:53:55.759Z,22,2026-08-27T06:53:55.759Z,,,475c3e58-0434-45d9-b3f8-9d768448de53,
202608241448406008,202608241408171812,202608241408171802,88,4662,P1 Reference Clinic Bronze - B31,br_samms_clinic,TASK_COMPLETE,SUCCESS,INFO,1,1,0,,2026-08-24T14:08:21.733Z,2026-08-24T15:03:37.584Z,3316,2026-08-24T15:03:37.584Z,B31,Dyersburg,6c7532c9-dcb1-40a3-beaa-690039713dec,SAMMS-DyersburgV5
202608241448406010,202608241408171813,202608241408171802,88,4663,P1 Reference Clinic Bronze - B33,br_samms_clinic,TASK_COMPLETE,SUCCESS,INFO,1,1,0,,2026-08-24T14:08:21.733Z,2026-08-24T15:03:37.584Z,3316,2026-08-24T15:03:37.584Z,B33,Paducah,6c7532c9-dcb1-40a3-beaa-690039713dec,SAMMS-Paducah
202608241448406011,202608241408171814,202608241408171802,88,4664,P1 Reference Clinic Bronze - B34,br_samms_clinic,TASK_COMPLETE,SUCCESS,INFO,1,1,0,,2026-08-24T14:08:21.733Z,2026-08-24T15:03:37.584Z,3316,2026-08-24T15:03:37.584Z,B34,Corbin,6c7532c9-dcb1-40a3-beaa-690039713dec,SAMMS-CorbinV5
202608241448406012,202608241408171815,202608241408171802,88,4665,P1 Reference Clinic Bronze - B35,br_samms_clinic,TASK_COMPLETE,SUCCESS,INFO,1,1,0,,2026-08-24T14:08:21.733Z,2026-08-24T15:03:37.584Z,3316,2026-08-24T15:03:37.584Z,B35,Lexington,6c7532c9-dcb1-40a3-beaa-690039713dec,SAMMS-LexingtonV5
202608241448406013,202608241408171816,202608241408171802,88,4666,P1 Reference Clinic Bronze - B35A,br_samms_clinic,TASK_COMPLETE,SUCCESS,INFO,1,1,0,,2026-08-24T14:08:21.733Z,2026-08-24T15:03:37.584Z,3316,2026-08-24T15:03:37.584Z,B35A,Berea,6c7532c9-dcb1-40a3-beaa-690039713dec,SAMMS-BereaV5
202608241448406015,202608241408171817,202608241408171802,88,4667,P1 Reference Clinic Bronze - B36,br_samms_clinic,TASK_COMPLETE,SUCCESS,INFO,1,1,0,,2026-08-24T14:08:21.733Z,2026-08-24T15:03:37.584Z,3316,2026-08-24T15:03:37.584Z,B36,Asheville,6c7532c9-dcb1-40a3-beaa-690039713dec,SAMMS-AshevilleV5
202608241448406016,202608241408171818,202608241408171802,88,4668,P1 Reference Clinic Bronze - B37,br_samms_clinic,TASK_COMPLETE,SUCCESS,INFO,1,1,0,,2026-08-24T14:08:21.733Z,2026-08-24T15:03:37.584Z,3316,2026-08-24T15:03:37.584Z,B37,Clyde,6c7532c9-dcb1-40a3-beaa-690039713dec,SAMMS-ClydeV5
202608241448406017,202608241408171819,202608241408171802,88,4669,P1 Reference Clinic Bronze - B38,br_samms_clinic,TASK_COMPLETE,SUCCESS,INFO,1,1,0,,2026-08-24T14:08:21.733Z,2026-08-24T15:03:37.584Z,3316,2026-08-24T15:03:37.584Z,B38,Spartanburg,6c7532c9-dcb1-40a3-beaa-690039713dec,SAMMS-SpartanburgV5
202608241448406018,202608241408171820,202608241408171802,88,4670,P1 Reference Clinic Bronze - B39,br_samms_clinic,TASK_COMPLETE,SUCCESS,INFO,1,1,0,,2026-08-24T14:08:21.733Z,2026-08-24T15:03:37.584Z,3316,2026-08-24T15:03:37.584Z,B39,Aiken,6c7532c9-dcb1-40a3-beaa-690039713dec,SAMMS-AikenV5
202608241448406019,202608241408171821,202608241408171802,88,4671,P1 Reference Clinic Bronze - B41,br_samms_clinic,TASK_COMPLETE,SUCCESS,INFO,1,1,0,,2026-08-24T14:08:21.733Z,2026-08-24T15:03:37.584Z,3316,2026-08-24T15:03:37.584Z,B41,Chesapeake,6c7532c9-dcb1-40a3-beaa-690039713dec,SAMMS-ChesapeakeV5
202608241448406021,202608241408171822,202608241408171802,88,4672,P1 Reference Clinic Bronze - B42,br_samms_clinic,TASK_COMPLETE,SUCCESS,INFO,1,1,0,,2026-08-24T14:08:21.733Z,2026-08-24T15:03:37.584Z,3316,2026-08-24T15:03:37.584Z,B42,VirginiaBeach,6c7532c9-dcb1-40a3-beaa-690039713dec,SAMMS-VirginiaBeachV5
202608241448406022,202608241408171823,202608241408171802,88,4673,P1 Reference Clinic Bronze - B42A,br_samms_clinic,TASK_COMPLETE,SUCCESS,INFO,1,1,0,,2026-08-24T14:08:21.733Z,2026-08-24T15:03:37.584Z,3316,2026-08-24T15:03:37.584Z,B42A,NewportNews,6c7532c9-dcb1-40a3-beaa-690039713dec,SAMMS-NewportNewsV5
202608241448406023,202608241408171824,202608241408171802,88,4674,P1 Reference Clinic Bronze - B42B,br_samms_clinic,TASK_COMPLETE,SUCCESS,INFO,1,1,0,,2026-08-24T14:08:21.733Z,2026-08-24T15:03:37.584Z,3316,2026-08-24T15:03:37.584Z,B42B,Franklin,6c7532c9-dcb1-40a3-beaa-690039713dec,SAMMS-FranklinV5
202608241448406025,202608241408171825,202608241408171802,88,4675,P1 Reference Clinic Bronze - B42C,br_samms_clinic,TASK_COMPLETE,SUCCESS,INFO,1,1,0,,2026-08-24T14:08:21.733Z,2026-08-24T15:03:37.584Z,3316,2026-08-24T15:03:37.584Z,B42C,GlenAllen,6c7532c9-dcb1-40a3-beaa-690039713dec,SAMMS-GlenAllenV5
202608241333250170,202608241253386626,202608241253386616,88,4662,P1 Reference Clinic Bronze - B31,br_samms_clinic,TASK_COMPLETE,SUCCESS,INFO,1,1,0,,2026-08-24T12:53:42.369Z,2026-08-24T13:42:52.652Z,2950,2026-08-24T13:42:52.652Z,B31,Dyersburg,8f1806c1-b1f2-4ac5-b25b-086fec51b8fb,SAMMS-DyersburgV5
202608241333250171,202608241253386627,202608241253386616,88,4663,P1 Reference Clinic Bronze - B33,br_samms_clinic,TASK_COMPLETE,SUCCESS,INFO,1,1,0,,2026-08-24T12:53:42.369Z,2026-08-24T13:42:52.652Z,2950,2026-08-24T13:42:52.652Z,B33,Paducah,8f1806c1-b1f2-4ac5-b25b-086fec51b8fb,SAMMS-Paducah
202608241333250172,202608241253386628,202608241253386616,88,4664,P1 Reference Clinic Bronze - B34,br_samms_clinic,TASK_COMPLETE,SUCCESS,INFO,1,1,0,,2026-08-24T12:53:42.369Z,2026-08-24T13:42:52.652Z,2950,2026-08-24T13:42:52.652Z,B34,Corbin,8f1806c1-b1f2-4ac5-b25b-086fec51b8fb,SAMMS-CorbinV5
202608241333250174,202608241253386629,202608241253386616,88,4665,P1 Reference Clinic Bronze - B35,br_samms_clinic,TASK_COMPLETE,SUCCESS,INFO,1,1,0,,2026-08-24T12:53:42.369Z,2026-08-24T13:42:52.652Z,2950,2026-08-24T13:42:52.652Z,B35,Lexington,8f1806c1-b1f2-4ac5-b25b-086fec51b8fb,SAMMS-LexingtonV5
202608241333250175,202608241253386630,202608241253386616,88,4666,P1 Reference Clinic Bronze - B35A,br_samms_clinic,TASK_COMPLETE,SUCCESS,INFO,1,1,0,,2026-08-24T12:53:42.369Z,2026-08-24T13:42:52.652Z,2950,2026-08-24T13:42:52.652Z,B35A,Berea,8f1806c1-b1f2-4ac5-b25b-086fec51b8fb,SAMMS-BereaV5
202608241333250176,202608241253386631,202608241253386616,88,4667,P1 Reference Clinic Bronze - B36,br_samms_clinic,TASK_COMPLETE,SUCCESS,INFO,1,1,0,,2026-08-24T12:53:42.369Z,2026-08-24T13:42:52.652Z,2950,2026-08-24T13:42:52.652Z,B36,Asheville,8f1806c1-b1f2-4ac5-b25b-086fec51b8fb,SAMMS-AshevilleV5
202608241333250177,202608241253386632,202608241253386616,88,4668,P1 Reference Clinic Bronze - B37,br_samms_clinic,TASK_COMPLETE,SUCCESS,INFO,1,1,0,,2026-08-24T12:53:42.369Z,2026-08-24T13:42:52.652Z,2950,2026-08-24T13:42:52.652Z,B37,Clyde,8f1806c1-b1f2-4ac5-b25b-086fec51b8fb,SAMMS-ClydeV5
202608241333250178,202608241253386633,202608241253386616,88,4669,P1 Reference Clinic Bronze - B38,br_samms_clinic,TASK_COMPLETE,SUCCESS,INFO,1,1,0,,2026-08-24T12:53:42.369Z,2026-08-24T13:42:52.652Z,2950,2026-08-24T13:42:52.652Z,B38,Spartanburg,8f1806c1-b1f2-4ac5-b25b-086fec51b8fb,SAMMS-SpartanburgV5
202608241333250180,202608241253386634,202608241253386616,88,4670,P1 Reference Clinic Bronze - B39,br_samms_clinic,TASK_COMPLETE,SUCCESS,INFO,1,1,0,,2026-08-24T12:53:42.369Z,2026-08-24T13:42:52.652Z,2950,2026-08-24T13:42:52.652Z,B39,Aiken,8f1806c1-b1f2-4ac5-b25b-086fec51b8fb,SAMMS-AikenV5
202608241333250181,202608241253386635,202608241253386616,88,4671,P1 Reference Clinic Bronze - B41,br_samms_clinic,TASK_COMPLETE,SUCCESS,INFO,1,1,0,,2026-08-24T12:53:42.369Z,2026-08-24T13:42:52.652Z,2950,2026-08-24T13:42:52.652Z,B41,Chesapeake,8f1806c1-b1f2-4ac5-b25b-086fec51b8fb,SAMMS-ChesapeakeV5
202608241333250182,202608241253386636,202608241253386616,88,4672,P1 Reference Clinic Bronze - B42,br_samms_clinic,TASK_COMPLETE,SUCCESS,INFO,1,1,0,,2026-08-24T12:53:42.369Z,2026-08-24T13:42:52.652Z,2950,2026-08-24T13:42:52.652Z,B42,VirginiaBeach,8f1806c1-b1f2-4ac5-b25b-086fec51b8fb,SAMMS-VirginiaBeachV5
202608241333250183,202608241253386637,202608241253386616,88,4673,P1 Reference Clinic Bronze - B42A,br_samms_clinic,TASK_COMPLETE,SUCCESS,INFO,1,1,0,,2026-08-24T12:53:42.369Z,2026-08-24T13:42:52.652Z,2950,2026-08-24T13:42:52.652Z,B42A,NewportNews,8f1806c1-b1f2-4ac5-b25b-086fec51b8fb,SAMMS-NewportNewsV5
202608241333250185,202608241253386638,202608241253386616,88,4674,P1 Reference Clinic Bronze - B42B,br_samms_clinic,TASK_COMPLETE,SUCCESS,INFO,1,1,0,,2026-08-24T12:53:42.369Z,2026-08-24T13:42:52.652Z,2950,2026-08-24T13:42:52.652Z,B42B,Franklin,8f1806c1-b1f2-4ac5-b25b-086fec51b8fb,SAMMS-FranklinV5
202608241333250186,202608241253386639,202608241253386616,88,4675,P1 Reference Clinic Bronze - B42C,br_samms_clinic,TASK_COMPLETE,SUCCESS,INFO,1,1,0,,2026-08-24T12:53:42.369Z,2026-08-24T13:42:52.652Z,2950,2026-08-24T13:42:52.652Z,B42C,GlenAllen,8f1806c1-b1f2-4ac5-b25b-086fec51b8fb,SAMMS-GlenAllenV5
202608191705197797,202608191654270083,202608191654269970,76,144500,PPA Bronze,br_SF_PatientPreAdmission,TASK_COMPLETE,FAILED,ERROR,0,0,1,PPA Bronze copy failed or did not write rows for this site/run.,2026-08-19T16:54:47.315Z,2026-08-19T17:10:18.523Z,931,2026-08-19T17:10:18.523Z,VBRP,BrooklynPark,4736cb14-987d-4509-b3d7-654790c2de16,SAMMS-BrooklynParkV6
202608191705197798,202608191654270084,202608191654269970,76,144501,PPA Bronze,br_SF_PatientPreAdmission,TASK_COMPLETE,FAILED,ERROR,0,0,1,PPA Bronze copy failed or did not write rows for this site/run.,2026-08-19T16:54:47.315Z,2026-08-19T17:10:18.523Z,931,2026-08-19T17:10:18.523Z,VMIN,Minneapolis,4736cb14-987d-4509-b3d7-654790c2de16,SAMMS-MinneapolisV6
202608191705197799,202608191654270085,202608191654269970,76,144502,PPA Bronze,br_SF_PatientPreAdmission,TASK_COMPLETE,FAILED,ERROR,0,0,1,PPA Bronze copy failed or did not write rows for this site/run.,2026-08-19T16:54:47.315Z,2026-08-19T17:10:18.523Z,931,2026-08-19T17:10:18.523Z,VWBY,Woodbury,4736cb14-987d-4509-b3d7-654790c2de16,SAMMS-WoodburyV6
202608191705197800,202608191654270086,202608191654269970,76,144503,PPA Bronze,br_SF_PatientPreAdmission,TASK_COMPLETE,SUCCESS,INFO,4339,4339,0,,2026-08-19T16:54:47.315Z,2026-08-19T17:10:18.523Z,931,2026-08-19T17:10:18.523Z,WIL,Wilson,4736cb14-987d-4509-b3d7-654790c2de16,SAMMS-Wilson
202608241333250206,202608241253386654,202608241253386616,88,4690,P1 Reference Clinic Bronze - B57D,br_samms_clinic,TASK_COMPLETE,SUCCESS,INFO,1,1,0,,2026-08-24T12:53:42.369Z,2026-08-24T13:42:52.652Z,2950,2026-08-24T13:42:52.652Z,B57D,Westerly,8f1806c1-b1f2-4ac5-b25b-086fec51b8fb,SAMMS-Westerly
202608241333250208,202608241253386655,202608241253386616,88,4691,P1 Reference Clinic Bronze - B66A,br_samms_clinic,TASK_COMPLETE,SUCCESS,INFO,1,1,0,,2026-08-24T12:53:42.369Z,2026-08-24T13:42:52.652Z,2950,2026-08-24T13:42:52.652Z,B66A,Bremen,8f1806c1-b1f2-4ac5-b25b-086fec51b8fb,SAMMS-Bremen
202608241333250209,202608241253386656,202608241253386616,88,4692,P1 Reference Clinic Bronze - B72,br_samms_clinic,TASK_COMPLETE,SUCCESS,INFO,1,1,0,,2026-08-24T12:53:42.369Z,2026-08-24T13:42:52.652Z,2950,2026-08-24T13:42:52.652Z,B72,Mobile-OBOT,8f1806c1-b1f2-4ac5-b25b-086fec51b8fb,SAMMS-Mobile-OBOT
202608241333250211,202608241253386657,202608241253386616,88,4693,P1 Reference Clinic Bronze - B73,br_samms_clinic,TASK_COMPLETE,SUCCESS,INFO,1,1,0,,2026-08-24T12:53:42.369Z,2026-08-24T13:42:52.652Z,2950,2026-08-24T13:42:52.652Z,B73,Montgomery,8f1806c1-b1f2-4ac5-b25b-086fec51b8fb,SAMMS-Montgomery
202608241333250212,202608241253386658,202608241253386616,88,4694,P1 Reference Clinic Bronze - B75,br_samms_clinic,TASK_COMPLETE,SUCCESS,INFO,1,1,0,,2026-08-24T12:53:42.369Z,2026-08-24T13:42:52.652Z,2950,2026-08-24T13:42:52.652Z,B75,Lawrence,8f1806c1-b1f2-4ac5-b25b-086fec51b8fb,SAMMS-LawrenceV6
202608241333250213,202608241253386659,202608241253386616,88,4695,P1 Reference Clinic Bronze - B76,br_samms_clinic,TASK_COMPLETE,SUCCESS,INFO,1,1,0,,2026-08-24T12:53:42.369Z,2026-08-24T13:42:52.652Z,2950,2026-08-24T13:42:52.652Z,B76,Huntsville-OBOT,8f1806c1-b1f2-4ac5-b25b-086fec51b8fb,SAMMS-Huntsville-OBOT
202608241333250215,202608241253386660,202608241253386616,88,4696,P1 Reference Clinic Bronze - BAT,br_samms_clinic,TASK_COMPLETE,SUCCESS,INFO,1,1,0,,2026-08-24T12:53:42.369Z,2026-08-24T13:42:52.652Z,2950,2026-08-24T13:42:52.652Z,BAT,Batesville,8f1806c1-b1f2-4ac5-b25b-086fec51b8fb,SAMMS-Batesville
202608241333250216,202608241253386661,202608241253386616,88,4697,P1 Reference Clinic Bronze - BG,br_samms_clinic,TASK_COMPLETE,SUCCESS,INFO,1,1,0,,2026-08-24T12:53:42.369Z,2026-08-24T13:42:52.652Z,2950,2026-08-24T13:42:52.652Z,BG,BowlingGreen,8f1806c1-b1f2-4ac5-b25b-086fec51b8fb,SAMMS-BowlingGreen
202608241333250218,202608241253386662,202608241253386616,88,4698,P1 Reference Clinic Bronze - BOI,br_samms_clinic,TASK_COMPLETE,SUCCESS,INFO,1,1,0,,2026-08-24T12:53:42.369Z,2026-08-24T13:42:52.652Z,2950,2026-08-24T13:42:52.652Z,BOI,Boise,8f1806c1-b1f2-4ac5-b25b-086fec51b8fb,SAMMS-Boise
202608241333250219,202608241253386663,202608241253386616,88,4699,P1 Reference Clinic Bronze - CBCO,br_samms_clinic,TASK_COMPLETE,SUCCESS,INFO,1,1,0,,2026-08-24T12:53:42.369Z,2026-08-24T13:42:52.652Z,2950,2026-08-24T13:42:52.652Z,CBCO,CoeurdAlene,8f1806c1-b1f2-4ac5-b25b-086fec51b8fb,SAMMS-CoeurdAleneV6
202608241333250221,202608241253386664,202608241253386616,88,4700,P1 Reference Clinic Bronze - CON,br_samms_clinic,TASK_COMPLETE,SUCCESS,INFO,1,1,0,,2026-08-24T12:53:42.369Z,2026-08-24T13:42:52.652Z,2950,2026-08-24T13:42:52.652Z,CON,Conway,8f1806c1-b1f2-4ac5-b25b-086fec51b8fb,SAMMS-Conway
202608241333250223,202608241253386665,202608241253386616,88,4701,P1 Reference Clinic Bronze - D07,br_samms_clinic,TASK_COMPLETE,SUCCESS,INFO,1,1,0,,2026-08-24T12:53:42.369Z,2026-08-24T13:42:52.652Z,2950,2026-08-24T13:42:52.652Z,D07,Knoxville,8f1806c1-b1f2-4ac5-b25b-086fec51b8fb,SAMMS-KnoxvilleV6
202608241333250224,202608241253386666,202608241253386616,88,4702,P1 Reference Clinic Bronze - D08,br_samms_clinic,TASK_COMPLETE,SUCCESS,INFO,1,1,0,,2026-08-24T12:53:42.369Z,2026-08-24T13:42:52.652Z,2950,2026-08-24T13:42:52.652Z,D08,Madison,8f1806c1-b1f2-4ac5-b25b-086fec51b8fb,SAMMS-MadisonV6
202608241333250226,202608241253386667,202608241253386616,88,4703,P1 Reference Clinic Bronze - D09,br_samms_clinic,TASK_COMPLETE,SUCCESS,INFO,1,1,0,,2026-08-24T12:53:42.369Z,2026-08-24T13:42:52.652Z,2950,2026-08-24T13:42:52.652Z,D09,Murfreesboro,8f1806c1-b1f2-4ac5-b25b-086fec51b8fb,SAMMS-MurfreesboroV6
202608211024423262,202608211014397342,202608211014397317,123,13520,Assessments Bronze - SaveAdmissionAssessmentsSubstanceUseHistory - AHK,br_Admissionassessmentsubstanceusehistory,TASK_COMPLETE,SUCCESS,INFO,23,23,0,,2026-08-21T10:15:22.398Z,2026-08-21T10:27:04.981Z,702,2026-08-21T10:27:04.981Z,AHK,Ahoskie,8c07e343-4781-4d6b-b62d-dcb12587d856,SAMMS-Ahoskie
202608211024423263,202608211014397343,202608211014397317,123,13521,Assessments Bronze - SaveAdmissionAssessmentsSubstanceUseHistory - B12B,br_Admissionassessmentsubstanceusehistory,TASK_COMPLETE,SUCCESS,INFO,1722,1722,0,,2026-08-21T10:15:22.398Z,2026-08-21T10:27:04.981Z,702,2026-08-21T10:27:04.981Z,B12B,ColoradoSprings,8c07e343-4781-4d6b-b62d-dcb12587d856,SAMMS-ColoradoSpringsV5
202608211024423265,202608211014397344,202608211014397317,123,13522,Assessments Bronze - SaveAdmissionAssessmentsSubstanceUseHistory - B24,br_Admissionassessmentsubstanceusehistory,TASK_COMPLETE,SUCCESS,INFO,323,323,0,,2026-08-21T10:15:22.398Z,2026-08-21T10:27:04.981Z,702,2026-08-21T10:27:04.981Z,B24,Paintsville,8c07e343-4781-4d6b-b62d-dcb12587d856,SAMMS-PaintsvilleV5
202608211024460461,202608211014497326,202608211014497317,124,13643,Assessments Silver - SaveAdmissionAssessmentsSubstanceUseHistory,sl_Admissionassessmentsubstanceusehistory,TASK_COMPLETE,SUCCESS,INFO,2068,2947,0,,2026-08-21T10:15:22.398Z,2026-08-21T10:27:04.981Z,702,2026-08-21T10:27:04.981Z,,,8c07e343-4781-4d6b-b62d-dcb12587d856,
202608241448406046,202608241408171840,202608241408171802,88,4690,P1 Reference Clinic Bronze - B57D,br_samms_clinic,TASK_COMPLETE,SUCCESS,INFO,1,1,0,,2026-08-24T14:08:21.733Z,2026-08-24T15:03:37.584Z,3316,2026-08-24T15:03:37.584Z,B57D,Westerly,6c7532c9-dcb1-40a3-beaa-690039713dec,SAMMS-Westerly
202608241448406047,202608241408171841,202608241408171802,88,4691,P1 Reference Clinic Bronze - B66A,br_samms_clinic,TASK_COMPLETE,SUCCESS,INFO,1,1,0,,2026-08-24T14:08:21.733Z,2026-08-24T15:03:37.584Z,3316,2026-08-24T15:03:37.584Z,B66A,Bremen,6c7532c9-dcb1-40a3-beaa-690039713dec,SAMMS-Bremen
202608241448406049,202608241408171842,202608241408171802,88,4692,P1 Reference Clinic Bronze - B72,br_samms_clinic,TASK_COMPLETE,SUCCESS,INFO,1,1,0,,2026-08-24T14:08:21.733Z,2026-08-24T15:03:37.584Z,3316,2026-08-24T15:03:37.584Z,B72,Mobile-OBOT,6c7532c9-dcb1-40a3-beaa-690039713dec,SAMMS-Mobile-OBOT
202608241448406050,202608241408171843,202608241408171802,88,4693,P1 Reference Clinic Bronze - B73,br_samms_clinic,TASK_COMPLETE,SUCCESS,INFO,1,1,0,,2026-08-24T14:08:21.733Z,2026-08-24T15:03:37.584Z,3316,2026-08-24T15:03:37.584Z,B73,Montgomery,6c7532c9-dcb1-40a3-beaa-690039713dec,SAMMS-Montgomery
202608241448406052,202608241408171844,202608241408171802,88,4694,P1 Reference Clinic Bronze - B75,br_samms_clinic,TASK_COMPLETE,SUCCESS,INFO,1,1,0,,2026-08-24T14:08:21.733Z,2026-08-24T15:03:37.584Z,3316,2026-08-24T15:03:37.584Z,B75,Lawrence,6c7532c9-dcb1-40a3-beaa-690039713dec,SAMMS-LawrenceV6
202608241448406053,202608241408171845,202608241408171802,88,4695,P1 Reference Clinic Bronze - B76,br_samms_clinic,TASK_COMPLETE,SUCCESS,INFO,1,1,0,,2026-08-24T14:08:21.733Z,2026-08-24T15:03:37.584Z,3316,2026-08-24T15:03:37.584Z,B76,Huntsville-OBOT,6c7532c9-dcb1-40a3-beaa-690039713dec,SAMMS-Huntsville-OBOT
202608241448406055,202608241408171846,202608241408171802,88,4696,P1 Reference Clinic Bronze - BAT,br_samms_clinic,TASK_COMPLETE,SUCCESS,INFO,1,1,0,,2026-08-24T14:08:21.733Z,2026-08-24T15:03:37.584Z,3316,2026-08-24T15:03:37.584Z,BAT,Batesville,6c7532c9-dcb1-40a3-beaa-690039713dec,SAMMS-Batesville
202608241448406056,202608241408171847,202608241408171802,88,4697,P1 Reference Clinic Bronze - BG,br_samms_clinic,TASK_COMPLETE,SUCCESS,INFO,1,1,0,,2026-08-24T14:08:21.733Z,2026-08-24T15:03:37.584Z,3316,2026-08-24T15:03:37.584Z,BG,BowlingGreen,6c7532c9-dcb1-40a3-beaa-690039713dec,SAMMS-BowlingGreen
202608241448406058,202608241408171848,202608241408171802,88,4698,P1 Reference Clinic Bronze - BOI,br_samms_clinic,TASK_COMPLETE,SUCCESS,INFO,1,1,0,,2026-08-24T14:08:21.733Z,2026-08-24T15:03:37.584Z,3316,2026-08-24T15:03:37.584Z,BOI,Boise,6c7532c9-dcb1-40a3-beaa-690039713dec,SAMMS-Boise
202608241448406059,202608241408171849,202608241408171802,88,4699,P1 Reference Clinic Bronze - CBCO,br_samms_clinic,TASK_COMPLETE,SUCCESS,INFO,1,1,0,,2026-08-24T14:08:21.733Z,2026-08-24T15:03:37.584Z,3316,2026-08-24T15:03:37.584Z,CBCO,CoeurdAlene,6c7532c9-dcb1-40a3-beaa-690039713dec,SAMMS-CoeurdAleneV6
202608241448406061,202608241408171850,202608241408171802,88,4700,P1 Reference Clinic Bronze - CON,br_samms_clinic,TASK_COMPLETE,SUCCESS,INFO,1,1,0,,2026-08-24T14:08:21.733Z,2026-08-24T15:03:37.584Z,3316,2026-08-24T15:03:37.584Z,CON,Conway,6c7532c9-dcb1-40a3-beaa-690039713dec,SAMMS-Conway
202608241448406062,202608241408171851,202608241408171802,88,4701,P1 Reference Clinic Bronze - D07,br_samms_clinic,TASK_COMPLETE,SUCCESS,INFO,1,1,0,,2026-08-24T14:08:21.733Z,2026-08-24T15:03:37.584Z,3316,2026-08-24T15:03:37.584Z,D07,Knoxville,6c7532c9-dcb1-40a3-beaa-690039713dec,SAMMS-KnoxvilleV6
202608241448406064,202608241408171852,202608241408171802,88,4702,P1 Reference Clinic Bronze - D08,br_samms_clinic,TASK_COMPLETE,SUCCESS,INFO,1,1,0,,2026-08-24T14:08:21.733Z,2026-08-24T15:03:37.584Z,3316,2026-08-24T15:03:37.584Z,D08,Madison,6c7532c9-dcb1-40a3-beaa-690039713dec,SAMMS-MadisonV6
202608241448406065,202608241408171853,202608241408171802,88,4703,P1 Reference Clinic Bronze - D09,br_samms_clinic,TASK_COMPLETE,SUCCESS,INFO,1,1,0,,2026-08-24T14:08:21.733Z,2026-08-24T15:03:37.584Z,3316,2026-08-24T15:03:37.584Z,D09,Murfreesboro,6c7532c9-dcb1-40a3-beaa-690039713dec,SAMMS-MurfreesboroV6
202608191705197675,202608191654269989,202608191654269970,76,144406,PPA Bronze,br_SF_PatientPreAdmission,TASK_COMPLETE,FAILED,ERROR,0,0,1,PPA Bronze copy failed or did not write rows for this site/run.,2026-08-19T16:54:47.315Z,2026-08-19T17:10:18.523Z,931,2026-08-19T17:10:18.523Z,B41,Chesapeake,4736cb14-987d-4509-b3d7-654790c2de16,SAMMS-ChesapeakeV5
202608191705197676,202608191654269990,202608191654269970,76,144407,PPA Bronze,br_SF_PatientPreAdmission,TASK_COMPLETE,FAILED,ERROR,0,0,1,PPA Bronze copy failed or did not write rows for this site/run.,2026-08-19T16:54:47.315Z,2026-08-19T17:10:18.523Z,931,2026-08-19T17:10:18.523Z,B42,VirginiaBeach,4736cb14-987d-4509-b3d7-654790c2de16,SAMMS-VirginiaBeachV5
202608191705197794,202608191654270081,202608191654269970,76,144498,PPA Bronze,br_SF_PatientPreAdmission,TASK_COMPLETE,SUCCESS,INFO,7745,7745,0,,2026-08-19T16:54:47.315Z,2026-08-19T17:10:18.523Z,931,2026-08-19T17:10:18.523Z,V9,Nashville,4736cb14-987d-4509-b3d7-654790c2de16,SAMMS-NashvilleV5
202608191705197796,202608191654270082,202608191654269970,76,144499,PPA Bronze,br_SF_PatientPreAdmission,TASK_COMPLETE,FAILED,ERROR,0,0,1,PPA Bronze copy failed or did not write rows for this site/run.,2026-08-19T16:54:47.315Z,2026-08-19T17:10:18.523Z,931,2026-08-19T17:10:18.523Z,VBRA,Brainerd,4736cb14-987d-4509-b3d7-654790c2de16,SAMMS-BrainerdV6
202608200302504987,202608200240673840,202608200240673824,46,9058,P1 Finance FMP Bronze - B25,br_samms_fmp,TASK_COMPLETE,SUCCESS,INFO,7714,7714,0,,2026-08-20T02:41:23.064Z,2026-08-20T03:02:53.458Z,1290,2026-08-20T03:02:53.458Z,B25,Pikeville,05c5c70e-2926-4311-8f49-65b9279948a3,SAMMS-PikevilleV5
202608200302504988,202608200240673841,202608200240673824,46,9173,P1 Finance Payer Client History Bronze - AHK,br_samms_payer_clt_history,TASK_COMPLETE,SUCCESS,INFO,60,60,0,,2026-08-20T02:41:23.064Z,2026-08-20T03:02:53.458Z,1290,2026-08-20T03:02:53.458Z,AHK,Ahoskie,05c5c70e-2926-4311-8f49-65b9279948a3,SAMMS-Ahoskie
202608200302504989,202608200240673842,202608200240673824,46,9174,P1 Finance Payer Client History Bronze - B12B,br_samms_payer_clt_history,TASK_COMPLETE,SUCCESS,INFO,567,567,0,,2026-08-20T02:41:23.064Z,2026-08-20T03:02:53.458Z,1290,2026-08-20T03:02:53.458Z,B12B,ColoradoSprings,05c5c70e-2926-4311-8f49-65b9279948a3,SAMMS-ColoradoSpringsV5
202608200302504990,202608200240673843,202608200240673824,46,9175,P1 Finance Payer Client History Bronze - B24,br_samms_payer_clt_history,TASK_COMPLETE,SUCCESS,INFO,532,532,0,,2026-08-20T02:41:23.064Z,2026-08-20T03:02:53.458Z,1290,2026-08-20T03:02:53.458Z,B24,Paintsville,05c5c70e-2926-4311-8f49-65b9279948a3,SAMMS-PaintsvilleV5
202608200302504991,202608200240673844,202608200240673824,46,9176,P1 Finance Payer Client History Bronze - B25,br_samms_payer_clt_history,TASK_COMPLETE,SUCCESS,INFO,335,335,0,,2026-08-20T02:41:23.064Z,2026-08-20T03:02:53.458Z,1290,2026-08-20T03:02:53.458Z,B25,Pikeville,05c5c70e-2926-4311-8f49-65b9279948a3,SAMMS-PikevilleV5
202608200302504992,202608200240673845,202608200240673824,46,9291,P1 Finance Financial Hardship Application Bronze - AHK,br_samms_financial_hardship_application,TASK_COMPLETE,SUCCESS,INFO,181,181,0,,2026-08-20T02:41:23.064Z,2026-08-20T03:02:53.458Z,1290,2026-08-20T03:02:53.458Z,AHK,Ahoskie,05c5c70e-2926-4311-8f49-65b9279948a3,SAMMS-Ahoskie
202608191705197690,202608191654270001,202608191654269970,76,144418,PPA Bronze,br_SF_PatientPreAdmission,TASK_COMPLETE,FAILED,ERROR,0,0,1,PPA Bronze copy failed or did not write rows for this site/run.,2026-08-19T16:54:47.315Z,2026-08-19T17:10:18.523Z,931,2026-08-19T17:10:18.523Z,B52,JacksonGA,4736cb14-987d-4509-b3d7-654790c2de16,SAMMS-JacksonGAV5
202608191705197692,202608191654270002,202608191654269970,76,144419,PPA Bronze,br_SF_PatientPreAdmission,TASK_COMPLETE,SUCCESS,INFO,5028,5028,0,,2026-08-19T16:54:47.315Z,2026-08-19T17:10:18.523Z,931,2026-08-19T17:10:18.523Z,B54,Gadsden,4736cb14-987d-4509-b3d7-654790c2de16,SAMMS-GadsdenV5
202608191705197737,202608191654270037,202608191654269970,76,144454,PPA Bronze,br_SF_PatientPreAdmission,TASK_COMPLETE,FAILED,ERROR,0,0,1,PPA Bronze copy failed or did not write rows for this site/run.,2026-08-19T16:54:47.315Z,2026-08-19T17:10:18.523Z,931,2026-08-19T17:10:18.523Z,Global,,4736cb14-987d-4509-b3d7-654790c2de16,SAMMSGLOBAL
202608191705197738,202608191654270038,202608191654269970,76,144455,PPA Bronze,br_SF_PatientPreAdmission,TASK_COMPLETE,SUCCESS,INFO,8415,8415,0,,2026-08-19T16:54:47.315Z,2026-08-19T17:10:18.523Z,931,2026-08-19T17:10:18.523Z,HGT,Hagerstown,4736cb14-987d-4509-b3d7-654790c2de16,SAMMS-Hagerstown
202608191705197701,202608191654270009,202608191654269970,76,144426,PPA Bronze,br_SF_PatientPreAdmission,TASK_COMPLETE,FAILED,ERROR,0,0,1,PPA Bronze copy failed or did not write rows for this site/run.,2026-08-19T16:54:47.315Z,2026-08-19T17:10:18.523Z,931,2026-08-19T17:10:18.523Z,B66A,Bremen,4736cb14-987d-4509-b3d7-654790c2de16,SAMMS-Bremen
202608191705197702,202608191654270010,202608191654269970,76,144427,PPA Bronze,br_SF_PatientPreAdmission,TASK_COMPLETE,SUCCESS,INFO,4052,4052,0,,2026-08-19T16:54:47.315Z,2026-08-19T17:10:18.523Z,931,2026-08-19T17:10:18.523Z,B72,Mobile-OBOT,4736cb14-987d-4509-b3d7-654790c2de16,SAMMS-Mobile-OBOT
202608261758481430,202608261733446749,202608261733446733,97,6564,P1 Forms Take Home Risk Assessment Bronze - B12B,br_samms_take_home_risk_assessment,TASK_COMPLETE,SUCCESS,INFO,506,506,0,,2026-08-26T17:33:51.495Z,2026-08-26T17:58:52.846Z,1501,2026-08-26T17:58:52.846Z,B12B,ColoradoSprings,4b416fe5-6f5c-4fb7-baa8-f0b32475e9c6,SAMMS-ColoradoSpringsV5
202608262124424401,202608262124424401,20260826212318,132,13707,Trending Treatment Plans State Reqs Gold,TrendingTreatmentPlansStateReqs,TASK_SKIPPED,DEPENDENCY_BLOCKED,WARNING,0,0,0,Skipped: Dependency TaskConfigId(s) 13695 not successful,2026-08-26T21:24:42.440Z,2026-08-26T21:24:42.440Z,0,2026-08-26T21:24:42.440Z,,,4b200449-8053-4691-81f7-bd43960e8882,
202608270401269728,202608270401269728,20260827035959,132,13707,Trending Treatment Plans State Reqs Gold,TrendingTreatmentPlansStateReqs,TASK_SKIPPED,DEPENDENCY_BLOCKED,WARNING,0,0,0,Skipped: Dependency TaskConfigId(s) 13695 not successful,2026-08-27T04:01:26.972Z,2026-08-27T04:01:26.972Z,0,2026-08-27T04:01:26.972Z,,,6c0dfbf2-4982-428b-b962-2d1ca5cf9e53,
202608262124093792,202608262124093792,20260826212318,132,13704,Enrollment Activity With Readmission Gold,EnrollmentActivityWReadmission,TASK_SKIPPED,DEPENDENCY_BLOCKED,WARNING,0,0,0,Skipped: Dependency TaskConfigId(s) 13692 not successful,2026-08-26T21:24:09.379Z,2026-08-26T21:24:09.379Z,0,2026-08-26T21:24:09.379Z,,,4b200449-8053-4691-81f7-bd43960e8882,
202608201034573124,202608201013530470,202608201013530447,46,9293,P1 Finance Financial Hardship Application Bronze - B24,br_samms_financial_hardship_application,TASK_COMPLETE,SUCCESS,INFO,1159,1159,0,,2026-08-20T10:13:57.622Z,2026-08-20T10:39:20.764Z,1523,2026-08-20T10:39:20.764Z,B24,Paintsville,069e8d01-766c-4679-b3df-c21f4d7bc3d1,SAMMS-PaintsvilleV5
202608270400503182,202608270400503182,20260827035959,132,13704,Enrollment Activity With Readmission Gold,EnrollmentActivityWReadmission,TASK_SKIPPED,DEPENDENCY_BLOCKED,WARNING,0,0,0,Skipped: Dependency TaskConfigId(s) 13692 not successful,2026-08-27T04:00:50.318Z,2026-08-27T04:00:50.318Z,0,2026-08-27T04:00:50.318Z,,,6c0dfbf2-4982-428b-b962-2d1ca5cf9e53,
202608200302505004,202608200240673855,202608200240673824,46,9529,P1 Finance Claim Line Item Bronze - B24,br_samms_claim_line_item,TASK_COMPLETE,SUCCESS,INFO,162369,162369,0,,2026-08-20T02:41:23.064Z,2026-08-20T03:02:53.458Z,1290,2026-08-20T03:02:53.458Z,B24,Paintsville,05c5c70e-2926-4311-8f49-65b9279948a3,SAMMS-PaintsvilleV5
202608200302505005,202608200240673856,202608200240673824,46,9530,P1 Finance Claim Line Item Bronze - B25,br_samms_claim_line_item,TASK_COMPLETE,SUCCESS,INFO,137003,137003,0,,2026-08-20T02:41:23.064Z,2026-08-20T03:02:53.458Z,1290,2026-08-20T03:02:53.458Z,B25,Pikeville,05c5c70e-2926-4311-8f49-65b9279948a3,SAMMS-PikevilleV5
202608200302505006,202608200240673857,202608200240673824,46,9645,P1 Finance Claim Line Item Activity Bronze - AHK,br_samms_claim_line_item_activity,TASK_COMPLETE,SUCCESS,INFO,22661,22661,0,,2026-08-20T02:41:23.064Z,2026-08-20T03:02:53.458Z,1290,2026-08-20T03:02:53.458Z,AHK,Ahoskie,05c5c70e-2926-4311-8f49-65b9279948a3,SAMMS-Ahoskie
202608211508154558,202608211456286404,202608211456286305,76,144487,PPA Bronze,br_SF_PatientPreAdmission,TASK_COMPLETE,SUCCESS,INFO,3641,3641,0,,2026-08-21T14:56:32.229Z,2026-08-21T15:08:19.094Z,707,2026-08-21T15:08:19.094Z,V12A,Centennial,0c589208-2221-4d68-8178-9fb813ab6d11,SAMMS-CentennialV5
202608211508154560,202608211456286405,202608211456286305,76,144488,PPA Bronze,br_SF_PatientPreAdmission,TASK_COMPLETE,SUCCESS,INFO,2530,2530,0,,2026-08-21T14:56:32.229Z,2026-08-21T15:08:19.094Z,707,2026-08-21T15:08:19.094Z,V14,VCPHCS-XIV-Bridgeway,0c589208-2221-4d68-8178-9fb813ab6d11,SAMMS-VCPHCS-XIV-BridgewayV5
202608211508154561,202608211456286406,202608211456286305,76,144489,PPA Bronze,br_SF_PatientPreAdmission,TASK_COMPLETE,SUCCESS,INFO,7367,7367,0,,2026-08-21T14:56:32.229Z,2026-08-21T15:08:19.094Z,707,2026-08-21T15:08:19.094Z,V15,Joplin,0c589208-2221-4d68-8178-9fb813ab6d11,SAMMS-JoplinV5
202608211508154562,202608211456286407,202608211456286305,76,144490,PPA Bronze,br_SF_PatientPreAdmission,TASK_COMPLETE,SUCCESS,INFO,3430,3430,0,,2026-08-21T14:56:32.229Z,2026-08-21T15:08:19.094Z,707,2026-08-21T15:08:19.094Z,V17,ColumbiaTN,0c589208-2221-4d68-8178-9fb813ab6d11,SAMMS-ColumbiaTNv5
202608211508154563,202608211456286408,202608211456286305,76,144491,PPA Bronze,br_SF_PatientPreAdmission,TASK_COMPLETE,SUCCESS,INFO,5970,5970,0,,2026-08-21T14:56:32.229Z,2026-08-21T15:08:19.094Z,707,2026-08-21T15:08:19.094Z,V19,Jackson,0c589208-2221-4d68-8178-9fb813ab6d11,SAMMS-JacksonV5
202608211508154564,202608211456286409,202608211456286305,76,144492,PPA Bronze,br_SF_PatientPreAdmission,TASK_COMPLETE,SUCCESS,INFO,6245,6245,0,,2026-08-21T14:56:32.229Z,2026-08-21T15:08:19.094Z,707,2026-08-21T15:08:19.094Z,V20,Paris,0c589208-2221-4d68-8178-9fb813ab6d11,SAMMS-ParisV5
202608211508154565,202608211456286410,202608211456286305,76,144493,PPA Bronze,br_SF_PatientPreAdmission,TASK_COMPLETE,SUCCESS,INFO,4082,4082,0,,2026-08-21T14:56:32.229Z,2026-08-21T15:08:19.094Z,707,2026-08-21T15:08:19.094Z,V21,Raleigh,0c589208-2221-4d68-8178-9fb813ab6d11,SAMMS-RaleighV5
202608211024481770,202608211014397321,202608211014397317,123,12715,Assessments Bronze - SavePACounselorReview - AHK,br_PACounselorReview,TASK_COMPLETE,SUCCESS,INFO,65,65,0,,2026-08-21T10:15:22.398Z,2026-08-21T10:27:04.981Z,702,2026-08-21T10:27:04.981Z,AHK,Ahoskie,8c07e343-4781-4d6b-b62d-dcb12587d856,SAMMS-Ahoskie
202608211024481771,202608211014397322,202608211014397317,123,12716,Assessments Bronze - SavePACounselorReview - B12B,br_PACounselorReview,TASK_COMPLETE,SUCCESS,INFO,829,829,0,,2026-08-21T10:15:22.398Z,2026-08-21T10:27:04.981Z,702,2026-08-21T10:27:04.981Z,B12B,ColoradoSprings,8c07e343-4781-4d6b-b62d-dcb12587d856,SAMMS-ColoradoSpringsV5
202608211024481772,202608211014397323,202608211014397317,123,12717,Assessments Bronze - SavePACounselorReview - B24,br_PACounselorReview,TASK_COMPLETE,SUCCESS,INFO,445,445,0,,2026-08-21T10:15:22.398Z,2026-08-21T10:27:04.981Z,702,2026-08-21T10:27:04.981Z,B24,Paintsville,8c07e343-4781-4d6b-b62d-dcb12587d856,SAMMS-PaintsvilleV5
202608211024500064,202608211014497319,202608211014497317,124,13636,Assessments Silver - SavePACounselorReview,sl_PACounselorReview,TASK_COMPLETE,SUCCESS,INFO,1339,1339,0,,2026-08-21T10:15:22.398Z,2026-08-21T10:27:04.981Z,702,2026-08-21T10:27:04.981Z,,,8c07e343-4781-4d6b-b62d-dcb12587d856,
202608191135063962,202608191104147982,202608191104147942,106,8010,Clinical Domain Bronze - SaveVACA - BOI,br_VAComprehensiveAssessment,TASK_COMPLETE,SUCCESS,INFO,1723,1723,0,,2026-08-19T11:06:34.343Z,2026-08-19T11:35:09.134Z,1715,2026-08-19T11:35:09.134Z,BOI,Boise,8c2f72fa-f3d3-4c31-9e7b-e1d36d508d72,SAMMS-Boise
202608191135063963,202608191104147983,202608191104147942,106,8059,Clinical Domain Bronze - SaveVACA - V10,br_VAComprehensiveAssessment,TASK_COMPLETE,SUCCESS,INFO,1723,1723,0,,2026-08-19T11:06:34.343Z,2026-08-19T11:35:09.134Z,1715,2026-08-19T11:35:09.134Z,V10,Boulder,8c2f72fa-f3d3-4c31-9e7b-e1d36d508d72,SAMMS-BoulderV5
202608191135063965,202608191104147984,202608191104147942,106,8081,Clinical Domain Bronze - SaveVACASummary - B12B,br_VAComprehensiveAssessmentSummary,TASK_COMPLETE,SUCCESS,INFO,1673,1673,0,,2026-08-19T11:06:34.343Z,2026-08-19T11:35:09.134Z,1715,2026-08-19T11:35:09.134Z,B12B,ColoradoSprings,8c2f72fa-f3d3-4c31-9e7b-e1d36d508d72,SAMMS-ColoradoSpringsV5
202608191135063966,202608191104147985,202608191104147942,106,8098,Clinical Domain Bronze - SaveVACASummary - B41,br_VAComprehensiveAssessmentSummary,TASK_COMPLETE,SUCCESS,INFO,337,337,0,,2026-08-19T11:06:34.343Z,2026-08-19T11:35:09.134Z,1715,2026-08-19T11:35:09.134Z,B41,Chesapeake,8c2f72fa-f3d3-4c31-9e7b-e1d36d508d72,SAMMS-ChesapeakeV5
202608191135063967,202608191104147986,202608191104147942,106,8099,Clinical Domain Bronze - SaveVACASummary - B42,br_VAComprehensiveAssessmentSummary,TASK_COMPLETE,SUCCESS,INFO,524,524,0,,2026-08-19T11:06:34.343Z,2026-08-19T11:35:09.134Z,1715,2026-08-19T11:35:09.134Z,B42,VirginiaBeach,8c2f72fa-f3d3-4c31-9e7b-e1d36d508d72,SAMMS-VirginiaBeachV5
202608191135063968,202608191104147987,202608191104147942,106,8100,Clinical Domain Bronze - SaveVACASummary - B42A,br_VAComprehensiveAssessmentSummary,TASK_COMPLETE,SUCCESS,INFO,202,202,0,,2026-08-19T11:06:34.343Z,2026-08-19T11:35:09.134Z,1715,2026-08-19T11:35:09.134Z,B42A,NewportNews,8c2f72fa-f3d3-4c31-9e7b-e1d36d508d72,SAMMS-NewportNewsV5
202608190529250966,202608190459200384,202608190459200344,106,8010,Clinical Domain Bronze - SaveVACA - BOI,br_VAComprehensiveAssessment,TASK_COMPLETE,SUCCESS,INFO,1723,1723,0,,2026-08-19T05:01:28.469Z,2026-08-19T05:31:20.650Z,1792,2026-08-19T05:31:20.650Z,BOI,Boise,05916e11-44cf-456b-ac26-991e7ff5d7aa,SAMMS-Boise
202608190529250967,202608190459200385,202608190459200344,106,8059,Clinical Domain Bronze - SaveVACA - V10,br_VAComprehensiveAssessment,TASK_COMPLETE,SUCCESS,INFO,1723,1723,0,,2026-08-19T05:01:28.469Z,2026-08-19T05:31:20.650Z,1792,2026-08-19T05:31:20.650Z,V10,Boulder,05916e11-44cf-456b-ac26-991e7ff5d7aa,SAMMS-BoulderV5
202608190529250968,202608190459200386,202608190459200344,106,8081,Clinical Domain Bronze - SaveVACASummary - B12B,br_VAComprehensiveAssessmentSummary,TASK_COMPLETE,SUCCESS,INFO,1673,1673,0,,2026-08-19T05:01:28.469Z,2026-08-19T05:31:20.650Z,1792,2026-08-19T05:31:20.650Z,B12B,ColoradoSprings,05916e11-44cf-456b-ac26-991e7ff5d7aa,SAMMS-ColoradoSpringsV5
202608190529250969,202608190459200387,202608190459200344,106,8098,Clinical Domain Bronze - SaveVACASummary - B41,br_VAComprehensiveAssessmentSummary,TASK_COMPLETE,SUCCESS,INFO,337,337,0,,2026-08-19T05:01:28.469Z,2026-08-19T05:31:20.650Z,1792,2026-08-19T05:31:20.650Z,B41,Chesapeake,05916e11-44cf-456b-ac26-991e7ff5d7aa,SAMMS-ChesapeakeV5
202608190529250971,202608190459200388,202608190459200344,106,8099,Clinical Domain Bronze - SaveVACASummary - B42,br_VAComprehensiveAssessmentSummary,TASK_COMPLETE,SUCCESS,INFO,524,524,0,,2026-08-19T05:01:28.469Z,2026-08-19T05:31:20.650Z,1792,2026-08-19T05:31:20.650Z,B42,VirginiaBeach,05916e11-44cf-456b-ac26-991e7ff5d7aa,SAMMS-VirginiaBeachV5
202608190529250972,202608190459200389,202608190459200344,106,8100,Clinical Domain Bronze - SaveVACASummary - B42A,br_VAComprehensiveAssessmentSummary,TASK_COMPLETE,SUCCESS,INFO,202,202,0,,2026-08-19T05:01:28.469Z,2026-08-19T05:31:20.650Z,1792,2026-08-19T05:31:20.650Z,B42A,NewportNews,05916e11-44cf-456b-ac26-991e7ff5d7aa,SAMMS-NewportNewsV5
202608191705197775,202608191654270065,202608191654269970,76,144482,PPA Bronze,br_SF_PatientPreAdmission,TASK_COMPLETE,SUCCESS,INFO,3878,3878,0,,2026-08-19T16:54:47.315Z,2026-08-19T17:10:18.523Z,931,2026-08-19T17:10:18.523Z,V1,VCPHCS-I-Memphis,4736cb14-987d-4509-b3d7-654790c2de16,SAMMS-VCPHCS-I-MemphisV5
202608191705197776,202608191654270066,202608191654269970,76,144483,PPA Bronze,br_SF_PatientPreAdmission,TASK_COMPLETE,FAILED,ERROR,0,0,1,PPA Bronze copy failed or did not write rows for this site/run.,2026-08-19T16:54:47.315Z,2026-08-19T17:10:18.523Z,931,2026-08-19T17:10:18.523Z,V10,Boulder,4736cb14-987d-4509-b3d7-654790c2de16,SAMMS-BoulderV5
202608191705197651,202608191654269971,202608191654269970,76,144388,PPA Bronze,br_SF_PatientPreAdmission,TASK_COMPLETE,SUCCESS,INFO,1186,1186,0,,2026-08-19T16:54:47.315Z,2026-08-19T17:10:18.523Z,931,2026-08-19T17:10:18.523Z,AHK,Ahoskie,4736cb14-987d-4509-b3d7-654790c2de16,SAMMS-Ahoskie
202608191705197652,202608191654269972,202608191654269970,76,144389,PPA Bronze,br_SF_PatientPreAdmission,TASK_COMPLETE,FAILED,ERROR,0,0,1,PPA Bronze copy failed or did not write rows for this site/run.,2026-08-19T16:54:47.315Z,2026-08-19T17:10:18.523Z,931,2026-08-19T17:10:18.523Z,B12B,ColoradoSprings,4736cb14-987d-4509-b3d7-654790c2de16,SAMMS-ColoradoSpringsV5
202608200302504994,202608200240673846,202608200240673824,46,9292,P1 Finance Financial Hardship Application Bronze - B12B,br_samms_financial_hardship_application,TASK_COMPLETE,SUCCESS,INFO,119,119,0,,2026-08-20T02:41:23.064Z,2026-08-20T03:02:53.458Z,1290,2026-08-20T03:02:53.458Z,B12B,ColoradoSprings,05c5c70e-2926-4311-8f49-65b9279948a3,SAMMS-ColoradoSpringsV5
202608200302504995,202608200240673847,202608200240673824,46,9293,P1 Finance Financial Hardship Application Bronze - B24,br_samms_financial_hardship_application,TASK_COMPLETE,SUCCESS,INFO,1159,1159,0,,2026-08-20T02:41:23.064Z,2026-08-20T03:02:53.458Z,1290,2026-08-20T03:02:53.458Z,B24,Paintsville,05c5c70e-2926-4311-8f49-65b9279948a3,SAMMS-PaintsvilleV5
202608200302504996,202608200240673848,202608200240673824,46,9294,P1 Finance Financial Hardship Application Bronze - B25,br_samms_financial_hardship_application,TASK_COMPLETE,SUCCESS,INFO,807,807,0,,2026-08-20T02:41:23.064Z,2026-08-20T03:02:53.458Z,1290,2026-08-20T03:02:53.458Z,B25,Pikeville,05c5c70e-2926-4311-8f49-65b9279948a3,SAMMS-PikevilleV5
202608261758481428,202608261733446747,202608261733446733,97,6447,P1 Forms Take Home Agreement And Diversion Control Bronze - B12B,br_samms_take_home_agreement_diversion_control,TASK_COMPLETE,SUCCESS,INFO,40,40,0,,2026-08-26T17:33:51.495Z,2026-08-26T17:58:52.846Z,1501,2026-08-26T17:58:52.846Z,B12B,ColoradoSprings,4b416fe5-6f5c-4fb7-baa8-f0b32475e9c6,SAMMS-ColoradoSpringsV5
202608211218032120,202608211214691002,202608211214691000,114,8617,CDC Bronze INV,br_LiquidLog_CDC,TASK_COMPLETE,FAILED,ERROR,0,0,1,CDC pipeline failed. Check the failed parent/child activity run details.,2026-08-21T12:15:13.207Z,2026-08-21T12:20:19.862Z,306,2026-08-21T12:20:19.862Z,B12B,Colorado Springs,15c6503a-21fe-46db-b933-9c29c1ab1196,SAMMS-ColoradoSpringsV5
202608241448406067,202608241408171854,202608241408171802,88,4704,P1 Reference Clinic Bronze - DA,br_samms_clinic,TASK_COMPLETE,SUCCESS,INFO,1,1,0,,2026-08-24T14:08:21.733Z,2026-08-24T15:03:37.584Z,3316,2026-08-24T15:03:37.584Z,DA,Davenport,6c7532c9-dcb1-40a3-beaa-690039713dec,SAMMS-Davenport
202608241448406068,202608241408171855,202608241408171802,88,4705,P1 Reference Clinic Bronze - DM,br_samms_clinic,TASK_COMPLETE,SUCCESS,INFO,1,1,0,,2026-08-24T14:08:21.733Z,2026-08-24T15:03:37.584Z,3316,2026-08-24T15:03:37.584Z,DM,DesMoines,6c7532c9-dcb1-40a3-beaa-690039713dec,SAMMS-DesMoines
202608241448406070,202608241408171856,202608241408171802,88,4706,P1 Reference Clinic Bronze - DRD-CO,br_samms_clinic,TASK_COMPLETE,SUCCESS,INFO,1,1,0,,2026-08-24T14:08:21.733Z,2026-08-24T15:03:37.584Z,3316,2026-08-24T15:03:37.584Z,DRD-CO,Columbia,6c7532c9-dcb1-40a3-beaa-690039713dec,SAMMS-ColumbiaV5
202608241448406072,202608241408171857,202608241408171802,88,4707,P1 Reference Clinic Bronze - DRD-KC,br_samms_clinic,TASK_COMPLETE,SUCCESS,INFO,1,1,0,,2026-08-24T14:08:21.733Z,2026-08-24T15:03:37.584Z,3316,2026-08-24T15:03:37.584Z,DRD-KC,KC,6c7532c9-dcb1-40a3-beaa-690039713dec,SAMMS-KCv5
202608241448406073,202608241408171858,202608241408171802,88,4708,P1 Reference Clinic Bronze - DRD-KVB,br_samms_clinic,TASK_COMPLETE,SUCCESS,INFO,1,1,0,,2026-08-24T14:08:21.733Z,2026-08-24T15:03:37.584Z,3316,2026-08-24T15:03:37.584Z,DRD-KVB,KVB,6c7532c9-dcb1-40a3-beaa-690039713dec,SAMMS-KVBv5
202608241448406075,202608241408171859,202608241408171802,88,4709,P1 Reference Clinic Bronze - DRD-KVC,br_samms_clinic,TASK_COMPLETE,SUCCESS,INFO,1,1,0,,2026-08-24T14:08:21.733Z,2026-08-24T15:03:37.584Z,3316,2026-08-24T15:03:37.584Z,DRD-KVC,KVC,6c7532c9-dcb1-40a3-beaa-690039713dec,SAMMS-KVCv5
202608241448406076,202608241408171860,202608241408171802,88,4710,P1 Reference Clinic Bronze - DRD-NOLA,br_samms_clinic,TASK_COMPLETE,SUCCESS,INFO,1,1,0,,2026-08-24T14:08:21.733Z,2026-08-24T15:03:37.584Z,3316,2026-08-24T15:03:37.584Z,DRD-NOLA,NOLA,6c7532c9-dcb1-40a3-beaa-690039713dec,SAMMS-NOLAv5
202608241448406078,202608241408171861,202608241408171802,88,4711,P1 Reference Clinic Bronze - DRD-SF,br_samms_clinic,TASK_COMPLETE,SUCCESS,INFO,1,1,0,,2026-08-24T14:08:21.733Z,2026-08-24T15:03:37.584Z,3316,2026-08-24T15:03:37.584Z,DRD-SF,SF,6c7532c9-dcb1-40a3-beaa-690039713dec,SAMMS-SFv5
202608241448406079,202608241408171862,202608241408171802,88,4712,P1 Reference Clinic Bronze - ELC,br_samms_clinic,TASK_COMPLETE,SUCCESS,INFO,1,1,0,,2026-08-24T14:08:21.733Z,2026-08-24T15:03:37.584Z,3316,2026-08-24T15:03:37.584Z,ELC,ElizabethCity,6c7532c9-dcb1-40a3-beaa-690039713dec,SAMMS-ElizabethCity
202608241448406081,202608241408171863,202608241408171802,88,4713,P1 Reference Clinic Bronze - ET,br_samms_clinic,TASK_COMPLETE,SUCCESS,INFO,1,1,0,,2026-08-24T14:08:21.733Z,2026-08-24T15:03:37.584Z,3316,2026-08-24T15:03:37.584Z,ET,Elizabethtown,6c7532c9-dcb1-40a3-beaa-690039713dec,SAMMS-Elizabethtown
202608241448406083,202608241408171864,202608241408171802,88,4714,P1 Reference Clinic Bronze - FAY,br_samms_clinic,TASK_COMPLETE,SUCCESS,INFO,1,1,0,,2026-08-24T14:08:21.733Z,2026-08-24T15:03:37.584Z,3316,2026-08-24T15:03:37.584Z,FAY,Fayetteville,6c7532c9-dcb1-40a3-beaa-690039713dec,SAMMS-Fayetteville
202608241448406084,202608241408171865,202608241408171802,88,4715,P1 Reference Clinic Bronze - FR,br_samms_clinic,TASK_COMPLETE,SUCCESS,INFO,1,1,0,,2026-08-24T14:08:21.733Z,2026-08-24T15:03:37.584Z,3316,2026-08-24T15:03:37.584Z,FR,Frankfort,6c7532c9-dcb1-40a3-beaa-690039713dec,SAMMS-Frankfort
202608241448406086,202608241408171866,202608241408171802,88,4716,P1 Reference Clinic Bronze - FS,br_samms_clinic,TASK_COMPLETE,SUCCESS,INFO,1,1,0,,2026-08-24T14:08:21.733Z,2026-08-24T15:03:37.584Z,3316,2026-08-24T15:03:37.584Z,FS,FortSmith,6c7532c9-dcb1-40a3-beaa-690039713dec,SAMMS-FortSmith
202608241448406088,202608241408171867,202608241408171802,88,4717,P1 Reference Clinic Bronze - FW,br_samms_clinic,TASK_COMPLETE,SUCCESS,INFO,1,1,0,,2026-08-24T14:08:21.733Z,2026-08-24T15:03:37.584Z,3316,2026-08-24T15:03:37.584Z,FW,FortWayne,6c7532c9-dcb1-40a3-beaa-690039713dec,SAMMS-FortWayne
202608241333250227,202608241253386668,202608241253386616,88,4704,P1 Reference Clinic Bronze - DA,br_samms_clinic,TASK_COMPLETE,SUCCESS,INFO,1,1,0,,2026-08-24T12:53:42.369Z,2026-08-24T13:42:52.652Z,2950,2026-08-24T13:42:52.652Z,DA,Davenport,8f1806c1-b1f2-4ac5-b25b-086fec51b8fb,SAMMS-Davenport
202608241333250229,202608241253386669,202608241253386616,88,4705,P1 Reference Clinic Bronze - DM,br_samms_clinic,TASK_COMPLETE,SUCCESS,INFO,1,1,0,,2026-08-24T12:53:42.369Z,2026-08-24T13:42:52.652Z,2950,2026-08-24T13:42:52.652Z,DM,DesMoines,8f1806c1-b1f2-4ac5-b25b-086fec51b8fb,SAMMS-DesMoines
202608241333250230,202608241253386670,202608241253386616,88,4706,P1 Reference Clinic Bronze - DRD-CO,br_samms_clinic,TASK_COMPLETE,SUCCESS,INFO,1,1,0,,2026-08-24T12:53:42.369Z,2026-08-24T13:42:52.652Z,2950,2026-08-24T13:42:52.652Z,DRD-CO,Columbia,8f1806c1-b1f2-4ac5-b25b-086fec51b8fb,SAMMS-ColumbiaV5
202608241333250232,202608241253386671,202608241253386616,88,4707,P1 Reference Clinic Bronze - DRD-KC,br_samms_clinic,TASK_COMPLETE,SUCCESS,INFO,1,1,0,,2026-08-24T12:53:42.369Z,2026-08-24T13:42:52.652Z,2950,2026-08-24T13:42:52.652Z,DRD-KC,KC,8f1806c1-b1f2-4ac5-b25b-086fec51b8fb,SAMMS-KCv5
202608241333250233,202608241253386672,202608241253386616,88,4708,P1 Reference Clinic Bronze - DRD-KVB,br_samms_clinic,TASK_COMPLETE,SUCCESS,INFO,1,1,0,,2026-08-24T12:53:42.369Z,2026-08-24T13:42:52.652Z,2950,2026-08-24T13:42:52.652Z,DRD-KVB,KVB,8f1806c1-b1f2-4ac5-b25b-086fec51b8fb,SAMMS-KVBv5
202608241333250235,202608241253386673,202608241253386616,88,4709,P1 Reference Clinic Bronze - DRD-KVC,br_samms_clinic,TASK_COMPLETE,SUCCESS,INFO,1,1,0,,2026-08-24T12:53:42.369Z,2026-08-24T13:42:52.652Z,2950,2026-08-24T13:42:52.652Z,DRD-KVC,KVC,8f1806c1-b1f2-4ac5-b25b-086fec51b8fb,SAMMS-KVCv5
202608241333250236,202608241253386674,202608241253386616,88,4710,P1 Reference Clinic Bronze - DRD-NOLA,br_samms_clinic,TASK_COMPLETE,SUCCESS,INFO,1,1,0,,2026-08-24T12:53:42.369Z,2026-08-24T13:42:52.652Z,2950,2026-08-24T13:42:52.652Z,DRD-NOLA,NOLA,8f1806c1-b1f2-4ac5-b25b-086fec51b8fb,SAMMS-NOLAv5
202608241333250238,202608241253386675,202608241253386616,88,4711,P1 Reference Clinic Bronze - DRD-SF,br_samms_clinic,TASK_COMPLETE,SUCCESS,INFO,1,1,0,,2026-08-24T12:53:42.369Z,2026-08-24T13:42:52.652Z,2950,2026-08-24T13:42:52.652Z,DRD-SF,SF,8f1806c1-b1f2-4ac5-b25b-086fec51b8fb,SAMMS-SFv5
202608241333250240,202608241253386676,202608241253386616,88,4712,P1 Reference Clinic Bronze - ELC,br_samms_clinic,TASK_COMPLETE,SUCCESS,INFO,1,1,0,,2026-08-24T12:53:42.369Z,2026-08-24T13:42:52.652Z,2950,2026-08-24T13:42:52.652Z,ELC,ElizabethCity,8f1806c1-b1f2-4ac5-b25b-086fec51b8fb,SAMMS-ElizabethCity
202608241333250241,202608241253386677,202608241253386616,88,4713,P1 Reference Clinic Bronze - ET,br_samms_clinic,TASK_COMPLETE,SUCCESS,INFO,1,1,0,,2026-08-24T12:53:42.369Z,2026-08-24T13:42:52.652Z,2950,2026-08-24T13:42:52.652Z,ET,Elizabethtown,8f1806c1-b1f2-4ac5-b25b-086fec51b8fb,SAMMS-Elizabethtown
202608241333250243,202608241253386678,202608241253386616,88,4714,P1 Reference Clinic Bronze - FAY,br_samms_clinic,TASK_COMPLETE,SUCCESS,INFO,1,1,0,,2026-08-24T12:53:42.369Z,2026-08-24T13:42:52.652Z,2950,2026-08-24T13:42:52.652Z,FAY,Fayetteville,8f1806c1-b1f2-4ac5-b25b-086fec51b8fb,SAMMS-Fayetteville
202608241333250244,202608241253386679,202608241253386616,88,4715,P1 Reference Clinic Bronze - FR,br_samms_clinic,TASK_COMPLETE,SUCCESS,INFO,1,1,0,,2026-08-24T12:53:42.369Z,2026-08-24T13:42:52.652Z,2950,2026-08-24T13:42:52.652Z,FR,Frankfort,8f1806c1-b1f2-4ac5-b25b-086fec51b8fb,SAMMS-Frankfort
202608241333250246,202608241253386680,202608241253386616,88,4716,P1 Reference Clinic Bronze - FS,br_samms_clinic,TASK_COMPLETE,SUCCESS,INFO,1,1,0,,2026-08-24T12:53:42.369Z,2026-08-24T13:42:52.652Z,2950,2026-08-24T13:42:52.652Z,FS,FortSmith,8f1806c1-b1f2-4ac5-b25b-086fec51b8fb,SAMMS-FortSmith
202608241333250248,202608241253386681,202608241253386616,88,4717,P1 Reference Clinic Bronze - FW,br_samms_clinic,TASK_COMPLETE,SUCCESS,INFO,1,1,0,,2026-08-24T12:53:42.369Z,2026-08-24T13:42:52.652Z,2950,2026-08-24T13:42:52.652Z,FW,FortWayne,8f1806c1-b1f2-4ac5-b25b-086fec51b8fb,SAMMS-FortWayne
202608191705197680,202608191654269993,202608191654269970,76,144410,PPA Bronze,br_SF_PatientPreAdmission,TASK_COMPLETE,FAILED,ERROR,0,0,1,PPA Bronze copy failed or did not write rows for this site/run.,2026-08-19T16:54:47.315Z,2026-08-19T17:10:18.523Z,931,2026-08-19T17:10:18.523Z,B42C,GlenAllen,4736cb14-987d-4509-b3d7-654790c2de16,SAMMS-GlenAllenV5
202608191705197681,202608191654269994,202608191654269970,76,144411,PPA Bronze,br_SF_PatientPreAdmission,TASK_COMPLETE,FAILED,ERROR,0,0,1,PPA Bronze copy failed or did not write rows for this site/run.,2026-08-19T16:54:47.315Z,2026-08-19T17:10:18.523Z,931,2026-08-19T17:10:18.523Z,B42D,ChesapeakeSouth,4736cb14-987d-4509-b3d7-654790c2de16,SAMMS-ChesapeakeSouthV5
202608191705197764,202608191654270057,202608191654269970,76,144474,PPA Bronze,br_SF_PatientPreAdmission,TASK_COMPLETE,FAILED,ERROR,0,0,1,PPA Bronze copy failed or did not write rows for this site/run.,2026-08-19T16:54:47.315Z,2026-08-19T17:10:18.523Z,931,2026-08-19T17:10:18.523Z,STN,Staunton,4736cb14-987d-4509-b3d7-654790c2de16,SAMMS-Staunton
202608191705197765,202608191654270058,202608191654269970,76,144475,PPA Bronze,br_SF_PatientPreAdmission,TASK_COMPLETE,SUCCESS,INFO,1120,1120,0,,2026-08-19T16:54:47.315Z,2026-08-19T17:10:18.523Z,931,2026-08-19T17:10:18.523Z,STVN,Stevenson,4736cb14-987d-4509-b3d7-654790c2de16,SAMMS-Stevenson
202608191705197677,202608191654269991,202608191654269970,76,144408,PPA Bronze,br_SF_PatientPreAdmission,TASK_COMPLETE,FAILED,ERROR,0,0,1,PPA Bronze copy failed or did not write rows for this site/run.,2026-08-19T16:54:47.315Z,2026-08-19T17:10:18.523Z,931,2026-08-19T17:10:18.523Z,B42A,NewportNews,4736cb14-987d-4509-b3d7-654790c2de16,SAMMS-NewportNewsV5
202608191705197679,202608191654269992,202608191654269970,76,144409,PPA Bronze,br_SF_PatientPreAdmission,TASK_COMPLETE,FAILED,ERROR,0,0,1,PPA Bronze copy failed or did not write rows for this site/run.,2026-08-19T16:54:47.315Z,2026-08-19T17:10:18.523Z,931,2026-08-19T17:10:18.523Z,B42B,Franklin,4736cb14-987d-4509-b3d7-654790c2de16,SAMMS-FranklinV5
202608191135063946,202608191104147967,202608191104147942,106,7845,Clinical Domain Bronze - SaveMNCA - VBRA,br_MNComprehensiveAssessment,TASK_COMPLETE,SUCCESS,INFO,235,235,0,,2026-08-19T11:06:34.343Z,2026-08-19T11:35:09.134Z,1715,2026-08-19T11:35:09.134Z,VBRA,Brainerd,8c2f72fa-f3d3-4c31-9e7b-e1d36d508d72,SAMMS-BrainerdV6
202608191135063947,202608191104147968,202608191104147942,106,7846,Clinical Domain Bronze - SaveMNCA - VBRP,br_MNComprehensiveAssessment,TASK_COMPLETE,SUCCESS,INFO,269,269,0,,2026-08-19T11:06:34.343Z,2026-08-19T11:35:09.134Z,1715,2026-08-19T11:35:09.134Z,VBRP,BrooklynPark,8c2f72fa-f3d3-4c31-9e7b-e1d36d508d72,SAMMS-BrooklynParkV6
202608191135063948,202608191104147969,202608191104147942,106,7847,Clinical Domain Bronze - SaveMNCA - VMIN,br_MNComprehensiveAssessment,TASK_COMPLETE,SUCCESS,INFO,217,217,0,,2026-08-19T11:06:34.343Z,2026-08-19T11:35:09.134Z,1715,2026-08-19T11:35:09.134Z,VMIN,Minneapolis,8c2f72fa-f3d3-4c31-9e7b-e1d36d508d72,SAMMS-MinneapolisV6
202608191135063949,202608191104147970,202608191104147942,106,7848,Clinical Domain Bronze - SaveMNCA - VWBY,br_MNComprehensiveAssessment,TASK_COMPLETE,SUCCESS,INFO,417,417,0,,2026-08-19T11:06:34.343Z,2026-08-19T11:35:09.134Z,1715,2026-08-19T11:35:09.134Z,VWBY,Woodbury,8c2f72fa-f3d3-4c31-9e7b-e1d36d508d72,SAMMS-WoodburyV6
202608191135063950,202608191104147971,202608191104147942,106,7960,Clinical Domain Bronze - SaveMNCALOC - VBRA,br_MNComprehensiveAssessmentLevelOfCare,TASK_COMPLETE,SUCCESS,INFO,223,223,0,,2026-08-19T11:06:34.343Z,2026-08-19T11:35:09.134Z,1715,2026-08-19T11:35:09.134Z,VBRA,Brainerd,8c2f72fa-f3d3-4c31-9e7b-e1d36d508d72,SAMMS-BrainerdV6
202608191135063951,202608191104147972,202608191104147942,106,7961,Clinical Domain Bronze - SaveMNCALOC - VBRP,br_MNComprehensiveAssessmentLevelOfCare,TASK_COMPLETE,SUCCESS,INFO,253,253,0,,2026-08-19T11:06:34.343Z,2026-08-19T11:35:09.134Z,1715,2026-08-19T11:35:09.134Z,VBRP,BrooklynPark,8c2f72fa-f3d3-4c31-9e7b-e1d36d508d72,SAMMS-BrooklynParkV6
202608190529250949,202608190459200369,202608190459200344,106,7845,Clinical Domain Bronze - SaveMNCA - VBRA,br_MNComprehensiveAssessment,TASK_COMPLETE,SUCCESS,INFO,235,235,0,,2026-08-19T05:01:28.469Z,2026-08-19T05:31:20.650Z,1792,2026-08-19T05:31:20.650Z,VBRA,Brainerd,05916e11-44cf-456b-ac26-991e7ff5d7aa,SAMMS-BrainerdV6
202608190529250950,202608190459200370,202608190459200344,106,7846,Clinical Domain Bronze - SaveMNCA - VBRP,br_MNComprehensiveAssessment,TASK_COMPLETE,SUCCESS,INFO,269,269,0,,2026-08-19T05:01:28.469Z,2026-08-19T05:31:20.650Z,1792,2026-08-19T05:31:20.650Z,VBRP,BrooklynPark,05916e11-44cf-456b-ac26-991e7ff5d7aa,SAMMS-BrooklynParkV6
202608190529250951,202608190459200371,202608190459200344,106,7847,Clinical Domain Bronze - SaveMNCA - VMIN,br_MNComprehensiveAssessment,TASK_COMPLETE,SUCCESS,INFO,217,217,0,,2026-08-19T05:01:28.469Z,2026-08-19T05:31:20.650Z,1792,2026-08-19T05:31:20.650Z,VMIN,Minneapolis,05916e11-44cf-456b-ac26-991e7ff5d7aa,SAMMS-MinneapolisV6
202608190529250953,202608190459200372,202608190459200344,106,7848,Clinical Domain Bronze - SaveMNCA - VWBY,br_MNComprehensiveAssessment,TASK_COMPLETE,SUCCESS,INFO,417,417,0,,2026-08-19T05:01:28.469Z,2026-08-19T05:31:20.650Z,1792,2026-08-19T05:31:20.650Z,VWBY,Woodbury,05916e11-44cf-456b-ac26-991e7ff5d7aa,SAMMS-WoodburyV6
202608190529250954,202608190459200373,202608190459200344,106,7960,Clinical Domain Bronze - SaveMNCALOC - VBRA,br_MNComprehensiveAssessmentLevelOfCare,TASK_COMPLETE,SUCCESS,INFO,223,223,0,,2026-08-19T05:01:28.469Z,2026-08-19T05:31:20.650Z,1792,2026-08-19T05:31:20.650Z,VBRA,Brainerd,05916e11-44cf-456b-ac26-991e7ff5d7aa,SAMMS-BrainerdV6
202608190529250955,202608190459200374,202608190459200344,106,7961,Clinical Domain Bronze - SaveMNCALOC - VBRP,br_MNComprehensiveAssessmentLevelOfCare,TASK_COMPLETE,SUCCESS,INFO,253,253,0,,2026-08-19T05:01:28.469Z,2026-08-19T05:31:20.650Z,1792,2026-08-19T05:31:20.650Z,VBRP,BrooklynPark,05916e11-44cf-456b-ac26-991e7ff5d7aa,SAMMS-BrooklynParkV6
202608211218032121,202608211214691003,202608211214691000,114,8618,CDC Bronze INV,br_LiquidLog_CDC,TASK_COMPLETE,FAILED,ERROR,0,0,1,CDC pipeline failed. Check the failed parent/child activity run details.,2026-08-21T12:15:13.207Z,2026-08-21T12:20:19.862Z,306,2026-08-21T12:20:19.862Z,CBCO,Coeur dAlene,15c6503a-21fe-46db-b933-9c29c1ab1196,SAMMS-CoeurdAleneV6
202608190529250980,202608190459200396,202608190459200344,106,8306,Clinical Domain Bronze - SaveMNTreatmentServiceReview - VBRP,br_MNTreatmentServiceReview,TASK_COMPLETE,SUCCESS,INFO,399,399,0,,2026-08-19T05:01:28.469Z,2026-08-19T05:31:20.650Z,1792,2026-08-19T05:31:20.650Z,VBRP,BrooklynPark,05916e11-44cf-456b-ac26-991e7ff5d7aa,SAMMS-BrooklynParkV6
202608190529250981,202608190459200397,202608190459200344,106,8307,Clinical Domain Bronze - SaveMNTreatmentServiceReview - VMIN,br_MNTreatmentServiceReview,TASK_COMPLETE,SUCCESS,INFO,292,292,0,,2026-08-19T05:01:28.469Z,2026-08-19T05:31:20.650Z,1792,2026-08-19T05:31:20.650Z,VMIN,Minneapolis,05916e11-44cf-456b-ac26-991e7ff5d7aa,SAMMS-MinneapolisV6
202608190529250982,202608190459200398,202608190459200344,106,8308,Clinical Domain Bronze - SaveMNTreatmentServiceReview - VWBY,br_MNTreatmentServiceReview,TASK_COMPLETE,SUCCESS,INFO,877,877,0,,2026-08-19T05:01:28.469Z,2026-08-19T05:31:20.650Z,1792,2026-08-19T05:31:20.650Z,VWBY,Woodbury,05916e11-44cf-456b-ac26-991e7ff5d7aa,SAMMS-WoodburyV6
202608191135063976,202608191104147994,202608191104147942,106,8306,Clinical Domain Bronze - SaveMNTreatmentServiceReview - VBRP,br_MNTreatmentServiceReview,TASK_COMPLETE,SUCCESS,INFO,402,402,0,,2026-08-19T11:06:34.343Z,2026-08-19T11:35:09.134Z,1715,2026-08-19T11:35:09.134Z,VBRP,BrooklynPark,8c2f72fa-f3d3-4c31-9e7b-e1d36d508d72,SAMMS-BrooklynParkV6
202608191135063977,202608191104147995,202608191104147942,106,8307,Clinical Domain Bronze - SaveMNTreatmentServiceReview - VMIN,br_MNTreatmentServiceReview,TASK_COMPLETE,SUCCESS,INFO,294,294,0,,2026-08-19T11:06:34.343Z,2026-08-19T11:35:09.134Z,1715,2026-08-19T11:35:09.134Z,VMIN,Minneapolis,8c2f72fa-f3d3-4c31-9e7b-e1d36d508d72,SAMMS-MinneapolisV6
202608191135063978,202608191104147996,202608191104147942,106,8308,Clinical Domain Bronze - SaveMNTreatmentServiceReview - VWBY,br_MNTreatmentServiceReview,TASK_COMPLETE,SUCCESS,INFO,446,446,0,,2026-08-19T11:06:34.343Z,2026-08-19T11:35:09.134Z,1715,2026-08-19T11:35:09.134Z,VWBY,Woodbury,8c2f72fa-f3d3-4c31-9e7b-e1d36d508d72,SAMMS-WoodburyV6
202608190529250973,202608190459200390,202608190459200344,106,8101,Clinical Domain Bronze - SaveVACASummary - B42B,br_VAComprehensiveAssessmentSummary,TASK_COMPLETE,SUCCESS,INFO,45,45,0,,2026-08-19T05:01:28.469Z,2026-08-19T05:31:20.650Z,1792,2026-08-19T05:31:20.650Z,B42B,Franklin,05916e11-44cf-456b-ac26-991e7ff5d7aa,SAMMS-FranklinV5
202608190529250974,202608190459200391,202608190459200344,106,8102,Clinical Domain Bronze - SaveVACASummary - B42C,br_VAComprehensiveAssessmentSummary,TASK_COMPLETE,SUCCESS,INFO,370,370,0,,2026-08-19T05:01:28.469Z,2026-08-19T05:31:20.650Z,1792,2026-08-19T05:31:20.650Z,B42C,GlenAllen,05916e11-44cf-456b-ac26-991e7ff5d7aa,SAMMS-GlenAllenV5
202608190529250975,202608190459200392,202608190459200344,106,8103,Clinical Domain Bronze - SaveVACASummary - B42D,br_VAComprehensiveAssessmentSummary,TASK_COMPLETE,SUCCESS,INFO,195,195,0,,2026-08-19T05:01:28.469Z,2026-08-19T05:31:20.650Z,1792,2026-08-19T05:31:20.650Z,B42D,ChesapeakeSouth,05916e11-44cf-456b-ac26-991e7ff5d7aa,SAMMS-ChesapeakeSouthV5
202608191135063969,202608191104147988,202608191104147942,106,8101,Clinical Domain Bronze - SaveVACASummary - B42B,br_VAComprehensiveAssessmentSummary,TASK_COMPLETE,SUCCESS,INFO,45,45,0,,2026-08-19T11:06:34.343Z,2026-08-19T11:35:09.134Z,1715,2026-08-19T11:35:09.134Z,B42B,Franklin,8c2f72fa-f3d3-4c31-9e7b-e1d36d508d72,SAMMS-FranklinV5
202608191135063970,202608191104147989,202608191104147942,106,8102,Clinical Domain Bronze - SaveVACASummary - B42C,br_VAComprehensiveAssessmentSummary,TASK_COMPLETE,SUCCESS,INFO,370,370,0,,2026-08-19T11:06:34.343Z,2026-08-19T11:35:09.134Z,1715,2026-08-19T11:35:09.134Z,B42C,GlenAllen,8c2f72fa-f3d3-4c31-9e7b-e1d36d508d72,SAMMS-GlenAllenV5
202608191135063971,202608191104147990,202608191104147942,106,8103,Clinical Domain Bronze - SaveVACASummary - B42D,br_VAComprehensiveAssessmentSummary,TASK_COMPLETE,SUCCESS,INFO,195,195,0,,2026-08-19T11:06:34.343Z,2026-08-19T11:35:09.134Z,1715,2026-08-19T11:35:09.134Z,B42D,ChesapeakeSouth,8c2f72fa-f3d3-4c31-9e7b-e1d36d508d72,SAMMS-ChesapeakeSouthV5
202608191705197772,202608191654270063,202608191654269970,76,144480,PPA Bronze,br_SF_PatientPreAdmission,TASK_COMPLETE,SUCCESS,INFO,7435,7435,0,,2026-08-19T16:54:47.315Z,2026-08-19T17:10:18.523Z,931,2026-08-19T17:10:18.523Z,TTCC,GrandBay,4736cb14-987d-4509-b3d7-654790c2de16,SAMMS-GrandBay
202608191705197773,202608191654270064,202608191654269970,76,144481,PPA Bronze,br_SF_PatientPreAdmission,TASK_COMPLETE,FAILED,ERROR,0,0,1,PPA Bronze copy failed or did not write rows for this site/run.,2026-08-19T16:54:47.315Z,2026-08-19T17:10:18.523Z,931,2026-08-19T17:10:18.523Z,TU,Tucson,4736cb14-987d-4509-b3d7-654790c2de16,SAMMS-Tucson
202608270733494012,202608270733494012,20260827043602,132,13706,Missed Doses Gold,MissedDoses,TASK_FAILED,FAILED,ERROR,0,0,1,An error occurred while calling o18423.synapsesql. : com.microsoft.spark.fabric.tds.write.error.FabricSparkTDSWriteError: Three part table name is expected - `database_name.schema_name.table_name`,2026-08-27T07:33:49.401Z,2026-08-27T07:34:11.186Z,21,2026-08-27T07:34:11.186Z,,,67cdece8-9745-4c87-ab73-e4e58104b61d,
202608221320320457,202608221237331846,202608221237331665,88,4835,P1 Reference 3P Setup Bronze - FW,br_samms_3p_setup,TASK_COMPLETE,SUCCESS,INFO,3,3,0,,2026-08-22T12:37:36.805Z,2026-08-22T13:23:02.807Z,2726,2026-08-22T13:23:02.807Z,FW,FortWayne,63818914-9c2b-4ff6-ac1c-35595835ab93,SAMMS-FortWayne
202608221320320459,202608221237331847,202608221237331665,88,4836,P1 Reference 3P Setup Bronze - GAL,br_samms_3p_setup,TASK_COMPLETE,SUCCESS,INFO,3,3,0,,2026-08-22T12:37:36.805Z,2026-08-22T13:23:02.807Z,2726,2026-08-22T13:23:02.807Z,GAL,Gaylord,63818914-9c2b-4ff6-ac1c-35595835ab93,SAMMS-Gaylord
202608221320320461,202608221237331848,202608221237331665,88,4837,P1 Reference 3P Setup Bronze - HGT,br_samms_3p_setup,TASK_COMPLETE,SUCCESS,INFO,3,3,0,,2026-08-22T12:37:36.805Z,2026-08-22T13:23:02.807Z,2726,2026-08-22T13:23:02.807Z,HGT,Hagerstown,63818914-9c2b-4ff6-ac1c-35595835ab93,SAMMS-Hagerstown
202608221320320463,202608221237331849,202608221237331665,88,4838,P1 Reference 3P Setup Bronze - HNT,br_samms_3p_setup,TASK_COMPLETE,SUCCESS,INFO,3,3,0,,2026-08-22T12:37:36.805Z,2026-08-22T13:23:02.807Z,2726,2026-08-22T13:23:02.807Z,HNT,Huntsville,63818914-9c2b-4ff6-ac1c-35595835ab93,SAMMS-Huntsville
202608221320320465,202608221237331850,202608221237331665,88,4839,P1 Reference 3P Setup Bronze - HS,br_samms_3p_setup,TASK_COMPLETE,SUCCESS,INFO,2,2,0,,2026-08-22T12:37:36.805Z,2026-08-22T13:23:02.807Z,2726,2026-08-22T13:23:02.807Z,HS,HotSprings,63818914-9c2b-4ff6-ac1c-35595835ab93,SAMMS-HotSprings
202608221320320467,202608221237331851,202608221237331665,88,4840,P1 Reference 3P Setup Bronze - JON,br_samms_3p_setup,TASK_COMPLETE,SUCCESS,INFO,2,2,0,,2026-08-22T12:37:36.805Z,2026-08-22T13:23:02.807Z,2726,2026-08-22T13:23:02.807Z,JON,Jonesboro,63818914-9c2b-4ff6-ac1c-35595835ab93,SAMMS-Jonesboro
202608221320320469,202608221237331852,202608221237331665,88,8602,P1 Reference 3P Setup Bronze - LAB,br_samms_3p_setup,TASK_COMPLETE,SUCCESS,INFO,1,1,0,,2026-08-22T12:37:36.805Z,2026-08-22T13:23:02.807Z,2726,2026-08-22T13:23:02.807Z,LAB,Lab,63818914-9c2b-4ff6-ac1c-35595835ab93,SAMMS-LabV5-V2
202608221320320471,202608221237331853,202608221237331665,88,4841,P1 Reference 3P Setup Bronze - LAN,br_samms_3p_setup,TASK_COMPLETE,SUCCESS,INFO,3,3,0,,2026-08-22T12:37:36.805Z,2026-08-22T13:23:02.807Z,2726,2026-08-22T13:23:02.807Z,LAN,Lansing,63818914-9c2b-4ff6-ac1c-35595835ab93,SAMMS-Lansing
202608221320320473,202608221237331854,202608221237331665,88,4842,P1 Reference 3P Setup Bronze - LO,br_samms_3p_setup,TASK_COMPLETE,SUCCESS,INFO,3,3,0,,2026-08-22T12:37:36.805Z,2026-08-22T13:23:02.807Z,2726,2026-08-22T13:23:02.807Z,LO,Louisville,63818914-9c2b-4ff6-ac1c-35595835ab93,SAMMS-Louisville
202608221320320475,202608221237331855,202608221237331665,88,4843,P1 Reference 3P Setup Bronze - LV1,br_samms_3p_setup,TASK_COMPLETE,SUCCESS,INFO,3,3,0,,2026-08-22T12:37:36.805Z,2026-08-22T13:23:02.807Z,2726,2026-08-22T13:23:02.807Z,LV1,Cheyenne,63818914-9c2b-4ff6-ac1c-35595835ab93,SAMMS-Cheyenne
202608221320320476,202608221237331856,202608221237331665,88,4844,P1 Reference 3P Setup Bronze - LV2,br_samms_3p_setup,TASK_COMPLETE,SUCCESS,INFO,3,3,0,,2026-08-22T12:37:36.805Z,2026-08-22T13:23:02.807Z,2726,2026-08-22T13:23:02.807Z,LV2,DesertInn,63818914-9c2b-4ff6-ac1c-35595835ab93,SAMMS-DesertInn
202608221320320478,202608221237331857,202608221237331665,88,4845,P1 Reference 3P Setup Bronze - LV3,br_samms_3p_setup,TASK_COMPLETE,SUCCESS,INFO,3,3,0,,2026-08-22T12:37:36.805Z,2026-08-22T13:23:02.807Z,2726,2026-08-22T13:23:02.807Z,LV3,McDaniel,63818914-9c2b-4ff6-ac1c-35595835ab93,SAMMS-McDaniel
202608221320320480,202608221237331858,202608221237331665,88,4846,P1 Reference 3P Setup Bronze - MNRE,br_samms_3p_setup,TASK_COMPLETE,SUCCESS,INFO,3,3,0,,2026-08-22T12:37:36.805Z,2026-08-22T13:23:02.807Z,2726,2026-08-22T13:23:02.807Z,MNRE,Monroe,63818914-9c2b-4ff6-ac1c-35595835ab93,SAMMS-Monroe
202608221320320482,202608221237331859,202608221237331665,88,4847,P1 Reference 3P Setup Bronze - MP,br_samms_3p_setup,TASK_COMPLETE,SUCCESS,INFO,3,3,0,,2026-08-22T12:37:36.805Z,2026-08-22T13:23:02.807Z,2726,2026-08-22T13:23:02.807Z,MP,MtPleasant,63818914-9c2b-4ff6-ac1c-35595835ab93,SAMMS-MtPleasant
202608221320320484,202608221237331860,202608221237331665,88,4848,P1 Reference 3P Setup Bronze - MRD,br_samms_3p_setup,TASK_COMPLETE,SUCCESS,INFO,3,3,0,,2026-08-22T12:37:36.805Z,2026-08-22T13:23:02.807Z,2726,2026-08-22T13:23:02.807Z,MRD,Meridian,63818914-9c2b-4ff6-ac1c-35595835ab93,SAMMS-Meridian
202608221320320486,202608221237331861,202608221237331665,88,4849,P1 Reference 3P Setup Bronze - NC,br_samms_3p_setup,TASK_COMPLETE,SUCCESS,INFO,3,3,0,,2026-08-22T12:37:36.805Z,2026-08-22T13:23:02.807Z,2726,2026-08-22T13:23:02.807Z,NC,NorthCharleston,63818914-9c2b-4ff6-ac1c-35595835ab93,SAMMS-NorthCharleston
202608270647334699,202608270647334699,20260827043602,132,13702,Retention 14 Stat Gold,Retention14Stat,TASK_FAILED,FAILED,ERROR,325842,0,325842,An error occurred while calling o11585.saveAsTable. : com.microsoft.fabric.spark.catalog.metadata.DoesNotExistException: Artifact not found: `BHG-DATA-PLATFORM-CORE-DEV`.`bhg_gold`,2026-08-27T06:47:33.469Z,2026-08-27T06:48:04.084Z,30,2026-08-27T06:48:04.084Z,,,475c3e58-0434-45d9-b3f8-9d768448de53,
202608270646598613,202608270646598613,20260827043602,132,13701,Census First Dose Gold,CensusFirstDose,TASK_FAILED,FAILED,ERROR,4913,0,4913,An error occurred while calling o9525.saveAsTable. : com.microsoft.fabric.spark.catalog.metadata.DoesNotExistException: Artifact not found: `BHG-DATA-PLATFORM-CORE-DEV`.`bhg_gold`,2026-08-27T06:46:59.861Z,2026-08-27T06:47:21.865Z,22,2026-08-27T06:47:21.865Z,,,475c3e58-0434-45d9-b3f8-9d768448de53,
202608270646238127,202608270646238127,20260827043602,132,13700,Readmission Table Gold,vwReadmissions,TASK_FAILED,FAILED,ERROR,309274,0,309274,An error occurred while calling o8632.saveAsTable. : com.microsoft.fabric.spark.catalog.metadata.DoesNotExistException: Artifact not found: `BHG-DATA-PLATFORM-CORE-DEV`.`bhg_gold`,2026-08-27T06:46:23.812Z,2026-08-27T06:46:47.546Z,23,2026-08-27T06:46:47.546Z,,,475c3e58-0434-45d9-b3f8-9d768448de53,
202608221320322292,202608221237332072,202608221237331665,88,5065,P1 Reference Services Bronze - DRD-SF,br_samms_services,TASK_COMPLETE,SUCCESS,INFO,251,251,0,,2026-08-22T12:37:36.805Z,2026-08-22T13:23:02.807Z,2726,2026-08-22T13:23:02.807Z,DRD-SF,SF,63818914-9c2b-4ff6-ac1c-35595835ab93,SAMMS-SFv5
202608221320322294,202608221237332073,202608221237331665,88,5066,P1 Reference Services Bronze - ELC,br_samms_services,TASK_COMPLETE,SUCCESS,INFO,238,238,0,,2026-08-22T12:37:36.805Z,2026-08-22T13:23:02.807Z,2726,2026-08-22T13:23:02.807Z,ELC,ElizabethCity,63818914-9c2b-4ff6-ac1c-35595835ab93,SAMMS-ElizabethCity
202608221320322295,202608221237332074,202608221237331665,88,5067,P1 Reference Services Bronze - ET,br_samms_services,TASK_COMPLETE,SUCCESS,INFO,244,244,0,,2026-08-22T12:37:36.805Z,2026-08-22T13:23:02.807Z,2726,2026-08-22T13:23:02.807Z,ET,Elizabethtown,63818914-9c2b-4ff6-ac1c-35595835ab93,SAMMS-Elizabethtown
202608221320322297,202608221237332075,202608221237331665,88,5068,P1 Reference Services Bronze - FAY,br_samms_services,TASK_COMPLETE,SUCCESS,INFO,237,237,0,,2026-08-22T12:37:36.805Z,2026-08-22T13:23:02.807Z,2726,2026-08-22T13:23:02.807Z,FAY,Fayetteville,63818914-9c2b-4ff6-ac1c-35595835ab93,SAMMS-Fayetteville
202608221320322299,202608221237332076,202608221237331665,88,5069,P1 Reference Services Bronze - FR,br_samms_services,TASK_COMPLETE,SUCCESS,INFO,244,244,0,,2026-08-22T12:37:36.805Z,2026-08-22T13:23:02.807Z,2726,2026-08-22T13:23:02.807Z,FR,Frankfort,63818914-9c2b-4ff6-ac1c-35595835ab93,SAMMS-Frankfort
202608221320322301,202608221237332077,202608221237331665,88,5070,P1 Reference Services Bronze - FS,br_samms_services,TASK_COMPLETE,SUCCESS,INFO,237,237,0,,2026-08-22T12:37:36.805Z,2026-08-22T13:23:02.807Z,2726,2026-08-22T13:23:02.807Z,FS,FortSmith,63818914-9c2b-4ff6-ac1c-35595835ab93,SAMMS-FortSmith
202608221320322303,202608221237332078,202608221237331665,88,5071,P1 Reference Services Bronze - FW,br_samms_services,TASK_COMPLETE,SUCCESS,INFO,237,237,0,,2026-08-22T12:37:36.805Z,2026-08-22T13:23:02.807Z,2726,2026-08-22T13:23:02.807Z,FW,FortWayne,63818914-9c2b-4ff6-ac1c-35595835ab93,SAMMS-FortWayne
202608221320322304,202608221237332079,202608221237331665,88,5072,P1 Reference Services Bronze - GAL,br_samms_services,TASK_COMPLETE,SUCCESS,INFO,239,239,0,,2026-08-22T12:37:36.805Z,2026-08-22T13:23:02.807Z,2726,2026-08-22T13:23:02.807Z,GAL,Gaylord,63818914-9c2b-4ff6-ac1c-35595835ab93,SAMMS-Gaylord
202608221320322306,202608221237332080,202608221237331665,88,5073,P1 Reference Services Bronze - HGT,br_samms_services,TASK_COMPLETE,SUCCESS,INFO,239,239,0,,2026-08-22T12:37:36.805Z,2026-08-22T13:23:02.807Z,2726,2026-08-22T13:23:02.807Z,HGT,Hagerstown,63818914-9c2b-4ff6-ac1c-35595835ab93,SAMMS-Hagerstown
202608221320322308,202608221237332081,202608221237331665,88,5074,P1 Reference Services Bronze - HNT,br_samms_services,TASK_COMPLETE,SUCCESS,INFO,239,239,0,,2026-08-22T12:37:36.805Z,2026-08-22T13:23:02.807Z,2726,2026-08-22T13:23:02.807Z,HNT,Huntsville,63818914-9c2b-4ff6-ac1c-35595835ab93,SAMMS-Huntsville
202608221320322310,202608221237332082,202608221237331665,88,5075,P1 Reference Services Bronze - HS,br_samms_services,TASK_COMPLETE,SUCCESS,INFO,237,237,0,,2026-08-22T12:37:36.805Z,2026-08-22T13:23:02.807Z,2726,2026-08-22T13:23:02.807Z,HS,HotSprings,63818914-9c2b-4ff6-ac1c-35595835ab93,SAMMS-HotSprings
202608221320322312,202608221237332083,202608221237331665,88,5076,P1 Reference Services Bronze - JON,br_samms_services,TASK_COMPLETE,SUCCESS,INFO,237,237,0,,2026-08-22T12:37:36.805Z,2026-08-22T13:23:02.807Z,2726,2026-08-22T13:23:02.807Z,JON,Jonesboro,63818914-9c2b-4ff6-ac1c-35595835ab93,SAMMS-Jonesboro
202608221320322314,202608221237332084,202608221237331665,88,8604,P1 Reference Services Bronze - LAB,br_samms_services,TASK_COMPLETE,SUCCESS,INFO,84,84,0,,2026-08-22T12:37:36.805Z,2026-08-22T13:23:02.807Z,2726,2026-08-22T13:23:02.807Z,LAB,Lab,63818914-9c2b-4ff6-ac1c-35595835ab93,SAMMS-LabV5-V2
202608221320322316,202608221237332085,202608221237331665,88,5077,P1 Reference Services Bronze - LAN,br_samms_services,TASK_COMPLETE,SUCCESS,INFO,239,239,0,,2026-08-22T12:37:36.805Z,2026-08-22T13:23:02.807Z,2726,2026-08-22T13:23:02.807Z,LAN,Lansing,63818914-9c2b-4ff6-ac1c-35595835ab93,SAMMS-Lansing
202608221320322318,202608221237332086,202608221237331665,88,5078,P1 Reference Services Bronze - LO,br_samms_services,TASK_COMPLETE,SUCCESS,INFO,245,245,0,,2026-08-22T12:37:36.805Z,2026-08-22T13:23:02.807Z,2726,2026-08-22T13:23:02.807Z,LO,Louisville,63818914-9c2b-4ff6-ac1c-35595835ab93,SAMMS-Louisville
202608221320322320,202608221237332087,202608221237331665,88,5079,P1 Reference Services Bronze - LV1,br_samms_services,TASK_COMPLETE,SUCCESS,INFO,242,242,0,,2026-08-22T12:37:36.805Z,2026-08-22T13:23:02.807Z,2726,2026-08-22T13:23:02.807Z,LV1,Cheyenne,63818914-9c2b-4ff6-ac1c-35595835ab93,SAMMS-Cheyenne
202608221157363158,202608221137370315,202608221137370305,44,8643,SAMMSGLOBAL Silver,sl_SAMMSGlobal_Devices,TASK_COMPLETE,FAILED,ERROR,0,0,1,[SL Table Failure] Silver execution failed for SaveGlobalDevices (Activity: nb_brz_to_slv): SAMMS Global pipeline failed.,2026-08-22T11:37:32.306Z,2026-08-22T12:00:00.866Z,1348,2026-08-22T12:00:00.866Z,Global,Global,17fb4855-5e12-4261-b216-b3f67dc16eb3,SAMMSGLOBAL
202608221154484622,202608221137370311,202608221137370305,44,185,SAMMSGLOBAL Silver,sl_FormsSAMMSClient,TASK_COMPLETE,FAILED,ERROR,0,0,1,[SL Table Failure] Silver execution failed for SaveFormsSAMMSClient (Activity: nb_brz_to_slv): SAMMS Global pipeline failed.,2026-08-22T11:37:32.306Z,2026-08-22T12:00:00.866Z,1348,2026-08-22T12:00:00.866Z,Global,Global,17fb4855-5e12-4261-b216-b3f67dc16eb3,SAMMSGLOBAL
202608221113177114,202608221042113073,202608221042112981,85,794,Bronze INV,br_AdmissionAssessmentDimensionOneDisorder,TASK_COMPLETE,FAILED,ERROR,0,0,1,SaveAdmissionAssessmentDimensionOneDisorder Bronze ForEach failed,2026-08-22T10:42:14.039Z,2026-08-22T11:16:52.295Z,2078,2026-08-22T11:16:52.295Z,B34,Corbin,28d7acf5-bc26-4be3-b390-775b9af3d980,SAMMS-CorbinV5
202608221113177115,202608221042113074,202608221042112981,85,795,Bronze INV,br_AdmissionAssessmentDimensionOneDisorder,TASK_COMPLETE,FAILED,ERROR,0,0,1,SaveAdmissionAssessmentDimensionOneDisorder Bronze ForEach failed,2026-08-22T10:42:14.039Z,2026-08-22T11:16:52.295Z,2078,2026-08-22T11:16:52.295Z,B35,Lexington,28d7acf5-bc26-4be3-b390-775b9af3d980,SAMMS-LexingtonV5
202608221113177234,202608221042113075,202608221042112981,85,809,Bronze INV,br_AdmissionAssessmentDimensionOneDisorder,TASK_COMPLETE,FAILED,ERROR,0,0,1,SaveAdmissionAssessmentDimensionOneDisorder Bronze ForEach failed,2026-08-22T10:42:14.039Z,2026-08-22T11:16:52.295Z,2078,2026-08-22T11:16:52.295Z,B46,Washington DC,28d7acf5-bc26-4be3-b390-775b9af3d980,SAMMS-WashingtonDCv5
202608221113177235,202608221042113076,202608221042112981,85,810,Bronze INV,br_AdmissionAssessmentDimensionOneDisorder,TASK_COMPLETE,FAILED,ERROR,0,0,1,SaveAdmissionAssessmentDimensionOneDisorder Bronze ForEach failed,2026-08-22T10:42:14.039Z,2026-08-22T11:16:52.295Z,2078,2026-08-22T11:16:52.295Z,B47,Mobile,28d7acf5-bc26-4be3-b390-775b9af3d980,SAMMS-MobileV5
202608221113177237,202608221042113077,202608221042112981,85,879,Bronze INV,br_AdmissionAssessmentDimensionOneDisorder,TASK_COMPLETE,FAILED,ERROR,0,0,1,SaveAdmissionAssessmentDimensionOneDisorder Bronze ForEach failed,2026-08-22T10:42:14.039Z,2026-08-22T11:16:52.295Z,2078,2026-08-22T11:16:52.295Z,DRD-NOLA,NOLA,28d7acf5-bc26-4be3-b390-775b9af3d980,SAMMS-NOLAv5
202608221113177238,202608221042113078,202608221042112981,85,887,Bronze INV,br_AdmissionAssessmentDimensionOneDisorder,TASK_COMPLETE,FAILED,ERROR,0,0,1,SaveAdmissionAssessmentDimensionOneDisorder Bronze ForEach failed,2026-08-22T10:42:14.039Z,2026-08-22T11:16:52.295Z,2078,2026-08-22T11:16:52.295Z,FW,Fort Wayne,28d7acf5-bc26-4be3-b390-775b9af3d980,SAMMS-FortWayne
202608221320322240,202608221237332040,202608221237331665,88,5033,P1 Reference Services Bronze - B46,br_samms_services,TASK_COMPLETE,SUCCESS,INFO,237,237,0,,2026-08-22T12:37:36.805Z,2026-08-22T13:23:02.807Z,2726,2026-08-22T13:23:02.807Z,B46,WashingtonDC,63818914-9c2b-4ff6-ac1c-35595835ab93,SAMMS-WashingtonDCv5
202608221320322241,202608221237332041,202608221237331665,88,5034,P1 Reference Services Bronze - B47,br_samms_services,TASK_COMPLETE,SUCCESS,INFO,239,239,0,,2026-08-22T12:37:36.805Z,2026-08-22T13:23:02.807Z,2726,2026-08-22T13:23:02.807Z,B47,Mobile,63818914-9c2b-4ff6-ac1c-35595835ab93,SAMMS-MobileV5
202608221320322243,202608221237332042,202608221237331665,88,5035,P1 Reference Services Bronze - B48,br_samms_services,TASK_COMPLETE,SUCCESS,INFO,239,239,0,,2026-08-22T12:37:36.805Z,2026-08-22T13:23:02.807Z,2726,2026-08-22T13:23:02.807Z,B48,Tuscaloosa,63818914-9c2b-4ff6-ac1c-35595835ab93,SAMMS-TuscaloosaV5
202608221320322244,202608221237332043,202608221237331665,88,5036,P1 Reference Services Bronze - B51,br_samms_services,TASK_COMPLETE,SUCCESS,INFO,239,239,0,,2026-08-22T12:37:36.805Z,2026-08-22T13:23:02.807Z,2726,2026-08-22T13:23:02.807Z,B51,NorthLittleRock,63818914-9c2b-4ff6-ac1c-35595835ab93,SAMMS-NorthLittleRockV6
202608221320322246,202608221237332044,202608221237331665,88,5037,P1 Reference Services Bronze - B52,br_samms_services,TASK_COMPLETE,SUCCESS,INFO,248,248,0,,2026-08-22T12:37:36.805Z,2026-08-22T13:23:02.807Z,2726,2026-08-22T13:23:02.807Z,B52,JacksonGA,63818914-9c2b-4ff6-ac1c-35595835ab93,SAMMS-JacksonGAV5
202608221320322247,202608221237332045,202608221237331665,88,5038,P1 Reference Services Bronze - B54,br_samms_services,TASK_COMPLETE,SUCCESS,INFO,239,239,0,,2026-08-22T12:37:36.805Z,2026-08-22T13:23:02.807Z,2726,2026-08-22T13:23:02.807Z,B54,Gadsden,63818914-9c2b-4ff6-ac1c-35595835ab93,SAMMS-GadsdenV5
202608221320322249,202608221237332046,202608221237331665,88,5039,P1 Reference Services Bronze - B55,br_samms_services,TASK_COMPLETE,SUCCESS,INFO,239,239,0,,2026-08-22T12:37:36.805Z,2026-08-22T13:23:02.807Z,2726,2026-08-22T13:23:02.807Z,B55,Shoals,63818914-9c2b-4ff6-ac1c-35595835ab93,SAMMS-ShoalsV5
202608221320322250,202608221237332047,202608221237331665,88,5040,P1 Reference Services Bronze - B57,br_samms_services,TASK_COMPLETE,SUCCESS,INFO,239,239,0,,2026-08-22T12:37:36.805Z,2026-08-22T13:23:02.807Z,2726,2026-08-22T13:23:02.807Z,B57,Pawtucket,63818914-9c2b-4ff6-ac1c-35595835ab93,SAMMS-Pawtucket
202608221320322252,202608221237332048,202608221237331665,88,5041,P1 Reference Services Bronze - B57A,br_samms_services,TASK_COMPLETE,SUCCESS,INFO,239,239,0,,2026-08-22T12:37:36.805Z,2026-08-22T13:23:02.807Z,2726,2026-08-22T13:23:02.807Z,B57A,Johnston,63818914-9c2b-4ff6-ac1c-35595835ab93,SAMMS-Johnston
202608221320322253,202608221237332049,202608221237331665,88,5042,P1 Reference Services Bronze - B57B,br_samms_services,TASK_COMPLETE,SUCCESS,INFO,239,239,0,,2026-08-22T12:37:36.805Z,2026-08-22T13:23:02.807Z,2726,2026-08-22T13:23:02.807Z,B57B,Middletown,63818914-9c2b-4ff6-ac1c-35595835ab93,SAMMS-Middletown
202608221320322255,202608221237332050,202608221237331665,88,5043,P1 Reference Services Bronze - B57C,br_samms_services,TASK_COMPLETE,SUCCESS,INFO,239,239,0,,2026-08-22T12:37:36.805Z,2026-08-22T13:23:02.807Z,2726,2026-08-22T13:23:02.807Z,B57C,Providence,63818914-9c2b-4ff6-ac1c-35595835ab93,SAMMS-Providence
202608221320322256,202608221237332051,202608221237331665,88,5044,P1 Reference Services Bronze - B57D,br_samms_services,TASK_COMPLETE,SUCCESS,INFO,239,239,0,,2026-08-22T12:37:36.805Z,2026-08-22T13:23:02.807Z,2726,2026-08-22T13:23:02.807Z,B57D,Westerly,63818914-9c2b-4ff6-ac1c-35595835ab93,SAMMS-Westerly
202608221320322258,202608221237332052,202608221237331665,88,5045,P1 Reference Services Bronze - B66A,br_samms_services,TASK_COMPLETE,SUCCESS,INFO,246,246,0,,2026-08-22T12:37:36.805Z,2026-08-22T13:23:02.807Z,2726,2026-08-22T13:23:02.807Z,B66A,Bremen,63818914-9c2b-4ff6-ac1c-35595835ab93,SAMMS-Bremen
202608221320322260,202608221237332053,202608221237331665,88,5046,P1 Reference Services Bronze - B72,br_samms_services,TASK_COMPLETE,SUCCESS,INFO,237,237,0,,2026-08-22T12:37:36.805Z,2026-08-22T13:23:02.807Z,2726,2026-08-22T13:23:02.807Z,B72,Mobile-OBOT,63818914-9c2b-4ff6-ac1c-35595835ab93,SAMMS-Mobile-OBOT
202608221320322261,202608221237332054,202608221237331665,88,5047,P1 Reference Services Bronze - B73,br_samms_services,TASK_COMPLETE,SUCCESS,INFO,237,237,0,,2026-08-22T12:37:36.805Z,2026-08-22T13:23:02.807Z,2726,2026-08-22T13:23:02.807Z,B73,Montgomery,63818914-9c2b-4ff6-ac1c-35595835ab93,SAMMS-Montgomery
202608221320322263,202608221237332055,202608221237331665,88,5048,P1 Reference Services Bronze - B75,br_samms_services,TASK_COMPLETE,SUCCESS,INFO,246,246,0,,2026-08-22T12:37:36.805Z,2026-08-22T13:23:02.807Z,2726,2026-08-22T13:23:02.807Z,B75,Lawrence,63818914-9c2b-4ff6-ac1c-35595835ab93,SAMMS-LawrenceV6
202608221320320405,202608221237331814,202608221237331665,88,4803,P1 Reference 3P Setup Bronze - B55,br_samms_3p_setup,TASK_COMPLETE,SUCCESS,INFO,3,3,0,,2026-08-22T12:37:36.805Z,2026-08-22T13:23:02.807Z,2726,2026-08-22T13:23:02.807Z,B55,Shoals,63818914-9c2b-4ff6-ac1c-35595835ab93,SAMMS-ShoalsV5
202608221320320406,202608221237331815,202608221237331665,88,4804,P1 Reference 3P Setup Bronze - B57,br_samms_3p_setup,TASK_COMPLETE,SUCCESS,INFO,4,4,0,,2026-08-22T12:37:36.805Z,2026-08-22T13:23:02.807Z,2726,2026-08-22T13:23:02.807Z,B57,Pawtucket,63818914-9c2b-4ff6-ac1c-35595835ab93,SAMMS-Pawtucket
202608221320320408,202608221237331816,202608221237331665,88,4805,P1 Reference 3P Setup Bronze - B57A,br_samms_3p_setup,TASK_COMPLETE,SUCCESS,INFO,4,4,0,,2026-08-22T12:37:36.805Z,2026-08-22T13:23:02.807Z,2726,2026-08-22T13:23:02.807Z,B57A,Johnston,63818914-9c2b-4ff6-ac1c-35595835ab93,SAMMS-Johnston
202608221320320409,202608221237331817,202608221237331665,88,4806,P1 Reference 3P Setup Bronze - B57B,br_samms_3p_setup,TASK_COMPLETE,SUCCESS,INFO,4,4,0,,2026-08-22T12:37:36.805Z,2026-08-22T13:23:02.807Z,2726,2026-08-22T13:23:02.807Z,B57B,Middletown,63818914-9c2b-4ff6-ac1c-35595835ab93,SAMMS-Middletown
202608221320320411,202608221237331818,202608221237331665,88,4807,P1 Reference 3P Setup Bronze - B57C,br_samms_3p_setup,TASK_COMPLETE,SUCCESS,INFO,4,4,0,,2026-08-22T12:37:36.805Z,2026-08-22T13:23:02.807Z,2726,2026-08-22T13:23:02.807Z,B57C,Providence,63818914-9c2b-4ff6-ac1c-35595835ab93,SAMMS-Providence
202608221320320412,202608221237331819,202608221237331665,88,4808,P1 Reference 3P Setup Bronze - B57D,br_samms_3p_setup,TASK_COMPLETE,SUCCESS,INFO,4,4,0,,2026-08-22T12:37:36.805Z,2026-08-22T13:23:02.807Z,2726,2026-08-22T13:23:02.807Z,B57D,Westerly,63818914-9c2b-4ff6-ac1c-35595835ab93,SAMMS-Westerly
202608221320320414,202608221237331820,202608221237331665,88,4809,P1 Reference 3P Setup Bronze - B66A,br_samms_3p_setup,TASK_COMPLETE,SUCCESS,INFO,2,2,0,,2026-08-22T12:37:36.805Z,2026-08-22T13:23:02.807Z,2726,2026-08-22T13:23:02.807Z,B66A,Bremen,63818914-9c2b-4ff6-ac1c-35595835ab93,SAMMS-Bremen
202608221320320415,202608221237331821,202608221237331665,88,4810,P1 Reference 3P Setup Bronze - B72,br_samms_3p_setup,TASK_COMPLETE,SUCCESS,INFO,2,2,0,,2026-08-22T12:37:36.805Z,2026-08-22T13:23:02.807Z,2726,2026-08-22T13:23:02.807Z,B72,Mobile-OBOT,63818914-9c2b-4ff6-ac1c-35595835ab93,SAMMS-Mobile-OBOT
202608221320320417,202608221237331822,202608221237331665,88,4811,P1 Reference 3P Setup Bronze - B73,br_samms_3p_setup,TASK_COMPLETE,SUCCESS,INFO,2,2,0,,2026-08-22T12:37:36.805Z,2026-08-22T13:23:02.807Z,2726,2026-08-22T13:23:02.807Z,B73,Montgomery,63818914-9c2b-4ff6-ac1c-35595835ab93,SAMMS-Montgomery
202608221320320418,202608221237331823,202608221237331665,88,4812,P1 Reference 3P Setup Bronze - B75,br_samms_3p_setup,TASK_COMPLETE,SUCCESS,INFO,3,3,0,,2026-08-22T12:37:36.805Z,2026-08-22T13:23:02.807Z,2726,2026-08-22T13:23:02.807Z,B75,Lawrence,63818914-9c2b-4ff6-ac1c-35595835ab93,SAMMS-LawrenceV6
202608221320320420,202608221237331824,202608221237331665,88,4813,P1 Reference 3P Setup Bronze - B76,br_samms_3p_setup,TASK_COMPLETE,SUCCESS,INFO,2,2,0,,2026-08-22T12:37:36.805Z,2026-08-22T13:23:02.807Z,2726,2026-08-22T13:23:02.807Z,B76,Huntsville-OBOT,63818914-9c2b-4ff6-ac1c-35595835ab93,SAMMS-Huntsville-OBOT
202608221320320421,202608221237331825,202608221237331665,88,4814,P1 Reference 3P Setup Bronze - BAT,br_samms_3p_setup,TASK_COMPLETE,SUCCESS,INFO,2,2,0,,2026-08-22T12:37:36.805Z,2026-08-22T13:23:02.807Z,2726,2026-08-22T13:23:02.807Z,BAT,Batesville,63818914-9c2b-4ff6-ac1c-35595835ab93,SAMMS-Batesville
202608221320320423,202608221237331826,202608221237331665,88,4815,P1 Reference 3P Setup Bronze - BG,br_samms_3p_setup,TASK_COMPLETE,SUCCESS,INFO,3,3,0,,2026-08-22T12:37:36.805Z,2026-08-22T13:23:02.807Z,2726,2026-08-22T13:23:02.807Z,BG,BowlingGreen,63818914-9c2b-4ff6-ac1c-35595835ab93,SAMMS-BowlingGreen
202608221320320425,202608221237331827,202608221237331665,88,4816,P1 Reference 3P Setup Bronze - BOI,br_samms_3p_setup,TASK_COMPLETE,SUCCESS,INFO,3,3,0,,2026-08-22T12:37:36.805Z,2026-08-22T13:23:02.807Z,2726,2026-08-22T13:23:02.807Z,BOI,Boise,63818914-9c2b-4ff6-ac1c-35595835ab93,SAMMS-Boise
202608221320320426,202608221237331828,202608221237331665,88,4817,P1 Reference 3P Setup Bronze - CBCO,br_samms_3p_setup,TASK_COMPLETE,SUCCESS,INFO,3,3,0,,2026-08-22T12:37:36.805Z,2026-08-22T13:23:02.807Z,2726,2026-08-22T13:23:02.807Z,CBCO,CoeurdAlene,63818914-9c2b-4ff6-ac1c-35595835ab93,SAMMS-CoeurdAleneV6
202608221320320428,202608221237331829,202608221237331665,88,4818,P1 Reference 3P Setup Bronze - CON,br_samms_3p_setup,TASK_COMPLETE,SUCCESS,INFO,2,2,0,,2026-08-22T12:37:36.805Z,2026-08-22T13:23:02.807Z,2726,2026-08-22T13:23:02.807Z,CON,Conway,63818914-9c2b-4ff6-ac1c-35595835ab93,SAMMS-Conway
202608221320320361,202608221237331782,202608221237331665,88,4771,P1 Reference 3P Setup Bronze - AHK,br_samms_3p_setup,TASK_COMPLETE,SUCCESS,INFO,3,3,0,,2026-08-22T12:37:36.805Z,2026-08-22T13:23:02.807Z,2726,2026-08-22T13:23:02.807Z,AHK,Ahoskie,63818914-9c2b-4ff6-ac1c-35595835ab93,SAMMS-Ahoskie
202608221320320362,202608221237331783,202608221237331665,88,4772,P1 Reference 3P Setup Bronze - B12B,br_samms_3p_setup,TASK_COMPLETE,SUCCESS,INFO,3,3,0,,2026-08-22T12:37:36.805Z,2026-08-22T13:23:02.807Z,2726,2026-08-22T13:23:02.807Z,B12B,ColoradoSprings,63818914-9c2b-4ff6-ac1c-35595835ab93,SAMMS-ColoradoSpringsV5
202608221320320364,202608221237331784,202608221237331665,88,4773,P1 Reference 3P Setup Bronze - B24,br_samms_3p_setup,TASK_COMPLETE,SUCCESS,INFO,3,3,0,,2026-08-22T12:37:36.805Z,2026-08-22T13:23:02.807Z,2726,2026-08-22T13:23:02.807Z,B24,Paintsville,63818914-9c2b-4ff6-ac1c-35595835ab93,SAMMS-PaintsvilleV5
202608221320320365,202608221237331785,202608221237331665,88,4774,P1 Reference 3P Setup Bronze - B25,br_samms_3p_setup,TASK_COMPLETE,SUCCESS,INFO,4,4,0,,2026-08-22T12:37:36.805Z,2026-08-22T13:23:02.807Z,2726,2026-08-22T13:23:02.807Z,B25,Pikeville,63818914-9c2b-4ff6-ac1c-35595835ab93,SAMMS-PikevilleV5
202608221320320366,202608221237331786,202608221237331665,88,4775,P1 Reference 3P Setup Bronze - B26,br_samms_3p_setup,TASK_COMPLETE,SUCCESS,INFO,3,3,0,,2026-08-22T12:37:36.805Z,2026-08-22T13:23:02.807Z,2726,2026-08-22T13:23:02.807Z,B26,Hazard,63818914-9c2b-4ff6-ac1c-35595835ab93,SAMMS-HazardV5
202608221320320368,202608221237331787,202608221237331665,88,4776,P1 Reference 3P Setup Bronze - B27,br_samms_3p_setup,TASK_COMPLETE,SUCCESS,INFO,3,3,0,,2026-08-22T12:37:36.805Z,2026-08-22T13:23:02.807Z,2726,2026-08-22T13:23:02.807Z,B27,Savannah,63818914-9c2b-4ff6-ac1c-35595835ab93,SAMMS-SavannahV6
202608221320320369,202608221237331788,202608221237331665,88,4777,P1 Reference 3P Setup Bronze - B28,br_samms_3p_setup,TASK_COMPLETE,SUCCESS,INFO,3,3,0,,2026-08-22T12:37:36.805Z,2026-08-22T13:23:02.807Z,2726,2026-08-22T13:23:02.807Z,B28,WestPlaines,63818914-9c2b-4ff6-ac1c-35595835ab93,SAMMS-WestPlainesV5
202608221320320370,202608221237331789,202608221237331665,88,4778,P1 Reference 3P Setup Bronze - B29,br_samms_3p_setup,TASK_COMPLETE,SUCCESS,INFO,3,3,0,,2026-08-22T12:37:36.805Z,2026-08-22T13:23:02.807Z,2726,2026-08-22T13:23:02.807Z,B29,PoplarBluff,63818914-9c2b-4ff6-ac1c-35595835ab93,SAMMS-PoplarBluffV5
202608221320320372,202608221237331790,202608221237331665,88,4779,P1 Reference 3P Setup Bronze - B30,br_samms_3p_setup,TASK_COMPLETE,SUCCESS,INFO,3,3,0,,2026-08-22T12:37:36.805Z,2026-08-22T13:23:02.807Z,2726,2026-08-22T13:23:02.807Z,B30,KCN,63818914-9c2b-4ff6-ac1c-35595835ab93,SAMMS-KCNv5
202608221320320373,202608221237331791,202608221237331665,88,4780,P1 Reference 3P Setup Bronze - B31,br_samms_3p_setup,TASK_COMPLETE,SUCCESS,INFO,3,3,0,,2026-08-22T12:37:36.805Z,2026-08-22T13:23:02.807Z,2726,2026-08-22T13:23:02.807Z,B31,Dyersburg,63818914-9c2b-4ff6-ac1c-35595835ab93,SAMMS-DyersburgV5
202608221320320374,202608221237331792,202608221237331665,88,4781,P1 Reference 3P Setup Bronze - B33,br_samms_3p_setup,TASK_COMPLETE,SUCCESS,INFO,3,3,0,,2026-08-22T12:37:36.805Z,2026-08-22T13:23:02.807Z,2726,2026-08-22T13:23:02.807Z,B33,Paducah,63818914-9c2b-4ff6-ac1c-35595835ab93,SAMMS-Paducah
202608221320320375,202608221237331793,202608221237331665,88,4782,P1 Reference 3P Setup Bronze - B34,br_samms_3p_setup,TASK_COMPLETE,SUCCESS,INFO,3,3,0,,2026-08-22T12:37:36.805Z,2026-08-22T13:23:02.807Z,2726,2026-08-22T13:23:02.807Z,B34,Corbin,63818914-9c2b-4ff6-ac1c-35595835ab93,SAMMS-CorbinV5
202608221320320377,202608221237331794,202608221237331665,88,4783,P1 Reference 3P Setup Bronze - B35,br_samms_3p_setup,TASK_COMPLETE,SUCCESS,INFO,3,3,0,,2026-08-22T12:37:36.805Z,2026-08-22T13:23:02.807Z,2726,2026-08-22T13:23:02.807Z,B35,Lexington,63818914-9c2b-4ff6-ac1c-35595835ab93,SAMMS-LexingtonV5
202608221320320378,202608221237331795,202608221237331665,88,4784,P1 Reference 3P Setup Bronze - B35A,br_samms_3p_setup,TASK_COMPLETE,SUCCESS,INFO,3,3,0,,2026-08-22T12:37:36.805Z,2026-08-22T13:23:02.807Z,2726,2026-08-22T13:23:02.807Z,B35A,Berea,63818914-9c2b-4ff6-ac1c-35595835ab93,SAMMS-BereaV5
202608221320320379,202608221237331796,202608221237331665,88,4785,P1 Reference 3P Setup Bronze - B36,br_samms_3p_setup,TASK_COMPLETE,SUCCESS,INFO,3,3,0,,2026-08-22T12:37:36.805Z,2026-08-22T13:23:02.807Z,2726,2026-08-22T13:23:02.807Z,B36,Asheville,63818914-9c2b-4ff6-ac1c-35595835ab93,SAMMS-AshevilleV5
202608221320320381,202608221237331797,202608221237331665,88,4786,P1 Reference 3P Setup Bronze - B37,br_samms_3p_setup,TASK_COMPLETE,SUCCESS,INFO,3,3,0,,2026-08-22T12:37:36.805Z,2026-08-22T13:23:02.807Z,2726,2026-08-22T13:23:02.807Z,B37,Clyde,63818914-9c2b-4ff6-ac1c-35595835ab93,SAMMS-ClydeV5
202608221159084010,202608221137370317,202608221137370305,44,5739,SAMMSGLOBAL Silver,sl_UserCredentials,TASK_COMPLETE,FAILED,ERROR,981,0,1,[SL Table Failure] Silver execution failed for SaveUserCredentials (Activity: nb_brz_to_slv): SAMMS Global pipeline failed.,2026-08-22T11:37:32.306Z,2026-08-22T12:00:00.866Z,1348,2026-08-22T12:00:00.866Z,Global,Global,17fb4855-5e12-4261-b216-b3f67dc16eb3,SAMMSGLOBAL
202608270737443330,202608270737443330,20260827043602,132,13710,BAM QI BAM Gold,QiBAM,TASK_FAILED,FAILED,ERROR,172870,0,172870,An error occurred while calling o23192.synapsesql. : com.microsoft.spark.fabric.tds.write.error.FabricSparkTDSWriteError: Three part table name is expected - `database_name.schema_name.table_name`,2026-08-27T07:37:44.333Z,2026-08-27T07:38:07.553Z,23,2026-08-27T07:38:07.553Z,,,67cdece8-9745-4c87-ab73-e4e58104b61d,
202608270738214937,202608270738214937,20260827043602,132,13711,BAM QI UA Gold,QiUA,TASK_FAILED,FAILED,ERROR,278831,0,278831,An error occurred while calling o26191.synapsesql. : com.microsoft.spark.fabric.tds.write.error.FabricSparkTDSWriteError: Three part table name is expected - `database_name.schema_name.table_name`,2026-08-27T07:38:21.493Z,2026-08-27T07:41:09.061Z,167,2026-08-27T07:41:09.061Z,,,67cdece8-9745-4c87-ab73-e4e58104b61d,
202608221157139489,202608221137370314,202608221137370305,44,181,SAMMSGLOBAL Silver,sl_GlobalDevices,TASK_COMPLETE,FAILED,ERROR,4032,0,1,[SL Table Failure] Silver execution failed for SaveGlobalDevices (Activity: nb_brz_to_slv): SAMMS Global pipeline failed.,2026-08-22T11:37:32.306Z,2026-08-22T12:00:00.866Z,1348,2026-08-22T12:00:00.866Z,Global,Global,17fb4855-5e12-4261-b216-b3f67dc16eb3,SAMMSGLOBAL
202608191135063952,202608191104147973,202608191104147942,106,7962,Clinical Domain Bronze - SaveMNCALOC - VMIN,br_MNComprehensiveAssessmentLevelOfCare,TASK_COMPLETE,SUCCESS,INFO,201,201,0,,2026-08-19T11:06:34.343Z,2026-08-19T11:35:09.134Z,1715,2026-08-19T11:35:09.134Z,VMIN,Minneapolis,8c2f72fa-f3d3-4c31-9e7b-e1d36d508d72,SAMMS-MinneapolisV6
202608191135063953,202608191104147974,202608191104147942,106,7963,Clinical Domain Bronze - SaveMNCALOC - VWBY,br_MNComprehensiveAssessmentLevelOfCare,TASK_COMPLETE,SUCCESS,INFO,386,386,0,,2026-08-19T11:06:34.343Z,2026-08-19T11:35:09.134Z,1715,2026-08-19T11:35:09.134Z,VWBY,Woodbury,8c2f72fa-f3d3-4c31-9e7b-e1d36d508d72,SAMMS-WoodburyV6
202608191135063954,202608191104147975,202608191104147942,106,7966,Clinical Domain Bronze - SaveVACA - B12B,br_VAComprehensiveAssessment,TASK_COMPLETE,SUCCESS,INFO,1723,1723,0,,2026-08-19T11:06:34.343Z,2026-08-19T11:35:09.134Z,1715,2026-08-19T11:35:09.134Z,B12B,ColoradoSprings,8c2f72fa-f3d3-4c31-9e7b-e1d36d508d72,SAMMS-ColoradoSpringsV5
202608191705197766,202608191654270059,202608191654269970,76,144476,PPA Bronze,br_SF_PatientPreAdmission,TASK_COMPLETE,FAILED,ERROR,0,0,1,PPA Bronze copy failed or did not write rows for this site/run.,2026-08-19T16:54:47.315Z,2026-08-19T17:10:18.523Z,931,2026-08-19T17:10:18.523Z,TE,Tempe,4736cb14-987d-4509-b3d7-654790c2de16,SAMMS-Tempe
202608191705197768,202608191654270060,202608191654269970,76,144477,PPA Bronze,br_SF_PatientPreAdmission,TASK_COMPLETE,SUCCESS,INFO,2370,2370,0,,2026-08-19T16:54:47.315Z,2026-08-19T17:10:18.523Z,931,2026-08-19T17:10:18.523Z,TEX,Texarkana,4736cb14-987d-4509-b3d7-654790c2de16,SAMMS-Texarkana
202608190529250956,202608190459200375,202608190459200344,106,7962,Clinical Domain Bronze - SaveMNCALOC - VMIN,br_MNComprehensiveAssessmentLevelOfCare,TASK_COMPLETE,SUCCESS,INFO,201,201,0,,2026-08-19T05:01:28.469Z,2026-08-19T05:31:20.650Z,1792,2026-08-19T05:31:20.650Z,VMIN,Minneapolis,05916e11-44cf-456b-ac26-991e7ff5d7aa,SAMMS-MinneapolisV6
202608190529250957,202608190459200376,202608190459200344,106,7963,Clinical Domain Bronze - SaveMNCALOC - VWBY,br_MNComprehensiveAssessmentLevelOfCare,TASK_COMPLETE,SUCCESS,INFO,386,386,0,,2026-08-19T05:01:28.469Z,2026-08-19T05:31:20.650Z,1792,2026-08-19T05:31:20.650Z,VWBY,Woodbury,05916e11-44cf-456b-ac26-991e7ff5d7aa,SAMMS-WoodburyV6
202608190529250958,202608190459200377,202608190459200344,106,7966,Clinical Domain Bronze - SaveVACA - B12B,br_VAComprehensiveAssessment,TASK_COMPLETE,SUCCESS,INFO,1723,1723,0,,2026-08-19T05:01:28.469Z,2026-08-19T05:31:20.650Z,1792,2026-08-19T05:31:20.650Z,B12B,ColoradoSprings,05916e11-44cf-456b-ac26-991e7ff5d7aa,SAMMS-ColoradoSpringsV5
202608261758481431,202608261733446750,202608261733446733,97,6680,P1 Forms New Discharge Transfer Plan Form Bronze - AHK,br_samms_new_discharge_transfer_plan_form,TASK_COMPLETE,SUCCESS,INFO,25,25,0,,2026-08-26T17:33:51.495Z,2026-08-26T17:58:52.846Z,1501,2026-08-26T17:58:52.846Z,AHK,Ahoskie,4b416fe5-6f5c-4fb7-baa8-f0b32475e9c6,SAMMS-Ahoskie
202608261758481433,202608261733446751,202608261733446733,97,6681,P1 Forms New Discharge Transfer Plan Form Bronze - B12B,br_samms_new_discharge_transfer_plan_form,TASK_COMPLETE,SUCCESS,INFO,152,152,0,,2026-08-26T17:33:51.495Z,2026-08-26T17:58:52.846Z,1501,2026-08-26T17:58:52.846Z,B12B,ColoradoSprings,4b416fe5-6f5c-4fb7-baa8-f0b32475e9c6,SAMMS-ColoradoSpringsV5
202608251449420156,202608251428352611,202608251428352600,46,9291,P1 Finance Financial Hardship Application Bronze - AHK,br_samms_financial_hardship_application,TASK_COMPLETE,SUCCESS,INFO,182,182,0,,2026-08-25T14:28:42.306Z,2026-08-25T14:49:46.373Z,1264,2026-08-25T14:49:46.373Z,AHK,Ahoskie,5e789551-b18e-4745-8526-2b8db3ceeb01,SAMMS-Ahoskie
202608251449420157,202608251428352612,202608251428352600,46,9292,P1 Finance Financial Hardship Application Bronze - B12B,br_samms_financial_hardship_application,TASK_COMPLETE,SUCCESS,INFO,119,119,0,,2026-08-25T14:28:42.306Z,2026-08-25T14:49:46.373Z,1264,2026-08-25T14:49:46.373Z,B12B,ColoradoSprings,5e789551-b18e-4745-8526-2b8db3ceeb01,SAMMS-ColoradoSpringsV5
202608201034573123,202608201013530469,202608201013530447,46,9292,P1 Finance Financial Hardship Application Bronze - B12B,br_samms_financial_hardship_application,TASK_COMPLETE,SUCCESS,INFO,119,119,0,,2026-08-20T10:13:57.622Z,2026-08-20T10:39:20.764Z,1523,2026-08-20T10:39:20.764Z,B12B,ColoradoSprings,069e8d01-766c-4679-b3df-c21f4d7bc3d1,SAMMS-ColoradoSpringsV5
202608211508154566,202608211456286411,202608211456286305,76,144494,PPA Bronze,br_SF_PatientPreAdmission,TASK_COMPLETE,SUCCESS,INFO,7755,7755,0,,2026-08-21T14:56:32.229Z,2026-08-21T15:08:19.094Z,707,2026-08-21T15:08:19.094Z,V5,NONTC,0c589208-2221-4d68-8178-9fb813ab6d11,SAMMS-NONTCv5
202608211508154567,202608211456286412,202608211456286305,76,144495,PPA Bronze,br_SF_PatientPreAdmission,TASK_COMPLETE,SUCCESS,INFO,1810,1810,0,,2026-08-21T14:56:32.229Z,2026-08-21T15:08:19.094Z,707,2026-08-21T15:08:19.094Z,V5B,Houma,0c589208-2221-4d68-8178-9fb813ab6d11,SAMMS-HoumaV6
202608211508154568,202608211456286413,202608211456286305,76,144496,PPA Bronze,br_SF_PatientPreAdmission,TASK_COMPLETE,SUCCESS,INFO,7523,7523,0,,2026-08-21T14:56:32.229Z,2026-08-21T15:08:19.094Z,707,2026-08-21T15:08:19.094Z,V6,LC,0c589208-2221-4d68-8178-9fb813ab6d11,SAMMS-LCv5
202608211508154569,202608211456286414,202608211456286305,76,144497,PPA Bronze,br_SF_PatientPreAdmission,TASK_COMPLETE,SUCCESS,INFO,5684,5684,0,,2026-08-21T14:56:32.229Z,2026-08-21T15:08:19.094Z,707,2026-08-21T15:08:19.094Z,V8,VCPHCS-VIII-Memphis,0c589208-2221-4d68-8178-9fb813ab6d11,SAMMS-VCPHCS-VIII-MemphisV5
202608211508154570,202608211456286415,202608211456286305,76,144498,PPA Bronze,br_SF_PatientPreAdmission,TASK_COMPLETE,SUCCESS,INFO,7760,7760,0,,2026-08-21T14:56:32.229Z,2026-08-21T15:08:19.094Z,707,2026-08-21T15:08:19.094Z,V9,Nashville,0c589208-2221-4d68-8178-9fb813ab6d11,SAMMS-NashvilleV5
202608211508154572,202608211456286416,202608211456286305,76,144499,PPA Bronze,br_SF_PatientPreAdmission,TASK_COMPLETE,SUCCESS,INFO,8512,8512,0,,2026-08-21T14:56:32.229Z,2026-08-21T15:08:19.094Z,707,2026-08-21T15:08:19.094Z,VBRA,Brainerd,0c589208-2221-4d68-8178-9fb813ab6d11,SAMMS-BrainerdV6
202608211508154573,202608211456286417,202608211456286305,76,144500,PPA Bronze,br_SF_PatientPreAdmission,TASK_COMPLETE,SUCCESS,INFO,13604,13604,0,,2026-08-21T14:56:32.229Z,2026-08-21T15:08:19.094Z,707,2026-08-21T15:08:19.094Z,VBRP,BrooklynPark,0c589208-2221-4d68-8178-9fb813ab6d11,SAMMS-BrooklynParkV6
202608211508154574,202608211456286418,202608211456286305,76,144501,PPA Bronze,br_SF_PatientPreAdmission,TASK_COMPLETE,SUCCESS,INFO,7010,7010,0,,2026-08-21T14:56:32.229Z,2026-08-21T15:08:19.094Z,707,2026-08-21T15:08:19.094Z,VMIN,Minneapolis,0c589208-2221-4d68-8178-9fb813ab6d11,SAMMS-MinneapolisV6
202608211508154575,202608211456286419,202608211456286305,76,144502,PPA Bronze,br_SF_PatientPreAdmission,TASK_COMPLETE,SUCCESS,INFO,14777,14777,0,,2026-08-21T14:56:32.229Z,2026-08-21T15:08:19.094Z,707,2026-08-21T15:08:19.094Z,VWBY,Woodbury,0c589208-2221-4d68-8178-9fb813ab6d11,SAMMS-WoodburyV6
202608211508154576,202608211456286420,202608211456286305,76,144503,PPA Bronze,br_SF_PatientPreAdmission,TASK_COMPLETE,SUCCESS,INFO,4299,4299,0,,2026-08-21T14:56:32.229Z,2026-08-21T15:08:19.094Z,707,2026-08-21T15:08:19.094Z,WIL,Wilson,0c589208-2221-4d68-8178-9fb813ab6d11,SAMMS-Wilson
202608200302505007,202608200240673858,202608200240673824,46,9646,P1 Finance Claim Line Item Activity Bronze - B12B,br_samms_claim_line_item_activity,TASK_COMPLETE,SUCCESS,INFO,273616,273616,0,,2026-08-20T02:41:23.064Z,2026-08-20T03:02:53.458Z,1290,2026-08-20T03:02:53.458Z,B12B,ColoradoSprings,05c5c70e-2926-4311-8f49-65b9279948a3,SAMMS-ColoradoSpringsV5
202608200302505008,202608200240673859,202608200240673824,46,9647,P1 Finance Claim Line Item Activity Bronze - B24,br_samms_claim_line_item_activity,TASK_COMPLETE,SUCCESS,INFO,195213,195213,0,,2026-08-20T02:41:23.064Z,2026-08-20T03:02:53.458Z,1290,2026-08-20T03:02:53.458Z,B24,Paintsville,05c5c70e-2926-4311-8f49-65b9279948a3,SAMMS-PaintsvilleV5
202608200302505009,202608200240673860,202608200240673824,46,9648,P1 Finance Claim Line Item Activity Bronze - B25,br_samms_claim_line_item_activity,TASK_COMPLETE,SUCCESS,INFO,156250,156250,0,,2026-08-20T02:41:23.064Z,2026-08-20T03:02:53.458Z,1290,2026-08-20T03:02:53.458Z,B25,Pikeville,05c5c70e-2926-4311-8f49-65b9279948a3,SAMMS-PikevilleV5
202608200302505010,202608200240673861,202608200240673824,46,9763,P1 Finance Claims Bronze - AHK,br_samms_claims,TASK_COMPLETE,SUCCESS,INFO,11492,11492,0,,2026-08-20T02:41:23.064Z,2026-08-20T03:02:53.458Z,1290,2026-08-20T03:02:53.458Z,AHK,Ahoskie,05c5c70e-2926-4311-8f49-65b9279948a3,SAMMS-Ahoskie
202608200302505011,202608200240673862,202608200240673824,46,9764,P1 Finance Claims Bronze - B12B,br_samms_claims,TASK_COMPLETE,SUCCESS,INFO,57634,57634,0,,2026-08-20T02:41:23.064Z,2026-08-20T03:02:53.458Z,1290,2026-08-20T03:02:53.458Z,B12B,ColoradoSprings,05c5c70e-2926-4311-8f49-65b9279948a3,SAMMS-ColoradoSpringsV5
202608200302505013,202608200240673863,202608200240673824,46,9765,P1 Finance Claims Bronze - B24,br_samms_claims,TASK_COMPLETE,SUCCESS,INFO,128781,128781,0,,2026-08-20T02:41:23.064Z,2026-08-20T03:02:53.458Z,1290,2026-08-20T03:02:53.458Z,B24,Paintsville,05c5c70e-2926-4311-8f49-65b9279948a3,SAMMS-PaintsvilleV5
202608251649114427,202608251629636821,202608251629636804,88,5597,P1 Reference Preadmission Referral Source Bronze - AHK,br_samms_preadmission_referral_source,TASK_COMPLETE,SUCCESS,INFO,78,78,0,,2026-08-25T16:30:10.484Z,2026-08-25T16:49:14.632Z,1144,2026-08-25T16:49:14.632Z,AHK,Ahoskie,6d78ce37-8c21-4519-a454-1e5ee4a84a47,SAMMS-Ahoskie
202608251649114428,202608251629636822,202608251629636804,88,5598,P1 Reference Preadmission Referral Source Bronze - B12B,br_samms_preadmission_referral_source,TASK_COMPLETE,SUCCESS,INFO,539,539,0,,2026-08-25T16:30:10.484Z,2026-08-25T16:49:14.632Z,1144,2026-08-25T16:49:14.632Z,B12B,ColoradoSprings,6d78ce37-8c21-4519-a454-1e5ee4a84a47,SAMMS-ColoradoSpringsV5
202608121017493991,202608121017493989,20260812085501,116,8626,Silver Patient Services,sl_patientservicesnoshow,TASK_FAILED,FAILED,ERROR,0,0,1,"[AMBIGUOUS_REFERENCE] Reference `SiteCode` is ambiguous, could be: [`SiteCode`, `SiteCode`, `SiteCode`, `SiteCode`, `SiteCode`, `SiteCode`, `SiteCode`, `tbl_locations`.`SiteCode`].",2026-08-12T10:17:49.399Z,2026-08-12T10:19:55.616Z,109,2026-08-12T10:19:55.616Z,,,70e97e1a-3a6b-47da-8e16-7a0b9c2ac95a,
202608191705197683,202608191654269995,202608191654269970,76,144412,PPA Bronze,br_SF_PatientPreAdmission,TASK_COMPLETE,FAILED,ERROR,0,0,1,PPA Bronze copy failed or did not write rows for this site/run.,2026-08-19T16:54:47.315Z,2026-08-19T17:10:18.523Z,931,2026-08-19T17:10:18.523Z,B44,Albany,4736cb14-987d-4509-b3d7-654790c2de16,SAMMS-AlbanyV5
202608191705197684,202608191654269996,202608191654269970,76,144413,PPA Bronze,br_SF_PatientPreAdmission,TASK_COMPLETE,FAILED,ERROR,0,0,1,PPA Bronze copy failed or did not write rows for this site/run.,2026-08-19T16:54:47.315Z,2026-08-19T17:10:18.523Z,931,2026-08-19T17:10:18.523Z,B45,Tifton,4736cb14-987d-4509-b3d7-654790c2de16,SAMMS-TiftonV5
202608261758481415,202608261733446735,202608261733446733,97,5745,P1 Forms Comprehensive Assessment Form Bronze - B12B,br_samms_comprehensive_assessment_form,TASK_COMPLETE,SUCCESS,INFO,715,715,0,,2026-08-26T17:33:51.495Z,2026-08-26T17:58:52.846Z,1501,2026-08-26T17:58:52.846Z,B12B,ColoradoSprings,4b416fe5-6f5c-4fb7-baa8-f0b32475e9c6,SAMMS-ColoradoSpringsV5
202608221113176878,202608221042113117,202608221042112981,85,511,Bronze INV,br_AdmissionAssessmentDimensionFiveSubstanceUse,TASK_COMPLETE,SUCCESS,INFO,1255,1255,0,,2026-08-22T10:42:14.039Z,2026-08-22T11:16:52.295Z,2078,2026-08-22T11:16:52.295Z,DRD-NOLA,NOLA,28d7acf5-bc26-4be3-b390-775b9af3d980,SAMMS-NOLAv5
202608221113177088,202608221042113118,202608221042112981,85,519,Bronze INV,br_AdmissionAssessmentDimensionFiveSubstanceUse,TASK_COMPLETE,SUCCESS,INFO,677,677,0,,2026-08-22T10:42:14.039Z,2026-08-22T11:16:52.295Z,2078,2026-08-22T11:16:52.295Z,FW,Fort Wayne,28d7acf5-bc26-4be3-b390-775b9af3d980,SAMMS-FortWayne
202608221113177089,202608221042113119,202608221042112981,85,530,Bronze INV,br_AdmissionAssessmentDimensionFiveSubstanceUse,TASK_COMPLETE,SUCCESS,INFO,429,429,0,,2026-08-22T10:42:14.039Z,2026-08-22T11:16:52.295Z,2078,2026-08-22T11:16:52.295Z,LO,Louisville,28d7acf5-bc26-4be3-b390-775b9af3d980,SAMMS-Louisville
202608221113177090,202608221042113120,202608221042112981,85,589,Bronze INV,br_AdmissionAssessmentDimensionFiveSubstanceUse,TASK_COMPLETE,SUCCESS,INFO,587,587,0,,2026-08-22T10:42:14.039Z,2026-08-22T11:16:52.295Z,2078,2026-08-22T11:16:52.295Z,VBRP,Brooklyn Park,28d7acf5-bc26-4be3-b390-775b9af3d980,SAMMS-BrooklynParkV6
202608221113177092,202608221042113121,202608221042112981,85,592,Bronze INV,br_AdmissionAssessmentDimensionFiveSubstanceUse,TASK_COMPLETE,SUCCESS,INFO,1057,1057,0,,2026-08-22T10:42:14.039Z,2026-08-22T11:16:52.295Z,2078,2026-08-22T11:16:52.295Z,VWBY,Woodbury,28d7acf5-bc26-4be3-b390-775b9af3d980,SAMMS-WoodburyV6
202608221113177193,202608221042212987,202608221042212981,86,5725,Silver INV,sl_AdmissionAssessmentDimensionFiveSubstanceUse,TASK_COMPLETE,SUCCESS,INFO,6659,6659,0,,2026-08-22T10:42:14.039Z,2026-08-22T11:16:52.295Z,2078,2026-08-22T11:16:52.295Z,,,28d7acf5-bc26-4be3-b390-775b9af3d980,
202608190529250976,202608190459200393,202608190459200344,106,8125,Clinical Domain Bronze - SaveVACASummary - BOI,br_VAComprehensiveAssessmentSummary,TASK_COMPLETE,SUCCESS,INFO,1673,1673,0,,2026-08-19T05:01:28.469Z,2026-08-19T05:31:20.650Z,1792,2026-08-19T05:31:20.650Z,BOI,Boise,05916e11-44cf-456b-ac26-991e7ff5d7aa,SAMMS-Boise
202608190529250977,202608190459200394,202608190459200344,106,8174,Clinical Domain Bronze - SaveVACASummary - V10,br_VAComprehensiveAssessmentSummary,TASK_COMPLETE,SUCCESS,INFO,1673,1673,0,,2026-08-19T05:01:28.469Z,2026-08-19T05:31:20.650Z,1792,2026-08-19T05:31:20.650Z,V10,Boulder,05916e11-44cf-456b-ac26-991e7ff5d7aa,SAMMS-BoulderV5
202608190529250978,202608190459200395,202608190459200344,106,8305,Clinical Domain Bronze - SaveMNTreatmentServiceReview - VBRA,br_MNTreatmentServiceReview,TASK_COMPLETE,SUCCESS,INFO,186,186,0,,2026-08-19T05:01:28.469Z,2026-08-19T05:31:20.650Z,1792,2026-08-19T05:31:20.650Z,VBRA,Brainerd,05916e11-44cf-456b-ac26-991e7ff5d7aa,SAMMS-BrainerdV6
202608191135063973,202608191104147991,202608191104147942,106,8125,Clinical Domain Bronze - SaveVACASummary - BOI,br_VAComprehensiveAssessmentSummary,TASK_COMPLETE,SUCCESS,INFO,1673,1673,0,,2026-08-19T11:06:34.343Z,2026-08-19T11:35:09.134Z,1715,2026-08-19T11:35:09.134Z,BOI,Boise,8c2f72fa-f3d3-4c31-9e7b-e1d36d508d72,SAMMS-Boise
202608191135063974,202608191104147992,202608191104147942,106,8174,Clinical Domain Bronze - SaveVACASummary - V10,br_VAComprehensiveAssessmentSummary,TASK_COMPLETE,SUCCESS,INFO,1673,1673,0,,2026-08-19T11:06:34.343Z,2026-08-19T11:35:09.134Z,1715,2026-08-19T11:35:09.134Z,V10,Boulder,8c2f72fa-f3d3-4c31-9e7b-e1d36d508d72,SAMMS-BoulderV5
202608191135063975,202608191104147993,202608191104147942,106,8305,Clinical Domain Bronze - SaveMNTreatmentServiceReview - VBRA,br_MNTreatmentServiceReview,TASK_COMPLETE,SUCCESS,INFO,187,187,0,,2026-08-19T11:06:34.343Z,2026-08-19T11:35:09.134Z,1715,2026-08-19T11:35:09.134Z,VBRA,Brainerd,8c2f72fa-f3d3-4c31-9e7b-e1d36d508d72,SAMMS-BrainerdV6
202608261139002118,202608261050367469,202608261050367363,18,51106,Orders Bronze SaveOrders - V5,br_Orders,TASK_COMPLETE,SUCCESS,INFO,0,0,0,,2026-08-26T10:51:23.872Z,2026-08-26T11:39:03.779Z,2860,2026-08-26T11:39:03.779Z,V5,NONTC,9f27ea6d-77e8-424b-b461-0bad838d803f,SAMMS-NONTCv5
202608261139002119,202608261050367470,202608261050367363,18,51107,Orders Bronze SaveOrders - V5B,br_Orders,TASK_COMPLETE,SUCCESS,INFO,0,0,0,,2026-08-26T10:51:23.872Z,2026-08-26T11:39:03.779Z,2860,2026-08-26T11:39:03.779Z,V5B,Houma,9f27ea6d-77e8-424b-b461-0bad838d803f,SAMMS-HoumaV6
202608261139002120,202608261050367471,202608261050367363,18,51108,Orders Bronze SaveOrders - V6,br_Orders,TASK_COMPLETE,SUCCESS,INFO,0,0,0,,2026-08-26T10:51:23.872Z,2026-08-26T11:39:03.779Z,2860,2026-08-26T11:39:03.779Z,V6,LC,9f27ea6d-77e8-424b-b461-0bad838d803f,SAMMS-LCv5
202608261139002121,202608261050367472,202608261050367363,18,51109,Orders Bronze SaveOrders - V8,br_Orders,TASK_COMPLETE,SUCCESS,INFO,0,0,0,,2026-08-26T10:51:23.872Z,2026-08-26T11:39:03.779Z,2860,2026-08-26T11:39:03.779Z,V8,VCPHCS-VIII-Memphis,9f27ea6d-77e8-424b-b461-0bad838d803f,SAMMS-VCPHCS-VIII-MemphisV5
202608261139002122,202608261050367473,202608261050367363,18,51110,Orders Bronze SaveOrders - V9,br_Orders,TASK_COMPLETE,SUCCESS,INFO,0,0,0,,2026-08-26T10:51:23.872Z,2026-08-26T11:39:03.779Z,2860,2026-08-26T11:39:03.779Z,V9,Nashville,9f27ea6d-77e8-424b-b461-0bad838d803f,SAMMS-NashvilleV5
202608261139002123,202608261050367474,202608261050367363,18,51111,Orders Bronze SaveOrders - VBRA,br_Orders,TASK_COMPLETE,SUCCESS,INFO,0,0,0,,2026-08-26T10:51:23.872Z,2026-08-26T11:39:03.779Z,2860,2026-08-26T11:39:03.779Z,VBRA,Brainerd,9f27ea6d-77e8-424b-b461-0bad838d803f,SAMMS-BrainerdV6
202608261139002124,202608261050367475,202608261050367363,18,51112,Orders Bronze SaveOrders - VBRP,br_Orders,TASK_COMPLETE,SUCCESS,INFO,0,0,0,,2026-08-26T10:51:23.872Z,2026-08-26T11:39:03.779Z,2860,2026-08-26T11:39:03.779Z,VBRP,BrooklynPark,9f27ea6d-77e8-424b-b461-0bad838d803f,SAMMS-BrooklynParkV6
202608261139002126,202608261050367476,202608261050367363,18,51113,Orders Bronze SaveOrders - VMIN,br_Orders,TASK_COMPLETE,SUCCESS,INFO,0,0,0,,2026-08-26T10:51:23.872Z,2026-08-26T11:39:03.779Z,2860,2026-08-26T11:39:03.779Z,VMIN,Minneapolis,9f27ea6d-77e8-424b-b461-0bad838d803f,SAMMS-MinneapolisV6
202608261139002127,202608261050367477,202608261050367363,18,51114,Orders Bronze SaveOrders - VWBY,br_Orders,TASK_COMPLETE,SUCCESS,INFO,0,0,0,,2026-08-26T10:51:23.872Z,2026-08-26T11:39:03.779Z,2860,2026-08-26T11:39:03.779Z,VWBY,Woodbury,9f27ea6d-77e8-424b-b461-0bad838d803f,SAMMS-WoodburyV6
202608261139002128,202608261050367478,202608261050367363,18,51115,Orders Bronze SaveOrders - WIL,br_Orders,TASK_COMPLETE,SUCCESS,INFO,0,0,0,,2026-08-26T10:51:23.872Z,2026-08-26T11:39:03.779Z,2860,2026-08-26T11:39:03.779Z,WIL,Wilson,9f27ea6d-77e8-424b-b461-0bad838d803f,SAMMS-Wilson
202608261139002103,202608261050367455,202608261050367363,18,51092,Orders Bronze SaveOrders - TTCC,br_Orders,TASK_COMPLETE,SUCCESS,INFO,0,0,0,,2026-08-26T10:51:23.872Z,2026-08-26T11:39:03.779Z,2860,2026-08-26T11:39:03.779Z,TTCC,GrandBay,9f27ea6d-77e8-424b-b461-0bad838d803f,SAMMS-GrandBay
202608261139002104,202608261050367456,202608261050367363,18,51093,Orders Bronze SaveOrders - TU,br_Orders,TASK_COMPLETE,SUCCESS,INFO,0,0,0,,2026-08-26T10:51:23.872Z,2026-08-26T11:39:03.779Z,2860,2026-08-26T11:39:03.779Z,TU,Tucson,9f27ea6d-77e8-424b-b461-0bad838d803f,SAMMS-Tucson
202608261139002105,202608261050367457,202608261050367363,18,51094,Orders Bronze SaveOrders - V1,br_Orders,TASK_COMPLETE,SUCCESS,INFO,0,0,0,,2026-08-26T10:51:23.872Z,2026-08-26T11:39:03.779Z,2860,2026-08-26T11:39:03.779Z,V1,VCPHCS-I-Memphis,9f27ea6d-77e8-424b-b461-0bad838d803f,SAMMS-VCPHCS-I-MemphisV5
202608261139002106,202608261050367458,202608261050367363,18,51095,Orders Bronze SaveOrders - V10,br_Orders,TASK_COMPLETE,SUCCESS,INFO,0,0,0,,2026-08-26T10:51:23.872Z,2026-08-26T11:39:03.779Z,2860,2026-08-26T11:39:03.779Z,V10,Boulder,9f27ea6d-77e8-424b-b461-0bad838d803f,SAMMS-BoulderV5
202608261139002107,202608261050367459,202608261050367363,18,51096,Orders Bronze SaveOrders - V10A,br_Orders,TASK_COMPLETE,SUCCESS,INFO,0,0,0,,2026-08-26T10:51:23.872Z,2026-08-26T11:39:03.779Z,2860,2026-08-26T11:39:03.779Z,V10A,FortCollins,9f27ea6d-77e8-424b-b461-0bad838d803f,SAMMS-FortCollinsV5
202608261139002108,202608261050367460,202608261050367363,18,51097,Orders Bronze SaveOrders - V11,br_Orders,TASK_COMPLETE,SUCCESS,INFO,0,0,0,,2026-08-26T10:51:23.872Z,2026-08-26T11:39:03.779Z,2860,2026-08-26T11:39:03.779Z,V11,VCPHCS-XI-NorthDenver,9f27ea6d-77e8-424b-b461-0bad838d803f,SAMMS-VCPHCS-XI-NorthDenverV5
202608261139002109,202608261050367461,202608261050367363,18,51098,Orders Bronze SaveOrders - V12,br_Orders,TASK_COMPLETE,SUCCESS,INFO,0,0,0,,2026-08-26T10:51:23.872Z,2026-08-26T11:39:03.779Z,2860,2026-08-26T11:39:03.779Z,V12,VCPHCS-XII-DowntownDenver,9f27ea6d-77e8-424b-b461-0bad838d803f,SAMMS-VCPHCS-XII-DowntownDenverV5
202608211508154551,202608211456286397,202608211456286305,76,144480,PPA Bronze,br_SF_PatientPreAdmission,TASK_COMPLETE,SUCCESS,INFO,7496,7496,0,,2026-08-21T14:56:32.229Z,2026-08-21T15:08:19.094Z,707,2026-08-21T15:08:19.094Z,TTCC,GrandBay,0c589208-2221-4d68-8178-9fb813ab6d11,SAMMS-GrandBay
202608211508154552,202608211456286398,202608211456286305,76,144481,PPA Bronze,br_SF_PatientPreAdmission,TASK_COMPLETE,SUCCESS,INFO,0,0,0,,2026-08-21T14:56:32.229Z,2026-08-21T15:08:19.094Z,707,2026-08-21T15:08:19.094Z,TU,Tucson,0c589208-2221-4d68-8178-9fb813ab6d11,SAMMS-Tucson
202608211508154553,202608211456286399,202608211456286305,76,144482,PPA Bronze,br_SF_PatientPreAdmission,TASK_COMPLETE,SUCCESS,INFO,3891,3891,0,,2026-08-21T14:56:32.229Z,2026-08-21T15:08:19.094Z,707,2026-08-21T15:08:19.094Z,V1,VCPHCS-I-Memphis,0c589208-2221-4d68-8178-9fb813ab6d11,SAMMS-VCPHCS-I-MemphisV5
202608211508154554,202608211456286400,202608211456286305,76,144483,PPA Bronze,br_SF_PatientPreAdmission,TASK_COMPLETE,SUCCESS,INFO,4354,4354,0,,2026-08-21T14:56:32.229Z,2026-08-21T15:08:19.094Z,707,2026-08-21T15:08:19.094Z,V10,Boulder,0c589208-2221-4d68-8178-9fb813ab6d11,SAMMS-BoulderV5
202608211508154555,202608211456286401,202608211456286305,76,144484,PPA Bronze,br_SF_PatientPreAdmission,TASK_COMPLETE,SUCCESS,INFO,7737,7737,0,,2026-08-21T14:56:32.229Z,2026-08-21T15:08:19.094Z,707,2026-08-21T15:08:19.094Z,V10A,FortCollins,0c589208-2221-4d68-8178-9fb813ab6d11,SAMMS-FortCollinsV5
202608211508154556,202608211456286402,202608211456286305,76,144485,PPA Bronze,br_SF_PatientPreAdmission,TASK_COMPLETE,SUCCESS,INFO,6122,6122,0,,2026-08-21T14:56:32.229Z,2026-08-21T15:08:19.094Z,707,2026-08-21T15:08:19.094Z,V11,VCPHCS-XI-NorthDenver,0c589208-2221-4d68-8178-9fb813ab6d11,SAMMS-VCPHCS-XI-NorthDenverV5
202608211508154557,202608211456286403,202608211456286305,76,144486,PPA Bronze,br_SF_PatientPreAdmission,TASK_COMPLETE,SUCCESS,INFO,5584,5584,0,,2026-08-21T14:56:32.229Z,2026-08-21T15:08:19.094Z,707,2026-08-21T15:08:19.094Z,V12,VCPHCS-XII-DowntownDenver,0c589208-2221-4d68-8178-9fb813ab6d11,SAMMS-VCPHCS-XII-DowntownDenverV5
202608201034573083,202608201013530449,202608201013530447,46,8702,P1 Finance Bills Bronze - B12B,br_samms_bills,TASK_COMPLETE,FAILED,ERROR,0,0,1,SaveBills Bronze ForEach failed,2026-08-20T10:13:57.622Z,2026-08-20T10:39:20.764Z,1523,2026-08-20T10:39:20.764Z,B12B,ColoradoSprings,069e8d01-766c-4679-b3df-c21f4d7bc3d1,SAMMS-ColoradoSpringsV5
202608190529250983,202608190459200399,202608190459200344,106,8311,Clinical Domain Bronze - SaveEnrollment - B12B,br_Enrollment,TASK_COMPLETE,SUCCESS,INFO,3288,3288,0,,2026-08-19T05:01:28.469Z,2026-08-19T05:31:20.650Z,1792,2026-08-19T05:31:20.650Z,B12B,ColoradoSprings,05916e11-44cf-456b-ac26-991e7ff5d7aa,SAMMS-ColoradoSpringsV5
202608190529250984,202608190459200400,202608190459200344,106,8355,Clinical Domain Bronze - SaveEnrollment - BOI,br_Enrollment,TASK_COMPLETE,SUCCESS,INFO,1196,1196,0,,2026-08-19T05:01:28.469Z,2026-08-19T05:31:20.650Z,1792,2026-08-19T05:31:20.650Z,BOI,Boise,05916e11-44cf-456b-ac26-991e7ff5d7aa,SAMMS-Boise
202608190529250985,202608190459200401,202608190459200344,106,8404,Clinical Domain Bronze - SaveEnrollment - V10,br_Enrollment,TASK_COMPLETE,SUCCESS,INFO,10405,10405,0,,2026-08-19T05:01:28.469Z,2026-08-19T05:31:20.650Z,1792,2026-08-19T05:31:20.650Z,V10,Boulder,05916e11-44cf-456b-ac26-991e7ff5d7aa,SAMMS-BoulderV5
202608190529250986,202608190459200402,202608190459200344,106,8426,Clinical Domain Bronze - SaveTreatmentLevel - B12B,br_TreatmentLevel,TASK_COMPLETE,SUCCESS,INFO,525,525,0,,2026-08-19T05:01:28.469Z,2026-08-19T05:31:20.650Z,1792,2026-08-19T05:31:20.650Z,B12B,ColoradoSprings,05916e11-44cf-456b-ac26-991e7ff5d7aa,SAMMS-ColoradoSpringsV5
202608190529250987,202608190459200403,202608190459200344,106,8470,Clinical Domain Bronze - SaveTreatmentLevel - BOI,br_TreatmentLevel,TASK_COMPLETE,SUCCESS,INFO,299,299,0,,2026-08-19T05:01:28.469Z,2026-08-19T05:31:20.650Z,1792,2026-08-19T05:31:20.650Z,BOI,Boise,05916e11-44cf-456b-ac26-991e7ff5d7aa,SAMMS-Boise
202608190529250989,202608190459200404,202608190459200344,106,8519,Clinical Domain Bronze - SaveTreatmentLevel - V10,br_TreatmentLevel,TASK_COMPLETE,SUCCESS,INFO,669,669,0,,2026-08-19T05:01:28.469Z,2026-08-19T05:31:20.650Z,1792,2026-08-19T05:31:20.650Z,V10,Boulder,05916e11-44cf-456b-ac26-991e7ff5d7aa,SAMMS-BoulderV5
202608191135063979,202608191104147997,202608191104147942,106,8311,Clinical Domain Bronze - SaveEnrollment - B12B,br_Enrollment,TASK_COMPLETE,SUCCESS,INFO,3290,3290,0,,2026-08-19T11:06:34.343Z,2026-08-19T11:35:09.134Z,1715,2026-08-19T11:35:09.134Z,B12B,ColoradoSprings,8c2f72fa-f3d3-4c31-9e7b-e1d36d508d72,SAMMS-ColoradoSpringsV5
202608191135063980,202608191104147998,202608191104147942,106,8355,Clinical Domain Bronze - SaveEnrollment - BOI,br_Enrollment,TASK_COMPLETE,SUCCESS,INFO,1196,1196,0,,2026-08-19T11:06:34.343Z,2026-08-19T11:35:09.134Z,1715,2026-08-19T11:35:09.134Z,BOI,Boise,8c2f72fa-f3d3-4c31-9e7b-e1d36d508d72,SAMMS-Boise
202608191135063981,202608191104147999,202608191104147942,106,8404,Clinical Domain Bronze - SaveEnrollment - V10,br_Enrollment,TASK_COMPLETE,SUCCESS,INFO,10405,10405,0,,2026-08-19T11:06:34.343Z,2026-08-19T11:35:09.134Z,1715,2026-08-19T11:35:09.134Z,V10,Boulder,8c2f72fa-f3d3-4c31-9e7b-e1d36d508d72,SAMMS-BoulderV5
202608191135063983,202608191104148000,202608191104147942,106,8426,Clinical Domain Bronze - SaveTreatmentLevel - B12B,br_TreatmentLevel,TASK_COMPLETE,SUCCESS,INFO,525,525,0,,2026-08-19T11:06:34.343Z,2026-08-19T11:35:09.134Z,1715,2026-08-19T11:35:09.134Z,B12B,ColoradoSprings,8c2f72fa-f3d3-4c31-9e7b-e1d36d508d72,SAMMS-ColoradoSpringsV5
202608191135063984,202608191104148001,202608191104147942,106,8470,Clinical Domain Bronze - SaveTreatmentLevel - BOI,br_TreatmentLevel,TASK_COMPLETE,SUCCESS,INFO,299,299,0,,2026-08-19T11:06:34.343Z,2026-08-19T11:35:09.134Z,1715,2026-08-19T11:35:09.134Z,BOI,Boise,8c2f72fa-f3d3-4c31-9e7b-e1d36d508d72,SAMMS-Boise
202608191135063985,202608191104148002,202608191104147942,106,8519,Clinical Domain Bronze - SaveTreatmentLevel - V10,br_TreatmentLevel,TASK_COMPLETE,SUCCESS,INFO,669,669,0,,2026-08-19T11:06:34.343Z,2026-08-19T11:35:09.134Z,1715,2026-08-19T11:35:09.134Z,V10,Boulder,8c2f72fa-f3d3-4c31-9e7b-e1d36d508d72,SAMMS-BoulderV5
202608201140531080,202608201140531079,202608201140451356,84,216,Gold Salesforce Accounts,Accounts,TASK_DEPENDENCY_BLOCKED,DEPENDENCY_BLOCKED,WARN,0,0,0,"Dependency Failed : 208 (checked: 208,209)",2026-08-20T11:40:59.822Z,2026-08-20T11:40:59.822Z,0,2026-08-20T11:40:59.822Z,,,79156e84-8509-4e63-a064-b4b0873a2a40,
202608190537301100,202608190459300358,202608190459300344,107,8568,Clinical Domain Silver - SaveEnrollment,sl_enrollment,TASK_COMPLETE,SUCCESS,INFO,14889,14889,0,,2026-08-19T05:01:28.469Z,2026-08-19T05:37:32.342Z,2164,2026-08-19T05:37:32.342Z,Global,SAMMSGLOBAL,05916e11-44cf-456b-ac26-991e7ff5d7aa,SAMMSGLOBAL
202608221113177838,202608221042113205,202608221042112981,85,4121,Bronze INV,br_ReAssessmentSocial,TASK_COMPLETE,SUCCESS,INFO,588,588,0,,2026-08-22T10:42:14.039Z,2026-08-22T11:16:52.295Z,2078,2026-08-22T11:16:52.295Z,B46,Washington DC,28d7acf5-bc26-4be3-b390-775b9af3d980,SAMMS-WashingtonDCv5
202608221113177839,202608221042113206,202608221042112981,85,4122,Bronze INV,br_ReAssessmentSocial,TASK_COMPLETE,SUCCESS,INFO,1558,1558,0,,2026-08-22T10:42:14.039Z,2026-08-22T11:16:52.295Z,2078,2026-08-22T11:16:52.295Z,B47,Mobile,28d7acf5-bc26-4be3-b390-775b9af3d980,SAMMS-MobileV5
202608221113177841,202608221042113207,202608221042112981,85,4191,Bronze INV,br_ReAssessmentSocial,TASK_COMPLETE,SUCCESS,INFO,3201,3201,0,,2026-08-22T10:42:14.039Z,2026-08-22T11:16:52.295Z,2078,2026-08-22T11:16:52.295Z,DRD-NOLA,NOLA,28d7acf5-bc26-4be3-b390-775b9af3d980,SAMMS-NOLAv5
202608242010298157,202608242001557424,202608242001557422,34,143002,3pArnote Bronze - B12B,br_tbl3pArnote,TASK_COMPLETE,SUCCESS,INFO,118900,118900,0,,2026-08-24T20:01:59.213Z,2026-08-24T20:10:33.227Z,514,2026-08-24T20:10:33.227Z,B12B,ColoradoSprings,4d8b4395-4229-458f-ac6c-24f28fa466d2,SAMMS-ColoradoSpringsV5
202608221113177906,202608221042212994,202608221042212981,86,5732,Silver INV,sl_ReAssessmentOccupational,TASK_COMPLETE,SUCCESS,INFO,11542,11542,0,,2026-08-22T10:42:14.039Z,2026-08-22T11:16:52.295Z,2078,2026-08-22T11:16:52.295Z,,,28d7acf5-bc26-4be3-b390-775b9af3d980,
202608221113177809,202608221042113182,202608221042112981,85,3914,Bronze INV,br_ReAssessmentPhysicalHealth,TASK_COMPLETE,SUCCESS,INFO,970,970,0,,2026-08-22T10:42:14.039Z,2026-08-22T11:16:52.295Z,2078,2026-08-22T11:16:52.295Z,B26,Hazard,28d7acf5-bc26-4be3-b390-775b9af3d980,SAMMS-HazardV5
202608221113177810,202608221042113183,202608221042112981,85,3922,Bronze INV,br_ReAssessmentPhysicalHealth,TASK_COMPLETE,SUCCESS,INFO,386,386,0,,2026-08-22T10:42:14.039Z,2026-08-22T11:16:52.295Z,2078,2026-08-22T11:16:52.295Z,B34,Corbin,28d7acf5-bc26-4be3-b390-775b9af3d980,SAMMS-CorbinV5
202608261758481418,202608261733446738,202608261733446733,97,5978,P1 Forms E&M Form MDM Bronze - AHK,br_samms_eandm_form_mdm,TASK_COMPLETE,SUCCESS,INFO,468,468,0,,2026-08-26T17:33:51.495Z,2026-08-26T17:58:52.846Z,1501,2026-08-26T17:58:52.846Z,AHK,Ahoskie,4b416fe5-6f5c-4fb7-baa8-f0b32475e9c6,SAMMS-Ahoskie
202608261758481420,202608261733446740,202608261733446733,97,6095,P1 Forms SF Data Forms Bronze - AHK,br_samms_sf_data_forms,TASK_COMPLETE,SUCCESS,INFO,1021,1021,0,,2026-08-26T17:33:51.495Z,2026-08-26T17:58:52.846Z,1501,2026-08-26T17:58:52.846Z,AHK,Ahoskie,4b416fe5-6f5c-4fb7-baa8-f0b32475e9c6,SAMMS-Ahoskie
202608221113177842,202608221042113208,202608221042112981,85,4199,Bronze INV,br_ReAssessmentSocial,TASK_COMPLETE,SUCCESS,INFO,465,465,0,,2026-08-22T10:42:14.039Z,2026-08-22T11:16:52.295Z,2078,2026-08-22T11:16:52.295Z,FW,Fort Wayne,28d7acf5-bc26-4be3-b390-775b9af3d980,SAMMS-FortWayne
202608221113177843,202608221042113209,202608221042112981,85,4210,Bronze INV,br_ReAssessmentSocial,TASK_COMPLETE,SUCCESS,INFO,1286,1286,0,,2026-08-22T10:42:14.039Z,2026-08-22T11:16:52.295Z,2078,2026-08-22T11:16:52.295Z,LO,Louisville,28d7acf5-bc26-4be3-b390-775b9af3d980,SAMMS-Louisville
202608221113177844,202608221042113210,202608221042112981,85,4269,Bronze INV,br_ReAssessmentSocial,TASK_COMPLETE,SUCCESS,INFO,1957,1957,0,,2026-08-22T10:42:14.039Z,2026-08-22T11:16:52.295Z,2078,2026-08-22T11:16:52.295Z,VBRP,Brooklyn Park,28d7acf5-bc26-4be3-b390-775b9af3d980,SAMMS-BrooklynParkV6
202608140714286506,202608140700596570,202608140700596541,106,7960,Clinical Domain Bronze - SaveMNCALOC - VBRA,brz_MNComprehensiveAssessmentLevelOfCare,TASK_COMPLETE,SUCCESS,INFO,220,220,0,,2026-08-14T07:02:17.002Z,2026-08-14T07:16:01.674Z,824,2026-08-14T07:16:01.674Z,VBRA,Brainerd,4f29b93d-8b22-445c-9466-6259e423edcc,
202608140714286508,202608140700596571,202608140700596541,106,7961,Clinical Domain Bronze - SaveMNCALOC - VBRP,brz_MNComprehensiveAssessmentLevelOfCare,TASK_COMPLETE,SUCCESS,INFO,249,249,0,,2026-08-14T07:02:17.002Z,2026-08-14T07:16:01.674Z,824,2026-08-14T07:16:01.674Z,VBRP,BrooklynPark,4f29b93d-8b22-445c-9466-6259e423edcc,
202608140714286509,202608140700596572,202608140700596541,106,7962,Clinical Domain Bronze - SaveMNCALOC - VMIN,brz_MNComprehensiveAssessmentLevelOfCare,TASK_COMPLETE,SUCCESS,INFO,200,200,0,,2026-08-14T07:02:17.002Z,2026-08-14T07:16:01.674Z,824,2026-08-14T07:16:01.674Z,VMIN,Minneapolis,4f29b93d-8b22-445c-9466-6259e423edcc,
202608140714286510,202608140700596573,202608140700596541,106,7963,Clinical Domain Bronze - SaveMNCALOC - VWBY,brz_MNComprehensiveAssessmentLevelOfCare,TASK_COMPLETE,SUCCESS,INFO,385,385,0,,2026-08-14T07:02:17.002Z,2026-08-14T07:16:01.674Z,824,2026-08-14T07:16:01.674Z,VWBY,Woodbury,4f29b93d-8b22-445c-9466-6259e423edcc,
202608140714302380,202608140700696551,202608140700696541,107,8564,Clinical Domain Silver - SaveMNCALOC,slv_mncomprehensiveassessmentlevelofcare,TASK_COMPLETE,SUCCESS,INFO,1054,1054,0,,2026-08-14T07:02:17.002Z,2026-08-14T07:16:01.674Z,824,2026-08-14T07:16:01.674Z,Global,SAMMSGLOBAL,4f29b93d-8b22-445c-9466-6259e423edcc,
202608140714302282,202608140700596580,202608140700596541,106,8305,Clinical Domain Bronze - SaveMNTreatmentServiceReview - VBRA,brz_MNTreatmentServiceReview,TASK_COMPLETE,SUCCESS,INFO,179,179,0,,2026-08-14T07:02:17.002Z,2026-08-14T07:16:01.674Z,824,2026-08-14T07:16:01.674Z,VBRA,Brainerd,4f29b93d-8b22-445c-9466-6259e423edcc,
202608190536007406,202608190536007407,20260819053600,116,8626,Silver Patient Services,sl_patientservicesnoshow,TASK_FAILED,FAILED,ERROR,0,0,1,<console>:1: error: ';' expected but identifier found.,2026-08-19T05:36:00.740Z,2026-08-19T05:36:00.740Z,0,2026-08-19T05:36:00.740Z,,,291b2410-2887-482f-ae51-b5acb5e1ea9d,
202608140613198280,202608140600163260,202608140600163231,106,7960,Clinical Domain Bronze - SaveMNCALOC - VBRA,brz_MNComprehensiveAssessmentLevelOfCare,TASK_COMPLETE,SUCCESS,INFO,220,220,0,,2026-08-14T06:01:45.513Z,2026-08-14T06:14:58.932Z,793,2026-08-14T06:14:58.932Z,VBRA,Brainerd,9a6b8567-8347-49cb-b213-618351c5e21c,
202608140613198282,202608140600163261,202608140600163231,106,7961,Clinical Domain Bronze - SaveMNCALOC - VBRP,brz_MNComprehensiveAssessmentLevelOfCare,TASK_COMPLETE,SUCCESS,INFO,249,249,0,,2026-08-14T06:01:45.513Z,2026-08-14T06:14:58.932Z,793,2026-08-14T06:14:58.932Z,VBRP,BrooklynPark,9a6b8567-8347-49cb-b213-618351c5e21c,
202608140613198283,202608140600163262,202608140600163231,106,7962,Clinical Domain Bronze - SaveMNCALOC - VMIN,brz_MNComprehensiveAssessmentLevelOfCare,TASK_COMPLETE,SUCCESS,INFO,200,200,0,,2026-08-14T06:01:45.513Z,2026-08-14T06:14:58.932Z,793,2026-08-14T06:14:58.932Z,VMIN,Minneapolis,9a6b8567-8347-49cb-b213-618351c5e21c,
202608140613198284,202608140600163263,202608140600163231,106,7963,Clinical Domain Bronze - SaveMNCALOC - VWBY,brz_MNComprehensiveAssessmentLevelOfCare,TASK_COMPLETE,SUCCESS,INFO,385,385,0,,2026-08-14T06:01:45.513Z,2026-08-14T06:14:58.932Z,793,2026-08-14T06:14:58.932Z,VWBY,Woodbury,9a6b8567-8347-49cb-b213-618351c5e21c,
202608140613227679,202608140600263241,202608140600263231,107,8564,Clinical Domain Silver - SaveMNCALOC,slv_mncomprehensiveassessmentlevelofcare,TASK_COMPLETE,SUCCESS,INFO,1054,1054,0,,2026-08-14T06:01:45.513Z,2026-08-14T06:14:58.932Z,793,2026-08-14T06:14:58.932Z,Global,SAMMSGLOBAL,9a6b8567-8347-49cb-b213-618351c5e21c,
202608140613227582,202608140600163270,202608140600163231,106,8305,Clinical Domain Bronze - SaveMNTreatmentServiceReview - VBRA,brz_MNTreatmentServiceReview,TASK_COMPLETE,SUCCESS,INFO,179,179,0,,2026-08-14T06:01:45.513Z,2026-08-14T06:14:58.932Z,793,2026-08-14T06:14:58.932Z,VBRA,Brainerd,9a6b8567-8347-49cb-b213-618351c5e21c,
202608261139002018,202608261050367378,202608261050367363,18,51015,Orders Bronze SaveOrders - B36,br_Orders,TASK_COMPLETE,SUCCESS,INFO,0,0,0,,2026-08-26T10:51:23.872Z,2026-08-26T11:39:03.779Z,2860,2026-08-26T11:39:03.779Z,B36,Asheville,9f27ea6d-77e8-424b-b461-0bad838d803f,SAMMS-AshevilleV5
202608261139002019,202608261050367379,202608261050367363,18,51016,Orders Bronze SaveOrders - B37,br_Orders,TASK_COMPLETE,SUCCESS,INFO,0,0,0,,2026-08-26T10:51:23.872Z,2026-08-26T11:39:03.779Z,2860,2026-08-26T11:39:03.779Z,B37,Clyde,9f27ea6d-77e8-424b-b461-0bad838d803f,SAMMS-ClydeV5
202608261139002021,202608261050367380,202608261050367363,18,51017,Orders Bronze SaveOrders - B38,br_Orders,TASK_COMPLETE,SUCCESS,INFO,0,0,0,,2026-08-26T10:51:23.872Z,2026-08-26T11:39:03.779Z,2860,2026-08-26T11:39:03.779Z,B38,Spartanburg,9f27ea6d-77e8-424b-b461-0bad838d803f,SAMMS-SpartanburgV5
202608261139002022,202608261050367381,202608261050367363,18,51018,Orders Bronze SaveOrders - B39,br_Orders,TASK_COMPLETE,SUCCESS,INFO,0,0,0,,2026-08-26T10:51:23.872Z,2026-08-26T11:39:03.779Z,2860,2026-08-26T11:39:03.779Z,B39,Aiken,9f27ea6d-77e8-424b-b461-0bad838d803f,SAMMS-AikenV5
202608261139002023,202608261050367382,202608261050367363,18,51019,Orders Bronze SaveOrders - B41,br_Orders,TASK_COMPLETE,SUCCESS,INFO,0,0,0,,2026-08-26T10:51:23.872Z,2026-08-26T11:39:03.779Z,2860,2026-08-26T11:39:03.779Z,B41,Chesapeake,9f27ea6d-77e8-424b-b461-0bad838d803f,SAMMS-ChesapeakeV5
202608261139002024,202608261050367383,202608261050367363,18,51020,Orders Bronze SaveOrders - B42,br_Orders,TASK_COMPLETE,SUCCESS,INFO,0,0,0,,2026-08-26T10:51:23.872Z,2026-08-26T11:39:03.779Z,2860,2026-08-26T11:39:03.779Z,B42,VirginiaBeach,9f27ea6d-77e8-424b-b461-0bad838d803f,SAMMS-VirginiaBeachV5
202608261139002025,202608261050367384,202608261050367363,18,51021,Orders Bronze SaveOrders - B42A,br_Orders,TASK_COMPLETE,SUCCESS,INFO,0,0,0,,2026-08-26T10:51:23.872Z,2026-08-26T11:39:03.779Z,2860,2026-08-26T11:39:03.779Z,B42A,NewportNews,9f27ea6d-77e8-424b-b461-0bad838d803f,SAMMS-NewportNewsV5
202608221113177633,202608221042113017,202608221042112981,85,2903,Bronze INV,br_OrientationChecklistNew,TASK_COMPLETE,SUCCESS,INFO,229,229,0,,2026-08-22T10:42:14.039Z,2026-08-22T11:16:52.295Z,2078,2026-08-22T11:16:52.295Z,DRD-NOLA,NOLA,28d7acf5-bc26-4be3-b390-775b9af3d980,SAMMS-NOLAv5
202608221113177634,202608221042113018,202608221042112981,85,2911,Bronze INV,br_OrientationChecklistNew,TASK_COMPLETE,SUCCESS,INFO,97,97,0,,2026-08-22T10:42:14.039Z,2026-08-22T11:16:52.295Z,2078,2026-08-22T11:16:52.295Z,FW,Fort Wayne,28d7acf5-bc26-4be3-b390-775b9af3d980,SAMMS-FortWayne
202608221113177636,202608221042113019,202608221042112981,85,2922,Bronze INV,br_OrientationChecklistNew,TASK_COMPLETE,SUCCESS,INFO,104,104,0,,2026-08-22T10:42:14.039Z,2026-08-22T11:16:52.295Z,2078,2026-08-22T11:16:52.295Z,LO,Louisville,28d7acf5-bc26-4be3-b390-775b9af3d980,SAMMS-Louisville
202608221113177637,202608221042113020,202608221042112981,85,2981,Bronze INV,br_OrientationChecklistNew,TASK_COMPLETE,SUCCESS,INFO,86,86,0,,2026-08-22T10:42:14.039Z,2026-08-22T11:16:52.295Z,2078,2026-08-22T11:16:52.295Z,VBRP,Brooklyn Park,28d7acf5-bc26-4be3-b390-775b9af3d980,SAMMS-BrooklynParkV6
202608221113177638,202608221042113021,202608221042112981,85,2984,Bronze INV,br_OrientationChecklistNew,TASK_COMPLETE,SUCCESS,INFO,118,118,0,,2026-08-22T10:42:14.039Z,2026-08-22T11:16:52.295Z,2078,2026-08-22T11:16:52.295Z,VWBY,Woodbury,28d7acf5-bc26-4be3-b390-775b9af3d980,SAMMS-WoodburyV6
202608221113177772,202608221042213002,202608221042212981,86,8580,Silver INV,sl_OrientationChecklistNew,TASK_COMPLETE,SUCCESS,INFO,1383,1383,0,,2026-08-22T10:42:14.039Z,2026-08-22T11:16:52.295Z,2078,2026-08-22T11:16:52.295Z,,,28d7acf5-bc26-4be3-b390-775b9af3d980,
202608251449420148,202608251428352604,202608251428352600,46,8820,P1 Finance PBI 3 Pay Auth Bronze - B12B,br_samms_pbi3_pay_auth,TASK_COMPLETE,SUCCESS,INFO,132,132,0,,2026-08-25T14:28:42.306Z,2026-08-25T14:49:46.373Z,1264,2026-08-25T14:49:46.373Z,B12B,ColoradoSprings,5e789551-b18e-4745-8526-2b8db3ceeb01,SAMMS-ColoradoSpringsV5
202608251449420149,202608251428352605,202608251428352600,46,8937,P1 Finance VW 3P Bill Sub Bronze - AHK,br_samms_vw3p_bill_sub,TASK_COMPLETE,SUCCESS,INFO,144,144,0,,2026-08-25T14:28:42.306Z,2026-08-25T14:49:46.373Z,1264,2026-08-25T14:49:46.373Z,AHK,Ahoskie,5e789551-b18e-4745-8526-2b8db3ceeb01,SAMMS-Ahoskie
202608211508154497,202608211456286348,202608211456286305,76,144430,PPA Bronze,br_SF_PatientPreAdmission,TASK_COMPLETE,SUCCESS,INFO,813,813,0,,2026-08-21T14:56:32.229Z,2026-08-21T15:08:19.094Z,707,2026-08-21T15:08:19.094Z,B76,Huntsville-OBOT,0c589208-2221-4d68-8178-9fb813ab6d11,SAMMS-Huntsville-OBOT
202608211508154498,202608211456286349,202608211456286305,76,144431,PPA Bronze,br_SF_PatientPreAdmission,TASK_COMPLETE,SUCCESS,INFO,1896,1896,0,,2026-08-21T14:56:32.229Z,2026-08-21T15:08:19.094Z,707,2026-08-21T15:08:19.094Z,BAT,Batesville,0c589208-2221-4d68-8178-9fb813ab6d11,SAMMS-Batesville
202608211508154499,202608211456286350,202608211456286305,76,144432,PPA Bronze,br_SF_PatientPreAdmission,TASK_COMPLETE,SUCCESS,INFO,6411,6411,0,,2026-08-21T14:56:32.229Z,2026-08-21T15:08:19.094Z,707,2026-08-21T15:08:19.094Z,BG,BowlingGreen,0c589208-2221-4d68-8178-9fb813ab6d11,SAMMS-BowlingGreen
202608211508154500,202608211456286351,202608211456286305,76,144433,PPA Bronze,br_SF_PatientPreAdmission,TASK_COMPLETE,SUCCESS,INFO,2569,2569,0,,2026-08-21T14:56:32.229Z,2026-08-21T15:08:19.094Z,707,2026-08-21T15:08:19.094Z,BOI,Boise,0c589208-2221-4d68-8178-9fb813ab6d11,SAMMS-Boise
202608211508154501,202608211456286352,202608211456286305,76,144434,PPA Bronze,br_SF_PatientPreAdmission,TASK_COMPLETE,SUCCESS,INFO,2231,2231,0,,2026-08-21T14:56:32.229Z,2026-08-21T15:08:19.094Z,707,2026-08-21T15:08:19.094Z,CBCO,CoeurdAlene,0c589208-2221-4d68-8178-9fb813ab6d11,SAMMS-CoeurdAleneV6
202608211508154502,202608211456286353,202608211456286305,76,144435,PPA Bronze,br_SF_PatientPreAdmission,TASK_COMPLETE,SUCCESS,INFO,2529,2529,0,,2026-08-21T14:56:32.229Z,2026-08-21T15:08:19.094Z,707,2026-08-21T15:08:19.094Z,CON,Conway,0c589208-2221-4d68-8178-9fb813ab6d11,SAMMS-Conway
202608211508154503,202608211456286354,202608211456286305,76,144436,PPA Bronze,br_SF_PatientPreAdmission,TASK_COMPLETE,SUCCESS,INFO,8993,8993,0,,2026-08-21T14:56:32.229Z,2026-08-21T15:08:19.094Z,707,2026-08-21T15:08:19.094Z,D07,Knoxville,0c589208-2221-4d68-8178-9fb813ab6d11,SAMMS-KnoxvilleV6
202608221113177873,202608221042113217,202608221042112981,85,4559,Bronze INV,br_ReAssessmentTreatment,TASK_COMPLETE,SUCCESS,INFO,3195,3195,0,,2026-08-22T10:42:14.039Z,2026-08-22T11:16:52.295Z,2078,2026-08-22T11:16:52.295Z,DRD-NOLA,NOLA,28d7acf5-bc26-4be3-b390-775b9af3d980,SAMMS-NOLAv5
202608221113177874,202608221042113218,202608221042112981,85,4567,Bronze INV,br_ReAssessmentTreatment,TASK_COMPLETE,SUCCESS,INFO,466,466,0,,2026-08-22T10:42:14.039Z,2026-08-22T11:16:52.295Z,2078,2026-08-22T11:16:52.295Z,FW,Fort Wayne,28d7acf5-bc26-4be3-b390-775b9af3d980,SAMMS-FortWayne
202608221113177875,202608221042113219,202608221042112981,85,4578,Bronze INV,br_ReAssessmentTreatment,TASK_COMPLETE,SUCCESS,INFO,1288,1288,0,,2026-08-22T10:42:14.039Z,2026-08-22T11:16:52.295Z,2078,2026-08-22T11:16:52.295Z,LO,Louisville,28d7acf5-bc26-4be3-b390-775b9af3d980,SAMMS-Louisville
202608221113177876,202608221042113220,202608221042112981,85,4637,Bronze INV,br_ReAssessmentTreatment,TASK_COMPLETE,SUCCESS,INFO,1952,1952,0,,2026-08-22T10:42:14.039Z,2026-08-22T11:16:52.295Z,2078,2026-08-22T11:16:52.295Z,VBRP,Brooklyn Park,28d7acf5-bc26-4be3-b390-775b9af3d980,SAMMS-BrooklynParkV6
202608221113177877,202608221042113221,202608221042112981,85,4640,Bronze INV,br_ReAssessmentTreatment,TASK_COMPLETE,SUCCESS,INFO,873,873,0,,2026-08-22T10:42:14.039Z,2026-08-22T11:16:52.295Z,2078,2026-08-22T11:16:52.295Z,VWBY,Woodbury,28d7acf5-bc26-4be3-b390-775b9af3d980,SAMMS-WoodburyV6
202608221113177979,202608221042212998,202608221042212981,86,5736,Silver INV,sl_ReAssessmentTreatment,TASK_COMPLETE,SUCCESS,INFO,11483,11483,0,,2026-08-22T10:42:14.039Z,2026-08-22T11:16:52.295Z,2078,2026-08-22T11:16:52.295Z,,,28d7acf5-bc26-4be3-b390-775b9af3d980,
202608261139002026,202608261050367385,202608261050367363,18,51022,Orders Bronze SaveOrders - B42B,br_Orders,TASK_COMPLETE,SUCCESS,INFO,0,0,0,,2026-08-26T10:51:23.872Z,2026-08-26T11:39:03.779Z,2860,2026-08-26T11:39:03.779Z,B42B,Franklin,9f27ea6d-77e8-424b-b461-0bad838d803f,SAMMS-FranklinV5
202608261139002027,202608261050367386,202608261050367363,18,51023,Orders Bronze SaveOrders - B42C,br_Orders,TASK_COMPLETE,SUCCESS,INFO,0,0,0,,2026-08-26T10:51:23.872Z,2026-08-26T11:39:03.779Z,2860,2026-08-26T11:39:03.779Z,B42C,GlenAllen,9f27ea6d-77e8-424b-b461-0bad838d803f,SAMMS-GlenAllenV5
202608261139002028,202608261050367387,202608261050367363,18,51024,Orders Bronze SaveOrders - B42D,br_Orders,TASK_COMPLETE,SUCCESS,INFO,0,0,0,,2026-08-26T10:51:23.872Z,2026-08-26T11:39:03.779Z,2860,2026-08-26T11:39:03.779Z,B42D,ChesapeakeSouth,9f27ea6d-77e8-424b-b461-0bad838d803f,SAMMS-ChesapeakeSouthV5
202608261139002029,202608261050367388,202608261050367363,18,51025,Orders Bronze SaveOrders - B44,br_Orders,TASK_COMPLETE,SUCCESS,INFO,0,0,0,,2026-08-26T10:51:23.872Z,2026-08-26T11:39:03.779Z,2860,2026-08-26T11:39:03.779Z,B44,Albany,9f27ea6d-77e8-424b-b461-0bad838d803f,SAMMS-AlbanyV5
202608261139002030,202608261050367389,202608261050367363,18,51026,Orders Bronze SaveOrders - B45,br_Orders,TASK_COMPLETE,SUCCESS,INFO,0,0,0,,2026-08-26T10:51:23.872Z,2026-08-26T11:39:03.779Z,2860,2026-08-26T11:39:03.779Z,B45,Tifton,9f27ea6d-77e8-424b-b461-0bad838d803f,SAMMS-TiftonV5
202608261139002032,202608261050367390,202608261050367363,18,51027,Orders Bronze SaveOrders - B46,br_Orders,TASK_COMPLETE,SUCCESS,INFO,0,0,0,,2026-08-26T10:51:23.872Z,2026-08-26T11:39:03.779Z,2860,2026-08-26T11:39:03.779Z,B46,WashingtonDC,9f27ea6d-77e8-424b-b461-0bad838d803f,SAMMS-WashingtonDCv5
202608261139002033,202608261050367391,202608261050367363,18,51028,Orders Bronze SaveOrders - B47,br_Orders,TASK_COMPLETE,SUCCESS,INFO,0,0,0,,2026-08-26T10:51:23.872Z,2026-08-26T11:39:03.779Z,2860,2026-08-26T11:39:03.779Z,B47,Mobile,9f27ea6d-77e8-424b-b461-0bad838d803f,SAMMS-MobileV5
202608200302505024,202608200240673873,202608200240673824,46,10117,P1 Finance Client Demo 1 Bronze - AHK,br_samms_client_demo1,TASK_COMPLETE,SUCCESS,INFO,301,301,0,,2026-08-20T02:41:23.064Z,2026-08-20T03:02:53.458Z,1290,2026-08-20T03:02:53.458Z,AHK,Ahoskie,05c5c70e-2926-4311-8f49-65b9279948a3,SAMMS-Ahoskie
202608200302505026,202608200240673874,202608200240673824,46,10118,P1 Finance Client Demo 1 Bronze - B12B,br_samms_client_demo1,TASK_COMPLETE,SUCCESS,INFO,1369,1369,0,,2026-08-20T02:41:23.064Z,2026-08-20T03:02:53.458Z,1290,2026-08-20T03:02:53.458Z,B12B,ColoradoSprings,05c5c70e-2926-4311-8f49-65b9279948a3,SAMMS-ColoradoSpringsV5
202608200302505027,202608200240673875,202608200240673824,46,10119,P1 Finance Client Demo 1 Bronze - B24,br_samms_client_demo1,TASK_COMPLETE,SUCCESS,INFO,2919,2919,0,,2026-08-20T02:41:23.064Z,2026-08-20T03:02:53.458Z,1290,2026-08-20T03:02:53.458Z,B24,Paintsville,05c5c70e-2926-4311-8f49-65b9279948a3,SAMMS-PaintsvilleV5
202608261758481413,202608261733446734,202608261733446733,97,5744,P1 Forms Comprehensive Assessment Form Bronze - AHK,br_samms_comprehensive_assessment_form,TASK_COMPLETE,SUCCESS,INFO,62,62,0,,2026-08-26T17:33:51.495Z,2026-08-26T17:58:52.846Z,1501,2026-08-26T17:58:52.846Z,AHK,Ahoskie,4b416fe5-6f5c-4fb7-baa8-f0b32475e9c6,SAMMS-Ahoskie
202608261139002001,202608261050367364,202608261050367363,18,51001,Orders Bronze SaveOrders - AHK,br_Orders,TASK_COMPLETE,SUCCESS,INFO,0,0,0,,2026-08-26T10:51:23.872Z,2026-08-26T11:39:03.779Z,2860,2026-08-26T11:39:03.779Z,AHK,Ahoskie,9f27ea6d-77e8-424b-b461-0bad838d803f,SAMMS-Ahoskie
202608261139002003,202608261050367365,202608261050367363,18,51002,Orders Bronze SaveOrders - B12B,br_Orders,TASK_COMPLETE,SUCCESS,INFO,0,0,0,,2026-08-26T10:51:23.872Z,2026-08-26T11:39:03.779Z,2860,2026-08-26T11:39:03.779Z,B12B,ColoradoSprings,9f27ea6d-77e8-424b-b461-0bad838d803f,SAMMS-ColoradoSpringsV5
202608261139002004,202608261050367366,202608261050367363,18,51003,Orders Bronze SaveOrders - B24,br_Orders,TASK_COMPLETE,SUCCESS,INFO,0,0,0,,2026-08-26T10:51:23.872Z,2026-08-26T11:39:03.779Z,2860,2026-08-26T11:39:03.779Z,B24,Paintsville,9f27ea6d-77e8-424b-b461-0bad838d803f,SAMMS-PaintsvilleV5
202608261139002006,202608261050367367,202608261050367363,18,51004,Orders Bronze SaveOrders - B25,br_Orders,TASK_COMPLETE,SUCCESS,INFO,0,0,0,,2026-08-26T10:51:23.872Z,2026-08-26T11:39:03.779Z,2860,2026-08-26T11:39:03.779Z,B25,Pikeville,9f27ea6d-77e8-424b-b461-0bad838d803f,SAMMS-PikevilleV5
202608261139002007,202608261050367368,202608261050367363,18,51005,Orders Bronze SaveOrders - B26,br_Orders,TASK_COMPLETE,SUCCESS,INFO,0,0,0,,2026-08-26T10:51:23.872Z,2026-08-26T11:39:03.779Z,2860,2026-08-26T11:39:03.779Z,B26,Hazard,9f27ea6d-77e8-424b-b461-0bad838d803f,SAMMS-HazardV5
202608261139002008,202608261050367369,202608261050367363,18,51006,Orders Bronze SaveOrders - B27,br_Orders,TASK_COMPLETE,SUCCESS,INFO,0,0,0,,2026-08-26T10:51:23.872Z,2026-08-26T11:39:03.779Z,2860,2026-08-26T11:39:03.779Z,B27,Savannah,9f27ea6d-77e8-424b-b461-0bad838d803f,SAMMS-SavannahV6
202608261139002009,202608261050367370,202608261050367363,18,51007,Orders Bronze SaveOrders - B28,br_Orders,TASK_COMPLETE,SUCCESS,INFO,0,0,0,,2026-08-26T10:51:23.872Z,2026-08-26T11:39:03.779Z,2860,2026-08-26T11:39:03.779Z,B28,WestPlaines,9f27ea6d-77e8-424b-b461-0bad838d803f,SAMMS-WestPlainesV5
202608201034573090,202608201013530477,202608201013530447,46,9528,P1 Finance Claim Line Item Bronze - B12B,br_samms_claim_line_item,TASK_COMPLETE,SUCCESS,INFO,233663,233663,0,,2026-08-20T10:13:57.622Z,2026-08-20T10:39:20.764Z,1523,2026-08-20T10:39:20.764Z,B12B,ColoradoSprings,069e8d01-766c-4679-b3df-c21f4d7bc3d1,SAMMS-ColoradoSpringsV5
202608250304153705,202608250304153706,20260825030415,121,12584,Silver OffWeek Counseling Engagement,sl_OffWeekCounselingEngagement,TASK_FAILED,FAILED,ERROR,0,0,1,"expected 'except' or 'finally' block (1705733300.py, line 508)",2026-08-25T03:04:15.370Z,2026-08-25T03:04:15.370Z,0,2026-08-25T03:04:15.370Z,,,4ca1b0b0-c23d-41e4-abe5-a2d7fd8486b8,
202608261139002049,202608261050367406,202608261050367363,18,51043,Orders Bronze SaveOrders - B76,br_Orders,TASK_COMPLETE,SUCCESS,INFO,0,0,0,,2026-08-26T10:51:23.872Z,2026-08-26T11:39:03.779Z,2860,2026-08-26T11:39:03.779Z,B76,Huntsville-OBOT,9f27ea6d-77e8-424b-b461-0bad838d803f,SAMMS-Huntsville-OBOT
202608261139002050,202608261050367407,202608261050367363,18,51044,Orders Bronze SaveOrders - BAT,br_Orders,TASK_COMPLETE,SUCCESS,INFO,0,0,0,,2026-08-26T10:51:23.872Z,2026-08-26T11:39:03.779Z,2860,2026-08-26T11:39:03.779Z,BAT,Batesville,9f27ea6d-77e8-424b-b461-0bad838d803f,SAMMS-Batesville
202608261139002051,202608261050367408,202608261050367363,18,51045,Orders Bronze SaveOrders - BG,br_Orders,TASK_COMPLETE,SUCCESS,INFO,0,0,0,,2026-08-26T10:51:23.872Z,2026-08-26T11:39:03.779Z,2860,2026-08-26T11:39:03.779Z,BG,BowlingGreen,9f27ea6d-77e8-424b-b461-0bad838d803f,SAMMS-BowlingGreen
202608261139002052,202608261050367409,202608261050367363,18,51046,Orders Bronze SaveOrders - BOI,br_Orders,TASK_COMPLETE,SUCCESS,INFO,0,0,0,,2026-08-26T10:51:23.872Z,2026-08-26T11:39:03.779Z,2860,2026-08-26T11:39:03.779Z,BOI,Boise,9f27ea6d-77e8-424b-b461-0bad838d803f,SAMMS-Boise
202608261139002053,202608261050367410,202608261050367363,18,51047,Orders Bronze SaveOrders - CBCO,br_Orders,TASK_COMPLETE,SUCCESS,INFO,0,0,0,,2026-08-26T10:51:23.872Z,2026-08-26T11:39:03.779Z,2860,2026-08-26T11:39:03.779Z,CBCO,CoeurdAlene,9f27ea6d-77e8-424b-b461-0bad838d803f,SAMMS-CoeurdAleneV6
202608261139002055,202608261050367411,202608261050367363,18,51048,Orders Bronze SaveOrders - CON,br_Orders,TASK_COMPLETE,SUCCESS,INFO,0,0,0,,2026-08-26T10:51:23.872Z,2026-08-26T11:39:03.779Z,2860,2026-08-26T11:39:03.779Z,CON,Conway,9f27ea6d-77e8-424b-b461-0bad838d803f,SAMMS-Conway
202608261139002056,202608261050367412,202608261050367363,18,51049,Orders Bronze SaveOrders - D07,br_Orders,TASK_COMPLETE,SUCCESS,INFO,0,0,0,,2026-08-26T10:51:23.872Z,2026-08-26T11:39:03.779Z,2860,2026-08-26T11:39:03.779Z,D07,Knoxville,9f27ea6d-77e8-424b-b461-0bad838d803f,SAMMS-KnoxvilleV6
202608261139002034,202608261050367392,202608261050367363,18,51029,Orders Bronze SaveOrders - B48,br_Orders,TASK_COMPLETE,SUCCESS,INFO,0,0,0,,2026-08-26T10:51:23.872Z,2026-08-26T11:39:03.779Z,2860,2026-08-26T11:39:03.779Z,B48,Tuscaloosa,9f27ea6d-77e8-424b-b461-0bad838d803f,SAMMS-TuscaloosaV5
202608261139002035,202608261050367393,202608261050367363,18,51030,Orders Bronze SaveOrders - B51,br_Orders,TASK_COMPLETE,SUCCESS,INFO,0,0,0,,2026-08-26T10:51:23.872Z,2026-08-26T11:39:03.779Z,2860,2026-08-26T11:39:03.779Z,B51,NorthLittleRock,9f27ea6d-77e8-424b-b461-0bad838d803f,SAMMS-NorthLittleRockV6
202608261139002036,202608261050367394,202608261050367363,18,51031,Orders Bronze SaveOrders - B52,br_Orders,TASK_COMPLETE,SUCCESS,INFO,0,0,0,,2026-08-26T10:51:23.872Z,2026-08-26T11:39:03.779Z,2860,2026-08-26T11:39:03.779Z,B52,JacksonGA,9f27ea6d-77e8-424b-b461-0bad838d803f,SAMMS-JacksonGAV5
202608261139002037,202608261050367395,202608261050367363,18,51032,Orders Bronze SaveOrders - B54,br_Orders,TASK_COMPLETE,SUCCESS,INFO,0,0,0,,2026-08-26T10:51:23.872Z,2026-08-26T11:39:03.779Z,2860,2026-08-26T11:39:03.779Z,B54,Gadsden,9f27ea6d-77e8-424b-b461-0bad838d803f,SAMMS-GadsdenV5
202608261139002038,202608261050367396,202608261050367363,18,51033,Orders Bronze SaveOrders - B55,br_Orders,TASK_COMPLETE,SUCCESS,INFO,0,0,0,,2026-08-26T10:51:23.872Z,2026-08-26T11:39:03.779Z,2860,2026-08-26T11:39:03.779Z,B55,Shoals,9f27ea6d-77e8-424b-b461-0bad838d803f,SAMMS-ShoalsV5
202608261139002039,202608261050367397,202608261050367363,18,51034,Orders Bronze SaveOrders - B57,br_Orders,TASK_COMPLETE,SUCCESS,INFO,0,0,0,,2026-08-26T10:51:23.872Z,2026-08-26T11:39:03.779Z,2860,2026-08-26T11:39:03.779Z,B57,Pawtucket,9f27ea6d-77e8-424b-b461-0bad838d803f,SAMMS-Pawtucket
202608261139002040,202608261050367398,202608261050367363,18,51035,Orders Bronze SaveOrders - B57A,br_Orders,TASK_COMPLETE,SUCCESS,INFO,0,0,0,,2026-08-26T10:51:23.872Z,2026-08-26T11:39:03.779Z,2860,2026-08-26T11:39:03.779Z,B57A,Johnston,9f27ea6d-77e8-424b-b461-0bad838d803f,SAMMS-Johnston
202608251649114422,202608251629636816,202608251629636804,88,5244,P1 Reference Custom Answers Bronze - B12B,br_samms_custom_answers,TASK_COMPLETE,SUCCESS,INFO,1748,1748,0,,2026-08-25T16:30:10.484Z,2026-08-25T16:49:14.632Z,1144,2026-08-25T16:49:14.632Z,B12B,ColoradoSprings,6d78ce37-8c21-4519-a454-1e5ee4a84a47,SAMMS-ColoradoSpringsV5
202608270654067073,202608270654067073,20260827043602,132,13711,BAM QI UA Gold,QiUA,TASK_FAILED,FAILED,ERROR,278831,0,278831,An error occurred while calling o26257.saveAsTable. : com.microsoft.fabric.spark.catalog.metadata.DoesNotExistException: Artifact not found: `BHG-DATA-PLATFORM-CORE-DEV`.`bhg_gold`,2026-08-27T06:54:06.707Z,2026-08-27T06:56:06.297Z,119,2026-08-27T06:56:06.297Z,,,475c3e58-0434-45d9-b3f8-9d768448de53,
202608191705197780,202608191654270069,202608191654269970,76,144486,PPA Bronze,br_SF_PatientPreAdmission,TASK_COMPLETE,FAILED,ERROR,0,0,1,PPA Bronze copy failed or did not write rows for this site/run.,2026-08-19T16:54:47.315Z,2026-08-19T17:10:18.523Z,931,2026-08-19T17:10:18.523Z,V12,VCPHCS-XII-DowntownDenver,4736cb14-987d-4509-b3d7-654790c2de16,SAMMS-VCPHCS-XII-DowntownDenverV5
202608191705197781,202608191654270070,202608191654269970,76,144487,PPA Bronze,br_SF_PatientPreAdmission,TASK_COMPLETE,FAILED,ERROR,0,0,1,PPA Bronze copy failed or did not write rows for this site/run.,2026-08-19T16:54:47.315Z,2026-08-19T17:10:18.523Z,931,2026-08-19T17:10:18.523Z,V12A,Centennial,4736cb14-987d-4509-b3d7-654790c2de16,SAMMS-CentennialV5
202608221113177343,202608221042212983,202608221042212981,86,5721,Silver INV,sl_AdmissionAssessmentDimensionOneDisorder,TASK_COMPLETE,SKIPPED,WARN,0,0,0,Skipped: SaveAdmissionAssessmentDimensionOneDisorder failed at BR,2026-08-22T10:42:14.039Z,2026-08-22T11:16:52.295Z,2078,2026-08-22T11:16:52.295Z,,,28d7acf5-bc26-4be3-b390-775b9af3d980,
202608221113177247,202608221042113122,202608221042112981,85,970,Bronze INV,br_AdmissionAssessmentDimensionSix,TASK_COMPLETE,SUCCESS,INFO,493,493,0,,2026-08-22T10:42:14.039Z,2026-08-22T11:16:52.295Z,2078,2026-08-22T11:16:52.295Z,B26,Hazard,28d7acf5-bc26-4be3-b390-775b9af3d980,SAMMS-HazardV5
202608221113177248,202608221042113123,202608221042112981,85,978,Bronze INV,br_AdmissionAssessmentDimensionSix,TASK_COMPLETE,SUCCESS,INFO,443,443,0,,2026-08-22T10:42:14.039Z,2026-08-22T11:16:52.295Z,2078,2026-08-22T11:16:52.295Z,B34,Corbin,28d7acf5-bc26-4be3-b390-775b9af3d980,SAMMS-CorbinV5
202608241448406113,202608241408171882,202608241408171802,88,4731,P1 Reference Clinic Bronze - NC,br_samms_clinic,TASK_COMPLETE,SUCCESS,INFO,1,1,0,,2026-08-24T14:08:21.733Z,2026-08-24T15:03:37.584Z,3316,2026-08-24T15:03:37.584Z,NC,NorthCharleston,6c7532c9-dcb1-40a3-beaa-690039713dec,SAMMS-NorthCharleston
202608241448406115,202608241408171883,202608241408171802,88,4732,P1 Reference Clinic Bronze - NLR,br_samms_clinic,TASK_COMPLETE,SUCCESS,INFO,1,1,0,,2026-08-24T14:08:21.733Z,2026-08-24T15:03:37.584Z,3316,2026-08-24T15:03:37.584Z,NLR,NLROBOT,6c7532c9-dcb1-40a3-beaa-690039713dec,SAMMS-NLROBOT
202608241448406117,202608241408171884,202608241408171802,88,4733,P1 Reference Clinic Bronze - PH,br_samms_clinic,TASK_COMPLETE,SUCCESS,INFO,1,1,0,,2026-08-24T14:08:21.733Z,2026-08-24T15:03:37.584Z,3316,2026-08-24T15:03:37.584Z,PH,Phoenix,6c7532c9-dcb1-40a3-beaa-690039713dec,SAMMS-Phoenix
202608241448406119,202608241408171885,202608241408171802,88,4734,P1 Reference Clinic Bronze - RE,br_samms_clinic,TASK_COMPLETE,SUCCESS,INFO,1,1,0,,2026-08-24T14:08:21.733Z,2026-08-24T15:03:37.584Z,3316,2026-08-24T15:03:37.584Z,RE,Reno,6c7532c9-dcb1-40a3-beaa-690039713dec,SAMMS-Reno
202608241448406120,202608241408171886,202608241408171802,88,4735,P1 Reference Clinic Bronze - RMD,br_samms_clinic,TASK_COMPLETE,SUCCESS,INFO,1,1,0,,2026-08-24T14:08:21.733Z,2026-08-24T15:03:37.584Z,3316,2026-08-24T15:03:37.584Z,RMD,Richmond,6c7532c9-dcb1-40a3-beaa-690039713dec,SAMMS-Richmond
202608241448406122,202608241408171887,202608241408171802,88,4736,P1 Reference Clinic Bronze - SFN,br_samms_clinic,TASK_COMPLETE,SUCCESS,INFO,1,1,0,,2026-08-24T14:08:21.733Z,2026-08-24T15:03:37.584Z,3316,2026-08-24T15:03:37.584Z,SFN,SFN,6c7532c9-dcb1-40a3-beaa-690039713dec,SAMMS-SFNv5
202608241448406124,202608241408171888,202608241408171802,88,4737,P1 Reference Clinic Bronze - SHP,br_samms_clinic,TASK_COMPLETE,SUCCESS,INFO,1,1,0,,2026-08-24T14:08:21.733Z,2026-08-24T15:03:37.584Z,3316,2026-08-24T15:03:37.584Z,SHP,Shreveport,6c7532c9-dcb1-40a3-beaa-690039713dec,SAMMS-Shreveport
202608241448406126,202608241408171889,202608241408171802,88,4738,P1 Reference Clinic Bronze - STN,br_samms_clinic,TASK_COMPLETE,SUCCESS,INFO,1,1,0,,2026-08-24T14:08:21.733Z,2026-08-24T15:03:37.584Z,3316,2026-08-24T15:03:37.584Z,STN,Staunton,6c7532c9-dcb1-40a3-beaa-690039713dec,SAMMS-Staunton
202608241448406128,202608241408171890,202608241408171802,88,4739,P1 Reference Clinic Bronze - STVN,br_samms_clinic,TASK_COMPLETE,SUCCESS,INFO,1,1,0,,2026-08-24T14:08:21.733Z,2026-08-24T15:03:37.584Z,3316,2026-08-24T15:03:37.584Z,STVN,Stevenson,6c7532c9-dcb1-40a3-beaa-690039713dec,SAMMS-Stevenson
202608241448406130,202608241408171891,202608241408171802,88,4740,P1 Reference Clinic Bronze - TE,br_samms_clinic,TASK_COMPLETE,SUCCESS,INFO,1,1,0,,2026-08-24T14:08:21.733Z,2026-08-24T15:03:37.584Z,3316,2026-08-24T15:03:37.584Z,TE,Tempe,6c7532c9-dcb1-40a3-beaa-690039713dec,SAMMS-Tempe
202608241448406132,202608241408171892,202608241408171802,88,4741,P1 Reference Clinic Bronze - TEX,br_samms_clinic,TASK_COMPLETE,SUCCESS,INFO,1,1,0,,2026-08-24T14:08:21.733Z,2026-08-24T15:03:37.584Z,3316,2026-08-24T15:03:37.584Z,TEX,Texarkana,6c7532c9-dcb1-40a3-beaa-690039713dec,SAMMS-Texarkana
202608241448406134,202608241408171893,202608241408171802,88,4742,P1 Reference Clinic Bronze - TTCA,br_samms_clinic,TASK_COMPLETE,SUCCESS,INFO,1,1,0,,2026-08-24T14:08:21.733Z,2026-08-24T15:03:37.584Z,3316,2026-08-24T15:03:37.584Z,TTCA,Bessemer,6c7532c9-dcb1-40a3-beaa-690039713dec,SAMMS-BessemerV5
202608241448406136,202608241408171894,202608241408171802,88,4743,P1 Reference Clinic Bronze - TTCB,br_samms_clinic,TASK_COMPLETE,SUCCESS,INFO,1,1,0,,2026-08-24T14:08:21.733Z,2026-08-24T15:03:37.584Z,3316,2026-08-24T15:03:37.584Z,TTCB,Cullman,6c7532c9-dcb1-40a3-beaa-690039713dec,SAMMS-CullmanV5
202608241448406137,202608241408171895,202608241408171802,88,4744,P1 Reference Clinic Bronze - TTCC,br_samms_clinic,TASK_COMPLETE,SUCCESS,INFO,1,1,0,,2026-08-24T14:08:21.733Z,2026-08-24T15:03:37.584Z,3316,2026-08-24T15:03:37.584Z,TTCC,GrandBay,6c7532c9-dcb1-40a3-beaa-690039713dec,SAMMS-GrandBay
202608241333250273,202608241253386696,202608241253386616,88,4731,P1 Reference Clinic Bronze - NC,br_samms_clinic,TASK_COMPLETE,SUCCESS,INFO,1,1,0,,2026-08-24T12:53:42.369Z,2026-08-24T13:42:52.652Z,2950,2026-08-24T13:42:52.652Z,NC,NorthCharleston,8f1806c1-b1f2-4ac5-b25b-086fec51b8fb,SAMMS-NorthCharleston
202608241333250274,202608241253386697,202608241253386616,88,4732,P1 Reference Clinic Bronze - NLR,br_samms_clinic,TASK_COMPLETE,SUCCESS,INFO,1,1,0,,2026-08-24T12:53:42.369Z,2026-08-24T13:42:52.652Z,2950,2026-08-24T13:42:52.652Z,NLR,NLROBOT,8f1806c1-b1f2-4ac5-b25b-086fec51b8fb,SAMMS-NLROBOT
202608241333250276,202608241253386698,202608241253386616,88,4733,P1 Reference Clinic Bronze - PH,br_samms_clinic,TASK_COMPLETE,SUCCESS,INFO,1,1,0,,2026-08-24T12:53:42.369Z,2026-08-24T13:42:52.652Z,2950,2026-08-24T13:42:52.652Z,PH,Phoenix,8f1806c1-b1f2-4ac5-b25b-086fec51b8fb,SAMMS-Phoenix
202608241333250278,202608241253386699,202608241253386616,88,4734,P1 Reference Clinic Bronze - RE,br_samms_clinic,TASK_COMPLETE,SUCCESS,INFO,1,1,0,,2026-08-24T12:53:42.369Z,2026-08-24T13:42:52.652Z,2950,2026-08-24T13:42:52.652Z,RE,Reno,8f1806c1-b1f2-4ac5-b25b-086fec51b8fb,SAMMS-Reno
202608241333250280,202608241253386700,202608241253386616,88,4735,P1 Reference Clinic Bronze - RMD,br_samms_clinic,TASK_COMPLETE,SUCCESS,INFO,1,1,0,,2026-08-24T12:53:42.369Z,2026-08-24T13:42:52.652Z,2950,2026-08-24T13:42:52.652Z,RMD,Richmond,8f1806c1-b1f2-4ac5-b25b-086fec51b8fb,SAMMS-Richmond
202608241333250282,202608241253386701,202608241253386616,88,4736,P1 Reference Clinic Bronze - SFN,br_samms_clinic,TASK_COMPLETE,SUCCESS,INFO,1,1,0,,2026-08-24T12:53:42.369Z,2026-08-24T13:42:52.652Z,2950,2026-08-24T13:42:52.652Z,SFN,SFN,8f1806c1-b1f2-4ac5-b25b-086fec51b8fb,SAMMS-SFNv5
202608241333250284,202608241253386702,202608241253386616,88,4737,P1 Reference Clinic Bronze - SHP,br_samms_clinic,TASK_COMPLETE,SUCCESS,INFO,1,1,0,,2026-08-24T12:53:42.369Z,2026-08-24T13:42:52.652Z,2950,2026-08-24T13:42:52.652Z,SHP,Shreveport,8f1806c1-b1f2-4ac5-b25b-086fec51b8fb,SAMMS-Shreveport
202608241333250285,202608241253386703,202608241253386616,88,4738,P1 Reference Clinic Bronze - STN,br_samms_clinic,TASK_COMPLETE,SUCCESS,INFO,1,1,0,,2026-08-24T12:53:42.369Z,2026-08-24T13:42:52.652Z,2950,2026-08-24T13:42:52.652Z,STN,Staunton,8f1806c1-b1f2-4ac5-b25b-086fec51b8fb,SAMMS-Staunton
202608241333250287,202608241253386704,202608241253386616,88,4739,P1 Reference Clinic Bronze - STVN,br_samms_clinic,TASK_COMPLETE,SUCCESS,INFO,1,1,0,,2026-08-24T12:53:42.369Z,2026-08-24T13:42:52.652Z,2950,2026-08-24T13:42:52.652Z,STVN,Stevenson,8f1806c1-b1f2-4ac5-b25b-086fec51b8fb,SAMMS-Stevenson
202608241333250289,202608241253386705,202608241253386616,88,4740,P1 Reference Clinic Bronze - TE,br_samms_clinic,TASK_COMPLETE,SUCCESS,INFO,1,1,0,,2026-08-24T12:53:42.369Z,2026-08-24T13:42:52.652Z,2950,2026-08-24T13:42:52.652Z,TE,Tempe,8f1806c1-b1f2-4ac5-b25b-086fec51b8fb,SAMMS-Tempe
202608241333250291,202608241253386706,202608241253386616,88,4741,P1 Reference Clinic Bronze - TEX,br_samms_clinic,TASK_COMPLETE,SUCCESS,INFO,1,1,0,,2026-08-24T12:53:42.369Z,2026-08-24T13:42:52.652Z,2950,2026-08-24T13:42:52.652Z,TEX,Texarkana,8f1806c1-b1f2-4ac5-b25b-086fec51b8fb,SAMMS-Texarkana
202608241333250293,202608241253386707,202608241253386616,88,4742,P1 Reference Clinic Bronze - TTCA,br_samms_clinic,TASK_COMPLETE,SUCCESS,INFO,1,1,0,,2026-08-24T12:53:42.369Z,2026-08-24T13:42:52.652Z,2950,2026-08-24T13:42:52.652Z,TTCA,Bessemer,8f1806c1-b1f2-4ac5-b25b-086fec51b8fb,SAMMS-BessemerV5
202608241333250294,202608241253386708,202608241253386616,88,4743,P1 Reference Clinic Bronze - TTCB,br_samms_clinic,TASK_COMPLETE,SUCCESS,INFO,1,1,0,,2026-08-24T12:53:42.369Z,2026-08-24T13:42:52.652Z,2950,2026-08-24T13:42:52.652Z,TTCB,Cullman,8f1806c1-b1f2-4ac5-b25b-086fec51b8fb,SAMMS-CullmanV5
202608241333250296,202608241253386709,202608241253386616,88,4744,P1 Reference Clinic Bronze - TTCC,br_samms_clinic,TASK_COMPLETE,SUCCESS,INFO,1,1,0,,2026-08-24T12:53:42.369Z,2026-08-24T13:42:52.652Z,2950,2026-08-24T13:42:52.652Z,TTCC,GrandBay,8f1806c1-b1f2-4ac5-b25b-086fec51b8fb,SAMMS-GrandBay
202608220929265588,202608220857344405,202608220857344379,123,13521,Assessments Bronze - SaveAdmissionAssessmentsSubstanceUseHistory - B12B,br_Admissionassessmentsubstanceusehistory,TASK_COMPLETE,SUCCESS,INFO,1723,1723,0,,2026-08-22T08:58:22.185Z,2026-08-22T09:29:29.627Z,1867,2026-08-22T09:29:29.627Z,B12B,ColoradoSprings,39d3782c-f729-4e52-b4aa-f257942a503a,SAMMS-ColoradoSpringsV5
202608220929265589,202608220857344406,202608220857344379,123,13522,Assessments Bronze - SaveAdmissionAssessmentsSubstanceUseHistory - B24,br_Admissionassessmentsubstanceusehistory,TASK_COMPLETE,SUCCESS,INFO,323,323,0,,2026-08-22T08:58:22.185Z,2026-08-22T09:29:29.627Z,1867,2026-08-22T09:29:29.627Z,B24,Paintsville,39d3782c-f729-4e52-b4aa-f257942a503a,SAMMS-PaintsvilleV5
202608191705197777,202608191654270067,202608191654269970,76,144484,PPA Bronze,br_SF_PatientPreAdmission,TASK_COMPLETE,FAILED,ERROR,0,0,1,PPA Bronze copy failed or did not write rows for this site/run.,2026-08-19T16:54:47.315Z,2026-08-19T17:10:18.523Z,931,2026-08-19T17:10:18.523Z,V10A,FortCollins,4736cb14-987d-4509-b3d7-654790c2de16,SAMMS-FortCollinsV5
202608191705197778,202608191654270068,202608191654269970,76,144485,PPA Bronze,br_SF_PatientPreAdmission,TASK_COMPLETE,FAILED,ERROR,0,0,1,PPA Bronze copy failed or did not write rows for this site/run.,2026-08-19T16:54:47.315Z,2026-08-19T17:10:18.523Z,931,2026-08-19T17:10:18.523Z,V11,VCPHCS-XI-NorthDenver,4736cb14-987d-4509-b3d7-654790c2de16,SAMMS-VCPHCS-XI-NorthDenverV5
202608221151283750,202608221137370308,202608221137370305,44,177,SAMMSGLOBAL Silver,sl_User,TASK_COMPLETE,FAILED,ERROR,11983,0,1,[SL Table Failure] Silver execution failed for SaveUser (Activity: nb_brz_to_slv): SAMMS Global pipeline failed.,2026-08-22T11:37:32.306Z,2026-08-22T12:00:00.866Z,1348,2026-08-22T12:00:00.866Z,Global,Global,17fb4855-5e12-4261-b216-b3f67dc16eb3,SAMMSGLOBAL
202608211508154451,202608211456286306,202608211456286305,76,144388,PPA Bronze,br_SF_PatientPreAdmission,TASK_COMPLETE,SUCCESS,INFO,1174,1174,0,,2026-08-21T14:56:32.229Z,2026-08-21T15:08:19.094Z,707,2026-08-21T15:08:19.094Z,AHK,Ahoskie,0c589208-2221-4d68-8178-9fb813ab6d11,SAMMS-Ahoskie
202608211508154452,202608211456286307,202608211456286305,76,144389,PPA Bronze,br_SF_PatientPreAdmission,TASK_COMPLETE,SUCCESS,INFO,3001,3001,0,,2026-08-21T14:56:32.229Z,2026-08-21T15:08:19.094Z,707,2026-08-21T15:08:19.094Z,B12B,ColoradoSprings,0c589208-2221-4d68-8178-9fb813ab6d11,SAMMS-ColoradoSpringsV5
202608211508154453,202608211456286308,202608211456286305,76,144390,PPA Bronze,br_SF_PatientPreAdmission,TASK_COMPLETE,SUCCESS,INFO,7978,7978,0,,2026-08-21T14:56:32.229Z,2026-08-21T15:08:19.094Z,707,2026-08-21T15:08:19.094Z,B24,Paintsville,0c589208-2221-4d68-8178-9fb813ab6d11,SAMMS-PaintsvilleV5
202608211508154454,202608211456286309,202608211456286305,76,144391,PPA Bronze,br_SF_PatientPreAdmission,TASK_COMPLETE,SUCCESS,INFO,6759,6759,0,,2026-08-21T14:56:32.229Z,2026-08-21T15:08:19.094Z,707,2026-08-21T15:08:19.094Z,B25,Pikeville,0c589208-2221-4d68-8178-9fb813ab6d11,SAMMS-PikevilleV5
202608211508154455,202608211456286310,202608211456286305,76,144392,PPA Bronze,br_SF_PatientPreAdmission,TASK_COMPLETE,SUCCESS,INFO,17596,17596,0,,2026-08-21T14:56:32.229Z,2026-08-21T15:08:19.094Z,707,2026-08-21T15:08:19.094Z,B26,Hazard,0c589208-2221-4d68-8178-9fb813ab6d11,SAMMS-HazardV5
202608211508154457,202608211456286311,202608211456286305,76,144393,PPA Bronze,br_SF_PatientPreAdmission,TASK_COMPLETE,SUCCESS,INFO,3215,3215,0,,2026-08-21T14:56:32.229Z,2026-08-21T15:08:19.094Z,707,2026-08-21T15:08:19.094Z,B27,Savannah,0c589208-2221-4d68-8178-9fb813ab6d11,SAMMS-SavannahV6
202608211508154458,202608211456286312,202608211456286305,76,144394,PPA Bronze,br_SF_PatientPreAdmission,TASK_COMPLETE,SUCCESS,INFO,2287,2287,0,,2026-08-21T14:56:32.229Z,2026-08-21T15:08:19.094Z,707,2026-08-21T15:08:19.094Z,B28,WestPlaines,0c589208-2221-4d68-8178-9fb813ab6d11,SAMMS-WestPlainesV5
202608211508154467,202608211456286320,202608211456286305,76,144402,PPA Bronze,br_SF_PatientPreAdmission,TASK_COMPLETE,SUCCESS,INFO,5486,5486,0,,2026-08-21T14:56:32.229Z,2026-08-21T15:08:19.094Z,707,2026-08-21T15:08:19.094Z,B36,Asheville,0c589208-2221-4d68-8178-9fb813ab6d11,SAMMS-AshevilleV5
202608211508154468,202608211456286321,202608211456286305,76,144403,PPA Bronze,br_SF_PatientPreAdmission,TASK_COMPLETE,SUCCESS,INFO,3823,3823,0,,2026-08-21T14:56:32.229Z,2026-08-21T15:08:19.094Z,707,2026-08-21T15:08:19.094Z,B37,Clyde,0c589208-2221-4d68-8178-9fb813ab6d11,SAMMS-ClydeV5
202608211508154469,202608211456286322,202608211456286305,76,144404,PPA Bronze,br_SF_PatientPreAdmission,TASK_COMPLETE,SUCCESS,INFO,7165,7165,0,,2026-08-21T14:56:32.229Z,2026-08-21T15:08:19.094Z,707,2026-08-21T15:08:19.094Z,B38,Spartanburg,0c589208-2221-4d68-8178-9fb813ab6d11,SAMMS-SpartanburgV5
202608211508154470,202608211456286323,202608211456286305,76,144405,PPA Bronze,br_SF_PatientPreAdmission,TASK_COMPLETE,SUCCESS,INFO,3368,3368,0,,2026-08-21T14:56:32.229Z,2026-08-21T15:08:19.094Z,707,2026-08-21T15:08:19.094Z,B39,Aiken,0c589208-2221-4d68-8178-9fb813ab6d11,SAMMS-AikenV5
202608211508154471,202608211456286324,202608211456286305,76,144406,PPA Bronze,br_SF_PatientPreAdmission,TASK_COMPLETE,SUCCESS,INFO,6863,6863,0,,2026-08-21T14:56:32.229Z,2026-08-21T15:08:19.094Z,707,2026-08-21T15:08:19.094Z,B41,Chesapeake,0c589208-2221-4d68-8178-9fb813ab6d11,SAMMS-ChesapeakeV5
202608211508154472,202608211456286325,202608211456286305,76,144407,PPA Bronze,br_SF_PatientPreAdmission,TASK_COMPLETE,SUCCESS,INFO,9049,9049,0,,2026-08-21T14:56:32.229Z,2026-08-21T15:08:19.094Z,707,2026-08-21T15:08:19.094Z,B42,VirginiaBeach,0c589208-2221-4d68-8178-9fb813ab6d11,SAMMS-VirginiaBeachV5
202608211508154473,202608211456286326,202608211456286305,76,144408,PPA Bronze,br_SF_PatientPreAdmission,TASK_COMPLETE,SUCCESS,INFO,5283,5283,0,,2026-08-21T14:56:32.229Z,2026-08-21T15:08:19.094Z,707,2026-08-21T15:08:19.094Z,B42A,NewportNews,0c589208-2221-4d68-8178-9fb813ab6d11,SAMMS-NewportNewsV5
202608201034573099,202608201013530483,202608201013530447,46,9648,P1 Finance Claim Line Item Activity Bronze - B25,br_samms_claim_line_item_activity,TASK_COMPLETE,SUCCESS,INFO,156250,156250,0,,2026-08-20T10:13:57.622Z,2026-08-20T10:39:20.764Z,1523,2026-08-20T10:39:20.764Z,B25,Pikeville,069e8d01-766c-4679-b3df-c21f4d7bc3d1,SAMMS-PikevilleV5
202608211508154474,202608211456286327,202608211456286305,76,144409,PPA Bronze,br_SF_PatientPreAdmission,TASK_COMPLETE,SUCCESS,INFO,1328,1328,0,,2026-08-21T14:56:32.229Z,2026-08-21T15:08:19.094Z,707,2026-08-21T15:08:19.094Z,B42B,Franklin,0c589208-2221-4d68-8178-9fb813ab6d11,SAMMS-FranklinV5
202608211508154475,202608211456286328,202608211456286305,76,144410,PPA Bronze,br_SF_PatientPreAdmission,TASK_COMPLETE,SUCCESS,INFO,5856,5856,0,,2026-08-21T14:56:32.229Z,2026-08-21T15:08:19.094Z,707,2026-08-21T15:08:19.094Z,B42C,GlenAllen,0c589208-2221-4d68-8178-9fb813ab6d11,SAMMS-GlenAllenV5
202608211508154476,202608211456286329,202608211456286305,76,144411,PPA Bronze,br_SF_PatientPreAdmission,TASK_COMPLETE,SUCCESS,INFO,4722,4722,0,,2026-08-21T14:56:32.229Z,2026-08-21T15:08:19.094Z,707,2026-08-21T15:08:19.094Z,B42D,ChesapeakeSouth,0c589208-2221-4d68-8178-9fb813ab6d11,SAMMS-ChesapeakeSouthV5
202608211508154477,202608211456286330,202608211456286305,76,144412,PPA Bronze,br_SF_PatientPreAdmission,TASK_COMPLETE,SUCCESS,INFO,2581,2581,0,,2026-08-21T14:56:32.229Z,2026-08-21T15:08:19.094Z,707,2026-08-21T15:08:19.094Z,B44,Albany,0c589208-2221-4d68-8178-9fb813ab6d11,SAMMS-AlbanyV5
202608211508154478,202608211456286331,202608211456286305,76,144413,PPA Bronze,br_SF_PatientPreAdmission,TASK_COMPLETE,SUCCESS,INFO,5417,5417,0,,2026-08-21T14:56:32.229Z,2026-08-21T15:08:19.094Z,707,2026-08-21T15:08:19.094Z,B45,Tifton,0c589208-2221-4d68-8178-9fb813ab6d11,SAMMS-TiftonV5
202608211508154480,202608211456286332,202608211456286305,76,144414,PPA Bronze,br_SF_PatientPreAdmission,TASK_COMPLETE,SUCCESS,INFO,9692,9692,0,,2026-08-21T14:56:32.229Z,2026-08-21T15:08:19.094Z,707,2026-08-21T15:08:19.094Z,B46,WashingtonDC,0c589208-2221-4d68-8178-9fb813ab6d11,SAMMS-WashingtonDCv5
202608211508154481,202608211456286333,202608211456286305,76,144415,PPA Bronze,br_SF_PatientPreAdmission,TASK_COMPLETE,SUCCESS,INFO,7480,7480,0,,2026-08-21T14:56:32.229Z,2026-08-21T15:08:19.094Z,707,2026-08-21T15:08:19.094Z,B47,Mobile,0c589208-2221-4d68-8178-9fb813ab6d11,SAMMS-MobileV5
202608220929265563,202608220857344383,202608220857344379,123,12715,Assessments Bronze - SavePACounselorReview - AHK,br_PACounselorReview,TASK_COMPLETE,SUCCESS,INFO,65,65,0,,2026-08-22T08:58:22.185Z,2026-08-22T09:29:29.627Z,1867,2026-08-22T09:29:29.627Z,AHK,Ahoskie,39d3782c-f729-4e52-b4aa-f257942a503a,SAMMS-Ahoskie
202608220929265564,202608220857344384,202608220857344379,123,12716,Assessments Bronze - SavePACounselorReview - B12B,br_PACounselorReview,TASK_COMPLETE,SUCCESS,INFO,832,832,0,,2026-08-22T08:58:22.185Z,2026-08-22T09:29:29.627Z,1867,2026-08-22T09:29:29.627Z,B12B,ColoradoSprings,39d3782c-f729-4e52-b4aa-f257942a503a,SAMMS-ColoradoSpringsV5
202608251731205971,202608251712611189,202608251712611180,88,5597,P1 Reference Preadmission Referral Source Bronze - AHK,br_samms_preadmission_referral_source,TASK_COMPLETE,SUCCESS,INFO,78,78,0,,2026-08-25T17:13:33.765Z,2026-08-25T17:31:23.946Z,1070,2026-08-25T17:31:23.946Z,AHK,Ahoskie,72553dbc-d702-4eda-a5d0-9ceb643e22ea,SAMMS-Ahoskie
202608251649114424,202608251629636818,202608251629636804,88,5362,P1 Reference Custom Questions Bronze - B12B,br_samms_custom_questions,TASK_COMPLETE,SUCCESS,INFO,49,49,0,,2026-08-25T16:30:10.484Z,2026-08-25T16:49:14.632Z,1144,2026-08-25T16:49:14.632Z,B12B,ColoradoSprings,6d78ce37-8c21-4519-a454-1e5ee4a84a47,SAMMS-ColoradoSpringsV5
202608251649114426,202608251629636820,202608251629636804,88,5480,P1 Reference PreAdmission V6 Bronze - B12B,br_samms_pre_admission_v6,TASK_COMPLETE,SUCCESS,INFO,141,141,0,,2026-08-25T16:30:10.484Z,2026-08-25T16:49:14.632Z,1144,2026-08-25T16:49:14.632Z,B12B,ColoradoSprings,6d78ce37-8c21-4519-a454-1e5ee4a84a47,SAMMS-ColoradoSpringsV5
202608221113177399,202608221042113083,202608221042112981,85,1346,Bronze INV,br_AdmissionAssessmentDimensionTwo,TASK_COMPLETE,SUCCESS,INFO,449,449,0,,2026-08-22T10:42:14.039Z,2026-08-22T11:16:52.295Z,2078,2026-08-22T11:16:52.295Z,B34,Corbin,28d7acf5-bc26-4be3-b390-775b9af3d980,SAMMS-CorbinV5
202608221113177400,202608221042113084,202608221042112981,85,1347,Bronze INV,br_AdmissionAssessmentDimensionTwo,TASK_COMPLETE,SUCCESS,INFO,719,719,0,,2026-08-22T10:42:14.039Z,2026-08-22T11:16:52.295Z,2078,2026-08-22T11:16:52.295Z,B35,Lexington,28d7acf5-bc26-4be3-b390-775b9af3d980,SAMMS-LexingtonV5
202608221113177401,202608221042113085,202608221042112981,85,1361,Bronze INV,br_AdmissionAssessmentDimensionTwo,TASK_COMPLETE,SUCCESS,INFO,661,661,0,,2026-08-22T10:42:14.039Z,2026-08-22T11:16:52.295Z,2078,2026-08-22T11:16:52.295Z,B46,Washington DC,28d7acf5-bc26-4be3-b390-775b9af3d980,SAMMS-WashingtonDCv5
202608221113177402,202608221042113086,202608221042112981,85,1362,Bronze INV,br_AdmissionAssessmentDimensionTwo,TASK_COMPLETE,SUCCESS,INFO,355,355,0,,2026-08-22T10:42:14.039Z,2026-08-22T11:16:52.295Z,2078,2026-08-22T11:16:52.295Z,B47,Mobile,28d7acf5-bc26-4be3-b390-775b9af3d980,SAMMS-MobileV5
202608221113177404,202608221042113087,202608221042112981,85,1431,Bronze INV,br_AdmissionAssessmentDimensionTwo,TASK_COMPLETE,SUCCESS,INFO,1257,1257,0,,2026-08-22T10:42:14.039Z,2026-08-22T11:16:52.295Z,2078,2026-08-22T11:16:52.295Z,DRD-NOLA,NOLA,28d7acf5-bc26-4be3-b390-775b9af3d980,SAMMS-NOLAv5
202608221113177405,202608221042113088,202608221042112981,85,1439,Bronze INV,br_AdmissionAssessmentDimensionTwo,TASK_COMPLETE,SUCCESS,INFO,679,679,0,,2026-08-22T10:42:14.039Z,2026-08-22T11:16:52.295Z,2078,2026-08-22T11:16:52.295Z,FW,Fort Wayne,28d7acf5-bc26-4be3-b390-775b9af3d980,SAMMS-FortWayne
202608211508154482,202608211456286334,202608211456286305,76,144416,PPA Bronze,br_SF_PatientPreAdmission,TASK_COMPLETE,SUCCESS,INFO,5762,5762,0,,2026-08-21T14:56:32.229Z,2026-08-21T15:08:19.094Z,707,2026-08-21T15:08:19.094Z,B48,Tuscaloosa,0c589208-2221-4d68-8178-9fb813ab6d11,SAMMS-TuscaloosaV5
202608211508154483,202608211456286335,202608211456286305,76,144417,PPA Bronze,br_SF_PatientPreAdmission,TASK_COMPLETE,SUCCESS,INFO,3048,3048,0,,2026-08-21T14:56:32.229Z,2026-08-21T15:08:19.094Z,707,2026-08-21T15:08:19.094Z,B51,NorthLittleRock,0c589208-2221-4d68-8178-9fb813ab6d11,SAMMS-NorthLittleRockV6
202608211508154484,202608211456286336,202608211456286305,76,144418,PPA Bronze,br_SF_PatientPreAdmission,TASK_COMPLETE,SUCCESS,INFO,3416,3416,0,,2026-08-21T14:56:32.229Z,2026-08-21T15:08:19.094Z,707,2026-08-21T15:08:19.094Z,B52,JacksonGA,0c589208-2221-4d68-8178-9fb813ab6d11,SAMMS-JacksonGAV5
202608211508154485,202608211456286337,202608211456286305,76,144419,PPA Bronze,br_SF_PatientPreAdmission,TASK_COMPLETE,SUCCESS,INFO,5015,5015,0,,2026-08-21T14:56:32.229Z,2026-08-21T15:08:19.094Z,707,2026-08-21T15:08:19.094Z,B54,Gadsden,0c589208-2221-4d68-8178-9fb813ab6d11,SAMMS-GadsdenV5
202608211508154486,202608211456286338,202608211456286305,76,144420,PPA Bronze,br_SF_PatientPreAdmission,TASK_COMPLETE,SUCCESS,INFO,7313,7313,0,,2026-08-21T14:56:32.229Z,2026-08-21T15:08:19.094Z,707,2026-08-21T15:08:19.094Z,B55,Shoals,0c589208-2221-4d68-8178-9fb813ab6d11,SAMMS-ShoalsV5
202608211508154487,202608211456286339,202608211456286305,76,144421,PPA Bronze,br_SF_PatientPreAdmission,TASK_COMPLETE,SUCCESS,INFO,2845,2845,0,,2026-08-21T14:56:32.229Z,2026-08-21T15:08:19.094Z,707,2026-08-21T15:08:19.094Z,B57,Pawtucket,0c589208-2221-4d68-8178-9fb813ab6d11,SAMMS-Pawtucket
202608211508154488,202608211456286340,202608211456286305,76,144422,PPA Bronze,br_SF_PatientPreAdmission,TASK_COMPLETE,SUCCESS,INFO,4259,4259,0,,2026-08-21T14:56:32.229Z,2026-08-21T15:08:19.094Z,707,2026-08-21T15:08:19.094Z,B57A,Johnston,0c589208-2221-4d68-8178-9fb813ab6d11,SAMMS-Johnston
202608201034573084,202608201013530450,202608201013530447,46,8703,P1 Finance Bills Bronze - B24,br_samms_bills,TASK_COMPLETE,FAILED,ERROR,0,0,1,SaveBills Bronze ForEach failed,2026-08-20T10:13:57.622Z,2026-08-20T10:39:20.764Z,1523,2026-08-20T10:39:20.764Z,B24,Paintsville,069e8d01-766c-4679-b3df-c21f4d7bc3d1,SAMMS-PaintsvilleV5
202608201034573098,202608201013530482,202608201013530447,46,9647,P1 Finance Claim Line Item Activity Bronze - B24,br_samms_claim_line_item_activity,TASK_COMPLETE,SUCCESS,INFO,195213,195213,0,,2026-08-20T10:13:57.622Z,2026-08-20T10:39:20.764Z,1523,2026-08-20T10:39:20.764Z,B24,Paintsville,069e8d01-766c-4679-b3df-c21f4d7bc3d1,SAMMS-PaintsvilleV5
202608261758481426,202608261733446745,202608261733446733,97,6330,P1 Forms Consent To Marketing Bronze - B12B,br_samms_consent_to_marketing,TASK_COMPLETE,SUCCESS,INFO,64,64,0,,2026-08-26T17:33:51.495Z,2026-08-26T17:58:52.846Z,1501,2026-08-26T17:58:52.846Z,B12B,ColoradoSprings,4b416fe5-6f5c-4fb7-baa8-f0b32475e9c6,SAMMS-ColoradoSpringsV5
202608261758481422,202608261733446741,202608261733446733,97,6096,P1 Forms SF Data Forms Bronze - B12B,br_samms_sf_data_forms,TASK_COMPLETE,SUCCESS,INFO,2767,2767,0,,2026-08-26T17:33:51.495Z,2026-08-26T17:58:52.846Z,1501,2026-08-26T17:58:52.846Z,B12B,ColoradoSprings,4b416fe5-6f5c-4fb7-baa8-f0b32475e9c6,SAMMS-ColoradoSpringsV5
202608261758481423,202608261733446742,202608261733446733,97,6212,P1 Forms SMS Text Consent Form Bronze - AHK,br_samms_sms_text_consent_form,TASK_COMPLETE,SUCCESS,INFO,19,19,0,,2026-08-26T17:33:51.495Z,2026-08-26T17:58:52.846Z,1501,2026-08-26T17:58:52.846Z,AHK,Ahoskie,4b416fe5-6f5c-4fb7-baa8-f0b32475e9c6,SAMMS-Ahoskie
202608280708428749,202608280708428750,20260828070842,121,12584,Silver OffWeek Counseling,sl_offweekcounselingnoshow,TASK_FAILED,FAILED,ERROR,0,0,1,No active EtlConfig found in bhg_bronze.meta.etlconfig for: nb_offweekcounseling_slv_to_,2026-08-28T07:08:42.874Z,2026-08-28T07:08:42.874Z,0,2026-08-28T07:08:42.874Z,,,3712096e-e902-48ff-a2cc-1e6231386237,
202608221113177815,202608221042113187,202608221042112981,85,4007,Bronze INV,br_ReAssessmentPhysicalHealth,TASK_COMPLETE,SUCCESS,INFO,3205,3205,0,,2026-08-22T10:42:14.039Z,2026-08-22T11:16:52.295Z,2078,2026-08-22T11:16:52.295Z,DRD-NOLA,NOLA,28d7acf5-bc26-4be3-b390-775b9af3d980,SAMMS-NOLAv5
202608221113177816,202608221042113188,202608221042112981,85,4015,Bronze INV,br_ReAssessmentPhysicalHealth,TASK_COMPLETE,SUCCESS,INFO,471,471,0,,2026-08-22T10:42:14.039Z,2026-08-22T11:16:52.295Z,2078,2026-08-22T11:16:52.295Z,FW,Fort Wayne,28d7acf5-bc26-4be3-b390-775b9af3d980,SAMMS-FortWayne
202608221113177817,202608221042113189,202608221042112981,85,4026,Bronze INV,br_ReAssessmentPhysicalHealth,TASK_COMPLETE,SUCCESS,INFO,1290,1290,0,,2026-08-22T10:42:14.039Z,2026-08-22T11:16:52.295Z,2078,2026-08-22T11:16:52.295Z,LO,Louisville,28d7acf5-bc26-4be3-b390-775b9af3d980,SAMMS-Louisville
202608221113177819,202608221042113190,202608221042112981,85,4085,Bronze INV,br_ReAssessmentPhysicalHealth,TASK_COMPLETE,SUCCESS,INFO,1965,1965,0,,2026-08-22T10:42:14.039Z,2026-08-22T11:16:52.295Z,2078,2026-08-22T11:16:52.295Z,VBRP,Brooklyn Park,28d7acf5-bc26-4be3-b390-775b9af3d980,SAMMS-BrooklynParkV6
202608221113177820,202608221042113191,202608221042112981,85,4088,Bronze INV,br_ReAssessmentPhysicalHealth,TASK_COMPLETE,SUCCESS,INFO,889,889,0,,2026-08-22T10:42:14.039Z,2026-08-22T11:16:52.295Z,2078,2026-08-22T11:16:52.295Z,VWBY,Woodbury,28d7acf5-bc26-4be3-b390-775b9af3d980,SAMMS-WoodburyV6
202608221113177921,202608221042212995,202608221042212981,86,5733,Silver INV,sl_ReAssessmentPhysicalHealth,TASK_COMPLETE,SUCCESS,INFO,11585,11585,0,,2026-08-22T10:42:14.039Z,2026-08-22T11:16:52.295Z,2078,2026-08-22T11:16:52.295Z,,,28d7acf5-bc26-4be3-b390-775b9af3d980,
202608221113177464,202608221042113067,202608221042112981,85,1615,Bronze INV,br_AdmissionAssessmentSummary,TASK_COMPLETE,SUCCESS,INFO,1275,1275,0,,2026-08-22T10:42:14.039Z,2026-08-22T11:16:52.295Z,2078,2026-08-22T11:16:52.295Z,DRD-NOLA,NOLA,28d7acf5-bc26-4be3-b390-775b9af3d980,SAMMS-NOLAv5
202608221113177465,202608221042113068,202608221042112981,85,1623,Bronze INV,br_AdmissionAssessmentSummary,TASK_COMPLETE,SUCCESS,INFO,684,684,0,,2026-08-22T10:42:14.039Z,2026-08-22T11:16:52.295Z,2078,2026-08-22T11:16:52.295Z,FW,Fort Wayne,28d7acf5-bc26-4be3-b390-775b9af3d980,SAMMS-FortWayne
202608221113177466,202608221042113069,202608221042112981,85,1634,Bronze INV,br_AdmissionAssessmentSummary,TASK_COMPLETE,SUCCESS,INFO,450,450,0,,2026-08-22T10:42:14.039Z,2026-08-22T11:16:52.295Z,2078,2026-08-22T11:16:52.295Z,LO,Louisville,28d7acf5-bc26-4be3-b390-775b9af3d980,SAMMS-Louisville
202608221113177467,202608221042113070,202608221042112981,85,1693,Bronze INV,br_AdmissionAssessmentSummary,TASK_COMPLETE,SUCCESS,INFO,617,617,0,,2026-08-22T10:42:14.039Z,2026-08-22T11:16:52.295Z,2078,2026-08-22T11:16:52.295Z,VBRP,Brooklyn Park,28d7acf5-bc26-4be3-b390-775b9af3d980,SAMMS-BrooklynParkV6
202608221113177469,202608221042113071,202608221042112981,85,1696,Bronze INV,br_AdmissionAssessmentSummary,TASK_COMPLETE,SUCCESS,INFO,1132,1132,0,,2026-08-22T10:42:14.039Z,2026-08-22T11:16:52.295Z,2078,2026-08-22T11:16:52.295Z,VWBY,Woodbury,28d7acf5-bc26-4be3-b390-775b9af3d980,SAMMS-WoodburyV6
202608221113177570,202608221042212989,202608221042212981,86,5727,Silver INV,sl_AdmissionAssessmentSummary,TASK_COMPLETE,SUCCESS,INFO,6971,6971,0,,2026-08-22T10:42:14.039Z,2026-08-22T11:16:52.295Z,2078,2026-08-22T11:16:52.295Z,,,28d7acf5-bc26-4be3-b390-775b9af3d980,
202608211024499967,202608211014397324,202608211014397317,123,12830,Assessments Bronze - SavePADimension1 - AHK,br_PADimension1,TASK_COMPLETE,SUCCESS,INFO,67,67,0,,2026-08-21T10:15:22.398Z,2026-08-21T10:27:04.981Z,702,2026-08-21T10:27:04.981Z,AHK,Ahoskie,8c07e343-4781-4d6b-b62d-dcb12587d856,SAMMS-Ahoskie
202608211024499968,202608211014397325,202608211014397317,123,12831,Assessments Bronze - SavePADimension1 - B12B,br_PADimension1,TASK_COMPLETE,SUCCESS,INFO,836,836,0,,2026-08-21T10:15:22.398Z,2026-08-21T10:27:04.981Z,702,2026-08-21T10:27:04.981Z,B12B,ColoradoSprings,8c07e343-4781-4d6b-b62d-dcb12587d856,SAMMS-ColoradoSpringsV5
202608211024499969,202608211014397326,202608211014397317,123,12832,Assessments Bronze - SavePADimension1 - B24,br_PADimension1,TASK_COMPLETE,SUCCESS,INFO,449,449,0,,2026-08-21T10:15:22.398Z,2026-08-21T10:27:04.981Z,702,2026-08-21T10:27:04.981Z,B24,Paintsville,8c07e343-4781-4d6b-b62d-dcb12587d856,SAMMS-PaintsvilleV5
202608211024516140,202608211014497320,202608211014497317,124,13637,Assessments Silver - SavePADimension1,sl_PADimension1,TASK_COMPLETE,SUCCESS,INFO,1352,1352,0,,2026-08-21T10:15:22.398Z,2026-08-21T10:27:04.981Z,702,2026-08-21T10:27:04.981Z,,,8c07e343-4781-4d6b-b62d-dcb12587d856,
202608211024533544,202608211014397330,202608211014397317,123,13060,Assessments Bronze - SavePADimension3 - AHK,br_PADimension3,TASK_COMPLETE,SUCCESS,INFO,66,66,0,,2026-08-21T10:15:22.398Z,2026-08-21T10:27:04.981Z,702,2026-08-21T10:27:04.981Z,AHK,Ahoskie,8c07e343-4781-4d6b-b62d-dcb12587d856,SAMMS-Ahoskie
202608211024533546,202608211014397331,202608211014397317,123,13061,Assessments Bronze - SavePADimension3 - B12B,br_PADimension3,TASK_COMPLETE,SUCCESS,INFO,827,827,0,,2026-08-21T10:15:22.398Z,2026-08-21T10:27:04.981Z,702,2026-08-21T10:27:04.981Z,B12B,ColoradoSprings,8c07e343-4781-4d6b-b62d-dcb12587d856,SAMMS-ColoradoSpringsV5
202608211024533547,202608211014397332,202608211014397317,123,13062,Assessments Bronze - SavePADimension3 - B24,br_PADimension3,TASK_COMPLETE,SUCCESS,INFO,446,446,0,,2026-08-21T10:15:22.398Z,2026-08-21T10:27:04.981Z,702,2026-08-21T10:27:04.981Z,B24,Paintsville,8c07e343-4781-4d6b-b62d-dcb12587d856,SAMMS-PaintsvilleV5
202608211024551162,202608211014497322,202608211014497317,124,13639,Assessments Silver - SavePADimension3,sl_PADimension3,TASK_COMPLETE,SUCCESS,INFO,1339,1339,0,,2026-08-21T10:15:22.398Z,2026-08-21T10:27:04.981Z,702,2026-08-21T10:27:04.981Z,,,8c07e343-4781-4d6b-b62d-dcb12587d856,
202608211024551064,202608211014397333,202608211014397317,123,13175,Assessments Bronze - SavePADimension4 - AHK,br_PADimension4,TASK_COMPLETE,SUCCESS,INFO,66,66,0,,2026-08-21T10:15:22.398Z,2026-08-21T10:27:04.981Z,702,2026-08-21T10:27:04.981Z,AHK,Ahoskie,8c07e343-4781-4d6b-b62d-dcb12587d856,SAMMS-Ahoskie
202608211024551066,202608211014397334,202608211014397317,123,13176,Assessments Bronze - SavePADimension4 - B12B,br_PADimension4,TASK_COMPLETE,SUCCESS,INFO,827,827,0,,2026-08-21T10:15:22.398Z,2026-08-21T10:27:04.981Z,702,2026-08-21T10:27:04.981Z,B12B,ColoradoSprings,8c07e343-4781-4d6b-b62d-dcb12587d856,SAMMS-ColoradoSpringsV5
202608211024551067,202608211014397335,202608211014397317,123,13177,Assessments Bronze - SavePADimension4 - B24,br_PADimension4,TASK_COMPLETE,SUCCESS,INFO,446,446,0,,2026-08-21T10:15:22.398Z,2026-08-21T10:27:04.981Z,702,2026-08-21T10:27:04.981Z,B24,Paintsville,8c07e343-4781-4d6b-b62d-dcb12587d856,SAMMS-PaintsvilleV5
202608211024566348,202608211014497323,202608211014497317,124,13640,Assessments Silver - SavePADimension4,sl_PADimension4,TASK_COMPLETE,SUCCESS,INFO,1339,1339,0,,2026-08-21T10:15:22.398Z,2026-08-21T10:27:04.981Z,702,2026-08-21T10:27:04.981Z,,,8c07e343-4781-4d6b-b62d-dcb12587d856,
202608201034573142,202608201013530465,202608201013530447,46,9174,P1 Finance Payer Client History Bronze - B12B,br_samms_payer_clt_history,TASK_COMPLETE,SUCCESS,INFO,567,567,0,,2026-08-20T10:13:57.622Z,2026-08-20T10:39:20.764Z,1523,2026-08-20T10:39:20.764Z,B12B,ColoradoSprings,069e8d01-766c-4679-b3df-c21f4d7bc3d1,SAMMS-ColoradoSpringsV5
202608211024516042,202608211014397327,202608211014397317,123,12945,Assessments Bronze - SavePADimension2 - AHK,br_PADimension2,TASK_COMPLETE,SUCCESS,INFO,66,66,0,,2026-08-21T10:15:22.398Z,2026-08-21T10:27:04.981Z,702,2026-08-21T10:27:04.981Z,AHK,Ahoskie,8c07e343-4781-4d6b-b62d-dcb12587d856,SAMMS-Ahoskie
202608211024516043,202608211014397328,202608211014397317,123,12946,Assessments Bronze - SavePADimension2 - B12B,br_PADimension2,TASK_COMPLETE,SUCCESS,INFO,828,828,0,,2026-08-21T10:15:22.398Z,2026-08-21T10:27:04.981Z,702,2026-08-21T10:27:04.981Z,B12B,ColoradoSprings,8c07e343-4781-4d6b-b62d-dcb12587d856,SAMMS-ColoradoSpringsV5
202608211024516044,202608211014397329,202608211014397317,123,12947,Assessments Bronze - SavePADimension2 - B24,br_PADimension2,TASK_COMPLETE,SUCCESS,INFO,448,448,0,,2026-08-21T10:15:22.398Z,2026-08-21T10:27:04.981Z,702,2026-08-21T10:27:04.981Z,B24,Paintsville,8c07e343-4781-4d6b-b62d-dcb12587d856,SAMMS-PaintsvilleV5
202608211024533642,202608211014497321,202608211014497317,124,13638,Assessments Silver - SavePADimension2,sl_PADimension2,TASK_COMPLETE,SUCCESS,INFO,1342,1342,0,,2026-08-21T10:15:22.398Z,2026-08-21T10:27:04.981Z,702,2026-08-21T10:27:04.981Z,,,8c07e343-4781-4d6b-b62d-dcb12587d856,
202608251449420154,202608251428352609,202608251428352600,46,9173,P1 Finance Payer Client History Bronze - AHK,br_samms_payer_clt_history,TASK_COMPLETE,SUCCESS,INFO,61,61,0,,2026-08-25T14:28:42.306Z,2026-08-25T14:49:46.373Z,1264,2026-08-25T14:49:46.373Z,AHK,Ahoskie,5e789551-b18e-4745-8526-2b8db3ceeb01,SAMMS-Ahoskie
202608251449420155,202608251428352610,202608251428352600,46,9174,P1 Finance Payer Client History Bronze - B12B,br_samms_payer_clt_history,TASK_COMPLETE,SUCCESS,INFO,497,497,0,,2026-08-25T14:28:42.306Z,2026-08-25T14:49:46.373Z,1264,2026-08-25T14:49:46.373Z,B12B,ColoradoSprings,5e789551-b18e-4745-8526-2b8db3ceeb01,SAMMS-ColoradoSpringsV5
202608261758481417,202608261733446737,202608261733446733,97,5862,P1 Forms E&M Form Pregnancy Bronze - B12B,br_samms_eandm_form_pregnancy,TASK_COMPLETE,SUCCESS,INFO,829,829,0,,2026-08-26T17:33:51.495Z,2026-08-26T17:58:52.846Z,1501,2026-08-26T17:58:52.846Z,B12B,ColoradoSprings,4b416fe5-6f5c-4fb7-baa8-f0b32475e9c6,SAMMS-ColoradoSpringsV5
202608191135063939,202608191104147961,202608191104147942,106,7507,Clinical Domain Bronze - BulkDartsSrvLoader - B24,br_UAResultDetail,TASK_COMPLETE,SUCCESS,INFO,4038,4038,0,,2026-08-19T11:06:34.343Z,2026-08-19T11:35:09.134Z,1715,2026-08-19T11:35:09.134Z,B24,Paintsville,8c2f72fa-f3d3-4c31-9e7b-e1d36d508d72,SAMMS-PaintsvilleV5
202608191135063940,202608191104147962,202608191104147942,106,7515,Clinical Domain Bronze - BulkDartsSrvLoader - B33,br_UAResultDetail,TASK_COMPLETE,SUCCESS,INFO,6274,6274,0,,2026-08-19T11:06:34.343Z,2026-08-19T11:35:09.134Z,1715,2026-08-19T11:35:09.134Z,B33,Paducah,8c2f72fa-f3d3-4c31-9e7b-e1d36d508d72,SAMMS-Paducah
202608191135063941,202608191104147963,202608191104147942,106,7536,Clinical Domain Bronze - BulkDartsSrvLoader - B54,br_UAResultDetail,TASK_COMPLETE,SUCCESS,INFO,5335,5335,0,,2026-08-19T11:06:34.343Z,2026-08-19T11:35:09.134Z,1715,2026-08-19T11:35:09.134Z,B54,Gadsden,8c2f72fa-f3d3-4c31-9e7b-e1d36d508d72,SAMMS-GadsdenV5
202608201137122641,202608201137122641,202608201136586561,83,208,Silver Salesforce Accounts,sl_sf_accounts,TASK_DEPENDENCY_BLOCKED,DEPENDENCY_BLOCKED,WARN,0,0,0,Dependency Failed : 200 (checked: 200),2026-08-20T11:37:21.909Z,2026-08-20T11:37:21.909Z,0,2026-08-20T11:37:21.909Z,,,79156e84-8509-4e63-a064-b4b0873a2a40,
202608201138249245,202608201138249245,202608201136586561,83,213,Silver Salesforce Contacts,sl_sf_contacts,TASK_DEPENDENCY_BLOCKED,DEPENDENCY_BLOCKED,WARN,0,0,0,Dependency Failed : 205 (checked: 205),2026-08-20T11:38:30.894Z,2026-08-20T11:38:30.894Z,0,2026-08-20T11:38:30.894Z,,,79156e84-8509-4e63-a064-b4b0873a2a40,
202608201144297012,202608201144297012,202608201140451356,84,6811,Gold Salesforce OutboundSMS,OutboundSMS,TASK_DEPENDENCY_BLOCKED,DEPENDENCY_BLOCKED,WARN,0,0,0,Dependency Failed : 6810 (checked: 6810),2026-08-20T11:44:37.843Z,2026-08-20T11:44:37.843Z,0,2026-08-20T11:44:37.843Z,,,79156e84-8509-4e63-a064-b4b0873a2a40,
202608250403056859,202608250343360403,202608250343360390,118,11459,Bronze P1/P2 Assessments,br_NewPeriodicReassessmentD4,TASK_COMPLETE,SUCCESS,INFO,0,0,0,,2026-08-25T03:43:39.643Z,2026-08-25T04:03:08.743Z,1169,2026-08-25T04:03:08.743Z,B24,Paintsville,8c969a39-95ec-4087-9ad3-4a9580887e34,SAMMS-PaintsvilleV5
202608221113177630,202608221042113014,202608221042112981,85,2819,Bronze INV,br_OrientationChecklistNew,TASK_COMPLETE,SUCCESS,INFO,226,226,0,,2026-08-22T10:42:14.039Z,2026-08-22T11:16:52.295Z,2078,2026-08-22T11:16:52.295Z,B35,Lexington,28d7acf5-bc26-4be3-b390-775b9af3d980,SAMMS-LexingtonV5
202608221113177631,202608221042113015,202608221042112981,85,2833,Bronze INV,br_OrientationChecklistNew,TASK_COMPLETE,SUCCESS,INFO,194,194,0,,2026-08-22T10:42:14.039Z,2026-08-22T11:16:52.295Z,2078,2026-08-22T11:16:52.295Z,B46,Washington DC,28d7acf5-bc26-4be3-b390-775b9af3d980,SAMMS-WashingtonDCv5
202608221113177632,202608221042113016,202608221042112981,85,2834,Bronze INV,br_OrientationChecklistNew,TASK_COMPLETE,SUCCESS,INFO,69,69,0,,2026-08-22T10:42:14.039Z,2026-08-22T11:16:52.295Z,2078,2026-08-22T11:16:52.295Z,B47,Mobile,28d7acf5-bc26-4be3-b390-775b9af3d980,SAMMS-MobileV5
202608251649114421,202608251629636815,202608251629636804,88,5243,P1 Reference Custom Answers Bronze - AHK,br_samms_custom_answers,TASK_COMPLETE,SUCCESS,INFO,96,96,0,,2026-08-25T16:30:10.484Z,2026-08-25T16:49:14.632Z,1144,2026-08-25T16:49:14.632Z,AHK,Ahoskie,6d78ce37-8c21-4519-a454-1e5ee4a84a47,SAMMS-Ahoskie
202608251731205968,202608251712611186,202608251712611180,88,5243,P1 Reference Custom Answers Bronze - AHK,br_samms_custom_answers,TASK_COMPLETE,SUCCESS,INFO,96,96,0,,2026-08-25T17:13:33.765Z,2026-08-25T17:31:23.946Z,1070,2026-08-25T17:31:23.946Z,AHK,Ahoskie,72553dbc-d702-4eda-a5d0-9ceb643e22ea,SAMMS-Ahoskie
202608221113176969,202608221042212982,202608221042212981,86,5720,Silver INV,sl_AdmissionAssessment,TASK_COMPLETE,SUCCESS,INFO,641,641,0,,2026-08-22T10:42:14.039Z,2026-08-22T11:16:52.295Z,2078,2026-08-22T11:16:52.295Z,,,28d7acf5-bc26-4be3-b390-775b9af3d980,
202608221113176872,202608221042113112,202608221042112981,85,418,Bronze INV,br_AdmissionAssessmentDimensionFiveSubstanceUse,TASK_COMPLETE,SUCCESS,INFO,493,493,0,,2026-08-22T10:42:14.039Z,2026-08-22T11:16:52.295Z,2078,2026-08-22T11:16:52.295Z,B26,Hazard,28d7acf5-bc26-4be3-b390-775b9af3d980,SAMMS-HazardV5
202608221113176874,202608221042113113,202608221042112981,85,426,Bronze INV,br_AdmissionAssessmentDimensionFiveSubstanceUse,TASK_COMPLETE,SUCCESS,INFO,448,448,0,,2026-08-22T10:42:14.039Z,2026-08-22T11:16:52.295Z,2078,2026-08-22T11:16:52.295Z,B34,Corbin,28d7acf5-bc26-4be3-b390-775b9af3d980,SAMMS-CorbinV5
202608221113177490,202608221042112993,202608221042112981,85,1898,Bronze INV,br_Bottle,TASK_COMPLETE,SUCCESS,INFO,31969,31969,0,,2026-08-22T10:42:14.039Z,2026-08-22T11:16:52.295Z,2078,2026-08-22T11:16:52.295Z,B34,Corbin,28d7acf5-bc26-4be3-b390-775b9af3d980,SAMMS-CorbinV5
202608221113177535,202608221042112994,202608221042112981,85,1899,Bronze INV,br_Bottle,TASK_COMPLETE,SUCCESS,INFO,57967,57967,0,,2026-08-22T10:42:14.039Z,2026-08-22T11:16:52.295Z,2078,2026-08-22T11:16:52.295Z,B35,Lexington,28d7acf5-bc26-4be3-b390-775b9af3d980,SAMMS-LexingtonV5
202608221113177536,202608221042112995,202608221042112981,85,1913,Bronze INV,br_Bottle,TASK_COMPLETE,SUCCESS,INFO,8475,8475,0,,2026-08-22T10:42:14.039Z,2026-08-22T11:16:52.295Z,2078,2026-08-22T11:16:52.295Z,B46,Washington DC,28d7acf5-bc26-4be3-b390-775b9af3d980,SAMMS-WashingtonDCv5
202608221113177537,202608221042112996,202608221042112981,85,1914,Bronze INV,br_Bottle,TASK_COMPLETE,SUCCESS,INFO,11042,11042,0,,2026-08-22T10:42:14.039Z,2026-08-22T11:16:52.295Z,2078,2026-08-22T11:16:52.295Z,B47,Mobile,28d7acf5-bc26-4be3-b390-775b9af3d980,SAMMS-MobileV5
202608221113177538,202608221042112997,202608221042112981,85,1983,Bronze INV,br_Bottle,TASK_COMPLETE,SUCCESS,INFO,82086,82086,0,,2026-08-22T10:42:14.039Z,2026-08-22T11:16:52.295Z,2078,2026-08-22T11:16:52.295Z,DRD-NOLA,NOLA,28d7acf5-bc26-4be3-b390-775b9af3d980,SAMMS-NOLAv5
202608221113177540,202608221042112998,202608221042112981,85,1991,Bronze INV,br_Bottle,TASK_COMPLETE,SUCCESS,INFO,6145,6145,0,,2026-08-22T10:42:14.039Z,2026-08-22T11:16:52.295Z,2078,2026-08-22T11:16:52.295Z,FW,Fort Wayne,28d7acf5-bc26-4be3-b390-775b9af3d980,SAMMS-FortWayne
202608201141404380,202608201141404379,202608201140451356,84,220,Gold Salesforce StgContacts,stgContacts,TASK_DEPENDENCY_BLOCKED,DEPENDENCY_BLOCKED,WARN,0,0,0,Dependency Failed : 213 (checked: 213),2026-08-20T11:41:46.576Z,2026-08-20T11:41:46.576Z,0,2026-08-20T11:41:46.576Z,,,79156e84-8509-4e63-a064-b4b0873a2a40,
202608221113177869,202608221042113214,202608221042112981,85,4475,Bronze INV,br_ReAssessmentTreatment,TASK_COMPLETE,SUCCESS,INFO,239,239,0,,2026-08-22T10:42:14.039Z,2026-08-22T11:16:52.295Z,2078,2026-08-22T11:16:52.295Z,B35,Lexington,28d7acf5-bc26-4be3-b390-775b9af3d980,SAMMS-LexingtonV5
202608221113177870,202608221042113215,202608221042112981,85,4489,Bronze INV,br_ReAssessmentTreatment,TASK_COMPLETE,SUCCESS,INFO,591,591,0,,2026-08-22T10:42:14.039Z,2026-08-22T11:16:52.295Z,2078,2026-08-22T11:16:52.295Z,B46,Washington DC,28d7acf5-bc26-4be3-b390-775b9af3d980,SAMMS-WashingtonDCv5
202608221113177871,202608221042113216,202608221042112981,85,4490,Bronze INV,br_ReAssessmentTreatment,TASK_COMPLETE,SUCCESS,INFO,1524,1524,0,,2026-08-22T10:42:14.039Z,2026-08-22T11:16:52.295Z,2078,2026-08-22T11:16:52.295Z,B47,Mobile,28d7acf5-bc26-4be3-b390-775b9af3d980,SAMMS-MobileV5
202608201606330704,202608201606330704,202608201140451356,84,13675,Gold Salesforce PatientLeads,PatientLeads,TASK_ALREADY_COMPLETED,ALREADY_COMPLETED,INFO,0,0,0,Already succeeded in previous attempt,2026-08-20T16:06:38.655Z,2026-08-20T16:06:38.655Z,0,2026-08-20T16:06:38.655Z,,,95538f17-9d82-404e-9e3f-d1777714a921,
202608250403056844,202608250343360391,202608250343360390,118,10355,Bronze P1/P2 Assessments,br_NewAdmissionAssessment,TASK_COMPLETE,SUCCESS,INFO,294,294,0,,2026-08-25T03:43:39.643Z,2026-08-25T04:03:08.743Z,1169,2026-08-25T04:03:08.743Z,B24,Paintsville,8c969a39-95ec-4087-9ad3-4a9580887e34,SAMMS-PaintsvilleV5
202608201034573065,202608201013530475,202608201013530447,46,9412,P1 Finance 3P Eligibility Bronze - B25,br_samms_3p_elig,TASK_COMPLETE,SUCCESS,INFO,2228,2228,0,,2026-08-20T10:13:57.622Z,2026-08-20T10:39:20.764Z,1523,2026-08-20T10:39:20.764Z,B25,Pikeville,069e8d01-766c-4679-b3df-c21f4d7bc3d1,SAMMS-PikevilleV5
202608221113177510,202608221042212984,202608221042212981,86,5722,Silver INV,sl_AdmissionAssessmentDimensionTwo,TASK_COMPLETE,SUCCESS,INFO,6718,6718,0,,2026-08-22T10:42:14.039Z,2026-08-22T11:16:52.295Z,2078,2026-08-22T11:16:52.295Z,,,28d7acf5-bc26-4be3-b390-775b9af3d980,
202608221113177413,202608221042113062,202608221042112981,85,1522,Bronze INV,br_AdmissionAssessmentSummary,TASK_COMPLETE,SUCCESS,INFO,501,501,0,,2026-08-22T10:42:14.039Z,2026-08-22T11:16:52.295Z,2078,2026-08-22T11:16:52.295Z,B26,Hazard,28d7acf5-bc26-4be3-b390-775b9af3d980,SAMMS-HazardV5
202608221113177459,202608221042113063,202608221042112981,85,1530,Bronze INV,br_AdmissionAssessmentSummary,TASK_COMPLETE,SUCCESS,INFO,461,461,0,,2026-08-22T10:42:14.039Z,2026-08-22T11:16:52.295Z,2078,2026-08-22T11:16:52.295Z,B34,Corbin,28d7acf5-bc26-4be3-b390-775b9af3d980,SAMMS-CorbinV5
202608191705197782,202608191654270071,202608191654269970,76,144488,PPA Bronze,br_SF_PatientPreAdmission,TASK_COMPLETE,SUCCESS,INFO,2511,2511,0,,2026-08-19T16:54:47.315Z,2026-08-19T17:10:18.523Z,931,2026-08-19T17:10:18.523Z,V14,VCPHCS-XIV-Bridgeway,4736cb14-987d-4509-b3d7-654790c2de16,SAMMS-VCPHCS-XIV-BridgewayV5
202608191705197783,202608191654270072,202608191654269970,76,144489,PPA Bronze,br_SF_PatientPreAdmission,TASK_COMPLETE,SUCCESS,INFO,7357,7357,0,,2026-08-19T16:54:47.315Z,2026-08-19T17:10:18.523Z,931,2026-08-19T17:10:18.523Z,V15,Joplin,4736cb14-987d-4509-b3d7-654790c2de16,SAMMS-JoplinV5
202608201141054632,202608201141054632,202608201140451356,84,217,Gold Salesforce RecordTypes,RecordType,TASK_DEPENDENCY_BLOCKED,DEPENDENCY_BLOCKED,WARN,0,0,0,Dependency Failed : 209 (checked: 209),2026-08-20T11:41:12.063Z,2026-08-20T11:41:12.063Z,0,2026-08-20T11:41:12.063Z,,,79156e84-8509-4e63-a064-b4b0873a2a40,
202608201034573129,202608201013530461,202608201013530447,46,9056,P1 Finance FMP Bronze - B12B,br_samms_fmp,TASK_COMPLETE,SUCCESS,INFO,26,26,0,,2026-08-20T10:13:57.622Z,2026-08-20T10:39:20.764Z,1523,2026-08-20T10:39:20.764Z,B12B,ColoradoSprings,069e8d01-766c-4679-b3df-c21f4d7bc3d1,SAMMS-ColoradoSpringsV5
202608201034573096,202608201013530480,202608201013530447,46,9645,P1 Finance Claim Line Item Activity Bronze - AHK,br_samms_claim_line_item_activity,TASK_COMPLETE,SUCCESS,INFO,22661,22661,0,,2026-08-20T10:13:57.622Z,2026-08-20T10:39:20.764Z,1523,2026-08-20T10:39:20.764Z,AHK,Ahoskie,069e8d01-766c-4679-b3df-c21f4d7bc3d1,SAMMS-Ahoskie
202608200302505017,202608200240673867,202608200240673824,46,9883,P1 Finance Payer Client Bronze - B24,br_samms_payer_client,TASK_COMPLETE,SUCCESS,INFO,1812,1812,0,,2026-08-20T02:41:23.064Z,2026-08-20T03:02:53.458Z,1290,2026-08-20T03:02:53.458Z,B24,Paintsville,05c5c70e-2926-4311-8f49-65b9279948a3,SAMMS-PaintsvilleV5
202608200302505018,202608200240673868,202608200240673824,46,9884,P1 Finance Payer Client Bronze - B25,br_samms_payer_client,TASK_COMPLETE,SUCCESS,INFO,1038,1038,0,,2026-08-20T02:41:23.064Z,2026-08-20T03:02:53.458Z,1290,2026-08-20T03:02:53.458Z,B25,Pikeville,05c5c70e-2926-4311-8f49-65b9279948a3,SAMMS-PikevilleV5
202608200302505020,202608200240673869,202608200240673824,46,9999,P1 Finance Diag10 Bronze - AHK,br_samms_tbldiag10,TASK_COMPLETE,SUCCESS,INFO,231,231,0,,2026-08-20T02:41:23.064Z,2026-08-20T03:02:53.458Z,1290,2026-08-20T03:02:53.458Z,AHK,Ahoskie,05c5c70e-2926-4311-8f49-65b9279948a3,SAMMS-Ahoskie
202608261724109176,202608261657210998,202608261657210989,46,9645,P1 Finance Claim Line Item Activity Bronze - AHK,br_samms_claim_line_item_activity,TASK_COMPLETE,SUCCESS,INFO,22841,22841,0,,2026-08-26T16:57:24.758Z,2026-08-26T17:25:01.887Z,1657,2026-08-26T17:25:01.887Z,AHK,Ahoskie,7a1b4484-4dc4-4e48-b51b-e78359ce9673,SAMMS-Ahoskie
202608200302504973,202608200240673828,202608200240673824,46,8704,P1 Finance Bills Bronze - B25,br_samms_bills,TASK_COMPLETE,SUCCESS,INFO,8371,8371,0,,2026-08-20T02:41:23.064Z,2026-08-20T03:02:53.458Z,1290,2026-08-20T03:02:53.458Z,B25,Pikeville,05c5c70e-2926-4311-8f49-65b9279948a3,SAMMS-PikevilleV5
202608200302504974,202608200240673829,202608200240673824,46,8819,P1 Finance PBI 3 Pay Auth Bronze - AHK,br_samms_pbi3_pay_auth,TASK_COMPLETE,SUCCESS,INFO,61,61,0,,2026-08-20T02:41:23.064Z,2026-08-20T03:02:53.458Z,1290,2026-08-20T03:02:53.458Z,AHK,Ahoskie,05c5c70e-2926-4311-8f49-65b9279948a3,SAMMS-Ahoskie
202608200302504975,202608200240673830,202608200240673824,46,8820,P1 Finance PBI 3 Pay Auth Bronze - B12B,br_samms_pbi3_pay_auth,TASK_COMPLETE,SUCCESS,INFO,131,131,0,,2026-08-20T02:41:23.064Z,2026-08-20T03:02:53.458Z,1290,2026-08-20T03:02:53.458Z,B12B,ColoradoSprings,05c5c70e-2926-4311-8f49-65b9279948a3,SAMMS-ColoradoSpringsV5
202608211508154489,202608211456286341,202608211456286305,76,144423,PPA Bronze,br_SF_PatientPreAdmission,TASK_COMPLETE,SUCCESS,INFO,1472,1472,0,,2026-08-21T14:56:32.229Z,2026-08-21T15:08:19.094Z,707,2026-08-21T15:08:19.094Z,B57B,Middletown,0c589208-2221-4d68-8178-9fb813ab6d11,SAMMS-Middletown
202608211508154490,202608211456286342,202608211456286305,76,144424,PPA Bronze,br_SF_PatientPreAdmission,TASK_COMPLETE,SUCCESS,INFO,2872,2872,0,,2026-08-21T14:56:32.229Z,2026-08-21T15:08:19.094Z,707,2026-08-21T15:08:19.094Z,B57C,Providence,0c589208-2221-4d68-8178-9fb813ab6d11,SAMMS-Providence
202608211508154491,202608211456286343,202608211456286305,76,144425,PPA Bronze,br_SF_PatientPreAdmission,TASK_COMPLETE,SUCCESS,INFO,2939,2939,0,,2026-08-21T14:56:32.229Z,2026-08-21T15:08:19.094Z,707,2026-08-21T15:08:19.094Z,B57D,Westerly,0c589208-2221-4d68-8178-9fb813ab6d11,SAMMS-Westerly
202608211508154492,202608211456286344,202608211456286305,76,144426,PPA Bronze,br_SF_PatientPreAdmission,TASK_COMPLETE,SUCCESS,INFO,3310,3310,0,,2026-08-21T14:56:32.229Z,2026-08-21T15:08:19.094Z,707,2026-08-21T15:08:19.094Z,B66A,Bremen,0c589208-2221-4d68-8178-9fb813ab6d11,SAMMS-Bremen
202608211508154494,202608211456286345,202608211456286305,76,144427,PPA Bronze,br_SF_PatientPreAdmission,TASK_COMPLETE,SUCCESS,INFO,4017,4017,0,,2026-08-21T14:56:32.229Z,2026-08-21T15:08:19.094Z,707,2026-08-21T15:08:19.094Z,B72,Mobile-OBOT,0c589208-2221-4d68-8178-9fb813ab6d11,SAMMS-Mobile-OBOT
202608211508154495,202608211456286346,202608211456286305,76,144428,PPA Bronze,br_SF_PatientPreAdmission,TASK_COMPLETE,SUCCESS,INFO,1797,1797,0,,2026-08-21T14:56:32.229Z,2026-08-21T15:08:19.094Z,707,2026-08-21T15:08:19.094Z,B73,Montgomery,0c589208-2221-4d68-8178-9fb813ab6d11,SAMMS-Montgomery
202608211508154496,202608211456286347,202608211456286305,76,144429,PPA Bronze,br_SF_PatientPreAdmission,TASK_COMPLETE,SUCCESS,INFO,3347,3347,0,,2026-08-21T14:56:32.229Z,2026-08-21T15:08:19.094Z,707,2026-08-21T15:08:19.094Z,B75,Lawrence,0c589208-2221-4d68-8178-9fb813ab6d11,SAMMS-LawrenceV6
202608200302504997,202608200240673849,202608200240673824,46,9409,P1 Finance 3P Eligibility Bronze - AHK,br_samms_3p_elig,TASK_COMPLETE,SUCCESS,INFO,89,89,0,,2026-08-20T02:41:23.064Z,2026-08-20T03:02:53.458Z,1290,2026-08-20T03:02:53.458Z,AHK,Ahoskie,05c5c70e-2926-4311-8f49-65b9279948a3,SAMMS-Ahoskie
202608200302504998,202608200240673850,202608200240673824,46,9410,P1 Finance 3P Eligibility Bronze - B12B,br_samms_3p_elig,TASK_COMPLETE,SUCCESS,INFO,225,225,0,,2026-08-20T02:41:23.064Z,2026-08-20T03:02:53.458Z,1290,2026-08-20T03:02:53.458Z,B12B,ColoradoSprings,05c5c70e-2926-4311-8f49-65b9279948a3,SAMMS-ColoradoSpringsV5
202608200302504999,202608200240673851,202608200240673824,46,9411,P1 Finance 3P Eligibility Bronze - B24,br_samms_3p_elig,TASK_COMPLETE,SUCCESS,INFO,78,78,0,,2026-08-20T02:41:23.064Z,2026-08-20T03:02:53.458Z,1290,2026-08-20T03:02:53.458Z,B24,Paintsville,05c5c70e-2926-4311-8f49-65b9279948a3,SAMMS-PaintsvilleV5
202608221113177852,202608221042113193,202608221042112981,85,4290,Bronze INV,br_ReAssessmentSubstanceUse,TASK_COMPLETE,SUCCESS,INFO,388,388,0,,2026-08-22T10:42:14.039Z,2026-08-22T11:16:52.295Z,2078,2026-08-22T11:16:52.295Z,B34,Corbin,28d7acf5-bc26-4be3-b390-775b9af3d980,SAMMS-CorbinV5
202608221113177853,202608221042113194,202608221042112981,85,4291,Bronze INV,br_ReAssessmentSubstanceUse,TASK_COMPLETE,SUCCESS,INFO,243,243,0,,2026-08-22T10:42:14.039Z,2026-08-22T11:16:52.295Z,2078,2026-08-22T11:16:52.295Z,B35,Lexington,28d7acf5-bc26-4be3-b390-775b9af3d980,SAMMS-LexingtonV5
202608221113177854,202608221042113195,202608221042112981,85,4305,Bronze INV,br_ReAssessmentSubstanceUse,TASK_COMPLETE,SUCCESS,INFO,605,605,0,,2026-08-22T10:42:14.039Z,2026-08-22T11:16:52.295Z,2078,2026-08-22T11:16:52.295Z,B46,Washington DC,28d7acf5-bc26-4be3-b390-775b9af3d980,SAMMS-WashingtonDCv5
202608221113177855,202608221042113196,202608221042112981,85,4306,Bronze INV,br_ReAssessmentSubstanceUse,TASK_COMPLETE,SUCCESS,INFO,1599,1599,0,,2026-08-22T10:42:14.039Z,2026-08-22T11:16:52.295Z,2078,2026-08-22T11:16:52.295Z,B47,Mobile,28d7acf5-bc26-4be3-b390-775b9af3d980,SAMMS-MobileV5
202608221113177856,202608221042113197,202608221042112981,85,4375,Bronze INV,br_ReAssessmentSubstanceUse,TASK_COMPLETE,SUCCESS,INFO,3216,3216,0,,2026-08-22T10:42:14.039Z,2026-08-22T11:16:52.295Z,2078,2026-08-22T11:16:52.295Z,DRD-NOLA,NOLA,28d7acf5-bc26-4be3-b390-775b9af3d980,SAMMS-NOLAv5
202608221113177857,202608221042113198,202608221042112981,85,4383,Bronze INV,br_ReAssessmentSubstanceUse,TASK_COMPLETE,SUCCESS,INFO,472,472,0,,2026-08-22T10:42:14.039Z,2026-08-22T11:16:52.295Z,2078,2026-08-22T11:16:52.295Z,FW,Fort Wayne,28d7acf5-bc26-4be3-b390-775b9af3d980,SAMMS-FortWayne
202608221113177795,202608221042113143,202608221042112981,85,3738,Bronze INV,br_ReAssessmentOccupational,TASK_COMPLETE,SUCCESS,INFO,385,385,0,,2026-08-22T10:42:14.039Z,2026-08-22T11:16:52.295Z,2078,2026-08-22T11:16:52.295Z,B34,Corbin,28d7acf5-bc26-4be3-b390-775b9af3d980,SAMMS-CorbinV5
202608221113177796,202608221042113144,202608221042112981,85,3739,Bronze INV,br_ReAssessmentOccupational,TASK_COMPLETE,SUCCESS,INFO,239,239,0,,2026-08-22T10:42:14.039Z,2026-08-22T11:16:52.295Z,2078,2026-08-22T11:16:52.295Z,B35,Lexington,28d7acf5-bc26-4be3-b390-775b9af3d980,SAMMS-LexingtonV5
202608221113177797,202608221042113145,202608221042112981,85,3753,Bronze INV,br_ReAssessmentOccupational,TASK_COMPLETE,SUCCESS,INFO,590,590,0,,2026-08-22T10:42:14.039Z,2026-08-22T11:16:52.295Z,2078,2026-08-22T11:16:52.295Z,B46,Washington DC,28d7acf5-bc26-4be3-b390-775b9af3d980,SAMMS-WashingtonDCv5
202608221113177798,202608221042113146,202608221042112981,85,3754,Bronze INV,br_ReAssessmentOccupational,TASK_COMPLETE,SUCCESS,INFO,1564,1564,0,,2026-08-22T10:42:14.039Z,2026-08-22T11:16:52.295Z,2078,2026-08-22T11:16:52.295Z,B47,Mobile,28d7acf5-bc26-4be3-b390-775b9af3d980,SAMMS-MobileV5
202608221113177800,202608221042113147,202608221042112981,85,3823,Bronze INV,br_ReAssessmentOccupational,TASK_COMPLETE,SUCCESS,INFO,3204,3204,0,,2026-08-22T10:42:14.039Z,2026-08-22T11:16:52.295Z,2078,2026-08-22T11:16:52.295Z,DRD-NOLA,NOLA,28d7acf5-bc26-4be3-b390-775b9af3d980,SAMMS-NOLAv5
202608221113177801,202608221042113148,202608221042112981,85,3831,Bronze INV,br_ReAssessmentOccupational,TASK_COMPLETE,SUCCESS,INFO,467,467,0,,2026-08-22T10:42:14.039Z,2026-08-22T11:16:52.295Z,2078,2026-08-22T11:16:52.295Z,FW,Fort Wayne,28d7acf5-bc26-4be3-b390-775b9af3d980,SAMMS-FortWayne
202608261139002072,202608261050367427,202608261050367363,18,51064,Orders Bronze SaveOrders - FS,br_Orders,TASK_COMPLETE,SUCCESS,INFO,0,0,0,,2026-08-26T10:51:23.872Z,2026-08-26T11:39:03.779Z,2860,2026-08-26T11:39:03.779Z,FS,FortSmith,9f27ea6d-77e8-424b-b461-0bad838d803f,SAMMS-FortSmith
202608261139002073,202608261050367428,202608261050367363,18,51065,Orders Bronze SaveOrders - FW,br_Orders,TASK_COMPLETE,SUCCESS,INFO,0,0,0,,2026-08-26T10:51:23.872Z,2026-08-26T11:39:03.779Z,2860,2026-08-26T11:39:03.779Z,FW,FortWayne,9f27ea6d-77e8-424b-b461-0bad838d803f,SAMMS-FortWayne
202608261139002074,202608261050367429,202608261050367363,18,51066,Orders Bronze SaveOrders - GAL,br_Orders,TASK_COMPLETE,SUCCESS,INFO,0,0,0,,2026-08-26T10:51:23.872Z,2026-08-26T11:39:03.779Z,2860,2026-08-26T11:39:03.779Z,GAL,Gaylord,9f27ea6d-77e8-424b-b461-0bad838d803f,SAMMS-Gaylord
202608261139002075,202608261050367430,202608261050367363,18,51067,Orders Bronze SaveOrders - HGT,br_Orders,TASK_COMPLETE,SUCCESS,INFO,0,0,0,,2026-08-26T10:51:23.872Z,2026-08-26T11:39:03.779Z,2860,2026-08-26T11:39:03.779Z,HGT,Hagerstown,9f27ea6d-77e8-424b-b461-0bad838d803f,SAMMS-Hagerstown
202608261139002077,202608261050367431,202608261050367363,18,51068,Orders Bronze SaveOrders - HNT,br_Orders,TASK_COMPLETE,SUCCESS,INFO,0,0,0,,2026-08-26T10:51:23.872Z,2026-08-26T11:39:03.779Z,2860,2026-08-26T11:39:03.779Z,HNT,Huntsville,9f27ea6d-77e8-424b-b461-0bad838d803f,SAMMS-Huntsville
202608261139002078,202608261050367432,202608261050367363,18,51069,Orders Bronze SaveOrders - HS,br_Orders,TASK_COMPLETE,SUCCESS,INFO,0,0,0,,2026-08-26T10:51:23.872Z,2026-08-26T11:39:03.779Z,2860,2026-08-26T11:39:03.779Z,HS,HotSprings,9f27ea6d-77e8-424b-b461-0bad838d803f,SAMMS-HotSprings
202608261139002079,202608261050367433,202608261050367363,18,51070,Orders Bronze SaveOrders - JON,br_Orders,TASK_COMPLETE,SUCCESS,INFO,0,0,0,,2026-08-26T10:51:23.872Z,2026-08-26T11:39:03.779Z,2860,2026-08-26T11:39:03.779Z,JON,Jonesboro,9f27ea6d-77e8-424b-b461-0bad838d803f,SAMMS-Jonesboro
202608201034573116,202608201013530501,202608201013530447,46,10236,P1 Finance Client Demo 2 Bronze - B12B,br_samms_client_demo2,TASK_COMPLETE,SUCCESS,INFO,1369,1369,0,,2026-08-20T10:13:57.622Z,2026-08-20T10:39:20.764Z,1523,2026-08-20T10:39:20.764Z,B12B,ColoradoSprings,069e8d01-766c-4679-b3df-c21f4d7bc3d1,SAMMS-ColoradoSpringsV5
202608201034573110,202608201013530497,202608201013530447,46,10118,P1 Finance Client Demo 1 Bronze - B12B,br_samms_client_demo1,TASK_COMPLETE,SUCCESS,INFO,1369,1369,0,,2026-08-20T10:13:57.622Z,2026-08-20T10:39:20.764Z,1523,2026-08-20T10:39:20.764Z,B12B,ColoradoSprings,069e8d01-766c-4679-b3df-c21f4d7bc3d1,SAMMS-ColoradoSpringsV5
202608251449420176,202608251428352627,202608251428352600,46,10235,P1 Finance Client Demo 2 Bronze - AHK,br_samms_client_demo2,TASK_COMPLETE,SUCCESS,INFO,301,301,0,,2026-08-25T14:28:42.306Z,2026-08-25T14:49:46.373Z,1264,2026-08-25T14:49:46.373Z,AHK,Ahoskie,5e789551-b18e-4745-8526-2b8db3ceeb01,SAMMS-Ahoskie
202608251449420177,202608251428352628,202608251428352600,46,10236,P1 Finance Client Demo 2 Bronze - B12B,br_samms_client_demo2,TASK_COMPLETE,SUCCESS,INFO,1374,1374,0,,2026-08-25T14:28:42.306Z,2026-08-25T14:49:46.373Z,1264,2026-08-25T14:49:46.373Z,B12B,ColoradoSprings,5e789551-b18e-4745-8526-2b8db3ceeb01,SAMMS-ColoradoSpringsV5
202608191135063936,202608191104147958,202608191104147942,106,7391,Clinical Domain Bronze - SaveUASched - B12B,br_UASched,TASK_COMPLETE,SUCCESS,INFO,1984,1984,0,,2026-08-19T11:06:34.343Z,2026-08-19T11:35:09.134Z,1715,2026-08-19T11:35:09.134Z,B12B,ColoradoSprings,8c2f72fa-f3d3-4c31-9e7b-e1d36d508d72,SAMMS-ColoradoSpringsV5
202608191135063937,202608191104147959,202608191104147942,106,7435,Clinical Domain Bronze - SaveUASched - BOI,br_UASched,TASK_COMPLETE,SUCCESS,INFO,1688,1688,0,,2026-08-19T11:06:34.343Z,2026-08-19T11:35:09.134Z,1715,2026-08-19T11:35:09.134Z,BOI,Boise,8c2f72fa-f3d3-4c31-9e7b-e1d36d508d72,SAMMS-Boise
202608191135063938,202608191104147960,202608191104147942,106,7484,Clinical Domain Bronze - SaveUASched - V10,br_UASched,TASK_COMPLETE,SUCCESS,INFO,1386,1386,0,,2026-08-19T11:06:34.343Z,2026-08-19T11:35:09.134Z,1715,2026-08-19T11:35:09.134Z,V10,Boulder,8c2f72fa-f3d3-4c31-9e7b-e1d36d508d72,SAMMS-BoulderV5
202608261139002080,202608261050367434,202608261050367363,18,51071,Orders Bronze SaveOrders - LAN,br_Orders,TASK_COMPLETE,SUCCESS,INFO,0,0,0,,2026-08-26T10:51:23.872Z,2026-08-26T11:39:03.779Z,2860,2026-08-26T11:39:03.779Z,LAN,Lansing,9f27ea6d-77e8-424b-b461-0bad838d803f,SAMMS-Lansing
202608261139002081,202608261050367435,202608261050367363,18,51072,Orders Bronze SaveOrders - LO,br_Orders,TASK_COMPLETE,SUCCESS,INFO,0,0,0,,2026-08-26T10:51:23.872Z,2026-08-26T11:39:03.779Z,2860,2026-08-26T11:39:03.779Z,LO,Louisville,9f27ea6d-77e8-424b-b461-0bad838d803f,SAMMS-Louisville
202608261139002082,202608261050367436,202608261050367363,18,51073,Orders Bronze SaveOrders - LV1,br_Orders,TASK_COMPLETE,SUCCESS,INFO,0,0,0,,2026-08-26T10:51:23.872Z,2026-08-26T11:39:03.779Z,2860,2026-08-26T11:39:03.779Z,LV1,Cheyenne,9f27ea6d-77e8-424b-b461-0bad838d803f,SAMMS-Cheyenne
202608261139002083,202608261050367437,202608261050367363,18,51074,Orders Bronze SaveOrders - LV2,br_Orders,TASK_COMPLETE,SUCCESS,INFO,0,0,0,,2026-08-26T10:51:23.872Z,2026-08-26T11:39:03.779Z,2860,2026-08-26T11:39:03.779Z,LV2,DesertInn,9f27ea6d-77e8-424b-b461-0bad838d803f,SAMMS-DesertInn
202608261139002084,202608261050367438,202608261050367363,18,51075,Orders Bronze SaveOrders - LV3,br_Orders,TASK_COMPLETE,SUCCESS,INFO,0,0,0,,2026-08-26T10:51:23.872Z,2026-08-26T11:39:03.779Z,2860,2026-08-26T11:39:03.779Z,LV3,McDaniel,9f27ea6d-77e8-424b-b461-0bad838d803f,SAMMS-McDaniel
202608261139002085,202608261050367439,202608261050367363,18,51076,Orders Bronze SaveOrders - MNRE,br_Orders,TASK_COMPLETE,SUCCESS,INFO,0,0,0,,2026-08-26T10:51:23.872Z,2026-08-26T11:39:03.779Z,2860,2026-08-26T11:39:03.779Z,MNRE,Monroe,9f27ea6d-77e8-424b-b461-0bad838d803f,SAMMS-Monroe
202608261139002086,202608261050367440,202608261050367363,18,51077,Orders Bronze SaveOrders - MP,br_Orders,TASK_COMPLETE,SUCCESS,INFO,0,0,0,,2026-08-26T10:51:23.872Z,2026-08-26T11:39:03.779Z,2860,2026-08-26T11:39:03.779Z,MP,MtPleasant,9f27ea6d-77e8-424b-b461-0bad838d803f,SAMMS-MtPleasant
202608201034573144,202608201013530466,202608201013530447,46,9175,P1 Finance Payer Client History Bronze - B24,br_samms_payer_clt_history,TASK_COMPLETE,SUCCESS,INFO,532,532,0,,2026-08-20T10:13:57.622Z,2026-08-20T10:39:20.764Z,1523,2026-08-20T10:39:20.764Z,B24,Paintsville,069e8d01-766c-4679-b3df-c21f4d7bc3d1,SAMMS-PaintsvilleV5
202608261139002110,202608261050367462,202608261050367363,18,51099,Orders Bronze SaveOrders - V12A,br_Orders,TASK_COMPLETE,SUCCESS,INFO,0,0,0,,2026-08-26T10:51:23.872Z,2026-08-26T11:39:03.779Z,2860,2026-08-26T11:39:03.779Z,V12A,Centennial,9f27ea6d-77e8-424b-b461-0bad838d803f,SAMMS-CentennialV5
202608261139002111,202608261050367463,202608261050367363,18,51100,Orders Bronze SaveOrders - V14,br_Orders,TASK_COMPLETE,SUCCESS,INFO,0,0,0,,2026-08-26T10:51:23.872Z,2026-08-26T11:39:03.779Z,2860,2026-08-26T11:39:03.779Z,V14,VCPHCS-XIV-Bridgeway,9f27ea6d-77e8-424b-b461-0bad838d803f,SAMMS-VCPHCS-XIV-BridgewayV5
202608261139002112,202608261050367464,202608261050367363,18,51101,Orders Bronze SaveOrders - V15,br_Orders,TASK_COMPLETE,SUCCESS,INFO,0,0,0,,2026-08-26T10:51:23.872Z,2026-08-26T11:39:03.779Z,2860,2026-08-26T11:39:03.779Z,V15,Joplin,9f27ea6d-77e8-424b-b461-0bad838d803f,SAMMS-JoplinV5
202608261139002113,202608261050367465,202608261050367363,18,51102,Orders Bronze SaveOrders - V17,br_Orders,TASK_COMPLETE,SUCCESS,INFO,0,0,0,,2026-08-26T10:51:23.872Z,2026-08-26T11:39:03.779Z,2860,2026-08-26T11:39:03.779Z,V17,ColumbiaTN,9f27ea6d-77e8-424b-b461-0bad838d803f,SAMMS-ColumbiaTNv5
202608261139002115,202608261050367466,202608261050367363,18,51103,Orders Bronze SaveOrders - V19,br_Orders,TASK_COMPLETE,SUCCESS,INFO,0,0,0,,2026-08-26T10:51:23.872Z,2026-08-26T11:39:03.779Z,2860,2026-08-26T11:39:03.779Z,V19,Jackson,9f27ea6d-77e8-424b-b461-0bad838d803f,SAMMS-JacksonV5
202608261139002116,202608261050367467,202608261050367363,18,51104,Orders Bronze SaveOrders - V20,br_Orders,TASK_COMPLETE,SUCCESS,INFO,0,0,0,,2026-08-26T10:51:23.872Z,2026-08-26T11:39:03.779Z,2860,2026-08-26T11:39:03.779Z,V20,Paris,9f27ea6d-77e8-424b-b461-0bad838d803f,SAMMS-ParisV5
202608261139002117,202608261050367468,202608261050367363,18,51105,Orders Bronze SaveOrders - V21,br_Orders,TASK_COMPLETE,SUCCESS,INFO,0,0,0,,2026-08-26T10:51:23.872Z,2026-08-26T11:39:03.779Z,2860,2026-08-26T11:39:03.779Z,V21,Raleigh,9f27ea6d-77e8-424b-b461-0bad838d803f,SAMMS-RaleighV5
202608190529250946,202608190459200366,202608190459200344,106,7621,Clinical Domain Bronze - SaveAppointmentAttend - B12B,br_AppointmentAttend,TASK_COMPLETE,SUCCESS,INFO,1,1,0,,2026-08-19T05:01:28.469Z,2026-08-19T05:31:20.650Z,1792,2026-08-19T05:31:20.650Z,B12B,ColoradoSprings,05916e11-44cf-456b-ac26-991e7ff5d7aa,SAMMS-ColoradoSpringsV5
202608190529250947,202608190459200367,202608190459200344,106,7665,Clinical Domain Bronze - SaveAppointmentAttend - BOI,br_AppointmentAttend,TASK_COMPLETE,SUCCESS,INFO,2,2,0,,2026-08-19T05:01:28.469Z,2026-08-19T05:31:20.650Z,1792,2026-08-19T05:31:20.650Z,BOI,Boise,05916e11-44cf-456b-ac26-991e7ff5d7aa,SAMMS-Boise
202608190529250948,202608190459200368,202608190459200344,106,7714,Clinical Domain Bronze - SaveAppointmentAttend - V10,br_AppointmentAttend,TASK_COMPLETE,SUCCESS,INFO,88,88,0,,2026-08-19T05:01:28.469Z,2026-08-19T05:31:20.650Z,1792,2026-08-19T05:31:20.650Z,V10,Boulder,05916e11-44cf-456b-ac26-991e7ff5d7aa,SAMMS-BoulderV5
202608191135063942,202608191104147964,202608191104147942,106,7621,Clinical Domain Bronze - SaveAppointmentAttend - B12B,br_AppointmentAttend,TASK_COMPLETE,SUCCESS,INFO,1,1,0,,2026-08-19T11:06:34.343Z,2026-08-19T11:35:09.134Z,1715,2026-08-19T11:35:09.134Z,B12B,ColoradoSprings,8c2f72fa-f3d3-4c31-9e7b-e1d36d508d72,SAMMS-ColoradoSpringsV5
202608191135063943,202608191104147965,202608191104147942,106,7665,Clinical Domain Bronze - SaveAppointmentAttend - BOI,br_AppointmentAttend,TASK_COMPLETE,SUCCESS,INFO,2,2,0,,2026-08-19T11:06:34.343Z,2026-08-19T11:35:09.134Z,1715,2026-08-19T11:35:09.134Z,BOI,Boise,8c2f72fa-f3d3-4c31-9e7b-e1d36d508d72,SAMMS-Boise
202608191135063944,202608191104147966,202608191104147942,106,7714,Clinical Domain Bronze - SaveAppointmentAttend - V10,br_AppointmentAttend,TASK_COMPLETE,SUCCESS,INFO,88,88,0,,2026-08-19T11:06:34.343Z,2026-08-19T11:35:09.134Z,1715,2026-08-19T11:35:09.134Z,V10,Boulder,8c2f72fa-f3d3-4c31-9e7b-e1d36d508d72,SAMMS-BoulderV5
202608251449420162,202608251428352616,202608251428352600,46,9528,P1 Finance Claim Line Item Bronze - B12B,br_samms_claim_line_item,TASK_COMPLETE,SUCCESS,INFO,234899,234899,0,,2026-08-25T14:28:42.306Z,2026-08-25T14:49:46.373Z,1264,2026-08-25T14:49:46.373Z,B12B,ColoradoSprings,5e789551-b18e-4745-8526-2b8db3ceeb01,SAMMS-ColoradoSpringsV5
202608251449420163,202608251428352617,202608251428352600,46,9645,P1 Finance Claim Line Item Activity Bronze - AHK,br_samms_claim_line_item_activity,TASK_COMPLETE,SUCCESS,INFO,22677,22677,0,,2026-08-25T14:28:42.306Z,2026-08-25T14:49:46.373Z,1264,2026-08-25T14:49:46.373Z,AHK,Ahoskie,5e789551-b18e-4745-8526-2b8db3ceeb01,SAMMS-Ahoskie
202608191135063929,202608191104147952,202608191104147942,106,7161,Clinical Domain Bronze - SaveCows_v6 - B12B,br_Cows_v6,TASK_COMPLETE,SUCCESS,INFO,7736,7736,0,,2026-08-19T11:06:34.343Z,2026-08-19T11:35:09.134Z,1715,2026-08-19T11:35:09.134Z,B12B,ColoradoSprings,8c2f72fa-f3d3-4c31-9e7b-e1d36d508d72,SAMMS-ColoradoSpringsV5
202608191135063930,202608191104147953,202608191104147942,106,7205,Clinical Domain Bronze - SaveCows_v6 - BOI,br_Cows_v6,TASK_COMPLETE,SUCCESS,INFO,3732,3732,0,,2026-08-19T11:06:34.343Z,2026-08-19T11:35:09.134Z,1715,2026-08-19T11:35:09.134Z,BOI,Boise,8c2f72fa-f3d3-4c31-9e7b-e1d36d508d72,SAMMS-Boise
202608191135063931,202608191104147954,202608191104147942,106,7254,Clinical Domain Bronze - SaveCows_v6 - V10,br_Cows_v6,TASK_COMPLETE,SUCCESS,INFO,12360,12360,0,,2026-08-19T11:06:34.343Z,2026-08-19T11:35:09.134Z,1715,2026-08-19T11:35:09.134Z,V10,Boulder,8c2f72fa-f3d3-4c31-9e7b-e1d36d508d72,SAMMS-BoulderV5
202608191135063932,202608191104147955,202608191104147942,106,7276,Clinical Domain Bronze - SaveUAResults - B12B,br_UAResults,TASK_COMPLETE,SUCCESS,INFO,124,124,0,,2026-08-19T11:06:34.343Z,2026-08-19T11:35:09.134Z,1715,2026-08-19T11:35:09.134Z,B12B,ColoradoSprings,8c2f72fa-f3d3-4c31-9e7b-e1d36d508d72,SAMMS-ColoradoSpringsV5
202608191135063934,202608191104147956,202608191104147942,106,7320,Clinical Domain Bronze - SaveUAResults - BOI,br_UAResults,TASK_COMPLETE,SUCCESS,INFO,346,346,0,,2026-08-19T11:06:34.343Z,2026-08-19T11:35:09.134Z,1715,2026-08-19T11:35:09.134Z,BOI,Boise,8c2f72fa-f3d3-4c31-9e7b-e1d36d508d72,SAMMS-Boise
202608191135063935,202608191104147957,202608191104147942,106,7369,Clinical Domain Bronze - SaveUAResults - V10,br_UAResults,TASK_COMPLETE,SUCCESS,INFO,243,243,0,,2026-08-19T11:06:34.343Z,2026-08-19T11:35:09.134Z,1715,2026-08-19T11:35:09.134Z,V10,Boulder,8c2f72fa-f3d3-4c31-9e7b-e1d36d508d72,SAMMS-BoulderV5
202608200302505028,202608200240673876,202608200240673824,46,10120,P1 Finance Client Demo 1 Bronze - B25,br_samms_client_demo1,TASK_COMPLETE,SUCCESS,INFO,3412,3412,0,,2026-08-20T02:41:23.064Z,2026-08-20T03:02:53.458Z,1290,2026-08-20T03:02:53.458Z,B25,Pikeville,05c5c70e-2926-4311-8f49-65b9279948a3,SAMMS-PikevilleV5
202608200302505029,202608200240673877,202608200240673824,46,10235,P1 Finance Client Demo 2 Bronze - AHK,br_samms_client_demo2,TASK_COMPLETE,SUCCESS,INFO,301,301,0,,2026-08-20T02:41:23.064Z,2026-08-20T03:02:53.458Z,1290,2026-08-20T03:02:53.458Z,AHK,Ahoskie,05c5c70e-2926-4311-8f49-65b9279948a3,SAMMS-Ahoskie
202608200302505030,202608200240673878,202608200240673824,46,10236,P1 Finance Client Demo 2 Bronze - B12B,br_samms_client_demo2,TASK_COMPLETE,SUCCESS,INFO,1369,1369,0,,2026-08-20T02:41:23.064Z,2026-08-20T03:02:53.458Z,1290,2026-08-20T03:02:53.458Z,B12B,ColoradoSprings,05c5c70e-2926-4311-8f49-65b9279948a3,SAMMS-ColoradoSpringsV5
202608200302505031,202608200240673879,202608200240673824,46,10237,P1 Finance Client Demo 2 Bronze - B24,br_samms_client_demo2,TASK_COMPLETE,SUCCESS,INFO,2919,2919,0,,2026-08-20T02:41:23.064Z,2026-08-20T03:02:53.458Z,1290,2026-08-20T03:02:53.458Z,B24,Paintsville,05c5c70e-2926-4311-8f49-65b9279948a3,SAMMS-PaintsvilleV5
202608200302505032,202608200240673880,202608200240673824,46,10238,P1 Finance Client Demo 2 Bronze - B25,br_samms_client_demo2,TASK_COMPLETE,SUCCESS,INFO,3412,3412,0,,2026-08-20T02:41:23.064Z,2026-08-20T03:02:53.458Z,1290,2026-08-20T03:02:53.458Z,B25,Pikeville,05c5c70e-2926-4311-8f49-65b9279948a3,SAMMS-PikevilleV5
202608190529250932,202608190459200354,202608190459200344,106,7161,Clinical Domain Bronze - SaveCows_v6 - B12B,br_Cows_v6,TASK_COMPLETE,SUCCESS,INFO,7736,7736,0,,2026-08-19T05:01:28.469Z,2026-08-19T05:31:20.650Z,1792,2026-08-19T05:31:20.650Z,B12B,ColoradoSprings,05916e11-44cf-456b-ac26-991e7ff5d7aa,SAMMS-ColoradoSpringsV5
202608190529250934,202608190459200355,202608190459200344,106,7205,Clinical Domain Bronze - SaveCows_v6 - BOI,br_Cows_v6,TASK_COMPLETE,SUCCESS,INFO,3732,3732,0,,2026-08-19T05:01:28.469Z,2026-08-19T05:31:20.650Z,1792,2026-08-19T05:31:20.650Z,BOI,Boise,05916e11-44cf-456b-ac26-991e7ff5d7aa,SAMMS-Boise
202608190529250935,202608190459200356,202608190459200344,106,7254,Clinical Domain Bronze - SaveCows_v6 - V10,br_Cows_v6,TASK_COMPLETE,SUCCESS,INFO,12360,12360,0,,2026-08-19T05:01:28.469Z,2026-08-19T05:31:20.650Z,1792,2026-08-19T05:31:20.650Z,V10,Boulder,05916e11-44cf-456b-ac26-991e7ff5d7aa,SAMMS-BoulderV5
202608190529250936,202608190459200357,202608190459200344,106,7276,Clinical Domain Bronze - SaveUAResults - B12B,br_UAResults,TASK_COMPLETE,SUCCESS,INFO,123,123,0,,2026-08-19T05:01:28.469Z,2026-08-19T05:31:20.650Z,1792,2026-08-19T05:31:20.650Z,B12B,ColoradoSprings,05916e11-44cf-456b-ac26-991e7ff5d7aa,SAMMS-ColoradoSpringsV5
202608190529250937,202608190459200358,202608190459200344,106,7320,Clinical Domain Bronze - SaveUAResults - BOI,br_UAResults,TASK_COMPLETE,SUCCESS,INFO,346,346,0,,2026-08-19T05:01:28.469Z,2026-08-19T05:31:20.650Z,1792,2026-08-19T05:31:20.650Z,BOI,Boise,05916e11-44cf-456b-ac26-991e7ff5d7aa,SAMMS-Boise
202608190529250938,202608190459200359,202608190459200344,106,7369,Clinical Domain Bronze - SaveUAResults - V10,br_UAResults,TASK_COMPLETE,SUCCESS,INFO,243,243,0,,2026-08-19T05:01:28.469Z,2026-08-19T05:31:20.650Z,1792,2026-08-19T05:31:20.650Z,V10,Boulder,05916e11-44cf-456b-ac26-991e7ff5d7aa,SAMMS-BoulderV5
202608201034573125,202608201013530471,202608201013530447,46,9294,P1 Finance Financial Hardship Application Bronze - B25,br_samms_financial_hardship_application,TASK_COMPLETE,SUCCESS,INFO,807,807,0,,2026-08-20T10:13:57.622Z,2026-08-20T10:39:20.764Z,1523,2026-08-20T10:39:20.764Z,B25,Pikeville,069e8d01-766c-4679-b3df-c21f4d7bc3d1,SAMMS-PikevilleV5
202608221113177253,202608221042113127,202608221042112981,85,1063,Bronze INV,br_AdmissionAssessmentDimensionSix,TASK_COMPLETE,SUCCESS,INFO,1253,1253,0,,2026-08-22T10:42:14.039Z,2026-08-22T11:16:52.295Z,2078,2026-08-22T11:16:52.295Z,DRD-NOLA,NOLA,28d7acf5-bc26-4be3-b390-775b9af3d980,SAMMS-NOLAv5
202608221113177254,202608221042113128,202608221042112981,85,1071,Bronze INV,br_AdmissionAssessmentDimensionSix,TASK_COMPLETE,SUCCESS,INFO,678,678,0,,2026-08-22T10:42:14.039Z,2026-08-22T11:16:52.295Z,2078,2026-08-22T11:16:52.295Z,FW,Fort Wayne,28d7acf5-bc26-4be3-b390-775b9af3d980,SAMMS-FortWayne
202608221113177255,202608221042113129,202608221042112981,85,1082,Bronze INV,br_AdmissionAssessmentDimensionSix,TASK_COMPLETE,SUCCESS,INFO,428,428,0,,2026-08-22T10:42:14.039Z,2026-08-22T11:16:52.295Z,2078,2026-08-22T11:16:52.295Z,LO,Louisville,28d7acf5-bc26-4be3-b390-775b9af3d980,SAMMS-Louisville
202608221113177256,202608221042113130,202608221042112981,85,1141,Bronze INV,br_AdmissionAssessmentDimensionSix,TASK_COMPLETE,SUCCESS,INFO,585,585,0,,2026-08-22T10:42:14.039Z,2026-08-22T11:16:52.295Z,2078,2026-08-22T11:16:52.295Z,VBRP,Brooklyn Park,28d7acf5-bc26-4be3-b390-775b9af3d980,SAMMS-BrooklynParkV6
202608221113177257,202608221042113131,202608221042112981,85,1144,Bronze INV,br_AdmissionAssessmentDimensionSix,TASK_COMPLETE,SUCCESS,INFO,1062,1062,0,,2026-08-22T10:42:14.039Z,2026-08-22T11:16:52.295Z,2078,2026-08-22T11:16:52.295Z,VWBY,Woodbury,28d7acf5-bc26-4be3-b390-775b9af3d980,SAMMS-WoodburyV6
202608221113177359,202608221042212988,202608221042212981,86,5726,Silver INV,sl_AdmissionAssessmentDimensionSix,TASK_COMPLETE,SUCCESS,INFO,6655,6655,0,,2026-08-22T10:42:14.039Z,2026-08-22T11:16:52.295Z,2078,2026-08-22T11:16:52.295Z,,,28d7acf5-bc26-4be3-b390-775b9af3d980,
202608200302504980,202608200240673834,202608200240673824,46,8938,P1 Finance VW 3P Bill Sub Bronze - B12B,br_samms_vw3p_bill_sub,TASK_COMPLETE,SUCCESS,INFO,1191,1191,0,,2026-08-20T02:41:23.064Z,2026-08-20T03:02:53.458Z,1290,2026-08-20T03:02:53.458Z,B12B,ColoradoSprings,05c5c70e-2926-4311-8f49-65b9279948a3,SAMMS-ColoradoSpringsV5
202608200302504981,202608200240673835,202608200240673824,46,8939,P1 Finance VW 3P Bill Sub Bronze - B24,br_samms_vw3p_bill_sub,TASK_COMPLETE,SUCCESS,INFO,2031,2031,0,,2026-08-20T02:41:23.064Z,2026-08-20T03:02:53.458Z,1290,2026-08-20T03:02:53.458Z,B24,Paintsville,05c5c70e-2926-4311-8f49-65b9279948a3,SAMMS-PaintsvilleV5
202608200302504982,202608200240673836,202608200240673824,46,8940,P1 Finance VW 3P Bill Sub Bronze - B25,br_samms_vw3p_bill_sub,TASK_COMPLETE,SUCCESS,INFO,685,685,0,,2026-08-20T02:41:23.064Z,2026-08-20T03:02:53.458Z,1290,2026-08-20T03:02:53.458Z,B25,Pikeville,05c5c70e-2926-4311-8f49-65b9279948a3,SAMMS-PikevilleV5
202608251649114420,202608251629636814,202608251629636804,88,5126,P1 Reference Dropdown List Items Bronze - B12B,br_samms_dropdown_list_items,TASK_COMPLETE,SUCCESS,INFO,4387,4387,0,,2026-08-25T16:30:10.484Z,2026-08-25T16:49:14.632Z,1144,2026-08-25T16:49:14.632Z,B12B,ColoradoSprings,6d78ce37-8c21-4519-a454-1e5ee4a84a47,SAMMS-ColoradoSpringsV5
202608261758481424,202608261733446743,202608261733446733,97,6213,P1 Forms SMS Text Consent Form Bronze - B12B,br_samms_sms_text_consent_form,TASK_COMPLETE,SUCCESS,INFO,122,122,0,,2026-08-26T17:33:51.495Z,2026-08-26T17:58:52.846Z,1501,2026-08-26T17:58:52.846Z,B12B,ColoradoSprings,4b416fe5-6f5c-4fb7-baa8-f0b32475e9c6,SAMMS-ColoradoSpringsV5
202608201034573105,202608201013530486,202608201013530447,46,9765,P1 Finance Claims Bronze - B24,br_samms_claims,TASK_COMPLETE,SUCCESS,INFO,128781,128781,0,,2026-08-20T10:13:57.622Z,2026-08-20T10:39:20.764Z,1523,2026-08-20T10:39:20.764Z,B24,Paintsville,069e8d01-766c-4679-b3df-c21f4d7bc3d1,SAMMS-PaintsvilleV5
202608251539280414,202608251517589131,202608251517589120,46,9881,P1 Finance Payer Client Bronze - AHK,br_samms_payer_client,TASK_COMPLETE,SUCCESS,INFO,194,194,0,,2026-08-25T15:18:05.141Z,2026-08-25T15:39:31.442Z,1286,2026-08-25T15:39:31.442Z,AHK,Ahoskie,04d587cb-fd28-4f28-a572-c158aa92fa98,SAMMS-Ahoskie
202608261724109178,202608261657211000,202608261657210989,46,9881,P1 Finance Payer Client Bronze - AHK,br_samms_payer_client,TASK_COMPLETE,SUCCESS,INFO,194,194,0,,2026-08-26T16:57:24.758Z,2026-08-26T17:25:01.887Z,1657,2026-08-26T17:25:01.887Z,AHK,Ahoskie,7a1b4484-4dc4-4e48-b51b-e78359ce9673,SAMMS-Ahoskie
202608201034573135,202608201013530488,202608201013530447,46,9881,P1 Finance Payer Client Bronze - AHK,br_samms_payer_client,TASK_COMPLETE,SUCCESS,INFO,196,196,0,,2026-08-20T10:13:57.622Z,2026-08-20T10:39:20.764Z,1523,2026-08-20T10:39:20.764Z,AHK,Ahoskie,069e8d01-766c-4679-b3df-c21f4d7bc3d1,SAMMS-Ahoskie
202608201601486202,202608201601486202,202608201140451356,84,217,Gold Salesforce RecordTypes,RecordType,TASK_ALREADY_COMPLETED,ALREADY_COMPLETED,INFO,0,0,0,Already succeeded in previous attempt,2026-08-20T16:01:53.070Z,2026-08-20T16:01:53.070Z,0,2026-08-20T16:01:53.070Z,,,95538f17-9d82-404e-9e3f-d1777714a921,
202608201138361679,202608201138361679,202608201136586561,83,214,Silver Salesforce Cases,sl_sf_cases,TASK_DEPENDENCY_BLOCKED,DEPENDENCY_BLOCKED,WARN,0,0,0,Dependency Failed : 206 (checked: 206),2026-08-20T11:38:42.321Z,2026-08-20T11:38:42.321Z,0,2026-08-20T11:38:42.321Z,,,79156e84-8509-4e63-a064-b4b0873a2a40,
202608201138133231,202608201138133230,202608201136586561,83,212,Silver Salesforce Leads,sl_sf_leads,TASK_DEPENDENCY_BLOCKED,DEPENDENCY_BLOCKED,WARN,0,0,0,Dependency Failed : 204 (checked: 204),2026-08-20T11:38:19.536Z,2026-08-20T11:38:19.536Z,0,2026-08-20T11:38:19.536Z,,,79156e84-8509-4e63-a064-b4b0873a2a40,
202608201137467622,202608201137467622,202608201136586561,83,210,Silver Salesforce Tasks,sl_sf_tasks,TASK_DEPENDENCY_BLOCKED,DEPENDENCY_BLOCKED,WARN,0,0,0,Dependency Failed : 202 (checked: 202),2026-08-20T11:37:53.015Z,2026-08-20T11:37:53.015Z,0,2026-08-20T11:37:53.015Z,,,79156e84-8509-4e63-a064-b4b0873a2a40,
202608201137584981,202608201137584980,202608201136586561,83,211,Silver Salesforce Users,sl_sf_users,TASK_DEPENDENCY_BLOCKED,DEPENDENCY_BLOCKED,WARN,0,0,0,Dependency Failed : 203 (checked: 203),2026-08-20T11:38:07.495Z,2026-08-20T11:38:07.495Z,0,2026-08-20T11:38:07.495Z,,,79156e84-8509-4e63-a064-b4b0873a2a40,
202608211045486768,202608211045486768,202608211041144699,83,215,Silver Salesforce Outreach Events,sl_sf_events,TASK_COMPLETE,SUCCESS,INFO,0,0,0,No records returned,2026-08-21T10:45:52.637Z,2026-08-21T10:46:04.825Z,10,2026-08-21T10:46:04.825Z,,,45603680-296f-4487-82f1-f8045d5f38e1,
202608201138476174,202608201138476173,202608201136586561,83,215,Silver Salesforce Outreach Events,sl_sf_events,TASK_COMPLETE,SUCCESS,INFO,0,0,0,No records returned,2026-08-20T11:38:51.141Z,2026-08-20T11:39:02.974Z,10,2026-08-20T11:39:02.974Z,,,79156e84-8509-4e63-a064-b4b0873a2a40,
202608180902083844,202608180834532823,202608180834532768,106,8311,Clinical Domain Bronze - SaveEnrollment - B12B,br_Enrollment,TASK_COMPLETE,SUCCESS,INFO,3284,3284,0,,2026-08-18T08:37:01.117Z,2026-08-18T09:02:12.282Z,1511,2026-08-18T09:02:12.282Z,B12B,ColoradoSprings,08f45940-4fba-4d40-8013-5941939f8b2e,
202608180902083845,202608180834532824,202608180834532768,106,8355,Clinical Domain Bronze - SaveEnrollment - BOI,br_Enrollment,TASK_COMPLETE,SUCCESS,INFO,1196,1196,0,,2026-08-18T08:37:01.117Z,2026-08-18T09:02:12.282Z,1511,2026-08-18T09:02:12.282Z,BOI,Boise,08f45940-4fba-4d40-8013-5941939f8b2e,
202608180902083846,202608180834532825,202608180834532768,106,8404,Clinical Domain Bronze - SaveEnrollment - V10,br_Enrollment,TASK_COMPLETE,SUCCESS,INFO,10402,10402,0,,2026-08-18T08:37:01.117Z,2026-08-18T09:02:12.282Z,1511,2026-08-18T09:02:12.282Z,V10,Boulder,08f45940-4fba-4d40-8013-5941939f8b2e,
202608180902083847,202608180834532826,202608180834532768,106,8426,Clinical Domain Bronze - SaveTreatmentLevel - B12B,br_TreatmentLevel,TASK_COMPLETE,SUCCESS,INFO,523,523,0,,2026-08-18T08:37:01.117Z,2026-08-18T09:02:12.282Z,1511,2026-08-18T09:02:12.282Z,B12B,ColoradoSprings,08f45940-4fba-4d40-8013-5941939f8b2e,
202608180902083848,202608180834532827,202608180834532768,106,8470,Clinical Domain Bronze - SaveTreatmentLevel - BOI,br_TreatmentLevel,TASK_COMPLETE,SUCCESS,INFO,298,298,0,,2026-08-18T08:37:01.117Z,2026-08-18T09:02:12.282Z,1511,2026-08-18T09:02:12.282Z,BOI,Boise,08f45940-4fba-4d40-8013-5941939f8b2e,
202608180902083849,202608180834532828,202608180834532768,106,8519,Clinical Domain Bronze - SaveTreatmentLevel - V10,br_TreatmentLevel,TASK_COMPLETE,SUCCESS,INFO,667,667,0,,2026-08-18T08:37:01.117Z,2026-08-18T09:02:12.282Z,1511,2026-08-18T09:02:12.282Z,V10,Boulder,08f45940-4fba-4d40-8013-5941939f8b2e,
202608171240088338,202608171211598338,202608171211598283,106,8311,Clinical Domain Bronze - SaveEnrollment - B12B,br_Enrollment,TASK_COMPLETE,SUCCESS,INFO,3282,3282,0,,2026-08-17T12:12:57.246Z,2026-08-17T12:40:14.210Z,1637,2026-08-17T12:40:14.210Z,B12B,ColoradoSprings,71c4b27b-8df0-48dd-a1ee-a6ea3a63b852,
202608171240088339,202608171211598339,202608171211598283,106,8355,Clinical Domain Bronze - SaveEnrollment - BOI,br_Enrollment,TASK_COMPLETE,SUCCESS,INFO,1196,1196,0,,2026-08-17T12:12:57.246Z,2026-08-17T12:40:14.210Z,1637,2026-08-17T12:40:14.210Z,BOI,Boise,71c4b27b-8df0-48dd-a1ee-a6ea3a63b852,
202608171240088341,202608171211598340,202608171211598283,106,8404,Clinical Domain Bronze - SaveEnrollment - V10,br_Enrollment,TASK_COMPLETE,SUCCESS,INFO,10401,10401,0,,2026-08-17T12:12:57.246Z,2026-08-17T12:40:14.210Z,1637,2026-08-17T12:40:14.210Z,V10,Boulder,71c4b27b-8df0-48dd-a1ee-a6ea3a63b852,
202608171240088342,202608171211598341,202608171211598283,106,8426,Clinical Domain Bronze - SaveTreatmentLevel - B12B,br_TreatmentLevel,TASK_COMPLETE,SUCCESS,INFO,523,523,0,,2026-08-17T12:12:57.246Z,2026-08-17T12:40:14.210Z,1637,2026-08-17T12:40:14.210Z,B12B,ColoradoSprings,71c4b27b-8df0-48dd-a1ee-a6ea3a63b852,
202608171240088343,202608171211598342,202608171211598283,106,8470,Clinical Domain Bronze - SaveTreatmentLevel - BOI,br_TreatmentLevel,TASK_COMPLETE,SUCCESS,INFO,298,298,0,,2026-08-17T12:12:57.246Z,2026-08-17T12:40:14.210Z,1637,2026-08-17T12:40:14.210Z,BOI,Boise,71c4b27b-8df0-48dd-a1ee-a6ea3a63b852,
202608171240088344,202608171211598343,202608171211598283,106,8519,Clinical Domain Bronze - SaveTreatmentLevel - V10,br_TreatmentLevel,TASK_COMPLETE,SUCCESS,INFO,666,666,0,,2026-08-17T12:12:57.246Z,2026-08-17T12:40:14.210Z,1637,2026-08-17T12:40:14.210Z,V10,Boulder,71c4b27b-8df0-48dd-a1ee-a6ea3a63b852,
202608201034573187,202608201013630448,202608201013630447,47,8816,P1 Finance Bills Silver,tbl_Bills,TASK_COMPLETE,SKIPPED,WARN,0,0,0,Skipped: SaveBills failed at BR,2026-08-20T10:13:57.622Z,2026-08-20T10:39:20.764Z,1523,2026-08-20T10:39:20.764Z,,,069e8d01-766c-4679-b3df-c21f4d7bc3d1,
202608102323440829,202608102246289977,202608102246289962,31,94015,FormAnswerSignatures Bronze - B36,br_tblFormAnswerSig,TASK_COMPLETE,SUCCESS,INFO,17858,17858,0,,2026-08-10T22:46:50.634Z,2026-08-10T23:23:47.420Z,2217,2026-08-10T23:23:47.420Z,B36,Asheville,577185a2-f5a0-4625-b776-012683caf0bc,
202608102323440830,202608102246289978,202608102246289962,31,94016,FormAnswerSignatures Bronze - B37,br_tblFormAnswerSig,TASK_COMPLETE,SUCCESS,INFO,15067,15067,0,,2026-08-10T22:46:50.634Z,2026-08-10T23:23:47.420Z,2217,2026-08-10T23:23:47.420Z,B37,Clyde,577185a2-f5a0-4625-b776-012683caf0bc,
202608102323440831,202608102246289979,202608102246289962,31,94017,FormAnswerSignatures Bronze - B38,br_tblFormAnswerSig,TASK_COMPLETE,SUCCESS,INFO,19216,19216,0,,2026-08-10T22:46:50.634Z,2026-08-10T23:23:47.420Z,2217,2026-08-10T23:23:47.420Z,B38,Spartanburg,577185a2-f5a0-4625-b776-012683caf0bc,
202608102323440832,202608102246289980,202608102246289962,31,94018,FormAnswerSignatures Bronze - B39,br_tblFormAnswerSig,TASK_COMPLETE,SUCCESS,INFO,11659,11659,0,,2026-08-10T22:46:50.634Z,2026-08-10T23:23:47.420Z,2217,2026-08-10T23:23:47.420Z,B39,Aiken,577185a2-f5a0-4625-b776-012683caf0bc,
202608102323440833,202608102246289981,202608102246289962,31,94019,FormAnswerSignatures Bronze - B41,br_tblFormAnswerSig,TASK_COMPLETE,SUCCESS,INFO,21473,21473,0,,2026-08-10T22:46:50.634Z,2026-08-10T23:23:47.420Z,2217,2026-08-10T23:23:47.420Z,B41,Chesapeake,577185a2-f5a0-4625-b776-012683caf0bc,
202608102323440834,202608102246289982,202608102246289962,31,94020,FormAnswerSignatures Bronze - B42,br_tblFormAnswerSig,TASK_COMPLETE,SUCCESS,INFO,31068,31068,0,,2026-08-10T22:46:50.634Z,2026-08-10T23:23:47.420Z,2217,2026-08-10T23:23:47.420Z,B42,VirginiaBeach,577185a2-f5a0-4625-b776-012683caf0bc,
202608102323440836,202608102246289983,202608102246289962,31,94021,FormAnswerSignatures Bronze - B42A,br_tblFormAnswerSig,TASK_COMPLETE,SUCCESS,INFO,14292,14292,0,,2026-08-10T22:46:50.634Z,2026-08-10T23:23:47.420Z,2217,2026-08-10T23:23:47.420Z,B42A,NewportNews,577185a2-f5a0-4625-b776-012683caf0bc,
202608102139177312,202608102103362528,202608102103362513,31,94015,FormAnswerSignatures Bronze - B36,br_tblFormAnswerSig,TASK_COMPLETE,SUCCESS,INFO,17858,17858,0,,2026-08-10T21:04:36.348Z,2026-08-10T21:39:44.219Z,2108,2026-08-10T21:39:44.219Z,B36,Asheville,0e7e4594-5e6f-405f-a303-69a6f189ed20,
202608102139177313,202608102103362529,202608102103362513,31,94016,FormAnswerSignatures Bronze - B37,br_tblFormAnswerSig,TASK_COMPLETE,SUCCESS,INFO,15067,15067,0,,2026-08-10T21:04:36.348Z,2026-08-10T21:39:44.219Z,2108,2026-08-10T21:39:44.219Z,B37,Clyde,0e7e4594-5e6f-405f-a303-69a6f189ed20,
202608102139177314,202608102103362530,202608102103362513,31,94017,FormAnswerSignatures Bronze - B38,br_tblFormAnswerSig,TASK_COMPLETE,SUCCESS,INFO,19216,19216,0,,2026-08-10T21:04:36.348Z,2026-08-10T21:39:44.219Z,2108,2026-08-10T21:39:44.219Z,B38,Spartanburg,0e7e4594-5e6f-405f-a303-69a6f189ed20,
202608102139177315,202608102103362531,202608102103362513,31,94018,FormAnswerSignatures Bronze - B39,br_tblFormAnswerSig,TASK_COMPLETE,SUCCESS,INFO,11659,11659,0,,2026-08-10T21:04:36.348Z,2026-08-10T21:39:44.219Z,2108,2026-08-10T21:39:44.219Z,B39,Aiken,0e7e4594-5e6f-405f-a303-69a6f189ed20,
202608102139177316,202608102103362532,202608102103362513,31,94019,FormAnswerSignatures Bronze - B41,br_tblFormAnswerSig,TASK_COMPLETE,SUCCESS,INFO,21473,21473,0,,2026-08-10T21:04:36.348Z,2026-08-10T21:39:44.219Z,2108,2026-08-10T21:39:44.219Z,B41,Chesapeake,0e7e4594-5e6f-405f-a303-69a6f189ed20,
202608102139177317,202608102103362533,202608102103362513,31,94020,FormAnswerSignatures Bronze - B42,br_tblFormAnswerSig,TASK_COMPLETE,SUCCESS,INFO,31068,31068,0,,2026-08-10T21:04:36.348Z,2026-08-10T21:39:44.219Z,2108,2026-08-10T21:39:44.219Z,B42,VirginiaBeach,0e7e4594-5e6f-405f-a303-69a6f189ed20,
202608102139177318,202608102103362534,202608102103362513,31,94021,FormAnswerSignatures Bronze - B42A,br_tblFormAnswerSig,TASK_COMPLETE,SUCCESS,INFO,14292,14292,0,,2026-08-10T21:04:36.348Z,2026-08-10T21:39:44.219Z,2108,2026-08-10T21:39:44.219Z,B42A,NewportNews,0e7e4594-5e6f-405f-a303-69a6f189ed20,
202608201753342747,202608201753342747,202608201748445561,83,215,Silver Salesforce Outreach Events,sl_sf_events,TASK_COMPLETE,SUCCESS,INFO,0,0,0,No records returned,2026-08-20T17:53:37.842Z,2026-08-20T17:53:48.851Z,9,2026-08-20T17:53:48.851Z,,,635224f3-f193-4ab0-a06c-8d0fbf5d6c6d,
202608201653057430,202608201653057429,202608201648145195,83,215,Silver Salesforce Outreach Events,sl_sf_events,TASK_COMPLETE,SUCCESS,INFO,0,0,0,No records returned,2026-08-20T16:53:09.228Z,2026-08-20T16:53:20.203Z,9,2026-08-20T16:53:20.203Z,,,4ed56315-bafe-4059-9903-76e756bd89c4,
202608210214417575,202608210214417575,202608210210099193,83,215,Silver Salesforce Outreach Events,sl_sf_events,TASK_COMPLETE,SUCCESS,INFO,0,0,0,No records returned,2026-08-21T02:14:46.163Z,2026-08-21T02:14:56.845Z,9,2026-08-21T02:14:56.845Z,,,6e633944-6270-4167-9c27-2b58aaa91b88,
202608102226458796,202608102151219718,202608102151219703,31,94015,FormAnswerSignatures Bronze - B36,br_tblFormAnswerSig,TASK_COMPLETE,SUCCESS,INFO,17858,17858,0,,2026-08-10T21:52:10.015Z,2026-08-10T22:26:49.259Z,2079,2026-08-10T22:26:49.259Z,B36,Asheville,733bdb65-98e7-4d6d-af8f-93040e55bb44,
202608102226458797,202608102151219719,202608102151219703,31,94016,FormAnswerSignatures Bronze - B37,br_tblFormAnswerSig,TASK_COMPLETE,SUCCESS,INFO,15067,15067,0,,2026-08-10T21:52:10.015Z,2026-08-10T22:26:49.259Z,2079,2026-08-10T22:26:49.259Z,B37,Clyde,733bdb65-98e7-4d6d-af8f-93040e55bb44,
202608102226458798,202608102151219720,202608102151219703,31,94017,FormAnswerSignatures Bronze - B38,br_tblFormAnswerSig,TASK_COMPLETE,SUCCESS,INFO,19216,19216,0,,2026-08-10T21:52:10.015Z,2026-08-10T22:26:49.259Z,2079,2026-08-10T22:26:49.259Z,B38,Spartanburg,733bdb65-98e7-4d6d-af8f-93040e55bb44,
202608102226458799,202608102151219721,202608102151219703,31,94018,FormAnswerSignatures Bronze - B39,br_tblFormAnswerSig,TASK_COMPLETE,SUCCESS,INFO,11659,11659,0,,2026-08-10T21:52:10.015Z,2026-08-10T22:26:49.259Z,2079,2026-08-10T22:26:49.259Z,B39,Aiken,733bdb65-98e7-4d6d-af8f-93040e55bb44,
202608102226458801,202608102151219722,202608102151219703,31,94019,FormAnswerSignatures Bronze - B41,br_tblFormAnswerSig,TASK_COMPLETE,SUCCESS,INFO,21473,21473,0,,2026-08-10T21:52:10.015Z,2026-08-10T22:26:49.259Z,2079,2026-08-10T22:26:49.259Z,B41,Chesapeake,733bdb65-98e7-4d6d-af8f-93040e55bb44,
202608102226458802,202608102151219723,202608102151219703,31,94020,FormAnswerSignatures Bronze - B42,br_tblFormAnswerSig,TASK_COMPLETE,SUCCESS,INFO,31068,31068,0,,2026-08-10T21:52:10.015Z,2026-08-10T22:26:49.259Z,2079,2026-08-10T22:26:49.259Z,B42,VirginiaBeach,733bdb65-98e7-4d6d-af8f-93040e55bb44,
202608102226458803,202608102151219724,202608102151219703,31,94021,FormAnswerSignatures Bronze - B42A,br_tblFormAnswerSig,TASK_COMPLETE,SUCCESS,INFO,14292,14292,0,,2026-08-10T21:52:10.015Z,2026-08-10T22:26:49.259Z,2079,2026-08-10T22:26:49.259Z,B42A,NewportNews,733bdb65-98e7-4d6d-af8f-93040e55bb44,
202608102144480553,202608102108561486,202608102108561394,28,91092,FormQuestionAnswers Bronze - TTCC,br_tblFormQA,TASK_COMPLETE,SUCCESS,INFO,19809,19809,0,,2026-08-10T21:09:33.412Z,2026-08-10T21:44:51.777Z,2118,2026-08-10T21:44:51.777Z,TTCC,GrandBay,919a3989-3039-4ed4-8e54-b0f9527e0235,
202608102144480554,202608102108561487,202608102108561394,28,91093,FormQuestionAnswers Bronze - TU,br_tblFormQA,TASK_COMPLETE,SUCCESS,INFO,0,0,0,,2026-08-10T21:09:33.412Z,2026-08-10T21:44:51.777Z,2118,2026-08-10T21:44:51.777Z,TU,Tucson,919a3989-3039-4ed4-8e54-b0f9527e0235,
202608102144480556,202608102108561488,202608102108561394,28,91094,FormQuestionAnswers Bronze - V1,br_tblFormQA,TASK_COMPLETE,SUCCESS,INFO,8317,8317,0,,2026-08-10T21:09:33.412Z,2026-08-10T21:44:51.777Z,2118,2026-08-10T21:44:51.777Z,V1,VCPHCS-I-Memphis,919a3989-3039-4ed4-8e54-b0f9527e0235,
202608102144480557,202608102108561489,202608102108561394,28,91095,FormQuestionAnswers Bronze - V10,br_tblFormQA,TASK_COMPLETE,SUCCESS,INFO,12872,12872,0,,2026-08-10T21:09:33.412Z,2026-08-10T21:44:51.777Z,2118,2026-08-10T21:44:51.777Z,V10,Boulder,919a3989-3039-4ed4-8e54-b0f9527e0235,
202608102144480558,202608102108561490,202608102108561394,28,91096,FormQuestionAnswers Bronze - V10A,br_tblFormQA,TASK_COMPLETE,SUCCESS,INFO,23567,23567,0,,2026-08-10T21:09:33.412Z,2026-08-10T21:44:51.777Z,2118,2026-08-10T21:44:51.777Z,V10A,FortCollins,919a3989-3039-4ed4-8e54-b0f9527e0235,
202608102144480559,202608102108561491,202608102108561394,28,91097,FormQuestionAnswers Bronze - V11,br_tblFormQA,TASK_COMPLETE,SUCCESS,INFO,14181,14181,0,,2026-08-10T21:09:33.412Z,2026-08-10T21:44:51.777Z,2118,2026-08-10T21:44:51.777Z,V11,VCPHCS-XI-NorthDenver,919a3989-3039-4ed4-8e54-b0f9527e0235,
202608102144480560,202608102108561492,202608102108561394,28,91098,FormQuestionAnswers Bronze - V12,br_tblFormQA,TASK_COMPLETE,SUCCESS,INFO,17468,17468,0,,2026-08-10T21:09:33.412Z,2026-08-10T21:44:51.777Z,2118,2026-08-10T21:44:51.777Z,V12,VCPHCS-XII-DowntownDenver,919a3989-3039-4ed4-8e54-b0f9527e0235,
202608271047426748,202608271047426748,20260827043602,132,13704,Enrollment Activity With Readmission Gold,EnrollmentActivityWReadmission,TASK_SUCCESS,SUCCESS,INFO,325813,325813,0,,2026-08-27T10:47:42.674Z,2026-08-27T10:48:24.997Z,42,2026-08-27T10:48:24.997Z,,,9c98095d-0f6c-4ddc-995a-49dd3d71b166,
202608271137080085,202608271137080085,20260827113412,132,13704,Enrollment Activity With Readmission Gold,EnrollmentActivityWReadmission,TASK_SUCCESS,SUCCESS,INFO,325813,325813,0,,2026-08-27T11:37:08.008Z,2026-08-27T11:38:02.994Z,54,2026-08-27T11:38:02.994Z,,,548cb8af-a2ae-442b-8193-6118f75471ea,
202608140744357439,202608140725214735,202608140725214656,118,12378,Bronze P1/P2 Assessments,br_NewAdmissionAssessmentASAMDimension5,TASK_COMPLETE,SUCCESS,INFO,0,0,0,,2026-08-14T07:25:23.942Z,2026-08-14T07:44:38.851Z,1155,2026-08-14T07:44:38.851Z,B12B,Colorado Springs,9e759780-91b7-4e4a-882b-cd4350ec70b7,
202608140744357441,202608140725214736,202608140725214656,118,12379,Bronze P1/P2 Assessments,br_NewAdmissionAssessmentASAMDimension5,TASK_COMPLETE,SUCCESS,INFO,269,269,0,,2026-08-14T07:25:23.942Z,2026-08-14T07:44:38.851Z,1155,2026-08-14T07:44:38.851Z,B24,Paintsville,9e759780-91b7-4e4a-882b-cd4350ec70b7,
202608140744357442,202608140725214737,202608140725214656,118,12381,Bronze P1/P2 Assessments,br_NewAdmissionAssessmentASAMDimension5,TASK_COMPLETE,SUCCESS,INFO,397,397,0,,2026-08-14T07:25:23.942Z,2026-08-14T07:44:38.851Z,1155,2026-08-14T07:44:38.851Z,B26,Hazard,9e759780-91b7-4e4a-882b-cd4350ec70b7,
202608140744357443,202608140725214738,202608140725214656,118,12383,Bronze P1/P2 Assessments,br_NewAdmissionAssessmentASAMDimension5,TASK_COMPLETE,SUCCESS,INFO,0,0,0,,2026-08-14T07:25:23.942Z,2026-08-14T07:44:38.851Z,1155,2026-08-14T07:44:38.851Z,B28,West Plains,9e759780-91b7-4e4a-882b-cd4350ec70b7,
202608140744357444,202608140725214739,202608140725214656,118,12388,Bronze P1/P2 Assessments,br_NewAdmissionAssessmentASAMDimension5,TASK_COMPLETE,SUCCESS,INFO,175,175,0,,2026-08-14T07:25:23.942Z,2026-08-14T07:44:38.851Z,1155,2026-08-14T07:44:38.851Z,B33,Paducah,9e759780-91b7-4e4a-882b-cd4350ec70b7,
202608140744357445,202608140725214740,202608140725214656,118,12443,Bronze P1/P2 Assessments,br_NewAdmissionAssessmentASAMDimension5,TASK_COMPLETE,SUCCESS,INFO,0,0,0,,2026-08-14T07:25:23.942Z,2026-08-14T07:44:38.851Z,1155,2026-08-14T07:44:38.851Z,CBCO,Coeur dAlene,9e759780-91b7-4e4a-882b-cd4350ec70b7,
202608102226458804,202608102151219725,202608102151219703,31,94022,FormAnswerSignatures Bronze - B42B,br_tblFormAnswerSig,TASK_COMPLETE,SUCCESS,INFO,4616,4616,0,,2026-08-10T21:52:10.015Z,2026-08-10T22:26:49.259Z,2079,2026-08-10T22:26:49.259Z,B42B,Franklin,733bdb65-98e7-4d6d-af8f-93040e55bb44,
202608102226458805,202608102151219726,202608102151219703,31,94023,FormAnswerSignatures Bronze - B42C,br_tblFormAnswerSig,TASK_COMPLETE,SUCCESS,INFO,17947,17947,0,,2026-08-10T21:52:10.015Z,2026-08-10T22:26:49.259Z,2079,2026-08-10T22:26:49.259Z,B42C,GlenAllen,733bdb65-98e7-4d6d-af8f-93040e55bb44,
202608102226458806,202608102151219727,202608102151219703,31,94024,FormAnswerSignatures Bronze - B42D,br_tblFormAnswerSig,TASK_COMPLETE,SUCCESS,INFO,14624,14624,0,,2026-08-10T21:52:10.015Z,2026-08-10T22:26:49.259Z,2079,2026-08-10T22:26:49.259Z,B42D,ChesapeakeSouth,733bdb65-98e7-4d6d-af8f-93040e55bb44,
202608102226458807,202608102151219728,202608102151219703,31,94025,FormAnswerSignatures Bronze - B44,br_tblFormAnswerSig,TASK_COMPLETE,SUCCESS,INFO,8645,8645,0,,2026-08-10T21:52:10.015Z,2026-08-10T22:26:49.259Z,2079,2026-08-10T22:26:49.259Z,B44,Albany,733bdb65-98e7-4d6d-af8f-93040e55bb44,
202608102226458808,202608102151219729,202608102151219703,31,94026,FormAnswerSignatures Bronze - B45,br_tblFormAnswerSig,TASK_COMPLETE,SUCCESS,INFO,15235,15235,0,,2026-08-10T21:52:10.015Z,2026-08-10T22:26:49.259Z,2079,2026-08-10T22:26:49.259Z,B45,Tifton,733bdb65-98e7-4d6d-af8f-93040e55bb44,
202608102226458809,202608102151219730,202608102151219703,31,94027,FormAnswerSignatures Bronze - B46,br_tblFormAnswerSig,TASK_COMPLETE,SUCCESS,INFO,19655,19655,0,,2026-08-10T21:52:10.015Z,2026-08-10T22:26:49.259Z,2079,2026-08-10T22:26:49.259Z,B46,WashingtonDC,733bdb65-98e7-4d6d-af8f-93040e55bb44,
202608102226458810,202608102151219731,202608102151219703,31,94028,FormAnswerSignatures Bronze - B47,br_tblFormAnswerSig,TASK_COMPLETE,SUCCESS,INFO,21623,21623,0,,2026-08-10T21:52:10.015Z,2026-08-10T22:26:49.259Z,2079,2026-08-10T22:26:49.259Z,B47,Mobile,733bdb65-98e7-4d6d-af8f-93040e55bb44,
202608102323440837,202608102246289984,202608102246289962,31,94022,FormAnswerSignatures Bronze - B42B,br_tblFormAnswerSig,TASK_COMPLETE,SUCCESS,INFO,4616,4616,0,,2026-08-10T22:46:50.634Z,2026-08-10T23:23:47.420Z,2217,2026-08-10T23:23:47.420Z,B42B,Franklin,577185a2-f5a0-4625-b776-012683caf0bc,
202608102323440838,202608102246289985,202608102246289962,31,94023,FormAnswerSignatures Bronze - B42C,br_tblFormAnswerSig,TASK_COMPLETE,SUCCESS,INFO,17950,17950,0,,2026-08-10T22:46:50.634Z,2026-08-10T23:23:47.420Z,2217,2026-08-10T23:23:47.420Z,B42C,GlenAllen,577185a2-f5a0-4625-b776-012683caf0bc,
202608102323440839,202608102246289986,202608102246289962,31,94024,FormAnswerSignatures Bronze - B42D,br_tblFormAnswerSig,TASK_COMPLETE,SUCCESS,INFO,14624,14624,0,,2026-08-10T22:46:50.634Z,2026-08-10T23:23:47.420Z,2217,2026-08-10T23:23:47.420Z,B42D,ChesapeakeSouth,577185a2-f5a0-4625-b776-012683caf0bc,
202608102323440840,202608102246289987,202608102246289962,31,94025,FormAnswerSignatures Bronze - B44,br_tblFormAnswerSig,TASK_COMPLETE,SUCCESS,INFO,8645,8645,0,,2026-08-10T22:46:50.634Z,2026-08-10T23:23:47.420Z,2217,2026-08-10T23:23:47.420Z,B44,Albany,577185a2-f5a0-4625-b776-012683caf0bc,
202608102323440841,202608102246289988,202608102246289962,31,94026,FormAnswerSignatures Bronze - B45,br_tblFormAnswerSig,TASK_COMPLETE,SUCCESS,INFO,15235,15235,0,,2026-08-10T22:46:50.634Z,2026-08-10T23:23:47.420Z,2217,2026-08-10T23:23:47.420Z,B45,Tifton,577185a2-f5a0-4625-b776-012683caf0bc,
202608102323440842,202608102246289989,202608102246289962,31,94027,FormAnswerSignatures Bronze - B46,br_tblFormAnswerSig,TASK_COMPLETE,SUCCESS,INFO,19655,19655,0,,2026-08-10T22:46:50.634Z,2026-08-10T23:23:47.420Z,2217,2026-08-10T23:23:47.420Z,B46,WashingtonDC,577185a2-f5a0-4625-b776-012683caf0bc,
202608102323440843,202608102246289990,202608102246289962,31,94028,FormAnswerSignatures Bronze - B47,br_tblFormAnswerSig,TASK_COMPLETE,SUCCESS,INFO,21623,21623,0,,2026-08-10T22:46:50.634Z,2026-08-10T23:23:47.420Z,2217,2026-08-10T23:23:47.420Z,B47,Mobile,577185a2-f5a0-4625-b776-012683caf0bc,
202608241444313058,202608241444313057,20260824144338,130,13687,Azure Sql Python Gold - Claim Denial Prediction,ClaimDenialPredictionV1,TASK_COMPLETE,SUCCESS,INFO,53117522,53117522,0,,2026-08-24T14:44:31.305Z,2026-08-24T14:47:19.221Z,167,2026-08-24T14:47:19.221Z,,,31f76fca-6e67-4da9-bdde-70234da73bc2,
202608102139177320,202608102103362535,202608102103362513,31,94022,FormAnswerSignatures Bronze - B42B,br_tblFormAnswerSig,TASK_COMPLETE,SUCCESS,INFO,4616,4616,0,,2026-08-10T21:04:36.348Z,2026-08-10T21:39:44.219Z,2108,2026-08-10T21:39:44.219Z,B42B,Franklin,0e7e4594-5e6f-405f-a303-69a6f189ed20,
202608102139177321,202608102103362536,202608102103362513,31,94023,FormAnswerSignatures Bronze - B42C,br_tblFormAnswerSig,TASK_COMPLETE,SUCCESS,INFO,17947,17947,0,,2026-08-10T21:04:36.348Z,2026-08-10T21:39:44.219Z,2108,2026-08-10T21:39:44.219Z,B42C,GlenAllen,0e7e4594-5e6f-405f-a303-69a6f189ed20,
202608102139177322,202608102103362537,202608102103362513,31,94024,FormAnswerSignatures Bronze - B42D,br_tblFormAnswerSig,TASK_COMPLETE,SUCCESS,INFO,14624,14624,0,,2026-08-10T21:04:36.348Z,2026-08-10T21:39:44.219Z,2108,2026-08-10T21:39:44.219Z,B42D,ChesapeakeSouth,0e7e4594-5e6f-405f-a303-69a6f189ed20,
202608102139177323,202608102103362538,202608102103362513,31,94025,FormAnswerSignatures Bronze - B44,br_tblFormAnswerSig,TASK_COMPLETE,SUCCESS,INFO,8645,8645,0,,2026-08-10T21:04:36.348Z,2026-08-10T21:39:44.219Z,2108,2026-08-10T21:39:44.219Z,B44,Albany,0e7e4594-5e6f-405f-a303-69a6f189ed20,
202608102139177324,202608102103362539,202608102103362513,31,94026,FormAnswerSignatures Bronze - B45,br_tblFormAnswerSig,TASK_COMPLETE,SUCCESS,INFO,15235,15235,0,,2026-08-10T21:04:36.348Z,2026-08-10T21:39:44.219Z,2108,2026-08-10T21:39:44.219Z,B45,Tifton,0e7e4594-5e6f-405f-a303-69a6f189ed20,
202608102139177325,202608102103362540,202608102103362513,31,94027,FormAnswerSignatures Bronze - B46,br_tblFormAnswerSig,TASK_COMPLETE,SUCCESS,INFO,19655,19655,0,,2026-08-10T21:04:36.348Z,2026-08-10T21:39:44.219Z,2108,2026-08-10T21:39:44.219Z,B46,WashingtonDC,0e7e4594-5e6f-405f-a303-69a6f189ed20,
202608102139177326,202608102103362541,202608102103362513,31,94028,FormAnswerSignatures Bronze - B47,br_tblFormAnswerSig,TASK_COMPLETE,SUCCESS,INFO,21623,21623,0,,2026-08-10T21:04:36.348Z,2026-08-10T21:39:44.219Z,2108,2026-08-10T21:39:44.219Z,B47,Mobile,0e7e4594-5e6f-405f-a303-69a6f189ed20,
202608201607532052,202608201607532052,202608201140451356,84,6811,Gold Salesforce OutboundSMS,OutboundSMS,TASK_ALREADY_COMPLETED,ALREADY_COMPLETED,INFO,0,0,0,Already succeeded in previous attempt,2026-08-20T16:07:58.660Z,2026-08-20T16:07:58.660Z,0,2026-08-20T16:07:58.660Z,,,95538f17-9d82-404e-9e3f-d1777714a921,
202608201034573109,202608201013530496,202608201013530447,46,10117,P1 Finance Client Demo 1 Bronze - AHK,br_samms_client_demo1,TASK_COMPLETE,SUCCESS,INFO,301,301,0,,2026-08-20T10:13:57.622Z,2026-08-20T10:39:20.764Z,1523,2026-08-20T10:39:20.764Z,AHK,Ahoskie,069e8d01-766c-4679-b3df-c21f4d7bc3d1,SAMMS-Ahoskie
202608221113177700,202608221042113159,202608221042112981,85,3290,Bronze INV,br_ReAssessmentFamily,TASK_COMPLETE,SUCCESS,INFO,1287,1287,0,,2026-08-22T10:42:14.039Z,2026-08-22T11:16:52.295Z,2078,2026-08-22T11:16:52.295Z,LO,Louisville,28d7acf5-bc26-4be3-b390-775b9af3d980,SAMMS-Louisville
202608221113177701,202608221042113160,202608221042112981,85,3349,Bronze INV,br_ReAssessmentFamily,TASK_COMPLETE,SUCCESS,INFO,1958,1958,0,,2026-08-22T10:42:14.039Z,2026-08-22T11:16:52.295Z,2078,2026-08-22T11:16:52.295Z,VBRP,Brooklyn Park,28d7acf5-bc26-4be3-b390-775b9af3d980,SAMMS-BrooklynParkV6
202608221113177702,202608221042113161,202608221042112981,85,3352,Bronze INV,br_ReAssessmentFamily,TASK_COMPLETE,SUCCESS,INFO,884,884,0,,2026-08-22T10:42:14.039Z,2026-08-22T11:16:52.295Z,2078,2026-08-22T11:16:52.295Z,VWBY,Woodbury,28d7acf5-bc26-4be3-b390-775b9af3d980,SAMMS-WoodburyV6
202608251539280417,202608251517589134,202608251517589120,46,10235,P1 Finance Client Demo 2 Bronze - AHK,br_samms_client_demo2,TASK_COMPLETE,SUCCESS,INFO,301,301,0,,2026-08-25T15:18:05.141Z,2026-08-25T15:39:31.442Z,1286,2026-08-25T15:39:31.442Z,AHK,Ahoskie,04d587cb-fd28-4f28-a572-c158aa92fa98,SAMMS-Ahoskie
202608251539280416,202608251517589133,202608251517589120,46,10117,P1 Finance Client Demo 1 Bronze - AHK,br_samms_client_demo1,TASK_COMPLETE,SUCCESS,INFO,301,301,0,,2026-08-25T15:18:05.141Z,2026-08-25T15:39:31.442Z,1286,2026-08-25T15:39:31.442Z,AHK,Ahoskie,04d587cb-fd28-4f28-a572-c158aa92fa98,SAMMS-Ahoskie
202608261724109180,202608261657211002,202608261657210989,46,10117,P1 Finance Client Demo 1 Bronze - AHK,br_samms_client_demo1,TASK_COMPLETE,SUCCESS,INFO,301,301,0,,2026-08-26T16:57:24.758Z,2026-08-26T17:25:01.887Z,1657,2026-08-26T17:25:01.887Z,AHK,Ahoskie,7a1b4484-4dc4-4e48-b51b-e78359ce9673,SAMMS-Ahoskie
202608201034573115,202608201013530500,202608201013530447,46,10235,P1 Finance Client Demo 2 Bronze - AHK,br_samms_client_demo2,TASK_COMPLETE,SUCCESS,INFO,301,301,0,,2026-08-20T10:13:57.622Z,2026-08-20T10:39:20.764Z,1523,2026-08-20T10:39:20.764Z,AHK,Ahoskie,069e8d01-766c-4679-b3df-c21f4d7bc3d1,SAMMS-Ahoskie
202608261724109182,202608261657211003,202608261657210989,46,10235,P1 Finance Client Demo 2 Bronze - AHK,br_samms_client_demo2,TASK_COMPLETE,SUCCESS,INFO,301,301,0,,2026-08-26T16:57:24.758Z,2026-08-26T17:25:01.887Z,1657,2026-08-26T17:25:01.887Z,AHK,Ahoskie,7a1b4484-4dc4-4e48-b51b-e78359ce9673,SAMMS-Ahoskie
202608201602385783,202608201602385783,202608201140451356,84,220,Gold Salesforce StgContacts,stgContacts,TASK_ALREADY_COMPLETED,ALREADY_COMPLETED,INFO,0,0,0,Already succeeded in previous attempt,2026-08-20T16:02:45.027Z,2026-08-20T16:02:45.027Z,0,2026-08-20T16:02:45.027Z,,,95538f17-9d82-404e-9e3f-d1777714a921,
202608201142505998,202608201142505997,202608201140451356,84,225,Gold Salesforce Contacts,Contacts,TASK_DEPENDENCY_BLOCKED,DEPENDENCY_BLOCKED,WARN,0,0,0,"Dependency Failed : 220 (checked: 220,218)",2026-08-20T11:42:56.656Z,2026-08-20T11:42:56.656Z,0,2026-08-20T11:42:56.656Z,,,79156e84-8509-4e63-a064-b4b0873a2a40,
202608102226458859,202608102151219774,202608102151219703,31,94071,FormAnswerSignatures Bronze - LAN,br_tblFormAnswerSig,TASK_COMPLETE,SUCCESS,INFO,9761,9761,0,,2026-08-10T21:52:10.015Z,2026-08-10T22:26:49.259Z,2079,2026-08-10T22:26:49.259Z,LAN,Lansing,733bdb65-98e7-4d6d-af8f-93040e55bb44,
202608102226458860,202608102151219775,202608102151219703,31,94072,FormAnswerSignatures Bronze - LO,br_tblFormAnswerSig,TASK_COMPLETE,SUCCESS,INFO,41507,41507,0,,2026-08-10T21:52:10.015Z,2026-08-10T22:26:49.259Z,2079,2026-08-10T22:26:49.259Z,LO,Louisville,733bdb65-98e7-4d6d-af8f-93040e55bb44,
202608102226458861,202608102151219776,202608102151219703,31,94073,FormAnswerSignatures Bronze - LV1,br_tblFormAnswerSig,TASK_COMPLETE,SUCCESS,INFO,27435,27435,0,,2026-08-10T21:52:10.015Z,2026-08-10T22:26:49.259Z,2079,2026-08-10T22:26:49.259Z,LV1,Cheyenne,733bdb65-98e7-4d6d-af8f-93040e55bb44,
202608102226458862,202608102151219777,202608102151219703,31,94074,FormAnswerSignatures Bronze - LV2,br_tblFormAnswerSig,TASK_COMPLETE,SUCCESS,INFO,19496,19496,0,,2026-08-10T21:52:10.015Z,2026-08-10T22:26:49.259Z,2079,2026-08-10T22:26:49.259Z,LV2,DesertInn,733bdb65-98e7-4d6d-af8f-93040e55bb44,
202608102226458863,202608102151219778,202608102151219703,31,94075,FormAnswerSignatures Bronze - LV3,br_tblFormAnswerSig,TASK_COMPLETE,SUCCESS,INFO,8002,8002,0,,2026-08-10T21:52:10.015Z,2026-08-10T22:26:49.259Z,2079,2026-08-10T22:26:49.259Z,LV3,McDaniel,733bdb65-98e7-4d6d-af8f-93040e55bb44,
202608102226458864,202608102151219779,202608102151219703,31,94076,FormAnswerSignatures Bronze - MNRE,br_tblFormAnswerSig,TASK_COMPLETE,SUCCESS,INFO,9260,9260,0,,2026-08-10T21:52:10.015Z,2026-08-10T22:26:49.259Z,2079,2026-08-10T22:26:49.259Z,MNRE,Monroe,733bdb65-98e7-4d6d-af8f-93040e55bb44,
202608102226458865,202608102151219780,202608102151219703,31,94077,FormAnswerSignatures Bronze - MP,br_tblFormAnswerSig,TASK_COMPLETE,SUCCESS,INFO,10543,10543,0,,2026-08-10T21:52:10.015Z,2026-08-10T22:26:49.259Z,2079,2026-08-10T22:26:49.259Z,MP,MtPleasant,733bdb65-98e7-4d6d-af8f-93040e55bb44,
202608102323440891,202608102246290033,202608102246289962,31,94071,FormAnswerSignatures Bronze - LAN,br_tblFormAnswerSig,TASK_COMPLETE,SUCCESS,INFO,9761,9761,0,,2026-08-10T22:46:50.634Z,2026-08-10T23:23:47.420Z,2217,2026-08-10T23:23:47.420Z,LAN,Lansing,577185a2-f5a0-4625-b776-012683caf0bc,
202608102323440892,202608102246290034,202608102246289962,31,94072,FormAnswerSignatures Bronze - LO,br_tblFormAnswerSig,TASK_COMPLETE,SUCCESS,INFO,41507,41507,0,,2026-08-10T22:46:50.634Z,2026-08-10T23:23:47.420Z,2217,2026-08-10T23:23:47.420Z,LO,Louisville,577185a2-f5a0-4625-b776-012683caf0bc,
202608102323440893,202608102246290035,202608102246289962,31,94073,FormAnswerSignatures Bronze - LV1,br_tblFormAnswerSig,TASK_COMPLETE,SUCCESS,INFO,27435,27435,0,,2026-08-10T22:46:50.634Z,2026-08-10T23:23:47.420Z,2217,2026-08-10T23:23:47.420Z,LV1,Cheyenne,577185a2-f5a0-4625-b776-012683caf0bc,
202608102323440894,202608102246290036,202608102246289962,31,94074,FormAnswerSignatures Bronze - LV2,br_tblFormAnswerSig,TASK_COMPLETE,SUCCESS,INFO,19496,19496,0,,2026-08-10T22:46:50.634Z,2026-08-10T23:23:47.420Z,2217,2026-08-10T23:23:47.420Z,LV2,DesertInn,577185a2-f5a0-4625-b776-012683caf0bc,
202608102323440895,202608102246290037,202608102246289962,31,94075,FormAnswerSignatures Bronze - LV3,br_tblFormAnswerSig,TASK_COMPLETE,SUCCESS,INFO,8002,8002,0,,2026-08-10T22:46:50.634Z,2026-08-10T23:23:47.420Z,2217,2026-08-10T23:23:47.420Z,LV3,McDaniel,577185a2-f5a0-4625-b776-012683caf0bc,
202608102323440896,202608102246290038,202608102246289962,31,94076,FormAnswerSignatures Bronze - MNRE,br_tblFormAnswerSig,TASK_COMPLETE,SUCCESS,INFO,9260,9260,0,,2026-08-10T22:46:50.634Z,2026-08-10T23:23:47.420Z,2217,2026-08-10T23:23:47.420Z,MNRE,Monroe,577185a2-f5a0-4625-b776-012683caf0bc,
202608102323440897,202608102246290039,202608102246289962,31,94077,FormAnswerSignatures Bronze - MP,br_tblFormAnswerSig,TASK_COMPLETE,SUCCESS,INFO,10543,10543,0,,2026-08-10T22:46:50.634Z,2026-08-10T23:23:47.420Z,2217,2026-08-10T23:23:47.420Z,MP,MtPleasant,577185a2-f5a0-4625-b776-012683caf0bc,
202608102226458788,202608102151219711,202608102151219703,31,94008,FormAnswerSignatures Bronze - B29,br_tblFormAnswerSig,TASK_COMPLETE,SUCCESS,INFO,8180,8180,0,,2026-08-10T21:52:10.015Z,2026-08-10T22:26:49.259Z,2079,2026-08-10T22:26:49.259Z,B29,PoplarBluff,733bdb65-98e7-4d6d-af8f-93040e55bb44,
202608102226458789,202608102151219712,202608102151219703,31,94009,FormAnswerSignatures Bronze - B30,br_tblFormAnswerSig,TASK_COMPLETE,SUCCESS,INFO,5456,5456,0,,2026-08-10T21:52:10.015Z,2026-08-10T22:26:49.259Z,2079,2026-08-10T22:26:49.259Z,B30,KCN,733bdb65-98e7-4d6d-af8f-93040e55bb44,
202608102226458790,202608102151219713,202608102151219703,31,94010,FormAnswerSignatures Bronze - B31,br_tblFormAnswerSig,TASK_COMPLETE,SUCCESS,INFO,17721,17721,0,,2026-08-10T21:52:10.015Z,2026-08-10T22:26:49.259Z,2079,2026-08-10T22:26:49.259Z,B31,Dyersburg,733bdb65-98e7-4d6d-af8f-93040e55bb44,
202608102226458792,202608102151219714,202608102151219703,31,94011,FormAnswerSignatures Bronze - B33,br_tblFormAnswerSig,TASK_COMPLETE,SUCCESS,INFO,20950,20950,0,,2026-08-10T21:52:10.015Z,2026-08-10T22:26:49.259Z,2079,2026-08-10T22:26:49.259Z,B33,Paducah,733bdb65-98e7-4d6d-af8f-93040e55bb44,
202608102226458793,202608102151219715,202608102151219703,31,94012,FormAnswerSignatures Bronze - B34,br_tblFormAnswerSig,TASK_COMPLETE,SUCCESS,INFO,29900,29900,0,,2026-08-10T21:52:10.015Z,2026-08-10T22:26:49.259Z,2079,2026-08-10T22:26:49.259Z,B34,Corbin,733bdb65-98e7-4d6d-af8f-93040e55bb44,
202608102226458794,202608102151219716,202608102151219703,31,94013,FormAnswerSignatures Bronze - B35,br_tblFormAnswerSig,TASK_COMPLETE,SUCCESS,INFO,48132,48132,0,,2026-08-10T21:52:10.015Z,2026-08-10T22:26:49.259Z,2079,2026-08-10T22:26:49.259Z,B35,Lexington,733bdb65-98e7-4d6d-af8f-93040e55bb44,
202608102226458795,202608102151219717,202608102151219703,31,94014,FormAnswerSignatures Bronze - B35A,br_tblFormAnswerSig,TASK_COMPLETE,SUCCESS,INFO,15735,15735,0,,2026-08-10T21:52:10.015Z,2026-08-10T22:26:49.259Z,2079,2026-08-10T22:26:49.259Z,B35A,Berea,733bdb65-98e7-4d6d-af8f-93040e55bb44,
202608210239317735,202608210227162451,202608210227162448,43,167,SAMMSGLOBAL Bronze,br_User,TASK_COMPLETE,SUCCESS,INFO,11983,11983,0,,2026-08-21T02:27:19.171Z,2026-08-21T02:39:34.839Z,735,2026-08-21T02:39:34.839Z,Global,Global,37d39418-848b-43a3-aff1-182cc8bb7455,SAMMSGLOBAL
202608102323440821,202608102246289970,202608102246289962,31,94008,FormAnswerSignatures Bronze - B29,br_tblFormAnswerSig,TASK_COMPLETE,SUCCESS,INFO,8181,8181,0,,2026-08-10T22:46:50.634Z,2026-08-10T23:23:47.420Z,2217,2026-08-10T23:23:47.420Z,B29,PoplarBluff,577185a2-f5a0-4625-b776-012683caf0bc,
202608102323440823,202608102246289971,202608102246289962,31,94009,FormAnswerSignatures Bronze - B30,br_tblFormAnswerSig,TASK_COMPLETE,SUCCESS,INFO,5456,5456,0,,2026-08-10T22:46:50.634Z,2026-08-10T23:23:47.420Z,2217,2026-08-10T23:23:47.420Z,B30,KCN,577185a2-f5a0-4625-b776-012683caf0bc,
202608102323440824,202608102246289972,202608102246289962,31,94010,FormAnswerSignatures Bronze - B31,br_tblFormAnswerSig,TASK_COMPLETE,SUCCESS,INFO,17723,17723,0,,2026-08-10T22:46:50.634Z,2026-08-10T23:23:47.420Z,2217,2026-08-10T23:23:47.420Z,B31,Dyersburg,577185a2-f5a0-4625-b776-012683caf0bc,
202608102323440825,202608102246289973,202608102246289962,31,94011,FormAnswerSignatures Bronze - B33,br_tblFormAnswerSig,TASK_COMPLETE,SUCCESS,INFO,20950,20950,0,,2026-08-10T22:46:50.634Z,2026-08-10T23:23:47.420Z,2217,2026-08-10T23:23:47.420Z,B33,Paducah,577185a2-f5a0-4625-b776-012683caf0bc,
202608102323440826,202608102246289974,202608102246289962,31,94012,FormAnswerSignatures Bronze - B34,br_tblFormAnswerSig,TASK_COMPLETE,SUCCESS,INFO,29900,29900,0,,2026-08-10T22:46:50.634Z,2026-08-10T23:23:47.420Z,2217,2026-08-10T23:23:47.420Z,B34,Corbin,577185a2-f5a0-4625-b776-012683caf0bc,
202608102323440827,202608102246289975,202608102246289962,31,94013,FormAnswerSignatures Bronze - B35,br_tblFormAnswerSig,TASK_COMPLETE,SUCCESS,INFO,48132,48132,0,,2026-08-10T22:46:50.634Z,2026-08-10T23:23:47.420Z,2217,2026-08-10T23:23:47.420Z,B35,Lexington,577185a2-f5a0-4625-b776-012683caf0bc,
202608102323440828,202608102246289976,202608102246289962,31,94014,FormAnswerSignatures Bronze - B35A,br_tblFormAnswerSig,TASK_COMPLETE,SUCCESS,INFO,15735,15735,0,,2026-08-10T22:46:50.634Z,2026-08-10T23:23:47.420Z,2217,2026-08-10T23:23:47.420Z,B35A,Berea,577185a2-f5a0-4625-b776-012683caf0bc,
202608201034573201,202608201013630456,202608201013630447,47,9760,P1 Finance Claim Line Item Activity Silver,tbl_ClaimLineItemActivity,TASK_COMPLETE,SUCCESS,INFO,647740,647740,0,,2026-08-20T10:13:57.622Z,2026-08-20T10:39:20.764Z,1523,2026-08-20T10:39:20.764Z,,,069e8d01-766c-4679-b3df-c21f4d7bc3d1,
202608102139177304,202608102103362521,202608102103362513,31,94008,FormAnswerSignatures Bronze - B29,br_tblFormAnswerSig,TASK_COMPLETE,SUCCESS,INFO,8180,8180,0,,2026-08-10T21:04:36.348Z,2026-08-10T21:39:44.219Z,2108,2026-08-10T21:39:44.219Z,B29,PoplarBluff,0e7e4594-5e6f-405f-a303-69a6f189ed20,
202608102139177305,202608102103362522,202608102103362513,31,94009,FormAnswerSignatures Bronze - B30,br_tblFormAnswerSig,TASK_COMPLETE,SUCCESS,INFO,5456,5456,0,,2026-08-10T21:04:36.348Z,2026-08-10T21:39:44.219Z,2108,2026-08-10T21:39:44.219Z,B30,KCN,0e7e4594-5e6f-405f-a303-69a6f189ed20,
202608102139177306,202608102103362523,202608102103362513,31,94010,FormAnswerSignatures Bronze - B31,br_tblFormAnswerSig,TASK_COMPLETE,SUCCESS,INFO,17721,17721,0,,2026-08-10T21:04:36.348Z,2026-08-10T21:39:44.219Z,2108,2026-08-10T21:39:44.219Z,B31,Dyersburg,0e7e4594-5e6f-405f-a303-69a6f189ed20,
202608102139177307,202608102103362524,202608102103362513,31,94011,FormAnswerSignatures Bronze - B33,br_tblFormAnswerSig,TASK_COMPLETE,SUCCESS,INFO,20950,20950,0,,2026-08-10T21:04:36.348Z,2026-08-10T21:39:44.219Z,2108,2026-08-10T21:39:44.219Z,B33,Paducah,0e7e4594-5e6f-405f-a303-69a6f189ed20,
202608102139177308,202608102103362525,202608102103362513,31,94012,FormAnswerSignatures Bronze - B34,br_tblFormAnswerSig,TASK_COMPLETE,SUCCESS,INFO,29900,29900,0,,2026-08-10T21:04:36.348Z,2026-08-10T21:39:44.219Z,2108,2026-08-10T21:39:44.219Z,B34,Corbin,0e7e4594-5e6f-405f-a303-69a6f189ed20,
202608102139177309,202608102103362526,202608102103362513,31,94013,FormAnswerSignatures Bronze - B35,br_tblFormAnswerSig,TASK_COMPLETE,SUCCESS,INFO,48132,48132,0,,2026-08-10T21:04:36.348Z,2026-08-10T21:39:44.219Z,2108,2026-08-10T21:39:44.219Z,B35,Lexington,0e7e4594-5e6f-405f-a303-69a6f189ed20,
202608102139177311,202608102103362527,202608102103362513,31,94014,FormAnswerSignatures Bronze - B35A,br_tblFormAnswerSig,TASK_COMPLETE,SUCCESS,INFO,15735,15735,0,,2026-08-10T21:04:36.348Z,2026-08-10T21:39:44.219Z,2108,2026-08-10T21:39:44.219Z,B35A,Berea,0e7e4594-5e6f-405f-a303-69a6f189ed20,
202608200307397659,202608200240773833,202608200240773824,47,9760,P1 Finance Claim Line Item Activity Silver,tbl_ClaimLineItemActivity,TASK_COMPLETE,SUCCESS,INFO,647740,647740,0,,2026-08-20T02:41:23.064Z,2026-08-20T03:07:41.295Z,1578,2026-08-20T03:07:41.295Z,,,05c5c70e-2926-4311-8f49-65b9279948a3,
202608251454402508,202608251428452609,202608251428452600,47,9760,P1 Finance Claim Line Item Activity Silver,tbl_ClaimLineItemActivity,TASK_COMPLETE,SUCCESS,INFO,296347,296347,0,,2026-08-25T14:28:42.306Z,2026-08-25T14:54:42.345Z,1560,2026-08-25T14:54:42.345Z,,,5e789551-b18e-4745-8526-2b8db3ceeb01,
202608181407308793,202608181342262737,202608181342262706,46,9529,P1 Finance Claim Line Item Bronze - B24,br_samms_claim_line_item,TASK_COMPLETE,SUCCESS,INFO,162369,162369,0,,2026-08-18T13:42:39.071Z,2026-08-18T14:07:36.209Z,1497,2026-08-18T14:07:36.209Z,B24,Paintsville,2b16abcf-416f-4fd8-80a9-0aa52ca66e5c,
202608181407308794,202608181342262738,202608181342262706,46,9530,P1 Finance Claim Line Item Bronze - B25,br_samms_claim_line_item,TASK_COMPLETE,SUCCESS,INFO,137003,137003,0,,2026-08-18T13:42:39.071Z,2026-08-18T14:07:36.209Z,1497,2026-08-18T14:07:36.209Z,B25,Pikeville,2b16abcf-416f-4fd8-80a9-0aa52ca66e5c,
202608181407308795,202608181342262739,202608181342262706,46,9645,P1 Finance Claim Line Item Activity Bronze - AHK,br_samms_claim_line_item_activity,TASK_COMPLETE,SUCCESS,INFO,22659,22659,0,,2026-08-18T13:42:39.071Z,2026-08-18T14:07:36.209Z,1497,2026-08-18T14:07:36.209Z,AHK,Ahoskie,2b16abcf-416f-4fd8-80a9-0aa52ca66e5c,
202608181314386986,202608181250209473,202608181250209442,46,9529,P1 Finance Claim Line Item Bronze - B24,br_samms_claim_line_item,TASK_COMPLETE,SUCCESS,INFO,162369,162369,0,,2026-08-18T12:50:23.823Z,2026-08-18T13:14:41.917Z,1458,2026-08-18T13:14:41.917Z,B24,Paintsville,03823c35-021d-4cc9-8374-59681a542f1d,
202608181314386987,202608181250209474,202608181250209442,46,9530,P1 Finance Claim Line Item Bronze - B25,br_samms_claim_line_item,TASK_COMPLETE,SUCCESS,INFO,137003,137003,0,,2026-08-18T12:50:23.823Z,2026-08-18T13:14:41.917Z,1458,2026-08-18T13:14:41.917Z,B25,Pikeville,03823c35-021d-4cc9-8374-59681a542f1d,
202608181314386988,202608181250209475,202608181250209442,46,9645,P1 Finance Claim Line Item Activity Bronze - AHK,br_samms_claim_line_item_activity,TASK_COMPLETE,SUCCESS,INFO,22659,22659,0,,2026-08-18T12:50:23.823Z,2026-08-18T13:14:41.917Z,1458,2026-08-18T13:14:41.917Z,AHK,Ahoskie,03823c35-021d-4cc9-8374-59681a542f1d,
202608120911546251,202608120822452597,202608120822452528,106,8355,Clinical Domain Bronze - SaveEnrollment - BOI,brz_Enrollment,TASK_COMPLETE,SUCCESS,INFO,1193,1193,0,,2026-08-12T08:25:12.254Z,2026-08-12T09:12:13.728Z,2821,2026-08-12T09:12:13.728Z,BOI,Boise,577435af-c452-4617-9a3c-7d2b03361707,
202608120911546252,202608120822452598,202608120822452528,106,8404,Clinical Domain Bronze - SaveEnrollment - V10,brz_Enrollment,TASK_COMPLETE,SUCCESS,INFO,10397,10397,0,,2026-08-12T08:25:12.254Z,2026-08-12T09:12:13.728Z,2821,2026-08-12T09:12:13.728Z,V10,Boulder,577435af-c452-4617-9a3c-7d2b03361707,
202608120911546254,202608120822452599,202608120822452528,106,8426,Clinical Domain Bronze - SaveTreatmentLevel - B12B,brz_TreatmentLevel,TASK_COMPLETE,SUCCESS,INFO,522,522,0,,2026-08-12T08:25:12.254Z,2026-08-12T09:12:13.728Z,2821,2026-08-12T09:12:13.728Z,B12B,ColoradoSprings,577435af-c452-4617-9a3c-7d2b03361707,
202608120911546255,202608120822452600,202608120822452528,106,8470,Clinical Domain Bronze - SaveTreatmentLevel - BOI,brz_TreatmentLevel,TASK_COMPLETE,SUCCESS,INFO,298,298,0,,2026-08-12T08:25:12.254Z,2026-08-12T09:12:13.728Z,2821,2026-08-12T09:12:13.728Z,BOI,Boise,577435af-c452-4617-9a3c-7d2b03361707,
202608120911546256,202608120822452601,202608120822452528,106,8519,Clinical Domain Bronze - SaveTreatmentLevel - V10,brz_TreatmentLevel,TASK_COMPLETE,SUCCESS,INFO,663,663,0,,2026-08-12T08:25:12.254Z,2026-08-12T09:12:13.728Z,2821,2026-08-12T09:12:13.728Z,V10,Boulder,577435af-c452-4617-9a3c-7d2b03361707,
202608120345496472,202608120259257438,202608120259257369,106,8355,Clinical Domain Bronze - SaveEnrollment - BOI,brz_Enrollment,TASK_COMPLETE,SUCCESS,INFO,1193,1193,0,,2026-08-12T03:00:44.797Z,2026-08-12T03:45:52.499Z,2708,2026-08-12T03:45:52.499Z,BOI,Boise,72952692-3a45-4fdd-be32-4592206c2867,
202608120345496473,202608120259257439,202608120259257369,106,8404,Clinical Domain Bronze - SaveEnrollment - V10,brz_Enrollment,TASK_COMPLETE,SUCCESS,INFO,10397,10397,0,,2026-08-12T03:00:44.797Z,2026-08-12T03:45:52.499Z,2708,2026-08-12T03:45:52.499Z,V10,Boulder,72952692-3a45-4fdd-be32-4592206c2867,
202608120345496474,202608120259257440,202608120259257369,106,8426,Clinical Domain Bronze - SaveTreatmentLevel - B12B,brz_TreatmentLevel,TASK_COMPLETE,SUCCESS,INFO,522,522,0,,2026-08-12T03:00:44.797Z,2026-08-12T03:45:52.499Z,2708,2026-08-12T03:45:52.499Z,B12B,ColoradoSprings,72952692-3a45-4fdd-be32-4592206c2867,
202608120345496475,202608120259257441,202608120259257369,106,8470,Clinical Domain Bronze - SaveTreatmentLevel - BOI,brz_TreatmentLevel,TASK_COMPLETE,SUCCESS,INFO,298,298,0,,2026-08-12T03:00:44.797Z,2026-08-12T03:45:52.499Z,2708,2026-08-12T03:45:52.499Z,BOI,Boise,72952692-3a45-4fdd-be32-4592206c2867,
202608120345496476,202608120259257442,202608120259257369,106,8519,Clinical Domain Bronze - SaveTreatmentLevel - V10,brz_TreatmentLevel,TASK_COMPLETE,SUCCESS,INFO,663,663,0,,2026-08-12T03:00:44.797Z,2026-08-12T03:45:52.499Z,2708,2026-08-12T03:45:52.499Z,V10,Boulder,72952692-3a45-4fdd-be32-4592206c2867,
202608191605095691,202608191519695718,202608191519695710,98,6678,P1 Forms Take Home Risk Assessment Silver,tbl_TakeHomeRiskAssessment,TASK_COMPLETE,SUCCESS,INFO,98851,98851,0,,2026-08-19T15:20:02.186Z,2026-08-19T16:05:12.022Z,2710,2026-08-19T16:05:12.022Z,,,0e774440-67e4-4817-8f97-24afdbb9d82f,
202608251539280404,202608251517589123,202608251517589120,46,8937,P1 Finance VW 3P Bill Sub Bronze - AHK,br_samms_vw3p_bill_sub,TASK_COMPLETE,SUCCESS,INFO,144,144,0,,2026-08-25T15:18:05.141Z,2026-08-25T15:39:31.442Z,1286,2026-08-25T15:39:31.442Z,AHK,Ahoskie,04d587cb-fd28-4f28-a572-c158aa92fa98,SAMMS-Ahoskie
202608201034573068,202608201013530456,202608201013530447,46,8937,P1 Finance VW 3P Bill Sub Bronze - AHK,br_samms_vw3p_bill_sub,TASK_COMPLETE,SUCCESS,INFO,145,145,0,,2026-08-20T10:13:57.622Z,2026-08-20T10:39:20.764Z,1523,2026-08-20T10:39:20.764Z,AHK,Ahoskie,069e8d01-766c-4679-b3df-c21f4d7bc3d1,SAMMS-Ahoskie
202608261724109168,202608261657210992,202608261657210989,46,8937,P1 Finance VW 3P Bill Sub Bronze - AHK,br_samms_vw3p_bill_sub,TASK_COMPLETE,SUCCESS,INFO,144,144,0,,2026-08-26T16:57:24.758Z,2026-08-26T17:25:01.887Z,1657,2026-08-26T17:25:01.887Z,AHK,Ahoskie,7a1b4484-4dc4-4e48-b51b-e78359ce9673,SAMMS-Ahoskie
202608251449420152,202608251428352608,202608251428352600,46,9056,P1 Finance FMP Bronze - B12B,br_samms_fmp,TASK_COMPLETE,SUCCESS,INFO,29,29,0,,2026-08-25T14:28:42.306Z,2026-08-25T14:49:46.373Z,1264,2026-08-25T14:49:46.373Z,B12B,ColoradoSprings,5e789551-b18e-4745-8526-2b8db3ceeb01,SAMMS-ColoradoSpringsV5
202608221113177755,202608221042113181,202608221042112981,85,3720,Bronze INV,br_ReAssessmentMentalHealth,TASK_COMPLETE,SUCCESS,INFO,885,885,0,,2026-08-22T10:42:14.039Z,2026-08-22T11:16:52.295Z,2078,2026-08-22T11:16:52.295Z,VWBY,Woodbury,28d7acf5-bc26-4be3-b390-775b9af3d980,SAMMS-WoodburyV6
202608221113177857,202608221042212993,202608221042212981,86,5731,Silver INV,sl_ReAssessmentMentalHealth,TASK_COMPLETE,SUCCESS,INFO,11568,11568,0,,2026-08-22T10:42:14.039Z,2026-08-22T11:16:52.295Z,2078,2026-08-22T11:16:52.295Z,,,28d7acf5-bc26-4be3-b390-775b9af3d980,
202608221113177794,202608221042113142,202608221042112981,85,3730,Bronze INV,br_ReAssessmentOccupational,TASK_COMPLETE,SUCCESS,INFO,970,970,0,,2026-08-22T10:42:14.039Z,2026-08-22T11:16:52.295Z,2078,2026-08-22T11:16:52.295Z,B26,Hazard,28d7acf5-bc26-4be3-b390-775b9af3d980,SAMMS-HazardV5
202608201034573150,202608201013530494,202608201013530447,46,10001,P1 Finance Diag10 Bronze - B24,br_samms_tbldiag10,TASK_COMPLETE,SUCCESS,INFO,2885,2885,0,,2026-08-20T10:13:57.622Z,2026-08-20T10:39:20.764Z,1523,2026-08-20T10:39:20.764Z,B24,Paintsville,069e8d01-766c-4679-b3df-c21f4d7bc3d1,SAMMS-PaintsvilleV5
202608201034573075,202608201013530452,202608201013530447,46,8819,P1 Finance PBI 3 Pay Auth Bronze - AHK,br_samms_pbi3_pay_auth,TASK_COMPLETE,SUCCESS,INFO,61,61,0,,2026-08-20T10:13:57.622Z,2026-08-20T10:39:20.764Z,1523,2026-08-20T10:39:20.764Z,AHK,Ahoskie,069e8d01-766c-4679-b3df-c21f4d7bc3d1,SAMMS-Ahoskie
202608261724109167,202608261657210991,202608261657210989,46,8819,P1 Finance PBI 3 Pay Auth Bronze - AHK,br_samms_pbi3_pay_auth,TASK_COMPLETE,SUCCESS,INFO,62,62,0,,2026-08-26T16:57:24.758Z,2026-08-26T17:25:01.887Z,1657,2026-08-26T17:25:01.887Z,AHK,Ahoskie,7a1b4484-4dc4-4e48-b51b-e78359ce9673,SAMMS-Ahoskie
202608251539280403,202608251517589122,202608251517589120,46,8819,P1 Finance PBI 3 Pay Auth Bronze - AHK,br_samms_pbi3_pay_auth,TASK_COMPLETE,SUCCESS,INFO,62,62,0,,2026-08-25T15:18:05.141Z,2026-08-25T15:39:31.442Z,1286,2026-08-25T15:39:31.442Z,AHK,Ahoskie,04d587cb-fd28-4f28-a572-c158aa92fa98,SAMMS-Ahoskie
202608191705197688,202608191654269999,202608191654269970,76,144416,PPA Bronze,br_SF_PatientPreAdmission,TASK_COMPLETE,SUCCESS,INFO,5783,5783,0,,2026-08-19T16:54:47.315Z,2026-08-19T17:10:18.523Z,931,2026-08-19T17:10:18.523Z,B48,Tuscaloosa,4736cb14-987d-4509-b3d7-654790c2de16,SAMMS-TuscaloosaV5
202608191705197689,202608191654270000,202608191654269970,76,144417,PPA Bronze,br_SF_PatientPreAdmission,TASK_COMPLETE,SUCCESS,INFO,3069,3069,0,,2026-08-19T16:54:47.315Z,2026-08-19T17:10:18.523Z,931,2026-08-19T17:10:18.523Z,B51,NorthLittleRock,4736cb14-987d-4509-b3d7-654790c2de16,SAMMS-NorthLittleRockV6
202608220933544597,202608220857444388,202608220857444379,124,13643,Assessments Silver - SaveAdmissionAssessmentsSubstanceUseHistory,sl_Admissionassessmentsubstanceusehistory,TASK_COMPLETE,SUCCESS,INFO,22733,2008,0,,2026-08-22T08:58:22.185Z,2026-08-22T09:33:56.515Z,2134,2026-08-22T09:33:56.515Z,,,39d3782c-f729-4e52-b4aa-f257942a503a,
202608221113177745,202608221042113172,202608221042112981,85,3546,Bronze INV,br_ReAssessmentMentalHealth,TASK_COMPLETE,SUCCESS,INFO,970,970,0,,2026-08-22T10:42:14.039Z,2026-08-22T11:16:52.295Z,2078,2026-08-22T11:16:52.295Z,B26,Hazard,28d7acf5-bc26-4be3-b390-775b9af3d980,SAMMS-HazardV5
202608221113177746,202608221042113173,202608221042112981,85,3554,Bronze INV,br_ReAssessmentMentalHealth,TASK_COMPLETE,SUCCESS,INFO,386,386,0,,2026-08-22T10:42:14.039Z,2026-08-22T11:16:52.295Z,2078,2026-08-22T11:16:52.295Z,B34,Corbin,28d7acf5-bc26-4be3-b390-775b9af3d980,SAMMS-CorbinV5
202608221113177747,202608221042113174,202608221042112981,85,3555,Bronze INV,br_ReAssessmentMentalHealth,TASK_COMPLETE,SUCCESS,INFO,242,242,0,,2026-08-22T10:42:14.039Z,2026-08-22T11:16:52.295Z,2078,2026-08-22T11:16:52.295Z,B35,Lexington,28d7acf5-bc26-4be3-b390-775b9af3d980,SAMMS-LexingtonV5
202608220929265577,202608220857344395,202608220857344379,123,13175,Assessments Bronze - SavePADimension4 - AHK,br_PADimension4,TASK_COMPLETE,SUCCESS,INFO,66,66,0,,2026-08-22T08:58:22.185Z,2026-08-22T09:29:29.627Z,1867,2026-08-22T09:29:29.627Z,AHK,Ahoskie,39d3782c-f729-4e52-b4aa-f257942a503a,SAMMS-Ahoskie
202608221113177732,202608221042113164,202608221042112981,85,3371,Bronze INV,br_ReAssessmentLegal,TASK_COMPLETE,SUCCESS,INFO,239,239,0,,2026-08-22T10:42:14.039Z,2026-08-22T11:16:52.295Z,2078,2026-08-22T11:16:52.295Z,B35,Lexington,28d7acf5-bc26-4be3-b390-775b9af3d980,SAMMS-LexingtonV5
202608221113177733,202608221042113165,202608221042112981,85,3385,Bronze INV,br_ReAssessmentLegal,TASK_COMPLETE,SUCCESS,INFO,588,588,0,,2026-08-22T10:42:14.039Z,2026-08-22T11:16:52.295Z,2078,2026-08-22T11:16:52.295Z,B46,Washington DC,28d7acf5-bc26-4be3-b390-775b9af3d980,SAMMS-WashingtonDCv5
202608221113177734,202608221042113166,202608221042112981,85,3386,Bronze INV,br_ReAssessmentLegal,TASK_COMPLETE,SUCCESS,INFO,1557,1557,0,,2026-08-22T10:42:14.039Z,2026-08-22T11:16:52.295Z,2078,2026-08-22T11:16:52.295Z,B47,Mobile,28d7acf5-bc26-4be3-b390-775b9af3d980,SAMMS-MobileV5
202608262124317862,202608262124317862,20260826212318,132,13706,Missed Doses Gold,MissedDoses,TASK_SKIPPED,DEPENDENCY_BLOCKED,WARNING,0,0,0,Skipped: Dependency TaskConfigId(s) 13694 not successful,2026-08-26T21:24:31.786Z,2026-08-26T21:24:31.786Z,0,2026-08-26T21:24:31.786Z,,,4b200449-8053-4691-81f7-bd43960e8882,
202608270401151916,202608270401151916,20260827035959,132,13706,Missed Doses Gold,MissedDoses,TASK_SKIPPED,DEPENDENCY_BLOCKED,WARNING,0,0,0,Skipped: Dependency TaskConfigId(s) 13694 not successful,2026-08-27T04:01:15.191Z,2026-08-27T04:01:15.191Z,0,2026-08-27T04:01:15.191Z,,,6c0dfbf2-4982-428b-b962-2d1ca5cf9e53,
202608191705197706,202608191654270013,202608191654269970,76,144430,PPA Bronze,br_SF_PatientPreAdmission,TASK_COMPLETE,SUCCESS,INFO,787,787,0,,2026-08-19T16:54:47.315Z,2026-08-19T17:10:18.523Z,931,2026-08-19T17:10:18.523Z,B76,Huntsville-OBOT,4736cb14-987d-4509-b3d7-654790c2de16,SAMMS-Huntsville-OBOT
202608191705197707,202608191654270014,202608191654269970,76,144431,PPA Bronze,br_SF_PatientPreAdmission,TASK_COMPLETE,SUCCESS,INFO,1923,1923,0,,2026-08-19T16:54:47.315Z,2026-08-19T17:10:18.523Z,931,2026-08-19T17:10:18.523Z,BAT,Batesville,4736cb14-987d-4509-b3d7-654790c2de16,SAMMS-Batesville
202608181407308790,202608181342262734,202608181342262706,46,9412,P1 Finance 3P Eligibility Bronze - B25,br_samms_3p_elig,TASK_COMPLETE,SUCCESS,INFO,2215,2215,0,,2026-08-18T13:42:39.071Z,2026-08-18T14:07:36.209Z,1497,2026-08-18T14:07:36.209Z,B25,Pikeville,2b16abcf-416f-4fd8-80a9-0aa52ca66e5c,
202608181407308791,202608181342262735,202608181342262706,46,9527,P1 Finance Claim Line Item Bronze - AHK,br_samms_claim_line_item,TASK_COMPLETE,SUCCESS,INFO,13609,13609,0,,2026-08-18T13:42:39.071Z,2026-08-18T14:07:36.209Z,1497,2026-08-18T14:07:36.209Z,AHK,Ahoskie,2b16abcf-416f-4fd8-80a9-0aa52ca66e5c,
202608181407308792,202608181342262736,202608181342262706,46,9528,P1 Finance Claim Line Item Bronze - B12B,br_samms_claim_line_item,TASK_COMPLETE,SUCCESS,INFO,233663,233663,0,,2026-08-18T13:42:39.071Z,2026-08-18T14:07:36.209Z,1497,2026-08-18T14:07:36.209Z,B12B,ColoradoSprings,2b16abcf-416f-4fd8-80a9-0aa52ca66e5c,
202608141506426635,202608141444143612,202608141444143611,46,8701,P1 Finance Bills Bronze - AHK,br_samms_bills,TASK_COMPLETE,FAILED,ERROR,0,0,1,SaveBills Bronze ForEach failed,2026-08-14T14:44:17.762Z,2026-08-14T15:09:27.882Z,1510,2026-08-14T15:09:27.882Z,AHK,Ahoskie,1c123384-c339-4954-be1f-3a8d150ebb14,
202608102144480538,202608102108561472,202608102108561394,28,91078,FormQuestionAnswers Bronze - MRD,br_tblFormQA,TASK_COMPLETE,SUCCESS,INFO,5675,5675,0,,2026-08-10T21:09:33.412Z,2026-08-10T21:44:51.777Z,2118,2026-08-10T21:44:51.777Z,MRD,Meridian,919a3989-3039-4ed4-8e54-b0f9527e0235,
202608102144480539,202608102108561473,202608102108561394,28,91079,FormQuestionAnswers Bronze - NC,br_tblFormQA,TASK_COMPLETE,SUCCESS,INFO,14165,14165,0,,2026-08-10T21:09:33.412Z,2026-08-10T21:44:51.777Z,2118,2026-08-10T21:44:51.777Z,NC,NorthCharleston,919a3989-3039-4ed4-8e54-b0f9527e0235,
202608102144480540,202608102108561474,202608102108561394,28,91080,FormQuestionAnswers Bronze - NLR,br_tblFormQA,TASK_COMPLETE,SUCCESS,INFO,4794,4794,0,,2026-08-10T21:09:33.412Z,2026-08-10T21:44:51.777Z,2118,2026-08-10T21:44:51.777Z,NLR,NLROBOT,919a3989-3039-4ed4-8e54-b0f9527e0235,
202608102144480541,202608102108561475,202608102108561394,28,91081,FormQuestionAnswers Bronze - PH,br_tblFormQA,TASK_COMPLETE,SUCCESS,INFO,1,1,0,,2026-08-10T21:09:33.412Z,2026-08-10T21:44:51.777Z,2118,2026-08-10T21:44:51.777Z,PH,Phoenix,919a3989-3039-4ed4-8e54-b0f9527e0235,
202608102144480542,202608102108561476,202608102108561394,28,91082,FormQuestionAnswers Bronze - RE,br_tblFormQA,TASK_COMPLETE,SUCCESS,INFO,11113,11113,0,,2026-08-10T21:09:33.412Z,2026-08-10T21:44:51.777Z,2118,2026-08-10T21:44:51.777Z,RE,Reno,919a3989-3039-4ed4-8e54-b0f9527e0235,
202608102144480543,202608102108561477,202608102108561394,28,91083,FormQuestionAnswers Bronze - RMD,br_tblFormQA,TASK_COMPLETE,SUCCESS,INFO,27818,27818,0,,2026-08-10T21:09:33.412Z,2026-08-10T21:44:51.777Z,2118,2026-08-10T21:44:51.777Z,RMD,Richmond,919a3989-3039-4ed4-8e54-b0f9527e0235,
202608102144480544,202608102108561478,202608102108561394,28,91084,FormQuestionAnswers Bronze - SFN,br_tblFormQA,TASK_COMPLETE,SUCCESS,INFO,13983,13983,0,,2026-08-10T21:09:33.412Z,2026-08-10T21:44:51.777Z,2118,2026-08-10T21:44:51.777Z,SFN,SFN,919a3989-3039-4ed4-8e54-b0f9527e0235,
202608150554175912,202608150537402643,202608150537402637,118,10364,Bronze P1/P2 Assessments,br_NewAdmissionAssessment,TASK_COMPLETE,SUCCESS,INFO,185,185,0,,2026-08-15T05:38:25.156Z,2026-08-15T05:54:20.465Z,955,2026-08-15T05:54:20.465Z,B33,Paducah,92fdec37-a7f1-4589-8ea2-af8b074ddb31,
202608150554175913,202608150537402644,202608150537402637,118,10419,Bronze P1/P2 Assessments,br_NewAdmissionAssessment,TASK_COMPLETE,SUCCESS,INFO,0,0,0,,2026-08-15T05:38:25.156Z,2026-08-15T05:54:20.465Z,955,2026-08-15T05:54:20.465Z,CBCO,Coeur dAlene,92fdec37-a7f1-4589-8ea2-af8b074ddb31,
202608150554175915,202608150537402645,202608150537402637,118,10537,Bronze P1/P2 Assessments,br_NewAdmissionAssessmentASAMDimension6,TASK_COMPLETE,SUCCESS,INFO,0,0,0,,2026-08-15T05:38:25.156Z,2026-08-15T05:54:20.465Z,955,2026-08-15T05:54:20.465Z,AHK,Ahoskie,92fdec37-a7f1-4589-8ea2-af8b074ddb31,
202608150554175916,202608150537402646,202608150537402637,118,10538,Bronze P1/P2 Assessments,br_NewAdmissionAssessmentASAMDimension6,TASK_COMPLETE,SUCCESS,INFO,0,0,0,,2026-08-15T05:38:25.156Z,2026-08-15T05:54:20.465Z,955,2026-08-15T05:54:20.465Z,B12B,Colorado Springs,92fdec37-a7f1-4589-8ea2-af8b074ddb31,
202608150554175917,202608150537402647,202608150537402637,118,10539,Bronze P1/P2 Assessments,br_NewAdmissionAssessmentASAMDimension6,TASK_COMPLETE,SUCCESS,INFO,277,277,0,,2026-08-15T05:38:25.156Z,2026-08-15T05:54:20.465Z,955,2026-08-15T05:54:20.465Z,B24,Paintsville,92fdec37-a7f1-4589-8ea2-af8b074ddb31,
202608211024566250,202608211014397336,202608211014397317,123,13290,Assessments Bronze - SavePADimension5 - AHK,br_PADimension5,TASK_COMPLETE,SUCCESS,INFO,65,65,0,,2026-08-21T10:15:22.398Z,2026-08-21T10:27:04.981Z,702,2026-08-21T10:27:04.981Z,AHK,Ahoskie,8c07e343-4781-4d6b-b62d-dcb12587d856,SAMMS-Ahoskie
202608211024566252,202608211014397337,202608211014397317,123,13291,Assessments Bronze - SavePADimension5 - B12B,br_PADimension5,TASK_COMPLETE,SUCCESS,INFO,825,825,0,,2026-08-21T10:15:22.398Z,2026-08-21T10:27:04.981Z,702,2026-08-21T10:27:04.981Z,B12B,ColoradoSprings,8c07e343-4781-4d6b-b62d-dcb12587d856,SAMMS-ColoradoSpringsV5
202608211024566253,202608211014397338,202608211014397317,123,13292,Assessments Bronze - SavePADimension5 - B24,br_PADimension5,TASK_COMPLETE,SUCCESS,INFO,446,446,0,,2026-08-21T10:15:22.398Z,2026-08-21T10:27:04.981Z,702,2026-08-21T10:27:04.981Z,B24,Paintsville,8c07e343-4781-4d6b-b62d-dcb12587d856,SAMMS-PaintsvilleV5
202608211024582649,202608211014497324,202608211014497317,124,13641,Assessments Silver - SavePADimension5,sl_PADimension5,TASK_COMPLETE,SUCCESS,INFO,1336,1336,0,,2026-08-21T10:15:22.398Z,2026-08-21T10:27:04.981Z,702,2026-08-21T10:27:04.981Z,,,8c07e343-4781-4d6b-b62d-dcb12587d856,
202608211024582551,202608211014397339,202608211014397317,123,13405,Assessments Bronze - SavePADimension6 - AHK,br_PADimension6,TASK_COMPLETE,SUCCESS,INFO,64,64,0,,2026-08-21T10:15:22.398Z,2026-08-21T10:27:04.981Z,702,2026-08-21T10:27:04.981Z,AHK,Ahoskie,8c07e343-4781-4d6b-b62d-dcb12587d856,SAMMS-Ahoskie
202608211024582552,202608211014397340,202608211014397317,123,13406,Assessments Bronze - SavePADimension6 - B12B,br_PADimension6,TASK_COMPLETE,SUCCESS,INFO,825,825,0,,2026-08-21T10:15:22.398Z,2026-08-21T10:27:04.981Z,702,2026-08-21T10:27:04.981Z,B12B,ColoradoSprings,8c07e343-4781-4d6b-b62d-dcb12587d856,SAMMS-ColoradoSpringsV5
202608211024582553,202608211014397341,202608211014397317,123,13407,Assessments Bronze - SavePADimension6 - B24,br_PADimension6,TASK_COMPLETE,SUCCESS,INFO,446,446,0,,2026-08-21T10:15:22.398Z,2026-08-21T10:27:04.981Z,702,2026-08-21T10:27:04.981Z,B24,Paintsville,8c07e343-4781-4d6b-b62d-dcb12587d856,SAMMS-PaintsvilleV5
202608211024599619,202608211014497325,202608211014497317,124,13642,Assessments Silver - SavePADimension6,sl_PADimension6,TASK_COMPLETE,SUCCESS,INFO,1335,1335,0,,2026-08-21T10:15:22.398Z,2026-08-21T10:27:04.981Z,702,2026-08-21T10:27:04.981Z,,,8c07e343-4781-4d6b-b62d-dcb12587d856,
202608261758481427,202608261733446746,202608261733446733,97,6446,P1 Forms Take Home Agreement And Diversion Control Bronze - AHK,br_samms_take_home_agreement_diversion_control,TASK_COMPLETE,SUCCESS,INFO,45,45,0,,2026-08-26T17:33:51.495Z,2026-08-26T17:58:52.846Z,1501,2026-08-26T17:58:52.846Z,AHK,Ahoskie,4b416fe5-6f5c-4fb7-baa8-f0b32475e9c6,SAMMS-Ahoskie
202608201034573097,202608201013530481,202608201013530447,46,9646,P1 Finance Claim Line Item Activity Bronze - B12B,br_samms_claim_line_item_activity,TASK_COMPLETE,SUCCESS,INFO,273616,273616,0,,2026-08-20T10:13:57.622Z,2026-08-20T10:39:20.764Z,1523,2026-08-20T10:39:20.764Z,B12B,ColoradoSprings,069e8d01-766c-4679-b3df-c21f4d7bc3d1,SAMMS-ColoradoSpringsV5
202608211218032118,202608211214691001,202608211214691000,114,8616,CDC Bronze INV,br_LiquidLog_CDC,TASK_COMPLETE,FAILED,ERROR,0,0,1,CDC pipeline failed. Check the failed parent/child activity run details.,2026-08-21T12:15:13.207Z,2026-08-21T12:20:19.862Z,306,2026-08-21T12:20:19.862Z,AHK,Ahoskie,15c6503a-21fe-46db-b933-9c29c1ab1196,SAMMS-Ahoskie
202608220929265586,202608220857344403,202608220857344379,123,13407,Assessments Bronze - SavePADimension6 - B24,br_PADimension6,TASK_COMPLETE,SUCCESS,INFO,446,446,0,,2026-08-22T08:58:22.185Z,2026-08-22T09:29:29.627Z,1867,2026-08-22T09:29:29.627Z,B24,Paintsville,39d3782c-f729-4e52-b4aa-f257942a503a,SAMMS-PaintsvilleV5
202608220929265587,202608220857344404,202608220857344379,123,13520,Assessments Bronze - SaveAdmissionAssessmentsSubstanceUseHistory - AHK,br_Admissionassessmentsubstanceusehistory,TASK_COMPLETE,SUCCESS,INFO,23,23,0,,2026-08-22T08:58:22.185Z,2026-08-22T09:29:29.627Z,1867,2026-08-22T09:29:29.627Z,AHK,Ahoskie,39d3782c-f729-4e52-b4aa-f257942a503a,SAMMS-Ahoskie
202608191135063959,202608191104147979,202608191104147942,106,7986,Clinical Domain Bronze - SaveVACA - B42B,br_VAComprehensiveAssessment,TASK_COMPLETE,SUCCESS,INFO,46,46,0,,2026-08-19T11:06:34.343Z,2026-08-19T11:35:09.134Z,1715,2026-08-19T11:35:09.134Z,B42B,Franklin,8c2f72fa-f3d3-4c31-9e7b-e1d36d508d72,SAMMS-FranklinV5
202608191135063960,202608191104147980,202608191104147942,106,7987,Clinical Domain Bronze - SaveVACA - B42C,br_VAComprehensiveAssessment,TASK_COMPLETE,SUCCESS,INFO,374,374,0,,2026-08-19T11:06:34.343Z,2026-08-19T11:35:09.134Z,1715,2026-08-19T11:35:09.134Z,B42C,GlenAllen,8c2f72fa-f3d3-4c31-9e7b-e1d36d508d72,SAMMS-GlenAllenV5
202608191135063961,202608191104147981,202608191104147942,106,7988,Clinical Domain Bronze - SaveVACA - B42D,br_VAComprehensiveAssessment,TASK_COMPLETE,SUCCESS,INFO,197,197,0,,2026-08-19T11:06:34.343Z,2026-08-19T11:35:09.134Z,1715,2026-08-19T11:35:09.134Z,B42D,ChesapeakeSouth,8c2f72fa-f3d3-4c31-9e7b-e1d36d508d72,SAMMS-ChesapeakeSouthV5
202608190529250963,202608190459200381,202608190459200344,106,7986,Clinical Domain Bronze - SaveVACA - B42B,br_VAComprehensiveAssessment,TASK_COMPLETE,SUCCESS,INFO,46,46,0,,2026-08-19T05:01:28.469Z,2026-08-19T05:31:20.650Z,1792,2026-08-19T05:31:20.650Z,B42B,Franklin,05916e11-44cf-456b-ac26-991e7ff5d7aa,SAMMS-FranklinV5
202608190529250964,202608190459200382,202608190459200344,106,7987,Clinical Domain Bronze - SaveVACA - B42C,br_VAComprehensiveAssessment,TASK_COMPLETE,SUCCESS,INFO,374,374,0,,2026-08-19T05:01:28.469Z,2026-08-19T05:31:20.650Z,1792,2026-08-19T05:31:20.650Z,B42C,GlenAllen,05916e11-44cf-456b-ac26-991e7ff5d7aa,SAMMS-GlenAllenV5
202608190529250965,202608190459200383,202608190459200344,106,7988,Clinical Domain Bronze - SaveVACA - B42D,br_VAComprehensiveAssessment,TASK_COMPLETE,SUCCESS,INFO,197,197,0,,2026-08-19T05:01:28.469Z,2026-08-19T05:31:20.650Z,1792,2026-08-19T05:31:20.650Z,B42D,ChesapeakeSouth,05916e11-44cf-456b-ac26-991e7ff5d7aa,SAMMS-ChesapeakeSouthV5
202608191135063955,202608191104147976,202608191104147942,106,7983,Clinical Domain Bronze - SaveVACA - B41,br_VAComprehensiveAssessment,TASK_COMPLETE,SUCCESS,INFO,352,352,0,,2026-08-19T11:06:34.343Z,2026-08-19T11:35:09.134Z,1715,2026-08-19T11:35:09.134Z,B41,Chesapeake,8c2f72fa-f3d3-4c31-9e7b-e1d36d508d72,SAMMS-ChesapeakeV5
202608191135063957,202608191104147977,202608191104147942,106,7984,Clinical Domain Bronze - SaveVACA - B42,br_VAComprehensiveAssessment,TASK_COMPLETE,SUCCESS,INFO,544,544,0,,2026-08-19T11:06:34.343Z,2026-08-19T11:35:09.134Z,1715,2026-08-19T11:35:09.134Z,B42,VirginiaBeach,8c2f72fa-f3d3-4c31-9e7b-e1d36d508d72,SAMMS-VirginiaBeachV5
202608191135063958,202608191104147978,202608191104147942,106,7985,Clinical Domain Bronze - SaveVACA - B42A,br_VAComprehensiveAssessment,TASK_COMPLETE,SUCCESS,INFO,210,210,0,,2026-08-19T11:06:34.343Z,2026-08-19T11:35:09.134Z,1715,2026-08-19T11:35:09.134Z,B42A,NewportNews,8c2f72fa-f3d3-4c31-9e7b-e1d36d508d72,SAMMS-NewportNewsV5
202608190529250959,202608190459200378,202608190459200344,106,7983,Clinical Domain Bronze - SaveVACA - B41,br_VAComprehensiveAssessment,TASK_COMPLETE,SUCCESS,INFO,352,352,0,,2026-08-19T05:01:28.469Z,2026-08-19T05:31:20.650Z,1792,2026-08-19T05:31:20.650Z,B41,Chesapeake,05916e11-44cf-456b-ac26-991e7ff5d7aa,SAMMS-ChesapeakeV5
202608190529250960,202608190459200379,202608190459200344,106,7984,Clinical Domain Bronze - SaveVACA - B42,br_VAComprehensiveAssessment,TASK_COMPLETE,SUCCESS,INFO,544,544,0,,2026-08-19T05:01:28.469Z,2026-08-19T05:31:20.650Z,1792,2026-08-19T05:31:20.650Z,B42,VirginiaBeach,05916e11-44cf-456b-ac26-991e7ff5d7aa,SAMMS-VirginiaBeachV5
202608190529250962,202608190459200380,202608190459200344,106,7985,Clinical Domain Bronze - SaveVACA - B42A,br_VAComprehensiveAssessment,TASK_COMPLETE,SUCCESS,INFO,210,210,0,,2026-08-19T05:01:28.469Z,2026-08-19T05:31:20.650Z,1792,2026-08-19T05:31:20.650Z,B42A,NewportNews,05916e11-44cf-456b-ac26-991e7ff5d7aa,SAMMS-NewportNewsV5
202608221152552872,202608221137270310,202608221137270305,43,174,SAMMSGLOBAL Bronze,br_ClinicalOpiateWithdrawalScale,TASK_COMPLETE,SUCCESS,INFO,425776,425776,0,,2026-08-22T11:37:32.306Z,2026-08-22T12:00:00.866Z,1348,2026-08-22T12:00:00.866Z,Global,Global,17fb4855-5e12-4261-b216-b3f67dc16eb3,SAMMSGLOBAL
202608210932540761,202608210910101213,202608210910101208,43,174,SAMMSGLOBAL Bronze,br_ClinicalOpiateWithdrawalScale,TASK_COMPLETE,SUCCESS,INFO,425776,425776,0,,2026-08-21T09:10:14.296Z,2026-08-21T09:32:57.148Z,1363,2026-08-21T09:32:57.148Z,Global,Global,859bd6e7-8433-41b7-8f16-164cdd55063d,SAMMSGLOBAL
202608210936557931,202608210910201213,202608210910201208,44,184,SAMMSGLOBAL Silver,sl_ClinicalOpiateWithdrawalScale,TASK_COMPLETE,SUCCESS,INFO,425776,425776,0,,2026-08-21T09:10:14.296Z,2026-08-21T09:37:01.680Z,1607,2026-08-21T09:37:01.680Z,Global,Global,859bd6e7-8433-41b7-8f16-164cdd55063d,SAMMSGLOBAL
202608210239317737,202608210227162453,202608210227162448,43,174,SAMMSGLOBAL Bronze,br_ClinicalOpiateWithdrawalScale,TASK_COMPLETE,SUCCESS,INFO,425776,425776,0,,2026-08-21T02:27:19.171Z,2026-08-21T02:39:34.839Z,735,2026-08-21T02:39:34.839Z,Global,Global,37d39418-848b-43a3-aff1-182cc8bb7455,SAMMSGLOBAL
202608190537301091,202608190459300350,202608190459300344,107,8560,Clinical Domain Silver - SaveUASched,sl_uasched,TASK_COMPLETE,SUCCESS,INFO,5259,5259,0,,2026-08-19T05:01:28.469Z,2026-08-19T05:37:32.342Z,2164,2026-08-19T05:37:32.342Z,Global,SAMMSGLOBAL,05916e11-44cf-456b-ac26-991e7ff5d7aa,SAMMSGLOBAL
202608201603178796,202608201603178795,202608201140451356,84,222,Gold Salesforce StgLeads,stgLeads,TASK_ALREADY_COMPLETED,ALREADY_COMPLETED,INFO,0,0,0,Already succeeded in previous attempt,2026-08-20T16:03:23.246Z,2026-08-20T16:03:23.246Z,0,2026-08-20T16:03:23.246Z,,,95538f17-9d82-404e-9e3f-d1777714a921,
202608201601330282,202608201601330282,202608201140451356,84,216,Gold Salesforce Accounts,Accounts,TASK_ALREADY_COMPLETED,ALREADY_COMPLETED,INFO,0,0,0,Already succeeded in previous attempt,2026-08-20T16:01:38.374Z,2026-08-20T16:01:38.374Z,0,2026-08-20T16:01:38.374Z,,,95538f17-9d82-404e-9e3f-d1777714a921,
202608190537301085,202608190459300345,202608190459300344,107,8555,Clinical Domain Silver - SaveCheckIn,sl_checkin,TASK_COMPLETE,SUCCESS,INFO,2750,2750,0,,2026-08-19T05:01:28.469Z,2026-08-19T05:37:32.342Z,2164,2026-08-19T05:37:32.342Z,Global,SAMMSGLOBAL,05916e11-44cf-456b-ac26-991e7ff5d7aa,SAMMSGLOBAL
202608201604139205,202608201604139205,202608201140451356,84,225,Gold Salesforce Contacts,Contacts,TASK_ALREADY_COMPLETED,ALREADY_COMPLETED,INFO,0,0,0,Already succeeded in previous attempt,2026-08-20T16:04:19.476Z,2026-08-20T16:04:19.476Z,0,2026-08-20T16:04:19.476Z,,,95538f17-9d82-404e-9e3f-d1777714a921,
202608201602589004,202608201602589004,202608201140451356,84,221,Gold Salesforce StgCases,stgCases,TASK_ALREADY_COMPLETED,ALREADY_COMPLETED,INFO,0,0,0,Already succeeded in previous attempt,2026-08-20T16:03:03.560Z,2026-08-20T16:03:03.560Z,0,2026-08-20T16:03:03.560Z,,,95538f17-9d82-404e-9e3f-d1777714a921,
202608190537301086,202608190459300346,202608190459300344,107,8556,Clinical Domain Silver - SaveBamForm,sl_bamform,TASK_COMPLETE,SUCCESS,INFO,1167,1167,0,,2026-08-19T05:01:28.469Z,2026-08-19T05:37:32.342Z,2164,2026-08-19T05:37:32.342Z,Global,SAMMSGLOBAL,05916e11-44cf-456b-ac26-991e7ff5d7aa,SAMMSGLOBAL
202608110409368551,202608110331629388,202608110331629359,106,7846,Clinical Domain Bronze - SaveMNCA - VBRP,brz_MNComprehensiveAssessment,TASK_COMPLETE,SUCCESS,INFO,263,263,0,,2026-08-11T03:32:39.288Z,2026-08-11T04:09:40.942Z,2221,2026-08-11T04:09:40.942Z,VBRP,BrooklynPark,6e36e3b5-c33e-4cc8-b6e2-dc5c3524428c,
202608110409368552,202608110331629389,202608110331629359,106,7847,Clinical Domain Bronze - SaveMNCA - VMIN,brz_MNComprehensiveAssessment,TASK_COMPLETE,SUCCESS,INFO,212,212,0,,2026-08-11T03:32:39.288Z,2026-08-11T04:09:40.942Z,2221,2026-08-11T04:09:40.942Z,VMIN,Minneapolis,6e36e3b5-c33e-4cc8-b6e2-dc5c3524428c,
202608110409368553,202608110331629390,202608110331629359,106,7848,Clinical Domain Bronze - SaveMNCA - VWBY,brz_MNComprehensiveAssessment,TASK_COMPLETE,SUCCESS,INFO,412,412,0,,2026-08-11T03:32:39.288Z,2026-08-11T04:09:40.942Z,2221,2026-08-11T04:09:40.942Z,VWBY,Woodbury,6e36e3b5-c33e-4cc8-b6e2-dc5c3524428c,
202608110409368554,202608110331629391,202608110331629359,106,7851,Clinical Domain Bronze - SaveMNCALOC - B12B,brz_MNComprehensiveAssessmentLevelOfCare,TASK_COMPLETE,SUCCESS,INFO,0,0,0,,2026-08-11T03:32:39.288Z,2026-08-11T04:09:40.942Z,2221,2026-08-11T04:09:40.942Z,B12B,ColoradoSprings,6e36e3b5-c33e-4cc8-b6e2-dc5c3524428c,
202608110409368555,202608110331629392,202608110331629359,106,7895,Clinical Domain Bronze - SaveMNCALOC - BOI,brz_MNComprehensiveAssessmentLevelOfCare,TASK_COMPLETE,SUCCESS,INFO,0,0,0,,2026-08-11T03:32:39.288Z,2026-08-11T04:09:40.942Z,2221,2026-08-11T04:09:40.942Z,BOI,Boise,6e36e3b5-c33e-4cc8-b6e2-dc5c3524428c,
202608110409368556,202608110331629393,202608110331629359,106,7944,Clinical Domain Bronze - SaveMNCALOC - V10,brz_MNComprehensiveAssessmentLevelOfCare,TASK_COMPLETE,SUCCESS,INFO,0,0,0,,2026-08-11T03:32:39.288Z,2026-08-11T04:09:40.942Z,2221,2026-08-11T04:09:40.942Z,V10,Boulder,6e36e3b5-c33e-4cc8-b6e2-dc5c3524428c,
202608110409368557,202608110331629394,202608110331629359,106,7960,Clinical Domain Bronze - SaveMNCALOC - VBRA,brz_MNComprehensiveAssessmentLevelOfCare,TASK_COMPLETE,SUCCESS,INFO,220,220,0,,2026-08-11T03:32:39.288Z,2026-08-11T04:09:40.942Z,2221,2026-08-11T04:09:40.942Z,VBRA,Brainerd,6e36e3b5-c33e-4cc8-b6e2-dc5c3524428c,
202608110409368558,202608110331629395,202608110331629359,106,7961,Clinical Domain Bronze - SaveMNCALOC - VBRP,brz_MNComprehensiveAssessmentLevelOfCare,TASK_COMPLETE,SUCCESS,INFO,247,247,0,,2026-08-11T03:32:39.288Z,2026-08-11T04:09:40.942Z,2221,2026-08-11T04:09:40.942Z,VBRP,BrooklynPark,6e36e3b5-c33e-4cc8-b6e2-dc5c3524428c,
202608182153518535,202608182153518536,20260818215351,116,8626,Silver_to_Silver,sl_patientservicesnoshow,TASK_FAILED,FAILED,ERROR,0,0,1,<console>:1: error: ';' expected but identifier found.,2026-08-18T21:53:51.853Z,2026-08-18T21:53:51.853Z,0,2026-08-18T21:53:51.853Z,,,7ad226ee-6ec8-4101-87d8-df23069c4223,
202608102144480520,202608102108561458,202608102108561394,28,91064,FormQuestionAnswers Bronze - FS,br_tblFormQA,TASK_COMPLETE,SUCCESS,INFO,2572,2572,0,,2026-08-10T21:09:33.412Z,2026-08-10T21:44:51.777Z,2118,2026-08-10T21:44:51.777Z,FS,FortSmith,919a3989-3039-4ed4-8e54-b0f9527e0235,
202608102144480521,202608102108561459,202608102108561394,28,91065,FormQuestionAnswers Bronze - FW,br_tblFormQA,TASK_COMPLETE,SUCCESS,INFO,28937,28937,0,,2026-08-10T21:09:33.412Z,2026-08-10T21:44:51.777Z,2118,2026-08-10T21:44:51.777Z,FW,FortWayne,919a3989-3039-4ed4-8e54-b0f9527e0235,
202608102144480523,202608102108561460,202608102108561394,28,91066,FormQuestionAnswers Bronze - GAL,br_tblFormQA,TASK_COMPLETE,SUCCESS,INFO,5861,5861,0,,2026-08-10T21:09:33.412Z,2026-08-10T21:44:51.777Z,2118,2026-08-10T21:44:51.777Z,GAL,Gaylord,919a3989-3039-4ed4-8e54-b0f9527e0235,
202608102144480525,202608102108561461,202608102108561394,28,91067,FormQuestionAnswers Bronze - HGT,br_tblFormQA,TASK_COMPLETE,SUCCESS,INFO,19895,19895,0,,2026-08-10T21:09:33.412Z,2026-08-10T21:44:51.777Z,2118,2026-08-10T21:44:51.777Z,HGT,Hagerstown,919a3989-3039-4ed4-8e54-b0f9527e0235,
202608102144480526,202608102108561462,202608102108561394,28,91068,FormQuestionAnswers Bronze - HNT,br_tblFormQA,TASK_COMPLETE,SUCCESS,INFO,14228,14228,0,,2026-08-10T21:09:33.412Z,2026-08-10T21:44:51.777Z,2118,2026-08-10T21:44:51.777Z,HNT,Huntsville,919a3989-3039-4ed4-8e54-b0f9527e0235,
202608102144480528,202608102108561463,202608102108561394,28,91069,FormQuestionAnswers Bronze - HS,br_tblFormQA,TASK_COMPLETE,SUCCESS,INFO,1965,1965,0,,2026-08-10T21:09:33.412Z,2026-08-10T21:44:51.777Z,2118,2026-08-10T21:44:51.777Z,HS,HotSprings,919a3989-3039-4ed4-8e54-b0f9527e0235,
202608102144480529,202608102108561464,202608102108561394,28,91070,FormQuestionAnswers Bronze - JON,br_tblFormQA,TASK_COMPLETE,SUCCESS,INFO,1248,1248,0,,2026-08-10T21:09:33.412Z,2026-08-10T21:44:51.777Z,2118,2026-08-10T21:44:51.777Z,JON,Jonesboro,919a3989-3039-4ed4-8e54-b0f9527e0235,
202608102144480530,202608102108561465,202608102108561394,28,91071,FormQuestionAnswers Bronze - LAN,br_tblFormQA,TASK_COMPLETE,SUCCESS,INFO,8542,8542,0,,2026-08-10T21:09:33.412Z,2026-08-10T21:44:51.777Z,2118,2026-08-10T21:44:51.777Z,LAN,Lansing,919a3989-3039-4ed4-8e54-b0f9527e0235,
202608102144480531,202608102108561466,202608102108561394,28,91072,FormQuestionAnswers Bronze - LO,br_tblFormQA,TASK_COMPLETE,SUCCESS,INFO,53844,53844,0,,2026-08-10T21:09:33.412Z,2026-08-10T21:44:51.777Z,2118,2026-08-10T21:44:51.777Z,LO,Louisville,919a3989-3039-4ed4-8e54-b0f9527e0235,
202608102144480532,202608102108561467,202608102108561394,28,91073,FormQuestionAnswers Bronze - LV1,br_tblFormQA,TASK_COMPLETE,SUCCESS,INFO,20365,20365,0,,2026-08-10T21:09:33.412Z,2026-08-10T21:44:51.777Z,2118,2026-08-10T21:44:51.777Z,LV1,Cheyenne,919a3989-3039-4ed4-8e54-b0f9527e0235,
202608102144480533,202608102108561468,202608102108561394,28,91074,FormQuestionAnswers Bronze - LV2,br_tblFormQA,TASK_COMPLETE,SUCCESS,INFO,15882,15882,0,,2026-08-10T21:09:33.412Z,2026-08-10T21:44:51.777Z,2118,2026-08-10T21:44:51.777Z,LV2,DesertInn,919a3989-3039-4ed4-8e54-b0f9527e0235,
202608102144480534,202608102108561469,202608102108561394,28,91075,FormQuestionAnswers Bronze - LV3,br_tblFormQA,TASK_COMPLETE,SUCCESS,INFO,7450,7450,0,,2026-08-10T21:09:33.412Z,2026-08-10T21:44:51.777Z,2118,2026-08-10T21:44:51.777Z,LV3,McDaniel,919a3989-3039-4ed4-8e54-b0f9527e0235,
202608102144480536,202608102108561470,202608102108561394,28,91076,FormQuestionAnswers Bronze - MNRE,br_tblFormQA,TASK_COMPLETE,SUCCESS,INFO,8332,8332,0,,2026-08-10T21:09:33.412Z,2026-08-10T21:44:51.777Z,2118,2026-08-10T21:44:51.777Z,MNRE,Monroe,919a3989-3039-4ed4-8e54-b0f9527e0235,
202608102144480537,202608102108561471,202608102108561394,28,91077,FormQuestionAnswers Bronze - MP,br_tblFormQA,TASK_COMPLETE,SUCCESS,INFO,10348,10348,0,,2026-08-10T21:09:33.412Z,2026-08-10T21:44:51.777Z,2118,2026-08-10T21:44:51.777Z,MP,MtPleasant,919a3989-3039-4ed4-8e54-b0f9527e0235,
202608110409368538,202608110331629376,202608110331629359,106,7435,Clinical Domain Bronze - SaveUASched - BOI,brz_UASched,TASK_COMPLETE,SUCCESS,INFO,1754,1754,0,,2026-08-11T03:32:39.288Z,2026-08-11T04:09:40.942Z,2221,2026-08-11T04:09:40.942Z,BOI,Boise,6e36e3b5-c33e-4cc8-b6e2-dc5c3524428c,
202608110409368539,202608110331629377,202608110331629359,106,7484,Clinical Domain Bronze - SaveUASched - V10,brz_UASched,TASK_COMPLETE,SUCCESS,INFO,1516,1516,0,,2026-08-11T03:32:39.288Z,2026-08-11T04:09:40.942Z,2221,2026-08-11T04:09:40.942Z,V10,Boulder,6e36e3b5-c33e-4cc8-b6e2-dc5c3524428c,
202608110409368540,202608110331629378,202608110331629359,106,7507,Clinical Domain Bronze - BulkDartsSrvLoader - B24,brz_UAResultDetail,TASK_COMPLETE,SUCCESS,INFO,4948,4948,0,,2026-08-11T03:32:39.288Z,2026-08-11T04:09:40.942Z,2221,2026-08-11T04:09:40.942Z,B24,Paintsville,6e36e3b5-c33e-4cc8-b6e2-dc5c3524428c,
202608110409368541,202608110331629379,202608110331629359,106,7515,Clinical Domain Bronze - BulkDartsSrvLoader - B33,brz_UAResultDetail,TASK_COMPLETE,SUCCESS,INFO,5491,5491,0,,2026-08-11T03:32:39.288Z,2026-08-11T04:09:40.942Z,2221,2026-08-11T04:09:40.942Z,B33,Paducah,6e36e3b5-c33e-4cc8-b6e2-dc5c3524428c,
202608171145214435,202608171119587441,202608171119587420,118,10787,Bronze P1/P2 Assessments,br_NewPeriodicReassessment,TASK_COMPLETE,SUCCESS,INFO,0,0,0,,2026-08-17T11:20:06.775Z,2026-08-17T11:45:25.584Z,1519,2026-08-17T11:45:25.584Z,CBCO,Coeur dAlene,50b193b8-c8c8-41b3-8f69-a5e058560d7e,
202608171145214436,202608171119587442,202608171119587420,118,10905,Bronze P1/P2 Assessments,br_NewPeriodicReassessmentCounselorReview,TASK_COMPLETE,SUCCESS,INFO,0,0,0,,2026-08-17T11:20:06.775Z,2026-08-17T11:45:25.584Z,1519,2026-08-17T11:45:25.584Z,AHK,Ahoskie,50b193b8-c8c8-41b3-8f69-a5e058560d7e,
202608171145214437,202608171119587443,202608171119587420,118,10906,Bronze P1/P2 Assessments,br_NewPeriodicReassessmentCounselorReview,TASK_COMPLETE,SUCCESS,INFO,0,0,0,,2026-08-17T11:20:06.775Z,2026-08-17T11:45:25.584Z,1519,2026-08-17T11:45:25.584Z,B12B,Colorado Springs,50b193b8-c8c8-41b3-8f69-a5e058560d7e,
202608171145214438,202608171119587444,202608171119587420,118,10907,Bronze P1/P2 Assessments,br_NewPeriodicReassessmentCounselorReview,TASK_COMPLETE,SUCCESS,INFO,320,320,0,,2026-08-17T11:20:06.775Z,2026-08-17T11:45:25.584Z,1519,2026-08-17T11:45:25.584Z,B24,Paintsville,50b193b8-c8c8-41b3-8f69-a5e058560d7e,
202608171145214439,202608171119587445,202608171119587420,118,10909,Bronze P1/P2 Assessments,br_NewPeriodicReassessmentCounselorReview,TASK_COMPLETE,SUCCESS,INFO,1192,1192,0,,2026-08-17T11:20:06.775Z,2026-08-17T11:45:25.584Z,1519,2026-08-17T11:45:25.584Z,B26,Hazard,50b193b8-c8c8-41b3-8f69-a5e058560d7e,
202608102144480456,202608102108561402,202608102108561394,28,91008,FormQuestionAnswers Bronze - B29,br_tblFormQA,TASK_COMPLETE,SUCCESS,INFO,7130,7130,0,,2026-08-10T21:09:33.412Z,2026-08-10T21:44:51.777Z,2118,2026-08-10T21:44:51.777Z,B29,PoplarBluff,919a3989-3039-4ed4-8e54-b0f9527e0235,
202608102144480458,202608102108561403,202608102108561394,28,91009,FormQuestionAnswers Bronze - B30,br_tblFormQA,TASK_COMPLETE,SUCCESS,INFO,4996,4996,0,,2026-08-10T21:09:33.412Z,2026-08-10T21:44:51.777Z,2118,2026-08-10T21:44:51.777Z,B30,KCN,919a3989-3039-4ed4-8e54-b0f9527e0235,
202608102144480459,202608102108561404,202608102108561394,28,91010,FormQuestionAnswers Bronze - B31,br_tblFormQA,TASK_COMPLETE,SUCCESS,INFO,15218,15218,0,,2026-08-10T21:09:33.412Z,2026-08-10T21:44:51.777Z,2118,2026-08-10T21:44:51.777Z,B31,Dyersburg,919a3989-3039-4ed4-8e54-b0f9527e0235,
202608102144480460,202608102108561405,202608102108561394,28,91011,FormQuestionAnswers Bronze - B33,br_tblFormQA,TASK_COMPLETE,SUCCESS,INFO,21194,21194,0,,2026-08-10T21:09:33.412Z,2026-08-10T21:44:51.777Z,2118,2026-08-10T21:44:51.777Z,B33,Paducah,919a3989-3039-4ed4-8e54-b0f9527e0235,
202608102144480461,202608102108561406,202608102108561394,28,91012,FormQuestionAnswers Bronze - B34,br_tblFormQA,TASK_COMPLETE,SUCCESS,INFO,32842,32842,0,,2026-08-10T21:09:33.412Z,2026-08-10T21:44:51.777Z,2118,2026-08-10T21:44:51.777Z,B34,Corbin,919a3989-3039-4ed4-8e54-b0f9527e0235,
202608102144480462,202608102108561407,202608102108561394,28,91013,FormQuestionAnswers Bronze - B35,br_tblFormQA,TASK_COMPLETE,SUCCESS,INFO,49383,49383,0,,2026-08-10T21:09:33.412Z,2026-08-10T21:44:51.777Z,2118,2026-08-10T21:44:51.777Z,B35,Lexington,919a3989-3039-4ed4-8e54-b0f9527e0235,
202608102144480463,202608102108561408,202608102108561394,28,91014,FormQuestionAnswers Bronze - B35A,br_tblFormQA,TASK_COMPLETE,SUCCESS,INFO,15250,15250,0,,2026-08-10T21:09:33.412Z,2026-08-10T21:44:51.777Z,2118,2026-08-10T21:44:51.777Z,B35A,Berea,919a3989-3039-4ed4-8e54-b0f9527e0235,
202608141935472432,202608141857340853,202608141857340774,31,94079,FormAnswerSignatures Bronze - NC,br_tblFormAnswerSig,TASK_COMPLETE,SUCCESS,INFO,70205,70205,0,,2026-08-14T18:58:05.482Z,2026-08-14T19:35:50.482Z,2265,2026-08-14T19:35:50.482Z,NC,NorthCharleston,015634ea-243f-49e1-a18e-0e1d033651d1,
202608141935472433,202608141857340854,202608141857340774,31,94080,FormAnswerSignatures Bronze - NLR,br_tblFormAnswerSig,TASK_COMPLETE,SUCCESS,INFO,34739,34739,0,,2026-08-14T18:58:05.482Z,2026-08-14T19:35:50.482Z,2265,2026-08-14T19:35:50.482Z,NLR,NLROBOT,015634ea-243f-49e1-a18e-0e1d033651d1,
202608141935472434,202608141857340855,202608141857340774,31,94081,FormAnswerSignatures Bronze - PH,br_tblFormAnswerSig,TASK_COMPLETE,SUCCESS,INFO,18194,18194,0,,2026-08-14T18:58:05.482Z,2026-08-14T19:35:50.482Z,2265,2026-08-14T19:35:50.482Z,PH,Phoenix,015634ea-243f-49e1-a18e-0e1d033651d1,
202608141935472435,202608141857340856,202608141857340774,31,94082,FormAnswerSignatures Bronze - RE,br_tblFormAnswerSig,TASK_COMPLETE,SUCCESS,INFO,43910,43910,0,,2026-08-14T18:58:05.482Z,2026-08-14T19:35:50.482Z,2265,2026-08-14T19:35:50.482Z,RE,Reno,015634ea-243f-49e1-a18e-0e1d033651d1,
202608141935472436,202608141857340857,202608141857340774,31,94083,FormAnswerSignatures Bronze - RMD,br_tblFormAnswerSig,TASK_COMPLETE,SUCCESS,INFO,108082,108082,0,,2026-08-14T18:58:05.482Z,2026-08-14T19:35:50.482Z,2265,2026-08-14T19:35:50.482Z,RMD,Richmond,015634ea-243f-49e1-a18e-0e1d033651d1,
202608141935472437,202608141857340858,202608141857340774,31,94084,FormAnswerSignatures Bronze - SFN,br_tblFormAnswerSig,TASK_COMPLETE,SUCCESS,INFO,55756,55756,0,,2026-08-14T18:58:05.482Z,2026-08-14T19:35:50.482Z,2265,2026-08-14T19:35:50.482Z,SFN,SFN,015634ea-243f-49e1-a18e-0e1d033651d1,
202608171145214441,202608171119587446,202608171119587420,118,10911,Bronze P1/P2 Assessments,br_NewPeriodicReassessmentCounselorReview,TASK_COMPLETE,SUCCESS,INFO,0,0,0,,2026-08-17T11:20:06.775Z,2026-08-17T11:45:25.584Z,1519,2026-08-17T11:45:25.584Z,B28,West Plains,50b193b8-c8c8-41b3-8f69-a5e058560d7e,
202608171145214442,202608171119587447,202608171119587420,118,10916,Bronze P1/P2 Assessments,br_NewPeriodicReassessmentCounselorReview,TASK_COMPLETE,SUCCESS,INFO,237,237,0,,2026-08-17T11:20:06.775Z,2026-08-17T11:45:25.584Z,1519,2026-08-17T11:45:25.584Z,B33,Paducah,50b193b8-c8c8-41b3-8f69-a5e058560d7e,
202608171145214443,202608171119587448,202608171119587420,118,10971,Bronze P1/P2 Assessments,br_NewPeriodicReassessmentCounselorReview,TASK_COMPLETE,SUCCESS,INFO,0,0,0,,2026-08-17T11:20:06.775Z,2026-08-17T11:45:25.584Z,1519,2026-08-17T11:45:25.584Z,CBCO,Coeur dAlene,50b193b8-c8c8-41b3-8f69-a5e058560d7e,
202608171145214444,202608171119587449,202608171119587420,118,11089,Bronze P1/P2 Assessments,br_NewPeriodicReassessmentD2,TASK_COMPLETE,SUCCESS,INFO,0,0,0,,2026-08-17T11:20:06.775Z,2026-08-17T11:45:25.584Z,1519,2026-08-17T11:45:25.584Z,AHK,Ahoskie,50b193b8-c8c8-41b3-8f69-a5e058560d7e,
202608171145214445,202608171119587450,202608171119587420,118,11090,Bronze P1/P2 Assessments,br_NewPeriodicReassessmentD2,TASK_COMPLETE,SUCCESS,INFO,0,0,0,,2026-08-17T11:20:06.775Z,2026-08-17T11:45:25.584Z,1519,2026-08-17T11:45:25.584Z,B12B,Colorado Springs,50b193b8-c8c8-41b3-8f69-a5e058560d7e,
202608171145214498,202608171119587496,202608171119587420,118,12204,Bronze P1/P2 Assessments,br_NewAdmissionAssessmentASAMDimension4,TASK_COMPLETE,SUCCESS,INFO,177,177,0,,2026-08-17T11:20:06.775Z,2026-08-17T11:45:25.584Z,1519,2026-08-17T11:45:25.584Z,B33,Paducah,50b193b8-c8c8-41b3-8f69-a5e058560d7e,
202608171145214499,202608171119587497,202608171119587420,118,12259,Bronze P1/P2 Assessments,br_NewAdmissionAssessmentASAMDimension4,TASK_COMPLETE,SUCCESS,INFO,0,0,0,,2026-08-17T11:20:06.775Z,2026-08-17T11:45:25.584Z,1519,2026-08-17T11:45:25.584Z,CBCO,Coeur dAlene,50b193b8-c8c8-41b3-8f69-a5e058560d7e,
202608171145214500,202608171119587498,202608171119587420,118,12377,Bronze P1/P2 Assessments,br_NewAdmissionAssessmentASAMDimension5,TASK_COMPLETE,SUCCESS,INFO,0,0,0,,2026-08-17T11:20:06.775Z,2026-08-17T11:45:25.584Z,1519,2026-08-17T11:45:25.584Z,AHK,Ahoskie,50b193b8-c8c8-41b3-8f69-a5e058560d7e,
202608171145214502,202608171119587499,202608171119587420,118,12378,Bronze P1/P2 Assessments,br_NewAdmissionAssessmentASAMDimension5,TASK_COMPLETE,SUCCESS,INFO,0,0,0,,2026-08-17T11:20:06.775Z,2026-08-17T11:45:25.584Z,1519,2026-08-17T11:45:25.584Z,B12B,Colorado Springs,50b193b8-c8c8-41b3-8f69-a5e058560d7e,
202608171145214503,202608171119587500,202608171119587420,118,12379,Bronze P1/P2 Assessments,br_NewAdmissionAssessmentASAMDimension5,TASK_COMPLETE,SUCCESS,INFO,271,271,0,,2026-08-17T11:20:06.775Z,2026-08-17T11:45:25.584Z,1519,2026-08-17T11:45:25.584Z,B24,Paintsville,50b193b8-c8c8-41b3-8f69-a5e058560d7e,
202608171145214504,202608171119587501,202608171119587420,118,12381,Bronze P1/P2 Assessments,br_NewAdmissionAssessmentASAMDimension5,TASK_COMPLETE,SUCCESS,INFO,398,398,0,,2026-08-17T11:20:06.775Z,2026-08-17T11:45:25.584Z,1519,2026-08-17T11:45:25.584Z,B26,Hazard,50b193b8-c8c8-41b3-8f69-a5e058560d7e,
202608171145214505,202608171119587502,202608171119587420,118,12383,Bronze P1/P2 Assessments,br_NewAdmissionAssessmentASAMDimension5,TASK_COMPLETE,SUCCESS,INFO,0,0,0,,2026-08-17T11:20:06.775Z,2026-08-17T11:45:25.584Z,1519,2026-08-17T11:45:25.584Z,B28,West Plains,50b193b8-c8c8-41b3-8f69-a5e058560d7e,
202608171145214506,202608171119587503,202608171119587420,118,12388,Bronze P1/P2 Assessments,br_NewAdmissionAssessmentASAMDimension5,TASK_COMPLETE,SUCCESS,INFO,175,175,0,,2026-08-17T11:20:06.775Z,2026-08-17T11:45:25.584Z,1519,2026-08-17T11:45:25.584Z,B33,Paducah,50b193b8-c8c8-41b3-8f69-a5e058560d7e,
202608171145214507,202608171119587504,202608171119587420,118,12443,Bronze P1/P2 Assessments,br_NewAdmissionAssessmentASAMDimension5,TASK_COMPLETE,SUCCESS,INFO,0,0,0,,2026-08-17T11:20:06.775Z,2026-08-17T11:45:25.584Z,1519,2026-08-17T11:45:25.584Z,CBCO,Coeur dAlene,50b193b8-c8c8-41b3-8f69-a5e058560d7e,
202608221113177645,202608221042213000,202608221042212981,86,8578,Silver INV,sl_Bottle,TASK_COMPLETE,SUCCESS,INFO,284239,284239,0,,2026-08-22T10:42:14.039Z,2026-08-22T11:16:52.295Z,2078,2026-08-22T11:16:52.295Z,,,28d7acf5-bc26-4be3-b390-775b9af3d980,
202608221113177548,202608221042112982,202608221042112981,85,2074,Bronze INV,br_InvType,TASK_COMPLETE,SUCCESS,INFO,7,7,0,,2026-08-22T10:42:14.039Z,2026-08-22T11:16:52.295Z,2078,2026-08-22T11:16:52.295Z,B26,Hazard,28d7acf5-bc26-4be3-b390-775b9af3d980,SAMMS-HazardV5
202608221113177549,202608221042112983,202608221042112981,85,2082,Bronze INV,br_InvType,TASK_COMPLETE,SUCCESS,INFO,6,6,0,,2026-08-22T10:42:14.039Z,2026-08-22T11:16:52.295Z,2078,2026-08-22T11:16:52.295Z,B34,Corbin,28d7acf5-bc26-4be3-b390-775b9af3d980,SAMMS-CorbinV5
202608191605095693,202608191519695719,202608191519695710,98,6795,P1 Forms New Discharge Transfer Plan Form Silver,tbl_NewDischargeTransferPlanForm,TASK_COMPLETE,SUCCESS,INFO,15829,15829,0,,2026-08-19T15:20:02.186Z,2026-08-19T16:05:12.022Z,2710,2026-08-19T16:05:12.022Z,,,0e774440-67e4-4817-8f97-24afdbb9d82f,
202608171240088335,202608171211598335,202608171211598283,106,8306,Clinical Domain Bronze - SaveMNTreatmentServiceReview - VBRP,br_MNTreatmentServiceReview,TASK_COMPLETE,SUCCESS,INFO,398,398,0,,2026-08-17T12:12:57.246Z,2026-08-17T12:40:14.210Z,1637,2026-08-17T12:40:14.210Z,VBRP,BrooklynPark,71c4b27b-8df0-48dd-a1ee-a6ea3a63b852,
202608171240088336,202608171211598336,202608171211598283,106,8307,Clinical Domain Bronze - SaveMNTreatmentServiceReview - VMIN,br_MNTreatmentServiceReview,TASK_COMPLETE,SUCCESS,INFO,275,275,0,,2026-08-17T12:12:57.246Z,2026-08-17T12:40:14.210Z,1637,2026-08-17T12:40:14.210Z,VMIN,Minneapolis,71c4b27b-8df0-48dd-a1ee-a6ea3a63b852,
202608171240088337,202608171211598337,202608171211598283,106,8308,Clinical Domain Bronze - SaveMNTreatmentServiceReview - VWBY,br_MNTreatmentServiceReview,TASK_COMPLETE,SUCCESS,INFO,409,409,0,,2026-08-17T12:12:57.246Z,2026-08-17T12:40:14.210Z,1637,2026-08-17T12:40:14.210Z,VWBY,Woodbury,71c4b27b-8df0-48dd-a1ee-a6ea3a63b852,
202608171102595626,202608171031398633,202608171031398593,106,8306,Clinical Domain Bronze - SaveMNTreatmentServiceReview - VBRP,br_MNTreatmentServiceReview,TASK_COMPLETE,SUCCESS,INFO,397,397,0,,2026-08-17T10:38:10.305Z,2026-08-17T11:03:03.679Z,1493,2026-08-17T11:03:03.679Z,VBRP,BrooklynPark,16b28601-46b7-41d7-bb6b-81142615d65b,
202608171102595627,202608171031398634,202608171031398593,106,8307,Clinical Domain Bronze - SaveMNTreatmentServiceReview - VMIN,br_MNTreatmentServiceReview,TASK_COMPLETE,SUCCESS,INFO,275,275,0,,2026-08-17T10:38:10.305Z,2026-08-17T11:03:03.679Z,1493,2026-08-17T11:03:03.679Z,VMIN,Minneapolis,16b28601-46b7-41d7-bb6b-81142615d65b,
202608171102595629,202608171031398635,202608171031398593,106,8308,Clinical Domain Bronze - SaveMNTreatmentServiceReview - VWBY,br_MNTreatmentServiceReview,TASK_COMPLETE,SUCCESS,INFO,405,405,0,,2026-08-17T10:38:10.305Z,2026-08-17T11:03:03.679Z,1493,2026-08-17T11:03:03.679Z,VWBY,Woodbury,16b28601-46b7-41d7-bb6b-81142615d65b,
202608150554175990,202608150537402713,202608150537402637,118,12204,Bronze P1/P2 Assessments,br_NewAdmissionAssessmentASAMDimension4,TASK_COMPLETE,SUCCESS,INFO,177,177,0,,2026-08-15T05:38:25.156Z,2026-08-15T05:54:20.465Z,955,2026-08-15T05:54:20.465Z,B33,Paducah,92fdec37-a7f1-4589-8ea2-af8b074ddb31,
202608150554175991,202608150537402714,202608150537402637,118,12259,Bronze P1/P2 Assessments,br_NewAdmissionAssessmentASAMDimension4,TASK_COMPLETE,SUCCESS,INFO,0,0,0,,2026-08-15T05:38:25.156Z,2026-08-15T05:54:20.465Z,955,2026-08-15T05:54:20.465Z,CBCO,Coeur dAlene,92fdec37-a7f1-4589-8ea2-af8b074ddb31,
202608150554175992,202608150537402715,202608150537402637,118,12377,Bronze P1/P2 Assessments,br_NewAdmissionAssessmentASAMDimension5,TASK_COMPLETE,SUCCESS,INFO,0,0,0,,2026-08-15T05:38:25.156Z,2026-08-15T05:54:20.465Z,955,2026-08-15T05:54:20.465Z,AHK,Ahoskie,92fdec37-a7f1-4589-8ea2-af8b074ddb31,
202608150554175993,202608150537402716,202608150537402637,118,12378,Bronze P1/P2 Assessments,br_NewAdmissionAssessmentASAMDimension5,TASK_COMPLETE,SUCCESS,INFO,0,0,0,,2026-08-15T05:38:25.156Z,2026-08-15T05:54:20.465Z,955,2026-08-15T05:54:20.465Z,B12B,Colorado Springs,92fdec37-a7f1-4589-8ea2-af8b074ddb31,
202608150554175994,202608150537402717,202608150537402637,118,12379,Bronze P1/P2 Assessments,br_NewAdmissionAssessmentASAMDimension5,TASK_COMPLETE,SUCCESS,INFO,271,271,0,,2026-08-15T05:38:25.156Z,2026-08-15T05:54:20.465Z,955,2026-08-15T05:54:20.465Z,B24,Paintsville,92fdec37-a7f1-4589-8ea2-af8b074ddb31,
202608150554175996,202608150537402718,202608150537402637,118,12381,Bronze P1/P2 Assessments,br_NewAdmissionAssessmentASAMDimension5,TASK_COMPLETE,SUCCESS,INFO,398,398,0,,2026-08-15T05:38:25.156Z,2026-08-15T05:54:20.465Z,955,2026-08-15T05:54:20.465Z,B26,Hazard,92fdec37-a7f1-4589-8ea2-af8b074ddb31,
202608150554175997,202608150537402719,202608150537402637,118,12383,Bronze P1/P2 Assessments,br_NewAdmissionAssessmentASAMDimension5,TASK_COMPLETE,SUCCESS,INFO,0,0,0,,2026-08-15T05:38:25.156Z,2026-08-15T05:54:20.465Z,955,2026-08-15T05:54:20.465Z,B28,West Plains,92fdec37-a7f1-4589-8ea2-af8b074ddb31,
202608150554175998,202608150537402720,202608150537402637,118,12388,Bronze P1/P2 Assessments,br_NewAdmissionAssessmentASAMDimension5,TASK_COMPLETE,SUCCESS,INFO,175,175,0,,2026-08-15T05:38:25.156Z,2026-08-15T05:54:20.465Z,955,2026-08-15T05:54:20.465Z,B33,Paducah,92fdec37-a7f1-4589-8ea2-af8b074ddb31,
202608150554175999,202608150537402721,202608150537402637,118,12443,Bronze P1/P2 Assessments,br_NewAdmissionAssessmentASAMDimension5,TASK_COMPLETE,SUCCESS,INFO,0,0,0,,2026-08-15T05:38:25.156Z,2026-08-15T05:54:20.465Z,955,2026-08-15T05:54:20.465Z,CBCO,Coeur dAlene,92fdec37-a7f1-4589-8ea2-af8b074ddb31,
202608180902083840,202608180834532820,202608180834532768,106,8306,Clinical Domain Bronze - SaveMNTreatmentServiceReview - VBRP,br_MNTreatmentServiceReview,TASK_COMPLETE,SUCCESS,INFO,416,416,0,,2026-08-18T08:37:01.117Z,2026-08-18T09:02:12.282Z,1511,2026-08-18T09:02:12.282Z,VBRP,BrooklynPark,08f45940-4fba-4d40-8013-5941939f8b2e,
202608180902083842,202608180834532821,202608180834532768,106,8307,Clinical Domain Bronze - SaveMNTreatmentServiceReview - VMIN,br_MNTreatmentServiceReview,TASK_COMPLETE,SUCCESS,INFO,282,282,0,,2026-08-18T08:37:01.117Z,2026-08-18T09:02:12.282Z,1511,2026-08-18T09:02:12.282Z,VMIN,Minneapolis,08f45940-4fba-4d40-8013-5941939f8b2e,
202608180902083843,202608180834532822,202608180834532768,106,8308,Clinical Domain Bronze - SaveMNTreatmentServiceReview - VWBY,br_MNTreatmentServiceReview,TASK_COMPLETE,SUCCESS,INFO,437,437,0,,2026-08-18T08:37:01.117Z,2026-08-18T09:02:12.282Z,1511,2026-08-18T09:02:12.282Z,VWBY,Woodbury,08f45940-4fba-4d40-8013-5941939f8b2e,
202608102226458851,202608102151219767,202608102151219703,31,94064,FormAnswerSignatures Bronze - FS,br_tblFormAnswerSig,TASK_COMPLETE,SUCCESS,INFO,2942,2942,0,,2026-08-10T21:52:10.015Z,2026-08-10T22:26:49.259Z,2079,2026-08-10T22:26:49.259Z,FS,FortSmith,733bdb65-98e7-4d6d-af8f-93040e55bb44,
202608102226458852,202608102151219768,202608102151219703,31,94065,FormAnswerSignatures Bronze - FW,br_tblFormAnswerSig,TASK_COMPLETE,SUCCESS,INFO,30644,30644,0,,2026-08-10T21:52:10.015Z,2026-08-10T22:26:49.259Z,2079,2026-08-10T22:26:49.259Z,FW,FortWayne,733bdb65-98e7-4d6d-af8f-93040e55bb44,
202608102226458853,202608102151219769,202608102151219703,31,94066,FormAnswerSignatures Bronze - GAL,br_tblFormAnswerSig,TASK_COMPLETE,SUCCESS,INFO,9361,9361,0,,2026-08-10T21:52:10.015Z,2026-08-10T22:26:49.259Z,2079,2026-08-10T22:26:49.259Z,GAL,Gaylord,733bdb65-98e7-4d6d-af8f-93040e55bb44,
202608102226458854,202608102151219770,202608102151219703,31,94067,FormAnswerSignatures Bronze - HGT,br_tblFormAnswerSig,TASK_COMPLETE,SUCCESS,INFO,23083,23083,0,,2026-08-10T21:52:10.015Z,2026-08-10T22:26:49.259Z,2079,2026-08-10T22:26:49.259Z,HGT,Hagerstown,733bdb65-98e7-4d6d-af8f-93040e55bb44,
202608102226458855,202608102151219771,202608102151219703,31,94068,FormAnswerSignatures Bronze - HNT,br_tblFormAnswerSig,TASK_COMPLETE,SUCCESS,INFO,23522,23522,0,,2026-08-10T21:52:10.015Z,2026-08-10T22:26:49.259Z,2079,2026-08-10T22:26:49.259Z,HNT,Huntsville,733bdb65-98e7-4d6d-af8f-93040e55bb44,
202608102226458857,202608102151219772,202608102151219703,31,94069,FormAnswerSignatures Bronze - HS,br_tblFormAnswerSig,TASK_COMPLETE,SUCCESS,INFO,3458,3458,0,,2026-08-10T21:52:10.015Z,2026-08-10T22:26:49.259Z,2079,2026-08-10T22:26:49.259Z,HS,HotSprings,733bdb65-98e7-4d6d-af8f-93040e55bb44,
202608102226458858,202608102151219773,202608102151219703,31,94070,FormAnswerSignatures Bronze - JON,br_tblFormAnswerSig,TASK_COMPLETE,SUCCESS,INFO,2534,2534,0,,2026-08-10T21:52:10.015Z,2026-08-10T22:26:49.259Z,2079,2026-08-10T22:26:49.259Z,JON,Jonesboro,733bdb65-98e7-4d6d-af8f-93040e55bb44,
202608102323440883,202608102246290026,202608102246289962,31,94064,FormAnswerSignatures Bronze - FS,br_tblFormAnswerSig,TASK_COMPLETE,SUCCESS,INFO,2942,2942,0,,2026-08-10T22:46:50.634Z,2026-08-10T23:23:47.420Z,2217,2026-08-10T23:23:47.420Z,FS,FortSmith,577185a2-f5a0-4625-b776-012683caf0bc,
202608102323440884,202608102246290027,202608102246289962,31,94065,FormAnswerSignatures Bronze - FW,br_tblFormAnswerSig,TASK_COMPLETE,SUCCESS,INFO,30644,30644,0,,2026-08-10T22:46:50.634Z,2026-08-10T23:23:47.420Z,2217,2026-08-10T23:23:47.420Z,FW,FortWayne,577185a2-f5a0-4625-b776-012683caf0bc,
202608102323440885,202608102246290028,202608102246289962,31,94066,FormAnswerSignatures Bronze - GAL,br_tblFormAnswerSig,TASK_COMPLETE,SUCCESS,INFO,9361,9361,0,,2026-08-10T22:46:50.634Z,2026-08-10T23:23:47.420Z,2217,2026-08-10T23:23:47.420Z,GAL,Gaylord,577185a2-f5a0-4625-b776-012683caf0bc,
202608102323440886,202608102246290029,202608102246289962,31,94067,FormAnswerSignatures Bronze - HGT,br_tblFormAnswerSig,TASK_COMPLETE,SUCCESS,INFO,23083,23083,0,,2026-08-10T22:46:50.634Z,2026-08-10T23:23:47.420Z,2217,2026-08-10T23:23:47.420Z,HGT,Hagerstown,577185a2-f5a0-4625-b776-012683caf0bc,
202608102323440887,202608102246290030,202608102246289962,31,94068,FormAnswerSignatures Bronze - HNT,br_tblFormAnswerSig,TASK_COMPLETE,SUCCESS,INFO,23524,23524,0,,2026-08-10T22:46:50.634Z,2026-08-10T23:23:47.420Z,2217,2026-08-10T23:23:47.420Z,HNT,Huntsville,577185a2-f5a0-4625-b776-012683caf0bc,
202608102323440888,202608102246290031,202608102246289962,31,94069,FormAnswerSignatures Bronze - HS,br_tblFormAnswerSig,TASK_COMPLETE,SUCCESS,INFO,3458,3458,0,,2026-08-10T22:46:50.634Z,2026-08-10T23:23:47.420Z,2217,2026-08-10T23:23:47.420Z,HS,HotSprings,577185a2-f5a0-4625-b776-012683caf0bc,
202608102323440890,202608102246290032,202608102246289962,31,94070,FormAnswerSignatures Bronze - JON,br_tblFormAnswerSig,TASK_COMPLETE,SUCCESS,INFO,2534,2534,0,,2026-08-10T22:46:50.634Z,2026-08-10T23:23:47.420Z,2217,2026-08-10T23:23:47.420Z,JON,Jonesboro,577185a2-f5a0-4625-b776-012683caf0bc,
202608120911546205,202608120822452557,202608120822452528,106,7829,Clinical Domain Bronze - SaveMNCA - V10,brz_MNComprehensiveAssessment,TASK_COMPLETE,SUCCESS,INFO,1125,1125,0,,2026-08-12T08:25:12.254Z,2026-08-12T09:12:13.728Z,2821,2026-08-12T09:12:13.728Z,V10,Boulder,577435af-c452-4617-9a3c-7d2b03361707,
202608120911546207,202608120822452558,202608120822452528,106,7845,Clinical Domain Bronze - SaveMNCA - VBRA,brz_MNComprehensiveAssessment,TASK_COMPLETE,SUCCESS,INFO,232,232,0,,2026-08-12T08:25:12.254Z,2026-08-12T09:12:13.728Z,2821,2026-08-12T09:12:13.728Z,VBRA,Brainerd,577435af-c452-4617-9a3c-7d2b03361707,
202608120911546208,202608120822452559,202608120822452528,106,7846,Clinical Domain Bronze - SaveMNCA - VBRP,brz_MNComprehensiveAssessment,TASK_COMPLETE,SUCCESS,INFO,265,265,0,,2026-08-12T08:25:12.254Z,2026-08-12T09:12:13.728Z,2821,2026-08-12T09:12:13.728Z,VBRP,BrooklynPark,577435af-c452-4617-9a3c-7d2b03361707,
202608120911546209,202608120822452560,202608120822452528,106,7847,Clinical Domain Bronze - SaveMNCA - VMIN,brz_MNComprehensiveAssessment,TASK_COMPLETE,SUCCESS,INFO,213,213,0,,2026-08-12T08:25:12.254Z,2026-08-12T09:12:13.728Z,2821,2026-08-12T09:12:13.728Z,VMIN,Minneapolis,577435af-c452-4617-9a3c-7d2b03361707,
202608141154446159,202608141147662603,202608141147662582,118,10787,Bronze P1/P2 Assessments,br_NewPeriodicReassessment,TASK_COMPLETE,SUCCESS,INFO,0,0,0,,2026-08-14T11:48:09.966Z,2026-08-14T11:54:47.762Z,398,2026-08-14T11:54:47.762Z,CBCO,Coeur dAlene,21f5cd31-796d-43ad-806e-67ead954f01a,
202608141154446160,202608141147662604,202608141147662582,118,10905,Bronze P1/P2 Assessments,br_NewPeriodicReassessmentCounselorReview,TASK_COMPLETE,SUCCESS,INFO,0,0,0,,2026-08-14T11:48:09.966Z,2026-08-14T11:54:47.762Z,398,2026-08-14T11:54:47.762Z,AHK,Ahoskie,21f5cd31-796d-43ad-806e-67ead954f01a,
202608141154446161,202608141147662605,202608141147662582,118,10906,Bronze P1/P2 Assessments,br_NewPeriodicReassessmentCounselorReview,TASK_COMPLETE,SUCCESS,INFO,0,0,0,,2026-08-14T11:48:09.966Z,2026-08-14T11:54:47.762Z,398,2026-08-14T11:54:47.762Z,B12B,Colorado Springs,21f5cd31-796d-43ad-806e-67ead954f01a,
202608141154446162,202608141147662606,202608141147662582,118,10907,Bronze P1/P2 Assessments,br_NewPeriodicReassessmentCounselorReview,TASK_COMPLETE,SUCCESS,INFO,0,0,0,,2026-08-14T11:48:09.966Z,2026-08-14T11:54:47.762Z,398,2026-08-14T11:54:47.762Z,B24,Paintsville,21f5cd31-796d-43ad-806e-67ead954f01a,
202608141154446164,202608141147662607,202608141147662582,118,10909,Bronze P1/P2 Assessments,br_NewPeriodicReassessmentCounselorReview,TASK_COMPLETE,SUCCESS,INFO,0,0,0,,2026-08-14T11:48:09.966Z,2026-08-14T11:54:47.762Z,398,2026-08-14T11:54:47.762Z,B26,Hazard,21f5cd31-796d-43ad-806e-67ead954f01a,
202608141154446165,202608141147662608,202608141147662582,118,10911,Bronze P1/P2 Assessments,br_NewPeriodicReassessmentCounselorReview,TASK_COMPLETE,SUCCESS,INFO,0,0,0,,2026-08-14T11:48:09.966Z,2026-08-14T11:54:47.762Z,398,2026-08-14T11:54:47.762Z,B28,West Plains,21f5cd31-796d-43ad-806e-67ead954f01a,
202608141154446166,202608141147662609,202608141147662582,118,10916,Bronze P1/P2 Assessments,br_NewPeriodicReassessmentCounselorReview,TASK_COMPLETE,SUCCESS,INFO,0,0,0,,2026-08-14T11:48:09.966Z,2026-08-14T11:54:47.762Z,398,2026-08-14T11:54:47.762Z,B33,Paducah,21f5cd31-796d-43ad-806e-67ead954f01a,
202608141154446167,202608141147662610,202608141147662582,118,10971,Bronze P1/P2 Assessments,br_NewPeriodicReassessmentCounselorReview,TASK_COMPLETE,SUCCESS,INFO,0,0,0,,2026-08-14T11:48:09.966Z,2026-08-14T11:54:47.762Z,398,2026-08-14T11:54:47.762Z,CBCO,Coeur dAlene,21f5cd31-796d-43ad-806e-67ead954f01a,
202608141154446168,202608141147662611,202608141147662582,118,11089,Bronze P1/P2 Assessments,br_newperiodicreassessmentd2,TASK_COMPLETE,SUCCESS,INFO,0,0,0,,2026-08-14T11:48:09.966Z,2026-08-14T11:54:47.762Z,398,2026-08-14T11:54:47.762Z,AHK,Ahoskie,21f5cd31-796d-43ad-806e-67ead954f01a,
202608141154446169,202608141147662612,202608141147662582,118,11090,Bronze P1/P2 Assessments,br_newperiodicreassessmentd2,TASK_COMPLETE,SUCCESS,INFO,0,0,0,,2026-08-14T11:48:09.966Z,2026-08-14T11:54:47.762Z,398,2026-08-14T11:54:47.762Z,B12B,Colorado Springs,21f5cd31-796d-43ad-806e-67ead954f01a,
202608102139177335,202608102103362549,202608102103362513,31,94036,FormAnswerSignatures Bronze - B57B,br_tblFormAnswerSig,TASK_COMPLETE,SUCCESS,INFO,3316,3316,0,,2026-08-10T21:04:36.348Z,2026-08-10T21:39:44.219Z,2108,2026-08-10T21:39:44.219Z,B57B,Middletown,0e7e4594-5e6f-405f-a303-69a6f189ed20,
202608102139177336,202608102103362550,202608102103362513,31,94037,FormAnswerSignatures Bronze - B57C,br_tblFormAnswerSig,TASK_COMPLETE,SUCCESS,INFO,7694,7694,0,,2026-08-10T21:04:36.348Z,2026-08-10T21:39:44.219Z,2108,2026-08-10T21:39:44.219Z,B57C,Providence,0e7e4594-5e6f-405f-a303-69a6f189ed20,
202608102139177337,202608102103362551,202608102103362513,31,94038,FormAnswerSignatures Bronze - B57D,br_tblFormAnswerSig,TASK_COMPLETE,SUCCESS,INFO,7779,7779,0,,2026-08-10T21:04:36.348Z,2026-08-10T21:39:44.219Z,2108,2026-08-10T21:39:44.219Z,B57D,Westerly,0e7e4594-5e6f-405f-a303-69a6f189ed20,
202608102139177339,202608102103362552,202608102103362513,31,94039,FormAnswerSignatures Bronze - B66A,br_tblFormAnswerSig,TASK_COMPLETE,SUCCESS,INFO,4627,4627,0,,2026-08-10T21:04:36.348Z,2026-08-10T21:39:44.219Z,2108,2026-08-10T21:39:44.219Z,B66A,Bremen,0e7e4594-5e6f-405f-a303-69a6f189ed20,
202608102139177340,202608102103362553,202608102103362513,31,94040,FormAnswerSignatures Bronze - B72,br_tblFormAnswerSig,TASK_COMPLETE,SUCCESS,INFO,2360,2360,0,,2026-08-10T21:04:36.348Z,2026-08-10T21:39:44.219Z,2108,2026-08-10T21:39:44.219Z,B72,Mobile-OBOT,0e7e4594-5e6f-405f-a303-69a6f189ed20,
202608102139177341,202608102103362554,202608102103362513,31,94041,FormAnswerSignatures Bronze - B73,br_tblFormAnswerSig,TASK_COMPLETE,SUCCESS,INFO,1977,1977,0,,2026-08-10T21:04:36.348Z,2026-08-10T21:39:44.219Z,2108,2026-08-10T21:39:44.219Z,B73,Montgomery,0e7e4594-5e6f-405f-a303-69a6f189ed20,
202608102139177342,202608102103362555,202608102103362513,31,94042,FormAnswerSignatures Bronze - B75,br_tblFormAnswerSig,TASK_COMPLETE,SUCCESS,INFO,11705,11705,0,,2026-08-10T21:04:36.348Z,2026-08-10T21:39:44.219Z,2108,2026-08-10T21:39:44.219Z,B75,Lawrence,0e7e4594-5e6f-405f-a303-69a6f189ed20,
202608120345496427,202608120259257398,202608120259257369,106,7829,Clinical Domain Bronze - SaveMNCA - V10,brz_MNComprehensiveAssessment,TASK_COMPLETE,SUCCESS,INFO,1125,1125,0,,2026-08-12T03:00:44.797Z,2026-08-12T03:45:52.499Z,2708,2026-08-12T03:45:52.499Z,V10,Boulder,72952692-3a45-4fdd-be32-4592206c2867,
202608120345496428,202608120259257399,202608120259257369,106,7845,Clinical Domain Bronze - SaveMNCA - VBRA,brz_MNComprehensiveAssessment,TASK_COMPLETE,SUCCESS,INFO,232,232,0,,2026-08-12T03:00:44.797Z,2026-08-12T03:45:52.499Z,2708,2026-08-12T03:45:52.499Z,VBRA,Brainerd,72952692-3a45-4fdd-be32-4592206c2867,
202608120345496430,202608120259257400,202608120259257369,106,7846,Clinical Domain Bronze - SaveMNCA - VBRP,brz_MNComprehensiveAssessment,TASK_COMPLETE,SUCCESS,INFO,265,265,0,,2026-08-12T03:00:44.797Z,2026-08-12T03:45:52.499Z,2708,2026-08-12T03:45:52.499Z,VBRP,BrooklynPark,72952692-3a45-4fdd-be32-4592206c2867,
202608120345496431,202608120259257401,202608120259257369,106,7847,Clinical Domain Bronze - SaveMNCA - VMIN,brz_MNComprehensiveAssessment,TASK_COMPLETE,SUCCESS,INFO,213,213,0,,2026-08-12T03:00:44.797Z,2026-08-12T03:45:52.499Z,2708,2026-08-12T03:45:52.499Z,VMIN,Minneapolis,72952692-3a45-4fdd-be32-4592206c2867,
202608102323440852,202608102246289998,202608102246289962,31,94036,FormAnswerSignatures Bronze - B57B,br_tblFormAnswerSig,TASK_COMPLETE,SUCCESS,INFO,3316,3316,0,,2026-08-10T22:46:50.634Z,2026-08-10T23:23:47.420Z,2217,2026-08-10T23:23:47.420Z,B57B,Middletown,577185a2-f5a0-4625-b776-012683caf0bc,
202608102323440853,202608102246289999,202608102246289962,31,94037,FormAnswerSignatures Bronze - B57C,br_tblFormAnswerSig,TASK_COMPLETE,SUCCESS,INFO,7694,7694,0,,2026-08-10T22:46:50.634Z,2026-08-10T23:23:47.420Z,2217,2026-08-10T23:23:47.420Z,B57C,Providence,577185a2-f5a0-4625-b776-012683caf0bc,
202608102323440854,202608102246290000,202608102246289962,31,94038,FormAnswerSignatures Bronze - B57D,br_tblFormAnswerSig,TASK_COMPLETE,SUCCESS,INFO,7779,7779,0,,2026-08-10T22:46:50.634Z,2026-08-10T23:23:47.420Z,2217,2026-08-10T23:23:47.420Z,B57D,Westerly,577185a2-f5a0-4625-b776-012683caf0bc,
202608102323440855,202608102246290001,202608102246289962,31,94039,FormAnswerSignatures Bronze - B66A,br_tblFormAnswerSig,TASK_COMPLETE,SUCCESS,INFO,4627,4627,0,,2026-08-10T22:46:50.634Z,2026-08-10T23:23:47.420Z,2217,2026-08-10T23:23:47.420Z,B66A,Bremen,577185a2-f5a0-4625-b776-012683caf0bc,
202608102323440856,202608102246290002,202608102246289962,31,94040,FormAnswerSignatures Bronze - B72,br_tblFormAnswerSig,TASK_COMPLETE,SUCCESS,INFO,2360,2360,0,,2026-08-10T22:46:50.634Z,2026-08-10T23:23:47.420Z,2217,2026-08-10T23:23:47.420Z,B72,Mobile-OBOT,577185a2-f5a0-4625-b776-012683caf0bc,
202608102323440857,202608102246290003,202608102246289962,31,94041,FormAnswerSignatures Bronze - B73,br_tblFormAnswerSig,TASK_COMPLETE,SUCCESS,INFO,1977,1977,0,,2026-08-10T22:46:50.634Z,2026-08-10T23:23:47.420Z,2217,2026-08-10T23:23:47.420Z,B73,Montgomery,577185a2-f5a0-4625-b776-012683caf0bc,
202608102323440859,202608102246290004,202608102246289962,31,94042,FormAnswerSignatures Bronze - B75,br_tblFormAnswerSig,TASK_COMPLETE,SUCCESS,INFO,11705,11705,0,,2026-08-10T22:46:50.634Z,2026-08-10T23:23:47.420Z,2217,2026-08-10T23:23:47.420Z,B75,Lawrence,577185a2-f5a0-4625-b776-012683caf0bc,
202608102226458819,202608102151219739,202608102151219703,31,94036,FormAnswerSignatures Bronze - B57B,br_tblFormAnswerSig,TASK_COMPLETE,SUCCESS,INFO,3316,3316,0,,2026-08-10T21:52:10.015Z,2026-08-10T22:26:49.259Z,2079,2026-08-10T22:26:49.259Z,B57B,Middletown,733bdb65-98e7-4d6d-af8f-93040e55bb44,
202608102226458820,202608102151219740,202608102151219703,31,94037,FormAnswerSignatures Bronze - B57C,br_tblFormAnswerSig,TASK_COMPLETE,SUCCESS,INFO,7694,7694,0,,2026-08-10T21:52:10.015Z,2026-08-10T22:26:49.259Z,2079,2026-08-10T22:26:49.259Z,B57C,Providence,733bdb65-98e7-4d6d-af8f-93040e55bb44,
202608102226458822,202608102151219741,202608102151219703,31,94038,FormAnswerSignatures Bronze - B57D,br_tblFormAnswerSig,TASK_COMPLETE,SUCCESS,INFO,7779,7779,0,,2026-08-10T21:52:10.015Z,2026-08-10T22:26:49.259Z,2079,2026-08-10T22:26:49.259Z,B57D,Westerly,733bdb65-98e7-4d6d-af8f-93040e55bb44,
202608102226458823,202608102151219742,202608102151219703,31,94039,FormAnswerSignatures Bronze - B66A,br_tblFormAnswerSig,TASK_COMPLETE,SUCCESS,INFO,4627,4627,0,,2026-08-10T21:52:10.015Z,2026-08-10T22:26:49.259Z,2079,2026-08-10T22:26:49.259Z,B66A,Bremen,733bdb65-98e7-4d6d-af8f-93040e55bb44,
202608102226458824,202608102151219743,202608102151219703,31,94040,FormAnswerSignatures Bronze - B72,br_tblFormAnswerSig,TASK_COMPLETE,SUCCESS,INFO,2360,2360,0,,2026-08-10T21:52:10.015Z,2026-08-10T22:26:49.259Z,2079,2026-08-10T22:26:49.259Z,B72,Mobile-OBOT,733bdb65-98e7-4d6d-af8f-93040e55bb44,
202608102226458825,202608102151219744,202608102151219703,31,94041,FormAnswerSignatures Bronze - B73,br_tblFormAnswerSig,TASK_COMPLETE,SUCCESS,INFO,1977,1977,0,,2026-08-10T21:52:10.015Z,2026-08-10T22:26:49.259Z,2079,2026-08-10T22:26:49.259Z,B73,Montgomery,733bdb65-98e7-4d6d-af8f-93040e55bb44,
202608102226458826,202608102151219745,202608102151219703,31,94042,FormAnswerSignatures Bronze - B75,br_tblFormAnswerSig,TASK_COMPLETE,SUCCESS,INFO,11705,11705,0,,2026-08-10T21:52:10.015Z,2026-08-10T22:26:49.259Z,2079,2026-08-10T22:26:49.259Z,B75,Lawrence,733bdb65-98e7-4d6d-af8f-93040e55bb44,
202608221150376505,202608221137270308,202608221137270305,43,167,SAMMSGLOBAL Bronze,br_User,TASK_COMPLETE,SUCCESS,INFO,11983,11983,0,,2026-08-22T11:37:32.306Z,2026-08-22T12:00:00.866Z,1348,2026-08-22T12:00:00.866Z,Global,Global,17fb4855-5e12-4261-b216-b3f67dc16eb3,SAMMSGLOBAL
202608210938414003,202608210910301212,202608210910301208,45,188,SAMMSGLOBAL Gold,UserSites,TASK_COMPLETE,SUCCESS,INFO,71001,71027,0,,2026-08-21T09:10:14.296Z,2026-08-21T09:38:52.166Z,1718,2026-08-21T09:38:52.166Z,Global,Global,859bd6e7-8433-41b7-8f16-164cdd55063d,SAMMSGLOBAL
202608102139177374,202608102103362584,202608102103362513,31,94071,FormAnswerSignatures Bronze - LAN,br_tblFormAnswerSig,TASK_COMPLETE,SUCCESS,INFO,9761,9761,0,,2026-08-10T21:04:36.348Z,2026-08-10T21:39:44.219Z,2108,2026-08-10T21:39:44.219Z,LAN,Lansing,0e7e4594-5e6f-405f-a303-69a6f189ed20,
202608102139177375,202608102103362585,202608102103362513,31,94072,FormAnswerSignatures Bronze - LO,br_tblFormAnswerSig,TASK_COMPLETE,SUCCESS,INFO,41507,41507,0,,2026-08-10T21:04:36.348Z,2026-08-10T21:39:44.219Z,2108,2026-08-10T21:39:44.219Z,LO,Louisville,0e7e4594-5e6f-405f-a303-69a6f189ed20,
202608102139177376,202608102103362586,202608102103362513,31,94073,FormAnswerSignatures Bronze - LV1,br_tblFormAnswerSig,TASK_COMPLETE,SUCCESS,INFO,27435,27435,0,,2026-08-10T21:04:36.348Z,2026-08-10T21:39:44.219Z,2108,2026-08-10T21:39:44.219Z,LV1,Cheyenne,0e7e4594-5e6f-405f-a303-69a6f189ed20,
202608102139177377,202608102103362587,202608102103362513,31,94074,FormAnswerSignatures Bronze - LV2,br_tblFormAnswerSig,TASK_COMPLETE,SUCCESS,INFO,19495,19495,0,,2026-08-10T21:04:36.348Z,2026-08-10T21:39:44.219Z,2108,2026-08-10T21:39:44.219Z,LV2,DesertInn,0e7e4594-5e6f-405f-a303-69a6f189ed20,
202608102139177378,202608102103362588,202608102103362513,31,94075,FormAnswerSignatures Bronze - LV3,br_tblFormAnswerSig,TASK_COMPLETE,SUCCESS,INFO,8002,8002,0,,2026-08-10T21:04:36.348Z,2026-08-10T21:39:44.219Z,2108,2026-08-10T21:39:44.219Z,LV3,McDaniel,0e7e4594-5e6f-405f-a303-69a6f189ed20,
202608102139177380,202608102103362589,202608102103362513,31,94076,FormAnswerSignatures Bronze - MNRE,br_tblFormAnswerSig,TASK_COMPLETE,SUCCESS,INFO,9260,9260,0,,2026-08-10T21:04:36.348Z,2026-08-10T21:39:44.219Z,2108,2026-08-10T21:39:44.219Z,MNRE,Monroe,0e7e4594-5e6f-405f-a303-69a6f189ed20,
202608102139177381,202608102103362590,202608102103362513,31,94077,FormAnswerSignatures Bronze - MP,br_tblFormAnswerSig,TASK_COMPLETE,SUCCESS,INFO,10543,10543,0,,2026-08-10T21:04:36.348Z,2026-08-10T21:39:44.219Z,2108,2026-08-10T21:39:44.219Z,MP,MtPleasant,0e7e4594-5e6f-405f-a303-69a6f189ed20,
202608210932540759,202608210910101211,202608210910101208,43,167,SAMMSGLOBAL Bronze,br_User,TASK_COMPLETE,SUCCESS,INFO,11983,11983,0,,2026-08-21T09:10:14.296Z,2026-08-21T09:32:57.148Z,1363,2026-08-21T09:32:57.148Z,Global,Global,859bd6e7-8433-41b7-8f16-164cdd55063d,SAMMSGLOBAL
202608210936547992,202608210910201211,202608210910201208,44,177,SAMMSGLOBAL Silver,sl_User,TASK_COMPLETE,SUCCESS,INFO,11983,11983,0,,2026-08-21T09:10:14.296Z,2026-08-21T09:37:01.680Z,1607,2026-08-21T09:37:01.680Z,Global,Global,859bd6e7-8433-41b7-8f16-164cdd55063d,SAMMSGLOBAL
202608191705197704,202608191654270011,202608191654269970,76,144428,PPA Bronze,br_SF_PatientPreAdmission,TASK_COMPLETE,SUCCESS,INFO,1829,1829,0,,2026-08-19T16:54:47.315Z,2026-08-19T17:10:18.523Z,931,2026-08-19T17:10:18.523Z,B73,Montgomery,4736cb14-987d-4509-b3d7-654790c2de16,SAMMS-Montgomery
202608191705197705,202608191654270012,202608191654269970,76,144429,PPA Bronze,br_SF_PatientPreAdmission,TASK_COMPLETE,SUCCESS,INFO,3316,3316,0,,2026-08-19T16:54:47.315Z,2026-08-19T17:10:18.523Z,931,2026-08-19T17:10:18.523Z,B75,Lawrence,4736cb14-987d-4509-b3d7-654790c2de16,SAMMS-LawrenceV6
202608261802020227,202608261733546740,202608261733546733,98,6561,P1 Forms Take Home Agreement And Diversion Control Silver,tbl_TakeHomeAgreementandDiversionControl,TASK_COMPLETE,SUCCESS,INFO,85,85,0,,2026-08-26T17:33:51.495Z,2026-08-26T18:02:05.602Z,1694,2026-08-26T18:02:05.602Z,,,4b416fe5-6f5c-4fb7-baa8-f0b32475e9c6,
202608120345496445,202608120259257414,202608120259257369,106,7986,Clinical Domain Bronze - SaveVACA - B42B,brz_VAComprehensiveAssessment,TASK_COMPLETE,SUCCESS,INFO,8,8,0,,2026-08-12T03:00:44.797Z,2026-08-12T03:45:52.499Z,2708,2026-08-12T03:45:52.499Z,B42B,Franklin,72952692-3a45-4fdd-be32-4592206c2867,
202608120345496446,202608120259257415,202608120259257369,106,7987,Clinical Domain Bronze - SaveVACA - B42C,brz_VAComprehensiveAssessment,TASK_COMPLETE,SUCCESS,INFO,2,2,0,,2026-08-12T03:00:44.797Z,2026-08-12T03:45:52.499Z,2708,2026-08-12T03:45:52.499Z,B42C,GlenAllen,72952692-3a45-4fdd-be32-4592206c2867,
202608120345496448,202608120259257416,202608120259257369,106,7988,Clinical Domain Bronze - SaveVACA - B42D,brz_VAComprehensiveAssessment,TASK_COMPLETE,SUCCESS,INFO,8,8,0,,2026-08-12T03:00:44.797Z,2026-08-12T03:45:52.499Z,2708,2026-08-12T03:45:52.499Z,B42D,ChesapeakeSouth,72952692-3a45-4fdd-be32-4592206c2867,
202608120345496449,202608120259257417,202608120259257369,106,8010,Clinical Domain Bronze - SaveVACA - BOI,brz_VAComprehensiveAssessment,TASK_COMPLETE,SUCCESS,INFO,8,8,0,,2026-08-12T03:00:44.797Z,2026-08-12T03:45:52.499Z,2708,2026-08-12T03:45:52.499Z,BOI,Boise,72952692-3a45-4fdd-be32-4592206c2867,
202608120345496450,202608120259257418,202608120259257369,106,8050,Clinical Domain Bronze - SaveVACA - STN,brz_VAComprehensiveAssessment,TASK_COMPLETE,SUCCESS,INFO,2,2,0,,2026-08-12T03:00:44.797Z,2026-08-12T03:45:52.499Z,2708,2026-08-12T03:45:52.499Z,STN,Staunton,72952692-3a45-4fdd-be32-4592206c2867,
202608120345496451,202608120259257419,202608120259257369,106,8059,Clinical Domain Bronze - SaveVACA - V10,brz_VAComprehensiveAssessment,TASK_COMPLETE,SUCCESS,INFO,8,8,0,,2026-08-12T03:00:44.797Z,2026-08-12T03:45:52.499Z,2708,2026-08-12T03:45:52.499Z,V10,Boulder,72952692-3a45-4fdd-be32-4592206c2867,
202608120345496452,202608120259257420,202608120259257369,106,8081,Clinical Domain Bronze - SaveVACASummary - B12B,brz_VAComprehensiveAssessmentSummary,TASK_COMPLETE,SUCCESS,INFO,1740,1740,0,,2026-08-12T03:00:44.797Z,2026-08-12T03:45:52.499Z,2708,2026-08-12T03:45:52.499Z,B12B,ColoradoSprings,72952692-3a45-4fdd-be32-4592206c2867,
202608120345496453,202608120259257421,202608120259257369,106,8098,Clinical Domain Bronze - SaveVACASummary - B41,brz_VAComprehensiveAssessmentSummary,TASK_COMPLETE,SUCCESS,INFO,336,336,0,,2026-08-12T03:00:44.797Z,2026-08-12T03:45:52.499Z,2708,2026-08-12T03:45:52.499Z,B41,Chesapeake,72952692-3a45-4fdd-be32-4592206c2867,
202608120911546225,202608120822452573,202608120822452528,106,7986,Clinical Domain Bronze - SaveVACA - B42B,brz_VAComprehensiveAssessment,TASK_COMPLETE,SUCCESS,INFO,3,3,0,,2026-08-12T08:25:12.254Z,2026-08-12T09:12:13.728Z,2821,2026-08-12T09:12:13.728Z,B42B,Franklin,577435af-c452-4617-9a3c-7d2b03361707,
202608120911546226,202608120822452574,202608120822452528,106,7987,Clinical Domain Bronze - SaveVACA - B42C,brz_VAComprehensiveAssessment,TASK_COMPLETE,SUCCESS,INFO,3,3,0,,2026-08-12T08:25:12.254Z,2026-08-12T09:12:13.728Z,2821,2026-08-12T09:12:13.728Z,B42C,GlenAllen,577435af-c452-4617-9a3c-7d2b03361707,
202608120911546227,202608120822452575,202608120822452528,106,7988,Clinical Domain Bronze - SaveVACA - B42D,brz_VAComprehensiveAssessment,TASK_COMPLETE,SUCCESS,INFO,3,3,0,,2026-08-12T08:25:12.254Z,2026-08-12T09:12:13.728Z,2821,2026-08-12T09:12:13.728Z,B42D,ChesapeakeSouth,577435af-c452-4617-9a3c-7d2b03361707,
202608120911546228,202608120822452576,202608120822452528,106,8010,Clinical Domain Bronze - SaveVACA - BOI,brz_VAComprehensiveAssessment,TASK_COMPLETE,SUCCESS,INFO,3,3,0,,2026-08-12T08:25:12.254Z,2026-08-12T09:12:13.728Z,2821,2026-08-12T09:12:13.728Z,BOI,Boise,577435af-c452-4617-9a3c-7d2b03361707,
202608120911546229,202608120822452577,202608120822452528,106,8050,Clinical Domain Bronze - SaveVACA - STN,brz_VAComprehensiveAssessment,TASK_COMPLETE,SUCCESS,INFO,1,1,0,,2026-08-12T08:25:12.254Z,2026-08-12T09:12:13.728Z,2821,2026-08-12T09:12:13.728Z,STN,Staunton,577435af-c452-4617-9a3c-7d2b03361707,
202608120911546230,202608120822452578,202608120822452528,106,8059,Clinical Domain Bronze - SaveVACA - V10,brz_VAComprehensiveAssessment,TASK_COMPLETE,SUCCESS,INFO,3,3,0,,2026-08-12T08:25:12.254Z,2026-08-12T09:12:13.728Z,2821,2026-08-12T09:12:13.728Z,V10,Boulder,577435af-c452-4617-9a3c-7d2b03361707,
202608120911546231,202608120822452579,202608120822452528,106,8081,Clinical Domain Bronze - SaveVACASummary - B12B,brz_VAComprehensiveAssessmentSummary,TASK_COMPLETE,SUCCESS,INFO,1740,1740,0,,2026-08-12T08:25:12.254Z,2026-08-12T09:12:13.728Z,2821,2026-08-12T09:12:13.728Z,B12B,ColoradoSprings,577435af-c452-4617-9a3c-7d2b03361707,
202608120911546233,202608120822452580,202608120822452528,106,8098,Clinical Domain Bronze - SaveVACASummary - B41,brz_VAComprehensiveAssessmentSummary,TASK_COMPLETE,SUCCESS,INFO,336,336,0,,2026-08-12T08:25:12.254Z,2026-08-12T09:12:13.728Z,2821,2026-08-12T09:12:13.728Z,B41,Chesapeake,577435af-c452-4617-9a3c-7d2b03361707,
202608141514042269,202608141439260351,202608141439260325,123,13521,Assessments Bronze - SaveAdmissionAssessmentsSubstanceUseHistory - B12B,br_Admissionassessmentsubstanceusehistory,TASK_COMPLETE,SUCCESS,INFO,0,0,0,,2026-08-14T14:40:07.233Z,2026-08-14T15:14:33.646Z,2066,2026-08-14T15:14:33.646Z,B12B,ColoradoSprings,58f20748-15b7-4a11-966c-9510b56c5310,
202608141514042270,202608141439260352,202608141439260325,123,13522,Assessments Bronze - SaveAdmissionAssessmentsSubstanceUseHistory - B24,br_Admissionassessmentsubstanceusehistory,TASK_COMPLETE,SUCCESS,INFO,0,0,0,,2026-08-14T14:40:07.233Z,2026-08-14T15:14:33.646Z,2066,2026-08-14T15:14:33.646Z,B24,Paintsville,58f20748-15b7-4a11-966c-9510b56c5310,
202608100744066237,202608100744066237,20260810035611,4,29,8x8 Queue Summary API,br_8x8_HistoricalCCQueueSummary,TASK_FAILED,FAILED,ERROR,0,0,0,400 Client Error: Bad Request for url: https://api.8x8.com/analytics/cc/v6/historical-metrics/,2026-08-10T07:44:10.793Z,2026-08-10T07:44:48.676Z,35,2026-08-10T07:44:48.676Z,,,16a75514-afc2-4aaf-9331-e34f7fb9f5b5,
202608100401101999,202608100401101998,20260810035611,4,29,8x8 Queue Summary API,br_8x8_HistoricalCCQueueSummary,TASK_FAILED,FAILED,ERROR,0,0,0,400 Client Error: Bad Request for url: https://api.8x8.com/analytics/cc/v6/historical-metrics/,2026-08-10T04:01:19.364Z,2026-08-10T04:01:51.826Z,31,2026-08-10T04:01:51.826Z,,,0c0b5e48-d053-4755-97ee-27a6c27d227e,
202608211508154520,202608211456286369,202608211456286305,76,144451,PPA Bronze,br_SF_PatientPreAdmission,TASK_COMPLETE,SUCCESS,INFO,1996,1996,0,,2026-08-21T14:56:32.229Z,2026-08-21T15:08:19.094Z,707,2026-08-21T15:08:19.094Z,FS,FortSmith,0c589208-2221-4d68-8178-9fb813ab6d11,SAMMS-FortSmith
202608211508154521,202608211456286370,202608211456286305,76,144452,PPA Bronze,br_SF_PatientPreAdmission,TASK_COMPLETE,SUCCESS,INFO,9103,9103,0,,2026-08-21T14:56:32.229Z,2026-08-21T15:08:19.094Z,707,2026-08-21T15:08:19.094Z,FW,FortWayne,0c589208-2221-4d68-8178-9fb813ab6d11,SAMMS-FortWayne
202608211508154522,202608211456286371,202608211456286305,76,144453,PPA Bronze,br_SF_PatientPreAdmission,TASK_COMPLETE,SUCCESS,INFO,3691,3691,0,,2026-08-21T14:56:32.229Z,2026-08-21T15:08:19.094Z,707,2026-08-21T15:08:19.094Z,GAL,Gaylord,0c589208-2221-4d68-8178-9fb813ab6d11,SAMMS-Gaylord
202608211508154523,202608211456286372,202608211456286305,76,144455,PPA Bronze,br_SF_PatientPreAdmission,TASK_COMPLETE,SUCCESS,INFO,8388,8388,0,,2026-08-21T14:56:32.229Z,2026-08-21T15:08:19.094Z,707,2026-08-21T15:08:19.094Z,HGT,Hagerstown,0c589208-2221-4d68-8178-9fb813ab6d11,SAMMS-Hagerstown
202608211508154525,202608211456286373,202608211456286305,76,144456,PPA Bronze,br_SF_PatientPreAdmission,TASK_COMPLETE,SUCCESS,INFO,6257,6257,0,,2026-08-21T14:56:32.229Z,2026-08-21T15:08:19.094Z,707,2026-08-21T15:08:19.094Z,HNT,Huntsville,0c589208-2221-4d68-8178-9fb813ab6d11,SAMMS-Huntsville
202608211508154526,202608211456286374,202608211456286305,76,144457,PPA Bronze,br_SF_PatientPreAdmission,TASK_COMPLETE,SUCCESS,INFO,2273,2273,0,,2026-08-21T14:56:32.229Z,2026-08-21T15:08:19.094Z,707,2026-08-21T15:08:19.094Z,HS,HotSprings,0c589208-2221-4d68-8178-9fb813ab6d11,SAMMS-HotSprings
202608211508154527,202608211456286375,202608211456286305,76,144458,PPA Bronze,br_SF_PatientPreAdmission,TASK_COMPLETE,SUCCESS,INFO,1414,1414,0,,2026-08-21T14:56:32.229Z,2026-08-21T15:08:19.094Z,707,2026-08-21T15:08:19.094Z,JON,Jonesboro,0c589208-2221-4d68-8178-9fb813ab6d11,SAMMS-Jonesboro
202608191135063925,202608191104147949,202608191104147942,106,7046,Clinical Domain Bronze - SaveBamScore - B12B,br_BAMScore,TASK_COMPLETE,SUCCESS,INFO,6609,6609,0,,2026-08-19T11:06:34.343Z,2026-08-19T11:35:09.134Z,1715,2026-08-19T11:35:09.134Z,B12B,ColoradoSprings,8c2f72fa-f3d3-4c31-9e7b-e1d36d508d72,SAMMS-ColoradoSpringsV5
202608191135063927,202608191104147950,202608191104147942,106,7090,Clinical Domain Bronze - SaveBamScore - BOI,br_BAMScore,TASK_COMPLETE,SUCCESS,INFO,3654,3654,0,,2026-08-19T11:06:34.343Z,2026-08-19T11:35:09.134Z,1715,2026-08-19T11:35:09.134Z,BOI,Boise,8c2f72fa-f3d3-4c31-9e7b-e1d36d508d72,SAMMS-Boise
202608191135063928,202608191104147951,202608191104147942,106,7139,Clinical Domain Bronze - SaveBamScore - V10,br_BAMScore,TASK_COMPLETE,SUCCESS,INFO,9816,9816,0,,2026-08-19T11:06:34.343Z,2026-08-19T11:35:09.134Z,1715,2026-08-19T11:35:09.134Z,V10,Boulder,8c2f72fa-f3d3-4c31-9e7b-e1d36d508d72,SAMMS-BoulderV5
202608190529250929,202608190459200351,202608190459200344,106,7046,Clinical Domain Bronze - SaveBamScore - B12B,br_BAMScore,TASK_COMPLETE,SUCCESS,INFO,6606,6606,0,,2026-08-19T05:01:28.469Z,2026-08-19T05:31:20.650Z,1792,2026-08-19T05:31:20.650Z,B12B,ColoradoSprings,05916e11-44cf-456b-ac26-991e7ff5d7aa,SAMMS-ColoradoSpringsV5
202608190529250930,202608190459200352,202608190459200344,106,7090,Clinical Domain Bronze - SaveBamScore - BOI,br_BAMScore,TASK_COMPLETE,SUCCESS,INFO,3654,3654,0,,2026-08-19T05:01:28.469Z,2026-08-19T05:31:20.650Z,1792,2026-08-19T05:31:20.650Z,BOI,Boise,05916e11-44cf-456b-ac26-991e7ff5d7aa,SAMMS-Boise
202608190529250931,202608190459200353,202608190459200344,106,7139,Clinical Domain Bronze - SaveBamScore - V10,br_BAMScore,TASK_COMPLETE,SUCCESS,INFO,9816,9816,0,,2026-08-19T05:01:28.469Z,2026-08-19T05:31:20.650Z,1792,2026-08-19T05:31:20.650Z,V10,Boulder,05916e11-44cf-456b-ac26-991e7ff5d7aa,SAMMS-BoulderV5
202608201034573070,202608201013530457,202608201013530447,46,8938,P1 Finance VW 3P Bill Sub Bronze - B12B,br_samms_vw3p_bill_sub,TASK_COMPLETE,SUCCESS,INFO,1207,1207,0,,2026-08-20T10:13:57.622Z,2026-08-20T10:39:20.764Z,1523,2026-08-20T10:39:20.764Z,B12B,ColoradoSprings,069e8d01-766c-4679-b3df-c21f4d7bc3d1,SAMMS-ColoradoSpringsV5
202608221113176875,202608221042113114,202608221042112981,85,427,Bronze INV,br_AdmissionAssessmentDimensionFiveSubstanceUse,TASK_COMPLETE,SUCCESS,INFO,711,711,0,,2026-08-22T10:42:14.039Z,2026-08-22T11:16:52.295Z,2078,2026-08-22T11:16:52.295Z,B35,Lexington,28d7acf5-bc26-4be3-b390-775b9af3d980,SAMMS-LexingtonV5
202608221113176876,202608221042113115,202608221042112981,85,441,Bronze INV,br_AdmissionAssessmentDimensionFiveSubstanceUse,TASK_COMPLETE,SUCCESS,INFO,654,654,0,,2026-08-22T10:42:14.039Z,2026-08-22T11:16:52.295Z,2078,2026-08-22T11:16:52.295Z,B46,Washington DC,28d7acf5-bc26-4be3-b390-775b9af3d980,SAMMS-WashingtonDCv5
202608221113176877,202608221042113116,202608221042112981,85,442,Bronze INV,br_AdmissionAssessmentDimensionFiveSubstanceUse,TASK_COMPLETE,SUCCESS,INFO,348,348,0,,2026-08-22T10:42:14.039Z,2026-08-22T11:16:52.295Z,2078,2026-08-22T11:16:52.295Z,B47,Mobile,28d7acf5-bc26-4be3-b390-775b9af3d980,SAMMS-MobileV5
202608211508154528,202608211456286376,202608211456286305,76,144459,PPA Bronze,br_SF_PatientPreAdmission,TASK_COMPLETE,SUCCESS,INFO,3427,3427,0,,2026-08-21T14:56:32.229Z,2026-08-21T15:08:19.094Z,707,2026-08-21T15:08:19.094Z,LAN,Lansing,0c589208-2221-4d68-8178-9fb813ab6d11,SAMMS-Lansing
202608211508154529,202608211456286377,202608211456286305,76,144460,PPA Bronze,br_SF_PatientPreAdmission,TASK_COMPLETE,SUCCESS,INFO,13776,13776,0,,2026-08-21T14:56:32.229Z,2026-08-21T15:08:19.094Z,707,2026-08-21T15:08:19.094Z,LO,Louisville,0c589208-2221-4d68-8178-9fb813ab6d11,SAMMS-Louisville
202608211508154530,202608211456286378,202608211456286305,76,144461,PPA Bronze,br_SF_PatientPreAdmission,TASK_COMPLETE,SUCCESS,INFO,6501,6501,0,,2026-08-21T14:56:32.229Z,2026-08-21T15:08:19.094Z,707,2026-08-21T15:08:19.094Z,LV1,Cheyenne,0c589208-2221-4d68-8178-9fb813ab6d11,SAMMS-Cheyenne
202608211508154531,202608211456286379,202608211456286305,76,144462,PPA Bronze,br_SF_PatientPreAdmission,TASK_COMPLETE,SUCCESS,INFO,6541,6541,0,,2026-08-21T14:56:32.229Z,2026-08-21T15:08:19.094Z,707,2026-08-21T15:08:19.094Z,LV2,DesertInn,0c589208-2221-4d68-8178-9fb813ab6d11,SAMMS-DesertInn
202608211508154532,202608211456286380,202608211456286305,76,144463,PPA Bronze,br_SF_PatientPreAdmission,TASK_COMPLETE,SUCCESS,INFO,2701,2701,0,,2026-08-21T14:56:32.229Z,2026-08-21T15:08:19.094Z,707,2026-08-21T15:08:19.094Z,LV3,McDaniel,0c589208-2221-4d68-8178-9fb813ab6d11,SAMMS-McDaniel
202608211508154533,202608211456286381,202608211456286305,76,144464,PPA Bronze,br_SF_PatientPreAdmission,TASK_COMPLETE,SUCCESS,INFO,4338,4338,0,,2026-08-21T14:56:32.229Z,2026-08-21T15:08:19.094Z,707,2026-08-21T15:08:19.094Z,MNRE,Monroe,0c589208-2221-4d68-8178-9fb813ab6d11,SAMMS-Monroe
202608211508154534,202608211456286382,202608211456286305,76,144465,PPA Bronze,br_SF_PatientPreAdmission,TASK_COMPLETE,SUCCESS,INFO,6087,6087,0,,2026-08-21T14:56:32.229Z,2026-08-21T15:08:19.094Z,707,2026-08-21T15:08:19.094Z,MP,MtPleasant,0c589208-2221-4d68-8178-9fb813ab6d11,SAMMS-MtPleasant
202608211508154543,202608211456286390,202608211456286305,76,144473,PPA Bronze,br_SF_PatientPreAdmission,TASK_COMPLETE,SUCCESS,INFO,7544,7544,0,,2026-08-21T14:56:32.229Z,2026-08-21T15:08:19.094Z,707,2026-08-21T15:08:19.094Z,SHP,Shreveport,0c589208-2221-4d68-8178-9fb813ab6d11,SAMMS-Shreveport
202608211508154544,202608211456286391,202608211456286305,76,144474,PPA Bronze,br_SF_PatientPreAdmission,TASK_COMPLETE,SUCCESS,INFO,4645,4645,0,,2026-08-21T14:56:32.229Z,2026-08-21T15:08:19.094Z,707,2026-08-21T15:08:19.094Z,STN,Staunton,0c589208-2221-4d68-8178-9fb813ab6d11,SAMMS-Staunton
202608211508154545,202608211456286392,202608211456286305,76,144475,PPA Bronze,br_SF_PatientPreAdmission,TASK_COMPLETE,SUCCESS,INFO,1129,1129,0,,2026-08-21T14:56:32.229Z,2026-08-21T15:08:19.094Z,707,2026-08-21T15:08:19.094Z,STVN,Stevenson,0c589208-2221-4d68-8178-9fb813ab6d11,SAMMS-Stevenson
202608211508154546,202608211456286393,202608211456286305,76,144476,PPA Bronze,br_SF_PatientPreAdmission,TASK_COMPLETE,SUCCESS,INFO,0,0,0,,2026-08-21T14:56:32.229Z,2026-08-21T15:08:19.094Z,707,2026-08-21T15:08:19.094Z,TE,Tempe,0c589208-2221-4d68-8178-9fb813ab6d11,SAMMS-Tempe
202608211508154548,202608211456286394,202608211456286305,76,144477,PPA Bronze,br_SF_PatientPreAdmission,TASK_COMPLETE,SUCCESS,INFO,2373,2373,0,,2026-08-21T14:56:32.229Z,2026-08-21T15:08:19.094Z,707,2026-08-21T15:08:19.094Z,TEX,Texarkana,0c589208-2221-4d68-8178-9fb813ab6d11,SAMMS-Texarkana
202608211508154549,202608211456286395,202608211456286305,76,144478,PPA Bronze,br_SF_PatientPreAdmission,TASK_COMPLETE,SUCCESS,INFO,5494,5494,0,,2026-08-21T14:56:32.229Z,2026-08-21T15:08:19.094Z,707,2026-08-21T15:08:19.094Z,TTCA,Bessemer,0c589208-2221-4d68-8178-9fb813ab6d11,SAMMS-BessemerV5
202608211508154550,202608211456286396,202608211456286305,76,144479,PPA Bronze,br_SF_PatientPreAdmission,TASK_COMPLETE,SUCCESS,INFO,6460,6460,0,,2026-08-21T14:56:32.229Z,2026-08-21T15:08:19.094Z,707,2026-08-21T15:08:19.094Z,TTCB,Cullman,0c589208-2221-4d68-8178-9fb813ab6d11,SAMMS-CullmanV5
202608221113177735,202608221042113167,202608221042112981,85,3455,Bronze INV,br_ReAssessmentLegal,TASK_COMPLETE,SUCCESS,INFO,3202,3202,0,,2026-08-22T10:42:14.039Z,2026-08-22T11:16:52.295Z,2078,2026-08-22T11:16:52.295Z,DRD-NOLA,NOLA,28d7acf5-bc26-4be3-b390-775b9af3d980,SAMMS-NOLAv5
202608221113177736,202608221042113168,202608221042112981,85,3463,Bronze INV,br_ReAssessmentLegal,TASK_COMPLETE,SUCCESS,INFO,466,466,0,,2026-08-22T10:42:14.039Z,2026-08-22T11:16:52.295Z,2078,2026-08-22T11:16:52.295Z,FW,Fort Wayne,28d7acf5-bc26-4be3-b390-775b9af3d980,SAMMS-FortWayne
202608221113177737,202608221042113169,202608221042112981,85,3474,Bronze INV,br_ReAssessmentLegal,TASK_COMPLETE,SUCCESS,INFO,1286,1286,0,,2026-08-22T10:42:14.039Z,2026-08-22T11:16:52.295Z,2078,2026-08-22T11:16:52.295Z,LO,Louisville,28d7acf5-bc26-4be3-b390-775b9af3d980,SAMMS-Louisville
202608221113177739,202608221042113170,202608221042112981,85,3533,Bronze INV,br_ReAssessmentLegal,TASK_COMPLETE,SUCCESS,INFO,1953,1953,0,,2026-08-22T10:42:14.039Z,2026-08-22T11:16:52.295Z,2078,2026-08-22T11:16:52.295Z,VBRP,Brooklyn Park,28d7acf5-bc26-4be3-b390-775b9af3d980,SAMMS-BrooklynParkV6
202608221113177740,202608221042113171,202608221042112981,85,3536,Bronze INV,br_ReAssessmentLegal,TASK_COMPLETE,SUCCESS,INFO,881,881,0,,2026-08-22T10:42:14.039Z,2026-08-22T11:16:52.295Z,2078,2026-08-22T11:16:52.295Z,VWBY,Woodbury,28d7acf5-bc26-4be3-b390-775b9af3d980,SAMMS-WoodburyV6
202608221113177841,202608221042212992,202608221042212981,86,5730,Silver INV,sl_ReAssessmentLegal,TASK_COMPLETE,SUCCESS,INFO,11528,11528,0,,2026-08-22T10:42:14.039Z,2026-08-22T11:16:52.295Z,2078,2026-08-22T11:16:52.295Z,,,28d7acf5-bc26-4be3-b390-775b9af3d980,
202608200302505014,202608200240673864,202608200240673824,46,9766,P1 Finance Claims Bronze - B25,br_samms_claims,TASK_COMPLETE,SUCCESS,INFO,102040,102040,0,,2026-08-20T02:41:23.064Z,2026-08-20T03:02:53.458Z,1290,2026-08-20T03:02:53.458Z,B25,Pikeville,05c5c70e-2926-4311-8f49-65b9279948a3,SAMMS-PikevilleV5
202608200302505015,202608200240673865,202608200240673824,46,9881,P1 Finance Payer Client Bronze - AHK,br_samms_payer_client,TASK_COMPLETE,SUCCESS,INFO,196,196,0,,2026-08-20T02:41:23.064Z,2026-08-20T03:02:53.458Z,1290,2026-08-20T03:02:53.458Z,AHK,Ahoskie,05c5c70e-2926-4311-8f49-65b9279948a3,SAMMS-Ahoskie
202608200302505016,202608200240673866,202608200240673824,46,9882,P1 Finance Payer Client Bronze - B12B,br_samms_payer_client,TASK_COMPLETE,SUCCESS,INFO,1470,1470,0,,2026-08-20T02:41:23.064Z,2026-08-20T03:02:53.458Z,1290,2026-08-20T03:02:53.458Z,B12B,ColoradoSprings,05c5c70e-2926-4311-8f49-65b9279948a3,SAMMS-ColoradoSpringsV5
202608201034573076,202608201013530453,202608201013530447,46,8820,P1 Finance PBI 3 Pay Auth Bronze - B12B,br_samms_pbi3_pay_auth,TASK_COMPLETE,SUCCESS,INFO,131,131,0,,2026-08-20T10:13:57.622Z,2026-08-20T10:39:20.764Z,1523,2026-08-20T10:39:20.764Z,B12B,ColoradoSprings,069e8d01-766c-4679-b3df-c21f4d7bc3d1,SAMMS-ColoradoSpringsV5
202608261139002010,202608261050367371,202608261050367363,18,51008,Orders Bronze SaveOrders - B29,br_Orders,TASK_COMPLETE,SUCCESS,INFO,0,0,0,,2026-08-26T10:51:23.872Z,2026-08-26T11:39:03.779Z,2860,2026-08-26T11:39:03.779Z,B29,PoplarBluff,9f27ea6d-77e8-424b-b461-0bad838d803f,SAMMS-PoplarBluffV5
202608261139002011,202608261050367372,202608261050367363,18,51009,Orders Bronze SaveOrders - B30,br_Orders,TASK_COMPLETE,SUCCESS,INFO,0,0,0,,2026-08-26T10:51:23.872Z,2026-08-26T11:39:03.779Z,2860,2026-08-26T11:39:03.779Z,B30,KCN,9f27ea6d-77e8-424b-b461-0bad838d803f,SAMMS-KCNv5
202608261139002012,202608261050367373,202608261050367363,18,51010,Orders Bronze SaveOrders - B31,br_Orders,TASK_COMPLETE,SUCCESS,INFO,0,0,0,,2026-08-26T10:51:23.872Z,2026-08-26T11:39:03.779Z,2860,2026-08-26T11:39:03.779Z,B31,Dyersburg,9f27ea6d-77e8-424b-b461-0bad838d803f,SAMMS-DyersburgV5
202608261139002013,202608261050367374,202608261050367363,18,51011,Orders Bronze SaveOrders - B33,br_Orders,TASK_COMPLETE,SUCCESS,INFO,0,0,0,,2026-08-26T10:51:23.872Z,2026-08-26T11:39:03.779Z,2860,2026-08-26T11:39:03.779Z,B33,Paducah,9f27ea6d-77e8-424b-b461-0bad838d803f,SAMMS-Paducah
202608261139002015,202608261050367375,202608261050367363,18,51012,Orders Bronze SaveOrders - B34,br_Orders,TASK_COMPLETE,SUCCESS,INFO,0,0,0,,2026-08-26T10:51:23.872Z,2026-08-26T11:39:03.779Z,2860,2026-08-26T11:39:03.779Z,B34,Corbin,9f27ea6d-77e8-424b-b461-0bad838d803f,SAMMS-CorbinV5
202608261139002016,202608261050367376,202608261050367363,18,51013,Orders Bronze SaveOrders - B35,br_Orders,TASK_COMPLETE,SUCCESS,INFO,0,0,0,,2026-08-26T10:51:23.872Z,2026-08-26T11:39:03.779Z,2860,2026-08-26T11:39:03.779Z,B35,Lexington,9f27ea6d-77e8-424b-b461-0bad838d803f,SAMMS-LexingtonV5
202608261139002017,202608261050367377,202608261050367363,18,51014,Orders Bronze SaveOrders - B35A,br_Orders,TASK_COMPLETE,SUCCESS,INFO,0,0,0,,2026-08-26T10:51:23.872Z,2026-08-26T11:39:03.779Z,2860,2026-08-26T11:39:03.779Z,B35A,Berea,9f27ea6d-77e8-424b-b461-0bad838d803f,SAMMS-BereaV5
202608190537301098,202608190459300356,202608190459300344,107,8566,Clinical Domain Silver - SaveVACASummary,sl_vacomprehensiveassessmentsummary,TASK_COMPLETE,SUCCESS,INFO,1673,1673,0,,2026-08-19T05:01:28.469Z,2026-08-19T05:37:32.342Z,2164,2026-08-19T05:37:32.342Z,Global,SAMMSGLOBAL,05916e11-44cf-456b-ac26-991e7ff5d7aa,SAMMSGLOBAL
202608190537301095,202608190459300354,202608190459300344,107,8564,Clinical Domain Silver - SaveMNCALOC,sl_mncomprehensiveassessmentlevelofcare,TASK_COMPLETE,SUCCESS,INFO,1063,1063,0,,2026-08-19T05:01:28.469Z,2026-08-19T05:37:32.342Z,2164,2026-08-19T05:37:32.342Z,Global,SAMMSGLOBAL,05916e11-44cf-456b-ac26-991e7ff5d7aa,SAMMSGLOBAL
202608251539280411,202608251517589129,202608251517589120,46,9645,P1 Finance Claim Line Item Activity Bronze - AHK,br_samms_claim_line_item_activity,TASK_COMPLETE,SUCCESS,INFO,22677,22677,0,,2026-08-25T15:18:05.141Z,2026-08-25T15:39:31.442Z,1286,2026-08-25T15:39:31.442Z,AHK,Ahoskie,04d587cb-fd28-4f28-a572-c158aa92fa98,SAMMS-Ahoskie
202608242048534091,202608242042110708,202608242042110704,76,144414,PPA Bronze,br_SF_PatientPreAdmission,TASK_COMPLETE,SUCCESS,INFO,13067,13067,0,,2026-08-24T20:42:15.925Z,2026-08-24T20:48:56.393Z,401,2026-08-24T20:48:56.393Z,B46,WashingtonDC,3493ae40-96b6-4051-9666-1f519a793994,SAMMS-WashingtonDCv5
202608242048534093,202608242042110709,202608242042110704,76,144415,PPA Bronze,br_SF_PatientPreAdmission,TASK_COMPLETE,SUCCESS,INFO,10247,10247,0,,2026-08-24T20:42:15.925Z,2026-08-24T20:48:56.393Z,401,2026-08-24T20:48:56.393Z,B47,Mobile,3493ae40-96b6-4051-9666-1f519a793994,SAMMS-MobileV5
202608251731205966,202608251712611184,202608251712611180,88,5007,P1 Reference Services Bronze - AHK,br_samms_services,TASK_COMPLETE,SUCCESS,INFO,238,238,0,,2026-08-25T17:13:33.765Z,2026-08-25T17:31:23.946Z,1070,2026-08-25T17:31:23.946Z,AHK,Ahoskie,72553dbc-d702-4eda-a5d0-9ceb643e22ea,SAMMS-Ahoskie
202608251649114416,202608251629636811,202608251629636804,88,5007,P1 Reference Services Bronze - AHK,br_samms_services,TASK_COMPLETE,SUCCESS,INFO,238,238,0,,2026-08-25T16:30:10.484Z,2026-08-25T16:49:14.632Z,1144,2026-08-25T16:49:14.632Z,AHK,Ahoskie,6d78ce37-8c21-4519-a454-1e5ee4a84a47,SAMMS-Ahoskie
202608251449420167,202608251428352620,202608251428352600,46,9764,P1 Finance Claims Bronze - B12B,br_samms_claims,TASK_COMPLETE,SUCCESS,INFO,57981,57981,0,,2026-08-25T14:28:42.306Z,2026-08-25T14:49:46.373Z,1264,2026-08-25T14:49:46.373Z,B12B,ColoradoSprings,5e789551-b18e-4745-8526-2b8db3ceeb01,SAMMS-ColoradoSpringsV5
202608251449420169,202608251428352621,202608251428352600,46,9881,P1 Finance Payer Client Bronze - AHK,br_samms_payer_client,TASK_COMPLETE,SUCCESS,INFO,194,194,0,,2026-08-25T14:28:42.306Z,2026-08-25T14:49:46.373Z,1264,2026-08-25T14:49:46.373Z,AHK,Ahoskie,5e789551-b18e-4745-8526-2b8db3ceeb01,SAMMS-Ahoskie
202608251449420145,202608251428352602,202608251428352600,46,8702,P1 Finance Bills Bronze - B12B,br_samms_bills,TASK_COMPLETE,SUCCESS,INFO,3871,3871,0,,2026-08-25T14:28:42.306Z,2026-08-25T14:49:46.373Z,1264,2026-08-25T14:49:46.373Z,B12B,ColoradoSprings,5e789551-b18e-4745-8526-2b8db3ceeb01,SAMMS-ColoradoSpringsV5
202608251449420146,202608251428352603,202608251428352600,46,8819,P1 Finance PBI 3 Pay Auth Bronze - AHK,br_samms_pbi3_pay_auth,TASK_COMPLETE,SUCCESS,INFO,62,62,0,,2026-08-25T14:28:42.306Z,2026-08-25T14:49:46.373Z,1264,2026-08-25T14:49:46.373Z,AHK,Ahoskie,5e789551-b18e-4745-8526-2b8db3ceeb01,SAMMS-Ahoskie
202608201143036326,202608201143036326,202608201140451356,84,13676,Gold Salesforce PatientContacts,PatientContacts,TASK_DEPENDENCY_BLOCKED,DEPENDENCY_BLOCKED,WARN,0,0,0,"Dependency Failed : 220 (checked: 220,218,216)",2026-08-20T11:43:10.599Z,2026-08-20T11:43:10.599Z,0,2026-08-20T11:43:10.599Z,,,79156e84-8509-4e63-a064-b4b0873a2a40,
202608250702509569,202608250702509570,20260825070250,128,13682,Gold Overdue Courses,pay.LearningReports_Overdue,TASK_SKIPPED,SKIPPED,INFO,0,0,0,TaskConfig count is ZERO (IsActive=0) for ConfigId 128. Activity skipped.,2026-08-25T07:02:50.956Z,2026-08-25T07:02:50.956Z,0,2026-08-25T07:02:50.956Z,,,97633bcb-2c8a-4162-acd4-71253157a7a4,
202608211508154535,202608211456286383,202608211456286305,76,144466,PPA Bronze,br_SF_PatientPreAdmission,TASK_COMPLETE,SUCCESS,INFO,2995,2995,0,,2026-08-21T14:56:32.229Z,2026-08-21T15:08:19.094Z,707,2026-08-21T15:08:19.094Z,MRD,Meridian,0c589208-2221-4d68-8178-9fb813ab6d11,SAMMS-Meridian
202608211508154536,202608211456286384,202608211456286305,76,144467,PPA Bronze,br_SF_PatientPreAdmission,TASK_COMPLETE,SUCCESS,INFO,5171,5171,0,,2026-08-21T14:56:32.229Z,2026-08-21T15:08:19.094Z,707,2026-08-21T15:08:19.094Z,NC,NorthCharleston,0c589208-2221-4d68-8178-9fb813ab6d11,SAMMS-NorthCharleston
202608211508154538,202608211456286385,202608211456286305,76,144468,PPA Bronze,br_SF_PatientPreAdmission,TASK_COMPLETE,SUCCESS,INFO,3413,3413,0,,2026-08-21T14:56:32.229Z,2026-08-21T15:08:19.094Z,707,2026-08-21T15:08:19.094Z,NLR,NLROBOT,0c589208-2221-4d68-8178-9fb813ab6d11,SAMMS-NLROBOT
202608211508154539,202608211456286386,202608211456286305,76,144469,PPA Bronze,br_SF_PatientPreAdmission,TASK_COMPLETE,SUCCESS,INFO,5,5,0,,2026-08-21T14:56:32.229Z,2026-08-21T15:08:19.094Z,707,2026-08-21T15:08:19.094Z,PH,Phoenix,0c589208-2221-4d68-8178-9fb813ab6d11,SAMMS-Phoenix
202608211508154540,202608211456286387,202608211456286305,76,144470,PPA Bronze,br_SF_PatientPreAdmission,TASK_COMPLETE,SUCCESS,INFO,3961,3961,0,,2026-08-21T14:56:32.229Z,2026-08-21T15:08:19.094Z,707,2026-08-21T15:08:19.094Z,RE,Reno,0c589208-2221-4d68-8178-9fb813ab6d11,SAMMS-Reno
202608211508154541,202608211456286388,202608211456286305,76,144471,PPA Bronze,br_SF_PatientPreAdmission,TASK_COMPLETE,SUCCESS,INFO,8666,8666,0,,2026-08-21T14:56:32.229Z,2026-08-21T15:08:19.094Z,707,2026-08-21T15:08:19.094Z,RMD,Richmond,0c589208-2221-4d68-8178-9fb813ab6d11,SAMMS-Richmond
202608211508154542,202608211456286389,202608211456286305,76,144472,PPA Bronze,br_SF_PatientPreAdmission,TASK_COMPLETE,SUCCESS,INFO,4306,4306,0,,2026-08-21T14:56:32.229Z,2026-08-21T15:08:19.094Z,707,2026-08-21T15:08:19.094Z,SFN,SFN,0c589208-2221-4d68-8178-9fb813ab6d11,SAMMS-SFNv5
202608250403056852,202608250343360397,202608250343360390,118,10907,Bronze P1/P2 Assessments,br_NewPeriodicReassessmentCounselorReview,TASK_COMPLETE,SUCCESS,INFO,323,323,0,,2026-08-25T03:43:39.643Z,2026-08-25T04:03:08.743Z,1169,2026-08-25T04:03:08.743Z,B24,Paintsville,8c969a39-95ec-4087-9ad3-4a9580887e34,SAMMS-PaintsvilleV5
202608102139177390,202608102103362598,202608102103362513,31,94085,FormAnswerSignatures Bronze - SHP,br_tblFormAnswerSig,TASK_COMPLETE,SUCCESS,INFO,21373,21373,0,,2026-08-10T21:04:36.348Z,2026-08-10T21:39:44.219Z,2108,2026-08-10T21:39:44.219Z,SHP,Shreveport,0e7e4594-5e6f-405f-a303-69a6f189ed20,
202608102139177392,202608102103362599,202608102103362513,31,94086,FormAnswerSignatures Bronze - STN,br_tblFormAnswerSig,TASK_COMPLETE,SUCCESS,INFO,11124,11124,0,,2026-08-10T21:04:36.348Z,2026-08-10T21:39:44.219Z,2108,2026-08-10T21:39:44.219Z,STN,Staunton,0e7e4594-5e6f-405f-a303-69a6f189ed20,
202608102139177393,202608102103362600,202608102103362513,31,94087,FormAnswerSignatures Bronze - STVN,br_tblFormAnswerSig,TASK_COMPLETE,SUCCESS,INFO,3313,3313,0,,2026-08-10T21:04:36.348Z,2026-08-10T21:39:44.219Z,2108,2026-08-10T21:39:44.219Z,STVN,Stevenson,0e7e4594-5e6f-405f-a303-69a6f189ed20,
202608102139177394,202608102103362601,202608102103362513,31,94088,FormAnswerSignatures Bronze - TE,br_tblFormAnswerSig,TASK_COMPLETE,SUCCESS,INFO,3936,3936,0,,2026-08-10T21:04:36.348Z,2026-08-10T21:39:44.219Z,2108,2026-08-10T21:39:44.219Z,TE,Tempe,0e7e4594-5e6f-405f-a303-69a6f189ed20,
202608102139177395,202608102103362602,202608102103362513,31,94089,FormAnswerSignatures Bronze - TEX,br_tblFormAnswerSig,TASK_COMPLETE,SUCCESS,INFO,3644,3644,0,,2026-08-10T21:04:36.348Z,2026-08-10T21:39:44.219Z,2108,2026-08-10T21:39:44.219Z,TEX,Texarkana,0e7e4594-5e6f-405f-a303-69a6f189ed20,
202608102139177396,202608102103362603,202608102103362513,31,94090,FormAnswerSignatures Bronze - TTCA,br_tblFormAnswerSig,TASK_COMPLETE,SUCCESS,INFO,19034,19034,0,,2026-08-10T21:04:36.348Z,2026-08-10T21:39:44.219Z,2108,2026-08-10T21:39:44.219Z,TTCA,Bessemer,0e7e4594-5e6f-405f-a303-69a6f189ed20,
202608102139177397,202608102103362604,202608102103362513,31,94091,FormAnswerSignatures Bronze - TTCB,br_tblFormAnswerSig,TASK_COMPLETE,SUCCESS,INFO,19682,19682,0,,2026-08-10T21:04:36.348Z,2026-08-10T21:39:44.219Z,2108,2026-08-10T21:39:44.219Z,TTCB,Cullman,0e7e4594-5e6f-405f-a303-69a6f189ed20,
202608130409166809,202608130315200039,202608130315200005,106,8010,Clinical Domain Bronze - SaveVACA - BOI,brz_VAComprehensiveAssessment,TASK_COMPLETE,SUCCESS,INFO,3,3,0,,2026-08-13T03:16:19.557Z,2026-08-13T04:09:23.310Z,3184,2026-08-13T04:09:23.310Z,BOI,Boise,11ed6329-841a-4e7a-bfb1-61191c79c28e,
202608130409166810,202608130315200040,202608130315200005,106,8059,Clinical Domain Bronze - SaveVACA - V10,brz_VAComprehensiveAssessment,TASK_COMPLETE,SUCCESS,INFO,3,3,0,,2026-08-13T03:16:19.557Z,2026-08-13T04:09:23.310Z,3184,2026-08-13T04:09:23.310Z,V10,Boulder,11ed6329-841a-4e7a-bfb1-61191c79c28e,
202608130409166811,202608130315200041,202608130315200005,106,8081,Clinical Domain Bronze - SaveVACASummary - B12B,brz_VAComprehensiveAssessmentSummary,TASK_COMPLETE,SUCCESS,INFO,1725,1725,0,,2026-08-13T03:16:19.557Z,2026-08-13T04:09:23.310Z,3184,2026-08-13T04:09:23.310Z,B12B,ColoradoSprings,11ed6329-841a-4e7a-bfb1-61191c79c28e,
202608121042551956,202608121009360927,202608121009360893,106,8010,Clinical Domain Bronze - SaveVACA - BOI,brz_VAComprehensiveAssessment,TASK_COMPLETE,SUCCESS,INFO,3,3,0,,2026-08-12T10:11:56.792Z,2026-08-12T10:43:20.487Z,1884,2026-08-12T10:43:20.487Z,BOI,Boise,1325a4eb-aa02-4bc9-9fae-d06e40a0cece,
202608121042551957,202608121009360928,202608121009360893,106,8059,Clinical Domain Bronze - SaveVACA - V10,brz_VAComprehensiveAssessment,TASK_COMPLETE,SUCCESS,INFO,3,3,0,,2026-08-12T10:11:56.792Z,2026-08-12T10:43:20.487Z,1884,2026-08-12T10:43:20.487Z,V10,Boulder,1325a4eb-aa02-4bc9-9fae-d06e40a0cece,
202608121042551958,202608121009360929,202608121009360893,106,8081,Clinical Domain Bronze - SaveVACASummary - B12B,brz_VAComprehensiveAssessmentSummary,TASK_COMPLETE,SUCCESS,INFO,1725,1725,0,,2026-08-12T10:11:56.792Z,2026-08-12T10:43:20.487Z,1884,2026-08-12T10:43:20.487Z,B12B,ColoradoSprings,1325a4eb-aa02-4bc9-9fae-d06e40a0cece,
202608102323440906,202608102246290047,202608102246289962,31,94085,FormAnswerSignatures Bronze - SHP,br_tblFormAnswerSig,TASK_COMPLETE,SUCCESS,INFO,21373,21373,0,,2026-08-10T22:46:50.634Z,2026-08-10T23:23:47.420Z,2217,2026-08-10T23:23:47.420Z,SHP,Shreveport,577185a2-f5a0-4625-b776-012683caf0bc,
202608102323440907,202608102246290048,202608102246289962,31,94086,FormAnswerSignatures Bronze - STN,br_tblFormAnswerSig,TASK_COMPLETE,SUCCESS,INFO,11124,11124,0,,2026-08-10T22:46:50.634Z,2026-08-10T23:23:47.420Z,2217,2026-08-10T23:23:47.420Z,STN,Staunton,577185a2-f5a0-4625-b776-012683caf0bc,
202608102323440908,202608102246290049,202608102246289962,31,94087,FormAnswerSignatures Bronze - STVN,br_tblFormAnswerSig,TASK_COMPLETE,SUCCESS,INFO,3313,3313,0,,2026-08-10T22:46:50.634Z,2026-08-10T23:23:47.420Z,2217,2026-08-10T23:23:47.420Z,STVN,Stevenson,577185a2-f5a0-4625-b776-012683caf0bc,
202608102323440909,202608102246290050,202608102246289962,31,94088,FormAnswerSignatures Bronze - TE,br_tblFormAnswerSig,TASK_COMPLETE,SUCCESS,INFO,3936,3936,0,,2026-08-10T22:46:50.634Z,2026-08-10T23:23:47.420Z,2217,2026-08-10T23:23:47.420Z,TE,Tempe,577185a2-f5a0-4625-b776-012683caf0bc,
202608102323440910,202608102246290051,202608102246289962,31,94089,FormAnswerSignatures Bronze - TEX,br_tblFormAnswerSig,TASK_COMPLETE,SUCCESS,INFO,3644,3644,0,,2026-08-10T22:46:50.634Z,2026-08-10T23:23:47.420Z,2217,2026-08-10T23:23:47.420Z,TEX,Texarkana,577185a2-f5a0-4625-b776-012683caf0bc,
202608102323440911,202608102246290052,202608102246289962,31,94090,FormAnswerSignatures Bronze - TTCA,br_tblFormAnswerSig,TASK_COMPLETE,SUCCESS,INFO,19034,19034,0,,2026-08-10T22:46:50.634Z,2026-08-10T23:23:47.420Z,2217,2026-08-10T23:23:47.420Z,TTCA,Bessemer,577185a2-f5a0-4625-b776-012683caf0bc,
202608102323440912,202608102246290053,202608102246289962,31,94091,FormAnswerSignatures Bronze - TTCB,br_tblFormAnswerSig,TASK_COMPLETE,SUCCESS,INFO,19682,19682,0,,2026-08-10T22:46:50.634Z,2026-08-10T23:23:47.420Z,2217,2026-08-10T23:23:47.420Z,TTCB,Cullman,577185a2-f5a0-4625-b776-012683caf0bc,
202608102323440844,202608102246289991,202608102246289962,31,94029,FormAnswerSignatures Bronze - B48,br_tblFormAnswerSig,TASK_COMPLETE,SUCCESS,INFO,15878,15878,0,,2026-08-10T22:46:50.634Z,2026-08-10T23:23:47.420Z,2217,2026-08-10T23:23:47.420Z,B48,Tuscaloosa,577185a2-f5a0-4625-b776-012683caf0bc,
202608102323440845,202608102246289992,202608102246289962,31,94030,FormAnswerSignatures Bronze - B51,br_tblFormAnswerSig,TASK_COMPLETE,SUCCESS,INFO,11125,11125,0,,2026-08-10T22:46:50.634Z,2026-08-10T23:23:47.420Z,2217,2026-08-10T23:23:47.420Z,B51,NorthLittleRock,577185a2-f5a0-4625-b776-012683caf0bc,
202608102323440846,202608102246289993,202608102246289962,31,94031,FormAnswerSignatures Bronze - B52,br_tblFormAnswerSig,TASK_COMPLETE,SUCCESS,INFO,8479,8479,0,,2026-08-10T22:46:50.634Z,2026-08-10T23:23:47.420Z,2217,2026-08-10T23:23:47.420Z,B52,JacksonGA,577185a2-f5a0-4625-b776-012683caf0bc,
202608102323440847,202608102246289994,202608102246289962,31,94032,FormAnswerSignatures Bronze - B54,br_tblFormAnswerSig,TASK_COMPLETE,SUCCESS,INFO,15725,15725,0,,2026-08-10T22:46:50.634Z,2026-08-10T23:23:47.420Z,2217,2026-08-10T23:23:47.420Z,B54,Gadsden,577185a2-f5a0-4625-b776-012683caf0bc,
202608102323440848,202608102246289995,202608102246289962,31,94033,FormAnswerSignatures Bronze - B55,br_tblFormAnswerSig,TASK_COMPLETE,SUCCESS,INFO,18845,18845,0,,2026-08-10T22:46:50.634Z,2026-08-10T23:23:47.420Z,2217,2026-08-10T23:23:47.420Z,B55,Shoals,577185a2-f5a0-4625-b776-012683caf0bc,
202608102323440850,202608102246289996,202608102246289962,31,94034,FormAnswerSignatures Bronze - B57,br_tblFormAnswerSig,TASK_COMPLETE,SUCCESS,INFO,6512,6512,0,,2026-08-10T22:46:50.634Z,2026-08-10T23:23:47.420Z,2217,2026-08-10T23:23:47.420Z,B57,Pawtucket,577185a2-f5a0-4625-b776-012683caf0bc,
202608102323440851,202608102246289997,202608102246289962,31,94035,FormAnswerSignatures Bronze - B57A,br_tblFormAnswerSig,TASK_COMPLETE,SUCCESS,INFO,7689,7689,0,,2026-08-10T22:46:50.634Z,2026-08-10T23:23:47.420Z,2217,2026-08-10T23:23:47.420Z,B57A,Johnston,577185a2-f5a0-4625-b776-012683caf0bc,
202608102226458812,202608102151219732,202608102151219703,31,94029,FormAnswerSignatures Bronze - B48,br_tblFormAnswerSig,TASK_COMPLETE,SUCCESS,INFO,15878,15878,0,,2026-08-10T21:52:10.015Z,2026-08-10T22:26:49.259Z,2079,2026-08-10T22:26:49.259Z,B48,Tuscaloosa,733bdb65-98e7-4d6d-af8f-93040e55bb44,
202608102226458813,202608102151219733,202608102151219703,31,94030,FormAnswerSignatures Bronze - B51,br_tblFormAnswerSig,TASK_COMPLETE,SUCCESS,INFO,11125,11125,0,,2026-08-10T21:52:10.015Z,2026-08-10T22:26:49.259Z,2079,2026-08-10T22:26:49.259Z,B51,NorthLittleRock,733bdb65-98e7-4d6d-af8f-93040e55bb44,
202608102226458814,202608102151219734,202608102151219703,31,94031,FormAnswerSignatures Bronze - B52,br_tblFormAnswerSig,TASK_COMPLETE,SUCCESS,INFO,8479,8479,0,,2026-08-10T21:52:10.015Z,2026-08-10T22:26:49.259Z,2079,2026-08-10T22:26:49.259Z,B52,JacksonGA,733bdb65-98e7-4d6d-af8f-93040e55bb44,
202608102226458815,202608102151219735,202608102151219703,31,94032,FormAnswerSignatures Bronze - B54,br_tblFormAnswerSig,TASK_COMPLETE,SUCCESS,INFO,15723,15723,0,,2026-08-10T21:52:10.015Z,2026-08-10T22:26:49.259Z,2079,2026-08-10T22:26:49.259Z,B54,Gadsden,733bdb65-98e7-4d6d-af8f-93040e55bb44,
202608102226458816,202608102151219736,202608102151219703,31,94033,FormAnswerSignatures Bronze - B55,br_tblFormAnswerSig,TASK_COMPLETE,SUCCESS,INFO,18845,18845,0,,2026-08-10T21:52:10.015Z,2026-08-10T22:26:49.259Z,2079,2026-08-10T22:26:49.259Z,B55,Shoals,733bdb65-98e7-4d6d-af8f-93040e55bb44,
202608102226458817,202608102151219737,202608102151219703,31,94034,FormAnswerSignatures Bronze - B57,br_tblFormAnswerSig,TASK_COMPLETE,SUCCESS,INFO,6512,6512,0,,2026-08-10T21:52:10.015Z,2026-08-10T22:26:49.259Z,2079,2026-08-10T22:26:49.259Z,B57,Pawtucket,733bdb65-98e7-4d6d-af8f-93040e55bb44,
202608102226458818,202608102151219738,202608102151219703,31,94035,FormAnswerSignatures Bronze - B57A,br_tblFormAnswerSig,TASK_COMPLETE,SUCCESS,INFO,7689,7689,0,,2026-08-10T21:52:10.015Z,2026-08-10T22:26:49.259Z,2079,2026-08-10T22:26:49.259Z,B57A,Johnston,733bdb65-98e7-4d6d-af8f-93040e55bb44,
202608170828545825,202608170805168058,202608170805168041,97,6682,P1 Forms New Discharge Transfer Plan Form Bronze - B24,br_samms_new_discharge_transfer_plan_form,TASK_COMPLETE,SUCCESS,INFO,171,171,0,,2026-08-17T08:05:23.166Z,2026-08-17T08:28:58.238Z,1415,2026-08-17T08:28:58.238Z,B24,Paintsville,760fb7f7-522d-45ef-ae35-70bd18d17fef,
202608102226458874,202608102151219788,202608102151219703,31,94085,FormAnswerSignatures Bronze - SHP,br_tblFormAnswerSig,TASK_COMPLETE,SUCCESS,INFO,21373,21373,0,,2026-08-10T21:52:10.015Z,2026-08-10T22:26:49.259Z,2079,2026-08-10T22:26:49.259Z,SHP,Shreveport,733bdb65-98e7-4d6d-af8f-93040e55bb44,
202608102226458875,202608102151219789,202608102151219703,31,94086,FormAnswerSignatures Bronze - STN,br_tblFormAnswerSig,TASK_COMPLETE,SUCCESS,INFO,11124,11124,0,,2026-08-10T21:52:10.015Z,2026-08-10T22:26:49.259Z,2079,2026-08-10T22:26:49.259Z,STN,Staunton,733bdb65-98e7-4d6d-af8f-93040e55bb44,
202608102226458876,202608102151219790,202608102151219703,31,94087,FormAnswerSignatures Bronze - STVN,br_tblFormAnswerSig,TASK_COMPLETE,SUCCESS,INFO,3313,3313,0,,2026-08-10T21:52:10.015Z,2026-08-10T22:26:49.259Z,2079,2026-08-10T22:26:49.259Z,STVN,Stevenson,733bdb65-98e7-4d6d-af8f-93040e55bb44,
202608102226458878,202608102151219791,202608102151219703,31,94088,FormAnswerSignatures Bronze - TE,br_tblFormAnswerSig,TASK_COMPLETE,SUCCESS,INFO,3936,3936,0,,2026-08-10T21:52:10.015Z,2026-08-10T22:26:49.259Z,2079,2026-08-10T22:26:49.259Z,TE,Tempe,733bdb65-98e7-4d6d-af8f-93040e55bb44,
202608102226458879,202608102151219792,202608102151219703,31,94089,FormAnswerSignatures Bronze - TEX,br_tblFormAnswerSig,TASK_COMPLETE,SUCCESS,INFO,3644,3644,0,,2026-08-10T21:52:10.015Z,2026-08-10T22:26:49.259Z,2079,2026-08-10T22:26:49.259Z,TEX,Texarkana,733bdb65-98e7-4d6d-af8f-93040e55bb44,
202608102226458880,202608102151219793,202608102151219703,31,94090,FormAnswerSignatures Bronze - TTCA,br_tblFormAnswerSig,TASK_COMPLETE,SUCCESS,INFO,19034,19034,0,,2026-08-10T21:52:10.015Z,2026-08-10T22:26:49.259Z,2079,2026-08-10T22:26:49.259Z,TTCA,Bessemer,733bdb65-98e7-4d6d-af8f-93040e55bb44,
202608102226458881,202608102151219794,202608102151219703,31,94091,FormAnswerSignatures Bronze - TTCB,br_tblFormAnswerSig,TASK_COMPLETE,SUCCESS,INFO,19682,19682,0,,2026-08-10T21:52:10.015Z,2026-08-10T22:26:49.259Z,2079,2026-08-10T22:26:49.259Z,TTCB,Cullman,733bdb65-98e7-4d6d-af8f-93040e55bb44,
202608102139177327,202608102103362542,202608102103362513,31,94029,FormAnswerSignatures Bronze - B48,br_tblFormAnswerSig,TASK_COMPLETE,SUCCESS,INFO,15878,15878,0,,2026-08-10T21:04:36.348Z,2026-08-10T21:39:44.219Z,2108,2026-08-10T21:39:44.219Z,B48,Tuscaloosa,0e7e4594-5e6f-405f-a303-69a6f189ed20,
202608102139177328,202608102103362543,202608102103362513,31,94030,FormAnswerSignatures Bronze - B51,br_tblFormAnswerSig,TASK_COMPLETE,SUCCESS,INFO,11125,11125,0,,2026-08-10T21:04:36.348Z,2026-08-10T21:39:44.219Z,2108,2026-08-10T21:39:44.219Z,B51,NorthLittleRock,0e7e4594-5e6f-405f-a303-69a6f189ed20,
202608102139177330,202608102103362544,202608102103362513,31,94031,FormAnswerSignatures Bronze - B52,br_tblFormAnswerSig,TASK_COMPLETE,SUCCESS,INFO,8479,8479,0,,2026-08-10T21:04:36.348Z,2026-08-10T21:39:44.219Z,2108,2026-08-10T21:39:44.219Z,B52,JacksonGA,0e7e4594-5e6f-405f-a303-69a6f189ed20,
202608102139177331,202608102103362545,202608102103362513,31,94032,FormAnswerSignatures Bronze - B54,br_tblFormAnswerSig,TASK_COMPLETE,SUCCESS,INFO,15723,15723,0,,2026-08-10T21:04:36.348Z,2026-08-10T21:39:44.219Z,2108,2026-08-10T21:39:44.219Z,B54,Gadsden,0e7e4594-5e6f-405f-a303-69a6f189ed20,
202608102139177332,202608102103362546,202608102103362513,31,94033,FormAnswerSignatures Bronze - B55,br_tblFormAnswerSig,TASK_COMPLETE,SUCCESS,INFO,18845,18845,0,,2026-08-10T21:04:36.348Z,2026-08-10T21:39:44.219Z,2108,2026-08-10T21:39:44.219Z,B55,Shoals,0e7e4594-5e6f-405f-a303-69a6f189ed20,
202608102139177333,202608102103362547,202608102103362513,31,94034,FormAnswerSignatures Bronze - B57,br_tblFormAnswerSig,TASK_COMPLETE,SUCCESS,INFO,6512,6512,0,,2026-08-10T21:04:36.348Z,2026-08-10T21:39:44.219Z,2108,2026-08-10T21:39:44.219Z,B57,Pawtucket,0e7e4594-5e6f-405f-a303-69a6f189ed20,
202608102139177334,202608102103362548,202608102103362513,31,94035,FormAnswerSignatures Bronze - B57A,br_tblFormAnswerSig,TASK_COMPLETE,SUCCESS,INFO,7689,7689,0,,2026-08-10T21:04:36.348Z,2026-08-10T21:39:44.219Z,2108,2026-08-10T21:39:44.219Z,B57A,Johnston,0e7e4594-5e6f-405f-a303-69a6f189ed20,
202608140551555119,202608140519472971,202608140519472937,106,8010,Clinical Domain Bronze - SaveVACA - BOI,brz_VAComprehensiveAssessment,TASK_COMPLETE,SUCCESS,INFO,3,3,0,,2026-08-14T05:21:11.366Z,2026-08-14T05:51:58.644Z,1847,2026-08-14T05:51:58.644Z,BOI,Boise,367e5368-81b8-4196-9731-5b3efc5e39d9,
202608140551555120,202608140519472972,202608140519472937,106,8059,Clinical Domain Bronze - SaveVACA - V10,brz_VAComprehensiveAssessment,TASK_COMPLETE,SUCCESS,INFO,3,3,0,,2026-08-14T05:21:11.366Z,2026-08-14T05:51:58.644Z,1847,2026-08-14T05:51:58.644Z,V10,Boulder,367e5368-81b8-4196-9731-5b3efc5e39d9,
202608140551555121,202608140519472973,202608140519472937,106,8081,Clinical Domain Bronze - SaveVACASummary - B12B,brz_VAComprehensiveAssessmentSummary,TASK_COMPLETE,SUCCESS,INFO,1725,1725,0,,2026-08-14T05:21:11.366Z,2026-08-14T05:51:58.644Z,1847,2026-08-14T05:51:58.644Z,B12B,ColoradoSprings,367e5368-81b8-4196-9731-5b3efc5e39d9,
202608140613011366,202608140600263238,202608140600263231,107,8561,Clinical Domain Silver - BulkDartsSrvLoader,slv_uaresultdetail,TASK_COMPLETE,SUCCESS,INFO,14355,208868,0,,2026-08-14T06:01:45.513Z,2026-08-14T06:14:58.932Z,793,2026-08-14T06:14:58.932Z,Global,SAMMSGLOBAL,9a6b8567-8347-49cb-b213-618351c5e21c,
202608140613011268,202608140600163253,202608140600163231,106,7621,Clinical Domain Bronze - SaveAppointmentAttend - B12B,brz_AppointmentAttend,TASK_COMPLETE,SUCCESS,INFO,1,1,0,,2026-08-14T06:01:45.513Z,2026-08-14T06:14:58.932Z,793,2026-08-14T06:14:58.932Z,B12B,ColoradoSprings,9a6b8567-8347-49cb-b213-618351c5e21c,
202608140613011270,202608140600163254,202608140600163231,106,7665,Clinical Domain Bronze - SaveAppointmentAttend - BOI,brz_AppointmentAttend,TASK_COMPLETE,SUCCESS,INFO,2,2,0,,2026-08-14T06:01:45.513Z,2026-08-14T06:14:58.932Z,793,2026-08-14T06:14:58.932Z,BOI,Boise,9a6b8567-8347-49cb-b213-618351c5e21c,
202608140714154033,202608140700696548,202608140700696541,107,8561,Clinical Domain Silver - BulkDartsSrvLoader,slv_uaresultdetail,TASK_COMPLETE,SUCCESS,INFO,14355,208868,0,,2026-08-14T07:02:17.002Z,2026-08-14T07:16:01.674Z,824,2026-08-14T07:16:01.674Z,Global,SAMMSGLOBAL,4f29b93d-8b22-445c-9466-6259e423edcc,
202608140714153935,202608140700596563,202608140700596541,106,7621,Clinical Domain Bronze - SaveAppointmentAttend - B12B,brz_AppointmentAttend,TASK_COMPLETE,SUCCESS,INFO,1,1,0,,2026-08-14T07:02:17.002Z,2026-08-14T07:16:01.674Z,824,2026-08-14T07:16:01.674Z,B12B,ColoradoSprings,4f29b93d-8b22-445c-9466-6259e423edcc,
202608140714153936,202608140700596564,202608140700596541,106,7665,Clinical Domain Bronze - SaveAppointmentAttend - BOI,brz_AppointmentAttend,TASK_COMPLETE,SUCCESS,INFO,2,2,0,,2026-08-14T07:02:17.002Z,2026-08-14T07:16:01.674Z,824,2026-08-14T07:16:01.674Z,BOI,Boise,4f29b93d-8b22-445c-9466-6259e423edcc,
202608140613174711,202608140600163258,202608140600163231,106,7847,Clinical Domain Bronze - SaveMNCA - VMIN,brz_MNComprehensiveAssessment,TASK_COMPLETE,SUCCESS,INFO,215,215,0,,2026-08-14T06:01:45.513Z,2026-08-14T06:14:58.932Z,793,2026-08-14T06:14:58.932Z,VMIN,Minneapolis,9a6b8567-8347-49cb-b213-618351c5e21c,
202608140613174713,202608140600163259,202608140600163231,106,7848,Clinical Domain Bronze - SaveMNCA - VWBY,brz_MNComprehensiveAssessment,TASK_COMPLETE,SUCCESS,INFO,416,416,0,,2026-08-14T06:01:45.513Z,2026-08-14T06:14:58.932Z,793,2026-08-14T06:14:58.932Z,VWBY,Woodbury,9a6b8567-8347-49cb-b213-618351c5e21c,
202608140613198378,202608140600263240,202608140600263231,107,8563,Clinical Domain Silver - SaveMNCA,slv_mncomprehensiveassessment,TASK_COMPLETE,SUCCESS,INFO,1128,1128,0,,2026-08-14T06:01:45.513Z,2026-08-14T06:14:58.932Z,793,2026-08-14T06:14:58.932Z,Global,SAMMSGLOBAL,9a6b8567-8347-49cb-b213-618351c5e21c,
202608220929265575,202608220857344393,202608220857344379,123,13061,Assessments Bronze - SavePADimension3 - B12B,br_PADimension3,TASK_COMPLETE,SUCCESS,INFO,830,830,0,,2026-08-22T08:58:22.185Z,2026-08-22T09:29:29.627Z,1867,2026-08-22T09:29:29.627Z,B12B,ColoradoSprings,39d3782c-f729-4e52-b4aa-f257942a503a,SAMMS-ColoradoSpringsV5
202608220929265576,202608220857344394,202608220857344379,123,13062,Assessments Bronze - SavePADimension3 - B24,br_PADimension3,TASK_COMPLETE,SUCCESS,INFO,446,446,0,,2026-08-22T08:58:22.185Z,2026-08-22T09:29:29.627Z,1867,2026-08-22T09:29:29.627Z,B24,Paintsville,39d3782c-f729-4e52-b4aa-f257942a503a,SAMMS-PaintsvilleV5
202608200302505021,202608200240673870,202608200240673824,46,10000,P1 Finance Diag10 Bronze - B12B,br_samms_tbldiag10,TASK_COMPLETE,SUCCESS,INFO,1447,1447,0,,2026-08-20T02:41:23.064Z,2026-08-20T03:02:53.458Z,1290,2026-08-20T03:02:53.458Z,B12B,ColoradoSprings,05c5c70e-2926-4311-8f49-65b9279948a3,SAMMS-ColoradoSpringsV5
202608200302505022,202608200240673871,202608200240673824,46,10001,P1 Finance Diag10 Bronze - B24,br_samms_tbldiag10,TASK_COMPLETE,SUCCESS,INFO,2885,2885,0,,2026-08-20T02:41:23.064Z,2026-08-20T03:02:53.458Z,1290,2026-08-20T03:02:53.458Z,B24,Paintsville,05c5c70e-2926-4311-8f49-65b9279948a3,SAMMS-PaintsvilleV5
202608200302505023,202608200240673872,202608200240673824,46,10002,P1 Finance Diag10 Bronze - B25,br_samms_tbldiag10,TASK_COMPLETE,SUCCESS,INFO,1021,1021,0,,2026-08-20T02:41:23.064Z,2026-08-20T03:02:53.458Z,1290,2026-08-20T03:02:53.458Z,B25,Pikeville,05c5c70e-2926-4311-8f49-65b9279948a3,SAMMS-PikevilleV5
202608220929265578,202608220857344396,202608220857344379,123,13176,Assessments Bronze - SavePADimension4 - B12B,br_PADimension4,TASK_COMPLETE,SUCCESS,INFO,830,830,0,,2026-08-22T08:58:22.185Z,2026-08-22T09:29:29.627Z,1867,2026-08-22T09:29:29.627Z,B12B,ColoradoSprings,39d3782c-f729-4e52-b4aa-f257942a503a,SAMMS-ColoradoSpringsV5
202608220929265579,202608220857344397,202608220857344379,123,13177,Assessments Bronze - SavePADimension4 - B24,br_PADimension4,TASK_COMPLETE,SUCCESS,INFO,446,446,0,,2026-08-22T08:58:22.185Z,2026-08-22T09:29:29.627Z,1867,2026-08-22T09:29:29.627Z,B24,Paintsville,39d3782c-f729-4e52-b4aa-f257942a503a,SAMMS-PaintsvilleV5
202608190537301099,202608190459300357,202608190459300344,107,8567,Clinical Domain Silver - SaveMNTreatmentServiceReview,sl_mntreatmentservicereview,TASK_COMPLETE,SUCCESS,INFO,877,877,0,,2026-08-19T05:01:28.469Z,2026-08-19T05:37:32.342Z,2164,2026-08-19T05:37:32.342Z,Global,SAMMSGLOBAL,05916e11-44cf-456b-ac26-991e7ff5d7aa,SAMMSGLOBAL
202608270401026484,202608270401026484,20260827035959,132,13705,Marketing Admits Readmissions Gold,AdmitsPReadmissions,TASK_SKIPPED,DEPENDENCY_BLOCKED,WARNING,0,0,0,Skipped: Dependency TaskConfigId(s) 13693 not successful,2026-08-27T04:01:02.648Z,2026-08-27T04:01:02.648Z,0,2026-08-27T04:01:02.648Z,,,6c0dfbf2-4982-428b-b962-2d1ca5cf9e53,
202608261139002065,202608261050367420,202608261050367363,18,51057,Orders Bronze SaveOrders - DRD-KVC,br_Orders,TASK_COMPLETE,SUCCESS,INFO,0,0,0,,2026-08-26T10:51:23.872Z,2026-08-26T11:39:03.779Z,2860,2026-08-26T11:39:03.779Z,DRD-KVC,KVC,9f27ea6d-77e8-424b-b461-0bad838d803f,SAMMS-KVCv5
202608261139002066,202608261050367421,202608261050367363,18,51058,Orders Bronze SaveOrders - DRD-NOLA,br_Orders,TASK_COMPLETE,SUCCESS,INFO,0,0,0,,2026-08-26T10:51:23.872Z,2026-08-26T11:39:03.779Z,2860,2026-08-26T11:39:03.779Z,DRD-NOLA,NOLA,9f27ea6d-77e8-424b-b461-0bad838d803f,SAMMS-NOLAv5
202608261139002067,202608261050367422,202608261050367363,18,51059,Orders Bronze SaveOrders - DRD-SF,br_Orders,TASK_COMPLETE,SUCCESS,INFO,0,0,0,,2026-08-26T10:51:23.872Z,2026-08-26T11:39:03.779Z,2860,2026-08-26T11:39:03.779Z,DRD-SF,SF,9f27ea6d-77e8-424b-b461-0bad838d803f,SAMMS-SFv5
202608261139002068,202608261050367423,202608261050367363,18,51060,Orders Bronze SaveOrders - ELC,br_Orders,TASK_COMPLETE,SUCCESS,INFO,0,0,0,,2026-08-26T10:51:23.872Z,2026-08-26T11:39:03.779Z,2860,2026-08-26T11:39:03.779Z,ELC,ElizabethCity,9f27ea6d-77e8-424b-b461-0bad838d803f,SAMMS-ElizabethCity
202608261139002069,202608261050367424,202608261050367363,18,51061,Orders Bronze SaveOrders - ET,br_Orders,TASK_COMPLETE,SUCCESS,INFO,0,0,0,,2026-08-26T10:51:23.872Z,2026-08-26T11:39:03.779Z,2860,2026-08-26T11:39:03.779Z,ET,Elizabethtown,9f27ea6d-77e8-424b-b461-0bad838d803f,SAMMS-Elizabethtown
202608261139002070,202608261050367425,202608261050367363,18,51062,Orders Bronze SaveOrders - FAY,br_Orders,TASK_COMPLETE,SUCCESS,INFO,0,0,0,,2026-08-26T10:51:23.872Z,2026-08-26T11:39:03.779Z,2860,2026-08-26T11:39:03.779Z,FAY,Fayetteville,9f27ea6d-77e8-424b-b461-0bad838d803f,SAMMS-Fayetteville
202608261139002071,202608261050367426,202608261050367363,18,51063,Orders Bronze SaveOrders - FR,br_Orders,TASK_COMPLETE,SUCCESS,INFO,0,0,0,,2026-08-26T10:51:23.872Z,2026-08-26T11:39:03.779Z,2860,2026-08-26T11:39:03.779Z,FR,Frankfort,9f27ea6d-77e8-424b-b461-0bad838d803f,SAMMS-Frankfort
202608262124211782,202608262124211782,20260826212318,132,13705,Marketing Admits Readmissions Gold,AdmitsPReadmissions,TASK_SKIPPED,DEPENDENCY_BLOCKED,WARNING,0,0,0,Skipped: Dependency TaskConfigId(s) 13693 not successful,2026-08-26T21:24:21.178Z,2026-08-26T21:24:21.178Z,0,2026-08-26T21:24:21.178Z,,,4b200449-8053-4691-81f7-bd43960e8882,
202608211508154459,202608211456286313,202608211456286305,76,144395,PPA Bronze,br_SF_PatientPreAdmission,TASK_COMPLETE,SUCCESS,INFO,3364,3364,0,,2026-08-21T14:56:32.229Z,2026-08-21T15:08:19.094Z,707,2026-08-21T15:08:19.094Z,B29,PoplarBluff,0c589208-2221-4d68-8178-9fb813ab6d11,SAMMS-PoplarBluffV5
202608211508154460,202608211456286314,202608211456286305,76,144396,PPA Bronze,br_SF_PatientPreAdmission,TASK_COMPLETE,SUCCESS,INFO,2057,2057,0,,2026-08-21T14:56:32.229Z,2026-08-21T15:08:19.094Z,707,2026-08-21T15:08:19.094Z,B30,KCN,0c589208-2221-4d68-8178-9fb813ab6d11,SAMMS-KCNv5
202608211508154461,202608211456286315,202608211456286305,76,144397,PPA Bronze,br_SF_PatientPreAdmission,TASK_COMPLETE,SUCCESS,INFO,6682,6682,0,,2026-08-21T14:56:32.229Z,2026-08-21T15:08:19.094Z,707,2026-08-21T15:08:19.094Z,B31,Dyersburg,0c589208-2221-4d68-8178-9fb813ab6d11,SAMMS-DyersburgV5
202608211508154462,202608211456286316,202608211456286305,76,144398,PPA Bronze,br_SF_PatientPreAdmission,TASK_COMPLETE,SUCCESS,INFO,6484,6484,0,,2026-08-21T14:56:32.229Z,2026-08-21T15:08:19.094Z,707,2026-08-21T15:08:19.094Z,B33,Paducah,0c589208-2221-4d68-8178-9fb813ab6d11,SAMMS-Paducah
202608211508154463,202608211456286317,202608211456286305,76,144399,PPA Bronze,br_SF_PatientPreAdmission,TASK_COMPLETE,SUCCESS,INFO,9626,9626,0,,2026-08-21T14:56:32.229Z,2026-08-21T15:08:19.094Z,707,2026-08-21T15:08:19.094Z,B34,Corbin,0c589208-2221-4d68-8178-9fb813ab6d11,SAMMS-CorbinV5
202608211508154464,202608211456286318,202608211456286305,76,144400,PPA Bronze,br_SF_PatientPreAdmission,TASK_COMPLETE,SUCCESS,INFO,13347,13347,0,,2026-08-21T14:56:32.229Z,2026-08-21T15:08:19.094Z,707,2026-08-21T15:08:19.094Z,B35,Lexington,0c589208-2221-4d68-8178-9fb813ab6d11,SAMMS-LexingtonV5
202608211508154466,202608211456286319,202608211456286305,76,144401,PPA Bronze,br_SF_PatientPreAdmission,TASK_COMPLETE,SUCCESS,INFO,3525,3525,0,,2026-08-21T14:56:32.229Z,2026-08-21T15:08:19.094Z,707,2026-08-21T15:08:19.094Z,B35A,Berea,0c589208-2221-4d68-8178-9fb813ab6d11,SAMMS-BereaV5
202608261139002095,202608261050367448,202608261050367363,18,51085,Orders Bronze SaveOrders - SHP,br_Orders,TASK_COMPLETE,SUCCESS,INFO,0,0,0,,2026-08-26T10:51:23.872Z,2026-08-26T11:39:03.779Z,2860,2026-08-26T11:39:03.779Z,SHP,Shreveport,9f27ea6d-77e8-424b-b461-0bad838d803f,SAMMS-Shreveport
202608261139002096,202608261050367449,202608261050367363,18,51086,Orders Bronze SaveOrders - STN,br_Orders,TASK_COMPLETE,SUCCESS,INFO,0,0,0,,2026-08-26T10:51:23.872Z,2026-08-26T11:39:03.779Z,2860,2026-08-26T11:39:03.779Z,STN,Staunton,9f27ea6d-77e8-424b-b461-0bad838d803f,SAMMS-Staunton
202608261139002097,202608261050367450,202608261050367363,18,51087,Orders Bronze SaveOrders - STVN,br_Orders,TASK_COMPLETE,SUCCESS,INFO,0,0,0,,2026-08-26T10:51:23.872Z,2026-08-26T11:39:03.779Z,2860,2026-08-26T11:39:03.779Z,STVN,Stevenson,9f27ea6d-77e8-424b-b461-0bad838d803f,SAMMS-Stevenson
202608261139002098,202608261050367451,202608261050367363,18,51088,Orders Bronze SaveOrders - TE,br_Orders,TASK_COMPLETE,SUCCESS,INFO,0,0,0,,2026-08-26T10:51:23.872Z,2026-08-26T11:39:03.779Z,2860,2026-08-26T11:39:03.779Z,TE,Tempe,9f27ea6d-77e8-424b-b461-0bad838d803f,SAMMS-Tempe
202608261139002099,202608261050367452,202608261050367363,18,51089,Orders Bronze SaveOrders - TEX,br_Orders,TASK_COMPLETE,SUCCESS,INFO,0,0,0,,2026-08-26T10:51:23.872Z,2026-08-26T11:39:03.779Z,2860,2026-08-26T11:39:03.779Z,TEX,Texarkana,9f27ea6d-77e8-424b-b461-0bad838d803f,SAMMS-Texarkana
202608261139002100,202608261050367453,202608261050367363,18,51090,Orders Bronze SaveOrders - TTCA,br_Orders,TASK_COMPLETE,SUCCESS,INFO,0,0,0,,2026-08-26T10:51:23.872Z,2026-08-26T11:39:03.779Z,2860,2026-08-26T11:39:03.779Z,TTCA,Bessemer,9f27ea6d-77e8-424b-b461-0bad838d803f,SAMMS-BessemerV5
202608261139002102,202608261050367454,202608261050367363,18,51091,Orders Bronze SaveOrders - TTCB,br_Orders,TASK_COMPLETE,SUCCESS,INFO,0,0,0,,2026-08-26T10:51:23.872Z,2026-08-26T11:39:03.779Z,2860,2026-08-26T11:39:03.779Z,TTCB,Cullman,9f27ea6d-77e8-424b-b461-0bad838d803f,SAMMS-CullmanV5
202608211508154512,202608211456286362,202608211456286305,76,144444,PPA Bronze,br_SF_PatientPreAdmission,TASK_COMPLETE,SUCCESS,INFO,12015,12015,0,,2026-08-21T14:56:32.229Z,2026-08-21T15:08:19.094Z,707,2026-08-21T15:08:19.094Z,DRD-KVC,KVC,0c589208-2221-4d68-8178-9fb813ab6d11,SAMMS-KVCv5
202608211508154513,202608211456286363,202608211456286305,76,144445,PPA Bronze,br_SF_PatientPreAdmission,TASK_COMPLETE,SUCCESS,INFO,13376,13376,0,,2026-08-21T14:56:32.229Z,2026-08-21T15:08:19.094Z,707,2026-08-21T15:08:19.094Z,DRD-NOLA,NOLA,0c589208-2221-4d68-8178-9fb813ab6d11,SAMMS-NOLAv5
202608211508154515,202608211456286364,202608211456286305,76,144446,PPA Bronze,br_SF_PatientPreAdmission,TASK_COMPLETE,SUCCESS,INFO,9384,9384,0,,2026-08-21T14:56:32.229Z,2026-08-21T15:08:19.094Z,707,2026-08-21T15:08:19.094Z,DRD-SF,SF,0c589208-2221-4d68-8178-9fb813ab6d11,SAMMS-SFv5
202608211508154516,202608211456286365,202608211456286305,76,144447,PPA Bronze,br_SF_PatientPreAdmission,TASK_COMPLETE,SUCCESS,INFO,3646,3646,0,,2026-08-21T14:56:32.229Z,2026-08-21T15:08:19.094Z,707,2026-08-21T15:08:19.094Z,ELC,ElizabethCity,0c589208-2221-4d68-8178-9fb813ab6d11,SAMMS-ElizabethCity
202608211508154517,202608211456286366,202608211456286305,76,144448,PPA Bronze,br_SF_PatientPreAdmission,TASK_COMPLETE,SUCCESS,INFO,5149,5149,0,,2026-08-21T14:56:32.229Z,2026-08-21T15:08:19.094Z,707,2026-08-21T15:08:19.094Z,ET,Elizabethtown,0c589208-2221-4d68-8178-9fb813ab6d11,SAMMS-Elizabethtown
202608211508154518,202608211456286367,202608211456286305,76,144449,PPA Bronze,br_SF_PatientPreAdmission,TASK_COMPLETE,SUCCESS,INFO,2058,2058,0,,2026-08-21T14:56:32.229Z,2026-08-21T15:08:19.094Z,707,2026-08-21T15:08:19.094Z,FAY,Fayetteville,0c589208-2221-4d68-8178-9fb813ab6d11,SAMMS-Fayetteville
202608211508154519,202608211456286368,202608211456286305,76,144450,PPA Bronze,br_SF_PatientPreAdmission,TASK_COMPLETE,SUCCESS,INFO,5020,5020,0,,2026-08-21T14:56:32.229Z,2026-08-21T15:08:19.094Z,707,2026-08-21T15:08:19.094Z,FR,Frankfort,0c589208-2221-4d68-8178-9fb813ab6d11,SAMMS-Frankfort
202608201034573082,202608201013530448,202608201013530447,46,8701,P1 Finance Bills Bronze - AHK,br_samms_bills,TASK_COMPLETE,FAILED,ERROR,0,0,1,SaveBills Bronze ForEach failed,2026-08-20T10:13:57.622Z,2026-08-20T10:39:20.764Z,1523,2026-08-20T10:39:20.764Z,AHK,Ahoskie,069e8d01-766c-4679-b3df-c21f4d7bc3d1,SAMMS-Ahoskie
202608140714302283,202608140700596581,202608140700596541,106,8306,Clinical Domain Bronze - SaveMNTreatmentServiceReview - VBRP,brz_MNTreatmentServiceReview,TASK_COMPLETE,SUCCESS,INFO,470,470,0,,2026-08-14T07:02:17.002Z,2026-08-14T07:16:01.674Z,824,2026-08-14T07:16:01.674Z,VBRP,BrooklynPark,4f29b93d-8b22-445c-9466-6259e423edcc,
202608140714302285,202608140700596582,202608140700596541,106,8307,Clinical Domain Bronze - SaveMNTreatmentServiceReview - VMIN,brz_MNTreatmentServiceReview,TASK_COMPLETE,SUCCESS,INFO,270,270,0,,2026-08-14T07:02:17.002Z,2026-08-14T07:16:01.674Z,824,2026-08-14T07:16:01.674Z,VMIN,Minneapolis,4f29b93d-8b22-445c-9466-6259e423edcc,
202608140714302286,202608140700596583,202608140700596541,106,8308,Clinical Domain Bronze - SaveMNTreatmentServiceReview - VWBY,brz_MNTreatmentServiceReview,TASK_COMPLETE,SUCCESS,INFO,418,418,0,,2026-08-14T07:02:17.002Z,2026-08-14T07:16:01.674Z,824,2026-08-14T07:16:01.674Z,VWBY,Woodbury,4f29b93d-8b22-445c-9466-6259e423edcc,
202608140613227583,202608140600163271,202608140600163231,106,8306,Clinical Domain Bronze - SaveMNTreatmentServiceReview - VBRP,brz_MNTreatmentServiceReview,TASK_COMPLETE,SUCCESS,INFO,470,470,0,,2026-08-14T06:01:45.513Z,2026-08-14T06:14:58.932Z,793,2026-08-14T06:14:58.932Z,VBRP,BrooklynPark,9a6b8567-8347-49cb-b213-618351c5e21c,
202608140613227584,202608140600163272,202608140600163231,106,8307,Clinical Domain Bronze - SaveMNTreatmentServiceReview - VMIN,brz_MNTreatmentServiceReview,TASK_COMPLETE,SUCCESS,INFO,270,270,0,,2026-08-14T06:01:45.513Z,2026-08-14T06:14:58.932Z,793,2026-08-14T06:14:58.932Z,VMIN,Minneapolis,9a6b8567-8347-49cb-b213-618351c5e21c,
202608140613227586,202608140600163273,202608140600163231,106,8308,Clinical Domain Bronze - SaveMNTreatmentServiceReview - VWBY,brz_MNTreatmentServiceReview,TASK_COMPLETE,SUCCESS,INFO,418,418,0,,2026-08-14T06:01:45.513Z,2026-08-14T06:14:58.932Z,793,2026-08-14T06:14:58.932Z,VWBY,Woodbury,9a6b8567-8347-49cb-b213-618351c5e21c,
202608151132574406,202608151055424898,202608151055424858,106,8306,Clinical Domain Bronze - SaveMNTreatmentServiceReview - VBRP,br_MNTreatmentServiceReview,TASK_COMPLETE,SUCCESS,INFO,15021,15021,0,,2026-08-15T10:59:41.813Z,2026-08-15T11:42:22.397Z,2561,2026-08-15T11:42:22.397Z,VBRP,BrooklynPark,09bdfa13-0c4c-4ca3-9dd3-abd349cbbab4,
202608151132574407,202608151055424899,202608151055424858,106,8307,Clinical Domain Bronze - SaveMNTreatmentServiceReview - VMIN,br_MNTreatmentServiceReview,TASK_COMPLETE,SUCCESS,INFO,6330,6330,0,,2026-08-15T10:59:41.813Z,2026-08-15T11:42:22.397Z,2561,2026-08-15T11:42:22.397Z,VMIN,Minneapolis,09bdfa13-0c4c-4ca3-9dd3-abd349cbbab4,
202608151132574408,202608151055424900,202608151055424858,106,8308,Clinical Domain Bronze - SaveMNTreatmentServiceReview - VWBY,br_MNTreatmentServiceReview,TASK_COMPLETE,SUCCESS,INFO,17070,17070,0,,2026-08-15T10:59:41.813Z,2026-08-15T11:42:22.397Z,2561,2026-08-15T11:42:22.397Z,VWBY,Woodbury,09bdfa13-0c4c-4ca3-9dd3-abd349cbbab4,
202608170505380913,202608170422215790,202608170422215750,106,8306,Clinical Domain Bronze - SaveMNTreatmentServiceReview - VBRP,br_MNTreatmentServiceReview,TASK_COMPLETE,SUCCESS,INFO,15021,15021,0,,2026-08-17T04:29:17.023Z,2026-08-17T05:06:50.333Z,2253,2026-08-17T05:06:50.333Z,VBRP,BrooklynPark,0b53dc13-182d-4036-9b17-0891eca5f916,
202608170505380915,202608170422215791,202608170422215750,106,8307,Clinical Domain Bronze - SaveMNTreatmentServiceReview - VMIN,br_MNTreatmentServiceReview,TASK_COMPLETE,SUCCESS,INFO,6330,6330,0,,2026-08-17T04:29:17.023Z,2026-08-17T05:06:50.333Z,2253,2026-08-17T05:06:50.333Z,VMIN,Minneapolis,0b53dc13-182d-4036-9b17-0891eca5f916,
202608170505380916,202608170422215792,202608170422215750,106,8308,Clinical Domain Bronze - SaveMNTreatmentServiceReview - VWBY,br_MNTreatmentServiceReview,TASK_COMPLETE,SUCCESS,INFO,17070,17070,0,,2026-08-17T04:29:17.023Z,2026-08-17T05:06:50.333Z,2253,2026-08-17T05:06:50.333Z,VWBY,Woodbury,0b53dc13-182d-4036-9b17-0891eca5f916,
202608242048534094,202608242042110710,202608242042110704,76,144445,PPA Bronze,br_SF_PatientPreAdmission,TASK_COMPLETE,SUCCESS,INFO,20807,20807,0,,2026-08-24T20:42:15.925Z,2026-08-24T20:48:56.393Z,401,2026-08-24T20:48:56.393Z,DRD-NOLA,NOLA,3493ae40-96b6-4051-9666-1f519a793994,SAMMS-NOLAv5
202608151352479097,202608151310407843,202608151310407803,106,8306,Clinical Domain Bronze - SaveMNTreatmentServiceReview - VBRP,br_MNTreatmentServiceReview,TASK_COMPLETE,SUCCESS,INFO,15021,15021,0,,2026-08-15T13:11:43.813Z,2026-08-15T13:52:51.092Z,2468,2026-08-15T13:52:51.092Z,VBRP,BrooklynPark,56214535-005b-4285-976b-e0172bc11b0b,
202608151352479098,202608151310407844,202608151310407803,106,8307,Clinical Domain Bronze - SaveMNTreatmentServiceReview - VMIN,br_MNTreatmentServiceReview,TASK_COMPLETE,SUCCESS,INFO,6330,6330,0,,2026-08-15T13:11:43.813Z,2026-08-15T13:52:51.092Z,2468,2026-08-15T13:52:51.092Z,VMIN,Minneapolis,56214535-005b-4285-976b-e0172bc11b0b,
202608151352479099,202608151310407845,202608151310407803,106,8308,Clinical Domain Bronze - SaveMNTreatmentServiceReview - VWBY,br_MNTreatmentServiceReview,TASK_COMPLETE,SUCCESS,INFO,17070,17070,0,,2026-08-15T13:11:43.813Z,2026-08-15T13:52:51.092Z,2468,2026-08-15T13:52:51.092Z,VWBY,Woodbury,56214535-005b-4285-976b-e0172bc11b0b,
202608210243590581,202608210227362456,202608210227362448,45,196,SAMMSGLOBAL Gold,BriefAddictionMonitor,TASK_COMPLETE,SUCCESS,INFO,0,268559,0,,2026-08-21T02:27:19.171Z,2026-08-21T02:44:04.451Z,1005,2026-08-21T02:44:04.451Z,Global,Global,37d39418-848b-43a3-aff1-182cc8bb7455,SAMMSGLOBAL
202608120345496468,202608120259257434,202608120259257369,106,8306,Clinical Domain Bronze - SaveMNTreatmentServiceReview - VBRP,brz_MNTreatmentServiceReview,TASK_COMPLETE,SUCCESS,INFO,15177,15177,0,,2026-08-12T03:00:44.797Z,2026-08-12T03:45:52.499Z,2708,2026-08-12T03:45:52.499Z,VBRP,BrooklynPark,72952692-3a45-4fdd-be32-4592206c2867,
202608120345496469,202608120259257435,202608120259257369,106,8307,Clinical Domain Bronze - SaveMNTreatmentServiceReview - VMIN,brz_MNTreatmentServiceReview,TASK_COMPLETE,SUCCESS,INFO,6425,6425,0,,2026-08-12T03:00:44.797Z,2026-08-12T03:45:52.499Z,2708,2026-08-12T03:45:52.499Z,VMIN,Minneapolis,72952692-3a45-4fdd-be32-4592206c2867,
202608120345496470,202608120259257436,202608120259257369,106,8308,Clinical Domain Bronze - SaveMNTreatmentServiceReview - VWBY,brz_MNTreatmentServiceReview,TASK_COMPLETE,SUCCESS,INFO,17231,17231,0,,2026-08-12T03:00:44.797Z,2026-08-12T03:45:52.499Z,2708,2026-08-12T03:45:52.499Z,VWBY,Woodbury,72952692-3a45-4fdd-be32-4592206c2867,
202608120345496471,202608120259257437,202608120259257369,106,8311,Clinical Domain Bronze - SaveEnrollment - B12B,brz_Enrollment,TASK_COMPLETE,SUCCESS,INFO,3272,3272,0,,2026-08-12T03:00:44.797Z,2026-08-12T03:45:52.499Z,2708,2026-08-12T03:45:52.499Z,B12B,ColoradoSprings,72952692-3a45-4fdd-be32-4592206c2867,
202608120911546247,202608120822452593,202608120822452528,106,8306,Clinical Domain Bronze - SaveMNTreatmentServiceReview - VBRP,brz_MNTreatmentServiceReview,TASK_COMPLETE,SUCCESS,INFO,15177,15177,0,,2026-08-12T08:25:12.254Z,2026-08-12T09:12:13.728Z,2821,2026-08-12T09:12:13.728Z,VBRP,BrooklynPark,577435af-c452-4617-9a3c-7d2b03361707,
202608120911546248,202608120822452594,202608120822452528,106,8307,Clinical Domain Bronze - SaveMNTreatmentServiceReview - VMIN,brz_MNTreatmentServiceReview,TASK_COMPLETE,SUCCESS,INFO,6425,6425,0,,2026-08-12T08:25:12.254Z,2026-08-12T09:12:13.728Z,2821,2026-08-12T09:12:13.728Z,VMIN,Minneapolis,577435af-c452-4617-9a3c-7d2b03361707,
202608120911546249,202608120822452595,202608120822452528,106,8308,Clinical Domain Bronze - SaveMNTreatmentServiceReview - VWBY,brz_MNTreatmentServiceReview,TASK_COMPLETE,SUCCESS,INFO,17231,17231,0,,2026-08-12T08:25:12.254Z,2026-08-12T09:12:13.728Z,2821,2026-08-12T09:12:13.728Z,VWBY,Woodbury,577435af-c452-4617-9a3c-7d2b03361707,
202608120911546250,202608120822452596,202608120822452528,106,8311,Clinical Domain Bronze - SaveEnrollment - B12B,brz_Enrollment,TASK_COMPLETE,SUCCESS,INFO,3272,3272,0,,2026-08-12T08:25:12.254Z,2026-08-12T09:12:13.728Z,2821,2026-08-12T09:12:13.728Z,B12B,ColoradoSprings,577435af-c452-4617-9a3c-7d2b03361707,
202608221113177480,202608221042113048,202608221042112981,85,1807,Bronze INV,br_Appointments,TASK_COMPLETE,SUCCESS,INFO,25226,25226,0,,2026-08-22T10:42:14.039Z,2026-08-22T11:16:52.295Z,2078,2026-08-22T11:16:52.295Z,FW,Fort Wayne,28d7acf5-bc26-4be3-b390-775b9af3d980,SAMMS-FortWayne
202608221113177482,202608221042113049,202608221042112981,85,1818,Bronze INV,br_Appointments,TASK_COMPLETE,SUCCESS,INFO,19069,19069,0,,2026-08-22T10:42:14.039Z,2026-08-22T11:16:52.295Z,2078,2026-08-22T11:16:52.295Z,LO,Louisville,28d7acf5-bc26-4be3-b390-775b9af3d980,SAMMS-Louisville
202608221113177483,202608221042113050,202608221042112981,85,1877,Bronze INV,br_Appointments,TASK_COMPLETE,SUCCESS,INFO,78784,78784,0,,2026-08-22T10:42:14.039Z,2026-08-22T11:16:52.295Z,2078,2026-08-22T11:16:52.295Z,VBRP,Brooklyn Park,28d7acf5-bc26-4be3-b390-775b9af3d980,SAMMS-BrooklynParkV6
202608191705197792,202608191654270079,202608191654269970,76,144496,PPA Bronze,br_SF_PatientPreAdmission,TASK_COMPLETE,SUCCESS,INFO,7539,7539,0,,2026-08-19T16:54:47.315Z,2026-08-19T17:10:18.523Z,931,2026-08-19T17:10:18.523Z,V6,LC,4736cb14-987d-4509-b3d7-654790c2de16,SAMMS-LCv5
202608191705197793,202608191654270080,202608191654269970,76,144497,PPA Bronze,br_SF_PatientPreAdmission,TASK_COMPLETE,SUCCESS,INFO,5668,5668,0,,2026-08-19T16:54:47.315Z,2026-08-19T17:10:18.523Z,931,2026-08-19T17:10:18.523Z,V8,VCPHCS-VIII-Memphis,4736cb14-987d-4509-b3d7-654790c2de16,SAMMS-VCPHCS-VIII-MemphisV5
202608201034573106,202608201013530487,202608201013530447,46,9766,P1 Finance Claims Bronze - B25,br_samms_claims,TASK_COMPLETE,SUCCESS,INFO,102040,102040,0,,2026-08-20T10:13:57.622Z,2026-08-20T10:39:20.764Z,1523,2026-08-20T10:39:20.764Z,B25,Pikeville,069e8d01-766c-4679-b3df-c21f4d7bc3d1,SAMMS-PikevilleV5
202608201034573061,202608201013530472,202608201013530447,46,9409,P1 Finance 3P Eligibility Bronze - AHK,br_samms_3p_elig,TASK_COMPLETE,SUCCESS,INFO,89,89,0,,2026-08-20T10:13:57.622Z,2026-08-20T10:39:20.764Z,1523,2026-08-20T10:39:20.764Z,AHK,Ahoskie,069e8d01-766c-4679-b3df-c21f4d7bc3d1,SAMMS-Ahoskie
202608191705197654,202608191654269973,202608191654269970,76,144390,PPA Bronze,br_SF_PatientPreAdmission,TASK_COMPLETE,SUCCESS,INFO,8050,8050,0,,2026-08-19T16:54:47.315Z,2026-08-19T17:10:18.523Z,931,2026-08-19T17:10:18.523Z,B24,Paintsville,4736cb14-987d-4509-b3d7-654790c2de16,SAMMS-PaintsvilleV5
202608191705197655,202608191654269974,202608191654269970,76,144391,PPA Bronze,br_SF_PatientPreAdmission,TASK_COMPLETE,SUCCESS,INFO,6795,6795,0,,2026-08-19T16:54:47.315Z,2026-08-19T17:10:18.523Z,931,2026-08-19T17:10:18.523Z,B25,Pikeville,4736cb14-987d-4509-b3d7-654790c2de16,SAMMS-PikevilleV5
202608251539280409,202608251517589127,202608251517589120,46,9409,P1 Finance 3P Eligibility Bronze - AHK,br_samms_3p_elig,TASK_COMPLETE,SUCCESS,INFO,89,89,0,,2026-08-25T15:18:05.141Z,2026-08-25T15:39:31.442Z,1286,2026-08-25T15:39:31.442Z,AHK,Ahoskie,04d587cb-fd28-4f28-a572-c158aa92fa98,SAMMS-Ahoskie
202608191317444271,202608191317444272,20260819131744,109,8608,nb_cashflow_src_to_brz1,br_cashflow_transactions,TASK_FAILED,FAILED,ERROR,0,0,1,No EtlConfig found for PipelineName: ''nb_cashflow_src_to_brz1'',2026-08-19T13:17:44.427Z,2026-08-19T13:17:44.427Z,0,2026-08-19T13:17:44.427Z,,,033e2b9b-3e61-42eb-8a4a-6f9de454a9d1,
202608221113177392,202608221042113101,202608221042112981,85,1328,Bronze INV,br_AdmissionAssessmentDimensionThree,TASK_COMPLETE,SUCCESS,INFO,1067,1067,0,,2026-08-22T10:42:14.039Z,2026-08-22T11:16:52.295Z,2078,2026-08-22T11:16:52.295Z,VWBY,Woodbury,28d7acf5-bc26-4be3-b390-775b9af3d980,SAMMS-WoodburyV6
202608221113177494,202608221042212985,202608221042212981,86,5723,Silver INV,sl_AdmissionAssessmentDimensionThree,TASK_COMPLETE,SUCCESS,INFO,6700,6700,0,,2026-08-22T10:42:14.039Z,2026-08-22T11:16:52.295Z,2078,2026-08-22T11:16:52.295Z,,,28d7acf5-bc26-4be3-b390-775b9af3d980,
202608221113177398,202608221042113082,202608221042112981,85,1338,Bronze INV,br_AdmissionAssessmentDimensionTwo,TASK_COMPLETE,SUCCESS,INFO,496,496,0,,2026-08-22T10:42:14.039Z,2026-08-22T11:16:52.295Z,2078,2026-08-22T11:16:52.295Z,B26,Hazard,28d7acf5-bc26-4be3-b390-775b9af3d980,SAMMS-HazardV5
202608251649114415,202608251629636810,202608251629636804,88,4890,P1 Reference Codes Bronze - B12B,br_samms_codes,TASK_COMPLETE,SUCCESS,INFO,1106,1106,0,,2026-08-25T16:30:10.484Z,2026-08-25T16:49:14.632Z,1144,2026-08-25T16:49:14.632Z,B12B,ColoradoSprings,6d78ce37-8c21-4519-a454-1e5ee4a84a47,SAMMS-ColoradoSpringsV5
202608241524518506,202608241506698228,202608241506698226,28,91002,FormQuestionAnswers Bronze - B12B,br_tblFormQA,TASK_COMPLETE,SUCCESS,INFO,143374,143374,0,,2026-08-24T15:07:25.592Z,2026-08-24T15:24:56.334Z,1051,2026-08-24T15:24:56.334Z,B12B,ColoradoSprings,13c13418-73a4-42bd-b6f1-04e34ee93bae,SAMMS-ColoradoSpringsV5
202608210645042951,202608210645042952,20260821064504,121,12584,Silver OffWeek Counseling Engagement,sl_OffWeekCounselingEngagement,TASK_FAILED,FAILED,ERROR,0,0,1,"invalid syntax (2463999778.py, line 510)",2026-08-21T06:45:04.295Z,2026-08-21T06:45:04.295Z,0,2026-08-21T06:45:04.295Z,,,79873e7e-ec46-43c0-83ef-dae1ad840c11,
202608201034573079,202608201013530455,202608201013530447,46,8822,P1 Finance PBI 3 Pay Auth Bronze - B25,br_samms_pbi3_pay_auth,TASK_COMPLETE,SUCCESS,INFO,1767,1767,0,,2026-08-20T10:13:57.622Z,2026-08-20T10:39:20.764Z,1523,2026-08-20T10:39:20.764Z,B25,Pikeville,069e8d01-766c-4679-b3df-c21f4d7bc3d1,SAMMS-PikevilleV5
202608201034573072,202608201013530459,202608201013530447,46,8940,P1 Finance VW 3P Bill Sub Bronze - B25,br_samms_vw3p_bill_sub,TASK_COMPLETE,SUCCESS,INFO,685,685,0,,2026-08-20T10:13:57.622Z,2026-08-20T10:39:20.764Z,1523,2026-08-20T10:39:20.764Z,B25,Pikeville,069e8d01-766c-4679-b3df-c21f4d7bc3d1,SAMMS-PikevilleV5
202608262123445302,202608262123445302,20260826212318,132,13702,Retention 14 Stat Gold,Retention14Stat,TASK_SKIPPED,DEPENDENCY_BLOCKED,WARNING,0,0,0,Skipped: Dependency TaskConfigId(s) 13690 not successful,2026-08-26T21:23:44.530Z,2026-08-26T21:23:44.530Z,0,2026-08-26T21:23:44.530Z,,,4b200449-8053-4691-81f7-bd43960e8882,
202608262123335715,202608262123335715,20260826212318,132,13701,Census First Dose Gold,CensusFirstDose,TASK_SKIPPED,DEPENDENCY_BLOCKED,WARNING,0,0,0,Skipped: Dependency TaskConfigId(s) 13689 not successful,2026-08-26T21:23:33.571Z,2026-08-26T21:23:33.571Z,0,2026-08-26T21:23:33.571Z,,,4b200449-8053-4691-81f7-bd43960e8882,
202608221113177460,202608221042113064,202608221042112981,85,1531,Bronze INV,br_AdmissionAssessmentSummary,TASK_COMPLETE,SUCCESS,INFO,738,738,0,,2026-08-22T10:42:14.039Z,2026-08-22T11:16:52.295Z,2078,2026-08-22T11:16:52.295Z,B35,Lexington,28d7acf5-bc26-4be3-b390-775b9af3d980,SAMMS-LexingtonV5
202608221113177461,202608221042113065,202608221042112981,85,1545,Bronze INV,br_AdmissionAssessmentSummary,TASK_COMPLETE,SUCCESS,INFO,706,706,0,,2026-08-22T10:42:14.039Z,2026-08-22T11:16:52.295Z,2078,2026-08-22T11:16:52.295Z,B46,Washington DC,28d7acf5-bc26-4be3-b390-775b9af3d980,SAMMS-WashingtonDCv5
202608221113177463,202608221042113066,202608221042112981,85,1546,Bronze INV,br_AdmissionAssessmentSummary,TASK_COMPLETE,SUCCESS,INFO,407,407,0,,2026-08-22T10:42:14.039Z,2026-08-22T11:16:52.295Z,2078,2026-08-22T11:16:52.295Z,B47,Mobile,28d7acf5-bc26-4be3-b390-775b9af3d980,SAMMS-MobileV5
202608270400262558,202608270400262558,20260827035959,132,13702,Retention 14 Stat Gold,Retention14Stat,TASK_SKIPPED,DEPENDENCY_BLOCKED,WARNING,0,0,0,Skipped: Dependency TaskConfigId(s) 13690 not successful,2026-08-27T04:00:26.255Z,2026-08-27T04:00:26.255Z,0,2026-08-27T04:00:26.255Z,,,6c0dfbf2-4982-428b-b962-2d1ca5cf9e53,
202608270400140601,202608270400140601,20260827035959,132,13701,Census First Dose Gold,CensusFirstDose,TASK_SKIPPED,DEPENDENCY_BLOCKED,WARNING,0,0,0,Skipped: Dependency TaskConfigId(s) 13689 not successful,2026-08-27T04:00:14.060Z,2026-08-27T04:00:14.060Z,0,2026-08-27T04:00:14.060Z,,,6c0dfbf2-4982-428b-b962-2d1ca5cf9e53,
202608221113177812,202608221042113184,202608221042112981,85,3923,Bronze INV,br_ReAssessmentPhysicalHealth,TASK_COMPLETE,SUCCESS,INFO,243,243,0,,2026-08-22T10:42:14.039Z,2026-08-22T11:16:52.295Z,2078,2026-08-22T11:16:52.295Z,B35,Lexington,28d7acf5-bc26-4be3-b390-775b9af3d980,SAMMS-LexingtonV5
202608221113177813,202608221042113185,202608221042112981,85,3937,Bronze INV,br_ReAssessmentPhysicalHealth,TASK_COMPLETE,SUCCESS,INFO,591,591,0,,2026-08-22T10:42:14.039Z,2026-08-22T11:16:52.295Z,2078,2026-08-22T11:16:52.295Z,B46,Washington DC,28d7acf5-bc26-4be3-b390-775b9af3d980,SAMMS-WashingtonDCv5
202608221113177814,202608221042113186,202608221042112981,85,3938,Bronze INV,br_ReAssessmentPhysicalHealth,TASK_COMPLETE,SUCCESS,INFO,1575,1575,0,,2026-08-22T10:42:14.039Z,2026-08-22T11:16:52.295Z,2078,2026-08-22T11:16:52.295Z,B47,Mobile,28d7acf5-bc26-4be3-b390-775b9af3d980,SAMMS-MobileV5
202608102323440913,202608102246290054,202608102246289962,31,94092,FormAnswerSignatures Bronze - TTCC,br_tblFormAnswerSig,TASK_COMPLETE,SUCCESS,INFO,18415,18415,0,,2026-08-10T22:46:50.634Z,2026-08-10T23:23:47.420Z,2217,2026-08-10T23:23:47.420Z,TTCC,GrandBay,577185a2-f5a0-4625-b776-012683caf0bc,
202608102323440915,202608102246290055,202608102246289962,31,94093,FormAnswerSignatures Bronze - TU,br_tblFormAnswerSig,TASK_COMPLETE,SUCCESS,INFO,1317,1317,0,,2026-08-10T22:46:50.634Z,2026-08-10T23:23:47.420Z,2217,2026-08-10T23:23:47.420Z,TU,Tucson,577185a2-f5a0-4625-b776-012683caf0bc,
202608102323440916,202608102246290056,202608102246289962,31,94094,FormAnswerSignatures Bronze - V1,br_tblFormAnswerSig,TASK_COMPLETE,SUCCESS,INFO,13722,13722,0,,2026-08-10T22:46:50.634Z,2026-08-10T23:23:47.420Z,2217,2026-08-10T23:23:47.420Z,V1,VCPHCS-I-Memphis,577185a2-f5a0-4625-b776-012683caf0bc,
202608102323440917,202608102246290057,202608102246289962,31,94095,FormAnswerSignatures Bronze - V10,br_tblFormAnswerSig,TASK_COMPLETE,SUCCESS,INFO,23154,23154,0,,2026-08-10T22:46:50.634Z,2026-08-10T23:23:47.420Z,2217,2026-08-10T23:23:47.420Z,V10,Boulder,577185a2-f5a0-4625-b776-012683caf0bc,
202608102323440918,202608102246290058,202608102246289962,31,94096,FormAnswerSignatures Bronze - V10A,br_tblFormAnswerSig,TASK_COMPLETE,SUCCESS,INFO,34731,34731,0,,2026-08-10T22:46:50.634Z,2026-08-10T23:23:47.420Z,2217,2026-08-10T23:23:47.420Z,V10A,FortCollins,577185a2-f5a0-4625-b776-012683caf0bc,
202608102323440919,202608102246290059,202608102246289962,31,94097,FormAnswerSignatures Bronze - V11,br_tblFormAnswerSig,TASK_COMPLETE,SUCCESS,INFO,29212,29212,0,,2026-08-10T22:46:50.634Z,2026-08-10T23:23:47.420Z,2217,2026-08-10T23:23:47.420Z,V11,VCPHCS-XI-NorthDenver,577185a2-f5a0-4625-b776-012683caf0bc,
202608102323440920,202608102246290060,202608102246289962,31,94098,FormAnswerSignatures Bronze - V12,br_tblFormAnswerSig,TASK_COMPLETE,SUCCESS,INFO,36636,36636,0,,2026-08-10T22:46:50.634Z,2026-08-10T23:23:47.420Z,2217,2026-08-10T23:23:47.420Z,V12,VCPHCS-XII-DowntownDenver,577185a2-f5a0-4625-b776-012683caf0bc,
202608110409368590,202608110331629424,202608110331629359,106,8308,Clinical Domain Bronze - SaveMNTreatmentServiceReview - VWBY,brz_MNTreatmentServiceReview,TASK_COMPLETE,SUCCESS,INFO,17178,17178,0,,2026-08-11T03:32:39.288Z,2026-08-11T04:09:40.942Z,2221,2026-08-11T04:09:40.942Z,VWBY,Woodbury,6e36e3b5-c33e-4cc8-b6e2-dc5c3524428c,
202608110409368591,202608110331629425,202608110331629359,106,8311,Clinical Domain Bronze - SaveEnrollment - B12B,brz_Enrollment,TASK_COMPLETE,SUCCESS,INFO,3272,3272,0,,2026-08-11T03:32:39.288Z,2026-08-11T04:09:40.942Z,2221,2026-08-11T04:09:40.942Z,B12B,ColoradoSprings,6e36e3b5-c33e-4cc8-b6e2-dc5c3524428c,
202608110409368592,202608110331629426,202608110331629359,106,8355,Clinical Domain Bronze - SaveEnrollment - BOI,brz_Enrollment,TASK_COMPLETE,SUCCESS,INFO,1192,1192,0,,2026-08-11T03:32:39.288Z,2026-08-11T04:09:40.942Z,2221,2026-08-11T04:09:40.942Z,BOI,Boise,6e36e3b5-c33e-4cc8-b6e2-dc5c3524428c,
202608110409368593,202608110331629427,202608110331629359,106,8404,Clinical Domain Bronze - SaveEnrollment - V10,brz_Enrollment,TASK_COMPLETE,SUCCESS,INFO,10397,10397,0,,2026-08-11T03:32:39.288Z,2026-08-11T04:09:40.942Z,2221,2026-08-11T04:09:40.942Z,V10,Boulder,6e36e3b5-c33e-4cc8-b6e2-dc5c3524428c,
202608110409368595,202608110331629428,202608110331629359,106,8426,Clinical Domain Bronze - SaveTreatmentLevel - B12B,brz_TreatmentLevel,TASK_COMPLETE,SUCCESS,INFO,522,522,0,,2026-08-11T03:32:39.288Z,2026-08-11T04:09:40.942Z,2221,2026-08-11T04:09:40.942Z,B12B,ColoradoSprings,6e36e3b5-c33e-4cc8-b6e2-dc5c3524428c,
202608110409368596,202608110331629429,202608110331629359,106,8470,Clinical Domain Bronze - SaveTreatmentLevel - BOI,brz_TreatmentLevel,TASK_COMPLETE,SUCCESS,INFO,297,297,0,,2026-08-11T03:32:39.288Z,2026-08-11T04:09:40.942Z,2221,2026-08-11T04:09:40.942Z,BOI,Boise,6e36e3b5-c33e-4cc8-b6e2-dc5c3524428c,
202608110409368597,202608110331629430,202608110331629359,106,8519,Clinical Domain Bronze - SaveTreatmentLevel - V10,brz_TreatmentLevel,TASK_COMPLETE,SUCCESS,INFO,663,663,0,,2026-08-11T03:32:39.288Z,2026-08-11T04:09:40.942Z,2221,2026-08-11T04:09:40.942Z,V10,Boulder,6e36e3b5-c33e-4cc8-b6e2-dc5c3524428c,
202608140551555126,202608140519472977,202608140519472937,106,8306,Clinical Domain Bronze - SaveMNTreatmentServiceReview - VBRP,brz_MNTreatmentServiceReview,TASK_COMPLETE,SUCCESS,INFO,470,470,0,,2026-08-14T05:21:11.366Z,2026-08-14T05:51:58.644Z,1847,2026-08-14T05:51:58.644Z,VBRP,BrooklynPark,367e5368-81b8-4196-9731-5b3efc5e39d9,
202608140551555127,202608140519472978,202608140519472937,106,8307,Clinical Domain Bronze - SaveMNTreatmentServiceReview - VMIN,brz_MNTreatmentServiceReview,TASK_COMPLETE,SUCCESS,INFO,270,270,0,,2026-08-14T05:21:11.366Z,2026-08-14T05:51:58.644Z,1847,2026-08-14T05:51:58.644Z,VMIN,Minneapolis,367e5368-81b8-4196-9731-5b3efc5e39d9,
202608140551555128,202608140519472979,202608140519472937,106,8308,Clinical Domain Bronze - SaveMNTreatmentServiceReview - VWBY,brz_MNTreatmentServiceReview,TASK_COMPLETE,SUCCESS,INFO,418,418,0,,2026-08-14T05:21:11.366Z,2026-08-14T05:51:58.644Z,1847,2026-08-14T05:51:58.644Z,VWBY,Woodbury,367e5368-81b8-4196-9731-5b3efc5e39d9,
202608102226458882,202608102151219795,202608102151219703,31,94092,FormAnswerSignatures Bronze - TTCC,br_tblFormAnswerSig,TASK_COMPLETE,SUCCESS,INFO,18414,18414,0,,2026-08-10T21:52:10.015Z,2026-08-10T22:26:49.259Z,2079,2026-08-10T22:26:49.259Z,TTCC,GrandBay,733bdb65-98e7-4d6d-af8f-93040e55bb44,
202608102226458883,202608102151219796,202608102151219703,31,94093,FormAnswerSignatures Bronze - TU,br_tblFormAnswerSig,TASK_COMPLETE,SUCCESS,INFO,1317,1317,0,,2026-08-10T21:52:10.015Z,2026-08-10T22:26:49.259Z,2079,2026-08-10T22:26:49.259Z,TU,Tucson,733bdb65-98e7-4d6d-af8f-93040e55bb44,
202608102226458884,202608102151219797,202608102151219703,31,94094,FormAnswerSignatures Bronze - V1,br_tblFormAnswerSig,TASK_COMPLETE,SUCCESS,INFO,13722,13722,0,,2026-08-10T21:52:10.015Z,2026-08-10T22:26:49.259Z,2079,2026-08-10T22:26:49.259Z,V1,VCPHCS-I-Memphis,733bdb65-98e7-4d6d-af8f-93040e55bb44,
202608102226458885,202608102151219798,202608102151219703,31,94095,FormAnswerSignatures Bronze - V10,br_tblFormAnswerSig,TASK_COMPLETE,SUCCESS,INFO,23154,23154,0,,2026-08-10T21:52:10.015Z,2026-08-10T22:26:49.259Z,2079,2026-08-10T22:26:49.259Z,V10,Boulder,733bdb65-98e7-4d6d-af8f-93040e55bb44,
202608102226458886,202608102151219799,202608102151219703,31,94096,FormAnswerSignatures Bronze - V10A,br_tblFormAnswerSig,TASK_COMPLETE,SUCCESS,INFO,34731,34731,0,,2026-08-10T21:52:10.015Z,2026-08-10T22:26:49.259Z,2079,2026-08-10T22:26:49.259Z,V10A,FortCollins,733bdb65-98e7-4d6d-af8f-93040e55bb44,
202608102226458888,202608102151219800,202608102151219703,31,94097,FormAnswerSignatures Bronze - V11,br_tblFormAnswerSig,TASK_COMPLETE,SUCCESS,INFO,29212,29212,0,,2026-08-10T21:52:10.015Z,2026-08-10T22:26:49.259Z,2079,2026-08-10T22:26:49.259Z,V11,VCPHCS-XI-NorthDenver,733bdb65-98e7-4d6d-af8f-93040e55bb44,
202608102226458889,202608102151219801,202608102151219703,31,94098,FormAnswerSignatures Bronze - V12,br_tblFormAnswerSig,TASK_COMPLETE,SUCCESS,INFO,36634,36634,0,,2026-08-10T21:52:10.015Z,2026-08-10T22:26:49.259Z,2079,2026-08-10T22:26:49.259Z,V12,VCPHCS-XII-DowntownDenver,733bdb65-98e7-4d6d-af8f-93040e55bb44,
202608141520396111,202608141439460334,202608141439460325,124,13643,Assessments Silver - SaveAdmissionAssessmentsSubstanceUseHistory,sl_Admissionassessmentsubstanceusehistory,TASK_COMPLETE,SUCCESS,INFO,0,0,0,,2026-08-14T14:40:07.233Z,2026-08-14T15:20:43.374Z,2436,2026-08-14T15:20:43.374Z,Global,SAMMSGLOBAL,58f20748-15b7-4a11-966c-9510b56c5310,
202608120345496436,202608120259257406,202608120259257369,106,7960,Clinical Domain Bronze - SaveMNCALOC - VBRA,brz_MNComprehensiveAssessmentLevelOfCare,TASK_COMPLETE,SUCCESS,INFO,220,220,0,,2026-08-12T03:00:44.797Z,2026-08-12T03:45:52.499Z,2708,2026-08-12T03:45:52.499Z,VBRA,Brainerd,72952692-3a45-4fdd-be32-4592206c2867,
202608120345496437,202608120259257407,202608120259257369,106,7961,Clinical Domain Bronze - SaveMNCALOC - VBRP,brz_MNComprehensiveAssessmentLevelOfCare,TASK_COMPLETE,SUCCESS,INFO,249,249,0,,2026-08-12T03:00:44.797Z,2026-08-12T03:45:52.499Z,2708,2026-08-12T03:45:52.499Z,VBRP,BrooklynPark,72952692-3a45-4fdd-be32-4592206c2867,
202608120345496439,202608120259257408,202608120259257369,106,7962,Clinical Domain Bronze - SaveMNCALOC - VMIN,brz_MNComprehensiveAssessmentLevelOfCare,TASK_COMPLETE,SUCCESS,INFO,198,198,0,,2026-08-12T03:00:44.797Z,2026-08-12T03:45:52.499Z,2708,2026-08-12T03:45:52.499Z,VMIN,Minneapolis,72952692-3a45-4fdd-be32-4592206c2867,
202608120345496440,202608120259257409,202608120259257369,106,7963,Clinical Domain Bronze - SaveMNCALOC - VWBY,brz_MNComprehensiveAssessmentLevelOfCare,TASK_COMPLETE,SUCCESS,INFO,384,384,0,,2026-08-12T03:00:44.797Z,2026-08-12T03:45:52.499Z,2708,2026-08-12T03:45:52.499Z,VWBY,Woodbury,72952692-3a45-4fdd-be32-4592206c2867,
202608120911546215,202608120822452565,202608120822452528,106,7960,Clinical Domain Bronze - SaveMNCALOC - VBRA,brz_MNComprehensiveAssessmentLevelOfCare,TASK_COMPLETE,SUCCESS,INFO,220,220,0,,2026-08-12T08:25:12.254Z,2026-08-12T09:12:13.728Z,2821,2026-08-12T09:12:13.728Z,VBRA,Brainerd,577435af-c452-4617-9a3c-7d2b03361707,
202608120911546217,202608120822452566,202608120822452528,106,7961,Clinical Domain Bronze - SaveMNCALOC - VBRP,brz_MNComprehensiveAssessmentLevelOfCare,TASK_COMPLETE,SUCCESS,INFO,249,249,0,,2026-08-12T08:25:12.254Z,2026-08-12T09:12:13.728Z,2821,2026-08-12T09:12:13.728Z,VBRP,BrooklynPark,577435af-c452-4617-9a3c-7d2b03361707,
202608120911546218,202608120822452567,202608120822452528,106,7962,Clinical Domain Bronze - SaveMNCALOC - VMIN,brz_MNComprehensiveAssessmentLevelOfCare,TASK_COMPLETE,SUCCESS,INFO,198,198,0,,2026-08-12T08:25:12.254Z,2026-08-12T09:12:13.728Z,2821,2026-08-12T09:12:13.728Z,VMIN,Minneapolis,577435af-c452-4617-9a3c-7d2b03361707,
202608120911546219,202608120822452568,202608120822452528,106,7963,Clinical Domain Bronze - SaveMNCALOC - VWBY,brz_MNComprehensiveAssessmentLevelOfCare,TASK_COMPLETE,SUCCESS,INFO,384,384,0,,2026-08-12T08:25:12.254Z,2026-08-12T09:12:13.728Z,2821,2026-08-12T09:12:13.728Z,VWBY,Woodbury,577435af-c452-4617-9a3c-7d2b03361707,
202608251539280405,202608251517589124,202608251517589120,46,9055,P1 Finance FMP Bronze - AHK,br_samms_fmp,TASK_COMPLETE,SUCCESS,INFO,3,3,0,,2026-08-25T15:18:05.141Z,2026-08-25T15:39:31.442Z,1286,2026-08-25T15:39:31.442Z,AHK,Ahoskie,04d587cb-fd28-4f28-a572-c158aa92fa98,SAMMS-Ahoskie
202608261724109169,202608261657210993,202608261657210989,46,9055,P1 Finance FMP Bronze - AHK,br_samms_fmp,TASK_COMPLETE,SUCCESS,INFO,3,3,0,,2026-08-26T16:57:24.758Z,2026-08-26T17:25:01.887Z,1657,2026-08-26T17:25:01.887Z,AHK,Ahoskie,7a1b4484-4dc4-4e48-b51b-e78359ce9673,SAMMS-Ahoskie
202608201034573128,202608201013530460,202608201013530447,46,9055,P1 Finance FMP Bronze - AHK,br_samms_fmp,TASK_COMPLETE,SUCCESS,INFO,3,3,0,,2026-08-20T10:13:57.622Z,2026-08-20T10:39:20.764Z,1523,2026-08-20T10:39:20.764Z,AHK,Ahoskie,069e8d01-766c-4679-b3df-c21f4d7bc3d1,SAMMS-Ahoskie
202608220929265559,202608220857344380,202608220857344379,123,12600,Assessments Bronze - SavePA - AHK,br_PA,TASK_COMPLETE,SUCCESS,INFO,67,67,0,,2026-08-22T08:58:22.185Z,2026-08-22T09:29:29.627Z,1867,2026-08-22T09:29:29.627Z,AHK,Ahoskie,39d3782c-f729-4e52-b4aa-f257942a503a,SAMMS-Ahoskie
202608102144480569,202608102108561500,202608102108561394,28,91106,FormQuestionAnswers Bronze - V5,br_tblFormQA,TASK_COMPLETE,SUCCESS,INFO,16845,16845,0,,2026-08-10T21:09:33.412Z,2026-08-10T21:44:51.777Z,2118,2026-08-10T21:44:51.777Z,V5,NONTC,919a3989-3039-4ed4-8e54-b0f9527e0235,
202608102144480570,202608102108561501,202608102108561394,28,91107,FormQuestionAnswers Bronze - V5B,br_tblFormQA,TASK_COMPLETE,SUCCESS,INFO,4629,4629,0,,2026-08-10T21:09:33.412Z,2026-08-10T21:44:51.777Z,2118,2026-08-10T21:44:51.777Z,V5B,Houma,919a3989-3039-4ed4-8e54-b0f9527e0235,
202608102144480571,202608102108561502,202608102108561394,28,91108,FormQuestionAnswers Bronze - V6,br_tblFormQA,TASK_COMPLETE,SUCCESS,INFO,19939,19939,0,,2026-08-10T21:09:33.412Z,2026-08-10T21:44:51.777Z,2118,2026-08-10T21:44:51.777Z,V6,LC,919a3989-3039-4ed4-8e54-b0f9527e0235,
202608102144480572,202608102108561503,202608102108561394,28,91109,FormQuestionAnswers Bronze - V8,br_tblFormQA,TASK_COMPLETE,SUCCESS,INFO,17449,17449,0,,2026-08-10T21:09:33.412Z,2026-08-10T21:44:51.777Z,2118,2026-08-10T21:44:51.777Z,V8,VCPHCS-VIII-Memphis,919a3989-3039-4ed4-8e54-b0f9527e0235,
202608102144480573,202608102108561504,202608102108561394,28,91110,FormQuestionAnswers Bronze - V9,br_tblFormQA,TASK_COMPLETE,SUCCESS,INFO,22650,22650,0,,2026-08-10T21:09:33.412Z,2026-08-10T21:44:51.777Z,2118,2026-08-10T21:44:51.777Z,V9,Nashville,919a3989-3039-4ed4-8e54-b0f9527e0235,
202608102144480574,202608102108561505,202608102108561394,28,91111,FormQuestionAnswers Bronze - VBRA,br_tblFormQA,TASK_COMPLETE,SUCCESS,INFO,28854,28854,0,,2026-08-10T21:09:33.412Z,2026-08-10T21:44:51.777Z,2118,2026-08-10T21:44:51.777Z,VBRA,Brainerd,919a3989-3039-4ed4-8e54-b0f9527e0235,
202608102144480575,202608102108561506,202608102108561394,28,91112,FormQuestionAnswers Bronze - VBRP,br_tblFormQA,TASK_COMPLETE,SUCCESS,INFO,45592,45592,0,,2026-08-10T21:09:33.412Z,2026-08-10T21:44:51.777Z,2118,2026-08-10T21:44:51.777Z,VBRP,BrooklynPark,919a3989-3039-4ed4-8e54-b0f9527e0235,
202608102144480577,202608102108561507,202608102108561394,28,91113,FormQuestionAnswers Bronze - VMIN,br_tblFormQA,TASK_COMPLETE,SUCCESS,INFO,27729,27729,0,,2026-08-10T21:09:33.412Z,2026-08-10T21:44:51.777Z,2118,2026-08-10T21:44:51.777Z,VMIN,Minneapolis,919a3989-3039-4ed4-8e54-b0f9527e0235,
202608102144480578,202608102108561508,202608102108561394,28,91114,FormQuestionAnswers Bronze - VWBY,br_tblFormQA,TASK_COMPLETE,SUCCESS,INFO,48940,48940,0,,2026-08-10T21:09:33.412Z,2026-08-10T21:44:51.777Z,2118,2026-08-10T21:44:51.777Z,VWBY,Woodbury,919a3989-3039-4ed4-8e54-b0f9527e0235,
202608102144480579,202608102108561509,202608102108561394,28,91115,FormQuestionAnswers Bronze - WIL,br_tblFormQA,TASK_COMPLETE,SUCCESS,INFO,11527,11527,0,,2026-08-10T21:09:33.412Z,2026-08-10T21:44:51.777Z,2118,2026-08-10T21:44:51.777Z,WIL,Wilson,919a3989-3039-4ed4-8e54-b0f9527e0235,
202608102139177398,202608102103362605,202608102103362513,31,94092,FormAnswerSignatures Bronze - TTCC,br_tblFormAnswerSig,TASK_COMPLETE,SUCCESS,INFO,18414,18414,0,,2026-08-10T21:04:36.348Z,2026-08-10T21:39:44.219Z,2108,2026-08-10T21:39:44.219Z,TTCC,GrandBay,0e7e4594-5e6f-405f-a303-69a6f189ed20,
202608102139177399,202608102103362606,202608102103362513,31,94093,FormAnswerSignatures Bronze - TU,br_tblFormAnswerSig,TASK_COMPLETE,SUCCESS,INFO,1317,1317,0,,2026-08-10T21:04:36.348Z,2026-08-10T21:39:44.219Z,2108,2026-08-10T21:39:44.219Z,TU,Tucson,0e7e4594-5e6f-405f-a303-69a6f189ed20,
202608102139177400,202608102103362607,202608102103362513,31,94094,FormAnswerSignatures Bronze - V1,br_tblFormAnswerSig,TASK_COMPLETE,SUCCESS,INFO,13722,13722,0,,2026-08-10T21:04:36.348Z,2026-08-10T21:39:44.219Z,2108,2026-08-10T21:39:44.219Z,V1,VCPHCS-I-Memphis,0e7e4594-5e6f-405f-a303-69a6f189ed20,
202608102139177402,202608102103362608,202608102103362513,31,94095,FormAnswerSignatures Bronze - V10,br_tblFormAnswerSig,TASK_COMPLETE,SUCCESS,INFO,23154,23154,0,,2026-08-10T21:04:36.348Z,2026-08-10T21:39:44.219Z,2108,2026-08-10T21:39:44.219Z,V10,Boulder,0e7e4594-5e6f-405f-a303-69a6f189ed20,
202608102139177403,202608102103362609,202608102103362513,31,94096,FormAnswerSignatures Bronze - V10A,br_tblFormAnswerSig,TASK_COMPLETE,SUCCESS,INFO,34731,34731,0,,2026-08-10T21:04:36.348Z,2026-08-10T21:39:44.219Z,2108,2026-08-10T21:39:44.219Z,V10A,FortCollins,0e7e4594-5e6f-405f-a303-69a6f189ed20,
202608102139177404,202608102103362610,202608102103362513,31,94097,FormAnswerSignatures Bronze - V11,br_tblFormAnswerSig,TASK_COMPLETE,SUCCESS,INFO,29212,29212,0,,2026-08-10T21:04:36.348Z,2026-08-10T21:39:44.219Z,2108,2026-08-10T21:39:44.219Z,V11,VCPHCS-XI-NorthDenver,0e7e4594-5e6f-405f-a303-69a6f189ed20,
202608102139177405,202608102103362611,202608102103362513,31,94098,FormAnswerSignatures Bronze - V12,br_tblFormAnswerSig,TASK_COMPLETE,SUCCESS,INFO,36634,36634,0,,2026-08-10T21:04:36.348Z,2026-08-10T21:39:44.219Z,2108,2026-08-10T21:39:44.219Z,V12,VCPHCS-XII-DowntownDenver,0e7e4594-5e6f-405f-a303-69a6f189ed20,
202608242048534096,202608242042110712,202608242042110704,76,144460,PPA Bronze,br_SF_PatientPreAdmission,TASK_COMPLETE,SUCCESS,INFO,20495,20495,0,,2026-08-24T20:42:15.925Z,2026-08-24T20:48:56.393Z,401,2026-08-24T20:48:56.393Z,LO,Louisville,3493ae40-96b6-4051-9666-1f519a793994,SAMMS-Louisville
202608191705197789,202608191654270077,202608191654269970,76,144494,PPA Bronze,br_SF_PatientPreAdmission,TASK_COMPLETE,SUCCESS,INFO,7837,7837,0,,2026-08-19T16:54:47.315Z,2026-08-19T17:10:18.523Z,931,2026-08-19T17:10:18.523Z,V5,NONTC,4736cb14-987d-4509-b3d7-654790c2de16,SAMMS-NONTCv5
202608191705197791,202608191654270078,202608191654269970,76,144495,PPA Bronze,br_SF_PatientPreAdmission,TASK_COMPLETE,SUCCESS,INFO,1801,1801,0,,2026-08-19T16:54:47.315Z,2026-08-19T17:10:18.523Z,931,2026-08-19T17:10:18.523Z,V5B,Houma,4736cb14-987d-4509-b3d7-654790c2de16,SAMMS-HoumaV6
202608191705197759,202608191654270053,202608191654269970,76,144470,PPA Bronze,br_SF_PatientPreAdmission,TASK_COMPLETE,SUCCESS,INFO,3940,3940,0,,2026-08-19T16:54:47.315Z,2026-08-19T17:10:18.523Z,931,2026-08-19T17:10:18.523Z,RE,Reno,4736cb14-987d-4509-b3d7-654790c2de16,SAMMS-Reno
202608191705197760,202608191654270054,202608191654269970,76,144471,PPA Bronze,br_SF_PatientPreAdmission,TASK_COMPLETE,SUCCESS,INFO,8711,8711,0,,2026-08-19T16:54:47.315Z,2026-08-19T17:10:18.523Z,931,2026-08-19T17:10:18.523Z,RMD,Richmond,4736cb14-987d-4509-b3d7-654790c2de16,SAMMS-Richmond
202608182006250286,202608181956174488,202608181956174485,114,8618,CDC Bronze INV,br_LiquidLog_CDC,TASK_COMPLETE,FAILED,ERROR,19,19,1,CDC pipeline failed. Check the failed parent/child activity run details.,2026-08-18T19:56:36.253Z,2026-08-18T20:09:23.930Z,767,2026-08-18T20:09:23.930Z,CBCO,Coeur dAlene,8dab4cff-7612-4075-a975-28ce5920b57c,
202608142019050160,202608141850614727,202608141850614621,28,91106,FormQuestionAnswers Bronze - V5,br_tblFormQA,TASK_COMPLETE,SUCCESS,INFO,267562,267562,0,,2026-08-14T18:51:07.427Z,2026-08-14T20:19:08.156Z,5281,2026-08-14T20:19:08.156Z,V5,NONTC,06b9d75d-291b-4cd2-9a89-52908a52280f,
202608142019050161,202608141850614728,202608141850614621,28,91107,FormQuestionAnswers Bronze - V5B,br_tblFormQA,TASK_COMPLETE,SUCCESS,INFO,43273,43273,0,,2026-08-14T18:51:07.427Z,2026-08-14T20:19:08.156Z,5281,2026-08-14T20:19:08.156Z,V5B,Houma,06b9d75d-291b-4cd2-9a89-52908a52280f,
202608142019050162,202608141850614729,202608141850614621,28,91108,FormQuestionAnswers Bronze - V6,br_tblFormQA,TASK_COMPLETE,SUCCESS,INFO,292140,292140,0,,2026-08-14T18:51:07.427Z,2026-08-14T20:19:08.156Z,5281,2026-08-14T20:19:08.156Z,V6,LC,06b9d75d-291b-4cd2-9a89-52908a52280f,
202608142019050163,202608141850614730,202608141850614621,28,91109,FormQuestionAnswers Bronze - V8,br_tblFormQA,TASK_COMPLETE,SUCCESS,INFO,203686,203686,0,,2026-08-14T18:51:07.427Z,2026-08-14T20:19:08.156Z,5281,2026-08-14T20:19:08.156Z,V8,VCPHCS-VIII-Memphis,06b9d75d-291b-4cd2-9a89-52908a52280f,
202608142019050164,202608141850614731,202608141850614621,28,91110,FormQuestionAnswers Bronze - V9,br_tblFormQA,TASK_COMPLETE,SUCCESS,INFO,400311,400311,0,,2026-08-14T18:51:07.427Z,2026-08-14T20:19:08.156Z,5281,2026-08-14T20:19:08.156Z,V9,Nashville,06b9d75d-291b-4cd2-9a89-52908a52280f,
202608142019050165,202608141850614732,202608141850614621,28,91111,FormQuestionAnswers Bronze - VBRA,br_tblFormQA,TASK_COMPLETE,SUCCESS,INFO,340441,340441,0,,2026-08-14T18:51:07.427Z,2026-08-14T20:19:08.156Z,5281,2026-08-14T20:19:08.156Z,VBRA,Brainerd,06b9d75d-291b-4cd2-9a89-52908a52280f,
202608142019050166,202608141850614733,202608141850614621,28,91112,FormQuestionAnswers Bronze - VBRP,br_tblFormQA,TASK_COMPLETE,SUCCESS,INFO,616472,616472,0,,2026-08-14T18:51:07.427Z,2026-08-14T20:19:08.156Z,5281,2026-08-14T20:19:08.156Z,VBRP,BrooklynPark,06b9d75d-291b-4cd2-9a89-52908a52280f,
202608142019050167,202608141850614734,202608141850614621,28,91113,FormQuestionAnswers Bronze - VMIN,br_tblFormQA,TASK_COMPLETE,SUCCESS,INFO,519043,519043,0,,2026-08-14T18:51:07.427Z,2026-08-14T20:19:08.156Z,5281,2026-08-14T20:19:08.156Z,VMIN,Minneapolis,06b9d75d-291b-4cd2-9a89-52908a52280f,
202608142019050168,202608141850614735,202608141850614621,28,91114,FormQuestionAnswers Bronze - VWBY,br_tblFormQA,TASK_COMPLETE,SUCCESS,INFO,738226,738226,0,,2026-08-14T18:51:07.427Z,2026-08-14T20:19:08.156Z,5281,2026-08-14T20:19:08.156Z,VWBY,Woodbury,06b9d75d-291b-4cd2-9a89-52908a52280f,
202608142019050169,202608141850614736,202608141850614621,28,91115,FormQuestionAnswers Bronze - WIL,br_tblFormQA,TASK_COMPLETE,SUCCESS,INFO,109184,109184,0,,2026-08-14T18:51:07.427Z,2026-08-14T20:19:08.156Z,5281,2026-08-14T20:19:08.156Z,WIL,Wilson,06b9d75d-291b-4cd2-9a89-52908a52280f,
202608120345496463,202608120259257430,202608120259257369,106,8196,Clinical Domain Bronze - SaveMNTreatmentServiceReview - B12B,brz_MNTreatmentServiceReview,TASK_COMPLETE,SUCCESS,INFO,46206,46206,0,,2026-08-12T03:00:44.797Z,2026-08-12T03:45:52.499Z,2708,2026-08-12T03:45:52.499Z,B12B,ColoradoSprings,72952692-3a45-4fdd-be32-4592206c2867,
202608120345496464,202608120259257431,202608120259257369,106,8240,Clinical Domain Bronze - SaveMNTreatmentServiceReview - BOI,brz_MNTreatmentServiceReview,TASK_COMPLETE,SUCCESS,INFO,46206,46206,0,,2026-08-12T03:00:44.797Z,2026-08-12T03:45:52.499Z,2708,2026-08-12T03:45:52.499Z,BOI,Boise,72952692-3a45-4fdd-be32-4592206c2867,
202608120345496465,202608120259257432,202608120259257369,106,8289,Clinical Domain Bronze - SaveMNTreatmentServiceReview - V10,brz_MNTreatmentServiceReview,TASK_COMPLETE,SUCCESS,INFO,46206,46206,0,,2026-08-12T03:00:44.797Z,2026-08-12T03:45:52.499Z,2708,2026-08-12T03:45:52.499Z,V10,Boulder,72952692-3a45-4fdd-be32-4592206c2867,
202608120345496466,202608120259257433,202608120259257369,106,8305,Clinical Domain Bronze - SaveMNTreatmentServiceReview - VBRA,brz_MNTreatmentServiceReview,TASK_COMPLETE,SUCCESS,INFO,7373,7373,0,,2026-08-12T03:00:44.797Z,2026-08-12T03:45:52.499Z,2708,2026-08-12T03:45:52.499Z,VBRA,Brainerd,72952692-3a45-4fdd-be32-4592206c2867,
202608221113177101,202608221042113105,202608221042112981,85,625,Bronze INV,br_AdmissionAssessmentDimensionFour,TASK_COMPLETE,SUCCESS,INFO,657,657,0,,2026-08-22T10:42:14.039Z,2026-08-22T11:16:52.295Z,2078,2026-08-22T11:16:52.295Z,B46,Washington DC,28d7acf5-bc26-4be3-b390-775b9af3d980,SAMMS-WashingtonDCv5
202608221113177102,202608221042113106,202608221042112981,85,626,Bronze INV,br_AdmissionAssessmentDimensionFour,TASK_COMPLETE,SUCCESS,INFO,345,345,0,,2026-08-22T10:42:14.039Z,2026-08-22T11:16:52.295Z,2078,2026-08-22T11:16:52.295Z,B47,Mobile,28d7acf5-bc26-4be3-b390-775b9af3d980,SAMMS-MobileV5
202608221113177103,202608221042113107,202608221042112981,85,695,Bronze INV,br_AdmissionAssessmentDimensionFour,TASK_COMPLETE,SUCCESS,INFO,1257,1257,0,,2026-08-22T10:42:14.039Z,2026-08-22T11:16:52.295Z,2078,2026-08-22T11:16:52.295Z,DRD-NOLA,NOLA,28d7acf5-bc26-4be3-b390-775b9af3d980,SAMMS-NOLAv5
202608221113177406,202608221042113089,202608221042112981,85,1450,Bronze INV,br_AdmissionAssessmentDimensionTwo,TASK_COMPLETE,SUCCESS,INFO,429,429,0,,2026-08-22T10:42:14.039Z,2026-08-22T11:16:52.295Z,2078,2026-08-22T11:16:52.295Z,LO,Louisville,28d7acf5-bc26-4be3-b390-775b9af3d980,SAMMS-Louisville
202608221113177407,202608221042113090,202608221042112981,85,1509,Bronze INV,br_AdmissionAssessmentDimensionTwo,TASK_COMPLETE,SUCCESS,INFO,598,598,0,,2026-08-22T10:42:14.039Z,2026-08-22T11:16:52.295Z,2078,2026-08-22T11:16:52.295Z,VBRP,Brooklyn Park,28d7acf5-bc26-4be3-b390-775b9af3d980,SAMMS-BrooklynParkV6
202608221113177408,202608221042113091,202608221042112981,85,1512,Bronze INV,br_AdmissionAssessmentDimensionTwo,TASK_COMPLETE,SUCCESS,INFO,1075,1075,0,,2026-08-22T10:42:14.039Z,2026-08-22T11:16:52.295Z,2078,2026-08-22T11:16:52.295Z,VWBY,Woodbury,28d7acf5-bc26-4be3-b390-775b9af3d980,SAMMS-WoodburyV6
202608251649114413,202608251629636808,202608251629636804,88,4772,P1 Reference 3P Setup Bronze - B12B,br_samms_3p_setup,TASK_COMPLETE,SUCCESS,INFO,3,3,0,,2026-08-25T16:30:10.484Z,2026-08-25T16:49:14.632Z,1144,2026-08-25T16:49:14.632Z,B12B,ColoradoSprings,6d78ce37-8c21-4519-a454-1e5ee4a84a47,SAMMS-ColoradoSpringsV5
202608270401423934,202608270401423934,20260827035959,132,13708,Auth Elig Trend Auth Gold,CurrentDayPayAuth,TASK_SKIPPED,DEPENDENCY_BLOCKED,WARNING,0,0,0,Skipped: Dependency TaskConfigId(s) 13696 not successful,2026-08-27T04:01:42.393Z,2026-08-27T04:01:42.393Z,0,2026-08-27T04:01:42.393Z,,,6c0dfbf2-4982-428b-b962-2d1ca5cf9e53,
202608262124560715,202608262124560715,20260826212318,132,13708,Auth Elig Trend Auth Gold,CurrentDayPayAuth,TASK_SKIPPED,DEPENDENCY_BLOCKED,WARNING,0,0,0,Skipped: Dependency TaskConfigId(s) 13696 not successful,2026-08-26T21:24:56.071Z,2026-08-26T21:24:56.071Z,0,2026-08-26T21:24:56.071Z,,,4b200449-8053-4691-81f7-bd43960e8882,
202608262125072515,202608262125072515,20260826212318,132,13709,Auth Elig Trend Elig Gold,CurrentDayPayElig,TASK_SKIPPED,DEPENDENCY_BLOCKED,WARNING,0,0,0,Skipped: Dependency TaskConfigId(s) 13697 not successful,2026-08-26T21:25:07.251Z,2026-08-26T21:25:07.251Z,0,2026-08-26T21:25:07.251Z,,,4b200449-8053-4691-81f7-bd43960e8882,
202608270401567371,202608270401567371,20260827035959,132,13709,Auth Elig Trend Elig Gold,CurrentDayPayElig,TASK_SKIPPED,DEPENDENCY_BLOCKED,WARNING,0,0,0,Skipped: Dependency TaskConfigId(s) 13697 not successful,2026-08-27T04:01:56.737Z,2026-08-27T04:01:56.737Z,0,2026-08-27T04:01:56.737Z,,,6c0dfbf2-4982-428b-b962-2d1ca5cf9e53,
202608201034573078,202608201013530454,202608201013530447,46,8821,P1 Finance PBI 3 Pay Auth Bronze - B24,br_samms_pbi3_pay_auth,TASK_COMPLETE,SUCCESS,INFO,1452,1452,0,,2026-08-20T10:13:57.622Z,2026-08-20T10:39:20.764Z,1523,2026-08-20T10:39:20.764Z,B24,Paintsville,069e8d01-766c-4679-b3df-c21f4d7bc3d1,SAMMS-PaintsvilleV5
202608201034573071,202608201013530458,202608201013530447,46,8939,P1 Finance VW 3P Bill Sub Bronze - B24,br_samms_vw3p_bill_sub,TASK_COMPLETE,SUCCESS,INFO,2049,2049,0,,2026-08-20T10:13:57.622Z,2026-08-20T10:39:20.764Z,1523,2026-08-20T10:39:20.764Z,B24,Paintsville,069e8d01-766c-4679-b3df-c21f4d7bc3d1,SAMMS-PaintsvilleV5
202608200302504969,202608200240673825,202608200240673824,46,8701,P1 Finance Bills Bronze - AHK,br_samms_bills,TASK_COMPLETE,SUCCESS,INFO,1508,1508,0,,2026-08-20T02:41:23.064Z,2026-08-20T03:02:53.458Z,1290,2026-08-20T03:02:53.458Z,AHK,Ahoskie,05c5c70e-2926-4311-8f49-65b9279948a3,SAMMS-Ahoskie
202608200302504970,202608200240673826,202608200240673824,46,8702,P1 Finance Bills Bronze - B12B,br_samms_bills,TASK_COMPLETE,SUCCESS,INFO,3763,3763,0,,2026-08-20T02:41:23.064Z,2026-08-20T03:02:53.458Z,1290,2026-08-20T03:02:53.458Z,B12B,ColoradoSprings,05c5c70e-2926-4311-8f49-65b9279948a3,SAMMS-ColoradoSpringsV5
202608200302504972,202608200240673827,202608200240673824,46,8703,P1 Finance Bills Bronze - B24,br_samms_bills,TASK_COMPLETE,SUCCESS,INFO,8579,8579,0,,2026-08-20T02:41:23.064Z,2026-08-20T03:02:53.458Z,1290,2026-08-20T03:02:53.458Z,B24,Paintsville,05c5c70e-2926-4311-8f49-65b9279948a3,SAMMS-PaintsvilleV5
202608221113177249,202608221042113124,202608221042112981,85,979,Bronze INV,br_AdmissionAssessmentDimensionSix,TASK_COMPLETE,SUCCESS,INFO,712,712,0,,2026-08-22T10:42:14.039Z,2026-08-22T11:16:52.295Z,2078,2026-08-22T11:16:52.295Z,B35,Lexington,28d7acf5-bc26-4be3-b390-775b9af3d980,SAMMS-LexingtonV5
202608221113177250,202608221042113125,202608221042112981,85,993,Bronze INV,br_AdmissionAssessmentDimensionSix,TASK_COMPLETE,SUCCESS,INFO,659,659,0,,2026-08-22T10:42:14.039Z,2026-08-22T11:16:52.295Z,2078,2026-08-22T11:16:52.295Z,B46,Washington DC,28d7acf5-bc26-4be3-b390-775b9af3d980,SAMMS-WashingtonDCv5
202608221113177252,202608221042113126,202608221042112981,85,994,Bronze INV,br_AdmissionAssessmentDimensionSix,TASK_COMPLETE,SUCCESS,INFO,342,342,0,,2026-08-22T10:42:14.039Z,2026-08-22T11:16:52.295Z,2078,2026-08-22T11:16:52.295Z,B47,Mobile,28d7acf5-bc26-4be3-b390-775b9af3d980,SAMMS-MobileV5
202608201034573093,202608201013530479,202608201013530447,46,9530,P1 Finance Claim Line Item Bronze - B25,br_samms_claim_line_item,TASK_COMPLETE,SUCCESS,INFO,137003,137003,0,,2026-08-20T10:13:57.622Z,2026-08-20T10:39:20.764Z,1523,2026-08-20T10:39:20.764Z,B25,Pikeville,069e8d01-766c-4679-b3df-c21f4d7bc3d1,SAMMS-PikevilleV5
202608201034573149,202608201013530493,202608201013530447,46,10000,P1 Finance Diag10 Bronze - B12B,br_samms_tbldiag10,TASK_COMPLETE,SUCCESS,INFO,1447,1447,0,,2026-08-20T10:13:57.622Z,2026-08-20T10:39:20.764Z,1523,2026-08-20T10:39:20.764Z,B12B,ColoradoSprings,069e8d01-766c-4679-b3df-c21f4d7bc3d1,SAMMS-ColoradoSpringsV5
202608211024460363,202608211014397318,202608211014397317,123,12600,Assessments Bronze - SavePA - AHK,br_PA,TASK_COMPLETE,SUCCESS,INFO,67,67,0,,2026-08-21T10:15:22.398Z,2026-08-21T10:27:04.981Z,702,2026-08-21T10:27:04.981Z,AHK,Ahoskie,8c07e343-4781-4d6b-b62d-dcb12587d856,SAMMS-Ahoskie
202608211024460365,202608211014397319,202608211014397317,123,12601,Assessments Bronze - SavePA - B12B,br_PA,TASK_COMPLETE,SUCCESS,INFO,836,836,0,,2026-08-21T10:15:22.398Z,2026-08-21T10:27:04.981Z,702,2026-08-21T10:27:04.981Z,B12B,ColoradoSprings,8c07e343-4781-4d6b-b62d-dcb12587d856,SAMMS-ColoradoSpringsV5
202608211024460366,202608211014397320,202608211014397317,123,12602,Assessments Bronze - SavePA - B24,br_PA,TASK_COMPLETE,SUCCESS,INFO,449,449,0,,2026-08-21T10:15:22.398Z,2026-08-21T10:27:04.981Z,702,2026-08-21T10:27:04.981Z,B24,Paintsville,8c07e343-4781-4d6b-b62d-dcb12587d856,SAMMS-PaintsvilleV5
202608211024481868,202608211014497318,202608211014497317,124,13635,Assessments Silver - SavePA,sl_PA,TASK_COMPLETE,SUCCESS,INFO,1352,1352,0,,2026-08-21T10:15:22.398Z,2026-08-21T10:27:04.981Z,702,2026-08-21T10:27:04.981Z,,,8c07e343-4781-4d6b-b62d-dcb12587d856,
202608201143368697,202608201143368696,202608201140451356,84,13675,Gold Salesforce PatientLeads,PatientLeads,TASK_DEPENDENCY_BLOCKED,DEPENDENCY_BLOCKED,WARN,0,0,0,"Dependency Failed : 222 (checked: 222,218,217)",2026-08-20T11:43:42.697Z,2026-08-20T11:43:42.697Z,0,2026-08-20T11:43:42.697Z,,,79156e84-8509-4e63-a064-b4b0873a2a40,
202608210938458605,202608210910301214,202608210910301208,45,195,SAMMSGLOBAL Gold,FormsSAMMSClient,TASK_COMPLETE,SUCCESS,INFO,0,2,0,,2026-08-21T09:10:14.296Z,2026-08-21T09:38:52.166Z,1718,2026-08-21T09:38:52.166Z,Global,Global,859bd6e7-8433-41b7-8f16-164cdd55063d,SAMMSGLOBAL
202608210936552969,202608210910201212,202608210910201208,44,178,SAMMSGLOBAL Silver,sl_UserSites,TASK_COMPLETE,SUCCESS,INFO,71001,71001,0,,2026-08-21T09:10:14.296Z,2026-08-21T09:37:01.680Z,1607,2026-08-21T09:37:01.680Z,Global,Global,859bd6e7-8433-41b7-8f16-164cdd55063d,SAMMSGLOBAL
202608141515547592,202608141505574985,202608141505574909,118,12204,Bronze P1/P2 Assessments,br_NewAdmissionAssessmentASAMDimension4,TASK_COMPLETE,SUCCESS,INFO,0,0,0,,2026-08-14T15:06:49.317Z,2026-08-14T15:16:31.149Z,582,2026-08-14T15:16:31.149Z,B33,Paducah,7969362d-463a-4985-92c3-d629dd6d5c4e,
202608141515547593,202608141505574986,202608141505574909,118,12259,Bronze P1/P2 Assessments,br_NewAdmissionAssessmentASAMDimension4,TASK_COMPLETE,SUCCESS,INFO,0,0,0,,2026-08-14T15:06:49.317Z,2026-08-14T15:16:31.149Z,582,2026-08-14T15:16:31.149Z,CBCO,Coeur dAlene,7969362d-463a-4985-92c3-d629dd6d5c4e,
202608141515547594,202608141505574987,202608141505574909,118,12377,Bronze P1/P2 Assessments,br_NewAdmissionAssessmentASAMDimension5,TASK_COMPLETE,SUCCESS,INFO,0,0,0,,2026-08-14T15:06:49.317Z,2026-08-14T15:16:31.149Z,582,2026-08-14T15:16:31.149Z,AHK,Ahoskie,7969362d-463a-4985-92c3-d629dd6d5c4e,
202608141515547595,202608141505574988,202608141505574909,118,12378,Bronze P1/P2 Assessments,br_NewAdmissionAssessmentASAMDimension5,TASK_COMPLETE,SUCCESS,INFO,0,0,0,,2026-08-14T15:06:49.317Z,2026-08-14T15:16:31.149Z,582,2026-08-14T15:16:31.149Z,B12B,Colorado Springs,7969362d-463a-4985-92c3-d629dd6d5c4e,
202608141515547596,202608141505574989,202608141505574909,118,12379,Bronze P1/P2 Assessments,br_NewAdmissionAssessmentASAMDimension5,TASK_COMPLETE,SUCCESS,INFO,0,0,0,,2026-08-14T15:06:49.317Z,2026-08-14T15:16:31.149Z,582,2026-08-14T15:16:31.149Z,B24,Paintsville,7969362d-463a-4985-92c3-d629dd6d5c4e,
202608141515547597,202608141505574990,202608141505574909,118,12381,Bronze P1/P2 Assessments,br_NewAdmissionAssessmentASAMDimension5,TASK_COMPLETE,SUCCESS,INFO,0,0,0,,2026-08-14T15:06:49.317Z,2026-08-14T15:16:31.149Z,582,2026-08-14T15:16:31.149Z,B26,Hazard,7969362d-463a-4985-92c3-d629dd6d5c4e,
202608141515547599,202608141505574991,202608141505574909,118,12383,Bronze P1/P2 Assessments,br_NewAdmissionAssessmentASAMDimension5,TASK_COMPLETE,SUCCESS,INFO,0,0,0,,2026-08-14T15:06:49.317Z,2026-08-14T15:16:31.149Z,582,2026-08-14T15:16:31.149Z,B28,West Plains,7969362d-463a-4985-92c3-d629dd6d5c4e,
202608141515547600,202608141505574992,202608141505574909,118,12388,Bronze P1/P2 Assessments,br_NewAdmissionAssessmentASAMDimension5,TASK_COMPLETE,SUCCESS,INFO,0,0,0,,2026-08-14T15:06:49.317Z,2026-08-14T15:16:31.149Z,582,2026-08-14T15:16:31.149Z,B33,Paducah,7969362d-463a-4985-92c3-d629dd6d5c4e,
202608141515547601,202608141505574993,202608141505574909,118,12443,Bronze P1/P2 Assessments,br_NewAdmissionAssessmentASAMDimension5,TASK_COMPLETE,SUCCESS,INFO,0,0,0,,2026-08-14T15:06:49.317Z,2026-08-14T15:16:31.149Z,582,2026-08-14T15:16:31.149Z,CBCO,Coeur dAlene,7969362d-463a-4985-92c3-d629dd6d5c4e,
202608210932540760,202608210910101212,202608210910101208,43,168,SAMMSGLOBAL Bronze,br_UserSites,TASK_COMPLETE,SUCCESS,INFO,71001,71001,0,,2026-08-21T09:10:14.296Z,2026-08-21T09:32:57.148Z,1363,2026-08-21T09:32:57.148Z,Global,Global,859bd6e7-8433-41b7-8f16-164cdd55063d,SAMMSGLOBAL
202608221151592238,202608221137270309,202608221137270305,43,168,SAMMSGLOBAL Bronze,br_UserSites,TASK_COMPLETE,SUCCESS,INFO,71001,71001,0,,2026-08-22T11:37:32.306Z,2026-08-22T12:00:00.866Z,1348,2026-08-22T12:00:00.866Z,Global,Global,17fb4855-5e12-4261-b216-b3f67dc16eb3,SAMMSGLOBAL
202608102226458835,202608102151219753,202608102151219703,31,94050,FormAnswerSignatures Bronze - D08,br_tblFormAnswerSig,TASK_COMPLETE,SUCCESS,INFO,21949,21949,0,,2026-08-10T21:52:10.015Z,2026-08-10T22:26:49.259Z,2079,2026-08-10T22:26:49.259Z,D08,Madison,733bdb65-98e7-4d6d-af8f-93040e55bb44,
202608102226458836,202608102151219754,202608102151219703,31,94051,FormAnswerSignatures Bronze - D09,br_tblFormAnswerSig,TASK_COMPLETE,SUCCESS,INFO,24428,24428,0,,2026-08-10T21:52:10.015Z,2026-08-10T22:26:49.259Z,2079,2026-08-10T22:26:49.259Z,D09,Murfreesboro,733bdb65-98e7-4d6d-af8f-93040e55bb44,
202608102226458838,202608102151219755,202608102151219703,31,94052,FormAnswerSignatures Bronze - DA,br_tblFormAnswerSig,TASK_COMPLETE,SUCCESS,INFO,11689,11689,0,,2026-08-10T21:52:10.015Z,2026-08-10T22:26:49.259Z,2079,2026-08-10T22:26:49.259Z,DA,Davenport,733bdb65-98e7-4d6d-af8f-93040e55bb44,
202608102226458839,202608102151219756,202608102151219703,31,94053,FormAnswerSignatures Bronze - DM,br_tblFormAnswerSig,TASK_COMPLETE,SUCCESS,INFO,10798,10798,0,,2026-08-10T21:52:10.015Z,2026-08-10T22:26:49.259Z,2079,2026-08-10T22:26:49.259Z,DM,DesMoines,733bdb65-98e7-4d6d-af8f-93040e55bb44,
202608102226458840,202608102151219757,202608102151219703,31,94054,FormAnswerSignatures Bronze - DRD-CO,br_tblFormAnswerSig,TASK_COMPLETE,SUCCESS,INFO,15916,15916,0,,2026-08-10T21:52:10.015Z,2026-08-10T22:26:49.259Z,2079,2026-08-10T22:26:49.259Z,DRD-CO,Columbia,733bdb65-98e7-4d6d-af8f-93040e55bb44,
202608102226458841,202608102151219758,202608102151219703,31,94055,FormAnswerSignatures Bronze - DRD-KC,br_tblFormAnswerSig,TASK_COMPLETE,SUCCESS,INFO,19517,19517,0,,2026-08-10T21:52:10.015Z,2026-08-10T22:26:49.259Z,2079,2026-08-10T22:26:49.259Z,DRD-KC,KC,733bdb65-98e7-4d6d-af8f-93040e55bb44,
202608102226458842,202608102151219759,202608102151219703,31,94056,FormAnswerSignatures Bronze - DRD-KVB,br_tblFormAnswerSig,TASK_COMPLETE,SUCCESS,INFO,41882,41882,0,,2026-08-10T21:52:10.015Z,2026-08-10T22:26:49.259Z,2079,2026-08-10T22:26:49.259Z,DRD-KVB,KVB,733bdb65-98e7-4d6d-af8f-93040e55bb44,
202608102323440867,202608102246290012,202608102246289962,31,94050,FormAnswerSignatures Bronze - D08,br_tblFormAnswerSig,TASK_COMPLETE,SUCCESS,INFO,21949,21949,0,,2026-08-10T22:46:50.634Z,2026-08-10T23:23:47.420Z,2217,2026-08-10T23:23:47.420Z,D08,Madison,577185a2-f5a0-4625-b776-012683caf0bc,
202608102323440868,202608102246290013,202608102246289962,31,94051,FormAnswerSignatures Bronze - D09,br_tblFormAnswerSig,TASK_COMPLETE,SUCCESS,INFO,24428,24428,0,,2026-08-10T22:46:50.634Z,2026-08-10T23:23:47.420Z,2217,2026-08-10T23:23:47.420Z,D09,Murfreesboro,577185a2-f5a0-4625-b776-012683caf0bc,
202608102323440870,202608102246290014,202608102246289962,31,94052,FormAnswerSignatures Bronze - DA,br_tblFormAnswerSig,TASK_COMPLETE,SUCCESS,INFO,11689,11689,0,,2026-08-10T22:46:50.634Z,2026-08-10T23:23:47.420Z,2217,2026-08-10T23:23:47.420Z,DA,Davenport,577185a2-f5a0-4625-b776-012683caf0bc,
202608102323440871,202608102246290015,202608102246289962,31,94053,FormAnswerSignatures Bronze - DM,br_tblFormAnswerSig,TASK_COMPLETE,SUCCESS,INFO,10798,10798,0,,2026-08-10T22:46:50.634Z,2026-08-10T23:23:47.420Z,2217,2026-08-10T23:23:47.420Z,DM,DesMoines,577185a2-f5a0-4625-b776-012683caf0bc,
202608102323440872,202608102246290016,202608102246289962,31,94054,FormAnswerSignatures Bronze - DRD-CO,br_tblFormAnswerSig,TASK_COMPLETE,SUCCESS,INFO,15916,15916,0,,2026-08-10T22:46:50.634Z,2026-08-10T23:23:47.420Z,2217,2026-08-10T23:23:47.420Z,DRD-CO,Columbia,577185a2-f5a0-4625-b776-012683caf0bc,
202608102323440873,202608102246290017,202608102246289962,31,94055,FormAnswerSignatures Bronze - DRD-KC,br_tblFormAnswerSig,TASK_COMPLETE,SUCCESS,INFO,19517,19517,0,,2026-08-10T22:46:50.634Z,2026-08-10T23:23:47.420Z,2217,2026-08-10T23:23:47.420Z,DRD-KC,KC,577185a2-f5a0-4625-b776-012683caf0bc,
202608102323440874,202608102246290018,202608102246289962,31,94056,FormAnswerSignatures Bronze - DRD-KVB,br_tblFormAnswerSig,TASK_COMPLETE,SUCCESS,INFO,41882,41882,0,,2026-08-10T22:46:50.634Z,2026-08-10T23:23:47.420Z,2217,2026-08-10T23:23:47.420Z,DRD-KVB,KVB,577185a2-f5a0-4625-b776-012683caf0bc,
202608210244020624,202608210227362459,202608210227362448,45,5741,SAMMSGLOBAL Gold,UserCredentials,TASK_COMPLETE,SUCCESS,INFO,0,981,0,,2026-08-21T02:27:19.171Z,2026-08-21T02:44:04.451Z,1005,2026-08-21T02:44:04.451Z,Global,Global,37d39418-848b-43a3-aff1-182cc8bb7455,SAMMSGLOBAL
202608102139177351,202608102103362563,202608102103362513,31,94050,FormAnswerSignatures Bronze - D08,br_tblFormAnswerSig,TASK_COMPLETE,SUCCESS,INFO,21949,21949,0,,2026-08-10T21:04:36.348Z,2026-08-10T21:39:44.219Z,2108,2026-08-10T21:39:44.219Z,D08,Madison,0e7e4594-5e6f-405f-a303-69a6f189ed20,
202608102139177352,202608102103362564,202608102103362513,31,94051,FormAnswerSignatures Bronze - D09,br_tblFormAnswerSig,TASK_COMPLETE,SUCCESS,INFO,24428,24428,0,,2026-08-10T21:04:36.348Z,2026-08-10T21:39:44.219Z,2108,2026-08-10T21:39:44.219Z,D09,Murfreesboro,0e7e4594-5e6f-405f-a303-69a6f189ed20,
202608102139177353,202608102103362565,202608102103362513,31,94052,FormAnswerSignatures Bronze - DA,br_tblFormAnswerSig,TASK_COMPLETE,SUCCESS,INFO,11689,11689,0,,2026-08-10T21:04:36.348Z,2026-08-10T21:39:44.219Z,2108,2026-08-10T21:39:44.219Z,DA,Davenport,0e7e4594-5e6f-405f-a303-69a6f189ed20,
202608102139177354,202608102103362566,202608102103362513,31,94053,FormAnswerSignatures Bronze - DM,br_tblFormAnswerSig,TASK_COMPLETE,SUCCESS,INFO,10797,10797,0,,2026-08-10T21:04:36.348Z,2026-08-10T21:39:44.219Z,2108,2026-08-10T21:39:44.219Z,DM,DesMoines,0e7e4594-5e6f-405f-a303-69a6f189ed20,
202608102139177355,202608102103362567,202608102103362513,31,94054,FormAnswerSignatures Bronze - DRD-CO,br_tblFormAnswerSig,TASK_COMPLETE,SUCCESS,INFO,15916,15916,0,,2026-08-10T21:04:36.348Z,2026-08-10T21:39:44.219Z,2108,2026-08-10T21:39:44.219Z,DRD-CO,Columbia,0e7e4594-5e6f-405f-a303-69a6f189ed20,
202608102139177356,202608102103362568,202608102103362513,31,94055,FormAnswerSignatures Bronze - DRD-KC,br_tblFormAnswerSig,TASK_COMPLETE,SUCCESS,INFO,19517,19517,0,,2026-08-10T21:04:36.348Z,2026-08-10T21:39:44.219Z,2108,2026-08-10T21:39:44.219Z,DRD-KC,KC,0e7e4594-5e6f-405f-a303-69a6f189ed20,
202608102139177357,202608102103362569,202608102103362513,31,94056,FormAnswerSignatures Bronze - DRD-KVB,br_tblFormAnswerSig,TASK_COMPLETE,SUCCESS,INFO,41882,41882,0,,2026-08-10T21:04:36.348Z,2026-08-10T21:39:44.219Z,2108,2026-08-10T21:39:44.219Z,DRD-KVB,KVB,0e7e4594-5e6f-405f-a303-69a6f189ed20,
202608141154446204,202608141147662643,202608141147662582,118,11831,Bronze P1/P2 Assessments,br_newperiodicreassessmentd6,TASK_COMPLETE,SUCCESS,INFO,0,0,0,,2026-08-14T11:48:09.966Z,2026-08-14T11:54:47.762Z,398,2026-08-14T11:54:47.762Z,B28,West Plains,21f5cd31-796d-43ad-806e-67ead954f01a,
202608141154446205,202608141147662644,202608141147662582,118,11836,Bronze P1/P2 Assessments,br_newperiodicreassessmentd6,TASK_COMPLETE,SUCCESS,INFO,0,0,0,,2026-08-14T11:48:09.966Z,2026-08-14T11:54:47.762Z,398,2026-08-14T11:54:47.762Z,B33,Paducah,21f5cd31-796d-43ad-806e-67ead954f01a,
202608141154446206,202608141147662645,202608141147662582,118,11891,Bronze P1/P2 Assessments,br_newperiodicreassessmentd6,TASK_COMPLETE,SUCCESS,INFO,0,0,0,,2026-08-14T11:48:09.966Z,2026-08-14T11:54:47.762Z,398,2026-08-14T11:54:47.762Z,CBCO,Coeur dAlene,21f5cd31-796d-43ad-806e-67ead954f01a,
202608141154446207,202608141147662646,202608141147662582,118,12009,Bronze P1/P2 Assessments,br_NewAdmissionAssessmentASAMDimension2,TASK_COMPLETE,SUCCESS,INFO,0,0,0,,2026-08-14T11:48:09.966Z,2026-08-14T11:54:47.762Z,398,2026-08-14T11:54:47.762Z,AHK,Ahoskie,21f5cd31-796d-43ad-806e-67ead954f01a,
202608141154446208,202608141147662647,202608141147662582,118,12010,Bronze P1/P2 Assessments,br_NewAdmissionAssessmentASAMDimension2,TASK_COMPLETE,SUCCESS,INFO,0,0,0,,2026-08-14T11:48:09.966Z,2026-08-14T11:54:47.762Z,398,2026-08-14T11:54:47.762Z,B12B,Colorado Springs,21f5cd31-796d-43ad-806e-67ead954f01a,
202608141154446209,202608141147662648,202608141147662582,118,12011,Bronze P1/P2 Assessments,br_NewAdmissionAssessmentASAMDimension2,TASK_COMPLETE,SUCCESS,INFO,0,0,0,,2026-08-14T11:48:09.966Z,2026-08-14T11:54:47.762Z,398,2026-08-14T11:54:47.762Z,B24,Paintsville,21f5cd31-796d-43ad-806e-67ead954f01a,
202608141154446210,202608141147662649,202608141147662582,118,12013,Bronze P1/P2 Assessments,br_NewAdmissionAssessmentASAMDimension2,TASK_COMPLETE,SUCCESS,INFO,0,0,0,,2026-08-14T11:48:09.966Z,2026-08-14T11:54:47.762Z,398,2026-08-14T11:54:47.762Z,B26,Hazard,21f5cd31-796d-43ad-806e-67ead954f01a,
202608141154446211,202608141147662650,202608141147662582,118,12015,Bronze P1/P2 Assessments,br_NewAdmissionAssessmentASAMDimension2,TASK_COMPLETE,SUCCESS,INFO,0,0,0,,2026-08-14T11:48:09.966Z,2026-08-14T11:54:47.762Z,398,2026-08-14T11:54:47.762Z,B28,West Plains,21f5cd31-796d-43ad-806e-67ead954f01a,
202608141154446212,202608141147662651,202608141147662582,118,12020,Bronze P1/P2 Assessments,br_NewAdmissionAssessmentASAMDimension2,TASK_COMPLETE,SUCCESS,INFO,0,0,0,,2026-08-14T11:48:09.966Z,2026-08-14T11:54:47.762Z,398,2026-08-14T11:54:47.762Z,B33,Paducah,21f5cd31-796d-43ad-806e-67ead954f01a,
202608141154446214,202608141147662652,202608141147662582,118,12075,Bronze P1/P2 Assessments,br_NewAdmissionAssessmentASAMDimension2,TASK_COMPLETE,SUCCESS,INFO,0,0,0,,2026-08-14T11:48:09.966Z,2026-08-14T11:54:47.762Z,398,2026-08-14T11:54:47.762Z,CBCO,Coeur dAlene,21f5cd31-796d-43ad-806e-67ead954f01a,
202608210239317736,202608210227162452,202608210227162448,43,168,SAMMSGLOBAL Bronze,br_UserSites,TASK_COMPLETE,SUCCESS,INFO,71001,71001,0,,2026-08-21T02:27:19.171Z,2026-08-21T02:39:34.839Z,735,2026-08-21T02:39:34.839Z,Global,Global,37d39418-848b-43a3-aff1-182cc8bb7455,SAMMSGLOBAL
202608261728404529,202608261657310995,202608261657310989,47,9406,P1 Finance Financial Hardship Application Silver,tbl_FinancialHardshipApplication,TASK_COMPLETE,SUCCESS,INFO,182,182,0,,2026-08-26T16:57:24.758Z,2026-08-26T17:29:17.775Z,1913,2026-08-26T17:29:17.775Z,,,7a1b4484-4dc4-4e48-b51b-e78359ce9673,
202608140613259368,202608140600163279,202608140600163231,106,8519,Clinical Domain Bronze - SaveTreatmentLevel - V10,brz_TreatmentLevel,TASK_COMPLETE,SUCCESS,INFO,665,665,0,,2026-08-14T06:01:45.513Z,2026-08-14T06:14:58.932Z,793,2026-08-14T06:14:58.932Z,V10,Boulder,9a6b8567-8347-49cb-b213-618351c5e21c,
202608140613287981,202608140600263246,202608140600263231,107,8569,Clinical Domain Silver - SaveTreatmentLevel,slv_treatmentlevel,TASK_COMPLETE,SUCCESS,INFO,1486,1486,0,,2026-08-14T06:01:45.513Z,2026-08-14T06:14:58.932Z,793,2026-08-14T06:14:58.932Z,Global,SAMMSGLOBAL,9a6b8567-8347-49cb-b213-618351c5e21c,
202608140613287883,202608140600163244,202608140600163231,106,7276,Clinical Domain Bronze - SaveUAResults - B12B,brz_UAResults,TASK_COMPLETE,SUCCESS,INFO,128,128,0,,2026-08-14T06:01:45.513Z,2026-08-14T06:14:58.932Z,793,2026-08-14T06:14:58.932Z,B12B,ColoradoSprings,9a6b8567-8347-49cb-b213-618351c5e21c,
202608140613287884,202608140600163245,202608140600163231,106,7320,Clinical Domain Bronze - SaveUAResults - BOI,brz_UAResults,TASK_COMPLETE,SUCCESS,INFO,363,363,0,,2026-08-14T06:01:45.513Z,2026-08-14T06:14:58.932Z,793,2026-08-14T06:14:58.932Z,BOI,Boise,9a6b8567-8347-49cb-b213-618351c5e21c,
202608140613287886,202608140600163246,202608140600163231,106,7369,Clinical Domain Bronze - SaveUAResults - V10,brz_UAResults,TASK_COMPLETE,SUCCESS,INFO,254,254,0,,2026-08-14T06:01:45.513Z,2026-08-14T06:14:58.932Z,793,2026-08-14T06:14:58.932Z,V10,Boulder,9a6b8567-8347-49cb-b213-618351c5e21c,
202608140613317079,202608140600263236,202608140600263231,107,8559,Clinical Domain Silver - SaveUAResults,slv_uaresults,TASK_COMPLETE,SUCCESS,INFO,745,10220,0,,2026-08-14T06:01:45.513Z,2026-08-14T06:14:58.932Z,793,2026-08-14T06:14:58.932Z,Global,SAMMSGLOBAL,9a6b8567-8347-49cb-b213-618351c5e21c,
202608140714321830,202608140700596589,202608140700596541,106,8519,Clinical Domain Bronze - SaveTreatmentLevel - V10,brz_TreatmentLevel,TASK_COMPLETE,SUCCESS,INFO,665,665,0,,2026-08-14T07:02:17.002Z,2026-08-14T07:16:01.674Z,824,2026-08-14T07:16:01.674Z,V10,Boulder,4f29b93d-8b22-445c-9466-6259e423edcc,
202608140714339367,202608140700696556,202608140700696541,107,8569,Clinical Domain Silver - SaveTreatmentLevel,slv_treatmentlevel,TASK_COMPLETE,SUCCESS,INFO,1486,1486,0,,2026-08-14T07:02:17.002Z,2026-08-14T07:16:01.674Z,824,2026-08-14T07:16:01.674Z,Global,SAMMSGLOBAL,4f29b93d-8b22-445c-9466-6259e423edcc,
202608140714339270,202608140700596554,202608140700596541,106,7276,Clinical Domain Bronze - SaveUAResults - B12B,brz_UAResults,TASK_COMPLETE,SUCCESS,INFO,128,128,0,,2026-08-14T07:02:17.002Z,2026-08-14T07:16:01.674Z,824,2026-08-14T07:16:01.674Z,B12B,ColoradoSprings,4f29b93d-8b22-445c-9466-6259e423edcc,
202608140714339271,202608140700596555,202608140700596541,106,7320,Clinical Domain Bronze - SaveUAResults - BOI,brz_UAResults,TASK_COMPLETE,SUCCESS,INFO,363,363,0,,2026-08-14T07:02:17.002Z,2026-08-14T07:16:01.674Z,824,2026-08-14T07:16:01.674Z,BOI,Boise,4f29b93d-8b22-445c-9466-6259e423edcc,
202608140714339272,202608140700596556,202608140700596541,106,7369,Clinical Domain Bronze - SaveUAResults - V10,brz_UAResults,TASK_COMPLETE,SUCCESS,INFO,254,254,0,,2026-08-14T07:02:17.002Z,2026-08-14T07:16:01.674Z,824,2026-08-14T07:16:01.674Z,V10,Boulder,4f29b93d-8b22-445c-9466-6259e423edcc,
202608140714361393,202608140700696546,202608140700696541,107,8559,Clinical Domain Silver - SaveUAResults,slv_uaresults,TASK_COMPLETE,SUCCESS,INFO,745,10220,0,,2026-08-14T07:02:17.002Z,2026-08-14T07:16:01.674Z,824,2026-08-14T07:16:01.674Z,Global,SAMMSGLOBAL,4f29b93d-8b22-445c-9466-6259e423edcc,
202608191139125012,202608191104247955,202608191104247942,107,8567,Clinical Domain Silver - SaveMNTreatmentServiceReview,sl_mntreatmentservicereview,TASK_COMPLETE,SUCCESS,INFO,1329,1329,0,,2026-08-19T11:06:34.343Z,2026-08-19T11:39:14.497Z,1960,2026-08-19T11:39:14.497Z,,,8c2f72fa-f3d3-4c31-9e7b-e1d36d508d72,
202608251454402505,202608251428452606,202608251428452600,47,9406,P1 Finance Financial Hardship Application Silver,tbl_FinancialHardshipApplication,TASK_COMPLETE,SUCCESS,INFO,301,301,0,,2026-08-25T14:28:42.306Z,2026-08-25T14:54:42.345Z,1560,2026-08-25T14:54:42.345Z,,,5e789551-b18e-4745-8526-2b8db3ceeb01,
202608251542248291,202608251517689126,202608251517689120,47,9406,P1 Finance Financial Hardship Application Silver,tbl_FinancialHardshipApplication,TASK_COMPLETE,SUCCESS,INFO,182,182,0,,2026-08-25T15:18:05.141Z,2026-08-25T15:42:26.877Z,1461,2026-08-25T15:42:26.877Z,,,04d587cb-fd28-4f28-a572-c158aa92fa98,
202608200252077985,202608200252077985,20260820025200,92,5715,Silver Conferdeploy CBInventory,sl_conferdeploy_cbinventory,TASK_COMPLETE,SUCCESS,INFO,4,2205,0,,2026-08-20T02:52:11.747Z,2026-08-20T02:52:38.977Z,27,2026-08-20T02:52:40.071Z,0,0,0,b3e54ecc-c37e-4e6d-9c34-bfeed0ec8b3d
202608191738004900,202608191738004899,20260819173753,92,5715,Silver Conferdeploy CBInventory,sl_conferdeploy_cbinventory,TASK_COMPLETE,SUCCESS,INFO,4,2205,0,,2026-08-19T17:38:04.068Z,2026-08-19T17:38:29.620Z,25,2026-08-19T17:38:30.812Z,0,0,0,524d77ff-a682-4916-9dc7-dd9b03654f88
202608170614178938,202608170551256441,202608170551256420,46,9291,P1 Finance Financial Hardship Application Bronze - AHK,br_samms_financial_hardship_application,TASK_COMPLETE,SUCCESS,INFO,181,181,0,,2026-08-17T05:51:47.044Z,2026-08-17T06:14:21.786Z,1354,2026-08-17T06:14:21.786Z,AHK,Ahoskie,09d84bc7-e629-48a4-a32a-826b207e96d1,
202608170614178940,202608170551256442,202608170551256420,46,9292,P1 Finance Financial Hardship Application Bronze - B12B,br_samms_financial_hardship_application,TASK_COMPLETE,SUCCESS,INFO,119,119,0,,2026-08-17T05:51:47.044Z,2026-08-17T06:14:21.786Z,1354,2026-08-17T06:14:21.786Z,B12B,ColoradoSprings,09d84bc7-e629-48a4-a32a-826b207e96d1,
202608181245050803,202608181208108129,202608181208108120,125,13652,Assessments Gold - SaveAdmissionAssessmentsSubstanceUseHistory,Admissionassessmentsubstanceusehistory,TASK_COMPLETE,SUCCESS,INFO,2067,2067,0,,2026-08-18T12:09:06.544Z,2026-08-18T12:45:07.249Z,2161,2026-08-18T12:45:07.249Z,Global,SAMMSGLOBAL,6a9f8fe6-e2a7-49ab-8570-443c59873958,
202608241912325119,202608241904401260,202608241904401259,7,94388,Bronze Dose,br_tblDose,TASK_COMPLETE,SUCCESS,INFO,13580,13580,0,,2026-08-24T19:04:44.377Z,2026-08-24T19:15:19.610Z,635,2026-08-24T19:15:19.610Z,AHK,Ahoskie,0346ab63-a7c9-42d8-8f80-92ecf515f1ad,SAMMS-Ahoskie
202608141506426659,202608141444143622,202608141444143611,46,9291,P1 Finance Financial Hardship Application Bronze - AHK,br_samms_financial_hardship_application,TASK_COMPLETE,SUCCESS,INFO,181,181,0,,2026-08-14T14:44:17.762Z,2026-08-14T15:09:27.882Z,1510,2026-08-14T15:09:27.882Z,AHK,Ahoskie,1c123384-c339-4954-be1f-3a8d150ebb14,
202608130409166798,202608130315200030,202608130315200005,106,7845,Clinical Domain Bronze - SaveMNCA - VBRA,brz_MNComprehensiveAssessment,TASK_COMPLETE,SUCCESS,INFO,232,232,0,,2026-08-13T03:16:19.557Z,2026-08-13T04:09:23.310Z,3184,2026-08-13T04:09:23.310Z,VBRA,Brainerd,11ed6329-841a-4e7a-bfb1-61191c79c28e,
202608130409166800,202608130315200031,202608130315200005,106,7846,Clinical Domain Bronze - SaveMNCA - VBRP,brz_MNComprehensiveAssessment,TASK_COMPLETE,SUCCESS,INFO,265,265,0,,2026-08-13T03:16:19.557Z,2026-08-13T04:09:23.310Z,3184,2026-08-13T04:09:23.310Z,VBRP,BrooklynPark,11ed6329-841a-4e7a-bfb1-61191c79c28e,
202608130409166801,202608130315200032,202608130315200005,106,7847,Clinical Domain Bronze - SaveMNCA - VMIN,brz_MNComprehensiveAssessment,TASK_COMPLETE,SUCCESS,INFO,214,214,0,,2026-08-13T03:16:19.557Z,2026-08-13T04:09:23.310Z,3184,2026-08-13T04:09:23.310Z,VMIN,Minneapolis,11ed6329-841a-4e7a-bfb1-61191c79c28e,
202608142019050088,202608141850614664,202608141850614621,28,91043,FormQuestionAnswers Bronze - B76,br_tblFormQA,TASK_COMPLETE,SUCCESS,INFO,5820,5820,0,,2026-08-14T18:51:07.427Z,2026-08-14T20:19:08.156Z,5281,2026-08-14T20:19:08.156Z,B76,Huntsville-OBOT,06b9d75d-291b-4cd2-9a89-52908a52280f,
202608142019050089,202608141850614665,202608141850614621,28,91044,FormQuestionAnswers Bronze - BAT,br_tblFormQA,TASK_COMPLETE,SUCCESS,INFO,20034,20034,0,,2026-08-14T18:51:07.427Z,2026-08-14T20:19:08.156Z,5281,2026-08-14T20:19:08.156Z,BAT,Batesville,06b9d75d-291b-4cd2-9a89-52908a52280f,
202608142019050091,202608141850614666,202608141850614621,28,91045,FormQuestionAnswers Bronze - BG,br_tblFormQA,TASK_COMPLETE,SUCCESS,INFO,209783,209783,0,,2026-08-14T18:51:07.427Z,2026-08-14T20:19:08.156Z,5281,2026-08-14T20:19:08.156Z,BG,BowlingGreen,06b9d75d-291b-4cd2-9a89-52908a52280f,
202608142019050092,202608141850614667,202608141850614621,28,91046,FormQuestionAnswers Bronze - BOI,br_tblFormQA,TASK_COMPLETE,SUCCESS,INFO,62892,62892,0,,2026-08-14T18:51:07.427Z,2026-08-14T20:19:08.156Z,5281,2026-08-14T20:19:08.156Z,BOI,Boise,06b9d75d-291b-4cd2-9a89-52908a52280f,
202608142019050093,202608141850614668,202608141850614621,28,91047,FormQuestionAnswers Bronze - CBCO,br_tblFormQA,TASK_COMPLETE,SUCCESS,INFO,58964,58964,0,,2026-08-14T18:51:07.427Z,2026-08-14T20:19:08.156Z,5281,2026-08-14T20:19:08.156Z,CBCO,CoeurdAlene,06b9d75d-291b-4cd2-9a89-52908a52280f,
202608142019050094,202608141850614669,202608141850614621,28,91048,FormQuestionAnswers Bronze - CON,br_tblFormQA,TASK_COMPLETE,SUCCESS,INFO,24791,24791,0,,2026-08-14T18:51:07.427Z,2026-08-14T20:19:08.156Z,5281,2026-08-14T20:19:08.156Z,CON,Conway,06b9d75d-291b-4cd2-9a89-52908a52280f,
202608142019050095,202608141850614670,202608141850614621,28,91049,FormQuestionAnswers Bronze - D07,br_tblFormQA,TASK_COMPLETE,SUCCESS,INFO,1677084,1677084,0,,2026-08-14T18:51:07.427Z,2026-08-14T20:19:08.156Z,5281,2026-08-14T20:19:08.156Z,D07,Knoxville,06b9d75d-291b-4cd2-9a89-52908a52280f,
202608121042551946,202608121009360918,202608121009360893,106,7845,Clinical Domain Bronze - SaveMNCA - VBRA,brz_MNComprehensiveAssessment,TASK_COMPLETE,SUCCESS,INFO,232,232,0,,2026-08-12T10:11:56.792Z,2026-08-12T10:43:20.487Z,1884,2026-08-12T10:43:20.487Z,VBRA,Brainerd,1325a4eb-aa02-4bc9-9fae-d06e40a0cece,
202608121042551947,202608121009360919,202608121009360893,106,7846,Clinical Domain Bronze - SaveMNCA - VBRP,brz_MNComprehensiveAssessment,TASK_COMPLETE,SUCCESS,INFO,265,265,0,,2026-08-12T10:11:56.792Z,2026-08-12T10:43:20.487Z,1884,2026-08-12T10:43:20.487Z,VBRP,BrooklynPark,1325a4eb-aa02-4bc9-9fae-d06e40a0cece,
202608121042551948,202608121009360920,202608121009360893,106,7847,Clinical Domain Bronze - SaveMNCA - VMIN,brz_MNComprehensiveAssessment,TASK_COMPLETE,SUCCESS,INFO,213,213,0,,2026-08-12T10:11:56.792Z,2026-08-12T10:43:20.487Z,1884,2026-08-12T10:43:20.487Z,VMIN,Minneapolis,1325a4eb-aa02-4bc9-9fae-d06e40a0cece,
202608140551555109,202608140519472962,202608140519472937,106,7845,Clinical Domain Bronze - SaveMNCA - VBRA,brz_MNComprehensiveAssessment,TASK_COMPLETE,SUCCESS,INFO,232,232,0,,2026-08-14T05:21:11.366Z,2026-08-14T05:51:58.644Z,1847,2026-08-14T05:51:58.644Z,VBRA,Brainerd,367e5368-81b8-4196-9731-5b3efc5e39d9,
202608140551555111,202608140519472963,202608140519472937,106,7846,Clinical Domain Bronze - SaveMNCA - VBRP,brz_MNComprehensiveAssessment,TASK_COMPLETE,SUCCESS,INFO,265,265,0,,2026-08-14T05:21:11.366Z,2026-08-14T05:51:58.644Z,1847,2026-08-14T05:51:58.644Z,VBRP,BrooklynPark,367e5368-81b8-4196-9731-5b3efc5e39d9,
202608140551555112,202608140519472964,202608140519472937,106,7847,Clinical Domain Bronze - SaveMNCA - VMIN,brz_MNComprehensiveAssessment,TASK_COMPLETE,SUCCESS,INFO,215,215,0,,2026-08-14T05:21:11.366Z,2026-08-14T05:51:58.644Z,1847,2026-08-14T05:51:58.644Z,VMIN,Minneapolis,367e5368-81b8-4196-9731-5b3efc5e39d9,
202608141935472416,202608141857340838,202608141857340774,31,94064,FormAnswerSignatures Bronze - FS,br_tblFormAnswerSig,TASK_COMPLETE,SUCCESS,INFO,18321,18321,0,,2026-08-14T18:58:05.482Z,2026-08-14T19:35:50.482Z,2265,2026-08-14T19:35:50.482Z,FS,FortSmith,015634ea-243f-49e1-a18e-0e1d033651d1,
202608141935472417,202608141857340839,202608141857340774,31,94065,FormAnswerSignatures Bronze - FW,br_tblFormAnswerSig,TASK_COMPLETE,SUCCESS,INFO,117109,117109,0,,2026-08-14T18:58:05.482Z,2026-08-14T19:35:50.482Z,2265,2026-08-14T19:35:50.482Z,FW,FortWayne,015634ea-243f-49e1-a18e-0e1d033651d1,
202608141935472418,202608141857340840,202608141857340774,31,94066,FormAnswerSignatures Bronze - GAL,br_tblFormAnswerSig,TASK_COMPLETE,SUCCESS,INFO,41105,41105,0,,2026-08-14T18:58:05.482Z,2026-08-14T19:35:50.482Z,2265,2026-08-14T19:35:50.482Z,GAL,Gaylord,015634ea-243f-49e1-a18e-0e1d033651d1,
202608141935472419,202608141857340841,202608141857340774,31,94067,FormAnswerSignatures Bronze - HGT,br_tblFormAnswerSig,TASK_COMPLETE,SUCCESS,INFO,112946,112946,0,,2026-08-14T18:58:05.482Z,2026-08-14T19:35:50.482Z,2265,2026-08-14T19:35:50.482Z,HGT,Hagerstown,015634ea-243f-49e1-a18e-0e1d033651d1,
202608141935472420,202608141857340842,202608141857340774,31,94068,FormAnswerSignatures Bronze - HNT,br_tblFormAnswerSig,TASK_COMPLETE,SUCCESS,INFO,98899,98899,0,,2026-08-14T18:58:05.482Z,2026-08-14T19:35:50.482Z,2265,2026-08-14T19:35:50.482Z,HNT,Huntsville,015634ea-243f-49e1-a18e-0e1d033651d1,
202608141935472421,202608141857340843,202608141857340774,31,94069,FormAnswerSignatures Bronze - HS,br_tblFormAnswerSig,TASK_COMPLETE,SUCCESS,INFO,22949,22949,0,,2026-08-14T18:58:05.482Z,2026-08-14T19:35:50.482Z,2265,2026-08-14T19:35:50.482Z,HS,HotSprings,015634ea-243f-49e1-a18e-0e1d033651d1,
202608250405267190,202608250343460401,202608250343460390,119,12570,Silver P1/P2 Assessments,sl_NewAdmissionAssessmentASAMDimension4,TASK_COMPLETE,SUCCESS,INFO,458,458,0,,2026-08-25T03:43:39.643Z,2026-08-25T04:05:28.429Z,1309,2026-08-25T04:05:28.429Z,,,8c969a39-95ec-4087-9ad3-4a9580887e34,
202608250405267189,202608250343460400,202608250343460390,119,12569,Silver P1/P2 Assessments,sl_NewAdmissionAssessmentASAMDimension2,TASK_COMPLETE,SUCCESS,INFO,454,454,0,,2026-08-25T03:43:39.643Z,2026-08-25T04:05:28.429Z,1309,2026-08-25T04:05:28.429Z,,,8c969a39-95ec-4087-9ad3-4a9580887e34,
202608250405267192,202608250343460402,202608250343460390,119,12571,Silver P1/P2 Assessments,sl_NewAdmissionAssessmentASAMDimension5,TASK_COMPLETE,SUCCESS,INFO,455,455,0,,2026-08-25T03:43:39.643Z,2026-08-25T04:05:28.429Z,1309,2026-08-25T04:05:28.429Z,,,8c969a39-95ec-4087-9ad3-4a9580887e34,
202608250405267180,202608250343460392,202608250343460390,119,12561,Silver P1/P2 Assessments,sl_NewAdmissionAssessmentASAMDimension6,TASK_COMPLETE,SUCCESS,INFO,466,466,0,,2026-08-25T03:43:39.643Z,2026-08-25T04:05:28.429Z,1309,2026-08-25T04:05:28.429Z,,,8c969a39-95ec-4087-9ad3-4a9580887e34,
202608171336135872,202608171336135872,202608171018106132,83,6808,Silver Salesforce Outbound SMS,sl_sf_outboundsms,TASK_ALREADY_COMPLETED,ALREADY_COMPLETED,INFO,0,0,0,Already succeeded in previous attempt,2026-08-17T13:36:19.260Z,2026-08-17T13:36:19.260Z,0,2026-08-17T13:36:19.260Z,,,1cdba2b7-2cc0-4832-97e7-304e1a700c17,
202608142019050040,202608141850614622,202608141850614621,28,91001,FormQuestionAnswers Bronze - AHK,br_tblFormQA,TASK_COMPLETE,SUCCESS,INFO,31328,31328,0,,2026-08-14T18:51:07.427Z,2026-08-14T20:19:08.156Z,5281,2026-08-14T20:19:08.156Z,AHK,Ahoskie,06b9d75d-291b-4cd2-9a89-52908a52280f,
202608142019050042,202608141850614623,202608141850614621,28,91002,FormQuestionAnswers Bronze - B12B,br_tblFormQA,TASK_COMPLETE,SUCCESS,INFO,142832,142832,0,,2026-08-14T18:51:07.427Z,2026-08-14T20:19:08.156Z,5281,2026-08-14T20:19:08.156Z,B12B,ColoradoSprings,06b9d75d-291b-4cd2-9a89-52908a52280f,
202608142019050043,202608141850614624,202608141850614621,28,91003,FormQuestionAnswers Bronze - B24,br_tblFormQA,TASK_COMPLETE,SUCCESS,INFO,322855,322855,0,,2026-08-14T18:51:07.427Z,2026-08-14T20:19:08.156Z,5281,2026-08-14T20:19:08.156Z,B24,Paintsville,06b9d75d-291b-4cd2-9a89-52908a52280f,
202608142019050044,202608141850614625,202608141850614621,28,91004,FormQuestionAnswers Bronze - B25,br_tblFormQA,TASK_COMPLETE,SUCCESS,INFO,326413,326413,0,,2026-08-14T18:51:07.427Z,2026-08-14T20:19:08.156Z,5281,2026-08-14T20:19:08.156Z,B25,Pikeville,06b9d75d-291b-4cd2-9a89-52908a52280f,
202608142019050045,202608141850614626,202608141850614621,28,91005,FormQuestionAnswers Bronze - B26,br_tblFormQA,TASK_COMPLETE,SUCCESS,INFO,707810,707810,0,,2026-08-14T18:51:07.427Z,2026-08-14T20:19:08.156Z,5281,2026-08-14T20:19:08.156Z,B26,Hazard,06b9d75d-291b-4cd2-9a89-52908a52280f,
202608142019050046,202608141850614627,202608141850614621,28,91006,FormQuestionAnswers Bronze - B27,br_tblFormQA,TASK_COMPLETE,SUCCESS,INFO,125560,125560,0,,2026-08-14T18:51:07.427Z,2026-08-14T20:19:08.156Z,5281,2026-08-14T20:19:08.156Z,B27,Savannah,06b9d75d-291b-4cd2-9a89-52908a52280f,
202608142019050047,202608141850614628,202608141850614621,28,91007,FormQuestionAnswers Bronze - B28,br_tblFormQA,TASK_COMPLETE,SUCCESS,INFO,79232,79232,0,,2026-08-14T18:51:07.427Z,2026-08-14T20:19:08.156Z,5281,2026-08-14T20:19:08.156Z,B28,WestPlaines,06b9d75d-291b-4cd2-9a89-52908a52280f,
202608102139177406,202608102103362612,202608102103362513,31,94099,FormAnswerSignatures Bronze - V12A,br_tblFormAnswerSig,TASK_COMPLETE,SUCCESS,INFO,15461,15461,0,,2026-08-10T21:04:36.348Z,2026-08-10T21:39:44.219Z,2108,2026-08-10T21:39:44.219Z,V12A,Centennial,0e7e4594-5e6f-405f-a303-69a6f189ed20,
202608102139177407,202608102103362613,202608102103362513,31,94100,FormAnswerSignatures Bronze - V14,br_tblFormAnswerSig,TASK_COMPLETE,SUCCESS,INFO,10039,10039,0,,2026-08-10T21:04:36.348Z,2026-08-10T21:39:44.219Z,2108,2026-08-10T21:39:44.219Z,V14,VCPHCS-XIV-Bridgeway,0e7e4594-5e6f-405f-a303-69a6f189ed20,
202608102139177408,202608102103362614,202608102103362513,31,94101,FormAnswerSignatures Bronze - V15,br_tblFormAnswerSig,TASK_COMPLETE,SUCCESS,INFO,19052,19052,0,,2026-08-10T21:04:36.348Z,2026-08-10T21:39:44.219Z,2108,2026-08-10T21:39:44.219Z,V15,Joplin,0e7e4594-5e6f-405f-a303-69a6f189ed20,
202608102139177409,202608102103362615,202608102103362513,31,94102,FormAnswerSignatures Bronze - V17,br_tblFormAnswerSig,TASK_COMPLETE,SUCCESS,INFO,18998,18998,0,,2026-08-10T21:04:36.348Z,2026-08-10T21:39:44.219Z,2108,2026-08-10T21:39:44.219Z,V17,ColumbiaTN,0e7e4594-5e6f-405f-a303-69a6f189ed20,
202608102139177410,202608102103362616,202608102103362513,31,94103,FormAnswerSignatures Bronze - V19,br_tblFormAnswerSig,TASK_COMPLETE,SUCCESS,INFO,15510,15510,0,,2026-08-10T21:04:36.348Z,2026-08-10T21:39:44.219Z,2108,2026-08-10T21:39:44.219Z,V19,Jackson,0e7e4594-5e6f-405f-a303-69a6f189ed20,
202608102139177412,202608102103362617,202608102103362513,31,94104,FormAnswerSignatures Bronze - V20,br_tblFormAnswerSig,TASK_COMPLETE,SUCCESS,INFO,25802,25802,0,,2026-08-10T21:04:36.348Z,2026-08-10T21:39:44.219Z,2108,2026-08-10T21:39:44.219Z,V20,Paris,0e7e4594-5e6f-405f-a303-69a6f189ed20,
202608102139177413,202608102103362618,202608102103362513,31,94105,FormAnswerSignatures Bronze - V21,br_tblFormAnswerSig,TASK_COMPLETE,SUCCESS,INFO,12344,12344,0,,2026-08-10T21:04:36.348Z,2026-08-10T21:39:44.219Z,2108,2026-08-10T21:39:44.219Z,V21,Raleigh,0e7e4594-5e6f-405f-a303-69a6f189ed20,
202608180902083817,202608180834532799,202608180834532768,106,7962,Clinical Domain Bronze - SaveMNCALOC - VMIN,br_MNComprehensiveAssessmentLevelOfCare,TASK_COMPLETE,SUCCESS,INFO,201,201,0,,2026-08-18T08:37:01.117Z,2026-08-18T09:02:12.282Z,1511,2026-08-18T09:02:12.282Z,VMIN,Minneapolis,08f45940-4fba-4d40-8013-5941939f8b2e,
202608180902083818,202608180834532800,202608180834532768,106,7963,Clinical Domain Bronze - SaveMNCALOC - VWBY,br_MNComprehensiveAssessmentLevelOfCare,TASK_COMPLETE,SUCCESS,INFO,385,385,0,,2026-08-18T08:37:01.117Z,2026-08-18T09:02:12.282Z,1511,2026-08-18T09:02:12.282Z,VWBY,Woodbury,08f45940-4fba-4d40-8013-5941939f8b2e,
202608180902083820,202608180834532801,202608180834532768,106,7966,Clinical Domain Bronze - SaveVACA - B12B,br_VAComprehensiveAssessment,TASK_COMPLETE,SUCCESS,INFO,1721,1721,0,,2026-08-18T08:37:01.117Z,2026-08-18T09:02:12.282Z,1511,2026-08-18T09:02:12.282Z,B12B,ColoradoSprings,08f45940-4fba-4d40-8013-5941939f8b2e,
202608171240088311,202608171211598314,202608171211598283,106,7962,Clinical Domain Bronze - SaveMNCALOC - VMIN,br_MNComprehensiveAssessmentLevelOfCare,TASK_COMPLETE,SUCCESS,INFO,201,201,0,,2026-08-17T12:12:57.246Z,2026-08-17T12:40:14.210Z,1637,2026-08-17T12:40:14.210Z,VMIN,Minneapolis,71c4b27b-8df0-48dd-a1ee-a6ea3a63b852,
202608171240088312,202608171211598315,202608171211598283,106,7963,Clinical Domain Bronze - SaveMNCALOC - VWBY,br_MNComprehensiveAssessmentLevelOfCare,TASK_COMPLETE,SUCCESS,INFO,385,385,0,,2026-08-17T12:12:57.246Z,2026-08-17T12:40:14.210Z,1637,2026-08-17T12:40:14.210Z,VWBY,Woodbury,71c4b27b-8df0-48dd-a1ee-a6ea3a63b852,
202608171240088314,202608171211598316,202608171211598283,106,7966,Clinical Domain Bronze - SaveVACA - B12B,br_VAComprehensiveAssessment,TASK_COMPLETE,SUCCESS,INFO,1716,1716,0,,2026-08-17T12:12:57.246Z,2026-08-17T12:40:14.210Z,1637,2026-08-17T12:40:14.210Z,B12B,ColoradoSprings,71c4b27b-8df0-48dd-a1ee-a6ea3a63b852,
202608102226458890,202608102151219802,202608102151219703,31,94099,FormAnswerSignatures Bronze - V12A,br_tblFormAnswerSig,TASK_COMPLETE,SUCCESS,INFO,15461,15461,0,,2026-08-10T21:52:10.015Z,2026-08-10T22:26:49.259Z,2079,2026-08-10T22:26:49.259Z,V12A,Centennial,733bdb65-98e7-4d6d-af8f-93040e55bb44,
202608102226458891,202608102151219803,202608102151219703,31,94100,FormAnswerSignatures Bronze - V14,br_tblFormAnswerSig,TASK_COMPLETE,SUCCESS,INFO,10039,10039,0,,2026-08-10T21:52:10.015Z,2026-08-10T22:26:49.259Z,2079,2026-08-10T22:26:49.259Z,V14,VCPHCS-XIV-Bridgeway,733bdb65-98e7-4d6d-af8f-93040e55bb44,
202608102226458892,202608102151219804,202608102151219703,31,94101,FormAnswerSignatures Bronze - V15,br_tblFormAnswerSig,TASK_COMPLETE,SUCCESS,INFO,19052,19052,0,,2026-08-10T21:52:10.015Z,2026-08-10T22:26:49.259Z,2079,2026-08-10T22:26:49.259Z,V15,Joplin,733bdb65-98e7-4d6d-af8f-93040e55bb44,
202608102226458893,202608102151219805,202608102151219703,31,94102,FormAnswerSignatures Bronze - V17,br_tblFormAnswerSig,TASK_COMPLETE,SUCCESS,INFO,18998,18998,0,,2026-08-10T21:52:10.015Z,2026-08-10T22:26:49.259Z,2079,2026-08-10T22:26:49.259Z,V17,ColumbiaTN,733bdb65-98e7-4d6d-af8f-93040e55bb44,
202608102226458894,202608102151219806,202608102151219703,31,94103,FormAnswerSignatures Bronze - V19,br_tblFormAnswerSig,TASK_COMPLETE,SUCCESS,INFO,15510,15510,0,,2026-08-10T21:52:10.015Z,2026-08-10T22:26:49.259Z,2079,2026-08-10T22:26:49.259Z,V19,Jackson,733bdb65-98e7-4d6d-af8f-93040e55bb44,
202608102226458895,202608102151219807,202608102151219703,31,94104,FormAnswerSignatures Bronze - V20,br_tblFormAnswerSig,TASK_COMPLETE,SUCCESS,INFO,25802,25802,0,,2026-08-10T21:52:10.015Z,2026-08-10T22:26:49.259Z,2079,2026-08-10T22:26:49.259Z,V20,Paris,733bdb65-98e7-4d6d-af8f-93040e55bb44,
202608102226458896,202608102151219808,202608102151219703,31,94105,FormAnswerSignatures Bronze - V21,br_tblFormAnswerSig,TASK_COMPLETE,SUCCESS,INFO,12344,12344,0,,2026-08-10T21:52:10.015Z,2026-08-10T22:26:49.259Z,2079,2026-08-10T22:26:49.259Z,V21,Raleigh,733bdb65-98e7-4d6d-af8f-93040e55bb44,
202608102323440921,202608102246290061,202608102246289962,31,94099,FormAnswerSignatures Bronze - V12A,br_tblFormAnswerSig,TASK_COMPLETE,SUCCESS,INFO,15461,15461,0,,2026-08-10T22:46:50.634Z,2026-08-10T23:23:47.420Z,2217,2026-08-10T23:23:47.420Z,V12A,Centennial,577185a2-f5a0-4625-b776-012683caf0bc,
202608102323440922,202608102246290062,202608102246289962,31,94100,FormAnswerSignatures Bronze - V14,br_tblFormAnswerSig,TASK_COMPLETE,SUCCESS,INFO,10039,10039,0,,2026-08-10T22:46:50.634Z,2026-08-10T23:23:47.420Z,2217,2026-08-10T23:23:47.420Z,V14,VCPHCS-XIV-Bridgeway,577185a2-f5a0-4625-b776-012683caf0bc,
202608102323440923,202608102246290063,202608102246289962,31,94101,FormAnswerSignatures Bronze - V15,br_tblFormAnswerSig,TASK_COMPLETE,SUCCESS,INFO,19052,19052,0,,2026-08-10T22:46:50.634Z,2026-08-10T23:23:47.420Z,2217,2026-08-10T23:23:47.420Z,V15,Joplin,577185a2-f5a0-4625-b776-012683caf0bc,
202608102323440924,202608102246290064,202608102246289962,31,94102,FormAnswerSignatures Bronze - V17,br_tblFormAnswerSig,TASK_COMPLETE,SUCCESS,INFO,18998,18998,0,,2026-08-10T22:46:50.634Z,2026-08-10T23:23:47.420Z,2217,2026-08-10T23:23:47.420Z,V17,ColumbiaTN,577185a2-f5a0-4625-b776-012683caf0bc,
202608102323440925,202608102246290065,202608102246289962,31,94103,FormAnswerSignatures Bronze - V19,br_tblFormAnswerSig,TASK_COMPLETE,SUCCESS,INFO,15510,15510,0,,2026-08-10T22:46:50.634Z,2026-08-10T23:23:47.420Z,2217,2026-08-10T23:23:47.420Z,V19,Jackson,577185a2-f5a0-4625-b776-012683caf0bc,
202608102323440926,202608102246290066,202608102246289962,31,94104,FormAnswerSignatures Bronze - V20,br_tblFormAnswerSig,TASK_COMPLETE,SUCCESS,INFO,25802,25802,0,,2026-08-10T22:46:50.634Z,2026-08-10T23:23:47.420Z,2217,2026-08-10T23:23:47.420Z,V20,Paris,577185a2-f5a0-4625-b776-012683caf0bc,
202608102323440927,202608102246290067,202608102246289962,31,94105,FormAnswerSignatures Bronze - V21,br_tblFormAnswerSig,TASK_COMPLETE,SUCCESS,INFO,12344,12344,0,,2026-08-10T22:46:50.634Z,2026-08-10T23:23:47.420Z,2217,2026-08-10T23:23:47.420Z,V21,Raleigh,577185a2-f5a0-4625-b776-012683caf0bc,
202608191653265055,202608191653265055,20260819165324,91,5714,Bronze Conferdeploy CBInventory,br_conferdeploy_cbinventory,TASK_COMPLETE,SUCCESS,INFO,4,4,0,,2026-08-19T16:53:30.225Z,2026-08-19T16:53:45.492Z,15,2026-08-19T16:53:47.033Z,200,506,0,70375d96-6ad0-4ecf-ab3c-88865
202608191728123486,202608191728123486,20260819172802,91,5714,Bronze Conferdeploy CBInventory,br_conferdeploy_cbinventory,TASK_COMPLETE,SUCCESS,INFO,4,4,0,,2026-08-19T17:28:20.684Z,2026-08-19T17:28:48.780Z,28,2026-08-19T17:28:50.868Z,200,408,0,70375d96-6ad0-4ecf-ab3c-91105
202608170614178941,202608170551256443,202608170551256420,46,9293,P1 Finance Financial Hardship Application Bronze - B24,br_samms_financial_hardship_application,TASK_COMPLETE,SUCCESS,INFO,1155,1155,0,,2026-08-17T05:51:47.044Z,2026-08-17T06:14:21.786Z,1354,2026-08-17T06:14:21.786Z,B24,Paintsville,09d84bc7-e629-48a4-a32a-826b207e96d1,
202608170614178942,202608170551256444,202608170551256420,46,9294,P1 Finance Financial Hardship Application Bronze - B25,br_samms_financial_hardship_application,TASK_COMPLETE,SUCCESS,INFO,806,806,0,,2026-08-17T05:51:47.044Z,2026-08-17T06:14:21.786Z,1354,2026-08-17T06:14:21.786Z,B25,Pikeville,09d84bc7-e629-48a4-a32a-826b207e96d1,
202608191139125011,202608191104247954,202608191104247942,107,8566,Clinical Domain Silver - SaveVACASummary,sl_vacomprehensiveassessmentsummary,TASK_COMPLETE,SUCCESS,INFO,1673,1673,0,,2026-08-19T11:06:34.343Z,2026-08-19T11:39:14.497Z,1960,2026-08-19T11:39:14.497Z,,,8c2f72fa-f3d3-4c31-9e7b-e1d36d508d72,
202608191139125008,202608191104247952,202608191104247942,107,8564,Clinical Domain Silver - SaveMNCALOC,sl_mncomprehensiveassessmentlevelofcare,TASK_COMPLETE,SUCCESS,INFO,1063,1063,0,,2026-08-19T11:06:34.343Z,2026-08-19T11:39:14.497Z,1960,2026-08-19T11:39:14.497Z,,,8c2f72fa-f3d3-4c31-9e7b-e1d36d508d72,
202608261724109173,202608261657210996,202608261657210989,46,9409,P1 Finance 3P Eligibility Bronze - AHK,br_samms_3p_elig,TASK_COMPLETE,SUCCESS,INFO,89,89,0,,2026-08-26T16:57:24.758Z,2026-08-26T17:25:01.887Z,1657,2026-08-26T17:25:01.887Z,AHK,Ahoskie,7a1b4484-4dc4-4e48-b51b-e78359ce9673,SAMMS-Ahoskie
202608221113176851,202608221042113041,202608221042112981,85,2616,Bronze INV,br_LabResultDetail,TASK_COMPLETE,SUCCESS,INFO,8,8,0,,2026-08-22T10:42:14.039Z,2026-08-22T11:16:52.295Z,2078,2026-08-22T11:16:52.295Z,VWBY,Woodbury,28d7acf5-bc26-4be3-b390-775b9af3d980,SAMMS-WoodburyV6
202608221113176953,202608221042213004,202608221042212981,86,8582,Silver INV,sl_LABResultDetail,TASK_COMPLETE,SUCCESS,INFO,123500,123500,0,,2026-08-22T10:42:14.039Z,2026-08-22T11:16:52.295Z,2078,2026-08-22T11:16:52.295Z,,,28d7acf5-bc26-4be3-b390-775b9af3d980,
202608221113176857,202608221042113052,202608221042112981,85,234,Bronze INV,br_AdmissionAssessment,TASK_COMPLETE,SUCCESS,INFO,0,0,0,,2026-08-22T10:42:14.039Z,2026-08-22T11:16:52.295Z,2078,2026-08-22T11:16:52.295Z,B26,Hazard,28d7acf5-bc26-4be3-b390-775b9af3d980,SAMMS-HazardV5
202608191705197716,202608191654270021,202608191654269970,76,144438,PPA Bronze,br_SF_PatientPreAdmission,TASK_COMPLETE,SUCCESS,INFO,7062,7062,0,,2026-08-19T16:54:47.315Z,2026-08-19T17:10:18.523Z,931,2026-08-19T17:10:18.523Z,D09,Murfreesboro,4736cb14-987d-4509-b3d7-654790c2de16,SAMMS-MurfreesboroV6
202608191705197717,202608191654270022,202608191654269970,76,144439,PPA Bronze,br_SF_PatientPreAdmission,TASK_COMPLETE,SUCCESS,INFO,4803,4803,0,,2026-08-19T16:54:47.315Z,2026-08-19T17:10:18.523Z,931,2026-08-19T17:10:18.523Z,DA,Davenport,4736cb14-987d-4509-b3d7-654790c2de16,SAMMS-Davenport
202608181053385175,202608181018308838,202608181018308812,123,13521,Assessments Bronze - SaveAdmissionAssessmentsSubstanceUseHistory - B12B,br_Admissionassessmentsubstanceusehistory,TASK_COMPLETE,SUCCESS,INFO,1719,1719,0,,2026-08-18T10:19:21.940Z,2026-08-18T10:53:43.553Z,2062,2026-08-18T10:53:43.553Z,B12B,ColoradoSprings,06767fa9-f980-4e92-a048-4dd43e2dbe98,
202608181053385176,202608181018308839,202608181018308812,123,13522,Assessments Bronze - SaveAdmissionAssessmentsSubstanceUseHistory - B24,br_Admissionassessmentsubstanceusehistory,TASK_COMPLETE,SUCCESS,INFO,323,323,0,,2026-08-18T10:19:21.940Z,2026-08-18T10:53:43.553Z,2062,2026-08-18T10:53:43.553Z,B24,Paintsville,06767fa9-f980-4e92-a048-4dd43e2dbe98,
202608181238297200,202608181207708146,202608181207708120,123,13521,Assessments Bronze - SaveAdmissionAssessmentsSubstanceUseHistory - B12B,br_Admissionassessmentsubstanceusehistory,TASK_COMPLETE,SUCCESS,INFO,1719,1719,0,,2026-08-18T12:09:06.544Z,2026-08-18T12:38:32.842Z,1766,2026-08-18T12:38:32.842Z,B12B,ColoradoSprings,6a9f8fe6-e2a7-49ab-8570-443c59873958,
202608181238297201,202608181207708147,202608181207708120,123,13522,Assessments Bronze - SaveAdmissionAssessmentsSubstanceUseHistory - B24,br_Admissionassessmentsubstanceusehistory,TASK_COMPLETE,SUCCESS,INFO,323,323,0,,2026-08-18T12:09:06.544Z,2026-08-18T12:38:32.842Z,1766,2026-08-18T12:38:32.842Z,B24,Paintsville,6a9f8fe6-e2a7-49ab-8570-443c59873958,
202608221113177477,202608221042113045,202608221042112981,85,1729,Bronze INV,br_Appointments,TASK_COMPLETE,SUCCESS,INFO,18453,18453,0,,2026-08-22T10:42:14.039Z,2026-08-22T11:16:52.295Z,2078,2026-08-22T11:16:52.295Z,B46,Washington DC,28d7acf5-bc26-4be3-b390-775b9af3d980,SAMMS-WashingtonDCv5
202608221113177478,202608221042113046,202608221042112981,85,1730,Bronze INV,br_Appointments,TASK_COMPLETE,SUCCESS,INFO,14500,14500,0,,2026-08-22T10:42:14.039Z,2026-08-22T11:16:52.295Z,2078,2026-08-22T11:16:52.295Z,B47,Mobile,28d7acf5-bc26-4be3-b390-775b9af3d980,SAMMS-MobileV5
202608221113177479,202608221042113047,202608221042112981,85,1799,Bronze INV,br_Appointments,TASK_COMPLETE,SUCCESS,INFO,50159,50159,0,,2026-08-22T10:42:14.039Z,2026-08-22T11:16:52.295Z,2078,2026-08-22T11:16:52.295Z,DRD-NOLA,NOLA,28d7acf5-bc26-4be3-b390-775b9af3d980,SAMMS-NOLAv5
202608250403056855,202608250343360400,202608250343360390,118,11100,Bronze P1/P2 Assessments,br_NewPeriodicReassessmentD2,TASK_COMPLETE,SUCCESS,INFO,0,0,0,,2026-08-25T03:43:39.643Z,2026-08-25T04:03:08.743Z,1169,2026-08-25T04:03:08.743Z,B33,Paducah,8c969a39-95ec-4087-9ad3-4a9580887e34,SAMMS-Paducah
202608250403056862,202608250343360406,202608250343360390,118,11652,Bronze P1/P2 Assessments,br_NewPeriodicReassessmentD5,TASK_COMPLETE,SUCCESS,INFO,0,0,0,,2026-08-25T03:43:39.643Z,2026-08-25T04:03:08.743Z,1169,2026-08-25T04:03:08.743Z,B33,Paducah,8c969a39-95ec-4087-9ad3-4a9580887e34,SAMMS-Paducah
202608190537301089,202608190459300348,202608190459300344,107,8558,Clinical Domain Silver - SaveCows_v6,sl_cows_v6,TASK_COMPLETE,SUCCESS,INFO,23828,23828,0,,2026-08-19T05:01:28.469Z,2026-08-19T05:37:32.342Z,2164,2026-08-19T05:37:32.342Z,Global,SAMMSGLOBAL,05916e11-44cf-456b-ac26-991e7ff5d7aa,SAMMSGLOBAL
202608110409368546,202608110331629384,202608110331629359,106,7736,Clinical Domain Bronze - SaveMNCA - B12B,brz_MNComprehensiveAssessment,TASK_COMPLETE,SUCCESS,INFO,0,0,0,,2026-08-11T03:32:39.288Z,2026-08-11T04:09:40.942Z,2221,2026-08-11T04:09:40.942Z,B12B,ColoradoSprings,6e36e3b5-c33e-4cc8-b6e2-dc5c3524428c,
202608110409368547,202608110331629385,202608110331629359,106,7780,Clinical Domain Bronze - SaveMNCA - BOI,brz_MNComprehensiveAssessment,TASK_COMPLETE,SUCCESS,INFO,0,0,0,,2026-08-11T03:32:39.288Z,2026-08-11T04:09:40.942Z,2221,2026-08-11T04:09:40.942Z,BOI,Boise,6e36e3b5-c33e-4cc8-b6e2-dc5c3524428c,
202608110409368549,202608110331629386,202608110331629359,106,7829,Clinical Domain Bronze - SaveMNCA - V10,brz_MNComprehensiveAssessment,TASK_COMPLETE,SUCCESS,INFO,0,0,0,,2026-08-11T03:32:39.288Z,2026-08-11T04:09:40.942Z,2221,2026-08-11T04:09:40.942Z,V10,Boulder,6e36e3b5-c33e-4cc8-b6e2-dc5c3524428c,
202608110409368550,202608110331629387,202608110331629359,106,7845,Clinical Domain Bronze - SaveMNCA - VBRA,brz_MNComprehensiveAssessment,TASK_COMPLETE,SUCCESS,INFO,232,232,0,,2026-08-11T03:32:39.288Z,2026-08-11T04:09:40.942Z,2221,2026-08-11T04:09:40.942Z,VBRA,Brainerd,6e36e3b5-c33e-4cc8-b6e2-dc5c3524428c,
202608261802020228,202608261733546741,202608261733546733,98,6678,P1 Forms Take Home Risk Assessment Silver,tbl_TakeHomeRiskAssessment,TASK_COMPLETE,SUCCESS,INFO,752,752,0,,2026-08-26T17:33:51.495Z,2026-08-26T18:02:05.602Z,1694,2026-08-26T18:02:05.602Z,,,4b416fe5-6f5c-4fb7-baa8-f0b32475e9c6,
202608201126558617,202608201126558617,202608201125599805,82,201,Salesforce Record Types,br_sf_recordtype,TASK_FAILED,FAILED,ERROR,0,0,0,name col is not defined,2026-08-20T11:27:00.688Z,2026-08-20T11:27:30.056Z,28,2026-08-20T11:27:30.056Z,,,79156e84-8509-4e63-a064-b4b0873a2a40,
202608141506426644,202608141444143629,202608141444143611,46,9646,P1 Finance Claim Line Item Activity Bronze - B12B,br_samms_claim_line_item_activity,TASK_COMPLETE,SUCCESS,INFO,272549,272549,0,,2026-08-14T14:44:17.762Z,2026-08-14T15:09:27.882Z,1510,2026-08-14T15:09:27.882Z,B12B,ColoradoSprings,1c123384-c339-4954-be1f-3a8d150ebb14,
202608171102595619,202608171031398627,202608171031398593,106,8010,Clinical Domain Bronze - SaveVACA - BOI,br_VAComprehensiveAssessment,TASK_COMPLETE,SUCCESS,INFO,0,0,0,,2026-08-17T10:38:10.305Z,2026-08-17T11:03:03.679Z,1493,2026-08-17T11:03:03.679Z,BOI,Boise,16b28601-46b7-41d7-bb6b-81142615d65b,
202608171102595621,202608171031398628,202608171031398593,106,8059,Clinical Domain Bronze - SaveVACA - V10,br_VAComprehensiveAssessment,TASK_COMPLETE,SUCCESS,INFO,0,0,0,,2026-08-17T10:38:10.305Z,2026-08-17T11:03:03.679Z,1493,2026-08-17T11:03:03.679Z,V10,Boulder,16b28601-46b7-41d7-bb6b-81142615d65b,
202608171102595622,202608171031398629,202608171031398593,106,8081,Clinical Domain Bronze - SaveVACASummary - B12B,br_VAComprehensiveAssessmentSummary,TASK_COMPLETE,SUCCESS,INFO,0,0,0,,2026-08-17T10:38:10.305Z,2026-08-17T11:03:03.679Z,1493,2026-08-17T11:03:03.679Z,B12B,ColoradoSprings,16b28601-46b7-41d7-bb6b-81142615d65b,
202608210938475560,202608210910301215,202608210910301208,45,189,SAMMSGLOBAL Gold,CONSENTS,TASK_COMPLETE,SUCCESS,INFO,459,459,0,,2026-08-21T09:10:14.296Z,2026-08-21T09:38:52.166Z,1718,2026-08-21T09:38:52.166Z,Global,Global,859bd6e7-8433-41b7-8f16-164cdd55063d,SAMMSGLOBAL
202608142019050097,202608141850614671,202608141850614621,28,91050,FormQuestionAnswers Bronze - D08,br_tblFormQA,TASK_COMPLETE,SUCCESS,INFO,167133,167133,0,,2026-08-14T18:51:07.427Z,2026-08-14T20:19:08.156Z,5281,2026-08-14T20:19:08.156Z,D08,Madison,06b9d75d-291b-4cd2-9a89-52908a52280f,
202608142019050098,202608141850614672,202608141850614621,28,91051,FormQuestionAnswers Bronze - D09,br_tblFormQA,TASK_COMPLETE,SUCCESS,INFO,244286,244286,0,,2026-08-14T18:51:07.427Z,2026-08-14T20:19:08.156Z,5281,2026-08-14T20:19:08.156Z,D09,Murfreesboro,06b9d75d-291b-4cd2-9a89-52908a52280f,
202608142019050099,202608141850614673,202608141850614621,28,91052,FormQuestionAnswers Bronze - DA,br_tblFormQA,TASK_COMPLETE,SUCCESS,INFO,107878,107878,0,,2026-08-14T18:51:07.427Z,2026-08-14T20:19:08.156Z,5281,2026-08-14T20:19:08.156Z,DA,Davenport,06b9d75d-291b-4cd2-9a89-52908a52280f,
202608142019050100,202608141850614674,202608141850614621,28,91053,FormQuestionAnswers Bronze - DM,br_tblFormQA,TASK_COMPLETE,SUCCESS,INFO,94170,94170,0,,2026-08-14T18:51:07.427Z,2026-08-14T20:19:08.156Z,5281,2026-08-14T20:19:08.156Z,DM,DesMoines,06b9d75d-291b-4cd2-9a89-52908a52280f,
202608142019050101,202608141850614675,202608141850614621,28,91054,FormQuestionAnswers Bronze - DRD-CO,br_tblFormQA,TASK_COMPLETE,SUCCESS,INFO,169984,169984,0,,2026-08-14T18:51:07.427Z,2026-08-14T20:19:08.156Z,5281,2026-08-14T20:19:08.156Z,DRD-CO,Columbia,06b9d75d-291b-4cd2-9a89-52908a52280f,
202608142019050102,202608141850614676,202608141850614621,28,91055,FormQuestionAnswers Bronze - DRD-KC,br_tblFormQA,TASK_COMPLETE,SUCCESS,INFO,183104,183104,0,,2026-08-14T18:51:07.427Z,2026-08-14T20:19:08.156Z,5281,2026-08-14T20:19:08.156Z,DRD-KC,KC,06b9d75d-291b-4cd2-9a89-52908a52280f,
202608142019050103,202608141850614677,202608141850614621,28,91056,FormQuestionAnswers Bronze - DRD-KVB,br_tblFormQA,TASK_COMPLETE,SUCCESS,INFO,440498,440498,0,,2026-08-14T18:51:07.427Z,2026-08-14T20:19:08.156Z,5281,2026-08-14T20:19:08.156Z,DRD-KVB,KVB,06b9d75d-291b-4cd2-9a89-52908a52280f,
202608210243522734,202608210227362450,202608210227362448,45,193,SAMMSGLOBAL Gold,FeeSched,TASK_COMPLETE,SUCCESS,INFO,0,16222,0,,2026-08-21T02:27:19.171Z,2026-08-21T02:44:04.451Z,1005,2026-08-21T02:44:04.451Z,Global,Global,37d39418-848b-43a3-aff1-182cc8bb7455,SAMMSGLOBAL
202608140613125508,202608140600163242,202608140600163231,106,7205,Clinical Domain Bronze - SaveCows_v6 - BOI,brz_Cows_v6,TASK_COMPLETE,SUCCESS,INFO,3705,3705,0,,2026-08-14T06:01:45.513Z,2026-08-14T06:14:58.932Z,793,2026-08-14T06:14:58.932Z,BOI,Boise,9a6b8567-8347-49cb-b213-618351c5e21c,
202608140613125510,202608140600163243,202608140600163231,106,7254,Clinical Domain Bronze - SaveCows_v6 - V10,brz_Cows_v6,TASK_COMPLETE,SUCCESS,INFO,12324,12324,0,,2026-08-14T06:01:45.513Z,2026-08-14T06:14:58.932Z,793,2026-08-14T06:14:58.932Z,V10,Boulder,9a6b8567-8347-49cb-b213-618351c5e21c,
202608140613148251,202608140600263235,202608140600263231,107,8558,Clinical Domain Silver - SaveCows_v6,slv_cows_v6,TASK_COMPLETE,SUCCESS,INFO,23738,23738,0,,2026-08-14T06:01:45.513Z,2026-08-14T06:14:58.932Z,793,2026-08-14T06:14:58.932Z,Global,SAMMSGLOBAL,9a6b8567-8347-49cb-b213-618351c5e21c,
202608140613148153,202608140600163274,202608140600163231,106,8311,Clinical Domain Bronze - SaveEnrollment - B12B,brz_Enrollment,TASK_COMPLETE,SUCCESS,INFO,3277,3277,0,,2026-08-14T06:01:45.513Z,2026-08-14T06:14:58.932Z,793,2026-08-14T06:14:58.932Z,B12B,ColoradoSprings,9a6b8567-8347-49cb-b213-618351c5e21c,
202608140613148154,202608140600163275,202608140600163231,106,8355,Clinical Domain Bronze - SaveEnrollment - BOI,brz_Enrollment,TASK_COMPLETE,SUCCESS,INFO,1194,1194,0,,2026-08-14T06:01:45.513Z,2026-08-14T06:14:58.932Z,793,2026-08-14T06:14:58.932Z,BOI,Boise,9a6b8567-8347-49cb-b213-618351c5e21c,
202608140613148155,202608140600163276,202608140600163231,106,8404,Clinical Domain Bronze - SaveEnrollment - V10,brz_Enrollment,TASK_COMPLETE,SUCCESS,INFO,10400,10400,0,,2026-08-14T06:01:45.513Z,2026-08-14T06:14:58.932Z,793,2026-08-14T06:14:58.932Z,V10,Boulder,9a6b8567-8347-49cb-b213-618351c5e21c,
202608102144480504,202608102108561444,202608102108561394,28,91050,FormQuestionAnswers Bronze - D08,br_tblFormQA,TASK_COMPLETE,SUCCESS,INFO,10260,10260,0,,2026-08-10T21:09:33.412Z,2026-08-10T21:44:51.777Z,2118,2026-08-10T21:44:51.777Z,D08,Madison,919a3989-3039-4ed4-8e54-b0f9527e0235,
202608102144480505,202608102108561445,202608102108561394,28,91051,FormQuestionAnswers Bronze - D09,br_tblFormQA,TASK_COMPLETE,SUCCESS,INFO,36539,36539,0,,2026-08-10T21:09:33.412Z,2026-08-10T21:44:51.777Z,2118,2026-08-10T21:44:51.777Z,D09,Murfreesboro,919a3989-3039-4ed4-8e54-b0f9527e0235,
202608102144480507,202608102108561446,202608102108561394,28,91052,FormQuestionAnswers Bronze - DA,br_tblFormQA,TASK_COMPLETE,SUCCESS,INFO,11749,11749,0,,2026-08-10T21:09:33.412Z,2026-08-10T21:44:51.777Z,2118,2026-08-10T21:44:51.777Z,DA,Davenport,919a3989-3039-4ed4-8e54-b0f9527e0235,
202608102144480508,202608102108561447,202608102108561394,28,91053,FormQuestionAnswers Bronze - DM,br_tblFormQA,TASK_COMPLETE,SUCCESS,INFO,9698,9698,0,,2026-08-10T21:09:33.412Z,2026-08-10T21:44:51.777Z,2118,2026-08-10T21:44:51.777Z,DM,DesMoines,919a3989-3039-4ed4-8e54-b0f9527e0235,
202608102144480509,202608102108561448,202608102108561394,28,91054,FormQuestionAnswers Bronze - DRD-CO,br_tblFormQA,TASK_COMPLETE,SUCCESS,INFO,12315,12315,0,,2026-08-10T21:09:33.412Z,2026-08-10T21:44:51.777Z,2118,2026-08-10T21:44:51.777Z,DRD-CO,Columbia,919a3989-3039-4ed4-8e54-b0f9527e0235,
202608102144480510,202608102108561449,202608102108561394,28,91055,FormQuestionAnswers Bronze - DRD-KC,br_tblFormQA,TASK_COMPLETE,SUCCESS,INFO,17472,17472,0,,2026-08-10T21:09:33.412Z,2026-08-10T21:44:51.777Z,2118,2026-08-10T21:44:51.777Z,DRD-KC,KC,919a3989-3039-4ed4-8e54-b0f9527e0235,
202608102144480512,202608102108561450,202608102108561394,28,91056,FormQuestionAnswers Bronze - DRD-KVB,br_tblFormQA,TASK_COMPLETE,SUCCESS,INFO,26148,26148,0,,2026-08-10T21:09:33.412Z,2026-08-10T21:44:51.777Z,2118,2026-08-10T21:44:51.777Z,DRD-KVB,KVB,919a3989-3039-4ed4-8e54-b0f9527e0235,
202608141935472396,202608141857340820,202608141857340774,31,94046,FormAnswerSignatures Bronze - BOI,br_tblFormAnswerSig,TASK_COMPLETE,SUCCESS,INFO,29685,29685,0,,2026-08-14T18:58:05.482Z,2026-08-14T19:35:50.482Z,2265,2026-08-14T19:35:50.482Z,BOI,Boise,015634ea-243f-49e1-a18e-0e1d033651d1,
202608141935472397,202608141857340821,202608141857340774,31,94047,FormAnswerSignatures Bronze - CBCO,br_tblFormAnswerSig,TASK_COMPLETE,SUCCESS,INFO,26596,26596,0,,2026-08-14T18:58:05.482Z,2026-08-14T19:35:50.482Z,2265,2026-08-14T19:35:50.482Z,CBCO,CoeurdAlene,015634ea-243f-49e1-a18e-0e1d033651d1,
202608141935472398,202608141857340822,202608141857340774,31,94048,FormAnswerSignatures Bronze - CON,br_tblFormAnswerSig,TASK_COMPLETE,SUCCESS,INFO,24073,24073,0,,2026-08-14T18:58:05.482Z,2026-08-14T19:35:50.482Z,2265,2026-08-14T19:35:50.482Z,CON,Conway,015634ea-243f-49e1-a18e-0e1d033651d1,
202608141935472399,202608141857340823,202608141857340774,31,94049,FormAnswerSignatures Bronze - D07,br_tblFormAnswerSig,TASK_COMPLETE,SUCCESS,INFO,267150,267150,0,,2026-08-14T18:58:05.482Z,2026-08-14T19:35:50.482Z,2265,2026-08-14T19:35:50.482Z,D07,Knoxville,015634ea-243f-49e1-a18e-0e1d033651d1,
202608141935472400,202608141857340824,202608141857340774,31,94050,FormAnswerSignatures Bronze - D08,br_tblFormAnswerSig,TASK_COMPLETE,SUCCESS,INFO,70772,70772,0,,2026-08-14T18:58:05.482Z,2026-08-14T19:35:50.482Z,2265,2026-08-14T19:35:50.482Z,D08,Madison,015634ea-243f-49e1-a18e-0e1d033651d1,
202608141935472401,202608141857340825,202608141857340774,31,94051,FormAnswerSignatures Bronze - D09,br_tblFormAnswerSig,TASK_COMPLETE,SUCCESS,INFO,90187,90187,0,,2026-08-14T18:58:05.482Z,2026-08-14T19:35:50.482Z,2265,2026-08-14T19:35:50.482Z,D09,Murfreesboro,015634ea-243f-49e1-a18e-0e1d033651d1,
202608140714170830,202608140700596546,202608140700596541,106,6975,Clinical Domain Bronze - SaveBamForm - BOI,brz_BAMForm,TASK_COMPLETE,SUCCESS,INFO,315,315,0,,2026-08-14T07:02:17.002Z,2026-08-14T07:16:01.674Z,824,2026-08-14T07:16:01.674Z,BOI,Boise,4f29b93d-8b22-445c-9466-6259e423edcc,
202608140714170831,202608140700596547,202608140700596541,106,7024,Clinical Domain Bronze - SaveBamForm - V10,brz_BAMForm,TASK_COMPLETE,SUCCESS,INFO,465,465,0,,2026-08-14T07:02:17.002Z,2026-08-14T07:16:01.674Z,824,2026-08-14T07:16:01.674Z,V10,Boulder,4f29b93d-8b22-445c-9466-6259e423edcc,
202608140714191022,202608140700696543,202608140700696541,107,8556,Clinical Domain Silver - SaveBamForm,slv_bamform,TASK_COMPLETE,SUCCESS,INFO,1148,1148,0,,2026-08-14T07:02:17.002Z,2026-08-14T07:16:01.674Z,824,2026-08-14T07:16:01.674Z,Global,SAMMSGLOBAL,4f29b93d-8b22-445c-9466-6259e423edcc,
202608140714190924,202608140700596548,202608140700596541,106,7046,Clinical Domain Bronze - SaveBamScore - B12B,brz_BAMScore,TASK_COMPLETE,SUCCESS,INFO,6582,6582,0,,2026-08-14T07:02:17.002Z,2026-08-14T07:16:01.674Z,824,2026-08-14T07:16:01.674Z,B12B,ColoradoSprings,4f29b93d-8b22-445c-9466-6259e423edcc,
202608140714190926,202608140700596549,202608140700596541,106,7090,Clinical Domain Bronze - SaveBamScore - BOI,brz_BAMScore,TASK_COMPLETE,SUCCESS,INFO,3636,3636,0,,2026-08-14T07:02:17.002Z,2026-08-14T07:16:01.674Z,824,2026-08-14T07:16:01.674Z,BOI,Boise,4f29b93d-8b22-445c-9466-6259e423edcc,
202608140714190927,202608140700596550,202608140700596541,106,7139,Clinical Domain Bronze - SaveBamScore - V10,brz_BAMScore,TASK_COMPLETE,SUCCESS,INFO,9789,9789,0,,2026-08-14T07:02:17.002Z,2026-08-14T07:16:01.674Z,824,2026-08-14T07:16:01.674Z,V10,Boulder,4f29b93d-8b22-445c-9466-6259e423edcc,
202608250405267183,202608250343460394,202608250343460390,119,12563,Silver P1/P2 Assessments,sl_NewPeriodicReassessmentCounselorReview,TASK_COMPLETE,SUCCESS,INFO,562,562,0,,2026-08-25T03:43:39.643Z,2026-08-25T04:05:28.429Z,1309,2026-08-25T04:05:28.429Z,,,8c969a39-95ec-4087-9ad3-4a9580887e34,
202608170828545807,202608170805168042,202608170805168041,97,5746,P1 Forms Comprehensive Assessment Form Bronze - B24,br_samms_comprehensive_assessment_form,TASK_COMPLETE,SUCCESS,INFO,657,657,0,,2026-08-17T08:05:23.166Z,2026-08-17T08:28:58.238Z,1415,2026-08-17T08:28:58.238Z,B24,Paintsville,760fb7f7-522d-45ef-ae35-70bd18d17fef,
202608140714265774,202608140700696555,202608140700696541,107,8568,Clinical Domain Silver - SaveEnrollment,slv_enrollment,TASK_COMPLETE,SUCCESS,INFO,14871,14871,0,,2026-08-14T07:02:17.002Z,2026-08-14T07:16:01.674Z,824,2026-08-14T07:16:01.674Z,Global,SAMMSGLOBAL,4f29b93d-8b22-445c-9466-6259e423edcc,
202608140714265677,202608140700596566,202608140700596541,106,7845,Clinical Domain Bronze - SaveMNCA - VBRA,brz_MNComprehensiveAssessment,TASK_COMPLETE,SUCCESS,INFO,232,232,0,,2026-08-14T07:02:17.002Z,2026-08-14T07:16:01.674Z,824,2026-08-14T07:16:01.674Z,VBRA,Brainerd,4f29b93d-8b22-445c-9466-6259e423edcc,
202608140714265678,202608140700596567,202608140700596541,106,7846,Clinical Domain Bronze - SaveMNCA - VBRP,brz_MNComprehensiveAssessment,TASK_COMPLETE,SUCCESS,INFO,265,265,0,,2026-08-14T07:02:17.002Z,2026-08-14T07:16:01.674Z,824,2026-08-14T07:16:01.674Z,VBRP,BrooklynPark,4f29b93d-8b22-445c-9466-6259e423edcc,
202608171240088318,202608171211598320,202608171211598283,106,7986,Clinical Domain Bronze - SaveVACA - B42B,br_VAComprehensiveAssessment,TASK_COMPLETE,SUCCESS,INFO,46,46,0,,2026-08-17T12:12:57.246Z,2026-08-17T12:40:14.210Z,1637,2026-08-17T12:40:14.210Z,B42B,Franklin,71c4b27b-8df0-48dd-a1ee-a6ea3a63b852,
202608171240088320,202608171211598321,202608171211598283,106,7987,Clinical Domain Bronze - SaveVACA - B42C,br_VAComprehensiveAssessment,TASK_COMPLETE,SUCCESS,INFO,372,372,0,,2026-08-17T12:12:57.246Z,2026-08-17T12:40:14.210Z,1637,2026-08-17T12:40:14.210Z,B42C,GlenAllen,71c4b27b-8df0-48dd-a1ee-a6ea3a63b852,
202608171240088321,202608171211598322,202608171211598283,106,7988,Clinical Domain Bronze - SaveVACA - B42D,br_VAComprehensiveAssessment,TASK_COMPLETE,SUCCESS,INFO,196,196,0,,2026-08-17T12:12:57.246Z,2026-08-17T12:40:14.210Z,1637,2026-08-17T12:40:14.210Z,B42D,ChesapeakeSouth,71c4b27b-8df0-48dd-a1ee-a6ea3a63b852,
202608180902083824,202608180834532805,202608180834532768,106,7986,Clinical Domain Bronze - SaveVACA - B42B,br_VAComprehensiveAssessment,TASK_COMPLETE,SUCCESS,INFO,46,46,0,,2026-08-18T08:37:01.117Z,2026-08-18T09:02:12.282Z,1511,2026-08-18T09:02:12.282Z,B42B,Franklin,08f45940-4fba-4d40-8013-5941939f8b2e,
202608180902083825,202608180834532806,202608180834532768,106,7987,Clinical Domain Bronze - SaveVACA - B42C,br_VAComprehensiveAssessment,TASK_COMPLETE,SUCCESS,INFO,374,374,0,,2026-08-18T08:37:01.117Z,2026-08-18T09:02:12.282Z,1511,2026-08-18T09:02:12.282Z,B42C,GlenAllen,08f45940-4fba-4d40-8013-5941939f8b2e,
202608180902083826,202608180834532807,202608180834532768,106,7988,Clinical Domain Bronze - SaveVACA - B42D,br_VAComprehensiveAssessment,TASK_COMPLETE,SUCCESS,INFO,197,197,0,,2026-08-18T08:37:01.117Z,2026-08-18T09:02:12.282Z,1511,2026-08-18T09:02:12.282Z,B42D,ChesapeakeSouth,08f45940-4fba-4d40-8013-5941939f8b2e,
202608140613174807,202608140600263245,202608140600263231,107,8568,Clinical Domain Silver - SaveEnrollment,slv_enrollment,TASK_COMPLETE,SUCCESS,INFO,14871,14871,0,,2026-08-14T06:01:45.513Z,2026-08-14T06:14:58.932Z,793,2026-08-14T06:14:58.932Z,Global,SAMMSGLOBAL,9a6b8567-8347-49cb-b213-618351c5e21c,
202608140613174709,202608140600163256,202608140600163231,106,7845,Clinical Domain Bronze - SaveMNCA - VBRA,brz_MNComprehensiveAssessment,TASK_COMPLETE,SUCCESS,INFO,232,232,0,,2026-08-14T06:01:45.513Z,2026-08-14T06:14:58.932Z,793,2026-08-14T06:14:58.932Z,VBRA,Brainerd,9a6b8567-8347-49cb-b213-618351c5e21c,
202608140613174710,202608140600163257,202608140600163231,106,7846,Clinical Domain Bronze - SaveMNCA - VBRP,brz_MNComprehensiveAssessment,TASK_COMPLETE,SUCCESS,INFO,265,265,0,,2026-08-14T06:01:45.513Z,2026-08-14T06:14:58.932Z,793,2026-08-14T06:14:58.932Z,VBRP,BrooklynPark,9a6b8567-8347-49cb-b213-618351c5e21c,
202608142019050105,202608141850614678,202608141850614621,28,91057,FormQuestionAnswers Bronze - DRD-KVC,br_tblFormQA,TASK_COMPLETE,SUCCESS,INFO,526857,526857,0,,2026-08-14T18:51:07.427Z,2026-08-14T20:19:08.156Z,5281,2026-08-14T20:19:08.156Z,DRD-KVC,KVC,06b9d75d-291b-4cd2-9a89-52908a52280f,
202608142019050106,202608141850614679,202608141850614621,28,91058,FormQuestionAnswers Bronze - DRD-NOLA,br_tblFormQA,TASK_COMPLETE,SUCCESS,INFO,441710,441710,0,,2026-08-14T18:51:07.427Z,2026-08-14T20:19:08.156Z,5281,2026-08-14T20:19:08.156Z,DRD-NOLA,NOLA,06b9d75d-291b-4cd2-9a89-52908a52280f,
202608142019050107,202608141850614680,202608141850614621,28,91059,FormQuestionAnswers Bronze - DRD-SF,br_tblFormQA,TASK_COMPLETE,SUCCESS,INFO,224448,224448,0,,2026-08-14T18:51:07.427Z,2026-08-14T20:19:08.156Z,5281,2026-08-14T20:19:08.156Z,DRD-SF,SF,06b9d75d-291b-4cd2-9a89-52908a52280f,
202608142019050108,202608141850614681,202608141850614621,28,91060,FormQuestionAnswers Bronze - ELC,br_tblFormQA,TASK_COMPLETE,SUCCESS,INFO,128855,128855,0,,2026-08-14T18:51:07.427Z,2026-08-14T20:19:08.156Z,5281,2026-08-14T20:19:08.156Z,ELC,ElizabethCity,06b9d75d-291b-4cd2-9a89-52908a52280f,
202608142019050109,202608141850614682,202608141850614621,28,91061,FormQuestionAnswers Bronze - ET,br_tblFormQA,TASK_COMPLETE,SUCCESS,INFO,165523,165523,0,,2026-08-14T18:51:07.427Z,2026-08-14T20:19:08.156Z,5281,2026-08-14T20:19:08.156Z,ET,Elizabethtown,06b9d75d-291b-4cd2-9a89-52908a52280f,
202608142019050110,202608141850614683,202608141850614621,28,91062,FormQuestionAnswers Bronze - FAY,br_tblFormQA,TASK_COMPLETE,SUCCESS,INFO,20473,20473,0,,2026-08-14T18:51:07.427Z,2026-08-14T20:19:08.156Z,5281,2026-08-14T20:19:08.156Z,FAY,Fayetteville,06b9d75d-291b-4cd2-9a89-52908a52280f,
202608142019050111,202608141850614684,202608141850614621,28,91063,FormQuestionAnswers Bronze - FR,br_tblFormQA,TASK_COMPLETE,SUCCESS,INFO,136193,136193,0,,2026-08-14T18:51:07.427Z,2026-08-14T20:19:08.156Z,5281,2026-08-14T20:19:08.156Z,FR,Frankfort,06b9d75d-291b-4cd2-9a89-52908a52280f,
202608171240088296,202608171211598302,202608171211598283,106,7507,Clinical Domain Bronze - BulkDartsSrvLoader - B24,br_UAResultDetail,TASK_COMPLETE,SUCCESS,INFO,3887,3887,0,,2026-08-17T12:12:57.246Z,2026-08-17T12:40:14.210Z,1637,2026-08-17T12:40:14.210Z,B24,Paintsville,71c4b27b-8df0-48dd-a1ee-a6ea3a63b852,
202608171240088297,202608171211598303,202608171211598283,106,7515,Clinical Domain Bronze - BulkDartsSrvLoader - B33,br_UAResultDetail,TASK_COMPLETE,SUCCESS,INFO,5266,5266,0,,2026-08-17T12:12:57.246Z,2026-08-17T12:40:14.210Z,1637,2026-08-17T12:40:14.210Z,B33,Paducah,71c4b27b-8df0-48dd-a1ee-a6ea3a63b852,
202608171240088298,202608171211598304,202608171211598283,106,7536,Clinical Domain Bronze - BulkDartsSrvLoader - B54,br_UAResultDetail,TASK_COMPLETE,SUCCESS,INFO,4984,4984,0,,2026-08-17T12:12:57.246Z,2026-08-17T12:40:14.210Z,1637,2026-08-17T12:40:14.210Z,B54,Gadsden,71c4b27b-8df0-48dd-a1ee-a6ea3a63b852,
202608171145214417,202608171119587426,202608171119587420,118,10364,Bronze P1/P2 Assessments,br_NewAdmissionAssessment,TASK_COMPLETE,SUCCESS,INFO,185,185,0,,2026-08-17T11:20:06.775Z,2026-08-17T11:45:25.584Z,1519,2026-08-17T11:45:25.584Z,B33,Paducah,50b193b8-c8c8-41b3-8f69-a5e058560d7e,
202608171145214419,202608171119587427,202608171119587420,118,10419,Bronze P1/P2 Assessments,br_NewAdmissionAssessment,TASK_COMPLETE,SUCCESS,INFO,0,0,0,,2026-08-17T11:20:06.775Z,2026-08-17T11:45:25.584Z,1519,2026-08-17T11:45:25.584Z,CBCO,Coeur dAlene,50b193b8-c8c8-41b3-8f69-a5e058560d7e,
202608171145214420,202608171119587428,202608171119587420,118,10537,Bronze P1/P2 Assessments,br_NewAdmissionAssessmentASAMDimension6,TASK_COMPLETE,SUCCESS,INFO,0,0,0,,2026-08-17T11:20:06.775Z,2026-08-17T11:45:25.584Z,1519,2026-08-17T11:45:25.584Z,AHK,Ahoskie,50b193b8-c8c8-41b3-8f69-a5e058560d7e,
202608171145214421,202608171119587429,202608171119587420,118,10538,Bronze P1/P2 Assessments,br_NewAdmissionAssessmentASAMDimension6,TASK_COMPLETE,SUCCESS,INFO,0,0,0,,2026-08-17T11:20:06.775Z,2026-08-17T11:45:25.584Z,1519,2026-08-17T11:45:25.584Z,B12B,Colorado Springs,50b193b8-c8c8-41b3-8f69-a5e058560d7e,
202608171145214422,202608171119587430,202608171119587420,118,10539,Bronze P1/P2 Assessments,br_NewAdmissionAssessmentASAMDimension6,TASK_COMPLETE,SUCCESS,INFO,277,277,0,,2026-08-17T11:20:06.775Z,2026-08-17T11:45:25.584Z,1519,2026-08-17T11:45:25.584Z,B24,Paintsville,50b193b8-c8c8-41b3-8f69-a5e058560d7e,
202608171102595603,202608171031398612,202608171031398593,106,7507,Clinical Domain Bronze - BulkDartsSrvLoader - B24,br_UAResultDetail,TASK_COMPLETE,SUCCESS,INFO,3876,3876,0,,2026-08-17T10:38:10.305Z,2026-08-17T11:03:03.679Z,1493,2026-08-17T11:03:03.679Z,B24,Paintsville,16b28601-46b7-41d7-bb6b-81142615d65b,
202608171102595604,202608171031398613,202608171031398593,106,7515,Clinical Domain Bronze - BulkDartsSrvLoader - B33,br_UAResultDetail,TASK_COMPLETE,SUCCESS,INFO,5266,5266,0,,2026-08-17T10:38:10.305Z,2026-08-17T11:03:03.679Z,1493,2026-08-17T11:03:03.679Z,B33,Paducah,16b28601-46b7-41d7-bb6b-81142615d65b,
202608171102595605,202608171031398614,202608171031398593,106,7536,Clinical Domain Bronze - BulkDartsSrvLoader - B54,br_UAResultDetail,TASK_COMPLETE,SUCCESS,INFO,4984,4984,0,,2026-08-17T10:38:10.305Z,2026-08-17T11:03:03.679Z,1493,2026-08-17T11:03:03.679Z,B54,Gadsden,16b28601-46b7-41d7-bb6b-81142615d65b,
202608140551471288,202608140537410945,202608140537410912,118,12204,Bronze P1/P2 Assessments,br_NewAdmissionAssessmentASAMDimension4,TASK_COMPLETE,SUCCESS,INFO,177,177,0,,2026-08-14T05:37:54.245Z,2026-08-14T05:51:50.752Z,836,2026-08-14T05:51:50.752Z,B33,Paducah,49a6a879-8aad-45bb-887e-905eab5ea9bb,
202608140551471289,202608140537410946,202608140537410912,118,12379,Bronze P1/P2 Assessments,br_NewAdmissionAssessmentASAMDimension5,TASK_COMPLETE,SUCCESS,INFO,269,269,0,,2026-08-14T05:37:54.245Z,2026-08-14T05:51:50.752Z,836,2026-08-14T05:51:50.752Z,B24,Paintsville,49a6a879-8aad-45bb-887e-905eab5ea9bb,
202608140551471290,202608140537410947,202608140537410912,118,12381,Bronze P1/P2 Assessments,br_NewAdmissionAssessmentASAMDimension5,TASK_COMPLETE,SUCCESS,INFO,397,397,0,,2026-08-14T05:37:54.245Z,2026-08-14T05:51:50.752Z,836,2026-08-14T05:51:50.752Z,B26,Hazard,49a6a879-8aad-45bb-887e-905eab5ea9bb,
202608140551471291,202608140537410948,202608140537410912,118,12388,Bronze P1/P2 Assessments,br_NewAdmissionAssessmentASAMDimension5,TASK_COMPLETE,SUCCESS,INFO,175,175,0,,2026-08-14T05:37:54.245Z,2026-08-14T05:51:50.752Z,836,2026-08-14T05:51:50.752Z,B33,Paducah,49a6a879-8aad-45bb-887e-905eab5ea9bb,
202608180902083804,202608180834532787,202608180834532768,106,7507,Clinical Domain Bronze - BulkDartsSrvLoader - B24,br_UAResultDetail,TASK_COMPLETE,SUCCESS,INFO,4198,4198,0,,2026-08-18T08:37:01.117Z,2026-08-18T09:02:12.282Z,1511,2026-08-18T09:02:12.282Z,B24,Paintsville,08f45940-4fba-4d40-8013-5941939f8b2e,
202608180902083805,202608180834532788,202608180834532768,106,7515,Clinical Domain Bronze - BulkDartsSrvLoader - B33,br_UAResultDetail,TASK_COMPLETE,SUCCESS,INFO,6150,6150,0,,2026-08-18T08:37:01.117Z,2026-08-18T09:02:12.282Z,1511,2026-08-18T09:02:12.282Z,B33,Paducah,08f45940-4fba-4d40-8013-5941939f8b2e,
202608180902083806,202608180834532789,202608180834532768,106,7536,Clinical Domain Bronze - BulkDartsSrvLoader - B54,br_UAResultDetail,TASK_COMPLETE,SUCCESS,INFO,5132,5132,0,,2026-08-18T08:37:01.117Z,2026-08-18T09:02:12.282Z,1511,2026-08-18T09:02:12.282Z,B54,Gadsden,08f45940-4fba-4d40-8013-5941939f8b2e,
202608251454402504,202608251428452605,202608251428452600,47,9288,P1 Finance Payer Client History Silver,tbl_PayerCltHistory,TASK_COMPLETE,SUCCESS,INFO,558,558,0,,2026-08-25T14:28:42.306Z,2026-08-25T14:54:42.345Z,1560,2026-08-25T14:54:42.345Z,,,5e789551-b18e-4745-8526-2b8db3ceeb01,
202608181314386959,202608181250209449,202608181250209442,46,8821,P1 Finance PBI 3 Pay Auth Bronze - B24,br_samms_pbi3_pay_auth,TASK_COMPLETE,SUCCESS,INFO,1452,1452,0,,2026-08-18T12:50:23.823Z,2026-08-18T13:14:41.917Z,1458,2026-08-18T13:14:41.917Z,B24,Paintsville,03823c35-021d-4cc9-8374-59681a542f1d,
202608181314386960,202608181250209450,202608181250209442,46,8822,P1 Finance PBI 3 Pay Auth Bronze - B25,br_samms_pbi3_pay_auth,TASK_COMPLETE,SUCCESS,INFO,1765,1765,0,,2026-08-18T12:50:23.823Z,2026-08-18T13:14:41.917Z,1458,2026-08-18T13:14:41.917Z,B25,Pikeville,03823c35-021d-4cc9-8374-59681a542f1d,
202608181314386961,202608181250209451,202608181250209442,46,8937,P1 Finance VW 3P Bill Sub Bronze - AHK,br_samms_vw3p_bill_sub,TASK_COMPLETE,SUCCESS,INFO,144,144,0,,2026-08-18T12:50:23.823Z,2026-08-18T13:14:41.917Z,1458,2026-08-18T13:14:41.917Z,AHK,Ahoskie,03823c35-021d-4cc9-8374-59681a542f1d,
202608181407308766,202608181342262713,202608181342262706,46,8821,P1 Finance PBI 3 Pay Auth Bronze - B24,br_samms_pbi3_pay_auth,TASK_COMPLETE,SUCCESS,INFO,1452,1452,0,,2026-08-18T13:42:39.071Z,2026-08-18T14:07:36.209Z,1497,2026-08-18T14:07:36.209Z,B24,Paintsville,2b16abcf-416f-4fd8-80a9-0aa52ca66e5c,
202608181407308767,202608181342262714,202608181342262706,46,8822,P1 Finance PBI 3 Pay Auth Bronze - B25,br_samms_pbi3_pay_auth,TASK_COMPLETE,SUCCESS,INFO,1765,1765,0,,2026-08-18T13:42:39.071Z,2026-08-18T14:07:36.209Z,1497,2026-08-18T14:07:36.209Z,B25,Pikeville,2b16abcf-416f-4fd8-80a9-0aa52ca66e5c,
202608181407308768,202608181342262715,202608181342262706,46,8937,P1 Finance VW 3P Bill Sub Bronze - AHK,br_samms_vw3p_bill_sub,TASK_COMPLETE,SUCCESS,INFO,144,144,0,,2026-08-18T13:42:39.071Z,2026-08-18T14:07:36.209Z,1497,2026-08-18T14:07:36.209Z,AHK,Ahoskie,2b16abcf-416f-4fd8-80a9-0aa52ca66e5c,
202608181314386983,202608181250209470,202608181250209442,46,9412,P1 Finance 3P Eligibility Bronze - B25,br_samms_3p_elig,TASK_COMPLETE,SUCCESS,INFO,2206,2206,0,,2026-08-18T12:50:23.823Z,2026-08-18T13:14:41.917Z,1458,2026-08-18T13:14:41.917Z,B25,Pikeville,03823c35-021d-4cc9-8374-59681a542f1d,
202608181314386984,202608181250209471,202608181250209442,46,9527,P1 Finance Claim Line Item Bronze - AHK,br_samms_claim_line_item,TASK_COMPLETE,SUCCESS,INFO,13609,13609,0,,2026-08-18T12:50:23.823Z,2026-08-18T13:14:41.917Z,1458,2026-08-18T13:14:41.917Z,AHK,Ahoskie,03823c35-021d-4cc9-8374-59681a542f1d,
202608181314386985,202608181250209472,202608181250209442,46,9528,P1 Finance Claim Line Item Bronze - B12B,br_samms_claim_line_item,TASK_COMPLETE,SUCCESS,INFO,233663,233663,0,,2026-08-18T12:50:23.823Z,2026-08-18T13:14:41.917Z,1458,2026-08-18T13:14:41.917Z,B12B,ColoradoSprings,03823c35-021d-4cc9-8374-59681a542f1d,
202608210938497450,202608210910301216,202608210910301208,45,196,SAMMSGLOBAL Gold,BriefAddictionMonitor,TASK_COMPLETE,SUCCESS,INFO,268559,268559,0,,2026-08-21T09:10:14.296Z,2026-08-21T09:38:52.166Z,1718,2026-08-21T09:38:52.166Z,Global,Global,859bd6e7-8433-41b7-8f16-164cdd55063d,SAMMSGLOBAL
202608121042551962,202608121009360933,202608121009360893,106,8306,Clinical Domain Bronze - SaveMNTreatmentServiceReview - VBRP,brz_MNTreatmentServiceReview,TASK_COMPLETE,SUCCESS,INFO,15179,15179,0,,2026-08-12T10:11:56.792Z,2026-08-12T10:43:20.487Z,1884,2026-08-12T10:43:20.487Z,VBRP,BrooklynPark,1325a4eb-aa02-4bc9-9fae-d06e40a0cece,
202608121042551963,202608121009360934,202608121009360893,106,8307,Clinical Domain Bronze - SaveMNTreatmentServiceReview - VMIN,brz_MNTreatmentServiceReview,TASK_COMPLETE,SUCCESS,INFO,6425,6425,0,,2026-08-12T10:11:56.792Z,2026-08-12T10:43:20.487Z,1884,2026-08-12T10:43:20.487Z,VMIN,Minneapolis,1325a4eb-aa02-4bc9-9fae-d06e40a0cece,
202608121042551964,202608121009360935,202608121009360893,106,8308,Clinical Domain Bronze - SaveMNTreatmentServiceReview - VWBY,brz_MNTreatmentServiceReview,TASK_COMPLETE,SUCCESS,INFO,17231,17231,0,,2026-08-12T10:11:56.792Z,2026-08-12T10:43:20.487Z,1884,2026-08-12T10:43:20.487Z,VWBY,Woodbury,1325a4eb-aa02-4bc9-9fae-d06e40a0cece,
202608141154446215,202608141147662653,202608141147662582,118,12193,Bronze P1/P2 Assessments,br_NewAdmissionAssessmentASAMDimension4,TASK_COMPLETE,SUCCESS,INFO,0,0,0,,2026-08-14T11:48:09.966Z,2026-08-14T11:54:47.762Z,398,2026-08-14T11:54:47.762Z,AHK,Ahoskie,21f5cd31-796d-43ad-806e-67ead954f01a,
202608141154446216,202608141147662654,202608141147662582,118,12194,Bronze P1/P2 Assessments,br_NewAdmissionAssessmentASAMDimension4,TASK_COMPLETE,SUCCESS,INFO,0,0,0,,2026-08-14T11:48:09.966Z,2026-08-14T11:54:47.762Z,398,2026-08-14T11:54:47.762Z,B12B,Colorado Springs,21f5cd31-796d-43ad-806e-67ead954f01a,
202608141154446217,202608141147662655,202608141147662582,118,12195,Bronze P1/P2 Assessments,br_NewAdmissionAssessmentASAMDimension4,TASK_COMPLETE,SUCCESS,INFO,0,0,0,,2026-08-14T11:48:09.966Z,2026-08-14T11:54:47.762Z,398,2026-08-14T11:54:47.762Z,B24,Paintsville,21f5cd31-796d-43ad-806e-67ead954f01a,
202608141154446218,202608141147662656,202608141147662582,118,12197,Bronze P1/P2 Assessments,br_NewAdmissionAssessmentASAMDimension4,TASK_COMPLETE,SUCCESS,INFO,0,0,0,,2026-08-14T11:48:09.966Z,2026-08-14T11:54:47.762Z,398,2026-08-14T11:54:47.762Z,B26,Hazard,21f5cd31-796d-43ad-806e-67ead954f01a,
202608141154446219,202608141147662657,202608141147662582,118,12199,Bronze P1/P2 Assessments,br_NewAdmissionAssessmentASAMDimension4,TASK_COMPLETE,SUCCESS,INFO,0,0,0,,2026-08-14T11:48:09.966Z,2026-08-14T11:54:47.762Z,398,2026-08-14T11:54:47.762Z,B28,West Plains,21f5cd31-796d-43ad-806e-67ead954f01a,
202608141154446220,202608141147662658,202608141147662582,118,12204,Bronze P1/P2 Assessments,br_NewAdmissionAssessmentASAMDimension4,TASK_COMPLETE,SUCCESS,INFO,0,0,0,,2026-08-14T11:48:09.966Z,2026-08-14T11:54:47.762Z,398,2026-08-14T11:54:47.762Z,B33,Paducah,21f5cd31-796d-43ad-806e-67ead954f01a,
202608141154446222,202608141147662659,202608141147662582,118,12259,Bronze P1/P2 Assessments,br_NewAdmissionAssessmentASAMDimension4,TASK_COMPLETE,SUCCESS,INFO,0,0,0,,2026-08-14T11:48:09.966Z,2026-08-14T11:54:47.762Z,398,2026-08-14T11:54:47.762Z,CBCO,Coeur dAlene,21f5cd31-796d-43ad-806e-67ead954f01a,
202608141154446223,202608141147662660,202608141147662582,118,12377,Bronze P1/P2 Assessments,br_NewAdmissionAssessmentASAMDimension5,TASK_COMPLETE,SUCCESS,INFO,0,0,0,,2026-08-14T11:48:09.966Z,2026-08-14T11:54:47.762Z,398,2026-08-14T11:54:47.762Z,AHK,Ahoskie,21f5cd31-796d-43ad-806e-67ead954f01a,
202608141154446224,202608141147662661,202608141147662582,118,12378,Bronze P1/P2 Assessments,br_NewAdmissionAssessmentASAMDimension5,TASK_COMPLETE,SUCCESS,INFO,0,0,0,,2026-08-14T11:48:09.966Z,2026-08-14T11:54:47.762Z,398,2026-08-14T11:54:47.762Z,B12B,Colorado Springs,21f5cd31-796d-43ad-806e-67ead954f01a,
202608141154446225,202608141147662662,202608141147662582,118,12379,Bronze P1/P2 Assessments,br_NewAdmissionAssessmentASAMDimension5,TASK_COMPLETE,SUCCESS,INFO,0,0,0,,2026-08-14T11:48:09.966Z,2026-08-14T11:54:47.762Z,398,2026-08-14T11:54:47.762Z,B24,Paintsville,21f5cd31-796d-43ad-806e-67ead954f01a,
202608141154446226,202608141147662663,202608141147662582,118,12381,Bronze P1/P2 Assessments,br_NewAdmissionAssessmentASAMDimension5,TASK_COMPLETE,SUCCESS,INFO,0,0,0,,2026-08-14T11:48:09.966Z,2026-08-14T11:54:47.762Z,398,2026-08-14T11:54:47.762Z,B26,Hazard,21f5cd31-796d-43ad-806e-67ead954f01a,
202608141154446227,202608141147662664,202608141147662582,118,12383,Bronze P1/P2 Assessments,br_NewAdmissionAssessmentASAMDimension5,TASK_COMPLETE,SUCCESS,INFO,0,0,0,,2026-08-14T11:48:09.966Z,2026-08-14T11:54:47.762Z,398,2026-08-14T11:54:47.762Z,B28,West Plains,21f5cd31-796d-43ad-806e-67ead954f01a,
202608141154446228,202608141147662665,202608141147662582,118,12388,Bronze P1/P2 Assessments,br_NewAdmissionAssessmentASAMDimension5,TASK_COMPLETE,SUCCESS,INFO,0,0,0,,2026-08-14T11:48:09.966Z,2026-08-14T11:54:47.762Z,398,2026-08-14T11:54:47.762Z,B33,Paducah,21f5cd31-796d-43ad-806e-67ead954f01a,
202608141154446229,202608141147662666,202608141147662582,118,12443,Bronze P1/P2 Assessments,br_NewAdmissionAssessmentASAMDimension5,TASK_COMPLETE,SUCCESS,INFO,0,0,0,,2026-08-14T11:48:09.966Z,2026-08-14T11:54:47.762Z,398,2026-08-14T11:54:47.762Z,CBCO,Coeur dAlene,21f5cd31-796d-43ad-806e-67ead954f01a,
202608130409166816,202608130315200045,202608130315200005,106,8306,Clinical Domain Bronze - SaveMNTreatmentServiceReview - VBRP,brz_MNTreatmentServiceReview,TASK_COMPLETE,SUCCESS,INFO,15218,15218,0,,2026-08-13T03:16:19.557Z,2026-08-13T04:09:23.310Z,3184,2026-08-13T04:09:23.310Z,VBRP,BrooklynPark,11ed6329-841a-4e7a-bfb1-61191c79c28e,
202608130409166817,202608130315200046,202608130315200005,106,8307,Clinical Domain Bronze - SaveMNTreatmentServiceReview - VMIN,brz_MNTreatmentServiceReview,TASK_COMPLETE,SUCCESS,INFO,6447,6447,0,,2026-08-13T03:16:19.557Z,2026-08-13T04:09:23.310Z,3184,2026-08-13T04:09:23.310Z,VMIN,Minneapolis,11ed6329-841a-4e7a-bfb1-61191c79c28e,
202608130409166818,202608130315200047,202608130315200005,106,8308,Clinical Domain Bronze - SaveMNTreatmentServiceReview - VWBY,brz_MNTreatmentServiceReview,TASK_COMPLETE,SUCCESS,INFO,17274,17274,0,,2026-08-13T03:16:19.557Z,2026-08-13T04:09:23.310Z,3184,2026-08-13T04:09:23.310Z,VWBY,Woodbury,11ed6329-841a-4e7a-bfb1-61191c79c28e,
202608141514042244,202608141439260329,202608141439260325,123,12715,Assessments Bronze - SavePACounselorReview - AHK,br_PACounselorReview,TASK_COMPLETE,SUCCESS,INFO,65,65,0,,2026-08-14T14:40:07.233Z,2026-08-14T15:14:33.646Z,2066,2026-08-14T15:14:33.646Z,AHK,Ahoskie,58f20748-15b7-4a11-966c-9510b56c5310,
202608141514042245,202608141439260330,202608141439260325,123,12716,Assessments Bronze - SavePACounselorReview - B12B,br_PACounselorReview,TASK_COMPLETE,SUCCESS,INFO,823,823,0,,2026-08-14T14:40:07.233Z,2026-08-14T15:14:33.646Z,2066,2026-08-14T15:14:33.646Z,B12B,ColoradoSprings,58f20748-15b7-4a11-966c-9510b56c5310,
202608140744357430,202608140725214726,202608140725214656,118,12075,Bronze P1/P2 Assessments,br_NewAdmissionAssessmentASAMDimension2,TASK_COMPLETE,SUCCESS,INFO,0,0,0,,2026-08-14T07:25:23.942Z,2026-08-14T07:44:38.851Z,1155,2026-08-14T07:44:38.851Z,CBCO,Coeur dAlene,9e759780-91b7-4e4a-882b-cd4350ec70b7,
202608140744357431,202608140725214727,202608140725214656,118,12193,Bronze P1/P2 Assessments,br_NewAdmissionAssessmentASAMDimension4,TASK_COMPLETE,SUCCESS,INFO,0,0,0,,2026-08-14T07:25:23.942Z,2026-08-14T07:44:38.851Z,1155,2026-08-14T07:44:38.851Z,AHK,Ahoskie,9e759780-91b7-4e4a-882b-cd4350ec70b7,
202608140744357432,202608140725214728,202608140725214656,118,12194,Bronze P1/P2 Assessments,br_NewAdmissionAssessmentASAMDimension4,TASK_COMPLETE,SUCCESS,INFO,0,0,0,,2026-08-14T07:25:23.942Z,2026-08-14T07:44:38.851Z,1155,2026-08-14T07:44:38.851Z,B12B,Colorado Springs,9e759780-91b7-4e4a-882b-cd4350ec70b7,
202608241527113109,202608241506798227,202608241506798226,29,92,FormQuestionAnswers Silver,tbl_dbo_FormQuestionAnswers,TASK_COMPLETE,SUCCESS,INFO,174826,174826,0,,2026-08-24T15:07:25.592Z,2026-08-24T15:27:13.198Z,1188,2026-08-24T15:27:13.198Z,,,13c13418-73a4-42bd-b6f1-04e34ee93bae,
202608181238297176,202608181207708124,202608181207708120,123,12715,Assessments Bronze - SavePACounselorReview - AHK,br_PACounselorReview,TASK_COMPLETE,SUCCESS,INFO,65,65,0,,2026-08-18T12:09:06.544Z,2026-08-18T12:38:32.842Z,1766,2026-08-18T12:38:32.842Z,AHK,Ahoskie,6a9f8fe6-e2a7-49ab-8570-443c59873958,
202608181238297177,202608181207708125,202608181207708120,123,12716,Assessments Bronze - SavePACounselorReview - B12B,br_PACounselorReview,TASK_COMPLETE,SUCCESS,INFO,826,826,0,,2026-08-18T12:09:06.544Z,2026-08-18T12:38:32.842Z,1766,2026-08-18T12:38:32.842Z,B12B,ColoradoSprings,6a9f8fe6-e2a7-49ab-8570-443c59873958,
202608121015030609,202608121015030609,20260812101448,102,13670,Gold QQ_GLTRAN,QQgltran,DEPENDENCY_BLOCKED,FAILED,ERROR,0,0,0,Dependency Check Failed: Parent task (TaskConfigId 13669) was not successful.,2026-08-12T10:15:57.350Z,2026-08-12T10:15:57.350Z,0,2026-08-12T10:15:57.350Z,,,073a6fce-c9bc-479b-9176-987e7c40f23f,
202608181053385139,202608181018308816,202608181018308812,123,12715,Assessments Bronze - SavePACounselorReview - AHK,br_PACounselorReview,TASK_COMPLETE,SUCCESS,INFO,65,65,0,,2026-08-18T10:19:21.940Z,2026-08-18T10:53:43.553Z,2062,2026-08-18T10:53:43.553Z,AHK,Ahoskie,06767fa9-f980-4e92-a048-4dd43e2dbe98,
202608181053385140,202608181018308817,202608181018308812,123,12716,Assessments Bronze - SavePACounselorReview - B12B,br_PACounselorReview,TASK_COMPLETE,SUCCESS,INFO,826,826,0,,2026-08-18T10:19:21.940Z,2026-08-18T10:53:43.553Z,2062,2026-08-18T10:53:43.553Z,B12B,ColoradoSprings,06767fa9-f980-4e92-a048-4dd43e2dbe98,
202608170614178959,202608170551256459,202608170551256420,46,9765,P1 Finance Claims Bronze - B24,br_samms_claims,TASK_COMPLETE,SUCCESS,INFO,128268,128268,0,,2026-08-17T05:51:47.044Z,2026-08-17T06:14:21.786Z,1354,2026-08-17T06:14:21.786Z,B24,Paintsville,09d84bc7-e629-48a4-a32a-826b207e96d1,
202608170614178960,202608170551256460,202608170551256420,46,9766,P1 Finance Claims Bronze - B25,br_samms_claims,TASK_COMPLETE,SUCCESS,INFO,101703,101703,0,,2026-08-17T05:51:47.044Z,2026-08-17T06:14:21.786Z,1354,2026-08-17T06:14:21.786Z,B25,Pikeville,09d84bc7-e629-48a4-a32a-826b207e96d1,
202608170614178962,202608170551256461,202608170551256420,46,9881,P1 Finance Payer Client Bronze - AHK,br_samms_payer_client,TASK_COMPLETE,SUCCESS,INFO,180,180,0,,2026-08-17T05:51:47.044Z,2026-08-17T06:14:21.786Z,1354,2026-08-17T06:14:21.786Z,AHK,Ahoskie,09d84bc7-e629-48a4-a32a-826b207e96d1,
202608170614178963,202608170551256462,202608170551256420,46,9882,P1 Finance Payer Client Bronze - B12B,br_samms_payer_client,TASK_COMPLETE,SUCCESS,INFO,1335,1335,0,,2026-08-17T05:51:47.044Z,2026-08-17T06:14:21.786Z,1354,2026-08-17T06:14:21.786Z,B12B,ColoradoSprings,09d84bc7-e629-48a4-a32a-826b207e96d1,
202608251653065304,202608251629736811,202608251629736804,89,5476,P1 Reference Custom Questions Silver,tbl_CustomQuestions,TASK_COMPLETE,SUCCESS,INFO,49,49,0,,2026-08-25T16:30:10.484Z,2026-08-25T16:53:08.464Z,1378,2026-08-25T16:53:08.464Z,,,6d78ce37-8c21-4519-a454-1e5ee4a84a47,
202608171325096041,202608171325096040,202608171005421194,82,201,Salesforce Record Types,br_sf_recordtype,TASK_ALREADY_COMPLETED,ALREADY_COMPLETED,INFO,0,0,0,Already succeeded in previous attempt,2026-08-17T13:25:15.947Z,2026-08-17T13:25:15.947Z,0,2026-08-17T13:25:15.947Z,,,1cdba2b7-2cc0-4832-97e7-304e1a700c17,
202608120345496409,202608120259257382,202608120259257369,106,7276,Clinical Domain Bronze - SaveUAResults - B12B,brz_UAResults,TASK_COMPLETE,SUCCESS,INFO,135,135,0,,2026-08-12T03:00:44.797Z,2026-08-12T03:45:52.499Z,2708,2026-08-12T03:45:52.499Z,B12B,ColoradoSprings,72952692-3a45-4fdd-be32-4592206c2867,
202608120345496410,202608120259257383,202608120259257369,106,7277,Clinical Domain Bronze - SaveUAResults - B24,brz_UAResults,TASK_COMPLETE,SUCCESS,INFO,629,629,0,,2026-08-12T03:00:44.797Z,2026-08-12T03:45:52.499Z,2708,2026-08-12T03:45:52.499Z,B24,Paintsville,72952692-3a45-4fdd-be32-4592206c2867,
202608120345496411,202608120259257384,202608120259257369,106,7285,Clinical Domain Bronze - SaveUAResults - B33,brz_UAResults,TASK_COMPLETE,SUCCESS,INFO,734,734,0,,2026-08-12T03:00:44.797Z,2026-08-12T03:45:52.499Z,2708,2026-08-12T03:45:52.499Z,B33,Paducah,72952692-3a45-4fdd-be32-4592206c2867,
202608120345496412,202608120259257385,202608120259257369,106,7320,Clinical Domain Bronze - SaveUAResults - BOI,brz_UAResults,TASK_COMPLETE,SUCCESS,INFO,453,453,0,,2026-08-12T03:00:44.797Z,2026-08-12T03:45:52.499Z,2708,2026-08-12T03:45:52.499Z,BOI,Boise,72952692-3a45-4fdd-be32-4592206c2867,
202608120911546243,202608120822452589,202608120822452528,106,8196,Clinical Domain Bronze - SaveMNTreatmentServiceReview - B12B,brz_MNTreatmentServiceReview,TASK_COMPLETE,SUCCESS,INFO,46206,46206,0,,2026-08-12T08:25:12.254Z,2026-08-12T09:12:13.728Z,2821,2026-08-12T09:12:13.728Z,B12B,ColoradoSprings,577435af-c452-4617-9a3c-7d2b03361707,
202608120911546244,202608120822452590,202608120822452528,106,8240,Clinical Domain Bronze - SaveMNTreatmentServiceReview - BOI,brz_MNTreatmentServiceReview,TASK_COMPLETE,SUCCESS,INFO,46206,46206,0,,2026-08-12T08:25:12.254Z,2026-08-12T09:12:13.728Z,2821,2026-08-12T09:12:13.728Z,BOI,Boise,577435af-c452-4617-9a3c-7d2b03361707,
202608120911546245,202608120822452591,202608120822452528,106,8289,Clinical Domain Bronze - SaveMNTreatmentServiceReview - V10,brz_MNTreatmentServiceReview,TASK_COMPLETE,SUCCESS,INFO,46206,46206,0,,2026-08-12T08:25:12.254Z,2026-08-12T09:12:13.728Z,2821,2026-08-12T09:12:13.728Z,V10,Boulder,577435af-c452-4617-9a3c-7d2b03361707,
202608120911546246,202608120822452592,202608120822452528,106,8305,Clinical Domain Bronze - SaveMNTreatmentServiceReview - VBRA,brz_MNTreatmentServiceReview,TASK_COMPLETE,SUCCESS,INFO,7373,7373,0,,2026-08-12T08:25:12.254Z,2026-08-12T09:12:13.728Z,2821,2026-08-12T09:12:13.728Z,VBRA,Brainerd,577435af-c452-4617-9a3c-7d2b03361707,
202608181407308776,202608181342262722,202608181342262706,46,9058,P1 Finance FMP Bronze - B25,br_samms_fmp,TASK_COMPLETE,SUCCESS,INFO,7714,7714,0,,2026-08-18T13:42:39.071Z,2026-08-18T14:07:36.209Z,1497,2026-08-18T14:07:36.209Z,B25,Pikeville,2b16abcf-416f-4fd8-80a9-0aa52ca66e5c,
202608181407308777,202608181342262723,202608181342262706,46,9173,P1 Finance Payer Client History Bronze - AHK,br_samms_payer_clt_history,TASK_COMPLETE,SUCCESS,INFO,7,7,0,,2026-08-18T13:42:39.071Z,2026-08-18T14:07:36.209Z,1497,2026-08-18T14:07:36.209Z,AHK,Ahoskie,2b16abcf-416f-4fd8-80a9-0aa52ca66e5c,
202608181407308778,202608181342262724,202608181342262706,46,9174,P1 Finance Payer Client History Bronze - B12B,br_samms_payer_clt_history,TASK_COMPLETE,SUCCESS,INFO,102,102,0,,2026-08-18T13:42:39.071Z,2026-08-18T14:07:36.209Z,1497,2026-08-18T14:07:36.209Z,B12B,ColoradoSprings,2b16abcf-416f-4fd8-80a9-0aa52ca66e5c,
202608181407308780,202608181342262725,202608181342262706,46,9175,P1 Finance Payer Client History Bronze - B24,br_samms_payer_clt_history,TASK_COMPLETE,SUCCESS,INFO,102,102,0,,2026-08-18T13:42:39.071Z,2026-08-18T14:07:36.209Z,1497,2026-08-18T14:07:36.209Z,B24,Paintsville,2b16abcf-416f-4fd8-80a9-0aa52ca66e5c,
202608181407308781,202608181342262726,202608181342262706,46,9176,P1 Finance Payer Client History Bronze - B25,br_samms_payer_clt_history,TASK_COMPLETE,SUCCESS,INFO,36,36,0,,2026-08-18T13:42:39.071Z,2026-08-18T14:07:36.209Z,1497,2026-08-18T14:07:36.209Z,B25,Pikeville,2b16abcf-416f-4fd8-80a9-0aa52ca66e5c,
202608181407308782,202608181342262727,202608181342262706,46,9291,P1 Finance Financial Hardship Application Bronze - AHK,br_samms_financial_hardship_application,TASK_COMPLETE,SUCCESS,INFO,181,181,0,,2026-08-18T13:42:39.071Z,2026-08-18T14:07:36.209Z,1497,2026-08-18T14:07:36.209Z,AHK,Ahoskie,2b16abcf-416f-4fd8-80a9-0aa52ca66e5c,
202608181314386969,202608181250209458,202608181250209442,46,9058,P1 Finance FMP Bronze - B25,br_samms_fmp,TASK_COMPLETE,SUCCESS,INFO,7714,7714,0,,2026-08-18T12:50:23.823Z,2026-08-18T13:14:41.917Z,1458,2026-08-18T13:14:41.917Z,B25,Pikeville,03823c35-021d-4cc9-8374-59681a542f1d,
202608181314386970,202608181250209459,202608181250209442,46,9173,P1 Finance Payer Client History Bronze - AHK,br_samms_payer_clt_history,TASK_COMPLETE,SUCCESS,INFO,7,7,0,,2026-08-18T12:50:23.823Z,2026-08-18T13:14:41.917Z,1458,2026-08-18T13:14:41.917Z,AHK,Ahoskie,03823c35-021d-4cc9-8374-59681a542f1d,
202608181314386971,202608181250209460,202608181250209442,46,9174,P1 Finance Payer Client History Bronze - B12B,br_samms_payer_clt_history,TASK_COMPLETE,SUCCESS,INFO,102,102,0,,2026-08-18T12:50:23.823Z,2026-08-18T13:14:41.917Z,1458,2026-08-18T13:14:41.917Z,B12B,ColoradoSprings,03823c35-021d-4cc9-8374-59681a542f1d,
202608181314386973,202608181250209461,202608181250209442,46,9175,P1 Finance Payer Client History Bronze - B24,br_samms_payer_clt_history,TASK_COMPLETE,SUCCESS,INFO,102,102,0,,2026-08-18T12:50:23.823Z,2026-08-18T13:14:41.917Z,1458,2026-08-18T13:14:41.917Z,B24,Paintsville,03823c35-021d-4cc9-8374-59681a542f1d,
202608181314386974,202608181250209462,202608181250209442,46,9176,P1 Finance Payer Client History Bronze - B25,br_samms_payer_clt_history,TASK_COMPLETE,SUCCESS,INFO,36,36,0,,2026-08-18T12:50:23.823Z,2026-08-18T13:14:41.917Z,1458,2026-08-18T13:14:41.917Z,B25,Pikeville,03823c35-021d-4cc9-8374-59681a542f1d,
202608181314386975,202608181250209463,202608181250209442,46,9291,P1 Finance Financial Hardship Application Bronze - AHK,br_samms_financial_hardship_application,TASK_COMPLETE,SUCCESS,INFO,181,181,0,,2026-08-18T12:50:23.823Z,2026-08-18T13:14:41.917Z,1458,2026-08-18T13:14:41.917Z,AHK,Ahoskie,03823c35-021d-4cc9-8374-59681a542f1d,
202608210938504716,202608210910301221,202608210910301208,45,5742,SAMMSGLOBAL Gold,DiversionNotificationLog,TASK_COMPLETE,SUCCESS,INFO,18843,0,0,,2026-08-21T09:10:14.296Z,2026-08-21T09:38:52.166Z,1718,2026-08-21T09:38:52.166Z,Global,Global,859bd6e7-8433-41b7-8f16-164cdd55063d,SAMMSGLOBAL
202608110409368586,202608110331629420,202608110331629359,106,8289,Clinical Domain Bronze - SaveMNTreatmentServiceReview - V10,brz_MNTreatmentServiceReview,TASK_COMPLETE,SUCCESS,INFO,0,0,0,,2026-08-11T03:32:39.288Z,2026-08-11T04:09:40.942Z,2221,2026-08-11T04:09:40.942Z,V10,Boulder,6e36e3b5-c33e-4cc8-b6e2-dc5c3524428c,
202608110409368587,202608110331629421,202608110331629359,106,8305,Clinical Domain Bronze - SaveMNTreatmentServiceReview - VBRA,brz_MNTreatmentServiceReview,TASK_COMPLETE,SUCCESS,INFO,7362,7362,0,,2026-08-11T03:32:39.288Z,2026-08-11T04:09:40.942Z,2221,2026-08-11T04:09:40.942Z,VBRA,Brainerd,6e36e3b5-c33e-4cc8-b6e2-dc5c3524428c,
202608110409368588,202608110331629422,202608110331629359,106,8306,Clinical Domain Bronze - SaveMNTreatmentServiceReview - VBRP,brz_MNTreatmentServiceReview,TASK_COMPLETE,SUCCESS,INFO,15141,15141,0,,2026-08-11T03:32:39.288Z,2026-08-11T04:09:40.942Z,2221,2026-08-11T04:09:40.942Z,VBRP,BrooklynPark,6e36e3b5-c33e-4cc8-b6e2-dc5c3524428c,
202608110409368589,202608110331629423,202608110331629359,106,8307,Clinical Domain Bronze - SaveMNTreatmentServiceReview - VMIN,brz_MNTreatmentServiceReview,TASK_COMPLETE,SUCCESS,INFO,6401,6401,0,,2026-08-11T03:32:39.288Z,2026-08-11T04:09:40.942Z,2221,2026-08-11T04:09:40.942Z,VMIN,Minneapolis,6e36e3b5-c33e-4cc8-b6e2-dc5c3524428c,
202608210936579427,202608210910201218,202608210910201208,44,8643,SAMMSGLOBAL Silver,sl_SAMMSGlobal_Devices,TASK_COMPLETE,SUCCESS,INFO,0,4032,0,,2026-08-21T09:10:14.296Z,2026-08-21T09:37:01.680Z,1607,2026-08-21T09:37:01.680Z,Global,Global,859bd6e7-8433-41b7-8f16-164cdd55063d,SAMMSGLOBAL
202608201641538687,202608201641538687,202608201638083197,82,6805,Salesforce Patient Survey Responses,br_sf_patient_survey_responses,TASK_COMPLETE,SUCCESS,INFO,208,208,0,,2026-08-20T16:41:59.195Z,2026-08-20T16:42:15.353Z,14,2026-08-20T16:42:15.353Z,,,4ed56315-bafe-4059-9903-76e756bd89c4,
202608201547226774,202608201547226773,202608201542593057,82,6805,Salesforce Patient Survey Responses,br_sf_patient_survey_responses,TASK_COMPLETE,SUCCESS,INFO,208,208,0,,2026-08-20T15:47:26.859Z,2026-08-20T15:47:42.411Z,14,2026-08-20T15:47:42.411Z,,,95538f17-9d82-404e-9e3f-d1777714a921,
202608130409166795,202608130315200027,202608130315200005,106,7621,Clinical Domain Bronze - SaveAppointmentAttend - B12B,brz_AppointmentAttend,TASK_COMPLETE,SUCCESS,INFO,1,1,0,,2026-08-13T03:16:19.557Z,2026-08-13T04:09:23.310Z,3184,2026-08-13T04:09:23.310Z,B12B,ColoradoSprings,11ed6329-841a-4e7a-bfb1-61191c79c28e,
202608130409166796,202608130315200028,202608130315200005,106,7665,Clinical Domain Bronze - SaveAppointmentAttend - BOI,brz_AppointmentAttend,TASK_COMPLETE,SUCCESS,INFO,2,2,0,,2026-08-13T03:16:19.557Z,2026-08-13T04:09:23.310Z,3184,2026-08-13T04:09:23.310Z,BOI,Boise,11ed6329-841a-4e7a-bfb1-61191c79c28e,
202608130409166797,202608130315200029,202608130315200005,106,7714,Clinical Domain Bronze - SaveAppointmentAttend - V10,brz_AppointmentAttend,TASK_COMPLETE,SUCCESS,INFO,90,90,0,,2026-08-13T03:16:19.557Z,2026-08-13T04:09:23.310Z,3184,2026-08-13T04:09:23.310Z,V10,Boulder,11ed6329-841a-4e7a-bfb1-61191c79c28e,
202608140551555106,202608140519472959,202608140519472937,106,7621,Clinical Domain Bronze - SaveAppointmentAttend - B12B,brz_AppointmentAttend,TASK_COMPLETE,SUCCESS,INFO,1,1,0,,2026-08-14T05:21:11.366Z,2026-08-14T05:51:58.644Z,1847,2026-08-14T05:51:58.644Z,B12B,ColoradoSprings,367e5368-81b8-4196-9731-5b3efc5e39d9,
202608140551555107,202608140519472960,202608140519472937,106,7665,Clinical Domain Bronze - SaveAppointmentAttend - BOI,brz_AppointmentAttend,TASK_COMPLETE,SUCCESS,INFO,2,2,0,,2026-08-14T05:21:11.366Z,2026-08-14T05:51:58.644Z,1847,2026-08-14T05:51:58.644Z,BOI,Boise,367e5368-81b8-4196-9731-5b3efc5e39d9,
202608140551555108,202608140519472961,202608140519472937,106,7714,Clinical Domain Bronze - SaveAppointmentAttend - V10,brz_AppointmentAttend,TASK_COMPLETE,SUCCESS,INFO,90,90,0,,2026-08-14T05:21:11.366Z,2026-08-14T05:51:58.644Z,1847,2026-08-14T05:51:58.644Z,V10,Boulder,367e5368-81b8-4196-9731-5b3efc5e39d9,
202608211034578445,202608211034578444,202608211031030755,82,6805,Salesforce Patient Survey Responses,br_sf_patient_survey_responses,TASK_COMPLETE,SUCCESS,INFO,208,208,0,,2026-08-21T10:35:02.398Z,2026-08-21T10:35:16.920Z,13,2026-08-21T10:35:16.920Z,,,45603680-296f-4487-82f1-f8045d5f38e1,
202608210203579864,202608210203579863,202608210159223552,82,6805,Salesforce Patient Survey Responses,br_sf_patient_survey_responses,TASK_COMPLETE,SUCCESS,INFO,208,208,0,,2026-08-21T02:04:02.507Z,2026-08-21T02:04:19.658Z,15,2026-08-21T02:04:19.658Z,,,6e633944-6270-4167-9c27-2b58aaa91b88,
202608201741500665,202608201741500664,202608201737362918,82,6805,Salesforce Patient Survey Responses,br_sf_patient_survey_responses,TASK_COMPLETE,SUCCESS,INFO,208,208,0,,2026-08-20T17:41:54.605Z,2026-08-20T17:42:12.322Z,16,2026-08-20T17:42:12.322Z,,,635224f3-f193-4ab0-a06c-8d0fbf5d6c6d,
202608121042551942,202608121009360915,202608121009360893,106,7621,Clinical Domain Bronze - SaveAppointmentAttend - B12B,brz_AppointmentAttend,TASK_COMPLETE,SUCCESS,INFO,1,1,0,,2026-08-12T10:11:56.792Z,2026-08-12T10:43:20.487Z,1884,2026-08-12T10:43:20.487Z,B12B,ColoradoSprings,1325a4eb-aa02-4bc9-9fae-d06e40a0cece,
202608121042551943,202608121009360916,202608121009360893,106,7665,Clinical Domain Bronze - SaveAppointmentAttend - BOI,brz_AppointmentAttend,TASK_COMPLETE,SUCCESS,INFO,2,2,0,,2026-08-12T10:11:56.792Z,2026-08-12T10:43:20.487Z,1884,2026-08-12T10:43:20.487Z,BOI,Boise,1325a4eb-aa02-4bc9-9fae-d06e40a0cece,
202608121042551945,202608121009360917,202608121009360893,106,7714,Clinical Domain Bronze - SaveAppointmentAttend - V10,brz_AppointmentAttend,TASK_COMPLETE,SUCCESS,INFO,90,90,0,,2026-08-12T10:11:56.792Z,2026-08-12T10:43:20.487Z,1884,2026-08-12T10:43:20.487Z,V10,Boulder,1325a4eb-aa02-4bc9-9fae-d06e40a0cece,
202608201130288685,202608201130288684,202608201125599805,82,6805,Salesforce Patient Survey Responses,br_sf_patient_survey_responses,TASK_COMPLETE,SUCCESS,INFO,208,208,0,,2026-08-20T11:30:33.462Z,2026-08-20T11:30:52.467Z,17,2026-08-20T11:30:52.467Z,,,79156e84-8509-4e63-a064-b4b0873a2a40,
202608141154446181,202608141147662623,202608141147662582,118,11284,Bronze P1/P2 Assessments,br_newperiodicreassessmentd3,TASK_COMPLETE,SUCCESS,INFO,0,0,0,,2026-08-14T11:48:09.966Z,2026-08-14T11:54:47.762Z,398,2026-08-14T11:54:47.762Z,B33,Paducah,21f5cd31-796d-43ad-806e-67ead954f01a,
202608141154446183,202608141147662624,202608141147662582,118,11339,Bronze P1/P2 Assessments,br_newperiodicreassessmentd3,TASK_COMPLETE,SUCCESS,INFO,0,0,0,,2026-08-14T11:48:09.966Z,2026-08-14T11:54:47.762Z,398,2026-08-14T11:54:47.762Z,CBCO,Coeur dAlene,21f5cd31-796d-43ad-806e-67ead954f01a,
202608141154446184,202608141147662625,202608141147662582,118,11457,Bronze P1/P2 Assessments,br_newperiodicreassessmentd4,TASK_COMPLETE,SUCCESS,INFO,0,0,0,,2026-08-14T11:48:09.966Z,2026-08-14T11:54:47.762Z,398,2026-08-14T11:54:47.762Z,AHK,Ahoskie,21f5cd31-796d-43ad-806e-67ead954f01a,
202608141154446185,202608141147662626,202608141147662582,118,11458,Bronze P1/P2 Assessments,br_newperiodicreassessmentd4,TASK_COMPLETE,SUCCESS,INFO,0,0,0,,2026-08-14T11:48:09.966Z,2026-08-14T11:54:47.762Z,398,2026-08-14T11:54:47.762Z,B12B,Colorado Springs,21f5cd31-796d-43ad-806e-67ead954f01a,
202608141154446186,202608141147662627,202608141147662582,118,11459,Bronze P1/P2 Assessments,br_newperiodicreassessmentd4,TASK_COMPLETE,SUCCESS,INFO,0,0,0,,2026-08-14T11:48:09.966Z,2026-08-14T11:54:47.762Z,398,2026-08-14T11:54:47.762Z,B24,Paintsville,21f5cd31-796d-43ad-806e-67ead954f01a,
202608141154446187,202608141147662628,202608141147662582,118,11461,Bronze P1/P2 Assessments,br_newperiodicreassessmentd4,TASK_COMPLETE,SUCCESS,INFO,0,0,0,,2026-08-14T11:48:09.966Z,2026-08-14T11:54:47.762Z,398,2026-08-14T11:54:47.762Z,B26,Hazard,21f5cd31-796d-43ad-806e-67ead954f01a,
202608141154446188,202608141147662629,202608141147662582,118,11463,Bronze P1/P2 Assessments,br_newperiodicreassessmentd4,TASK_COMPLETE,SUCCESS,INFO,0,0,0,,2026-08-14T11:48:09.966Z,2026-08-14T11:54:47.762Z,398,2026-08-14T11:54:47.762Z,B28,West Plains,21f5cd31-796d-43ad-806e-67ead954f01a,
202608141154446189,202608141147662630,202608141147662582,118,11468,Bronze P1/P2 Assessments,br_newperiodicreassessmentd4,TASK_COMPLETE,SUCCESS,INFO,0,0,0,,2026-08-14T11:48:09.966Z,2026-08-14T11:54:47.762Z,398,2026-08-14T11:54:47.762Z,B33,Paducah,21f5cd31-796d-43ad-806e-67ead954f01a,
202608141154446190,202608141147662631,202608141147662582,118,11523,Bronze P1/P2 Assessments,br_newperiodicreassessmentd4,TASK_COMPLETE,SUCCESS,INFO,0,0,0,,2026-08-14T11:48:09.966Z,2026-08-14T11:54:47.762Z,398,2026-08-14T11:54:47.762Z,CBCO,Coeur dAlene,21f5cd31-796d-43ad-806e-67ead954f01a,
202608141154446191,202608141147662632,202608141147662582,118,11641,Bronze P1/P2 Assessments,br_newperiodicreassessmentd5,TASK_COMPLETE,SUCCESS,INFO,0,0,0,,2026-08-14T11:48:09.966Z,2026-08-14T11:54:47.762Z,398,2026-08-14T11:54:47.762Z,AHK,Ahoskie,21f5cd31-796d-43ad-806e-67ead954f01a,
202608140613034226,202608140600163236,202608140600163231,106,6975,Clinical Domain Bronze - SaveBamForm - BOI,brz_BAMForm,TASK_COMPLETE,SUCCESS,INFO,315,315,0,,2026-08-14T06:01:45.513Z,2026-08-14T06:14:58.932Z,793,2026-08-14T06:14:58.932Z,BOI,Boise,9a6b8567-8347-49cb-b213-618351c5e21c,
202608140613034227,202608140600163237,202608140600163231,106,7024,Clinical Domain Bronze - SaveBamForm - V10,brz_BAMForm,TASK_COMPLETE,SUCCESS,INFO,465,465,0,,2026-08-14T06:01:45.513Z,2026-08-14T06:14:58.932Z,793,2026-08-14T06:14:58.932Z,V10,Boulder,9a6b8567-8347-49cb-b213-618351c5e21c,
202608140613071672,202608140600263233,202608140600263231,107,8556,Clinical Domain Silver - SaveBamForm,slv_bamform,TASK_COMPLETE,SUCCESS,INFO,1148,1148,0,,2026-08-14T06:01:45.513Z,2026-08-14T06:14:58.932Z,793,2026-08-14T06:14:58.932Z,Global,SAMMSGLOBAL,9a6b8567-8347-49cb-b213-618351c5e21c,
202608140613071575,202608140600163238,202608140600163231,106,7046,Clinical Domain Bronze - SaveBamScore - B12B,brz_BAMScore,TASK_COMPLETE,SUCCESS,INFO,6582,6582,0,,2026-08-14T06:01:45.513Z,2026-08-14T06:14:58.932Z,793,2026-08-14T06:14:58.932Z,B12B,ColoradoSprings,9a6b8567-8347-49cb-b213-618351c5e21c,
202608140613071576,202608140600163239,202608140600163231,106,7090,Clinical Domain Bronze - SaveBamScore - BOI,brz_BAMScore,TASK_COMPLETE,SUCCESS,INFO,3636,3636,0,,2026-08-14T06:01:45.513Z,2026-08-14T06:14:58.932Z,793,2026-08-14T06:14:58.932Z,BOI,Boise,9a6b8567-8347-49cb-b213-618351c5e21c,
202608140613071577,202608140600163240,202608140600163231,106,7139,Clinical Domain Bronze - SaveBamScore - V10,brz_BAMScore,TASK_COMPLETE,SUCCESS,INFO,9789,9789,0,,2026-08-14T06:01:45.513Z,2026-08-14T06:14:58.932Z,793,2026-08-14T06:14:58.932Z,V10,Boulder,9a6b8567-8347-49cb-b213-618351c5e21c,
202608250405267182,202608250343460393,202608250343460390,119,12562,Silver P1/P2 Assessments,sl_NewPeriodicReassessment,TASK_COMPLETE,SUCCESS,INFO,563,563,0,,2026-08-25T03:43:39.643Z,2026-08-25T04:05:28.429Z,1309,2026-08-25T04:05:28.429Z,,,8c969a39-95ec-4087-9ad3-4a9580887e34,
202608180851245756,202608180851245757,20260818085124,117,8627,Patient Services Gold Pipeline,PatientServicesNoShow,TASK_FAILED,FAILED,ERROR,0,0,1,No active TaskConfig found for ConfigId : 117,2026-08-18T08:51:28.885Z,2026-08-18T08:51:28.885Z,0,2026-08-18T08:51:28.885Z,,,64c05432-dd19-4938-9b1d-4d3fd3e68e18,
202608150554175956,202608150537402683,202608150537402637,118,11461,Bronze P1/P2 Assessments,br_newperiodicreassessmentd4,TASK_COMPLETE,SUCCESS,INFO,1191,1191,0,,2026-08-15T05:38:25.156Z,2026-08-15T05:54:20.465Z,955,2026-08-15T05:54:20.465Z,B26,Hazard,92fdec37-a7f1-4589-8ea2-af8b074ddb31,
202608150554175957,202608150537402684,202608150537402637,118,11463,Bronze P1/P2 Assessments,br_newperiodicreassessmentd4,TASK_COMPLETE,SUCCESS,INFO,0,0,0,,2026-08-15T05:38:25.156Z,2026-08-15T05:54:20.465Z,955,2026-08-15T05:54:20.465Z,B28,West Plains,92fdec37-a7f1-4589-8ea2-af8b074ddb31,
202608150554175958,202608150537402685,202608150537402637,118,11468,Bronze P1/P2 Assessments,br_newperiodicreassessmentd4,TASK_COMPLETE,SUCCESS,INFO,237,237,0,,2026-08-15T05:38:25.156Z,2026-08-15T05:54:20.465Z,955,2026-08-15T05:54:20.465Z,B33,Paducah,92fdec37-a7f1-4589-8ea2-af8b074ddb31,
202608150554175959,202608150537402686,202608150537402637,118,11523,Bronze P1/P2 Assessments,br_newperiodicreassessmentd4,TASK_COMPLETE,SUCCESS,INFO,0,0,0,,2026-08-15T05:38:25.156Z,2026-08-15T05:54:20.465Z,955,2026-08-15T05:54:20.465Z,CBCO,Coeur dAlene,92fdec37-a7f1-4589-8ea2-af8b074ddb31,
202608150554175960,202608150537402687,202608150537402637,118,11641,Bronze P1/P2 Assessments,br_newperiodicreassessmentd5,TASK_COMPLETE,SUCCESS,INFO,0,0,0,,2026-08-15T05:38:25.156Z,2026-08-15T05:54:20.465Z,955,2026-08-15T05:54:20.465Z,AHK,Ahoskie,92fdec37-a7f1-4589-8ea2-af8b074ddb31,
202608180544324048,202608180544324049,20260818054432,117,8627,Patient Services Gold Pipeline,PatientServicesNoShow,TASK_FAILED,FAILED,ERROR,0,0,1,No active TaskConfig found for ConfigId : 117,2026-08-18T05:44:37.242Z,2026-08-18T05:44:37.242Z,0,2026-08-18T05:44:37.242Z,,,0bedaba6-b24b-4038-b3e2-6f6ea9b90bbc,
202608140551555096,202608140519472950,202608140519472937,106,7276,Clinical Domain Bronze - SaveUAResults - B12B,brz_UAResults,TASK_COMPLETE,SUCCESS,INFO,128,128,0,,2026-08-14T05:21:11.366Z,2026-08-14T05:51:58.644Z,1847,2026-08-14T05:51:58.644Z,B12B,ColoradoSprings,367e5368-81b8-4196-9731-5b3efc5e39d9,
202608140551555097,202608140519472951,202608140519472937,106,7320,Clinical Domain Bronze - SaveUAResults - BOI,brz_UAResults,TASK_COMPLETE,SUCCESS,INFO,363,363,0,,2026-08-14T05:21:11.366Z,2026-08-14T05:51:58.644Z,1847,2026-08-14T05:51:58.644Z,BOI,Boise,367e5368-81b8-4196-9731-5b3efc5e39d9,
202608140551555098,202608140519472952,202608140519472937,106,7369,Clinical Domain Bronze - SaveUAResults - V10,brz_UAResults,TASK_COMPLETE,SUCCESS,INFO,254,254,0,,2026-08-14T05:21:11.366Z,2026-08-14T05:51:58.644Z,1847,2026-08-14T05:51:58.644Z,V10,Boulder,367e5368-81b8-4196-9731-5b3efc5e39d9,
202608141515547525,202608141505574925,202608141505574909,118,10722,Bronze P1/P2 Assessments,br_NewPeriodicReassessment,TASK_COMPLETE,SUCCESS,INFO,0,0,0,,2026-08-14T15:06:49.317Z,2026-08-14T15:16:31.149Z,582,2026-08-14T15:16:31.149Z,B12B,Colorado Springs,7969362d-463a-4985-92c3-d629dd6d5c4e,
202608141515547526,202608141505574926,202608141505574909,118,10723,Bronze P1/P2 Assessments,br_NewPeriodicReassessment,TASK_COMPLETE,SUCCESS,INFO,0,0,0,,2026-08-14T15:06:49.317Z,2026-08-14T15:16:31.149Z,582,2026-08-14T15:16:31.149Z,B24,Paintsville,7969362d-463a-4985-92c3-d629dd6d5c4e,
202608141515547527,202608141505574927,202608141505574909,118,10725,Bronze P1/P2 Assessments,br_NewPeriodicReassessment,TASK_COMPLETE,SUCCESS,INFO,0,0,0,,2026-08-14T15:06:49.317Z,2026-08-14T15:16:31.149Z,582,2026-08-14T15:16:31.149Z,B26,Hazard,7969362d-463a-4985-92c3-d629dd6d5c4e,
202608141515547528,202608141505574928,202608141505574909,118,10727,Bronze P1/P2 Assessments,br_NewPeriodicReassessment,TASK_COMPLETE,SUCCESS,INFO,0,0,0,,2026-08-14T15:06:49.317Z,2026-08-14T15:16:31.149Z,582,2026-08-14T15:16:31.149Z,B28,West Plains,7969362d-463a-4985-92c3-d629dd6d5c4e,
202608141515547529,202608141505574929,202608141505574909,118,10732,Bronze P1/P2 Assessments,br_NewPeriodicReassessment,TASK_COMPLETE,SUCCESS,INFO,0,0,0,,2026-08-14T15:06:49.317Z,2026-08-14T15:16:31.149Z,582,2026-08-14T15:16:31.149Z,B33,Paducah,7969362d-463a-4985-92c3-d629dd6d5c4e,
202608251733582709,202608251712711186,202608251712711180,89,5358,P1 Reference Custom Answers Silver,tbl_CustomAnswers,TASK_COMPLETE,SUCCESS,INFO,96,96,0,,2026-08-25T17:13:33.765Z,2026-08-25T17:34:00.541Z,1227,2026-08-25T17:34:00.541Z,,,72553dbc-d702-4eda-a5d0-9ceb643e22ea,
202608250953084014,202608250953084014,20260825095202,105,13683,Gold Active Directory AADUsersDisable,AADUsersDisable,TASK_COMPLETE,SUCCESS,INFO,2093,67,0,,2026-08-25T09:53:13.320Z,2026-08-25T09:53:31.721Z,14,2026-08-25T09:53:31.721Z,,,6d272a94-926b-43c5-9728-935779865922,
202608220917446765,202608220917446764,20260822091654,105,13683,Gold Active Directory AADUsersDisable,AADUsersDisable,TASK_COMPLETE,SUCCESS,INFO,2089,65,0,,2026-08-22T09:17:44.676Z,2026-08-22T09:18:06.512Z,21,2026-08-22T09:18:06.512Z,,,500ec76f-f267-4cf8-a531-6dc879d5ad80,
202608220728047549,202608220728047548,20260822072706,105,13683,Gold Active Directory AADUsersDisable,AADUsersDisable,TASK_COMPLETE,SUCCESS,INFO,2089,65,0,,2026-08-22T07:28:04.754Z,2026-08-22T07:28:23.756Z,19,2026-08-22T07:28:23.756Z,,,95c2ec9d-55ec-443a-9357-986a8e625f38,
202608242010298159,202608242001557425,202608242001557422,34,144001,3pClaimNote Bronze - AHK,br_tbl3pClaimNote,TASK_COMPLETE,SUCCESS,INFO,9276,9276,0,,2026-08-24T20:01:59.213Z,2026-08-24T20:10:33.227Z,514,2026-08-24T20:10:33.227Z,AHK,Ahoskie,4d8b4395-4229-458f-ac6c-24f28fa466d2,SAMMS-Ahoskie
202608221113177563,202608221042113022,202608221042112981,85,2258,Bronze INV,br_LabResult,TASK_COMPLETE,SUCCESS,INFO,2736,2736,0,,2026-08-22T10:42:14.039Z,2026-08-22T11:16:52.295Z,2078,2026-08-22T11:16:52.295Z,B26,Hazard,28d7acf5-bc26-4be3-b390-775b9af3d980,SAMMS-HazardV5
202608221113177565,202608221042113023,202608221042112981,85,2266,Bronze INV,br_LabResult,TASK_COMPLETE,SUCCESS,INFO,2293,2293,0,,2026-08-22T10:42:14.039Z,2026-08-22T11:16:52.295Z,2078,2026-08-22T11:16:52.295Z,B34,Corbin,28d7acf5-bc26-4be3-b390-775b9af3d980,SAMMS-CorbinV5
202608221113177566,202608221042113024,202608221042112981,85,2267,Bronze INV,br_LabResult,TASK_COMPLETE,SUCCESS,INFO,11642,11642,0,,2026-08-22T10:42:14.039Z,2026-08-22T11:16:52.295Z,2078,2026-08-22T11:16:52.295Z,B35,Lexington,28d7acf5-bc26-4be3-b390-775b9af3d980,SAMMS-LexingtonV5
202608151434387417,202608151417675644,202608151417675641,118,10355,Bronze P1/P2 Assessments,br_NewAdmissionAssessment,TASK_COMPLETE,FAILED,ERROR,0,0,1,SaveNewAdmissionAssessment Bronze ForEach failed,2026-08-15T14:18:19.683Z,2026-08-15T14:37:39.575Z,1160,2026-08-15T14:37:39.575Z,B24,Paintsville,556076c4-618a-4487-8b31-ba5017a3c197,
202608151434387419,202608151417675645,202608151417675641,118,10357,Bronze P1/P2 Assessments,br_NewAdmissionAssessment,TASK_COMPLETE,FAILED,ERROR,0,0,1,SaveNewAdmissionAssessment Bronze ForEach failed,2026-08-15T14:18:19.683Z,2026-08-15T14:37:39.575Z,1160,2026-08-15T14:37:39.575Z,B26,Hazard,556076c4-618a-4487-8b31-ba5017a3c197,
202608260442381082,202608260434246985,202608260434246982,114,8618,CDC Bronze INV,br_LiquidLog_CDC,TASK_COMPLETE,SUCCESS,INFO,0,0,0,,2026-08-26T04:34:28.744Z,2026-08-26T04:42:41.689Z,493,2026-08-26T04:42:41.689Z,CBCO,Coeur dAlene,5187609b-db66-42e3-9436-fcfeae3ae564,SAMMS-CoeurdAleneV6
202608270448153224,202608270434470869,202608270434470866,114,8618,CDC Bronze INV,br_LiquidLog_CDC,TASK_COMPLETE,SUCCESS,INFO,0,0,0,,2026-08-27T04:34:51.617Z,2026-08-27T04:48:18.714Z,807,2026-08-27T04:48:18.714Z,CBCO,Coeur dAlene,2e7c859c-0cb2-4a04-88a8-b5f0cad3f58f,SAMMS-CoeurdAleneV6
202608280446074426,202608280435522014,202608280435522011,114,8618,CDC Bronze INV,br_LiquidLog_CDC,TASK_COMPLETE,SUCCESS,INFO,0,0,0,,2026-08-28T04:36:02.260Z,2026-08-28T04:46:10.994Z,608,2026-08-28T04:46:10.994Z,CBCO,Coeur dAlene,60ff5281-bdb1-466d-9e29-0c58e613d194,SAMMS-CoeurdAleneV6
202608241912325120,202608241904401261,202608241904401259,7,94389,Bronze Dose,br_tblDose,TASK_COMPLETE,SUCCESS,INFO,37212,37212,0,,2026-08-24T19:04:44.377Z,2026-08-24T19:15:19.610Z,635,2026-08-24T19:15:19.610Z,B12B,ColoradoSprings,0346ab63-a7c9-42d8-8f80-92ecf515f1ad,SAMMS-ColoradoSpringsV5
202608170650554195,202608170608269045,202608170608269015,106,7961,Clinical Domain Bronze - SaveMNCALOC - VBRP,br_MNComprehensiveAssessmentLevelOfCare,TASK_COMPLETE,SUCCESS,INFO,245,245,0,,2026-08-17T06:09:37.896Z,2026-08-17T06:50:58.970Z,2481,2026-08-17T06:50:58.970Z,VBRP,BrooklynPark,83c0f655-df7d-4ce0-a8e7-3e8120951bbc,
202608210938392243,202608210910301211,202608210910301208,45,187,SAMMSGLOBAL Gold,User,TASK_COMPLETE,SUCCESS,INFO,11983,0,0,,2026-08-21T09:10:14.296Z,2026-08-21T09:38:52.166Z,1718,2026-08-21T09:38:52.166Z,Global,Global,859bd6e7-8433-41b7-8f16-164cdd55063d,SAMMSGLOBAL
202608181407308817,202608181342262758,202608181342262706,46,10120,P1 Finance Client Demo 1 Bronze - B25,br_samms_client_demo1,TASK_COMPLETE,SUCCESS,INFO,3409,3409,0,,2026-08-18T13:42:39.071Z,2026-08-18T14:07:36.209Z,1497,2026-08-18T14:07:36.209Z,B25,Pikeville,2b16abcf-416f-4fd8-80a9-0aa52ca66e5c,
202608181407308818,202608181342262759,202608181342262706,46,10235,P1 Finance Client Demo 2 Bronze - AHK,br_samms_client_demo2,TASK_COMPLETE,SUCCESS,INFO,301,301,0,,2026-08-18T13:42:39.071Z,2026-08-18T14:07:36.209Z,1497,2026-08-18T14:07:36.209Z,AHK,Ahoskie,2b16abcf-416f-4fd8-80a9-0aa52ca66e5c,
202608181407308819,202608181342262760,202608181342262706,46,10236,P1 Finance Client Demo 2 Bronze - B12B,br_samms_client_demo2,TASK_COMPLETE,SUCCESS,INFO,1368,1368,0,,2026-08-18T13:42:39.071Z,2026-08-18T14:07:36.209Z,1497,2026-08-18T14:07:36.209Z,B12B,ColoradoSprings,2b16abcf-416f-4fd8-80a9-0aa52ca66e5c,
202608181407308820,202608181342262761,202608181342262706,46,10237,P1 Finance Client Demo 2 Bronze - B24,br_samms_client_demo2,TASK_COMPLETE,SUCCESS,INFO,2917,2917,0,,2026-08-18T13:42:39.071Z,2026-08-18T14:07:36.209Z,1497,2026-08-18T14:07:36.209Z,B24,Paintsville,2b16abcf-416f-4fd8-80a9-0aa52ca66e5c,
202608181407308821,202608181342262762,202608181342262706,46,10238,P1 Finance Client Demo 2 Bronze - B25,br_samms_client_demo2,TASK_COMPLETE,SUCCESS,INFO,3409,3409,0,,2026-08-18T13:42:39.071Z,2026-08-18T14:07:36.209Z,1497,2026-08-18T14:07:36.209Z,B25,Pikeville,2b16abcf-416f-4fd8-80a9-0aa52ca66e5c,
202608170650554208,202608170608269057,202608170608269015,106,8308,Clinical Domain Bronze - SaveMNTreatmentServiceReview - VWBY,br_MNTreatmentServiceReview,TASK_COMPLETE,SUCCESS,INFO,17070,17070,0,,2026-08-17T06:09:37.896Z,2026-08-17T06:50:58.970Z,2481,2026-08-17T06:50:58.970Z,VWBY,Woodbury,83c0f655-df7d-4ce0-a8e7-3e8120951bbc,
202608102144480464,202608102108561409,202608102108561394,28,91015,FormQuestionAnswers Bronze - B36,br_tblFormQA,TASK_COMPLETE,SUCCESS,INFO,15325,15325,0,,2026-08-10T21:09:33.412Z,2026-08-10T21:44:51.777Z,2118,2026-08-10T21:44:51.777Z,B36,Asheville,919a3989-3039-4ed4-8e54-b0f9527e0235,
202608102144480465,202608102108561410,202608102108561394,28,91016,FormQuestionAnswers Bronze - B37,br_tblFormQA,TASK_COMPLETE,SUCCESS,INFO,9794,9794,0,,2026-08-10T21:09:33.412Z,2026-08-10T21:44:51.777Z,2118,2026-08-10T21:44:51.777Z,B37,Clyde,919a3989-3039-4ed4-8e54-b0f9527e0235,
202608102144480467,202608102108561411,202608102108561394,28,91017,FormQuestionAnswers Bronze - B38,br_tblFormQA,TASK_COMPLETE,SUCCESS,INFO,15363,15363,0,,2026-08-10T21:09:33.412Z,2026-08-10T21:44:51.777Z,2118,2026-08-10T21:44:51.777Z,B38,Spartanburg,919a3989-3039-4ed4-8e54-b0f9527e0235,
202608102144480468,202608102108561412,202608102108561394,28,91018,FormQuestionAnswers Bronze - B39,br_tblFormQA,TASK_COMPLETE,SUCCESS,INFO,9046,9046,0,,2026-08-10T21:09:33.412Z,2026-08-10T21:44:51.777Z,2118,2026-08-10T21:44:51.777Z,B39,Aiken,919a3989-3039-4ed4-8e54-b0f9527e0235,
202608102144480469,202608102108561413,202608102108561394,28,91019,FormQuestionAnswers Bronze - B41,br_tblFormQA,TASK_COMPLETE,SUCCESS,INFO,15425,15425,0,,2026-08-10T21:09:33.412Z,2026-08-10T21:44:51.777Z,2118,2026-08-10T21:44:51.777Z,B41,Chesapeake,919a3989-3039-4ed4-8e54-b0f9527e0235,
202608102144480470,202608102108561414,202608102108561394,28,91020,FormQuestionAnswers Bronze - B42,br_tblFormQA,TASK_COMPLETE,SUCCESS,INFO,23475,23475,0,,2026-08-10T21:09:33.412Z,2026-08-10T21:44:51.777Z,2118,2026-08-10T21:44:51.777Z,B42,VirginiaBeach,919a3989-3039-4ed4-8e54-b0f9527e0235,
202608102144480471,202608102108561415,202608102108561394,28,91021,FormQuestionAnswers Bronze - B42A,br_tblFormQA,TASK_COMPLETE,SUCCESS,INFO,9910,9910,0,,2026-08-10T21:09:33.412Z,2026-08-10T21:44:51.777Z,2118,2026-08-10T21:44:51.777Z,B42A,NewportNews,919a3989-3039-4ed4-8e54-b0f9527e0235,
202608102144480480,202608102108561423,202608102108561394,28,91029,FormQuestionAnswers Bronze - B48,br_tblFormQA,TASK_COMPLETE,SUCCESS,INFO,13506,13506,0,,2026-08-10T21:09:33.412Z,2026-08-10T21:44:51.777Z,2118,2026-08-10T21:44:51.777Z,B48,Tuscaloosa,919a3989-3039-4ed4-8e54-b0f9527e0235,
202608102144480481,202608102108561424,202608102108561394,28,91030,FormQuestionAnswers Bronze - B51,br_tblFormQA,TASK_COMPLETE,SUCCESS,INFO,7834,7834,0,,2026-08-10T21:09:33.412Z,2026-08-10T21:44:51.777Z,2118,2026-08-10T21:44:51.777Z,B51,NorthLittleRock,919a3989-3039-4ed4-8e54-b0f9527e0235,
202608102144480482,202608102108561425,202608102108561394,28,91031,FormQuestionAnswers Bronze - B52,br_tblFormQA,TASK_COMPLETE,SUCCESS,INFO,6623,6623,0,,2026-08-10T21:09:33.412Z,2026-08-10T21:44:51.777Z,2118,2026-08-10T21:44:51.777Z,B52,JacksonGA,919a3989-3039-4ed4-8e54-b0f9527e0235,
202608102144480483,202608102108561426,202608102108561394,28,91032,FormQuestionAnswers Bronze - B54,br_tblFormQA,TASK_COMPLETE,SUCCESS,INFO,11605,11605,0,,2026-08-10T21:09:33.412Z,2026-08-10T21:44:51.777Z,2118,2026-08-10T21:44:51.777Z,B54,Gadsden,919a3989-3039-4ed4-8e54-b0f9527e0235,
202608102144480484,202608102108561427,202608102108561394,28,91033,FormQuestionAnswers Bronze - B55,br_tblFormQA,TASK_COMPLETE,SUCCESS,INFO,19982,19982,0,,2026-08-10T21:09:33.412Z,2026-08-10T21:44:51.777Z,2118,2026-08-10T21:44:51.777Z,B55,Shoals,919a3989-3039-4ed4-8e54-b0f9527e0235,
202608102144480486,202608102108561428,202608102108561394,28,91034,FormQuestionAnswers Bronze - B57,br_tblFormQA,TASK_COMPLETE,SUCCESS,INFO,4551,4551,0,,2026-08-10T21:09:33.412Z,2026-08-10T21:44:51.777Z,2118,2026-08-10T21:44:51.777Z,B57,Pawtucket,919a3989-3039-4ed4-8e54-b0f9527e0235,
202608102144480487,202608102108561429,202608102108561394,28,91035,FormQuestionAnswers Bronze - B57A,br_tblFormQA,TASK_COMPLETE,SUCCESS,INFO,8200,8200,0,,2026-08-10T21:09:33.412Z,2026-08-10T21:44:51.777Z,2118,2026-08-10T21:44:51.777Z,B57A,Johnston,919a3989-3039-4ed4-8e54-b0f9527e0235,
202608171102595610,202608171031398618,202608171031398593,106,7845,Clinical Domain Bronze - SaveMNCA - VBRA,br_MNComprehensiveAssessment,TASK_COMPLETE,SUCCESS,INFO,232,232,0,,2026-08-17T10:38:10.305Z,2026-08-17T11:03:03.679Z,1493,2026-08-17T11:03:03.679Z,VBRA,Brainerd,16b28601-46b7-41d7-bb6b-81142615d65b,
202608171102595611,202608171031398619,202608171031398593,106,7846,Clinical Domain Bronze - SaveMNCA - VBRP,br_MNComprehensiveAssessment,TASK_COMPLETE,SUCCESS,INFO,266,266,0,,2026-08-17T10:38:10.305Z,2026-08-17T11:03:03.679Z,1493,2026-08-17T11:03:03.679Z,VBRP,BrooklynPark,16b28601-46b7-41d7-bb6b-81142615d65b,
202608171102595612,202608171031398620,202608171031398593,106,7847,Clinical Domain Bronze - SaveMNCA - VMIN,br_MNComprehensiveAssessment,TASK_COMPLETE,SUCCESS,INFO,914,914,0,,2026-08-17T10:38:10.305Z,2026-08-17T11:03:03.679Z,1493,2026-08-17T11:03:03.679Z,VMIN,Minneapolis,16b28601-46b7-41d7-bb6b-81142615d65b,
202608170505380897,202608170422215775,202608170422215750,106,7845,Clinical Domain Bronze - SaveMNCA - VBRA,br_MNComprehensiveAssessment,TASK_COMPLETE,SUCCESS,INFO,230,230,0,,2026-08-17T04:29:17.023Z,2026-08-17T05:06:50.333Z,2253,2026-08-17T05:06:50.333Z,VBRA,Brainerd,0b53dc13-182d-4036-9b17-0891eca5f916,
202608170505380898,202608170422215776,202608170422215750,106,7846,Clinical Domain Bronze - SaveMNCA - VBRP,br_MNComprehensiveAssessment,TASK_COMPLETE,SUCCESS,INFO,261,261,0,,2026-08-17T04:29:17.023Z,2026-08-17T05:06:50.333Z,2253,2026-08-17T05:06:50.333Z,VBRP,BrooklynPark,0b53dc13-182d-4036-9b17-0891eca5f916,
202608170505380899,202608170422215777,202608170422215750,106,7847,Clinical Domain Bronze - SaveMNCA - VMIN,br_MNComprehensiveAssessment,TASK_COMPLETE,SUCCESS,INFO,210,210,0,,2026-08-17T04:29:17.023Z,2026-08-17T05:06:50.333Z,2253,2026-08-17T05:06:50.333Z,VMIN,Minneapolis,0b53dc13-182d-4036-9b17-0891eca5f916,
202608151352479080,202608151310407828,202608151310407803,106,7845,Clinical Domain Bronze - SaveMNCA - VBRA,br_MNComprehensiveAssessment,TASK_COMPLETE,SUCCESS,INFO,230,230,0,,2026-08-15T13:11:43.813Z,2026-08-15T13:52:51.092Z,2468,2026-08-15T13:52:51.092Z,VBRA,Brainerd,56214535-005b-4285-976b-e0172bc11b0b,
202608151352479081,202608151310407829,202608151310407803,106,7846,Clinical Domain Bronze - SaveMNCA - VBRP,br_MNComprehensiveAssessment,TASK_COMPLETE,SUCCESS,INFO,261,261,0,,2026-08-15T13:11:43.813Z,2026-08-15T13:52:51.092Z,2468,2026-08-15T13:52:51.092Z,VBRP,BrooklynPark,56214535-005b-4285-976b-e0172bc11b0b,
202608151352479083,202608151310407830,202608151310407803,106,7847,Clinical Domain Bronze - SaveMNCA - VMIN,br_MNComprehensiveAssessment,TASK_COMPLETE,SUCCESS,INFO,210,210,0,,2026-08-15T13:11:43.813Z,2026-08-15T13:52:51.092Z,2468,2026-08-15T13:52:51.092Z,VMIN,Minneapolis,56214535-005b-4285-976b-e0172bc11b0b,
202608151132574389,202608151055424883,202608151055424858,106,7845,Clinical Domain Bronze - SaveMNCA - VBRA,br_MNComprehensiveAssessment,TASK_COMPLETE,SUCCESS,INFO,230,230,0,,2026-08-15T10:59:41.813Z,2026-08-15T11:42:22.397Z,2561,2026-08-15T11:42:22.397Z,VBRA,Brainerd,09bdfa13-0c4c-4ca3-9dd3-abd349cbbab4,
202608151132574390,202608151055424884,202608151055424858,106,7846,Clinical Domain Bronze - SaveMNCA - VBRP,br_MNComprehensiveAssessment,TASK_COMPLETE,SUCCESS,INFO,261,261,0,,2026-08-15T10:59:41.813Z,2026-08-15T11:42:22.397Z,2561,2026-08-15T11:42:22.397Z,VBRP,BrooklynPark,09bdfa13-0c4c-4ca3-9dd3-abd349cbbab4,
202608151132574391,202608151055424885,202608151055424858,106,7847,Clinical Domain Bronze - SaveMNCA - VMIN,br_MNComprehensiveAssessment,TASK_COMPLETE,SUCCESS,INFO,210,210,0,,2026-08-15T10:59:41.813Z,2026-08-15T11:42:22.397Z,2561,2026-08-15T11:42:22.397Z,VMIN,Minneapolis,09bdfa13-0c4c-4ca3-9dd3-abd349cbbab4,
202608141935472380,202608141857340805,202608141857340774,31,94031,FormAnswerSignatures Bronze - B52,br_tblFormAnswerSig,TASK_COMPLETE,SUCCESS,INFO,38929,38929,0,,2026-08-14T18:58:05.482Z,2026-08-14T19:35:50.482Z,2265,2026-08-14T19:35:50.482Z,B52,JacksonGA,015634ea-243f-49e1-a18e-0e1d033651d1,
202608141935472381,202608141857340806,202608141857340774,31,94032,FormAnswerSignatures Bronze - B54,br_tblFormAnswerSig,TASK_COMPLETE,SUCCESS,INFO,78028,78028,0,,2026-08-14T18:58:05.482Z,2026-08-14T19:35:50.482Z,2265,2026-08-14T19:35:50.482Z,B54,Gadsden,015634ea-243f-49e1-a18e-0e1d033651d1,
202608141935472382,202608141857340807,202608141857340774,31,94033,FormAnswerSignatures Bronze - B55,br_tblFormAnswerSig,TASK_COMPLETE,SUCCESS,INFO,88046,88046,0,,2026-08-14T18:58:05.482Z,2026-08-14T19:35:50.482Z,2265,2026-08-14T19:35:50.482Z,B55,Shoals,015634ea-243f-49e1-a18e-0e1d033651d1,
202608141935472383,202608141857340808,202608141857340774,31,94034,FormAnswerSignatures Bronze - B57,br_tblFormAnswerSig,TASK_COMPLETE,SUCCESS,INFO,40152,40152,0,,2026-08-14T18:58:05.482Z,2026-08-14T19:35:50.482Z,2265,2026-08-14T19:35:50.482Z,B57,Pawtucket,015634ea-243f-49e1-a18e-0e1d033651d1,
202608141935472384,202608141857340809,202608141857340774,31,94035,FormAnswerSignatures Bronze - B57A,br_tblFormAnswerSig,TASK_COMPLETE,SUCCESS,INFO,46555,46555,0,,2026-08-14T18:58:05.482Z,2026-08-14T19:35:50.482Z,2265,2026-08-14T19:35:50.482Z,B57A,Johnston,015634ea-243f-49e1-a18e-0e1d033651d1,
202608141935472385,202608141857340810,202608141857340774,31,94036,FormAnswerSignatures Bronze - B57B,br_tblFormAnswerSig,TASK_COMPLETE,SUCCESS,INFO,22514,22514,0,,2026-08-14T18:58:05.482Z,2026-08-14T19:35:50.482Z,2265,2026-08-14T19:35:50.482Z,B57B,Middletown,015634ea-243f-49e1-a18e-0e1d033651d1,
202608220933544588,202608220857444381,202608220857444379,124,13636,Assessments Silver - SavePACounselorReview,sl_PACounselorReview,TASK_COMPLETE,SUCCESS,INFO,20058,1125,0,,2026-08-22T08:58:22.185Z,2026-08-22T09:33:56.515Z,2134,2026-08-22T09:33:56.515Z,,,39d3782c-f729-4e52-b4aa-f257942a503a,
202608200249142557,202608200249142556,20260820024907,91,5714,Bronze Conferdeploy CBInventory,br_conferdeploy_cbinventory,TASK_COMPLETE,SUCCESS,INFO,4,4,0,,2026-08-20T02:49:19.773Z,2026-08-20T02:49:47.721Z,27,2026-08-20T02:49:50.319Z,200,302,0,b3e54ecc-c37e-4e6d-9c34-bfeed0ec8b3d
202608191735396745,202608191735396745,20260819173530,91,5714,Bronze Conferdeploy CBInventory,br_conferdeploy_cbinventory,TASK_COMPLETE,SUCCESS,INFO,4,4,0,,2026-08-19T17:35:48.169Z,2026-08-19T17:36:21.975Z,33,2026-08-19T17:36:24.160Z,200,244,0,524d77ff-a682-4916-9dc7-dd9b03654f88
202608151434387420,202608151417675646,202608151417675641,118,10359,Bronze P1/P2 Assessments,br_NewAdmissionAssessment,TASK_COMPLETE,FAILED,ERROR,0,0,1,SaveNewAdmissionAssessment Bronze ForEach failed,2026-08-15T14:18:19.683Z,2026-08-15T14:37:39.575Z,1160,2026-08-15T14:37:39.575Z,B28,West Plains,556076c4-618a-4487-8b31-ba5017a3c197,
202608181059493592,202608181018508821,202608181018508812,124,13643,Assessments Silver - SaveAdmissionAssessmentsSubstanceUseHistory,sl_Admissionassessmentsubstanceusehistory,TASK_COMPLETE,SUCCESS,INFO,6191,2065,0,,2026-08-18T10:19:21.940Z,2026-08-18T10:59:51.420Z,2430,2026-08-18T10:59:51.420Z,Global,SAMMSGLOBAL,06767fa9-f980-4e92-a048-4dd43e2dbe98,
202608170828545821,202608170805168054,202608170805168041,97,6448,P1 Forms Take Home Agreement And Diversion Control Bronze - B24,br_samms_take_home_agreement_diversion_control,TASK_COMPLETE,SUCCESS,INFO,169,169,0,,2026-08-17T08:05:23.166Z,2026-08-17T08:28:58.238Z,1415,2026-08-17T08:28:58.238Z,B24,Paintsville,760fb7f7-522d-45ef-ae35-70bd18d17fef,
202608181242384058,202608181207908129,202608181207908120,124,13643,Assessments Silver - SaveAdmissionAssessmentsSubstanceUseHistory,sl_Admissionassessmentsubstanceusehistory,TASK_COMPLETE,SUCCESS,INFO,2065,2067,0,,2026-08-18T12:09:06.544Z,2026-08-18T12:42:40.508Z,2014,2026-08-18T12:42:40.508Z,Global,SAMMSGLOBAL,6a9f8fe6-e2a7-49ab-8570-443c59873958,
202608242048534095,202608242042110711,202608242042110704,76,144452,PPA Bronze,br_SF_PatientPreAdmission,TASK_COMPLETE,SUCCESS,INFO,13202,13202,0,,2026-08-24T20:42:15.925Z,2026-08-24T20:48:56.393Z,401,2026-08-24T20:48:56.393Z,FW,FortWayne,3493ae40-96b6-4051-9666-1f519a793994,SAMMS-FortWayne
202608171326451780,202608171326451780,202608171005421194,82,6805,Salesforce Patient Survey Responses,br_sf_patient_survey_responses,TASK_ALREADY_COMPLETED,ALREADY_COMPLETED,INFO,0,0,0,Already succeeded in previous attempt,2026-08-17T13:26:50.739Z,2026-08-17T13:26:50.739Z,0,2026-08-17T13:26:50.739Z,,,1cdba2b7-2cc0-4832-97e7-304e1a700c17,
202608180902083811,202608180834532793,202608180834532768,106,7845,Clinical Domain Bronze - SaveMNCA - VBRA,br_MNComprehensiveAssessment,TASK_COMPLETE,SUCCESS,INFO,233,233,0,,2026-08-18T08:37:01.117Z,2026-08-18T09:02:12.282Z,1511,2026-08-18T09:02:12.282Z,VBRA,Brainerd,08f45940-4fba-4d40-8013-5941939f8b2e,
202608180902083812,202608180834532794,202608180834532768,106,7846,Clinical Domain Bronze - SaveMNCA - VBRP,br_MNComprehensiveAssessment,TASK_COMPLETE,SUCCESS,INFO,267,267,0,,2026-08-18T08:37:01.117Z,2026-08-18T09:02:12.282Z,1511,2026-08-18T09:02:12.282Z,VBRP,BrooklynPark,08f45940-4fba-4d40-8013-5941939f8b2e,
202608180902083813,202608180834532795,202608180834532768,106,7847,Clinical Domain Bronze - SaveMNCA - VMIN,br_MNComprehensiveAssessment,TASK_COMPLETE,SUCCESS,INFO,217,217,0,,2026-08-18T08:37:01.117Z,2026-08-18T09:02:12.282Z,1511,2026-08-18T09:02:12.282Z,VMIN,Minneapolis,08f45940-4fba-4d40-8013-5941939f8b2e,
202608180902083814,202608180834532796,202608180834532768,106,7848,Clinical Domain Bronze - SaveMNCA - VWBY,br_MNComprehensiveAssessment,TASK_COMPLETE,SUCCESS,INFO,416,416,0,,2026-08-18T08:37:01.117Z,2026-08-18T09:02:12.282Z,1511,2026-08-18T09:02:12.282Z,VWBY,Woodbury,08f45940-4fba-4d40-8013-5941939f8b2e,
202608180902083815,202608180834532797,202608180834532768,106,7960,Clinical Domain Bronze - SaveMNCALOC - VBRA,br_MNComprehensiveAssessmentLevelOfCare,TASK_COMPLETE,SUCCESS,INFO,221,221,0,,2026-08-18T08:37:01.117Z,2026-08-18T09:02:12.282Z,1511,2026-08-18T09:02:12.282Z,VBRA,Brainerd,08f45940-4fba-4d40-8013-5941939f8b2e,
202608180902083816,202608180834532798,202608180834532768,106,7961,Clinical Domain Bronze - SaveMNCALOC - VBRP,br_MNComprehensiveAssessmentLevelOfCare,TASK_COMPLETE,SUCCESS,INFO,251,251,0,,2026-08-18T08:37:01.117Z,2026-08-18T09:02:12.282Z,1511,2026-08-18T09:02:12.282Z,VBRP,BrooklynPark,08f45940-4fba-4d40-8013-5941939f8b2e,
202608120345496454,202608120259257422,202608120259257369,106,8099,Clinical Domain Bronze - SaveVACASummary - B42,brz_VAComprehensiveAssessmentSummary,TASK_COMPLETE,SUCCESS,INFO,520,520,0,,2026-08-12T03:00:44.797Z,2026-08-12T03:45:52.499Z,2708,2026-08-12T03:45:52.499Z,B42,VirginiaBeach,72952692-3a45-4fdd-be32-4592206c2867,
202608120345496455,202608120259257423,202608120259257369,106,8100,Clinical Domain Bronze - SaveVACASummary - B42A,brz_VAComprehensiveAssessmentSummary,TASK_COMPLETE,SUCCESS,INFO,199,199,0,,2026-08-12T03:00:44.797Z,2026-08-12T03:45:52.499Z,2708,2026-08-12T03:45:52.499Z,B42A,NewportNews,72952692-3a45-4fdd-be32-4592206c2867,
202608120345496456,202608120259257424,202608120259257369,106,8101,Clinical Domain Bronze - SaveVACASummary - B42B,brz_VAComprehensiveAssessmentSummary,TASK_COMPLETE,SUCCESS,INFO,45,45,0,,2026-08-12T03:00:44.797Z,2026-08-12T03:45:52.499Z,2708,2026-08-12T03:45:52.499Z,B42B,Franklin,72952692-3a45-4fdd-be32-4592206c2867,
202608120345496458,202608120259257425,202608120259257369,106,8102,Clinical Domain Bronze - SaveVACASummary - B42C,brz_VAComprehensiveAssessmentSummary,TASK_COMPLETE,SUCCESS,INFO,367,367,0,,2026-08-12T03:00:44.797Z,2026-08-12T03:45:52.499Z,2708,2026-08-12T03:45:52.499Z,B42C,GlenAllen,72952692-3a45-4fdd-be32-4592206c2867,
202608120911546234,202608120822452581,202608120822452528,106,8099,Clinical Domain Bronze - SaveVACASummary - B42,brz_VAComprehensiveAssessmentSummary,TASK_COMPLETE,SUCCESS,INFO,520,520,0,,2026-08-12T08:25:12.254Z,2026-08-12T09:12:13.728Z,2821,2026-08-12T09:12:13.728Z,B42,VirginiaBeach,577435af-c452-4617-9a3c-7d2b03361707,
202608120911546235,202608120822452582,202608120822452528,106,8100,Clinical Domain Bronze - SaveVACASummary - B42A,brz_VAComprehensiveAssessmentSummary,TASK_COMPLETE,SUCCESS,INFO,199,199,0,,2026-08-12T08:25:12.254Z,2026-08-12T09:12:13.728Z,2821,2026-08-12T09:12:13.728Z,B42A,NewportNews,577435af-c452-4617-9a3c-7d2b03361707,
202608120911546236,202608120822452583,202608120822452528,106,8101,Clinical Domain Bronze - SaveVACASummary - B42B,brz_VAComprehensiveAssessmentSummary,TASK_COMPLETE,SUCCESS,INFO,45,45,0,,2026-08-12T08:25:12.254Z,2026-08-12T09:12:13.728Z,2821,2026-08-12T09:12:13.728Z,B42B,Franklin,577435af-c452-4617-9a3c-7d2b03361707,
202608120911546237,202608120822452584,202608120822452528,106,8102,Clinical Domain Bronze - SaveVACASummary - B42C,brz_VAComprehensiveAssessmentSummary,TASK_COMPLETE,SUCCESS,INFO,367,367,0,,2026-08-12T08:25:12.254Z,2026-08-12T09:12:13.728Z,2821,2026-08-12T09:12:13.728Z,B42C,GlenAllen,577435af-c452-4617-9a3c-7d2b03361707,
202608171240088303,202608171211598308,202608171211598283,106,7845,Clinical Domain Bronze - SaveMNCA - VBRA,br_MNComprehensiveAssessment,TASK_COMPLETE,SUCCESS,INFO,232,232,0,,2026-08-17T12:12:57.246Z,2026-08-17T12:40:14.210Z,1637,2026-08-17T12:40:14.210Z,VBRA,Brainerd,71c4b27b-8df0-48dd-a1ee-a6ea3a63b852,
202608171240088305,202608171211598309,202608171211598283,106,7846,Clinical Domain Bronze - SaveMNCA - VBRP,br_MNComprehensiveAssessment,TASK_COMPLETE,SUCCESS,INFO,266,266,0,,2026-08-17T12:12:57.246Z,2026-08-17T12:40:14.210Z,1637,2026-08-17T12:40:14.210Z,VBRP,BrooklynPark,71c4b27b-8df0-48dd-a1ee-a6ea3a63b852,
202608171240088306,202608171211598310,202608171211598283,106,7847,Clinical Domain Bronze - SaveMNCA - VMIN,br_MNComprehensiveAssessment,TASK_COMPLETE,SUCCESS,INFO,216,216,0,,2026-08-17T12:12:57.246Z,2026-08-17T12:40:14.210Z,1637,2026-08-17T12:40:14.210Z,VMIN,Minneapolis,71c4b27b-8df0-48dd-a1ee-a6ea3a63b852,
202608171240088308,202608171211598311,202608171211598283,106,7848,Clinical Domain Bronze - SaveMNCA - VWBY,br_MNComprehensiveAssessment,TASK_COMPLETE,SUCCESS,INFO,416,416,0,,2026-08-17T12:12:57.246Z,2026-08-17T12:40:14.210Z,1637,2026-08-17T12:40:14.210Z,VWBY,Woodbury,71c4b27b-8df0-48dd-a1ee-a6ea3a63b852,
202608171240088309,202608171211598312,202608171211598283,106,7960,Clinical Domain Bronze - SaveMNCALOC - VBRA,br_MNComprehensiveAssessmentLevelOfCare,TASK_COMPLETE,SUCCESS,INFO,220,220,0,,2026-08-17T12:12:57.246Z,2026-08-17T12:40:14.210Z,1637,2026-08-17T12:40:14.210Z,VBRA,Brainerd,71c4b27b-8df0-48dd-a1ee-a6ea3a63b852,
202608171240088310,202608171211598313,202608171211598283,106,7961,Clinical Domain Bronze - SaveMNCALOC - VBRP,br_MNComprehensiveAssessmentLevelOfCare,TASK_COMPLETE,SUCCESS,INFO,250,250,0,,2026-08-17T12:12:57.246Z,2026-08-17T12:40:14.210Z,1637,2026-08-17T12:40:14.210Z,VBRP,BrooklynPark,71c4b27b-8df0-48dd-a1ee-a6ea3a63b852,
202608140551555113,202608140519472965,202608140519472937,106,7848,Clinical Domain Bronze - SaveMNCA - VWBY,brz_MNComprehensiveAssessment,TASK_COMPLETE,SUCCESS,INFO,416,416,0,,2026-08-14T05:21:11.366Z,2026-08-14T05:51:58.644Z,1847,2026-08-14T05:51:58.644Z,VWBY,Woodbury,367e5368-81b8-4196-9731-5b3efc5e39d9,
202608140551555114,202608140519472966,202608140519472937,106,7960,Clinical Domain Bronze - SaveMNCALOC - VBRA,brz_MNComprehensiveAssessmentLevelOfCare,TASK_COMPLETE,SUCCESS,INFO,220,220,0,,2026-08-14T05:21:11.366Z,2026-08-14T05:51:58.644Z,1847,2026-08-14T05:51:58.644Z,VBRA,Brainerd,367e5368-81b8-4196-9731-5b3efc5e39d9,
202608140551555115,202608140519472967,202608140519472937,106,7961,Clinical Domain Bronze - SaveMNCALOC - VBRP,brz_MNComprehensiveAssessmentLevelOfCare,TASK_COMPLETE,SUCCESS,INFO,249,249,0,,2026-08-14T05:21:11.366Z,2026-08-14T05:51:58.644Z,1847,2026-08-14T05:51:58.644Z,VBRP,BrooklynPark,367e5368-81b8-4196-9731-5b3efc5e39d9,
202608130409166802,202608130315200033,202608130315200005,106,7848,Clinical Domain Bronze - SaveMNCA - VWBY,brz_MNComprehensiveAssessment,TASK_COMPLETE,SUCCESS,INFO,416,416,0,,2026-08-13T03:16:19.557Z,2026-08-13T04:09:23.310Z,3184,2026-08-13T04:09:23.310Z,VWBY,Woodbury,11ed6329-841a-4e7a-bfb1-61191c79c28e,
202608130409166803,202608130315200034,202608130315200005,106,7960,Clinical Domain Bronze - SaveMNCALOC - VBRA,brz_MNComprehensiveAssessmentLevelOfCare,TASK_COMPLETE,SUCCESS,INFO,220,220,0,,2026-08-13T03:16:19.557Z,2026-08-13T04:09:23.310Z,3184,2026-08-13T04:09:23.310Z,VBRA,Brainerd,11ed6329-841a-4e7a-bfb1-61191c79c28e,
202608130409166804,202608130315200035,202608130315200005,106,7961,Clinical Domain Bronze - SaveMNCALOC - VBRP,brz_MNComprehensiveAssessmentLevelOfCare,TASK_COMPLETE,SUCCESS,INFO,249,249,0,,2026-08-13T03:16:19.557Z,2026-08-13T04:09:23.310Z,3184,2026-08-13T04:09:23.310Z,VBRP,BrooklynPark,11ed6329-841a-4e7a-bfb1-61191c79c28e,
202608201131009860,202608201131009860,202608201125599805,82,6806,Salesforce Outbound Texts,br_sf_outboundtexts,TASK_FAILED,FAILED,ERROR,0,0,0,name col is not defined,2026-08-20T11:31:05.640Z,2026-08-20T11:31:28.833Z,21,2026-08-20T11:31:28.833Z,,,79156e84-8509-4e63-a064-b4b0873a2a40,
202608141154446148,202608141147662593,202608141147662582,118,10541,Bronze P1/P2 Assessments,br_NewAdmissionAssessmentASAMDimension6,TASK_COMPLETE,SUCCESS,INFO,0,0,0,,2026-08-14T11:48:09.966Z,2026-08-14T11:54:47.762Z,398,2026-08-14T11:54:47.762Z,B26,Hazard,21f5cd31-796d-43ad-806e-67ead954f01a,
202608141154446149,202608141147662594,202608141147662582,118,10543,Bronze P1/P2 Assessments,br_NewAdmissionAssessmentASAMDimension6,TASK_COMPLETE,SUCCESS,INFO,0,0,0,,2026-08-14T11:48:09.966Z,2026-08-14T11:54:47.762Z,398,2026-08-14T11:54:47.762Z,B28,West Plains,21f5cd31-796d-43ad-806e-67ead954f01a,
202608141154446150,202608141147662595,202608141147662582,118,10548,Bronze P1/P2 Assessments,br_NewAdmissionAssessmentASAMDimension6,TASK_COMPLETE,SUCCESS,INFO,0,0,0,,2026-08-14T11:48:09.966Z,2026-08-14T11:54:47.762Z,398,2026-08-14T11:54:47.762Z,B33,Paducah,21f5cd31-796d-43ad-806e-67ead954f01a,
202608141154446151,202608141147662596,202608141147662582,118,10603,Bronze P1/P2 Assessments,br_NewAdmissionAssessmentASAMDimension6,TASK_COMPLETE,SUCCESS,INFO,0,0,0,,2026-08-14T11:48:09.966Z,2026-08-14T11:54:47.762Z,398,2026-08-14T11:54:47.762Z,CBCO,Coeur dAlene,21f5cd31-796d-43ad-806e-67ead954f01a,
202608141154446152,202608141147662597,202608141147662582,118,10721,Bronze P1/P2 Assessments,br_NewPeriodicReassessment,TASK_COMPLETE,SUCCESS,INFO,0,0,0,,2026-08-14T11:48:09.966Z,2026-08-14T11:54:47.762Z,398,2026-08-14T11:54:47.762Z,AHK,Ahoskie,21f5cd31-796d-43ad-806e-67ead954f01a,
202608141154446154,202608141147662598,202608141147662582,118,10722,Bronze P1/P2 Assessments,br_NewPeriodicReassessment,TASK_COMPLETE,SUCCESS,INFO,0,0,0,,2026-08-14T11:48:09.966Z,2026-08-14T11:54:47.762Z,398,2026-08-14T11:54:47.762Z,B12B,Colorado Springs,21f5cd31-796d-43ad-806e-67ead954f01a,
202608141154446155,202608141147662599,202608141147662582,118,10723,Bronze P1/P2 Assessments,br_NewPeriodicReassessment,TASK_COMPLETE,SUCCESS,INFO,0,0,0,,2026-08-14T11:48:09.966Z,2026-08-14T11:54:47.762Z,398,2026-08-14T11:54:47.762Z,B24,Paintsville,21f5cd31-796d-43ad-806e-67ead954f01a,
202608141154446156,202608141147662600,202608141147662582,118,10725,Bronze P1/P2 Assessments,br_NewPeriodicReassessment,TASK_COMPLETE,SUCCESS,INFO,0,0,0,,2026-08-14T11:48:09.966Z,2026-08-14T11:54:47.762Z,398,2026-08-14T11:54:47.762Z,B26,Hazard,21f5cd31-796d-43ad-806e-67ead954f01a,
202608141154446157,202608141147662601,202608141147662582,118,10727,Bronze P1/P2 Assessments,br_NewPeriodicReassessment,TASK_COMPLETE,SUCCESS,INFO,0,0,0,,2026-08-14T11:48:09.966Z,2026-08-14T11:54:47.762Z,398,2026-08-14T11:54:47.762Z,B28,West Plains,21f5cd31-796d-43ad-806e-67ead954f01a,
202608141154446158,202608141147662602,202608141147662582,118,10732,Bronze P1/P2 Assessments,br_NewPeriodicReassessment,TASK_COMPLETE,SUCCESS,INFO,0,0,0,,2026-08-14T11:48:09.966Z,2026-08-14T11:54:47.762Z,398,2026-08-14T11:54:47.762Z,B33,Paducah,21f5cd31-796d-43ad-806e-67ead954f01a,
202608150650049366,202608150650049366,202608141121345444,84,13676,Gold Salesforce PatientContacts,PatientContacts,TASK_DEPENDENCY_BLOCKED,DEPENDENCY_BLOCKED,WARN,0,0,0,"Dependency Failed : 216 (checked: 220,218,216)",2026-08-15T06:50:11.126Z,2026-08-15T06:50:11.126Z,0,2026-08-15T06:50:11.126Z,,,4b120bb3-f1e6-442e-8114-0fadc28f6b49,
202608141127207830,202608141127207829,202608141121345444,84,13676,Gold Salesforce PatientContacts,PatientContacts,TASK_DEPENDENCY_BLOCKED,DEPENDENCY_BLOCKED,WARN,0,0,0,"Dependency Failed : 216 (checked: 220,218,216)",2026-08-14T11:27:30.432Z,2026-08-14T11:27:30.432Z,0,2026-08-14T11:27:30.432Z,,,65af9a38-d304-499c-abe3-51037aa67f0b,
202608171032275430,202608171032275430,202608171026319654,84,13676,Gold Salesforce PatientContacts,PatientContacts,TASK_DEPENDENCY_BLOCKED,DEPENDENCY_BLOCKED,WARN,0,0,0,"Dependency Failed : 216 (checked: 220,218,216)",2026-08-17T10:32:38.278Z,2026-08-17T10:32:38.278Z,0,2026-08-17T10:32:38.278Z,,,7037e752-f6e1-4d8a-bc47-4e70a4e83a16,
202608171341105864,202608171341105864,202608171026319654,84,13676,Gold Salesforce PatientContacts,PatientContacts,TASK_DEPENDENCY_BLOCKED,DEPENDENCY_BLOCKED,WARN,0,0,0,"Dependency Failed : 216 (checked: 220,218,216)",2026-08-17T13:41:19.983Z,2026-08-17T13:41:19.983Z,0,2026-08-17T13:41:19.983Z,,,1cdba2b7-2cc0-4832-97e7-304e1a700c17,
202608150830298669,202608150830298668,202608141121345444,84,13676,Gold Salesforce PatientContacts,PatientContacts,TASK_DEPENDENCY_BLOCKED,DEPENDENCY_BLOCKED,WARN,0,0,0,"Dependency Failed : 216 (checked: 220,218,216)",2026-08-15T08:30:37.918Z,2026-08-15T08:30:37.918Z,0,2026-08-15T08:30:37.918Z,,,749d5262-86ff-40e0-8a86-2235f2d6051c,
202608150747478570,202608150747478570,202608141121345444,84,13676,Gold Salesforce PatientContacts,PatientContacts,TASK_DEPENDENCY_BLOCKED,DEPENDENCY_BLOCKED,WARN,0,0,0,"Dependency Failed : 216 (checked: 220,218,216)",2026-08-15T07:47:54.626Z,2026-08-15T07:47:54.626Z,0,2026-08-15T07:47:54.626Z,,,7aeef17f-6a83-4892-911d-f2c8473c9ddd,
202608210938497452,202608210910301217,202608210910301208,45,191,SAMMSGLOBAL Gold,GlobalDevices,TASK_COMPLETE,SUCCESS,INFO,4032,4032,0,,2026-08-21T09:10:14.296Z,2026-08-21T09:38:52.166Z,1718,2026-08-21T09:38:52.166Z,Global,Global,859bd6e7-8433-41b7-8f16-164cdd55063d,SAMMSGLOBAL
202608142019050057,202608141850614636,202608141850614621,28,91015,FormQuestionAnswers Bronze - B36,br_tblFormQA,TASK_COMPLETE,SUCCESS,INFO,125191,125191,0,,2026-08-14T18:51:07.427Z,2026-08-14T20:19:08.156Z,5281,2026-08-14T20:19:08.156Z,B36,Asheville,06b9d75d-291b-4cd2-9a89-52908a52280f,
202608142019050058,202608141850614637,202608141850614621,28,91016,FormQuestionAnswers Bronze - B37,br_tblFormQA,TASK_COMPLETE,SUCCESS,INFO,128384,128384,0,,2026-08-14T18:51:07.427Z,2026-08-14T20:19:08.156Z,5281,2026-08-14T20:19:08.156Z,B37,Clyde,06b9d75d-291b-4cd2-9a89-52908a52280f,
202608142019050059,202608141850614638,202608141850614621,28,91017,FormQuestionAnswers Bronze - B38,br_tblFormQA,TASK_COMPLETE,SUCCESS,INFO,204415,204415,0,,2026-08-14T18:51:07.427Z,2026-08-14T20:19:08.156Z,5281,2026-08-14T20:19:08.156Z,B38,Spartanburg,06b9d75d-291b-4cd2-9a89-52908a52280f,
202608142019050060,202608141850614639,202608141850614621,28,91018,FormQuestionAnswers Bronze - B39,br_tblFormQA,TASK_COMPLETE,SUCCESS,INFO,106939,106939,0,,2026-08-14T18:51:07.427Z,2026-08-14T20:19:08.156Z,5281,2026-08-14T20:19:08.156Z,B39,Aiken,06b9d75d-291b-4cd2-9a89-52908a52280f,
202608142019050061,202608141850614640,202608141850614621,28,91019,FormQuestionAnswers Bronze - B41,br_tblFormQA,TASK_COMPLETE,SUCCESS,INFO,261086,261086,0,,2026-08-14T18:51:07.427Z,2026-08-14T20:19:08.156Z,5281,2026-08-14T20:19:08.156Z,B41,Chesapeake,06b9d75d-291b-4cd2-9a89-52908a52280f,
202608142019050062,202608141850614641,202608141850614621,28,91020,FormQuestionAnswers Bronze - B42,br_tblFormQA,TASK_COMPLETE,SUCCESS,INFO,327167,327167,0,,2026-08-14T18:51:07.427Z,2026-08-14T20:19:08.156Z,5281,2026-08-14T20:19:08.156Z,B42,VirginiaBeach,06b9d75d-291b-4cd2-9a89-52908a52280f,
202608142019050063,202608141850614642,202608141850614621,28,91021,FormQuestionAnswers Bronze - B42A,br_tblFormQA,TASK_COMPLETE,SUCCESS,INFO,155001,155001,0,,2026-08-14T18:51:07.427Z,2026-08-14T20:19:08.156Z,5281,2026-08-14T20:19:08.156Z,B42A,NewportNews,06b9d75d-291b-4cd2-9a89-52908a52280f,
202608180902083794,202608180834532778,202608180834532768,106,7161,Clinical Domain Bronze - SaveCows_v6 - B12B,br_Cows_v6,TASK_COMPLETE,SUCCESS,INFO,7724,7724,0,,2026-08-18T08:37:01.117Z,2026-08-18T09:02:12.282Z,1511,2026-08-18T09:02:12.282Z,B12B,ColoradoSprings,08f45940-4fba-4d40-8013-5941939f8b2e,
202608180902083795,202608180834532779,202608180834532768,106,7205,Clinical Domain Bronze - SaveCows_v6 - BOI,br_Cows_v6,TASK_COMPLETE,SUCCESS,INFO,3723,3723,0,,2026-08-18T08:37:01.117Z,2026-08-18T09:02:12.282Z,1511,2026-08-18T09:02:12.282Z,BOI,Boise,08f45940-4fba-4d40-8013-5941939f8b2e,
202608180902083796,202608180834532780,202608180834532768,106,7254,Clinical Domain Bronze - SaveCows_v6 - V10,br_Cows_v6,TASK_COMPLETE,SUCCESS,INFO,12351,12351,0,,2026-08-18T08:37:01.117Z,2026-08-18T09:02:12.282Z,1511,2026-08-18T09:02:12.282Z,V10,Boulder,08f45940-4fba-4d40-8013-5941939f8b2e,
202608180902083798,202608180834532781,202608180834532768,106,7276,Clinical Domain Bronze - SaveUAResults - B12B,br_UAResults,TASK_COMPLETE,SUCCESS,INFO,113,113,0,,2026-08-18T08:37:01.117Z,2026-08-18T09:02:12.282Z,1511,2026-08-18T09:02:12.282Z,B12B,ColoradoSprings,08f45940-4fba-4d40-8013-5941939f8b2e,
202608180902083799,202608180834532782,202608180834532768,106,7320,Clinical Domain Bronze - SaveUAResults - BOI,br_UAResults,TASK_COMPLETE,SUCCESS,INFO,344,344,0,,2026-08-18T08:37:01.117Z,2026-08-18T09:02:12.282Z,1511,2026-08-18T09:02:12.282Z,BOI,Boise,08f45940-4fba-4d40-8013-5941939f8b2e,
202608180902083800,202608180834532783,202608180834532768,106,7369,Clinical Domain Bronze - SaveUAResults - V10,br_UAResults,TASK_COMPLETE,SUCCESS,INFO,251,251,0,,2026-08-18T08:37:01.117Z,2026-08-18T09:02:12.282Z,1511,2026-08-18T09:02:12.282Z,V10,Boulder,08f45940-4fba-4d40-8013-5941939f8b2e,
202608201641332517,202608201641332517,202608201638083197,82,207,Salesforce Outreach Events,br_sf_events,TASK_COMPLETE,SUCCESS,INFO,0,0,0,No records returned,2026-08-20T16:41:39.672Z,2026-08-20T16:41:48.687Z,7,2026-08-20T16:41:48.687Z,,,4ed56315-bafe-4059-9903-76e756bd89c4,
202608171240088286,202608171211598293,202608171211598283,106,7161,Clinical Domain Bronze - SaveCows_v6 - B12B,br_Cows_v6,TASK_COMPLETE,SUCCESS,INFO,7718,7718,0,,2026-08-17T12:12:57.246Z,2026-08-17T12:40:14.210Z,1637,2026-08-17T12:40:14.210Z,B12B,ColoradoSprings,71c4b27b-8df0-48dd-a1ee-a6ea3a63b852,
202608171240088287,202608171211598294,202608171211598283,106,7205,Clinical Domain Bronze - SaveCows_v6 - BOI,br_Cows_v6,TASK_COMPLETE,SUCCESS,INFO,3713,3713,0,,2026-08-17T12:12:57.246Z,2026-08-17T12:40:14.210Z,1637,2026-08-17T12:40:14.210Z,BOI,Boise,71c4b27b-8df0-48dd-a1ee-a6ea3a63b852,
202608171240088288,202608171211598295,202608171211598283,106,7254,Clinical Domain Bronze - SaveCows_v6 - V10,br_Cows_v6,TASK_COMPLETE,SUCCESS,INFO,12338,12338,0,,2026-08-17T12:12:57.246Z,2026-08-17T12:40:14.210Z,1637,2026-08-17T12:40:14.210Z,V10,Boulder,71c4b27b-8df0-48dd-a1ee-a6ea3a63b852,
202608171240088289,202608171211598296,202608171211598283,106,7276,Clinical Domain Bronze - SaveUAResults - B12B,br_UAResults,TASK_COMPLETE,SUCCESS,INFO,107,107,0,,2026-08-17T12:12:57.246Z,2026-08-17T12:40:14.210Z,1637,2026-08-17T12:40:14.210Z,B12B,ColoradoSprings,71c4b27b-8df0-48dd-a1ee-a6ea3a63b852,
202608171240088290,202608171211598297,202608171211598283,106,7320,Clinical Domain Bronze - SaveUAResults - BOI,br_UAResults,TASK_COMPLETE,SUCCESS,INFO,336,336,0,,2026-08-17T12:12:57.246Z,2026-08-17T12:40:14.210Z,1637,2026-08-17T12:40:14.210Z,BOI,Boise,71c4b27b-8df0-48dd-a1ee-a6ea3a63b852,
202608171240088291,202608171211598298,202608171211598283,106,7369,Clinical Domain Bronze - SaveUAResults - V10,br_UAResults,TASK_COMPLETE,SUCCESS,INFO,211,211,0,,2026-08-17T12:12:57.246Z,2026-08-17T12:40:14.210Z,1637,2026-08-17T12:40:14.210Z,V10,Boulder,71c4b27b-8df0-48dd-a1ee-a6ea3a63b852,
202608201130132638,202608201130132637,202608201125599805,82,207,Salesforce Outreach Events,br_sf_events,TASK_COMPLETE,SUCCESS,INFO,0,0,0,No records returned,2026-08-20T11:30:17.735Z,2026-08-20T11:30:27.596Z,8,2026-08-20T11:30:27.596Z,,,79156e84-8509-4e63-a064-b4b0873a2a40,
202608201741320587,202608201741320587,202608201737362918,82,207,Salesforce Outreach Events,br_sf_events,TASK_COMPLETE,SUCCESS,INFO,0,0,0,No records returned,2026-08-20T17:41:36.595Z,2026-08-20T17:41:46.563Z,8,2026-08-20T17:41:46.563Z,,,635224f3-f193-4ab0-a06c-8d0fbf5d6c6d,
202608210203401929,202608210203401929,202608210159223552,82,207,Salesforce Outreach Events,br_sf_events,TASK_COMPLETE,SUCCESS,INFO,0,0,0,No records returned,2026-08-21T02:03:44.788Z,2026-08-21T02:03:54.149Z,8,2026-08-21T02:03:54.149Z,,,6e633944-6270-4167-9c27-2b58aaa91b88,
202608201547039338,202608201547039338,202608201542593057,82,207,Salesforce Outreach Events,br_sf_events,TASK_COMPLETE,SUCCESS,INFO,0,0,0,No records returned,2026-08-20T15:47:09.321Z,2026-08-20T15:47:19.044Z,8,2026-08-20T15:47:19.044Z,,,95538f17-9d82-404e-9e3f-d1777714a921,
202608211034368425,202608211034368424,202608211031030755,82,207,Salesforce Outreach Events,br_sf_events,TASK_COMPLETE,SUCCESS,INFO,0,0,0,No records returned,2026-08-21T10:34:42.748Z,2026-08-21T10:34:52.316Z,8,2026-08-21T10:34:52.316Z,,,45603680-296f-4487-82f1-f8045d5f38e1,
202608200254098691,202608200254098691,20260820025402,93,5716,Gold CarbonBlack_Active_Devices,CB_Inventory,TASK_COMPLETE,SUCCESS,INFO,2205,2205,0,,2026-08-20T02:54:14.030Z,2026-08-20T02:54:43.881Z,29,2026-08-20T02:54:45.298Z,0,0,0,b3e54ecc-c37e-4e6d-9c34-bfeed0ec8b3d
202608171145214492,202608171119587491,202608171119587420,118,12193,Bronze P1/P2 Assessments,br_NewAdmissionAssessmentASAMDimension4,TASK_COMPLETE,SUCCESS,INFO,0,0,0,,2026-08-17T11:20:06.775Z,2026-08-17T11:45:25.584Z,1519,2026-08-17T11:45:25.584Z,AHK,Ahoskie,50b193b8-c8c8-41b3-8f69-a5e058560d7e,
202608171145214494,202608171119587492,202608171119587420,118,12194,Bronze P1/P2 Assessments,br_NewAdmissionAssessmentASAMDimension4,TASK_COMPLETE,SUCCESS,INFO,0,0,0,,2026-08-17T11:20:06.775Z,2026-08-17T11:45:25.584Z,1519,2026-08-17T11:45:25.584Z,B12B,Colorado Springs,50b193b8-c8c8-41b3-8f69-a5e058560d7e,
202608171145214495,202608171119587493,202608171119587420,118,12195,Bronze P1/P2 Assessments,br_NewAdmissionAssessmentASAMDimension4,TASK_COMPLETE,SUCCESS,INFO,272,272,0,,2026-08-17T11:20:06.775Z,2026-08-17T11:45:25.584Z,1519,2026-08-17T11:45:25.584Z,B24,Paintsville,50b193b8-c8c8-41b3-8f69-a5e058560d7e,
202608171145214496,202608171119587494,202608171119587420,118,12197,Bronze P1/P2 Assessments,br_NewAdmissionAssessmentASAMDimension4,TASK_COMPLETE,SUCCESS,INFO,399,399,0,,2026-08-17T11:20:06.775Z,2026-08-17T11:45:25.584Z,1519,2026-08-17T11:45:25.584Z,B26,Hazard,50b193b8-c8c8-41b3-8f69-a5e058560d7e,
202608171145214497,202608171119587495,202608171119587420,118,12199,Bronze P1/P2 Assessments,br_NewAdmissionAssessmentASAMDimension4,TASK_COMPLETE,SUCCESS,INFO,0,0,0,,2026-08-17T11:20:06.775Z,2026-08-17T11:45:25.584Z,1519,2026-08-17T11:45:25.584Z,B28,West Plains,50b193b8-c8c8-41b3-8f69-a5e058560d7e,
202608142019050072,202608141850614650,202608141850614621,28,91029,FormQuestionAnswers Bronze - B48,br_tblFormQA,TASK_COMPLETE,SUCCESS,INFO,199107,199107,0,,2026-08-14T18:51:07.427Z,2026-08-14T20:19:08.156Z,5281,2026-08-14T20:19:08.156Z,B48,Tuscaloosa,06b9d75d-291b-4cd2-9a89-52908a52280f,
202608142019050073,202608141850614651,202608141850614621,28,91030,FormQuestionAnswers Bronze - B51,br_tblFormQA,TASK_COMPLETE,SUCCESS,INFO,142246,142246,0,,2026-08-14T18:51:07.427Z,2026-08-14T20:19:08.156Z,5281,2026-08-14T20:19:08.156Z,B51,NorthLittleRock,06b9d75d-291b-4cd2-9a89-52908a52280f,
202608142019050075,202608141850614652,202608141850614621,28,91031,FormQuestionAnswers Bronze - B52,br_tblFormQA,TASK_COMPLETE,SUCCESS,INFO,91234,91234,0,,2026-08-14T18:51:07.427Z,2026-08-14T20:19:08.156Z,5281,2026-08-14T20:19:08.156Z,B52,JacksonGA,06b9d75d-291b-4cd2-9a89-52908a52280f,
202608142019050076,202608141850614653,202608141850614621,28,91032,FormQuestionAnswers Bronze - B54,br_tblFormQA,TASK_COMPLETE,SUCCESS,INFO,196777,196777,0,,2026-08-14T18:51:07.427Z,2026-08-14T20:19:08.156Z,5281,2026-08-14T20:19:08.156Z,B54,Gadsden,06b9d75d-291b-4cd2-9a89-52908a52280f,
202608142019050077,202608141850614654,202608141850614621,28,91033,FormQuestionAnswers Bronze - B55,br_tblFormQA,TASK_COMPLETE,SUCCESS,INFO,201560,201560,0,,2026-08-14T18:51:07.427Z,2026-08-14T20:19:08.156Z,5281,2026-08-14T20:19:08.156Z,B55,Shoals,06b9d75d-291b-4cd2-9a89-52908a52280f,
202608142019050078,202608141850614655,202608141850614621,28,91034,FormQuestionAnswers Bronze - B57,br_tblFormQA,TASK_COMPLETE,SUCCESS,INFO,71592,71592,0,,2026-08-14T18:51:07.427Z,2026-08-14T20:19:08.156Z,5281,2026-08-14T20:19:08.156Z,B57,Pawtucket,06b9d75d-291b-4cd2-9a89-52908a52280f,
202608142019050079,202608141850614656,202608141850614621,28,91035,FormQuestionAnswers Bronze - B57A,br_tblFormQA,TASK_COMPLETE,SUCCESS,INFO,79119,79119,0,,2026-08-14T18:51:07.427Z,2026-08-14T20:19:08.156Z,5281,2026-08-14T20:19:08.156Z,B57A,Johnston,06b9d75d-291b-4cd2-9a89-52908a52280f,
202608221206555779,202608221206555778,20260822120604,105,13683,Gold Active Directory AADUsersDisable,AADUsersDisable,TASK_COMPLETE,SUCCESS,INFO,2089,66,0,,2026-08-22T12:06:55.577Z,2026-08-22T12:07:11.831Z,16,2026-08-22T12:07:11.831Z,,,5b101a56-28ce-45b2-9c69-c19cf110b723,
202608280640359123,202608280640359123,20260828063947,4,29,8x8 Queue Summary API,br_8x8_HistoricalCCQueueSummary,TASK_COMPLETE,SUCCESS,INFO,110,110,0,,2026-08-28T06:40:35.912Z,2026-08-28T06:41:02.358Z,24,2026-08-28T06:41:02.358Z,,,6f91deae-0832-4a56-ab71-80188798e1a1,
202608251335461216,202608251335461216,20260825133455,4,29,8x8 Queue Summary API,br_8x8_HistoricalCCQueueSummary,TASK_COMPLETE,SUCCESS,INFO,115,115,0,,2026-08-25T13:35:46.121Z,2026-08-25T13:36:53.784Z,66,2026-08-25T13:36:53.784Z,,,3475c8ff-ffdb-4323-a994-e16cd3be5d9b,
202608171145214446,202608171119587451,202608171119587420,118,11091,Bronze P1/P2 Assessments,br_NewPeriodicReassessmentD2,TASK_COMPLETE,SUCCESS,INFO,0,0,0,,2026-08-17T11:20:06.775Z,2026-08-17T11:45:25.584Z,1519,2026-08-17T11:45:25.584Z,B24,Paintsville,50b193b8-c8c8-41b3-8f69-a5e058560d7e,
202608171145214447,202608171119587452,202608171119587420,118,11093,Bronze P1/P2 Assessments,br_NewPeriodicReassessmentD2,TASK_COMPLETE,SUCCESS,INFO,0,0,0,,2026-08-17T11:20:06.775Z,2026-08-17T11:45:25.584Z,1519,2026-08-17T11:45:25.584Z,B26,Hazard,50b193b8-c8c8-41b3-8f69-a5e058560d7e,
202608171145214448,202608171119587453,202608171119587420,118,11095,Bronze P1/P2 Assessments,br_NewPeriodicReassessmentD2,TASK_COMPLETE,SUCCESS,INFO,0,0,0,,2026-08-17T11:20:06.775Z,2026-08-17T11:45:25.584Z,1519,2026-08-17T11:45:25.584Z,B28,West Plains,50b193b8-c8c8-41b3-8f69-a5e058560d7e,
202608171145214450,202608171119587454,202608171119587420,118,11100,Bronze P1/P2 Assessments,br_NewPeriodicReassessmentD2,TASK_COMPLETE,SUCCESS,INFO,0,0,0,,2026-08-17T11:20:06.775Z,2026-08-17T11:45:25.584Z,1519,2026-08-17T11:45:25.584Z,B33,Paducah,50b193b8-c8c8-41b3-8f69-a5e058560d7e,
202608171145214451,202608171119587455,202608171119587420,118,11155,Bronze P1/P2 Assessments,br_NewPeriodicReassessmentD2,TASK_COMPLETE,SUCCESS,INFO,0,0,0,,2026-08-17T11:20:06.775Z,2026-08-17T11:45:25.584Z,1519,2026-08-17T11:45:25.584Z,CBCO,Coeur dAlene,50b193b8-c8c8-41b3-8f69-a5e058560d7e,
202608141515547542,202608141505574940,202608141505574909,118,11091,Bronze P1/P2 Assessments,br_newperiodicreassessmentd2,TASK_COMPLETE,SUCCESS,INFO,0,0,0,,2026-08-14T15:06:49.317Z,2026-08-14T15:16:31.149Z,582,2026-08-14T15:16:31.149Z,B24,Paintsville,7969362d-463a-4985-92c3-d629dd6d5c4e,
202608141515547543,202608141505574941,202608141505574909,118,11093,Bronze P1/P2 Assessments,br_newperiodicreassessmentd2,TASK_COMPLETE,SUCCESS,INFO,0,0,0,,2026-08-14T15:06:49.317Z,2026-08-14T15:16:31.149Z,582,2026-08-14T15:16:31.149Z,B26,Hazard,7969362d-463a-4985-92c3-d629dd6d5c4e,
202608141515547544,202608141505574942,202608141505574909,118,11095,Bronze P1/P2 Assessments,br_newperiodicreassessmentd2,TASK_COMPLETE,SUCCESS,INFO,0,0,0,,2026-08-14T15:06:49.317Z,2026-08-14T15:16:31.149Z,582,2026-08-14T15:16:31.149Z,B28,West Plains,7969362d-463a-4985-92c3-d629dd6d5c4e,
202608141515547545,202608141505574943,202608141505574909,118,11100,Bronze P1/P2 Assessments,br_newperiodicreassessmentd2,TASK_COMPLETE,SUCCESS,INFO,0,0,0,,2026-08-14T15:06:49.317Z,2026-08-14T15:16:31.149Z,582,2026-08-14T15:16:31.149Z,B33,Paducah,7969362d-463a-4985-92c3-d629dd6d5c4e,
202608141515547546,202608141505574944,202608141505574909,118,11155,Bronze P1/P2 Assessments,br_newperiodicreassessmentd2,TASK_COMPLETE,SUCCESS,INFO,0,0,0,,2026-08-14T15:06:49.317Z,2026-08-14T15:16:31.149Z,582,2026-08-14T15:16:31.149Z,CBCO,Coeur dAlene,7969362d-463a-4985-92c3-d629dd6d5c4e,
202608171145214475,202608171119587476,202608171119587420,118,11707,Bronze P1/P2 Assessments,br_NewPeriodicReassessmentD5,TASK_COMPLETE,SUCCESS,INFO,0,0,0,,2026-08-17T11:20:06.775Z,2026-08-17T11:45:25.584Z,1519,2026-08-17T11:45:25.584Z,CBCO,Coeur dAlene,50b193b8-c8c8-41b3-8f69-a5e058560d7e,
202608171145214476,202608171119587477,202608171119587420,118,11825,Bronze P1/P2 Assessments,br_NewPeriodicReassessmentD6,TASK_COMPLETE,SUCCESS,INFO,0,0,0,,2026-08-17T11:20:06.775Z,2026-08-17T11:45:25.584Z,1519,2026-08-17T11:45:25.584Z,AHK,Ahoskie,50b193b8-c8c8-41b3-8f69-a5e058560d7e,
202608171145214478,202608171119587478,202608171119587420,118,11826,Bronze P1/P2 Assessments,br_NewPeriodicReassessmentD6,TASK_COMPLETE,SUCCESS,INFO,0,0,0,,2026-08-17T11:20:06.775Z,2026-08-17T11:45:25.584Z,1519,2026-08-17T11:45:25.584Z,B12B,Colorado Springs,50b193b8-c8c8-41b3-8f69-a5e058560d7e,
202608171145214479,202608171119587479,202608171119587420,118,11827,Bronze P1/P2 Assessments,br_NewPeriodicReassessmentD6,TASK_COMPLETE,SUCCESS,INFO,0,0,0,,2026-08-17T11:20:06.775Z,2026-08-17T11:45:25.584Z,1519,2026-08-17T11:45:25.584Z,B24,Paintsville,50b193b8-c8c8-41b3-8f69-a5e058560d7e,
202608171145214480,202608171119587480,202608171119587420,118,11829,Bronze P1/P2 Assessments,br_NewPeriodicReassessmentD6,TASK_COMPLETE,SUCCESS,INFO,0,0,0,,2026-08-17T11:20:06.775Z,2026-08-17T11:45:25.584Z,1519,2026-08-17T11:45:25.584Z,B26,Hazard,50b193b8-c8c8-41b3-8f69-a5e058560d7e,
202608170614178950,202608170551256451,202608170551256420,46,9529,P1 Finance Claim Line Item Bronze - B24,br_samms_claim_line_item,TASK_COMPLETE,SUCCESS,INFO,161750,161750,0,,2026-08-17T05:51:47.044Z,2026-08-17T06:14:21.786Z,1354,2026-08-17T06:14:21.786Z,B24,Paintsville,09d84bc7-e629-48a4-a32a-826b207e96d1,
202608170614178951,202608170551256452,202608170551256420,46,9530,P1 Finance Claim Line Item Bronze - B25,br_samms_claim_line_item,TASK_COMPLETE,SUCCESS,INFO,136555,136555,0,,2026-08-17T05:51:47.044Z,2026-08-17T06:14:21.786Z,1354,2026-08-17T06:14:21.786Z,B25,Pikeville,09d84bc7-e629-48a4-a32a-826b207e96d1,
202608141935472409,202608141857340832,202608141857340774,31,94058,FormAnswerSignatures Bronze - DRD-NOLA,br_tblFormAnswerSig,TASK_COMPLETE,SUCCESS,INFO,181811,181811,0,,2026-08-14T18:58:05.482Z,2026-08-14T19:35:50.482Z,2265,2026-08-14T19:35:50.482Z,DRD-NOLA,NOLA,015634ea-243f-49e1-a18e-0e1d033651d1,
202608141935472410,202608141857340833,202608141857340774,31,94059,FormAnswerSignatures Bronze - DRD-SF,br_tblFormAnswerSig,TASK_COMPLETE,SUCCESS,INFO,86982,86982,0,,2026-08-14T18:58:05.482Z,2026-08-14T19:35:50.482Z,2265,2026-08-14T19:35:50.482Z,DRD-SF,SF,015634ea-243f-49e1-a18e-0e1d033651d1,
202608141935472411,202608141857340834,202608141857340774,31,94060,FormAnswerSignatures Bronze - ELC,br_tblFormAnswerSig,TASK_COMPLETE,SUCCESS,INFO,74534,74534,0,,2026-08-14T18:58:05.482Z,2026-08-14T19:35:50.482Z,2265,2026-08-14T19:35:50.482Z,ELC,ElizabethCity,015634ea-243f-49e1-a18e-0e1d033651d1,
202608191605095684,202608191519695712,202608191519695710,98,5976,P1 Forms E&M Form Pregnancy Silver,tbl_EandMFormPregnancy,TASK_COMPLETE,SUCCESS,INFO,62473,62473,0,,2026-08-19T15:20:02.186Z,2026-08-19T16:05:12.022Z,2710,2026-08-19T16:05:12.022Z,,,0e774440-67e4-4817-8f97-24afdbb9d82f,
202608201034573246,202608201013630452,202608201013630447,47,9288,P1 Finance Payer Client History Silver,tbl_PayerCltHistory,TASK_COMPLETE,SUCCESS,INFO,1494,1494,0,,2026-08-20T10:13:57.622Z,2026-08-20T10:39:20.764Z,1523,2026-08-20T10:39:20.764Z,,,069e8d01-766c-4679-b3df-c21f4d7bc3d1,
202608200307397654,202608200240773829,202608200240773824,47,9288,P1 Finance Payer Client History Silver,tbl_PayerCltHistory,TASK_COMPLETE,SUCCESS,INFO,1494,1494,0,,2026-08-20T02:41:23.064Z,2026-08-20T03:07:41.295Z,1578,2026-08-20T03:07:41.295Z,,,05c5c70e-2926-4311-8f49-65b9279948a3,
202608181230520192,202608181205521875,202608181205521842,118,12204,Bronze P1/P2 Assessments,br_NewAdmissionAssessmentASAMDimension4,TASK_COMPLETE,SUCCESS,INFO,177,177,0,,2026-08-18T12:06:00.341Z,2026-08-18T12:30:55.108Z,1495,2026-08-18T12:30:55.108Z,B33,Paducah,201d97b6-7f87-43f7-a098-fb002daf1faf,
202608181230520193,202608181205521876,202608181205521842,118,12379,Bronze P1/P2 Assessments,br_NewAdmissionAssessmentASAMDimension5,TASK_COMPLETE,SUCCESS,INFO,273,273,0,,2026-08-18T12:06:00.341Z,2026-08-18T12:30:55.108Z,1495,2026-08-18T12:30:55.108Z,B24,Paintsville,201d97b6-7f87-43f7-a098-fb002daf1faf,
202608181230520194,202608181205521877,202608181205521842,118,12381,Bronze P1/P2 Assessments,br_NewAdmissionAssessmentASAMDimension5,TASK_COMPLETE,SUCCESS,INFO,401,401,0,,2026-08-18T12:06:00.341Z,2026-08-18T12:30:55.108Z,1495,2026-08-18T12:30:55.108Z,B26,Hazard,201d97b6-7f87-43f7-a098-fb002daf1faf,
202608181230520195,202608181205521878,202608181205521842,118,12388,Bronze P1/P2 Assessments,br_NewAdmissionAssessmentASAMDimension5,TASK_COMPLETE,SUCCESS,INFO,175,175,0,,2026-08-18T12:06:00.341Z,2026-08-18T12:30:55.108Z,1495,2026-08-18T12:30:55.108Z,B33,Paducah,201d97b6-7f87-43f7-a098-fb002daf1faf,
202608170650554206,202608170608269055,202608170608269015,106,8306,Clinical Domain Bronze - SaveMNTreatmentServiceReview - VBRP,br_MNTreatmentServiceReview,TASK_COMPLETE,SUCCESS,INFO,15021,15021,0,,2026-08-17T06:09:37.896Z,2026-08-17T06:50:58.970Z,2481,2026-08-17T06:50:58.970Z,VBRP,BrooklynPark,83c0f655-df7d-4ce0-a8e7-3e8120951bbc,
202608140714229125,202608140700596552,202608140700596541,106,7205,Clinical Domain Bronze - SaveCows_v6 - BOI,brz_Cows_v6,TASK_COMPLETE,SUCCESS,INFO,3705,3705,0,,2026-08-14T07:02:17.002Z,2026-08-14T07:16:01.674Z,824,2026-08-14T07:16:01.674Z,BOI,Boise,4f29b93d-8b22-445c-9466-6259e423edcc,
202608140714229126,202608140700596553,202608140700596541,106,7254,Clinical Domain Bronze - SaveCows_v6 - V10,brz_Cows_v6,TASK_COMPLETE,SUCCESS,INFO,12324,12324,0,,2026-08-14T07:02:17.002Z,2026-08-14T07:16:01.674Z,824,2026-08-14T07:16:01.674Z,V10,Boulder,4f29b93d-8b22-445c-9466-6259e423edcc,
202608140714247025,202608140700696545,202608140700696541,107,8558,Clinical Domain Silver - SaveCows_v6,slv_cows_v6,TASK_COMPLETE,SUCCESS,INFO,23738,23738,0,,2026-08-14T07:02:17.002Z,2026-08-14T07:16:01.674Z,824,2026-08-14T07:16:01.674Z,Global,SAMMSGLOBAL,4f29b93d-8b22-445c-9466-6259e423edcc,
202608140714246928,202608140700596584,202608140700596541,106,8311,Clinical Domain Bronze - SaveEnrollment - B12B,brz_Enrollment,TASK_COMPLETE,SUCCESS,INFO,3277,3277,0,,2026-08-14T07:02:17.002Z,2026-08-14T07:16:01.674Z,824,2026-08-14T07:16:01.674Z,B12B,ColoradoSprings,4f29b93d-8b22-445c-9466-6259e423edcc,
202608140714246929,202608140700596585,202608140700596541,106,8355,Clinical Domain Bronze - SaveEnrollment - BOI,brz_Enrollment,TASK_COMPLETE,SUCCESS,INFO,1194,1194,0,,2026-08-14T07:02:17.002Z,2026-08-14T07:16:01.674Z,824,2026-08-14T07:16:01.674Z,BOI,Boise,4f29b93d-8b22-445c-9466-6259e423edcc,
202608140714246930,202608140700596586,202608140700596541,106,8404,Clinical Domain Bronze - SaveEnrollment - V10,brz_Enrollment,TASK_COMPLETE,SUCCESS,INFO,10400,10400,0,,2026-08-14T07:02:17.002Z,2026-08-14T07:16:01.674Z,824,2026-08-14T07:16:01.674Z,V10,Boulder,4f29b93d-8b22-445c-9466-6259e423edcc,
202608102139177382,202608102103362591,202608102103362513,31,94078,FormAnswerSignatures Bronze - MRD,br_tblFormAnswerSig,TASK_COMPLETE,SUCCESS,INFO,7540,7540,0,,2026-08-10T21:04:36.348Z,2026-08-10T21:39:44.219Z,2108,2026-08-10T21:39:44.219Z,MRD,Meridian,0e7e4594-5e6f-405f-a303-69a6f189ed20,
202608102139177384,202608102103362592,202608102103362513,31,94079,FormAnswerSignatures Bronze - NC,br_tblFormAnswerSig,TASK_COMPLETE,SUCCESS,INFO,15904,15904,0,,2026-08-10T21:04:36.348Z,2026-08-10T21:39:44.219Z,2108,2026-08-10T21:39:44.219Z,NC,NorthCharleston,0e7e4594-5e6f-405f-a303-69a6f189ed20,
202608102139177385,202608102103362593,202608102103362513,31,94080,FormAnswerSignatures Bronze - NLR,br_tblFormAnswerSig,TASK_COMPLETE,SUCCESS,INFO,6128,6128,0,,2026-08-10T21:04:36.348Z,2026-08-10T21:39:44.219Z,2108,2026-08-10T21:39:44.219Z,NLR,NLROBOT,0e7e4594-5e6f-405f-a303-69a6f189ed20,
202608102139177386,202608102103362594,202608102103362513,31,94081,FormAnswerSignatures Bronze - PH,br_tblFormAnswerSig,TASK_COMPLETE,SUCCESS,INFO,3431,3431,0,,2026-08-10T21:04:36.348Z,2026-08-10T21:39:44.219Z,2108,2026-08-10T21:39:44.219Z,PH,Phoenix,0e7e4594-5e6f-405f-a303-69a6f189ed20,
202608102139177387,202608102103362595,202608102103362513,31,94082,FormAnswerSignatures Bronze - RE,br_tblFormAnswerSig,TASK_COMPLETE,SUCCESS,INFO,13018,13018,0,,2026-08-10T21:04:36.348Z,2026-08-10T21:39:44.219Z,2108,2026-08-10T21:39:44.219Z,RE,Reno,0e7e4594-5e6f-405f-a303-69a6f189ed20,
202608102139177388,202608102103362596,202608102103362513,31,94083,FormAnswerSignatures Bronze - RMD,br_tblFormAnswerSig,TASK_COMPLETE,SUCCESS,INFO,21704,21704,0,,2026-08-10T21:04:36.348Z,2026-08-10T21:39:44.219Z,2108,2026-08-10T21:39:44.219Z,RMD,Richmond,0e7e4594-5e6f-405f-a303-69a6f189ed20,
202608102139177389,202608102103362597,202608102103362513,31,94084,FormAnswerSignatures Bronze - SFN,br_tblFormAnswerSig,TASK_COMPLETE,SUCCESS,INFO,14360,14360,0,,2026-08-10T21:04:36.348Z,2026-08-10T21:39:44.219Z,2108,2026-08-10T21:39:44.219Z,SFN,SFN,0e7e4594-5e6f-405f-a303-69a6f189ed20,
202608170828545827,202608170805168059,202608170805168041,97,6690,P1 Forms New Discharge Transfer Plan Form Bronze - B33,br_samms_new_discharge_transfer_plan_form,TASK_COMPLETE,SUCCESS,INFO,112,112,0,,2026-08-17T08:05:23.166Z,2026-08-17T08:28:58.238Z,1415,2026-08-17T08:28:58.238Z,B33,Paducah,760fb7f7-522d-45ef-ae35-70bd18d17fef,
202608102323440898,202608102246290040,202608102246289962,31,94078,FormAnswerSignatures Bronze - MRD,br_tblFormAnswerSig,TASK_COMPLETE,SUCCESS,INFO,7540,7540,0,,2026-08-10T22:46:50.634Z,2026-08-10T23:23:47.420Z,2217,2026-08-10T23:23:47.420Z,MRD,Meridian,577185a2-f5a0-4625-b776-012683caf0bc,
202608102323440900,202608102246290041,202608102246289962,31,94079,FormAnswerSignatures Bronze - NC,br_tblFormAnswerSig,TASK_COMPLETE,SUCCESS,INFO,15904,15904,0,,2026-08-10T22:46:50.634Z,2026-08-10T23:23:47.420Z,2217,2026-08-10T23:23:47.420Z,NC,NorthCharleston,577185a2-f5a0-4625-b776-012683caf0bc,
202608102323440901,202608102246290042,202608102246289962,31,94080,FormAnswerSignatures Bronze - NLR,br_tblFormAnswerSig,TASK_COMPLETE,SUCCESS,INFO,6128,6128,0,,2026-08-10T22:46:50.634Z,2026-08-10T23:23:47.420Z,2217,2026-08-10T23:23:47.420Z,NLR,NLROBOT,577185a2-f5a0-4625-b776-012683caf0bc,
202608102323440902,202608102246290043,202608102246289962,31,94081,FormAnswerSignatures Bronze - PH,br_tblFormAnswerSig,TASK_COMPLETE,SUCCESS,INFO,3431,3431,0,,2026-08-10T22:46:50.634Z,2026-08-10T23:23:47.420Z,2217,2026-08-10T23:23:47.420Z,PH,Phoenix,577185a2-f5a0-4625-b776-012683caf0bc,
202608102323440903,202608102246290044,202608102246289962,31,94082,FormAnswerSignatures Bronze - RE,br_tblFormAnswerSig,TASK_COMPLETE,SUCCESS,INFO,13018,13018,0,,2026-08-10T22:46:50.634Z,2026-08-10T23:23:47.420Z,2217,2026-08-10T23:23:47.420Z,RE,Reno,577185a2-f5a0-4625-b776-012683caf0bc,
202608102323440904,202608102246290045,202608102246289962,31,94083,FormAnswerSignatures Bronze - RMD,br_tblFormAnswerSig,TASK_COMPLETE,SUCCESS,INFO,21704,21704,0,,2026-08-10T22:46:50.634Z,2026-08-10T23:23:47.420Z,2217,2026-08-10T23:23:47.420Z,RMD,Richmond,577185a2-f5a0-4625-b776-012683caf0bc,
202608102323440905,202608102246290046,202608102246289962,31,94084,FormAnswerSignatures Bronze - SFN,br_tblFormAnswerSig,TASK_COMPLETE,SUCCESS,INFO,14360,14360,0,,2026-08-10T22:46:50.634Z,2026-08-10T23:23:47.420Z,2217,2026-08-10T23:23:47.420Z,SFN,SFN,577185a2-f5a0-4625-b776-012683caf0bc,
202608102226458867,202608102151219781,202608102151219703,31,94078,FormAnswerSignatures Bronze - MRD,br_tblFormAnswerSig,TASK_COMPLETE,SUCCESS,INFO,7540,7540,0,,2026-08-10T21:52:10.015Z,2026-08-10T22:26:49.259Z,2079,2026-08-10T22:26:49.259Z,MRD,Meridian,733bdb65-98e7-4d6d-af8f-93040e55bb44,
202608102226458868,202608102151219782,202608102151219703,31,94079,FormAnswerSignatures Bronze - NC,br_tblFormAnswerSig,TASK_COMPLETE,SUCCESS,INFO,15904,15904,0,,2026-08-10T21:52:10.015Z,2026-08-10T22:26:49.259Z,2079,2026-08-10T22:26:49.259Z,NC,NorthCharleston,733bdb65-98e7-4d6d-af8f-93040e55bb44,
202608102226458869,202608102151219783,202608102151219703,31,94080,FormAnswerSignatures Bronze - NLR,br_tblFormAnswerSig,TASK_COMPLETE,SUCCESS,INFO,6128,6128,0,,2026-08-10T21:52:10.015Z,2026-08-10T22:26:49.259Z,2079,2026-08-10T22:26:49.259Z,NLR,NLROBOT,733bdb65-98e7-4d6d-af8f-93040e55bb44,
202608102226458870,202608102151219784,202608102151219703,31,94081,FormAnswerSignatures Bronze - PH,br_tblFormAnswerSig,TASK_COMPLETE,SUCCESS,INFO,3431,3431,0,,2026-08-10T21:52:10.015Z,2026-08-10T22:26:49.259Z,2079,2026-08-10T22:26:49.259Z,PH,Phoenix,733bdb65-98e7-4d6d-af8f-93040e55bb44,
202608102226458871,202608102151219785,202608102151219703,31,94082,FormAnswerSignatures Bronze - RE,br_tblFormAnswerSig,TASK_COMPLETE,SUCCESS,INFO,13018,13018,0,,2026-08-10T21:52:10.015Z,2026-08-10T22:26:49.259Z,2079,2026-08-10T22:26:49.259Z,RE,Reno,733bdb65-98e7-4d6d-af8f-93040e55bb44,
202608102226458872,202608102151219786,202608102151219703,31,94083,FormAnswerSignatures Bronze - RMD,br_tblFormAnswerSig,TASK_COMPLETE,SUCCESS,INFO,21704,21704,0,,2026-08-10T21:52:10.015Z,2026-08-10T22:26:49.259Z,2079,2026-08-10T22:26:49.259Z,RMD,Richmond,733bdb65-98e7-4d6d-af8f-93040e55bb44,
202608102226458873,202608102151219787,202608102151219703,31,94084,FormAnswerSignatures Bronze - SFN,br_tblFormAnswerSig,TASK_COMPLETE,SUCCESS,INFO,14360,14360,0,,2026-08-10T21:52:10.015Z,2026-08-10T22:26:49.259Z,2079,2026-08-10T22:26:49.259Z,SFN,SFN,733bdb65-98e7-4d6d-af8f-93040e55bb44,
202608210243578554,202608210227362455,202608210227362448,45,189,SAMMSGLOBAL Gold,CONSENTS,TASK_COMPLETE,SUCCESS,INFO,0,459,0,,2026-08-21T02:27:19.171Z,2026-08-21T02:44:04.451Z,1005,2026-08-21T02:44:04.451Z,Global,Global,37d39418-848b-43a3-aff1-182cc8bb7455,SAMMSGLOBAL
202608170650554202,202608170608269051,202608170608269015,106,8081,Clinical Domain Bronze - SaveVACASummary - B12B,br_VAComprehensiveAssessmentSummary,TASK_COMPLETE,SUCCESS,INFO,1725,1725,0,,2026-08-17T06:09:37.896Z,2026-08-17T06:50:58.970Z,2481,2026-08-17T06:50:58.970Z,B12B,ColoradoSprings,83c0f655-df7d-4ce0-a8e7-3e8120951bbc,
202608102144480513,202608102108561451,202608102108561394,28,91057,FormQuestionAnswers Bronze - DRD-KVC,br_tblFormQA,TASK_COMPLETE,SUCCESS,INFO,33218,33218,0,,2026-08-10T21:09:33.412Z,2026-08-10T21:44:51.777Z,2118,2026-08-10T21:44:51.777Z,DRD-KVC,KVC,919a3989-3039-4ed4-8e54-b0f9527e0235,
202608102144480514,202608102108561452,202608102108561394,28,91058,FormQuestionAnswers Bronze - DRD-NOLA,br_tblFormQA,TASK_COMPLETE,SUCCESS,INFO,40495,40495,0,,2026-08-10T21:09:33.412Z,2026-08-10T21:44:51.777Z,2118,2026-08-10T21:44:51.777Z,DRD-NOLA,NOLA,919a3989-3039-4ed4-8e54-b0f9527e0235,
202608102144480515,202608102108561453,202608102108561394,28,91059,FormQuestionAnswers Bronze - DRD-SF,br_tblFormQA,TASK_COMPLETE,SUCCESS,INFO,22449,22449,0,,2026-08-10T21:09:33.412Z,2026-08-10T21:44:51.777Z,2118,2026-08-10T21:44:51.777Z,DRD-SF,SF,919a3989-3039-4ed4-8e54-b0f9527e0235,
202608102144480516,202608102108561454,202608102108561394,28,91060,FormQuestionAnswers Bronze - ELC,br_tblFormQA,TASK_COMPLETE,SUCCESS,INFO,8711,8711,0,,2026-08-10T21:09:33.412Z,2026-08-10T21:44:51.777Z,2118,2026-08-10T21:44:51.777Z,ELC,ElizabethCity,919a3989-3039-4ed4-8e54-b0f9527e0235,
202608102144480517,202608102108561455,202608102108561394,28,91061,FormQuestionAnswers Bronze - ET,br_tblFormQA,TASK_COMPLETE,SUCCESS,INFO,16911,16911,0,,2026-08-10T21:09:33.412Z,2026-08-10T21:44:51.777Z,2118,2026-08-10T21:44:51.777Z,ET,Elizabethtown,919a3989-3039-4ed4-8e54-b0f9527e0235,
202608102144480518,202608102108561456,202608102108561394,28,91062,FormQuestionAnswers Bronze - FAY,br_tblFormQA,TASK_COMPLETE,SUCCESS,INFO,2372,2372,0,,2026-08-10T21:09:33.412Z,2026-08-10T21:44:51.777Z,2118,2026-08-10T21:44:51.777Z,FAY,Fayetteville,919a3989-3039-4ed4-8e54-b0f9527e0235,
202608102144480519,202608102108561457,202608102108561394,28,91063,FormQuestionAnswers Bronze - FR,br_tblFormQA,TASK_COMPLETE,SUCCESS,INFO,15986,15986,0,,2026-08-10T21:09:33.412Z,2026-08-10T21:44:51.777Z,2118,2026-08-10T21:44:51.777Z,FR,Frankfort,919a3989-3039-4ed4-8e54-b0f9527e0235,
202608191739481705,202608191739481704,20260819173943,93,5716,Gold CarbonBlack_Active_Devices,CB_Inventory,TASK_COMPLETE,SUCCESS,INFO,2205,2205,0,,2026-08-19T17:39:51.761Z,2026-08-19T17:40:21.476Z,29,2026-08-19T17:40:22.624Z,0,0,0,524d77ff-a682-4916-9dc7-dd9b03654f88
202608191139125010,202608191104247953,202608191104247942,107,8565,Clinical Domain Silver - SaveVACA,sl_vacomprehensiveassessment,TASK_COMPLETE,SUCCESS,INFO,1723,1723,0,,2026-08-19T11:06:34.343Z,2026-08-19T11:39:14.497Z,1960,2026-08-19T11:39:14.497Z,,,8c2f72fa-f3d3-4c31-9e7b-e1d36d508d72,
202608142019050136,202608141850614706,202608141850614621,28,91085,FormQuestionAnswers Bronze - SHP,br_tblFormQA,TASK_COMPLETE,SUCCESS,INFO,188760,188760,0,,2026-08-14T18:51:07.427Z,2026-08-14T20:19:08.156Z,5281,2026-08-14T20:19:08.156Z,SHP,Shreveport,06b9d75d-291b-4cd2-9a89-52908a52280f,
202608142019050137,202608141850614707,202608141850614621,28,91086,FormQuestionAnswers Bronze - STN,br_tblFormQA,TASK_COMPLETE,SUCCESS,INFO,116038,116038,0,,2026-08-14T18:51:07.427Z,2026-08-14T20:19:08.156Z,5281,2026-08-14T20:19:08.156Z,STN,Staunton,06b9d75d-291b-4cd2-9a89-52908a52280f,
202608142019050138,202608141850614708,202608141850614621,28,91087,FormQuestionAnswers Bronze - STVN,br_tblFormQA,TASK_COMPLETE,SUCCESS,INFO,31887,31887,0,,2026-08-14T18:51:07.427Z,2026-08-14T20:19:08.156Z,5281,2026-08-14T20:19:08.156Z,STVN,Stevenson,06b9d75d-291b-4cd2-9a89-52908a52280f,
202608142019050139,202608141850614709,202608141850614621,28,91088,FormQuestionAnswers Bronze - TE,br_tblFormQA,TASK_COMPLETE,SUCCESS,INFO,42991,42991,0,,2026-08-14T18:51:07.427Z,2026-08-14T20:19:08.156Z,5281,2026-08-14T20:19:08.156Z,TE,Tempe,06b9d75d-291b-4cd2-9a89-52908a52280f,
202608142019050141,202608141850614710,202608141850614621,28,91089,FormQuestionAnswers Bronze - TEX,br_tblFormQA,TASK_COMPLETE,SUCCESS,INFO,25753,25753,0,,2026-08-14T18:51:07.427Z,2026-08-14T20:19:08.156Z,5281,2026-08-14T20:19:08.156Z,TEX,Texarkana,06b9d75d-291b-4cd2-9a89-52908a52280f,
202608142019050142,202608141850614711,202608141850614621,28,91090,FormQuestionAnswers Bronze - TTCA,br_tblFormQA,TASK_COMPLETE,SUCCESS,INFO,220434,220434,0,,2026-08-14T18:51:07.427Z,2026-08-14T20:19:08.156Z,5281,2026-08-14T20:19:08.156Z,TTCA,Bessemer,06b9d75d-291b-4cd2-9a89-52908a52280f,
202608142019050143,202608141850614712,202608141850614621,28,91091,FormQuestionAnswers Bronze - TTCB,br_tblFormQA,TASK_COMPLETE,SUCCESS,INFO,216526,216526,0,,2026-08-14T18:51:07.427Z,2026-08-14T20:19:08.156Z,5281,2026-08-14T20:19:08.156Z,TTCB,Cullman,06b9d75d-291b-4cd2-9a89-52908a52280f,
202608102144480497,202608102108561437,202608102108561394,28,91043,FormQuestionAnswers Bronze - B76,br_tblFormQA,TASK_COMPLETE,SUCCESS,INFO,2669,2669,0,,2026-08-10T21:09:33.412Z,2026-08-10T21:44:51.777Z,2118,2026-08-10T21:44:51.777Z,B76,Huntsville-OBOT,919a3989-3039-4ed4-8e54-b0f9527e0235,
202608102144480498,202608102108561438,202608102108561394,28,91044,FormQuestionAnswers Bronze - BAT,br_tblFormQA,TASK_COMPLETE,SUCCESS,INFO,2332,2332,0,,2026-08-10T21:09:33.412Z,2026-08-10T21:44:51.777Z,2118,2026-08-10T21:44:51.777Z,BAT,Batesville,919a3989-3039-4ed4-8e54-b0f9527e0235,
202608102144480499,202608102108561439,202608102108561394,28,91045,FormQuestionAnswers Bronze - BG,br_tblFormQA,TASK_COMPLETE,SUCCESS,INFO,23793,23793,0,,2026-08-10T21:09:33.412Z,2026-08-10T21:44:51.777Z,2118,2026-08-10T21:44:51.777Z,BG,BowlingGreen,919a3989-3039-4ed4-8e54-b0f9527e0235,
202608102144480500,202608102108561440,202608102108561394,28,91046,FormQuestionAnswers Bronze - BOI,br_tblFormQA,TASK_COMPLETE,SUCCESS,INFO,5670,5670,0,,2026-08-10T21:09:33.412Z,2026-08-10T21:44:51.777Z,2118,2026-08-10T21:44:51.777Z,BOI,Boise,919a3989-3039-4ed4-8e54-b0f9527e0235,
202608102144480501,202608102108561441,202608102108561394,28,91047,FormQuestionAnswers Bronze - CBCO,br_tblFormQA,TASK_COMPLETE,SUCCESS,INFO,3976,3976,0,,2026-08-10T21:09:33.412Z,2026-08-10T21:44:51.777Z,2118,2026-08-10T21:44:51.777Z,CBCO,CoeurdAlene,919a3989-3039-4ed4-8e54-b0f9527e0235,
202608102144480502,202608102108561442,202608102108561394,28,91048,FormQuestionAnswers Bronze - CON,br_tblFormQA,TASK_COMPLETE,SUCCESS,INFO,2008,2008,0,,2026-08-10T21:09:33.412Z,2026-08-10T21:44:51.777Z,2118,2026-08-10T21:44:51.777Z,CON,Conway,919a3989-3039-4ed4-8e54-b0f9527e0235,
202608102144480503,202608102108561443,202608102108561394,28,91049,FormQuestionAnswers Bronze - D07,br_tblFormQA,TASK_COMPLETE,SUCCESS,INFO,144798,144798,0,,2026-08-10T21:09:33.412Z,2026-08-10T21:44:51.777Z,2118,2026-08-10T21:44:51.777Z,D07,Knoxville,919a3989-3039-4ed4-8e54-b0f9527e0235,
202608191139125007,202608191104247951,202608191104247942,107,8563,Clinical Domain Silver - SaveMNCA,sl_mncomprehensiveassessment,TASK_COMPLETE,SUCCESS,INFO,1138,1138,0,,2026-08-19T11:06:34.343Z,2026-08-19T11:39:14.497Z,1960,2026-08-19T11:39:14.497Z,,,8c2f72fa-f3d3-4c31-9e7b-e1d36d508d72,
202608150554175984,202608150537402708,202608150537402637,118,12193,Bronze P1/P2 Assessments,br_NewAdmissionAssessmentASAMDimension4,TASK_COMPLETE,SUCCESS,INFO,0,0,0,,2026-08-15T05:38:25.156Z,2026-08-15T05:54:20.465Z,955,2026-08-15T05:54:20.465Z,AHK,Ahoskie,92fdec37-a7f1-4589-8ea2-af8b074ddb31,
202608150554175985,202608150537402709,202608150537402637,118,12194,Bronze P1/P2 Assessments,br_NewAdmissionAssessmentASAMDimension4,TASK_COMPLETE,SUCCESS,INFO,0,0,0,,2026-08-15T05:38:25.156Z,2026-08-15T05:54:20.465Z,955,2026-08-15T05:54:20.465Z,B12B,Colorado Springs,92fdec37-a7f1-4589-8ea2-af8b074ddb31,
202608150554175987,202608150537402710,202608150537402637,118,12195,Bronze P1/P2 Assessments,br_NewAdmissionAssessmentASAMDimension4,TASK_COMPLETE,SUCCESS,INFO,272,272,0,,2026-08-15T05:38:25.156Z,2026-08-15T05:54:20.465Z,955,2026-08-15T05:54:20.465Z,B24,Paintsville,92fdec37-a7f1-4589-8ea2-af8b074ddb31,
202608150554175988,202608150537402711,202608150537402637,118,12197,Bronze P1/P2 Assessments,br_NewAdmissionAssessmentASAMDimension4,TASK_COMPLETE,SUCCESS,INFO,399,399,0,,2026-08-15T05:38:25.156Z,2026-08-15T05:54:20.465Z,955,2026-08-15T05:54:20.465Z,B26,Hazard,92fdec37-a7f1-4589-8ea2-af8b074ddb31,
202608150554175989,202608150537402712,202608150537402637,118,12199,Bronze P1/P2 Assessments,br_NewAdmissionAssessmentASAMDimension4,TASK_COMPLETE,SUCCESS,INFO,0,0,0,,2026-08-15T05:38:25.156Z,2026-08-15T05:54:20.465Z,955,2026-08-15T05:54:20.465Z,B28,West Plains,92fdec37-a7f1-4589-8ea2-af8b074ddb31,
202608141935472360,202608141857340787,202608141857340774,31,94013,FormAnswerSignatures Bronze - B35,br_tblFormAnswerSig,TASK_COMPLETE,SUCCESS,INFO,183018,183018,0,,2026-08-14T18:58:05.482Z,2026-08-14T19:35:50.482Z,2265,2026-08-14T19:35:50.482Z,B35,Lexington,015634ea-243f-49e1-a18e-0e1d033651d1,
202608141935472361,202608141857340788,202608141857340774,31,94014,FormAnswerSignatures Bronze - B35A,br_tblFormAnswerSig,TASK_COMPLETE,SUCCESS,INFO,57377,57377,0,,2026-08-14T18:58:05.482Z,2026-08-14T19:35:50.482Z,2265,2026-08-14T19:35:50.482Z,B35A,Berea,015634ea-243f-49e1-a18e-0e1d033651d1,
202608141935472362,202608141857340789,202608141857340774,31,94015,FormAnswerSignatures Bronze - B36,br_tblFormAnswerSig,TASK_COMPLETE,SUCCESS,INFO,75610,75610,0,,2026-08-14T18:58:05.482Z,2026-08-14T19:35:50.482Z,2265,2026-08-14T19:35:50.482Z,B36,Asheville,015634ea-243f-49e1-a18e-0e1d033651d1,
202608141935472363,202608141857340790,202608141857340774,31,94016,FormAnswerSignatures Bronze - B37,br_tblFormAnswerSig,TASK_COMPLETE,SUCCESS,INFO,69939,69939,0,,2026-08-14T18:58:05.482Z,2026-08-14T19:35:50.482Z,2265,2026-08-14T19:35:50.482Z,B37,Clyde,015634ea-243f-49e1-a18e-0e1d033651d1,
202608141935472365,202608141857340791,202608141857340774,31,94017,FormAnswerSignatures Bronze - B38,br_tblFormAnswerSig,TASK_COMPLETE,SUCCESS,INFO,86951,86951,0,,2026-08-14T18:58:05.482Z,2026-08-14T19:35:50.482Z,2265,2026-08-14T19:35:50.482Z,B38,Spartanburg,015634ea-243f-49e1-a18e-0e1d033651d1,
202608141935472366,202608141857340792,202608141857340774,31,94018,FormAnswerSignatures Bronze - B39,br_tblFormAnswerSig,TASK_COMPLETE,SUCCESS,INFO,46822,46822,0,,2026-08-14T18:58:05.482Z,2026-08-14T19:35:50.482Z,2265,2026-08-14T19:35:50.482Z,B39,Aiken,015634ea-243f-49e1-a18e-0e1d033651d1,
202608191605095690,202608191519695717,202608191519695710,98,6561,P1 Forms Take Home Agreement And Diversion Control Silver,tbl_TakeHomeAgreementandDiversionControl,TASK_COMPLETE,SUCCESS,INFO,16211,16211,0,,2026-08-19T15:20:02.186Z,2026-08-19T16:05:12.022Z,2710,2026-08-19T16:05:12.022Z,,,0e774440-67e4-4817-8f97-24afdbb9d82f,
202608280446074425,202608280435522013,202608280435522011,114,8617,CDC Bronze INV,br_LiquidLog_CDC,TASK_COMPLETE,SUCCESS,INFO,161,161,0,,2026-08-28T04:36:02.260Z,2026-08-28T04:46:10.994Z,608,2026-08-28T04:46:10.994Z,B12B,Colorado Springs,60ff5281-bdb1-466d-9e29-0c58e613d194,SAMMS-ColoradoSpringsV5
202608270448153223,202608270434470868,202608270434470866,114,8617,CDC Bronze INV,br_LiquidLog_CDC,TASK_COMPLETE,SUCCESS,INFO,400,400,0,,2026-08-27T04:34:51.617Z,2026-08-27T04:48:18.714Z,807,2026-08-27T04:48:18.714Z,B12B,Colorado Springs,2e7c859c-0cb2-4a04-88a8-b5f0cad3f58f,SAMMS-ColoradoSpringsV5
202608191705197685,202608191654269997,202608191654269970,76,144414,PPA Bronze,br_SF_PatientPreAdmission,TASK_COMPLETE,SUCCESS,INFO,9617,9617,0,,2026-08-19T16:54:47.315Z,2026-08-19T17:10:18.523Z,931,2026-08-19T17:10:18.523Z,B46,WashingtonDC,4736cb14-987d-4509-b3d7-654790c2de16,SAMMS-WashingtonDCv5
202608191705197687,202608191654269998,202608191654269970,76,144415,PPA Bronze,br_SF_PatientPreAdmission,TASK_COMPLETE,SUCCESS,INFO,7547,7547,0,,2026-08-19T16:54:47.315Z,2026-08-19T17:10:18.523Z,931,2026-08-19T17:10:18.523Z,B47,Mobile,4736cb14-987d-4509-b3d7-654790c2de16,SAMMS-MobileV5
202608260442381081,202608260434246984,202608260434246982,114,8617,CDC Bronze INV,br_LiquidLog_CDC,TASK_COMPLETE,SUCCESS,INFO,191,191,0,,2026-08-26T04:34:28.744Z,2026-08-26T04:42:41.689Z,493,2026-08-26T04:42:41.689Z,B12B,Colorado Springs,5187609b-db66-42e3-9436-fcfeae3ae564,SAMMS-ColoradoSpringsV5
202608201602193643,202608201602193642,202608201140451356,84,219,Gold Salesforce StgTasks,stgTask,TASK_ALREADY_COMPLETED,ALREADY_COMPLETED,INFO,0,0,0,Already succeeded in previous attempt,2026-08-20T16:02:24.817Z,2026-08-20T16:02:24.817Z,0,2026-08-20T16:02:24.817Z,,,95538f17-9d82-404e-9e3f-d1777714a921,
202608280519483773,202608280519483774,20260828051948,126,13680,Bronze Overdue Courses File,br_learningreports_overdue,TASK_FAILED,FAILED,ERROR,0,0,1,name 'transformed_df' is not defined,2026-08-28T05:19:48.377Z,2026-08-28T05:19:48.377Z,0,2026-08-28T05:19:48.377Z,,,23f81196-8027-4170-b23d-685f94710e9c,
202608210242228344,202608210227262453,202608210227262448,44,184,SAMMSGLOBAL Silver,sl_ClinicalOpiateWithdrawalScale,TASK_COMPLETE,SUCCESS,INFO,425776,0,0,,2026-08-21T02:27:19.171Z,2026-08-21T02:42:27.062Z,908,2026-08-21T02:42:27.062Z,Global,Global,37d39418-848b-43a3-aff1-182cc8bb7455,SAMMSGLOBAL
202608201130288685,202608201130288684,202608201125599805,82,6805,Salesforce Patient Survey Responses,br_sf_patient_survey_responses,TASK_FAILED,FAILED,ERROR,0,0,0,name col is not defined,2026-08-20T11:30:33.462Z,2026-08-20T11:30:59.823Z,25,2026-08-20T11:30:59.823Z,,,79156e84-8509-4e63-a064-b4b0873a2a40,
202608221113177825,202608221042113202,202608221042112981,85,4098,Bronze INV,br_ReAssessmentSocial,TASK_COMPLETE,SUCCESS,INFO,971,971,0,,2026-08-22T10:42:14.039Z,2026-08-22T11:16:52.295Z,2078,2026-08-22T11:16:52.295Z,B26,Hazard,28d7acf5-bc26-4be3-b390-775b9af3d980,SAMMS-HazardV5
202608221113177836,202608221042113203,202608221042112981,85,4106,Bronze INV,br_ReAssessmentSocial,TASK_COMPLETE,SUCCESS,INFO,384,384,0,,2026-08-22T10:42:14.039Z,2026-08-22T11:16:52.295Z,2078,2026-08-22T11:16:52.295Z,B34,Corbin,28d7acf5-bc26-4be3-b390-775b9af3d980,SAMMS-CorbinV5
202608221113177837,202608221042113204,202608221042112981,85,4107,Bronze INV,br_ReAssessmentSocial,TASK_COMPLETE,SUCCESS,INFO,239,239,0,,2026-08-22T10:42:14.039Z,2026-08-22T11:16:52.295Z,2078,2026-08-22T11:16:52.295Z,B35,Lexington,28d7acf5-bc26-4be3-b390-775b9af3d980,SAMMS-LexingtonV5
202608140551555132,202608140519472983,202608140519472937,106,8426,Clinical Domain Bronze - SaveTreatmentLevel - B12B,brz_TreatmentLevel,TASK_COMPLETE,SUCCESS,INFO,523,523,0,,2026-08-14T05:21:11.366Z,2026-08-14T05:51:58.644Z,1847,2026-08-14T05:51:58.644Z,B12B,ColoradoSprings,367e5368-81b8-4196-9731-5b3efc5e39d9,
202608140551555133,202608140519472984,202608140519472937,106,8470,Clinical Domain Bronze - SaveTreatmentLevel - BOI,brz_TreatmentLevel,TASK_COMPLETE,SUCCESS,INFO,298,298,0,,2026-08-14T05:21:11.366Z,2026-08-14T05:51:58.644Z,1847,2026-08-14T05:51:58.644Z,BOI,Boise,367e5368-81b8-4196-9731-5b3efc5e39d9,
202608140551555135,202608140519472985,202608140519472937,106,8519,Clinical Domain Bronze - SaveTreatmentLevel - V10,brz_TreatmentLevel,TASK_COMPLETE,SUCCESS,INFO,665,665,0,,2026-08-14T05:21:11.366Z,2026-08-14T05:51:58.644Z,1847,2026-08-14T05:51:58.644Z,V10,Boulder,367e5368-81b8-4196-9731-5b3efc5e39d9,
202608110409368568,202608110331629404,202608110331629359,106,7988,Clinical Domain Bronze - SaveVACA - B42D,brz_VAComprehensiveAssessment,TASK_COMPLETE,SUCCESS,INFO,0,0,0,,2026-08-11T03:32:39.288Z,2026-08-11T04:09:40.942Z,2221,2026-08-11T04:09:40.942Z,B42D,ChesapeakeSouth,6e36e3b5-c33e-4cc8-b6e2-dc5c3524428c,
202608110409368569,202608110331629405,202608110331629359,106,8010,Clinical Domain Bronze - SaveVACA - BOI,brz_VAComprehensiveAssessment,TASK_COMPLETE,SUCCESS,INFO,0,0,0,,2026-08-11T03:32:39.288Z,2026-08-11T04:09:40.942Z,2221,2026-08-11T04:09:40.942Z,BOI,Boise,6e36e3b5-c33e-4cc8-b6e2-dc5c3524428c,
202608110409368570,202608110331629406,202608110331629359,106,8050,Clinical Domain Bronze - SaveVACA - STN,brz_VAComprehensiveAssessment,TASK_COMPLETE,SUCCESS,INFO,0,0,0,,2026-08-11T03:32:39.288Z,2026-08-11T04:09:40.942Z,2221,2026-08-11T04:09:40.942Z,STN,Staunton,6e36e3b5-c33e-4cc8-b6e2-dc5c3524428c,
202608110409368571,202608110331629407,202608110331629359,106,8059,Clinical Domain Bronze - SaveVACA - V10,brz_VAComprehensiveAssessment,TASK_COMPLETE,SUCCESS,INFO,0,0,0,,2026-08-11T03:32:39.288Z,2026-08-11T04:09:40.942Z,2221,2026-08-11T04:09:40.942Z,V10,Boulder,6e36e3b5-c33e-4cc8-b6e2-dc5c3524428c,
202608102144480546,202608102108561479,202608102108561394,28,91085,FormQuestionAnswers Bronze - SHP,br_tblFormQA,TASK_COMPLETE,SUCCESS,INFO,18573,18573,0,,2026-08-10T21:09:33.412Z,2026-08-10T21:44:51.777Z,2118,2026-08-10T21:44:51.777Z,SHP,Shreveport,919a3989-3039-4ed4-8e54-b0f9527e0235,
202608102144480547,202608102108561480,202608102108561394,28,91086,FormQuestionAnswers Bronze - STN,br_tblFormQA,TASK_COMPLETE,SUCCESS,INFO,8384,8384,0,,2026-08-10T21:09:33.412Z,2026-08-10T21:44:51.777Z,2118,2026-08-10T21:44:51.777Z,STN,Staunton,919a3989-3039-4ed4-8e54-b0f9527e0235,
202608102144480548,202608102108561481,202608102108561394,28,91087,FormQuestionAnswers Bronze - STVN,br_tblFormQA,TASK_COMPLETE,SUCCESS,INFO,2553,2553,0,,2026-08-10T21:09:33.412Z,2026-08-10T21:44:51.777Z,2118,2026-08-10T21:44:51.777Z,STVN,Stevenson,919a3989-3039-4ed4-8e54-b0f9527e0235,
202608102144480549,202608102108561482,202608102108561394,28,91088,FormQuestionAnswers Bronze - TE,br_tblFormQA,TASK_COMPLETE,SUCCESS,INFO,0,0,0,,2026-08-10T21:09:33.412Z,2026-08-10T21:44:51.777Z,2118,2026-08-10T21:44:51.777Z,TE,Tempe,919a3989-3039-4ed4-8e54-b0f9527e0235,
202608102144480550,202608102108561483,202608102108561394,28,91089,FormQuestionAnswers Bronze - TEX,br_tblFormQA,TASK_COMPLETE,SUCCESS,INFO,2162,2162,0,,2026-08-10T21:09:33.412Z,2026-08-10T21:44:51.777Z,2118,2026-08-10T21:44:51.777Z,TEX,Texarkana,919a3989-3039-4ed4-8e54-b0f9527e0235,
202608102144480551,202608102108561484,202608102108561394,28,91090,FormQuestionAnswers Bronze - TTCA,br_tblFormQA,TASK_COMPLETE,SUCCESS,INFO,11174,11174,0,,2026-08-10T21:09:33.412Z,2026-08-10T21:44:51.777Z,2118,2026-08-10T21:44:51.777Z,TTCA,Bessemer,919a3989-3039-4ed4-8e54-b0f9527e0235,
202608102144480552,202608102108561485,202608102108561394,28,91091,FormQuestionAnswers Bronze - TTCB,br_tblFormQA,TASK_COMPLETE,SUCCESS,INFO,15258,15258,0,,2026-08-10T21:09:33.412Z,2026-08-10T21:44:51.777Z,2118,2026-08-10T21:44:51.777Z,TTCB,Cullman,919a3989-3039-4ed4-8e54-b0f9527e0235,
202608201129083026,202608201129083026,202608201125599805,82,205,Salesforce Contacts,br_sf_contacts,TASK_FAILED,FAILED,ERROR,0,0,0,name col is not defined,2026-08-20T11:29:12.799Z,2026-08-20T11:29:40.331Z,26,2026-08-20T11:29:40.331Z,,,79156e84-8509-4e63-a064-b4b0873a2a40,
202608210244009224,202608210227362458,202608210227362448,45,190,SAMMSGLOBAL Gold,ClaimStatus,TASK_COMPLETE,SUCCESS,INFO,0,1619,0,,2026-08-21T02:27:19.171Z,2026-08-21T02:44:04.451Z,1005,2026-08-21T02:44:04.451Z,Global,Global,37d39418-848b-43a3-aff1-182cc8bb7455,SAMMSGLOBAL
202608241351160389,202608241351160388,20260824135110,130,13686,Azure Sql Python Gold - 3P Balances,tbl_Third_Party_AR_inDB_Balances,TASK_COMPLETE,SUCCESS,INFO,1200945,1200945,0,,2026-08-24T13:51:16.038Z,2026-08-24T13:51:44.708Z,28,2026-08-24T13:51:44.708Z,,,65ef2c78-6383-4fa0-b292-451fef5594ab,
202608241443453865,202608241443453864,20260824144338,130,13686,Azure Sql Python Gold - 3P Balances,tbl_Third_Party_AR_inDB_Balances,TASK_COMPLETE,SUCCESS,INFO,1200945,1200945,0,,2026-08-24T14:43:45.386Z,2026-08-24T14:44:20.717Z,35,2026-08-24T14:44:20.717Z,,,31f76fca-6e67-4da9-bdde-70234da73bc2,
202608170505380906,202608170422215784,202608170422215750,106,8010,Clinical Domain Bronze - SaveVACA - BOI,br_VAComprehensiveAssessment,TASK_COMPLETE,SUCCESS,INFO,3,3,0,,2026-08-17T04:29:17.023Z,2026-08-17T05:06:50.333Z,2253,2026-08-17T05:06:50.333Z,BOI,Boise,0b53dc13-182d-4036-9b17-0891eca5f916,
202608170505380908,202608170422215785,202608170422215750,106,8059,Clinical Domain Bronze - SaveVACA - V10,br_VAComprehensiveAssessment,TASK_COMPLETE,SUCCESS,INFO,3,3,0,,2026-08-17T04:29:17.023Z,2026-08-17T05:06:50.333Z,2253,2026-08-17T05:06:50.333Z,V10,Boulder,0b53dc13-182d-4036-9b17-0891eca5f916,
202608170505380909,202608170422215786,202608170422215750,106,8081,Clinical Domain Bronze - SaveVACASummary - B12B,br_VAComprehensiveAssessmentSummary,TASK_COMPLETE,SUCCESS,INFO,1725,1725,0,,2026-08-17T04:29:17.023Z,2026-08-17T05:06:50.333Z,2253,2026-08-17T05:06:50.333Z,B12B,ColoradoSprings,0b53dc13-182d-4036-9b17-0891eca5f916,
202608151352479090,202608151310407837,202608151310407803,106,8010,Clinical Domain Bronze - SaveVACA - BOI,br_VAComprehensiveAssessment,TASK_COMPLETE,SUCCESS,INFO,3,3,0,,2026-08-15T13:11:43.813Z,2026-08-15T13:52:51.092Z,2468,2026-08-15T13:52:51.092Z,BOI,Boise,56214535-005b-4285-976b-e0172bc11b0b,
202608151352479091,202608151310407838,202608151310407803,106,8059,Clinical Domain Bronze - SaveVACA - V10,br_VAComprehensiveAssessment,TASK_COMPLETE,SUCCESS,INFO,3,3,0,,2026-08-15T13:11:43.813Z,2026-08-15T13:52:51.092Z,2468,2026-08-15T13:52:51.092Z,V10,Boulder,56214535-005b-4285-976b-e0172bc11b0b,
202608151352479093,202608151310407839,202608151310407803,106,8081,Clinical Domain Bronze - SaveVACASummary - B12B,br_VAComprehensiveAssessmentSummary,TASK_COMPLETE,SUCCESS,INFO,1725,1725,0,,2026-08-15T13:11:43.813Z,2026-08-15T13:52:51.092Z,2468,2026-08-15T13:52:51.092Z,B12B,ColoradoSprings,56214535-005b-4285-976b-e0172bc11b0b,
202608210243509130,202608210227362449,202608210227362448,45,192,SAMMSGLOBAL Gold,GlobalPayor,TASK_COMPLETE,SUCCESS,INFO,0,909,0,,2026-08-21T02:27:19.171Z,2026-08-21T02:44:04.451Z,1005,2026-08-21T02:44:04.451Z,Global,Global,37d39418-848b-43a3-aff1-182cc8bb7455,SAMMSGLOBAL
202608151132574399,202608151055424892,202608151055424858,106,8010,Clinical Domain Bronze - SaveVACA - BOI,br_VAComprehensiveAssessment,TASK_COMPLETE,SUCCESS,INFO,3,3,0,,2026-08-15T10:59:41.813Z,2026-08-15T11:42:22.397Z,2561,2026-08-15T11:42:22.397Z,BOI,Boise,09bdfa13-0c4c-4ca3-9dd3-abd349cbbab4,
202608151132574400,202608151055424893,202608151055424858,106,8059,Clinical Domain Bronze - SaveVACA - V10,br_VAComprehensiveAssessment,TASK_COMPLETE,SUCCESS,INFO,3,3,0,,2026-08-15T10:59:41.813Z,2026-08-15T11:42:22.397Z,2561,2026-08-15T11:42:22.397Z,V10,Boulder,09bdfa13-0c4c-4ca3-9dd3-abd349cbbab4,
202608151132574401,202608151055424894,202608151055424858,106,8081,Clinical Domain Bronze - SaveVACASummary - B12B,br_VAComprehensiveAssessmentSummary,TASK_COMPLETE,SUCCESS,INFO,1725,1725,0,,2026-08-15T10:59:41.813Z,2026-08-15T11:42:22.397Z,2561,2026-08-15T11:42:22.397Z,B12B,ColoradoSprings,09bdfa13-0c4c-4ca3-9dd3-abd349cbbab4,
202608102139177366,202608102103362577,202608102103362513,31,94064,FormAnswerSignatures Bronze - FS,br_tblFormAnswerSig,TASK_COMPLETE,SUCCESS,INFO,2942,2942,0,,2026-08-10T21:04:36.348Z,2026-08-10T21:39:44.219Z,2108,2026-08-10T21:39:44.219Z,FS,FortSmith,0e7e4594-5e6f-405f-a303-69a6f189ed20,
202608102139177367,202608102103362578,202608102103362513,31,94065,FormAnswerSignatures Bronze - FW,br_tblFormAnswerSig,TASK_COMPLETE,SUCCESS,INFO,30644,30644,0,,2026-08-10T21:04:36.348Z,2026-08-10T21:39:44.219Z,2108,2026-08-10T21:39:44.219Z,FW,FortWayne,0e7e4594-5e6f-405f-a303-69a6f189ed20,
202608102139177368,202608102103362579,202608102103362513,31,94066,FormAnswerSignatures Bronze - GAL,br_tblFormAnswerSig,TASK_COMPLETE,SUCCESS,INFO,9361,9361,0,,2026-08-10T21:04:36.348Z,2026-08-10T21:39:44.219Z,2108,2026-08-10T21:39:44.219Z,GAL,Gaylord,0e7e4594-5e6f-405f-a303-69a6f189ed20,
202608102139177370,202608102103362580,202608102103362513,31,94067,FormAnswerSignatures Bronze - HGT,br_tblFormAnswerSig,TASK_COMPLETE,SUCCESS,INFO,23083,23083,0,,2026-08-10T21:04:36.348Z,2026-08-10T21:39:44.219Z,2108,2026-08-10T21:39:44.219Z,HGT,Hagerstown,0e7e4594-5e6f-405f-a303-69a6f189ed20,
202608102139177371,202608102103362581,202608102103362513,31,94068,FormAnswerSignatures Bronze - HNT,br_tblFormAnswerSig,TASK_COMPLETE,SUCCESS,INFO,23522,23522,0,,2026-08-10T21:04:36.348Z,2026-08-10T21:39:44.219Z,2108,2026-08-10T21:39:44.219Z,HNT,Huntsville,0e7e4594-5e6f-405f-a303-69a6f189ed20,
202608102139177372,202608102103362582,202608102103362513,31,94069,FormAnswerSignatures Bronze - HS,br_tblFormAnswerSig,TASK_COMPLETE,SUCCESS,INFO,3458,3458,0,,2026-08-10T21:04:36.348Z,2026-08-10T21:39:44.219Z,2108,2026-08-10T21:39:44.219Z,HS,HotSprings,0e7e4594-5e6f-405f-a303-69a6f189ed20,
202608102139177373,202608102103362583,202608102103362513,31,94070,FormAnswerSignatures Bronze - JON,br_tblFormAnswerSig,TASK_COMPLETE,SUCCESS,INFO,2534,2534,0,,2026-08-10T21:04:36.348Z,2026-08-10T21:39:44.219Z,2108,2026-08-10T21:39:44.219Z,JON,Jonesboro,0e7e4594-5e6f-405f-a303-69a6f189ed20,
202608142019050152,202608141850614720,202608141850614621,28,91099,FormQuestionAnswers Bronze - V12A,br_tblFormQA,TASK_COMPLETE,SUCCESS,INFO,146612,146612,0,,2026-08-14T18:51:07.427Z,2026-08-14T20:19:08.156Z,5281,2026-08-14T20:19:08.156Z,V12A,Centennial,06b9d75d-291b-4cd2-9a89-52908a52280f,
202608142019050153,202608141850614721,202608141850614621,28,91100,FormQuestionAnswers Bronze - V14,br_tblFormQA,TASK_COMPLETE,SUCCESS,INFO,98298,98298,0,,2026-08-14T18:51:07.427Z,2026-08-14T20:19:08.156Z,5281,2026-08-14T20:19:08.156Z,V14,VCPHCS-XIV-Bridgeway,06b9d75d-291b-4cd2-9a89-52908a52280f,
202608142019050154,202608141850614722,202608141850614621,28,91101,FormQuestionAnswers Bronze - V15,br_tblFormQA,TASK_COMPLETE,SUCCESS,INFO,197383,197383,0,,2026-08-14T18:51:07.427Z,2026-08-14T20:19:08.156Z,5281,2026-08-14T20:19:08.156Z,V15,Joplin,06b9d75d-291b-4cd2-9a89-52908a52280f,
202608142019050155,202608141850614723,202608141850614621,28,91102,FormQuestionAnswers Bronze - V17,br_tblFormQA,TASK_COMPLETE,SUCCESS,INFO,184046,184046,0,,2026-08-14T18:51:07.427Z,2026-08-14T20:19:08.156Z,5281,2026-08-14T20:19:08.156Z,V17,ColumbiaTN,06b9d75d-291b-4cd2-9a89-52908a52280f,
202608142019050156,202608141850614724,202608141850614621,28,91103,FormQuestionAnswers Bronze - V19,br_tblFormQA,TASK_COMPLETE,SUCCESS,INFO,182438,182438,0,,2026-08-14T18:51:07.427Z,2026-08-14T20:19:08.156Z,5281,2026-08-14T20:19:08.156Z,V19,Jackson,06b9d75d-291b-4cd2-9a89-52908a52280f,
202608142019050157,202608141850614725,202608141850614621,28,91104,FormQuestionAnswers Bronze - V20,br_tblFormQA,TASK_COMPLETE,SUCCESS,INFO,307620,307620,0,,2026-08-14T18:51:07.427Z,2026-08-14T20:19:08.156Z,5281,2026-08-14T20:19:08.156Z,V20,Paris,06b9d75d-291b-4cd2-9a89-52908a52280f,
202608142019050158,202608141850614726,202608141850614621,28,91105,FormQuestionAnswers Bronze - V21,br_tblFormQA,TASK_COMPLETE,SUCCESS,INFO,156359,156359,0,,2026-08-14T18:51:07.427Z,2026-08-14T20:19:08.156Z,5281,2026-08-14T20:19:08.156Z,V21,Raleigh,06b9d75d-291b-4cd2-9a89-52908a52280f,
202608121052561389,202608121009460905,202608121009460893,107,8566,Clinical Domain Silver - SaveVACASummary,slv_vacomprehensiveassessmentsummary,TASK_COMPLETE,SUCCESS,INFO,1740,1740,0,,2026-08-12T10:11:56.792Z,2026-08-12T10:53:15.475Z,2479,2026-08-12T10:53:15.475Z,Global,SAMMSGLOBAL,1325a4eb-aa02-4bc9-9fae-d06e40a0cece,
202608121052561387,202608121009460903,202608121009460893,107,8564,Clinical Domain Silver - SaveMNCALOC,slv_mncomprehensiveassessmentlevelofcare,TASK_COMPLETE,SUCCESS,INFO,1051,1051,0,,2026-08-12T10:11:56.792Z,2026-08-12T10:53:15.475Z,2479,2026-08-12T10:53:15.475Z,Global,SAMMSGLOBAL,1325a4eb-aa02-4bc9-9fae-d06e40a0cece,
202608130414588484,202608130315300017,202608130315300005,107,8566,Clinical Domain Silver - SaveVACASummary,slv_vacomprehensiveassessmentsummary,TASK_COMPLETE,SUCCESS,INFO,1740,1740,0,,2026-08-13T03:16:19.557Z,2026-08-13T04:15:00.802Z,3521,2026-08-13T04:15:00.802Z,Global,SAMMSGLOBAL,11ed6329-841a-4e7a-bfb1-61191c79c28e,
202608120351571426,202608120259357379,202608120259357369,107,8564,Clinical Domain Silver - SaveMNCALOC,slv_mncomprehensiveassessmentlevelofcare,TASK_COMPLETE,SUCCESS,INFO,1051,1051,0,,2026-08-12T03:00:44.797Z,2026-08-12T03:52:01.885Z,3077,2026-08-12T03:52:01.885Z,Global,SAMMSGLOBAL,72952692-3a45-4fdd-be32-4592206c2867,
202608140744357368,202608140725214672,202608140725214656,118,10722,Bronze P1/P2 Assessments,br_NewPeriodicReassessment,TASK_COMPLETE,SUCCESS,INFO,0,0,0,,2026-08-14T07:25:23.942Z,2026-08-14T07:44:38.851Z,1155,2026-08-14T07:44:38.851Z,B12B,Colorado Springs,9e759780-91b7-4e4a-882b-cd4350ec70b7,
202608140744357369,202608140725214673,202608140725214656,118,10723,Bronze P1/P2 Assessments,br_NewPeriodicReassessment,TASK_COMPLETE,SUCCESS,INFO,321,321,0,,2026-08-14T07:25:23.942Z,2026-08-14T07:44:38.851Z,1155,2026-08-14T07:44:38.851Z,B24,Paintsville,9e759780-91b7-4e4a-882b-cd4350ec70b7,
202608140744357371,202608140725214674,202608140725214656,118,10725,Bronze P1/P2 Assessments,br_NewPeriodicReassessment,TASK_COMPLETE,SUCCESS,INFO,1194,1194,0,,2026-08-14T07:25:23.942Z,2026-08-14T07:44:38.851Z,1155,2026-08-14T07:44:38.851Z,B26,Hazard,9e759780-91b7-4e4a-882b-cd4350ec70b7,
202608140744357372,202608140725214675,202608140725214656,118,10727,Bronze P1/P2 Assessments,br_NewPeriodicReassessment,TASK_COMPLETE,SUCCESS,INFO,0,0,0,,2026-08-14T07:25:23.942Z,2026-08-14T07:44:38.851Z,1155,2026-08-14T07:44:38.851Z,B28,West Plains,9e759780-91b7-4e4a-882b-cd4350ec70b7,
202608140744357373,202608140725214676,202608140725214656,118,10732,Bronze P1/P2 Assessments,br_NewPeriodicReassessment,TASK_COMPLETE,SUCCESS,INFO,237,237,0,,2026-08-14T07:25:23.942Z,2026-08-14T07:44:38.851Z,1155,2026-08-14T07:44:38.851Z,B33,Paducah,9e759780-91b7-4e4a-882b-cd4350ec70b7,
202608140744357374,202608140725214677,202608140725214656,118,10787,Bronze P1/P2 Assessments,br_NewPeriodicReassessment,TASK_COMPLETE,SUCCESS,INFO,0,0,0,,2026-08-14T07:25:23.942Z,2026-08-14T07:44:38.851Z,1155,2026-08-14T07:44:38.851Z,CBCO,Coeur dAlene,9e759780-91b7-4e4a-882b-cd4350ec70b7,
202608171145214423,202608171119587431,202608171119587420,118,10541,Bronze P1/P2 Assessments,br_NewAdmissionAssessmentASAMDimension6,TASK_COMPLETE,SUCCESS,INFO,402,402,0,,2026-08-17T11:20:06.775Z,2026-08-17T11:45:25.584Z,1519,2026-08-17T11:45:25.584Z,B26,Hazard,50b193b8-c8c8-41b3-8f69-a5e058560d7e,
202608171145214424,202608171119587432,202608171119587420,118,10543,Bronze P1/P2 Assessments,br_NewAdmissionAssessmentASAMDimension6,TASK_COMPLETE,SUCCESS,INFO,0,0,0,,2026-08-17T11:20:06.775Z,2026-08-17T11:45:25.584Z,1519,2026-08-17T11:45:25.584Z,B28,West Plains,50b193b8-c8c8-41b3-8f69-a5e058560d7e,
202608171145214426,202608171119587433,202608171119587420,118,10548,Bronze P1/P2 Assessments,br_NewAdmissionAssessmentASAMDimension6,TASK_COMPLETE,SUCCESS,INFO,180,180,0,,2026-08-17T11:20:06.775Z,2026-08-17T11:45:25.584Z,1519,2026-08-17T11:45:25.584Z,B33,Paducah,50b193b8-c8c8-41b3-8f69-a5e058560d7e,
202608171145214427,202608171119587434,202608171119587420,118,10603,Bronze P1/P2 Assessments,br_NewAdmissionAssessmentASAMDimension6,TASK_COMPLETE,SUCCESS,INFO,0,0,0,,2026-08-17T11:20:06.775Z,2026-08-17T11:45:25.584Z,1519,2026-08-17T11:45:25.584Z,CBCO,Coeur dAlene,50b193b8-c8c8-41b3-8f69-a5e058560d7e,
202608171145214428,202608171119587435,202608171119587420,118,10721,Bronze P1/P2 Assessments,br_NewPeriodicReassessment,TASK_COMPLETE,SUCCESS,INFO,0,0,0,,2026-08-17T11:20:06.775Z,2026-08-17T11:45:25.584Z,1519,2026-08-17T11:45:25.584Z,AHK,Ahoskie,50b193b8-c8c8-41b3-8f69-a5e058560d7e,
202608150554175918,202608150537402648,202608150537402637,118,10541,Bronze P1/P2 Assessments,br_NewAdmissionAssessmentASAMDimension6,TASK_COMPLETE,SUCCESS,INFO,402,402,0,,2026-08-15T05:38:25.156Z,2026-08-15T05:54:20.465Z,955,2026-08-15T05:54:20.465Z,B26,Hazard,92fdec37-a7f1-4589-8ea2-af8b074ddb31,
202608150554175919,202608150537402649,202608150537402637,118,10543,Bronze P1/P2 Assessments,br_NewAdmissionAssessmentASAMDimension6,TASK_COMPLETE,SUCCESS,INFO,0,0,0,,2026-08-15T05:38:25.156Z,2026-08-15T05:54:20.465Z,955,2026-08-15T05:54:20.465Z,B28,West Plains,92fdec37-a7f1-4589-8ea2-af8b074ddb31,
202608150554175920,202608150537402650,202608150537402637,118,10548,Bronze P1/P2 Assessments,br_NewAdmissionAssessmentASAMDimension6,TASK_COMPLETE,SUCCESS,INFO,180,180,0,,2026-08-15T05:38:25.156Z,2026-08-15T05:54:20.465Z,955,2026-08-15T05:54:20.465Z,B33,Paducah,92fdec37-a7f1-4589-8ea2-af8b074ddb31,
202608150554175921,202608150537402651,202608150537402637,118,10603,Bronze P1/P2 Assessments,br_NewAdmissionAssessmentASAMDimension6,TASK_COMPLETE,SUCCESS,INFO,0,0,0,,2026-08-15T05:38:25.156Z,2026-08-15T05:54:20.465Z,955,2026-08-15T05:54:20.465Z,CBCO,Coeur dAlene,92fdec37-a7f1-4589-8ea2-af8b074ddb31,
202608150554175922,202608150537402652,202608150537402637,118,10721,Bronze P1/P2 Assessments,br_NewPeriodicReassessment,TASK_COMPLETE,SUCCESS,INFO,0,0,0,,2026-08-15T05:38:25.156Z,2026-08-15T05:54:20.465Z,955,2026-08-15T05:54:20.465Z,AHK,Ahoskie,92fdec37-a7f1-4589-8ea2-af8b074ddb31,
202608150554175962,202608150537402688,202608150537402637,118,11642,Bronze P1/P2 Assessments,br_newperiodicreassessmentd5,TASK_COMPLETE,SUCCESS,INFO,0,0,0,,2026-08-15T05:38:25.156Z,2026-08-15T05:54:20.465Z,955,2026-08-15T05:54:20.465Z,B12B,Colorado Springs,92fdec37-a7f1-4589-8ea2-af8b074ddb31,
202608150554175963,202608150537402689,202608150537402637,118,11643,Bronze P1/P2 Assessments,br_newperiodicreassessmentd5,TASK_COMPLETE,SUCCESS,INFO,321,321,0,,2026-08-15T05:38:25.156Z,2026-08-15T05:54:20.465Z,955,2026-08-15T05:54:20.465Z,B24,Paintsville,92fdec37-a7f1-4589-8ea2-af8b074ddb31,
202608150554175964,202608150537402690,202608150537402637,118,11645,Bronze P1/P2 Assessments,br_newperiodicreassessmentd5,TASK_COMPLETE,SUCCESS,INFO,1190,1190,0,,2026-08-15T05:38:25.156Z,2026-08-15T05:54:20.465Z,955,2026-08-15T05:54:20.465Z,B26,Hazard,92fdec37-a7f1-4589-8ea2-af8b074ddb31,
202608150554175965,202608150537402691,202608150537402637,118,11647,Bronze P1/P2 Assessments,br_newperiodicreassessmentd5,TASK_COMPLETE,SUCCESS,INFO,0,0,0,,2026-08-15T05:38:25.156Z,2026-08-15T05:54:20.465Z,955,2026-08-15T05:54:20.465Z,B28,West Plains,92fdec37-a7f1-4589-8ea2-af8b074ddb31,
202608150554175966,202608150537402692,202608150537402637,118,11652,Bronze P1/P2 Assessments,br_newperiodicreassessmentd5,TASK_COMPLETE,SUCCESS,INFO,237,237,0,,2026-08-15T05:38:25.156Z,2026-08-15T05:54:20.465Z,955,2026-08-15T05:54:20.465Z,B33,Paducah,92fdec37-a7f1-4589-8ea2-af8b074ddb31,
202608140551555103,202608140519472956,202608140519472937,106,7507,Clinical Domain Bronze - BulkDartsSrvLoader - B24,brz_UAResultDetail,TASK_COMPLETE,SUCCESS,INFO,3931,3931,0,,2026-08-14T05:21:11.366Z,2026-08-14T05:51:58.644Z,1847,2026-08-14T05:51:58.644Z,B24,Paintsville,367e5368-81b8-4196-9731-5b3efc5e39d9,
202608140551555104,202608140519472957,202608140519472937,106,7515,Clinical Domain Bronze - BulkDartsSrvLoader - B33,brz_UAResultDetail,TASK_COMPLETE,SUCCESS,INFO,5367,5367,0,,2026-08-14T05:21:11.366Z,2026-08-14T05:51:58.644Z,1847,2026-08-14T05:51:58.644Z,B33,Paducah,367e5368-81b8-4196-9731-5b3efc5e39d9,
202608140551555105,202608140519472958,202608140519472937,106,7536,Clinical Domain Bronze - BulkDartsSrvLoader - B54,brz_UAResultDetail,TASK_COMPLETE,SUCCESS,INFO,5057,5057,0,,2026-08-14T05:21:11.366Z,2026-08-14T05:51:58.644Z,1847,2026-08-14T05:51:58.644Z,B54,Gadsden,367e5368-81b8-4196-9731-5b3efc5e39d9,
202608181314386962,202608181250209452,202608181250209442,46,8938,P1 Finance VW 3P Bill Sub Bronze - B12B,br_samms_vw3p_bill_sub,TASK_COMPLETE,SUCCESS,INFO,1111,1111,0,,2026-08-18T12:50:23.823Z,2026-08-18T13:14:41.917Z,1458,2026-08-18T13:14:41.917Z,B12B,ColoradoSprings,03823c35-021d-4cc9-8374-59681a542f1d,
202608181314386964,202608181250209453,202608181250209442,46,8939,P1 Finance VW 3P Bill Sub Bronze - B24,br_samms_vw3p_bill_sub,TASK_COMPLETE,SUCCESS,INFO,2012,2012,0,,2026-08-18T12:50:23.823Z,2026-08-18T13:14:41.917Z,1458,2026-08-18T13:14:41.917Z,B24,Paintsville,03823c35-021d-4cc9-8374-59681a542f1d,
202608181314386965,202608181250209454,202608181250209442,46,8940,P1 Finance VW 3P Bill Sub Bronze - B25,br_samms_vw3p_bill_sub,TASK_COMPLETE,SUCCESS,INFO,683,683,0,,2026-08-18T12:50:23.823Z,2026-08-18T13:14:41.917Z,1458,2026-08-18T13:14:41.917Z,B25,Pikeville,03823c35-021d-4cc9-8374-59681a542f1d,
202608181407308769,202608181342262716,202608181342262706,46,8938,P1 Finance VW 3P Bill Sub Bronze - B12B,br_samms_vw3p_bill_sub,TASK_COMPLETE,SUCCESS,INFO,1111,1111,0,,2026-08-18T13:42:39.071Z,2026-08-18T14:07:36.209Z,1497,2026-08-18T14:07:36.209Z,B12B,ColoradoSprings,2b16abcf-416f-4fd8-80a9-0aa52ca66e5c,
202608181407308771,202608181342262717,202608181342262706,46,8939,P1 Finance VW 3P Bill Sub Bronze - B24,br_samms_vw3p_bill_sub,TASK_COMPLETE,SUCCESS,INFO,2014,2014,0,,2026-08-18T13:42:39.071Z,2026-08-18T14:07:36.209Z,1497,2026-08-18T14:07:36.209Z,B24,Paintsville,2b16abcf-416f-4fd8-80a9-0aa52ca66e5c,
202608181407308772,202608181342262718,202608181342262706,46,8940,P1 Finance VW 3P Bill Sub Bronze - B25,br_samms_vw3p_bill_sub,TASK_COMPLETE,SUCCESS,INFO,683,683,0,,2026-08-18T13:42:39.071Z,2026-08-18T14:07:36.209Z,1497,2026-08-18T14:07:36.209Z,B25,Pikeville,2b16abcf-416f-4fd8-80a9-0aa52ca66e5c,
202608191705197726,202608191654270029,202608191654269970,76,144446,PPA Bronze,br_SF_PatientPreAdmission,TASK_COMPLETE,SUCCESS,INFO,9344,9344,0,,2026-08-19T16:54:47.315Z,2026-08-19T17:10:18.523Z,931,2026-08-19T17:10:18.523Z,DRD-SF,SF,4736cb14-987d-4509-b3d7-654790c2de16,SAMMS-SFv5
202608191705197727,202608191654270030,202608191654269970,76,144447,PPA Bronze,br_SF_PatientPreAdmission,TASK_COMPLETE,SUCCESS,INFO,3640,3640,0,,2026-08-19T16:54:47.315Z,2026-08-19T17:10:18.523Z,931,2026-08-19T17:10:18.523Z,ELC,ElizabethCity,4736cb14-987d-4509-b3d7-654790c2de16,SAMMS-ElizabethCity
202608221113177484,202608221042113051,202608221042112981,85,1880,Bronze INV,br_Appointments,TASK_COMPLETE,SUCCESS,INFO,88990,88990,0,,2026-08-22T10:42:14.039Z,2026-08-22T11:16:52.295Z,2078,2026-08-22T11:16:52.295Z,VWBY,Woodbury,28d7acf5-bc26-4be3-b390-775b9af3d980,SAMMS-WoodburyV6
202608221113177585,202608221042213005,202608221042212981,86,8583,Silver INV,sl_Appointments,TASK_COMPLETE,SUCCESS,INFO,412361,412361,0,,2026-08-22T10:42:14.039Z,2026-08-22T11:16:52.295Z,2078,2026-08-22T11:16:52.295Z,,,28d7acf5-bc26-4be3-b390-775b9af3d980,
202608221113177489,202608221042112992,202608221042112981,85,1890,Bronze INV,br_Bottle,TASK_COMPLETE,SUCCESS,INFO,51690,51690,0,,2026-08-22T10:42:14.039Z,2026-08-22T11:16:52.295Z,2078,2026-08-22T11:16:52.295Z,B26,Hazard,28d7acf5-bc26-4be3-b390-775b9af3d980,SAMMS-HazardV5
202608201606565328,202608201606565328,202608201140451356,84,230,Gold Salesforce Events,Events,TASK_ALREADY_COMPLETED,ALREADY_COMPLETED,INFO,0,0,0,Already succeeded in previous attempt,2026-08-20T16:07:02.026Z,2026-08-20T16:07:02.026Z,0,2026-08-20T16:07:02.026Z,,,95538f17-9d82-404e-9e3f-d1777714a921,
202608191705197709,202608191654270015,202608191654269970,76,144432,PPA Bronze,br_SF_PatientPreAdmission,TASK_COMPLETE,SUCCESS,INFO,6470,6470,0,,2026-08-19T16:54:47.315Z,2026-08-19T17:10:18.523Z,931,2026-08-19T17:10:18.523Z,BG,BowlingGreen,4736cb14-987d-4509-b3d7-654790c2de16,SAMMS-BowlingGreen
202608191705197710,202608191654270016,202608191654269970,76,144433,PPA Bronze,br_SF_PatientPreAdmission,TASK_COMPLETE,SUCCESS,INFO,2570,2570,0,,2026-08-19T16:54:47.315Z,2026-08-19T17:10:18.523Z,931,2026-08-19T17:10:18.523Z,BOI,Boise,4736cb14-987d-4509-b3d7-654790c2de16,SAMMS-Boise
202608191705197748,202608191654270045,202608191654269970,76,144462,PPA Bronze,br_SF_PatientPreAdmission,TASK_COMPLETE,SUCCESS,INFO,6562,6562,0,,2026-08-19T16:54:47.315Z,2026-08-19T17:10:18.523Z,931,2026-08-19T17:10:18.523Z,LV2,DesertInn,4736cb14-987d-4509-b3d7-654790c2de16,SAMMS-DesertInn
202608191705197749,202608191654270046,202608191654269970,76,144463,PPA Bronze,br_SF_PatientPreAdmission,TASK_COMPLETE,SUCCESS,INFO,2722,2722,0,,2026-08-19T16:54:47.315Z,2026-08-19T17:10:18.523Z,931,2026-08-19T17:10:18.523Z,LV3,McDaniel,4736cb14-987d-4509-b3d7-654790c2de16,SAMMS-McDaniel
202608121701059452,202608121701059450,20260812085501,116,8626,Silver Patient Services,sl_patientservicesnoshow,TASK_FAILED,FAILED,ERROR,0,0,1,"[AMBIGUOUS_REFERENCE] Reference `IntakeDate` is ambiguous, could be: [`IntakeDate`, `IntakeDate`].",2026-08-12T17:01:05.945Z,2026-08-12T17:02:28.186Z,78,2026-08-12T17:02:28.186Z,,,23a4a328-005d-472d-8b87-bb30b33501a7,
202608191705197731,202608191654270033,202608191654269970,76,144450,PPA Bronze,br_SF_PatientPreAdmission,TASK_COMPLETE,SUCCESS,INFO,5034,5034,0,,2026-08-19T16:54:47.315Z,2026-08-19T17:10:18.523Z,931,2026-08-19T17:10:18.523Z,FR,Frankfort,4736cb14-987d-4509-b3d7-654790c2de16,SAMMS-Frankfort
202608191705197733,202608191654270034,202608191654269970,76,144451,PPA Bronze,br_SF_PatientPreAdmission,TASK_COMPLETE,SUCCESS,INFO,2032,2032,0,,2026-08-19T16:54:47.315Z,2026-08-19T17:10:18.523Z,931,2026-08-19T17:10:18.523Z,FS,FortSmith,4736cb14-987d-4509-b3d7-654790c2de16,SAMMS-FortSmith
202608121215089429,202608121215089428,20260812085501,116,8626,Silver Patient Services,sl_patientservicesnoshow,TASK_FAILED,FAILED,ERROR,0,0,1,"[AMBIGUOUS_REFERENCE] Reference `Location` is ambiguous, could be: [`Location`, `dc`.`Location`].",2026-08-12T12:15:08.942Z,2026-08-12T12:18:15.872Z,159,2026-08-12T12:18:15.872Z,,,83a13fa6-60ac-4b7a-8e42-3e96f2fa8836,
202608191705197667,202608191654269983,202608191654269970,76,144400,PPA Bronze,br_SF_PatientPreAdmission,TASK_COMPLETE,SUCCESS,INFO,13377,13377,0,,2026-08-19T16:54:47.315Z,2026-08-19T17:10:18.523Z,931,2026-08-19T17:10:18.523Z,B35,Lexington,4736cb14-987d-4509-b3d7-654790c2de16,SAMMS-LexingtonV5
202608191705197669,202608191654269984,202608191654269970,76,144401,PPA Bronze,br_SF_PatientPreAdmission,TASK_COMPLETE,SUCCESS,INFO,3542,3542,0,,2026-08-19T16:54:47.315Z,2026-08-19T17:10:18.523Z,931,2026-08-19T17:10:18.523Z,B35A,Berea,4736cb14-987d-4509-b3d7-654790c2de16,SAMMS-BereaV5
202608102139177414,202608102103362619,202608102103362513,31,94106,FormAnswerSignatures Bronze - V5,br_tblFormAnswerSig,TASK_COMPLETE,SUCCESS,INFO,25043,25043,0,,2026-08-10T21:04:36.348Z,2026-08-10T21:39:44.219Z,2108,2026-08-10T21:39:44.219Z,V5,NONTC,0e7e4594-5e6f-405f-a303-69a6f189ed20,
202608102139177415,202608102103362620,202608102103362513,31,94107,FormAnswerSignatures Bronze - V5B,br_tblFormAnswerSig,TASK_COMPLETE,SUCCESS,INFO,5379,5379,0,,2026-08-10T21:04:36.348Z,2026-08-10T21:39:44.219Z,2108,2026-08-10T21:39:44.219Z,V5B,Houma,0e7e4594-5e6f-405f-a303-69a6f189ed20,
202608102139177416,202608102103362621,202608102103362513,31,94108,FormAnswerSignatures Bronze - V6,br_tblFormAnswerSig,TASK_COMPLETE,SUCCESS,INFO,27057,27057,0,,2026-08-10T21:04:36.348Z,2026-08-10T21:39:44.219Z,2108,2026-08-10T21:39:44.219Z,V6,LC,0e7e4594-5e6f-405f-a303-69a6f189ed20,
202608102139177417,202608102103362622,202608102103362513,31,94109,FormAnswerSignatures Bronze - V8,br_tblFormAnswerSig,TASK_COMPLETE,SUCCESS,INFO,18617,18617,0,,2026-08-10T21:04:36.348Z,2026-08-10T21:39:44.219Z,2108,2026-08-10T21:39:44.219Z,V8,VCPHCS-VIII-Memphis,0e7e4594-5e6f-405f-a303-69a6f189ed20,
202608102139177418,202608102103362623,202608102103362513,31,94110,FormAnswerSignatures Bronze - V9,br_tblFormAnswerSig,TASK_COMPLETE,SUCCESS,INFO,45269,45269,0,,2026-08-10T21:04:36.348Z,2026-08-10T21:39:44.219Z,2108,2026-08-10T21:39:44.219Z,V9,Nashville,0e7e4594-5e6f-405f-a303-69a6f189ed20,
202608102139177419,202608102103362624,202608102103362513,31,94111,FormAnswerSignatures Bronze - VBRA,br_tblFormAnswerSig,TASK_COMPLETE,SUCCESS,INFO,41705,41705,0,,2026-08-10T21:04:36.348Z,2026-08-10T21:39:44.219Z,2108,2026-08-10T21:39:44.219Z,VBRA,Brainerd,0e7e4594-5e6f-405f-a303-69a6f189ed20,
202608102139177420,202608102103362625,202608102103362513,31,94112,FormAnswerSignatures Bronze - VBRP,br_tblFormAnswerSig,TASK_COMPLETE,SUCCESS,INFO,65236,65236,0,,2026-08-10T21:04:36.348Z,2026-08-10T21:39:44.219Z,2108,2026-08-10T21:39:44.219Z,VBRP,BrooklynPark,0e7e4594-5e6f-405f-a303-69a6f189ed20,
202608102139177421,202608102103362626,202608102103362513,31,94113,FormAnswerSignatures Bronze - VMIN,br_tblFormAnswerSig,TASK_COMPLETE,SUCCESS,INFO,54422,54422,0,,2026-08-10T21:04:36.348Z,2026-08-10T21:39:44.219Z,2108,2026-08-10T21:39:44.219Z,VMIN,Minneapolis,0e7e4594-5e6f-405f-a303-69a6f189ed20,
202608102139177423,202608102103362627,202608102103362513,31,94114,FormAnswerSignatures Bronze - VWBY,br_tblFormAnswerSig,TASK_COMPLETE,SUCCESS,INFO,76064,76064,0,,2026-08-10T21:04:36.348Z,2026-08-10T21:39:44.219Z,2108,2026-08-10T21:39:44.219Z,VWBY,Woodbury,0e7e4594-5e6f-405f-a303-69a6f189ed20,
202608102139177424,202608102103362628,202608102103362513,31,94115,FormAnswerSignatures Bronze - WIL,br_tblFormAnswerSig,TASK_COMPLETE,SUCCESS,INFO,15680,15680,0,,2026-08-10T21:04:36.348Z,2026-08-10T21:39:44.219Z,2108,2026-08-10T21:39:44.219Z,WIL,Wilson,0e7e4594-5e6f-405f-a303-69a6f189ed20,
202608221113177680,202608221042113135,202608221042112981,85,3017,Bronze INV,br_ReAssessment,TASK_COMPLETE,SUCCESS,INFO,0,0,0,,2026-08-22T10:42:14.039Z,2026-08-22T11:16:52.295Z,2078,2026-08-22T11:16:52.295Z,B46,Washington DC,28d7acf5-bc26-4be3-b390-775b9af3d980,SAMMS-WashingtonDCv5
202608221113177681,202608221042113136,202608221042112981,85,3018,Bronze INV,br_ReAssessment,TASK_COMPLETE,SUCCESS,INFO,0,0,0,,2026-08-22T10:42:14.039Z,2026-08-22T11:16:52.295Z,2078,2026-08-22T11:16:52.295Z,B47,Mobile,28d7acf5-bc26-4be3-b390-775b9af3d980,SAMMS-MobileV5
202608221113177682,202608221042113137,202608221042112981,85,3087,Bronze INV,br_ReAssessment,TASK_COMPLETE,SUCCESS,INFO,0,0,0,,2026-08-22T10:42:14.039Z,2026-08-22T11:16:52.295Z,2078,2026-08-22T11:16:52.295Z,DRD-NOLA,NOLA,28d7acf5-bc26-4be3-b390-775b9af3d980,SAMMS-NOLAv5
202608191705197670,202608191654269985,202608191654269970,76,144402,PPA Bronze,br_SF_PatientPreAdmission,TASK_COMPLETE,SUCCESS,INFO,5500,5500,0,,2026-08-19T16:54:47.315Z,2026-08-19T17:10:18.523Z,931,2026-08-19T17:10:18.523Z,B36,Asheville,4736cb14-987d-4509-b3d7-654790c2de16,SAMMS-AshevilleV5
202608191705197671,202608191654269986,202608191654269970,76,144403,PPA Bronze,br_SF_PatientPreAdmission,TASK_COMPLETE,SUCCESS,INFO,3814,3814,0,,2026-08-19T16:54:47.315Z,2026-08-19T17:10:18.523Z,931,2026-08-19T17:10:18.523Z,B37,Clyde,4736cb14-987d-4509-b3d7-654790c2de16,SAMMS-ClydeV5
202608102323440928,202608102246290068,202608102246289962,31,94106,FormAnswerSignatures Bronze - V5,br_tblFormAnswerSig,TASK_COMPLETE,SUCCESS,INFO,25043,25043,0,,2026-08-10T22:46:50.634Z,2026-08-10T23:23:47.420Z,2217,2026-08-10T23:23:47.420Z,V5,NONTC,577185a2-f5a0-4625-b776-012683caf0bc,
202608102323440930,202608102246290069,202608102246289962,31,94107,FormAnswerSignatures Bronze - V5B,br_tblFormAnswerSig,TASK_COMPLETE,SUCCESS,INFO,5379,5379,0,,2026-08-10T22:46:50.634Z,2026-08-10T23:23:47.420Z,2217,2026-08-10T23:23:47.420Z,V5B,Houma,577185a2-f5a0-4625-b776-012683caf0bc,
202608102323440931,202608102246290070,202608102246289962,31,94108,FormAnswerSignatures Bronze - V6,br_tblFormAnswerSig,TASK_COMPLETE,SUCCESS,INFO,27058,27058,0,,2026-08-10T22:46:50.634Z,2026-08-10T23:23:47.420Z,2217,2026-08-10T23:23:47.420Z,V6,LC,577185a2-f5a0-4625-b776-012683caf0bc,
202608102323440932,202608102246290071,202608102246289962,31,94109,FormAnswerSignatures Bronze - V8,br_tblFormAnswerSig,TASK_COMPLETE,SUCCESS,INFO,18617,18617,0,,2026-08-10T22:46:50.634Z,2026-08-10T23:23:47.420Z,2217,2026-08-10T23:23:47.420Z,V8,VCPHCS-VIII-Memphis,577185a2-f5a0-4625-b776-012683caf0bc,
202608102323440933,202608102246290072,202608102246289962,31,94110,FormAnswerSignatures Bronze - V9,br_tblFormAnswerSig,TASK_COMPLETE,SUCCESS,INFO,45269,45269,0,,2026-08-10T22:46:50.634Z,2026-08-10T23:23:47.420Z,2217,2026-08-10T23:23:47.420Z,V9,Nashville,577185a2-f5a0-4625-b776-012683caf0bc,
202608102323440934,202608102246290073,202608102246289962,31,94111,FormAnswerSignatures Bronze - VBRA,br_tblFormAnswerSig,TASK_COMPLETE,SUCCESS,INFO,41705,41705,0,,2026-08-10T22:46:50.634Z,2026-08-10T23:23:47.420Z,2217,2026-08-10T23:23:47.420Z,VBRA,Brainerd,577185a2-f5a0-4625-b776-012683caf0bc,
202608102323440935,202608102246290074,202608102246289962,31,94112,FormAnswerSignatures Bronze - VBRP,br_tblFormAnswerSig,TASK_COMPLETE,SUCCESS,INFO,65237,65237,0,,2026-08-10T22:46:50.634Z,2026-08-10T23:23:47.420Z,2217,2026-08-10T23:23:47.420Z,VBRP,BrooklynPark,577185a2-f5a0-4625-b776-012683caf0bc,
202608102323440936,202608102246290075,202608102246289962,31,94113,FormAnswerSignatures Bronze - VMIN,br_tblFormAnswerSig,TASK_COMPLETE,SUCCESS,INFO,54422,54422,0,,2026-08-10T22:46:50.634Z,2026-08-10T23:23:47.420Z,2217,2026-08-10T23:23:47.420Z,VMIN,Minneapolis,577185a2-f5a0-4625-b776-012683caf0bc,
202608102323440937,202608102246290076,202608102246289962,31,94114,FormAnswerSignatures Bronze - VWBY,br_tblFormAnswerSig,TASK_COMPLETE,SUCCESS,INFO,76064,76064,0,,2026-08-10T22:46:50.634Z,2026-08-10T23:23:47.420Z,2217,2026-08-10T23:23:47.420Z,VWBY,Woodbury,577185a2-f5a0-4625-b776-012683caf0bc,
202608102323440938,202608102246290077,202608102246289962,31,94115,FormAnswerSignatures Bronze - WIL,br_tblFormAnswerSig,TASK_COMPLETE,SUCCESS,INFO,15688,15688,0,,2026-08-10T22:46:50.634Z,2026-08-10T23:23:47.420Z,2217,2026-08-10T23:23:47.420Z,WIL,Wilson,577185a2-f5a0-4625-b776-012683caf0bc,
202608210938438638,202608210910301213,202608210910301208,45,194,SAMMSGLOBAL Gold,ClinicalOpiateWithdrawalScale,TASK_COMPLETE,SUCCESS,INFO,425776,425776,0,,2026-08-21T09:10:14.296Z,2026-08-21T09:38:52.166Z,1718,2026-08-21T09:38:52.166Z,Global,Global,859bd6e7-8433-41b7-8f16-164cdd55063d,SAMMSGLOBAL
202608102226458897,202608102151219809,202608102151219703,31,94106,FormAnswerSignatures Bronze - V5,br_tblFormAnswerSig,TASK_COMPLETE,SUCCESS,INFO,25043,25043,0,,2026-08-10T21:52:10.015Z,2026-08-10T22:26:49.259Z,2079,2026-08-10T22:26:49.259Z,V5,NONTC,733bdb65-98e7-4d6d-af8f-93040e55bb44,
202608102226458899,202608102151219810,202608102151219703,31,94107,FormAnswerSignatures Bronze - V5B,br_tblFormAnswerSig,TASK_COMPLETE,SUCCESS,INFO,5379,5379,0,,2026-08-10T21:52:10.015Z,2026-08-10T22:26:49.259Z,2079,2026-08-10T22:26:49.259Z,V5B,Houma,733bdb65-98e7-4d6d-af8f-93040e55bb44,
202608102226458900,202608102151219811,202608102151219703,31,94108,FormAnswerSignatures Bronze - V6,br_tblFormAnswerSig,TASK_COMPLETE,SUCCESS,INFO,27058,27058,0,,2026-08-10T21:52:10.015Z,2026-08-10T22:26:49.259Z,2079,2026-08-10T22:26:49.259Z,V6,LC,733bdb65-98e7-4d6d-af8f-93040e55bb44,
202608102226458901,202608102151219812,202608102151219703,31,94109,FormAnswerSignatures Bronze - V8,br_tblFormAnswerSig,TASK_COMPLETE,SUCCESS,INFO,18617,18617,0,,2026-08-10T21:52:10.015Z,2026-08-10T22:26:49.259Z,2079,2026-08-10T22:26:49.259Z,V8,VCPHCS-VIII-Memphis,733bdb65-98e7-4d6d-af8f-93040e55bb44,
202608102226458902,202608102151219813,202608102151219703,31,94110,FormAnswerSignatures Bronze - V9,br_tblFormAnswerSig,TASK_COMPLETE,SUCCESS,INFO,45269,45269,0,,2026-08-10T21:52:10.015Z,2026-08-10T22:26:49.259Z,2079,2026-08-10T22:26:49.259Z,V9,Nashville,733bdb65-98e7-4d6d-af8f-93040e55bb44,
202608102226458903,202608102151219814,202608102151219703,31,94111,FormAnswerSignatures Bronze - VBRA,br_tblFormAnswerSig,TASK_COMPLETE,SUCCESS,INFO,41705,41705,0,,2026-08-10T21:52:10.015Z,2026-08-10T22:26:49.259Z,2079,2026-08-10T22:26:49.259Z,VBRA,Brainerd,733bdb65-98e7-4d6d-af8f-93040e55bb44,
202608102226458904,202608102151219815,202608102151219703,31,94112,FormAnswerSignatures Bronze - VBRP,br_tblFormAnswerSig,TASK_COMPLETE,SUCCESS,INFO,65237,65237,0,,2026-08-10T21:52:10.015Z,2026-08-10T22:26:49.259Z,2079,2026-08-10T22:26:49.259Z,VBRP,BrooklynPark,733bdb65-98e7-4d6d-af8f-93040e55bb44,
202608102226458905,202608102151219816,202608102151219703,31,94113,FormAnswerSignatures Bronze - VMIN,br_tblFormAnswerSig,TASK_COMPLETE,SUCCESS,INFO,54422,54422,0,,2026-08-10T21:52:10.015Z,2026-08-10T22:26:49.259Z,2079,2026-08-10T22:26:49.259Z,VMIN,Minneapolis,733bdb65-98e7-4d6d-af8f-93040e55bb44,
202608102226458906,202608102151219817,202608102151219703,31,94114,FormAnswerSignatures Bronze - VWBY,br_tblFormAnswerSig,TASK_COMPLETE,SUCCESS,INFO,76064,76064,0,,2026-08-10T21:52:10.015Z,2026-08-10T22:26:49.259Z,2079,2026-08-10T22:26:49.259Z,VWBY,Woodbury,733bdb65-98e7-4d6d-af8f-93040e55bb44,
202608102226458907,202608102151219818,202608102151219703,31,94115,FormAnswerSignatures Bronze - WIL,br_tblFormAnswerSig,TASK_COMPLETE,SUCCESS,INFO,15685,15685,0,,2026-08-10T21:52:10.015Z,2026-08-10T22:26:49.259Z,2079,2026-08-10T22:26:49.259Z,WIL,Wilson,733bdb65-98e7-4d6d-af8f-93040e55bb44,
202608221113176865,202608221042113059,202608221042112981,85,346,Bronze INV,br_AdmissionAssessment,TASK_COMPLETE,SUCCESS,INFO,1,1,0,,2026-08-22T10:42:14.039Z,2026-08-22T11:16:52.295Z,2078,2026-08-22T11:16:52.295Z,LO,Louisville,28d7acf5-bc26-4be3-b390-775b9af3d980,SAMMS-Louisville
202608221113176866,202608221042113060,202608221042112981,85,405,Bronze INV,br_AdmissionAssessment,TASK_COMPLETE,SUCCESS,INFO,2,2,0,,2026-08-22T10:42:14.039Z,2026-08-22T11:16:52.295Z,2078,2026-08-22T11:16:52.295Z,VBRP,Brooklyn Park,28d7acf5-bc26-4be3-b390-775b9af3d980,SAMMS-BrooklynParkV6
202608221113176867,202608221042113061,202608221042112981,85,408,Bronze INV,br_AdmissionAssessment,TASK_COMPLETE,SUCCESS,INFO,1,1,0,,2026-08-22T10:42:14.039Z,2026-08-22T11:16:52.295Z,2078,2026-08-22T11:16:52.295Z,VWBY,Woodbury,28d7acf5-bc26-4be3-b390-775b9af3d980,SAMMS-WoodburyV6
202608191705197728,202608191654270031,202608191654269970,76,144448,PPA Bronze,br_SF_PatientPreAdmission,TASK_COMPLETE,SUCCESS,INFO,5181,5181,0,,2026-08-19T16:54:47.315Z,2026-08-19T17:10:18.523Z,931,2026-08-19T17:10:18.523Z,ET,Elizabethtown,4736cb14-987d-4509-b3d7-654790c2de16,SAMMS-Elizabethtown
202608191705197730,202608191654270032,202608191654269970,76,144449,PPA Bronze,br_SF_PatientPreAdmission,TASK_COMPLETE,SUCCESS,INFO,2080,2080,0,,2026-08-19T16:54:47.315Z,2026-08-19T17:10:18.523Z,931,2026-08-19T17:10:18.523Z,FAY,Fayetteville,4736cb14-987d-4509-b3d7-654790c2de16,SAMMS-Fayetteville
202608241653447840,202608241642210599,202608241642210597,25,55002,DartsSrv Bronze - B12B,br_tblDartSrv,TASK_COMPLETE,SUCCESS,INFO,43756,43756,0,,2026-08-24T16:42:25.487Z,2026-08-24T16:53:47.670Z,682,2026-08-24T16:53:47.670Z,B12B,ColoradoSprings,5cf5e7e6-6128-4873-becd-173291142e4e,SAMMS-ColoradoSpringsV5
202608221113176729,202608221042113038,202608221042112981,85,2543,Bronze INV,br_LabResultDetail,TASK_COMPLETE,SUCCESS,INFO,9168,9168,0,,2026-08-22T10:42:14.039Z,2026-08-22T11:16:52.295Z,2078,2026-08-22T11:16:52.295Z,FW,Fort Wayne,28d7acf5-bc26-4be3-b390-775b9af3d980,SAMMS-FortWayne
202608221113176730,202608221042113039,202608221042112981,85,2554,Bronze INV,br_LabResultDetail,TASK_COMPLETE,SUCCESS,INFO,88941,88941,0,,2026-08-22T10:42:14.039Z,2026-08-22T11:16:52.295Z,2078,2026-08-22T11:16:52.295Z,LO,Louisville,28d7acf5-bc26-4be3-b390-775b9af3d980,SAMMS-Louisville
202608221113176731,202608221042113040,202608221042112981,85,2613,Bronze INV,br_LabResultDetail,TASK_COMPLETE,SUCCESS,INFO,18,18,0,,2026-08-22T10:42:14.039Z,2026-08-22T11:16:52.295Z,2078,2026-08-22T11:16:52.295Z,VBRP,Brooklyn Park,28d7acf5-bc26-4be3-b390-775b9af3d980,SAMMS-BrooklynParkV6
202608201034573151,202608201013530495,202608201013530447,46,10002,P1 Finance Diag10 Bronze - B25,br_samms_tbldiag10,TASK_COMPLETE,SUCCESS,INFO,1021,1021,0,,2026-08-20T10:13:57.622Z,2026-08-20T10:39:20.764Z,1523,2026-08-20T10:39:20.764Z,B25,Pikeville,069e8d01-766c-4679-b3df-c21f4d7bc3d1,SAMMS-PikevilleV5
202608201143260466,202608201143260466,202608201140451356,84,13674,Gold Salesforce Leads,Leads,TASK_DEPENDENCY_BLOCKED,DEPENDENCY_BLOCKED,WARN,0,0,0,"Dependency Failed : 222 (checked: 222,218,217)",2026-08-20T11:43:31.928Z,2026-08-20T11:43:31.928Z,0,2026-08-20T11:43:31.928Z,,,79156e84-8509-4e63-a064-b4b0873a2a40,
202608120911546177,202608120822452533,202608120822452528,106,6975,Clinical Domain Bronze - SaveBamForm - BOI,brz_BAMForm,TASK_COMPLETE,SUCCESS,INFO,310,310,0,,2026-08-12T08:25:12.254Z,2026-08-12T09:12:13.728Z,2821,2026-08-12T09:12:13.728Z,BOI,Boise,577435af-c452-4617-9a3c-7d2b03361707,
202608120911546178,202608120822452534,202608120822452528,106,7024,Clinical Domain Bronze - SaveBamForm - V10,brz_BAMForm,TASK_COMPLETE,SUCCESS,INFO,462,462,0,,2026-08-12T08:25:12.254Z,2026-08-12T09:12:13.728Z,2821,2026-08-12T09:12:13.728Z,V10,Boulder,577435af-c452-4617-9a3c-7d2b03361707,
202608120911546180,202608120822452535,202608120822452528,106,7046,Clinical Domain Bronze - SaveBamScore - B12B,brz_BAMScore,TASK_COMPLETE,SUCCESS,INFO,6555,6555,0,,2026-08-12T08:25:12.254Z,2026-08-12T09:12:13.728Z,2821,2026-08-12T09:12:13.728Z,B12B,ColoradoSprings,577435af-c452-4617-9a3c-7d2b03361707,
202608120911546181,202608120822452536,202608120822452528,106,7090,Clinical Domain Bronze - SaveBamScore - BOI,brz_BAMScore,TASK_COMPLETE,SUCCESS,INFO,3609,3609,0,,2026-08-12T08:25:12.254Z,2026-08-12T09:12:13.728Z,2821,2026-08-12T09:12:13.728Z,BOI,Boise,577435af-c452-4617-9a3c-7d2b03361707,
202608141506426643,202608141444143628,202608141444143611,46,9645,P1 Finance Claim Line Item Activity Bronze - AHK,br_samms_claim_line_item_activity,TASK_COMPLETE,SUCCESS,INFO,22518,22518,0,,2026-08-14T14:44:17.762Z,2026-08-14T15:09:27.882Z,1510,2026-08-14T15:09:27.882Z,AHK,Ahoskie,1c123384-c339-4954-be1f-3a8d150ebb14,
202608170614178936,202608170551256439,202608170551256420,46,9175,P1 Finance Payer Client History Bronze - B24,br_samms_payer_clt_history,TASK_COMPLETE,SUCCESS,INFO,106,106,0,,2026-08-17T05:51:47.044Z,2026-08-17T06:14:21.786Z,1354,2026-08-17T06:14:21.786Z,B24,Paintsville,09d84bc7-e629-48a4-a32a-826b207e96d1,
202608170614178937,202608170551256440,202608170551256420,46,9176,P1 Finance Payer Client History Bronze - B25,br_samms_payer_clt_history,TASK_COMPLETE,SUCCESS,INFO,57,57,0,,2026-08-17T05:51:47.044Z,2026-08-17T06:14:21.786Z,1354,2026-08-17T06:14:21.786Z,B25,Pikeville,09d84bc7-e629-48a4-a32a-826b207e96d1,
202608110409368525,202608110331629364,202608110331629359,106,6975,Clinical Domain Bronze - SaveBamForm - BOI,brz_BAMForm,TASK_COMPLETE,SUCCESS,INFO,308,308,0,,2026-08-11T03:32:39.288Z,2026-08-11T04:09:40.942Z,2221,2026-08-11T04:09:40.942Z,BOI,Boise,6e36e3b5-c33e-4cc8-b6e2-dc5c3524428c,
202608110409368526,202608110331629365,202608110331629359,106,7024,Clinical Domain Bronze - SaveBamForm - V10,brz_BAMForm,TASK_COMPLETE,SUCCESS,INFO,461,461,0,,2026-08-11T03:32:39.288Z,2026-08-11T04:09:40.942Z,2221,2026-08-11T04:09:40.942Z,V10,Boulder,6e36e3b5-c33e-4cc8-b6e2-dc5c3524428c,
202608110409368527,202608110331629366,202608110331629359,106,7046,Clinical Domain Bronze - SaveBamScore - B12B,brz_BAMScore,TASK_COMPLETE,SUCCESS,INFO,6549,6549,0,,2026-08-11T03:32:39.288Z,2026-08-11T04:09:40.942Z,2221,2026-08-11T04:09:40.942Z,B12B,ColoradoSprings,6e36e3b5-c33e-4cc8-b6e2-dc5c3524428c,
202608110409368528,202608110331629367,202608110331629359,106,7090,Clinical Domain Bronze - SaveBamScore - BOI,brz_BAMScore,TASK_COMPLETE,SUCCESS,INFO,3603,3603,0,,2026-08-11T03:32:39.288Z,2026-08-11T04:09:40.942Z,2221,2026-08-11T04:09:40.942Z,BOI,Boise,6e36e3b5-c33e-4cc8-b6e2-dc5c3524428c,
202608120345496400,202608120259257374,202608120259257369,106,6975,Clinical Domain Bronze - SaveBamForm - BOI,brz_BAMForm,TASK_COMPLETE,SUCCESS,INFO,310,310,0,,2026-08-12T03:00:44.797Z,2026-08-12T03:45:52.499Z,2708,2026-08-12T03:45:52.499Z,BOI,Boise,72952692-3a45-4fdd-be32-4592206c2867,
202608120345496401,202608120259257375,202608120259257369,106,7024,Clinical Domain Bronze - SaveBamForm - V10,brz_BAMForm,TASK_COMPLETE,SUCCESS,INFO,462,462,0,,2026-08-12T03:00:44.797Z,2026-08-12T03:45:52.499Z,2708,2026-08-12T03:45:52.499Z,V10,Boulder,72952692-3a45-4fdd-be32-4592206c2867,
202608120345496402,202608120259257376,202608120259257369,106,7046,Clinical Domain Bronze - SaveBamScore - B12B,brz_BAMScore,TASK_COMPLETE,SUCCESS,INFO,6555,6555,0,,2026-08-12T03:00:44.797Z,2026-08-12T03:45:52.499Z,2708,2026-08-12T03:45:52.499Z,B12B,ColoradoSprings,72952692-3a45-4fdd-be32-4592206c2867,
202608120345496403,202608120259257377,202608120259257369,106,7090,Clinical Domain Bronze - SaveBamScore - BOI,brz_BAMScore,TASK_COMPLETE,SUCCESS,INFO,3609,3609,0,,2026-08-12T03:00:44.797Z,2026-08-12T03:45:52.499Z,2708,2026-08-12T03:45:52.499Z,BOI,Boise,72952692-3a45-4fdd-be32-4592206c2867,
202608170650554204,202608170608269053,202608170608269015,106,8174,Clinical Domain Bronze - SaveVACASummary - V10,br_VAComprehensiveAssessmentSummary,TASK_COMPLETE,SUCCESS,INFO,1725,1725,0,,2026-08-17T06:09:37.896Z,2026-08-17T06:50:58.970Z,2481,2026-08-17T06:50:58.970Z,V10,Boulder,83c0f655-df7d-4ce0-a8e7-3e8120951bbc,
202608140744357375,202608140725214678,202608140725214656,118,10905,Bronze P1/P2 Assessments,br_NewPeriodicReassessmentCounselorReview,TASK_COMPLETE,SUCCESS,INFO,0,0,0,,2026-08-14T07:25:23.942Z,2026-08-14T07:44:38.851Z,1155,2026-08-14T07:44:38.851Z,AHK,Ahoskie,9e759780-91b7-4e4a-882b-cd4350ec70b7,
202608140744357376,202608140725214679,202608140725214656,118,10906,Bronze P1/P2 Assessments,br_NewPeriodicReassessmentCounselorReview,TASK_COMPLETE,SUCCESS,INFO,0,0,0,,2026-08-14T07:25:23.942Z,2026-08-14T07:44:38.851Z,1155,2026-08-14T07:44:38.851Z,B12B,Colorado Springs,9e759780-91b7-4e4a-882b-cd4350ec70b7,
202608140744357377,202608140725214680,202608140725214656,118,10907,Bronze P1/P2 Assessments,br_NewPeriodicReassessmentCounselorReview,TASK_COMPLETE,SUCCESS,INFO,320,320,0,,2026-08-14T07:25:23.942Z,2026-08-14T07:44:38.851Z,1155,2026-08-14T07:44:38.851Z,B24,Paintsville,9e759780-91b7-4e4a-882b-cd4350ec70b7,
202608102144480448,202608102108561395,202608102108561394,28,91001,FormQuestionAnswers Bronze - AHK,br_tblFormQA,TASK_COMPLETE,SUCCESS,INFO,4786,4786,0,,2026-08-10T21:09:33.412Z,2026-08-10T21:44:51.777Z,2118,2026-08-10T21:44:51.777Z,AHK,Ahoskie,919a3989-3039-4ed4-8e54-b0f9527e0235,
202608102144480449,202608102108561396,202608102108561394,28,91002,FormQuestionAnswers Bronze - B12B,br_tblFormQA,TASK_COMPLETE,SUCCESS,INFO,9808,9808,0,,2026-08-10T21:09:33.412Z,2026-08-10T21:44:51.777Z,2118,2026-08-10T21:44:51.777Z,B12B,ColoradoSprings,919a3989-3039-4ed4-8e54-b0f9527e0235,
202608102144480451,202608102108561397,202608102108561394,28,91003,FormQuestionAnswers Bronze - B24,br_tblFormQA,TASK_COMPLETE,SUCCESS,INFO,29342,29342,0,,2026-08-10T21:09:33.412Z,2026-08-10T21:44:51.777Z,2118,2026-08-10T21:44:51.777Z,B24,Paintsville,919a3989-3039-4ed4-8e54-b0f9527e0235,
202608102144480452,202608102108561398,202608102108561394,28,91004,FormQuestionAnswers Bronze - B25,br_tblFormQA,TASK_COMPLETE,SUCCESS,INFO,21415,21415,0,,2026-08-10T21:09:33.412Z,2026-08-10T21:44:51.777Z,2118,2026-08-10T21:44:51.777Z,B25,Pikeville,919a3989-3039-4ed4-8e54-b0f9527e0235,
202608102144480453,202608102108561399,202608102108561394,28,91005,FormQuestionAnswers Bronze - B26,br_tblFormQA,TASK_COMPLETE,SUCCESS,INFO,51117,51117,0,,2026-08-10T21:09:33.412Z,2026-08-10T21:44:51.777Z,2118,2026-08-10T21:44:51.777Z,B26,Hazard,919a3989-3039-4ed4-8e54-b0f9527e0235,
202608102144480454,202608102108561400,202608102108561394,28,91006,FormQuestionAnswers Bronze - B27,br_tblFormQA,TASK_COMPLETE,SUCCESS,INFO,8857,8857,0,,2026-08-10T21:09:33.412Z,2026-08-10T21:44:51.777Z,2118,2026-08-10T21:44:51.777Z,B27,Savannah,919a3989-3039-4ed4-8e54-b0f9527e0235,
202608102144480455,202608102108561401,202608102108561394,28,91007,FormQuestionAnswers Bronze - B28,br_tblFormQA,TASK_COMPLETE,SUCCESS,INFO,7942,7942,0,,2026-08-10T21:09:33.412Z,2026-08-10T21:44:51.777Z,2118,2026-08-10T21:44:51.777Z,B28,WestPlaines,919a3989-3039-4ed4-8e54-b0f9527e0235,
202608142019050065,202608141850614643,202608141850614621,28,91022,FormQuestionAnswers Bronze - B42B,br_tblFormQA,TASK_COMPLETE,SUCCESS,INFO,61972,61972,0,,2026-08-14T18:51:07.427Z,2026-08-14T20:19:08.156Z,5281,2026-08-14T20:19:08.156Z,B42B,Franklin,06b9d75d-291b-4cd2-9a89-52908a52280f,
202608142019050066,202608141850614644,202608141850614621,28,91023,FormQuestionAnswers Bronze - B42C,br_tblFormQA,TASK_COMPLETE,SUCCESS,INFO,192748,192748,0,,2026-08-14T18:51:07.427Z,2026-08-14T20:19:08.156Z,5281,2026-08-14T20:19:08.156Z,B42C,GlenAllen,06b9d75d-291b-4cd2-9a89-52908a52280f,
202608142019050067,202608141850614645,202608141850614621,28,91024,FormQuestionAnswers Bronze - B42D,br_tblFormQA,TASK_COMPLETE,SUCCESS,INFO,182038,182038,0,,2026-08-14T18:51:07.427Z,2026-08-14T20:19:08.156Z,5281,2026-08-14T20:19:08.156Z,B42D,ChesapeakeSouth,06b9d75d-291b-4cd2-9a89-52908a52280f,
202608142019050068,202608141850614646,202608141850614621,28,91025,FormQuestionAnswers Bronze - B44,br_tblFormQA,TASK_COMPLETE,SUCCESS,INFO,95593,95593,0,,2026-08-14T18:51:07.427Z,2026-08-14T20:19:08.156Z,5281,2026-08-14T20:19:08.156Z,B44,Albany,06b9d75d-291b-4cd2-9a89-52908a52280f,
202608142019050069,202608141850614647,202608141850614621,28,91026,FormQuestionAnswers Bronze - B45,br_tblFormQA,TASK_COMPLETE,SUCCESS,INFO,193460,193460,0,,2026-08-14T18:51:07.427Z,2026-08-14T20:19:08.156Z,5281,2026-08-14T20:19:08.156Z,B45,Tifton,06b9d75d-291b-4cd2-9a89-52908a52280f,
202608142019050070,202608141850614648,202608141850614621,28,91027,FormQuestionAnswers Bronze - B46,br_tblFormQA,TASK_COMPLETE,SUCCESS,INFO,189875,189875,0,,2026-08-14T18:51:07.427Z,2026-08-14T20:19:08.156Z,5281,2026-08-14T20:19:08.156Z,B46,WashingtonDC,06b9d75d-291b-4cd2-9a89-52908a52280f,
202608142019050071,202608141850614649,202608141850614621,28,91028,FormQuestionAnswers Bronze - B47,br_tblFormQA,TASK_COMPLETE,SUCCESS,INFO,211101,211101,0,,2026-08-14T18:51:07.427Z,2026-08-14T20:19:08.156Z,5281,2026-08-14T20:19:08.156Z,B47,Mobile,06b9d75d-291b-4cd2-9a89-52908a52280f,
202608120911546191,202608120822452545,202608120822452528,106,7391,Clinical Domain Bronze - SaveUASched - B12B,brz_UASched,TASK_COMPLETE,SUCCESS,INFO,1969,1969,0,,2026-08-12T08:25:12.254Z,2026-08-12T09:12:13.728Z,2821,2026-08-12T09:12:13.728Z,B12B,ColoradoSprings,577435af-c452-4617-9a3c-7d2b03361707,
202608120911546193,202608120822452546,202608120822452528,106,7435,Clinical Domain Bronze - SaveUASched - BOI,brz_UASched,TASK_COMPLETE,SUCCESS,INFO,1750,1750,0,,2026-08-12T08:25:12.254Z,2026-08-12T09:12:13.728Z,2821,2026-08-12T09:12:13.728Z,BOI,Boise,577435af-c452-4617-9a3c-7d2b03361707,
202608120911546194,202608120822452547,202608120822452528,106,7484,Clinical Domain Bronze - SaveUASched - V10,brz_UASched,TASK_COMPLETE,SUCCESS,INFO,1499,1499,0,,2026-08-12T08:25:12.254Z,2026-08-12T09:12:13.728Z,2821,2026-08-12T09:12:13.728Z,V10,Boulder,577435af-c452-4617-9a3c-7d2b03361707,
202608120911546195,202608120822452548,202608120822452528,106,7506,Clinical Domain Bronze - BulkDartsSrvLoader - B12B,brz_UAResultDetail,TASK_COMPLETE,SUCCESS,INFO,1277,1277,0,,2026-08-12T08:25:12.254Z,2026-08-12T09:12:13.728Z,2821,2026-08-12T09:12:13.728Z,B12B,ColoradoSprings,577435af-c452-4617-9a3c-7d2b03361707,
202608120345496413,202608120259257386,202608120259257369,106,7391,Clinical Domain Bronze - SaveUASched - B12B,brz_UASched,TASK_COMPLETE,SUCCESS,INFO,1988,1988,0,,2026-08-12T03:00:44.797Z,2026-08-12T03:45:52.499Z,2708,2026-08-12T03:45:52.499Z,B12B,ColoradoSprings,72952692-3a45-4fdd-be32-4592206c2867,
202608120345496414,202608120259257387,202608120259257369,106,7435,Clinical Domain Bronze - SaveUASched - BOI,brz_UASched,TASK_COMPLETE,SUCCESS,INFO,1773,1773,0,,2026-08-12T03:00:44.797Z,2026-08-12T03:45:52.499Z,2708,2026-08-12T03:45:52.499Z,BOI,Boise,72952692-3a45-4fdd-be32-4592206c2867,
202608120345496415,202608120259257388,202608120259257369,106,7484,Clinical Domain Bronze - SaveUASched - V10,brz_UASched,TASK_COMPLETE,SUCCESS,INFO,1519,1519,0,,2026-08-12T03:00:44.797Z,2026-08-12T03:45:52.499Z,2708,2026-08-12T03:45:52.499Z,V10,Boulder,72952692-3a45-4fdd-be32-4592206c2867,
202608120345496417,202608120259257389,202608120259257369,106,7506,Clinical Domain Bronze - BulkDartsSrvLoader - B12B,brz_UAResultDetail,TASK_COMPLETE,SUCCESS,INFO,1385,1385,0,,2026-08-12T03:00:44.797Z,2026-08-12T03:45:52.499Z,2708,2026-08-12T03:45:52.499Z,B12B,ColoradoSprings,72952692-3a45-4fdd-be32-4592206c2867,
202608120919417454,202608120822552541,202608120822552528,107,8567,Clinical Domain Silver - SaveMNTreatmentServiceReview,slv_mntreatmentservicereview,TASK_COMPLETE,SUCCESS,INFO,46206,46206,0,,2026-08-12T08:25:12.254Z,2026-08-12T09:19:44.466Z,3272,2026-08-12T09:19:44.466Z,Global,SAMMSGLOBAL,577435af-c452-4617-9a3c-7d2b03361707,
202608181314387010,202608181250209494,202608181250209442,46,10120,P1 Finance Client Demo 1 Bronze - B25,br_samms_client_demo1,TASK_COMPLETE,SUCCESS,INFO,3409,3409,0,,2026-08-18T12:50:23.823Z,2026-08-18T13:14:41.917Z,1458,2026-08-18T13:14:41.917Z,B25,Pikeville,03823c35-021d-4cc9-8374-59681a542f1d,
202608181314387011,202608181250209495,202608181250209442,46,10235,P1 Finance Client Demo 2 Bronze - AHK,br_samms_client_demo2,TASK_COMPLETE,SUCCESS,INFO,301,301,0,,2026-08-18T12:50:23.823Z,2026-08-18T13:14:41.917Z,1458,2026-08-18T13:14:41.917Z,AHK,Ahoskie,03823c35-021d-4cc9-8374-59681a542f1d,
202608181314387012,202608181250209496,202608181250209442,46,10236,P1 Finance Client Demo 2 Bronze - B12B,br_samms_client_demo2,TASK_COMPLETE,SUCCESS,INFO,1368,1368,0,,2026-08-18T12:50:23.823Z,2026-08-18T13:14:41.917Z,1458,2026-08-18T13:14:41.917Z,B12B,ColoradoSprings,03823c35-021d-4cc9-8374-59681a542f1d,
202608181314387013,202608181250209497,202608181250209442,46,10237,P1 Finance Client Demo 2 Bronze - B24,br_samms_client_demo2,TASK_COMPLETE,SUCCESS,INFO,2917,2917,0,,2026-08-18T12:50:23.823Z,2026-08-18T13:14:41.917Z,1458,2026-08-18T13:14:41.917Z,B24,Paintsville,03823c35-021d-4cc9-8374-59681a542f1d,
202608181314387015,202608181250209498,202608181250209442,46,10238,P1 Finance Client Demo 2 Bronze - B25,br_samms_client_demo2,TASK_COMPLETE,SUCCESS,INFO,3409,3409,0,,2026-08-18T12:50:23.823Z,2026-08-18T13:14:41.917Z,1458,2026-08-18T13:14:41.917Z,B25,Pikeville,03823c35-021d-4cc9-8374-59681a542f1d,
202608120351571430,202608120259357382,202608120259357369,107,8567,Clinical Domain Silver - SaveMNTreatmentServiceReview,slv_mntreatmentservicereview,TASK_COMPLETE,SUCCESS,INFO,46206,46206,0,,2026-08-12T03:00:44.797Z,2026-08-12T03:52:01.885Z,3077,2026-08-12T03:52:01.885Z,Global,SAMMSGLOBAL,72952692-3a45-4fdd-be32-4592206c2867,
202608130414588485,202608130315300018,202608130315300005,107,8567,Clinical Domain Silver - SaveMNTreatmentServiceReview,slv_mntreatmentservicereview,TASK_COMPLETE,SUCCESS,INFO,46332,46332,0,,2026-08-13T03:16:19.557Z,2026-08-13T04:15:00.802Z,3521,2026-08-13T04:15:00.802Z,Global,SAMMSGLOBAL,11ed6329-841a-4e7a-bfb1-61191c79c28e,
202608121052561390,202608121009460906,202608121009460893,107,8567,Clinical Domain Silver - SaveMNTreatmentServiceReview,slv_mntreatmentservicereview,TASK_COMPLETE,SUCCESS,INFO,46208,46208,0,,2026-08-12T10:11:56.792Z,2026-08-12T10:53:15.475Z,2479,2026-08-12T10:53:15.475Z,Global,SAMMSGLOBAL,1325a4eb-aa02-4bc9-9fae-d06e40a0cece,
202608171333436240,202608171333436240,202608171018106132,83,209,Silver Salesforce Record Types,sl_sf_recordtype,TASK_ALREADY_COMPLETED,ALREADY_COMPLETED,INFO,0,0,0,Already succeeded in previous attempt,2026-08-17T13:33:49.748Z,2026-08-17T13:33:49.748Z,0,2026-08-17T13:33:49.748Z,,,1cdba2b7-2cc0-4832-97e7-304e1a700c17,
202608151352479084,202608151310407831,202608151310407803,106,7848,Clinical Domain Bronze - SaveMNCA - VWBY,br_MNComprehensiveAssessment,TASK_COMPLETE,SUCCESS,INFO,407,407,0,,2026-08-15T13:11:43.813Z,2026-08-15T13:52:51.092Z,2468,2026-08-15T13:52:51.092Z,VWBY,Woodbury,56214535-005b-4285-976b-e0172bc11b0b,
202608151352479085,202608151310407832,202608151310407803,106,7960,Clinical Domain Bronze - SaveMNCALOC - VBRA,br_MNComprehensiveAssessmentLevelOfCare,TASK_COMPLETE,SUCCESS,INFO,218,218,0,,2026-08-15T13:11:43.813Z,2026-08-15T13:52:51.092Z,2468,2026-08-15T13:52:51.092Z,VBRA,Brainerd,56214535-005b-4285-976b-e0172bc11b0b,
202608151352479086,202608151310407833,202608151310407803,106,7961,Clinical Domain Bronze - SaveMNCALOC - VBRP,br_MNComprehensiveAssessmentLevelOfCare,TASK_COMPLETE,SUCCESS,INFO,245,245,0,,2026-08-15T13:11:43.813Z,2026-08-15T13:52:51.092Z,2468,2026-08-15T13:52:51.092Z,VBRP,BrooklynPark,56214535-005b-4285-976b-e0172bc11b0b,
202608170505380900,202608170422215778,202608170422215750,106,7848,Clinical Domain Bronze - SaveMNCA - VWBY,br_MNComprehensiveAssessment,TASK_COMPLETE,SUCCESS,INFO,407,407,0,,2026-08-17T04:29:17.023Z,2026-08-17T05:06:50.333Z,2253,2026-08-17T05:06:50.333Z,VWBY,Woodbury,0b53dc13-182d-4036-9b17-0891eca5f916,
202608170505380901,202608170422215779,202608170422215750,106,7960,Clinical Domain Bronze - SaveMNCALOC - VBRA,br_MNComprehensiveAssessmentLevelOfCare,TASK_COMPLETE,SUCCESS,INFO,218,218,0,,2026-08-17T04:29:17.023Z,2026-08-17T05:06:50.333Z,2253,2026-08-17T05:06:50.333Z,VBRA,Brainerd,0b53dc13-182d-4036-9b17-0891eca5f916,
202608170505380902,202608170422215780,202608170422215750,106,7961,Clinical Domain Bronze - SaveMNCALOC - VBRP,br_MNComprehensiveAssessmentLevelOfCare,TASK_COMPLETE,SUCCESS,INFO,245,245,0,,2026-08-17T04:29:17.023Z,2026-08-17T05:06:50.333Z,2253,2026-08-17T05:06:50.333Z,VBRP,BrooklynPark,0b53dc13-182d-4036-9b17-0891eca5f916,
202608140613011271,202608140600163255,202608140600163231,106,7714,Clinical Domain Bronze - SaveAppointmentAttend - V10,brz_AppointmentAttend,TASK_COMPLETE,SUCCESS,INFO,90,90,0,,2026-08-14T06:01:45.513Z,2026-08-14T06:14:58.932Z,793,2026-08-14T06:14:58.932Z,V10,Boulder,9a6b8567-8347-49cb-b213-618351c5e21c,
202608140613034322,202608140600263239,202608140600263231,107,8562,Clinical Domain Silver - SaveAppointmentAttend,slv_appointmentattend,TASK_COMPLETE,SUCCESS,INFO,93,93,0,,2026-08-14T06:01:45.513Z,2026-08-14T06:14:58.932Z,793,2026-08-14T06:14:58.932Z,Global,SAMMSGLOBAL,9a6b8567-8347-49cb-b213-618351c5e21c,
202608140613034225,202608140600163235,202608140600163231,106,6931,Clinical Domain Bronze - SaveBamForm - B12B,brz_BAMForm,TASK_COMPLETE,SUCCESS,INFO,368,368,0,,2026-08-14T06:01:45.513Z,2026-08-14T06:14:58.932Z,793,2026-08-14T06:14:58.932Z,B12B,ColoradoSprings,9a6b8567-8347-49cb-b213-618351c5e21c,
202608102139177343,202608102103362556,202608102103362513,31,94043,FormAnswerSignatures Bronze - B76,br_tblFormAnswerSig,TASK_COMPLETE,SUCCESS,INFO,1226,1226,0,,2026-08-10T21:04:36.348Z,2026-08-10T21:39:44.219Z,2108,2026-08-10T21:39:44.219Z,B76,Huntsville-OBOT,0e7e4594-5e6f-405f-a303-69a6f189ed20,
202608102139177344,202608102103362557,202608102103362513,31,94044,FormAnswerSignatures Bronze - BAT,br_tblFormAnswerSig,TASK_COMPLETE,SUCCESS,INFO,3123,3123,0,,2026-08-10T21:04:36.348Z,2026-08-10T21:39:44.219Z,2108,2026-08-10T21:39:44.219Z,BAT,Batesville,0e7e4594-5e6f-405f-a303-69a6f189ed20,
202608102139177345,202608102103362558,202608102103362513,31,94045,FormAnswerSignatures Bronze - BG,br_tblFormAnswerSig,TASK_COMPLETE,SUCCESS,INFO,21743,21743,0,,2026-08-10T21:04:36.348Z,2026-08-10T21:39:44.219Z,2108,2026-08-10T21:39:44.219Z,BG,BowlingGreen,0e7e4594-5e6f-405f-a303-69a6f189ed20,
202608102139177346,202608102103362559,202608102103362513,31,94046,FormAnswerSignatures Bronze - BOI,br_tblFormAnswerSig,TASK_COMPLETE,SUCCESS,INFO,7625,7625,0,,2026-08-10T21:04:36.348Z,2026-08-10T21:39:44.219Z,2108,2026-08-10T21:39:44.219Z,BOI,Boise,0e7e4594-5e6f-405f-a303-69a6f189ed20,
202608102139177347,202608102103362560,202608102103362513,31,94047,FormAnswerSignatures Bronze - CBCO,br_tblFormAnswerSig,TASK_COMPLETE,SUCCESS,INFO,7221,7221,0,,2026-08-10T21:04:36.348Z,2026-08-10T21:39:44.219Z,2108,2026-08-10T21:39:44.219Z,CBCO,CoeurdAlene,0e7e4594-5e6f-405f-a303-69a6f189ed20,
202608102139177349,202608102103362561,202608102103362513,31,94048,FormAnswerSignatures Bronze - CON,br_tblFormAnswerSig,TASK_COMPLETE,SUCCESS,INFO,3337,3337,0,,2026-08-10T21:04:36.348Z,2026-08-10T21:39:44.219Z,2108,2026-08-10T21:39:44.219Z,CON,Conway,0e7e4594-5e6f-405f-a303-69a6f189ed20,
202608102139177350,202608102103362562,202608102103362513,31,94049,FormAnswerSignatures Bronze - D07,br_tblFormAnswerSig,TASK_COMPLETE,SUCCESS,INFO,86111,86111,0,,2026-08-10T21:04:36.348Z,2026-08-10T21:39:44.219Z,2108,2026-08-10T21:39:44.219Z,D07,Knoxville,0e7e4594-5e6f-405f-a303-69a6f189ed20,
202608270905121992,202608270905121992,20260827043602,132,13707,Trending Treatment Plans State Reqs Gold,TrendingTreatmentPlansStateReqs,TASK_SUCCESS,SUCCESS,INFO,2329626,2329626,0,,2026-08-27T09:05:12.199Z,2026-08-27T09:06:45.066Z,92,2026-08-27T09:06:45.066Z,,,3fa64f84-15aa-45fb-9cca-2f2fe48cfae1,
202608140714153938,202608140700596565,202608140700596541,106,7714,Clinical Domain Bronze - SaveAppointmentAttend - V10,brz_AppointmentAttend,TASK_COMPLETE,SUCCESS,INFO,90,90,0,,2026-08-14T07:02:17.002Z,2026-08-14T07:16:01.674Z,824,2026-08-14T07:16:01.674Z,V10,Boulder,4f29b93d-8b22-445c-9466-6259e423edcc,
202608140714170926,202608140700696549,202608140700696541,107,8562,Clinical Domain Silver - SaveAppointmentAttend,slv_appointmentattend,TASK_COMPLETE,SUCCESS,INFO,93,93,0,,2026-08-14T07:02:17.002Z,2026-08-14T07:16:01.674Z,824,2026-08-14T07:16:01.674Z,Global,SAMMSGLOBAL,4f29b93d-8b22-445c-9466-6259e423edcc,
202608140714170829,202608140700596545,202608140700596541,106,6931,Clinical Domain Bronze - SaveBamForm - B12B,brz_BAMForm,TASK_COMPLETE,SUCCESS,INFO,368,368,0,,2026-08-14T07:02:17.002Z,2026-08-14T07:16:01.674Z,824,2026-08-14T07:16:01.674Z,B12B,ColoradoSprings,4f29b93d-8b22-445c-9466-6259e423edcc,
202608102226458827,202608102151219746,202608102151219703,31,94043,FormAnswerSignatures Bronze - B76,br_tblFormAnswerSig,TASK_COMPLETE,SUCCESS,INFO,1226,1226,0,,2026-08-10T21:52:10.015Z,2026-08-10T22:26:49.259Z,2079,2026-08-10T22:26:49.259Z,B76,Huntsville-OBOT,733bdb65-98e7-4d6d-af8f-93040e55bb44,
202608102226458828,202608102151219747,202608102151219703,31,94044,FormAnswerSignatures Bronze - BAT,br_tblFormAnswerSig,TASK_COMPLETE,SUCCESS,INFO,3123,3123,0,,2026-08-10T21:52:10.015Z,2026-08-10T22:26:49.259Z,2079,2026-08-10T22:26:49.259Z,BAT,Batesville,733bdb65-98e7-4d6d-af8f-93040e55bb44,
202608102226458829,202608102151219748,202608102151219703,31,94045,FormAnswerSignatures Bronze - BG,br_tblFormAnswerSig,TASK_COMPLETE,SUCCESS,INFO,21743,21743,0,,2026-08-10T21:52:10.015Z,2026-08-10T22:26:49.259Z,2079,2026-08-10T22:26:49.259Z,BG,BowlingGreen,733bdb65-98e7-4d6d-af8f-93040e55bb44,
202608102226458830,202608102151219749,202608102151219703,31,94046,FormAnswerSignatures Bronze - BOI,br_tblFormAnswerSig,TASK_COMPLETE,SUCCESS,INFO,7625,7625,0,,2026-08-10T21:52:10.015Z,2026-08-10T22:26:49.259Z,2079,2026-08-10T22:26:49.259Z,BOI,Boise,733bdb65-98e7-4d6d-af8f-93040e55bb44,
202608102226458832,202608102151219750,202608102151219703,31,94047,FormAnswerSignatures Bronze - CBCO,br_tblFormAnswerSig,TASK_COMPLETE,SUCCESS,INFO,7221,7221,0,,2026-08-10T21:52:10.015Z,2026-08-10T22:26:49.259Z,2079,2026-08-10T22:26:49.259Z,CBCO,CoeurdAlene,733bdb65-98e7-4d6d-af8f-93040e55bb44,
202608102226458833,202608102151219751,202608102151219703,31,94048,FormAnswerSignatures Bronze - CON,br_tblFormAnswerSig,TASK_COMPLETE,SUCCESS,INFO,3337,3337,0,,2026-08-10T21:52:10.015Z,2026-08-10T22:26:49.259Z,2079,2026-08-10T22:26:49.259Z,CON,Conway,733bdb65-98e7-4d6d-af8f-93040e55bb44,
202608102226458834,202608102151219752,202608102151219703,31,94049,FormAnswerSignatures Bronze - D07,br_tblFormAnswerSig,TASK_COMPLETE,SUCCESS,INFO,86111,86111,0,,2026-08-10T21:52:10.015Z,2026-08-10T22:26:49.259Z,2079,2026-08-10T22:26:49.259Z,D07,Knoxville,733bdb65-98e7-4d6d-af8f-93040e55bb44,
202608120345496441,202608120259257410,202608120259257369,106,7966,Clinical Domain Bronze - SaveVACA - B12B,brz_VAComprehensiveAssessment,TASK_COMPLETE,SUCCESS,INFO,8,8,0,,2026-08-12T03:00:44.797Z,2026-08-12T03:45:52.499Z,2708,2026-08-12T03:45:52.499Z,B12B,ColoradoSprings,72952692-3a45-4fdd-be32-4592206c2867,
202608120345496442,202608120259257411,202608120259257369,106,7983,Clinical Domain Bronze - SaveVACA - B41,brz_VAComprehensiveAssessment,TASK_COMPLETE,SUCCESS,INFO,3,3,0,,2026-08-12T03:00:44.797Z,2026-08-12T03:45:52.499Z,2708,2026-08-12T03:45:52.499Z,B41,Chesapeake,72952692-3a45-4fdd-be32-4592206c2867,
202608120345496443,202608120259257412,202608120259257369,106,7984,Clinical Domain Bronze - SaveVACA - B42,brz_VAComprehensiveAssessment,TASK_COMPLETE,SUCCESS,INFO,8,8,0,,2026-08-12T03:00:44.797Z,2026-08-12T03:45:52.499Z,2708,2026-08-12T03:45:52.499Z,B42,VirginiaBeach,72952692-3a45-4fdd-be32-4592206c2867,
202608120345496444,202608120259257413,202608120259257369,106,7985,Clinical Domain Bronze - SaveVACA - B42A,brz_VAComprehensiveAssessment,TASK_COMPLETE,SUCCESS,INFO,1,1,0,,2026-08-12T03:00:44.797Z,2026-08-12T03:45:52.499Z,2708,2026-08-12T03:45:52.499Z,B42A,NewportNews,72952692-3a45-4fdd-be32-4592206c2867,
202608102323440860,202608102246290005,202608102246289962,31,94043,FormAnswerSignatures Bronze - B76,br_tblFormAnswerSig,TASK_COMPLETE,SUCCESS,INFO,1226,1226,0,,2026-08-10T22:46:50.634Z,2026-08-10T23:23:47.420Z,2217,2026-08-10T23:23:47.420Z,B76,Huntsville-OBOT,577185a2-f5a0-4625-b776-012683caf0bc,
202608102323440861,202608102246290006,202608102246289962,31,94044,FormAnswerSignatures Bronze - BAT,br_tblFormAnswerSig,TASK_COMPLETE,SUCCESS,INFO,3123,3123,0,,2026-08-10T22:46:50.634Z,2026-08-10T23:23:47.420Z,2217,2026-08-10T23:23:47.420Z,BAT,Batesville,577185a2-f5a0-4625-b776-012683caf0bc,
202608102323440862,202608102246290007,202608102246289962,31,94045,FormAnswerSignatures Bronze - BG,br_tblFormAnswerSig,TASK_COMPLETE,SUCCESS,INFO,21743,21743,0,,2026-08-10T22:46:50.634Z,2026-08-10T23:23:47.420Z,2217,2026-08-10T23:23:47.420Z,BG,BowlingGreen,577185a2-f5a0-4625-b776-012683caf0bc,
202608102323440863,202608102246290008,202608102246289962,31,94046,FormAnswerSignatures Bronze - BOI,br_tblFormAnswerSig,TASK_COMPLETE,SUCCESS,INFO,7625,7625,0,,2026-08-10T22:46:50.634Z,2026-08-10T23:23:47.420Z,2217,2026-08-10T23:23:47.420Z,BOI,Boise,577185a2-f5a0-4625-b776-012683caf0bc,
202608102323440864,202608102246290009,202608102246289962,31,94047,FormAnswerSignatures Bronze - CBCO,br_tblFormAnswerSig,TASK_COMPLETE,SUCCESS,INFO,7221,7221,0,,2026-08-10T22:46:50.634Z,2026-08-10T23:23:47.420Z,2217,2026-08-10T23:23:47.420Z,CBCO,CoeurdAlene,577185a2-f5a0-4625-b776-012683caf0bc,
202608102323440865,202608102246290010,202608102246289962,31,94048,FormAnswerSignatures Bronze - CON,br_tblFormAnswerSig,TASK_COMPLETE,SUCCESS,INFO,3337,3337,0,,2026-08-10T22:46:50.634Z,2026-08-10T23:23:47.420Z,2217,2026-08-10T23:23:47.420Z,CON,Conway,577185a2-f5a0-4625-b776-012683caf0bc,
202608102323440866,202608102246290011,202608102246289962,31,94049,FormAnswerSignatures Bronze - D07,br_tblFormAnswerSig,TASK_COMPLETE,SUCCESS,INFO,86111,86111,0,,2026-08-10T22:46:50.634Z,2026-08-10T23:23:47.420Z,2217,2026-08-10T23:23:47.420Z,D07,Knoxville,577185a2-f5a0-4625-b776-012683caf0bc,
202608102226458780,202608102151219704,202608102151219703,31,94001,FormAnswerSignatures Bronze - AHK,br_tblFormAnswerSig,TASK_COMPLETE,SUCCESS,INFO,5126,5126,0,,2026-08-10T21:52:10.015Z,2026-08-10T22:26:49.259Z,2079,2026-08-10T22:26:49.259Z,AHK,Ahoskie,733bdb65-98e7-4d6d-af8f-93040e55bb44,
202608102226458781,202608102151219705,202608102151219703,31,94002,FormAnswerSignatures Bronze - B12B,br_tblFormAnswerSig,TASK_COMPLETE,SUCCESS,INFO,21814,21814,0,,2026-08-10T21:52:10.015Z,2026-08-10T22:26:49.259Z,2079,2026-08-10T22:26:49.259Z,B12B,ColoradoSprings,733bdb65-98e7-4d6d-af8f-93040e55bb44,
202608102226458782,202608102151219706,202608102151219703,31,94003,FormAnswerSignatures Bronze - B24,br_tblFormAnswerSig,TASK_COMPLETE,SUCCESS,INFO,25039,25039,0,,2026-08-10T21:52:10.015Z,2026-08-10T22:26:49.259Z,2079,2026-08-10T22:26:49.259Z,B24,Paintsville,733bdb65-98e7-4d6d-af8f-93040e55bb44,
202608102226458783,202608102151219707,202608102151219703,31,94004,FormAnswerSignatures Bronze - B25,br_tblFormAnswerSig,TASK_COMPLETE,SUCCESS,INFO,21985,21985,0,,2026-08-10T21:52:10.015Z,2026-08-10T22:26:49.259Z,2079,2026-08-10T22:26:49.259Z,B25,Pikeville,733bdb65-98e7-4d6d-af8f-93040e55bb44,
202608102226458785,202608102151219708,202608102151219703,31,94005,FormAnswerSignatures Bronze - B26,br_tblFormAnswerSig,TASK_COMPLETE,SUCCESS,INFO,50643,50643,0,,2026-08-10T21:52:10.015Z,2026-08-10T22:26:49.259Z,2079,2026-08-10T22:26:49.259Z,B26,Hazard,733bdb65-98e7-4d6d-af8f-93040e55bb44,
202608102226458786,202608102151219709,202608102151219703,31,94006,FormAnswerSignatures Bronze - B27,br_tblFormAnswerSig,TASK_COMPLETE,SUCCESS,INFO,12609,12609,0,,2026-08-10T21:52:10.015Z,2026-08-10T22:26:49.259Z,2079,2026-08-10T22:26:49.259Z,B27,Savannah,733bdb65-98e7-4d6d-af8f-93040e55bb44,
202608102226458787,202608102151219710,202608102151219703,31,94007,FormAnswerSignatures Bronze - B28,br_tblFormAnswerSig,TASK_COMPLETE,SUCCESS,INFO,7680,7680,0,,2026-08-10T21:52:10.015Z,2026-08-10T22:26:49.259Z,2079,2026-08-10T22:26:49.259Z,B28,WestPlaines,733bdb65-98e7-4d6d-af8f-93040e55bb44,
202608210242235454,202608210227262455,202608210227262448,44,179,SAMMSGLOBAL Silver,sl_Consents,TASK_COMPLETE,SUCCESS,INFO,459,0,0,,2026-08-21T02:27:19.171Z,2026-08-21T02:42:27.062Z,908,2026-08-21T02:42:27.062Z,Global,Global,37d39418-848b-43a3-aff1-182cc8bb7455,SAMMSGLOBAL
202608102323440813,202608102246289963,202608102246289962,31,94001,FormAnswerSignatures Bronze - AHK,br_tblFormAnswerSig,TASK_COMPLETE,SUCCESS,INFO,5126,5126,0,,2026-08-10T22:46:50.634Z,2026-08-10T23:23:47.420Z,2217,2026-08-10T23:23:47.420Z,AHK,Ahoskie,577185a2-f5a0-4625-b776-012683caf0bc,
202608102323440815,202608102246289964,202608102246289962,31,94002,FormAnswerSignatures Bronze - B12B,br_tblFormAnswerSig,TASK_COMPLETE,SUCCESS,INFO,21814,21814,0,,2026-08-10T22:46:50.634Z,2026-08-10T23:23:47.420Z,2217,2026-08-10T23:23:47.420Z,B12B,ColoradoSprings,577185a2-f5a0-4625-b776-012683caf0bc,
202608102323440816,202608102246289965,202608102246289962,31,94003,FormAnswerSignatures Bronze - B24,br_tblFormAnswerSig,TASK_COMPLETE,SUCCESS,INFO,25039,25039,0,,2026-08-10T22:46:50.634Z,2026-08-10T23:23:47.420Z,2217,2026-08-10T23:23:47.420Z,B24,Paintsville,577185a2-f5a0-4625-b776-012683caf0bc,
202608102323440817,202608102246289966,202608102246289962,31,94004,FormAnswerSignatures Bronze - B25,br_tblFormAnswerSig,TASK_COMPLETE,SUCCESS,INFO,21985,21985,0,,2026-08-10T22:46:50.634Z,2026-08-10T23:23:47.420Z,2217,2026-08-10T23:23:47.420Z,B25,Pikeville,577185a2-f5a0-4625-b776-012683caf0bc,
202608102323440818,202608102246289967,202608102246289962,31,94005,FormAnswerSignatures Bronze - B26,br_tblFormAnswerSig,TASK_COMPLETE,SUCCESS,INFO,50643,50643,0,,2026-08-10T22:46:50.634Z,2026-08-10T23:23:47.420Z,2217,2026-08-10T23:23:47.420Z,B26,Hazard,577185a2-f5a0-4625-b776-012683caf0bc,
202608102323440819,202608102246289968,202608102246289962,31,94006,FormAnswerSignatures Bronze - B27,br_tblFormAnswerSig,TASK_COMPLETE,SUCCESS,INFO,12609,12609,0,,2026-08-10T22:46:50.634Z,2026-08-10T23:23:47.420Z,2217,2026-08-10T23:23:47.420Z,B27,Savannah,577185a2-f5a0-4625-b776-012683caf0bc,
202608102323440820,202608102246289969,202608102246289962,31,94007,FormAnswerSignatures Bronze - B28,br_tblFormAnswerSig,TASK_COMPLETE,SUCCESS,INFO,7680,7680,0,,2026-08-10T22:46:50.634Z,2026-08-10T23:23:47.420Z,2217,2026-08-10T23:23:47.420Z,B28,WestPlaines,577185a2-f5a0-4625-b776-012683caf0bc,
202608102139177294,202608102103362514,202608102103362513,31,94001,FormAnswerSignatures Bronze - AHK,br_tblFormAnswerSig,TASK_COMPLETE,SUCCESS,INFO,5126,5126,0,,2026-08-10T21:04:36.348Z,2026-08-10T21:39:44.219Z,2108,2026-08-10T21:39:44.219Z,AHK,Ahoskie,0e7e4594-5e6f-405f-a303-69a6f189ed20,
202608102139177297,202608102103362515,202608102103362513,31,94002,FormAnswerSignatures Bronze - B12B,br_tblFormAnswerSig,TASK_COMPLETE,SUCCESS,INFO,21814,21814,0,,2026-08-10T21:04:36.348Z,2026-08-10T21:39:44.219Z,2108,2026-08-10T21:39:44.219Z,B12B,ColoradoSprings,0e7e4594-5e6f-405f-a303-69a6f189ed20,
202608102139177298,202608102103362516,202608102103362513,31,94003,FormAnswerSignatures Bronze - B24,br_tblFormAnswerSig,TASK_COMPLETE,SUCCESS,INFO,25039,25039,0,,2026-08-10T21:04:36.348Z,2026-08-10T21:39:44.219Z,2108,2026-08-10T21:39:44.219Z,B24,Paintsville,0e7e4594-5e6f-405f-a303-69a6f189ed20,
202608102139177299,202608102103362517,202608102103362513,31,94004,FormAnswerSignatures Bronze - B25,br_tblFormAnswerSig,TASK_COMPLETE,SUCCESS,INFO,21985,21985,0,,2026-08-10T21:04:36.348Z,2026-08-10T21:39:44.219Z,2108,2026-08-10T21:39:44.219Z,B25,Pikeville,0e7e4594-5e6f-405f-a303-69a6f189ed20,
202608102139177300,202608102103362518,202608102103362513,31,94005,FormAnswerSignatures Bronze - B26,br_tblFormAnswerSig,TASK_COMPLETE,SUCCESS,INFO,50643,50643,0,,2026-08-10T21:04:36.348Z,2026-08-10T21:39:44.219Z,2108,2026-08-10T21:39:44.219Z,B26,Hazard,0e7e4594-5e6f-405f-a303-69a6f189ed20,
202608102139177301,202608102103362519,202608102103362513,31,94006,FormAnswerSignatures Bronze - B27,br_tblFormAnswerSig,TASK_COMPLETE,SUCCESS,INFO,12609,12609,0,,2026-08-10T21:04:36.348Z,2026-08-10T21:39:44.219Z,2108,2026-08-10T21:39:44.219Z,B27,Savannah,0e7e4594-5e6f-405f-a303-69a6f189ed20,
202608102139177303,202608102103362520,202608102103362513,31,94007,FormAnswerSignatures Bronze - B28,br_tblFormAnswerSig,TASK_COMPLETE,SUCCESS,INFO,7680,7680,0,,2026-08-10T21:04:36.348Z,2026-08-10T21:39:44.219Z,2108,2026-08-10T21:39:44.219Z,B28,WestPlaines,0e7e4594-5e6f-405f-a303-69a6f189ed20,
202608210243596156,202608210227362457,202608210227362448,45,8644,SAMMSGLOBAL Gold,GlobalDevices,TASK_COMPLETE,SUCCESS,INFO,0,0,0,,2026-08-21T02:27:19.171Z,2026-08-21T02:44:04.451Z,1005,2026-08-21T02:44:04.451Z,Global,Global,37d39418-848b-43a3-aff1-182cc8bb7455,SAMMSGLOBAL
202608201558294306,202608201558294306,202608201553439487,83,215,Silver Salesforce Outreach Events,sl_sf_events,TASK_COMPLETE,SUCCESS,INFO,0,0,0,No records returned,2026-08-20T15:58:33.780Z,2026-08-20T15:58:45.274Z,10,2026-08-20T15:58:45.274Z,,,95538f17-9d82-404e-9e3f-d1777714a921,
202608221113177613,202608221042113003,202608221042112981,85,2634,Bronze INV,br_LiquidLog,TASK_COMPLETE,SUCCESS,INFO,166296,166296,0,,2026-08-22T10:42:14.039Z,2026-08-22T11:16:52.295Z,2078,2026-08-22T11:16:52.295Z,B34,Corbin,28d7acf5-bc26-4be3-b390-775b9af3d980,SAMMS-CorbinV5
202608221113177614,202608221042113004,202608221042112981,85,2635,Bronze INV,br_LiquidLog,TASK_COMPLETE,SUCCESS,INFO,319130,319130,0,,2026-08-22T10:42:14.039Z,2026-08-22T11:16:52.295Z,2078,2026-08-22T11:16:52.295Z,B35,Lexington,28d7acf5-bc26-4be3-b390-775b9af3d980,SAMMS-LexingtonV5
202608221113177616,202608221042113005,202608221042112981,85,2649,Bronze INV,br_LiquidLog,TASK_COMPLETE,SUCCESS,INFO,80035,80035,0,,2026-08-22T10:42:14.039Z,2026-08-22T11:16:52.295Z,2078,2026-08-22T11:16:52.295Z,B46,Washington DC,28d7acf5-bc26-4be3-b390-775b9af3d980,SAMMS-WashingtonDCv5
202608221113177617,202608221042113006,202608221042112981,85,2650,Bronze INV,br_LiquidLog,TASK_COMPLETE,SUCCESS,INFO,79475,79475,0,,2026-08-22T10:42:14.039Z,2026-08-22T11:16:52.295Z,2078,2026-08-22T11:16:52.295Z,B47,Mobile,28d7acf5-bc26-4be3-b390-775b9af3d980,SAMMS-MobileV5
202608221113177618,202608221042113007,202608221042112981,85,2719,Bronze INV,br_LiquidLog,TASK_COMPLETE,SUCCESS,INFO,284216,284216,0,,2026-08-22T10:42:14.039Z,2026-08-22T11:16:52.295Z,2078,2026-08-22T11:16:52.295Z,DRD-NOLA,NOLA,28d7acf5-bc26-4be3-b390-775b9af3d980,SAMMS-NOLAv5
202608221113177619,202608221042113008,202608221042112981,85,2727,Bronze INV,br_LiquidLog,TASK_COMPLETE,SUCCESS,INFO,120458,120458,0,,2026-08-22T10:42:14.039Z,2026-08-22T11:16:52.295Z,2078,2026-08-22T11:16:52.295Z,FW,Fort Wayne,28d7acf5-bc26-4be3-b390-775b9af3d980,SAMMS-FortWayne
202608221113177262,202608221042113092,202608221042112981,85,1154,Bronze INV,br_AdmissionAssessmentDimensionThree,TASK_COMPLETE,SUCCESS,INFO,494,494,0,,2026-08-22T10:42:14.039Z,2026-08-22T11:16:52.295Z,2078,2026-08-22T11:16:52.295Z,B26,Hazard,28d7acf5-bc26-4be3-b390-775b9af3d980,SAMMS-HazardV5
202608221113177264,202608221042113093,202608221042112981,85,1162,Bronze INV,br_AdmissionAssessmentDimensionThree,TASK_COMPLETE,SUCCESS,INFO,446,446,0,,2026-08-22T10:42:14.039Z,2026-08-22T11:16:52.295Z,2078,2026-08-22T11:16:52.295Z,B34,Corbin,28d7acf5-bc26-4be3-b390-775b9af3d980,SAMMS-CorbinV5
202608221113177265,202608221042113094,202608221042112981,85,1163,Bronze INV,br_AdmissionAssessmentDimensionThree,TASK_COMPLETE,SUCCESS,INFO,718,718,0,,2026-08-22T10:42:14.039Z,2026-08-22T11:16:52.295Z,2078,2026-08-22T11:16:52.295Z,B35,Lexington,28d7acf5-bc26-4be3-b390-775b9af3d980,SAMMS-LexingtonV5
202608200302504983,202608200240673837,202608200240673824,46,9055,P1 Finance FMP Bronze - AHK,br_samms_fmp,TASK_COMPLETE,SUCCESS,INFO,3,3,0,,2026-08-20T02:41:23.064Z,2026-08-20T03:02:53.458Z,1290,2026-08-20T03:02:53.458Z,AHK,Ahoskie,05c5c70e-2926-4311-8f49-65b9279948a3,SAMMS-Ahoskie
202608200302504984,202608200240673838,202608200240673824,46,9056,P1 Finance FMP Bronze - B12B,br_samms_fmp,TASK_COMPLETE,SUCCESS,INFO,26,26,0,,2026-08-20T02:41:23.064Z,2026-08-20T03:02:53.458Z,1290,2026-08-20T03:02:53.458Z,B12B,ColoradoSprings,05c5c70e-2926-4311-8f49-65b9279948a3,SAMMS-ColoradoSpringsV5
202608200302504986,202608200240673839,202608200240673824,46,9057,P1 Finance FMP Bronze - B24,br_samms_fmp,TASK_COMPLETE,SUCCESS,INFO,2295,2295,0,,2026-08-20T02:41:23.064Z,2026-08-20T03:02:53.458Z,1290,2026-08-20T03:02:53.458Z,B24,Paintsville,05c5c70e-2926-4311-8f49-65b9279948a3,SAMMS-PaintsvilleV5
202608221113177752,202608221042113178,202608221042112981,85,3647,Bronze INV,br_ReAssessmentMentalHealth,TASK_COMPLETE,SUCCESS,INFO,469,469,0,,2026-08-22T10:42:14.039Z,2026-08-22T11:16:52.295Z,2078,2026-08-22T11:16:52.295Z,FW,Fort Wayne,28d7acf5-bc26-4be3-b390-775b9af3d980,SAMMS-FortWayne
202608221113177753,202608221042113179,202608221042112981,85,3658,Bronze INV,br_ReAssessmentMentalHealth,TASK_COMPLETE,SUCCESS,INFO,1289,1289,0,,2026-08-22T10:42:14.039Z,2026-08-22T11:16:52.295Z,2078,2026-08-22T11:16:52.295Z,LO,Louisville,28d7acf5-bc26-4be3-b390-775b9af3d980,SAMMS-Louisville
202608221113177754,202608221042113180,202608221042112981,85,3717,Bronze INV,br_ReAssessmentMentalHealth,TASK_COMPLETE,SUCCESS,INFO,1961,1961,0,,2026-08-22T10:42:14.039Z,2026-08-22T11:16:52.295Z,2078,2026-08-22T11:16:52.295Z,VBRP,Brooklyn Park,28d7acf5-bc26-4be3-b390-775b9af3d980,SAMMS-BrooklynParkV6
202608251731205969,202608251712611187,202608251712611180,88,5361,P1 Reference Custom Questions Bronze - AHK,br_samms_custom_questions,TASK_COMPLETE,SUCCESS,INFO,0,0,0,,2026-08-25T17:13:33.765Z,2026-08-25T17:31:23.946Z,1070,2026-08-25T17:31:23.946Z,AHK,Ahoskie,72553dbc-d702-4eda-a5d0-9ceb643e22ea,SAMMS-Ahoskie
202608190537301092,202608190459300351,202608190459300344,107,8561,Clinical Domain Silver - BulkDartsSrvLoader,sl_uaresultdetail,TASK_COMPLETE,SUCCESS,INFO,17035,17035,0,,2026-08-19T05:01:28.469Z,2026-08-19T05:37:32.342Z,2164,2026-08-19T05:37:32.342Z,Global,SAMMSGLOBAL,05916e11-44cf-456b-ac26-991e7ff5d7aa,SAMMSGLOBAL
202608251649114423,202608251629636817,202608251629636804,88,5361,P1 Reference Custom Questions Bronze - AHK,br_samms_custom_questions,TASK_COMPLETE,SUCCESS,INFO,0,0,0,,2026-08-25T16:30:10.484Z,2026-08-25T16:49:14.632Z,1144,2026-08-25T16:49:14.632Z,AHK,Ahoskie,6d78ce37-8c21-4519-a454-1e5ee4a84a47,SAMMS-Ahoskie
202608270400031963,202608270400031963,20260827035959,132,13700,Readmission Table Gold,vwReadmissions,TASK_SKIPPED,DEPENDENCY_BLOCKED,WARNING,0,0,0,Skipped: Dependency TaskConfigId(s) 13688 not successful,2026-08-27T04:00:03.196Z,2026-08-27T04:00:03.196Z,0,2026-08-27T04:00:03.196Z,,,6c0dfbf2-4982-428b-b962-2d1ca5cf9e53,
202608251731205970,202608251712611188,202608251712611180,88,5479,P1 Reference PreAdmission V6 Bronze - AHK,br_samms_pre_admission_v6,TASK_COMPLETE,SUCCESS,INFO,43,43,0,,2026-08-25T17:13:33.765Z,2026-08-25T17:31:23.946Z,1070,2026-08-25T17:31:23.946Z,AHK,Ahoskie,72553dbc-d702-4eda-a5d0-9ceb643e22ea,SAMMS-Ahoskie
202608262123219464,202608262123219464,20260826212318,132,13700,Readmission Table Gold,vwReadmissions,TASK_SKIPPED,DEPENDENCY_BLOCKED,WARNING,0,0,0,Skipped: Dependency TaskConfigId(s) 13688 not successful,2026-08-26T21:23:21.946Z,2026-08-26T21:23:21.946Z,0,2026-08-26T21:23:21.946Z,,,4b200449-8053-4691-81f7-bd43960e8882,
202608220929265561,202608220857344381,202608220857344379,123,12601,Assessments Bronze - SavePA - B12B,br_PA,TASK_COMPLETE,SUCCESS,INFO,839,839,0,,2026-08-22T08:58:22.185Z,2026-08-22T09:29:29.627Z,1867,2026-08-22T09:29:29.627Z,B12B,ColoradoSprings,39d3782c-f729-4e52-b4aa-f257942a503a,SAMMS-ColoradoSpringsV5
202608220929265562,202608220857344382,202608220857344379,123,12602,Assessments Bronze - SavePA - B24,br_PA,TASK_COMPLETE,SUCCESS,INFO,449,449,0,,2026-08-22T08:58:22.185Z,2026-08-22T09:29:29.627Z,1867,2026-08-22T09:29:29.627Z,B24,Paintsville,39d3782c-f729-4e52-b4aa-f257942a503a,SAMMS-PaintsvilleV5
202608250403056850,202608250343360395,202608250343360390,118,10723,Bronze P1/P2 Assessments,br_NewPeriodicReassessment,TASK_COMPLETE,SUCCESS,INFO,324,324,0,,2026-08-25T03:43:39.643Z,2026-08-25T04:03:08.743Z,1169,2026-08-25T04:03:08.743Z,B24,Paintsville,8c969a39-95ec-4087-9ad3-4a9580887e34,SAMMS-PaintsvilleV5
202608250403056851,202608250343360396,202608250343360390,118,10732,Bronze P1/P2 Assessments,br_NewPeriodicReassessment,TASK_COMPLETE,SUCCESS,INFO,239,239,0,,2026-08-25T03:43:39.643Z,2026-08-25T04:03:08.743Z,1169,2026-08-25T04:03:08.743Z,B33,Paducah,8c969a39-95ec-4087-9ad3-4a9580887e34,SAMMS-Paducah
202608201034573119,202608201013530503,202608201013530447,46,10238,P1 Finance Client Demo 2 Bronze - B25,br_samms_client_demo2,TASK_COMPLETE,SUCCESS,INFO,3413,3413,0,,2026-08-20T10:13:57.622Z,2026-08-20T10:39:20.764Z,1523,2026-08-20T10:39:20.764Z,B25,Pikeville,069e8d01-766c-4679-b3df-c21f4d7bc3d1,SAMMS-PikevilleV5
202608201034573112,202608201013530499,202608201013530447,46,10120,P1 Finance Client Demo 1 Bronze - B25,br_samms_client_demo1,TASK_COMPLETE,SUCCESS,INFO,3413,3413,0,,2026-08-20T10:13:57.622Z,2026-08-20T10:39:20.764Z,1523,2026-08-20T10:39:20.764Z,B25,Pikeville,069e8d01-766c-4679-b3df-c21f4d7bc3d1,SAMMS-PikevilleV5
202608250403056860,202608250343360404,202608250343360390,118,11468,Bronze P1/P2 Assessments,br_NewPeriodicReassessmentD4,TASK_COMPLETE,SUCCESS,INFO,0,0,0,,2026-08-25T03:43:39.643Z,2026-08-25T04:03:08.743Z,1169,2026-08-25T04:03:08.743Z,B33,Paducah,8c969a39-95ec-4087-9ad3-4a9580887e34,SAMMS-Paducah
202608250403056861,202608250343360405,202608250343360390,118,11643,Bronze P1/P2 Assessments,br_NewPeriodicReassessmentD5,TASK_COMPLETE,SUCCESS,INFO,0,0,0,,2026-08-25T03:43:39.643Z,2026-08-25T04:03:08.743Z,1169,2026-08-25T04:03:08.743Z,B24,Paintsville,8c969a39-95ec-4087-9ad3-4a9580887e34,SAMMS-PaintsvilleV5
202608251649114425,202608251629636819,202608251629636804,88,5479,P1 Reference PreAdmission V6 Bronze - AHK,br_samms_pre_admission_v6,TASK_COMPLETE,SUCCESS,INFO,43,43,0,,2026-08-25T16:30:10.484Z,2026-08-25T16:49:14.632Z,1144,2026-08-25T16:49:14.632Z,AHK,Ahoskie,6d78ce37-8c21-4519-a454-1e5ee4a84a47,SAMMS-Ahoskie
202608190537301101,202608190459300359,202608190459300344,107,8569,Clinical Domain Silver - SaveTreatmentLevel,sl_treatmentlevel,TASK_COMPLETE,SUCCESS,INFO,1493,1493,0,,2026-08-19T05:01:28.469Z,2026-08-19T05:37:32.342Z,2164,2026-08-19T05:37:32.342Z,Global,SAMMSGLOBAL,05916e11-44cf-456b-ac26-991e7ff5d7aa,SAMMSGLOBAL
202608190529250943,202608190459200363,202608190459200344,106,7507,Clinical Domain Bronze - BulkDartsSrvLoader - B24,br_UAResultDetail,TASK_COMPLETE,SUCCESS,INFO,3942,3942,0,,2026-08-19T05:01:28.469Z,2026-08-19T05:31:20.650Z,1792,2026-08-19T05:31:20.650Z,B24,Paintsville,05916e11-44cf-456b-ac26-991e7ff5d7aa,SAMMS-PaintsvilleV5
202608190529250944,202608190459200364,202608190459200344,106,7515,Clinical Domain Bronze - BulkDartsSrvLoader - B33,br_UAResultDetail,TASK_COMPLETE,SUCCESS,INFO,6211,6211,0,,2026-08-19T05:01:28.469Z,2026-08-19T05:31:20.650Z,1792,2026-08-19T05:31:20.650Z,B33,Paducah,05916e11-44cf-456b-ac26-991e7ff5d7aa,SAMMS-Paducah
202608190529250945,202608190459200365,202608190459200344,106,7536,Clinical Domain Bronze - BulkDartsSrvLoader - B54,br_UAResultDetail,TASK_COMPLETE,SUCCESS,INFO,5335,5335,0,,2026-08-19T05:01:28.469Z,2026-08-19T05:31:20.650Z,1792,2026-08-19T05:31:20.650Z,B54,Gadsden,05916e11-44cf-456b-ac26-991e7ff5d7aa,SAMMS-GadsdenV5
202608251539280408,202608251517589126,202608251517589120,46,9291,P1 Finance Financial Hardship Application Bronze - AHK,br_samms_financial_hardship_application,TASK_COMPLETE,SUCCESS,INFO,182,182,0,,2026-08-25T15:18:05.141Z,2026-08-25T15:39:31.442Z,1286,2026-08-25T15:39:31.442Z,AHK,Ahoskie,04d587cb-fd28-4f28-a572-c158aa92fa98,SAMMS-Ahoskie
202608261139002057,202608261050367413,202608261050367363,18,51050,Orders Bronze SaveOrders - D08,br_Orders,TASK_COMPLETE,SUCCESS,INFO,0,0,0,,2026-08-26T10:51:23.872Z,2026-08-26T11:39:03.779Z,2860,2026-08-26T11:39:03.779Z,D08,Madison,9f27ea6d-77e8-424b-b461-0bad838d803f,SAMMS-MadisonV6
202608261139002058,202608261050367414,202608261050367363,18,51051,Orders Bronze SaveOrders - D09,br_Orders,TASK_COMPLETE,SUCCESS,INFO,0,0,0,,2026-08-26T10:51:23.872Z,2026-08-26T11:39:03.779Z,2860,2026-08-26T11:39:03.779Z,D09,Murfreesboro,9f27ea6d-77e8-424b-b461-0bad838d803f,SAMMS-MurfreesboroV6
202608261139002059,202608261050367415,202608261050367363,18,51052,Orders Bronze SaveOrders - DA,br_Orders,TASK_COMPLETE,SUCCESS,INFO,0,0,0,,2026-08-26T10:51:23.872Z,2026-08-26T11:39:03.779Z,2860,2026-08-26T11:39:03.779Z,DA,Davenport,9f27ea6d-77e8-424b-b461-0bad838d803f,SAMMS-Davenport
202608261139002060,202608261050367416,202608261050367363,18,51053,Orders Bronze SaveOrders - DM,br_Orders,TASK_COMPLETE,SUCCESS,INFO,0,0,0,,2026-08-26T10:51:23.872Z,2026-08-26T11:39:03.779Z,2860,2026-08-26T11:39:03.779Z,DM,DesMoines,9f27ea6d-77e8-424b-b461-0bad838d803f,SAMMS-DesMoines
202608261139002061,202608261050367417,202608261050367363,18,51054,Orders Bronze SaveOrders - DRD-CO,br_Orders,TASK_COMPLETE,SUCCESS,INFO,0,0,0,,2026-08-26T10:51:23.872Z,2026-08-26T11:39:03.779Z,2860,2026-08-26T11:39:03.779Z,DRD-CO,Columbia,9f27ea6d-77e8-424b-b461-0bad838d803f,SAMMS-ColumbiaV5
202608261139002062,202608261050367418,202608261050367363,18,51055,Orders Bronze SaveOrders - DRD-KC,br_Orders,TASK_COMPLETE,SUCCESS,INFO,0,0,0,,2026-08-26T10:51:23.872Z,2026-08-26T11:39:03.779Z,2860,2026-08-26T11:39:03.779Z,DRD-KC,KC,9f27ea6d-77e8-424b-b461-0bad838d803f,SAMMS-KCv5
202608261139002063,202608261050367419,202608261050367363,18,51056,Orders Bronze SaveOrders - DRD-KVB,br_Orders,TASK_COMPLETE,SUCCESS,INFO,0,0,0,,2026-08-26T10:51:23.872Z,2026-08-26T11:39:03.779Z,2860,2026-08-26T11:39:03.779Z,DRD-KVB,KVB,9f27ea6d-77e8-424b-b461-0bad838d803f,SAMMS-KVBv5
202608201034573122,202608201013530468,202608201013530447,46,9291,P1 Finance Financial Hardship Application Bronze - AHK,br_samms_financial_hardship_application,TASK_COMPLETE,SUCCESS,INFO,181,181,0,,2026-08-20T10:13:57.622Z,2026-08-20T10:39:20.764Z,1523,2026-08-20T10:39:20.764Z,AHK,Ahoskie,069e8d01-766c-4679-b3df-c21f4d7bc3d1,SAMMS-Ahoskie
202608251449420165,202608251428352618,202608251428352600,46,9646,P1 Finance Claim Line Item Activity Bronze - B12B,br_samms_claim_line_item_activity,TASK_COMPLETE,SUCCESS,INFO,273670,273670,0,,2026-08-25T14:28:42.306Z,2026-08-25T14:49:46.373Z,1264,2026-08-25T14:49:46.373Z,B12B,ColoradoSprings,5e789551-b18e-4745-8526-2b8db3ceeb01,SAMMS-ColoradoSpringsV5
202608251449420166,202608251428352619,202608251428352600,46,9763,P1 Finance Claims Bronze - AHK,br_samms_claims,TASK_COMPLETE,SUCCESS,INFO,11577,11577,0,,2026-08-25T14:28:42.306Z,2026-08-25T14:49:46.373Z,1264,2026-08-25T14:49:46.373Z,AHK,Ahoskie,5e789551-b18e-4745-8526-2b8db3ceeb01,SAMMS-Ahoskie
202608261724109172,202608261657210995,202608261657210989,46,9291,P1 Finance Financial Hardship Application Bronze - AHK,br_samms_financial_hardship_application,TASK_COMPLETE,SUCCESS,INFO,182,182,0,,2026-08-26T16:57:24.758Z,2026-08-26T17:25:01.887Z,1657,2026-08-26T17:25:01.887Z,AHK,Ahoskie,7a1b4484-4dc4-4e48-b51b-e78359ce9673,SAMMS-Ahoskie
202608250615270905,202608250615270906,20260825061527,126,13680,Bronze Overdue Courses,br_learningreports_overdue,TASK_FAILED,FAILED,ERROR,0,0,1,No active EtlConfig found in bhg_bronze.meta.etlconfig for: nb_overduecourses_src_to_brz1,2026-08-25T06:15:27.090Z,2026-08-25T06:15:27.090Z,0,2026-08-25T06:15:27.090Z,,,2d88445e-ee1e-4727-9774-93309ac5bded,
202608200302505000,202608200240673852,202608200240673824,46,9412,P1 Finance 3P Eligibility Bronze - B25,br_samms_3p_elig,TASK_COMPLETE,SUCCESS,INFO,2228,2228,0,,2026-08-20T02:41:23.064Z,2026-08-20T03:02:53.458Z,1290,2026-08-20T03:02:53.458Z,B25,Pikeville,05c5c70e-2926-4311-8f49-65b9279948a3,SAMMS-PikevilleV5
202608200302505001,202608200240673853,202608200240673824,46,9527,P1 Finance Claim Line Item Bronze - AHK,br_samms_claim_line_item,TASK_COMPLETE,SUCCESS,INFO,13609,13609,0,,2026-08-20T02:41:23.064Z,2026-08-20T03:02:53.458Z,1290,2026-08-20T03:02:53.458Z,AHK,Ahoskie,05c5c70e-2926-4311-8f49-65b9279948a3,SAMMS-Ahoskie
202608200302505003,202608200240673854,202608200240673824,46,9528,P1 Finance Claim Line Item Bronze - B12B,br_samms_claim_line_item,TASK_COMPLETE,SUCCESS,INFO,233663,233663,0,,2026-08-20T02:41:23.064Z,2026-08-20T03:02:53.458Z,1290,2026-08-20T03:02:53.458Z,B12B,ColoradoSprings,05c5c70e-2926-4311-8f49-65b9279948a3,SAMMS-ColoradoSpringsV5
202608211508154504,202608211456286355,202608211456286305,76,144437,PPA Bronze,br_SF_PatientPreAdmission,TASK_COMPLETE,SUCCESS,INFO,2814,2814,0,,2026-08-21T14:56:32.229Z,2026-08-21T15:08:19.094Z,707,2026-08-21T15:08:19.094Z,D08,Madison,0c589208-2221-4d68-8178-9fb813ab6d11,SAMMS-MadisonV6
202608211508154505,202608211456286356,202608211456286305,76,144438,PPA Bronze,br_SF_PatientPreAdmission,TASK_COMPLETE,SUCCESS,INFO,7067,7067,0,,2026-08-21T14:56:32.229Z,2026-08-21T15:08:19.094Z,707,2026-08-21T15:08:19.094Z,D09,Murfreesboro,0c589208-2221-4d68-8178-9fb813ab6d11,SAMMS-MurfreesboroV6
202608211508154507,202608211456286357,202608211456286305,76,144439,PPA Bronze,br_SF_PatientPreAdmission,TASK_COMPLETE,SUCCESS,INFO,4832,4832,0,,2026-08-21T14:56:32.229Z,2026-08-21T15:08:19.094Z,707,2026-08-21T15:08:19.094Z,DA,Davenport,0c589208-2221-4d68-8178-9fb813ab6d11,SAMMS-Davenport
202608211508154508,202608211456286358,202608211456286305,76,144440,PPA Bronze,br_SF_PatientPreAdmission,TASK_COMPLETE,SUCCESS,INFO,3010,3010,0,,2026-08-21T14:56:32.229Z,2026-08-21T15:08:19.094Z,707,2026-08-21T15:08:19.094Z,DM,DesMoines,0c589208-2221-4d68-8178-9fb813ab6d11,SAMMS-DesMoines
202608211508154509,202608211456286359,202608211456286305,76,144441,PPA Bronze,br_SF_PatientPreAdmission,TASK_COMPLETE,SUCCESS,INFO,4211,4211,0,,2026-08-21T14:56:32.229Z,2026-08-21T15:08:19.094Z,707,2026-08-21T15:08:19.094Z,DRD-CO,Columbia,0c589208-2221-4d68-8178-9fb813ab6d11,SAMMS-ColumbiaV5
202608211508154510,202608211456286360,202608211456286305,76,144442,PPA Bronze,br_SF_PatientPreAdmission,TASK_COMPLETE,SUCCESS,INFO,5878,5878,0,,2026-08-21T14:56:32.229Z,2026-08-21T15:08:19.094Z,707,2026-08-21T15:08:19.094Z,DRD-KC,KC,0c589208-2221-4d68-8178-9fb813ab6d11,SAMMS-KCv5
202608211508154511,202608211456286361,202608211456286305,76,144443,PPA Bronze,br_SF_PatientPreAdmission,TASK_COMPLETE,SUCCESS,INFO,9351,9351,0,,2026-08-21T14:56:32.229Z,2026-08-21T15:08:19.094Z,707,2026-08-21T15:08:19.094Z,DRD-KVB,KVB,0c589208-2221-4d68-8178-9fb813ab6d11,SAMMS-KVBv5
202608201034573085,202608201013530451,202608201013530447,46,8704,P1 Finance Bills Bronze - B25,br_samms_bills,TASK_COMPLETE,FAILED,ERROR,0,0,1,SaveBills Bronze ForEach failed,2026-08-20T10:13:57.622Z,2026-08-20T10:39:20.764Z,1523,2026-08-20T10:39:20.764Z,B25,Pikeville,069e8d01-766c-4679-b3df-c21f4d7bc3d1,SAMMS-PikevilleV5
202608251649114418,202608251629636812,202608251629636804,88,5008,P1 Reference Services Bronze - B12B,br_samms_services,TASK_COMPLETE,SUCCESS,INFO,247,247,0,,2026-08-25T16:30:10.484Z,2026-08-25T16:49:14.632Z,1144,2026-08-25T16:49:14.632Z,B12B,ColoradoSprings,6d78ce37-8c21-4519-a454-1e5ee4a84a47,SAMMS-ColoradoSpringsV5
202608251649114419,202608251629636813,202608251629636804,88,5125,P1 Reference Dropdown List Items Bronze - AHK,br_samms_dropdown_list_items,TASK_COMPLETE,SUCCESS,INFO,4383,4383,0,,2026-08-25T16:30:10.484Z,2026-08-25T16:49:14.632Z,1144,2026-08-25T16:49:14.632Z,AHK,Ahoskie,6d78ce37-8c21-4519-a454-1e5ee4a84a47,SAMMS-Ahoskie
202608200302504976,202608200240673831,202608200240673824,46,8821,P1 Finance PBI 3 Pay Auth Bronze - B24,br_samms_pbi3_pay_auth,TASK_COMPLETE,SUCCESS,INFO,1452,1452,0,,2026-08-20T02:41:23.064Z,2026-08-20T03:02:53.458Z,1290,2026-08-20T03:02:53.458Z,B24,Paintsville,05c5c70e-2926-4311-8f49-65b9279948a3,SAMMS-PaintsvilleV5
202608200302504977,202608200240673832,202608200240673824,46,8822,P1 Finance PBI 3 Pay Auth Bronze - B25,br_samms_pbi3_pay_auth,TASK_COMPLETE,SUCCESS,INFO,1767,1767,0,,2026-08-20T02:41:23.064Z,2026-08-20T03:02:53.458Z,1290,2026-08-20T03:02:53.458Z,B25,Pikeville,05c5c70e-2926-4311-8f49-65b9279948a3,SAMMS-PikevilleV5
202608200302504979,202608200240673833,202608200240673824,46,8937,P1 Finance VW 3P Bill Sub Bronze - AHK,br_samms_vw3p_bill_sub,TASK_COMPLETE,SUCCESS,INFO,145,145,0,,2026-08-20T02:41:23.064Z,2026-08-20T03:02:53.458Z,1290,2026-08-20T03:02:53.458Z,AHK,Ahoskie,05c5c70e-2926-4311-8f49-65b9279948a3,SAMMS-Ahoskie
202608140714377414,202608140700596576,202608140700596541,106,8059,Clinical Domain Bronze - SaveVACA - V10,brz_VAComprehensiveAssessment,TASK_COMPLETE,SUCCESS,INFO,3,3,0,,2026-08-14T07:02:17.002Z,2026-08-14T07:16:01.674Z,824,2026-08-14T07:16:01.674Z,V10,Boulder,4f29b93d-8b22-445c-9466-6259e423edcc,
202608140714395574,202608140700696552,202608140700696541,107,8565,Clinical Domain Silver - SaveVACA,slv_vacomprehensiveassessment,TASK_COMPLETE,SUCCESS,INFO,3,1786,0,,2026-08-14T07:02:17.002Z,2026-08-14T07:16:01.674Z,824,2026-08-14T07:16:01.674Z,Global,SAMMSGLOBAL,4f29b93d-8b22-445c-9466-6259e423edcc,
202608140714395477,202608140700596577,202608140700596541,106,8081,Clinical Domain Bronze - SaveVACASummary - B12B,brz_VAComprehensiveAssessmentSummary,TASK_COMPLETE,SUCCESS,INFO,1725,1725,0,,2026-08-14T07:02:17.002Z,2026-08-14T07:16:01.674Z,824,2026-08-14T07:16:01.674Z,B12B,ColoradoSprings,4f29b93d-8b22-445c-9466-6259e423edcc,
202608140714395478,202608140700596578,202608140700596541,106,8125,Clinical Domain Bronze - SaveVACASummary - BOI,brz_VAComprehensiveAssessmentSummary,TASK_COMPLETE,SUCCESS,INFO,1725,1725,0,,2026-08-14T07:02:17.002Z,2026-08-14T07:16:01.674Z,824,2026-08-14T07:16:01.674Z,BOI,Boise,4f29b93d-8b22-445c-9466-6259e423edcc,
202608140714395480,202608140700596579,202608140700596541,106,8174,Clinical Domain Bronze - SaveVACASummary - V10,brz_VAComprehensiveAssessmentSummary,TASK_COMPLETE,SUCCESS,INFO,1725,1725,0,,2026-08-14T07:02:17.002Z,2026-08-14T07:16:01.674Z,824,2026-08-14T07:16:01.674Z,V10,Boulder,4f29b93d-8b22-445c-9466-6259e423edcc,
202608140714411254,202608140700696553,202608140700696541,107,8566,Clinical Domain Silver - SaveVACASummary,slv_vacomprehensiveassessmentsummary,TASK_COMPLETE,SUCCESS,INFO,1725,1740,0,,2026-08-14T07:02:17.002Z,2026-08-14T07:16:01.674Z,824,2026-08-14T07:16:01.674Z,Global,SAMMSGLOBAL,4f29b93d-8b22-445c-9466-6259e423edcc,
202608140613349428,202608140600163266,202608140600163231,106,8059,Clinical Domain Bronze - SaveVACA - V10,brz_VAComprehensiveAssessment,TASK_COMPLETE,SUCCESS,INFO,3,3,0,,2026-08-14T06:01:45.513Z,2026-08-14T06:14:58.932Z,793,2026-08-14T06:14:58.932Z,V10,Boulder,9a6b8567-8347-49cb-b213-618351c5e21c,
202608140613383635,202608140600263242,202608140600263231,107,8565,Clinical Domain Silver - SaveVACA,slv_vacomprehensiveassessment,TASK_COMPLETE,SUCCESS,INFO,3,1786,0,,2026-08-14T06:01:45.513Z,2026-08-14T06:14:58.932Z,793,2026-08-14T06:14:58.932Z,Global,SAMMSGLOBAL,9a6b8567-8347-49cb-b213-618351c5e21c,
202608140613383539,202608140600163267,202608140600163231,106,8081,Clinical Domain Bronze - SaveVACASummary - B12B,brz_VAComprehensiveAssessmentSummary,TASK_COMPLETE,SUCCESS,INFO,1725,1725,0,,2026-08-14T06:01:45.513Z,2026-08-14T06:14:58.932Z,793,2026-08-14T06:14:58.932Z,B12B,ColoradoSprings,9a6b8567-8347-49cb-b213-618351c5e21c,
202608140613383541,202608140600163268,202608140600163231,106,8125,Clinical Domain Bronze - SaveVACASummary - BOI,brz_VAComprehensiveAssessmentSummary,TASK_COMPLETE,SUCCESS,INFO,1725,1725,0,,2026-08-14T06:01:45.513Z,2026-08-14T06:14:58.932Z,793,2026-08-14T06:14:58.932Z,BOI,Boise,9a6b8567-8347-49cb-b213-618351c5e21c,
202608140613383542,202608140600163269,202608140600163231,106,8174,Clinical Domain Bronze - SaveVACASummary - V10,brz_VAComprehensiveAssessmentSummary,TASK_COMPLETE,SUCCESS,INFO,1725,1725,0,,2026-08-14T06:01:45.513Z,2026-08-14T06:14:58.932Z,793,2026-08-14T06:14:58.932Z,V10,Boulder,9a6b8567-8347-49cb-b213-618351c5e21c,
202608140613418331,202608140600263243,202608140600263231,107,8566,Clinical Domain Silver - SaveVACASummary,slv_vacomprehensiveassessmentsummary,TASK_COMPLETE,SUCCESS,INFO,1725,1740,0,,2026-08-14T06:01:45.513Z,2026-08-14T06:14:58.932Z,793,2026-08-14T06:14:58.932Z,Global,SAMMSGLOBAL,9a6b8567-8347-49cb-b213-618351c5e21c,
202608191705197756,202608191654270051,202608191654269970,76,144468,PPA Bronze,br_SF_PatientPreAdmission,TASK_COMPLETE,SUCCESS,INFO,3418,3418,0,,2026-08-19T16:54:47.315Z,2026-08-19T17:10:18.523Z,931,2026-08-19T17:10:18.523Z,NLR,NLROBOT,4736cb14-987d-4509-b3d7-654790c2de16,SAMMS-NLROBOT
202608191705197757,202608191654270052,202608191654269970,76,144469,PPA Bronze,br_SF_PatientPreAdmission,TASK_COMPLETE,SUCCESS,INFO,5,5,0,,2026-08-19T16:54:47.315Z,2026-08-19T17:10:18.523Z,931,2026-08-19T17:10:18.523Z,PH,Phoenix,4736cb14-987d-4509-b3d7-654790c2de16,SAMMS-Phoenix
202608242048534090,202608242042110707,202608242042110704,76,144400,PPA Bronze,br_SF_PatientPreAdmission,TASK_COMPLETE,SUCCESS,INFO,19576,19576,0,,2026-08-24T20:42:15.925Z,2026-08-24T20:48:56.393Z,401,2026-08-24T20:48:56.393Z,B35,Lexington,3493ae40-96b6-4051-9666-1f519a793994,SAMMS-LexingtonV5
202608210242239237,202608210227262456,202608210227262448,44,186,SAMMSGLOBAL Silver,sl_BriefAddictionMonitor,TASK_COMPLETE,SUCCESS,INFO,268559,0,0,,2026-08-21T02:27:19.171Z,2026-08-21T02:42:27.062Z,908,2026-08-21T02:42:27.062Z,Global,Global,37d39418-848b-43a3-aff1-182cc8bb7455,SAMMSGLOBAL
202608110409368572,202608110331629408,202608110331629359,106,8081,Clinical Domain Bronze - SaveVACASummary - B12B,brz_VAComprehensiveAssessmentSummary,TASK_COMPLETE,SUCCESS,INFO,0,0,0,,2026-08-11T03:32:39.288Z,2026-08-11T04:09:40.942Z,2221,2026-08-11T04:09:40.942Z,B12B,ColoradoSprings,6e36e3b5-c33e-4cc8-b6e2-dc5c3524428c,
202608110409368573,202608110331629409,202608110331629359,106,8098,Clinical Domain Bronze - SaveVACASummary - B41,brz_VAComprehensiveAssessmentSummary,TASK_COMPLETE,SUCCESS,INFO,335,335,0,,2026-08-11T03:32:39.288Z,2026-08-11T04:09:40.942Z,2221,2026-08-11T04:09:40.942Z,B41,Chesapeake,6e36e3b5-c33e-4cc8-b6e2-dc5c3524428c,
202608110409368574,202608110331629410,202608110331629359,106,8099,Clinical Domain Bronze - SaveVACASummary - B42,brz_VAComprehensiveAssessmentSummary,TASK_COMPLETE,SUCCESS,INFO,520,520,0,,2026-08-11T03:32:39.288Z,2026-08-11T04:09:40.942Z,2221,2026-08-11T04:09:40.942Z,B42,VirginiaBeach,6e36e3b5-c33e-4cc8-b6e2-dc5c3524428c,
202608110409368576,202608110331629411,202608110331629359,106,8100,Clinical Domain Bronze - SaveVACASummary - B42A,brz_VAComprehensiveAssessmentSummary,TASK_COMPLETE,SUCCESS,INFO,199,199,0,,2026-08-11T03:32:39.288Z,2026-08-11T04:09:40.942Z,2221,2026-08-11T04:09:40.942Z,B42A,NewportNews,6e36e3b5-c33e-4cc8-b6e2-dc5c3524428c,
202608201607151753,202608201607151753,202608201140451356,84,6809,Gold Salesforce PatientSurveys,PatientSurveys,TASK_ALREADY_COMPLETED,ALREADY_COMPLETED,INFO,0,0,0,Already succeeded in previous attempt,2026-08-20T16:07:20.078Z,2026-08-20T16:07:20.078Z,0,2026-08-20T16:07:20.078Z,,,95538f17-9d82-404e-9e3f-d1777714a921,
202608201607337117,202608201607337117,202608201140451356,84,6810,Gold Salesforce StgOutboundSMS,stgOutboundSMS,TASK_ALREADY_COMPLETED,ALREADY_COMPLETED,INFO,0,0,0,Already succeeded in previous attempt,2026-08-20T16:07:41.282Z,2026-08-20T16:07:41.282Z,0,2026-08-20T16:07:41.282Z,,,95538f17-9d82-404e-9e3f-d1777714a921,
202608221113177554,202608221042112987,202608221042112981,85,2167,Bronze INV,br_InvType,TASK_COMPLETE,SUCCESS,INFO,7,7,0,,2026-08-22T10:42:14.039Z,2026-08-22T11:16:52.295Z,2078,2026-08-22T11:16:52.295Z,DRD-NOLA,NOLA,28d7acf5-bc26-4be3-b390-775b9af3d980,SAMMS-NOLAv5
202608221113177555,202608221042112988,202608221042112981,85,2175,Bronze INV,br_InvType,TASK_COMPLETE,SUCCESS,INFO,7,7,0,,2026-08-22T10:42:14.039Z,2026-08-22T11:16:52.295Z,2078,2026-08-22T11:16:52.295Z,FW,Fort Wayne,28d7acf5-bc26-4be3-b390-775b9af3d980,SAMMS-FortWayne
202608221113177556,202608221042112989,202608221042112981,85,2186,Bronze INV,br_InvType,TASK_COMPLETE,SUCCESS,INFO,7,7,0,,2026-08-22T10:42:14.039Z,2026-08-22T11:16:52.295Z,2078,2026-08-22T11:16:52.295Z,LO,Louisville,28d7acf5-bc26-4be3-b390-775b9af3d980,SAMMS-Louisville
202608221113177557,202608221042112990,202608221042112981,85,2245,Bronze INV,br_InvType,TASK_COMPLETE,SUCCESS,INFO,7,7,0,,2026-08-22T10:42:14.039Z,2026-08-22T11:16:52.295Z,2078,2026-08-22T11:16:52.295Z,VBRP,Brooklyn Park,28d7acf5-bc26-4be3-b390-775b9af3d980,SAMMS-BrooklynParkV6
202608221113177559,202608221042112991,202608221042112981,85,2248,Bronze INV,br_InvType,TASK_COMPLETE,SUCCESS,INFO,7,7,0,,2026-08-22T10:42:14.039Z,2026-08-22T11:16:52.295Z,2078,2026-08-22T11:16:52.295Z,VWBY,Woodbury,28d7acf5-bc26-4be3-b390-775b9af3d980,SAMMS-WoodburyV6
202608221113177660,202608221042212999,202608221042212981,86,8577,Silver INV,sl_InvType,TASK_COMPLETE,SUCCESS,INFO,68,68,0,,2026-08-22T10:42:14.039Z,2026-08-22T11:16:52.295Z,2078,2026-08-22T11:16:52.295Z,,,28d7acf5-bc26-4be3-b390-775b9af3d980,
202608221113177802,202608221042113149,202608221042112981,85,3842,Bronze INV,br_ReAssessmentOccupational,TASK_COMPLETE,SUCCESS,INFO,1287,1287,0,,2026-08-22T10:42:14.039Z,2026-08-22T11:16:52.295Z,2078,2026-08-22T11:16:52.295Z,LO,Louisville,28d7acf5-bc26-4be3-b390-775b9af3d980,SAMMS-Louisville
202608221113177803,202608221042113150,202608221042112981,85,3901,Bronze INV,br_ReAssessmentOccupational,TASK_COMPLETE,SUCCESS,INFO,1955,1955,0,,2026-08-22T10:42:14.039Z,2026-08-22T11:16:52.295Z,2078,2026-08-22T11:16:52.295Z,VBRP,Brooklyn Park,28d7acf5-bc26-4be3-b390-775b9af3d980,SAMMS-BrooklynParkV6
202608221113177804,202608221042113151,202608221042112981,85,3904,Bronze INV,br_ReAssessmentOccupational,TASK_COMPLETE,SUCCESS,INFO,881,881,0,,2026-08-22T10:42:14.039Z,2026-08-22T11:16:52.295Z,2078,2026-08-22T11:16:52.295Z,VWBY,Woodbury,28d7acf5-bc26-4be3-b390-775b9af3d980,SAMMS-WoodburyV6
202608221113177859,202608221042113199,202608221042112981,85,4394,Bronze INV,br_ReAssessmentSubstanceUse,TASK_COMPLETE,SUCCESS,INFO,1293,1293,0,,2026-08-22T10:42:14.039Z,2026-08-22T11:16:52.295Z,2078,2026-08-22T11:16:52.295Z,LO,Louisville,28d7acf5-bc26-4be3-b390-775b9af3d980,SAMMS-Louisville
202608221113177860,202608221042113200,202608221042112981,85,4453,Bronze INV,br_ReAssessmentSubstanceUse,TASK_COMPLETE,SUCCESS,INFO,1988,1988,0,,2026-08-22T10:42:14.039Z,2026-08-22T11:16:52.295Z,2078,2026-08-22T11:16:52.295Z,VBRP,Brooklyn Park,28d7acf5-bc26-4be3-b390-775b9af3d980,SAMMS-BrooklynParkV6
202608221113177861,202608221042113201,202608221042112981,85,4456,Bronze INV,br_ReAssessmentSubstanceUse,TASK_COMPLETE,SUCCESS,INFO,920,920,0,,2026-08-22T10:42:14.039Z,2026-08-22T11:16:52.295Z,2078,2026-08-22T11:16:52.295Z,VWBY,Woodbury,28d7acf5-bc26-4be3-b390-775b9af3d980,SAMMS-WoodburyV6
202608221113177097,202608221042113102,202608221042112981,85,602,Bronze INV,br_AdmissionAssessmentDimensionFour,TASK_COMPLETE,SUCCESS,INFO,492,492,0,,2026-08-22T10:42:14.039Z,2026-08-22T11:16:52.295Z,2078,2026-08-22T11:16:52.295Z,B26,Hazard,28d7acf5-bc26-4be3-b390-775b9af3d980,SAMMS-HazardV5
202608221113177098,202608221042113103,202608221042112981,85,610,Bronze INV,br_AdmissionAssessmentDimensionFour,TASK_COMPLETE,SUCCESS,INFO,448,448,0,,2026-08-22T10:42:14.039Z,2026-08-22T11:16:52.295Z,2078,2026-08-22T11:16:52.295Z,B34,Corbin,28d7acf5-bc26-4be3-b390-775b9af3d980,SAMMS-CorbinV5
202608221113177100,202608221042113104,202608221042112981,85,611,Bronze INV,br_AdmissionAssessmentDimensionFour,TASK_COMPLETE,SUCCESS,INFO,715,715,0,,2026-08-22T10:42:14.039Z,2026-08-22T11:16:52.295Z,2078,2026-08-22T11:16:52.295Z,B35,Lexington,28d7acf5-bc26-4be3-b390-775b9af3d980,SAMMS-LexingtonV5
202608250403056863,202608250343360407,202608250343360390,118,11827,Bronze P1/P2 Assessments,br_NewPeriodicReassessmentD6,TASK_COMPLETE,SUCCESS,INFO,0,0,0,,2026-08-25T03:43:39.643Z,2026-08-25T04:03:08.743Z,1169,2026-08-25T04:03:08.743Z,B24,Paintsville,8c969a39-95ec-4087-9ad3-4a9580887e34,SAMMS-PaintsvilleV5
202608250403056865,202608250343360408,202608250343360390,118,11836,Bronze P1/P2 Assessments,br_NewPeriodicReassessmentD6,TASK_COMPLETE,SUCCESS,INFO,0,0,0,,2026-08-25T03:43:39.643Z,2026-08-25T04:03:08.743Z,1169,2026-08-25T04:03:08.743Z,B33,Paducah,8c969a39-95ec-4087-9ad3-4a9580887e34,SAMMS-Paducah
202608250403056857,202608250343360401,202608250343360390,118,11275,Bronze P1/P2 Assessments,br_NewPeriodicReassessmentD3,TASK_COMPLETE,SUCCESS,INFO,0,0,0,,2026-08-25T03:43:39.643Z,2026-08-25T04:03:08.743Z,1169,2026-08-25T04:03:08.743Z,B24,Paintsville,8c969a39-95ec-4087-9ad3-4a9580887e34,SAMMS-PaintsvilleV5
202608250403056858,202608250343360402,202608250343360390,118,11284,Bronze P1/P2 Assessments,br_NewPeriodicReassessmentD3,TASK_COMPLETE,SUCCESS,INFO,0,0,0,,2026-08-25T03:43:39.643Z,2026-08-25T04:03:08.743Z,1169,2026-08-25T04:03:08.743Z,B33,Paducah,8c969a39-95ec-4087-9ad3-4a9580887e34,SAMMS-Paducah
202608221113177748,202608221042113175,202608221042112981,85,3569,Bronze INV,br_ReAssessmentMentalHealth,TASK_COMPLETE,SUCCESS,INFO,590,590,0,,2026-08-22T10:42:14.039Z,2026-08-22T11:16:52.295Z,2078,2026-08-22T11:16:52.295Z,B46,Washington DC,28d7acf5-bc26-4be3-b390-775b9af3d980,SAMMS-WashingtonDCv5
202608221113177749,202608221042113176,202608221042112981,85,3570,Bronze INV,br_ReAssessmentMentalHealth,TASK_COMPLETE,SUCCESS,INFO,1573,1573,0,,2026-08-22T10:42:14.039Z,2026-08-22T11:16:52.295Z,2078,2026-08-22T11:16:52.295Z,B47,Mobile,28d7acf5-bc26-4be3-b390-775b9af3d980,SAMMS-MobileV5
202608221113177751,202608221042113177,202608221042112981,85,3639,Bronze INV,br_ReAssessmentMentalHealth,TASK_COMPLETE,SUCCESS,INFO,3203,3203,0,,2026-08-22T10:42:14.039Z,2026-08-22T11:16:52.295Z,2078,2026-08-22T11:16:52.295Z,DRD-NOLA,NOLA,28d7acf5-bc26-4be3-b390-775b9af3d980,SAMMS-NOLAv5
202608201034573138,202608201013530491,202608201013530447,46,9884,P1 Finance Payer Client Bronze - B25,br_samms_payer_client,TASK_COMPLETE,SUCCESS,INFO,1038,1038,0,,2026-08-20T10:13:57.622Z,2026-08-20T10:39:20.764Z,1523,2026-08-20T10:39:20.764Z,B25,Pikeville,069e8d01-766c-4679-b3df-c21f4d7bc3d1,SAMMS-PikevilleV5
202608251539280410,202608251517589128,202608251517589120,46,9527,P1 Finance Claim Line Item Bronze - AHK,br_samms_claim_line_item,TASK_COMPLETE,SUCCESS,INFO,13695,13695,0,,2026-08-25T15:18:05.141Z,2026-08-25T15:39:31.442Z,1286,2026-08-25T15:39:31.442Z,AHK,Ahoskie,04d587cb-fd28-4f28-a572-c158aa92fa98,SAMMS-Ahoskie
202608201034573089,202608201013530476,202608201013530447,46,9527,P1 Finance Claim Line Item Bronze - AHK,br_samms_claim_line_item,TASK_COMPLETE,SUCCESS,INFO,13609,13609,0,,2026-08-20T10:13:57.622Z,2026-08-20T10:39:20.764Z,1523,2026-08-20T10:39:20.764Z,AHK,Ahoskie,069e8d01-766c-4679-b3df-c21f4d7bc3d1,SAMMS-Ahoskie
202608251449420161,202608251428352615,202608251428352600,46,9527,P1 Finance Claim Line Item Bronze - AHK,br_samms_claim_line_item,TASK_COMPLETE,SUCCESS,INFO,13695,13695,0,,2026-08-25T14:28:42.306Z,2026-08-25T14:49:46.373Z,1264,2026-08-25T14:49:46.373Z,AHK,Ahoskie,5e789551-b18e-4745-8526-2b8db3ceeb01,SAMMS-Ahoskie
202608261724109174,202608261657210997,202608261657210989,46,9527,P1 Finance Claim Line Item Bronze - AHK,br_samms_claim_line_item,TASK_COMPLETE,SUCCESS,INFO,13695,13695,0,,2026-08-26T16:57:24.758Z,2026-08-26T17:25:01.887Z,1657,2026-08-26T17:25:01.887Z,AHK,Ahoskie,7a1b4484-4dc4-4e48-b51b-e78359ce9673,SAMMS-Ahoskie
202608242010298160,202608242001557426,202608242001557422,34,144002,3pClaimNote Bronze - B12B,br_tbl3pClaimNote,TASK_COMPLETE,SUCCESS,INFO,32931,32931,0,,2026-08-24T20:01:59.213Z,2026-08-24T20:10:33.227Z,514,2026-08-24T20:10:33.227Z,B12B,ColoradoSprings,4d8b4395-4229-458f-ac6c-24f28fa466d2,SAMMS-ColoradoSpringsV5
202608201034573064,202608201013530474,202608201013530447,46,9411,P1 Finance 3P Eligibility Bronze - B24,br_samms_3p_elig,TASK_COMPLETE,SUCCESS,INFO,78,78,0,,2026-08-20T10:13:57.622Z,2026-08-20T10:39:20.764Z,1523,2026-08-20T10:39:20.764Z,B24,Paintsville,069e8d01-766c-4679-b3df-c21f4d7bc3d1,SAMMS-PaintsvilleV5
202608201143153399,202608201143153399,202608201140451356,84,13673,Gold Salesforce Cases,Cases,TASK_DEPENDENCY_BLOCKED,DEPENDENCY_BLOCKED,WARN,0,0,0,"Dependency Failed : 216 (checked: 216,217,218,221,13676)",2026-08-20T11:43:21.351Z,2026-08-20T11:43:21.351Z,0,2026-08-20T11:43:21.351Z,,,79156e84-8509-4e63-a064-b4b0873a2a40,
202608250403056848,202608250343360394,202608250343360390,118,10548,Bronze P1/P2 Assessments,br_NewAdmissionAssessmentASAMDimension6,TASK_COMPLETE,SUCCESS,INFO,181,181,0,,2026-08-25T03:43:39.643Z,2026-08-25T04:03:08.743Z,1169,2026-08-25T04:03:08.743Z,B33,Paducah,8c969a39-95ec-4087-9ad3-4a9580887e34,SAMMS-Paducah
202608250403056869,202608250343360412,202608250343360390,118,12204,Bronze P1/P2 Assessments,br_NewAdmissionAssessmentASAMDimension4,TASK_COMPLETE,SUCCESS,INFO,178,178,0,,2026-08-25T03:43:39.643Z,2026-08-25T04:03:08.743Z,1169,2026-08-25T04:03:08.743Z,B33,Paducah,8c969a39-95ec-4087-9ad3-4a9580887e34,SAMMS-Paducah
202608150554175934,202608150537402663,202608150537402637,118,10911,Bronze P1/P2 Assessments,br_NewPeriodicReassessmentCounselorReview,TASK_COMPLETE,SUCCESS,INFO,0,0,0,,2026-08-15T05:38:25.156Z,2026-08-15T05:54:20.465Z,955,2026-08-15T05:54:20.465Z,B28,West Plains,92fdec37-a7f1-4589-8ea2-af8b074ddb31,
202608150554175935,202608150537402664,202608150537402637,118,10916,Bronze P1/P2 Assessments,br_NewPeriodicReassessmentCounselorReview,TASK_COMPLETE,SUCCESS,INFO,237,237,0,,2026-08-15T05:38:25.156Z,2026-08-15T05:54:20.465Z,955,2026-08-15T05:54:20.465Z,B33,Paducah,92fdec37-a7f1-4589-8ea2-af8b074ddb31,
202608150554175936,202608150537402665,202608150537402637,118,10971,Bronze P1/P2 Assessments,br_NewPeriodicReassessmentCounselorReview,TASK_COMPLETE,SUCCESS,INFO,0,0,0,,2026-08-15T05:38:25.156Z,2026-08-15T05:54:20.465Z,955,2026-08-15T05:54:20.465Z,CBCO,Coeur dAlene,92fdec37-a7f1-4589-8ea2-af8b074ddb31,
202608150554175937,202608150537402666,202608150537402637,118,11089,Bronze P1/P2 Assessments,br_newperiodicreassessmentd2,TASK_COMPLETE,SUCCESS,INFO,0,0,0,,2026-08-15T05:38:25.156Z,2026-08-15T05:54:20.465Z,955,2026-08-15T05:54:20.465Z,AHK,Ahoskie,92fdec37-a7f1-4589-8ea2-af8b074ddb31,
202608150554175938,202608150537402667,202608150537402637,118,11090,Bronze P1/P2 Assessments,br_newperiodicreassessmentd2,TASK_COMPLETE,SUCCESS,INFO,0,0,0,,2026-08-15T05:38:25.156Z,2026-08-15T05:54:20.465Z,955,2026-08-15T05:54:20.465Z,B12B,Colorado Springs,92fdec37-a7f1-4589-8ea2-af8b074ddb31,
202608102144480472,202608102108561416,202608102108561394,28,91022,FormQuestionAnswers Bronze - B42B,br_tblFormQA,TASK_COMPLETE,SUCCESS,INFO,3191,3191,0,,2026-08-10T21:09:33.412Z,2026-08-10T21:44:51.777Z,2118,2026-08-10T21:44:51.777Z,B42B,Franklin,919a3989-3039-4ed4-8e54-b0f9527e0235,
202608102144480473,202608102108561417,202608102108561394,28,91023,FormQuestionAnswers Bronze - B42C,br_tblFormQA,TASK_COMPLETE,SUCCESS,INFO,14624,14624,0,,2026-08-10T21:09:33.412Z,2026-08-10T21:44:51.777Z,2118,2026-08-10T21:44:51.777Z,B42C,GlenAllen,919a3989-3039-4ed4-8e54-b0f9527e0235,
202608102144480474,202608102108561418,202608102108561394,28,91024,FormQuestionAnswers Bronze - B42D,br_tblFormQA,TASK_COMPLETE,SUCCESS,INFO,11042,11042,0,,2026-08-10T21:09:33.412Z,2026-08-10T21:44:51.777Z,2118,2026-08-10T21:44:51.777Z,B42D,ChesapeakeSouth,919a3989-3039-4ed4-8e54-b0f9527e0235,
202608102144480475,202608102108561419,202608102108561394,28,91025,FormQuestionAnswers Bronze - B44,br_tblFormQA,TASK_COMPLETE,SUCCESS,INFO,5776,5776,0,,2026-08-10T21:09:33.412Z,2026-08-10T21:44:51.777Z,2118,2026-08-10T21:44:51.777Z,B44,Albany,919a3989-3039-4ed4-8e54-b0f9527e0235,
202608102144480477,202608102108561420,202608102108561394,28,91026,FormQuestionAnswers Bronze - B45,br_tblFormQA,TASK_COMPLETE,SUCCESS,INFO,11744,11744,0,,2026-08-10T21:09:33.412Z,2026-08-10T21:44:51.777Z,2118,2026-08-10T21:44:51.777Z,B45,Tifton,919a3989-3039-4ed4-8e54-b0f9527e0235,
202608102144480478,202608102108561421,202608102108561394,28,91027,FormQuestionAnswers Bronze - B46,br_tblFormQA,TASK_COMPLETE,SUCCESS,INFO,15498,15498,0,,2026-08-10T21:09:33.412Z,2026-08-10T21:44:51.777Z,2118,2026-08-10T21:44:51.777Z,B46,WashingtonDC,919a3989-3039-4ed4-8e54-b0f9527e0235,
202608102144480479,202608102108561422,202608102108561394,28,91028,FormQuestionAnswers Bronze - B47,br_tblFormQA,TASK_COMPLETE,SUCCESS,INFO,20821,20821,0,,2026-08-10T21:09:33.412Z,2026-08-10T21:44:51.777Z,2118,2026-08-10T21:44:51.777Z,B47,Mobile,919a3989-3039-4ed4-8e54-b0f9527e0235,
202608170650554205,202608170608269054,202608170608269015,106,8305,Clinical Domain Bronze - SaveMNTreatmentServiceReview - VBRA,br_MNTreatmentServiceReview,TASK_COMPLETE,SUCCESS,INFO,7319,7319,0,,2026-08-17T06:09:37.896Z,2026-08-17T06:50:58.970Z,2481,2026-08-17T06:50:58.970Z,VBRA,Brainerd,83c0f655-df7d-4ce0-a8e7-3e8120951bbc,
202608142019050049,202608141850614629,202608141850614621,28,91008,FormQuestionAnswers Bronze - B29,br_tblFormQA,TASK_COMPLETE,SUCCESS,INFO,87956,87956,0,,2026-08-14T18:51:07.427Z,2026-08-14T20:19:08.156Z,5281,2026-08-14T20:19:08.156Z,B29,PoplarBluff,06b9d75d-291b-4cd2-9a89-52908a52280f,
202608142019050050,202608141850614630,202608141850614621,28,91009,FormQuestionAnswers Bronze - B30,br_tblFormQA,TASK_COMPLETE,SUCCESS,INFO,57697,57697,0,,2026-08-14T18:51:07.427Z,2026-08-14T20:19:08.156Z,5281,2026-08-14T20:19:08.156Z,B30,KCN,06b9d75d-291b-4cd2-9a89-52908a52280f,
202608142019050051,202608141850614631,202608141850614621,28,91010,FormQuestionAnswers Bronze - B31,br_tblFormQA,TASK_COMPLETE,SUCCESS,INFO,209926,209926,0,,2026-08-14T18:51:07.427Z,2026-08-14T20:19:08.156Z,5281,2026-08-14T20:19:08.156Z,B31,Dyersburg,06b9d75d-291b-4cd2-9a89-52908a52280f,
202608142019050052,202608141850614632,202608141850614621,28,91011,FormQuestionAnswers Bronze - B33,br_tblFormQA,TASK_COMPLETE,SUCCESS,INFO,310745,310745,0,,2026-08-14T18:51:07.427Z,2026-08-14T20:19:08.156Z,5281,2026-08-14T20:19:08.156Z,B33,Paducah,06b9d75d-291b-4cd2-9a89-52908a52280f,
202608142019050053,202608141850614633,202608141850614621,28,91012,FormQuestionAnswers Bronze - B34,br_tblFormQA,TASK_COMPLETE,SUCCESS,INFO,389122,389122,0,,2026-08-14T18:51:07.427Z,2026-08-14T20:19:08.156Z,5281,2026-08-14T20:19:08.156Z,B34,Corbin,06b9d75d-291b-4cd2-9a89-52908a52280f,
202608142019050054,202608141850614634,202608141850614621,28,91013,FormQuestionAnswers Bronze - B35,br_tblFormQA,TASK_COMPLETE,SUCCESS,INFO,537245,537245,0,,2026-08-14T18:51:07.427Z,2026-08-14T20:19:08.156Z,5281,2026-08-14T20:19:08.156Z,B35,Lexington,06b9d75d-291b-4cd2-9a89-52908a52280f,
202608142019050056,202608141850614635,202608141850614621,28,91014,FormQuestionAnswers Bronze - B35A,br_tblFormQA,TASK_COMPLETE,SUCCESS,INFO,147153,147153,0,,2026-08-14T18:51:07.427Z,2026-08-14T20:19:08.156Z,5281,2026-08-14T20:19:08.156Z,B35A,Berea,06b9d75d-291b-4cd2-9a89-52908a52280f,
202608120341378084,202608120340199728,20260812034005,100,13668,Bronze QQ_GLTRAN,br_qq_gltran,TASK_FAILED,FAILED,ERROR,0,0,0,"Lakehouse schema name should only contain letters, numbers, and underscores.",2026-08-12T03:40:27.856Z,2026-08-12T03:41:40.047Z,63,2026-08-12T03:41:40.047Z,,,13277167-7fb7-447e-9292-6a3b6529d4b3,
202608120352586680,202608120351526733,20260812034005,100,13668,Bronze QQ_GLTRAN,br_qq_gltran,TASK_FAILED,FAILED,ERROR,0,0,0,"Lakehouse schema name should only contain letters, numbers, and underscores.",2026-08-12T03:52:06.716Z,2026-08-12T03:53:04.541Z,46,2026-08-12T03:53:04.541Z,,,8e37f056-242f-4c34-b401-ccc72997264b,
202608141515547564,202608141505574960,202608141505574909,118,11642,Bronze P1/P2 Assessments,br_newperiodicreassessmentd5,TASK_COMPLETE,SUCCESS,INFO,0,0,0,,2026-08-14T15:06:49.317Z,2026-08-14T15:16:31.149Z,582,2026-08-14T15:16:31.149Z,B12B,Colorado Springs,7969362d-463a-4985-92c3-d629dd6d5c4e,
202608141515547565,202608141505574961,202608141505574909,118,11643,Bronze P1/P2 Assessments,br_newperiodicreassessmentd5,TASK_COMPLETE,SUCCESS,INFO,0,0,0,,2026-08-14T15:06:49.317Z,2026-08-14T15:16:31.149Z,582,2026-08-14T15:16:31.149Z,B24,Paintsville,7969362d-463a-4985-92c3-d629dd6d5c4e,
202608141515547566,202608141505574962,202608141505574909,118,11645,Bronze P1/P2 Assessments,br_newperiodicreassessmentd5,TASK_COMPLETE,SUCCESS,INFO,0,0,0,,2026-08-14T15:06:49.317Z,2026-08-14T15:16:31.149Z,582,2026-08-14T15:16:31.149Z,B26,Hazard,7969362d-463a-4985-92c3-d629dd6d5c4e,
202608141515547567,202608141505574963,202608141505574909,118,11647,Bronze P1/P2 Assessments,br_newperiodicreassessmentd5,TASK_COMPLETE,SUCCESS,INFO,0,0,0,,2026-08-14T15:06:49.317Z,2026-08-14T15:16:31.149Z,582,2026-08-14T15:16:31.149Z,B28,West Plains,7969362d-463a-4985-92c3-d629dd6d5c4e,
202608141515547568,202608141505574964,202608141505574909,118,11652,Bronze P1/P2 Assessments,br_newperiodicreassessmentd5,TASK_COMPLETE,SUCCESS,INFO,0,0,0,,2026-08-14T15:06:49.317Z,2026-08-14T15:16:31.149Z,582,2026-08-14T15:16:31.149Z,B33,Paducah,7969362d-463a-4985-92c3-d629dd6d5c4e,
202608220933544591,202608220857444383,202608220857444379,124,13638,Assessments Silver - SavePADimension2,sl_PADimension2,TASK_COMPLETE,SUCCESS,INFO,20104,1126,0,,2026-08-22T08:58:22.185Z,2026-08-22T09:33:56.515Z,2134,2026-08-22T09:33:56.515Z,,,39d3782c-f729-4e52-b4aa-f257942a503a,
202608171343191056,202608171343191056,202608171026319654,84,6810,Gold Salesforce StgOutboundSMS,stgOutboundSMS,TASK_ALREADY_COMPLETED,ALREADY_COMPLETED,INFO,0,0,0,Already succeeded in previous attempt,2026-08-17T13:43:46.191Z,2026-08-17T13:43:46.191Z,0,2026-08-17T13:43:46.191Z,,,1cdba2b7-2cc0-4832-97e7-304e1a700c17,
202608150651297612,202608150651297612,202608141121345444,84,6810,Gold Salesforce StgOutboundSMS,stgOutboundSMS,TASK_ALREADY_COMPLETED,ALREADY_COMPLETED,INFO,0,0,0,Already succeeded in previous attempt,2026-08-15T06:51:34.561Z,2026-08-15T06:51:34.561Z,0,2026-08-15T06:51:34.561Z,,,4b120bb3-f1e6-442e-8114-0fadc28f6b49,
202608150749097428,202608150749097428,202608141121345444,84,6809,Gold Salesforce PatientSurveys,PatientSurveys,TASK_ALREADY_COMPLETED,ALREADY_COMPLETED,INFO,0,0,0,Already succeeded in previous attempt,2026-08-15T07:49:14.664Z,2026-08-15T07:49:14.664Z,0,2026-08-15T07:49:14.664Z,,,7aeef17f-6a83-4892-911d-f2c8473c9ddd,
202608150831523827,202608150831523827,202608141121345444,84,6809,Gold Salesforce PatientSurveys,PatientSurveys,TASK_ALREADY_COMPLETED,ALREADY_COMPLETED,INFO,0,0,0,Already succeeded in previous attempt,2026-08-15T08:31:56.973Z,2026-08-15T08:31:56.973Z,0,2026-08-15T08:31:56.973Z,,,749d5262-86ff-40e0-8a86-2235f2d6051c,
202608171343030276,202608171343030276,202608171026319654,84,6809,Gold Salesforce PatientSurveys,PatientSurveys,TASK_ALREADY_COMPLETED,ALREADY_COMPLETED,INFO,0,0,0,Already succeeded in previous attempt,2026-08-17T13:43:09.137Z,2026-08-17T13:43:09.137Z,0,2026-08-17T13:43:09.137Z,,,1cdba2b7-2cc0-4832-97e7-304e1a700c17,
202608150651182910,202608150651182910,202608141121345444,84,6809,Gold Salesforce PatientSurveys,PatientSurveys,TASK_ALREADY_COMPLETED,ALREADY_COMPLETED,INFO,0,0,0,Already succeeded in previous attempt,2026-08-15T06:51:22.355Z,2026-08-15T06:51:22.355Z,0,2026-08-15T06:51:22.355Z,,,4b120bb3-f1e6-442e-8114-0fadc28f6b49,
202608191139125005,202608191104247949,202608191104247942,107,8561,Clinical Domain Silver - BulkDartsSrvLoader,sl_uaresultdetail,TASK_COMPLETE,SUCCESS,INFO,17194,17194,0,,2026-08-19T11:06:34.343Z,2026-08-19T11:39:14.497Z,1960,2026-08-19T11:39:14.497Z,,,8c2f72fa-f3d3-4c31-9e7b-e1d36d508d72,
202608102144480488,202608102108561430,202608102108561394,28,91036,FormQuestionAnswers Bronze - B57B,br_tblFormQA,TASK_COMPLETE,SUCCESS,INFO,3787,3787,0,,2026-08-10T21:09:33.412Z,2026-08-10T21:44:51.777Z,2118,2026-08-10T21:44:51.777Z,B57B,Middletown,919a3989-3039-4ed4-8e54-b0f9527e0235,
202608102144480489,202608102108561431,202608102108561394,28,91037,FormQuestionAnswers Bronze - B57C,br_tblFormQA,TASK_COMPLETE,SUCCESS,INFO,7348,7348,0,,2026-08-10T21:09:33.412Z,2026-08-10T21:44:51.777Z,2118,2026-08-10T21:44:51.777Z,B57C,Providence,919a3989-3039-4ed4-8e54-b0f9527e0235,
202608102144480491,202608102108561432,202608102108561394,28,91038,FormQuestionAnswers Bronze - B57D,br_tblFormQA,TASK_COMPLETE,SUCCESS,INFO,6529,6529,0,,2026-08-10T21:09:33.412Z,2026-08-10T21:44:51.777Z,2118,2026-08-10T21:44:51.777Z,B57D,Westerly,919a3989-3039-4ed4-8e54-b0f9527e0235,
202608102144480492,202608102108561433,202608102108561394,28,91039,FormQuestionAnswers Bronze - B66A,br_tblFormQA,TASK_COMPLETE,SUCCESS,INFO,3312,3312,0,,2026-08-10T21:09:33.412Z,2026-08-10T21:44:51.777Z,2118,2026-08-10T21:44:51.777Z,B66A,Bremen,919a3989-3039-4ed4-8e54-b0f9527e0235,
202608102144480493,202608102108561434,202608102108561394,28,91040,FormQuestionAnswers Bronze - B72,br_tblFormQA,TASK_COMPLETE,SUCCESS,INFO,1882,1882,0,,2026-08-10T21:09:33.412Z,2026-08-10T21:44:51.777Z,2118,2026-08-10T21:44:51.777Z,B72,Mobile-OBOT,919a3989-3039-4ed4-8e54-b0f9527e0235,
202608102144480494,202608102108561435,202608102108561394,28,91041,FormQuestionAnswers Bronze - B73,br_tblFormQA,TASK_COMPLETE,SUCCESS,INFO,1015,1015,0,,2026-08-10T21:09:33.412Z,2026-08-10T21:44:51.777Z,2118,2026-08-10T21:44:51.777Z,B73,Montgomery,919a3989-3039-4ed4-8e54-b0f9527e0235,
202608102144480495,202608102108561436,202608102108561394,28,91042,FormQuestionAnswers Bronze - B75,br_tblFormQA,TASK_COMPLETE,SUCCESS,INFO,7845,7845,0,,2026-08-10T21:09:33.412Z,2026-08-10T21:44:51.777Z,2118,2026-08-10T21:44:51.777Z,B75,Lawrence,919a3989-3039-4ed4-8e54-b0f9527e0235,
202608142019050120,202608141850614692,202608141850614621,28,91071,FormQuestionAnswers Bronze - LAN,br_tblFormQA,TASK_COMPLETE,SUCCESS,INFO,102326,102326,0,,2026-08-14T18:51:07.427Z,2026-08-14T20:19:08.156Z,5281,2026-08-14T20:19:08.156Z,LAN,Lansing,06b9d75d-291b-4cd2-9a89-52908a52280f,
202608142019050122,202608141850614693,202608141850614621,28,91072,FormQuestionAnswers Bronze - LO,br_tblFormQA,TASK_COMPLETE,SUCCESS,INFO,476917,476917,0,,2026-08-14T18:51:07.427Z,2026-08-14T20:19:08.156Z,5281,2026-08-14T20:19:08.156Z,LO,Louisville,06b9d75d-291b-4cd2-9a89-52908a52280f,
202608142019050123,202608141850614694,202608141850614621,28,91073,FormQuestionAnswers Bronze - LV1,br_tblFormQA,TASK_COMPLETE,SUCCESS,INFO,200174,200174,0,,2026-08-14T18:51:07.427Z,2026-08-14T20:19:08.156Z,5281,2026-08-14T20:19:08.156Z,LV1,Cheyenne,06b9d75d-291b-4cd2-9a89-52908a52280f,
202608142019050124,202608141850614695,202608141850614621,28,91074,FormQuestionAnswers Bronze - LV2,br_tblFormQA,TASK_COMPLETE,SUCCESS,INFO,144135,144135,0,,2026-08-14T18:51:07.427Z,2026-08-14T20:19:08.156Z,5281,2026-08-14T20:19:08.156Z,LV2,DesertInn,06b9d75d-291b-4cd2-9a89-52908a52280f,
202608142019050125,202608141850614696,202608141850614621,28,91075,FormQuestionAnswers Bronze - LV3,br_tblFormQA,TASK_COMPLETE,SUCCESS,INFO,65416,65416,0,,2026-08-14T18:51:07.427Z,2026-08-14T20:19:08.156Z,5281,2026-08-14T20:19:08.156Z,LV3,McDaniel,06b9d75d-291b-4cd2-9a89-52908a52280f,
202608142019050126,202608141850614697,202608141850614621,28,91076,FormQuestionAnswers Bronze - MNRE,br_tblFormQA,TASK_COMPLETE,SUCCESS,INFO,81297,81297,0,,2026-08-14T18:51:07.427Z,2026-08-14T20:19:08.156Z,5281,2026-08-14T20:19:08.156Z,MNRE,Monroe,06b9d75d-291b-4cd2-9a89-52908a52280f,
202608142019050127,202608141850614698,202608141850614621,28,91077,FormQuestionAnswers Bronze - MP,br_tblFormQA,TASK_COMPLETE,SUCCESS,INFO,151344,151344,0,,2026-08-14T18:51:07.427Z,2026-08-14T20:19:08.156Z,5281,2026-08-14T20:19:08.156Z,MP,MtPleasant,06b9d75d-291b-4cd2-9a89-52908a52280f,
202608150554175973,202608150537402698,202608150537402637,118,11831,Bronze P1/P2 Assessments,br_newperiodicreassessmentd6,TASK_COMPLETE,SUCCESS,INFO,0,0,0,,2026-08-15T05:38:25.156Z,2026-08-15T05:54:20.465Z,955,2026-08-15T05:54:20.465Z,B28,West Plains,92fdec37-a7f1-4589-8ea2-af8b074ddb31,
202608150554175974,202608150537402699,202608150537402637,118,11836,Bronze P1/P2 Assessments,br_newperiodicreassessmentd6,TASK_COMPLETE,SUCCESS,INFO,237,237,0,,2026-08-15T05:38:25.156Z,2026-08-15T05:54:20.465Z,955,2026-08-15T05:54:20.465Z,B33,Paducah,92fdec37-a7f1-4589-8ea2-af8b074ddb31,
202608150554175975,202608150537402700,202608150537402637,118,11891,Bronze P1/P2 Assessments,br_newperiodicreassessmentd6,TASK_COMPLETE,SUCCESS,INFO,0,0,0,,2026-08-15T05:38:25.156Z,2026-08-15T05:54:20.465Z,955,2026-08-15T05:54:20.465Z,CBCO,Coeur dAlene,92fdec37-a7f1-4589-8ea2-af8b074ddb31,
202608150554175976,202608150537402701,202608150537402637,118,12009,Bronze P1/P2 Assessments,br_NewAdmissionAssessmentASAMDimension2,TASK_COMPLETE,SUCCESS,INFO,0,0,0,,2026-08-15T05:38:25.156Z,2026-08-15T05:54:20.465Z,955,2026-08-15T05:54:20.465Z,AHK,Ahoskie,92fdec37-a7f1-4589-8ea2-af8b074ddb31,
202608150554175977,202608150537402702,202608150537402637,118,12010,Bronze P1/P2 Assessments,br_NewAdmissionAssessmentASAMDimension2,TASK_COMPLETE,SUCCESS,INFO,0,0,0,,2026-08-15T05:38:25.156Z,2026-08-15T05:54:20.465Z,955,2026-08-15T05:54:20.465Z,B12B,Colorado Springs,92fdec37-a7f1-4589-8ea2-af8b074ddb31,
202608151146098642,202608151055524871,202608151055524858,107,8567,Clinical Domain Silver - SaveMNTreatmentServiceReview,sl_mntreatmentservicereview,TASK_COMPLETE,SUCCESS,INFO,46466,46466,0,,2026-08-15T10:59:41.813Z,2026-08-15T11:46:12.215Z,2791,2026-08-15T11:46:12.215Z,Global,SAMMSGLOBAL,09bdfa13-0c4c-4ca3-9dd3-abd349cbbab4,
202608170510562249,202608170422315763,202608170422315750,107,8567,Clinical Domain Silver - SaveMNTreatmentServiceReview,sl_mntreatmentservicereview,TASK_COMPLETE,SUCCESS,INFO,46466,46466,0,,2026-08-17T04:29:17.023Z,2026-08-17T05:11:26.731Z,2529,2026-08-17T05:11:26.731Z,Global,SAMMSGLOBAL,0b53dc13-182d-4036-9b17-0891eca5f916,
202608170655047552,202608170608369028,202608170608369015,107,8567,Clinical Domain Silver - SaveMNTreatmentServiceReview,sl_mntreatmentservicereview,TASK_COMPLETE,SUCCESS,INFO,46466,46466,0,,2026-08-17T06:09:37.896Z,2026-08-17T06:55:07.563Z,2730,2026-08-17T06:55:07.563Z,Global,SAMMSGLOBAL,83c0f655-df7d-4ce0-a8e7-3e8120951bbc,
202608142019050112,202608141850614685,202608141850614621,28,91064,FormQuestionAnswers Bronze - FS,br_tblFormQA,TASK_COMPLETE,SUCCESS,INFO,19342,19342,0,,2026-08-14T18:51:07.427Z,2026-08-14T20:19:08.156Z,5281,2026-08-14T20:19:08.156Z,FS,FortSmith,06b9d75d-291b-4cd2-9a89-52908a52280f,
202608142019050114,202608141850614686,202608141850614621,28,91065,FormQuestionAnswers Bronze - FW,br_tblFormQA,TASK_COMPLETE,SUCCESS,INFO,333575,333575,0,,2026-08-14T18:51:07.427Z,2026-08-14T20:19:08.156Z,5281,2026-08-14T20:19:08.156Z,FW,FortWayne,06b9d75d-291b-4cd2-9a89-52908a52280f,
202608142019050115,202608141850614687,202608141850614621,28,91066,FormQuestionAnswers Bronze - GAL,br_tblFormQA,TASK_COMPLETE,SUCCESS,INFO,91952,91952,0,,2026-08-14T18:51:07.427Z,2026-08-14T20:19:08.156Z,5281,2026-08-14T20:19:08.156Z,GAL,Gaylord,06b9d75d-291b-4cd2-9a89-52908a52280f,
202608142019050116,202608141850614688,202608141850614621,28,91067,FormQuestionAnswers Bronze - HGT,br_tblFormQA,TASK_COMPLETE,SUCCESS,INFO,269545,269545,0,,2026-08-14T18:51:07.427Z,2026-08-14T20:19:08.156Z,5281,2026-08-14T20:19:08.156Z,HGT,Hagerstown,06b9d75d-291b-4cd2-9a89-52908a52280f,
202608142019050117,202608141850614689,202608141850614621,28,91068,FormQuestionAnswers Bronze - HNT,br_tblFormQA,TASK_COMPLETE,SUCCESS,INFO,240662,240662,0,,2026-08-14T18:51:07.427Z,2026-08-14T20:19:08.156Z,5281,2026-08-14T20:19:08.156Z,HNT,Huntsville,06b9d75d-291b-4cd2-9a89-52908a52280f,
202608142019050118,202608141850614690,202608141850614621,28,91069,FormQuestionAnswers Bronze - HS,br_tblFormQA,TASK_COMPLETE,SUCCESS,INFO,23126,23126,0,,2026-08-14T18:51:07.427Z,2026-08-14T20:19:08.156Z,5281,2026-08-14T20:19:08.156Z,HS,HotSprings,06b9d75d-291b-4cd2-9a89-52908a52280f,
202608142019050119,202608141850614691,202608141850614621,28,91070,FormQuestionAnswers Bronze - JON,br_tblFormQA,TASK_COMPLETE,SUCCESS,INFO,17669,17669,0,,2026-08-14T18:51:07.427Z,2026-08-14T20:19:08.156Z,5281,2026-08-14T20:19:08.156Z,JON,Jonesboro,06b9d75d-291b-4cd2-9a89-52908a52280f,
202608151358565628,202608151310507816,202608151310507803,107,8567,Clinical Domain Silver - SaveMNTreatmentServiceReview,sl_mntreatmentservicereview,TASK_COMPLETE,SUCCESS,INFO,46466,46466,0,,2026-08-15T13:11:43.813Z,2026-08-15T13:58:58.213Z,2835,2026-08-15T13:58:58.213Z,Global,SAMMSGLOBAL,56214535-005b-4285-976b-e0172bc11b0b,
202608210243533020,202608210227362451,202608210227362448,45,187,SAMMSGLOBAL Gold,User,TASK_COMPLETE,SUCCESS,INFO,0,0,0,,2026-08-21T02:27:19.171Z,2026-08-21T02:44:04.451Z,1005,2026-08-21T02:44:04.451Z,Global,Global,37d39418-848b-43a3-aff1-182cc8bb7455,SAMMSGLOBAL
202608250407267622,202608250343560394,202608250343560390,120,12575,Gold P1/P2 Assessments,NewPeriodicReassessmentCounselorReview,TASK_COMPLETE,SUCCESS,INFO,2864,2860,0,,2026-08-25T03:43:39.643Z,2026-08-25T04:07:44.586Z,1445,2026-08-25T04:07:44.586Z,,,8c969a39-95ec-4087-9ad3-4a9580887e34,
202608120911546187,202608120822452541,202608120822452528,106,7276,Clinical Domain Bronze - SaveUAResults - B12B,brz_UAResults,TASK_COMPLETE,SUCCESS,INFO,133,133,0,,2026-08-12T08:25:12.254Z,2026-08-12T09:12:13.728Z,2821,2026-08-12T09:12:13.728Z,B12B,ColoradoSprings,577435af-c452-4617-9a3c-7d2b03361707,
202608120911546188,202608120822452542,202608120822452528,106,7277,Clinical Domain Bronze - SaveUAResults - B24,brz_UAResults,TASK_COMPLETE,SUCCESS,INFO,557,557,0,,2026-08-12T08:25:12.254Z,2026-08-12T09:12:13.728Z,2821,2026-08-12T09:12:13.728Z,B24,Paintsville,577435af-c452-4617-9a3c-7d2b03361707,
202608120911546189,202608120822452543,202608120822452528,106,7285,Clinical Domain Bronze - SaveUAResults - B33,brz_UAResults,TASK_COMPLETE,SUCCESS,INFO,619,619,0,,2026-08-12T08:25:12.254Z,2026-08-12T09:12:13.728Z,2821,2026-08-12T09:12:13.728Z,B33,Paducah,577435af-c452-4617-9a3c-7d2b03361707,
202608120911546190,202608120822452544,202608120822452528,106,7320,Clinical Domain Bronze - SaveUAResults - BOI,brz_UAResults,TASK_COMPLETE,SUCCESS,INFO,447,447,0,,2026-08-12T08:25:12.254Z,2026-08-12T09:12:13.728Z,2821,2026-08-12T09:12:13.728Z,BOI,Boise,577435af-c452-4617-9a3c-7d2b03361707,
202608141515547514,202608141505574915,202608141505574909,118,10364,Bronze P1/P2 Assessments,br_NewAdmissionAssessment,TASK_COMPLETE,SUCCESS,INFO,0,0,0,,2026-08-14T15:06:49.317Z,2026-08-14T15:16:31.149Z,582,2026-08-14T15:16:31.149Z,B33,Paducah,7969362d-463a-4985-92c3-d629dd6d5c4e,
202608141515547515,202608141505574916,202608141505574909,118,10419,Bronze P1/P2 Assessments,br_NewAdmissionAssessment,TASK_COMPLETE,SUCCESS,INFO,0,0,0,,2026-08-14T15:06:49.317Z,2026-08-14T15:16:31.149Z,582,2026-08-14T15:16:31.149Z,CBCO,Coeur dAlene,7969362d-463a-4985-92c3-d629dd6d5c4e,
202608141515547516,202608141505574917,202608141505574909,118,10537,Bronze P1/P2 Assessments,br_NewAdmissionAssessmentASAMDimension6,TASK_COMPLETE,SUCCESS,INFO,0,0,0,,2026-08-14T15:06:49.317Z,2026-08-14T15:16:31.149Z,582,2026-08-14T15:16:31.149Z,AHK,Ahoskie,7969362d-463a-4985-92c3-d629dd6d5c4e,
202608141515547517,202608141505574918,202608141505574909,118,10538,Bronze P1/P2 Assessments,br_NewAdmissionAssessmentASAMDimension6,TASK_COMPLETE,SUCCESS,INFO,0,0,0,,2026-08-14T15:06:49.317Z,2026-08-14T15:16:31.149Z,582,2026-08-14T15:16:31.149Z,B12B,Colorado Springs,7969362d-463a-4985-92c3-d629dd6d5c4e,
202608141515547518,202608141505574919,202608141505574909,118,10539,Bronze P1/P2 Assessments,br_NewAdmissionAssessmentASAMDimension6,TASK_COMPLETE,SUCCESS,INFO,0,0,0,,2026-08-14T15:06:49.317Z,2026-08-14T15:16:31.149Z,582,2026-08-14T15:16:31.149Z,B24,Paintsville,7969362d-463a-4985-92c3-d629dd6d5c4e,
202608181053385173,202608181018308836,202608181018308812,123,13407,Assessments Bronze - SavePADimension6 - B24,br_PADimension6,TASK_COMPLETE,SUCCESS,INFO,446,446,0,,2026-08-18T10:19:21.940Z,2026-08-18T10:53:43.553Z,2062,2026-08-18T10:53:43.553Z,B24,Paintsville,06767fa9-f980-4e92-a048-4dd43e2dbe98,
202608181053385174,202608181018308837,202608181018308812,123,13520,Assessments Bronze - SaveAdmissionAssessmentsSubstanceUseHistory - AHK,br_Admissionassessmentsubstanceusehistory,TASK_COMPLETE,SUCCESS,INFO,23,23,0,,2026-08-18T10:19:21.940Z,2026-08-18T10:53:43.553Z,2062,2026-08-18T10:53:43.553Z,AHK,Ahoskie,06767fa9-f980-4e92-a048-4dd43e2dbe98,
202608181238297198,202608181207708144,202608181207708120,123,13407,Assessments Bronze - SavePADimension6 - B24,br_PADimension6,TASK_COMPLETE,SUCCESS,INFO,446,446,0,,2026-08-18T12:09:06.544Z,2026-08-18T12:38:32.842Z,1766,2026-08-18T12:38:32.842Z,B24,Paintsville,6a9f8fe6-e2a7-49ab-8570-443c59873958,
202608181238297199,202608181207708145,202608181207708120,123,13520,Assessments Bronze - SaveAdmissionAssessmentsSubstanceUseHistory - AHK,br_Admissionassessmentsubstanceusehistory,TASK_COMPLETE,SUCCESS,INFO,23,23,0,,2026-08-18T12:09:06.544Z,2026-08-18T12:38:32.842Z,1766,2026-08-18T12:38:32.842Z,AHK,Ahoskie,6a9f8fe6-e2a7-49ab-8570-443c59873958,
202608270448153221,202608270434470867,202608270434470866,114,8616,CDC Bronze INV,br_LiquidLog_CDC,TASK_COMPLETE,SUCCESS,INFO,0,0,0,,2026-08-27T04:34:51.617Z,2026-08-27T04:48:18.714Z,807,2026-08-27T04:48:18.714Z,AHK,Ahoskie,2e7c859c-0cb2-4a04-88a8-b5f0cad3f58f,SAMMS-Ahoskie
202608260442381079,202608260434246983,202608260434246982,114,8616,CDC Bronze INV,br_LiquidLog_CDC,TASK_COMPLETE,SUCCESS,INFO,0,0,0,,2026-08-26T04:34:28.744Z,2026-08-26T04:42:41.689Z,493,2026-08-26T04:42:41.689Z,AHK,Ahoskie,5187609b-db66-42e3-9436-fcfeae3ae564,SAMMS-Ahoskie
202608141514042266,202608141439260349,202608141439260325,123,13407,Assessments Bronze - SavePADimension6 - B24,br_PADimension6,TASK_COMPLETE,SUCCESS,INFO,446,446,0,,2026-08-14T14:40:07.233Z,2026-08-14T15:14:33.646Z,2066,2026-08-14T15:14:33.646Z,B24,Paintsville,58f20748-15b7-4a11-966c-9510b56c5310,
202608141514042268,202608141439260350,202608141439260325,123,13520,Assessments Bronze - SaveAdmissionAssessmentsSubstanceUseHistory - AHK,br_Admissionassessmentsubstanceusehistory,TASK_COMPLETE,SUCCESS,INFO,0,0,0,,2026-08-14T14:40:07.233Z,2026-08-14T15:14:33.646Z,2066,2026-08-14T15:14:33.646Z,AHK,Ahoskie,58f20748-15b7-4a11-966c-9510b56c5310,
202608280446074423,202608280435522012,202608280435522011,114,8616,CDC Bronze INV,br_LiquidLog_CDC,TASK_COMPLETE,SUCCESS,INFO,0,0,0,,2026-08-28T04:36:02.260Z,2026-08-28T04:46:10.994Z,608,2026-08-28T04:46:10.994Z,AHK,Ahoskie,60ff5281-bdb1-466d-9e29-0c58e613d194,SAMMS-Ahoskie
202608102226458843,202608102151219760,202608102151219703,31,94057,FormAnswerSignatures Bronze - DRD-KVC,br_tblFormAnswerSig,TASK_COMPLETE,SUCCESS,INFO,54330,54330,0,,2026-08-10T21:52:10.015Z,2026-08-10T22:26:49.259Z,2079,2026-08-10T22:26:49.259Z,DRD-KVC,KVC,733bdb65-98e7-4d6d-af8f-93040e55bb44,
202608102226458844,202608102151219761,202608102151219703,31,94058,FormAnswerSignatures Bronze - DRD-NOLA,br_tblFormAnswerSig,TASK_COMPLETE,SUCCESS,INFO,44466,44466,0,,2026-08-10T21:52:10.015Z,2026-08-10T22:26:49.259Z,2079,2026-08-10T22:26:49.259Z,DRD-NOLA,NOLA,733bdb65-98e7-4d6d-af8f-93040e55bb44,
202608102226458845,202608102151219762,202608102151219703,31,94059,FormAnswerSignatures Bronze - DRD-SF,br_tblFormAnswerSig,TASK_COMPLETE,SUCCESS,INFO,22236,22236,0,,2026-08-10T21:52:10.015Z,2026-08-10T22:26:49.259Z,2079,2026-08-10T22:26:49.259Z,DRD-SF,SF,733bdb65-98e7-4d6d-af8f-93040e55bb44,
202608102226458847,202608102151219763,202608102151219703,31,94060,FormAnswerSignatures Bronze - ELC,br_tblFormAnswerSig,TASK_COMPLETE,SUCCESS,INFO,15605,15605,0,,2026-08-10T21:52:10.015Z,2026-08-10T22:26:49.259Z,2079,2026-08-10T22:26:49.259Z,ELC,ElizabethCity,733bdb65-98e7-4d6d-af8f-93040e55bb44,
202608102226458848,202608102151219764,202608102151219703,31,94061,FormAnswerSignatures Bronze - ET,br_tblFormAnswerSig,TASK_COMPLETE,SUCCESS,INFO,17405,17405,0,,2026-08-10T21:52:10.015Z,2026-08-10T22:26:49.259Z,2079,2026-08-10T22:26:49.259Z,ET,Elizabethtown,733bdb65-98e7-4d6d-af8f-93040e55bb44,
202608102226458849,202608102151219765,202608102151219703,31,94062,FormAnswerSignatures Bronze - FAY,br_tblFormAnswerSig,TASK_COMPLETE,SUCCESS,INFO,2559,2559,0,,2026-08-10T21:52:10.015Z,2026-08-10T22:26:49.259Z,2079,2026-08-10T22:26:49.259Z,FAY,Fayetteville,733bdb65-98e7-4d6d-af8f-93040e55bb44,
202608102226458850,202608102151219766,202608102151219703,31,94063,FormAnswerSignatures Bronze - FR,br_tblFormAnswerSig,TASK_COMPLETE,SUCCESS,INFO,12501,12501,0,,2026-08-10T21:52:10.015Z,2026-08-10T22:26:49.259Z,2079,2026-08-10T22:26:49.259Z,FR,Frankfort,733bdb65-98e7-4d6d-af8f-93040e55bb44,
202608210932540764,202608210910101215,202608210910101208,43,169,SAMMSGLOBAL Bronze,br_CONSENTS,TASK_COMPLETE,SUCCESS,INFO,459,459,0,,2026-08-21T09:10:14.296Z,2026-08-21T09:32:57.148Z,1363,2026-08-21T09:32:57.148Z,Global,Global,859bd6e7-8433-41b7-8f16-164cdd55063d,SAMMSGLOBAL
202608210936564757,202608210910201215,202608210910201208,44,179,SAMMSGLOBAL Silver,sl_Consents,TASK_COMPLETE,SUCCESS,INFO,459,459,0,,2026-08-21T09:10:14.296Z,2026-08-21T09:37:01.680Z,1607,2026-08-21T09:37:01.680Z,Global,Global,859bd6e7-8433-41b7-8f16-164cdd55063d,SAMMSGLOBAL
202608102323440875,202608102246290019,202608102246289962,31,94057,FormAnswerSignatures Bronze - DRD-KVC,br_tblFormAnswerSig,TASK_COMPLETE,SUCCESS,INFO,54330,54330,0,,2026-08-10T22:46:50.634Z,2026-08-10T23:23:47.420Z,2217,2026-08-10T23:23:47.420Z,DRD-KVC,KVC,577185a2-f5a0-4625-b776-012683caf0bc,
202608102323440876,202608102246290020,202608102246289962,31,94058,FormAnswerSignatures Bronze - DRD-NOLA,br_tblFormAnswerSig,TASK_COMPLETE,SUCCESS,INFO,44466,44466,0,,2026-08-10T22:46:50.634Z,2026-08-10T23:23:47.420Z,2217,2026-08-10T23:23:47.420Z,DRD-NOLA,NOLA,577185a2-f5a0-4625-b776-012683caf0bc,
202608102323440878,202608102246290021,202608102246289962,31,94059,FormAnswerSignatures Bronze - DRD-SF,br_tblFormAnswerSig,TASK_COMPLETE,SUCCESS,INFO,22236,22236,0,,2026-08-10T22:46:50.634Z,2026-08-10T23:23:47.420Z,2217,2026-08-10T23:23:47.420Z,DRD-SF,SF,577185a2-f5a0-4625-b776-012683caf0bc,
202608102323440879,202608102246290022,202608102246289962,31,94060,FormAnswerSignatures Bronze - ELC,br_tblFormAnswerSig,TASK_COMPLETE,SUCCESS,INFO,15605,15605,0,,2026-08-10T22:46:50.634Z,2026-08-10T23:23:47.420Z,2217,2026-08-10T23:23:47.420Z,ELC,ElizabethCity,577185a2-f5a0-4625-b776-012683caf0bc,
202608102323440880,202608102246290023,202608102246289962,31,94061,FormAnswerSignatures Bronze - ET,br_tblFormAnswerSig,TASK_COMPLETE,SUCCESS,INFO,17405,17405,0,,2026-08-10T22:46:50.634Z,2026-08-10T23:23:47.420Z,2217,2026-08-10T23:23:47.420Z,ET,Elizabethtown,577185a2-f5a0-4625-b776-012683caf0bc,
202608102323440881,202608102246290024,202608102246289962,31,94062,FormAnswerSignatures Bronze - FAY,br_tblFormAnswerSig,TASK_COMPLETE,SUCCESS,INFO,2559,2559,0,,2026-08-10T22:46:50.634Z,2026-08-10T23:23:47.420Z,2217,2026-08-10T23:23:47.420Z,FAY,Fayetteville,577185a2-f5a0-4625-b776-012683caf0bc,
202608102323440882,202608102246290025,202608102246289962,31,94063,FormAnswerSignatures Bronze - FR,br_tblFormAnswerSig,TASK_COMPLETE,SUCCESS,INFO,12501,12501,0,,2026-08-10T22:46:50.634Z,2026-08-10T23:23:47.420Z,2217,2026-08-10T23:23:47.420Z,FR,Frankfort,577185a2-f5a0-4625-b776-012683caf0bc,
202608221155123004,202608221137270312,202608221137270305,43,169,SAMMSGLOBAL Bronze,br_CONSENTS,TASK_COMPLETE,SUCCESS,INFO,459,459,0,,2026-08-22T11:37:32.306Z,2026-08-22T12:00:00.866Z,1348,2026-08-22T12:00:00.866Z,Global,Global,17fb4855-5e12-4261-b216-b3f67dc16eb3,SAMMSGLOBAL
202608120911546196,202608120822452549,202608120822452528,106,7507,Clinical Domain Bronze - BulkDartsSrvLoader - B24,brz_UAResultDetail,TASK_COMPLETE,SUCCESS,INFO,4110,4110,0,,2026-08-12T08:25:12.254Z,2026-08-12T09:12:13.728Z,2821,2026-08-12T09:12:13.728Z,B24,Paintsville,577435af-c452-4617-9a3c-7d2b03361707,
202608120911546197,202608120822452550,202608120822452528,106,7515,Clinical Domain Bronze - BulkDartsSrvLoader - B33,brz_UAResultDetail,TASK_COMPLETE,SUCCESS,INFO,5421,5421,0,,2026-08-12T08:25:12.254Z,2026-08-12T09:12:13.728Z,2821,2026-08-12T09:12:13.728Z,B33,Paducah,577435af-c452-4617-9a3c-7d2b03361707,
202608120911546198,202608120822452551,202608120822452528,106,7550,Clinical Domain Bronze - BulkDartsSrvLoader - BOI,brz_UAResultDetail,TASK_COMPLETE,SUCCESS,INFO,5307,5307,0,,2026-08-12T08:25:12.254Z,2026-08-12T09:12:13.728Z,2821,2026-08-12T09:12:13.728Z,BOI,Boise,577435af-c452-4617-9a3c-7d2b03361707,
202608120911546199,202608120822452552,202608120822452528,106,7621,Clinical Domain Bronze - SaveAppointmentAttend - B12B,brz_AppointmentAttend,TASK_COMPLETE,SUCCESS,INFO,1,1,0,,2026-08-12T08:25:12.254Z,2026-08-12T09:12:13.728Z,2821,2026-08-12T09:12:13.728Z,B12B,ColoradoSprings,577435af-c452-4617-9a3c-7d2b03361707,
202608120911546201,202608120822452553,202608120822452528,106,7665,Clinical Domain Bronze - SaveAppointmentAttend - BOI,brz_AppointmentAttend,TASK_COMPLETE,SUCCESS,INFO,2,2,0,,2026-08-12T08:25:12.254Z,2026-08-12T09:12:13.728Z,2821,2026-08-12T09:12:13.728Z,BOI,Boise,577435af-c452-4617-9a3c-7d2b03361707,
202608120911546202,202608120822452554,202608120822452528,106,7714,Clinical Domain Bronze - SaveAppointmentAttend - V10,brz_AppointmentAttend,TASK_COMPLETE,SUCCESS,INFO,90,90,0,,2026-08-12T08:25:12.254Z,2026-08-12T09:12:13.728Z,2821,2026-08-12T09:12:13.728Z,V10,Boulder,577435af-c452-4617-9a3c-7d2b03361707,
202608120911546203,202608120822452555,202608120822452528,106,7736,Clinical Domain Bronze - SaveMNCA - B12B,brz_MNComprehensiveAssessment,TASK_COMPLETE,SUCCESS,INFO,1125,1125,0,,2026-08-12T08:25:12.254Z,2026-08-12T09:12:13.728Z,2821,2026-08-12T09:12:13.728Z,B12B,ColoradoSprings,577435af-c452-4617-9a3c-7d2b03361707,
202608120911546204,202608120822452556,202608120822452528,106,7780,Clinical Domain Bronze - SaveMNCA - BOI,brz_MNComprehensiveAssessment,TASK_COMPLETE,SUCCESS,INFO,1125,1125,0,,2026-08-12T08:25:12.254Z,2026-08-12T09:12:13.728Z,2821,2026-08-12T09:12:13.728Z,BOI,Boise,577435af-c452-4617-9a3c-7d2b03361707,
202608191705197787,202608191654270075,202608191654269970,76,144492,PPA Bronze,br_SF_PatientPreAdmission,TASK_COMPLETE,SUCCESS,INFO,6362,6362,0,,2026-08-19T16:54:47.315Z,2026-08-19T17:10:18.523Z,931,2026-08-19T17:10:18.523Z,V20,Paris,4736cb14-987d-4509-b3d7-654790c2de16,SAMMS-ParisV5
202608191705197788,202608191654270076,202608191654269970,76,144493,PPA Bronze,br_SF_PatientPreAdmission,TASK_COMPLETE,SUCCESS,INFO,4093,4093,0,,2026-08-19T16:54:47.315Z,2026-08-19T17:10:18.523Z,931,2026-08-19T17:10:18.523Z,V21,Raleigh,4736cb14-987d-4509-b3d7-654790c2de16,SAMMS-RaleighV5
202608191705197662,202608191654269979,202608191654269970,76,144396,PPA Bronze,br_SF_PatientPreAdmission,TASK_COMPLETE,SUCCESS,INFO,2101,2101,0,,2026-08-19T16:54:47.315Z,2026-08-19T17:10:18.523Z,931,2026-08-19T17:10:18.523Z,B30,KCN,4736cb14-987d-4509-b3d7-654790c2de16,SAMMS-KCNv5
202608191705197664,202608191654269980,202608191654269970,76,144397,PPA Bronze,br_SF_PatientPreAdmission,TASK_COMPLETE,SUCCESS,INFO,6694,6694,0,,2026-08-19T16:54:47.315Z,2026-08-19T17:10:18.523Z,931,2026-08-19T17:10:18.523Z,B31,Dyersburg,4736cb14-987d-4509-b3d7-654790c2de16,SAMMS-DyersburgV5
202608191705197665,202608191654269981,202608191654269970,76,144398,PPA Bronze,br_SF_PatientPreAdmission,TASK_COMPLETE,SUCCESS,INFO,6534,6534,0,,2026-08-19T16:54:47.315Z,2026-08-19T17:10:18.523Z,931,2026-08-19T17:10:18.523Z,B33,Paducah,4736cb14-987d-4509-b3d7-654790c2de16,SAMMS-Paducah
202608191705197666,202608191654269982,202608191654269970,76,144399,PPA Bronze,br_SF_PatientPreAdmission,TASK_COMPLETE,SUCCESS,INFO,9633,9633,0,,2026-08-19T16:54:47.315Z,2026-08-19T17:10:18.523Z,931,2026-08-19T17:10:18.523Z,B34,Corbin,4736cb14-987d-4509-b3d7-654790c2de16,SAMMS-CorbinV5
202608251539280401,202608251517589121,202608251517589120,46,8701,P1 Finance Bills Bronze - AHK,br_samms_bills,TASK_COMPLETE,SUCCESS,INFO,1537,1537,0,,2026-08-25T15:18:05.141Z,2026-08-25T15:39:31.442Z,1286,2026-08-25T15:39:31.442Z,AHK,Ahoskie,04d587cb-fd28-4f28-a572-c158aa92fa98,SAMMS-Ahoskie
202608261724109165,202608261657210990,202608261657210989,46,8701,P1 Finance Bills Bronze - AHK,br_samms_bills,TASK_COMPLETE,SUCCESS,INFO,1540,1540,0,,2026-08-26T16:57:24.758Z,2026-08-26T17:25:01.887Z,1657,2026-08-26T17:25:01.887Z,AHK,Ahoskie,7a1b4484-4dc4-4e48-b51b-e78359ce9673,SAMMS-Ahoskie
202608251449420144,202608251428352601,202608251428352600,46,8701,P1 Finance Bills Bronze - AHK,br_samms_bills,TASK_COMPLETE,SUCCESS,INFO,1537,1537,0,,2026-08-25T14:28:42.306Z,2026-08-25T14:49:46.373Z,1264,2026-08-25T14:49:46.373Z,AHK,Ahoskie,5e789551-b18e-4745-8526-2b8db3ceeb01,SAMMS-Ahoskie
202608120345496418,202608120259257390,202608120259257369,106,7507,Clinical Domain Bronze - BulkDartsSrvLoader - B24,brz_UAResultDetail,TASK_COMPLETE,SUCCESS,INFO,5295,5295,0,,2026-08-12T03:00:44.797Z,2026-08-12T03:45:52.499Z,2708,2026-08-12T03:45:52.499Z,B24,Paintsville,72952692-3a45-4fdd-be32-4592206c2867,
202608120345496419,202608120259257391,202608120259257369,106,7515,Clinical Domain Bronze - BulkDartsSrvLoader - B33,brz_UAResultDetail,TASK_COMPLETE,SUCCESS,INFO,5786,5786,0,,2026-08-12T03:00:44.797Z,2026-08-12T03:45:52.499Z,2708,2026-08-12T03:45:52.499Z,B33,Paducah,72952692-3a45-4fdd-be32-4592206c2867,
202608120345496420,202608120259257392,202608120259257369,106,7550,Clinical Domain Bronze - BulkDartsSrvLoader - BOI,brz_UAResultDetail,TASK_COMPLETE,SUCCESS,INFO,5363,5363,0,,2026-08-12T03:00:44.797Z,2026-08-12T03:45:52.499Z,2708,2026-08-12T03:45:52.499Z,BOI,Boise,72952692-3a45-4fdd-be32-4592206c2867,
202608120345496421,202608120259257393,202608120259257369,106,7621,Clinical Domain Bronze - SaveAppointmentAttend - B12B,brz_AppointmentAttend,TASK_COMPLETE,SUCCESS,INFO,1,1,0,,2026-08-12T03:00:44.797Z,2026-08-12T03:45:52.499Z,2708,2026-08-12T03:45:52.499Z,B12B,ColoradoSprings,72952692-3a45-4fdd-be32-4592206c2867,
202608120345496422,202608120259257394,202608120259257369,106,7665,Clinical Domain Bronze - SaveAppointmentAttend - BOI,brz_AppointmentAttend,TASK_COMPLETE,SUCCESS,INFO,2,2,0,,2026-08-12T03:00:44.797Z,2026-08-12T03:45:52.499Z,2708,2026-08-12T03:45:52.499Z,BOI,Boise,72952692-3a45-4fdd-be32-4592206c2867,
202608120345496423,202608120259257395,202608120259257369,106,7714,Clinical Domain Bronze - SaveAppointmentAttend - V10,brz_AppointmentAttend,TASK_COMPLETE,SUCCESS,INFO,90,90,0,,2026-08-12T03:00:44.797Z,2026-08-12T03:45:52.499Z,2708,2026-08-12T03:45:52.499Z,V10,Boulder,72952692-3a45-4fdd-be32-4592206c2867,
202608120345496425,202608120259257396,202608120259257369,106,7736,Clinical Domain Bronze - SaveMNCA - B12B,brz_MNComprehensiveAssessment,TASK_COMPLETE,SUCCESS,INFO,1125,1125,0,,2026-08-12T03:00:44.797Z,2026-08-12T03:45:52.499Z,2708,2026-08-12T03:45:52.499Z,B12B,ColoradoSprings,72952692-3a45-4fdd-be32-4592206c2867,
202608120345496426,202608120259257397,202608120259257369,106,7780,Clinical Domain Bronze - SaveMNCA - BOI,brz_MNComprehensiveAssessment,TASK_COMPLETE,SUCCESS,INFO,1125,1125,0,,2026-08-12T03:00:44.797Z,2026-08-12T03:45:52.499Z,2708,2026-08-12T03:45:52.499Z,BOI,Boise,72952692-3a45-4fdd-be32-4592206c2867,
202608191705197761,202608191654270055,202608191654269970,76,144472,PPA Bronze,br_SF_PatientPreAdmission,TASK_COMPLETE,SUCCESS,INFO,4339,4339,0,,2026-08-19T16:54:47.315Z,2026-08-19T17:10:18.523Z,931,2026-08-19T17:10:18.523Z,SFN,SFN,4736cb14-987d-4509-b3d7-654790c2de16,SAMMS-SFNv5
202608191705197763,202608191654270056,202608191654269970,76,144473,PPA Bronze,br_SF_PatientPreAdmission,TASK_COMPLETE,SUCCESS,INFO,7491,7491,0,,2026-08-19T16:54:47.315Z,2026-08-19T17:10:18.523Z,931,2026-08-19T17:10:18.523Z,SHP,Shreveport,4736cb14-987d-4509-b3d7-654790c2de16,SAMMS-Shreveport
202608210936569747,202608210910201216,202608210910201208,44,186,SAMMSGLOBAL Silver,sl_BriefAddictionMonitor,TASK_COMPLETE,SUCCESS,INFO,268559,268559,0,,2026-08-21T09:10:14.296Z,2026-08-21T09:37:01.680Z,1607,2026-08-21T09:37:01.680Z,Global,Global,859bd6e7-8433-41b7-8f16-164cdd55063d,SAMMSGLOBAL
202608221155592653,202608221137270313,202608221137270305,43,176,SAMMSGLOBAL Bronze,br_BriefAddictionMonitor,TASK_COMPLETE,SUCCESS,INFO,268559,268559,0,,2026-08-22T11:37:32.306Z,2026-08-22T12:00:00.866Z,1348,2026-08-22T12:00:00.866Z,Global,Global,17fb4855-5e12-4261-b216-b3f67dc16eb3,SAMMSGLOBAL
202608210932540765,202608210910101216,202608210910101208,43,176,SAMMSGLOBAL Bronze,br_BriefAddictionMonitor,TASK_COMPLETE,SUCCESS,INFO,268559,268559,0,,2026-08-21T09:10:14.296Z,2026-08-21T09:32:57.148Z,1363,2026-08-21T09:32:57.148Z,Global,Global,859bd6e7-8433-41b7-8f16-164cdd55063d,SAMMSGLOBAL
202608200319452968,202608200319452968,20260820031933,39,154,Gold KnowBe4 Enrollments,KnowBe4Enrollments,TASK_DEPENDENCY_BLOCKED,DEPENDENCY_BLOCKED,WARN,0,0,0,Dependency Failed,2026-08-20T03:19:56.007Z,2026-08-20T03:19:56.007Z,0,2026-08-20T03:19:56.007Z,,,299963ea-dd68-481a-af88-cda028aad3c3,
202608191802491887,202608191802491887,20260819180230,39,154,Gold KnowBe4 Enrollments,KnowBe4Enrollments,TASK_DEPENDENCY_BLOCKED,DEPENDENCY_BLOCKED,WARN,0,0,0,Dependency Failed,2026-08-19T18:03:01.708Z,2026-08-19T18:03:01.708Z,0,2026-08-19T18:03:01.708Z,,,4e0529ac-08ae-47c7-bb84-8e2557f3e00d,
202608210239317741,202608210227162456,202608210227162448,43,176,SAMMSGLOBAL Bronze,br_BriefAddictionMonitor,TASK_COMPLETE,SUCCESS,INFO,268559,268559,0,,2026-08-21T02:27:19.171Z,2026-08-21T02:39:34.839Z,735,2026-08-21T02:39:34.839Z,Global,Global,37d39418-848b-43a3-aff1-182cc8bb7455,SAMMSGLOBAL
202608191705197721,202608191654270025,202608191654269970,76,144442,PPA Bronze,br_SF_PatientPreAdmission,TASK_COMPLETE,SUCCESS,INFO,5900,5900,0,,2026-08-19T16:54:47.315Z,2026-08-19T17:10:18.523Z,931,2026-08-19T17:10:18.523Z,DRD-KC,KC,4736cb14-987d-4509-b3d7-654790c2de16,SAMMS-KCv5
202608191705197722,202608191654270026,202608191654269970,76,144443,PPA Bronze,br_SF_PatientPreAdmission,TASK_COMPLETE,SUCCESS,INFO,9417,9417,0,,2026-08-19T16:54:47.315Z,2026-08-19T17:10:18.523Z,931,2026-08-19T17:10:18.523Z,DRD-KVB,KVB,4736cb14-987d-4509-b3d7-654790c2de16,SAMMS-KVBv5
202608191705197723,202608191654270027,202608191654269970,76,144444,PPA Bronze,br_SF_PatientPreAdmission,TASK_COMPLETE,SUCCESS,INFO,12101,12101,0,,2026-08-19T16:54:47.315Z,2026-08-19T17:10:18.523Z,931,2026-08-19T17:10:18.523Z,DRD-KVC,KVC,4736cb14-987d-4509-b3d7-654790c2de16,SAMMS-KVCv5
202608191705197725,202608191654270028,202608191654269970,76,144445,PPA Bronze,br_SF_PatientPreAdmission,TASK_COMPLETE,SUCCESS,INFO,13449,13449,0,,2026-08-19T16:54:47.315Z,2026-08-19T17:10:18.523Z,931,2026-08-19T17:10:18.523Z,DRD-NOLA,NOLA,4736cb14-987d-4509-b3d7-654790c2de16,SAMMS-NOLAv5
202608190537301087,202608190459300347,202608190459300344,107,8557,Clinical Domain Silver - SaveBamScore,sl_bamscore,TASK_COMPLETE,SUCCESS,INFO,20076,20076,0,,2026-08-19T05:01:28.469Z,2026-08-19T05:37:32.342Z,2164,2026-08-19T05:37:32.342Z,Global,SAMMSGLOBAL,05916e11-44cf-456b-ac26-991e7ff5d7aa,SAMMSGLOBAL
202608201603364097,202608201603364097,202608201140451356,84,223,Gold Salesforce StgEvents,stgEvents,TASK_ALREADY_COMPLETED,ALREADY_COMPLETED,INFO,0,0,0,Already succeeded in previous attempt,2026-08-20T16:03:42.086Z,2026-08-20T16:03:42.086Z,0,2026-08-20T16:03:42.086Z,,,95538f17-9d82-404e-9e3f-d1777714a921,
202608191705197753,202608191654270049,202608191654269970,76,144466,PPA Bronze,br_SF_PatientPreAdmission,TASK_COMPLETE,SUCCESS,INFO,3015,3015,0,,2026-08-19T16:54:47.315Z,2026-08-19T17:10:18.523Z,931,2026-08-19T17:10:18.523Z,MRD,Meridian,4736cb14-987d-4509-b3d7-654790c2de16,SAMMS-Meridian
202608191705197754,202608191654270050,202608191654269970,76,144467,PPA Bronze,br_SF_PatientPreAdmission,TASK_COMPLETE,SUCCESS,INFO,5184,5184,0,,2026-08-19T16:54:47.315Z,2026-08-19T17:10:18.523Z,931,2026-08-19T17:10:18.523Z,NC,NorthCharleston,4736cb14-987d-4509-b3d7-654790c2de16,SAMMS-NorthCharleston
202608201143502401,202608201143502401,202608201140451356,84,230,Gold Salesforce Events,Events,TASK_DEPENDENCY_BLOCKED,DEPENDENCY_BLOCKED,WARN,0,0,0,"Dependency Failed : 218 (checked: 223,218)",2026-08-20T11:43:56.546Z,2026-08-20T11:43:56.546Z,0,2026-08-20T11:43:56.546Z,,,79156e84-8509-4e63-a064-b4b0873a2a40,
202608201141290985,202608201141290985,202608201140451356,84,219,Gold Salesforce StgTasks,stgTask,TASK_DEPENDENCY_BLOCKED,DEPENDENCY_BLOCKED,WARN,0,0,0,Dependency Failed : 210 (checked: 210),2026-08-20T11:41:35.693Z,2026-08-20T11:41:35.693Z,0,2026-08-20T11:41:35.693Z,,,79156e84-8509-4e63-a064-b4b0873a2a40,
202608221113177846,202608221042113211,202608221042112981,85,4272,Bronze INV,br_ReAssessmentSocial,TASK_COMPLETE,SUCCESS,INFO,876,876,0,,2026-08-22T10:42:14.039Z,2026-08-22T11:16:52.295Z,2078,2026-08-22T11:16:52.295Z,VWBY,Woodbury,28d7acf5-bc26-4be3-b390-775b9af3d980,SAMMS-WoodburyV6
202608221113177947,202608221042212996,202608221042212981,86,5734,Silver INV,sl_ReAssessmentSocial,TASK_COMPLETE,SUCCESS,INFO,11525,11525,0,,2026-08-22T10:42:14.039Z,2026-08-22T11:16:52.295Z,2078,2026-08-22T11:16:52.295Z,,,28d7acf5-bc26-4be3-b390-775b9af3d980,
202608221113177850,202608221042113192,202608221042112981,85,4282,Bronze INV,br_ReAssessmentSubstanceUse,TASK_COMPLETE,SUCCESS,INFO,973,973,0,,2026-08-22T10:42:14.039Z,2026-08-22T11:16:52.295Z,2078,2026-08-22T11:16:52.295Z,B26,Hazard,28d7acf5-bc26-4be3-b390-775b9af3d980,SAMMS-HazardV5
202608191727537549,202608191727537549,20260819172744,38,153,Silver KnowBe4 Enrollments,sl_knowbe4enrollments,TASK_DEPENDENCY_BLOCKED,DEPENDENCY_BLOCKED,WARN,0,0,0,Dependency Failed,2026-08-19T17:28:00.490Z,2026-08-19T17:28:00.490Z,0,2026-08-19T17:28:00.490Z,,,08f8126a-7032-4be2-8f9e-7fa77178eb6e,
202608191757446901,202608191757446901,20260819175739,38,153,Silver KnowBe4 Enrollments,sl_knowbe4enrollments,TASK_DEPENDENCY_BLOCKED,DEPENDENCY_BLOCKED,WARN,0,0,0,Dependency Failed,2026-08-19T17:57:52.452Z,2026-08-19T17:57:52.452Z,0,2026-08-19T17:57:52.452Z,,,4e0529ac-08ae-47c7-bb84-8e2557f3e00d,
202608200314101735,202608200314101735,20260820031405,38,153,Silver KnowBe4 Enrollments,sl_knowbe4enrollments,TASK_DEPENDENCY_BLOCKED,DEPENDENCY_BLOCKED,WARN,0,0,0,Dependency Failed,2026-08-20T03:14:16.428Z,2026-08-20T03:14:16.428Z,0,2026-08-20T03:14:16.428Z,,,299963ea-dd68-481a-af88-cda028aad3c3,
202608221113177804,202608221042212991,202608221042212981,86,5729,Silver INV,sl_ReAssessmentFamily,TASK_COMPLETE,SUCCESS,INFO,11552,11552,0,,2026-08-22T10:42:14.039Z,2026-08-22T11:16:52.295Z,2078,2026-08-22T11:16:52.295Z,,,28d7acf5-bc26-4be3-b390-775b9af3d980,
202608221113177729,202608221042113162,202608221042112981,85,3362,Bronze INV,br_ReAssessmentLegal,TASK_COMPLETE,SUCCESS,INFO,971,971,0,,2026-08-22T10:42:14.039Z,2026-08-22T11:16:52.295Z,2078,2026-08-22T11:16:52.295Z,B26,Hazard,28d7acf5-bc26-4be3-b390-775b9af3d980,SAMMS-HazardV5
202608221113177730,202608221042113163,202608221042112981,85,3370,Bronze INV,br_ReAssessmentLegal,TASK_COMPLETE,SUCCESS,INFO,385,385,0,,2026-08-22T10:42:14.039Z,2026-08-22T11:16:52.295Z,2078,2026-08-22T11:16:52.295Z,B34,Corbin,28d7acf5-bc26-4be3-b390-775b9af3d980,SAMMS-CorbinV5
202608201034573148,202608201013530492,202608201013530447,46,9999,P1 Finance Diag10 Bronze - AHK,br_samms_tbldiag10,TASK_COMPLETE,SUCCESS,INFO,231,231,0,,2026-08-20T10:13:57.622Z,2026-08-20T10:39:20.764Z,1523,2026-08-20T10:39:20.764Z,AHK,Ahoskie,069e8d01-766c-4679-b3df-c21f4d7bc3d1,SAMMS-Ahoskie
202608191705197714,202608191654270019,202608191654269970,76,144436,PPA Bronze,br_SF_PatientPreAdmission,TASK_COMPLETE,SUCCESS,INFO,8954,8954,0,,2026-08-19T16:54:47.315Z,2026-08-19T17:10:18.523Z,931,2026-08-19T17:10:18.523Z,D07,Knoxville,4736cb14-987d-4509-b3d7-654790c2de16,SAMMS-KnoxvilleV6
202608191705197715,202608191654270020,202608191654269970,76,144437,PPA Bronze,br_SF_PatientPreAdmission,TASK_COMPLETE,SUCCESS,INFO,2827,2827,0,,2026-08-19T16:54:47.315Z,2026-08-19T17:10:18.523Z,931,2026-08-19T17:10:18.523Z,D08,Madison,4736cb14-987d-4509-b3d7-654790c2de16,SAMMS-MadisonV6
202608251539280415,202608251517589132,202608251517589120,46,9999,P1 Finance Diag10 Bronze - AHK,br_samms_tbldiag10,TASK_COMPLETE,SUCCESS,INFO,231,231,0,,2026-08-25T15:18:05.141Z,2026-08-25T15:39:31.442Z,1286,2026-08-25T15:39:31.442Z,AHK,Ahoskie,04d587cb-fd28-4f28-a572-c158aa92fa98,SAMMS-Ahoskie
202608191705197672,202608191654269987,202608191654269970,76,144404,PPA Bronze,br_SF_PatientPreAdmission,TASK_COMPLETE,SUCCESS,INFO,7194,7194,0,,2026-08-19T16:54:47.315Z,2026-08-19T17:10:18.523Z,931,2026-08-19T17:10:18.523Z,B38,Spartanburg,4736cb14-987d-4509-b3d7-654790c2de16,SAMMS-SpartanburgV5
202608191705197674,202608191654269988,202608191654269970,76,144405,PPA Bronze,br_SF_PatientPreAdmission,TASK_COMPLETE,SUCCESS,INFO,3421,3421,0,,2026-08-19T16:54:47.315Z,2026-08-19T17:10:18.523Z,931,2026-08-19T17:10:18.523Z,B39,Aiken,4736cb14-987d-4509-b3d7-654790c2de16,SAMMS-AikenV5
202608261724109179,202608261657211001,202608261657210989,46,9999,P1 Finance Diag10 Bronze - AHK,br_samms_tbldiag10,TASK_COMPLETE,SUCCESS,INFO,231,231,0,,2026-08-26T16:57:24.758Z,2026-08-26T17:25:01.887Z,1657,2026-08-26T17:25:01.887Z,AHK,Ahoskie,7a1b4484-4dc4-4e48-b51b-e78359ce9673,SAMMS-Ahoskie
202608191705197769,202608191654270061,202608191654269970,76,144478,PPA Bronze,br_SF_PatientPreAdmission,TASK_COMPLETE,SUCCESS,INFO,5517,5517,0,,2026-08-19T16:54:47.315Z,2026-08-19T17:10:18.523Z,931,2026-08-19T17:10:18.523Z,TTCA,Bessemer,4736cb14-987d-4509-b3d7-654790c2de16,SAMMS-BessemerV5
202608191705197770,202608191654270062,202608191654269970,76,144479,PPA Bronze,br_SF_PatientPreAdmission,TASK_COMPLETE,SUCCESS,INFO,6516,6516,0,,2026-08-19T16:54:47.315Z,2026-08-19T17:10:18.523Z,931,2026-08-19T17:10:18.523Z,TTCB,Cullman,4736cb14-987d-4509-b3d7-654790c2de16,SAMMS-CullmanV5
202608221113177567,202608221042113025,202608221042112981,85,2281,Bronze INV,br_LabResult,TASK_COMPLETE,SUCCESS,INFO,620,620,0,,2026-08-22T10:42:14.039Z,2026-08-22T11:16:52.295Z,2078,2026-08-22T11:16:52.295Z,B46,Washington DC,28d7acf5-bc26-4be3-b390-775b9af3d980,SAMMS-WashingtonDCv5
202608221113177568,202608221042113026,202608221042112981,85,2282,Bronze INV,br_LabResult,TASK_COMPLETE,SUCCESS,INFO,334,334,0,,2026-08-22T10:42:14.039Z,2026-08-22T11:16:52.295Z,2078,2026-08-22T11:16:52.295Z,B47,Mobile,28d7acf5-bc26-4be3-b390-775b9af3d980,SAMMS-MobileV5
202608221113177569,202608221042113027,202608221042112981,85,2351,Bronze INV,br_LabResult,TASK_COMPLETE,SUCCESS,INFO,6445,6445,0,,2026-08-22T10:42:14.039Z,2026-08-22T11:16:52.295Z,2078,2026-08-22T11:16:52.295Z,DRD-NOLA,NOLA,28d7acf5-bc26-4be3-b390-775b9af3d980,SAMMS-NOLAv5
202608201142374234,202608201142374234,202608201140451356,84,224,Gold Salesforce Tasks,Tasks,TASK_DEPENDENCY_BLOCKED,DEPENDENCY_BLOCKED,WARN,0,0,0,Dependency Failed : 219 (checked: 219),2026-08-20T11:42:45.825Z,2026-08-20T11:42:45.825Z,0,2026-08-20T11:42:45.825Z,,,79156e84-8509-4e63-a064-b4b0873a2a40,
202608201141172959,202608201141172958,202608201140451356,84,218,Gold Salesforce Users,Users,TASK_DEPENDENCY_BLOCKED,DEPENDENCY_BLOCKED,WARN,0,0,0,Dependency Failed : 211 (checked: 211),2026-08-20T11:41:24.285Z,2026-08-20T11:41:24.285Z,0,2026-08-20T11:41:24.285Z,,,79156e84-8509-4e63-a064-b4b0873a2a40,
202608221113177724,202608221042213001,202608221042212981,86,8579,Silver INV,sl_LiquidLog,TASK_COMPLETE,SUCCESS,INFO,1740202,1740202,0,,2026-08-22T10:42:14.039Z,2026-08-22T11:16:52.295Z,2078,2026-08-22T11:16:52.295Z,,,28d7acf5-bc26-4be3-b390-775b9af3d980,
202608221113177627,202608221042113012,202608221042112981,85,2810,Bronze INV,br_OrientationChecklistNew,TASK_COMPLETE,SUCCESS,INFO,169,169,0,,2026-08-22T10:42:14.039Z,2026-08-22T11:16:52.295Z,2078,2026-08-22T11:16:52.295Z,B26,Hazard,28d7acf5-bc26-4be3-b390-775b9af3d980,SAMMS-HazardV5
202608221113177629,202608221042113013,202608221042112981,85,2818,Bronze INV,br_OrientationChecklistNew,TASK_COMPLETE,SUCCESS,INFO,91,91,0,,2026-08-22T10:42:14.039Z,2026-08-22T11:16:52.295Z,2078,2026-08-22T11:16:52.295Z,B34,Corbin,28d7acf5-bc26-4be3-b390-775b9af3d980,SAMMS-CorbinV5
202608270402083744,202608270402083744,20260827035959,132,13710,BAM QI BAM Gold,QiBAM,TASK_SKIPPED,DEPENDENCY_BLOCKED,WARNING,0,0,0,Skipped: Dependency TaskConfigId(s) 13698 not successful,2026-08-27T04:02:08.374Z,2026-08-27T04:02:08.374Z,0,2026-08-27T04:02:08.374Z,,,6c0dfbf2-4982-428b-b962-2d1ca5cf9e53,
202608262125184050,202608262125184050,20260826212318,132,13710,BAM QI BAM Gold,QiBAM,TASK_SKIPPED,DEPENDENCY_BLOCKED,WARNING,0,0,0,Skipped: Dependency TaskConfigId(s) 13698 not successful,2026-08-26T21:25:18.405Z,2026-08-26T21:25:18.405Z,0,2026-08-26T21:25:18.405Z,,,4b200449-8053-4691-81f7-bd43960e8882,
202608191705197745,202608191654270043,202608191654269970,76,144460,PPA Bronze,br_SF_PatientPreAdmission,TASK_COMPLETE,SUCCESS,INFO,13746,13746,0,,2026-08-19T16:54:47.315Z,2026-08-19T17:10:18.523Z,931,2026-08-19T17:10:18.523Z,LO,Louisville,4736cb14-987d-4509-b3d7-654790c2de16,SAMMS-Louisville
202608191705197746,202608191654270044,202608191654269970,76,144461,PPA Bronze,br_SF_PatientPreAdmission,TASK_COMPLETE,SUCCESS,INFO,6502,6502,0,,2026-08-19T16:54:47.315Z,2026-08-19T17:10:18.523Z,931,2026-08-19T17:10:18.523Z,LV1,Cheyenne,4736cb14-987d-4509-b3d7-654790c2de16,SAMMS-Cheyenne
202608221113177683,202608221042113138,202608221042112981,85,3095,Bronze INV,br_ReAssessment,TASK_COMPLETE,SUCCESS,INFO,0,0,0,,2026-08-22T10:42:14.039Z,2026-08-22T11:16:52.295Z,2078,2026-08-22T11:16:52.295Z,FW,Fort Wayne,28d7acf5-bc26-4be3-b390-775b9af3d980,SAMMS-FortWayne
202608221113177684,202608221042113139,202608221042112981,85,3106,Bronze INV,br_ReAssessment,TASK_COMPLETE,SUCCESS,INFO,0,0,0,,2026-08-22T10:42:14.039Z,2026-08-22T11:16:52.295Z,2078,2026-08-22T11:16:52.295Z,LO,Louisville,28d7acf5-bc26-4be3-b390-775b9af3d980,SAMMS-Louisville
202608221113177685,202608221042113140,202608221042112981,85,3165,Bronze INV,br_ReAssessment,TASK_COMPLETE,SUCCESS,INFO,0,0,0,,2026-08-22T10:42:14.039Z,2026-08-22T11:16:52.295Z,2078,2026-08-22T11:16:52.295Z,VBRP,Brooklyn Park,28d7acf5-bc26-4be3-b390-775b9af3d980,SAMMS-BrooklynParkV6
202608221113176721,202608221042113032,202608221042112981,85,2442,Bronze INV,br_LabResultDetail,TASK_COMPLETE,SUCCESS,INFO,3171,3171,0,,2026-08-22T10:42:14.039Z,2026-08-22T11:16:52.295Z,2078,2026-08-22T11:16:52.295Z,B26,Hazard,28d7acf5-bc26-4be3-b390-775b9af3d980,SAMMS-HazardV5
202608221113176723,202608221042113033,202608221042112981,85,2450,Bronze INV,br_LabResultDetail,TASK_COMPLETE,SUCCESS,INFO,2360,2360,0,,2026-08-22T10:42:14.039Z,2026-08-22T11:16:52.295Z,2078,2026-08-22T11:16:52.295Z,B34,Corbin,28d7acf5-bc26-4be3-b390-775b9af3d980,SAMMS-CorbinV5
202608221113176724,202608221042113034,202608221042112981,85,2451,Bronze INV,br_LabResultDetail,TASK_COMPLETE,SUCCESS,INFO,11948,11948,0,,2026-08-22T10:42:14.039Z,2026-08-22T11:16:52.295Z,2078,2026-08-22T11:16:52.295Z,B35,Lexington,28d7acf5-bc26-4be3-b390-775b9af3d980,SAMMS-LexingtonV5
202608170008440985,202608162346418926,202608162346418898,85,415,Bronze INV,br_AdmissionAssessmentDimensionFiveSubstanceUse,TASK_COMPLETE,SUCCESS,INFO,782,782,0,,2026-08-16T23:46:55.971Z,2026-08-17T00:08:47.406Z,1312,2026-08-17T00:08:47.406Z,B12B,Colorado Springs,77f58b99-e250-4627-9f17-559331ecd0ef,
202608151434387481,202608151417675668,202608151417675641,118,10916,Bronze P1/P2 Assessments,br_NewPeriodicReassessmentCounselorReview,TASK_COMPLETE,SUCCESS,INFO,237,237,0,,2026-08-15T14:18:19.683Z,2026-08-15T14:37:39.575Z,1160,2026-08-15T14:37:39.575Z,B33,Paducah,556076c4-618a-4487-8b31-ba5017a3c197,
202608141935472461,202608141857340880,202608141857340774,31,94106,FormAnswerSignatures Bronze - V5,br_tblFormAnswerSig,TASK_COMPLETE,SUCCESS,INFO,117864,117864,0,,2026-08-14T18:58:05.482Z,2026-08-14T19:35:50.482Z,2265,2026-08-14T19:35:50.482Z,V5,NONTC,015634ea-243f-49e1-a18e-0e1d033651d1,
202608141935472462,202608141857340881,202608141857340774,31,94107,FormAnswerSignatures Bronze - V5B,br_tblFormAnswerSig,TASK_COMPLETE,SUCCESS,INFO,18506,18506,0,,2026-08-14T18:58:05.482Z,2026-08-14T19:35:50.482Z,2265,2026-08-14T19:35:50.482Z,V5B,Houma,015634ea-243f-49e1-a18e-0e1d033651d1,
202608141935472463,202608141857340882,202608141857340774,31,94108,FormAnswerSignatures Bronze - V6,br_tblFormAnswerSig,TASK_COMPLETE,SUCCESS,INFO,106663,106663,0,,2026-08-14T18:58:05.482Z,2026-08-14T19:35:50.482Z,2265,2026-08-14T19:35:50.482Z,V6,LC,015634ea-243f-49e1-a18e-0e1d033651d1,
202608181101560035,202608181018708814,202608181018708812,125,13645,Assessments Gold - SavePACounselorReview,PACounselorReview,TASK_COMPLETE,SUCCESS,INFO,1336,1336,0,,2026-08-18T10:19:21.940Z,2026-08-18T11:02:11.496Z,2570,2026-08-18T11:02:11.496Z,Global,SAMMSGLOBAL,06767fa9-f980-4e92-a048-4dd43e2dbe98,
202608181244509957,202608181208108122,202608181208108120,125,13645,Assessments Gold - SavePACounselorReview,PACounselorReview,TASK_COMPLETE,SUCCESS,INFO,1336,1336,0,,2026-08-18T12:09:06.544Z,2026-08-18T12:45:07.249Z,2161,2026-08-18T12:45:07.249Z,Global,SAMMSGLOBAL,6a9f8fe6-e2a7-49ab-8570-443c59873958,
202608140714265679,202608140700596568,202608140700596541,106,7847,Clinical Domain Bronze - SaveMNCA - VMIN,brz_MNComprehensiveAssessment,TASK_COMPLETE,SUCCESS,INFO,215,215,0,,2026-08-14T07:02:17.002Z,2026-08-14T07:16:01.674Z,824,2026-08-14T07:16:01.674Z,VMIN,Minneapolis,4f29b93d-8b22-445c-9466-6259e423edcc,
202608140714265680,202608140700596569,202608140700596541,106,7848,Clinical Domain Bronze - SaveMNCA - VWBY,brz_MNComprehensiveAssessment,TASK_COMPLETE,SUCCESS,INFO,416,416,0,,2026-08-14T07:02:17.002Z,2026-08-14T07:16:01.674Z,824,2026-08-14T07:16:01.674Z,VWBY,Woodbury,4f29b93d-8b22-445c-9466-6259e423edcc,
202608140714286604,202608140700696550,202608140700696541,107,8563,Clinical Domain Silver - SaveMNCA,slv_mncomprehensiveassessment,TASK_COMPLETE,SUCCESS,INFO,1128,1128,0,,2026-08-14T07:02:17.002Z,2026-08-14T07:16:01.674Z,824,2026-08-14T07:16:01.674Z,Global,SAMMSGLOBAL,4f29b93d-8b22-445c-9466-6259e423edcc,
202608171335487676,202608171335487676,202608171018106132,83,6807,Silver Salesforce Patient Surveys,sl_sf_patientsurveys,TASK_ALREADY_COMPLETED,ALREADY_COMPLETED,INFO,0,0,0,Already succeeded in previous attempt,2026-08-17T13:35:59.673Z,2026-08-17T13:35:59.673Z,0,2026-08-17T13:35:59.673Z,,,1cdba2b7-2cc0-4832-97e7-304e1a700c17,
202608120911546220,202608120822452569,202608120822452528,106,7966,Clinical Domain Bronze - SaveVACA - B12B,brz_VAComprehensiveAssessment,TASK_COMPLETE,SUCCESS,INFO,3,3,0,,2026-08-12T08:25:12.254Z,2026-08-12T09:12:13.728Z,2821,2026-08-12T09:12:13.728Z,B12B,ColoradoSprings,577435af-c452-4617-9a3c-7d2b03361707,
202608120911546221,202608120822452570,202608120822452528,106,7983,Clinical Domain Bronze - SaveVACA - B41,brz_VAComprehensiveAssessment,TASK_COMPLETE,SUCCESS,INFO,1,1,0,,2026-08-12T08:25:12.254Z,2026-08-12T09:12:13.728Z,2821,2026-08-12T09:12:13.728Z,B41,Chesapeake,577435af-c452-4617-9a3c-7d2b03361707,
202608120911546222,202608120822452571,202608120822452528,106,7984,Clinical Domain Bronze - SaveVACA - B42,brz_VAComprehensiveAssessment,TASK_COMPLETE,SUCCESS,INFO,3,3,0,,2026-08-12T08:25:12.254Z,2026-08-12T09:12:13.728Z,2821,2026-08-12T09:12:13.728Z,B42,VirginiaBeach,577435af-c452-4617-9a3c-7d2b03361707,
202608120911546223,202608120822452572,202608120822452528,106,7985,Clinical Domain Bronze - SaveVACA - B42A,brz_VAComprehensiveAssessment,TASK_COMPLETE,SUCCESS,INFO,1,1,0,,2026-08-12T08:25:12.254Z,2026-08-12T09:12:13.728Z,2821,2026-08-12T09:12:13.728Z,B42A,NewportNews,577435af-c452-4617-9a3c-7d2b03361707,
202608210938497455,202608210910301219,202608210910301208,45,190,SAMMSGLOBAL Gold,ClaimStatus,TASK_COMPLETE,SUCCESS,INFO,392,392,0,,2026-08-21T09:10:14.296Z,2026-08-21T09:38:52.166Z,1718,2026-08-21T09:38:52.166Z,Global,Global,859bd6e7-8433-41b7-8f16-164cdd55063d,SAMMSGLOBAL
202608170614178952,202608170551256453,202608170551256420,46,9645,P1 Finance Claim Line Item Activity Bronze - AHK,br_samms_claim_line_item_activity,TASK_COMPLETE,SUCCESS,INFO,22656,22656,0,,2026-08-17T05:51:47.044Z,2026-08-17T06:14:21.786Z,1354,2026-08-17T06:14:21.786Z,AHK,Ahoskie,09d84bc7-e629-48a4-a32a-826b207e96d1,
202608170614178953,202608170551256454,202608170551256420,46,9646,P1 Finance Claim Line Item Activity Bronze - B12B,br_samms_claim_line_item_activity,TASK_COMPLETE,SUCCESS,INFO,272553,272553,0,,2026-08-17T05:51:47.044Z,2026-08-17T06:14:21.786Z,1354,2026-08-17T06:14:21.786Z,B12B,ColoradoSprings,09d84bc7-e629-48a4-a32a-826b207e96d1,
202608210938356823,202608210910301209,202608210910301208,45,192,SAMMSGLOBAL Gold,GlobalPayor,TASK_COMPLETE,SUCCESS,INFO,909,909,0,,2026-08-21T09:10:14.296Z,2026-08-21T09:38:52.166Z,1718,2026-08-21T09:38:52.166Z,Global,Global,859bd6e7-8433-41b7-8f16-164cdd55063d,SAMMSGLOBAL
202608141154446136,202608141147662583,202608141147662582,118,10353,Bronze P1/P2 Assessments,br_NewAdmissionAssessment,TASK_COMPLETE,SUCCESS,INFO,0,0,0,,2026-08-14T11:48:09.966Z,2026-08-14T11:54:47.762Z,398,2026-08-14T11:54:47.762Z,AHK,Ahoskie,21f5cd31-796d-43ad-806e-67ead954f01a,
202608141154446138,202608141147662584,202608141147662582,118,10354,Bronze P1/P2 Assessments,br_NewAdmissionAssessment,TASK_COMPLETE,SUCCESS,INFO,0,0,0,,2026-08-14T11:48:09.966Z,2026-08-14T11:54:47.762Z,398,2026-08-14T11:54:47.762Z,B12B,Colorado Springs,21f5cd31-796d-43ad-806e-67ead954f01a,
202608141154446139,202608141147662585,202608141147662582,118,10355,Bronze P1/P2 Assessments,br_NewAdmissionAssessment,TASK_COMPLETE,SUCCESS,INFO,0,0,0,,2026-08-14T11:48:09.966Z,2026-08-14T11:54:47.762Z,398,2026-08-14T11:54:47.762Z,B24,Paintsville,21f5cd31-796d-43ad-806e-67ead954f01a,
202608141154446140,202608141147662586,202608141147662582,118,10357,Bronze P1/P2 Assessments,br_NewAdmissionAssessment,TASK_COMPLETE,SUCCESS,INFO,0,0,0,,2026-08-14T11:48:09.966Z,2026-08-14T11:54:47.762Z,398,2026-08-14T11:54:47.762Z,B26,Hazard,21f5cd31-796d-43ad-806e-67ead954f01a,
202608141154446141,202608141147662587,202608141147662582,118,10359,Bronze P1/P2 Assessments,br_NewAdmissionAssessment,TASK_COMPLETE,SUCCESS,INFO,0,0,0,,2026-08-14T11:48:09.966Z,2026-08-14T11:54:47.762Z,398,2026-08-14T11:54:47.762Z,B28,West Plains,21f5cd31-796d-43ad-806e-67ead954f01a,
202608141154446142,202608141147662588,202608141147662582,118,10364,Bronze P1/P2 Assessments,br_NewAdmissionAssessment,TASK_COMPLETE,SUCCESS,INFO,0,0,0,,2026-08-14T11:48:09.966Z,2026-08-14T11:54:47.762Z,398,2026-08-14T11:54:47.762Z,B33,Paducah,21f5cd31-796d-43ad-806e-67ead954f01a,
202608141154446143,202608141147662589,202608141147662582,118,10419,Bronze P1/P2 Assessments,br_NewAdmissionAssessment,TASK_COMPLETE,SUCCESS,INFO,0,0,0,,2026-08-14T11:48:09.966Z,2026-08-14T11:54:47.762Z,398,2026-08-14T11:54:47.762Z,CBCO,Coeur dAlene,21f5cd31-796d-43ad-806e-67ead954f01a,
202608141154446145,202608141147662590,202608141147662582,118,10537,Bronze P1/P2 Assessments,br_NewAdmissionAssessmentASAMDimension6,TASK_COMPLETE,SUCCESS,INFO,0,0,0,,2026-08-14T11:48:09.966Z,2026-08-14T11:54:47.762Z,398,2026-08-14T11:54:47.762Z,AHK,Ahoskie,21f5cd31-796d-43ad-806e-67ead954f01a,
202608141154446146,202608141147662591,202608141147662582,118,10538,Bronze P1/P2 Assessments,br_NewAdmissionAssessmentASAMDimension6,TASK_COMPLETE,SUCCESS,INFO,0,0,0,,2026-08-14T11:48:09.966Z,2026-08-14T11:54:47.762Z,398,2026-08-14T11:54:47.762Z,B12B,Colorado Springs,21f5cd31-796d-43ad-806e-67ead954f01a,
202608141154446147,202608141147662592,202608141147662582,118,10539,Bronze P1/P2 Assessments,br_NewAdmissionAssessmentASAMDimension6,TASK_COMPLETE,SUCCESS,INFO,0,0,0,,2026-08-14T11:48:09.966Z,2026-08-14T11:54:47.762Z,398,2026-08-14T11:54:47.762Z,B24,Paintsville,21f5cd31-796d-43ad-806e-67ead954f01a,
202608110409368542,202608110331629380,202608110331629359,106,7536,Clinical Domain Bronze - BulkDartsSrvLoader - B54,brz_UAResultDetail,TASK_COMPLETE,SUCCESS,INFO,5460,5460,0,,2026-08-11T03:32:39.288Z,2026-08-11T04:09:40.942Z,2221,2026-08-11T04:09:40.942Z,B54,Gadsden,6e36e3b5-c33e-4cc8-b6e2-dc5c3524428c,
202608110409368543,202608110331629381,202608110331629359,106,7621,Clinical Domain Bronze - SaveAppointmentAttend - B12B,brz_AppointmentAttend,TASK_COMPLETE,SUCCESS,INFO,1,1,0,,2026-08-11T03:32:39.288Z,2026-08-11T04:09:40.942Z,2221,2026-08-11T04:09:40.942Z,B12B,ColoradoSprings,6e36e3b5-c33e-4cc8-b6e2-dc5c3524428c,
202608110409368544,202608110331629382,202608110331629359,106,7665,Clinical Domain Bronze - SaveAppointmentAttend - BOI,brz_AppointmentAttend,TASK_COMPLETE,SUCCESS,INFO,2,2,0,,2026-08-11T03:32:39.288Z,2026-08-11T04:09:40.942Z,2221,2026-08-11T04:09:40.942Z,BOI,Boise,6e36e3b5-c33e-4cc8-b6e2-dc5c3524428c,
202608110409368545,202608110331629383,202608110331629359,106,7714,Clinical Domain Bronze - SaveAppointmentAttend - V10,brz_AppointmentAttend,TASK_COMPLETE,SUCCESS,INFO,90,90,0,,2026-08-11T03:32:39.288Z,2026-08-11T04:09:40.942Z,2221,2026-08-11T04:09:40.942Z,V10,Boulder,6e36e3b5-c33e-4cc8-b6e2-dc5c3524428c,
202608141935472451,202608141857340871,202608141857340774,31,94097,FormAnswerSignatures Bronze - V11,br_tblFormAnswerSig,TASK_COMPLETE,SUCCESS,INFO,112092,112092,0,,2026-08-14T18:58:05.482Z,2026-08-14T19:35:50.482Z,2265,2026-08-14T19:35:50.482Z,V11,VCPHCS-XI-NorthDenver,015634ea-243f-49e1-a18e-0e1d033651d1,
202608141935472452,202608141857340872,202608141857340774,31,94098,FormAnswerSignatures Bronze - V12,br_tblFormAnswerSig,TASK_COMPLETE,SUCCESS,INFO,139898,139898,0,,2026-08-14T18:58:05.482Z,2026-08-14T19:35:50.482Z,2265,2026-08-14T19:35:50.482Z,V12,VCPHCS-XII-DowntownDenver,015634ea-243f-49e1-a18e-0e1d033651d1,
202608141935472453,202608141857340873,202608141857340774,31,94099,FormAnswerSignatures Bronze - V12A,br_tblFormAnswerSig,TASK_COMPLETE,SUCCESS,INFO,58364,58364,0,,2026-08-14T18:58:05.482Z,2026-08-14T19:35:50.482Z,2265,2026-08-14T19:35:50.482Z,V12A,Centennial,015634ea-243f-49e1-a18e-0e1d033651d1,
202608141935472454,202608141857340874,202608141857340774,31,94100,FormAnswerSignatures Bronze - V14,br_tblFormAnswerSig,TASK_COMPLETE,SUCCESS,INFO,36838,36838,0,,2026-08-14T18:58:05.482Z,2026-08-14T19:35:50.482Z,2265,2026-08-14T19:35:50.482Z,V14,VCPHCS-XIV-Bridgeway,015634ea-243f-49e1-a18e-0e1d033651d1,
202608141935472455,202608141857340875,202608141857340774,31,94101,FormAnswerSignatures Bronze - V15,br_tblFormAnswerSig,TASK_COMPLETE,SUCCESS,INFO,80051,80051,0,,2026-08-14T18:58:05.482Z,2026-08-14T19:35:50.482Z,2265,2026-08-14T19:35:50.482Z,V15,Joplin,015634ea-243f-49e1-a18e-0e1d033651d1,
202608141935472456,202608141857340876,202608141857340774,31,94102,FormAnswerSignatures Bronze - V17,br_tblFormAnswerSig,TASK_COMPLETE,SUCCESS,INFO,70006,70006,0,,2026-08-14T18:58:05.482Z,2026-08-14T19:35:50.482Z,2265,2026-08-14T19:35:50.482Z,V17,ColumbiaTN,015634ea-243f-49e1-a18e-0e1d033651d1,
202608120911546210,202608120822452561,202608120822452528,106,7848,Clinical Domain Bronze - SaveMNCA - VWBY,brz_MNComprehensiveAssessment,TASK_COMPLETE,SUCCESS,INFO,415,415,0,,2026-08-12T08:25:12.254Z,2026-08-12T09:12:13.728Z,2821,2026-08-12T09:12:13.728Z,VWBY,Woodbury,577435af-c452-4617-9a3c-7d2b03361707,
202608120911546211,202608120822452562,202608120822452528,106,7851,Clinical Domain Bronze - SaveMNCALOC - B12B,brz_MNComprehensiveAssessmentLevelOfCare,TASK_COMPLETE,SUCCESS,INFO,1051,1051,0,,2026-08-12T08:25:12.254Z,2026-08-12T09:12:13.728Z,2821,2026-08-12T09:12:13.728Z,B12B,ColoradoSprings,577435af-c452-4617-9a3c-7d2b03361707,
202608120911546213,202608120822452563,202608120822452528,106,7895,Clinical Domain Bronze - SaveMNCALOC - BOI,brz_MNComprehensiveAssessmentLevelOfCare,TASK_COMPLETE,SUCCESS,INFO,1051,1051,0,,2026-08-12T08:25:12.254Z,2026-08-12T09:12:13.728Z,2821,2026-08-12T09:12:13.728Z,BOI,Boise,577435af-c452-4617-9a3c-7d2b03361707,
202608120911546214,202608120822452564,202608120822452528,106,7944,Clinical Domain Bronze - SaveMNCALOC - V10,brz_MNComprehensiveAssessmentLevelOfCare,TASK_COMPLETE,SUCCESS,INFO,1051,1051,0,,2026-08-12T08:25:12.254Z,2026-08-12T09:12:13.728Z,2821,2026-08-12T09:12:13.728Z,V10,Boulder,577435af-c452-4617-9a3c-7d2b03361707,
202608221149076664,202608221137270307,202608221137270305,43,173,SAMMSGLOBAL Bronze,br_FeeSched,TASK_COMPLETE,SUCCESS,INFO,16313,16313,0,,2026-08-22T11:37:32.306Z,2026-08-22T12:00:00.866Z,1348,2026-08-22T12:00:00.866Z,Global,Global,17fb4855-5e12-4261-b216-b3f67dc16eb3,SAMMSGLOBAL
202608210936542835,202608210910201210,202608210910201208,44,183,SAMMSGLOBAL Silver,sl_FeeSched,TASK_COMPLETE,SUCCESS,INFO,16313,16313,0,,2026-08-21T09:10:14.296Z,2026-08-21T09:37:01.680Z,1607,2026-08-21T09:37:01.680Z,Global,Global,859bd6e7-8433-41b7-8f16-164cdd55063d,SAMMSGLOBAL
202608210932540758,202608210910101210,202608210910101208,43,173,SAMMSGLOBAL Bronze,br_FeeSched,TASK_COMPLETE,SUCCESS,INFO,16313,16313,0,,2026-08-21T09:10:14.296Z,2026-08-21T09:32:57.148Z,1363,2026-08-21T09:32:57.148Z,Global,Global,859bd6e7-8433-41b7-8f16-164cdd55063d,SAMMSGLOBAL
202608120345496432,202608120259257402,202608120259257369,106,7848,Clinical Domain Bronze - SaveMNCA - VWBY,brz_MNComprehensiveAssessment,TASK_COMPLETE,SUCCESS,INFO,415,415,0,,2026-08-12T03:00:44.797Z,2026-08-12T03:45:52.499Z,2708,2026-08-12T03:45:52.499Z,VWBY,Woodbury,72952692-3a45-4fdd-be32-4592206c2867,
202608120345496433,202608120259257403,202608120259257369,106,7851,Clinical Domain Bronze - SaveMNCALOC - B12B,brz_MNComprehensiveAssessmentLevelOfCare,TASK_COMPLETE,SUCCESS,INFO,1051,1051,0,,2026-08-12T03:00:44.797Z,2026-08-12T03:45:52.499Z,2708,2026-08-12T03:45:52.499Z,B12B,ColoradoSprings,72952692-3a45-4fdd-be32-4592206c2867,
202608120345496434,202608120259257404,202608120259257369,106,7895,Clinical Domain Bronze - SaveMNCALOC - BOI,brz_MNComprehensiveAssessmentLevelOfCare,TASK_COMPLETE,SUCCESS,INFO,1051,1051,0,,2026-08-12T03:00:44.797Z,2026-08-12T03:45:52.499Z,2708,2026-08-12T03:45:52.499Z,BOI,Boise,72952692-3a45-4fdd-be32-4592206c2867,
202608120345496435,202608120259257405,202608120259257369,106,7944,Clinical Domain Bronze - SaveMNCALOC - V10,brz_MNComprehensiveAssessmentLevelOfCare,TASK_COMPLETE,SUCCESS,INFO,1051,1051,0,,2026-08-12T03:00:44.797Z,2026-08-12T03:45:52.499Z,2708,2026-08-12T03:45:52.499Z,V10,Boulder,72952692-3a45-4fdd-be32-4592206c2867,
202608210242224202,202608210227262452,202608210227262448,44,178,SAMMSGLOBAL Silver,sl_UserSites,TASK_COMPLETE,SUCCESS,INFO,71001,0,0,,2026-08-21T02:27:19.171Z,2026-08-21T02:42:27.062Z,908,2026-08-21T02:42:27.062Z,Global,Global,37d39418-848b-43a3-aff1-182cc8bb7455,SAMMSGLOBAL
202608182045496392,202608182045496393,20260818204549,116,8626,nb_patientservices_slv_to_slv1,PatientServicesNoShow,TASK_SKIPPED,SKIPPED,INFO,0,0,0,EtlConfig for ''nb_patientservices_slv_to_slv1'' is inactive or zero.,2026-08-18T20:45:49.639Z,2026-08-18T20:45:49.639Z,0,2026-08-18T20:45:49.639Z,,,4a5926d2-fe5f-4ec8-a754-ef30410fa8d8,
202608210239317734,202608210227162450,202608210227162448,43,173,SAMMSGLOBAL Bronze,br_FeeSched,TASK_COMPLETE,SUCCESS,INFO,16313,16313,0,,2026-08-21T02:27:19.171Z,2026-08-21T02:39:34.839Z,735,2026-08-21T02:39:34.839Z,Global,Global,37d39418-848b-43a3-aff1-182cc8bb7455,SAMMSGLOBAL
202608121042551949,202608121009360921,202608121009360893,106,7848,Clinical Domain Bronze - SaveMNCA - VWBY,brz_MNComprehensiveAssessment,TASK_COMPLETE,SUCCESS,INFO,415,415,0,,2026-08-12T10:11:56.792Z,2026-08-12T10:43:20.487Z,1884,2026-08-12T10:43:20.487Z,VWBY,Woodbury,1325a4eb-aa02-4bc9-9fae-d06e40a0cece,
202608121042551950,202608121009360922,202608121009360893,106,7960,Clinical Domain Bronze - SaveMNCALOC - VBRA,brz_MNComprehensiveAssessmentLevelOfCare,TASK_COMPLETE,SUCCESS,INFO,220,220,0,,2026-08-12T10:11:56.792Z,2026-08-12T10:43:20.487Z,1884,2026-08-12T10:43:20.487Z,VBRA,Brainerd,1325a4eb-aa02-4bc9-9fae-d06e40a0cece,
202608121042551951,202608121009360923,202608121009360893,106,7961,Clinical Domain Bronze - SaveMNCALOC - VBRP,brz_MNComprehensiveAssessmentLevelOfCare,TASK_COMPLETE,SUCCESS,INFO,249,249,0,,2026-08-12T10:11:56.792Z,2026-08-12T10:43:20.487Z,1884,2026-08-12T10:43:20.487Z,VBRP,BrooklynPark,1325a4eb-aa02-4bc9-9fae-d06e40a0cece,
202608210938497453,202608210910301218,202608210910301208,45,8644,SAMMSGLOBAL Gold,GlobalDevices,TASK_COMPLETE,SUCCESS,INFO,4032,4032,0,,2026-08-21T09:10:14.296Z,2026-08-21T09:38:52.166Z,1718,2026-08-21T09:38:52.166Z,Global,Global,859bd6e7-8433-41b7-8f16-164cdd55063d,SAMMSGLOBAL
202608210243557185,202608210227362453,202608210227362448,45,194,SAMMSGLOBAL Gold,ClinicalOpiateWithdrawalScale,TASK_COMPLETE,SUCCESS,INFO,0,425776,0,,2026-08-21T02:27:19.171Z,2026-08-21T02:44:04.451Z,1005,2026-08-21T02:44:04.451Z,Global,Global,37d39418-848b-43a3-aff1-182cc8bb7455,SAMMSGLOBAL
202608151434387416,202608151417675643,202608151417675641,118,10354,Bronze P1/P2 Assessments,br_NewAdmissionAssessment,TASK_COMPLETE,FAILED,ERROR,0,0,1,SaveNewAdmissionAssessment Bronze ForEach failed,2026-08-15T14:18:19.683Z,2026-08-15T14:37:39.575Z,1160,2026-08-15T14:37:39.575Z,B12B,Colorado Springs,556076c4-618a-4487-8b31-ba5017a3c197,
202608201603519305,202608201603519305,202608201140451356,84,224,Gold Salesforce Tasks,Tasks,TASK_ALREADY_COMPLETED,ALREADY_COMPLETED,INFO,0,0,0,Already succeeded in previous attempt,2026-08-20T16:03:59.302Z,2026-08-20T16:03:59.302Z,0,2026-08-20T16:03:59.302Z,,,95538f17-9d82-404e-9e3f-d1777714a921,
202608241524518505,202608241506698227,202608241506698226,28,91001,FormQuestionAnswers Bronze - AHK,br_tblFormQA,TASK_COMPLETE,SUCCESS,INFO,31452,31452,0,,2026-08-24T15:07:25.592Z,2026-08-24T15:24:56.334Z,1051,2026-08-24T15:24:56.334Z,AHK,Ahoskie,13c13418-73a4-42bd-b6f1-04e34ee93bae,SAMMS-Ahoskie
202608201602038340,202608201602038340,202608201140451356,84,218,Gold Salesforce Users,Users,TASK_ALREADY_COMPLETED,ALREADY_COMPLETED,INFO,0,0,0,Already succeeded in previous attempt,2026-08-20T16:02:08.221Z,2026-08-20T16:02:08.221Z,0,2026-08-20T16:02:08.221Z,,,95538f17-9d82-404e-9e3f-d1777714a921,
202608210242253996,202608210227262460,202608210227262448,44,5740,SAMMSGLOBAL Silver,sl_DiversionNotificationLog,TASK_COMPLETE,SUCCESS,INFO,18843,0,0,,2026-08-21T02:27:19.171Z,2026-08-21T02:42:27.062Z,908,2026-08-21T02:42:27.062Z,Global,Global,37d39418-848b-43a3-aff1-182cc8bb7455,SAMMSGLOBAL
202608221113177473,202608221042113042,202608221042112981,85,1706,Bronze INV,br_Appointments,TASK_COMPLETE,SUCCESS,INFO,48897,48897,0,,2026-08-22T10:42:14.039Z,2026-08-22T11:16:52.295Z,2078,2026-08-22T11:16:52.295Z,B26,Hazard,28d7acf5-bc26-4be3-b390-775b9af3d980,SAMMS-HazardV5
202608221113177475,202608221042113043,202608221042112981,85,1714,Bronze INV,br_Appointments,TASK_COMPLETE,SUCCESS,INFO,23913,23913,0,,2026-08-22T10:42:14.039Z,2026-08-22T11:16:52.295Z,2078,2026-08-22T11:16:52.295Z,B34,Corbin,28d7acf5-bc26-4be3-b390-775b9af3d980,SAMMS-CorbinV5
202608221113177476,202608221042113044,202608221042112981,85,1715,Bronze INV,br_Appointments,TASK_COMPLETE,SUCCESS,INFO,44370,44370,0,,2026-08-22T10:42:14.039Z,2026-08-22T11:16:52.295Z,2078,2026-08-22T11:16:52.295Z,B35,Lexington,28d7acf5-bc26-4be3-b390-775b9af3d980,SAMMS-LexingtonV5
202608221113177550,202608221042112984,202608221042112981,85,2083,Bronze INV,br_InvType,TASK_COMPLETE,SUCCESS,INFO,8,8,0,,2026-08-22T10:42:14.039Z,2026-08-22T11:16:52.295Z,2078,2026-08-22T11:16:52.295Z,B35,Lexington,28d7acf5-bc26-4be3-b390-775b9af3d980,SAMMS-LexingtonV5
202608221113177552,202608221042112985,202608221042112981,85,2097,Bronze INV,br_InvType,TASK_COMPLETE,SUCCESS,INFO,5,5,0,,2026-08-22T10:42:14.039Z,2026-08-22T11:16:52.295Z,2078,2026-08-22T11:16:52.295Z,B46,Washington DC,28d7acf5-bc26-4be3-b390-775b9af3d980,SAMMS-WashingtonDCv5
202608221113177553,202608221042112986,202608221042112981,85,2098,Bronze INV,br_InvType,TASK_COMPLETE,SUCCESS,INFO,7,7,0,,2026-08-22T10:42:14.039Z,2026-08-22T11:16:52.295Z,2078,2026-08-22T11:16:52.295Z,B47,Mobile,28d7acf5-bc26-4be3-b390-775b9af3d980,SAMMS-MobileV5
202608150651447167,202608150651447166,202608141121345444,84,6811,Gold Salesforce OutboundSMS,OutboundSMS,TASK_ALREADY_COMPLETED,ALREADY_COMPLETED,INFO,0,0,0,Already succeeded in previous attempt,2026-08-15T06:51:49.467Z,2026-08-15T06:51:49.467Z,0,2026-08-15T06:51:49.467Z,,,4b120bb3-f1e6-442e-8114-0fadc28f6b49,
202608171343561835,202608171343561835,202608171026319654,84,6811,Gold Salesforce OutboundSMS,OutboundSMS,TASK_ALREADY_COMPLETED,ALREADY_COMPLETED,INFO,0,0,0,Already succeeded in previous attempt,2026-08-17T13:44:06.829Z,2026-08-17T13:44:06.829Z,0,2026-08-17T13:44:06.829Z,,,1cdba2b7-2cc0-4832-97e7-304e1a700c17,
202608150749389808,202608150749389808,202608141121345444,84,6811,Gold Salesforce OutboundSMS,OutboundSMS,TASK_ALREADY_COMPLETED,ALREADY_COMPLETED,INFO,0,0,0,Already succeeded in previous attempt,2026-08-15T07:49:43.828Z,2026-08-15T07:49:43.828Z,0,2026-08-15T07:49:43.828Z,,,7aeef17f-6a83-4892-911d-f2c8473c9ddd,
202608130409166819,202608130315200048,202608130315200005,106,8311,Clinical Domain Bronze - SaveEnrollment - B12B,brz_Enrollment,TASK_COMPLETE,SUCCESS,INFO,3276,3276,0,,2026-08-13T03:16:19.557Z,2026-08-13T04:09:23.310Z,3184,2026-08-13T04:09:23.310Z,B12B,ColoradoSprings,11ed6329-841a-4e7a-bfb1-61191c79c28e,
202608130409166821,202608130315200049,202608130315200005,106,8355,Clinical Domain Bronze - SaveEnrollment - BOI,brz_Enrollment,TASK_COMPLETE,SUCCESS,INFO,1193,1193,0,,2026-08-13T03:16:19.557Z,2026-08-13T04:09:23.310Z,3184,2026-08-13T04:09:23.310Z,BOI,Boise,11ed6329-841a-4e7a-bfb1-61191c79c28e,
202608130409166822,202608130315200050,202608130315200005,106,8404,Clinical Domain Bronze - SaveEnrollment - V10,brz_Enrollment,TASK_COMPLETE,SUCCESS,INFO,10398,10398,0,,2026-08-13T03:16:19.557Z,2026-08-13T04:09:23.310Z,3184,2026-08-13T04:09:23.310Z,V10,Boulder,11ed6329-841a-4e7a-bfb1-61191c79c28e,
202608140744357381,202608140725214684,202608140725214656,118,10971,Bronze P1/P2 Assessments,br_NewPeriodicReassessmentCounselorReview,TASK_COMPLETE,SUCCESS,INFO,0,0,0,,2026-08-14T07:25:23.942Z,2026-08-14T07:44:38.851Z,1155,2026-08-14T07:44:38.851Z,CBCO,Coeur dAlene,9e759780-91b7-4e4a-882b-cd4350ec70b7,
202608140744357383,202608140725214685,202608140725214656,118,11089,Bronze P1/P2 Assessments,br_newperiodicreassessmentd2,TASK_COMPLETE,SUCCESS,INFO,0,0,0,,2026-08-14T07:25:23.942Z,2026-08-14T07:44:38.851Z,1155,2026-08-14T07:44:38.851Z,AHK,Ahoskie,9e759780-91b7-4e4a-882b-cd4350ec70b7,
202608140744357384,202608140725214686,202608140725214656,118,11090,Bronze P1/P2 Assessments,br_newperiodicreassessmentd2,TASK_COMPLETE,SUCCESS,INFO,0,0,0,,2026-08-14T07:25:23.942Z,2026-08-14T07:44:38.851Z,1155,2026-08-14T07:44:38.851Z,B12B,Colorado Springs,9e759780-91b7-4e4a-882b-cd4350ec70b7,
202608121042551965,202608121009360936,202608121009360893,106,8311,Clinical Domain Bronze - SaveEnrollment - B12B,brz_Enrollment,TASK_COMPLETE,SUCCESS,INFO,3272,3272,0,,2026-08-12T10:11:56.792Z,2026-08-12T10:43:20.487Z,1884,2026-08-12T10:43:20.487Z,B12B,ColoradoSprings,1325a4eb-aa02-4bc9-9fae-d06e40a0cece,
202608121042551967,202608121009360937,202608121009360893,106,8355,Clinical Domain Bronze - SaveEnrollment - BOI,brz_Enrollment,TASK_COMPLETE,SUCCESS,INFO,1193,1193,0,,2026-08-12T10:11:56.792Z,2026-08-12T10:43:20.487Z,1884,2026-08-12T10:43:20.487Z,BOI,Boise,1325a4eb-aa02-4bc9-9fae-d06e40a0cece,
202608121042551968,202608121009360938,202608121009360893,106,8404,Clinical Domain Bronze - SaveEnrollment - V10,brz_Enrollment,TASK_COMPLETE,SUCCESS,INFO,10397,10397,0,,2026-08-12T10:11:56.792Z,2026-08-12T10:43:20.487Z,1884,2026-08-12T10:43:20.487Z,V10,Boulder,1325a4eb-aa02-4bc9-9fae-d06e40a0cece,
202608140551555129,202608140519472980,202608140519472937,106,8311,Clinical Domain Bronze - SaveEnrollment - B12B,brz_Enrollment,TASK_COMPLETE,SUCCESS,INFO,3277,3277,0,,2026-08-14T05:21:11.366Z,2026-08-14T05:51:58.644Z,1847,2026-08-14T05:51:58.644Z,B12B,ColoradoSprings,367e5368-81b8-4196-9731-5b3efc5e39d9,
202608140551555130,202608140519472981,202608140519472937,106,8355,Clinical Domain Bronze - SaveEnrollment - BOI,brz_Enrollment,TASK_COMPLETE,SUCCESS,INFO,1194,1194,0,,2026-08-14T05:21:11.366Z,2026-08-14T05:51:58.644Z,1847,2026-08-14T05:51:58.644Z,BOI,Boise,367e5368-81b8-4196-9731-5b3efc5e39d9,
202608140551555131,202608140519472982,202608140519472937,106,8404,Clinical Domain Bronze - SaveEnrollment - V10,brz_Enrollment,TASK_COMPLETE,SUCCESS,INFO,10400,10400,0,,2026-08-14T05:21:11.366Z,2026-08-14T05:51:58.644Z,1847,2026-08-14T05:51:58.644Z,V10,Boulder,367e5368-81b8-4196-9731-5b3efc5e39d9,
202608171339121846,202608171339121846,202608171026319654,84,220,Gold Salesforce StgContacts,stgContacts,TASK_ALREADY_COMPLETED,ALREADY_COMPLETED,INFO,0,0,0,Already succeeded in previous attempt,2026-08-17T13:39:18.424Z,2026-08-17T13:39:18.424Z,0,2026-08-17T13:39:18.424Z,,,1cdba2b7-2cc0-4832-97e7-304e1a700c17,
202608150829051903,202608150829051902,202608141121345444,84,220,Gold Salesforce StgContacts,stgContacts,TASK_ALREADY_COMPLETED,ALREADY_COMPLETED,INFO,0,0,0,Already succeeded in previous attempt,2026-08-15T08:29:10.195Z,2026-08-15T08:29:10.195Z,0,2026-08-15T08:29:10.195Z,,,749d5262-86ff-40e0-8a86-2235f2d6051c,
202608171337559824,202608171337559823,202608171026319654,84,216,Gold Salesforce Accounts,Accounts,TASK_DEPENDENCY_BLOCKED,DEPENDENCY_BLOCKED,WARN,0,0,0,"Dependency Failed : 208 (checked: 208,209)",2026-08-17T13:38:07.607Z,2026-08-17T13:38:07.607Z,0,2026-08-17T13:38:07.607Z,,,1cdba2b7-2cc0-4832-97e7-304e1a700c17,
202608140744357423,202608140725214720,202608140725214656,118,12009,Bronze P1/P2 Assessments,br_NewAdmissionAssessmentASAMDimension2,TASK_COMPLETE,SUCCESS,INFO,0,0,0,,2026-08-14T07:25:23.942Z,2026-08-14T07:44:38.851Z,1155,2026-08-14T07:44:38.851Z,AHK,Ahoskie,9e759780-91b7-4e4a-882b-cd4350ec70b7,
202608140744357424,202608140725214721,202608140725214656,118,12010,Bronze P1/P2 Assessments,br_NewAdmissionAssessmentASAMDimension2,TASK_COMPLETE,SUCCESS,INFO,0,0,0,,2026-08-14T07:25:23.942Z,2026-08-14T07:44:38.851Z,1155,2026-08-14T07:44:38.851Z,B12B,Colorado Springs,9e759780-91b7-4e4a-882b-cd4350ec70b7,
202608140744357425,202608140725214722,202608140725214656,118,12011,Bronze P1/P2 Assessments,br_NewAdmissionAssessmentASAMDimension2,TASK_COMPLETE,SUCCESS,INFO,269,269,0,,2026-08-14T07:25:23.942Z,2026-08-14T07:44:38.851Z,1155,2026-08-14T07:44:38.851Z,B24,Paintsville,9e759780-91b7-4e4a-882b-cd4350ec70b7,
202608210215040695,202608210215040695,202608210210099193,83,6807,Silver Salesforce Patient Surveys,sl_sf_patientsurveys,TASK_COMPLETE,SUCCESS,INFO,208,208,0,,2026-08-21T02:15:07.481Z,2026-08-21T02:15:29.666Z,21,2026-08-21T02:15:29.666Z,,,6e633944-6270-4167-9c27-2b58aaa91b88,
202608201753561758,202608201753561757,202608201748445561,83,6807,Silver Salesforce Patient Surveys,sl_sf_patientsurveys,TASK_COMPLETE,SUCCESS,INFO,208,208,0,,2026-08-20T17:53:59.746Z,2026-08-20T17:54:19.014Z,18,2026-08-20T17:54:19.014Z,,,635224f3-f193-4ab0-a06c-8d0fbf5d6c6d,
202608201558523252,202608201558523252,202608201553439487,83,6807,Silver Salesforce Patient Surveys,sl_sf_patientsurveys,TASK_COMPLETE,SUCCESS,INFO,208,208,0,,2026-08-20T15:58:56.263Z,2026-08-20T15:59:14.319Z,16,2026-08-20T15:59:14.319Z,,,95538f17-9d82-404e-9e3f-d1777714a921,
202608211046118544,202608211046118543,202608211041144699,83,6807,Silver Salesforce Patient Surveys,sl_sf_patientsurveys,TASK_COMPLETE,SUCCESS,INFO,208,208,0,,2026-08-21T10:46:15.926Z,2026-08-21T10:46:33.374Z,16,2026-08-21T10:46:33.374Z,,,45603680-296f-4487-82f1-f8045d5f38e1,
202608171145214470,202608171119587471,202608171119587420,118,11642,Bronze P1/P2 Assessments,br_NewPeriodicReassessmentD5,TASK_COMPLETE,SUCCESS,INFO,0,0,0,,2026-08-17T11:20:06.775Z,2026-08-17T11:45:25.584Z,1519,2026-08-17T11:45:25.584Z,B12B,Colorado Springs,50b193b8-c8c8-41b3-8f69-a5e058560d7e,
202608171145214471,202608171119587472,202608171119587420,118,11643,Bronze P1/P2 Assessments,br_NewPeriodicReassessmentD5,TASK_COMPLETE,SUCCESS,INFO,0,0,0,,2026-08-17T11:20:06.775Z,2026-08-17T11:45:25.584Z,1519,2026-08-17T11:45:25.584Z,B24,Paintsville,50b193b8-c8c8-41b3-8f69-a5e058560d7e,
202608171145214472,202608171119587473,202608171119587420,118,11645,Bronze P1/P2 Assessments,br_NewPeriodicReassessmentD5,TASK_COMPLETE,SUCCESS,INFO,0,0,0,,2026-08-17T11:20:06.775Z,2026-08-17T11:45:25.584Z,1519,2026-08-17T11:45:25.584Z,B26,Hazard,50b193b8-c8c8-41b3-8f69-a5e058560d7e,
202608171145214473,202608171119587474,202608171119587420,118,11647,Bronze P1/P2 Assessments,br_NewPeriodicReassessmentD5,TASK_COMPLETE,SUCCESS,INFO,0,0,0,,2026-08-17T11:20:06.775Z,2026-08-17T11:45:25.584Z,1519,2026-08-17T11:45:25.584Z,B28,West Plains,50b193b8-c8c8-41b3-8f69-a5e058560d7e,
202608171145214474,202608171119587475,202608171119587420,118,11652,Bronze P1/P2 Assessments,br_NewPeriodicReassessmentD5,TASK_COMPLETE,SUCCESS,INFO,0,0,0,,2026-08-17T11:20:06.775Z,2026-08-17T11:45:25.584Z,1519,2026-08-17T11:45:25.584Z,B33,Paducah,50b193b8-c8c8-41b3-8f69-a5e058560d7e,
202608201653278229,202608201653278228,202608201648145195,83,6807,Silver Salesforce Patient Surveys,sl_sf_patientsurveys,TASK_COMPLETE,SUCCESS,INFO,208,208,0,,2026-08-20T16:53:31.343Z,2026-08-20T16:53:48.007Z,15,2026-08-20T16:53:48.007Z,,,4ed56315-bafe-4059-9903-76e756bd89c4,
202608150829436107,202608150829436107,202608141121345444,84,223,Gold Salesforce StgEvents,stgEvents,TASK_DEPENDENCY_BLOCKED,DEPENDENCY_BLOCKED,WARN,0,0,0,Dependency Failed : 215 (checked: 215),2026-08-15T08:29:50.020Z,2026-08-15T08:29:50.020Z,0,2026-08-15T08:29:50.020Z,,,749d5262-86ff-40e0-8a86-2235f2d6051c,
202608150554175951,202608150537402678,202608150537402637,118,11284,Bronze P1/P2 Assessments,br_newperiodicreassessmentd3,TASK_COMPLETE,SUCCESS,INFO,237,237,0,,2026-08-15T05:38:25.156Z,2026-08-15T05:54:20.465Z,955,2026-08-15T05:54:20.465Z,B33,Paducah,92fdec37-a7f1-4589-8ea2-af8b074ddb31,
202608150554175952,202608150537402679,202608150537402637,118,11339,Bronze P1/P2 Assessments,br_newperiodicreassessmentd3,TASK_COMPLETE,SUCCESS,INFO,0,0,0,,2026-08-15T05:38:25.156Z,2026-08-15T05:54:20.465Z,955,2026-08-15T05:54:20.465Z,CBCO,Coeur dAlene,92fdec37-a7f1-4589-8ea2-af8b074ddb31,
202608150554175953,202608150537402680,202608150537402637,118,11457,Bronze P1/P2 Assessments,br_newperiodicreassessmentd4,TASK_COMPLETE,SUCCESS,INFO,0,0,0,,2026-08-15T05:38:25.156Z,2026-08-15T05:54:20.465Z,955,2026-08-15T05:54:20.465Z,AHK,Ahoskie,92fdec37-a7f1-4589-8ea2-af8b074ddb31,
202608150554175954,202608150537402681,202608150537402637,118,11458,Bronze P1/P2 Assessments,br_newperiodicreassessmentd4,TASK_COMPLETE,SUCCESS,INFO,0,0,0,,2026-08-15T05:38:25.156Z,2026-08-15T05:54:20.465Z,955,2026-08-15T05:54:20.465Z,B12B,Colorado Springs,92fdec37-a7f1-4589-8ea2-af8b074ddb31,
202608150554175955,202608150537402682,202608150537402637,118,11459,Bronze P1/P2 Assessments,br_newperiodicreassessmentd4,TASK_COMPLETE,SUCCESS,INFO,321,321,0,,2026-08-15T05:38:25.156Z,2026-08-15T05:54:20.465Z,955,2026-08-15T05:54:20.465Z,B24,Paintsville,92fdec37-a7f1-4589-8ea2-af8b074ddb31,
202608170505380890,202608170422215769,202608170422215750,106,7507,Clinical Domain Bronze - BulkDartsSrvLoader - B24,br_UAResultDetail,TASK_COMPLETE,SUCCESS,INFO,4,4,0,,2026-08-17T04:29:17.023Z,2026-08-17T05:06:50.333Z,2253,2026-08-17T05:06:50.333Z,B24,Paintsville,0b53dc13-182d-4036-9b17-0891eca5f916,
202608170505380891,202608170422215770,202608170422215750,106,7515,Clinical Domain Bronze - BulkDartsSrvLoader - B33,br_UAResultDetail,TASK_COMPLETE,SUCCESS,INFO,4,4,0,,2026-08-17T04:29:17.023Z,2026-08-17T05:06:50.333Z,2253,2026-08-17T05:06:50.333Z,B33,Paducah,0b53dc13-182d-4036-9b17-0891eca5f916,
202608170505380892,202608170422215771,202608170422215750,106,7536,Clinical Domain Bronze - BulkDartsSrvLoader - B54,br_UAResultDetail,TASK_COMPLETE,SUCCESS,INFO,4,4,0,,2026-08-17T04:29:17.023Z,2026-08-17T05:06:50.333Z,2253,2026-08-17T05:06:50.333Z,B54,Gadsden,0b53dc13-182d-4036-9b17-0891eca5f916,
202608151132574382,202608151055424877,202608151055424858,106,7507,Clinical Domain Bronze - BulkDartsSrvLoader - B24,br_UAResultDetail,TASK_COMPLETE,SUCCESS,INFO,4,4,0,,2026-08-15T10:59:41.813Z,2026-08-15T11:42:22.397Z,2561,2026-08-15T11:42:22.397Z,B24,Paintsville,09bdfa13-0c4c-4ca3-9dd3-abd349cbbab4,
202608151132574383,202608151055424878,202608151055424858,106,7515,Clinical Domain Bronze - BulkDartsSrvLoader - B33,br_UAResultDetail,TASK_COMPLETE,SUCCESS,INFO,4,4,0,,2026-08-15T10:59:41.813Z,2026-08-15T11:42:22.397Z,2561,2026-08-15T11:42:22.397Z,B33,Paducah,09bdfa13-0c4c-4ca3-9dd3-abd349cbbab4,
202608151132574384,202608151055424879,202608151055424858,106,7536,Clinical Domain Bronze - BulkDartsSrvLoader - B54,br_UAResultDetail,TASK_COMPLETE,SUCCESS,INFO,4,4,0,,2026-08-15T10:59:41.813Z,2026-08-15T11:42:22.397Z,2561,2026-08-15T11:42:22.397Z,B54,Gadsden,09bdfa13-0c4c-4ca3-9dd3-abd349cbbab4,
202608171102595633,202608171031398639,202608171031398593,106,8426,Clinical Domain Bronze - SaveTreatmentLevel - B12B,br_TreatmentLevel,TASK_COMPLETE,SUCCESS,INFO,523,523,0,,2026-08-17T10:38:10.305Z,2026-08-17T11:03:03.679Z,1493,2026-08-17T11:03:03.679Z,B12B,ColoradoSprings,16b28601-46b7-41d7-bb6b-81142615d65b,
202608171102595634,202608171031398640,202608171031398593,106,8470,Clinical Domain Bronze - SaveTreatmentLevel - BOI,br_TreatmentLevel,TASK_COMPLETE,SUCCESS,INFO,298,298,0,,2026-08-17T10:38:10.305Z,2026-08-17T11:03:03.679Z,1493,2026-08-17T11:03:03.679Z,BOI,Boise,16b28601-46b7-41d7-bb6b-81142615d65b,
202608171102595635,202608171031398641,202608171031398593,106,8519,Clinical Domain Bronze - SaveTreatmentLevel - V10,br_TreatmentLevel,TASK_COMPLETE,SUCCESS,INFO,666,666,0,,2026-08-17T10:38:10.305Z,2026-08-17T11:03:03.679Z,1493,2026-08-17T11:03:03.679Z,V10,Boulder,16b28601-46b7-41d7-bb6b-81142615d65b,
202608250407398828,202608250343560401,202608250343560390,120,12582,Gold P1/P2 Assessments,NewAdmissionAssessmentASAMDimension4,TASK_COMPLETE,SUCCESS,INFO,1276,1269,0,,2026-08-25T03:43:39.643Z,2026-08-25T04:07:44.586Z,1445,2026-08-25T04:07:44.586Z,,,8c969a39-95ec-4087-9ad3-4a9580887e34,
202608141515547536,202608141505574935,202608141505574909,118,10911,Bronze P1/P2 Assessments,br_NewPeriodicReassessmentCounselorReview,TASK_COMPLETE,SUCCESS,INFO,0,0,0,,2026-08-14T15:06:49.317Z,2026-08-14T15:16:31.149Z,582,2026-08-14T15:16:31.149Z,B28,West Plains,7969362d-463a-4985-92c3-d629dd6d5c4e,
202608141515547537,202608141505574936,202608141505574909,118,10916,Bronze P1/P2 Assessments,br_NewPeriodicReassessmentCounselorReview,TASK_COMPLETE,SUCCESS,INFO,0,0,0,,2026-08-14T15:06:49.317Z,2026-08-14T15:16:31.149Z,582,2026-08-14T15:16:31.149Z,B33,Paducah,7969362d-463a-4985-92c3-d629dd6d5c4e,
202608141515547538,202608141505574937,202608141505574909,118,10971,Bronze P1/P2 Assessments,br_NewPeriodicReassessmentCounselorReview,TASK_COMPLETE,SUCCESS,INFO,0,0,0,,2026-08-14T15:06:49.317Z,2026-08-14T15:16:31.149Z,582,2026-08-14T15:16:31.149Z,CBCO,Coeur dAlene,7969362d-463a-4985-92c3-d629dd6d5c4e,
202608141515547539,202608141505574938,202608141505574909,118,11089,Bronze P1/P2 Assessments,br_newperiodicreassessmentd2,TASK_COMPLETE,SUCCESS,INFO,0,0,0,,2026-08-14T15:06:49.317Z,2026-08-14T15:16:31.149Z,582,2026-08-14T15:16:31.149Z,AHK,Ahoskie,7969362d-463a-4985-92c3-d629dd6d5c4e,
202608141515547540,202608141505574939,202608141505574909,118,11090,Bronze P1/P2 Assessments,br_newperiodicreassessmentd2,TASK_COMPLETE,SUCCESS,INFO,0,0,0,,2026-08-14T15:06:49.317Z,2026-08-14T15:16:31.149Z,582,2026-08-14T15:16:31.149Z,B12B,Colorado Springs,7969362d-463a-4985-92c3-d629dd6d5c4e,
202608250407374743,202608250343560400,202608250343560390,120,12581,Gold P1/P2 Assessments,NewAdmissionAssessmentASAMDimension2,TASK_COMPLETE,SUCCESS,INFO,1268,1261,0,,2026-08-25T03:43:39.643Z,2026-08-25T04:07:44.586Z,1445,2026-08-25T04:07:44.586Z,,,8c969a39-95ec-4087-9ad3-4a9580887e34,
202608250407424279,202608250343560402,202608250343560390,120,12583,Gold P1/P2 Assessments,NewAdmissionAssessmentASAMDimension5,TASK_COMPLETE,SUCCESS,INFO,1269,1262,0,,2026-08-25T03:43:39.643Z,2026-08-25T04:07:44.586Z,1445,2026-08-25T04:07:44.586Z,,,8c969a39-95ec-4087-9ad3-4a9580887e34,
202608250407224774,202608250343560392,202608250343560390,120,12573,Gold P1/P2 Assessments,NewAdmissionAssessmentASAMDimension6,TASK_COMPLETE,SUCCESS,INFO,1301,1293,0,,2026-08-25T03:43:39.643Z,2026-08-25T04:07:44.586Z,1445,2026-08-25T04:07:44.586Z,,,8c969a39-95ec-4087-9ad3-4a9580887e34,
202608141515547587,202608141505574980,202608141505574909,118,12193,Bronze P1/P2 Assessments,br_NewAdmissionAssessmentASAMDimension4,TASK_COMPLETE,SUCCESS,INFO,0,0,0,,2026-08-14T15:06:49.317Z,2026-08-14T15:16:31.149Z,582,2026-08-14T15:16:31.149Z,AHK,Ahoskie,7969362d-463a-4985-92c3-d629dd6d5c4e,
202608141515547588,202608141505574981,202608141505574909,118,12194,Bronze P1/P2 Assessments,br_NewAdmissionAssessmentASAMDimension4,TASK_COMPLETE,SUCCESS,INFO,0,0,0,,2026-08-14T15:06:49.317Z,2026-08-14T15:16:31.149Z,582,2026-08-14T15:16:31.149Z,B12B,Colorado Springs,7969362d-463a-4985-92c3-d629dd6d5c4e,
202608141515547589,202608141505574982,202608141505574909,118,12195,Bronze P1/P2 Assessments,br_NewAdmissionAssessmentASAMDimension4,TASK_COMPLETE,SUCCESS,INFO,0,0,0,,2026-08-14T15:06:49.317Z,2026-08-14T15:16:31.149Z,582,2026-08-14T15:16:31.149Z,B24,Paintsville,7969362d-463a-4985-92c3-d629dd6d5c4e,
202608141515547590,202608141505574983,202608141505574909,118,12197,Bronze P1/P2 Assessments,br_NewAdmissionAssessmentASAMDimension4,TASK_COMPLETE,SUCCESS,INFO,0,0,0,,2026-08-14T15:06:49.317Z,2026-08-14T15:16:31.149Z,582,2026-08-14T15:16:31.149Z,B26,Hazard,7969362d-463a-4985-92c3-d629dd6d5c4e,
202608141515547591,202608141505574984,202608141505574909,118,12199,Bronze P1/P2 Assessments,br_NewAdmissionAssessmentASAMDimension4,TASK_COMPLETE,SUCCESS,INFO,0,0,0,,2026-08-14T15:06:49.317Z,2026-08-14T15:16:31.149Z,582,2026-08-14T15:16:31.149Z,B28,West Plains,7969362d-463a-4985-92c3-d629dd6d5c4e,
202608251653065302,202608251629736809,202608251629736804,89,5240,P1 Reference Dropdown List Items Silver,tbl_DroDownListItems,TASK_COMPLETE,SUCCESS,INFO,8770,8770,0,,2026-08-25T16:30:10.484Z,2026-08-25T16:53:08.464Z,1378,2026-08-25T16:53:08.464Z,,,6d78ce37-8c21-4519-a454-1e5ee4a84a47,
202608210221061209,202608210221061209,202608210217292236,84,223,Gold Salesforce StgEvents,stgEvents,TASK_COMPLETE,SUCCESS,INFO,0,0,0,No records returned,2026-08-21T02:21:09.939Z,2026-08-21T02:21:23.085Z,11,2026-08-21T02:21:23.085Z,,,6e633944-6270-4167-9c27-2b58aaa91b88,
202608211052328391,202608211052328390,202608211048467468,84,223,Gold Salesforce StgEvents,stgEvents,TASK_COMPLETE,SUCCESS,INFO,0,0,0,No records returned,2026-08-21T10:52:37.520Z,2026-08-21T10:52:53.259Z,14,2026-08-21T10:52:53.259Z,,,45603680-296f-4487-82f1-f8045d5f38e1,
202608201800190121,202608201800190121,202608201756217905,84,223,Gold Salesforce StgEvents,stgEvents,TASK_COMPLETE,SUCCESS,INFO,0,0,0,No records returned,2026-08-20T18:00:22.780Z,2026-08-20T18:00:34.302Z,10,2026-08-20T18:00:34.302Z,,,635224f3-f193-4ab0-a06c-8d0fbf5d6c6d,
202608251733582708,202608251712711185,202608251712711180,89,5240,P1 Reference Dropdown List Items Silver,tbl_DroDownListItems,TASK_COMPLETE,SUCCESS,INFO,4383,4383,0,,2026-08-25T17:13:33.765Z,2026-08-25T17:34:00.541Z,1227,2026-08-25T17:34:00.541Z,,,72553dbc-d702-4eda-a5d0-9ceb643e22ea,
202608201142172811,202608201142172810,202608201140451356,84,223,Gold Salesforce StgEvents,stgEvents,TASK_COMPLETE,SUCCESS,INFO,0,0,0,No records returned,2026-08-20T11:42:20.986Z,2026-08-20T11:42:32.654Z,10,2026-08-20T11:42:32.654Z,,,79156e84-8509-4e63-a064-b4b0873a2a40,
202608261802020224,202608261733546738,202608261733546733,98,6327,P1 Forms SMS Text Consent Form Silver,tbl_SMSTextConsentForm,TASK_COMPLETE,SUCCESS,INFO,141,141,0,,2026-08-26T17:33:51.495Z,2026-08-26T18:02:05.602Z,1694,2026-08-26T18:02:05.602Z,,,4b416fe5-6f5c-4fb7-baa8-f0b32475e9c6,
202608150650155900,202608150650155900,202608141121345444,84,13673,Gold Salesforce Cases,Cases,TASK_DEPENDENCY_BLOCKED,DEPENDENCY_BLOCKED,WARN,0,0,0,"Dependency Failed : 216 (checked: 216,217,218,221,13676)",2026-08-15T06:50:21.782Z,2026-08-15T06:50:21.782Z,0,2026-08-15T06:50:21.782Z,,,4b120bb3-f1e6-442e-8114-0fadc28f6b49,
202608150747597704,202608150747597704,202608141121345444,84,13673,Gold Salesforce Cases,Cases,TASK_DEPENDENCY_BLOCKED,DEPENDENCY_BLOCKED,WARN,0,0,0,"Dependency Failed : 216 (checked: 216,217,218,221,13676)",2026-08-15T07:48:07.605Z,2026-08-15T07:48:07.605Z,0,2026-08-15T07:48:07.605Z,,,7aeef17f-6a83-4892-911d-f2c8473c9ddd,
202608100952316142,202608100934367111,202608100934367074,85,3358,Bronze INV,br_ReAssessmentLegal,TASK_COMPLETE,SUCCESS,INFO,35,35,0,,2026-08-10T09:34:42.906Z,2026-08-10T09:52:34.664Z,1072,2026-08-10T09:52:34.664Z,AHK,Ahoskie,6ef3fd30-03b0-4dcd-9022-3df447f4d036,
202608100952316143,202608100934367112,202608100934367074,85,3359,Bronze INV,br_ReAssessmentLegal,TASK_COMPLETE,SUCCESS,INFO,661,661,0,,2026-08-10T09:34:42.906Z,2026-08-10T09:52:34.664Z,1072,2026-08-10T09:52:34.664Z,B12B,Colorado Springs,6ef3fd30-03b0-4dcd-9022-3df447f4d036,
202608100952316144,202608100934367113,202608100934367074,85,3542,Bronze INV,br_ReAssessmentMentalHealth,TASK_COMPLETE,SUCCESS,INFO,35,35,0,,2026-08-10T09:34:42.906Z,2026-08-10T09:52:34.664Z,1072,2026-08-10T09:52:34.664Z,AHK,Ahoskie,6ef3fd30-03b0-4dcd-9022-3df447f4d036,
202608100952316145,202608100934367114,202608100934367074,85,3543,Bronze INV,br_ReAssessmentMentalHealth,TASK_COMPLETE,SUCCESS,INFO,662,662,0,,2026-08-10T09:34:42.906Z,2026-08-10T09:52:34.664Z,1072,2026-08-10T09:52:34.664Z,B12B,Colorado Springs,6ef3fd30-03b0-4dcd-9022-3df447f4d036,
202608100952316146,202608100934367115,202608100934367074,85,3910,Bronze INV,br_ReAssessmentPhysicalHealth,TASK_COMPLETE,SUCCESS,INFO,35,35,0,,2026-08-10T09:34:42.906Z,2026-08-10T09:52:34.664Z,1072,2026-08-10T09:52:34.664Z,AHK,Ahoskie,6ef3fd30-03b0-4dcd-9022-3df447f4d036,
202608100952316147,202608100934367116,202608100934367074,85,3911,Bronze INV,br_ReAssessmentPhysicalHealth,TASK_COMPLETE,SUCCESS,INFO,662,662,0,,2026-08-10T09:34:42.906Z,2026-08-10T09:52:34.664Z,1072,2026-08-10T09:52:34.664Z,B12B,Colorado Springs,6ef3fd30-03b0-4dcd-9022-3df447f4d036,
202608140551471277,202608140537410935,202608140537410912,118,11645,Bronze P1/P2 Assessments,br_newperiodicreassessmentd5,TASK_COMPLETE,SUCCESS,INFO,1187,1187,0,,2026-08-14T05:37:54.245Z,2026-08-14T05:51:50.752Z,836,2026-08-14T05:51:50.752Z,B26,Hazard,49a6a879-8aad-45bb-887e-905eab5ea9bb,
202608140551471279,202608140537410936,202608140537410912,118,11652,Bronze P1/P2 Assessments,br_newperiodicreassessmentd5,TASK_COMPLETE,SUCCESS,INFO,237,237,0,,2026-08-14T05:37:54.245Z,2026-08-14T05:51:50.752Z,836,2026-08-14T05:51:50.752Z,B33,Paducah,49a6a879-8aad-45bb-887e-905eab5ea9bb,
202608251653065300,202608251629736807,202608251629736804,89,5004,P1 Reference Codes Silver,tbl_Codes,TASK_COMPLETE,SUCCESS,INFO,2193,2193,0,,2026-08-25T16:30:10.484Z,2026-08-25T16:53:08.464Z,1378,2026-08-25T16:53:08.464Z,,,6d78ce37-8c21-4519-a454-1e5ee4a84a47,
202608251733582706,202608251712711183,202608251712711180,89,5004,P1 Reference Codes Silver,tbl_Codes,TASK_COMPLETE,SUCCESS,INFO,1087,1087,0,,2026-08-25T17:13:33.765Z,2026-08-25T17:34:00.541Z,1227,2026-08-25T17:34:00.541Z,,,72553dbc-d702-4eda-a5d0-9ceb643e22ea,
202608141506426631,202608141444143614,202608141444143611,46,8819,P1 Finance PBI 3 Pay Auth Bronze - AHK,br_samms_pbi3_pay_auth,TASK_COMPLETE,SUCCESS,INFO,61,61,0,,2026-08-14T14:44:17.762Z,2026-08-14T15:09:27.882Z,1510,2026-08-14T15:09:27.882Z,AHK,Ahoskie,1c123384-c339-4954-be1f-3a8d150ebb14,
202608241912325225,202608241904501261,202608241904501259,8,94385,DOSE Silver Pipeline,tbl_dose_excuse,TASK_COMPLETE,SUCCESS,INFO,38,38,0,,2026-08-24T19:04:44.377Z,2026-08-24T19:15:19.610Z,635,2026-08-24T19:15:19.610Z,,,0346ab63-a7c9-42d8-8f80-92ecf515f1ad,
202608141506426761,202608141444243617,202608141444243611,47,9406,P1 Finance Financial Hardship Application Silver,tbl_FinancialHardshipApplication,TASK_COMPLETE,SUCCESS,INFO,300,300,0,,2026-08-14T14:44:17.762Z,2026-08-14T15:09:27.882Z,1510,2026-08-14T15:09:27.882Z,,,1c123384-c339-4954-be1f-3a8d150ebb14,
202608211052016019,202608211052016019,202608211048467468,84,222,Gold Salesforce StgLeads,stgLeads,TASK_COMPLETE,SUCCESS,INFO,67,67,0,,2026-08-21T10:52:05.668Z,2026-08-21T10:52:23.444Z,16,2026-08-21T10:52:23.444Z,,,45603680-296f-4487-82f1-f8045d5f38e1,
202608201759398811,202608201759398811,202608201756217905,84,222,Gold Salesforce StgLeads,stgLeads,TASK_COMPLETE,SUCCESS,INFO,86,86,0,,2026-08-20T17:59:44.962Z,2026-08-20T18:00:06.631Z,16,2026-08-20T18:00:06.631Z,,,635224f3-f193-4ab0-a06c-8d0fbf5d6c6d,
202608261802020225,202608261733546739,202608261733546733,98,6444,P1 Forms Consent To Marketing Silver,tbl_ConsenttoMarketing,TASK_COMPLETE,SUCCESS,INFO,79,79,0,,2026-08-26T17:33:51.495Z,2026-08-26T18:02:05.602Z,1694,2026-08-26T18:02:05.602Z,,,4b416fe5-6f5c-4fb7-baa8-f0b32475e9c6,
202608170614178975,202608170551256473,202608170551256420,46,10235,P1 Finance Client Demo 2 Bronze - AHK,br_samms_client_demo2,TASK_COMPLETE,SUCCESS,INFO,301,301,0,,2026-08-17T05:51:47.044Z,2026-08-17T06:14:21.786Z,1354,2026-08-17T06:14:21.786Z,AHK,Ahoskie,09d84bc7-e629-48a4-a32a-826b207e96d1,
202608170614178976,202608170551256474,202608170551256420,46,10236,P1 Finance Client Demo 2 Bronze - B12B,br_samms_client_demo2,TASK_COMPLETE,SUCCESS,INFO,1365,1365,0,,2026-08-17T05:51:47.044Z,2026-08-17T06:14:21.786Z,1354,2026-08-17T06:14:21.786Z,B12B,ColoradoSprings,09d84bc7-e629-48a4-a32a-826b207e96d1,
202608170614178977,202608170551256475,202608170551256420,46,10237,P1 Finance Client Demo 2 Bronze - B24,br_samms_client_demo2,TASK_COMPLETE,SUCCESS,INFO,2914,2914,0,,2026-08-17T05:51:47.044Z,2026-08-17T06:14:21.786Z,1354,2026-08-17T06:14:21.786Z,B24,Paintsville,09d84bc7-e629-48a4-a32a-826b207e96d1,
202608170614178979,202608170551256476,202608170551256420,46,10238,P1 Finance Client Demo 2 Bronze - B25,br_samms_client_demo2,TASK_COMPLETE,SUCCESS,INFO,3409,3409,0,,2026-08-17T05:51:47.044Z,2026-08-17T06:14:21.786Z,1354,2026-08-17T06:14:21.786Z,B25,Pikeville,09d84bc7-e629-48a4-a32a-826b207e96d1,
202608171145214481,202608171119587481,202608171119587420,118,11831,Bronze P1/P2 Assessments,br_NewPeriodicReassessmentD6,TASK_COMPLETE,SUCCESS,INFO,0,0,0,,2026-08-17T11:20:06.775Z,2026-08-17T11:45:25.584Z,1519,2026-08-17T11:45:25.584Z,B28,West Plains,50b193b8-c8c8-41b3-8f69-a5e058560d7e,
202608171145214482,202608171119587482,202608171119587420,118,11836,Bronze P1/P2 Assessments,br_NewPeriodicReassessmentD6,TASK_COMPLETE,SUCCESS,INFO,0,0,0,,2026-08-17T11:20:06.775Z,2026-08-17T11:45:25.584Z,1519,2026-08-17T11:45:25.584Z,B33,Paducah,50b193b8-c8c8-41b3-8f69-a5e058560d7e,
202608171145214483,202608171119587483,202608171119587420,118,11891,Bronze P1/P2 Assessments,br_NewPeriodicReassessmentD6,TASK_COMPLETE,SUCCESS,INFO,0,0,0,,2026-08-17T11:20:06.775Z,2026-08-17T11:45:25.584Z,1519,2026-08-17T11:45:25.584Z,CBCO,Coeur dAlene,50b193b8-c8c8-41b3-8f69-a5e058560d7e,
202608171145214484,202608171119587484,202608171119587420,118,12009,Bronze P1/P2 Assessments,br_NewAdmissionAssessmentASAMDimension2,TASK_COMPLETE,SUCCESS,INFO,0,0,0,,2026-08-17T11:20:06.775Z,2026-08-17T11:45:25.584Z,1519,2026-08-17T11:45:25.584Z,AHK,Ahoskie,50b193b8-c8c8-41b3-8f69-a5e058560d7e,
202608171145214486,202608171119587485,202608171119587420,118,12010,Bronze P1/P2 Assessments,br_NewAdmissionAssessmentASAMDimension2,TASK_COMPLETE,SUCCESS,INFO,0,0,0,,2026-08-17T11:20:06.775Z,2026-08-17T11:45:25.584Z,1519,2026-08-17T11:45:25.584Z,B12B,Colorado Springs,50b193b8-c8c8-41b3-8f69-a5e058560d7e,
202608140613349523,202608140600263237,202608140600263231,107,8560,Clinical Domain Silver - SaveUASched,slv_uasched,TASK_COMPLETE,SUCCESS,INFO,5126,11770,0,,2026-08-14T06:01:45.513Z,2026-08-14T06:14:58.932Z,793,2026-08-14T06:14:58.932Z,Global,SAMMSGLOBAL,9a6b8567-8347-49cb-b213-618351c5e21c,
202608140613349426,202608140600163264,202608140600163231,106,7966,Clinical Domain Bronze - SaveVACA - B12B,brz_VAComprehensiveAssessment,TASK_COMPLETE,SUCCESS,INFO,3,3,0,,2026-08-14T06:01:45.513Z,2026-08-14T06:14:58.932Z,793,2026-08-14T06:14:58.932Z,B12B,ColoradoSprings,9a6b8567-8347-49cb-b213-618351c5e21c,
202608140613349427,202608140600163265,202608140600163231,106,8010,Clinical Domain Bronze - SaveVACA - BOI,brz_VAComprehensiveAssessment,TASK_COMPLETE,SUCCESS,INFO,3,3,0,,2026-08-14T06:01:45.513Z,2026-08-14T06:14:58.932Z,793,2026-08-14T06:14:58.932Z,BOI,Boise,9a6b8567-8347-49cb-b213-618351c5e21c,
202608180908433817,202608180834632778,202608180834632768,107,8564,Clinical Domain Silver - SaveMNCALOC,sl_mncomprehensiveassessmentlevelofcare,TASK_COMPLETE,SUCCESS,INFO,1058,1058,0,,2026-08-18T08:37:01.117Z,2026-08-18T09:08:45.854Z,1904,2026-08-18T09:08:45.854Z,Global,SAMMSGLOBAL,08f45940-4fba-4d40-8013-5941939f8b2e,
202608180908433819,202608180834632780,202608180834632768,107,8566,Clinical Domain Silver - SaveVACASummary,sl_vacomprehensiveassessmentsummary,TASK_COMPLETE,SUCCESS,INFO,1671,1671,0,,2026-08-18T08:37:01.117Z,2026-08-18T09:08:45.854Z,1904,2026-08-18T09:08:45.854Z,Global,SAMMSGLOBAL,08f45940-4fba-4d40-8013-5941939f8b2e,
202608170650554197,202608170608269047,202608170608269015,106,7963,Clinical Domain Bronze - SaveMNCALOC - VWBY,br_MNComprehensiveAssessmentLevelOfCare,TASK_COMPLETE,SUCCESS,INFO,376,376,0,,2026-08-17T06:09:37.896Z,2026-08-17T06:50:58.970Z,2481,2026-08-17T06:50:58.970Z,VWBY,Woodbury,83c0f655-df7d-4ce0-a8e7-3e8120951bbc,
202608171245095670,202608171211698295,202608171211698283,107,8566,Clinical Domain Silver - SaveVACASummary,sl_vacomprehensiveassessmentsummary,TASK_COMPLETE,SUCCESS,INFO,1666,1666,0,,2026-08-17T12:12:57.246Z,2026-08-17T12:45:12.159Z,1935,2026-08-17T12:45:12.159Z,Global,SAMMSGLOBAL,71c4b27b-8df0-48dd-a1ee-a6ea3a63b852,
202608140612573025,202608140600163250,202608140600163231,106,7507,Clinical Domain Bronze - BulkDartsSrvLoader - B24,brz_UAResultDetail,TASK_COMPLETE,SUCCESS,INFO,3931,3931,0,,2026-08-14T06:01:45.513Z,2026-08-14T06:14:58.932Z,793,2026-08-14T06:14:58.932Z,B24,Paintsville,9a6b8567-8347-49cb-b213-618351c5e21c,
202608140612573026,202608140600163251,202608140600163231,106,7515,Clinical Domain Bronze - BulkDartsSrvLoader - B33,brz_UAResultDetail,TASK_COMPLETE,SUCCESS,INFO,5367,5367,0,,2026-08-14T06:01:45.513Z,2026-08-14T06:14:58.932Z,793,2026-08-14T06:14:58.932Z,B33,Paducah,9a6b8567-8347-49cb-b213-618351c5e21c,
202608140612573028,202608140600163252,202608140600163231,106,7536,Clinical Domain Bronze - BulkDartsSrvLoader - B54,brz_UAResultDetail,TASK_COMPLETE,SUCCESS,INFO,5057,5057,0,,2026-08-14T06:01:45.513Z,2026-08-14T06:14:58.932Z,793,2026-08-14T06:14:58.932Z,B54,Gadsden,9a6b8567-8347-49cb-b213-618351c5e21c,
202608170655047551,202608170608369027,202608170608369015,107,8566,Clinical Domain Silver - SaveVACASummary,sl_vacomprehensiveassessmentsummary,TASK_COMPLETE,SUCCESS,INFO,1740,1740,0,,2026-08-17T06:09:37.896Z,2026-08-17T06:55:07.563Z,2730,2026-08-17T06:55:07.563Z,Global,SAMMSGLOBAL,83c0f655-df7d-4ce0-a8e7-3e8120951bbc,
202608151146098641,202608151055524870,202608151055524858,107,8566,Clinical Domain Silver - SaveVACASummary,sl_vacomprehensiveassessmentsummary,TASK_COMPLETE,SUCCESS,INFO,1740,1740,0,,2026-08-15T10:59:41.813Z,2026-08-15T11:46:12.215Z,2791,2026-08-15T11:46:12.215Z,Global,SAMMSGLOBAL,09bdfa13-0c4c-4ca3-9dd3-abd349cbbab4,
202608170650554194,202608170608269044,202608170608269015,106,7960,Clinical Domain Bronze - SaveMNCALOC - VBRA,br_MNComprehensiveAssessmentLevelOfCare,TASK_COMPLETE,SUCCESS,INFO,218,218,0,,2026-08-17T06:09:37.896Z,2026-08-17T06:50:58.970Z,2481,2026-08-17T06:50:58.970Z,VBRA,Brainerd,83c0f655-df7d-4ce0-a8e7-3e8120951bbc,
202608170510562246,202608170422315760,202608170422315750,107,8564,Clinical Domain Silver - SaveMNCALOC,sl_mncomprehensiveassessmentlevelofcare,TASK_COMPLETE,SUCCESS,INFO,1054,1054,0,,2026-08-17T04:29:17.023Z,2026-08-17T05:11:26.731Z,2529,2026-08-17T05:11:26.731Z,Global,SAMMSGLOBAL,0b53dc13-182d-4036-9b17-0891eca5f916,
202608171108071336,202608171031498603,202608171031498593,107,8564,Clinical Domain Silver - SaveMNCALOC,sl_mncomprehensiveassessmentlevelofcare,TASK_COMPLETE,SUCCESS,INFO,1056,1056,0,,2026-08-17T10:38:10.305Z,2026-08-17T11:08:10.976Z,1800,2026-08-17T11:08:10.976Z,Global,SAMMSGLOBAL,16b28601-46b7-41d7-bb6b-81142615d65b,
202608170510562248,202608170422315762,202608170422315750,107,8566,Clinical Domain Silver - SaveVACASummary,sl_vacomprehensiveassessmentsummary,TASK_COMPLETE,SUCCESS,INFO,1740,1740,0,,2026-08-17T04:29:17.023Z,2026-08-17T05:11:26.731Z,2529,2026-08-17T05:11:26.731Z,Global,SAMMSGLOBAL,0b53dc13-182d-4036-9b17-0891eca5f916,
202608140714377509,202608140700696547,202608140700696541,107,8560,Clinical Domain Silver - SaveUASched,slv_uasched,TASK_COMPLETE,SUCCESS,INFO,5126,11770,0,,2026-08-14T07:02:17.002Z,2026-08-14T07:16:01.674Z,824,2026-08-14T07:16:01.674Z,Global,SAMMSGLOBAL,4f29b93d-8b22-445c-9466-6259e423edcc,
202608140714377412,202608140700596574,202608140700596541,106,7966,Clinical Domain Bronze - SaveVACA - B12B,brz_VAComprehensiveAssessment,TASK_COMPLETE,SUCCESS,INFO,3,3,0,,2026-08-14T07:02:17.002Z,2026-08-14T07:16:01.674Z,824,2026-08-14T07:16:01.674Z,B12B,ColoradoSprings,4f29b93d-8b22-445c-9466-6259e423edcc,
202608140714377413,202608140700596575,202608140700596541,106,8010,Clinical Domain Bronze - SaveVACA - BOI,brz_VAComprehensiveAssessment,TASK_COMPLETE,SUCCESS,INFO,3,3,0,,2026-08-14T07:02:17.002Z,2026-08-14T07:16:01.674Z,824,2026-08-14T07:16:01.674Z,BOI,Boise,4f29b93d-8b22-445c-9466-6259e423edcc,
202608140714116476,202608140700596560,202608140700596541,106,7507,Clinical Domain Bronze - BulkDartsSrvLoader - B24,brz_UAResultDetail,TASK_COMPLETE,SUCCESS,INFO,3931,3931,0,,2026-08-14T07:02:17.002Z,2026-08-14T07:16:01.674Z,824,2026-08-14T07:16:01.674Z,B24,Paintsville,4f29b93d-8b22-445c-9466-6259e423edcc,
202608140714116477,202608140700596561,202608140700596541,106,7515,Clinical Domain Bronze - BulkDartsSrvLoader - B33,brz_UAResultDetail,TASK_COMPLETE,SUCCESS,INFO,5367,5367,0,,2026-08-14T07:02:17.002Z,2026-08-14T07:16:01.674Z,824,2026-08-14T07:16:01.674Z,B33,Paducah,4f29b93d-8b22-445c-9466-6259e423edcc,
202608140714116479,202608140700596562,202608140700596541,106,7536,Clinical Domain Bronze - BulkDartsSrvLoader - B54,brz_UAResultDetail,TASK_COMPLETE,SUCCESS,INFO,5057,5057,0,,2026-08-14T07:02:17.002Z,2026-08-14T07:16:01.674Z,824,2026-08-14T07:16:01.674Z,B54,Gadsden,4f29b93d-8b22-445c-9466-6259e423edcc,
202608141127366013,202608141127366013,202608141121345444,84,13673,Gold Salesforce Cases,Cases,TASK_DEPENDENCY_BLOCKED,DEPENDENCY_BLOCKED,WARN,0,0,0,"Dependency Failed : 216 (checked: 216,217,218,221,13676)",2026-08-14T11:27:48.469Z,2026-08-14T11:27:48.469Z,0,2026-08-14T11:27:48.469Z,,,65af9a38-d304-499c-abe3-51037aa67f0b,
202608171341264917,202608171341264917,202608171026319654,84,13673,Gold Salesforce Cases,Cases,TASK_DEPENDENCY_BLOCKED,DEPENDENCY_BLOCKED,WARN,0,0,0,"Dependency Failed : 216 (checked: 216,217,218,221,13676)",2026-08-17T13:41:37.612Z,2026-08-17T13:41:37.612Z,0,2026-08-17T13:41:37.612Z,,,1cdba2b7-2cc0-4832-97e7-304e1a700c17,
202608150830433984,202608150830433983,202608141121345444,84,13673,Gold Salesforce Cases,Cases,TASK_DEPENDENCY_BLOCKED,DEPENDENCY_BLOCKED,WARN,0,0,0,"Dependency Failed : 216 (checked: 216,217,218,221,13676)",2026-08-15T08:30:50.490Z,2026-08-15T08:30:50.490Z,0,2026-08-15T08:30:50.490Z,,,749d5262-86ff-40e0-8a86-2235f2d6051c,
202608171032442651,202608171032442651,202608171026319654,84,13673,Gold Salesforce Cases,Cases,TASK_DEPENDENCY_BLOCKED,DEPENDENCY_BLOCKED,WARN,0,0,0,"Dependency Failed : 216 (checked: 216,217,218,221,13676)",2026-08-17T10:32:52.435Z,2026-08-17T10:32:52.435Z,0,2026-08-17T10:32:52.435Z,,,7037e752-f6e1-4d8a-bc47-4e70a4e83a16,
202608191605095689,202608191519695716,202608191519695710,98,6444,P1 Forms Consent To Marketing Silver,tbl_ConsenttoMarketing,TASK_COMPLETE,SUCCESS,INFO,6981,6981,0,,2026-08-19T15:20:02.186Z,2026-08-19T16:05:12.022Z,2710,2026-08-19T16:05:12.022Z,,,0e774440-67e4-4817-8f97-24afdbb9d82f,
202608130409166791,202608130315200024,202608130315200005,106,7507,Clinical Domain Bronze - BulkDartsSrvLoader - B24,brz_UAResultDetail,TASK_COMPLETE,SUCCESS,INFO,69905,69905,0,,2026-08-13T03:16:19.557Z,2026-08-13T04:09:23.310Z,3184,2026-08-13T04:09:23.310Z,B24,Paintsville,11ed6329-841a-4e7a-bfb1-61191c79c28e,
202608130409166793,202608130315200025,202608130315200005,106,7515,Clinical Domain Bronze - BulkDartsSrvLoader - B33,brz_UAResultDetail,TASK_COMPLETE,SUCCESS,INFO,62808,62808,0,,2026-08-13T03:16:19.557Z,2026-08-13T04:09:23.310Z,3184,2026-08-13T04:09:23.310Z,B33,Paducah,11ed6329-841a-4e7a-bfb1-61191c79c28e,
202608130409166794,202608130315200026,202608130315200005,106,7536,Clinical Domain Bronze - BulkDartsSrvLoader - B54,brz_UAResultDetail,TASK_COMPLETE,SUCCESS,INFO,68120,68120,0,,2026-08-13T03:16:19.557Z,2026-08-13T04:09:23.310Z,3184,2026-08-13T04:09:23.310Z,B54,Gadsden,11ed6329-841a-4e7a-bfb1-61191c79c28e,
202608141515547575,202608141505574970,202608141505574909,118,11831,Bronze P1/P2 Assessments,br_newperiodicreassessmentd6,TASK_COMPLETE,SUCCESS,INFO,0,0,0,,2026-08-14T15:06:49.317Z,2026-08-14T15:16:31.149Z,582,2026-08-14T15:16:31.149Z,B28,West Plains,7969362d-463a-4985-92c3-d629dd6d5c4e,
202608141515547576,202608141505574971,202608141505574909,118,11836,Bronze P1/P2 Assessments,br_newperiodicreassessmentd6,TASK_COMPLETE,SUCCESS,INFO,0,0,0,,2026-08-14T15:06:49.317Z,2026-08-14T15:16:31.149Z,582,2026-08-14T15:16:31.149Z,B33,Paducah,7969362d-463a-4985-92c3-d629dd6d5c4e,
202608141515547577,202608141505574972,202608141505574909,118,11891,Bronze P1/P2 Assessments,br_newperiodicreassessmentd6,TASK_COMPLETE,SUCCESS,INFO,0,0,0,,2026-08-14T15:06:49.317Z,2026-08-14T15:16:31.149Z,582,2026-08-14T15:16:31.149Z,CBCO,Coeur dAlene,7969362d-463a-4985-92c3-d629dd6d5c4e,
202608141515547578,202608141505574973,202608141505574909,118,12009,Bronze P1/P2 Assessments,br_NewAdmissionAssessmentASAMDimension2,TASK_COMPLETE,SUCCESS,INFO,0,0,0,,2026-08-14T15:06:49.317Z,2026-08-14T15:16:31.149Z,582,2026-08-14T15:16:31.149Z,AHK,Ahoskie,7969362d-463a-4985-92c3-d629dd6d5c4e,
202608141515547579,202608141505574974,202608141505574909,118,12010,Bronze P1/P2 Assessments,br_NewAdmissionAssessmentASAMDimension2,TASK_COMPLETE,SUCCESS,INFO,0,0,0,,2026-08-14T15:06:49.317Z,2026-08-14T15:16:31.149Z,582,2026-08-14T15:16:31.149Z,B12B,Colorado Springs,7969362d-463a-4985-92c3-d629dd6d5c4e,
202608121042551939,202608121009360912,202608121009360893,106,7507,Clinical Domain Bronze - BulkDartsSrvLoader - B24,brz_UAResultDetail,TASK_COMPLETE,SUCCESS,INFO,69758,69758,0,,2026-08-12T10:11:56.792Z,2026-08-12T10:43:20.487Z,1884,2026-08-12T10:43:20.487Z,B24,Paintsville,1325a4eb-aa02-4bc9-9fae-d06e40a0cece,
202608121042551940,202608121009360913,202608121009360893,106,7515,Clinical Domain Bronze - BulkDartsSrvLoader - B33,brz_UAResultDetail,TASK_COMPLETE,SUCCESS,INFO,62083,62083,0,,2026-08-12T10:11:56.792Z,2026-08-12T10:43:20.487Z,1884,2026-08-12T10:43:20.487Z,B33,Paducah,1325a4eb-aa02-4bc9-9fae-d06e40a0cece,
202608121042551941,202608121009360914,202608121009360893,106,7536,Clinical Domain Bronze - BulkDartsSrvLoader - B54,brz_UAResultDetail,TASK_COMPLETE,SUCCESS,INFO,67811,67811,0,,2026-08-12T10:11:56.792Z,2026-08-12T10:43:20.487Z,1884,2026-08-12T10:43:20.487Z,B54,Gadsden,1325a4eb-aa02-4bc9-9fae-d06e40a0cece,
202608210936591035,202608210910201220,202608210910201208,44,5739,SAMMSGLOBAL Silver,sl_UserCredentials,TASK_COMPLETE,SUCCESS,INFO,981,981,0,,2026-08-21T09:10:14.296Z,2026-08-21T09:37:01.680Z,1607,2026-08-21T09:37:01.680Z,Global,Global,859bd6e7-8433-41b7-8f16-164cdd55063d,SAMMSGLOBAL
202608210932540769,202608210910101219,202608210910101208,43,5737,SAMMSGLOBAL Bronze,br_UserCredentials,TASK_COMPLETE,SUCCESS,INFO,981,981,0,,2026-08-21T09:10:14.296Z,2026-08-21T09:32:57.148Z,1363,2026-08-21T09:32:57.148Z,Global,Global,859bd6e7-8433-41b7-8f16-164cdd55063d,SAMMSGLOBAL
202608221158454099,202608221137270316,202608221137270305,43,5737,SAMMSGLOBAL Bronze,br_UserCredentials,TASK_COMPLETE,SUCCESS,INFO,981,981,0,,2026-08-22T11:37:32.306Z,2026-08-22T12:00:00.866Z,1348,2026-08-22T12:00:00.866Z,Global,Global,17fb4855-5e12-4261-b216-b3f67dc16eb3,SAMMSGLOBAL
202608210936560044,202608210910201214,202608210910201208,44,185,SAMMSGLOBAL Silver,sl_FormsSAMMSClient,TASK_COMPLETE,SUCCESS,INFO,0,0,0,,2026-08-21T09:10:14.296Z,2026-08-21T09:37:01.680Z,1607,2026-08-21T09:37:01.680Z,Global,Global,859bd6e7-8433-41b7-8f16-164cdd55063d,SAMMSGLOBAL
202608210932540763,202608210910101214,202608210910101208,43,175,SAMMSGLOBAL Bronze,br_FormsSAMMSClient,TASK_COMPLETE,SUCCESS,INFO,0,0,0,,2026-08-21T09:10:14.296Z,2026-08-21T09:32:57.148Z,1363,2026-08-21T09:32:57.148Z,Global,Global,859bd6e7-8433-41b7-8f16-164cdd55063d,SAMMSGLOBAL
202608242048534089,202608242042110706,202608242042110704,76,144399,PPA Bronze,br_SF_PatientPreAdmission,TASK_COMPLETE,SUCCESS,INFO,13271,13271,0,,2026-08-24T20:42:15.925Z,2026-08-24T20:48:56.393Z,401,2026-08-24T20:48:56.393Z,B34,Corbin,3493ae40-96b6-4051-9666-1f519a793994,SAMMS-CorbinV5
202608221154232617,202608221137270311,202608221137270305,43,175,SAMMSGLOBAL Bronze,br_FormsSAMMSClient,TASK_COMPLETE,SUCCESS,INFO,0,0,0,,2026-08-22T11:37:32.306Z,2026-08-22T12:00:00.866Z,1348,2026-08-22T12:00:00.866Z,Global,Global,17fb4855-5e12-4261-b216-b3f67dc16eb3,SAMMSGLOBAL
202608242048534088,202608242042110705,202608242042110704,76,144392,PPA Bronze,br_SF_PatientPreAdmission,TASK_COMPLETE,SUCCESS,INFO,25701,25701,0,,2026-08-24T20:42:15.925Z,2026-08-24T20:48:56.393Z,401,2026-08-24T20:48:56.393Z,B26,Hazard,3493ae40-96b6-4051-9666-1f519a793994,SAMMS-HazardV5
202608182037088925,202608182037088926,20260818203708,117,8627,Patient Services Gold Pipeline,PatientServicesNoShow,TASK_SKIPPED,SKIPPED,INFO,0,0,0,TaskConfig count is ZERO (0 active tasks) for ConfigId 117. Activity skipped.,2026-08-18T20:37:08.892Z,2026-08-18T20:37:08.892Z,0,2026-08-18T20:37:08.892Z,,,2ccc55d2-080c-4909-8d6b-aa8830b36e3d,
202608210239317744,202608210227162459,202608210227162448,43,5737,SAMMSGLOBAL Bronze,br_UserCredentials,TASK_COMPLETE,SUCCESS,INFO,981,981,0,,2026-08-21T02:27:19.171Z,2026-08-21T02:39:34.839Z,735,2026-08-21T02:39:34.839Z,Global,Global,37d39418-848b-43a3-aff1-182cc8bb7455,SAMMSGLOBAL
202608182050091375,202608182050091376,20260818205009,117,8627,Patient Services Gold Pipeline,PatientServicesNoShow,TASK_SKIPPED,SKIPPED,INFO,0,0,0,TaskConfig count is ZERO (0 active tasks) for ConfigId 117. Activity skipped.,2026-08-18T20:50:09.137Z,2026-08-18T20:50:09.137Z,0,2026-08-18T20:50:09.137Z,,,4a5926d2-fe5f-4ec8-a754-ef30410fa8d8,
202608151146098639,202608151055524868,202608151055524858,107,8564,Clinical Domain Silver - SaveMNCALOC,sl_mncomprehensiveassessmentlevelofcare,TASK_COMPLETE,SUCCESS,INFO,1054,1054,0,,2026-08-15T10:59:41.813Z,2026-08-15T11:46:12.215Z,2791,2026-08-15T11:46:12.215Z,Global,SAMMSGLOBAL,09bdfa13-0c4c-4ca3-9dd3-abd349cbbab4,
202608170655047549,202608170608369025,202608170608369015,107,8564,Clinical Domain Silver - SaveMNCALOC,sl_mncomprehensiveassessmentlevelofcare,TASK_COMPLETE,SUCCESS,INFO,1054,1054,0,,2026-08-17T06:09:37.896Z,2026-08-17T06:55:07.563Z,2730,2026-08-17T06:55:07.563Z,Global,SAMMSGLOBAL,83c0f655-df7d-4ce0-a8e7-3e8120951bbc,
202608151358565627,202608151310507815,202608151310507803,107,8566,Clinical Domain Silver - SaveVACASummary,sl_vacomprehensiveassessmentsummary,TASK_COMPLETE,SUCCESS,INFO,1740,1740,0,,2026-08-15T13:11:43.813Z,2026-08-15T13:58:58.213Z,2835,2026-08-15T13:58:58.213Z,Global,SAMMSGLOBAL,56214535-005b-4285-976b-e0172bc11b0b,
202608151358565625,202608151310507813,202608151310507803,107,8564,Clinical Domain Silver - SaveMNCALOC,sl_mncomprehensiveassessmentlevelofcare,TASK_COMPLETE,SUCCESS,INFO,1054,1054,0,,2026-08-15T13:11:43.813Z,2026-08-15T13:58:58.213Z,2835,2026-08-15T13:58:58.213Z,Global,SAMMSGLOBAL,56214535-005b-4285-976b-e0172bc11b0b,
202608171245095668,202608171211698293,202608171211698283,107,8564,Clinical Domain Silver - SaveMNCALOC,sl_mncomprehensiveassessmentlevelofcare,TASK_COMPLETE,SUCCESS,INFO,1056,1056,0,,2026-08-17T12:12:57.246Z,2026-08-17T12:45:12.159Z,1935,2026-08-17T12:45:12.159Z,Global,SAMMSGLOBAL,71c4b27b-8df0-48dd-a1ee-a6ea3a63b852,
202608170614178934,202608170551256437,202608170551256420,46,9173,P1 Finance Payer Client History Bronze - AHK,br_samms_payer_clt_history,TASK_COMPLETE,SUCCESS,INFO,26,26,0,,2026-08-17T05:51:47.044Z,2026-08-17T06:14:21.786Z,1354,2026-08-17T06:14:21.786Z,AHK,Ahoskie,09d84bc7-e629-48a4-a32a-826b207e96d1,
202608170614178935,202608170551256438,202608170551256420,46,9174,P1 Finance Payer Client History Bronze - B12B,br_samms_payer_clt_history,TASK_COMPLETE,SUCCESS,INFO,148,148,0,,2026-08-17T05:51:47.044Z,2026-08-17T06:14:21.786Z,1354,2026-08-17T06:14:21.786Z,B12B,ColoradoSprings,09d84bc7-e629-48a4-a32a-826b207e96d1,
202608170749224513,202608170720364623,202608170720364599,118,10907,Bronze P1/P2 Assessments,br_NewPeriodicReassessmentCounselorReview,TASK_COMPLETE,SUCCESS,INFO,320,320,0,,2026-08-17T07:20:41.512Z,2026-08-17T07:49:26.331Z,1725,2026-08-17T07:49:26.331Z,B24,Paintsville,422b71cc-fe6c-4f30-846d-92fb5587d0e9,
202608210204239569,202608210204239569,202608210159223552,82,6806,Salesforce Outbound Texts,br_sf_outboundtexts,TASK_COMPLETE,SUCCESS,INFO,302,302,0,,2026-08-21T02:04:28.489Z,2026-08-21T02:04:46.976Z,17,2026-08-21T02:04:46.976Z,,,6e633944-6270-4167-9c27-2b58aaa91b88,
202608201131009860,202608201131009860,202608201125599805,82,6806,Salesforce Outbound Texts,br_sf_outboundtexts,TASK_COMPLETE,SUCCESS,INFO,156,156,0,,2026-08-20T11:31:05.640Z,2026-08-20T11:31:21.628Z,14,2026-08-20T11:31:21.628Z,,,79156e84-8509-4e63-a064-b4b0873a2a40,
202608140744357385,202608140725214687,202608140725214656,118,11091,Bronze P1/P2 Assessments,br_newperiodicreassessmentd2,TASK_COMPLETE,SUCCESS,INFO,319,319,0,,2026-08-14T07:25:23.942Z,2026-08-14T07:44:38.851Z,1155,2026-08-14T07:44:38.851Z,B24,Paintsville,9e759780-91b7-4e4a-882b-cd4350ec70b7,
202608140744357386,202608140725214688,202608140725214656,118,11093,Bronze P1/P2 Assessments,br_newperiodicreassessmentd2,TASK_COMPLETE,SUCCESS,INFO,1190,1190,0,,2026-08-14T07:25:23.942Z,2026-08-14T07:44:38.851Z,1155,2026-08-14T07:44:38.851Z,B26,Hazard,9e759780-91b7-4e4a-882b-cd4350ec70b7,
202608140744357387,202608140725214689,202608140725214656,118,11095,Bronze P1/P2 Assessments,br_newperiodicreassessmentd2,TASK_COMPLETE,SUCCESS,INFO,0,0,0,,2026-08-14T07:25:23.942Z,2026-08-14T07:44:38.851Z,1155,2026-08-14T07:44:38.851Z,B28,West Plains,9e759780-91b7-4e4a-882b-cd4350ec70b7,
202608141935472445,202608141857340865,202608141857340774,31,94091,FormAnswerSignatures Bronze - TTCB,br_tblFormAnswerSig,TASK_COMPLETE,SUCCESS,INFO,93763,93763,0,,2026-08-14T18:58:05.482Z,2026-08-14T19:35:50.482Z,2265,2026-08-14T19:35:50.482Z,TTCB,Cullman,015634ea-243f-49e1-a18e-0e1d033651d1,
202608141935472446,202608141857340866,202608141857340774,31,94092,FormAnswerSignatures Bronze - TTCC,br_tblFormAnswerSig,TASK_COMPLETE,SUCCESS,INFO,87880,87880,0,,2026-08-14T18:58:05.482Z,2026-08-14T19:35:50.482Z,2265,2026-08-14T19:35:50.482Z,TTCC,GrandBay,015634ea-243f-49e1-a18e-0e1d033651d1,
202608141935472447,202608141857340867,202608141857340774,31,94093,FormAnswerSignatures Bronze - TU,br_tblFormAnswerSig,TASK_COMPLETE,SUCCESS,INFO,6697,6697,0,,2026-08-14T18:58:05.482Z,2026-08-14T19:35:50.482Z,2265,2026-08-14T19:35:50.482Z,TU,Tucson,015634ea-243f-49e1-a18e-0e1d033651d1,
202608201547457285,202608201547457285,202608201542593057,82,6806,Salesforce Outbound Texts,br_sf_outboundtexts,TASK_COMPLETE,SUCCESS,INFO,167,167,0,,2026-08-20T15:47:50.071Z,2026-08-20T15:48:08.747Z,17,2026-08-20T15:48:08.747Z,,,95538f17-9d82-404e-9e3f-d1777714a921,
202608201742156780,202608201742156780,202608201737362918,82,6806,Salesforce Outbound Texts,br_sf_outboundtexts,TASK_COMPLETE,SUCCESS,INFO,225,225,0,,2026-08-20T17:42:20.662Z,2026-08-20T17:42:37.086Z,13,2026-08-20T17:42:37.086Z,,,635224f3-f193-4ab0-a06c-8d0fbf5d6c6d,
202608201804085921,202608201804085920,202608201756217905,84,6809,Gold Salesforce PatientSurveys,PatientSurveys,TASK_COMPLETE,SUCCESS,INFO,208,208,0,,2026-08-20T18:04:12.310Z,2026-08-20T18:04:32.931Z,19,2026-08-20T18:04:32.931Z,,,635224f3-f193-4ab0-a06c-8d0fbf5d6c6d,
202608140744357409,202608140725214708,202608140725214656,118,11643,Bronze P1/P2 Assessments,br_newperiodicreassessmentd5,TASK_COMPLETE,SUCCESS,INFO,321,321,0,,2026-08-14T07:25:23.942Z,2026-08-14T07:44:38.851Z,1155,2026-08-14T07:44:38.851Z,B24,Paintsville,9e759780-91b7-4e4a-882b-cd4350ec70b7,
202608140744357410,202608140725214709,202608140725214656,118,11645,Bronze P1/P2 Assessments,br_newperiodicreassessmentd5,TASK_COMPLETE,SUCCESS,INFO,1187,1187,0,,2026-08-14T07:25:23.942Z,2026-08-14T07:44:38.851Z,1155,2026-08-14T07:44:38.851Z,B26,Hazard,9e759780-91b7-4e4a-882b-cd4350ec70b7,
202608140744357411,202608140725214710,202608140725214656,118,11647,Bronze P1/P2 Assessments,br_newperiodicreassessmentd5,TASK_COMPLETE,SUCCESS,INFO,0,0,0,,2026-08-14T07:25:23.942Z,2026-08-14T07:44:38.851Z,1155,2026-08-14T07:44:38.851Z,B28,West Plains,9e759780-91b7-4e4a-882b-cd4350ec70b7,
202608201804418885,202608201804418885,202608201756217905,84,6810,Gold Salesforce StgOutboundSMS,stgOutboundSMS,TASK_COMPLETE,SUCCESS,INFO,225,225,0,,2026-08-20T18:04:47.024Z,2026-08-20T18:05:05.555Z,17,2026-08-20T18:05:05.555Z,,,635224f3-f193-4ab0-a06c-8d0fbf5d6c6d,
202608210225399172,202608210225399172,202608210217292236,84,6809,Gold Salesforce PatientSurveys,PatientSurveys,TASK_COMPLETE,SUCCESS,INFO,208,208,0,,2026-08-21T02:25:44.507Z,2026-08-21T02:26:06.691Z,20,2026-08-21T02:26:06.691Z,,,6e633944-6270-4167-9c27-2b58aaa91b88,
202608170650554189,202608170608269039,202608170608269015,106,7714,Clinical Domain Bronze - SaveAppointmentAttend - V10,br_AppointmentAttend,TASK_COMPLETE,SUCCESS,INFO,88,88,0,,2026-08-17T06:09:37.896Z,2026-08-17T06:50:58.970Z,2481,2026-08-17T06:50:58.970Z,V10,Boulder,83c0f655-df7d-4ce0-a8e7-3e8120951bbc,
202608121052561383,202608121009460900,202608121009460893,107,8561,Clinical Domain Silver - BulkDartsSrvLoader,slv_uaresultdetail,TASK_COMPLETE,SUCCESS,INFO,206422,206422,0,,2026-08-12T10:11:56.792Z,2026-08-12T10:53:15.475Z,2479,2026-08-12T10:53:15.475Z,Global,SAMMSGLOBAL,1325a4eb-aa02-4bc9-9fae-d06e40a0cece,
202608170655047545,202608170608369022,202608170608369015,107,8561,Clinical Domain Silver - BulkDartsSrvLoader,sl_uaresultdetail,TASK_COMPLETE,SUCCESS,INFO,208868,208868,0,,2026-08-17T06:09:37.896Z,2026-08-17T06:55:07.563Z,2730,2026-08-17T06:55:07.563Z,Global,SAMMSGLOBAL,83c0f655-df7d-4ce0-a8e7-3e8120951bbc,
202608151358565621,202608151310507810,202608151310507803,107,8561,Clinical Domain Silver - BulkDartsSrvLoader,sl_uaresultdetail,TASK_COMPLETE,SUCCESS,INFO,208868,208868,0,,2026-08-15T13:11:43.813Z,2026-08-15T13:58:58.213Z,2835,2026-08-15T13:58:58.213Z,Global,SAMMSGLOBAL,56214535-005b-4285-976b-e0172bc11b0b,
202608151146098635,202608151055524865,202608151055524858,107,8561,Clinical Domain Silver - BulkDartsSrvLoader,sl_uaresultdetail,TASK_COMPLETE,SUCCESS,INFO,208868,208868,0,,2026-08-15T10:59:41.813Z,2026-08-15T11:46:12.215Z,2791,2026-08-15T11:46:12.215Z,Global,SAMMSGLOBAL,09bdfa13-0c4c-4ca3-9dd3-abd349cbbab4,
202608170650554184,202608170608269035,202608170608269015,106,7515,Clinical Domain Bronze - BulkDartsSrvLoader - B33,br_UAResultDetail,TASK_COMPLETE,SUCCESS,INFO,4,4,0,,2026-08-17T06:09:37.896Z,2026-08-17T06:50:58.970Z,2481,2026-08-17T06:50:58.970Z,B33,Paducah,83c0f655-df7d-4ce0-a8e7-3e8120951bbc,
202608201034573253,202608201013630459,202608201013630447,47,10114,P1 Finance Diag10 Silver,tbl_tbldiag10,TASK_COMPLETE,SUCCESS,INFO,5584,5584,0,,2026-08-20T10:13:57.622Z,2026-08-20T10:39:20.764Z,1523,2026-08-20T10:39:20.764Z,,,069e8d01-766c-4679-b3df-c21f4d7bc3d1,
202608170650554185,202608170608269036,202608170608269015,106,7536,Clinical Domain Bronze - BulkDartsSrvLoader - B54,br_UAResultDetail,TASK_COMPLETE,SUCCESS,INFO,4,4,0,,2026-08-17T06:09:37.896Z,2026-08-17T06:50:58.970Z,2481,2026-08-17T06:50:58.970Z,B54,Gadsden,83c0f655-df7d-4ce0-a8e7-3e8120951bbc,
202608211510220659,202608211456386306,202608211456386305,77,144384,PPA Silver,tbl_SF_PatientPreAdmission,TASK_COMPLETE,SUCCESS,INFO,609711,609711,0,,2026-08-21T14:56:32.229Z,2026-08-21T15:10:23.934Z,831,2026-08-21T15:10:23.934Z,,,0c589208-2221-4d68-8178-9fb813ab6d11,
202608170614178966,202608170551256465,202608170551256420,46,9999,P1 Finance Diag10 Bronze - AHK,br_samms_tbldiag10,TASK_COMPLETE,SUCCESS,INFO,231,231,0,,2026-08-17T05:51:47.044Z,2026-08-17T06:14:21.786Z,1354,2026-08-17T06:14:21.786Z,AHK,Ahoskie,09d84bc7-e629-48a4-a32a-826b207e96d1,
202608170614178967,202608170551256466,202608170551256420,46,10000,P1 Finance Diag10 Bronze - B12B,br_samms_tbldiag10,TASK_COMPLETE,SUCCESS,INFO,1441,1441,0,,2026-08-17T05:51:47.044Z,2026-08-17T06:14:21.786Z,1354,2026-08-17T06:14:21.786Z,B12B,ColoradoSprings,09d84bc7-e629-48a4-a32a-826b207e96d1,
202608242050520508,202608242042210705,202608242042210704,77,144384,PPA Silver,tbl_SF_PatientPreAdmission,TASK_COMPLETE,SUCCESS,INFO,177453,177453,0,,2026-08-24T20:42:15.925Z,2026-08-24T20:50:54.393Z,519,2026-08-24T20:50:54.393Z,,,3493ae40-96b6-4051-9666-1f519a793994,
202608170650554207,202608170608269056,202608170608269015,106,8307,Clinical Domain Bronze - SaveMNTreatmentServiceReview - VMIN,br_MNTreatmentServiceReview,TASK_COMPLETE,SUCCESS,INFO,6330,6330,0,,2026-08-17T06:09:37.896Z,2026-08-17T06:50:58.970Z,2481,2026-08-17T06:50:58.970Z,VMIN,Minneapolis,83c0f655-df7d-4ce0-a8e7-3e8120951bbc,
202608171102595607,202608171031398615,202608171031398593,106,7621,Clinical Domain Bronze - SaveAppointmentAttend - B12B,br_AppointmentAttend,TASK_COMPLETE,SUCCESS,INFO,1,1,0,,2026-08-17T10:38:10.305Z,2026-08-17T11:03:03.679Z,1493,2026-08-17T11:03:03.679Z,B12B,ColoradoSprings,16b28601-46b7-41d7-bb6b-81142615d65b,
202608171102595608,202608171031398616,202608171031398593,106,7665,Clinical Domain Bronze - SaveAppointmentAttend - BOI,br_AppointmentAttend,TASK_COMPLETE,SUCCESS,INFO,2,2,0,,2026-08-17T10:38:10.305Z,2026-08-17T11:03:03.679Z,1493,2026-08-17T11:03:03.679Z,BOI,Boise,16b28601-46b7-41d7-bb6b-81142615d65b,
202608171102595609,202608171031398617,202608171031398593,106,7714,Clinical Domain Bronze - SaveAppointmentAttend - V10,br_AppointmentAttend,TASK_COMPLETE,SUCCESS,INFO,88,88,0,,2026-08-17T10:38:10.305Z,2026-08-17T11:03:03.679Z,1493,2026-08-17T11:03:03.679Z,V10,Boulder,16b28601-46b7-41d7-bb6b-81142615d65b,
202608170505380894,202608170422215772,202608170422215750,106,7621,Clinical Domain Bronze - SaveAppointmentAttend - B12B,br_AppointmentAttend,TASK_COMPLETE,SUCCESS,INFO,1,1,0,,2026-08-17T04:29:17.023Z,2026-08-17T05:06:50.333Z,2253,2026-08-17T05:06:50.333Z,B12B,ColoradoSprings,0b53dc13-182d-4036-9b17-0891eca5f916,
202608170505380895,202608170422215773,202608170422215750,106,7665,Clinical Domain Bronze - SaveAppointmentAttend - BOI,br_AppointmentAttend,TASK_COMPLETE,SUCCESS,INFO,2,2,0,,2026-08-17T04:29:17.023Z,2026-08-17T05:06:50.333Z,2253,2026-08-17T05:06:50.333Z,BOI,Boise,0b53dc13-182d-4036-9b17-0891eca5f916,
202608170505380896,202608170422215774,202608170422215750,106,7714,Clinical Domain Bronze - SaveAppointmentAttend - V10,br_AppointmentAttend,TASK_COMPLETE,SUCCESS,INFO,88,88,0,,2026-08-17T04:29:17.023Z,2026-08-17T05:06:50.333Z,2253,2026-08-17T05:06:50.333Z,V10,Boulder,0b53dc13-182d-4036-9b17-0891eca5f916,
202608171240088315,202608171211598317,202608171211598283,106,7983,Clinical Domain Bronze - SaveVACA - B41,br_VAComprehensiveAssessment,TASK_COMPLETE,SUCCESS,INFO,351,351,0,,2026-08-17T12:12:57.246Z,2026-08-17T12:40:14.210Z,1637,2026-08-17T12:40:14.210Z,B41,Chesapeake,71c4b27b-8df0-48dd-a1ee-a6ea3a63b852,
202608171240088316,202608171211598318,202608171211598283,106,7984,Clinical Domain Bronze - SaveVACA - B42,br_VAComprehensiveAssessment,TASK_COMPLETE,SUCCESS,INFO,542,542,0,,2026-08-17T12:12:57.246Z,2026-08-17T12:40:14.210Z,1637,2026-08-17T12:40:14.210Z,B42,VirginiaBeach,71c4b27b-8df0-48dd-a1ee-a6ea3a63b852,
202608171240088317,202608171211598319,202608171211598283,106,7985,Clinical Domain Bronze - SaveVACA - B42A,br_VAComprehensiveAssessment,TASK_COMPLETE,SUCCESS,INFO,209,209,0,,2026-08-17T12:12:57.246Z,2026-08-17T12:40:14.210Z,1637,2026-08-17T12:40:14.210Z,B42A,NewportNews,71c4b27b-8df0-48dd-a1ee-a6ea3a63b852,
202608171240088299,202608171211598305,202608171211598283,106,7621,Clinical Domain Bronze - SaveAppointmentAttend - B12B,br_AppointmentAttend,TASK_COMPLETE,SUCCESS,INFO,1,1,0,,2026-08-17T12:12:57.246Z,2026-08-17T12:40:14.210Z,1637,2026-08-17T12:40:14.210Z,B12B,ColoradoSprings,71c4b27b-8df0-48dd-a1ee-a6ea3a63b852,
202608171240088301,202608171211598306,202608171211598283,106,7665,Clinical Domain Bronze - SaveAppointmentAttend - BOI,br_AppointmentAttend,TASK_COMPLETE,SUCCESS,INFO,2,2,0,,2026-08-17T12:12:57.246Z,2026-08-17T12:40:14.210Z,1637,2026-08-17T12:40:14.210Z,BOI,Boise,71c4b27b-8df0-48dd-a1ee-a6ea3a63b852,
202608171240088302,202608171211598307,202608171211598283,106,7714,Clinical Domain Bronze - SaveAppointmentAttend - V10,br_AppointmentAttend,TASK_COMPLETE,SUCCESS,INFO,88,88,0,,2026-08-17T12:12:57.246Z,2026-08-17T12:40:14.210Z,1637,2026-08-17T12:40:14.210Z,V10,Boulder,71c4b27b-8df0-48dd-a1ee-a6ea3a63b852,
202608151132574386,202608151055424880,202608151055424858,106,7621,Clinical Domain Bronze - SaveAppointmentAttend - B12B,br_AppointmentAttend,TASK_COMPLETE,SUCCESS,INFO,1,1,0,,2026-08-15T10:59:41.813Z,2026-08-15T11:42:22.397Z,2561,2026-08-15T11:42:22.397Z,B12B,ColoradoSprings,09bdfa13-0c4c-4ca3-9dd3-abd349cbbab4,
202608151132574387,202608151055424881,202608151055424858,106,7665,Clinical Domain Bronze - SaveAppointmentAttend - BOI,br_AppointmentAttend,TASK_COMPLETE,SUCCESS,INFO,2,2,0,,2026-08-15T10:59:41.813Z,2026-08-15T11:42:22.397Z,2561,2026-08-15T11:42:22.397Z,BOI,Boise,09bdfa13-0c4c-4ca3-9dd3-abd349cbbab4,
202608151132574388,202608151055424882,202608151055424858,106,7714,Clinical Domain Bronze - SaveAppointmentAttend - V10,br_AppointmentAttend,TASK_COMPLETE,SUCCESS,INFO,88,88,0,,2026-08-15T10:59:41.813Z,2026-08-15T11:42:22.397Z,2561,2026-08-15T11:42:22.397Z,V10,Boulder,09bdfa13-0c4c-4ca3-9dd3-abd349cbbab4,
202608180902083807,202608180834532790,202608180834532768,106,7621,Clinical Domain Bronze - SaveAppointmentAttend - B12B,br_AppointmentAttend,TASK_COMPLETE,SUCCESS,INFO,1,1,0,,2026-08-18T08:37:01.117Z,2026-08-18T09:02:12.282Z,1511,2026-08-18T09:02:12.282Z,B12B,ColoradoSprings,08f45940-4fba-4d40-8013-5941939f8b2e,
202608180902083808,202608180834532791,202608180834532768,106,7665,Clinical Domain Bronze - SaveAppointmentAttend - BOI,br_AppointmentAttend,TASK_COMPLETE,SUCCESS,INFO,2,2,0,,2026-08-18T08:37:01.117Z,2026-08-18T09:02:12.282Z,1511,2026-08-18T09:02:12.282Z,BOI,Boise,08f45940-4fba-4d40-8013-5941939f8b2e,
202608180902083810,202608180834532792,202608180834532768,106,7714,Clinical Domain Bronze - SaveAppointmentAttend - V10,br_AppointmentAttend,TASK_COMPLETE,SUCCESS,INFO,88,88,0,,2026-08-18T08:37:01.117Z,2026-08-18T09:02:12.282Z,1511,2026-08-18T09:02:12.282Z,V10,Boulder,08f45940-4fba-4d40-8013-5941939f8b2e,
202608151352479077,202608151310407825,202608151310407803,106,7621,Clinical Domain Bronze - SaveAppointmentAttend - B12B,br_AppointmentAttend,TASK_COMPLETE,SUCCESS,INFO,1,1,0,,2026-08-15T13:11:43.813Z,2026-08-15T13:52:51.092Z,2468,2026-08-15T13:52:51.092Z,B12B,ColoradoSprings,56214535-005b-4285-976b-e0172bc11b0b,
202608151352479078,202608151310407826,202608151310407803,106,7665,Clinical Domain Bronze - SaveAppointmentAttend - BOI,br_AppointmentAttend,TASK_COMPLETE,SUCCESS,INFO,2,2,0,,2026-08-15T13:11:43.813Z,2026-08-15T13:52:51.092Z,2468,2026-08-15T13:52:51.092Z,BOI,Boise,56214535-005b-4285-976b-e0172bc11b0b,
202608151352479079,202608151310407827,202608151310407803,106,7714,Clinical Domain Bronze - SaveAppointmentAttend - V10,br_AppointmentAttend,TASK_COMPLETE,SUCCESS,INFO,88,88,0,,2026-08-15T13:11:43.813Z,2026-08-15T13:52:51.092Z,2468,2026-08-15T13:52:51.092Z,V10,Boulder,56214535-005b-4285-976b-e0172bc11b0b,
202608180902083821,202608180834532802,202608180834532768,106,7983,Clinical Domain Bronze - SaveVACA - B41,br_VAComprehensiveAssessment,TASK_COMPLETE,SUCCESS,INFO,351,351,0,,2026-08-18T08:37:01.117Z,2026-08-18T09:02:12.282Z,1511,2026-08-18T09:02:12.282Z,B41,Chesapeake,08f45940-4fba-4d40-8013-5941939f8b2e,
202608180902083822,202608180834532803,202608180834532768,106,7984,Clinical Domain Bronze - SaveVACA - B42,br_VAComprehensiveAssessment,TASK_COMPLETE,SUCCESS,INFO,544,544,0,,2026-08-18T08:37:01.117Z,2026-08-18T09:02:12.282Z,1511,2026-08-18T09:02:12.282Z,B42,VirginiaBeach,08f45940-4fba-4d40-8013-5941939f8b2e,
202608180902083823,202608180834532804,202608180834532768,106,7985,Clinical Domain Bronze - SaveVACA - B42A,br_VAComprehensiveAssessment,TASK_COMPLETE,SUCCESS,INFO,209,209,0,,2026-08-18T08:37:01.117Z,2026-08-18T09:02:12.282Z,1511,2026-08-18T09:02:12.282Z,B42A,NewportNews,08f45940-4fba-4d40-8013-5941939f8b2e,
202608141154446170,202608141147662613,202608141147662582,118,11091,Bronze P1/P2 Assessments,br_newperiodicreassessmentd2,TASK_COMPLETE,SUCCESS,INFO,0,0,0,,2026-08-14T11:48:09.966Z,2026-08-14T11:54:47.762Z,398,2026-08-14T11:54:47.762Z,B24,Paintsville,21f5cd31-796d-43ad-806e-67ead954f01a,
202608141154446171,202608141147662614,202608141147662582,118,11093,Bronze P1/P2 Assessments,br_newperiodicreassessmentd2,TASK_COMPLETE,SUCCESS,INFO,0,0,0,,2026-08-14T11:48:09.966Z,2026-08-14T11:54:47.762Z,398,2026-08-14T11:54:47.762Z,B26,Hazard,21f5cd31-796d-43ad-806e-67ead954f01a,
202608141154446173,202608141147662615,202608141147662582,118,11095,Bronze P1/P2 Assessments,br_newperiodicreassessmentd2,TASK_COMPLETE,SUCCESS,INFO,0,0,0,,2026-08-14T11:48:09.966Z,2026-08-14T11:54:47.762Z,398,2026-08-14T11:54:47.762Z,B28,West Plains,21f5cd31-796d-43ad-806e-67ead954f01a,
202608141154446174,202608141147662616,202608141147662582,118,11100,Bronze P1/P2 Assessments,br_newperiodicreassessmentd2,TASK_COMPLETE,SUCCESS,INFO,0,0,0,,2026-08-14T11:48:09.966Z,2026-08-14T11:54:47.762Z,398,2026-08-14T11:54:47.762Z,B33,Paducah,21f5cd31-796d-43ad-806e-67ead954f01a,
202608141154446175,202608141147662617,202608141147662582,118,11155,Bronze P1/P2 Assessments,br_newperiodicreassessmentd2,TASK_COMPLETE,SUCCESS,INFO,0,0,0,,2026-08-14T11:48:09.966Z,2026-08-14T11:54:47.762Z,398,2026-08-14T11:54:47.762Z,CBCO,Coeur dAlene,21f5cd31-796d-43ad-806e-67ead954f01a,
202608141154446176,202608141147662618,202608141147662582,118,11273,Bronze P1/P2 Assessments,br_newperiodicreassessmentd3,TASK_COMPLETE,SUCCESS,INFO,0,0,0,,2026-08-14T11:48:09.966Z,2026-08-14T11:54:47.762Z,398,2026-08-14T11:54:47.762Z,AHK,Ahoskie,21f5cd31-796d-43ad-806e-67ead954f01a,
202608141154446177,202608141147662619,202608141147662582,118,11274,Bronze P1/P2 Assessments,br_newperiodicreassessmentd3,TASK_COMPLETE,SUCCESS,INFO,0,0,0,,2026-08-14T11:48:09.966Z,2026-08-14T11:54:47.762Z,398,2026-08-14T11:54:47.762Z,B12B,Colorado Springs,21f5cd31-796d-43ad-806e-67ead954f01a,
202608141154446178,202608141147662620,202608141147662582,118,11275,Bronze P1/P2 Assessments,br_newperiodicreassessmentd3,TASK_COMPLETE,SUCCESS,INFO,0,0,0,,2026-08-14T11:48:09.966Z,2026-08-14T11:54:47.762Z,398,2026-08-14T11:54:47.762Z,B24,Paintsville,21f5cd31-796d-43ad-806e-67ead954f01a,
202608141154446179,202608141147662621,202608141147662582,118,11277,Bronze P1/P2 Assessments,br_newperiodicreassessmentd3,TASK_COMPLETE,SUCCESS,INFO,0,0,0,,2026-08-14T11:48:09.966Z,2026-08-14T11:54:47.762Z,398,2026-08-14T11:54:47.762Z,B26,Hazard,21f5cd31-796d-43ad-806e-67ead954f01a,
202608141154446180,202608141147662622,202608141147662582,118,11279,Bronze P1/P2 Assessments,br_newperiodicreassessmentd3,TASK_COMPLETE,SUCCESS,INFO,0,0,0,,2026-08-14T11:48:09.966Z,2026-08-14T11:54:47.762Z,398,2026-08-14T11:54:47.762Z,B28,West Plains,21f5cd31-796d-43ad-806e-67ead954f01a,
202608110409368559,202608110331629396,202608110331629359,106,7962,Clinical Domain Bronze - SaveMNCALOC - VMIN,brz_MNComprehensiveAssessmentLevelOfCare,TASK_COMPLETE,SUCCESS,INFO,198,198,0,,2026-08-11T03:32:39.288Z,2026-08-11T04:09:40.942Z,2221,2026-08-11T04:09:40.942Z,VMIN,Minneapolis,6e36e3b5-c33e-4cc8-b6e2-dc5c3524428c,
202608110409368560,202608110331629397,202608110331629359,106,7963,Clinical Domain Bronze - SaveMNCALOC - VWBY,brz_MNComprehensiveAssessmentLevelOfCare,TASK_COMPLETE,SUCCESS,INFO,381,381,0,,2026-08-11T03:32:39.288Z,2026-08-11T04:09:40.942Z,2221,2026-08-11T04:09:40.942Z,VWBY,Woodbury,6e36e3b5-c33e-4cc8-b6e2-dc5c3524428c,
202608110409368561,202608110331629398,202608110331629359,106,7966,Clinical Domain Bronze - SaveVACA - B12B,brz_VAComprehensiveAssessment,TASK_COMPLETE,SUCCESS,INFO,0,0,0,,2026-08-11T03:32:39.288Z,2026-08-11T04:09:40.942Z,2221,2026-08-11T04:09:40.942Z,B12B,ColoradoSprings,6e36e3b5-c33e-4cc8-b6e2-dc5c3524428c,
202608110409368563,202608110331629399,202608110331629359,106,7983,Clinical Domain Bronze - SaveVACA - B41,brz_VAComprehensiveAssessment,TASK_COMPLETE,SUCCESS,INFO,3,3,0,,2026-08-11T03:32:39.288Z,2026-08-11T04:09:40.942Z,2221,2026-08-11T04:09:40.942Z,B41,Chesapeake,6e36e3b5-c33e-4cc8-b6e2-dc5c3524428c,
202608171240088332,202608171211598332,202608171211598283,106,8125,Clinical Domain Bronze - SaveVACASummary - BOI,br_VAComprehensiveAssessmentSummary,TASK_COMPLETE,SUCCESS,INFO,1666,1666,0,,2026-08-17T12:12:57.246Z,2026-08-17T12:40:14.210Z,1637,2026-08-17T12:40:14.210Z,BOI,Boise,71c4b27b-8df0-48dd-a1ee-a6ea3a63b852,
202608171240088333,202608171211598333,202608171211598283,106,8174,Clinical Domain Bronze - SaveVACASummary - V10,br_VAComprehensiveAssessmentSummary,TASK_COMPLETE,SUCCESS,INFO,1666,1666,0,,2026-08-17T12:12:57.246Z,2026-08-17T12:40:14.210Z,1637,2026-08-17T12:40:14.210Z,V10,Boulder,71c4b27b-8df0-48dd-a1ee-a6ea3a63b852,
202608171240088334,202608171211598334,202608171211598283,106,8305,Clinical Domain Bronze - SaveMNTreatmentServiceReview - VBRA,br_MNTreatmentServiceReview,TASK_COMPLETE,SUCCESS,INFO,148,148,0,,2026-08-17T12:12:57.246Z,2026-08-17T12:40:14.210Z,1637,2026-08-17T12:40:14.210Z,VBRA,Brainerd,71c4b27b-8df0-48dd-a1ee-a6ea3a63b852,
202608221156423844,202608221137270314,202608221137270305,43,8642,SAMMSGLOBAL Bronze,br_GlobalDevices,TASK_COMPLETE,SUCCESS,INFO,4032,4032,0,,2026-08-22T11:37:32.306Z,2026-08-22T12:00:00.866Z,1348,2026-08-22T12:00:00.866Z,Global,Global,17fb4855-5e12-4261-b216-b3f67dc16eb3,SAMMSGLOBAL
202608210932540767,202608210910101217,202608210910101208,43,8642,SAMMSGLOBAL Bronze,br_GlobalDevices,TASK_COMPLETE,SUCCESS,INFO,4032,4032,0,,2026-08-21T09:10:14.296Z,2026-08-21T09:32:57.148Z,1363,2026-08-21T09:32:57.148Z,Global,Global,859bd6e7-8433-41b7-8f16-164cdd55063d,SAMMSGLOBAL
202608180902083837,202608180834532817,202608180834532768,106,8125,Clinical Domain Bronze - SaveVACASummary - BOI,br_VAComprehensiveAssessmentSummary,TASK_COMPLETE,SUCCESS,INFO,1671,1671,0,,2026-08-18T08:37:01.117Z,2026-08-18T09:02:12.282Z,1511,2026-08-18T09:02:12.282Z,BOI,Boise,08f45940-4fba-4d40-8013-5941939f8b2e,
202608180902083838,202608180834532818,202608180834532768,106,8174,Clinical Domain Bronze - SaveVACASummary - V10,br_VAComprehensiveAssessmentSummary,TASK_COMPLETE,SUCCESS,INFO,1671,1671,0,,2026-08-18T08:37:01.117Z,2026-08-18T09:02:12.282Z,1511,2026-08-18T09:02:12.282Z,V10,Boulder,08f45940-4fba-4d40-8013-5941939f8b2e,
202608180902083839,202608180834532819,202608180834532768,106,8305,Clinical Domain Bronze - SaveMNTreatmentServiceReview - VBRA,br_MNTreatmentServiceReview,TASK_COMPLETE,SUCCESS,INFO,181,181,0,,2026-08-18T08:37:01.117Z,2026-08-18T09:02:12.282Z,1511,2026-08-18T09:02:12.282Z,VBRA,Brainerd,08f45940-4fba-4d40-8013-5941939f8b2e,
202608180902083834,202608180834532814,202608180834532768,106,8101,Clinical Domain Bronze - SaveVACASummary - B42B,br_VAComprehensiveAssessmentSummary,TASK_COMPLETE,SUCCESS,INFO,45,45,0,,2026-08-18T08:37:01.117Z,2026-08-18T09:02:12.282Z,1511,2026-08-18T09:02:12.282Z,B42B,Franklin,08f45940-4fba-4d40-8013-5941939f8b2e,
202608180902083835,202608180834532815,202608180834532768,106,8102,Clinical Domain Bronze - SaveVACASummary - B42C,br_VAComprehensiveAssessmentSummary,TASK_COMPLETE,SUCCESS,INFO,370,370,0,,2026-08-18T08:37:01.117Z,2026-08-18T09:02:12.282Z,1511,2026-08-18T09:02:12.282Z,B42C,GlenAllen,08f45940-4fba-4d40-8013-5941939f8b2e,
202608180902083836,202608180834532816,202608180834532768,106,8103,Clinical Domain Bronze - SaveVACASummary - B42D,br_VAComprehensiveAssessmentSummary,TASK_COMPLETE,SUCCESS,INFO,195,195,0,,2026-08-18T08:37:01.117Z,2026-08-18T09:02:12.282Z,1511,2026-08-18T09:02:12.282Z,B42D,ChesapeakeSouth,08f45940-4fba-4d40-8013-5941939f8b2e,
202608171240088329,202608171211598329,202608171211598283,106,8101,Clinical Domain Bronze - SaveVACASummary - B42B,br_VAComprehensiveAssessmentSummary,TASK_COMPLETE,SUCCESS,INFO,45,45,0,,2026-08-17T12:12:57.246Z,2026-08-17T12:40:14.210Z,1637,2026-08-17T12:40:14.210Z,B42B,Franklin,71c4b27b-8df0-48dd-a1ee-a6ea3a63b852,
202608171240088330,202608171211598330,202608171211598283,106,8102,Clinical Domain Bronze - SaveVACASummary - B42C,br_VAComprehensiveAssessmentSummary,TASK_COMPLETE,SUCCESS,INFO,368,368,0,,2026-08-17T12:12:57.246Z,2026-08-17T12:40:14.210Z,1637,2026-08-17T12:40:14.210Z,B42C,GlenAllen,71c4b27b-8df0-48dd-a1ee-a6ea3a63b852,
202608171240088331,202608171211598331,202608171211598283,106,8103,Clinical Domain Bronze - SaveVACASummary - B42D,br_VAComprehensiveAssessmentSummary,TASK_COMPLETE,SUCCESS,INFO,194,194,0,,2026-08-17T12:12:57.246Z,2026-08-17T12:40:14.210Z,1637,2026-08-17T12:40:14.210Z,B42D,ChesapeakeSouth,71c4b27b-8df0-48dd-a1ee-a6ea3a63b852,
202608210239317742,202608210227162457,202608210227162448,43,8642,SAMMSGLOBAL Bronze,br_GlobalDevices,TASK_COMPLETE,SUCCESS,INFO,4032,4032,0,,2026-08-21T02:27:19.171Z,2026-08-21T02:39:34.839Z,735,2026-08-21T02:39:34.839Z,Global,Global,37d39418-848b-43a3-aff1-182cc8bb7455,SAMMSGLOBAL
202608120345496459,202608120259257426,202608120259257369,106,8103,Clinical Domain Bronze - SaveVACASummary - B42D,brz_VAComprehensiveAssessmentSummary,TASK_COMPLETE,SUCCESS,INFO,191,191,0,,2026-08-12T03:00:44.797Z,2026-08-12T03:45:52.499Z,2708,2026-08-12T03:45:52.499Z,B42D,ChesapeakeSouth,72952692-3a45-4fdd-be32-4592206c2867,
202608120345496460,202608120259257427,202608120259257369,106,8125,Clinical Domain Bronze - SaveVACASummary - BOI,brz_VAComprehensiveAssessmentSummary,TASK_COMPLETE,SUCCESS,INFO,1740,1740,0,,2026-08-12T03:00:44.797Z,2026-08-12T03:45:52.499Z,2708,2026-08-12T03:45:52.499Z,BOI,Boise,72952692-3a45-4fdd-be32-4592206c2867,
202608120345496461,202608120259257428,202608120259257369,106,8165,Clinical Domain Bronze - SaveVACASummary - STN,brz_VAComprehensiveAssessmentSummary,TASK_COMPLETE,SUCCESS,INFO,82,82,0,,2026-08-12T03:00:44.797Z,2026-08-12T03:45:52.499Z,2708,2026-08-12T03:45:52.499Z,STN,Staunton,72952692-3a45-4fdd-be32-4592206c2867,
202608120345496462,202608120259257429,202608120259257369,106,8174,Clinical Domain Bronze - SaveVACASummary - V10,brz_VAComprehensiveAssessmentSummary,TASK_COMPLETE,SUCCESS,INFO,1740,1740,0,,2026-08-12T03:00:44.797Z,2026-08-12T03:45:52.499Z,2708,2026-08-12T03:45:52.499Z,V10,Boulder,72952692-3a45-4fdd-be32-4592206c2867,
202608210936574642,202608210910201217,202608210910201208,44,181,SAMMSGLOBAL Silver,sl_GlobalDevices,TASK_COMPLETE,SUCCESS,INFO,4032,4032,0,,2026-08-21T09:10:14.296Z,2026-08-21T09:37:01.680Z,1607,2026-08-21T09:37:01.680Z,Global,Global,859bd6e7-8433-41b7-8f16-164cdd55063d,SAMMSGLOBAL
202608170510562238,202608170422315753,202608170422315750,107,8557,Clinical Domain Silver - SaveBamScore,sl_bamscore,TASK_COMPLETE,SUCCESS,INFO,20007,20007,0,,2026-08-17T04:29:17.023Z,2026-08-17T05:11:26.731Z,2529,2026-08-17T05:11:26.731Z,Global,SAMMSGLOBAL,0b53dc13-182d-4036-9b17-0891eca5f916,
202608171245095660,202608171211698286,202608171211698283,107,8557,Clinical Domain Silver - SaveBamScore,sl_bamscore,TASK_COMPLETE,SUCCESS,INFO,20031,20031,0,,2026-08-17T12:12:57.246Z,2026-08-17T12:45:12.159Z,1935,2026-08-17T12:45:12.159Z,Global,SAMMSGLOBAL,71c4b27b-8df0-48dd-a1ee-a6ea3a63b852,
202608151146098631,202608151055524861,202608151055524858,107,8557,Clinical Domain Silver - SaveBamScore,sl_bamscore,TASK_COMPLETE,SUCCESS,INFO,20007,20007,0,,2026-08-15T10:59:41.813Z,2026-08-15T11:46:12.215Z,2791,2026-08-15T11:46:12.215Z,Global,SAMMSGLOBAL,09bdfa13-0c4c-4ca3-9dd3-abd349cbbab4,
202608171108071328,202608171031498596,202608171031498593,107,8557,Clinical Domain Silver - SaveBamScore,sl_bamscore,TASK_COMPLETE,SUCCESS,INFO,20031,20031,0,,2026-08-17T10:38:10.305Z,2026-08-17T11:08:10.976Z,1800,2026-08-17T11:08:10.976Z,Global,SAMMSGLOBAL,16b28601-46b7-41d7-bb6b-81142615d65b,
202608170455324562,202608170455324562,20260817042608,5,32,Silver 8x8 CallVolume,sl_8x8_CallVolume,TASK_FAILED,FAILED,ERROR,0,0,0,function object has no attribute alias,2026-08-17T04:55:36.885Z,2026-08-17T04:55:52.845Z,14,2026-08-17T04:55:52.845Z,,,52164ce0-edd4-4190-aa47-6fab94475a01,
202608141514042258,202608141439260341,202608141439260325,123,13175,Assessments Bronze - SavePADimension4 - AHK,br_PADimension4,TASK_COMPLETE,SUCCESS,INFO,0,0,0,,2026-08-14T14:40:07.233Z,2026-08-14T15:14:33.646Z,2066,2026-08-14T15:14:33.646Z,AHK,Ahoskie,58f20748-15b7-4a11-966c-9510b56c5310,
202608201801121353,202608201801121352,202608201756217905,84,225,Gold Salesforce Contacts,Contacts,TASK_COMPLETE,SUCCESS,INFO,110,110,0,,2026-08-20T18:01:15.777Z,2026-08-20T18:01:26.220Z,9,2026-08-20T18:01:26.220Z,,,635224f3-f193-4ab0-a06c-8d0fbf5d6c6d,
202608270403154643,202608270403154644,20260827040315,131,13688,Readmission Table Silver,bhg_silver.pats.sl_vwReadmissions,TASK_FAILED,FAILED,ERROR,0,0,1,Pipeline Execution Failed,2026-08-27T04:03:15.464Z,2026-08-27T04:03:15.464Z,0,2026-08-27T04:03:15.464Z,,,"",
202608270948150447,202608270948150448,20260827094815,131,13688,Readmission Table Silver,bhg_silver.pats.sl_vwReadmissions,TASK_FAILED,FAILED,ERROR,0,0,1,Pipeline Execution Failed,2026-08-27T09:48:15.044Z,2026-08-27T09:48:15.044Z,0,2026-08-27T09:48:15.044Z,,,"",
202608270657198849,202608270657198850,20260827065719,131,13688,Readmission Table Silver,bhg_silver.pats.sl_vwReadmissions,TASK_FAILED,FAILED,ERROR,0,0,1,Pipeline Execution Failed,2026-08-27T06:57:19.884Z,2026-08-27T06:57:19.884Z,0,2026-08-27T06:57:19.884Z,,,"",
202608170650554212,202608170608269061,202608170608269015,106,8426,Clinical Domain Bronze - SaveTreatmentLevel - B12B,br_TreatmentLevel,TASK_COMPLETE,SUCCESS,INFO,519,519,0,,2026-08-17T06:09:37.896Z,2026-08-17T06:50:58.970Z,2481,2026-08-17T06:50:58.970Z,B12B,ColoradoSprings,83c0f655-df7d-4ce0-a8e7-3e8120951bbc,
202608271050395463,202608271050395464,20260827105039,131,13688,Readmission Table Silver,bhg_silver.pats.sl_vwReadmissions,TASK_FAILED,FAILED,ERROR,0,0,1,Pipeline Execution Failed,2026-08-27T10:50:39.546Z,2026-08-27T10:50:39.546Z,0,2026-08-27T10:50:39.546Z,,,"",
202608270912311364,202608270912311365,20260827091231,131,13688,Readmission Table Silver,bhg_silver.pats.sl_vwReadmissions,TASK_FAILED,FAILED,ERROR,0,0,1,Pipeline Execution Failed,2026-08-27T09:12:31.136Z,2026-08-27T09:12:31.136Z,0,2026-08-27T09:12:31.136Z,,,"",
202608262105593114,202608262105593115,20260826210559,131,13688,Readmission Table Silver,bhg_silver.pats.sl_vwReadmissions,TASK_FAILED,FAILED,ERROR,0,0,1,Pipeline Execution Failed,2026-08-26T21:05:59.311Z,2026-08-26T21:05:59.311Z,0,2026-08-26T21:05:59.311Z,,,"",
202608170530452638,202608170530452638,20260817053034,80,227,Absolute Silver Inventory,sl_absolute_inventory,TASK_FAILED,FAILED,ERROR,0,0,0,name apply_silver_transformations is not defined,2026-08-17T05:30:51.818Z,2026-08-17T05:31:14.036Z,19,2026-08-17T05:31:14.036Z,,,7df5bc5f-d487-47dc-af47-8642d74e8059,
202608150831352180,202608150831352180,202608141121345444,84,230,Gold Salesforce Events,Events,TASK_DEPENDENCY_BLOCKED,DEPENDENCY_BLOCKED,WARN,0,0,0,"Dependency Failed : 223 (checked: 223,218)",2026-08-15T08:31:43.719Z,2026-08-15T08:31:43.719Z,0,2026-08-15T08:31:43.719Z,,,749d5262-86ff-40e0-8a86-2235f2d6051c,
202608262026397158,202608262026397159,20260826202639,131,13688,Readmission Table Silver,bhg_silver.pats.sl_vwReadmissions,TASK_FAILED,FAILED,ERROR,0,0,1,Pipeline Execution Failed,2026-08-26T20:26:39.715Z,2026-08-26T20:26:39.715Z,0,2026-08-26T20:26:39.715Z,,,"",
202608262039519620,202608262039519621,20260826203951,131,13688,Readmission Table Silver,bhg_silver.pats.sl_vwReadmissions,TASK_FAILED,FAILED,ERROR,0,0,1,Pipeline Execution Failed,2026-08-26T20:39:51.962Z,2026-08-26T20:39:51.962Z,0,2026-08-26T20:39:51.962Z,,,"",
202608170712294964,202608170712294964,20260817053034,80,227,Absolute Silver Inventory,sl_absolute_inventory,TASK_FAILED,FAILED,ERROR,0,0,0,name apply_silver_transformations is not defined,2026-08-17T07:12:35.734Z,2026-08-17T07:12:52.346Z,14,2026-08-17T07:12:52.346Z,,,8f01a5e1-72f3-458c-9206-4e02ea561505,
202608170828545819,202608170805168052,202608170805168041,97,6331,P1 Forms Consent To Marketing Bronze - B24,br_samms_consent_to_marketing,TASK_COMPLETE,SUCCESS,INFO,81,81,0,,2026-08-17T08:05:23.166Z,2026-08-17T08:28:58.238Z,1415,2026-08-17T08:28:58.238Z,B24,Paintsville,760fb7f7-522d-45ef-ae35-70bd18d17fef,
202608180902083791,202608180834532775,202608180834532768,106,7046,Clinical Domain Bronze - SaveBamScore - B12B,br_BAMScore,TASK_COMPLETE,SUCCESS,INFO,6594,6594,0,,2026-08-18T08:37:01.117Z,2026-08-18T09:02:12.282Z,1511,2026-08-18T09:02:12.282Z,B12B,ColoradoSprings,08f45940-4fba-4d40-8013-5941939f8b2e,
202608180902083792,202608180834532776,202608180834532768,106,7090,Clinical Domain Bronze - SaveBamScore - BOI,br_BAMScore,TASK_COMPLETE,SUCCESS,INFO,3651,3651,0,,2026-08-18T08:37:01.117Z,2026-08-18T09:02:12.282Z,1511,2026-08-18T09:02:12.282Z,BOI,Boise,08f45940-4fba-4d40-8013-5941939f8b2e,
202608180902083793,202608180834532777,202608180834532768,106,7139,Clinical Domain Bronze - SaveBamScore - V10,br_BAMScore,TASK_COMPLETE,SUCCESS,INFO,9801,9801,0,,2026-08-18T08:37:01.117Z,2026-08-18T09:02:12.282Z,1511,2026-08-18T09:02:12.282Z,V10,Boulder,08f45940-4fba-4d40-8013-5941939f8b2e,
202608170505380877,202608170422215757,202608170422215750,106,7046,Clinical Domain Bronze - SaveBamScore - B12B,br_BAMScore,TASK_COMPLETE,SUCCESS,INFO,6519,6519,0,,2026-08-17T04:29:17.023Z,2026-08-17T05:06:50.333Z,2253,2026-08-17T05:06:50.333Z,B12B,ColoradoSprings,0b53dc13-182d-4036-9b17-0891eca5f916,
202608170505380878,202608170422215758,202608170422215750,106,7090,Clinical Domain Bronze - SaveBamScore - BOI,br_BAMScore,TASK_COMPLETE,SUCCESS,INFO,3597,3597,0,,2026-08-17T04:29:17.023Z,2026-08-17T05:06:50.333Z,2253,2026-08-17T05:06:50.333Z,BOI,Boise,0b53dc13-182d-4036-9b17-0891eca5f916,
202608170505380879,202608170422215759,202608170422215750,106,7139,Clinical Domain Bronze - SaveBamScore - V10,br_BAMScore,TASK_COMPLETE,SUCCESS,INFO,9756,9756,0,,2026-08-17T04:29:17.023Z,2026-08-17T05:06:50.333Z,2253,2026-08-17T05:06:50.333Z,V10,Boulder,0b53dc13-182d-4036-9b17-0891eca5f916,
202608171102595590,202608171031398600,202608171031398593,106,7046,Clinical Domain Bronze - SaveBamScore - B12B,br_BAMScore,TASK_COMPLETE,SUCCESS,INFO,6594,6594,0,,2026-08-17T10:38:10.305Z,2026-08-17T11:03:03.679Z,1493,2026-08-17T11:03:03.679Z,B12B,ColoradoSprings,16b28601-46b7-41d7-bb6b-81142615d65b,
202608171102595591,202608171031398601,202608171031398593,106,7090,Clinical Domain Bronze - SaveBamScore - BOI,br_BAMScore,TASK_COMPLETE,SUCCESS,INFO,3642,3642,0,,2026-08-17T10:38:10.305Z,2026-08-17T11:03:03.679Z,1493,2026-08-17T11:03:03.679Z,BOI,Boise,16b28601-46b7-41d7-bb6b-81142615d65b,
202608171102595592,202608171031398602,202608171031398593,106,7139,Clinical Domain Bronze - SaveBamScore - V10,br_BAMScore,TASK_COMPLETE,SUCCESS,INFO,9795,9795,0,,2026-08-17T10:38:10.305Z,2026-08-17T11:03:03.679Z,1493,2026-08-17T11:03:03.679Z,V10,Boulder,16b28601-46b7-41d7-bb6b-81142615d65b,
202608151352479060,202608151310407810,202608151310407803,106,7046,Clinical Domain Bronze - SaveBamScore - B12B,br_BAMScore,TASK_COMPLETE,SUCCESS,INFO,6519,6519,0,,2026-08-15T13:11:43.813Z,2026-08-15T13:52:51.092Z,2468,2026-08-15T13:52:51.092Z,B12B,ColoradoSprings,56214535-005b-4285-976b-e0172bc11b0b,
202608151352479062,202608151310407811,202608151310407803,106,7090,Clinical Domain Bronze - SaveBamScore - BOI,br_BAMScore,TASK_COMPLETE,SUCCESS,INFO,3597,3597,0,,2026-08-15T13:11:43.813Z,2026-08-15T13:52:51.092Z,2468,2026-08-15T13:52:51.092Z,BOI,Boise,56214535-005b-4285-976b-e0172bc11b0b,
202608151352479063,202608151310407812,202608151310407803,106,7139,Clinical Domain Bronze - SaveBamScore - V10,br_BAMScore,TASK_COMPLETE,SUCCESS,INFO,9756,9756,0,,2026-08-15T13:11:43.813Z,2026-08-15T13:52:51.092Z,2468,2026-08-15T13:52:51.092Z,V10,Boulder,56214535-005b-4285-976b-e0172bc11b0b,
202608151132574368,202608151055424865,202608151055424858,106,7046,Clinical Domain Bronze - SaveBamScore - B12B,br_BAMScore,TASK_COMPLETE,SUCCESS,INFO,6519,6519,0,,2026-08-15T10:59:41.813Z,2026-08-15T11:42:22.397Z,2561,2026-08-15T11:42:22.397Z,B12B,ColoradoSprings,09bdfa13-0c4c-4ca3-9dd3-abd349cbbab4,
202608151132574369,202608151055424866,202608151055424858,106,7090,Clinical Domain Bronze - SaveBamScore - BOI,br_BAMScore,TASK_COMPLETE,SUCCESS,INFO,3597,3597,0,,2026-08-15T10:59:41.813Z,2026-08-15T11:42:22.397Z,2561,2026-08-15T11:42:22.397Z,BOI,Boise,09bdfa13-0c4c-4ca3-9dd3-abd349cbbab4,
202608151132574370,202608151055424867,202608151055424858,106,7139,Clinical Domain Bronze - SaveBamScore - V10,br_BAMScore,TASK_COMPLETE,SUCCESS,INFO,9756,9756,0,,2026-08-15T10:59:41.813Z,2026-08-15T11:42:22.397Z,2561,2026-08-15T11:42:22.397Z,V10,Boulder,09bdfa13-0c4c-4ca3-9dd3-abd349cbbab4,
202608171240088282,202608171211598290,202608171211598283,106,7046,Clinical Domain Bronze - SaveBamScore - B12B,br_BAMScore,TASK_COMPLETE,SUCCESS,INFO,6594,6594,0,,2026-08-17T12:12:57.246Z,2026-08-17T12:40:14.210Z,1637,2026-08-17T12:40:14.210Z,B12B,ColoradoSprings,71c4b27b-8df0-48dd-a1ee-a6ea3a63b852,
202608171240088283,202608171211598291,202608171211598283,106,7090,Clinical Domain Bronze - SaveBamScore - BOI,br_BAMScore,TASK_COMPLETE,SUCCESS,INFO,3642,3642,0,,2026-08-17T12:12:57.246Z,2026-08-17T12:40:14.210Z,1637,2026-08-17T12:40:14.210Z,BOI,Boise,71c4b27b-8df0-48dd-a1ee-a6ea3a63b852,
202608171240088285,202608171211598292,202608171211598283,106,7139,Clinical Domain Bronze - SaveBamScore - V10,br_BAMScore,TASK_COMPLETE,SUCCESS,INFO,9795,9795,0,,2026-08-17T12:12:57.246Z,2026-08-17T12:40:14.210Z,1637,2026-08-17T12:40:14.210Z,V10,Boulder,71c4b27b-8df0-48dd-a1ee-a6ea3a63b852,
202608182006250285,202608181956174487,202608181956174485,114,8617,CDC Bronze INV,br_LiquidLog_CDC,TASK_COMPLETE,FAILED,ERROR,2,2,1,CDC pipeline failed. Check the failed parent/child activity run details.,2026-08-18T19:56:36.253Z,2026-08-18T20:09:23.930Z,767,2026-08-18T20:09:23.930Z,B12B,Colorado Springs,8dab4cff-7612-4075-a975-28ce5920b57c,
202608180902083827,202608180834532808,202608180834532768,106,8010,Clinical Domain Bronze - SaveVACA - BOI,br_VAComprehensiveAssessment,TASK_COMPLETE,SUCCESS,INFO,1721,1721,0,,2026-08-18T08:37:01.117Z,2026-08-18T09:02:12.282Z,1511,2026-08-18T09:02:12.282Z,BOI,Boise,08f45940-4fba-4d40-8013-5941939f8b2e,
202608180902083828,202608180834532809,202608180834532768,106,8059,Clinical Domain Bronze - SaveVACA - V10,br_VAComprehensiveAssessment,TASK_COMPLETE,SUCCESS,INFO,1721,1721,0,,2026-08-18T08:37:01.117Z,2026-08-18T09:02:12.282Z,1511,2026-08-18T09:02:12.282Z,V10,Boulder,08f45940-4fba-4d40-8013-5941939f8b2e,
202608180902083829,202608180834532810,202608180834532768,106,8081,Clinical Domain Bronze - SaveVACASummary - B12B,br_VAComprehensiveAssessmentSummary,TASK_COMPLETE,SUCCESS,INFO,1671,1671,0,,2026-08-18T08:37:01.117Z,2026-08-18T09:02:12.282Z,1511,2026-08-18T09:02:12.282Z,B12B,ColoradoSprings,08f45940-4fba-4d40-8013-5941939f8b2e,
202608180902083830,202608180834532811,202608180834532768,106,8098,Clinical Domain Bronze - SaveVACASummary - B41,br_VAComprehensiveAssessmentSummary,TASK_COMPLETE,SUCCESS,INFO,336,336,0,,2026-08-18T08:37:01.117Z,2026-08-18T09:02:12.282Z,1511,2026-08-18T09:02:12.282Z,B41,Chesapeake,08f45940-4fba-4d40-8013-5941939f8b2e,
202608180902083831,202608180834532812,202608180834532768,106,8099,Clinical Domain Bronze - SaveVACASummary - B42,br_VAComprehensiveAssessmentSummary,TASK_COMPLETE,SUCCESS,INFO,524,524,0,,2026-08-18T08:37:01.117Z,2026-08-18T09:02:12.282Z,1511,2026-08-18T09:02:12.282Z,B42,VirginiaBeach,08f45940-4fba-4d40-8013-5941939f8b2e,
202608180902083833,202608180834532813,202608180834532768,106,8100,Clinical Domain Bronze - SaveVACASummary - B42A,br_VAComprehensiveAssessmentSummary,TASK_COMPLETE,SUCCESS,INFO,201,201,0,,2026-08-18T08:37:01.117Z,2026-08-18T09:02:12.282Z,1511,2026-08-18T09:02:12.282Z,B42A,NewportNews,08f45940-4fba-4d40-8013-5941939f8b2e,
202608171240088322,202608171211598323,202608171211598283,106,8010,Clinical Domain Bronze - SaveVACA - BOI,br_VAComprehensiveAssessment,TASK_COMPLETE,SUCCESS,INFO,1716,1716,0,,2026-08-17T12:12:57.246Z,2026-08-17T12:40:14.210Z,1637,2026-08-17T12:40:14.210Z,BOI,Boise,71c4b27b-8df0-48dd-a1ee-a6ea3a63b852,
202608171240088323,202608171211598324,202608171211598283,106,8059,Clinical Domain Bronze - SaveVACA - V10,br_VAComprehensiveAssessment,TASK_COMPLETE,SUCCESS,INFO,1716,1716,0,,2026-08-17T12:12:57.246Z,2026-08-17T12:40:14.210Z,1637,2026-08-17T12:40:14.210Z,V10,Boulder,71c4b27b-8df0-48dd-a1ee-a6ea3a63b852,
202608171240088324,202608171211598325,202608171211598283,106,8081,Clinical Domain Bronze - SaveVACASummary - B12B,br_VAComprehensiveAssessmentSummary,TASK_COMPLETE,SUCCESS,INFO,1666,1666,0,,2026-08-17T12:12:57.246Z,2026-08-17T12:40:14.210Z,1637,2026-08-17T12:40:14.210Z,B12B,ColoradoSprings,71c4b27b-8df0-48dd-a1ee-a6ea3a63b852,
202608171240088325,202608171211598326,202608171211598283,106,8098,Clinical Domain Bronze - SaveVACASummary - B41,br_VAComprehensiveAssessmentSummary,TASK_COMPLETE,SUCCESS,INFO,336,336,0,,2026-08-17T12:12:57.246Z,2026-08-17T12:40:14.210Z,1637,2026-08-17T12:40:14.210Z,B41,Chesapeake,71c4b27b-8df0-48dd-a1ee-a6ea3a63b852,
202608171240088326,202608171211598327,202608171211598283,106,8099,Clinical Domain Bronze - SaveVACASummary - B42,br_VAComprehensiveAssessmentSummary,TASK_COMPLETE,SUCCESS,INFO,522,522,0,,2026-08-17T12:12:57.246Z,2026-08-17T12:40:14.210Z,1637,2026-08-17T12:40:14.210Z,B42,VirginiaBeach,71c4b27b-8df0-48dd-a1ee-a6ea3a63b852,
202608171240088328,202608171211598328,202608171211598283,106,8100,Clinical Domain Bronze - SaveVACASummary - B42A,br_VAComprehensiveAssessmentSummary,TASK_COMPLETE,SUCCESS,INFO,201,201,0,,2026-08-17T12:12:57.246Z,2026-08-17T12:40:14.210Z,1637,2026-08-17T12:40:14.210Z,B42A,NewportNews,71c4b27b-8df0-48dd-a1ee-a6ea3a63b852,
202608221113177687,202608221042113141,202608221042112981,85,3168,Bronze INV,br_ReAssessment,TASK_COMPLETE,SUCCESS,INFO,0,0,0,,2026-08-22T10:42:14.039Z,2026-08-22T11:16:52.295Z,2078,2026-08-22T11:16:52.295Z,VWBY,Woodbury,28d7acf5-bc26-4be3-b390-775b9af3d980,SAMMS-WoodburyV6
202608221113177788,202608221042212990,202608221042212981,86,5728,Silver INV,sl_ReAssessment,TASK_COMPLETE,SUCCESS,INFO,0,0,0,,2026-08-22T10:42:14.039Z,2026-08-22T11:16:52.295Z,2078,2026-08-22T11:16:52.295Z,,,28d7acf5-bc26-4be3-b390-775b9af3d980,
202608221113177691,202608221042113152,202608221042112981,85,3178,Bronze INV,br_ReAssessmentFamily,TASK_COMPLETE,SUCCESS,INFO,971,971,0,,2026-08-22T10:42:14.039Z,2026-08-22T11:16:52.295Z,2078,2026-08-22T11:16:52.295Z,B26,Hazard,28d7acf5-bc26-4be3-b390-775b9af3d980,SAMMS-HazardV5
202608181314386976,202608181250209464,202608181250209442,46,9292,P1 Finance Financial Hardship Application Bronze - B12B,br_samms_financial_hardship_application,TASK_COMPLETE,SUCCESS,INFO,119,119,0,,2026-08-18T12:50:23.823Z,2026-08-18T13:14:41.917Z,1458,2026-08-18T13:14:41.917Z,B12B,ColoradoSprings,03823c35-021d-4cc9-8374-59681a542f1d,
202608181314386977,202608181250209465,202608181250209442,46,9293,P1 Finance Financial Hardship Application Bronze - B24,br_samms_financial_hardship_application,TASK_COMPLETE,SUCCESS,INFO,1157,1157,0,,2026-08-18T12:50:23.823Z,2026-08-18T13:14:41.917Z,1458,2026-08-18T13:14:41.917Z,B24,Paintsville,03823c35-021d-4cc9-8374-59681a542f1d,
202608181314386978,202608181250209466,202608181250209442,46,9294,P1 Finance Financial Hardship Application Bronze - B25,br_samms_financial_hardship_application,TASK_COMPLETE,SUCCESS,INFO,807,807,0,,2026-08-18T12:50:23.823Z,2026-08-18T13:14:41.917Z,1458,2026-08-18T13:14:41.917Z,B25,Pikeville,03823c35-021d-4cc9-8374-59681a542f1d,
202608181407308783,202608181342262728,202608181342262706,46,9292,P1 Finance Financial Hardship Application Bronze - B12B,br_samms_financial_hardship_application,TASK_COMPLETE,SUCCESS,INFO,119,119,0,,2026-08-18T13:42:39.071Z,2026-08-18T14:07:36.209Z,1497,2026-08-18T14:07:36.209Z,B12B,ColoradoSprings,2b16abcf-416f-4fd8-80a9-0aa52ca66e5c,
202608181407308784,202608181342262729,202608181342262706,46,9293,P1 Finance Financial Hardship Application Bronze - B24,br_samms_financial_hardship_application,TASK_COMPLETE,SUCCESS,INFO,1157,1157,0,,2026-08-18T13:42:39.071Z,2026-08-18T14:07:36.209Z,1497,2026-08-18T14:07:36.209Z,B24,Paintsville,2b16abcf-416f-4fd8-80a9-0aa52ca66e5c,
202608181407308785,202608181342262730,202608181342262706,46,9294,P1 Finance Financial Hardship Application Bronze - B25,br_samms_financial_hardship_application,TASK_COMPLETE,SUCCESS,INFO,807,807,0,,2026-08-18T13:42:39.071Z,2026-08-18T14:07:36.209Z,1497,2026-08-18T14:07:36.209Z,B25,Pikeville,2b16abcf-416f-4fd8-80a9-0aa52ca66e5c,
202608181407308763,202608181342262710,202608181342262706,46,8704,P1 Finance Bills Bronze - B25,br_samms_bills,TASK_COMPLETE,SUCCESS,INFO,8365,8365,0,,2026-08-18T13:42:39.071Z,2026-08-18T14:07:36.209Z,1497,2026-08-18T14:07:36.209Z,B25,Pikeville,2b16abcf-416f-4fd8-80a9-0aa52ca66e5c,
202608181407308764,202608181342262711,202608181342262706,46,8819,P1 Finance PBI 3 Pay Auth Bronze - AHK,br_samms_pbi3_pay_auth,TASK_COMPLETE,SUCCESS,INFO,61,61,0,,2026-08-18T13:42:39.071Z,2026-08-18T14:07:36.209Z,1497,2026-08-18T14:07:36.209Z,AHK,Ahoskie,2b16abcf-416f-4fd8-80a9-0aa52ca66e5c,
202608181407308765,202608181342262712,202608181342262706,46,8820,P1 Finance PBI 3 Pay Auth Bronze - B12B,br_samms_pbi3_pay_auth,TASK_COMPLETE,SUCCESS,INFO,131,131,0,,2026-08-18T13:42:39.071Z,2026-08-18T14:07:36.209Z,1497,2026-08-18T14:07:36.209Z,B12B,ColoradoSprings,2b16abcf-416f-4fd8-80a9-0aa52ca66e5c,
202608280645267931,202608280645267931,20260828064524,5,31,Silver 8x8 CallInteractions,sl_8x8_CallInteractions,TASK_COMPLETE,SUCCESS,INFO,879,879,0,,2026-08-28T06:45:26.793Z,2026-08-28T06:45:47.801Z,19,2026-08-28T06:45:47.801Z,,,6f91deae-0832-4a56-ab71-80188798e1a1,
202608181314386955,202608181250209446,202608181250209442,46,8704,P1 Finance Bills Bronze - B25,br_samms_bills,TASK_COMPLETE,SUCCESS,INFO,8360,8360,0,,2026-08-18T12:50:23.823Z,2026-08-18T13:14:41.917Z,1458,2026-08-18T13:14:41.917Z,B25,Pikeville,03823c35-021d-4cc9-8374-59681a542f1d,
202608181314386957,202608181250209447,202608181250209442,46,8819,P1 Finance PBI 3 Pay Auth Bronze - AHK,br_samms_pbi3_pay_auth,TASK_COMPLETE,SUCCESS,INFO,61,61,0,,2026-08-18T12:50:23.823Z,2026-08-18T13:14:41.917Z,1458,2026-08-18T13:14:41.917Z,AHK,Ahoskie,03823c35-021d-4cc9-8374-59681a542f1d,
202608181314386958,202608181250209448,202608181250209442,46,8820,P1 Finance PBI 3 Pay Auth Bronze - B12B,br_samms_pbi3_pay_auth,TASK_COMPLETE,SUCCESS,INFO,131,131,0,,2026-08-18T12:50:23.823Z,2026-08-18T13:14:41.917Z,1458,2026-08-18T13:14:41.917Z,B12B,ColoradoSprings,03823c35-021d-4cc9-8374-59681a542f1d,
202608250407307756,202608250343560396,202608250343560390,120,12577,Gold P1/P2 Assessments,NewPeriodicReassessmentD3,TASK_COMPLETE,SUCCESS,INFO,2845,2845,0,,2026-08-25T03:43:39.643Z,2026-08-25T04:07:44.586Z,1445,2026-08-25T04:07:44.586Z,,,8c969a39-95ec-4087-9ad3-4a9580887e34,
202608250407335565,202608250343560398,202608250343560390,120,12579,Gold P1/P2 Assessments,NewPeriodicReassessmentD5,TASK_COMPLETE,SUCCESS,INFO,2844,2844,0,,2026-08-25T03:43:39.643Z,2026-08-25T04:07:44.586Z,1445,2026-08-25T04:07:44.586Z,,,8c969a39-95ec-4087-9ad3-4a9580887e34,
202608141935472347,202608141857340775,202608141857340774,31,94001,FormAnswerSignatures Bronze - AHK,br_tblFormAnswerSig,TASK_COMPLETE,SUCCESS,INFO,19249,19249,0,,2026-08-14T18:58:05.482Z,2026-08-14T19:35:50.482Z,2265,2026-08-14T19:35:50.482Z,AHK,Ahoskie,015634ea-243f-49e1-a18e-0e1d033651d1,
202608141935472348,202608141857340776,202608141857340774,31,94002,FormAnswerSignatures Bronze - B12B,br_tblFormAnswerSig,TASK_COMPLETE,SUCCESS,INFO,64130,64130,0,,2026-08-14T18:58:05.482Z,2026-08-14T19:35:50.482Z,2265,2026-08-14T19:35:50.482Z,B12B,ColoradoSprings,015634ea-243f-49e1-a18e-0e1d033651d1,
202608141935472349,202608141857340777,202608141857340774,31,94003,FormAnswerSignatures Bronze - B24,br_tblFormAnswerSig,TASK_COMPLETE,SUCCESS,INFO,119246,119246,0,,2026-08-14T18:58:05.482Z,2026-08-14T19:35:50.482Z,2265,2026-08-14T19:35:50.482Z,B24,Paintsville,015634ea-243f-49e1-a18e-0e1d033651d1,
202608250407321048,202608250343560397,202608250343560390,120,12578,Gold P1/P2 Assessments,NewPeriodicReassessmentD4,TASK_COMPLETE,SUCCESS,INFO,2845,2845,0,,2026-08-25T03:43:39.643Z,2026-08-25T04:07:44.586Z,1445,2026-08-25T04:07:44.586Z,,,8c969a39-95ec-4087-9ad3-4a9580887e34,
202608250407357265,202608250343560399,202608250343560390,120,12580,Gold P1/P2 Assessments,NewPeriodicReassessmentD6,TASK_COMPLETE,SUCCESS,INFO,2850,2850,0,,2026-08-25T03:43:39.643Z,2026-08-25T04:07:44.586Z,1445,2026-08-25T04:07:44.586Z,,,8c969a39-95ec-4087-9ad3-4a9580887e34,
202608250407282535,202608250343560395,202608250343560390,120,12576,Gold P1/P2 Assessments,NewPeriodicReassessmentD2,TASK_COMPLETE,SUCCESS,INFO,2847,2847,0,,2026-08-25T03:43:39.643Z,2026-08-25T04:07:44.586Z,1445,2026-08-25T04:07:44.586Z,,,8c969a39-95ec-4087-9ad3-4a9580887e34,
202608170650554192,202608170608269042,202608170608269015,106,7847,Clinical Domain Bronze - SaveMNCA - VMIN,br_MNComprehensiveAssessment,TASK_COMPLETE,SUCCESS,INFO,210,210,0,,2026-08-17T06:09:37.896Z,2026-08-17T06:50:58.970Z,2481,2026-08-17T06:50:58.970Z,VMIN,Minneapolis,83c0f655-df7d-4ce0-a8e7-3e8120951bbc,
202608170614178920,202608170551256425,202608170551256420,46,8819,P1 Finance PBI 3 Pay Auth Bronze - AHK,br_samms_pbi3_pay_auth,TASK_COMPLETE,SUCCESS,INFO,61,61,0,,2026-08-17T05:51:47.044Z,2026-08-17T06:14:21.786Z,1354,2026-08-17T06:14:21.786Z,AHK,Ahoskie,09d84bc7-e629-48a4-a32a-826b207e96d1,
202608170614178921,202608170551256426,202608170551256420,46,8820,P1 Finance PBI 3 Pay Auth Bronze - B12B,br_samms_pbi3_pay_auth,TASK_COMPLETE,SUCCESS,INFO,131,131,0,,2026-08-17T05:51:47.044Z,2026-08-17T06:14:21.786Z,1354,2026-08-17T06:14:21.786Z,B12B,ColoradoSprings,09d84bc7-e629-48a4-a32a-826b207e96d1,
202608140551555093,202608140519472947,202608140519472937,106,7161,Clinical Domain Bronze - SaveCows_v6 - B12B,brz_Cows_v6,TASK_COMPLETE,SUCCESS,INFO,7709,7709,0,,2026-08-14T05:21:11.366Z,2026-08-14T05:51:58.644Z,1847,2026-08-14T05:51:58.644Z,B12B,ColoradoSprings,367e5368-81b8-4196-9731-5b3efc5e39d9,
202608140551555094,202608140519472948,202608140519472937,106,7205,Clinical Domain Bronze - SaveCows_v6 - BOI,brz_Cows_v6,TASK_COMPLETE,SUCCESS,INFO,3705,3705,0,,2026-08-14T05:21:11.366Z,2026-08-14T05:51:58.644Z,1847,2026-08-14T05:51:58.644Z,BOI,Boise,367e5368-81b8-4196-9731-5b3efc5e39d9,
202608140551555095,202608140519472949,202608140519472937,106,7254,Clinical Domain Bronze - SaveCows_v6 - V10,brz_Cows_v6,TASK_COMPLETE,SUCCESS,INFO,12324,12324,0,,2026-08-14T05:21:11.366Z,2026-08-14T05:51:58.644Z,1847,2026-08-14T05:51:58.644Z,V10,Boulder,367e5368-81b8-4196-9731-5b3efc5e39d9,
202608121042551929,202608121009360903,202608121009360893,106,7161,Clinical Domain Bronze - SaveCows_v6 - B12B,brz_Cows_v6,TASK_COMPLETE,SUCCESS,INFO,7695,7695,0,,2026-08-12T10:11:56.792Z,2026-08-12T10:43:20.487Z,1884,2026-08-12T10:43:20.487Z,B12B,ColoradoSprings,1325a4eb-aa02-4bc9-9fae-d06e40a0cece,
202608121042551930,202608121009360904,202608121009360893,106,7205,Clinical Domain Bronze - SaveCows_v6 - BOI,brz_Cows_v6,TASK_COMPLETE,SUCCESS,INFO,3690,3690,0,,2026-08-12T10:11:56.792Z,2026-08-12T10:43:20.487Z,1884,2026-08-12T10:43:20.487Z,BOI,Boise,1325a4eb-aa02-4bc9-9fae-d06e40a0cece,
202608121042551932,202608121009360905,202608121009360893,106,7254,Clinical Domain Bronze - SaveCows_v6 - V10,brz_Cows_v6,TASK_COMPLETE,SUCCESS,INFO,12309,12309,0,,2026-08-12T10:11:56.792Z,2026-08-12T10:43:20.487Z,1884,2026-08-12T10:43:20.487Z,V10,Boulder,1325a4eb-aa02-4bc9-9fae-d06e40a0cece,
202608130409166770,202608130315200006,202608130315200005,106,6816,Clinical Domain Bronze - SaveCheckIn - B12B,brz_CheckIn,TASK_COMPLETE,SUCCESS,INFO,7439,7439,0,,2026-08-13T03:16:19.557Z,2026-08-13T04:09:23.310Z,3184,2026-08-13T04:09:23.310Z,B12B,ColoradoSprings,11ed6329-841a-4e7a-bfb1-61191c79c28e,
202608130409166771,202608130315200007,202608130315200005,106,6860,Clinical Domain Bronze - SaveCheckIn - BOI,brz_CheckIn,TASK_COMPLETE,SUCCESS,INFO,6734,6734,0,,2026-08-13T03:16:19.557Z,2026-08-13T04:09:23.310Z,3184,2026-08-13T04:09:23.310Z,BOI,Boise,11ed6329-841a-4e7a-bfb1-61191c79c28e,
202608130409166772,202608130315200008,202608130315200005,106,6909,Clinical Domain Bronze - SaveCheckIn - V10,brz_CheckIn,TASK_COMPLETE,SUCCESS,INFO,16192,16192,0,,2026-08-13T03:16:19.557Z,2026-08-13T04:09:23.310Z,3184,2026-08-13T04:09:23.310Z,V10,Boulder,11ed6329-841a-4e7a-bfb1-61191c79c28e,
202608121042551919,202608121009360894,202608121009360893,106,6816,Clinical Domain Bronze - SaveCheckIn - B12B,brz_CheckIn,TASK_COMPLETE,SUCCESS,INFO,7386,7386,0,,2026-08-12T10:11:56.792Z,2026-08-12T10:43:20.487Z,1884,2026-08-12T10:43:20.487Z,B12B,ColoradoSprings,1325a4eb-aa02-4bc9-9fae-d06e40a0cece,
202608121042551920,202608121009360895,202608121009360893,106,6860,Clinical Domain Bronze - SaveCheckIn - BOI,brz_CheckIn,TASK_COMPLETE,SUCCESS,INFO,6687,6687,0,,2026-08-12T10:11:56.792Z,2026-08-12T10:43:20.487Z,1884,2026-08-12T10:43:20.487Z,BOI,Boise,1325a4eb-aa02-4bc9-9fae-d06e40a0cece,
202608121042551921,202608121009360896,202608121009360893,106,6909,Clinical Domain Bronze - SaveCheckIn - V10,brz_CheckIn,TASK_COMPLETE,SUCCESS,INFO,16078,16078,0,,2026-08-12T10:11:56.792Z,2026-08-12T10:43:20.487Z,1884,2026-08-12T10:43:20.487Z,V10,Boulder,1325a4eb-aa02-4bc9-9fae-d06e40a0cece,
202608181053385147,202608181018308823,202608181018308812,123,12946,Assessments Bronze - SavePADimension2 - B12B,br_PADimension2,TASK_COMPLETE,SUCCESS,INFO,825,825,0,,2026-08-18T10:19:21.940Z,2026-08-18T10:53:43.553Z,2062,2026-08-18T10:53:43.553Z,B12B,ColoradoSprings,06767fa9-f980-4e92-a048-4dd43e2dbe98,
202608141514042252,202608141439260336,202608141439260325,123,12946,Assessments Bronze - SavePADimension2 - B12B,br_PADimension2,TASK_COMPLETE,SUCCESS,INFO,823,823,0,,2026-08-14T14:40:07.233Z,2026-08-14T15:14:33.646Z,2066,2026-08-14T15:14:33.646Z,B12B,ColoradoSprings,58f20748-15b7-4a11-966c-9510b56c5310,
202608181238297184,202608181207708131,202608181207708120,123,12946,Assessments Bronze - SavePADimension2 - B12B,br_PADimension2,TASK_COMPLETE,SUCCESS,INFO,825,825,0,,2026-08-18T12:09:06.544Z,2026-08-18T12:38:32.842Z,1766,2026-08-18T12:38:32.842Z,B12B,ColoradoSprings,6a9f8fe6-e2a7-49ab-8570-443c59873958,
202608181230520158,202608181205521845,202608181205521842,118,10364,Bronze P1/P2 Assessments,br_NewAdmissionAssessment,TASK_COMPLETE,SUCCESS,INFO,185,185,0,,2026-08-18T12:06:00.341Z,2026-08-18T12:30:55.108Z,1495,2026-08-18T12:30:55.108Z,B33,Paducah,201d97b6-7f87-43f7-a098-fb002daf1faf,
202608181230520159,202608181205521846,202608181205521842,118,10539,Bronze P1/P2 Assessments,br_NewAdmissionAssessmentASAMDimension6,TASK_COMPLETE,SUCCESS,INFO,278,278,0,,2026-08-18T12:06:00.341Z,2026-08-18T12:30:55.108Z,1495,2026-08-18T12:30:55.108Z,B24,Paintsville,201d97b6-7f87-43f7-a098-fb002daf1faf,
202608180908433813,202608180834632775,202608180834632768,107,8561,Clinical Domain Silver - BulkDartsSrvLoader,sl_uaresultdetail,TASK_COMPLETE,SUCCESS,INFO,16195,16195,0,,2026-08-18T08:37:01.117Z,2026-08-18T09:08:45.854Z,1904,2026-08-18T09:08:45.854Z,Global,SAMMSGLOBAL,08f45940-4fba-4d40-8013-5941939f8b2e,
202608171245095664,202608171211698290,202608171211698283,107,8561,Clinical Domain Silver - BulkDartsSrvLoader,sl_uaresultdetail,TASK_COMPLETE,SUCCESS,INFO,14828,14828,0,,2026-08-17T12:12:57.246Z,2026-08-17T12:45:12.159Z,1935,2026-08-17T12:45:12.159Z,Global,SAMMSGLOBAL,71c4b27b-8df0-48dd-a1ee-a6ea3a63b852,
202608171108071333,202608171031498600,202608171031498593,107,8561,Clinical Domain Silver - BulkDartsSrvLoader,sl_uaresultdetail,TASK_COMPLETE,SUCCESS,INFO,14817,14817,0,,2026-08-17T10:38:10.305Z,2026-08-17T11:08:10.976Z,1800,2026-08-17T11:08:10.976Z,Global,SAMMSGLOBAL,16b28601-46b7-41d7-bb6b-81142615d65b,
202608201754263201,202608201754263201,202608201748445561,83,6808,Silver Salesforce Outbound SMS,sl_sf_outboundsms,TASK_COMPLETE,SUCCESS,INFO,225,225,0,,2026-08-20T17:54:29.945Z,2026-08-20T17:54:47.912Z,16,2026-08-20T17:54:47.912Z,,,635224f3-f193-4ab0-a06c-8d0fbf5d6c6d,
202608170505380887,202608170422215766,202608170422215750,106,7391,Clinical Domain Bronze - SaveUASched - B12B,br_UASched,TASK_COMPLETE,SUCCESS,INFO,1786,1786,0,,2026-08-17T04:29:17.023Z,2026-08-17T05:06:50.333Z,2253,2026-08-17T05:06:50.333Z,B12B,ColoradoSprings,0b53dc13-182d-4036-9b17-0891eca5f916,
202608170505380888,202608170422215767,202608170422215750,106,7435,Clinical Domain Bronze - SaveUASched - BOI,br_UASched,TASK_COMPLETE,SUCCESS,INFO,1462,1462,0,,2026-08-17T04:29:17.023Z,2026-08-17T05:06:50.333Z,2253,2026-08-17T05:06:50.333Z,BOI,Boise,0b53dc13-182d-4036-9b17-0891eca5f916,
202608170505380889,202608170422215768,202608170422215750,106,7484,Clinical Domain Bronze - SaveUASched - V10,br_UASched,TASK_COMPLETE,SUCCESS,INFO,1383,1383,0,,2026-08-17T04:29:17.023Z,2026-08-17T05:06:50.333Z,2253,2026-08-17T05:06:50.333Z,V10,Boulder,0b53dc13-182d-4036-9b17-0891eca5f916,
202608180902083801,202608180834532784,202608180834532768,106,7391,Clinical Domain Bronze - SaveUASched - B12B,br_UASched,TASK_COMPLETE,SUCCESS,INFO,1935,1935,0,,2026-08-18T08:37:01.117Z,2026-08-18T09:02:12.282Z,1511,2026-08-18T09:02:12.282Z,B12B,ColoradoSprings,08f45940-4fba-4d40-8013-5941939f8b2e,
202608180902083802,202608180834532785,202608180834532768,106,7435,Clinical Domain Bronze - SaveUASched - BOI,br_UASched,TASK_COMPLETE,SUCCESS,INFO,1728,1728,0,,2026-08-18T08:37:01.117Z,2026-08-18T09:02:12.282Z,1511,2026-08-18T09:02:12.282Z,BOI,Boise,08f45940-4fba-4d40-8013-5941939f8b2e,
202608180902083803,202608180834532786,202608180834532768,106,7484,Clinical Domain Bronze - SaveUASched - V10,br_UASched,TASK_COMPLETE,SUCCESS,INFO,1401,1401,0,,2026-08-18T08:37:01.117Z,2026-08-18T09:02:12.282Z,1511,2026-08-18T09:02:12.282Z,V10,Boulder,08f45940-4fba-4d40-8013-5941939f8b2e,
202608170828545818,202608170805168051,202608170805168041,97,6222,P1 Forms SMS Text Consent Form Bronze - B33,br_samms_sms_text_consent_form,TASK_COMPLETE,SUCCESS,INFO,122,122,0,,2026-08-17T08:05:23.166Z,2026-08-17T08:28:58.238Z,1415,2026-08-17T08:28:58.238Z,B33,Paducah,760fb7f7-522d-45ef-ae35-70bd18d17fef,
202608151352479070,202608151310407819,202608151310407803,106,7391,Clinical Domain Bronze - SaveUASched - B12B,br_UASched,TASK_COMPLETE,SUCCESS,INFO,1786,1786,0,,2026-08-15T13:11:43.813Z,2026-08-15T13:52:51.092Z,2468,2026-08-15T13:52:51.092Z,B12B,ColoradoSprings,56214535-005b-4285-976b-e0172bc11b0b,
202608151352479072,202608151310407820,202608151310407803,106,7435,Clinical Domain Bronze - SaveUASched - BOI,br_UASched,TASK_COMPLETE,SUCCESS,INFO,1462,1462,0,,2026-08-15T13:11:43.813Z,2026-08-15T13:52:51.092Z,2468,2026-08-15T13:52:51.092Z,BOI,Boise,56214535-005b-4285-976b-e0172bc11b0b,
202608151352479073,202608151310407821,202608151310407803,106,7484,Clinical Domain Bronze - SaveUASched - V10,br_UASched,TASK_COMPLETE,SUCCESS,INFO,1383,1383,0,,2026-08-15T13:11:43.813Z,2026-08-15T13:52:51.092Z,2468,2026-08-15T13:52:51.092Z,V10,Boulder,56214535-005b-4285-976b-e0172bc11b0b,
202608171102595600,202608171031398609,202608171031398593,106,7391,Clinical Domain Bronze - SaveUASched - B12B,br_UASched,TASK_COMPLETE,SUCCESS,INFO,1914,1914,0,,2026-08-17T10:38:10.305Z,2026-08-17T11:03:03.679Z,1493,2026-08-17T11:03:03.679Z,B12B,ColoradoSprings,16b28601-46b7-41d7-bb6b-81142615d65b,
202608171102595601,202608171031398610,202608171031398593,106,7435,Clinical Domain Bronze - SaveUASched - BOI,br_UASched,TASK_COMPLETE,SUCCESS,INFO,1698,1698,0,,2026-08-17T10:38:10.305Z,2026-08-17T11:03:03.679Z,1493,2026-08-17T11:03:03.679Z,BOI,Boise,16b28601-46b7-41d7-bb6b-81142615d65b,
202608171102595602,202608171031398611,202608171031398593,106,7484,Clinical Domain Bronze - SaveUASched - V10,br_UASched,TASK_COMPLETE,SUCCESS,INFO,1407,1407,0,,2026-08-17T10:38:10.305Z,2026-08-17T11:03:03.679Z,1493,2026-08-17T11:03:03.679Z,V10,Boulder,16b28601-46b7-41d7-bb6b-81142615d65b,
202608151132574379,202608151055424874,202608151055424858,106,7391,Clinical Domain Bronze - SaveUASched - B12B,br_UASched,TASK_COMPLETE,SUCCESS,INFO,1786,1786,0,,2026-08-15T10:59:41.813Z,2026-08-15T11:42:22.397Z,2561,2026-08-15T11:42:22.397Z,B12B,ColoradoSprings,09bdfa13-0c4c-4ca3-9dd3-abd349cbbab4,
202608151132574380,202608151055424875,202608151055424858,106,7435,Clinical Domain Bronze - SaveUASched - BOI,br_UASched,TASK_COMPLETE,SUCCESS,INFO,1462,1462,0,,2026-08-15T10:59:41.813Z,2026-08-15T11:42:22.397Z,2561,2026-08-15T11:42:22.397Z,BOI,Boise,09bdfa13-0c4c-4ca3-9dd3-abd349cbbab4,
202608151132574381,202608151055424876,202608151055424858,106,7484,Clinical Domain Bronze - SaveUASched - V10,br_UASched,TASK_COMPLETE,SUCCESS,INFO,1383,1383,0,,2026-08-15T10:59:41.813Z,2026-08-15T11:42:22.397Z,2561,2026-08-15T11:42:22.397Z,V10,Boulder,09bdfa13-0c4c-4ca3-9dd3-abd349cbbab4,
202608171240088292,202608171211598299,202608171211598283,106,7391,Clinical Domain Bronze - SaveUASched - B12B,br_UASched,TASK_COMPLETE,SUCCESS,INFO,1914,1914,0,,2026-08-17T12:12:57.246Z,2026-08-17T12:40:14.210Z,1637,2026-08-17T12:40:14.210Z,B12B,ColoradoSprings,71c4b27b-8df0-48dd-a1ee-a6ea3a63b852,
202608171240088293,202608171211598300,202608171211598283,106,7435,Clinical Domain Bronze - SaveUASched - BOI,br_UASched,TASK_COMPLETE,SUCCESS,INFO,1707,1707,0,,2026-08-17T12:12:57.246Z,2026-08-17T12:40:14.210Z,1637,2026-08-17T12:40:14.210Z,BOI,Boise,71c4b27b-8df0-48dd-a1ee-a6ea3a63b852,
202608171240088295,202608171211598301,202608171211598283,106,7484,Clinical Domain Bronze - SaveUASched - V10,br_UASched,TASK_COMPLETE,SUCCESS,INFO,1402,1402,0,,2026-08-17T12:12:57.246Z,2026-08-17T12:40:14.210Z,1637,2026-08-17T12:40:14.210Z,V10,Boulder,71c4b27b-8df0-48dd-a1ee-a6ea3a63b852,
202608151434387458,202608151417675651,202608151417675641,118,10539,Bronze P1/P2 Assessments,br_NewAdmissionAssessmentASAMDimension6,TASK_COMPLETE,SUCCESS,INFO,277,277,0,,2026-08-15T14:18:19.683Z,2026-08-15T14:37:39.575Z,1160,2026-08-15T14:37:39.575Z,B24,Paintsville,556076c4-618a-4487-8b31-ba5017a3c197,
202608151434387459,202608151417675652,202608151417675641,118,10541,Bronze P1/P2 Assessments,br_NewAdmissionAssessmentASAMDimension6,TASK_COMPLETE,SUCCESS,INFO,402,402,0,,2026-08-15T14:18:19.683Z,2026-08-15T14:37:39.575Z,1160,2026-08-15T14:37:39.575Z,B26,Hazard,556076c4-618a-4487-8b31-ba5017a3c197,
202608151434387438,202608151417675714,202608151417675641,118,12195,Bronze P1/P2 Assessments,br_NewAdmissionAssessmentASAMDimension4,TASK_COMPLETE,SUCCESS,INFO,272,272,0,,2026-08-15T14:18:19.683Z,2026-08-15T14:37:39.575Z,1160,2026-08-15T14:37:39.575Z,B24,Paintsville,556076c4-618a-4487-8b31-ba5017a3c197,
202608151434387439,202608151417675715,202608151417675641,118,12197,Bronze P1/P2 Assessments,br_NewAdmissionAssessmentASAMDimension4,TASK_COMPLETE,SUCCESS,INFO,399,399,0,,2026-08-15T14:18:19.683Z,2026-08-15T14:37:39.575Z,1160,2026-08-15T14:37:39.575Z,B26,Hazard,556076c4-618a-4487-8b31-ba5017a3c197,
202608260411157159,202608260411157158,20260826041110,38,153,Silver KnowBe4 Enrollments,sl_knowbe4enrollments,TASK_COMPLETE,SUCCESS,INFO,94578,94578,0,,2026-08-26T04:11:19.870Z,2026-08-26T04:11:44.367Z,23,2026-08-26T04:11:44.367Z,,,06bf1b3a-2ded-4e3b-ba7f-359214902c18,
202608151434387428,202608151417675707,202608151417675641,118,12011,Bronze P1/P2 Assessments,br_NewAdmissionAssessmentASAMDimension2,TASK_COMPLETE,SUCCESS,INFO,271,271,0,,2026-08-15T14:18:19.683Z,2026-08-15T14:37:39.575Z,1160,2026-08-15T14:37:39.575Z,B24,Paintsville,556076c4-618a-4487-8b31-ba5017a3c197,
202608151434387429,202608151417675708,202608151417675641,118,12013,Bronze P1/P2 Assessments,br_NewAdmissionAssessmentASAMDimension2,TASK_COMPLETE,SUCCESS,INFO,399,399,0,,2026-08-15T14:18:19.683Z,2026-08-15T14:37:39.575Z,1160,2026-08-15T14:37:39.575Z,B26,Hazard,556076c4-618a-4487-8b31-ba5017a3c197,
202608181230520190,202608181205521873,202608181205521842,118,12195,Bronze P1/P2 Assessments,br_NewAdmissionAssessmentASAMDimension4,TASK_COMPLETE,SUCCESS,INFO,274,274,0,,2026-08-18T12:06:00.341Z,2026-08-18T12:30:55.108Z,1495,2026-08-18T12:30:55.108Z,B24,Paintsville,201d97b6-7f87-43f7-a098-fb002daf1faf,
202608181230520191,202608181205521874,202608181205521842,118,12197,Bronze P1/P2 Assessments,br_NewAdmissionAssessmentASAMDimension4,TASK_COMPLETE,SUCCESS,INFO,402,402,0,,2026-08-18T12:06:00.341Z,2026-08-18T12:30:55.108Z,1495,2026-08-18T12:30:55.108Z,B26,Hazard,201d97b6-7f87-43f7-a098-fb002daf1faf,
202608170650554169,202608170608269021,202608170608269015,106,7024,Clinical Domain Bronze - SaveBamForm - V10,br_BAMForm,TASK_COMPLETE,SUCCESS,INFO,454,454,0,,2026-08-17T06:09:37.896Z,2026-08-17T06:50:58.970Z,2481,2026-08-17T06:50:58.970Z,V10,Boulder,83c0f655-df7d-4ce0-a8e7-3e8120951bbc,
202608172254574910,202608172254574909,20260817225447,116,8626,Silver Patient Services,sl_patientservicesnoshow,TASK_FAILED,FAILED,ERROR,0,0,1,"[UNRESOLVED_COLUMN.WITH_SUGGESTION] A column or function parameter with name `QualityId` cannot be resolved. Did you mean one of the following? [`DqId`, `RunId`, `ConfigId`, `TaskConfigId`, `TableName`].; line 2 pos 12",2026-08-17T22:54:57.490Z,2026-08-17T22:58:53.565Z,234,2026-08-17T22:58:53.565Z,,,9f78e754-387b-4612-ba13-559c517cf16b,
202608170614178932,202608170551256435,202608170551256420,46,9057,P1 Finance FMP Bronze - B24,br_samms_fmp,TASK_COMPLETE,SUCCESS,INFO,2293,2293,0,,2026-08-17T05:51:47.044Z,2026-08-17T06:14:21.786Z,1354,2026-08-17T06:14:21.786Z,B24,Paintsville,09d84bc7-e629-48a4-a32a-826b207e96d1,
202608170614178933,202608170551256436,202608170551256420,46,9058,P1 Finance FMP Bronze - B25,br_samms_fmp,TASK_COMPLETE,SUCCESS,INFO,7708,7708,0,,2026-08-17T05:51:47.044Z,2026-08-17T06:14:21.786Z,1354,2026-08-17T06:14:21.786Z,B25,Pikeville,09d84bc7-e629-48a4-a32a-826b207e96d1,
202608201128326959,202608201128326959,202608201125599805,82,204,Salesforce Leads,br_sf_leads,TASK_COMPLETE,SUCCESS,INFO,66,66,0,,2026-08-20T11:28:37.255Z,2026-08-20T11:28:55.650Z,17,2026-08-20T11:28:55.650Z,,,79156e84-8509-4e63-a064-b4b0873a2a40,
202608201740090570,202608201740090570,202608201737362918,82,204,Salesforce Leads,br_sf_leads,TASK_COMPLETE,SUCCESS,INFO,86,86,0,,2026-08-20T17:40:14.465Z,2026-08-20T17:40:30.072Z,14,2026-08-20T17:40:30.072Z,,,635224f3-f193-4ab0-a06c-8d0fbf5d6c6d,
202608201640189712,202608201640189712,202608201638083197,82,204,Salesforce Leads,br_sf_leads,TASK_COMPLETE,SUCCESS,INFO,80,80,0,,2026-08-20T16:40:23.296Z,2026-08-20T16:40:38.651Z,13,2026-08-20T16:40:38.651Z,,,4ed56315-bafe-4059-9903-76e756bd89c4,
202608211033217863,202608211033217863,202608211031030755,82,204,Salesforce Leads,br_sf_leads,TASK_COMPLETE,SUCCESS,INFO,67,67,0,,2026-08-21T10:33:26.453Z,2026-08-21T10:33:41.674Z,13,2026-08-21T10:33:41.674Z,,,45603680-296f-4487-82f1-f8045d5f38e1,
202608170749224506,202608170720364617,202608170720364599,118,10725,Bronze P1/P2 Assessments,br_NewPeriodicReassessment,TASK_COMPLETE,SUCCESS,INFO,1197,1197,0,,2026-08-17T07:20:41.512Z,2026-08-17T07:49:26.331Z,1725,2026-08-17T07:49:26.331Z,B26,Hazard,422b71cc-fe6c-4f30-846d-92fb5587d0e9,
202608201545347029,202608201545347029,202608201542593057,82,204,Salesforce Leads,br_sf_leads,TASK_COMPLETE,SUCCESS,INFO,74,74,0,,2026-08-20T15:45:39.030Z,2026-08-20T15:45:59.253Z,19,2026-08-20T15:45:59.253Z,,,95538f17-9d82-404e-9e3f-d1777714a921,
202608250253174387,202608250253174386,20260825025308,1,1,UKG Job Codes API,br_JobCodes,TASK_COMPLETE,SUCCESS,INFO,298,298,0,,2026-08-25T02:53:23.193Z,2026-08-25T02:53:53.524Z,27,2026-08-25T02:53:53.524Z,,,6ee9c1fc-1bc7-4a37-a063-1dfebdad8409,
202608201034573141,202608201013530464,202608201013530447,46,9173,P1 Finance Payer Client History Bronze - AHK,br_samms_payer_clt_history,TASK_COMPLETE,SUCCESS,INFO,60,60,0,,2026-08-20T10:13:57.622Z,2026-08-20T10:39:20.764Z,1523,2026-08-20T10:39:20.764Z,AHK,Ahoskie,069e8d01-766c-4679-b3df-c21f4d7bc3d1,SAMMS-Ahoskie
202608251539280406,202608251517589125,202608251517589120,46,9173,P1 Finance Payer Client History Bronze - AHK,br_samms_payer_clt_history,TASK_COMPLETE,SUCCESS,INFO,61,61,0,,2026-08-25T15:18:05.141Z,2026-08-25T15:39:31.442Z,1286,2026-08-25T15:39:31.442Z,AHK,Ahoskie,04d587cb-fd28-4f28-a572-c158aa92fa98,SAMMS-Ahoskie
202608261724109171,202608261657210994,202608261657210989,46,9173,P1 Finance Payer Client History Bronze - AHK,br_samms_payer_clt_history,TASK_COMPLETE,SUCCESS,INFO,61,61,0,,2026-08-26T16:57:24.758Z,2026-08-26T17:25:01.887Z,1657,2026-08-26T17:25:01.887Z,AHK,Ahoskie,7a1b4484-4dc4-4e48-b51b-e78359ce9673,SAMMS-Ahoskie
202608190537301097,202608190459300355,202608190459300344,107,8565,Clinical Domain Silver - SaveVACA,sl_vacomprehensiveassessment,TASK_COMPLETE,SUCCESS,INFO,1723,1723,0,,2026-08-19T05:01:28.469Z,2026-08-19T05:37:32.342Z,2164,2026-08-19T05:37:32.342Z,Global,SAMMSGLOBAL,05916e11-44cf-456b-ac26-991e7ff5d7aa,SAMMSGLOBAL
202608190537301094,202608190459300353,202608190459300344,107,8563,Clinical Domain Silver - SaveMNCA,sl_mncomprehensiveassessment,TASK_COMPLETE,SUCCESS,INFO,1138,1138,0,,2026-08-19T05:01:28.469Z,2026-08-19T05:37:32.342Z,2164,2026-08-19T05:37:32.342Z,Global,SAMMSGLOBAL,05916e11-44cf-456b-ac26-991e7ff5d7aa,SAMMSGLOBAL
202608201034573137,202608201013530490,202608201013530447,46,9883,P1 Finance Payer Client Bronze - B24,br_samms_payer_client,TASK_COMPLETE,SUCCESS,INFO,1812,1812,0,,2026-08-20T10:13:57.622Z,2026-08-20T10:39:20.764Z,1523,2026-08-20T10:39:20.764Z,B24,Paintsville,069e8d01-766c-4679-b3df-c21f4d7bc3d1,SAMMS-PaintsvilleV5
202608251649114411,202608251629636806,202608251629636804,88,4654,P1 Reference Clinic Bronze - B12B,br_samms_clinic,TASK_COMPLETE,SUCCESS,INFO,1,1,0,,2026-08-25T16:30:10.484Z,2026-08-25T16:49:14.632Z,1144,2026-08-25T16:49:14.632Z,B12B,ColoradoSprings,6d78ce37-8c21-4519-a454-1e5ee4a84a47,SAMMS-ColoradoSpringsV5
202608220929265583,202608220857344400,202608220857344379,123,13292,Assessments Bronze - SavePADimension5 - B24,br_PADimension5,TASK_COMPLETE,SUCCESS,INFO,446,446,0,,2026-08-22T08:58:22.185Z,2026-08-22T09:29:29.627Z,1867,2026-08-22T09:29:29.627Z,B24,Paintsville,39d3782c-f729-4e52-b4aa-f257942a503a,SAMMS-PaintsvilleV5
202608201034573104,202608201013530485,202608201013530447,46,9764,P1 Finance Claims Bronze - B12B,br_samms_claims,TASK_COMPLETE,SUCCESS,INFO,57634,57634,0,,2026-08-20T10:13:57.622Z,2026-08-20T10:39:20.764Z,1523,2026-08-20T10:39:20.764Z,B12B,ColoradoSprings,069e8d01-766c-4679-b3df-c21f4d7bc3d1,SAMMS-ColoradoSpringsV5
202608251449420174,202608251428352625,202608251428352600,46,10117,P1 Finance Client Demo 1 Bronze - AHK,br_samms_client_demo1,TASK_COMPLETE,SUCCESS,INFO,301,301,0,,2026-08-25T14:28:42.306Z,2026-08-25T14:49:46.373Z,1264,2026-08-25T14:49:46.373Z,AHK,Ahoskie,5e789551-b18e-4745-8526-2b8db3ceeb01,SAMMS-Ahoskie
202608251449420175,202608251428352626,202608251428352600,46,10118,P1 Finance Client Demo 1 Bronze - B12B,br_samms_client_demo1,TASK_COMPLETE,SUCCESS,INFO,1374,1374,0,,2026-08-25T14:28:42.306Z,2026-08-25T14:49:46.373Z,1264,2026-08-25T14:49:46.373Z,B12B,ColoradoSprings,5e789551-b18e-4745-8526-2b8db3ceeb01,SAMMS-ColoradoSpringsV5
202608190529250939,202608190459200360,202608190459200344,106,7391,Clinical Domain Bronze - SaveUASched - B12B,br_UASched,TASK_COMPLETE,SUCCESS,INFO,1977,1977,0,,2026-08-19T05:01:28.469Z,2026-08-19T05:31:20.650Z,1792,2026-08-19T05:31:20.650Z,B12B,ColoradoSprings,05916e11-44cf-456b-ac26-991e7ff5d7aa,SAMMS-ColoradoSpringsV5
202608190529250940,202608190459200361,202608190459200344,106,7435,Clinical Domain Bronze - SaveUASched - BOI,br_UASched,TASK_COMPLETE,SUCCESS,INFO,1688,1688,0,,2026-08-19T05:01:28.469Z,2026-08-19T05:31:20.650Z,1792,2026-08-19T05:31:20.650Z,BOI,Boise,05916e11-44cf-456b-ac26-991e7ff5d7aa,SAMMS-Boise
202608190529250941,202608190459200362,202608190459200344,106,7484,Clinical Domain Bronze - SaveUASched - V10,br_UASched,TASK_COMPLETE,SUCCESS,INFO,1385,1385,0,,2026-08-19T05:01:28.469Z,2026-08-19T05:31:20.650Z,1792,2026-08-19T05:31:20.650Z,V10,Boulder,05916e11-44cf-456b-ac26-991e7ff5d7aa,SAMMS-BoulderV5
202608261758481429,202608261733446748,202608261733446733,97,6563,P1 Forms Take Home Risk Assessment Bronze - AHK,br_samms_take_home_risk_assessment,TASK_COMPLETE,SUCCESS,INFO,246,246,0,,2026-08-26T17:33:51.495Z,2026-08-26T17:58:52.846Z,1501,2026-08-26T17:58:52.846Z,AHK,Ahoskie,4b416fe5-6f5c-4fb7-baa8-f0b32475e9c6,SAMMS-Ahoskie
202608190529250922,202608190459200345,202608190459200344,106,6816,Clinical Domain Bronze - SaveCheckIn - B12B,br_CheckIn,TASK_COMPLETE,SUCCESS,INFO,518,518,0,,2026-08-19T05:01:28.469Z,2026-08-19T05:31:20.650Z,1792,2026-08-19T05:31:20.650Z,B12B,ColoradoSprings,05916e11-44cf-456b-ac26-991e7ff5d7aa,SAMMS-ColoradoSpringsV5
202608190529250923,202608190459200346,202608190459200344,106,6860,Clinical Domain Bronze - SaveCheckIn - BOI,br_CheckIn,TASK_COMPLETE,SUCCESS,INFO,551,551,0,,2026-08-19T05:01:28.469Z,2026-08-19T05:31:20.650Z,1792,2026-08-19T05:31:20.650Z,BOI,Boise,05916e11-44cf-456b-ac26-991e7ff5d7aa,SAMMS-Boise
202608190529250924,202608190459200347,202608190459200344,106,6909,Clinical Domain Bronze - SaveCheckIn - V10,br_CheckIn,TASK_COMPLETE,SUCCESS,INFO,1197,1197,0,,2026-08-19T05:01:28.469Z,2026-08-19T05:31:20.650Z,1792,2026-08-19T05:31:20.650Z,V10,Boulder,05916e11-44cf-456b-ac26-991e7ff5d7aa,SAMMS-BoulderV5
202608191135063918,202608191104147943,202608191104147942,106,6816,Clinical Domain Bronze - SaveCheckIn - B12B,br_CheckIn,TASK_COMPLETE,SUCCESS,INFO,520,520,0,,2026-08-19T11:06:34.343Z,2026-08-19T11:35:09.134Z,1715,2026-08-19T11:35:09.134Z,B12B,ColoradoSprings,8c2f72fa-f3d3-4c31-9e7b-e1d36d508d72,SAMMS-ColoradoSpringsV5
202608191135063920,202608191104147944,202608191104147942,106,6860,Clinical Domain Bronze - SaveCheckIn - BOI,br_CheckIn,TASK_COMPLETE,SUCCESS,INFO,554,554,0,,2026-08-19T11:06:34.343Z,2026-08-19T11:35:09.134Z,1715,2026-08-19T11:35:09.134Z,BOI,Boise,8c2f72fa-f3d3-4c31-9e7b-e1d36d508d72,SAMMS-Boise
202608191135063921,202608191104147945,202608191104147942,106,6909,Clinical Domain Bronze - SaveCheckIn - V10,br_CheckIn,TASK_COMPLETE,SUCCESS,INFO,1197,1197,0,,2026-08-19T11:06:34.343Z,2026-08-19T11:35:09.134Z,1715,2026-08-19T11:35:09.134Z,V10,Boulder,8c2f72fa-f3d3-4c31-9e7b-e1d36d508d72,SAMMS-BoulderV5
202608261139002041,202608261050367399,202608261050367363,18,51036,Orders Bronze SaveOrders - B57B,br_Orders,TASK_COMPLETE,SUCCESS,INFO,0,0,0,,2026-08-26T10:51:23.872Z,2026-08-26T11:39:03.779Z,2860,2026-08-26T11:39:03.779Z,B57B,Middletown,9f27ea6d-77e8-424b-b461-0bad838d803f,SAMMS-Middletown
202608261139002042,202608261050367400,202608261050367363,18,51037,Orders Bronze SaveOrders - B57C,br_Orders,TASK_COMPLETE,SUCCESS,INFO,0,0,0,,2026-08-26T10:51:23.872Z,2026-08-26T11:39:03.779Z,2860,2026-08-26T11:39:03.779Z,B57C,Providence,9f27ea6d-77e8-424b-b461-0bad838d803f,SAMMS-Providence
202608261139002044,202608261050367401,202608261050367363,18,51038,Orders Bronze SaveOrders - B57D,br_Orders,TASK_COMPLETE,SUCCESS,INFO,0,0,0,,2026-08-26T10:51:23.872Z,2026-08-26T11:39:03.779Z,2860,2026-08-26T11:39:03.779Z,B57D,Westerly,9f27ea6d-77e8-424b-b461-0bad838d803f,SAMMS-Westerly
202608261139002045,202608261050367402,202608261050367363,18,51039,Orders Bronze SaveOrders - B66A,br_Orders,TASK_COMPLETE,SUCCESS,INFO,0,0,0,,2026-08-26T10:51:23.872Z,2026-08-26T11:39:03.779Z,2860,2026-08-26T11:39:03.779Z,B66A,Bremen,9f27ea6d-77e8-424b-b461-0bad838d803f,SAMMS-Bremen
202608261139002046,202608261050367403,202608261050367363,18,51040,Orders Bronze SaveOrders - B72,br_Orders,TASK_COMPLETE,SUCCESS,INFO,0,0,0,,2026-08-26T10:51:23.872Z,2026-08-26T11:39:03.779Z,2860,2026-08-26T11:39:03.779Z,B72,Mobile-OBOT,9f27ea6d-77e8-424b-b461-0bad838d803f,SAMMS-Mobile-OBOT
202608261139002047,202608261050367404,202608261050367363,18,51041,Orders Bronze SaveOrders - B73,br_Orders,TASK_COMPLETE,SUCCESS,INFO,0,0,0,,2026-08-26T10:51:23.872Z,2026-08-26T11:39:03.779Z,2860,2026-08-26T11:39:03.779Z,B73,Montgomery,9f27ea6d-77e8-424b-b461-0bad838d803f,SAMMS-Montgomery
202608261139002048,202608261050367405,202608261050367363,18,51042,Orders Bronze SaveOrders - B75,br_Orders,TASK_COMPLETE,SUCCESS,INFO,0,0,0,,2026-08-26T10:51:23.872Z,2026-08-26T11:39:03.779Z,2860,2026-08-26T11:39:03.779Z,B75,Lawrence,9f27ea6d-77e8-424b-b461-0bad838d803f,SAMMS-LawrenceV6
202608190529250926,202608190459200348,202608190459200344,106,6931,Clinical Domain Bronze - SaveBamForm - B12B,br_BAMForm,TASK_COMPLETE,SUCCESS,INFO,376,376,0,,2026-08-19T05:01:28.469Z,2026-08-19T05:31:20.650Z,1792,2026-08-19T05:31:20.650Z,B12B,ColoradoSprings,05916e11-44cf-456b-ac26-991e7ff5d7aa,SAMMS-ColoradoSpringsV5
202608190529250927,202608190459200349,202608190459200344,106,6975,Clinical Domain Bronze - SaveBamForm - BOI,br_BAMForm,TASK_COMPLETE,SUCCESS,INFO,318,318,0,,2026-08-19T05:01:28.469Z,2026-08-19T05:31:20.650Z,1792,2026-08-19T05:31:20.650Z,BOI,Boise,05916e11-44cf-456b-ac26-991e7ff5d7aa,SAMMS-Boise
202608190529250928,202608190459200350,202608190459200344,106,7024,Clinical Domain Bronze - SaveBamForm - V10,br_BAMForm,TASK_COMPLETE,SUCCESS,INFO,473,473,0,,2026-08-19T05:01:28.469Z,2026-08-19T05:31:20.650Z,1792,2026-08-19T05:31:20.650Z,V10,Boulder,05916e11-44cf-456b-ac26-991e7ff5d7aa,SAMMS-BoulderV5
202608191135063922,202608191104147946,202608191104147942,106,6931,Clinical Domain Bronze - SaveBamForm - B12B,br_BAMForm,TASK_COMPLETE,SUCCESS,INFO,377,377,0,,2026-08-19T11:06:34.343Z,2026-08-19T11:35:09.134Z,1715,2026-08-19T11:35:09.134Z,B12B,ColoradoSprings,8c2f72fa-f3d3-4c31-9e7b-e1d36d508d72,SAMMS-ColoradoSpringsV5
202608191135063923,202608191104147947,202608191104147942,106,6975,Clinical Domain Bronze - SaveBamForm - BOI,br_BAMForm,TASK_COMPLETE,SUCCESS,INFO,318,318,0,,2026-08-19T11:06:34.343Z,2026-08-19T11:35:09.134Z,1715,2026-08-19T11:35:09.134Z,BOI,Boise,8c2f72fa-f3d3-4c31-9e7b-e1d36d508d72,SAMMS-Boise
202608191135063924,202608191104147948,202608191104147942,106,7024,Clinical Domain Bronze - SaveBamForm - V10,br_BAMForm,TASK_COMPLETE,SUCCESS,INFO,473,473,0,,2026-08-19T11:06:34.343Z,2026-08-19T11:35:09.134Z,1715,2026-08-19T11:35:09.134Z,V10,Boulder,8c2f72fa-f3d3-4c31-9e7b-e1d36d508d72,SAMMS-BoulderV5
202608261758481419,202608261733446739,202608261733446733,97,5979,P1 Forms E&M Form MDM Bronze - B12B,br_samms_eandm_form_mdm,TASK_COMPLETE,SUCCESS,INFO,2930,2930,0,,2026-08-26T17:33:51.495Z,2026-08-26T17:58:52.846Z,1501,2026-08-26T17:58:52.846Z,B12B,ColoradoSprings,4b416fe5-6f5c-4fb7-baa8-f0b32475e9c6,SAMMS-ColoradoSpringsV5
202608201034573136,202608201013530489,202608201013530447,46,9882,P1 Finance Payer Client Bronze - B12B,br_samms_payer_client,TASK_COMPLETE,SUCCESS,INFO,1470,1470,0,,2026-08-20T10:13:57.622Z,2026-08-20T10:39:20.764Z,1523,2026-08-20T10:39:20.764Z,B12B,ColoradoSprings,069e8d01-766c-4679-b3df-c21f4d7bc3d1,SAMMS-ColoradoSpringsV5
202608251449420170,202608251428352622,202608251428352600,46,9882,P1 Finance Payer Client Bronze - B12B,br_samms_payer_client,TASK_COMPLETE,SUCCESS,INFO,1449,1449,0,,2026-08-25T14:28:42.306Z,2026-08-25T14:49:46.373Z,1264,2026-08-25T14:49:46.373Z,B12B,ColoradoSprings,5e789551-b18e-4745-8526-2b8db3ceeb01,SAMMS-ColoradoSpringsV5
202608201139081714,202608201139081714,202608201136586561,83,6807,Silver Salesforce Patient Surveys,sl_sf_patientsurveys,TASK_DEPENDENCY_BLOCKED,DEPENDENCY_BLOCKED,WARN,0,0,0,Dependency Failed : 6805 (checked: 6805),2026-08-20T11:39:14.626Z,2026-08-20T11:39:14.626Z,0,2026-08-20T11:39:14.626Z,,,79156e84-8509-4e63-a064-b4b0873a2a40,
202608171108071339,202608171031498606,202608171031498593,107,8567,Clinical Domain Silver - SaveMNTreatmentServiceReview,sl_mntreatmentservicereview,TASK_COMPLETE,SUCCESS,INFO,1225,1225,0,,2026-08-17T10:38:10.305Z,2026-08-17T11:08:10.976Z,1800,2026-08-17T11:08:10.976Z,Global,SAMMSGLOBAL,16b28601-46b7-41d7-bb6b-81142615d65b,
202608140744357392,202608140725214693,202608140725214656,118,11274,Bronze P1/P2 Assessments,br_newperiodicreassessmentd3,TASK_COMPLETE,SUCCESS,INFO,0,0,0,,2026-08-14T07:25:23.942Z,2026-08-14T07:44:38.851Z,1155,2026-08-14T07:44:38.851Z,B12B,Colorado Springs,9e759780-91b7-4e4a-882b-cd4350ec70b7,
202608140744357393,202608140725214694,202608140725214656,118,11275,Bronze P1/P2 Assessments,br_newperiodicreassessmentd3,TASK_COMPLETE,SUCCESS,INFO,320,320,0,,2026-08-14T07:25:23.942Z,2026-08-14T07:44:38.851Z,1155,2026-08-14T07:44:38.851Z,B24,Paintsville,9e759780-91b7-4e4a-882b-cd4350ec70b7,
202608140744357394,202608140725214695,202608140725214656,118,11277,Bronze P1/P2 Assessments,br_newperiodicreassessmentd3,TASK_COMPLETE,SUCCESS,INFO,1189,1189,0,,2026-08-14T07:25:23.942Z,2026-08-14T07:44:38.851Z,1155,2026-08-14T07:44:38.851Z,B26,Hazard,9e759780-91b7-4e4a-882b-cd4350ec70b7,
202608140744357395,202608140725214696,202608140725214656,118,11279,Bronze P1/P2 Assessments,br_newperiodicreassessmentd3,TASK_COMPLETE,SUCCESS,INFO,0,0,0,,2026-08-14T07:25:23.942Z,2026-08-14T07:44:38.851Z,1155,2026-08-14T07:44:38.851Z,B28,West Plains,9e759780-91b7-4e4a-882b-cd4350ec70b7,
202608140744357396,202608140725214697,202608140725214656,118,11284,Bronze P1/P2 Assessments,br_newperiodicreassessmentd3,TASK_COMPLETE,SUCCESS,INFO,237,237,0,,2026-08-14T07:25:23.942Z,2026-08-14T07:44:38.851Z,1155,2026-08-14T07:44:38.851Z,B33,Paducah,9e759780-91b7-4e4a-882b-cd4350ec70b7,
202608140744357398,202608140725214698,202608140725214656,118,11339,Bronze P1/P2 Assessments,br_newperiodicreassessmentd3,TASK_COMPLETE,SUCCESS,INFO,0,0,0,,2026-08-14T07:25:23.942Z,2026-08-14T07:44:38.851Z,1155,2026-08-14T07:44:38.851Z,CBCO,Coeur dAlene,9e759780-91b7-4e4a-882b-cd4350ec70b7,
202608180908433820,202608180834632781,202608180834632768,107,8567,Clinical Domain Silver - SaveMNTreatmentServiceReview,sl_mntreatmentservicereview,TASK_COMPLETE,SUCCESS,INFO,1323,1323,0,,2026-08-18T08:37:01.117Z,2026-08-18T09:08:45.854Z,1904,2026-08-18T09:08:45.854Z,Global,SAMMSGLOBAL,08f45940-4fba-4d40-8013-5941939f8b2e,
202608171245095671,202608171211698296,202608171211698283,107,8567,Clinical Domain Silver - SaveMNTreatmentServiceReview,sl_mntreatmentservicereview,TASK_COMPLETE,SUCCESS,INFO,1230,1230,0,,2026-08-17T12:12:57.246Z,2026-08-17T12:45:12.159Z,1935,2026-08-17T12:45:12.159Z,Global,SAMMSGLOBAL,71c4b27b-8df0-48dd-a1ee-a6ea3a63b852,
202608121042551969,202608121009360939,202608121009360893,106,8426,Clinical Domain Bronze - SaveTreatmentLevel - B12B,brz_TreatmentLevel,TASK_COMPLETE,SUCCESS,INFO,522,522,0,,2026-08-12T10:11:56.792Z,2026-08-12T10:43:20.487Z,1884,2026-08-12T10:43:20.487Z,B12B,ColoradoSprings,1325a4eb-aa02-4bc9-9fae-d06e40a0cece,
202608121042551970,202608121009360940,202608121009360893,106,8470,Clinical Domain Bronze - SaveTreatmentLevel - BOI,brz_TreatmentLevel,TASK_COMPLETE,SUCCESS,INFO,298,298,0,,2026-08-12T10:11:56.792Z,2026-08-12T10:43:20.487Z,1884,2026-08-12T10:43:20.487Z,BOI,Boise,1325a4eb-aa02-4bc9-9fae-d06e40a0cece,
202608121042551971,202608121009360941,202608121009360893,106,8519,Clinical Domain Bronze - SaveTreatmentLevel - V10,brz_TreatmentLevel,TASK_COMPLETE,SUCCESS,INFO,663,663,0,,2026-08-12T10:11:56.792Z,2026-08-12T10:43:20.487Z,1884,2026-08-12T10:43:20.487Z,V10,Boulder,1325a4eb-aa02-4bc9-9fae-d06e40a0cece,
202608140744357416,202608140725214714,202608140725214656,118,11826,Bronze P1/P2 Assessments,br_newperiodicreassessmentd6,TASK_COMPLETE,SUCCESS,INFO,0,0,0,,2026-08-14T07:25:23.942Z,2026-08-14T07:44:38.851Z,1155,2026-08-14T07:44:38.851Z,B12B,Colorado Springs,9e759780-91b7-4e4a-882b-cd4350ec70b7,
202608140744357417,202608140725214715,202608140725214656,118,11827,Bronze P1/P2 Assessments,br_newperiodicreassessmentd6,TASK_COMPLETE,SUCCESS,INFO,320,320,0,,2026-08-14T07:25:23.942Z,2026-08-14T07:44:38.851Z,1155,2026-08-14T07:44:38.851Z,B24,Paintsville,9e759780-91b7-4e4a-882b-cd4350ec70b7,
202608140744357418,202608140725214716,202608140725214656,118,11829,Bronze P1/P2 Assessments,br_newperiodicreassessmentd6,TASK_COMPLETE,SUCCESS,INFO,1189,1189,0,,2026-08-14T07:25:23.942Z,2026-08-14T07:44:38.851Z,1155,2026-08-14T07:44:38.851Z,B26,Hazard,9e759780-91b7-4e4a-882b-cd4350ec70b7,
202608140744357419,202608140725214717,202608140725214656,118,11831,Bronze P1/P2 Assessments,br_newperiodicreassessmentd6,TASK_COMPLETE,SUCCESS,INFO,0,0,0,,2026-08-14T07:25:23.942Z,2026-08-14T07:44:38.851Z,1155,2026-08-14T07:44:38.851Z,B28,West Plains,9e759780-91b7-4e4a-882b-cd4350ec70b7,
202608140744357421,202608140725214718,202608140725214656,118,11836,Bronze P1/P2 Assessments,br_newperiodicreassessmentd6,TASK_COMPLETE,SUCCESS,INFO,237,237,0,,2026-08-14T07:25:23.942Z,2026-08-14T07:44:38.851Z,1155,2026-08-14T07:44:38.851Z,B33,Paducah,9e759780-91b7-4e4a-882b-cd4350ec70b7,
202608140744357422,202608140725214719,202608140725214656,118,11891,Bronze P1/P2 Assessments,br_newperiodicreassessmentd6,TASK_COMPLETE,SUCCESS,INFO,0,0,0,,2026-08-14T07:25:23.942Z,2026-08-14T07:44:38.851Z,1155,2026-08-14T07:44:38.851Z,CBCO,Coeur dAlene,9e759780-91b7-4e4a-882b-cd4350ec70b7,
202608141515547581,202608141505574975,202608141505574909,118,12011,Bronze P1/P2 Assessments,br_NewAdmissionAssessmentASAMDimension2,TASK_COMPLETE,SUCCESS,INFO,0,0,0,,2026-08-14T15:06:49.317Z,2026-08-14T15:16:31.149Z,582,2026-08-14T15:16:31.149Z,B24,Paintsville,7969362d-463a-4985-92c3-d629dd6d5c4e,
202608141515547582,202608141505574976,202608141505574909,118,12013,Bronze P1/P2 Assessments,br_NewAdmissionAssessmentASAMDimension2,TASK_COMPLETE,SUCCESS,INFO,0,0,0,,2026-08-14T15:06:49.317Z,2026-08-14T15:16:31.149Z,582,2026-08-14T15:16:31.149Z,B26,Hazard,7969362d-463a-4985-92c3-d629dd6d5c4e,
202608141515547583,202608141505574977,202608141505574909,118,12015,Bronze P1/P2 Assessments,br_NewAdmissionAssessmentASAMDimension2,TASK_COMPLETE,SUCCESS,INFO,0,0,0,,2026-08-14T15:06:49.317Z,2026-08-14T15:16:31.149Z,582,2026-08-14T15:16:31.149Z,B28,West Plains,7969362d-463a-4985-92c3-d629dd6d5c4e,
202608141515547584,202608141505574978,202608141505574909,118,12020,Bronze P1/P2 Assessments,br_NewAdmissionAssessmentASAMDimension2,TASK_COMPLETE,SUCCESS,INFO,0,0,0,,2026-08-14T15:06:49.317Z,2026-08-14T15:16:31.149Z,582,2026-08-14T15:16:31.149Z,B33,Paducah,7969362d-463a-4985-92c3-d629dd6d5c4e,
202608141515547586,202608141505574979,202608141505574909,118,12075,Bronze P1/P2 Assessments,br_NewAdmissionAssessmentASAMDimension2,TASK_COMPLETE,SUCCESS,INFO,0,0,0,,2026-08-14T15:06:49.317Z,2026-08-14T15:16:31.149Z,582,2026-08-14T15:16:31.149Z,CBCO,Coeur dAlene,7969362d-463a-4985-92c3-d629dd6d5c4e,
202608130409166823,202608130315200051,202608130315200005,106,8426,Clinical Domain Bronze - SaveTreatmentLevel - B12B,brz_TreatmentLevel,TASK_COMPLETE,SUCCESS,INFO,523,523,0,,2026-08-13T03:16:19.557Z,2026-08-13T04:09:23.310Z,3184,2026-08-13T04:09:23.310Z,B12B,ColoradoSprings,11ed6329-841a-4e7a-bfb1-61191c79c28e,
202608130409166824,202608130315200052,202608130315200005,106,8470,Clinical Domain Bronze - SaveTreatmentLevel - BOI,brz_TreatmentLevel,TASK_COMPLETE,SUCCESS,INFO,298,298,0,,2026-08-13T03:16:19.557Z,2026-08-13T04:09:23.310Z,3184,2026-08-13T04:09:23.310Z,BOI,Boise,11ed6329-841a-4e7a-bfb1-61191c79c28e,
202608130409166825,202608130315200053,202608130315200005,106,8519,Clinical Domain Bronze - SaveTreatmentLevel - V10,brz_TreatmentLevel,TASK_COMPLETE,SUCCESS,INFO,665,665,0,,2026-08-13T03:16:19.557Z,2026-08-13T04:09:23.310Z,3184,2026-08-13T04:09:23.310Z,V10,Boulder,11ed6329-841a-4e7a-bfb1-61191c79c28e,
202608140744357426,202608140725214723,202608140725214656,118,12013,Bronze P1/P2 Assessments,br_NewAdmissionAssessmentASAMDimension2,TASK_COMPLETE,SUCCESS,INFO,398,398,0,,2026-08-14T07:25:23.942Z,2026-08-14T07:44:38.851Z,1155,2026-08-14T07:44:38.851Z,B26,Hazard,9e759780-91b7-4e4a-882b-cd4350ec70b7,
202608140744357427,202608140725214724,202608140725214656,118,12015,Bronze P1/P2 Assessments,br_NewAdmissionAssessmentASAMDimension2,TASK_COMPLETE,SUCCESS,INFO,0,0,0,,2026-08-14T07:25:23.942Z,2026-08-14T07:44:38.851Z,1155,2026-08-14T07:44:38.851Z,B28,West Plains,9e759780-91b7-4e4a-882b-cd4350ec70b7,
202608140744357429,202608140725214725,202608140725214656,118,12020,Bronze P1/P2 Assessments,br_NewAdmissionAssessmentASAMDimension2,TASK_COMPLETE,SUCCESS,INFO,174,174,0,,2026-08-14T07:25:23.942Z,2026-08-14T07:44:38.851Z,1155,2026-08-14T07:44:38.851Z,B33,Paducah,9e759780-91b7-4e4a-882b-cd4350ec70b7,
202608170650554198,202608170608269048,202608170608269015,106,7966,Clinical Domain Bronze - SaveVACA - B12B,br_VAComprehensiveAssessment,TASK_COMPLETE,SUCCESS,INFO,3,3,0,,2026-08-17T06:09:37.896Z,2026-08-17T06:50:58.970Z,2481,2026-08-17T06:50:58.970Z,B12B,ColoradoSprings,83c0f655-df7d-4ce0-a8e7-3e8120951bbc,
202608261728404532,202608261657310997,202608261657310989,47,9642,P1 Finance Claim Line Item Silver,tbl_ClaimLineItem,TASK_COMPLETE,SUCCESS,INFO,13695,13695,0,,2026-08-26T16:57:24.758Z,2026-08-26T17:29:17.775Z,1913,2026-08-26T17:29:17.775Z,,,7a1b4484-4dc4-4e48-b51b-e78359ce9673,
202608251542248293,202608251517689128,202608251517689120,47,9642,P1 Finance Claim Line Item Silver,tbl_ClaimLineItem,TASK_COMPLETE,SUCCESS,INFO,13695,13695,0,,2026-08-25T15:18:05.141Z,2026-08-25T15:42:26.877Z,1461,2026-08-25T15:42:26.877Z,,,04d587cb-fd28-4f28-a572-c158aa92fa98,
202608141935472367,202608141857340793,202608141857340774,31,94019,FormAnswerSignatures Bronze - B41,br_tblFormAnswerSig,TASK_COMPLETE,SUCCESS,INFO,89728,89728,0,,2026-08-14T18:58:05.482Z,2026-08-14T19:35:50.482Z,2265,2026-08-14T19:35:50.482Z,B41,Chesapeake,015634ea-243f-49e1-a18e-0e1d033651d1,
202608141935472368,202608141857340794,202608141857340774,31,94020,FormAnswerSignatures Bronze - B42,br_tblFormAnswerSig,TASK_COMPLETE,SUCCESS,INFO,126106,126106,0,,2026-08-14T18:58:05.482Z,2026-08-14T19:35:50.482Z,2265,2026-08-14T19:35:50.482Z,B42,VirginiaBeach,015634ea-243f-49e1-a18e-0e1d033651d1,
202608141935472369,202608141857340795,202608141857340774,31,94021,FormAnswerSignatures Bronze - B42A,br_tblFormAnswerSig,TASK_COMPLETE,SUCCESS,INFO,58678,58678,0,,2026-08-14T18:58:05.482Z,2026-08-14T19:35:50.482Z,2265,2026-08-14T19:35:50.482Z,B42A,NewportNews,015634ea-243f-49e1-a18e-0e1d033651d1,
202608170828545817,202608170805168050,202608170805168041,97,6214,P1 Forms SMS Text Consent Form Bronze - B24,br_samms_sms_text_consent_form,TASK_COMPLETE,SUCCESS,INFO,216,216,0,,2026-08-17T08:05:23.166Z,2026-08-17T08:28:58.238Z,1415,2026-08-17T08:28:58.238Z,B24,Paintsville,760fb7f7-522d-45ef-ae35-70bd18d17fef,
202608141935472467,202608141857340886,202608141857340774,31,94112,FormAnswerSignatures Bronze - VBRP,br_tblFormAnswerSig,TASK_COMPLETE,SUCCESS,INFO,245004,245004,0,,2026-08-14T18:58:05.482Z,2026-08-14T19:35:50.482Z,2265,2026-08-14T19:35:50.482Z,VBRP,BrooklynPark,015634ea-243f-49e1-a18e-0e1d033651d1,
202608141935472468,202608141857340887,202608141857340774,31,94113,FormAnswerSignatures Bronze - VMIN,br_tblFormAnswerSig,TASK_COMPLETE,SUCCESS,INFO,202621,202621,0,,2026-08-14T18:58:05.482Z,2026-08-14T19:35:50.482Z,2265,2026-08-14T19:35:50.482Z,VMIN,Minneapolis,015634ea-243f-49e1-a18e-0e1d033651d1,
202608141935472469,202608141857340888,202608141857340774,31,94114,FormAnswerSignatures Bronze - VWBY,br_tblFormAnswerSig,TASK_COMPLETE,SUCCESS,INFO,289015,289015,0,,2026-08-14T18:58:05.482Z,2026-08-14T19:35:50.482Z,2265,2026-08-14T19:35:50.482Z,VWBY,Woodbury,015634ea-243f-49e1-a18e-0e1d033651d1,
202608141935472470,202608141857340889,202608141857340774,31,94115,FormAnswerSignatures Bronze - WIL,br_tblFormAnswerSig,TASK_COMPLETE,SUCCESS,INFO,59156,59156,0,,2026-08-14T18:58:05.482Z,2026-08-14T19:35:50.482Z,2265,2026-08-14T19:35:50.482Z,WIL,Wilson,015634ea-243f-49e1-a18e-0e1d033651d1,
202608150554175923,202608150537402653,202608150537402637,118,10722,Bronze P1/P2 Assessments,br_NewPeriodicReassessment,TASK_COMPLETE,SUCCESS,INFO,0,0,0,,2026-08-15T05:38:25.156Z,2026-08-15T05:54:20.465Z,955,2026-08-15T05:54:20.465Z,B12B,Colorado Springs,92fdec37-a7f1-4589-8ea2-af8b074ddb31,
202608150554175924,202608150537402654,202608150537402637,118,10723,Bronze P1/P2 Assessments,br_NewPeriodicReassessment,TASK_COMPLETE,SUCCESS,INFO,321,321,0,,2026-08-15T05:38:25.156Z,2026-08-15T05:54:20.465Z,955,2026-08-15T05:54:20.465Z,B24,Paintsville,92fdec37-a7f1-4589-8ea2-af8b074ddb31,
202608150554175925,202608150537402655,202608150537402637,118,10725,Bronze P1/P2 Assessments,br_NewPeriodicReassessment,TASK_COMPLETE,SUCCESS,INFO,1197,1197,0,,2026-08-15T05:38:25.156Z,2026-08-15T05:54:20.465Z,955,2026-08-15T05:54:20.465Z,B26,Hazard,92fdec37-a7f1-4589-8ea2-af8b074ddb31,
202608150554175927,202608150537402656,202608150537402637,118,10727,Bronze P1/P2 Assessments,br_NewPeriodicReassessment,TASK_COMPLETE,SUCCESS,INFO,0,0,0,,2026-08-15T05:38:25.156Z,2026-08-15T05:54:20.465Z,955,2026-08-15T05:54:20.465Z,B28,West Plains,92fdec37-a7f1-4589-8ea2-af8b074ddb31,
202608150554175928,202608150537402657,202608150537402637,118,10732,Bronze P1/P2 Assessments,br_NewPeriodicReassessment,TASK_COMPLETE,SUCCESS,INFO,237,237,0,,2026-08-15T05:38:25.156Z,2026-08-15T05:54:20.465Z,955,2026-08-15T05:54:20.465Z,B33,Paducah,92fdec37-a7f1-4589-8ea2-af8b074ddb31,
202608141515547530,202608141505574930,202608141505574909,118,10787,Bronze P1/P2 Assessments,br_NewPeriodicReassessment,TASK_COMPLETE,SUCCESS,INFO,0,0,0,,2026-08-14T15:06:49.317Z,2026-08-14T15:16:31.149Z,582,2026-08-14T15:16:31.149Z,CBCO,Coeur dAlene,7969362d-463a-4985-92c3-d629dd6d5c4e,
202608141515547531,202608141505574931,202608141505574909,118,10905,Bronze P1/P2 Assessments,br_NewPeriodicReassessmentCounselorReview,TASK_COMPLETE,SUCCESS,INFO,0,0,0,,2026-08-14T15:06:49.317Z,2026-08-14T15:16:31.149Z,582,2026-08-14T15:16:31.149Z,AHK,Ahoskie,7969362d-463a-4985-92c3-d629dd6d5c4e,
202608141515547533,202608141505574932,202608141505574909,118,10906,Bronze P1/P2 Assessments,br_NewPeriodicReassessmentCounselorReview,TASK_COMPLETE,SUCCESS,INFO,0,0,0,,2026-08-14T15:06:49.317Z,2026-08-14T15:16:31.149Z,582,2026-08-14T15:16:31.149Z,B12B,Colorado Springs,7969362d-463a-4985-92c3-d629dd6d5c4e,
202608141515547534,202608141505574933,202608141505574909,118,10907,Bronze P1/P2 Assessments,br_NewPeriodicReassessmentCounselorReview,TASK_COMPLETE,SUCCESS,INFO,0,0,0,,2026-08-14T15:06:49.317Z,2026-08-14T15:16:31.149Z,582,2026-08-14T15:16:31.149Z,B24,Paintsville,7969362d-463a-4985-92c3-d629dd6d5c4e,
202608141515547535,202608141505574934,202608141505574909,118,10909,Bronze P1/P2 Assessments,br_NewPeriodicReassessmentCounselorReview,TASK_COMPLETE,SUCCESS,INFO,0,0,0,,2026-08-14T15:06:49.317Z,2026-08-14T15:16:31.149Z,582,2026-08-14T15:16:31.149Z,B26,Hazard,7969362d-463a-4985-92c3-d629dd6d5c4e,
202608141515547519,202608141505574920,202608141505574909,118,10541,Bronze P1/P2 Assessments,br_NewAdmissionAssessmentASAMDimension6,TASK_COMPLETE,SUCCESS,INFO,0,0,0,,2026-08-14T15:06:49.317Z,2026-08-14T15:16:31.149Z,582,2026-08-14T15:16:31.149Z,B26,Hazard,7969362d-463a-4985-92c3-d629dd6d5c4e,
202608141515547520,202608141505574921,202608141505574909,118,10543,Bronze P1/P2 Assessments,br_NewAdmissionAssessmentASAMDimension6,TASK_COMPLETE,SUCCESS,INFO,0,0,0,,2026-08-14T15:06:49.317Z,2026-08-14T15:16:31.149Z,582,2026-08-14T15:16:31.149Z,B28,West Plains,7969362d-463a-4985-92c3-d629dd6d5c4e,
202608141515547522,202608141505574922,202608141505574909,118,10548,Bronze P1/P2 Assessments,br_NewAdmissionAssessmentASAMDimension6,TASK_COMPLETE,SUCCESS,INFO,0,0,0,,2026-08-14T15:06:49.317Z,2026-08-14T15:16:31.149Z,582,2026-08-14T15:16:31.149Z,B33,Paducah,7969362d-463a-4985-92c3-d629dd6d5c4e,
202608141515547523,202608141505574923,202608141505574909,118,10603,Bronze P1/P2 Assessments,br_NewAdmissionAssessmentASAMDimension6,TASK_COMPLETE,SUCCESS,INFO,0,0,0,,2026-08-14T15:06:49.317Z,2026-08-14T15:16:31.149Z,582,2026-08-14T15:16:31.149Z,CBCO,Coeur dAlene,7969362d-463a-4985-92c3-d629dd6d5c4e,
202608141515547524,202608141505574924,202608141505574909,118,10721,Bronze P1/P2 Assessments,br_NewPeriodicReassessment,TASK_COMPLETE,SUCCESS,INFO,0,0,0,,2026-08-14T15:06:49.317Z,2026-08-14T15:16:31.149Z,582,2026-08-14T15:16:31.149Z,AHK,Ahoskie,7969362d-463a-4985-92c3-d629dd6d5c4e,
202608171334544196,202608171334544196,202608171018106132,83,213,Silver Salesforce Contacts,sl_sf_contacts,TASK_ALREADY_COMPLETED,ALREADY_COMPLETED,INFO,0,0,0,Already succeeded in previous attempt,2026-08-17T13:35:01.313Z,2026-08-17T13:35:01.313Z,0,2026-08-17T13:35:01.313Z,,,1cdba2b7-2cc0-4832-97e7-304e1a700c17,
202608151434387482,202608151417675669,202608151417675641,118,10971,Bronze P1/P2 Assessments,br_NewPeriodicReassessmentCounselorReview,TASK_COMPLETE,SUCCESS,INFO,0,0,0,,2026-08-15T14:18:19.683Z,2026-08-15T14:37:39.575Z,1160,2026-08-15T14:37:39.575Z,CBCO,Coeur dAlene,556076c4-618a-4487-8b31-ba5017a3c197,
202608151434387583,202608151417775645,202608151417775641,119,12563,Silver P1/P2 Assessments,sl_NewPeriodicReassessmentCounselorReview,TASK_COMPLETE,SUCCESS,INFO,1749,1749,0,,2026-08-15T14:18:19.683Z,2026-08-15T14:37:39.575Z,1160,2026-08-15T14:37:39.575Z,,,556076c4-618a-4487-8b31-ba5017a3c197,
202608120911546238,202608120822452585,202608120822452528,106,8103,Clinical Domain Bronze - SaveVACASummary - B42D,brz_VAComprehensiveAssessmentSummary,TASK_COMPLETE,SUCCESS,INFO,191,191,0,,2026-08-12T08:25:12.254Z,2026-08-12T09:12:13.728Z,2821,2026-08-12T09:12:13.728Z,B42D,ChesapeakeSouth,577435af-c452-4617-9a3c-7d2b03361707,
202608120911546239,202608120822452586,202608120822452528,106,8125,Clinical Domain Bronze - SaveVACASummary - BOI,brz_VAComprehensiveAssessmentSummary,TASK_COMPLETE,SUCCESS,INFO,1740,1740,0,,2026-08-12T08:25:12.254Z,2026-08-12T09:12:13.728Z,2821,2026-08-12T09:12:13.728Z,BOI,Boise,577435af-c452-4617-9a3c-7d2b03361707,
202608120911546241,202608120822452587,202608120822452528,106,8165,Clinical Domain Bronze - SaveVACASummary - STN,brz_VAComprehensiveAssessmentSummary,TASK_COMPLETE,SUCCESS,INFO,82,82,0,,2026-08-12T08:25:12.254Z,2026-08-12T09:12:13.728Z,2821,2026-08-12T09:12:13.728Z,STN,Staunton,577435af-c452-4617-9a3c-7d2b03361707,
202608120911546242,202608120822452588,202608120822452528,106,8174,Clinical Domain Bronze - SaveVACASummary - V10,brz_VAComprehensiveAssessmentSummary,TASK_COMPLETE,SUCCESS,INFO,1740,1740,0,,2026-08-12T08:25:12.254Z,2026-08-12T09:12:13.728Z,2821,2026-08-12T09:12:13.728Z,V10,Boulder,577435af-c452-4617-9a3c-7d2b03361707,
202608171102595623,202608171031398630,202608171031398593,106,8125,Clinical Domain Bronze - SaveVACASummary - BOI,br_VAComprehensiveAssessmentSummary,TASK_COMPLETE,SUCCESS,INFO,0,0,0,,2026-08-17T10:38:10.305Z,2026-08-17T11:03:03.679Z,1493,2026-08-17T11:03:03.679Z,BOI,Boise,16b28601-46b7-41d7-bb6b-81142615d65b,
202608171102595624,202608171031398631,202608171031398593,106,8174,Clinical Domain Bronze - SaveVACASummary - V10,br_VAComprehensiveAssessmentSummary,TASK_COMPLETE,SUCCESS,INFO,0,0,0,,2026-08-17T10:38:10.305Z,2026-08-17T11:03:03.679Z,1493,2026-08-17T11:03:03.679Z,V10,Boulder,16b28601-46b7-41d7-bb6b-81142615d65b,
202608171102595625,202608171031398632,202608171031398593,106,8305,Clinical Domain Bronze - SaveMNTreatmentServiceReview - VBRA,br_MNTreatmentServiceReview,TASK_COMPLETE,SUCCESS,INFO,148,148,0,,2026-08-17T10:38:10.305Z,2026-08-17T11:03:03.679Z,1493,2026-08-17T11:03:03.679Z,VBRA,Brainerd,16b28601-46b7-41d7-bb6b-81142615d65b,
202608182006250283,202608181956174486,202608181956174485,114,8616,CDC Bronze INV,br_LiquidLog_CDC,TASK_COMPLETE,FAILED,ERROR,0,0,1,CDC pipeline failed. Check the failed parent/child activity run details.,2026-08-18T19:56:36.253Z,2026-08-18T20:09:23.930Z,767,2026-08-18T20:09:23.930Z,AHK,Ahoskie,8dab4cff-7612-4075-a975-28ce5920b57c,
202608210242242700,202608210227262457,202608210227262448,44,8643,SAMMSGLOBAL Silver,sl_GlobalDevices,TASK_COMPLETE,SUCCESS,INFO,4032,0,0,,2026-08-21T02:27:19.171Z,2026-08-21T02:42:27.062Z,908,2026-08-21T02:42:27.062Z,Global,Global,37d39418-848b-43a3-aff1-182cc8bb7455,SAMMSGLOBAL
202608251653065307,202608251629736813,202608251629736804,89,5712,P1 Reference Preadmission Referral Source Silver,tbl_PreadmissionReferralSource,TASK_COMPLETE,SUCCESS,INFO,617,617,0,,2026-08-25T16:30:10.484Z,2026-08-25T16:53:08.464Z,1378,2026-08-25T16:53:08.464Z,,,6d78ce37-8c21-4519-a454-1e5ee4a84a47,
202608140714321925,202608140700696554,202608140700696541,107,8567,Clinical Domain Silver - SaveMNTreatmentServiceReview,slv_mntreatmentservicereview,TASK_COMPLETE,SUCCESS,INFO,1337,46466,0,,2026-08-14T07:02:17.002Z,2026-08-14T07:16:01.674Z,824,2026-08-14T07:16:01.674Z,Global,SAMMSGLOBAL,4f29b93d-8b22-445c-9466-6259e423edcc,
202608140714321827,202608140700596587,202608140700596541,106,8426,Clinical Domain Bronze - SaveTreatmentLevel - B12B,brz_TreatmentLevel,TASK_COMPLETE,SUCCESS,INFO,523,523,0,,2026-08-14T07:02:17.002Z,2026-08-14T07:16:01.674Z,824,2026-08-14T07:16:01.674Z,B12B,ColoradoSprings,4f29b93d-8b22-445c-9466-6259e423edcc,
202608140714321829,202608140700596588,202608140700596541,106,8470,Clinical Domain Bronze - SaveTreatmentLevel - BOI,brz_TreatmentLevel,TASK_COMPLETE,SUCCESS,INFO,298,298,0,,2026-08-14T07:02:17.002Z,2026-08-14T07:16:01.674Z,824,2026-08-14T07:16:01.674Z,BOI,Boise,4f29b93d-8b22-445c-9466-6259e423edcc,
202608140613259463,202608140600263244,202608140600263231,107,8567,Clinical Domain Silver - SaveMNTreatmentServiceReview,slv_mntreatmentservicereview,TASK_COMPLETE,SUCCESS,INFO,1337,46466,0,,2026-08-14T06:01:45.513Z,2026-08-14T06:14:58.932Z,793,2026-08-14T06:14:58.932Z,Global,SAMMSGLOBAL,9a6b8567-8347-49cb-b213-618351c5e21c,
202608140613259365,202608140600163277,202608140600163231,106,8426,Clinical Domain Bronze - SaveTreatmentLevel - B12B,brz_TreatmentLevel,TASK_COMPLETE,SUCCESS,INFO,523,523,0,,2026-08-14T06:01:45.513Z,2026-08-14T06:14:58.932Z,793,2026-08-14T06:14:58.932Z,B12B,ColoradoSprings,9a6b8567-8347-49cb-b213-618351c5e21c,
202608140613259367,202608140600163278,202608140600163231,106,8470,Clinical Domain Bronze - SaveTreatmentLevel - BOI,brz_TreatmentLevel,TASK_COMPLETE,SUCCESS,INFO,298,298,0,,2026-08-14T06:01:45.513Z,2026-08-14T06:14:58.932Z,793,2026-08-14T06:14:58.932Z,BOI,Boise,9a6b8567-8347-49cb-b213-618351c5e21c,
202608191605095683,202608191519695711,202608191519695710,98,5859,P1 Forms Comprehensive Assessment Form Silver,tbl_ComprehensiveAssessmentForm,TASK_COMPLETE,SUCCESS,INFO,49647,49647,0,,2026-08-19T15:20:02.186Z,2026-08-19T16:05:12.022Z,2710,2026-08-19T16:05:12.022Z,,,0e774440-67e4-4817-8f97-24afdbb9d82f,
202608251733582712,202608251712711189,202608251712711180,89,5712,P1 Reference Preadmission Referral Source Silver,tbl_PreadmissionReferralSource,TASK_COMPLETE,SUCCESS,INFO,78,78,0,,2026-08-25T17:13:33.765Z,2026-08-25T17:34:00.541Z,1227,2026-08-25T17:34:00.541Z,,,72553dbc-d702-4eda-a5d0-9ceb643e22ea,
202608121042551952,202608121009360924,202608121009360893,106,7962,Clinical Domain Bronze - SaveMNCALOC - VMIN,brz_MNComprehensiveAssessmentLevelOfCare,TASK_COMPLETE,SUCCESS,INFO,198,198,0,,2026-08-12T10:11:56.792Z,2026-08-12T10:43:20.487Z,1884,2026-08-12T10:43:20.487Z,VMIN,Minneapolis,1325a4eb-aa02-4bc9-9fae-d06e40a0cece,
202608121042551953,202608121009360925,202608121009360893,106,7963,Clinical Domain Bronze - SaveMNCALOC - VWBY,brz_MNComprehensiveAssessmentLevelOfCare,TASK_COMPLETE,SUCCESS,INFO,384,384,0,,2026-08-12T10:11:56.792Z,2026-08-12T10:43:20.487Z,1884,2026-08-12T10:43:20.487Z,VWBY,Woodbury,1325a4eb-aa02-4bc9-9fae-d06e40a0cece,
202608121042551954,202608121009360926,202608121009360893,106,7966,Clinical Domain Bronze - SaveVACA - B12B,brz_VAComprehensiveAssessment,TASK_COMPLETE,SUCCESS,INFO,3,3,0,,2026-08-12T10:11:56.792Z,2026-08-12T10:43:20.487Z,1884,2026-08-12T10:43:20.487Z,B12B,ColoradoSprings,1325a4eb-aa02-4bc9-9fae-d06e40a0cece,
202608130409166805,202608130315200036,202608130315200005,106,7962,Clinical Domain Bronze - SaveMNCALOC - VMIN,brz_MNComprehensiveAssessmentLevelOfCare,TASK_COMPLETE,SUCCESS,INFO,199,199,0,,2026-08-13T03:16:19.557Z,2026-08-13T04:09:23.310Z,3184,2026-08-13T04:09:23.310Z,VMIN,Minneapolis,11ed6329-841a-4e7a-bfb1-61191c79c28e,
202608130409166806,202608130315200037,202608130315200005,106,7963,Clinical Domain Bronze - SaveMNCALOC - VWBY,brz_MNComprehensiveAssessmentLevelOfCare,TASK_COMPLETE,SUCCESS,INFO,385,385,0,,2026-08-13T03:16:19.557Z,2026-08-13T04:09:23.310Z,3184,2026-08-13T04:09:23.310Z,VWBY,Woodbury,11ed6329-841a-4e7a-bfb1-61191c79c28e,
202608130409166808,202608130315200038,202608130315200005,106,7966,Clinical Domain Bronze - SaveVACA - B12B,brz_VAComprehensiveAssessment,TASK_COMPLETE,SUCCESS,INFO,3,3,0,,2026-08-13T03:16:19.557Z,2026-08-13T04:09:23.310Z,3184,2026-08-13T04:09:23.310Z,B12B,ColoradoSprings,11ed6329-841a-4e7a-bfb1-61191c79c28e,
202608140551555116,202608140519472968,202608140519472937,106,7962,Clinical Domain Bronze - SaveMNCALOC - VMIN,brz_MNComprehensiveAssessmentLevelOfCare,TASK_COMPLETE,SUCCESS,INFO,200,200,0,,2026-08-14T05:21:11.366Z,2026-08-14T05:51:58.644Z,1847,2026-08-14T05:51:58.644Z,VMIN,Minneapolis,367e5368-81b8-4196-9731-5b3efc5e39d9,
202608140551555117,202608140519472969,202608140519472937,106,7963,Clinical Domain Bronze - SaveMNCALOC - VWBY,brz_MNComprehensiveAssessmentLevelOfCare,TASK_COMPLETE,SUCCESS,INFO,385,385,0,,2026-08-14T05:21:11.366Z,2026-08-14T05:51:58.644Z,1847,2026-08-14T05:51:58.644Z,VWBY,Woodbury,367e5368-81b8-4196-9731-5b3efc5e39d9,
202608140551555118,202608140519472970,202608140519472937,106,7966,Clinical Domain Bronze - SaveVACA - B12B,brz_VAComprehensiveAssessment,TASK_COMPLETE,SUCCESS,INFO,3,3,0,,2026-08-14T05:21:11.366Z,2026-08-14T05:51:58.644Z,1847,2026-08-14T05:51:58.644Z,B12B,ColoradoSprings,367e5368-81b8-4196-9731-5b3efc5e39d9,
202608171145214429,202608171119587436,202608171119587420,118,10722,Bronze P1/P2 Assessments,br_NewPeriodicReassessment,TASK_COMPLETE,SUCCESS,INFO,0,0,0,,2026-08-17T11:20:06.775Z,2026-08-17T11:45:25.584Z,1519,2026-08-17T11:45:25.584Z,B12B,Colorado Springs,50b193b8-c8c8-41b3-8f69-a5e058560d7e,
202608171145214430,202608171119587437,202608171119587420,118,10723,Bronze P1/P2 Assessments,br_NewPeriodicReassessment,TASK_COMPLETE,SUCCESS,INFO,321,321,0,,2026-08-17T11:20:06.775Z,2026-08-17T11:45:25.584Z,1519,2026-08-17T11:45:25.584Z,B24,Paintsville,50b193b8-c8c8-41b3-8f69-a5e058560d7e,
202608171145214431,202608171119587438,202608171119587420,118,10725,Bronze P1/P2 Assessments,br_NewPeriodicReassessment,TASK_COMPLETE,SUCCESS,INFO,1197,1197,0,,2026-08-17T11:20:06.775Z,2026-08-17T11:45:25.584Z,1519,2026-08-17T11:45:25.584Z,B26,Hazard,50b193b8-c8c8-41b3-8f69-a5e058560d7e,
202608171145214432,202608171119587439,202608171119587420,118,10727,Bronze P1/P2 Assessments,br_NewPeriodicReassessment,TASK_COMPLETE,SUCCESS,INFO,0,0,0,,2026-08-17T11:20:06.775Z,2026-08-17T11:45:25.584Z,1519,2026-08-17T11:45:25.584Z,B28,West Plains,50b193b8-c8c8-41b3-8f69-a5e058560d7e,
202608171145214434,202608171119587440,202608171119587420,118,10732,Bronze P1/P2 Assessments,br_NewPeriodicReassessment,TASK_COMPLETE,SUCCESS,INFO,237,237,0,,2026-08-17T11:20:06.775Z,2026-08-17T11:45:25.584Z,1519,2026-08-17T11:45:25.584Z,B33,Paducah,50b193b8-c8c8-41b3-8f69-a5e058560d7e,
202608171342232850,202608171342232850,202608171026319654,84,13675,Gold Salesforce PatientLeads,PatientLeads,TASK_ALREADY_COMPLETED,ALREADY_COMPLETED,INFO,0,0,0,Already succeeded in previous attempt,2026-08-17T13:42:29.797Z,2026-08-17T13:42:29.797Z,0,2026-08-17T13:42:29.797Z,,,1cdba2b7-2cc0-4832-97e7-304e1a700c17,
202608150831246966,202608150831246966,202608141121345444,84,13675,Gold Salesforce PatientLeads,PatientLeads,TASK_ALREADY_COMPLETED,ALREADY_COMPLETED,INFO,0,0,0,Already succeeded in previous attempt,2026-08-15T08:31:29.692Z,2026-08-15T08:31:29.692Z,0,2026-08-15T08:31:29.692Z,,,749d5262-86ff-40e0-8a86-2235f2d6051c,
202608150748397707,202608150748397707,202608141121345444,84,13675,Gold Salesforce PatientLeads,PatientLeads,TASK_ALREADY_COMPLETED,ALREADY_COMPLETED,INFO,0,0,0,Already succeeded in previous attempt,2026-08-15T07:48:45.072Z,2026-08-15T07:48:45.072Z,0,2026-08-15T07:48:45.072Z,,,7aeef17f-6a83-4892-911d-f2c8473c9ddd,
202608150650515182,202608150650515181,202608141121345444,84,13675,Gold Salesforce PatientLeads,PatientLeads,TASK_ALREADY_COMPLETED,ALREADY_COMPLETED,INFO,0,0,0,Already succeeded in previous attempt,2026-08-15T06:50:56.028Z,2026-08-15T06:50:56.028Z,0,2026-08-15T06:50:56.028Z,,,4b120bb3-f1e6-442e-8114-0fadc28f6b49,
202608110409368529,202608110331629368,202608110331629359,106,7139,Clinical Domain Bronze - SaveBamScore - V10,brz_BAMScore,TASK_COMPLETE,SUCCESS,INFO,9777,9777,0,,2026-08-11T03:32:39.288Z,2026-08-11T04:09:40.942Z,2221,2026-08-11T04:09:40.942Z,V10,Boulder,6e36e3b5-c33e-4cc8-b6e2-dc5c3524428c,
202608110409368530,202608110331629369,202608110331629359,106,7161,Clinical Domain Bronze - SaveCows_v6 - B12B,brz_Cows_v6,TASK_COMPLETE,SUCCESS,INFO,7675,7675,0,,2026-08-11T03:32:39.288Z,2026-08-11T04:09:40.942Z,2221,2026-08-11T04:09:40.942Z,B12B,ColoradoSprings,6e36e3b5-c33e-4cc8-b6e2-dc5c3524428c,
202608110409368531,202608110331629370,202608110331629359,106,7205,Clinical Domain Bronze - SaveCows_v6 - BOI,brz_Cows_v6,TASK_COMPLETE,SUCCESS,INFO,3679,3679,0,,2026-08-11T03:32:39.288Z,2026-08-11T04:09:40.942Z,2221,2026-08-11T04:09:40.942Z,BOI,Boise,6e36e3b5-c33e-4cc8-b6e2-dc5c3524428c,
202608110409368532,202608110331629371,202608110331629359,106,7254,Clinical Domain Bronze - SaveCows_v6 - V10,brz_Cows_v6,TASK_COMPLETE,SUCCESS,INFO,12299,12299,0,,2026-08-11T03:32:39.288Z,2026-08-11T04:09:40.942Z,2221,2026-08-11T04:09:40.942Z,V10,Boulder,6e36e3b5-c33e-4cc8-b6e2-dc5c3524428c,
202608120911546182,202608120822452537,202608120822452528,106,7139,Clinical Domain Bronze - SaveBamScore - V10,brz_BAMScore,TASK_COMPLETE,SUCCESS,INFO,9786,9786,0,,2026-08-12T08:25:12.254Z,2026-08-12T09:12:13.728Z,2821,2026-08-12T09:12:13.728Z,V10,Boulder,577435af-c452-4617-9a3c-7d2b03361707,
202608120911546183,202608120822452538,202608120822452528,106,7161,Clinical Domain Bronze - SaveCows_v6 - B12B,brz_Cows_v6,TASK_COMPLETE,SUCCESS,INFO,7695,7695,0,,2026-08-12T08:25:12.254Z,2026-08-12T09:12:13.728Z,2821,2026-08-12T09:12:13.728Z,B12B,ColoradoSprings,577435af-c452-4617-9a3c-7d2b03361707,
202608120911546184,202608120822452539,202608120822452528,106,7205,Clinical Domain Bronze - SaveCows_v6 - BOI,brz_Cows_v6,TASK_COMPLETE,SUCCESS,INFO,3690,3690,0,,2026-08-12T08:25:12.254Z,2026-08-12T09:12:13.728Z,2821,2026-08-12T09:12:13.728Z,BOI,Boise,577435af-c452-4617-9a3c-7d2b03361707,
202608120911546186,202608120822452540,202608120822452528,106,7254,Clinical Domain Bronze - SaveCows_v6 - V10,brz_Cows_v6,TASK_COMPLETE,SUCCESS,INFO,12309,12309,0,,2026-08-12T08:25:12.254Z,2026-08-12T09:12:13.728Z,2821,2026-08-12T09:12:13.728Z,V10,Boulder,577435af-c452-4617-9a3c-7d2b03361707,
202608120345496404,202608120259257378,202608120259257369,106,7139,Clinical Domain Bronze - SaveBamScore - V10,brz_BAMScore,TASK_COMPLETE,SUCCESS,INFO,9786,9786,0,,2026-08-12T03:00:44.797Z,2026-08-12T03:45:52.499Z,2708,2026-08-12T03:45:52.499Z,V10,Boulder,72952692-3a45-4fdd-be32-4592206c2867,
202608120345496405,202608120259257379,202608120259257369,106,7161,Clinical Domain Bronze - SaveCows_v6 - B12B,brz_Cows_v6,TASK_COMPLETE,SUCCESS,INFO,7695,7695,0,,2026-08-12T03:00:44.797Z,2026-08-12T03:45:52.499Z,2708,2026-08-12T03:45:52.499Z,B12B,ColoradoSprings,72952692-3a45-4fdd-be32-4592206c2867,
202608120345496406,202608120259257380,202608120259257369,106,7205,Clinical Domain Bronze - SaveCows_v6 - BOI,brz_Cows_v6,TASK_COMPLETE,SUCCESS,INFO,3690,3690,0,,2026-08-12T03:00:44.797Z,2026-08-12T03:45:52.499Z,2708,2026-08-12T03:45:52.499Z,BOI,Boise,72952692-3a45-4fdd-be32-4592206c2867,
202608120345496408,202608120259257381,202608120259257369,106,7254,Clinical Domain Bronze - SaveCows_v6 - V10,brz_Cows_v6,TASK_COMPLETE,SUCCESS,INFO,12309,12309,0,,2026-08-12T03:00:44.797Z,2026-08-12T03:45:52.499Z,2708,2026-08-12T03:45:52.499Z,V10,Boulder,72952692-3a45-4fdd-be32-4592206c2867,
202608171108071337,202608171031498604,202608171031498593,107,8565,Clinical Domain Silver - SaveVACA,sl_vacomprehensiveassessment,TASK_COMPLETE,SUCCESS,INFO,0,0,0,,2026-08-17T10:38:10.305Z,2026-08-17T11:08:10.976Z,1800,2026-08-17T11:08:10.976Z,Global,SAMMSGLOBAL,16b28601-46b7-41d7-bb6b-81142615d65b,
202608181230520165,202608181205521851,202608181205521842,118,10732,Bronze P1/P2 Assessments,br_NewPeriodicReassessment,TASK_COMPLETE,SUCCESS,INFO,237,237,0,,2026-08-18T12:06:00.341Z,2026-08-18T12:30:55.108Z,1495,2026-08-18T12:30:55.108Z,B33,Paducah,201d97b6-7f87-43f7-a098-fb002daf1faf,
202608181230520167,202608181205521852,202608181205521842,118,10907,Bronze P1/P2 Assessments,br_NewPeriodicReassessmentCounselorReview,TASK_COMPLETE,SUCCESS,INFO,321,321,0,,2026-08-18T12:06:00.341Z,2026-08-18T12:30:55.108Z,1495,2026-08-18T12:30:55.108Z,B24,Paintsville,201d97b6-7f87-43f7-a098-fb002daf1faf,
202608170614178964,202608170551256463,202608170551256420,46,9883,P1 Finance Payer Client Bronze - B24,br_samms_payer_client,TASK_COMPLETE,SUCCESS,INFO,1760,1760,0,,2026-08-17T05:51:47.044Z,2026-08-17T06:14:21.786Z,1354,2026-08-17T06:14:21.786Z,B24,Paintsville,09d84bc7-e629-48a4-a32a-826b207e96d1,
202608170614178965,202608170551256464,202608170551256420,46,9884,P1 Finance Payer Client Bronze - B25,br_samms_payer_client,TASK_COMPLETE,SUCCESS,INFO,990,990,0,,2026-08-17T05:51:47.044Z,2026-08-17T06:14:21.786Z,1354,2026-08-17T06:14:21.786Z,B25,Pikeville,09d84bc7-e629-48a4-a32a-826b207e96d1,
202608130414588478,202608130315300012,202608130315300005,107,8561,Clinical Domain Silver - BulkDartsSrvLoader,slv_uaresultdetail,TASK_COMPLETE,SUCCESS,INFO,207603,207603,0,,2026-08-13T03:16:19.557Z,2026-08-13T04:15:00.802Z,3521,2026-08-13T04:15:00.802Z,Global,SAMMSGLOBAL,11ed6329-841a-4e7a-bfb1-61191c79c28e,
202608140551471262,202608140537410921,202608140537410912,118,10732,Bronze P1/P2 Assessments,br_NewPeriodicReassessment,TASK_COMPLETE,SUCCESS,INFO,237,237,0,,2026-08-14T05:37:54.245Z,2026-08-14T05:51:50.752Z,836,2026-08-14T05:51:50.752Z,B33,Paducah,49a6a879-8aad-45bb-887e-905eab5ea9bb,
202608140551471263,202608140537410922,202608140537410912,118,10907,Bronze P1/P2 Assessments,br_NewPeriodicReassessmentCounselorReview,TASK_COMPLETE,SUCCESS,INFO,320,320,0,,2026-08-14T05:37:54.245Z,2026-08-14T05:51:50.752Z,836,2026-08-14T05:51:50.752Z,B24,Paintsville,49a6a879-8aad-45bb-887e-905eab5ea9bb,
202608170650554196,202608170608269046,202608170608269015,106,7962,Clinical Domain Bronze - SaveMNCALOC - VMIN,br_MNComprehensiveAssessmentLevelOfCare,TASK_COMPLETE,SUCCESS,INFO,197,197,0,,2026-08-17T06:09:37.896Z,2026-08-17T06:50:58.970Z,2481,2026-08-17T06:50:58.970Z,VMIN,Minneapolis,83c0f655-df7d-4ce0-a8e7-3e8120951bbc,
202608280639560764,202608280639560763,20260828063947,4,28,8x8 CallInteractions API,br_8x8_HistoricalCCDetailedInteractions,TASK_COMPLETE,SUCCESS,INFO,879,879,0,,2026-08-28T06:39:56.076Z,2026-08-28T06:40:30.903Z,32,2026-08-28T06:40:30.903Z,,,6f91deae-0832-4a56-ab71-80188798e1a1,
202608251335035997,202608251335035997,20260825133455,4,28,8x8 CallInteractions API,br_8x8_HistoricalCCDetailedInteractions,TASK_COMPLETE,SUCCESS,INFO,922,922,0,,2026-08-25T13:35:03.599Z,2026-08-25T13:35:40.994Z,34,2026-08-25T13:35:40.994Z,,,3475c8ff-ffdb-4323-a994-e16cd3be5d9b,
202608171335306870,202608171335306869,202608171018106132,83,215,Silver Salesforce Outreach Events,sl_sf_events,TASK_ALREADY_COMPLETED,ALREADY_COMPLETED,INFO,0,0,0,Already succeeded in previous attempt,2026-08-17T13:35:37.787Z,2026-08-17T13:35:37.787Z,0,2026-08-17T13:35:37.787Z,,,1cdba2b7-2cc0-4832-97e7-304e1a700c17,
202608142019050080,202608141850614657,202608141850614621,28,91036,FormQuestionAnswers Bronze - B57B,br_tblFormQA,TASK_COMPLETE,SUCCESS,INFO,41170,41170,0,,2026-08-14T18:51:07.427Z,2026-08-14T20:19:08.156Z,5281,2026-08-14T20:19:08.156Z,B57B,Middletown,06b9d75d-291b-4cd2-9a89-52908a52280f,
202608142019050081,202608141850614658,202608141850614621,28,91037,FormQuestionAnswers Bronze - B57C,br_tblFormQA,TASK_COMPLETE,SUCCESS,INFO,92813,92813,0,,2026-08-14T18:51:07.427Z,2026-08-14T20:19:08.156Z,5281,2026-08-14T20:19:08.156Z,B57C,Providence,06b9d75d-291b-4cd2-9a89-52908a52280f,
202608142019050082,202608141850614659,202608141850614621,28,91038,FormQuestionAnswers Bronze - B57D,br_tblFormQA,TASK_COMPLETE,SUCCESS,INFO,84785,84785,0,,2026-08-14T18:51:07.427Z,2026-08-14T20:19:08.156Z,5281,2026-08-14T20:19:08.156Z,B57D,Westerly,06b9d75d-291b-4cd2-9a89-52908a52280f,
202608142019050084,202608141850614660,202608141850614621,28,91039,FormQuestionAnswers Bronze - B66A,br_tblFormQA,TASK_COMPLETE,SUCCESS,INFO,44583,44583,0,,2026-08-14T18:51:07.427Z,2026-08-14T20:19:08.156Z,5281,2026-08-14T20:19:08.156Z,B66A,Bremen,06b9d75d-291b-4cd2-9a89-52908a52280f,
202608142019050085,202608141850614661,202608141850614621,28,91040,FormQuestionAnswers Bronze - B72,br_tblFormQA,TASK_COMPLETE,SUCCESS,INFO,31673,31673,0,,2026-08-14T18:51:07.427Z,2026-08-14T20:19:08.156Z,5281,2026-08-14T20:19:08.156Z,B72,Mobile-OBOT,06b9d75d-291b-4cd2-9a89-52908a52280f,
202608142019050086,202608141850614662,202608141850614621,28,91041,FormQuestionAnswers Bronze - B73,br_tblFormQA,TASK_COMPLETE,SUCCESS,INFO,15602,15602,0,,2026-08-14T18:51:07.427Z,2026-08-14T20:19:08.156Z,5281,2026-08-14T20:19:08.156Z,B73,Montgomery,06b9d75d-291b-4cd2-9a89-52908a52280f,
202608142019050087,202608141850614663,202608141850614621,28,91042,FormQuestionAnswers Bronze - B75,br_tblFormQA,TASK_COMPLETE,SUCCESS,INFO,120071,120071,0,,2026-08-14T18:51:07.427Z,2026-08-14T20:19:08.156Z,5281,2026-08-14T20:19:08.156Z,B75,Lawrence,06b9d75d-291b-4cd2-9a89-52908a52280f,
202608170828545808,202608170805168043,202608170805168041,97,5754,P1 Forms Comprehensive Assessment Form Bronze - B33,br_samms_comprehensive_assessment_form,TASK_COMPLETE,SUCCESS,INFO,352,352,0,,2026-08-17T08:05:23.166Z,2026-08-17T08:28:58.238Z,1415,2026-08-17T08:28:58.238Z,B33,Paducah,760fb7f7-522d-45ef-ae35-70bd18d17fef,
202608141515547508,202608141505574910,202608141505574909,118,10353,Bronze P1/P2 Assessments,br_NewAdmissionAssessment,TASK_COMPLETE,SUCCESS,INFO,0,0,0,,2026-08-14T15:06:49.317Z,2026-08-14T15:16:31.149Z,582,2026-08-14T15:16:31.149Z,AHK,Ahoskie,7969362d-463a-4985-92c3-d629dd6d5c4e,
202608141515547509,202608141505574911,202608141505574909,118,10354,Bronze P1/P2 Assessments,br_NewAdmissionAssessment,TASK_COMPLETE,SUCCESS,INFO,0,0,0,,2026-08-14T15:06:49.317Z,2026-08-14T15:16:31.149Z,582,2026-08-14T15:16:31.149Z,B12B,Colorado Springs,7969362d-463a-4985-92c3-d629dd6d5c4e,
202608141515547510,202608141505574912,202608141505574909,118,10355,Bronze P1/P2 Assessments,br_NewAdmissionAssessment,TASK_COMPLETE,SUCCESS,INFO,0,0,0,,2026-08-14T15:06:49.317Z,2026-08-14T15:16:31.149Z,582,2026-08-14T15:16:31.149Z,B24,Paintsville,7969362d-463a-4985-92c3-d629dd6d5c4e,
202608141515547511,202608141505574913,202608141505574909,118,10357,Bronze P1/P2 Assessments,br_NewAdmissionAssessment,TASK_COMPLETE,SUCCESS,INFO,0,0,0,,2026-08-14T15:06:49.317Z,2026-08-14T15:16:31.149Z,582,2026-08-14T15:16:31.149Z,B26,Hazard,7969362d-463a-4985-92c3-d629dd6d5c4e,
202608141515547513,202608141505574914,202608141505574909,118,10359,Bronze P1/P2 Assessments,br_NewAdmissionAssessment,TASK_COMPLETE,SUCCESS,INFO,0,0,0,,2026-08-14T15:06:49.317Z,2026-08-14T15:16:31.149Z,582,2026-08-14T15:16:31.149Z,B28,West Plains,7969362d-463a-4985-92c3-d629dd6d5c4e,
202608251454402511,202608251428452611,202608251428452600,47,9996,P1 Finance Payer Client Silver,tbl_PayerClient,TASK_COMPLETE,SUCCESS,INFO,1643,1643,0,,2026-08-25T14:28:42.306Z,2026-08-25T14:54:42.345Z,1560,2026-08-25T14:54:42.345Z,,,5e789551-b18e-4745-8526-2b8db3ceeb01,
202608200307397661,202608200240773835,202608200240773824,47,9996,P1 Finance Payer Client Silver,tbl_PayerClient,TASK_COMPLETE,SUCCESS,INFO,4516,4516,0,,2026-08-20T02:41:23.064Z,2026-08-20T03:07:41.295Z,1578,2026-08-20T03:07:41.295Z,,,05c5c70e-2926-4311-8f49-65b9279948a3,
202608261802020223,202608261733546737,202608261733546733,98,6210,P1 Forms SF Data Forms Silver,tbl_SF_DataForms,TASK_COMPLETE,SUCCESS,INFO,3788,3788,0,,2026-08-26T17:33:51.495Z,2026-08-26T18:02:05.602Z,1694,2026-08-26T18:02:05.602Z,,,4b416fe5-6f5c-4fb7-baa8-f0b32475e9c6,
202608201034573239,202608201013630458,202608201013630447,47,9996,P1 Finance Payer Client Silver,tbl_PayerClient,TASK_COMPLETE,SUCCESS,INFO,4516,4516,0,,2026-08-20T10:13:57.622Z,2026-08-20T10:39:20.764Z,1523,2026-08-20T10:39:20.764Z,,,069e8d01-766c-4679-b3df-c21f4d7bc3d1,
202608151132574375,202608151055424871,202608151055424858,106,7276,Clinical Domain Bronze - SaveUAResults - B12B,br_UAResults,TASK_COMPLETE,SUCCESS,INFO,1,1,0,,2026-08-15T10:59:41.813Z,2026-08-15T11:42:22.397Z,2561,2026-08-15T11:42:22.397Z,B12B,ColoradoSprings,09bdfa13-0c4c-4ca3-9dd3-abd349cbbab4,
202608151132574376,202608151055424872,202608151055424858,106,7320,Clinical Domain Bronze - SaveUAResults - BOI,br_UAResults,TASK_COMPLETE,SUCCESS,INFO,1,1,0,,2026-08-15T10:59:41.813Z,2026-08-15T11:42:22.397Z,2561,2026-08-15T11:42:22.397Z,BOI,Boise,09bdfa13-0c4c-4ca3-9dd3-abd349cbbab4,
202608151132574377,202608151055424873,202608151055424858,106,7369,Clinical Domain Bronze - SaveUAResults - V10,br_UAResults,TASK_COMPLETE,SUCCESS,INFO,1,1,0,,2026-08-15T10:59:41.813Z,2026-08-15T11:42:22.397Z,2561,2026-08-15T11:42:22.397Z,V10,Boulder,09bdfa13-0c4c-4ca3-9dd3-abd349cbbab4,
202608170505380884,202608170422215763,202608170422215750,106,7276,Clinical Domain Bronze - SaveUAResults - B12B,br_UAResults,TASK_COMPLETE,SUCCESS,INFO,1,1,0,,2026-08-17T04:29:17.023Z,2026-08-17T05:06:50.333Z,2253,2026-08-17T05:06:50.333Z,B12B,ColoradoSprings,0b53dc13-182d-4036-9b17-0891eca5f916,
202608170505380885,202608170422215764,202608170422215750,106,7320,Clinical Domain Bronze - SaveUAResults - BOI,br_UAResults,TASK_COMPLETE,SUCCESS,INFO,1,1,0,,2026-08-17T04:29:17.023Z,2026-08-17T05:06:50.333Z,2253,2026-08-17T05:06:50.333Z,BOI,Boise,0b53dc13-182d-4036-9b17-0891eca5f916,
202608170505380886,202608170422215765,202608170422215750,106,7369,Clinical Domain Bronze - SaveUAResults - V10,br_UAResults,TASK_COMPLETE,SUCCESS,INFO,1,1,0,,2026-08-17T04:29:17.023Z,2026-08-17T05:06:50.333Z,2253,2026-08-17T05:06:50.333Z,V10,Boulder,0b53dc13-182d-4036-9b17-0891eca5f916,
202608151352479067,202608151310407816,202608151310407803,106,7276,Clinical Domain Bronze - SaveUAResults - B12B,br_UAResults,TASK_COMPLETE,SUCCESS,INFO,1,1,0,,2026-08-15T13:11:43.813Z,2026-08-15T13:52:51.092Z,2468,2026-08-15T13:52:51.092Z,B12B,ColoradoSprings,56214535-005b-4285-976b-e0172bc11b0b,
202608151352479068,202608151310407817,202608151310407803,106,7320,Clinical Domain Bronze - SaveUAResults - BOI,br_UAResults,TASK_COMPLETE,SUCCESS,INFO,1,1,0,,2026-08-15T13:11:43.813Z,2026-08-15T13:52:51.092Z,2468,2026-08-15T13:52:51.092Z,BOI,Boise,56214535-005b-4285-976b-e0172bc11b0b,
202608151352479069,202608151310407818,202608151310407803,106,7369,Clinical Domain Bronze - SaveUAResults - V10,br_UAResults,TASK_COMPLETE,SUCCESS,INFO,1,1,0,,2026-08-15T13:11:43.813Z,2026-08-15T13:52:51.092Z,2468,2026-08-15T13:52:51.092Z,V10,Boulder,56214535-005b-4285-976b-e0172bc11b0b,
202608141935472425,202608141857340847,202608141857340774,31,94073,FormAnswerSignatures Bronze - LV1,br_tblFormAnswerSig,TASK_COMPLETE,SUCCESS,INFO,99448,99448,0,,2026-08-14T18:58:05.482Z,2026-08-14T19:35:50.482Z,2265,2026-08-14T19:35:50.482Z,LV1,Cheyenne,015634ea-243f-49e1-a18e-0e1d033651d1,
202608141935472426,202608141857340848,202608141857340774,31,94074,FormAnswerSignatures Bronze - LV2,br_tblFormAnswerSig,TASK_COMPLETE,SUCCESS,INFO,76489,76489,0,,2026-08-14T18:58:05.482Z,2026-08-14T19:35:50.482Z,2265,2026-08-14T19:35:50.482Z,LV2,DesertInn,015634ea-243f-49e1-a18e-0e1d033651d1,
202608141935472427,202608141857340849,202608141857340774,31,94075,FormAnswerSignatures Bronze - LV3,br_tblFormAnswerSig,TASK_COMPLETE,SUCCESS,INFO,31994,31994,0,,2026-08-14T18:58:05.482Z,2026-08-14T19:35:50.482Z,2265,2026-08-14T19:35:50.482Z,LV3,McDaniel,015634ea-243f-49e1-a18e-0e1d033651d1,
202608141506426629,202608141444143617,202608141444143611,46,8938,P1 Finance VW 3P Bill Sub Bronze - B12B,br_samms_vw3p_bill_sub,TASK_COMPLETE,SUCCESS,INFO,1229,1229,0,,2026-08-14T14:44:17.762Z,2026-08-14T15:09:27.882Z,1510,2026-08-14T15:09:27.882Z,B12B,ColoradoSprings,1c123384-c339-4954-be1f-3a8d150ebb14,
202608141935472441,202608141857340862,202608141857340774,31,94088,FormAnswerSignatures Bronze - TE,br_tblFormAnswerSig,TASK_COMPLETE,SUCCESS,INFO,17936,17936,0,,2026-08-14T18:58:05.482Z,2026-08-14T19:35:50.482Z,2265,2026-08-14T19:35:50.482Z,TE,Tempe,015634ea-243f-49e1-a18e-0e1d033651d1,
202608141935472443,202608141857340863,202608141857340774,31,94089,FormAnswerSignatures Bronze - TEX,br_tblFormAnswerSig,TASK_COMPLETE,SUCCESS,INFO,25307,25307,0,,2026-08-14T18:58:05.482Z,2026-08-14T19:35:50.482Z,2265,2026-08-14T19:35:50.482Z,TEX,Texarkana,015634ea-243f-49e1-a18e-0e1d033651d1,
202608141935472444,202608141857340864,202608141857340774,31,94090,FormAnswerSignatures Bronze - TTCA,br_tblFormAnswerSig,TASK_COMPLETE,SUCCESS,INFO,88028,88028,0,,2026-08-14T18:58:05.482Z,2026-08-14T19:35:50.482Z,2265,2026-08-14T19:35:50.482Z,TTCA,Bessemer,015634ea-243f-49e1-a18e-0e1d033651d1,
202608140551471269,202608140537410927,202608140537410912,118,11100,Bronze P1/P2 Assessments,br_newperiodicreassessmentd2,TASK_COMPLETE,SUCCESS,INFO,237,237,0,,2026-08-14T05:37:54.245Z,2026-08-14T05:51:50.752Z,836,2026-08-14T05:51:50.752Z,B33,Paducah,49a6a879-8aad-45bb-887e-905eab5ea9bb,
202608140551471270,202608140537410928,202608140537410912,118,11275,Bronze P1/P2 Assessments,br_newperiodicreassessmentd3,TASK_COMPLETE,SUCCESS,INFO,320,320,0,,2026-08-14T05:37:54.245Z,2026-08-14T05:51:50.752Z,836,2026-08-14T05:51:50.752Z,B24,Paintsville,49a6a879-8aad-45bb-887e-905eab5ea9bb,
202608140551471271,202608140537410929,202608140537410912,118,11277,Bronze P1/P2 Assessments,br_newperiodicreassessmentd3,TASK_COMPLETE,SUCCESS,INFO,1189,1189,0,,2026-08-14T05:37:54.245Z,2026-08-14T05:51:50.752Z,836,2026-08-14T05:51:50.752Z,B26,Hazard,49a6a879-8aad-45bb-887e-905eab5ea9bb,
202608140551471272,202608140537410930,202608140537410912,118,11284,Bronze P1/P2 Assessments,br_newperiodicreassessmentd3,TASK_COMPLETE,SUCCESS,INFO,237,237,0,,2026-08-14T05:37:54.245Z,2026-08-14T05:51:50.752Z,836,2026-08-14T05:51:50.752Z,B33,Paducah,49a6a879-8aad-45bb-887e-905eab5ea9bb,
202608181238297192,202608181207708139,202608181207708120,123,13290,Assessments Bronze - SavePADimension5 - AHK,br_PADimension5,TASK_COMPLETE,SUCCESS,INFO,65,65,0,,2026-08-18T12:09:06.544Z,2026-08-18T12:38:32.842Z,1766,2026-08-18T12:38:32.842Z,AHK,Ahoskie,6a9f8fe6-e2a7-49ab-8570-443c59873958,
202608181238297193,202608181207708140,202608181207708120,123,13291,Assessments Bronze - SavePADimension5 - B12B,br_PADimension5,TASK_COMPLETE,SUCCESS,INFO,822,822,0,,2026-08-18T12:09:06.544Z,2026-08-18T12:38:32.842Z,1766,2026-08-18T12:38:32.842Z,B12B,ColoradoSprings,6a9f8fe6-e2a7-49ab-8570-443c59873958,
202608181053385143,202608181018308819,202608181018308812,123,12830,Assessments Bronze - SavePADimension1 - AHK,br_PADimension1,TASK_COMPLETE,SUCCESS,INFO,67,67,0,,2026-08-18T10:19:21.940Z,2026-08-18T10:53:43.553Z,2062,2026-08-18T10:53:43.553Z,AHK,Ahoskie,06767fa9-f980-4e92-a048-4dd43e2dbe98,
202608181053385144,202608181018308820,202608181018308812,123,12831,Assessments Bronze - SavePADimension1 - B12B,br_PADimension1,TASK_COMPLETE,SUCCESS,INFO,833,833,0,,2026-08-18T10:19:21.940Z,2026-08-18T10:53:43.553Z,2062,2026-08-18T10:53:43.553Z,B12B,ColoradoSprings,06767fa9-f980-4e92-a048-4dd43e2dbe98,
202608210239317732,202608210227162449,202608210227162448,43,172,SAMMSGLOBAL Bronze,br_GlobalPayor,TASK_COMPLETE,SUCCESS,INFO,909,909,0,,2026-08-21T02:27:19.171Z,2026-08-21T02:39:34.839Z,735,2026-08-21T02:39:34.839Z,Global,Global,37d39418-848b-43a3-aff1-182cc8bb7455,SAMMSGLOBAL
202608141506426660,202608141444143623,202608141444143611,46,9292,P1 Finance Financial Hardship Application Bronze - B12B,br_samms_financial_hardship_application,TASK_COMPLETE,SUCCESS,INFO,119,119,0,,2026-08-14T14:44:17.762Z,2026-08-14T15:09:27.882Z,1510,2026-08-14T15:09:27.882Z,B12B,ColoradoSprings,1c123384-c339-4954-be1f-3a8d150ebb14,
202608142019050144,202608141850614713,202608141850614621,28,91092,FormQuestionAnswers Bronze - TTCC,br_tblFormQA,TASK_COMPLETE,SUCCESS,INFO,208305,208305,0,,2026-08-14T18:51:07.427Z,2026-08-14T20:19:08.156Z,5281,2026-08-14T20:19:08.156Z,TTCC,GrandBay,06b9d75d-291b-4cd2-9a89-52908a52280f,
202608142019050145,202608141850614714,202608141850614621,28,91093,FormQuestionAnswers Bronze - TU,br_tblFormQA,TASK_COMPLETE,SUCCESS,INFO,14110,14110,0,,2026-08-14T18:51:07.427Z,2026-08-14T20:19:08.156Z,5281,2026-08-14T20:19:08.156Z,TU,Tucson,06b9d75d-291b-4cd2-9a89-52908a52280f,
202608142019050146,202608141850614715,202608141850614621,28,91094,FormQuestionAnswers Bronze - V1,br_tblFormQA,TASK_COMPLETE,SUCCESS,INFO,136796,136796,0,,2026-08-14T18:51:07.427Z,2026-08-14T20:19:08.156Z,5281,2026-08-14T20:19:08.156Z,V1,VCPHCS-I-Memphis,06b9d75d-291b-4cd2-9a89-52908a52280f,
202608142019050147,202608141850614716,202608141850614621,28,91095,FormQuestionAnswers Bronze - V10,br_tblFormQA,TASK_COMPLETE,SUCCESS,INFO,225693,225693,0,,2026-08-14T18:51:07.427Z,2026-08-14T20:19:08.156Z,5281,2026-08-14T20:19:08.156Z,V10,Boulder,06b9d75d-291b-4cd2-9a89-52908a52280f,
202608142019050148,202608141850614717,202608141850614621,28,91096,FormQuestionAnswers Bronze - V10A,br_tblFormQA,TASK_COMPLETE,SUCCESS,INFO,317420,317420,0,,2026-08-14T18:51:07.427Z,2026-08-14T20:19:08.156Z,5281,2026-08-14T20:19:08.156Z,V10A,FortCollins,06b9d75d-291b-4cd2-9a89-52908a52280f,
202608142019050150,202608141850614718,202608141850614621,28,91097,FormQuestionAnswers Bronze - V11,br_tblFormQA,TASK_COMPLETE,SUCCESS,INFO,321323,321323,0,,2026-08-14T18:51:07.427Z,2026-08-14T20:19:08.156Z,5281,2026-08-14T20:19:08.156Z,V11,VCPHCS-XI-NorthDenver,06b9d75d-291b-4cd2-9a89-52908a52280f,
202608142019050151,202608141850614719,202608141850614621,28,91098,FormQuestionAnswers Bronze - V12,br_tblFormQA,TASK_COMPLETE,SUCCESS,INFO,395521,395521,0,,2026-08-14T18:51:07.427Z,2026-08-14T20:19:08.156Z,5281,2026-08-14T20:19:08.156Z,V12,VCPHCS-XII-DowntownDenver,06b9d75d-291b-4cd2-9a89-52908a52280f,
202608151434387415,202608151417675642,202608151417675641,118,10353,Bronze P1/P2 Assessments,br_NewAdmissionAssessment,TASK_COMPLETE,FAILED,ERROR,0,0,1,SaveNewAdmissionAssessment Bronze ForEach failed,2026-08-15T14:18:19.683Z,2026-08-15T14:37:39.575Z,1160,2026-08-15T14:37:39.575Z,AHK,Ahoskie,556076c4-618a-4487-8b31-ba5017a3c197,
202608181102091986,202608181018708821,202608181018708812,125,13652,Assessments Gold - SaveAdmissionAssessmentsSubstanceUseHistory,Admissionassessmentsubstanceusehistory,TASK_COMPLETE,SUCCESS,INFO,2067,2067,0,,2026-08-18T10:19:21.940Z,2026-08-18T11:02:11.496Z,2570,2026-08-18T11:02:11.496Z,Global,SAMMSGLOBAL,06767fa9-f980-4e92-a048-4dd43e2dbe98,
202608151434387421,202608151417675647,202608151417675641,118,10364,Bronze P1/P2 Assessments,br_NewAdmissionAssessment,TASK_COMPLETE,FAILED,ERROR,0,0,1,SaveNewAdmissionAssessment Bronze ForEach failed,2026-08-15T14:18:19.683Z,2026-08-15T14:37:39.575Z,1160,2026-08-15T14:37:39.575Z,B33,Paducah,556076c4-618a-4487-8b31-ba5017a3c197,
202608110409368577,202608110331629412,202608110331629359,106,8101,Clinical Domain Bronze - SaveVACASummary - B42B,brz_VAComprehensiveAssessmentSummary,TASK_COMPLETE,SUCCESS,INFO,45,45,0,,2026-08-11T03:32:39.288Z,2026-08-11T04:09:40.942Z,2221,2026-08-11T04:09:40.942Z,B42B,Franklin,6e36e3b5-c33e-4cc8-b6e2-dc5c3524428c,
202608110409368578,202608110331629413,202608110331629359,106,8102,Clinical Domain Bronze - SaveVACASummary - B42C,brz_VAComprehensiveAssessmentSummary,TASK_COMPLETE,SUCCESS,INFO,365,365,0,,2026-08-11T03:32:39.288Z,2026-08-11T04:09:40.942Z,2221,2026-08-11T04:09:40.942Z,B42C,GlenAllen,6e36e3b5-c33e-4cc8-b6e2-dc5c3524428c,
202608110409368579,202608110331629414,202608110331629359,106,8103,Clinical Domain Bronze - SaveVACASummary - B42D,brz_VAComprehensiveAssessmentSummary,TASK_COMPLETE,SUCCESS,INFO,191,191,0,,2026-08-11T03:32:39.288Z,2026-08-11T04:09:40.942Z,2221,2026-08-11T04:09:40.942Z,B42D,ChesapeakeSouth,6e36e3b5-c33e-4cc8-b6e2-dc5c3524428c,
202608110409368580,202608110331629415,202608110331629359,106,8125,Clinical Domain Bronze - SaveVACASummary - BOI,brz_VAComprehensiveAssessmentSummary,TASK_COMPLETE,SUCCESS,INFO,0,0,0,,2026-08-11T03:32:39.288Z,2026-08-11T04:09:40.942Z,2221,2026-08-11T04:09:40.942Z,BOI,Boise,6e36e3b5-c33e-4cc8-b6e2-dc5c3524428c,
202608151132574403,202608151055424895,202608151055424858,106,8125,Clinical Domain Bronze - SaveVACASummary - BOI,br_VAComprehensiveAssessmentSummary,TASK_COMPLETE,SUCCESS,INFO,1725,1725,0,,2026-08-15T10:59:41.813Z,2026-08-15T11:42:22.397Z,2561,2026-08-15T11:42:22.397Z,BOI,Boise,09bdfa13-0c4c-4ca3-9dd3-abd349cbbab4,
202608151132574404,202608151055424896,202608151055424858,106,8174,Clinical Domain Bronze - SaveVACASummary - V10,br_VAComprehensiveAssessmentSummary,TASK_COMPLETE,SUCCESS,INFO,1725,1725,0,,2026-08-15T10:59:41.813Z,2026-08-15T11:42:22.397Z,2561,2026-08-15T11:42:22.397Z,V10,Boulder,09bdfa13-0c4c-4ca3-9dd3-abd349cbbab4,
202608151132574405,202608151055424897,202608151055424858,106,8305,Clinical Domain Bronze - SaveMNTreatmentServiceReview - VBRA,br_MNTreatmentServiceReview,TASK_COMPLETE,SUCCESS,INFO,7319,7319,0,,2026-08-15T10:59:41.813Z,2026-08-15T11:42:22.397Z,2561,2026-08-15T11:42:22.397Z,VBRA,Brainerd,09bdfa13-0c4c-4ca3-9dd3-abd349cbbab4,
202608241653447839,202608241642210598,202608241642210597,25,55001,DartsSrv Bronze - AHK,br_tblDartSrv,TASK_COMPLETE,SUCCESS,INFO,19427,19427,0,,2026-08-24T16:42:25.487Z,2026-08-24T16:53:47.670Z,682,2026-08-24T16:53:47.670Z,AHK,Ahoskie,5cf5e7e6-6128-4873-becd-173291142e4e,SAMMS-Ahoskie
202608170505380910,202608170422215787,202608170422215750,106,8125,Clinical Domain Bronze - SaveVACASummary - BOI,br_VAComprehensiveAssessmentSummary,TASK_COMPLETE,SUCCESS,INFO,1725,1725,0,,2026-08-17T04:29:17.023Z,2026-08-17T05:06:50.333Z,2253,2026-08-17T05:06:50.333Z,BOI,Boise,0b53dc13-182d-4036-9b17-0891eca5f916,
202608170505380911,202608170422215788,202608170422215750,106,8174,Clinical Domain Bronze - SaveVACASummary - V10,br_VAComprehensiveAssessmentSummary,TASK_COMPLETE,SUCCESS,INFO,1725,1725,0,,2026-08-17T04:29:17.023Z,2026-08-17T05:06:50.333Z,2253,2026-08-17T05:06:50.333Z,V10,Boulder,0b53dc13-182d-4036-9b17-0891eca5f916,
202608170505380912,202608170422215789,202608170422215750,106,8305,Clinical Domain Bronze - SaveMNTreatmentServiceReview - VBRA,br_MNTreatmentServiceReview,TASK_COMPLETE,SUCCESS,INFO,7319,7319,0,,2026-08-17T04:29:17.023Z,2026-08-17T05:06:50.333Z,2253,2026-08-17T05:06:50.333Z,VBRA,Brainerd,0b53dc13-182d-4036-9b17-0891eca5f916,
202608151352479094,202608151310407840,202608151310407803,106,8125,Clinical Domain Bronze - SaveVACASummary - BOI,br_VAComprehensiveAssessmentSummary,TASK_COMPLETE,SUCCESS,INFO,1725,1725,0,,2026-08-15T13:11:43.813Z,2026-08-15T13:52:51.092Z,2468,2026-08-15T13:52:51.092Z,BOI,Boise,56214535-005b-4285-976b-e0172bc11b0b,
202608151352479095,202608151310407841,202608151310407803,106,8174,Clinical Domain Bronze - SaveVACASummary - V10,br_VAComprehensiveAssessmentSummary,TASK_COMPLETE,SUCCESS,INFO,1725,1725,0,,2026-08-15T13:11:43.813Z,2026-08-15T13:52:51.092Z,2468,2026-08-15T13:52:51.092Z,V10,Boulder,56214535-005b-4285-976b-e0172bc11b0b,
202608151352479096,202608151310407842,202608151310407803,106,8305,Clinical Domain Bronze - SaveMNTreatmentServiceReview - VBRA,br_MNTreatmentServiceReview,TASK_COMPLETE,SUCCESS,INFO,7319,7319,0,,2026-08-15T13:11:43.813Z,2026-08-15T13:52:51.092Z,2468,2026-08-15T13:52:51.092Z,VBRA,Brainerd,56214535-005b-4285-976b-e0172bc11b0b,
202608170828545822,202608170805168055,202608170805168041,97,6456,P1 Forms Take Home Agreement And Diversion Control Bronze - B33,br_samms_take_home_agreement_diversion_control,TASK_COMPLETE,SUCCESS,INFO,135,135,0,,2026-08-17T08:05:23.166Z,2026-08-17T08:28:58.238Z,1415,2026-08-17T08:28:58.238Z,B33,Paducah,760fb7f7-522d-45ef-ae35-70bd18d17fef,
202608181407308813,202608181342262755,202608181342262706,46,10117,P1 Finance Client Demo 1 Bronze - AHK,br_samms_client_demo1,TASK_COMPLETE,SUCCESS,INFO,301,301,0,,2026-08-18T13:42:39.071Z,2026-08-18T14:07:36.209Z,1497,2026-08-18T14:07:36.209Z,AHK,Ahoskie,2b16abcf-416f-4fd8-80a9-0aa52ca66e5c,
202608181407308814,202608181342262756,202608181342262706,46,10118,P1 Finance Client Demo 1 Bronze - B12B,br_samms_client_demo1,TASK_COMPLETE,SUCCESS,INFO,1368,1368,0,,2026-08-18T13:42:39.071Z,2026-08-18T14:07:36.209Z,1497,2026-08-18T14:07:36.209Z,B12B,ColoradoSprings,2b16abcf-416f-4fd8-80a9-0aa52ca66e5c,
202608181407308815,202608181342262757,202608181342262706,46,10119,P1 Finance Client Demo 1 Bronze - B24,br_samms_client_demo1,TASK_COMPLETE,SUCCESS,INFO,2917,2917,0,,2026-08-18T13:42:39.071Z,2026-08-18T14:07:36.209Z,1497,2026-08-18T14:07:36.209Z,B24,Paintsville,2b16abcf-416f-4fd8-80a9-0aa52ca66e5c,
202608170614178948,202608170551256449,202608170551256420,46,9527,P1 Finance Claim Line Item Bronze - AHK,br_samms_claim_line_item,TASK_COMPLETE,SUCCESS,INFO,13532,13532,0,,2026-08-17T05:51:47.044Z,2026-08-17T06:14:21.786Z,1354,2026-08-17T06:14:21.786Z,AHK,Ahoskie,09d84bc7-e629-48a4-a32a-826b207e96d1,
202608170614178949,202608170551256450,202608170551256420,46,9528,P1 Finance Claim Line Item Bronze - B12B,br_samms_claim_line_item,TASK_COMPLETE,SUCCESS,INFO,232529,232529,0,,2026-08-17T05:51:47.044Z,2026-08-17T06:14:21.786Z,1354,2026-08-17T06:14:21.786Z,B12B,ColoradoSprings,09d84bc7-e629-48a4-a32a-826b207e96d1,
202608150554175945,202608150537402673,202608150537402637,118,11273,Bronze P1/P2 Assessments,br_newperiodicreassessmentd3,TASK_COMPLETE,SUCCESS,INFO,0,0,0,,2026-08-15T05:38:25.156Z,2026-08-15T05:54:20.465Z,955,2026-08-15T05:54:20.465Z,AHK,Ahoskie,92fdec37-a7f1-4589-8ea2-af8b074ddb31,
202608150554175946,202608150537402674,202608150537402637,118,11274,Bronze P1/P2 Assessments,br_newperiodicreassessmentd3,TASK_COMPLETE,SUCCESS,INFO,0,0,0,,2026-08-15T05:38:25.156Z,2026-08-15T05:54:20.465Z,955,2026-08-15T05:54:20.465Z,B12B,Colorado Springs,92fdec37-a7f1-4589-8ea2-af8b074ddb31,
202608150554175947,202608150537402675,202608150537402637,118,11275,Bronze P1/P2 Assessments,br_newperiodicreassessmentd3,TASK_COMPLETE,SUCCESS,INFO,320,320,0,,2026-08-15T05:38:25.156Z,2026-08-15T05:54:20.465Z,955,2026-08-15T05:54:20.465Z,B24,Paintsville,92fdec37-a7f1-4589-8ea2-af8b074ddb31,
202608150554175949,202608150537402676,202608150537402637,118,11277,Bronze P1/P2 Assessments,br_newperiodicreassessmentd3,TASK_COMPLETE,SUCCESS,INFO,1192,1192,0,,2026-08-15T05:38:25.156Z,2026-08-15T05:54:20.465Z,955,2026-08-15T05:54:20.465Z,B26,Hazard,92fdec37-a7f1-4589-8ea2-af8b074ddb31,
202608150554175950,202608150537402677,202608150537402637,118,11279,Bronze P1/P2 Assessments,br_newperiodicreassessmentd3,TASK_COMPLETE,SUCCESS,INFO,0,0,0,,2026-08-15T05:38:25.156Z,2026-08-15T05:54:20.465Z,955,2026-08-15T05:54:20.465Z,B28,West Plains,92fdec37-a7f1-4589-8ea2-af8b074ddb31,
202608140613095434,202608140600163234,202608140600163231,106,6909,Clinical Domain Bronze - SaveCheckIn - V10,brz_CheckIn,TASK_COMPLETE,SUCCESS,INFO,1201,1201,0,,2026-08-14T06:01:45.513Z,2026-08-14T06:14:58.932Z,793,2026-08-14T06:14:58.932Z,V10,Boulder,9a6b8567-8347-49cb-b213-618351c5e21c,
202608140613125605,202608140600263232,202608140600263231,107,8555,Clinical Domain Silver - SaveCheckIn,slv_checkin,TASK_COMPLETE,SUCCESS,INFO,2283,30545,0,,2026-08-14T06:01:45.513Z,2026-08-14T06:14:58.932Z,793,2026-08-14T06:14:58.932Z,Global,SAMMSGLOBAL,9a6b8567-8347-49cb-b213-618351c5e21c,
202608140613125507,202608140600163241,202608140600163231,106,7161,Clinical Domain Bronze - SaveCows_v6 - B12B,brz_Cows_v6,TASK_COMPLETE,SUCCESS,INFO,7709,7709,0,,2026-08-14T06:01:45.513Z,2026-08-14T06:14:58.932Z,793,2026-08-14T06:14:58.932Z,B12B,ColoradoSprings,9a6b8567-8347-49cb-b213-618351c5e21c,
202608140714209432,202608140700596544,202608140700596541,106,6909,Clinical Domain Bronze - SaveCheckIn - V10,brz_CheckIn,TASK_COMPLETE,SUCCESS,INFO,1201,1201,0,,2026-08-14T07:02:17.002Z,2026-08-14T07:16:01.674Z,824,2026-08-14T07:16:01.674Z,V10,Boulder,4f29b93d-8b22-445c-9466-6259e423edcc,
202608140714229221,202608140700696542,202608140700696541,107,8555,Clinical Domain Silver - SaveCheckIn,slv_checkin,TASK_COMPLETE,SUCCESS,INFO,2283,30545,0,,2026-08-14T07:02:17.002Z,2026-08-14T07:16:01.674Z,824,2026-08-14T07:16:01.674Z,Global,SAMMSGLOBAL,4f29b93d-8b22-445c-9466-6259e423edcc,
202608140714229124,202608140700596551,202608140700596541,106,7161,Clinical Domain Bronze - SaveCows_v6 - B12B,brz_Cows_v6,TASK_COMPLETE,SUCCESS,INFO,7709,7709,0,,2026-08-14T07:02:17.002Z,2026-08-14T07:16:01.674Z,824,2026-08-14T07:16:01.674Z,B12B,ColoradoSprings,4f29b93d-8b22-445c-9466-6259e423edcc,
202608151352479100,202608151310407846,202608151310407803,106,8311,Clinical Domain Bronze - SaveEnrollment - B12B,br_Enrollment,TASK_COMPLETE,SUCCESS,INFO,3262,3262,0,,2026-08-15T13:11:43.813Z,2026-08-15T13:52:51.092Z,2468,2026-08-15T13:52:51.092Z,B12B,ColoradoSprings,56214535-005b-4285-976b-e0172bc11b0b,
202608151352479102,202608151310407847,202608151310407803,106,8355,Clinical Domain Bronze - SaveEnrollment - BOI,br_Enrollment,TASK_COMPLETE,SUCCESS,INFO,1187,1187,0,,2026-08-15T13:11:43.813Z,2026-08-15T13:52:51.092Z,2468,2026-08-15T13:52:51.092Z,BOI,Boise,56214535-005b-4285-976b-e0172bc11b0b,
202608151352479103,202608151310407848,202608151310407803,106,8404,Clinical Domain Bronze - SaveEnrollment - V10,br_Enrollment,TASK_COMPLETE,SUCCESS,INFO,10393,10393,0,,2026-08-15T13:11:43.813Z,2026-08-15T13:52:51.092Z,2468,2026-08-15T13:52:51.092Z,V10,Boulder,56214535-005b-4285-976b-e0172bc11b0b,
202608140714209527,202608140700696544,202608140700696541,107,8557,Clinical Domain Silver - SaveBamScore,slv_bamscore,TASK_COMPLETE,SUCCESS,INFO,20007,20007,0,,2026-08-14T07:02:17.002Z,2026-08-14T07:16:01.674Z,824,2026-08-14T07:16:01.674Z,Global,SAMMSGLOBAL,4f29b93d-8b22-445c-9466-6259e423edcc,
202608140714209430,202608140700596542,202608140700596541,106,6816,Clinical Domain Bronze - SaveCheckIn - B12B,brz_CheckIn,TASK_COMPLETE,SUCCESS,INFO,530,530,0,,2026-08-14T07:02:17.002Z,2026-08-14T07:16:01.674Z,824,2026-08-14T07:16:01.674Z,B12B,ColoradoSprings,4f29b93d-8b22-445c-9466-6259e423edcc,
202608140714209431,202608140700596543,202608140700596541,106,6860,Clinical Domain Bronze - SaveCheckIn - BOI,brz_CheckIn,TASK_COMPLETE,SUCCESS,INFO,552,552,0,,2026-08-14T07:02:17.002Z,2026-08-14T07:16:01.674Z,824,2026-08-14T07:16:01.674Z,BOI,Boise,4f29b93d-8b22-445c-9466-6259e423edcc,
202608141935472464,202608141857340883,202608141857340774,31,94109,FormAnswerSignatures Bronze - V8,br_tblFormAnswerSig,TASK_COMPLETE,SUCCESS,INFO,87845,87845,0,,2026-08-14T18:58:05.482Z,2026-08-14T19:35:50.482Z,2265,2026-08-14T19:35:50.482Z,V8,VCPHCS-VIII-Memphis,015634ea-243f-49e1-a18e-0e1d033651d1,
202608141935472465,202608141857340884,202608141857340774,31,94110,FormAnswerSignatures Bronze - V9,br_tblFormAnswerSig,TASK_COMPLETE,SUCCESS,INFO,181505,181505,0,,2026-08-14T18:58:05.482Z,2026-08-14T19:35:50.482Z,2265,2026-08-14T19:35:50.482Z,V9,Nashville,015634ea-243f-49e1-a18e-0e1d033651d1,
202608141935472466,202608141857340885,202608141857340774,31,94111,FormAnswerSignatures Bronze - VBRA,br_tblFormAnswerSig,TASK_COMPLETE,SUCCESS,INFO,146633,146633,0,,2026-08-14T18:58:05.482Z,2026-08-14T19:35:50.482Z,2265,2026-08-14T19:35:50.482Z,VBRA,Brainerd,015634ea-243f-49e1-a18e-0e1d033651d1,
202608170505380917,202608170422215793,202608170422215750,106,8311,Clinical Domain Bronze - SaveEnrollment - B12B,br_Enrollment,TASK_COMPLETE,SUCCESS,INFO,3262,3262,0,,2026-08-17T04:29:17.023Z,2026-08-17T05:06:50.333Z,2253,2026-08-17T05:06:50.333Z,B12B,ColoradoSprings,0b53dc13-182d-4036-9b17-0891eca5f916,
202608170505380918,202608170422215794,202608170422215750,106,8355,Clinical Domain Bronze - SaveEnrollment - BOI,br_Enrollment,TASK_COMPLETE,SUCCESS,INFO,1187,1187,0,,2026-08-17T04:29:17.023Z,2026-08-17T05:06:50.333Z,2253,2026-08-17T05:06:50.333Z,BOI,Boise,0b53dc13-182d-4036-9b17-0891eca5f916,
202608170505380919,202608170422215795,202608170422215750,106,8404,Clinical Domain Bronze - SaveEnrollment - V10,br_Enrollment,TASK_COMPLETE,SUCCESS,INFO,10393,10393,0,,2026-08-17T04:29:17.023Z,2026-08-17T05:06:50.333Z,2253,2026-08-17T05:06:50.333Z,V10,Boulder,0b53dc13-182d-4036-9b17-0891eca5f916,
202608140613095529,202608140600263234,202608140600263231,107,8557,Clinical Domain Silver - SaveBamScore,slv_bamscore,TASK_COMPLETE,SUCCESS,INFO,20007,20007,0,,2026-08-14T06:01:45.513Z,2026-08-14T06:14:58.932Z,793,2026-08-14T06:14:58.932Z,Global,SAMMSGLOBAL,9a6b8567-8347-49cb-b213-618351c5e21c,
202608140613095432,202608140600163232,202608140600163231,106,6816,Clinical Domain Bronze - SaveCheckIn - B12B,brz_CheckIn,TASK_COMPLETE,SUCCESS,INFO,530,530,0,,2026-08-14T06:01:45.513Z,2026-08-14T06:14:58.932Z,793,2026-08-14T06:14:58.932Z,B12B,ColoradoSprings,9a6b8567-8347-49cb-b213-618351c5e21c,
202608140613095433,202608140600163233,202608140600163231,106,6860,Clinical Domain Bronze - SaveCheckIn - BOI,brz_CheckIn,TASK_COMPLETE,SUCCESS,INFO,552,552,0,,2026-08-14T06:01:45.513Z,2026-08-14T06:14:58.932Z,793,2026-08-14T06:14:58.932Z,BOI,Boise,9a6b8567-8347-49cb-b213-618351c5e21c,
202608151132574410,202608151055424901,202608151055424858,106,8311,Clinical Domain Bronze - SaveEnrollment - B12B,br_Enrollment,TASK_COMPLETE,SUCCESS,INFO,3262,3262,0,,2026-08-15T10:59:41.813Z,2026-08-15T11:42:22.397Z,2561,2026-08-15T11:42:22.397Z,B12B,ColoradoSprings,09bdfa13-0c4c-4ca3-9dd3-abd349cbbab4,
202608151132574411,202608151055424902,202608151055424858,106,8355,Clinical Domain Bronze - SaveEnrollment - BOI,br_Enrollment,TASK_COMPLETE,SUCCESS,INFO,1187,1187,0,,2026-08-15T10:59:41.813Z,2026-08-15T11:42:22.397Z,2561,2026-08-15T11:42:22.397Z,BOI,Boise,09bdfa13-0c4c-4ca3-9dd3-abd349cbbab4,
202608151132574412,202608151055424903,202608151055424858,106,8404,Clinical Domain Bronze - SaveEnrollment - V10,br_Enrollment,TASK_COMPLETE,SUCCESS,INFO,10393,10393,0,,2026-08-15T10:59:41.813Z,2026-08-15T11:42:22.397Z,2561,2026-08-15T11:42:22.397Z,V10,Boulder,09bdfa13-0c4c-4ca3-9dd3-abd349cbbab4,
202608171102595630,202608171031398636,202608171031398593,106,8311,Clinical Domain Bronze - SaveEnrollment - B12B,br_Enrollment,TASK_COMPLETE,SUCCESS,INFO,3280,3280,0,,2026-08-17T10:38:10.305Z,2026-08-17T11:03:03.679Z,1493,2026-08-17T11:03:03.679Z,B12B,ColoradoSprings,16b28601-46b7-41d7-bb6b-81142615d65b,
202608171102595631,202608171031398637,202608171031398593,106,8355,Clinical Domain Bronze - SaveEnrollment - BOI,br_Enrollment,TASK_COMPLETE,SUCCESS,INFO,1195,1195,0,,2026-08-17T10:38:10.305Z,2026-08-17T11:03:03.679Z,1493,2026-08-17T11:03:03.679Z,BOI,Boise,16b28601-46b7-41d7-bb6b-81142615d65b,
202608171102595632,202608171031398638,202608171031398593,106,8404,Clinical Domain Bronze - SaveEnrollment - V10,br_Enrollment,TASK_COMPLETE,SUCCESS,INFO,10401,10401,0,,2026-08-17T10:38:10.305Z,2026-08-17T11:03:03.679Z,1493,2026-08-17T11:03:03.679Z,V10,Boulder,16b28601-46b7-41d7-bb6b-81142615d65b,
202608250403056866,202608250343360409,202608250343360390,118,12011,Bronze P1/P2 Assessments,br_NewAdmissionAssessmentASAMDimension2,TASK_COMPLETE,SUCCESS,INFO,279,279,0,,2026-08-25T03:43:39.643Z,2026-08-25T04:03:08.743Z,1169,2026-08-25T04:03:08.743Z,B24,Paintsville,8c969a39-95ec-4087-9ad3-4a9580887e34,SAMMS-PaintsvilleV5
202608221113177693,202608221042113153,202608221042112981,85,3186,Bronze INV,br_ReAssessmentFamily,TASK_COMPLETE,SUCCESS,INFO,383,383,0,,2026-08-22T10:42:14.039Z,2026-08-22T11:16:52.295Z,2078,2026-08-22T11:16:52.295Z,B34,Corbin,28d7acf5-bc26-4be3-b390-775b9af3d980,SAMMS-CorbinV5
202608221113177694,202608221042113154,202608221042112981,85,3187,Bronze INV,br_ReAssessmentFamily,TASK_COMPLETE,SUCCESS,INFO,240,240,0,,2026-08-22T10:42:14.039Z,2026-08-22T11:16:52.295Z,2078,2026-08-22T11:16:52.295Z,B35,Lexington,28d7acf5-bc26-4be3-b390-775b9af3d980,SAMMS-LexingtonV5
202608221113177695,202608221042113155,202608221042112981,85,3201,Bronze INV,br_ReAssessmentFamily,TASK_COMPLETE,SUCCESS,INFO,587,587,0,,2026-08-22T10:42:14.039Z,2026-08-22T11:16:52.295Z,2078,2026-08-22T11:16:52.295Z,B46,Washington DC,28d7acf5-bc26-4be3-b390-775b9af3d980,SAMMS-WashingtonDCv5
202608221113177696,202608221042113156,202608221042112981,85,3202,Bronze INV,br_ReAssessmentFamily,TASK_COMPLETE,SUCCESS,INFO,1570,1570,0,,2026-08-22T10:42:14.039Z,2026-08-22T11:16:52.295Z,2078,2026-08-22T11:16:52.295Z,B47,Mobile,28d7acf5-bc26-4be3-b390-775b9af3d980,SAMMS-MobileV5
202608221113177697,202608221042113157,202608221042112981,85,3271,Bronze INV,br_ReAssessmentFamily,TASK_COMPLETE,SUCCESS,INFO,3205,3205,0,,2026-08-22T10:42:14.039Z,2026-08-22T11:16:52.295Z,2078,2026-08-22T11:16:52.295Z,DRD-NOLA,NOLA,28d7acf5-bc26-4be3-b390-775b9af3d980,SAMMS-NOLAv5
202608221113177699,202608221042113158,202608221042112981,85,3279,Bronze INV,br_ReAssessmentFamily,TASK_COMPLETE,SUCCESS,INFO,467,467,0,,2026-08-22T10:42:14.039Z,2026-08-22T11:16:52.295Z,2078,2026-08-22T11:16:52.295Z,FW,Fort Wayne,28d7acf5-bc26-4be3-b390-775b9af3d980,SAMMS-FortWayne
202608220929265573,202608220857344391,202608220857344379,123,12947,Assessments Bronze - SavePADimension2 - B24,br_PADimension2,TASK_COMPLETE,SUCCESS,INFO,448,448,0,,2026-08-22T08:58:22.185Z,2026-08-22T09:29:29.627Z,1867,2026-08-22T09:29:29.627Z,B24,Paintsville,39d3782c-f729-4e52-b4aa-f257942a503a,SAMMS-PaintsvilleV5
202608220929265574,202608220857344392,202608220857344379,123,13060,Assessments Bronze - SavePADimension3 - AHK,br_PADimension3,TASK_COMPLETE,SUCCESS,INFO,66,66,0,,2026-08-22T08:58:22.185Z,2026-08-22T09:29:29.627Z,1867,2026-08-22T09:29:29.627Z,AHK,Ahoskie,39d3782c-f729-4e52-b4aa-f257942a503a,SAMMS-Ahoskie
202608220929265569,202608220857344388,202608220857344379,123,12832,Assessments Bronze - SavePADimension1 - B24,br_PADimension1,TASK_COMPLETE,SUCCESS,INFO,449,449,0,,2026-08-22T08:58:22.185Z,2026-08-22T09:29:29.627Z,1867,2026-08-22T09:29:29.627Z,B24,Paintsville,39d3782c-f729-4e52-b4aa-f257942a503a,SAMMS-PaintsvilleV5
202608220929265570,202608220857344389,202608220857344379,123,12945,Assessments Bronze - SavePADimension2 - AHK,br_PADimension2,TASK_COMPLETE,SUCCESS,INFO,66,66,0,,2026-08-22T08:58:22.185Z,2026-08-22T09:29:29.627Z,1867,2026-08-22T09:29:29.627Z,AHK,Ahoskie,39d3782c-f729-4e52-b4aa-f257942a503a,SAMMS-Ahoskie
202608221113176858,202608221042113053,202608221042112981,85,242,Bronze INV,br_AdmissionAssessment,TASK_COMPLETE,SUCCESS,INFO,1,1,0,,2026-08-22T10:42:14.039Z,2026-08-22T11:16:52.295Z,2078,2026-08-22T11:16:52.295Z,B34,Corbin,28d7acf5-bc26-4be3-b390-775b9af3d980,SAMMS-CorbinV5
202608221113176859,202608221042113054,202608221042112981,85,243,Bronze INV,br_AdmissionAssessment,TASK_COMPLETE,SUCCESS,INFO,3,3,0,,2026-08-22T10:42:14.039Z,2026-08-22T11:16:52.295Z,2078,2026-08-22T11:16:52.295Z,B35,Lexington,28d7acf5-bc26-4be3-b390-775b9af3d980,SAMMS-LexingtonV5
202608221113176860,202608221042113055,202608221042112981,85,257,Bronze INV,br_AdmissionAssessment,TASK_COMPLETE,SUCCESS,INFO,235,235,0,,2026-08-22T10:42:14.039Z,2026-08-22T11:16:52.295Z,2078,2026-08-22T11:16:52.295Z,B46,Washington DC,28d7acf5-bc26-4be3-b390-775b9af3d980,SAMMS-WashingtonDCv5
202608221113176862,202608221042113056,202608221042112981,85,258,Bronze INV,br_AdmissionAssessment,TASK_COMPLETE,SUCCESS,INFO,71,71,0,,2026-08-22T10:42:14.039Z,2026-08-22T11:16:52.295Z,2078,2026-08-22T11:16:52.295Z,B47,Mobile,28d7acf5-bc26-4be3-b390-775b9af3d980,SAMMS-MobileV5
202608221113176863,202608221042113057,202608221042112981,85,327,Bronze INV,br_AdmissionAssessment,TASK_COMPLETE,SUCCESS,INFO,223,223,0,,2026-08-22T10:42:14.039Z,2026-08-22T11:16:52.295Z,2078,2026-08-22T11:16:52.295Z,DRD-NOLA,NOLA,28d7acf5-bc26-4be3-b390-775b9af3d980,SAMMS-NOLAv5
202608221113176864,202608221042113058,202608221042112981,85,335,Bronze INV,br_AdmissionAssessment,TASK_COMPLETE,SUCCESS,INFO,104,104,0,,2026-08-22T10:42:14.039Z,2026-08-22T11:16:52.295Z,2078,2026-08-22T11:16:52.295Z,FW,Fort Wayne,28d7acf5-bc26-4be3-b390-775b9af3d980,SAMMS-FortWayne
202608221113177385,202608221042113095,202608221042112981,85,1177,Bronze INV,br_AdmissionAssessmentDimensionThree,TASK_COMPLETE,SUCCESS,INFO,664,664,0,,2026-08-22T10:42:14.039Z,2026-08-22T11:16:52.295Z,2078,2026-08-22T11:16:52.295Z,B46,Washington DC,28d7acf5-bc26-4be3-b390-775b9af3d980,SAMMS-WashingtonDCv5
202608221113177386,202608221042113096,202608221042112981,85,1178,Bronze INV,br_AdmissionAssessmentDimensionThree,TASK_COMPLETE,SUCCESS,INFO,353,353,0,,2026-08-22T10:42:14.039Z,2026-08-22T11:16:52.295Z,2078,2026-08-22T11:16:52.295Z,B47,Mobile,28d7acf5-bc26-4be3-b390-775b9af3d980,SAMMS-MobileV5
202608221113177387,202608221042113097,202608221042112981,85,1247,Bronze INV,br_AdmissionAssessmentDimensionThree,TASK_COMPLETE,SUCCESS,INFO,1257,1257,0,,2026-08-22T10:42:14.039Z,2026-08-22T11:16:52.295Z,2078,2026-08-22T11:16:52.295Z,DRD-NOLA,NOLA,28d7acf5-bc26-4be3-b390-775b9af3d980,SAMMS-NOLAv5
202608221113177104,202608221042113108,202608221042112981,85,703,Bronze INV,br_AdmissionAssessmentDimensionFour,TASK_COMPLETE,SUCCESS,INFO,678,678,0,,2026-08-22T10:42:14.039Z,2026-08-22T11:16:52.295Z,2078,2026-08-22T11:16:52.295Z,FW,Fort Wayne,28d7acf5-bc26-4be3-b390-775b9af3d980,SAMMS-FortWayne
202608221113177105,202608221042113109,202608221042112981,85,714,Bronze INV,br_AdmissionAssessmentDimensionFour,TASK_COMPLETE,SUCCESS,INFO,427,427,0,,2026-08-22T10:42:14.039Z,2026-08-22T11:16:52.295Z,2078,2026-08-22T11:16:52.295Z,LO,Louisville,28d7acf5-bc26-4be3-b390-775b9af3d980,SAMMS-Louisville
202608221113177107,202608221042113110,202608221042112981,85,773,Bronze INV,br_AdmissionAssessmentDimensionFour,TASK_COMPLETE,SUCCESS,INFO,591,591,0,,2026-08-22T10:42:14.039Z,2026-08-22T11:16:52.295Z,2078,2026-08-22T11:16:52.295Z,VBRP,Brooklyn Park,28d7acf5-bc26-4be3-b390-775b9af3d980,SAMMS-BrooklynParkV6
202608191711164293,202608191654369971,202608191654369970,77,144384,PPA Silver,tbl_SF_PatientPreAdmission,TASK_COMPLETE,SKIPPED,WARN,484213,0,0,One or more PPA Bronze sites failed. Silver loaded successful Bronze rows only.,2026-08-19T16:54:47.315Z,2026-08-19T17:11:45.698Z,1018,2026-08-19T17:11:45.698Z,,,4736cb14-987d-4509-b3d7-654790c2de16,
202608251731205967,202608251712611185,202608251712611180,88,5125,P1 Reference Dropdown List Items Bronze - AHK,br_samms_dropdown_list_items,TASK_COMPLETE,SUCCESS,INFO,4383,4383,0,,2026-08-25T17:13:33.765Z,2026-08-25T17:31:23.946Z,1070,2026-08-25T17:31:23.946Z,AHK,Ahoskie,72553dbc-d702-4eda-a5d0-9ceb643e22ea,SAMMS-Ahoskie
202608201139193995,202608201139193994,202608201136586561,83,6808,Silver Salesforce Outbound SMS,sl_sf_outboundsms,TASK_DEPENDENCY_BLOCKED,DEPENDENCY_BLOCKED,WARN,0,0,0,Dependency Failed : 6806 (checked: 6806),2026-08-20T11:39:26.720Z,2026-08-20T11:39:26.720Z,0,2026-08-20T11:39:26.720Z,,,79156e84-8509-4e63-a064-b4b0873a2a40,
202608250403056846,202608250343360392,202608250343360390,118,10364,Bronze P1/P2 Assessments,br_NewAdmissionAssessment,TASK_COMPLETE,SUCCESS,INFO,186,186,0,,2026-08-25T03:43:39.643Z,2026-08-25T04:03:08.743Z,1169,2026-08-25T04:03:08.743Z,B33,Paducah,8c969a39-95ec-4087-9ad3-4a9580887e34,SAMMS-Paducah
202608250403056847,202608250343360393,202608250343360390,118,10539,Bronze P1/P2 Assessments,br_NewAdmissionAssessmentASAMDimension6,TASK_COMPLETE,SUCCESS,INFO,285,285,0,,2026-08-25T03:43:39.643Z,2026-08-25T04:03:08.743Z,1169,2026-08-25T04:03:08.743Z,B24,Paintsville,8c969a39-95ec-4087-9ad3-4a9580887e34,SAMMS-PaintsvilleV5
202608201034573194,202608201013630455,202608201013630447,47,9642,P1 Finance Claim Line Item Silver,tbl_ClaimLineItem,TASK_COMPLETE,SUCCESS,INFO,546644,546644,0,,2026-08-20T10:13:57.622Z,2026-08-20T10:39:20.764Z,1523,2026-08-20T10:39:20.764Z,,,069e8d01-766c-4679-b3df-c21f4d7bc3d1,
202608151352479074,202608151310407822,202608151310407803,106,7507,Clinical Domain Bronze - BulkDartsSrvLoader - B24,br_UAResultDetail,TASK_COMPLETE,SUCCESS,INFO,4,4,0,,2026-08-15T13:11:43.813Z,2026-08-15T13:52:51.092Z,2468,2026-08-15T13:52:51.092Z,B24,Paintsville,56214535-005b-4285-976b-e0172bc11b0b,
202608151352479075,202608151310407823,202608151310407803,106,7515,Clinical Domain Bronze - BulkDartsSrvLoader - B33,br_UAResultDetail,TASK_COMPLETE,SUCCESS,INFO,4,4,0,,2026-08-15T13:11:43.813Z,2026-08-15T13:52:51.092Z,2468,2026-08-15T13:52:51.092Z,B33,Paducah,56214535-005b-4285-976b-e0172bc11b0b,
202608151352479076,202608151310407824,202608151310407803,106,7536,Clinical Domain Bronze - BulkDartsSrvLoader - B54,br_UAResultDetail,TASK_COMPLETE,SUCCESS,INFO,4,4,0,,2026-08-15T13:11:43.813Z,2026-08-15T13:52:51.092Z,2468,2026-08-15T13:52:51.092Z,B54,Gadsden,56214535-005b-4285-976b-e0172bc11b0b,
202608140744357436,202608140725214732,202608140725214656,118,12204,Bronze P1/P2 Assessments,br_NewAdmissionAssessmentASAMDimension4,TASK_COMPLETE,SUCCESS,INFO,177,177,0,,2026-08-14T07:25:23.942Z,2026-08-14T07:44:38.851Z,1155,2026-08-14T07:44:38.851Z,B33,Paducah,9e759780-91b7-4e4a-882b-cd4350ec70b7,
202608140744357437,202608140725214733,202608140725214656,118,12259,Bronze P1/P2 Assessments,br_NewAdmissionAssessmentASAMDimension4,TASK_COMPLETE,SUCCESS,INFO,0,0,0,,2026-08-14T07:25:23.942Z,2026-08-14T07:44:38.851Z,1155,2026-08-14T07:44:38.851Z,CBCO,Coeur dAlene,9e759780-91b7-4e4a-882b-cd4350ec70b7,
202608140744357438,202608140725214734,202608140725214656,118,12377,Bronze P1/P2 Assessments,br_NewAdmissionAssessmentASAMDimension5,TASK_COMPLETE,SUCCESS,INFO,0,0,0,,2026-08-14T07:25:23.942Z,2026-08-14T07:44:38.851Z,1155,2026-08-14T07:44:38.851Z,AHK,Ahoskie,9e759780-91b7-4e4a-882b-cd4350ec70b7,
202608251454402507,202608251428452608,202608251428452600,47,9642,P1 Finance Claim Line Item Silver,tbl_ClaimLineItem,TASK_COMPLETE,SUCCESS,INFO,248594,248594,0,,2026-08-25T14:28:42.306Z,2026-08-25T14:54:42.345Z,1560,2026-08-25T14:54:42.345Z,,,5e789551-b18e-4745-8526-2b8db3ceeb01,
202608200307397658,202608200240773832,202608200240773824,47,9642,P1 Finance Claim Line Item Silver,tbl_ClaimLineItem,TASK_COMPLETE,SUCCESS,INFO,546644,546644,0,,2026-08-20T02:41:23.064Z,2026-08-20T03:07:41.295Z,1578,2026-08-20T03:07:41.295Z,,,05c5c70e-2926-4311-8f49-65b9279948a3,
202608170614178927,202608170551256431,202608170551256420,46,8939,P1 Finance VW 3P Bill Sub Bronze - B24,br_samms_vw3p_bill_sub,TASK_COMPLETE,SUCCESS,INFO,2094,2094,0,,2026-08-17T05:51:47.044Z,2026-08-17T06:14:21.786Z,1354,2026-08-17T06:14:21.786Z,B24,Paintsville,09d84bc7-e629-48a4-a32a-826b207e96d1,
202608170614178928,202608170551256432,202608170551256420,46,8940,P1 Finance VW 3P Bill Sub Bronze - B25,br_samms_vw3p_bill_sub,TASK_COMPLETE,SUCCESS,INFO,612,612,0,,2026-08-17T05:51:47.044Z,2026-08-17T06:14:21.786Z,1354,2026-08-17T06:14:21.786Z,B25,Pikeville,09d84bc7-e629-48a4-a32a-826b207e96d1,
202608170614178929,202608170551256433,202608170551256420,46,9055,P1 Finance FMP Bronze - AHK,br_samms_fmp,TASK_COMPLETE,SUCCESS,INFO,3,3,0,,2026-08-17T05:51:47.044Z,2026-08-17T06:14:21.786Z,1354,2026-08-17T06:14:21.786Z,AHK,Ahoskie,09d84bc7-e629-48a4-a32a-826b207e96d1,
202608170614178931,202608170551256434,202608170551256420,46,9056,P1 Finance FMP Bronze - B12B,br_samms_fmp,TASK_COMPLETE,SUCCESS,INFO,25,25,0,,2026-08-17T05:51:47.044Z,2026-08-17T06:14:21.786Z,1354,2026-08-17T06:14:21.786Z,B12B,ColoradoSprings,09d84bc7-e629-48a4-a32a-826b207e96d1,
202608141935472370,202608141857340796,202608141857340774,31,94022,FormAnswerSignatures Bronze - B42B,br_tblFormAnswerSig,TASK_COMPLETE,SUCCESS,INFO,20509,20509,0,,2026-08-14T18:58:05.482Z,2026-08-14T19:35:50.482Z,2265,2026-08-14T19:35:50.482Z,B42B,Franklin,015634ea-243f-49e1-a18e-0e1d033651d1,
202608141935472371,202608141857340797,202608141857340774,31,94023,FormAnswerSignatures Bronze - B42C,br_tblFormAnswerSig,TASK_COMPLETE,SUCCESS,INFO,73471,73471,0,,2026-08-14T18:58:05.482Z,2026-08-14T19:35:50.482Z,2265,2026-08-14T19:35:50.482Z,B42C,GlenAllen,015634ea-243f-49e1-a18e-0e1d033651d1,
202608141935472372,202608141857340798,202608141857340774,31,94024,FormAnswerSignatures Bronze - B42D,br_tblFormAnswerSig,TASK_COMPLETE,SUCCESS,INFO,65820,65820,0,,2026-08-14T18:58:05.482Z,2026-08-14T19:35:50.482Z,2265,2026-08-14T19:35:50.482Z,B42D,ChesapeakeSouth,015634ea-243f-49e1-a18e-0e1d033651d1,
202608251653065303,202608251629736810,202608251629736804,89,5358,P1 Reference Custom Answers Silver,tbl_CustomAnswers,TASK_COMPLETE,SUCCESS,INFO,1844,1844,0,,2026-08-25T16:30:10.484Z,2026-08-25T16:53:08.464Z,1378,2026-08-25T16:53:08.464Z,,,6d78ce37-8c21-4519-a454-1e5ee4a84a47,
202608130409166784,202608130315200018,202608130315200005,106,7276,Clinical Domain Bronze - SaveUAResults - B12B,brz_UAResults,TASK_COMPLETE,SUCCESS,INFO,1813,1813,0,,2026-08-13T03:16:19.557Z,2026-08-13T04:09:23.310Z,3184,2026-08-13T04:09:23.310Z,B12B,ColoradoSprings,11ed6329-841a-4e7a-bfb1-61191c79c28e,
202608130409166785,202608130315200019,202608130315200005,106,7320,Clinical Domain Bronze - SaveUAResults - BOI,brz_UAResults,TASK_COMPLETE,SUCCESS,INFO,3510,3510,0,,2026-08-13T03:16:19.557Z,2026-08-13T04:09:23.310Z,3184,2026-08-13T04:09:23.310Z,BOI,Boise,11ed6329-841a-4e7a-bfb1-61191c79c28e,
202608130409166787,202608130315200020,202608130315200005,106,7369,Clinical Domain Bronze - SaveUAResults - V10,brz_UAResults,TASK_COMPLETE,SUCCESS,INFO,3519,3519,0,,2026-08-13T03:16:19.557Z,2026-08-13T04:09:23.310Z,3184,2026-08-13T04:09:23.310Z,V10,Boulder,11ed6329-841a-4e7a-bfb1-61191c79c28e,
202608121042551933,202608121009360906,202608121009360893,106,7276,Clinical Domain Bronze - SaveUAResults - B12B,brz_UAResults,TASK_COMPLETE,SUCCESS,INFO,1787,1787,0,,2026-08-12T10:11:56.792Z,2026-08-12T10:43:20.487Z,1884,2026-08-12T10:43:20.487Z,B12B,ColoradoSprings,1325a4eb-aa02-4bc9-9fae-d06e40a0cece,
202608121042551934,202608121009360907,202608121009360893,106,7320,Clinical Domain Bronze - SaveUAResults - BOI,brz_UAResults,TASK_COMPLETE,SUCCESS,INFO,3489,3489,0,,2026-08-12T10:11:56.792Z,2026-08-12T10:43:20.487Z,1884,2026-08-12T10:43:20.487Z,BOI,Boise,1325a4eb-aa02-4bc9-9fae-d06e40a0cece,
202608121042551935,202608121009360908,202608121009360893,106,7369,Clinical Domain Bronze - SaveUAResults - V10,brz_UAResults,TASK_COMPLETE,SUCCESS,INFO,3503,3503,0,,2026-08-12T10:11:56.792Z,2026-08-12T10:43:20.487Z,1884,2026-08-12T10:43:20.487Z,V10,Boulder,1325a4eb-aa02-4bc9-9fae-d06e40a0cece,
202608251731205963,202608251712611182,202608251712611180,88,4771,P1 Reference 3P Setup Bronze - AHK,br_samms_3p_setup,TASK_COMPLETE,SUCCESS,INFO,3,3,0,,2026-08-25T17:13:33.765Z,2026-08-25T17:31:23.946Z,1070,2026-08-25T17:31:23.946Z,AHK,Ahoskie,72553dbc-d702-4eda-a5d0-9ceb643e22ea,SAMMS-Ahoskie
202608251649114412,202608251629636807,202608251629636804,88,4771,P1 Reference 3P Setup Bronze - AHK,br_samms_3p_setup,TASK_COMPLETE,SUCCESS,INFO,3,3,0,,2026-08-25T16:30:10.484Z,2026-08-25T16:49:14.632Z,1144,2026-08-25T16:49:14.632Z,AHK,Ahoskie,6d78ce37-8c21-4519-a454-1e5ee4a84a47,SAMMS-Ahoskie
202608221113177620,202608221042113009,202608221042112981,85,2738,Bronze INV,br_LiquidLog,TASK_COMPLETE,SUCCESS,INFO,137480,137480,0,,2026-08-22T10:42:14.039Z,2026-08-22T11:16:52.295Z,2078,2026-08-22T11:16:52.295Z,LO,Louisville,28d7acf5-bc26-4be3-b390-775b9af3d980,SAMMS-Louisville
202608221113177621,202608221042113010,202608221042112981,85,2797,Bronze INV,br_LiquidLog,TASK_COMPLETE,SUCCESS,INFO,126453,126453,0,,2026-08-22T10:42:14.039Z,2026-08-22T11:16:52.295Z,2078,2026-08-22T11:16:52.295Z,VBRP,Brooklyn Park,28d7acf5-bc26-4be3-b390-775b9af3d980,SAMMS-BrooklynParkV6
202608221113177623,202608221042113011,202608221042112981,85,2800,Bronze INV,br_LiquidLog,TASK_COMPLETE,SUCCESS,INFO,144930,144930,0,,2026-08-22T10:42:14.039Z,2026-08-22T11:16:52.295Z,2078,2026-08-22T11:16:52.295Z,VWBY,Woodbury,28d7acf5-bc26-4be3-b390-775b9af3d980,SAMMS-WoodburyV6
202608191705197739,202608191654270039,202608191654269970,76,144456,PPA Bronze,br_SF_PatientPreAdmission,TASK_COMPLETE,SUCCESS,INFO,6308,6308,0,,2026-08-19T16:54:47.315Z,2026-08-19T17:10:18.523Z,931,2026-08-19T17:10:18.523Z,HNT,Huntsville,4736cb14-987d-4509-b3d7-654790c2de16,SAMMS-Huntsville
202608191705197741,202608191654270040,202608191654269970,76,144457,PPA Bronze,br_SF_PatientPreAdmission,TASK_COMPLETE,SUCCESS,INFO,2293,2293,0,,2026-08-19T16:54:47.315Z,2026-08-19T17:10:18.523Z,931,2026-08-19T17:10:18.523Z,HS,HotSprings,4736cb14-987d-4509-b3d7-654790c2de16,SAMMS-HotSprings
202608201034573130,202608201013530462,202608201013530447,46,9057,P1 Finance FMP Bronze - B24,br_samms_fmp,TASK_COMPLETE,SUCCESS,INFO,2296,2296,0,,2026-08-20T10:13:57.622Z,2026-08-20T10:39:20.764Z,1523,2026-08-20T10:39:20.764Z,B24,Paintsville,069e8d01-766c-4679-b3df-c21f4d7bc3d1,SAMMS-PaintsvilleV5
202608191705197711,202608191654270017,202608191654269970,76,144434,PPA Bronze,br_SF_PatientPreAdmission,TASK_COMPLETE,SUCCESS,INFO,2227,2227,0,,2026-08-19T16:54:47.315Z,2026-08-19T17:10:18.523Z,931,2026-08-19T17:10:18.523Z,CBCO,CoeurdAlene,4736cb14-987d-4509-b3d7-654790c2de16,SAMMS-CoeurdAleneV6
202608191705197712,202608191654270018,202608191654269970,76,144435,PPA Bronze,br_SF_PatientPreAdmission,TASK_COMPLETE,SUCCESS,INFO,2528,2528,0,,2026-08-19T16:54:47.315Z,2026-08-19T17:10:18.523Z,931,2026-08-19T17:10:18.523Z,CON,Conway,4736cb14-987d-4509-b3d7-654790c2de16,SAMMS-Conway
202608191705197699,202608191654270007,202608191654269970,76,144424,PPA Bronze,br_SF_PatientPreAdmission,TASK_COMPLETE,SUCCESS,INFO,2891,2891,0,,2026-08-19T16:54:47.315Z,2026-08-19T17:10:18.523Z,931,2026-08-19T17:10:18.523Z,B57C,Providence,4736cb14-987d-4509-b3d7-654790c2de16,SAMMS-Providence
202608191705197700,202608191654270008,202608191654269970,76,144425,PPA Bronze,br_SF_PatientPreAdmission,TASK_COMPLETE,SUCCESS,INFO,2914,2914,0,,2026-08-19T16:54:47.315Z,2026-08-19T17:10:18.523Z,931,2026-08-19T17:10:18.523Z,B57D,Westerly,4736cb14-987d-4509-b3d7-654790c2de16,SAMMS-Westerly
202608191705197696,202608191654270005,202608191654269970,76,144422,PPA Bronze,br_SF_PatientPreAdmission,TASK_COMPLETE,SUCCESS,INFO,4279,4279,0,,2026-08-19T16:54:47.315Z,2026-08-19T17:10:18.523Z,931,2026-08-19T17:10:18.523Z,B57A,Johnston,4736cb14-987d-4509-b3d7-654790c2de16,SAMMS-Johnston
202608191705197698,202608191654270006,202608191654269970,76,144423,PPA Bronze,br_SF_PatientPreAdmission,TASK_COMPLETE,SUCCESS,INFO,1506,1506,0,,2026-08-19T16:54:47.315Z,2026-08-19T17:10:18.523Z,931,2026-08-19T17:10:18.523Z,B57B,Middletown,4736cb14-987d-4509-b3d7-654790c2de16,SAMMS-Middletown
202608191705197785,202608191654270073,202608191654269970,76,144490,PPA Bronze,br_SF_PatientPreAdmission,TASK_COMPLETE,SUCCESS,INFO,3426,3426,0,,2026-08-19T16:54:47.315Z,2026-08-19T17:10:18.523Z,931,2026-08-19T17:10:18.523Z,V17,ColumbiaTN,4736cb14-987d-4509-b3d7-654790c2de16,SAMMS-ColumbiaTNv5
202608191705197786,202608191654270074,202608191654269970,76,144491,PPA Bronze,br_SF_PatientPreAdmission,TASK_COMPLETE,SUCCESS,INFO,6020,6020,0,,2026-08-19T16:54:47.315Z,2026-08-19T17:10:18.523Z,931,2026-08-19T17:10:18.523Z,V19,Jackson,4736cb14-987d-4509-b3d7-654790c2de16,SAMMS-JacksonV5
202608191705197719,202608191654270023,202608191654269970,76,144440,PPA Bronze,br_SF_PatientPreAdmission,TASK_COMPLETE,SUCCESS,INFO,3044,3044,0,,2026-08-19T16:54:47.315Z,2026-08-19T17:10:18.523Z,931,2026-08-19T17:10:18.523Z,DM,DesMoines,4736cb14-987d-4509-b3d7-654790c2de16,SAMMS-DesMoines
202608191705197720,202608191654270024,202608191654269970,76,144441,PPA Bronze,br_SF_PatientPreAdmission,TASK_COMPLETE,SUCCESS,INFO,4290,4290,0,,2026-08-19T16:54:47.315Z,2026-08-19T17:10:18.523Z,931,2026-08-19T17:10:18.523Z,DRD-CO,Columbia,4736cb14-987d-4509-b3d7-654790c2de16,SAMMS-ColumbiaV5
202608221113177570,202608221042113028,202608221042112981,85,2359,Bronze INV,br_LabResult,TASK_COMPLETE,SUCCESS,INFO,9153,9153,0,,2026-08-22T10:42:14.039Z,2026-08-22T11:16:52.295Z,2078,2026-08-22T11:16:52.295Z,FW,Fort Wayne,28d7acf5-bc26-4be3-b390-775b9af3d980,SAMMS-FortWayne
202608221113177604,202608221042113029,202608221042112981,85,2370,Bronze INV,br_LabResult,TASK_COMPLETE,SUCCESS,INFO,27824,27824,0,,2026-08-22T10:42:14.039Z,2026-08-22T11:16:52.295Z,2078,2026-08-22T11:16:52.295Z,LO,Louisville,28d7acf5-bc26-4be3-b390-775b9af3d980,SAMMS-Louisville
202608221113177606,202608221042113030,202608221042112981,85,2429,Bronze INV,br_LabResult,TASK_COMPLETE,SUCCESS,INFO,17,17,0,,2026-08-22T10:42:14.039Z,2026-08-22T11:16:52.295Z,2078,2026-08-22T11:16:52.295Z,VBRP,Brooklyn Park,28d7acf5-bc26-4be3-b390-775b9af3d980,SAMMS-BrooklynParkV6
202608100952316129,202608100934367099,202608100934367074,85,598,Bronze INV,br_AdmissionAssessmentDimensionFour,TASK_COMPLETE,SUCCESS,INFO,96,96,0,,2026-08-10T09:34:42.906Z,2026-08-10T09:52:34.664Z,1072,2026-08-10T09:52:34.664Z,AHK,Ahoskie,6ef3fd30-03b0-4dcd-9022-3df447f4d036,
202608100952316130,202608100934367100,202608100934367074,85,599,Bronze INV,br_AdmissionAssessmentDimensionFour,TASK_COMPLETE,SUCCESS,INFO,779,779,0,,2026-08-10T09:34:42.906Z,2026-08-10T09:52:34.664Z,1072,2026-08-10T09:52:34.664Z,B12B,Colorado Springs,6ef3fd30-03b0-4dcd-9022-3df447f4d036,
202608100952316131,202608100934367101,202608100934367074,85,414,Bronze INV,br_AdmissionAssessmentDimensionFiveSubstanceUse,TASK_COMPLETE,SUCCESS,INFO,95,95,0,,2026-08-10T09:34:42.906Z,2026-08-10T09:52:34.664Z,1072,2026-08-10T09:52:34.664Z,AHK,Ahoskie,6ef3fd30-03b0-4dcd-9022-3df447f4d036,
202608100952316132,202608100934367102,202608100934367074,85,415,Bronze INV,br_AdmissionAssessmentDimensionFiveSubstanceUse,TASK_COMPLETE,SUCCESS,INFO,779,779,0,,2026-08-10T09:34:42.906Z,2026-08-10T09:52:34.664Z,1072,2026-08-10T09:52:34.664Z,B12B,Colorado Springs,6ef3fd30-03b0-4dcd-9022-3df447f4d036,
202608100952316133,202608100934367103,202608100934367074,85,966,Bronze INV,br_AdmissionAssessmentDimensionSix,TASK_COMPLETE,SUCCESS,INFO,96,96,0,,2026-08-10T09:34:42.906Z,2026-08-10T09:52:34.664Z,1072,2026-08-10T09:52:34.664Z,AHK,Ahoskie,6ef3fd30-03b0-4dcd-9022-3df447f4d036,
202608100952316134,202608100934367104,202608100934367074,85,967,Bronze INV,br_AdmissionAssessmentDimensionSix,TASK_COMPLETE,SUCCESS,INFO,780,780,0,,2026-08-10T09:34:42.906Z,2026-08-10T09:52:34.664Z,1072,2026-08-10T09:52:34.664Z,B12B,Colorado Springs,6ef3fd30-03b0-4dcd-9022-3df447f4d036,
202608141935472393,202608141857340817,202608141857340774,31,94043,FormAnswerSignatures Bronze - B76,br_tblFormAnswerSig,TASK_COMPLETE,SUCCESS,INFO,4193,4193,0,,2026-08-14T18:58:05.482Z,2026-08-14T19:35:50.482Z,2265,2026-08-14T19:35:50.482Z,B76,Huntsville-OBOT,015634ea-243f-49e1-a18e-0e1d033651d1,
202608141935472394,202608141857340818,202608141857340774,31,94044,FormAnswerSignatures Bronze - BAT,br_tblFormAnswerSig,TASK_COMPLETE,SUCCESS,INFO,19417,19417,0,,2026-08-14T18:58:05.482Z,2026-08-14T19:35:50.482Z,2265,2026-08-14T19:35:50.482Z,BAT,Batesville,015634ea-243f-49e1-a18e-0e1d033651d1,
202608141935472395,202608141857340819,202608141857340774,31,94045,FormAnswerSignatures Bronze - BG,br_tblFormAnswerSig,TASK_COMPLETE,SUCCESS,INFO,92964,92964,0,,2026-08-14T18:58:05.482Z,2026-08-14T19:35:50.482Z,2265,2026-08-14T19:35:50.482Z,BG,BowlingGreen,015634ea-243f-49e1-a18e-0e1d033651d1,
202608191139125003,202608191104247947,202608191104247942,107,8559,Clinical Domain Silver - SaveUAResults,sl_uaresults,TASK_COMPLETE,SUCCESS,INFO,843,843,0,,2026-08-19T11:06:34.343Z,2026-08-19T11:39:14.497Z,1960,2026-08-19T11:39:14.497Z,,,8c2f72fa-f3d3-4c31-9e7b-e1d36d508d72,
202608151434387476,202608151417675664,202608151417675641,118,10906,Bronze P1/P2 Assessments,br_NewPeriodicReassessmentCounselorReview,TASK_COMPLETE,SUCCESS,INFO,0,0,0,,2026-08-15T14:18:19.683Z,2026-08-15T14:37:39.575Z,1160,2026-08-15T14:37:39.575Z,B12B,Colorado Springs,556076c4-618a-4487-8b31-ba5017a3c197,
202608170749224512,202608170720364622,202608170720364599,118,10906,Bronze P1/P2 Assessments,br_NewPeriodicReassessmentCounselorReview,TASK_COMPLETE,SUCCESS,INFO,0,0,0,,2026-08-17T07:20:41.512Z,2026-08-17T07:49:26.331Z,1725,2026-08-17T07:49:26.331Z,B12B,Colorado Springs,422b71cc-fe6c-4f30-846d-92fb5587d0e9,
202608171145214411,202608171119587421,202608171119587420,118,10353,Bronze P1/P2 Assessments,br_NewAdmissionAssessment,TASK_COMPLETE,SUCCESS,INFO,0,0,0,,2026-08-17T11:20:06.775Z,2026-08-17T11:45:25.584Z,1519,2026-08-17T11:45:25.584Z,AHK,Ahoskie,50b193b8-c8c8-41b3-8f69-a5e058560d7e,
202608171145214413,202608171119587422,202608171119587420,118,10354,Bronze P1/P2 Assessments,br_NewAdmissionAssessment,TASK_COMPLETE,SUCCESS,INFO,0,0,0,,2026-08-17T11:20:06.775Z,2026-08-17T11:45:25.584Z,1519,2026-08-17T11:45:25.584Z,B12B,Colorado Springs,50b193b8-c8c8-41b3-8f69-a5e058560d7e,
202608171145214414,202608171119587423,202608171119587420,118,10355,Bronze P1/P2 Assessments,br_NewAdmissionAssessment,TASK_COMPLETE,SUCCESS,INFO,285,285,0,,2026-08-17T11:20:06.775Z,2026-08-17T11:45:25.584Z,1519,2026-08-17T11:45:25.584Z,B24,Paintsville,50b193b8-c8c8-41b3-8f69-a5e058560d7e,
202608171145214415,202608171119587424,202608171119587420,118,10357,Bronze P1/P2 Assessments,br_NewAdmissionAssessment,TASK_COMPLETE,SUCCESS,INFO,402,402,0,,2026-08-17T11:20:06.775Z,2026-08-17T11:45:25.584Z,1519,2026-08-17T11:45:25.584Z,B26,Hazard,50b193b8-c8c8-41b3-8f69-a5e058560d7e,
202608171145214416,202608171119587425,202608171119587420,118,10359,Bronze P1/P2 Assessments,br_NewAdmissionAssessment,TASK_COMPLETE,SUCCESS,INFO,0,0,0,,2026-08-17T11:20:06.775Z,2026-08-17T11:45:25.584Z,1519,2026-08-17T11:45:25.584Z,B28,West Plains,50b193b8-c8c8-41b3-8f69-a5e058560d7e,
202608141506426640,202608141444143627,202608141444143611,46,9528,P1 Finance Claim Line Item Bronze - B12B,br_samms_claim_line_item,TASK_COMPLETE,SUCCESS,INFO,232529,232529,0,,2026-08-14T14:44:17.762Z,2026-08-14T15:09:27.882Z,1510,2026-08-14T15:09:27.882Z,B12B,ColoradoSprings,1c123384-c339-4954-be1f-3a8d150ebb14,
202608170650554191,202608170608269041,202608170608269015,106,7846,Clinical Domain Bronze - SaveMNCA - VBRP,br_MNComprehensiveAssessment,TASK_COMPLETE,SUCCESS,INFO,261,261,0,,2026-08-17T06:09:37.896Z,2026-08-17T06:50:58.970Z,2481,2026-08-17T06:50:58.970Z,VBRP,BrooklynPark,83c0f655-df7d-4ce0-a8e7-3e8120951bbc,
202608181314386999,202608181250209485,202608181250209442,46,9883,P1 Finance Payer Client Bronze - B24,br_samms_payer_client,TASK_COMPLETE,SUCCESS,INFO,1763,1763,0,,2026-08-18T12:50:23.823Z,2026-08-18T13:14:41.917Z,1458,2026-08-18T13:14:41.917Z,B24,Paintsville,03823c35-021d-4cc9-8374-59681a542f1d,
202608181314387001,202608181250209486,202608181250209442,46,9884,P1 Finance Payer Client Bronze - B25,br_samms_payer_client,TASK_COMPLETE,SUCCESS,INFO,987,987,0,,2026-08-18T12:50:23.823Z,2026-08-18T13:14:41.917Z,1458,2026-08-18T13:14:41.917Z,B25,Pikeville,03823c35-021d-4cc9-8374-59681a542f1d,
202608181314387002,202608181250209487,202608181250209442,46,9999,P1 Finance Diag10 Bronze - AHK,br_samms_tbldiag10,TASK_COMPLETE,SUCCESS,INFO,231,231,0,,2026-08-18T12:50:23.823Z,2026-08-18T13:14:41.917Z,1458,2026-08-18T13:14:41.917Z,AHK,Ahoskie,03823c35-021d-4cc9-8374-59681a542f1d,
202608181407308806,202608181342262749,202608181342262706,46,9883,P1 Finance Payer Client Bronze - B24,br_samms_payer_client,TASK_COMPLETE,SUCCESS,INFO,1763,1763,0,,2026-08-18T13:42:39.071Z,2026-08-18T14:07:36.209Z,1497,2026-08-18T14:07:36.209Z,B24,Paintsville,2b16abcf-416f-4fd8-80a9-0aa52ca66e5c,
202608181407308808,202608181342262750,202608181342262706,46,9884,P1 Finance Payer Client Bronze - B25,br_samms_payer_client,TASK_COMPLETE,SUCCESS,INFO,987,987,0,,2026-08-18T13:42:39.071Z,2026-08-18T14:07:36.209Z,1497,2026-08-18T14:07:36.209Z,B25,Pikeville,2b16abcf-416f-4fd8-80a9-0aa52ca66e5c,
202608181407308809,202608181342262751,202608181342262706,46,9999,P1 Finance Diag10 Bronze - AHK,br_samms_tbldiag10,TASK_COMPLETE,SUCCESS,INFO,231,231,0,,2026-08-18T13:42:39.071Z,2026-08-18T14:07:36.209Z,1497,2026-08-18T14:07:36.209Z,AHK,Ahoskie,2b16abcf-416f-4fd8-80a9-0aa52ca66e5c,
202608181407308803,202608181342262746,202608181342262706,46,9766,P1 Finance Claims Bronze - B25,br_samms_claims,TASK_COMPLETE,SUCCESS,INFO,102040,102040,0,,2026-08-18T13:42:39.071Z,2026-08-18T14:07:36.209Z,1497,2026-08-18T14:07:36.209Z,B25,Pikeville,2b16abcf-416f-4fd8-80a9-0aa52ca66e5c,
202608181407308804,202608181342262747,202608181342262706,46,9881,P1 Finance Payer Client Bronze - AHK,br_samms_payer_client,TASK_COMPLETE,SUCCESS,INFO,178,178,0,,2026-08-18T13:42:39.071Z,2026-08-18T14:07:36.209Z,1497,2026-08-18T14:07:36.209Z,AHK,Ahoskie,2b16abcf-416f-4fd8-80a9-0aa52ca66e5c,
202608181407308805,202608181342262748,202608181342262706,46,9882,P1 Finance Payer Client Bronze - B12B,br_samms_payer_client,TASK_COMPLETE,SUCCESS,INFO,1325,1325,0,,2026-08-18T13:42:39.071Z,2026-08-18T14:07:36.209Z,1497,2026-08-18T14:07:36.209Z,B12B,ColoradoSprings,2b16abcf-416f-4fd8-80a9-0aa52ca66e5c,
202608181314386996,202608181250209482,202608181250209442,46,9766,P1 Finance Claims Bronze - B25,br_samms_claims,TASK_COMPLETE,SUCCESS,INFO,102040,102040,0,,2026-08-18T12:50:23.823Z,2026-08-18T13:14:41.917Z,1458,2026-08-18T13:14:41.917Z,B25,Pikeville,03823c35-021d-4cc9-8374-59681a542f1d,
202608181314386997,202608181250209483,202608181250209442,46,9881,P1 Finance Payer Client Bronze - AHK,br_samms_payer_client,TASK_COMPLETE,SUCCESS,INFO,178,178,0,,2026-08-18T12:50:23.823Z,2026-08-18T13:14:41.917Z,1458,2026-08-18T13:14:41.917Z,AHK,Ahoskie,03823c35-021d-4cc9-8374-59681a542f1d,
202608181314386998,202608181250209484,202608181250209442,46,9882,P1 Finance Payer Client Bronze - B12B,br_samms_payer_client,TASK_COMPLETE,SUCCESS,INFO,1325,1325,0,,2026-08-18T12:50:23.823Z,2026-08-18T13:14:41.917Z,1458,2026-08-18T13:14:41.917Z,B12B,ColoradoSprings,03823c35-021d-4cc9-8374-59681a542f1d,
202608150554175906,202608150537402638,202608150537402637,118,10353,Bronze P1/P2 Assessments,br_NewAdmissionAssessment,TASK_COMPLETE,SUCCESS,INFO,0,0,0,,2026-08-15T05:38:25.156Z,2026-08-15T05:54:20.465Z,955,2026-08-15T05:54:20.465Z,AHK,Ahoskie,92fdec37-a7f1-4589-8ea2-af8b074ddb31,
202608150554175908,202608150537402639,202608150537402637,118,10354,Bronze P1/P2 Assessments,br_NewAdmissionAssessment,TASK_COMPLETE,SUCCESS,INFO,0,0,0,,2026-08-15T05:38:25.156Z,2026-08-15T05:54:20.465Z,955,2026-08-15T05:54:20.465Z,B12B,Colorado Springs,92fdec37-a7f1-4589-8ea2-af8b074ddb31,
202608150554175909,202608150537402640,202608150537402637,118,10355,Bronze P1/P2 Assessments,br_NewAdmissionAssessment,TASK_COMPLETE,SUCCESS,INFO,285,285,0,,2026-08-15T05:38:25.156Z,2026-08-15T05:54:20.465Z,955,2026-08-15T05:54:20.465Z,B24,Paintsville,92fdec37-a7f1-4589-8ea2-af8b074ddb31,
202608150554175910,202608150537402641,202608150537402637,118,10357,Bronze P1/P2 Assessments,br_NewAdmissionAssessment,TASK_COMPLETE,SUCCESS,INFO,402,402,0,,2026-08-15T05:38:25.156Z,2026-08-15T05:54:20.465Z,955,2026-08-15T05:54:20.465Z,B26,Hazard,92fdec37-a7f1-4589-8ea2-af8b074ddb31,
202608150554175911,202608150537402642,202608150537402637,118,10359,Bronze P1/P2 Assessments,br_NewAdmissionAssessment,TASK_COMPLETE,SUCCESS,INFO,0,0,0,,2026-08-15T05:38:25.156Z,2026-08-15T05:54:20.465Z,955,2026-08-15T05:54:20.465Z,B28,West Plains,92fdec37-a7f1-4589-8ea2-af8b074ddb31,
202608261802020219,202608261733546734,202608261733546733,98,5859,P1 Forms Comprehensive Assessment Form Silver,tbl_ComprehensiveAssessmentForm,TASK_COMPLETE,SUCCESS,INFO,777,777,0,,2026-08-26T17:33:51.495Z,2026-08-26T18:02:05.602Z,1694,2026-08-26T18:02:05.602Z,,,4b416fe5-6f5c-4fb7-baa8-f0b32475e9c6,
202608241912325123,202608241904401262,202608241904401259,7,94426,Bronze DoseExcuse,br_tblDoseExcuse,TASK_COMPLETE,SUCCESS,INFO,38,38,0,,2026-08-24T19:04:44.377Z,2026-08-24T19:15:19.610Z,635,2026-08-24T19:15:19.610Z,AHK,Ahoskie,0346ab63-a7c9-42d8-8f80-92ecf515f1ad,SAMMS-Ahoskie
202608171102595616,202608171031398624,202608171031398593,106,7962,Clinical Domain Bronze - SaveMNCALOC - VMIN,br_MNComprehensiveAssessmentLevelOfCare,TASK_COMPLETE,SUCCESS,INFO,201,201,0,,2026-08-17T10:38:10.305Z,2026-08-17T11:03:03.679Z,1493,2026-08-17T11:03:03.679Z,VMIN,Minneapolis,16b28601-46b7-41d7-bb6b-81142615d65b,
202608171102595617,202608171031398625,202608171031398593,106,7963,Clinical Domain Bronze - SaveMNCALOC - VWBY,br_MNComprehensiveAssessmentLevelOfCare,TASK_COMPLETE,SUCCESS,INFO,385,385,0,,2026-08-17T10:38:10.305Z,2026-08-17T11:03:03.679Z,1493,2026-08-17T11:03:03.679Z,VWBY,Woodbury,16b28601-46b7-41d7-bb6b-81142615d65b,
202608171102595618,202608171031398626,202608171031398593,106,7966,Clinical Domain Bronze - SaveVACA - B12B,br_VAComprehensiveAssessment,TASK_COMPLETE,SUCCESS,INFO,0,0,0,,2026-08-17T10:38:10.305Z,2026-08-17T11:03:03.679Z,1493,2026-08-17T11:03:03.679Z,B12B,ColoradoSprings,16b28601-46b7-41d7-bb6b-81142615d65b,
202608151352479087,202608151310407834,202608151310407803,106,7962,Clinical Domain Bronze - SaveMNCALOC - VMIN,br_MNComprehensiveAssessmentLevelOfCare,TASK_COMPLETE,SUCCESS,INFO,197,197,0,,2026-08-15T13:11:43.813Z,2026-08-15T13:52:51.092Z,2468,2026-08-15T13:52:51.092Z,VMIN,Minneapolis,56214535-005b-4285-976b-e0172bc11b0b,
202608151352479088,202608151310407835,202608151310407803,106,7963,Clinical Domain Bronze - SaveMNCALOC - VWBY,br_MNComprehensiveAssessmentLevelOfCare,TASK_COMPLETE,SUCCESS,INFO,376,376,0,,2026-08-15T13:11:43.813Z,2026-08-15T13:52:51.092Z,2468,2026-08-15T13:52:51.092Z,VWBY,Woodbury,56214535-005b-4285-976b-e0172bc11b0b,
202608151352479089,202608151310407836,202608151310407803,106,7966,Clinical Domain Bronze - SaveVACA - B12B,br_VAComprehensiveAssessment,TASK_COMPLETE,SUCCESS,INFO,3,3,0,,2026-08-15T13:11:43.813Z,2026-08-15T13:52:51.092Z,2468,2026-08-15T13:52:51.092Z,B12B,ColoradoSprings,56214535-005b-4285-976b-e0172bc11b0b,
202608170505380903,202608170422215781,202608170422215750,106,7962,Clinical Domain Bronze - SaveMNCALOC - VMIN,br_MNComprehensiveAssessmentLevelOfCare,TASK_COMPLETE,SUCCESS,INFO,197,197,0,,2026-08-17T04:29:17.023Z,2026-08-17T05:06:50.333Z,2253,2026-08-17T05:06:50.333Z,VMIN,Minneapolis,0b53dc13-182d-4036-9b17-0891eca5f916,
202608170505380904,202608170422215782,202608170422215750,106,7963,Clinical Domain Bronze - SaveMNCALOC - VWBY,br_MNComprehensiveAssessmentLevelOfCare,TASK_COMPLETE,SUCCESS,INFO,376,376,0,,2026-08-17T04:29:17.023Z,2026-08-17T05:06:50.333Z,2253,2026-08-17T05:06:50.333Z,VWBY,Woodbury,0b53dc13-182d-4036-9b17-0891eca5f916,
202608170505380905,202608170422215783,202608170422215750,106,7966,Clinical Domain Bronze - SaveVACA - B12B,br_VAComprehensiveAssessment,TASK_COMPLETE,SUCCESS,INFO,3,3,0,,2026-08-17T04:29:17.023Z,2026-08-17T05:06:50.333Z,2253,2026-08-17T05:06:50.333Z,B12B,ColoradoSprings,0b53dc13-182d-4036-9b17-0891eca5f916,
202608151132574396,202608151055424889,202608151055424858,106,7962,Clinical Domain Bronze - SaveMNCALOC - VMIN,br_MNComprehensiveAssessmentLevelOfCare,TASK_COMPLETE,SUCCESS,INFO,197,197,0,,2026-08-15T10:59:41.813Z,2026-08-15T11:42:22.397Z,2561,2026-08-15T11:42:22.397Z,VMIN,Minneapolis,09bdfa13-0c4c-4ca3-9dd3-abd349cbbab4,
202608151132574397,202608151055424890,202608151055424858,106,7963,Clinical Domain Bronze - SaveMNCALOC - VWBY,br_MNComprehensiveAssessmentLevelOfCare,TASK_COMPLETE,SUCCESS,INFO,376,376,0,,2026-08-15T10:59:41.813Z,2026-08-15T11:42:22.397Z,2561,2026-08-15T11:42:22.397Z,VWBY,Woodbury,09bdfa13-0c4c-4ca3-9dd3-abd349cbbab4,
202608151132574398,202608151055424891,202608151055424858,106,7966,Clinical Domain Bronze - SaveVACA - B12B,br_VAComprehensiveAssessment,TASK_COMPLETE,SUCCESS,INFO,3,3,0,,2026-08-15T10:59:41.813Z,2026-08-15T11:42:22.397Z,2561,2026-08-15T11:42:22.397Z,B12B,ColoradoSprings,09bdfa13-0c4c-4ca3-9dd3-abd349cbbab4,
202608102144480561,202608102108561493,202608102108561394,28,91099,FormQuestionAnswers Bronze - V12A,br_tblFormQA,TASK_COMPLETE,SUCCESS,INFO,6468,6468,0,,2026-08-10T21:09:33.412Z,2026-08-10T21:44:51.777Z,2118,2026-08-10T21:44:51.777Z,V12A,Centennial,919a3989-3039-4ed4-8e54-b0f9527e0235,
202608102144480562,202608102108561494,202608102108561394,28,91100,FormQuestionAnswers Bronze - V14,br_tblFormQA,TASK_COMPLETE,SUCCESS,INFO,9419,9419,0,,2026-08-10T21:09:33.412Z,2026-08-10T21:44:51.777Z,2118,2026-08-10T21:44:51.777Z,V14,VCPHCS-XIV-Bridgeway,919a3989-3039-4ed4-8e54-b0f9527e0235,
202608102144480563,202608102108561495,202608102108561394,28,91101,FormQuestionAnswers Bronze - V15,br_tblFormQA,TASK_COMPLETE,SUCCESS,INFO,18214,18214,0,,2026-08-10T21:09:33.412Z,2026-08-10T21:44:51.777Z,2118,2026-08-10T21:44:51.777Z,V15,Joplin,919a3989-3039-4ed4-8e54-b0f9527e0235,
202608102144480564,202608102108561496,202608102108561394,28,91102,FormQuestionAnswers Bronze - V17,br_tblFormQA,TASK_COMPLETE,SUCCESS,INFO,14610,14610,0,,2026-08-10T21:09:33.412Z,2026-08-10T21:44:51.777Z,2118,2026-08-10T21:44:51.777Z,V17,ColumbiaTN,919a3989-3039-4ed4-8e54-b0f9527e0235,
202608102144480566,202608102108561497,202608102108561394,28,91103,FormQuestionAnswers Bronze - V19,br_tblFormQA,TASK_COMPLETE,SUCCESS,INFO,11727,11727,0,,2026-08-10T21:09:33.412Z,2026-08-10T21:44:51.777Z,2118,2026-08-10T21:44:51.777Z,V19,Jackson,919a3989-3039-4ed4-8e54-b0f9527e0235,
202608102144480567,202608102108561498,202608102108561394,28,91104,FormQuestionAnswers Bronze - V20,br_tblFormQA,TASK_COMPLETE,SUCCESS,INFO,22668,22668,0,,2026-08-10T21:09:33.412Z,2026-08-10T21:44:51.777Z,2118,2026-08-10T21:44:51.777Z,V20,Paris,919a3989-3039-4ed4-8e54-b0f9527e0235,
202608102144480568,202608102108561499,202608102108561394,28,91105,FormQuestionAnswers Bronze - V21,br_tblFormQA,TASK_COMPLETE,SUCCESS,INFO,13799,13799,0,,2026-08-10T21:09:33.412Z,2026-08-10T21:44:51.777Z,2118,2026-08-10T21:44:51.777Z,V21,Raleigh,919a3989-3039-4ed4-8e54-b0f9527e0235,
202608261728404533,202608261657310998,202608261657310989,47,9760,P1 Finance Claim Line Item Activity Silver,tbl_ClaimLineItemActivity,TASK_COMPLETE,SUCCESS,INFO,22841,22841,0,,2026-08-26T16:57:24.758Z,2026-08-26T17:29:17.775Z,1913,2026-08-26T17:29:17.775Z,,,7a1b4484-4dc4-4e48-b51b-e78359ce9673,
202608251542248295,202608251517689129,202608251517689120,47,9760,P1 Finance Claim Line Item Activity Silver,tbl_ClaimLineItemActivity,TASK_COMPLETE,SUCCESS,INFO,22677,22677,0,,2026-08-25T15:18:05.141Z,2026-08-25T15:42:26.877Z,1461,2026-08-25T15:42:26.877Z,,,04d587cb-fd28-4f28-a572-c158aa92fa98,
202608110409368564,202608110331629400,202608110331629359,106,7984,Clinical Domain Bronze - SaveVACA - B42,brz_VAComprehensiveAssessment,TASK_COMPLETE,SUCCESS,INFO,8,8,0,,2026-08-11T03:32:39.288Z,2026-08-11T04:09:40.942Z,2221,2026-08-11T04:09:40.942Z,B42,VirginiaBeach,6e36e3b5-c33e-4cc8-b6e2-dc5c3524428c,
202608110409368565,202608110331629401,202608110331629359,106,7985,Clinical Domain Bronze - SaveVACA - B42A,brz_VAComprehensiveAssessment,TASK_COMPLETE,SUCCESS,INFO,1,1,0,,2026-08-11T03:32:39.288Z,2026-08-11T04:09:40.942Z,2221,2026-08-11T04:09:40.942Z,B42A,NewportNews,6e36e3b5-c33e-4cc8-b6e2-dc5c3524428c,
202608110409368566,202608110331629402,202608110331629359,106,7986,Clinical Domain Bronze - SaveVACA - B42B,brz_VAComprehensiveAssessment,TASK_COMPLETE,SUCCESS,INFO,0,0,0,,2026-08-11T03:32:39.288Z,2026-08-11T04:09:40.942Z,2221,2026-08-11T04:09:40.942Z,B42B,Franklin,6e36e3b5-c33e-4cc8-b6e2-dc5c3524428c,
202608110409368567,202608110331629403,202608110331629359,106,7987,Clinical Domain Bronze - SaveVACA - B42C,brz_VAComprehensiveAssessment,TASK_COMPLETE,SUCCESS,INFO,0,0,0,,2026-08-11T03:32:39.288Z,2026-08-11T04:09:40.942Z,2221,2026-08-11T04:09:40.942Z,B42C,GlenAllen,6e36e3b5-c33e-4cc8-b6e2-dc5c3524428c,
202608210243544040,202608210227362452,202608210227362448,45,188,SAMMSGLOBAL Gold,UserSites,TASK_COMPLETE,SUCCESS,INFO,0,71027,0,,2026-08-21T02:27:19.171Z,2026-08-21T02:44:04.451Z,1005,2026-08-21T02:44:04.451Z,Global,Global,37d39418-848b-43a3-aff1-182cc8bb7455,SAMMSGLOBAL
202608210938380721,202608210910301210,202608210910301208,45,193,SAMMSGLOBAL Gold,FeeSched,TASK_COMPLETE,SUCCESS,INFO,16313,16222,0,,2026-08-21T09:10:14.296Z,2026-08-21T09:38:52.166Z,1718,2026-08-21T09:38:52.166Z,Global,Global,859bd6e7-8433-41b7-8f16-164cdd55063d,SAMMSGLOBAL
202608170614178954,202608170551256455,202608170551256420,46,9647,P1 Finance Claim Line Item Activity Bronze - B24,br_samms_claim_line_item_activity,TASK_COMPLETE,SUCCESS,INFO,194686,194686,0,,2026-08-17T05:51:47.044Z,2026-08-17T06:14:21.786Z,1354,2026-08-17T06:14:21.786Z,B24,Paintsville,09d84bc7-e629-48a4-a32a-826b207e96d1,
202608170614178956,202608170551256456,202608170551256420,46,9648,P1 Finance Claim Line Item Activity Bronze - B25,br_samms_claim_line_item_activity,TASK_COMPLETE,SUCCESS,INFO,155836,155836,0,,2026-08-17T05:51:47.044Z,2026-08-17T06:14:21.786Z,1354,2026-08-17T06:14:21.786Z,B25,Pikeville,09d84bc7-e629-48a4-a32a-826b207e96d1,
202608210242220253,202608210227262451,202608210227262448,44,177,SAMMSGLOBAL Silver,sl_User,TASK_COMPLETE,SUCCESS,INFO,11983,0,0,,2026-08-21T02:27:19.171Z,2026-08-21T02:42:27.062Z,908,2026-08-21T02:42:27.062Z,Global,Global,37d39418-848b-43a3-aff1-182cc8bb7455,SAMMSGLOBAL
202608201034573145,202608201013530467,202608201013530447,46,9176,P1 Finance Payer Client History Bronze - B25,br_samms_payer_clt_history,TASK_COMPLETE,SUCCESS,INFO,335,335,0,,2026-08-20T10:13:57.622Z,2026-08-20T10:39:20.764Z,1523,2026-08-20T10:39:20.764Z,B25,Pikeville,069e8d01-766c-4679-b3df-c21f4d7bc3d1,SAMMS-PikevilleV5
202608251449420150,202608251428352606,202608251428352600,46,8938,P1 Finance VW 3P Bill Sub Bronze - B12B,br_samms_vw3p_bill_sub,TASK_COMPLETE,SUCCESS,INFO,1107,1107,0,,2026-08-25T14:28:42.306Z,2026-08-25T14:49:46.373Z,1264,2026-08-25T14:49:46.373Z,B12B,ColoradoSprings,5e789551-b18e-4745-8526-2b8db3ceeb01,SAMMS-ColoradoSpringsV5
202608251449420151,202608251428352607,202608251428352600,46,9055,P1 Finance FMP Bronze - AHK,br_samms_fmp,TASK_COMPLETE,SUCCESS,INFO,3,3,0,,2026-08-25T14:28:42.306Z,2026-08-25T14:49:46.373Z,1264,2026-08-25T14:49:46.373Z,AHK,Ahoskie,5e789551-b18e-4745-8526-2b8db3ceeb01,SAMMS-Ahoskie
202608261139002088,202608261050367441,202608261050367363,18,51078,Orders Bronze SaveOrders - MRD,br_Orders,TASK_COMPLETE,SUCCESS,INFO,0,0,0,,2026-08-26T10:51:23.872Z,2026-08-26T11:39:03.779Z,2860,2026-08-26T11:39:03.779Z,MRD,Meridian,9f27ea6d-77e8-424b-b461-0bad838d803f,SAMMS-Meridian
202608261139002089,202608261050367442,202608261050367363,18,51079,Orders Bronze SaveOrders - NC,br_Orders,TASK_COMPLETE,SUCCESS,INFO,0,0,0,,2026-08-26T10:51:23.872Z,2026-08-26T11:39:03.779Z,2860,2026-08-26T11:39:03.779Z,NC,NorthCharleston,9f27ea6d-77e8-424b-b461-0bad838d803f,SAMMS-NorthCharleston
202608261139002090,202608261050367443,202608261050367363,18,51080,Orders Bronze SaveOrders - NLR,br_Orders,TASK_COMPLETE,SUCCESS,INFO,0,0,0,,2026-08-26T10:51:23.872Z,2026-08-26T11:39:03.779Z,2860,2026-08-26T11:39:03.779Z,NLR,NLROBOT,9f27ea6d-77e8-424b-b461-0bad838d803f,SAMMS-NLROBOT
202608261139002091,202608261050367444,202608261050367363,18,51081,Orders Bronze SaveOrders - PH,br_Orders,TASK_COMPLETE,SUCCESS,INFO,0,0,0,,2026-08-26T10:51:23.872Z,2026-08-26T11:39:03.779Z,2860,2026-08-26T11:39:03.779Z,PH,Phoenix,9f27ea6d-77e8-424b-b461-0bad838d803f,SAMMS-Phoenix
202608261139002092,202608261050367445,202608261050367363,18,51082,Orders Bronze SaveOrders - RE,br_Orders,TASK_COMPLETE,SUCCESS,INFO,0,0,0,,2026-08-26T10:51:23.872Z,2026-08-26T11:39:03.779Z,2860,2026-08-26T11:39:03.779Z,RE,Reno,9f27ea6d-77e8-424b-b461-0bad838d803f,SAMMS-Reno
202608261139002093,202608261050367446,202608261050367363,18,51083,Orders Bronze SaveOrders - RMD,br_Orders,TASK_COMPLETE,SUCCESS,INFO,0,0,0,,2026-08-26T10:51:23.872Z,2026-08-26T11:39:03.779Z,2860,2026-08-26T11:39:03.779Z,RMD,Richmond,9f27ea6d-77e8-424b-b461-0bad838d803f,SAMMS-Richmond
202608261139002094,202608261050367447,202608261050367363,18,51084,Orders Bronze SaveOrders - SFN,br_Orders,TASK_COMPLETE,SUCCESS,INFO,0,0,0,,2026-08-26T10:51:23.872Z,2026-08-26T11:39:03.779Z,2860,2026-08-26T11:39:03.779Z,SFN,SFN,9f27ea6d-77e8-424b-b461-0bad838d803f,SAMMS-SFNv5
202608201034573091,202608201013530478,202608201013530447,46,9529,P1 Finance Claim Line Item Bronze - B24,br_samms_claim_line_item,TASK_COMPLETE,SUCCESS,INFO,162369,162369,0,,2026-08-20T10:13:57.622Z,2026-08-20T10:39:20.764Z,1523,2026-08-20T10:39:20.764Z,B24,Paintsville,069e8d01-766c-4679-b3df-c21f4d7bc3d1,SAMMS-PaintsvilleV5
202608201034573063,202608201013530473,202608201013530447,46,9410,P1 Finance 3P Eligibility Bronze - B12B,br_samms_3p_elig,TASK_COMPLETE,SUCCESS,INFO,225,225,0,,2026-08-20T10:13:57.622Z,2026-08-20T10:39:20.764Z,1523,2026-08-20T10:39:20.764Z,B12B,ColoradoSprings,069e8d01-766c-4679-b3df-c21f4d7bc3d1,SAMMS-ColoradoSpringsV5
202608250403056853,202608250343360398,202608250343360390,118,10916,Bronze P1/P2 Assessments,br_NewPeriodicReassessmentCounselorReview,TASK_COMPLETE,SUCCESS,INFO,239,239,0,,2026-08-25T03:43:39.643Z,2026-08-25T04:03:08.743Z,1169,2026-08-25T04:03:08.743Z,B33,Paducah,8c969a39-95ec-4087-9ad3-4a9580887e34,SAMMS-Paducah
202608250403056854,202608250343360399,202608250343360390,118,11091,Bronze P1/P2 Assessments,br_NewPeriodicReassessmentD2,TASK_COMPLETE,SUCCESS,INFO,0,0,0,,2026-08-25T03:43:39.643Z,2026-08-25T04:03:08.743Z,1169,2026-08-25T04:03:08.743Z,B24,Paintsville,8c969a39-95ec-4087-9ad3-4a9580887e34,SAMMS-PaintsvilleV5
202608251449420159,202608251428352613,202608251428352600,46,9409,P1 Finance 3P Eligibility Bronze - AHK,br_samms_3p_elig,TASK_COMPLETE,SUCCESS,INFO,89,89,0,,2026-08-25T14:28:42.306Z,2026-08-25T14:49:46.373Z,1264,2026-08-25T14:49:46.373Z,AHK,Ahoskie,5e789551-b18e-4745-8526-2b8db3ceeb01,SAMMS-Ahoskie
202608251449420160,202608251428352614,202608251428352600,46,9410,P1 Finance 3P Eligibility Bronze - B12B,br_samms_3p_elig,TASK_COMPLETE,SUCCESS,INFO,229,229,0,,2026-08-25T14:28:42.306Z,2026-08-25T14:49:46.373Z,1264,2026-08-25T14:49:46.373Z,B12B,ColoradoSprings,5e789551-b18e-4745-8526-2b8db3ceeb01,SAMMS-ColoradoSpringsV5
202608141121480087,202608141121480087,202608141121345444,84,216,Gold Salesforce Accounts,Accounts,TASK_FAILED,FAILED,ERROR,0,0,0,An error occurred while calling o7860.synapsesql. : com.microsoft.spark.fabric.tds.write.error.FabricSparkTDSWriteError: Write orchestration failed.,2026-08-14T11:21:52.223Z,2026-08-14T11:22:15.108Z,21,2026-08-14T11:22:15.108Z,,,65af9a38-d304-499c-abe3-51037aa67f0b,
202608150744558323,202608150744558323,202608141121345444,84,216,Gold Salesforce Accounts,Accounts,TASK_FAILED,FAILED,ERROR,0,0,0,An error occurred while calling o7963.synapsesql. : com.microsoft.spark.fabric.tds.write.error.FabricSparkTDSWriteError: Write orchestration failed.,2026-08-15T07:45:00.917Z,2026-08-15T07:45:25.838Z,23,2026-08-15T07:45:25.838Z,,,7aeef17f-6a83-4892-911d-f2c8473c9ddd,
202608150827530770,202608150827530770,202608141121345444,84,216,Gold Salesforce Accounts,Accounts,TASK_FAILED,FAILED,ERROR,0,0,0,An error occurred while calling o7953.synapsesql. : com.microsoft.spark.fabric.tds.write.error.FabricSparkTDSWriteError: Write orchestration failed.,2026-08-15T08:27:57.828Z,2026-08-15T08:28:19.857Z,20,2026-08-15T08:28:19.857Z,,,749d5262-86ff-40e0-8a86-2235f2d6051c,
202608150647074336,202608150647074336,202608141121345444,84,216,Gold Salesforce Accounts,Accounts,TASK_FAILED,FAILED,ERROR,0,0,0,An error occurred while calling o7963.synapsesql. : com.microsoft.spark.fabric.tds.write.error.FabricSparkTDSWriteError: Write orchestration failed.,2026-08-15T06:47:12.880Z,2026-08-15T06:47:54.850Z,40,2026-08-15T06:47:54.850Z,,,4b120bb3-f1e6-442e-8114-0fadc28f6b49,
202608221113177389,202608221042113098,202608221042112981,85,1255,Bronze INV,br_AdmissionAssessmentDimensionThree,TASK_COMPLETE,SUCCESS,INFO,679,679,0,,2026-08-22T10:42:14.039Z,2026-08-22T11:16:52.295Z,2078,2026-08-22T11:16:52.295Z,FW,Fort Wayne,28d7acf5-bc26-4be3-b390-775b9af3d980,SAMMS-FortWayne
202608221113177390,202608221042113099,202608221042112981,85,1266,Bronze INV,br_AdmissionAssessmentDimensionThree,TASK_COMPLETE,SUCCESS,INFO,429,429,0,,2026-08-22T10:42:14.039Z,2026-08-22T11:16:52.295Z,2078,2026-08-22T11:16:52.295Z,LO,Louisville,28d7acf5-bc26-4be3-b390-775b9af3d980,SAMMS-Louisville
202608221113177391,202608221042113100,202608221042112981,85,1325,Bronze INV,br_AdmissionAssessmentDimensionThree,TASK_COMPLETE,SUCCESS,INFO,593,593,0,,2026-08-22T10:42:14.039Z,2026-08-22T11:16:52.295Z,2078,2026-08-22T11:16:52.295Z,VBRP,Brooklyn Park,28d7acf5-bc26-4be3-b390-775b9af3d980,SAMMS-BrooklynParkV6
202608121034372493,202608121034372492,20260812085501,116,8626,Silver Patient Services,sl_patientservicesnoshow,TASK_FAILED,FAILED,ERROR,0,0,1,NoneType object has no attribute count,2026-08-12T10:34:37.249Z,2026-08-12T10:38:04.192Z,179,2026-08-12T10:38:04.192Z,,,06da4077-0581-4ada-895f-f1648e88cc4b,
202608121131505213,202608121131505211,20260812085501,116,8626,Silver Patient Services,sl_patientservicesnoshow,TASK_FAILED,FAILED,ERROR,0,0,1,NoneType object has no attribute count,2026-08-12T11:31:50.521Z,2026-08-12T11:36:00.838Z,221,2026-08-12T11:36:00.838Z,,,707a824e-33de-4319-b626-cf63a3508155,
202608121052396564,202608121052396562,20260812085501,116,8626,Silver Patient Services,sl_patientservicesnoshow,TASK_FAILED,FAILED,ERROR,0,0,1,NoneType object has no attribute count,2026-08-12T10:52:39.656Z,2026-08-12T10:56:11.434Z,184,2026-08-12T10:56:11.434Z,,,92859603-ed5a-4a4e-a6f3-c4cef250fd48,
202608200714585746,202608200714585745,20260820071441,39,154,Gold KnowBe4 Enrollments,KnowBe4Enrollments,TASK_COMPLETE,SUCCESS,INFO,94510,94510,0,,2026-08-20T07:15:03.828Z,2026-08-20T07:15:47.514Z,41,2026-08-20T07:15:47.514Z,,,51c8df81-b91f-4be3-8810-59f3888974f0,
202608251542248292,202608251517689127,202608251517689120,47,9524,P1 Finance 3P Eligibility Silver,tbl_3pElig,TASK_COMPLETE,SUCCESS,INFO,89,0,0,,2026-08-25T15:18:05.141Z,2026-08-25T15:42:26.877Z,1461,2026-08-25T15:42:26.877Z,,,04d587cb-fd28-4f28-a572-c158aa92fa98,
202608261728404530,202608261657310996,202608261657310989,47,9524,P1 Finance 3P Eligibility Silver,tbl_3pElig,TASK_COMPLETE,SUCCESS,INFO,89,0,0,,2026-08-26T16:57:24.758Z,2026-08-26T17:29:17.775Z,1913,2026-08-26T17:29:17.775Z,,,7a1b4484-4dc4-4e48-b51b-e78359ce9673,
202608260416567347,202608260416567347,20260826041646,39,154,Gold KnowBe4 Enrollments,KnowBe4Enrollments,TASK_COMPLETE,SUCCESS,INFO,94578,94578,0,,2026-08-26T04:17:02.428Z,2026-08-26T04:17:39.021Z,34,2026-08-26T04:17:39.021Z,,,06bf1b3a-2ded-4e3b-ba7f-359214902c18,
202608200617022993,202608200617022993,20260820035127,39,154,Gold KnowBe4 Enrollments,KnowBe4Enrollments,TASK_COMPLETE,SUCCESS,INFO,94510,94510,0,,2026-08-20T06:17:06.359Z,2026-08-20T06:17:41.564Z,33,2026-08-20T06:17:41.564Z,,,6ebf4f86-a572-46b7-a0b9-e243ddff1ee4,
202608181230520172,202608181205521857,202608181205521842,118,11100,Bronze P1/P2 Assessments,br_NewPeriodicReassessmentD2,TASK_COMPLETE,SUCCESS,INFO,0,0,0,,2026-08-18T12:06:00.341Z,2026-08-18T12:30:55.108Z,1495,2026-08-18T12:30:55.108Z,B33,Paducah,201d97b6-7f87-43f7-a098-fb002daf1faf,
202608181230520173,202608181205521858,202608181205521842,118,11275,Bronze P1/P2 Assessments,br_NewPeriodicReassessmentD3,TASK_COMPLETE,SUCCESS,INFO,0,0,0,,2026-08-18T12:06:00.341Z,2026-08-18T12:30:55.108Z,1495,2026-08-18T12:30:55.108Z,B24,Paintsville,201d97b6-7f87-43f7-a098-fb002daf1faf,
202608181230520174,202608181205521859,202608181205521842,118,11277,Bronze P1/P2 Assessments,br_NewPeriodicReassessmentD3,TASK_COMPLETE,SUCCESS,INFO,0,0,0,,2026-08-18T12:06:00.341Z,2026-08-18T12:30:55.108Z,1495,2026-08-18T12:30:55.108Z,B26,Hazard,201d97b6-7f87-43f7-a098-fb002daf1faf,
202608181230520175,202608181205521860,202608181205521842,118,11284,Bronze P1/P2 Assessments,br_NewPeriodicReassessmentD3,TASK_COMPLETE,SUCCESS,INFO,0,0,0,,2026-08-18T12:06:00.341Z,2026-08-18T12:30:55.108Z,1495,2026-08-18T12:30:55.108Z,B33,Paducah,201d97b6-7f87-43f7-a098-fb002daf1faf,
202608151434387472,202608151417675662,202608151417675641,118,10787,Bronze P1/P2 Assessments,br_NewPeriodicReassessment,TASK_COMPLETE,SUCCESS,INFO,0,0,0,,2026-08-15T14:18:19.683Z,2026-08-15T14:37:39.575Z,1160,2026-08-15T14:37:39.575Z,CBCO,Coeur dAlene,556076c4-618a-4487-8b31-ba5017a3c197,
202608151434387574,202608151417775644,202608151417775641,119,12562,Silver P1/P2 Assessments,sl_NewPeriodicReassessment,TASK_COMPLETE,SUCCESS,INFO,1755,1755,0,,2026-08-15T14:18:19.683Z,2026-08-15T14:37:39.575Z,1160,2026-08-15T14:37:39.575Z,,,556076c4-618a-4487-8b31-ba5017a3c197,
202608170749224570,202608170720364674,202608170720364599,118,12199,Bronze P1/P2 Assessments,br_NewAdmissionAssessmentASAMDimension4,TASK_COMPLETE,SUCCESS,INFO,0,0,0,,2026-08-17T07:20:41.512Z,2026-08-17T07:49:26.331Z,1725,2026-08-17T07:49:26.331Z,B28,West Plains,422b71cc-fe6c-4f30-846d-92fb5587d0e9,
202608150748217736,202608150748217736,202608141121345444,84,13674,Gold Salesforce Leads,Leads,TASK_ALREADY_COMPLETED,ALREADY_COMPLETED,INFO,0,0,0,Already succeeded in previous attempt,2026-08-15T07:48:26.468Z,2026-08-15T07:48:26.468Z,0,2026-08-15T07:48:26.468Z,,,7aeef17f-6a83-4892-911d-f2c8473c9ddd,
202608102139177359,202608102103362570,202608102103362513,31,94057,FormAnswerSignatures Bronze - DRD-KVC,br_tblFormAnswerSig,TASK_COMPLETE,SUCCESS,INFO,54330,54330,0,,2026-08-10T21:04:36.348Z,2026-08-10T21:39:44.219Z,2108,2026-08-10T21:39:44.219Z,DRD-KVC,KVC,0e7e4594-5e6f-405f-a303-69a6f189ed20,
202608102139177360,202608102103362571,202608102103362513,31,94058,FormAnswerSignatures Bronze - DRD-NOLA,br_tblFormAnswerSig,TASK_COMPLETE,SUCCESS,INFO,44466,44466,0,,2026-08-10T21:04:36.348Z,2026-08-10T21:39:44.219Z,2108,2026-08-10T21:39:44.219Z,DRD-NOLA,NOLA,0e7e4594-5e6f-405f-a303-69a6f189ed20,
202608102139177361,202608102103362572,202608102103362513,31,94059,FormAnswerSignatures Bronze - DRD-SF,br_tblFormAnswerSig,TASK_COMPLETE,SUCCESS,INFO,22235,22235,0,,2026-08-10T21:04:36.348Z,2026-08-10T21:39:44.219Z,2108,2026-08-10T21:39:44.219Z,DRD-SF,SF,0e7e4594-5e6f-405f-a303-69a6f189ed20,
202608102139177362,202608102103362573,202608102103362513,31,94060,FormAnswerSignatures Bronze - ELC,br_tblFormAnswerSig,TASK_COMPLETE,SUCCESS,INFO,15605,15605,0,,2026-08-10T21:04:36.348Z,2026-08-10T21:39:44.219Z,2108,2026-08-10T21:39:44.219Z,ELC,ElizabethCity,0e7e4594-5e6f-405f-a303-69a6f189ed20,
202608102139177363,202608102103362574,202608102103362513,31,94061,FormAnswerSignatures Bronze - ET,br_tblFormAnswerSig,TASK_COMPLETE,SUCCESS,INFO,17405,17405,0,,2026-08-10T21:04:36.348Z,2026-08-10T21:39:44.219Z,2108,2026-08-10T21:39:44.219Z,ET,Elizabethtown,0e7e4594-5e6f-405f-a303-69a6f189ed20,
202608102139177364,202608102103362575,202608102103362513,31,94062,FormAnswerSignatures Bronze - FAY,br_tblFormAnswerSig,TASK_COMPLETE,SUCCESS,INFO,2559,2559,0,,2026-08-10T21:04:36.348Z,2026-08-10T21:39:44.219Z,2108,2026-08-10T21:39:44.219Z,FAY,Fayetteville,0e7e4594-5e6f-405f-a303-69a6f189ed20,
202608102139177365,202608102103362576,202608102103362513,31,94063,FormAnswerSignatures Bronze - FR,br_tblFormAnswerSig,TASK_COMPLETE,SUCCESS,INFO,12501,12501,0,,2026-08-10T21:04:36.348Z,2026-08-10T21:39:44.219Z,2108,2026-08-10T21:39:44.219Z,FR,Frankfort,0e7e4594-5e6f-405f-a303-69a6f189ed20,
202608271140381354,202608271140381354,20260827113412,132,13707,Trending Treatment Plans State Reqs Gold,TrendingTreatmentPlansStateReqs,TASK_SUCCESS,SUCCESS,INFO,2329626,2329626,0,,2026-08-27T11:40:38.135Z,2026-08-27T11:42:57.809Z,139,2026-08-27T11:42:57.809Z,,,548cb8af-a2ae-442b-8193-6118f75471ea,
202608210239317740,202608210227162455,202608210227162448,43,169,SAMMSGLOBAL Bronze,br_CONSENTS,TASK_COMPLETE,SUCCESS,INFO,459,459,0,,2026-08-21T02:27:19.171Z,2026-08-21T02:39:34.839Z,735,2026-08-21T02:39:34.839Z,Global,Global,37d39418-848b-43a3-aff1-182cc8bb7455,SAMMSGLOBAL
202608141027463209,202608141027463209,20260814075328,110,8612,Silver Bank Transactions,sl_BankTransactions,TASK_FAILED,FAILED,ERROR,0,0,1,[DELTA_FAILED_TO_MERGE_FIELDS] Failed to merge fields WeekEnding and WeekEnding,2026-08-14T10:27:50.779Z,2026-08-14T10:28:34.848Z,41,2026-08-14T10:28:34.848Z,,,0a17833d-2f2d-4705-abc5-4f15042beb2c,
202608210242216149,202608210227262450,202608210227262448,44,183,SAMMSGLOBAL Silver,sl_FeeSched,TASK_COMPLETE,SUCCESS,INFO,16313,0,0,,2026-08-21T02:27:19.171Z,2026-08-21T02:42:27.062Z,908,2026-08-21T02:42:27.062Z,Global,Global,37d39418-848b-43a3-aff1-182cc8bb7455,SAMMSGLOBAL
202608151132574392,202608151055424886,202608151055424858,106,7848,Clinical Domain Bronze - SaveMNCA - VWBY,br_MNComprehensiveAssessment,TASK_COMPLETE,SUCCESS,INFO,407,407,0,,2026-08-15T10:59:41.813Z,2026-08-15T11:42:22.397Z,2561,2026-08-15T11:42:22.397Z,VWBY,Woodbury,09bdfa13-0c4c-4ca3-9dd3-abd349cbbab4,
202608151132574393,202608151055424887,202608151055424858,106,7960,Clinical Domain Bronze - SaveMNCALOC - VBRA,br_MNComprehensiveAssessmentLevelOfCare,TASK_COMPLETE,SUCCESS,INFO,218,218,0,,2026-08-15T10:59:41.813Z,2026-08-15T11:42:22.397Z,2561,2026-08-15T11:42:22.397Z,VBRA,Brainerd,09bdfa13-0c4c-4ca3-9dd3-abd349cbbab4,
202608151132574395,202608151055424888,202608151055424858,106,7961,Clinical Domain Bronze - SaveMNCALOC - VBRP,br_MNComprehensiveAssessmentLevelOfCare,TASK_COMPLETE,SUCCESS,INFO,245,245,0,,2026-08-15T10:59:41.813Z,2026-08-15T11:42:22.397Z,2561,2026-08-15T11:42:22.397Z,VBRP,BrooklynPark,09bdfa13-0c4c-4ca3-9dd3-abd349cbbab4,
202608171102595613,202608171031398621,202608171031398593,106,7848,Clinical Domain Bronze - SaveMNCA - VWBY,br_MNComprehensiveAssessment,TASK_COMPLETE,SUCCESS,INFO,416,416,0,,2026-08-17T10:38:10.305Z,2026-08-17T11:03:03.679Z,1493,2026-08-17T11:03:03.679Z,VWBY,Woodbury,16b28601-46b7-41d7-bb6b-81142615d65b,
202608171102595614,202608171031398622,202608171031398593,106,7960,Clinical Domain Bronze - SaveMNCALOC - VBRA,br_MNComprehensiveAssessmentLevelOfCare,TASK_COMPLETE,SUCCESS,INFO,220,220,0,,2026-08-17T10:38:10.305Z,2026-08-17T11:03:03.679Z,1493,2026-08-17T11:03:03.679Z,VBRA,Brainerd,16b28601-46b7-41d7-bb6b-81142615d65b,
202608171102595615,202608171031398623,202608171031398593,106,7961,Clinical Domain Bronze - SaveMNCALOC - VBRP,br_MNComprehensiveAssessmentLevelOfCare,TASK_COMPLETE,SUCCESS,INFO,250,250,0,,2026-08-17T10:38:10.305Z,2026-08-17T11:03:03.679Z,1493,2026-08-17T11:03:03.679Z,VBRP,BrooklynPark,16b28601-46b7-41d7-bb6b-81142615d65b,
202608110409368533,202608110331629372,202608110331629359,106,7276,Clinical Domain Bronze - SaveUAResults - B12B,brz_UAResults,TASK_COMPLETE,SUCCESS,INFO,121,121,0,,2026-08-11T03:32:39.288Z,2026-08-11T04:09:40.942Z,2221,2026-08-11T04:09:40.942Z,B12B,ColoradoSprings,6e36e3b5-c33e-4cc8-b6e2-dc5c3524428c,
202608110409368534,202608110331629373,202608110331629359,106,7320,Clinical Domain Bronze - SaveUAResults - BOI,brz_UAResults,TASK_COMPLETE,SUCCESS,INFO,392,392,0,,2026-08-11T03:32:39.288Z,2026-08-11T04:09:40.942Z,2221,2026-08-11T04:09:40.942Z,BOI,Boise,6e36e3b5-c33e-4cc8-b6e2-dc5c3524428c,
202608110409368536,202608110331629374,202608110331629359,106,7369,Clinical Domain Bronze - SaveUAResults - V10,brz_UAResults,TASK_COMPLETE,SUCCESS,INFO,291,291,0,,2026-08-11T03:32:39.288Z,2026-08-11T04:09:40.942Z,2221,2026-08-11T04:09:40.942Z,V10,Boulder,6e36e3b5-c33e-4cc8-b6e2-dc5c3524428c,
202608110409368537,202608110331629375,202608110331629359,106,7391,Clinical Domain Bronze - SaveUASched - B12B,brz_UASched,TASK_COMPLETE,SUCCESS,INFO,1984,1984,0,,2026-08-11T03:32:39.288Z,2026-08-11T04:09:40.942Z,2221,2026-08-11T04:09:40.942Z,B12B,ColoradoSprings,6e36e3b5-c33e-4cc8-b6e2-dc5c3524428c,
202608261802020221,202608261733546735,202608261733546733,98,5976,P1 Forms E&M Form Pregnancy Silver,tbl_EandMFormPregnancy,TASK_COMPLETE,SUCCESS,INFO,955,955,0,,2026-08-26T17:33:51.495Z,2026-08-26T18:02:05.602Z,1694,2026-08-26T18:02:05.602Z,,,4b416fe5-6f5c-4fb7-baa8-f0b32475e9c6,
202608171108071338,202608171031498605,202608171031498593,107,8566,Clinical Domain Silver - SaveVACASummary,sl_vacomprehensiveassessmentsummary,TASK_COMPLETE,SUCCESS,INFO,0,0,0,,2026-08-17T10:38:10.305Z,2026-08-17T11:08:10.976Z,1800,2026-08-17T11:08:10.976Z,Global,SAMMSGLOBAL,16b28601-46b7-41d7-bb6b-81142615d65b,
202608251542248290,202608251517689125,202608251517689120,47,9288,P1 Finance Payer Client History Silver,tbl_PayerCltHistory,TASK_COMPLETE,SUCCESS,INFO,61,61,0,,2026-08-25T15:18:05.141Z,2026-08-25T15:42:26.877Z,1461,2026-08-25T15:42:26.877Z,,,04d587cb-fd28-4f28-a572-c158aa92fa98,
202608261728404528,202608261657310994,202608261657310989,47,9288,P1 Finance Payer Client History Silver,tbl_PayerCltHistory,TASK_COMPLETE,SUCCESS,INFO,61,61,0,,2026-08-26T16:57:24.758Z,2026-08-26T17:29:17.775Z,1913,2026-08-26T17:29:17.775Z,,,7a1b4484-4dc4-4e48-b51b-e78359ce9673,
202608201034573226,202608201013630453,202608201013630447,47,9406,P1 Finance Financial Hardship Application Silver,tbl_FinancialHardshipApplication,TASK_COMPLETE,SUCCESS,INFO,2266,2266,0,,2026-08-20T10:13:57.622Z,2026-08-20T10:39:20.764Z,1523,2026-08-20T10:39:20.764Z,,,069e8d01-766c-4679-b3df-c21f4d7bc3d1,
202608210242231912,202608210227262454,202608210227262448,44,185,SAMMSGLOBAL Silver,sl_FormsSAMMSClient,TASK_COMPLETE,SUCCESS,INFO,0,0,0,,2026-08-21T02:27:19.171Z,2026-08-21T02:42:27.062Z,908,2026-08-21T02:42:27.062Z,Global,Global,37d39418-848b-43a3-aff1-182cc8bb7455,SAMMSGLOBAL
202608261802020229,202608261733546742,202608261733546733,98,6795,P1 Forms New Discharge Transfer Plan Form Silver,tbl_NewDischargeTransferPlanForm,TASK_COMPLETE,SUCCESS,INFO,177,177,0,,2026-08-26T17:33:51.495Z,2026-08-26T18:02:05.602Z,1694,2026-08-26T18:02:05.602Z,,,4b416fe5-6f5c-4fb7-baa8-f0b32475e9c6,
202608210239317739,202608210227162454,202608210227162448,43,175,SAMMSGLOBAL Bronze,br_FormsSAMMSClient,TASK_COMPLETE,SUCCESS,INFO,0,0,0,,2026-08-21T02:27:19.171Z,2026-08-21T02:39:34.839Z,735,2026-08-21T02:39:34.839Z,Global,Global,37d39418-848b-43a3-aff1-182cc8bb7455,SAMMSGLOBAL
202608200307397656,202608200240773830,202608200240773824,47,9406,P1 Finance Financial Hardship Application Silver,tbl_FinancialHardshipApplication,TASK_COMPLETE,SUCCESS,INFO,2266,2266,0,,2026-08-20T02:41:23.064Z,2026-08-20T03:07:41.295Z,1578,2026-08-20T03:07:41.295Z,,,05c5c70e-2926-4311-8f49-65b9279948a3,
202608130409166813,202608130315200042,202608130315200005,106,8125,Clinical Domain Bronze - SaveVACASummary - BOI,brz_VAComprehensiveAssessmentSummary,TASK_COMPLETE,SUCCESS,INFO,1725,1725,0,,2026-08-13T03:16:19.557Z,2026-08-13T04:09:23.310Z,3184,2026-08-13T04:09:23.310Z,BOI,Boise,11ed6329-841a-4e7a-bfb1-61191c79c28e,
202608130409166814,202608130315200043,202608130315200005,106,8174,Clinical Domain Bronze - SaveVACASummary - V10,brz_VAComprehensiveAssessmentSummary,TASK_COMPLETE,SUCCESS,INFO,1725,1725,0,,2026-08-13T03:16:19.557Z,2026-08-13T04:09:23.310Z,3184,2026-08-13T04:09:23.310Z,V10,Boulder,11ed6329-841a-4e7a-bfb1-61191c79c28e,
202608130409166815,202608130315200044,202608130315200005,106,8305,Clinical Domain Bronze - SaveMNTreatmentServiceReview - VBRA,brz_MNTreatmentServiceReview,TASK_COMPLETE,SUCCESS,INFO,7393,7393,0,,2026-08-13T03:16:19.557Z,2026-08-13T04:09:23.310Z,3184,2026-08-13T04:09:23.310Z,VBRA,Brainerd,11ed6329-841a-4e7a-bfb1-61191c79c28e,
202608242010298156,202608242001557423,202608242001557422,34,143001,3pArnote Bronze - AHK,br_tbl3pArnote,TASK_COMPLETE,SUCCESS,INFO,8209,8209,0,,2026-08-24T20:01:59.213Z,2026-08-24T20:10:33.227Z,514,2026-08-24T20:10:33.227Z,AHK,Ahoskie,4d8b4395-4229-458f-ac6c-24f28fa466d2,SAMMS-Ahoskie
202608121042551959,202608121009360930,202608121009360893,106,8125,Clinical Domain Bronze - SaveVACASummary - BOI,brz_VAComprehensiveAssessmentSummary,TASK_COMPLETE,SUCCESS,INFO,1725,1725,0,,2026-08-12T10:11:56.792Z,2026-08-12T10:43:20.487Z,1884,2026-08-12T10:43:20.487Z,BOI,Boise,1325a4eb-aa02-4bc9-9fae-d06e40a0cece,
202608121042551960,202608121009360931,202608121009360893,106,8174,Clinical Domain Bronze - SaveVACASummary - V10,brz_VAComprehensiveAssessmentSummary,TASK_COMPLETE,SUCCESS,INFO,1725,1725,0,,2026-08-12T10:11:56.792Z,2026-08-12T10:43:20.487Z,1884,2026-08-12T10:43:20.487Z,V10,Boulder,1325a4eb-aa02-4bc9-9fae-d06e40a0cece,
202608121042551961,202608121009360932,202608121009360893,106,8305,Clinical Domain Bronze - SaveMNTreatmentServiceReview - VBRA,brz_MNTreatmentServiceReview,TASK_COMPLETE,SUCCESS,INFO,7373,7373,0,,2026-08-12T10:11:56.792Z,2026-08-12T10:43:20.487Z,1884,2026-08-12T10:43:20.487Z,VBRA,Brainerd,1325a4eb-aa02-4bc9-9fae-d06e40a0cece,
202608210242250543,202608210227262459,202608210227262448,44,5739,SAMMSGLOBAL Silver,sl_UserCredentials,TASK_COMPLETE,SUCCESS,INFO,981,0,0,,2026-08-21T02:27:19.171Z,2026-08-21T02:42:27.062Z,908,2026-08-21T02:42:27.062Z,Global,Global,37d39418-848b-43a3-aff1-182cc8bb7455,SAMMSGLOBAL
202608140551555122,202608140519472974,202608140519472937,106,8125,Clinical Domain Bronze - SaveVACASummary - BOI,brz_VAComprehensiveAssessmentSummary,TASK_COMPLETE,SUCCESS,INFO,1725,1725,0,,2026-08-14T05:21:11.366Z,2026-08-14T05:51:58.644Z,1847,2026-08-14T05:51:58.644Z,BOI,Boise,367e5368-81b8-4196-9731-5b3efc5e39d9,
202608140551555124,202608140519472975,202608140519472937,106,8174,Clinical Domain Bronze - SaveVACASummary - V10,brz_VAComprehensiveAssessmentSummary,TASK_COMPLETE,SUCCESS,INFO,1725,1725,0,,2026-08-14T05:21:11.366Z,2026-08-14T05:51:58.644Z,1847,2026-08-14T05:51:58.644Z,V10,Boulder,367e5368-81b8-4196-9731-5b3efc5e39d9,
202608140551555125,202608140519472976,202608140519472937,106,8305,Clinical Domain Bronze - SaveMNTreatmentServiceReview - VBRA,brz_MNTreatmentServiceReview,TASK_COMPLETE,SUCCESS,INFO,179,179,0,,2026-08-14T05:21:11.366Z,2026-08-14T05:51:58.644Z,1847,2026-08-14T05:51:58.644Z,VBRA,Brainerd,367e5368-81b8-4196-9731-5b3efc5e39d9,
202608150554175940,202608150537402668,202608150537402637,118,11091,Bronze P1/P2 Assessments,br_newperiodicreassessmentd2,TASK_COMPLETE,SUCCESS,INFO,319,319,0,,2026-08-15T05:38:25.156Z,2026-08-15T05:54:20.465Z,955,2026-08-15T05:54:20.465Z,B24,Paintsville,92fdec37-a7f1-4589-8ea2-af8b074ddb31,
202608150554175941,202608150537402669,202608150537402637,118,11093,Bronze P1/P2 Assessments,br_newperiodicreassessmentd2,TASK_COMPLETE,SUCCESS,INFO,1193,1193,0,,2026-08-15T05:38:25.156Z,2026-08-15T05:54:20.465Z,955,2026-08-15T05:54:20.465Z,B26,Hazard,92fdec37-a7f1-4589-8ea2-af8b074ddb31,
202608150554175942,202608150537402670,202608150537402637,118,11095,Bronze P1/P2 Assessments,br_newperiodicreassessmentd2,TASK_COMPLETE,SUCCESS,INFO,0,0,0,,2026-08-15T05:38:25.156Z,2026-08-15T05:54:20.465Z,955,2026-08-15T05:54:20.465Z,B28,West Plains,92fdec37-a7f1-4589-8ea2-af8b074ddb31,
202608150554175943,202608150537402671,202608150537402637,118,11100,Bronze P1/P2 Assessments,br_newperiodicreassessmentd2,TASK_COMPLETE,SUCCESS,INFO,237,237,0,,2026-08-15T05:38:25.156Z,2026-08-15T05:54:20.465Z,955,2026-08-15T05:54:20.465Z,B33,Paducah,92fdec37-a7f1-4589-8ea2-af8b074ddb31,
202608150554175944,202608150537402672,202608150537402637,118,11155,Bronze P1/P2 Assessments,br_newperiodicreassessmentd2,TASK_COMPLETE,SUCCESS,INFO,0,0,0,,2026-08-15T05:38:25.156Z,2026-08-15T05:54:20.465Z,955,2026-08-15T05:54:20.465Z,CBCO,Coeur dAlene,92fdec37-a7f1-4589-8ea2-af8b074ddb31,
202608251653065305,202608251629736812,202608251629736804,89,5594,P1 Reference PreAdmission V6 Silver,tbl_PreAdmission_V6,TASK_COMPLETE,SUCCESS,INFO,184,184,0,,2026-08-25T16:30:10.484Z,2026-08-25T16:53:08.464Z,1378,2026-08-25T16:53:08.464Z,,,6d78ce37-8c21-4519-a454-1e5ee4a84a47,
202608141506426672,202608141444143621,202608141444143611,46,9174,P1 Finance Payer Client History Bronze - B12B,br_samms_payer_clt_history,TASK_COMPLETE,SUCCESS,INFO,146,146,0,,2026-08-14T14:44:17.762Z,2026-08-14T15:09:27.882Z,1510,2026-08-14T15:09:27.882Z,B12B,ColoradoSprings,1c123384-c339-4954-be1f-3a8d150ebb14,
202608170828545824,202608170805168057,202608170805168041,97,6573,P1 Forms Take Home Risk Assessment Bronze - B33,br_samms_take_home_risk_assessment,TASK_COMPLETE,SUCCESS,INFO,512,512,0,,2026-08-17T08:05:23.166Z,2026-08-17T08:28:58.238Z,1415,2026-08-17T08:28:58.238Z,B33,Paducah,760fb7f7-522d-45ef-ae35-70bd18d17fef,
202608120345496395,202608120259257370,202608120259257369,106,6816,Clinical Domain Bronze - SaveCheckIn - B12B,brz_CheckIn,TASK_COMPLETE,SUCCESS,INFO,596,596,0,,2026-08-12T03:00:44.797Z,2026-08-12T03:45:52.499Z,2708,2026-08-12T03:45:52.499Z,B12B,ColoradoSprings,72952692-3a45-4fdd-be32-4592206c2867,
202608120345496396,202608120259257371,202608120259257369,106,6860,Clinical Domain Bronze - SaveCheckIn - BOI,brz_CheckIn,TASK_COMPLETE,SUCCESS,INFO,600,600,0,,2026-08-12T03:00:44.797Z,2026-08-12T03:45:52.499Z,2708,2026-08-12T03:45:52.499Z,BOI,Boise,72952692-3a45-4fdd-be32-4592206c2867,
202608120345496397,202608120259257372,202608120259257369,106,6909,Clinical Domain Bronze - SaveCheckIn - V10,brz_CheckIn,TASK_COMPLETE,SUCCESS,INFO,1319,1319,0,,2026-08-12T03:00:44.797Z,2026-08-12T03:45:52.499Z,2708,2026-08-12T03:45:52.499Z,V10,Boulder,72952692-3a45-4fdd-be32-4592206c2867,
202608120345496398,202608120259257373,202608120259257369,106,6931,Clinical Domain Bronze - SaveBamForm - B12B,brz_BAMForm,TASK_COMPLETE,SUCCESS,INFO,365,365,0,,2026-08-12T03:00:44.797Z,2026-08-12T03:45:52.499Z,2708,2026-08-12T03:45:52.499Z,B12B,ColoradoSprings,72952692-3a45-4fdd-be32-4592206c2867,
202608251733582710,202608251712711187,202608251712711180,89,5476,P1 Reference Custom Questions Silver,tbl_CustomQuestions,TASK_COMPLETE,SUCCESS,INFO,0,0,0,,2026-08-25T17:13:33.765Z,2026-08-25T17:34:00.541Z,1227,2026-08-25T17:34:00.541Z,,,72553dbc-d702-4eda-a5d0-9ceb643e22ea,
202608120911546172,202608120822452529,202608120822452528,106,6816,Clinical Domain Bronze - SaveCheckIn - B12B,brz_CheckIn,TASK_COMPLETE,SUCCESS,INFO,541,541,0,,2026-08-12T08:25:12.254Z,2026-08-12T09:12:13.728Z,2821,2026-08-12T09:12:13.728Z,B12B,ColoradoSprings,577435af-c452-4617-9a3c-7d2b03361707,
202608120911546174,202608120822452530,202608120822452528,106,6860,Clinical Domain Bronze - SaveCheckIn - BOI,brz_CheckIn,TASK_COMPLETE,SUCCESS,INFO,543,543,0,,2026-08-12T08:25:12.254Z,2026-08-12T09:12:13.728Z,2821,2026-08-12T09:12:13.728Z,BOI,Boise,577435af-c452-4617-9a3c-7d2b03361707,
202608120911546175,202608120822452531,202608120822452528,106,6909,Clinical Domain Bronze - SaveCheckIn - V10,brz_CheckIn,TASK_COMPLETE,SUCCESS,INFO,1177,1177,0,,2026-08-12T08:25:12.254Z,2026-08-12T09:12:13.728Z,2821,2026-08-12T09:12:13.728Z,V10,Boulder,577435af-c452-4617-9a3c-7d2b03361707,
202608120911546176,202608120822452532,202608120822452528,106,6931,Clinical Domain Bronze - SaveBamForm - B12B,brz_BAMForm,TASK_COMPLETE,SUCCESS,INFO,365,365,0,,2026-08-12T08:25:12.254Z,2026-08-12T09:12:13.728Z,2821,2026-08-12T09:12:13.728Z,B12B,ColoradoSprings,577435af-c452-4617-9a3c-7d2b03361707,
202608110409368520,202608110331629360,202608110331629359,106,6816,Clinical Domain Bronze - SaveCheckIn - B12B,brz_CheckIn,TASK_COMPLETE,SUCCESS,INFO,565,565,0,,2026-08-11T03:32:39.288Z,2026-08-11T04:09:40.942Z,2221,2026-08-11T04:09:40.942Z,B12B,ColoradoSprings,6e36e3b5-c33e-4cc8-b6e2-dc5c3524428c,
202608110409368521,202608110331629361,202608110331629359,106,6860,Clinical Domain Bronze - SaveCheckIn - BOI,brz_CheckIn,TASK_COMPLETE,SUCCESS,INFO,555,555,0,,2026-08-11T03:32:39.288Z,2026-08-11T04:09:40.942Z,2221,2026-08-11T04:09:40.942Z,BOI,Boise,6e36e3b5-c33e-4cc8-b6e2-dc5c3524428c,
202608110409368522,202608110331629362,202608110331629359,106,6909,Clinical Domain Bronze - SaveCheckIn - V10,brz_CheckIn,TASK_COMPLETE,SUCCESS,INFO,1238,1238,0,,2026-08-11T03:32:39.288Z,2026-08-11T04:09:40.942Z,2221,2026-08-11T04:09:40.942Z,V10,Boulder,6e36e3b5-c33e-4cc8-b6e2-dc5c3524428c,
202608110409368523,202608110331629363,202608110331629359,106,6931,Clinical Domain Bronze - SaveBamForm - B12B,brz_BAMForm,TASK_COMPLETE,SUCCESS,INFO,361,361,0,,2026-08-11T03:32:39.288Z,2026-08-11T04:09:40.942Z,2221,2026-08-11T04:09:40.942Z,B12B,ColoradoSprings,6e36e3b5-c33e-4cc8-b6e2-dc5c3524428c,
202608141515547547,202608141505574945,202608141505574909,118,11273,Bronze P1/P2 Assessments,br_newperiodicreassessmentd3,TASK_COMPLETE,SUCCESS,INFO,0,0,0,,2026-08-14T15:06:49.317Z,2026-08-14T15:16:31.149Z,582,2026-08-14T15:16:31.149Z,AHK,Ahoskie,7969362d-463a-4985-92c3-d629dd6d5c4e,
202608141515547548,202608141505574946,202608141505574909,118,11274,Bronze P1/P2 Assessments,br_newperiodicreassessmentd3,TASK_COMPLETE,SUCCESS,INFO,0,0,0,,2026-08-14T15:06:49.317Z,2026-08-14T15:16:31.149Z,582,2026-08-14T15:16:31.149Z,B12B,Colorado Springs,7969362d-463a-4985-92c3-d629dd6d5c4e,
202608141515547549,202608141505574947,202608141505574909,118,11275,Bronze P1/P2 Assessments,br_newperiodicreassessmentd3,TASK_COMPLETE,SUCCESS,INFO,0,0,0,,2026-08-14T15:06:49.317Z,2026-08-14T15:16:31.149Z,582,2026-08-14T15:16:31.149Z,B24,Paintsville,7969362d-463a-4985-92c3-d629dd6d5c4e,
202608141515547550,202608141505574948,202608141505574909,118,11277,Bronze P1/P2 Assessments,br_newperiodicreassessmentd3,TASK_COMPLETE,SUCCESS,INFO,0,0,0,,2026-08-14T15:06:49.317Z,2026-08-14T15:16:31.149Z,582,2026-08-14T15:16:31.149Z,B26,Hazard,7969362d-463a-4985-92c3-d629dd6d5c4e,
202608141515547551,202608141505574949,202608141505574909,118,11279,Bronze P1/P2 Assessments,br_newperiodicreassessmentd3,TASK_COMPLETE,SUCCESS,INFO,0,0,0,,2026-08-14T15:06:49.317Z,2026-08-14T15:16:31.149Z,582,2026-08-14T15:16:31.149Z,B28,West Plains,7969362d-463a-4985-92c3-d629dd6d5c4e,
202608171145214464,202608171119587466,202608171119587420,118,11461,Bronze P1/P2 Assessments,br_NewPeriodicReassessmentD4,TASK_COMPLETE,SUCCESS,INFO,0,0,0,,2026-08-17T11:20:06.775Z,2026-08-17T11:45:25.584Z,1519,2026-08-17T11:45:25.584Z,B26,Hazard,50b193b8-c8c8-41b3-8f69-a5e058560d7e,
202608171145214465,202608171119587467,202608171119587420,118,11463,Bronze P1/P2 Assessments,br_NewPeriodicReassessmentD4,TASK_COMPLETE,SUCCESS,INFO,0,0,0,,2026-08-17T11:20:06.775Z,2026-08-17T11:45:25.584Z,1519,2026-08-17T11:45:25.584Z,B28,West Plains,50b193b8-c8c8-41b3-8f69-a5e058560d7e,
202608171145214466,202608171119587468,202608171119587420,118,11468,Bronze P1/P2 Assessments,br_NewPeriodicReassessmentD4,TASK_COMPLETE,SUCCESS,INFO,0,0,0,,2026-08-17T11:20:06.775Z,2026-08-17T11:45:25.584Z,1519,2026-08-17T11:45:25.584Z,B33,Paducah,50b193b8-c8c8-41b3-8f69-a5e058560d7e,
202608171145214467,202608171119587469,202608171119587420,118,11523,Bronze P1/P2 Assessments,br_NewPeriodicReassessmentD4,TASK_COMPLETE,SUCCESS,INFO,0,0,0,,2026-08-17T11:20:06.775Z,2026-08-17T11:45:25.584Z,1519,2026-08-17T11:45:25.584Z,CBCO,Coeur dAlene,50b193b8-c8c8-41b3-8f69-a5e058560d7e,
202608171145214469,202608171119587470,202608171119587420,118,11641,Bronze P1/P2 Assessments,br_NewPeriodicReassessmentD5,TASK_COMPLETE,SUCCESS,INFO,0,0,0,,2026-08-17T11:20:06.775Z,2026-08-17T11:45:25.584Z,1519,2026-08-17T11:45:25.584Z,AHK,Ahoskie,50b193b8-c8c8-41b3-8f69-a5e058560d7e,
202608140744357365,202608140725214669,202608140725214656,118,10548,Bronze P1/P2 Assessments,br_NewAdmissionAssessmentASAMDimension6,TASK_COMPLETE,SUCCESS,INFO,180,180,0,,2026-08-14T07:25:23.942Z,2026-08-14T07:44:38.851Z,1155,2026-08-14T07:44:38.851Z,B33,Paducah,9e759780-91b7-4e4a-882b-cd4350ec70b7,
202608140744357366,202608140725214670,202608140725214656,118,10603,Bronze P1/P2 Assessments,br_NewAdmissionAssessmentASAMDimension6,TASK_COMPLETE,SUCCESS,INFO,0,0,0,,2026-08-14T07:25:23.942Z,2026-08-14T07:44:38.851Z,1155,2026-08-14T07:44:38.851Z,CBCO,Coeur dAlene,9e759780-91b7-4e4a-882b-cd4350ec70b7,
202608140744357367,202608140725214671,202608140725214656,118,10721,Bronze P1/P2 Assessments,br_NewPeriodicReassessment,TASK_COMPLETE,SUCCESS,INFO,0,0,0,,2026-08-14T07:25:23.942Z,2026-08-14T07:44:38.851Z,1155,2026-08-14T07:44:38.851Z,AHK,Ahoskie,9e759780-91b7-4e4a-882b-cd4350ec70b7,
202608140744357359,202608140725214663,202608140725214656,118,10419,Bronze P1/P2 Assessments,br_NewAdmissionAssessment,TASK_COMPLETE,SUCCESS,INFO,0,0,0,,2026-08-14T07:25:23.942Z,2026-08-14T07:44:38.851Z,1155,2026-08-14T07:44:38.851Z,CBCO,Coeur dAlene,9e759780-91b7-4e4a-882b-cd4350ec70b7,
202608140744357360,202608140725214664,202608140725214656,118,10537,Bronze P1/P2 Assessments,br_NewAdmissionAssessmentASAMDimension6,TASK_COMPLETE,SUCCESS,INFO,0,0,0,,2026-08-14T07:25:23.942Z,2026-08-14T07:44:38.851Z,1155,2026-08-14T07:44:38.851Z,AHK,Ahoskie,9e759780-91b7-4e4a-882b-cd4350ec70b7,
202608140744357361,202608140725214665,202608140725214656,118,10538,Bronze P1/P2 Assessments,br_NewAdmissionAssessmentASAMDimension6,TASK_COMPLETE,SUCCESS,INFO,0,0,0,,2026-08-14T07:25:23.942Z,2026-08-14T07:44:38.851Z,1155,2026-08-14T07:44:38.851Z,B12B,Colorado Springs,9e759780-91b7-4e4a-882b-cd4350ec70b7,
202608170614178925,202608170551256429,202608170551256420,46,8937,P1 Finance VW 3P Bill Sub Bronze - AHK,br_samms_vw3p_bill_sub,TASK_COMPLETE,SUCCESS,INFO,147,147,0,,2026-08-17T05:51:47.044Z,2026-08-17T06:14:21.786Z,1354,2026-08-17T06:14:21.786Z,AHK,Ahoskie,09d84bc7-e629-48a4-a32a-826b207e96d1,
202608170614178926,202608170551256430,202608170551256420,46,8938,P1 Finance VW 3P Bill Sub Bronze - B12B,br_samms_vw3p_bill_sub,TASK_COMPLETE,SUCCESS,INFO,1277,1277,0,,2026-08-17T05:51:47.044Z,2026-08-17T06:14:21.786Z,1354,2026-08-17T06:14:21.786Z,B12B,ColoradoSprings,09d84bc7-e629-48a4-a32a-826b207e96d1,
202608191139125000,202608191104247945,202608191104247942,107,8557,Clinical Domain Silver - SaveBamScore,sl_bamscore,TASK_COMPLETE,SUCCESS,INFO,20079,20079,0,,2026-08-19T11:06:34.343Z,2026-08-19T11:39:14.497Z,1960,2026-08-19T11:39:14.497Z,,,8c2f72fa-f3d3-4c31-9e7b-e1d36d508d72,
202608151434387478,202608151417675665,202608151417675641,118,10907,Bronze P1/P2 Assessments,br_NewPeriodicReassessmentCounselorReview,TASK_COMPLETE,SUCCESS,INFO,320,320,0,,2026-08-15T14:18:19.683Z,2026-08-15T14:37:39.575Z,1160,2026-08-15T14:37:39.575Z,B24,Paintsville,556076c4-618a-4487-8b31-ba5017a3c197,
202608151434387479,202608151417675666,202608151417675641,118,10909,Bronze P1/P2 Assessments,br_NewPeriodicReassessmentCounselorReview,TASK_COMPLETE,SUCCESS,INFO,1192,1192,0,,2026-08-15T14:18:19.683Z,2026-08-15T14:37:39.575Z,1160,2026-08-15T14:37:39.575Z,B26,Hazard,556076c4-618a-4487-8b31-ba5017a3c197,
202608141515547558,202608141505574955,202608141505574909,118,11461,Bronze P1/P2 Assessments,br_newperiodicreassessmentd4,TASK_COMPLETE,SUCCESS,INFO,0,0,0,,2026-08-14T15:06:49.317Z,2026-08-14T15:16:31.149Z,582,2026-08-14T15:16:31.149Z,B26,Hazard,7969362d-463a-4985-92c3-d629dd6d5c4e,
202608141515547559,202608141505574956,202608141505574909,118,11463,Bronze P1/P2 Assessments,br_newperiodicreassessmentd4,TASK_COMPLETE,SUCCESS,INFO,0,0,0,,2026-08-14T15:06:49.317Z,2026-08-14T15:16:31.149Z,582,2026-08-14T15:16:31.149Z,B28,West Plains,7969362d-463a-4985-92c3-d629dd6d5c4e,
202608141515547560,202608141505574957,202608141505574909,118,11468,Bronze P1/P2 Assessments,br_newperiodicreassessmentd4,TASK_COMPLETE,SUCCESS,INFO,0,0,0,,2026-08-14T15:06:49.317Z,2026-08-14T15:16:31.149Z,582,2026-08-14T15:16:31.149Z,B33,Paducah,7969362d-463a-4985-92c3-d629dd6d5c4e,
202608141515547561,202608141505574958,202608141505574909,118,11523,Bronze P1/P2 Assessments,br_newperiodicreassessmentd4,TASK_COMPLETE,SUCCESS,INFO,0,0,0,,2026-08-14T15:06:49.317Z,2026-08-14T15:16:31.149Z,582,2026-08-14T15:16:31.149Z,CBCO,Coeur dAlene,7969362d-463a-4985-92c3-d629dd6d5c4e,
202608141515547563,202608141505574959,202608141505574909,118,11641,Bronze P1/P2 Assessments,br_newperiodicreassessmentd5,TASK_COMPLETE,SUCCESS,INFO,0,0,0,,2026-08-14T15:06:49.317Z,2026-08-14T15:16:31.149Z,582,2026-08-14T15:16:31.149Z,AHK,Ahoskie,7969362d-463a-4985-92c3-d629dd6d5c4e,
202608141935472438,202608141857340859,202608141857340774,31,94085,FormAnswerSignatures Bronze - SHP,br_tblFormAnswerSig,TASK_COMPLETE,SUCCESS,INFO,83676,83676,0,,2026-08-14T18:58:05.482Z,2026-08-14T19:35:50.482Z,2265,2026-08-14T19:35:50.482Z,SHP,Shreveport,015634ea-243f-49e1-a18e-0e1d033651d1,
202608141935472439,202608141857340860,202608141857340774,31,94086,FormAnswerSignatures Bronze - STN,br_tblFormAnswerSig,TASK_COMPLETE,SUCCESS,INFO,45930,45930,0,,2026-08-14T18:58:05.482Z,2026-08-14T19:35:50.482Z,2265,2026-08-14T19:35:50.482Z,STN,Staunton,015634ea-243f-49e1-a18e-0e1d033651d1,
202608141935472440,202608141857340861,202608141857340774,31,94087,FormAnswerSignatures Bronze - STVN,br_tblFormAnswerSig,TASK_COMPLETE,SUCCESS,INFO,13816,13816,0,,2026-08-14T18:58:05.482Z,2026-08-14T19:35:50.482Z,2265,2026-08-14T19:35:50.482Z,STVN,Stevenson,015634ea-243f-49e1-a18e-0e1d033651d1,
202608251341204861,202608251341204861,20260825134116,5,31,Silver 8x8 CallInteractions,sl_8x8_CallInteractions,TASK_COMPLETE,SUCCESS,INFO,922,922,0,,2026-08-25T13:41:20.486Z,2026-08-25T13:41:43.845Z,21,2026-08-25T13:41:43.845Z,,,3475c8ff-ffdb-4323-a994-e16cd3be5d9b,
202608210932540770,202608210910101220,202608210910101208,43,5738,SAMMSGLOBAL Bronze,br_DiversionNotificationLog,TASK_COMPLETE,SUCCESS,INFO,18843,18843,0,,2026-08-21T09:10:14.296Z,2026-08-21T09:32:57.148Z,1363,2026-08-21T09:32:57.148Z,Global,Global,859bd6e7-8433-41b7-8f16-164cdd55063d,SAMMSGLOBAL
202608210936596444,202608210910201221,202608210910201208,44,5740,SAMMSGLOBAL Silver,sl_DiversionNotificationLog,TASK_COMPLETE,SUCCESS,INFO,18843,18843,0,,2026-08-21T09:10:14.296Z,2026-08-21T09:37:01.680Z,1607,2026-08-21T09:37:01.680Z,Global,Global,859bd6e7-8433-41b7-8f16-164cdd55063d,SAMMSGLOBAL
202608221159361099,202608221137270317,202608221137270305,43,5738,SAMMSGLOBAL Bronze,br_DiversionNotificationLog,TASK_COMPLETE,SUCCESS,INFO,18843,18843,0,,2026-08-22T11:37:32.306Z,2026-08-22T12:00:00.866Z,1348,2026-08-22T12:00:00.866Z,Global,Global,17fb4855-5e12-4261-b216-b3f67dc16eb3,SAMMSGLOBAL
202608251649114409,202608251629636805,202608251629636804,88,4653,P1 Reference Clinic Bronze - AHK,br_samms_clinic,TASK_COMPLETE,SUCCESS,INFO,1,1,0,,2026-08-25T16:30:10.484Z,2026-08-25T16:49:14.632Z,1144,2026-08-25T16:49:14.632Z,AHK,Ahoskie,6d78ce37-8c21-4519-a454-1e5ee4a84a47,SAMMS-Ahoskie
202608251731205962,202608251712611181,202608251712611180,88,4653,P1 Reference Clinic Bronze - AHK,br_samms_clinic,TASK_COMPLETE,SUCCESS,INFO,1,1,0,,2026-08-25T17:13:33.765Z,2026-08-25T17:31:23.946Z,1070,2026-08-25T17:31:23.946Z,AHK,Ahoskie,72553dbc-d702-4eda-a5d0-9ceb643e22ea,SAMMS-Ahoskie
202608191705197656,202608191654269975,202608191654269970,76,144392,PPA Bronze,br_SF_PatientPreAdmission,TASK_COMPLETE,SUCCESS,INFO,17578,17578,0,,2026-08-19T16:54:47.315Z,2026-08-19T17:10:18.523Z,931,2026-08-19T17:10:18.523Z,B26,Hazard,4736cb14-987d-4509-b3d7-654790c2de16,SAMMS-HazardV5
202608191705197658,202608191654269976,202608191654269970,76,144393,PPA Bronze,br_SF_PatientPreAdmission,TASK_COMPLETE,SUCCESS,INFO,3194,3194,0,,2026-08-19T16:54:47.315Z,2026-08-19T17:10:18.523Z,931,2026-08-19T17:10:18.523Z,B27,Savannah,4736cb14-987d-4509-b3d7-654790c2de16,SAMMS-SavannahV6
202608201034573102,202608201013530484,202608201013530447,46,9763,P1 Finance Claims Bronze - AHK,br_samms_claims,TASK_COMPLETE,SUCCESS,INFO,11492,11492,0,,2026-08-20T10:13:57.622Z,2026-08-20T10:39:20.764Z,1523,2026-08-20T10:39:20.764Z,AHK,Ahoskie,069e8d01-766c-4679-b3df-c21f4d7bc3d1,SAMMS-Ahoskie
202608261724109177,202608261657210999,202608261657210989,46,9763,P1 Finance Claims Bronze - AHK,br_samms_claims,TASK_COMPLETE,SUCCESS,INFO,11577,11577,0,,2026-08-26T16:57:24.758Z,2026-08-26T17:25:01.887Z,1657,2026-08-26T17:25:01.887Z,AHK,Ahoskie,7a1b4484-4dc4-4e48-b51b-e78359ce9673,SAMMS-Ahoskie
202608251539280412,202608251517589130,202608251517589120,46,9763,P1 Finance Claims Bronze - AHK,br_samms_claims,TASK_COMPLETE,SUCCESS,INFO,11577,11577,0,,2026-08-25T15:18:05.141Z,2026-08-25T15:39:31.442Z,1286,2026-08-25T15:39:31.442Z,AHK,Ahoskie,04d587cb-fd28-4f28-a572-c158aa92fa98,SAMMS-Ahoskie
202608210239317745,202608210227162460,202608210227162448,43,5738,SAMMSGLOBAL Bronze,br_DiversionNotificationLog,TASK_COMPLETE,SUCCESS,INFO,18843,18843,0,,2026-08-21T02:27:19.171Z,2026-08-21T02:39:34.839Z,735,2026-08-21T02:39:34.839Z,Global,Global,37d39418-848b-43a3-aff1-182cc8bb7455,SAMMSGLOBAL
202608191705197693,202608191654270003,202608191654269970,76,144420,PPA Bronze,br_SF_PatientPreAdmission,TASK_COMPLETE,SUCCESS,INFO,7354,7354,0,,2026-08-19T16:54:47.315Z,2026-08-19T17:10:18.523Z,931,2026-08-19T17:10:18.523Z,B55,Shoals,4736cb14-987d-4509-b3d7-654790c2de16,SAMMS-ShoalsV5
202608191705197695,202608191654270004,202608191654269970,76,144421,PPA Bronze,br_SF_PatientPreAdmission,TASK_COMPLETE,SUCCESS,INFO,2826,2826,0,,2026-08-19T16:54:47.315Z,2026-08-19T17:10:18.523Z,931,2026-08-19T17:10:18.523Z,B57,Pawtucket,4736cb14-987d-4509-b3d7-654790c2de16,SAMMS-Pawtucket
202608191705197742,202608191654270041,202608191654269970,76,144458,PPA Bronze,br_SF_PatientPreAdmission,TASK_COMPLETE,SUCCESS,INFO,1399,1399,0,,2026-08-19T16:54:47.315Z,2026-08-19T17:10:18.523Z,931,2026-08-19T17:10:18.523Z,JON,Jonesboro,4736cb14-987d-4509-b3d7-654790c2de16,SAMMS-Jonesboro
202608191705197744,202608191654270042,202608191654269970,76,144459,PPA Bronze,br_SF_PatientPreAdmission,TASK_COMPLETE,SUCCESS,INFO,3432,3432,0,,2026-08-19T16:54:47.315Z,2026-08-19T17:10:18.523Z,931,2026-08-19T17:10:18.523Z,LAN,Lansing,4736cb14-987d-4509-b3d7-654790c2de16,SAMMS-Lansing
202608221113177541,202608221042112999,202608221042112981,85,2002,Bronze INV,br_Bottle,TASK_COMPLETE,SUCCESS,INFO,7348,7348,0,,2026-08-22T10:42:14.039Z,2026-08-22T11:16:52.295Z,2078,2026-08-22T11:16:52.295Z,LO,Louisville,28d7acf5-bc26-4be3-b390-775b9af3d980,SAMMS-Louisville
202608221113177542,202608221042113000,202608221042112981,85,2061,Bronze INV,br_Bottle,TASK_COMPLETE,SUCCESS,INFO,12687,12687,0,,2026-08-22T10:42:14.039Z,2026-08-22T11:16:52.295Z,2078,2026-08-22T11:16:52.295Z,VBRP,Brooklyn Park,28d7acf5-bc26-4be3-b390-775b9af3d980,SAMMS-BrooklynParkV6
202608221113177543,202608221042113001,202608221042112981,85,2064,Bronze INV,br_Bottle,TASK_COMPLETE,SUCCESS,INFO,14830,14830,0,,2026-08-22T10:42:14.039Z,2026-08-22T11:16:52.295Z,2078,2026-08-22T11:16:52.295Z,VWBY,Woodbury,28d7acf5-bc26-4be3-b390-775b9af3d980,SAMMS-WoodburyV6
202608270402208128,202608270402208128,20260827035959,132,13711,BAM QI UA Gold,QiUA,TASK_SKIPPED,DEPENDENCY_BLOCKED,WARNING,0,0,0,Skipped: Dependency TaskConfigId(s) 13699 not successful,2026-08-27T04:02:20.812Z,2026-08-27T04:02:20.812Z,0,2026-08-27T04:02:20.812Z,,,6c0dfbf2-4982-428b-b962-2d1ca5cf9e53,
202608262125288085,202608262125288085,20260826212318,132,13711,BAM QI UA Gold,QiUA,TASK_SKIPPED,DEPENDENCY_BLOCKED,WARNING,0,0,0,Skipped: Dependency TaskConfigId(s) 13699 not successful,2026-08-26T21:25:28.808Z,2026-08-26T21:25:28.808Z,0,2026-08-26T21:25:28.808Z,,,4b200449-8053-4691-81f7-bd43960e8882,
202608191705197750,202608191654270047,202608191654269970,76,144464,PPA Bronze,br_SF_PatientPreAdmission,TASK_COMPLETE,SUCCESS,INFO,4340,4340,0,,2026-08-19T16:54:47.315Z,2026-08-19T17:10:18.523Z,931,2026-08-19T17:10:18.523Z,MNRE,Monroe,4736cb14-987d-4509-b3d7-654790c2de16,SAMMS-Monroe
202608191705197752,202608191654270048,202608191654269970,76,144465,PPA Bronze,br_SF_PatientPreAdmission,TASK_COMPLETE,SUCCESS,INFO,6055,6055,0,,2026-08-19T16:54:47.315Z,2026-08-19T17:10:18.523Z,931,2026-08-19T17:10:18.523Z,MP,MtPleasant,4736cb14-987d-4509-b3d7-654790c2de16,SAMMS-MtPleasant
202608171145214487,202608171119587486,202608171119587420,118,12011,Bronze P1/P2 Assessments,br_NewAdmissionAssessmentASAMDimension2,TASK_COMPLETE,SUCCESS,INFO,271,271,0,,2026-08-17T11:20:06.775Z,2026-08-17T11:45:25.584Z,1519,2026-08-17T11:45:25.584Z,B24,Paintsville,50b193b8-c8c8-41b3-8f69-a5e058560d7e,
202608171145214488,202608171119587487,202608171119587420,118,12013,Bronze P1/P2 Assessments,br_NewAdmissionAssessmentASAMDimension2,TASK_COMPLETE,SUCCESS,INFO,399,399,0,,2026-08-17T11:20:06.775Z,2026-08-17T11:45:25.584Z,1519,2026-08-17T11:45:25.584Z,B26,Hazard,50b193b8-c8c8-41b3-8f69-a5e058560d7e,
202608171145214489,202608171119587488,202608171119587420,118,12015,Bronze P1/P2 Assessments,br_NewAdmissionAssessmentASAMDimension2,TASK_COMPLETE,SUCCESS,INFO,0,0,0,,2026-08-17T11:20:06.775Z,2026-08-17T11:45:25.584Z,1519,2026-08-17T11:45:25.584Z,B28,West Plains,50b193b8-c8c8-41b3-8f69-a5e058560d7e,
202608171145214490,202608171119587489,202608171119587420,118,12020,Bronze P1/P2 Assessments,br_NewAdmissionAssessmentASAMDimension2,TASK_COMPLETE,SUCCESS,INFO,174,174,0,,2026-08-17T11:20:06.775Z,2026-08-17T11:45:25.584Z,1519,2026-08-17T11:45:25.584Z,B33,Paducah,50b193b8-c8c8-41b3-8f69-a5e058560d7e,
202608171145214491,202608171119587490,202608171119587420,118,12075,Bronze P1/P2 Assessments,br_NewAdmissionAssessmentASAMDimension2,TASK_COMPLETE,SUCCESS,INFO,0,0,0,,2026-08-17T11:20:06.775Z,2026-08-17T11:45:25.584Z,1519,2026-08-17T11:45:25.584Z,CBCO,Coeur dAlene,50b193b8-c8c8-41b3-8f69-a5e058560d7e,
202608191139125006,202608191104247950,202608191104247942,107,8562,Clinical Domain Silver - SaveAppointmentAttend,sl_appointmentattend,TASK_COMPLETE,SUCCESS,INFO,93,93,0,,2026-08-19T11:06:34.343Z,2026-08-19T11:39:14.497Z,1960,2026-08-19T11:39:14.497Z,,,8c2f72fa-f3d3-4c31-9e7b-e1d36d508d72,
202608141154446193,202608141147662633,202608141147662582,118,11642,Bronze P1/P2 Assessments,br_newperiodicreassessmentd5,TASK_COMPLETE,SUCCESS,INFO,0,0,0,,2026-08-14T11:48:09.966Z,2026-08-14T11:54:47.762Z,398,2026-08-14T11:54:47.762Z,B12B,Colorado Springs,21f5cd31-796d-43ad-806e-67ead954f01a,
202608141154446194,202608141147662634,202608141147662582,118,11643,Bronze P1/P2 Assessments,br_newperiodicreassessmentd5,TASK_COMPLETE,SUCCESS,INFO,0,0,0,,2026-08-14T11:48:09.966Z,2026-08-14T11:54:47.762Z,398,2026-08-14T11:54:47.762Z,B24,Paintsville,21f5cd31-796d-43ad-806e-67ead954f01a,
202608141154446195,202608141147662635,202608141147662582,118,11645,Bronze P1/P2 Assessments,br_newperiodicreassessmentd5,TASK_COMPLETE,SUCCESS,INFO,0,0,0,,2026-08-14T11:48:09.966Z,2026-08-14T11:54:47.762Z,398,2026-08-14T11:54:47.762Z,B26,Hazard,21f5cd31-796d-43ad-806e-67ead954f01a,
202608141154446196,202608141147662636,202608141147662582,118,11647,Bronze P1/P2 Assessments,br_newperiodicreassessmentd5,TASK_COMPLETE,SUCCESS,INFO,0,0,0,,2026-08-14T11:48:09.966Z,2026-08-14T11:54:47.762Z,398,2026-08-14T11:54:47.762Z,B28,West Plains,21f5cd31-796d-43ad-806e-67ead954f01a,
202608141154446197,202608141147662637,202608141147662582,118,11652,Bronze P1/P2 Assessments,br_newperiodicreassessmentd5,TASK_COMPLETE,SUCCESS,INFO,0,0,0,,2026-08-14T11:48:09.966Z,2026-08-14T11:54:47.762Z,398,2026-08-14T11:54:47.762Z,B33,Paducah,21f5cd31-796d-43ad-806e-67ead954f01a,
202608141154446198,202608141147662638,202608141147662582,118,11707,Bronze P1/P2 Assessments,br_newperiodicreassessmentd5,TASK_COMPLETE,SUCCESS,INFO,0,0,0,,2026-08-14T11:48:09.966Z,2026-08-14T11:54:47.762Z,398,2026-08-14T11:54:47.762Z,CBCO,Coeur dAlene,21f5cd31-796d-43ad-806e-67ead954f01a,
202608141154446199,202608141147662639,202608141147662582,118,11825,Bronze P1/P2 Assessments,br_newperiodicreassessmentd6,TASK_COMPLETE,SUCCESS,INFO,0,0,0,,2026-08-14T11:48:09.966Z,2026-08-14T11:54:47.762Z,398,2026-08-14T11:54:47.762Z,AHK,Ahoskie,21f5cd31-796d-43ad-806e-67ead954f01a,
202608141154446200,202608141147662640,202608141147662582,118,11826,Bronze P1/P2 Assessments,br_newperiodicreassessmentd6,TASK_COMPLETE,SUCCESS,INFO,0,0,0,,2026-08-14T11:48:09.966Z,2026-08-14T11:54:47.762Z,398,2026-08-14T11:54:47.762Z,B12B,Colorado Springs,21f5cd31-796d-43ad-806e-67ead954f01a,
202608141154446201,202608141147662641,202608141147662582,118,11827,Bronze P1/P2 Assessments,br_newperiodicreassessmentd6,TASK_COMPLETE,SUCCESS,INFO,0,0,0,,2026-08-14T11:48:09.966Z,2026-08-14T11:54:47.762Z,398,2026-08-14T11:54:47.762Z,B24,Paintsville,21f5cd31-796d-43ad-806e-67ead954f01a,
202608141154446202,202608141147662642,202608141147662582,118,11829,Bronze P1/P2 Assessments,br_newperiodicreassessmentd6,TASK_COMPLETE,SUCCESS,INFO,0,0,0,,2026-08-14T11:48:09.966Z,2026-08-14T11:54:47.762Z,398,2026-08-14T11:54:47.762Z,B26,Hazard,21f5cd31-796d-43ad-806e-67ead954f01a,
202608150554175979,202608150537402703,202608150537402637,118,12011,Bronze P1/P2 Assessments,br_NewAdmissionAssessmentASAMDimension2,TASK_COMPLETE,SUCCESS,INFO,271,271,0,,2026-08-15T05:38:25.156Z,2026-08-15T05:54:20.465Z,955,2026-08-15T05:54:20.465Z,B24,Paintsville,92fdec37-a7f1-4589-8ea2-af8b074ddb31,
202608150554175980,202608150537402704,202608150537402637,118,12013,Bronze P1/P2 Assessments,br_NewAdmissionAssessmentASAMDimension2,TASK_COMPLETE,SUCCESS,INFO,399,399,0,,2026-08-15T05:38:25.156Z,2026-08-15T05:54:20.465Z,955,2026-08-15T05:54:20.465Z,B26,Hazard,92fdec37-a7f1-4589-8ea2-af8b074ddb31,
202608150554175981,202608150537402705,202608150537402637,118,12015,Bronze P1/P2 Assessments,br_NewAdmissionAssessmentASAMDimension2,TASK_COMPLETE,SUCCESS,INFO,0,0,0,,2026-08-15T05:38:25.156Z,2026-08-15T05:54:20.465Z,955,2026-08-15T05:54:20.465Z,B28,West Plains,92fdec37-a7f1-4589-8ea2-af8b074ddb31,
202608150554175982,202608150537402706,202608150537402637,118,12020,Bronze P1/P2 Assessments,br_NewAdmissionAssessmentASAMDimension2,TASK_COMPLETE,SUCCESS,INFO,174,174,0,,2026-08-15T05:38:25.156Z,2026-08-15T05:54:20.465Z,955,2026-08-15T05:54:20.465Z,B33,Paducah,92fdec37-a7f1-4589-8ea2-af8b074ddb31,
202608150554175983,202608150537402707,202608150537402637,118,12075,Bronze P1/P2 Assessments,br_NewAdmissionAssessmentASAMDimension2,TASK_COMPLETE,SUCCESS,INFO,0,0,0,,2026-08-15T05:38:25.156Z,2026-08-15T05:54:20.465Z,955,2026-08-15T05:54:20.465Z,CBCO,Coeur dAlene,92fdec37-a7f1-4589-8ea2-af8b074ddb31,
202608181407308773,202608181342262719,202608181342262706,46,9055,P1 Finance FMP Bronze - AHK,br_samms_fmp,TASK_COMPLETE,SUCCESS,INFO,3,3,0,,2026-08-18T13:42:39.071Z,2026-08-18T14:07:36.209Z,1497,2026-08-18T14:07:36.209Z,AHK,Ahoskie,2b16abcf-416f-4fd8-80a9-0aa52ca66e5c,
202608181407308774,202608181342262720,202608181342262706,46,9056,P1 Finance FMP Bronze - B12B,br_samms_fmp,TASK_COMPLETE,SUCCESS,INFO,26,26,0,,2026-08-18T13:42:39.071Z,2026-08-18T14:07:36.209Z,1497,2026-08-18T14:07:36.209Z,B12B,ColoradoSprings,2b16abcf-416f-4fd8-80a9-0aa52ca66e5c,
202608181407308775,202608181342262721,202608181342262706,46,9057,P1 Finance FMP Bronze - B24,br_samms_fmp,TASK_COMPLETE,SUCCESS,INFO,2294,2294,0,,2026-08-18T13:42:39.071Z,2026-08-18T14:07:36.209Z,1497,2026-08-18T14:07:36.209Z,B24,Paintsville,2b16abcf-416f-4fd8-80a9-0aa52ca66e5c,
202608181314386966,202608181250209455,202608181250209442,46,9055,P1 Finance FMP Bronze - AHK,br_samms_fmp,TASK_COMPLETE,SUCCESS,INFO,3,3,0,,2026-08-18T12:50:23.823Z,2026-08-18T13:14:41.917Z,1458,2026-08-18T13:14:41.917Z,AHK,Ahoskie,03823c35-021d-4cc9-8374-59681a542f1d,
202608181314386967,202608181250209456,202608181250209442,46,9056,P1 Finance FMP Bronze - B12B,br_samms_fmp,TASK_COMPLETE,SUCCESS,INFO,26,26,0,,2026-08-18T12:50:23.823Z,2026-08-18T13:14:41.917Z,1458,2026-08-18T13:14:41.917Z,B12B,ColoradoSprings,03823c35-021d-4cc9-8374-59681a542f1d,
202608181314386968,202608181250209457,202608181250209442,46,9057,P1 Finance FMP Bronze - B24,br_samms_fmp,TASK_COMPLETE,SUCCESS,INFO,2294,2294,0,,2026-08-18T12:50:23.823Z,2026-08-18T13:14:41.917Z,1458,2026-08-18T13:14:41.917Z,B24,Paintsville,03823c35-021d-4cc9-8374-59681a542f1d,
202608170828545813,202608170805168047,202608170805168041,97,5988,P1 Forms E&M Form MDM Bronze - B33,br_samms_eandm_form_mdm,TASK_COMPLETE,SUCCESS,INFO,7185,7185,0,,2026-08-17T08:05:23.166Z,2026-08-17T08:28:58.238Z,1415,2026-08-17T08:28:58.238Z,B33,Paducah,760fb7f7-522d-45ef-ae35-70bd18d17fef,
202608201556275264,202608201556275263,202608201553439487,83,212,Silver Salesforce Leads,sl_sf_leads,TASK_COMPLETE,SUCCESS,INFO,74,74,0,,2026-08-20T15:56:32.061Z,2026-08-20T15:56:59.921Z,26,2026-08-20T15:56:59.921Z,,,95538f17-9d82-404e-9e3f-d1777714a921,
202608100952316109,202608100934367081,202608100934367074,85,2806,Bronze INV,br_OrientationChecklistNew,TASK_COMPLETE,SUCCESS,INFO,1,1,0,,2026-08-10T09:34:42.906Z,2026-08-10T09:52:34.664Z,1072,2026-08-10T09:52:34.664Z,AHK,Ahoskie,6ef3fd30-03b0-4dcd-9022-3df447f4d036,
202608100952316110,202608100934367082,202608100934367074,85,2807,Bronze INV,br_OrientationChecklistNew,TASK_COMPLETE,SUCCESS,INFO,9,9,0,,2026-08-10T09:34:42.906Z,2026-08-10T09:52:34.664Z,1072,2026-08-10T09:52:34.664Z,B12B,Colorado Springs,6ef3fd30-03b0-4dcd-9022-3df447f4d036,
202608100952316111,202608100934367083,202608100934367074,85,2254,Bronze INV,br_LabResult,TASK_COMPLETE,SUCCESS,INFO,1693,1693,0,,2026-08-10T09:34:42.906Z,2026-08-10T09:52:34.664Z,1072,2026-08-10T09:52:34.664Z,AHK,Ahoskie,6ef3fd30-03b0-4dcd-9022-3df447f4d036,
202608100952316112,202608100934367084,202608100934367074,85,2255,Bronze INV,br_LabResult,TASK_COMPLETE,SUCCESS,INFO,1257,1257,0,,2026-08-10T09:34:42.906Z,2026-08-10T09:52:34.664Z,1072,2026-08-10T09:52:34.664Z,B12B,Colorado Springs,6ef3fd30-03b0-4dcd-9022-3df447f4d036,
202608100952316113,202608100934367085,202608100934367074,85,2438,Bronze INV,br_LabResultDetail,TASK_COMPLETE,SUCCESS,INFO,9628,9628,0,,2026-08-10T09:34:42.906Z,2026-08-10T09:52:34.664Z,1072,2026-08-10T09:52:34.664Z,AHK,Ahoskie,6ef3fd30-03b0-4dcd-9022-3df447f4d036,
202608100952316114,202608100934367086,202608100934367074,85,2439,Bronze INV,br_LabResultDetail,TASK_COMPLETE,SUCCESS,INFO,1387,1387,0,,2026-08-10T09:34:42.906Z,2026-08-10T09:52:34.664Z,1072,2026-08-10T09:52:34.664Z,B12B,Colorado Springs,6ef3fd30-03b0-4dcd-9022-3df447f4d036,
202608201751349883,202608201751349883,202608201748445561,83,212,Silver Salesforce Leads,sl_sf_leads,TASK_COMPLETE,SUCCESS,INFO,86,86,0,,2026-08-20T17:51:38.763Z,2026-08-20T17:52:05.530Z,25,2026-08-20T17:52:05.530Z,,,635224f3-f193-4ab0-a06c-8d0fbf5d6c6d,
202608211043555596,202608211043555595,202608211041144699,83,212,Silver Salesforce Leads,sl_sf_leads,TASK_COMPLETE,SUCCESS,INFO,67,67,0,,2026-08-21T10:43:59.450Z,2026-08-21T10:44:23.278Z,22,2026-08-21T10:44:23.278Z,,,45603680-296f-4487-82f1-f8045d5f38e1,
202608261758481425,202608261733446744,202608261733446733,97,6329,P1 Forms Consent To Marketing Bronze - AHK,br_samms_consent_to_marketing,TASK_COMPLETE,SUCCESS,INFO,15,15,0,,2026-08-26T17:33:51.495Z,2026-08-26T17:58:52.846Z,1501,2026-08-26T17:58:52.846Z,AHK,Ahoskie,4b416fe5-6f5c-4fb7-baa8-f0b32475e9c6,SAMMS-Ahoskie
202608251449420171,202608251428352623,202608251428352600,46,9999,P1 Finance Diag10 Bronze - AHK,br_samms_tbldiag10,TASK_COMPLETE,SUCCESS,INFO,231,231,0,,2026-08-25T14:28:42.306Z,2026-08-25T14:49:46.373Z,1264,2026-08-25T14:49:46.373Z,AHK,Ahoskie,5e789551-b18e-4745-8526-2b8db3ceeb01,SAMMS-Ahoskie
202608251449420172,202608251428352624,202608251428352600,46,10000,P1 Finance Diag10 Bronze - B12B,br_samms_tbldiag10,TASK_COMPLETE,SUCCESS,INFO,1449,1449,0,,2026-08-25T14:28:42.306Z,2026-08-25T14:49:46.373Z,1264,2026-08-25T14:49:46.373Z,B12B,ColoradoSprings,5e789551-b18e-4745-8526-2b8db3ceeb01,SAMMS-ColoradoSpringsV5
202608190537301093,202608190459300352,202608190459300344,107,8562,Clinical Domain Silver - SaveAppointmentAttend,sl_appointmentattend,TASK_COMPLETE,SUCCESS,INFO,93,93,0,,2026-08-19T05:01:28.469Z,2026-08-19T05:37:32.342Z,2164,2026-08-19T05:37:32.342Z,Global,SAMMSGLOBAL,05916e11-44cf-456b-ac26-991e7ff5d7aa,SAMMSGLOBAL
202608201137347212,202608201137347212,202608201136586561,83,209,Silver Salesforce Record Types,sl_sf_recordtype,TASK_DEPENDENCY_BLOCKED,DEPENDENCY_BLOCKED,WARN,0,0,0,Dependency Failed : 201 (checked: 201),2026-08-20T11:37:41.151Z,2026-08-20T11:37:41.151Z,0,2026-08-20T11:37:41.151Z,,,79156e84-8509-4e63-a064-b4b0873a2a40,
202608270400386646,202608270400386646,20260827035959,132,13703,Location Retention Gold,LocationRetention,TASK_SKIPPED,DEPENDENCY_BLOCKED,WARNING,0,0,0,Skipped: Dependency TaskConfigId(s) 13691 not successful,2026-08-27T04:00:38.664Z,2026-08-27T04:00:38.664Z,0,2026-08-27T04:00:38.664Z,,,6c0dfbf2-4982-428b-b962-2d1ca5cf9e53,
202608201144136365,202608201144136364,202608201140451356,84,6810,Gold Salesforce StgOutboundSMS,stgOutboundSMS,TASK_DEPENDENCY_BLOCKED,DEPENDENCY_BLOCKED,WARN,0,0,0,Dependency Failed : 6808 (checked: 6808),2026-08-20T11:44:22.090Z,2026-08-20T11:44:22.090Z,0,2026-08-20T11:44:22.090Z,,,79156e84-8509-4e63-a064-b4b0873a2a40,
202608262123551289,202608262123551289,20260826212318,132,13703,Location Retention Gold,LocationRetention,TASK_SKIPPED,DEPENDENCY_BLOCKED,WARNING,0,0,0,Skipped: Dependency TaskConfigId(s) 13691 not successful,2026-08-26T21:23:55.128Z,2026-08-26T21:23:55.128Z,0,2026-08-26T21:23:55.128Z,,,4b200449-8053-4691-81f7-bd43960e8882,
202608201034573111,202608201013530498,202608201013530447,46,10119,P1 Finance Client Demo 1 Bronze - B24,br_samms_client_demo1,TASK_COMPLETE,SUCCESS,INFO,2919,2919,0,,2026-08-20T10:13:57.622Z,2026-08-20T10:39:20.764Z,1523,2026-08-20T10:39:20.764Z,B24,Paintsville,069e8d01-766c-4679-b3df-c21f4d7bc3d1,SAMMS-PaintsvilleV5
202608201144011483,202608201144011483,202608201140451356,84,6809,Gold Salesforce PatientSurveys,PatientSurveys,TASK_DEPENDENCY_BLOCKED,DEPENDENCY_BLOCKED,WARN,0,0,0,Dependency Failed : 6807 (checked: 6807),2026-08-20T11:44:07.813Z,2026-08-20T11:44:07.813Z,0,2026-08-20T11:44:07.813Z,,,79156e84-8509-4e63-a064-b4b0873a2a40,
202608201034573118,202608201013530502,202608201013530447,46,10237,P1 Finance Client Demo 2 Bronze - B24,br_samms_client_demo2,TASK_COMPLETE,SUCCESS,INFO,2919,2919,0,,2026-08-20T10:13:57.622Z,2026-08-20T10:39:20.764Z,1523,2026-08-20T10:39:20.764Z,B24,Paintsville,069e8d01-766c-4679-b3df-c21f4d7bc3d1,SAMMS-PaintsvilleV5
202608261758481416,202608261733446736,202608261733446733,97,5861,P1 Forms E&M Form Pregnancy Bronze - AHK,br_samms_eandm_form_pregnancy,TASK_COMPLETE,SUCCESS,INFO,126,126,0,,2026-08-26T17:33:51.495Z,2026-08-26T17:58:52.846Z,1501,2026-08-26T17:58:52.846Z,AHK,Ahoskie,4b416fe5-6f5c-4fb7-baa8-f0b32475e9c6,SAMMS-Ahoskie
202608171145214458,202608171119587461,202608171119587420,118,11284,Bronze P1/P2 Assessments,br_NewPeriodicReassessmentD3,TASK_COMPLETE,SUCCESS,INFO,0,0,0,,2026-08-17T11:20:06.775Z,2026-08-17T11:45:25.584Z,1519,2026-08-17T11:45:25.584Z,B33,Paducah,50b193b8-c8c8-41b3-8f69-a5e058560d7e,
202608171145214459,202608171119587462,202608171119587420,118,11339,Bronze P1/P2 Assessments,br_NewPeriodicReassessmentD3,TASK_COMPLETE,SUCCESS,INFO,0,0,0,,2026-08-17T11:20:06.775Z,2026-08-17T11:45:25.584Z,1519,2026-08-17T11:45:25.584Z,CBCO,Coeur dAlene,50b193b8-c8c8-41b3-8f69-a5e058560d7e,
202608171145214460,202608171119587463,202608171119587420,118,11457,Bronze P1/P2 Assessments,br_NewPeriodicReassessmentD4,TASK_COMPLETE,SUCCESS,INFO,0,0,0,,2026-08-17T11:20:06.775Z,2026-08-17T11:45:25.584Z,1519,2026-08-17T11:45:25.584Z,AHK,Ahoskie,50b193b8-c8c8-41b3-8f69-a5e058560d7e,
202608171145214461,202608171119587464,202608171119587420,118,11458,Bronze P1/P2 Assessments,br_NewPeriodicReassessmentD4,TASK_COMPLETE,SUCCESS,INFO,0,0,0,,2026-08-17T11:20:06.775Z,2026-08-17T11:45:25.584Z,1519,2026-08-17T11:45:25.584Z,B12B,Colorado Springs,50b193b8-c8c8-41b3-8f69-a5e058560d7e,
202608171145214462,202608171119587465,202608171119587420,118,11459,Bronze P1/P2 Assessments,br_NewPeriodicReassessmentD4,TASK_COMPLETE,SUCCESS,INFO,0,0,0,,2026-08-17T11:20:06.775Z,2026-08-17T11:45:25.584Z,1519,2026-08-17T11:45:25.584Z,B24,Paintsville,50b193b8-c8c8-41b3-8f69-a5e058560d7e,
202608141515547569,202608141505574965,202608141505574909,118,11707,Bronze P1/P2 Assessments,br_newperiodicreassessmentd5,TASK_COMPLETE,SUCCESS,INFO,0,0,0,,2026-08-14T15:06:49.317Z,2026-08-14T15:16:31.149Z,582,2026-08-14T15:16:31.149Z,CBCO,Coeur dAlene,7969362d-463a-4985-92c3-d629dd6d5c4e,
202608141515547570,202608141505574966,202608141505574909,118,11825,Bronze P1/P2 Assessments,br_newperiodicreassessmentd6,TASK_COMPLETE,SUCCESS,INFO,0,0,0,,2026-08-14T15:06:49.317Z,2026-08-14T15:16:31.149Z,582,2026-08-14T15:16:31.149Z,AHK,Ahoskie,7969362d-463a-4985-92c3-d629dd6d5c4e,
202608141515547572,202608141505574967,202608141505574909,118,11826,Bronze P1/P2 Assessments,br_newperiodicreassessmentd6,TASK_COMPLETE,SUCCESS,INFO,0,0,0,,2026-08-14T15:06:49.317Z,2026-08-14T15:16:31.149Z,582,2026-08-14T15:16:31.149Z,B12B,Colorado Springs,7969362d-463a-4985-92c3-d629dd6d5c4e,
202608141515547573,202608141505574968,202608141505574909,118,11827,Bronze P1/P2 Assessments,br_newperiodicreassessmentd6,TASK_COMPLETE,SUCCESS,INFO,0,0,0,,2026-08-14T15:06:49.317Z,2026-08-14T15:16:31.149Z,582,2026-08-14T15:16:31.149Z,B24,Paintsville,7969362d-463a-4985-92c3-d629dd6d5c4e,
202608141515547574,202608141505574969,202608141505574909,118,11829,Bronze P1/P2 Assessments,br_newperiodicreassessmentd6,TASK_COMPLETE,SUCCESS,INFO,0,0,0,,2026-08-14T15:06:49.317Z,2026-08-14T15:16:31.149Z,582,2026-08-14T15:16:31.149Z,B26,Hazard,7969362d-463a-4985-92c3-d629dd6d5c4e,
202608141935472448,202608141857340868,202608141857340774,31,94094,FormAnswerSignatures Bronze - V1,br_tblFormAnswerSig,TASK_COMPLETE,SUCCESS,INFO,62175,62175,0,,2026-08-14T18:58:05.482Z,2026-08-14T19:35:50.482Z,2265,2026-08-14T19:35:50.482Z,V1,VCPHCS-I-Memphis,015634ea-243f-49e1-a18e-0e1d033651d1,
202608141935472449,202608141857340869,202608141857340774,31,94095,FormAnswerSignatures Bronze - V10,br_tblFormAnswerSig,TASK_COMPLETE,SUCCESS,INFO,87238,87238,0,,2026-08-14T18:58:05.482Z,2026-08-14T19:35:50.482Z,2265,2026-08-14T19:35:50.482Z,V10,Boulder,015634ea-243f-49e1-a18e-0e1d033651d1,
202608141935472450,202608141857340870,202608141857340774,31,94096,FormAnswerSignatures Bronze - V10A,br_tblFormAnswerSig,TASK_COMPLETE,SUCCESS,INFO,124140,124140,0,,2026-08-14T18:58:05.482Z,2026-08-14T19:35:50.482Z,2265,2026-08-14T19:35:50.482Z,V10A,FortCollins,015634ea-243f-49e1-a18e-0e1d033651d1,
202608250405267179,202608250343460391,202608250343460390,119,12560,Silver P1/P2 Assessments,sl_NewAdmissionAssessment,TASK_COMPLETE,SUCCESS,INFO,480,480,0,,2026-08-25T03:43:39.643Z,2026-08-25T04:05:28.429Z,1309,2026-08-25T04:05:28.429Z,,,8c969a39-95ec-4087-9ad3-4a9580887e34,
202608141515547552,202608141505574950,202608141505574909,118,11284,Bronze P1/P2 Assessments,br_newperiodicreassessmentd3,TASK_COMPLETE,SUCCESS,INFO,0,0,0,,2026-08-14T15:06:49.317Z,2026-08-14T15:16:31.149Z,582,2026-08-14T15:16:31.149Z,B33,Paducah,7969362d-463a-4985-92c3-d629dd6d5c4e,
202608141515547554,202608141505574951,202608141505574909,118,11339,Bronze P1/P2 Assessments,br_newperiodicreassessmentd3,TASK_COMPLETE,SUCCESS,INFO,0,0,0,,2026-08-14T15:06:49.317Z,2026-08-14T15:16:31.149Z,582,2026-08-14T15:16:31.149Z,CBCO,Coeur dAlene,7969362d-463a-4985-92c3-d629dd6d5c4e,
202608141515547555,202608141505574952,202608141505574909,118,11457,Bronze P1/P2 Assessments,br_newperiodicreassessmentd4,TASK_COMPLETE,SUCCESS,INFO,0,0,0,,2026-08-14T15:06:49.317Z,2026-08-14T15:16:31.149Z,582,2026-08-14T15:16:31.149Z,AHK,Ahoskie,7969362d-463a-4985-92c3-d629dd6d5c4e,
202608141515547556,202608141505574953,202608141505574909,118,11458,Bronze P1/P2 Assessments,br_newperiodicreassessmentd4,TASK_COMPLETE,SUCCESS,INFO,0,0,0,,2026-08-14T15:06:49.317Z,2026-08-14T15:16:31.149Z,582,2026-08-14T15:16:31.149Z,B12B,Colorado Springs,7969362d-463a-4985-92c3-d629dd6d5c4e,
202608141515547557,202608141505574954,202608141505574909,118,11459,Bronze P1/P2 Assessments,br_newperiodicreassessmentd4,TASK_COMPLETE,SUCCESS,INFO,0,0,0,,2026-08-14T15:06:49.317Z,2026-08-14T15:16:31.149Z,582,2026-08-14T15:16:31.149Z,B24,Paintsville,7969362d-463a-4985-92c3-d629dd6d5c4e,
202608130409166777,202608130315200012,202608130315200005,106,7046,Clinical Domain Bronze - SaveBamScore - B12B,brz_BAMScore,TASK_COMPLETE,SUCCESS,INFO,6564,6564,0,,2026-08-13T03:16:19.557Z,2026-08-13T04:09:23.310Z,3184,2026-08-13T04:09:23.310Z,B12B,ColoradoSprings,11ed6329-841a-4e7a-bfb1-61191c79c28e,
202608130409166778,202608130315200013,202608130315200005,106,7090,Clinical Domain Bronze - SaveBamScore - BOI,brz_BAMScore,TASK_COMPLETE,SUCCESS,INFO,3615,3615,0,,2026-08-13T03:16:19.557Z,2026-08-13T04:09:23.310Z,3184,2026-08-13T04:09:23.310Z,BOI,Boise,11ed6329-841a-4e7a-bfb1-61191c79c28e,
202608130409166779,202608130315200014,202608130315200005,106,7139,Clinical Domain Bronze - SaveBamScore - V10,brz_BAMScore,TASK_COMPLETE,SUCCESS,INFO,9786,9786,0,,2026-08-13T03:16:19.557Z,2026-08-13T04:09:23.310Z,3184,2026-08-13T04:09:23.310Z,V10,Boulder,11ed6329-841a-4e7a-bfb1-61191c79c28e,
202608140551555089,202608140519472944,202608140519472937,106,7046,Clinical Domain Bronze - SaveBamScore - B12B,brz_BAMScore,TASK_COMPLETE,SUCCESS,INFO,6582,6582,0,,2026-08-14T05:21:11.366Z,2026-08-14T05:51:58.644Z,1847,2026-08-14T05:51:58.644Z,B12B,ColoradoSprings,367e5368-81b8-4196-9731-5b3efc5e39d9,
202608140551555090,202608140519472945,202608140519472937,106,7090,Clinical Domain Bronze - SaveBamScore - BOI,brz_BAMScore,TASK_COMPLETE,SUCCESS,INFO,3636,3636,0,,2026-08-14T05:21:11.366Z,2026-08-14T05:51:58.644Z,1847,2026-08-14T05:51:58.644Z,BOI,Boise,367e5368-81b8-4196-9731-5b3efc5e39d9,
202608140551555091,202608140519472946,202608140519472937,106,7139,Clinical Domain Bronze - SaveBamScore - V10,brz_BAMScore,TASK_COMPLETE,SUCCESS,INFO,9789,9789,0,,2026-08-14T05:21:11.366Z,2026-08-14T05:51:58.644Z,1847,2026-08-14T05:51:58.644Z,V10,Boulder,367e5368-81b8-4196-9731-5b3efc5e39d9,
202608121042551926,202608121009360900,202608121009360893,106,7046,Clinical Domain Bronze - SaveBamScore - B12B,brz_BAMScore,TASK_COMPLETE,SUCCESS,INFO,6555,6555,0,,2026-08-12T10:11:56.792Z,2026-08-12T10:43:20.487Z,1884,2026-08-12T10:43:20.487Z,B12B,ColoradoSprings,1325a4eb-aa02-4bc9-9fae-d06e40a0cece,
202608121042551927,202608121009360901,202608121009360893,106,7090,Clinical Domain Bronze - SaveBamScore - BOI,brz_BAMScore,TASK_COMPLETE,SUCCESS,INFO,3609,3609,0,,2026-08-12T10:11:56.792Z,2026-08-12T10:43:20.487Z,1884,2026-08-12T10:43:20.487Z,BOI,Boise,1325a4eb-aa02-4bc9-9fae-d06e40a0cece,
202608121042551928,202608121009360902,202608121009360893,106,7139,Clinical Domain Bronze - SaveBamScore - V10,brz_BAMScore,TASK_COMPLETE,SUCCESS,INFO,9786,9786,0,,2026-08-12T10:11:56.792Z,2026-08-12T10:43:20.487Z,1884,2026-08-12T10:43:20.487Z,V10,Boulder,1325a4eb-aa02-4bc9-9fae-d06e40a0cece,
202608171102595597,202608171031398606,202608171031398593,106,7276,Clinical Domain Bronze - SaveUAResults - B12B,br_UAResults,TASK_COMPLETE,SUCCESS,INFO,107,107,0,,2026-08-17T10:38:10.305Z,2026-08-17T11:03:03.679Z,1493,2026-08-17T11:03:03.679Z,B12B,ColoradoSprings,16b28601-46b7-41d7-bb6b-81142615d65b,
202608171102595598,202608171031398607,202608171031398593,106,7320,Clinical Domain Bronze - SaveUAResults - BOI,br_UAResults,TASK_COMPLETE,SUCCESS,INFO,336,336,0,,2026-08-17T10:38:10.305Z,2026-08-17T11:03:03.679Z,1493,2026-08-17T11:03:03.679Z,BOI,Boise,16b28601-46b7-41d7-bb6b-81142615d65b,
202608171102595599,202608171031398608,202608171031398593,106,7369,Clinical Domain Bronze - SaveUAResults - V10,br_UAResults,TASK_COMPLETE,SUCCESS,INFO,211,211,0,,2026-08-17T10:38:10.305Z,2026-08-17T11:03:03.679Z,1493,2026-08-17T11:03:03.679Z,V10,Boulder,16b28601-46b7-41d7-bb6b-81142615d65b,
202608100952316122,202608100934367093,202608100934367074,85,782,Bronze INV,br_AdmissionAssessmentDimensionOneDisorder,TASK_COMPLETE,SUCCESS,INFO,113,113,0,,2026-08-10T09:34:42.906Z,2026-08-10T09:52:34.664Z,1072,2026-08-10T09:52:34.664Z,AHK,Ahoskie,6ef3fd30-03b0-4dcd-9022-3df447f4d036,
202608100952316123,202608100934367094,202608100934367074,85,783,Bronze INV,br_AdmissionAssessmentDimensionOneDisorder,TASK_COMPLETE,SUCCESS,INFO,791,791,0,,2026-08-10T09:34:42.906Z,2026-08-10T09:52:34.664Z,1072,2026-08-10T09:52:34.664Z,B12B,Colorado Springs,6ef3fd30-03b0-4dcd-9022-3df447f4d036,
202608100952316124,202608100934367095,202608100934367074,85,1334,Bronze INV,br_AdmissionAssessmentDimensionTwo,TASK_COMPLETE,SUCCESS,INFO,98,98,0,,2026-08-10T09:34:42.906Z,2026-08-10T09:52:34.664Z,1072,2026-08-10T09:52:34.664Z,AHK,Ahoskie,6ef3fd30-03b0-4dcd-9022-3df447f4d036,
202608100952316125,202608100934367096,202608100934367074,85,1335,Bronze INV,br_AdmissionAssessmentDimensionTwo,TASK_COMPLETE,SUCCESS,INFO,777,777,0,,2026-08-10T09:34:42.906Z,2026-08-10T09:52:34.664Z,1072,2026-08-10T09:52:34.664Z,B12B,Colorado Springs,6ef3fd30-03b0-4dcd-9022-3df447f4d036,
202608100952316126,202608100934367097,202608100934367074,85,1150,Bronze INV,br_AdmissionAssessmentDimensionThree,TASK_COMPLETE,SUCCESS,INFO,95,95,0,,2026-08-10T09:34:42.906Z,2026-08-10T09:52:34.664Z,1072,2026-08-10T09:52:34.664Z,AHK,Ahoskie,6ef3fd30-03b0-4dcd-9022-3df447f4d036,
202608100952316127,202608100934367098,202608100934367074,85,1151,Bronze INV,br_AdmissionAssessmentDimensionThree,TASK_COMPLETE,SUCCESS,INFO,778,778,0,,2026-08-10T09:34:42.906Z,2026-08-10T09:52:34.664Z,1072,2026-08-10T09:52:34.664Z,B12B,Colorado Springs,6ef3fd30-03b0-4dcd-9022-3df447f4d036,
202608170749224516,202608170720364626,202608170720364599,118,10916,Bronze P1/P2 Assessments,br_NewPeriodicReassessmentCounselorReview,TASK_COMPLETE,SUCCESS,INFO,237,237,0,,2026-08-17T07:20:41.512Z,2026-08-17T07:49:26.331Z,1725,2026-08-17T07:49:26.331Z,B33,Paducah,422b71cc-fe6c-4f30-846d-92fb5587d0e9,
202608170749224517,202608170720364627,202608170720364599,118,10971,Bronze P1/P2 Assessments,br_NewPeriodicReassessmentCounselorReview,TASK_COMPLETE,SUCCESS,INFO,0,0,0,,2026-08-17T07:20:41.512Z,2026-08-17T07:49:26.331Z,1725,2026-08-17T07:49:26.331Z,CBCO,Coeur dAlene,422b71cc-fe6c-4f30-846d-92fb5587d0e9,
202608170749224497,202608170720364609,202608170720364599,118,10539,Bronze P1/P2 Assessments,br_NewAdmissionAssessmentASAMDimension6,TASK_COMPLETE,SUCCESS,INFO,277,277,0,,2026-08-17T07:20:41.512Z,2026-08-17T07:49:26.331Z,1725,2026-08-17T07:49:26.331Z,B24,Paintsville,422b71cc-fe6c-4f30-846d-92fb5587d0e9,
202608170749224568,202608170720364672,202608170720364599,118,12195,Bronze P1/P2 Assessments,br_NewAdmissionAssessmentASAMDimension4,TASK_COMPLETE,SUCCESS,INFO,272,272,0,,2026-08-17T07:20:41.512Z,2026-08-17T07:49:26.331Z,1725,2026-08-17T07:49:26.331Z,B24,Paintsville,422b71cc-fe6c-4f30-846d-92fb5587d0e9,
202608251454402506,202608251428452607,202608251428452600,47,9524,P1 Finance 3P Eligibility Silver,tbl_3pElig,TASK_COMPLETE,SUCCESS,INFO,318,318,0,,2026-08-25T14:28:42.306Z,2026-08-25T14:54:42.345Z,1560,2026-08-25T14:54:42.345Z,,,5e789551-b18e-4745-8526-2b8db3ceeb01,
202608170749224560,202608170720364665,202608170720364599,118,12011,Bronze P1/P2 Assessments,br_NewAdmissionAssessmentASAMDimension2,TASK_COMPLETE,SUCCESS,INFO,271,271,0,,2026-08-17T07:20:41.512Z,2026-08-17T07:49:26.331Z,1725,2026-08-17T07:49:26.331Z,B24,Paintsville,422b71cc-fe6c-4f30-846d-92fb5587d0e9,
202608170749224576,202608170720364679,202608170720364599,118,12379,Bronze P1/P2 Assessments,br_NewAdmissionAssessmentASAMDimension5,TASK_COMPLETE,SUCCESS,INFO,271,271,0,,2026-08-17T07:20:41.512Z,2026-08-17T07:49:26.331Z,1725,2026-08-17T07:49:26.331Z,B24,Paintsville,422b71cc-fe6c-4f30-846d-92fb5587d0e9,
202608170650554209,202608170608269058,202608170608269015,106,8311,Clinical Domain Bronze - SaveEnrollment - B12B,br_Enrollment,TASK_COMPLETE,SUCCESS,INFO,3262,3262,0,,2026-08-17T06:09:37.896Z,2026-08-17T06:50:58.970Z,2481,2026-08-17T06:50:58.970Z,B12B,ColoradoSprings,83c0f655-df7d-4ce0-a8e7-3e8120951bbc,
202608140551471255,202608140537410915,202608140537410912,118,10364,Bronze P1/P2 Assessments,br_NewAdmissionAssessment,TASK_COMPLETE,SUCCESS,INFO,185,185,0,,2026-08-14T05:37:54.245Z,2026-08-14T05:51:50.752Z,836,2026-08-14T05:51:50.752Z,B33,Paducah,49a6a879-8aad-45bb-887e-905eab5ea9bb,
202608140551471256,202608140537410916,202608140537410912,118,10539,Bronze P1/P2 Assessments,br_NewAdmissionAssessmentASAMDimension6,TASK_COMPLETE,SUCCESS,INFO,275,275,0,,2026-08-14T05:37:54.245Z,2026-08-14T05:51:50.752Z,836,2026-08-14T05:51:50.752Z,B24,Paintsville,49a6a879-8aad-45bb-887e-905eab5ea9bb,
202608201034573167,202608201013630454,202608201013630447,47,9524,P1 Finance 3P Eligibility Silver,tbl_3pElig,TASK_COMPLETE,SUCCESS,INFO,2620,0,0,,2026-08-20T10:13:57.622Z,2026-08-20T10:39:20.764Z,1523,2026-08-20T10:39:20.764Z,,,069e8d01-766c-4679-b3df-c21f4d7bc3d1,
202608200307397657,202608200240773831,202608200240773824,47,9524,P1 Finance 3P Eligibility Silver,tbl_3pElig,TASK_COMPLETE,SUCCESS,INFO,2620,0,0,,2026-08-20T02:41:23.064Z,2026-08-20T03:07:41.295Z,1578,2026-08-20T03:07:41.295Z,,,05c5c70e-2926-4311-8f49-65b9279948a3,
202608130804278362,202608130804278362,202608130804191200,-1,-1,PIPELINE_SETUP,CONFIG_LOAD,PIPELINE_SETUP_FAILED,FAILED,ERROR,0,0,0,No active EtlConfig found : nb_patientservices__to_slv,2026-08-13T08:04:34.673Z,2026-08-13T08:04:34.673Z,0,2026-08-13T08:04:34.673Z,,,3898e622-e79b-4fcf-ab88-9be1506bf39f,
202608171325278046,202608171325278045,202608171005421194,82,202,Salesforce Tasks,br_sf_tasks,TASK_ALREADY_COMPLETED,ALREADY_COMPLETED,INFO,0,0,0,Already succeeded in previous attempt,2026-08-17T13:25:35.058Z,2026-08-17T13:25:35.058Z,0,2026-08-17T13:25:35.058Z,,,1cdba2b7-2cc0-4832-97e7-304e1a700c17,
202608171325580465,202608171325580465,202608171005421194,82,204,Salesforce Leads,br_sf_leads,TASK_ALREADY_COMPLETED,ALREADY_COMPLETED,INFO,0,0,0,Already succeeded in previous attempt,2026-08-17T13:26:04.558Z,2026-08-17T13:26:04.558Z,0,2026-08-17T13:26:04.558Z,,,1cdba2b7-2cc0-4832-97e7-304e1a700c17,
202608171325412823,202608171325412823,202608171005421194,82,203,Salesforce Users,br_sf_users,TASK_ALREADY_COMPLETED,ALREADY_COMPLETED,INFO,0,0,0,Already succeeded in previous attempt,2026-08-17T13:25:51.549Z,2026-08-17T13:25:51.549Z,0,2026-08-17T13:25:51.549Z,,,1cdba2b7-2cc0-4832-97e7-304e1a700c17,
202608171326218612,202608171326218612,202608171005421194,82,206,Salesforce Cases,br_sf_cases,TASK_ALREADY_COMPLETED,ALREADY_COMPLETED,INFO,0,0,0,Already succeeded in previous attempt,2026-08-17T13:26:28.247Z,2026-08-17T13:26:28.247Z,0,2026-08-17T13:26:28.247Z,,,1cdba2b7-2cc0-4832-97e7-304e1a700c17,
202608170650554183,202608170608269034,202608170608269015,106,7507,Clinical Domain Bronze - BulkDartsSrvLoader - B24,br_UAResultDetail,TASK_COMPLETE,SUCCESS,INFO,4,4,0,,2026-08-17T06:09:37.896Z,2026-08-17T06:50:58.970Z,2481,2026-08-17T06:50:58.970Z,B24,Paintsville,83c0f655-df7d-4ce0-a8e7-3e8120951bbc,
202608201841347545,202608201841347544,20260820181915,128,13682,Gold Overdue Courses,LearningReportsOverdue,TASK_COMPLETE,SUCCESS,INFO,2565,2565,0,,2026-08-20T18:41:34.754Z,2026-08-20T18:42:02.140Z,27,2026-08-20T18:42:02.140Z,,,35f7c089-8d9e-4c6e-98a4-d95a69912ca1,
202608191822296537,202608191822296536,20260819182223,38,153,Silver KnowBe4 Enrollments,sl_knowbe4enrollments,TASK_COMPLETE,SUCCESS,INFO,94510,94510,0,,2026-08-19T18:22:33.715Z,2026-08-19T18:22:54.276Z,19,2026-08-19T18:22:54.276Z,,,4c3bb2ae-03a6-4a20-bd0c-9fdbe81d40ed,
202608200708539921,202608200708539921,20260820070848,38,153,Silver KnowBe4 Enrollments,sl_knowbe4enrollments,TASK_COMPLETE,SUCCESS,INFO,94510,94510,0,,2026-08-20T07:08:58.335Z,2026-08-20T07:09:19.477Z,19,2026-08-20T07:09:19.477Z,,,51c8df81-b91f-4be3-8810-59f3888974f0,
202608251542248287,202608251517689122,202608251517689120,47,8934,P1 Finance PBI 3 Pay Auth Silver,tbl_pbi3PayAuth,TASK_COMPLETE,SUCCESS,INFO,62,0,0,,2026-08-25T15:18:05.141Z,2026-08-25T15:42:26.877Z,1461,2026-08-25T15:42:26.877Z,,,04d587cb-fd28-4f28-a572-c158aa92fa98,
202608191605095687,202608191519695714,202608191519695710,98,6210,P1 Forms SF Data Forms Silver,tbl_SF_DataForms,TASK_COMPLETE,SUCCESS,INFO,533485,533485,0,,2026-08-19T15:20:02.186Z,2026-08-19T16:05:12.022Z,2710,2026-08-19T16:05:12.022Z,,,0e774440-67e4-4817-8f97-24afdbb9d82f,
202608200345270967,202608200345270967,20260820034520,38,153,Silver KnowBe4 Enrollments,sl_knowbe4enrollments,TASK_COMPLETE,SUCCESS,INFO,94510,94510,0,,2026-08-20T03:45:32.555Z,2026-08-20T03:45:51.046Z,17,2026-08-20T03:45:51.046Z,,,10674be9-f2b1-4514-8872-e5284ac360a9,
202608261728404525,202608261657310991,202608261657310989,47,8934,P1 Finance PBI 3 Pay Auth Silver,tbl_pbi3PayAuth,TASK_COMPLETE,SUCCESS,INFO,62,0,0,,2026-08-26T16:57:24.758Z,2026-08-26T17:29:17.775Z,1913,2026-08-26T17:29:17.775Z,,,7a1b4484-4dc4-4e48-b51b-e78359ce9673,
202608200610579967,202608200610579966,20260820061053,38,153,Silver KnowBe4 Enrollments,sl_knowbe4enrollments,TASK_COMPLETE,SUCCESS,INFO,94510,94510,0,,2026-08-20T06:11:02.266Z,2026-08-20T06:11:25.339Z,21,2026-08-20T06:11:25.339Z,,,6ebf4f86-a572-46b7-a0b9-e243ddff1ee4,
202608151434387448,202608151417675721,202608151417675641,118,12379,Bronze P1/P2 Assessments,br_NewAdmissionAssessmentASAMDimension5,TASK_COMPLETE,SUCCESS,INFO,271,271,0,,2026-08-15T14:18:19.683Z,2026-08-15T14:37:39.575Z,1160,2026-08-15T14:37:39.575Z,B24,Paintsville,556076c4-618a-4487-8b31-ba5017a3c197,
202608151434387449,202608151417675722,202608151417675641,118,12381,Bronze P1/P2 Assessments,br_NewAdmissionAssessmentASAMDimension5,TASK_COMPLETE,SUCCESS,INFO,398,398,0,,2026-08-15T14:18:19.683Z,2026-08-15T14:37:39.575Z,1160,2026-08-15T14:37:39.575Z,B26,Hazard,556076c4-618a-4487-8b31-ba5017a3c197,
202608260308498300,202608260308498300,20260826030840,38,153,Silver KnowBe4 Enrollments,sl_knowbe4enrollments,TASK_COMPLETE,SUCCESS,INFO,94578,94578,0,,2026-08-26T03:08:57.731Z,2026-08-26T03:09:43.077Z,43,2026-08-26T03:09:43.077Z,,,0afbc06c-50b9-46f2-b129-a534a963485d,
202608191139125002,202608191104247946,202608191104247942,107,8558,Clinical Domain Silver - SaveCows_v6,sl_cows_v6,TASK_COMPLETE,SUCCESS,INFO,23828,23828,0,,2026-08-19T11:06:34.343Z,2026-08-19T11:39:14.497Z,1960,2026-08-19T11:39:14.497Z,,,8c2f72fa-f3d3-4c31-9e7b-e1d36d508d72,
202608200307397665,202608200240773838,202608200240773824,47,10350,P1 Finance Client Demo 2 Silver,tbl_ClientDemo2,TASK_COMPLETE,SUCCESS,INFO,8001,44,0,,2026-08-20T02:41:23.064Z,2026-08-20T03:07:41.295Z,1578,2026-08-20T03:07:41.295Z,,,05c5c70e-2926-4311-8f49-65b9279948a3,
202608201801409154,202608201801409153,202608201756217905,84,13676,Gold Salesforce PatientContacts,PatientContacts,TASK_COMPLETE,SUCCESS,INFO,2954,2954,0,,2026-08-20T18:01:44.656Z,2026-08-20T18:02:00.223Z,13,2026-08-20T18:02:00.223Z,,,635224f3-f193-4ab0-a06c-8d0fbf5d6c6d,
202608170505380870,202608170422215751,202608170422215750,106,6816,Clinical Domain Bronze - SaveCheckIn - B12B,br_CheckIn,TASK_COMPLETE,SUCCESS,INFO,505,505,0,,2026-08-17T04:29:17.023Z,2026-08-17T05:06:50.333Z,2253,2026-08-17T05:06:50.333Z,B12B,ColoradoSprings,0b53dc13-182d-4036-9b17-0891eca5f916,
202608170505380872,202608170422215752,202608170422215750,106,6860,Clinical Domain Bronze - SaveCheckIn - BOI,br_CheckIn,TASK_COMPLETE,SUCCESS,INFO,502,502,0,,2026-08-17T04:29:17.023Z,2026-08-17T05:06:50.333Z,2253,2026-08-17T05:06:50.333Z,BOI,Boise,0b53dc13-182d-4036-9b17-0891eca5f916,
202608170505380873,202608170422215753,202608170422215750,106,6909,Clinical Domain Bronze - SaveCheckIn - V10,br_CheckIn,TASK_COMPLETE,SUCCESS,INFO,1097,1097,0,,2026-08-17T04:29:17.023Z,2026-08-17T05:06:50.333Z,2253,2026-08-17T05:06:50.333Z,V10,Boulder,0b53dc13-182d-4036-9b17-0891eca5f916,
202608171102595583,202608171031398594,202608171031398593,106,6816,Clinical Domain Bronze - SaveCheckIn - B12B,br_CheckIn,TASK_COMPLETE,SUCCESS,INFO,479,479,0,,2026-08-17T10:38:10.305Z,2026-08-17T11:03:03.679Z,1493,2026-08-17T11:03:03.679Z,B12B,ColoradoSprings,16b28601-46b7-41d7-bb6b-81142615d65b,
202608171102595585,202608171031398595,202608171031398593,106,6860,Clinical Domain Bronze - SaveCheckIn - BOI,br_CheckIn,TASK_COMPLETE,SUCCESS,INFO,505,505,0,,2026-08-17T10:38:10.305Z,2026-08-17T11:03:03.679Z,1493,2026-08-17T11:03:03.679Z,BOI,Boise,16b28601-46b7-41d7-bb6b-81142615d65b,
202608171102595586,202608171031398596,202608171031398593,106,6909,Clinical Domain Bronze - SaveCheckIn - V10,br_CheckIn,TASK_COMPLETE,SUCCESS,INFO,1111,1111,0,,2026-08-17T10:38:10.305Z,2026-08-17T11:03:03.679Z,1493,2026-08-17T11:03:03.679Z,V10,Boulder,16b28601-46b7-41d7-bb6b-81142615d65b,
202608151352479053,202608151310407804,202608151310407803,106,6816,Clinical Domain Bronze - SaveCheckIn - B12B,br_CheckIn,TASK_COMPLETE,SUCCESS,INFO,505,505,0,,2026-08-15T13:11:43.813Z,2026-08-15T13:52:51.092Z,2468,2026-08-15T13:52:51.092Z,B12B,ColoradoSprings,56214535-005b-4285-976b-e0172bc11b0b,
202608151352479055,202608151310407805,202608151310407803,106,6860,Clinical Domain Bronze - SaveCheckIn - BOI,br_CheckIn,TASK_COMPLETE,SUCCESS,INFO,502,502,0,,2026-08-15T13:11:43.813Z,2026-08-15T13:52:51.092Z,2468,2026-08-15T13:52:51.092Z,BOI,Boise,56214535-005b-4285-976b-e0172bc11b0b,
202608151352479056,202608151310407806,202608151310407803,106,6909,Clinical Domain Bronze - SaveCheckIn - V10,br_CheckIn,TASK_COMPLETE,SUCCESS,INFO,1097,1097,0,,2026-08-15T13:11:43.813Z,2026-08-15T13:52:51.092Z,2468,2026-08-15T13:52:51.092Z,V10,Boulder,56214535-005b-4285-976b-e0172bc11b0b,
202608251542248299,202608251517689133,202608251517689120,47,10232,P1 Finance Client Demo 1 Silver,tbl_ClientDemo1,TASK_COMPLETE,SUCCESS,INFO,301,301,0,,2026-08-25T15:18:05.141Z,2026-08-25T15:42:26.877Z,1461,2026-08-25T15:42:26.877Z,,,04d587cb-fd28-4f28-a572-c158aa92fa98,
202608201604402882,202608201604402882,202608201140451356,84,13676,Gold Salesforce PatientContacts,PatientContacts,TASK_COMPLETE,SUCCESS,INFO,2745,2745,0,,2026-08-20T16:04:45.856Z,2026-08-20T16:05:03.365Z,16,2026-08-20T16:05:03.365Z,,,95538f17-9d82-404e-9e3f-d1777714a921,
202608210222341845,202608210222341844,202608210217292236,84,13676,Gold Salesforce PatientContacts,PatientContacts,TASK_COMPLETE,SUCCESS,INFO,3130,3130,0,,2026-08-21T02:22:38.841Z,2026-08-21T02:22:55.381Z,14,2026-08-21T02:22:55.381Z,,,6e633944-6270-4167-9c27-2b58aaa91b88,
202608180902083784,202608180834532769,202608180834532768,106,6816,Clinical Domain Bronze - SaveCheckIn - B12B,br_CheckIn,TASK_COMPLETE,SUCCESS,INFO,541,541,0,,2026-08-18T08:37:01.117Z,2026-08-18T09:02:12.282Z,1511,2026-08-18T09:02:12.282Z,B12B,ColoradoSprings,08f45940-4fba-4d40-8013-5941939f8b2e,
202608180902083785,202608180834532770,202608180834532768,106,6860,Clinical Domain Bronze - SaveCheckIn - BOI,br_CheckIn,TASK_COMPLETE,SUCCESS,INFO,554,554,0,,2026-08-18T08:37:01.117Z,2026-08-18T09:02:12.282Z,1511,2026-08-18T09:02:12.282Z,BOI,Boise,08f45940-4fba-4d40-8013-5941939f8b2e,
202608180902083786,202608180834532771,202608180834532768,106,6909,Clinical Domain Bronze - SaveCheckIn - V10,br_CheckIn,TASK_COMPLETE,SUCCESS,INFO,1241,1241,0,,2026-08-18T08:37:01.117Z,2026-08-18T09:02:12.282Z,1511,2026-08-18T09:02:12.282Z,V10,Boulder,08f45940-4fba-4d40-8013-5941939f8b2e,
202608171240088275,202608171211598284,202608171211598283,106,6816,Clinical Domain Bronze - SaveCheckIn - B12B,br_CheckIn,TASK_COMPLETE,SUCCESS,INFO,489,489,0,,2026-08-17T12:12:57.246Z,2026-08-17T12:40:14.210Z,1637,2026-08-17T12:40:14.210Z,B12B,ColoradoSprings,71c4b27b-8df0-48dd-a1ee-a6ea3a63b852,
202608171240088277,202608171211598285,202608171211598283,106,6860,Clinical Domain Bronze - SaveCheckIn - BOI,br_CheckIn,TASK_COMPLETE,SUCCESS,INFO,513,513,0,,2026-08-17T12:12:57.246Z,2026-08-17T12:40:14.210Z,1637,2026-08-17T12:40:14.210Z,BOI,Boise,71c4b27b-8df0-48dd-a1ee-a6ea3a63b852,
202608171240088278,202608171211598286,202608171211598283,106,6909,Clinical Domain Bronze - SaveCheckIn - V10,br_CheckIn,TASK_COMPLETE,SUCCESS,INFO,1124,1124,0,,2026-08-17T12:12:57.246Z,2026-08-17T12:40:14.210Z,1637,2026-08-17T12:40:14.210Z,V10,Boulder,71c4b27b-8df0-48dd-a1ee-a6ea3a63b852,
202608261728404537,202608261657311002,202608261657310989,47,10232,P1 Finance Client Demo 1 Silver,tbl_ClientDemo1,TASK_COMPLETE,SUCCESS,INFO,301,301,0,,2026-08-26T16:57:24.758Z,2026-08-26T17:29:17.775Z,1913,2026-08-26T17:29:17.775Z,,,7a1b4484-4dc4-4e48-b51b-e78359ce9673,
202608211054006027,202608211054006027,202608211048467468,84,13676,Gold Salesforce PatientContacts,PatientContacts,TASK_COMPLETE,SUCCESS,INFO,2443,2443,0,,2026-08-21T10:54:05.060Z,2026-08-21T10:54:24.478Z,17,2026-08-21T10:54:24.478Z,,,45603680-296f-4487-82f1-f8045d5f38e1,
202608151132574361,202608151055424859,202608151055424858,106,6816,Clinical Domain Bronze - SaveCheckIn - B12B,br_CheckIn,TASK_COMPLETE,SUCCESS,INFO,505,505,0,,2026-08-15T10:59:41.813Z,2026-08-15T11:42:22.397Z,2561,2026-08-15T11:42:22.397Z,B12B,ColoradoSprings,09bdfa13-0c4c-4ca3-9dd3-abd349cbbab4,
202608151132574362,202608151055424860,202608151055424858,106,6860,Clinical Domain Bronze - SaveCheckIn - BOI,br_CheckIn,TASK_COMPLETE,SUCCESS,INFO,502,502,0,,2026-08-15T10:59:41.813Z,2026-08-15T11:42:22.397Z,2561,2026-08-15T11:42:22.397Z,BOI,Boise,09bdfa13-0c4c-4ca3-9dd3-abd349cbbab4,
202608151132574363,202608151055424861,202608151055424858,106,6909,Clinical Domain Bronze - SaveCheckIn - V10,br_CheckIn,TASK_COMPLETE,SUCCESS,INFO,1097,1097,0,,2026-08-15T10:59:41.813Z,2026-08-15T11:42:22.397Z,2561,2026-08-15T11:42:22.397Z,V10,Boulder,09bdfa13-0c4c-4ca3-9dd3-abd349cbbab4,
202608170831333967,202608170805268048,202608170805268041,98,6561,P1 Forms Take Home Agreement And Diversion Control Silver,tbl_TakeHomeAgreementandDiversionControl,TASK_COMPLETE,SUCCESS,INFO,304,304,0,,2026-08-17T08:05:23.166Z,2026-08-17T08:31:39.578Z,1576,2026-08-17T08:31:39.578Z,,,760fb7f7-522d-45ef-ae35-70bd18d17fef,
202608261728404535,202608261657311000,202608261657310989,47,9996,P1 Finance Payer Client Silver,tbl_PayerClient,TASK_COMPLETE,SUCCESS,INFO,194,194,0,,2026-08-26T16:57:24.758Z,2026-08-26T17:29:17.775Z,1913,2026-08-26T17:29:17.775Z,,,7a1b4484-4dc4-4e48-b51b-e78359ce9673,
202608181238297178,202608181207708126,202608181207708120,123,12717,Assessments Bronze - SavePACounselorReview - B24,br_PACounselorReview,TASK_COMPLETE,SUCCESS,INFO,445,445,0,,2026-08-18T12:09:06.544Z,2026-08-18T12:38:32.842Z,1766,2026-08-18T12:38:32.842Z,B24,Paintsville,6a9f8fe6-e2a7-49ab-8570-443c59873958,
202608141514042246,202608141439260331,202608141439260325,123,12717,Assessments Bronze - SavePACounselorReview - B24,br_PACounselorReview,TASK_COMPLETE,SUCCESS,INFO,445,445,0,,2026-08-14T14:40:07.233Z,2026-08-14T15:14:33.646Z,2066,2026-08-14T15:14:33.646Z,B24,Paintsville,58f20748-15b7-4a11-966c-9510b56c5310,
202608201749496051,202608201749496051,202608201748445561,83,209,Silver Salesforce Record Types,sl_sf_recordtype,TASK_COMPLETE,SUCCESS,INFO,21,21,0,,2026-08-20T17:49:53.529Z,2026-08-20T17:50:16.721Z,21,2026-08-20T17:50:16.721Z,,,635224f3-f193-4ab0-a06c-8d0fbf5d6c6d,
202608201649094987,202608201649094986,202608201648145195,83,209,Silver Salesforce Record Types,sl_sf_recordtype,TASK_COMPLETE,SUCCESS,INFO,21,21,0,,2026-08-20T16:49:13.026Z,2026-08-20T16:49:33.923Z,19,2026-08-20T16:49:33.923Z,,,4ed56315-bafe-4059-9903-76e756bd89c4,
202608201554424924,202608201554424923,202608201553439487,83,209,Silver Salesforce Record Types,sl_sf_recordtype,TASK_COMPLETE,SUCCESS,INFO,21,21,0,,2026-08-20T15:54:47.561Z,2026-08-20T15:55:07.606Z,18,2026-08-20T15:55:07.606Z,,,95538f17-9d82-404e-9e3f-d1777714a921,
202608210211093878,202608210211093877,202608210210099193,83,209,Silver Salesforce Record Types,sl_sf_recordtype,TASK_COMPLETE,SUCCESS,INFO,21,21,0,,2026-08-21T02:11:12.774Z,2026-08-21T02:11:31.924Z,17,2026-08-21T02:11:31.924Z,,,6e633944-6270-4167-9c27-2b58aaa91b88,
202608130414588483,202608130315300016,202608130315300005,107,8565,Clinical Domain Silver - SaveVACA,slv_vacomprehensiveassessment,TASK_COMPLETE,SUCCESS,INFO,20,20,0,,2026-08-13T03:16:19.557Z,2026-08-13T04:15:00.802Z,3521,2026-08-13T04:15:00.802Z,Global,SAMMSGLOBAL,11ed6329-841a-4e7a-bfb1-61191c79c28e,
202608141514042259,202608141439260342,202608141439260325,123,13176,Assessments Bronze - SavePADimension4 - B12B,br_PADimension4,TASK_COMPLETE,SUCCESS,INFO,0,0,0,,2026-08-14T14:40:07.233Z,2026-08-14T15:14:33.646Z,2066,2026-08-14T15:14:33.646Z,B12B,ColoradoSprings,58f20748-15b7-4a11-966c-9510b56c5310,
202608141514042260,202608141439260343,202608141439260325,123,13177,Assessments Bronze - SavePADimension4 - B24,br_PADimension4,TASK_COMPLETE,SUCCESS,INFO,0,0,0,,2026-08-14T14:40:07.233Z,2026-08-14T15:14:33.646Z,2066,2026-08-14T15:14:33.646Z,B24,Paintsville,58f20748-15b7-4a11-966c-9510b56c5310,
202608120919417452,202608120822552539,202608120822552528,107,8565,Clinical Domain Silver - SaveVACA,slv_vacomprehensiveassessment,TASK_COMPLETE,SUCCESS,INFO,20,20,0,,2026-08-12T08:25:12.254Z,2026-08-12T09:19:44.466Z,3272,2026-08-12T09:19:44.466Z,Global,SAMMSGLOBAL,577435af-c452-4617-9a3c-7d2b03361707,
202608121052561388,202608121009460904,202608121009460893,107,8565,Clinical Domain Silver - SaveVACA,slv_vacomprehensiveassessment,TASK_COMPLETE,SUCCESS,INFO,20,20,0,,2026-08-12T10:11:56.792Z,2026-08-12T10:53:15.475Z,2479,2026-08-12T10:53:15.475Z,Global,SAMMSGLOBAL,1325a4eb-aa02-4bc9-9fae-d06e40a0cece,
202608211042148023,202608211042148023,202608211041144699,83,209,Silver Salesforce Record Types,sl_sf_recordtype,TASK_COMPLETE,SUCCESS,INFO,21,21,0,,2026-08-21T10:42:18.838Z,2026-08-21T10:42:37.196Z,17,2026-08-21T10:42:37.196Z,,,45603680-296f-4487-82f1-f8045d5f38e1,
202608250407196706,202608250343560391,202608250343560390,120,12572,Gold P1/P2 Assessments,NewAdmissionAssessment,TASK_COMPLETE,SUCCESS,INFO,1321,1313,0,,2026-08-25T03:43:39.643Z,2026-08-25T04:07:44.586Z,1445,2026-08-25T04:07:44.586Z,,,8c969a39-95ec-4087-9ad3-4a9580887e34,
202608120351571427,202608120259357380,202608120259357369,107,8565,Clinical Domain Silver - SaveVACA,slv_vacomprehensiveassessment,TASK_COMPLETE,SUCCESS,INFO,20,20,0,,2026-08-12T03:00:44.797Z,2026-08-12T03:52:01.885Z,3077,2026-08-12T03:52:01.885Z,Global,SAMMSGLOBAL,72952692-3a45-4fdd-be32-4592206c2867,
202608261159226445,202608261159226445,20260826115914,79,226,Absolute Bronze Inventory,br_absolute_inventory,TASK_COMPLETE,SUCCESS,INFO,1866,1866,0,,2026-08-26T11:59:29.023Z,2026-08-26T12:00:02.654Z,30,2026-08-26T12:00:02.654Z,,,1b1a6fda-3898-4977-8293-4f6270f8ba38,
202608180908433815,202608180834632777,202608180834632768,107,8563,Clinical Domain Silver - SaveMNCA,sl_mncomprehensiveassessment,TASK_COMPLETE,SUCCESS,INFO,1133,1133,0,,2026-08-18T08:37:01.117Z,2026-08-18T09:08:45.854Z,1904,2026-08-18T09:08:45.854Z,Global,SAMMSGLOBAL,08f45940-4fba-4d40-8013-5941939f8b2e,
202608100952316102,202608100934367075,202608100934367074,85,2070,Bronze INV,br_InvType,TASK_COMPLETE,SUCCESS,INFO,7,7,0,,2026-08-10T09:34:42.906Z,2026-08-10T09:52:34.664Z,1072,2026-08-10T09:52:34.664Z,AHK,Ahoskie,6ef3fd30-03b0-4dcd-9022-3df447f4d036,
202608100952316103,202608100934367076,202608100934367074,85,2071,Bronze INV,br_InvType,TASK_COMPLETE,SUCCESS,INFO,7,7,0,,2026-08-10T09:34:42.906Z,2026-08-10T09:52:34.664Z,1072,2026-08-10T09:52:34.664Z,B12B,Colorado Springs,6ef3fd30-03b0-4dcd-9022-3df447f4d036,
202608100952316104,202608100934367077,202608100934367074,85,1886,Bronze INV,br_Bottle,TASK_COMPLETE,SUCCESS,INFO,1857,1857,0,,2026-08-10T09:34:42.906Z,2026-08-10T09:52:34.664Z,1072,2026-08-10T09:52:34.664Z,AHK,Ahoskie,6ef3fd30-03b0-4dcd-9022-3df447f4d036,
202608100952316105,202608100934367078,202608100934367074,85,1887,Bronze INV,br_Bottle,TASK_COMPLETE,SUCCESS,INFO,2752,2752,0,,2026-08-10T09:34:42.906Z,2026-08-10T09:52:34.664Z,1072,2026-08-10T09:52:34.664Z,B12B,Colorado Springs,6ef3fd30-03b0-4dcd-9022-3df447f4d036,
202608100952316107,202608100934367079,202608100934367074,85,2622,Bronze INV,br_LiquidLog,TASK_COMPLETE,SUCCESS,INFO,1495,1495,0,,2026-08-10T09:34:42.906Z,2026-08-10T09:52:34.664Z,1072,2026-08-10T09:52:34.664Z,AHK,Ahoskie,6ef3fd30-03b0-4dcd-9022-3df447f4d036,
202608100952316108,202608100934367080,202608100934367074,85,2623,Bronze INV,br_LiquidLog,TASK_COMPLETE,SUCCESS,INFO,3379,3379,0,,2026-08-10T09:34:42.906Z,2026-08-10T09:52:34.664Z,1072,2026-08-10T09:52:34.664Z,B12B,Colorado Springs,6ef3fd30-03b0-4dcd-9022-3df447f4d036,
202608130414588474,202608130315300008,202608130315300005,107,8557,Clinical Domain Silver - SaveBamScore,slv_bamscore,TASK_COMPLETE,SUCCESS,INFO,19965,19965,0,,2026-08-13T03:16:19.557Z,2026-08-13T04:15:00.802Z,3521,2026-08-13T04:15:00.802Z,Global,SAMMSGLOBAL,11ed6329-841a-4e7a-bfb1-61191c79c28e,
202608280649179280,202608280649179280,20260828064831,6,35,Gold 8x8 CallVolume,8x8_CallVolume,TASK_COMPLETE,SUCCESS,INFO,110942,110942,0,,2026-08-28T06:49:17.928Z,2026-08-28T06:49:38.761Z,19,2026-08-28T06:49:38.761Z,,,6f91deae-0832-4a56-ab71-80188798e1a1,
202608120919417443,202608120822552531,202608120822552528,107,8557,Clinical Domain Silver - SaveBamScore,slv_bamscore,TASK_COMPLETE,SUCCESS,INFO,19950,19950,0,,2026-08-12T08:25:12.254Z,2026-08-12T09:19:44.466Z,3272,2026-08-12T09:19:44.466Z,Global,SAMMSGLOBAL,577435af-c452-4617-9a3c-7d2b03361707,
202608120351571419,202608120259357372,202608120259357369,107,8557,Clinical Domain Silver - SaveBamScore,slv_bamscore,TASK_COMPLETE,SUCCESS,INFO,19950,19950,0,,2026-08-12T03:00:44.797Z,2026-08-12T03:52:01.885Z,3077,2026-08-12T03:52:01.885Z,Global,SAMMSGLOBAL,72952692-3a45-4fdd-be32-4592206c2867,
202608201756330754,202608201756330754,202608201756217905,84,216,Gold Salesforce Accounts,Accounts,TASK_COMPLETE,SUCCESS,INFO,13543,13303,0,,2026-08-20T17:56:36.798Z,2026-08-20T17:57:00.063Z,21,2026-08-20T17:57:00.063Z,,,635224f3-f193-4ab0-a06c-8d0fbf5d6c6d,
202608210217377837,202608210217377837,202608210217292236,84,216,Gold Salesforce Accounts,Accounts,TASK_COMPLETE,SUCCESS,INFO,13543,13303,0,,2026-08-21T02:17:41.489Z,2026-08-21T02:18:12.801Z,29,2026-08-21T02:18:12.801Z,,,6e633944-6270-4167-9c27-2b58aaa91b88,
202608211048555720,202608211048555720,202608211048467468,84,216,Gold Salesforce Accounts,Accounts,TASK_COMPLETE,SUCCESS,INFO,13543,13303,0,,2026-08-21T10:48:59.459Z,2026-08-21T10:49:22.898Z,22,2026-08-21T10:49:22.898Z,,,45603680-296f-4487-82f1-f8045d5f38e1,
202608200307397649,202608200240773825,202608200240773824,47,8816,P1 Finance Bills Silver,tbl_Bills,TASK_COMPLETE,SUCCESS,INFO,22221,25,0,,2026-08-20T02:41:23.064Z,2026-08-20T03:07:41.295Z,1578,2026-08-20T03:07:41.295Z,,,05c5c70e-2926-4311-8f49-65b9279948a3,
202608180908433811,202608180834632773,202608180834632768,107,8559,Clinical Domain Silver - SaveUAResults,sl_uaresults,TASK_COMPLETE,SUCCESS,INFO,813,813,0,,2026-08-18T08:37:01.117Z,2026-08-18T09:08:45.854Z,1904,2026-08-18T09:08:45.854Z,Global,SAMMSGLOBAL,08f45940-4fba-4d40-8013-5941939f8b2e,
202608141506426666,202608141444143632,202608141444143611,46,9881,P1 Finance Payer Client Bronze - AHK,br_samms_payer_client,TASK_COMPLETE,SUCCESS,INFO,179,179,0,,2026-08-14T14:44:17.762Z,2026-08-14T15:09:27.882Z,1510,2026-08-14T15:09:27.882Z,AHK,Ahoskie,1c123384-c339-4954-be1f-3a8d150ebb14,
202608171245095662,202608171211698288,202608171211698283,107,8559,Clinical Domain Silver - SaveUAResults,sl_uaresults,TASK_COMPLETE,SUCCESS,INFO,759,759,0,,2026-08-17T12:12:57.246Z,2026-08-17T12:45:12.159Z,1935,2026-08-17T12:45:12.159Z,Global,SAMMSGLOBAL,71c4b27b-8df0-48dd-a1ee-a6ea3a63b852,
202608171108071330,202608171031498598,202608171031498593,107,8559,Clinical Domain Silver - SaveUAResults,sl_uaresults,TASK_COMPLETE,SUCCESS,INFO,759,759,0,,2026-08-17T10:38:10.305Z,2026-08-17T11:08:10.976Z,1800,2026-08-17T11:08:10.976Z,Global,SAMMSGLOBAL,16b28601-46b7-41d7-bb6b-81142615d65b,
202608170828545811,202608170805168045,202608170805168041,97,5871,P1 Forms E&M Form Pregnancy Bronze - B33,br_samms_eandm_form_pregnancy,TASK_COMPLETE,SUCCESS,INFO,451,451,0,,2026-08-17T08:05:23.166Z,2026-08-17T08:28:58.238Z,1415,2026-08-17T08:28:58.238Z,B33,Paducah,760fb7f7-522d-45ef-ae35-70bd18d17fef,
202608140744357399,202608140725214699,202608140725214656,118,11457,Bronze P1/P2 Assessments,br_newperiodicreassessmentd4,TASK_COMPLETE,SUCCESS,INFO,0,0,0,,2026-08-14T07:25:23.942Z,2026-08-14T07:44:38.851Z,1155,2026-08-14T07:44:38.851Z,AHK,Ahoskie,9e759780-91b7-4e4a-882b-cd4350ec70b7,
202608140744357400,202608140725214700,202608140725214656,118,11458,Bronze P1/P2 Assessments,br_newperiodicreassessmentd4,TASK_COMPLETE,SUCCESS,INFO,0,0,0,,2026-08-14T07:25:23.942Z,2026-08-14T07:44:38.851Z,1155,2026-08-14T07:44:38.851Z,B12B,Colorado Springs,9e759780-91b7-4e4a-882b-cd4350ec70b7,
202608140744357401,202608140725214701,202608140725214656,118,11459,Bronze P1/P2 Assessments,br_newperiodicreassessmentd4,TASK_COMPLETE,SUCCESS,INFO,321,321,0,,2026-08-14T07:25:23.942Z,2026-08-14T07:44:38.851Z,1155,2026-08-14T07:44:38.851Z,B24,Paintsville,9e759780-91b7-4e4a-882b-cd4350ec70b7,
202608120351571423,202608120259357376,202608120259357369,107,8561,Clinical Domain Silver - BulkDartsSrvLoader,slv_uaresultdetail,TASK_COMPLETE,SUCCESS,INFO,24388,24388,0,,2026-08-12T03:00:44.797Z,2026-08-12T03:52:01.885Z,3077,2026-08-12T03:52:01.885Z,Global,SAMMSGLOBAL,72952692-3a45-4fdd-be32-4592206c2867,
202608120919417447,202608120822552535,202608120822552528,107,8561,Clinical Domain Silver - BulkDartsSrvLoader,slv_uaresultdetail,TASK_COMPLETE,SUCCESS,INFO,24402,24402,0,,2026-08-12T08:25:12.254Z,2026-08-12T09:19:44.466Z,3272,2026-08-12T09:19:44.466Z,Global,SAMMSGLOBAL,577435af-c452-4617-9a3c-7d2b03361707,
202608141506426670,202608141444143620,202608141444143611,46,9173,P1 Finance Payer Client History Bronze - AHK,br_samms_payer_clt_history,TASK_COMPLETE,SUCCESS,INFO,25,25,0,,2026-08-14T14:44:17.762Z,2026-08-14T15:09:27.882Z,1510,2026-08-14T15:09:27.882Z,AHK,Ahoskie,1c123384-c339-4954-be1f-3a8d150ebb14,
202608170749224515,202608170720364625,202608170720364599,118,10911,Bronze P1/P2 Assessments,br_NewPeriodicReassessmentCounselorReview,TASK_COMPLETE,SUCCESS,INFO,0,0,0,,2026-08-17T07:20:41.512Z,2026-08-17T07:49:26.331Z,1725,2026-08-17T07:49:26.331Z,B28,West Plains,422b71cc-fe6c-4f30-846d-92fb5587d0e9,
202608110046165780,202608110031651338,202608110031651337,31,94001,FormAnswerSignatures Bronze - AHK,br_tblFormAnswerSig,TASK_COMPLETE,SUCCESS,INFO,5126,5126,0,,2026-08-11T00:32:29.354Z,2026-08-11T00:46:23.524Z,834,2026-08-11T00:46:23.524Z,AHK,Ahoskie,03b87ee5-1e5e-4b32-ba16-03ddc89bc75a,
202608201126066669,202608201126066669,202608201125599805,82,200,Salesforce Accounts,br_sf_accounts,TASK_FAILED,FAILED,ERROR,0,0,0,name col is not defined,2026-08-20T11:26:12.019Z,2026-08-20T11:26:54.379Z,41,2026-08-20T11:26:54.379Z,,,79156e84-8509-4e63-a064-b4b0873a2a40,
202608150749229548,202608150749229548,202608141121345444,84,6810,Gold Salesforce StgOutboundSMS,stgOutboundSMS,TASK_ALREADY_COMPLETED,ALREADY_COMPLETED,INFO,0,0,0,Already succeeded in previous attempt,2026-08-15T07:49:29.160Z,2026-08-15T07:49:29.160Z,0,2026-08-15T07:49:29.160Z,,,7aeef17f-6a83-4892-911d-f2c8473c9ddd,
202608191605095688,202608191519695715,202608191519695710,98,6327,P1 Forms SMS Text Consent Form Silver,tbl_SMSTextConsentForm,TASK_COMPLETE,SUCCESS,INFO,14480,14480,0,,2026-08-19T15:20:02.186Z,2026-08-19T16:05:12.022Z,2710,2026-08-19T16:05:12.022Z,,,0e774440-67e4-4817-8f97-24afdbb9d82f,
202608150832067959,202608150832067958,202608141121345444,84,6810,Gold Salesforce StgOutboundSMS,stgOutboundSMS,TASK_ALREADY_COMPLETED,ALREADY_COMPLETED,INFO,0,0,0,Already succeeded in previous attempt,2026-08-15T08:32:11.689Z,2026-08-15T08:32:11.689Z,0,2026-08-15T08:32:11.689Z,,,749d5262-86ff-40e0-8a86-2235f2d6051c,
202608171326573713,202608171326573713,202608171005421194,82,6806,Salesforce Outbound Texts,br_sf_outboundtexts,TASK_ALREADY_COMPLETED,ALREADY_COMPLETED,INFO,0,0,0,Already succeeded in previous attempt,2026-08-17T13:27:03.663Z,2026-08-17T13:27:03.663Z,0,2026-08-17T13:27:03.663Z,,,1cdba2b7-2cc0-4832-97e7-304e1a700c17,
202608170749224487,202608170720364600,202608170720364599,118,10353,Bronze P1/P2 Assessments,br_NewAdmissionAssessment,TASK_COMPLETE,SUCCESS,INFO,0,0,0,,2026-08-17T07:20:41.512Z,2026-08-17T07:49:26.331Z,1725,2026-08-17T07:49:26.331Z,AHK,Ahoskie,422b71cc-fe6c-4f30-846d-92fb5587d0e9,
202608170650554181,202608170608269032,202608170608269015,106,7435,Clinical Domain Bronze - SaveUASched - BOI,br_UASched,TASK_COMPLETE,SUCCESS,INFO,1462,1462,0,,2026-08-17T06:09:37.896Z,2026-08-17T06:50:58.970Z,2481,2026-08-17T06:50:58.970Z,BOI,Boise,83c0f655-df7d-4ce0-a8e7-3e8120951bbc,
202608170650554174,202608170608269026,202608170608269015,106,7205,Clinical Domain Bronze - SaveCows_v6 - BOI,br_Cows_v6,TASK_COMPLETE,SUCCESS,INFO,3647,3647,0,,2026-08-17T06:09:37.896Z,2026-08-17T06:50:58.970Z,2481,2026-08-17T06:50:58.970Z,BOI,Boise,83c0f655-df7d-4ce0-a8e7-3e8120951bbc,
202608170749224490,202608170720364603,202608170720364599,118,10357,Bronze P1/P2 Assessments,br_NewAdmissionAssessment,TASK_COMPLETE,SUCCESS,INFO,402,402,0,,2026-08-17T07:20:41.512Z,2026-08-17T07:49:26.331Z,1725,2026-08-17T07:49:26.331Z,B26,Hazard,422b71cc-fe6c-4f30-846d-92fb5587d0e9,
202608201606109055,202608201606109055,202608201140451356,84,13674,Gold Salesforce Leads,Leads,TASK_ALREADY_COMPLETED,ALREADY_COMPLETED,INFO,0,0,0,Already succeeded in previous attempt,2026-08-20T16:06:16.299Z,2026-08-20T16:06:16.299Z,0,2026-08-20T16:06:16.299Z,,,95538f17-9d82-404e-9e3f-d1777714a921,
202608251649114414,202608251629636809,202608251629636804,88,4889,P1 Reference Codes Bronze - AHK,br_samms_codes,TASK_COMPLETE,SUCCESS,INFO,1087,1087,0,,2026-08-25T16:30:10.484Z,2026-08-25T16:49:14.632Z,1144,2026-08-25T16:49:14.632Z,AHK,Ahoskie,6d78ce37-8c21-4519-a454-1e5ee4a84a47,SAMMS-Ahoskie
202608251731205964,202608251712611183,202608251712611180,88,4889,P1 Reference Codes Bronze - AHK,br_samms_codes,TASK_COMPLETE,SUCCESS,INFO,1087,1087,0,,2026-08-25T17:13:33.765Z,2026-08-25T17:31:23.946Z,1070,2026-08-25T17:31:23.946Z,AHK,Ahoskie,72553dbc-d702-4eda-a5d0-9ceb643e22ea,SAMMS-Ahoskie
202608201034573132,202608201013530463,202608201013530447,46,9058,P1 Finance FMP Bronze - B25,br_samms_fmp,TASK_COMPLETE,SUCCESS,INFO,7714,7714,0,,2026-08-20T10:13:57.622Z,2026-08-20T10:39:20.764Z,1523,2026-08-20T10:39:20.764Z,B25,Pikeville,069e8d01-766c-4679-b3df-c21f4d7bc3d1,SAMMS-PikevilleV5
202608191705197734,202608191654270035,202608191654269970,76,144452,PPA Bronze,br_SF_PatientPreAdmission,TASK_COMPLETE,SUCCESS,INFO,9140,9140,0,,2026-08-19T16:54:47.315Z,2026-08-19T17:10:18.523Z,931,2026-08-19T17:10:18.523Z,FW,FortWayne,4736cb14-987d-4509-b3d7-654790c2de16,SAMMS-FortWayne
202608191705197735,202608191654270036,202608191654269970,76,144453,PPA Bronze,br_SF_PatientPreAdmission,TASK_COMPLETE,SUCCESS,INFO,3691,3691,0,,2026-08-19T16:54:47.315Z,2026-08-19T17:10:18.523Z,931,2026-08-19T17:10:18.523Z,GAL,Gaylord,4736cb14-987d-4509-b3d7-654790c2de16,SAMMS-Gaylord
202608201800429015,202608201800429015,202608201756217905,84,224,Gold Salesforce Tasks,Tasks,TASK_COMPLETE,SUCCESS,INFO,1619,1619,0,,2026-08-20T18:00:46.692Z,2026-08-20T18:01:00.682Z,12,2026-08-20T18:01:00.682Z,,,635224f3-f193-4ab0-a06c-8d0fbf5d6c6d,
202608210221304611,202608210221304611,202608210217292236,84,224,Gold Salesforce Tasks,Tasks,TASK_COMPLETE,SUCCESS,INFO,1941,1941,0,,2026-08-21T02:21:34.121Z,2026-08-21T02:21:50.466Z,15,2026-08-21T02:21:50.466Z,,,6e633944-6270-4167-9c27-2b58aaa91b88,
202608211053016264,202608211053016264,202608211048467468,84,224,Gold Salesforce Tasks,Tasks,TASK_COMPLETE,SUCCESS,INFO,1061,1061,0,,2026-08-21T10:53:05.205Z,2026-08-21T10:53:17.230Z,10,2026-08-21T10:53:17.230Z,,,45603680-296f-4487-82f1-f8045d5f38e1,
202608210224012501,202608210224012501,202608210217292236,84,13674,Gold Salesforce Leads,Leads,TASK_COMPLETE,SUCCESS,INFO,101,101,0,,2026-08-21T02:24:05.785Z,2026-08-21T02:24:19.328Z,12,2026-08-21T02:24:19.328Z,,,6e633944-6270-4167-9c27-2b58aaa91b88,
202608250259351367,202608250259351367,20260825025926,2,5,Silver UKG Job Codes,JobCodes,TASK_COMPLETE,SUCCESS,INFO,298,298,0,,2026-08-25T02:59:39.432Z,2026-08-25T03:00:00.223Z,19,2026-08-25T03:00:00.223Z,,,6ee9c1fc-1bc7-4a37-a063-1dfebdad8409,
202608170008440975,202608162346418917,202608162346418898,85,782,Bronze INV,br_AdmissionAssessmentDimensionOneDisorder,TASK_COMPLETE,SUCCESS,INFO,115,115,0,,2026-08-16T23:46:55.971Z,2026-08-17T00:08:47.406Z,1312,2026-08-17T00:08:47.406Z,AHK,Ahoskie,77f58b99-e250-4627-9f17-559331ecd0ef,
202608170618079108,202608170551356429,202608170551356420,47,9760,P1 Finance Claim Line Item Activity Silver,tbl_ClaimLineItemActivity,TASK_COMPLETE,SUCCESS,INFO,645731,645731,0,,2026-08-17T05:51:47.044Z,2026-08-17T06:18:10.296Z,1583,2026-08-17T06:18:10.296Z,,,09d84bc7-e629-48a4-a32a-826b207e96d1,
202608150554175967,202608150537402693,202608150537402637,118,11707,Bronze P1/P2 Assessments,br_newperiodicreassessmentd5,TASK_COMPLETE,SUCCESS,INFO,0,0,0,,2026-08-15T05:38:25.156Z,2026-08-15T05:54:20.465Z,955,2026-08-15T05:54:20.465Z,CBCO,Coeur dAlene,92fdec37-a7f1-4589-8ea2-af8b074ddb31,
202608150554175968,202608150537402694,202608150537402637,118,11825,Bronze P1/P2 Assessments,br_newperiodicreassessmentd6,TASK_COMPLETE,SUCCESS,INFO,0,0,0,,2026-08-15T05:38:25.156Z,2026-08-15T05:54:20.465Z,955,2026-08-15T05:54:20.465Z,AHK,Ahoskie,92fdec37-a7f1-4589-8ea2-af8b074ddb31,
202608150554175969,202608150537402695,202608150537402637,118,11826,Bronze P1/P2 Assessments,br_newperiodicreassessmentd6,TASK_COMPLETE,SUCCESS,INFO,0,0,0,,2026-08-15T05:38:25.156Z,2026-08-15T05:54:20.465Z,955,2026-08-15T05:54:20.465Z,B12B,Colorado Springs,92fdec37-a7f1-4589-8ea2-af8b074ddb31,
202608150554175971,202608150537402696,202608150537402637,118,11827,Bronze P1/P2 Assessments,br_newperiodicreassessmentd6,TASK_COMPLETE,SUCCESS,INFO,320,320,0,,2026-08-15T05:38:25.156Z,2026-08-15T05:54:20.465Z,955,2026-08-15T05:54:20.465Z,B24,Paintsville,92fdec37-a7f1-4589-8ea2-af8b074ddb31,
202608150554175972,202608150537402697,202608150537402637,118,11829,Bronze P1/P2 Assessments,br_newperiodicreassessmentd6,TASK_COMPLETE,SUCCESS,INFO,1192,1192,0,,2026-08-15T05:38:25.156Z,2026-08-15T05:54:20.465Z,955,2026-08-15T05:54:20.465Z,B26,Hazard,92fdec37-a7f1-4589-8ea2-af8b074ddb31,
202608201128326959,202608201128326959,202608201125599805,82,204,Salesforce Leads,br_sf_leads,TASK_FAILED,FAILED,ERROR,0,0,0,name col is not defined,2026-08-20T11:28:37.255Z,2026-08-20T11:29:04.164Z,25,2026-08-20T11:29:04.164Z,,,79156e84-8509-4e63-a064-b4b0873a2a40,
202608201129417754,202608201129417754,202608201125599805,82,206,Salesforce Cases,br_sf_cases,TASK_FAILED,FAILED,ERROR,0,0,0,name col is not defined,2026-08-20T11:29:47.081Z,2026-08-20T11:30:12.091Z,23,2026-08-20T11:30:12.091Z,,,79156e84-8509-4e63-a064-b4b0873a2a40,
202608201127313715,202608201127313714,202608201125599805,82,202,Salesforce Tasks,br_sf_tasks,TASK_FAILED,FAILED,ERROR,0,0,0,name col is not defined,2026-08-20T11:27:36.187Z,2026-08-20T11:28:00.244Z,22,2026-08-20T11:28:00.244Z,,,79156e84-8509-4e63-a064-b4b0873a2a40,
202608201128016051,202608201128016051,202608201125599805,82,203,Salesforce Users,br_sf_users,TASK_FAILED,FAILED,ERROR,0,0,0,name col is not defined,2026-08-20T11:28:06.075Z,2026-08-20T11:28:31.468Z,24,2026-08-20T11:28:31.468Z,,,79156e84-8509-4e63-a064-b4b0873a2a40,
202608251733582711,202608251712711188,202608251712711180,89,5594,P1 Reference PreAdmission V6 Silver,tbl_PreAdmission_V6,TASK_COMPLETE,SUCCESS,INFO,43,43,0,,2026-08-25T17:13:33.765Z,2026-08-25T17:34:00.541Z,1227,2026-08-25T17:34:00.541Z,,,72553dbc-d702-4eda-a5d0-9ceb643e22ea,
202608170650554187,202608170608269037,202608170608269015,106,7621,Clinical Domain Bronze - SaveAppointmentAttend - B12B,br_AppointmentAttend,TASK_COMPLETE,SUCCESS,INFO,1,1,0,,2026-08-17T06:09:37.896Z,2026-08-17T06:50:58.970Z,2481,2026-08-17T06:50:58.970Z,B12B,ColoradoSprings,83c0f655-df7d-4ce0-a8e7-3e8120951bbc,
202608150832188162,202608150832188162,202608141121345444,84,6811,Gold Salesforce OutboundSMS,OutboundSMS,TASK_ALREADY_COMPLETED,ALREADY_COMPLETED,INFO,0,0,0,Already succeeded in previous attempt,2026-08-15T08:32:23.995Z,2026-08-15T08:32:23.995Z,0,2026-08-15T08:32:23.995Z,,,749d5262-86ff-40e0-8a86-2235f2d6051c,
202608140744357362,202608140725214666,202608140725214656,118,10539,Bronze P1/P2 Assessments,br_NewAdmissionAssessmentASAMDimension6,TASK_COMPLETE,SUCCESS,INFO,275,275,0,,2026-08-14T07:25:23.942Z,2026-08-14T07:44:38.851Z,1155,2026-08-14T07:44:38.851Z,B24,Paintsville,9e759780-91b7-4e4a-882b-cd4350ec70b7,
202608140744357363,202608140725214667,202608140725214656,118,10541,Bronze P1/P2 Assessments,br_NewAdmissionAssessmentASAMDimension6,TASK_COMPLETE,SUCCESS,INFO,401,401,0,,2026-08-14T07:25:23.942Z,2026-08-14T07:44:38.851Z,1155,2026-08-14T07:44:38.851Z,B26,Hazard,9e759780-91b7-4e4a-882b-cd4350ec70b7,
202608140744357364,202608140725214668,202608140725214656,118,10543,Bronze P1/P2 Assessments,br_NewAdmissionAssessmentASAMDimension6,TASK_COMPLETE,SUCCESS,INFO,0,0,0,,2026-08-14T07:25:23.942Z,2026-08-14T07:44:38.851Z,1155,2026-08-14T07:44:38.851Z,B28,West Plains,9e759780-91b7-4e4a-882b-cd4350ec70b7,
202608140744357433,202608140725214729,202608140725214656,118,12195,Bronze P1/P2 Assessments,br_NewAdmissionAssessmentASAMDimension4,TASK_COMPLETE,SUCCESS,INFO,270,270,0,,2026-08-14T07:25:23.942Z,2026-08-14T07:44:38.851Z,1155,2026-08-14T07:44:38.851Z,B24,Paintsville,9e759780-91b7-4e4a-882b-cd4350ec70b7,
202608140744357434,202608140725214730,202608140725214656,118,12197,Bronze P1/P2 Assessments,br_NewAdmissionAssessmentASAMDimension4,TASK_COMPLETE,SUCCESS,INFO,398,398,0,,2026-08-14T07:25:23.942Z,2026-08-14T07:44:38.851Z,1155,2026-08-14T07:44:38.851Z,B26,Hazard,9e759780-91b7-4e4a-882b-cd4350ec70b7,
202608140744357435,202608140725214731,202608140725214656,118,12199,Bronze P1/P2 Assessments,br_NewAdmissionAssessmentASAMDimension4,TASK_COMPLETE,SUCCESS,INFO,0,0,0,,2026-08-14T07:25:23.942Z,2026-08-14T07:44:38.851Z,1155,2026-08-14T07:44:38.851Z,B28,West Plains,9e759780-91b7-4e4a-882b-cd4350ec70b7,
202608180522432387,202608180522432386,20260818052236,6,34,Gold 8x8 CallInteractions,8x8_CallInteractions,TASK_SKIPPED,SKIPPED,WARN,0,0,0,Dependency Failed,2026-08-18T05:22:51.163Z,2026-08-18T05:22:51.163Z,0,2026-08-18T05:22:51.163Z,,,4723a883-9ff8-4a44-af41-2df7d0667204,
202608210214094267,202608210214094267,202608210210099193,83,214,Silver Salesforce Cases,sl_sf_cases,TASK_COMPLETE,SUCCESS,INFO,1065,1065,0,,2026-08-21T02:14:13.262Z,2026-08-21T02:14:34.441Z,20,2026-08-21T02:14:34.441Z,,,6e633944-6270-4167-9c27-2b58aaa91b88,
202608181230520156,202608181205521843,202608181205521842,118,10355,Bronze P1/P2 Assessments,br_NewAdmissionAssessment,TASK_COMPLETE,SUCCESS,INFO,287,287,0,,2026-08-18T12:06:00.341Z,2026-08-18T12:30:55.108Z,1495,2026-08-18T12:30:55.108Z,B24,Paintsville,201d97b6-7f87-43f7-a098-fb002daf1faf,
202608181230520157,202608181205521844,202608181205521842,118,10357,Bronze P1/P2 Assessments,br_NewAdmissionAssessment,TASK_COMPLETE,SUCCESS,INFO,405,405,0,,2026-08-18T12:06:00.341Z,2026-08-18T12:30:55.108Z,1495,2026-08-18T12:30:55.108Z,B26,Hazard,201d97b6-7f87-43f7-a098-fb002daf1faf,
202608201555164632,202608201555164632,202608201553439487,83,210,Silver Salesforce Tasks,sl_sf_tasks,TASK_COMPLETE,SUCCESS,INFO,1366,1366,0,,2026-08-20T15:55:20.153Z,2026-08-20T15:55:46.424Z,25,2026-08-20T15:55:46.424Z,,,95538f17-9d82-404e-9e3f-d1777714a921,
202608201750253653,202608201750253653,202608201748445561,83,210,Silver Salesforce Tasks,sl_sf_tasks,TASK_COMPLETE,SUCCESS,INFO,1619,1619,0,,2026-08-20T17:50:29.157Z,2026-08-20T17:50:52.999Z,22,2026-08-20T17:50:52.999Z,,,635224f3-f193-4ab0-a06c-8d0fbf5d6c6d,
202608210211402250,202608210211402250,202608210210099193,83,210,Silver Salesforce Tasks,sl_sf_tasks,TASK_COMPLETE,SUCCESS,INFO,1941,1941,0,,2026-08-21T02:11:43.732Z,2026-08-21T02:12:09.140Z,24,2026-08-21T02:12:09.140Z,,,6e633944-6270-4167-9c27-2b58aaa91b88,
202608201649445339,202608201649445339,202608201648145195,83,210,Silver Salesforce Tasks,sl_sf_tasks,TASK_COMPLETE,SUCCESS,INFO,1476,1476,0,,2026-08-20T16:49:48.016Z,2026-08-20T16:50:11.440Z,21,2026-08-20T16:50:11.440Z,,,4ed56315-bafe-4059-9903-76e756bd89c4,
202608211042451538,202608211042451538,202608211041144699,83,210,Silver Salesforce Tasks,sl_sf_tasks,TASK_COMPLETE,SUCCESS,INFO,1061,1061,0,,2026-08-21T10:42:48.981Z,2026-08-21T10:43:12.279Z,22,2026-08-21T10:43:12.279Z,,,45603680-296f-4487-82f1-f8045d5f38e1,
202608141520396107,202608141439460331,202608141439460325,124,13640,Assessments Silver - SavePADimension4,sl_PADimension4,TASK_COMPLETE,SUCCESS,INFO,0,0,0,,2026-08-14T14:40:07.233Z,2026-08-14T15:20:43.374Z,2436,2026-08-14T15:20:43.374Z,Global,SAMMSGLOBAL,58f20748-15b7-4a11-966c-9510b56c5310,
202608120919417445,202608120822552533,202608120822552528,107,8559,Clinical Domain Silver - SaveUAResults,slv_uaresults,TASK_COMPLETE,SUCCESS,INFO,2307,2307,0,,2026-08-12T08:25:12.254Z,2026-08-12T09:19:44.466Z,3272,2026-08-12T09:19:44.466Z,Global,SAMMSGLOBAL,577435af-c452-4617-9a3c-7d2b03361707,
202608120351571421,202608120259357374,202608120259357369,107,8559,Clinical Domain Silver - SaveUAResults,slv_uaresults,TASK_COMPLETE,SUCCESS,INFO,2306,2306,0,,2026-08-12T03:00:44.797Z,2026-08-12T03:52:01.885Z,3077,2026-08-12T03:52:01.885Z,Global,SAMMSGLOBAL,72952692-3a45-4fdd-be32-4592206c2867,
202608210224381135,202608210224381135,202608210217292236,84,13675,Gold Salesforce PatientLeads,PatientLeads,TASK_COMPLETE,SUCCESS,INFO,33,33,0,,2026-08-21T02:24:41.870Z,2026-08-21T02:24:57.025Z,13,2026-08-21T02:24:57.025Z,,,6e633944-6270-4167-9c27-2b58aaa91b88,
202608201803213728,202608201803213728,202608201756217905,84,13675,Gold Salesforce PatientLeads,PatientLeads,TASK_COMPLETE,SUCCESS,INFO,30,30,0,,2026-08-20T18:03:25.046Z,2026-08-20T18:03:36.955Z,10,2026-08-20T18:03:36.955Z,,,635224f3-f193-4ab0-a06c-8d0fbf5d6c6d,
202608211055566759,202608211055566759,202608211048467468,84,13675,Gold Salesforce PatientLeads,PatientLeads,TASK_COMPLETE,SUCCESS,INFO,24,24,0,,2026-08-21T10:56:02.953Z,2026-08-21T10:56:14.921Z,10,2026-08-21T10:56:14.921Z,,,45603680-296f-4487-82f1-f8045d5f38e1,
202608271143065315,202608271143065315,20260827113412,132,13708,Auth Elig Trend Auth Gold,CurrentDayPayAuth,TASK_SUCCESS,SUCCESS,INFO,4,4,0,,2026-08-27T11:43:06.531Z,2026-08-27T11:43:32.995Z,26,2026-08-27T11:43:32.995Z,,,548cb8af-a2ae-442b-8193-6118f75471ea,
202608271143405277,202608271143405277,20260827113412,132,13709,Auth Elig Trend Elig Gold,CurrentDayPayElig,TASK_SUCCESS,SUCCESS,INFO,4,4,0,,2026-08-27T11:43:40.527Z,2026-08-27T11:44:03.833Z,23,2026-08-27T11:44:03.833Z,,,548cb8af-a2ae-442b-8193-6118f75471ea,
202608270906514274,202608270906514274,20260827043602,132,13708,Auth Elig Trend Auth Gold,CurrentDayPayAuth,TASK_SUCCESS,SUCCESS,INFO,4,4,0,,2026-08-27T09:06:51.427Z,2026-08-27T09:07:12.651Z,21,2026-08-27T09:07:12.651Z,,,3fa64f84-15aa-45fb-9cca-2f2fe48cfae1,
202608270907187944,202608270907187944,20260827043602,132,13709,Auth Elig Trend Elig Gold,CurrentDayPayElig,TASK_SUCCESS,SUCCESS,INFO,4,4,0,,2026-08-27T09:07:18.794Z,2026-08-27T09:07:38.338Z,19,2026-08-27T09:07:38.338Z,,,3fa64f84-15aa-45fb-9cca-2f2fe48cfae1,
202608250254472499,202608250254472499,20260825025308,1,4,UKG Clock Transaction API,br_HourRegister,TASK_COMPLETE,SUCCESS,INFO,108289,108289,0,,2026-08-25T02:54:52.429Z,2026-08-25T02:55:49.559Z,55,2026-08-25T02:55:49.559Z,,,6ee9c1fc-1bc7-4a37-a063-1dfebdad8409,
202608170749224514,202608170720364624,202608170720364599,118,10909,Bronze P1/P2 Assessments,br_NewPeriodicReassessmentCounselorReview,TASK_COMPLETE,SUCCESS,INFO,1192,1192,0,,2026-08-17T07:20:41.512Z,2026-08-17T07:49:26.331Z,1725,2026-08-17T07:49:26.331Z,B26,Hazard,422b71cc-fe6c-4f30-846d-92fb5587d0e9,
202608151434387488,202608151417675672,202608151417675641,118,11091,Bronze P1/P2 Assessments,br_NewPeriodicReassessmentD2,TASK_COMPLETE,SUCCESS,INFO,0,0,0,,2026-08-15T14:18:19.683Z,2026-08-15T14:37:39.575Z,1160,2026-08-15T14:37:39.575Z,B24,Paintsville,556076c4-618a-4487-8b31-ba5017a3c197,
202608151434387489,202608151417675673,202608151417675641,118,11093,Bronze P1/P2 Assessments,br_NewPeriodicReassessmentD2,TASK_COMPLETE,SUCCESS,INFO,0,0,0,,2026-08-15T14:18:19.683Z,2026-08-15T14:37:39.575Z,1160,2026-08-15T14:37:39.575Z,B26,Hazard,556076c4-618a-4487-8b31-ba5017a3c197,
202608121052561381,202608121009460898,202608121009460893,107,8559,Clinical Domain Silver - SaveUAResults,slv_uaresults,TASK_COMPLETE,SUCCESS,INFO,10142,10142,0,,2026-08-12T10:11:56.792Z,2026-08-12T10:53:15.475Z,2479,2026-08-12T10:53:15.475Z,Global,SAMMSGLOBAL,1325a4eb-aa02-4bc9-9fae-d06e40a0cece,
202608151434387498,202608151417675679,202608151417675641,118,11275,Bronze P1/P2 Assessments,br_NewPeriodicReassessmentD3,TASK_COMPLETE,SUCCESS,INFO,0,0,0,,2026-08-15T14:18:19.683Z,2026-08-15T14:37:39.575Z,1160,2026-08-15T14:37:39.575Z,B24,Paintsville,556076c4-618a-4487-8b31-ba5017a3c197,
202608151434387499,202608151417675680,202608151417675641,118,11277,Bronze P1/P2 Assessments,br_NewPeriodicReassessmentD3,TASK_COMPLETE,SUCCESS,INFO,0,0,0,,2026-08-15T14:18:19.683Z,2026-08-15T14:37:39.575Z,1160,2026-08-15T14:37:39.575Z,B26,Hazard,556076c4-618a-4487-8b31-ba5017a3c197,
202608151434387508,202608151417675686,202608151417675641,118,11459,Bronze P1/P2 Assessments,br_NewPeriodicReassessmentD4,TASK_COMPLETE,SUCCESS,INFO,0,0,0,,2026-08-15T14:18:19.683Z,2026-08-15T14:37:39.575Z,1160,2026-08-15T14:37:39.575Z,B24,Paintsville,556076c4-618a-4487-8b31-ba5017a3c197,
202608151434387509,202608151417675687,202608151417675641,118,11461,Bronze P1/P2 Assessments,br_NewPeriodicReassessmentD4,TASK_COMPLETE,SUCCESS,INFO,0,0,0,,2026-08-15T14:18:19.683Z,2026-08-15T14:37:39.575Z,1160,2026-08-15T14:37:39.575Z,B26,Hazard,556076c4-618a-4487-8b31-ba5017a3c197,
202608151434387527,202608151417675700,202608151417675641,118,11827,Bronze P1/P2 Assessments,br_NewPeriodicReassessmentD6,TASK_COMPLETE,SUCCESS,INFO,0,0,0,,2026-08-15T14:18:19.683Z,2026-08-15T14:37:39.575Z,1160,2026-08-15T14:37:39.575Z,B24,Paintsville,556076c4-618a-4487-8b31-ba5017a3c197,
202608151434387528,202608151417675701,202608151417675641,118,11829,Bronze P1/P2 Assessments,br_NewPeriodicReassessmentD6,TASK_COMPLETE,SUCCESS,INFO,0,0,0,,2026-08-15T14:18:19.683Z,2026-08-15T14:37:39.575Z,1160,2026-08-15T14:37:39.575Z,B26,Hazard,556076c4-618a-4487-8b31-ba5017a3c197,
202608130414588476,202608130315300010,202608130315300005,107,8559,Clinical Domain Silver - SaveUAResults,slv_uaresults,TASK_COMPLETE,SUCCESS,INFO,10205,10205,0,,2026-08-13T03:16:19.557Z,2026-08-13T04:15:00.802Z,3521,2026-08-13T04:15:00.802Z,Global,SAMMSGLOBAL,11ed6329-841a-4e7a-bfb1-61191c79c28e,
202608181230520170,202608181205521855,202608181205521842,118,11091,Bronze P1/P2 Assessments,br_NewPeriodicReassessmentD2,TASK_COMPLETE,SUCCESS,INFO,0,0,0,,2026-08-18T12:06:00.341Z,2026-08-18T12:30:55.108Z,1495,2026-08-18T12:30:55.108Z,B24,Paintsville,201d97b6-7f87-43f7-a098-fb002daf1faf,
202608181230520171,202608181205521856,202608181205521842,118,11093,Bronze P1/P2 Assessments,br_NewPeriodicReassessmentD2,TASK_COMPLETE,SUCCESS,INFO,0,0,0,,2026-08-18T12:06:00.341Z,2026-08-18T12:30:55.108Z,1495,2026-08-18T12:30:55.108Z,B26,Hazard,201d97b6-7f87-43f7-a098-fb002daf1faf,
202608151434387517,202608151417675693,202608151417675641,118,11643,Bronze P1/P2 Assessments,br_NewPeriodicReassessmentD5,TASK_COMPLETE,SUCCESS,INFO,0,0,0,,2026-08-15T14:18:19.683Z,2026-08-15T14:37:39.575Z,1160,2026-08-15T14:37:39.575Z,B24,Paintsville,556076c4-618a-4487-8b31-ba5017a3c197,
202608151434387518,202608151417675694,202608151417675641,118,11645,Bronze P1/P2 Assessments,br_NewPeriodicReassessmentD5,TASK_COMPLETE,SUCCESS,INFO,0,0,0,,2026-08-15T14:18:19.683Z,2026-08-15T14:37:39.575Z,1160,2026-08-15T14:37:39.575Z,B26,Hazard,556076c4-618a-4487-8b31-ba5017a3c197,
202608181230520176,202608181205521861,202608181205521842,118,11459,Bronze P1/P2 Assessments,br_NewPeriodicReassessmentD4,TASK_COMPLETE,SUCCESS,INFO,0,0,0,,2026-08-18T12:06:00.341Z,2026-08-18T12:30:55.108Z,1495,2026-08-18T12:30:55.108Z,B24,Paintsville,201d97b6-7f87-43f7-a098-fb002daf1faf,
202608181230520177,202608181205521862,202608181205521842,118,11461,Bronze P1/P2 Assessments,br_NewPeriodicReassessmentD4,TASK_COMPLETE,SUCCESS,INFO,0,0,0,,2026-08-18T12:06:00.341Z,2026-08-18T12:30:55.108Z,1495,2026-08-18T12:30:55.108Z,B26,Hazard,201d97b6-7f87-43f7-a098-fb002daf1faf,
202608181230520183,202608181205521867,202608181205521842,118,11827,Bronze P1/P2 Assessments,br_NewPeriodicReassessmentD6,TASK_COMPLETE,SUCCESS,INFO,0,0,0,,2026-08-18T12:06:00.341Z,2026-08-18T12:30:55.108Z,1495,2026-08-18T12:30:55.108Z,B24,Paintsville,201d97b6-7f87-43f7-a098-fb002daf1faf,
202608181230520184,202608181205521868,202608181205521842,118,11829,Bronze P1/P2 Assessments,br_NewPeriodicReassessmentD6,TASK_COMPLETE,SUCCESS,INFO,0,0,0,,2026-08-18T12:06:00.341Z,2026-08-18T12:30:55.108Z,1495,2026-08-18T12:30:55.108Z,B26,Hazard,201d97b6-7f87-43f7-a098-fb002daf1faf,
202608140551471253,202608140537410913,202608140537410912,118,10355,Bronze P1/P2 Assessments,br_NewAdmissionAssessment,TASK_COMPLETE,SUCCESS,INFO,283,283,0,,2026-08-14T05:37:54.245Z,2026-08-14T05:51:50.752Z,836,2026-08-14T05:51:50.752Z,B24,Paintsville,49a6a879-8aad-45bb-887e-905eab5ea9bb,
202608140551471254,202608140537410914,202608140537410912,118,10357,Bronze P1/P2 Assessments,br_NewAdmissionAssessment,TASK_COMPLETE,SUCCESS,INFO,401,401,0,,2026-08-14T05:37:54.245Z,2026-08-14T05:51:50.752Z,836,2026-08-14T05:51:50.752Z,B26,Hazard,49a6a879-8aad-45bb-887e-905eab5ea9bb,
202608242012389832,202608242001657424,202608242001657422,35,146,3pClaimNote Silver,tbl_3pClaimNote,TASK_COMPLETE,SUCCESS,INFO,42207,42207,0,,2026-08-24T20:01:59.213Z,2026-08-24T20:12:40.814Z,641,2026-08-24T20:12:40.814Z,,,4d8b4395-4229-458f-ac6c-24f28fa466d2,
202608201652327054,202608201652327054,202608201648145195,83,214,Silver Salesforce Cases,sl_sf_cases,TASK_COMPLETE,SUCCESS,INFO,852,852,0,,2026-08-20T16:52:36.144Z,2026-08-20T16:52:55.568Z,18,2026-08-20T16:52:55.568Z,,,4ed56315-bafe-4059-9903-76e756bd89c4,
202608210212543573,202608210212543572,202608210210099193,83,212,Silver Salesforce Leads,sl_sf_leads,TASK_COMPLETE,SUCCESS,INFO,121,121,0,,2026-08-21T02:12:58.332Z,2026-08-21T02:13:23.662Z,23,2026-08-21T02:13:23.662Z,,,6e633944-6270-4167-9c27-2b58aaa91b88,
202608201557564379,202608201557564379,202608201553439487,83,214,Silver Salesforce Cases,sl_sf_cases,TASK_COMPLETE,SUCCESS,INFO,808,808,0,,2026-08-20T15:58:00.534Z,2026-08-20T15:58:20.586Z,18,2026-08-20T15:58:20.586Z,,,95538f17-9d82-404e-9e3f-d1777714a921,
202608201650190800,202608201650190799,202608201648145195,83,211,Silver Salesforce Users,sl_sf_users,TASK_COMPLETE,SUCCESS,INFO,474,474,0,,2026-08-20T16:50:22.861Z,2026-08-20T16:50:41.190Z,17,2026-08-20T16:50:41.190Z,,,4ed56315-bafe-4059-9903-76e756bd89c4,
202608210212168351,202608210212168351,202608210210099193,83,211,Silver Salesforce Users,sl_sf_users,TASK_COMPLETE,SUCCESS,INFO,474,474,0,,2026-08-21T02:12:20.469Z,2026-08-21T02:12:43.374Z,21,2026-08-21T02:12:43.374Z,,,6e633944-6270-4167-9c27-2b58aaa91b88,
202608201555555369,202608201555555369,202608201553439487,83,211,Silver Salesforce Users,sl_sf_users,TASK_COMPLETE,SUCCESS,INFO,474,474,0,,2026-08-20T15:55:59.460Z,2026-08-20T15:56:18.852Z,18,2026-08-20T15:56:18.852Z,,,95538f17-9d82-404e-9e3f-d1777714a921,
202608201751013065,202608201751013065,202608201748445561,83,211,Silver Salesforce Users,sl_sf_users,TASK_COMPLETE,SUCCESS,INFO,474,474,0,,2026-08-20T17:51:05.785Z,2026-08-20T17:51:26.726Z,19,2026-08-20T17:51:26.726Z,,,635224f3-f193-4ab0-a06c-8d0fbf5d6c6d,
202608201752555199,202608201752555199,202608201748445561,83,214,Silver Salesforce Cases,sl_sf_cases,TASK_COMPLETE,SUCCESS,INFO,903,903,0,,2026-08-20T17:52:59.083Z,2026-08-20T17:53:24.279Z,24,2026-08-20T17:53:24.279Z,,,635224f3-f193-4ab0-a06c-8d0fbf5d6c6d,
202608211043210966,202608211043210966,202608211041144699,83,211,Silver Salesforce Users,sl_sf_users,TASK_COMPLETE,SUCCESS,INFO,474,474,0,,2026-08-21T10:43:25.146Z,2026-08-21T10:43:44.313Z,18,2026-08-21T10:43:44.313Z,,,45603680-296f-4487-82f1-f8045d5f38e1,
202608251337014549,202608251337014549,20260825133455,4,30,8x8 Users API,br_8x8_Users,TASK_COMPLETE,SUCCESS,INFO,5675,5675,0,,2026-08-25T13:37:01.454Z,2026-08-25T13:38:49.679Z,106,2026-08-25T13:38:49.679Z,,,3475c8ff-ffdb-4323-a994-e16cd3be5d9b,
202608270744332574,202608270741340230,20260827074128,102,13670,Gold QQ_GLTRAN,QQgltran,TASK_COMPLETE,SUCCESS,INFO,14392557,14372573,0,,2026-08-27T07:41:42.944Z,2026-08-27T07:44:34.963Z,165,2026-08-27T07:44:34.963Z,,,172af47b-610a-4a99-aceb-e1a3ed168be6,
202608170828545820,202608170805168053,202608170805168041,97,6339,P1 Forms Consent To Marketing Bronze - B33,br_samms_consent_to_marketing,TASK_COMPLETE,SUCCESS,INFO,61,61,0,,2026-08-17T08:05:23.166Z,2026-08-17T08:28:58.238Z,1415,2026-08-17T08:28:58.238Z,B33,Paducah,760fb7f7-522d-45ef-ae35-70bd18d17fef,
202608250302360112,202608250302360112,20260825025926,2,20,Silver UKG Employment Details,EmploymentDetails,TASK_COMPLETE,SUCCESS,INFO,4472,4472,0,,2026-08-25T03:02:40.246Z,2026-08-25T03:03:03.506Z,21,2026-08-25T03:03:03.506Z,,,6ee9c1fc-1bc7-4a37-a063-1dfebdad8409,
202608250256497067,202608250256497067,20260825025308,1,15,UKG Employment Details API,br_EmploymentDetails,TASK_COMPLETE,SUCCESS,INFO,4472,4472,0,,2026-08-25T02:56:54.558Z,2026-08-25T02:57:11.238Z,15,2026-08-25T02:57:11.238Z,,,6ee9c1fc-1bc7-4a37-a063-1dfebdad8409,
202608140744357402,202608140725214702,202608140725214656,118,11461,Bronze P1/P2 Assessments,br_newperiodicreassessmentd4,TASK_COMPLETE,SUCCESS,INFO,1188,1188,0,,2026-08-14T07:25:23.942Z,2026-08-14T07:44:38.851Z,1155,2026-08-14T07:44:38.851Z,B26,Hazard,9e759780-91b7-4e4a-882b-cd4350ec70b7,
202608140744357403,202608140725214703,202608140725214656,118,11463,Bronze P1/P2 Assessments,br_newperiodicreassessmentd4,TASK_COMPLETE,SUCCESS,INFO,0,0,0,,2026-08-14T07:25:23.942Z,2026-08-14T07:44:38.851Z,1155,2026-08-14T07:44:38.851Z,B28,West Plains,9e759780-91b7-4e4a-882b-cd4350ec70b7,
202608140744357405,202608140725214704,202608140725214656,118,11468,Bronze P1/P2 Assessments,br_newperiodicreassessmentd4,TASK_COMPLETE,SUCCESS,INFO,237,237,0,,2026-08-14T07:25:23.942Z,2026-08-14T07:44:38.851Z,1155,2026-08-14T07:44:38.851Z,B33,Paducah,9e759780-91b7-4e4a-882b-cd4350ec70b7,
202608171108071341,202608171031498608,202608171031498593,107,8569,Clinical Domain Silver - SaveTreatmentLevel,sl_treatmentlevel,TASK_COMPLETE,SUCCESS,INFO,1487,1487,0,,2026-08-17T10:38:10.305Z,2026-08-17T11:08:10.976Z,1800,2026-08-17T11:08:10.976Z,Global,SAMMSGLOBAL,16b28601-46b7-41d7-bb6b-81142615d65b,
202608180908433822,202608180834632783,202608180834632768,107,8569,Clinical Domain Silver - SaveTreatmentLevel,sl_treatmentlevel,TASK_COMPLETE,SUCCESS,INFO,1488,1488,0,,2026-08-18T08:37:01.117Z,2026-08-18T09:08:45.854Z,1904,2026-08-18T09:08:45.854Z,Global,SAMMSGLOBAL,08f45940-4fba-4d40-8013-5941939f8b2e,
202608250604330894,202608250604330893,20260825060428,128,13682,Gold Overdue Courses,LearningReportsOverdue,TASK_COMPLETE,SUCCESS,INFO,2565,2565,0,,2026-08-25T06:04:33.089Z,2026-08-25T06:05:02.399Z,29,2026-08-25T06:05:02.399Z,,,3129696d-6382-4e6f-9a07-281ff4c6c307,
202608171245095673,202608171211698298,202608171211698283,107,8569,Clinical Domain Silver - SaveTreatmentLevel,sl_treatmentlevel,TASK_COMPLETE,SUCCESS,INFO,1487,1487,0,,2026-08-17T12:12:57.246Z,2026-08-17T12:45:12.159Z,1935,2026-08-17T12:45:12.159Z,Global,SAMMSGLOBAL,71c4b27b-8df0-48dd-a1ee-a6ea3a63b852,
202608151358565630,202608151310507818,202608151310507803,107,8569,Clinical Domain Silver - SaveTreatmentLevel,sl_treatmentlevel,TASK_COMPLETE,SUCCESS,INFO,1486,1486,0,,2026-08-15T13:11:43.813Z,2026-08-15T13:58:58.213Z,2835,2026-08-15T13:58:58.213Z,Global,SAMMSGLOBAL,56214535-005b-4285-976b-e0172bc11b0b,
202608151146098644,202608151055524873,202608151055524858,107,8569,Clinical Domain Silver - SaveTreatmentLevel,sl_treatmentlevel,TASK_COMPLETE,SUCCESS,INFO,1486,1486,0,,2026-08-15T10:59:41.813Z,2026-08-15T11:46:12.215Z,2791,2026-08-15T11:46:12.215Z,Global,SAMMSGLOBAL,09bdfa13-0c4c-4ca3-9dd3-abd349cbbab4,
202608170655047554,202608170608369030,202608170608369015,107,8569,Clinical Domain Silver - SaveTreatmentLevel,sl_treatmentlevel,TASK_COMPLETE,SUCCESS,INFO,1486,1486,0,,2026-08-17T06:09:37.896Z,2026-08-17T06:55:07.563Z,2730,2026-08-17T06:55:07.563Z,Global,SAMMSGLOBAL,83c0f655-df7d-4ce0-a8e7-3e8120951bbc,
202608170510562251,202608170422315765,202608170422315750,107,8569,Clinical Domain Silver - SaveTreatmentLevel,sl_treatmentlevel,TASK_COMPLETE,SUCCESS,INFO,1486,1486,0,,2026-08-17T04:29:17.023Z,2026-08-17T05:11:26.731Z,2529,2026-08-17T05:11:26.731Z,Global,SAMMSGLOBAL,0b53dc13-182d-4036-9b17-0891eca5f916,
202608140744357388,202608140725214690,202608140725214656,118,11100,Bronze P1/P2 Assessments,br_newperiodicreassessmentd2,TASK_COMPLETE,SUCCESS,INFO,237,237,0,,2026-08-14T07:25:23.942Z,2026-08-14T07:44:38.851Z,1155,2026-08-14T07:44:38.851Z,B33,Paducah,9e759780-91b7-4e4a-882b-cd4350ec70b7,
202608140744357389,202608140725214691,202608140725214656,118,11155,Bronze P1/P2 Assessments,br_newperiodicreassessmentd2,TASK_COMPLETE,SUCCESS,INFO,0,0,0,,2026-08-14T07:25:23.942Z,2026-08-14T07:44:38.851Z,1155,2026-08-14T07:44:38.851Z,CBCO,Coeur dAlene,9e759780-91b7-4e4a-882b-cd4350ec70b7,
202608140744357391,202608140725214692,202608140725214656,118,11273,Bronze P1/P2 Assessments,br_newperiodicreassessmentd3,TASK_COMPLETE,SUCCESS,INFO,0,0,0,,2026-08-14T07:25:23.942Z,2026-08-14T07:44:38.851Z,1155,2026-08-14T07:44:38.851Z,AHK,Ahoskie,9e759780-91b7-4e4a-882b-cd4350ec70b7,
202608140744357412,202608140725214711,202608140725214656,118,11652,Bronze P1/P2 Assessments,br_newperiodicreassessmentd5,TASK_COMPLETE,SUCCESS,INFO,237,237,0,,2026-08-14T07:25:23.942Z,2026-08-14T07:44:38.851Z,1155,2026-08-14T07:44:38.851Z,B33,Paducah,9e759780-91b7-4e4a-882b-cd4350ec70b7,
202608140744357414,202608140725214712,202608140725214656,118,11707,Bronze P1/P2 Assessments,br_newperiodicreassessmentd5,TASK_COMPLETE,SUCCESS,INFO,0,0,0,,2026-08-14T07:25:23.942Z,2026-08-14T07:44:38.851Z,1155,2026-08-14T07:44:38.851Z,CBCO,Coeur dAlene,9e759780-91b7-4e4a-882b-cd4350ec70b7,
202608140744357415,202608140725214713,202608140725214656,118,11825,Bronze P1/P2 Assessments,br_newperiodicreassessmentd6,TASK_COMPLETE,SUCCESS,INFO,0,0,0,,2026-08-14T07:25:23.942Z,2026-08-14T07:44:38.851Z,1155,2026-08-14T07:44:38.851Z,AHK,Ahoskie,9e759780-91b7-4e4a-882b-cd4350ec70b7,
202608100952316148,202608100934367117,202608100934367074,85,4278,Bronze INV,br_ReAssessmentSubstanceUse,TASK_COMPLETE,SUCCESS,INFO,35,35,0,,2026-08-10T09:34:42.906Z,2026-08-10T09:52:34.664Z,1072,2026-08-10T09:52:34.664Z,AHK,Ahoskie,6ef3fd30-03b0-4dcd-9022-3df447f4d036,
202608100952316150,202608100934367118,202608100934367074,85,4279,Bronze INV,br_ReAssessmentSubstanceUse,TASK_COMPLETE,SUCCESS,INFO,673,673,0,,2026-08-10T09:34:42.906Z,2026-08-10T09:52:34.664Z,1072,2026-08-10T09:52:34.664Z,B12B,Colorado Springs,6ef3fd30-03b0-4dcd-9022-3df447f4d036,
202608100952316151,202608100934367119,202608100934367074,85,4094,Bronze INV,br_ReAssessmentSocial,TASK_COMPLETE,SUCCESS,INFO,35,35,0,,2026-08-10T09:34:42.906Z,2026-08-10T09:52:34.664Z,1072,2026-08-10T09:52:34.664Z,AHK,Ahoskie,6ef3fd30-03b0-4dcd-9022-3df447f4d036,
202608100952316152,202608100934367120,202608100934367074,85,4095,Bronze INV,br_ReAssessmentSocial,TASK_COMPLETE,SUCCESS,INFO,662,662,0,,2026-08-10T09:34:42.906Z,2026-08-10T09:52:34.664Z,1072,2026-08-10T09:52:34.664Z,B12B,Colorado Springs,6ef3fd30-03b0-4dcd-9022-3df447f4d036,
202608100952316153,202608100934367121,202608100934367074,85,4462,Bronze INV,br_ReAssessmentTreatment,TASK_COMPLETE,SUCCESS,INFO,35,35,0,,2026-08-10T09:34:42.906Z,2026-08-10T09:52:34.664Z,1072,2026-08-10T09:52:34.664Z,AHK,Ahoskie,6ef3fd30-03b0-4dcd-9022-3df447f4d036,
202608100952316154,202608100934367122,202608100934367074,85,4463,Bronze INV,br_ReAssessmentTreatment,TASK_COMPLETE,SUCCESS,INFO,662,662,0,,2026-08-10T09:34:42.906Z,2026-08-10T09:52:34.664Z,1072,2026-08-10T09:52:34.664Z,B12B,Colorado Springs,6ef3fd30-03b0-4dcd-9022-3df447f4d036,
202608251454402499,202608251428452601,202608251428452600,47,8816,P1 Finance Bills Silver,tbl_Bills,TASK_COMPLETE,SUCCESS,INFO,5408,5408,0,,2026-08-25T14:28:42.306Z,2026-08-25T14:54:42.345Z,1560,2026-08-25T14:54:42.345Z,,,5e789551-b18e-4745-8526-2b8db3ceeb01,
202608170828545815,202608170805168049,202608170805168041,97,6105,P1 Forms SF Data Forms Bronze - B33,br_samms_sf_data_forms,TASK_COMPLETE,SUCCESS,INFO,5304,5304,0,,2026-08-17T08:05:23.166Z,2026-08-17T08:28:58.238Z,1415,2026-08-17T08:28:58.238Z,B33,Paducah,760fb7f7-522d-45ef-ae35-70bd18d17fef,
202608100952316115,202608100934367087,202608100934367074,85,230,Bronze INV,br_AdmissionAssessment,TASK_COMPLETE,SUCCESS,INFO,1,1,0,,2026-08-10T09:34:42.906Z,2026-08-10T09:52:34.664Z,1072,2026-08-10T09:52:34.664Z,AHK,Ahoskie,6ef3fd30-03b0-4dcd-9022-3df447f4d036,
202608100952316117,202608100934367088,202608100934367074,85,1702,Bronze INV,br_Appointments,TASK_COMPLETE,SUCCESS,INFO,7483,7483,0,,2026-08-10T09:34:42.906Z,2026-08-10T09:52:34.664Z,1072,2026-08-10T09:52:34.664Z,AHK,Ahoskie,6ef3fd30-03b0-4dcd-9022-3df447f4d036,
202608100952316118,202608100934367089,202608100934367074,85,1703,Bronze INV,br_Appointments,TASK_COMPLETE,SUCCESS,INFO,14384,14384,0,,2026-08-10T09:34:42.906Z,2026-08-10T09:52:34.664Z,1072,2026-08-10T09:52:34.664Z,B12B,Colorado Springs,6ef3fd30-03b0-4dcd-9022-3df447f4d036,
202608100952316119,202608100934367090,202608100934367074,85,231,Bronze INV,br_AdmissionAssessment,TASK_COMPLETE,SUCCESS,INFO,18,18,0,,2026-08-10T09:34:42.906Z,2026-08-10T09:52:34.664Z,1072,2026-08-10T09:52:34.664Z,B12B,Colorado Springs,6ef3fd30-03b0-4dcd-9022-3df447f4d036,
202608100952316120,202608100934367091,202608100934367074,85,1518,Bronze INV,br_AdmissionAssessmentSummary,TASK_COMPLETE,SUCCESS,INFO,115,115,0,,2026-08-10T09:34:42.906Z,2026-08-10T09:52:34.664Z,1072,2026-08-10T09:52:34.664Z,AHK,Ahoskie,6ef3fd30-03b0-4dcd-9022-3df447f4d036,
202608100952316121,202608100934367092,202608100934367074,85,1519,Bronze INV,br_AdmissionAssessmentSummary,TASK_COMPLETE,SUCCESS,INFO,794,794,0,,2026-08-10T09:34:42.906Z,2026-08-10T09:52:34.664Z,1072,2026-08-10T09:52:34.664Z,B12B,Colorado Springs,6ef3fd30-03b0-4dcd-9022-3df447f4d036,
202608121052561379,202608121009460896,202608121009460893,107,8557,Clinical Domain Silver - SaveBamScore,slv_bamscore,TASK_COMPLETE,SUCCESS,INFO,19950,19950,0,,2026-08-12T10:11:56.792Z,2026-08-12T10:53:15.475Z,2479,2026-08-12T10:53:15.475Z,Global,SAMMSGLOBAL,1325a4eb-aa02-4bc9-9fae-d06e40a0cece,
202608170650554211,202608170608269060,202608170608269015,106,8404,Clinical Domain Bronze - SaveEnrollment - V10,br_Enrollment,TASK_COMPLETE,SUCCESS,INFO,10393,10393,0,,2026-08-17T06:09:37.896Z,2026-08-17T06:50:58.970Z,2481,2026-08-17T06:50:58.970Z,V10,Boulder,83c0f655-df7d-4ce0-a8e7-3e8120951bbc,
202608121926004649,202608121913698505,202608121913698500,76,144434,PPA Bronze,br_SF_PatientPreAdmission,TASK_COMPLETE,SUCCESS,INFO,317,317,0,,2026-08-12T19:14:53.387Z,2026-08-12T19:26:16.410Z,683,2026-08-12T19:26:16.410Z,CBC,CoeurdAlene,08d29c93-5d20-4cf2-aadc-bec1ce1bf79a,
202608170650554163,202608170608269016,202608170608269015,106,6816,Clinical Domain Bronze - SaveCheckIn - B12B,br_CheckIn,TASK_COMPLETE,SUCCESS,INFO,505,505,0,,2026-08-17T06:09:37.896Z,2026-08-17T06:50:58.970Z,2481,2026-08-17T06:50:58.970Z,B12B,ColoradoSprings,83c0f655-df7d-4ce0-a8e7-3e8120951bbc,
202608141514042263,202608141439260346,202608141439260325,123,13292,Assessments Bronze - SavePADimension5 - B24,br_PADimension5,TASK_COMPLETE,SUCCESS,INFO,446,446,0,,2026-08-14T14:40:07.233Z,2026-08-14T15:14:33.646Z,2066,2026-08-14T15:14:33.646Z,B24,Paintsville,58f20748-15b7-4a11-966c-9510b56c5310,
202608181238297194,202608181207708141,202608181207708120,123,13292,Assessments Bronze - SavePADimension5 - B24,br_PADimension5,TASK_COMPLETE,SUCCESS,INFO,446,446,0,,2026-08-18T12:09:06.544Z,2026-08-18T12:38:32.842Z,1766,2026-08-18T12:38:32.842Z,B24,Paintsville,6a9f8fe6-e2a7-49ab-8570-443c59873958,
202608181053385170,202608181018308833,202608181018308812,123,13292,Assessments Bronze - SavePADimension5 - B24,br_PADimension5,TASK_COMPLETE,SUCCESS,INFO,446,446,0,,2026-08-18T10:19:21.940Z,2026-08-18T10:53:43.553Z,2062,2026-08-18T10:53:43.553Z,B24,Paintsville,06767fa9-f980-4e92-a048-4dd43e2dbe98,
202608170749224509,202608170720364619,202608170720364599,118,10732,Bronze P1/P2 Assessments,br_NewPeriodicReassessment,TASK_COMPLETE,SUCCESS,INFO,237,237,0,,2026-08-17T07:20:41.512Z,2026-08-17T07:49:26.331Z,1725,2026-08-17T07:49:26.331Z,B33,Paducah,422b71cc-fe6c-4f30-846d-92fb5587d0e9,
202608170749224510,202608170720364620,202608170720364599,118,10787,Bronze P1/P2 Assessments,br_NewPeriodicReassessment,TASK_COMPLETE,SUCCESS,INFO,0,0,0,,2026-08-17T07:20:41.512Z,2026-08-17T07:49:26.331Z,1725,2026-08-17T07:49:26.331Z,CBCO,Coeur dAlene,422b71cc-fe6c-4f30-846d-92fb5587d0e9,
202608251341476256,202608251341476256,20260825134116,5,32,Silver 8x8 CallVolume,sl_8x8_CallVolume,TASK_COMPLETE,SUCCESS,INFO,115,115,0,,2026-08-25T13:41:47.625Z,2026-08-25T13:42:06.596Z,17,2026-08-25T13:42:06.596Z,,,3475c8ff-ffdb-4323-a994-e16cd3be5d9b,
202608280645514934,202608280645514933,20260828064524,5,32,Silver 8x8 CallVolume,sl_8x8_CallVolume,TASK_COMPLETE,SUCCESS,INFO,110,110,0,,2026-08-28T06:45:51.493Z,2026-08-28T06:46:09.265Z,16,2026-08-28T06:46:09.265Z,,,6f91deae-0832-4a56-ab71-80188798e1a1,
202608120919417455,202608120822552542,202608120822552528,107,8568,Clinical Domain Silver - SaveEnrollment,slv_enrollment,TASK_COMPLETE,SUCCESS,INFO,14862,14862,0,,2026-08-12T08:25:12.254Z,2026-08-12T09:19:44.466Z,3272,2026-08-12T09:19:44.466Z,Global,SAMMSGLOBAL,577435af-c452-4617-9a3c-7d2b03361707,
202608201757108567,202608201757108566,202608201756217905,84,217,Gold Salesforce RecordTypes,RecordType,TASK_COMPLETE,SUCCESS,INFO,21,21,0,,2026-08-20T17:57:15.654Z,2026-08-20T17:57:33.731Z,16,2026-08-20T17:57:33.731Z,,,635224f3-f193-4ab0-a06c-8d0fbf5d6c6d,
202608220910336824,202608220910336823,20260822091019,104,6813,Silver Active Directory AADUsers,sl_activedirectory_aadusers,TASK_COMPLETE,SUCCESS,INFO,2089,2089,0,,2026-08-22T09:10:33.682Z,2026-08-22T09:11:03.884Z,30,2026-08-22T09:11:03.884Z,,,500ec76f-f267-4cf8-a531-6dc879d5ad80,
202608220715307656,202608220715307655,20260822071517,103,6812,Bronze Active Directory AADUsers,br_activedirectory_aadusers,TASK_COMPLETE,SUCCESS,INFO,3006,2089,0,,2026-08-22T07:15:30.765Z,2026-08-22T07:16:02.879Z,32,2026-08-22T07:16:02.879Z,,,95c2ec9d-55ec-443a-9357-986a8e625f38,
202608250940550986,202608250940550986,20260825094047,103,6812,Bronze Active Directory AADUsers,br_activedirectory_aadusers,TASK_COMPLETE,SUCCESS,INFO,3004,2086,0,,2026-08-25T09:41:00.889Z,2026-08-25T09:41:35.362Z,31,2026-08-25T09:41:35.362Z,,,6d272a94-926b-43c5-9728-935779865922,
202608150554175929,202608150537402658,202608150537402637,118,10787,Bronze P1/P2 Assessments,br_NewPeriodicReassessment,TASK_COMPLETE,SUCCESS,INFO,0,0,0,,2026-08-15T05:38:25.156Z,2026-08-15T05:54:20.465Z,955,2026-08-15T05:54:20.465Z,CBCO,Coeur dAlene,92fdec37-a7f1-4589-8ea2-af8b074ddb31,
202608150554175930,202608150537402659,202608150537402637,118,10905,Bronze P1/P2 Assessments,br_NewPeriodicReassessmentCounselorReview,TASK_COMPLETE,SUCCESS,INFO,0,0,0,,2026-08-15T05:38:25.156Z,2026-08-15T05:54:20.465Z,955,2026-08-15T05:54:20.465Z,AHK,Ahoskie,92fdec37-a7f1-4589-8ea2-af8b074ddb31,
202608150554175931,202608150537402660,202608150537402637,118,10906,Bronze P1/P2 Assessments,br_NewPeriodicReassessmentCounselorReview,TASK_COMPLETE,SUCCESS,INFO,0,0,0,,2026-08-15T05:38:25.156Z,2026-08-15T05:54:20.465Z,955,2026-08-15T05:54:20.465Z,B12B,Colorado Springs,92fdec37-a7f1-4589-8ea2-af8b074ddb31,
202608150554175932,202608150537402661,202608150537402637,118,10907,Bronze P1/P2 Assessments,br_NewPeriodicReassessmentCounselorReview,TASK_COMPLETE,SUCCESS,INFO,320,320,0,,2026-08-15T05:38:25.156Z,2026-08-15T05:54:20.465Z,955,2026-08-15T05:54:20.465Z,B24,Paintsville,92fdec37-a7f1-4589-8ea2-af8b074ddb31,
202608150554175933,202608150537402662,202608150537402637,118,10909,Bronze P1/P2 Assessments,br_NewPeriodicReassessmentCounselorReview,TASK_COMPLETE,SUCCESS,INFO,1192,1192,0,,2026-08-15T05:38:25.156Z,2026-08-15T05:54:20.465Z,955,2026-08-15T05:54:20.465Z,B26,Hazard,92fdec37-a7f1-4589-8ea2-af8b074ddb31,
202608221153095557,202608221153095556,20260822115249,103,6812,Bronze Active Directory AADUsers,br_activedirectory_aadusers,TASK_COMPLETE,SUCCESS,INFO,3006,2089,0,,2026-08-22T11:53:09.555Z,2026-08-22T11:53:33.601Z,24,2026-08-22T11:53:33.601Z,,,5b101a56-28ce-45b2-9c69-c19cf110b723,
202608220721453141,202608220721453140,20260822072130,104,6813,Silver Active Directory AADUsers,sl_activedirectory_aadusers,TASK_COMPLETE,SUCCESS,INFO,2089,2089,0,,2026-08-22T07:21:45.314Z,2026-08-22T07:22:16.540Z,31,2026-08-22T07:22:16.540Z,,,95c2ec9d-55ec-443a-9357-986a8e625f38,
202608191139125015,202608191104247957,202608191104247942,107,8569,Clinical Domain Silver - SaveTreatmentLevel,sl_treatmentlevel,TASK_COMPLETE,SUCCESS,INFO,1493,1493,0,,2026-08-19T11:06:34.343Z,2026-08-19T11:39:14.497Z,1960,2026-08-19T11:39:14.497Z,,,8c2f72fa-f3d3-4c31-9e7b-e1d36d508d72,
202608220904255707,202608220904255706,20260822090411,103,6812,Bronze Active Directory AADUsers,br_activedirectory_aadusers,TASK_COMPLETE,SUCCESS,INFO,3006,2089,0,,2026-08-22T09:04:25.570Z,2026-08-22T09:04:52.041Z,26,2026-08-22T09:04:52.041Z,,,500ec76f-f267-4cf8-a531-6dc879d5ad80,
202608250946393017,202608250946393016,20260825094628,104,6813,Silver Active Directory AADUsers,sl_activedirectory_aadusers,TASK_COMPLETE,SUCCESS,INFO,2086,2086,0,,2026-08-25T09:46:45.719Z,2026-08-25T09:47:31.760Z,32,2026-08-25T09:47:31.760Z,,,6d272a94-926b-43c5-9728-935779865922,
202608151352479104,202608151310407849,202608151310407803,106,8426,Clinical Domain Bronze - SaveTreatmentLevel - B12B,br_TreatmentLevel,TASK_COMPLETE,SUCCESS,INFO,519,519,0,,2026-08-15T13:11:43.813Z,2026-08-15T13:52:51.092Z,2468,2026-08-15T13:52:51.092Z,B12B,ColoradoSprings,56214535-005b-4285-976b-e0172bc11b0b,
202608151352479105,202608151310407850,202608151310407803,106,8470,Clinical Domain Bronze - SaveTreatmentLevel - BOI,br_TreatmentLevel,TASK_COMPLETE,SUCCESS,INFO,296,296,0,,2026-08-15T13:11:43.813Z,2026-08-15T13:52:51.092Z,2468,2026-08-15T13:52:51.092Z,BOI,Boise,56214535-005b-4285-976b-e0172bc11b0b,
202608151352479106,202608151310407851,202608151310407803,106,8519,Clinical Domain Bronze - SaveTreatmentLevel - V10,br_TreatmentLevel,TASK_COMPLETE,SUCCESS,INFO,657,657,0,,2026-08-15T13:11:43.813Z,2026-08-15T13:52:51.092Z,2468,2026-08-15T13:52:51.092Z,V10,Boulder,56214535-005b-4285-976b-e0172bc11b0b,
202608170505380920,202608170422215796,202608170422215750,106,8426,Clinical Domain Bronze - SaveTreatmentLevel - B12B,br_TreatmentLevel,TASK_COMPLETE,SUCCESS,INFO,519,519,0,,2026-08-17T04:29:17.023Z,2026-08-17T05:06:50.333Z,2253,2026-08-17T05:06:50.333Z,B12B,ColoradoSprings,0b53dc13-182d-4036-9b17-0891eca5f916,
202608170505380921,202608170422215797,202608170422215750,106,8470,Clinical Domain Bronze - SaveTreatmentLevel - BOI,br_TreatmentLevel,TASK_COMPLETE,SUCCESS,INFO,296,296,0,,2026-08-17T04:29:17.023Z,2026-08-17T05:06:50.333Z,2253,2026-08-17T05:06:50.333Z,BOI,Boise,0b53dc13-182d-4036-9b17-0891eca5f916,
202608170505380922,202608170422215798,202608170422215750,106,8519,Clinical Domain Bronze - SaveTreatmentLevel - V10,br_TreatmentLevel,TASK_COMPLETE,SUCCESS,INFO,657,657,0,,2026-08-17T04:29:17.023Z,2026-08-17T05:06:50.333Z,2253,2026-08-17T05:06:50.333Z,V10,Boulder,0b53dc13-182d-4036-9b17-0891eca5f916,
202608151132574413,202608151055424904,202608151055424858,106,8426,Clinical Domain Bronze - SaveTreatmentLevel - B12B,br_TreatmentLevel,TASK_COMPLETE,SUCCESS,INFO,519,519,0,,2026-08-15T10:59:41.813Z,2026-08-15T11:42:22.397Z,2561,2026-08-15T11:42:22.397Z,B12B,ColoradoSprings,09bdfa13-0c4c-4ca3-9dd3-abd349cbbab4,
202608151132574414,202608151055424905,202608151055424858,106,8470,Clinical Domain Bronze - SaveTreatmentLevel - BOI,br_TreatmentLevel,TASK_COMPLETE,SUCCESS,INFO,296,296,0,,2026-08-15T10:59:41.813Z,2026-08-15T11:42:22.397Z,2561,2026-08-15T11:42:22.397Z,BOI,Boise,09bdfa13-0c4c-4ca3-9dd3-abd349cbbab4,
202608151132574415,202608151055424906,202608151055424858,106,8519,Clinical Domain Bronze - SaveTreatmentLevel - V10,br_TreatmentLevel,TASK_COMPLETE,SUCCESS,INFO,657,657,0,,2026-08-15T10:59:41.813Z,2026-08-15T11:42:22.397Z,2561,2026-08-15T11:42:22.397Z,V10,Boulder,09bdfa13-0c4c-4ca3-9dd3-abd349cbbab4,
202608170008440982,202608162346418923,202608162346418898,85,598,Bronze INV,br_AdmissionAssessmentDimensionFour,TASK_COMPLETE,SUCCESS,INFO,98,98,0,,2026-08-16T23:46:55.971Z,2026-08-17T00:08:47.406Z,1312,2026-08-17T00:08:47.406Z,AHK,Ahoskie,77f58b99-e250-4627-9f17-559331ecd0ef,
202608210856223206,202608210843412207,202608210843412200,45,189,SAMMSGLOBAL Gold,CONSENTS,TASK_COMPLETE,SUCCESS,INFO,0,0,0,,2026-08-21T08:43:25.075Z,2026-08-21T08:56:24.253Z,772,2026-08-21T08:56:24.253Z,,,63de4b0b-e7e7-4150-93d6-8b706da9bfcd,
202608230944048328,202608230939481305,20260823093943,101,13669,Silver QQ_GLTRAN,sl_QQgltran,TASK_COMPLETE,SUCCESS,INFO,14956673,14956673,0,,2026-08-23T09:39:57.974Z,2026-08-23T09:44:07.870Z,242,2026-08-23T09:44:07.870Z,,,922c4db3-6c9b-48dc-bf47-8e055d393626,
202608230333431698,202608230327505492,20260823032745,101,13669,Silver QQ_GLTRAN,sl_QQgltran,TASK_COMPLETE,SUCCESS,INFO,14956673,14956673,0,,2026-08-23T03:27:58.086Z,2026-08-23T03:33:46.406Z,340,2026-08-23T03:33:46.406Z,,,4a9a5f44-79e3-482a-86ae-6e1a0dee0d46,
202608150648415664,202608150648415664,202608141121345444,84,220,Gold Salesforce StgContacts,stgContacts,TASK_ALREADY_COMPLETED,ALREADY_COMPLETED,INFO,0,0,0,Already succeeded in previous attempt,2026-08-15T06:48:45.843Z,2026-08-15T06:48:45.843Z,0,2026-08-15T06:48:45.843Z,,,4b120bb3-f1e6-442e-8114-0fadc28f6b49,
202608151434387443,202608151417675718,202608151417675641,118,12259,Bronze P1/P2 Assessments,br_NewAdmissionAssessmentASAMDimension4,TASK_COMPLETE,SUCCESS,INFO,0,0,0,,2026-08-15T14:18:19.683Z,2026-08-15T14:37:39.575Z,1160,2026-08-15T14:37:39.575Z,CBCO,Coeur dAlene,556076c4-618a-4487-8b31-ba5017a3c197,
202608151434387544,202608151417775652,202608151417775641,119,12570,Silver P1/P2 Assessments,sl_NewAdmissionAssessmentASAMDimension4,TASK_COMPLETE,SUCCESS,INFO,848,848,0,,2026-08-15T14:18:19.683Z,2026-08-15T14:37:39.575Z,1160,2026-08-15T14:37:39.575Z,,,556076c4-618a-4487-8b31-ba5017a3c197,
202608171326335570,202608171326335570,202608171005421194,82,207,Salesforce Outreach Events,br_sf_events,TASK_ALREADY_COMPLETED,ALREADY_COMPLETED,INFO,0,0,0,Already succeeded in previous attempt,2026-08-17T13:26:39.454Z,2026-08-17T13:26:39.454Z,0,2026-08-17T13:26:39.454Z,,,1cdba2b7-2cc0-4832-97e7-304e1a700c17,
202608151434387432,202608151417675711,202608151417675641,118,12075,Bronze P1/P2 Assessments,br_NewAdmissionAssessmentASAMDimension2,TASK_COMPLETE,SUCCESS,INFO,0,0,0,,2026-08-15T14:18:19.683Z,2026-08-15T14:37:39.575Z,1160,2026-08-15T14:37:39.575Z,CBCO,Coeur dAlene,556076c4-618a-4487-8b31-ba5017a3c197,
202608151434387534,202608151417775651,202608151417775641,119,12569,Silver P1/P2 Assessments,sl_NewAdmissionAssessmentASAMDimension2,TASK_COMPLETE,SUCCESS,INFO,844,844,0,,2026-08-15T14:18:19.683Z,2026-08-15T14:37:39.575Z,1160,2026-08-15T14:37:39.575Z,,,556076c4-618a-4487-8b31-ba5017a3c197,
202608140744357378,202608140725214681,202608140725214656,118,10909,Bronze P1/P2 Assessments,br_NewPeriodicReassessmentCounselorReview,TASK_COMPLETE,SUCCESS,INFO,1189,1189,0,,2026-08-14T07:25:23.942Z,2026-08-14T07:44:38.851Z,1155,2026-08-14T07:44:38.851Z,B26,Hazard,9e759780-91b7-4e4a-882b-cd4350ec70b7,
202608140744357379,202608140725214682,202608140725214656,118,10911,Bronze P1/P2 Assessments,br_NewPeriodicReassessmentCounselorReview,TASK_COMPLETE,SUCCESS,INFO,0,0,0,,2026-08-14T07:25:23.942Z,2026-08-14T07:44:38.851Z,1155,2026-08-14T07:44:38.851Z,B28,West Plains,9e759780-91b7-4e4a-882b-cd4350ec70b7,
202608140744357380,202608140725214683,202608140725214656,118,10916,Bronze P1/P2 Assessments,br_NewPeriodicReassessmentCounselorReview,TASK_COMPLETE,SUCCESS,INFO,237,237,0,,2026-08-14T07:25:23.942Z,2026-08-14T07:44:38.851Z,1155,2026-08-14T07:44:38.851Z,B33,Paducah,9e759780-91b7-4e4a-882b-cd4350ec70b7,
202608151434387462,202608151417675655,202608151417675641,118,10603,Bronze P1/P2 Assessments,br_NewAdmissionAssessmentASAMDimension6,TASK_COMPLETE,SUCCESS,INFO,0,0,0,,2026-08-15T14:18:19.683Z,2026-08-15T14:37:39.575Z,1160,2026-08-15T14:37:39.575Z,CBCO,Coeur dAlene,556076c4-618a-4487-8b31-ba5017a3c197,
202608151434387564,202608151417775643,202608151417775641,119,12561,Silver P1/P2 Assessments,sl_NewAdmissionAssessmentASAMDimension6,TASK_COMPLETE,SUCCESS,INFO,859,859,0,,2026-08-15T14:18:19.683Z,2026-08-15T14:37:39.575Z,1160,2026-08-15T14:37:39.575Z,,,556076c4-618a-4487-8b31-ba5017a3c197,
202608150746128854,202608150746128854,202608141121345444,84,220,Gold Salesforce StgContacts,stgContacts,TASK_ALREADY_COMPLETED,ALREADY_COMPLETED,INFO,0,0,0,Already succeeded in previous attempt,2026-08-15T07:46:18.326Z,2026-08-15T07:46:18.326Z,0,2026-08-15T07:46:18.326Z,,,7aeef17f-6a83-4892-911d-f2c8473c9ddd,
202608151434387452,202608151417675725,202608151417675641,118,12443,Bronze P1/P2 Assessments,br_NewAdmissionAssessmentASAMDimension5,TASK_COMPLETE,SUCCESS,INFO,0,0,0,,2026-08-15T14:18:19.683Z,2026-08-15T14:37:39.575Z,1160,2026-08-15T14:37:39.575Z,CBCO,Coeur dAlene,556076c4-618a-4487-8b31-ba5017a3c197,
202608151434387554,202608151417775653,202608151417775641,119,12571,Silver P1/P2 Assessments,sl_NewAdmissionAssessmentASAMDimension5,TASK_COMPLETE,SUCCESS,INFO,844,844,0,,2026-08-15T14:18:19.683Z,2026-08-15T14:37:39.575Z,1160,2026-08-15T14:37:39.575Z,,,556076c4-618a-4487-8b31-ba5017a3c197,
202608171026408860,202608171026408859,202608171026319654,84,216,Gold Salesforce Accounts,Accounts,TASK_DEPENDENCY_BLOCKED,DEPENDENCY_BLOCKED,WARN,0,0,0,"Dependency Failed : 208 (checked: 208,209)",2026-08-17T10:26:48.859Z,2026-08-17T10:26:48.859Z,0,2026-08-17T10:26:48.859Z,,,7037e752-f6e1-4d8a-bc47-4e70a4e83a16,
202608171338197092,202608171338197092,202608171026319654,84,217,Gold Salesforce RecordTypes,RecordType,TASK_ALREADY_COMPLETED,ALREADY_COMPLETED,INFO,0,0,0,Already succeeded in previous attempt,2026-08-17T13:38:27.281Z,2026-08-17T13:38:27.281Z,0,2026-08-17T13:38:27.281Z,,,1cdba2b7-2cc0-4832-97e7-304e1a700c17,
202608150648035680,202608150648035680,202608141121345444,84,217,Gold Salesforce RecordTypes,RecordType,TASK_ALREADY_COMPLETED,ALREADY_COMPLETED,INFO,0,0,0,Already succeeded in previous attempt,2026-08-15T06:48:08.625Z,2026-08-15T06:48:08.625Z,0,2026-08-15T06:48:08.625Z,,,4b120bb3-f1e6-442e-8114-0fadc28f6b49,
202608191139125013,202608191104247956,202608191104247942,107,8568,Clinical Domain Silver - SaveEnrollment,sl_enrollment,TASK_COMPLETE,SUCCESS,INFO,14891,14891,0,,2026-08-19T11:06:34.343Z,2026-08-19T11:39:14.497Z,1960,2026-08-19T11:39:14.497Z,,,8c2f72fa-f3d3-4c31-9e7b-e1d36d508d72,
202608150828271300,202608150828271300,202608141121345444,84,217,Gold Salesforce RecordTypes,RecordType,TASK_ALREADY_COMPLETED,ALREADY_COMPLETED,INFO,0,0,0,Already succeeded in previous attempt,2026-08-15T08:28:31.803Z,2026-08-15T08:28:31.803Z,0,2026-08-15T08:28:31.803Z,,,749d5262-86ff-40e0-8a86-2235f2d6051c,
202608150745338539,202608150745338539,202608141121345444,84,217,Gold Salesforce RecordTypes,RecordType,TASK_ALREADY_COMPLETED,ALREADY_COMPLETED,INFO,0,0,0,Already succeeded in previous attempt,2026-08-15T07:45:38.908Z,2026-08-15T07:45:38.908Z,0,2026-08-15T07:45:38.908Z,,,7aeef17f-6a83-4892-911d-f2c8473c9ddd,
202608250405267187,202608250343460398,202608250343460390,119,12567,Silver P1/P2 Assessments,sl_NewPeriodicReassessmentD5,TASK_COMPLETE,SUCCESS,INFO,0,0,0,,2026-08-25T03:43:39.643Z,2026-08-25T04:05:28.429Z,1309,2026-08-25T04:05:28.429Z,,,8c969a39-95ec-4087-9ad3-4a9580887e34,
202608170614178943,202608170551256445,202608170551256420,46,9409,P1 Finance 3P Eligibility Bronze - AHK,br_samms_3p_elig,TASK_COMPLETE,SUCCESS,INFO,89,89,0,,2026-08-17T05:51:47.044Z,2026-08-17T06:14:21.786Z,1354,2026-08-17T06:14:21.786Z,AHK,Ahoskie,09d84bc7-e629-48a4-a32a-826b207e96d1,
202608170614178944,202608170551256446,202608170551256420,46,9410,P1 Finance 3P Eligibility Bronze - B12B,br_samms_3p_elig,TASK_COMPLETE,SUCCESS,INFO,225,225,0,,2026-08-17T05:51:47.044Z,2026-08-17T06:14:21.786Z,1354,2026-08-17T06:14:21.786Z,B12B,ColoradoSprings,09d84bc7-e629-48a4-a32a-826b207e96d1,
202608170614178945,202608170551256447,202608170551256420,46,9411,P1 Finance 3P Eligibility Bronze - B24,br_samms_3p_elig,TASK_COMPLETE,SUCCESS,INFO,78,78,0,,2026-08-17T05:51:47.044Z,2026-08-17T06:14:21.786Z,1354,2026-08-17T06:14:21.786Z,B24,Paintsville,09d84bc7-e629-48a4-a32a-826b207e96d1,
202608170614178946,202608170551256448,202608170551256420,46,9412,P1 Finance 3P Eligibility Bronze - B25,br_samms_3p_elig,TASK_COMPLETE,SUCCESS,INFO,2171,2171,0,,2026-08-17T05:51:47.044Z,2026-08-17T06:14:21.786Z,1354,2026-08-17T06:14:21.786Z,B25,Pikeville,09d84bc7-e629-48a4-a32a-826b207e96d1,
202608250405267188,202608250343460399,202608250343460390,119,12568,Silver P1/P2 Assessments,sl_NewPeriodicReassessmentD6,TASK_COMPLETE,SUCCESS,INFO,0,0,0,,2026-08-25T03:43:39.643Z,2026-08-25T04:05:28.429Z,1309,2026-08-25T04:05:28.429Z,,,8c969a39-95ec-4087-9ad3-4a9580887e34,
202608250405267185,202608250343460396,202608250343460390,119,12565,Silver P1/P2 Assessments,sl_NewPeriodicReassessmentD3,TASK_COMPLETE,SUCCESS,INFO,0,0,0,,2026-08-25T03:43:39.643Z,2026-08-25T04:05:28.429Z,1309,2026-08-25T04:05:28.429Z,,,8c969a39-95ec-4087-9ad3-4a9580887e34,
202608250405267184,202608250343460395,202608250343460390,119,12564,Silver P1/P2 Assessments,sl_NewPeriodicReassessmentD2,TASK_COMPLETE,SUCCESS,INFO,0,0,0,,2026-08-25T03:43:39.643Z,2026-08-25T04:05:28.429Z,1309,2026-08-25T04:05:28.429Z,,,8c969a39-95ec-4087-9ad3-4a9580887e34,
202608250405267186,202608250343460397,202608250343460390,119,12566,Silver P1/P2 Assessments,sl_NewPeriodicReassessmentD4,TASK_COMPLETE,SUCCESS,INFO,0,0,0,,2026-08-25T03:43:39.643Z,2026-08-25T04:05:28.429Z,1309,2026-08-25T04:05:28.429Z,,,8c969a39-95ec-4087-9ad3-4a9580887e34,
202608140554235491,202608140537510916,202608140537510912,119,12563,Silver P1/P2 Assessments,sl_NewPeriodicReassessmentCounselorReview,TASK_COMPLETE,SUCCESS,INFO,1746,1746,0,,2026-08-14T05:37:54.245Z,2026-08-14T05:54:25.587Z,991,2026-08-14T05:54:25.587Z,,,49a6a879-8aad-45bb-887e-905eab5ea9bb,
202608151434387515,202608151417675691,202608151417675641,118,11641,Bronze P1/P2 Assessments,br_NewPeriodicReassessmentD5,TASK_COMPLETE,SUCCESS,INFO,0,0,0,,2026-08-15T14:18:19.683Z,2026-08-15T14:37:39.575Z,1160,2026-08-15T14:37:39.575Z,AHK,Ahoskie,556076c4-618a-4487-8b31-ba5017a3c197,
202608251454402503,202608251428452604,202608251428452600,47,9170,P1 Finance FMP Silver,tbl_Fmp,TASK_COMPLETE,SUCCESS,INFO,32,32,0,,2026-08-25T14:28:42.306Z,2026-08-25T14:54:42.345Z,1560,2026-08-25T14:54:42.345Z,,,5e789551-b18e-4745-8526-2b8db3ceeb01,
202608151434387525,202608151417675698,202608151417675641,118,11825,Bronze P1/P2 Assessments,br_NewPeriodicReassessmentD6,TASK_COMPLETE,SUCCESS,INFO,0,0,0,,2026-08-15T14:18:19.683Z,2026-08-15T14:37:39.575Z,1160,2026-08-15T14:37:39.575Z,AHK,Ahoskie,556076c4-618a-4487-8b31-ba5017a3c197,
202608151434387511,202608151417675689,202608151417675641,118,11468,Bronze P1/P2 Assessments,br_NewPeriodicReassessmentD4,TASK_COMPLETE,SUCCESS,INFO,0,0,0,,2026-08-15T14:18:19.683Z,2026-08-15T14:37:39.575Z,1160,2026-08-15T14:37:39.575Z,B33,Paducah,556076c4-618a-4487-8b31-ba5017a3c197,
202608151434387485,202608151417675670,202608151417675641,118,11089,Bronze P1/P2 Assessments,br_NewPeriodicReassessmentD2,TASK_COMPLETE,SUCCESS,INFO,0,0,0,,2026-08-15T14:18:19.683Z,2026-08-15T14:37:39.575Z,1160,2026-08-15T14:37:39.575Z,AHK,Ahoskie,556076c4-618a-4487-8b31-ba5017a3c197,
202608151434387495,202608151417675677,202608151417675641,118,11273,Bronze P1/P2 Assessments,br_NewPeriodicReassessmentD3,TASK_COMPLETE,SUCCESS,INFO,0,0,0,,2026-08-15T14:18:19.683Z,2026-08-15T14:37:39.575Z,1160,2026-08-15T14:37:39.575Z,AHK,Ahoskie,556076c4-618a-4487-8b31-ba5017a3c197,
202608242012389830,202608242001657423,202608242001657422,35,145,3pArnote Silver,tbl_3pARNOTE,TASK_COMPLETE,SUCCESS,INFO,127109,4415,0,,2026-08-24T20:01:59.213Z,2026-08-24T20:12:40.814Z,641,2026-08-24T20:12:40.814Z,,,4d8b4395-4229-458f-ac6c-24f28fa466d2,
202608181053385171,202608181018308834,202608181018308812,123,13405,Assessments Bronze - SavePADimension6 - AHK,br_PADimension6,TASK_COMPLETE,SUCCESS,INFO,64,64,0,,2026-08-18T10:19:21.940Z,2026-08-18T10:53:43.553Z,2062,2026-08-18T10:53:43.553Z,AHK,Ahoskie,06767fa9-f980-4e92-a048-4dd43e2dbe98,
202608181053385172,202608181018308835,202608181018308812,123,13406,Assessments Bronze - SavePADimension6 - B12B,br_PADimension6,TASK_COMPLETE,SUCCESS,INFO,822,822,0,,2026-08-18T10:19:21.940Z,2026-08-18T10:53:43.553Z,2062,2026-08-18T10:53:43.553Z,B12B,ColoradoSprings,06767fa9-f980-4e92-a048-4dd43e2dbe98,
202608181238297195,202608181207708142,202608181207708120,123,13405,Assessments Bronze - SavePADimension6 - AHK,br_PADimension6,TASK_COMPLETE,SUCCESS,INFO,64,64,0,,2026-08-18T12:09:06.544Z,2026-08-18T12:38:32.842Z,1766,2026-08-18T12:38:32.842Z,AHK,Ahoskie,6a9f8fe6-e2a7-49ab-8570-443c59873958,
202608181238297196,202608181207708143,202608181207708120,123,13406,Assessments Bronze - SavePADimension6 - B12B,br_PADimension6,TASK_COMPLETE,SUCCESS,INFO,822,822,0,,2026-08-18T12:09:06.544Z,2026-08-18T12:38:32.842Z,1766,2026-08-18T12:38:32.842Z,B12B,ColoradoSprings,6a9f8fe6-e2a7-49ab-8570-443c59873958,
202608191605095685,202608191519695713,202608191519695710,98,6093,P1 Forms E&M Form MDM Silver,tbl_EandMFormMDM,TASK_COMPLETE,SUCCESS,INFO,536438,536438,0,,2026-08-19T15:20:02.186Z,2026-08-19T16:05:12.022Z,2710,2026-08-19T16:05:12.022Z,,,0e774440-67e4-4817-8f97-24afdbb9d82f,
202608141514042247,202608141439260332,202608141439260325,123,12830,Assessments Bronze - SavePADimension1 - AHK,br_PADimension1,TASK_COMPLETE,SUCCESS,INFO,67,67,0,,2026-08-14T14:40:07.233Z,2026-08-14T15:14:33.646Z,2066,2026-08-14T15:14:33.646Z,AHK,Ahoskie,58f20748-15b7-4a11-966c-9510b56c5310,
202608141514042248,202608141439260333,202608141439260325,123,12831,Assessments Bronze - SavePADimension1 - B12B,br_PADimension1,TASK_COMPLETE,SUCCESS,INFO,831,831,0,,2026-08-14T14:40:07.233Z,2026-08-14T15:14:33.646Z,2066,2026-08-14T15:14:33.646Z,B12B,ColoradoSprings,58f20748-15b7-4a11-966c-9510b56c5310,
202608181238297179,202608181207708127,202608181207708120,123,12830,Assessments Bronze - SavePADimension1 - AHK,br_PADimension1,TASK_COMPLETE,SUCCESS,INFO,67,67,0,,2026-08-18T12:09:06.544Z,2026-08-18T12:38:32.842Z,1766,2026-08-18T12:38:32.842Z,AHK,Ahoskie,6a9f8fe6-e2a7-49ab-8570-443c59873958,
202608181238297180,202608181207708128,202608181207708120,123,12831,Assessments Bronze - SavePADimension1 - B12B,br_PADimension1,TASK_COMPLETE,SUCCESS,INFO,833,833,0,,2026-08-18T12:09:06.544Z,2026-08-18T12:38:32.842Z,1766,2026-08-18T12:38:32.842Z,B12B,ColoradoSprings,6a9f8fe6-e2a7-49ab-8570-443c59873958,
202608181053385167,202608181018308831,202608181018308812,123,13290,Assessments Bronze - SavePADimension5 - AHK,br_PADimension5,TASK_COMPLETE,SUCCESS,INFO,65,65,0,,2026-08-18T10:19:21.940Z,2026-08-18T10:53:43.553Z,2062,2026-08-18T10:53:43.553Z,AHK,Ahoskie,06767fa9-f980-4e92-a048-4dd43e2dbe98,
202608181053385168,202608181018308832,202608181018308812,123,13291,Assessments Bronze - SavePADimension5 - B12B,br_PADimension5,TASK_COMPLETE,SUCCESS,INFO,822,822,0,,2026-08-18T10:19:21.940Z,2026-08-18T10:53:43.553Z,2062,2026-08-18T10:53:43.553Z,B12B,ColoradoSprings,06767fa9-f980-4e92-a048-4dd43e2dbe98,
202608141514042264,202608141439260347,202608141439260325,123,13405,Assessments Bronze - SavePADimension6 - AHK,br_PADimension6,TASK_COMPLETE,SUCCESS,INFO,64,64,0,,2026-08-14T14:40:07.233Z,2026-08-14T15:14:33.646Z,2066,2026-08-14T15:14:33.646Z,AHK,Ahoskie,58f20748-15b7-4a11-966c-9510b56c5310,
202608141514042265,202608141439260348,202608141439260325,123,13406,Assessments Bronze - SavePADimension6 - B12B,br_PADimension6,TASK_COMPLETE,SUCCESS,INFO,819,819,0,,2026-08-14T14:40:07.233Z,2026-08-14T15:14:33.646Z,2066,2026-08-14T15:14:33.646Z,B12B,ColoradoSprings,58f20748-15b7-4a11-966c-9510b56c5310,
202608141514042261,202608141439260344,202608141439260325,123,13290,Assessments Bronze - SavePADimension5 - AHK,br_PADimension5,TASK_COMPLETE,SUCCESS,INFO,65,65,0,,2026-08-14T14:40:07.233Z,2026-08-14T15:14:33.646Z,2066,2026-08-14T15:14:33.646Z,AHK,Ahoskie,58f20748-15b7-4a11-966c-9510b56c5310,
202608141514042262,202608141439260345,202608141439260325,123,13291,Assessments Bronze - SavePADimension5 - B12B,br_PADimension5,TASK_COMPLETE,SUCCESS,INFO,819,819,0,,2026-08-14T14:40:07.233Z,2026-08-14T15:14:33.646Z,2066,2026-08-14T15:14:33.646Z,B12B,ColoradoSprings,58f20748-15b7-4a11-966c-9510b56c5310,
202608121010342380,202608121008544389,20260812100827,101,13669,Silver QQ_GLTRAN,sl_QQgltran,TASK_FAILED,FAILED,ERROR,0,0,0,DataFrame.filter() missing 1 required positional argument: condition,2026-08-12T10:09:17.191Z,2026-08-12T10:11:10.740Z,41,2026-08-12T10:11:10.740Z,,,073a6fce-c9bc-479b-9176-987e7c40f23f,
202608251542248297,202608251517689131,202608251517689120,47,9996,P1 Finance Payer Client Silver,tbl_PayerClient,TASK_COMPLETE,SUCCESS,INFO,194,194,0,,2026-08-25T15:18:05.141Z,2026-08-25T15:42:26.877Z,1461,2026-08-25T15:42:26.877Z,,,04d587cb-fd28-4f28-a572-c158aa92fa98,
202608181053385141,202608181018308818,202608181018308812,123,12717,Assessments Bronze - SavePACounselorReview - B24,br_PACounselorReview,TASK_COMPLETE,SUCCESS,INFO,445,445,0,,2026-08-18T10:19:21.940Z,2026-08-18T10:53:43.553Z,2062,2026-08-18T10:53:43.553Z,B24,Paintsville,06767fa9-f980-4e92-a048-4dd43e2dbe98,
202608220954044556,202608220953144326,20260822095309,101,13669,Silver QQ_GLTRAN,sl_QQgltran,TASK_COMPLETE,SUCCESS,INFO,20814,20814,0,,2026-08-22T09:53:27.070Z,2026-08-22T09:54:07.368Z,31,2026-08-22T09:54:07.368Z,,,8603ce7d-aa9e-47e1-a98a-6210d9a6660a,
202608170650554176,202608170608269027,202608170608269015,106,7254,Clinical Domain Bronze - SaveCows_v6 - V10,br_Cows_v6,TASK_COMPLETE,SUCCESS,INFO,12263,12263,0,,2026-08-17T06:09:37.896Z,2026-08-17T06:50:58.970Z,2481,2026-08-17T06:50:58.970Z,V10,Boulder,83c0f655-df7d-4ce0-a8e7-3e8120951bbc,
202608260753046980,202608260751342026,20260826075125,101,13669,Silver QQ_GLTRAN,sl_QQgltran,TASK_COMPLETE,SUCCESS,INFO,22915,22915,0,,2026-08-26T07:51:47.910Z,2026-08-26T07:53:07.841Z,63,2026-08-26T07:53:07.841Z,,,21530b3b-0ec0-412a-ac81-2ac56361fe90,
202608231319335667,202608231318347934,20260823131826,101,13669,Silver QQ_GLTRAN,sl_QQgltran,TASK_COMPLETE,SUCCESS,INFO,20814,20814,0,,2026-08-23T13:18:47.257Z,2026-08-23T13:19:36.074Z,41,2026-08-23T13:19:36.074Z,,,508fe03b-0979-4394-b454-75fc1e5f3879,
202608221105393148,202608221104460015,20260822110440,101,13669,Silver QQ_GLTRAN,sl_QQgltran,TASK_COMPLETE,SUCCESS,INFO,20814,20814,0,,2026-08-22T11:04:53.359Z,2026-08-22T11:05:42.682Z,40,2026-08-22T11:05:42.682Z,,,5e2d23d6-f118-4b39-83bf-fd492995fd47,
202608250302029088,202608250302029087,20260825025926,2,19,Silver UKG Locations,Locations,TASK_COMPLETE,SUCCESS,INFO,182,182,0,,2026-08-25T03:02:06.980Z,2026-08-25T03:02:27.340Z,19,2026-08-25T03:02:27.340Z,,,6ee9c1fc-1bc7-4a37-a063-1dfebdad8409,
202608270739395015,202608270738392932,20260827073830,101,13669,Silver QQ_GLTRAN,sl_QQgltran,TASK_COMPLETE,SUCCESS,INFO,24920,24920,0,,2026-08-27T07:38:55.249Z,2026-08-27T07:39:42.027Z,38,2026-08-27T07:39:42.027Z,,,172af47b-610a-4a99-aceb-e1a3ed168be6,
202608250253581544,202608250253581544,20260825025308,1,2,UKG Term Codes API,br_TermCodes,TASK_COMPLETE,SUCCESS,INFO,4,4,0,,2026-08-25T02:54:03.295Z,2026-08-25T02:54:19.625Z,14,2026-08-25T02:54:19.625Z,,,6ee9c1fc-1bc7-4a37-a063-1dfebdad8409,
202608250300068161,202608250300068161,20260825025926,2,6,Silver UKG Term Codes,TermCodes,TASK_COMPLETE,SUCCESS,INFO,4,4,0,,2026-08-25T03:00:10.726Z,2026-08-25T03:00:28.806Z,16,2026-08-25T03:00:28.806Z,,,6ee9c1fc-1bc7-4a37-a063-1dfebdad8409,
202608141514042241,202608141439260327,202608141439260325,123,12601,Assessments Bronze - SavePA - B12B,br_PA,TASK_COMPLETE,SUCCESS,INFO,0,0,0,,2026-08-14T14:40:07.233Z,2026-08-14T15:14:33.646Z,2066,2026-08-14T15:14:33.646Z,B12B,ColoradoSprings,58f20748-15b7-4a11-966c-9510b56c5310,
202608141514042243,202608141439260328,202608141439260325,123,12602,Assessments Bronze - SavePA - B24,br_PA,TASK_COMPLETE,SUCCESS,INFO,0,0,0,,2026-08-14T14:40:07.233Z,2026-08-14T15:14:33.646Z,2066,2026-08-14T15:14:33.646Z,B24,Paintsville,58f20748-15b7-4a11-966c-9510b56c5310,
202608270908116091,202608270908116091,20260827043602,132,13711,BAM QI UA Gold,QiUA,TASK_SUCCESS,SUCCESS,INFO,278831,278831,0,,2026-08-27T09:08:11.609Z,2026-08-27T09:11:33.761Z,202,2026-08-27T09:11:33.761Z,,,3fa64f84-15aa-45fb-9cca-2f2fe48cfae1,
202608271144420740,202608271144420740,20260827113412,132,13711,BAM QI UA Gold,QiUA,TASK_SUCCESS,SUCCESS,INFO,278831,278831,0,,2026-08-27T11:44:42.074Z,2026-08-27T11:48:31.623Z,229,2026-08-27T11:48:31.623Z,,,548cb8af-a2ae-442b-8193-6118f75471ea,
202608231323426434,202608231320545834,20260823132048,102,13670,Gold QQ_GLTRAN,QQgltran,TASK_COMPLETE,SUCCESS,INFO,14956673,14956673,0,,2026-08-23T13:21:06.956Z,2026-08-23T13:23:44.127Z,150,2026-08-23T13:23:44.127Z,,,508fe03b-0979-4394-b454-75fc1e5f3879,
202608240634008174,202608240630309836,20260824063025,102,13670,Gold QQ_GLTRAN,QQgltran,TASK_COMPLETE,SUCCESS,INFO,14956673,14956673,0,,2026-08-24T06:30:37.477Z,2026-08-24T06:34:02.110Z,198,2026-08-24T06:34:02.110Z,,,25d2eaee-dfad-422c-bf93-c7d0a4c88cf3,
202608260757485491,202608260754226164,20260826075417,102,13670,Gold QQ_GLTRAN,QQgltran,TASK_COMPLETE,SUCCESS,INFO,14387651,14367667,0,,2026-08-26T07:54:30.732Z,2026-08-26T07:57:49.886Z,192,2026-08-26T07:57:49.886Z,,,21530b3b-0ec0-412a-ac81-2ac56361fe90,
202608181412117364,202608181342362712,202608181342362706,47,9406,P1 Finance Financial Hardship Application Silver,tbl_FinancialHardshipApplication,TASK_COMPLETE,SUCCESS,INFO,2264,2264,0,,2026-08-18T13:42:39.071Z,2026-08-18T14:12:14.024Z,1775,2026-08-18T14:12:14.024Z,,,2b16abcf-416f-4fd8-80a9-0aa52ca66e5c,
202608210222008069,202608210222008069,202608210217292236,84,225,Gold Salesforce Contacts,Contacts,TASK_COMPLETE,SUCCESS,INFO,111,111,0,,2026-08-21T02:22:04.536Z,2026-08-21T02:22:16.153Z,10,2026-08-21T02:22:16.153Z,,,6e633944-6270-4167-9c27-2b58aaa91b88,
202608170427051684,202608170427051684,20260817042608,5,32,Silver 8x8 CallVolume,sl_8x8_CallVolume,TASK_FAILED,FAILED,ERROR,0,0,0,function object has no attribute alias,2026-08-17T04:27:11.243Z,2026-08-17T04:27:36.987Z,23,2026-08-17T04:27:36.987Z,,,05bfb3aa-4a65-44f5-8e9d-867f9caa849a,
202608211051266109,202608211051266108,202608211048467468,84,221,Gold Salesforce StgCases,stgCases,TASK_COMPLETE,SUCCESS,INFO,670,670,0,,2026-08-21T10:51:30.790Z,2026-08-21T10:51:49.846Z,17,2026-08-21T10:51:49.846Z,,,45603680-296f-4487-82f1-f8045d5f38e1,
202608180908433809,202608180834632771,202608180834632768,107,8557,Clinical Domain Silver - SaveBamScore,sl_bamscore,TASK_COMPLETE,SUCCESS,INFO,20046,20046,0,,2026-08-18T08:37:01.117Z,2026-08-18T09:08:45.854Z,1904,2026-08-18T09:08:45.854Z,Global,SAMMSGLOBAL,08f45940-4fba-4d40-8013-5941939f8b2e,
202608170655047541,202608170608369018,202608170608369015,107,8557,Clinical Domain Silver - SaveBamScore,sl_bamscore,TASK_COMPLETE,SUCCESS,INFO,20007,20007,0,,2026-08-17T06:09:37.896Z,2026-08-17T06:55:07.563Z,2730,2026-08-17T06:55:07.563Z,Global,SAMMSGLOBAL,83c0f655-df7d-4ce0-a8e7-3e8120951bbc,
202608151358565617,202608151310507806,202608151310507803,107,8557,Clinical Domain Silver - SaveBamScore,sl_bamscore,TASK_COMPLETE,SUCCESS,INFO,20007,20007,0,,2026-08-15T13:11:43.813Z,2026-08-15T13:58:58.213Z,2835,2026-08-15T13:58:58.213Z,Global,SAMMSGLOBAL,56214535-005b-4285-976b-e0172bc11b0b,
202608210220382849,202608210220382849,202608210217292236,84,222,Gold Salesforce StgLeads,stgLeads,TASK_COMPLETE,SUCCESS,INFO,121,121,0,,2026-08-21T02:20:41.687Z,2026-08-21T02:20:56.839Z,13,2026-08-21T02:20:56.839Z,,,6e633944-6270-4167-9c27-2b58aaa91b88,
202608201759096796,202608201759096796,202608201756217905,84,221,Gold Salesforce StgCases,stgCases,TASK_COMPLETE,SUCCESS,INFO,903,903,0,,2026-08-20T17:59:14.444Z,2026-08-20T17:59:31.117Z,15,2026-08-20T17:59:31.117Z,,,635224f3-f193-4ab0-a06c-8d0fbf5d6c6d,
202608151713285273,202608151713285272,20260815125659,5,32,Silver 8x8 CallVolume,sl_8x8_CallVolume,TASK_FAILED,FAILED,ERROR,0,0,0,function object has no attribute alias,2026-08-15T17:13:33.865Z,2026-08-15T17:13:49.808Z,14,2026-08-15T17:13:49.808Z,,,4bfd62cb-cdb1-43b0-9906-0c9977c047bd,
202608151358565623,202608151310507812,202608151310507803,107,8563,Clinical Domain Silver - SaveMNCA,sl_mncomprehensiveassessment,TASK_COMPLETE,SUCCESS,INFO,1128,1128,0,,2026-08-15T13:11:43.813Z,2026-08-15T13:58:58.213Z,2835,2026-08-15T13:58:58.213Z,Global,SAMMSGLOBAL,56214535-005b-4285-976b-e0172bc11b0b,
202608170650554190,202608170608269040,202608170608269015,106,7845,Clinical Domain Bronze - SaveMNCA - VBRA,br_MNComprehensiveAssessment,TASK_COMPLETE,SUCCESS,INFO,230,230,0,,2026-08-17T06:09:37.896Z,2026-08-17T06:50:58.970Z,2481,2026-08-17T06:50:58.970Z,VBRA,Brainerd,83c0f655-df7d-4ce0-a8e7-3e8120951bbc,
202608141506426632,202608141444143615,202608141444143611,46,8820,P1 Finance PBI 3 Pay Auth Bronze - B12B,br_samms_pbi3_pay_auth,TASK_COMPLETE,SUCCESS,INFO,131,131,0,,2026-08-14T14:44:17.762Z,2026-08-14T15:09:27.882Z,1510,2026-08-14T15:09:27.882Z,B12B,ColoradoSprings,1c123384-c339-4954-be1f-3a8d150ebb14,
202608171245095669,202608171211698294,202608171211698283,107,8565,Clinical Domain Silver - SaveVACA,sl_vacomprehensiveassessment,TASK_COMPLETE,SUCCESS,INFO,1716,1716,0,,2026-08-17T12:12:57.246Z,2026-08-17T12:45:12.159Z,1935,2026-08-17T12:45:12.159Z,Global,SAMMSGLOBAL,71c4b27b-8df0-48dd-a1ee-a6ea3a63b852,
202608170650554193,202608170608269043,202608170608269015,106,7848,Clinical Domain Bronze - SaveMNCA - VWBY,br_MNComprehensiveAssessment,TASK_COMPLETE,SUCCESS,INFO,407,407,0,,2026-08-17T06:09:37.896Z,2026-08-17T06:50:58.970Z,2481,2026-08-17T06:50:58.970Z,VWBY,Woodbury,83c0f655-df7d-4ce0-a8e7-3e8120951bbc,
202608180908433818,202608180834632779,202608180834632768,107,8565,Clinical Domain Silver - SaveVACA,sl_vacomprehensiveassessment,TASK_COMPLETE,SUCCESS,INFO,1721,1721,0,,2026-08-18T08:37:01.117Z,2026-08-18T09:08:45.854Z,1904,2026-08-18T09:08:45.854Z,Global,SAMMSGLOBAL,08f45940-4fba-4d40-8013-5941939f8b2e,
202608171245095667,202608171211698292,202608171211698283,107,8563,Clinical Domain Silver - SaveMNCA,sl_mncomprehensiveassessment,TASK_COMPLETE,SUCCESS,INFO,1130,1130,0,,2026-08-17T12:12:57.246Z,2026-08-17T12:45:12.159Z,1935,2026-08-17T12:45:12.159Z,Global,SAMMSGLOBAL,71c4b27b-8df0-48dd-a1ee-a6ea3a63b852,
202608170510562245,202608170422315759,202608170422315750,107,8563,Clinical Domain Silver - SaveMNCA,sl_mncomprehensiveassessment,TASK_COMPLETE,SUCCESS,INFO,1128,1128,0,,2026-08-17T04:29:17.023Z,2026-08-17T05:11:26.731Z,2529,2026-08-17T05:11:26.731Z,Global,SAMMSGLOBAL,0b53dc13-182d-4036-9b17-0891eca5f916,
202608151146098638,202608151055524867,202608151055524858,107,8563,Clinical Domain Silver - SaveMNCA,sl_mncomprehensiveassessment,TASK_COMPLETE,SUCCESS,INFO,1128,1128,0,,2026-08-15T10:59:41.813Z,2026-08-15T11:46:12.215Z,2791,2026-08-15T11:46:12.215Z,Global,SAMMSGLOBAL,09bdfa13-0c4c-4ca3-9dd3-abd349cbbab4,
202608170655047548,202608170608369024,202608170608369015,107,8563,Clinical Domain Silver - SaveMNCA,sl_mncomprehensiveassessment,TASK_COMPLETE,SUCCESS,INFO,1128,1128,0,,2026-08-17T06:09:37.896Z,2026-08-17T06:55:07.563Z,2730,2026-08-17T06:55:07.563Z,Global,SAMMSGLOBAL,83c0f655-df7d-4ce0-a8e7-3e8120951bbc,
202608181230520185,202608181205521869,202608181205521842,118,11836,Bronze P1/P2 Assessments,br_NewPeriodicReassessmentD6,TASK_COMPLETE,SUCCESS,INFO,0,0,0,,2026-08-18T12:06:00.341Z,2026-08-18T12:30:55.108Z,1495,2026-08-18T12:30:55.108Z,B33,Paducah,201d97b6-7f87-43f7-a098-fb002daf1faf,
202608181230520186,202608181205521870,202608181205521842,118,12011,Bronze P1/P2 Assessments,br_NewAdmissionAssessmentASAMDimension2,TASK_COMPLETE,SUCCESS,INFO,273,273,0,,2026-08-18T12:06:00.341Z,2026-08-18T12:30:55.108Z,1495,2026-08-18T12:30:55.108Z,B24,Paintsville,201d97b6-7f87-43f7-a098-fb002daf1faf,
202608201639269743,202608201639269742,202608201638083197,82,202,Salesforce Tasks,br_sf_tasks,TASK_COMPLETE,SUCCESS,INFO,1476,1476,0,,2026-08-20T16:39:31.533Z,2026-08-20T16:39:47.668Z,14,2026-08-20T16:39:47.668Z,,,4ed56315-bafe-4059-9903-76e756bd89c4,
202608201127313715,202608201127313714,202608201125599805,82,202,Salesforce Tasks,br_sf_tasks,TASK_COMPLETE,SUCCESS,INFO,1040,1040,0,,2026-08-20T11:27:36.187Z,2026-08-20T11:27:52.725Z,15,2026-08-20T11:27:52.725Z,,,79156e84-8509-4e63-a064-b4b0873a2a40,
202608170650554178,202608170608269029,202608170608269015,106,7320,Clinical Domain Bronze - SaveUAResults - BOI,br_UAResults,TASK_COMPLETE,SUCCESS,INFO,1,1,0,,2026-08-17T06:09:37.896Z,2026-08-17T06:50:58.970Z,2481,2026-08-17T06:50:58.970Z,BOI,Boise,83c0f655-df7d-4ce0-a8e7-3e8120951bbc,
202608210201001358,202608210201001358,202608210159223552,82,202,Salesforce Tasks,br_sf_tasks,TASK_COMPLETE,SUCCESS,INFO,1941,1941,0,,2026-08-21T02:01:05.028Z,2026-08-21T02:01:21.710Z,15,2026-08-21T02:01:21.710Z,,,6e633944-6270-4167-9c27-2b58aaa91b88,
202608211032282092,202608211032282092,202608211031030755,82,202,Salesforce Tasks,br_sf_tasks,TASK_COMPLETE,SUCCESS,INFO,1061,1061,0,,2026-08-21T10:32:33.252Z,2026-08-21T10:32:49.768Z,15,2026-08-21T10:32:49.768Z,,,45603680-296f-4487-82f1-f8045d5f38e1,
202608210203162086,202608210203162086,202608210159223552,82,206,Salesforce Cases,br_sf_cases,TASK_COMPLETE,SUCCESS,INFO,1065,1065,0,,2026-08-21T02:03:20.311Z,2026-08-21T02:03:36.456Z,14,2026-08-21T02:03:36.456Z,,,6e633944-6270-4167-9c27-2b58aaa91b88,
202608201739139098,202608201739139097,202608201737362918,82,202,Salesforce Tasks,br_sf_tasks,TASK_COMPLETE,SUCCESS,INFO,1619,1619,0,,2026-08-20T17:39:18.805Z,2026-08-20T17:39:35.672Z,15,2026-08-20T17:39:35.672Z,,,635224f3-f193-4ab0-a06c-8d0fbf5d6c6d,
202608201544433153,202608201544433153,202608201542593057,82,202,Salesforce Tasks,br_sf_tasks,TASK_COMPLETE,SUCCESS,INFO,1366,1366,0,,2026-08-20T15:44:48.100Z,2026-08-20T15:45:07.334Z,18,2026-08-20T15:45:07.334Z,,,95538f17-9d82-404e-9e3f-d1777714a921,
202608171010560553,202608171010560553,202608171005421194,82,6805,Salesforce Patient Survey Responses,br_sf_patient_survey_responses,TASK_COMPLETE,SUCCESS,INFO,208,208,0,,2026-08-17T10:11:03.219Z,2026-08-17T10:11:25.378Z,20,2026-08-17T10:11:25.378Z,,,7037e752-f6e1-4d8a-bc47-4e70a4e83a16,
202608150557066704,202608150537502641,202608150537502637,119,12563,Silver P1/P2 Assessments,sl_NewPeriodicReassessmentCounselorReview,TASK_COMPLETE,SUCCESS,INFO,1749,1749,0,,2026-08-15T05:38:25.156Z,2026-08-15T05:57:09.877Z,1124,2026-08-15T05:57:09.877Z,,,92fdec37-a7f1-4589-8ea2-af8b074ddb31,
202608140748076877,202608140725314660,202608140725314656,119,12563,Silver P1/P2 Assessments,sl_NewPeriodicReassessmentCounselorReview,TASK_COMPLETE,SUCCESS,INFO,1746,1746,0,,2026-08-14T07:25:23.942Z,2026-08-14T07:48:10.268Z,1367,2026-08-14T07:48:10.268Z,,,9e759780-91b7-4e4a-882b-cd4350ec70b7,
202608181233341157,202608181205621846,202608181205621842,119,12563,Silver P1/P2 Assessments,sl_NewPeriodicReassessmentCounselorReview,TASK_COMPLETE,SUCCESS,INFO,1759,1759,0,,2026-08-18T12:06:00.341Z,2026-08-18T12:33:35.919Z,1655,2026-08-18T12:33:35.919Z,,,201d97b6-7f87-43f7-a098-fb002daf1faf,
202608170751444041,202608170720464603,202608170720464599,119,12563,Silver P1/P2 Assessments,sl_NewPeriodicReassessmentCounselorReview,TASK_COMPLETE,SUCCESS,INFO,1749,1749,0,,2026-08-17T07:20:41.512Z,2026-08-17T07:51:47.000Z,1866,2026-08-17T07:51:47.000Z,,,422b71cc-fe6c-4f30-846d-92fb5587d0e9,
202608170008440984,202608162346418925,202608162346418898,85,414,Bronze INV,br_AdmissionAssessmentDimensionFiveSubstanceUse,TASK_COMPLETE,SUCCESS,INFO,97,97,0,,2026-08-16T23:46:55.971Z,2026-08-17T00:08:47.406Z,1312,2026-08-17T00:08:47.406Z,AHK,Ahoskie,77f58b99-e250-4627-9f17-559331ecd0ef,
202608201034573233,202608201013630451,202608201013630447,47,9170,P1 Finance FMP Silver,tbl_Fmp,TASK_COMPLETE,SUCCESS,INFO,10039,10039,0,,2026-08-20T10:13:57.622Z,2026-08-20T10:39:20.764Z,1523,2026-08-20T10:39:20.764Z,,,069e8d01-766c-4679-b3df-c21f4d7bc3d1,
202608200307397653,202608200240773828,202608200240773824,47,9170,P1 Finance FMP Silver,tbl_Fmp,TASK_COMPLETE,SUCCESS,INFO,10038,10038,0,,2026-08-20T02:41:23.064Z,2026-08-20T03:07:41.295Z,1578,2026-08-20T03:07:41.295Z,,,05c5c70e-2926-4311-8f49-65b9279948a3,
202608170650554179,202608170608269030,202608170608269015,106,7369,Clinical Domain Bronze - SaveUAResults - V10,br_UAResults,TASK_COMPLETE,SUCCESS,INFO,1,1,0,,2026-08-17T06:09:37.896Z,2026-08-17T06:50:58.970Z,2481,2026-08-17T06:50:58.970Z,V10,Boulder,83c0f655-df7d-4ce0-a8e7-3e8120951bbc,
202608241912325221,202608241904501260,202608241904501259,8,94384,DOSE Silver Pipeline,tbl_dose,TASK_COMPLETE,SUCCESS,INFO,50792,50792,0,,2026-08-24T19:04:44.377Z,2026-08-24T19:15:19.610Z,635,2026-08-24T19:15:19.610Z,,,0346ab63-a7c9-42d8-8f80-92ecf515f1ad,
202608120351571431,202608120259357383,202608120259357369,107,8568,Clinical Domain Silver - SaveEnrollment,slv_enrollment,TASK_COMPLETE,SUCCESS,INFO,14862,14862,0,,2026-08-12T03:00:44.797Z,2026-08-12T03:52:01.885Z,3077,2026-08-12T03:52:01.885Z,Global,SAMMSGLOBAL,72952692-3a45-4fdd-be32-4592206c2867,
202608130414588486,202608130315300019,202608130315300005,107,8568,Clinical Domain Silver - SaveEnrollment,slv_enrollment,TASK_COMPLETE,SUCCESS,INFO,14867,14867,0,,2026-08-13T03:16:19.557Z,2026-08-13T04:15:00.802Z,3521,2026-08-13T04:15:00.802Z,Global,SAMMSGLOBAL,11ed6329-841a-4e7a-bfb1-61191c79c28e,
202608211049313019,202608211049313018,202608211048467468,84,217,Gold Salesforce RecordTypes,RecordType,TASK_COMPLETE,SUCCESS,INFO,21,21,0,,2026-08-21T10:49:35.258Z,2026-08-21T10:49:50.285Z,13,2026-08-21T10:49:50.285Z,,,45603680-296f-4487-82f1-f8045d5f38e1,
202608210218210364,202608210218210364,202608210217292236,84,217,Gold Salesforce RecordTypes,RecordType,TASK_COMPLETE,SUCCESS,INFO,21,21,0,,2026-08-21T02:18:24.743Z,2026-08-21T02:18:38.335Z,12,2026-08-21T02:18:38.335Z,,,6e633944-6270-4167-9c27-2b58aaa91b88,
202608170008440976,202608162346418918,202608162346418898,85,783,Bronze INV,br_AdmissionAssessmentDimensionOneDisorder,TASK_COMPLETE,SUCCESS,INFO,794,794,0,,2026-08-16T23:46:55.971Z,2026-08-17T00:08:47.406Z,1312,2026-08-17T00:08:47.406Z,B12B,Colorado Springs,77f58b99-e250-4627-9f17-559331ecd0ef,
202608121052561391,202608121009460907,202608121009460893,107,8568,Clinical Domain Silver - SaveEnrollment,slv_enrollment,TASK_COMPLETE,SUCCESS,INFO,14862,14862,0,,2026-08-12T10:11:56.792Z,2026-08-12T10:53:15.475Z,2479,2026-08-12T10:53:15.475Z,Global,SAMMSGLOBAL,1325a4eb-aa02-4bc9-9fae-d06e40a0cece,
202608170749224556,202608170720364661,202608170720364599,118,11836,Bronze P1/P2 Assessments,br_NewPeriodicReassessmentD6,TASK_COMPLETE,SUCCESS,INFO,0,0,0,,2026-08-17T07:20:41.512Z,2026-08-17T07:49:26.331Z,1725,2026-08-17T07:49:26.331Z,B33,Paducah,422b71cc-fe6c-4f30-846d-92fb5587d0e9,
202608170749224557,202608170720364662,202608170720364599,118,11891,Bronze P1/P2 Assessments,br_NewPeriodicReassessmentD6,TASK_COMPLETE,SUCCESS,INFO,0,0,0,,2026-08-17T07:20:41.512Z,2026-08-17T07:49:26.331Z,1725,2026-08-17T07:49:26.331Z,CBCO,Coeur dAlene,422b71cc-fe6c-4f30-846d-92fb5587d0e9,
202608170749224524,202608170720364633,202608170720364599,118,11100,Bronze P1/P2 Assessments,br_NewPeriodicReassessmentD2,TASK_COMPLETE,SUCCESS,INFO,0,0,0,,2026-08-17T07:20:41.512Z,2026-08-17T07:49:26.331Z,1725,2026-08-17T07:49:26.331Z,B33,Paducah,422b71cc-fe6c-4f30-846d-92fb5587d0e9,
202608170749224525,202608170720364634,202608170720364599,118,11155,Bronze P1/P2 Assessments,br_NewPeriodicReassessmentD2,TASK_COMPLETE,SUCCESS,INFO,0,0,0,,2026-08-17T07:20:41.512Z,2026-08-17T07:49:26.331Z,1725,2026-08-17T07:49:26.331Z,CBCO,Coeur dAlene,422b71cc-fe6c-4f30-846d-92fb5587d0e9,
202608170749224532,202608170720364640,202608170720364599,118,11284,Bronze P1/P2 Assessments,br_NewPeriodicReassessmentD3,TASK_COMPLETE,SUCCESS,INFO,0,0,0,,2026-08-17T07:20:41.512Z,2026-08-17T07:49:26.331Z,1725,2026-08-17T07:49:26.331Z,B33,Paducah,422b71cc-fe6c-4f30-846d-92fb5587d0e9,
202608170749224533,202608170720364641,202608170720364599,118,11339,Bronze P1/P2 Assessments,br_NewPeriodicReassessmentD3,TASK_COMPLETE,SUCCESS,INFO,0,0,0,,2026-08-17T07:20:41.512Z,2026-08-17T07:49:26.331Z,1725,2026-08-17T07:49:26.331Z,CBCO,Coeur dAlene,422b71cc-fe6c-4f30-846d-92fb5587d0e9,
202608151434387467,202608151417675657,202608151417675641,118,10722,Bronze P1/P2 Assessments,br_NewPeriodicReassessment,TASK_COMPLETE,SUCCESS,INFO,0,0,0,,2026-08-15T14:18:19.683Z,2026-08-15T14:37:39.575Z,1160,2026-08-15T14:37:39.575Z,B12B,Colorado Springs,556076c4-618a-4487-8b31-ba5017a3c197,
202608170749224540,202608170720364647,202608170720364599,118,11468,Bronze P1/P2 Assessments,br_NewPeriodicReassessmentD4,TASK_COMPLETE,SUCCESS,INFO,0,0,0,,2026-08-17T07:20:41.512Z,2026-08-17T07:49:26.331Z,1725,2026-08-17T07:49:26.331Z,B33,Paducah,422b71cc-fe6c-4f30-846d-92fb5587d0e9,
202608170749224541,202608170720364648,202608170720364599,118,11523,Bronze P1/P2 Assessments,br_NewPeriodicReassessmentD4,TASK_COMPLETE,SUCCESS,INFO,0,0,0,,2026-08-17T07:20:41.512Z,2026-08-17T07:49:26.331Z,1725,2026-08-17T07:49:26.331Z,CBCO,Coeur dAlene,422b71cc-fe6c-4f30-846d-92fb5587d0e9,
202608170749224504,202608170720364615,202608170720364599,118,10722,Bronze P1/P2 Assessments,br_NewPeriodicReassessment,TASK_COMPLETE,SUCCESS,INFO,0,0,0,,2026-08-17T07:20:41.512Z,2026-08-17T07:49:26.331Z,1725,2026-08-17T07:49:26.331Z,B12B,Colorado Springs,422b71cc-fe6c-4f30-846d-92fb5587d0e9,
202608170749224548,202608170720364654,202608170720364599,118,11652,Bronze P1/P2 Assessments,br_NewPeriodicReassessmentD5,TASK_COMPLETE,SUCCESS,INFO,0,0,0,,2026-08-17T07:20:41.512Z,2026-08-17T07:49:26.331Z,1725,2026-08-17T07:49:26.331Z,B33,Paducah,422b71cc-fe6c-4f30-846d-92fb5587d0e9,
202608170749224549,202608170720364655,202608170720364599,118,11707,Bronze P1/P2 Assessments,br_NewPeriodicReassessmentD5,TASK_COMPLETE,SUCCESS,INFO,0,0,0,,2026-08-17T07:20:41.512Z,2026-08-17T07:49:26.331Z,1725,2026-08-17T07:49:26.331Z,CBCO,Coeur dAlene,422b71cc-fe6c-4f30-846d-92fb5587d0e9,
202608271135088251,202608271135088251,20260827113412,132,13701,Census First Dose Gold,CensusFirstDose,TASK_SUCCESS,SUCCESS,INFO,4913,4913,0,,2026-08-27T11:35:08.825Z,2026-08-27T11:35:41.993Z,33,2026-08-27T11:35:41.993Z,,,548cb8af-a2ae-442b-8193-6118f75471ea,
202608270900529153,202608270900529153,20260827043602,132,13701,Census First Dose Gold,CensusFirstDose,TASK_SUCCESS,SUCCESS,INFO,4913,4913,0,,2026-08-27T09:00:52.915Z,2026-08-27T09:01:18.897Z,25,2026-08-27T09:01:18.897Z,,,3fa64f84-15aa-45fb-9cca-2f2fe48cfae1,
202608140317381242,202608140317381242,20260814031729,95,5718,Silver Chatmeter Patient Satisfaction Reviews,sl_chatmeter_patientsatisfaction,TASK_COMPLETE,SUCCESS,INFO,9290,36,0,,2026-08-14T03:17:44.000Z,2026-08-14T03:18:40.072Z,53,2026-08-14T03:18:40.072Z,,,8f130ade-f940-4ab7-88a3-def4adf9c0ce,
202608250254229627,202608250254229626,20260825025308,1,3,UKG Org Levels API,br_OrgLevels,TASK_COMPLETE,SUCCESS,INFO,214,214,0,,2026-08-25T02:54:28.014Z,2026-08-25T02:54:43.744Z,14,2026-08-25T02:54:43.744Z,,,6ee9c1fc-1bc7-4a37-a063-1dfebdad8409,
202608250300351767,202608250300351767,20260825025926,2,7,Silver UKG Org Levels,OrgLevels,TASK_COMPLETE,SUCCESS,INFO,214,214,0,,2026-08-25T03:00:39.029Z,2026-08-25T03:00:55.774Z,15,2026-08-25T03:00:55.774Z,,,6ee9c1fc-1bc7-4a37-a063-1dfebdad8409,
202608130414588481,202608130315300014,202608130315300005,107,8563,Clinical Domain Silver - SaveMNCA,slv_mncomprehensiveassessment,TASK_COMPLETE,SUCCESS,INFO,1127,1127,0,,2026-08-13T03:16:19.557Z,2026-08-13T04:15:00.802Z,3521,2026-08-13T04:15:00.802Z,Global,SAMMSGLOBAL,11ed6329-841a-4e7a-bfb1-61191c79c28e,
202608120919417449,202608120822552537,202608120822552528,107,8563,Clinical Domain Silver - SaveMNCA,slv_mncomprehensiveassessment,TASK_COMPLETE,SUCCESS,INFO,1125,1125,0,,2026-08-12T08:25:12.254Z,2026-08-12T09:19:44.466Z,3272,2026-08-12T09:19:44.466Z,Global,SAMMSGLOBAL,577435af-c452-4617-9a3c-7d2b03361707,
202608150828523928,202608150828523927,202608141121345444,84,219,Gold Salesforce StgTasks,stgTask,TASK_ALREADY_COMPLETED,ALREADY_COMPLETED,INFO,0,0,0,Already succeeded in previous attempt,2026-08-15T08:28:57.103Z,2026-08-15T08:28:57.103Z,0,2026-08-15T08:28:57.103Z,,,749d5262-86ff-40e0-8a86-2235f2d6051c,
202608140551471264,202608140537410923,202608140537410912,118,10909,Bronze P1/P2 Assessments,br_NewPeriodicReassessmentCounselorReview,TASK_COMPLETE,SUCCESS,INFO,1189,1189,0,,2026-08-14T05:37:54.245Z,2026-08-14T05:51:50.752Z,836,2026-08-14T05:51:50.752Z,B26,Hazard,49a6a879-8aad-45bb-887e-905eab5ea9bb,
202608140551471265,202608140537410924,202608140537410912,118,10916,Bronze P1/P2 Assessments,br_NewPeriodicReassessmentCounselorReview,TASK_COMPLETE,SUCCESS,INFO,237,237,0,,2026-08-14T05:37:54.245Z,2026-08-14T05:51:50.752Z,836,2026-08-14T05:51:50.752Z,B33,Paducah,49a6a879-8aad-45bb-887e-905eab5ea9bb,
202608141935472373,202608141857340799,202608141857340774,31,94025,FormAnswerSignatures Bronze - B44,br_tblFormAnswerSig,TASK_COMPLETE,SUCCESS,INFO,35374,35374,0,,2026-08-14T18:58:05.482Z,2026-08-14T19:35:50.482Z,2265,2026-08-14T19:35:50.482Z,B44,Albany,015634ea-243f-49e1-a18e-0e1d033651d1,
202608141935472374,202608141857340800,202608141857340774,31,94026,FormAnswerSignatures Bronze - B45,br_tblFormAnswerSig,TASK_COMPLETE,SUCCESS,INFO,79127,79127,0,,2026-08-14T18:58:05.482Z,2026-08-14T19:35:50.482Z,2265,2026-08-14T19:35:50.482Z,B45,Tifton,015634ea-243f-49e1-a18e-0e1d033651d1,
202608141935472375,202608141857340801,202608141857340774,31,94027,FormAnswerSignatures Bronze - B46,br_tblFormAnswerSig,TASK_COMPLETE,SUCCESS,INFO,82616,82616,0,,2026-08-14T18:58:05.482Z,2026-08-14T19:35:50.482Z,2265,2026-08-14T19:35:50.482Z,B46,WashingtonDC,015634ea-243f-49e1-a18e-0e1d033651d1,
202608171338549340,202608171338549340,202608171026319654,84,219,Gold Salesforce StgTasks,stgTask,TASK_ALREADY_COMPLETED,ALREADY_COMPLETED,INFO,0,0,0,Already succeeded in previous attempt,2026-08-17T13:39:01.741Z,2026-08-17T13:39:01.741Z,0,2026-08-17T13:39:01.741Z,,,1cdba2b7-2cc0-4832-97e7-304e1a700c17,
202608150746000752,202608150746000752,202608141121345444,84,219,Gold Salesforce StgTasks,stgTask,TASK_ALREADY_COMPLETED,ALREADY_COMPLETED,INFO,0,0,0,Already succeeded in previous attempt,2026-08-15T07:46:05.087Z,2026-08-15T07:46:05.087Z,0,2026-08-15T07:46:05.087Z,,,7aeef17f-6a83-4892-911d-f2c8473c9ddd,
202608150648288136,202608150648288135,202608141121345444,84,219,Gold Salesforce StgTasks,stgTask,TASK_ALREADY_COMPLETED,ALREADY_COMPLETED,INFO,0,0,0,Already succeeded in previous attempt,2026-08-15T06:48:33.525Z,2026-08-15T06:48:33.525Z,0,2026-08-15T06:48:33.525Z,,,4b120bb3-f1e6-442e-8114-0fadc28f6b49,
202608141935472406,202608141857340829,202608141857340774,31,94055,FormAnswerSignatures Bronze - DRD-KC,br_tblFormAnswerSig,TASK_COMPLETE,SUCCESS,INFO,72429,72429,0,,2026-08-14T18:58:05.482Z,2026-08-14T19:35:50.482Z,2265,2026-08-14T19:35:50.482Z,DRD-KC,KC,015634ea-243f-49e1-a18e-0e1d033651d1,
202608141935472407,202608141857340830,202608141857340774,31,94056,FormAnswerSignatures Bronze - DRD-KVB,br_tblFormAnswerSig,TASK_COMPLETE,SUCCESS,INFO,182577,182577,0,,2026-08-14T18:58:05.482Z,2026-08-14T19:35:50.482Z,2265,2026-08-14T19:35:50.482Z,DRD-KVB,KVB,015634ea-243f-49e1-a18e-0e1d033651d1,
202608141935472408,202608141857340831,202608141857340774,31,94057,FormAnswerSignatures Bronze - DRD-KVC,br_tblFormAnswerSig,TASK_COMPLETE,SUCCESS,INFO,209016,209016,0,,2026-08-14T18:58:05.482Z,2026-08-14T19:35:50.482Z,2265,2026-08-14T19:35:50.482Z,DRD-KVC,KVC,015634ea-243f-49e1-a18e-0e1d033651d1,
202608270701253893,202608270659212221,20260827065911,100,13668,Bronze QQ_GLTRAN,br_qq_gltran,TASK_COMPLETE,SUCCESS,INFO,24920,24920,0,,2026-08-27T06:59:30.623Z,2026-08-27T07:01:28.097Z,105,2026-08-27T07:01:28.097Z,,,434c0c00-c264-4a73-aac2-9dc5d7406fe8,
202608140315074459,202608140315074458,20260814031459,94,5717,Bronze Chatmeter Patient Satisfaction Reviews,br_chatmeter_patientsatisfaction,TASK_COMPLETE,SUCCESS,INFO,9290,9290,0,,2026-08-14T03:15:15.000Z,2026-08-14T03:16:02.811Z,44,2026-08-14T03:16:02.811Z,,,8f130ade-f940-4ab7-88a3-def4adf9c0ce,
202608260747344505,202608260741561723,20260826074145,100,13668,Bronze QQ_GLTRAN,br_qq_gltran,TASK_COMPLETE,SUCCESS,INFO,22915,22915,0,,2026-08-26T07:42:06.790Z,2026-08-26T07:47:37.992Z,313,2026-08-26T07:47:37.992Z,,,21530b3b-0ec0-412a-ac81-2ac56361fe90,
202608231312158608,202608231310150851,20260823131005,100,13668,Bronze QQ_GLTRAN,br_qq_gltran,TASK_COMPLETE,SUCCESS,INFO,20814,20814,0,,2026-08-23T13:10:24.206Z,2026-08-23T13:12:18.764Z,72,2026-08-23T13:12:18.764Z,,,508fe03b-0979-4394-b454-75fc1e5f3879,
202608210730143164,202608210728241666,20260821072815,100,13668,Bronze QQ_GLTRAN,br_qq_gltran,TASK_COMPLETE,SUCCESS,INFO,20814,20814,0,,2026-08-21T07:28:32.474Z,2026-08-21T07:30:17.493Z,64,2026-08-21T07:30:17.493Z,,,5dcbdf16-684e-4cfb-b8f1-a5d56858b4a4,
202608251733582707,202608251712711184,202608251712711180,89,5122,P1 Reference Services Silver,tbl_SERVICES,TASK_COMPLETE,SUCCESS,INFO,238,238,0,,2026-08-25T17:13:33.765Z,2026-08-25T17:34:00.541Z,1227,2026-08-25T17:34:00.541Z,,,72553dbc-d702-4eda-a5d0-9ceb643e22ea,
202608201752164345,202608201752164345,202608201748445561,83,213,Silver Salesforce Contacts,sl_sf_contacts,TASK_COMPLETE,SUCCESS,INFO,1920,1920,0,,2026-08-20T17:52:20.548Z,2026-08-20T17:52:47.747Z,25,2026-08-20T17:52:47.747Z,,,635224f3-f193-4ab0-a06c-8d0fbf5d6c6d,
202608210213318404,202608210213318404,202608210210099193,83,213,Silver Salesforce Contacts,sl_sf_contacts,TASK_COMPLETE,SUCCESS,INFO,2044,2044,0,,2026-08-21T02:13:35.483Z,2026-08-21T02:14:01.653Z,25,2026-08-21T02:14:01.653Z,,,6e633944-6270-4167-9c27-2b58aaa91b88,
202608201557110100,202608201557110100,202608201553439487,83,213,Silver Salesforce Contacts,sl_sf_contacts,TASK_COMPLETE,SUCCESS,INFO,1813,1813,0,,2026-08-20T15:57:17.129Z,2026-08-20T15:57:45.683Z,27,2026-08-20T15:57:45.683Z,,,95538f17-9d82-404e-9e3f-d1777714a921,
202608201651554394,202608201651554394,202608201648145195,83,213,Silver Salesforce Contacts,sl_sf_contacts,TASK_COMPLETE,SUCCESS,INFO,1855,1855,0,,2026-08-20T16:51:58.850Z,2026-08-20T16:52:24.904Z,24,2026-08-20T16:52:24.904Z,,,4ed56315-bafe-4059-9903-76e756bd89c4,
202608211044328340,202608211044328339,202608211041144699,83,213,Silver Salesforce Contacts,sl_sf_contacts,TASK_COMPLETE,SUCCESS,INFO,1527,1527,0,,2026-08-21T10:44:36.892Z,2026-08-21T10:45:05.807Z,27,2026-08-21T10:45:05.807Z,,,45603680-296f-4487-82f1-f8045d5f38e1,
202608231047184839,202608231034337595,20260823103424,100,13668,Bronze QQ_GLTRAN,br_qq_gltran,TASK_COMPLETE,SUCCESS,INFO,14956673,14956673,0,,2026-08-23T10:34:46.584Z,2026-08-23T10:47:21.067Z,739,2026-08-23T10:47:21.067Z,,,6dfc38f1-3449-40ed-bfc0-14c1721f4a22,
202608151358565614,202608151310507804,202608151310507803,107,8555,Clinical Domain Silver - SaveCheckIn,sl_checkin,TASK_COMPLETE,SUCCESS,INFO,30545,30545,0,,2026-08-15T13:11:43.813Z,2026-08-15T13:58:58.213Z,2835,2026-08-15T13:58:58.213Z,Global,SAMMSGLOBAL,56214535-005b-4285-976b-e0172bc11b0b,
202608171245095661,202608171211698287,202608171211698283,107,8558,Clinical Domain Silver - SaveCows_v6,sl_cows_v6,TASK_COMPLETE,SUCCESS,INFO,23769,23769,0,,2026-08-17T12:12:57.246Z,2026-08-17T12:45:12.159Z,1935,2026-08-17T12:45:12.159Z,Global,SAMMSGLOBAL,71c4b27b-8df0-48dd-a1ee-a6ea3a63b852,
202608180908433810,202608180834632772,202608180834632768,107,8558,Clinical Domain Silver - SaveCows_v6,sl_cows_v6,TASK_COMPLETE,SUCCESS,INFO,23798,23798,0,,2026-08-18T08:37:01.117Z,2026-08-18T09:08:45.854Z,1904,2026-08-18T09:08:45.854Z,Global,SAMMSGLOBAL,08f45940-4fba-4d40-8013-5941939f8b2e,
202608170655047542,202608170608369019,202608170608369015,107,8558,Clinical Domain Silver - SaveCows_v6,sl_cows_v6,TASK_COMPLETE,SUCCESS,INFO,23738,23738,0,,2026-08-17T06:09:37.896Z,2026-08-17T06:55:07.563Z,2730,2026-08-17T06:55:07.563Z,Global,SAMMSGLOBAL,83c0f655-df7d-4ce0-a8e7-3e8120951bbc,
202608181053385137,202608181018308814,202608181018308812,123,12601,Assessments Bronze - SavePA - B12B,br_PA,TASK_COMPLETE,SUCCESS,INFO,833,833,0,,2026-08-18T10:19:21.940Z,2026-08-18T10:53:43.553Z,2062,2026-08-18T10:53:43.553Z,B12B,ColoradoSprings,06767fa9-f980-4e92-a048-4dd43e2dbe98,
202608181053385138,202608181018308815,202608181018308812,123,12602,Assessments Bronze - SavePA - B24,br_PA,TASK_COMPLETE,SUCCESS,INFO,449,449,0,,2026-08-18T10:19:21.940Z,2026-08-18T10:53:43.553Z,2062,2026-08-18T10:53:43.553Z,B24,Paintsville,06767fa9-f980-4e92-a048-4dd43e2dbe98,
202608170655047544,202608170608369021,202608170608369015,107,8560,Clinical Domain Silver - SaveUASched,sl_uasched,TASK_COMPLETE,SUCCESS,INFO,11770,11770,0,,2026-08-17T06:09:37.896Z,2026-08-17T06:55:07.563Z,2730,2026-08-17T06:55:07.563Z,Global,SAMMSGLOBAL,83c0f655-df7d-4ce0-a8e7-3e8120951bbc,
202608151146098632,202608151055524862,202608151055524858,107,8558,Clinical Domain Silver - SaveCows_v6,sl_cows_v6,TASK_COMPLETE,SUCCESS,INFO,23738,23738,0,,2026-08-15T10:59:41.813Z,2026-08-15T11:46:12.215Z,2791,2026-08-15T11:46:12.215Z,Global,SAMMSGLOBAL,09bdfa13-0c4c-4ca3-9dd3-abd349cbbab4,
202608170749224507,202608170720364618,202608170720364599,118,10727,Bronze P1/P2 Assessments,br_NewPeriodicReassessment,TASK_COMPLETE,SUCCESS,INFO,0,0,0,,2026-08-17T07:20:41.512Z,2026-08-17T07:49:26.331Z,1725,2026-08-17T07:49:26.331Z,B28,West Plains,422b71cc-fe6c-4f30-846d-92fb5587d0e9,
202608151434387460,202608151417675653,202608151417675641,118,10543,Bronze P1/P2 Assessments,br_NewAdmissionAssessmentASAMDimension6,TASK_COMPLETE,SUCCESS,INFO,0,0,0,,2026-08-15T14:18:19.683Z,2026-08-15T14:37:39.575Z,1160,2026-08-15T14:37:39.575Z,B28,West Plains,556076c4-618a-4487-8b31-ba5017a3c197,
202608170749224563,202608170720364667,202608170720364599,118,12015,Bronze P1/P2 Assessments,br_NewAdmissionAssessmentASAMDimension2,TASK_COMPLETE,SUCCESS,INFO,0,0,0,,2026-08-17T07:20:41.512Z,2026-08-17T07:49:26.331Z,1725,2026-08-17T07:49:26.331Z,B28,West Plains,422b71cc-fe6c-4f30-846d-92fb5587d0e9,
202608151434387430,202608151417675709,202608151417675641,118,12015,Bronze P1/P2 Assessments,br_NewAdmissionAssessmentASAMDimension2,TASK_COMPLETE,SUCCESS,INFO,0,0,0,,2026-08-15T14:18:19.683Z,2026-08-15T14:37:39.575Z,1160,2026-08-15T14:37:39.575Z,B28,West Plains,556076c4-618a-4487-8b31-ba5017a3c197,
202608170650554188,202608170608269038,202608170608269015,106,7665,Clinical Domain Bronze - SaveAppointmentAttend - BOI,br_AppointmentAttend,TASK_COMPLETE,SUCCESS,INFO,2,2,0,,2026-08-17T06:09:37.896Z,2026-08-17T06:50:58.970Z,2481,2026-08-17T06:50:58.970Z,BOI,Boise,83c0f655-df7d-4ce0-a8e7-3e8120951bbc,
202608170008440986,202608162346418927,202608162346418898,85,966,Bronze INV,br_AdmissionAssessmentDimensionSix,TASK_COMPLETE,SUCCESS,INFO,98,98,0,,2026-08-16T23:46:55.971Z,2026-08-17T00:08:47.406Z,1312,2026-08-17T00:08:47.406Z,AHK,Ahoskie,77f58b99-e250-4627-9f17-559331ecd0ef,
202608120919417456,202608120822552543,202608120822552528,107,8569,Clinical Domain Silver - SaveTreatmentLevel,slv_treatmentlevel,TASK_COMPLETE,SUCCESS,INFO,1483,1483,0,,2026-08-12T08:25:12.254Z,2026-08-12T09:19:44.466Z,3272,2026-08-12T09:19:44.466Z,Global,SAMMSGLOBAL,577435af-c452-4617-9a3c-7d2b03361707,
202608130414588487,202608130315300020,202608130315300005,107,8569,Clinical Domain Silver - SaveTreatmentLevel,slv_treatmentlevel,TASK_COMPLETE,SUCCESS,INFO,1486,1486,0,,2026-08-13T03:16:19.557Z,2026-08-13T04:15:00.802Z,3521,2026-08-13T04:15:00.802Z,Global,SAMMSGLOBAL,11ed6329-841a-4e7a-bfb1-61191c79c28e,
202608120351571432,202608120259357384,202608120259357369,107,8569,Clinical Domain Silver - SaveTreatmentLevel,slv_treatmentlevel,TASK_COMPLETE,SUCCESS,INFO,1483,1483,0,,2026-08-12T03:00:44.797Z,2026-08-12T03:52:01.885Z,3077,2026-08-12T03:52:01.885Z,Global,SAMMSGLOBAL,72952692-3a45-4fdd-be32-4592206c2867,
202608170510562243,202608170422315757,202608170422315750,107,8561,Clinical Domain Silver - BulkDartsSrvLoader,sl_uaresultdetail,TASK_COMPLETE,SUCCESS,INFO,208868,208868,0,,2026-08-17T04:29:17.023Z,2026-08-17T05:11:26.731Z,2529,2026-08-17T05:11:26.731Z,Global,SAMMSGLOBAL,0b53dc13-182d-4036-9b17-0891eca5f916,
202608151434387510,202608151417675688,202608151417675641,118,11463,Bronze P1/P2 Assessments,br_NewPeriodicReassessmentD4,TASK_COMPLETE,SUCCESS,INFO,0,0,0,,2026-08-15T14:18:19.683Z,2026-08-15T14:37:39.575Z,1160,2026-08-15T14:37:39.575Z,B28,West Plains,556076c4-618a-4487-8b31-ba5017a3c197,
202608170749224555,202608170720364660,202608170720364599,118,11831,Bronze P1/P2 Assessments,br_NewPeriodicReassessmentD6,TASK_COMPLETE,SUCCESS,INFO,0,0,0,,2026-08-17T07:20:41.512Z,2026-08-17T07:49:26.331Z,1725,2026-08-17T07:49:26.331Z,B28,West Plains,422b71cc-fe6c-4f30-846d-92fb5587d0e9,
202608170749224538,202608170720364646,202608170720364599,118,11463,Bronze P1/P2 Assessments,br_NewPeriodicReassessmentD4,TASK_COMPLETE,SUCCESS,INFO,0,0,0,,2026-08-17T07:20:41.512Z,2026-08-17T07:49:26.331Z,1725,2026-08-17T07:49:26.331Z,B28,West Plains,422b71cc-fe6c-4f30-846d-92fb5587d0e9,
202608151434387490,202608151417675674,202608151417675641,118,11095,Bronze P1/P2 Assessments,br_NewPeriodicReassessmentD2,TASK_COMPLETE,SUCCESS,INFO,0,0,0,,2026-08-15T14:18:19.683Z,2026-08-15T14:37:39.575Z,1160,2026-08-15T14:37:39.575Z,B28,West Plains,556076c4-618a-4487-8b31-ba5017a3c197,
202608170749224523,202608170720364632,202608170720364599,118,11095,Bronze P1/P2 Assessments,br_NewPeriodicReassessmentD2,TASK_COMPLETE,SUCCESS,INFO,0,0,0,,2026-08-17T07:20:41.512Z,2026-08-17T07:49:26.331Z,1725,2026-08-17T07:49:26.331Z,B28,West Plains,422b71cc-fe6c-4f30-846d-92fb5587d0e9,
202608170749224544,202608170720364651,202608170720364599,118,11643,Bronze P1/P2 Assessments,br_NewPeriodicReassessmentD5,TASK_COMPLETE,SUCCESS,INFO,0,0,0,,2026-08-17T07:20:41.512Z,2026-08-17T07:49:26.331Z,1725,2026-08-17T07:49:26.331Z,B24,Paintsville,422b71cc-fe6c-4f30-846d-92fb5587d0e9,
202608170749224521,202608170720364630,202608170720364599,118,11091,Bronze P1/P2 Assessments,br_NewPeriodicReassessmentD2,TASK_COMPLETE,SUCCESS,INFO,0,0,0,,2026-08-17T07:20:41.512Z,2026-08-17T07:49:26.331Z,1725,2026-08-17T07:49:26.331Z,B24,Paintsville,422b71cc-fe6c-4f30-846d-92fb5587d0e9,
202608151434387520,202608151417675695,202608151417675641,118,11647,Bronze P1/P2 Assessments,br_NewPeriodicReassessmentD5,TASK_COMPLETE,SUCCESS,INFO,0,0,0,,2026-08-15T14:18:19.683Z,2026-08-15T14:37:39.575Z,1160,2026-08-15T14:37:39.575Z,B28,West Plains,556076c4-618a-4487-8b31-ba5017a3c197,
202608151434387500,202608151417675681,202608151417675641,118,11279,Bronze P1/P2 Assessments,br_NewPeriodicReassessmentD3,TASK_COMPLETE,SUCCESS,INFO,0,0,0,,2026-08-15T14:18:19.683Z,2026-08-15T14:37:39.575Z,1160,2026-08-15T14:37:39.575Z,B28,West Plains,556076c4-618a-4487-8b31-ba5017a3c197,
202608170749224552,202608170720364658,202608170720364599,118,11827,Bronze P1/P2 Assessments,br_NewPeriodicReassessmentD6,TASK_COMPLETE,SUCCESS,INFO,0,0,0,,2026-08-17T07:20:41.512Z,2026-08-17T07:49:26.331Z,1725,2026-08-17T07:49:26.331Z,B24,Paintsville,422b71cc-fe6c-4f30-846d-92fb5587d0e9,
202608181318573820,202608181250309448,202608181250309442,47,9406,P1 Finance Financial Hardship Application Silver,tbl_FinancialHardshipApplication,TASK_COMPLETE,SUCCESS,INFO,2264,2264,0,,2026-08-18T12:50:23.823Z,2026-08-18T13:19:00.283Z,1717,2026-08-18T13:19:00.283Z,,,03823c35-021d-4cc9-8374-59681a542f1d,
202608170831333970,202608170805268050,202608170805268041,98,6795,P1 Forms New Discharge Transfer Plan Form Silver,tbl_NewDischargeTransferPlanForm,TASK_COMPLETE,SUCCESS,INFO,283,283,0,,2026-08-17T08:05:23.166Z,2026-08-17T08:31:39.578Z,1576,2026-08-17T08:31:39.578Z,,,760fb7f7-522d-45ef-ae35-70bd18d17fef,
202608170008440981,202608162346418922,202608162346418898,85,1151,Bronze INV,br_AdmissionAssessmentDimensionThree,TASK_COMPLETE,SUCCESS,INFO,781,781,0,,2026-08-16T23:46:55.971Z,2026-08-17T00:08:47.406Z,1312,2026-08-17T00:08:47.406Z,B12B,Colorado Springs,77f58b99-e250-4627-9f17-559331ecd0ef,
202608170618079105,202608170551356426,202608170551356420,47,9406,P1 Finance Financial Hardship Application Silver,tbl_FinancialHardshipApplication,TASK_COMPLETE,SUCCESS,INFO,2261,2261,0,,2026-08-17T05:51:47.044Z,2026-08-17T06:18:10.296Z,1583,2026-08-17T06:18:10.296Z,,,09d84bc7-e629-48a4-a32a-826b207e96d1,
202608170510502507,202608170510502507,20260817051041,80,227,Absolute Silver Inventory,sl_absolute_inventory,TASK_DEPENDENCY_BLOCKED,DEPENDENCY_BLOCKED,WARN,0,0,0,Dependency Failed,2026-08-17T05:10:59.645Z,2026-08-17T05:10:59.645Z,0,2026-08-17T05:10:59.645Z,,,4300b874-eb47-449c-9d38-f629beccfecd,
202608130959055368,202608130959055368,20260813095900,80,227,Absolute Silver Inventory,sl_absolute_inventory,TASK_DEPENDENCY_BLOCKED,DEPENDENCY_BLOCKED,WARN,0,0,0,Dependency Failed,2026-08-13T09:59:12.508Z,2026-08-13T09:59:12.508Z,0,2026-08-13T09:59:12.508Z,,,494be37e-e82d-4d45-8f02-f9e0849ccd2a,
202608170425271763,202608170425271762,20260817042518,80,227,Absolute Silver Inventory,sl_absolute_inventory,TASK_DEPENDENCY_BLOCKED,DEPENDENCY_BLOCKED,WARN,0,0,0,Dependency Failed,2026-08-17T04:25:39.160Z,2026-08-17T04:25:39.160Z,0,2026-08-17T04:25:39.160Z,,,917429b5-ff6b-44a1-95d5-5d35eb42c85f,
202608141935472357,202608141857340784,202608141857340774,31,94010,FormAnswerSignatures Bronze - B31,br_tblFormAnswerSig,TASK_COMPLETE,SUCCESS,INFO,92245,92245,0,,2026-08-14T18:58:05.482Z,2026-08-14T19:35:50.482Z,2265,2026-08-14T19:35:50.482Z,B31,Dyersburg,015634ea-243f-49e1-a18e-0e1d033651d1,
202608141935472358,202608141857340785,202608141857340774,31,94011,FormAnswerSignatures Bronze - B33,br_tblFormAnswerSig,TASK_COMPLETE,SUCCESS,INFO,95436,95436,0,,2026-08-14T18:58:05.482Z,2026-08-14T19:35:50.482Z,2265,2026-08-14T19:35:50.482Z,B33,Paducah,015634ea-243f-49e1-a18e-0e1d033651d1,
202608141935472359,202608141857340786,202608141857340774,31,94012,FormAnswerSignatures Bronze - B34,br_tblFormAnswerSig,TASK_COMPLETE,SUCCESS,INFO,111924,111924,0,,2026-08-14T18:58:05.482Z,2026-08-14T19:35:50.482Z,2265,2026-08-14T19:35:50.482Z,B34,Corbin,015634ea-243f-49e1-a18e-0e1d033651d1,
202608210849471044,202608210843412205,202608210843412200,45,194,SAMMSGLOBAL Gold,ClinicalOpiateWithdrawalScale,TASK_COMPLETE,SUCCESS,INFO,0,0,0,,2026-08-21T08:43:25.075Z,2026-08-21T08:49:50.575Z,370,2026-08-21T08:49:50.575Z,,,63de4b0b-e7e7-4150-93d6-8b706da9bfcd,
202608280650051784,202608280650051784,20260828064831,6,13679,8x8 Call Detail Legs Gold,8x8_CallDetailLegs,TASK_COMPLETE,SUCCESS,INFO,4753230,4753230,0,,2026-08-28T06:50:05.178Z,2026-08-28T06:51:47.013Z,100,2026-08-28T06:51:47.013Z,,,6f91deae-0832-4a56-ab71-80188798e1a1,
202608141506426652,202608141444143637,202608141444143611,46,10118,P1 Finance Client Demo 1 Bronze - B12B,br_samms_client_demo1,TASK_COMPLETE,SUCCESS,INFO,1364,1364,0,,2026-08-14T14:44:17.762Z,2026-08-14T15:09:27.882Z,1510,2026-08-14T15:09:27.882Z,B12B,ColoradoSprings,1c123384-c339-4954-be1f-3a8d150ebb14,
202608141506426656,202608141444143639,202608141444143611,46,10236,P1 Finance Client Demo 2 Bronze - B12B,br_samms_client_demo2,TASK_COMPLETE,SUCCESS,INFO,1364,1364,0,,2026-08-14T14:44:17.762Z,2026-08-14T15:09:27.882Z,1510,2026-08-14T15:09:27.882Z,B12B,ColoradoSprings,1c123384-c339-4954-be1f-3a8d150ebb14,
202608201642189791,202608201642189790,202608201638083197,82,6806,Salesforce Outbound Texts,br_sf_outboundtexts,TASK_COMPLETE,SUCCESS,INFO,172,172,0,,2026-08-20T16:42:23.508Z,2026-08-20T16:42:38.460Z,13,2026-08-20T16:42:38.460Z,,,4ed56315-bafe-4059-9903-76e756bd89c4,
202608211056526873,202608211056526873,202608211048467468,84,6809,Gold Salesforce PatientSurveys,PatientSurveys,TASK_COMPLETE,SUCCESS,INFO,208,208,0,,2026-08-21T10:56:56.472Z,2026-08-21T10:57:13.047Z,14,2026-08-21T10:57:13.047Z,,,45603680-296f-4487-82f1-f8045d5f38e1,
202608210226148102,202608210226148102,202608210217292236,84,6810,Gold Salesforce StgOutboundSMS,stgOutboundSMS,TASK_COMPLETE,SUCCESS,INFO,302,302,0,,2026-08-21T02:26:19.891Z,2026-08-21T02:26:36.237Z,15,2026-08-21T02:26:36.237Z,,,6e633944-6270-4167-9c27-2b58aaa91b88,
202608211057212960,202608211057212959,202608211048467468,84,6810,Gold Salesforce StgOutboundSMS,stgOutboundSMS,TASK_COMPLETE,SUCCESS,INFO,158,158,0,,2026-08-21T10:57:25.254Z,2026-08-21T10:57:39.961Z,13,2026-08-21T10:57:39.961Z,,,45603680-296f-4487-82f1-f8045d5f38e1,
202608211035206310,202608211035206310,202608211031030755,82,6806,Salesforce Outbound Texts,br_sf_outboundtexts,TASK_COMPLETE,SUCCESS,INFO,158,158,0,,2026-08-21T10:35:26.572Z,2026-08-21T10:35:40.875Z,13,2026-08-21T10:35:40.875Z,,,45603680-296f-4487-82f1-f8045d5f38e1,
202608170749224545,202608170720364652,202608170720364599,118,11645,Bronze P1/P2 Assessments,br_NewPeriodicReassessmentD5,TASK_COMPLETE,SUCCESS,INFO,0,0,0,,2026-08-17T07:20:41.512Z,2026-08-17T07:49:26.331Z,1725,2026-08-17T07:49:26.331Z,B26,Hazard,422b71cc-fe6c-4f30-846d-92fb5587d0e9,
202608250257144458,202608250257144458,20260825025308,1,16,UKG Positions API,br_Positions,TASK_COMPLETE,SUCCESS,INFO,10,10,0,,2026-08-25T02:57:19.163Z,2026-08-25T02:57:33.986Z,13,2026-08-25T02:57:33.986Z,,,6ee9c1fc-1bc7-4a37-a063-1dfebdad8409,
202608170749224554,202608170720364659,202608170720364599,118,11829,Bronze P1/P2 Assessments,br_NewPeriodicReassessmentD6,TASK_COMPLETE,SUCCESS,INFO,0,0,0,,2026-08-17T07:20:41.512Z,2026-08-17T07:49:26.331Z,1725,2026-08-17T07:49:26.331Z,B26,Hazard,422b71cc-fe6c-4f30-846d-92fb5587d0e9,
202608250303134030,202608250303134030,20260825025926,2,21,Silver UKG Positions,Positions,TASK_COMPLETE,SUCCESS,INFO,10,10,0,,2026-08-25T03:03:17.724Z,2026-08-25T03:03:33.867Z,14,2026-08-25T03:03:33.867Z,,,6ee9c1fc-1bc7-4a37-a063-1dfebdad8409,
202608170650554166,202608170608269018,202608170608269015,106,6909,Clinical Domain Bronze - SaveCheckIn - V10,br_CheckIn,TASK_COMPLETE,SUCCESS,INFO,1097,1097,0,,2026-08-17T06:09:37.896Z,2026-08-17T06:50:58.970Z,2481,2026-08-17T06:50:58.970Z,V10,Boulder,83c0f655-df7d-4ce0-a8e7-3e8120951bbc,
202608170650554182,202608170608269033,202608170608269015,106,7484,Clinical Domain Bronze - SaveUASched - V10,br_UASched,TASK_COMPLETE,SUCCESS,INFO,1383,1383,0,,2026-08-17T06:09:37.896Z,2026-08-17T06:50:58.970Z,2481,2026-08-17T06:50:58.970Z,V10,Boulder,83c0f655-df7d-4ce0-a8e7-3e8120951bbc,
202608170749224522,202608170720364631,202608170720364599,118,11093,Bronze P1/P2 Assessments,br_NewPeriodicReassessmentD2,TASK_COMPLETE,SUCCESS,INFO,0,0,0,,2026-08-17T07:20:41.512Z,2026-08-17T07:49:26.331Z,1725,2026-08-17T07:49:26.331Z,B26,Hazard,422b71cc-fe6c-4f30-846d-92fb5587d0e9,
202608240629134195,202608240628123442,20260824062802,101,13669,Silver QQ_GLTRAN,sl_QQgltran,TASK_COMPLETE,SUCCESS,INFO,5784,5784,0,,2026-08-24T06:28:25.604Z,2026-08-24T06:29:36.280Z,37,2026-08-24T06:29:36.280Z,,,25d2eaee-dfad-422c-bf93-c7d0a4c88cf3,
202608170749224530,202608170720364638,202608170720364599,118,11277,Bronze P1/P2 Assessments,br_NewPeriodicReassessmentD3,TASK_COMPLETE,SUCCESS,INFO,0,0,0,,2026-08-17T07:20:41.512Z,2026-08-17T07:49:26.331Z,1725,2026-08-17T07:49:26.331Z,B26,Hazard,422b71cc-fe6c-4f30-846d-92fb5587d0e9,
202608170749224537,202608170720364645,202608170720364599,118,11461,Bronze P1/P2 Assessments,br_NewPeriodicReassessmentD4,TASK_COMPLETE,SUCCESS,INFO,0,0,0,,2026-08-17T07:20:41.512Z,2026-08-17T07:49:26.331Z,1725,2026-08-17T07:49:26.331Z,B26,Hazard,422b71cc-fe6c-4f30-846d-92fb5587d0e9,
202608151434387471,202608151417675661,202608151417675641,118,10732,Bronze P1/P2 Assessments,br_NewPeriodicReassessment,TASK_COMPLETE,SUCCESS,INFO,237,237,0,,2026-08-15T14:18:19.683Z,2026-08-15T14:37:39.575Z,1160,2026-08-15T14:37:39.575Z,B33,Paducah,556076c4-618a-4487-8b31-ba5017a3c197,
202608251342101547,202608251342101547,20260825134116,5,33,Silver 8x8 Users,sl_8x8_Users,TASK_COMPLETE,SUCCESS,INFO,5675,5675,0,,2026-08-25T13:42:10.154Z,2026-08-25T13:42:32.193Z,20,2026-08-25T13:42:32.193Z,,,3475c8ff-ffdb-4323-a994-e16cd3be5d9b,
202608151434387457,202608151417675650,202608151417675641,118,10538,Bronze P1/P2 Assessments,br_NewAdmissionAssessmentASAMDimension6,TASK_COMPLETE,SUCCESS,INFO,0,0,0,,2026-08-15T14:18:19.683Z,2026-08-15T14:37:39.575Z,1160,2026-08-15T14:37:39.575Z,B12B,Colorado Springs,556076c4-618a-4487-8b31-ba5017a3c197,
202608140714361295,202608140700596557,202608140700596541,106,7391,Clinical Domain Bronze - SaveUASched - B12B,brz_UASched,TASK_COMPLETE,SUCCESS,INFO,1948,1948,0,,2026-08-14T07:02:17.002Z,2026-08-14T07:16:01.674Z,824,2026-08-14T07:16:01.674Z,B12B,ColoradoSprings,4f29b93d-8b22-445c-9466-6259e423edcc,
202608140714361297,202608140700596558,202608140700596541,106,7435,Clinical Domain Bronze - SaveUASched - BOI,brz_UASched,TASK_COMPLETE,SUCCESS,INFO,1741,1741,0,,2026-08-14T07:02:17.002Z,2026-08-14T07:16:01.674Z,824,2026-08-14T07:16:01.674Z,BOI,Boise,4f29b93d-8b22-445c-9466-6259e423edcc,
202608140714361298,202608140700596559,202608140700596541,106,7484,Clinical Domain Bronze - SaveUASched - V10,brz_UASched,TASK_COMPLETE,SUCCESS,INFO,1437,1437,0,,2026-08-14T07:02:17.002Z,2026-08-14T07:16:01.674Z,824,2026-08-14T07:16:01.674Z,V10,Boulder,4f29b93d-8b22-445c-9466-6259e423edcc,
202608140551555082,202608140519472938,202608140519472937,106,6816,Clinical Domain Bronze - SaveCheckIn - B12B,brz_CheckIn,TASK_COMPLETE,SUCCESS,INFO,530,530,0,,2026-08-14T05:21:11.366Z,2026-08-14T05:51:58.644Z,1847,2026-08-14T05:51:58.644Z,B12B,ColoradoSprings,367e5368-81b8-4196-9731-5b3efc5e39d9,
202608140551555083,202608140519472939,202608140519472937,106,6860,Clinical Domain Bronze - SaveCheckIn - BOI,brz_CheckIn,TASK_COMPLETE,SUCCESS,INFO,552,552,0,,2026-08-14T05:21:11.366Z,2026-08-14T05:51:58.644Z,1847,2026-08-14T05:51:58.644Z,BOI,Boise,367e5368-81b8-4196-9731-5b3efc5e39d9,
202608140551555084,202608140519472940,202608140519472937,106,6909,Clinical Domain Bronze - SaveCheckIn - V10,brz_CheckIn,TASK_COMPLETE,SUCCESS,INFO,1201,1201,0,,2026-08-14T05:21:11.366Z,2026-08-14T05:51:58.644Z,1847,2026-08-14T05:51:58.644Z,V10,Boulder,367e5368-81b8-4196-9731-5b3efc5e39d9,
202608140613316982,202608140600163247,202608140600163231,106,7391,Clinical Domain Bronze - SaveUASched - B12B,brz_UASched,TASK_COMPLETE,SUCCESS,INFO,1948,1948,0,,2026-08-14T06:01:45.513Z,2026-08-14T06:14:58.932Z,793,2026-08-14T06:14:58.932Z,B12B,ColoradoSprings,9a6b8567-8347-49cb-b213-618351c5e21c,
202608140613316983,202608140600163248,202608140600163231,106,7435,Clinical Domain Bronze - SaveUASched - BOI,brz_UASched,TASK_COMPLETE,SUCCESS,INFO,1741,1741,0,,2026-08-14T06:01:45.513Z,2026-08-14T06:14:58.932Z,793,2026-08-14T06:14:58.932Z,BOI,Boise,9a6b8567-8347-49cb-b213-618351c5e21c,
202608140613316984,202608140600163249,202608140600163231,106,7484,Clinical Domain Bronze - SaveUASched - V10,brz_UASched,TASK_COMPLETE,SUCCESS,INFO,1437,1437,0,,2026-08-14T06:01:45.513Z,2026-08-14T06:14:58.932Z,793,2026-08-14T06:14:58.932Z,V10,Boulder,9a6b8567-8347-49cb-b213-618351c5e21c,
202608170828545810,202608170805168044,202608170805168041,97,5863,P1 Forms E&M Form Pregnancy Bronze - B24,br_samms_eandm_form_pregnancy,TASK_COMPLETE,SUCCESS,INFO,724,724,0,,2026-08-17T08:05:23.166Z,2026-08-17T08:28:58.238Z,1415,2026-08-17T08:28:58.238Z,B24,Paintsville,760fb7f7-522d-45ef-ae35-70bd18d17fef,
202608120351571424,202608120259357377,202608120259357369,107,8562,Clinical Domain Silver - SaveAppointmentAttend,slv_appointmentattend,TASK_COMPLETE,SUCCESS,INFO,93,93,0,,2026-08-12T03:00:44.797Z,2026-08-12T03:52:01.885Z,3077,2026-08-12T03:52:01.885Z,Global,SAMMSGLOBAL,72952692-3a45-4fdd-be32-4592206c2867,
202608130409166774,202608130315200009,202608130315200005,106,6931,Clinical Domain Bronze - SaveBamForm - B12B,brz_BAMForm,TASK_COMPLETE,SUCCESS,INFO,367,367,0,,2026-08-13T03:16:19.557Z,2026-08-13T04:09:23.310Z,3184,2026-08-13T04:09:23.310Z,B12B,ColoradoSprings,11ed6329-841a-4e7a-bfb1-61191c79c28e,
202608130409166775,202608130315200010,202608130315200005,106,6975,Clinical Domain Bronze - SaveBamForm - BOI,brz_BAMForm,TASK_COMPLETE,SUCCESS,INFO,312,312,0,,2026-08-13T03:16:19.557Z,2026-08-13T04:09:23.310Z,3184,2026-08-13T04:09:23.310Z,BOI,Boise,11ed6329-841a-4e7a-bfb1-61191c79c28e,
202608130409166776,202608130315200011,202608130315200005,106,7024,Clinical Domain Bronze - SaveBamForm - V10,brz_BAMForm,TASK_COMPLETE,SUCCESS,INFO,464,464,0,,2026-08-13T03:16:19.557Z,2026-08-13T04:09:23.310Z,3184,2026-08-13T04:09:23.310Z,V10,Boulder,11ed6329-841a-4e7a-bfb1-61191c79c28e,
202608140551555086,202608140519472941,202608140519472937,106,6931,Clinical Domain Bronze - SaveBamForm - B12B,brz_BAMForm,TASK_COMPLETE,SUCCESS,INFO,368,368,0,,2026-08-14T05:21:11.366Z,2026-08-14T05:51:58.644Z,1847,2026-08-14T05:51:58.644Z,B12B,ColoradoSprings,367e5368-81b8-4196-9731-5b3efc5e39d9,
202608140551555087,202608140519472942,202608140519472937,106,6975,Clinical Domain Bronze - SaveBamForm - BOI,brz_BAMForm,TASK_COMPLETE,SUCCESS,INFO,315,315,0,,2026-08-14T05:21:11.366Z,2026-08-14T05:51:58.644Z,1847,2026-08-14T05:51:58.644Z,BOI,Boise,367e5368-81b8-4196-9731-5b3efc5e39d9,
202608140551555088,202608140519472943,202608140519472937,106,7024,Clinical Domain Bronze - SaveBamForm - V10,brz_BAMForm,TASK_COMPLETE,SUCCESS,INFO,465,465,0,,2026-08-14T05:21:11.366Z,2026-08-14T05:51:58.644Z,1847,2026-08-14T05:51:58.644Z,V10,Boulder,367e5368-81b8-4196-9731-5b3efc5e39d9,
202608251454402500,202608251428452602,202608251428452600,47,8934,P1 Finance PBI 3 Pay Auth Silver,tbl_pbi3PayAuth,TASK_COMPLETE,SUCCESS,INFO,194,194,0,,2026-08-25T14:28:42.306Z,2026-08-25T14:54:42.345Z,1560,2026-08-25T14:54:42.345Z,,,5e789551-b18e-4745-8526-2b8db3ceeb01,
202608130414588479,202608130315300013,202608130315300005,107,8562,Clinical Domain Silver - SaveAppointmentAttend,slv_appointmentattend,TASK_COMPLETE,SUCCESS,INFO,93,93,0,,2026-08-13T03:16:19.557Z,2026-08-13T04:15:00.802Z,3521,2026-08-13T04:15:00.802Z,Global,SAMMSGLOBAL,11ed6329-841a-4e7a-bfb1-61191c79c28e,
202608251542248288,202608251517689123,202608251517689120,47,9052,P1 Finance VW 3P Bill Sub Silver,tbl_vw3pBillSub,TASK_COMPLETE,SUCCESS,INFO,144,144,0,,2026-08-25T15:18:05.141Z,2026-08-25T15:42:26.877Z,1461,2026-08-25T15:42:26.877Z,,,04d587cb-fd28-4f28-a572-c158aa92fa98,
202608121042551923,202608121009360897,202608121009360893,106,6931,Clinical Domain Bronze - SaveBamForm - B12B,brz_BAMForm,TASK_COMPLETE,SUCCESS,INFO,365,365,0,,2026-08-12T10:11:56.792Z,2026-08-12T10:43:20.487Z,1884,2026-08-12T10:43:20.487Z,B12B,ColoradoSprings,1325a4eb-aa02-4bc9-9fae-d06e40a0cece,
202608121042551924,202608121009360898,202608121009360893,106,6975,Clinical Domain Bronze - SaveBamForm - BOI,brz_BAMForm,TASK_COMPLETE,SUCCESS,INFO,310,310,0,,2026-08-12T10:11:56.792Z,2026-08-12T10:43:20.487Z,1884,2026-08-12T10:43:20.487Z,BOI,Boise,1325a4eb-aa02-4bc9-9fae-d06e40a0cece,
202608121042551925,202608121009360899,202608121009360893,106,7024,Clinical Domain Bronze - SaveBamForm - V10,brz_BAMForm,TASK_COMPLETE,SUCCESS,INFO,462,462,0,,2026-08-12T10:11:56.792Z,2026-08-12T10:43:20.487Z,1884,2026-08-12T10:43:20.487Z,V10,Boulder,1325a4eb-aa02-4bc9-9fae-d06e40a0cece,
202608121052561385,202608121009460901,202608121009460893,107,8562,Clinical Domain Silver - SaveAppointmentAttend,slv_appointmentattend,TASK_COMPLETE,SUCCESS,INFO,93,93,0,,2026-08-12T10:11:56.792Z,2026-08-12T10:53:15.475Z,2479,2026-08-12T10:53:15.475Z,Global,SAMMSGLOBAL,1325a4eb-aa02-4bc9-9fae-d06e40a0cece,
202608120919417448,202608120822552536,202608120822552528,107,8562,Clinical Domain Silver - SaveAppointmentAttend,slv_appointmentattend,TASK_COMPLETE,SUCCESS,INFO,93,93,0,,2026-08-12T08:25:12.254Z,2026-08-12T09:19:44.466Z,3272,2026-08-12T09:19:44.466Z,Global,SAMMSGLOBAL,577435af-c452-4617-9a3c-7d2b03361707,
202608261728404526,202608261657310992,202608261657310989,47,9052,P1 Finance VW 3P Bill Sub Silver,tbl_vw3pBillSub,TASK_COMPLETE,SUCCESS,INFO,144,144,0,,2026-08-26T16:57:24.758Z,2026-08-26T17:29:17.775Z,1913,2026-08-26T17:29:17.775Z,,,7a1b4484-4dc4-4e48-b51b-e78359ce9673,
202608130409166781,202608130315200015,202608130315200005,106,7161,Clinical Domain Bronze - SaveCows_v6 - B12B,brz_Cows_v6,TASK_COMPLETE,SUCCESS,INFO,7702,7702,0,,2026-08-13T03:16:19.557Z,2026-08-13T04:09:23.310Z,3184,2026-08-13T04:09:23.310Z,B12B,ColoradoSprings,11ed6329-841a-4e7a-bfb1-61191c79c28e,
202608130409166782,202608130315200016,202608130315200005,106,7205,Clinical Domain Bronze - SaveCows_v6 - BOI,brz_Cows_v6,TASK_COMPLETE,SUCCESS,INFO,3696,3696,0,,2026-08-13T03:16:19.557Z,2026-08-13T04:09:23.310Z,3184,2026-08-13T04:09:23.310Z,BOI,Boise,11ed6329-841a-4e7a-bfb1-61191c79c28e,
202608130409166783,202608130315200017,202608130315200005,106,7254,Clinical Domain Bronze - SaveCows_v6 - V10,brz_Cows_v6,TASK_COMPLETE,SUCCESS,INFO,12312,12312,0,,2026-08-13T03:16:19.557Z,2026-08-13T04:09:23.310Z,3184,2026-08-13T04:09:23.310Z,V10,Boulder,11ed6329-841a-4e7a-bfb1-61191c79c28e,
202608171326103721,202608171326103721,202608171005421194,82,205,Salesforce Contacts,br_sf_contacts,TASK_ALREADY_COMPLETED,ALREADY_COMPLETED,INFO,0,0,0,Already succeeded in previous attempt,2026-08-17T13:26:16.058Z,2026-08-17T13:26:16.058Z,0,2026-08-17T13:26:16.058Z,,,1cdba2b7-2cc0-4832-97e7-304e1a700c17,
202608170749224579,202608170720364682,202608170720364599,118,12388,Bronze P1/P2 Assessments,br_NewAdmissionAssessmentASAMDimension5,TASK_COMPLETE,SUCCESS,INFO,175,175,0,,2026-08-17T07:20:41.512Z,2026-08-17T07:49:26.331Z,1725,2026-08-17T07:49:26.331Z,B33,Paducah,422b71cc-fe6c-4f30-846d-92fb5587d0e9,
202608170749224580,202608170720364683,202608170720364599,118,12443,Bronze P1/P2 Assessments,br_NewAdmissionAssessmentASAMDimension5,TASK_COMPLETE,SUCCESS,INFO,0,0,0,,2026-08-17T07:20:41.512Z,2026-08-17T07:49:26.331Z,1725,2026-08-17T07:49:26.331Z,CBCO,Coeur dAlene,422b71cc-fe6c-4f30-846d-92fb5587d0e9,
202608170749224564,202608170720364668,202608170720364599,118,12020,Bronze P1/P2 Assessments,br_NewAdmissionAssessmentASAMDimension2,TASK_COMPLETE,SUCCESS,INFO,174,174,0,,2026-08-17T07:20:41.512Z,2026-08-17T07:49:26.331Z,1725,2026-08-17T07:49:26.331Z,B33,Paducah,422b71cc-fe6c-4f30-846d-92fb5587d0e9,
202608170749224565,202608170720364669,202608170720364599,118,12075,Bronze P1/P2 Assessments,br_NewAdmissionAssessmentASAMDimension2,TASK_COMPLETE,SUCCESS,INFO,0,0,0,,2026-08-17T07:20:41.512Z,2026-08-17T07:49:26.331Z,1725,2026-08-17T07:49:26.331Z,CBCO,Coeur dAlene,422b71cc-fe6c-4f30-846d-92fb5587d0e9,
202608181238297187,202608181207708134,202608181207708120,123,13061,Assessments Bronze - SavePADimension3 - B12B,br_PADimension3,TASK_COMPLETE,SUCCESS,INFO,824,824,0,,2026-08-18T12:09:06.544Z,2026-08-18T12:38:32.842Z,1766,2026-08-18T12:38:32.842Z,B12B,ColoradoSprings,6a9f8fe6-e2a7-49ab-8570-443c59873958,
202608181238297188,202608181207708135,202608181207708120,123,13062,Assessments Bronze - SavePADimension3 - B24,br_PADimension3,TASK_COMPLETE,SUCCESS,INFO,446,446,0,,2026-08-18T12:09:06.544Z,2026-08-18T12:38:32.842Z,1766,2026-08-18T12:38:32.842Z,B24,Paintsville,6a9f8fe6-e2a7-49ab-8570-443c59873958,
202608170749224501,202608170720364612,202608170720364599,118,10548,Bronze P1/P2 Assessments,br_NewAdmissionAssessmentASAMDimension6,TASK_COMPLETE,SUCCESS,INFO,180,180,0,,2026-08-17T07:20:41.512Z,2026-08-17T07:49:26.331Z,1725,2026-08-17T07:49:26.331Z,B33,Paducah,422b71cc-fe6c-4f30-846d-92fb5587d0e9,
202608170749224502,202608170720364613,202608170720364599,118,10603,Bronze P1/P2 Assessments,br_NewAdmissionAssessmentASAMDimension6,TASK_COMPLETE,SUCCESS,INFO,0,0,0,,2026-08-17T07:20:41.512Z,2026-08-17T07:49:26.331Z,1725,2026-08-17T07:49:26.331Z,CBCO,Coeur dAlene,422b71cc-fe6c-4f30-846d-92fb5587d0e9,
202608170749224572,202608170720364675,202608170720364599,118,12204,Bronze P1/P2 Assessments,br_NewAdmissionAssessmentASAMDimension4,TASK_COMPLETE,SUCCESS,INFO,177,177,0,,2026-08-17T07:20:41.512Z,2026-08-17T07:49:26.331Z,1725,2026-08-17T07:49:26.331Z,B33,Paducah,422b71cc-fe6c-4f30-846d-92fb5587d0e9,
202608170749224573,202608170720364676,202608170720364599,118,12259,Bronze P1/P2 Assessments,br_NewAdmissionAssessmentASAMDimension4,TASK_COMPLETE,SUCCESS,INFO,0,0,0,,2026-08-17T07:20:41.512Z,2026-08-17T07:49:26.331Z,1725,2026-08-17T07:49:26.331Z,CBCO,Coeur dAlene,422b71cc-fe6c-4f30-846d-92fb5587d0e9,
202608181238297190,202608181207708137,202608181207708120,123,13176,Assessments Bronze - SavePADimension4 - B12B,br_PADimension4,TASK_COMPLETE,SUCCESS,INFO,824,824,0,,2026-08-18T12:09:06.544Z,2026-08-18T12:38:32.842Z,1766,2026-08-18T12:38:32.842Z,B12B,ColoradoSprings,6a9f8fe6-e2a7-49ab-8570-443c59873958,
202608181238297191,202608181207708138,202608181207708120,123,13177,Assessments Bronze - SavePADimension4 - B24,br_PADimension4,TASK_COMPLETE,SUCCESS,INFO,446,446,0,,2026-08-18T12:09:06.544Z,2026-08-18T12:38:32.842Z,1766,2026-08-18T12:38:32.842Z,B24,Paintsville,6a9f8fe6-e2a7-49ab-8570-443c59873958,
202608141514042255,202608141439260339,202608141439260325,123,13061,Assessments Bronze - SavePADimension3 - B12B,br_PADimension3,TASK_COMPLETE,SUCCESS,INFO,821,821,0,,2026-08-14T14:40:07.233Z,2026-08-14T15:14:33.646Z,2066,2026-08-14T15:14:33.646Z,B12B,ColoradoSprings,58f20748-15b7-4a11-966c-9510b56c5310,
202608141514042256,202608141439260340,202608141439260325,123,13062,Assessments Bronze - SavePADimension3 - B24,br_PADimension3,TASK_COMPLETE,SUCCESS,INFO,446,446,0,,2026-08-14T14:40:07.233Z,2026-08-14T15:14:33.646Z,2066,2026-08-14T15:14:33.646Z,B24,Paintsville,58f20748-15b7-4a11-966c-9510b56c5310,
202608280643282995,202608280643282995,20260828063947,4,13677,8x8 Call Detail Legs Bronze,br_8x8_CallDetailLegs,TASK_COMPLETE,SUCCESS,INFO,26742,26742,0,,2026-08-28T06:43:28.299Z,2026-08-28T06:44:13.324Z,43,2026-08-28T06:44:13.324Z,,,6f91deae-0832-4a56-ab71-80188798e1a1,
202608181053385150,202608181018308826,202608181018308812,123,13061,Assessments Bronze - SavePADimension3 - B12B,br_PADimension3,TASK_COMPLETE,SUCCESS,INFO,824,824,0,,2026-08-18T10:19:21.940Z,2026-08-18T10:53:43.553Z,2062,2026-08-18T10:53:43.553Z,B12B,ColoradoSprings,06767fa9-f980-4e92-a048-4dd43e2dbe98,
202608181053385152,202608181018308827,202608181018308812,123,13062,Assessments Bronze - SavePADimension3 - B24,br_PADimension3,TASK_COMPLETE,SUCCESS,INFO,446,446,0,,2026-08-18T10:19:21.940Z,2026-08-18T10:53:43.553Z,2062,2026-08-18T10:53:43.553Z,B24,Paintsville,06767fa9-f980-4e92-a048-4dd43e2dbe98,
202608181053385165,202608181018308829,202608181018308812,123,13176,Assessments Bronze - SavePADimension4 - B12B,br_PADimension4,TASK_COMPLETE,SUCCESS,INFO,824,824,0,,2026-08-18T10:19:21.940Z,2026-08-18T10:53:43.553Z,2062,2026-08-18T10:53:43.553Z,B12B,ColoradoSprings,06767fa9-f980-4e92-a048-4dd43e2dbe98,
202608181053385166,202608181018308830,202608181018308812,123,13177,Assessments Bronze - SavePADimension4 - B24,br_PADimension4,TASK_COMPLETE,SUCCESS,INFO,446,446,0,,2026-08-18T10:19:21.940Z,2026-08-18T10:53:43.553Z,2062,2026-08-18T10:53:43.553Z,B24,Paintsville,06767fa9-f980-4e92-a048-4dd43e2dbe98,
202608251338561657,202608251338561657,20260825133455,4,13677,8x8 Call Detail Legs Bronze,br_8x8_CallDetailLegs,TASK_COMPLETE,SUCCESS,INFO,28744,28744,0,,2026-08-25T13:38:56.165Z,2026-08-25T13:39:58.628Z,61,2026-08-25T13:39:58.628Z,,,3475c8ff-ffdb-4323-a994-e16cd3be5d9b,
202608141506426636,202608141444143613,202608141444143611,46,8702,P1 Finance Bills Bronze - B12B,br_samms_bills,TASK_COMPLETE,SUCCESS,INFO,3662,3662,0,,2026-08-14T14:44:17.762Z,2026-08-14T15:09:27.882Z,1510,2026-08-14T15:09:27.882Z,B12B,ColoradoSprings,1c123384-c339-4954-be1f-3a8d150ebb14,
202608170008440987,202608162346418928,202608162346418898,85,967,Bronze INV,br_AdmissionAssessmentDimensionSix,TASK_COMPLETE,SUCCESS,INFO,783,783,0,,2026-08-16T23:46:55.971Z,2026-08-17T00:08:47.406Z,1312,2026-08-17T00:08:47.406Z,B12B,Colorado Springs,77f58b99-e250-4627-9f17-559331ecd0ef,
202608170655047538,202608170608369016,202608170608369015,107,8555,Clinical Domain Silver - SaveCheckIn,sl_checkin,TASK_COMPLETE,SUCCESS,INFO,30545,30545,0,,2026-08-17T06:09:37.896Z,2026-08-17T06:55:07.563Z,2730,2026-08-17T06:55:07.563Z,Global,SAMMSGLOBAL,83c0f655-df7d-4ce0-a8e7-3e8120951bbc,
202608171108071329,202608171031498597,202608171031498593,107,8558,Clinical Domain Silver - SaveCows_v6,sl_cows_v6,TASK_COMPLETE,SUCCESS,INFO,23765,23765,0,,2026-08-17T10:38:10.305Z,2026-08-17T11:08:10.976Z,1800,2026-08-17T11:08:10.976Z,Global,SAMMSGLOBAL,16b28601-46b7-41d7-bb6b-81142615d65b,
202608151146098634,202608151055524864,202608151055524858,107,8560,Clinical Domain Silver - SaveUASched,sl_uasched,TASK_COMPLETE,SUCCESS,INFO,11770,11770,0,,2026-08-15T10:59:41.813Z,2026-08-15T11:46:12.215Z,2791,2026-08-15T11:46:12.215Z,Global,SAMMSGLOBAL,09bdfa13-0c4c-4ca3-9dd3-abd349cbbab4,
202608151146098628,202608151055524859,202608151055524858,107,8555,Clinical Domain Silver - SaveCheckIn,sl_checkin,TASK_COMPLETE,SUCCESS,INFO,30545,30545,0,,2026-08-15T10:59:41.813Z,2026-08-15T11:46:12.215Z,2791,2026-08-15T11:46:12.215Z,Global,SAMMSGLOBAL,09bdfa13-0c4c-4ca3-9dd3-abd349cbbab4,
202608101123593805,202608101123593803,20260810112355,122,12585,Gold OffWeek Counseling Engagement,OffWeekCounselingEngagement,TASK_COMPLETE,SUCCESS,INFO,0,0,0,,2026-08-10T11:23:59.380Z,2026-08-10T11:24:19.485Z,18,2026-08-10T11:24:19.485Z,,,78bad054-c366-447f-a42f-4880b22834e3,
202608100905414097,202608100905414096,20260810090533,122,12585,Gold OffWeek Counseling Engagement,OffWeekCounselingEngagement,TASK_COMPLETE,SUCCESS,INFO,0,0,0,,2026-08-10T09:05:41.409Z,2026-08-10T09:06:02.833Z,19,2026-08-10T09:06:02.833Z,,,871fd4e7-f63f-43b0-a6b5-8655d4836508,
202608201034573207,202608201013630457,202608201013630447,47,9878,P1 Finance Claims Silver,tbl_Claims,TASK_COMPLETE,SUCCESS,INFO,299947,299947,0,,2026-08-20T10:13:57.622Z,2026-08-20T10:39:20.764Z,1523,2026-08-20T10:39:20.764Z,,,069e8d01-766c-4679-b3df-c21f4d7bc3d1,
202608121140173295,202608121140173295,20260812113927,105,6814,Gold Active Directory AADUsers,AADUsers,TASK_DEPENDENCY_BLOCKED,DEPENDENCY_BLOCKED,WARN,0,0,0,Dependency Failed,2026-08-12T11:41:21.446Z,2026-08-12T11:41:21.446Z,0,2026-08-12T11:41:21.446Z,,,3294ab87-05f1-4b6e-93e9-0049786e91cf,
202608141520396109,202608141439460332,202608141439460325,124,13641,Assessments Silver - SavePADimension5,sl_PADimension5,TASK_COMPLETE,SUCCESS,INFO,1330,1330,0,,2026-08-14T14:40:07.233Z,2026-08-14T15:20:43.374Z,2436,2026-08-14T15:20:43.374Z,Global,SAMMSGLOBAL,58f20748-15b7-4a11-966c-9510b56c5310,
202608170614178957,202608170551256457,202608170551256420,46,9763,P1 Finance Claims Bronze - AHK,br_samms_claims,TASK_COMPLETE,SUCCESS,INFO,11415,11415,0,,2026-08-17T05:51:47.044Z,2026-08-17T06:14:21.786Z,1354,2026-08-17T06:14:21.786Z,AHK,Ahoskie,09d84bc7-e629-48a4-a32a-826b207e96d1,
202608170614178958,202608170551256458,202608170551256420,46,9764,P1 Finance Claims Bronze - B12B,br_samms_claims,TASK_COMPLETE,SUCCESS,INFO,57352,57352,0,,2026-08-17T05:51:47.044Z,2026-08-17T06:14:21.786Z,1354,2026-08-17T06:14:21.786Z,B12B,ColoradoSprings,09d84bc7-e629-48a4-a32a-826b207e96d1,
202608181059493589,202608181018508819,202608181018508812,124,13641,Assessments Silver - SavePADimension5,sl_PADimension5,TASK_COMPLETE,SUCCESS,INFO,9327,1333,0,,2026-08-18T10:19:21.940Z,2026-08-18T10:59:51.420Z,2430,2026-08-18T10:59:51.420Z,Global,SAMMSGLOBAL,06767fa9-f980-4e92-a048-4dd43e2dbe98,
202608141520396110,202608141439460333,202608141439460325,124,13642,Assessments Silver - SavePADimension6,sl_PADimension6,TASK_COMPLETE,SUCCESS,INFO,1329,1329,0,,2026-08-14T14:40:07.233Z,2026-08-14T15:20:43.374Z,2436,2026-08-14T15:20:43.374Z,Global,SAMMSGLOBAL,58f20748-15b7-4a11-966c-9510b56c5310,
202608181059493585,202608181018508816,202608181018508812,124,13638,Assessments Silver - SavePADimension2,sl_PADimension2,TASK_COMPLETE,SUCCESS,INFO,9370,1339,0,,2026-08-18T10:19:21.940Z,2026-08-18T10:59:51.420Z,2430,2026-08-18T10:59:51.420Z,Global,SAMMSGLOBAL,06767fa9-f980-4e92-a048-4dd43e2dbe98,
202608181242349996,202608181207908123,202608181207908120,124,13637,Assessments Silver - SavePADimension1,sl_PADimension1,TASK_COMPLETE,SUCCESS,INFO,1349,1349,0,,2026-08-18T12:09:06.544Z,2026-08-18T12:42:40.508Z,2014,2026-08-18T12:42:40.508Z,Global,SAMMSGLOBAL,6a9f8fe6-e2a7-49ab-8570-443c59873958,
202608251733582703,202608251712711181,202608251712711180,89,4768,P1 Reference Clinic Silver,tbl_Clinic,TASK_COMPLETE,SUCCESS,INFO,1,1,0,,2026-08-25T17:13:33.765Z,2026-08-25T17:34:00.541Z,1227,2026-08-25T17:34:00.541Z,,,72553dbc-d702-4eda-a5d0-9ceb643e22ea,
202608141520396104,202608141439460328,202608141439460325,124,13637,Assessments Silver - SavePADimension1,sl_PADimension1,TASK_COMPLETE,SUCCESS,INFO,1347,1347,0,,2026-08-14T14:40:07.233Z,2026-08-14T15:20:43.374Z,2436,2026-08-14T15:20:43.374Z,Global,SAMMSGLOBAL,58f20748-15b7-4a11-966c-9510b56c5310,
202608210226433424,202608210226433423,202608210217292236,84,6811,Gold Salesforce OutboundSMS,OutboundSMS,TASK_COMPLETE,SUCCESS,INFO,77,77,0,,2026-08-21T02:26:47.294Z,2026-08-21T02:26:58.490Z,9,2026-08-21T02:26:58.490Z,,,6e633944-6270-4167-9c27-2b58aaa91b88,
202608140551471266,202608140537410925,202608140537410912,118,11091,Bronze P1/P2 Assessments,br_newperiodicreassessmentd2,TASK_COMPLETE,SUCCESS,INFO,319,319,0,,2026-08-14T05:37:54.245Z,2026-08-14T05:51:50.752Z,836,2026-08-14T05:51:50.752Z,B24,Paintsville,49a6a879-8aad-45bb-887e-905eab5ea9bb,
202608140551471267,202608140537410926,202608140537410912,118,11093,Bronze P1/P2 Assessments,br_newperiodicreassessmentd2,TASK_COMPLETE,SUCCESS,INFO,1190,1190,0,,2026-08-14T05:37:54.245Z,2026-08-14T05:51:50.752Z,836,2026-08-14T05:51:50.752Z,B26,Hazard,49a6a879-8aad-45bb-887e-905eab5ea9bb,
202608140551471273,202608140537410931,202608140537410912,118,11459,Bronze P1/P2 Assessments,br_newperiodicreassessmentd4,TASK_COMPLETE,SUCCESS,INFO,321,321,0,,2026-08-14T05:37:54.245Z,2026-08-14T05:51:50.752Z,836,2026-08-14T05:51:50.752Z,B24,Paintsville,49a6a879-8aad-45bb-887e-905eab5ea9bb,
202608140551471274,202608140537410932,202608140537410912,118,11461,Bronze P1/P2 Assessments,br_newperiodicreassessmentd4,TASK_COMPLETE,SUCCESS,INFO,1188,1188,0,,2026-08-14T05:37:54.245Z,2026-08-14T05:51:50.752Z,836,2026-08-14T05:51:50.752Z,B26,Hazard,49a6a879-8aad-45bb-887e-905eab5ea9bb,
202608140551471280,202608140537410937,202608140537410912,118,11827,Bronze P1/P2 Assessments,br_newperiodicreassessmentd6,TASK_COMPLETE,SUCCESS,INFO,320,320,0,,2026-08-14T05:37:54.245Z,2026-08-14T05:51:50.752Z,836,2026-08-14T05:51:50.752Z,B24,Paintsville,49a6a879-8aad-45bb-887e-905eab5ea9bb,
202608140551471281,202608140537410938,202608140537410912,118,11829,Bronze P1/P2 Assessments,br_newperiodicreassessmentd6,TASK_COMPLETE,SUCCESS,INFO,1189,1189,0,,2026-08-14T05:37:54.245Z,2026-08-14T05:51:50.752Z,836,2026-08-14T05:51:50.752Z,B26,Hazard,49a6a879-8aad-45bb-887e-905eab5ea9bb,
202608170650554172,202608170608269024,202608170608269015,106,7139,Clinical Domain Bronze - SaveBamScore - V10,br_BAMScore,TASK_COMPLETE,SUCCESS,INFO,9756,9756,0,,2026-08-17T06:09:37.896Z,2026-08-17T06:50:58.970Z,2481,2026-08-17T06:50:58.970Z,V10,Boulder,83c0f655-df7d-4ce0-a8e7-3e8120951bbc,
202608141506426622,202608141444143624,202608141444143611,46,9409,P1 Finance 3P Eligibility Bronze - AHK,br_samms_3p_elig,TASK_COMPLETE,SUCCESS,INFO,88,88,0,,2026-08-14T14:44:17.762Z,2026-08-14T15:09:27.882Z,1510,2026-08-14T15:09:27.882Z,AHK,Ahoskie,1c123384-c339-4954-be1f-3a8d150ebb14,
202608210730463933,202608210728241666,20260821072815,100,13668,Bronze QQ_GLTRAN,br_qq_gltran,TASK_COMPLETE,SUCCESS,INFO,20814,20814,0,,2026-08-21T07:28:32.474Z,2026-08-21T07:30:48.298Z,129,2026-08-21T07:30:48.298Z,,,5dcbdf16-684e-4cfb-b8f1-a5d56858b4a4,
202608270734253608,202608270732229953,20260827073212,100,13668,Bronze QQ_GLTRAN,br_qq_gltran,TASK_COMPLETE,SUCCESS,INFO,24920,24920,0,,2026-08-27T07:32:32.726Z,2026-08-27T07:34:27.661Z,102,2026-08-27T07:34:27.661Z,,,172af47b-610a-4a99-aceb-e1a3ed168be6,
202608141519548126,202608141505674913,202608141505674909,119,12563,Silver P1/P2 Assessments,sl_NewPeriodicReassessmentCounselorReview,TASK_COMPLETE,SUCCESS,INFO,0,0,0,,2026-08-14T15:06:49.317Z,2026-08-14T15:19:58.460Z,789,2026-08-14T15:19:58.460Z,,,7969362d-463a-4985-92c3-d629dd6d5c4e,
202608141157242299,202608141147762586,202608141147762582,119,12563,Silver P1/P2 Assessments,sl_NewPeriodicReassessmentCounselorReview,TASK_COMPLETE,SUCCESS,INFO,0,0,0,,2026-08-14T11:48:09.966Z,2026-08-14T11:57:26.299Z,557,2026-08-14T11:57:26.299Z,,,21f5cd31-796d-43ad-806e-67ead954f01a,
202608181233341155,202608181205621844,202608181205621842,119,12561,Silver P1/P2 Assessments,sl_NewAdmissionAssessmentASAMDimension6,TASK_COMPLETE,SUCCESS,INFO,863,863,0,,2026-08-18T12:06:00.341Z,2026-08-18T12:33:35.919Z,1655,2026-08-18T12:33:35.919Z,,,201d97b6-7f87-43f7-a098-fb002daf1faf,
202608170751444050,202608170720464611,202608170720464599,119,12571,Silver P1/P2 Assessments,sl_NewAdmissionAssessmentASAMDimension5,TASK_COMPLETE,SUCCESS,INFO,844,844,0,,2026-08-17T07:20:41.512Z,2026-08-17T07:51:47.000Z,1866,2026-08-17T07:51:47.000Z,,,422b71cc-fe6c-4f30-846d-92fb5587d0e9,
202608171148188083,202608171119687432,202608171119687420,119,12571,Silver P1/P2 Assessments,sl_NewAdmissionAssessmentASAMDimension5,TASK_COMPLETE,SUCCESS,INFO,844,844,0,,2026-08-17T11:20:06.775Z,2026-08-17T11:48:22.375Z,1696,2026-08-17T11:48:22.375Z,,,50b193b8-c8c8-41b3-8f69-a5e058560d7e,
202608140748076875,202608140725314658,202608140725314656,119,12561,Silver P1/P2 Assessments,sl_NewAdmissionAssessmentASAMDimension6,TASK_COMPLETE,SUCCESS,INFO,856,856,0,,2026-08-14T07:25:23.942Z,2026-08-14T07:48:10.268Z,1367,2026-08-14T07:48:10.268Z,,,9e759780-91b7-4e4a-882b-cd4350ec70b7,
202608140554235489,202608140537510914,202608140537510912,119,12561,Silver P1/P2 Assessments,sl_NewAdmissionAssessmentASAMDimension6,TASK_COMPLETE,SUCCESS,INFO,856,856,0,,2026-08-14T05:37:54.245Z,2026-08-14T05:54:25.587Z,991,2026-08-14T05:54:25.587Z,,,49a6a879-8aad-45bb-887e-905eab5ea9bb,
202608140554235500,202608140537510924,202608140537510912,119,12571,Silver P1/P2 Assessments,sl_NewAdmissionAssessmentASAMDimension5,TASK_COMPLETE,SUCCESS,INFO,841,841,0,,2026-08-14T05:37:54.245Z,2026-08-14T05:54:25.587Z,991,2026-08-14T05:54:25.587Z,,,49a6a879-8aad-45bb-887e-905eab5ea9bb,
202608170008440997,202608162346418937,202608162346418898,85,3542,Bronze INV,br_ReAssessmentMentalHealth,TASK_COMPLETE,SUCCESS,INFO,35,35,0,,2026-08-16T23:46:55.971Z,2026-08-17T00:08:47.406Z,1312,2026-08-17T00:08:47.406Z,AHK,Ahoskie,77f58b99-e250-4627-9f17-559331ecd0ef,
202608170008441001,202608162346418941,202608162346418898,85,4278,Bronze INV,br_ReAssessmentSubstanceUse,TASK_COMPLETE,SUCCESS,INFO,35,35,0,,2026-08-16T23:46:55.971Z,2026-08-17T00:08:47.406Z,1312,2026-08-17T00:08:47.406Z,AHK,Ahoskie,77f58b99-e250-4627-9f17-559331ecd0ef,
202608170008440990,202608162346418931,202608162346418898,85,3726,Bronze INV,br_ReAssessmentOccupational,TASK_COMPLETE,SUCCESS,INFO,35,35,0,,2026-08-16T23:46:55.971Z,2026-08-17T00:08:47.406Z,1312,2026-08-17T00:08:47.406Z,AHK,Ahoskie,77f58b99-e250-4627-9f17-559331ecd0ef,
202608100747331204,202608100747331204,20260810074649,5,32,Silver 8x8 CallVolume,sl_8x8_CallVolume,TASK_SKIPPED,SKIPPED,WARN,0,0,0,Dependency Failed,2026-08-10T07:47:39.199Z,2026-08-10T07:47:39.199Z,0,2026-08-10T07:47:39.199Z,,,16a75514-afc2-4aaf-9331-e34f7fb9f5b5,
202608181906562221,202608181856344659,202608181856344656,114,8618,CDC Bronze INV,br_LiquidLog_CDC,TASK_COMPLETE,SUCCESS,INFO,422,422,0,,2026-08-18T18:57:16.304Z,2026-08-18T19:08:15.965Z,659,2026-08-18T19:08:15.965Z,CBCO,Coeur dAlene,8b420868-3d73-418b-b30b-805fea2baba5,
202608170831333968,202608170805268049,202608170805268041,98,6678,P1 Forms Take Home Risk Assessment Silver,tbl_TakeHomeRiskAssessment,TASK_COMPLETE,SUCCESS,INFO,1213,1213,0,,2026-08-17T08:05:23.166Z,2026-08-17T08:31:39.578Z,1576,2026-08-17T08:31:39.578Z,,,760fb7f7-522d-45ef-ae35-70bd18d17fef,
202608121926004645,202608121913698502,202608121913698500,76,144389,PPA Bronze,br_SF_PatientPreAdmission,TASK_COMPLETE,SUCCESS,INFO,446,446,0,,2026-08-12T19:14:53.387Z,2026-08-12T19:26:16.410Z,683,2026-08-12T19:26:16.410Z,B12B,ColoradoSprings,08d29c93-5d20-4cf2-aadc-bec1ce1bf79a,
202608100407112626,202608100407112625,20260810040549,5,32,Silver 8x8 CallVolume,sl_8x8_CallVolume,TASK_SKIPPED,SKIPPED,WARN,0,0,0,Dependency Failed,2026-08-10T04:07:17.981Z,2026-08-10T04:07:17.981Z,0,2026-08-10T04:07:17.981Z,,,0c0b5e48-d053-4755-97ee-27a6c27d227e,
202608150748559831,202608150748559831,202608141121345444,84,230,Gold Salesforce Events,Events,TASK_ALREADY_COMPLETED,ALREADY_COMPLETED,INFO,0,0,0,Already succeeded in previous attempt,2026-08-15T07:49:00.842Z,2026-08-15T07:49:00.842Z,0,2026-08-15T07:49:00.842Z,,,7aeef17f-6a83-4892-911d-f2c8473c9ddd,
202608151434387480,202608151417675667,202608151417675641,118,10911,Bronze P1/P2 Assessments,br_NewPeriodicReassessmentCounselorReview,TASK_COMPLETE,SUCCESS,INFO,0,0,0,,2026-08-15T14:18:19.683Z,2026-08-15T14:37:39.575Z,1160,2026-08-15T14:37:39.575Z,B28,West Plains,556076c4-618a-4487-8b31-ba5017a3c197,
202608150651058649,202608150651058649,202608141121345444,84,230,Gold Salesforce Events,Events,TASK_ALREADY_COMPLETED,ALREADY_COMPLETED,INFO,0,0,0,Already succeeded in previous attempt,2026-08-15T06:51:10.861Z,2026-08-15T06:51:10.861Z,0,2026-08-15T06:51:10.861Z,,,4b120bb3-f1e6-442e-8114-0fadc28f6b49,
202608181053385145,202608181018308821,202608181018308812,123,12832,Assessments Bronze - SavePADimension1 - B24,br_PADimension1,TASK_COMPLETE,SUCCESS,INFO,449,449,0,,2026-08-18T10:19:21.940Z,2026-08-18T10:53:43.553Z,2062,2026-08-18T10:53:43.553Z,B24,Paintsville,06767fa9-f980-4e92-a048-4dd43e2dbe98,
202608181053385146,202608181018308822,202608181018308812,123,12945,Assessments Bronze - SavePADimension2 - AHK,br_PADimension2,TASK_COMPLETE,SUCCESS,INFO,66,66,0,,2026-08-18T10:19:21.940Z,2026-08-18T10:53:43.553Z,2062,2026-08-18T10:53:43.553Z,AHK,Ahoskie,06767fa9-f980-4e92-a048-4dd43e2dbe98,
202608141514042253,202608141439260337,202608141439260325,123,12947,Assessments Bronze - SavePADimension2 - B24,br_PADimension2,TASK_COMPLETE,SUCCESS,INFO,448,448,0,,2026-08-14T14:40:07.233Z,2026-08-14T15:14:33.646Z,2066,2026-08-14T15:14:33.646Z,B24,Paintsville,58f20748-15b7-4a11-966c-9510b56c5310,
202608141514042254,202608141439260338,202608141439260325,123,13060,Assessments Bronze - SavePADimension3 - AHK,br_PADimension3,TASK_COMPLETE,SUCCESS,INFO,66,66,0,,2026-08-14T14:40:07.233Z,2026-08-14T15:14:33.646Z,2066,2026-08-14T15:14:33.646Z,AHK,Ahoskie,58f20748-15b7-4a11-966c-9510b56c5310,
202608171342462521,202608171342462521,202608171026319654,84,230,Gold Salesforce Events,Events,TASK_ALREADY_COMPLETED,ALREADY_COMPLETED,INFO,0,0,0,Already succeeded in previous attempt,2026-08-17T13:42:52.197Z,2026-08-17T13:42:52.197Z,0,2026-08-17T13:42:52.197Z,,,1cdba2b7-2cc0-4832-97e7-304e1a700c17,
202608141506426667,202608141444143633,202608141444143611,46,9882,P1 Finance Payer Client Bronze - B12B,br_samms_payer_client,TASK_COMPLETE,SUCCESS,INFO,1333,1333,0,,2026-08-14T14:44:17.762Z,2026-08-14T15:09:27.882Z,1510,2026-08-14T15:09:27.882Z,B12B,ColoradoSprings,1c123384-c339-4954-be1f-3a8d150ebb14,
202608181238297185,202608181207708132,202608181207708120,123,12947,Assessments Bronze - SavePADimension2 - B24,br_PADimension2,TASK_COMPLETE,SUCCESS,INFO,448,448,0,,2026-08-18T12:09:06.544Z,2026-08-18T12:38:32.842Z,1766,2026-08-18T12:38:32.842Z,B24,Paintsville,6a9f8fe6-e2a7-49ab-8570-443c59873958,
202608181238297186,202608181207708133,202608181207708120,123,13060,Assessments Bronze - SavePADimension3 - AHK,br_PADimension3,TASK_COMPLETE,SUCCESS,INFO,66,66,0,,2026-08-18T12:09:06.544Z,2026-08-18T12:38:32.842Z,1766,2026-08-18T12:38:32.842Z,AHK,Ahoskie,6a9f8fe6-e2a7-49ab-8570-443c59873958,
202608181238297181,202608181207708129,202608181207708120,123,12832,Assessments Bronze - SavePADimension1 - B24,br_PADimension1,TASK_COMPLETE,SUCCESS,INFO,449,449,0,,2026-08-18T12:09:06.544Z,2026-08-18T12:38:32.842Z,1766,2026-08-18T12:38:32.842Z,B24,Paintsville,6a9f8fe6-e2a7-49ab-8570-443c59873958,
202608181238297182,202608181207708130,202608181207708120,123,12945,Assessments Bronze - SavePADimension2 - AHK,br_PADimension2,TASK_COMPLETE,SUCCESS,INFO,66,66,0,,2026-08-18T12:09:06.544Z,2026-08-18T12:38:32.842Z,1766,2026-08-18T12:38:32.842Z,AHK,Ahoskie,6a9f8fe6-e2a7-49ab-8570-443c59873958,
202608181053385148,202608181018308824,202608181018308812,123,12947,Assessments Bronze - SavePADimension2 - B24,br_PADimension2,TASK_COMPLETE,SUCCESS,INFO,448,448,0,,2026-08-18T10:19:21.940Z,2026-08-18T10:53:43.553Z,2062,2026-08-18T10:53:43.553Z,B24,Paintsville,06767fa9-f980-4e92-a048-4dd43e2dbe98,
202608181053385149,202608181018308825,202608181018308812,123,13060,Assessments Bronze - SavePADimension3 - AHK,br_PADimension3,TASK_COMPLETE,SUCCESS,INFO,66,66,0,,2026-08-18T10:19:21.940Z,2026-08-18T10:53:43.553Z,2062,2026-08-18T10:53:43.553Z,AHK,Ahoskie,06767fa9-f980-4e92-a048-4dd43e2dbe98,
202608141514042250,202608141439260334,202608141439260325,123,12832,Assessments Bronze - SavePADimension1 - B24,br_PADimension1,TASK_COMPLETE,SUCCESS,INFO,449,449,0,,2026-08-14T14:40:07.233Z,2026-08-14T15:14:33.646Z,2066,2026-08-14T15:14:33.646Z,B24,Paintsville,58f20748-15b7-4a11-966c-9510b56c5310,
202608141514042251,202608141439260335,202608141439260325,123,12945,Assessments Bronze - SavePADimension2 - AHK,br_PADimension2,TASK_COMPLETE,SUCCESS,INFO,66,66,0,,2026-08-14T14:40:07.233Z,2026-08-14T15:14:33.646Z,2066,2026-08-14T15:14:33.646Z,AHK,Ahoskie,58f20748-15b7-4a11-966c-9510b56c5310,
202608121052561393,202608121009460908,202608121009460893,107,8569,Clinical Domain Silver - SaveTreatmentLevel,slv_treatmentlevel,TASK_COMPLETE,SUCCESS,INFO,1483,1483,0,,2026-08-12T10:11:56.792Z,2026-08-12T10:53:15.475Z,2479,2026-08-12T10:53:15.475Z,Global,SAMMSGLOBAL,1325a4eb-aa02-4bc9-9fae-d06e40a0cece,
202608251733582704,202608251712711182,202608251712711180,89,4886,P1 Reference 3P Setup Silver,tbl_3PSETUP,TASK_COMPLETE,SUCCESS,INFO,3,3,0,,2026-08-25T17:13:33.765Z,2026-08-25T17:34:00.541Z,1227,2026-08-25T17:34:00.541Z,,,72553dbc-d702-4eda-a5d0-9ceb643e22ea,
202608151434387451,202608151417675724,202608151417675641,118,12388,Bronze P1/P2 Assessments,br_NewAdmissionAssessmentASAMDimension5,TASK_COMPLETE,SUCCESS,INFO,175,175,0,,2026-08-15T14:18:19.683Z,2026-08-15T14:37:39.575Z,1160,2026-08-15T14:37:39.575Z,B33,Paducah,556076c4-618a-4487-8b31-ba5017a3c197,
202608181314386951,202608181250209443,202608181250209442,46,8701,P1 Finance Bills Bronze - AHK,br_samms_bills,TASK_COMPLETE,SUCCESS,INFO,1508,1508,0,,2026-08-18T12:50:23.823Z,2026-08-18T13:14:41.917Z,1458,2026-08-18T13:14:41.917Z,AHK,Ahoskie,03823c35-021d-4cc9-8374-59681a542f1d,
202608181314386953,202608181250209444,202608181250209442,46,8702,P1 Finance Bills Bronze - B12B,br_samms_bills,TASK_COMPLETE,SUCCESS,INFO,3738,3738,0,,2026-08-18T12:50:23.823Z,2026-08-18T13:14:41.917Z,1458,2026-08-18T13:14:41.917Z,B12B,ColoradoSprings,03823c35-021d-4cc9-8374-59681a542f1d,
202608181314386954,202608181250209445,202608181250209442,46,8703,P1 Finance Bills Bronze - B24,br_samms_bills,TASK_COMPLETE,SUCCESS,INFO,8574,8574,0,,2026-08-18T12:50:23.823Z,2026-08-18T13:14:41.917Z,1458,2026-08-18T13:14:41.917Z,B24,Paintsville,03823c35-021d-4cc9-8374-59681a542f1d,
202608151434387461,202608151417675654,202608151417675641,118,10548,Bronze P1/P2 Assessments,br_NewAdmissionAssessmentASAMDimension6,TASK_COMPLETE,SUCCESS,INFO,180,180,0,,2026-08-15T14:18:19.683Z,2026-08-15T14:37:39.575Z,1160,2026-08-15T14:37:39.575Z,B33,Paducah,556076c4-618a-4487-8b31-ba5017a3c197,
202608151434387441,202608151417675717,202608151417675641,118,12204,Bronze P1/P2 Assessments,br_NewAdmissionAssessmentASAMDimension4,TASK_COMPLETE,SUCCESS,INFO,177,177,0,,2026-08-15T14:18:19.683Z,2026-08-15T14:37:39.575Z,1160,2026-08-15T14:37:39.575Z,B33,Paducah,556076c4-618a-4487-8b31-ba5017a3c197,
202608181407308759,202608181342262707,202608181342262706,46,8701,P1 Finance Bills Bronze - AHK,br_samms_bills,TASK_COMPLETE,SUCCESS,INFO,1508,1508,0,,2026-08-18T13:42:39.071Z,2026-08-18T14:07:36.209Z,1497,2026-08-18T14:07:36.209Z,AHK,Ahoskie,2b16abcf-416f-4fd8-80a9-0aa52ca66e5c,
202608181407308760,202608181342262708,202608181342262706,46,8702,P1 Finance Bills Bronze - B12B,br_samms_bills,TASK_COMPLETE,SUCCESS,INFO,3738,3738,0,,2026-08-18T13:42:39.071Z,2026-08-18T14:07:36.209Z,1497,2026-08-18T14:07:36.209Z,B12B,ColoradoSprings,2b16abcf-416f-4fd8-80a9-0aa52ca66e5c,
202608181407308761,202608181342262709,202608181342262706,46,8703,P1 Finance Bills Bronze - B24,br_samms_bills,TASK_COMPLETE,SUCCESS,INFO,8575,8575,0,,2026-08-18T13:42:39.071Z,2026-08-18T14:07:36.209Z,1497,2026-08-18T14:07:36.209Z,B24,Paintsville,2b16abcf-416f-4fd8-80a9-0aa52ca66e5c,
202608151434387431,202608151417675710,202608151417675641,118,12020,Bronze P1/P2 Assessments,br_NewAdmissionAssessmentASAMDimension2,TASK_COMPLETE,SUCCESS,INFO,174,174,0,,2026-08-15T14:18:19.683Z,2026-08-15T14:37:39.575Z,1160,2026-08-15T14:37:39.575Z,B33,Paducah,556076c4-618a-4487-8b31-ba5017a3c197,
202608201544183504,202608201544183503,202608201542593057,82,201,Salesforce Record Types,br_sf_recordtype,TASK_COMPLETE,SUCCESS,INFO,21,21,0,,2026-08-20T15:44:23.446Z,2026-08-20T15:44:39.602Z,14,2026-08-20T15:44:39.602Z,,,95538f17-9d82-404e-9e3f-d1777714a921,
202608201126558617,202608201126558617,202608201125599805,82,201,Salesforce Record Types,br_sf_recordtype,TASK_COMPLETE,SUCCESS,INFO,21,21,0,,2026-08-20T11:27:00.688Z,2026-08-20T11:27:22.530Z,20,2026-08-20T11:27:22.530Z,,,79156e84-8509-4e63-a064-b4b0873a2a40,
202608211032026876,202608211032026876,202608211031030755,82,201,Salesforce Record Types,br_sf_recordtype,TASK_COMPLETE,SUCCESS,INFO,21,21,0,,2026-08-21T10:32:08.147Z,2026-08-21T10:32:24.441Z,15,2026-08-21T10:32:24.441Z,,,45603680-296f-4487-82f1-f8045d5f38e1,
202608201638595295,202608201638595295,202608201638083197,82,201,Salesforce Record Types,br_sf_recordtype,TASK_COMPLETE,SUCCESS,INFO,21,21,0,,2026-08-20T16:39:04.232Z,2026-08-20T16:39:23.281Z,17,2026-08-20T16:39:23.281Z,,,4ed56315-bafe-4059-9903-76e756bd89c4,
202608210200188858,202608210200188857,202608210159223552,82,201,Salesforce Record Types,br_sf_recordtype,TASK_COMPLETE,SUCCESS,INFO,21,21,0,,2026-08-21T02:00:23.850Z,2026-08-21T02:00:42.227Z,17,2026-08-21T02:00:42.227Z,,,6e633944-6270-4167-9c27-2b58aaa91b88,
202608201738411067,202608201738411066,202608201737362918,82,201,Salesforce Record Types,br_sf_recordtype,TASK_COMPLETE,SUCCESS,INFO,21,21,0,,2026-08-20T17:38:46.449Z,2026-08-20T17:39:09.740Z,14,2026-08-20T17:39:09.740Z,,,635224f3-f193-4ab0-a06c-8d0fbf5d6c6d,
202608170512224086,202608170512224086,20260817051213,81,228,Absolute Gold Inventory,Absolute_Inventory,TASK_DEPENDENCY_BLOCKED,DEPENDENCY_BLOCKED,WARN,0,0,0,Dependency Failed,2026-08-17T05:12:30.618Z,2026-08-17T05:12:30.618Z,0,2026-08-17T05:12:30.618Z,,,4300b874-eb47-449c-9d38-f629beccfecd,
202608170446416005,202608170446416005,20260817044634,81,228,Absolute Gold Inventory,Absolute_Inventory,TASK_DEPENDENCY_BLOCKED,DEPENDENCY_BLOCKED,WARN,0,0,0,Dependency Failed,2026-08-17T04:46:50.033Z,2026-08-17T04:46:50.033Z,0,2026-08-17T04:46:50.033Z,,,1af9a41e-9125-485a-8041-26d6cee05acd,
202608170426572070,202608170426572069,20260817042650,81,228,Absolute Gold Inventory,Absolute_Inventory,TASK_DEPENDENCY_BLOCKED,DEPENDENCY_BLOCKED,WARN,0,0,0,Dependency Failed,2026-08-17T04:27:06.112Z,2026-08-17T04:27:06.112Z,0,2026-08-17T04:27:06.112Z,,,917429b5-ff6b-44a1-95d5-5d35eb42c85f,
202608131000247390,202608131000247390,20260813100018,81,228,Absolute Gold Inventory,Absolute_Inventory,TASK_DEPENDENCY_BLOCKED,DEPENDENCY_BLOCKED,WARN,0,0,0,Dependency Failed,2026-08-13T10:00:34.324Z,2026-08-13T10:00:34.324Z,0,2026-08-13T10:00:34.324Z,,,494be37e-e82d-4d45-8f02-f9e0849ccd2a,
202608170749224551,202608170720364657,202608170720364599,118,11826,Bronze P1/P2 Assessments,br_NewPeriodicReassessmentD6,TASK_COMPLETE,SUCCESS,INFO,0,0,0,,2026-08-17T07:20:41.512Z,2026-08-17T07:49:26.331Z,1725,2026-08-17T07:49:26.331Z,B12B,Colorado Springs,422b71cc-fe6c-4f30-846d-92fb5587d0e9,
202608151434387526,202608151417675699,202608151417675641,118,11826,Bronze P1/P2 Assessments,br_NewPeriodicReassessmentD6,TASK_COMPLETE,SUCCESS,INFO,0,0,0,,2026-08-15T14:18:19.683Z,2026-08-15T14:37:39.575Z,1160,2026-08-15T14:37:39.575Z,B12B,Colorado Springs,556076c4-618a-4487-8b31-ba5017a3c197,
202608151434387506,202608151417675685,202608151417675641,118,11458,Bronze P1/P2 Assessments,br_NewPeriodicReassessmentD4,TASK_COMPLETE,SUCCESS,INFO,0,0,0,,2026-08-15T14:18:19.683Z,2026-08-15T14:37:39.575Z,1160,2026-08-15T14:37:39.575Z,B12B,Colorado Springs,556076c4-618a-4487-8b31-ba5017a3c197,
202608170749224543,202608170720364650,202608170720364599,118,11642,Bronze P1/P2 Assessments,br_NewPeriodicReassessmentD5,TASK_COMPLETE,SUCCESS,INFO,0,0,0,,2026-08-17T07:20:41.512Z,2026-08-17T07:49:26.331Z,1725,2026-08-17T07:49:26.331Z,B12B,Colorado Springs,422b71cc-fe6c-4f30-846d-92fb5587d0e9,
202608140148415755,202608140148415754,20260814014832,4,28,8x8 CallInteractions API,br_8x8_HistoricalCCDetailedInteractions,TASK_COMPLETE,SUCCESS,INFO,873,873,0,,2026-08-14T01:48:46.770Z,2026-08-14T01:49:21.205Z,32,2026-08-14T01:49:21.205Z,,,9e209bf9-13e9-42f0-a8b8-cd3732c2d635,
202608140257135456,202608140257135456,20260814025704,4,28,8x8 CallInteractions API,br_8x8_HistoricalCCDetailedInteractions,TASK_COMPLETE,SUCCESS,INFO,876,876,0,,2026-08-14T02:57:19.084Z,2026-08-14T02:57:52.569Z,31,2026-08-14T02:57:52.569Z,,,360959fd-08b4-465c-be75-1bdb70b33137,
202608140206182575,202608140206182574,20260814020609,4,28,8x8 CallInteractions API,br_8x8_HistoricalCCDetailedInteractions,TASK_COMPLETE,SUCCESS,INFO,873,873,0,,2026-08-14T02:07:08.498Z,2026-08-14T02:09:22.385Z,94,2026-08-14T02:09:22.385Z,,,7582fe2a-ab67-4726-aa6a-73a8a3ff4bdb,
202608141119069717,202608141119069716,202608141112591965,83,6807,Silver Salesforce Patient Surveys,sl_sf_patientsurveys,TASK_COMPLETE,SUCCESS,INFO,204,204,0,,2026-08-14T11:19:11.035Z,2026-08-14T11:19:29.411Z,17,2026-08-14T11:19:29.411Z,,,65af9a38-d304-499c-abe3-51037aa67f0b,
202608150824589213,202608150824589213,202608150818522823,83,6807,Silver Salesforce Patient Surveys,sl_sf_patientsurveys,TASK_COMPLETE,SUCCESS,INFO,204,204,0,,2026-08-15T08:25:04.224Z,2026-08-15T08:25:26.512Z,19,2026-08-15T08:25:26.512Z,,,749d5262-86ff-40e0-8a86-2235f2d6051c,
202608171024085318,202608171024085318,202608171018106132,83,6807,Silver Salesforce Patient Surveys,sl_sf_patientsurveys,TASK_COMPLETE,SUCCESS,INFO,208,208,0,,2026-08-17T10:24:14.199Z,2026-08-17T10:24:37.962Z,21,2026-08-17T10:24:37.962Z,,,7037e752-f6e1-4d8a-bc47-4e70a4e83a16,
202608180522568387,202608180522568387,20260818052236,6,35,Gold 8x8 CallVolume,8x8_CallVolume,TASK_SKIPPED,SKIPPED,WARN,0,0,0,Dependency Failed,2026-08-18T05:23:05.538Z,2026-08-18T05:23:05.538Z,0,2026-08-18T05:23:05.538Z,,,4723a883-9ff8-4a44-af41-2df7d0667204,
202608251542248298,202608251517689132,202608251517689120,47,10114,P1 Finance Diag10 Silver,tbl_tbldiag10,TASK_COMPLETE,SUCCESS,INFO,231,231,0,,2026-08-25T15:18:05.141Z,2026-08-25T15:42:26.877Z,1461,2026-08-25T15:42:26.877Z,,,04d587cb-fd28-4f28-a572-c158aa92fa98,
202608271136355975,202608271136355975,20260827113412,132,13703,Location Retention Gold,LocationRetention,TASK_SUCCESS,SUCCESS,INFO,0,0,0,,2026-08-27T11:36:35.597Z,2026-08-27T11:37:00.784Z,25,2026-08-27T11:37:00.784Z,,,548cb8af-a2ae-442b-8193-6118f75471ea,
202608201805164549,202608201805164549,202608201756217905,84,6811,Gold Salesforce OutboundSMS,OutboundSMS,TASK_COMPLETE,SUCCESS,INFO,62,62,0,,2026-08-20T18:05:20.911Z,2026-08-20T18:05:32.929Z,10,2026-08-20T18:05:32.929Z,,,635224f3-f193-4ab0-a06c-8d0fbf5d6c6d,
202608170749224558,202608170720364663,202608170720364599,118,12009,Bronze P1/P2 Assessments,br_NewAdmissionAssessmentASAMDimension2,TASK_COMPLETE,SUCCESS,INFO,0,0,0,,2026-08-17T07:20:41.512Z,2026-08-17T07:49:26.331Z,1725,2026-08-17T07:49:26.331Z,AHK,Ahoskie,422b71cc-fe6c-4f30-846d-92fb5587d0e9,
202608151434387456,202608151417675649,202608151417675641,118,10537,Bronze P1/P2 Assessments,br_NewAdmissionAssessmentASAMDimension6,TASK_COMPLETE,SUCCESS,INFO,0,0,0,,2026-08-15T14:18:19.683Z,2026-08-15T14:37:39.575Z,1160,2026-08-15T14:37:39.575Z,AHK,Ahoskie,556076c4-618a-4487-8b31-ba5017a3c197,
202608151434387436,202608151417675712,202608151417675641,118,12193,Bronze P1/P2 Assessments,br_NewAdmissionAssessmentASAMDimension4,TASK_COMPLETE,SUCCESS,INFO,0,0,0,,2026-08-15T14:18:19.683Z,2026-08-15T14:37:39.575Z,1160,2026-08-15T14:37:39.575Z,AHK,Ahoskie,556076c4-618a-4487-8b31-ba5017a3c197,
202608151434387425,202608151417675705,202608151417675641,118,12009,Bronze P1/P2 Assessments,br_NewAdmissionAssessmentASAMDimension2,TASK_COMPLETE,SUCCESS,INFO,0,0,0,,2026-08-15T14:18:19.683Z,2026-08-15T14:37:39.575Z,1160,2026-08-15T14:37:39.575Z,AHK,Ahoskie,556076c4-618a-4487-8b31-ba5017a3c197,
202608170749224574,202608170720364677,202608170720364599,118,12377,Bronze P1/P2 Assessments,br_NewAdmissionAssessmentASAMDimension5,TASK_COMPLETE,SUCCESS,INFO,0,0,0,,2026-08-17T07:20:41.512Z,2026-08-17T07:49:26.331Z,1725,2026-08-17T07:49:26.331Z,AHK,Ahoskie,422b71cc-fe6c-4f30-846d-92fb5587d0e9,
202608170749224495,202608170720364607,202608170720364599,118,10537,Bronze P1/P2 Assessments,br_NewAdmissionAssessmentASAMDimension6,TASK_COMPLETE,SUCCESS,INFO,0,0,0,,2026-08-17T07:20:41.512Z,2026-08-17T07:49:26.331Z,1725,2026-08-17T07:49:26.331Z,AHK,Ahoskie,422b71cc-fe6c-4f30-846d-92fb5587d0e9,
202608170749224566,202608170720364670,202608170720364599,118,12193,Bronze P1/P2 Assessments,br_NewAdmissionAssessmentASAMDimension4,TASK_COMPLETE,SUCCESS,INFO,0,0,0,,2026-08-17T07:20:41.512Z,2026-08-17T07:49:26.331Z,1725,2026-08-17T07:49:26.331Z,AHK,Ahoskie,422b71cc-fe6c-4f30-846d-92fb5587d0e9,
202608151434387446,202608151417675719,202608151417675641,118,12377,Bronze P1/P2 Assessments,br_NewAdmissionAssessmentASAMDimension5,TASK_COMPLETE,SUCCESS,INFO,0,0,0,,2026-08-15T14:18:19.683Z,2026-08-15T14:37:39.575Z,1160,2026-08-15T14:37:39.575Z,AHK,Ahoskie,556076c4-618a-4487-8b31-ba5017a3c197,
202608170749224562,202608170720364666,202608170720364599,118,12013,Bronze P1/P2 Assessments,br_NewAdmissionAssessmentASAMDimension2,TASK_COMPLETE,SUCCESS,INFO,399,399,0,,2026-08-17T07:20:41.512Z,2026-08-17T07:49:26.331Z,1725,2026-08-17T07:49:26.331Z,B26,Hazard,422b71cc-fe6c-4f30-846d-92fb5587d0e9,
202608170749224498,202608170720364610,202608170720364599,118,10541,Bronze P1/P2 Assessments,br_NewAdmissionAssessmentASAMDimension6,TASK_COMPLETE,SUCCESS,INFO,402,402,0,,2026-08-17T07:20:41.512Z,2026-08-17T07:49:26.331Z,1725,2026-08-17T07:49:26.331Z,B26,Hazard,422b71cc-fe6c-4f30-846d-92fb5587d0e9,
202608170749224577,202608170720364680,202608170720364599,118,12381,Bronze P1/P2 Assessments,br_NewAdmissionAssessmentASAMDimension5,TASK_COMPLETE,SUCCESS,INFO,398,398,0,,2026-08-17T07:20:41.512Z,2026-08-17T07:49:26.331Z,1725,2026-08-17T07:49:26.331Z,B26,Hazard,422b71cc-fe6c-4f30-846d-92fb5587d0e9,
202608170749224569,202608170720364673,202608170720364599,118,12197,Bronze P1/P2 Assessments,br_NewAdmissionAssessmentASAMDimension4,TASK_COMPLETE,SUCCESS,INFO,399,399,0,,2026-08-17T07:20:41.512Z,2026-08-17T07:49:26.331Z,1725,2026-08-17T07:49:26.331Z,B26,Hazard,422b71cc-fe6c-4f30-846d-92fb5587d0e9,
202608170008440961,202608162346418904,202608162346418898,85,2623,Bronze INV,br_LiquidLog,TASK_COMPLETE,SUCCESS,INFO,3355,3355,0,,2026-08-16T23:46:55.971Z,2026-08-17T00:08:47.406Z,1312,2026-08-17T00:08:47.406Z,B12B,Colorado Springs,77f58b99-e250-4627-9f17-559331ecd0ef,
202608170008440966,202608162346418908,202608162346418898,85,2255,Bronze INV,br_LabResult,TASK_COMPLETE,SUCCESS,INFO,1257,1257,0,,2026-08-16T23:46:55.971Z,2026-08-17T00:08:47.406Z,1312,2026-08-17T00:08:47.406Z,B12B,Colorado Springs,77f58b99-e250-4627-9f17-559331ecd0ef,
202608170012561241,202608162346518904,202608162346518898,86,5725,Silver INV,sl_AdmissionAssessmentDimensionFiveSubstanceUse,TASK_COMPLETE,SUCCESS,INFO,879,879,0,,2026-08-16T23:46:55.971Z,2026-08-17T00:12:58.187Z,1563,2026-08-17T00:12:58.187Z,,,77f58b99-e250-4627-9f17-559331ecd0ef,
202608100957044999,202608100934467080,202608100934467074,86,5725,Silver INV,sl_AdmissionAssessmentDimensionFiveSubstanceUse,TASK_COMPLETE,SUCCESS,INFO,874,874,0,,2026-08-10T09:34:42.906Z,2026-08-10T09:57:07.278Z,1345,2026-08-10T09:57:07.278Z,,,6ef3fd30-03b0-4dcd-9022-3df447f4d036,
202608170749224534,202608170720364642,202608170720364599,118,11457,Bronze P1/P2 Assessments,br_NewPeriodicReassessmentD4,TASK_COMPLETE,SUCCESS,INFO,0,0,0,,2026-08-17T07:20:41.512Z,2026-08-17T07:49:26.331Z,1725,2026-08-17T07:49:26.331Z,AHK,Ahoskie,422b71cc-fe6c-4f30-846d-92fb5587d0e9,
202608170749224550,202608170720364656,202608170720364599,118,11825,Bronze P1/P2 Assessments,br_NewPeriodicReassessmentD6,TASK_COMPLETE,SUCCESS,INFO,0,0,0,,2026-08-17T07:20:41.512Z,2026-08-17T07:49:26.331Z,1725,2026-08-17T07:49:26.331Z,AHK,Ahoskie,422b71cc-fe6c-4f30-846d-92fb5587d0e9,
202608170749224542,202608170720364649,202608170720364599,118,11641,Bronze P1/P2 Assessments,br_NewPeriodicReassessmentD5,TASK_COMPLETE,SUCCESS,INFO,0,0,0,,2026-08-17T07:20:41.512Z,2026-08-17T07:49:26.331Z,1725,2026-08-17T07:49:26.331Z,AHK,Ahoskie,422b71cc-fe6c-4f30-846d-92fb5587d0e9,
202608151434387521,202608151417675696,202608151417675641,118,11652,Bronze P1/P2 Assessments,br_NewPeriodicReassessmentD5,TASK_COMPLETE,SUCCESS,INFO,0,0,0,,2026-08-15T14:18:19.683Z,2026-08-15T14:37:39.575Z,1160,2026-08-15T14:37:39.575Z,B33,Paducah,556076c4-618a-4487-8b31-ba5017a3c197,
202608151434387491,202608151417675675,202608151417675641,118,11100,Bronze P1/P2 Assessments,br_NewPeriodicReassessmentD2,TASK_COMPLETE,SUCCESS,INFO,0,0,0,,2026-08-15T14:18:19.683Z,2026-08-15T14:37:39.575Z,1160,2026-08-15T14:37:39.575Z,B33,Paducah,556076c4-618a-4487-8b31-ba5017a3c197,
202608240623528178,202608240621575591,20260824062148,100,13668,Bronze QQ_GLTRAN,br_qq_gltran,TASK_COMPLETE,SUCCESS,INFO,5784,5784,0,,2026-08-24T06:22:06.869Z,2026-08-24T06:23:55.090Z,97,2026-08-24T06:23:55.090Z,,,25d2eaee-dfad-422c-bf93-c7d0a4c88cf3,
202608151434387505,202608151417675684,202608151417675641,118,11457,Bronze P1/P2 Assessments,br_NewPeriodicReassessmentD4,TASK_COMPLETE,SUCCESS,INFO,0,0,0,,2026-08-15T14:18:19.683Z,2026-08-15T14:37:39.575Z,1160,2026-08-15T14:37:39.575Z,AHK,Ahoskie,556076c4-618a-4487-8b31-ba5017a3c197,
202608151434387531,202608151417675703,202608151417675641,118,11836,Bronze P1/P2 Assessments,br_NewPeriodicReassessmentD6,TASK_COMPLETE,SUCCESS,INFO,0,0,0,,2026-08-15T14:18:19.683Z,2026-08-15T14:37:39.575Z,1160,2026-08-15T14:37:39.575Z,B33,Paducah,556076c4-618a-4487-8b31-ba5017a3c197,
202608170749224526,202608170720364635,202608170720364599,118,11273,Bronze P1/P2 Assessments,br_NewPeriodicReassessmentD3,TASK_COMPLETE,SUCCESS,INFO,0,0,0,,2026-08-17T07:20:41.512Z,2026-08-17T07:49:26.331Z,1725,2026-08-17T07:49:26.331Z,AHK,Ahoskie,422b71cc-fe6c-4f30-846d-92fb5587d0e9,
202608151434387501,202608151417675682,202608151417675641,118,11284,Bronze P1/P2 Assessments,br_NewPeriodicReassessmentD3,TASK_COMPLETE,SUCCESS,INFO,0,0,0,,2026-08-15T14:18:19.683Z,2026-08-15T14:37:39.575Z,1160,2026-08-15T14:37:39.575Z,B33,Paducah,556076c4-618a-4487-8b31-ba5017a3c197,
202608170749224519,202608170720364628,202608170720364599,118,11089,Bronze P1/P2 Assessments,br_NewPeriodicReassessmentD2,TASK_COMPLETE,SUCCESS,INFO,0,0,0,,2026-08-17T07:20:41.512Z,2026-08-17T07:49:26.331Z,1725,2026-08-17T07:49:26.331Z,AHK,Ahoskie,422b71cc-fe6c-4f30-846d-92fb5587d0e9,
202608110049109072,202608110031751338,202608110031751337,32,95,FormAnswerSignatures Silver,tbl_dbo_FormAnswerSignatures,TASK_COMPLETE,SUCCESS,INFO,5126,5126,0,,2026-08-11T00:32:29.354Z,2026-08-11T00:49:25.625Z,1016,2026-08-11T00:49:25.625Z,,,03b87ee5-1e5e-4b32-ba16-03ddc89bc75a,
202608170831333965,202608170805268046,202608170805268041,98,6327,P1 Forms SMS Text Consent Form Silver,tbl_SMSTextConsentForm,TASK_COMPLETE,SUCCESS,INFO,338,338,0,,2026-08-17T08:05:23.166Z,2026-08-17T08:31:39.578Z,1576,2026-08-17T08:31:39.578Z,,,760fb7f7-522d-45ef-ae35-70bd18d17fef,
202608171030356409,202608171030356409,202608171026319654,84,223,Gold Salesforce StgEvents,stgEvents,TASK_COMPLETE,SUCCESS,INFO,0,0,0,No records returned,2026-08-17T10:30:43.086Z,2026-08-17T10:31:06.213Z,20,2026-08-17T10:31:06.213Z,,,7037e752-f6e1-4d8a-bc47-4e70a4e83a16,
202608141126025264,202608141126025264,202608141121345444,84,223,Gold Salesforce StgEvents,stgEvents,TASK_COMPLETE,SUCCESS,INFO,0,0,0,No records returned,2026-08-14T11:26:09.134Z,2026-08-14T11:26:20.763Z,10,2026-08-14T11:26:20.763Z,,,65af9a38-d304-499c-abe3-51037aa67f0b,
202608201034573214,202608201013630460,202608201013630447,47,10232,P1 Finance Client Demo 1 Silver,tbl_ClientDemo1,TASK_COMPLETE,SUCCESS,INFO,8002,8002,0,,2026-08-20T10:13:57.622Z,2026-08-20T10:39:20.764Z,1523,2026-08-20T10:39:20.764Z,,,069e8d01-766c-4679-b3df-c21f4d7bc3d1,
202608150747311828,202608150747311828,202608141121345444,84,225,Gold Salesforce Contacts,Contacts,TASK_ALREADY_COMPLETED,ALREADY_COMPLETED,INFO,0,0,0,Already succeeded in previous attempt,2026-08-15T07:47:36.325Z,2026-08-15T07:47:36.325Z,0,2026-08-15T07:47:36.325Z,,,7aeef17f-6a83-4892-911d-f2c8473c9ddd,
202608150830152012,202608150830152011,202608141121345444,84,225,Gold Salesforce Contacts,Contacts,TASK_ALREADY_COMPLETED,ALREADY_COMPLETED,INFO,0,0,0,Already succeeded in previous attempt,2026-08-15T08:30:19.601Z,2026-08-15T08:30:19.601Z,0,2026-08-15T08:30:19.601Z,,,749d5262-86ff-40e0-8a86-2235f2d6051c,
202608150648536562,202608150648536562,202608141121345444,84,221,Gold Salesforce StgCases,stgCases,TASK_ALREADY_COMPLETED,ALREADY_COMPLETED,INFO,0,0,0,Already succeeded in previous attempt,2026-08-15T06:48:57.900Z,2026-08-15T06:48:57.900Z,0,2026-08-15T06:48:57.900Z,,,4b120bb3-f1e6-442e-8114-0fadc28f6b49,
202608170614178971,202608170551256469,202608170551256420,46,10117,P1 Finance Client Demo 1 Bronze - AHK,br_samms_client_demo1,TASK_COMPLETE,SUCCESS,INFO,301,301,0,,2026-08-17T05:51:47.044Z,2026-08-17T06:14:21.786Z,1354,2026-08-17T06:14:21.786Z,AHK,Ahoskie,09d84bc7-e629-48a4-a32a-826b207e96d1,
202608170614178972,202608170551256470,202608170551256420,46,10118,P1 Finance Client Demo 1 Bronze - B12B,br_samms_client_demo1,TASK_COMPLETE,SUCCESS,INFO,1365,1365,0,,2026-08-17T05:51:47.044Z,2026-08-17T06:14:21.786Z,1354,2026-08-17T06:14:21.786Z,B12B,ColoradoSprings,09d84bc7-e629-48a4-a32a-826b207e96d1,
202608151352479064,202608151310407813,202608151310407803,106,7161,Clinical Domain Bronze - SaveCows_v6 - B12B,br_Cows_v6,TASK_COMPLETE,SUCCESS,INFO,7664,7664,0,,2026-08-15T13:11:43.813Z,2026-08-15T13:52:51.092Z,2468,2026-08-15T13:52:51.092Z,B12B,ColoradoSprings,56214535-005b-4285-976b-e0172bc11b0b,
202608151352479065,202608151310407814,202608151310407803,106,7205,Clinical Domain Bronze - SaveCows_v6 - BOI,br_Cows_v6,TASK_COMPLETE,SUCCESS,INFO,3647,3647,0,,2026-08-15T13:11:43.813Z,2026-08-15T13:52:51.092Z,2468,2026-08-15T13:52:51.092Z,BOI,Boise,56214535-005b-4285-976b-e0172bc11b0b,
202608151352479066,202608151310407815,202608151310407803,106,7254,Clinical Domain Bronze - SaveCows_v6 - V10,br_Cows_v6,TASK_COMPLETE,SUCCESS,INFO,12263,12263,0,,2026-08-15T13:11:43.813Z,2026-08-15T13:52:51.092Z,2468,2026-08-15T13:52:51.092Z,V10,Boulder,56214535-005b-4285-976b-e0172bc11b0b,
202608251454402513,202608251428452613,202608251428452600,47,10232,P1 Finance Client Demo 1 Silver,tbl_ClientDemo1,TASK_COMPLETE,SUCCESS,INFO,1675,1675,0,,2026-08-25T14:28:42.306Z,2026-08-25T14:54:42.345Z,1560,2026-08-25T14:54:42.345Z,,,5e789551-b18e-4745-8526-2b8db3ceeb01,
202608251342358427,202608251342358426,20260825134116,5,13678,8x8 Call Detail Legs Silver,sl_8x8_calldetaillegs,TASK_COMPLETE,SUCCESS,INFO,28744,0,0,,2026-08-25T13:42:35.842Z,2026-08-25T13:43:08.764Z,31,2026-08-25T13:43:08.764Z,,,3475c8ff-ffdb-4323-a994-e16cd3be5d9b,
202608201559219116,202608201559219115,202608201553439487,83,6808,Silver Salesforce Outbound SMS,sl_sf_outboundsms,TASK_COMPLETE,SUCCESS,INFO,167,167,0,,2026-08-20T15:59:25.586Z,2026-08-20T15:59:45.639Z,18,2026-08-20T15:59:45.639Z,,,95538f17-9d82-404e-9e3f-d1777714a921,
202608201653548299,202608201653548299,202608201648145195,83,6808,Silver Salesforce Outbound SMS,sl_sf_outboundsms,TASK_COMPLETE,SUCCESS,INFO,172,172,0,,2026-08-20T16:53:58.341Z,2026-08-20T16:54:22.764Z,23,2026-08-20T16:54:22.764Z,,,4ed56315-bafe-4059-9903-76e756bd89c4,
202608211046407586,202608211046407586,202608211041144699,83,6808,Silver Salesforce Outbound SMS,sl_sf_outboundsms,TASK_COMPLETE,SUCCESS,INFO,158,158,0,,2026-08-21T10:46:44.810Z,2026-08-21T10:47:01.974Z,15,2026-08-21T10:47:01.974Z,,,45603680-296f-4487-82f1-f8045d5f38e1,
202608210215368106,202608210215368106,202608210210099193,83,6808,Silver Salesforce Outbound SMS,sl_sf_outboundsms,TASK_COMPLETE,SUCCESS,INFO,302,302,0,,2026-08-21T02:15:40.147Z,2026-08-21T02:15:56.616Z,15,2026-08-21T02:15:56.616Z,,,6e633944-6270-4167-9c27-2b58aaa91b88,
202608170008441007,202608162346418946,202608162346418898,85,4463,Bronze INV,br_ReAssessmentTreatment,TASK_COMPLETE,SUCCESS,INFO,662,662,0,,2026-08-16T23:46:55.971Z,2026-08-17T00:08:47.406Z,1312,2026-08-17T00:08:47.406Z,B12B,Colorado Springs,77f58b99-e250-4627-9f17-559331ecd0ef,
202608151629213463,202608151629213463,20260815162904,4,28,8x8 CallInteractions API,br_8x8_HistoricalCCDetailedInteractions,TASK_COMPLETE,SUCCESS,INFO,143379,143379,0,,2026-08-15T16:29:21.346Z,2026-08-15T16:46:10.986Z,992,2026-08-15T16:46:10.986Z,,,4bfd62cb-cdb1-43b0-9906-0c9977c047bd,
202608211049577730,202608211049577730,202608211048467468,84,218,Gold Salesforce Users,Users,TASK_COMPLETE,SUCCESS,INFO,474,474,0,,2026-08-21T10:50:03.673Z,2026-08-21T10:50:19.356Z,14,2026-08-21T10:50:19.356Z,,,45603680-296f-4487-82f1-f8045d5f38e1,
202608170008440974,202608162346418916,202608162346418898,85,1519,Bronze INV,br_AdmissionAssessmentSummary,TASK_COMPLETE,SUCCESS,INFO,797,797,0,,2026-08-16T23:46:55.971Z,2026-08-17T00:08:47.406Z,1312,2026-08-17T00:08:47.406Z,B12B,Colorado Springs,77f58b99-e250-4627-9f17-559331ecd0ef,
202608271139529864,202608271139529864,20260827113412,132,13706,Missed Doses Gold,MissedDoses,TASK_SUCCESS,SUCCESS,INFO,0,0,0,,2026-08-27T11:39:52.986Z,2026-08-27T11:40:24.096Z,31,2026-08-27T11:40:24.096Z,,,548cb8af-a2ae-442b-8193-6118f75471ea,
202608270904378405,202608270904378405,20260827043602,132,13706,Missed Doses Gold,MissedDoses,TASK_SUCCESS,SUCCESS,INFO,0,0,0,,2026-08-27T09:04:37.840Z,2026-08-27T09:05:06.052Z,28,2026-08-27T09:05:06.052Z,,,3fa64f84-15aa-45fb-9cca-2f2fe48cfae1,
202608170008441000,202608162346418940,202608162346418898,85,3911,Bronze INV,br_ReAssessmentPhysicalHealth,TASK_COMPLETE,SUCCESS,INFO,662,662,0,,2026-08-16T23:46:55.971Z,2026-08-17T00:08:47.406Z,1312,2026-08-17T00:08:47.406Z,B12B,Colorado Springs,77f58b99-e250-4627-9f17-559331ecd0ef,
202608201802537590,202608201802537589,202608201756217905,84,13674,Gold Salesforce Leads,Leads,TASK_COMPLETE,SUCCESS,INFO,64,64,0,,2026-08-20T18:02:57.808Z,2026-08-20T18:03:08.426Z,9,2026-08-20T18:03:08.426Z,,,635224f3-f193-4ab0-a06c-8d0fbf5d6c6d,
202608201802227682,202608201802227682,202608201756217905,84,13673,Gold Salesforce Cases,Cases,TASK_COMPLETE,SUCCESS,INFO,0,0,0,,2026-08-20T18:02:26.360Z,2026-08-20T18:02:38.534Z,10,2026-08-20T18:02:38.534Z,,,635224f3-f193-4ab0-a06c-8d0fbf5d6c6d,
202608201605268275,202608201605268275,202608201140451356,84,13673,Gold Salesforce Cases,Cases,TASK_COMPLETE,SUCCESS,INFO,0,0,0,,2026-08-20T16:05:32.029Z,2026-08-20T16:05:49.317Z,15,2026-08-20T16:05:49.317Z,,,95538f17-9d82-404e-9e3f-d1777714a921,
202608170618079110,202608170551356431,202608170551356420,47,9996,P1 Finance Payer Client Silver,tbl_PayerClient,TASK_COMPLETE,SUCCESS,INFO,4265,4265,0,,2026-08-17T05:51:47.044Z,2026-08-17T06:18:10.296Z,1583,2026-08-17T06:18:10.296Z,,,09d84bc7-e629-48a4-a32a-826b207e96d1,
202608141506426769,202608141444243622,202608141444243611,47,9996,P1 Finance Payer Client Silver,tbl_PayerClient,TASK_COMPLETE,SUCCESS,INFO,1512,1512,0,,2026-08-14T14:44:17.762Z,2026-08-14T15:09:27.882Z,1510,2026-08-14T15:09:27.882Z,,,1c123384-c339-4954-be1f-3a8d150ebb14,
202608181318573826,202608181250309453,202608181250309442,47,9996,P1 Finance Payer Client Silver,tbl_PayerClient,TASK_COMPLETE,SUCCESS,INFO,4253,4253,0,,2026-08-18T12:50:23.823Z,2026-08-18T13:19:00.283Z,1717,2026-08-18T13:19:00.283Z,,,03823c35-021d-4cc9-8374-59681a542f1d,
202608102325457284,202608102246389963,202608102246389962,32,95,FormAnswerSignatures Silver,tbl_dbo_FormAnswerSignatures,TASK_COMPLETE,SUCCESS,INFO,2127948,2127948,0,,2026-08-10T22:46:50.634Z,2026-08-10T23:25:47.689Z,2337,2026-08-10T23:25:47.689Z,,,577185a2-f5a0-4625-b776-012683caf0bc,
202608141937441047,202608141857440775,202608141857440774,32,95,FormAnswerSignatures Silver,tbl_dbo_FormAnswerSignatures,TASK_COMPLETE,SUCCESS,INFO,8857668,8857668,0,,2026-08-14T18:58:05.482Z,2026-08-14T19:37:46.552Z,2381,2026-08-14T19:37:46.552Z,,,015634ea-243f-49e1-a18e-0e1d033651d1,
202608150746265431,202608150746265431,202608141121345444,84,221,Gold Salesforce StgCases,stgCases,TASK_ALREADY_COMPLETED,ALREADY_COMPLETED,INFO,0,0,0,Already succeeded in previous attempt,2026-08-15T07:46:31.650Z,2026-08-15T07:46:31.650Z,0,2026-08-15T07:46:31.650Z,,,7aeef17f-6a83-4892-911d-f2c8473c9ddd,
202608150829326112,202608150829326111,202608141121345444,84,222,Gold Salesforce StgLeads,stgLeads,TASK_ALREADY_COMPLETED,ALREADY_COMPLETED,INFO,0,0,0,Already succeeded in previous attempt,2026-08-15T08:29:37.794Z,2026-08-15T08:29:37.794Z,0,2026-08-15T08:29:37.794Z,,,749d5262-86ff-40e0-8a86-2235f2d6051c,
202608181314387003,202608181250209488,202608181250209442,46,10000,P1 Finance Diag10 Bronze - B12B,br_samms_tbldiag10,TASK_COMPLETE,SUCCESS,INFO,1439,1439,0,,2026-08-18T12:50:23.823Z,2026-08-18T13:14:41.917Z,1458,2026-08-18T13:14:41.917Z,B12B,ColoradoSprings,03823c35-021d-4cc9-8374-59681a542f1d,
202608181314387004,202608181250209489,202608181250209442,46,10001,P1 Finance Diag10 Bronze - B24,br_samms_tbldiag10,TASK_COMPLETE,SUCCESS,INFO,2868,2868,0,,2026-08-18T12:50:23.823Z,2026-08-18T13:14:41.917Z,1458,2026-08-18T13:14:41.917Z,B24,Paintsville,03823c35-021d-4cc9-8374-59681a542f1d,
202608181314387005,202608181250209490,202608181250209442,46,10002,P1 Finance Diag10 Bronze - B25,br_samms_tbldiag10,TASK_COMPLETE,SUCCESS,INFO,1021,1021,0,,2026-08-18T12:50:23.823Z,2026-08-18T13:14:41.917Z,1458,2026-08-18T13:14:41.917Z,B25,Pikeville,03823c35-021d-4cc9-8374-59681a542f1d,
202608150746400881,202608150746400881,202608141121345444,84,222,Gold Salesforce StgLeads,stgLeads,TASK_ALREADY_COMPLETED,ALREADY_COMPLETED,INFO,0,0,0,Already succeeded in previous attempt,2026-08-15T07:46:44.920Z,2026-08-15T07:46:44.920Z,0,2026-08-15T07:46:44.920Z,,,7aeef17f-6a83-4892-911d-f2c8473c9ddd,
202608151132574372,202608151055424868,202608151055424858,106,7161,Clinical Domain Bronze - SaveCows_v6 - B12B,br_Cows_v6,TASK_COMPLETE,SUCCESS,INFO,7664,7664,0,,2026-08-15T10:59:41.813Z,2026-08-15T11:42:22.397Z,2561,2026-08-15T11:42:22.397Z,B12B,ColoradoSprings,09bdfa13-0c4c-4ca3-9dd3-abd349cbbab4,
202608151132574373,202608151055424869,202608151055424858,106,7205,Clinical Domain Bronze - SaveCows_v6 - BOI,br_Cows_v6,TASK_COMPLETE,SUCCESS,INFO,3647,3647,0,,2026-08-15T10:59:41.813Z,2026-08-15T11:42:22.397Z,2561,2026-08-15T11:42:22.397Z,BOI,Boise,09bdfa13-0c4c-4ca3-9dd3-abd349cbbab4,
202608151132574374,202608151055424870,202608151055424858,106,7254,Clinical Domain Bronze - SaveCows_v6 - V10,br_Cows_v6,TASK_COMPLETE,SUCCESS,INFO,12263,12263,0,,2026-08-15T10:59:41.813Z,2026-08-15T11:42:22.397Z,2561,2026-08-15T11:42:22.397Z,V10,Boulder,09bdfa13-0c4c-4ca3-9dd3-abd349cbbab4,
202608200307397664,202608200240773837,202608200240773824,47,10232,P1 Finance Client Demo 1 Silver,tbl_ClientDemo1,TASK_COMPLETE,SUCCESS,INFO,8001,8001,0,,2026-08-20T02:41:23.064Z,2026-08-20T03:07:41.295Z,1578,2026-08-20T03:07:41.295Z,,,05c5c70e-2926-4311-8f49-65b9279948a3,
202608170505380880,202608170422215760,202608170422215750,106,7161,Clinical Domain Bronze - SaveCows_v6 - B12B,br_Cows_v6,TASK_COMPLETE,SUCCESS,INFO,7664,7664,0,,2026-08-17T04:29:17.023Z,2026-08-17T05:06:50.333Z,2253,2026-08-17T05:06:50.333Z,B12B,ColoradoSprings,0b53dc13-182d-4036-9b17-0891eca5f916,
202608170505380882,202608170422215761,202608170422215750,106,7205,Clinical Domain Bronze - SaveCows_v6 - BOI,br_Cows_v6,TASK_COMPLETE,SUCCESS,INFO,3647,3647,0,,2026-08-17T04:29:17.023Z,2026-08-17T05:06:50.333Z,2253,2026-08-17T05:06:50.333Z,BOI,Boise,0b53dc13-182d-4036-9b17-0891eca5f916,
202608170505380883,202608170422215762,202608170422215750,106,7254,Clinical Domain Bronze - SaveCows_v6 - V10,br_Cows_v6,TASK_COMPLETE,SUCCESS,INFO,12263,12263,0,,2026-08-17T04:29:17.023Z,2026-08-17T05:06:50.333Z,2253,2026-08-17T05:06:50.333Z,V10,Boulder,0b53dc13-182d-4036-9b17-0891eca5f916,
202608171340474156,202608171340474156,202608171026319654,84,225,Gold Salesforce Contacts,Contacts,TASK_ALREADY_COMPLETED,ALREADY_COMPLETED,INFO,0,0,0,Already succeeded in previous attempt,2026-08-17T13:40:53.407Z,2026-08-17T13:40:53.407Z,0,2026-08-17T13:40:53.407Z,,,1cdba2b7-2cc0-4832-97e7-304e1a700c17,
202608150829179618,202608150829179618,202608141121345444,84,221,Gold Salesforce StgCases,stgCases,TASK_ALREADY_COMPLETED,ALREADY_COMPLETED,INFO,0,0,0,Already succeeded in previous attempt,2026-08-15T08:29:22.328Z,2026-08-15T08:29:22.328Z,0,2026-08-15T08:29:22.328Z,,,749d5262-86ff-40e0-8a86-2235f2d6051c,
202608150649466105,202608150649466104,202608141121345444,84,225,Gold Salesforce Contacts,Contacts,TASK_ALREADY_COMPLETED,ALREADY_COMPLETED,INFO,0,0,0,Already succeeded in previous attempt,2026-08-15T06:49:54.231Z,2026-08-15T06:49:54.231Z,0,2026-08-15T06:49:54.231Z,,,4b120bb3-f1e6-442e-8114-0fadc28f6b49,
202608251454402514,202608251428452614,202608251428452600,47,10350,P1 Finance Client Demo 2 Silver,tbl_ClientDemo2,TASK_COMPLETE,SUCCESS,INFO,1675,1675,0,,2026-08-25T14:28:42.306Z,2026-08-25T14:54:42.345Z,1560,2026-08-25T14:54:42.345Z,,,5e789551-b18e-4745-8526-2b8db3ceeb01,
202608141520396102,202608141439460326,202608141439460325,124,13635,Assessments Silver - SavePA,sl_PA,TASK_COMPLETE,SUCCESS,INFO,0,0,0,,2026-08-14T14:40:07.233Z,2026-08-14T15:20:43.374Z,2436,2026-08-14T15:20:43.374Z,Global,SAMMSGLOBAL,58f20748-15b7-4a11-966c-9510b56c5310,
202608170008440968,202608162346418910,202608162346418898,85,2439,Bronze INV,br_LabResultDetail,TASK_COMPLETE,SUCCESS,INFO,1387,1387,0,,2026-08-16T23:46:55.971Z,2026-08-17T00:08:47.406Z,1312,2026-08-17T00:08:47.406Z,B12B,Colorado Springs,77f58b99-e250-4627-9f17-559331ecd0ef,
202608170755096188,202608170720564603,202608170720564599,120,12575,Gold P1/P2 Assessments,NewPeriodicReassessmentCounselorReview,TASK_COMPLETE,SUCCESS,INFO,2850,2850,0,,2026-08-17T07:20:41.512Z,2026-08-17T07:55:26.905Z,2085,2026-08-17T07:55:26.905Z,,,422b71cc-fe6c-4f30-846d-92fb5587d0e9,
202608181235183747,202608181205721846,202608181205721842,120,12575,Gold P1/P2 Assessments,NewPeriodicReassessmentCounselorReview,TASK_COMPLETE,SUCCESS,INFO,2860,2860,0,,2026-08-18T12:06:00.341Z,2026-08-18T12:35:39.059Z,1779,2026-08-18T12:35:39.059Z,,,201d97b6-7f87-43f7-a098-fb002daf1faf,
202608170008440999,202608162346418939,202608162346418898,85,3910,Bronze INV,br_ReAssessmentPhysicalHealth,TASK_COMPLETE,SUCCESS,INFO,35,35,0,,2026-08-16T23:46:55.971Z,2026-08-17T00:08:47.406Z,1312,2026-08-17T00:08:47.406Z,AHK,Ahoskie,77f58b99-e250-4627-9f17-559331ecd0ef,
202608171150306430,202608171119787424,202608171119787420,120,12575,Gold P1/P2 Assessments,NewPeriodicReassessmentCounselorReview,TASK_COMPLETE,SUCCESS,INFO,2850,2850,0,,2026-08-17T11:20:06.775Z,2026-08-17T11:50:49.684Z,1843,2026-08-17T11:50:49.684Z,,,50b193b8-c8c8-41b3-8f69-a5e058560d7e,
202608181101538593,202608181018708813,202608181018708812,125,13644,Assessments Gold - SavePA,PA,TASK_COMPLETE,SUCCESS,INFO,1349,1349,0,,2026-08-18T10:19:21.940Z,2026-08-18T11:02:11.496Z,2570,2026-08-18T11:02:11.496Z,Global,SAMMSGLOBAL,06767fa9-f980-4e92-a048-4dd43e2dbe98,
202608181412117363,202608181342362711,202608181342362706,47,9288,P1 Finance Payer Client History Silver,tbl_PayerCltHistory,TASK_COMPLETE,SUCCESS,INFO,247,247,0,,2026-08-18T13:42:39.071Z,2026-08-18T14:12:14.024Z,1775,2026-08-18T14:12:14.024Z,,,2b16abcf-416f-4fd8-80a9-0aa52ca66e5c,
202608141506426773,202608141444243616,202608141444243611,47,9288,P1 Finance Payer Client History Silver,tbl_PayerCltHistory,TASK_COMPLETE,SUCCESS,INFO,171,171,0,,2026-08-14T14:44:17.762Z,2026-08-14T15:09:27.882Z,1510,2026-08-14T15:09:27.882Z,,,1c123384-c339-4954-be1f-3a8d150ebb14,
202608170618079103,202608170551356425,202608170551356420,47,9288,P1 Finance Payer Client History Silver,tbl_PayerCltHistory,TASK_COMPLETE,SUCCESS,INFO,337,337,0,,2026-08-17T05:51:47.044Z,2026-08-17T06:18:10.296Z,1583,2026-08-17T06:18:10.296Z,,,09d84bc7-e629-48a4-a32a-826b207e96d1,
202608171334198816,202608171334198816,202608171018106132,83,211,Silver Salesforce Users,sl_sf_users,TASK_ALREADY_COMPLETED,ALREADY_COMPLETED,INFO,0,0,0,Already succeeded in previous attempt,2026-08-17T13:34:27.303Z,2026-08-17T13:34:27.303Z,0,2026-08-17T13:34:27.303Z,,,1cdba2b7-2cc0-4832-97e7-304e1a700c17,
202608171340021314,202608171340021314,202608171026319654,84,223,Gold Salesforce StgEvents,stgEvents,TASK_ALREADY_COMPLETED,ALREADY_COMPLETED,INFO,0,0,0,Already succeeded in previous attempt,2026-08-17T13:40:08.840Z,2026-08-17T13:40:08.840Z,0,2026-08-17T13:40:08.840Z,,,1cdba2b7-2cc0-4832-97e7-304e1a700c17,
202608171334371978,202608171334371978,202608171018106132,83,212,Silver Salesforce Leads,sl_sf_leads,TASK_ALREADY_COMPLETED,ALREADY_COMPLETED,INFO,0,0,0,Already succeeded in previous attempt,2026-08-17T13:34:43.708Z,2026-08-17T13:34:43.708Z,0,2026-08-17T13:34:43.708Z,,,1cdba2b7-2cc0-4832-97e7-304e1a700c17,
202608171335138380,202608171335138380,202608171018106132,83,214,Silver Salesforce Cases,sl_sf_cases,TASK_ALREADY_COMPLETED,ALREADY_COMPLETED,INFO,0,0,0,Already succeeded in previous attempt,2026-08-17T13:35:19.742Z,2026-08-17T13:35:19.742Z,0,2026-08-17T13:35:19.742Z,,,1cdba2b7-2cc0-4832-97e7-304e1a700c17,
202608150746537708,202608150746537708,202608141121345444,84,223,Gold Salesforce StgEvents,stgEvents,TASK_ALREADY_COMPLETED,ALREADY_COMPLETED,INFO,0,0,0,Already succeeded in previous attempt,2026-08-15T07:46:58.921Z,2026-08-15T07:46:58.921Z,0,2026-08-15T07:46:58.921Z,,,7aeef17f-6a83-4892-911d-f2c8473c9ddd,
202608171334006014,202608171334006013,202608171018106132,83,210,Silver Salesforce Tasks,sl_sf_tasks,TASK_ALREADY_COMPLETED,ALREADY_COMPLETED,INFO,0,0,0,Already succeeded in previous attempt,2026-08-17T13:34:08.576Z,2026-08-17T13:34:08.576Z,0,2026-08-17T13:34:08.576Z,,,1cdba2b7-2cc0-4832-97e7-304e1a700c17,
202608150649201455,202608150649201455,202608141121345444,84,223,Gold Salesforce StgEvents,stgEvents,TASK_ALREADY_COMPLETED,ALREADY_COMPLETED,INFO,0,0,0,Already succeeded in previous attempt,2026-08-15T06:49:24.947Z,2026-08-15T06:49:24.947Z,0,2026-08-15T06:49:24.947Z,,,4b120bb3-f1e6-442e-8114-0fadc28f6b49,
202608262126133741,202608262126133742,20260826212613,131,13688,Readmission Table Silver,bhg_silver.pats.sl_vwReadmissions,TASK_FAILED,FAILED,ERROR,0,0,1,Pipeline Execution Failed,2026-08-26T21:26:13.374Z,2026-08-26T21:26:13.374Z,0,2026-08-26T21:26:13.374Z,,,"",
202608271149460135,202608271149460136,20260827114946,131,13688,Readmission Table Silver,bhg_silver.pats.sl_vwReadmissions,TASK_FAILED,FAILED,ERROR,0,0,1,Pipeline Execution Failed,2026-08-27T11:49:46.013Z,2026-08-27T11:49:46.013Z,0,2026-08-27T11:49:46.013Z,,,"",
202608270449306536,202608270449306537,20260827044930,131,13688,Readmission Table Silver,bhg_silver.pats.sl_vwReadmissions,TASK_FAILED,FAILED,ERROR,0,0,1,Pipeline Execution Failed,2026-08-27T04:49:30.653Z,2026-08-27T04:49:30.653Z,0,2026-08-27T04:49:30.653Z,,,"",
202608270742479504,202608270742479505,20260827074247,131,13688,Readmission Table Silver,bhg_silver.pats.sl_vwReadmissions,TASK_FAILED,FAILED,ERROR,0,0,1,Pipeline Execution Failed,2026-08-27T07:42:47.950Z,2026-08-27T07:42:47.950Z,0,2026-08-27T07:42:47.950Z,,,"",
202608171145214452,202608171119587456,202608171119587420,118,11273,Bronze P1/P2 Assessments,br_NewPeriodicReassessmentD3,TASK_COMPLETE,SUCCESS,INFO,0,0,0,,2026-08-17T11:20:06.775Z,2026-08-17T11:45:25.584Z,1519,2026-08-17T11:45:25.584Z,AHK,Ahoskie,50b193b8-c8c8-41b3-8f69-a5e058560d7e,
202608171145214453,202608171119587457,202608171119587420,118,11274,Bronze P1/P2 Assessments,br_NewPeriodicReassessmentD3,TASK_COMPLETE,SUCCESS,INFO,0,0,0,,2026-08-17T11:20:06.775Z,2026-08-17T11:45:25.584Z,1519,2026-08-17T11:45:25.584Z,B12B,Colorado Springs,50b193b8-c8c8-41b3-8f69-a5e058560d7e,
202608171145214454,202608171119587458,202608171119587420,118,11275,Bronze P1/P2 Assessments,br_NewPeriodicReassessmentD3,TASK_COMPLETE,SUCCESS,INFO,0,0,0,,2026-08-17T11:20:06.775Z,2026-08-17T11:45:25.584Z,1519,2026-08-17T11:45:25.584Z,B24,Paintsville,50b193b8-c8c8-41b3-8f69-a5e058560d7e,
202608171145214455,202608171119587459,202608171119587420,118,11277,Bronze P1/P2 Assessments,br_NewPeriodicReassessmentD3,TASK_COMPLETE,SUCCESS,INFO,0,0,0,,2026-08-17T11:20:06.775Z,2026-08-17T11:45:25.584Z,1519,2026-08-17T11:45:25.584Z,B26,Hazard,50b193b8-c8c8-41b3-8f69-a5e058560d7e,
202608171145214456,202608171119587460,202608171119587420,118,11279,Bronze P1/P2 Assessments,br_NewPeriodicReassessmentD3,TASK_COMPLETE,SUCCESS,INFO,0,0,0,,2026-08-17T11:20:06.775Z,2026-08-17T11:45:25.584Z,1519,2026-08-17T11:45:25.584Z,B28,West Plains,50b193b8-c8c8-41b3-8f69-a5e058560d7e,
202608181230520168,202608181205521853,202608181205521842,118,10909,Bronze P1/P2 Assessments,br_NewPeriodicReassessmentCounselorReview,TASK_COMPLETE,SUCCESS,INFO,1201,1201,0,,2026-08-18T12:06:00.341Z,2026-08-18T12:30:55.108Z,1495,2026-08-18T12:30:55.108Z,B26,Hazard,201d97b6-7f87-43f7-a098-fb002daf1faf,
202608181230520169,202608181205521854,202608181205521842,118,10916,Bronze P1/P2 Assessments,br_NewPeriodicReassessmentCounselorReview,TASK_COMPLETE,SUCCESS,INFO,237,237,0,,2026-08-18T12:06:00.341Z,2026-08-18T12:30:55.108Z,1495,2026-08-18T12:30:55.108Z,B33,Paducah,201d97b6-7f87-43f7-a098-fb002daf1faf,
202608140551471282,202608140537410939,202608140537410912,118,11836,Bronze P1/P2 Assessments,br_newperiodicreassessmentd6,TASK_COMPLETE,SUCCESS,INFO,237,237,0,,2026-08-14T05:37:54.245Z,2026-08-14T05:51:50.752Z,836,2026-08-14T05:51:50.752Z,B33,Paducah,49a6a879-8aad-45bb-887e-905eab5ea9bb,
202608140551471283,202608140537410940,202608140537410912,118,12011,Bronze P1/P2 Assessments,br_NewAdmissionAssessmentASAMDimension2,TASK_COMPLETE,SUCCESS,INFO,269,269,0,,2026-08-14T05:37:54.245Z,2026-08-14T05:51:50.752Z,836,2026-08-14T05:51:50.752Z,B24,Paintsville,49a6a879-8aad-45bb-887e-905eab5ea9bb,
202608191139124998,202608191104247943,202608191104247942,107,8555,Clinical Domain Silver - SaveCheckIn,sl_checkin,TASK_COMPLETE,SUCCESS,INFO,2755,2755,0,,2026-08-19T11:06:34.343Z,2026-08-19T11:39:14.497Z,1960,2026-08-19T11:39:14.497Z,,,8c2f72fa-f3d3-4c31-9e7b-e1d36d508d72,
202608250407245146,202608250343560393,202608250343560390,120,12574,Gold P1/P2 Assessments,NewPeriodicReassessment,TASK_COMPLETE,SUCCESS,INFO,2876,2872,0,,2026-08-25T03:43:39.643Z,2026-08-25T04:07:44.586Z,1445,2026-08-25T04:07:44.586Z,,,8c969a39-95ec-4087-9ad3-4a9580887e34,
202608191139125004,202608191104247948,202608191104247942,107,8560,Clinical Domain Silver - SaveUASched,sl_uasched,TASK_COMPLETE,SUCCESS,INFO,5267,5267,0,,2026-08-19T11:06:34.343Z,2026-08-19T11:39:14.497Z,1960,2026-08-19T11:39:14.497Z,,,8c2f72fa-f3d3-4c31-9e7b-e1d36d508d72,
202608191139124999,202608191104247944,202608191104247942,107,8556,Clinical Domain Silver - SaveBamForm,sl_bamform,TASK_COMPLETE,SUCCESS,INFO,1168,1168,0,,2026-08-19T11:06:34.343Z,2026-08-19T11:39:14.497Z,1960,2026-08-19T11:39:14.497Z,,,8c2f72fa-f3d3-4c31-9e7b-e1d36d508d72,
202608120351571425,202608120259357378,202608120259357369,107,8563,Clinical Domain Silver - SaveMNCA,slv_mncomprehensiveassessment,TASK_COMPLETE,SUCCESS,INFO,1125,1125,0,,2026-08-12T03:00:44.797Z,2026-08-12T03:52:01.885Z,3077,2026-08-12T03:52:01.885Z,Global,SAMMSGLOBAL,72952692-3a45-4fdd-be32-4592206c2867,
202608251542248300,202608251517689134,202608251517689120,47,10350,P1 Finance Client Demo 2 Silver,tbl_ClientDemo2,TASK_COMPLETE,SUCCESS,INFO,301,2,0,,2026-08-25T15:18:05.141Z,2026-08-25T15:42:26.877Z,1461,2026-08-25T15:42:26.877Z,,,04d587cb-fd28-4f28-a572-c158aa92fa98,
202608261728404538,202608261657311003,202608261657310989,47,10350,P1 Finance Client Demo 2 Silver,tbl_ClientDemo2,TASK_COMPLETE,SUCCESS,INFO,301,0,0,,2026-08-26T16:57:24.758Z,2026-08-26T17:29:17.775Z,1913,2026-08-26T17:29:17.775Z,,,7a1b4484-4dc4-4e48-b51b-e78359ce9673,
202608121052561386,202608121009460902,202608121009460893,107,8563,Clinical Domain Silver - SaveMNCA,slv_mncomprehensiveassessment,TASK_COMPLETE,SUCCESS,INFO,1125,1125,0,,2026-08-12T10:11:56.792Z,2026-08-12T10:53:15.475Z,2479,2026-08-12T10:53:15.475Z,Global,SAMMSGLOBAL,1325a4eb-aa02-4bc9-9fae-d06e40a0cece,
202608171148188072,202608171119687423,202608171119687420,119,12562,Silver P1/P2 Assessments,sl_NewPeriodicReassessment,TASK_COMPLETE,SUCCESS,INFO,1755,1755,0,,2026-08-17T11:20:06.775Z,2026-08-17T11:48:22.375Z,1696,2026-08-17T11:48:22.375Z,,,50b193b8-c8c8-41b3-8f69-a5e058560d7e,
202608150557066703,202608150537502640,202608150537502637,119,12562,Silver P1/P2 Assessments,sl_NewPeriodicReassessment,TASK_COMPLETE,SUCCESS,INFO,1755,1755,0,,2026-08-15T05:38:25.156Z,2026-08-15T05:57:09.877Z,1124,2026-08-15T05:57:09.877Z,,,92fdec37-a7f1-4589-8ea2-af8b074ddb31,
202608140748076876,202608140725314659,202608140725314656,119,12562,Silver P1/P2 Assessments,sl_NewPeriodicReassessment,TASK_COMPLETE,SUCCESS,INFO,1752,1752,0,,2026-08-14T07:25:23.942Z,2026-08-14T07:48:10.268Z,1367,2026-08-14T07:48:10.268Z,,,9e759780-91b7-4e4a-882b-cd4350ec70b7,
202608170751444039,202608170720464602,202608170720464599,119,12562,Silver P1/P2 Assessments,sl_NewPeriodicReassessment,TASK_COMPLETE,SUCCESS,INFO,1755,1755,0,,2026-08-17T07:20:41.512Z,2026-08-17T07:51:47.000Z,1866,2026-08-17T07:51:47.000Z,,,422b71cc-fe6c-4f30-846d-92fb5587d0e9,
202608181233341156,202608181205621845,202608181205621842,119,12562,Silver P1/P2 Assessments,sl_NewPeriodicReassessment,TASK_COMPLETE,SUCCESS,INFO,1765,1765,0,,2026-08-18T12:06:00.341Z,2026-08-18T12:33:35.919Z,1655,2026-08-18T12:33:35.919Z,,,201d97b6-7f87-43f7-a098-fb002daf1faf,
202608170008440959,202608162346418902,202608162346418898,85,1887,Bronze INV,br_Bottle,TASK_COMPLETE,SUCCESS,INFO,2792,2792,0,,2026-08-16T23:46:55.971Z,2026-08-17T00:08:47.406Z,1312,2026-08-17T00:08:47.406Z,B12B,Colorado Springs,77f58b99-e250-4627-9f17-559331ecd0ef,
202608140554235490,202608140537510915,202608140537510912,119,12562,Silver P1/P2 Assessments,sl_NewPeriodicReassessment,TASK_COMPLETE,SUCCESS,INFO,1752,1752,0,,2026-08-14T05:37:54.245Z,2026-08-14T05:54:25.587Z,991,2026-08-14T05:54:25.587Z,,,49a6a879-8aad-45bb-887e-905eab5ea9bb,
202608170418054016,202608170418054016,20260817041401,4,29,8x8 Queue Summary API,br_8x8_HistoricalCCQueueSummary,TASK_COMPLETE,SUCCESS,INFO,2993,2993,0,,2026-08-17T04:18:05.401Z,2026-08-17T04:21:25.520Z,191,2026-08-17T04:21:25.520Z,,,05bfb3aa-4a65-44f5-8e9d-867f9caa849a,
202608170008440995,202608162346418935,202608162346418898,85,3358,Bronze INV,br_ReAssessmentLegal,TASK_COMPLETE,SUCCESS,INFO,35,35,0,,2026-08-16T23:46:55.971Z,2026-08-17T00:08:47.406Z,1312,2026-08-17T00:08:47.406Z,AHK,Ahoskie,77f58b99-e250-4627-9f17-559331ecd0ef,
202608170742147730,202608170742147730,20260817073853,4,29,8x8 Queue Summary API,br_8x8_HistoricalCCQueueSummary,TASK_COMPLETE,SUCCESS,INFO,2993,2993,0,,2026-08-17T07:42:14.773Z,2026-08-17T07:45:39.773Z,195,2026-08-17T07:45:39.773Z,,,3ff82efb-5627-4b07-90b6-91557ea1f939,
202608191705197659,202608191654269977,202608191654269970,76,144394,PPA Bronze,br_SF_PatientPreAdmission,TASK_COMPLETE,SUCCESS,INFO,2307,2307,0,,2026-08-19T16:54:47.315Z,2026-08-19T17:10:18.523Z,931,2026-08-19T17:10:18.523Z,B28,WestPlaines,4736cb14-987d-4509-b3d7-654790c2de16,SAMMS-WestPlainesV5
202608191705197660,202608191654269978,202608191654269970,76,144395,PPA Bronze,br_SF_PatientPreAdmission,TASK_COMPLETE,SUCCESS,INFO,3377,3377,0,,2026-08-19T16:54:47.315Z,2026-08-19T17:10:18.523Z,931,2026-08-19T17:10:18.523Z,B29,PoplarBluff,4736cb14-987d-4509-b3d7-654790c2de16,SAMMS-PoplarBluffV5
202608151434387422,202608151417675648,202608151417675641,118,10419,Bronze P1/P2 Assessments,br_NewAdmissionAssessment,TASK_COMPLETE,FAILED,ERROR,0,0,1,SaveNewAdmissionAssessment Bronze ForEach failed,2026-08-15T14:18:19.683Z,2026-08-15T14:37:39.575Z,1160,2026-08-15T14:37:39.575Z,CBCO,Coeur dAlene,556076c4-618a-4487-8b31-ba5017a3c197,
202608151434387524,202608151417775642,202608151417775641,119,12560,Silver P1/P2 Assessments,sl_NewAdmissionAssessment,TASK_COMPLETE,SKIPPED,WARN,0,0,0,Skipped: SaveNewAdmissionAssessment failed at BR,2026-08-15T14:18:19.683Z,2026-08-15T14:37:39.575Z,1160,2026-08-15T14:37:39.575Z,,,556076c4-618a-4487-8b31-ba5017a3c197,
202608191650020951,202608191650020952,20260819165002,109,8608,Bronze Wells Transactions,br_cashflow_transactions,TASK_FAILED,FAILED,ERROR,0,0,1,<console>:1: error: illegal start of definition,2026-08-19T16:50:02.095Z,2026-08-19T16:50:02.095Z,0,2026-08-19T16:50:02.095Z,,,971ee9a7-f79a-4b56-ae1e-aa39f692e592,
202608190537301090,202608190459300349,202608190459300344,107,8559,Clinical Domain Silver - SaveUAResults,sl_uaresults,TASK_COMPLETE,SUCCESS,INFO,842,842,0,,2026-08-19T05:01:28.469Z,2026-08-19T05:37:32.342Z,2164,2026-08-19T05:37:32.342Z,Global,SAMMSGLOBAL,05916e11-44cf-456b-ac26-991e7ff5d7aa,SAMMSGLOBAL
202608242048534097,202608242042110713,202608242042110704,76,144500,PPA Bronze,br_SF_PatientPreAdmission,TASK_COMPLETE,SUCCESS,INFO,19728,19728,0,,2026-08-24T20:42:15.925Z,2026-08-24T20:48:56.393Z,401,2026-08-24T20:48:56.393Z,VBRP,BrooklynPark,3493ae40-96b6-4051-9666-1f519a793994,SAMMS-BrooklynParkV6
202608242048534098,202608242042110714,202608242042110704,76,144502,PPA Bronze,br_SF_PatientPreAdmission,TASK_COMPLETE,SUCCESS,INFO,21359,21359,0,,2026-08-24T20:42:15.925Z,2026-08-24T20:48:56.393Z,401,2026-08-24T20:48:56.393Z,VWBY,Woodbury,3493ae40-96b6-4051-9666-1f519a793994,SAMMS-WoodburyV6
202608201141524050,202608201141524050,202608201140451356,84,221,Gold Salesforce StgCases,stgCases,TASK_DEPENDENCY_BLOCKED,DEPENDENCY_BLOCKED,WARN,0,0,0,Dependency Failed : 214 (checked: 214),2026-08-20T11:41:58.275Z,2026-08-20T11:41:58.275Z,0,2026-08-20T11:41:58.275Z,,,79156e84-8509-4e63-a064-b4b0873a2a40,
202608221113176725,202608221042113035,202608221042112981,85,2465,Bronze INV,br_LabResultDetail,TASK_COMPLETE,SUCCESS,INFO,678,678,0,,2026-08-22T10:42:14.039Z,2026-08-22T11:16:52.295Z,2078,2026-08-22T11:16:52.295Z,B46,Washington DC,28d7acf5-bc26-4be3-b390-775b9af3d980,SAMMS-WashingtonDCv5
202608221113176726,202608221042113036,202608221042112981,85,2466,Bronze INV,br_LabResultDetail,TASK_COMPLETE,SUCCESS,INFO,770,770,0,,2026-08-22T10:42:14.039Z,2026-08-22T11:16:52.295Z,2078,2026-08-22T11:16:52.295Z,B47,Mobile,28d7acf5-bc26-4be3-b390-775b9af3d980,SAMMS-MobileV5
202608221113176728,202608221042113037,202608221042112981,85,2535,Bronze INV,br_LabResultDetail,TASK_COMPLETE,SUCCESS,INFO,6438,6438,0,,2026-08-22T10:42:14.039Z,2026-08-22T11:16:52.295Z,2078,2026-08-22T11:16:52.295Z,DRD-NOLA,NOLA,28d7acf5-bc26-4be3-b390-775b9af3d980,SAMMS-NOLAv5
202608201142031828,202608201142031827,202608201140451356,84,222,Gold Salesforce StgLeads,stgLeads,TASK_DEPENDENCY_BLOCKED,DEPENDENCY_BLOCKED,WARN,0,0,0,Dependency Failed : 212 (checked: 212),2026-08-20T11:42:12.612Z,2026-08-20T11:42:12.612Z,0,2026-08-20T11:42:12.612Z,,,79156e84-8509-4e63-a064-b4b0873a2a40,
202608221113177962,202608221042212997,202608221042212981,86,5735,Silver INV,sl_ReAssessmentSubstanceUse,TASK_COMPLETE,SUCCESS,INFO,11697,11697,0,,2026-08-22T10:42:14.039Z,2026-08-22T11:16:52.295Z,2078,2026-08-22T11:16:52.295Z,,,28d7acf5-bc26-4be3-b390-775b9af3d980,
202608221113177866,202608221042113212,202608221042112981,85,4466,Bronze INV,br_ReAssessmentTreatment,TASK_COMPLETE,SUCCESS,INFO,973,973,0,,2026-08-22T10:42:14.039Z,2026-08-22T11:16:52.295Z,2078,2026-08-22T11:16:52.295Z,B26,Hazard,28d7acf5-bc26-4be3-b390-775b9af3d980,SAMMS-HazardV5
202608221113177868,202608221042113213,202608221042112981,85,4474,Bronze INV,br_ReAssessmentTreatment,TASK_COMPLETE,SUCCESS,INFO,382,382,0,,2026-08-22T10:42:14.039Z,2026-08-22T11:16:52.295Z,2078,2026-08-22T11:16:52.295Z,B34,Corbin,28d7acf5-bc26-4be3-b390-775b9af3d980,SAMMS-CorbinV5
202608271134162990,202608271134162990,20260827113412,132,13700,Readmission Table Gold,vwReadmissions,TASK_SUCCESS,SUCCESS,INFO,309274,309274,0,,2026-08-27T11:34:16.299Z,2026-08-27T11:34:54.182Z,37,2026-08-27T11:34:54.182Z,,,548cb8af-a2ae-442b-8193-6118f75471ea,
202608170614178968,202608170551256467,202608170551256420,46,10001,P1 Finance Diag10 Bronze - B24,br_samms_tbldiag10,TASK_COMPLETE,SUCCESS,INFO,2867,2867,0,,2026-08-17T05:51:47.044Z,2026-08-17T06:14:21.786Z,1354,2026-08-17T06:14:21.786Z,B24,Paintsville,09d84bc7-e629-48a4-a32a-826b207e96d1,
202608170614178970,202608170551256468,202608170551256420,46,10002,P1 Finance Diag10 Bronze - B25,br_samms_tbldiag10,TASK_COMPLETE,SUCCESS,INFO,1020,1020,0,,2026-08-17T05:51:47.044Z,2026-08-17T06:14:21.786Z,1354,2026-08-17T06:14:21.786Z,B25,Pikeville,09d84bc7-e629-48a4-a32a-826b207e96d1,
202608181230520179,202608181205521863,202608181205521842,118,11468,Bronze P1/P2 Assessments,br_NewPeriodicReassessmentD4,TASK_COMPLETE,SUCCESS,INFO,0,0,0,,2026-08-18T12:06:00.341Z,2026-08-18T12:30:55.108Z,1495,2026-08-18T12:30:55.108Z,B33,Paducah,201d97b6-7f87-43f7-a098-fb002daf1faf,
202608181230520180,202608181205521864,202608181205521842,118,11643,Bronze P1/P2 Assessments,br_NewPeriodicReassessmentD5,TASK_COMPLETE,SUCCESS,INFO,0,0,0,,2026-08-18T12:06:00.341Z,2026-08-18T12:30:55.108Z,1495,2026-08-18T12:30:55.108Z,B24,Paintsville,201d97b6-7f87-43f7-a098-fb002daf1faf,
202608200307397660,202608200240773834,202608200240773824,47,9878,P1 Finance Claims Silver,tbl_Claims,TASK_COMPLETE,SUCCESS,INFO,299947,299947,0,,2026-08-20T02:41:23.064Z,2026-08-20T03:07:41.295Z,1578,2026-08-20T03:07:41.295Z,,,05c5c70e-2926-4311-8f49-65b9279948a3,
202608170650554213,202608170608269062,202608170608269015,106,8470,Clinical Domain Bronze - SaveTreatmentLevel - BOI,br_TreatmentLevel,TASK_COMPLETE,SUCCESS,INFO,296,296,0,,2026-08-17T06:09:37.896Z,2026-08-17T06:50:58.970Z,2481,2026-08-17T06:50:58.970Z,BOI,Boise,83c0f655-df7d-4ce0-a8e7-3e8120951bbc,
202608170650554180,202608170608269031,202608170608269015,106,7391,Clinical Domain Bronze - SaveUASched - B12B,br_UASched,TASK_COMPLETE,SUCCESS,INFO,1786,1786,0,,2026-08-17T06:09:37.896Z,2026-08-17T06:50:58.970Z,2481,2026-08-17T06:50:58.970Z,B12B,ColoradoSprings,83c0f655-df7d-4ce0-a8e7-3e8120951bbc,
202608170650554173,202608170608269025,202608170608269015,106,7161,Clinical Domain Bronze - SaveCows_v6 - B12B,br_Cows_v6,TASK_COMPLETE,SUCCESS,INFO,7664,7664,0,,2026-08-17T06:09:37.896Z,2026-08-17T06:50:58.970Z,2481,2026-08-17T06:50:58.970Z,B12B,ColoradoSprings,83c0f655-df7d-4ce0-a8e7-3e8120951bbc,
202608170828545814,202608170805168048,202608170805168041,97,6097,P1 Forms SF Data Forms Bronze - B24,br_samms_sf_data_forms,TASK_COMPLETE,SUCCESS,INFO,6486,6486,0,,2026-08-17T08:05:23.166Z,2026-08-17T08:28:58.238Z,1415,2026-08-17T08:28:58.238Z,B24,Paintsville,760fb7f7-522d-45ef-ae35-70bd18d17fef,
202608211057491362,202608211057491362,202608211048467468,84,6811,Gold Salesforce OutboundSMS,OutboundSMS,TASK_COMPLETE,SUCCESS,INFO,7,7,0,,2026-08-21T10:57:52.654Z,2026-08-21T10:58:04.088Z,9,2026-08-21T10:58:04.088Z,,,45603680-296f-4487-82f1-f8045d5f38e1,
202608250255554634,202608250255554634,20260825025308,1,13,UKG Person Details API,br_PersonDetails,TASK_COMPLETE,SUCCESS,INFO,4472,4472,0,,2026-08-25T02:56:00.619Z,2026-08-25T02:56:18.984Z,16,2026-08-25T02:56:18.984Z,,,6ee9c1fc-1bc7-4a37-a063-1dfebdad8409,
202608250301314827,202608250301314827,20260825025926,2,18,Silver UKG Person Details,PersonDetails,TASK_COMPLETE,SUCCESS,INFO,4472,4472,0,,2026-08-25T03:01:35.543Z,2026-08-25T03:01:56.602Z,19,2026-08-25T03:01:56.602Z,,,6ee9c1fc-1bc7-4a37-a063-1dfebdad8409,
202608271135490791,202608271135490791,20260827113412,132,13702,Retention 14 Stat Gold,Retention14Stat,TASK_SUCCESS,SUCCESS,INFO,325842,325842,0,,2026-08-27T11:35:49.079Z,2026-08-27T11:36:28.745Z,39,2026-08-27T11:36:28.745Z,,,548cb8af-a2ae-442b-8193-6118f75471ea,
202608170650554167,202608170608269019,202608170608269015,106,6931,Clinical Domain Bronze - SaveBamForm - B12B,br_BAMForm,TASK_COMPLETE,SUCCESS,INFO,353,353,0,,2026-08-17T06:09:37.896Z,2026-08-17T06:50:58.970Z,2481,2026-08-17T06:50:58.970Z,B12B,ColoradoSprings,83c0f655-df7d-4ce0-a8e7-3e8120951bbc,
202608141506426648,202608141444143631,202608141444143611,46,9764,P1 Finance Claims Bronze - B12B,br_samms_claims,TASK_COMPLETE,SUCCESS,INFO,57352,57352,0,,2026-08-14T14:44:17.762Z,2026-08-14T15:09:27.882Z,1510,2026-08-14T15:09:27.882Z,B12B,ColoradoSprings,1c123384-c339-4954-be1f-3a8d150ebb14,
202608181230520181,202608181205521865,202608181205521842,118,11645,Bronze P1/P2 Assessments,br_NewPeriodicReassessmentD5,TASK_COMPLETE,SUCCESS,INFO,0,0,0,,2026-08-18T12:06:00.341Z,2026-08-18T12:30:55.108Z,1495,2026-08-18T12:30:55.108Z,B26,Hazard,201d97b6-7f87-43f7-a098-fb002daf1faf,
202608181230520182,202608181205521866,202608181205521842,118,11652,Bronze P1/P2 Assessments,br_NewPeriodicReassessmentD5,TASK_COMPLETE,SUCCESS,INFO,0,0,0,,2026-08-18T12:06:00.341Z,2026-08-18T12:30:55.108Z,1495,2026-08-18T12:30:55.108Z,B33,Paducah,201d97b6-7f87-43f7-a098-fb002daf1faf,
202608261728404523,202608261657310990,202608261657310989,47,8816,P1 Finance Bills Silver,tbl_Bills,TASK_COMPLETE,SUCCESS,INFO,1540,0,0,,2026-08-26T16:57:24.758Z,2026-08-26T17:29:17.775Z,1913,2026-08-26T17:29:17.775Z,,,7a1b4484-4dc4-4e48-b51b-e78359ce9673,
202608120919417451,202608120822552538,202608120822552528,107,8564,Clinical Domain Silver - SaveMNCALOC,slv_mncomprehensiveassessmentlevelofcare,TASK_COMPLETE,SUCCESS,INFO,1051,1051,0,,2026-08-12T08:25:12.254Z,2026-08-12T09:19:44.466Z,3272,2026-08-12T09:19:44.466Z,Global,SAMMSGLOBAL,577435af-c452-4617-9a3c-7d2b03361707,
202608171018333569,202608171018333569,202608171018106132,83,208,Silver Salesforce Accounts,sl_sf_accounts,TASK_DEPENDENCY_BLOCKED,DEPENDENCY_BLOCKED,WARN,0,0,0,Dependency Failed : 200 (checked: 200),2026-08-17T10:18:45.445Z,2026-08-17T10:18:45.445Z,0,2026-08-17T10:18:45.445Z,,,7037e752-f6e1-4d8a-bc47-4e70a4e83a16,
202608120919417453,202608120822552540,202608120822552528,107,8566,Clinical Domain Silver - SaveVACASummary,slv_vacomprehensiveassessmentsummary,TASK_COMPLETE,SUCCESS,INFO,1740,1740,0,,2026-08-12T08:25:12.254Z,2026-08-12T09:19:44.466Z,3272,2026-08-12T09:19:44.466Z,Global,SAMMSGLOBAL,577435af-c452-4617-9a3c-7d2b03361707,
202608120351571429,202608120259357381,202608120259357369,107,8566,Clinical Domain Silver - SaveVACASummary,slv_vacomprehensiveassessmentsummary,TASK_COMPLETE,SUCCESS,INFO,1740,1740,0,,2026-08-12T03:00:44.797Z,2026-08-12T03:52:01.885Z,3077,2026-08-12T03:52:01.885Z,Global,SAMMSGLOBAL,72952692-3a45-4fdd-be32-4592206c2867,
202608170828545823,202608170805168056,202608170805168041,97,6565,P1 Forms Take Home Risk Assessment Bronze - B24,br_samms_take_home_risk_assessment,TASK_COMPLETE,SUCCESS,INFO,701,701,0,,2026-08-17T08:05:23.166Z,2026-08-17T08:28:58.238Z,1415,2026-08-17T08:28:58.238Z,B24,Paintsville,760fb7f7-522d-45ef-ae35-70bd18d17fef,
202608130414588482,202608130315300015,202608130315300005,107,8564,Clinical Domain Silver - SaveMNCALOC,slv_mncomprehensiveassessmentlevelofcare,TASK_COMPLETE,SUCCESS,INFO,1053,1053,0,,2026-08-13T03:16:19.557Z,2026-08-13T04:15:00.802Z,3521,2026-08-13T04:15:00.802Z,Global,SAMMSGLOBAL,11ed6329-841a-4e7a-bfb1-61191c79c28e,
202608142019050128,202608141850614699,202608141850614621,28,91078,FormQuestionAnswers Bronze - MRD,br_tblFormQA,TASK_COMPLETE,SUCCESS,INFO,66368,66368,0,,2026-08-14T18:51:07.427Z,2026-08-14T20:19:08.156Z,5281,2026-08-14T20:19:08.156Z,MRD,Meridian,06b9d75d-291b-4cd2-9a89-52908a52280f,
202608142019050129,202608141850614700,202608141850614621,28,91079,FormQuestionAnswers Bronze - NC,br_tblFormQA,TASK_COMPLETE,SUCCESS,INFO,175914,175914,0,,2026-08-14T18:51:07.427Z,2026-08-14T20:19:08.156Z,5281,2026-08-14T20:19:08.156Z,NC,NorthCharleston,06b9d75d-291b-4cd2-9a89-52908a52280f,
202608142019050130,202608141850614701,202608141850614621,28,91080,FormQuestionAnswers Bronze - NLR,br_tblFormQA,TASK_COMPLETE,SUCCESS,INFO,36174,36174,0,,2026-08-14T18:51:07.427Z,2026-08-14T20:19:08.156Z,5281,2026-08-14T20:19:08.156Z,NLR,NLROBOT,06b9d75d-291b-4cd2-9a89-52908a52280f,
202608142019050132,202608141850614702,202608141850614621,28,91081,FormQuestionAnswers Bronze - PH,br_tblFormQA,TASK_COMPLETE,SUCCESS,INFO,43469,43469,0,,2026-08-14T18:51:07.427Z,2026-08-14T20:19:08.156Z,5281,2026-08-14T20:19:08.156Z,PH,Phoenix,06b9d75d-291b-4cd2-9a89-52908a52280f,
202608142019050133,202608141850614703,202608141850614621,28,91082,FormQuestionAnswers Bronze - RE,br_tblFormQA,TASK_COMPLETE,SUCCESS,INFO,104563,104563,0,,2026-08-14T18:51:07.427Z,2026-08-14T20:19:08.156Z,5281,2026-08-14T20:19:08.156Z,RE,Reno,06b9d75d-291b-4cd2-9a89-52908a52280f,
202608142019050134,202608141850614704,202608141850614621,28,91083,FormQuestionAnswers Bronze - RMD,br_tblFormQA,TASK_COMPLETE,SUCCESS,INFO,219377,219377,0,,2026-08-14T18:51:07.427Z,2026-08-14T20:19:08.156Z,5281,2026-08-14T20:19:08.156Z,RMD,Richmond,06b9d75d-291b-4cd2-9a89-52908a52280f,
202608142019050135,202608141850614705,202608141850614621,28,91084,FormQuestionAnswers Bronze - SFN,br_tblFormQA,TASK_COMPLETE,SUCCESS,INFO,144857,144857,0,,2026-08-14T18:51:07.427Z,2026-08-14T20:19:08.156Z,5281,2026-08-14T20:19:08.156Z,SFN,SFN,06b9d75d-291b-4cd2-9a89-52908a52280f,
202608181238297173,202608181207708122,202608181207708120,123,12601,Assessments Bronze - SavePA - B12B,br_PA,TASK_COMPLETE,SUCCESS,INFO,833,833,0,,2026-08-18T12:09:06.544Z,2026-08-18T12:38:32.842Z,1766,2026-08-18T12:38:32.842Z,B12B,ColoradoSprings,6a9f8fe6-e2a7-49ab-8570-443c59873958,
202608181238297175,202608181207708123,202608181207708120,123,12602,Assessments Bronze - SavePA - B24,br_PA,TASK_COMPLETE,SUCCESS,INFO,449,449,0,,2026-08-18T12:09:06.544Z,2026-08-18T12:38:32.842Z,1766,2026-08-18T12:38:32.842Z,B24,Paintsville,6a9f8fe6-e2a7-49ab-8570-443c59873958,
202608170510562239,202608170422315754,202608170422315750,107,8558,Clinical Domain Silver - SaveCows_v6,sl_cows_v6,TASK_COMPLETE,SUCCESS,INFO,23738,23738,0,,2026-08-17T04:29:17.023Z,2026-08-17T05:11:26.731Z,2529,2026-08-17T05:11:26.731Z,Global,SAMMSGLOBAL,0b53dc13-182d-4036-9b17-0891eca5f916,
202608170510562241,202608170422315756,202608170422315750,107,8560,Clinical Domain Silver - SaveUASched,sl_uasched,TASK_COMPLETE,SUCCESS,INFO,11770,11770,0,,2026-08-17T04:29:17.023Z,2026-08-17T05:11:26.731Z,2529,2026-08-17T05:11:26.731Z,Global,SAMMSGLOBAL,0b53dc13-182d-4036-9b17-0891eca5f916,
202608151358565618,202608151310507807,202608151310507803,107,8558,Clinical Domain Silver - SaveCows_v6,sl_cows_v6,TASK_COMPLETE,SUCCESS,INFO,23738,23738,0,,2026-08-15T13:11:43.813Z,2026-08-15T13:58:58.213Z,2835,2026-08-15T13:58:58.213Z,Global,SAMMSGLOBAL,56214535-005b-4285-976b-e0172bc11b0b,
202608170510562236,202608170422315751,202608170422315750,107,8555,Clinical Domain Silver - SaveCheckIn,sl_checkin,TASK_COMPLETE,SUCCESS,INFO,30545,30545,0,,2026-08-17T04:29:17.023Z,2026-08-17T05:11:26.731Z,2529,2026-08-17T05:11:26.731Z,Global,SAMMSGLOBAL,0b53dc13-182d-4036-9b17-0891eca5f916,
202608151358565620,202608151310507809,202608151310507803,107,8560,Clinical Domain Silver - SaveUASched,sl_uasched,TASK_COMPLETE,SUCCESS,INFO,11770,11770,0,,2026-08-15T13:11:43.813Z,2026-08-15T13:58:58.213Z,2835,2026-08-15T13:58:58.213Z,Global,SAMMSGLOBAL,56214535-005b-4285-976b-e0172bc11b0b,
202608151434387470,202608151417675660,202608151417675641,118,10727,Bronze P1/P2 Assessments,br_NewPeriodicReassessment,TASK_COMPLETE,SUCCESS,INFO,0,0,0,,2026-08-15T14:18:19.683Z,2026-08-15T14:37:39.575Z,1160,2026-08-15T14:37:39.575Z,B28,West Plains,556076c4-618a-4487-8b31-ba5017a3c197,
202608170749224489,202608170720364602,202608170720364599,118,10355,Bronze P1/P2 Assessments,br_NewAdmissionAssessment,TASK_COMPLETE,SUCCESS,INFO,285,285,0,,2026-08-17T07:20:41.512Z,2026-08-17T07:49:26.331Z,1725,2026-08-17T07:49:26.331Z,B24,Paintsville,422b71cc-fe6c-4f30-846d-92fb5587d0e9,
202608141935472429,202608141857340850,202608141857340774,31,94076,FormAnswerSignatures Bronze - MNRE,br_tblFormAnswerSig,TASK_COMPLETE,SUCCESS,INFO,39610,39610,0,,2026-08-14T18:58:05.482Z,2026-08-14T19:35:50.482Z,2265,2026-08-14T19:35:50.482Z,MNRE,Monroe,015634ea-243f-49e1-a18e-0e1d033651d1,
202608141935472430,202608141857340851,202608141857340774,31,94077,FormAnswerSignatures Bronze - MP,br_tblFormAnswerSig,TASK_COMPLETE,SUCCESS,INFO,53128,53128,0,,2026-08-14T18:58:05.482Z,2026-08-14T19:35:50.482Z,2265,2026-08-14T19:35:50.482Z,MP,MtPleasant,015634ea-243f-49e1-a18e-0e1d033651d1,
202608141935472431,202608141857340852,202608141857340774,31,94078,FormAnswerSignatures Bronze - MRD,br_tblFormAnswerSig,TASK_COMPLETE,SUCCESS,INFO,29708,29708,0,,2026-08-14T18:58:05.482Z,2026-08-14T19:35:50.482Z,2265,2026-08-14T19:35:50.482Z,MRD,Meridian,015634ea-243f-49e1-a18e-0e1d033651d1,
202608200307397651,202608200240773826,202608200240773824,47,8934,P1 Finance PBI 3 Pay Auth Silver,tbl_pbi3PayAuth,TASK_COMPLETE,SUCCESS,INFO,3411,2,0,,2026-08-20T02:41:23.064Z,2026-08-20T03:07:41.295Z,1578,2026-08-20T03:07:41.295Z,,,05c5c70e-2926-4311-8f49-65b9279948a3,
202608181407308786,202608181342262731,202608181342262706,46,9409,P1 Finance 3P Eligibility Bronze - AHK,br_samms_3p_elig,TASK_COMPLETE,SUCCESS,INFO,89,89,0,,2026-08-18T13:42:39.071Z,2026-08-18T14:07:36.209Z,1497,2026-08-18T14:07:36.209Z,AHK,Ahoskie,2b16abcf-416f-4fd8-80a9-0aa52ca66e5c,
202608181407308788,202608181342262732,202608181342262706,46,9410,P1 Finance 3P Eligibility Bronze - B12B,br_samms_3p_elig,TASK_COMPLETE,SUCCESS,INFO,225,225,0,,2026-08-18T13:42:39.071Z,2026-08-18T14:07:36.209Z,1497,2026-08-18T14:07:36.209Z,B12B,ColoradoSprings,2b16abcf-416f-4fd8-80a9-0aa52ca66e5c,
202608181407308789,202608181342262733,202608181342262706,46,9411,P1 Finance 3P Eligibility Bronze - B24,br_samms_3p_elig,TASK_COMPLETE,SUCCESS,INFO,78,78,0,,2026-08-18T13:42:39.071Z,2026-08-18T14:07:36.209Z,1497,2026-08-18T14:07:36.209Z,B24,Paintsville,2b16abcf-416f-4fd8-80a9-0aa52ca66e5c,
202608201034573180,202608201013630449,202608201013630447,47,8934,P1 Finance PBI 3 Pay Auth Silver,tbl_pbi3PayAuth,TASK_COMPLETE,SUCCESS,INFO,3411,0,0,,2026-08-20T10:13:57.622Z,2026-08-20T10:39:20.764Z,1523,2026-08-20T10:39:20.764Z,,,069e8d01-766c-4679-b3df-c21f4d7bc3d1,
202608181314386979,202608181250209467,202608181250209442,46,9409,P1 Finance 3P Eligibility Bronze - AHK,br_samms_3p_elig,TASK_COMPLETE,SUCCESS,INFO,89,89,0,,2026-08-18T12:50:23.823Z,2026-08-18T13:14:41.917Z,1458,2026-08-18T13:14:41.917Z,AHK,Ahoskie,03823c35-021d-4cc9-8374-59681a542f1d,
202608181314386980,202608181250209468,202608181250209442,46,9410,P1 Finance 3P Eligibility Bronze - B12B,br_samms_3p_elig,TASK_COMPLETE,SUCCESS,INFO,225,225,0,,2026-08-18T12:50:23.823Z,2026-08-18T13:14:41.917Z,1458,2026-08-18T13:14:41.917Z,B12B,ColoradoSprings,03823c35-021d-4cc9-8374-59681a542f1d,
202608181314386981,202608181250209469,202608181250209442,46,9411,P1 Finance 3P Eligibility Bronze - B24,br_samms_3p_elig,TASK_COMPLETE,SUCCESS,INFO,78,78,0,,2026-08-18T12:50:23.823Z,2026-08-18T13:14:41.917Z,1458,2026-08-18T13:14:41.917Z,B24,Paintsville,03823c35-021d-4cc9-8374-59681a542f1d,
202608171339289054,202608171339289053,202608171026319654,84,221,Gold Salesforce StgCases,stgCases,TASK_ALREADY_COMPLETED,ALREADY_COMPLETED,INFO,0,0,0,Already succeeded in previous attempt,2026-08-17T13:39:35.505Z,2026-08-17T13:39:35.505Z,0,2026-08-17T13:39:35.505Z,,,1cdba2b7-2cc0-4832-97e7-304e1a700c17,
202608280646347756,202608280646347756,20260828064524,5,13678,8x8 Call Detail Legs Silver,sl_8x8_calldetaillegs,TASK_COMPLETE,SUCCESS,INFO,26742,0,0,,2026-08-28T06:46:34.775Z,2026-08-28T06:47:42.845Z,66,2026-08-28T06:47:42.845Z,,,6f91deae-0832-4a56-ab71-80188798e1a1,
202608171339452363,202608171339452363,202608171026319654,84,222,Gold Salesforce StgLeads,stgLeads,TASK_ALREADY_COMPLETED,ALREADY_COMPLETED,INFO,0,0,0,Already succeeded in previous attempt,2026-08-17T13:39:51.787Z,2026-08-17T13:39:51.787Z,0,2026-08-17T13:39:51.787Z,,,1cdba2b7-2cc0-4832-97e7-304e1a700c17,
202608150649053720,202608150649053720,202608141121345444,84,222,Gold Salesforce StgLeads,stgLeads,TASK_ALREADY_COMPLETED,ALREADY_COMPLETED,INFO,0,0,0,Already succeeded in previous attempt,2026-08-15T06:49:10.133Z,2026-08-15T06:49:10.133Z,0,2026-08-15T06:49:10.133Z,,,4b120bb3-f1e6-442e-8114-0fadc28f6b49,
202608171102595594,202608171031398603,202608171031398593,106,7161,Clinical Domain Bronze - SaveCows_v6 - B12B,br_Cows_v6,TASK_COMPLETE,SUCCESS,INFO,7718,7718,0,,2026-08-17T10:38:10.305Z,2026-08-17T11:03:03.679Z,1493,2026-08-17T11:03:03.679Z,B12B,ColoradoSprings,16b28601-46b7-41d7-bb6b-81142615d65b,
202608171102595595,202608171031398604,202608171031398593,106,7205,Clinical Domain Bronze - SaveCows_v6 - BOI,br_Cows_v6,TASK_COMPLETE,SUCCESS,INFO,3711,3711,0,,2026-08-17T10:38:10.305Z,2026-08-17T11:03:03.679Z,1493,2026-08-17T11:03:03.679Z,BOI,Boise,16b28601-46b7-41d7-bb6b-81142615d65b,
202608171102595596,202608171031398605,202608171031398593,106,7254,Clinical Domain Bronze - SaveCows_v6 - V10,br_Cows_v6,TASK_COMPLETE,SUCCESS,INFO,12336,12336,0,,2026-08-17T10:38:10.305Z,2026-08-17T11:03:03.679Z,1493,2026-08-17T11:03:03.679Z,V10,Boulder,16b28601-46b7-41d7-bb6b-81142615d65b,
202608181407308810,202608181342262752,202608181342262706,46,10000,P1 Finance Diag10 Bronze - B12B,br_samms_tbldiag10,TASK_COMPLETE,SUCCESS,INFO,1439,1439,0,,2026-08-18T13:42:39.071Z,2026-08-18T14:07:36.209Z,1497,2026-08-18T14:07:36.209Z,B12B,ColoradoSprings,2b16abcf-416f-4fd8-80a9-0aa52ca66e5c,
202608181407308811,202608181342262753,202608181342262706,46,10001,P1 Finance Diag10 Bronze - B24,br_samms_tbldiag10,TASK_COMPLETE,SUCCESS,INFO,2868,2868,0,,2026-08-18T13:42:39.071Z,2026-08-18T14:07:36.209Z,1497,2026-08-18T14:07:36.209Z,B24,Paintsville,2b16abcf-416f-4fd8-80a9-0aa52ca66e5c,
202608181407308812,202608181342262754,202608181342262706,46,10002,P1 Finance Diag10 Bronze - B25,br_samms_tbldiag10,TASK_COMPLETE,SUCCESS,INFO,1021,1021,0,,2026-08-18T13:42:39.071Z,2026-08-18T14:07:36.209Z,1497,2026-08-18T14:07:36.209Z,B25,Pikeville,2b16abcf-416f-4fd8-80a9-0aa52ca66e5c,
202608221113177676,202608221042113132,202608221042112981,85,2994,Bronze INV,br_ReAssessment,TASK_COMPLETE,SUCCESS,INFO,0,0,0,,2026-08-22T10:42:14.039Z,2026-08-22T11:16:52.295Z,2078,2026-08-22T11:16:52.295Z,B26,Hazard,28d7acf5-bc26-4be3-b390-775b9af3d980,SAMMS-HazardV5
202608221113177677,202608221042113133,202608221042112981,85,3002,Bronze INV,br_ReAssessment,TASK_COMPLETE,SUCCESS,INFO,0,0,0,,2026-08-22T10:42:14.039Z,2026-08-22T11:16:52.295Z,2078,2026-08-22T11:16:52.295Z,B34,Corbin,28d7acf5-bc26-4be3-b390-775b9af3d980,SAMMS-CorbinV5
202608221113177678,202608221042113134,202608221042112981,85,3003,Bronze INV,br_ReAssessment,TASK_COMPLETE,SUCCESS,INFO,0,0,0,,2026-08-22T10:42:14.039Z,2026-08-22T11:16:52.295Z,2078,2026-08-22T11:16:52.295Z,B35,Lexington,28d7acf5-bc26-4be3-b390-775b9af3d980,SAMMS-LexingtonV5
202608110409368581,202608110331629416,202608110331629359,106,8165,Clinical Domain Bronze - SaveVACASummary - STN,brz_VAComprehensiveAssessmentSummary,TASK_COMPLETE,SUCCESS,INFO,81,81,0,,2026-08-11T03:32:39.288Z,2026-08-11T04:09:40.942Z,2221,2026-08-11T04:09:40.942Z,STN,Staunton,6e36e3b5-c33e-4cc8-b6e2-dc5c3524428c,
202608110409368582,202608110331629417,202608110331629359,106,8174,Clinical Domain Bronze - SaveVACASummary - V10,brz_VAComprehensiveAssessmentSummary,TASK_COMPLETE,SUCCESS,INFO,0,0,0,,2026-08-11T03:32:39.288Z,2026-08-11T04:09:40.942Z,2221,2026-08-11T04:09:40.942Z,V10,Boulder,6e36e3b5-c33e-4cc8-b6e2-dc5c3524428c,
202608110409368583,202608110331629418,202608110331629359,106,8196,Clinical Domain Bronze - SaveMNTreatmentServiceReview - B12B,brz_MNTreatmentServiceReview,TASK_COMPLETE,SUCCESS,INFO,0,0,0,,2026-08-11T03:32:39.288Z,2026-08-11T04:09:40.942Z,2221,2026-08-11T04:09:40.942Z,B12B,ColoradoSprings,6e36e3b5-c33e-4cc8-b6e2-dc5c3524428c,
202608110409368584,202608110331629419,202608110331629359,106,8240,Clinical Domain Bronze - SaveMNTreatmentServiceReview - BOI,brz_MNTreatmentServiceReview,TASK_COMPLETE,SUCCESS,INFO,0,0,0,,2026-08-11T03:32:39.288Z,2026-08-11T04:09:40.942Z,2221,2026-08-11T04:09:40.942Z,BOI,Boise,6e36e3b5-c33e-4cc8-b6e2-dc5c3524428c,
202608210244025912,202608210227362460,202608210227362448,45,5742,SAMMSGLOBAL Gold,DiversionNotificationLog,TASK_COMPLETE,SUCCESS,INFO,0,0,0,,2026-08-21T02:27:19.171Z,2026-08-21T02:44:04.451Z,1005,2026-08-21T02:44:04.451Z,Global,Global,37d39418-848b-43a3-aff1-182cc8bb7455,SAMMSGLOBAL
202608100952316135,202608100934367105,202608100934367074,85,2990,Bronze INV,br_ReAssessment,TASK_COMPLETE,SUCCESS,INFO,0,0,0,,2026-08-10T09:34:42.906Z,2026-08-10T09:52:34.664Z,1072,2026-08-10T09:52:34.664Z,AHK,Ahoskie,6ef3fd30-03b0-4dcd-9022-3df447f4d036,
202608100952316137,202608100934367106,202608100934367074,85,2991,Bronze INV,br_ReAssessment,TASK_COMPLETE,SUCCESS,INFO,0,0,0,,2026-08-10T09:34:42.906Z,2026-08-10T09:52:34.664Z,1072,2026-08-10T09:52:34.664Z,B12B,Colorado Springs,6ef3fd30-03b0-4dcd-9022-3df447f4d036,
202608100952316138,202608100934367107,202608100934367074,85,3726,Bronze INV,br_ReAssessmentOccupational,TASK_COMPLETE,SUCCESS,INFO,35,35,0,,2026-08-10T09:34:42.906Z,2026-08-10T09:52:34.664Z,1072,2026-08-10T09:52:34.664Z,AHK,Ahoskie,6ef3fd30-03b0-4dcd-9022-3df447f4d036,
202608100952316139,202608100934367108,202608100934367074,85,3727,Bronze INV,br_ReAssessmentOccupational,TASK_COMPLETE,SUCCESS,INFO,663,663,0,,2026-08-10T09:34:42.906Z,2026-08-10T09:52:34.664Z,1072,2026-08-10T09:52:34.664Z,B12B,Colorado Springs,6ef3fd30-03b0-4dcd-9022-3df447f4d036,
202608100952316140,202608100934367109,202608100934367074,85,3174,Bronze INV,br_ReAssessmentFamily,TASK_COMPLETE,SUCCESS,INFO,35,35,0,,2026-08-10T09:34:42.906Z,2026-08-10T09:52:34.664Z,1072,2026-08-10T09:52:34.664Z,AHK,Ahoskie,6ef3fd30-03b0-4dcd-9022-3df447f4d036,
202608100952316141,202608100934367110,202608100934367074,85,3175,Bronze INV,br_ReAssessmentFamily,TASK_COMPLETE,SUCCESS,INFO,662,662,0,,2026-08-10T09:34:42.906Z,2026-08-10T09:52:34.664Z,1072,2026-08-10T09:52:34.664Z,B12B,Colorado Springs,6ef3fd30-03b0-4dcd-9022-3df447f4d036,
202608211050268916,202608211050268916,202608211048467468,84,219,Gold Salesforce StgTasks,stgTask,TASK_COMPLETE,SUCCESS,INFO,1061,1061,0,,2026-08-21T10:50:30.965Z,2026-08-21T10:50:46.171Z,13,2026-08-21T10:50:46.171Z,,,45603680-296f-4487-82f1-f8045d5f38e1,
202608210219156808,202608210219156808,202608210217292236,84,219,Gold Salesforce StgTasks,stgTask,TASK_COMPLETE,SUCCESS,INFO,1941,1941,0,,2026-08-21T02:19:19.158Z,2026-08-21T02:19:37.378Z,16,2026-08-21T02:19:37.378Z,,,6e633944-6270-4167-9c27-2b58aaa91b88,
202608201758093714,202608201758093713,202608201756217905,84,219,Gold Salesforce StgTasks,stgTask,TASK_COMPLETE,SUCCESS,INFO,1619,1619,0,,2026-08-20T17:58:13.327Z,2026-08-20T17:58:29.378Z,14,2026-08-20T17:58:29.378Z,,,635224f3-f193-4ab0-a06c-8d0fbf5d6c6d,
202608210854252127,202608210843412206,202608210843412200,45,195,SAMMSGLOBAL Gold,FormsSAMMSClient,TASK_COMPLETE,SUCCESS,INFO,0,0,0,,2026-08-21T08:43:25.075Z,2026-08-21T08:54:34.178Z,648,2026-08-21T08:54:34.178Z,,,63de4b0b-e7e7-4150-93d6-8b706da9bfcd,
202608211053293513,202608211053293513,202608211048467468,84,225,Gold Salesforce Contacts,Contacts,TASK_COMPLETE,SUCCESS,INFO,59,59,0,,2026-08-21T10:53:33.238Z,2026-08-21T10:53:44.764Z,9,2026-08-21T10:53:44.764Z,,,45603680-296f-4487-82f1-f8045d5f38e1,
202608181102014003,202608181018708817,202608181018708812,125,13648,Assessments Gold - SavePADimension3,PADimension3,TASK_COMPLETE,SUCCESS,INFO,1336,1336,0,,2026-08-18T10:19:21.940Z,2026-08-18T11:02:11.496Z,2570,2026-08-18T11:02:11.496Z,Global,SAMMSGLOBAL,06767fa9-f980-4e92-a048-4dd43e2dbe98,
202608181244575429,202608181208108125,202608181208108120,125,13648,Assessments Gold - SavePADimension3,PADimension3,TASK_COMPLETE,SUCCESS,INFO,1336,1336,0,,2026-08-18T12:09:06.544Z,2026-08-18T12:45:07.249Z,2161,2026-08-18T12:45:07.249Z,Global,SAMMSGLOBAL,6a9f8fe6-e2a7-49ab-8570-443c59873958,
202608181230520187,202608181205521871,202608181205521842,118,12013,Bronze P1/P2 Assessments,br_NewAdmissionAssessmentASAMDimension2,TASK_COMPLETE,SUCCESS,INFO,402,402,0,,2026-08-18T12:06:00.341Z,2026-08-18T12:30:55.108Z,1495,2026-08-18T12:30:55.108Z,B26,Hazard,201d97b6-7f87-43f7-a098-fb002daf1faf,
202608181230520188,202608181205521872,202608181205521842,118,12020,Bronze P1/P2 Assessments,br_NewAdmissionAssessmentASAMDimension2,TASK_COMPLETE,SUCCESS,INFO,174,174,0,,2026-08-18T12:06:00.341Z,2026-08-18T12:30:55.108Z,1495,2026-08-18T12:30:55.108Z,B33,Paducah,201d97b6-7f87-43f7-a098-fb002daf1faf,
202608181242344798,202608181207908122,202608181207908120,124,13636,Assessments Silver - SavePACounselorReview,sl_PACounselorReview,TASK_COMPLETE,SUCCESS,INFO,1336,1336,0,,2026-08-18T12:09:06.544Z,2026-08-18T12:42:40.508Z,2014,2026-08-18T12:42:40.508Z,Global,SAMMSGLOBAL,6a9f8fe6-e2a7-49ab-8570-443c59873958,
202608141935472458,202608141857340877,202608141857340774,31,94103,FormAnswerSignatures Bronze - V19,br_tblFormAnswerSig,TASK_COMPLETE,SUCCESS,INFO,74228,74228,0,,2026-08-14T18:58:05.482Z,2026-08-14T19:35:50.482Z,2265,2026-08-14T19:35:50.482Z,V19,Jackson,015634ea-243f-49e1-a18e-0e1d033651d1,
202608141935472459,202608141857340878,202608141857340774,31,94104,FormAnswerSignatures Bronze - V20,br_tblFormAnswerSig,TASK_COMPLETE,SUCCESS,INFO,125841,125841,0,,2026-08-14T18:58:05.482Z,2026-08-14T19:35:50.482Z,2265,2026-08-14T19:35:50.482Z,V20,Paris,015634ea-243f-49e1-a18e-0e1d033651d1,
202608141935472460,202608141857340879,202608141857340774,31,94105,FormAnswerSignatures Bronze - V21,br_tblFormAnswerSig,TASK_COMPLETE,SUCCESS,INFO,61268,61268,0,,2026-08-14T18:58:05.482Z,2026-08-14T19:35:50.482Z,2265,2026-08-14T19:35:50.482Z,V21,Raleigh,015634ea-243f-49e1-a18e-0e1d033651d1,
202608181059493583,202608181018508814,202608181018508812,124,13636,Assessments Silver - SavePACounselorReview,sl_PACounselorReview,TASK_COMPLETE,SUCCESS,INFO,9348,1336,0,,2026-08-18T10:19:21.940Z,2026-08-18T10:59:51.420Z,2430,2026-08-18T10:59:51.420Z,Global,SAMMSGLOBAL,06767fa9-f980-4e92-a048-4dd43e2dbe98,
202608141520396103,202608141439460327,202608141439460325,124,13636,Assessments Silver - SavePACounselorReview,sl_PACounselorReview,TASK_COMPLETE,SUCCESS,INFO,1333,1333,0,,2026-08-14T14:40:07.233Z,2026-08-14T15:20:43.374Z,2436,2026-08-14T15:20:43.374Z,Global,SAMMSGLOBAL,58f20748-15b7-4a11-966c-9510b56c5310,
202608170510562247,202608170422315761,202608170422315750,107,8565,Clinical Domain Silver - SaveVACA,sl_vacomprehensiveassessment,TASK_COMPLETE,SUCCESS,INFO,20,20,0,,2026-08-17T04:29:17.023Z,2026-08-17T05:11:26.731Z,2529,2026-08-17T05:11:26.731Z,Global,SAMMSGLOBAL,0b53dc13-182d-4036-9b17-0891eca5f916,
202608140551471284,202608140537410941,202608140537410912,118,12013,Bronze P1/P2 Assessments,br_NewAdmissionAssessmentASAMDimension2,TASK_COMPLETE,SUCCESS,INFO,398,398,0,,2026-08-14T05:37:54.245Z,2026-08-14T05:51:50.752Z,836,2026-08-14T05:51:50.752Z,B26,Hazard,49a6a879-8aad-45bb-887e-905eab5ea9bb,
202608140551471285,202608140537410942,202608140537410912,118,12020,Bronze P1/P2 Assessments,br_NewAdmissionAssessmentASAMDimension2,TASK_COMPLETE,SUCCESS,INFO,174,174,0,,2026-08-14T05:37:54.245Z,2026-08-14T05:51:50.752Z,836,2026-08-14T05:51:50.752Z,B33,Paducah,49a6a879-8aad-45bb-887e-905eab5ea9bb,
202608151358565626,202608151310507814,202608151310507803,107,8565,Clinical Domain Silver - SaveVACA,sl_vacomprehensiveassessment,TASK_COMPLETE,SUCCESS,INFO,20,20,0,,2026-08-15T13:11:43.813Z,2026-08-15T13:58:58.213Z,2835,2026-08-15T13:58:58.213Z,Global,SAMMSGLOBAL,56214535-005b-4285-976b-e0172bc11b0b,
202608140551471258,202608140537410917,202608140537410912,118,10541,Bronze P1/P2 Assessments,br_NewAdmissionAssessmentASAMDimension6,TASK_COMPLETE,SUCCESS,INFO,401,401,0,,2026-08-14T05:37:54.245Z,2026-08-14T05:51:50.752Z,836,2026-08-14T05:51:50.752Z,B26,Hazard,49a6a879-8aad-45bb-887e-905eab5ea9bb,
202608140551471259,202608140537410918,202608140537410912,118,10548,Bronze P1/P2 Assessments,br_NewAdmissionAssessmentASAMDimension6,TASK_COMPLETE,SUCCESS,INFO,180,180,0,,2026-08-14T05:37:54.245Z,2026-08-14T05:51:50.752Z,836,2026-08-14T05:51:50.752Z,B33,Paducah,49a6a879-8aad-45bb-887e-905eab5ea9bb,
202608151146098640,202608151055524869,202608151055524858,107,8565,Clinical Domain Silver - SaveVACA,sl_vacomprehensiveassessment,TASK_COMPLETE,SUCCESS,INFO,20,20,0,,2026-08-15T10:59:41.813Z,2026-08-15T11:46:12.215Z,2791,2026-08-15T11:46:12.215Z,Global,SAMMSGLOBAL,09bdfa13-0c4c-4ca3-9dd3-abd349cbbab4,
202608170655047550,202608170608369026,202608170608369015,107,8565,Clinical Domain Silver - SaveVACA,sl_vacomprehensiveassessment,TASK_COMPLETE,SUCCESS,INFO,20,20,0,,2026-08-17T06:09:37.896Z,2026-08-17T06:55:07.563Z,2730,2026-08-17T06:55:07.563Z,Global,SAMMSGLOBAL,83c0f655-df7d-4ce0-a8e7-3e8120951bbc,
202608170445234388,202608170445234387,20260817044446,80,227,Absolute Silver Inventory,sl_absolute_inventory,TASK_DEPENDENCY_BLOCKED,DEPENDENCY_BLOCKED,WARN,0,0,0,Dependency Failed,2026-08-17T04:45:31.168Z,2026-08-17T04:45:31.168Z,0,2026-08-17T04:45:31.168Z,,,1af9a41e-9125-485a-8041-26d6cee05acd,
202608170650554199,202608170608269049,202608170608269015,106,8010,Clinical Domain Bronze - SaveVACA - BOI,br_VAComprehensiveAssessment,TASK_COMPLETE,SUCCESS,INFO,3,3,0,,2026-08-17T06:09:37.896Z,2026-08-17T06:50:58.970Z,2481,2026-08-17T06:50:58.970Z,BOI,Boise,83c0f655-df7d-4ce0-a8e7-3e8120951bbc,
202608141506426624,202608141444143625,202608141444143611,46,9410,P1 Finance 3P Eligibility Bronze - B12B,br_samms_3p_elig,TASK_COMPLETE,SUCCESS,INFO,223,223,0,,2026-08-14T14:44:17.762Z,2026-08-14T15:09:27.882Z,1510,2026-08-14T15:09:27.882Z,B12B,ColoradoSprings,1c123384-c339-4954-be1f-3a8d150ebb14,
202608170650554177,202608170608269028,202608170608269015,106,7276,Clinical Domain Bronze - SaveUAResults - B12B,br_UAResults,TASK_COMPLETE,SUCCESS,INFO,1,1,0,,2026-08-17T06:09:37.896Z,2026-08-17T06:50:58.970Z,2481,2026-08-17T06:50:58.970Z,B12B,ColoradoSprings,83c0f655-df7d-4ce0-a8e7-3e8120951bbc,
202608170749224511,202608170720364621,202608170720364599,118,10905,Bronze P1/P2 Assessments,br_NewPeriodicReassessmentCounselorReview,TASK_COMPLETE,SUCCESS,INFO,0,0,0,,2026-08-17T07:20:41.512Z,2026-08-17T07:49:26.331Z,1725,2026-08-17T07:49:26.331Z,AHK,Ahoskie,422b71cc-fe6c-4f30-846d-92fb5587d0e9,
202608191320128959,202608191320128958,20260819131952,111,8613,Gold Bank Transactions,BankTransactions,TASK_COMPLETE,SUCCESS,INFO,1361045,1361045,0,,2026-08-19T13:20:12.895Z,2026-08-19T13:21:19.971Z,67,2026-08-19T13:21:19.971Z,,,033e2b9b-3e61-42eb-8a4a-6f9de454a9d1,
202608151434387475,202608151417675663,202608151417675641,118,10905,Bronze P1/P2 Assessments,br_NewPeriodicReassessmentCounselorReview,TASK_COMPLETE,SUCCESS,INFO,0,0,0,,2026-08-15T14:18:19.683Z,2026-08-15T14:37:39.575Z,1160,2026-08-15T14:37:39.575Z,AHK,Ahoskie,556076c4-618a-4487-8b31-ba5017a3c197,
202608170650554215,202608170608269063,202608170608269015,106,8519,Clinical Domain Bronze - SaveTreatmentLevel - V10,br_TreatmentLevel,TASK_COMPLETE,SUCCESS,INFO,657,657,0,,2026-08-17T06:09:37.896Z,2026-08-17T06:50:58.970Z,2481,2026-08-17T06:50:58.970Z,V10,Boulder,83c0f655-df7d-4ce0-a8e7-3e8120951bbc,
202608210242246481,202608210227262458,202608210227262448,44,180,SAMMSGLOBAL Silver,sl_ClaimStatus,TASK_COMPLETE,SUCCESS,INFO,392,0,0,,2026-08-21T02:27:19.171Z,2026-08-21T02:42:27.062Z,908,2026-08-21T02:42:27.062Z,Global,Global,37d39418-848b-43a3-aff1-182cc8bb7455,SAMMSGLOBAL
202608210242212471,202608210227262449,202608210227262448,44,182,SAMMSGLOBAL Silver,sl_GlobalPayor,TASK_COMPLETE,SUCCESS,INFO,909,0,0,,2026-08-21T02:27:19.171Z,2026-08-21T02:42:27.062Z,908,2026-08-21T02:42:27.062Z,Global,Global,37d39418-848b-43a3-aff1-182cc8bb7455,SAMMSGLOBAL
202608210938497456,202608210910301220,202608210910301208,45,5741,SAMMSGLOBAL Gold,UserCredentials,TASK_COMPLETE,SUCCESS,INFO,981,981,0,,2026-08-21T09:10:14.296Z,2026-08-21T09:38:52.166Z,1718,2026-08-21T09:38:52.166Z,Global,Global,859bd6e7-8433-41b7-8f16-164cdd55063d,SAMMSGLOBAL
202608210243568842,202608210227362454,202608210227362448,45,195,SAMMSGLOBAL Gold,FormsSAMMSClient,TASK_COMPLETE,SUCCESS,INFO,0,2,0,,2026-08-21T02:27:19.171Z,2026-08-21T02:44:04.451Z,1005,2026-08-21T02:44:04.451Z,Global,Global,37d39418-848b-43a3-aff1-182cc8bb7455,SAMMSGLOBAL
202608140551471286,202608140537410943,202608140537410912,118,12195,Bronze P1/P2 Assessments,br_NewAdmissionAssessmentASAMDimension4,TASK_COMPLETE,SUCCESS,INFO,270,270,0,,2026-08-14T05:37:54.245Z,2026-08-14T05:51:50.752Z,836,2026-08-14T05:51:50.752Z,B24,Paintsville,49a6a879-8aad-45bb-887e-905eab5ea9bb,
202608140551471287,202608140537410944,202608140537410912,118,12197,Bronze P1/P2 Assessments,br_NewAdmissionAssessmentASAMDimension4,TASK_COMPLETE,SUCCESS,INFO,398,398,0,,2026-08-14T05:37:54.245Z,2026-08-14T05:51:50.752Z,836,2026-08-14T05:51:50.752Z,B26,Hazard,49a6a879-8aad-45bb-887e-905eab5ea9bb,
202608141935472389,202608141857340814,202608141857340774,31,94040,FormAnswerSignatures Bronze - B72,br_tblFormAnswerSig,TASK_COMPLETE,SUCCESS,INFO,31656,31656,0,,2026-08-14T18:58:05.482Z,2026-08-14T19:35:50.482Z,2265,2026-08-14T19:35:50.482Z,B72,Mobile-OBOT,015634ea-243f-49e1-a18e-0e1d033651d1,
202608141935472390,202608141857340815,202608141857340774,31,94041,FormAnswerSignatures Bronze - B73,br_tblFormAnswerSig,TASK_COMPLETE,SUCCESS,INFO,15329,15329,0,,2026-08-14T18:58:05.482Z,2026-08-14T19:35:50.482Z,2265,2026-08-14T19:35:50.482Z,B73,Montgomery,015634ea-243f-49e1-a18e-0e1d033651d1,
202608141935472392,202608141857340816,202608141857340774,31,94042,FormAnswerSignatures Bronze - B75,br_tblFormAnswerSig,TASK_COMPLETE,SUCCESS,INFO,49893,49893,0,,2026-08-14T18:58:05.482Z,2026-08-14T19:35:50.482Z,2265,2026-08-14T19:35:50.482Z,B75,Lawrence,015634ea-243f-49e1-a18e-0e1d033651d1,
202608141935472422,202608141857340844,202608141857340774,31,94070,FormAnswerSignatures Bronze - JON,br_tblFormAnswerSig,TASK_COMPLETE,SUCCESS,INFO,17241,17241,0,,2026-08-14T18:58:05.482Z,2026-08-14T19:35:50.482Z,2265,2026-08-14T19:35:50.482Z,JON,Jonesboro,015634ea-243f-49e1-a18e-0e1d033651d1,
202608141935472423,202608141857340845,202608141857340774,31,94071,FormAnswerSignatures Bronze - LAN,br_tblFormAnswerSig,TASK_COMPLETE,SUCCESS,INFO,41594,41594,0,,2026-08-14T18:58:05.482Z,2026-08-14T19:35:50.482Z,2265,2026-08-14T19:35:50.482Z,LAN,Lansing,015634ea-243f-49e1-a18e-0e1d033651d1,
202608141935472424,202608141857340846,202608141857340774,31,94072,FormAnswerSignatures Bronze - LO,br_tblFormAnswerSig,TASK_COMPLETE,SUCCESS,INFO,191572,191572,0,,2026-08-14T18:58:05.482Z,2026-08-14T19:35:50.482Z,2265,2026-08-14T19:35:50.482Z,LO,Louisville,015634ea-243f-49e1-a18e-0e1d033651d1,
202608171240088279,202608171211598287,202608171211598283,106,6931,Clinical Domain Bronze - SaveBamForm - B12B,br_BAMForm,TASK_COMPLETE,SUCCESS,INFO,372,372,0,,2026-08-17T12:12:57.246Z,2026-08-17T12:40:14.210Z,1637,2026-08-17T12:40:14.210Z,B12B,ColoradoSprings,71c4b27b-8df0-48dd-a1ee-a6ea3a63b852,
202608171240088280,202608171211598288,202608171211598283,106,6975,Clinical Domain Bronze - SaveBamForm - BOI,br_BAMForm,TASK_COMPLETE,SUCCESS,INFO,317,317,0,,2026-08-17T12:12:57.246Z,2026-08-17T12:40:14.210Z,1637,2026-08-17T12:40:14.210Z,BOI,Boise,71c4b27b-8df0-48dd-a1ee-a6ea3a63b852,
202608171240088281,202608171211598289,202608171211598283,106,7024,Clinical Domain Bronze - SaveBamForm - V10,br_BAMForm,TASK_COMPLETE,SUCCESS,INFO,467,467,0,,2026-08-17T12:12:57.246Z,2026-08-17T12:40:14.210Z,1637,2026-08-17T12:40:14.210Z,V10,Boulder,71c4b27b-8df0-48dd-a1ee-a6ea3a63b852,
202608171245095666,202608171211698291,202608171211698283,107,8562,Clinical Domain Silver - SaveAppointmentAttend,sl_appointmentattend,TASK_COMPLETE,SUCCESS,INFO,93,93,0,,2026-08-17T12:12:57.246Z,2026-08-17T12:45:12.159Z,1935,2026-08-17T12:45:12.159Z,Global,SAMMSGLOBAL,71c4b27b-8df0-48dd-a1ee-a6ea3a63b852,
202608141935472376,202608141857340802,202608141857340774,31,94028,FormAnswerSignatures Bronze - B47,br_tblFormAnswerSig,TASK_COMPLETE,SUCCESS,INFO,86422,86422,0,,2026-08-14T18:58:05.482Z,2026-08-14T19:35:50.482Z,2265,2026-08-14T19:35:50.482Z,B47,Mobile,015634ea-243f-49e1-a18e-0e1d033651d1,
202608141935472377,202608141857340803,202608141857340774,31,94029,FormAnswerSignatures Bronze - B48,br_tblFormAnswerSig,TASK_COMPLETE,SUCCESS,INFO,77952,77952,0,,2026-08-14T18:58:05.482Z,2026-08-14T19:35:50.482Z,2265,2026-08-14T19:35:50.482Z,B48,Tuscaloosa,015634ea-243f-49e1-a18e-0e1d033651d1,
202608141935472379,202608141857340804,202608141857340774,31,94030,FormAnswerSignatures Bronze - B51,br_tblFormAnswerSig,TASK_COMPLETE,SUCCESS,INFO,52894,52894,0,,2026-08-14T18:58:05.482Z,2026-08-14T19:35:50.482Z,2265,2026-08-14T19:35:50.482Z,B51,NorthLittleRock,015634ea-243f-49e1-a18e-0e1d033651d1,
202608171108071334,202608171031498601,202608171031498593,107,8562,Clinical Domain Silver - SaveAppointmentAttend,sl_appointmentattend,TASK_COMPLETE,SUCCESS,INFO,93,93,0,,2026-08-17T10:38:10.305Z,2026-08-17T11:08:10.976Z,1800,2026-08-17T11:08:10.976Z,Global,SAMMSGLOBAL,16b28601-46b7-41d7-bb6b-81142615d65b,
202608151132574364,202608151055424862,202608151055424858,106,6931,Clinical Domain Bronze - SaveBamForm - B12B,br_BAMForm,TASK_COMPLETE,SUCCESS,INFO,353,353,0,,2026-08-15T10:59:41.813Z,2026-08-15T11:42:22.397Z,2561,2026-08-15T11:42:22.397Z,B12B,ColoradoSprings,09bdfa13-0c4c-4ca3-9dd3-abd349cbbab4,
202608151132574366,202608151055424863,202608151055424858,106,6975,Clinical Domain Bronze - SaveBamForm - BOI,br_BAMForm,TASK_COMPLETE,SUCCESS,INFO,307,307,0,,2026-08-15T10:59:41.813Z,2026-08-15T11:42:22.397Z,2561,2026-08-15T11:42:22.397Z,BOI,Boise,09bdfa13-0c4c-4ca3-9dd3-abd349cbbab4,
202608151132574367,202608151055424864,202608151055424858,106,7024,Clinical Domain Bronze - SaveBamForm - V10,br_BAMForm,TASK_COMPLETE,SUCCESS,INFO,454,454,0,,2026-08-15T10:59:41.813Z,2026-08-15T11:42:22.397Z,2561,2026-08-15T11:42:22.397Z,V10,Boulder,09bdfa13-0c4c-4ca3-9dd3-abd349cbbab4,
202608170655047546,202608170608369023,202608170608369015,107,8562,Clinical Domain Silver - SaveAppointmentAttend,sl_appointmentattend,TASK_COMPLETE,SUCCESS,INFO,93,93,0,,2026-08-17T06:09:37.896Z,2026-08-17T06:55:07.563Z,2730,2026-08-17T06:55:07.563Z,Global,SAMMSGLOBAL,83c0f655-df7d-4ce0-a8e7-3e8120951bbc,
202608201034573220,202608201013630461,202608201013630447,47,10350,P1 Finance Client Demo 2 Silver,tbl_ClientDemo2,TASK_COMPLETE,SUCCESS,INFO,8002,4,0,,2026-08-20T10:13:57.622Z,2026-08-20T10:39:20.764Z,1523,2026-08-20T10:39:20.764Z,,,069e8d01-766c-4679-b3df-c21f4d7bc3d1,
202608170614178922,202608170551256427,202608170551256420,46,8821,P1 Finance PBI 3 Pay Auth Bronze - B24,br_samms_pbi3_pay_auth,TASK_COMPLETE,SUCCESS,INFO,1452,1452,0,,2026-08-17T05:51:47.044Z,2026-08-17T06:14:21.786Z,1354,2026-08-17T06:14:21.786Z,B24,Paintsville,09d84bc7-e629-48a4-a32a-826b207e96d1,
202608170614178924,202608170551256428,202608170551256420,46,8822,P1 Finance PBI 3 Pay Auth Bronze - B25,br_samms_pbi3_pay_auth,TASK_COMPLETE,SUCCESS,INFO,1765,1765,0,,2026-08-17T05:51:47.044Z,2026-08-17T06:14:21.786Z,1354,2026-08-17T06:14:21.786Z,B25,Pikeville,09d84bc7-e629-48a4-a32a-826b207e96d1,
202608151146098637,202608151055524866,202608151055524858,107,8562,Clinical Domain Silver - SaveAppointmentAttend,sl_appointmentattend,TASK_COMPLETE,SUCCESS,INFO,93,93,0,,2026-08-15T10:59:41.813Z,2026-08-15T11:46:12.215Z,2791,2026-08-15T11:46:12.215Z,Global,SAMMSGLOBAL,09bdfa13-0c4c-4ca3-9dd3-abd349cbbab4,
202608180908433814,202608180834632776,202608180834632768,107,8562,Clinical Domain Silver - SaveAppointmentAttend,sl_appointmentattend,TASK_COMPLETE,SUCCESS,INFO,93,93,0,,2026-08-18T08:37:01.117Z,2026-08-18T09:08:45.854Z,1904,2026-08-18T09:08:45.854Z,Global,SAMMSGLOBAL,08f45940-4fba-4d40-8013-5941939f8b2e,
202608151358565622,202608151310507811,202608151310507803,107,8562,Clinical Domain Silver - SaveAppointmentAttend,sl_appointmentattend,TASK_COMPLETE,SUCCESS,INFO,93,93,0,,2026-08-15T13:11:43.813Z,2026-08-15T13:58:58.213Z,2835,2026-08-15T13:58:58.213Z,Global,SAMMSGLOBAL,56214535-005b-4285-976b-e0172bc11b0b,
202608180902083787,202608180834532772,202608180834532768,106,6931,Clinical Domain Bronze - SaveBamForm - B12B,br_BAMForm,TASK_COMPLETE,SUCCESS,INFO,372,372,0,,2026-08-18T08:37:01.117Z,2026-08-18T09:02:12.282Z,1511,2026-08-18T09:02:12.282Z,B12B,ColoradoSprings,08f45940-4fba-4d40-8013-5941939f8b2e,
202608180902083788,202608180834532773,202608180834532768,106,6975,Clinical Domain Bronze - SaveBamForm - BOI,br_BAMForm,TASK_COMPLETE,SUCCESS,INFO,318,318,0,,2026-08-18T08:37:01.117Z,2026-08-18T09:02:12.282Z,1511,2026-08-18T09:02:12.282Z,BOI,Boise,08f45940-4fba-4d40-8013-5941939f8b2e,
202608180902083790,202608180834532774,202608180834532768,106,7024,Clinical Domain Bronze - SaveBamForm - V10,br_BAMForm,TASK_COMPLETE,SUCCESS,INFO,469,469,0,,2026-08-18T08:37:01.117Z,2026-08-18T09:02:12.282Z,1511,2026-08-18T09:02:12.282Z,V10,Boulder,08f45940-4fba-4d40-8013-5941939f8b2e,
202608261142429071,202608261050467364,202608261050467363,19,52,Orders Silver SaveOrders,sl_Orders,TASK_COMPLETE,SUCCESS,INFO,3640567,3640028,0,,2026-08-26T10:51:23.872Z,2026-08-26T11:42:46.038Z,3083,2026-08-26T11:42:46.038Z,,Global,9f27ea6d-77e8-424b-b461-0bad838d803f,
202608171102595587,202608171031398597,202608171031398593,106,6931,Clinical Domain Bronze - SaveBamForm - B12B,br_BAMForm,TASK_COMPLETE,SUCCESS,INFO,372,372,0,,2026-08-17T10:38:10.305Z,2026-08-17T11:03:03.679Z,1493,2026-08-17T11:03:03.679Z,B12B,ColoradoSprings,16b28601-46b7-41d7-bb6b-81142615d65b,
202608171102595588,202608171031398598,202608171031398593,106,6975,Clinical Domain Bronze - SaveBamForm - BOI,br_BAMForm,TASK_COMPLETE,SUCCESS,INFO,317,317,0,,2026-08-17T10:38:10.305Z,2026-08-17T11:03:03.679Z,1493,2026-08-17T11:03:03.679Z,BOI,Boise,16b28601-46b7-41d7-bb6b-81142615d65b,
202608171102595589,202608171031398599,202608171031398593,106,7024,Clinical Domain Bronze - SaveBamForm - V10,br_BAMForm,TASK_COMPLETE,SUCCESS,INFO,467,467,0,,2026-08-17T10:38:10.305Z,2026-08-17T11:03:03.679Z,1493,2026-08-17T11:03:03.679Z,V10,Boulder,16b28601-46b7-41d7-bb6b-81142615d65b,
202608151352479057,202608151310407807,202608151310407803,106,6931,Clinical Domain Bronze - SaveBamForm - B12B,br_BAMForm,TASK_COMPLETE,SUCCESS,INFO,353,353,0,,2026-08-15T13:11:43.813Z,2026-08-15T13:52:51.092Z,2468,2026-08-15T13:52:51.092Z,B12B,ColoradoSprings,56214535-005b-4285-976b-e0172bc11b0b,
202608151352479058,202608151310407808,202608151310407803,106,6975,Clinical Domain Bronze - SaveBamForm - BOI,br_BAMForm,TASK_COMPLETE,SUCCESS,INFO,307,307,0,,2026-08-15T13:11:43.813Z,2026-08-15T13:52:51.092Z,2468,2026-08-15T13:52:51.092Z,BOI,Boise,56214535-005b-4285-976b-e0172bc11b0b,
202608151352479059,202608151310407809,202608151310407803,106,7024,Clinical Domain Bronze - SaveBamForm - V10,br_BAMForm,TASK_COMPLETE,SUCCESS,INFO,454,454,0,,2026-08-15T13:11:43.813Z,2026-08-15T13:52:51.092Z,2468,2026-08-15T13:52:51.092Z,V10,Boulder,56214535-005b-4285-976b-e0172bc11b0b,
202608170510562244,202608170422315758,202608170422315750,107,8562,Clinical Domain Silver - SaveAppointmentAttend,sl_appointmentattend,TASK_COMPLETE,SUCCESS,INFO,93,93,0,,2026-08-17T04:29:17.023Z,2026-08-17T05:11:26.731Z,2529,2026-08-17T05:11:26.731Z,Global,SAMMSGLOBAL,0b53dc13-182d-4036-9b17-0891eca5f916,
202608170505380874,202608170422215754,202608170422215750,106,6931,Clinical Domain Bronze - SaveBamForm - B12B,br_BAMForm,TASK_COMPLETE,SUCCESS,INFO,353,353,0,,2026-08-17T04:29:17.023Z,2026-08-17T05:06:50.333Z,2253,2026-08-17T05:06:50.333Z,B12B,ColoradoSprings,0b53dc13-182d-4036-9b17-0891eca5f916,
202608170505380875,202608170422215755,202608170422215750,106,6975,Clinical Domain Bronze - SaveBamForm - BOI,br_BAMForm,TASK_COMPLETE,SUCCESS,INFO,307,307,0,,2026-08-17T04:29:17.023Z,2026-08-17T05:06:50.333Z,2253,2026-08-17T05:06:50.333Z,BOI,Boise,0b53dc13-182d-4036-9b17-0891eca5f916,
202608170505380876,202608170422215756,202608170422215750,106,7024,Clinical Domain Bronze - SaveBamForm - V10,br_BAMForm,TASK_COMPLETE,SUCCESS,INFO,454,454,0,,2026-08-17T04:29:17.023Z,2026-08-17T05:06:50.333Z,2253,2026-08-17T05:06:50.333Z,V10,Boulder,0b53dc13-182d-4036-9b17-0891eca5f916,
202608141935472386,202608141857340811,202608141857340774,31,94037,FormAnswerSignatures Bronze - B57C,br_tblFormAnswerSig,TASK_COMPLETE,SUCCESS,INFO,56910,56910,0,,2026-08-14T18:58:05.482Z,2026-08-14T19:35:50.482Z,2265,2026-08-14T19:35:50.482Z,B57C,Providence,015634ea-243f-49e1-a18e-0e1d033651d1,
202608141935472387,202608141857340812,202608141857340774,31,94038,FormAnswerSignatures Bronze - B57D,br_tblFormAnswerSig,TASK_COMPLETE,SUCCESS,INFO,42052,42052,0,,2026-08-14T18:58:05.482Z,2026-08-14T19:35:50.482Z,2265,2026-08-14T19:35:50.482Z,B57D,Westerly,015634ea-243f-49e1-a18e-0e1d033651d1,
202608141935472388,202608141857340813,202608141857340774,31,94039,FormAnswerSignatures Bronze - B66A,br_tblFormAnswerSig,TASK_COMPLETE,SUCCESS,INFO,25132,25132,0,,2026-08-14T18:58:05.482Z,2026-08-14T19:35:50.482Z,2265,2026-08-14T19:35:50.482Z,B66A,Bremen,015634ea-243f-49e1-a18e-0e1d033651d1,
202608201650487381,202608201650487381,202608201648145195,83,212,Silver Salesforce Leads,sl_sf_leads,TASK_COMPLETE,SUCCESS,INFO,80,80,0,,2026-08-20T16:50:52.266Z,2026-08-20T16:51:43.726Z,50,2026-08-20T16:51:43.726Z,,,4ed56315-bafe-4059-9903-76e756bd89c4,
202608201740337070,202608201740337070,202608201737362918,82,205,Salesforce Contacts,br_sf_contacts,TASK_COMPLETE,SUCCESS,INFO,1920,1920,0,,2026-08-20T17:40:40.054Z,2026-08-20T17:40:58.512Z,17,2026-08-20T17:40:58.512Z,,,635224f3-f193-4ab0-a06c-8d0fbf5d6c6d,
202608201546054970,202608201546054969,202608201542593057,82,205,Salesforce Contacts,br_sf_contacts,TASK_COMPLETE,SUCCESS,INFO,1813,1813,0,,2026-08-20T15:46:10.046Z,2026-08-20T15:46:31.399Z,19,2026-08-20T15:46:31.399Z,,,95538f17-9d82-404e-9e3f-d1777714a921,
202608211033453370,202608211033453370,202608211031030755,82,205,Salesforce Contacts,br_sf_contacts,TASK_COMPLETE,SUCCESS,INFO,1527,1527,0,,2026-08-21T10:33:50.082Z,2026-08-21T10:34:09.907Z,18,2026-08-21T10:34:09.907Z,,,45603680-296f-4487-82f1-f8045d5f38e1,
202608170614178915,202608170551256421,202608170551256420,46,8701,P1 Finance Bills Bronze - AHK,br_samms_bills,TASK_COMPLETE,SUCCESS,INFO,1502,1502,0,,2026-08-17T05:51:47.044Z,2026-08-17T06:14:21.786Z,1354,2026-08-17T06:14:21.786Z,AHK,Ahoskie,09d84bc7-e629-48a4-a32a-826b207e96d1,
202608170614178917,202608170551256422,202608170551256420,46,8702,P1 Finance Bills Bronze - B12B,br_samms_bills,TASK_COMPLETE,SUCCESS,INFO,3674,3674,0,,2026-08-17T05:51:47.044Z,2026-08-17T06:14:21.786Z,1354,2026-08-17T06:14:21.786Z,B12B,ColoradoSprings,09d84bc7-e629-48a4-a32a-826b207e96d1,
202608201129083026,202608201129083026,202608201125599805,82,205,Salesforce Contacts,br_sf_contacts,TASK_COMPLETE,SUCCESS,INFO,1444,1444,0,,2026-08-20T11:29:12.799Z,2026-08-20T11:29:32.883Z,18,2026-08-20T11:29:32.883Z,,,79156e84-8509-4e63-a064-b4b0873a2a40,
202608210202473088,202608210202473088,202608210159223552,82,205,Salesforce Contacts,br_sf_contacts,TASK_COMPLETE,SUCCESS,INFO,2044,2044,0,,2026-08-21T02:02:52.159Z,2026-08-21T02:03:12.319Z,18,2026-08-21T02:03:12.319Z,,,6e633944-6270-4167-9c27-2b58aaa91b88,
202608201640420940,202608201640420939,202608201638083197,82,205,Salesforce Contacts,br_sf_contacts,TASK_COMPLETE,SUCCESS,INFO,1855,1855,0,,2026-08-20T16:40:46.629Z,2026-08-20T16:41:04.885Z,17,2026-08-20T16:41:04.885Z,,,4ed56315-bafe-4059-9903-76e756bd89c4,
202608141935472350,202608141857340778,202608141857340774,31,94004,FormAnswerSignatures Bronze - B25,br_tblFormAnswerSig,TASK_COMPLETE,SUCCESS,INFO,94439,94439,0,,2026-08-14T18:58:05.482Z,2026-08-14T19:35:50.482Z,2265,2026-08-14T19:35:50.482Z,B25,Pikeville,015634ea-243f-49e1-a18e-0e1d033651d1,
202608141935472351,202608141857340779,202608141857340774,31,94005,FormAnswerSignatures Bronze - B26,br_tblFormAnswerSig,TASK_COMPLETE,SUCCESS,INFO,206018,206018,0,,2026-08-14T18:58:05.482Z,2026-08-14T19:35:50.482Z,2265,2026-08-14T19:35:50.482Z,B26,Hazard,015634ea-243f-49e1-a18e-0e1d033651d1,
202608141935472352,202608141857340780,202608141857340774,31,94006,FormAnswerSignatures Bronze - B27,br_tblFormAnswerSig,TASK_COMPLETE,SUCCESS,INFO,54454,54454,0,,2026-08-14T18:58:05.482Z,2026-08-14T19:35:50.482Z,2265,2026-08-14T19:35:50.482Z,B27,Savannah,015634ea-243f-49e1-a18e-0e1d033651d1,
202608280648338786,202608280648338786,20260828064831,6,34,Gold 8x8 CallInteractions,8x8_CallInteractions,TASK_COMPLETE,SUCCESS,INFO,797009,797009,0,,2026-08-28T06:48:33.878Z,2026-08-28T06:49:14.401Z,38,2026-08-28T06:49:14.401Z,,,6f91deae-0832-4a56-ab71-80188798e1a1,
202608170614178973,202608170551256471,202608170551256420,46,10119,P1 Finance Client Demo 1 Bronze - B24,br_samms_client_demo1,TASK_COMPLETE,SUCCESS,INFO,2914,2914,0,,2026-08-17T05:51:47.044Z,2026-08-17T06:14:21.786Z,1354,2026-08-17T06:14:21.786Z,B24,Paintsville,09d84bc7-e629-48a4-a32a-826b207e96d1,
202608170614178974,202608170551256472,202608170551256420,46,10120,P1 Finance Client Demo 1 Bronze - B25,br_samms_client_demo1,TASK_COMPLETE,SUCCESS,INFO,3409,3409,0,,2026-08-17T05:51:47.044Z,2026-08-17T06:14:21.786Z,1354,2026-08-17T06:14:21.786Z,B25,Pikeville,09d84bc7-e629-48a4-a32a-826b207e96d1,
202608171108071335,202608171031498602,202608171031498593,107,8563,Clinical Domain Silver - SaveMNCA,sl_mncomprehensiveassessment,TASK_COMPLETE,SUCCESS,INFO,914,914,0,,2026-08-17T10:38:10.305Z,2026-08-17T11:08:10.976Z,1800,2026-08-17T11:08:10.976Z,Global,SAMMSGLOBAL,16b28601-46b7-41d7-bb6b-81142615d65b,
202608261802020222,202608261733546736,202608261733546733,98,6093,P1 Forms E&M Form MDM Silver,tbl_EandMFormMDM,TASK_COMPLETE,SUCCESS,INFO,3398,3398,0,,2026-08-26T17:33:51.495Z,2026-08-26T18:02:05.602Z,1694,2026-08-26T18:02:05.602Z,,,4b416fe5-6f5c-4fb7-baa8-f0b32475e9c6,
202608141935472353,202608141857340781,202608141857340774,31,94007,FormAnswerSignatures Bronze - B28,br_tblFormAnswerSig,TASK_COMPLETE,SUCCESS,INFO,27439,27439,0,,2026-08-14T18:58:05.482Z,2026-08-14T19:35:50.482Z,2265,2026-08-14T19:35:50.482Z,B28,WestPlaines,015634ea-243f-49e1-a18e-0e1d033651d1,
202608141935472355,202608141857340782,202608141857340774,31,94008,FormAnswerSignatures Bronze - B29,br_tblFormAnswerSig,TASK_COMPLETE,SUCCESS,INFO,35139,35139,0,,2026-08-14T18:58:05.482Z,2026-08-14T19:35:50.482Z,2265,2026-08-14T19:35:50.482Z,B29,PoplarBluff,015634ea-243f-49e1-a18e-0e1d033651d1,
202608141935472356,202608141857340783,202608141857340774,31,94009,FormAnswerSignatures Bronze - B30,br_tblFormAnswerSig,TASK_COMPLETE,SUCCESS,INFO,22078,22078,0,,2026-08-14T18:58:05.482Z,2026-08-14T19:35:50.482Z,2265,2026-08-14T19:35:50.482Z,B30,KCN,015634ea-243f-49e1-a18e-0e1d033651d1,
202608140744357406,202608140725214705,202608140725214656,118,11523,Bronze P1/P2 Assessments,br_newperiodicreassessmentd4,TASK_COMPLETE,SUCCESS,INFO,0,0,0,,2026-08-14T07:25:23.942Z,2026-08-14T07:44:38.851Z,1155,2026-08-14T07:44:38.851Z,CBCO,Coeur dAlene,9e759780-91b7-4e4a-882b-cd4350ec70b7,
202608140744357407,202608140725214706,202608140725214656,118,11641,Bronze P1/P2 Assessments,br_newperiodicreassessmentd5,TASK_COMPLETE,SUCCESS,INFO,0,0,0,,2026-08-14T07:25:23.942Z,2026-08-14T07:44:38.851Z,1155,2026-08-14T07:44:38.851Z,AHK,Ahoskie,9e759780-91b7-4e4a-882b-cd4350ec70b7,
202608140744357408,202608140725214707,202608140725214656,118,11642,Bronze P1/P2 Assessments,br_newperiodicreassessmentd5,TASK_COMPLETE,SUCCESS,INFO,0,0,0,,2026-08-14T07:25:23.942Z,2026-08-14T07:44:38.851Z,1155,2026-08-14T07:44:38.851Z,B12B,Colorado Springs,9e759780-91b7-4e4a-882b-cd4350ec70b7,
202608181230520161,202608181205521847,202608181205521842,118,10541,Bronze P1/P2 Assessments,br_NewAdmissionAssessmentASAMDimension6,TASK_COMPLETE,SUCCESS,INFO,405,405,0,,2026-08-18T12:06:00.341Z,2026-08-18T12:30:55.108Z,1495,2026-08-18T12:30:55.108Z,B26,Hazard,201d97b6-7f87-43f7-a098-fb002daf1faf,
202608181230520162,202608181205521848,202608181205521842,118,10548,Bronze P1/P2 Assessments,br_NewAdmissionAssessmentASAMDimension6,TASK_COMPLETE,SUCCESS,INFO,180,180,0,,2026-08-18T12:06:00.341Z,2026-08-18T12:30:55.108Z,1495,2026-08-18T12:30:55.108Z,B33,Paducah,201d97b6-7f87-43f7-a098-fb002daf1faf,
202608201648267363,202608201648267363,202608201648145195,83,208,Silver Salesforce Accounts,sl_sf_accounts,TASK_COMPLETE,SUCCESS,INFO,13542,13542,0,,2026-08-20T16:48:32.621Z,2026-08-20T16:49:00.191Z,25,2026-08-20T16:49:00.191Z,,,4ed56315-bafe-4059-9903-76e756bd89c4,
202608251653065301,202608251629736808,202608251629736804,89,5122,P1 Reference Services Silver,tbl_SERVICES,TASK_COMPLETE,SUCCESS,INFO,485,485,0,,2026-08-25T16:30:10.484Z,2026-08-25T16:53:08.464Z,1378,2026-08-25T16:53:08.464Z,,,6d78ce37-8c21-4519-a454-1e5ee4a84a47,
202608140744357351,202608140725214657,202608140725214656,118,10353,Bronze P1/P2 Assessments,br_NewAdmissionAssessment,TASK_COMPLETE,SUCCESS,INFO,0,0,0,,2026-08-14T07:25:23.942Z,2026-08-14T07:44:38.851Z,1155,2026-08-14T07:44:38.851Z,AHK,Ahoskie,9e759780-91b7-4e4a-882b-cd4350ec70b7,
202608140744357353,202608140725214658,202608140725214656,118,10354,Bronze P1/P2 Assessments,br_NewAdmissionAssessment,TASK_COMPLETE,SUCCESS,INFO,0,0,0,,2026-08-14T07:25:23.942Z,2026-08-14T07:44:38.851Z,1155,2026-08-14T07:44:38.851Z,B12B,Colorado Springs,9e759780-91b7-4e4a-882b-cd4350ec70b7,
202608140744357354,202608140725214659,202608140725214656,118,10355,Bronze P1/P2 Assessments,br_NewAdmissionAssessment,TASK_COMPLETE,SUCCESS,INFO,283,283,0,,2026-08-14T07:25:23.942Z,2026-08-14T07:44:38.851Z,1155,2026-08-14T07:44:38.851Z,B24,Paintsville,9e759780-91b7-4e4a-882b-cd4350ec70b7,
202608170008440980,202608162346418921,202608162346418898,85,1150,Bronze INV,br_AdmissionAssessmentDimensionThree,TASK_COMPLETE,SUCCESS,INFO,97,97,0,,2026-08-16T23:46:55.971Z,2026-08-17T00:08:47.406Z,1312,2026-08-17T00:08:47.406Z,AHK,Ahoskie,77f58b99-e250-4627-9f17-559331ecd0ef,
202608210936584816,202608210910201219,202608210910201208,44,180,SAMMSGLOBAL Silver,sl_ClaimStatus,TASK_COMPLETE,SUCCESS,INFO,392,392,0,,2026-08-21T09:10:14.296Z,2026-08-21T09:37:01.680Z,1607,2026-08-21T09:37:01.680Z,Global,Global,859bd6e7-8433-41b7-8f16-164cdd55063d,SAMMSGLOBAL
202608221147016922,202608221137270306,202608221137270305,43,172,SAMMSGLOBAL Bronze,br_GlobalPayor,TASK_COMPLETE,SUCCESS,INFO,909,909,0,,2026-08-22T11:37:32.306Z,2026-08-22T12:00:00.866Z,1348,2026-08-22T12:00:00.866Z,Global,Global,17fb4855-5e12-4261-b216-b3f67dc16eb3,SAMMSGLOBAL
202608221157576188,202608221137270315,202608221137270305,43,170,SAMMSGLOBAL Bronze,br_ClaimStatus,TASK_COMPLETE,SUCCESS,INFO,392,392,0,,2026-08-22T11:37:32.306Z,2026-08-22T12:00:00.866Z,1348,2026-08-22T12:00:00.866Z,Global,Global,17fb4855-5e12-4261-b216-b3f67dc16eb3,SAMMSGLOBAL
202608210936537307,202608210910201209,202608210910201208,44,182,SAMMSGLOBAL Silver,sl_GlobalPayor,TASK_COMPLETE,SUCCESS,INFO,909,909,0,,2026-08-21T09:10:14.296Z,2026-08-21T09:37:01.680Z,1607,2026-08-21T09:37:01.680Z,Global,Global,859bd6e7-8433-41b7-8f16-164cdd55063d,SAMMSGLOBAL
202608181407308796,202608181342262740,202608181342262706,46,9646,P1 Finance Claim Line Item Activity Bronze - B12B,br_samms_claim_line_item_activity,TASK_COMPLETE,SUCCESS,INFO,273483,273483,0,,2026-08-18T13:42:39.071Z,2026-08-18T14:07:36.209Z,1497,2026-08-18T14:07:36.209Z,B12B,ColoradoSprings,2b16abcf-416f-4fd8-80a9-0aa52ca66e5c,
202608181407308798,202608181342262741,202608181342262706,46,9647,P1 Finance Claim Line Item Activity Bronze - B24,br_samms_claim_line_item_activity,TASK_COMPLETE,SUCCESS,INFO,194813,194813,0,,2026-08-18T13:42:39.071Z,2026-08-18T14:07:36.209Z,1497,2026-08-18T14:07:36.209Z,B24,Paintsville,2b16abcf-416f-4fd8-80a9-0aa52ca66e5c,
202608181407308799,202608181342262742,202608181342262706,46,9648,P1 Finance Claim Line Item Activity Bronze - B25,br_samms_claim_line_item_activity,TASK_COMPLETE,SUCCESS,INFO,155920,155920,0,,2026-08-18T13:42:39.071Z,2026-08-18T14:07:36.209Z,1497,2026-08-18T14:07:36.209Z,B25,Pikeville,2b16abcf-416f-4fd8-80a9-0aa52ca66e5c,
202608181407308800,202608181342262743,202608181342262706,46,9763,P1 Finance Claims Bronze - AHK,br_samms_claims,TASK_COMPLETE,SUCCESS,INFO,11492,11492,0,,2026-08-18T13:42:39.071Z,2026-08-18T14:07:36.209Z,1497,2026-08-18T14:07:36.209Z,AHK,Ahoskie,2b16abcf-416f-4fd8-80a9-0aa52ca66e5c,
202608181407308801,202608181342262744,202608181342262706,46,9764,P1 Finance Claims Bronze - B12B,br_samms_claims,TASK_COMPLETE,SUCCESS,INFO,57634,57634,0,,2026-08-18T13:42:39.071Z,2026-08-18T14:07:36.209Z,1497,2026-08-18T14:07:36.209Z,B12B,ColoradoSprings,2b16abcf-416f-4fd8-80a9-0aa52ca66e5c,
202608181407308802,202608181342262745,202608181342262706,46,9765,P1 Finance Claims Bronze - B24,br_samms_claims,TASK_COMPLETE,SUCCESS,INFO,128781,128781,0,,2026-08-18T13:42:39.071Z,2026-08-18T14:07:36.209Z,1497,2026-08-18T14:07:36.209Z,B24,Paintsville,2b16abcf-416f-4fd8-80a9-0aa52ca66e5c,
202608210932540768,202608210910101218,202608210910101208,43,170,SAMMSGLOBAL Bronze,br_ClaimStatus,TASK_COMPLETE,SUCCESS,INFO,392,392,0,,2026-08-21T09:10:14.296Z,2026-08-21T09:32:57.148Z,1363,2026-08-21T09:32:57.148Z,Global,Global,859bd6e7-8433-41b7-8f16-164cdd55063d,SAMMSGLOBAL
202608210932540756,202608210910101209,202608210910101208,43,172,SAMMSGLOBAL Bronze,br_GlobalPayor,TASK_COMPLETE,SUCCESS,INFO,909,909,0,,2026-08-21T09:10:14.296Z,2026-08-21T09:32:57.148Z,1363,2026-08-21T09:32:57.148Z,Global,Global,859bd6e7-8433-41b7-8f16-164cdd55063d,SAMMSGLOBAL
202608181314386989,202608181250209476,202608181250209442,46,9646,P1 Finance Claim Line Item Activity Bronze - B12B,br_samms_claim_line_item_activity,TASK_COMPLETE,SUCCESS,INFO,273483,273483,0,,2026-08-18T12:50:23.823Z,2026-08-18T13:14:41.917Z,1458,2026-08-18T13:14:41.917Z,B12B,ColoradoSprings,03823c35-021d-4cc9-8374-59681a542f1d,
202608181314386990,202608181250209477,202608181250209442,46,9647,P1 Finance Claim Line Item Activity Bronze - B24,br_samms_claim_line_item_activity,TASK_COMPLETE,SUCCESS,INFO,194811,194811,0,,2026-08-18T12:50:23.823Z,2026-08-18T13:14:41.917Z,1458,2026-08-18T13:14:41.917Z,B24,Paintsville,03823c35-021d-4cc9-8374-59681a542f1d,
202608181314386992,202608181250209478,202608181250209442,46,9648,P1 Finance Claim Line Item Activity Bronze - B25,br_samms_claim_line_item_activity,TASK_COMPLETE,SUCCESS,INFO,155843,155843,0,,2026-08-18T12:50:23.823Z,2026-08-18T13:14:41.917Z,1458,2026-08-18T13:14:41.917Z,B25,Pikeville,03823c35-021d-4cc9-8374-59681a542f1d,
202608181314386993,202608181250209479,202608181250209442,46,9763,P1 Finance Claims Bronze - AHK,br_samms_claims,TASK_COMPLETE,SUCCESS,INFO,11492,11492,0,,2026-08-18T12:50:23.823Z,2026-08-18T13:14:41.917Z,1458,2026-08-18T13:14:41.917Z,AHK,Ahoskie,03823c35-021d-4cc9-8374-59681a542f1d,
202608181314386994,202608181250209480,202608181250209442,46,9764,P1 Finance Claims Bronze - B12B,br_samms_claims,TASK_COMPLETE,SUCCESS,INFO,57634,57634,0,,2026-08-18T12:50:23.823Z,2026-08-18T13:14:41.917Z,1458,2026-08-18T13:14:41.917Z,B12B,ColoradoSprings,03823c35-021d-4cc9-8374-59681a542f1d,
202608181314386995,202608181250209481,202608181250209442,46,9765,P1 Finance Claims Bronze - B24,br_samms_claims,TASK_COMPLETE,SUCCESS,INFO,128781,128781,0,,2026-08-18T12:50:23.823Z,2026-08-18T13:14:41.917Z,1458,2026-08-18T13:14:41.917Z,B24,Paintsville,03823c35-021d-4cc9-8374-59681a542f1d,
202608210239317743,202608210227162458,202608210227162448,43,170,SAMMSGLOBAL Bronze,br_ClaimStatus,TASK_COMPLETE,SUCCESS,INFO,392,392,0,,2026-08-21T02:27:19.171Z,2026-08-21T02:39:34.839Z,735,2026-08-21T02:39:34.839Z,Global,Global,37d39418-848b-43a3-aff1-182cc8bb7455,SAMMSGLOBAL
202608121042551936,202608121009360909,202608121009360893,106,7391,Clinical Domain Bronze - SaveUASched - B12B,brz_UASched,TASK_COMPLETE,SUCCESS,INFO,3769,3769,0,,2026-08-12T10:11:56.792Z,2026-08-12T10:43:20.487Z,1884,2026-08-12T10:43:20.487Z,B12B,ColoradoSprings,1325a4eb-aa02-4bc9-9fae-d06e40a0cece,
202608121042551937,202608121009360910,202608121009360893,106,7435,Clinical Domain Bronze - SaveUASched - BOI,brz_UASched,TASK_COMPLETE,SUCCESS,INFO,3810,3810,0,,2026-08-12T10:11:56.792Z,2026-08-12T10:43:20.487Z,1884,2026-08-12T10:43:20.487Z,BOI,Boise,1325a4eb-aa02-4bc9-9fae-d06e40a0cece,
202608121042551938,202608121009360911,202608121009360893,106,7484,Clinical Domain Bronze - SaveUASched - V10,brz_UASched,TASK_COMPLETE,SUCCESS,INFO,3892,3892,0,,2026-08-12T10:11:56.792Z,2026-08-12T10:43:20.487Z,1884,2026-08-12T10:43:20.487Z,V10,Boulder,1325a4eb-aa02-4bc9-9fae-d06e40a0cece,
202608130409166788,202608130315200021,202608130315200005,106,7391,Clinical Domain Bronze - SaveUASched - B12B,brz_UASched,TASK_COMPLETE,SUCCESS,INFO,3771,3771,0,,2026-08-13T03:16:19.557Z,2026-08-13T04:09:23.310Z,3184,2026-08-13T04:09:23.310Z,B12B,ColoradoSprings,11ed6329-841a-4e7a-bfb1-61191c79c28e,
202608130409166789,202608130315200022,202608130315200005,106,7435,Clinical Domain Bronze - SaveUASched - BOI,brz_UASched,TASK_COMPLETE,SUCCESS,INFO,3817,3817,0,,2026-08-13T03:16:19.557Z,2026-08-13T04:09:23.310Z,3184,2026-08-13T04:09:23.310Z,BOI,Boise,11ed6329-841a-4e7a-bfb1-61191c79c28e,
202608130409166790,202608130315200023,202608130315200005,106,7484,Clinical Domain Bronze - SaveUASched - V10,brz_UASched,TASK_COMPLETE,SUCCESS,INFO,3899,3899,0,,2026-08-13T03:16:19.557Z,2026-08-13T04:09:23.310Z,3184,2026-08-13T04:09:23.310Z,V10,Boulder,11ed6329-841a-4e7a-bfb1-61191c79c28e,
202608200307397652,202608200240773827,202608200240773824,47,9052,P1 Finance VW 3P Bill Sub Silver,tbl_vw3pBillSub,TASK_COMPLETE,SUCCESS,INFO,4052,4052,0,,2026-08-20T02:41:23.064Z,2026-08-20T03:07:41.295Z,1578,2026-08-20T03:07:41.295Z,,,05c5c70e-2926-4311-8f49-65b9279948a3,
202608140551555100,202608140519472953,202608140519472937,106,7391,Clinical Domain Bronze - SaveUASched - B12B,brz_UASched,TASK_COMPLETE,SUCCESS,INFO,1948,1948,0,,2026-08-14T05:21:11.366Z,2026-08-14T05:51:58.644Z,1847,2026-08-14T05:51:58.644Z,B12B,ColoradoSprings,367e5368-81b8-4196-9731-5b3efc5e39d9,
202608140551555101,202608140519472954,202608140519472937,106,7435,Clinical Domain Bronze - SaveUASched - BOI,brz_UASched,TASK_COMPLETE,SUCCESS,INFO,1741,1741,0,,2026-08-14T05:21:11.366Z,2026-08-14T05:51:58.644Z,1847,2026-08-14T05:51:58.644Z,BOI,Boise,367e5368-81b8-4196-9731-5b3efc5e39d9,
202608140551555102,202608140519472955,202608140519472937,106,7484,Clinical Domain Bronze - SaveUASched - V10,brz_UASched,TASK_COMPLETE,SUCCESS,INFO,1437,1437,0,,2026-08-14T05:21:11.366Z,2026-08-14T05:51:58.644Z,1847,2026-08-14T05:51:58.644Z,V10,Boulder,367e5368-81b8-4196-9731-5b3efc5e39d9,
202608201034573174,202608201013630450,202608201013630447,47,9052,P1 Finance VW 3P Bill Sub Silver,tbl_vw3pBillSub,TASK_COMPLETE,SUCCESS,INFO,4086,4086,0,,2026-08-20T10:13:57.622Z,2026-08-20T10:39:20.764Z,1523,2026-08-20T10:39:20.764Z,,,069e8d01-766c-4679-b3df-c21f4d7bc3d1,
202608251454402502,202608251428452603,202608251428452600,47,9052,P1 Finance VW 3P Bill Sub Silver,tbl_vw3pBillSub,TASK_COMPLETE,SUCCESS,INFO,1251,1251,0,,2026-08-25T14:28:42.306Z,2026-08-25T14:54:42.345Z,1560,2026-08-25T14:54:42.345Z,,,5e789551-b18e-4745-8526-2b8db3ceeb01,
202608170749224575,202608170720364678,202608170720364599,118,12378,Bronze P1/P2 Assessments,br_NewAdmissionAssessmentASAMDimension5,TASK_COMPLETE,SUCCESS,INFO,0,0,0,,2026-08-17T07:20:41.512Z,2026-08-17T07:49:26.331Z,1725,2026-08-17T07:49:26.331Z,B12B,Colorado Springs,422b71cc-fe6c-4f30-846d-92fb5587d0e9,
202608151434387437,202608151417675713,202608151417675641,118,12194,Bronze P1/P2 Assessments,br_NewAdmissionAssessmentASAMDimension4,TASK_COMPLETE,SUCCESS,INFO,0,0,0,,2026-08-15T14:18:19.683Z,2026-08-15T14:37:39.575Z,1160,2026-08-15T14:37:39.575Z,B12B,Colorado Springs,556076c4-618a-4487-8b31-ba5017a3c197,
202608141935472412,202608141857340835,202608141857340774,31,94061,FormAnswerSignatures Bronze - ET,br_tblFormAnswerSig,TASK_COMPLETE,SUCCESS,INFO,72304,72304,0,,2026-08-14T18:58:05.482Z,2026-08-14T19:35:50.482Z,2265,2026-08-14T19:35:50.482Z,ET,Elizabethtown,015634ea-243f-49e1-a18e-0e1d033651d1,
202608141935472413,202608141857340836,202608141857340774,31,94062,FormAnswerSignatures Bronze - FAY,br_tblFormAnswerSig,TASK_COMPLETE,SUCCESS,INFO,19584,19584,0,,2026-08-14T18:58:05.482Z,2026-08-14T19:35:50.482Z,2265,2026-08-14T19:35:50.482Z,FAY,Fayetteville,015634ea-243f-49e1-a18e-0e1d033651d1,
202608141935472414,202608141857340837,202608141857340774,31,94063,FormAnswerSignatures Bronze - FR,br_tblFormAnswerSig,TASK_COMPLETE,SUCCESS,INFO,61279,61279,0,,2026-08-14T18:58:05.482Z,2026-08-14T19:35:50.482Z,2265,2026-08-14T19:35:50.482Z,FR,Frankfort,015634ea-243f-49e1-a18e-0e1d033651d1,
202608151434387427,202608151417675706,202608151417675641,118,12010,Bronze P1/P2 Assessments,br_NewAdmissionAssessmentASAMDimension2,TASK_COMPLETE,SUCCESS,INFO,0,0,0,,2026-08-15T14:18:19.683Z,2026-08-15T14:37:39.575Z,1160,2026-08-15T14:37:39.575Z,B12B,Colorado Springs,556076c4-618a-4487-8b31-ba5017a3c197,
202608170749224496,202608170720364608,202608170720364599,118,10538,Bronze P1/P2 Assessments,br_NewAdmissionAssessmentASAMDimension6,TASK_COMPLETE,SUCCESS,INFO,0,0,0,,2026-08-17T07:20:41.512Z,2026-08-17T07:49:26.331Z,1725,2026-08-17T07:49:26.331Z,B12B,Colorado Springs,422b71cc-fe6c-4f30-846d-92fb5587d0e9,
202608141935472402,202608141857340826,202608141857340774,31,94052,FormAnswerSignatures Bronze - DA,br_tblFormAnswerSig,TASK_COMPLETE,SUCCESS,INFO,51912,51912,0,,2026-08-14T18:58:05.482Z,2026-08-14T19:35:50.482Z,2265,2026-08-14T19:35:50.482Z,DA,Davenport,015634ea-243f-49e1-a18e-0e1d033651d1,
202608141935472404,202608141857340827,202608141857340774,31,94053,FormAnswerSignatures Bronze - DM,br_tblFormAnswerSig,TASK_COMPLETE,SUCCESS,INFO,42681,42681,0,,2026-08-14T18:58:05.482Z,2026-08-14T19:35:50.482Z,2265,2026-08-14T19:35:50.482Z,DM,DesMoines,015634ea-243f-49e1-a18e-0e1d033651d1,
202608141935472405,202608141857340828,202608141857340774,31,94054,FormAnswerSignatures Bronze - DRD-CO,br_tblFormAnswerSig,TASK_COMPLETE,SUCCESS,INFO,59132,59132,0,,2026-08-14T18:58:05.482Z,2026-08-14T19:35:50.482Z,2265,2026-08-14T19:35:50.482Z,DRD-CO,Columbia,015634ea-243f-49e1-a18e-0e1d033651d1,
202608151434387447,202608151417675720,202608151417675641,118,12378,Bronze P1/P2 Assessments,br_NewAdmissionAssessmentASAMDimension5,TASK_COMPLETE,SUCCESS,INFO,0,0,0,,2026-08-15T14:18:19.683Z,2026-08-15T14:37:39.575Z,1160,2026-08-15T14:37:39.575Z,B12B,Colorado Springs,556076c4-618a-4487-8b31-ba5017a3c197,
202608170749224559,202608170720364664,202608170720364599,118,12010,Bronze P1/P2 Assessments,br_NewAdmissionAssessmentASAMDimension2,TASK_COMPLETE,SUCCESS,INFO,0,0,0,,2026-08-17T07:20:41.512Z,2026-08-17T07:49:26.331Z,1725,2026-08-17T07:49:26.331Z,B12B,Colorado Springs,422b71cc-fe6c-4f30-846d-92fb5587d0e9,
202608170749224567,202608170720364671,202608170720364599,118,12194,Bronze P1/P2 Assessments,br_NewAdmissionAssessmentASAMDimension4,TASK_COMPLETE,SUCCESS,INFO,0,0,0,,2026-08-17T07:20:41.512Z,2026-08-17T07:49:26.331Z,1725,2026-08-17T07:49:26.331Z,B12B,Colorado Springs,422b71cc-fe6c-4f30-846d-92fb5587d0e9,
202608211056317079,202608211056317078,202608211048467468,84,230,Gold Salesforce Events,Events,TASK_COMPLETE,SUCCESS,INFO,0,0,0,,2026-08-21T10:56:35.718Z,2026-08-21T10:56:45.603Z,8,2026-08-21T10:56:45.603Z,,,45603680-296f-4487-82f1-f8045d5f38e1,
202608241654518386,202608241642310598,202608241642310597,26,56,DartsSrv Silver,tbl_dartsrv,TASK_COMPLETE,SUCCESS,INFO,63183,63183,0,,2026-08-24T16:42:25.487Z,2026-08-24T16:54:53.821Z,748,2026-08-24T16:54:53.821Z,,,5cf5e7e6-6128-4873-becd-173291142e4e,
202608201803465815,202608201803465814,202608201756217905,84,230,Gold Salesforce Events,Events,TASK_COMPLETE,SUCCESS,INFO,0,0,0,,2026-08-20T18:03:50.545Z,2026-08-20T18:04:01.534Z,9,2026-08-20T18:04:01.534Z,,,635224f3-f193-4ab0-a06c-8d0fbf5d6c6d,
202608170650554201,202608170608269050,202608170608269015,106,8059,Clinical Domain Bronze - SaveVACA - V10,br_VAComprehensiveAssessment,TASK_COMPLETE,SUCCESS,INFO,3,3,0,,2026-08-17T06:09:37.896Z,2026-08-17T06:50:58.970Z,2481,2026-08-17T06:50:58.970Z,V10,Boulder,83c0f655-df7d-4ce0-a8e7-3e8120951bbc,
202608151434387512,202608151417675690,202608151417675641,118,11523,Bronze P1/P2 Assessments,br_NewPeriodicReassessmentD4,TASK_COMPLETE,SUCCESS,INFO,0,0,0,,2026-08-15T14:18:19.683Z,2026-08-15T14:37:39.575Z,1160,2026-08-15T14:37:39.575Z,CBCO,Coeur dAlene,556076c4-618a-4487-8b31-ba5017a3c197,
202608151434387613,202608151417775648,202608151417775641,119,12566,Silver P1/P2 Assessments,sl_NewPeriodicReassessmentD4,TASK_COMPLETE,SUCCESS,INFO,0,0,0,,2026-08-15T14:18:19.683Z,2026-08-15T14:37:39.575Z,1160,2026-08-15T14:37:39.575Z,,,556076c4-618a-4487-8b31-ba5017a3c197,
202608151434387532,202608151417675704,202608151417675641,118,11891,Bronze P1/P2 Assessments,br_NewPeriodicReassessmentD6,TASK_COMPLETE,SUCCESS,INFO,0,0,0,,2026-08-15T14:18:19.683Z,2026-08-15T14:37:39.575Z,1160,2026-08-15T14:37:39.575Z,CBCO,Coeur dAlene,556076c4-618a-4487-8b31-ba5017a3c197,
202608151434387633,202608151417775650,202608151417775641,119,12568,Silver P1/P2 Assessments,sl_NewPeriodicReassessmentD6,TASK_COMPLETE,SUCCESS,INFO,0,0,0,,2026-08-15T14:18:19.683Z,2026-08-15T14:37:39.575Z,1160,2026-08-15T14:37:39.575Z,,,556076c4-618a-4487-8b31-ba5017a3c197,
202608151434387492,202608151417675676,202608151417675641,118,11155,Bronze P1/P2 Assessments,br_NewPeriodicReassessmentD2,TASK_COMPLETE,SUCCESS,INFO,0,0,0,,2026-08-15T14:18:19.683Z,2026-08-15T14:37:39.575Z,1160,2026-08-15T14:37:39.575Z,CBCO,Coeur dAlene,556076c4-618a-4487-8b31-ba5017a3c197,
202608151434387594,202608151417775646,202608151417775641,119,12564,Silver P1/P2 Assessments,sl_NewPeriodicReassessmentD2,TASK_COMPLETE,SUCCESS,INFO,0,0,0,,2026-08-15T14:18:19.683Z,2026-08-15T14:37:39.575Z,1160,2026-08-15T14:37:39.575Z,,,556076c4-618a-4487-8b31-ba5017a3c197,
202608151434387522,202608151417675697,202608151417675641,118,11707,Bronze P1/P2 Assessments,br_NewPeriodicReassessmentD5,TASK_COMPLETE,SUCCESS,INFO,0,0,0,,2026-08-15T14:18:19.683Z,2026-08-15T14:37:39.575Z,1160,2026-08-15T14:37:39.575Z,CBCO,Coeur dAlene,556076c4-618a-4487-8b31-ba5017a3c197,
202608151434387623,202608151417775649,202608151417775641,119,12567,Silver P1/P2 Assessments,sl_NewPeriodicReassessmentD5,TASK_COMPLETE,SUCCESS,INFO,0,0,0,,2026-08-15T14:18:19.683Z,2026-08-15T14:37:39.575Z,1160,2026-08-15T14:37:39.575Z,,,556076c4-618a-4487-8b31-ba5017a3c197,
202608151434387502,202608151417675683,202608151417675641,118,11339,Bronze P1/P2 Assessments,br_NewPeriodicReassessmentD3,TASK_COMPLETE,SUCCESS,INFO,0,0,0,,2026-08-15T14:18:19.683Z,2026-08-15T14:37:39.575Z,1160,2026-08-15T14:37:39.575Z,CBCO,Coeur dAlene,556076c4-618a-4487-8b31-ba5017a3c197,
202608151434387603,202608151417775647,202608151417775641,119,12565,Silver P1/P2 Assessments,sl_NewPeriodicReassessmentD3,TASK_COMPLETE,SUCCESS,INFO,0,0,0,,2026-08-15T14:18:19.683Z,2026-08-15T14:37:39.575Z,1160,2026-08-15T14:37:39.575Z,,,556076c4-618a-4487-8b31-ba5017a3c197,
202608150828398963,202608150828398962,202608141121345444,84,218,Gold Salesforce Users,Users,TASK_ALREADY_COMPLETED,ALREADY_COMPLETED,INFO,0,0,0,Already succeeded in previous attempt,2026-08-15T08:28:43.958Z,2026-08-15T08:28:43.958Z,0,2026-08-15T08:28:43.958Z,,,749d5262-86ff-40e0-8a86-2235f2d6051c,
202608201553587278,202608201553587278,202608201553439487,83,208,Silver Salesforce Accounts,sl_sf_accounts,TASK_COMPLETE,SUCCESS,INFO,13542,13542,0,,2026-08-20T15:54:03.194Z,2026-08-20T15:54:32.145Z,26,2026-08-20T15:54:32.145Z,,,95538f17-9d82-404e-9e3f-d1777714a921,
202608211041273137,202608211041273137,202608211041144699,83,208,Silver Salesforce Accounts,sl_sf_accounts,TASK_COMPLETE,SUCCESS,INFO,13543,13543,0,,2026-08-21T10:41:32.873Z,2026-08-21T10:42:04.870Z,29,2026-08-21T10:42:04.870Z,,,45603680-296f-4487-82f1-f8045d5f38e1,
202608201748598938,202608201748598937,202608201748445561,83,208,Silver Salesforce Accounts,sl_sf_accounts,TASK_COMPLETE,SUCCESS,INFO,13543,13543,0,,2026-08-20T17:49:05.432Z,2026-08-20T17:49:35.551Z,27,2026-08-20T17:49:35.551Z,,,635224f3-f193-4ab0-a06c-8d0fbf5d6c6d,
202608210210220065,202608210210220065,202608210210099193,83,208,Silver Salesforce Accounts,sl_sf_accounts,TASK_COMPLETE,SUCCESS,INFO,13543,13543,0,,2026-08-21T02:10:27.470Z,2026-08-21T02:10:59.427Z,29,2026-08-21T02:10:59.427Z,,,6e633944-6270-4167-9c27-2b58aaa91b88,
202608170749224493,202608170720364605,202608170720364599,118,10364,Bronze P1/P2 Assessments,br_NewAdmissionAssessment,TASK_COMPLETE,SUCCESS,INFO,185,185,0,,2026-08-17T07:20:41.512Z,2026-08-17T07:49:26.331Z,1725,2026-08-17T07:49:26.331Z,B33,Paducah,422b71cc-fe6c-4f30-846d-92fb5587d0e9,
202608170749224494,202608170720364606,202608170720364599,118,10419,Bronze P1/P2 Assessments,br_NewAdmissionAssessment,TASK_COMPLETE,SUCCESS,INFO,0,0,0,,2026-08-17T07:20:41.512Z,2026-08-17T07:49:26.331Z,1725,2026-08-17T07:49:26.331Z,CBCO,Coeur dAlene,422b71cc-fe6c-4f30-846d-92fb5587d0e9,
202608170510562250,202608170422315764,202608170422315750,107,8568,Clinical Domain Silver - SaveEnrollment,sl_enrollment,TASK_COMPLETE,SUCCESS,INFO,14871,14871,0,,2026-08-17T04:29:17.023Z,2026-08-17T05:11:26.731Z,2529,2026-08-17T05:11:26.731Z,Global,SAMMSGLOBAL,0b53dc13-182d-4036-9b17-0891eca5f916,
202608141506426675,202608141444143635,202608141444143611,46,10000,P1 Finance Diag10 Bronze - B12B,br_samms_tbldiag10,TASK_COMPLETE,SUCCESS,INFO,1440,1440,0,,2026-08-14T14:44:17.762Z,2026-08-14T15:09:27.882Z,1510,2026-08-14T15:09:27.882Z,B12B,ColoradoSprings,1c123384-c339-4954-be1f-3a8d150ebb14,
202608180908433821,202608180834632782,202608180834632768,107,8568,Clinical Domain Silver - SaveEnrollment,sl_enrollment,TASK_COMPLETE,SUCCESS,INFO,14882,14882,0,,2026-08-18T08:37:01.117Z,2026-08-18T09:08:45.854Z,1904,2026-08-18T09:08:45.854Z,Global,SAMMSGLOBAL,08f45940-4fba-4d40-8013-5941939f8b2e,
202608251454402509,202608251428452610,202608251428452600,47,9878,P1 Finance Claims Silver,tbl_Claims,TASK_COMPLETE,SUCCESS,INFO,69558,69558,0,,2026-08-25T14:28:42.306Z,2026-08-25T14:54:42.345Z,1560,2026-08-25T14:54:42.345Z,,,5e789551-b18e-4745-8526-2b8db3ceeb01,
202608171245095672,202608171211698297,202608171211698283,107,8568,Clinical Domain Silver - SaveEnrollment,sl_enrollment,TASK_COMPLETE,SUCCESS,INFO,14879,14879,0,,2026-08-17T12:12:57.246Z,2026-08-17T12:45:12.159Z,1935,2026-08-17T12:45:12.159Z,Global,SAMMSGLOBAL,71c4b27b-8df0-48dd-a1ee-a6ea3a63b852,
202608170655047553,202608170608369029,202608170608369015,107,8568,Clinical Domain Silver - SaveEnrollment,sl_enrollment,TASK_COMPLETE,SUCCESS,INFO,14871,14871,0,,2026-08-17T06:09:37.896Z,2026-08-17T06:55:07.563Z,2730,2026-08-17T06:55:07.563Z,Global,SAMMSGLOBAL,83c0f655-df7d-4ce0-a8e7-3e8120951bbc,
202608151146098643,202608151055524872,202608151055524858,107,8568,Clinical Domain Silver - SaveEnrollment,sl_enrollment,TASK_COMPLETE,SUCCESS,INFO,14871,14871,0,,2026-08-15T10:59:41.813Z,2026-08-15T11:46:12.215Z,2791,2026-08-15T11:46:12.215Z,Global,SAMMSGLOBAL,09bdfa13-0c4c-4ca3-9dd3-abd349cbbab4,
202608261728404534,202608261657310999,202608261657310989,47,9878,P1 Finance Claims Silver,tbl_Claims,TASK_COMPLETE,SUCCESS,INFO,11577,11577,0,,2026-08-26T16:57:24.758Z,2026-08-26T17:29:17.775Z,1913,2026-08-26T17:29:17.775Z,,,7a1b4484-4dc4-4e48-b51b-e78359ce9673,
202608251542248296,202608251517689130,202608251517689120,47,9878,P1 Finance Claims Silver,tbl_Claims,TASK_COMPLETE,SUCCESS,INFO,11577,11577,0,,2026-08-25T15:18:05.141Z,2026-08-25T15:42:26.877Z,1461,2026-08-25T15:42:26.877Z,,,04d587cb-fd28-4f28-a572-c158aa92fa98,
202608171108071340,202608171031498607,202608171031498593,107,8568,Clinical Domain Silver - SaveEnrollment,sl_enrollment,TASK_COMPLETE,SUCCESS,INFO,14876,14876,0,,2026-08-17T10:38:10.305Z,2026-08-17T11:08:10.976Z,1800,2026-08-17T11:08:10.976Z,Global,SAMMSGLOBAL,16b28601-46b7-41d7-bb6b-81142615d65b,
202608151358565629,202608151310507817,202608151310507803,107,8568,Clinical Domain Silver - SaveEnrollment,sl_enrollment,TASK_COMPLETE,SUCCESS,INFO,14871,14871,0,,2026-08-15T13:11:43.813Z,2026-08-15T13:58:58.213Z,2835,2026-08-15T13:58:58.213Z,Global,SAMMSGLOBAL,56214535-005b-4285-976b-e0172bc11b0b,
202608141506426627,202608141444143616,202608141444143611,46,8937,P1 Finance VW 3P Bill Sub Bronze - AHK,br_samms_vw3p_bill_sub,TASK_COMPLETE,SUCCESS,INFO,146,146,0,,2026-08-14T14:44:17.762Z,2026-08-14T15:09:27.882Z,1510,2026-08-14T15:09:27.882Z,AHK,Ahoskie,1c123384-c339-4954-be1f-3a8d150ebb14,
202608140551471260,202608140537410919,202608140537410912,118,10723,Bronze P1/P2 Assessments,br_NewPeriodicReassessment,TASK_COMPLETE,SUCCESS,INFO,321,321,0,,2026-08-14T05:37:54.245Z,2026-08-14T05:51:50.752Z,836,2026-08-14T05:51:50.752Z,B24,Paintsville,49a6a879-8aad-45bb-887e-905eab5ea9bb,
202608140551471261,202608140537410920,202608140537410912,118,10725,Bronze P1/P2 Assessments,br_NewPeriodicReassessment,TASK_COMPLETE,SUCCESS,INFO,1194,1194,0,,2026-08-14T05:37:54.245Z,2026-08-14T05:51:50.752Z,836,2026-08-14T05:51:50.752Z,B26,Hazard,49a6a879-8aad-45bb-887e-905eab5ea9bb,
202608170749224488,202608170720364601,202608170720364599,118,10354,Bronze P1/P2 Assessments,br_NewAdmissionAssessment,TASK_COMPLETE,SUCCESS,INFO,0,0,0,,2026-08-17T07:20:41.512Z,2026-08-17T07:49:26.331Z,1725,2026-08-17T07:49:26.331Z,B12B,Colorado Springs,422b71cc-fe6c-4f30-846d-92fb5587d0e9,
202608221206190836,202608221206190835,20260822120604,105,6814,Gold Active Directory AADUsers,AADUsers,TASK_COMPLETE,SUCCESS,INFO,2089,2023,0,,2026-08-22T12:06:19.083Z,2026-08-22T12:06:46.362Z,27,2026-08-22T12:06:46.362Z,,,5b101a56-28ce-45b2-9c69-c19cf110b723,
202608250952137234,202608250952137234,20260825095202,105,6814,Gold Active Directory AADUsers,AADUsers,TASK_COMPLETE,SUCCESS,INFO,2093,2022,0,,2026-08-25T09:52:19.332Z,2026-08-25T09:52:55.095Z,26,2026-08-25T09:52:55.095Z,,,6d272a94-926b-43c5-9728-935779865922,
202608220917084046,202608220917084045,20260822091654,105,6814,Gold Active Directory AADUsers,AADUsers,TASK_COMPLETE,SUCCESS,INFO,2089,2023,0,,2026-08-22T09:17:08.404Z,2026-08-22T09:17:36.682Z,28,2026-08-22T09:17:36.682Z,,,500ec76f-f267-4cf8-a531-6dc879d5ad80,
202608170828545812,202608170805168046,202608170805168041,97,5980,P1 Forms E&M Form MDM Bronze - B24,br_samms_eandm_form_mdm,TASK_COMPLETE,SUCCESS,INFO,12382,12382,0,,2026-08-17T08:05:23.166Z,2026-08-17T08:28:58.238Z,1415,2026-08-17T08:28:58.238Z,B24,Paintsville,760fb7f7-522d-45ef-ae35-70bd18d17fef,
202608220727206719,202608220727206718,20260822072706,105,6814,Gold Active Directory AADUsers,AADUsers,TASK_COMPLETE,SUCCESS,INFO,2089,2023,0,,2026-08-22T07:27:20.671Z,2026-08-22T07:27:52.651Z,31,2026-08-22T07:27:52.651Z,,,95c2ec9d-55ec-443a-9357-986a8e625f38,
202608261728404536,202608261657311001,202608261657310989,47,10114,P1 Finance Diag10 Silver,tbl_tbldiag10,TASK_COMPLETE,SUCCESS,INFO,231,231,0,,2026-08-26T16:57:24.758Z,2026-08-26T17:29:17.775Z,1913,2026-08-26T17:29:17.775Z,,,7a1b4484-4dc4-4e48-b51b-e78359ce9673,
202608221559329603,202608221555150745,20260822155510,101,13669,Silver QQ_GLTRAN,sl_QQgltran,TASK_COMPLETE,SUCCESS,INFO,14956673,14956673,0,,2026-08-22T15:55:23.122Z,2026-08-22T15:59:37.032Z,244,2026-08-22T15:59:37.032Z,,,86dc8945-04f7-4dc3-82eb-5503b6ff4b72,
202608231019112824,202608231014500060,20260823101441,101,13669,Silver QQ_GLTRAN,sl_QQgltran,TASK_COMPLETE,SUCCESS,INFO,14956673,14956673,0,,2026-08-23T10:15:01.492Z,2026-08-23T10:19:13.527Z,244,2026-08-23T10:19:13.527Z,,,52164e12-ada1-4f55-a8c0-3c5bfe21d968,
202608170749224492,202608170720364604,202608170720364599,118,10359,Bronze P1/P2 Assessments,br_NewAdmissionAssessment,TASK_COMPLETE,SUCCESS,INFO,0,0,0,,2026-08-17T07:20:41.512Z,2026-08-17T07:49:26.331Z,1725,2026-08-17T07:49:26.331Z,B28,West Plains,422b71cc-fe6c-4f30-846d-92fb5587d0e9,
202608230449333790,202608230443423275,20260823044337,101,13669,Silver QQ_GLTRAN,sl_QQgltran,TASK_COMPLETE,SUCCESS,INFO,14956673,14956673,0,,2026-08-23T04:43:50.408Z,2026-08-23T04:49:36.368Z,338,2026-08-23T04:49:36.368Z,,,965977a7-6bfb-44ad-884a-eeae6dd5275c,
202608231055441061,202608231051128311,20260823105104,101,13669,Silver QQ_GLTRAN,sl_QQgltran,TASK_COMPLETE,SUCCESS,INFO,14956673,14956673,0,,2026-08-23T10:51:27.475Z,2026-08-23T10:55:46.153Z,250,2026-08-23T10:55:46.153Z,,,6dfc38f1-3449-40ed-bfc0-14c1721f4a22,
202608170831333960,202608170805268042,202608170805268041,98,5859,P1 Forms Comprehensive Assessment Form Silver,tbl_ComprehensiveAssessmentForm,TASK_COMPLETE,SUCCESS,INFO,1009,1009,0,,2026-08-17T08:05:23.166Z,2026-08-17T08:31:39.578Z,1576,2026-08-17T08:31:39.578Z,,,760fb7f7-522d-45ef-ae35-70bd18d17fef,
202608170749224503,202608170720364614,202608170720364599,118,10721,Bronze P1/P2 Assessments,br_NewPeriodicReassessment,TASK_COMPLETE,SUCCESS,INFO,0,0,0,,2026-08-17T07:20:41.512Z,2026-08-17T07:49:26.331Z,1725,2026-08-17T07:49:26.331Z,AHK,Ahoskie,422b71cc-fe6c-4f30-846d-92fb5587d0e9,
202608151434387465,202608151417675656,202608151417675641,118,10721,Bronze P1/P2 Assessments,br_NewPeriodicReassessment,TASK_COMPLETE,SUCCESS,INFO,0,0,0,,2026-08-15T14:18:19.683Z,2026-08-15T14:37:39.575Z,1160,2026-08-15T14:37:39.575Z,AHK,Ahoskie,556076c4-618a-4487-8b31-ba5017a3c197,
202608210218462578,202608210218462577,202608210217292236,84,218,Gold Salesforce Users,Users,TASK_COMPLETE,SUCCESS,INFO,474,474,0,,2026-08-21T02:18:49.711Z,2026-08-21T02:19:06.152Z,15,2026-08-21T02:19:06.152Z,,,6e633944-6270-4167-9c27-2b58aaa91b88,
202608201757415932,202608201757415932,202608201756217905,84,218,Gold Salesforce Users,Users,TASK_COMPLETE,SUCCESS,INFO,474,474,0,,2026-08-20T17:57:45.617Z,2026-08-20T17:58:01.182Z,14,2026-08-20T17:58:01.182Z,,,635224f3-f193-4ab0-a06c-8d0fbf5d6c6d,
202608211050576772,202608211050576772,202608211048467468,84,220,Gold Salesforce StgContacts,stgContacts,TASK_COMPLETE,SUCCESS,INFO,1527,1527,0,,2026-08-21T10:51:01.826Z,2026-08-21T10:51:18.860Z,15,2026-08-21T10:51:18.860Z,,,45603680-296f-4487-82f1-f8045d5f38e1,
202608170714089115,202608170714089115,20260817071402,81,228,Absolute Gold Inventory,Absolute_Inventory,TASK_DEPENDENCY_BLOCKED,DEPENDENCY_BLOCKED,WARN,0,0,0,Dependency Failed,2026-08-17T07:14:18.337Z,2026-08-17T07:14:18.337Z,0,2026-08-17T07:14:18.337Z,,,8f01a5e1-72f3-458c-9206-4e02ea561505,
202608151434387516,202608151417675692,202608151417675641,118,11642,Bronze P1/P2 Assessments,br_NewPeriodicReassessmentD5,TASK_COMPLETE,SUCCESS,INFO,0,0,0,,2026-08-15T14:18:19.683Z,2026-08-15T14:37:39.575Z,1160,2026-08-15T14:37:39.575Z,B12B,Colorado Springs,556076c4-618a-4487-8b31-ba5017a3c197,
202608170749224535,202608170720364643,202608170720364599,118,11458,Bronze P1/P2 Assessments,br_NewPeriodicReassessmentD4,TASK_COMPLETE,SUCCESS,INFO,0,0,0,,2026-08-17T07:20:41.512Z,2026-08-17T07:49:26.331Z,1725,2026-08-17T07:49:26.331Z,B12B,Colorado Springs,422b71cc-fe6c-4f30-846d-92fb5587d0e9,
202608210219450633,202608210219450632,202608210217292236,84,220,Gold Salesforce StgContacts,stgContacts,TASK_COMPLETE,SUCCESS,INFO,2044,2044,0,,2026-08-21T02:19:48.510Z,2026-08-21T02:20:04.700Z,15,2026-08-21T02:20:04.700Z,,,6e633944-6270-4167-9c27-2b58aaa91b88,
202608151434387487,202608151417675671,202608151417675641,118,11090,Bronze P1/P2 Assessments,br_NewPeriodicReassessmentD2,TASK_COMPLETE,SUCCESS,INFO,0,0,0,,2026-08-15T14:18:19.683Z,2026-08-15T14:37:39.575Z,1160,2026-08-15T14:37:39.575Z,B12B,Colorado Springs,556076c4-618a-4487-8b31-ba5017a3c197,
202608140551471275,202608140537410933,202608140537410912,118,11468,Bronze P1/P2 Assessments,br_newperiodicreassessmentd4,TASK_COMPLETE,SUCCESS,INFO,237,237,0,,2026-08-14T05:37:54.245Z,2026-08-14T05:51:50.752Z,836,2026-08-14T05:51:50.752Z,B33,Paducah,49a6a879-8aad-45bb-887e-905eab5ea9bb,
202608140551471276,202608140537410934,202608140537410912,118,11643,Bronze P1/P2 Assessments,br_newperiodicreassessmentd5,TASK_COMPLETE,SUCCESS,INFO,321,321,0,,2026-08-14T05:37:54.245Z,2026-08-14T05:51:50.752Z,836,2026-08-14T05:51:50.752Z,B24,Paintsville,49a6a879-8aad-45bb-887e-905eab5ea9bb,
202608170749224527,202608170720364636,202608170720364599,118,11274,Bronze P1/P2 Assessments,br_NewPeriodicReassessmentD3,TASK_COMPLETE,SUCCESS,INFO,0,0,0,,2026-08-17T07:20:41.512Z,2026-08-17T07:49:26.331Z,1725,2026-08-17T07:49:26.331Z,B12B,Colorado Springs,422b71cc-fe6c-4f30-846d-92fb5587d0e9,
202608201758372271,202608201758372271,202608201756217905,84,220,Gold Salesforce StgContacts,stgContacts,TASK_COMPLETE,SUCCESS,INFO,1920,1920,0,,2026-08-20T17:58:41.070Z,2026-08-20T17:58:59.274Z,16,2026-08-20T17:58:59.274Z,,,635224f3-f193-4ab0-a06c-8d0fbf5d6c6d,
202608151434387497,202608151417675678,202608151417675641,118,11274,Bronze P1/P2 Assessments,br_NewPeriodicReassessmentD3,TASK_COMPLETE,SUCCESS,INFO,0,0,0,,2026-08-15T14:18:19.683Z,2026-08-15T14:37:39.575Z,1160,2026-08-15T14:37:39.575Z,B12B,Colorado Springs,556076c4-618a-4487-8b31-ba5017a3c197,
202608170749224520,202608170720364629,202608170720364599,118,11090,Bronze P1/P2 Assessments,br_NewPeriodicReassessmentD2,TASK_COMPLETE,SUCCESS,INFO,0,0,0,,2026-08-17T07:20:41.512Z,2026-08-17T07:49:26.331Z,1725,2026-08-17T07:49:26.331Z,B12B,Colorado Springs,422b71cc-fe6c-4f30-846d-92fb5587d0e9,
202608200307397662,202608200240773836,202608200240773824,47,10114,P1 Finance Diag10 Silver,tbl_tbldiag10,TASK_COMPLETE,SUCCESS,INFO,5584,5584,0,,2026-08-20T02:41:23.064Z,2026-08-20T03:07:41.295Z,1578,2026-08-20T03:07:41.295Z,,,05c5c70e-2926-4311-8f49-65b9279948a3,
202608251454402512,202608251428452612,202608251428452600,47,10114,P1 Finance Diag10 Silver,tbl_tbldiag10,TASK_COMPLETE,SUCCESS,INFO,1680,1680,0,,2026-08-25T14:28:42.306Z,2026-08-25T14:54:42.345Z,1560,2026-08-25T14:54:42.345Z,,,5e789551-b18e-4745-8526-2b8db3ceeb01,
202608141118391751,202608141118391750,202608141112591965,83,215,Silver Salesforce Outreach Events,sl_sf_events,TASK_COMPLETE,SUCCESS,INFO,0,0,0,No records returned,2026-08-14T11:18:46.112Z,2026-08-14T11:19:00.957Z,13,2026-08-14T11:19:00.957Z,,,65af9a38-d304-499c-abe3-51037aa67f0b,
202608150741408250,202608150741408250,202608150736329386,83,215,Silver Salesforce Outreach Events,sl_sf_events,TASK_COMPLETE,SUCCESS,INFO,0,0,0,No records returned,2026-08-15T07:41:45.356Z,2026-08-15T07:41:58.751Z,11,2026-08-15T07:41:58.751Z,,,7aeef17f-6a83-4892-911d-f2c8473c9ddd,
202608150644184274,202608150644184274,202608150639059642,83,215,Silver Salesforce Outreach Events,sl_sf_events,TASK_COMPLETE,SUCCESS,INFO,0,0,0,No records returned,2026-08-15T06:44:22.572Z,2026-08-15T06:44:35.504Z,11,2026-08-15T06:44:35.504Z,,,4b120bb3-f1e6-442e-8114-0fadc28f6b49,
202608171023429190,202608171023429189,202608171018106132,83,215,Silver Salesforce Outreach Events,sl_sf_events,TASK_COMPLETE,SUCCESS,INFO,0,0,0,No records returned,2026-08-17T10:23:47.679Z,2026-08-17T10:24:02.470Z,13,2026-08-17T10:24:02.470Z,,,7037e752-f6e1-4d8a-bc47-4e70a4e83a16,
202608280641119892,202608280641119892,20260828063947,4,30,8x8 Users API,br_8x8_Users,TASK_COMPLETE,SUCCESS,INFO,5705,5705,0,,2026-08-28T06:41:11.989Z,2026-08-28T06:43:24.574Z,130,2026-08-28T06:43:24.574Z,,,6f91deae-0832-4a56-ab71-80188798e1a1,
202608170008441002,202608162346418942,202608162346418898,85,4279,Bronze INV,br_ReAssessmentSubstanceUse,TASK_COMPLETE,SUCCESS,INFO,673,673,0,,2026-08-16T23:46:55.971Z,2026-08-17T00:08:47.406Z,1312,2026-08-17T00:08:47.406Z,B12B,Colorado Springs,77f58b99-e250-4627-9f17-559331ecd0ef,
202608170008440998,202608162346418938,202608162346418898,85,3543,Bronze INV,br_ReAssessmentMentalHealth,TASK_COMPLETE,SUCCESS,INFO,662,662,0,,2026-08-16T23:46:55.971Z,2026-08-17T00:08:47.406Z,1312,2026-08-17T00:08:47.406Z,B12B,Colorado Springs,77f58b99-e250-4627-9f17-559331ecd0ef,
202608170008440992,202608162346418932,202608162346418898,85,3727,Bronze INV,br_ReAssessmentOccupational,TASK_COMPLETE,SUCCESS,INFO,663,663,0,,2026-08-16T23:46:55.971Z,2026-08-17T00:08:47.406Z,1312,2026-08-17T00:08:47.406Z,B12B,Colorado Springs,77f58b99-e250-4627-9f17-559331ecd0ef,
202608121926004652,202608121913698508,202608121913698500,76,144497,PPA Bronze,br_SF_PatientPreAdmission,TASK_COMPLETE,SUCCESS,INFO,798,798,0,,2026-08-12T19:14:53.387Z,2026-08-12T19:26:16.410Z,683,2026-08-12T19:26:16.410Z,V8,VCPHCS-VIII-Memphis,08d29c93-5d20-4cf2-aadc-bec1ce1bf79a,
202608141506426646,202608141444143630,202608141444143611,46,9763,P1 Finance Claims Bronze - AHK,br_samms_claims,TASK_COMPLETE,SUCCESS,INFO,11415,11415,0,,2026-08-14T14:44:17.762Z,2026-08-14T15:09:27.882Z,1510,2026-08-14T15:09:27.882Z,AHK,Ahoskie,1c123384-c339-4954-be1f-3a8d150ebb14,
202608221113177607,202608221042113031,202608221042112981,85,2432,Bronze INV,br_LabResult,TASK_COMPLETE,SUCCESS,INFO,6,6,0,,2026-08-22T10:42:14.039Z,2026-08-22T11:16:52.295Z,2078,2026-08-22T11:16:52.295Z,VWBY,Woodbury,28d7acf5-bc26-4be3-b390-775b9af3d980,SAMMS-WoodburyV6
202608221113177709,202608221042213003,202608221042212981,86,8581,Silver INV,sl_LABResult,TASK_COMPLETE,SUCCESS,INFO,61070,61070,0,,2026-08-22T10:42:14.039Z,2026-08-22T11:16:52.295Z,2078,2026-08-22T11:16:52.295Z,,,28d7acf5-bc26-4be3-b390-775b9af3d980,
202608221113177612,202608221042113002,202608221042112981,85,2626,Bronze INV,br_LiquidLog,TASK_COMPLETE,SUCCESS,INFO,281729,281729,0,,2026-08-22T10:42:14.039Z,2026-08-22T11:16:52.295Z,2078,2026-08-22T11:16:52.295Z,B26,Hazard,28d7acf5-bc26-4be3-b390-775b9af3d980,SAMMS-HazardV5
202608261201549634,202608261201549633,20260826120148,80,227,Absolute Silver Inventory,sl_absolute_inventory,TASK_FAILED,FAILED,ERROR,0,0,1,name _is_view_source is not defined,2026-08-26T12:02:00.200Z,2026-08-26T12:02:19.988Z,18,2026-08-26T12:02:19.988Z,,,1b1a6fda-3898-4977-8293-4f6270f8ba38,
202608170008440978,202608162346418919,202608162346418898,85,1334,Bronze INV,br_AdmissionAssessmentDimensionTwo,TASK_COMPLETE,SUCCESS,INFO,100,100,0,,2026-08-16T23:46:55.971Z,2026-08-17T00:08:47.406Z,1312,2026-08-17T00:08:47.406Z,AHK,Ahoskie,77f58b99-e250-4627-9f17-559331ecd0ef,
202608271144111707,202608271144111707,20260827113412,132,13710,BAM QI BAM Gold,QiBAM,TASK_SUCCESS,SUCCESS,INFO,172870,172870,0,,2026-08-27T11:44:11.170Z,2026-08-27T11:44:34.695Z,23,2026-08-27T11:44:34.695Z,,,548cb8af-a2ae-442b-8193-6118f75471ea,
202608270907441385,202608270907441385,20260827043602,132,13710,BAM QI BAM Gold,QiBAM,TASK_SUCCESS,SUCCESS,INFO,172870,172870,0,,2026-08-27T09:07:44.138Z,2026-08-27T09:08:05.505Z,21,2026-08-27T09:08:05.505Z,,,3fa64f84-15aa-45fb-9cca-2f2fe48cfae1,
202608140319548045,202608140319548044,20260814031949,96,5719,Gold Chatmeter Patient Satisfaction Reviews,PatientSatisfaction_Rolling,TASK_COMPLETE,SUCCESS,INFO,9290,9290,0,,2026-08-14T03:20:00.000Z,2026-08-14T03:20:28.175Z,25,2026-08-14T03:20:28.175Z,,,8f130ade-f940-4ab7-88a3-def4adf9c0ce,
202608280649450469,202608280649450469,20260828064831,6,36,Gold 8x8 Users,8x8_Users,TASK_COMPLETE,SUCCESS,INFO,5705,5705,0,,2026-08-28T06:49:45.046Z,2026-08-28T06:50:01.548Z,14,2026-08-28T06:50:01.548Z,,,6f91deae-0832-4a56-ab71-80188798e1a1,
202608170008440963,202608162346418906,202608162346418898,85,2807,Bronze INV,br_OrientationChecklistNew,TASK_COMPLETE,SUCCESS,INFO,5,5,0,,2026-08-16T23:46:55.971Z,2026-08-17T00:08:47.406Z,1312,2026-08-17T00:08:47.406Z,B12B,Colorado Springs,77f58b99-e250-4627-9f17-559331ecd0ef,
202608120919417440,202608120822552529,202608120822552528,107,8555,Clinical Domain Silver - SaveCheckIn,slv_checkin,TASK_COMPLETE,SUCCESS,INFO,2793,2793,0,,2026-08-12T08:25:12.254Z,2026-08-12T09:19:44.466Z,3272,2026-08-12T09:19:44.466Z,Global,SAMMSGLOBAL,577435af-c452-4617-9a3c-7d2b03361707,
202608280448582823,202608280435622012,202608280435622011,115,8619,CDC Silver INV,sl_LiquidLog_CDC,TASK_COMPLETE,SUCCESS,INFO,161,148,0,,2026-08-28T04:36:02.260Z,2026-08-28T04:49:00.600Z,778,2026-08-28T04:49:00.600Z,,,60ff5281-bdb1-466d-9e29-0c58e613d194,
202608260444266256,202608260434346983,202608260434346982,115,8619,CDC Silver INV,sl_LiquidLog_CDC,TASK_COMPLETE,SUCCESS,INFO,191,185,0,,2026-08-26T04:34:28.744Z,2026-08-26T04:44:28.738Z,600,2026-08-26T04:44:28.738Z,,,5187609b-db66-42e3-9436-fcfeae3ae564,
202608270450574266,202608270434570867,202608270434570866,115,8619,CDC Silver INV,sl_LiquidLog_CDC,TASK_COMPLETE,SUCCESS,INFO,400,400,0,,2026-08-27T04:34:51.617Z,2026-08-27T04:51:00.722Z,969,2026-08-27T04:51:00.722Z,,,2e7c859c-0cb2-4a04-88a8-b5f0cad3f58f,
202608170650554210,202608170608269059,202608170608269015,106,8355,Clinical Domain Bronze - SaveEnrollment - BOI,br_Enrollment,TASK_COMPLETE,SUCCESS,INFO,1187,1187,0,,2026-08-17T06:09:37.896Z,2026-08-17T06:50:58.970Z,2481,2026-08-17T06:50:58.970Z,BOI,Boise,83c0f655-df7d-4ce0-a8e7-3e8120951bbc,
202608170008440979,202608162346418920,202608162346418898,85,1335,Bronze INV,br_AdmissionAssessmentDimensionTwo,TASK_COMPLETE,SUCCESS,INFO,780,780,0,,2026-08-16T23:46:55.971Z,2026-08-17T00:08:47.406Z,1312,2026-08-17T00:08:47.406Z,B12B,Colorado Springs,77f58b99-e250-4627-9f17-559331ecd0ef,
202608170008440973,202608162346418915,202608162346418898,85,1518,Bronze INV,br_AdmissionAssessmentSummary,TASK_COMPLETE,SUCCESS,INFO,117,117,0,,2026-08-16T23:46:55.971Z,2026-08-17T00:08:47.406Z,1312,2026-08-17T00:08:47.406Z,AHK,Ahoskie,77f58b99-e250-4627-9f17-559331ecd0ef,
202608131508021674,202608131508021674,20260813150749,4,28,8x8 CallInteractions API,br_8x8_HistoricalCCDetailedInteractions,TASK_COMPLETE,SUCCESS,INFO,1005,1005,0,,2026-08-13T15:08:09.214Z,2026-08-13T15:08:49.536Z,36,2026-08-13T15:08:49.536Z,,,6cba3a07-87e1-4e5a-809c-65a43422107a,
202608131725046789,202608131725046789,20260813172455,4,28,8x8 CallInteractions API,br_8x8_HistoricalCCDetailedInteractions,TASK_COMPLETE,SUCCESS,INFO,1005,1005,0,,2026-08-13T17:25:17.462Z,2026-08-13T17:25:58.289Z,38,2026-08-13T17:25:58.289Z,,,793a1d88-9a51-42e1-b67b-8a9da7bfcd79,
202608131549416453,202608131549416452,20260813154932,4,28,8x8 CallInteractions API,br_8x8_HistoricalCCDetailedInteractions,TASK_COMPLETE,SUCCESS,INFO,1005,1005,0,,2026-08-13T15:49:46.702Z,2026-08-13T15:50:25.494Z,35,2026-08-13T15:50:25.494Z,,,7d21e877-f08c-42e0-946c-607108d10a5e,
202608131650126320,202608131650126320,20260813165003,4,28,8x8 CallInteractions API,br_8x8_HistoricalCCDetailedInteractions,TASK_COMPLETE,SUCCESS,INFO,1005,1005,0,,2026-08-13T16:50:19.258Z,2026-08-13T16:51:02.561Z,41,2026-08-13T16:51:02.561Z,,,793a1d88-9a51-42e1-b67b-8a9da7bfcd79,
202608211045160576,202608211045160575,202608211041144699,83,214,Silver Salesforce Cases,sl_sf_cases,TASK_COMPLETE,SUCCESS,INFO,670,670,0,,2026-08-21T10:45:19.896Z,2026-08-21T10:45:40.217Z,19,2026-08-21T10:45:40.217Z,,,45603680-296f-4487-82f1-f8045d5f38e1,
202608141506426655,202608141444143638,202608141444143611,46,10235,P1 Finance Client Demo 2 Bronze - AHK,br_samms_client_demo2,TASK_COMPLETE,SUCCESS,INFO,301,301,0,,2026-08-14T14:44:17.762Z,2026-08-14T15:09:27.882Z,1510,2026-08-14T15:09:27.882Z,AHK,Ahoskie,1c123384-c339-4954-be1f-3a8d150ebb14,
202608201339519095,202608201339519095,202608201125599805,82,200,Salesforce Accounts,br_sf_accounts,TASK_COMPLETE,SUCCESS,INFO,13542,13542,0,,2026-08-20T13:39:55.882Z,2026-08-20T13:41:24.210Z,85,2026-08-20T13:41:24.210Z,,,79156e84-8509-4e63-a064-b4b0873a2a40,
202608201638184130,202608201638184130,202608201638083197,82,200,Salesforce Accounts,br_sf_accounts,TASK_COMPLETE,SUCCESS,INFO,13542,13542,0,,2026-08-20T16:38:22.579Z,2026-08-20T16:38:54.751Z,29,2026-08-20T16:38:54.751Z,,,4ed56315-bafe-4059-9903-76e756bd89c4,
202608201543105511,202608201543105511,202608201542593057,82,200,Salesforce Accounts,br_sf_accounts,TASK_COMPLETE,SUCCESS,INFO,13542,13542,0,,2026-08-20T15:43:14.809Z,2026-08-20T15:44:13.341Z,56,2026-08-20T15:44:13.341Z,,,95538f17-9d82-404e-9e3f-d1777714a921,
202608141506426651,202608141444143636,202608141444143611,46,10117,P1 Finance Client Demo 1 Bronze - AHK,br_samms_client_demo1,TASK_COMPLETE,SUCCESS,INFO,301,301,0,,2026-08-14T14:44:17.762Z,2026-08-14T15:09:27.882Z,1510,2026-08-14T15:09:27.882Z,AHK,Ahoskie,1c123384-c339-4954-be1f-3a8d150ebb14,
202608210159302478,202608210159302477,202608210159223552,82,200,Salesforce Accounts,br_sf_accounts,TASK_COMPLETE,SUCCESS,INFO,13543,13543,0,,2026-08-21T01:59:35.033Z,2026-08-21T02:00:12.178Z,34,2026-08-21T02:00:12.178Z,,,6e633944-6270-4167-9c27-2b58aaa91b88,
202608211031104712,202608211031104712,202608211031030755,82,200,Salesforce Accounts,br_sf_accounts,TASK_COMPLETE,SUCCESS,INFO,13543,13543,0,,2026-08-21T10:31:15.825Z,2026-08-21T10:31:57.751Z,39,2026-08-21T10:31:57.751Z,,,45603680-296f-4487-82f1-f8045d5f38e1,
202608201737451340,202608201737451340,202608201737362918,82,200,Salesforce Accounts,br_sf_accounts,TASK_COMPLETE,SUCCESS,INFO,13543,13543,0,,2026-08-20T17:37:52.120Z,2026-08-20T17:38:32.163Z,37,2026-08-20T17:38:32.163Z,,,635224f3-f193-4ab0-a06c-8d0fbf5d6c6d,
202608201126066669,202608201126066669,202608201125599805,82,200,Salesforce Accounts,br_sf_accounts,TASK_COMPLETE,SUCCESS,INFO,13542,13542,0,,2026-08-20T11:26:12.019Z,2026-08-20T11:26:45.676Z,31,2026-08-20T11:26:45.676Z,,,79156e84-8509-4e63-a064-b4b0873a2a40,
202608170510562240,202608170422315755,202608170422315750,107,8559,Clinical Domain Silver - SaveUAResults,sl_uaresults,TASK_COMPLETE,SUCCESS,INFO,10220,10220,0,,2026-08-17T04:29:17.023Z,2026-08-17T05:11:26.731Z,2529,2026-08-17T05:11:26.731Z,Global,SAMMSGLOBAL,0b53dc13-182d-4036-9b17-0891eca5f916,
202608151358565619,202608151310507808,202608151310507803,107,8559,Clinical Domain Silver - SaveUAResults,sl_uaresults,TASK_COMPLETE,SUCCESS,INFO,10220,10220,0,,2026-08-15T13:11:43.813Z,2026-08-15T13:58:58.213Z,2835,2026-08-15T13:58:58.213Z,Global,SAMMSGLOBAL,56214535-005b-4285-976b-e0172bc11b0b,
202608170655047543,202608170608369020,202608170608369015,107,8559,Clinical Domain Silver - SaveUAResults,sl_uaresults,TASK_COMPLETE,SUCCESS,INFO,10220,10220,0,,2026-08-17T06:09:37.896Z,2026-08-17T06:55:07.563Z,2730,2026-08-17T06:55:07.563Z,Global,SAMMSGLOBAL,83c0f655-df7d-4ce0-a8e7-3e8120951bbc,
202608151146098633,202608151055524863,202608151055524858,107,8559,Clinical Domain Silver - SaveUAResults,sl_uaresults,TASK_COMPLETE,SUCCESS,INFO,10220,10220,0,,2026-08-15T10:59:41.813Z,2026-08-15T11:46:12.215Z,2791,2026-08-15T11:46:12.215Z,Global,SAMMSGLOBAL,09bdfa13-0c4c-4ca3-9dd3-abd349cbbab4,
202608220933544587,202608220857444380,202608220857444379,124,13635,Assessments Silver - SavePA,sl_PA,TASK_COMPLETE,SUCCESS,INFO,18907,1131,0,,2026-08-22T08:58:22.185Z,2026-08-22T09:33:56.515Z,2134,2026-08-22T09:33:56.515Z,,,39d3782c-f729-4e52-b4aa-f257942a503a,
202608271138124724,202608271138124724,20260827113412,132,13705,Marketing Admits Readmissions Gold,AdmitsPReadmissions,TASK_SUCCESS,SUCCESS,INFO,325842,325842,0,,2026-08-27T11:38:12.472Z,2026-08-27T11:39:46.181Z,93,2026-08-27T11:39:46.181Z,,,548cb8af-a2ae-442b-8193-6118f75471ea,
202608220933544593,202608220857444385,202608220857444379,124,13640,Assessments Silver - SavePADimension4,sl_PADimension4,TASK_COMPLETE,SUCCESS,INFO,17390,1125,0,,2026-08-22T08:58:22.185Z,2026-08-22T09:33:56.515Z,2134,2026-08-22T09:33:56.515Z,,,39d3782c-f729-4e52-b4aa-f257942a503a,
202608220933544590,202608220857444382,202608220857444379,124,13637,Assessments Silver - SavePADimension1,sl_PADimension1,TASK_COMPLETE,SUCCESS,INFO,20254,1131,0,,2026-08-22T08:58:22.185Z,2026-08-22T09:33:56.515Z,2134,2026-08-22T09:33:56.515Z,,,39d3782c-f729-4e52-b4aa-f257942a503a,
202608220933544596,202608220857444387,202608220857444379,124,13642,Assessments Silver - SavePADimension6,sl_PADimension6,TASK_COMPLETE,SUCCESS,INFO,19998,1123,0,,2026-08-22T08:58:22.185Z,2026-08-22T09:33:56.515Z,2134,2026-08-22T09:33:56.515Z,,,39d3782c-f729-4e52-b4aa-f257942a503a,
202608220933544594,202608220857444386,202608220857444379,124,13641,Assessments Silver - SavePADimension5,sl_PADimension5,TASK_COMPLETE,SUCCESS,INFO,20013,1123,0,,2026-08-22T08:58:22.185Z,2026-08-22T09:33:56.515Z,2134,2026-08-22T09:33:56.515Z,,,39d3782c-f729-4e52-b4aa-f257942a503a,
202608220933544592,202608220857444384,202608220857444379,124,13639,Assessments Silver - SavePADimension3,sl_PADimension3,TASK_COMPLETE,SUCCESS,INFO,20058,1125,0,,2026-08-22T08:58:22.185Z,2026-08-22T09:33:56.515Z,2134,2026-08-22T09:33:56.515Z,,,39d3782c-f729-4e52-b4aa-f257942a503a,
202608170650554203,202608170608269052,202608170608269015,106,8125,Clinical Domain Bronze - SaveVACASummary - BOI,br_VAComprehensiveAssessmentSummary,TASK_COMPLETE,SUCCESS,INFO,1725,1725,0,,2026-08-17T06:09:37.896Z,2026-08-17T06:50:58.970Z,2481,2026-08-17T06:50:58.970Z,BOI,Boise,83c0f655-df7d-4ce0-a8e7-3e8120951bbc,
202608270903164095,202608270903164095,20260827043602,132,13705,Marketing Admits Readmissions Gold,AdmitsPReadmissions,TASK_SUCCESS,SUCCESS,INFO,325842,325842,0,,2026-08-27T09:03:16.409Z,2026-08-27T09:04:31.594Z,75,2026-08-27T09:04:31.594Z,,,3fa64f84-15aa-45fb-9cca-2f2fe48cfae1,
202608181314387006,202608181250209491,202608181250209442,46,10117,P1 Finance Client Demo 1 Bronze - AHK,br_samms_client_demo1,TASK_COMPLETE,SUCCESS,INFO,301,301,0,,2026-08-18T12:50:23.823Z,2026-08-18T13:14:41.917Z,1458,2026-08-18T13:14:41.917Z,AHK,Ahoskie,03823c35-021d-4cc9-8374-59681a542f1d,
202608181314387008,202608181250209492,202608181250209442,46,10118,P1 Finance Client Demo 1 Bronze - B12B,br_samms_client_demo1,TASK_COMPLETE,SUCCESS,INFO,1368,1368,0,,2026-08-18T12:50:23.823Z,2026-08-18T13:14:41.917Z,1458,2026-08-18T13:14:41.917Z,B12B,ColoradoSprings,03823c35-021d-4cc9-8374-59681a542f1d,
202608181314387009,202608181250209493,202608181250209442,46,10119,P1 Finance Client Demo 1 Bronze - B24,br_samms_client_demo1,TASK_COMPLETE,SUCCESS,INFO,2917,2917,0,,2026-08-18T12:50:23.823Z,2026-08-18T13:14:41.917Z,1458,2026-08-18T13:14:41.917Z,B24,Paintsville,03823c35-021d-4cc9-8374-59681a542f1d,
202608140748076884,202608140725314666,202608140725314656,119,12569,Silver P1/P2 Assessments,sl_NewAdmissionAssessmentASAMDimension2,TASK_COMPLETE,SUCCESS,INFO,841,841,0,,2026-08-14T07:25:23.942Z,2026-08-14T07:48:10.268Z,1367,2026-08-14T07:48:10.268Z,,,9e759780-91b7-4e4a-882b-cd4350ec70b7,
202608181233341166,202608181205621853,202608181205621842,119,12570,Silver P1/P2 Assessments,sl_NewAdmissionAssessmentASAMDimension4,TASK_COMPLETE,SUCCESS,INFO,853,853,0,,2026-08-18T12:06:00.341Z,2026-08-18T12:33:35.919Z,1655,2026-08-18T12:33:35.919Z,,,201d97b6-7f87-43f7-a098-fb002daf1faf,
202608141106033903,202608141106033902,202608141102115386,82,207,Salesforce Outreach Events,br_sf_events,TASK_COMPLETE,SUCCESS,INFO,0,0,0,No records returned,2026-08-14T11:06:10.171Z,2026-08-14T11:06:22.552Z,10,2026-08-14T11:06:22.552Z,,,65af9a38-d304-499c-abe3-51037aa67f0b,
202608170751444047,202608170720464609,202608170720464599,119,12569,Silver P1/P2 Assessments,sl_NewAdmissionAssessmentASAMDimension2,TASK_COMPLETE,SUCCESS,INFO,844,844,0,,2026-08-17T07:20:41.512Z,2026-08-17T07:51:47.000Z,1866,2026-08-17T07:51:47.000Z,,,422b71cc-fe6c-4f30-846d-92fb5587d0e9,
202608171148188081,202608171119687431,202608171119687420,119,12570,Silver P1/P2 Assessments,sl_NewAdmissionAssessmentASAMDimension4,TASK_COMPLETE,SUCCESS,INFO,848,848,0,,2026-08-17T11:20:06.775Z,2026-08-17T11:48:22.375Z,1696,2026-08-17T11:48:22.375Z,,,50b193b8-c8c8-41b3-8f69-a5e058560d7e,
202608141514042240,202608141439260326,202608141439260325,123,12600,Assessments Bronze - SavePA - AHK,br_PA,TASK_COMPLETE,SUCCESS,INFO,0,0,0,,2026-08-14T14:40:07.233Z,2026-08-14T15:14:33.646Z,2066,2026-08-14T15:14:33.646Z,AHK,Ahoskie,58f20748-15b7-4a11-966c-9510b56c5310,
202608121926004651,202608121913698507,202608121913698500,76,144480,PPA Bronze,br_SF_PatientPreAdmission,TASK_COMPLETE,SUCCESS,INFO,934,934,0,,2026-08-12T19:14:53.387Z,2026-08-12T19:26:16.410Z,683,2026-08-12T19:26:16.410Z,TTCC,GrandBay,08d29c93-5d20-4cf2-aadc-bec1ce1bf79a,
202608130414588471,202608130315300006,202608130315300005,107,8555,Clinical Domain Silver - SaveCheckIn,slv_checkin,TASK_COMPLETE,SUCCESS,INFO,30368,30368,0,,2026-08-13T03:16:19.557Z,2026-08-13T04:15:00.802Z,3521,2026-08-13T04:15:00.802Z,Global,SAMMSGLOBAL,11ed6329-841a-4e7a-bfb1-61191c79c28e,
202608121052561380,202608121009460897,202608121009460893,107,8558,Clinical Domain Silver - SaveCows_v6,slv_cows_v6,TASK_COMPLETE,SUCCESS,INFO,23694,23694,0,,2026-08-12T10:11:56.792Z,2026-08-12T10:53:15.475Z,2479,2026-08-12T10:53:15.475Z,Global,SAMMSGLOBAL,1325a4eb-aa02-4bc9-9fae-d06e40a0cece,
202608120351571420,202608120259357373,202608120259357369,107,8558,Clinical Domain Silver - SaveCows_v6,slv_cows_v6,TASK_COMPLETE,SUCCESS,INFO,23694,23694,0,,2026-08-12T03:00:44.797Z,2026-08-12T03:52:01.885Z,3077,2026-08-12T03:52:01.885Z,Global,SAMMSGLOBAL,72952692-3a45-4fdd-be32-4592206c2867,
202608121052561382,202608121009460899,202608121009460893,107,8560,Clinical Domain Silver - SaveUASched,slv_uasched,TASK_COMPLETE,SUCCESS,INFO,11695,11695,0,,2026-08-12T10:11:56.792Z,2026-08-12T10:53:15.475Z,2479,2026-08-12T10:53:15.475Z,Global,SAMMSGLOBAL,1325a4eb-aa02-4bc9-9fae-d06e40a0cece,
202608181244545724,202608181208108124,202608181208108120,125,13647,Assessments Gold - SavePADimension2,PADimension2,TASK_COMPLETE,SUCCESS,INFO,1339,1339,0,,2026-08-18T12:09:06.544Z,2026-08-18T12:45:07.249Z,2161,2026-08-18T12:45:07.249Z,Global,SAMMSGLOBAL,6a9f8fe6-e2a7-49ab-8570-443c59873958,
202608170008440983,202608162346418924,202608162346418898,85,599,Bronze INV,br_AdmissionAssessmentDimensionFour,TASK_COMPLETE,SUCCESS,INFO,782,782,0,,2026-08-16T23:46:55.971Z,2026-08-17T00:08:47.406Z,1312,2026-08-17T00:08:47.406Z,B12B,Colorado Springs,77f58b99-e250-4627-9f17-559331ecd0ef,
202608170749224505,202608170720364616,202608170720364599,118,10723,Bronze P1/P2 Assessments,br_NewPeriodicReassessment,TASK_COMPLETE,SUCCESS,INFO,321,321,0,,2026-08-17T07:20:41.512Z,2026-08-17T07:49:26.331Z,1725,2026-08-17T07:49:26.331Z,B24,Paintsville,422b71cc-fe6c-4f30-846d-92fb5587d0e9,
202608131442197704,202608131442197704,20260813144202,4,28,8x8 CallInteractions API,br_8x8_HistoricalCCDetailedInteractions,TASK_COMPLETE,SUCCESS,INFO,1005,1005,0,,2026-08-13T14:42:28.719Z,2026-08-13T14:43:04.478Z,32,2026-08-13T14:43:04.478Z,,,1ff2783f-65b1-4543-a347-ca96da33eb80,
202608101703355276,202608101650436552,202608101650436551,25,55007,DartsSrv Bronze - B28,br_tblDartSrv,TASK_COMPLETE,SUCCESS,INFO,48289,48289,0,,2026-08-10T16:50:58.256Z,2026-08-10T17:03:58.937Z,780,2026-08-10T17:03:58.937Z,B28,WestPlaines,65578016-529d-4720-bf98-2c3312e01fed,
202608170008440972,202608162346418914,202608162346418898,85,231,Bronze INV,br_AdmissionAssessment,TASK_COMPLETE,SUCCESS,INFO,16,16,0,,2026-08-16T23:46:55.971Z,2026-08-17T00:08:47.406Z,1312,2026-08-17T00:08:47.406Z,B12B,Colorado Springs,77f58b99-e250-4627-9f17-559331ecd0ef,
202608141506426674,202608141444143634,202608141444143611,46,9999,P1 Finance Diag10 Bronze - AHK,br_samms_tbldiag10,TASK_COMPLETE,SUCCESS,INFO,230,230,0,,2026-08-14T14:44:17.762Z,2026-08-14T15:09:27.882Z,1510,2026-08-14T15:09:27.882Z,AHK,Ahoskie,1c123384-c339-4954-be1f-3a8d150ebb14,
202608171148188073,202608171119687424,202608171119687420,119,12563,Silver P1/P2 Assessments,sl_NewPeriodicReassessmentCounselorReview,TASK_COMPLETE,SUCCESS,INFO,1749,1749,0,,2026-08-17T11:20:06.775Z,2026-08-17T11:48:22.375Z,1696,2026-08-17T11:48:22.375Z,,,50b193b8-c8c8-41b3-8f69-a5e058560d7e,
202608141106263062,202608141106263062,202608141102115386,82,6805,Salesforce Patient Survey Responses,br_sf_patient_survey_responses,TASK_COMPLETE,SUCCESS,INFO,204,204,0,,2026-08-14T11:06:33.933Z,2026-08-14T11:06:53.376Z,17,2026-08-14T11:06:53.376Z,,,65af9a38-d304-499c-abe3-51037aa67f0b,
202608170008440989,202608162346418930,202608162346418898,85,2991,Bronze INV,br_ReAssessment,TASK_COMPLETE,SUCCESS,INFO,0,0,0,,2026-08-16T23:46:55.971Z,2026-08-17T00:08:47.406Z,1312,2026-08-17T00:08:47.406Z,B12B,Colorado Springs,77f58b99-e250-4627-9f17-559331ecd0ef,
202608140554235498,202608140537510922,202608140537510912,119,12569,Silver P1/P2 Assessments,sl_NewAdmissionAssessmentASAMDimension2,TASK_COMPLETE,SUCCESS,INFO,841,841,0,,2026-08-14T05:37:54.245Z,2026-08-14T05:54:25.587Z,991,2026-08-14T05:54:25.587Z,,,49a6a879-8aad-45bb-887e-905eab5ea9bb,
202608140554235499,202608140537510923,202608140537510912,119,12570,Silver P1/P2 Assessments,sl_NewAdmissionAssessmentASAMDimension4,TASK_COMPLETE,SUCCESS,INFO,845,845,0,,2026-08-14T05:37:54.245Z,2026-08-14T05:54:25.587Z,991,2026-08-14T05:54:25.587Z,,,49a6a879-8aad-45bb-887e-905eab5ea9bb,
202608150447028330,202608150447028329,20260815044645,4,28,8x8 CallInteractions API,br_8x8_HistoricalCCDetailedInteractions,TASK_COMPLETE,SUCCESS,INFO,143379,143379,0,,2026-08-15T04:47:02.833Z,2026-08-15T05:04:07.634Z,1010,2026-08-15T05:04:07.634Z,,,6517d2eb-46fa-4d72-8ea4-8ae23e1d30a8,
202608181906562220,202608181856344658,202608181856344656,114,8617,CDC Bronze INV,br_LiquidLog_CDC,TASK_COMPLETE,SUCCESS,INFO,845,845,0,,2026-08-18T18:57:16.304Z,2026-08-18T19:08:15.965Z,659,2026-08-18T19:08:15.965Z,B12B,Colorado Springs,8b420868-3d73-418b-b30b-805fea2baba5,
202608140810098300,202608140810098300,20260814080954,4,28,8x8 CallInteractions API,br_8x8_HistoricalCCDetailedInteractions,TASK_COMPLETE,SUCCESS,INFO,143379,143379,0,,2026-08-14T08:10:09.830Z,2026-08-14T08:28:16.823Z,1069,2026-08-14T08:28:16.823Z,,,36ebac0c-26de-4656-ae31-977cae255ad9,
202608220929265571,202608220857344390,202608220857344379,123,12946,Assessments Bronze - SavePADimension2 - B12B,br_PADimension2,TASK_COMPLETE,SUCCESS,INFO,831,831,0,,2026-08-22T08:58:22.185Z,2026-08-22T09:29:29.627Z,1867,2026-08-22T09:29:29.627Z,B12B,ColoradoSprings,39d3782c-f729-4e52-b4aa-f257942a503a,SAMMS-ColoradoSpringsV5
202608250403056867,202608250343360410,202608250343360390,118,12020,Bronze P1/P2 Assessments,br_NewAdmissionAssessmentASAMDimension2,TASK_COMPLETE,SUCCESS,INFO,175,175,0,,2026-08-25T03:43:39.643Z,2026-08-25T04:03:08.743Z,1169,2026-08-25T04:03:08.743Z,B33,Paducah,8c969a39-95ec-4087-9ad3-4a9580887e34,SAMMS-Paducah
202608250403056868,202608250343360411,202608250343360390,118,12195,Bronze P1/P2 Assessments,br_NewAdmissionAssessmentASAMDimension4,TASK_COMPLETE,SUCCESS,INFO,280,280,0,,2026-08-25T03:43:39.643Z,2026-08-25T04:03:08.743Z,1169,2026-08-25T04:03:08.743Z,B24,Paintsville,8c969a39-95ec-4087-9ad3-4a9580887e34,SAMMS-PaintsvilleV5
202608220929265567,202608220857344386,202608220857344379,123,12830,Assessments Bronze - SavePADimension1 - AHK,br_PADimension1,TASK_COMPLETE,SUCCESS,INFO,67,67,0,,2026-08-22T08:58:22.185Z,2026-08-22T09:29:29.627Z,1867,2026-08-22T09:29:29.627Z,AHK,Ahoskie,39d3782c-f729-4e52-b4aa-f257942a503a,SAMMS-Ahoskie
202608220929265568,202608220857344387,202608220857344379,123,12831,Assessments Bronze - SavePADimension1 - B12B,br_PADimension1,TASK_COMPLETE,SUCCESS,INFO,839,839,0,,2026-08-22T08:58:22.185Z,2026-08-22T09:29:29.627Z,1867,2026-08-22T09:29:29.627Z,B12B,ColoradoSprings,39d3782c-f729-4e52-b4aa-f257942a503a,SAMMS-ColoradoSpringsV5
202608220929265580,202608220857344398,202608220857344379,123,13290,Assessments Bronze - SavePADimension5 - AHK,br_PADimension5,TASK_COMPLETE,SUCCESS,INFO,65,65,0,,2026-08-22T08:58:22.185Z,2026-08-22T09:29:29.627Z,1867,2026-08-22T09:29:29.627Z,AHK,Ahoskie,39d3782c-f729-4e52-b4aa-f257942a503a,SAMMS-Ahoskie
202608220929265581,202608220857344399,202608220857344379,123,13291,Assessments Bronze - SavePADimension5 - B12B,br_PADimension5,TASK_COMPLETE,SUCCESS,INFO,828,828,0,,2026-08-22T08:58:22.185Z,2026-08-22T09:29:29.627Z,1867,2026-08-22T09:29:29.627Z,B12B,ColoradoSprings,39d3782c-f729-4e52-b4aa-f257942a503a,SAMMS-ColoradoSpringsV5
202608220929265584,202608220857344401,202608220857344379,123,13405,Assessments Bronze - SavePADimension6 - AHK,br_PADimension6,TASK_COMPLETE,SUCCESS,INFO,64,64,0,,2026-08-22T08:58:22.185Z,2026-08-22T09:29:29.627Z,1867,2026-08-22T09:29:29.627Z,AHK,Ahoskie,39d3782c-f729-4e52-b4aa-f257942a503a,SAMMS-Ahoskie
202608220929265585,202608220857344402,202608220857344379,123,13406,Assessments Bronze - SavePADimension6 - B12B,br_PADimension6,TASK_COMPLETE,SUCCESS,INFO,828,828,0,,2026-08-22T08:58:22.185Z,2026-08-22T09:29:29.627Z,1867,2026-08-22T09:29:29.627Z,B12B,ColoradoSprings,39d3782c-f729-4e52-b4aa-f257942a503a,SAMMS-ColoradoSpringsV5
202608250403056870,202608250343360413,202608250343360390,118,12379,Bronze P1/P2 Assessments,br_NewAdmissionAssessmentASAMDimension5,TASK_COMPLETE,SUCCESS,INFO,279,279,0,,2026-08-25T03:43:39.643Z,2026-08-25T04:03:08.743Z,1169,2026-08-25T04:03:08.743Z,B24,Paintsville,8c969a39-95ec-4087-9ad3-4a9580887e34,SAMMS-PaintsvilleV5
202608250403056871,202608250343360414,202608250343360390,118,12388,Bronze P1/P2 Assessments,br_NewAdmissionAssessmentASAMDimension5,TASK_COMPLETE,SUCCESS,INFO,176,176,0,,2026-08-25T03:43:39.643Z,2026-08-25T04:03:08.743Z,1169,2026-08-25T04:03:08.743Z,B33,Paducah,8c969a39-95ec-4087-9ad3-4a9580887e34,SAMMS-Paducah
202608220929265566,202608220857344385,202608220857344379,123,12717,Assessments Bronze - SavePACounselorReview - B24,br_PACounselorReview,TASK_COMPLETE,SUCCESS,INFO,445,445,0,,2026-08-22T08:58:22.185Z,2026-08-22T09:29:29.627Z,1867,2026-08-22T09:29:29.627Z,B24,Paintsville,39d3782c-f729-4e52-b4aa-f257942a503a,SAMMS-PaintsvilleV5
202608141506426639,202608141444143626,202608141444143611,46,9527,P1 Finance Claim Line Item Bronze - AHK,br_samms_claim_line_item,TASK_COMPLETE,SUCCESS,INFO,13532,13532,0,,2026-08-14T14:44:17.762Z,2026-08-14T15:09:27.882Z,1510,2026-08-14T15:09:27.882Z,AHK,Ahoskie,1c123384-c339-4954-be1f-3a8d150ebb14,
202608170650554170,202608170608269022,202608170608269015,106,7046,Clinical Domain Bronze - SaveBamScore - B12B,br_BAMScore,TASK_COMPLETE,SUCCESS,INFO,6519,6519,0,,2026-08-17T06:09:37.896Z,2026-08-17T06:50:58.970Z,2481,2026-08-17T06:50:58.970Z,B12B,ColoradoSprings,83c0f655-df7d-4ce0-a8e7-3e8120951bbc,
202608140744357355,202608140725214660,202608140725214656,118,10357,Bronze P1/P2 Assessments,br_NewAdmissionAssessment,TASK_COMPLETE,SUCCESS,INFO,401,401,0,,2026-08-14T07:25:23.942Z,2026-08-14T07:44:38.851Z,1155,2026-08-14T07:44:38.851Z,B26,Hazard,9e759780-91b7-4e4a-882b-cd4350ec70b7,
202608140744357356,202608140725214661,202608140725214656,118,10359,Bronze P1/P2 Assessments,br_NewAdmissionAssessment,TASK_COMPLETE,SUCCESS,INFO,0,0,0,,2026-08-14T07:25:23.942Z,2026-08-14T07:44:38.851Z,1155,2026-08-14T07:44:38.851Z,B28,West Plains,9e759780-91b7-4e4a-882b-cd4350ec70b7,
202608140744357357,202608140725214662,202608140725214656,118,10364,Bronze P1/P2 Assessments,br_NewAdmissionAssessment,TASK_COMPLETE,SUCCESS,INFO,185,185,0,,2026-08-14T07:25:23.942Z,2026-08-14T07:44:38.851Z,1155,2026-08-14T07:44:38.851Z,B33,Paducah,9e759780-91b7-4e4a-882b-cd4350ec70b7,
202608251653065298,202608251629736806,202608251629736804,89,4886,P1 Reference 3P Setup Silver,tbl_3PSETUP,TASK_COMPLETE,SUCCESS,INFO,6,6,0,,2026-08-25T16:30:10.484Z,2026-08-25T16:53:08.464Z,1378,2026-08-25T16:53:08.464Z,,,6d78ce37-8c21-4519-a454-1e5ee4a84a47,
202608181235339757,202608181205721853,202608181205721842,120,12582,Gold P1/P2 Assessments,NewAdmissionAssessmentASAMDimension4,TASK_COMPLETE,SUCCESS,INFO,1269,1269,0,,2026-08-18T12:06:00.341Z,2026-08-18T12:35:39.059Z,1779,2026-08-18T12:35:39.059Z,,,201d97b6-7f87-43f7-a098-fb002daf1faf,
202608181235360210,202608181205721854,202608181205721842,120,12583,Gold P1/P2 Assessments,NewAdmissionAssessmentASAMDimension5,TASK_COMPLETE,SUCCESS,INFO,1262,1262,0,,2026-08-18T12:06:00.341Z,2026-08-18T12:35:39.059Z,1779,2026-08-18T12:35:39.059Z,,,201d97b6-7f87-43f7-a098-fb002daf1faf,
202608170755205076,202608170720564609,202608170720564599,120,12581,Gold P1/P2 Assessments,NewAdmissionAssessmentASAMDimension2,TASK_COMPLETE,SUCCESS,INFO,1256,1256,0,,2026-08-17T07:20:41.512Z,2026-08-17T07:55:26.905Z,2085,2026-08-17T07:55:26.905Z,,,422b71cc-fe6c-4f30-846d-92fb5587d0e9,
202608171150434304,202608171119787430,202608171119787420,120,12581,Gold P1/P2 Assessments,NewAdmissionAssessmentASAMDimension2,TASK_COMPLETE,SUCCESS,INFO,1256,1256,0,,2026-08-17T11:20:06.775Z,2026-08-17T11:50:49.684Z,1843,2026-08-17T11:50:49.684Z,,,50b193b8-c8c8-41b3-8f69-a5e058560d7e,
202608171150474879,202608171119787432,202608171119787420,120,12583,Gold P1/P2 Assessments,NewAdmissionAssessmentASAMDimension5,TASK_COMPLETE,SUCCESS,INFO,1257,1257,0,,2026-08-17T11:20:06.775Z,2026-08-17T11:50:49.684Z,1843,2026-08-17T11:50:49.684Z,,,50b193b8-c8c8-41b3-8f69-a5e058560d7e,
202608141506426745,202608141444243620,202608141444243611,47,9760,P1 Finance Claim Line Item Activity Silver,tbl_ClaimLineItemActivity,TASK_COMPLETE,SUCCESS,INFO,295067,295067,0,,2026-08-14T14:44:17.762Z,2026-08-14T15:09:27.882Z,1510,2026-08-14T15:09:27.882Z,,,1c123384-c339-4954-be1f-3a8d150ebb14,
202608170008440996,202608162346418936,202608162346418898,85,3359,Bronze INV,br_ReAssessmentLegal,TASK_COMPLETE,SUCCESS,INFO,661,661,0,,2026-08-16T23:46:55.971Z,2026-08-17T00:08:47.406Z,1312,2026-08-17T00:08:47.406Z,B12B,Colorado Springs,77f58b99-e250-4627-9f17-559331ecd0ef,
202608181059493582,202608181018508813,202608181018508812,124,13635,Assessments Silver - SavePA,sl_PA,TASK_COMPLETE,SUCCESS,INFO,8093,1349,0,,2026-08-18T10:19:21.940Z,2026-08-18T10:59:51.420Z,2430,2026-08-18T10:59:51.420Z,Global,SAMMSGLOBAL,06767fa9-f980-4e92-a048-4dd43e2dbe98,
202608181242339833,202608181207908121,202608181207908120,124,13635,Assessments Silver - SavePA,sl_PA,TASK_COMPLETE,SUCCESS,INFO,1349,1349,0,,2026-08-18T12:09:06.544Z,2026-08-18T12:42:40.508Z,2014,2026-08-18T12:42:40.508Z,Global,SAMMSGLOBAL,6a9f8fe6-e2a7-49ab-8570-443c59873958,
202608170831333964,202608170805268045,202608170805268041,98,6210,P1 Forms SF Data Forms Silver,tbl_SF_DataForms,TASK_COMPLETE,SUCCESS,INFO,11790,11790,0,,2026-08-17T08:05:23.166Z,2026-08-17T08:31:39.578Z,1576,2026-08-17T08:31:39.578Z,,,760fb7f7-522d-45ef-ae35-70bd18d17fef,
202608140554235493,202608140537510917,202608140537510912,119,12564,Silver P1/P2 Assessments,sl_newperiodicreassessmentd2,TASK_COMPLETE,SUCCESS,INFO,1746,1746,0,,2026-08-14T05:37:54.245Z,2026-08-14T05:54:25.587Z,991,2026-08-14T05:54:25.587Z,,,49a6a879-8aad-45bb-887e-905eab5ea9bb,
202608140554235494,202608140537510918,202608140537510912,119,12565,Silver P1/P2 Assessments,sl_newperiodicreassessmentd3,TASK_COMPLETE,SUCCESS,INFO,1746,1746,0,,2026-08-14T05:37:54.245Z,2026-08-14T05:54:25.587Z,991,2026-08-14T05:54:25.587Z,,,49a6a879-8aad-45bb-887e-905eab5ea9bb,
202608140554235497,202608140537510921,202608140537510912,119,12568,Silver P1/P2 Assessments,sl_newperiodicreassessmentd6,TASK_COMPLETE,SUCCESS,INFO,1746,1746,0,,2026-08-14T05:37:54.245Z,2026-08-14T05:54:25.587Z,991,2026-08-14T05:54:25.587Z,,,49a6a879-8aad-45bb-887e-905eab5ea9bb,
202608170008441003,202608162346418943,202608162346418898,85,4094,Bronze INV,br_ReAssessmentSocial,TASK_COMPLETE,SUCCESS,INFO,35,35,0,,2026-08-16T23:46:55.971Z,2026-08-17T00:08:47.406Z,1312,2026-08-17T00:08:47.406Z,AHK,Ahoskie,77f58b99-e250-4627-9f17-559331ecd0ef,
202608140737060522,202608140737060522,20260814073656,109,8608,Bronze Wells Transactions,br_cashflow_transactions,TASK_COMPLETE,SUCCESS,INFO,509839,509839,0,,2026-08-14T07:37:23.625Z,2026-08-14T07:41:59.939Z,272,2026-08-14T07:41:59.939Z,,,2b76f80f-940a-42f8-ba7f-a8bff776f2f4,
202608140748076874,202608140725314657,202608140725314656,119,12560,Silver P1/P2 Assessments,sl_NewAdmissionAssessment,TASK_COMPLETE,SUCCESS,INFO,869,869,0,,2026-08-14T07:25:23.942Z,2026-08-14T07:48:10.268Z,1367,2026-08-14T07:48:10.268Z,,,9e759780-91b7-4e4a-882b-cd4350ec70b7,
202608150557066700,202608150537502638,202608150537502637,119,12560,Silver P1/P2 Assessments,sl_NewAdmissionAssessment,TASK_COMPLETE,SUCCESS,INFO,872,872,0,,2026-08-15T05:38:25.156Z,2026-08-15T05:57:09.877Z,1124,2026-08-15T05:57:09.877Z,,,92fdec37-a7f1-4589-8ea2-af8b074ddb31,
202608140532121674,202608140532121673,20260814053204,109,8608,Bronze Wells Transactions,br_cashflow_transactions,TASK_COMPLETE,SUCCESS,INFO,509839,509839,0,,2026-08-14T05:33:08.465Z,2026-08-14T05:37:56.633Z,285,2026-08-14T05:37:56.633Z,,,830c78f2-2c91-4be9-977a-e9ff0c1d8636,
202608181233341154,202608181205621843,202608181205621842,119,12560,Silver P1/P2 Assessments,sl_NewAdmissionAssessment,TASK_COMPLETE,SUCCESS,INFO,877,877,0,,2026-08-18T12:06:00.341Z,2026-08-18T12:33:35.919Z,1655,2026-08-18T12:33:35.919Z,,,201d97b6-7f87-43f7-a098-fb002daf1faf,
202608171018559505,202608171018559504,202608171018106132,83,209,Silver Salesforce Record Types,sl_sf_recordtype,TASK_COMPLETE,SUCCESS,INFO,21,21,0,,2026-08-17T10:19:01.956Z,2026-08-17T10:19:37.077Z,33,2026-08-17T10:19:37.077Z,,,7037e752-f6e1-4d8a-bc47-4e70a4e83a16,
202608171150226855,202608171119787421,202608171119787420,120,12572,Gold P1/P2 Assessments,NewAdmissionAssessment,TASK_COMPLETE,SUCCESS,INFO,1308,1308,0,,2026-08-17T11:20:06.775Z,2026-08-17T11:50:49.684Z,1843,2026-08-17T11:50:49.684Z,,,50b193b8-c8c8-41b3-8f69-a5e058560d7e,
202608141114013118,202608141114013118,202608141112591965,83,209,Silver Salesforce Record Types,sl_sf_recordtype,TASK_COMPLETE,SUCCESS,INFO,21,21,0,,2026-08-14T11:14:22.197Z,2026-08-14T11:14:51.170Z,27,2026-08-14T11:14:51.170Z,,,65af9a38-d304-499c-abe3-51037aa67f0b,
202608170818360702,202608170818360701,20260622064541,79,226,Absolute Bronze Inventory,br_absolute_inventory,TASK_COMPLETE,SUCCESS,INFO,1862,1862,0,,2026-08-17T08:18:43.248Z,2026-08-17T08:19:16.025Z,29,2026-08-17T08:19:16.025Z,,,46b84c02-c8f9-471f-bbfe-d9a13c18834a,
202608170442108995,202608170442108995,20260622101851,79,226,Absolute Bronze Inventory,br_absolute_inventory,TASK_COMPLETE,SUCCESS,INFO,1862,1862,0,,2026-08-17T04:42:15.816Z,2026-08-17T04:42:46.873Z,28,2026-08-17T04:42:46.873Z,,,1af9a41e-9125-485a-8041-26d6cee05acd,
202608170422296783,202608170422296783,20260817042219,79,226,Absolute Bronze Inventory,br_absolute_inventory,TASK_COMPLETE,SUCCESS,INFO,1862,1862,0,,2026-08-17T04:22:41.129Z,2026-08-17T04:23:16.454Z,32,2026-08-17T04:23:16.454Z,,,917429b5-ff6b-44a1-95d5-5d35eb42c85f,
202608241010121364,202608241010121363,20260824094126,129,13685,Azure Sql Python Silver - Claim Denial Prediction,sl_ClaimDenialPredictionV1,TASK_COMPLETE,SUCCESS,INFO,53117522,53117522,0,,2026-08-24T10:10:12.136Z,2026-08-24T10:14:42.812Z,270,2026-08-24T10:14:42.812Z,,,6a735722-6e76-450c-a96d-4ce695201a90,
202608270718031687,202608270718031687,20260827071414,131,13692,Enrollment Activity With Readmission Silver,sl_EnrollmentActivityWReadmission,TASK_SUCCESS,SUCCESS,INFO,325940,325940,0,,2026-08-27T07:18:03.168Z,2026-08-27T07:18:39.547Z,36,2026-08-27T07:18:39.547Z,,,67cdece8-9745-4c87-ab73-e4e58104b61d,
202608241132440691,202608241132440690,20260824112758,129,13685,Azure Sql Python Silver - Claim Denial Prediction,sl_ClaimDenialPredictionV1,TASK_COMPLETE,SUCCESS,INFO,53117522,53117522,0,,2026-08-24T11:32:44.069Z,2026-08-24T11:35:33.642Z,169,2026-08-24T11:35:33.642Z,,,1dc7e0e5-7b10-47dd-ac59-24ffb1fd9982,
202608270633459640,202608270633459640,20260827062944,131,13692,Enrollment Activity With Readmission Silver,sl_EnrollmentActivityWReadmission,TASK_SUCCESS,SUCCESS,INFO,325940,325940,0,,2026-08-27T06:33:45.964Z,2026-08-27T06:34:21.805Z,35,2026-08-27T06:34:21.805Z,,,475c3e58-0434-45d9-b3f8-9d768448de53,
202608262120021541,202608262120021541,20260826205225,131,13692,Enrollment Activity With Readmission Silver,sl_EnrollmentActivityWReadmission,TASK_SUCCESS,SUCCESS,INFO,325940,325940,0,,2026-08-26T21:20:02.154Z,2026-08-26T21:20:47.199Z,45,2026-08-26T21:20:47.199Z,,,4b200449-8053-4691-81f7-bd43960e8882,
202608251050121738,202608251050121737,20260825104552,129,13685,Azure Sql Python Silver - Claim Denial Prediction,sl_ClaimDenialPredictionV1,TASK_COMPLETE,SUCCESS,INFO,53117522,53117522,0,,2026-08-25T10:50:12.173Z,2026-08-25T10:53:02.518Z,170,2026-08-25T10:53:02.518Z,,,14acef57-a6d0-4d2d-8699-deeb4ca96c3c,
202608251110259225,202608251110259224,20260825110536,129,13685,Azure Sql Python Silver - Claim Denial Prediction,sl_ClaimDenialPredictionV1,TASK_COMPLETE,SUCCESS,INFO,53117522,53117522,0,,2026-08-25T11:10:25.922Z,2026-08-25T11:13:52.532Z,206,2026-08-25T11:13:52.532Z,,,7a1565c7-58f3-4a52-a993-98b6f3cc1967,
202608250656083281,202608250656083280,20260825065115,129,13685,Azure Sql Python Silver - Claim Denial Prediction,sl_ClaimDenialPredictionV1,TASK_COMPLETE,SUCCESS,INFO,53117522,53117522,0,,2026-08-25T06:56:08.328Z,2026-08-25T07:00:29.655Z,261,2026-08-25T07:00:29.655Z,,,2fa3e356-ae01-4dcd-b224-29975f3f4663,
202608270347279634,202608270347279634,20260827034338,131,13692,Enrollment Activity With Readmission Silver,sl_EnrollmentActivityWReadmission,TASK_SUCCESS,SUCCESS,INFO,325940,325940,0,,2026-08-27T03:47:27.963Z,2026-08-27T03:47:56.886Z,28,2026-08-27T03:47:56.886Z,,,6c0dfbf2-4982-428b-b962-2d1ca5cf9e53,
202608250631027055,202608250631027054,20260825062610,129,13685,Azure Sql Python Silver - Claim Denial Prediction,sl_ClaimDenialPredictionV1,TASK_COMPLETE,SUCCESS,INFO,53117522,53117522,0,,2026-08-25T06:31:02.705Z,2026-08-25T06:34:28.303Z,205,2026-08-25T06:34:28.303Z,,,10463748-23f8-4ae2-b9e2-be0a0e43e58c,
202608271122002440,202608271122002440,20260827111830,131,13692,Enrollment Activity With Readmission Silver,sl_EnrollmentActivityWReadmission,TASK_SUCCESS,SUCCESS,INFO,325940,325940,0,,2026-08-27T11:22:00.244Z,2026-08-27T11:22:35.731Z,35,2026-08-27T11:22:35.731Z,,,548cb8af-a2ae-442b-8193-6118f75471ea,
202608241345462374,202608241345462373,20260824134047,129,13685,Azure Sql Python Silver - Claim Denial Prediction,sl_ClaimDenialPredictionV1,TASK_COMPLETE,SUCCESS,INFO,53117522,53117522,0,,2026-08-24T13:45:46.237Z,2026-08-24T13:49:50.039Z,243,2026-08-24T13:49:50.039Z,,,65ef2c78-6383-4fa0-b292-451fef5594ab,
202608271035444979,202608271035444979,20260827103159,131,13692,Enrollment Activity With Readmission Silver,sl_EnrollmentActivityWReadmission,TASK_SUCCESS,SUCCESS,INFO,325940,325940,0,,2026-08-27T10:35:44.497Z,2026-08-27T10:36:14.234Z,29,2026-08-27T10:36:14.234Z,,,9c98095d-0f6c-4ddc-995a-49dd3d71b166,
202608241438537637,202608241438537636,20260824143401,129,13685,Azure Sql Python Silver - Claim Denial Prediction,sl_ClaimDenialPredictionV1,TASK_COMPLETE,SUCCESS,INFO,53117522,53117522,0,,2026-08-24T14:38:53.763Z,2026-08-24T14:42:01.089Z,187,2026-08-24T14:42:01.089Z,,,31f76fca-6e67-4da9-bdde-70234da73bc2,
202608241128067994,202608241128067993,20260824112758,129,13684,Azure Sql Python Silver - 3P Balances,sl_tbl_Third_Party_AR_inDB_Balances,TASK_COMPLETE,SUCCESS,INFO,1200945,1200945,0,,2026-08-24T11:28:06.799Z,2026-08-24T11:32:28.649Z,261,2026-08-24T11:32:28.649Z,,,1dc7e0e5-7b10-47dd-ac59-24ffb1fd9982,
202608241434107711,202608241434107710,20260824143401,129,13684,Azure Sql Python Silver - 3P Balances,sl_tbl_Third_Party_AR_inDB_Balances,TASK_COMPLETE,SUCCESS,INFO,1200945,1200945,0,,2026-08-24T14:34:10.771Z,2026-08-24T14:38:37.037Z,266,2026-08-24T14:38:37.037Z,,,31f76fca-6e67-4da9-bdde-70234da73bc2,
202608250651250156,202608250651250155,20260825065115,129,13684,Azure Sql Python Silver - 3P Balances,sl_tbl_Third_Party_AR_inDB_Balances,TASK_COMPLETE,SUCCESS,INFO,1200945,1200945,0,,2026-08-25T06:51:25.015Z,2026-08-25T06:55:48.811Z,263,2026-08-25T06:55:48.811Z,,,2fa3e356-ae01-4dcd-b224-29975f3f4663,
202608250626197617,202608250626197616,20260825062610,129,13684,Azure Sql Python Silver - 3P Balances,sl_tbl_Third_Party_AR_inDB_Balances,TASK_COMPLETE,SUCCESS,INFO,1200945,1200945,0,,2026-08-25T06:26:19.761Z,2026-08-25T06:30:41.775Z,262,2026-08-25T06:30:41.775Z,,,10463748-23f8-4ae2-b9e2-be0a0e43e58c,
202608241340564293,202608241340564292,20260824134047,129,13684,Azure Sql Python Silver - 3P Balances,sl_tbl_Third_Party_AR_inDB_Balances,TASK_COMPLETE,SUCCESS,INFO,1200945,1200945,0,,2026-08-24T13:40:56.429Z,2026-08-24T13:45:29.007Z,272,2026-08-24T13:45:29.007Z,,,65ef2c78-6383-4fa0-b292-451fef5594ab,
202608251046013983,202608251046013982,20260825104552,129,13684,Azure Sql Python Silver - 3P Balances,sl_tbl_Third_Party_AR_inDB_Balances,TASK_COMPLETE,SUCCESS,INFO,1200945,1200945,0,,2026-08-25T10:46:01.398Z,2026-08-25T10:49:54.755Z,233,2026-08-25T10:49:54.755Z,,,14acef57-a6d0-4d2d-8699-deeb4ca96c3c,
202608251105462330,202608251105462329,20260825110536,129,13684,Azure Sql Python Silver - 3P Balances,sl_tbl_Third_Party_AR_inDB_Balances,TASK_COMPLETE,SUCCESS,INFO,1200945,1200945,0,,2026-08-25T11:05:46.232Z,2026-08-25T11:10:08.963Z,262,2026-08-25T11:10:08.963Z,,,7a1565c7-58f3-4a52-a993-98b6f3cc1967,
202608180624596701,202608180624596702,20260818062459,121,12584,1nb_offweekcounseling_slv_to_slv,sl_OffWeekCounselingEngagement,TASK_FAILED,FAILED,ERROR,0,0,1,No active EtlConfig found : 1nb_offweekcounseling_slv_to_slv,2026-08-18T06:25:02.918Z,2026-08-18T06:25:02.918Z,0,2026-08-18T06:25:02.918Z,,,638e6c33-c5fd-429c-820b-a2692eae4755,
202608271036228141,202608271036228141,20260827103159,131,13693,Marketing Admits Readmissions Silver,sl_AdmitsPReadmissions,TASK_SUCCESS,SUCCESS,INFO,325842,325842,0,,2026-08-27T10:36:22.814Z,2026-08-27T10:37:44.869Z,82,2026-08-27T10:37:44.869Z,,,9c98095d-0f6c-4ddc-995a-49dd3d71b166,
202608270348043648,202608270348043648,20260827034338,131,13693,Marketing Admits Readmissions Silver,sl_AdmitsPReadmissions,TASK_SUCCESS,SUCCESS,INFO,325861,325861,0,,2026-08-27T03:48:04.364Z,2026-08-27T03:49:25.586Z,81,2026-08-27T03:49:25.586Z,,,6c0dfbf2-4982-428b-b962-2d1ca5cf9e53,
202608270718466246,202608270718466246,20260827071414,131,13693,Marketing Admits Readmissions Silver,sl_AdmitsPReadmissions,TASK_SUCCESS,SUCCESS,INFO,325861,325861,0,,2026-08-27T07:18:46.624Z,2026-08-27T07:20:07.394Z,80,2026-08-27T07:20:07.394Z,,,67cdece8-9745-4c87-ab73-e4e58104b61d,
202608170751444043,202608170720464605,202608170720464599,119,12565,Silver P1/P2 Assessments,sl_NewPeriodicReassessmentD3,TASK_COMPLETE,SUCCESS,INFO,0,0,0,,2026-08-17T07:20:41.512Z,2026-08-17T07:51:47.000Z,1866,2026-08-17T07:51:47.000Z,,,422b71cc-fe6c-4f30-846d-92fb5587d0e9,
202608181233341162,202608181205621850,202608181205621842,119,12567,Silver P1/P2 Assessments,sl_NewPeriodicReassessmentD5,TASK_COMPLETE,SUCCESS,INFO,0,0,0,,2026-08-18T12:06:00.341Z,2026-08-18T12:33:35.919Z,1655,2026-08-18T12:33:35.919Z,,,201d97b6-7f87-43f7-a098-fb002daf1faf,
202608171148188079,202608171119687429,202608171119687420,119,12568,Silver P1/P2 Assessments,sl_NewPeriodicReassessmentD6,TASK_COMPLETE,SUCCESS,INFO,0,0,0,,2026-08-17T11:20:06.775Z,2026-08-17T11:48:22.375Z,1696,2026-08-17T11:48:22.375Z,,,50b193b8-c8c8-41b3-8f69-a5e058560d7e,
202608170751444042,202608170720464604,202608170720464599,119,12564,Silver P1/P2 Assessments,sl_NewPeriodicReassessmentD2,TASK_COMPLETE,SUCCESS,INFO,0,0,0,,2026-08-17T07:20:41.512Z,2026-08-17T07:51:47.000Z,1866,2026-08-17T07:51:47.000Z,,,422b71cc-fe6c-4f30-846d-92fb5587d0e9,
202608170751444045,202608170720464607,202608170720464599,119,12567,Silver P1/P2 Assessments,sl_NewPeriodicReassessmentD5,TASK_COMPLETE,SUCCESS,INFO,0,0,0,,2026-08-17T07:20:41.512Z,2026-08-17T07:51:47.000Z,1866,2026-08-17T07:51:47.000Z,,,422b71cc-fe6c-4f30-846d-92fb5587d0e9,
202608171148188078,202608171119687428,202608171119687420,119,12567,Silver P1/P2 Assessments,sl_NewPeriodicReassessmentD5,TASK_COMPLETE,SUCCESS,INFO,0,0,0,,2026-08-17T11:20:06.775Z,2026-08-17T11:48:22.375Z,1696,2026-08-17T11:48:22.375Z,,,50b193b8-c8c8-41b3-8f69-a5e058560d7e,
202608151646167262,202608151646167261,20260815162904,4,29,8x8 Queue Summary API,br_8x8_HistoricalCCQueueSummary,TASK_COMPLETE,SUCCESS,INFO,20502,20502,0,,2026-08-15T16:46:16.726Z,2026-08-15T17:08:35.242Z,1327,2026-08-15T17:08:35.242Z,,,4bfd62cb-cdb1-43b0-9906-0c9977c047bd,
202608140742095157,202608140742095156,20260814073656,109,8609,Bronze Account Reference,br_cashflow_accountlocationref,TASK_COMPLETE,SUCCESS,INFO,273,273,0,,2026-08-14T07:42:20.265Z,2026-08-14T07:42:40.709Z,18,2026-08-14T07:42:40.709Z,,,2b76f80f-940a-42f8-ba7f-a8bff776f2f4,
202608170500519686,202608170500519685,20260817045629,109,8609,Bronze Account Reference,br_cashflow_accountlocationref,TASK_COMPLETE,SUCCESS,INFO,273,273,0,,2026-08-17T05:00:58.696Z,2026-08-17T05:01:20.246Z,20,2026-08-17T05:01:20.246Z,,,519221b9-f777-4eef-a705-f54d38d423fd,
202608141105208241,202608141105208241,20260814110100,109,8609,Bronze Account Reference,br_cashflow_accountlocationref,TASK_COMPLETE,SUCCESS,INFO,273,273,0,,2026-08-14T11:05:29.734Z,2026-08-14T11:05:51.609Z,20,2026-08-14T11:05:51.609Z,,,316e02be-3a9a-4c93-8ef8-ecca66ba18c5,
202608140554235495,202608140537510919,202608140537510912,119,12566,Silver P1/P2 Assessments,sl_newperiodicreassessmentd4,TASK_COMPLETE,SUCCESS,INFO,1746,1746,0,,2026-08-14T05:37:54.245Z,2026-08-14T05:54:25.587Z,991,2026-08-14T05:54:25.587Z,,,49a6a879-8aad-45bb-887e-905eab5ea9bb,
202608140554235496,202608140537510920,202608140537510912,119,12567,Silver P1/P2 Assessments,sl_newperiodicreassessmentd5,TASK_COMPLETE,SUCCESS,INFO,1745,1745,0,,2026-08-14T05:37:54.245Z,2026-08-14T05:54:25.587Z,991,2026-08-14T05:54:25.587Z,,,49a6a879-8aad-45bb-887e-905eab5ea9bb,
202608140510223417,202608140510223417,20260814051016,80,227,Absolute Silver Inventory,sl_absolute_inventory,TASK_COMPLETE,SUCCESS,INFO,1860,1860,0,,2026-08-14T05:10:26.440Z,2026-08-14T05:10:47.340Z,19,2026-08-14T05:10:47.340Z,,,89bf3a37-8365-4f45-a835-64686a7b8b25,
202608170755081316,202608170720564602,202608170720564599,120,12574,Gold P1/P2 Assessments,NewPeriodicReassessment,TASK_COMPLETE,SUCCESS,INFO,2862,2862,0,,2026-08-17T07:20:41.512Z,2026-08-17T07:55:26.905Z,2085,2026-08-17T07:55:26.905Z,,,422b71cc-fe6c-4f30-846d-92fb5587d0e9,
202608170821050483,202608170821050483,20260817082057,80,227,Absolute Silver Inventory,sl_absolute_inventory,TASK_COMPLETE,SUCCESS,INFO,1862,1862,0,,2026-08-17T08:21:10.405Z,2026-08-17T08:21:34.574Z,22,2026-08-17T08:21:34.574Z,,,46b84c02-c8f9-471f-bbfe-d9a13c18834a,
202608181235158452,202608181205721845,202608181205721842,120,12574,Gold P1/P2 Assessments,NewPeriodicReassessment,TASK_COMPLETE,SUCCESS,INFO,2872,2872,0,,2026-08-18T12:06:00.341Z,2026-08-18T12:35:39.059Z,1779,2026-08-18T12:35:39.059Z,,,201d97b6-7f87-43f7-a098-fb002daf1faf,
202608121133107879,202608121133107879,20260812113213,80,227,Absolute Silver Inventory,sl_absolute_inventory,TASK_COMPLETE,SUCCESS,INFO,1857,1857,0,,2026-08-12T11:34:13.862Z,2026-08-12T11:35:59.073Z,86,2026-08-12T11:35:59.073Z,,,3294ab87-05f1-4b6e-93e9-0049786e91cf,
202608140600340096,202608140600340096,20260814060020,80,227,Absolute Silver Inventory,sl_absolute_inventory,TASK_COMPLETE,SUCCESS,INFO,1860,1860,0,,2026-08-14T06:00:38.541Z,2026-08-14T06:01:08.327Z,25,2026-08-14T06:01:08.327Z,,,52069135-4356-4041-98cb-6a775e5416f1,
202608171150287880,202608171119787423,202608171119787420,120,12574,Gold P1/P2 Assessments,NewPeriodicReassessment,TASK_COMPLETE,SUCCESS,INFO,2862,2862,0,,2026-08-17T11:20:06.775Z,2026-08-17T11:50:49.684Z,1843,2026-08-17T11:50:49.684Z,,,50b193b8-c8c8-41b3-8f69-a5e058560d7e,
202608140302126387,202608140302126387,20260814030207,5,31,Silver 8x8 CallInteractions,sl_8x8_CallInteractions,TASK_COMPLETE,SUCCESS,INFO,876,876,0,,2026-08-14T03:02:16.874Z,2026-08-14T03:02:37.278Z,19,2026-08-14T03:02:37.278Z,,,360959fd-08b4-465c-be75-1bdb70b33137,
202608181235232532,202608181205721848,202608181205721842,120,12577,Gold P1/P2 Assessments,NewPeriodicReassessmentD3,TASK_COMPLETE,SUCCESS,INFO,2845,2845,0,,2026-08-18T12:06:00.341Z,2026-08-18T12:35:39.059Z,1779,2026-08-18T12:35:39.059Z,,,201d97b6-7f87-43f7-a098-fb002daf1faf,
202608181235259109,202608181205721849,202608181205721842,120,12578,Gold P1/P2 Assessments,NewPeriodicReassessmentD4,TASK_COMPLETE,SUCCESS,INFO,2845,2845,0,,2026-08-18T12:06:00.341Z,2026-08-18T12:35:39.059Z,1779,2026-08-18T12:35:39.059Z,,,201d97b6-7f87-43f7-a098-fb002daf1faf,
202608121125364808,202608121125364808,20260812112527,79,226,Absolute Bronze Inventory,br_absolute_inventory,TASK_COMPLETE,SUCCESS,INFO,1857,1857,0,,2026-08-12T11:26:38.456Z,2026-08-12T11:28:35.890Z,89,2026-08-12T11:28:35.890Z,,,3294ab87-05f1-4b6e-93e9-0049786e91cf,
202608181235094528,202608181205721843,202608181205721842,120,12572,Gold P1/P2 Assessments,NewAdmissionAssessment,TASK_COMPLETE,SUCCESS,INFO,1313,1313,0,,2026-08-18T12:06:00.341Z,2026-08-18T12:35:39.059Z,1779,2026-08-18T12:35:39.059Z,,,201d97b6-7f87-43f7-a098-fb002daf1faf,
202608170709552180,202608170709552179,20260622070409,79,226,Absolute Bronze Inventory,br_absolute_inventory,TASK_COMPLETE,SUCCESS,INFO,1862,1862,0,,2026-08-17T07:10:02.150Z,2026-08-17T07:10:36.648Z,31,2026-08-17T07:10:36.648Z,,,8f01a5e1-72f3-458c-9206-4e02ea561505,
202608170507472175,202608170507472174,20260622073819,79,226,Absolute Bronze Inventory,br_absolute_inventory,TASK_COMPLETE,SUCCESS,INFO,1862,1862,0,,2026-08-17T05:07:52.363Z,2026-08-17T05:08:34.097Z,39,2026-08-17T05:08:34.097Z,,,4300b874-eb47-449c-9d38-f629beccfecd,
202608130956575977,202608130956575977,20260813095649,79,226,Absolute Bronze Inventory,br_absolute_inventory,TASK_COMPLETE,SUCCESS,INFO,1857,1857,0,,2026-08-13T09:57:03.642Z,2026-08-13T09:57:33.893Z,28,2026-08-13T09:57:33.893Z,,,494be37e-e82d-4d45-8f02-f9e0849ccd2a,
202608170755040383,202608170720564600,202608170720564599,120,12572,Gold P1/P2 Assessments,NewAdmissionAssessment,TASK_COMPLETE,SUCCESS,INFO,1308,1308,0,,2026-08-17T07:20:41.512Z,2026-08-17T07:55:26.905Z,2085,2026-08-17T07:55:26.905Z,,,422b71cc-fe6c-4f30-846d-92fb5587d0e9,
202608150640216388,202608150640216388,202608150639059642,83,209,Silver Salesforce Record Types,sl_sf_recordtype,TASK_COMPLETE,SUCCESS,INFO,21,21,0,,2026-08-15T06:40:26.436Z,2026-08-15T06:40:48.757Z,20,2026-08-15T06:40:48.757Z,,,4b120bb3-f1e6-442e-8114-0fadc28f6b49,
202608140507511927,202608140507511926,20260814050743,79,226,Absolute Bronze Inventory,br_absolute_inventory,TASK_COMPLETE,SUCCESS,INFO,1860,1860,0,,2026-08-14T05:07:56.832Z,2026-08-14T05:08:32.667Z,33,2026-08-14T05:08:32.667Z,,,89bf3a37-8365-4f45-a835-64686a7b8b25,
202608150820104328,202608150820104327,202608150818522823,83,209,Silver Salesforce Record Types,sl_sf_recordtype,TASK_COMPLETE,SUCCESS,INFO,21,21,0,,2026-08-15T08:20:15.594Z,2026-08-15T08:20:39.537Z,22,2026-08-15T08:20:39.537Z,,,749d5262-86ff-40e0-8a86-2235f2d6051c,
202608170752564503,202608170752564503,20260817075249,6,34,Gold 8x8 CallInteractions,8x8_CallInteractions,TASK_COMPLETE,SUCCESS,INFO,21824,21824,0,,2026-08-17T07:53:01.965Z,2026-08-17T07:53:25.390Z,21,2026-08-17T07:53:25.390Z,,,3ff82efb-5627-4b07-90b6-91557ea1f939,
202608100409259410,202608100409259410,20260810040919,6,34,Gold 8x8 CallInteractions,8x8_CallInteractions,TASK_COMPLETE,SUCCESS,INFO,47025,47025,0,,2026-08-10T04:09:40.859Z,2026-08-10T04:10:19.071Z,36,2026-08-10T04:10:19.071Z,,,0c0b5e48-d053-4755-97ee-27a6c27d227e,
202608170012561242,202608162346518905,202608162346518898,86,5726,Silver INV,sl_AdmissionAssessmentDimensionSix,TASK_COMPLETE,SUCCESS,INFO,881,881,0,,2026-08-16T23:46:55.971Z,2026-08-17T00:12:58.187Z,1563,2026-08-17T00:12:58.187Z,,,77f58b99-e250-4627-9f17-559331ecd0ef,
202608100957044996,202608100934467077,202608100934467074,86,5722,Silver INV,sl_AdmissionAssessmentDimensionTwo,TASK_COMPLETE,SUCCESS,INFO,875,875,0,,2026-08-10T09:34:42.906Z,2026-08-10T09:57:07.278Z,1345,2026-08-10T09:57:07.278Z,,,6ef3fd30-03b0-4dcd-9022-3df447f4d036,
202608100957045001,202608100934467081,202608100934467074,86,5726,Silver INV,sl_AdmissionAssessmentDimensionSix,TASK_COMPLETE,SUCCESS,INFO,876,876,0,,2026-08-10T09:34:42.906Z,2026-08-10T09:57:07.278Z,1345,2026-08-10T09:57:07.278Z,,,6ef3fd30-03b0-4dcd-9022-3df447f4d036,
202608261728404527,202608261657310993,202608261657310989,47,9170,P1 Finance FMP Silver,tbl_Fmp,TASK_COMPLETE,SUCCESS,INFO,3,3,0,,2026-08-26T16:57:24.758Z,2026-08-26T17:29:17.775Z,1913,2026-08-26T17:29:17.775Z,,,7a1b4484-4dc4-4e48-b51b-e78359ce9673,
202608251542248289,202608251517689124,202608251517689120,47,9170,P1 Finance FMP Silver,tbl_Fmp,TASK_COMPLETE,SUCCESS,INFO,3,3,0,,2026-08-25T15:18:05.141Z,2026-08-25T15:42:26.877Z,1461,2026-08-25T15:42:26.877Z,,,04d587cb-fd28-4f28-a572-c158aa92fa98,
202608250256244611,202608250256244610,20260825025308,1,14,UKG Locations API,br_Locations,TASK_COMPLETE,SUCCESS,INFO,182,182,0,,2026-08-25T02:56:29.536Z,2026-08-25T02:56:46.202Z,15,2026-08-25T02:56:46.202Z,,,6ee9c1fc-1bc7-4a37-a063-1dfebdad8409,
202608181412117370,202608181342362717,202608181342362706,47,9996,P1 Finance Payer Client Silver,tbl_PayerClient,TASK_COMPLETE,SUCCESS,INFO,4253,4253,0,,2026-08-18T13:42:39.071Z,2026-08-18T14:12:14.024Z,1775,2026-08-18T14:12:14.024Z,,,2b16abcf-416f-4fd8-80a9-0aa52ca66e5c,
202608170012561237,202608162346518901,202608162346518898,86,5722,Silver INV,sl_AdmissionAssessmentDimensionTwo,TASK_COMPLETE,SUCCESS,INFO,880,880,0,,2026-08-16T23:46:55.971Z,2026-08-17T00:12:58.187Z,1563,2026-08-17T00:12:58.187Z,,,77f58b99-e250-4627-9f17-559331ecd0ef,
202608141130220202,202608141130220202,202608141121345444,84,6809,Gold Salesforce PatientSurveys,PatientSurveys,TASK_COMPLETE,SUCCESS,INFO,204,204,0,,2026-08-14T11:30:48.467Z,2026-08-14T11:31:38.095Z,48,2026-08-14T11:31:38.095Z,,,65af9a38-d304-499c-abe3-51037aa67f0b,
202608171011301815,202608171011301814,202608171005421194,82,6806,Salesforce Outbound Texts,br_sf_outboundtexts,TASK_COMPLETE,SUCCESS,INFO,103,103,0,,2026-08-17T10:11:37.945Z,2026-08-17T10:11:59.538Z,19,2026-08-17T10:11:59.538Z,,,7037e752-f6e1-4d8a-bc47-4e70a4e83a16,
202608170008440960,202608162346418903,202608162346418898,85,2622,Bronze INV,br_LiquidLog,TASK_COMPLETE,SUCCESS,INFO,1573,1573,0,,2026-08-16T23:46:55.971Z,2026-08-17T00:08:47.406Z,1312,2026-08-17T00:08:47.406Z,AHK,Ahoskie,77f58b99-e250-4627-9f17-559331ecd0ef,
202608170008440965,202608162346418907,202608162346418898,85,2254,Bronze INV,br_LabResult,TASK_COMPLETE,SUCCESS,INFO,1693,1693,0,,2026-08-16T23:46:55.971Z,2026-08-17T00:08:47.406Z,1312,2026-08-17T00:08:47.406Z,AHK,Ahoskie,77f58b99-e250-4627-9f17-559331ecd0ef,
202608171034478175,202608171034478175,202608171026319654,84,6809,Gold Salesforce PatientSurveys,PatientSurveys,TASK_COMPLETE,SUCCESS,INFO,208,208,0,,2026-08-17T10:34:53.308Z,2026-08-17T10:35:13.221Z,18,2026-08-17T10:35:13.221Z,,,7037e752-f6e1-4d8a-bc47-4e70a4e83a16,
202608171035244789,202608171035244789,202608171026319654,84,6810,Gold Salesforce StgOutboundSMS,stgOutboundSMS,TASK_COMPLETE,SUCCESS,INFO,103,103,0,,2026-08-17T10:35:30.892Z,2026-08-17T10:35:51.945Z,19,2026-08-17T10:35:51.945Z,,,7037e752-f6e1-4d8a-bc47-4e70a4e83a16,
202608141106597271,202608141106597270,202608141102115386,82,6806,Salesforce Outbound Texts,br_sf_outboundtexts,TASK_COMPLETE,SUCCESS,INFO,153,153,0,,2026-08-14T11:07:05.788Z,2026-08-14T11:07:34.157Z,27,2026-08-14T11:07:34.157Z,,,65af9a38-d304-499c-abe3-51037aa67f0b,
202608100537449737,202608100537449737,20260810053454,2,18,Silver UKG Person Details,PersonDetails,TASK_COMPLETE,SUCCESS,INFO,4419,4419,0,,2026-08-10T05:37:49.570Z,2026-08-10T05:38:22.400Z,30,2026-08-10T05:38:22.400Z,,,3848d083-d62d-4230-a484-06d335ca9baa,
202608120414351900,202608120414351900,20260812041027,2,18,Silver UKG Person Details,PersonDetails,TASK_COMPLETE,SUCCESS,INFO,4424,4424,0,,2026-08-12T04:14:41.037Z,2026-08-12T04:15:11.113Z,26,2026-08-12T04:15:11.113Z,,,5887a7ec-8e8e-4ea8-ac1e-92a68946509a,
202608141021085343,202608141021085342,20260814100213,109,8611,Bronze Text Input,br_cashflow_textinput,TASK_COMPLETE,SUCCESS,INFO,17,17,0,,2026-08-14T10:21:13.672Z,2026-08-14T10:21:41.708Z,20,2026-08-14T10:21:41.708Z,,,0a17833d-2f2d-4705-abc5-4f15042beb2c,
202608110847066116,202608110847066115,20260811084116,1,13,UKG Person Details API,br_PersonDetails,TASK_COMPLETE,SUCCESS,INFO,4422,4422,0,,2026-08-11T08:47:28.168Z,2026-08-11T08:48:12.046Z,26,2026-08-11T08:48:12.046Z,,,0fc9623f-ac58-4aee-8aa3-3afbc5271078,
202608140229217876,202608140229217876,20260814022839,5,32,Silver 8x8 CallVolume,sl_8x8_CallVolume,TASK_COMPLETE,SUCCESS,INFO,5724,5724,0,,2026-08-14T02:29:25.996Z,2026-08-14T02:29:42.089Z,14,2026-08-14T02:29:42.089Z,,,7582fe2a-ab67-4726-aa6a-73a8a3ff4bdb,
202608110858051780,202608110858051779,20260811085336,2,18,Silver UKG Person Details,PersonDetails,TASK_COMPLETE,SUCCESS,INFO,4422,4422,0,,2026-08-11T08:58:14.096Z,2026-08-11T08:58:41.991Z,22,2026-08-11T08:58:41.991Z,,,0fc9623f-ac58-4aee-8aa3-3afbc5271078,
202608100531257245,202608100531257245,20260810052749,1,13,UKG Person Details API,br_PersonDetails,TASK_COMPLETE,SUCCESS,INFO,4419,4419,0,,2026-08-10T05:31:33.285Z,2026-08-10T05:31:54.584Z,19,2026-08-10T05:31:54.584Z,,,3848d083-d62d-4230-a484-06d335ca9baa,
202608141110337232,202608141110337231,20260814110100,109,8611,Bronze Text Input,br_cashflow_textinput,TASK_COMPLETE,SUCCESS,INFO,17,17,0,,2026-08-14T11:10:47.792Z,2026-08-14T11:11:07.502Z,18,2026-08-14T11:11:07.502Z,,,316e02be-3a9a-4c93-8ef8-ecca66ba18c5,
202608170505307616,202608170505307616,20260817045629,109,8611,Bronze Text Input,br_cashflow_textinput,TASK_COMPLETE,SUCCESS,INFO,17,17,0,,2026-08-17T05:05:36.352Z,2026-08-17T05:05:52.938Z,15,2026-08-17T05:05:52.938Z,,,519221b9-f777-4eef-a705-f54d38d423fd,
202608170426172698,202608170426172698,20260817042608,5,31,Silver 8x8 CallInteractions,sl_8x8_CallInteractions,TASK_COMPLETE,SUCCESS,INFO,48135,21824,0,,2026-08-17T04:26:21.716Z,2026-08-17T04:26:54.649Z,31,2026-08-17T04:26:54.649Z,,,05bfb3aa-4a65-44f5-8e9d-867f9caa849a,
202608100405574359,202608100405574358,20260810040549,5,31,Silver 8x8 CallInteractions,sl_8x8_CallInteractions,TASK_COMPLETE,SUCCESS,INFO,47025,47025,0,,2026-08-10T04:06:05.098Z,2026-08-10T04:06:51.817Z,43,2026-08-10T04:06:51.817Z,,,0c0b5e48-d053-4755-97ee-27a6c27d227e,
202608100746537882,202608100746537881,20260810074649,5,31,Silver 8x8 CallInteractions,sl_8x8_CallInteractions,TASK_COMPLETE,SUCCESS,INFO,47025,47025,0,,2026-08-10T07:46:57.471Z,2026-08-10T07:47:25.076Z,26,2026-08-10T07:47:25.076Z,,,16a75514-afc2-4aaf-9331-e34f7fb9f5b5,
202608140228484357,202608140228484356,20260814022839,5,31,Silver 8x8 CallInteractions,sl_8x8_CallInteractions,TASK_COMPLETE,SUCCESS,INFO,41191,41191,0,,2026-08-14T02:28:52.127Z,2026-08-14T02:29:11.503Z,18,2026-08-14T02:29:11.503Z,,,7582fe2a-ab67-4726-aa6a-73a8a3ff4bdb,
202608120919417442,202608120822552530,202608120822552528,107,8556,Clinical Domain Silver - SaveBamForm,slv_bamform,TASK_COMPLETE,SUCCESS,INFO,1137,1137,0,,2026-08-12T08:25:12.254Z,2026-08-12T09:19:44.466Z,3272,2026-08-12T09:19:44.466Z,Global,SAMMSGLOBAL,577435af-c452-4617-9a3c-7d2b03361707,
202608120351571418,202608120259357371,202608120259357369,107,8556,Clinical Domain Silver - SaveBamForm,slv_bamform,TASK_COMPLETE,SUCCESS,INFO,1137,1137,0,,2026-08-12T03:00:44.797Z,2026-08-12T03:52:01.885Z,3077,2026-08-12T03:52:01.885Z,Global,SAMMSGLOBAL,72952692-3a45-4fdd-be32-4592206c2867,
202608120919417446,202608120822552534,202608120822552528,107,8560,Clinical Domain Silver - SaveUASched,slv_uasched,TASK_COMPLETE,SUCCESS,INFO,5566,5566,0,,2026-08-12T08:25:12.254Z,2026-08-12T09:19:44.466Z,3272,2026-08-12T09:19:44.466Z,Global,SAMMSGLOBAL,577435af-c452-4617-9a3c-7d2b03361707,
202608170614178918,202608170551256423,202608170551256420,46,8703,P1 Finance Bills Bronze - B24,br_samms_bills,TASK_COMPLETE,SUCCESS,INFO,8473,8473,0,,2026-08-17T05:51:47.044Z,2026-08-17T06:14:21.786Z,1354,2026-08-17T06:14:21.786Z,B24,Paintsville,09d84bc7-e629-48a4-a32a-826b207e96d1,
202608170614178919,202608170551256424,202608170551256420,46,8704,P1 Finance Bills Bronze - B25,br_samms_bills,TASK_COMPLETE,SUCCESS,INFO,8302,8302,0,,2026-08-17T05:51:47.044Z,2026-08-17T06:14:21.786Z,1354,2026-08-17T06:14:21.786Z,B25,Pikeville,09d84bc7-e629-48a4-a32a-826b207e96d1,
202608120351571416,202608120259357370,202608120259357369,107,8555,Clinical Domain Silver - SaveCheckIn,slv_checkin,TASK_COMPLETE,SUCCESS,INFO,2793,2793,0,,2026-08-12T03:00:44.797Z,2026-08-12T03:52:01.885Z,3077,2026-08-12T03:52:01.885Z,Global,SAMMSGLOBAL,72952692-3a45-4fdd-be32-4592206c2867,
202608120351571422,202608120259357375,202608120259357369,107,8560,Clinical Domain Silver - SaveUASched,slv_uasched,TASK_COMPLETE,SUCCESS,INFO,5566,5566,0,,2026-08-12T03:00:44.797Z,2026-08-12T03:52:01.885Z,3077,2026-08-12T03:52:01.885Z,Global,SAMMSGLOBAL,72952692-3a45-4fdd-be32-4592206c2867,
202608130414588472,202608130315300007,202608130315300005,107,8556,Clinical Domain Silver - SaveBamForm,slv_bamform,TASK_COMPLETE,SUCCESS,INFO,1143,1143,0,,2026-08-13T03:16:19.557Z,2026-08-13T04:15:00.802Z,3521,2026-08-13T04:15:00.802Z,Global,SAMMSGLOBAL,11ed6329-841a-4e7a-bfb1-61191c79c28e,
202608121052561378,202608121009460895,202608121009460893,107,8556,Clinical Domain Silver - SaveBamForm,slv_bamform,TASK_COMPLETE,SUCCESS,INFO,1137,1137,0,,2026-08-12T10:11:56.792Z,2026-08-12T10:53:15.475Z,2479,2026-08-12T10:53:15.475Z,Global,SAMMSGLOBAL,1325a4eb-aa02-4bc9-9fae-d06e40a0cece,
202608170650554168,202608170608269020,202608170608269015,106,6975,Clinical Domain Bronze - SaveBamForm - BOI,br_BAMForm,TASK_COMPLETE,SUCCESS,INFO,307,307,0,,2026-08-17T06:09:37.896Z,2026-08-17T06:50:58.970Z,2481,2026-08-17T06:50:58.970Z,BOI,Boise,83c0f655-df7d-4ce0-a8e7-3e8120951bbc,
202608170650554164,202608170608269017,202608170608269015,106,6860,Clinical Domain Bronze - SaveCheckIn - BOI,br_CheckIn,TASK_COMPLETE,SUCCESS,INFO,502,502,0,,2026-08-17T06:09:37.896Z,2026-08-17T06:50:58.970Z,2481,2026-08-17T06:50:58.970Z,BOI,Boise,83c0f655-df7d-4ce0-a8e7-3e8120951bbc,
202608140602519934,202608140602519934,20260814060243,81,228,Absolute Gold Inventory,Absolute_Inventory,TASK_COMPLETE,SUCCESS,INFO,1860,1860,0,,2026-08-14T06:02:55.789Z,2026-08-14T06:03:22.613Z,25,2026-08-14T06:03:22.613Z,,,52069135-4356-4041-98cb-6a775e5416f1,
202608140512125289,202608140512125288,20260814051206,81,228,Absolute Gold Inventory,Absolute_Inventory,TASK_COMPLETE,SUCCESS,INFO,1860,1860,0,,2026-08-14T05:12:16.870Z,2026-08-14T05:12:38.414Z,19,2026-08-14T05:12:38.414Z,,,89bf3a37-8365-4f45-a835-64686a7b8b25,
202608170532395353,202608170532395353,20260817053232,81,228,Absolute Gold Inventory,Absolute_Inventory,TASK_COMPLETE,SUCCESS,INFO,1860,1860,0,,2026-08-17T05:32:44.491Z,2026-08-17T05:33:12.996Z,26,2026-08-17T05:33:12.996Z,,,7df5bc5f-d487-47dc-af47-8642d74e8059,
202608100957044995,202608100934467076,202608100934467074,86,5721,Silver INV,sl_AdmissionAssessmentDimensionOneDisorder,TASK_COMPLETE,SUCCESS,INFO,904,904,0,,2026-08-10T09:34:42.906Z,2026-08-10T09:57:07.278Z,1345,2026-08-10T09:57:07.278Z,,,6ef3fd30-03b0-4dcd-9022-3df447f4d036,
202608170012561236,202608162346518900,202608162346518898,86,5721,Silver INV,sl_AdmissionAssessmentDimensionOneDisorder,TASK_COMPLETE,SUCCESS,INFO,909,909,0,,2026-08-16T23:46:55.971Z,2026-08-17T00:12:58.187Z,1563,2026-08-17T00:12:58.187Z,,,77f58b99-e250-4627-9f17-559331ecd0ef,
202608101707118678,202608101650536552,202608101650536551,26,56,DartsSrv Silver,tbl_dartsrv,TASK_COMPLETE,SUCCESS,INFO,48289,48289,0,,2026-08-10T16:50:58.256Z,2026-08-10T17:07:15.320Z,977,2026-08-10T17:07:15.320Z,,,65578016-529d-4720-bf98-2c3312e01fed,
202608120853308622,202608120852398042,20260812085222,101,13669,Silver QQ_GLTRAN,sl_QQgltran,TASK_COMPLETE,SUCCESS,INFO,194,194,0,,2026-08-12T08:52:45.783Z,2026-08-12T08:53:33.878Z,39,2026-08-12T08:53:33.878Z,,,1777159c-1729-4d77-aa0c-d0d3b59ccb19,
202608120803371539,202608120802423759,20260812080224,101,13669,Silver QQ_GLTRAN,sl_QQgltran,TASK_COMPLETE,SUCCESS,INFO,194,194,0,,2026-08-12T08:02:50.015Z,2026-08-12T08:03:39.437Z,41,2026-08-12T08:03:39.437Z,,,4a58dbb3-0c75-4e14-913a-c64e6b1076fa,
202608120135097037,202608120134130405,20260812013346,101,13669,Silver QQ_GLTRAN,sl_qqgltran,TASK_COMPLETE,SUCCESS,INFO,18906,0,0,,2026-08-12T01:34:25.884Z,2026-08-12T01:35:35.587Z,36,2026-08-12T01:35:35.587Z,,,6cc434e9-f97e-4251-a21f-0d09ad221fad,
202608120520076473,202608120519181481,20260812051849,101,13669,Silver QQ_GLTRAN,sl_QQgltran,TASK_COMPLETE,SUCCESS,INFO,194,194,0,,2026-08-12T05:19:22.464Z,2026-08-12T05:20:10.436Z,37,2026-08-12T05:20:10.436Z,,,869f1a46-93ef-4f12-a49b-3bbeb426170a,
202608170831333966,202608170805268047,202608170805268041,98,6444,P1 Forms Consent To Marketing Silver,tbl_ConsenttoMarketing,TASK_COMPLETE,SUCCESS,INFO,142,142,0,,2026-08-17T08:05:23.166Z,2026-08-17T08:31:39.578Z,1576,2026-08-17T08:31:39.578Z,,,760fb7f7-522d-45ef-ae35-70bd18d17fef,
202608170008440971,202608162346418913,202608162346418898,85,1703,Bronze INV,br_Appointments,TASK_COMPLETE,SUCCESS,INFO,14591,14591,0,,2026-08-16T23:46:55.971Z,2026-08-17T00:08:47.406Z,1312,2026-08-17T00:08:47.406Z,B12B,Colorado Springs,77f58b99-e250-4627-9f17-559331ecd0ef,
202608141506426725,202608141444243618,202608141444243611,47,9524,P1 Finance 3P Eligibility Silver,tbl_3pElig,TASK_COMPLETE,SUCCESS,INFO,311,0,0,,2026-08-14T14:44:17.762Z,2026-08-14T15:09:27.882Z,1510,2026-08-14T15:09:27.882Z,,,1c123384-c339-4954-be1f-3a8d150ebb14,
202608170520326676,202608170520326676,20260817052008,111,8613,Gold Bank Transactions,BankTransactions,TASK_COMPLETE,SUCCESS,INFO,1359737,1359737,0,,2026-08-17T05:20:38.380Z,2026-08-17T05:22:04.881Z,83,2026-08-17T05:22:04.881Z,,,519221b9-f777-4eef-a705-f54d38d423fd,
202608110848535431,202608110848535431,20260811084116,1,15,UKG Employment Details API,br_EmploymentDetails,TASK_COMPLETE,SUCCESS,INFO,4422,4422,0,,2026-08-11T08:49:03.466Z,2026-08-11T08:49:29.840Z,23,2026-08-11T08:49:29.840Z,,,0fc9623f-ac58-4aee-8aa3-3afbc5271078,
202608100957044998,202608100934467079,202608100934467074,86,5724,Silver INV,sl_AdmissionAssessmentDimensionFour,TASK_COMPLETE,SUCCESS,INFO,875,875,0,,2026-08-10T09:34:42.906Z,2026-08-10T09:57:07.278Z,1345,2026-08-10T09:57:07.278Z,,,6ef3fd30-03b0-4dcd-9022-3df447f4d036,
202608100539022665,202608100539022664,20260810053454,2,20,Silver UKG Employment Details,EmploymentDetails,TASK_COMPLETE,SUCCESS,INFO,4419,4419,0,,2026-08-10T05:39:07.411Z,2026-08-10T05:39:30.867Z,21,2026-08-10T05:39:30.867Z,,,3848d083-d62d-4230-a484-06d335ca9baa,
202608100532274524,202608100532274524,20260810052749,1,15,UKG Employment Details API,br_EmploymentDetails,TASK_COMPLETE,SUCCESS,INFO,4419,4419,0,,2026-08-10T05:32:32.065Z,2026-08-10T05:32:49.306Z,15,2026-08-10T05:32:49.306Z,,,3848d083-d62d-4230-a484-06d335ca9baa,
202608120415552291,202608120415552291,20260812041027,2,20,Silver UKG Employment Details,EmploymentDetails,TASK_COMPLETE,SUCCESS,INFO,4424,4424,0,,2026-08-12T04:15:59.450Z,2026-08-12T04:16:30.474Z,29,2026-08-12T04:16:30.474Z,,,5887a7ec-8e8e-4ea8-ac1e-92a68946509a,
202608120406100356,202608120406100355,20260812040001,1,15,UKG Employment Details API,br_EmploymentDetails,TASK_COMPLETE,SUCCESS,INFO,4424,4424,0,,2026-08-12T04:06:54.864Z,2026-08-12T04:07:45.581Z,48,2026-08-12T04:07:45.581Z,,,5887a7ec-8e8e-4ea8-ac1e-92a68946509a,
202608110900106271,202608110900106270,20260811085336,2,20,Silver UKG Employment Details,EmploymentDetails,TASK_COMPLETE,SUCCESS,INFO,4422,4422,0,,2026-08-11T09:00:20.550Z,2026-08-11T09:01:23.010Z,58,2026-08-11T09:01:23.010Z,,,0fc9623f-ac58-4aee-8aa3-3afbc5271078,
202608140858210088,202608140858210088,20260814085814,6,34,Gold 8x8 CallInteractions,8x8_CallInteractions,TASK_COMPLETE,SUCCESS,INFO,143379,143379,0,,2026-08-14T08:58:25.295Z,2026-08-14T08:58:57.623Z,30,2026-08-14T08:58:57.623Z,,,36ebac0c-26de-4656-ae31-977cae255ad9,
202608131724428243,202608131724428243,20260813172437,6,34,Gold 8x8 CallInteractions,8x8_CallInteractions,TASK_COMPLETE,SUCCESS,INFO,351632,351632,0,,2026-08-13T17:24:47.568Z,2026-08-13T17:25:25.070Z,35,2026-08-13T17:25:25.070Z,,,793a1d88-9a51-42e1-b67b-8a9da7bfcd79,
202608150534480258,202608150534480258,20260815053441,6,34,Gold 8x8 CallInteractions,8x8_CallInteractions,TASK_COMPLETE,SUCCESS,INFO,143379,143379,0,,2026-08-15T05:34:53.328Z,2026-08-15T05:35:27.516Z,32,2026-08-15T05:35:27.516Z,,,6517d2eb-46fa-4d72-8ea4-8ae23e1d30a8,
202608140231555984,202608140231555983,20260814023150,6,34,Gold 8x8 CallInteractions,8x8_CallInteractions,TASK_COMPLETE,SUCCESS,INFO,494425,494425,0,,2026-08-14T02:31:59.800Z,2026-08-14T02:32:40.913Z,39,2026-08-14T02:32:40.913Z,,,7582fe2a-ab67-4726-aa6a-73a8a3ff4bdb,
202608150642174368,202608150642174368,202608150639059642,83,212,Silver Salesforce Leads,sl_sf_leads,TASK_COMPLETE,SUCCESS,INFO,47,47,0,,2026-08-15T06:42:22.325Z,2026-08-15T06:42:48.125Z,24,2026-08-15T06:42:48.125Z,,,4b120bb3-f1e6-442e-8114-0fadc28f6b49,
202608141116307758,202608141116307758,202608141112591965,83,212,Silver Salesforce Leads,sl_sf_leads,TASK_COMPLETE,SUCCESS,INFO,63,63,0,,2026-08-14T11:16:37.427Z,2026-08-14T11:17:05.008Z,26,2026-08-14T11:17:05.008Z,,,65af9a38-d304-499c-abe3-51037aa67f0b,
202608171021278303,202608171021278303,202608171018106132,83,212,Silver Salesforce Leads,sl_sf_leads,TASK_COMPLETE,SUCCESS,INFO,11,11,0,,2026-08-17T10:21:33.865Z,2026-08-17T10:22:02.170Z,26,2026-08-17T10:22:02.170Z,,,7037e752-f6e1-4d8a-bc47-4e70a4e83a16,
202608150739367259,202608150739367258,202608150736329386,83,212,Silver Salesforce Leads,sl_sf_leads,TASK_COMPLETE,SUCCESS,INFO,47,47,0,,2026-08-15T07:39:41.402Z,2026-08-15T07:40:08.625Z,25,2026-08-15T07:40:08.625Z,,,7aeef17f-6a83-4892-911d-f2c8473c9ddd,
202608150822111490,202608150822111490,202608150818522823,83,212,Silver Salesforce Leads,sl_sf_leads,TASK_COMPLETE,SUCCESS,INFO,47,47,0,,2026-08-15T08:22:18.230Z,2026-08-15T08:22:45.715Z,26,2026-08-15T08:22:45.715Z,,,749d5262-86ff-40e0-8a86-2235f2d6051c,
202608170822510556,202608170822510556,20260817082243,81,228,Absolute Gold Inventory,Absolute_Inventory,TASK_COMPLETE,SUCCESS,INFO,1862,1862,0,,2026-08-17T08:22:56.225Z,2026-08-17T08:23:15.464Z,17,2026-08-17T08:23:15.464Z,,,46b84c02-c8f9-471f-bbfe-d9a13c18834a,
202608150740198625,202608150740198625,202608150736329386,83,213,Silver Salesforce Contacts,sl_sf_contacts,TASK_COMPLETE,SUCCESS,INFO,1426,1426,0,,2026-08-15T07:40:24.443Z,2026-08-15T07:40:56.796Z,30,2026-08-15T07:40:56.796Z,,,7aeef17f-6a83-4892-911d-f2c8473c9ddd,
202608171022116596,202608171022116596,202608171018106132,83,213,Silver Salesforce Contacts,sl_sf_contacts,TASK_COMPLETE,SUCCESS,INFO,1065,1065,0,,2026-08-17T10:22:17.893Z,2026-08-17T10:22:50.686Z,31,2026-08-17T10:22:50.686Z,,,7037e752-f6e1-4d8a-bc47-4e70a4e83a16,
202608141117178255,202608141117178255,202608141112591965,83,213,Silver Salesforce Contacts,sl_sf_contacts,TASK_COMPLETE,SUCCESS,INFO,1507,1507,0,,2026-08-14T11:17:22.187Z,2026-08-14T11:17:48.349Z,24,2026-08-14T11:17:48.349Z,,,65af9a38-d304-499c-abe3-51037aa67f0b,
202608150642565708,202608150642565708,202608150639059642,83,213,Silver Salesforce Contacts,sl_sf_contacts,TASK_COMPLETE,SUCCESS,INFO,1425,1425,0,,2026-08-15T06:43:02.974Z,2026-08-15T06:43:33.902Z,29,2026-08-15T06:43:33.902Z,,,4b120bb3-f1e6-442e-8114-0fadc28f6b49,
202608181906562218,202608181856344657,202608181856344656,114,8616,CDC Bronze INV,br_LiquidLog_CDC,TASK_COMPLETE,SUCCESS,INFO,264,264,0,,2026-08-18T18:57:16.304Z,2026-08-18T19:08:15.965Z,659,2026-08-18T19:08:15.965Z,AHK,Ahoskie,8b420868-3d73-418b-b30b-805fea2baba5,
202608121926004644,202608121913698501,202608121913698500,76,144388,PPA Bronze,br_SF_PatientPreAdmission,TASK_COMPLETE,SUCCESS,INFO,134,134,0,,2026-08-12T19:14:53.387Z,2026-08-12T19:26:16.410Z,683,2026-08-12T19:26:16.410Z,AHK,Ahoskie,08d29c93-5d20-4cf2-aadc-bec1ce1bf79a,
202608180603025839,202608180603025837,20260818060256,122,12585,Gold OffWeek Counseling Engagement,OffWeekCounselingEngagement,TASK_COMPLETE,SUCCESS,INFO,46986,46986,0,,2026-08-18T06:03:02.583Z,2026-08-18T06:03:59.854Z,35,2026-08-18T06:03:59.854Z,,,0754271b-537b-4df2-8eea-828420187180,
202608180658316615,202608180658316613,20260818065823,122,12585,Gold OffWeek Counseling Engagement,OffWeekCounselingEngagement,TASK_COMPLETE,SUCCESS,INFO,46986,46986,0,,2026-08-18T06:58:31.661Z,2026-08-18T06:58:57.401Z,24,2026-08-18T06:58:57.401Z,,,401c9c1b-3971-44a9-a17e-46e79ae01eff,
202608170414221285,202608170414221284,20260817041401,4,28,8x8 CallInteractions API,br_8x8_HistoricalCCDetailedInteractions,TASK_COMPLETE,SUCCESS,INFO,48135,48135,0,,2026-08-17T04:14:22.128Z,2026-08-17T04:17:59.583Z,204,2026-08-17T04:17:59.583Z,,,05bfb3aa-4a65-44f5-8e9d-867f9caa849a,
202608170444322884,202608170444322883,20260817044355,4,28,8x8 CallInteractions API,br_8x8_HistoricalCCDetailedInteractions,TASK_COMPLETE,SUCCESS,INFO,48135,48135,0,,2026-08-17T04:44:32.288Z,2026-08-17T04:47:20.864Z,157,2026-08-17T04:47:20.864Z,,,52164ce0-edd4-4190-aa47-6fab94475a01,
202608101517573229,202608101517573227,20260810151727,122,12585,Gold OffWeek Counseling Engagement,OffWeekCounselingEngagement,TASK_COMPLETE,SUCCESS,INFO,46967,46967,0,,2026-08-10T15:17:57.322Z,2026-08-10T15:18:48.131Z,49,2026-08-10T15:18:48.131Z,,,67ac4554-40b9-4a4f-b42b-b07474e5e143,
202608151041155696,202608151041155696,20260815104057,4,28,8x8 CallInteractions API,br_8x8_HistoricalCCDetailedInteractions,TASK_COMPLETE,SUCCESS,INFO,32587,32587,0,,2026-08-15T10:41:15.569Z,2026-08-15T10:52:06.539Z,629,2026-08-15T10:52:06.539Z,,,2898ad47-3f2c-4db5-b5fc-5329717fcc94,
202608160723093633,202608160723093632,20260816072304,122,12585,Gold OffWeek Counseling Engagement,OffWeekCounselingEngagement,TASK_COMPLETE,SUCCESS,INFO,46986,46986,0,,2026-08-16T07:23:09.363Z,2026-08-16T07:23:45.439Z,34,2026-08-16T07:23:45.439Z,,,3db0df33-cd84-477a-b507-80edcb2c2641,
202608100356206170,202608100356206169,20260810035611,4,28,8x8 CallInteractions API,br_8x8_HistoricalCCDetailedInteractions,TASK_COMPLETE,SUCCESS,INFO,47025,47025,0,,2026-08-10T03:56:38.782Z,2026-08-10T04:01:05.306Z,261,2026-08-10T04:01:05.306Z,,,0c0b5e48-d053-4755-97ee-27a6c27d227e,
202608121926004648,202608121913698504,202608121913698500,76,144420,PPA Bronze,br_SF_PatientPreAdmission,TASK_COMPLETE,SUCCESS,INFO,964,964,0,,2026-08-12T19:14:53.387Z,2026-08-12T19:26:16.410Z,683,2026-08-12T19:26:16.410Z,B55,Shoals,08d29c93-5d20-4cf2-aadc-bec1ce1bf79a,
202608170008440967,202608162346418909,202608162346418898,85,2438,Bronze INV,br_LabResultDetail,TASK_COMPLETE,SUCCESS,INFO,9628,9628,0,,2026-08-16T23:46:55.971Z,2026-08-17T00:08:47.406Z,1312,2026-08-17T00:08:47.406Z,AHK,Ahoskie,77f58b99-e250-4627-9f17-559331ecd0ef,
202608141506426663,202608141444143618,202608141444143611,46,9055,P1 Finance FMP Bronze - AHK,br_samms_fmp,TASK_COMPLETE,SUCCESS,INFO,3,3,0,,2026-08-14T14:44:17.762Z,2026-08-14T15:09:27.882Z,1510,2026-08-14T15:09:27.882Z,AHK,Ahoskie,1c123384-c339-4954-be1f-3a8d150ebb14,
202608100702007529,202608100702007528,20260810070156,122,12585,Gold OffWeek Counseling Engagement,OffWeekCounselingEngagement,TASK_COMPLETE,SUCCESS,INFO,0,0,0,,2026-08-10T07:02:00.752Z,2026-08-10T07:03:51.570Z,106,2026-08-10T07:03:51.570Z,,,307bc68c-7b9d-4658-a771-a1adcfd3b965,
202608181238297172,202608181207708121,202608181207708120,123,12600,Assessments Bronze - SavePA - AHK,br_PA,TASK_COMPLETE,SUCCESS,INFO,67,67,0,,2026-08-18T12:09:06.544Z,2026-08-18T12:38:32.842Z,1766,2026-08-18T12:38:32.842Z,AHK,Ahoskie,6a9f8fe6-e2a7-49ab-8570-443c59873958,
202608181053385135,202608181018308813,202608181018308812,123,12600,Assessments Bronze - SavePA - AHK,br_PA,TASK_COMPLETE,SUCCESS,INFO,67,67,0,,2026-08-18T10:19:21.940Z,2026-08-18T10:53:43.553Z,2062,2026-08-18T10:53:43.553Z,AHK,Ahoskie,06767fa9-f980-4e92-a048-4dd43e2dbe98,
202608170447260841,202608170447260841,20260817044355,4,29,8x8 Queue Summary API,br_8x8_HistoricalCCQueueSummary,TASK_COMPLETE,SUCCESS,INFO,2993,2993,0,,2026-08-17T04:47:26.084Z,2026-08-17T04:50:48.889Z,192,2026-08-17T04:50:48.889Z,,,52164ce0-edd4-4190-aa47-6fab94475a01,
202608100509209035,202608100509209034,20260810050907,103,6812,Bronze Active Directory AADUsers,br_activedirectory_aadusers,TASK_COMPLETE,SUCCESS,INFO,2999,2095,0,,2026-08-10T05:09:39.042Z,2026-08-10T05:10:18.746Z,36,2026-08-10T05:10:18.746Z,,,5269cbca-9ed6-4306-8532-018515919ecf,
202608140957492684,202608140957492684,20260814095742,103,6812,Bronze Active Directory AADUsers,br_activedirectory_aadusers,TASK_COMPLETE,SUCCESS,INFO,3002,2096,0,,2026-08-14T09:57:55.082Z,2026-08-14T09:58:26.181Z,28,2026-08-14T09:58:26.181Z,,,86da3734-c4d3-4a01-9b94-6fc5fe6dd0dd,
202608140913074928,202608140913074928,20260814091300,103,6812,Bronze Active Directory AADUsers,br_activedirectory_aadusers,TASK_COMPLETE,SUCCESS,INFO,3002,2096,0,,2026-08-14T09:13:21.316Z,2026-08-14T09:14:17.091Z,44,2026-08-14T09:14:17.091Z,,,78c00878-a295-4b82-b0d7-f3fcf0baa4d0,
202608141014441278,202608141014441277,20260814101434,111,8613,Gold Bank Transactions,BankTransactions,TASK_SKIPPED,SKIPPED,WARN,0,0,0,Dependency Failed,2026-08-14T10:14:55.802Z,2026-08-14T10:14:55.802Z,0,2026-08-14T10:14:55.802Z,,,06018e17-471e-496d-b3c3-22a4b000055f,
202608141004267275,202608141004267275,20260814100410,104,6813,Silver Active Directory AADUsers,sl_activedirectory_aadusers,TASK_COMPLETE,SUCCESS,INFO,2096,2096,0,,2026-08-14T10:04:31.845Z,2026-08-14T10:05:00.630Z,26,2026-08-14T10:05:00.630Z,,,86da3734-c4d3-4a01-9b94-6fc5fe6dd0dd,
202608100516129704,202608100516129704,20260810051600,104,6813,Silver Active Directory AADUsers,sl_activedirectory_aadusers,TASK_COMPLETE,SUCCESS,INFO,2095,2095,0,,2026-08-10T05:16:24.335Z,2026-08-10T05:17:00.827Z,33,2026-08-10T05:17:00.827Z,,,5269cbca-9ed6-4306-8532-018515919ecf,
202608141113184845,202608141113184844,20260814111312,111,8613,Gold Bank Transactions,BankTransactions,TASK_SKIPPED,SKIPPED,WARN,0,0,0,Dependency Failed,2026-08-14T11:13:25.682Z,2026-08-14T11:13:25.682Z,0,2026-08-14T11:13:25.682Z,,,316e02be-3a9a-4c93-8ef8-ecca66ba18c5,
202608140919251407,202608140919251406,20260814091912,104,6813,Silver Active Directory AADUsers,sl_activedirectory_aadusers,TASK_COMPLETE,SUCCESS,INFO,2096,2096,0,,2026-08-14T09:19:35.506Z,2026-08-14T09:20:14.434Z,36,2026-08-14T09:20:14.434Z,,,78c00878-a295-4b82-b0d7-f3fcf0baa4d0,
202608170831333961,202608170805268043,202608170805268041,98,5976,P1 Forms E&M Form Pregnancy Silver,tbl_EandMFormPregnancy,TASK_COMPLETE,SUCCESS,INFO,1175,1175,0,,2026-08-17T08:05:23.166Z,2026-08-17T08:31:39.578Z,1576,2026-08-17T08:31:39.578Z,,,760fb7f7-522d-45ef-ae35-70bd18d17fef,
202608211054466726,202608211054466726,202608211048467468,84,13673,Gold Salesforce Cases,Cases,TASK_COMPLETE,SUCCESS,INFO,0,0,0,,2026-08-21T10:54:51.924Z,2026-08-21T10:55:05.966Z,12,2026-08-21T10:55:05.966Z,,,45603680-296f-4487-82f1-f8045d5f38e1,
202608210223216084,202608210223216084,202608210217292236,84,13673,Gold Salesforce Cases,Cases,TASK_COMPLETE,SUCCESS,INFO,0,0,0,,2026-08-21T02:23:26.333Z,2026-08-21T02:23:46.269Z,18,2026-08-21T02:23:46.269Z,,,6e633944-6270-4167-9c27-2b58aaa91b88,
202608141506426664,202608141444143619,202608141444143611,46,9056,P1 Finance FMP Bronze - B12B,br_samms_fmp,TASK_COMPLETE,SUCCESS,INFO,25,25,0,,2026-08-14T14:44:17.762Z,2026-08-14T15:09:27.882Z,1510,2026-08-14T15:09:27.882Z,B12B,ColoradoSprings,1c123384-c339-4954-be1f-3a8d150ebb14,
202608210225095465,202608210225095465,202608210217292236,84,230,Gold Salesforce Events,Events,TASK_COMPLETE,SUCCESS,INFO,0,0,0,,2026-08-21T02:25:14.167Z,2026-08-21T02:25:28.598Z,12,2026-08-21T02:25:28.598Z,,,6e633944-6270-4167-9c27-2b58aaa91b88,
202608280646131878,202608280646131878,20260828064524,5,33,Silver 8x8 Users,sl_8x8_Users,TASK_COMPLETE,SUCCESS,INFO,5705,5705,0,,2026-08-28T06:46:13.187Z,2026-08-28T06:46:31.406Z,16,2026-08-28T06:46:31.406Z,,,6f91deae-0832-4a56-ab71-80188798e1a1,
202608211032533642,202608211032533642,202608211031030755,82,203,Salesforce Users,br_sf_users,TASK_COMPLETE,SUCCESS,INFO,474,474,0,,2026-08-21T10:32:58.220Z,2026-08-21T10:33:14.521Z,14,2026-08-21T10:33:14.521Z,,,45603680-296f-4487-82f1-f8045d5f38e1,
202608210201258798,202608210201258798,202608210159223552,82,203,Salesforce Users,br_sf_users,TASK_COMPLETE,SUCCESS,INFO,474,474,0,,2026-08-21T02:01:30.764Z,2026-08-21T02:01:48.500Z,16,2026-08-21T02:01:48.500Z,,,6e633944-6270-4167-9c27-2b58aaa91b88,
202608201741022947,202608201741022946,202608201737362918,82,206,Salesforce Cases,br_sf_cases,TASK_COMPLETE,SUCCESS,INFO,903,903,0,,2026-08-20T17:41:07.154Z,2026-08-20T17:41:26.242Z,15,2026-08-20T17:41:26.242Z,,,635224f3-f193-4ab0-a06c-8d0fbf5d6c6d,
202608210201528401,202608210201528401,202608210159223552,82,204,Salesforce Leads,br_sf_leads,TASK_COMPLETE,SUCCESS,INFO,121,121,0,,2026-08-21T02:01:57.081Z,2026-08-21T02:02:17.222Z,19,2026-08-21T02:02:17.222Z,,,6e633944-6270-4167-9c27-2b58aaa91b88,
202608201128016051,202608201128016051,202608201125599805,82,203,Salesforce Users,br_sf_users,TASK_COMPLETE,SUCCESS,INFO,474,474,0,,2026-08-20T11:28:06.075Z,2026-08-20T11:28:24.058Z,16,2026-08-20T11:28:24.058Z,,,79156e84-8509-4e63-a064-b4b0873a2a40,
202608170749224499,202608170720364611,202608170720364599,118,10543,Bronze P1/P2 Assessments,br_NewAdmissionAssessmentASAMDimension6,TASK_COMPLETE,SUCCESS,INFO,0,0,0,,2026-08-17T07:20:41.512Z,2026-08-17T07:49:26.331Z,1725,2026-08-17T07:49:26.331Z,B28,West Plains,422b71cc-fe6c-4f30-846d-92fb5587d0e9,
202608150831051460,202608150831051460,202608141121345444,84,13674,Gold Salesforce Leads,Leads,TASK_ALREADY_COMPLETED,ALREADY_COMPLETED,INFO,0,0,0,Already succeeded in previous attempt,2026-08-15T08:31:10.640Z,2026-08-15T08:31:10.640Z,0,2026-08-15T08:31:10.640Z,,,749d5262-86ff-40e0-8a86-2235f2d6051c,
202608171341557842,202608171341557841,202608171026319654,84,13674,Gold Salesforce Leads,Leads,TASK_ALREADY_COMPLETED,ALREADY_COMPLETED,INFO,0,0,0,Already succeeded in previous attempt,2026-08-17T13:42:03.096Z,2026-08-17T13:42:03.096Z,0,2026-08-17T13:42:03.096Z,,,1cdba2b7-2cc0-4832-97e7-304e1a700c17,
202608151434387450,202608151417675723,202608151417675641,118,12383,Bronze P1/P2 Assessments,br_NewAdmissionAssessmentASAMDimension5,TASK_COMPLETE,SUCCESS,INFO,0,0,0,,2026-08-15T14:18:19.683Z,2026-08-15T14:37:39.575Z,1160,2026-08-15T14:37:39.575Z,B28,West Plains,556076c4-618a-4487-8b31-ba5017a3c197,
202608151434387440,202608151417675716,202608151417675641,118,12199,Bronze P1/P2 Assessments,br_NewAdmissionAssessmentASAMDimension4,TASK_COMPLETE,SUCCESS,INFO,0,0,0,,2026-08-15T14:18:19.683Z,2026-08-15T14:37:39.575Z,1160,2026-08-15T14:37:39.575Z,B28,West Plains,556076c4-618a-4487-8b31-ba5017a3c197,
202608150650348586,202608150650348586,202608141121345444,84,13674,Gold Salesforce Leads,Leads,TASK_ALREADY_COMPLETED,ALREADY_COMPLETED,INFO,0,0,0,Already succeeded in previous attempt,2026-08-15T06:50:39.311Z,2026-08-15T06:50:39.311Z,0,2026-08-15T06:50:39.311Z,,,4b120bb3-f1e6-442e-8114-0fadc28f6b49,
202608170749224578,202608170720364681,202608170720364599,118,12383,Bronze P1/P2 Assessments,br_NewAdmissionAssessmentASAMDimension5,TASK_COMPLETE,SUCCESS,INFO,0,0,0,,2026-08-17T07:20:41.512Z,2026-08-17T07:49:26.331Z,1725,2026-08-17T07:49:26.331Z,B28,West Plains,422b71cc-fe6c-4f30-846d-92fb5587d0e9,
202608150737453896,202608150737453896,202608150736329386,83,209,Silver Salesforce Record Types,sl_sf_recordtype,TASK_COMPLETE,SUCCESS,INFO,21,21,0,,2026-08-15T07:37:51.065Z,2026-08-15T07:38:12.472Z,20,2026-08-15T07:38:12.472Z,,,7aeef17f-6a83-4892-911d-f2c8473c9ddd,
202608170527528992,202608170527528992,20260622071303,79,226,Absolute Bronze Inventory,br_absolute_inventory,TASK_COMPLETE,SUCCESS,INFO,1862,1862,0,,2026-08-17T05:27:59.471Z,2026-08-17T05:28:31.539Z,29,2026-08-17T05:28:31.539Z,,,7df5bc5f-d487-47dc-af47-8642d74e8059,
202608141131494516,202608141131494515,202608141121345444,84,6810,Gold Salesforce StgOutboundSMS,stgOutboundSMS,TASK_COMPLETE,SUCCESS,INFO,153,153,0,,2026-08-14T11:32:31.931Z,2026-08-14T11:33:24.174Z,50,2026-08-14T11:33:24.174Z,,,65af9a38-d304-499c-abe3-51037aa67f0b,
202608170501249391,202608170501249391,20260817045629,109,8610,Bronze Lockbox Reference,br_cashflow_lockbox,TASK_COMPLETE,SUCCESS,INFO,509839,509839,0,,2026-08-17T05:01:43.813Z,2026-08-17T05:05:26.832Z,221,2026-08-17T05:05:26.832Z,,,519221b9-f777-4eef-a705-f54d38d423fd,
202608141105559713,202608141105559713,20260814110100,109,8610,Bronze Lockbox Reference,br_cashflow_lockbox,TASK_COMPLETE,SUCCESS,INFO,509839,509839,0,,2026-08-14T11:06:05.742Z,2026-08-14T11:10:27.694Z,259,2026-08-14T11:10:27.694Z,,,316e02be-3a9a-4c93-8ef8-ecca66ba18c5,
202608141007112265,202608141007112264,20260814100213,109,8610,Bronze Lockbox Reference,br_cashflow_lockbox,TASK_COMPLETE,SUCCESS,INFO,509839,509839,0,,2026-08-14T10:07:17.365Z,2026-08-14T10:11:16.115Z,236,2026-08-14T10:11:16.115Z,,,06018e17-471e-496d-b3c3-22a4b000055f,
202608140742446649,202608140742446649,20260814073656,109,8610,Bronze Lockbox Reference,br_cashflow_lockbox,TASK_COMPLETE,SUCCESS,INFO,509839,509839,0,,2026-08-14T07:42:54.344Z,2026-08-14T07:46:54.947Z,239,2026-08-14T07:46:54.947Z,,,2b76f80f-940a-42f8-ba7f-a8bff776f2f4,
202608131122236615,202608131122236614,20260813112206,117,8627,Gold Patient Services,PatientServicesNoShow,TASK_COMPLETE,SUCCESS,INFO,56561145,56561145,0,,2026-08-13T11:22:28.771Z,2026-08-13T11:27:21.084Z,287,2026-08-13T11:27:21.084Z,,,971f0b89-0a2f-41c6-b8a9-d60aa59ce7d5,
202608131204276912,202608131204276912,20260813120409,117,8627,Gold Patient Services,PatientServicesNoShow,TASK_COMPLETE,SUCCESS,INFO,56561145,56561145,0,,2026-08-13T12:04:34.647Z,2026-08-13T12:09:23.208Z,285,2026-08-13T12:09:23.208Z,,,6014d6de-3d2c-4cd5-a4f4-e68917ec3897,
202608130905107945,202608130905107945,20260813090441,117,8627,Gold Patient Services,PatientServicesNoShow,TASK_COMPLETE,SUCCESS,INFO,56561145,56561145,0,,2026-08-13T09:05:34.050Z,2026-08-13T09:10:08.933Z,272,2026-08-13T09:10:08.933Z,,,68515acd-d42e-4d53-98a3-ea8ddd26175f,
202608150644403473,202608150644403473,202608150639059642,83,6807,Silver Salesforce Patient Surveys,sl_sf_patientsurveys,TASK_COMPLETE,SUCCESS,INFO,204,204,0,,2026-08-15T06:44:44.786Z,2026-08-15T06:45:07.109Z,20,2026-08-15T06:45:07.109Z,,,4b120bb3-f1e6-442e-8114-0fadc28f6b49,
202608150742044950,202608150742044950,202608150736329386,83,6807,Silver Salesforce Patient Surveys,sl_sf_patientsurveys,TASK_COMPLETE,SUCCESS,INFO,204,204,0,,2026-08-15T07:42:09.101Z,2026-08-15T07:42:29.812Z,19,2026-08-15T07:42:29.812Z,,,7aeef17f-6a83-4892-911d-f2c8473c9ddd,
202608142021511696,202608141850714622,202608141850714621,29,92,FormQuestionAnswers Silver,tbl_dbo_FormQuestionAnswers,TASK_COMPLETE,SUCCESS,INFO,22706509,22706509,0,,2026-08-14T18:51:07.427Z,2026-08-14T20:21:52.973Z,5445,2026-08-14T20:21:52.973Z,,,06b9d75d-291b-4cd2-9a89-52908a52280f,
202608100957045016,202608100934467095,202608100934467074,86,8580,Silver INV,sl_OrientationChecklistNew,TASK_COMPLETE,SUCCESS,INFO,10,10,0,,2026-08-10T09:34:42.906Z,2026-08-10T09:57:07.278Z,1345,2026-08-10T09:57:07.278Z,,,6ef3fd30-03b0-4dcd-9022-3df447f4d036,
202608170618079109,202608170551356430,202608170551356420,47,9878,P1 Finance Claims Silver,tbl_Claims,TASK_COMPLETE,SUCCESS,INFO,298738,298738,0,,2026-08-17T05:51:47.044Z,2026-08-17T06:18:10.296Z,1583,2026-08-17T06:18:10.296Z,,,09d84bc7-e629-48a4-a32a-826b207e96d1,
202608181318573825,202608181250309452,202608181250309442,47,9878,P1 Finance Claims Silver,tbl_Claims,TASK_COMPLETE,SUCCESS,INFO,299947,299947,0,,2026-08-18T12:50:23.823Z,2026-08-18T13:19:00.283Z,1717,2026-08-18T13:19:00.283Z,,,03823c35-021d-4cc9-8374-59681a542f1d,
202608181412117368,202608181342362716,202608181342362706,47,9878,P1 Finance Claims Silver,tbl_Claims,TASK_COMPLETE,SUCCESS,INFO,299947,299947,0,,2026-08-18T13:42:39.071Z,2026-08-18T14:12:14.024Z,1775,2026-08-18T14:12:14.024Z,,,2b16abcf-416f-4fd8-80a9-0aa52ca66e5c,
202608100537034143,202608100537034143,20260810053454,2,8,Silver UKG Hour Register,HourRegister,TASK_COMPLETE,SUCCESS,INFO,106121,106121,0,,2026-08-10T05:37:07.373Z,2026-08-10T05:37:34.733Z,25,2026-08-10T05:37:34.733Z,,,3848d083-d62d-4230-a484-06d335ca9baa,
202608170012561258,202608162346518919,202608162346518898,86,8580,Silver INV,sl_OrientationChecklistNew,TASK_COMPLETE,SUCCESS,INFO,8,8,0,,2026-08-16T23:46:55.971Z,2026-08-17T00:12:58.187Z,1563,2026-08-17T00:12:58.187Z,,,77f58b99-e250-4627-9f17-559331ecd0ef,
202608170008440957,202608162346418900,202608162346418898,85,2071,Bronze INV,br_InvType,TASK_COMPLETE,SUCCESS,INFO,7,7,0,,2026-08-16T23:46:55.971Z,2026-08-17T00:08:47.406Z,1312,2026-08-17T00:08:47.406Z,B12B,Colorado Springs,77f58b99-e250-4627-9f17-559331ecd0ef,
202608211103127244,202608211101177663,20260821110108,100,13668,Bronze QQ_GLTRAN,br_qq_gltran,TASK_COMPLETE,SUCCESS,INFO,20814,20814,0,,2026-08-21T11:01:25.742Z,2026-08-21T11:03:15.851Z,75,2026-08-21T11:03:15.851Z,,,37e0e053-cd3f-49e8-8c93-e3deedc613de,
202608170008440969,202608162346418911,202608162346418898,85,230,Bronze INV,br_AdmissionAssessment,TASK_COMPLETE,SUCCESS,INFO,3,3,0,,2026-08-16T23:46:55.971Z,2026-08-17T00:08:47.406Z,1312,2026-08-17T00:08:47.406Z,AHK,Ahoskie,77f58b99-e250-4627-9f17-559331ecd0ef,
202608170008440994,202608162346418934,202608162346418898,85,3175,Bronze INV,br_ReAssessmentFamily,TASK_COMPLETE,SUCCESS,INFO,662,662,0,,2026-08-16T23:46:55.971Z,2026-08-17T00:08:47.406Z,1312,2026-08-17T00:08:47.406Z,B12B,Colorado Springs,77f58b99-e250-4627-9f17-559331ecd0ef,
202608170008441004,202608162346418944,202608162346418898,85,4095,Bronze INV,br_ReAssessmentSocial,TASK_COMPLETE,SUCCESS,INFO,662,662,0,,2026-08-16T23:46:55.971Z,2026-08-17T00:08:47.406Z,1312,2026-08-17T00:08:47.406Z,B12B,Colorado Springs,77f58b99-e250-4627-9f17-559331ecd0ef,
202608181318573824,202608181250309451,202608181250309442,47,9760,P1 Finance Claim Line Item Activity Silver,tbl_ClaimLineItemActivity,TASK_COMPLETE,SUCCESS,INFO,646796,646796,0,,2026-08-18T12:50:23.823Z,2026-08-18T13:19:00.283Z,1717,2026-08-18T13:19:00.283Z,,,03823c35-021d-4cc9-8374-59681a542f1d,
202608181412117367,202608181342362715,202608181342362706,47,9760,P1 Finance Claim Line Item Activity Silver,tbl_ClaimLineItemActivity,TASK_COMPLETE,SUCCESS,INFO,646875,646875,0,,2026-08-18T13:42:39.071Z,2026-08-18T14:12:14.024Z,1775,2026-08-18T14:12:14.024Z,,,2b16abcf-416f-4fd8-80a9-0aa52ca66e5c,
202608171245095659,202608171211698285,202608171211698283,107,8556,Clinical Domain Silver - SaveBamForm,sl_bamform,TASK_COMPLETE,SUCCESS,INFO,1156,1156,0,,2026-08-17T12:12:57.246Z,2026-08-17T12:45:12.159Z,1935,2026-08-17T12:45:12.159Z,Global,SAMMSGLOBAL,71c4b27b-8df0-48dd-a1ee-a6ea3a63b852,
202608171108071326,202608171031498594,202608171031498593,107,8555,Clinical Domain Silver - SaveCheckIn,sl_checkin,TASK_COMPLETE,SUCCESS,INFO,2355,2355,0,,2026-08-17T10:38:10.305Z,2026-08-17T11:08:10.976Z,1800,2026-08-17T11:08:10.976Z,Global,SAMMSGLOBAL,16b28601-46b7-41d7-bb6b-81142615d65b,
202608180908433806,202608180834632769,202608180834632768,107,8555,Clinical Domain Silver - SaveCheckIn,sl_checkin,TASK_COMPLETE,SUCCESS,INFO,2596,2596,0,,2026-08-18T08:37:01.117Z,2026-08-18T09:08:45.854Z,1904,2026-08-18T09:08:45.854Z,Global,SAMMSGLOBAL,08f45940-4fba-4d40-8013-5941939f8b2e,
202608170655047540,202608170608369017,202608170608369015,107,8556,Clinical Domain Silver - SaveBamForm,sl_bamform,TASK_COMPLETE,SUCCESS,INFO,1148,1148,0,,2026-08-17T06:09:37.896Z,2026-08-17T06:55:07.563Z,2730,2026-08-17T06:55:07.563Z,Global,SAMMSGLOBAL,83c0f655-df7d-4ce0-a8e7-3e8120951bbc,
202608171245095657,202608171211698284,202608171211698283,107,8555,Clinical Domain Silver - SaveCheckIn,sl_checkin,TASK_COMPLETE,SUCCESS,INFO,2386,2386,0,,2026-08-17T12:12:57.246Z,2026-08-17T12:45:12.159Z,1935,2026-08-17T12:45:12.159Z,Global,SAMMSGLOBAL,71c4b27b-8df0-48dd-a1ee-a6ea3a63b852,
202608171108071327,202608171031498595,202608171031498593,107,8556,Clinical Domain Silver - SaveBamForm,sl_bamform,TASK_COMPLETE,SUCCESS,INFO,1156,1156,0,,2026-08-17T10:38:10.305Z,2026-08-17T11:08:10.976Z,1800,2026-08-17T11:08:10.976Z,Global,SAMMSGLOBAL,16b28601-46b7-41d7-bb6b-81142615d65b,
202608151358565616,202608151310507805,202608151310507803,107,8556,Clinical Domain Silver - SaveBamForm,sl_bamform,TASK_COMPLETE,SUCCESS,INFO,1148,1148,0,,2026-08-15T13:11:43.813Z,2026-08-15T13:58:58.213Z,2835,2026-08-15T13:58:58.213Z,Global,SAMMSGLOBAL,56214535-005b-4285-976b-e0172bc11b0b,
202608211218032222,202608211214791001,202608211214791000,115,8619,CDC Silver INV,sl_LiquidLog_CDC,TASK_COMPLETE,SUCCESS,INFO,0,0,0,,2026-08-21T12:15:13.207Z,2026-08-21T12:20:19.862Z,306,2026-08-21T12:20:19.862Z,,,15c6503a-21fe-46db-b933-9c29c1ab1196,
202608170510562237,202608170422315752,202608170422315750,107,8556,Clinical Domain Silver - SaveBamForm,sl_bamform,TASK_COMPLETE,SUCCESS,INFO,1148,1148,0,,2026-08-17T04:29:17.023Z,2026-08-17T05:11:26.731Z,2529,2026-08-17T05:11:26.731Z,Global,SAMMSGLOBAL,0b53dc13-182d-4036-9b17-0891eca5f916,
202608171108071331,202608171031498599,202608171031498593,107,8560,Clinical Domain Silver - SaveUASched,sl_uasched,TASK_COMPLETE,SUCCESS,INFO,5054,5054,0,,2026-08-17T10:38:10.305Z,2026-08-17T11:08:10.976Z,1800,2026-08-17T11:08:10.976Z,Global,SAMMSGLOBAL,16b28601-46b7-41d7-bb6b-81142615d65b,
202608151146098630,202608151055524860,202608151055524858,107,8556,Clinical Domain Silver - SaveBamForm,sl_bamform,TASK_COMPLETE,SUCCESS,INFO,1148,1148,0,,2026-08-15T10:59:41.813Z,2026-08-15T11:46:12.215Z,2791,2026-08-15T11:46:12.215Z,Global,SAMMSGLOBAL,09bdfa13-0c4c-4ca3-9dd3-abd349cbbab4,
202608171245095663,202608171211698289,202608171211698283,107,8560,Clinical Domain Silver - SaveUASched,sl_uasched,TASK_COMPLETE,SUCCESS,INFO,5067,5067,0,,2026-08-17T12:12:57.246Z,2026-08-17T12:45:12.159Z,1935,2026-08-17T12:45:12.159Z,Global,SAMMSGLOBAL,71c4b27b-8df0-48dd-a1ee-a6ea3a63b852,
202608180908433807,202608180834632770,202608180834632768,107,8556,Clinical Domain Silver - SaveBamForm,sl_bamform,TASK_COMPLETE,SUCCESS,INFO,1159,1159,0,,2026-08-18T08:37:01.117Z,2026-08-18T09:08:45.854Z,1904,2026-08-18T09:08:45.854Z,Global,SAMMSGLOBAL,08f45940-4fba-4d40-8013-5941939f8b2e,
202608180908433812,202608180834632774,202608180834632768,107,8560,Clinical Domain Silver - SaveUASched,sl_uasched,TASK_COMPLETE,SUCCESS,INFO,5133,5133,0,,2026-08-18T08:37:01.117Z,2026-08-18T09:08:45.854Z,1904,2026-08-18T09:08:45.854Z,Global,SAMMSGLOBAL,08f45940-4fba-4d40-8013-5941939f8b2e,
202608210220121652,202608210220121651,202608210217292236,84,221,Gold Salesforce StgCases,stgCases,TASK_COMPLETE,SUCCESS,INFO,1065,1065,0,,2026-08-21T02:20:15.679Z,2026-08-21T02:20:31.269Z,14,2026-08-21T02:20:31.269Z,,,6e633944-6270-4167-9c27-2b58aaa91b88,
202608251542248285,202608251517689121,202608251517689120,47,8816,P1 Finance Bills Silver,tbl_Bills,TASK_COMPLETE,SUCCESS,INFO,1537,0,0,,2026-08-25T15:18:05.141Z,2026-08-25T15:42:26.877Z,1461,2026-08-25T15:42:26.877Z,,,04d587cb-fd28-4f28-a572-c158aa92fa98,
202608181053385164,202608181018308828,202608181018308812,123,13175,Assessments Bronze - SavePADimension4 - AHK,br_PADimension4,TASK_COMPLETE,SUCCESS,INFO,66,66,0,,2026-08-18T10:19:21.940Z,2026-08-18T10:53:43.553Z,2062,2026-08-18T10:53:43.553Z,AHK,Ahoskie,06767fa9-f980-4e92-a048-4dd43e2dbe98,
202608181238297189,202608181207708136,202608181207708120,123,13175,Assessments Bronze - SavePADimension4 - AHK,br_PADimension4,TASK_COMPLETE,SUCCESS,INFO,66,66,0,,2026-08-18T12:09:06.544Z,2026-08-18T12:38:32.842Z,1766,2026-08-18T12:38:32.842Z,AHK,Ahoskie,6a9f8fe6-e2a7-49ab-8570-443c59873958,
202608170749224536,202608170720364644,202608170720364599,118,11459,Bronze P1/P2 Assessments,br_NewPeriodicReassessmentD4,TASK_COMPLETE,SUCCESS,INFO,0,0,0,,2026-08-17T07:20:41.512Z,2026-08-17T07:49:26.331Z,1725,2026-08-17T07:49:26.331Z,B24,Paintsville,422b71cc-fe6c-4f30-846d-92fb5587d0e9,
202608170749224529,202608170720364637,202608170720364599,118,11275,Bronze P1/P2 Assessments,br_NewPeriodicReassessmentD3,TASK_COMPLETE,SUCCESS,INFO,0,0,0,,2026-08-17T07:20:41.512Z,2026-08-17T07:49:26.331Z,1725,2026-08-17T07:49:26.331Z,B24,Paintsville,422b71cc-fe6c-4f30-846d-92fb5587d0e9,
202608151434387529,202608151417675702,202608151417675641,118,11831,Bronze P1/P2 Assessments,br_NewPeriodicReassessmentD6,TASK_COMPLETE,SUCCESS,INFO,0,0,0,,2026-08-15T14:18:19.683Z,2026-08-15T14:37:39.575Z,1160,2026-08-15T14:37:39.575Z,B28,West Plains,556076c4-618a-4487-8b31-ba5017a3c197,
202608170749224546,202608170720364653,202608170720364599,118,11647,Bronze P1/P2 Assessments,br_NewPeriodicReassessmentD5,TASK_COMPLETE,SUCCESS,INFO,0,0,0,,2026-08-17T07:20:41.512Z,2026-08-17T07:49:26.331Z,1725,2026-08-17T07:49:26.331Z,B28,West Plains,422b71cc-fe6c-4f30-846d-92fb5587d0e9,
202608170749224531,202608170720364639,202608170720364599,118,11279,Bronze P1/P2 Assessments,br_NewPeriodicReassessmentD3,TASK_COMPLETE,SUCCESS,INFO,0,0,0,,2026-08-17T07:20:41.512Z,2026-08-17T07:49:26.331Z,1725,2026-08-17T07:49:26.331Z,B28,West Plains,422b71cc-fe6c-4f30-846d-92fb5587d0e9,
202608181318573828,202608181250309455,202608181250309442,47,10232,P1 Finance Client Demo 1 Silver,tbl_ClientDemo1,TASK_COMPLETE,SUCCESS,INFO,7995,7995,0,,2026-08-18T12:50:23.823Z,2026-08-18T13:19:00.283Z,1717,2026-08-18T13:19:00.283Z,,,03823c35-021d-4cc9-8374-59681a542f1d,
202608141506426753,202608141444243624,202608141444243611,47,10232,P1 Finance Client Demo 1 Silver,tbl_ClientDemo1,TASK_COMPLETE,SUCCESS,INFO,1665,1665,0,,2026-08-14T14:44:17.762Z,2026-08-14T15:09:27.882Z,1510,2026-08-14T15:09:27.882Z,,,1c123384-c339-4954-be1f-3a8d150ebb14,
202608171024465375,202608171024465374,202608171018106132,83,6808,Silver Salesforce Outbound SMS,sl_sf_outboundsms,TASK_COMPLETE,SUCCESS,INFO,103,103,0,,2026-08-17T10:24:52.357Z,2026-08-17T10:25:16.749Z,22,2026-08-17T10:25:16.749Z,,,7037e752-f6e1-4d8a-bc47-4e70a4e83a16,
202608170008440970,202608162346418912,202608162346418898,85,1702,Bronze INV,br_Appointments,TASK_COMPLETE,SUCCESS,INFO,7502,7502,0,,2026-08-16T23:46:55.971Z,2026-08-17T00:08:47.406Z,1312,2026-08-17T00:08:47.406Z,AHK,Ahoskie,77f58b99-e250-4627-9f17-559331ecd0ef,
202608150742398035,202608150742398034,202608150736329386,83,6808,Silver Salesforce Outbound SMS,sl_sf_outboundsms,TASK_COMPLETE,SUCCESS,INFO,146,146,0,,2026-08-15T07:42:43.806Z,2026-08-15T07:43:09.156Z,23,2026-08-15T07:43:09.156Z,,,7aeef17f-6a83-4892-911d-f2c8473c9ddd,
202608150825353083,202608150825353083,202608150818522823,83,6808,Silver Salesforce Outbound SMS,sl_sf_outboundsms,TASK_COMPLETE,SUCCESS,INFO,146,146,0,,2026-08-15T08:25:40.174Z,2026-08-15T08:25:59.684Z,17,2026-08-15T08:25:59.684Z,,,749d5262-86ff-40e0-8a86-2235f2d6051c,
202608121605178453,202608121554524209,202608121554524207,7,94426,Bronze DoseExcuse,br_tblDoseExcuse,TASK_COMPLETE,SUCCESS,INFO,38,38,0,,2026-08-12T15:56:31.148Z,2026-08-12T16:05:51.915Z,560,2026-08-12T16:05:51.915Z,AHK,Ahoskie,8f7980aa-1c89-4271-a743-cd3729c55733,
202608150557066710,202608150537502646,202608150537502637,119,12568,Silver P1/P2 Assessments,sl_newperiodicreassessmentd6,TASK_COMPLETE,SUCCESS,INFO,1749,1749,0,,2026-08-15T05:38:25.156Z,2026-08-15T05:57:09.877Z,1124,2026-08-15T05:57:09.877Z,,,92fdec37-a7f1-4589-8ea2-af8b074ddb31,
202608141506426757,202608141444243625,202608141444243611,47,10350,P1 Finance Client Demo 2 Silver,tbl_ClientDemo2,TASK_COMPLETE,SUCCESS,INFO,1665,1,0,,2026-08-14T14:44:17.762Z,2026-08-14T15:09:27.882Z,1510,2026-08-14T15:09:27.882Z,,,1c123384-c339-4954-be1f-3a8d150ebb14,
202608121926004646,202608121913698503,202608121913698500,76,144392,PPA Bronze,br_SF_PatientPreAdmission,TASK_COMPLETE,SUCCESS,INFO,2400,2400,0,,2026-08-12T19:14:53.387Z,2026-08-12T19:26:16.410Z,683,2026-08-12T19:26:16.410Z,B26,Hazard,08d29c93-5d20-4cf2-aadc-bec1ce1bf79a,
202608181244485629,202608181208108121,202608181208108120,125,13644,Assessments Gold - SavePA,PA,TASK_COMPLETE,SUCCESS,INFO,1349,1349,0,,2026-08-18T12:09:06.544Z,2026-08-18T12:45:07.249Z,2161,2026-08-18T12:45:07.249Z,Global,SAMMSGLOBAL,6a9f8fe6-e2a7-49ab-8570-443c59873958,
202608181318573819,202608181250309447,202608181250309442,47,9288,P1 Finance Payer Client History Silver,tbl_PayerCltHistory,TASK_COMPLETE,SUCCESS,INFO,247,247,0,,2026-08-18T12:50:23.823Z,2026-08-18T13:19:00.283Z,1717,2026-08-18T13:19:00.283Z,,,03823c35-021d-4cc9-8374-59681a542f1d,
202608171028140335,202608171028140334,202608171026319654,84,219,Gold Salesforce StgTasks,stgTask,TASK_COMPLETE,SUCCESS,INFO,191,191,0,,2026-08-17T10:28:19.473Z,2026-08-17T10:28:41.766Z,20,2026-08-17T10:28:41.766Z,,,7037e752-f6e1-4d8a-bc47-4e70a4e83a16,
202608141123214513,202608141123214513,202608141121345444,84,219,Gold Salesforce StgTasks,stgTask,TASK_COMPLETE,SUCCESS,INFO,904,904,0,,2026-08-14T11:23:25.704Z,2026-08-14T11:23:47.389Z,19,2026-08-14T11:23:47.389Z,,,65af9a38-d304-499c-abe3-51037aa67f0b,
202608100957045005,202608100934467085,202608100934467074,86,5730,Silver INV,sl_ReAssessmentLegal,TASK_COMPLETE,SUCCESS,INFO,696,696,0,,2026-08-10T09:34:42.906Z,2026-08-10T09:57:07.278Z,1345,2026-08-10T09:57:07.278Z,,,6ef3fd30-03b0-4dcd-9022-3df447f4d036,
202608170012561246,202608162346518909,202608162346518898,86,5730,Silver INV,sl_ReAssessmentLegal,TASK_COMPLETE,SUCCESS,INFO,696,696,0,,2026-08-16T23:46:55.971Z,2026-08-17T00:12:58.187Z,1563,2026-08-17T00:12:58.187Z,,,77f58b99-e250-4627-9f17-559331ecd0ef,
202608170618079101,202608170551356423,202608170551356420,47,9052,P1 Finance VW 3P Bill Sub Silver,tbl_vw3pBillSub,TASK_COMPLETE,SUCCESS,INFO,4130,4130,0,,2026-08-17T05:51:47.044Z,2026-08-17T06:18:10.296Z,1583,2026-08-17T06:18:10.296Z,,,09d84bc7-e629-48a4-a32a-826b207e96d1,
202608181318573817,202608181250309445,202608181250309442,47,9052,P1 Finance VW 3P Bill Sub Silver,tbl_vw3pBillSub,TASK_COMPLETE,SUCCESS,INFO,3950,3950,0,,2026-08-18T12:50:23.823Z,2026-08-18T13:19:00.283Z,1717,2026-08-18T13:19:00.283Z,,,03823c35-021d-4cc9-8374-59681a542f1d,
202608181412117360,202608181342362709,202608181342362706,47,9052,P1 Finance VW 3P Bill Sub Silver,tbl_vw3pBillSub,TASK_COMPLETE,SUCCESS,INFO,3952,3952,0,,2026-08-18T13:42:39.071Z,2026-08-18T14:12:14.024Z,1775,2026-08-18T14:12:14.024Z,,,2b16abcf-416f-4fd8-80a9-0aa52ca66e5c,
202608170456413049,202608170456413049,20260817045629,109,8608,Bronze Wells Transactions,br_cashflow_transactions,TASK_COMPLETE,SUCCESS,INFO,509839,509839,0,,2026-08-17T04:56:51.314Z,2026-08-17T05:00:46.259Z,231,2026-08-17T05:00:46.259Z,,,519221b9-f777-4eef-a705-f54d38d423fd,
202608141002293062,202608141002293061,20260814100213,109,8608,Bronze Wells Transactions,br_cashflow_transactions,TASK_COMPLETE,SUCCESS,INFO,509839,509839,0,,2026-08-14T10:02:36.303Z,2026-08-14T10:06:38.637Z,240,2026-08-14T10:06:38.637Z,,,06018e17-471e-496d-b3c3-22a4b000055f,
202608171148188069,202608171119687421,202608171119687420,119,12560,Silver P1/P2 Assessments,sl_NewAdmissionAssessment,TASK_COMPLETE,SUCCESS,INFO,872,872,0,,2026-08-17T11:20:06.775Z,2026-08-17T11:48:22.375Z,1696,2026-08-17T11:48:22.375Z,,,50b193b8-c8c8-41b3-8f69-a5e058560d7e,
202608170751444037,202608170720464600,202608170720464599,119,12560,Silver P1/P2 Assessments,sl_NewAdmissionAssessment,TASK_COMPLETE,SUCCESS,INFO,872,872,0,,2026-08-17T07:20:41.512Z,2026-08-17T07:51:47.000Z,1866,2026-08-17T07:51:47.000Z,,,422b71cc-fe6c-4f30-846d-92fb5587d0e9,
202608141157242298,202608141147762585,202608141147762582,119,12562,Silver P1/P2 Assessments,sl_NewPeriodicReassessment,TASK_COMPLETE,SUCCESS,INFO,0,0,0,,2026-08-14T11:48:09.966Z,2026-08-14T11:57:26.299Z,557,2026-08-14T11:57:26.299Z,,,21f5cd31-796d-43ad-806e-67ead954f01a,
202608140855106648,202608140855106648,20260814085505,5,31,Silver 8x8 CallInteractions,sl_8x8_CallInteractions,TASK_COMPLETE,SUCCESS,INFO,143379,143379,0,,2026-08-14T08:55:14.819Z,2026-08-14T08:55:39.739Z,23,2026-08-14T08:55:39.739Z,,,36ebac0c-26de-4656-ae31-977cae255ad9,
202608150530560812,202608150530560811,20260815053049,5,31,Silver 8x8 CallInteractions,sl_8x8_CallInteractions,TASK_COMPLETE,SUCCESS,INFO,143379,143379,0,,2026-08-15T05:31:01.485Z,2026-08-15T05:31:30.245Z,27,2026-08-15T05:31:30.245Z,,,6517d2eb-46fa-4d72-8ea4-8ae23e1d30a8,
202608131539112817,202608131539112816,20260813153844,5,31,Silver 8x8 CallInteractions,sl_8x8_CallInteractions,TASK_COMPLETE,SUCCESS,INFO,101602,101602,0,,2026-08-13T15:39:15.078Z,2026-08-13T15:39:37.574Z,20,2026-08-13T15:39:37.574Z,,,6cba3a07-87e1-4e5a-809c-65a43422107a,
202608131720347190,202608131720347190,20260813172024,5,31,Silver 8x8 CallInteractions,sl_8x8_CallInteractions,TASK_COMPLETE,SUCCESS,INFO,101602,101602,0,,2026-08-13T17:21:12.506Z,2026-08-13T17:22:06.035Z,48,2026-08-13T17:22:06.035Z,,,793a1d88-9a51-42e1-b67b-8a9da7bfcd79,
202608141519548125,202608141505674912,202608141505674909,119,12562,Silver P1/P2 Assessments,sl_NewPeriodicReassessment,TASK_COMPLETE,SUCCESS,INFO,0,0,0,,2026-08-14T15:06:49.317Z,2026-08-14T15:19:58.460Z,789,2026-08-14T15:19:58.460Z,,,7969362d-463a-4985-92c3-d629dd6d5c4e,
202608131620084871,202608131620084870,20260813161958,5,31,Silver 8x8 CallInteractions,sl_8x8_CallInteractions,TASK_COMPLETE,SUCCESS,INFO,101602,101602,0,,2026-08-13T16:20:12.571Z,2026-08-13T16:20:34.458Z,20,2026-08-13T16:20:34.458Z,,,7d21e877-f08c-42e0-946c-607108d10a5e,
202608170755239686,202608170720564611,202608170720564599,120,12583,Gold P1/P2 Assessments,NewAdmissionAssessmentASAMDimension5,TASK_COMPLETE,SUCCESS,INFO,1257,1257,0,,2026-08-17T07:20:41.512Z,2026-08-17T07:55:26.905Z,2085,2026-08-17T07:55:26.905Z,,,422b71cc-fe6c-4f30-846d-92fb5587d0e9,
202608170755065935,202608170720564601,202608170720564599,120,12573,Gold P1/P2 Assessments,NewAdmissionAssessmentASAMDimension6,TASK_COMPLETE,SUCCESS,INFO,1289,1289,0,,2026-08-17T07:20:41.512Z,2026-08-17T07:55:26.905Z,2085,2026-08-17T07:55:26.905Z,,,422b71cc-fe6c-4f30-846d-92fb5587d0e9,
202608121926004650,202608121913698506,202608121913698500,76,144457,PPA Bronze,br_SF_PatientPreAdmission,TASK_COMPLETE,SUCCESS,INFO,322,322,0,,2026-08-12T19:14:53.387Z,2026-08-12T19:26:16.410Z,683,2026-08-12T19:26:16.410Z,HS,HotSprings,08d29c93-5d20-4cf2-aadc-bec1ce1bf79a,
202608171150259047,202608171119787422,202608171119787420,120,12573,Gold P1/P2 Assessments,NewAdmissionAssessmentASAMDimension6,TASK_COMPLETE,SUCCESS,INFO,1289,1289,0,,2026-08-17T11:20:06.775Z,2026-08-17T11:50:49.684Z,1843,2026-08-17T11:50:49.684Z,,,50b193b8-c8c8-41b3-8f69-a5e058560d7e,
202608181235129388,202608181205721844,202608181205721842,120,12573,Gold P1/P2 Assessments,NewAdmissionAssessmentASAMDimension6,TASK_COMPLETE,SUCCESS,INFO,1293,1293,0,,2026-08-18T12:06:00.341Z,2026-08-18T12:35:39.059Z,1779,2026-08-18T12:35:39.059Z,,,201d97b6-7f87-43f7-a098-fb002daf1faf,
202608170755226705,202608170720564610,202608170720564599,120,12582,Gold P1/P2 Assessments,NewAdmissionAssessmentASAMDimension4,TASK_COMPLETE,SUCCESS,INFO,1264,1264,0,,2026-08-17T07:20:41.512Z,2026-08-17T07:55:26.905Z,2085,2026-08-17T07:55:26.905Z,,,422b71cc-fe6c-4f30-846d-92fb5587d0e9,
202608171150456774,202608171119787431,202608171119787420,120,12582,Gold P1/P2 Assessments,NewAdmissionAssessmentASAMDimension4,TASK_COMPLETE,SUCCESS,INFO,1264,1264,0,,2026-08-17T11:20:06.775Z,2026-08-17T11:50:49.684Z,1843,2026-08-17T11:50:49.684Z,,,50b193b8-c8c8-41b3-8f69-a5e058560d7e,
202608181235320623,202608181205721852,202608181205721842,120,12581,Gold P1/P2 Assessments,NewAdmissionAssessmentASAMDimension2,TASK_COMPLETE,SUCCESS,INFO,1261,1261,0,,2026-08-18T12:06:00.341Z,2026-08-18T12:35:39.059Z,1779,2026-08-18T12:35:39.059Z,,,201d97b6-7f87-43f7-a098-fb002daf1faf,
202608170012561253,202608162346518915,202608162346518898,86,5736,Silver INV,sl_ReAssessmentTreatment,TASK_COMPLETE,SUCCESS,INFO,697,697,0,,2026-08-16T23:46:55.971Z,2026-08-17T00:12:58.187Z,1563,2026-08-17T00:12:58.187Z,,,77f58b99-e250-4627-9f17-559331ecd0ef,
202608100957045012,202608100934467091,202608100934467074,86,5736,Silver INV,sl_ReAssessmentTreatment,TASK_COMPLETE,SUCCESS,INFO,697,697,0,,2026-08-10T09:34:42.906Z,2026-08-10T09:57:07.278Z,1345,2026-08-10T09:57:07.278Z,,,6ef3fd30-03b0-4dcd-9022-3df447f4d036,
202608170008440962,202608162346418905,202608162346418898,85,2806,Bronze INV,br_OrientationChecklistNew,TASK_COMPLETE,SUCCESS,INFO,3,3,0,,2026-08-16T23:46:55.971Z,2026-08-17T00:08:47.406Z,1312,2026-08-17T00:08:47.406Z,AHK,Ahoskie,77f58b99-e250-4627-9f17-559331ecd0ef,
202608140855478450,202608140855478449,20260814085505,5,32,Silver 8x8 CallVolume,sl_8x8_CallVolume,TASK_COMPLETE,SUCCESS,INFO,20502,20502,0,,2026-08-14T08:55:52.701Z,2026-08-14T08:56:16.425Z,22,2026-08-14T08:56:16.425Z,,,36ebac0c-26de-4656-ae31-977cae255ad9,
202608150531398899,202608150531398899,20260815053049,5,32,Silver 8x8 CallVolume,sl_8x8_CallVolume,TASK_COMPLETE,SUCCESS,INFO,20502,20502,0,,2026-08-15T05:31:45.754Z,2026-08-15T05:32:07.062Z,19,2026-08-15T05:32:07.062Z,,,6517d2eb-46fa-4d72-8ea4-8ae23e1d30a8,
202608171036013794,202608171036013794,202608171026319654,84,6811,Gold Salesforce OutboundSMS,OutboundSMS,TASK_COMPLETE,SUCCESS,INFO,3,3,0,,2026-08-17T10:36:07.664Z,2026-08-17T10:36:26.751Z,17,2026-08-17T10:36:26.751Z,,,7037e752-f6e1-4d8a-bc47-4e70a4e83a16,
202608121929023523,202608121913798501,202608121913798500,77,144384,PPA Silver,tbl_SF_PatientPreAdmission,TASK_COMPLETE,SUCCESS,INFO,6315,6315,0,,2026-08-12T19:14:53.387Z,2026-08-12T19:29:04.091Z,851,2026-08-12T19:29:04.091Z,,,08d29c93-5d20-4cf2-aadc-bec1ce1bf79a,
202608102229039385,202608102151319704,202608102151319703,32,95,FormAnswerSignatures Silver,tbl_dbo_FormAnswerSignatures,TASK_COMPLETE,SUCCESS,INFO,2127932,2127932,0,,2026-08-10T21:52:10.015Z,2026-08-10T22:29:05.618Z,2215,2026-08-10T22:29:05.618Z,,,733bdb65-98e7-4d6d-af8f-93040e55bb44,
202608171028511258,202608171028511258,202608171026319654,84,220,Gold Salesforce StgContacts,stgContacts,TASK_COMPLETE,SUCCESS,INFO,1065,1065,0,,2026-08-17T10:28:56.382Z,2026-08-17T10:29:15.824Z,17,2026-08-17T10:29:15.824Z,,,7037e752-f6e1-4d8a-bc47-4e70a4e83a16,
202608181318573827,202608181250309454,202608181250309442,47,10114,P1 Finance Diag10 Silver,tbl_tbldiag10,TASK_COMPLETE,SUCCESS,INFO,5559,5559,0,,2026-08-18T12:50:23.823Z,2026-08-18T13:19:00.283Z,1717,2026-08-18T13:19:00.283Z,,,03823c35-021d-4cc9-8374-59681a542f1d,
202608170618079112,202608170551356432,202608170551356420,47,10114,P1 Finance Diag10 Silver,tbl_tbldiag10,TASK_COMPLETE,SUCCESS,INFO,5559,5559,0,,2026-08-17T05:51:47.044Z,2026-08-17T06:18:10.296Z,1583,2026-08-17T06:18:10.296Z,,,09d84bc7-e629-48a4-a32a-826b207e96d1,
202608181412117371,202608181342362718,202608181342362706,47,10114,P1 Finance Diag10 Silver,tbl_tbldiag10,TASK_COMPLETE,SUCCESS,INFO,5559,5559,0,,2026-08-18T13:42:39.071Z,2026-08-18T14:12:14.024Z,1775,2026-08-18T14:12:14.024Z,,,2b16abcf-416f-4fd8-80a9-0aa52ca66e5c,
202608141506426777,202608141444243623,202608141444243611,47,10114,P1 Finance Diag10 Silver,tbl_tbldiag10,TASK_COMPLETE,SUCCESS,INFO,1670,1670,0,,2026-08-14T14:44:17.762Z,2026-08-14T15:09:27.882Z,1510,2026-08-14T15:09:27.882Z,,,1c123384-c339-4954-be1f-3a8d150ebb14,
202608141134076927,202608141134076927,202608141121345444,84,6811,Gold Salesforce OutboundSMS,OutboundSMS,TASK_COMPLETE,SUCCESS,INFO,153,153,0,,2026-08-14T11:35:13.645Z,2026-08-14T11:35:52.754Z,37,2026-08-14T11:35:52.754Z,,,65af9a38-d304-499c-abe3-51037aa67f0b,
202608100521570519,202608100521570518,20260810052147,105,6814,Gold Active Directory AADUsers,AADUsers,TASK_COMPLETE,SUCCESS,INFO,6285,2157,0,,2026-08-10T05:22:03.841Z,2026-08-10T05:22:32.947Z,26,2026-08-10T05:22:32.947Z,,,5269cbca-9ed6-4306-8532-018515919ecf,
202608140925483835,202608140925483835,20260814092532,105,6814,Gold Active Directory AADUsers,AADUsers,TASK_COMPLETE,SUCCESS,INFO,8381,2201,0,,2026-08-14T09:25:56.924Z,2026-08-14T09:26:40.396Z,41,2026-08-14T09:26:40.396Z,,,78c00878-a295-4b82-b0d7-f3fcf0baa4d0,
202608102148056877,202608102108661395,202608102108661394,29,92,FormQuestionAnswers Silver,tbl_dbo_FormQuestionAnswers,TASK_COMPLETE,SUCCESS,INFO,1786297,1786297,0,,2026-08-10T21:09:33.412Z,2026-08-10T21:48:11.894Z,2318,2026-08-10T21:48:11.894Z,,,919a3989-3039-4ed4-8e54-b0f9527e0235,
202608170618079106,202608170551356427,202608170551356420,47,9524,P1 Finance 3P Eligibility Silver,tbl_3pElig,TASK_COMPLETE,SUCCESS,INFO,2563,193,0,,2026-08-17T05:51:47.044Z,2026-08-17T06:18:10.296Z,1583,2026-08-17T06:18:10.296Z,,,09d84bc7-e629-48a4-a32a-826b207e96d1,
202608181412117365,202608181342362713,202608181342362706,47,9524,P1 Finance 3P Eligibility Silver,tbl_3pElig,TASK_COMPLETE,SUCCESS,INFO,2607,9,0,,2026-08-18T13:42:39.071Z,2026-08-18T14:12:14.024Z,1775,2026-08-18T14:12:14.024Z,,,2b16abcf-416f-4fd8-80a9-0aa52ca66e5c,
202608181318573822,202608181250309449,202608181250309442,47,9524,P1 Finance 3P Eligibility Silver,tbl_3pElig,TASK_COMPLETE,SUCCESS,INFO,2598,5,0,,2026-08-18T12:50:23.823Z,2026-08-18T13:19:00.283Z,1717,2026-08-18T13:19:00.283Z,,,03823c35-021d-4cc9-8374-59681a542f1d,
202608170751444038,202608170720464601,202608170720464599,119,12561,Silver P1/P2 Assessments,sl_NewAdmissionAssessmentASAMDimension6,TASK_COMPLETE,SUCCESS,INFO,859,859,0,,2026-08-17T07:20:41.512Z,2026-08-17T07:51:47.000Z,1866,2026-08-17T07:51:47.000Z,,,422b71cc-fe6c-4f30-846d-92fb5587d0e9,
202608181233341164,202608181205621852,202608181205621842,119,12569,Silver P1/P2 Assessments,sl_NewAdmissionAssessmentASAMDimension2,TASK_COMPLETE,SUCCESS,INFO,849,849,0,,2026-08-18T12:06:00.341Z,2026-08-18T12:33:35.919Z,1655,2026-08-18T12:33:35.919Z,,,201d97b6-7f87-43f7-a098-fb002daf1faf,
202608170751444049,202608170720464610,202608170720464599,119,12570,Silver P1/P2 Assessments,sl_NewAdmissionAssessmentASAMDimension4,TASK_COMPLETE,SUCCESS,INFO,848,848,0,,2026-08-17T07:20:41.512Z,2026-08-17T07:51:47.000Z,1866,2026-08-17T07:51:47.000Z,,,422b71cc-fe6c-4f30-846d-92fb5587d0e9,
202608150557066711,202608150537502647,202608150537502637,119,12569,Silver P1/P2 Assessments,sl_NewAdmissionAssessmentASAMDimension2,TASK_COMPLETE,SUCCESS,INFO,844,844,0,,2026-08-15T05:38:25.156Z,2026-08-15T05:57:09.877Z,1124,2026-08-15T05:57:09.877Z,,,92fdec37-a7f1-4589-8ea2-af8b074ddb31,
202608181233341167,202608181205621854,202608181205621842,119,12571,Silver P1/P2 Assessments,sl_NewAdmissionAssessmentASAMDimension5,TASK_COMPLETE,SUCCESS,INFO,849,849,0,,2026-08-18T12:06:00.341Z,2026-08-18T12:33:35.919Z,1655,2026-08-18T12:33:35.919Z,,,201d97b6-7f87-43f7-a098-fb002daf1faf,
202608140748076885,202608140725314667,202608140725314656,119,12570,Silver P1/P2 Assessments,sl_NewAdmissionAssessmentASAMDimension4,TASK_COMPLETE,SUCCESS,INFO,845,845,0,,2026-08-14T07:25:23.942Z,2026-08-14T07:48:10.268Z,1367,2026-08-14T07:48:10.268Z,,,9e759780-91b7-4e4a-882b-cd4350ec70b7,
202608171148188080,202608171119687430,202608171119687420,119,12569,Silver P1/P2 Assessments,sl_NewAdmissionAssessmentASAMDimension2,TASK_COMPLETE,SUCCESS,INFO,844,844,0,,2026-08-17T11:20:06.775Z,2026-08-17T11:48:22.375Z,1696,2026-08-17T11:48:22.375Z,,,50b193b8-c8c8-41b3-8f69-a5e058560d7e,
202608150557066712,202608150537502648,202608150537502637,119,12570,Silver P1/P2 Assessments,sl_NewAdmissionAssessmentASAMDimension4,TASK_COMPLETE,SUCCESS,INFO,848,848,0,,2026-08-15T05:38:25.156Z,2026-08-15T05:57:09.877Z,1124,2026-08-15T05:57:09.877Z,,,92fdec37-a7f1-4589-8ea2-af8b074ddb31,
202608171010312130,202608171010312129,202608171005421194,82,207,Salesforce Outreach Events,br_sf_events,TASK_COMPLETE,SUCCESS,INFO,0,0,0,No records returned,2026-08-17T10:10:37.856Z,2026-08-17T10:10:54.251Z,14,2026-08-17T10:10:54.251Z,,,7037e752-f6e1-4d8a-bc47-4e70a4e83a16,
202608150557066713,202608150537502649,202608150537502637,119,12571,Silver P1/P2 Assessments,sl_NewAdmissionAssessmentASAMDimension5,TASK_COMPLETE,SUCCESS,INFO,844,844,0,,2026-08-15T05:38:25.156Z,2026-08-15T05:57:09.877Z,1124,2026-08-15T05:57:09.877Z,,,92fdec37-a7f1-4589-8ea2-af8b074ddb31,
202608140748076886,202608140725314668,202608140725314656,119,12571,Silver P1/P2 Assessments,sl_NewAdmissionAssessmentASAMDimension5,TASK_COMPLETE,SUCCESS,INFO,841,841,0,,2026-08-14T07:25:23.942Z,2026-08-14T07:48:10.268Z,1367,2026-08-14T07:48:10.268Z,,,9e759780-91b7-4e4a-882b-cd4350ec70b7,
202608171148188071,202608171119687422,202608171119687420,119,12561,Silver P1/P2 Assessments,sl_NewAdmissionAssessmentASAMDimension6,TASK_COMPLETE,SUCCESS,INFO,859,859,0,,2026-08-17T11:20:06.775Z,2026-08-17T11:48:22.375Z,1696,2026-08-17T11:48:22.375Z,,,50b193b8-c8c8-41b3-8f69-a5e058560d7e,
202608150557066701,202608150537502639,202608150537502637,119,12561,Silver P1/P2 Assessments,sl_NewAdmissionAssessmentASAMDimension6,TASK_COMPLETE,SUCCESS,INFO,859,859,0,,2026-08-15T05:38:25.156Z,2026-08-15T05:57:09.877Z,1124,2026-08-15T05:57:09.877Z,,,92fdec37-a7f1-4589-8ea2-af8b074ddb31,
202608150645156332,202608150645156332,202608150639059642,83,6808,Silver Salesforce Outbound SMS,sl_sf_outboundsms,TASK_COMPLETE,SUCCESS,INFO,146,146,0,,2026-08-15T06:45:20.025Z,2026-08-15T06:45:39.683Z,18,2026-08-15T06:45:39.683Z,,,4b120bb3-f1e6-442e-8114-0fadc28f6b49,
202608141119361472,202608141119361472,202608141112591965,83,6808,Silver Salesforce Outbound SMS,sl_sf_outboundsms,TASK_COMPLETE,SUCCESS,INFO,153,153,0,,2026-08-14T11:19:39.782Z,2026-08-14T11:19:56.340Z,15,2026-08-14T11:19:56.340Z,,,65af9a38-d304-499c-abe3-51037aa67f0b,
202608141506426734,202608141444243613,202608141444243611,47,8934,P1 Finance PBI 3 Pay Auth Silver,tbl_pbi3PayAuth,TASK_COMPLETE,SUCCESS,INFO,192,0,0,,2026-08-14T14:44:17.762Z,2026-08-14T15:09:27.882Z,1510,2026-08-14T15:09:27.882Z,,,1c123384-c339-4954-be1f-3a8d150ebb14,
202608170618079114,202608170551356434,202608170551356420,47,10350,P1 Finance Client Demo 2 Silver,tbl_ClientDemo2,TASK_COMPLETE,SUCCESS,INFO,7989,193,0,,2026-08-17T05:51:47.044Z,2026-08-17T06:18:10.296Z,1583,2026-08-17T06:18:10.296Z,,,09d84bc7-e629-48a4-a32a-826b207e96d1,
202608170008441006,202608162346418945,202608162346418898,85,4462,Bronze INV,br_ReAssessmentTreatment,TASK_COMPLETE,SUCCESS,INFO,35,35,0,,2026-08-16T23:46:55.971Z,2026-08-17T00:08:47.406Z,1312,2026-08-17T00:08:47.406Z,AHK,Ahoskie,77f58b99-e250-4627-9f17-559331ecd0ef,
202608181244592483,202608181208108126,202608181208108120,125,13649,Assessments Gold - SavePADimension4,PADimension4,TASK_COMPLETE,SUCCESS,INFO,1336,1336,0,,2026-08-18T12:09:06.544Z,2026-08-18T12:45:07.249Z,2161,2026-08-18T12:45:07.249Z,Global,SAMMSGLOBAL,6a9f8fe6-e2a7-49ab-8570-443c59873958,
202608181102034545,202608181018708818,202608181018708812,125,13649,Assessments Gold - SavePADimension4,PADimension4,TASK_COMPLETE,SUCCESS,INFO,1336,1336,0,,2026-08-18T10:19:21.940Z,2026-08-18T11:02:11.496Z,2570,2026-08-18T11:02:11.496Z,Global,SAMMSGLOBAL,06767fa9-f980-4e92-a048-4dd43e2dbe98,
202608181102073629,202608181018708820,202608181018708812,125,13651,Assessments Gold - SavePADimension6,PADimension6,TASK_COMPLETE,SUCCESS,INFO,1332,1332,0,,2026-08-18T10:19:21.940Z,2026-08-18T11:02:11.496Z,2570,2026-08-18T11:02:11.496Z,Global,SAMMSGLOBAL,06767fa9-f980-4e92-a048-4dd43e2dbe98,
202608121052561376,202608121009460894,202608121009460893,107,8555,Clinical Domain Silver - SaveCheckIn,slv_checkin,TASK_COMPLETE,SUCCESS,INFO,30152,30152,0,,2026-08-12T10:11:56.792Z,2026-08-12T10:53:15.475Z,2479,2026-08-12T10:53:15.475Z,Global,SAMMSGLOBAL,1325a4eb-aa02-4bc9-9fae-d06e40a0cece,
202608181245012731,202608181208108127,202608181208108120,125,13650,Assessments Gold - SavePADimension5,PADimension5,TASK_COMPLETE,SUCCESS,INFO,1333,1333,0,,2026-08-18T12:09:06.544Z,2026-08-18T12:45:07.249Z,2161,2026-08-18T12:45:07.249Z,Global,SAMMSGLOBAL,6a9f8fe6-e2a7-49ab-8570-443c59873958,
202608120919417444,202608120822552532,202608120822552528,107,8558,Clinical Domain Silver - SaveCows_v6,slv_cows_v6,TASK_COMPLETE,SUCCESS,INFO,23694,23694,0,,2026-08-12T08:25:12.254Z,2026-08-12T09:19:44.466Z,3272,2026-08-12T09:19:44.466Z,Global,SAMMSGLOBAL,577435af-c452-4617-9a3c-7d2b03361707,
202608181244526726,202608181208108123,202608181208108120,125,13646,Assessments Gold - SavePADimension1,PADimension1,TASK_COMPLETE,SUCCESS,INFO,1349,1349,0,,2026-08-18T12:09:06.544Z,2026-08-18T12:45:07.249Z,2161,2026-08-18T12:45:07.249Z,Global,SAMMSGLOBAL,6a9f8fe6-e2a7-49ab-8570-443c59873958,
202608181102052411,202608181018708819,202608181018708812,125,13650,Assessments Gold - SavePADimension5,PADimension5,TASK_COMPLETE,SUCCESS,INFO,1333,1333,0,,2026-08-18T10:19:21.940Z,2026-08-18T11:02:11.496Z,2570,2026-08-18T11:02:11.496Z,Global,SAMMSGLOBAL,06767fa9-f980-4e92-a048-4dd43e2dbe98,
202608181245032414,202608181208108128,202608181208108120,125,13651,Assessments Gold - SavePADimension6,PADimension6,TASK_COMPLETE,SUCCESS,INFO,1332,1332,0,,2026-08-18T12:09:06.544Z,2026-08-18T12:45:07.249Z,2161,2026-08-18T12:45:07.249Z,Global,SAMMSGLOBAL,6a9f8fe6-e2a7-49ab-8570-443c59873958,
202608181101595210,202608181018708816,202608181018708812,125,13647,Assessments Gold - SavePADimension2,PADimension2,TASK_COMPLETE,SUCCESS,INFO,1339,1339,0,,2026-08-18T10:19:21.940Z,2026-08-18T11:02:11.496Z,2570,2026-08-18T11:02:11.496Z,Global,SAMMSGLOBAL,06767fa9-f980-4e92-a048-4dd43e2dbe98,
202608130414588477,202608130315300011,202608130315300005,107,8560,Clinical Domain Silver - SaveUASched,slv_uasched,TASK_COMPLETE,SUCCESS,INFO,11716,11716,0,,2026-08-13T03:16:19.557Z,2026-08-13T04:15:00.802Z,3521,2026-08-13T04:15:00.802Z,Global,SAMMSGLOBAL,11ed6329-841a-4e7a-bfb1-61191c79c28e,
202608130414588475,202608130315300009,202608130315300005,107,8558,Clinical Domain Silver - SaveCows_v6,slv_cows_v6,TASK_COMPLETE,SUCCESS,INFO,23710,23710,0,,2026-08-13T03:16:19.557Z,2026-08-13T04:15:00.802Z,3521,2026-08-13T04:15:00.802Z,Global,SAMMSGLOBAL,11ed6329-841a-4e7a-bfb1-61191c79c28e,
202608181101577474,202608181018708815,202608181018708812,125,13646,Assessments Gold - SavePADimension1,PADimension1,TASK_COMPLETE,SUCCESS,INFO,1349,1349,0,,2026-08-18T10:19:21.940Z,2026-08-18T11:02:11.496Z,2570,2026-08-18T11:02:11.496Z,Global,SAMMSGLOBAL,06767fa9-f980-4e92-a048-4dd43e2dbe98,
202608140302444254,202608140302444253,20260814030207,5,32,Silver 8x8 CallVolume,sl_8x8_CallVolume,TASK_COMPLETE,SUCCESS,INFO,115,115,0,,2026-08-14T03:02:48.478Z,2026-08-14T03:03:07.974Z,18,2026-08-14T03:03:07.974Z,,,360959fd-08b4-465c-be75-1bdb70b33137,
202608131722167865,202608131722167865,20260813172024,5,32,Silver 8x8 CallVolume,sl_8x8_CallVolume,TASK_COMPLETE,SUCCESS,INFO,112,112,0,,2026-08-13T17:22:20.985Z,2026-08-13T17:22:37.484Z,15,2026-08-13T17:22:37.484Z,,,793a1d88-9a51-42e1-b67b-8a9da7bfcd79,
202608141122203293,202608141122203292,202608141121345444,84,217,Gold Salesforce RecordTypes,RecordType,TASK_COMPLETE,SUCCESS,INFO,21,21,0,,2026-08-14T11:22:24.566Z,2026-08-14T11:22:44.852Z,18,2026-08-14T11:22:44.852Z,,,65af9a38-d304-499c-abe3-51037aa67f0b,
202608171026557360,202608171026557360,202608171026319654,84,217,Gold Salesforce RecordTypes,RecordType,TASK_COMPLETE,SUCCESS,INFO,21,21,0,,2026-08-17T10:27:00.862Z,2026-08-17T10:27:23.659Z,21,2026-08-17T10:27:23.659Z,,,7037e752-f6e1-4d8a-bc47-4e70a4e83a16,
202608140304412401,202608140304412401,20260814030435,6,34,Gold 8x8 CallInteractions,8x8_CallInteractions,TASK_COMPLETE,SUCCESS,INFO,876,876,0,,2026-08-14T03:04:45.387Z,2026-08-14T03:05:06.322Z,19,2026-08-14T03:05:06.322Z,,,360959fd-08b4-465c-be75-1bdb70b33137,
202608100957044997,202608100934467078,202608100934467074,86,5723,Silver INV,sl_AdmissionAssessmentDimensionThree,TASK_COMPLETE,SUCCESS,INFO,873,873,0,,2026-08-10T09:34:42.906Z,2026-08-10T09:57:07.278Z,1345,2026-08-10T09:57:07.278Z,,,6ef3fd30-03b0-4dcd-9022-3df447f4d036,
202608170012561238,202608162346518902,202608162346518898,86,5723,Silver INV,sl_AdmissionAssessmentDimensionThree,TASK_COMPLETE,SUCCESS,INFO,878,878,0,,2026-08-16T23:46:55.971Z,2026-08-17T00:12:58.187Z,1563,2026-08-17T00:12:58.187Z,,,77f58b99-e250-4627-9f17-559331ecd0ef,
202608170008440988,202608162346418929,202608162346418898,85,2990,Bronze INV,br_ReAssessment,TASK_COMPLETE,SUCCESS,INFO,0,0,0,,2026-08-16T23:46:55.971Z,2026-08-17T00:08:47.406Z,1312,2026-08-17T00:08:47.406Z,AHK,Ahoskie,77f58b99-e250-4627-9f17-559331ecd0ef,
202608201129417754,202608201129417754,202608201125599805,82,206,Salesforce Cases,br_sf_cases,TASK_COMPLETE,SUCCESS,INFO,613,613,0,,2026-08-20T11:29:47.081Z,2026-08-20T11:30:04.570Z,14,2026-08-20T11:30:04.570Z,,,79156e84-8509-4e63-a064-b4b0873a2a40,
202608211034134098,202608211034134098,202608211031030755,82,206,Salesforce Cases,br_sf_cases,TASK_COMPLETE,SUCCESS,INFO,670,670,0,,2026-08-21T10:34:18.813Z,2026-08-21T10:34:33.529Z,13,2026-08-21T10:34:33.529Z,,,45603680-296f-4487-82f1-f8045d5f38e1,
202608201545109979,202608201545109979,202608201542593057,82,203,Salesforce Users,br_sf_users,TASK_COMPLETE,SUCCESS,INFO,474,474,0,,2026-08-20T15:45:15.300Z,2026-08-20T15:45:30.726Z,14,2026-08-20T15:45:30.726Z,,,95538f17-9d82-404e-9e3f-d1777714a921,
202608201639510781,202608201639510781,202608201638083197,82,203,Salesforce Users,br_sf_users,TASK_COMPLETE,SUCCESS,INFO,474,474,0,,2026-08-20T16:39:55.479Z,2026-08-20T16:40:11.182Z,14,2026-08-20T16:40:11.182Z,,,4ed56315-bafe-4059-9903-76e756bd89c4,
202608201546385565,202608201546385565,202608201542593057,82,206,Salesforce Cases,br_sf_cases,TASK_COMPLETE,SUCCESS,INFO,808,808,0,,2026-08-20T15:46:43.927Z,2026-08-20T15:46:59.532Z,13,2026-08-20T15:46:59.532Z,,,95538f17-9d82-404e-9e3f-d1777714a921,
202608170650554171,202608170608269023,202608170608269015,106,7090,Clinical Domain Bronze - SaveBamScore - BOI,br_BAMScore,TASK_COMPLETE,SUCCESS,INFO,3597,3597,0,,2026-08-17T06:09:37.896Z,2026-08-17T06:50:58.970Z,2481,2026-08-17T06:50:58.970Z,BOI,Boise,83c0f655-df7d-4ce0-a8e7-3e8120951bbc,
202608201641084220,202608201641084220,202608201638083197,82,206,Salesforce Cases,br_sf_cases,TASK_COMPLETE,SUCCESS,INFO,852,852,0,,2026-08-20T16:41:12.776Z,2026-08-20T16:41:29.817Z,15,2026-08-20T16:41:29.817Z,,,4ed56315-bafe-4059-9903-76e756bd89c4,
202608201739398473,202608201739398472,202608201737362918,82,203,Salesforce Users,br_sf_users,TASK_COMPLETE,SUCCESS,INFO,474,474,0,,2026-08-20T17:39:45.010Z,2026-08-20T17:40:04.894Z,18,2026-08-20T17:40:04.894Z,,,635224f3-f193-4ab0-a06c-8d0fbf5d6c6d,
202608121144502142,202608121144502141,20260812110226,117,8627,Gold Patient Services,PatientServicesNoShow,TASK_COMPLETE,SUCCESS,INFO,56563539,56563539,0,,2026-08-12T11:44:50.214Z,2026-08-12T11:49:13.582Z,235,2026-08-12T11:49:13.582Z,,,707a824e-33de-4319-b626-cf63a3508155,
202608170511512719,202608170511512719,20260817051129,110,8612,Silver Bank Transactions,sl_BankTransactions,TASK_COMPLETE,SUCCESS,INFO,431039,431039,0,,2026-08-17T05:11:57.367Z,2026-08-17T05:13:08.840Z,68,2026-08-17T05:13:08.840Z,,,519221b9-f777-4eef-a705-f54d38d423fd,
202608170831333963,202608170805268044,202608170805268041,98,6093,P1 Forms E&M Form MDM Silver,tbl_EandMFormMDM,TASK_COMPLETE,SUCCESS,INFO,19567,19567,0,,2026-08-17T08:05:23.166Z,2026-08-17T08:31:39.578Z,1576,2026-08-17T08:31:39.578Z,,,760fb7f7-522d-45ef-ae35-70bd18d17fef,
202608170012561239,202608162346518903,202608162346518898,86,5724,Silver INV,sl_AdmissionAssessmentDimensionFour,TASK_COMPLETE,SUCCESS,INFO,880,880,0,,2026-08-16T23:46:55.971Z,2026-08-17T00:12:58.187Z,1563,2026-08-17T00:12:58.187Z,,,77f58b99-e250-4627-9f17-559331ecd0ef,
202608140257572182,202608140257572181,20260814025704,4,29,8x8 Queue Summary API,br_8x8_HistoricalCCQueueSummary,TASK_COMPLETE,SUCCESS,INFO,115,115,0,,2026-08-14T02:58:02.839Z,2026-08-14T02:58:26.405Z,22,2026-08-14T02:58:26.405Z,,,360959fd-08b4-465c-be75-1bdb70b33137,
202608131735196904,202608131735196903,20260813172455,4,29,8x8 Queue Summary API,br_8x8_HistoricalCCQueueSummary,TASK_COMPLETE,SUCCESS,INFO,112,112,0,,2026-08-13T17:35:24.248Z,2026-08-13T17:35:58.934Z,31,2026-08-13T17:35:58.934Z,,,793a1d88-9a51-42e1-b67b-8a9da7bfcd79,
202608140209365143,202608140209365143,20260814020609,4,29,8x8 Queue Summary API,br_8x8_HistoricalCCQueueSummary,TASK_COMPLETE,SUCCESS,INFO,115,115,0,,2026-08-14T02:09:47.249Z,2026-08-14T02:11:11.609Z,62,2026-08-14T02:11:11.609Z,,,7582fe2a-ab67-4726-aa6a-73a8a3ff4bdb,
202608131508565642,202608131508565642,20260813150749,4,29,8x8 Queue Summary API,br_8x8_HistoricalCCQueueSummary,TASK_COMPLETE,SUCCESS,INFO,112,112,0,,2026-08-13T15:09:11.147Z,2026-08-13T15:09:36.382Z,23,2026-08-13T15:09:36.382Z,,,6cba3a07-87e1-4e5a-809c-65a43422107a,
202608181412117359,202608181342362708,202608181342362706,47,8934,P1 Finance PBI 3 Pay Auth Silver,tbl_pbi3PayAuth,TASK_COMPLETE,SUCCESS,INFO,3409,0,0,,2026-08-18T13:42:39.071Z,2026-08-18T14:12:14.024Z,1775,2026-08-18T14:12:14.024Z,,,2b16abcf-416f-4fd8-80a9-0aa52ca66e5c,
202608170618079100,202608170551356422,202608170551356420,47,8934,P1 Finance PBI 3 Pay Auth Silver,tbl_pbi3PayAuth,TASK_COMPLETE,SUCCESS,INFO,3409,6,0,,2026-08-17T05:51:47.044Z,2026-08-17T06:18:10.296Z,1583,2026-08-17T06:18:10.296Z,,,09d84bc7-e629-48a4-a32a-826b207e96d1,
202608181318573816,202608181250309444,202608181250309442,47,8934,P1 Finance PBI 3 Pay Auth Silver,tbl_pbi3PayAuth,TASK_COMPLETE,SUCCESS,INFO,3409,0,0,,2026-08-18T12:50:23.823Z,2026-08-18T13:19:00.283Z,1717,2026-08-18T13:19:00.283Z,,,03823c35-021d-4cc9-8374-59681a542f1d,
202608170618079113,202608170551356433,202608170551356420,47,10232,P1 Finance Client Demo 1 Silver,tbl_ClientDemo1,TASK_COMPLETE,SUCCESS,INFO,7989,7989,0,,2026-08-17T05:51:47.044Z,2026-08-17T06:18:10.296Z,1583,2026-08-17T06:18:10.296Z,,,09d84bc7-e629-48a4-a32a-826b207e96d1,
202608181412117372,202608181342362719,202608181342362706,47,10232,P1 Finance Client Demo 1 Silver,tbl_ClientDemo1,TASK_COMPLETE,SUCCESS,INFO,7995,7995,0,,2026-08-18T13:42:39.071Z,2026-08-18T14:12:14.024Z,1775,2026-08-18T14:12:14.024Z,,,2b16abcf-416f-4fd8-80a9-0aa52ca66e5c,
202608171324042788,202608171324042788,202608171005421194,82,200,Salesforce Accounts,br_sf_accounts,TASK_COMPLETE,SUCCESS,INFO,13531,13531,0,,2026-08-17T13:24:11.634Z,2026-08-17T13:24:56.137Z,41,2026-08-17T13:24:56.137Z,,,1cdba2b7-2cc0-4832-97e7-304e1a700c17,
202608141102187245,202608141102187245,202608141102115386,82,200,Salesforce Accounts,br_sf_accounts,TASK_COMPLETE,SUCCESS,INFO,13531,13531,0,,2026-08-14T11:02:25.616Z,2026-08-14T11:02:59.895Z,31,2026-08-14T11:02:59.895Z,,,65af9a38-d304-499c-abe3-51037aa67f0b,
202608120556521990,202608120556048732,20260812055515,101,13669,Silver QQ_GLTRAN,sl_QQgltran,TASK_COMPLETE,SUCCESS,INFO,194,194,0,,2026-08-12T05:56:10.400Z,2026-08-12T05:56:54.526Z,35,2026-08-12T05:56:54.526Z,,,4d11fd15-9e7f-4c18-9ed8-d28ed5d51a62,
202608100957045020,202608100934467098,202608100934467074,86,8583,Silver INV,sl_Appointments,TASK_COMPLETE,SUCCESS,INFO,21867,21867,0,,2026-08-10T09:34:42.906Z,2026-08-10T09:57:07.278Z,1345,2026-08-10T09:57:07.278Z,,,6ef3fd30-03b0-4dcd-9022-3df447f4d036,
202608171008457365,202608171008457365,202608171005421194,82,204,Salesforce Leads,br_sf_leads,TASK_COMPLETE,SUCCESS,INFO,11,11,0,,2026-08-17T10:08:52.656Z,2026-08-17T10:09:15.892Z,21,2026-08-17T10:09:15.892Z,,,7037e752-f6e1-4d8a-bc47-4e70a4e83a16,
202608150819122236,202608150819122236,202608150818522823,83,208,Silver Salesforce Accounts,sl_sf_accounts,TASK_COMPLETE,SUCCESS,INFO,13531,13531,0,,2026-08-15T08:19:21.196Z,2026-08-15T08:19:57.106Z,33,2026-08-15T08:19:57.106Z,,,749d5262-86ff-40e0-8a86-2235f2d6051c,
202608150639242671,202608150639242670,202608150639059642,83,208,Silver Salesforce Accounts,sl_sf_accounts,TASK_COMPLETE,SUCCESS,INFO,13531,13531,0,,2026-08-15T06:39:29.423Z,2026-08-15T06:40:11.195Z,39,2026-08-15T06:40:11.195Z,,,4b120bb3-f1e6-442e-8114-0fadc28f6b49,
202608170008440955,202608162346418899,202608162346418898,85,2070,Bronze INV,br_InvType,TASK_COMPLETE,SUCCESS,INFO,7,7,0,,2026-08-16T23:46:55.971Z,2026-08-17T00:08:47.406Z,1312,2026-08-17T00:08:47.406Z,AHK,Ahoskie,77f58b99-e250-4627-9f17-559331ecd0ef,
202608150736483098,202608150736483098,202608150736329386,83,208,Silver Salesforce Accounts,sl_sf_accounts,TASK_COMPLETE,SUCCESS,INFO,13531,13531,0,,2026-08-15T07:36:53.234Z,2026-08-15T07:37:34.329Z,38,2026-08-15T07:37:34.329Z,,,7aeef17f-6a83-4892-911d-f2c8473c9ddd,
202608131550301071,202608131550301070,20260813154932,4,29,8x8 Queue Summary API,br_8x8_HistoricalCCQueueSummary,TASK_COMPLETE,SUCCESS,INFO,112,112,0,,2026-08-13T15:50:36.908Z,2026-08-13T15:51:04.464Z,24,2026-08-13T15:51:04.464Z,,,7d21e877-f08c-42e0-946c-607108d10a5e,
202608140149311832,202608140149311832,20260814014832,4,29,8x8 Queue Summary API,br_8x8_HistoricalCCQueueSummary,TASK_COMPLETE,SUCCESS,INFO,115,115,0,,2026-08-14T01:49:36.485Z,2026-08-14T01:49:59.383Z,21,2026-08-14T01:49:59.383Z,,,9e209bf9-13e9-42f0-a8b8-cd3732c2d635,
202608131651103392,202608131651103392,20260813165003,4,29,8x8 Queue Summary API,br_8x8_HistoricalCCQueueSummary,TASK_COMPLETE,SUCCESS,INFO,112,112,0,,2026-08-13T16:51:15.918Z,2026-08-13T16:51:38.245Z,21,2026-08-13T16:51:38.245Z,,,793a1d88-9a51-42e1-b67b-8a9da7bfcd79,
202608131443100090,202608131443100089,20260813144202,4,29,8x8 Queue Summary API,br_8x8_HistoricalCCQueueSummary,TASK_COMPLETE,SUCCESS,INFO,112,112,0,,2026-08-13T14:43:16.931Z,2026-08-13T14:43:47.879Z,28,2026-08-13T14:43:47.879Z,,,1ff2783f-65b1-4543-a347-ca96da33eb80,
202608121605178452,202608121554524208,202608121554524207,7,94388,Bronze Dose,br_tblDose,TASK_COMPLETE,SUCCESS,INFO,13546,13546,0,,2026-08-12T15:56:31.148Z,2026-08-12T16:05:51.915Z,560,2026-08-12T16:05:51.915Z,AHK,Ahoskie,8f7980aa-1c89-4271-a743-cd3729c55733,
202608140538345975,202608140538345975,20260814053204,109,8610,Bronze Lockbox Reference,br_cashflow_lockbox,TASK_COMPLETE,SUCCESS,INFO,13629,13629,0,,2026-08-14T05:38:40.165Z,2026-08-14T05:39:30.974Z,48,2026-08-14T05:39:30.974Z,,,830c78f2-2c91-4be9-977a-e9ff0c1d8636,
202608141113173901,202608141113173901,202608141112591965,83,208,Silver Salesforce Accounts,sl_sf_accounts,TASK_COMPLETE,SUCCESS,INFO,13531,13531,0,,2026-08-14T11:13:22.715Z,2026-08-14T11:13:51.734Z,26,2026-08-14T11:13:51.734Z,,,65af9a38-d304-499c-abe3-51037aa67f0b,
202608110857204166,202608110857204166,20260811085336,2,8,Silver UKG Hour Register,HourRegister,TASK_COMPLETE,SUCCESS,INFO,106121,106121,0,,2026-08-11T08:57:30.294Z,2026-08-11T08:57:53.091Z,20,2026-08-11T08:57:53.091Z,,,0fc9623f-ac58-4aee-8aa3-3afbc5271078,
202608120413434066,202608120413434065,20260812041027,2,8,Silver UKG Hour Register,HourRegister,TASK_COMPLETE,SUCCESS,INFO,106121,106121,0,,2026-08-12T04:13:49.955Z,2026-08-12T04:14:18.515Z,27,2026-08-12T04:14:18.515Z,,,5887a7ec-8e8e-4ea8-ac1e-92a68946509a,
202608100539382784,202608100539382784,20260810053454,2,21,Silver UKG Positions,Positions,TASK_COMPLETE,SUCCESS,INFO,10,10,0,,2026-08-10T05:39:42.898Z,2026-08-10T05:40:14.877Z,25,2026-08-10T05:40:14.877Z,,,3848d083-d62d-4230-a484-06d335ca9baa,
202608120407571367,202608120407571366,20260812040001,1,16,UKG Positions API,br_Positions,TASK_COMPLETE,SUCCESS,INFO,10,10,0,,2026-08-12T04:08:05.729Z,2026-08-12T04:08:26.628Z,18,2026-08-12T04:08:26.628Z,,,5887a7ec-8e8e-4ea8-ac1e-92a68946509a,
202608120929148523,202608120928114000,20260812092753,101,13669,Silver QQ_GLTRAN,sl_QQgltran,TASK_COMPLETE,SUCCESS,INFO,19100,194,0,,2026-08-12T09:28:15.912Z,2026-08-12T09:29:17.770Z,45,2026-08-12T09:29:17.770Z,,,3ceecaf4-5cab-4434-a477-f1d5d0d51483,
202608140303148555,202608140303148555,20260814030207,5,33,Silver 8x8 Users,sl_8x8_Users,TASK_COMPLETE,SUCCESS,INFO,5652,5652,0,,2026-08-14T03:03:18.890Z,2026-08-14T03:03:36.430Z,16,2026-08-14T03:03:36.430Z,,,360959fd-08b4-465c-be75-1bdb70b33137,
202608140856236175,202608140856236174,20260814085505,5,33,Silver 8x8 Users,sl_8x8_Users,TASK_COMPLETE,SUCCESS,INFO,5652,5652,0,,2026-08-14T08:56:27.657Z,2026-08-14T08:56:45.995Z,16,2026-08-14T08:56:45.995Z,,,36ebac0c-26de-4656-ae31-977cae255ad9,
202608131722459510,202608131722459510,20260813172024,5,33,Silver 8x8 Users,sl_8x8_Users,TASK_COMPLETE,SUCCESS,INFO,5652,5652,0,,2026-08-13T17:22:50.016Z,2026-08-13T17:23:14.580Z,22,2026-08-13T17:23:14.580Z,,,793a1d88-9a51-42e1-b67b-8a9da7bfcd79,
202608171034184838,202608171034184838,202608171026319654,84,230,Gold Salesforce Events,Events,TASK_COMPLETE,SUCCESS,INFO,0,0,0,,2026-08-17T10:34:24.615Z,2026-08-17T10:34:40.938Z,13,2026-08-17T10:34:40.938Z,,,7037e752-f6e1-4d8a-bc47-4e70a4e83a16,
202608151119283316,202608151119283315,20260815111805,5,33,Silver 8x8 Users,sl_8x8_Users,TASK_COMPLETE,SUCCESS,INFO,5648,5648,0,,2026-08-15T11:19:34.628Z,2026-08-15T11:19:59.025Z,22,2026-08-15T11:19:59.025Z,,,2898ad47-3f2c-4db5-b5fc-5329717fcc94,
202608170427438869,202608170427438868,20260817042608,5,33,Silver 8x8 Users,sl_8x8_Users,TASK_COMPLETE,SUCCESS,INFO,5648,5648,0,,2026-08-17T04:27:47.789Z,2026-08-17T04:28:25.069Z,35,2026-08-17T04:28:25.069Z,,,05bfb3aa-4a65-44f5-8e9d-867f9caa849a,
202608140229489986,202608140229489986,20260814022839,5,33,Silver 8x8 Users,sl_8x8_Users,TASK_COMPLETE,SUCCESS,INFO,5652,5652,0,,2026-08-14T02:29:53.000Z,2026-08-14T02:30:12.270Z,17,2026-08-14T02:30:12.270Z,,,7582fe2a-ab67-4726-aa6a-73a8a3ff4bdb,
202608171006370641,202608171006370641,202608171005421194,82,201,Salesforce Record Types,br_sf_recordtype,TASK_COMPLETE,SUCCESS,INFO,21,21,0,,2026-08-17T10:06:44.646Z,2026-08-17T10:07:17.074Z,30,2026-08-17T10:07:17.074Z,,,7037e752-f6e1-4d8a-bc47-4e70a4e83a16,
202608141103047544,202608141103047543,202608141102115386,82,201,Salesforce Record Types,br_sf_recordtype,TASK_COMPLETE,SUCCESS,INFO,21,21,0,,2026-08-14T11:03:10.530Z,2026-08-14T11:03:30.999Z,19,2026-08-14T11:03:30.999Z,,,65af9a38-d304-499c-abe3-51037aa67f0b,
202608141124011161,202608141124011160,202608141121345444,84,220,Gold Salesforce StgContacts,stgContacts,TASK_COMPLETE,SUCCESS,INFO,1507,1507,0,,2026-08-14T11:24:05.730Z,2026-08-14T11:24:28.021Z,20,2026-08-14T11:24:28.021Z,,,65af9a38-d304-499c-abe3-51037aa67f0b,
202608171019498046,202608171019498045,202608171018106132,83,210,Silver Salesforce Tasks,sl_sf_tasks,TASK_COMPLETE,SUCCESS,INFO,191,191,0,,2026-08-17T10:19:55.436Z,2026-08-17T10:20:29.968Z,32,2026-08-17T10:20:29.968Z,,,7037e752-f6e1-4d8a-bc47-4e70a4e83a16,
202608141506426749,202608141444243621,202608141444243611,47,9878,P1 Finance Claims Silver,tbl_Claims,TASK_COMPLETE,SUCCESS,INFO,68767,68767,0,,2026-08-14T14:44:17.762Z,2026-08-14T15:09:27.882Z,1510,2026-08-14T15:09:27.882Z,,,1c123384-c339-4954-be1f-3a8d150ebb14,
202608140554235488,202608140537510913,202608140537510912,119,12560,Silver P1/P2 Assessments,sl_NewAdmissionAssessment,TASK_COMPLETE,SUCCESS,INFO,869,869,0,,2026-08-14T05:37:54.245Z,2026-08-14T05:54:25.587Z,991,2026-08-14T05:54:25.587Z,,,49a6a879-8aad-45bb-887e-905eab5ea9bb,
202608120923235505,202608120921480812,20260812092139,100,13668,Bronze QQ_GLTRAN,br_qq_gltran,TASK_COMPLETE,SUCCESS,INFO,19100,19100,0,,2026-08-12T09:21:55.570Z,2026-08-12T09:23:28.129Z,79,2026-08-12T09:23:28.129Z,,,3ceecaf4-5cab-4434-a477-f1d5d0d51483,
202608130926144538,202608130924159698,20260813092406,100,13668,Bronze QQ_GLTRAN,br_qq_gltran,TASK_COMPLETE,SUCCESS,INFO,26994,26994,0,,2026-08-13T09:24:31.290Z,2026-08-13T09:26:24.757Z,91,2026-08-13T09:26:24.757Z,,,4234ec48-eb8e-4ef9-a9a6-7b79ac775c90,
202608131349413969,202608131347313859,20260813134723,100,13668,Bronze QQ_GLTRAN,br_qq_gltran,TASK_COMPLETE,SUCCESS,INFO,26994,26994,0,,2026-08-13T13:47:39.008Z,2026-08-13T13:49:44.500Z,85,2026-08-13T13:49:44.500Z,,,18a8bdd4-64d7-475c-ae36-22f089cffbdd,
202608120127537024,202608120125229482,20260812012448,100,13668,Bronze QQ_GLTRAN,br_qq_gltran,TASK_COMPLETE,SUCCESS,INFO,18906,18906,0,,2026-08-12T01:26:08.964Z,2026-08-12T01:28:19.849Z,98,2026-08-12T01:28:19.849Z,,,6cc434e9-f97e-4251-a21f-0d09ad221fad,
202608121410240546,202608121408419363,20260812140831,100,13668,Bronze QQ_GLTRAN,br_qq_gltran,TASK_COMPLETE,SUCCESS,INFO,25917,25917,0,,2026-08-12T14:08:47.737Z,2026-08-12T14:10:28.698Z,87,2026-08-12T14:10:28.698Z,,,73cb27f3-e3a8-4a25-bf87-1cf2e3ca34d8,
202608110856360818,202608110856360818,20260811085336,2,7,Silver UKG Org Levels,OrgLevels,TASK_COMPLETE,SUCCESS,INFO,202,202,0,,2026-08-11T08:56:43.030Z,2026-08-11T08:57:08.649Z,23,2026-08-11T08:57:08.649Z,,,0fc9623f-ac58-4aee-8aa3-3afbc5271078,
202608100529335386,202608100529335386,20260810052749,1,3,UKG Org Levels API,br_OrgLevels,TASK_COMPLETE,SUCCESS,INFO,202,202,0,,2026-08-10T05:29:39.973Z,2026-08-10T05:29:57.713Z,16,2026-08-10T05:29:57.713Z,,,3848d083-d62d-4230-a484-06d335ca9baa,
202608110843489080,202608110843489079,20260811084116,1,3,UKG Org Levels API,br_OrgLevels,TASK_COMPLETE,SUCCESS,INFO,202,202,0,,2026-08-11T08:43:59.802Z,2026-08-11T08:44:59.570Z,55,2026-08-11T08:44:59.570Z,,,0fc9623f-ac58-4aee-8aa3-3afbc5271078,
202608170012561250,202608162346518912,202608162346518898,86,5733,Silver INV,sl_ReAssessmentPhysicalHealth,TASK_COMPLETE,SUCCESS,INFO,697,697,0,,2026-08-16T23:46:55.971Z,2026-08-17T00:12:58.187Z,1563,2026-08-17T00:12:58.187Z,,,77f58b99-e250-4627-9f17-559331ecd0ef,
202608100957045002,202608100934467082,202608100934467074,86,5727,Silver INV,sl_AdmissionAssessmentSummary,TASK_COMPLETE,SUCCESS,INFO,909,909,0,,2026-08-10T09:34:42.906Z,2026-08-10T09:57:07.278Z,1345,2026-08-10T09:57:07.278Z,,,6ef3fd30-03b0-4dcd-9022-3df447f4d036,
202608100957045008,202608100934467088,202608100934467074,86,5733,Silver INV,sl_ReAssessmentPhysicalHealth,TASK_COMPLETE,SUCCESS,INFO,697,697,0,,2026-08-10T09:34:42.906Z,2026-08-10T09:57:07.278Z,1345,2026-08-10T09:57:07.278Z,,,6ef3fd30-03b0-4dcd-9022-3df447f4d036,
202608170012561243,202608162346518906,202608162346518898,86,5727,Silver INV,sl_AdmissionAssessmentSummary,TASK_COMPLETE,SUCCESS,INFO,914,914,0,,2026-08-16T23:46:55.971Z,2026-08-17T00:12:58.187Z,1563,2026-08-17T00:12:58.187Z,,,77f58b99-e250-4627-9f17-559331ecd0ef,
202608181242372927,202608181207908127,202608181207908120,124,13641,Assessments Silver - SavePADimension5,sl_PADimension5,TASK_COMPLETE,SUCCESS,INFO,1333,1333,0,,2026-08-18T12:09:06.544Z,2026-08-18T12:42:40.508Z,2014,2026-08-18T12:42:40.508Z,Global,SAMMSGLOBAL,6a9f8fe6-e2a7-49ab-8570-443c59873958,
202608141520396106,202608141439460330,202608141439460325,124,13639,Assessments Silver - SavePADimension3,sl_PADimension3,TASK_COMPLETE,SUCCESS,INFO,1333,1333,0,,2026-08-14T14:40:07.233Z,2026-08-14T15:20:43.374Z,2436,2026-08-14T15:20:43.374Z,Global,SAMMSGLOBAL,58f20748-15b7-4a11-966c-9510b56c5310,
202608181242355812,202608181207908124,202608181207908120,124,13638,Assessments Silver - SavePADimension2,sl_PADimension2,TASK_COMPLETE,SUCCESS,INFO,1339,1339,0,,2026-08-18T12:09:06.544Z,2026-08-18T12:42:40.508Z,2014,2026-08-18T12:42:40.508Z,Global,SAMMSGLOBAL,6a9f8fe6-e2a7-49ab-8570-443c59873958,
202608181242368036,202608181207908126,202608181207908120,124,13640,Assessments Silver - SavePADimension4,sl_PADimension4,TASK_COMPLETE,SUCCESS,INFO,1336,1336,0,,2026-08-18T12:09:06.544Z,2026-08-18T12:42:40.508Z,2014,2026-08-18T12:42:40.508Z,Global,SAMMSGLOBAL,6a9f8fe6-e2a7-49ab-8570-443c59873958,
202608181059493584,202608181018508815,202608181018508812,124,13637,Assessments Silver - SavePADimension1,sl_PADimension1,TASK_COMPLETE,SUCCESS,INFO,9440,1349,0,,2026-08-18T10:19:21.940Z,2026-08-18T10:59:51.420Z,2430,2026-08-18T10:59:51.420Z,Global,SAMMSGLOBAL,06767fa9-f980-4e92-a048-4dd43e2dbe98,
202608181059493588,202608181018508818,202608181018508812,124,13640,Assessments Silver - SavePADimension4,sl_PADimension4,TASK_COMPLETE,SUCCESS,INFO,6680,1336,0,,2026-08-18T10:19:21.940Z,2026-08-18T10:59:51.420Z,2430,2026-08-18T10:59:51.420Z,Global,SAMMSGLOBAL,06767fa9-f980-4e92-a048-4dd43e2dbe98,
202608141520396105,202608141439460329,202608141439460325,124,13638,Assessments Silver - SavePADimension2,sl_PADimension2,TASK_COMPLETE,SUCCESS,INFO,1337,1337,0,,2026-08-14T14:40:07.233Z,2026-08-14T15:20:43.374Z,2436,2026-08-14T15:20:43.374Z,Global,SAMMSGLOBAL,58f20748-15b7-4a11-966c-9510b56c5310,
202608250301019547,202608250301019546,20260825025926,2,8,Silver UKG Hour Register,HourRegister,TASK_COMPLETE,SUCCESS,INFO,108289,108289,0,,2026-08-25T03:01:05.838Z,2026-08-25T03:01:25.185Z,18,2026-08-25T03:01:25.185Z,,,6ee9c1fc-1bc7-4a37-a063-1dfebdad8409,
202608181059493587,202608181018508817,202608181018508812,124,13639,Assessments Silver - SavePADimension3,sl_PADimension3,TASK_COMPLETE,SUCCESS,INFO,9348,1336,0,,2026-08-18T10:19:21.940Z,2026-08-18T10:59:51.420Z,2430,2026-08-18T10:59:51.420Z,Global,SAMMSGLOBAL,06767fa9-f980-4e92-a048-4dd43e2dbe98,
202608251653065297,202608251629736805,202608251629736804,89,4768,P1 Reference Clinic Silver,tbl_Clinic,TASK_COMPLETE,SUCCESS,INFO,2,2,0,,2026-08-25T16:30:10.484Z,2026-08-25T16:53:08.464Z,1378,2026-08-25T16:53:08.464Z,,,6d78ce37-8c21-4519-a454-1e5ee4a84a47,
202608181059493590,202608181018508820,202608181018508812,124,13642,Assessments Silver - SavePADimension6,sl_PADimension6,TASK_COMPLETE,SUCCESS,INFO,9320,1332,0,,2026-08-18T10:19:21.940Z,2026-08-18T10:59:51.420Z,2430,2026-08-18T10:59:51.420Z,Global,SAMMSGLOBAL,06767fa9-f980-4e92-a048-4dd43e2dbe98,
202608181242362803,202608181207908125,202608181207908120,124,13639,Assessments Silver - SavePADimension3,sl_PADimension3,TASK_COMPLETE,SUCCESS,INFO,1336,1336,0,,2026-08-18T12:09:06.544Z,2026-08-18T12:42:40.508Z,2014,2026-08-18T12:42:40.508Z,Global,SAMMSGLOBAL,6a9f8fe6-e2a7-49ab-8570-443c59873958,
202608181242378747,202608181207908128,202608181207908120,124,13642,Assessments Silver - SavePADimension6,sl_PADimension6,TASK_COMPLETE,SUCCESS,INFO,1332,1332,0,,2026-08-18T12:09:06.544Z,2026-08-18T12:42:40.508Z,2014,2026-08-18T12:42:40.508Z,Global,SAMMSGLOBAL,6a9f8fe6-e2a7-49ab-8570-443c59873958,
202608151434387468,202608151417675658,202608151417675641,118,10723,Bronze P1/P2 Assessments,br_NewPeriodicReassessment,TASK_COMPLETE,SUCCESS,INFO,321,321,0,,2026-08-15T14:18:19.683Z,2026-08-15T14:37:39.575Z,1160,2026-08-15T14:37:39.575Z,B24,Paintsville,556076c4-618a-4487-8b31-ba5017a3c197,
202608151434387469,202608151417675659,202608151417675641,118,10725,Bronze P1/P2 Assessments,br_NewPeriodicReassessment,TASK_COMPLETE,SUCCESS,INFO,1197,1197,0,,2026-08-15T14:18:19.683Z,2026-08-15T14:37:39.575Z,1160,2026-08-15T14:37:39.575Z,B26,Hazard,556076c4-618a-4487-8b31-ba5017a3c197,
202608181230520163,202608181205521849,202608181205521842,118,10723,Bronze P1/P2 Assessments,br_NewPeriodicReassessment,TASK_COMPLETE,SUCCESS,INFO,322,322,0,,2026-08-18T12:06:00.341Z,2026-08-18T12:30:55.108Z,1495,2026-08-18T12:30:55.108Z,B24,Paintsville,201d97b6-7f87-43f7-a098-fb002daf1faf,
202608181230520164,202608181205521850,202608181205521842,118,10725,Bronze P1/P2 Assessments,br_NewPeriodicReassessment,TASK_COMPLETE,SUCCESS,INFO,1206,1206,0,,2026-08-18T12:06:00.341Z,2026-08-18T12:30:55.108Z,1495,2026-08-18T12:30:55.108Z,B26,Hazard,201d97b6-7f87-43f7-a098-fb002daf1faf,
202608150822537973,202608150822537973,202608150818522823,83,213,Silver Salesforce Contacts,sl_sf_contacts,TASK_COMPLETE,SUCCESS,INFO,1426,1426,0,,2026-08-15T08:22:58.719Z,2026-08-15T08:23:27.275Z,27,2026-08-15T08:23:27.275Z,,,749d5262-86ff-40e0-8a86-2235f2d6051c,
202608181412117361,202608181342362710,202608181342362706,47,9170,P1 Finance FMP Silver,tbl_Fmp,TASK_COMPLETE,SUCCESS,INFO,10037,10037,0,,2026-08-18T13:42:39.071Z,2026-08-18T14:12:14.024Z,1775,2026-08-18T14:12:14.024Z,,,2b16abcf-416f-4fd8-80a9-0aa52ca66e5c,
202608181318573818,202608181250309446,202608181250309442,47,9170,P1 Finance FMP Silver,tbl_Fmp,TASK_COMPLETE,SUCCESS,INFO,10037,10037,0,,2026-08-18T12:50:23.823Z,2026-08-18T13:19:00.283Z,1717,2026-08-18T13:19:00.283Z,,,03823c35-021d-4cc9-8374-59681a542f1d,
202608100957045019,202608100934467097,202608100934467074,86,8582,Silver INV,sl_LABResultDetail,TASK_COMPLETE,SUCCESS,INFO,11015,11015,0,,2026-08-10T09:34:42.906Z,2026-08-10T09:57:07.278Z,1345,2026-08-10T09:57:07.278Z,,,6ef3fd30-03b0-4dcd-9022-3df447f4d036,
202608100957044993,202608100934467075,202608100934467074,86,5720,Silver INV,sl_AdmissionAssessment,TASK_COMPLETE,SUCCESS,INFO,19,19,0,,2026-08-10T09:34:42.906Z,2026-08-10T09:57:07.278Z,1345,2026-08-10T09:57:07.278Z,,,6ef3fd30-03b0-4dcd-9022-3df447f4d036,
202608170012561234,202608162346518899,202608162346518898,86,5720,Silver INV,sl_AdmissionAssessment,TASK_COMPLETE,SUCCESS,INFO,19,19,0,,2026-08-16T23:46:55.971Z,2026-08-17T00:12:58.187Z,1563,2026-08-17T00:12:58.187Z,,,77f58b99-e250-4627-9f17-559331ecd0ef,
202608170753378086,202608170753378085,20260817075249,6,35,Gold 8x8 CallVolume,8x8_CallVolume,TASK_COMPLETE,SUCCESS,INFO,2993,2993,0,,2026-08-17T07:53:42.967Z,2026-08-17T07:54:02.313Z,17,2026-08-17T07:54:02.313Z,,,3ff82efb-5627-4b07-90b6-91557ea1f939,
202608131725387947,202608131725387947,20260813172437,6,35,Gold 8x8 CallVolume,8x8_CallVolume,TASK_COMPLETE,SUCCESS,INFO,6800,6800,0,,2026-08-13T17:25:42.956Z,2026-08-13T17:26:05.076Z,20,2026-08-13T17:26:05.076Z,,,793a1d88-9a51-42e1-b67b-8a9da7bfcd79,
202608170012561245,202608162346518908,202608162346518898,86,5729,Silver INV,sl_ReAssessmentFamily,TASK_COMPLETE,SUCCESS,INFO,697,697,0,,2026-08-16T23:46:55.971Z,2026-08-17T00:12:58.187Z,1563,2026-08-17T00:12:58.187Z,,,77f58b99-e250-4627-9f17-559331ecd0ef,
202608141126509080,202608141126509080,202608141121345444,84,225,Gold Salesforce Contacts,Contacts,TASK_COMPLETE,SUCCESS,INFO,21,21,0,,2026-08-14T11:26:55.342Z,2026-08-14T11:27:06.988Z,10,2026-08-14T11:27:06.988Z,,,65af9a38-d304-499c-abe3-51037aa67f0b,
202608141125143537,202608141125143537,202608141121345444,84,222,Gold Salesforce StgLeads,stgLeads,TASK_COMPLETE,SUCCESS,INFO,63,63,0,,2026-08-14T11:25:19.349Z,2026-08-14T11:25:47.977Z,26,2026-08-14T11:25:47.977Z,,,65af9a38-d304-499c-abe3-51037aa67f0b,
202608121119423435,202608121111515155,20260812111118,100,13668,Bronze QQ_GLTRAN,br_qq_gltran,TASK_COMPLETE,SUCCESS,INFO,25917,25917,0,,2026-08-12T11:12:46.583Z,2026-08-12T11:20:24.473Z,349,2026-08-12T11:20:24.473Z,,,1b0f010c-6a14-4998-a93b-4f07f46b08c5,
202608111251563340,202608111247564309,20260811124748,100,13668,Bronze QQ_GLTRAN,br_qq_gltran,TASK_COMPLETE,SUCCESS,INFO,18906,18906,0,,2026-08-11T12:49:07.963Z,2026-08-11T12:52:17.854Z,129,2026-08-11T12:52:17.854Z,,,07a568df-8fb2-477d-9bf7-93c7d3cf3953,
202608121002505455,202608121000509950,20260812100043,100,13668,Bronze QQ_GLTRAN,br_qq_gltran,TASK_COMPLETE,SUCCESS,INFO,19100,19100,0,,2026-08-12T10:00:56.712Z,2026-08-12T10:02:54.003Z,106,2026-08-12T10:02:54.003Z,,,073a6fce-c9bc-479b-9176-987e7c40f23f,
202608130721205278,202608130718325140,20260813071822,100,13668,Bronze QQ_GLTRAN,br_qq_gltran,TASK_COMPLETE,SUCCESS,INFO,26994,26994,0,,2026-08-13T07:18:41.734Z,2026-08-13T07:21:50.174Z,121,2026-08-13T07:21:50.174Z,,,938c3b79-c6a2-4853-9eeb-af71ec6a1113,
202608131414020817,202608131411550840,20260813141146,100,13668,Bronze QQ_GLTRAN,br_qq_gltran,TASK_COMPLETE,SUCCESS,INFO,26994,26994,0,,2026-08-13T14:12:06.104Z,2026-08-13T14:14:08.239Z,105,2026-08-13T14:14:08.239Z,,,5c6777a8-8be5-4857-80ff-f86426d0e712,
202608120412451058,202608120412451058,20260812041027,2,7,Silver UKG Org Levels,OrgLevels,TASK_COMPLETE,SUCCESS,INFO,202,202,0,,2026-08-12T04:12:54.435Z,2026-08-12T04:13:35.518Z,39,2026-08-12T04:13:35.518Z,,,5887a7ec-8e8e-4ea8-ac1e-92a68946509a,
202608120402010999,202608120402010999,20260812040001,1,3,UKG Org Levels API,br_OrgLevels,TASK_COMPLETE,SUCCESS,INFO,202,202,0,,2026-08-12T04:02:26.764Z,2026-08-12T04:02:49.455Z,21,2026-08-12T04:02:49.455Z,,,5887a7ec-8e8e-4ea8-ac1e-92a68946509a,
202608100536361818,202608100536361818,20260810053454,2,7,Silver UKG Org Levels,OrgLevels,TASK_COMPLETE,SUCCESS,INFO,202,202,0,,2026-08-10T05:36:39.746Z,2026-08-10T05:36:56.471Z,15,2026-08-10T05:36:56.471Z,,,3848d083-d62d-4230-a484-06d335ca9baa,
202608141506426765,202608141444243615,202608141444243611,47,9170,P1 Finance FMP Silver,tbl_Fmp,TASK_COMPLETE,SUCCESS,INFO,28,28,0,,2026-08-14T14:44:17.762Z,2026-08-14T15:09:27.882Z,1510,2026-08-14T15:09:27.882Z,,,1c123384-c339-4954-be1f-3a8d150ebb14,
202608100407232506,202608100407232506,20260810040549,5,33,Silver 8x8 Users,sl_8x8_Users,TASK_COMPLETE,SUCCESS,INFO,5627,5627,0,,2026-08-10T04:07:27.133Z,2026-08-10T04:07:46.726Z,18,2026-08-10T04:07:46.726Z,,,0c0b5e48-d053-4755-97ee-27a6c27d227e,
202608141129432934,202608141129432934,202608141121345444,84,230,Gold Salesforce Events,Events,TASK_COMPLETE,SUCCESS,INFO,0,0,0,,2026-08-14T11:29:47.226Z,2026-08-14T11:30:01.537Z,12,2026-08-14T11:30:01.537Z,,,65af9a38-d304-499c-abe3-51037aa67f0b,
202608150532289557,202608150532289557,20260815053049,5,33,Silver 8x8 Users,sl_8x8_Users,TASK_COMPLETE,SUCCESS,INFO,5648,5648,0,,2026-08-15T05:32:34.116Z,2026-08-15T05:32:54.156Z,18,2026-08-15T05:32:54.156Z,,,6517d2eb-46fa-4d72-8ea4-8ae23e1d30a8,
202608131540227926,202608131540227925,20260813153844,5,33,Silver 8x8 Users,sl_8x8_Users,TASK_COMPLETE,SUCCESS,INFO,5652,5652,0,,2026-08-13T15:40:43.662Z,2026-08-13T15:41:03.107Z,18,2026-08-13T15:41:03.107Z,,,6cba3a07-87e1-4e5a-809c-65a43422107a,
202608100747436686,202608100747436686,20260810074649,5,33,Silver 8x8 Users,sl_8x8_Users,TASK_COMPLETE,SUCCESS,INFO,5627,5627,0,,2026-08-10T07:47:47.350Z,2026-08-10T07:48:07.281Z,16,2026-08-10T07:48:07.281Z,,,16a75514-afc2-4aaf-9331-e34f7fb9f5b5,
202608171008073260,202608171008073260,202608171005421194,82,203,Salesforce Users,br_sf_users,TASK_COMPLETE,SUCCESS,INFO,473,473,0,,2026-08-17T10:08:14.112Z,2026-08-17T10:08:37.430Z,21,2026-08-17T10:08:37.430Z,,,7037e752-f6e1-4d8a-bc47-4e70a4e83a16,
202608171007236189,202608171007236189,202608171005421194,82,202,Salesforce Tasks,br_sf_tasks,TASK_COMPLETE,SUCCESS,INFO,191,191,0,,2026-08-17T10:07:31.255Z,2026-08-17T10:08:01.800Z,28,2026-08-17T10:08:01.800Z,,,7037e752-f6e1-4d8a-bc47-4e70a4e83a16,
202608170008440958,202608162346418901,202608162346418898,85,1886,Bronze INV,br_Bottle,TASK_COMPLETE,SUCCESS,INFO,1857,1857,0,,2026-08-16T23:46:55.971Z,2026-08-17T00:08:47.406Z,1312,2026-08-17T00:08:47.406Z,AHK,Ahoskie,77f58b99-e250-4627-9f17-559331ecd0ef,
202608100902216402,202608100902216400,20260810090213,121,12584,Silver OffWeek Counseling Engagement,sl_OffWeekCounselingEngagement,TASK_COMPLETE,SUCCESS,INFO,0,0,0,,2026-08-10T09:02:21.640Z,2026-08-10T09:04:11.340Z,107,2026-08-10T09:04:11.340Z,,,871fd4e7-f63f-43b0-a6b5-8655d4836508,
202608160717014170,202608160717014169,20260816071655,121,12584,Silver OffWeek Counseling Engagement,sl_OffWeekCounselingEngagement,TASK_COMPLETE,SUCCESS,INFO,46986,46986,0,,2026-08-16T07:17:01.416Z,2026-08-16T07:21:48.058Z,283,2026-08-16T07:21:48.058Z,,,3db0df33-cd84-477a-b507-80edcb2c2641,
202608100936456155,202608100936456154,20260810093636,121,12584,Silver OffWeek Counseling Engagement,sl_OffWeekCounselingEngagement,TASK_COMPLETE,SUCCESS,INFO,0,0,0,,2026-08-10T09:36:45.615Z,2026-08-10T09:37:57.261Z,69,2026-08-10T09:37:57.261Z,,,1453389c-d490-4676-bef1-3fe43090239f,
202608180651198391,202608180651198389,20260818065101,121,12584,Silver OffWeek Counseling Engagement,sl_OffWeekCounselingEngagement,TASK_COMPLETE,SUCCESS,INFO,46986,46986,0,,2026-08-18T06:51:19.839Z,2026-08-18T06:56:32.477Z,309,2026-08-18T06:56:32.477Z,,,401c9c1b-3971-44a9-a17e-46e79ae01eff,
202608180556458640,202608180556458638,20260818055637,121,12584,Silver OffWeek Counseling Engagement,sl_OffWeekCounselingEngagement,TASK_COMPLETE,SUCCESS,INFO,46986,46986,0,,2026-08-18T05:56:45.863Z,2026-08-18T06:00:54.665Z,245,2026-08-18T06:00:54.665Z,,,0754271b-537b-4df2-8eea-828420187180,
202608101050339059,202608101050339058,20260810105024,116,8626,Silver Patient Services,sl_patientservicesnoshow,TASK_COMPLETE,SUCCESS,INFO,0,0,0,,2026-08-10T10:50:33.905Z,2026-08-10T10:52:26.724Z,110,2026-08-10T10:52:26.724Z,,,27259250-b7b5-4760-b5ee-1ed8503d4111,
202608121819579868,202608121819579867,20260812181949,116,8626,Silver Patient Services,sl_patientservicesnoshow,TASK_COMPLETE,SUCCESS,INFO,0,0,0,,2026-08-12T18:19:57.986Z,2026-08-12T18:23:42.269Z,197,2026-08-12T18:23:42.269Z,,,834aed09-160f-4574-8301-b233c796f637,
202608130856397415,202608130856397415,20260813085630,116,8626,Silver Patient Services,sl_patientservicesnoshow,TASK_COMPLETE,SUCCESS,INFO,0,0,0,,2026-08-13T08:56:45.825Z,2026-08-13T08:59:02.158Z,133,2026-08-13T08:59:02.158Z,,,68515acd-d42e-4d53-98a3-ea8ddd26175f,
202608181139045501,202608181139045500,20260818113853,116,8626,Silver Patient Services,sl_patientservicesnoshow,TASK_COMPLETE,SUCCESS,INFO,0,0,0,,2026-08-18T11:39:04.550Z,2026-08-18T11:42:31.359Z,204,2026-08-18T11:42:31.359Z,,,9ee2965a-96a2-491f-b224-b21484510b3a,
202608131155502021,202608131155502020,20260813115539,116,8626,Silver Patient Services,sl_patientservicesnoshow,TASK_COMPLETE,SUCCESS,INFO,0,0,0,,2026-08-13T11:55:59.324Z,2026-08-13T11:58:25.607Z,143,2026-08-13T11:58:25.607Z,,,6014d6de-3d2c-4cd5-a4f4-e68917ec3897,
202608170542311485,202608170542311485,20260817054218,116,8626,Silver Patient Services,sl_patientservicesnoshow,TASK_COMPLETE,SUCCESS,INFO,0,0,0,,2026-08-17T05:42:43.424Z,2026-08-17T05:44:39.340Z,113,2026-08-17T05:44:39.340Z,,,7d5ebbde-8708-475e-8b9b-47fa4c5e7a57,
202608180803285704,202608180803285703,20260818080316,116,8626,Silver Patient Services,sl_patientservicesnoshow,TASK_COMPLETE,SUCCESS,INFO,0,0,0,,2026-08-18T08:03:28.570Z,2026-08-18T08:07:29.746Z,237,2026-08-18T08:07:29.746Z,,,29373a40-37c1-4d75-982d-c5c47a764c32,
202608180412113143,202608180412113142,20260817225447,116,8626,Silver Patient Services,sl_patientservicesnoshow,TASK_COMPLETE,SUCCESS,INFO,0,0,0,,2026-08-18T04:12:11.314Z,2026-08-18T04:15:32.648Z,198,2026-08-18T04:15:32.648Z,,,8a9e0e01-d836-45d8-b32c-d2840ea54c41,
202608172146003715,202608172146003714,20260817214547,116,8626,Silver Patient Services,sl_patientservicesnoshow,TASK_COMPLETE,SUCCESS,INFO,0,0,0,,2026-08-17T21:46:00.371Z,2026-08-17T21:49:44.863Z,221,2026-08-17T21:49:44.863Z,,,7160b631-f324-49a8-a346-021825c2e8d3,
202608182027275492,202608182027275491,20260818202709,116,8626,Silver Patient Services,sl_patientservicesnoshow,TASK_COMPLETE,SUCCESS,INFO,0,0,0,,2026-08-18T20:27:27.549Z,2026-08-18T20:31:22.696Z,235,2026-08-18T20:31:22.696Z,,,2ccc55d2-080c-4909-8d6b-aa8830b36e3d,
202608130715168464,202608130715168462,20260813071508,116,8626,Silver Patient Services,sl_patientservicesnoshow,TASK_COMPLETE,SUCCESS,INFO,0,0,0,,2026-08-13T07:15:16.846Z,2026-08-13T07:18:23.273Z,182,2026-08-13T07:18:23.273Z,,,39b38d63-d5cb-4eb4-967b-00c56a65af6d,
202608172114199585,202608172114199584,20260814045003,116,8626,Silver Patient Services,sl_patientservicesnoshow,TASK_COMPLETE,SUCCESS,INFO,0,0,0,,2026-08-17T21:14:19.958Z,2026-08-17T21:17:58.848Z,215,2026-08-17T21:17:58.848Z,,,2303497c-bbf1-4033-9ae6-940348f197bc,
202608172220371112,202608172220371110,20260817222025,116,8626,Silver Patient Services,sl_patientservicesnoshow,TASK_COMPLETE,SUCCESS,INFO,0,0,0,,2026-08-17T22:20:37.111Z,2026-08-17T22:24:25.369Z,225,2026-08-17T22:24:25.369Z,,,9f3d1d7e-d037-4f1e-8d8f-a6326a1b4b90,
202608170008440993,202608162346418933,202608162346418898,85,3174,Bronze INV,br_ReAssessmentFamily,TASK_COMPLETE,SUCCESS,INFO,35,35,0,,2026-08-16T23:46:55.971Z,2026-08-17T00:08:47.406Z,1312,2026-08-17T00:08:47.406Z,AHK,Ahoskie,77f58b99-e250-4627-9f17-559331ecd0ef,
202608181233341161,202608181205621849,202608181205621842,119,12566,Silver P1/P2 Assessments,sl_NewPeriodicReassessmentD4,TASK_COMPLETE,SUCCESS,INFO,0,0,0,,2026-08-18T12:06:00.341Z,2026-08-18T12:33:35.919Z,1655,2026-08-18T12:33:35.919Z,,,201d97b6-7f87-43f7-a098-fb002daf1faf,
202608181233341163,202608181205621851,202608181205621842,119,12568,Silver P1/P2 Assessments,sl_NewPeriodicReassessmentD6,TASK_COMPLETE,SUCCESS,INFO,0,0,0,,2026-08-18T12:06:00.341Z,2026-08-18T12:33:35.919Z,1655,2026-08-18T12:33:35.919Z,,,201d97b6-7f87-43f7-a098-fb002daf1faf,
202608181233341159,202608181205621847,202608181205621842,119,12564,Silver P1/P2 Assessments,sl_NewPeriodicReassessmentD2,TASK_COMPLETE,SUCCESS,INFO,0,0,0,,2026-08-18T12:06:00.341Z,2026-08-18T12:33:35.919Z,1655,2026-08-18T12:33:35.919Z,,,201d97b6-7f87-43f7-a098-fb002daf1faf,
202608171148188077,202608171119687427,202608171119687420,119,12566,Silver P1/P2 Assessments,sl_NewPeriodicReassessmentD4,TASK_COMPLETE,SUCCESS,INFO,0,0,0,,2026-08-17T11:20:06.775Z,2026-08-17T11:48:22.375Z,1696,2026-08-17T11:48:22.375Z,,,50b193b8-c8c8-41b3-8f69-a5e058560d7e,
202608170751444044,202608170720464606,202608170720464599,119,12566,Silver P1/P2 Assessments,sl_NewPeriodicReassessmentD4,TASK_COMPLETE,SUCCESS,INFO,0,0,0,,2026-08-17T07:20:41.512Z,2026-08-17T07:51:47.000Z,1866,2026-08-17T07:51:47.000Z,,,422b71cc-fe6c-4f30-846d-92fb5587d0e9,
202608181233341160,202608181205621848,202608181205621842,119,12565,Silver P1/P2 Assessments,sl_NewPeriodicReassessmentD3,TASK_COMPLETE,SUCCESS,INFO,0,0,0,,2026-08-18T12:06:00.341Z,2026-08-18T12:33:35.919Z,1655,2026-08-18T12:33:35.919Z,,,201d97b6-7f87-43f7-a098-fb002daf1faf,
202608170751444046,202608170720464608,202608170720464599,119,12568,Silver P1/P2 Assessments,sl_NewPeriodicReassessmentD6,TASK_COMPLETE,SUCCESS,INFO,0,0,0,,2026-08-17T07:20:41.512Z,2026-08-17T07:51:47.000Z,1866,2026-08-17T07:51:47.000Z,,,422b71cc-fe6c-4f30-846d-92fb5587d0e9,
202608171148188075,202608171119687426,202608171119687420,119,12565,Silver P1/P2 Assessments,sl_NewPeriodicReassessmentD3,TASK_COMPLETE,SUCCESS,INFO,0,0,0,,2026-08-17T11:20:06.775Z,2026-08-17T11:48:22.375Z,1696,2026-08-17T11:48:22.375Z,,,50b193b8-c8c8-41b3-8f69-a5e058560d7e,
202608171148188074,202608171119687425,202608171119687420,119,12564,Silver P1/P2 Assessments,sl_NewPeriodicReassessmentD2,TASK_COMPLETE,SUCCESS,INFO,0,0,0,,2026-08-17T11:20:06.775Z,2026-08-17T11:48:22.375Z,1696,2026-08-17T11:48:22.375Z,,,50b193b8-c8c8-41b3-8f69-a5e058560d7e,
202608211208595700,202608211206578755,20260821120648,100,13668,Bronze QQ_GLTRAN,br_qq_gltran,TASK_COMPLETE,SUCCESS,INFO,20814,20814,0,,2026-08-21T12:07:06.870Z,2026-08-21T12:09:03.440Z,103,2026-08-21T12:09:03.440Z,,,14146b7e-033f-4242-ae62-396792c4e1a2,
202608121611314273,202608121554624209,202608121554624207,8,94385,DOSE Silver Pipeline,tbl_dose_excuse,TASK_COMPLETE,SUCCESS,INFO,38,38,0,,2026-08-12T15:56:31.148Z,2026-08-12T16:11:57.949Z,926,2026-08-12T16:11:57.949Z,,,8f7980aa-1c89-4271-a743-cd3729c55733,
202608181235279353,202608181205721850,202608181205721842,120,12579,Gold P1/P2 Assessments,NewPeriodicReassessmentD5,TASK_COMPLETE,SUCCESS,INFO,2844,2844,0,,2026-08-18T12:06:00.341Z,2026-08-18T12:35:39.059Z,1779,2026-08-18T12:35:39.059Z,,,201d97b6-7f87-43f7-a098-fb002daf1faf,
202608181235300931,202608181205721851,202608181205721842,120,12580,Gold P1/P2 Assessments,NewPeriodicReassessmentD6,TASK_COMPLETE,SUCCESS,INFO,2850,2850,0,,2026-08-18T12:06:00.341Z,2026-08-18T12:35:39.059Z,1779,2026-08-18T12:35:39.059Z,,,201d97b6-7f87-43f7-a098-fb002daf1faf,
202608171150370101,202608171119787427,202608171119787420,120,12578,Gold P1/P2 Assessments,NewPeriodicReassessmentD4,TASK_COMPLETE,SUCCESS,INFO,2845,2845,0,,2026-08-17T11:20:06.775Z,2026-08-17T11:50:49.684Z,1843,2026-08-17T11:50:49.684Z,,,50b193b8-c8c8-41b3-8f69-a5e058560d7e,
202608171150353235,202608171119787426,202608171119787420,120,12577,Gold P1/P2 Assessments,NewPeriodicReassessmentD3,TASK_COMPLETE,SUCCESS,INFO,2845,2845,0,,2026-08-17T11:20:06.775Z,2026-08-17T11:50:49.684Z,1843,2026-08-17T11:50:49.684Z,,,50b193b8-c8c8-41b3-8f69-a5e058560d7e,
202608170755125436,202608170720564605,202608170720564599,120,12577,Gold P1/P2 Assessments,NewPeriodicReassessmentD3,TASK_COMPLETE,SUCCESS,INFO,2845,2845,0,,2026-08-17T07:20:41.512Z,2026-08-17T07:55:26.905Z,2085,2026-08-17T07:55:26.905Z,,,422b71cc-fe6c-4f30-846d-92fb5587d0e9,
202608170755166842,202608170720564607,202608170720564599,120,12579,Gold P1/P2 Assessments,NewPeriodicReassessmentD5,TASK_COMPLETE,SUCCESS,INFO,2844,2844,0,,2026-08-17T07:20:41.512Z,2026-08-17T07:55:26.905Z,2085,2026-08-17T07:55:26.905Z,,,422b71cc-fe6c-4f30-846d-92fb5587d0e9,
202608171150324644,202608171119787425,202608171119787420,120,12576,Gold P1/P2 Assessments,NewPeriodicReassessmentD2,TASK_COMPLETE,SUCCESS,INFO,2847,2847,0,,2026-08-17T11:20:06.775Z,2026-08-17T11:50:49.684Z,1843,2026-08-17T11:50:49.684Z,,,50b193b8-c8c8-41b3-8f69-a5e058560d7e,
202608181235211941,202608181205721847,202608181205721842,120,12576,Gold P1/P2 Assessments,NewPeriodicReassessmentD2,TASK_COMPLETE,SUCCESS,INFO,2847,2847,0,,2026-08-18T12:06:00.341Z,2026-08-18T12:35:39.059Z,1779,2026-08-18T12:35:39.059Z,,,201d97b6-7f87-43f7-a098-fb002daf1faf,
202608170755111383,202608170720564604,202608170720564599,120,12576,Gold P1/P2 Assessments,NewPeriodicReassessmentD2,TASK_COMPLETE,SUCCESS,INFO,2847,2847,0,,2026-08-17T07:20:41.512Z,2026-08-17T07:55:26.905Z,2085,2026-08-17T07:55:26.905Z,,,422b71cc-fe6c-4f30-846d-92fb5587d0e9,
202608171150413933,202608171119787429,202608171119787420,120,12580,Gold P1/P2 Assessments,NewPeriodicReassessmentD6,TASK_COMPLETE,SUCCESS,INFO,2850,2850,0,,2026-08-17T11:20:06.775Z,2026-08-17T11:50:49.684Z,1843,2026-08-17T11:50:49.684Z,,,50b193b8-c8c8-41b3-8f69-a5e058560d7e,
202608171150395232,202608171119787428,202608171119787420,120,12579,Gold P1/P2 Assessments,NewPeriodicReassessmentD5,TASK_COMPLETE,SUCCESS,INFO,2844,2844,0,,2026-08-17T11:20:06.775Z,2026-08-17T11:50:49.684Z,1843,2026-08-17T11:50:49.684Z,,,50b193b8-c8c8-41b3-8f69-a5e058560d7e,
202608170755152412,202608170720564606,202608170720564599,120,12578,Gold P1/P2 Assessments,NewPeriodicReassessmentD4,TASK_COMPLETE,SUCCESS,INFO,2845,2845,0,,2026-08-17T07:20:41.512Z,2026-08-17T07:55:26.905Z,2085,2026-08-17T07:55:26.905Z,,,422b71cc-fe6c-4f30-846d-92fb5587d0e9,
202608170755189329,202608170720564608,202608170720564599,120,12580,Gold P1/P2 Assessments,NewPeriodicReassessmentD6,TASK_COMPLETE,SUCCESS,INFO,2850,2850,0,,2026-08-17T07:20:41.512Z,2026-08-17T07:55:26.905Z,2085,2026-08-17T07:55:26.905Z,,,422b71cc-fe6c-4f30-846d-92fb5587d0e9,
202608141506426730,202608141444243614,202608141444243611,47,9052,P1 Finance VW 3P Bill Sub Silver,tbl_vw3pBillSub,TASK_COMPLETE,SUCCESS,INFO,1375,1375,0,,2026-08-14T14:44:17.762Z,2026-08-14T15:09:27.882Z,1510,2026-08-14T15:09:27.882Z,,,1c123384-c339-4954-be1f-3a8d150ebb14,
202608141006433461,202608141006433461,20260814100213,109,8609,Bronze Account Reference,br_cashflow_accountlocationref,TASK_COMPLETE,SUCCESS,INFO,273,273,0,,2026-08-14T10:06:49.527Z,2026-08-14T10:07:07.274Z,16,2026-08-14T10:07:07.274Z,,,06018e17-471e-496d-b3c3-22a4b000055f,
202608140748076880,202608140725314662,202608140725314656,119,12565,Silver P1/P2 Assessments,sl_newperiodicreassessmentd3,TASK_COMPLETE,SUCCESS,INFO,1746,1746,0,,2026-08-14T07:25:23.942Z,2026-08-14T07:48:10.268Z,1367,2026-08-14T07:48:10.268Z,,,9e759780-91b7-4e4a-882b-cd4350ec70b7,
202608150557066706,202608150537502643,202608150537502637,119,12565,Silver P1/P2 Assessments,sl_newperiodicreassessmentd3,TASK_COMPLETE,SUCCESS,INFO,1749,1749,0,,2026-08-15T05:38:25.156Z,2026-08-15T05:57:09.877Z,1124,2026-08-15T05:57:09.877Z,,,92fdec37-a7f1-4589-8ea2-af8b074ddb31,
202608140748076881,202608140725314663,202608140725314656,119,12566,Silver P1/P2 Assessments,sl_newperiodicreassessmentd4,TASK_COMPLETE,SUCCESS,INFO,1746,1746,0,,2026-08-14T07:25:23.942Z,2026-08-14T07:48:10.268Z,1367,2026-08-14T07:48:10.268Z,,,9e759780-91b7-4e4a-882b-cd4350ec70b7,
202608140748076878,202608140725314661,202608140725314656,119,12564,Silver P1/P2 Assessments,sl_newperiodicreassessmentd2,TASK_COMPLETE,SUCCESS,INFO,1746,1746,0,,2026-08-14T07:25:23.942Z,2026-08-14T07:48:10.268Z,1367,2026-08-14T07:48:10.268Z,,,9e759780-91b7-4e4a-882b-cd4350ec70b7,
202608150557066705,202608150537502642,202608150537502637,119,12564,Silver P1/P2 Assessments,sl_newperiodicreassessmentd2,TASK_COMPLETE,SUCCESS,INFO,1749,1749,0,,2026-08-15T05:38:25.156Z,2026-08-15T05:57:09.877Z,1124,2026-08-15T05:57:09.877Z,,,92fdec37-a7f1-4589-8ea2-af8b074ddb31,
202608140748076882,202608140725314664,202608140725314656,119,12567,Silver P1/P2 Assessments,sl_newperiodicreassessmentd5,TASK_COMPLETE,SUCCESS,INFO,1745,1745,0,,2026-08-14T07:25:23.942Z,2026-08-14T07:48:10.268Z,1367,2026-08-14T07:48:10.268Z,,,9e759780-91b7-4e4a-882b-cd4350ec70b7,
202608150557066709,202608150537502645,202608150537502637,119,12567,Silver P1/P2 Assessments,sl_newperiodicreassessmentd5,TASK_COMPLETE,SUCCESS,INFO,1748,1748,0,,2026-08-15T05:38:25.156Z,2026-08-15T05:57:09.877Z,1124,2026-08-15T05:57:09.877Z,,,92fdec37-a7f1-4589-8ea2-af8b074ddb31,
202608140748076883,202608140725314665,202608140725314656,119,12568,Silver P1/P2 Assessments,sl_newperiodicreassessmentd6,TASK_COMPLETE,SUCCESS,INFO,1746,1746,0,,2026-08-14T07:25:23.942Z,2026-08-14T07:48:10.268Z,1367,2026-08-14T07:48:10.268Z,,,9e759780-91b7-4e4a-882b-cd4350ec70b7,
202608150557066707,202608150537502644,202608150537502637,119,12566,Silver P1/P2 Assessments,sl_newperiodicreassessmentd4,TASK_COMPLETE,SUCCESS,INFO,1749,1749,0,,2026-08-15T05:38:25.156Z,2026-08-15T05:57:09.877Z,1124,2026-08-15T05:57:09.877Z,,,92fdec37-a7f1-4589-8ea2-af8b074ddb31,
202608140538066821,202608140538066821,20260814053204,109,8609,Bronze Account Reference,br_cashflow_accountlocationref,TASK_COMPLETE,SUCCESS,INFO,273,273,0,,2026-08-14T05:38:13.556Z,2026-08-14T05:38:31.136Z,16,2026-08-14T05:38:31.136Z,,,830c78f2-2c91-4be9-977a-e9ff0c1d8636,
202608141506426741,202608141444243619,202608141444243611,47,9642,P1 Finance Claim Line Item Silver,tbl_ClaimLineItem,TASK_COMPLETE,SUCCESS,INFO,246061,246061,0,,2026-08-14T14:44:17.762Z,2026-08-14T15:09:27.882Z,1510,2026-08-14T15:09:27.882Z,,,1c123384-c339-4954-be1f-3a8d150ebb14,
202608181412117366,202608181342362714,202608181342362706,47,9642,P1 Finance Claim Line Item Silver,tbl_ClaimLineItem,TASK_COMPLETE,SUCCESS,INFO,546644,546644,0,,2026-08-18T13:42:39.071Z,2026-08-18T14:12:14.024Z,1775,2026-08-18T14:12:14.024Z,,,2b16abcf-416f-4fd8-80a9-0aa52ca66e5c,
202608170618079107,202608170551356428,202608170551356420,47,9642,P1 Finance Claim Line Item Silver,tbl_ClaimLineItem,TASK_COMPLETE,SUCCESS,INFO,544366,544366,0,,2026-08-17T05:51:47.044Z,2026-08-17T06:18:10.296Z,1583,2026-08-17T06:18:10.296Z,,,09d84bc7-e629-48a4-a32a-826b207e96d1,
202608181318573823,202608181250309450,202608181250309442,47,9642,P1 Finance Claim Line Item Silver,tbl_ClaimLineItem,TASK_COMPLETE,SUCCESS,INFO,546644,546644,0,,2026-08-18T12:50:23.823Z,2026-08-18T13:19:00.283Z,1717,2026-08-18T13:19:00.283Z,,,03823c35-021d-4cc9-8374-59681a542f1d,
202608150640578781,202608150640578781,202608150639059642,83,210,Silver Salesforce Tasks,sl_sf_tasks,TASK_COMPLETE,SUCCESS,INFO,648,648,0,,2026-08-15T06:41:02.256Z,2026-08-15T06:41:29.791Z,25,2026-08-15T06:41:29.791Z,,,4b120bb3-f1e6-442e-8114-0fadc28f6b49,
202608171020461634,202608171020461634,202608171018106132,83,211,Silver Salesforce Users,sl_sf_users,TASK_COMPLETE,SUCCESS,INFO,473,473,0,,2026-08-17T10:20:51.336Z,2026-08-17T10:21:17.562Z,24,2026-08-17T10:21:17.562Z,,,7037e752-f6e1-4d8a-bc47-4e70a4e83a16,
202608150738213546,202608150738213545,202608150736329386,83,210,Silver Salesforce Tasks,sl_sf_tasks,TASK_COMPLETE,SUCCESS,INFO,649,649,0,,2026-08-15T07:38:25.651Z,2026-08-15T07:38:53.584Z,26,2026-08-15T07:38:53.584Z,,,7aeef17f-6a83-4892-911d-f2c8473c9ddd,
202608150820487849,202608150820487849,202608150818522823,83,210,Silver Salesforce Tasks,sl_sf_tasks,TASK_COMPLETE,SUCCESS,INFO,649,649,0,,2026-08-15T08:20:53.383Z,2026-08-15T08:21:21.799Z,26,2026-08-15T08:21:21.799Z,,,749d5262-86ff-40e0-8a86-2235f2d6051c,
202608141114591189,202608141114591188,202608141112591965,83,210,Silver Salesforce Tasks,sl_sf_tasks,TASK_COMPLETE,SUCCESS,INFO,904,904,0,,2026-08-14T11:15:11.982Z,2026-08-14T11:15:49.790Z,33,2026-08-14T11:15:49.790Z,,,65af9a38-d304-499c-abe3-51037aa67f0b,
202608150641409936,202608150641409936,202608150639059642,83,211,Silver Salesforce Users,sl_sf_users,TASK_COMPLETE,SUCCESS,INFO,473,473,0,,2026-08-15T06:41:45.426Z,2026-08-15T06:42:07.969Z,21,2026-08-15T06:42:07.969Z,,,4b120bb3-f1e6-442e-8114-0fadc28f6b49,
202608171033433104,202608171033433104,202608171026319654,84,13675,Gold Salesforce PatientLeads,PatientLeads,TASK_COMPLETE,SUCCESS,INFO,11,11,0,,2026-08-17T10:33:51.042Z,2026-08-17T10:34:07.285Z,13,2026-08-17T10:34:07.285Z,,,7037e752-f6e1-4d8a-bc47-4e70a4e83a16,
202608141128455575,202608141128455574,202608141121345444,84,13675,Gold Salesforce PatientLeads,PatientLeads,TASK_COMPLETE,SUCCESS,INFO,18,18,0,,2026-08-14T11:29:15.277Z,2026-08-14T11:29:29.147Z,12,2026-08-14T11:29:29.147Z,,,65af9a38-d304-499c-abe3-51037aa67f0b,
202608120402532708,202608120402532708,20260812040001,1,4,UKG Clock Transaction API,br_HourRegister,TASK_COMPLETE,SUCCESS,INFO,106121,106121,0,,2026-08-12T04:02:59.157Z,2026-08-12T04:04:07.533Z,66,2026-08-12T04:04:07.533Z,,,5887a7ec-8e8e-4ea8-ac1e-92a68946509a,
202608100530013788,202608100530013788,20260810052749,1,4,UKG Clock Transaction API,br_HourRegister,TASK_COMPLETE,SUCCESS,INFO,106121,106121,0,,2026-08-10T05:30:16.072Z,2026-08-10T05:31:22.480Z,64,2026-08-10T05:31:22.480Z,,,3848d083-d62d-4230-a484-06d335ca9baa,
202608110845102973,202608110845102973,20260811084116,1,4,UKG Clock Transaction API,br_HourRegister,TASK_COMPLETE,SUCCESS,INFO,106121,106121,0,,2026-08-11T08:45:27.103Z,2026-08-11T08:47:02.714Z,92,2026-08-11T08:47:02.714Z,,,0fc9623f-ac58-4aee-8aa3-3afbc5271078,
202608140233185353,202608140233185352,20260814023150,6,36,Gold 8x8 Users,8x8_Users,TASK_COMPLETE,SUCCESS,INFO,5652,5652,0,,2026-08-14T02:33:22.616Z,2026-08-14T02:33:39.411Z,15,2026-08-14T02:33:39.411Z,,,7582fe2a-ab67-4726-aa6a-73a8a3ff4bdb,
202608131726133212,202608131726133211,20260813172437,6,36,Gold 8x8 Users,8x8_Users,TASK_COMPLETE,SUCCESS,INFO,5652,5652,0,,2026-08-13T17:26:17.834Z,2026-08-13T17:26:38.267Z,19,2026-08-13T17:26:38.267Z,,,793a1d88-9a51-42e1-b67b-8a9da7bfcd79,
202608120855383935,202608120854581761,20260812085451,102,13670,Gold QQ_GLTRAN,QQgltran,TASK_COMPLETE,SUCCESS,INFO,194,194,0,,2026-08-12T08:55:04.580Z,2026-08-12T08:55:40.615Z,27,2026-08-12T08:55:40.615Z,,,1777159c-1729-4d77-aa0c-d0d3b59ccb19,
202608120807058569,202608120806016060,20260812080526,102,13670,Gold QQ_GLTRAN,QQgltran,TASK_COMPLETE,SUCCESS,INFO,194,194,0,,2026-08-12T08:06:09.197Z,2026-08-12T08:07:07.444Z,49,2026-08-12T08:07:07.444Z,,,4a58dbb3-0c75-4e14-913a-c64e6b1076fa,
202608100957045018,202608100934467096,202608100934467074,86,8581,Silver INV,sl_LABResult,TASK_COMPLETE,SUCCESS,INFO,2950,2950,0,,2026-08-10T09:34:42.906Z,2026-08-10T09:57:07.278Z,1345,2026-08-10T09:57:07.278Z,,,6ef3fd30-03b0-4dcd-9022-3df447f4d036,
202608111306292293,202608111304236786,20260811130350,102,13670,Gold QQ_GLTRAN,QQgltran,TASK_COMPLETE,SUCCESS,INFO,18906,18906,0,,2026-08-11T13:05:03.853Z,2026-08-11T13:06:48.500Z,50,2026-08-11T13:06:48.500Z,,,07a568df-8fb2-477d-9bf7-93c7d3cf3953,
202608130528326118,202608130526311575,20260813052625,102,13670,Gold QQ_GLTRAN,QQgltran,TASK_COMPLETE,SUCCESS,INFO,25917,25917,0,,2026-08-13T05:26:51.889Z,2026-08-13T05:28:53.331Z,65,2026-08-13T05:28:53.331Z,,,77f1c571-5f94-48af-a2cd-48c65fe6d516,
202608121141119115,202608121138512377,20260812101448,102,13670,Gold QQ_GLTRAN,QQgltran,TASK_COMPLETE,SUCCESS,INFO,25917,25917,0,,2026-08-12T11:39:47.094Z,2026-08-12T11:41:40.204Z,49,2026-08-12T11:41:40.204Z,,,1b0f010c-6a14-4998-a93b-4f07f46b08c5,
202608121423476885,202608121420594765,20260812141956,102,13670,Gold QQ_GLTRAN,QQgltran,TASK_COMPLETE,SUCCESS,INFO,25917,25917,0,,2026-08-12T14:21:59.623Z,2026-08-12T14:24:13.911Z,74,2026-08-12T14:24:13.911Z,,,73cb27f3-e3a8-4a25-bf87-1cf2e3ca34d8,
202608120139279824,202608120138228630,20260812013759,102,13670,Gold QQ_GLTRAN,QQgltran,TASK_COMPLETE,SUCCESS,INFO,18906,18906,0,,2026-08-12T01:38:33.598Z,2026-08-12T01:39:34.290Z,49,2026-08-12T01:39:34.290Z,,,6cc434e9-f97e-4251-a21f-0d09ad221fad,
202608130637592382,202608130637039645,20260813063659,102,13670,Gold QQ_GLTRAN,QQgltran,TASK_COMPLETE,SUCCESS,INFO,25917,25917,0,,2026-08-13T06:37:13.111Z,2026-08-13T06:38:02.404Z,39,2026-08-13T06:38:02.404Z,,,372a483b-7b54-40a3-8477-95b54a51c01d,
202608100957045010,202608100934467089,202608100934467074,86,5734,Silver INV,sl_ReAssessmentSocial,TASK_COMPLETE,SUCCESS,INFO,697,697,0,,2026-08-10T09:34:42.906Z,2026-08-10T09:57:07.278Z,1345,2026-08-10T09:57:07.278Z,,,6ef3fd30-03b0-4dcd-9022-3df447f4d036,
202608140305161162,202608140305161162,20260814030435,6,35,Gold 8x8 CallVolume,8x8_CallVolume,TASK_COMPLETE,SUCCESS,INFO,115,115,0,,2026-08-14T03:05:20.650Z,2026-08-14T03:05:45.096Z,22,2026-08-14T03:05:45.096Z,,,360959fd-08b4-465c-be75-1bdb70b33137,
202608100957045004,202608100934467084,202608100934467074,86,5729,Silver INV,sl_ReAssessmentFamily,TASK_COMPLETE,SUCCESS,INFO,697,697,0,,2026-08-10T09:34:42.906Z,2026-08-10T09:57:07.278Z,1345,2026-08-10T09:57:07.278Z,,,6ef3fd30-03b0-4dcd-9022-3df447f4d036,
202608170012561251,202608162346518913,202608162346518898,86,5734,Silver INV,sl_ReAssessmentSocial,TASK_COMPLETE,SUCCESS,INFO,697,697,0,,2026-08-16T23:46:55.971Z,2026-08-17T00:12:58.187Z,1563,2026-08-17T00:12:58.187Z,,,77f58b99-e250-4627-9f17-559331ecd0ef,
202608182006250387,202608181956274486,202608181956274485,115,8619,CDC Silver INV,sl_LiquidLog_CDC,TASK_COMPLETE,SUCCESS,INFO,21,21,0,,2026-08-18T19:56:36.253Z,2026-08-18T20:09:23.930Z,767,2026-08-18T20:09:23.930Z,,,8dab4cff-7612-4075-a975-28ce5920b57c,
202608170012561249,202608162346518911,202608162346518898,86,5732,Silver INV,sl_ReAssessmentOccupational,TASK_COMPLETE,SUCCESS,INFO,698,698,0,,2026-08-16T23:46:55.971Z,2026-08-17T00:12:58.187Z,1563,2026-08-17T00:12:58.187Z,,,77f58b99-e250-4627-9f17-559331ecd0ef,
202608170012561252,202608162346518914,202608162346518898,86,5735,Silver INV,sl_ReAssessmentSubstanceUse,TASK_COMPLETE,SUCCESS,INFO,708,708,0,,2026-08-16T23:46:55.971Z,2026-08-17T00:12:58.187Z,1563,2026-08-17T00:12:58.187Z,,,77f58b99-e250-4627-9f17-559331ecd0ef,
202608170012561248,202608162346518910,202608162346518898,86,5731,Silver INV,sl_ReAssessmentMentalHealth,TASK_COMPLETE,SUCCESS,INFO,697,697,0,,2026-08-16T23:46:55.971Z,2026-08-17T00:12:58.187Z,1563,2026-08-17T00:12:58.187Z,,,77f58b99-e250-4627-9f17-559331ecd0ef,
202608100957045006,202608100934467086,202608100934467074,86,5731,Silver INV,sl_ReAssessmentMentalHealth,TASK_COMPLETE,SUCCESS,INFO,697,697,0,,2026-08-10T09:34:42.906Z,2026-08-10T09:57:07.278Z,1345,2026-08-10T09:57:07.278Z,,,6ef3fd30-03b0-4dcd-9022-3df447f4d036,
202608100957045007,202608100934467087,202608100934467074,86,5732,Silver INV,sl_ReAssessmentOccupational,TASK_COMPLETE,SUCCESS,INFO,698,698,0,,2026-08-10T09:34:42.906Z,2026-08-10T09:57:07.278Z,1345,2026-08-10T09:57:07.278Z,,,6ef3fd30-03b0-4dcd-9022-3df447f4d036,
202608100957045011,202608100934467090,202608100934467074,86,5735,Silver INV,sl_ReAssessmentSubstanceUse,TASK_COMPLETE,SUCCESS,INFO,708,708,0,,2026-08-10T09:34:42.906Z,2026-08-10T09:57:07.278Z,1345,2026-08-10T09:57:07.278Z,,,6ef3fd30-03b0-4dcd-9022-3df447f4d036,
202608151118454831,202608151118454831,20260815111805,5,32,Silver 8x8 CallVolume,sl_8x8_CallVolume,TASK_COMPLETE,SUCCESS,INFO,20502,20502,0,,2026-08-15T11:18:51.579Z,2026-08-15T11:19:19.042Z,25,2026-08-15T11:19:19.042Z,,,2898ad47-3f2c-4db5-b5fc-5329717fcc94,
202608150821311421,202608150821311421,202608150818522823,83,211,Silver Salesforce Users,sl_sf_users,TASK_COMPLETE,SUCCESS,INFO,473,473,0,,2026-08-15T08:21:36.285Z,2026-08-15T08:22:01.883Z,23,2026-08-15T08:22:01.883Z,,,749d5262-86ff-40e0-8a86-2235f2d6051c,
202608150643417151,202608150643417150,202608150639059642,83,214,Silver Salesforce Cases,sl_sf_cases,TASK_COMPLETE,SUCCESS,INFO,592,592,0,,2026-08-15T06:43:45.647Z,2026-08-15T06:44:07.831Z,20,2026-08-15T06:44:07.831Z,,,4b120bb3-f1e6-442e-8114-0fadc28f6b49,
202608141115579292,202608141115579292,202608141112591965,83,211,Silver Salesforce Users,sl_sf_users,TASK_COMPLETE,SUCCESS,INFO,473,473,0,,2026-08-14T11:16:02.767Z,2026-08-14T11:16:22.493Z,17,2026-08-14T11:16:22.493Z,,,65af9a38-d304-499c-abe3-51037aa67f0b,
202608150823401500,202608150823401500,202608150818522823,83,214,Silver Salesforce Cases,sl_sf_cases,TASK_COMPLETE,SUCCESS,INFO,593,593,0,,2026-08-15T08:23:45.001Z,2026-08-15T08:24:08.873Z,22,2026-08-15T08:24:08.873Z,,,749d5262-86ff-40e0-8a86-2235f2d6051c,
202608171022599456,202608171022599455,202608171018106132,83,214,Silver Salesforce Cases,sl_sf_cases,TASK_COMPLETE,SUCCESS,INFO,279,279,0,,2026-08-17T10:23:05.441Z,2026-08-17T10:23:33.299Z,26,2026-08-17T10:23:33.299Z,,,7037e752-f6e1-4d8a-bc47-4e70a4e83a16,
202608141117564435,202608141117564435,202608141112591965,83,214,Silver Salesforce Cases,sl_sf_cases,TASK_COMPLETE,SUCCESS,INFO,710,710,0,,2026-08-14T11:18:04.833Z,2026-08-14T11:18:26.116Z,19,2026-08-14T11:18:26.116Z,,,65af9a38-d304-499c-abe3-51037aa67f0b,
202608150739017228,202608150739017227,202608150736329386,83,211,Silver Salesforce Users,sl_sf_users,TASK_COMPLETE,SUCCESS,INFO,473,473,0,,2026-08-15T07:39:06.461Z,2026-08-15T07:39:27.109Z,19,2026-08-15T07:39:27.109Z,,,7aeef17f-6a83-4892-911d-f2c8473c9ddd,
202608150741056057,202608150741056057,202608150736329386,83,214,Silver Salesforce Cases,sl_sf_cases,TASK_COMPLETE,SUCCESS,INFO,593,593,0,,2026-08-15T07:41:10.450Z,2026-08-15T07:41:32.743Z,20,2026-08-15T07:41:32.743Z,,,7aeef17f-6a83-4892-911d-f2c8473c9ddd,
202608141519548122,202608141505674910,202608141505674909,119,12560,Silver P1/P2 Assessments,sl_NewAdmissionAssessment,TASK_COMPLETE,SUCCESS,INFO,0,0,0,,2026-08-14T15:06:49.317Z,2026-08-14T15:19:58.460Z,789,2026-08-14T15:19:58.460Z,,,7969362d-463a-4985-92c3-d629dd6d5c4e,
202608141157242295,202608141147762583,202608141147762582,119,12560,Silver P1/P2 Assessments,sl_NewAdmissionAssessment,TASK_COMPLETE,SUCCESS,INFO,0,0,0,,2026-08-14T11:48:09.966Z,2026-08-14T11:57:26.299Z,557,2026-08-14T11:57:26.299Z,,,21f5cd31-796d-43ad-806e-67ead954f01a,
202608131651420932,202608131651420932,20260813165003,4,30,8x8 Users API,br_8x8_Users,TASK_COMPLETE,SUCCESS,INFO,5652,5652,0,,2026-08-13T16:51:47.776Z,2026-08-13T16:53:36.920Z,107,2026-08-13T16:53:36.920Z,,,793a1d88-9a51-42e1-b67b-8a9da7bfcd79,
202608140851011518,202608140851011518,20260814080954,4,30,8x8 Users API,br_8x8_Users,TASK_COMPLETE,SUCCESS,INFO,5652,5652,0,,2026-08-14T08:51:01.151Z,2026-08-14T08:52:50.258Z,101,2026-08-14T08:52:50.258Z,,,36ebac0c-26de-4656-ae31-977cae255ad9,
202608151113502927,202608151113502927,20260815104057,4,30,8x8 Users API,br_8x8_Users,TASK_COMPLETE,SUCCESS,INFO,5648,5648,0,,2026-08-15T11:13:50.292Z,2026-08-15T11:15:44.201Z,104,2026-08-15T11:15:44.201Z,,,2898ad47-3f2c-4db5-b5fc-5329717fcc94,
202608170421293953,202608170421293952,20260817041401,4,30,8x8 Users API,br_8x8_Users,TASK_COMPLETE,SUCCESS,INFO,5648,5648,0,,2026-08-17T04:21:29.395Z,2026-08-17T04:23:23.208Z,102,2026-08-17T04:23:23.208Z,,,05bfb3aa-4a65-44f5-8e9d-867f9caa849a,
202608151708399834,202608151708399834,20260815162904,4,30,8x8 Users API,br_8x8_Users,TASK_COMPLETE,SUCCESS,INFO,5648,5648,0,,2026-08-15T17:08:39.983Z,2026-08-15T17:10:34.475Z,105,2026-08-15T17:10:34.475Z,,,4bfd62cb-cdb1-43b0-9906-0c9977c047bd,
202608140211277293,202608140211277293,20260814020609,4,30,8x8 Users API,br_8x8_Users,TASK_COMPLETE,SUCCESS,INFO,5652,5652,0,,2026-08-14T02:11:53.250Z,2026-08-14T02:14:31.792Z,136,2026-08-14T02:14:31.792Z,,,7582fe2a-ab67-4726-aa6a-73a8a3ff4bdb,
202608131509441934,202608131509441934,20260813150749,4,30,8x8 Users API,br_8x8_Users,TASK_COMPLETE,SUCCESS,INFO,5652,5652,0,,2026-08-13T15:09:49.774Z,2026-08-13T15:11:37.801Z,106,2026-08-13T15:11:37.801Z,,,6cba3a07-87e1-4e5a-809c-65a43422107a,
202608131551080846,202608131551080845,20260813154932,4,30,8x8 Users API,br_8x8_Users,TASK_COMPLETE,SUCCESS,INFO,5652,5652,0,,2026-08-13T15:51:12.997Z,2026-08-13T15:53:08.073Z,113,2026-08-13T15:53:08.073Z,,,7d21e877-f08c-42e0-946c-607108d10a5e,
202608170450526968,202608170450526968,20260817044355,4,30,8x8 Users API,br_8x8_Users,TASK_COMPLETE,SUCCESS,INFO,5648,5648,0,,2026-08-17T04:50:52.696Z,2026-08-17T04:52:44.534Z,103,2026-08-17T04:52:44.534Z,,,52164ce0-edd4-4190-aa47-6fab94475a01,
202608140150033356,202608140150033356,20260814014832,4,30,8x8 Users API,br_8x8_Users,TASK_COMPLETE,SUCCESS,INFO,5652,5652,0,,2026-08-14T01:50:08.561Z,2026-08-14T01:51:54.386Z,104,2026-08-14T01:51:54.386Z,,,9e209bf9-13e9-42f0-a8b8-cd3732c2d635,
202608140258299569,202608140258299568,20260814025704,4,30,8x8 Users API,br_8x8_Users,TASK_COMPLETE,SUCCESS,INFO,5652,5652,0,,2026-08-14T02:58:35.148Z,2026-08-14T03:00:29.584Z,113,2026-08-14T03:00:29.584Z,,,360959fd-08b4-465c-be75-1bdb70b33137,
202608131736136629,202608131736136629,20260813172455,4,30,8x8 Users API,br_8x8_Users,TASK_COMPLETE,SUCCESS,INFO,5652,5652,0,,2026-08-13T17:36:18.178Z,2026-08-13T17:38:00.713Z,101,2026-08-13T17:38:00.713Z,,,793a1d88-9a51-42e1-b67b-8a9da7bfcd79,
202608170745441431,202608170745441430,20260817073853,4,30,8x8 Users API,br_8x8_Users,TASK_COMPLETE,SUCCESS,INFO,5648,5648,0,,2026-08-17T07:45:44.143Z,2026-08-17T07:47:36.601Z,102,2026-08-17T07:47:36.601Z,,,3ff82efb-5627-4b07-90b6-91557ea1f939,
202608150526422351,202608150526422351,20260815044645,4,30,8x8 Users API,br_8x8_Users,TASK_COMPLETE,SUCCESS,INFO,5648,5648,0,,2026-08-15T05:26:42.235Z,2026-08-15T05:28:36.343Z,105,2026-08-15T05:28:36.343Z,,,6517d2eb-46fa-4d72-8ea4-8ae23e1d30a8,
202608120847499252,202608120846038956,20260812084555,100,13668,Bronze QQ_GLTRAN,br_qq_gltran,TASK_COMPLETE,SUCCESS,INFO,194,194,0,,2026-08-12T08:46:11.977Z,2026-08-12T08:47:52.944Z,91,2026-08-12T08:47:52.944Z,,,1777159c-1729-4d77-aa0c-d0d3b59ccb19,
202608120512311123,202608120510414538,20260812051018,100,13668,Bronze QQ_GLTRAN,br_qq_gltran,TASK_COMPLETE,SUCCESS,INFO,194,194,0,,2026-08-12T05:10:54.119Z,2026-08-12T05:12:36.480Z,90,2026-08-12T05:12:36.480Z,,,869f1a46-93ef-4f12-a49b-3bbeb426170a,
202608120549478749,202608120548032729,20260812054749,100,13668,Bronze QQ_GLTRAN,br_qq_gltran,TASK_COMPLETE,SUCCESS,INFO,194,194,0,,2026-08-12T05:48:11.198Z,2026-08-12T05:49:50.210Z,89,2026-08-12T05:49:50.210Z,,,4d11fd15-9e7f-4c18-9ed8-d28ed5d51a62,
202608120415189264,202608120415189264,20260812041027,2,19,Silver UKG Locations,Locations,TASK_COMPLETE,SUCCESS,INFO,182,182,0,,2026-08-12T04:15:23.894Z,2026-08-12T04:15:46.840Z,21,2026-08-12T04:15:46.840Z,,,5887a7ec-8e8e-4ea8-ac1e-92a68946509a,
202608100532019426,202608100532019426,20260810052749,1,14,UKG Locations API,br_Locations,TASK_COMPLETE,SUCCESS,INFO,182,182,0,,2026-08-10T05:32:08.230Z,2026-08-10T05:32:24.195Z,14,2026-08-10T05:32:24.195Z,,,3848d083-d62d-4230-a484-06d335ca9baa,
202608121417121746,202608121415573257,20260812141542,101,13669,Silver QQ_GLTRAN,sl_QQgltran,TASK_COMPLETE,SUCCESS,INFO,25917,25917,0,,2026-08-12T14:16:10.017Z,2026-08-12T14:17:17.835Z,49,2026-08-12T14:17:17.835Z,,,73cb27f3-e3a8-4a25-bf87-1cf2e3ca34d8,
202608111301284016,202608111259283608,20260811125826,101,13669,Silver QQ_GLTRAN,sl_qqgltran,TASK_COMPLETE,SUCCESS,INFO,18906,18906,0,,2026-08-11T12:59:42.557Z,2026-08-11T13:01:37.394Z,46,2026-08-11T13:01:37.394Z,,,07a568df-8fb2-477d-9bf7-93c7d3cf3953,
202608171029288473,202608171029288473,202608171026319654,84,221,Gold Salesforce StgCases,stgCases,TASK_COMPLETE,SUCCESS,INFO,279,279,0,,2026-08-17T10:29:34.387Z,2026-08-17T10:29:51.679Z,15,2026-08-17T10:29:51.679Z,,,7037e752-f6e1-4d8a-bc47-4e70a4e83a16,
202608141124373405,202608141124373405,202608141121345444,84,221,Gold Salesforce StgCases,stgCases,TASK_COMPLETE,SUCCESS,INFO,710,710,0,,2026-08-14T11:24:41.743Z,2026-08-14T11:25:00.729Z,17,2026-08-14T11:25:00.729Z,,,65af9a38-d304-499c-abe3-51037aa67f0b,
202608120932424950,202608120931247183,20260812093117,102,13670,Gold QQ_GLTRAN,QQgltran,TASK_COMPLETE,SUCCESS,INFO,194,194,0,,2026-08-12T09:31:34.117Z,2026-08-12T09:32:50.823Z,42,2026-08-12T09:32:50.823Z,,,3ceecaf4-5cab-4434-a477-f1d5d0d51483,
202608270720138550,202608270720138550,20260827071414,131,13694,Missed Doses Silver,sl_vwMissedDoses,TASK_SUCCESS,SUCCESS,INFO,0,0,0,,2026-08-27T07:20:13.855Z,2026-08-27T07:20:42.753Z,28,2026-08-27T07:20:42.753Z,,,67cdece8-9745-4c87-ab73-e4e58104b61d,
202608270636047840,202608270636047840,20260827062944,131,13694,Missed Doses Silver,sl_vwMissedDoses,TASK_SUCCESS,SUCCESS,INFO,0,0,0,,2026-08-27T06:36:04.784Z,2026-08-27T06:36:34.542Z,29,2026-08-27T06:36:34.542Z,,,475c3e58-0434-45d9-b3f8-9d768448de53,
202608271124103954,202608271124103954,20260827111830,131,13694,Missed Doses Silver,sl_vwMissedDoses,TASK_SUCCESS,SUCCESS,INFO,0,0,0,,2026-08-27T11:24:10.395Z,2026-08-27T11:24:37.359Z,26,2026-08-27T11:24:37.359Z,,,548cb8af-a2ae-442b-8193-6118f75471ea,
202608271043286854,202608271043286854,20260827103159,131,13698,BAM QI BAM Silver,sl_QiBAM,TASK_SUCCESS,SUCCESS,INFO,453721,453721,0,,2026-08-27T10:43:28.685Z,2026-08-27T10:43:49.521Z,20,2026-08-27T10:43:49.521Z,,,9c98095d-0f6c-4ddc-995a-49dd3d71b166,
202608271129394291,202608271129394291,20260827111830,131,13698,BAM QI BAM Silver,sl_QiBAM,TASK_SUCCESS,SUCCESS,INFO,453721,453721,0,,2026-08-27T11:29:39.429Z,2026-08-27T11:30:03.037Z,23,2026-08-27T11:30:03.037Z,,,548cb8af-a2ae-442b-8193-6118f75471ea,
202608262102562910,202608262102562910,20260826205225,131,13698,BAM QI BAM Silver,sl_QiBAM,TASK_SUCCESS,SUCCESS,INFO,453721,453721,0,,2026-08-26T21:02:56.291Z,2026-08-26T21:03:20.225Z,23,2026-08-26T21:03:20.225Z,,,763548dd-f2e8-4b4a-babe-63409027873a,
202608270356035848,202608270356035848,20260827034338,131,13698,BAM QI BAM Silver,sl_QiBAM,TASK_SUCCESS,SUCCESS,INFO,453721,453721,0,,2026-08-27T03:56:03.584Z,2026-08-27T03:56:32.528Z,28,2026-08-27T03:56:32.528Z,,,6c0dfbf2-4982-428b-b962-2d1ca5cf9e53,
202608270642294767,202608270642294767,20260827062944,131,13698,BAM QI BAM Silver,sl_QiBAM,TASK_SUCCESS,SUCCESS,INFO,453721,453721,0,,2026-08-27T06:42:29.476Z,2026-08-27T06:42:52.706Z,23,2026-08-27T06:42:52.706Z,,,475c3e58-0434-45d9-b3f8-9d768448de53,
202608270725460916,202608270725460916,20260827071414,131,13698,BAM QI BAM Silver,sl_QiBAM,TASK_SUCCESS,SUCCESS,INFO,453721,453721,0,,2026-08-27T07:25:46.091Z,2026-08-27T07:26:11.943Z,25,2026-08-27T07:26:11.943Z,,,67cdece8-9745-4c87-ab73-e4e58104b61d,
202608270856152004,202608270856152004,20260827084437,131,13698,BAM QI BAM Silver,sl_QiBAM,TASK_SUCCESS,SUCCESS,INFO,453721,453721,0,,2026-08-27T08:56:15.200Z,2026-08-27T08:56:39.503Z,24,2026-08-27T08:56:39.503Z,,,3fa64f84-15aa-45fb-9cca-2f2fe48cfae1,
202608270726182097,202608270726182097,20260827071414,131,13699,BAM QI UA Silver,sl_QiUA,TASK_SUCCESS,SUCCESS,INFO,278831,278831,0,,2026-08-27T07:26:18.209Z,2026-08-27T07:28:18.861Z,120,2026-08-27T07:28:18.861Z,,,67cdece8-9745-4c87-ab73-e4e58104b61d,
202608270856466911,202608270856466911,20260827084437,131,13699,BAM QI UA Silver,sl_QiUA,TASK_SUCCESS,SUCCESS,INFO,278831,278831,0,,2026-08-27T08:56:46.691Z,2026-08-27T08:58:51.279Z,124,2026-08-27T08:58:51.279Z,,,3fa64f84-15aa-45fb-9cca-2f2fe48cfae1,
202608270642591372,202608270642591372,20260827062944,131,13699,BAM QI UA Silver,sl_QiUA,TASK_SUCCESS,SUCCESS,INFO,278831,278831,0,,2026-08-27T06:42:59.137Z,2026-08-27T06:45:04.584Z,125,2026-08-27T06:45:04.584Z,,,475c3e58-0434-45d9-b3f8-9d768448de53,
202608271043577474,202608271043577474,20260827103159,131,13699,BAM QI UA Silver,sl_QiUA,TASK_SUCCESS,SUCCESS,INFO,278831,278831,0,,2026-08-27T10:43:57.747Z,2026-08-27T10:45:50.451Z,112,2026-08-27T10:45:50.451Z,,,9c98095d-0f6c-4ddc-995a-49dd3d71b166,
202608271130098779,202608271130098779,20260827111830,131,13699,BAM QI UA Silver,sl_QiUA,TASK_SUCCESS,SUCCESS,INFO,278831,278831,0,,2026-08-27T11:30:09.877Z,2026-08-27T11:32:51.546Z,161,2026-08-27T11:32:51.546Z,,,548cb8af-a2ae-442b-8193-6118f75471ea,
202608262103267583,202608262103267583,20260826205225,131,13699,BAM QI UA Silver,sl_QiUA,TASK_SUCCESS,SUCCESS,INFO,278831,278831,0,,2026-08-26T21:03:26.758Z,2026-08-26T21:05:08.462Z,101,2026-08-26T21:05:08.462Z,,,763548dd-f2e8-4b4a-babe-63409027873a,
202608270356415122,202608270356415122,20260827034338,131,13699,BAM QI UA Silver,sl_QiUA,TASK_SUCCESS,SUCCESS,INFO,278831,278831,0,,2026-08-27T03:56:41.512Z,2026-08-27T03:58:44.235Z,122,2026-08-27T03:58:44.235Z,,,6c0dfbf2-4982-428b-b962-2d1ca5cf9e53,
202608101119503627,202608101119503626,20260810111938,121,12584,Silver OffWeek Counseling Engagement,sl_OffWeekCounselingEngagement,TASK_COMPLETE,SUCCESS,INFO,0,0,0,,2026-08-10T11:19:50.362Z,2026-08-10T11:22:25.285Z,152,2026-08-10T11:22:25.285Z,,,78bad054-c366-447f-a42f-4880b22834e3,
202608101511514707,202608101511514706,20260810151125,121,12584,Silver OffWeek Counseling Engagement,sl_OffWeekCounselingEngagement,TASK_COMPLETE,SUCCESS,INFO,46967,46967,0,,2026-08-10T15:11:51.470Z,2026-08-10T15:15:01.362Z,186,2026-08-10T15:15:01.362Z,,,67ac4554-40b9-4a4f-b42b-b07474e5e143,
202608100656099974,202608100656099972,20260810065600,121,12584,Silver OffWeek Counseling Engagement,sl_OffWeekCounselingEngagement,TASK_COMPLETE,SUCCESS,INFO,0,0,0,,2026-08-10T06:56:09.997Z,2026-08-10T06:59:16.027Z,161,2026-08-10T06:59:16.027Z,,,307bc68c-7b9d-4658-a771-a1adcfd3b965,
202608270715429275,202608270715429275,20260827071414,131,13689,Census First Dose Silver,sl_vwCensusFirstDose,TASK_SUCCESS,SUCCESS,INFO,4913,4913,0,,2026-08-27T07:15:42.927Z,2026-08-27T07:16:10.419Z,27,2026-08-27T07:16:10.419Z,,,67cdece8-9745-4c87-ab73-e4e58104b61d,
202608191209364192,202608191209364191,20260819120920,110,8612,Silver Bank Transactions,sl_BankTransactions,TASK_COMPLETE,SUCCESS,INFO,431039,431039,0,,2026-08-19T12:09:36.419Z,2026-08-19T12:10:55.460Z,79,2026-08-19T12:10:55.460Z,,,490f9894-ca55-4752-92cd-6e0d41b12fb3,
202608270344303901,202608270344303901,20260827034338,131,13689,Census First Dose Silver,sl_vwCensusFirstDose,TASK_SUCCESS,SUCCESS,INFO,4913,4913,0,,2026-08-27T03:44:30.390Z,2026-08-27T03:45:43.177Z,72,2026-08-27T03:45:43.177Z,,,6c0dfbf2-4982-428b-b962-2d1ca5cf9e53,
202608270345555782,202608270345555782,20260827034338,131,13690,Retention 14 Stat Silver,sl_Retention14Stat,TASK_SUCCESS,SUCCESS,INFO,325980,325980,0,,2026-08-27T03:45:55.578Z,2026-08-27T03:46:45.989Z,50,2026-08-27T03:46:45.989Z,,,6c0dfbf2-4982-428b-b962-2d1ca5cf9e53,
202608270632028775,202608270632028775,20260827062944,131,13690,Retention 14 Stat Silver,sl_Retention14Stat,TASK_SUCCESS,SUCCESS,INFO,325980,325980,0,,2026-08-27T06:32:02.877Z,2026-08-27T06:32:56.827Z,53,2026-08-27T06:32:56.827Z,,,475c3e58-0434-45d9-b3f8-9d768448de53,
202608271120037612,202608271120037612,20260827111830,131,13690,Retention 14 Stat Silver,sl_Retention14Stat,TASK_SUCCESS,SUCCESS,INFO,325940,325940,0,,2026-08-27T11:20:03.761Z,2026-08-27T11:21:05.080Z,61,2026-08-27T11:21:05.080Z,,,548cb8af-a2ae-442b-8193-6118f75471ea,
202608270846498146,202608270846498146,20260827084437,131,13690,Retention 14 Stat Silver,sl_Retention14Stat,TASK_SUCCESS,SUCCESS,INFO,325980,325980,0,,2026-08-27T08:46:49.814Z,2026-08-27T08:47:39.908Z,50,2026-08-27T08:47:39.908Z,,,3fa64f84-15aa-45fb-9cca-2f2fe48cfae1,
202608262054442222,202608262054442222,20260826205225,131,13690,Retention 14 Stat Silver,sl_Retention14Stat,TASK_SUCCESS,SUCCESS,INFO,325980,325980,0,,2026-08-26T20:54:44.222Z,2026-08-26T20:55:35.435Z,51,2026-08-26T20:55:35.435Z,,,763548dd-f2e8-4b4a-babe-63409027873a,
202608270716212433,202608270716212433,20260827071414,131,13690,Retention 14 Stat Silver,sl_Retention14Stat,TASK_SUCCESS,SUCCESS,INFO,325980,325980,0,,2026-08-27T07:16:21.243Z,2026-08-27T07:17:11.378Z,50,2026-08-27T07:17:11.378Z,,,67cdece8-9745-4c87-ab73-e4e58104b61d,
202608271034087021,202608271034087021,20260827103159,131,13690,Retention 14 Stat Silver,sl_Retention14Stat,TASK_SUCCESS,SUCCESS,INFO,325940,325940,0,,2026-08-27T10:34:08.702Z,2026-08-27T10:34:58.065Z,49,2026-08-27T10:34:58.065Z,,,9c98095d-0f6c-4ddc-995a-49dd3d71b166,
202608270343473739,202608270343473739,20260827034338,131,13688,Readmission Table Silver,sl_vwReadmissions,TASK_SUCCESS,SUCCESS,INFO,309274,309274,0,,2026-08-27T03:43:47.373Z,2026-08-27T03:44:20.533Z,33,2026-08-27T03:44:20.533Z,,,6c0dfbf2-4982-428b-b962-2d1ca5cf9e53,
202608262052342953,202608262052342953,20260826205225,131,13688,Readmission Table Silver,sl_vwReadmissions,TASK_SUCCESS,SUCCESS,INFO,309274,309274,0,,2026-08-26T20:52:34.295Z,2026-08-26T20:53:08.890Z,34,2026-08-26T20:53:08.890Z,,,763548dd-f2e8-4b4a-babe-63409027873a,
202608270714233670,202608270714233670,20260827071414,131,13688,Readmission Table Silver,sl_vwReadmissions,TASK_SUCCESS,SUCCESS,INFO,309274,309274,0,,2026-08-27T07:14:23.367Z,2026-08-27T07:15:02.613Z,39,2026-08-27T07:15:02.613Z,,,67cdece8-9745-4c87-ab73-e4e58104b61d,
202608271032083500,202608271032083500,20260827103159,131,13688,Readmission Table Silver,sl_vwReadmissions,TASK_SUCCESS,SUCCESS,INFO,309274,309274,0,,2026-08-27T10:32:08.350Z,2026-08-27T10:32:42.847Z,34,2026-08-27T10:32:42.847Z,,,9c98095d-0f6c-4ddc-995a-49dd3d71b166,
202608270629517384,202608270629517384,20260827062944,131,13688,Readmission Table Silver,sl_vwReadmissions,TASK_SUCCESS,SUCCESS,INFO,309274,309274,0,,2026-08-27T06:29:51.738Z,2026-08-27T06:30:27.387Z,35,2026-08-27T06:30:27.387Z,,,475c3e58-0434-45d9-b3f8-9d768448de53,
202608270844460979,202608270844460979,20260827084437,131,13688,Readmission Table Silver,sl_vwReadmissions,TASK_SUCCESS,SUCCESS,INFO,309274,309274,0,,2026-08-27T08:44:46.097Z,2026-08-27T08:45:19.868Z,33,2026-08-27T08:45:19.868Z,,,3fa64f84-15aa-45fb-9cca-2f2fe48cfae1,
202608271118423962,202608271118423962,20260827111830,131,13688,Readmission Table Silver,sl_vwReadmissions,TASK_SUCCESS,SUCCESS,INFO,309274,309274,0,,2026-08-27T11:18:42.396Z,2026-08-27T11:19:18.347Z,35,2026-08-27T11:19:18.347Z,,,548cb8af-a2ae-442b-8193-6118f75471ea,
202608191203165742,202608191203165741,20260819115722,109,8611,Bronze Text Input,br_cashflow_textinput,TASK_COMPLETE,SUCCESS,INFO,17,17,0,,2026-08-19T12:03:16.574Z,2026-08-19T12:03:32.201Z,15,2026-08-19T12:03:32.201Z,,,490f9894-ca55-4752-92cd-6e0d41b12fb3,
202608191642431672,202608191642431671,20260819163711,109,8611,Bronze Text Input,br_cashflow_textinput,TASK_COMPLETE,SUCCESS,INFO,17,17,0,,2026-08-19T16:42:43.167Z,2026-08-19T16:43:01.589Z,18,2026-08-19T16:43:01.589Z,,,971ee9a7-f79a-4b56-ae1e-aa39f692e592,
202608270349375294,202608270349375294,20260827034338,131,13694,Missed Doses Silver,sl_vwMissedDoses,TASK_SUCCESS,SUCCESS,INFO,0,0,0,,2026-08-27T03:49:37.529Z,2026-08-27T03:50:04.724Z,27,2026-08-27T03:50:04.724Z,,,6c0dfbf2-4982-428b-b962-2d1ca5cf9e53,
202608270850336875,202608270850336875,20260827084437,131,13694,Missed Doses Silver,sl_vwMissedDoses,TASK_SUCCESS,SUCCESS,INFO,0,0,0,,2026-08-27T08:50:33.687Z,2026-08-27T08:50:58.514Z,24,2026-08-27T08:50:58.514Z,,,3fa64f84-15aa-45fb-9cca-2f2fe48cfae1,
202608262058239805,202608262058239805,20260826205225,131,13694,Missed Doses Silver,sl_vwMissedDoses,TASK_SUCCESS,SUCCESS,INFO,0,0,0,,2026-08-26T20:58:23.980Z,2026-08-26T20:58:50.794Z,26,2026-08-26T20:58:50.794Z,,,763548dd-f2e8-4b4a-babe-63409027873a,
202608271037511644,202608271037511644,20260827103159,131,13694,Missed Doses Silver,sl_vwMissedDoses,TASK_SUCCESS,SUCCESS,INFO,0,0,0,,2026-08-27T10:37:51.164Z,2026-08-27T10:38:18.633Z,27,2026-08-27T10:38:18.633Z,,,9c98095d-0f6c-4ddc-995a-49dd3d71b166,
202608100538302413,202608100538302413,20260810053454,2,19,Silver UKG Locations,Locations,TASK_COMPLETE,SUCCESS,INFO,182,182,0,,2026-08-10T05:38:34.383Z,2026-08-10T05:38:51.826Z,16,2026-08-10T05:38:51.826Z,,,3848d083-d62d-4230-a484-06d335ca9baa,
202608110848161529,202608110848161529,20260811084116,1,14,UKG Locations API,br_Locations,TASK_COMPLETE,SUCCESS,INFO,182,182,0,,2026-08-11T08:48:23.664Z,2026-08-11T08:48:47.296Z,20,2026-08-11T08:48:47.296Z,,,0fc9623f-ac58-4aee-8aa3-3afbc5271078,
202608120405007157,202608120405007157,20260812040001,1,14,UKG Locations API,br_Locations,TASK_COMPLETE,SUCCESS,INFO,182,182,0,,2026-08-12T04:05:10.962Z,2026-08-12T04:05:59.055Z,46,2026-08-12T04:05:59.055Z,,,5887a7ec-8e8e-4ea8-ac1e-92a68946509a,
202608110859076338,202608110859076338,20260811085336,2,19,Silver UKG Locations,Locations,TASK_COMPLETE,SUCCESS,INFO,182,182,0,,2026-08-11T08:59:17.425Z,2026-08-11T08:59:55.953Z,33,2026-08-11T08:59:55.953Z,,,0fc9623f-ac58-4aee-8aa3-3afbc5271078,
202608121132419386,202608121129363182,20260812100827,101,13669,Silver QQ_GLTRAN,sl_QQgltran,TASK_COMPLETE,SUCCESS,INFO,25917,25917,0,,2026-08-12T11:30:39.458Z,2026-08-12T11:33:19.089Z,86,2026-08-12T11:33:19.089Z,,,1b0f010c-6a14-4998-a93b-4f07f46b08c5,
202608110854581651,202608110854581651,20260811085336,2,6,Silver UKG Term Codes,TermCodes,TASK_COMPLETE,SUCCESS,INFO,4,4,0,,2026-08-11T08:55:50.061Z,2026-08-11T08:56:19.179Z,27,2026-08-11T08:56:19.179Z,,,0fc9623f-ac58-4aee-8aa3-3afbc5271078,
202608110842441647,202608110842441647,20260811084116,1,2,UKG Term Codes API,br_TermCodes,TASK_COMPLETE,SUCCESS,INFO,4,4,0,,2026-08-11T08:43:14.827Z,2026-08-11T08:43:44.017Z,26,2026-08-11T08:43:44.017Z,,,0fc9623f-ac58-4aee-8aa3-3afbc5271078,
202608100535568558,202608100535568558,20260810053454,2,6,Silver UKG Term Codes,TermCodes,TASK_COMPLETE,SUCCESS,INFO,4,4,0,,2026-08-10T05:36:04.058Z,2026-08-10T05:36:28.369Z,21,2026-08-10T05:36:28.369Z,,,3848d083-d62d-4230-a484-06d335ca9baa,
202608100528432806,202608100528432806,20260810052749,1,2,UKG Term Codes API,br_TermCodes,TASK_COMPLETE,SUCCESS,INFO,4,4,0,,2026-08-10T05:28:50.382Z,2026-08-10T05:29:29.580Z,37,2026-08-10T05:29:29.580Z,,,3848d083-d62d-4230-a484-06d335ca9baa,
202608120412000696,202608120412000696,20260812041027,2,6,Silver UKG Term Codes,TermCodes,TASK_COMPLETE,SUCCESS,INFO,4,4,0,,2026-08-12T04:12:08.652Z,2026-08-12T04:12:34.159Z,24,2026-08-12T04:12:34.159Z,,,5887a7ec-8e8e-4ea8-ac1e-92a68946509a,
202608120401129562,202608120401129562,20260812040001,1,2,UKG Term Codes API,br_TermCodes,TASK_COMPLETE,SUCCESS,INFO,4,4,0,,2026-08-12T04:01:24.358Z,2026-08-12T04:01:57.336Z,31,2026-08-12T04:01:57.336Z,,,5887a7ec-8e8e-4ea8-ac1e-92a68946509a,
202608140232476143,202608140232476143,20260814023150,6,35,Gold 8x8 CallVolume,8x8_CallVolume,TASK_COMPLETE,SUCCESS,INFO,12524,12524,0,,2026-08-14T02:32:51.338Z,2026-08-14T02:33:09.718Z,17,2026-08-14T02:33:09.718Z,,,7582fe2a-ab67-4726-aa6a-73a8a3ff4bdb,
202608141506426738,202608141444243612,202608141444243611,47,8816,P1 Finance Bills Silver,tbl_Bills,TASK_COMPLETE,SUCCESS,INFO,3662,4,0,,2026-08-14T14:44:17.762Z,2026-08-14T15:09:27.882Z,1510,2026-08-14T15:09:27.882Z,,,1c123384-c339-4954-be1f-3a8d150ebb14,
202608270855055903,202608270855055903,20260827084437,131,13696,Auth Elig Trend Auth Silver,sl_CurrentDayPayAuth,TASK_SUCCESS,SUCCESS,INFO,2,2,0,,2026-08-27T08:55:05.590Z,2026-08-27T08:55:39.470Z,33,2026-08-27T08:55:39.470Z,,,3fa64f84-15aa-45fb-9cca-2f2fe48cfae1,
202608271129138553,202608271129138553,20260827111830,131,13697,Auth Elig Trend Elig Silver,sl_CurrentDayPayElig,TASK_SUCCESS,SUCCESS,INFO,2,2,0,,2026-08-27T11:29:13.855Z,2026-08-27T11:29:33.271Z,19,2026-08-27T11:29:33.271Z,,,548cb8af-a2ae-442b-8193-6118f75471ea,
202608271043042086,202608271043042086,20260827103159,131,13697,Auth Elig Trend Elig Silver,sl_CurrentDayPayElig,TASK_SUCCESS,SUCCESS,INFO,2,2,0,,2026-08-27T10:43:04.208Z,2026-08-27T10:43:22.558Z,18,2026-08-27T10:43:22.558Z,,,9c98095d-0f6c-4ddc-995a-49dd3d71b166,
202608270725199494,202608270725199494,20260827071414,131,13697,Auth Elig Trend Elig Silver,sl_CurrentDayPayElig,TASK_SUCCESS,SUCCESS,INFO,2,2,0,,2026-08-27T07:25:19.949Z,2026-08-27T07:25:39.652Z,19,2026-08-27T07:25:39.652Z,,,67cdece8-9745-4c87-ab73-e4e58104b61d,
202608270855468410,202608270855468410,20260827084437,131,13697,Auth Elig Trend Elig Silver,sl_CurrentDayPayElig,TASK_SUCCESS,SUCCESS,INFO,2,2,0,,2026-08-27T08:55:46.841Z,2026-08-27T08:56:07.367Z,20,2026-08-27T08:56:07.367Z,,,3fa64f84-15aa-45fb-9cca-2f2fe48cfae1,
202608271042396031,202608271042396031,20260827103159,131,13696,Auth Elig Trend Auth Silver,sl_CurrentDayPayAuth,TASK_SUCCESS,SUCCESS,INFO,2,2,0,,2026-08-27T10:42:39.603Z,2026-08-27T10:42:58.103Z,18,2026-08-27T10:42:58.103Z,,,9c98095d-0f6c-4ddc-995a-49dd3d71b166,
202608270355166602,202608270355166602,20260827034338,131,13697,Auth Elig Trend Elig Silver,sl_CurrentDayPayElig,TASK_SUCCESS,SUCCESS,INFO,2,2,0,,2026-08-27T03:55:16.660Z,2026-08-27T03:55:46.169Z,29,2026-08-27T03:55:46.169Z,,,6c0dfbf2-4982-428b-b962-2d1ca5cf9e53,
202608270641338610,202608270641338610,20260827062944,131,13696,Auth Elig Trend Auth Silver,sl_CurrentDayPayAuth,TASK_SUCCESS,SUCCESS,INFO,2,2,0,,2026-08-27T06:41:33.861Z,2026-08-27T06:41:55.877Z,22,2026-08-27T06:41:55.877Z,,,475c3e58-0434-45d9-b3f8-9d768448de53,
202608262102301518,202608262102301518,20260826205225,131,13697,Auth Elig Trend Elig Silver,sl_CurrentDayPayElig,TASK_SUCCESS,SUCCESS,INFO,2,2,0,,2026-08-26T21:02:30.151Z,2026-08-26T21:02:49.497Z,19,2026-08-26T21:02:49.497Z,,,763548dd-f2e8-4b4a-babe-63409027873a,
202608262101566832,202608262101566832,20260826205225,131,13696,Auth Elig Trend Auth Silver,sl_CurrentDayPayAuth,TASK_SUCCESS,SUCCESS,INFO,2,2,0,,2026-08-26T21:01:56.683Z,2026-08-26T21:02:20.495Z,23,2026-08-26T21:02:20.495Z,,,763548dd-f2e8-4b4a-babe-63409027873a,
202608270717209210,202608270717209210,20260827071414,131,13691,Location Retention Silver,sl_LocationRetention,TASK_SUCCESS,SUCCESS,INFO,0,0,0,,2026-08-27T07:17:20.921Z,2026-08-27T07:17:55.154Z,34,2026-08-27T07:17:55.154Z,,,67cdece8-9745-4c87-ab73-e4e58104b61d,
202608270346523773,202608270346523773,20260827034338,131,13691,Location Retention Silver,sl_LocationRetention,TASK_SUCCESS,SUCCESS,INFO,0,0,0,,2026-08-27T03:46:52.377Z,2026-08-27T03:47:21.998Z,29,2026-08-27T03:47:21.998Z,,,6c0dfbf2-4982-428b-b962-2d1ca5cf9e53,
202608271121173606,202608271121173606,20260827111830,131,13691,Location Retention Silver,sl_LocationRetention,TASK_SUCCESS,SUCCESS,INFO,0,0,0,,2026-08-27T11:21:17.360Z,2026-08-27T11:21:53.627Z,36,2026-08-27T11:21:53.627Z,,,548cb8af-a2ae-442b-8193-6118f75471ea,
202608270847464126,202608270847464126,20260827084437,131,13691,Location Retention Silver,sl_LocationRetention,TASK_SUCCESS,SUCCESS,INFO,0,0,0,,2026-08-27T08:47:46.412Z,2026-08-27T08:48:21.682Z,35,2026-08-27T08:48:21.682Z,,,3fa64f84-15aa-45fb-9cca-2f2fe48cfae1,
202608271035080453,202608271035080453,20260827103159,131,13691,Location Retention Silver,sl_LocationRetention,TASK_SUCCESS,SUCCESS,INFO,0,0,0,,2026-08-27T10:35:08.045Z,2026-08-27T10:35:37.818Z,29,2026-08-27T10:35:37.818Z,,,9c98095d-0f6c-4ddc-995a-49dd3d71b166,
202608262118366761,202608262118366761,20260826205225,131,13691,Location Retention Silver,sl_LocationRetention,TASK_SUCCESS,SUCCESS,INFO,0,0,0,,2026-08-26T21:18:36.676Z,2026-08-26T21:19:21.971Z,45,2026-08-26T21:19:21.971Z,,,4b200449-8053-4691-81f7-bd43960e8882,
202608270633036577,202608270633036577,20260827062944,131,13691,Location Retention Silver,sl_LocationRetention,TASK_SUCCESS,SUCCESS,INFO,0,0,0,,2026-08-27T06:33:03.657Z,2026-08-27T06:33:39.165Z,35,2026-08-27T06:33:39.165Z,,,475c3e58-0434-45d9-b3f8-9d768448de53,
202608191202238561,202608191202238560,20260819115722,109,8610,Bronze Lockbox Reference,br_cashflow_lockbox,TASK_COMPLETE,SUCCESS,INFO,13629,13629,0,,2026-08-19T12:02:23.856Z,2026-08-19T12:03:08.671Z,44,2026-08-19T12:03:08.671Z,,,490f9894-ca55-4752-92cd-6e0d41b12fb3,
202608191641565427,202608191641565426,20260819163711,109,8610,Bronze Lockbox Reference,br_cashflow_lockbox,TASK_COMPLETE,SUCCESS,INFO,13629,13629,0,,2026-08-19T16:41:56.542Z,2026-08-19T16:42:36.813Z,40,2026-08-19T16:42:36.813Z,,,971ee9a7-f79a-4b56-ae1e-aa39f692e592,
202608270845293716,202608270845293716,20260827084437,131,13689,Census First Dose Silver,sl_vwCensusFirstDose,TASK_SUCCESS,SUCCESS,INFO,4913,4913,0,,2026-08-27T08:45:29.371Z,2026-08-27T08:46:37.350Z,67,2026-08-27T08:46:37.350Z,,,3fa64f84-15aa-45fb-9cca-2f2fe48cfae1,
202608270630372295,202608270630372295,20260827062944,131,13689,Census First Dose Silver,sl_vwCensusFirstDose,TASK_SUCCESS,SUCCESS,INFO,4913,4913,0,,2026-08-27T06:30:37.229Z,2026-08-27T06:31:55.866Z,78,2026-08-27T06:31:55.866Z,,,475c3e58-0434-45d9-b3f8-9d768448de53,
202608262053199694,202608262053199694,20260826205225,131,13689,Census First Dose Silver,sl_vwCensusFirstDose,TASK_SUCCESS,SUCCESS,INFO,0,0,0,,2026-08-26T20:53:19.969Z,2026-08-26T20:54:13.267Z,53,2026-08-26T20:54:13.267Z,,,763548dd-f2e8-4b4a-babe-63409027873a,
202608271032559269,202608271032559269,20260827103159,131,13689,Census First Dose Silver,sl_vwCensusFirstDose,TASK_SUCCESS,SUCCESS,INFO,4913,4913,0,,2026-08-27T10:32:55.926Z,2026-08-27T10:33:55.340Z,59,2026-08-27T10:33:55.340Z,,,9c98095d-0f6c-4ddc-995a-49dd3d71b166,
202608271119316261,202608271119316261,20260827111830,131,13689,Census First Dose Silver,sl_vwCensusFirstDose,TASK_SUCCESS,SUCCESS,INFO,4913,4913,0,,2026-08-27T11:19:31.626Z,2026-08-27T11:19:56.886Z,25,2026-08-27T11:19:56.886Z,,,548cb8af-a2ae-442b-8193-6118f75471ea,
202608100957045013,202608100934467092,202608100934467074,86,8577,Silver INV,sl_InvType,TASK_COMPLETE,SUCCESS,INFO,14,14,0,,2026-08-10T09:34:42.906Z,2026-08-10T09:57:07.278Z,1345,2026-08-10T09:57:07.278Z,,,6ef3fd30-03b0-4dcd-9022-3df447f4d036,
202608170012561254,202608162346518916,202608162346518898,86,8577,Silver INV,sl_InvType,TASK_COMPLETE,SUCCESS,INFO,14,14,0,,2026-08-16T23:46:55.971Z,2026-08-17T00:12:58.187Z,1563,2026-08-17T00:12:58.187Z,,,77f58b99-e250-4627-9f17-559331ecd0ef,
202608170012561256,202608162346518917,202608162346518898,86,8578,Silver INV,sl_Bottle,TASK_COMPLETE,SUCCESS,INFO,4649,4649,0,,2026-08-16T23:46:55.971Z,2026-08-17T00:12:58.187Z,1563,2026-08-17T00:12:58.187Z,,,77f58b99-e250-4627-9f17-559331ecd0ef,
202608100957045014,202608100934467093,202608100934467074,86,8578,Silver INV,sl_Bottle,TASK_COMPLETE,SUCCESS,INFO,4609,4609,0,,2026-08-10T09:34:42.906Z,2026-08-10T09:57:07.278Z,1345,2026-08-10T09:57:07.278Z,,,6ef3fd30-03b0-4dcd-9022-3df447f4d036,
202608150745472135,202608150745472134,202608141121345444,84,218,Gold Salesforce Users,Users,TASK_ALREADY_COMPLETED,ALREADY_COMPLETED,INFO,0,0,0,Already succeeded in previous attempt,2026-08-15T07:45:52.104Z,2026-08-15T07:45:52.104Z,0,2026-08-15T07:45:52.104Z,,,7aeef17f-6a83-4892-911d-f2c8473c9ddd,
202608150829569217,202608150829569216,202608141121345444,84,224,Gold Salesforce Tasks,Tasks,TASK_ALREADY_COMPLETED,ALREADY_COMPLETED,INFO,0,0,0,Already succeeded in previous attempt,2026-08-15T08:30:04.344Z,2026-08-15T08:30:04.344Z,0,2026-08-15T08:30:04.344Z,,,749d5262-86ff-40e0-8a86-2235f2d6051c,
202608171338379168,202608171338379168,202608171026319654,84,218,Gold Salesforce Users,Users,TASK_ALREADY_COMPLETED,ALREADY_COMPLETED,INFO,0,0,0,Already succeeded in previous attempt,2026-08-17T13:38:44.482Z,2026-08-17T13:38:44.482Z,0,2026-08-17T13:38:44.482Z,,,1cdba2b7-2cc0-4832-97e7-304e1a700c17,
202608150649321840,202608150649321840,202608141121345444,84,224,Gold Salesforce Tasks,Tasks,TASK_ALREADY_COMPLETED,ALREADY_COMPLETED,INFO,0,0,0,Already succeeded in previous attempt,2026-08-15T06:49:36.577Z,2026-08-15T06:49:36.577Z,0,2026-08-15T06:49:36.577Z,,,4b120bb3-f1e6-442e-8114-0fadc28f6b49,
202608171340195803,202608171340195803,202608171026319654,84,224,Gold Salesforce Tasks,Tasks,TASK_ALREADY_COMPLETED,ALREADY_COMPLETED,INFO,0,0,0,Already succeeded in previous attempt,2026-08-17T13:40:30.448Z,2026-08-17T13:40:30.448Z,0,2026-08-17T13:40:30.448Z,,,1cdba2b7-2cc0-4832-97e7-304e1a700c17,
202608150747081425,202608150747081425,202608141121345444,84,224,Gold Salesforce Tasks,Tasks,TASK_ALREADY_COMPLETED,ALREADY_COMPLETED,INFO,0,0,0,Already succeeded in previous attempt,2026-08-15T07:47:16.752Z,2026-08-15T07:47:16.752Z,0,2026-08-15T07:47:16.752Z,,,7aeef17f-6a83-4892-911d-f2c8473c9ddd,
202608150648164364,202608150648164364,202608141121345444,84,218,Gold Salesforce Users,Users,TASK_ALREADY_COMPLETED,ALREADY_COMPLETED,INFO,0,0,0,Already succeeded in previous attempt,2026-08-15T06:48:21.015Z,2026-08-15T06:48:21.015Z,0,2026-08-15T06:48:21.015Z,,,4b120bb3-f1e6-442e-8114-0fadc28f6b49,
202608141104566509,202608141104566509,202608141102115386,82,205,Salesforce Contacts,br_sf_contacts,TASK_COMPLETE,SUCCESS,INFO,1507,1507,0,,2026-08-14T11:05:01.411Z,2026-08-14T11:05:25.390Z,22,2026-08-14T11:05:25.390Z,,,65af9a38-d304-499c-abe3-51037aa67f0b,
202608170618079098,202608170551356421,202608170551356420,47,8816,P1 Finance Bills Silver,tbl_Bills,TASK_COMPLETE,SUCCESS,INFO,21951,641,0,,2026-08-17T05:51:47.044Z,2026-08-17T06:18:10.296Z,1583,2026-08-17T06:18:10.296Z,,,09d84bc7-e629-48a4-a32a-826b207e96d1,
202608180523110433,202608180523110432,20260818052236,6,36,Gold 8x8 Users,8x8_Users,TASK_SKIPPED,SKIPPED,WARN,0,0,0,Dependency Failed,2026-08-18T05:23:18.672Z,2026-08-18T05:23:18.672Z,0,2026-08-18T05:23:18.672Z,,,4723a883-9ff8-4a44-af41-2df7d0667204,
202608171030011748,202608171030011748,202608171026319654,84,222,Gold Salesforce StgLeads,stgLeads,TASK_COMPLETE,SUCCESS,INFO,11,11,0,,2026-08-17T10:30:06.469Z,2026-08-17T10:30:25.042Z,17,2026-08-17T10:30:25.042Z,,,7037e752-f6e1-4d8a-bc47-4e70a4e83a16,
202608171031504366,202608171031504366,202608171026319654,84,225,Gold Salesforce Contacts,Contacts,TASK_COMPLETE,SUCCESS,INFO,16,16,0,,2026-08-17T10:31:56.564Z,2026-08-17T10:32:11.500Z,12,2026-08-17T10:32:11.500Z,,,7037e752-f6e1-4d8a-bc47-4e70a4e83a16,
202608181906562323,202608181856444657,202608181856444656,115,8619,CDC Silver INV,sl_LiquidLog_CDC,TASK_COMPLETE,SUCCESS,INFO,1531,1512,0,,2026-08-18T18:57:16.304Z,2026-08-18T19:08:15.965Z,659,2026-08-18T19:08:15.965Z,,,8b420868-3d73-418b-b30b-805fea2baba5,
202608141128020294,202608141128020294,202608141121345444,84,13674,Gold Salesforce Leads,Leads,TASK_COMPLETE,SUCCESS,INFO,49,49,0,,2026-08-14T11:28:07.076Z,2026-08-14T11:28:22.820Z,13,2026-08-14T11:28:22.820Z,,,65af9a38-d304-499c-abe3-51037aa67f0b,
202608171027337400,202608171027337399,202608171026319654,84,218,Gold Salesforce Users,Users,TASK_COMPLETE,SUCCESS,INFO,473,473,0,,2026-08-17T10:27:38.779Z,2026-08-17T10:28:01.920Z,21,2026-08-17T10:28:01.920Z,,,7037e752-f6e1-4d8a-bc47-4e70a4e83a16,
202608171031138509,202608171031138509,202608171026319654,84,224,Gold Salesforce Tasks,Tasks,TASK_COMPLETE,SUCCESS,INFO,191,191,0,,2026-08-17T10:31:20.818Z,2026-08-17T10:31:38.027Z,15,2026-08-17T10:31:38.027Z,,,7037e752-f6e1-4d8a-bc47-4e70a4e83a16,
202608171033058136,202608171033058135,202608171026319654,84,13674,Gold Salesforce Leads,Leads,TASK_COMPLETE,SUCCESS,INFO,0,0,0,,2026-08-17T10:33:11.531Z,2026-08-17T10:33:24.370Z,11,2026-08-17T10:33:24.370Z,,,7037e752-f6e1-4d8a-bc47-4e70a4e83a16,
202608141519548133,202608141505674919,202608141505674909,119,12569,Silver P1/P2 Assessments,sl_NewAdmissionAssessmentASAMDimension2,TASK_COMPLETE,SUCCESS,INFO,0,0,0,,2026-08-14T15:06:49.317Z,2026-08-14T15:19:58.460Z,789,2026-08-14T15:19:58.460Z,,,7969362d-463a-4985-92c3-d629dd6d5c4e,
202608141157242308,202608141147762594,202608141147762582,119,12571,Silver P1/P2 Assessments,sl_NewAdmissionAssessmentASAMDimension5,TASK_COMPLETE,SUCCESS,INFO,0,0,0,,2026-08-14T11:48:09.966Z,2026-08-14T11:57:26.299Z,557,2026-08-14T11:57:26.299Z,,,21f5cd31-796d-43ad-806e-67ead954f01a,
202608141157242306,202608141147762592,202608141147762582,119,12569,Silver P1/P2 Assessments,sl_NewAdmissionAssessmentASAMDimension2,TASK_COMPLETE,SUCCESS,INFO,0,0,0,,2026-08-14T11:48:09.966Z,2026-08-14T11:57:26.299Z,557,2026-08-14T11:57:26.299Z,,,21f5cd31-796d-43ad-806e-67ead954f01a,
202608141519548134,202608141505674920,202608141505674909,119,12570,Silver P1/P2 Assessments,sl_NewAdmissionAssessmentASAMDimension4,TASK_COMPLETE,SUCCESS,INFO,0,0,0,,2026-08-14T15:06:49.317Z,2026-08-14T15:19:58.460Z,789,2026-08-14T15:19:58.460Z,,,7969362d-463a-4985-92c3-d629dd6d5c4e,
202608141519548136,202608141505674921,202608141505674909,119,12571,Silver P1/P2 Assessments,sl_NewAdmissionAssessmentASAMDimension5,TASK_COMPLETE,SUCCESS,INFO,0,0,0,,2026-08-14T15:06:49.317Z,2026-08-14T15:19:58.460Z,789,2026-08-14T15:19:58.460Z,,,7969362d-463a-4985-92c3-d629dd6d5c4e,
202608141157242297,202608141147762584,202608141147762582,119,12561,Silver P1/P2 Assessments,sl_NewAdmissionAssessmentASAMDimension6,TASK_COMPLETE,SUCCESS,INFO,0,0,0,,2026-08-14T11:48:09.966Z,2026-08-14T11:57:26.299Z,557,2026-08-14T11:57:26.299Z,,,21f5cd31-796d-43ad-806e-67ead954f01a,
202608141157242307,202608141147762593,202608141147762582,119,12570,Silver P1/P2 Assessments,sl_NewAdmissionAssessmentASAMDimension4,TASK_COMPLETE,SUCCESS,INFO,0,0,0,,2026-08-14T11:48:09.966Z,2026-08-14T11:57:26.299Z,557,2026-08-14T11:57:26.299Z,,,21f5cd31-796d-43ad-806e-67ead954f01a,
202608141519548124,202608141505674911,202608141505674909,119,12561,Silver P1/P2 Assessments,sl_NewAdmissionAssessmentASAMDimension6,TASK_COMPLETE,SUCCESS,INFO,0,0,0,,2026-08-14T15:06:49.317Z,2026-08-14T15:19:58.460Z,789,2026-08-14T15:19:58.460Z,,,7969362d-463a-4985-92c3-d629dd6d5c4e,
202608170739107093,202608170739107093,20260817073853,4,28,8x8 CallInteractions API,br_8x8_HistoricalCCDetailedInteractions,TASK_COMPLETE,SUCCESS,INFO,21824,21824,0,,2026-08-17T07:39:10.709Z,2026-08-17T07:42:08.115Z,160,2026-08-17T07:42:08.115Z,,,3ff82efb-5627-4b07-90b6-91557ea1f939,
202608171009578588,202608171009578588,202608171005421194,82,206,Salesforce Cases,br_sf_cases,TASK_COMPLETE,SUCCESS,INFO,279,279,0,,2026-08-17T10:10:05.013Z,2026-08-17T10:10:26.210Z,19,2026-08-17T10:10:26.210Z,,,7037e752-f6e1-4d8a-bc47-4e70a4e83a16,
202608141104015076,202608141104015075,202608141102115386,82,203,Salesforce Users,br_sf_users,TASK_COMPLETE,SUCCESS,INFO,473,473,0,,2026-08-14T11:04:09.116Z,2026-08-14T11:04:28.117Z,17,2026-08-14T11:04:28.117Z,,,65af9a38-d304-499c-abe3-51037aa67f0b,
202608171009218740,202608171009218740,202608171005421194,82,205,Salesforce Contacts,br_sf_contacts,TASK_COMPLETE,SUCCESS,INFO,1065,1065,0,,2026-08-17T10:09:28.696Z,2026-08-17T10:09:52.943Z,22,2026-08-17T10:09:52.943Z,,,7037e752-f6e1-4d8a-bc47-4e70a4e83a16,
202608170012561244,202608162346518907,202608162346518898,86,5728,Silver INV,sl_ReAssessment,TASK_COMPLETE,SUCCESS,INFO,0,0,0,,2026-08-16T23:46:55.971Z,2026-08-17T00:12:58.187Z,1563,2026-08-17T00:12:58.187Z,,,77f58b99-e250-4627-9f17-559331ecd0ef,
202608100957045003,202608100934467083,202608100934467074,86,5728,Silver INV,sl_ReAssessment,TASK_COMPLETE,SUCCESS,INFO,0,0,0,,2026-08-10T09:34:42.906Z,2026-08-10T09:57:07.278Z,1345,2026-08-10T09:57:07.278Z,,,6ef3fd30-03b0-4dcd-9022-3df447f4d036,
202608100401532789,202608100401532764,20260810035611,4,30,8x8 Users API,br_8x8_Users,TASK_COMPLETE,SUCCESS,INFO,5627,5627,0,,2026-08-10T04:01:58.109Z,2026-08-10T04:04:00.508Z,120,2026-08-10T04:04:00.508Z,,,0c0b5e48-d053-4755-97ee-27a6c27d227e,
202608131444128084,202608131444128083,20260813144202,4,30,8x8 Users API,br_8x8_Users,TASK_COMPLETE,SUCCESS,INFO,5652,5652,0,,2026-08-13T14:44:17.988Z,2026-08-13T14:46:06.136Z,105,2026-08-13T14:46:06.136Z,,,1ff2783f-65b1-4543-a347-ca96da33eb80,
202608181318573829,202608181250309456,202608181250309442,47,10350,P1 Finance Client Demo 2 Silver,tbl_ClientDemo2,TASK_COMPLETE,SUCCESS,INFO,7995,5,0,,2026-08-18T12:50:23.823Z,2026-08-18T13:19:00.283Z,1717,2026-08-18T13:19:00.283Z,,,03823c35-021d-4cc9-8374-59681a542f1d,
202608181412117373,202608181342362720,202608181342362706,47,10350,P1 Finance Client Demo 2 Silver,tbl_ClientDemo2,TASK_COMPLETE,SUCCESS,INFO,7995,0,0,,2026-08-18T13:42:39.071Z,2026-08-18T14:12:14.024Z,1775,2026-08-18T14:12:14.024Z,,,2b16abcf-416f-4fd8-80a9-0aa52ca66e5c,
202608120756349907,202608120754545305,20260812075447,100,13668,Bronze QQ_GLTRAN,br_qq_gltran,TASK_COMPLETE,SUCCESS,INFO,194,194,0,,2026-08-12T07:54:59.808Z,2026-08-12T07:56:38.401Z,86,2026-08-12T07:56:38.401Z,,,4a58dbb3-0c75-4e14-913a-c64e6b1076fa,
202608120400109510,202608120400109509,20260812040001,1,1,UKG Job Codes API,br_JobCodes,TASK_COMPLETE,SUCCESS,INFO,295,295,0,,2026-08-12T04:00:28.747Z,2026-08-12T04:01:06.714Z,35,2026-08-12T04:01:06.714Z,,,5887a7ec-8e8e-4ea8-ac1e-92a68946509a,
202608141122527552,202608141122527552,202608141121345444,84,218,Gold Salesforce Users,Users,TASK_COMPLETE,SUCCESS,INFO,473,473,0,,2026-08-14T11:22:57.008Z,2026-08-14T11:23:14.005Z,15,2026-08-14T11:23:14.005Z,,,65af9a38-d304-499c-abe3-51037aa67f0b,
202608141126256075,202608141126256075,202608141121345444,84,224,Gold Salesforce Tasks,Tasks,TASK_COMPLETE,SUCCESS,INFO,904,904,0,,2026-08-14T11:26:29.357Z,2026-08-14T11:26:42.264Z,11,2026-08-14T11:26:42.264Z,,,65af9a38-d304-499c-abe3-51037aa67f0b,
202608110849345665,202608110849345665,20260811084116,1,16,UKG Positions API,br_Positions,TASK_COMPLETE,SUCCESS,INFO,10,10,0,,2026-08-11T08:49:47.256Z,2026-08-11T08:50:27.922Z,30,2026-08-11T08:50:27.922Z,,,0fc9623f-ac58-4aee-8aa3-3afbc5271078,
202608110901369486,202608110901369485,20260811085336,2,21,Silver UKG Positions,Positions,TASK_COMPLETE,SUCCESS,INFO,10,10,0,,2026-08-11T09:01:58.421Z,2026-08-11T09:03:00.375Z,53,2026-08-11T09:03:00.375Z,,,0fc9623f-ac58-4aee-8aa3-3afbc5271078,
202608100532525048,202608100532525047,20260810052749,1,16,UKG Positions API,br_Positions,TASK_COMPLETE,SUCCESS,INFO,10,10,0,,2026-08-10T05:32:56.974Z,2026-08-10T05:33:11.996Z,13,2026-08-10T05:33:11.996Z,,,3848d083-d62d-4230-a484-06d335ca9baa,
202608120416380644,202608120416380644,20260812041027,2,21,Silver UKG Positions,Positions,TASK_COMPLETE,SUCCESS,INFO,10,10,0,,2026-08-12T04:16:46.980Z,2026-08-12T04:17:15.910Z,23,2026-08-12T04:17:15.910Z,,,5887a7ec-8e8e-4ea8-ac1e-92a68946509a,
202608141104315508,202608141104315508,202608141102115386,82,204,Salesforce Leads,br_sf_leads,TASK_COMPLETE,SUCCESS,INFO,63,63,0,,2026-08-14T11:04:37.680Z,2026-08-14T11:04:53.329Z,14,2026-08-14T11:04:53.329Z,,,65af9a38-d304-499c-abe3-51037aa67f0b,
202608170012561262,202608162346518922,202608162346518898,86,8583,Silver INV,sl_Appointments,TASK_COMPLETE,SUCCESS,INFO,22093,22093,0,,2026-08-16T23:46:55.971Z,2026-08-17T00:12:58.187Z,1563,2026-08-17T00:12:58.187Z,,,77f58b99-e250-4627-9f17-559331ecd0ef,
202608100527553046,202608100527553046,20260810052749,1,1,UKG Job Codes API,br_JobCodes,TASK_COMPLETE,SUCCESS,INFO,295,295,0,,2026-08-10T05:27:59.753Z,2026-08-10T05:28:36.912Z,32,2026-08-10T05:28:36.912Z,,,3848d083-d62d-4230-a484-06d335ca9baa,
202608100535059295,202608100535059294,20260810053454,2,5,Silver UKG Job Codes,JobCodes,TASK_COMPLETE,SUCCESS,INFO,295,295,0,,2026-08-10T05:35:12.699Z,2026-08-10T05:35:45.967Z,31,2026-08-10T05:35:45.967Z,,,3848d083-d62d-4230-a484-06d335ca9baa,
202608120411034739,202608120411034739,20260812041027,2,5,Silver UKG Job Codes,JobCodes,TASK_COMPLETE,SUCCESS,INFO,295,295,0,,2026-08-12T04:11:16.660Z,2026-08-12T04:11:46.511Z,27,2026-08-12T04:11:46.511Z,,,5887a7ec-8e8e-4ea8-ac1e-92a68946509a,
202608110841244253,202608110841244253,20260811084116,1,1,UKG Job Codes API,br_JobCodes,TASK_COMPLETE,SUCCESS,INFO,295,295,0,,2026-08-11T08:41:45.518Z,2026-08-11T08:42:38.992Z,39,2026-08-11T08:42:38.992Z,,,0fc9623f-ac58-4aee-8aa3-3afbc5271078,
202608110853550454,202608110853550454,20260811085336,2,5,Silver UKG Job Codes,JobCodes,TASK_COMPLETE,SUCCESS,INFO,295,295,0,,2026-08-11T08:54:07.819Z,2026-08-11T08:54:43.724Z,34,2026-08-11T08:54:43.724Z,,,0fc9623f-ac58-4aee-8aa3-3afbc5271078,
202608140746587473,202608140746587473,20260814073656,109,8611,Bronze Text Input,br_cashflow_textinput,TASK_COMPLETE,SUCCESS,INFO,17,17,0,,2026-08-14T07:47:19.342Z,2026-08-14T07:47:41.529Z,20,2026-08-14T07:47:41.529Z,,,2b76f80f-940a-42f8-ba7f-a8bff776f2f4,
202608170750315875,202608170750315875,20260817042608,5,32,Silver 8x8 CallVolume,sl_8x8_CallVolume,TASK_COMPLETE,SUCCESS,INFO,2993,2993,0,,2026-08-17T07:50:37.622Z,2026-08-17T07:51:00.484Z,20,2026-08-17T07:51:00.484Z,,,3ff82efb-5627-4b07-90b6-91557ea1f939,
202608140539382632,202608140539382631,20260814053204,109,8611,Bronze Text Input,br_cashflow_textinput,TASK_COMPLETE,SUCCESS,INFO,17,17,0,,2026-08-14T05:39:45.315Z,2026-08-14T05:40:20.189Z,33,2026-08-14T05:40:20.189Z,,,830c78f2-2c91-4be9-977a-e9ff0c1d8636,
202608120404112438,202608120404112438,20260812040001,1,13,UKG Person Details API,br_PersonDetails,TASK_COMPLETE,SUCCESS,INFO,4424,4424,0,,2026-08-12T04:04:29.300Z,2026-08-12T04:04:57.218Z,26,2026-08-12T04:04:57.218Z,,,5887a7ec-8e8e-4ea8-ac1e-92a68946509a,
202608170012561260,202608162346518921,202608162346518898,86,8582,Silver INV,sl_LABResultDetail,TASK_COMPLETE,SUCCESS,INFO,11015,11015,0,,2026-08-16T23:46:55.971Z,2026-08-17T00:12:58.187Z,1563,2026-08-17T00:12:58.187Z,,,77f58b99-e250-4627-9f17-559331ecd0ef,
202608170618079102,202608170551356424,202608170551356420,47,9170,P1 Finance FMP Silver,tbl_Fmp,TASK_COMPLETE,SUCCESS,INFO,10029,10029,0,,2026-08-17T05:51:47.044Z,2026-08-17T06:18:10.296Z,1583,2026-08-17T06:18:10.296Z,,,09d84bc7-e629-48a4-a32a-826b207e96d1,
202608121611314272,202608121554624208,202608121554624207,8,94384,DOSE Silver Pipeline,tbl_dose,TASK_COMPLETE,SUCCESS,INFO,13546,13546,0,,2026-08-12T15:56:31.148Z,2026-08-12T16:11:57.949Z,926,2026-08-12T16:11:57.949Z,,,8f7980aa-1c89-4271-a743-cd3729c55733,
202608131539524320,202608131539524320,20260813153844,5,32,Silver 8x8 CallVolume,sl_8x8_CallVolume,TASK_COMPLETE,SUCCESS,INFO,112,112,0,,2026-08-13T15:39:56.288Z,2026-08-13T15:40:13.740Z,15,2026-08-13T15:40:13.740Z,,,6cba3a07-87e1-4e5a-809c-65a43422107a,
202608140948464557,202608140948464557,20260814094829,105,6814,Gold Active Directory AADUsers,AADUsers,TASK_COMPLETE,SUCCESS,INFO,8381,2201,0,,2026-08-14T09:48:51.466Z,2026-08-14T09:49:44.687Z,50,2026-08-14T09:49:44.687Z,,,800305b1-0b30-4e63-a791-84feb90a5573,
202608140837312990,202608140837312990,20260814083720,105,6814,Gold Active Directory AADUsers,AADUsers,TASK_COMPLETE,SUCCESS,INFO,6285,2157,0,,2026-08-14T08:37:36.432Z,2026-08-14T08:38:11.910Z,33,2026-08-14T08:38:11.910Z,,,45e95ca2-629e-4976-8482-3be8710cf118,
202608141519548130,202608141505674916,202608141505674909,119,12566,Silver P1/P2 Assessments,sl_newperiodicreassessmentd4,TASK_COMPLETE,SUCCESS,INFO,0,0,0,,2026-08-14T15:06:49.317Z,2026-08-14T15:19:58.460Z,789,2026-08-14T15:19:58.460Z,,,7969362d-463a-4985-92c3-d629dd6d5c4e,
202608141519548131,202608141505674917,202608141505674909,119,12567,Silver P1/P2 Assessments,sl_newperiodicreassessmentd5,TASK_COMPLETE,SUCCESS,INFO,0,0,0,,2026-08-14T15:06:49.317Z,2026-08-14T15:19:58.460Z,789,2026-08-14T15:19:58.460Z,,,7969362d-463a-4985-92c3-d629dd6d5c4e,
202608141157242300,202608141147762587,202608141147762582,119,12564,Silver P1/P2 Assessments,sl_newperiodicreassessmentd2,TASK_COMPLETE,SUCCESS,INFO,0,0,0,,2026-08-14T11:48:09.966Z,2026-08-14T11:57:26.299Z,557,2026-08-14T11:57:26.299Z,,,21f5cd31-796d-43ad-806e-67ead954f01a,
202608141519548129,202608141505674915,202608141505674909,119,12565,Silver P1/P2 Assessments,sl_newperiodicreassessmentd3,TASK_COMPLETE,SUCCESS,INFO,0,0,0,,2026-08-14T15:06:49.317Z,2026-08-14T15:19:58.460Z,789,2026-08-14T15:19:58.460Z,,,7969362d-463a-4985-92c3-d629dd6d5c4e,
202608141157242301,202608141147762588,202608141147762582,119,12565,Silver P1/P2 Assessments,sl_newperiodicreassessmentd3,TASK_COMPLETE,SUCCESS,INFO,0,0,0,,2026-08-14T11:48:09.966Z,2026-08-14T11:57:26.299Z,557,2026-08-14T11:57:26.299Z,,,21f5cd31-796d-43ad-806e-67ead954f01a,
202608141157242305,202608141147762591,202608141147762582,119,12568,Silver P1/P2 Assessments,sl_newperiodicreassessmentd6,TASK_COMPLETE,SUCCESS,INFO,0,0,0,,2026-08-14T11:48:09.966Z,2026-08-14T11:57:26.299Z,557,2026-08-14T11:57:26.299Z,,,21f5cd31-796d-43ad-806e-67ead954f01a,
202608141157242302,202608141147762589,202608141147762582,119,12566,Silver P1/P2 Assessments,sl_newperiodicreassessmentd4,TASK_COMPLETE,SUCCESS,INFO,0,0,0,,2026-08-14T11:48:09.966Z,2026-08-14T11:57:26.299Z,557,2026-08-14T11:57:26.299Z,,,21f5cd31-796d-43ad-806e-67ead954f01a,
202608140828219167,202608140828219166,20260814080954,4,29,8x8 Queue Summary API,br_8x8_HistoricalCCQueueSummary,TASK_COMPLETE,SUCCESS,INFO,20502,20502,0,,2026-08-14T08:28:21.916Z,2026-08-14T08:50:56.790Z,1343,2026-08-14T08:50:56.790Z,,,36ebac0c-26de-4656-ae31-977cae255ad9,
202608151052134308,202608151052134308,20260815104057,4,29,8x8 Queue Summary API,br_8x8_HistoricalCCQueueSummary,TASK_COMPLETE,SUCCESS,INFO,20502,20502,0,,2026-08-15T10:52:13.430Z,2026-08-15T11:13:46.251Z,1281,2026-08-15T11:13:46.251Z,,,2898ad47-3f2c-4db5-b5fc-5329717fcc94,
202608141519548132,202608141505674918,202608141505674909,119,12568,Silver P1/P2 Assessments,sl_newperiodicreassessmentd6,TASK_COMPLETE,SUCCESS,INFO,0,0,0,,2026-08-14T15:06:49.317Z,2026-08-14T15:19:58.460Z,789,2026-08-14T15:19:58.460Z,,,7969362d-463a-4985-92c3-d629dd6d5c4e,
202608150504292258,202608150504292258,20260815044645,4,29,8x8 Queue Summary API,br_8x8_HistoricalCCQueueSummary,TASK_COMPLETE,SUCCESS,INFO,20502,20502,0,,2026-08-15T05:04:29.225Z,2026-08-15T05:26:37.758Z,1319,2026-08-15T05:26:37.758Z,,,6517d2eb-46fa-4d72-8ea4-8ae23e1d30a8,
202608141519548127,202608141505674914,202608141505674909,119,12564,Silver P1/P2 Assessments,sl_newperiodicreassessmentd2,TASK_COMPLETE,SUCCESS,INFO,0,0,0,,2026-08-14T15:06:49.317Z,2026-08-14T15:19:58.460Z,789,2026-08-14T15:19:58.460Z,,,7969362d-463a-4985-92c3-d629dd6d5c4e,
202608141157242304,202608141147762590,202608141147762582,119,12567,Silver P1/P2 Assessments,sl_newperiodicreassessmentd5,TASK_COMPLETE,SUCCESS,INFO,0,0,0,,2026-08-14T11:48:09.966Z,2026-08-14T11:57:26.299Z,557,2026-08-14T11:57:26.299Z,,,21f5cd31-796d-43ad-806e-67ead954f01a,
202608141105287391,202608141105287390,202608141102115386,82,206,Salesforce Cases,br_sf_cases,TASK_COMPLETE,SUCCESS,INFO,710,710,0,,2026-08-14T11:05:36.472Z,2026-08-14T11:05:59.592Z,21,2026-08-14T11:05:59.592Z,,,65af9a38-d304-499c-abe3-51037aa67f0b,
202608141103345275,202608141103345275,202608141102115386,82,202,Salesforce Tasks,br_sf_tasks,TASK_COMPLETE,SUCCESS,INFO,904,904,0,,2026-08-14T11:03:40.173Z,2026-08-14T11:03:58.069Z,16,2026-08-14T11:03:58.069Z,,,65af9a38-d304-499c-abe3-51037aa67f0b,
202608100957045015,202608100934467094,202608100934467074,86,8579,Silver INV,sl_LiquidLog,TASK_COMPLETE,SUCCESS,INFO,4874,4874,0,,2026-08-10T09:34:42.906Z,2026-08-10T09:57:07.278Z,1345,2026-08-10T09:57:07.278Z,,,6ef3fd30-03b0-4dcd-9022-3df447f4d036,
202608170012561257,202608162346518918,202608162346518898,86,8579,Silver INV,sl_LiquidLog,TASK_COMPLETE,SUCCESS,INFO,4928,4928,0,,2026-08-16T23:46:55.971Z,2026-08-17T00:12:58.187Z,1563,2026-08-17T00:12:58.187Z,,,77f58b99-e250-4627-9f17-559331ecd0ef,
202608170012561259,202608162346518920,202608162346518898,86,8581,Silver INV,sl_LABResult,TASK_COMPLETE,SUCCESS,INFO,2950,2950,0,,2026-08-16T23:46:55.971Z,2026-08-17T00:12:58.187Z,1563,2026-08-17T00:12:58.187Z,,,77f58b99-e250-4627-9f17-559331ecd0ef,
202608181412117357,202608181342362707,202608181342362706,47,8816,P1 Finance Bills Silver,tbl_Bills,TASK_COMPLETE,SUCCESS,INFO,22186,6,0,,2026-08-18T13:42:39.071Z,2026-08-18T14:12:14.024Z,1775,2026-08-18T14:12:14.024Z,,,2b16abcf-416f-4fd8-80a9-0aa52ca66e5c,
202608181318573815,202608181250309443,202608181250309442,47,8816,P1 Finance Bills Silver,tbl_Bills,TASK_COMPLETE,SUCCESS,INFO,22180,4,0,,2026-08-18T12:50:23.823Z,2026-08-18T13:19:00.283Z,1717,2026-08-18T13:19:00.283Z,,,03823c35-021d-4cc9-8374-59681a542f1d,
202608140859083545,202608140859083545,20260814085814,6,35,Gold 8x8 CallVolume,8x8_CallVolume,TASK_COMPLETE,SUCCESS,INFO,20502,20502,0,,2026-08-14T08:59:12.256Z,2026-08-14T08:59:32.070Z,18,2026-08-14T08:59:32.070Z,,,36ebac0c-26de-4656-ae31-977cae255ad9,
202608262056581700,202608262056581700,20260826205225,131,13693,Marketing Admits Readmissions Silver,sl_AdmitsPReadmissions,TASK_SUCCESS,SUCCESS,INFO,325861,325861,0,,2026-08-26T20:56:58.170Z,2026-08-26T20:58:12.304Z,74,2026-08-26T20:58:12.304Z,,,763548dd-f2e8-4b4a-babe-63409027873a,
202608270849093679,202608270849093679,20260827084437,131,13693,Marketing Admits Readmissions Silver,sl_AdmitsPReadmissions,TASK_SUCCESS,SUCCESS,INFO,325861,325861,0,,2026-08-27T08:49:09.367Z,2026-08-27T08:50:24.600Z,75,2026-08-27T08:50:24.600Z,,,3fa64f84-15aa-45fb-9cca-2f2fe48cfae1,
202608271122420302,202608271122420302,20260827111830,131,13693,Marketing Admits Readmissions Silver,sl_AdmitsPReadmissions,TASK_SUCCESS,SUCCESS,INFO,325842,325842,0,,2026-08-27T11:22:42.030Z,2026-08-27T11:24:03.894Z,81,2026-08-27T11:24:03.894Z,,,548cb8af-a2ae-442b-8193-6118f75471ea,
202608270634283037,202608270634283037,20260827062944,131,13693,Marketing Admits Readmissions Silver,sl_AdmitsPReadmissions,TASK_SUCCESS,SUCCESS,INFO,325861,325861,0,,2026-08-27T06:34:28.303Z,2026-08-27T06:35:58.460Z,90,2026-08-27T06:35:58.460Z,,,475c3e58-0434-45d9-b3f8-9d768448de53,
202608191202020483,202608191202020482,20260819115722,109,8609,Bronze Account Reference,br_cashflow_accountlocationref,TASK_COMPLETE,SUCCESS,INFO,273,273,0,,2026-08-19T12:02:02.048Z,2026-08-19T12:02:17.274Z,15,2026-08-19T12:02:17.274Z,,,490f9894-ca55-4752-92cd-6e0d41b12fb3,
202608191641352422,202608191641352421,20260819163711,109,8609,Bronze Account Reference,br_cashflow_accountlocationref,TASK_COMPLETE,SUCCESS,INFO,273,273,0,,2026-08-19T16:41:35.242Z,2026-08-19T16:41:50.490Z,15,2026-08-19T16:41:50.490Z,,,971ee9a7-f79a-4b56-ae1e-aa39f692e592,
202608191157433738,202608191157433737,20260819115722,109,8608,Bronze Wells Transactions,br_cashflow_transactions,TASK_COMPLETE,SUCCESS,INFO,509839,509839,0,,2026-08-19T11:57:43.373Z,2026-08-19T12:01:46.749Z,243,2026-08-19T12:01:46.749Z,,,490f9894-ca55-4752-92cd-6e0d41b12fb3,
202608191637337817,202608191637337816,20260819163711,109,8608,Bronze Wells Transactions,br_cashflow_transactions,TASK_COMPLETE,SUCCESS,INFO,509839,509839,0,,2026-08-19T16:37:33.781Z,2026-08-19T16:41:26.326Z,232,2026-08-19T16:41:26.326Z,,,971ee9a7-f79a-4b56-ae1e-aa39f692e592,
202608250658579844,202608250658579843,20260825065850,126,13680,Bronze Overdue Courses,br_learningreports_overdue,TASK_COMPLETE,SUCCESS,INFO,2565,2565,0,,2026-08-25T06:58:57.984Z,2026-08-25T06:59:25.092Z,27,2026-08-25T06:59:25.092Z,,,97633bcb-2c8a-4162-acd4-71253157a7a4,
202608201837426469,202608201837426468,20260820183735,126,13680,Bronze Overdue Courses,br_learningreports_overdue,TASK_COMPLETE,SUCCESS,INFO,2565,2565,0,,2026-08-20T18:37:42.646Z,2026-08-20T18:38:10.123Z,27,2026-08-20T18:38:10.123Z,,,35f7c089-8d9e-4c6e-98a4-d95a69912ca1,
202608201815339989,202608201815339988,20260820181526,126,13680,Bronze Overdue Courses,br_learningreports_overdue,TASK_COMPLETE,SUCCESS,INFO,2565,2565,0,,2026-08-20T18:15:33.998Z,2026-08-20T18:15:57.886Z,23,2026-08-20T18:15:57.886Z,,,693cfd70-4f2a-4d22-9e5a-9889207939bc,
202608250600213746,202608250600213745,20260822125804,126,13680,Bronze Overdue Courses,br_learningreports_overdue,TASK_COMPLETE,SUCCESS,INFO,2565,2565,0,,2026-08-25T06:00:21.374Z,2026-08-25T06:00:50.449Z,29,2026-08-25T06:00:50.449Z,,,3129696d-6382-4e6f-9a07-281ff4c6c307,
202608250602573456,202608250602573455,20260825060248,127,13681,Silver Overdue Courses,sl_LearningReportsOverdue,TASK_COMPLETE,SUCCESS,INFO,2565,2565,0,,2026-08-25T06:02:57.345Z,2026-08-25T06:03:24.330Z,26,2026-08-25T06:03:24.330Z,,,3129696d-6382-4e6f-9a07-281ff4c6c307,
202608201839516824,202608201839516823,20260820183941,127,13681,Silver Overdue Courses,sl_LearningReportsOverdue,TASK_COMPLETE,SUCCESS,INFO,2565,2565,0,,2026-08-20T18:39:51.682Z,2026-08-20T18:40:20.730Z,29,2026-08-20T18:40:20.730Z,,,35f7c089-8d9e-4c6e-98a4-d95a69912ca1,
202608201817405608,202608201817405607,20260820181729,127,13681,Silver Overdue Courses,sl_LearningReportsOverdue,TASK_COMPLETE,SUCCESS,INFO,2565,2565,0,,2026-08-20T18:17:40.560Z,2026-08-20T18:18:08.603Z,28,2026-08-20T18:18:08.603Z,,,693cfd70-4f2a-4d22-9e5a-9889207939bc,
202608250701079027,202608250701079026,20260825070056,127,13681,Silver Overdue Courses,sl_LearningReportsOverdue,TASK_COMPLETE,SUCCESS,INFO,2565,2565,0,,2026-08-25T07:01:07.902Z,2026-08-25T07:01:40.966Z,33,2026-08-25T07:01:40.966Z,,,97633bcb-2c8a-4162-acd4-71253157a7a4,
202608270724534483,202608270724534483,20260827071414,131,13696,Auth Elig Trend Auth Silver,sl_CurrentDayPayAuth,TASK_SUCCESS,SUCCESS,INFO,2,2,0,,2026-08-27T07:24:53.448Z,2026-08-27T07:25:13.743Z,20,2026-08-27T07:25:13.743Z,,,67cdece8-9745-4c87-ab73-e4e58104b61d,
202608271128454220,202608271128454220,20260827111830,131,13696,Auth Elig Trend Auth Silver,sl_CurrentDayPayAuth,TASK_SUCCESS,SUCCESS,INFO,2,2,0,,2026-08-27T11:28:45.422Z,2026-08-27T11:29:06.439Z,21,2026-08-27T11:29:06.439Z,,,548cb8af-a2ae-442b-8193-6118f75471ea,
202608270354455763,202608270354455763,20260827034338,131,13696,Auth Elig Trend Auth Silver,sl_CurrentDayPayAuth,TASK_SUCCESS,SUCCESS,INFO,2,2,0,,2026-08-27T03:54:45.576Z,2026-08-27T03:55:09.364Z,23,2026-08-27T03:55:09.364Z,,,6c0dfbf2-4982-428b-b962-2d1ca5cf9e53,
202608270642030430,202608270642030430,20260827062944,131,13697,Auth Elig Trend Elig Silver,sl_CurrentDayPayElig,TASK_SUCCESS,SUCCESS,INFO,2,2,0,,2026-08-27T06:42:03.043Z,2026-08-27T06:42:23.094Z,20,2026-08-27T06:42:23.094Z,,,475c3e58-0434-45d9-b3f8-9d768448de53,
202608130516148972,202608130514137496,20260813051406,102,13670,Gold QQ_GLTRAN,QQgltran,TASK_COMPLETE,SUCCESS,INFO,25917,25917,0,,2026-08-13T05:14:38.793Z,2026-08-13T05:16:38.869Z,65,2026-08-13T05:16:38.869Z,,,18585045-c0ca-4001-a812-fbd0cb09c50a,
202608140305532848,202608140305532847,20260814030435,6,36,Gold 8x8 Users,8x8_Users,TASK_COMPLETE,SUCCESS,INFO,5652,5652,0,,2026-08-14T03:05:57.713Z,2026-08-14T03:06:14.200Z,15,2026-08-14T03:06:14.200Z,,,360959fd-08b4-465c-be75-1bdb70b33137,
202608150536080939,202608150536080939,20260815053441,6,36,Gold 8x8 Users,8x8_Users,TASK_COMPLETE,SUCCESS,INFO,5648,5648,0,,2026-08-15T05:36:12.913Z,2026-08-15T05:36:30.703Z,16,2026-08-15T05:36:30.703Z,,,6517d2eb-46fa-4d72-8ea4-8ae23e1d30a8,
202608170754109961,202608170754109961,20260817075249,6,36,Gold 8x8 Users,8x8_Users,TASK_COMPLETE,SUCCESS,INFO,5648,5648,0,,2026-08-17T07:54:16.407Z,2026-08-17T07:54:35.161Z,17,2026-08-17T07:54:35.161Z,,,3ff82efb-5627-4b07-90b6-91557ea1f939,
202608140859400839,202608140859400838,20260814085814,6,36,Gold 8x8 Users,8x8_Users,TASK_COMPLETE,SUCCESS,INFO,5652,5652,0,,2026-08-14T08:59:44.492Z,2026-08-14T09:00:01.382Z,15,2026-08-14T09:00:01.382Z,,,36ebac0c-26de-4656-ae31-977cae255ad9,
202608100410551976,202608100410551975,20260810040919,6,36,Gold 8x8 Users,8x8_Users,TASK_COMPLETE,SUCCESS,INFO,5627,5627,0,,2026-08-10T04:10:59.635Z,2026-08-10T04:11:28.885Z,27,2026-08-10T04:11:28.885Z,,,0c0b5e48-d053-4755-97ee-27a6c27d227e,
202608310619171069,202608310619171068,20260831061556,134,13723,MultiplePayor Secondary Payorv8 Gold,MultiplePayors,TASK_FAILED,FAILED,ERROR,0,0,1,"[UNRESOLVED_COLUMN.WITH_SUGGESTION] A column or function parameter with name `SiteCode` cannot be resolved. Did you mean one of the following? [`CltId`, `RegionCode`, `PatientId`, `ActiveDate`, `Counselor`].; Project [CASE WHEN isnull(SiteCode) THEN null ELSE substring(trim(cast(SiteCode as string), None), 1, 25) END AS SiteCode#169015, cast(CltId#168945 as int) AS CltId#169016, CASE WHEN isnull(ClientM4Id) THEN null ELSE substring(trim(cast(ClientM4Id as string), None), 1, 50) END AS ClientM4Id#169017, CASE WHEN isnull(PatientId#168946) THEN cast(null as string) ELSE substring(trim(cast(PatientId#168946 as string), None), 1, 50) END AS PatientId#169018, CASE WHEN isnull(FirstName#168947) THEN cast(null as string) ELSE substring(trim(cast(FirstName#168947 as string), None), 1, 50) END AS FirstName#169019, CASE WHEN isnull(LastName#168948) THEN cast(null as string) ELSE substring(trim(cast(LastName#168948 as string), None), 1, 50) END AS LastName#169020, cast(DOB as date) AS DOB#169021, CASE WHEN isnull(PrimaryPayor) THEN null ELSE substring(trim(cast(PrimaryPayor as string), None), 1, 100) END AS PrimaryPayor#169022, CASE WHEN isnull(PrimaryPayorId) THEN null ELSE substring(trim(cast(PrimaryPayorId as string), None), 1, 50) END AS PrimaryPayorId#169023, cast(PrimaryPayorStart as date) AS PrimaryPayorStart#169024, cast(PrimaryPayorEnd as date) AS PrimaryPayorEnd#169025, CASE WHEN isnull(PrimaryRelationship) THEN null ELSE substring(trim(cast(PrimaryRelationship as string), None), 1, 50) END AS PrimaryRelationship#169026, CASE WHEN isnull(SecondaryPayor) THEN null ELSE substring(trim(cast(SecondaryPayor as string), None), 1, 100) END AS SecondaryPayor#169027, CASE WHEN isnull(SecondaryPayorId) THEN null ELSE substring(trim(cast(SecondaryPayorId as string), None), 1, 50) END AS SecondaryPayorId#169028, cast(SecondaryPayorStart as date) AS SecondaryPayorStart#169029, cast(SecondaryPayorEnd as date) AS SecondaryPayorEnd#169030, CASE WHEN isnull(SecondaryRelationship) THEN null ELSE substring(trim(cast(SecondaryRelationship as string), None), 1, 50) END AS SecondaryRelationship#169031, CASE WHEN isnull(TertiaryPayor) THEN null ELSE substring(trim(cast(TertiaryPayor as string), None), 1, 100) END AS TertiaryPayor#169032, CASE WHEN isnull(TertiaryPayorId) THEN null ELSE substring(trim(cast(TertiaryPayorId as string), None), 1, 50) END AS TertiaryPayorId#169033, cast(TertiaryPayorStart as date) AS TertiaryPayorStart#169034, CASE WHEN isnull(Program) THEN null ELSE substring(trim(cast(Program as string), None), 1, 100) END AS Program#169035, CASE WHEN isnull(FinClass) THEN null ELSE substring(trim(cast(FinClass as string), None), 1, 50) END AS FinClass#169036, CASE WHEN isnull(PayorType) THEN null ELSE substring(trim(cast(PayorType as string), None), 1, 50) END AS PayorType#169037, cast(ServiceDate as date) AS ServiceDate#169038, ... 15 more fields] +- Deduplicate [SecondaryPayor1Start#168969, LastName#168948, Counselor#168950, Physician#168949, Location#168944, SecondaryPayor4#168974, PrimaryPayor4Start#168963, PrimaryPayor1Start#168954, ActiveDate#168951, PrimaryPayor5#168965, PrimaryPayor2Start#168957, FirstName#168947, PrimaryPayor2#168956, CltId#168945, MaxFinClass5#168967, PrimaryPayor1#168953, SecondaryPayor3#168972, FinClass1#168955, SecondaryPayor3Start#168973, SecondaryPayor2#168970, SecondaryPayor5Start#168977, PrimaryPayor3#168959, SecondaryPayor4Start#168975, SecondaryPayor2Start#168971, ... 12 more fields] +- SubqueryAlias spark_catalog.chimcobldhq2agi88smk8gak84ml0j21ah34ukid5l1kuki55l24alh5c9k6enrjd5m7cpbi4lgniu0.sl_multiplepayors +- Relation spark_catalog.chimcobldhq2agi88smk8gak84ml0j21ah34ukid5l1kuki55l24alh5c9k6enrjd5m7cpbi4lgniu0.sl_multiplepayors[RegionCode#168942,ClinicName#168943,Location#168944,CltId#168945,PatientId#168946,FirstName#168947,LastName#168948,Physician#168949,Counselor#168950,ActiveDate#168951,PrimaryProgram#168952,PrimaryPayor1#168953,PrimaryPayor1Start#168954,FinClass1#168955,PrimaryPayor2#168956,PrimaryPayor2Start#168957,FinClass2#168958,PrimaryPayor3#168959,PrimaryPayor3Start#168960,FinClass3#168961,PrimaryPayor4#168962,PrimaryPayor4Start#168963,MaxFinClass4#168964,PrimaryPayor5#168965,... 12 more fields] parquet",2026-08-31T06:19:24.576Z,2026-08-31T06:19:44.674Z,18,2026-08-31T06:19:44.674Z,,,1de5cf99-6b82-4338-b3fe-396114f7957f,
202609040852387732,202609040852387732,20260904085233,135,13738,Salesforce Callback List Contact,br_sf_contact_cl,TASK_FAILED,FAILED,ERROR,0,0,0,"An error occurred while calling o417.sql. : io.delta.exceptions.ConcurrentAppendException: [DELTA_CONCURRENT_APPEND] ConcurrentAppendException: Files were added to the root of the table by a concurrent update. Please try the operation again. Conflicting commit: {\"timestamp\":1788512070729,\"operation\":\"UPDATE\",\"operationParameters\":{\"predicate\":[\"(TaskId#5711L = 202609040854113946)\"]},\"readVersion\":26487,\"isolationLevel\":\"Serializable\",\"isBlindAppend\":false,\"operationMetrics\":{\"numRemovedFiles\":\"1\",\"numRemovedBytes\":\"12489\",\"numCopiedRows\":\"0\",\"numDeletionVectorsAdded\":\"0\",\"numDeletionVectorsRemoved\":\"0\",\"numAddedChangeFiles\":\"0\",\"executionTimeMs\":\"1751\",\"numDeletionVectorsUpdated\":\"0\",\"scanTimeMs\":\"1215\",\"numAddedFiles\":\"1\",\"numUpdatedRows\":\"1\",\"numAddedBytes\":\"13548\",\"rewriteTimeMs\":\"535\"},\"engineInfo\":\"Apache-Spark/3.5.5.5.4.20260807.1 Delta-Lake/3.2.1.20260609.1\",\"txnId\":\"7c1d209d-450a-4da7-b7ae-7e4c0e314556\"} Refer to https://docs.delta.io/latest/concurrency-control.html for more details. at org.apache.spark.sql.delta.DeltaErrorsBase.concurrentAppendException(DeltaErrors.scala:2374) at org.apache.spark.sql.delta.DeltaErrorsBase.concurrentAppendException$(DeltaErrors.scala:2367) at org.apache.spark.sql.delta.DeltaErrors$.concurrentAppendException(DeltaErrors.scala:3382) at org.apache.spark.sql.delta.ConflictChecker.$anonfun$checkForAddedFilesThatShouldHaveBeenReadByCurrentTxn$1(ConflictChecker.scala:384) at scala.runtime.java8.JFunction0$mcV$sp.apply(JFunction0$mcV$sp.java:23) at org.apache.spark.sql.delta.ConflictChecker.recordTime(ConflictChecker.scala:647) at org.apache.spark.sql.delta.ConflictChecker.checkForAddedFilesThatShouldHaveBeenReadByCurrentTxn(ConflictChecker.scala:355) at org.apache.spark.sql.delta.ConflictChecker.checkConflicts(ConflictChecker.scala:170) at org.apache.spark.sql.delta.OptimisticTransactionImpl.checkForConflictsAgainstVersion(OptimisticTransaction.scala:2557) at org.apache.spark.sql.delta.OptimisticTransactionImpl.checkForConflictsAgainstVersion$(OptimisticTransaction.scala:2547) at org.apache.spark.sql.delta.OptimisticTransaction.checkForConflictsAgainstVersion(OptimisticTransaction.scala:161) at org.apache.spark.sql.delta.OptimisticTransactionImpl.$anonfun$checkForConflicts$10(OptimisticTransaction.scala:2535) at org.apache.spark.sql.delta.OptimisticTransactionImpl.$anonfun$checkForConflicts$10$adapted(OptimisticTransaction.scala:2531) at scala.collection.Iterator.foreach(Iterator.scala:943) at scala.collection.Iterator.foreach$(Iterator.scala:943) at scala.collection.AbstractIterator.foreach(Iterator.scala:1431) at scala.collection.IterableLike.foreach(IterableLike.scala:74) at scala.collection.IterableLike.foreach$(IterableLike.scala:73) at scala.collection.AbstractIterable.foreach(Iterable.scala:56) at org.apache.spark.sql.delta.OptimisticTransactionImpl.$anonfun$checkForConflicts$2(OptimisticTransaction.scala:2531) at org.apache.spark.sql.delta.catalog.DeltaTableV2$.withEnrichedUnsupportedTableException(DeltaTableV2.scala:574) at org.apache.spark.sql.delta.OptimisticTransactionImpl.$anonfun$checkForConflicts$1(OptimisticTransaction.scala:2500) at org.apache.spark.sql.delta.metering.DeltaLogging.recordFrameProfile(DeltaLogging.scala:173) at org.apache.spark.sql.delta.metering.DeltaLogging.recordFrameProfile$(DeltaLogging.scala:171) at org.apache.spark.sql.delta.OptimisticTransaction.recordFrameProfile(OptimisticTransaction.scala:161) at org.apache.spark.sql.delta.metering.DeltaLogging.$anonfun$recordDeltaOperationInternal$1(DeltaLogging.scala:141)",2026-09-04T08:52:44.774Z,2026-09-04T08:54:46.594Z,119,2026-09-04T08:54:46.594Z,,,7501b0da-7d11-4d30-821d-f187e882cb70,
202608310604594923,202608310604594922,20260831060206,133,13714,3rd Party Duplicates Silver,sl_duplicates,TASK_FAILED,FAILED,ERROR,0,0,1,"An error occurred while calling o417.sql. : io.delta.exceptions.ConcurrentAppendException: [DELTA_CONCURRENT_APPEND] ConcurrentAppendException: Files were added to the root of the table by a concurrent update. Please try the operation again. Conflicting commit: {\"timestamp\":1788156357366,\"operation\":\"UPDATE\",\"operationParameters\":{\"predicate\":[\"(TaskId#31624L = 202608310605103328)\"]},\"readVersion\":24283,\"isolationLevel\":\"Serializable\",\"isBlindAppend\":false,\"operationMetrics\":{\"numRemovedFiles\":\"1\",\"numRemovedBytes\":\"12426\",\"numCopiedRows\":\"0\",\"numDeletionVectorsAdded\":\"0\",\"numDeletionVectorsRemoved\":\"0\",\"numAddedChangeFiles\":\"0\",\"executionTimeMs\":\"1121\",\"numDeletionVectorsUpdated\":\"0\",\"scanTimeMs\":\"720\",\"numAddedFiles\":\"1\",\"numUpdatedRows\":\"1\",\"numAddedBytes\":\"12733\",\"rewriteTimeMs\":\"400\"},\"engineInfo\":\"Apache-Spark/3.5.5.5.4.20260807.1 Delta-Lake/3.2.1.20260609.1\",\"txnId\":\"d0d13851-0c3a-4295-b443-18e7638f9f4c\"} Refer to https://docs.delta.io/latest/concurrency-control.html for more details. at org.apache.spark.sql.delta.DeltaErrorsBase.concurrentAppendException(DeltaErrors.scala:2374) at org.apache.spark.sql.delta.DeltaErrorsBase.concurrentAppendException$(DeltaErrors.scala:2367) at org.apache.spark.sql.delta.DeltaErrors$.concurrentAppendException(DeltaErrors.scala:3382) at org.apache.spark.sql.delta.ConflictChecker.$anonfun$checkForAddedFilesThatShouldHaveBeenReadByCurrentTxn$1(ConflictChecker.scala:384) at scala.runtime.java8.JFunction0$mcV$sp.apply(JFunction0$mcV$sp.java:23) at org.apache.spark.sql.delta.ConflictChecker.recordTime(ConflictChecker.scala:647) at org.apache.spark.sql.delta.ConflictChecker.checkForAddedFilesThatShouldHaveBeenReadByCurrentTxn(ConflictChecker.scala:355) at org.apache.spark.sql.delta.ConflictChecker.checkConflicts(ConflictChecker.scala:170) at org.apache.spark.sql.delta.OptimisticTransactionImpl.checkForConflictsAgainstVersion(OptimisticTransaction.scala:2557) at org.apache.spark.sql.delta.OptimisticTransactionImpl.checkForConflictsAgainstVersion$(OptimisticTransaction.scala:2547) at org.apache.spark.sql.delta.OptimisticTransaction.checkForConflictsAgainstVersion(OptimisticTransaction.scala:161) at org.apache.spark.sql.delta.OptimisticTransactionImpl.$anonfun$checkForConflicts$10(OptimisticTransaction.scala:2535) at org.apache.spark.sql.delta.OptimisticTransactionImpl.$anonfun$checkForConflicts$10$adapted(OptimisticTransaction.scala:2531) at scala.collection.Iterator.foreach(Iterator.scala:943) at scala.collection.Iterator.foreach$(Iterator.scala:943) at scala.collection.AbstractIterator.foreach(Iterator.scala:1431) at scala.collection.IterableLike.foreach(IterableLike.scala:74) at scala.collection.IterableLike.foreach$(IterableLike.scala:73) at scala.collection.AbstractIterable.foreach(Iterable.scala:56) at org.apache.spark.sql.delta.OptimisticTransactionImpl.$anonfun$checkForConflicts$2(OptimisticTransaction.scala:2531) at org.apache.spark.sql.delta.catalog.DeltaTableV2$.withEnrichedUnsupportedTableException(DeltaTableV2.scala:574) at org.apache.spark.sql.delta.OptimisticTransactionImpl.$anonfun$checkForConflicts$1(OptimisticTransaction.scala:2500) at org.apache.spark.sql.delta.metering.DeltaLogging.recordFrameProfile(DeltaLogging.scala:173) at org.apache.spark.sql.delta.metering.DeltaLogging.recordFrameProfile$(DeltaLogging.scala:171) at org.apache.spark.sql.delta.OptimisticTransaction.recordFrameProfile(OptimisticTransaction.scala:161) at org.apache.spark.sql.delta.metering.DeltaLogging.$anonfun$recordDeltaOperationInternal$1(DeltaLogging.scala:141)",2026-08-31T06:05:19.562Z,2026-08-31T06:06:18.569Z,56,2026-08-31T06:06:18.569Z,,,1de5cf99-6b82-4338-b3fe-396114f7957f,
202608310353109889,202608310353109888,20260831034154,133,13728,Medicare Utilization Workflow IN-DB v2 Silver,sl_bundled_logic_utl,TASK_FAILED,FAILED,ERROR,0,0,1,"An error occurred while calling o417.sql. : io.delta.exceptions.ConcurrentAppendException: [DELTA_CONCURRENT_APPEND] ConcurrentAppendException: Files were added to the root of the table by a concurrent update. Please try the operation again. Conflicting commit: {\"timestamp\":1788148497537,\"operation\":\"WRITE\",\"operationParameters\":{\"mode\":Append,\"partitionBy\":[]},\"readVersion\":24187,\"isolationLevel\":\"Serializable\",\"isBlindAppend\":true,\"operationMetrics\":{\"numFiles\":\"1\",\"numOutputRows\":\"1\",\"numOutputBytes\":\"12994\"},\"engineInfo\":\"Apache-Spark/3.5.5.5.4.20260807.1 Delta-Lake/3.2.1.20260609.1\",\"txnId\":\"a8426bf7-a965-4bec-a9c3-507012f7d3bf\"} Refer to https://docs.delta.io/latest/concurrency-control.html for more details. at org.apache.spark.sql.delta.DeltaErrorsBase.concurrentAppendException(DeltaErrors.scala:2374) at org.apache.spark.sql.delta.DeltaErrorsBase.concurrentAppendException$(DeltaErrors.scala:2367) at org.apache.spark.sql.delta.DeltaErrors$.concurrentAppendException(DeltaErrors.scala:3382) at org.apache.spark.sql.delta.ConflictChecker.$anonfun$checkForAddedFilesThatShouldHaveBeenReadByCurrentTxn$1(ConflictChecker.scala:384) at scala.runtime.java8.JFunction0$mcV$sp.apply(JFunction0$mcV$sp.java:23) at org.apache.spark.sql.delta.ConflictChecker.recordTime(ConflictChecker.scala:647) at org.apache.spark.sql.delta.ConflictChecker.checkForAddedFilesThatShouldHaveBeenReadByCurrentTxn(ConflictChecker.scala:355) at org.apache.spark.sql.delta.ConflictChecker.checkConflicts(ConflictChecker.scala:170) at org.apache.spark.sql.delta.OptimisticTransactionImpl.checkForConflictsAgainstVersion(OptimisticTransaction.scala:2557) at org.apache.spark.sql.delta.OptimisticTransactionImpl.checkForConflictsAgainstVersion$(OptimisticTransaction.scala:2547) at org.apache.spark.sql.delta.OptimisticTransaction.checkForConflictsAgainstVersion(OptimisticTransaction.scala:161) at org.apache.spark.sql.delta.OptimisticTransactionImpl.$anonfun$checkForConflicts$10(OptimisticTransaction.scala:2535) at org.apache.spark.sql.delta.OptimisticTransactionImpl.$anonfun$checkForConflicts$10$adapted(OptimisticTransaction.scala:2531) at scala.collection.Iterator.foreach(Iterator.scala:943) at scala.collection.Iterator.foreach$(Iterator.scala:943) at scala.collection.AbstractIterator.foreach(Iterator.scala:1431) at scala.collection.IterableLike.foreach(IterableLike.scala:74) at scala.collection.IterableLike.foreach$(IterableLike.scala:73) at scala.collection.AbstractIterable.foreach(Iterable.scala:56) at org.apache.spark.sql.delta.OptimisticTransactionImpl.$anonfun$checkForConflicts$2(OptimisticTransaction.scala:2531) at org.apache.spark.sql.delta.catalog.DeltaTableV2$.withEnrichedUnsupportedTableException(DeltaTableV2.scala:574) at org.apache.spark.sql.delta.OptimisticTransactionImpl.$anonfun$checkForConflicts$1(OptimisticTransaction.scala:2500) at org.apache.spark.sql.delta.metering.DeltaLogging.recordFrameProfile(DeltaLogging.scala:173) at org.apache.spark.sql.delta.metering.DeltaLogging.recordFrameProfile$(DeltaLogging.scala:171) at org.apache.spark.sql.delta.OptimisticTransaction.recordFrameProfile(OptimisticTransaction.scala:161) at org.apache.spark.sql.delta.metering.DeltaLogging.$anonfun$recordDeltaOperationInternal$1(DeltaLogging.scala:141)",2026-08-31T03:53:17.256Z,2026-08-31T03:55:24.191Z,124,2026-08-31T03:55:24.191Z,,,c3e41f3e-c233-4445-a786-d0d98a8613bd,
202608311649369710,202608311649369710,20260831164925,39,154,Gold KnowBe4 Enrollments,KnowBe4Enrollments,TASK_FAILED,FAILED,ERROR,0,0,0,"An error occurred while calling o417.sql. : io.delta.exceptions.ConcurrentAppendException: [DELTA_CONCURRENT_APPEND] ConcurrentAppendException: Files were added to the root of the table by a concurrent update. Please try the operation again. Conflicting commit: {\"timestamp\":1788195019792,\"operation\":\"WRITE\",\"operationParameters\":{\"mode\":Append,\"partitionBy\":[]},\"readVersion\":24623,\"isolationLevel\":\"Serializable\",\"isBlindAppend\":true,\"operationMetrics\":{\"numFiles\":\"1\",\"numOutputRows\":\"1\",\"numOutputBytes\":\"12523\"},\"engineInfo\":\"Apache-Spark/3.5.5.5.4.20260807.1 Delta-Lake/3.2.1.20260609.1\",\"txnId\":\"875c2cb8-765e-4097-90dc-8835e6a9e972\"} Refer to https://docs.delta.io/latest/concurrency-control.html for more details. at org.apache.spark.sql.delta.DeltaErrorsBase.concurrentAppendException(DeltaErrors.scala:2374) at org.apache.spark.sql.delta.DeltaErrorsBase.concurrentAppendException$(DeltaErrors.scala:2367) at org.apache.spark.sql.delta.DeltaErrors$.concurrentAppendException(DeltaErrors.scala:3382) at org.apache.spark.sql.delta.ConflictChecker.$anonfun$checkForAddedFilesThatShouldHaveBeenReadByCurrentTxn$1(ConflictChecker.scala:384) at scala.runtime.java8.JFunction0$mcV$sp.apply(JFunction0$mcV$sp.java:23) at org.apache.spark.sql.delta.ConflictChecker.recordTime(ConflictChecker.scala:647) at org.apache.spark.sql.delta.ConflictChecker.checkForAddedFilesThatShouldHaveBeenReadByCurrentTxn(ConflictChecker.scala:355) at org.apache.spark.sql.delta.ConflictChecker.checkConflicts(ConflictChecker.scala:170) at org.apache.spark.sql.delta.OptimisticTransactionImpl.checkForConflictsAgainstVersion(OptimisticTransaction.scala:2557) at org.apache.spark.sql.delta.OptimisticTransactionImpl.checkForConflictsAgainstVersion$(OptimisticTransaction.scala:2547) at org.apache.spark.sql.delta.OptimisticTransaction.checkForConflictsAgainstVersion(OptimisticTransaction.scala:161) at org.apache.spark.sql.delta.OptimisticTransactionImpl.$anonfun$checkForConflicts$10(OptimisticTransaction.scala:2535) at org.apache.spark.sql.delta.OptimisticTransactionImpl.$anonfun$checkForConflicts$10$adapted(OptimisticTransaction.scala:2531) at scala.collection.Iterator.foreach(Iterator.scala:943) at scala.collection.Iterator.foreach$(Iterator.scala:943) at scala.collection.AbstractIterator.foreach(Iterator.scala:1431) at scala.collection.IterableLike.foreach(IterableLike.scala:74) at scala.collection.IterableLike.foreach$(IterableLike.scala:73) at scala.collection.AbstractIterable.foreach(Iterable.scala:56) at org.apache.spark.sql.delta.OptimisticTransactionImpl.$anonfun$checkForConflicts$2(OptimisticTransaction.scala:2531) at org.apache.spark.sql.delta.catalog.DeltaTableV2$.withEnrichedUnsupportedTableException(DeltaTableV2.scala:574) at org.apache.spark.sql.delta.OptimisticTransactionImpl.$anonfun$checkForConflicts$1(OptimisticTransaction.scala:2500) at org.apache.spark.sql.delta.metering.DeltaLogging.recordFrameProfile(DeltaLogging.scala:173) at org.apache.spark.sql.delta.metering.DeltaLogging.recordFrameProfile$(DeltaLogging.scala:171) at org.apache.spark.sql.delta.OptimisticTransaction.recordFrameProfile(OptimisticTransaction.scala:161) at org.apache.spark.sql.delta.metering.DeltaLogging.$anonfun$recordDeltaOperationInternal$1(DeltaLogging.scala:141)",2026-08-31T16:49:46.418Z,2026-08-31T16:50:56.793Z,61,2026-08-31T16:50:56.793Z,,,a58a3cc2-27a0-44ee-8cb6-4c66a0119242,
202608310603489147,202608310603489147,20260831055942,135,13740,Salesforce Callback List User,br_sf_user_cl,TASK_FAILED,FAILED,ERROR,0,0,0,"An error occurred while calling o417.sql. : io.delta.exceptions.ConcurrentAppendException: [DELTA_CONCURRENT_APPEND] ConcurrentAppendException: Files were added to the root of the table by a concurrent update. Please try the operation again. Conflicting commit: {\"timestamp\":1788156291929,\"operation\":\"WRITE\",\"operationParameters\":{\"mode\":Append,\"partitionBy\":[]},\"readVersion\":24279,\"isolationLevel\":\"Serializable\",\"isBlindAppend\":true,\"operationMetrics\":{\"numFiles\":\"1\",\"numOutputRows\":\"1\",\"numOutputBytes\":\"11919\"},\"engineInfo\":\"Apache-Spark/3.5.5.5.4.20260807.1 Delta-Lake/3.2.1.20260609.1\",\"txnId\":\"3d66acc3-f3cd-4a49-ba13-4448ae4f3951\"} Refer to https://docs.delta.io/latest/concurrency-control.html for more details. at org.apache.spark.sql.delta.DeltaErrorsBase.concurrentAppendException(DeltaErrors.scala:2374) at org.apache.spark.sql.delta.DeltaErrorsBase.concurrentAppendException$(DeltaErrors.scala:2367) at org.apache.spark.sql.delta.DeltaErrors$.concurrentAppendException(DeltaErrors.scala:3382) at org.apache.spark.sql.delta.ConflictChecker.$anonfun$checkForAddedFilesThatShouldHaveBeenReadByCurrentTxn$1(ConflictChecker.scala:384) at scala.runtime.java8.JFunction0$mcV$sp.apply(JFunction0$mcV$sp.java:23) at org.apache.spark.sql.delta.ConflictChecker.recordTime(ConflictChecker.scala:647) at org.apache.spark.sql.delta.ConflictChecker.checkForAddedFilesThatShouldHaveBeenReadByCurrentTxn(ConflictChecker.scala:355) at org.apache.spark.sql.delta.ConflictChecker.checkConflicts(ConflictChecker.scala:170) at org.apache.spark.sql.delta.OptimisticTransactionImpl.checkForConflictsAgainstVersion(OptimisticTransaction.scala:2557) at org.apache.spark.sql.delta.OptimisticTransactionImpl.checkForConflictsAgainstVersion$(OptimisticTransaction.scala:2547) at org.apache.spark.sql.delta.OptimisticTransaction.checkForConflictsAgainstVersion(OptimisticTransaction.scala:161) at org.apache.spark.sql.delta.OptimisticTransactionImpl.$anonfun$checkForConflicts$10(OptimisticTransaction.scala:2535) at org.apache.spark.sql.delta.OptimisticTransactionImpl.$anonfun$checkForConflicts$10$adapted(OptimisticTransaction.scala:2531) at scala.collection.Iterator.foreach(Iterator.scala:943) at scala.collection.Iterator.foreach$(Iterator.scala:943) at scala.collection.AbstractIterator.foreach(Iterator.scala:1431) at scala.collection.IterableLike.foreach(IterableLike.scala:74) at scala.collection.IterableLike.foreach$(IterableLike.scala:73) at scala.collection.AbstractIterable.foreach(Iterable.scala:56) at org.apache.spark.sql.delta.OptimisticTransactionImpl.$anonfun$checkForConflicts$2(OptimisticTransaction.scala:2531) at org.apache.spark.sql.delta.catalog.DeltaTableV2$.withEnrichedUnsupportedTableException(DeltaTableV2.scala:574) at org.apache.spark.sql.delta.OptimisticTransactionImpl.$anonfun$checkForConflicts$1(OptimisticTransaction.scala:2500) at org.apache.spark.sql.delta.metering.DeltaLogging.recordFrameProfile(DeltaLogging.scala:173) at org.apache.spark.sql.delta.metering.DeltaLogging.recordFrameProfile$(DeltaLogging.scala:171) at org.apache.spark.sql.delta.OptimisticTransaction.recordFrameProfile(OptimisticTransaction.scala:161) at org.apache.spark.sql.delta.metering.DeltaLogging.$anonfun$recordDeltaOperationInternal$1(DeltaLogging.scala:141)",2026-08-31T06:04:36.978Z,2026-08-31T06:05:09.017Z,26,2026-08-31T06:05:09.017Z,,,6bc047e9-8b5b-4d85-a364-b2d6e542e315,
202608310837527148,202608310837527148,20260831083741,133,13720,2021 Daily Census v6 Silver,sl_dailycensus,TASK_FAILED,FAILED,ERROR,0,0,1,"An error occurred while calling o417.sql. : io.delta.exceptions.ConcurrentAppendException: [DELTA_CONCURRENT_APPEND] ConcurrentAppendException: Files were added to the root of the table by a concurrent update. Please try the operation again. Conflicting commit: {\"timestamp\":1788165562131,\"operation\":\"WRITE\",\"operationParameters\":{\"mode\":Append,\"partitionBy\":[]},\"readVersion\":24424,\"isolationLevel\":\"Serializable\",\"isBlindAppend\":true,\"operationMetrics\":{\"numFiles\":\"1\",\"numOutputRows\":\"1\",\"numOutputBytes\":\"12397\"},\"engineInfo\":\"Apache-Spark/3.5.5.5.4.20260807.1 Delta-Lake/3.2.1.20260609.1\",\"txnId\":\"b1540abd-c2de-4775-952c-592a09a71cc0\"} Refer to https://docs.delta.io/latest/concurrency-control.html for more details. at org.apache.spark.sql.delta.DeltaErrorsBase.concurrentAppendException(DeltaErrors.scala:2374) at org.apache.spark.sql.delta.DeltaErrorsBase.concurrentAppendException$(DeltaErrors.scala:2367) at org.apache.spark.sql.delta.DeltaErrors$.concurrentAppendException(DeltaErrors.scala:3382) at org.apache.spark.sql.delta.ConflictChecker.$anonfun$checkForAddedFilesThatShouldHaveBeenReadByCurrentTxn$1(ConflictChecker.scala:384) at scala.runtime.java8.JFunction0$mcV$sp.apply(JFunction0$mcV$sp.java:23) at org.apache.spark.sql.delta.ConflictChecker.recordTime(ConflictChecker.scala:647) at org.apache.spark.sql.delta.ConflictChecker.checkForAddedFilesThatShouldHaveBeenReadByCurrentTxn(ConflictChecker.scala:355) at org.apache.spark.sql.delta.ConflictChecker.checkConflicts(ConflictChecker.scala:170) at org.apache.spark.sql.delta.OptimisticTransactionImpl.checkForConflictsAgainstVersion(OptimisticTransaction.scala:2557) at org.apache.spark.sql.delta.OptimisticTransactionImpl.checkForConflictsAgainstVersion$(OptimisticTransaction.scala:2547) at org.apache.spark.sql.delta.OptimisticTransaction.checkForConflictsAgainstVersion(OptimisticTransaction.scala:161) at org.apache.spark.sql.delta.OptimisticTransactionImpl.$anonfun$checkForConflicts$10(OptimisticTransaction.scala:2535) at org.apache.spark.sql.delta.OptimisticTransactionImpl.$anonfun$checkForConflicts$10$adapted(OptimisticTransaction.scala:2531) at scala.collection.Iterator.foreach(Iterator.scala:943) at scala.collection.Iterator.foreach$(Iterator.scala:943) at scala.collection.AbstractIterator.foreach(Iterator.scala:1431) at scala.collection.IterableLike.foreach(IterableLike.scala:74) at scala.collection.IterableLike.foreach$(IterableLike.scala:73) at scala.collection.AbstractIterable.foreach(Iterable.scala:56) at org.apache.spark.sql.delta.OptimisticTransactionImpl.$anonfun$checkForConflicts$2(OptimisticTransaction.scala:2531) at org.apache.spark.sql.delta.catalog.DeltaTableV2$.withEnrichedUnsupportedTableException(DeltaTableV2.scala:574) at org.apache.spark.sql.delta.OptimisticTransactionImpl.$anonfun$checkForConflicts$1(OptimisticTransaction.scala:2500) at org.apache.spark.sql.delta.metering.DeltaLogging.recordFrameProfile(DeltaLogging.scala:173) at org.apache.spark.sql.delta.metering.DeltaLogging.recordFrameProfile$(DeltaLogging.scala:171) at org.apache.spark.sql.delta.OptimisticTransaction.recordFrameProfile(OptimisticTransaction.scala:161) at org.apache.spark.sql.delta.metering.DeltaLogging.$anonfun$recordDeltaOperationInternal$1(DeltaLogging.scala:141)",2026-08-31T08:37:57.316Z,2026-08-31T08:39:47.652Z,105,2026-08-31T08:39:47.652Z,,,37c02356-54c6-4ef5-9431-a8a2d170b0b0,
202609031148339081,202609031148339081,20260903114054,133,13720,2021 Daily Census v6 Silver,sl_dailycensus,TASK_FAILED,FAILED,ERROR,0,0,1,"An error occurred while calling o417.sql. : io.delta.exceptions.ConcurrentAppendException: [DELTA_CONCURRENT_APPEND] ConcurrentAppendException: Files were added to the root of the table by a concurrent update. Please try the operation again. Conflicting commit: {\"timestamp\":1788436176561,\"operation\":\"WRITE\",\"operationParameters\":{\"mode\":Append,\"partitionBy\":[]},\"readVersion\":25999,\"isolationLevel\":\"Serializable\",\"isBlindAppend\":true,\"operationMetrics\":{\"numFiles\":\"1\",\"numOutputRows\":\"1\",\"numOutputBytes\":\"13152\"},\"engineInfo\":\"Apache-Spark/3.5.5.5.4.20260807.1 Delta-Lake/3.2.1.20260609.1\",\"txnId\":\"014e3c2c-3abe-4eca-9333-1f7cd13aaea1\"} Refer to https://docs.delta.io/latest/concurrency-control.html for more details. at org.apache.spark.sql.delta.DeltaErrorsBase.concurrentAppendException(DeltaErrors.scala:2374) at org.apache.spark.sql.delta.DeltaErrorsBase.concurrentAppendException$(DeltaErrors.scala:2367) at org.apache.spark.sql.delta.DeltaErrors$.concurrentAppendException(DeltaErrors.scala:3382) at org.apache.spark.sql.delta.ConflictChecker.$anonfun$checkForAddedFilesThatShouldHaveBeenReadByCurrentTxn$1(ConflictChecker.scala:384) at scala.runtime.java8.JFunction0$mcV$sp.apply(JFunction0$mcV$sp.java:23) at org.apache.spark.sql.delta.ConflictChecker.recordTime(ConflictChecker.scala:647) at org.apache.spark.sql.delta.ConflictChecker.checkForAddedFilesThatShouldHaveBeenReadByCurrentTxn(ConflictChecker.scala:355) at org.apache.spark.sql.delta.ConflictChecker.checkConflicts(ConflictChecker.scala:170) at org.apache.spark.sql.delta.OptimisticTransactionImpl.checkForConflictsAgainstVersion(OptimisticTransaction.scala:2557) at org.apache.spark.sql.delta.OptimisticTransactionImpl.checkForConflictsAgainstVersion$(OptimisticTransaction.scala:2547) at org.apache.spark.sql.delta.OptimisticTransaction.checkForConflictsAgainstVersion(OptimisticTransaction.scala:161) at org.apache.spark.sql.delta.OptimisticTransactionImpl.$anonfun$checkForConflicts$10(OptimisticTransaction.scala:2535) at org.apache.spark.sql.delta.OptimisticTransactionImpl.$anonfun$checkForConflicts$10$adapted(OptimisticTransaction.scala:2531) at scala.collection.Iterator.foreach(Iterator.scala:943) at scala.collection.Iterator.foreach$(Iterator.scala:943) at scala.collection.AbstractIterator.foreach(Iterator.scala:1431) at scala.collection.IterableLike.foreach(IterableLike.scala:74) at scala.collection.IterableLike.foreach$(IterableLike.scala:73) at scala.collection.AbstractIterable.foreach(Iterable.scala:56) at org.apache.spark.sql.delta.OptimisticTransactionImpl.$anonfun$checkForConflicts$2(OptimisticTransaction.scala:2531) at org.apache.spark.sql.delta.catalog.DeltaTableV2$.withEnrichedUnsupportedTableException(DeltaTableV2.scala:574) at org.apache.spark.sql.delta.OptimisticTransactionImpl.$anonfun$checkForConflicts$1(OptimisticTransaction.scala:2500) at org.apache.spark.sql.delta.metering.DeltaLogging.recordFrameProfile(DeltaLogging.scala:173) at org.apache.spark.sql.delta.metering.DeltaLogging.recordFrameProfile$(DeltaLogging.scala:171) at org.apache.spark.sql.delta.OptimisticTransaction.recordFrameProfile(OptimisticTransaction.scala:161) at org.apache.spark.sql.delta.metering.DeltaLogging.$anonfun$recordDeltaOperationInternal$1(DeltaLogging.scala:141)",2026-09-03T11:48:38.952Z,2026-09-03T11:49:51.113Z,70,2026-09-03T11:49:51.113Z,,,1426a45f-7ba5-45f5-b808-280584111092,
202609021145191418,202609021145191417,202608201136586561,83,213,Silver Salesforce Contacts,sl_sf_contacts,TASK_FAILED,FAILED,ERROR,0,0,0,"An error occurred while calling o417.sql. : io.delta.exceptions.ConcurrentAppendException: [DELTA_CONCURRENT_APPEND] ConcurrentAppendException: Files were added to the root of the table by a concurrent update. Please try the operation again. Conflicting commit: {\"timestamp\":1788349545978,\"operation\":\"WRITE\",\"operationParameters\":{\"mode\":Append,\"partitionBy\":[]},\"readVersion\":25358,\"isolationLevel\":\"Serializable\",\"isBlindAppend\":true,\"operationMetrics\":{\"numFiles\":\"1\",\"numOutputRows\":\"1\",\"numOutputBytes\":\"15243\"},\"engineInfo\":\"Apache-Spark/3.5.5.5.4.20260807.1 Delta-Lake/3.2.1.20260609.1\",\"txnId\":\"1960ae37-620d-431c-8da4-ae074cb6f034\"} Refer to https://docs.delta.io/latest/concurrency-control.html for more details. at org.apache.spark.sql.delta.DeltaErrorsBase.concurrentAppendException(DeltaErrors.scala:2374) at org.apache.spark.sql.delta.DeltaErrorsBase.concurrentAppendException$(DeltaErrors.scala:2367) at org.apache.spark.sql.delta.DeltaErrors$.concurrentAppendException(DeltaErrors.scala:3382) at org.apache.spark.sql.delta.ConflictChecker.$anonfun$checkForAddedFilesThatShouldHaveBeenReadByCurrentTxn$1(ConflictChecker.scala:384) at scala.runtime.java8.JFunction0$mcV$sp.apply(JFunction0$mcV$sp.java:23) at org.apache.spark.sql.delta.ConflictChecker.recordTime(ConflictChecker.scala:647) at org.apache.spark.sql.delta.ConflictChecker.checkForAddedFilesThatShouldHaveBeenReadByCurrentTxn(ConflictChecker.scala:355) at org.apache.spark.sql.delta.ConflictChecker.checkConflicts(ConflictChecker.scala:170) at org.apache.spark.sql.delta.OptimisticTransactionImpl.checkForConflictsAgainstVersion(OptimisticTransaction.scala:2557) at org.apache.spark.sql.delta.OptimisticTransactionImpl.checkForConflictsAgainstVersion$(OptimisticTransaction.scala:2547) at org.apache.spark.sql.delta.OptimisticTransaction.checkForConflictsAgainstVersion(OptimisticTransaction.scala:161) at org.apache.spark.sql.delta.OptimisticTransactionImpl.$anonfun$checkForConflicts$10(OptimisticTransaction.scala:2535) at org.apache.spark.sql.delta.OptimisticTransactionImpl.$anonfun$checkForConflicts$10$adapted(OptimisticTransaction.scala:2531) at scala.collection.Iterator.foreach(Iterator.scala:943) at scala.collection.Iterator.foreach$(Iterator.scala:943) at scala.collection.AbstractIterator.foreach(Iterator.scala:1431) at scala.collection.IterableLike.foreach(IterableLike.scala:74) at scala.collection.IterableLike.foreach$(IterableLike.scala:73) at scala.collection.AbstractIterable.foreach(Iterable.scala:56) at org.apache.spark.sql.delta.OptimisticTransactionImpl.$anonfun$checkForConflicts$2(OptimisticTransaction.scala:2531) at org.apache.spark.sql.delta.catalog.DeltaTableV2$.withEnrichedUnsupportedTableException(DeltaTableV2.scala:574) at org.apache.spark.sql.delta.OptimisticTransactionImpl.$anonfun$checkForConflicts$1(OptimisticTransaction.scala:2500) at org.apache.spark.sql.delta.metering.DeltaLogging.recordFrameProfile(DeltaLogging.scala:173) at org.apache.spark.sql.delta.metering.DeltaLogging.recordFrameProfile$(DeltaLogging.scala:171) at org.apache.spark.sql.delta.OptimisticTransaction.recordFrameProfile(OptimisticTransaction.scala:161) at org.apache.spark.sql.delta.metering.DeltaLogging.$anonfun$recordDeltaOperationInternal$1(DeltaLogging.scala:141)",2026-09-02T11:45:23.978Z,2026-09-02T11:46:00.005Z,34,2026-09-02T11:46:00.005Z,,,0b5a27da-5d48-4ed3-a9f4-1a7052a3fcea,
202609010922393461,202609010922393461,20260901092023,1,4,UKG Clock Transaction API,br_HourRegister,TASK_FAILED,FAILED,ERROR,0,0,0,"An error occurred while calling o417.sql. : io.delta.exceptions.ConcurrentAppendException: [DELTA_CONCURRENT_APPEND] ConcurrentAppendException: Files were added to the root of the table by a concurrent update. Please try the operation again. Conflicting commit: {\"timestamp\":1788254624921,\"operation\":\"WRITE\",\"operationParameters\":{\"mode\":Append,\"partitionBy\":[]},\"readVersion\":24778,\"isolationLevel\":\"Serializable\",\"isBlindAppend\":true,\"operationMetrics\":{\"numFiles\":\"2\",\"numOutputRows\":\"1\",\"numOutputBytes\":\"16562\"},\"engineInfo\":\"Apache-Spark/3.5.5.5.4.20260807.1 Delta-Lake/3.2.1.20260609.1\",\"txnId\":\"58f1dcc6-b803-434e-be19-3fd6ecad3768\"} Refer to https://docs.delta.io/latest/concurrency-control.html for more details. at org.apache.spark.sql.delta.DeltaErrorsBase.concurrentAppendException(DeltaErrors.scala:2374) at org.apache.spark.sql.delta.DeltaErrorsBase.concurrentAppendException$(DeltaErrors.scala:2367) at org.apache.spark.sql.delta.DeltaErrors$.concurrentAppendException(DeltaErrors.scala:3382) at org.apache.spark.sql.delta.ConflictChecker.$anonfun$checkForAddedFilesThatShouldHaveBeenReadByCurrentTxn$1(ConflictChecker.scala:384) at scala.runtime.java8.JFunction0$mcV$sp.apply(JFunction0$mcV$sp.java:23) at org.apache.spark.sql.delta.ConflictChecker.recordTime(ConflictChecker.scala:647) at org.apache.spark.sql.delta.ConflictChecker.checkForAddedFilesThatShouldHaveBeenReadByCurrentTxn(ConflictChecker.scala:355) at org.apache.spark.sql.delta.ConflictChecker.checkConflicts(ConflictChecker.scala:170) at org.apache.spark.sql.delta.OptimisticTransactionImpl.checkForConflictsAgainstVersion(OptimisticTransaction.scala:2557) at org.apache.spark.sql.delta.OptimisticTransactionImpl.checkForConflictsAgainstVersion$(OptimisticTransaction.scala:2547) at org.apache.spark.sql.delta.OptimisticTransaction.checkForConflictsAgainstVersion(OptimisticTransaction.scala:161) at org.apache.spark.sql.delta.OptimisticTransactionImpl.$anonfun$checkForConflicts$10(OptimisticTransaction.scala:2535) at org.apache.spark.sql.delta.OptimisticTransactionImpl.$anonfun$checkForConflicts$10$adapted(OptimisticTransaction.scala:2531) at scala.collection.Iterator.foreach(Iterator.scala:943) at scala.collection.Iterator.foreach$(Iterator.scala:943) at scala.collection.AbstractIterator.foreach(Iterator.scala:1431) at scala.collection.IterableLike.foreach(IterableLike.scala:74) at scala.collection.IterableLike.foreach$(IterableLike.scala:73) at scala.collection.AbstractIterable.foreach(Iterable.scala:56) at org.apache.spark.sql.delta.OptimisticTransactionImpl.$anonfun$checkForConflicts$2(OptimisticTransaction.scala:2531) at org.apache.spark.sql.delta.catalog.DeltaTableV2$.withEnrichedUnsupportedTableException(DeltaTableV2.scala:574) at org.apache.spark.sql.delta.OptimisticTransactionImpl.$anonfun$checkForConflicts$1(OptimisticTransaction.scala:2500) at org.apache.spark.sql.delta.metering.DeltaLogging.recordFrameProfile(DeltaLogging.scala:173) at org.apache.spark.sql.delta.metering.DeltaLogging.recordFrameProfile$(DeltaLogging.scala:171) at org.apache.spark.sql.delta.OptimisticTransaction.recordFrameProfile(OptimisticTransaction.scala:161) at org.apache.spark.sql.delta.metering.DeltaLogging.$anonfun$recordDeltaOperationInternal$1(DeltaLogging.scala:141)",2026-09-01T09:22:46.173Z,2026-09-01T09:23:59.189Z,71,2026-09-01T09:23:59.189Z,,,c46e47f1-7e0c-46c6-93e3-7d17cbc17d55,
202609030923593983,202609030923593983,20260903092013,1,13,UKG Person Details API,br_PersonDetails,TASK_FAILED,FAILED,ERROR,0,0,0,"An error occurred while calling o417.sql. : io.delta.exceptions.ConcurrentAppendException: [DELTA_CONCURRENT_APPEND] ConcurrentAppendException: Files were added to the root of the table by a concurrent update. Please try the operation again. Conflicting commit: {\"timestamp\":1788427463749,\"operation\":\"WRITE\",\"operationParameters\":{\"mode\":Append,\"partitionBy\":[]},\"readVersion\":25811,\"isolationLevel\":\"Serializable\",\"isBlindAppend\":true,\"operationMetrics\":{\"numFiles\":\"1\",\"numOutputRows\":\"1\",\"numOutputBytes\":\"12422\"},\"engineInfo\":\"Apache-Spark/3.5.5.5.4.20260807.1 Delta-Lake/3.2.1.20260609.1\",\"txnId\":\"fe60fc04-b092-4788-9196-b533ce9e2f56\"} Refer to https://docs.delta.io/latest/concurrency-control.html for more details. at org.apache.spark.sql.delta.DeltaErrorsBase.concurrentAppendException(DeltaErrors.scala:2374) at org.apache.spark.sql.delta.DeltaErrorsBase.concurrentAppendException$(DeltaErrors.scala:2367) at org.apache.spark.sql.delta.DeltaErrors$.concurrentAppendException(DeltaErrors.scala:3382) at org.apache.spark.sql.delta.ConflictChecker.$anonfun$checkForAddedFilesThatShouldHaveBeenReadByCurrentTxn$1(ConflictChecker.scala:384) at scala.runtime.java8.JFunction0$mcV$sp.apply(JFunction0$mcV$sp.java:23) at org.apache.spark.sql.delta.ConflictChecker.recordTime(ConflictChecker.scala:647) at org.apache.spark.sql.delta.ConflictChecker.checkForAddedFilesThatShouldHaveBeenReadByCurrentTxn(ConflictChecker.scala:355) at org.apache.spark.sql.delta.ConflictChecker.checkConflicts(ConflictChecker.scala:170) at org.apache.spark.sql.delta.OptimisticTransactionImpl.checkForConflictsAgainstVersion(OptimisticTransaction.scala:2557) at org.apache.spark.sql.delta.OptimisticTransactionImpl.checkForConflictsAgainstVersion$(OptimisticTransaction.scala:2547) at org.apache.spark.sql.delta.OptimisticTransaction.checkForConflictsAgainstVersion(OptimisticTransaction.scala:161) at org.apache.spark.sql.delta.OptimisticTransactionImpl.$anonfun$checkForConflicts$10(OptimisticTransaction.scala:2535) at org.apache.spark.sql.delta.OptimisticTransactionImpl.$anonfun$checkForConflicts$10$adapted(OptimisticTransaction.scala:2531) at scala.collection.Iterator.foreach(Iterator.scala:943) at scala.collection.Iterator.foreach$(Iterator.scala:943) at scala.collection.AbstractIterator.foreach(Iterator.scala:1431) at scala.collection.IterableLike.foreach(IterableLike.scala:74) at scala.collection.IterableLike.foreach$(IterableLike.scala:73) at scala.collection.AbstractIterable.foreach(Iterable.scala:56) at org.apache.spark.sql.delta.OptimisticTransactionImpl.$anonfun$checkForConflicts$2(OptimisticTransaction.scala:2531) at org.apache.spark.sql.delta.catalog.DeltaTableV2$.withEnrichedUnsupportedTableException(DeltaTableV2.scala:574) at org.apache.spark.sql.delta.OptimisticTransactionImpl.$anonfun$checkForConflicts$1(OptimisticTransaction.scala:2500) at org.apache.spark.sql.delta.metering.DeltaLogging.recordFrameProfile(DeltaLogging.scala:173) at org.apache.spark.sql.delta.metering.DeltaLogging.recordFrameProfile$(DeltaLogging.scala:171) at org.apache.spark.sql.delta.OptimisticTransaction.recordFrameProfile(OptimisticTransaction.scala:161) at org.apache.spark.sql.delta.metering.DeltaLogging.$anonfun$recordDeltaOperationInternal$1(DeltaLogging.scala:141)",2026-09-03T09:24:06.287Z,2026-09-03T09:24:36.297Z,28,2026-09-03T09:24:36.297Z,,,26f8b062-6777-48e7-8814-d84ed71c9ad6,
202608281047147854,202608281047147854,202607161844309699,82,200,Salesforce Accounts,br_sf_accounts,TASK_FAILED,FAILED,ERROR,0,0,0,"An error occurred while calling o417.sql. : io.delta.exceptions.ConcurrentAppendException: [DELTA_CONCURRENT_APPEND] ConcurrentAppendException: Files were added to the root of the table by a concurrent update. Please try the operation again. Conflicting commit: {\"timestamp\":1787914070008,\"operation\":\"WRITE\",\"operationParameters\":{\"mode\":Append,\"partitionBy\":[]},\"readVersion\":23699,\"isolationLevel\":\"Serializable\",\"isBlindAppend\":true,\"operationMetrics\":{\"numFiles\":\"1\",\"numOutputRows\":\"1\",\"numOutputBytes\":\"12351\"},\"engineInfo\":\"Apache-Spark/3.5.5.5.4.20260807.1 Delta-Lake/3.2.1.20260609.1\",\"txnId\":\"3ed69b35-6433-4c3d-b5c4-729931bc6e5f\"} Refer to https://docs.delta.io/latest/concurrency-control.html for more details. at org.apache.spark.sql.delta.DeltaErrorsBase.concurrentAppendException(DeltaErrors.scala:2374) at org.apache.spark.sql.delta.DeltaErrorsBase.concurrentAppendException$(DeltaErrors.scala:2367) at org.apache.spark.sql.delta.DeltaErrors$.concurrentAppendException(DeltaErrors.scala:3382) at org.apache.spark.sql.delta.ConflictChecker.$anonfun$checkForAddedFilesThatShouldHaveBeenReadByCurrentTxn$1(ConflictChecker.scala:384) at scala.runtime.java8.JFunction0$mcV$sp.apply(JFunction0$mcV$sp.java:23) at org.apache.spark.sql.delta.ConflictChecker.recordTime(ConflictChecker.scala:647) at org.apache.spark.sql.delta.ConflictChecker.checkForAddedFilesThatShouldHaveBeenReadByCurrentTxn(ConflictChecker.scala:355) at org.apache.spark.sql.delta.ConflictChecker.checkConflicts(ConflictChecker.scala:170) at org.apache.spark.sql.delta.OptimisticTransactionImpl.checkForConflictsAgainstVersion(OptimisticTransaction.scala:2557) at org.apache.spark.sql.delta.OptimisticTransactionImpl.checkForConflictsAgainstVersion$(OptimisticTransaction.scala:2547) at org.apache.spark.sql.delta.OptimisticTransaction.checkForConflictsAgainstVersion(OptimisticTransaction.scala:161) at org.apache.spark.sql.delta.OptimisticTransactionImpl.$anonfun$checkForConflicts$10(OptimisticTransaction.scala:2535) at org.apache.spark.sql.delta.OptimisticTransactionImpl.$anonfun$checkForConflicts$10$adapted(OptimisticTransaction.scala:2531) at scala.collection.Iterator.foreach(Iterator.scala:943) at scala.collection.Iterator.foreach$(Iterator.scala:943) at scala.collection.AbstractIterator.foreach(Iterator.scala:1431) at scala.collection.IterableLike.foreach(IterableLike.scala:74) at scala.collection.IterableLike.foreach$(IterableLike.scala:73) at scala.collection.AbstractIterable.foreach(Iterable.scala:56) at org.apache.spark.sql.delta.OptimisticTransactionImpl.$anonfun$checkForConflicts$2(OptimisticTransaction.scala:2531) at org.apache.spark.sql.delta.catalog.DeltaTableV2$.withEnrichedUnsupportedTableException(DeltaTableV2.scala:574) at org.apache.spark.sql.delta.OptimisticTransactionImpl.$anonfun$checkForConflicts$1(OptimisticTransaction.scala:2500) at org.apache.spark.sql.delta.metering.DeltaLogging.recordFrameProfile(DeltaLogging.scala:173) at org.apache.spark.sql.delta.metering.DeltaLogging.recordFrameProfile$(DeltaLogging.scala:171) at org.apache.spark.sql.delta.OptimisticTransaction.recordFrameProfile(OptimisticTransaction.scala:161) at org.apache.spark.sql.delta.metering.DeltaLogging.$anonfun$recordDeltaOperationInternal$1(DeltaLogging.scala:141)",2026-08-28T10:47:19.734Z,2026-08-28T10:48:25.472Z,40,2026-08-28T10:48:25.472Z,,,2b16353c-bcd4-48d1-8db2-5f7768416428,
202609031144543175,202609031144543175,20260903114054,133,13718,Ref Lab Silver,sl_reflab_analysis,TASK_FAILED,FAILED,ERROR,0,0,1,"An error occurred while calling o417.sql. : io.delta.exceptions.ConcurrentAppendException: [DELTA_CONCURRENT_APPEND] ConcurrentAppendException: Files were added to the root of the table by a concurrent update. Please try the operation again. Conflicting commit: {\"timestamp\":1788436075171,\"operation\":\"WRITE\",\"operationParameters\":{\"mode\":Append,\"partitionBy\":[]},\"readVersion\":25992,\"isolationLevel\":\"Serializable\",\"isBlindAppend\":true,\"operationMetrics\":{\"numFiles\":\"1\",\"numOutputRows\":\"1\",\"numOutputBytes\":\"13076\"},\"engineInfo\":\"Apache-Spark/3.5.5.5.4.20260807.1 Delta-Lake/3.2.1.20260609.1\",\"txnId\":\"603874fd-4296-4eb3-96d5-132672e6b032\"} Refer to https://docs.delta.io/latest/concurrency-control.html for more details. at org.apache.spark.sql.delta.DeltaErrorsBase.concurrentAppendException(DeltaErrors.scala:2374) at org.apache.spark.sql.delta.DeltaErrorsBase.concurrentAppendException$(DeltaErrors.scala:2367) at org.apache.spark.sql.delta.DeltaErrors$.concurrentAppendException(DeltaErrors.scala:3382) at org.apache.spark.sql.delta.ConflictChecker.$anonfun$checkForAddedFilesThatShouldHaveBeenReadByCurrentTxn$1(ConflictChecker.scala:384) at scala.runtime.java8.JFunction0$mcV$sp.apply(JFunction0$mcV$sp.java:23) at org.apache.spark.sql.delta.ConflictChecker.recordTime(ConflictChecker.scala:647) at org.apache.spark.sql.delta.ConflictChecker.checkForAddedFilesThatShouldHaveBeenReadByCurrentTxn(ConflictChecker.scala:355) at org.apache.spark.sql.delta.ConflictChecker.checkConflicts(ConflictChecker.scala:170) at org.apache.spark.sql.delta.OptimisticTransactionImpl.checkForConflictsAgainstVersion(OptimisticTransaction.scala:2557) at org.apache.spark.sql.delta.OptimisticTransactionImpl.checkForConflictsAgainstVersion$(OptimisticTransaction.scala:2547) at org.apache.spark.sql.delta.OptimisticTransaction.checkForConflictsAgainstVersion(OptimisticTransaction.scala:161) at org.apache.spark.sql.delta.OptimisticTransactionImpl.$anonfun$checkForConflicts$10(OptimisticTransaction.scala:2535) at org.apache.spark.sql.delta.OptimisticTransactionImpl.$anonfun$checkForConflicts$10$adapted(OptimisticTransaction.scala:2531) at scala.collection.Iterator.foreach(Iterator.scala:943) at scala.collection.Iterator.foreach$(Iterator.scala:943) at scala.collection.AbstractIterator.foreach(Iterator.scala:1431) at scala.collection.IterableLike.foreach(IterableLike.scala:74) at scala.collection.IterableLike.foreach$(IterableLike.scala:73) at scala.collection.AbstractIterable.foreach(Iterable.scala:56) at org.apache.spark.sql.delta.OptimisticTransactionImpl.$anonfun$checkForConflicts$2(OptimisticTransaction.scala:2531) at org.apache.spark.sql.delta.catalog.DeltaTableV2$.withEnrichedUnsupportedTableException(DeltaTableV2.scala:574) at org.apache.spark.sql.delta.OptimisticTransactionImpl.$anonfun$checkForConflicts$1(OptimisticTransaction.scala:2500) at org.apache.spark.sql.delta.metering.DeltaLogging.recordFrameProfile(DeltaLogging.scala:173) at org.apache.spark.sql.delta.metering.DeltaLogging.recordFrameProfile$(DeltaLogging.scala:171) at org.apache.spark.sql.delta.OptimisticTransaction.recordFrameProfile(OptimisticTransaction.scala:161) at org.apache.spark.sql.delta.metering.DeltaLogging.$anonfun$recordDeltaOperationInternal$1(DeltaLogging.scala:141)",2026-09-03T11:44:59.149Z,2026-09-03T11:48:21.272Z,199,2026-09-03T11:48:21.272Z,,,1426a45f-7ba5-45f5-b808-280584111092,
202608311215560181,202608311215560181,20260831121208,133,13718,Ref Lab Silver,sl_reflab_analysis,TASK_FAILED,FAILED,ERROR,0,0,1,"An error occurred while calling o417.sql. : io.delta.exceptions.ConcurrentAppendException: [DELTA_CONCURRENT_APPEND] ConcurrentAppendException: Files were added to the root of the table by a concurrent update. Please try the operation again. Conflicting commit: {\"timestamp\":1788178727602,\"operation\":\"WRITE\",\"operationParameters\":{\"mode\":Append,\"partitionBy\":[]},\"readVersion\":24541,\"isolationLevel\":\"Serializable\",\"isBlindAppend\":true,\"operationMetrics\":{\"numFiles\":\"1\",\"numOutputRows\":\"1\",\"numOutputBytes\":\"11901\"},\"engineInfo\":\"Apache-Spark/3.5.5.5.4.20260807.1 Delta-Lake/3.2.1.20260609.1\",\"txnId\":\"c8557df3-a7d2-4076-9eba-2de77d0a7243\"} Refer to https://docs.delta.io/latest/concurrency-control.html for more details. at org.apache.spark.sql.delta.DeltaErrorsBase.concurrentAppendException(DeltaErrors.scala:2374) at org.apache.spark.sql.delta.DeltaErrorsBase.concurrentAppendException$(DeltaErrors.scala:2367) at org.apache.spark.sql.delta.DeltaErrors$.concurrentAppendException(DeltaErrors.scala:3382) at org.apache.spark.sql.delta.ConflictChecker.$anonfun$checkForAddedFilesThatShouldHaveBeenReadByCurrentTxn$1(ConflictChecker.scala:384) at scala.runtime.java8.JFunction0$mcV$sp.apply(JFunction0$mcV$sp.java:23) at org.apache.spark.sql.delta.ConflictChecker.recordTime(ConflictChecker.scala:647) at org.apache.spark.sql.delta.ConflictChecker.checkForAddedFilesThatShouldHaveBeenReadByCurrentTxn(ConflictChecker.scala:355) at org.apache.spark.sql.delta.ConflictChecker.checkConflicts(ConflictChecker.scala:170) at org.apache.spark.sql.delta.OptimisticTransactionImpl.checkForConflictsAgainstVersion(OptimisticTransaction.scala:2557) at org.apache.spark.sql.delta.OptimisticTransactionImpl.checkForConflictsAgainstVersion$(OptimisticTransaction.scala:2547) at org.apache.spark.sql.delta.OptimisticTransaction.checkForConflictsAgainstVersion(OptimisticTransaction.scala:161) at org.apache.spark.sql.delta.OptimisticTransactionImpl.$anonfun$checkForConflicts$10(OptimisticTransaction.scala:2535) at org.apache.spark.sql.delta.OptimisticTransactionImpl.$anonfun$checkForConflicts$10$adapted(OptimisticTransaction.scala:2531) at scala.collection.Iterator.foreach(Iterator.scala:943) at scala.collection.Iterator.foreach$(Iterator.scala:943) at scala.collection.AbstractIterator.foreach(Iterator.scala:1431) at scala.collection.IterableLike.foreach(IterableLike.scala:74) at scala.collection.IterableLike.foreach$(IterableLike.scala:73) at scala.collection.AbstractIterable.foreach(Iterable.scala:56) at org.apache.spark.sql.delta.OptimisticTransactionImpl.$anonfun$checkForConflicts$2(OptimisticTransaction.scala:2531) at org.apache.spark.sql.delta.catalog.DeltaTableV2$.withEnrichedUnsupportedTableException(DeltaTableV2.scala:574) at org.apache.spark.sql.delta.OptimisticTransactionImpl.$anonfun$checkForConflicts$1(OptimisticTransaction.scala:2500) at org.apache.spark.sql.delta.metering.DeltaLogging.recordFrameProfile(DeltaLogging.scala:173) at org.apache.spark.sql.delta.metering.DeltaLogging.recordFrameProfile$(DeltaLogging.scala:171) at org.apache.spark.sql.delta.OptimisticTransaction.recordFrameProfile(OptimisticTransaction.scala:161) at org.apache.spark.sql.delta.metering.DeltaLogging.$anonfun$recordDeltaOperationInternal$1(DeltaLogging.scala:141)",2026-08-31T12:16:00.185Z,2026-08-31T12:19:05.410Z,183,2026-08-31T12:19:05.410Z,,,73ab084e-6be8-4233-a81c-8f049414a380,
202609080934457221,202609080934457221,20260908091757,143,16282,Transaction Report In-DB v7 Gold,TransactionPostingReport,TASK_FAILED,FAILED,ERROR,0,0,1,"[transaction_posting_report_gold] failed building Gold output: [UNRESOLVED_COLUMN.WITH_SUGGESTION] A column or function parameter with name `TprblId` cannot be resolved. Did you mean one of the following? [`TprbId`, `TpccltId`, `TpcliId`, `CPT`, `Date`].; Project [CASE WHEN isnull(SiteCode#215772) THEN cast(null as string) ELSE substring(trim(cast(SiteCode#215772 as string), None), 1, 25) END AS SiteCode#215809, cast(TpccltId#215773 as int) AS TpccltId#215824, CASE WHEN isnull(ClientM4Id#215774) THEN cast(null as string) ELSE substring(trim(cast(ClientM4Id#215774 as string), None), 1, 50) END AS ClientM4Id#215810, cast(Date#215775 as date) AS Date#215811, CASE WHEN isnull(Payor#215776) THEN cast(null as string) ELSE substring(trim(cast(Payor#215776 as string), None), 1, 100) END AS Payor#215812, CASE WHEN isnull(Description#215777) THEN cast(null as string) ELSE trim(cast(Description#215777 as string), None) END AS Description#215814, CASE WHEN isnull(CPT#215778) THEN cast(null as string) ELSE substring(trim(cast(CPT#215778 as string), None), 1, 100) END AS CPT#215815, cast(Amount#215779 as decimal(10,4)) AS Amount#215816, CASE WHEN isnull(TransactionType#215780) THEN cast(null as string) ELSE substring(trim(cast(TransactionType#215780 as string), None), 1, 23) END AS TransactionType#215817, cast(SvcDate#215781 as timestamp) AS SvcDate#215818, CASE WHEN isnull(LiaStrUser#215782) THEN cast(null as string) ELSE substring(trim(cast(LiaStrUser#215782 as string), None), 1, 100) END AS LiaStrUser#215819, cast(TpcliId#215783 as int) AS TpcliId#215825, cast(TpcliTpcId#215784 as int) AS TpcliTpcId#215826, CASE WHEN isnull(AdjReason#215785) THEN cast(null as string) ELSE substring(trim(cast(AdjReason#215785 as string), None), 1, 150) END AS AdjReason#215820, CASE WHEN isnull(TprbCheck#215786) THEN cast(null as string) ELSE substring(trim(cast(TprbCheck#215786 as string), None), 1, 60) END AS TprbCheck#215821, CASE WHEN isnull(TpbType#215787) THEN cast(null as string) ELSE substring(trim(cast(TpbType#215787 as string), None), 1, 100) END AS TpbType#215822, unresolvedalias(cast(TprblId as int), None), CASE WHEN isnull(TBTransactionType#215789) THEN cast(null as string) ELSE substring(trim(cast(TBTransactionType#215789 as string), None), 1, 30) END AS TBTransactionType#215823] +- Deduplicate [CPT#215778, TpccltId#215773, TprbId#215788, ClientM4Id#215774, TBTransactionType#215789, SiteCode#215772, Description#215777, SvcDate#215781, TransactionType#215780, LiaStrUser#215782, TprbCheck#215786, Amount#215779, Payor#215776, Date#215775, TpbType#215787, TpcliTpcId#215784, AdjReason#215785, TpcliId#215783] +- SubqueryAlias spark_catalog.chimcobldhq2agi88smk8gak84ml0j21ah34ukid5l1kuki55l24alh5c9k6enrjd5m7cpbi4lgniu0.sl_TransactionPostingReport +- Relation spark_catalog.chimcobldhq2agi88smk8gak84ml0j21ah34ukid5l1kuki55l24alh5c9k6enrjd5m7cpbi4lgniu0.sl_TransactionPostingReport[SiteCode#215772,TpccltId#215773,ClientM4Id#215774,Date#215775,Payor#215776,Description#215777,CPT#215778,Amount#215779,TransactionType#215780,SvcDate#215781,LiaStrUser#215782,TpcliId#215783,TpcliTpcId#215784,AdjReason#215785,TprbCheck#215786,TpbType#215787,TprbId#215788,TBTransactionType#215789] parquet",2026-09-08T09:34:51.206Z,2026-09-08T09:35:12.356Z,18,2026-09-08T09:35:12.356Z,,,f61fb4c5-0d31-4954-8aac-d0c2d48f9dc90,
202609080932178895,202609080932178895,20260908091757,143,16282,Transaction Report In-DB v7 Gold,TransactionPostingReport,TASK_FAILED,FAILED,ERROR,0,0,1,"[transaction_posting_report_gold] failed building Gold output: [UNRESOLVED_COLUMN.WITH_SUGGESTION] A column or function parameter with name `TprblId` cannot be resolved. Did you mean one of the following? [`TprbId`, `TpccltId`, `TpcliId`, `CPT`, `Date`].; Project [CASE WHEN isnull(SiteCode#203353) THEN cast(null as string) ELSE substring(trim(cast(SiteCode#203353 as string), None), 1, 25) END AS SiteCode#203390, cast(TpccltId#203354 as int) AS TpccltId#203406, CASE WHEN isnull(ClientM4Id#203355) THEN cast(null as string) ELSE substring(trim(cast(ClientM4Id#203355 as string), None), 1, 50) END AS ClientM4Id#203391, cast(Date#203356 as date) AS Date#203392, CASE WHEN isnull(Payor#203357) THEN cast(null as string) ELSE substring(trim(cast(Payor#203357 as string), None), 1, 100) END AS Payor#203393, CASE WHEN isnull(Description#203358) THEN cast(null as string) ELSE trim(cast(Description#203358 as string), None) END AS Description#203395, CASE WHEN isnull(CPT#203359) THEN cast(null as string) ELSE substring(trim(cast(CPT#203359 as string), None), 1, 100) END AS CPT#203396, cast(Amount#203360 as decimal(10,4)) AS Amount#203397, CASE WHEN isnull(TransactionType#203361) THEN cast(null as string) ELSE substring(trim(cast(TransactionType#203361 as string), None), 1, 23) END AS TransactionType#203398, cast(SvcDate#203362 as timestamp) AS SvcDate#203399, CASE WHEN isnull(LiaStrUser#203363) THEN cast(null as string) ELSE substring(trim(cast(LiaStrUser#203363 as string), None), 1, 100) END AS LiaStrUser#203400, cast(TpcliId#203364 as int) AS TpcliId#203407, cast(TpcliTpcId#203365 as int) AS TpcliTpcId#203408, CASE WHEN isnull(AdjReason#203366) THEN cast(null as string) ELSE substring(trim(cast(AdjReason#203366 as string), None), 1, 150) END AS AdjReason#203401, CASE WHEN isnull(TprbCheck#203367) THEN cast(null as string) ELSE substring(trim(cast(TprbCheck#203367 as string), None), 1, 60) END AS TprbCheck#203402, CASE WHEN isnull(TpbType#203368) THEN cast(null as string) ELSE substring(trim(cast(TpbType#203368 as string), None), 1, 100) END AS TpbType#203403, cast(TprblId as int) AS #203404, CASE WHEN isnull(TBTransactionType#203370) THEN cast(null as string) ELSE substring(trim(cast(TBTransactionType#203370 as string), None), 1, 30) END AS TBTransactionType#203405] +- Deduplicate [CPT#203359, TpccltId#203354, TprbId#203369, ClientM4Id#203355, TBTransactionType#203370, SiteCode#203353, Description#203358, SvcDate#203362, TransactionType#203361, LiaStrUser#203363, TprbCheck#203367, Amount#203360, Payor#203357, Date#203356, TpbType#203368, TpcliTpcId#203365, AdjReason#203366, TpcliId#203364] +- SubqueryAlias spark_catalog.chimcobldhq2agi88smk8gak84ml0j21ah34ukid5l1kuki55l24alh5c9k6enrjd5m7cpbi4lgniu0.sl_TransactionPostingReport +- Relation spark_catalog.chimcobldhq2agi88smk8gak84ml0j21ah34ukid5l1kuki55l24alh5c9k6enrjd5m7cpbi4lgniu0.sl_TransactionPostingReport[SiteCode#203353,TpccltId#203354,ClientM4Id#203355,Date#203356,Payor#203357,Description#203358,CPT#203359,Amount#203360,TransactionType#203361,SvcDate#203362,LiaStrUser#203363,TpcliId#203364,TpcliTpcId#203365,AdjReason#203366,TprbCheck#203367,TpbType#203368,TprbId#203369,TBTransactionType#203370] parquet",2026-09-08T09:32:22.898Z,2026-09-08T09:32:42.561Z,16,2026-09-08T09:32:42.561Z,,,f61fb4c5-0d31-4954-8aac-d0c2d48f9dc90,
202608262056290829,202608262056290829,20260826205225,131,13692,Enrollment Activity With Readmission Silver,sl_EnrollmentActivityWReadmission,TASK_FAILED,FAILED,ERROR,0,0,1,''NoneType'' object has no attribute ''columns'',2026-08-26T20:56:29.082Z,2026-08-26T20:56:46.045Z,16,2026-08-26T20:56:46.045Z,,,763548dd-f2e8-4b4a-babe-63409027873a,
202608270720493406,202608270720493406,20260827071414,131,13695,Trending Treatment Plans State Reqs Silver,sl_vwTrendingTreatmentPlansStateReqs,TASK_SUCCESS,SUCCESS,INFO,2271989,2271989,0,,2026-08-27T07:20:49.340Z,2026-08-27T07:24:46.866Z,237,2026-08-27T07:24:46.866Z,,,67cdece8-9745-4c87-ab73-e4e58104b61d,
202608271038246016,202608271038246016,20260827103159,131,13695,Trending Treatment Plans State Reqs Silver,sl_vwTrendingTreatmentPlansStateReqs,TASK_SUCCESS,SUCCESS,INFO,2271822,2271822,0,,2026-08-27T10:38:24.601Z,2026-08-27T10:42:32.861Z,248,2026-08-27T10:42:32.861Z,,,9c98095d-0f6c-4ddc-995a-49dd3d71b166,
202608270350115100,202608270350115100,20260827034338,131,13695,Trending Treatment Plans State Reqs Silver,sl_vwTrendingTreatmentPlansStateReqs,TASK_SUCCESS,SUCCESS,INFO,2271989,2271989,0,,2026-08-27T03:50:11.510Z,2026-08-27T03:54:38.784Z,267,2026-08-27T03:54:38.784Z,,,6c0dfbf2-4982-428b-b962-2d1ca5cf9e53,
202608270636407625,202608270636407625,20260827062944,131,13695,Trending Treatment Plans State Reqs Silver,sl_vwTrendingTreatmentPlansStateReqs,TASK_SUCCESS,SUCCESS,INFO,2271989,2271989,0,,2026-08-27T06:36:40.762Z,2026-08-27T06:41:21.755Z,280,2026-08-27T06:41:21.755Z,,,475c3e58-0434-45d9-b3f8-9d768448de53,
202608270851051533,202608270851051533,20260827084437,131,13695,Trending Treatment Plans State Reqs Silver,sl_vwTrendingTreatmentPlansStateReqs,TASK_SUCCESS,SUCCESS,INFO,2271989,2271989,0,,2026-08-27T08:51:05.153Z,2026-08-27T08:54:58.323Z,233,2026-08-27T08:54:58.323Z,,,3fa64f84-15aa-45fb-9cca-2f2fe48cfae1,
202608262058583251,202608262058583251,20260826205225,131,13695,Trending Treatment Plans State Reqs Silver,sl_vwTrendingTreatmentPlansStateReqs,TASK_SUCCESS,SUCCESS,INFO,2271989,2271989,0,,2026-08-26T20:58:58.325Z,2026-08-26T21:01:49.037Z,170,2026-08-26T21:01:49.037Z,,,763548dd-f2e8-4b4a-babe-63409027873a,
202608271124439861,202608271124439861,20260827111830,131,13695,Trending Treatment Plans State Reqs Silver,sl_vwTrendingTreatmentPlansStateReqs,TASK_SUCCESS,SUCCESS,INFO,2271822,2271822,0,,2026-08-27T11:24:43.986Z,2026-08-27T11:28:35.958Z,231,2026-08-27T11:28:35.958Z,,,548cb8af-a2ae-442b-8193-6118f75471ea,
202608270848314588,202608270848314588,20260827084437,131,13692,Enrollment Activity With Readmission Silver,sl_EnrollmentActivityWReadmission,TASK_SUCCESS,SUCCESS,INFO,325940,325940,0,,2026-08-27T08:48:31.458Z,2026-08-27T08:49:02.266Z,30,2026-08-27T08:49:02.266Z,,,3fa64f84-15aa-45fb-9cca-2f2fe48cfae1,
202608280721355756,202608280721355757,20260828072135,121,12584,Silver OffWeek Counseling,sl_offweekcounselingnoshow,TASK_FAILED,FAILED,ERROR,0,0,1,Pipeline execution failed after 3 attempts: No active EtlConfig found in bhg_bronze.meta.etlconfig for ''nb_offweekcounseling_slv_to_'',2026-08-28T07:21:35.575Z,2026-08-28T07:22:48.773Z,0,2026-08-28T07:21:35.575Z,,,40203c83-adec-4b92-bbc1-e4b859bc779f,
202608180842230164,202608180842230163,20260818084213,116,8626,Silver Patient Services,sl_patientservicesnoshow,TASK_COMPLETE,SUCCESS,INFO,0,0,0,,2026-08-18T08:42:23.016Z,2026-08-18T08:46:10.776Z,224,2026-08-18T08:46:10.776Z,,,28a72fa6-b0d1-481a-8c30-0de13fde3d77,
202608121736450938,202608121736450937,20260812085501,116,8626,Silver Patient Services,sl_patientservicesnoshow,TASK_COMPLETE,SUCCESS,INFO,0,0,0,,2026-08-12T17:36:45.093Z,2026-08-12T17:41:04.616Z,232,2026-08-12T17:41:04.616Z,,,671a3bdd-f523-4ead-8f5c-38e46b083399,
202608180452374809,202608180452374808,20260818045226,116,8626,Silver Patient Services,sl_patientservicesnoshow,TASK_COMPLETE,SUCCESS,INFO,0,0,0,,2026-08-18T04:52:37.480Z,2026-08-18T04:55:38.409Z,178,2026-08-18T04:55:38.409Z,,,8076369b-5c47-43a5-9e26-32c6cb3412e5,
202608131113410270,202608131113410269,20260813111331,116,8626,Silver Patient Services,sl_patientservicesnoshow,TASK_COMPLETE,SUCCESS,INFO,0,0,0,,2026-08-13T11:13:52.516Z,2026-08-13T11:16:21.560Z,145,2026-08-13T11:16:21.560Z,,,971f0b89-0a2f-41c6-b8a9-d60aa59ce7d5,
202608172254574910,202608172254574909,20260817225447,116,8626,Silver Patient Services,sl_patientservicesnoshow,TASK_COMPLETE,SUCCESS,INFO,0,0,0,,2026-08-17T22:54:57.490Z,2026-08-17T22:58:35.214Z,214,2026-08-17T22:58:35.214Z,,,9f78e754-387b-4612-ba13-559c517cf16b,
202608280927206222,202608280927206222,202608211048467468,84,13676,Gold Salesforce PatientContacts,PatientContacts,TASK_ALREADY_COMPLETED,ALREADY_COMPLETED,INFO,0,0,0,Already succeeded in previous attempt,2026-08-28T09:27:28.603Z,2026-08-28T09:27:28.603Z,0,2026-08-28T09:27:28.603Z,,,7c51a91c-e88d-46eb-a3be-ecfc42fdd41e,
202608280929514014,202608280929514014,202608211048467468,84,6810,Gold Salesforce StgOutboundSMS,stgOutboundSMS,TASK_ALREADY_COMPLETED,ALREADY_COMPLETED,INFO,0,0,0,Already succeeded in previous attempt,2026-08-28T09:29:56.298Z,2026-08-28T09:29:56.298Z,0,2026-08-28T09:29:56.298Z,,,7c51a91c-e88d-46eb-a3be-ecfc42fdd41e,
202608280929322449,202608280929322449,202608211048467468,84,6809,Gold Salesforce PatientSurveys,PatientSurveys,TASK_ALREADY_COMPLETED,ALREADY_COMPLETED,INFO,0,0,0,Already succeeded in previous attempt,2026-08-28T09:29:36.692Z,2026-08-28T09:29:36.692Z,0,2026-08-28T09:29:36.692Z,,,7c51a91c-e88d-46eb-a3be-ecfc42fdd41e,
202609070538354969,202609070538354969,20260907053835,146,0,"@if(equals(activity(Pre_Execute)?.status, Failed), Pre_Execute, if(equals(activity(Src_to_brz)?.status, Failed), Src_to_brz, if(equals(activity(Post_Execute)?.status, Failed), Post_Execute, if(equals(activity(Brz_to_Slv)?.status, Failed), Brz_to_Slv, if(equals(activity(Slv_to_Gld)?.status, Failed), Slv_to_Gld, Pipeline_Activity)))))","@if(equals(activity(Pre_Execute)?.status, Failed), Pre_Execute, if(equals(activity(Src_to_brz)?.status, Failed), Src_to_brz, if(equals(activity(Post_Execute)?.status, Failed), Post_Execute, if(equals(activity(Brz_to_Slv)?.status, Failed), Brz_to_Slv, if(equals(activity(Slv_to_Gld)?.status, Failed), Slv_to_Gld, Pipeline_Activity)))))",ACTIVITY_FAILED,FAILED,ERROR,0,0,0,"Failure happened on Source side. ErrorCode=SqlOperationFailed,Type=Microsoft.DataTransfer.Common.Shared.HybridDeliveryException,Message=A database operation failed with the following error: Invalid column name INVALID_COLUMN_TEST. Invalid column name INVALID_COLUMN_TEST.,Source=,Type=System.Data.SqlClient.SqlException,Message=Invalid column name INVALID_COLUMN_TEST. Invalid column name INVALID_COLUMN_TEST.,Source=.Net SqlClient Data Provider,SqlErrorNumber=207,Class=16,ErrorCode=-2146232060,St...",2026-09-07T05:20:38.695Z,2026-09-07T05:34:54.550Z,0,2026-09-07T05:38:48.468Z,,,11881138-e193-4401-91c9-28193ebd1a8a,
202608302104539536,202608301904173414,202608301904170791,85,4246,Bronze INV,br_ReAssessmentSocial,TASK_COMPLETE,SUCCESS,INFO,1511,1511,0,,2026-08-30T19:04:27.050Z,2026-08-30T21:04:59.710Z,7232,2026-08-30T21:04:59.710Z,V10A,Fort Collins,ba679216-ee2b-4344-afb9-134290faf502,SAMMS-FortCollinsV5
202608302104539537,202608301904173415,202608301904170791,85,4247,Bronze INV,br_ReAssessmentSocial,TASK_COMPLETE,SUCCESS,INFO,2864,2864,0,,2026-08-30T19:04:27.050Z,2026-08-30T21:04:59.710Z,7232,2026-08-30T21:04:59.710Z,V11,Westminster,ba679216-ee2b-4344-afb9-134290faf502,SAMMS-VCPHCS-XI-NorthDenverV5
202608302104539538,202608301904173416,202608301904170791,85,4248,Bronze INV,br_ReAssessmentSocial,TASK_COMPLETE,SUCCESS,INFO,3024,3024,0,,2026-08-30T19:04:27.050Z,2026-08-30T21:04:59.710Z,7232,2026-08-30T21:04:59.710Z,V12,Downtown Denver,ba679216-ee2b-4344-afb9-134290faf502,SAMMS-VCPHCS-XII-DowntownDenverV5
202608302104539540,202608301904173417,202608301904170791,85,4249,Bronze INV,br_ReAssessmentSocial,TASK_COMPLETE,SUCCESS,INFO,1132,1132,0,,2026-08-30T19:04:27.050Z,2026-08-30T21:04:59.710Z,7232,2026-08-30T21:04:59.710Z,V12A,Centennial,ba679216-ee2b-4344-afb9-134290faf502,SAMMS-CentennialV5
202608302104539541,202608301904173418,202608301904170791,85,4250,Bronze INV,br_ReAssessmentSocial,TASK_COMPLETE,SUCCESS,INFO,293,293,0,,2026-08-30T19:04:27.050Z,2026-08-30T21:04:59.710Z,7232,2026-08-30T21:04:59.710Z,V14,Overland Park,ba679216-ee2b-4344-afb9-134290faf502,SAMMS-VCPHCS-XIV-BridgewayV5
202608302104539542,202608301904173419,202608301904170791,85,4251,Bronze INV,br_ReAssessmentSocial,TASK_COMPLETE,SUCCESS,INFO,608,608,0,,2026-08-30T19:04:27.050Z,2026-08-30T21:04:59.710Z,7232,2026-08-30T21:04:59.710Z,V15,Joplin,ba679216-ee2b-4344-afb9-134290faf502,SAMMS-JoplinV5
202608302104539543,202608301904173420,202608301904170791,85,4253,Bronze INV,br_ReAssessmentSocial,TASK_COMPLETE,SUCCESS,INFO,901,901,0,,2026-08-30T19:04:27.050Z,2026-08-30T21:04:59.710Z,7232,2026-08-30T21:04:59.710Z,V17,Columbia TN,ba679216-ee2b-4344-afb9-134290faf502,SAMMS-ColumbiaTNv5
202608302104539544,202608301904173421,202608301904170791,85,4255,Bronze INV,br_ReAssessmentSocial,TASK_COMPLETE,SUCCESS,INFO,533,533,0,,2026-08-30T19:04:27.050Z,2026-08-30T21:04:59.710Z,7232,2026-08-30T21:04:59.710Z,V19,Jackson,ba679216-ee2b-4344-afb9-134290faf502,SAMMS-JacksonV5
202608302104539545,202608301904173422,202608301904170791,85,4257,Bronze INV,br_ReAssessmentSocial,TASK_COMPLETE,SUCCESS,INFO,1758,1758,0,,2026-08-30T19:04:27.050Z,2026-08-30T21:04:59.710Z,7232,2026-08-30T21:04:59.710Z,V20,Paris,ba679216-ee2b-4344-afb9-134290faf502,SAMMS-ParisV5
202608302104539547,202608301904173423,202608301904170791,85,4258,Bronze INV,br_ReAssessmentSocial,TASK_COMPLETE,SUCCESS,INFO,723,723,0,,2026-08-30T19:04:27.050Z,2026-08-30T21:04:59.710Z,7232,2026-08-30T21:04:59.710Z,V21,Memphis North,ba679216-ee2b-4344-afb9-134290faf502,SAMMS-RaleighV5
202608302104539548,202608301904173424,202608301904170791,85,4261,Bronze INV,br_ReAssessmentSocial,TASK_COMPLETE,SUCCESS,INFO,1770,1770,0,,2026-08-30T19:04:27.050Z,2026-08-30T21:04:59.710Z,7232,2026-08-30T21:04:59.710Z,V5,West Bank,ba679216-ee2b-4344-afb9-134290faf502,SAMMS-NONTCv5
202608302104539549,202608301904173425,202608301904170791,85,4263,Bronze INV,br_ReAssessmentSocial,TASK_COMPLETE,SUCCESS,INFO,144,144,0,,2026-08-30T19:04:27.050Z,2026-08-30T21:04:59.710Z,7232,2026-08-30T21:04:59.710Z,V5B,Houma,ba679216-ee2b-4344-afb9-134290faf502,SAMMS-HoumaV6
202608302104539550,202608301904173426,202608301904170791,85,4264,Bronze INV,br_ReAssessmentSocial,TASK_COMPLETE,SUCCESS,INFO,1906,1906,0,,2026-08-30T19:04:27.050Z,2026-08-30T21:04:59.710Z,7232,2026-08-30T21:04:59.710Z,V6,Lake Charles,ba679216-ee2b-4344-afb9-134290faf502,SAMMS-LCv5
202608302104539551,202608301904173427,202608301904170791,85,4266,Bronze INV,br_ReAssessmentSocial,TASK_COMPLETE,SUCCESS,INFO,739,739,0,,2026-08-30T19:04:27.050Z,2026-08-30T21:04:59.710Z,7232,2026-08-30T21:04:59.710Z,V8,Memphis Midtown,ba679216-ee2b-4344-afb9-134290faf502,SAMMS-VCPHCS-VIII-MemphisV5
202608302104539552,202608301904173428,202608301904170791,85,4267,Bronze INV,br_ReAssessmentSocial,TASK_COMPLETE,SUCCESS,INFO,1760,1760,0,,2026-08-30T19:04:27.050Z,2026-08-30T21:04:59.710Z,7232,2026-08-30T21:04:59.710Z,V9,Nashville,ba679216-ee2b-4344-afb9-134290faf502,SAMMS-NashvilleV5
202608302104539553,202608301904173429,202608301904170791,85,4268,Bronze INV,br_ReAssessmentSocial,TASK_COMPLETE,SUCCESS,INFO,838,838,0,,2026-08-30T19:04:27.050Z,2026-08-30T21:04:59.710Z,7232,2026-08-30T21:04:59.710Z,VBRA,Brainerd,ba679216-ee2b-4344-afb9-134290faf502,SAMMS-BrainerdV6
202608302104539554,202608301904173430,202608301904170791,85,4269,Bronze INV,br_ReAssessmentSocial,TASK_COMPLETE,SUCCESS,INFO,1957,1957,0,,2026-08-30T19:04:27.050Z,2026-08-30T21:04:59.710Z,7232,2026-08-30T21:04:59.710Z,VBRP,Brooklyn Park,ba679216-ee2b-4344-afb9-134290faf502,SAMMS-BrooklynParkV6
202608302104539556,202608301904173431,202608301904170791,85,4271,Bronze INV,br_ReAssessmentSocial,TASK_COMPLETE,SUCCESS,INFO,740,740,0,,2026-08-30T19:04:27.050Z,2026-08-30T21:04:59.710Z,7232,2026-08-30T21:04:59.710Z,VMIN,Minneapolis,ba679216-ee2b-4344-afb9-134290faf502,SAMMS-MinneapolisV6
202608302104539557,202608301904173432,202608301904170791,85,4272,Bronze INV,br_ReAssessmentSocial,TASK_COMPLETE,SUCCESS,INFO,876,876,0,,2026-08-30T19:04:27.050Z,2026-08-30T21:04:59.710Z,7232,2026-08-30T21:04:59.710Z,VWBY,Woodbury,ba679216-ee2b-4344-afb9-134290faf502,SAMMS-WoodburyV6
202608302104539558,202608301904173433,202608301904170791,85,4274,Bronze INV,br_ReAssessmentSocial,TASK_COMPLETE,SUCCESS,INFO,161,161,0,,2026-08-30T19:04:27.050Z,2026-08-30T21:04:59.710Z,7232,2026-08-30T21:04:59.710Z,WIL,Wilson,ba679216-ee2b-4344-afb9-134290faf502,SAMMS-Wilson
202608302104539559,202608301904173434,202608301904170791,85,4462,Bronze INV,br_ReAssessmentTreatment,TASK_COMPLETE,SUCCESS,INFO,35,35,0,,2026-08-30T19:04:27.050Z,2026-08-30T21:04:59.710Z,7232,2026-08-30T21:04:59.710Z,AHK,Ahoskie,ba679216-ee2b-4344-afb9-134290faf502,SAMMS-Ahoskie
202608302104539560,202608301904173435,202608301904170791,85,4463,Bronze INV,br_ReAssessmentTreatment,TASK_COMPLETE,SUCCESS,INFO,662,662,0,,2026-08-30T19:04:27.050Z,2026-08-30T21:04:59.710Z,7232,2026-08-30T21:04:59.710Z,B12B,Colorado Springs,ba679216-ee2b-4344-afb9-134290faf502,SAMMS-ColoradoSpringsV5
202608302104539561,202608301904173436,202608301904170791,85,4464,Bronze INV,br_ReAssessmentTreatment,TASK_COMPLETE,SUCCESS,INFO,828,828,0,,2026-08-30T19:04:27.050Z,2026-08-30T21:04:59.710Z,7232,2026-08-30T21:04:59.710Z,B24,Paintsville,ba679216-ee2b-4344-afb9-134290faf502,SAMMS-PaintsvilleV5
202608302104539562,202608301904173437,202608301904170791,85,4465,Bronze INV,br_ReAssessmentTreatment,TASK_COMPLETE,SUCCESS,INFO,646,646,0,,2026-08-30T19:04:27.050Z,2026-08-30T21:04:59.710Z,7232,2026-08-30T21:04:59.710Z,B25,Pikeville,ba679216-ee2b-4344-afb9-134290faf502,SAMMS-PikevilleV5
202608302104539564,202608301904173438,202608301904170791,85,4466,Bronze INV,br_ReAssessmentTreatment,TASK_COMPLETE,SUCCESS,INFO,973,973,0,,2026-08-30T19:04:27.050Z,2026-08-30T21:04:59.710Z,7232,2026-08-30T21:04:59.710Z,B26,Hazard,ba679216-ee2b-4344-afb9-134290faf502,SAMMS-HazardV5
202608302104539565,202608301904173439,202608301904170791,85,4467,Bronze INV,br_ReAssessmentTreatment,TASK_COMPLETE,SUCCESS,INFO,532,532,0,,2026-08-30T19:04:27.050Z,2026-08-30T21:04:59.710Z,7232,2026-08-30T21:04:59.710Z,B27,Savannah,ba679216-ee2b-4344-afb9-134290faf502,SAMMS-SavannahV6
202608302104539566,202608301904173440,202608301904170791,85,4468,Bronze INV,br_ReAssessmentTreatment,TASK_COMPLETE,SUCCESS,INFO,247,247,0,,2026-08-30T19:04:27.050Z,2026-08-30T21:04:59.710Z,7232,2026-08-30T21:04:59.710Z,B28,West Plains,ba679216-ee2b-4344-afb9-134290faf502,SAMMS-WestPlainesV5
202608302104539567,202608301904173441,202608301904170791,85,4469,Bronze INV,br_ReAssessmentTreatment,TASK_COMPLETE,SUCCESS,INFO,460,460,0,,2026-08-30T19:04:27.050Z,2026-08-30T21:04:59.710Z,7232,2026-08-30T21:04:59.710Z,B29,Poplar Bluff,ba679216-ee2b-4344-afb9-134290faf502,SAMMS-PoplarBluffV5
202608302104539568,202608301904173442,202608301904170791,85,4470,Bronze INV,br_ReAssessmentTreatment,TASK_COMPLETE,SUCCESS,INFO,78,78,0,,2026-08-30T19:04:27.050Z,2026-08-30T21:04:59.710Z,7232,2026-08-30T21:04:59.710Z,B30,KC North,ba679216-ee2b-4344-afb9-134290faf502,SAMMS-KCNv5
202608302104539569,202608301904173443,202608301904170791,85,4471,Bronze INV,br_ReAssessmentTreatment,TASK_COMPLETE,SUCCESS,INFO,400,400,0,,2026-08-30T19:04:27.050Z,2026-08-30T21:04:59.710Z,7232,2026-08-30T21:04:59.710Z,B31,Dyersburg,ba679216-ee2b-4344-afb9-134290faf502,SAMMS-DyersburgV5
202608302104539570,202608301904173444,202608301904170791,85,4473,Bronze INV,br_ReAssessmentTreatment,TASK_COMPLETE,SUCCESS,INFO,488,488,0,,2026-08-30T19:04:27.050Z,2026-08-30T21:04:59.710Z,7232,2026-08-30T21:04:59.710Z,B33,Paducah,ba679216-ee2b-4344-afb9-134290faf502,SAMMS-Paducah
202608302104539572,202608301904173445,202608301904170791,85,4474,Bronze INV,br_ReAssessmentTreatment,TASK_COMPLETE,SUCCESS,INFO,382,382,0,,2026-08-30T19:04:27.050Z,2026-08-30T21:04:59.710Z,7232,2026-08-30T21:04:59.710Z,B34,Corbin,ba679216-ee2b-4344-afb9-134290faf502,SAMMS-CorbinV5
202608302104539573,202608301904173446,202608301904170791,85,4475,Bronze INV,br_ReAssessmentTreatment,TASK_COMPLETE,SUCCESS,INFO,239,239,0,,2026-08-30T19:04:27.050Z,2026-08-30T21:04:59.710Z,7232,2026-08-30T21:04:59.710Z,B35,Lexington,ba679216-ee2b-4344-afb9-134290faf502,SAMMS-LexingtonV5
202608302104539574,202608301904173447,202608301904170791,85,4476,Bronze INV,br_ReAssessmentTreatment,TASK_COMPLETE,SUCCESS,INFO,77,77,0,,2026-08-30T19:04:27.050Z,2026-08-30T21:04:59.710Z,7232,2026-08-30T21:04:59.710Z,B35A,Berea,ba679216-ee2b-4344-afb9-134290faf502,SAMMS-BereaV5
202608302104539575,202608301904173448,202608301904170791,85,4477,Bronze INV,br_ReAssessmentTreatment,TASK_COMPLETE,SUCCESS,INFO,21,21,0,,2026-08-30T19:04:27.050Z,2026-08-30T21:04:59.710Z,7232,2026-08-30T21:04:59.710Z,B36,Asheville,ba679216-ee2b-4344-afb9-134290faf502,SAMMS-AshevilleV5
202608302104539576,202608301904173449,202608301904170791,85,4478,Bronze INV,br_ReAssessmentTreatment,TASK_COMPLETE,SUCCESS,INFO,1,1,0,,2026-08-30T19:04:27.050Z,2026-08-30T21:04:59.710Z,7232,2026-08-30T21:04:59.710Z,B37,Clyde,ba679216-ee2b-4344-afb9-134290faf502,SAMMS-ClydeV5
202608302104539577,202608301904173450,202608301904170791,85,4479,Bronze INV,br_ReAssessmentTreatment,TASK_COMPLETE,SUCCESS,INFO,1185,1185,0,,2026-08-30T19:04:27.050Z,2026-08-30T21:04:59.710Z,7232,2026-08-30T21:04:59.710Z,B38,Spartanburg,ba679216-ee2b-4344-afb9-134290faf502,SAMMS-SpartanburgV5
202608302104539578,202608301904173451,202608301904170791,85,4480,Bronze INV,br_ReAssessmentTreatment,TASK_COMPLETE,SUCCESS,INFO,361,361,0,,2026-08-30T19:04:27.050Z,2026-08-30T21:04:59.710Z,7232,2026-08-30T21:04:59.710Z,B39,Aiken,ba679216-ee2b-4344-afb9-134290faf502,SAMMS-AikenV5
202608302104539580,202608301904173452,202608301904170791,85,4481,Bronze INV,br_ReAssessmentTreatment,TASK_COMPLETE,SUCCESS,INFO,1886,1886,0,,2026-08-30T19:04:27.050Z,2026-08-30T21:04:59.710Z,7232,2026-08-30T21:04:59.710Z,B41,Chesapeake,ba679216-ee2b-4344-afb9-134290faf502,SAMMS-ChesapeakeV5
202608302104539581,202608301904173453,202608301904170791,85,4482,Bronze INV,br_ReAssessmentTreatment,TASK_COMPLETE,SUCCESS,INFO,1911,1911,0,,2026-08-30T19:04:27.050Z,2026-08-30T21:04:59.710Z,7232,2026-08-30T21:04:59.710Z,B42,Virginia Beach,ba679216-ee2b-4344-afb9-134290faf502,SAMMS-VirginiaBeachV5
202608302104539582,202608301904173454,202608301904170791,85,4483,Bronze INV,br_ReAssessmentTreatment,TASK_COMPLETE,SUCCESS,INFO,925,925,0,,2026-08-30T19:04:27.050Z,2026-08-30T21:04:59.710Z,7232,2026-08-30T21:04:59.710Z,B42A,Newport News,ba679216-ee2b-4344-afb9-134290faf502,SAMMS-NewportNewsV5
202608302104539583,202608301904173455,202608301904170791,85,4484,Bronze INV,br_ReAssessmentTreatment,TASK_COMPLETE,SUCCESS,INFO,507,507,0,,2026-08-30T19:04:27.050Z,2026-08-30T21:04:59.710Z,7232,2026-08-30T21:04:59.710Z,B42B,Franklin,ba679216-ee2b-4344-afb9-134290faf502,SAMMS-FranklinV5
202608302104539584,202608301904173456,202608301904170791,85,4485,Bronze INV,br_ReAssessmentTreatment,TASK_COMPLETE,SUCCESS,INFO,340,340,0,,2026-08-30T19:04:27.050Z,2026-08-30T21:04:59.710Z,7232,2026-08-30T21:04:59.710Z,B42C,Glen Allen,ba679216-ee2b-4344-afb9-134290faf502,SAMMS-GlenAllenV5
202608302104539585,202608301904173457,202608301904170791,85,4486,Bronze INV,br_ReAssessmentTreatment,TASK_COMPLETE,SUCCESS,INFO,1481,1481,0,,2026-08-30T19:04:27.050Z,2026-08-30T21:04:59.710Z,7232,2026-08-30T21:04:59.710Z,B42D,Chesapeake South,ba679216-ee2b-4344-afb9-134290faf502,SAMMS-ChesapeakeSouthV5
202608302104539587,202608301904173458,202608301904170791,85,4487,Bronze INV,br_ReAssessmentTreatment,TASK_COMPLETE,SUCCESS,INFO,633,633,0,,2026-08-30T19:04:27.050Z,2026-08-30T21:04:59.710Z,7232,2026-08-30T21:04:59.710Z,B44,Albany,ba679216-ee2b-4344-afb9-134290faf502,SAMMS-AlbanyV5
202608302104539588,202608301904173459,202608301904170791,85,4488,Bronze INV,br_ReAssessmentTreatment,TASK_COMPLETE,SUCCESS,INFO,1269,1269,0,,2026-08-30T19:04:27.050Z,2026-08-30T21:04:59.710Z,7232,2026-08-30T21:04:59.710Z,B45,Tifton,ba679216-ee2b-4344-afb9-134290faf502,SAMMS-TiftonV5
202608302104539589,202608301904173460,202608301904170791,85,4489,Bronze INV,br_ReAssessmentTreatment,TASK_COMPLETE,SUCCESS,INFO,591,591,0,,2026-08-30T19:04:27.050Z,2026-08-30T21:04:59.710Z,7232,2026-08-30T21:04:59.710Z,B46,Washington DC,ba679216-ee2b-4344-afb9-134290faf502,SAMMS-WashingtonDCv5
202608302104539590,202608301904173461,202608301904170791,85,4490,Bronze INV,br_ReAssessmentTreatment,TASK_COMPLETE,SUCCESS,INFO,1524,1524,0,,2026-08-30T19:04:27.050Z,2026-08-30T21:04:59.710Z,7232,2026-08-30T21:04:59.710Z,B47,Mobile,ba679216-ee2b-4344-afb9-134290faf502,SAMMS-MobileV5
202608302104539591,202608301904173462,202608301904170791,85,4491,Bronze INV,br_ReAssessmentTreatment,TASK_COMPLETE,SUCCESS,INFO,1295,1295,0,,2026-08-30T19:04:27.050Z,2026-08-30T21:04:59.710Z,7232,2026-08-30T21:04:59.710Z,B48,Tuscaloosa,ba679216-ee2b-4344-afb9-134290faf502,SAMMS-TuscaloosaV5
202608302104539592,202608301904173463,202608301904170791,85,4500,Bronze INV,br_ReAssessmentTreatment,TASK_COMPLETE,SUCCESS,INFO,2,2,0,,2026-08-30T19:04:27.050Z,2026-08-30T21:04:59.710Z,7232,2026-08-30T21:04:59.710Z,B51,N. Little Rock (OTP),ba679216-ee2b-4344-afb9-134290faf502,SAMMS-NorthLittleRockV6
202608302104539593,202608301904173464,202608301904170791,85,4501,Bronze INV,br_ReAssessmentTreatment,TASK_COMPLETE,SUCCESS,INFO,451,451,0,,2026-08-30T19:04:27.050Z,2026-08-30T21:04:59.710Z,7232,2026-08-30T21:04:59.710Z,B52,Jackson GA,ba679216-ee2b-4344-afb9-134290faf502,SAMMS-JacksonGAV5
202608302104539594,202608301904173465,202608301904170791,85,4502,Bronze INV,br_ReAssessmentTreatment,TASK_COMPLETE,SUCCESS,INFO,1700,1700,0,,2026-08-30T19:04:27.050Z,2026-08-30T21:04:59.710Z,7232,2026-08-30T21:04:59.710Z,B54,Gadsden,ba679216-ee2b-4344-afb9-134290faf502,SAMMS-GadsdenV5
202608302104539596,202608301904173466,202608301904170791,85,4503,Bronze INV,br_ReAssessmentTreatment,TASK_COMPLETE,SUCCESS,INFO,941,941,0,,2026-08-30T19:04:27.050Z,2026-08-30T21:04:59.710Z,7232,2026-08-30T21:04:59.710Z,B55,Shoals,ba679216-ee2b-4344-afb9-134290faf502,SAMMS-ShoalsV5
202608302104539597,202608301904173467,202608301904170791,85,4504,Bronze INV,br_ReAssessmentTreatment,TASK_COMPLETE,SUCCESS,INFO,294,294,0,,2026-08-30T19:04:27.050Z,2026-08-30T21:04:59.710Z,7232,2026-08-30T21:04:59.710Z,B57,Pawtucket,ba679216-ee2b-4344-afb9-134290faf502,SAMMS-Pawtucket
202608302104539598,202608301904173468,202608301904170791,85,4505,Bronze INV,br_ReAssessmentTreatment,TASK_COMPLETE,SUCCESS,INFO,553,553,0,,2026-08-30T19:04:27.050Z,2026-08-30T21:04:59.710Z,7232,2026-08-30T21:04:59.710Z,B57A,Johnston,ba679216-ee2b-4344-afb9-134290faf502,SAMMS-Johnston
202608302104539599,202608301904173469,202608301904170791,85,4506,Bronze INV,br_ReAssessmentTreatment,TASK_COMPLETE,SUCCESS,INFO,167,167,0,,2026-08-30T19:04:27.050Z,2026-08-30T21:04:59.710Z,7232,2026-08-30T21:04:59.710Z,B57B,Middletown,ba679216-ee2b-4344-afb9-134290faf502,SAMMS-Middletown
202608302104539600,202608301904173470,202608301904170791,85,4507,Bronze INV,br_ReAssessmentTreatment,TASK_COMPLETE,SUCCESS,INFO,411,411,0,,2026-08-30T19:04:27.050Z,2026-08-30T21:04:59.710Z,7232,2026-08-30T21:04:59.710Z,B57C,Providence,ba679216-ee2b-4344-afb9-134290faf502,SAMMS-Providence
202608302104539601,202608301904173471,202608301904170791,85,4508,Bronze INV,br_ReAssessmentTreatment,TASK_COMPLETE,SUCCESS,INFO,622,622,0,,2026-08-30T19:04:27.050Z,2026-08-30T21:04:59.710Z,7232,2026-08-30T21:04:59.710Z,B57D,Westerly,ba679216-ee2b-4344-afb9-134290faf502,SAMMS-Westerly
202608302104539602,202608301904173472,202608301904170791,85,4512,Bronze INV,br_ReAssessmentTreatment,TASK_COMPLETE,SUCCESS,INFO,4,4,0,,2026-08-30T19:04:27.050Z,2026-08-30T21:04:59.710Z,7232,2026-08-30T21:04:59.710Z,B66A,Bremen,ba679216-ee2b-4344-afb9-134290faf502,SAMMS-Bremen
202608302104539604,202608301904173473,202608301904170791,85,4515,Bronze INV,br_ReAssessmentTreatment,TASK_COMPLETE,SUCCESS,INFO,0,0,0,,2026-08-30T19:04:27.050Z,2026-08-30T21:04:59.710Z,7232,2026-08-30T21:04:59.710Z,B72,Mobile (OBOT),ba679216-ee2b-4344-afb9-134290faf502,SAMMS-Mobile-OBOT
202608302104539605,202608301904173474,202608301904170791,85,4516,Bronze INV,br_ReAssessmentTreatment,TASK_COMPLETE,SUCCESS,INFO,0,0,0,,2026-08-30T19:04:27.050Z,2026-08-30T21:04:59.710Z,7232,2026-08-30T21:04:59.710Z,B73,Montgomery,ba679216-ee2b-4344-afb9-134290faf502,SAMMS-Montgomery
202608302104539606,202608301904173475,202608301904170791,85,4517,Bronze INV,br_ReAssessmentTreatment,TASK_COMPLETE,SUCCESS,INFO,516,516,0,,2026-08-30T19:04:27.050Z,2026-08-30T21:04:59.710Z,7232,2026-08-30T21:04:59.710Z,B75,Lawrence,ba679216-ee2b-4344-afb9-134290faf502,SAMMS-LawrenceV6
202608302104539607,202608301904173476,202608301904170791,85,4518,Bronze INV,br_ReAssessmentTreatment,TASK_COMPLETE,SUCCESS,INFO,0,0,0,,2026-08-30T19:04:27.050Z,2026-08-30T21:04:59.710Z,7232,2026-08-30T21:04:59.710Z,B76,Huntsville OBOT,ba679216-ee2b-4344-afb9-134290faf502,SAMMS-Huntsville-OBOT
202608302104539608,202608301904173477,202608301904170791,85,4519,Bronze INV,br_ReAssessmentTreatment,TASK_COMPLETE,SUCCESS,INFO,0,0,0,,2026-08-30T19:04:27.050Z,2026-08-30T21:04:59.710Z,7232,2026-08-30T21:04:59.710Z,BAT,Batesville,ba679216-ee2b-4344-afb9-134290faf502,SAMMS-Batesville
202608302104539609,202608301904173478,202608301904170791,85,4520,Bronze INV,br_ReAssessmentTreatment,TASK_COMPLETE,SUCCESS,INFO,463,463,0,,2026-08-30T19:04:27.050Z,2026-08-30T21:04:59.710Z,7232,2026-08-30T21:04:59.710Z,BG,Bowling Green,ba679216-ee2b-4344-afb9-134290faf502,SAMMS-BowlingGreen
202608302104539610,202608301904173479,202608301904170791,85,4521,Bronze INV,br_ReAssessmentTreatment,TASK_COMPLETE,SUCCESS,INFO,181,181,0,,2026-08-30T19:04:27.050Z,2026-08-30T21:04:59.710Z,7232,2026-08-30T21:04:59.710Z,BOI,Boise,ba679216-ee2b-4344-afb9-134290faf502,SAMMS-Boise
202608302104539612,202608301904173480,202608301904170791,85,4528,Bronze INV,br_ReAssessmentTreatment,TASK_COMPLETE,SUCCESS,INFO,48,48,0,,2026-08-30T19:04:27.050Z,2026-08-30T21:04:59.710Z,7232,2026-08-30T21:04:59.710Z,CBCO,Coeur dAlene,ba679216-ee2b-4344-afb9-134290faf502,SAMMS-CoeurdAleneV6
202608302104539613,202608301904173481,202608301904170791,85,4547,Bronze INV,br_ReAssessmentTreatment,TASK_COMPLETE,SUCCESS,INFO,0,0,0,,2026-08-30T19:04:27.050Z,2026-08-30T21:04:59.710Z,7232,2026-08-30T21:04:59.710Z,CON,Conway,ba679216-ee2b-4344-afb9-134290faf502,SAMMS-Conway
202608302104539614,202608301904173482,202608301904170791,85,4548,Bronze INV,br_ReAssessmentTreatment,TASK_COMPLETE,SUCCESS,INFO,2557,2557,0,,2026-08-30T19:04:27.050Z,2026-08-30T21:04:59.710Z,7232,2026-08-30T21:04:59.710Z,D07,Medical Services Knox TN,ba679216-ee2b-4344-afb9-134290faf502,SAMMS-KnoxvilleV6
202608302104539615,202608301904173483,202608301904170791,85,4549,Bronze INV,br_ReAssessmentTreatment,TASK_COMPLETE,SUCCESS,INFO,111,111,0,,2026-08-30T19:04:27.050Z,2026-08-30T21:04:59.710Z,7232,2026-08-30T21:04:59.710Z,D08,Madison,ba679216-ee2b-4344-afb9-134290faf502,SAMMS-MadisonV6
202608302104539616,202608301904173484,202608301904170791,85,4551,Bronze INV,br_ReAssessmentTreatment,TASK_COMPLETE,SUCCESS,INFO,104,104,0,,2026-08-30T19:04:27.050Z,2026-08-30T21:04:59.710Z,7232,2026-08-30T21:04:59.710Z,D09,Murfreesboro,ba679216-ee2b-4344-afb9-134290faf502,SAMMS-MurfreesboroV6
202608302104539617,202608301904173485,202608301904170791,85,4552,Bronze INV,br_ReAssessmentTreatment,TASK_COMPLETE,SUCCESS,INFO,335,335,0,,2026-08-30T19:04:27.050Z,2026-08-30T21:04:59.710Z,7232,2026-08-30T21:04:59.710Z,DA,Davenport,ba679216-ee2b-4344-afb9-134290faf502,SAMMS-Davenport
202608302104539618,202608301904173486,202608301904170791,85,4553,Bronze INV,br_ReAssessmentTreatment,TASK_COMPLETE,SUCCESS,INFO,286,286,0,,2026-08-30T19:04:27.050Z,2026-08-30T21:04:59.710Z,7232,2026-08-30T21:04:59.710Z,DM,Des Moines,ba679216-ee2b-4344-afb9-134290faf502,SAMMS-DesMoines
202608302104539619,202608301904173487,202608301904170791,85,4555,Bronze INV,br_ReAssessmentTreatment,TASK_COMPLETE,SUCCESS,INFO,526,526,0,,2026-08-30T19:04:27.050Z,2026-08-30T21:04:59.710Z,7232,2026-08-30T21:04:59.710Z,DRD-CO,Columbia MO,ba679216-ee2b-4344-afb9-134290faf502,SAMMS-ColumbiaV5
202608302104539621,202608301904173488,202608301904170791,85,4556,Bronze INV,br_ReAssessmentTreatment,TASK_COMPLETE,SUCCESS,INFO,342,342,0,,2026-08-30T19:04:27.050Z,2026-08-30T21:04:59.710Z,7232,2026-08-30T21:04:59.710Z,DRD-KC,KC,ba679216-ee2b-4344-afb9-134290faf502,SAMMS-KCv5
202608302104539622,202608301904173489,202608301904170791,85,4557,Bronze INV,br_ReAssessmentTreatment,TASK_COMPLETE,SUCCESS,INFO,1545,1545,0,,2026-08-30T19:04:27.050Z,2026-08-30T21:04:59.710Z,7232,2026-08-30T21:04:59.710Z,DRD-KVB,KVB,ba679216-ee2b-4344-afb9-134290faf502,SAMMS-KVBv5
202608302104539623,202608301904173490,202608301904170791,85,4558,Bronze INV,br_ReAssessmentTreatment,TASK_COMPLETE,SUCCESS,INFO,1672,1672,0,,2026-08-30T19:04:27.050Z,2026-08-30T21:04:59.710Z,7232,2026-08-30T21:04:59.710Z,DRD-KVC,KVC,ba679216-ee2b-4344-afb9-134290faf502,SAMMS-KVCv5
202608302104539624,202608301904173491,202608301904170791,85,4559,Bronze INV,br_ReAssessmentTreatment,TASK_COMPLETE,SUCCESS,INFO,3195,3195,0,,2026-08-30T19:04:27.050Z,2026-08-30T21:04:59.710Z,7232,2026-08-30T21:04:59.710Z,DRD-NOLA,NOLA,ba679216-ee2b-4344-afb9-134290faf502,SAMMS-NOLAv5
202608302104539625,202608301904173492,202608301904170791,85,4560,Bronze INV,br_ReAssessmentTreatment,TASK_COMPLETE,SUCCESS,INFO,797,797,0,,2026-08-30T19:04:27.050Z,2026-08-30T21:04:59.710Z,7232,2026-08-30T21:04:59.710Z,DRD-SF,Springfield,ba679216-ee2b-4344-afb9-134290faf502,SAMMS-SFv5
202608302104539627,202608301904173493,202608301904170791,85,4562,Bronze INV,br_ReAssessmentTreatment,TASK_COMPLETE,SUCCESS,INFO,260,260,0,,2026-08-30T19:04:27.050Z,2026-08-30T21:04:59.710Z,7232,2026-08-30T21:04:59.710Z,ELC,Elizabeth City,ba679216-ee2b-4344-afb9-134290faf502,SAMMS-ElizabethCity
202608302104539628,202608301904173494,202608301904170791,85,4563,Bronze INV,br_ReAssessmentTreatment,TASK_COMPLETE,SUCCESS,INFO,127,127,0,,2026-08-30T19:04:27.050Z,2026-08-30T21:04:59.710Z,7232,2026-08-30T21:04:59.710Z,ET,Elizabethtown,ba679216-ee2b-4344-afb9-134290faf502,SAMMS-Elizabethtown
202608302104539629,202608301904173495,202608301904170791,85,4564,Bronze INV,br_ReAssessmentTreatment,TASK_COMPLETE,SUCCESS,INFO,0,0,0,,2026-08-30T19:04:27.050Z,2026-08-30T21:04:59.710Z,7232,2026-08-30T21:04:59.710Z,FAY,Fayetteville,ba679216-ee2b-4344-afb9-134290faf502,SAMMS-Fayetteville
202608302104539630,202608301904173496,202608301904170791,85,4565,Bronze INV,br_ReAssessmentTreatment,TASK_COMPLETE,SUCCESS,INFO,156,156,0,,2026-08-30T19:04:27.050Z,2026-08-30T21:04:59.710Z,7232,2026-08-30T21:04:59.710Z,FR,Frankfort,ba679216-ee2b-4344-afb9-134290faf502,SAMMS-Frankfort
202608302104539631,202608301904173497,202608301904170791,85,4566,Bronze INV,br_ReAssessmentTreatment,TASK_COMPLETE,SUCCESS,INFO,0,0,0,,2026-08-30T19:04:27.050Z,2026-08-30T21:04:59.710Z,7232,2026-08-30T21:04:59.710Z,FS,Fort Smith,ba679216-ee2b-4344-afb9-134290faf502,SAMMS-FortSmith
202608302104539632,202608301904173498,202608301904170791,85,4567,Bronze INV,br_ReAssessmentTreatment,TASK_COMPLETE,SUCCESS,INFO,466,466,0,,2026-08-30T19:04:27.050Z,2026-08-30T21:04:59.710Z,7232,2026-08-30T21:04:59.710Z,FW,Fort Wayne,ba679216-ee2b-4344-afb9-134290faf502,SAMMS-FortWayne
202608302104539633,202608301904173499,202608301904170791,85,4568,Bronze INV,br_ReAssessmentTreatment,TASK_COMPLETE,SUCCESS,INFO,271,271,0,,2026-08-30T19:04:27.050Z,2026-08-30T21:04:59.710Z,7232,2026-08-30T21:04:59.710Z,GAL,Gaylord,ba679216-ee2b-4344-afb9-134290faf502,SAMMS-Gaylord
202608302104539635,202608301904173500,202608301904170791,85,4572,Bronze INV,br_ReAssessmentTreatment,TASK_COMPLETE,SUCCESS,INFO,99,99,0,,2026-08-30T19:04:27.050Z,2026-08-30T21:04:59.710Z,7232,2026-08-30T21:04:59.710Z,HGT,Hagerstown,ba679216-ee2b-4344-afb9-134290faf502,SAMMS-Hagerstown
202608302104539636,202608301904173501,202608301904170791,85,4573,Bronze INV,br_ReAssessmentTreatment,TASK_COMPLETE,SUCCESS,INFO,1717,1717,0,,2026-08-30T19:04:27.050Z,2026-08-30T21:04:59.710Z,7232,2026-08-30T21:04:59.710Z,HNT,Huntsville,ba679216-ee2b-4344-afb9-134290faf502,SAMMS-Huntsville
202608302104539637,202608301904173502,202608301904170791,85,4574,Bronze INV,br_ReAssessmentTreatment,TASK_COMPLETE,SUCCESS,INFO,0,0,0,,2026-08-30T19:04:27.050Z,2026-08-30T21:04:59.710Z,7232,2026-08-30T21:04:59.710Z,HS,Hot Springs,ba679216-ee2b-4344-afb9-134290faf502,SAMMS-HotSprings
202608302104539638,202608301904173503,202608301904170791,85,4575,Bronze INV,br_ReAssessmentTreatment,TASK_COMPLETE,SUCCESS,INFO,0,0,0,,2026-08-30T19:04:27.050Z,2026-08-30T21:04:59.710Z,7232,2026-08-30T21:04:59.710Z,JON,Jonesboro,ba679216-ee2b-4344-afb9-134290faf502,SAMMS-Jonesboro
202608302104539639,202608301904173504,202608301904170791,85,4577,Bronze INV,br_ReAssessmentTreatment,TASK_COMPLETE,SUCCESS,INFO,444,444,0,,2026-08-30T19:04:27.050Z,2026-08-30T21:04:59.710Z,7232,2026-08-30T21:04:59.710Z,LAN,Lansing,ba679216-ee2b-4344-afb9-134290faf502,SAMMS-Lansing
202608302104539640,202608301904173505,202608301904170791,85,4578,Bronze INV,br_ReAssessmentTreatment,TASK_COMPLETE,SUCCESS,INFO,1288,1288,0,,2026-08-30T19:04:27.050Z,2026-08-30T21:04:59.710Z,7232,2026-08-30T21:04:59.710Z,LO,Louisville,ba679216-ee2b-4344-afb9-134290faf502,SAMMS-Louisville
202608302104539641,202608301904173506,202608301904170791,85,4579,Bronze INV,br_ReAssessmentTreatment,TASK_COMPLETE,SUCCESS,INFO,291,291,0,,2026-08-30T19:04:27.050Z,2026-08-30T21:04:59.710Z,7232,2026-08-30T21:04:59.710Z,LV1,Cheyenne,ba679216-ee2b-4344-afb9-134290faf502,SAMMS-Cheyenne
202608302104539643,202608301904173507,202608301904170791,85,4580,Bronze INV,br_ReAssessmentTreatment,TASK_COMPLETE,SUCCESS,INFO,204,204,0,,2026-08-30T19:04:27.050Z,2026-08-30T21:04:59.710Z,7232,2026-08-30T21:04:59.710Z,LV2,Desert Inn,ba679216-ee2b-4344-afb9-134290faf502,SAMMS-DesertInn
202608302104539644,202608301904173508,202608301904170791,85,4581,Bronze INV,br_ReAssessmentTreatment,TASK_COMPLETE,SUCCESS,INFO,110,110,0,,2026-08-30T19:04:27.050Z,2026-08-30T21:04:59.710Z,7232,2026-08-30T21:04:59.710Z,LV3,McDaniel,ba679216-ee2b-4344-afb9-134290faf502,SAMMS-McDaniel
202608302104539645,202608301904173509,202608301904170791,85,4584,Bronze INV,br_ReAssessmentTreatment,TASK_COMPLETE,SUCCESS,INFO,356,356,0,,2026-08-30T19:04:27.050Z,2026-08-30T21:04:59.710Z,7232,2026-08-30T21:04:59.710Z,MNRE,Monroe,ba679216-ee2b-4344-afb9-134290faf502,SAMMS-Monroe
202608302104539646,202608301904173510,202608301904170791,85,4585,Bronze INV,br_ReAssessmentTreatment,TASK_COMPLETE,SUCCESS,INFO,1422,1422,0,,2026-08-30T19:04:27.050Z,2026-08-30T21:04:59.710Z,7232,2026-08-30T21:04:59.710Z,MP,Mt. Pleasant,ba679216-ee2b-4344-afb9-134290faf502,SAMMS-MtPleasant
202608302104539647,202608301904173511,202608301904170791,85,4586,Bronze INV,br_ReAssessmentTreatment,TASK_COMPLETE,SUCCESS,INFO,153,153,0,,2026-08-30T19:04:27.050Z,2026-08-30T21:04:59.710Z,7232,2026-08-30T21:04:59.710Z,MRD,Meridian,ba679216-ee2b-4344-afb9-134290faf502,SAMMS-Meridian
202608302104539648,202608301904173512,202608301904170791,85,4591,Bronze INV,br_ReAssessmentTreatment,TASK_COMPLETE,SUCCESS,INFO,691,691,0,,2026-08-30T19:04:27.050Z,2026-08-30T21:04:59.710Z,7232,2026-08-30T21:04:59.710Z,NC,North Charleston,ba679216-ee2b-4344-afb9-134290faf502,SAMMS-NorthCharleston
202608302104539649,202608301904173513,202608301904170791,85,4592,Bronze INV,br_ReAssessmentTreatment,TASK_COMPLETE,SUCCESS,INFO,0,0,0,,2026-08-30T19:04:27.050Z,2026-08-30T21:04:59.710Z,7232,2026-08-30T21:04:59.710Z,NLR,N. Little Rock,ba679216-ee2b-4344-afb9-134290faf502,SAMMS-NLROBOT
202608302104539650,202608301904173514,202608301904170791,85,4593,Bronze INV,br_ReAssessmentTreatment,TASK_COMPLETE,SUCCESS,INFO,112,112,0,,2026-08-30T19:04:27.050Z,2026-08-30T21:04:59.710Z,7232,2026-08-30T21:04:59.710Z,PH,Phoenix,ba679216-ee2b-4344-afb9-134290faf502,SAMMS-Phoenix
202608302104539652,202608301904173515,202608301904170791,85,4597,Bronze INV,br_ReAssessmentTreatment,TASK_COMPLETE,SUCCESS,INFO,212,212,0,,2026-08-30T19:04:27.050Z,2026-08-30T21:04:59.710Z,7232,2026-08-30T21:04:59.710Z,RE,Reno,ba679216-ee2b-4344-afb9-134290faf502,SAMMS-Reno
202608302104539653,202608301904173516,202608301904170791,85,4598,Bronze INV,br_ReAssessmentTreatment,TASK_COMPLETE,SUCCESS,INFO,87,87,0,,2026-08-30T19:04:27.050Z,2026-08-30T21:04:59.710Z,7232,2026-08-30T21:04:59.710Z,RMD,Richmond,ba679216-ee2b-4344-afb9-134290faf502,SAMMS-Richmond
202608302104539654,202608301904173517,202608301904170791,85,4599,Bronze INV,br_ReAssessmentTreatment,TASK_COMPLETE,SUCCESS,INFO,587,587,0,,2026-08-30T19:04:27.050Z,2026-08-30T21:04:59.710Z,7232,2026-08-30T21:04:59.710Z,SFN,Springfield North,ba679216-ee2b-4344-afb9-134290faf502,SAMMS-SFNv5
202608302104539655,202608301904173518,202608301904170791,85,4600,Bronze INV,br_ReAssessmentTreatment,TASK_COMPLETE,SUCCESS,INFO,762,762,0,,2026-08-30T19:04:27.050Z,2026-08-30T21:04:59.710Z,7232,2026-08-30T21:04:59.710Z,SHP,Shreveport,ba679216-ee2b-4344-afb9-134290faf502,SAMMS-Shreveport
202608302104539656,202608301904173519,202608301904170791,85,4602,Bronze INV,br_ReAssessmentTreatment,TASK_COMPLETE,SUCCESS,INFO,484,484,0,,2026-08-30T19:04:27.050Z,2026-08-30T21:04:59.710Z,7232,2026-08-30T21:04:59.710Z,STN,Staunton,ba679216-ee2b-4344-afb9-134290faf502,SAMMS-Staunton
202608302104539657,202608301904173520,202608301904170791,85,4603,Bronze INV,br_ReAssessmentTreatment,TASK_COMPLETE,SUCCESS,INFO,225,225,0,,2026-08-30T19:04:27.050Z,2026-08-30T21:04:59.710Z,7232,2026-08-30T21:04:59.710Z,STVN,Stevenson,ba679216-ee2b-4344-afb9-134290faf502,SAMMS-Stevenson
202608302104539658,202608301904173521,202608301904170791,85,4605,Bronze INV,br_ReAssessmentTreatment,TASK_COMPLETE,SUCCESS,INFO,174,174,0,,2026-08-30T19:04:27.050Z,2026-08-30T21:04:59.710Z,7232,2026-08-30T21:04:59.710Z,TE,Tempe,ba679216-ee2b-4344-afb9-134290faf502,SAMMS-Tempe
202608302104539660,202608301904173522,202608301904170791,85,4606,Bronze INV,br_ReAssessmentTreatment,TASK_COMPLETE,SUCCESS,INFO,0,0,0,,2026-08-30T19:04:27.050Z,2026-08-30T21:04:59.710Z,7232,2026-08-30T21:04:59.710Z,TEX,Texarkana,ba679216-ee2b-4344-afb9-134290faf502,SAMMS-Texarkana
202608302104539661,202608301904173523,202608301904170791,85,4607,Bronze INV,br_ReAssessmentTreatment,TASK_COMPLETE,SUCCESS,INFO,1057,1057,0,,2026-08-30T19:04:27.050Z,2026-08-30T21:04:59.710Z,7232,2026-08-30T21:04:59.710Z,TTCA,Bessemer,ba679216-ee2b-4344-afb9-134290faf502,SAMMS-BessemerV5
202608302104539662,202608301904173524,202608301904170791,85,4608,Bronze INV,br_ReAssessmentTreatment,TASK_COMPLETE,SUCCESS,INFO,1314,1314,0,,2026-08-30T19:04:27.050Z,2026-08-30T21:04:59.710Z,7232,2026-08-30T21:04:59.710Z,TTCB,Cullman,ba679216-ee2b-4344-afb9-134290faf502,SAMMS-CullmanV5
202608302104539663,202608301904173525,202608301904170791,85,4609,Bronze INV,br_ReAssessmentTreatment,TASK_COMPLETE,SUCCESS,INFO,931,931,0,,2026-08-30T19:04:27.050Z,2026-08-30T21:04:59.710Z,7232,2026-08-30T21:04:59.710Z,TTCC,Grand Bay,ba679216-ee2b-4344-afb9-134290faf502,SAMMS-GrandBay
202608302104539664,202608301904173526,202608301904170791,85,4610,Bronze INV,br_ReAssessmentTreatment,TASK_COMPLETE,SUCCESS,INFO,15,15,0,,2026-08-30T19:04:27.050Z,2026-08-30T21:04:59.710Z,7232,2026-08-30T21:04:59.710Z,TU,Tucson,ba679216-ee2b-4344-afb9-134290faf502,SAMMS-Tucson
202608302104539665,202608301904173527,202608301904170791,85,4612,Bronze INV,br_ReAssessmentTreatment,TASK_COMPLETE,SUCCESS,INFO,660,660,0,,2026-08-30T19:04:27.050Z,2026-08-30T21:04:59.710Z,7232,2026-08-30T21:04:59.710Z,V1,Memphis South,ba679216-ee2b-4344-afb9-134290faf502,SAMMS-VCPHCS-I-MemphisV5
202608302104539666,202608301904173528,202608301904170791,85,4613,Bronze INV,br_ReAssessmentTreatment,TASK_COMPLETE,SUCCESS,INFO,1626,1626,0,,2026-08-30T19:04:27.050Z,2026-08-30T21:04:59.710Z,7232,2026-08-30T21:04:59.710Z,V10,Longmont,ba679216-ee2b-4344-afb9-134290faf502,SAMMS-BoulderV5
202608302104539668,202608301904173529,202608301904170791,85,4614,Bronze INV,br_ReAssessmentTreatment,TASK_COMPLETE,SUCCESS,INFO,1508,1508,0,,2026-08-30T19:04:27.050Z,2026-08-30T21:04:59.710Z,7232,2026-08-30T21:04:59.710Z,V10A,Fort Collins,ba679216-ee2b-4344-afb9-134290faf502,SAMMS-FortCollinsV5
202608302104539669,202608301904173530,202608301904170791,85,4615,Bronze INV,br_ReAssessmentTreatment,TASK_COMPLETE,SUCCESS,INFO,2862,2862,0,,2026-08-30T19:04:27.050Z,2026-08-30T21:04:59.710Z,7232,2026-08-30T21:04:59.710Z,V11,Westminster,ba679216-ee2b-4344-afb9-134290faf502,SAMMS-VCPHCS-XI-NorthDenverV5
202608302104539670,202608301904173531,202608301904170791,85,4616,Bronze INV,br_ReAssessmentTreatment,TASK_COMPLETE,SUCCESS,INFO,2991,2991,0,,2026-08-30T19:04:27.050Z,2026-08-30T21:04:59.710Z,7232,2026-08-30T21:04:59.710Z,V12,Downtown Denver,ba679216-ee2b-4344-afb9-134290faf502,SAMMS-VCPHCS-XII-DowntownDenverV5
202608302104539674,202608301904173532,202608301904170791,85,4617,Bronze INV,br_ReAssessmentTreatment,TASK_COMPLETE,SUCCESS,INFO,1127,1127,0,,2026-08-30T19:04:27.050Z,2026-08-30T21:04:59.710Z,7232,2026-08-30T21:04:59.710Z,V12A,Centennial,ba679216-ee2b-4344-afb9-134290faf502,SAMMS-CentennialV5
202608302104539675,202608301904173533,202608301904170791,85,4618,Bronze INV,br_ReAssessmentTreatment,TASK_COMPLETE,SUCCESS,INFO,293,293,0,,2026-08-30T19:04:27.050Z,2026-08-30T21:04:59.710Z,7232,2026-08-30T21:04:59.710Z,V14,Overland Park,ba679216-ee2b-4344-afb9-134290faf502,SAMMS-VCPHCS-XIV-BridgewayV5
202608302104539676,202608301904173534,202608301904170791,85,4619,Bronze INV,br_ReAssessmentTreatment,TASK_COMPLETE,SUCCESS,INFO,608,608,0,,2026-08-30T19:04:27.050Z,2026-08-30T21:04:59.710Z,7232,2026-08-30T21:04:59.710Z,V15,Joplin,ba679216-ee2b-4344-afb9-134290faf502,SAMMS-JoplinV5
202608302104539677,202608301904173535,202608301904170791,85,4621,Bronze INV,br_ReAssessmentTreatment,TASK_COMPLETE,SUCCESS,INFO,902,902,0,,2026-08-30T19:04:27.050Z,2026-08-30T21:04:59.710Z,7232,2026-08-30T21:04:59.710Z,V17,Columbia TN,ba679216-ee2b-4344-afb9-134290faf502,SAMMS-ColumbiaTNv5
202608302104539678,202608301904173536,202608301904170791,85,4623,Bronze INV,br_ReAssessmentTreatment,TASK_COMPLETE,SUCCESS,INFO,527,527,0,,2026-08-30T19:04:27.050Z,2026-08-30T21:04:59.710Z,7232,2026-08-30T21:04:59.710Z,V19,Jackson,ba679216-ee2b-4344-afb9-134290faf502,SAMMS-JacksonV5
202608302104539680,202608301904173537,202608301904170791,85,4625,Bronze INV,br_ReAssessmentTreatment,TASK_COMPLETE,SUCCESS,INFO,1683,1683,0,,2026-08-30T19:04:27.050Z,2026-08-30T21:04:59.710Z,7232,2026-08-30T21:04:59.710Z,V20,Paris,ba679216-ee2b-4344-afb9-134290faf502,SAMMS-ParisV5
202608302104539681,202608301904173538,202608301904170791,85,4626,Bronze INV,br_ReAssessmentTreatment,TASK_COMPLETE,SUCCESS,INFO,723,723,0,,2026-08-30T19:04:27.050Z,2026-08-30T21:04:59.710Z,7232,2026-08-30T21:04:59.710Z,V21,Memphis North,ba679216-ee2b-4344-afb9-134290faf502,SAMMS-RaleighV5
202608302104539682,202608301904173539,202608301904170791,85,4629,Bronze INV,br_ReAssessmentTreatment,TASK_COMPLETE,SUCCESS,INFO,1765,1765,0,,2026-08-30T19:04:27.050Z,2026-08-30T21:04:59.710Z,7232,2026-08-30T21:04:59.710Z,V5,West Bank,ba679216-ee2b-4344-afb9-134290faf502,SAMMS-NONTCv5
202608302104539683,202608301904173540,202608301904170791,85,4631,Bronze INV,br_ReAssessmentTreatment,TASK_COMPLETE,SUCCESS,INFO,145,145,0,,2026-08-30T19:04:27.050Z,2026-08-30T21:04:59.710Z,7232,2026-08-30T21:04:59.710Z,V5B,Houma,ba679216-ee2b-4344-afb9-134290faf502,SAMMS-HoumaV6
202608302104539684,202608301904173541,202608301904170791,85,4632,Bronze INV,br_ReAssessmentTreatment,TASK_COMPLETE,SUCCESS,INFO,1905,1905,0,,2026-08-30T19:04:27.050Z,2026-08-30T21:04:59.710Z,7232,2026-08-30T21:04:59.710Z,V6,Lake Charles,ba679216-ee2b-4344-afb9-134290faf502,SAMMS-LCv5
202608302104539685,202608301904173542,202608301904170791,85,4634,Bronze INV,br_ReAssessmentTreatment,TASK_COMPLETE,SUCCESS,INFO,738,738,0,,2026-08-30T19:04:27.050Z,2026-08-30T21:04:59.710Z,7232,2026-08-30T21:04:59.710Z,V8,Memphis Midtown,ba679216-ee2b-4344-afb9-134290faf502,SAMMS-VCPHCS-VIII-MemphisV5
202608302104539686,202608301904173543,202608301904170791,85,4635,Bronze INV,br_ReAssessmentTreatment,TASK_COMPLETE,SUCCESS,INFO,1761,1761,0,,2026-08-30T19:04:27.050Z,2026-08-30T21:04:59.710Z,7232,2026-08-30T21:04:59.710Z,V9,Nashville,ba679216-ee2b-4344-afb9-134290faf502,SAMMS-NashvilleV5
202608302104539687,202608301904173544,202608301904170791,85,4636,Bronze INV,br_ReAssessmentTreatment,TASK_COMPLETE,SUCCESS,INFO,838,838,0,,2026-08-30T19:04:27.050Z,2026-08-30T21:04:59.710Z,7232,2026-08-30T21:04:59.710Z,VBRA,Brainerd,ba679216-ee2b-4344-afb9-134290faf502,SAMMS-BrainerdV6
202608302104539689,202608301904173545,202608301904170791,85,4637,Bronze INV,br_ReAssessmentTreatment,TASK_COMPLETE,SUCCESS,INFO,1952,1952,0,,2026-08-30T19:04:27.050Z,2026-08-30T21:04:59.710Z,7232,2026-08-30T21:04:59.710Z,VBRP,Brooklyn Park,ba679216-ee2b-4344-afb9-134290faf502,SAMMS-BrooklynParkV6
202608302104539690,202608301904173546,202608301904170791,85,4639,Bronze INV,br_ReAssessmentTreatment,TASK_COMPLETE,SUCCESS,INFO,740,740,0,,2026-08-30T19:04:27.050Z,2026-08-30T21:04:59.710Z,7232,2026-08-30T21:04:59.710Z,VMIN,Minneapolis,ba679216-ee2b-4344-afb9-134290faf502,SAMMS-MinneapolisV6
202608302104539691,202608301904173547,202608301904170791,85,4640,Bronze INV,br_ReAssessmentTreatment,TASK_COMPLETE,SUCCESS,INFO,873,873,0,,2026-08-30T19:04:27.050Z,2026-08-30T21:04:59.710Z,7232,2026-08-30T21:04:59.710Z,VWBY,Woodbury,ba679216-ee2b-4344-afb9-134290faf502,SAMMS-WoodburyV6
202608302104539692,202608301904173548,202608301904170791,85,4642,Bronze INV,br_ReAssessmentTreatment,TASK_COMPLETE,SUCCESS,INFO,161,161,0,,2026-08-30T19:04:27.050Z,2026-08-30T21:04:59.710Z,7232,2026-08-30T21:04:59.710Z,WIL,Wilson,ba679216-ee2b-4344-afb9-134290faf502,SAMMS-Wilson
202608281038299421,202608281038299421,20260827092137,126,13680,Bronze Overdue Courses,br_learningreports_overdue,TASK_FAILED,FAILED,ERROR,0,0,1,File ''Overdue%20Courses.xlsx?d=we73772e6b24a436998dd6d9c9d70039d&csf=1&web=1&e=Z0BH7f&xsdata=MDV8MDJ8fDg5YTU2MmFhZDNjNDQ2OTkyNjc5MDhkZWZlMDgzNDIyfDY0NzExOWI5MjEyMDQ1M2RhYjI3ZTAyODg0YzE1YTFifDB8MHw2MzkyMjc1MDgzMjEwMzU4OTd8VW5rbm93bnxWR1ZoYlhOVFpXTjFjbWwwZVZObGNuWnBZMlY4ZXlKRFFTSTZJbFJsWVcxelgwRlVVRk5sY25acFkyVmZVMUJQVEU5R0lpd2lWaUk2SWpBdU1DNHdNREF3SWl3aVVDSTZJbGRwYmpNeUlpd2lRVTRpT2lKUGRHaGxjaUlzSWxkVUlqb3hNWDA9fDF8TDJOb1lYUnpMekU1T2paaE5XVmxaREV6TFRNNU5qVXRORGcyWlMwNFpETTRMVEF3TW1FM09HVmxObU0xWkY5ak5tSm1aV0psWlMxaVl6bGhMVFJqTkdRdE9EQmlaUzAxWW1Rek9ETTJaRFF6WlRCQWRXNXhMbWRpYkM1emNHRmpaWE12YldWemMyRm5aWE12TVRjNE56RTFOREF6TVRBNU5nPT18MjQ3YjRlNjc4OGU5NGFlMmE1YWQwOGRlZmUwODM0MjF8N2ZmNzRmMGEwMzUwNDUwYjg3MWE5OTgwZWM2ZTU3OWE%3D&sdata=MUxRamVMRSswK1EzdmFkc2tSRXJhaXYzM2VHOFR2MTdwTEx4dUo1R3pNYz0%3D&ovuser=647119b9-2120-453d-ab27-e02884c15a1b%2CChetan.s%40seanergy.ai&TeamsCID=7d657574-0d88-4746-afe2-ac5929726490&OR=Teams-HL&CT=1787810594702&clickparams=eyJBcHBOYW1lIjoiVGVhbXMtRGVza3RvcCIsIkFwcFZlcn,2026-08-28T10:38:29.942Z,2026-08-28T10:38:45.051Z,15,2026-08-28T10:38:45.051Z,,,54aa582f-2f43-4019-9729-3a01b4577fa8,
202609030656274184,202609030656274184,20260903065411,141,13753,Active Employees 90d Report,activeemployees90d,TASK_FAILED,FAILED,ERROR,0,0,1,"An error occurred while calling o10286.count. : org.apache.spark.SparkException: Job aborted due to stage failure: Task 0 in stage 326.0 failed 4 times, most recent failure: Lost task 0.3 in stage 326.0 (TID 2019) (vm-44617423 executor 2): org.apache.spark.SparkUpgradeException: [INCONSISTENT_BEHAVIOR_CROSS_VERSION.READ_ANCIENT_DATETIME] You may get a different result due to the upgrading to Spark >= 3.0: reading dates before 1582-10-15 or timestamps before 1900-01-01T00:00:00Z from Parquet files can be ambiguous, as the files may be written by Spark 2.x or legacy versions of Hive, which uses a legacy hybrid calendar that is different from Spark 3.0+''s Proleptic Gregorian calendar. See more details in SPARK-31404. You can set the SQL config \"spark.sql.parquet.datetimeRebaseModeInRead\" or the datasource option \"datetimeRebaseMode\" to \"LEGACY\" to rebase the datetime values w.r.t. the calendar difference during reading. To read the datetime values as it is, set the SQL config or the data",2026-09-03T06:56:27.418Z,2026-09-03T06:56:44.154Z,16,2026-09-03T06:56:44.154Z,,,e509dc85-8900-4f7a-939b-cd9669a98c45,
202609030659288583,202609030659288584,20260903065928,131,13688,Readmission Table Silver,sl_vwReadmissions,TASK_FAILED,FAILED,ERROR,0,0,1,"Pipeline Execution Failed on 2 task(s): Task 'Active Employees 90d Report' (TaskConfigId: 13753) failed: An error occurred while calling o10286.count. : org.apache.spark.SparkException: Job aborted due to stage failure: Task 0 in stage 326.0 failed 4 times, most recent failure: Lost task 0.3 in stage 326.0 (TID 2019) (vm-44617423 executor 2): org.apache.spark.SparkUpgradeException: [INCONSISTENT_BEHAVIOR_CROSS_VERSION.READ_ANCIENT_DATETIME] You may get a different result due to the upgrading to Spark >= 3.0: reading dates before 1582-10-15 or timestamps before 1900-01-01T00:00:00Z from Parquet files can be ambiguous, as the files may be written by Spark 2.x or legacy versions of Hive, which uses a legacy hybrid calendar that is different from Spark 3.0+''s Proleptic Gregorian calendar. See more details in SPARK-31404. You can set the SQL config \"spark.sql.parquet.datetimeRebaseModeInRead\" or the datasource option \"datetimeRebaseMode\" to \"LEGACY\" to rebase the datetime values w.r.t. the",2026-09-03T06:59:28.858Z,2026-09-03T06:59:28.858Z,0,2026-09-03T06:59:28.858Z,,,e509dc85-8900-4f7a-939b-cd9669a98c45,
202608302104538190,202608301904172274,202608301904170791,85,765,Bronze INV,br_AdmissionAssessmentDimensionFour,TASK_COMPLETE,SUCCESS,INFO,699,699,0,,2026-08-30T19:04:27.050Z,2026-08-30T21:04:59.710Z,7232,2026-08-30T21:04:59.710Z,V5,West Bank,ba679216-ee2b-4344-afb9-134290faf502,SAMMS-NONTCv5
202608302104538191,202608301904172275,202608301904170791,85,767,Bronze INV,br_AdmissionAssessmentDimensionFour,TASK_COMPLETE,SUCCESS,INFO,253,253,0,,2026-08-30T19:04:27.050Z,2026-08-30T21:04:59.710Z,7232,2026-08-30T21:04:59.710Z,V5B,Houma,ba679216-ee2b-4344-afb9-134290faf502,SAMMS-HoumaV6
202608302104538192,202608301904172276,202608301904170791,85,768,Bronze INV,br_AdmissionAssessmentDimensionFour,TASK_COMPLETE,SUCCESS,INFO,953,953,0,,2026-08-30T19:04:27.050Z,2026-08-30T21:04:59.710Z,7232,2026-08-30T21:04:59.710Z,V6,Lake Charles,ba679216-ee2b-4344-afb9-134290faf502,SAMMS-LCv5
202608302104538193,202608301904172277,202608301904170791,85,770,Bronze INV,br_AdmissionAssessmentDimensionFour,TASK_COMPLETE,SUCCESS,INFO,562,562,0,,2026-08-30T19:04:27.050Z,2026-08-30T21:04:59.710Z,7232,2026-08-30T21:04:59.710Z,V8,Memphis Midtown,ba679216-ee2b-4344-afb9-134290faf502,SAMMS-VCPHCS-VIII-MemphisV5
202608302104538194,202608301904172278,202608301904170791,85,771,Bronze INV,br_AdmissionAssessmentDimensionFour,TASK_COMPLETE,SUCCESS,INFO,1572,1572,0,,2026-08-30T19:04:27.050Z,2026-08-30T21:04:59.710Z,7232,2026-08-30T21:04:59.710Z,V9,Nashville,ba679216-ee2b-4344-afb9-134290faf502,SAMMS-NashvilleV5
202608302104538195,202608301904172279,202608301904170791,85,772,Bronze INV,br_AdmissionAssessmentDimensionFour,TASK_COMPLETE,SUCCESS,INFO,330,330,0,,2026-08-30T19:04:27.050Z,2026-08-30T21:04:59.710Z,7232,2026-08-30T21:04:59.710Z,VBRA,Brainerd,ba679216-ee2b-4344-afb9-134290faf502,SAMMS-BrainerdV6
202608302104538196,202608301904172280,202608301904170791,85,773,Bronze INV,br_AdmissionAssessmentDimensionFour,TASK_COMPLETE,SUCCESS,INFO,591,591,0,,2026-08-30T19:04:27.050Z,2026-08-30T21:04:59.710Z,7232,2026-08-30T21:04:59.710Z,VBRP,Brooklyn Park,ba679216-ee2b-4344-afb9-134290faf502,SAMMS-BrooklynParkV6
202608302104538198,202608301904172281,202608301904170791,85,775,Bronze INV,br_AdmissionAssessmentDimensionFour,TASK_COMPLETE,SUCCESS,INFO,571,571,0,,2026-08-30T19:04:27.050Z,2026-08-30T21:04:59.710Z,7232,2026-08-30T21:04:59.710Z,VMIN,Minneapolis,ba679216-ee2b-4344-afb9-134290faf502,SAMMS-MinneapolisV6
202608302104538199,202608301904172282,202608301904170791,85,776,Bronze INV,br_AdmissionAssessmentDimensionFour,TASK_COMPLETE,SUCCESS,INFO,1059,1059,0,,2026-08-30T19:04:27.050Z,2026-08-30T21:04:59.710Z,7232,2026-08-30T21:04:59.710Z,VWBY,Woodbury,ba679216-ee2b-4344-afb9-134290faf502,SAMMS-WoodburyV6
202608302104538200,202608301904172283,202608301904170791,85,778,Bronze INV,br_AdmissionAssessmentDimensionFour,TASK_COMPLETE,SUCCESS,INFO,431,431,0,,2026-08-30T19:04:27.050Z,2026-08-30T21:04:59.710Z,7232,2026-08-30T21:04:59.710Z,WIL,Wilson,ba679216-ee2b-4344-afb9-134290faf502,SAMMS-Wilson
202608302104538201,202608301904172284,202608301904170791,85,414,Bronze INV,br_AdmissionAssessmentDimensionFiveSubstanceUse,TASK_COMPLETE,SUCCESS,INFO,97,97,0,,2026-08-30T19:04:27.050Z,2026-08-30T21:04:59.710Z,7232,2026-08-30T21:04:59.710Z,AHK,Ahoskie,ba679216-ee2b-4344-afb9-134290faf502,SAMMS-Ahoskie
202608302104538202,202608301904172285,202608301904170791,85,415,Bronze INV,br_AdmissionAssessmentDimensionFiveSubstanceUse,TASK_COMPLETE,SUCCESS,INFO,791,791,0,,2026-08-30T19:04:27.050Z,2026-08-30T21:04:59.710Z,7232,2026-08-30T21:04:59.710Z,B12B,Colorado Springs,ba679216-ee2b-4344-afb9-134290faf502,SAMMS-ColoradoSpringsV5
202608302104538203,202608301904172286,202608301904170791,85,416,Bronze INV,br_AdmissionAssessmentDimensionFiveSubstanceUse,TASK_COMPLETE,SUCCESS,INFO,412,412,0,,2026-08-30T19:04:27.050Z,2026-08-30T21:04:59.710Z,7232,2026-08-30T21:04:59.710Z,B24,Paintsville,ba679216-ee2b-4344-afb9-134290faf502,SAMMS-PaintsvilleV5
202608302104538204,202608301904172287,202608301904170791,85,417,Bronze INV,br_AdmissionAssessmentDimensionFiveSubstanceUse,TASK_COMPLETE,SUCCESS,INFO,171,171,0,,2026-08-30T19:04:27.050Z,2026-08-30T21:04:59.710Z,7232,2026-08-30T21:04:59.710Z,B25,Pikeville,ba679216-ee2b-4344-afb9-134290faf502,SAMMS-PikevilleV5
202608302104538206,202608301904172288,202608301904170791,85,418,Bronze INV,br_AdmissionAssessmentDimensionFiveSubstanceUse,TASK_COMPLETE,SUCCESS,INFO,493,493,0,,2026-08-30T19:04:27.050Z,2026-08-30T21:04:59.710Z,7232,2026-08-30T21:04:59.710Z,B26,Hazard,ba679216-ee2b-4344-afb9-134290faf502,SAMMS-HazardV5
202608302104538209,202608301904172289,202608301904170791,85,419,Bronze INV,br_AdmissionAssessmentDimensionFiveSubstanceUse,TASK_COMPLETE,SUCCESS,INFO,189,189,0,,2026-08-30T19:04:27.050Z,2026-08-30T21:04:59.710Z,7232,2026-08-30T21:04:59.710Z,B27,Savannah,ba679216-ee2b-4344-afb9-134290faf502,SAMMS-SavannahV6
202608302104538211,202608301904172290,202608301904170791,85,420,Bronze INV,br_AdmissionAssessmentDimensionFiveSubstanceUse,TASK_COMPLETE,SUCCESS,INFO,235,235,0,,2026-08-30T19:04:27.050Z,2026-08-30T21:04:59.710Z,7232,2026-08-30T21:04:59.710Z,B28,West Plains,ba679216-ee2b-4344-afb9-134290faf502,SAMMS-WestPlainesV5
202608302104538212,202608301904172291,202608301904170791,85,421,Bronze INV,br_AdmissionAssessmentDimensionFiveSubstanceUse,TASK_COMPLETE,SUCCESS,INFO,261,261,0,,2026-08-30T19:04:27.050Z,2026-08-30T21:04:59.710Z,7232,2026-08-30T21:04:59.710Z,B29,Poplar Bluff,ba679216-ee2b-4344-afb9-134290faf502,SAMMS-PoplarBluffV5
202608302104538213,202608301904172292,202608301904170791,85,422,Bronze INV,br_AdmissionAssessmentDimensionFiveSubstanceUse,TASK_COMPLETE,SUCCESS,INFO,139,139,0,,2026-08-30T19:04:27.050Z,2026-08-30T21:04:59.710Z,7232,2026-08-30T21:04:59.710Z,B30,KC North,ba679216-ee2b-4344-afb9-134290faf502,SAMMS-KCNv5
202608302104538214,202608301904172293,202608301904170791,85,423,Bronze INV,br_AdmissionAssessmentDimensionFiveSubstanceUse,TASK_COMPLETE,SUCCESS,INFO,338,338,0,,2026-08-30T19:04:27.050Z,2026-08-30T21:04:59.710Z,7232,2026-08-30T21:04:59.710Z,B31,Dyersburg,ba679216-ee2b-4344-afb9-134290faf502,SAMMS-DyersburgV5
202608302104538215,202608301904172294,202608301904170791,85,425,Bronze INV,br_AdmissionAssessmentDimensionFiveSubstanceUse,TASK_COMPLETE,SUCCESS,INFO,211,211,0,,2026-08-30T19:04:27.050Z,2026-08-30T21:04:59.710Z,7232,2026-08-30T21:04:59.710Z,B33,Paducah,ba679216-ee2b-4344-afb9-134290faf502,SAMMS-Paducah
202608302104538216,202608301904172295,202608301904170791,85,426,Bronze INV,br_AdmissionAssessmentDimensionFiveSubstanceUse,TASK_COMPLETE,SUCCESS,INFO,448,448,0,,2026-08-30T19:04:27.050Z,2026-08-30T21:04:59.710Z,7232,2026-08-30T21:04:59.710Z,B34,Corbin,ba679216-ee2b-4344-afb9-134290faf502,SAMMS-CorbinV5
202608302104538217,202608301904172296,202608301904170791,85,427,Bronze INV,br_AdmissionAssessmentDimensionFiveSubstanceUse,TASK_COMPLETE,SUCCESS,INFO,711,711,0,,2026-08-30T19:04:27.050Z,2026-08-30T21:04:59.710Z,7232,2026-08-30T21:04:59.710Z,B35,Lexington,ba679216-ee2b-4344-afb9-134290faf502,SAMMS-LexingtonV5
202608302104538219,202608301904172297,202608301904170791,85,428,Bronze INV,br_AdmissionAssessmentDimensionFiveSubstanceUse,TASK_COMPLETE,SUCCESS,INFO,347,347,0,,2026-08-30T19:04:27.050Z,2026-08-30T21:04:59.710Z,7232,2026-08-30T21:04:59.710Z,B35A,Berea,ba679216-ee2b-4344-afb9-134290faf502,SAMMS-BereaV5
202608302104538220,202608301904172298,202608301904170791,85,429,Bronze INV,br_AdmissionAssessmentDimensionFiveSubstanceUse,TASK_COMPLETE,SUCCESS,INFO,601,601,0,,2026-08-30T19:04:27.050Z,2026-08-30T21:04:59.710Z,7232,2026-08-30T21:04:59.710Z,B36,Asheville,ba679216-ee2b-4344-afb9-134290faf502,SAMMS-AshevilleV5
202608302104538221,202608301904172299,202608301904170791,85,430,Bronze INV,br_AdmissionAssessmentDimensionFiveSubstanceUse,TASK_COMPLETE,SUCCESS,INFO,446,446,0,,2026-08-30T19:04:27.050Z,2026-08-30T21:04:59.710Z,7232,2026-08-30T21:04:59.710Z,B37,Clyde,ba679216-ee2b-4344-afb9-134290faf502,SAMMS-ClydeV5
202608302104538222,202608301904172300,202608301904170791,85,431,Bronze INV,br_AdmissionAssessmentDimensionFiveSubstanceUse,TASK_COMPLETE,SUCCESS,INFO,634,634,0,,2026-08-30T19:04:27.050Z,2026-08-30T21:04:59.710Z,7232,2026-08-30T21:04:59.710Z,B38,Spartanburg,ba679216-ee2b-4344-afb9-134290faf502,SAMMS-SpartanburgV5
202608302104538224,202608301904172301,202608301904170791,85,432,Bronze INV,br_AdmissionAssessmentDimensionFiveSubstanceUse,TASK_COMPLETE,SUCCESS,INFO,478,478,0,,2026-08-30T19:04:27.050Z,2026-08-30T21:04:59.710Z,7232,2026-08-30T21:04:59.710Z,B39,Aiken,ba679216-ee2b-4344-afb9-134290faf502,SAMMS-AikenV5
202608302104538225,202608301904172302,202608301904170791,85,433,Bronze INV,br_AdmissionAssessmentDimensionFiveSubstanceUse,TASK_COMPLETE,SUCCESS,INFO,289,289,0,,2026-08-30T19:04:27.050Z,2026-08-30T21:04:59.710Z,7232,2026-08-30T21:04:59.710Z,B41,Chesapeake,ba679216-ee2b-4344-afb9-134290faf502,SAMMS-ChesapeakeV5
202608302104538226,202608301904172303,202608301904170791,85,434,Bronze INV,br_AdmissionAssessmentDimensionFiveSubstanceUse,TASK_COMPLETE,SUCCESS,INFO,534,534,0,,2026-08-30T19:04:27.050Z,2026-08-30T21:04:59.710Z,7232,2026-08-30T21:04:59.710Z,B42,Virginia Beach,ba679216-ee2b-4344-afb9-134290faf502,SAMMS-VirginiaBeachV5
202608302104538227,202608301904172304,202608301904170791,85,435,Bronze INV,br_AdmissionAssessmentDimensionFiveSubstanceUse,TASK_COMPLETE,SUCCESS,INFO,161,161,0,,2026-08-30T19:04:27.050Z,2026-08-30T21:04:59.710Z,7232,2026-08-30T21:04:59.710Z,B42A,Newport News,ba679216-ee2b-4344-afb9-134290faf502,SAMMS-NewportNewsV5
202608302104538228,202608301904172305,202608301904170791,85,436,Bronze INV,br_AdmissionAssessmentDimensionFiveSubstanceUse,TASK_COMPLETE,SUCCESS,INFO,54,54,0,,2026-08-30T19:04:27.050Z,2026-08-30T21:04:59.710Z,7232,2026-08-30T21:04:59.710Z,B42B,Franklin,ba679216-ee2b-4344-afb9-134290faf502,SAMMS-FranklinV5
202608302104538229,202608301904172306,202608301904170791,85,437,Bronze INV,br_AdmissionAssessmentDimensionFiveSubstanceUse,TASK_COMPLETE,SUCCESS,INFO,334,334,0,,2026-08-30T19:04:27.050Z,2026-08-30T21:04:59.710Z,7232,2026-08-30T21:04:59.710Z,B42C,Glen Allen,ba679216-ee2b-4344-afb9-134290faf502,SAMMS-GlenAllenV5
202608302104538230,202608301904172307,202608301904170791,85,438,Bronze INV,br_AdmissionAssessmentDimensionFiveSubstanceUse,TASK_COMPLETE,SUCCESS,INFO,166,166,0,,2026-08-30T19:04:27.050Z,2026-08-30T21:04:59.710Z,7232,2026-08-30T21:04:59.710Z,B42D,Chesapeake South,ba679216-ee2b-4344-afb9-134290faf502,SAMMS-ChesapeakeSouthV5
202608302104538232,202608301904172308,202608301904170791,85,439,Bronze INV,br_AdmissionAssessmentDimensionFiveSubstanceUse,TASK_COMPLETE,SUCCESS,INFO,208,208,0,,2026-08-30T19:04:27.050Z,2026-08-30T21:04:59.710Z,7232,2026-08-30T21:04:59.710Z,B44,Albany,ba679216-ee2b-4344-afb9-134290faf502,SAMMS-AlbanyV5
202608302104538233,202608301904172309,202608301904170791,85,440,Bronze INV,br_AdmissionAssessmentDimensionFiveSubstanceUse,TASK_COMPLETE,SUCCESS,INFO,306,306,0,,2026-08-30T19:04:27.050Z,2026-08-30T21:04:59.710Z,7232,2026-08-30T21:04:59.710Z,B45,Tifton,ba679216-ee2b-4344-afb9-134290faf502,SAMMS-TiftonV5
202608302104538234,202608301904172310,202608301904170791,85,441,Bronze INV,br_AdmissionAssessmentDimensionFiveSubstanceUse,TASK_COMPLETE,SUCCESS,INFO,661,661,0,,2026-08-30T19:04:27.050Z,2026-08-30T21:04:59.710Z,7232,2026-08-30T21:04:59.710Z,B46,Washington DC,ba679216-ee2b-4344-afb9-134290faf502,SAMMS-WashingtonDCv5
202608302104538235,202608301904172311,202608301904170791,85,442,Bronze INV,br_AdmissionAssessmentDimensionFiveSubstanceUse,TASK_COMPLETE,SUCCESS,INFO,354,354,0,,2026-08-30T19:04:27.050Z,2026-08-30T21:04:59.710Z,7232,2026-08-30T21:04:59.710Z,B47,Mobile,ba679216-ee2b-4344-afb9-134290faf502,SAMMS-MobileV5
202608302104538236,202608301904172312,202608301904170791,85,443,Bronze INV,br_AdmissionAssessmentDimensionFiveSubstanceUse,TASK_COMPLETE,SUCCESS,INFO,450,450,0,,2026-08-30T19:04:27.050Z,2026-08-30T21:04:59.710Z,7232,2026-08-30T21:04:59.710Z,B48,Tuscaloosa,ba679216-ee2b-4344-afb9-134290faf502,SAMMS-TuscaloosaV5
202608302104538237,202608301904172313,202608301904170791,85,452,Bronze INV,br_AdmissionAssessmentDimensionFiveSubstanceUse,TASK_COMPLETE,SUCCESS,INFO,312,312,0,,2026-08-30T19:04:27.050Z,2026-08-30T21:04:59.710Z,7232,2026-08-30T21:04:59.710Z,B51,N. Little Rock (OTP),ba679216-ee2b-4344-afb9-134290faf502,SAMMS-NorthLittleRockV6
202608302104538238,202608301904172314,202608301904170791,85,453,Bronze INV,br_AdmissionAssessmentDimensionFiveSubstanceUse,TASK_COMPLETE,SUCCESS,INFO,154,154,0,,2026-08-30T19:04:27.050Z,2026-08-30T21:04:59.710Z,7232,2026-08-30T21:04:59.710Z,B52,Jackson GA,ba679216-ee2b-4344-afb9-134290faf502,SAMMS-JacksonGAV5
202608302104538240,202608301904172315,202608301904170791,85,454,Bronze INV,br_AdmissionAssessmentDimensionFiveSubstanceUse,TASK_COMPLETE,SUCCESS,INFO,472,472,0,,2026-08-30T19:04:27.050Z,2026-08-30T21:04:59.710Z,7232,2026-08-30T21:04:59.710Z,B54,Gadsden,ba679216-ee2b-4344-afb9-134290faf502,SAMMS-GadsdenV5
202608302104538241,202608301904172316,202608301904170791,85,455,Bronze INV,br_AdmissionAssessmentDimensionFiveSubstanceUse,TASK_COMPLETE,SUCCESS,INFO,481,481,0,,2026-08-30T19:04:27.050Z,2026-08-30T21:04:59.710Z,7232,2026-08-30T21:04:59.710Z,B55,Shoals,ba679216-ee2b-4344-afb9-134290faf502,SAMMS-ShoalsV5
202608302104538242,202608301904172317,202608301904170791,85,456,Bronze INV,br_AdmissionAssessmentDimensionFiveSubstanceUse,TASK_COMPLETE,SUCCESS,INFO,170,170,0,,2026-08-30T19:04:27.050Z,2026-08-30T21:04:59.710Z,7232,2026-08-30T21:04:59.710Z,B57,Pawtucket,ba679216-ee2b-4344-afb9-134290faf502,SAMMS-Pawtucket
202608302104538243,202608301904172318,202608301904170791,85,457,Bronze INV,br_AdmissionAssessmentDimensionFiveSubstanceUse,TASK_COMPLETE,SUCCESS,INFO,167,167,0,,2026-08-30T19:04:27.050Z,2026-08-30T21:04:59.710Z,7232,2026-08-30T21:04:59.710Z,B57A,Johnston,ba679216-ee2b-4344-afb9-134290faf502,SAMMS-Johnston
202608302104538244,202608301904172319,202608301904170791,85,458,Bronze INV,br_AdmissionAssessmentDimensionFiveSubstanceUse,TASK_COMPLETE,SUCCESS,INFO,86,86,0,,2026-08-30T19:04:27.050Z,2026-08-30T21:04:59.710Z,7232,2026-08-30T21:04:59.710Z,B57B,Middletown,ba679216-ee2b-4344-afb9-134290faf502,SAMMS-Middletown
202608302104538245,202608301904172320,202608301904170791,85,459,Bronze INV,br_AdmissionAssessmentDimensionFiveSubstanceUse,TASK_COMPLETE,SUCCESS,INFO,175,175,0,,2026-08-30T19:04:27.050Z,2026-08-30T21:04:59.710Z,7232,2026-08-30T21:04:59.710Z,B57C,Providence,ba679216-ee2b-4344-afb9-134290faf502,SAMMS-Providence
202608302104538246,202608301904172321,202608301904170791,85,460,Bronze INV,br_AdmissionAssessmentDimensionFiveSubstanceUse,TASK_COMPLETE,SUCCESS,INFO,254,254,0,,2026-08-30T19:04:27.050Z,2026-08-30T21:04:59.710Z,7232,2026-08-30T21:04:59.710Z,B57D,Westerly,ba679216-ee2b-4344-afb9-134290faf502,SAMMS-Westerly
202608302104538247,202608301904172322,202608301904170791,85,464,Bronze INV,br_AdmissionAssessmentDimensionFiveSubstanceUse,TASK_COMPLETE,SUCCESS,INFO,364,364,0,,2026-08-30T19:04:27.050Z,2026-08-30T21:04:59.710Z,7232,2026-08-30T21:04:59.710Z,B66A,Bremen,ba679216-ee2b-4344-afb9-134290faf502,SAMMS-Bremen
202608302104538249,202608301904172323,202608301904170791,85,467,Bronze INV,br_AdmissionAssessmentDimensionFiveSubstanceUse,TASK_COMPLETE,SUCCESS,INFO,12,12,0,,2026-08-30T19:04:27.050Z,2026-08-30T21:04:59.710Z,7232,2026-08-30T21:04:59.710Z,B72,Mobile (OBOT),ba679216-ee2b-4344-afb9-134290faf502,SAMMS-Mobile-OBOT
202608302104538250,202608301904172324,202608301904170791,85,468,Bronze INV,br_AdmissionAssessmentDimensionFiveSubstanceUse,TASK_COMPLETE,SUCCESS,INFO,2,2,0,,2026-08-30T19:04:27.050Z,2026-08-30T21:04:59.710Z,7232,2026-08-30T21:04:59.710Z,B73,Montgomery,ba679216-ee2b-4344-afb9-134290faf502,SAMMS-Montgomery
202608302104538251,202608301904172325,202608301904170791,85,469,Bronze INV,br_AdmissionAssessmentDimensionFiveSubstanceUse,TASK_COMPLETE,SUCCESS,INFO,316,316,0,,2026-08-30T19:04:27.050Z,2026-08-30T21:04:59.710Z,7232,2026-08-30T21:04:59.710Z,B75,Lawrence,ba679216-ee2b-4344-afb9-134290faf502,SAMMS-LawrenceV6
202608302104538252,202608301904172326,202608301904170791,85,470,Bronze INV,br_AdmissionAssessmentDimensionFiveSubstanceUse,TASK_COMPLETE,SUCCESS,INFO,49,49,0,,2026-08-30T19:04:27.050Z,2026-08-30T21:04:59.710Z,7232,2026-08-30T21:04:59.710Z,B76,Huntsville OBOT,ba679216-ee2b-4344-afb9-134290faf502,SAMMS-Huntsville-OBOT
202608302104538253,202608301904172327,202608301904170791,85,471,Bronze INV,br_AdmissionAssessmentDimensionFiveSubstanceUse,TASK_COMPLETE,SUCCESS,INFO,301,301,0,,2026-08-30T19:04:27.050Z,2026-08-30T21:04:59.710Z,7232,2026-08-30T21:04:59.710Z,BAT,Batesville,ba679216-ee2b-4344-afb9-134290faf502,SAMMS-Batesville
202608302104538254,202608301904172328,202608301904170791,85,472,Bronze INV,br_AdmissionAssessmentDimensionFiveSubstanceUse,TASK_COMPLETE,SUCCESS,INFO,238,238,0,,2026-08-30T19:04:27.050Z,2026-08-30T21:04:59.710Z,7232,2026-08-30T21:04:59.710Z,BG,Bowling Green,ba679216-ee2b-4344-afb9-134290faf502,SAMMS-BowlingGreen
202608302104538255,202608301904172329,202608301904170791,85,473,Bronze INV,br_AdmissionAssessmentDimensionFiveSubstanceUse,TASK_COMPLETE,SUCCESS,INFO,216,216,0,,2026-08-30T19:04:27.050Z,2026-08-30T21:04:59.710Z,7232,2026-08-30T21:04:59.710Z,BOI,Boise,ba679216-ee2b-4344-afb9-134290faf502,SAMMS-Boise
202608302104538257,202608301904172330,202608301904170791,85,480,Bronze INV,br_AdmissionAssessmentDimensionFiveSubstanceUse,TASK_COMPLETE,SUCCESS,INFO,283,283,0,,2026-08-30T19:04:27.050Z,2026-08-30T21:04:59.710Z,7232,2026-08-30T21:04:59.710Z,CBCO,Coeur dAlene,ba679216-ee2b-4344-afb9-134290faf502,SAMMS-CoeurdAleneV6
202608302104538258,202608301904172331,202608301904170791,85,499,Bronze INV,br_AdmissionAssessmentDimensionFiveSubstanceUse,TASK_COMPLETE,SUCCESS,INFO,303,303,0,,2026-08-30T19:04:27.050Z,2026-08-30T21:04:59.710Z,7232,2026-08-30T21:04:59.710Z,CON,Conway,ba679216-ee2b-4344-afb9-134290faf502,SAMMS-Conway
202608302104538259,202608301904172332,202608301904170791,85,500,Bronze INV,br_AdmissionAssessmentDimensionFiveSubstanceUse,TASK_COMPLETE,SUCCESS,INFO,1543,1543,0,,2026-08-30T19:04:27.050Z,2026-08-30T21:04:59.710Z,7232,2026-08-30T21:04:59.710Z,D07,Medical Services Knox TN,ba679216-ee2b-4344-afb9-134290faf502,SAMMS-KnoxvilleV6
202608302104538260,202608301904172333,202608301904170791,85,501,Bronze INV,br_AdmissionAssessmentDimensionFiveSubstanceUse,TASK_COMPLETE,SUCCESS,INFO,953,953,0,,2026-08-30T19:04:27.050Z,2026-08-30T21:04:59.710Z,7232,2026-08-30T21:04:59.710Z,D08,Madison,ba679216-ee2b-4344-afb9-134290faf502,SAMMS-MadisonV6
202608302104538261,202608301904172334,202608301904170791,85,503,Bronze INV,br_AdmissionAssessmentDimensionFiveSubstanceUse,TASK_COMPLETE,SUCCESS,INFO,932,932,0,,2026-08-30T19:04:27.050Z,2026-08-30T21:04:59.710Z,7232,2026-08-30T21:04:59.710Z,D09,Murfreesboro,ba679216-ee2b-4344-afb9-134290faf502,SAMMS-MurfreesboroV6
202608302104538262,202608301904172335,202608301904170791,85,504,Bronze INV,br_AdmissionAssessmentDimensionFiveSubstanceUse,TASK_COMPLETE,SUCCESS,INFO,219,219,0,,2026-08-30T19:04:27.050Z,2026-08-30T21:04:59.710Z,7232,2026-08-30T21:04:59.710Z,DA,Davenport,ba679216-ee2b-4344-afb9-134290faf502,SAMMS-Davenport
202608302104538263,202608301904172336,202608301904170791,85,505,Bronze INV,br_AdmissionAssessmentDimensionFiveSubstanceUse,TASK_COMPLETE,SUCCESS,INFO,353,353,0,,2026-08-30T19:04:27.050Z,2026-08-30T21:04:59.710Z,7232,2026-08-30T21:04:59.710Z,DM,Des Moines,ba679216-ee2b-4344-afb9-134290faf502,SAMMS-DesMoines
202608302104538265,202608301904172337,202608301904170791,85,507,Bronze INV,br_AdmissionAssessmentDimensionFiveSubstanceUse,TASK_COMPLETE,SUCCESS,INFO,474,474,0,,2026-08-30T19:04:27.050Z,2026-08-30T21:04:59.710Z,7232,2026-08-30T21:04:59.710Z,DRD-CO,Columbia MO,ba679216-ee2b-4344-afb9-134290faf502,SAMMS-ColumbiaV5
202608302104538266,202608301904172338,202608301904170791,85,508,Bronze INV,br_AdmissionAssessmentDimensionFiveSubstanceUse,TASK_COMPLETE,SUCCESS,INFO,590,590,0,,2026-08-30T19:04:27.050Z,2026-08-30T21:04:59.710Z,7232,2026-08-30T21:04:59.710Z,DRD-KC,KC,ba679216-ee2b-4344-afb9-134290faf502,SAMMS-KCv5
202608302104538267,202608301904172339,202608301904170791,85,509,Bronze INV,br_AdmissionAssessmentDimensionFiveSubstanceUse,TASK_COMPLETE,SUCCESS,INFO,947,947,0,,2026-08-30T19:04:27.050Z,2026-08-30T21:04:59.710Z,7232,2026-08-30T21:04:59.710Z,DRD-KVB,KVB,ba679216-ee2b-4344-afb9-134290faf502,SAMMS-KVBv5
202608302104538268,202608301904172340,202608301904170791,85,510,Bronze INV,br_AdmissionAssessmentDimensionFiveSubstanceUse,TASK_COMPLETE,SUCCESS,INFO,1572,1572,0,,2026-08-30T19:04:27.050Z,2026-08-30T21:04:59.710Z,7232,2026-08-30T21:04:59.710Z,DRD-KVC,KVC,ba679216-ee2b-4344-afb9-134290faf502,SAMMS-KVCv5
202608302104538269,202608301904172341,202608301904170791,85,511,Bronze INV,br_AdmissionAssessmentDimensionFiveSubstanceUse,TASK_COMPLETE,SUCCESS,INFO,1255,1255,0,,2026-08-30T19:04:27.050Z,2026-08-30T21:04:59.710Z,7232,2026-08-30T21:04:59.710Z,DRD-NOLA,NOLA,ba679216-ee2b-4344-afb9-134290faf502,SAMMS-NOLAv5
202608302104538270,202608301904172342,202608301904170791,85,512,Bronze INV,br_AdmissionAssessmentDimensionFiveSubstanceUse,TASK_COMPLETE,SUCCESS,INFO,740,740,0,,2026-08-30T19:04:27.050Z,2026-08-30T21:04:59.710Z,7232,2026-08-30T21:04:59.710Z,DRD-SF,Springfield,ba679216-ee2b-4344-afb9-134290faf502,SAMMS-SFv5
202608302104538271,202608301904172343,202608301904170791,85,514,Bronze INV,br_AdmissionAssessmentDimensionFiveSubstanceUse,TASK_COMPLETE,SUCCESS,INFO,248,248,0,,2026-08-30T19:04:27.050Z,2026-08-30T21:04:59.710Z,7232,2026-08-30T21:04:59.710Z,ELC,Elizabeth City,ba679216-ee2b-4344-afb9-134290faf502,SAMMS-ElizabethCity
202608302104538273,202608301904172344,202608301904170791,85,515,Bronze INV,br_AdmissionAssessmentDimensionFiveSubstanceUse,TASK_COMPLETE,SUCCESS,INFO,260,260,0,,2026-08-30T19:04:27.050Z,2026-08-30T21:04:59.710Z,7232,2026-08-30T21:04:59.710Z,ET,Elizabethtown,ba679216-ee2b-4344-afb9-134290faf502,SAMMS-Elizabethtown
202608302104538274,202608301904172345,202608301904170791,85,516,Bronze INV,br_AdmissionAssessmentDimensionFiveSubstanceUse,TASK_COMPLETE,SUCCESS,INFO,228,228,0,,2026-08-30T19:04:27.050Z,2026-08-30T21:04:59.710Z,7232,2026-08-30T21:04:59.710Z,FAY,Fayetteville,ba679216-ee2b-4344-afb9-134290faf502,SAMMS-Fayetteville
202608302104538275,202608301904172346,202608301904170791,85,517,Bronze INV,br_AdmissionAssessmentDimensionFiveSubstanceUse,TASK_COMPLETE,SUCCESS,INFO,180,180,0,,2026-08-30T19:04:27.050Z,2026-08-30T21:04:59.710Z,7232,2026-08-30T21:04:59.710Z,FR,Frankfort,ba679216-ee2b-4344-afb9-134290faf502,SAMMS-Frankfort
202608302104538276,202608301904172347,202608301904170791,85,518,Bronze INV,br_AdmissionAssessmentDimensionFiveSubstanceUse,TASK_COMPLETE,SUCCESS,INFO,281,281,0,,2026-08-30T19:04:27.050Z,2026-08-30T21:04:59.710Z,7232,2026-08-30T21:04:59.710Z,FS,Fort Smith,ba679216-ee2b-4344-afb9-134290faf502,SAMMS-FortSmith
202608302104538277,202608301904172348,202608301904170791,85,519,Bronze INV,br_AdmissionAssessmentDimensionFiveSubstanceUse,TASK_COMPLETE,SUCCESS,INFO,681,681,0,,2026-08-30T19:04:27.050Z,2026-08-30T21:04:59.710Z,7232,2026-08-30T21:04:59.710Z,FW,Fort Wayne,ba679216-ee2b-4344-afb9-134290faf502,SAMMS-FortWayne
202608302104538278,202608301904172349,202608301904170791,85,520,Bronze INV,br_AdmissionAssessmentDimensionFiveSubstanceUse,TASK_COMPLETE,SUCCESS,INFO,103,103,0,,2026-08-30T19:04:27.050Z,2026-08-30T21:04:59.710Z,7232,2026-08-30T21:04:59.710Z,GAL,Gaylord,ba679216-ee2b-4344-afb9-134290faf502,SAMMS-Gaylord
202608302104538279,202608301904172350,202608301904170791,85,524,Bronze INV,br_AdmissionAssessmentDimensionFiveSubstanceUse,TASK_COMPLETE,SUCCESS,INFO,616,616,0,,2026-08-30T19:04:27.050Z,2026-08-30T21:04:59.710Z,7232,2026-08-30T21:04:59.710Z,HGT,Hagerstown,ba679216-ee2b-4344-afb9-134290faf502,SAMMS-Hagerstown
202608302104538280,202608301904172351,202608301904170791,85,525,Bronze INV,br_AdmissionAssessmentDimensionFiveSubstanceUse,TASK_COMPLETE,SUCCESS,INFO,468,468,0,,2026-08-30T19:04:27.050Z,2026-08-30T21:04:59.710Z,7232,2026-08-30T21:04:59.710Z,HNT,Huntsville,ba679216-ee2b-4344-afb9-134290faf502,SAMMS-Huntsville
202608302104538282,202608301904172352,202608301904170791,85,526,Bronze INV,br_AdmissionAssessmentDimensionFiveSubstanceUse,TASK_COMPLETE,SUCCESS,INFO,305,305,0,,2026-08-30T19:04:27.050Z,2026-08-30T21:04:59.710Z,7232,2026-08-30T21:04:59.710Z,HS,Hot Springs,ba679216-ee2b-4344-afb9-134290faf502,SAMMS-HotSprings
202608302104538283,202608301904172353,202608301904170791,85,527,Bronze INV,br_AdmissionAssessmentDimensionFiveSubstanceUse,TASK_COMPLETE,SUCCESS,INFO,267,267,0,,2026-08-30T19:04:27.050Z,2026-08-30T21:04:59.710Z,7232,2026-08-30T21:04:59.710Z,JON,Jonesboro,ba679216-ee2b-4344-afb9-134290faf502,SAMMS-Jonesboro
202608302104538284,202608301904172354,202608301904170791,85,529,Bronze INV,br_AdmissionAssessmentDimensionFiveSubstanceUse,TASK_COMPLETE,SUCCESS,INFO,152,152,0,,2026-08-30T19:04:27.050Z,2026-08-30T21:04:59.710Z,7232,2026-08-30T21:04:59.710Z,LAN,Lansing,ba679216-ee2b-4344-afb9-134290faf502,SAMMS-Lansing
202608302104538285,202608301904172355,202608301904170791,85,530,Bronze INV,br_AdmissionAssessmentDimensionFiveSubstanceUse,TASK_COMPLETE,SUCCESS,INFO,429,429,0,,2026-08-30T19:04:27.050Z,2026-08-30T21:04:59.710Z,7232,2026-08-30T21:04:59.710Z,LO,Louisville,ba679216-ee2b-4344-afb9-134290faf502,SAMMS-Louisville
202608302104538286,202608301904172356,202608301904170791,85,531,Bronze INV,br_AdmissionAssessmentDimensionFiveSubstanceUse,TASK_COMPLETE,SUCCESS,INFO,1161,1161,0,,2026-08-30T19:04:27.050Z,2026-08-30T21:04:59.710Z,7232,2026-08-30T21:04:59.710Z,LV1,Cheyenne,ba679216-ee2b-4344-afb9-134290faf502,SAMMS-Cheyenne
202608302104538287,202608301904172357,202608301904170791,85,532,Bronze INV,br_AdmissionAssessmentDimensionFiveSubstanceUse,TASK_COMPLETE,SUCCESS,INFO,928,928,0,,2026-08-30T19:04:27.050Z,2026-08-30T21:04:59.710Z,7232,2026-08-30T21:04:59.710Z,LV2,Desert Inn,ba679216-ee2b-4344-afb9-134290faf502,SAMMS-DesertInn
202608302104538288,202608301904172358,202608301904170791,85,533,Bronze INV,br_AdmissionAssessmentDimensionFiveSubstanceUse,TASK_COMPLETE,SUCCESS,INFO,306,306,0,,2026-08-30T19:04:27.050Z,2026-08-30T21:04:59.710Z,7232,2026-08-30T21:04:59.710Z,LV3,McDaniel,ba679216-ee2b-4344-afb9-134290faf502,SAMMS-McDaniel
202608302104538290,202608301904172359,202608301904170791,85,536,Bronze INV,br_AdmissionAssessmentDimensionFiveSubstanceUse,TASK_COMPLETE,SUCCESS,INFO,269,269,0,,2026-08-30T19:04:27.050Z,2026-08-30T21:04:59.710Z,7232,2026-08-30T21:04:59.710Z,MNRE,Monroe,ba679216-ee2b-4344-afb9-134290faf502,SAMMS-Monroe
202608302104538291,202608301904172360,202608301904170791,85,537,Bronze INV,br_AdmissionAssessmentDimensionFiveSubstanceUse,TASK_COMPLETE,SUCCESS,INFO,120,120,0,,2026-08-30T19:04:27.050Z,2026-08-30T21:04:59.710Z,7232,2026-08-30T21:04:59.710Z,MP,Mt. Pleasant,ba679216-ee2b-4344-afb9-134290faf502,SAMMS-MtPleasant
202608302104538292,202608301904172361,202608301904170791,85,538,Bronze INV,br_AdmissionAssessmentDimensionFiveSubstanceUse,TASK_COMPLETE,SUCCESS,INFO,172,172,0,,2026-08-30T19:04:27.050Z,2026-08-30T21:04:59.710Z,7232,2026-08-30T21:04:59.710Z,MRD,Meridian,ba679216-ee2b-4344-afb9-134290faf502,SAMMS-Meridian
202608302104538293,202608301904172362,202608301904170791,85,543,Bronze INV,br_AdmissionAssessmentDimensionFiveSubstanceUse,TASK_COMPLETE,SUCCESS,INFO,630,630,0,,2026-08-30T19:04:27.050Z,2026-08-30T21:04:59.710Z,7232,2026-08-30T21:04:59.710Z,NC,North Charleston,ba679216-ee2b-4344-afb9-134290faf502,SAMMS-NorthCharleston
202608302104538294,202608301904172363,202608301904170791,85,544,Bronze INV,br_AdmissionAssessmentDimensionFiveSubstanceUse,TASK_COMPLETE,SUCCESS,INFO,570,570,0,,2026-08-30T19:04:27.050Z,2026-08-30T21:04:59.710Z,7232,2026-08-30T21:04:59.710Z,NLR,N. Little Rock,ba679216-ee2b-4344-afb9-134290faf502,SAMMS-NLROBOT
202608302104538295,202608301904172364,202608301904170791,85,545,Bronze INV,br_AdmissionAssessmentDimensionFiveSubstanceUse,TASK_COMPLETE,SUCCESS,INFO,232,232,0,,2026-08-30T19:04:27.050Z,2026-08-30T21:04:59.710Z,7232,2026-08-30T21:04:59.710Z,PH,Phoenix,ba679216-ee2b-4344-afb9-134290faf502,SAMMS-Phoenix
202608302104538296,202608301904172365,202608301904170791,85,549,Bronze INV,br_AdmissionAssessmentDimensionFiveSubstanceUse,TASK_COMPLETE,SUCCESS,INFO,406,406,0,,2026-08-30T19:04:27.050Z,2026-08-30T21:04:59.710Z,7232,2026-08-30T21:04:59.710Z,RE,Reno,ba679216-ee2b-4344-afb9-134290faf502,SAMMS-Reno
202608302104538297,202608301904172366,202608301904170791,85,550,Bronze INV,br_AdmissionAssessmentDimensionFiveSubstanceUse,TASK_COMPLETE,SUCCESS,INFO,386,386,0,,2026-08-30T19:04:27.050Z,2026-08-30T21:04:59.710Z,7232,2026-08-30T21:04:59.710Z,RMD,Richmond,ba679216-ee2b-4344-afb9-134290faf502,SAMMS-Richmond
202608302104538299,202608301904172367,202608301904170791,85,551,Bronze INV,br_AdmissionAssessmentDimensionFiveSubstanceUse,TASK_COMPLETE,SUCCESS,INFO,485,485,0,,2026-08-30T19:04:27.050Z,2026-08-30T21:04:59.710Z,7232,2026-08-30T21:04:59.710Z,SFN,Springfield North,ba679216-ee2b-4344-afb9-134290faf502,SAMMS-SFNv5
202608302104538300,202608301904172368,202608301904170791,85,552,Bronze INV,br_AdmissionAssessmentDimensionFiveSubstanceUse,TASK_COMPLETE,SUCCESS,INFO,445,445,0,,2026-08-30T19:04:27.050Z,2026-08-30T21:04:59.710Z,7232,2026-08-30T21:04:59.710Z,SHP,Shreveport,ba679216-ee2b-4344-afb9-134290faf502,SAMMS-Shreveport
202608302104538301,202608301904172369,202608301904170791,85,554,Bronze INV,br_AdmissionAssessmentDimensionFiveSubstanceUse,TASK_COMPLETE,SUCCESS,INFO,80,80,0,,2026-08-30T19:04:27.050Z,2026-08-30T21:04:59.710Z,7232,2026-08-30T21:04:59.710Z,STN,Staunton,ba679216-ee2b-4344-afb9-134290faf502,SAMMS-Staunton
202608302104538302,202608301904172370,202608301904170791,85,555,Bronze INV,br_AdmissionAssessmentDimensionFiveSubstanceUse,TASK_COMPLETE,SUCCESS,INFO,52,52,0,,2026-08-30T19:04:27.050Z,2026-08-30T21:04:59.710Z,7232,2026-08-30T21:04:59.710Z,STVN,Stevenson,ba679216-ee2b-4344-afb9-134290faf502,SAMMS-Stevenson
202608302104538303,202608301904172371,202608301904170791,85,557,Bronze INV,br_AdmissionAssessmentDimensionFiveSubstanceUse,TASK_COMPLETE,SUCCESS,INFO,70,70,0,,2026-08-30T19:04:27.050Z,2026-08-30T21:04:59.710Z,7232,2026-08-30T21:04:59.710Z,TE,Tempe,ba679216-ee2b-4344-afb9-134290faf502,SAMMS-Tempe
202608302104538304,202608301904172372,202608301904170791,85,558,Bronze INV,br_AdmissionAssessmentDimensionFiveSubstanceUse,TASK_COMPLETE,SUCCESS,INFO,367,367,0,,2026-08-30T19:04:27.050Z,2026-08-30T21:04:59.710Z,7232,2026-08-30T21:04:59.710Z,TEX,Texarkana,ba679216-ee2b-4344-afb9-134290faf502,SAMMS-Texarkana
202608302104538305,202608301904172373,202608301904170791,85,559,Bronze INV,br_AdmissionAssessmentDimensionFiveSubstanceUse,TASK_COMPLETE,SUCCESS,INFO,418,418,0,,2026-08-30T19:04:27.050Z,2026-08-30T21:04:59.710Z,7232,2026-08-30T21:04:59.710Z,TTCA,Bessemer,ba679216-ee2b-4344-afb9-134290faf502,SAMMS-BessemerV5
202608302104538307,202608301904172374,202608301904170791,85,560,Bronze INV,br_AdmissionAssessmentDimensionFiveSubstanceUse,TASK_COMPLETE,SUCCESS,INFO,549,549,0,,2026-08-30T19:04:27.050Z,2026-08-30T21:04:59.710Z,7232,2026-08-30T21:04:59.710Z,TTCB,Cullman,ba679216-ee2b-4344-afb9-134290faf502,SAMMS-CullmanV5
202608302104538308,202608301904172375,202608301904170791,85,561,Bronze INV,br_AdmissionAssessmentDimensionFiveSubstanceUse,TASK_COMPLETE,SUCCESS,INFO,296,296,0,,2026-08-30T19:04:27.050Z,2026-08-30T21:04:59.710Z,7232,2026-08-30T21:04:59.710Z,TTCC,Grand Bay,ba679216-ee2b-4344-afb9-134290faf502,SAMMS-GrandBay
202608302104538309,202608301904172376,202608301904170791,85,562,Bronze INV,br_AdmissionAssessmentDimensionFiveSubstanceUse,TASK_COMPLETE,SUCCESS,INFO,22,22,0,,2026-08-30T19:04:27.050Z,2026-08-30T21:04:59.710Z,7232,2026-08-30T21:04:59.710Z,TU,Tucson,ba679216-ee2b-4344-afb9-134290faf502,SAMMS-Tucson
202608302104538310,202608301904172377,202608301904170791,85,564,Bronze INV,br_AdmissionAssessmentDimensionFiveSubstanceUse,TASK_COMPLETE,SUCCESS,INFO,250,250,0,,2026-08-30T19:04:27.050Z,2026-08-30T21:04:59.710Z,7232,2026-08-30T21:04:59.710Z,V1,Memphis South,ba679216-ee2b-4344-afb9-134290faf502,SAMMS-VCPHCS-I-MemphisV5
202608302104538311,202608301904172378,202608301904170791,85,565,Bronze INV,br_AdmissionAssessmentDimensionFiveSubstanceUse,TASK_COMPLETE,SUCCESS,INFO,692,692,0,,2026-08-30T19:04:27.050Z,2026-08-30T21:04:59.710Z,7232,2026-08-30T21:04:59.710Z,V10,Longmont,ba679216-ee2b-4344-afb9-134290faf502,SAMMS-BoulderV5
202608302104538313,202608301904172379,202608301904170791,85,566,Bronze INV,br_AdmissionAssessmentDimensionFiveSubstanceUse,TASK_COMPLETE,SUCCESS,INFO,1187,1187,0,,2026-08-30T19:04:27.050Z,2026-08-30T21:04:59.710Z,7232,2026-08-30T21:04:59.710Z,V10A,Fort Collins,ba679216-ee2b-4344-afb9-134290faf502,SAMMS-FortCollinsV5
202608302104538314,202608301904172380,202608301904170791,85,567,Bronze INV,br_AdmissionAssessmentDimensionFiveSubstanceUse,TASK_COMPLETE,SUCCESS,INFO,986,986,0,,2026-08-30T19:04:27.050Z,2026-08-30T21:04:59.710Z,7232,2026-08-30T21:04:59.710Z,V11,Westminster,ba679216-ee2b-4344-afb9-134290faf502,SAMMS-VCPHCS-XI-NorthDenverV5
202608302104538315,202608301904172381,202608301904170791,85,568,Bronze INV,br_AdmissionAssessmentDimensionFiveSubstanceUse,TASK_COMPLETE,SUCCESS,INFO,1052,1052,0,,2026-08-30T19:04:27.050Z,2026-08-30T21:04:59.710Z,7232,2026-08-30T21:04:59.710Z,V12,Downtown Denver,ba679216-ee2b-4344-afb9-134290faf502,SAMMS-VCPHCS-XII-DowntownDenverV5
202608302104538316,202608301904172382,202608301904170791,85,569,Bronze INV,br_AdmissionAssessmentDimensionFiveSubstanceUse,TASK_COMPLETE,SUCCESS,INFO,475,475,0,,2026-08-30T19:04:27.050Z,2026-08-30T21:04:59.710Z,7232,2026-08-30T21:04:59.710Z,V12A,Centennial,ba679216-ee2b-4344-afb9-134290faf502,SAMMS-CentennialV5
202608302104538317,202608301904172383,202608301904170791,85,570,Bronze INV,br_AdmissionAssessmentDimensionFiveSubstanceUse,TASK_COMPLETE,SUCCESS,INFO,291,291,0,,2026-08-30T19:04:27.050Z,2026-08-30T21:04:59.710Z,7232,2026-08-30T21:04:59.710Z,V14,Overland Park,ba679216-ee2b-4344-afb9-134290faf502,SAMMS-VCPHCS-XIV-BridgewayV5
202608302104538318,202608301904172384,202608301904170791,85,571,Bronze INV,br_AdmissionAssessmentDimensionFiveSubstanceUse,TASK_COMPLETE,SUCCESS,INFO,565,565,0,,2026-08-30T19:04:27.050Z,2026-08-30T21:04:59.710Z,7232,2026-08-30T21:04:59.710Z,V15,Joplin,ba679216-ee2b-4344-afb9-134290faf502,SAMMS-JoplinV5
202608302104538319,202608301904172385,202608301904170791,85,573,Bronze INV,br_AdmissionAssessmentDimensionFiveSubstanceUse,TASK_COMPLETE,SUCCESS,INFO,470,470,0,,2026-08-30T19:04:27.050Z,2026-08-30T21:04:59.710Z,7232,2026-08-30T21:04:59.710Z,V17,Columbia TN,ba679216-ee2b-4344-afb9-134290faf502,SAMMS-ColumbiaTNv5
202608302104538321,202608301904172386,202608301904170791,85,575,Bronze INV,br_AdmissionAssessmentDimensionFiveSubstanceUse,TASK_COMPLETE,SUCCESS,INFO,414,414,0,,2026-08-30T19:04:27.050Z,2026-08-30T21:04:59.710Z,7232,2026-08-30T21:04:59.710Z,V19,Jackson,ba679216-ee2b-4344-afb9-134290faf502,SAMMS-JacksonV5
202608302104538322,202608301904172387,202608301904170791,85,577,Bronze INV,br_AdmissionAssessmentDimensionFiveSubstanceUse,TASK_COMPLETE,SUCCESS,INFO,479,479,0,,2026-08-30T19:04:27.050Z,2026-08-30T21:04:59.710Z,7232,2026-08-30T21:04:59.710Z,V20,Paris,ba679216-ee2b-4344-afb9-134290faf502,SAMMS-ParisV5
202608302104537268,202608301904171476,202608301904170791,85,2615,Bronze INV,br_LabResultDetail,TASK_COMPLETE,SUCCESS,INFO,3,3,0,,2026-08-30T19:04:27.050Z,2026-08-30T21:04:59.710Z,7232,2026-08-30T21:04:59.710Z,VMIN,Minneapolis,ba679216-ee2b-4344-afb9-134290faf502,SAMMS-MinneapolisV6
202608302104537269,202608301904171477,202608301904170791,85,2616,Bronze INV,br_LabResultDetail,TASK_COMPLETE,SUCCESS,INFO,8,8,0,,2026-08-30T19:04:27.050Z,2026-08-30T21:04:59.710Z,7232,2026-08-30T21:04:59.710Z,VWBY,Woodbury,ba679216-ee2b-4344-afb9-134290faf502,SAMMS-WoodburyV6
202608302104537270,202608301904171478,202608301904170791,85,2618,Bronze INV,br_LabResultDetail,TASK_COMPLETE,SUCCESS,INFO,8647,8647,0,,2026-08-30T19:04:27.050Z,2026-08-30T21:04:59.710Z,7232,2026-08-30T21:04:59.710Z,WIL,Wilson,ba679216-ee2b-4344-afb9-134290faf502,SAMMS-Wilson
202608302104537271,202608301904171479,202608301904170791,85,230,Bronze INV,br_AdmissionAssessment,TASK_COMPLETE,SUCCESS,INFO,28,28,0,,2026-08-30T19:04:27.050Z,2026-08-30T21:04:59.710Z,7232,2026-08-30T21:04:59.710Z,AHK,Ahoskie,ba679216-ee2b-4344-afb9-134290faf502,SAMMS-Ahoskie
202608302104537272,202608301904171480,202608301904170791,85,1702,Bronze INV,br_Appointments,TASK_COMPLETE,SUCCESS,INFO,7605,7605,0,,2026-08-30T19:04:27.050Z,2026-08-30T21:04:59.710Z,7232,2026-08-30T21:04:59.710Z,AHK,Ahoskie,ba679216-ee2b-4344-afb9-134290faf502,SAMMS-Ahoskie
202608302104537273,202608301904171481,202608301904170791,85,1703,Bronze INV,br_Appointments,TASK_COMPLETE,SUCCESS,INFO,14937,14937,0,,2026-08-30T19:04:27.050Z,2026-08-30T21:04:59.710Z,7232,2026-08-30T21:04:59.710Z,B12B,Colorado Springs,ba679216-ee2b-4344-afb9-134290faf502,SAMMS-ColoradoSpringsV5
202608302104537275,202608301904171482,202608301904170791,85,1704,Bronze INV,br_Appointments,TASK_COMPLETE,SUCCESS,INFO,20293,20293,0,,2026-08-30T19:04:27.050Z,2026-08-30T21:04:59.710Z,7232,2026-08-30T21:04:59.710Z,B24,Paintsville,ba679216-ee2b-4344-afb9-134290faf502,SAMMS-PaintsvilleV5
202608302104537276,202608301904171483,202608301904170791,85,1705,Bronze INV,br_Appointments,TASK_COMPLETE,SUCCESS,INFO,15899,15899,0,,2026-08-30T19:04:27.050Z,2026-08-30T21:04:59.710Z,7232,2026-08-30T21:04:59.710Z,B25,Pikeville,ba679216-ee2b-4344-afb9-134290faf502,SAMMS-PikevilleV5
202608302104537277,202608301904171484,202608301904170791,85,1706,Bronze INV,br_Appointments,TASK_COMPLETE,SUCCESS,INFO,49431,49431,0,,2026-08-30T19:04:27.050Z,2026-08-30T21:04:59.710Z,7232,2026-08-30T21:04:59.710Z,B26,Hazard,ba679216-ee2b-4344-afb9-134290faf502,SAMMS-HazardV5
202608302104537278,202608301904171485,202608301904170791,85,1707,Bronze INV,br_Appointments,TASK_COMPLETE,SUCCESS,INFO,21777,21777,0,,2026-08-30T19:04:27.050Z,2026-08-30T21:04:59.710Z,7232,2026-08-30T21:04:59.710Z,B27,Savannah,ba679216-ee2b-4344-afb9-134290faf502,SAMMS-SavannahV6
202608302104537279,202608301904171486,202608301904170791,85,1708,Bronze INV,br_Appointments,TASK_COMPLETE,SUCCESS,INFO,6790,6790,0,,2026-08-30T19:04:27.050Z,2026-08-30T21:04:59.710Z,7232,2026-08-30T21:04:59.710Z,B28,West Plains,ba679216-ee2b-4344-afb9-134290faf502,SAMMS-WestPlainesV5
202608302104537280,202608301904171487,202608301904170791,85,1709,Bronze INV,br_Appointments,TASK_COMPLETE,SUCCESS,INFO,8234,8234,0,,2026-08-30T19:04:27.050Z,2026-08-30T21:04:59.710Z,7232,2026-08-30T21:04:59.710Z,B29,Poplar Bluff,ba679216-ee2b-4344-afb9-134290faf502,SAMMS-PoplarBluffV5
202608302104537281,202608301904171488,202608301904170791,85,1710,Bronze INV,br_Appointments,TASK_COMPLETE,SUCCESS,INFO,6889,6889,0,,2026-08-30T19:04:27.050Z,2026-08-30T21:04:59.710Z,7232,2026-08-30T21:04:59.710Z,B30,KC North,ba679216-ee2b-4344-afb9-134290faf502,SAMMS-KCNv5
202608302104537284,202608301904171489,202608301904170791,85,1711,Bronze INV,br_Appointments,TASK_COMPLETE,SUCCESS,INFO,31895,31895,0,,2026-08-30T19:04:27.050Z,2026-08-30T21:04:59.710Z,7232,2026-08-30T21:04:59.710Z,B31,Dyersburg,ba679216-ee2b-4344-afb9-134290faf502,SAMMS-DyersburgV5
202608302104537285,202608301904171490,202608301904170791,85,1713,Bronze INV,br_Appointments,TASK_COMPLETE,SUCCESS,INFO,53207,53207,0,,2026-08-30T19:04:27.050Z,2026-08-30T21:04:59.710Z,7232,2026-08-30T21:04:59.710Z,B33,Paducah,ba679216-ee2b-4344-afb9-134290faf502,SAMMS-Paducah
202608302104537286,202608301904171491,202608301904170791,85,1714,Bronze INV,br_Appointments,TASK_COMPLETE,SUCCESS,INFO,24195,24195,0,,2026-08-30T19:04:27.050Z,2026-08-30T21:04:59.710Z,7232,2026-08-30T21:04:59.710Z,B34,Corbin,ba679216-ee2b-4344-afb9-134290faf502,SAMMS-CorbinV5
202608302104537287,202608301904171492,202608301904170791,85,1715,Bronze INV,br_Appointments,TASK_COMPLETE,SUCCESS,INFO,44436,44436,0,,2026-08-30T19:04:27.050Z,2026-08-30T21:04:59.710Z,7232,2026-08-30T21:04:59.710Z,B35,Lexington,ba679216-ee2b-4344-afb9-134290faf502,SAMMS-LexingtonV5
202608302104537288,202608301904171493,202608301904170791,85,1716,Bronze INV,br_Appointments,TASK_COMPLETE,SUCCESS,INFO,26636,26636,0,,2026-08-30T19:04:27.050Z,2026-08-30T21:04:59.710Z,7232,2026-08-30T21:04:59.710Z,B35A,Berea,ba679216-ee2b-4344-afb9-134290faf502,SAMMS-BereaV5
202608302104537290,202608301904171494,202608301904170791,85,1717,Bronze INV,br_Appointments,TASK_COMPLETE,SUCCESS,INFO,57644,57644,0,,2026-08-30T19:04:27.050Z,2026-08-30T21:04:59.710Z,7232,2026-08-30T21:04:59.710Z,B36,Asheville,ba679216-ee2b-4344-afb9-134290faf502,SAMMS-AshevilleV5
202608302104537291,202608301904171495,202608301904170791,85,1718,Bronze INV,br_Appointments,TASK_COMPLETE,SUCCESS,INFO,40554,40554,0,,2026-08-30T19:04:27.050Z,2026-08-30T21:04:59.710Z,7232,2026-08-30T21:04:59.710Z,B37,Clyde,ba679216-ee2b-4344-afb9-134290faf502,SAMMS-ClydeV5
202608302104537292,202608301904171496,202608301904170791,85,1719,Bronze INV,br_Appointments,TASK_COMPLETE,SUCCESS,INFO,16258,16258,0,,2026-08-30T19:04:27.050Z,2026-08-30T21:04:59.710Z,7232,2026-08-30T21:04:59.710Z,B38,Spartanburg,ba679216-ee2b-4344-afb9-134290faf502,SAMMS-SpartanburgV5
202608302104537293,202608301904171497,202608301904170791,85,1720,Bronze INV,br_Appointments,TASK_COMPLETE,SUCCESS,INFO,20355,20355,0,,2026-08-30T19:04:27.050Z,2026-08-30T21:04:59.710Z,7232,2026-08-30T21:04:59.710Z,B39,Aiken,ba679216-ee2b-4344-afb9-134290faf502,SAMMS-AikenV5
202608302104537294,202608301904171498,202608301904170791,85,1721,Bronze INV,br_Appointments,TASK_COMPLETE,SUCCESS,INFO,20304,20304,0,,2026-08-30T19:04:27.050Z,2026-08-30T21:04:59.710Z,7232,2026-08-30T21:04:59.710Z,B41,Chesapeake,ba679216-ee2b-4344-afb9-134290faf502,SAMMS-ChesapeakeV5
202608302104537295,202608301904171499,202608301904170791,85,1722,Bronze INV,br_Appointments,TASK_COMPLETE,SUCCESS,INFO,19083,19083,0,,2026-08-30T19:04:27.050Z,2026-08-30T21:04:59.710Z,7232,2026-08-30T21:04:59.710Z,B42,Virginia Beach,ba679216-ee2b-4344-afb9-134290faf502,SAMMS-VirginiaBeachV5
202608302104537296,202608301904171500,202608301904170791,85,1723,Bronze INV,br_Appointments,TASK_COMPLETE,SUCCESS,INFO,15896,15896,0,,2026-08-30T19:04:27.050Z,2026-08-30T21:04:59.710Z,7232,2026-08-30T21:04:59.710Z,B42A,Newport News,ba679216-ee2b-4344-afb9-134290faf502,SAMMS-NewportNewsV5
202608302104537298,202608301904171501,202608301904170791,85,1724,Bronze INV,br_Appointments,TASK_COMPLETE,SUCCESS,INFO,4638,4638,0,,2026-08-30T19:04:27.050Z,2026-08-30T21:04:59.710Z,7232,2026-08-30T21:04:59.710Z,B42B,Franklin,ba679216-ee2b-4344-afb9-134290faf502,SAMMS-FranklinV5
202608302104537299,202608301904171502,202608301904170791,85,1725,Bronze INV,br_Appointments,TASK_COMPLETE,SUCCESS,INFO,10249,10249,0,,2026-08-30T19:04:27.050Z,2026-08-30T21:04:59.710Z,7232,2026-08-30T21:04:59.710Z,B42C,Glen Allen,ba679216-ee2b-4344-afb9-134290faf502,SAMMS-GlenAllenV5
202608302104537300,202608301904171503,202608301904170791,85,1726,Bronze INV,br_Appointments,TASK_COMPLETE,SUCCESS,INFO,18471,18471,0,,2026-08-30T19:04:27.050Z,2026-08-30T21:04:59.710Z,7232,2026-08-30T21:04:59.710Z,B42D,Chesapeake South,ba679216-ee2b-4344-afb9-134290faf502,SAMMS-ChesapeakeSouthV5
202608302104537301,202608301904171504,202608301904170791,85,1727,Bronze INV,br_Appointments,TASK_COMPLETE,SUCCESS,INFO,9816,9816,0,,2026-08-30T19:04:27.050Z,2026-08-30T21:04:59.710Z,7232,2026-08-30T21:04:59.710Z,B44,Albany,ba679216-ee2b-4344-afb9-134290faf502,SAMMS-AlbanyV5
202608302104537302,202608301904171505,202608301904170791,85,1728,Bronze INV,br_Appointments,TASK_COMPLETE,SUCCESS,INFO,12398,12398,0,,2026-08-30T19:04:27.050Z,2026-08-30T21:04:59.710Z,7232,2026-08-30T21:04:59.710Z,B45,Tifton,ba679216-ee2b-4344-afb9-134290faf502,SAMMS-TiftonV5
202608302104537303,202608301904171506,202608301904170791,85,1729,Bronze INV,br_Appointments,TASK_COMPLETE,SUCCESS,INFO,18821,18821,0,,2026-08-30T19:04:27.050Z,2026-08-30T21:04:59.710Z,7232,2026-08-30T21:04:59.710Z,B46,Washington DC,ba679216-ee2b-4344-afb9-134290faf502,SAMMS-WashingtonDCv5
202608302104537304,202608301904171507,202608301904170791,85,1730,Bronze INV,br_Appointments,TASK_COMPLETE,SUCCESS,INFO,14699,14699,0,,2026-08-30T19:04:27.050Z,2026-08-30T21:04:59.710Z,7232,2026-08-30T21:04:59.710Z,B47,Mobile,ba679216-ee2b-4344-afb9-134290faf502,SAMMS-MobileV5
202608302104537306,202608301904171508,202608301904170791,85,1731,Bronze INV,br_Appointments,TASK_COMPLETE,SUCCESS,INFO,19024,19024,0,,2026-08-30T19:04:27.050Z,2026-08-30T21:04:59.710Z,7232,2026-08-30T21:04:59.710Z,B48,Tuscaloosa,ba679216-ee2b-4344-afb9-134290faf502,SAMMS-TuscaloosaV5
202608302104537307,202608301904171509,202608301904170791,85,1740,Bronze INV,br_Appointments,TASK_COMPLETE,SUCCESS,INFO,6766,6766,0,,2026-08-30T19:04:27.050Z,2026-08-30T21:04:59.710Z,7232,2026-08-30T21:04:59.710Z,B51,N. Little Rock (OTP),ba679216-ee2b-4344-afb9-134290faf502,SAMMS-NorthLittleRockV6
202608302104537310,202608301904171510,202608301904170791,85,1741,Bronze INV,br_Appointments,TASK_COMPLETE,SUCCESS,INFO,11536,11536,0,,2026-08-30T19:04:27.050Z,2026-08-30T21:04:59.710Z,7232,2026-08-30T21:04:59.710Z,B52,Jackson GA,ba679216-ee2b-4344-afb9-134290faf502,SAMMS-JacksonGAV5
202608302104537312,202608301904171511,202608301904170791,85,1742,Bronze INV,br_Appointments,TASK_COMPLETE,SUCCESS,INFO,9080,9080,0,,2026-08-30T19:04:27.050Z,2026-08-30T21:04:59.710Z,7232,2026-08-30T21:04:59.710Z,B54,Gadsden,ba679216-ee2b-4344-afb9-134290faf502,SAMMS-GadsdenV5
202608302104537313,202608301904171512,202608301904170791,85,1743,Bronze INV,br_Appointments,TASK_COMPLETE,SUCCESS,INFO,14095,14095,0,,2026-08-30T19:04:27.050Z,2026-08-30T21:04:59.710Z,7232,2026-08-30T21:04:59.710Z,B55,Shoals,ba679216-ee2b-4344-afb9-134290faf502,SAMMS-ShoalsV5
202608302104537314,202608301904171513,202608301904170791,85,1744,Bronze INV,br_Appointments,TASK_COMPLETE,SUCCESS,INFO,15685,15685,0,,2026-08-30T19:04:27.050Z,2026-08-30T21:04:59.710Z,7232,2026-08-30T21:04:59.710Z,B57,Pawtucket,ba679216-ee2b-4344-afb9-134290faf502,SAMMS-Pawtucket
202608302104537315,202608301904171514,202608301904170791,85,1745,Bronze INV,br_Appointments,TASK_COMPLETE,SUCCESS,INFO,11838,11838,0,,2026-08-30T19:04:27.050Z,2026-08-30T21:04:59.710Z,7232,2026-08-30T21:04:59.710Z,B57A,Johnston,ba679216-ee2b-4344-afb9-134290faf502,SAMMS-Johnston
202608302104537316,202608301904171515,202608301904170791,85,1746,Bronze INV,br_Appointments,TASK_COMPLETE,SUCCESS,INFO,4093,4093,0,,2026-08-30T19:04:27.050Z,2026-08-30T21:04:59.710Z,7232,2026-08-30T21:04:59.710Z,B57B,Middletown,ba679216-ee2b-4344-afb9-134290faf502,SAMMS-Middletown
202608302104537317,202608301904171516,202608301904170791,85,1747,Bronze INV,br_Appointments,TASK_COMPLETE,SUCCESS,INFO,11697,11697,0,,2026-08-30T19:04:27.050Z,2026-08-30T21:04:59.710Z,7232,2026-08-30T21:04:59.710Z,B57C,Providence,ba679216-ee2b-4344-afb9-134290faf502,SAMMS-Providence
202608302104537318,202608301904171517,202608301904170791,85,1748,Bronze INV,br_Appointments,TASK_COMPLETE,SUCCESS,INFO,21166,21166,0,,2026-08-30T19:04:27.050Z,2026-08-30T21:04:59.710Z,7232,2026-08-30T21:04:59.710Z,B57D,Westerly,ba679216-ee2b-4344-afb9-134290faf502,SAMMS-Westerly
202608302104537319,202608301904171518,202608301904170791,85,1752,Bronze INV,br_Appointments,TASK_COMPLETE,SUCCESS,INFO,15614,15614,0,,2026-08-30T19:04:27.050Z,2026-08-30T21:04:59.710Z,7232,2026-08-30T21:04:59.710Z,B66A,Bremen,ba679216-ee2b-4344-afb9-134290faf502,SAMMS-Bremen
202608302104537321,202608301904171519,202608301904170791,85,1755,Bronze INV,br_Appointments,TASK_COMPLETE,SUCCESS,INFO,38390,38390,0,,2026-08-30T19:04:27.050Z,2026-08-30T21:04:59.710Z,7232,2026-08-30T21:04:59.710Z,B72,Mobile (OBOT),ba679216-ee2b-4344-afb9-134290faf502,SAMMS-Mobile-OBOT
202608302104537322,202608301904171520,202608301904170791,85,1756,Bronze INV,br_Appointments,TASK_COMPLETE,SUCCESS,INFO,15889,15889,0,,2026-08-30T19:04:27.050Z,2026-08-30T21:04:59.710Z,7232,2026-08-30T21:04:59.710Z,B73,Montgomery,ba679216-ee2b-4344-afb9-134290faf502,SAMMS-Montgomery
202608302104537323,202608301904171521,202608301904170791,85,1757,Bronze INV,br_Appointments,TASK_COMPLETE,SUCCESS,INFO,8817,8817,0,,2026-08-30T19:04:27.050Z,2026-08-30T21:04:59.710Z,7232,2026-08-30T21:04:59.710Z,B75,Lawrence,ba679216-ee2b-4344-afb9-134290faf502,SAMMS-LawrenceV6
202608302104537324,202608301904171522,202608301904170791,85,1758,Bronze INV,br_Appointments,TASK_COMPLETE,SUCCESS,INFO,1780,1780,0,,2026-08-30T19:04:27.050Z,2026-08-30T21:04:59.710Z,7232,2026-08-30T21:04:59.710Z,B76,Huntsville OBOT,ba679216-ee2b-4344-afb9-134290faf502,SAMMS-Huntsville-OBOT
202608302104537326,202608301904171523,202608301904170791,85,1759,Bronze INV,br_Appointments,TASK_COMPLETE,SUCCESS,INFO,12233,12233,0,,2026-08-30T19:04:27.050Z,2026-08-30T21:04:59.710Z,7232,2026-08-30T21:04:59.710Z,BAT,Batesville,ba679216-ee2b-4344-afb9-134290faf502,SAMMS-Batesville
202608302104537327,202608301904171524,202608301904170791,85,1760,Bronze INV,br_Appointments,TASK_COMPLETE,SUCCESS,INFO,11370,11370,0,,2026-08-30T19:04:27.050Z,2026-08-30T21:04:59.710Z,7232,2026-08-30T21:04:59.710Z,BG,Bowling Green,ba679216-ee2b-4344-afb9-134290faf502,SAMMS-BowlingGreen
202608302104537328,202608301904171525,202608301904170791,85,1761,Bronze INV,br_Appointments,TASK_COMPLETE,SUCCESS,INFO,10197,10197,0,,2026-08-30T19:04:27.050Z,2026-08-30T21:04:59.710Z,7232,2026-08-30T21:04:59.710Z,BOI,Boise,ba679216-ee2b-4344-afb9-134290faf502,SAMMS-Boise
202608302104537329,202608301904171526,202608301904170791,85,1768,Bronze INV,br_Appointments,TASK_COMPLETE,SUCCESS,INFO,5488,5488,0,,2026-08-30T19:04:27.050Z,2026-08-30T21:04:59.710Z,7232,2026-08-30T21:04:59.710Z,CBCO,Coeur dAlene,ba679216-ee2b-4344-afb9-134290faf502,SAMMS-CoeurdAleneV6
202608302104537330,202608301904171527,202608301904170791,85,1787,Bronze INV,br_Appointments,TASK_COMPLETE,SUCCESS,INFO,18601,18601,0,,2026-08-30T19:04:27.050Z,2026-08-30T21:04:59.710Z,7232,2026-08-30T21:04:59.710Z,CON,Conway,ba679216-ee2b-4344-afb9-134290faf502,SAMMS-Conway
202608302104537331,202608301904171528,202608301904170791,85,1788,Bronze INV,br_Appointments,TASK_COMPLETE,SUCCESS,INFO,99679,99679,0,,2026-08-30T19:04:27.050Z,2026-08-30T21:04:59.710Z,7232,2026-08-30T21:04:59.710Z,D07,Medical Services Knox TN,ba679216-ee2b-4344-afb9-134290faf502,SAMMS-KnoxvilleV6
202608302104537332,202608301904171529,202608301904170791,85,1789,Bronze INV,br_Appointments,TASK_COMPLETE,SUCCESS,INFO,12881,12881,0,,2026-08-30T19:04:27.050Z,2026-08-30T21:04:59.710Z,7232,2026-08-30T21:04:59.710Z,D08,Madison,ba679216-ee2b-4344-afb9-134290faf502,SAMMS-MadisonV6
202608302104537334,202608301904171530,202608301904170791,85,1791,Bronze INV,br_Appointments,TASK_COMPLETE,SUCCESS,INFO,10010,10010,0,,2026-08-30T19:04:27.050Z,2026-08-30T21:04:59.710Z,7232,2026-08-30T21:04:59.710Z,D09,Murfreesboro,ba679216-ee2b-4344-afb9-134290faf502,SAMMS-MurfreesboroV6
202608302104537335,202608301904171531,202608301904170791,85,1792,Bronze INV,br_Appointments,TASK_COMPLETE,SUCCESS,INFO,28009,28009,0,,2026-08-30T19:04:27.050Z,2026-08-30T21:04:59.710Z,7232,2026-08-30T21:04:59.710Z,DA,Davenport,ba679216-ee2b-4344-afb9-134290faf502,SAMMS-Davenport
202608302104537336,202608301904171532,202608301904170791,85,1793,Bronze INV,br_Appointments,TASK_COMPLETE,SUCCESS,INFO,19526,19526,0,,2026-08-30T19:04:27.050Z,2026-08-30T21:04:59.710Z,7232,2026-08-30T21:04:59.710Z,DM,Des Moines,ba679216-ee2b-4344-afb9-134290faf502,SAMMS-DesMoines
202608302104537337,202608301904171533,202608301904170791,85,1795,Bronze INV,br_Appointments,TASK_COMPLETE,SUCCESS,INFO,16477,16477,0,,2026-08-30T19:04:27.050Z,2026-08-30T21:04:59.710Z,7232,2026-08-30T21:04:59.710Z,DRD-CO,Columbia MO,ba679216-ee2b-4344-afb9-134290faf502,SAMMS-ColumbiaV5
202608302104537338,202608301904171534,202608301904170791,85,1796,Bronze INV,br_Appointments,TASK_COMPLETE,SUCCESS,INFO,16118,16118,0,,2026-08-30T19:04:27.050Z,2026-08-30T21:04:59.710Z,7232,2026-08-30T21:04:59.710Z,DRD-KC,KC,ba679216-ee2b-4344-afb9-134290faf502,SAMMS-KCv5
202608302104537339,202608301904171535,202608301904170791,85,1797,Bronze INV,br_Appointments,TASK_COMPLETE,SUCCESS,INFO,41604,41604,0,,2026-08-30T19:04:27.050Z,2026-08-30T21:04:59.710Z,7232,2026-08-30T21:04:59.710Z,DRD-KVB,KVB,ba679216-ee2b-4344-afb9-134290faf502,SAMMS-KVBv5
202608302104537340,202608301904171536,202608301904170791,85,1798,Bronze INV,br_Appointments,TASK_COMPLETE,SUCCESS,INFO,52605,52605,0,,2026-08-30T19:04:27.050Z,2026-08-30T21:04:59.710Z,7232,2026-08-30T21:04:59.710Z,DRD-KVC,KVC,ba679216-ee2b-4344-afb9-134290faf502,SAMMS-KVCv5
202608302104537342,202608301904171537,202608301904170791,85,1799,Bronze INV,br_Appointments,TASK_COMPLETE,SUCCESS,INFO,50638,50638,0,,2026-08-30T19:04:27.050Z,2026-08-30T21:04:59.710Z,7232,2026-08-30T21:04:59.710Z,DRD-NOLA,NOLA,ba679216-ee2b-4344-afb9-134290faf502,SAMMS-NOLAv5
202608302104537343,202608301904171538,202608301904170791,85,1800,Bronze INV,br_Appointments,TASK_COMPLETE,SUCCESS,INFO,16226,16226,0,,2026-08-30T19:04:27.050Z,2026-08-30T21:04:59.710Z,7232,2026-08-30T21:04:59.710Z,DRD-SF,Springfield,ba679216-ee2b-4344-afb9-134290faf502,SAMMS-SFv5
202608302104537344,202608301904171539,202608301904170791,85,1802,Bronze INV,br_Appointments,TASK_COMPLETE,SUCCESS,INFO,21487,21487,0,,2026-08-30T19:04:27.050Z,2026-08-30T21:04:59.710Z,7232,2026-08-30T21:04:59.710Z,ELC,Elizabeth City,ba679216-ee2b-4344-afb9-134290faf502,SAMMS-ElizabethCity
202608302104537345,202608301904171540,202608301904170791,85,1803,Bronze INV,br_Appointments,TASK_COMPLETE,SUCCESS,INFO,12973,12973,0,,2026-08-30T19:04:27.050Z,2026-08-30T21:04:59.710Z,7232,2026-08-30T21:04:59.710Z,ET,Elizabethtown,ba679216-ee2b-4344-afb9-134290faf502,SAMMS-Elizabethtown
202608302104537346,202608301904171541,202608301904170791,85,1804,Bronze INV,br_Appointments,TASK_COMPLETE,SUCCESS,INFO,17602,17602,0,,2026-08-30T19:04:27.050Z,2026-08-30T21:04:59.710Z,7232,2026-08-30T21:04:59.710Z,FAY,Fayetteville,ba679216-ee2b-4344-afb9-134290faf502,SAMMS-Fayetteville
202608302104537347,202608301904171542,202608301904170791,85,1805,Bronze INV,br_Appointments,TASK_COMPLETE,SUCCESS,INFO,2779,2779,0,,2026-08-30T19:04:27.050Z,2026-08-30T21:04:59.710Z,7232,2026-08-30T21:04:59.710Z,FR,Frankfort,ba679216-ee2b-4344-afb9-134290faf502,SAMMS-Frankfort
202608302104537348,202608301904171543,202608301904170791,85,1806,Bronze INV,br_Appointments,TASK_COMPLETE,SUCCESS,INFO,14128,14128,0,,2026-08-30T19:04:27.050Z,2026-08-30T21:04:59.710Z,7232,2026-08-30T21:04:59.710Z,FS,Fort Smith,ba679216-ee2b-4344-afb9-134290faf502,SAMMS-FortSmith
202608302104537350,202608301904171544,202608301904170791,85,1807,Bronze INV,br_Appointments,TASK_COMPLETE,SUCCESS,INFO,25411,25411,0,,2026-08-30T19:04:27.050Z,2026-08-30T21:04:59.710Z,7232,2026-08-30T21:04:59.710Z,FW,Fort Wayne,ba679216-ee2b-4344-afb9-134290faf502,SAMMS-FortWayne
202608302104537351,202608301904171545,202608301904170791,85,1808,Bronze INV,br_Appointments,TASK_COMPLETE,SUCCESS,INFO,24314,24314,0,,2026-08-30T19:04:27.050Z,2026-08-30T21:04:59.710Z,7232,2026-08-30T21:04:59.710Z,GAL,Gaylord,ba679216-ee2b-4344-afb9-134290faf502,SAMMS-Gaylord
202608302104537352,202608301904171546,202608301904170791,85,1812,Bronze INV,br_Appointments,TASK_COMPLETE,SUCCESS,INFO,49976,49976,0,,2026-08-30T19:04:27.050Z,2026-08-30T21:04:59.710Z,7232,2026-08-30T21:04:59.710Z,HGT,Hagerstown,ba679216-ee2b-4344-afb9-134290faf502,SAMMS-Hagerstown
202608302104537353,202608301904171547,202608301904170791,85,1813,Bronze INV,br_Appointments,TASK_COMPLETE,SUCCESS,INFO,16897,16897,0,,2026-08-30T19:04:27.050Z,2026-08-30T21:04:59.710Z,7232,2026-08-30T21:04:59.710Z,HNT,Huntsville,ba679216-ee2b-4344-afb9-134290faf502,SAMMS-Huntsville
202608302104537354,202608301904171548,202608301904170791,85,1814,Bronze INV,br_Appointments,TASK_COMPLETE,SUCCESS,INFO,17469,17469,0,,2026-08-30T19:04:27.050Z,2026-08-30T21:04:59.710Z,7232,2026-08-30T21:04:59.710Z,HS,Hot Springs,ba679216-ee2b-4344-afb9-134290faf502,SAMMS-HotSprings
202608302104537355,202608301904171549,202608301904170791,85,1815,Bronze INV,br_Appointments,TASK_COMPLETE,SUCCESS,INFO,10359,10359,0,,2026-08-30T19:04:27.050Z,2026-08-30T21:04:59.710Z,7232,2026-08-30T21:04:59.710Z,JON,Jonesboro,ba679216-ee2b-4344-afb9-134290faf502,SAMMS-Jonesboro
202608302104537356,202608301904171550,202608301904170791,85,1817,Bronze INV,br_Appointments,TASK_COMPLETE,SUCCESS,INFO,23502,23502,0,,2026-08-30T19:04:27.050Z,2026-08-30T21:04:59.710Z,7232,2026-08-30T21:04:59.710Z,LAN,Lansing,ba679216-ee2b-4344-afb9-134290faf502,SAMMS-Lansing
202608302104537357,202608301904171551,202608301904170791,85,1818,Bronze INV,br_Appointments,TASK_COMPLETE,SUCCESS,INFO,19331,19331,0,,2026-08-30T19:04:27.050Z,2026-08-30T21:04:59.710Z,7232,2026-08-30T21:04:59.710Z,LO,Louisville,ba679216-ee2b-4344-afb9-134290faf502,SAMMS-Louisville
202608302104537359,202608301904171552,202608301904170791,85,1819,Bronze INV,br_Appointments,TASK_COMPLETE,SUCCESS,INFO,13702,13702,0,,2026-08-30T19:04:27.050Z,2026-08-30T21:04:59.710Z,7232,2026-08-30T21:04:59.710Z,LV1,Cheyenne,ba679216-ee2b-4344-afb9-134290faf502,SAMMS-Cheyenne
202608302104537360,202608301904171553,202608301904170791,85,1820,Bronze INV,br_Appointments,TASK_COMPLETE,SUCCESS,INFO,13507,13507,0,,2026-08-30T19:04:27.050Z,2026-08-30T21:04:59.710Z,7232,2026-08-30T21:04:59.710Z,LV2,Desert Inn,ba679216-ee2b-4344-afb9-134290faf502,SAMMS-DesertInn
202608302104537361,202608301904171554,202608301904170791,85,1821,Bronze INV,br_Appointments,TASK_COMPLETE,SUCCESS,INFO,3326,3326,0,,2026-08-30T19:04:27.050Z,2026-08-30T21:04:59.710Z,7232,2026-08-30T21:04:59.710Z,LV3,McDaniel,ba679216-ee2b-4344-afb9-134290faf502,SAMMS-McDaniel
202608302104537362,202608301904171555,202608301904170791,85,1824,Bronze INV,br_Appointments,TASK_COMPLETE,SUCCESS,INFO,8136,8136,0,,2026-08-30T19:04:27.050Z,2026-08-30T21:04:59.710Z,7232,2026-08-30T21:04:59.710Z,MNRE,Monroe,ba679216-ee2b-4344-afb9-134290faf502,SAMMS-Monroe
202608302104537363,202608301904171556,202608301904170791,85,1825,Bronze INV,br_Appointments,TASK_COMPLETE,SUCCESS,INFO,29523,29523,0,,2026-08-30T19:04:27.050Z,2026-08-30T21:04:59.710Z,7232,2026-08-30T21:04:59.710Z,MP,Mt. Pleasant,ba679216-ee2b-4344-afb9-134290faf502,SAMMS-MtPleasant
202608302104537364,202608301904171557,202608301904170791,85,1826,Bronze INV,br_Appointments,TASK_COMPLETE,SUCCESS,INFO,11668,11668,0,,2026-08-30T19:04:27.050Z,2026-08-30T21:04:59.710Z,7232,2026-08-30T21:04:59.710Z,MRD,Meridian,ba679216-ee2b-4344-afb9-134290faf502,SAMMS-Meridian
202608302104537365,202608301904171558,202608301904170791,85,1831,Bronze INV,br_Appointments,TASK_COMPLETE,SUCCESS,INFO,15836,15836,0,,2026-08-30T19:04:27.050Z,2026-08-30T21:04:59.710Z,7232,2026-08-30T21:04:59.710Z,NC,North Charleston,ba679216-ee2b-4344-afb9-134290faf502,SAMMS-NorthCharleston
202608302104537367,202608301904171559,202608301904170791,85,1832,Bronze INV,br_Appointments,TASK_COMPLETE,SUCCESS,INFO,27009,27009,0,,2026-08-30T19:04:27.050Z,2026-08-30T21:04:59.710Z,7232,2026-08-30T21:04:59.710Z,NLR,N. Little Rock,ba679216-ee2b-4344-afb9-134290faf502,SAMMS-NLROBOT
202608302104537368,202608301904171560,202608301904170791,85,1833,Bronze INV,br_Appointments,TASK_COMPLETE,SUCCESS,INFO,3399,3399,0,,2026-08-30T19:04:27.050Z,2026-08-30T21:04:59.710Z,7232,2026-08-30T21:04:59.710Z,PH,Phoenix,ba679216-ee2b-4344-afb9-134290faf502,SAMMS-Phoenix
202608302104537369,202608301904171561,202608301904170791,85,1837,Bronze INV,br_Appointments,TASK_COMPLETE,SUCCESS,INFO,19723,19723,0,,2026-08-30T19:04:27.050Z,2026-08-30T21:04:59.710Z,7232,2026-08-30T21:04:59.710Z,RE,Reno,ba679216-ee2b-4344-afb9-134290faf502,SAMMS-Reno
202608302104537370,202608301904171562,202608301904170791,85,1838,Bronze INV,br_Appointments,TASK_COMPLETE,SUCCESS,INFO,12178,12178,0,,2026-08-30T19:04:27.050Z,2026-08-30T21:04:59.710Z,7232,2026-08-30T21:04:59.710Z,RMD,Richmond,ba679216-ee2b-4344-afb9-134290faf502,SAMMS-Richmond
202608302104537371,202608301904171563,202608301904170791,85,1839,Bronze INV,br_Appointments,TASK_COMPLETE,SUCCESS,INFO,13308,13308,0,,2026-08-30T19:04:27.050Z,2026-08-30T21:04:59.710Z,7232,2026-08-30T21:04:59.710Z,SFN,Springfield North,ba679216-ee2b-4344-afb9-134290faf502,SAMMS-SFNv5
202608302104537372,202608301904171564,202608301904170791,85,1840,Bronze INV,br_Appointments,TASK_COMPLETE,SUCCESS,INFO,13048,13048,0,,2026-08-30T19:04:27.050Z,2026-08-30T21:04:59.710Z,7232,2026-08-30T21:04:59.710Z,SHP,Shreveport,ba679216-ee2b-4344-afb9-134290faf502,SAMMS-Shreveport
202608302104537373,202608301904171565,202608301904170791,85,1842,Bronze INV,br_Appointments,TASK_COMPLETE,SUCCESS,INFO,14184,14184,0,,2026-08-30T19:04:27.050Z,2026-08-30T21:04:59.710Z,7232,2026-08-30T21:04:59.710Z,STN,Staunton,ba679216-ee2b-4344-afb9-134290faf502,SAMMS-Staunton
202608302104537374,202608301904171566,202608301904170791,85,1843,Bronze INV,br_Appointments,TASK_COMPLETE,SUCCESS,INFO,1858,1858,0,,2026-08-30T19:04:27.050Z,2026-08-30T21:04:59.710Z,7232,2026-08-30T21:04:59.710Z,STVN,Stevenson,ba679216-ee2b-4344-afb9-134290faf502,SAMMS-Stevenson
202608302104537376,202608301904171567,202608301904170791,85,1845,Bronze INV,br_Appointments,TASK_COMPLETE,SUCCESS,INFO,5535,5535,0,,2026-08-30T19:04:27.050Z,2026-08-30T21:04:59.710Z,7232,2026-08-30T21:04:59.710Z,TE,Tempe,ba679216-ee2b-4344-afb9-134290faf502,SAMMS-Tempe
202608302104537377,202608301904171568,202608301904170791,85,1846,Bronze INV,br_Appointments,TASK_COMPLETE,SUCCESS,INFO,15270,15270,0,,2026-08-30T19:04:27.050Z,2026-08-30T21:04:59.710Z,7232,2026-08-30T21:04:59.710Z,TEX,Texarkana,ba679216-ee2b-4344-afb9-134290faf502,SAMMS-Texarkana
202608302104537378,202608301904171569,202608301904170791,85,1847,Bronze INV,br_Appointments,TASK_COMPLETE,SUCCESS,INFO,7739,7739,0,,2026-08-30T19:04:27.050Z,2026-08-30T21:04:59.710Z,7232,2026-08-30T21:04:59.710Z,TTCA,Bessemer,ba679216-ee2b-4344-afb9-134290faf502,SAMMS-BessemerV5
202608302104537379,202608301904171570,202608301904170791,85,1848,Bronze INV,br_Appointments,TASK_COMPLETE,SUCCESS,INFO,22982,22982,0,,2026-08-30T19:04:27.050Z,2026-08-30T21:04:59.710Z,7232,2026-08-30T21:04:59.710Z,TTCB,Cullman,ba679216-ee2b-4344-afb9-134290faf502,SAMMS-CullmanV5
202608302104537380,202608301904171571,202608301904170791,85,1849,Bronze INV,br_Appointments,TASK_COMPLETE,SUCCESS,INFO,12601,12601,0,,2026-08-30T19:04:27.050Z,2026-08-30T21:04:59.710Z,7232,2026-08-30T21:04:59.710Z,TTCC,Grand Bay,ba679216-ee2b-4344-afb9-134290faf502,SAMMS-GrandBay
202608302104537381,202608301904171572,202608301904170791,85,1850,Bronze INV,br_Appointments,TASK_COMPLETE,SUCCESS,INFO,1300,1300,0,,2026-08-30T19:04:27.050Z,2026-08-30T21:04:59.710Z,7232,2026-08-30T21:04:59.710Z,TU,Tucson,ba679216-ee2b-4344-afb9-134290faf502,SAMMS-Tucson
202608302104537382,202608301904171573,202608301904170791,85,1852,Bronze INV,br_Appointments,TASK_COMPLETE,SUCCESS,INFO,8520,8520,0,,2026-08-30T19:04:27.050Z,2026-08-30T21:04:59.710Z,7232,2026-08-30T21:04:59.710Z,V1,Memphis South,ba679216-ee2b-4344-afb9-134290faf502,SAMMS-VCPHCS-I-MemphisV5
202608302104537383,202608301904171574,202608301904170791,85,1853,Bronze INV,br_Appointments,TASK_COMPLETE,SUCCESS,INFO,18173,18173,0,,2026-08-30T19:04:27.050Z,2026-08-30T21:04:59.710Z,7232,2026-08-30T21:04:59.710Z,V10,Longmont,ba679216-ee2b-4344-afb9-134290faf502,SAMMS-BoulderV5
202608302104537385,202608301904171575,202608301904170791,85,1854,Bronze INV,br_Appointments,TASK_COMPLETE,SUCCESS,INFO,43650,43650,0,,2026-08-30T19:04:27.050Z,2026-08-30T21:04:59.710Z,7232,2026-08-30T21:04:59.710Z,V10A,Fort Collins,ba679216-ee2b-4344-afb9-134290faf502,SAMMS-FortCollinsV5
202608302104537386,202608301904171576,202608301904170791,85,1855,Bronze INV,br_Appointments,TASK_COMPLETE,SUCCESS,INFO,47298,47298,0,,2026-08-30T19:04:27.050Z,2026-08-30T21:04:59.710Z,7232,2026-08-30T21:04:59.710Z,V11,Westminster,ba679216-ee2b-4344-afb9-134290faf502,SAMMS-VCPHCS-XI-NorthDenverV5
202608302104537387,202608301904171577,202608301904170791,85,1856,Bronze INV,br_Appointments,TASK_COMPLETE,SUCCESS,INFO,44899,44899,0,,2026-08-30T19:04:27.050Z,2026-08-30T21:04:59.710Z,7232,2026-08-30T21:04:59.710Z,V12,Downtown Denver,ba679216-ee2b-4344-afb9-134290faf502,SAMMS-VCPHCS-XII-DowntownDenverV5
202608302104537388,202608301904171578,202608301904170791,85,1857,Bronze INV,br_Appointments,TASK_COMPLETE,SUCCESS,INFO,18913,18913,0,,2026-08-30T19:04:27.050Z,2026-08-30T21:04:59.710Z,7232,2026-08-30T21:04:59.710Z,V12A,Centennial,ba679216-ee2b-4344-afb9-134290faf502,SAMMS-CentennialV5
202608302104537389,202608301904171579,202608301904170791,85,1858,Bronze INV,br_Appointments,TASK_COMPLETE,SUCCESS,INFO,9735,9735,0,,2026-08-30T19:04:27.050Z,2026-08-30T21:04:59.710Z,7232,2026-08-30T21:04:59.710Z,V14,Overland Park,ba679216-ee2b-4344-afb9-134290faf502,SAMMS-VCPHCS-XIV-BridgewayV5
202608302104537390,202608301904171580,202608301904170791,85,1859,Bronze INV,br_Appointments,TASK_COMPLETE,SUCCESS,INFO,5424,5424,0,,2026-08-30T19:04:27.050Z,2026-08-30T21:04:59.710Z,7232,2026-08-30T21:04:59.710Z,V15,Joplin,ba679216-ee2b-4344-afb9-134290faf502,SAMMS-JoplinV5
202608302104537391,202608301904171581,202608301904170791,85,1861,Bronze INV,br_Appointments,TASK_COMPLETE,SUCCESS,INFO,9006,9006,0,,2026-08-30T19:04:27.050Z,2026-08-30T21:04:59.710Z,7232,2026-08-30T21:04:59.710Z,V17,Columbia TN,ba679216-ee2b-4344-afb9-134290faf502,SAMMS-ColumbiaTNv5
202608302104537393,202608301904171582,202608301904170791,85,1863,Bronze INV,br_Appointments,TASK_COMPLETE,SUCCESS,INFO,31203,31203,0,,2026-08-30T19:04:27.050Z,2026-08-30T21:04:59.710Z,7232,2026-08-30T21:04:59.710Z,V19,Jackson,ba679216-ee2b-4344-afb9-134290faf502,SAMMS-JacksonV5
202608302104537394,202608301904171583,202608301904170791,85,1865,Bronze INV,br_Appointments,TASK_COMPLETE,SUCCESS,INFO,30595,30595,0,,2026-08-30T19:04:27.050Z,2026-08-30T21:04:59.710Z,7232,2026-08-30T21:04:59.710Z,V20,Paris,ba679216-ee2b-4344-afb9-134290faf502,SAMMS-ParisV5
202608302104537395,202608301904171584,202608301904170791,85,1866,Bronze INV,br_Appointments,TASK_COMPLETE,SUCCESS,INFO,38464,38464,0,,2026-08-30T19:04:27.050Z,2026-08-30T21:04:59.710Z,7232,2026-08-30T21:04:59.710Z,V21,Memphis North,ba679216-ee2b-4344-afb9-134290faf502,SAMMS-RaleighV5
202608302104537396,202608301904171585,202608301904170791,85,1869,Bronze INV,br_Appointments,TASK_COMPLETE,SUCCESS,INFO,25259,25259,0,,2026-08-30T19:04:27.050Z,2026-08-30T21:04:59.710Z,7232,2026-08-30T21:04:59.710Z,V5,West Bank,ba679216-ee2b-4344-afb9-134290faf502,SAMMS-NONTCv5
202608302104537397,202608301904171586,202608301904170791,85,1871,Bronze INV,br_Appointments,TASK_COMPLETE,SUCCESS,INFO,4743,4743,0,,2026-08-30T19:04:27.050Z,2026-08-30T21:04:59.710Z,7232,2026-08-30T21:04:59.710Z,V5B,Houma,ba679216-ee2b-4344-afb9-134290faf502,SAMMS-HoumaV6
202608302104537398,202608301904171587,202608301904170791,85,1872,Bronze INV,br_Appointments,TASK_COMPLETE,SUCCESS,INFO,44157,44157,0,,2026-08-30T19:04:27.050Z,2026-08-30T21:04:59.710Z,7232,2026-08-30T21:04:59.710Z,V6,Lake Charles,ba679216-ee2b-4344-afb9-134290faf502,SAMMS-LCv5
202608302104537399,202608301904171588,202608301904170791,85,1874,Bronze INV,br_Appointments,TASK_COMPLETE,SUCCESS,INFO,13404,13404,0,,2026-08-30T19:04:27.050Z,2026-08-30T21:04:59.710Z,7232,2026-08-30T21:04:59.710Z,V8,Memphis Midtown,ba679216-ee2b-4344-afb9-134290faf502,SAMMS-VCPHCS-VIII-MemphisV5
202608302104537400,202608301904171589,202608301904170791,85,1875,Bronze INV,br_Appointments,TASK_COMPLETE,SUCCESS,INFO,56958,56958,0,,2026-08-30T19:04:27.050Z,2026-08-30T21:04:59.710Z,7232,2026-08-30T21:04:59.710Z,V9,Nashville,ba679216-ee2b-4344-afb9-134290faf502,SAMMS-NashvilleV5
202609030657208264,202609030657208264,20260903065411,141,13755,Address Roster Report,addressroster,TASK_FAILED,FAILED,ERROR,0,0,1,"[TABLE_OR_VIEW_NOT_FOUND] The table or view `bhg_silver`.`ukg`.`employementdetails` cannot be found. Verify the spelling and correctness of the schema and catalog. If you did not qualify the name with a schema, verify the current_schema() output, or qualify the name with the correct schema and catalog. To tolerate the error on drop use DROP VIEW IF EXISTS or DROP TABLE IF EXISTS.; line 23 pos 18; ''Project [''b.EmployeeNumber, ''a.firstName, ''a.LastName, ''a.middleName, ''a.addressLine1, ''a.AddressLine2, ''a.addressCity, ''a.addressCounty, ''a.addressState, ''a.addressZipCode, ''a.addressCountry, ''a.emailAddressAlternate AS HomeEmail#43336, ''a.emailAddress AS WorkEmail#43337, ''a.homePhone, ''c.longDescription AS JobTitle#43338, ''c.jobFamilyCode, ''d.Manager, ''e.description AS WorkLocation#43339, ''b.employeeStatusCode] +- ''Filter ''b.employeeStatusCode IN (A,L) +- ''Join LeftOuter, (''b.primaryWorkLocationCode = ''e.locationcode) :- ''Join LeftOuter, (''b.employeeNumber = ''d.E",2026-09-03T06:57:20.826Z,2026-09-03T06:57:38.342Z,17,2026-09-03T06:57:38.342Z,,,e509dc85-8900-4f7a-939b-cd9669a98c45,
202608302104537795,202608301904171932,202608301904170791,85,954,Bronze INV,br_AdmissionAssessmentDimensionOneDisorder,TASK_COMPLETE,SUCCESS,INFO,582,582,0,,2026-08-30T19:04:27.050Z,2026-08-30T21:04:59.710Z,7232,2026-08-30T21:04:59.710Z,V8,Memphis Midtown,ba679216-ee2b-4344-afb9-134290faf502,SAMMS-VCPHCS-VIII-MemphisV5
202608302104537796,202608301904171933,202608301904170791,85,955,Bronze INV,br_AdmissionAssessmentDimensionOneDisorder,TASK_COMPLETE,SUCCESS,INFO,1629,1629,0,,2026-08-30T19:04:27.050Z,2026-08-30T21:04:59.710Z,7232,2026-08-30T21:04:59.710Z,V9,Nashville,ba679216-ee2b-4344-afb9-134290faf502,SAMMS-NashvilleV5
202608302104537797,202608301904171934,202608301904170791,85,956,Bronze INV,br_AdmissionAssessmentDimensionOneDisorder,TASK_COMPLETE,SUCCESS,INFO,349,349,0,,2026-08-30T19:04:27.050Z,2026-08-30T21:04:59.710Z,7232,2026-08-30T21:04:59.710Z,VBRA,Brainerd,ba679216-ee2b-4344-afb9-134290faf502,SAMMS-BrainerdV6
202608302104537798,202608301904171935,202608301904170791,85,957,Bronze INV,br_AdmissionAssessmentDimensionOneDisorder,TASK_COMPLETE,SUCCESS,INFO,615,615,0,,2026-08-30T19:04:27.050Z,2026-08-30T21:04:59.710Z,7232,2026-08-30T21:04:59.710Z,VBRP,Brooklyn Park,ba679216-ee2b-4344-afb9-134290faf502,SAMMS-BrooklynParkV6
202608302104537799,202608301904171936,202608301904170791,85,959,Bronze INV,br_AdmissionAssessmentDimensionOneDisorder,TASK_COMPLETE,SUCCESS,INFO,585,585,0,,2026-08-30T19:04:27.050Z,2026-08-30T21:04:59.710Z,7232,2026-08-30T21:04:59.710Z,VMIN,Minneapolis,ba679216-ee2b-4344-afb9-134290faf502,SAMMS-MinneapolisV6
202608302104537800,202608301904171937,202608301904170791,85,960,Bronze INV,br_AdmissionAssessmentDimensionOneDisorder,TASK_COMPLETE,SUCCESS,INFO,1131,1131,0,,2026-08-30T19:04:27.050Z,2026-08-30T21:04:59.710Z,7232,2026-08-30T21:04:59.710Z,VWBY,Woodbury,ba679216-ee2b-4344-afb9-134290faf502,SAMMS-WoodburyV6
202608302104537801,202608301904171938,202608301904170791,85,962,Bronze INV,br_AdmissionAssessmentDimensionOneDisorder,TASK_COMPLETE,SUCCESS,INFO,440,440,0,,2026-08-30T19:04:27.050Z,2026-08-30T21:04:59.710Z,7232,2026-08-30T21:04:59.710Z,WIL,Wilson,ba679216-ee2b-4344-afb9-134290faf502,SAMMS-Wilson
202608302104537803,202608301904171939,202608301904170791,85,1334,Bronze INV,br_AdmissionAssessmentDimensionTwo,TASK_COMPLETE,SUCCESS,INFO,100,100,0,,2026-08-30T19:04:27.050Z,2026-08-30T21:04:59.710Z,7232,2026-08-30T21:04:59.710Z,AHK,Ahoskie,ba679216-ee2b-4344-afb9-134290faf502,SAMMS-Ahoskie
202608302104537804,202608301904171940,202608301904170791,85,1335,Bronze INV,br_AdmissionAssessmentDimensionTwo,TASK_COMPLETE,SUCCESS,INFO,789,789,0,,2026-08-30T19:04:27.050Z,2026-08-30T21:04:59.710Z,7232,2026-08-30T21:04:59.710Z,B12B,Colorado Springs,ba679216-ee2b-4344-afb9-134290faf502,SAMMS-ColoradoSpringsV5
202608302104537805,202608301904171941,202608301904170791,85,1336,Bronze INV,br_AdmissionAssessmentDimensionTwo,TASK_COMPLETE,SUCCESS,INFO,415,415,0,,2026-08-30T19:04:27.050Z,2026-08-30T21:04:59.710Z,7232,2026-08-30T21:04:59.710Z,B24,Paintsville,ba679216-ee2b-4344-afb9-134290faf502,SAMMS-PaintsvilleV5
202608302104537806,202608301904171942,202608301904170791,85,1337,Bronze INV,br_AdmissionAssessmentDimensionTwo,TASK_COMPLETE,SUCCESS,INFO,172,172,0,,2026-08-30T19:04:27.050Z,2026-08-30T21:04:59.710Z,7232,2026-08-30T21:04:59.710Z,B25,Pikeville,ba679216-ee2b-4344-afb9-134290faf502,SAMMS-PikevilleV5
202608302104537807,202608301904171943,202608301904170791,85,1338,Bronze INV,br_AdmissionAssessmentDimensionTwo,TASK_COMPLETE,SUCCESS,INFO,496,496,0,,2026-08-30T19:04:27.050Z,2026-08-30T21:04:59.710Z,7232,2026-08-30T21:04:59.710Z,B26,Hazard,ba679216-ee2b-4344-afb9-134290faf502,SAMMS-HazardV5
202608302104537808,202608301904171944,202608301904170791,85,1339,Bronze INV,br_AdmissionAssessmentDimensionTwo,TASK_COMPLETE,SUCCESS,INFO,188,188,0,,2026-08-30T19:04:27.050Z,2026-08-30T21:04:59.710Z,7232,2026-08-30T21:04:59.710Z,B27,Savannah,ba679216-ee2b-4344-afb9-134290faf502,SAMMS-SavannahV6
202608302104537809,202608301904171945,202608301904170791,85,1340,Bronze INV,br_AdmissionAssessmentDimensionTwo,TASK_COMPLETE,SUCCESS,INFO,234,234,0,,2026-08-30T19:04:27.050Z,2026-08-30T21:04:59.710Z,7232,2026-08-30T21:04:59.710Z,B28,West Plains,ba679216-ee2b-4344-afb9-134290faf502,SAMMS-WestPlainesV5
202608302104537811,202608301904171946,202608301904170791,85,1341,Bronze INV,br_AdmissionAssessmentDimensionTwo,TASK_COMPLETE,SUCCESS,INFO,261,261,0,,2026-08-30T19:04:27.050Z,2026-08-30T21:04:59.710Z,7232,2026-08-30T21:04:59.710Z,B29,Poplar Bluff,ba679216-ee2b-4344-afb9-134290faf502,SAMMS-PoplarBluffV5
202608302104537812,202608301904171947,202608301904170791,85,1342,Bronze INV,br_AdmissionAssessmentDimensionTwo,TASK_COMPLETE,SUCCESS,INFO,146,146,0,,2026-08-30T19:04:27.050Z,2026-08-30T21:04:59.710Z,7232,2026-08-30T21:04:59.710Z,B30,KC North,ba679216-ee2b-4344-afb9-134290faf502,SAMMS-KCNv5
202608302104537813,202608301904171948,202608301904170791,85,1343,Bronze INV,br_AdmissionAssessmentDimensionTwo,TASK_COMPLETE,SUCCESS,INFO,350,350,0,,2026-08-30T19:04:27.050Z,2026-08-30T21:04:59.710Z,7232,2026-08-30T21:04:59.710Z,B31,Dyersburg,ba679216-ee2b-4344-afb9-134290faf502,SAMMS-DyersburgV5
202608302104537814,202608301904171949,202608301904170791,85,1345,Bronze INV,br_AdmissionAssessmentDimensionTwo,TASK_COMPLETE,SUCCESS,INFO,213,213,0,,2026-08-30T19:04:27.050Z,2026-08-30T21:04:59.710Z,7232,2026-08-30T21:04:59.710Z,B33,Paducah,ba679216-ee2b-4344-afb9-134290faf502,SAMMS-Paducah
202608302104537815,202608301904171950,202608301904170791,85,1346,Bronze INV,br_AdmissionAssessmentDimensionTwo,TASK_COMPLETE,SUCCESS,INFO,449,449,0,,2026-08-30T19:04:27.050Z,2026-08-30T21:04:59.710Z,7232,2026-08-30T21:04:59.710Z,B34,Corbin,ba679216-ee2b-4344-afb9-134290faf502,SAMMS-CorbinV5
202608302104537816,202608301904171951,202608301904170791,85,1347,Bronze INV,br_AdmissionAssessmentDimensionTwo,TASK_COMPLETE,SUCCESS,INFO,719,719,0,,2026-08-30T19:04:27.050Z,2026-08-30T21:04:59.710Z,7232,2026-08-30T21:04:59.710Z,B35,Lexington,ba679216-ee2b-4344-afb9-134290faf502,SAMMS-LexingtonV5
202608302104537817,202608301904171952,202608301904170791,85,1348,Bronze INV,br_AdmissionAssessmentDimensionTwo,TASK_COMPLETE,SUCCESS,INFO,345,345,0,,2026-08-30T19:04:27.050Z,2026-08-30T21:04:59.710Z,7232,2026-08-30T21:04:59.710Z,B35A,Berea,ba679216-ee2b-4344-afb9-134290faf502,SAMMS-BereaV5
202608302104537819,202608301904171953,202608301904170791,85,1349,Bronze INV,br_AdmissionAssessmentDimensionTwo,TASK_COMPLETE,SUCCESS,INFO,611,611,0,,2026-08-30T19:04:27.050Z,2026-08-30T21:04:59.710Z,7232,2026-08-30T21:04:59.710Z,B36,Asheville,ba679216-ee2b-4344-afb9-134290faf502,SAMMS-AshevilleV5
202608302104537820,202608301904171954,202608301904170791,85,1350,Bronze INV,br_AdmissionAssessmentDimensionTwo,TASK_COMPLETE,SUCCESS,INFO,453,453,0,,2026-08-30T19:04:27.050Z,2026-08-30T21:04:59.710Z,7232,2026-08-30T21:04:59.710Z,B37,Clyde,ba679216-ee2b-4344-afb9-134290faf502,SAMMS-ClydeV5
202608302104537821,202608301904171955,202608301904170791,85,1351,Bronze INV,br_AdmissionAssessmentDimensionTwo,TASK_COMPLETE,SUCCESS,INFO,634,634,0,,2026-08-30T19:04:27.050Z,2026-08-30T21:04:59.710Z,7232,2026-08-30T21:04:59.710Z,B38,Spartanburg,ba679216-ee2b-4344-afb9-134290faf502,SAMMS-SpartanburgV5
202608302104537822,202608301904171956,202608301904170791,85,1352,Bronze INV,br_AdmissionAssessmentDimensionTwo,TASK_COMPLETE,SUCCESS,INFO,484,484,0,,2026-08-30T19:04:27.050Z,2026-08-30T21:04:59.710Z,7232,2026-08-30T21:04:59.710Z,B39,Aiken,ba679216-ee2b-4344-afb9-134290faf502,SAMMS-AikenV5
202608302104537823,202608301904171957,202608301904170791,85,1353,Bronze INV,br_AdmissionAssessmentDimensionTwo,TASK_COMPLETE,SUCCESS,INFO,301,301,0,,2026-08-30T19:04:27.050Z,2026-08-30T21:04:59.710Z,7232,2026-08-30T21:04:59.710Z,B41,Chesapeake,ba679216-ee2b-4344-afb9-134290faf502,SAMMS-ChesapeakeV5
202608302104537825,202608301904171958,202608301904170791,85,1354,Bronze INV,br_AdmissionAssessmentDimensionTwo,TASK_COMPLETE,SUCCESS,INFO,540,540,0,,2026-08-30T19:04:27.050Z,2026-08-30T21:04:59.710Z,7232,2026-08-30T21:04:59.710Z,B42,Virginia Beach,ba679216-ee2b-4344-afb9-134290faf502,SAMMS-VirginiaBeachV5
202608302104537826,202608301904171959,202608301904170791,85,1355,Bronze INV,br_AdmissionAssessmentDimensionTwo,TASK_COMPLETE,SUCCESS,INFO,168,168,0,,2026-08-30T19:04:27.050Z,2026-08-30T21:04:59.710Z,7232,2026-08-30T21:04:59.710Z,B42A,Newport News,ba679216-ee2b-4344-afb9-134290faf502,SAMMS-NewportNewsV5
202608302104537827,202608301904171960,202608301904170791,85,1356,Bronze INV,br_AdmissionAssessmentDimensionTwo,TASK_COMPLETE,SUCCESS,INFO,57,57,0,,2026-08-30T19:04:27.050Z,2026-08-30T21:04:59.710Z,7232,2026-08-30T21:04:59.710Z,B42B,Franklin,ba679216-ee2b-4344-afb9-134290faf502,SAMMS-FranklinV5
202608302104537828,202608301904171961,202608301904170791,85,1357,Bronze INV,br_AdmissionAssessmentDimensionTwo,TASK_COMPLETE,SUCCESS,INFO,340,340,0,,2026-08-30T19:04:27.050Z,2026-08-30T21:04:59.710Z,7232,2026-08-30T21:04:59.710Z,B42C,Glen Allen,ba679216-ee2b-4344-afb9-134290faf502,SAMMS-GlenAllenV5
202608302104537829,202608301904171962,202608301904170791,85,1358,Bronze INV,br_AdmissionAssessmentDimensionTwo,TASK_COMPLETE,SUCCESS,INFO,176,176,0,,2026-08-30T19:04:27.050Z,2026-08-30T21:04:59.710Z,7232,2026-08-30T21:04:59.710Z,B42D,Chesapeake South,ba679216-ee2b-4344-afb9-134290faf502,SAMMS-ChesapeakeSouthV5
202608302104537830,202608301904171963,202608301904170791,85,1359,Bronze INV,br_AdmissionAssessmentDimensionTwo,TASK_COMPLETE,SUCCESS,INFO,211,211,0,,2026-08-30T19:04:27.050Z,2026-08-30T21:04:59.710Z,7232,2026-08-30T21:04:59.710Z,B44,Albany,ba679216-ee2b-4344-afb9-134290faf502,SAMMS-AlbanyV5
202608302104537831,202608301904171964,202608301904170791,85,1360,Bronze INV,br_AdmissionAssessmentDimensionTwo,TASK_COMPLETE,SUCCESS,INFO,306,306,0,,2026-08-30T19:04:27.050Z,2026-08-30T21:04:59.710Z,7232,2026-08-30T21:04:59.710Z,B45,Tifton,ba679216-ee2b-4344-afb9-134290faf502,SAMMS-TiftonV5
202608302104537832,202608301904171965,202608301904170791,85,1361,Bronze INV,br_AdmissionAssessmentDimensionTwo,TASK_COMPLETE,SUCCESS,INFO,668,668,0,,2026-08-30T19:04:27.050Z,2026-08-30T21:04:59.710Z,7232,2026-08-30T21:04:59.710Z,B46,Washington DC,ba679216-ee2b-4344-afb9-134290faf502,SAMMS-WashingtonDCv5
202608302104537834,202608301904171966,202608301904170791,85,1362,Bronze INV,br_AdmissionAssessmentDimensionTwo,TASK_COMPLETE,SUCCESS,INFO,361,361,0,,2026-08-30T19:04:27.050Z,2026-08-30T21:04:59.710Z,7232,2026-08-30T21:04:59.710Z,B47,Mobile,ba679216-ee2b-4344-afb9-134290faf502,SAMMS-MobileV5
202608302104537835,202608301904171967,202608301904170791,85,1363,Bronze INV,br_AdmissionAssessmentDimensionTwo,TASK_COMPLETE,SUCCESS,INFO,452,452,0,,2026-08-30T19:04:27.050Z,2026-08-30T21:04:59.710Z,7232,2026-08-30T21:04:59.710Z,B48,Tuscaloosa,ba679216-ee2b-4344-afb9-134290faf502,SAMMS-TuscaloosaV5
202608302104537836,202608301904171968,202608301904170791,85,1372,Bronze INV,br_AdmissionAssessmentDimensionTwo,TASK_COMPLETE,SUCCESS,INFO,315,315,0,,2026-08-30T19:04:27.050Z,2026-08-30T21:04:59.710Z,7232,2026-08-30T21:04:59.710Z,B51,N. Little Rock (OTP),ba679216-ee2b-4344-afb9-134290faf502,SAMMS-NorthLittleRockV6
202608302104537837,202608301904171969,202608301904170791,85,1373,Bronze INV,br_AdmissionAssessmentDimensionTwo,TASK_COMPLETE,SUCCESS,INFO,160,160,0,,2026-08-30T19:04:27.050Z,2026-08-30T21:04:59.710Z,7232,2026-08-30T21:04:59.710Z,B52,Jackson GA,ba679216-ee2b-4344-afb9-134290faf502,SAMMS-JacksonGAV5
202608302104537838,202608301904171970,202608301904170791,85,1374,Bronze INV,br_AdmissionAssessmentDimensionTwo,TASK_COMPLETE,SUCCESS,INFO,481,481,0,,2026-08-30T19:04:27.050Z,2026-08-30T21:04:59.710Z,7232,2026-08-30T21:04:59.710Z,B54,Gadsden,ba679216-ee2b-4344-afb9-134290faf502,SAMMS-GadsdenV5
202608302104537839,202608301904171971,202608301904170791,85,1375,Bronze INV,br_AdmissionAssessmentDimensionTwo,TASK_COMPLETE,SUCCESS,INFO,492,492,0,,2026-08-30T19:04:27.050Z,2026-08-30T21:04:59.710Z,7232,2026-08-30T21:04:59.710Z,B55,Shoals,ba679216-ee2b-4344-afb9-134290faf502,SAMMS-ShoalsV5
202608302104537841,202608301904171972,202608301904170791,85,1376,Bronze INV,br_AdmissionAssessmentDimensionTwo,TASK_COMPLETE,SUCCESS,INFO,174,174,0,,2026-08-30T19:04:27.050Z,2026-08-30T21:04:59.710Z,7232,2026-08-30T21:04:59.710Z,B57,Pawtucket,ba679216-ee2b-4344-afb9-134290faf502,SAMMS-Pawtucket
202608302104537842,202608301904171973,202608301904170791,85,1377,Bronze INV,br_AdmissionAssessmentDimensionTwo,TASK_COMPLETE,SUCCESS,INFO,172,172,0,,2026-08-30T19:04:27.050Z,2026-08-30T21:04:59.710Z,7232,2026-08-30T21:04:59.710Z,B57A,Johnston,ba679216-ee2b-4344-afb9-134290faf502,SAMMS-Johnston
202608302104537843,202608301904171974,202608301904170791,85,1378,Bronze INV,br_AdmissionAssessmentDimensionTwo,TASK_COMPLETE,SUCCESS,INFO,92,92,0,,2026-08-30T19:04:27.050Z,2026-08-30T21:04:59.710Z,7232,2026-08-30T21:04:59.710Z,B57B,Middletown,ba679216-ee2b-4344-afb9-134290faf502,SAMMS-Middletown
202608302104537844,202608301904171975,202608301904170791,85,1379,Bronze INV,br_AdmissionAssessmentDimensionTwo,TASK_COMPLETE,SUCCESS,INFO,182,182,0,,2026-08-30T19:04:27.050Z,2026-08-30T21:04:59.710Z,7232,2026-08-30T21:04:59.710Z,B57C,Providence,ba679216-ee2b-4344-afb9-134290faf502,SAMMS-Providence
202608302104537845,202608301904171976,202608301904170791,85,1380,Bronze INV,br_AdmissionAssessmentDimensionTwo,TASK_COMPLETE,SUCCESS,INFO,260,260,0,,2026-08-30T19:04:27.050Z,2026-08-30T21:04:59.710Z,7232,2026-08-30T21:04:59.710Z,B57D,Westerly,ba679216-ee2b-4344-afb9-134290faf502,SAMMS-Westerly
202608302104537846,202608301904171977,202608301904170791,85,1384,Bronze INV,br_AdmissionAssessmentDimensionTwo,TASK_COMPLETE,SUCCESS,INFO,364,364,0,,2026-08-30T19:04:27.050Z,2026-08-30T21:04:59.710Z,7232,2026-08-30T21:04:59.710Z,B66A,Bremen,ba679216-ee2b-4344-afb9-134290faf502,SAMMS-Bremen
202608302104537847,202608301904171978,202608301904170791,85,1387,Bronze INV,br_AdmissionAssessmentDimensionTwo,TASK_COMPLETE,SUCCESS,INFO,16,16,0,,2026-08-30T19:04:27.050Z,2026-08-30T21:04:59.710Z,7232,2026-08-30T21:04:59.710Z,B72,Mobile (OBOT),ba679216-ee2b-4344-afb9-134290faf502,SAMMS-Mobile-OBOT
202608302104537849,202608301904171979,202608301904170791,85,1388,Bronze INV,br_AdmissionAssessmentDimensionTwo,TASK_COMPLETE,SUCCESS,INFO,5,5,0,,2026-08-30T19:04:27.050Z,2026-08-30T21:04:59.710Z,7232,2026-08-30T21:04:59.710Z,B73,Montgomery,ba679216-ee2b-4344-afb9-134290faf502,SAMMS-Montgomery
202608302104537850,202608301904171980,202608301904170791,85,1389,Bronze INV,br_AdmissionAssessmentDimensionTwo,TASK_COMPLETE,SUCCESS,INFO,323,323,0,,2026-08-30T19:04:27.050Z,2026-08-30T21:04:59.710Z,7232,2026-08-30T21:04:59.710Z,B75,Lawrence,ba679216-ee2b-4344-afb9-134290faf502,SAMMS-LawrenceV6
202608302104537851,202608301904171981,202608301904170791,85,1390,Bronze INV,br_AdmissionAssessmentDimensionTwo,TASK_COMPLETE,SUCCESS,INFO,51,51,0,,2026-08-30T19:04:27.050Z,2026-08-30T21:04:59.710Z,7232,2026-08-30T21:04:59.710Z,B76,Huntsville OBOT,ba679216-ee2b-4344-afb9-134290faf502,SAMMS-Huntsville-OBOT
202608302104537852,202608301904171982,202608301904170791,85,1391,Bronze INV,br_AdmissionAssessmentDimensionTwo,TASK_COMPLETE,SUCCESS,INFO,302,302,0,,2026-08-30T19:04:27.050Z,2026-08-30T21:04:59.710Z,7232,2026-08-30T21:04:59.710Z,BAT,Batesville,ba679216-ee2b-4344-afb9-134290faf502,SAMMS-Batesville
202608302104537853,202608301904171983,202608301904170791,85,1392,Bronze INV,br_AdmissionAssessmentDimensionTwo,TASK_COMPLETE,SUCCESS,INFO,238,238,0,,2026-08-30T19:04:27.050Z,2026-08-30T21:04:59.710Z,7232,2026-08-30T21:04:59.710Z,BG,Bowling Green,ba679216-ee2b-4344-afb9-134290faf502,SAMMS-BowlingGreen
202608302104537854,202608301904171984,202608301904170791,85,1393,Bronze INV,br_AdmissionAssessmentDimensionTwo,TASK_COMPLETE,SUCCESS,INFO,222,222,0,,2026-08-30T19:04:27.050Z,2026-08-30T21:04:59.710Z,7232,2026-08-30T21:04:59.710Z,BOI,Boise,ba679216-ee2b-4344-afb9-134290faf502,SAMMS-Boise
202608302104537855,202608301904171985,202608301904170791,85,1400,Bronze INV,br_AdmissionAssessmentDimensionTwo,TASK_COMPLETE,SUCCESS,INFO,286,286,0,,2026-08-30T19:04:27.050Z,2026-08-30T21:04:59.710Z,7232,2026-08-30T21:04:59.710Z,CBCO,Coeur dAlene,ba679216-ee2b-4344-afb9-134290faf502,SAMMS-CoeurdAleneV6
202608302104537856,202608301904171986,202608301904170791,85,1419,Bronze INV,br_AdmissionAssessmentDimensionTwo,TASK_COMPLETE,SUCCESS,INFO,304,304,0,,2026-08-30T19:04:27.050Z,2026-08-30T21:04:59.710Z,7232,2026-08-30T21:04:59.710Z,CON,Conway,ba679216-ee2b-4344-afb9-134290faf502,SAMMS-Conway
202608302104537858,202608301904171987,202608301904170791,85,1420,Bronze INV,br_AdmissionAssessmentDimensionTwo,TASK_COMPLETE,SUCCESS,INFO,1571,1571,0,,2026-08-30T19:04:27.050Z,2026-08-30T21:04:59.710Z,7232,2026-08-30T21:04:59.710Z,D07,Medical Services Knox TN,ba679216-ee2b-4344-afb9-134290faf502,SAMMS-KnoxvilleV6
202608302104537859,202608301904171988,202608301904170791,85,1421,Bronze INV,br_AdmissionAssessmentDimensionTwo,TASK_COMPLETE,SUCCESS,INFO,976,976,0,,2026-08-30T19:04:27.050Z,2026-08-30T21:04:59.710Z,7232,2026-08-30T21:04:59.710Z,D08,Madison,ba679216-ee2b-4344-afb9-134290faf502,SAMMS-MadisonV6
202608302104537860,202608301904171989,202608301904170791,85,1423,Bronze INV,br_AdmissionAssessmentDimensionTwo,TASK_COMPLETE,SUCCESS,INFO,946,946,0,,2026-08-30T19:04:27.050Z,2026-08-30T21:04:59.710Z,7232,2026-08-30T21:04:59.710Z,D09,Murfreesboro,ba679216-ee2b-4344-afb9-134290faf502,SAMMS-MurfreesboroV6
202608302104537861,202608301904171990,202608301904170791,85,1424,Bronze INV,br_AdmissionAssessmentDimensionTwo,TASK_COMPLETE,SUCCESS,INFO,219,219,0,,2026-08-30T19:04:27.050Z,2026-08-30T21:04:59.710Z,7232,2026-08-30T21:04:59.710Z,DA,Davenport,ba679216-ee2b-4344-afb9-134290faf502,SAMMS-Davenport
202608302104537862,202608301904171991,202608301904170791,85,1425,Bronze INV,br_AdmissionAssessmentDimensionTwo,TASK_COMPLETE,SUCCESS,INFO,354,354,0,,2026-08-30T19:04:27.050Z,2026-08-30T21:04:59.710Z,7232,2026-08-30T21:04:59.710Z,DM,Des Moines,ba679216-ee2b-4344-afb9-134290faf502,SAMMS-DesMoines
202608302104537863,202608301904171992,202608301904170791,85,1427,Bronze INV,br_AdmissionAssessmentDimensionTwo,TASK_COMPLETE,SUCCESS,INFO,479,479,0,,2026-08-30T19:04:27.050Z,2026-08-30T21:04:59.710Z,7232,2026-08-30T21:04:59.710Z,DRD-CO,Columbia MO,ba679216-ee2b-4344-afb9-134290faf502,SAMMS-ColumbiaV5
202608302104537864,202608301904171993,202608301904170791,85,1428,Bronze INV,br_AdmissionAssessmentDimensionTwo,TASK_COMPLETE,SUCCESS,INFO,595,595,0,,2026-08-30T19:04:27.050Z,2026-08-30T21:04:59.710Z,7232,2026-08-30T21:04:59.710Z,DRD-KC,KC,ba679216-ee2b-4344-afb9-134290faf502,SAMMS-KCv5
202608302104537866,202608301904171994,202608301904170791,85,1429,Bronze INV,br_AdmissionAssessmentDimensionTwo,TASK_COMPLETE,SUCCESS,INFO,951,951,0,,2026-08-30T19:04:27.050Z,2026-08-30T21:04:59.710Z,7232,2026-08-30T21:04:59.710Z,DRD-KVB,KVB,ba679216-ee2b-4344-afb9-134290faf502,SAMMS-KVBv5
202608302104537867,202608301904171995,202608301904170791,85,1430,Bronze INV,br_AdmissionAssessmentDimensionTwo,TASK_COMPLETE,SUCCESS,INFO,1577,1577,0,,2026-08-30T19:04:27.050Z,2026-08-30T21:04:59.710Z,7232,2026-08-30T21:04:59.710Z,DRD-KVC,KVC,ba679216-ee2b-4344-afb9-134290faf502,SAMMS-KVCv5
202608302104537868,202608301904171996,202608301904170791,85,1431,Bronze INV,br_AdmissionAssessmentDimensionTwo,TASK_COMPLETE,SUCCESS,INFO,1257,1257,0,,2026-08-30T19:04:27.050Z,2026-08-30T21:04:59.710Z,7232,2026-08-30T21:04:59.710Z,DRD-NOLA,NOLA,ba679216-ee2b-4344-afb9-134290faf502,SAMMS-NOLAv5
202608302104537869,202608301904171997,202608301904170791,85,1432,Bronze INV,br_AdmissionAssessmentDimensionTwo,TASK_COMPLETE,SUCCESS,INFO,750,750,0,,2026-08-30T19:04:27.050Z,2026-08-30T21:04:59.710Z,7232,2026-08-30T21:04:59.710Z,DRD-SF,Springfield,ba679216-ee2b-4344-afb9-134290faf502,SAMMS-SFv5
202608302104537870,202608301904171998,202608301904170791,85,1434,Bronze INV,br_AdmissionAssessmentDimensionTwo,TASK_COMPLETE,SUCCESS,INFO,254,254,0,,2026-08-30T19:04:27.050Z,2026-08-30T21:04:59.710Z,7232,2026-08-30T21:04:59.710Z,ELC,Elizabeth City,ba679216-ee2b-4344-afb9-134290faf502,SAMMS-ElizabethCity
202608302104537871,202608301904171999,202608301904170791,85,1435,Bronze INV,br_AdmissionAssessmentDimensionTwo,TASK_COMPLETE,SUCCESS,INFO,264,264,0,,2026-08-30T19:04:27.050Z,2026-08-30T21:04:59.710Z,7232,2026-08-30T21:04:59.710Z,ET,Elizabethtown,ba679216-ee2b-4344-afb9-134290faf502,SAMMS-Elizabethtown
202608302104537872,202608301904172000,202608301904170791,85,1436,Bronze INV,br_AdmissionAssessmentDimensionTwo,TASK_COMPLETE,SUCCESS,INFO,234,234,0,,2026-08-30T19:04:27.050Z,2026-08-30T21:04:59.710Z,7232,2026-08-30T21:04:59.710Z,FAY,Fayetteville,ba679216-ee2b-4344-afb9-134290faf502,SAMMS-Fayetteville
202608302104537873,202608301904172001,202608301904170791,85,1437,Bronze INV,br_AdmissionAssessmentDimensionTwo,TASK_COMPLETE,SUCCESS,INFO,179,179,0,,2026-08-30T19:04:27.050Z,2026-08-30T21:04:59.710Z,7232,2026-08-30T21:04:59.710Z,FR,Frankfort,ba679216-ee2b-4344-afb9-134290faf502,SAMMS-Frankfort
202608302104537875,202608301904172002,202608301904170791,85,1438,Bronze INV,br_AdmissionAssessmentDimensionTwo,TASK_COMPLETE,SUCCESS,INFO,283,283,0,,2026-08-30T19:04:27.050Z,2026-08-30T21:04:59.710Z,7232,2026-08-30T21:04:59.710Z,FS,Fort Smith,ba679216-ee2b-4344-afb9-134290faf502,SAMMS-FortSmith
202608302104537876,202608301904172003,202608301904170791,85,1439,Bronze INV,br_AdmissionAssessmentDimensionTwo,TASK_COMPLETE,SUCCESS,INFO,683,683,0,,2026-08-30T19:04:27.050Z,2026-08-30T21:04:59.710Z,7232,2026-08-30T21:04:59.710Z,FW,Fort Wayne,ba679216-ee2b-4344-afb9-134290faf502,SAMMS-FortWayne
202608302104537877,202608301904172004,202608301904170791,85,1440,Bronze INV,br_AdmissionAssessmentDimensionTwo,TASK_COMPLETE,SUCCESS,INFO,106,106,0,,2026-08-30T19:04:27.050Z,2026-08-30T21:04:59.710Z,7232,2026-08-30T21:04:59.710Z,GAL,Gaylord,ba679216-ee2b-4344-afb9-134290faf502,SAMMS-Gaylord
202608302104537878,202608301904172005,202608301904170791,85,1444,Bronze INV,br_AdmissionAssessmentDimensionTwo,TASK_COMPLETE,SUCCESS,INFO,626,626,0,,2026-08-30T19:04:27.050Z,2026-08-30T21:04:59.710Z,7232,2026-08-30T21:04:59.710Z,HGT,Hagerstown,ba679216-ee2b-4344-afb9-134290faf502,SAMMS-Hagerstown
202608302104537879,202608301904172006,202608301904170791,85,1445,Bronze INV,br_AdmissionAssessmentDimensionTwo,TASK_COMPLETE,SUCCESS,INFO,476,476,0,,2026-08-30T19:04:27.050Z,2026-08-30T21:04:59.710Z,7232,2026-08-30T21:04:59.710Z,HNT,Huntsville,ba679216-ee2b-4344-afb9-134290faf502,SAMMS-Huntsville
202608302104537880,202608301904172007,202608301904170791,85,1446,Bronze INV,br_AdmissionAssessmentDimensionTwo,TASK_COMPLETE,SUCCESS,INFO,313,313,0,,2026-08-30T19:04:27.050Z,2026-08-30T21:04:59.710Z,7232,2026-08-30T21:04:59.710Z,HS,Hot Springs,ba679216-ee2b-4344-afb9-134290faf502,SAMMS-HotSprings
202608302104537881,202608301904172008,202608301904170791,85,1447,Bronze INV,br_AdmissionAssessmentDimensionTwo,TASK_COMPLETE,SUCCESS,INFO,268,268,0,,2026-08-30T19:04:27.050Z,2026-08-30T21:04:59.710Z,7232,2026-08-30T21:04:59.710Z,JON,Jonesboro,ba679216-ee2b-4344-afb9-134290faf502,SAMMS-Jonesboro
202608302104537882,202608301904172009,202608301904170791,85,1449,Bronze INV,br_AdmissionAssessmentDimensionTwo,TASK_COMPLETE,SUCCESS,INFO,156,156,0,,2026-08-30T19:04:27.050Z,2026-08-30T21:04:59.710Z,7232,2026-08-30T21:04:59.710Z,LAN,Lansing,ba679216-ee2b-4344-afb9-134290faf502,SAMMS-Lansing
202608302104537884,202608301904172010,202608301904170791,85,1450,Bronze INV,br_AdmissionAssessmentDimensionTwo,TASK_COMPLETE,SUCCESS,INFO,429,429,0,,2026-08-30T19:04:27.050Z,2026-08-30T21:04:59.710Z,7232,2026-08-30T21:04:59.710Z,LO,Louisville,ba679216-ee2b-4344-afb9-134290faf502,SAMMS-Louisville
202608302104537885,202608301904172011,202608301904170791,85,1451,Bronze INV,br_AdmissionAssessmentDimensionTwo,TASK_COMPLETE,SUCCESS,INFO,1170,1170,0,,2026-08-30T19:04:27.050Z,2026-08-30T21:04:59.710Z,7232,2026-08-30T21:04:59.710Z,LV1,Cheyenne,ba679216-ee2b-4344-afb9-134290faf502,SAMMS-Cheyenne
202608302104537886,202608301904172012,202608301904170791,85,1452,Bronze INV,br_AdmissionAssessmentDimensionTwo,TASK_COMPLETE,SUCCESS,INFO,945,945,0,,2026-08-30T19:04:27.050Z,2026-08-30T21:04:59.710Z,7232,2026-08-30T21:04:59.710Z,LV2,Desert Inn,ba679216-ee2b-4344-afb9-134290faf502,SAMMS-DesertInn
202608302104537887,202608301904172013,202608301904170791,85,1453,Bronze INV,br_AdmissionAssessmentDimensionTwo,TASK_COMPLETE,SUCCESS,INFO,311,311,0,,2026-08-30T19:04:27.050Z,2026-08-30T21:04:59.710Z,7232,2026-08-30T21:04:59.710Z,LV3,McDaniel,ba679216-ee2b-4344-afb9-134290faf502,SAMMS-McDaniel
202608302104537888,202608301904172014,202608301904170791,85,1456,Bronze INV,br_AdmissionAssessmentDimensionTwo,TASK_COMPLETE,SUCCESS,INFO,271,271,0,,2026-08-30T19:04:27.050Z,2026-08-30T21:04:59.710Z,7232,2026-08-30T21:04:59.710Z,MNRE,Monroe,ba679216-ee2b-4344-afb9-134290faf502,SAMMS-Monroe
202608302104537889,202608301904172015,202608301904170791,85,1457,Bronze INV,br_AdmissionAssessmentDimensionTwo,TASK_COMPLETE,SUCCESS,INFO,130,130,0,,2026-08-30T19:04:27.050Z,2026-08-30T21:04:59.710Z,7232,2026-08-30T21:04:59.710Z,MP,Mt. Pleasant,ba679216-ee2b-4344-afb9-134290faf502,SAMMS-MtPleasant
202608302104537890,202608301904172016,202608301904170791,85,1458,Bronze INV,br_AdmissionAssessmentDimensionTwo,TASK_COMPLETE,SUCCESS,INFO,174,174,0,,2026-08-30T19:04:27.050Z,2026-08-30T21:04:59.710Z,7232,2026-08-30T21:04:59.710Z,MRD,Meridian,ba679216-ee2b-4344-afb9-134290faf502,SAMMS-Meridian
202608302104537891,202608301904172017,202608301904170791,85,1463,Bronze INV,br_AdmissionAssessmentDimensionTwo,TASK_COMPLETE,SUCCESS,INFO,640,640,0,,2026-08-30T19:04:27.050Z,2026-08-30T21:04:59.710Z,7232,2026-08-30T21:04:59.710Z,NC,North Charleston,ba679216-ee2b-4344-afb9-134290faf502,SAMMS-NorthCharleston
202608302104537893,202608301904172018,202608301904170791,85,1464,Bronze INV,br_AdmissionAssessmentDimensionTwo,TASK_COMPLETE,SUCCESS,INFO,577,577,0,,2026-08-30T19:04:27.050Z,2026-08-30T21:04:59.710Z,7232,2026-08-30T21:04:59.710Z,NLR,N. Little Rock,ba679216-ee2b-4344-afb9-134290faf502,SAMMS-NLROBOT
202608302104537894,202608301904172019,202608301904170791,85,1465,Bronze INV,br_AdmissionAssessmentDimensionTwo,TASK_COMPLETE,SUCCESS,INFO,238,238,0,,2026-08-30T19:04:27.050Z,2026-08-30T21:04:59.710Z,7232,2026-08-30T21:04:59.710Z,PH,Phoenix,ba679216-ee2b-4344-afb9-134290faf502,SAMMS-Phoenix
202608302104537895,202608301904172020,202608301904170791,85,1469,Bronze INV,br_AdmissionAssessmentDimensionTwo,TASK_COMPLETE,SUCCESS,INFO,411,411,0,,2026-08-30T19:04:27.050Z,2026-08-30T21:04:59.710Z,7232,2026-08-30T21:04:59.710Z,RE,Reno,ba679216-ee2b-4344-afb9-134290faf502,SAMMS-Reno
202608302104537896,202608301904172021,202608301904170791,85,1470,Bronze INV,br_AdmissionAssessmentDimensionTwo,TASK_COMPLETE,SUCCESS,INFO,392,392,0,,2026-08-30T19:04:27.050Z,2026-08-30T21:04:59.710Z,7232,2026-08-30T21:04:59.710Z,RMD,Richmond,ba679216-ee2b-4344-afb9-134290faf502,SAMMS-Richmond
202608302104537897,202608301904172022,202608301904170791,85,1471,Bronze INV,br_AdmissionAssessmentDimensionTwo,TASK_COMPLETE,SUCCESS,INFO,488,488,0,,2026-08-30T19:04:27.050Z,2026-08-30T21:04:59.710Z,7232,2026-08-30T21:04:59.710Z,SFN,Springfield North,ba679216-ee2b-4344-afb9-134290faf502,SAMMS-SFNv5
202608302104537898,202608301904172023,202608301904170791,85,1472,Bronze INV,br_AdmissionAssessmentDimensionTwo,TASK_COMPLETE,SUCCESS,INFO,449,449,0,,2026-08-30T19:04:27.050Z,2026-08-30T21:04:59.710Z,7232,2026-08-30T21:04:59.710Z,SHP,Shreveport,ba679216-ee2b-4344-afb9-134290faf502,SAMMS-Shreveport
202608302104537899,202608301904172024,202608301904170791,85,1474,Bronze INV,br_AdmissionAssessmentDimensionTwo,TASK_COMPLETE,SUCCESS,INFO,82,82,0,,2026-08-30T19:04:27.050Z,2026-08-30T21:04:59.710Z,7232,2026-08-30T21:04:59.710Z,STN,Staunton,ba679216-ee2b-4344-afb9-134290faf502,SAMMS-Staunton
202608302104537901,202608301904172025,202608301904170791,85,1475,Bronze INV,br_AdmissionAssessmentDimensionTwo,TASK_COMPLETE,SUCCESS,INFO,52,52,0,,2026-08-30T19:04:27.050Z,2026-08-30T21:04:59.710Z,7232,2026-08-30T21:04:59.710Z,STVN,Stevenson,ba679216-ee2b-4344-afb9-134290faf502,SAMMS-Stevenson
202608302104537902,202608301904172026,202608301904170791,85,1477,Bronze INV,br_AdmissionAssessmentDimensionTwo,TASK_COMPLETE,SUCCESS,INFO,71,71,0,,2026-08-30T19:04:27.050Z,2026-08-30T21:04:59.710Z,7232,2026-08-30T21:04:59.710Z,TE,Tempe,ba679216-ee2b-4344-afb9-134290faf502,SAMMS-Tempe
202608302104537903,202608301904172027,202608301904170791,85,1478,Bronze INV,br_AdmissionAssessmentDimensionTwo,TASK_COMPLETE,SUCCESS,INFO,366,366,0,,2026-08-30T19:04:27.050Z,2026-08-30T21:04:59.710Z,7232,2026-08-30T21:04:59.710Z,TEX,Texarkana,ba679216-ee2b-4344-afb9-134290faf502,SAMMS-Texarkana
202608302104537904,202608301904172028,202608301904170791,85,1479,Bronze INV,br_AdmissionAssessmentDimensionTwo,TASK_COMPLETE,SUCCESS,INFO,430,430,0,,2026-08-30T19:04:27.050Z,2026-08-30T21:04:59.710Z,7232,2026-08-30T21:04:59.710Z,TTCA,Bessemer,ba679216-ee2b-4344-afb9-134290faf502,SAMMS-BessemerV5
202608302104537905,202608301904172029,202608301904170791,85,1480,Bronze INV,br_AdmissionAssessmentDimensionTwo,TASK_COMPLETE,SUCCESS,INFO,549,549,0,,2026-08-30T19:04:27.050Z,2026-08-30T21:04:59.710Z,7232,2026-08-30T21:04:59.710Z,TTCB,Cullman,ba679216-ee2b-4344-afb9-134290faf502,SAMMS-CullmanV5
202608302104537906,202608301904172030,202608301904170791,85,1481,Bronze INV,br_AdmissionAssessmentDimensionTwo,TASK_COMPLETE,SUCCESS,INFO,322,322,0,,2026-08-30T19:04:27.050Z,2026-08-30T21:04:59.710Z,7232,2026-08-30T21:04:59.710Z,TTCC,Grand Bay,ba679216-ee2b-4344-afb9-134290faf502,SAMMS-GrandBay
202608302104537907,202608301904172031,202608301904170791,85,1482,Bronze INV,br_AdmissionAssessmentDimensionTwo,TASK_COMPLETE,SUCCESS,INFO,22,22,0,,2026-08-30T19:04:27.050Z,2026-08-30T21:04:59.710Z,7232,2026-08-30T21:04:59.710Z,TU,Tucson,ba679216-ee2b-4344-afb9-134290faf502,SAMMS-Tucson
202608302104537912,202608301904172032,202608301904170791,85,1484,Bronze INV,br_AdmissionAssessmentDimensionTwo,TASK_COMPLETE,SUCCESS,INFO,253,253,0,,2026-08-30T19:04:27.050Z,2026-08-30T21:04:59.710Z,7232,2026-08-30T21:04:59.710Z,V1,Memphis South,ba679216-ee2b-4344-afb9-134290faf502,SAMMS-VCPHCS-I-MemphisV5
202608302104537913,202608301904172033,202608301904170791,85,1485,Bronze INV,br_AdmissionAssessmentDimensionTwo,TASK_COMPLETE,SUCCESS,INFO,698,698,0,,2026-08-30T19:04:27.050Z,2026-08-30T21:04:59.710Z,7232,2026-08-30T21:04:59.710Z,V10,Longmont,ba679216-ee2b-4344-afb9-134290faf502,SAMMS-BoulderV5
202608302104537914,202608301904172034,202608301904170791,85,1486,Bronze INV,br_AdmissionAssessmentDimensionTwo,TASK_COMPLETE,SUCCESS,INFO,1195,1195,0,,2026-08-30T19:04:27.050Z,2026-08-30T21:04:59.710Z,7232,2026-08-30T21:04:59.710Z,V10A,Fort Collins,ba679216-ee2b-4344-afb9-134290faf502,SAMMS-FortCollinsV5
202608302104537916,202608301904172035,202608301904170791,85,1487,Bronze INV,br_AdmissionAssessmentDimensionTwo,TASK_COMPLETE,SUCCESS,INFO,1001,1001,0,,2026-08-30T19:04:27.050Z,2026-08-30T21:04:59.710Z,7232,2026-08-30T21:04:59.710Z,V11,Westminster,ba679216-ee2b-4344-afb9-134290faf502,SAMMS-VCPHCS-XI-NorthDenverV5
202608302104537917,202608301904172036,202608301904170791,85,1488,Bronze INV,br_AdmissionAssessmentDimensionTwo,TASK_COMPLETE,SUCCESS,INFO,1071,1071,0,,2026-08-30T19:04:27.050Z,2026-08-30T21:04:59.710Z,7232,2026-08-30T21:04:59.710Z,V12,Downtown Denver,ba679216-ee2b-4344-afb9-134290faf502,SAMMS-VCPHCS-XII-DowntownDenverV5
202608302104537918,202608301904172037,202608301904170791,85,1489,Bronze INV,br_AdmissionAssessmentDimensionTwo,TASK_COMPLETE,SUCCESS,INFO,480,480,0,,2026-08-30T19:04:27.050Z,2026-08-30T21:04:59.710Z,7232,2026-08-30T21:04:59.710Z,V12A,Centennial,ba679216-ee2b-4344-afb9-134290faf502,SAMMS-CentennialV5
202608302104537919,202608301904172038,202608301904170791,85,1490,Bronze INV,br_AdmissionAssessmentDimensionTwo,TASK_COMPLETE,SUCCESS,INFO,295,295,0,,2026-08-30T19:04:27.050Z,2026-08-30T21:04:59.710Z,7232,2026-08-30T21:04:59.710Z,V14,Overland Park,ba679216-ee2b-4344-afb9-134290faf502,SAMMS-VCPHCS-XIV-BridgewayV5
202608302104537920,202608301904172039,202608301904170791,85,1491,Bronze INV,br_AdmissionAssessmentDimensionTwo,TASK_COMPLETE,SUCCESS,INFO,569,569,0,,2026-08-30T19:04:27.050Z,2026-08-30T21:04:59.710Z,7232,2026-08-30T21:04:59.710Z,V15,Joplin,ba679216-ee2b-4344-afb9-134290faf502,SAMMS-JoplinV5
202608302104537921,202608301904172040,202608301904170791,85,1493,Bronze INV,br_AdmissionAssessmentDimensionTwo,TASK_COMPLETE,SUCCESS,INFO,473,473,0,,2026-08-30T19:04:27.050Z,2026-08-30T21:04:59.710Z,7232,2026-08-30T21:04:59.710Z,V17,Columbia TN,ba679216-ee2b-4344-afb9-134290faf502,SAMMS-ColumbiaTNv5
202608302104537922,202608301904172041,202608301904170791,85,1495,Bronze INV,br_AdmissionAssessmentDimensionTwo,TASK_COMPLETE,SUCCESS,INFO,421,421,0,,2026-08-30T19:04:27.050Z,2026-08-30T21:04:59.710Z,7232,2026-08-30T21:04:59.710Z,V19,Jackson,ba679216-ee2b-4344-afb9-134290faf502,SAMMS-JacksonV5
202608302104537923,202608301904172042,202608301904170791,85,1497,Bronze INV,br_AdmissionAssessmentDimensionTwo,TASK_COMPLETE,SUCCESS,INFO,490,490,0,,2026-08-30T19:04:27.050Z,2026-08-30T21:04:59.710Z,7232,2026-08-30T21:04:59.710Z,V20,Paris,ba679216-ee2b-4344-afb9-134290faf502,SAMMS-ParisV5
202608302104537925,202608301904172043,202608301904170791,85,1498,Bronze INV,br_AdmissionAssessmentDimensionTwo,TASK_COMPLETE,SUCCESS,INFO,356,356,0,,2026-08-30T19:04:27.050Z,2026-08-30T21:04:59.710Z,7232,2026-08-30T21:04:59.710Z,V21,Memphis North,ba679216-ee2b-4344-afb9-134290faf502,SAMMS-RaleighV5
202608302104537926,202608301904172044,202608301904170791,85,1501,Bronze INV,br_AdmissionAssessmentDimensionTwo,TASK_COMPLETE,SUCCESS,INFO,707,707,0,,2026-08-30T19:04:27.050Z,2026-08-30T21:04:59.710Z,7232,2026-08-30T21:04:59.710Z,V5,West Bank,ba679216-ee2b-4344-afb9-134290faf502,SAMMS-NONTCv5
202608302104537927,202608301904172045,202608301904170791,85,1503,Bronze INV,br_AdmissionAssessmentDimensionTwo,TASK_COMPLETE,SUCCESS,INFO,257,257,0,,2026-08-30T19:04:27.050Z,2026-08-30T21:04:59.710Z,7232,2026-08-30T21:04:59.710Z,V5B,Houma,ba679216-ee2b-4344-afb9-134290faf502,SAMMS-HoumaV6
202608302104537665,202608301904171818,202608301904170791,85,1691,Bronze INV,br_AdmissionAssessmentSummary,TASK_COMPLETE,SUCCESS,INFO,1631,1631,0,,2026-08-30T19:04:27.050Z,2026-08-30T21:04:59.710Z,7232,2026-08-30T21:04:59.710Z,V9,Nashville,ba679216-ee2b-4344-afb9-134290faf502,SAMMS-NashvilleV5
202608302104537666,202608301904171819,202608301904170791,85,1692,Bronze INV,br_AdmissionAssessmentSummary,TASK_COMPLETE,SUCCESS,INFO,350,350,0,,2026-08-30T19:04:27.050Z,2026-08-30T21:04:59.710Z,7232,2026-08-30T21:04:59.710Z,VBRA,Brainerd,ba679216-ee2b-4344-afb9-134290faf502,SAMMS-BrainerdV6
202608302104537667,202608301904171820,202608301904170791,85,1693,Bronze INV,br_AdmissionAssessmentSummary,TASK_COMPLETE,SUCCESS,INFO,617,617,0,,2026-08-30T19:04:27.050Z,2026-08-30T21:04:59.710Z,7232,2026-08-30T21:04:59.710Z,VBRP,Brooklyn Park,ba679216-ee2b-4344-afb9-134290faf502,SAMMS-BrooklynParkV6
202608302104537668,202608301904171821,202608301904170791,85,1695,Bronze INV,br_AdmissionAssessmentSummary,TASK_COMPLETE,SUCCESS,INFO,596,596,0,,2026-08-30T19:04:27.050Z,2026-08-30T21:04:59.710Z,7232,2026-08-30T21:04:59.710Z,VMIN,Minneapolis,ba679216-ee2b-4344-afb9-134290faf502,SAMMS-MinneapolisV6
202608302104537669,202608301904171822,202608301904170791,85,1696,Bronze INV,br_AdmissionAssessmentSummary,TASK_COMPLETE,SUCCESS,INFO,1132,1132,0,,2026-08-30T19:04:27.050Z,2026-08-30T21:04:59.710Z,7232,2026-08-30T21:04:59.710Z,VWBY,Woodbury,ba679216-ee2b-4344-afb9-134290faf502,SAMMS-WoodburyV6
202608302104537670,202608301904171823,202608301904170791,85,1698,Bronze INV,br_AdmissionAssessmentSummary,TASK_COMPLETE,SUCCESS,INFO,443,443,0,,2026-08-30T19:04:27.050Z,2026-08-30T21:04:59.710Z,7232,2026-08-30T21:04:59.710Z,WIL,Wilson,ba679216-ee2b-4344-afb9-134290faf502,SAMMS-Wilson
202608302104537672,202608301904171824,202608301904170791,85,782,Bronze INV,br_AdmissionAssessmentDimensionOneDisorder,TASK_COMPLETE,SUCCESS,INFO,115,115,0,,2026-08-30T19:04:27.050Z,2026-08-30T21:04:59.710Z,7232,2026-08-30T21:04:59.710Z,AHK,Ahoskie,ba679216-ee2b-4344-afb9-134290faf502,SAMMS-Ahoskie
202608302104537673,202608301904171825,202608301904170791,85,783,Bronze INV,br_AdmissionAssessmentDimensionOneDisorder,TASK_COMPLETE,SUCCESS,INFO,803,803,0,,2026-08-30T19:04:27.050Z,2026-08-30T21:04:59.710Z,7232,2026-08-30T21:04:59.710Z,B12B,Colorado Springs,ba679216-ee2b-4344-afb9-134290faf502,SAMMS-ColoradoSpringsV5
202608302104537674,202608301904171826,202608301904170791,85,784,Bronze INV,br_AdmissionAssessmentDimensionOneDisorder,TASK_COMPLETE,SUCCESS,INFO,432,432,0,,2026-08-30T19:04:27.050Z,2026-08-30T21:04:59.710Z,7232,2026-08-30T21:04:59.710Z,B24,Paintsville,ba679216-ee2b-4344-afb9-134290faf502,SAMMS-PaintsvilleV5
202608302104537675,202608301904171827,202608301904170791,85,785,Bronze INV,br_AdmissionAssessmentDimensionOneDisorder,TASK_COMPLETE,SUCCESS,INFO,174,174,0,,2026-08-30T19:04:27.050Z,2026-08-30T21:04:59.710Z,7232,2026-08-30T21:04:59.710Z,B25,Pikeville,ba679216-ee2b-4344-afb9-134290faf502,SAMMS-PikevilleV5
202608302104537676,202608301904171828,202608301904170791,85,786,Bronze INV,br_AdmissionAssessmentDimensionOneDisorder,TASK_COMPLETE,SUCCESS,INFO,500,500,0,,2026-08-30T19:04:27.050Z,2026-08-30T21:04:59.710Z,7232,2026-08-30T21:04:59.710Z,B26,Hazard,ba679216-ee2b-4344-afb9-134290faf502,SAMMS-HazardV5
202608302104537677,202608301904171829,202608301904170791,85,787,Bronze INV,br_AdmissionAssessmentDimensionOneDisorder,TASK_COMPLETE,SUCCESS,INFO,198,198,0,,2026-08-30T19:04:27.050Z,2026-08-30T21:04:59.710Z,7232,2026-08-30T21:04:59.710Z,B27,Savannah,ba679216-ee2b-4344-afb9-134290faf502,SAMMS-SavannahV6
202608302104537678,202608301904171830,202608301904170791,85,788,Bronze INV,br_AdmissionAssessmentDimensionOneDisorder,TASK_COMPLETE,SUCCESS,INFO,238,238,0,,2026-08-30T19:04:27.050Z,2026-08-30T21:04:59.710Z,7232,2026-08-30T21:04:59.710Z,B28,West Plains,ba679216-ee2b-4344-afb9-134290faf502,SAMMS-WestPlainesV5
202608302104537680,202608301904171831,202608301904170791,85,789,Bronze INV,br_AdmissionAssessmentDimensionOneDisorder,TASK_COMPLETE,SUCCESS,INFO,264,264,0,,2026-08-30T19:04:27.050Z,2026-08-30T21:04:59.710Z,7232,2026-08-30T21:04:59.710Z,B29,Poplar Bluff,ba679216-ee2b-4344-afb9-134290faf502,SAMMS-PoplarBluffV5
202608302104537681,202608301904171832,202608301904170791,85,790,Bronze INV,br_AdmissionAssessmentDimensionOneDisorder,TASK_COMPLETE,SUCCESS,INFO,166,166,0,,2026-08-30T19:04:27.050Z,2026-08-30T21:04:59.710Z,7232,2026-08-30T21:04:59.710Z,B30,KC North,ba679216-ee2b-4344-afb9-134290faf502,SAMMS-KCNv5
202608302104537682,202608301904171833,202608301904170791,85,791,Bronze INV,br_AdmissionAssessmentDimensionOneDisorder,TASK_COMPLETE,SUCCESS,INFO,387,387,0,,2026-08-30T19:04:27.050Z,2026-08-30T21:04:59.710Z,7232,2026-08-30T21:04:59.710Z,B31,Dyersburg,ba679216-ee2b-4344-afb9-134290faf502,SAMMS-DyersburgV5
202608302104537683,202608301904171834,202608301904170791,85,793,Bronze INV,br_AdmissionAssessmentDimensionOneDisorder,TASK_COMPLETE,SUCCESS,INFO,216,216,0,,2026-08-30T19:04:27.050Z,2026-08-30T21:04:59.710Z,7232,2026-08-30T21:04:59.710Z,B33,Paducah,ba679216-ee2b-4344-afb9-134290faf502,SAMMS-Paducah
202608302104537684,202608301904171835,202608301904170791,85,794,Bronze INV,br_AdmissionAssessmentDimensionOneDisorder,TASK_COMPLETE,SUCCESS,INFO,461,461,0,,2026-08-30T19:04:27.050Z,2026-08-30T21:04:59.710Z,7232,2026-08-30T21:04:59.710Z,B34,Corbin,ba679216-ee2b-4344-afb9-134290faf502,SAMMS-CorbinV5
202608302104537685,202608301904171836,202608301904170791,85,795,Bronze INV,br_AdmissionAssessmentDimensionOneDisorder,TASK_COMPLETE,SUCCESS,INFO,738,738,0,,2026-08-30T19:04:27.050Z,2026-08-30T21:04:59.710Z,7232,2026-08-30T21:04:59.710Z,B35,Lexington,ba679216-ee2b-4344-afb9-134290faf502,SAMMS-LexingtonV5
202608302104537686,202608301904171837,202608301904170791,85,796,Bronze INV,br_AdmissionAssessmentDimensionOneDisorder,TASK_COMPLETE,SUCCESS,INFO,354,354,0,,2026-08-30T19:04:27.050Z,2026-08-30T21:04:59.710Z,7232,2026-08-30T21:04:59.710Z,B35A,Berea,ba679216-ee2b-4344-afb9-134290faf502,SAMMS-BereaV5
202608302104537688,202608301904171838,202608301904170791,85,797,Bronze INV,br_AdmissionAssessmentDimensionOneDisorder,TASK_COMPLETE,SUCCESS,INFO,633,633,0,,2026-08-30T19:04:27.050Z,2026-08-30T21:04:59.710Z,7232,2026-08-30T21:04:59.710Z,B36,Asheville,ba679216-ee2b-4344-afb9-134290faf502,SAMMS-AshevilleV5
202608302104537689,202608301904171839,202608301904170791,85,798,Bronze INV,br_AdmissionAssessmentDimensionOneDisorder,TASK_COMPLETE,SUCCESS,INFO,471,471,0,,2026-08-30T19:04:27.050Z,2026-08-30T21:04:59.710Z,7232,2026-08-30T21:04:59.710Z,B37,Clyde,ba679216-ee2b-4344-afb9-134290faf502,SAMMS-ClydeV5
202608302104537690,202608301904171840,202608301904170791,85,799,Bronze INV,br_AdmissionAssessmentDimensionOneDisorder,TASK_COMPLETE,SUCCESS,INFO,644,644,0,,2026-08-30T19:04:27.050Z,2026-08-30T21:04:59.710Z,7232,2026-08-30T21:04:59.710Z,B38,Spartanburg,ba679216-ee2b-4344-afb9-134290faf502,SAMMS-SpartanburgV5
202608302104537691,202608301904171841,202608301904170791,85,800,Bronze INV,br_AdmissionAssessmentDimensionOneDisorder,TASK_COMPLETE,SUCCESS,INFO,495,495,0,,2026-08-30T19:04:27.050Z,2026-08-30T21:04:59.710Z,7232,2026-08-30T21:04:59.710Z,B39,Aiken,ba679216-ee2b-4344-afb9-134290faf502,SAMMS-AikenV5
202608302104537692,202608301904171842,202608301904170791,85,801,Bronze INV,br_AdmissionAssessmentDimensionOneDisorder,TASK_COMPLETE,SUCCESS,INFO,329,329,0,,2026-08-30T19:04:27.050Z,2026-08-30T21:04:59.710Z,7232,2026-08-30T21:04:59.710Z,B41,Chesapeake,ba679216-ee2b-4344-afb9-134290faf502,SAMMS-ChesapeakeV5
202608302104537693,202608301904171843,202608301904170791,85,802,Bronze INV,br_AdmissionAssessmentDimensionOneDisorder,TASK_COMPLETE,SUCCESS,INFO,562,562,0,,2026-08-30T19:04:27.050Z,2026-08-30T21:04:59.710Z,7232,2026-08-30T21:04:59.710Z,B42,Virginia Beach,ba679216-ee2b-4344-afb9-134290faf502,SAMMS-VirginiaBeachV5
202608302104537694,202608301904171844,202608301904170791,85,803,Bronze INV,br_AdmissionAssessmentDimensionOneDisorder,TASK_COMPLETE,SUCCESS,INFO,170,170,0,,2026-08-30T19:04:27.050Z,2026-08-30T21:04:59.710Z,7232,2026-08-30T21:04:59.710Z,B42A,Newport News,ba679216-ee2b-4344-afb9-134290faf502,SAMMS-NewportNewsV5
202608302104537695,202608301904171845,202608301904170791,85,804,Bronze INV,br_AdmissionAssessmentDimensionOneDisorder,TASK_COMPLETE,SUCCESS,INFO,61,61,0,,2026-08-30T19:04:27.050Z,2026-08-30T21:04:59.710Z,7232,2026-08-30T21:04:59.710Z,B42B,Franklin,ba679216-ee2b-4344-afb9-134290faf502,SAMMS-FranklinV5
202608302104537697,202608301904171846,202608301904170791,85,805,Bronze INV,br_AdmissionAssessmentDimensionOneDisorder,TASK_COMPLETE,SUCCESS,INFO,351,351,0,,2026-08-30T19:04:27.050Z,2026-08-30T21:04:59.710Z,7232,2026-08-30T21:04:59.710Z,B42C,Glen Allen,ba679216-ee2b-4344-afb9-134290faf502,SAMMS-GlenAllenV5
202608302104537698,202608301904171847,202608301904170791,85,806,Bronze INV,br_AdmissionAssessmentDimensionOneDisorder,TASK_COMPLETE,SUCCESS,INFO,174,174,0,,2026-08-30T19:04:27.050Z,2026-08-30T21:04:59.710Z,7232,2026-08-30T21:04:59.710Z,B42D,Chesapeake South,ba679216-ee2b-4344-afb9-134290faf502,SAMMS-ChesapeakeSouthV5
202608302104537699,202608301904171848,202608301904170791,85,807,Bronze INV,br_AdmissionAssessmentDimensionOneDisorder,TASK_COMPLETE,SUCCESS,INFO,219,219,0,,2026-08-30T19:04:27.050Z,2026-08-30T21:04:59.710Z,7232,2026-08-30T21:04:59.710Z,B44,Albany,ba679216-ee2b-4344-afb9-134290faf502,SAMMS-AlbanyV5
202608302104537700,202608301904171849,202608301904170791,85,808,Bronze INV,br_AdmissionAssessmentDimensionOneDisorder,TASK_COMPLETE,SUCCESS,INFO,312,312,0,,2026-08-30T19:04:27.050Z,2026-08-30T21:04:59.710Z,7232,2026-08-30T21:04:59.710Z,B45,Tifton,ba679216-ee2b-4344-afb9-134290faf502,SAMMS-TiftonV5
202608302104537701,202608301904171850,202608301904170791,85,809,Bronze INV,br_AdmissionAssessmentDimensionOneDisorder,TASK_COMPLETE,SUCCESS,INFO,707,707,0,,2026-08-30T19:04:27.050Z,2026-08-30T21:04:59.710Z,7232,2026-08-30T21:04:59.710Z,B46,Washington DC,ba679216-ee2b-4344-afb9-134290faf502,SAMMS-WashingtonDCv5
202608302104537702,202608301904171851,202608301904170791,85,810,Bronze INV,br_AdmissionAssessmentDimensionOneDisorder,TASK_COMPLETE,SUCCESS,INFO,394,394,0,,2026-08-30T19:04:27.050Z,2026-08-30T21:04:59.710Z,7232,2026-08-30T21:04:59.710Z,B47,Mobile,ba679216-ee2b-4344-afb9-134290faf502,SAMMS-MobileV5
202608302104537703,202608301904171852,202608301904170791,85,811,Bronze INV,br_AdmissionAssessmentDimensionOneDisorder,TASK_COMPLETE,SUCCESS,INFO,480,480,0,,2026-08-30T19:04:27.050Z,2026-08-30T21:04:59.710Z,7232,2026-08-30T21:04:59.710Z,B48,Tuscaloosa,ba679216-ee2b-4344-afb9-134290faf502,SAMMS-TuscaloosaV5
202608302104537705,202608301904171853,202608301904170791,85,820,Bronze INV,br_AdmissionAssessmentDimensionOneDisorder,TASK_COMPLETE,SUCCESS,INFO,323,323,0,,2026-08-30T19:04:27.050Z,2026-08-30T21:04:59.710Z,7232,2026-08-30T21:04:59.710Z,B51,N. Little Rock (OTP),ba679216-ee2b-4344-afb9-134290faf502,SAMMS-NorthLittleRockV6
202608302104537706,202608301904171854,202608301904170791,85,821,Bronze INV,br_AdmissionAssessmentDimensionOneDisorder,TASK_COMPLETE,SUCCESS,INFO,164,164,0,,2026-08-30T19:04:27.050Z,2026-08-30T21:04:59.710Z,7232,2026-08-30T21:04:59.710Z,B52,Jackson GA,ba679216-ee2b-4344-afb9-134290faf502,SAMMS-JacksonGAV5
202608302104537707,202608301904171855,202608301904170791,85,822,Bronze INV,br_AdmissionAssessmentDimensionOneDisorder,TASK_COMPLETE,SUCCESS,INFO,509,509,0,,2026-08-30T19:04:27.050Z,2026-08-30T21:04:59.710Z,7232,2026-08-30T21:04:59.710Z,B54,Gadsden,ba679216-ee2b-4344-afb9-134290faf502,SAMMS-GadsdenV5
202608302104537708,202608301904171856,202608301904170791,85,823,Bronze INV,br_AdmissionAssessmentDimensionOneDisorder,TASK_COMPLETE,SUCCESS,INFO,517,517,0,,2026-08-30T19:04:27.050Z,2026-08-30T21:04:59.710Z,7232,2026-08-30T21:04:59.710Z,B55,Shoals,ba679216-ee2b-4344-afb9-134290faf502,SAMMS-ShoalsV5
202608302104537709,202608301904171857,202608301904170791,85,824,Bronze INV,br_AdmissionAssessmentDimensionOneDisorder,TASK_COMPLETE,SUCCESS,INFO,178,178,0,,2026-08-30T19:04:27.050Z,2026-08-30T21:04:59.710Z,7232,2026-08-30T21:04:59.710Z,B57,Pawtucket,ba679216-ee2b-4344-afb9-134290faf502,SAMMS-Pawtucket
202608302104537710,202608301904171858,202608301904170791,85,825,Bronze INV,br_AdmissionAssessmentDimensionOneDisorder,TASK_COMPLETE,SUCCESS,INFO,176,176,0,,2026-08-30T19:04:27.050Z,2026-08-30T21:04:59.710Z,7232,2026-08-30T21:04:59.710Z,B57A,Johnston,ba679216-ee2b-4344-afb9-134290faf502,SAMMS-Johnston
202608302104537711,202608301904171859,202608301904170791,85,826,Bronze INV,br_AdmissionAssessmentDimensionOneDisorder,TASK_COMPLETE,SUCCESS,INFO,100,100,0,,2026-08-30T19:04:27.050Z,2026-08-30T21:04:59.710Z,7232,2026-08-30T21:04:59.710Z,B57B,Middletown,ba679216-ee2b-4344-afb9-134290faf502,SAMMS-Middletown
202608302104537712,202608301904171860,202608301904170791,85,827,Bronze INV,br_AdmissionAssessmentDimensionOneDisorder,TASK_COMPLETE,SUCCESS,INFO,188,188,0,,2026-08-30T19:04:27.050Z,2026-08-30T21:04:59.710Z,7232,2026-08-30T21:04:59.710Z,B57C,Providence,ba679216-ee2b-4344-afb9-134290faf502,SAMMS-Providence
202608302104537714,202608301904171861,202608301904170791,85,828,Bronze INV,br_AdmissionAssessmentDimensionOneDisorder,TASK_COMPLETE,SUCCESS,INFO,267,267,0,,2026-08-30T19:04:27.050Z,2026-08-30T21:04:59.710Z,7232,2026-08-30T21:04:59.710Z,B57D,Westerly,ba679216-ee2b-4344-afb9-134290faf502,SAMMS-Westerly
202608302104537715,202608301904171862,202608301904170791,85,832,Bronze INV,br_AdmissionAssessmentDimensionOneDisorder,TASK_COMPLETE,SUCCESS,INFO,373,373,0,,2026-08-30T19:04:27.050Z,2026-08-30T21:04:59.710Z,7232,2026-08-30T21:04:59.710Z,B66A,Bremen,ba679216-ee2b-4344-afb9-134290faf502,SAMMS-Bremen
202608302104537716,202608301904171863,202608301904170791,85,835,Bronze INV,br_AdmissionAssessmentDimensionOneDisorder,TASK_COMPLETE,SUCCESS,INFO,41,41,0,,2026-08-30T19:04:27.050Z,2026-08-30T21:04:59.710Z,7232,2026-08-30T21:04:59.710Z,B72,Mobile (OBOT),ba679216-ee2b-4344-afb9-134290faf502,SAMMS-Mobile-OBOT
202608302104537717,202608301904171864,202608301904170791,85,836,Bronze INV,br_AdmissionAssessmentDimensionOneDisorder,TASK_COMPLETE,SUCCESS,INFO,4,4,0,,2026-08-30T19:04:27.050Z,2026-08-30T21:04:59.710Z,7232,2026-08-30T21:04:59.710Z,B73,Montgomery,ba679216-ee2b-4344-afb9-134290faf502,SAMMS-Montgomery
202608302104537718,202608301904171865,202608301904170791,85,837,Bronze INV,br_AdmissionAssessmentDimensionOneDisorder,TASK_COMPLETE,SUCCESS,INFO,341,341,0,,2026-08-30T19:04:27.050Z,2026-08-30T21:04:59.710Z,7232,2026-08-30T21:04:59.710Z,B75,Lawrence,ba679216-ee2b-4344-afb9-134290faf502,SAMMS-LawrenceV6
202608302104537719,202608301904171866,202608301904170791,85,838,Bronze INV,br_AdmissionAssessmentDimensionOneDisorder,TASK_COMPLETE,SUCCESS,INFO,54,54,0,,2026-08-30T19:04:27.050Z,2026-08-30T21:04:59.710Z,7232,2026-08-30T21:04:59.710Z,B76,Huntsville OBOT,ba679216-ee2b-4344-afb9-134290faf502,SAMMS-Huntsville-OBOT
202608302104537720,202608301904171867,202608301904170791,85,839,Bronze INV,br_AdmissionAssessmentDimensionOneDisorder,TASK_COMPLETE,SUCCESS,INFO,306,306,0,,2026-08-30T19:04:27.050Z,2026-08-30T21:04:59.710Z,7232,2026-08-30T21:04:59.710Z,BAT,Batesville,ba679216-ee2b-4344-afb9-134290faf502,SAMMS-Batesville
202608302104537722,202608301904171868,202608301904170791,85,840,Bronze INV,br_AdmissionAssessmentDimensionOneDisorder,TASK_COMPLETE,SUCCESS,INFO,245,245,0,,2026-08-30T19:04:27.050Z,2026-08-30T21:04:59.710Z,7232,2026-08-30T21:04:59.710Z,BG,Bowling Green,ba679216-ee2b-4344-afb9-134290faf502,SAMMS-BowlingGreen
202608302104537723,202608301904171869,202608301904170791,85,841,Bronze INV,br_AdmissionAssessmentDimensionOneDisorder,TASK_COMPLETE,SUCCESS,INFO,234,234,0,,2026-08-30T19:04:27.050Z,2026-08-30T21:04:59.710Z,7232,2026-08-30T21:04:59.710Z,BOI,Boise,ba679216-ee2b-4344-afb9-134290faf502,SAMMS-Boise
202608302104537724,202608301904171870,202608301904170791,85,848,Bronze INV,br_AdmissionAssessmentDimensionOneDisorder,TASK_COMPLETE,SUCCESS,INFO,307,307,0,,2026-08-30T19:04:27.050Z,2026-08-30T21:04:59.710Z,7232,2026-08-30T21:04:59.710Z,CBCO,Coeur dAlene,ba679216-ee2b-4344-afb9-134290faf502,SAMMS-CoeurdAleneV6
202608302104537725,202608301904171871,202608301904170791,85,867,Bronze INV,br_AdmissionAssessmentDimensionOneDisorder,TASK_COMPLETE,SUCCESS,INFO,348,348,0,,2026-08-30T19:04:27.050Z,2026-08-30T21:04:59.710Z,7232,2026-08-30T21:04:59.710Z,CON,Conway,ba679216-ee2b-4344-afb9-134290faf502,SAMMS-Conway
202608302104537726,202608301904171872,202608301904170791,85,868,Bronze INV,br_AdmissionAssessmentDimensionOneDisorder,TASK_COMPLETE,SUCCESS,INFO,1633,1633,0,,2026-08-30T19:04:27.050Z,2026-08-30T21:04:59.710Z,7232,2026-08-30T21:04:59.710Z,D07,Medical Services Knox TN,ba679216-ee2b-4344-afb9-134290faf502,SAMMS-KnoxvilleV6
202608302104537727,202608301904171873,202608301904170791,85,869,Bronze INV,br_AdmissionAssessmentDimensionOneDisorder,TASK_COMPLETE,SUCCESS,INFO,1036,1036,0,,2026-08-30T19:04:27.050Z,2026-08-30T21:04:59.710Z,7232,2026-08-30T21:04:59.710Z,D08,Madison,ba679216-ee2b-4344-afb9-134290faf502,SAMMS-MadisonV6
202608302104537728,202608301904171874,202608301904170791,85,871,Bronze INV,br_AdmissionAssessmentDimensionOneDisorder,TASK_COMPLETE,SUCCESS,INFO,983,983,0,,2026-08-30T19:04:27.050Z,2026-08-30T21:04:59.710Z,7232,2026-08-30T21:04:59.710Z,D09,Murfreesboro,ba679216-ee2b-4344-afb9-134290faf502,SAMMS-MurfreesboroV6
202608302104537730,202608301904171875,202608301904170791,85,872,Bronze INV,br_AdmissionAssessmentDimensionOneDisorder,TASK_COMPLETE,SUCCESS,INFO,229,229,0,,2026-08-30T19:04:27.050Z,2026-08-30T21:04:59.710Z,7232,2026-08-30T21:04:59.710Z,DA,Davenport,ba679216-ee2b-4344-afb9-134290faf502,SAMMS-Davenport
202608302104537731,202608301904171876,202608301904170791,85,873,Bronze INV,br_AdmissionAssessmentDimensionOneDisorder,TASK_COMPLETE,SUCCESS,INFO,364,364,0,,2026-08-30T19:04:27.050Z,2026-08-30T21:04:59.710Z,7232,2026-08-30T21:04:59.710Z,DM,Des Moines,ba679216-ee2b-4344-afb9-134290faf502,SAMMS-DesMoines
202608302104537732,202608301904171877,202608301904170791,85,875,Bronze INV,br_AdmissionAssessmentDimensionOneDisorder,TASK_COMPLETE,SUCCESS,INFO,499,499,0,,2026-08-30T19:04:27.050Z,2026-08-30T21:04:59.710Z,7232,2026-08-30T21:04:59.710Z,DRD-CO,Columbia MO,ba679216-ee2b-4344-afb9-134290faf502,SAMMS-ColumbiaV5
202608302104537733,202608301904171878,202608301904170791,85,876,Bronze INV,br_AdmissionAssessmentDimensionOneDisorder,TASK_COMPLETE,SUCCESS,INFO,614,614,0,,2026-08-30T19:04:27.050Z,2026-08-30T21:04:59.710Z,7232,2026-08-30T21:04:59.710Z,DRD-KC,KC,ba679216-ee2b-4344-afb9-134290faf502,SAMMS-KCv5
202608302104537734,202608301904171879,202608301904170791,85,877,Bronze INV,br_AdmissionAssessmentDimensionOneDisorder,TASK_COMPLETE,SUCCESS,INFO,987,987,0,,2026-08-30T19:04:27.050Z,2026-08-30T21:04:59.710Z,7232,2026-08-30T21:04:59.710Z,DRD-KVB,KVB,ba679216-ee2b-4344-afb9-134290faf502,SAMMS-KVBv5
202608302104537735,202608301904171880,202608301904170791,85,878,Bronze INV,br_AdmissionAssessmentDimensionOneDisorder,TASK_COMPLETE,SUCCESS,INFO,1608,1608,0,,2026-08-30T19:04:27.050Z,2026-08-30T21:04:59.710Z,7232,2026-08-30T21:04:59.710Z,DRD-KVC,KVC,ba679216-ee2b-4344-afb9-134290faf502,SAMMS-KVCv5
202608302104537737,202608301904171881,202608301904170791,85,879,Bronze INV,br_AdmissionAssessmentDimensionOneDisorder,TASK_COMPLETE,SUCCESS,INFO,1273,1273,0,,2026-08-30T19:04:27.050Z,2026-08-30T21:04:59.710Z,7232,2026-08-30T21:04:59.710Z,DRD-NOLA,NOLA,ba679216-ee2b-4344-afb9-134290faf502,SAMMS-NOLAv5
202608302104537738,202608301904171882,202608301904170791,85,880,Bronze INV,br_AdmissionAssessmentDimensionOneDisorder,TASK_COMPLETE,SUCCESS,INFO,780,780,0,,2026-08-30T19:04:27.050Z,2026-08-30T21:04:59.710Z,7232,2026-08-30T21:04:59.710Z,DRD-SF,Springfield,ba679216-ee2b-4344-afb9-134290faf502,SAMMS-SFv5
202608302104537739,202608301904171883,202608301904170791,85,882,Bronze INV,br_AdmissionAssessmentDimensionOneDisorder,TASK_COMPLETE,SUCCESS,INFO,275,275,0,,2026-08-30T19:04:27.050Z,2026-08-30T21:04:59.710Z,7232,2026-08-30T21:04:59.710Z,ELC,Elizabeth City,ba679216-ee2b-4344-afb9-134290faf502,SAMMS-ElizabethCity
202608302104537740,202608301904171884,202608301904170791,85,883,Bronze INV,br_AdmissionAssessmentDimensionOneDisorder,TASK_COMPLETE,SUCCESS,INFO,283,283,0,,2026-08-30T19:04:27.050Z,2026-08-30T21:04:59.710Z,7232,2026-08-30T21:04:59.710Z,ET,Elizabethtown,ba679216-ee2b-4344-afb9-134290faf502,SAMMS-Elizabethtown
202608302104537741,202608301904171885,202608301904170791,85,884,Bronze INV,br_AdmissionAssessmentDimensionOneDisorder,TASK_COMPLETE,SUCCESS,INFO,237,237,0,,2026-08-30T19:04:27.050Z,2026-08-30T21:04:59.710Z,7232,2026-08-30T21:04:59.710Z,FAY,Fayetteville,ba679216-ee2b-4344-afb9-134290faf502,SAMMS-Fayetteville
202608302104537742,202608301904171886,202608301904170791,85,885,Bronze INV,br_AdmissionAssessmentDimensionOneDisorder,TASK_COMPLETE,SUCCESS,INFO,185,185,0,,2026-08-30T19:04:27.050Z,2026-08-30T21:04:59.710Z,7232,2026-08-30T21:04:59.710Z,FR,Frankfort,ba679216-ee2b-4344-afb9-134290faf502,SAMMS-Frankfort
202608302104537743,202608301904171887,202608301904170791,85,886,Bronze INV,br_AdmissionAssessmentDimensionOneDisorder,TASK_COMPLETE,SUCCESS,INFO,292,292,0,,2026-08-30T19:04:27.050Z,2026-08-30T21:04:59.710Z,7232,2026-08-30T21:04:59.710Z,FS,Fort Smith,ba679216-ee2b-4344-afb9-134290faf502,SAMMS-FortSmith
202608302104537745,202608301904171888,202608301904170791,85,887,Bronze INV,br_AdmissionAssessmentDimensionOneDisorder,TASK_COMPLETE,SUCCESS,INFO,688,688,0,,2026-08-30T19:04:27.050Z,2026-08-30T21:04:59.710Z,7232,2026-08-30T21:04:59.710Z,FW,Fort Wayne,ba679216-ee2b-4344-afb9-134290faf502,SAMMS-FortWayne
202608302104537746,202608301904171889,202608301904170791,85,888,Bronze INV,br_AdmissionAssessmentDimensionOneDisorder,TASK_COMPLETE,SUCCESS,INFO,124,124,0,,2026-08-30T19:04:27.050Z,2026-08-30T21:04:59.710Z,7232,2026-08-30T21:04:59.710Z,GAL,Gaylord,ba679216-ee2b-4344-afb9-134290faf502,SAMMS-Gaylord
202608302104537747,202608301904171890,202608301904170791,85,892,Bronze INV,br_AdmissionAssessmentDimensionOneDisorder,TASK_COMPLETE,SUCCESS,INFO,633,633,0,,2026-08-30T19:04:27.050Z,2026-08-30T21:04:59.710Z,7232,2026-08-30T21:04:59.710Z,HGT,Hagerstown,ba679216-ee2b-4344-afb9-134290faf502,SAMMS-Hagerstown
202608302104537748,202608301904171891,202608301904170791,85,893,Bronze INV,br_AdmissionAssessmentDimensionOneDisorder,TASK_COMPLETE,SUCCESS,INFO,491,491,0,,2026-08-30T19:04:27.050Z,2026-08-30T21:04:59.710Z,7232,2026-08-30T21:04:59.710Z,HNT,Huntsville,ba679216-ee2b-4344-afb9-134290faf502,SAMMS-Huntsville
202608302104537749,202608301904171892,202608301904170791,85,894,Bronze INV,br_AdmissionAssessmentDimensionOneDisorder,TASK_COMPLETE,SUCCESS,INFO,358,358,0,,2026-08-30T19:04:27.050Z,2026-08-30T21:04:59.710Z,7232,2026-08-30T21:04:59.710Z,HS,Hot Springs,ba679216-ee2b-4344-afb9-134290faf502,SAMMS-HotSprings
202608302104537750,202608301904171893,202608301904170791,85,895,Bronze INV,br_AdmissionAssessmentDimensionOneDisorder,TASK_COMPLETE,SUCCESS,INFO,268,268,0,,2026-08-30T19:04:27.050Z,2026-08-30T21:04:59.710Z,7232,2026-08-30T21:04:59.710Z,JON,Jonesboro,ba679216-ee2b-4344-afb9-134290faf502,SAMMS-Jonesboro
202608302104537752,202608301904171894,202608301904170791,85,897,Bronze INV,br_AdmissionAssessmentDimensionOneDisorder,TASK_COMPLETE,SUCCESS,INFO,196,196,0,,2026-08-30T19:04:27.050Z,2026-08-30T21:04:59.710Z,7232,2026-08-30T21:04:59.710Z,LAN,Lansing,ba679216-ee2b-4344-afb9-134290faf502,SAMMS-Lansing
202608302104537753,202608301904171895,202608301904170791,85,898,Bronze INV,br_AdmissionAssessmentDimensionOneDisorder,TASK_COMPLETE,SUCCESS,INFO,447,447,0,,2026-08-30T19:04:27.050Z,2026-08-30T21:04:59.710Z,7232,2026-08-30T21:04:59.710Z,LO,Louisville,ba679216-ee2b-4344-afb9-134290faf502,SAMMS-Louisville
202608302104537754,202608301904171896,202608301904170791,85,899,Bronze INV,br_AdmissionAssessmentDimensionOneDisorder,TASK_COMPLETE,SUCCESS,INFO,1222,1222,0,,2026-08-30T19:04:27.050Z,2026-08-30T21:04:59.710Z,7232,2026-08-30T21:04:59.710Z,LV1,Cheyenne,ba679216-ee2b-4344-afb9-134290faf502,SAMMS-Cheyenne
202608302104537755,202608301904171897,202608301904170791,85,900,Bronze INV,br_AdmissionAssessmentDimensionOneDisorder,TASK_COMPLETE,SUCCESS,INFO,965,965,0,,2026-08-30T19:04:27.050Z,2026-08-30T21:04:59.710Z,7232,2026-08-30T21:04:59.710Z,LV2,Desert Inn,ba679216-ee2b-4344-afb9-134290faf502,SAMMS-DesertInn
202608302104537756,202608301904171898,202608301904170791,85,901,Bronze INV,br_AdmissionAssessmentDimensionOneDisorder,TASK_COMPLETE,SUCCESS,INFO,322,322,0,,2026-08-30T19:04:27.050Z,2026-08-30T21:04:59.710Z,7232,2026-08-30T21:04:59.710Z,LV3,McDaniel,ba679216-ee2b-4344-afb9-134290faf502,SAMMS-McDaniel
202608302104537757,202608301904171899,202608301904170791,85,904,Bronze INV,br_AdmissionAssessmentDimensionOneDisorder,TASK_COMPLETE,SUCCESS,INFO,278,278,0,,2026-08-30T19:04:27.050Z,2026-08-30T21:04:59.710Z,7232,2026-08-30T21:04:59.710Z,MNRE,Monroe,ba679216-ee2b-4344-afb9-134290faf502,SAMMS-Monroe
202608302104537758,202608301904171900,202608301904170791,85,905,Bronze INV,br_AdmissionAssessmentDimensionOneDisorder,TASK_COMPLETE,SUCCESS,INFO,193,193,0,,2026-08-30T19:04:27.050Z,2026-08-30T21:04:59.710Z,7232,2026-08-30T21:04:59.710Z,MP,Mt. Pleasant,ba679216-ee2b-4344-afb9-134290faf502,SAMMS-MtPleasant
202608302104537760,202608301904171901,202608301904170791,85,906,Bronze INV,br_AdmissionAssessmentDimensionOneDisorder,TASK_COMPLETE,SUCCESS,INFO,175,175,0,,2026-08-30T19:04:27.050Z,2026-08-30T21:04:59.710Z,7232,2026-08-30T21:04:59.710Z,MRD,Meridian,ba679216-ee2b-4344-afb9-134290faf502,SAMMS-Meridian
202608302104537761,202608301904171902,202608301904170791,85,911,Bronze INV,br_AdmissionAssessmentDimensionOneDisorder,TASK_COMPLETE,SUCCESS,INFO,643,643,0,,2026-08-30T19:04:27.050Z,2026-08-30T21:04:59.710Z,7232,2026-08-30T21:04:59.710Z,NC,North Charleston,ba679216-ee2b-4344-afb9-134290faf502,SAMMS-NorthCharleston
202608302104537762,202608301904171903,202608301904170791,85,912,Bronze INV,br_AdmissionAssessmentDimensionOneDisorder,TASK_COMPLETE,SUCCESS,INFO,579,579,0,,2026-08-30T19:04:27.050Z,2026-08-30T21:04:59.710Z,7232,2026-08-30T21:04:59.710Z,NLR,N. Little Rock,ba679216-ee2b-4344-afb9-134290faf502,SAMMS-NLROBOT
202608302104537763,202608301904171904,202608301904170791,85,913,Bronze INV,br_AdmissionAssessmentDimensionOneDisorder,TASK_COMPLETE,SUCCESS,INFO,245,245,0,,2026-08-30T19:04:27.050Z,2026-08-30T21:04:59.710Z,7232,2026-08-30T21:04:59.710Z,PH,Phoenix,ba679216-ee2b-4344-afb9-134290faf502,SAMMS-Phoenix
202608302104537764,202608301904171905,202608301904170791,85,917,Bronze INV,br_AdmissionAssessmentDimensionOneDisorder,TASK_COMPLETE,SUCCESS,INFO,423,423,0,,2026-08-30T19:04:27.050Z,2026-08-30T21:04:59.710Z,7232,2026-08-30T21:04:59.710Z,RE,Reno,ba679216-ee2b-4344-afb9-134290faf502,SAMMS-Reno
202608302104537765,202608301904171906,202608301904170791,85,918,Bronze INV,br_AdmissionAssessmentDimensionOneDisorder,TASK_COMPLETE,SUCCESS,INFO,402,402,0,,2026-08-30T19:04:27.050Z,2026-08-30T21:04:59.710Z,7232,2026-08-30T21:04:59.710Z,RMD,Richmond,ba679216-ee2b-4344-afb9-134290faf502,SAMMS-Richmond
202608302104537766,202608301904171907,202608301904170791,85,919,Bronze INV,br_AdmissionAssessmentDimensionOneDisorder,TASK_COMPLETE,SUCCESS,INFO,505,505,0,,2026-08-30T19:04:27.050Z,2026-08-30T21:04:59.710Z,7232,2026-08-30T21:04:59.710Z,SFN,Springfield North,ba679216-ee2b-4344-afb9-134290faf502,SAMMS-SFNv5
202608302104537767,202608301904171908,202608301904170791,85,920,Bronze INV,br_AdmissionAssessmentDimensionOneDisorder,TASK_COMPLETE,SUCCESS,INFO,463,463,0,,2026-08-30T19:04:27.050Z,2026-08-30T21:04:59.710Z,7232,2026-08-30T21:04:59.710Z,SHP,Shreveport,ba679216-ee2b-4344-afb9-134290faf502,SAMMS-Shreveport
202608302104537769,202608301904171909,202608301904170791,85,922,Bronze INV,br_AdmissionAssessmentDimensionOneDisorder,TASK_COMPLETE,SUCCESS,INFO,86,86,0,,2026-08-30T19:04:27.050Z,2026-08-30T21:04:59.710Z,7232,2026-08-30T21:04:59.710Z,STN,Staunton,ba679216-ee2b-4344-afb9-134290faf502,SAMMS-Staunton
202608302104537770,202608301904171910,202608301904170791,85,923,Bronze INV,br_AdmissionAssessmentDimensionOneDisorder,TASK_COMPLETE,SUCCESS,INFO,56,56,0,,2026-08-30T19:04:27.050Z,2026-08-30T21:04:59.710Z,7232,2026-08-30T21:04:59.710Z,STVN,Stevenson,ba679216-ee2b-4344-afb9-134290faf502,SAMMS-Stevenson
202608302104537771,202608301904171911,202608301904170791,85,925,Bronze INV,br_AdmissionAssessmentDimensionOneDisorder,TASK_COMPLETE,SUCCESS,INFO,76,76,0,,2026-08-30T19:04:27.050Z,2026-08-30T21:04:59.710Z,7232,2026-08-30T21:04:59.710Z,TE,Tempe,ba679216-ee2b-4344-afb9-134290faf502,SAMMS-Tempe
202608302104537772,202608301904171912,202608301904170791,85,926,Bronze INV,br_AdmissionAssessmentDimensionOneDisorder,TASK_COMPLETE,SUCCESS,INFO,371,371,0,,2026-08-30T19:04:27.050Z,2026-08-30T21:04:59.710Z,7232,2026-08-30T21:04:59.710Z,TEX,Texarkana,ba679216-ee2b-4344-afb9-134290faf502,SAMMS-Texarkana
202608302104537773,202608301904171913,202608301904170791,85,927,Bronze INV,br_AdmissionAssessmentDimensionOneDisorder,TASK_COMPLETE,SUCCESS,INFO,454,454,0,,2026-08-30T19:04:27.050Z,2026-08-30T21:04:59.710Z,7232,2026-08-30T21:04:59.710Z,TTCA,Bessemer,ba679216-ee2b-4344-afb9-134290faf502,SAMMS-BessemerV5
202608302104537774,202608301904171914,202608301904170791,85,928,Bronze INV,br_AdmissionAssessmentDimensionOneDisorder,TASK_COMPLETE,SUCCESS,INFO,555,555,0,,2026-08-30T19:04:27.050Z,2026-08-30T21:04:59.710Z,7232,2026-08-30T21:04:59.710Z,TTCB,Cullman,ba679216-ee2b-4344-afb9-134290faf502,SAMMS-CullmanV5
202608302104537775,202608301904171915,202608301904170791,85,929,Bronze INV,br_AdmissionAssessmentDimensionOneDisorder,TASK_COMPLETE,SUCCESS,INFO,365,365,0,,2026-08-30T19:04:27.050Z,2026-08-30T21:04:59.710Z,7232,2026-08-30T21:04:59.710Z,TTCC,Grand Bay,ba679216-ee2b-4344-afb9-134290faf502,SAMMS-GrandBay
202608302104537777,202608301904171916,202608301904170791,85,930,Bronze INV,br_AdmissionAssessmentDimensionOneDisorder,TASK_COMPLETE,SUCCESS,INFO,24,24,0,,2026-08-30T19:04:27.050Z,2026-08-30T21:04:59.710Z,7232,2026-08-30T21:04:59.710Z,TU,Tucson,ba679216-ee2b-4344-afb9-134290faf502,SAMMS-Tucson
202608302104537778,202608301904171917,202608301904170791,85,932,Bronze INV,br_AdmissionAssessmentDimensionOneDisorder,TASK_COMPLETE,SUCCESS,INFO,266,266,0,,2026-08-30T19:04:27.050Z,2026-08-30T21:04:59.710Z,7232,2026-08-30T21:04:59.710Z,V1,Memphis South,ba679216-ee2b-4344-afb9-134290faf502,SAMMS-VCPHCS-I-MemphisV5
202608302104537779,202608301904171918,202608301904170791,85,933,Bronze INV,br_AdmissionAssessmentDimensionOneDisorder,TASK_COMPLETE,SUCCESS,INFO,708,708,0,,2026-08-30T19:04:27.050Z,2026-08-30T21:04:59.710Z,7232,2026-08-30T21:04:59.710Z,V10,Longmont,ba679216-ee2b-4344-afb9-134290faf502,SAMMS-BoulderV5
202608302104537780,202608301904171919,202608301904170791,85,934,Bronze INV,br_AdmissionAssessmentDimensionOneDisorder,TASK_COMPLETE,SUCCESS,INFO,1209,1209,0,,2026-08-30T19:04:27.050Z,2026-08-30T21:04:59.710Z,7232,2026-08-30T21:04:59.710Z,V10A,Fort Collins,ba679216-ee2b-4344-afb9-134290faf502,SAMMS-FortCollinsV5
202608302104537781,202608301904171920,202608301904170791,85,935,Bronze INV,br_AdmissionAssessmentDimensionOneDisorder,TASK_COMPLETE,SUCCESS,INFO,1053,1053,0,,2026-08-30T19:04:27.050Z,2026-08-30T21:04:59.710Z,7232,2026-08-30T21:04:59.710Z,V11,Westminster,ba679216-ee2b-4344-afb9-134290faf502,SAMMS-VCPHCS-XI-NorthDenverV5
202608302104537782,202608301904171921,202608301904170791,85,936,Bronze INV,br_AdmissionAssessmentDimensionOneDisorder,TASK_COMPLETE,SUCCESS,INFO,1112,1112,0,,2026-08-30T19:04:27.050Z,2026-08-30T21:04:59.710Z,7232,2026-08-30T21:04:59.710Z,V12,Downtown Denver,ba679216-ee2b-4344-afb9-134290faf502,SAMMS-VCPHCS-XII-DowntownDenverV5
202608302104537783,202608301904171922,202608301904170791,85,937,Bronze INV,br_AdmissionAssessmentDimensionOneDisorder,TASK_COMPLETE,SUCCESS,INFO,503,503,0,,2026-08-30T19:04:27.050Z,2026-08-30T21:04:59.710Z,7232,2026-08-30T21:04:59.710Z,V12A,Centennial,ba679216-ee2b-4344-afb9-134290faf502,SAMMS-CentennialV5
202608302104537784,202608301904171923,202608301904170791,85,938,Bronze INV,br_AdmissionAssessmentDimensionOneDisorder,TASK_COMPLETE,SUCCESS,INFO,315,315,0,,2026-08-30T19:04:27.050Z,2026-08-30T21:04:59.710Z,7232,2026-08-30T21:04:59.710Z,V14,Overland Park,ba679216-ee2b-4344-afb9-134290faf502,SAMMS-VCPHCS-XIV-BridgewayV5
202608302104537786,202608301904171924,202608301904170791,85,939,Bronze INV,br_AdmissionAssessmentDimensionOneDisorder,TASK_COMPLETE,SUCCESS,INFO,573,573,0,,2026-08-30T19:04:27.050Z,2026-08-30T21:04:59.710Z,7232,2026-08-30T21:04:59.710Z,V15,Joplin,ba679216-ee2b-4344-afb9-134290faf502,SAMMS-JoplinV5
202608302104537787,202608301904171925,202608301904170791,85,941,Bronze INV,br_AdmissionAssessmentDimensionOneDisorder,TASK_COMPLETE,SUCCESS,INFO,490,490,0,,2026-08-30T19:04:27.050Z,2026-08-30T21:04:59.710Z,7232,2026-08-30T21:04:59.710Z,V17,Columbia TN,ba679216-ee2b-4344-afb9-134290faf502,SAMMS-ColumbiaTNv5
202608302104537788,202608301904171926,202608301904170791,85,943,Bronze INV,br_AdmissionAssessmentDimensionOneDisorder,TASK_COMPLETE,SUCCESS,INFO,440,440,0,,2026-08-30T19:04:27.050Z,2026-08-30T21:04:59.710Z,7232,2026-08-30T21:04:59.710Z,V19,Jackson,ba679216-ee2b-4344-afb9-134290faf502,SAMMS-JacksonV5
202608302104537789,202608301904171927,202608301904170791,85,945,Bronze INV,br_AdmissionAssessmentDimensionOneDisorder,TASK_COMPLETE,SUCCESS,INFO,522,522,0,,2026-08-30T19:04:27.050Z,2026-08-30T21:04:59.710Z,7232,2026-08-30T21:04:59.710Z,V20,Paris,ba679216-ee2b-4344-afb9-134290faf502,SAMMS-ParisV5
202608302104537790,202608301904171928,202608301904170791,85,946,Bronze INV,br_AdmissionAssessmentDimensionOneDisorder,TASK_COMPLETE,SUCCESS,INFO,366,366,0,,2026-08-30T19:04:27.050Z,2026-08-30T21:04:59.710Z,7232,2026-08-30T21:04:59.710Z,V21,Memphis North,ba679216-ee2b-4344-afb9-134290faf502,SAMMS-RaleighV5
202608302104537791,202608301904171929,202608301904170791,85,949,Bronze INV,br_AdmissionAssessmentDimensionOneDisorder,TASK_COMPLETE,SUCCESS,INFO,724,724,0,,2026-08-30T19:04:27.050Z,2026-08-30T21:04:59.710Z,7232,2026-08-30T21:04:59.710Z,V5,West Bank,ba679216-ee2b-4344-afb9-134290faf502,SAMMS-NONTCv5
202608302104537792,202608301904171930,202608301904170791,85,951,Bronze INV,br_AdmissionAssessmentDimensionOneDisorder,TASK_COMPLETE,SUCCESS,INFO,262,262,0,,2026-08-30T19:04:27.050Z,2026-08-30T21:04:59.710Z,7232,2026-08-30T21:04:59.710Z,V5B,Houma,ba679216-ee2b-4344-afb9-134290faf502,SAMMS-HoumaV6
202608302104537794,202608301904171931,202608301904170791,85,952,Bronze INV,br_AdmissionAssessmentDimensionOneDisorder,TASK_COMPLETE,SUCCESS,INFO,982,982,0,,2026-08-30T19:04:27.050Z,2026-08-30T21:04:59.710Z,7232,2026-08-30T21:04:59.710Z,V6,Lake Charles,ba679216-ee2b-4344-afb9-134290faf502,SAMMS-LCv5
202608302104538058,202608301904172160,202608301904170791,85,1319,Bronze INV,br_AdmissionAssessmentDimensionThree,TASK_COMPLETE,SUCCESS,INFO,254,254,0,,2026-08-30T19:04:27.050Z,2026-08-30T21:04:59.710Z,7232,2026-08-30T21:04:59.710Z,V5B,Houma,ba679216-ee2b-4344-afb9-134290faf502,SAMMS-HoumaV6
202608302104538059,202608301904172161,202608301904170791,85,1320,Bronze INV,br_AdmissionAssessmentDimensionThree,TASK_COMPLETE,SUCCESS,INFO,958,958,0,,2026-08-30T19:04:27.050Z,2026-08-30T21:04:59.710Z,7232,2026-08-30T21:04:59.710Z,V6,Lake Charles,ba679216-ee2b-4344-afb9-134290faf502,SAMMS-LCv5
202608302104538060,202608301904172162,202608301904170791,85,1322,Bronze INV,br_AdmissionAssessmentDimensionThree,TASK_COMPLETE,SUCCESS,INFO,566,566,0,,2026-08-30T19:04:27.050Z,2026-08-30T21:04:59.710Z,7232,2026-08-30T21:04:59.710Z,V8,Memphis Midtown,ba679216-ee2b-4344-afb9-134290faf502,SAMMS-VCPHCS-VIII-MemphisV5
202608302104538061,202608301904172163,202608301904170791,85,1323,Bronze INV,br_AdmissionAssessmentDimensionThree,TASK_COMPLETE,SUCCESS,INFO,1579,1579,0,,2026-08-30T19:04:27.050Z,2026-08-30T21:04:59.710Z,7232,2026-08-30T21:04:59.710Z,V9,Nashville,ba679216-ee2b-4344-afb9-134290faf502,SAMMS-NashvilleV5
202608302104538063,202608301904172164,202608301904170791,85,1324,Bronze INV,br_AdmissionAssessmentDimensionThree,TASK_COMPLETE,SUCCESS,INFO,332,332,0,,2026-08-30T19:04:27.050Z,2026-08-30T21:04:59.710Z,7232,2026-08-30T21:04:59.710Z,VBRA,Brainerd,ba679216-ee2b-4344-afb9-134290faf502,SAMMS-BrainerdV6
202608302104538064,202608301904172165,202608301904170791,85,1325,Bronze INV,br_AdmissionAssessmentDimensionThree,TASK_COMPLETE,SUCCESS,INFO,593,593,0,,2026-08-30T19:04:27.050Z,2026-08-30T21:04:59.710Z,7232,2026-08-30T21:04:59.710Z,VBRP,Brooklyn Park,ba679216-ee2b-4344-afb9-134290faf502,SAMMS-BrooklynParkV6
202608302104538065,202608301904172166,202608301904170791,85,1327,Bronze INV,br_AdmissionAssessmentDimensionThree,TASK_COMPLETE,SUCCESS,INFO,577,577,0,,2026-08-30T19:04:27.050Z,2026-08-30T21:04:59.710Z,7232,2026-08-30T21:04:59.710Z,VMIN,Minneapolis,ba679216-ee2b-4344-afb9-134290faf502,SAMMS-MinneapolisV6
202608302104538066,202608301904172167,202608301904170791,85,1328,Bronze INV,br_AdmissionAssessmentDimensionThree,TASK_COMPLETE,SUCCESS,INFO,1067,1067,0,,2026-08-30T19:04:27.050Z,2026-08-30T21:04:59.710Z,7232,2026-08-30T21:04:59.710Z,VWBY,Woodbury,ba679216-ee2b-4344-afb9-134290faf502,SAMMS-WoodburyV6
202608302104538067,202608301904172168,202608301904170791,85,1330,Bronze INV,br_AdmissionAssessmentDimensionThree,TASK_COMPLETE,SUCCESS,INFO,432,432,0,,2026-08-30T19:04:27.050Z,2026-08-30T21:04:59.710Z,7232,2026-08-30T21:04:59.710Z,WIL,Wilson,ba679216-ee2b-4344-afb9-134290faf502,SAMMS-Wilson
202608302104538068,202608301904172169,202608301904170791,85,598,Bronze INV,br_AdmissionAssessmentDimensionFour,TASK_COMPLETE,SUCCESS,INFO,98,98,0,,2026-08-30T19:04:27.050Z,2026-08-30T21:04:59.710Z,7232,2026-08-30T21:04:59.710Z,AHK,Ahoskie,ba679216-ee2b-4344-afb9-134290faf502,SAMMS-Ahoskie
202608302104538069,202608301904172170,202608301904170791,85,599,Bronze INV,br_AdmissionAssessmentDimensionFour,TASK_COMPLETE,SUCCESS,INFO,791,791,0,,2026-08-30T19:04:27.050Z,2026-08-30T21:04:59.710Z,7232,2026-08-30T21:04:59.710Z,B12B,Colorado Springs,ba679216-ee2b-4344-afb9-134290faf502,SAMMS-ColoradoSpringsV5
202608302104538070,202608301904172171,202608301904170791,85,600,Bronze INV,br_AdmissionAssessmentDimensionFour,TASK_COMPLETE,SUCCESS,INFO,411,411,0,,2026-08-30T19:04:27.050Z,2026-08-30T21:04:59.710Z,7232,2026-08-30T21:04:59.710Z,B24,Paintsville,ba679216-ee2b-4344-afb9-134290faf502,SAMMS-PaintsvilleV5
202608302104538072,202608301904172172,202608301904170791,85,601,Bronze INV,br_AdmissionAssessmentDimensionFour,TASK_COMPLETE,SUCCESS,INFO,171,171,0,,2026-08-30T19:04:27.050Z,2026-08-30T21:04:59.710Z,7232,2026-08-30T21:04:59.710Z,B25,Pikeville,ba679216-ee2b-4344-afb9-134290faf502,SAMMS-PikevilleV5
202608302104538073,202608301904172173,202608301904170791,85,602,Bronze INV,br_AdmissionAssessmentDimensionFour,TASK_COMPLETE,SUCCESS,INFO,492,492,0,,2026-08-30T19:04:27.050Z,2026-08-30T21:04:59.710Z,7232,2026-08-30T21:04:59.710Z,B26,Hazard,ba679216-ee2b-4344-afb9-134290faf502,SAMMS-HazardV5
202608302104538074,202608301904172174,202608301904170791,85,603,Bronze INV,br_AdmissionAssessmentDimensionFour,TASK_COMPLETE,SUCCESS,INFO,188,188,0,,2026-08-30T19:04:27.050Z,2026-08-30T21:04:59.710Z,7232,2026-08-30T21:04:59.710Z,B27,Savannah,ba679216-ee2b-4344-afb9-134290faf502,SAMMS-SavannahV6
202608302104538075,202608301904172175,202608301904170791,85,604,Bronze INV,br_AdmissionAssessmentDimensionFour,TASK_COMPLETE,SUCCESS,INFO,234,234,0,,2026-08-30T19:04:27.050Z,2026-08-30T21:04:59.710Z,7232,2026-08-30T21:04:59.710Z,B28,West Plains,ba679216-ee2b-4344-afb9-134290faf502,SAMMS-WestPlainesV5
202608302104538076,202608301904172176,202608301904170791,85,605,Bronze INV,br_AdmissionAssessmentDimensionFour,TASK_COMPLETE,SUCCESS,INFO,261,261,0,,2026-08-30T19:04:27.050Z,2026-08-30T21:04:59.710Z,7232,2026-08-30T21:04:59.710Z,B29,Poplar Bluff,ba679216-ee2b-4344-afb9-134290faf502,SAMMS-PoplarBluffV5
202608302104538077,202608301904172177,202608301904170791,85,606,Bronze INV,br_AdmissionAssessmentDimensionFour,TASK_COMPLETE,SUCCESS,INFO,140,140,0,,2026-08-30T19:04:27.050Z,2026-08-30T21:04:59.710Z,7232,2026-08-30T21:04:59.710Z,B30,KC North,ba679216-ee2b-4344-afb9-134290faf502,SAMMS-KCNv5
202608302104538078,202608301904172178,202608301904170791,85,607,Bronze INV,br_AdmissionAssessmentDimensionFour,TASK_COMPLETE,SUCCESS,INFO,340,340,0,,2026-08-30T19:04:27.050Z,2026-08-30T21:04:59.710Z,7232,2026-08-30T21:04:59.710Z,B31,Dyersburg,ba679216-ee2b-4344-afb9-134290faf502,SAMMS-DyersburgV5
202608302104538080,202608301904172179,202608301904170791,85,609,Bronze INV,br_AdmissionAssessmentDimensionFour,TASK_COMPLETE,SUCCESS,INFO,212,212,0,,2026-08-30T19:04:27.050Z,2026-08-30T21:04:59.710Z,7232,2026-08-30T21:04:59.710Z,B33,Paducah,ba679216-ee2b-4344-afb9-134290faf502,SAMMS-Paducah
202608302104538081,202608301904172180,202608301904170791,85,610,Bronze INV,br_AdmissionAssessmentDimensionFour,TASK_COMPLETE,SUCCESS,INFO,448,448,0,,2026-08-30T19:04:27.050Z,2026-08-30T21:04:59.710Z,7232,2026-08-30T21:04:59.710Z,B34,Corbin,ba679216-ee2b-4344-afb9-134290faf502,SAMMS-CorbinV5
202608302104538082,202608301904172181,202608301904170791,85,611,Bronze INV,br_AdmissionAssessmentDimensionFour,TASK_COMPLETE,SUCCESS,INFO,715,715,0,,2026-08-30T19:04:27.050Z,2026-08-30T21:04:59.710Z,7232,2026-08-30T21:04:59.710Z,B35,Lexington,ba679216-ee2b-4344-afb9-134290faf502,SAMMS-LexingtonV5
202608302104538083,202608301904172182,202608301904170791,85,612,Bronze INV,br_AdmissionAssessmentDimensionFour,TASK_COMPLETE,SUCCESS,INFO,345,345,0,,2026-08-30T19:04:27.050Z,2026-08-30T21:04:59.710Z,7232,2026-08-30T21:04:59.710Z,B35A,Berea,ba679216-ee2b-4344-afb9-134290faf502,SAMMS-BereaV5
202608302104538085,202608301904172183,202608301904170791,85,613,Bronze INV,br_AdmissionAssessmentDimensionFour,TASK_COMPLETE,SUCCESS,INFO,603,603,0,,2026-08-30T19:04:27.050Z,2026-08-30T21:04:59.710Z,7232,2026-08-30T21:04:59.710Z,B36,Asheville,ba679216-ee2b-4344-afb9-134290faf502,SAMMS-AshevilleV5
202608302104538086,202608301904172184,202608301904170791,85,614,Bronze INV,br_AdmissionAssessmentDimensionFour,TASK_COMPLETE,SUCCESS,INFO,451,451,0,,2026-08-30T19:04:27.050Z,2026-08-30T21:04:59.710Z,7232,2026-08-30T21:04:59.710Z,B37,Clyde,ba679216-ee2b-4344-afb9-134290faf502,SAMMS-ClydeV5
202608302104538087,202608301904172185,202608301904170791,85,615,Bronze INV,br_AdmissionAssessmentDimensionFour,TASK_COMPLETE,SUCCESS,INFO,634,634,0,,2026-08-30T19:04:27.050Z,2026-08-30T21:04:59.710Z,7232,2026-08-30T21:04:59.710Z,B38,Spartanburg,ba679216-ee2b-4344-afb9-134290faf502,SAMMS-SpartanburgV5
202608302104538088,202608301904172186,202608301904170791,85,616,Bronze INV,br_AdmissionAssessmentDimensionFour,TASK_COMPLETE,SUCCESS,INFO,480,480,0,,2026-08-30T19:04:27.050Z,2026-08-30T21:04:59.710Z,7232,2026-08-30T21:04:59.710Z,B39,Aiken,ba679216-ee2b-4344-afb9-134290faf502,SAMMS-AikenV5
202608302104538089,202608301904172187,202608301904170791,85,617,Bronze INV,br_AdmissionAssessmentDimensionFour,TASK_COMPLETE,SUCCESS,INFO,290,290,0,,2026-08-30T19:04:27.050Z,2026-08-30T21:04:59.710Z,7232,2026-08-30T21:04:59.710Z,B41,Chesapeake,ba679216-ee2b-4344-afb9-134290faf502,SAMMS-ChesapeakeV5
202608302104538090,202608301904172188,202608301904170791,85,618,Bronze INV,br_AdmissionAssessmentDimensionFour,TASK_COMPLETE,SUCCESS,INFO,534,534,0,,2026-08-30T19:04:27.050Z,2026-08-30T21:04:59.710Z,7232,2026-08-30T21:04:59.710Z,B42,Virginia Beach,ba679216-ee2b-4344-afb9-134290faf502,SAMMS-VirginiaBeachV5
202608302104538093,202608301904172189,202608301904170791,85,619,Bronze INV,br_AdmissionAssessmentDimensionFour,TASK_COMPLETE,SUCCESS,INFO,165,165,0,,2026-08-30T19:04:27.050Z,2026-08-30T21:04:59.710Z,7232,2026-08-30T21:04:59.710Z,B42A,Newport News,ba679216-ee2b-4344-afb9-134290faf502,SAMMS-NewportNewsV5
202608302104538094,202608301904172190,202608301904170791,85,620,Bronze INV,br_AdmissionAssessmentDimensionFour,TASK_COMPLETE,SUCCESS,INFO,56,56,0,,2026-08-30T19:04:27.050Z,2026-08-30T21:04:59.710Z,7232,2026-08-30T21:04:59.710Z,B42B,Franklin,ba679216-ee2b-4344-afb9-134290faf502,SAMMS-FranklinV5
202608302104538095,202608301904172191,202608301904170791,85,621,Bronze INV,br_AdmissionAssessmentDimensionFour,TASK_COMPLETE,SUCCESS,INFO,334,334,0,,2026-08-30T19:04:27.050Z,2026-08-30T21:04:59.710Z,7232,2026-08-30T21:04:59.710Z,B42C,Glen Allen,ba679216-ee2b-4344-afb9-134290faf502,SAMMS-GlenAllenV5
202608302104538096,202608301904172192,202608301904170791,85,622,Bronze INV,br_AdmissionAssessmentDimensionFour,TASK_COMPLETE,SUCCESS,INFO,169,169,0,,2026-08-30T19:04:27.050Z,2026-08-30T21:04:59.710Z,7232,2026-08-30T21:04:59.710Z,B42D,Chesapeake South,ba679216-ee2b-4344-afb9-134290faf502,SAMMS-ChesapeakeSouthV5
202608302104538097,202608301904172193,202608301904170791,85,623,Bronze INV,br_AdmissionAssessmentDimensionFour,TASK_COMPLETE,SUCCESS,INFO,209,209,0,,2026-08-30T19:04:27.050Z,2026-08-30T21:04:59.710Z,7232,2026-08-30T21:04:59.710Z,B44,Albany,ba679216-ee2b-4344-afb9-134290faf502,SAMMS-AlbanyV5
202608302104538098,202608301904172194,202608301904170791,85,624,Bronze INV,br_AdmissionAssessmentDimensionFour,TASK_COMPLETE,SUCCESS,INFO,306,306,0,,2026-08-30T19:04:27.050Z,2026-08-30T21:04:59.710Z,7232,2026-08-30T21:04:59.710Z,B45,Tifton,ba679216-ee2b-4344-afb9-134290faf502,SAMMS-TiftonV5
202608302104538099,202608301904172195,202608301904170791,85,625,Bronze INV,br_AdmissionAssessmentDimensionFour,TASK_COMPLETE,SUCCESS,INFO,664,664,0,,2026-08-30T19:04:27.050Z,2026-08-30T21:04:59.710Z,7232,2026-08-30T21:04:59.710Z,B46,Washington DC,ba679216-ee2b-4344-afb9-134290faf502,SAMMS-WashingtonDCv5
202608302104538101,202608301904172196,202608301904170791,85,626,Bronze INV,br_AdmissionAssessmentDimensionFour,TASK_COMPLETE,SUCCESS,INFO,351,351,0,,2026-08-30T19:04:27.050Z,2026-08-30T21:04:59.710Z,7232,2026-08-30T21:04:59.710Z,B47,Mobile,ba679216-ee2b-4344-afb9-134290faf502,SAMMS-MobileV5
202608302104538102,202608301904172197,202608301904170791,85,627,Bronze INV,br_AdmissionAssessmentDimensionFour,TASK_COMPLETE,SUCCESS,INFO,453,453,0,,2026-08-30T19:04:27.050Z,2026-08-30T21:04:59.710Z,7232,2026-08-30T21:04:59.710Z,B48,Tuscaloosa,ba679216-ee2b-4344-afb9-134290faf502,SAMMS-TuscaloosaV5
202608302104538103,202608301904172198,202608301904170791,85,636,Bronze INV,br_AdmissionAssessmentDimensionFour,TASK_COMPLETE,SUCCESS,INFO,311,311,0,,2026-08-30T19:04:27.050Z,2026-08-30T21:04:59.710Z,7232,2026-08-30T21:04:59.710Z,B51,N. Little Rock (OTP),ba679216-ee2b-4344-afb9-134290faf502,SAMMS-NorthLittleRockV6
202608302104538104,202608301904172199,202608301904170791,85,637,Bronze INV,br_AdmissionAssessmentDimensionFour,TASK_COMPLETE,SUCCESS,INFO,155,155,0,,2026-08-30T19:04:27.050Z,2026-08-30T21:04:59.710Z,7232,2026-08-30T21:04:59.710Z,B52,Jackson GA,ba679216-ee2b-4344-afb9-134290faf502,SAMMS-JacksonGAV5
202608302104538105,202608301904172200,202608301904170791,85,638,Bronze INV,br_AdmissionAssessmentDimensionFour,TASK_COMPLETE,SUCCESS,INFO,474,474,0,,2026-08-30T19:04:27.050Z,2026-08-30T21:04:59.710Z,7232,2026-08-30T21:04:59.710Z,B54,Gadsden,ba679216-ee2b-4344-afb9-134290faf502,SAMMS-GadsdenV5
202608302104538106,202608301904172201,202608301904170791,85,639,Bronze INV,br_AdmissionAssessmentDimensionFour,TASK_COMPLETE,SUCCESS,INFO,483,483,0,,2026-08-30T19:04:27.050Z,2026-08-30T21:04:59.710Z,7232,2026-08-30T21:04:59.710Z,B55,Shoals,ba679216-ee2b-4344-afb9-134290faf502,SAMMS-ShoalsV5
202608302104538107,202608301904172202,202608301904170791,85,640,Bronze INV,br_AdmissionAssessmentDimensionFour,TASK_COMPLETE,SUCCESS,INFO,170,170,0,,2026-08-30T19:04:27.050Z,2026-08-30T21:04:59.710Z,7232,2026-08-30T21:04:59.710Z,B57,Pawtucket,ba679216-ee2b-4344-afb9-134290faf502,SAMMS-Pawtucket
202608302104538109,202608301904172203,202608301904170791,85,641,Bronze INV,br_AdmissionAssessmentDimensionFour,TASK_COMPLETE,SUCCESS,INFO,168,168,0,,2026-08-30T19:04:27.050Z,2026-08-30T21:04:59.710Z,7232,2026-08-30T21:04:59.710Z,B57A,Johnston,ba679216-ee2b-4344-afb9-134290faf502,SAMMS-Johnston
202608302104538110,202608301904172204,202608301904170791,85,642,Bronze INV,br_AdmissionAssessmentDimensionFour,TASK_COMPLETE,SUCCESS,INFO,87,87,0,,2026-08-30T19:04:27.050Z,2026-08-30T21:04:59.710Z,7232,2026-08-30T21:04:59.710Z,B57B,Middletown,ba679216-ee2b-4344-afb9-134290faf502,SAMMS-Middletown
202608302104538111,202608301904172205,202608301904170791,85,643,Bronze INV,br_AdmissionAssessmentDimensionFour,TASK_COMPLETE,SUCCESS,INFO,176,176,0,,2026-08-30T19:04:27.050Z,2026-08-30T21:04:59.710Z,7232,2026-08-30T21:04:59.710Z,B57C,Providence,ba679216-ee2b-4344-afb9-134290faf502,SAMMS-Providence
202608302104538112,202608301904172206,202608301904170791,85,644,Bronze INV,br_AdmissionAssessmentDimensionFour,TASK_COMPLETE,SUCCESS,INFO,253,253,0,,2026-08-30T19:04:27.050Z,2026-08-30T21:04:59.710Z,7232,2026-08-30T21:04:59.710Z,B57D,Westerly,ba679216-ee2b-4344-afb9-134290faf502,SAMMS-Westerly
202608302104538113,202608301904172207,202608301904170791,85,648,Bronze INV,br_AdmissionAssessmentDimensionFour,TASK_COMPLETE,SUCCESS,INFO,364,364,0,,2026-08-30T19:04:27.050Z,2026-08-30T21:04:59.710Z,7232,2026-08-30T21:04:59.710Z,B66A,Bremen,ba679216-ee2b-4344-afb9-134290faf502,SAMMS-Bremen
202608302104538114,202608301904172208,202608301904170791,85,651,Bronze INV,br_AdmissionAssessmentDimensionFour,TASK_COMPLETE,SUCCESS,INFO,13,13,0,,2026-08-30T19:04:27.050Z,2026-08-30T21:04:59.710Z,7232,2026-08-30T21:04:59.710Z,B72,Mobile (OBOT),ba679216-ee2b-4344-afb9-134290faf502,SAMMS-Mobile-OBOT
202608302104538115,202608301904172209,202608301904170791,85,652,Bronze INV,br_AdmissionAssessmentDimensionFour,TASK_COMPLETE,SUCCESS,INFO,2,2,0,,2026-08-30T19:04:27.050Z,2026-08-30T21:04:59.710Z,7232,2026-08-30T21:04:59.710Z,B73,Montgomery,ba679216-ee2b-4344-afb9-134290faf502,SAMMS-Montgomery
202608302104538117,202608301904172210,202608301904170791,85,653,Bronze INV,br_AdmissionAssessmentDimensionFour,TASK_COMPLETE,SUCCESS,INFO,316,316,0,,2026-08-30T19:04:27.050Z,2026-08-30T21:04:59.710Z,7232,2026-08-30T21:04:59.710Z,B75,Lawrence,ba679216-ee2b-4344-afb9-134290faf502,SAMMS-LawrenceV6
202608302104538118,202608301904172211,202608301904170791,85,654,Bronze INV,br_AdmissionAssessmentDimensionFour,TASK_COMPLETE,SUCCESS,INFO,49,49,0,,2026-08-30T19:04:27.050Z,2026-08-30T21:04:59.710Z,7232,2026-08-30T21:04:59.710Z,B76,Huntsville OBOT,ba679216-ee2b-4344-afb9-134290faf502,SAMMS-Huntsville-OBOT
202608302104538119,202608301904172212,202608301904170791,85,655,Bronze INV,br_AdmissionAssessmentDimensionFour,TASK_COMPLETE,SUCCESS,INFO,302,302,0,,2026-08-30T19:04:27.050Z,2026-08-30T21:04:59.710Z,7232,2026-08-30T21:04:59.710Z,BAT,Batesville,ba679216-ee2b-4344-afb9-134290faf502,SAMMS-Batesville
202608302104538120,202608301904172213,202608301904170791,85,656,Bronze INV,br_AdmissionAssessmentDimensionFour,TASK_COMPLETE,SUCCESS,INFO,234,234,0,,2026-08-30T19:04:27.050Z,2026-08-30T21:04:59.710Z,7232,2026-08-30T21:04:59.710Z,BG,Bowling Green,ba679216-ee2b-4344-afb9-134290faf502,SAMMS-BowlingGreen
202608302104538121,202608301904172214,202608301904170791,85,657,Bronze INV,br_AdmissionAssessmentDimensionFour,TASK_COMPLETE,SUCCESS,INFO,216,216,0,,2026-08-30T19:04:27.050Z,2026-08-30T21:04:59.710Z,7232,2026-08-30T21:04:59.710Z,BOI,Boise,ba679216-ee2b-4344-afb9-134290faf502,SAMMS-Boise
202608302104538122,202608301904172215,202608301904170791,85,664,Bronze INV,br_AdmissionAssessmentDimensionFour,TASK_COMPLETE,SUCCESS,INFO,283,283,0,,2026-08-30T19:04:27.050Z,2026-08-30T21:04:59.710Z,7232,2026-08-30T21:04:59.710Z,CBCO,Coeur dAlene,ba679216-ee2b-4344-afb9-134290faf502,SAMMS-CoeurdAleneV6
202608302104538123,202608301904172216,202608301904170791,85,683,Bronze INV,br_AdmissionAssessmentDimensionFour,TASK_COMPLETE,SUCCESS,INFO,304,304,0,,2026-08-30T19:04:27.050Z,2026-08-30T21:04:59.710Z,7232,2026-08-30T21:04:59.710Z,CON,Conway,ba679216-ee2b-4344-afb9-134290faf502,SAMMS-Conway
202608302104538125,202608301904172217,202608301904170791,85,684,Bronze INV,br_AdmissionAssessmentDimensionFour,TASK_COMPLETE,SUCCESS,INFO,1544,1544,0,,2026-08-30T19:04:27.050Z,2026-08-30T21:04:59.710Z,7232,2026-08-30T21:04:59.710Z,D07,Medical Services Knox TN,ba679216-ee2b-4344-afb9-134290faf502,SAMMS-KnoxvilleV6
202608302104538126,202608301904172218,202608301904170791,85,685,Bronze INV,br_AdmissionAssessmentDimensionFour,TASK_COMPLETE,SUCCESS,INFO,957,957,0,,2026-08-30T19:04:27.050Z,2026-08-30T21:04:59.710Z,7232,2026-08-30T21:04:59.710Z,D08,Madison,ba679216-ee2b-4344-afb9-134290faf502,SAMMS-MadisonV6
202608302104538127,202608301904172219,202608301904170791,85,687,Bronze INV,br_AdmissionAssessmentDimensionFour,TASK_COMPLETE,SUCCESS,INFO,929,929,0,,2026-08-30T19:04:27.050Z,2026-08-30T21:04:59.710Z,7232,2026-08-30T21:04:59.710Z,D09,Murfreesboro,ba679216-ee2b-4344-afb9-134290faf502,SAMMS-MurfreesboroV6
202608302104538128,202608301904172220,202608301904170791,85,688,Bronze INV,br_AdmissionAssessmentDimensionFour,TASK_COMPLETE,SUCCESS,INFO,219,219,0,,2026-08-30T19:04:27.050Z,2026-08-30T21:04:59.710Z,7232,2026-08-30T21:04:59.710Z,DA,Davenport,ba679216-ee2b-4344-afb9-134290faf502,SAMMS-Davenport
202608302104538129,202608301904172221,202608301904170791,85,689,Bronze INV,br_AdmissionAssessmentDimensionFour,TASK_COMPLETE,SUCCESS,INFO,352,352,0,,2026-08-30T19:04:27.050Z,2026-08-30T21:04:59.710Z,7232,2026-08-30T21:04:59.710Z,DM,Des Moines,ba679216-ee2b-4344-afb9-134290faf502,SAMMS-DesMoines
202608302104538130,202608301904172222,202608301904170791,85,691,Bronze INV,br_AdmissionAssessmentDimensionFour,TASK_COMPLETE,SUCCESS,INFO,479,479,0,,2026-08-30T19:04:27.050Z,2026-08-30T21:04:59.710Z,7232,2026-08-30T21:04:59.710Z,DRD-CO,Columbia MO,ba679216-ee2b-4344-afb9-134290faf502,SAMMS-ColumbiaV5
202608302104538131,202608301904172223,202608301904170791,85,692,Bronze INV,br_AdmissionAssessmentDimensionFour,TASK_COMPLETE,SUCCESS,INFO,592,592,0,,2026-08-30T19:04:27.050Z,2026-08-30T21:04:59.710Z,7232,2026-08-30T21:04:59.710Z,DRD-KC,KC,ba679216-ee2b-4344-afb9-134290faf502,SAMMS-KCv5
202608302104538132,202608301904172224,202608301904170791,85,693,Bronze INV,br_AdmissionAssessmentDimensionFour,TASK_COMPLETE,SUCCESS,INFO,951,951,0,,2026-08-30T19:04:27.050Z,2026-08-30T21:04:59.710Z,7232,2026-08-30T21:04:59.710Z,DRD-KVB,KVB,ba679216-ee2b-4344-afb9-134290faf502,SAMMS-KVBv5
202608302104538134,202608301904172225,202608301904170791,85,694,Bronze INV,br_AdmissionAssessmentDimensionFour,TASK_COMPLETE,SUCCESS,INFO,1570,1570,0,,2026-08-30T19:04:27.050Z,2026-08-30T21:04:59.710Z,7232,2026-08-30T21:04:59.710Z,DRD-KVC,KVC,ba679216-ee2b-4344-afb9-134290faf502,SAMMS-KVCv5
202608302104538135,202608301904172226,202608301904170791,85,695,Bronze INV,br_AdmissionAssessmentDimensionFour,TASK_COMPLETE,SUCCESS,INFO,1257,1257,0,,2026-08-30T19:04:27.050Z,2026-08-30T21:04:59.710Z,7232,2026-08-30T21:04:59.710Z,DRD-NOLA,NOLA,ba679216-ee2b-4344-afb9-134290faf502,SAMMS-NOLAv5
202608302104538136,202608301904172227,202608301904170791,85,696,Bronze INV,br_AdmissionAssessmentDimensionFour,TASK_COMPLETE,SUCCESS,INFO,738,738,0,,2026-08-30T19:04:27.050Z,2026-08-30T21:04:59.710Z,7232,2026-08-30T21:04:59.710Z,DRD-SF,Springfield,ba679216-ee2b-4344-afb9-134290faf502,SAMMS-SFv5
202608302104538137,202608301904172228,202608301904170791,85,698,Bronze INV,br_AdmissionAssessmentDimensionFour,TASK_COMPLETE,SUCCESS,INFO,250,250,0,,2026-08-30T19:04:27.050Z,2026-08-30T21:04:59.710Z,7232,2026-08-30T21:04:59.710Z,ELC,Elizabeth City,ba679216-ee2b-4344-afb9-134290faf502,SAMMS-ElizabethCity
202608302104538138,202608301904172229,202608301904170791,85,699,Bronze INV,br_AdmissionAssessmentDimensionFour,TASK_COMPLETE,SUCCESS,INFO,263,263,0,,2026-08-30T19:04:27.050Z,2026-08-30T21:04:59.710Z,7232,2026-08-30T21:04:59.710Z,ET,Elizabethtown,ba679216-ee2b-4344-afb9-134290faf502,SAMMS-Elizabethtown
202608302104538139,202608301904172230,202608301904170791,85,700,Bronze INV,br_AdmissionAssessmentDimensionFour,TASK_COMPLETE,SUCCESS,INFO,230,230,0,,2026-08-30T19:04:27.050Z,2026-08-30T21:04:59.710Z,7232,2026-08-30T21:04:59.710Z,FAY,Fayetteville,ba679216-ee2b-4344-afb9-134290faf502,SAMMS-Fayetteville
202608302104538140,202608301904172231,202608301904170791,85,701,Bronze INV,br_AdmissionAssessmentDimensionFour,TASK_COMPLETE,SUCCESS,INFO,178,178,0,,2026-08-30T19:04:27.050Z,2026-08-30T21:04:59.710Z,7232,2026-08-30T21:04:59.710Z,FR,Frankfort,ba679216-ee2b-4344-afb9-134290faf502,SAMMS-Frankfort
202608302104538142,202608301904172232,202608301904170791,85,702,Bronze INV,br_AdmissionAssessmentDimensionFour,TASK_COMPLETE,SUCCESS,INFO,282,282,0,,2026-08-30T19:04:27.050Z,2026-08-30T21:04:59.710Z,7232,2026-08-30T21:04:59.710Z,FS,Fort Smith,ba679216-ee2b-4344-afb9-134290faf502,SAMMS-FortSmith
202608302104538143,202608301904172233,202608301904170791,85,703,Bronze INV,br_AdmissionAssessmentDimensionFour,TASK_COMPLETE,SUCCESS,INFO,682,682,0,,2026-08-30T19:04:27.050Z,2026-08-30T21:04:59.710Z,7232,2026-08-30T21:04:59.710Z,FW,Fort Wayne,ba679216-ee2b-4344-afb9-134290faf502,SAMMS-FortWayne
202608302104538144,202608301904172234,202608301904170791,85,704,Bronze INV,br_AdmissionAssessmentDimensionFour,TASK_COMPLETE,SUCCESS,INFO,102,102,0,,2026-08-30T19:04:27.050Z,2026-08-30T21:04:59.710Z,7232,2026-08-30T21:04:59.710Z,GAL,Gaylord,ba679216-ee2b-4344-afb9-134290faf502,SAMMS-Gaylord
202608302104538145,202608301904172235,202608301904170791,85,708,Bronze INV,br_AdmissionAssessmentDimensionFour,TASK_COMPLETE,SUCCESS,INFO,618,618,0,,2026-08-30T19:04:27.050Z,2026-08-30T21:04:59.710Z,7232,2026-08-30T21:04:59.710Z,HGT,Hagerstown,ba679216-ee2b-4344-afb9-134290faf502,SAMMS-Hagerstown
202608302104538146,202608301904172236,202608301904170791,85,709,Bronze INV,br_AdmissionAssessmentDimensionFour,TASK_COMPLETE,SUCCESS,INFO,469,469,0,,2026-08-30T19:04:27.050Z,2026-08-30T21:04:59.710Z,7232,2026-08-30T21:04:59.710Z,HNT,Huntsville,ba679216-ee2b-4344-afb9-134290faf502,SAMMS-Huntsville
202608302104538147,202608301904172237,202608301904170791,85,710,Bronze INV,br_AdmissionAssessmentDimensionFour,TASK_COMPLETE,SUCCESS,INFO,305,305,0,,2026-08-30T19:04:27.050Z,2026-08-30T21:04:59.710Z,7232,2026-08-30T21:04:59.710Z,HS,Hot Springs,ba679216-ee2b-4344-afb9-134290faf502,SAMMS-HotSprings
202608302104538148,202608301904172238,202608301904170791,85,711,Bronze INV,br_AdmissionAssessmentDimensionFour,TASK_COMPLETE,SUCCESS,INFO,269,269,0,,2026-08-30T19:04:27.050Z,2026-08-30T21:04:59.710Z,7232,2026-08-30T21:04:59.710Z,JON,Jonesboro,ba679216-ee2b-4344-afb9-134290faf502,SAMMS-Jonesboro
202608302104538149,202608301904172239,202608301904170791,85,713,Bronze INV,br_AdmissionAssessmentDimensionFour,TASK_COMPLETE,SUCCESS,INFO,152,152,0,,2026-08-30T19:04:27.050Z,2026-08-30T21:04:59.710Z,7232,2026-08-30T21:04:59.710Z,LAN,Lansing,ba679216-ee2b-4344-afb9-134290faf502,SAMMS-Lansing
202608302104538151,202608301904172240,202608301904170791,85,714,Bronze INV,br_AdmissionAssessmentDimensionFour,TASK_COMPLETE,SUCCESS,INFO,427,427,0,,2026-08-30T19:04:27.050Z,2026-08-30T21:04:59.710Z,7232,2026-08-30T21:04:59.710Z,LO,Louisville,ba679216-ee2b-4344-afb9-134290faf502,SAMMS-Louisville
202608302104538152,202608301904172241,202608301904170791,85,715,Bronze INV,br_AdmissionAssessmentDimensionFour,TASK_COMPLETE,SUCCESS,INFO,1163,1163,0,,2026-08-30T19:04:27.050Z,2026-08-30T21:04:59.710Z,7232,2026-08-30T21:04:59.710Z,LV1,Cheyenne,ba679216-ee2b-4344-afb9-134290faf502,SAMMS-Cheyenne
202608302104538153,202608301904172242,202608301904170791,85,716,Bronze INV,br_AdmissionAssessmentDimensionFour,TASK_COMPLETE,SUCCESS,INFO,931,931,0,,2026-08-30T19:04:27.050Z,2026-08-30T21:04:59.710Z,7232,2026-08-30T21:04:59.710Z,LV2,Desert Inn,ba679216-ee2b-4344-afb9-134290faf502,SAMMS-DesertInn
202608302104538154,202608301904172243,202608301904170791,85,717,Bronze INV,br_AdmissionAssessmentDimensionFour,TASK_COMPLETE,SUCCESS,INFO,309,309,0,,2026-08-30T19:04:27.050Z,2026-08-30T21:04:59.710Z,7232,2026-08-30T21:04:59.710Z,LV3,McDaniel,ba679216-ee2b-4344-afb9-134290faf502,SAMMS-McDaniel
202608302104538156,202608301904172244,202608301904170791,85,720,Bronze INV,br_AdmissionAssessmentDimensionFour,TASK_COMPLETE,SUCCESS,INFO,269,269,0,,2026-08-30T19:04:27.050Z,2026-08-30T21:04:59.710Z,7232,2026-08-30T21:04:59.710Z,MNRE,Monroe,ba679216-ee2b-4344-afb9-134290faf502,SAMMS-Monroe
202608302104538157,202608301904172245,202608301904170791,85,721,Bronze INV,br_AdmissionAssessmentDimensionFour,TASK_COMPLETE,SUCCESS,INFO,118,118,0,,2026-08-30T19:04:27.050Z,2026-08-30T21:04:59.710Z,7232,2026-08-30T21:04:59.710Z,MP,Mt. Pleasant,ba679216-ee2b-4344-afb9-134290faf502,SAMMS-MtPleasant
202608302104538158,202608301904172246,202608301904170791,85,722,Bronze INV,br_AdmissionAssessmentDimensionFour,TASK_COMPLETE,SUCCESS,INFO,172,172,0,,2026-08-30T19:04:27.050Z,2026-08-30T21:04:59.710Z,7232,2026-08-30T21:04:59.710Z,MRD,Meridian,ba679216-ee2b-4344-afb9-134290faf502,SAMMS-Meridian
202608302104538159,202608301904172247,202608301904170791,85,727,Bronze INV,br_AdmissionAssessmentDimensionFour,TASK_COMPLETE,SUCCESS,INFO,638,638,0,,2026-08-30T19:04:27.050Z,2026-08-30T21:04:59.710Z,7232,2026-08-30T21:04:59.710Z,NC,North Charleston,ba679216-ee2b-4344-afb9-134290faf502,SAMMS-NorthCharleston
202608302104538160,202608301904172248,202608301904170791,85,728,Bronze INV,br_AdmissionAssessmentDimensionFour,TASK_COMPLETE,SUCCESS,INFO,573,573,0,,2026-08-30T19:04:27.050Z,2026-08-30T21:04:59.710Z,7232,2026-08-30T21:04:59.710Z,NLR,N. Little Rock,ba679216-ee2b-4344-afb9-134290faf502,SAMMS-NLROBOT
202608302104538161,202608301904172249,202608301904170791,85,729,Bronze INV,br_AdmissionAssessmentDimensionFour,TASK_COMPLETE,SUCCESS,INFO,234,234,0,,2026-08-30T19:04:27.050Z,2026-08-30T21:04:59.710Z,7232,2026-08-30T21:04:59.710Z,PH,Phoenix,ba679216-ee2b-4344-afb9-134290faf502,SAMMS-Phoenix
202608302104538162,202608301904172250,202608301904170791,85,733,Bronze INV,br_AdmissionAssessmentDimensionFour,TASK_COMPLETE,SUCCESS,INFO,407,407,0,,2026-08-30T19:04:27.050Z,2026-08-30T21:04:59.710Z,7232,2026-08-30T21:04:59.710Z,RE,Reno,ba679216-ee2b-4344-afb9-134290faf502,SAMMS-Reno
202608302104538164,202608301904172251,202608301904170791,85,734,Bronze INV,br_AdmissionAssessmentDimensionFour,TASK_COMPLETE,SUCCESS,INFO,388,388,0,,2026-08-30T19:04:27.050Z,2026-08-30T21:04:59.710Z,7232,2026-08-30T21:04:59.710Z,RMD,Richmond,ba679216-ee2b-4344-afb9-134290faf502,SAMMS-Richmond
202608302104538165,202608301904172252,202608301904170791,85,735,Bronze INV,br_AdmissionAssessmentDimensionFour,TASK_COMPLETE,SUCCESS,INFO,484,484,0,,2026-08-30T19:04:27.050Z,2026-08-30T21:04:59.710Z,7232,2026-08-30T21:04:59.710Z,SFN,Springfield North,ba679216-ee2b-4344-afb9-134290faf502,SAMMS-SFNv5
202608302104538166,202608301904172253,202608301904170791,85,736,Bronze INV,br_AdmissionAssessmentDimensionFour,TASK_COMPLETE,SUCCESS,INFO,446,446,0,,2026-08-30T19:04:27.050Z,2026-08-30T21:04:59.710Z,7232,2026-08-30T21:04:59.710Z,SHP,Shreveport,ba679216-ee2b-4344-afb9-134290faf502,SAMMS-Shreveport
202608302104538167,202608301904172254,202608301904170791,85,738,Bronze INV,br_AdmissionAssessmentDimensionFour,TASK_COMPLETE,SUCCESS,INFO,80,80,0,,2026-08-30T19:04:27.050Z,2026-08-30T21:04:59.710Z,7232,2026-08-30T21:04:59.710Z,STN,Staunton,ba679216-ee2b-4344-afb9-134290faf502,SAMMS-Staunton
202608302104538168,202608301904172255,202608301904170791,85,739,Bronze INV,br_AdmissionAssessmentDimensionFour,TASK_COMPLETE,SUCCESS,INFO,52,52,0,,2026-08-30T19:04:27.050Z,2026-08-30T21:04:59.710Z,7232,2026-08-30T21:04:59.710Z,STVN,Stevenson,ba679216-ee2b-4344-afb9-134290faf502,SAMMS-Stevenson
202608302104538169,202608301904172256,202608301904170791,85,741,Bronze INV,br_AdmissionAssessmentDimensionFour,TASK_COMPLETE,SUCCESS,INFO,70,70,0,,2026-08-30T19:04:27.050Z,2026-08-30T21:04:59.710Z,7232,2026-08-30T21:04:59.710Z,TE,Tempe,ba679216-ee2b-4344-afb9-134290faf502,SAMMS-Tempe
202608302104538170,202608301904172257,202608301904170791,85,742,Bronze INV,br_AdmissionAssessmentDimensionFour,TASK_COMPLETE,SUCCESS,INFO,367,367,0,,2026-08-30T19:04:27.050Z,2026-08-30T21:04:59.710Z,7232,2026-08-30T21:04:59.710Z,TEX,Texarkana,ba679216-ee2b-4344-afb9-134290faf502,SAMMS-Texarkana
202608302104538171,202608301904172258,202608301904170791,85,743,Bronze INV,br_AdmissionAssessmentDimensionFour,TASK_COMPLETE,SUCCESS,INFO,420,420,0,,2026-08-30T19:04:27.050Z,2026-08-30T21:04:59.710Z,7232,2026-08-30T21:04:59.710Z,TTCA,Bessemer,ba679216-ee2b-4344-afb9-134290faf502,SAMMS-BessemerV5
202608302104538173,202608301904172259,202608301904170791,85,744,Bronze INV,br_AdmissionAssessmentDimensionFour,TASK_COMPLETE,SUCCESS,INFO,548,548,0,,2026-08-30T19:04:27.050Z,2026-08-30T21:04:59.710Z,7232,2026-08-30T21:04:59.710Z,TTCB,Cullman,ba679216-ee2b-4344-afb9-134290faf502,SAMMS-CullmanV5
202608302104538174,202608301904172260,202608301904170791,85,745,Bronze INV,br_AdmissionAssessmentDimensionFour,TASK_COMPLETE,SUCCESS,INFO,296,296,0,,2026-08-30T19:04:27.050Z,2026-08-30T21:04:59.710Z,7232,2026-08-30T21:04:59.710Z,TTCC,Grand Bay,ba679216-ee2b-4344-afb9-134290faf502,SAMMS-GrandBay
202608302104538175,202608301904172261,202608301904170791,85,746,Bronze INV,br_AdmissionAssessmentDimensionFour,TASK_COMPLETE,SUCCESS,INFO,22,22,0,,2026-08-30T19:04:27.050Z,2026-08-30T21:04:59.710Z,7232,2026-08-30T21:04:59.710Z,TU,Tucson,ba679216-ee2b-4344-afb9-134290faf502,SAMMS-Tucson
202608302104538176,202608301904172262,202608301904170791,85,748,Bronze INV,br_AdmissionAssessmentDimensionFour,TASK_COMPLETE,SUCCESS,INFO,252,252,0,,2026-08-30T19:04:27.050Z,2026-08-30T21:04:59.710Z,7232,2026-08-30T21:04:59.710Z,V1,Memphis South,ba679216-ee2b-4344-afb9-134290faf502,SAMMS-VCPHCS-I-MemphisV5
202608302104538177,202608301904172263,202608301904170791,85,749,Bronze INV,br_AdmissionAssessmentDimensionFour,TASK_COMPLETE,SUCCESS,INFO,693,693,0,,2026-08-30T19:04:27.050Z,2026-08-30T21:04:59.710Z,7232,2026-08-30T21:04:59.710Z,V10,Longmont,ba679216-ee2b-4344-afb9-134290faf502,SAMMS-BoulderV5
202608302104538178,202608301904172264,202608301904170791,85,750,Bronze INV,br_AdmissionAssessmentDimensionFour,TASK_COMPLETE,SUCCESS,INFO,1190,1190,0,,2026-08-30T19:04:27.050Z,2026-08-30T21:04:59.710Z,7232,2026-08-30T21:04:59.710Z,V10A,Fort Collins,ba679216-ee2b-4344-afb9-134290faf502,SAMMS-FortCollinsV5
202608302104538179,202608301904172265,202608301904170791,85,751,Bronze INV,br_AdmissionAssessmentDimensionFour,TASK_COMPLETE,SUCCESS,INFO,989,989,0,,2026-08-30T19:04:27.050Z,2026-08-30T21:04:59.710Z,7232,2026-08-30T21:04:59.710Z,V11,Westminster,ba679216-ee2b-4344-afb9-134290faf502,SAMMS-VCPHCS-XI-NorthDenverV5
202608302104538181,202608301904172266,202608301904170791,85,752,Bronze INV,br_AdmissionAssessmentDimensionFour,TASK_COMPLETE,SUCCESS,INFO,1055,1055,0,,2026-08-30T19:04:27.050Z,2026-08-30T21:04:59.710Z,7232,2026-08-30T21:04:59.710Z,V12,Downtown Denver,ba679216-ee2b-4344-afb9-134290faf502,SAMMS-VCPHCS-XII-DowntownDenverV5
202608302104538182,202608301904172267,202608301904170791,85,753,Bronze INV,br_AdmissionAssessmentDimensionFour,TASK_COMPLETE,SUCCESS,INFO,476,476,0,,2026-08-30T19:04:27.050Z,2026-08-30T21:04:59.710Z,7232,2026-08-30T21:04:59.710Z,V12A,Centennial,ba679216-ee2b-4344-afb9-134290faf502,SAMMS-CentennialV5
202608302104538183,202608301904172268,202608301904170791,85,754,Bronze INV,br_AdmissionAssessmentDimensionFour,TASK_COMPLETE,SUCCESS,INFO,291,291,0,,2026-08-30T19:04:27.050Z,2026-08-30T21:04:59.710Z,7232,2026-08-30T21:04:59.710Z,V14,Overland Park,ba679216-ee2b-4344-afb9-134290faf502,SAMMS-VCPHCS-XIV-BridgewayV5
202608302104538184,202608301904172269,202608301904170791,85,755,Bronze INV,br_AdmissionAssessmentDimensionFour,TASK_COMPLETE,SUCCESS,INFO,566,566,0,,2026-08-30T19:04:27.050Z,2026-08-30T21:04:59.710Z,7232,2026-08-30T21:04:59.710Z,V15,Joplin,ba679216-ee2b-4344-afb9-134290faf502,SAMMS-JoplinV5
202608302104538185,202608301904172270,202608301904170791,85,757,Bronze INV,br_AdmissionAssessmentDimensionFour,TASK_COMPLETE,SUCCESS,INFO,470,470,0,,2026-08-30T19:04:27.050Z,2026-08-30T21:04:59.710Z,7232,2026-08-30T21:04:59.710Z,V17,Columbia TN,ba679216-ee2b-4344-afb9-134290faf502,SAMMS-ColumbiaTNv5
202608302104538186,202608301904172271,202608301904170791,85,759,Bronze INV,br_AdmissionAssessmentDimensionFour,TASK_COMPLETE,SUCCESS,INFO,412,412,0,,2026-08-30T19:04:27.050Z,2026-08-30T21:04:59.710Z,7232,2026-08-30T21:04:59.710Z,V19,Jackson,ba679216-ee2b-4344-afb9-134290faf502,SAMMS-JacksonV5
202608302104538187,202608301904172272,202608301904170791,85,761,Bronze INV,br_AdmissionAssessmentDimensionFour,TASK_COMPLETE,SUCCESS,INFO,483,483,0,,2026-08-30T19:04:27.050Z,2026-08-30T21:04:59.710Z,7232,2026-08-30T21:04:59.710Z,V20,Paris,ba679216-ee2b-4344-afb9-134290faf502,SAMMS-ParisV5
202608302104538188,202608301904172273,202608301904170791,85,762,Bronze INV,br_AdmissionAssessmentDimensionFour,TASK_COMPLETE,SUCCESS,INFO,354,354,0,,2026-08-30T19:04:27.050Z,2026-08-30T21:04:59.710Z,7232,2026-08-30T21:04:59.710Z,V21,Memphis North,ba679216-ee2b-4344-afb9-134290faf502,SAMMS-RaleighV5
202608302104538323,202608301904172388,202608301904170791,85,578,Bronze INV,br_AdmissionAssessmentDimensionFiveSubstanceUse,TASK_COMPLETE,SUCCESS,INFO,354,354,0,,2026-08-30T19:04:27.050Z,2026-08-30T21:04:59.710Z,7232,2026-08-30T21:04:59.710Z,V21,Memphis North,ba679216-ee2b-4344-afb9-134290faf502,SAMMS-RaleighV5
202608302104538324,202608301904172389,202608301904170791,85,581,Bronze INV,br_AdmissionAssessmentDimensionFiveSubstanceUse,TASK_COMPLETE,SUCCESS,INFO,698,698,0,,2026-08-30T19:04:27.050Z,2026-08-30T21:04:59.710Z,7232,2026-08-30T21:04:59.710Z,V5,West Bank,ba679216-ee2b-4344-afb9-134290faf502,SAMMS-NONTCv5
202608302104538325,202608301904172390,202608301904170791,85,583,Bronze INV,br_AdmissionAssessmentDimensionFiveSubstanceUse,TASK_COMPLETE,SUCCESS,INFO,252,252,0,,2026-08-30T19:04:27.050Z,2026-08-30T21:04:59.710Z,7232,2026-08-30T21:04:59.710Z,V5B,Houma,ba679216-ee2b-4344-afb9-134290faf502,SAMMS-HoumaV6
202608302104538326,202608301904172391,202608301904170791,85,584,Bronze INV,br_AdmissionAssessmentDimensionFiveSubstanceUse,TASK_COMPLETE,SUCCESS,INFO,951,951,0,,2026-08-30T19:04:27.050Z,2026-08-30T21:04:59.710Z,7232,2026-08-30T21:04:59.710Z,V6,Lake Charles,ba679216-ee2b-4344-afb9-134290faf502,SAMMS-LCv5
202608302104538327,202608301904172392,202608301904170791,85,586,Bronze INV,br_AdmissionAssessmentDimensionFiveSubstanceUse,TASK_COMPLETE,SUCCESS,INFO,563,563,0,,2026-08-30T19:04:27.050Z,2026-08-30T21:04:59.710Z,7232,2026-08-30T21:04:59.710Z,V8,Memphis Midtown,ba679216-ee2b-4344-afb9-134290faf502,SAMMS-VCPHCS-VIII-MemphisV5
202608302104538329,202608301904172393,202608301904170791,85,587,Bronze INV,br_AdmissionAssessmentDimensionFiveSubstanceUse,TASK_COMPLETE,SUCCESS,INFO,1567,1567,0,,2026-08-30T19:04:27.050Z,2026-08-30T21:04:59.710Z,7232,2026-08-30T21:04:59.710Z,V9,Nashville,ba679216-ee2b-4344-afb9-134290faf502,SAMMS-NashvilleV5
202608302104538330,202608301904172394,202608301904170791,85,588,Bronze INV,br_AdmissionAssessmentDimensionFiveSubstanceUse,TASK_COMPLETE,SUCCESS,INFO,331,331,0,,2026-08-30T19:04:27.050Z,2026-08-30T21:04:59.710Z,7232,2026-08-30T21:04:59.710Z,VBRA,Brainerd,ba679216-ee2b-4344-afb9-134290faf502,SAMMS-BrainerdV6
202608302104538331,202608301904172395,202608301904170791,85,589,Bronze INV,br_AdmissionAssessmentDimensionFiveSubstanceUse,TASK_COMPLETE,SUCCESS,INFO,587,587,0,,2026-08-30T19:04:27.050Z,2026-08-30T21:04:59.710Z,7232,2026-08-30T21:04:59.710Z,VBRP,Brooklyn Park,ba679216-ee2b-4344-afb9-134290faf502,SAMMS-BrooklynParkV6
202608302104538332,202608301904172396,202608301904170791,85,591,Bronze INV,br_AdmissionAssessmentDimensionFiveSubstanceUse,TASK_COMPLETE,SUCCESS,INFO,573,573,0,,2026-08-30T19:04:27.050Z,2026-08-30T21:04:59.710Z,7232,2026-08-30T21:04:59.710Z,VMIN,Minneapolis,ba679216-ee2b-4344-afb9-134290faf502,SAMMS-MinneapolisV6
202608302104538333,202608301904172397,202608301904170791,85,592,Bronze INV,br_AdmissionAssessmentDimensionFiveSubstanceUse,TASK_COMPLETE,SUCCESS,INFO,1057,1057,0,,2026-08-30T19:04:27.050Z,2026-08-30T21:04:59.710Z,7232,2026-08-30T21:04:59.710Z,VWBY,Woodbury,ba679216-ee2b-4344-afb9-134290faf502,SAMMS-WoodburyV6
202608302104538334,202608301904172398,202608301904170791,85,594,Bronze INV,br_AdmissionAssessmentDimensionFiveSubstanceUse,TASK_COMPLETE,SUCCESS,INFO,431,431,0,,2026-08-30T19:04:27.050Z,2026-08-30T21:04:59.710Z,7232,2026-08-30T21:04:59.710Z,WIL,Wilson,ba679216-ee2b-4344-afb9-134290faf502,SAMMS-Wilson
202608302104538335,202608301904172399,202608301904170791,85,966,Bronze INV,br_AdmissionAssessmentDimensionSix,TASK_COMPLETE,SUCCESS,INFO,98,98,0,,2026-08-30T19:04:27.050Z,2026-08-30T21:04:59.710Z,7232,2026-08-30T21:04:59.710Z,AHK,Ahoskie,ba679216-ee2b-4344-afb9-134290faf502,SAMMS-Ahoskie
202608302104538337,202608301904172400,202608301904170791,85,967,Bronze INV,br_AdmissionAssessmentDimensionSix,TASK_COMPLETE,SUCCESS,INFO,792,792,0,,2026-08-30T19:04:27.050Z,2026-08-30T21:04:59.710Z,7232,2026-08-30T21:04:59.710Z,B12B,Colorado Springs,ba679216-ee2b-4344-afb9-134290faf502,SAMMS-ColoradoSpringsV5
202608302104538338,202608301904172401,202608301904170791,85,968,Bronze INV,br_AdmissionAssessmentDimensionSix,TASK_COMPLETE,SUCCESS,INFO,415,415,0,,2026-08-30T19:04:27.050Z,2026-08-30T21:04:59.710Z,7232,2026-08-30T21:04:59.710Z,B24,Paintsville,ba679216-ee2b-4344-afb9-134290faf502,SAMMS-PaintsvilleV5
202608302104538339,202608301904172402,202608301904170791,85,969,Bronze INV,br_AdmissionAssessmentDimensionSix,TASK_COMPLETE,SUCCESS,INFO,171,171,0,,2026-08-30T19:04:27.050Z,2026-08-30T21:04:59.710Z,7232,2026-08-30T21:04:59.710Z,B25,Pikeville,ba679216-ee2b-4344-afb9-134290faf502,SAMMS-PikevilleV5
202608302104538340,202608301904172403,202608301904170791,85,970,Bronze INV,br_AdmissionAssessmentDimensionSix,TASK_COMPLETE,SUCCESS,INFO,493,493,0,,2026-08-30T19:04:27.050Z,2026-08-30T21:04:59.710Z,7232,2026-08-30T21:04:59.710Z,B26,Hazard,ba679216-ee2b-4344-afb9-134290faf502,SAMMS-HazardV5
202608302104538341,202608301904172404,202608301904170791,85,971,Bronze INV,br_AdmissionAssessmentDimensionSix,TASK_COMPLETE,SUCCESS,INFO,190,190,0,,2026-08-30T19:04:27.050Z,2026-08-30T21:04:59.710Z,7232,2026-08-30T21:04:59.710Z,B27,Savannah,ba679216-ee2b-4344-afb9-134290faf502,SAMMS-SavannahV6
202608302104538342,202608301904172405,202608301904170791,85,972,Bronze INV,br_AdmissionAssessmentDimensionSix,TASK_COMPLETE,SUCCESS,INFO,236,236,0,,2026-08-30T19:04:27.050Z,2026-08-30T21:04:59.710Z,7232,2026-08-30T21:04:59.710Z,B28,West Plains,ba679216-ee2b-4344-afb9-134290faf502,SAMMS-WestPlainesV5
202608302104538343,202608301904172406,202608301904170791,85,973,Bronze INV,br_AdmissionAssessmentDimensionSix,TASK_COMPLETE,SUCCESS,INFO,260,260,0,,2026-08-30T19:04:27.050Z,2026-08-30T21:04:59.710Z,7232,2026-08-30T21:04:59.710Z,B29,Poplar Bluff,ba679216-ee2b-4344-afb9-134290faf502,SAMMS-PoplarBluffV5
202608302104538344,202608301904172407,202608301904170791,85,974,Bronze INV,br_AdmissionAssessmentDimensionSix,TASK_COMPLETE,SUCCESS,INFO,139,139,0,,2026-08-30T19:04:27.050Z,2026-08-30T21:04:59.710Z,7232,2026-08-30T21:04:59.710Z,B30,KC North,ba679216-ee2b-4344-afb9-134290faf502,SAMMS-KCNv5
202608302104538346,202608301904172408,202608301904170791,85,975,Bronze INV,br_AdmissionAssessmentDimensionSix,TASK_COMPLETE,SUCCESS,INFO,341,341,0,,2026-08-30T19:04:27.050Z,2026-08-30T21:04:59.710Z,7232,2026-08-30T21:04:59.710Z,B31,Dyersburg,ba679216-ee2b-4344-afb9-134290faf502,SAMMS-DyersburgV5
202608302104538347,202608301904172409,202608301904170791,85,977,Bronze INV,br_AdmissionAssessmentDimensionSix,TASK_COMPLETE,SUCCESS,INFO,213,213,0,,2026-08-30T19:04:27.050Z,2026-08-30T21:04:59.710Z,7232,2026-08-30T21:04:59.710Z,B33,Paducah,ba679216-ee2b-4344-afb9-134290faf502,SAMMS-Paducah
202608302104538348,202608301904172410,202608301904170791,85,978,Bronze INV,br_AdmissionAssessmentDimensionSix,TASK_COMPLETE,SUCCESS,INFO,443,443,0,,2026-08-30T19:04:27.050Z,2026-08-30T21:04:59.710Z,7232,2026-08-30T21:04:59.710Z,B34,Corbin,ba679216-ee2b-4344-afb9-134290faf502,SAMMS-CorbinV5
202608302104538349,202608301904172411,202608301904170791,85,979,Bronze INV,br_AdmissionAssessmentDimensionSix,TASK_COMPLETE,SUCCESS,INFO,712,712,0,,2026-08-30T19:04:27.050Z,2026-08-30T21:04:59.710Z,7232,2026-08-30T21:04:59.710Z,B35,Lexington,ba679216-ee2b-4344-afb9-134290faf502,SAMMS-LexingtonV5
202608302104538350,202608301904172412,202608301904170791,85,980,Bronze INV,br_AdmissionAssessmentDimensionSix,TASK_COMPLETE,SUCCESS,INFO,346,346,0,,2026-08-30T19:04:27.050Z,2026-08-30T21:04:59.710Z,7232,2026-08-30T21:04:59.710Z,B35A,Berea,ba679216-ee2b-4344-afb9-134290faf502,SAMMS-BereaV5
202608302104538351,202608301904172413,202608301904170791,85,981,Bronze INV,br_AdmissionAssessmentDimensionSix,TASK_COMPLETE,SUCCESS,INFO,604,604,0,,2026-08-30T19:04:27.050Z,2026-08-30T21:04:59.710Z,7232,2026-08-30T21:04:59.710Z,B36,Asheville,ba679216-ee2b-4344-afb9-134290faf502,SAMMS-AshevilleV5
202608302104538352,202608301904172414,202608301904170791,85,982,Bronze INV,br_AdmissionAssessmentDimensionSix,TASK_COMPLETE,SUCCESS,INFO,448,448,0,,2026-08-30T19:04:27.050Z,2026-08-30T21:04:59.710Z,7232,2026-08-30T21:04:59.710Z,B37,Clyde,ba679216-ee2b-4344-afb9-134290faf502,SAMMS-ClydeV5
202608302104538354,202608301904172415,202608301904170791,85,983,Bronze INV,br_AdmissionAssessmentDimensionSix,TASK_COMPLETE,SUCCESS,INFO,632,632,0,,2026-08-30T19:04:27.050Z,2026-08-30T21:04:59.710Z,7232,2026-08-30T21:04:59.710Z,B38,Spartanburg,ba679216-ee2b-4344-afb9-134290faf502,SAMMS-SpartanburgV5
202608302104538355,202608301904172416,202608301904170791,85,984,Bronze INV,br_AdmissionAssessmentDimensionSix,TASK_COMPLETE,SUCCESS,INFO,474,474,0,,2026-08-30T19:04:27.050Z,2026-08-30T21:04:59.710Z,7232,2026-08-30T21:04:59.710Z,B39,Aiken,ba679216-ee2b-4344-afb9-134290faf502,SAMMS-AikenV5
202608302104538356,202608301904172417,202608301904170791,85,985,Bronze INV,br_AdmissionAssessmentDimensionSix,TASK_COMPLETE,SUCCESS,INFO,289,289,0,,2026-08-30T19:04:27.050Z,2026-08-30T21:04:59.710Z,7232,2026-08-30T21:04:59.710Z,B41,Chesapeake,ba679216-ee2b-4344-afb9-134290faf502,SAMMS-ChesapeakeV5
202608302104538357,202608301904172418,202608301904170791,85,986,Bronze INV,br_AdmissionAssessmentDimensionSix,TASK_COMPLETE,SUCCESS,INFO,531,531,0,,2026-08-30T19:04:27.050Z,2026-08-30T21:04:59.710Z,7232,2026-08-30T21:04:59.710Z,B42,Virginia Beach,ba679216-ee2b-4344-afb9-134290faf502,SAMMS-VirginiaBeachV5
202608302104538358,202608301904172419,202608301904170791,85,987,Bronze INV,br_AdmissionAssessmentDimensionSix,TASK_COMPLETE,SUCCESS,INFO,162,162,0,,2026-08-30T19:04:27.050Z,2026-08-30T21:04:59.710Z,7232,2026-08-30T21:04:59.710Z,B42A,Newport News,ba679216-ee2b-4344-afb9-134290faf502,SAMMS-NewportNewsV5
202608302104538359,202608301904172420,202608301904170791,85,988,Bronze INV,br_AdmissionAssessmentDimensionSix,TASK_COMPLETE,SUCCESS,INFO,54,54,0,,2026-08-30T19:04:27.050Z,2026-08-30T21:04:59.710Z,7232,2026-08-30T21:04:59.710Z,B42B,Franklin,ba679216-ee2b-4344-afb9-134290faf502,SAMMS-FranklinV5
202608302104538360,202608301904172421,202608301904170791,85,989,Bronze INV,br_AdmissionAssessmentDimensionSix,TASK_COMPLETE,SUCCESS,INFO,334,334,0,,2026-08-30T19:04:27.050Z,2026-08-30T21:04:59.710Z,7232,2026-08-30T21:04:59.710Z,B42C,Glen Allen,ba679216-ee2b-4344-afb9-134290faf502,SAMMS-GlenAllenV5
202608302104538361,202608301904172422,202608301904170791,85,990,Bronze INV,br_AdmissionAssessmentDimensionSix,TASK_COMPLETE,SUCCESS,INFO,168,168,0,,2026-08-30T19:04:27.050Z,2026-08-30T21:04:59.710Z,7232,2026-08-30T21:04:59.710Z,B42D,Chesapeake South,ba679216-ee2b-4344-afb9-134290faf502,SAMMS-ChesapeakeSouthV5
202608302104538363,202608301904172423,202608301904170791,85,991,Bronze INV,br_AdmissionAssessmentDimensionSix,TASK_COMPLETE,SUCCESS,INFO,209,209,0,,2026-08-30T19:04:27.050Z,2026-08-30T21:04:59.710Z,7232,2026-08-30T21:04:59.710Z,B44,Albany,ba679216-ee2b-4344-afb9-134290faf502,SAMMS-AlbanyV5
202608302104538364,202608301904172424,202608301904170791,85,992,Bronze INV,br_AdmissionAssessmentDimensionSix,TASK_COMPLETE,SUCCESS,INFO,306,306,0,,2026-08-30T19:04:27.050Z,2026-08-30T21:04:59.710Z,7232,2026-08-30T21:04:59.710Z,B45,Tifton,ba679216-ee2b-4344-afb9-134290faf502,SAMMS-TiftonV5
202608302104538365,202608301904172425,202608301904170791,85,993,Bronze INV,br_AdmissionAssessmentDimensionSix,TASK_COMPLETE,SUCCESS,INFO,666,666,0,,2026-08-30T19:04:27.050Z,2026-08-30T21:04:59.710Z,7232,2026-08-30T21:04:59.710Z,B46,Washington DC,ba679216-ee2b-4344-afb9-134290faf502,SAMMS-WashingtonDCv5
202608302104538366,202608301904172426,202608301904170791,85,994,Bronze INV,br_AdmissionAssessmentDimensionSix,TASK_COMPLETE,SUCCESS,INFO,348,348,0,,2026-08-30T19:04:27.050Z,2026-08-30T21:04:59.710Z,7232,2026-08-30T21:04:59.710Z,B47,Mobile,ba679216-ee2b-4344-afb9-134290faf502,SAMMS-MobileV5
202608302104538367,202608301904172427,202608301904170791,85,995,Bronze INV,br_AdmissionAssessmentDimensionSix,TASK_COMPLETE,SUCCESS,INFO,448,448,0,,2026-08-30T19:04:27.050Z,2026-08-30T21:04:59.710Z,7232,2026-08-30T21:04:59.710Z,B48,Tuscaloosa,ba679216-ee2b-4344-afb9-134290faf502,SAMMS-TuscaloosaV5
202608302104538368,202608301904172428,202608301904170791,85,1004,Bronze INV,br_AdmissionAssessmentDimensionSix,TASK_COMPLETE,SUCCESS,INFO,311,311,0,,2026-08-30T19:04:27.050Z,2026-08-30T21:04:59.710Z,7232,2026-08-30T21:04:59.710Z,B51,N. Little Rock (OTP),ba679216-ee2b-4344-afb9-134290faf502,SAMMS-NorthLittleRockV6
202608302104538369,202608301904172429,202608301904170791,85,1005,Bronze INV,br_AdmissionAssessmentDimensionSix,TASK_COMPLETE,SUCCESS,INFO,154,154,0,,2026-08-30T19:04:27.050Z,2026-08-30T21:04:59.710Z,7232,2026-08-30T21:04:59.710Z,B52,Jackson GA,ba679216-ee2b-4344-afb9-134290faf502,SAMMS-JacksonGAV5
202608302104538371,202608301904172430,202608301904170791,85,1006,Bronze INV,br_AdmissionAssessmentDimensionSix,TASK_COMPLETE,SUCCESS,INFO,470,470,0,,2026-08-30T19:04:27.050Z,2026-08-30T21:04:59.710Z,7232,2026-08-30T21:04:59.710Z,B54,Gadsden,ba679216-ee2b-4344-afb9-134290faf502,SAMMS-GadsdenV5
202608302104538372,202608301904172431,202608301904170791,85,1007,Bronze INV,br_AdmissionAssessmentDimensionSix,TASK_COMPLETE,SUCCESS,INFO,486,486,0,,2026-08-30T19:04:27.050Z,2026-08-30T21:04:59.710Z,7232,2026-08-30T21:04:59.710Z,B55,Shoals,ba679216-ee2b-4344-afb9-134290faf502,SAMMS-ShoalsV5
202608302104538373,202608301904172432,202608301904170791,85,1008,Bronze INV,br_AdmissionAssessmentDimensionSix,TASK_COMPLETE,SUCCESS,INFO,171,171,0,,2026-08-30T19:04:27.050Z,2026-08-30T21:04:59.710Z,7232,2026-08-30T21:04:59.710Z,B57,Pawtucket,ba679216-ee2b-4344-afb9-134290faf502,SAMMS-Pawtucket
202608302104538374,202608301904172433,202608301904170791,85,1009,Bronze INV,br_AdmissionAssessmentDimensionSix,TASK_COMPLETE,SUCCESS,INFO,169,169,0,,2026-08-30T19:04:27.050Z,2026-08-30T21:04:59.710Z,7232,2026-08-30T21:04:59.710Z,B57A,Johnston,ba679216-ee2b-4344-afb9-134290faf502,SAMMS-Johnston
202608302104538375,202608301904172434,202608301904170791,85,1010,Bronze INV,br_AdmissionAssessmentDimensionSix,TASK_COMPLETE,SUCCESS,INFO,87,87,0,,2026-08-30T19:04:27.050Z,2026-08-30T21:04:59.710Z,7232,2026-08-30T21:04:59.710Z,B57B,Middletown,ba679216-ee2b-4344-afb9-134290faf502,SAMMS-Middletown
202608302104538376,202608301904172435,202608301904170791,85,1011,Bronze INV,br_AdmissionAssessmentDimensionSix,TASK_COMPLETE,SUCCESS,INFO,176,176,0,,2026-08-30T19:04:27.050Z,2026-08-30T21:04:59.710Z,7232,2026-08-30T21:04:59.710Z,B57C,Providence,ba679216-ee2b-4344-afb9-134290faf502,SAMMS-Providence
202608302104538377,202608301904172436,202608301904170791,85,1012,Bronze INV,br_AdmissionAssessmentDimensionSix,TASK_COMPLETE,SUCCESS,INFO,257,257,0,,2026-08-30T19:04:27.050Z,2026-08-30T21:04:59.710Z,7232,2026-08-30T21:04:59.710Z,B57D,Westerly,ba679216-ee2b-4344-afb9-134290faf502,SAMMS-Westerly
202608302104538379,202608301904172437,202608301904170791,85,1016,Bronze INV,br_AdmissionAssessmentDimensionSix,TASK_COMPLETE,SUCCESS,INFO,364,364,0,,2026-08-30T19:04:27.050Z,2026-08-30T21:04:59.710Z,7232,2026-08-30T21:04:59.710Z,B66A,Bremen,ba679216-ee2b-4344-afb9-134290faf502,SAMMS-Bremen
202608302104538380,202608301904172438,202608301904170791,85,1019,Bronze INV,br_AdmissionAssessmentDimensionSix,TASK_COMPLETE,SUCCESS,INFO,13,13,0,,2026-08-30T19:04:27.050Z,2026-08-30T21:04:59.710Z,7232,2026-08-30T21:04:59.710Z,B72,Mobile (OBOT),ba679216-ee2b-4344-afb9-134290faf502,SAMMS-Mobile-OBOT
202608302104538381,202608301904172439,202608301904170791,85,1020,Bronze INV,br_AdmissionAssessmentDimensionSix,TASK_COMPLETE,SUCCESS,INFO,2,2,0,,2026-08-30T19:04:27.050Z,2026-08-30T21:04:59.710Z,7232,2026-08-30T21:04:59.710Z,B73,Montgomery,ba679216-ee2b-4344-afb9-134290faf502,SAMMS-Montgomery
202608302104538382,202608301904172440,202608301904170791,85,1021,Bronze INV,br_AdmissionAssessmentDimensionSix,TASK_COMPLETE,SUCCESS,INFO,316,316,0,,2026-08-30T19:04:27.050Z,2026-08-30T21:04:59.710Z,7232,2026-08-30T21:04:59.710Z,B75,Lawrence,ba679216-ee2b-4344-afb9-134290faf502,SAMMS-LawrenceV6
202608302104538383,202608301904172441,202608301904170791,85,1022,Bronze INV,br_AdmissionAssessmentDimensionSix,TASK_COMPLETE,SUCCESS,INFO,50,50,0,,2026-08-30T19:04:27.050Z,2026-08-30T21:04:59.710Z,7232,2026-08-30T21:04:59.710Z,B76,Huntsville OBOT,ba679216-ee2b-4344-afb9-134290faf502,SAMMS-Huntsville-OBOT
202608302104538384,202608301904172442,202608301904170791,85,1023,Bronze INV,br_AdmissionAssessmentDimensionSix,TASK_COMPLETE,SUCCESS,INFO,300,300,0,,2026-08-30T19:04:27.050Z,2026-08-30T21:04:59.710Z,7232,2026-08-30T21:04:59.710Z,BAT,Batesville,ba679216-ee2b-4344-afb9-134290faf502,SAMMS-Batesville
202608302104538385,202608301904172443,202608301904170791,85,1024,Bronze INV,br_AdmissionAssessmentDimensionSix,TASK_COMPLETE,SUCCESS,INFO,235,235,0,,2026-08-30T19:04:27.050Z,2026-08-30T21:04:59.710Z,7232,2026-08-30T21:04:59.710Z,BG,Bowling Green,ba679216-ee2b-4344-afb9-134290faf502,SAMMS-BowlingGreen
202608302104538386,202608301904172444,202608301904170791,85,1025,Bronze INV,br_AdmissionAssessmentDimensionSix,TASK_COMPLETE,SUCCESS,INFO,216,216,0,,2026-08-30T19:04:27.050Z,2026-08-30T21:04:59.710Z,7232,2026-08-30T21:04:59.710Z,BOI,Boise,ba679216-ee2b-4344-afb9-134290faf502,SAMMS-Boise
202608302104538388,202608301904172445,202608301904170791,85,1032,Bronze INV,br_AdmissionAssessmentDimensionSix,TASK_COMPLETE,SUCCESS,INFO,283,283,0,,2026-08-30T19:04:27.050Z,2026-08-30T21:04:59.710Z,7232,2026-08-30T21:04:59.710Z,CBCO,Coeur dAlene,ba679216-ee2b-4344-afb9-134290faf502,SAMMS-CoeurdAleneV6
202608302104538389,202608301904172446,202608301904170791,85,1051,Bronze INV,br_AdmissionAssessmentDimensionSix,TASK_COMPLETE,SUCCESS,INFO,304,304,0,,2026-08-30T19:04:27.050Z,2026-08-30T21:04:59.710Z,7232,2026-08-30T21:04:59.710Z,CON,Conway,ba679216-ee2b-4344-afb9-134290faf502,SAMMS-Conway
202608302104538390,202608301904172447,202608301904170791,85,1052,Bronze INV,br_AdmissionAssessmentDimensionSix,TASK_COMPLETE,SUCCESS,INFO,1538,1538,0,,2026-08-30T19:04:27.050Z,2026-08-30T21:04:59.710Z,7232,2026-08-30T21:04:59.710Z,D07,Medical Services Knox TN,ba679216-ee2b-4344-afb9-134290faf502,SAMMS-KnoxvilleV6
202608302104538391,202608301904172448,202608301904170791,85,1053,Bronze INV,br_AdmissionAssessmentDimensionSix,TASK_COMPLETE,SUCCESS,INFO,956,956,0,,2026-08-30T19:04:27.050Z,2026-08-30T21:04:59.710Z,7232,2026-08-30T21:04:59.710Z,D08,Madison,ba679216-ee2b-4344-afb9-134290faf502,SAMMS-MadisonV6
202608302104538393,202608301904172449,202608301904170791,85,1055,Bronze INV,br_AdmissionAssessmentDimensionSix,TASK_COMPLETE,SUCCESS,INFO,927,927,0,,2026-08-30T19:04:27.050Z,2026-08-30T21:04:59.710Z,7232,2026-08-30T21:04:59.710Z,D09,Murfreesboro,ba679216-ee2b-4344-afb9-134290faf502,SAMMS-MurfreesboroV6
202608302104538394,202608301904172450,202608301904170791,85,1056,Bronze INV,br_AdmissionAssessmentDimensionSix,TASK_COMPLETE,SUCCESS,INFO,218,218,0,,2026-08-30T19:04:27.050Z,2026-08-30T21:04:59.710Z,7232,2026-08-30T21:04:59.710Z,DA,Davenport,ba679216-ee2b-4344-afb9-134290faf502,SAMMS-Davenport
202608302104538395,202608301904172451,202608301904170791,85,1057,Bronze INV,br_AdmissionAssessmentDimensionSix,TASK_COMPLETE,SUCCESS,INFO,350,350,0,,2026-08-30T19:04:27.050Z,2026-08-30T21:04:59.710Z,7232,2026-08-30T21:04:59.710Z,DM,Des Moines,ba679216-ee2b-4344-afb9-134290faf502,SAMMS-DesMoines
202608302104538396,202608301904172452,202608301904170791,85,1059,Bronze INV,br_AdmissionAssessmentDimensionSix,TASK_COMPLETE,SUCCESS,INFO,476,476,0,,2026-08-30T19:04:27.050Z,2026-08-30T21:04:59.710Z,7232,2026-08-30T21:04:59.710Z,DRD-CO,Columbia MO,ba679216-ee2b-4344-afb9-134290faf502,SAMMS-ColumbiaV5
202608302104538397,202608301904172453,202608301904170791,85,1060,Bronze INV,br_AdmissionAssessmentDimensionSix,TASK_COMPLETE,SUCCESS,INFO,592,592,0,,2026-08-30T19:04:27.050Z,2026-08-30T21:04:59.710Z,7232,2026-08-30T21:04:59.710Z,DRD-KC,KC,ba679216-ee2b-4344-afb9-134290faf502,SAMMS-KCv5
202608302104538398,202608301904172454,202608301904170791,85,1061,Bronze INV,br_AdmissionAssessmentDimensionSix,TASK_COMPLETE,SUCCESS,INFO,945,945,0,,2026-08-30T19:04:27.050Z,2026-08-30T21:04:59.710Z,7232,2026-08-30T21:04:59.710Z,DRD-KVB,KVB,ba679216-ee2b-4344-afb9-134290faf502,SAMMS-KVBv5
202608302104538399,202608301904172455,202608301904170791,85,1062,Bronze INV,br_AdmissionAssessmentDimensionSix,TASK_COMPLETE,SUCCESS,INFO,1569,1569,0,,2026-08-30T19:04:27.050Z,2026-08-30T21:04:59.710Z,7232,2026-08-30T21:04:59.710Z,DRD-KVC,KVC,ba679216-ee2b-4344-afb9-134290faf502,SAMMS-KVCv5
202608302104538400,202608301904172456,202608301904170791,85,1063,Bronze INV,br_AdmissionAssessmentDimensionSix,TASK_COMPLETE,SUCCESS,INFO,1253,1253,0,,2026-08-30T19:04:27.050Z,2026-08-30T21:04:59.710Z,7232,2026-08-30T21:04:59.710Z,DRD-NOLA,NOLA,ba679216-ee2b-4344-afb9-134290faf502,SAMMS-NOLAv5
202608302104538402,202608301904172457,202608301904170791,85,1064,Bronze INV,br_AdmissionAssessmentDimensionSix,TASK_COMPLETE,SUCCESS,INFO,736,736,0,,2026-08-30T19:04:27.050Z,2026-08-30T21:04:59.710Z,7232,2026-08-30T21:04:59.710Z,DRD-SF,Springfield,ba679216-ee2b-4344-afb9-134290faf502,SAMMS-SFv5
202608302104538403,202608301904172458,202608301904170791,85,1066,Bronze INV,br_AdmissionAssessmentDimensionSix,TASK_COMPLETE,SUCCESS,INFO,249,249,0,,2026-08-30T19:04:27.050Z,2026-08-30T21:04:59.710Z,7232,2026-08-30T21:04:59.710Z,ELC,Elizabeth City,ba679216-ee2b-4344-afb9-134290faf502,SAMMS-ElizabethCity
202608302104538404,202608301904172459,202608301904170791,85,1067,Bronze INV,br_AdmissionAssessmentDimensionSix,TASK_COMPLETE,SUCCESS,INFO,260,260,0,,2026-08-30T19:04:27.050Z,2026-08-30T21:04:59.710Z,7232,2026-08-30T21:04:59.710Z,ET,Elizabethtown,ba679216-ee2b-4344-afb9-134290faf502,SAMMS-Elizabethtown
202608302104538405,202608301904172460,202608301904170791,85,1068,Bronze INV,br_AdmissionAssessmentDimensionSix,TASK_COMPLETE,SUCCESS,INFO,228,228,0,,2026-08-30T19:04:27.050Z,2026-08-30T21:04:59.710Z,7232,2026-08-30T21:04:59.710Z,FAY,Fayetteville,ba679216-ee2b-4344-afb9-134290faf502,SAMMS-Fayetteville
202608302104538406,202608301904172461,202608301904170791,85,1069,Bronze INV,br_AdmissionAssessmentDimensionSix,TASK_COMPLETE,SUCCESS,INFO,180,180,0,,2026-08-30T19:04:27.050Z,2026-08-30T21:04:59.710Z,7232,2026-08-30T21:04:59.710Z,FR,Frankfort,ba679216-ee2b-4344-afb9-134290faf502,SAMMS-Frankfort
202608302104538407,202608301904172462,202608301904170791,85,1070,Bronze INV,br_AdmissionAssessmentDimensionSix,TASK_COMPLETE,SUCCESS,INFO,280,280,0,,2026-08-30T19:04:27.050Z,2026-08-30T21:04:59.710Z,7232,2026-08-30T21:04:59.710Z,FS,Fort Smith,ba679216-ee2b-4344-afb9-134290faf502,SAMMS-FortSmith
202608302104538408,202608301904172463,202608301904170791,85,1071,Bronze INV,br_AdmissionAssessmentDimensionSix,TASK_COMPLETE,SUCCESS,INFO,682,682,0,,2026-08-30T19:04:27.050Z,2026-08-30T21:04:59.710Z,7232,2026-08-30T21:04:59.710Z,FW,Fort Wayne,ba679216-ee2b-4344-afb9-134290faf502,SAMMS-FortWayne
202608302104538410,202608301904172464,202608301904170791,85,1072,Bronze INV,br_AdmissionAssessmentDimensionSix,TASK_COMPLETE,SUCCESS,INFO,103,103,0,,2026-08-30T19:04:27.050Z,2026-08-30T21:04:59.710Z,7232,2026-08-30T21:04:59.710Z,GAL,Gaylord,ba679216-ee2b-4344-afb9-134290faf502,SAMMS-Gaylord
202608302104538411,202608301904172465,202608301904170791,85,1076,Bronze INV,br_AdmissionAssessmentDimensionSix,TASK_COMPLETE,SUCCESS,INFO,616,616,0,,2026-08-30T19:04:27.050Z,2026-08-30T21:04:59.710Z,7232,2026-08-30T21:04:59.710Z,HGT,Hagerstown,ba679216-ee2b-4344-afb9-134290faf502,SAMMS-Hagerstown
202608302104538412,202608301904172466,202608301904170791,85,1077,Bronze INV,br_AdmissionAssessmentDimensionSix,TASK_COMPLETE,SUCCESS,INFO,465,465,0,,2026-08-30T19:04:27.050Z,2026-08-30T21:04:59.710Z,7232,2026-08-30T21:04:59.710Z,HNT,Huntsville,ba679216-ee2b-4344-afb9-134290faf502,SAMMS-Huntsville
202608302104538413,202608301904172467,202608301904170791,85,1078,Bronze INV,br_AdmissionAssessmentDimensionSix,TASK_COMPLETE,SUCCESS,INFO,306,306,0,,2026-08-30T19:04:27.050Z,2026-08-30T21:04:59.710Z,7232,2026-08-30T21:04:59.710Z,HS,Hot Springs,ba679216-ee2b-4344-afb9-134290faf502,SAMMS-HotSprings
202608302104538414,202608301904172468,202608301904170791,85,1079,Bronze INV,br_AdmissionAssessmentDimensionSix,TASK_COMPLETE,SUCCESS,INFO,266,266,0,,2026-08-30T19:04:27.050Z,2026-08-30T21:04:59.710Z,7232,2026-08-30T21:04:59.710Z,JON,Jonesboro,ba679216-ee2b-4344-afb9-134290faf502,SAMMS-Jonesboro
202608302104538415,202608301904172469,202608301904170791,85,1081,Bronze INV,br_AdmissionAssessmentDimensionSix,TASK_COMPLETE,SUCCESS,INFO,152,152,0,,2026-08-30T19:04:27.050Z,2026-08-30T21:04:59.710Z,7232,2026-08-30T21:04:59.710Z,LAN,Lansing,ba679216-ee2b-4344-afb9-134290faf502,SAMMS-Lansing
202608302104538416,202608301904172470,202608301904170791,85,1082,Bronze INV,br_AdmissionAssessmentDimensionSix,TASK_COMPLETE,SUCCESS,INFO,428,428,0,,2026-08-30T19:04:27.050Z,2026-08-30T21:04:59.710Z,7232,2026-08-30T21:04:59.710Z,LO,Louisville,ba679216-ee2b-4344-afb9-134290faf502,SAMMS-Louisville
202608302104538418,202608301904172471,202608301904170791,85,1083,Bronze INV,br_AdmissionAssessmentDimensionSix,TASK_COMPLETE,SUCCESS,INFO,1155,1155,0,,2026-08-30T19:04:27.050Z,2026-08-30T21:04:59.710Z,7232,2026-08-30T21:04:59.710Z,LV1,Cheyenne,ba679216-ee2b-4344-afb9-134290faf502,SAMMS-Cheyenne
202608302104538419,202608301904172472,202608301904170791,85,1084,Bronze INV,br_AdmissionAssessmentDimensionSix,TASK_COMPLETE,SUCCESS,INFO,930,930,0,,2026-08-30T19:04:27.050Z,2026-08-30T21:04:59.710Z,7232,2026-08-30T21:04:59.710Z,LV2,Desert Inn,ba679216-ee2b-4344-afb9-134290faf502,SAMMS-DesertInn
202608302104538420,202608301904172473,202608301904170791,85,1085,Bronze INV,br_AdmissionAssessmentDimensionSix,TASK_COMPLETE,SUCCESS,INFO,307,307,0,,2026-08-30T19:04:27.050Z,2026-08-30T21:04:59.710Z,7232,2026-08-30T21:04:59.710Z,LV3,McDaniel,ba679216-ee2b-4344-afb9-134290faf502,SAMMS-McDaniel
202608302104538421,202608301904172474,202608301904170791,85,1088,Bronze INV,br_AdmissionAssessmentDimensionSix,TASK_COMPLETE,SUCCESS,INFO,270,270,0,,2026-08-30T19:04:27.050Z,2026-08-30T21:04:59.710Z,7232,2026-08-30T21:04:59.710Z,MNRE,Monroe,ba679216-ee2b-4344-afb9-134290faf502,SAMMS-Monroe
202608302104538422,202608301904172475,202608301904170791,85,1089,Bronze INV,br_AdmissionAssessmentDimensionSix,TASK_COMPLETE,SUCCESS,INFO,121,121,0,,2026-08-30T19:04:27.050Z,2026-08-30T21:04:59.710Z,7232,2026-08-30T21:04:59.710Z,MP,Mt. Pleasant,ba679216-ee2b-4344-afb9-134290faf502,SAMMS-MtPleasant
202608302104538423,202608301904172476,202608301904170791,85,1090,Bronze INV,br_AdmissionAssessmentDimensionSix,TASK_COMPLETE,SUCCESS,INFO,172,172,0,,2026-08-30T19:04:27.050Z,2026-08-30T21:04:59.710Z,7232,2026-08-30T21:04:59.710Z,MRD,Meridian,ba679216-ee2b-4344-afb9-134290faf502,SAMMS-Meridian
202608302104538424,202608301904172477,202608301904170791,85,1095,Bronze INV,br_AdmissionAssessmentDimensionSix,TASK_COMPLETE,SUCCESS,INFO,627,627,0,,2026-08-30T19:04:27.050Z,2026-08-30T21:04:59.710Z,7232,2026-08-30T21:04:59.710Z,NC,North Charleston,ba679216-ee2b-4344-afb9-134290faf502,SAMMS-NorthCharleston
202608302104538425,202608301904172478,202608301904170791,85,1096,Bronze INV,br_AdmissionAssessmentDimensionSix,TASK_COMPLETE,SUCCESS,INFO,571,571,0,,2026-08-30T19:04:27.050Z,2026-08-30T21:04:59.710Z,7232,2026-08-30T21:04:59.710Z,NLR,N. Little Rock,ba679216-ee2b-4344-afb9-134290faf502,SAMMS-NLROBOT
202608302104538427,202608301904172479,202608301904170791,85,1097,Bronze INV,br_AdmissionAssessmentDimensionSix,TASK_COMPLETE,SUCCESS,INFO,234,234,0,,2026-08-30T19:04:27.050Z,2026-08-30T21:04:59.710Z,7232,2026-08-30T21:04:59.710Z,PH,Phoenix,ba679216-ee2b-4344-afb9-134290faf502,SAMMS-Phoenix
202608302104538428,202608301904172480,202608301904170791,85,1101,Bronze INV,br_AdmissionAssessmentDimensionSix,TASK_COMPLETE,SUCCESS,INFO,405,405,0,,2026-08-30T19:04:27.050Z,2026-08-30T21:04:59.710Z,7232,2026-08-30T21:04:59.710Z,RE,Reno,ba679216-ee2b-4344-afb9-134290faf502,SAMMS-Reno
202608302104538429,202608301904172481,202608301904170791,85,1102,Bronze INV,br_AdmissionAssessmentDimensionSix,TASK_COMPLETE,SUCCESS,INFO,387,387,0,,2026-08-30T19:04:27.050Z,2026-08-30T21:04:59.710Z,7232,2026-08-30T21:04:59.710Z,RMD,Richmond,ba679216-ee2b-4344-afb9-134290faf502,SAMMS-Richmond
202608302104538430,202608301904172482,202608301904170791,85,1103,Bronze INV,br_AdmissionAssessmentDimensionSix,TASK_COMPLETE,SUCCESS,INFO,481,481,0,,2026-08-30T19:04:27.050Z,2026-08-30T21:04:59.710Z,7232,2026-08-30T21:04:59.710Z,SFN,Springfield North,ba679216-ee2b-4344-afb9-134290faf502,SAMMS-SFNv5
202608302104538431,202608301904172483,202608301904170791,85,1104,Bronze INV,br_AdmissionAssessmentDimensionSix,TASK_COMPLETE,SUCCESS,INFO,448,448,0,,2026-08-30T19:04:27.050Z,2026-08-30T21:04:59.710Z,7232,2026-08-30T21:04:59.710Z,SHP,Shreveport,ba679216-ee2b-4344-afb9-134290faf502,SAMMS-Shreveport
202608302104538432,202608301904172484,202608301904170791,85,1106,Bronze INV,br_AdmissionAssessmentDimensionSix,TASK_COMPLETE,SUCCESS,INFO,81,81,0,,2026-08-30T19:04:27.050Z,2026-08-30T21:04:59.710Z,7232,2026-08-30T21:04:59.710Z,STN,Staunton,ba679216-ee2b-4344-afb9-134290faf502,SAMMS-Staunton
202608302104538433,202608301904172485,202608301904170791,85,1107,Bronze INV,br_AdmissionAssessmentDimensionSix,TASK_COMPLETE,SUCCESS,INFO,53,53,0,,2026-08-30T19:04:27.050Z,2026-08-30T21:04:59.710Z,7232,2026-08-30T21:04:59.710Z,STVN,Stevenson,ba679216-ee2b-4344-afb9-134290faf502,SAMMS-Stevenson
202608302104538435,202608301904172486,202608301904170791,85,1109,Bronze INV,br_AdmissionAssessmentDimensionSix,TASK_COMPLETE,SUCCESS,INFO,70,70,0,,2026-08-30T19:04:27.050Z,2026-08-30T21:04:59.710Z,7232,2026-08-30T21:04:59.710Z,TE,Tempe,ba679216-ee2b-4344-afb9-134290faf502,SAMMS-Tempe
202608302104538436,202608301904172487,202608301904170791,85,1110,Bronze INV,br_AdmissionAssessmentDimensionSix,TASK_COMPLETE,SUCCESS,INFO,364,364,0,,2026-08-30T19:04:27.050Z,2026-08-30T21:04:59.710Z,7232,2026-08-30T21:04:59.710Z,TEX,Texarkana,ba679216-ee2b-4344-afb9-134290faf502,SAMMS-Texarkana
202608302104538437,202608301904172488,202608301904170791,85,1111,Bronze INV,br_AdmissionAssessmentDimensionSix,TASK_COMPLETE,SUCCESS,INFO,415,415,0,,2026-08-30T19:04:27.050Z,2026-08-30T21:04:59.710Z,7232,2026-08-30T21:04:59.710Z,TTCA,Bessemer,ba679216-ee2b-4344-afb9-134290faf502,SAMMS-BessemerV5
202608302104538438,202608301904172489,202608301904170791,85,1112,Bronze INV,br_AdmissionAssessmentDimensionSix,TASK_COMPLETE,SUCCESS,INFO,548,548,0,,2026-08-30T19:04:27.050Z,2026-08-30T21:04:59.710Z,7232,2026-08-30T21:04:59.710Z,TTCB,Cullman,ba679216-ee2b-4344-afb9-134290faf502,SAMMS-CullmanV5
202608302104538439,202608301904172490,202608301904170791,85,1113,Bronze INV,br_AdmissionAssessmentDimensionSix,TASK_COMPLETE,SUCCESS,INFO,297,297,0,,2026-08-30T19:04:27.050Z,2026-08-30T21:04:59.710Z,7232,2026-08-30T21:04:59.710Z,TTCC,Grand Bay,ba679216-ee2b-4344-afb9-134290faf502,SAMMS-GrandBay
202608302104538440,202608301904172491,202608301904170791,85,1114,Bronze INV,br_AdmissionAssessmentDimensionSix,TASK_COMPLETE,SUCCESS,INFO,20,20,0,,2026-08-30T19:04:27.050Z,2026-08-30T21:04:59.710Z,7232,2026-08-30T21:04:59.710Z,TU,Tucson,ba679216-ee2b-4344-afb9-134290faf502,SAMMS-Tucson
202608302104538441,202608301904172492,202608301904170791,85,1116,Bronze INV,br_AdmissionAssessmentDimensionSix,TASK_COMPLETE,SUCCESS,INFO,250,250,0,,2026-08-30T19:04:27.050Z,2026-08-30T21:04:59.710Z,7232,2026-08-30T21:04:59.710Z,V1,Memphis South,ba679216-ee2b-4344-afb9-134290faf502,SAMMS-VCPHCS-I-MemphisV5
202608302104538442,202608301904172493,202608301904170791,85,1117,Bronze INV,br_AdmissionAssessmentDimensionSix,TASK_COMPLETE,SUCCESS,INFO,691,691,0,,2026-08-30T19:04:27.050Z,2026-08-30T21:04:59.710Z,7232,2026-08-30T21:04:59.710Z,V10,Longmont,ba679216-ee2b-4344-afb9-134290faf502,SAMMS-BoulderV5
202608302104538444,202608301904172494,202608301904170791,85,1118,Bronze INV,br_AdmissionAssessmentDimensionSix,TASK_COMPLETE,SUCCESS,INFO,1188,1188,0,,2026-08-30T19:04:27.050Z,2026-08-30T21:04:59.710Z,7232,2026-08-30T21:04:59.710Z,V10A,Fort Collins,ba679216-ee2b-4344-afb9-134290faf502,SAMMS-FortCollinsV5
202608302104538445,202608301904172495,202608301904170791,85,1119,Bronze INV,br_AdmissionAssessmentDimensionSix,TASK_COMPLETE,SUCCESS,INFO,989,989,0,,2026-08-30T19:04:27.050Z,2026-08-30T21:04:59.710Z,7232,2026-08-30T21:04:59.710Z,V11,Westminster,ba679216-ee2b-4344-afb9-134290faf502,SAMMS-VCPHCS-XI-NorthDenverV5
202608302104538446,202608301904172496,202608301904170791,85,1120,Bronze INV,br_AdmissionAssessmentDimensionSix,TASK_COMPLETE,SUCCESS,INFO,1045,1045,0,,2026-08-30T19:04:27.050Z,2026-08-30T21:04:59.710Z,7232,2026-08-30T21:04:59.710Z,V12,Downtown Denver,ba679216-ee2b-4344-afb9-134290faf502,SAMMS-VCPHCS-XII-DowntownDenverV5
202608302104538447,202608301904172497,202608301904170791,85,1121,Bronze INV,br_AdmissionAssessmentDimensionSix,TASK_COMPLETE,SUCCESS,INFO,474,474,0,,2026-08-30T19:04:27.050Z,2026-08-30T21:04:59.710Z,7232,2026-08-30T21:04:59.710Z,V12A,Centennial,ba679216-ee2b-4344-afb9-134290faf502,SAMMS-CentennialV5
202608302104538448,202608301904172498,202608301904170791,85,1122,Bronze INV,br_AdmissionAssessmentDimensionSix,TASK_COMPLETE,SUCCESS,INFO,292,292,0,,2026-08-30T19:04:27.050Z,2026-08-30T21:04:59.710Z,7232,2026-08-30T21:04:59.710Z,V14,Overland Park,ba679216-ee2b-4344-afb9-134290faf502,SAMMS-VCPHCS-XIV-BridgewayV5
202608302104538449,202608301904172499,202608301904170791,85,1123,Bronze INV,br_AdmissionAssessmentDimensionSix,TASK_COMPLETE,SUCCESS,INFO,565,565,0,,2026-08-30T19:04:27.050Z,2026-08-30T21:04:59.710Z,7232,2026-08-30T21:04:59.710Z,V15,Joplin,ba679216-ee2b-4344-afb9-134290faf502,SAMMS-JoplinV5
202608302104538450,202608301904172500,202608301904170791,85,1125,Bronze INV,br_AdmissionAssessmentDimensionSix,TASK_COMPLETE,SUCCESS,INFO,465,465,0,,2026-08-30T19:04:27.050Z,2026-08-30T21:04:59.710Z,7232,2026-08-30T21:04:59.710Z,V17,Columbia TN,ba679216-ee2b-4344-afb9-134290faf502,SAMMS-ColumbiaTNv5
202608302104538452,202608301904172501,202608301904170791,85,1127,Bronze INV,br_AdmissionAssessmentDimensionSix,TASK_COMPLETE,SUCCESS,INFO,413,413,0,,2026-08-30T19:04:27.050Z,2026-08-30T21:04:59.710Z,7232,2026-08-30T21:04:59.710Z,V19,Jackson,ba679216-ee2b-4344-afb9-134290faf502,SAMMS-JacksonV5
202608302104537928,202608301904172046,202608301904170791,85,1504,Bronze INV,br_AdmissionAssessmentDimensionTwo,TASK_COMPLETE,SUCCESS,INFO,960,960,0,,2026-08-30T19:04:27.050Z,2026-08-30T21:04:59.710Z,7232,2026-08-30T21:04:59.710Z,V6,Lake Charles,ba679216-ee2b-4344-afb9-134290faf502,SAMMS-LCv5
202608302104537929,202608301904172047,202608301904170791,85,1506,Bronze INV,br_AdmissionAssessmentDimensionTwo,TASK_COMPLETE,SUCCESS,INFO,571,571,0,,2026-08-30T19:04:27.050Z,2026-08-30T21:04:59.710Z,7232,2026-08-30T21:04:59.710Z,V8,Memphis Midtown,ba679216-ee2b-4344-afb9-134290faf502,SAMMS-VCPHCS-VIII-MemphisV5
202608302104537930,202608301904172048,202608301904170791,85,1507,Bronze INV,br_AdmissionAssessmentDimensionTwo,TASK_COMPLETE,SUCCESS,INFO,1585,1585,0,,2026-08-30T19:04:27.050Z,2026-08-30T21:04:59.710Z,7232,2026-08-30T21:04:59.710Z,V9,Nashville,ba679216-ee2b-4344-afb9-134290faf502,SAMMS-NashvilleV5
202608302104537931,202608301904172049,202608301904170791,85,1508,Bronze INV,br_AdmissionAssessmentDimensionTwo,TASK_COMPLETE,SUCCESS,INFO,332,332,0,,2026-08-30T19:04:27.050Z,2026-08-30T21:04:59.710Z,7232,2026-08-30T21:04:59.710Z,VBRA,Brainerd,ba679216-ee2b-4344-afb9-134290faf502,SAMMS-BrainerdV6
202608302104537933,202608301904172050,202608301904170791,85,1509,Bronze INV,br_AdmissionAssessmentDimensionTwo,TASK_COMPLETE,SUCCESS,INFO,598,598,0,,2026-08-30T19:04:27.050Z,2026-08-30T21:04:59.710Z,7232,2026-08-30T21:04:59.710Z,VBRP,Brooklyn Park,ba679216-ee2b-4344-afb9-134290faf502,SAMMS-BrooklynParkV6
202608302104537934,202608301904172051,202608301904170791,85,1511,Bronze INV,br_AdmissionAssessmentDimensionTwo,TASK_COMPLETE,SUCCESS,INFO,579,579,0,,2026-08-30T19:04:27.050Z,2026-08-30T21:04:59.710Z,7232,2026-08-30T21:04:59.710Z,VMIN,Minneapolis,ba679216-ee2b-4344-afb9-134290faf502,SAMMS-MinneapolisV6
202608302104537935,202608301904172052,202608301904170791,85,1512,Bronze INV,br_AdmissionAssessmentDimensionTwo,TASK_COMPLETE,SUCCESS,INFO,1075,1075,0,,2026-08-30T19:04:27.050Z,2026-08-30T21:04:59.710Z,7232,2026-08-30T21:04:59.710Z,VWBY,Woodbury,ba679216-ee2b-4344-afb9-134290faf502,SAMMS-WoodburyV6
202608302104537936,202608301904172053,202608301904170791,85,1514,Bronze INV,br_AdmissionAssessmentDimensionTwo,TASK_COMPLETE,SUCCESS,INFO,435,435,0,,2026-08-30T19:04:27.050Z,2026-08-30T21:04:59.710Z,7232,2026-08-30T21:04:59.710Z,WIL,Wilson,ba679216-ee2b-4344-afb9-134290faf502,SAMMS-Wilson
202608302104537937,202608301904172054,202608301904170791,85,1150,Bronze INV,br_AdmissionAssessmentDimensionThree,TASK_COMPLETE,SUCCESS,INFO,97,97,0,,2026-08-30T19:04:27.050Z,2026-08-30T21:04:59.710Z,7232,2026-08-30T21:04:59.710Z,AHK,Ahoskie,ba679216-ee2b-4344-afb9-134290faf502,SAMMS-Ahoskie
202608302104537938,202608301904172055,202608301904170791,85,1151,Bronze INV,br_AdmissionAssessmentDimensionThree,TASK_COMPLETE,SUCCESS,INFO,790,790,0,,2026-08-30T19:04:27.050Z,2026-08-30T21:04:59.710Z,7232,2026-08-30T21:04:59.710Z,B12B,Colorado Springs,ba679216-ee2b-4344-afb9-134290faf502,SAMMS-ColoradoSpringsV5
202608302104537939,202608301904172056,202608301904170791,85,1152,Bronze INV,br_AdmissionAssessmentDimensionThree,TASK_COMPLETE,SUCCESS,INFO,413,413,0,,2026-08-30T19:04:27.050Z,2026-08-30T21:04:59.710Z,7232,2026-08-30T21:04:59.710Z,B24,Paintsville,ba679216-ee2b-4344-afb9-134290faf502,SAMMS-PaintsvilleV5
202608302104537941,202608301904172057,202608301904170791,85,1153,Bronze INV,br_AdmissionAssessmentDimensionThree,TASK_COMPLETE,SUCCESS,INFO,173,173,0,,2026-08-30T19:04:27.050Z,2026-08-30T21:04:59.710Z,7232,2026-08-30T21:04:59.710Z,B25,Pikeville,ba679216-ee2b-4344-afb9-134290faf502,SAMMS-PikevilleV5
202608302104537942,202608301904172058,202608301904170791,85,1154,Bronze INV,br_AdmissionAssessmentDimensionThree,TASK_COMPLETE,SUCCESS,INFO,494,494,0,,2026-08-30T19:04:27.050Z,2026-08-30T21:04:59.710Z,7232,2026-08-30T21:04:59.710Z,B26,Hazard,ba679216-ee2b-4344-afb9-134290faf502,SAMMS-HazardV5
202608302104537943,202608301904172059,202608301904170791,85,1155,Bronze INV,br_AdmissionAssessmentDimensionThree,TASK_COMPLETE,SUCCESS,INFO,189,189,0,,2026-08-30T19:04:27.050Z,2026-08-30T21:04:59.710Z,7232,2026-08-30T21:04:59.710Z,B27,Savannah,ba679216-ee2b-4344-afb9-134290faf502,SAMMS-SavannahV6
202608302104537944,202608301904172060,202608301904170791,85,1156,Bronze INV,br_AdmissionAssessmentDimensionThree,TASK_COMPLETE,SUCCESS,INFO,234,234,0,,2026-08-30T19:04:27.050Z,2026-08-30T21:04:59.710Z,7232,2026-08-30T21:04:59.710Z,B28,West Plains,ba679216-ee2b-4344-afb9-134290faf502,SAMMS-WestPlainesV5
202608302104537945,202608301904172061,202608301904170791,85,1157,Bronze INV,br_AdmissionAssessmentDimensionThree,TASK_COMPLETE,SUCCESS,INFO,261,261,0,,2026-08-30T19:04:27.050Z,2026-08-30T21:04:59.710Z,7232,2026-08-30T21:04:59.710Z,B29,Poplar Bluff,ba679216-ee2b-4344-afb9-134290faf502,SAMMS-PoplarBluffV5
202608302104537946,202608301904172062,202608301904170791,85,1158,Bronze INV,br_AdmissionAssessmentDimensionThree,TASK_COMPLETE,SUCCESS,INFO,142,142,0,,2026-08-30T19:04:27.050Z,2026-08-30T21:04:59.710Z,7232,2026-08-30T21:04:59.710Z,B30,KC North,ba679216-ee2b-4344-afb9-134290faf502,SAMMS-KCNv5
202608302104537947,202608301904172063,202608301904170791,85,1159,Bronze INV,br_AdmissionAssessmentDimensionThree,TASK_COMPLETE,SUCCESS,INFO,345,345,0,,2026-08-30T19:04:27.050Z,2026-08-30T21:04:59.710Z,7232,2026-08-30T21:04:59.710Z,B31,Dyersburg,ba679216-ee2b-4344-afb9-134290faf502,SAMMS-DyersburgV5
202608302104537949,202608301904172064,202608301904170791,85,1161,Bronze INV,br_AdmissionAssessmentDimensionThree,TASK_COMPLETE,SUCCESS,INFO,213,213,0,,2026-08-30T19:04:27.050Z,2026-08-30T21:04:59.710Z,7232,2026-08-30T21:04:59.710Z,B33,Paducah,ba679216-ee2b-4344-afb9-134290faf502,SAMMS-Paducah
202608302104537950,202608301904172065,202608301904170791,85,1162,Bronze INV,br_AdmissionAssessmentDimensionThree,TASK_COMPLETE,SUCCESS,INFO,446,446,0,,2026-08-30T19:04:27.050Z,2026-08-30T21:04:59.710Z,7232,2026-08-30T21:04:59.710Z,B34,Corbin,ba679216-ee2b-4344-afb9-134290faf502,SAMMS-CorbinV5
202608302104537951,202608301904172066,202608301904170791,85,1163,Bronze INV,br_AdmissionAssessmentDimensionThree,TASK_COMPLETE,SUCCESS,INFO,718,718,0,,2026-08-30T19:04:27.050Z,2026-08-30T21:04:59.710Z,7232,2026-08-30T21:04:59.710Z,B35,Lexington,ba679216-ee2b-4344-afb9-134290faf502,SAMMS-LexingtonV5
202608302104537952,202608301904172067,202608301904170791,85,1164,Bronze INV,br_AdmissionAssessmentDimensionThree,TASK_COMPLETE,SUCCESS,INFO,347,347,0,,2026-08-30T19:04:27.050Z,2026-08-30T21:04:59.710Z,7232,2026-08-30T21:04:59.710Z,B35A,Berea,ba679216-ee2b-4344-afb9-134290faf502,SAMMS-BereaV5
202608302104537953,202608301904172068,202608301904170791,85,1165,Bronze INV,br_AdmissionAssessmentDimensionThree,TASK_COMPLETE,SUCCESS,INFO,610,610,0,,2026-08-30T19:04:27.050Z,2026-08-30T21:04:59.710Z,7232,2026-08-30T21:04:59.710Z,B36,Asheville,ba679216-ee2b-4344-afb9-134290faf502,SAMMS-AshevilleV5
202608302104537954,202608301904172069,202608301904170791,85,1166,Bronze INV,br_AdmissionAssessmentDimensionThree,TASK_COMPLETE,SUCCESS,INFO,453,453,0,,2026-08-30T19:04:27.050Z,2026-08-30T21:04:59.710Z,7232,2026-08-30T21:04:59.710Z,B37,Clyde,ba679216-ee2b-4344-afb9-134290faf502,SAMMS-ClydeV5
202608302104537955,202608301904172070,202608301904170791,85,1167,Bronze INV,br_AdmissionAssessmentDimensionThree,TASK_COMPLETE,SUCCESS,INFO,633,633,0,,2026-08-30T19:04:27.050Z,2026-08-30T21:04:59.710Z,7232,2026-08-30T21:04:59.710Z,B38,Spartanburg,ba679216-ee2b-4344-afb9-134290faf502,SAMMS-SpartanburgV5
202608302104537956,202608301904172071,202608301904170791,85,1168,Bronze INV,br_AdmissionAssessmentDimensionThree,TASK_COMPLETE,SUCCESS,INFO,485,485,0,,2026-08-30T19:04:27.050Z,2026-08-30T21:04:59.710Z,7232,2026-08-30T21:04:59.710Z,B39,Aiken,ba679216-ee2b-4344-afb9-134290faf502,SAMMS-AikenV5
202608302104537958,202608301904172072,202608301904170791,85,1169,Bronze INV,br_AdmissionAssessmentDimensionThree,TASK_COMPLETE,SUCCESS,INFO,295,295,0,,2026-08-30T19:04:27.050Z,2026-08-30T21:04:59.710Z,7232,2026-08-30T21:04:59.710Z,B41,Chesapeake,ba679216-ee2b-4344-afb9-134290faf502,SAMMS-ChesapeakeV5
202608302104537959,202608301904172073,202608301904170791,85,1170,Bronze INV,br_AdmissionAssessmentDimensionThree,TASK_COMPLETE,SUCCESS,INFO,533,533,0,,2026-08-30T19:04:27.050Z,2026-08-30T21:04:59.710Z,7232,2026-08-30T21:04:59.710Z,B42,Virginia Beach,ba679216-ee2b-4344-afb9-134290faf502,SAMMS-VirginiaBeachV5
202608302104537960,202608301904172074,202608301904170791,85,1171,Bronze INV,br_AdmissionAssessmentDimensionThree,TASK_COMPLETE,SUCCESS,INFO,165,165,0,,2026-08-30T19:04:27.050Z,2026-08-30T21:04:59.710Z,7232,2026-08-30T21:04:59.710Z,B42A,Newport News,ba679216-ee2b-4344-afb9-134290faf502,SAMMS-NewportNewsV5
202608302104537961,202608301904172075,202608301904170791,85,1172,Bronze INV,br_AdmissionAssessmentDimensionThree,TASK_COMPLETE,SUCCESS,INFO,58,58,0,,2026-08-30T19:04:27.050Z,2026-08-30T21:04:59.710Z,7232,2026-08-30T21:04:59.710Z,B42B,Franklin,ba679216-ee2b-4344-afb9-134290faf502,SAMMS-FranklinV5
202608302104537962,202608301904172076,202608301904170791,85,1173,Bronze INV,br_AdmissionAssessmentDimensionThree,TASK_COMPLETE,SUCCESS,INFO,337,337,0,,2026-08-30T19:04:27.050Z,2026-08-30T21:04:59.710Z,7232,2026-08-30T21:04:59.710Z,B42C,Glen Allen,ba679216-ee2b-4344-afb9-134290faf502,SAMMS-GlenAllenV5
202608302104537963,202608301904172077,202608301904170791,85,1174,Bronze INV,br_AdmissionAssessmentDimensionThree,TASK_COMPLETE,SUCCESS,INFO,175,175,0,,2026-08-30T19:04:27.050Z,2026-08-30T21:04:59.710Z,7232,2026-08-30T21:04:59.710Z,B42D,Chesapeake South,ba679216-ee2b-4344-afb9-134290faf502,SAMMS-ChesapeakeSouthV5
202608302104537964,202608301904172078,202608301904170791,85,1175,Bronze INV,br_AdmissionAssessmentDimensionThree,TASK_COMPLETE,SUCCESS,INFO,210,210,0,,2026-08-30T19:04:27.050Z,2026-08-30T21:04:59.710Z,7232,2026-08-30T21:04:59.710Z,B44,Albany,ba679216-ee2b-4344-afb9-134290faf502,SAMMS-AlbanyV5
202608302104537966,202608301904172079,202608301904170791,85,1176,Bronze INV,br_AdmissionAssessmentDimensionThree,TASK_COMPLETE,SUCCESS,INFO,305,305,0,,2026-08-30T19:04:27.050Z,2026-08-30T21:04:59.710Z,7232,2026-08-30T21:04:59.710Z,B45,Tifton,ba679216-ee2b-4344-afb9-134290faf502,SAMMS-TiftonV5
202608302104537967,202608301904172080,202608301904170791,85,1177,Bronze INV,br_AdmissionAssessmentDimensionThree,TASK_COMPLETE,SUCCESS,INFO,671,671,0,,2026-08-30T19:04:27.050Z,2026-08-30T21:04:59.710Z,7232,2026-08-30T21:04:59.710Z,B46,Washington DC,ba679216-ee2b-4344-afb9-134290faf502,SAMMS-WashingtonDCv5
202608302104537968,202608301904172081,202608301904170791,85,1178,Bronze INV,br_AdmissionAssessmentDimensionThree,TASK_COMPLETE,SUCCESS,INFO,359,359,0,,2026-08-30T19:04:27.050Z,2026-08-30T21:04:59.710Z,7232,2026-08-30T21:04:59.710Z,B47,Mobile,ba679216-ee2b-4344-afb9-134290faf502,SAMMS-MobileV5
202608302104537969,202608301904172082,202608301904170791,85,1179,Bronze INV,br_AdmissionAssessmentDimensionThree,TASK_COMPLETE,SUCCESS,INFO,452,452,0,,2026-08-30T19:04:27.050Z,2026-08-30T21:04:59.710Z,7232,2026-08-30T21:04:59.710Z,B48,Tuscaloosa,ba679216-ee2b-4344-afb9-134290faf502,SAMMS-TuscaloosaV5
202608302104537970,202608301904172083,202608301904170791,85,1188,Bronze INV,br_AdmissionAssessmentDimensionThree,TASK_COMPLETE,SUCCESS,INFO,312,312,0,,2026-08-30T19:04:27.050Z,2026-08-30T21:04:59.710Z,7232,2026-08-30T21:04:59.710Z,B51,N. Little Rock (OTP),ba679216-ee2b-4344-afb9-134290faf502,SAMMS-NorthLittleRockV6
202608302104537971,202608301904172084,202608301904170791,85,1189,Bronze INV,br_AdmissionAssessmentDimensionThree,TASK_COMPLETE,SUCCESS,INFO,156,156,0,,2026-08-30T19:04:27.050Z,2026-08-30T21:04:59.710Z,7232,2026-08-30T21:04:59.710Z,B52,Jackson GA,ba679216-ee2b-4344-afb9-134290faf502,SAMMS-JacksonGAV5
202608302104537972,202608301904172085,202608301904170791,85,1190,Bronze INV,br_AdmissionAssessmentDimensionThree,TASK_COMPLETE,SUCCESS,INFO,473,473,0,,2026-08-30T19:04:27.050Z,2026-08-30T21:04:59.710Z,7232,2026-08-30T21:04:59.710Z,B54,Gadsden,ba679216-ee2b-4344-afb9-134290faf502,SAMMS-GadsdenV5
202608302104537974,202608301904172086,202608301904170791,85,1191,Bronze INV,br_AdmissionAssessmentDimensionThree,TASK_COMPLETE,SUCCESS,INFO,485,485,0,,2026-08-30T19:04:27.050Z,2026-08-30T21:04:59.710Z,7232,2026-08-30T21:04:59.710Z,B55,Shoals,ba679216-ee2b-4344-afb9-134290faf502,SAMMS-ShoalsV5
202608302104537975,202608301904172087,202608301904170791,85,1192,Bronze INV,br_AdmissionAssessmentDimensionThree,TASK_COMPLETE,SUCCESS,INFO,179,179,0,,2026-08-30T19:04:27.050Z,2026-08-30T21:04:59.710Z,7232,2026-08-30T21:04:59.710Z,B57,Pawtucket,ba679216-ee2b-4344-afb9-134290faf502,SAMMS-Pawtucket
202608302104537976,202608301904172088,202608301904170791,85,1193,Bronze INV,br_AdmissionAssessmentDimensionThree,TASK_COMPLETE,SUCCESS,INFO,169,169,0,,2026-08-30T19:04:27.050Z,2026-08-30T21:04:59.710Z,7232,2026-08-30T21:04:59.710Z,B57A,Johnston,ba679216-ee2b-4344-afb9-134290faf502,SAMMS-Johnston
202608302104537977,202608301904172089,202608301904170791,85,1194,Bronze INV,br_AdmissionAssessmentDimensionThree,TASK_COMPLETE,SUCCESS,INFO,88,88,0,,2026-08-30T19:04:27.050Z,2026-08-30T21:04:59.710Z,7232,2026-08-30T21:04:59.710Z,B57B,Middletown,ba679216-ee2b-4344-afb9-134290faf502,SAMMS-Middletown
202608302104537978,202608301904172090,202608301904170791,85,1195,Bronze INV,br_AdmissionAssessmentDimensionThree,TASK_COMPLETE,SUCCESS,INFO,178,178,0,,2026-08-30T19:04:27.050Z,2026-08-30T21:04:59.710Z,7232,2026-08-30T21:04:59.710Z,B57C,Providence,ba679216-ee2b-4344-afb9-134290faf502,SAMMS-Providence
202608302104537979,202608301904172091,202608301904170791,85,1196,Bronze INV,br_AdmissionAssessmentDimensionThree,TASK_COMPLETE,SUCCESS,INFO,257,257,0,,2026-08-30T19:04:27.050Z,2026-08-30T21:04:59.710Z,7232,2026-08-30T21:04:59.710Z,B57D,Westerly,ba679216-ee2b-4344-afb9-134290faf502,SAMMS-Westerly
202608302104537980,202608301904172092,202608301904170791,85,1200,Bronze INV,br_AdmissionAssessmentDimensionThree,TASK_COMPLETE,SUCCESS,INFO,364,364,0,,2026-08-30T19:04:27.050Z,2026-08-30T21:04:59.710Z,7232,2026-08-30T21:04:59.710Z,B66A,Bremen,ba679216-ee2b-4344-afb9-134290faf502,SAMMS-Bremen
202608302104537981,202608301904172093,202608301904170791,85,1203,Bronze INV,br_AdmissionAssessmentDimensionThree,TASK_COMPLETE,SUCCESS,INFO,16,16,0,,2026-08-30T19:04:27.050Z,2026-08-30T21:04:59.710Z,7232,2026-08-30T21:04:59.710Z,B72,Mobile (OBOT),ba679216-ee2b-4344-afb9-134290faf502,SAMMS-Mobile-OBOT
202608302104537983,202608301904172094,202608301904170791,85,1204,Bronze INV,br_AdmissionAssessmentDimensionThree,TASK_COMPLETE,SUCCESS,INFO,2,2,0,,2026-08-30T19:04:27.050Z,2026-08-30T21:04:59.710Z,7232,2026-08-30T21:04:59.710Z,B73,Montgomery,ba679216-ee2b-4344-afb9-134290faf502,SAMMS-Montgomery
202608302104537984,202608301904172095,202608301904170791,85,1205,Bronze INV,br_AdmissionAssessmentDimensionThree,TASK_COMPLETE,SUCCESS,INFO,324,324,0,,2026-08-30T19:04:27.050Z,2026-08-30T21:04:59.710Z,7232,2026-08-30T21:04:59.710Z,B75,Lawrence,ba679216-ee2b-4344-afb9-134290faf502,SAMMS-LawrenceV6
202608302104537985,202608301904172096,202608301904170791,85,1206,Bronze INV,br_AdmissionAssessmentDimensionThree,TASK_COMPLETE,SUCCESS,INFO,50,50,0,,2026-08-30T19:04:27.050Z,2026-08-30T21:04:59.710Z,7232,2026-08-30T21:04:59.710Z,B76,Huntsville OBOT,ba679216-ee2b-4344-afb9-134290faf502,SAMMS-Huntsville-OBOT
202608302104537986,202608301904172097,202608301904170791,85,1207,Bronze INV,br_AdmissionAssessmentDimensionThree,TASK_COMPLETE,SUCCESS,INFO,301,301,0,,2026-08-30T19:04:27.050Z,2026-08-30T21:04:59.710Z,7232,2026-08-30T21:04:59.710Z,BAT,Batesville,ba679216-ee2b-4344-afb9-134290faf502,SAMMS-Batesville
202608302104537987,202608301904172098,202608301904170791,85,1208,Bronze INV,br_AdmissionAssessmentDimensionThree,TASK_COMPLETE,SUCCESS,INFO,240,240,0,,2026-08-30T19:04:27.050Z,2026-08-30T21:04:59.710Z,7232,2026-08-30T21:04:59.710Z,BG,Bowling Green,ba679216-ee2b-4344-afb9-134290faf502,SAMMS-BowlingGreen
202608302104537988,202608301904172099,202608301904170791,85,1209,Bronze INV,br_AdmissionAssessmentDimensionThree,TASK_COMPLETE,SUCCESS,INFO,221,221,0,,2026-08-30T19:04:27.050Z,2026-08-30T21:04:59.710Z,7232,2026-08-30T21:04:59.710Z,BOI,Boise,ba679216-ee2b-4344-afb9-134290faf502,SAMMS-Boise
202608302104537989,202608301904172100,202608301904170791,85,1216,Bronze INV,br_AdmissionAssessmentDimensionThree,TASK_COMPLETE,SUCCESS,INFO,284,284,0,,2026-08-30T19:04:27.050Z,2026-08-30T21:04:59.710Z,7232,2026-08-30T21:04:59.710Z,CBCO,Coeur dAlene,ba679216-ee2b-4344-afb9-134290faf502,SAMMS-CoeurdAleneV6
202608302104537991,202608301904172101,202608301904170791,85,1235,Bronze INV,br_AdmissionAssessmentDimensionThree,TASK_COMPLETE,SUCCESS,INFO,304,304,0,,2026-08-30T19:04:27.050Z,2026-08-30T21:04:59.710Z,7232,2026-08-30T21:04:59.710Z,CON,Conway,ba679216-ee2b-4344-afb9-134290faf502,SAMMS-Conway
202608302104537992,202608301904172102,202608301904170791,85,1236,Bronze INV,br_AdmissionAssessmentDimensionThree,TASK_COMPLETE,SUCCESS,INFO,1551,1551,0,,2026-08-30T19:04:27.050Z,2026-08-30T21:04:59.710Z,7232,2026-08-30T21:04:59.710Z,D07,Medical Services Knox TN,ba679216-ee2b-4344-afb9-134290faf502,SAMMS-KnoxvilleV6
202608302104537993,202608301904172103,202608301904170791,85,1237,Bronze INV,br_AdmissionAssessmentDimensionThree,TASK_COMPLETE,SUCCESS,INFO,966,966,0,,2026-08-30T19:04:27.050Z,2026-08-30T21:04:59.710Z,7232,2026-08-30T21:04:59.710Z,D08,Madison,ba679216-ee2b-4344-afb9-134290faf502,SAMMS-MadisonV6
202608302104537994,202608301904172104,202608301904170791,85,1239,Bronze INV,br_AdmissionAssessmentDimensionThree,TASK_COMPLETE,SUCCESS,INFO,940,940,0,,2026-08-30T19:04:27.050Z,2026-08-30T21:04:59.710Z,7232,2026-08-30T21:04:59.710Z,D09,Murfreesboro,ba679216-ee2b-4344-afb9-134290faf502,SAMMS-MurfreesboroV6
202608302104537996,202608301904172105,202608301904170791,85,1240,Bronze INV,br_AdmissionAssessmentDimensionThree,TASK_COMPLETE,SUCCESS,INFO,220,220,0,,2026-08-30T19:04:27.050Z,2026-08-30T21:04:59.710Z,7232,2026-08-30T21:04:59.710Z,DA,Davenport,ba679216-ee2b-4344-afb9-134290faf502,SAMMS-Davenport
202608302104537997,202608301904172106,202608301904170791,85,1241,Bronze INV,br_AdmissionAssessmentDimensionThree,TASK_COMPLETE,SUCCESS,INFO,353,353,0,,2026-08-30T19:04:27.050Z,2026-08-30T21:04:59.710Z,7232,2026-08-30T21:04:59.710Z,DM,Des Moines,ba679216-ee2b-4344-afb9-134290faf502,SAMMS-DesMoines
202608302104537998,202608301904172107,202608301904170791,85,1243,Bronze INV,br_AdmissionAssessmentDimensionThree,TASK_COMPLETE,SUCCESS,INFO,478,478,0,,2026-08-30T19:04:27.050Z,2026-08-30T21:04:59.710Z,7232,2026-08-30T21:04:59.710Z,DRD-CO,Columbia MO,ba679216-ee2b-4344-afb9-134290faf502,SAMMS-ColumbiaV5
202608302104537999,202608301904172108,202608301904170791,85,1244,Bronze INV,br_AdmissionAssessmentDimensionThree,TASK_COMPLETE,SUCCESS,INFO,593,593,0,,2026-08-30T19:04:27.050Z,2026-08-30T21:04:59.710Z,7232,2026-08-30T21:04:59.710Z,DRD-KC,KC,ba679216-ee2b-4344-afb9-134290faf502,SAMMS-KCv5
202608302104538000,202608301904172109,202608301904170791,85,1245,Bronze INV,br_AdmissionAssessmentDimensionThree,TASK_COMPLETE,SUCCESS,INFO,953,953,0,,2026-08-30T19:04:27.050Z,2026-08-30T21:04:59.710Z,7232,2026-08-30T21:04:59.710Z,DRD-KVB,KVB,ba679216-ee2b-4344-afb9-134290faf502,SAMMS-KVBv5
202608302104538001,202608301904172110,202608301904170791,85,1246,Bronze INV,br_AdmissionAssessmentDimensionThree,TASK_COMPLETE,SUCCESS,INFO,1580,1580,0,,2026-08-30T19:04:27.050Z,2026-08-30T21:04:59.710Z,7232,2026-08-30T21:04:59.710Z,DRD-KVC,KVC,ba679216-ee2b-4344-afb9-134290faf502,SAMMS-KVCv5
202608302104538002,202608301904172111,202608301904170791,85,1247,Bronze INV,br_AdmissionAssessmentDimensionThree,TASK_COMPLETE,SUCCESS,INFO,1257,1257,0,,2026-08-30T19:04:27.050Z,2026-08-30T21:04:59.710Z,7232,2026-08-30T21:04:59.710Z,DRD-NOLA,NOLA,ba679216-ee2b-4344-afb9-134290faf502,SAMMS-NOLAv5
202608302104538004,202608301904172112,202608301904170791,85,1248,Bronze INV,br_AdmissionAssessmentDimensionThree,TASK_COMPLETE,SUCCESS,INFO,746,746,0,,2026-08-30T19:04:27.050Z,2026-08-30T21:04:59.710Z,7232,2026-08-30T21:04:59.710Z,DRD-SF,Springfield,ba679216-ee2b-4344-afb9-134290faf502,SAMMS-SFv5
202608302104538005,202608301904172113,202608301904170791,85,1250,Bronze INV,br_AdmissionAssessmentDimensionThree,TASK_COMPLETE,SUCCESS,INFO,252,252,0,,2026-08-30T19:04:27.050Z,2026-08-30T21:04:59.710Z,7232,2026-08-30T21:04:59.710Z,ELC,Elizabeth City,ba679216-ee2b-4344-afb9-134290faf502,SAMMS-ElizabethCity
202608302104538006,202608301904172114,202608301904170791,85,1251,Bronze INV,br_AdmissionAssessmentDimensionThree,TASK_COMPLETE,SUCCESS,INFO,261,261,0,,2026-08-30T19:04:27.050Z,2026-08-30T21:04:59.710Z,7232,2026-08-30T21:04:59.710Z,ET,Elizabethtown,ba679216-ee2b-4344-afb9-134290faf502,SAMMS-Elizabethtown
202608302104538007,202608301904172115,202608301904170791,85,1252,Bronze INV,br_AdmissionAssessmentDimensionThree,TASK_COMPLETE,SUCCESS,INFO,232,232,0,,2026-08-30T19:04:27.050Z,2026-08-30T21:04:59.710Z,7232,2026-08-30T21:04:59.710Z,FAY,Fayetteville,ba679216-ee2b-4344-afb9-134290faf502,SAMMS-Fayetteville
202608302104538008,202608301904172116,202608301904170791,85,1253,Bronze INV,br_AdmissionAssessmentDimensionThree,TASK_COMPLETE,SUCCESS,INFO,182,182,0,,2026-08-30T19:04:27.050Z,2026-08-30T21:04:59.710Z,7232,2026-08-30T21:04:59.710Z,FR,Frankfort,ba679216-ee2b-4344-afb9-134290faf502,SAMMS-Frankfort
202608302104538009,202608301904172117,202608301904170791,85,1254,Bronze INV,br_AdmissionAssessmentDimensionThree,TASK_COMPLETE,SUCCESS,INFO,282,282,0,,2026-08-30T19:04:27.050Z,2026-08-30T21:04:59.710Z,7232,2026-08-30T21:04:59.710Z,FS,Fort Smith,ba679216-ee2b-4344-afb9-134290faf502,SAMMS-FortSmith
202608302104538010,202608301904172118,202608301904170791,85,1255,Bronze INV,br_AdmissionAssessmentDimensionThree,TASK_COMPLETE,SUCCESS,INFO,683,683,0,,2026-08-30T19:04:27.050Z,2026-08-30T21:04:59.710Z,7232,2026-08-30T21:04:59.710Z,FW,Fort Wayne,ba679216-ee2b-4344-afb9-134290faf502,SAMMS-FortWayne
202608302104538011,202608301904172119,202608301904170791,85,1256,Bronze INV,br_AdmissionAssessmentDimensionThree,TASK_COMPLETE,SUCCESS,INFO,104,104,0,,2026-08-30T19:04:27.050Z,2026-08-30T21:04:59.710Z,7232,2026-08-30T21:04:59.710Z,GAL,Gaylord,ba679216-ee2b-4344-afb9-134290faf502,SAMMS-Gaylord
202608302104538013,202608301904172120,202608301904170791,85,1260,Bronze INV,br_AdmissionAssessmentDimensionThree,TASK_COMPLETE,SUCCESS,INFO,622,622,0,,2026-08-30T19:04:27.050Z,2026-08-30T21:04:59.710Z,7232,2026-08-30T21:04:59.710Z,HGT,Hagerstown,ba679216-ee2b-4344-afb9-134290faf502,SAMMS-Hagerstown
202608302104538014,202608301904172121,202608301904170791,85,1261,Bronze INV,br_AdmissionAssessmentDimensionThree,TASK_COMPLETE,SUCCESS,INFO,477,477,0,,2026-08-30T19:04:27.050Z,2026-08-30T21:04:59.710Z,7232,2026-08-30T21:04:59.710Z,HNT,Huntsville,ba679216-ee2b-4344-afb9-134290faf502,SAMMS-Huntsville
202608302104538015,202608301904172122,202608301904170791,85,1262,Bronze INV,br_AdmissionAssessmentDimensionThree,TASK_COMPLETE,SUCCESS,INFO,309,309,0,,2026-08-30T19:04:27.050Z,2026-08-30T21:04:59.710Z,7232,2026-08-30T21:04:59.710Z,HS,Hot Springs,ba679216-ee2b-4344-afb9-134290faf502,SAMMS-HotSprings
202608302104538016,202608301904172123,202608301904170791,85,1263,Bronze INV,br_AdmissionAssessmentDimensionThree,TASK_COMPLETE,SUCCESS,INFO,268,268,0,,2026-08-30T19:04:27.050Z,2026-08-30T21:04:59.710Z,7232,2026-08-30T21:04:59.710Z,JON,Jonesboro,ba679216-ee2b-4344-afb9-134290faf502,SAMMS-Jonesboro
202608302104538017,202608301904172124,202608301904170791,85,1265,Bronze INV,br_AdmissionAssessmentDimensionThree,TASK_COMPLETE,SUCCESS,INFO,159,159,0,,2026-08-30T19:04:27.050Z,2026-08-30T21:04:59.710Z,7232,2026-08-30T21:04:59.710Z,LAN,Lansing,ba679216-ee2b-4344-afb9-134290faf502,SAMMS-Lansing
202608302104538018,202608301904172125,202608301904170791,85,1266,Bronze INV,br_AdmissionAssessmentDimensionThree,TASK_COMPLETE,SUCCESS,INFO,429,429,0,,2026-08-30T19:04:27.050Z,2026-08-30T21:04:59.710Z,7232,2026-08-30T21:04:59.710Z,LO,Louisville,ba679216-ee2b-4344-afb9-134290faf502,SAMMS-Louisville
202608302104538019,202608301904172126,202608301904170791,85,1267,Bronze INV,br_AdmissionAssessmentDimensionThree,TASK_COMPLETE,SUCCESS,INFO,1178,1178,0,,2026-08-30T19:04:27.050Z,2026-08-30T21:04:59.710Z,7232,2026-08-30T21:04:59.710Z,LV1,Cheyenne,ba679216-ee2b-4344-afb9-134290faf502,SAMMS-Cheyenne
202608302104538021,202608301904172127,202608301904170791,85,1268,Bronze INV,br_AdmissionAssessmentDimensionThree,TASK_COMPLETE,SUCCESS,INFO,938,938,0,,2026-08-30T19:04:27.050Z,2026-08-30T21:04:59.710Z,7232,2026-08-30T21:04:59.710Z,LV2,Desert Inn,ba679216-ee2b-4344-afb9-134290faf502,SAMMS-DesertInn
202608302104538022,202608301904172128,202608301904170791,85,1269,Bronze INV,br_AdmissionAssessmentDimensionThree,TASK_COMPLETE,SUCCESS,INFO,312,312,0,,2026-08-30T19:04:27.050Z,2026-08-30T21:04:59.710Z,7232,2026-08-30T21:04:59.710Z,LV3,McDaniel,ba679216-ee2b-4344-afb9-134290faf502,SAMMS-McDaniel
202608302104538023,202608301904172129,202608301904170791,85,1272,Bronze INV,br_AdmissionAssessmentDimensionThree,TASK_COMPLETE,SUCCESS,INFO,270,270,0,,2026-08-30T19:04:27.050Z,2026-08-30T21:04:59.710Z,7232,2026-08-30T21:04:59.710Z,MNRE,Monroe,ba679216-ee2b-4344-afb9-134290faf502,SAMMS-Monroe
202608302104538024,202608301904172130,202608301904170791,85,1273,Bronze INV,br_AdmissionAssessmentDimensionThree,TASK_COMPLETE,SUCCESS,INFO,124,124,0,,2026-08-30T19:04:27.050Z,2026-08-30T21:04:59.710Z,7232,2026-08-30T21:04:59.710Z,MP,Mt. Pleasant,ba679216-ee2b-4344-afb9-134290faf502,SAMMS-MtPleasant
202608302104538025,202608301904172131,202608301904170791,85,1274,Bronze INV,br_AdmissionAssessmentDimensionThree,TASK_COMPLETE,SUCCESS,INFO,173,173,0,,2026-08-30T19:04:27.050Z,2026-08-30T21:04:59.710Z,7232,2026-08-30T21:04:59.710Z,MRD,Meridian,ba679216-ee2b-4344-afb9-134290faf502,SAMMS-Meridian
202608302104538026,202608301904172132,202608301904170791,85,1279,Bronze INV,br_AdmissionAssessmentDimensionThree,TASK_COMPLETE,SUCCESS,INFO,639,639,0,,2026-08-30T19:04:27.050Z,2026-08-30T21:04:59.710Z,7232,2026-08-30T21:04:59.710Z,NC,North Charleston,ba679216-ee2b-4344-afb9-134290faf502,SAMMS-NorthCharleston
202608302104538027,202608301904172133,202608301904170791,85,1280,Bronze INV,br_AdmissionAssessmentDimensionThree,TASK_COMPLETE,SUCCESS,INFO,576,576,0,,2026-08-30T19:04:27.050Z,2026-08-30T21:04:59.710Z,7232,2026-08-30T21:04:59.710Z,NLR,N. Little Rock,ba679216-ee2b-4344-afb9-134290faf502,SAMMS-NLROBOT
202608302104538028,202608301904172134,202608301904170791,85,1281,Bronze INV,br_AdmissionAssessmentDimensionThree,TASK_COMPLETE,SUCCESS,INFO,235,235,0,,2026-08-30T19:04:27.050Z,2026-08-30T21:04:59.710Z,7232,2026-08-30T21:04:59.710Z,PH,Phoenix,ba679216-ee2b-4344-afb9-134290faf502,SAMMS-Phoenix
202608302104538030,202608301904172135,202608301904170791,85,1285,Bronze INV,br_AdmissionAssessmentDimensionThree,TASK_COMPLETE,SUCCESS,INFO,409,409,0,,2026-08-30T19:04:27.050Z,2026-08-30T21:04:59.710Z,7232,2026-08-30T21:04:59.710Z,RE,Reno,ba679216-ee2b-4344-afb9-134290faf502,SAMMS-Reno
202608302104538031,202608301904172136,202608301904170791,85,1286,Bronze INV,br_AdmissionAssessmentDimensionThree,TASK_COMPLETE,SUCCESS,INFO,389,389,0,,2026-08-30T19:04:27.050Z,2026-08-30T21:04:59.710Z,7232,2026-08-30T21:04:59.710Z,RMD,Richmond,ba679216-ee2b-4344-afb9-134290faf502,SAMMS-Richmond
202608302104538032,202608301904172137,202608301904170791,85,1287,Bronze INV,br_AdmissionAssessmentDimensionThree,TASK_COMPLETE,SUCCESS,INFO,488,488,0,,2026-08-30T19:04:27.050Z,2026-08-30T21:04:59.710Z,7232,2026-08-30T21:04:59.710Z,SFN,Springfield North,ba679216-ee2b-4344-afb9-134290faf502,SAMMS-SFNv5
202608302104538033,202608301904172138,202608301904170791,85,1288,Bronze INV,br_AdmissionAssessmentDimensionThree,TASK_COMPLETE,SUCCESS,INFO,450,450,0,,2026-08-30T19:04:27.050Z,2026-08-30T21:04:59.710Z,7232,2026-08-30T21:04:59.710Z,SHP,Shreveport,ba679216-ee2b-4344-afb9-134290faf502,SAMMS-Shreveport
202608302104538034,202608301904172139,202608301904170791,85,1290,Bronze INV,br_AdmissionAssessmentDimensionThree,TASK_COMPLETE,SUCCESS,INFO,81,81,0,,2026-08-30T19:04:27.050Z,2026-08-30T21:04:59.710Z,7232,2026-08-30T21:04:59.710Z,STN,Staunton,ba679216-ee2b-4344-afb9-134290faf502,SAMMS-Staunton
202608302104538035,202608301904172140,202608301904170791,85,1291,Bronze INV,br_AdmissionAssessmentDimensionThree,TASK_COMPLETE,SUCCESS,INFO,53,53,0,,2026-08-30T19:04:27.050Z,2026-08-30T21:04:59.710Z,7232,2026-08-30T21:04:59.710Z,STVN,Stevenson,ba679216-ee2b-4344-afb9-134290faf502,SAMMS-Stevenson
202608302104538036,202608301904172141,202608301904170791,85,1293,Bronze INV,br_AdmissionAssessmentDimensionThree,TASK_COMPLETE,SUCCESS,INFO,70,70,0,,2026-08-30T19:04:27.050Z,2026-08-30T21:04:59.710Z,7232,2026-08-30T21:04:59.710Z,TE,Tempe,ba679216-ee2b-4344-afb9-134290faf502,SAMMS-Tempe
202608302104538038,202608301904172142,202608301904170791,85,1294,Bronze INV,br_AdmissionAssessmentDimensionThree,TASK_COMPLETE,SUCCESS,INFO,368,368,0,,2026-08-30T19:04:27.050Z,2026-08-30T21:04:59.710Z,7232,2026-08-30T21:04:59.710Z,TEX,Texarkana,ba679216-ee2b-4344-afb9-134290faf502,SAMMS-Texarkana
202608302104538039,202608301904172143,202608301904170791,85,1295,Bronze INV,br_AdmissionAssessmentDimensionThree,TASK_COMPLETE,SUCCESS,INFO,426,426,0,,2026-08-30T19:04:27.050Z,2026-08-30T21:04:59.710Z,7232,2026-08-30T21:04:59.710Z,TTCA,Bessemer,ba679216-ee2b-4344-afb9-134290faf502,SAMMS-BessemerV5
202608302104538040,202608301904172144,202608301904170791,85,1296,Bronze INV,br_AdmissionAssessmentDimensionThree,TASK_COMPLETE,SUCCESS,INFO,550,550,0,,2026-08-30T19:04:27.050Z,2026-08-30T21:04:59.710Z,7232,2026-08-30T21:04:59.710Z,TTCB,Cullman,ba679216-ee2b-4344-afb9-134290faf502,SAMMS-CullmanV5
202608302104538041,202608301904172145,202608301904170791,85,1297,Bronze INV,br_AdmissionAssessmentDimensionThree,TASK_COMPLETE,SUCCESS,INFO,305,305,0,,2026-08-30T19:04:27.050Z,2026-08-30T21:04:59.710Z,7232,2026-08-30T21:04:59.710Z,TTCC,Grand Bay,ba679216-ee2b-4344-afb9-134290faf502,SAMMS-GrandBay
202608302104538042,202608301904172146,202608301904170791,85,1298,Bronze INV,br_AdmissionAssessmentDimensionThree,TASK_COMPLETE,SUCCESS,INFO,22,22,0,,2026-08-30T19:04:27.050Z,2026-08-30T21:04:59.710Z,7232,2026-08-30T21:04:59.710Z,TU,Tucson,ba679216-ee2b-4344-afb9-134290faf502,SAMMS-Tucson
202608302104538043,202608301904172147,202608301904170791,85,1300,Bronze INV,br_AdmissionAssessmentDimensionThree,TASK_COMPLETE,SUCCESS,INFO,252,252,0,,2026-08-30T19:04:27.050Z,2026-08-30T21:04:59.710Z,7232,2026-08-30T21:04:59.710Z,V1,Memphis South,ba679216-ee2b-4344-afb9-134290faf502,SAMMS-VCPHCS-I-MemphisV5
202608302104538044,202608301904172148,202608301904170791,85,1301,Bronze INV,br_AdmissionAssessmentDimensionThree,TASK_COMPLETE,SUCCESS,INFO,693,693,0,,2026-08-30T19:04:27.050Z,2026-08-30T21:04:59.710Z,7232,2026-08-30T21:04:59.710Z,V10,Longmont,ba679216-ee2b-4344-afb9-134290faf502,SAMMS-BoulderV5
202608302104538045,202608301904172149,202608301904170791,85,1302,Bronze INV,br_AdmissionAssessmentDimensionThree,TASK_COMPLETE,SUCCESS,INFO,1197,1197,0,,2026-08-30T19:04:27.050Z,2026-08-30T21:04:59.710Z,7232,2026-08-30T21:04:59.710Z,V10A,Fort Collins,ba679216-ee2b-4344-afb9-134290faf502,SAMMS-FortCollinsV5
202608302104538047,202608301904172150,202608301904170791,85,1303,Bronze INV,br_AdmissionAssessmentDimensionThree,TASK_COMPLETE,SUCCESS,INFO,995,995,0,,2026-08-30T19:04:27.050Z,2026-08-30T21:04:59.710Z,7232,2026-08-30T21:04:59.710Z,V11,Westminster,ba679216-ee2b-4344-afb9-134290faf502,SAMMS-VCPHCS-XI-NorthDenverV5
202608302104538048,202608301904172151,202608301904170791,85,1304,Bronze INV,br_AdmissionAssessmentDimensionThree,TASK_COMPLETE,SUCCESS,INFO,1062,1062,0,,2026-08-30T19:04:27.050Z,2026-08-30T21:04:59.710Z,7232,2026-08-30T21:04:59.710Z,V12,Downtown Denver,ba679216-ee2b-4344-afb9-134290faf502,SAMMS-VCPHCS-XII-DowntownDenverV5
202608302104538049,202608301904172152,202608301904170791,85,1305,Bronze INV,br_AdmissionAssessmentDimensionThree,TASK_COMPLETE,SUCCESS,INFO,475,475,0,,2026-08-30T19:04:27.050Z,2026-08-30T21:04:59.710Z,7232,2026-08-30T21:04:59.710Z,V12A,Centennial,ba679216-ee2b-4344-afb9-134290faf502,SAMMS-CentennialV5
202608302104538050,202608301904172153,202608301904170791,85,1306,Bronze INV,br_AdmissionAssessmentDimensionThree,TASK_COMPLETE,SUCCESS,INFO,292,292,0,,2026-08-30T19:04:27.050Z,2026-08-30T21:04:59.710Z,7232,2026-08-30T21:04:59.710Z,V14,Overland Park,ba679216-ee2b-4344-afb9-134290faf502,SAMMS-VCPHCS-XIV-BridgewayV5
202608302104538051,202608301904172154,202608301904170791,85,1307,Bronze INV,br_AdmissionAssessmentDimensionThree,TASK_COMPLETE,SUCCESS,INFO,572,572,0,,2026-08-30T19:04:27.050Z,2026-08-30T21:04:59.710Z,7232,2026-08-30T21:04:59.710Z,V15,Joplin,ba679216-ee2b-4344-afb9-134290faf502,SAMMS-JoplinV5
202608302104538052,202608301904172155,202608301904170791,85,1309,Bronze INV,br_AdmissionAssessmentDimensionThree,TASK_COMPLETE,SUCCESS,INFO,471,471,0,,2026-08-30T19:04:27.050Z,2026-08-30T21:04:59.710Z,7232,2026-08-30T21:04:59.710Z,V17,Columbia TN,ba679216-ee2b-4344-afb9-134290faf502,SAMMS-ColumbiaTNv5
202608302104538053,202608301904172156,202608301904170791,85,1311,Bronze INV,br_AdmissionAssessmentDimensionThree,TASK_COMPLETE,SUCCESS,INFO,417,417,0,,2026-08-30T19:04:27.050Z,2026-08-30T21:04:59.710Z,7232,2026-08-30T21:04:59.710Z,V19,Jackson,ba679216-ee2b-4344-afb9-134290faf502,SAMMS-JacksonV5
202608302104538055,202608301904172157,202608301904170791,85,1313,Bronze INV,br_AdmissionAssessmentDimensionThree,TASK_COMPLETE,SUCCESS,INFO,488,488,0,,2026-08-30T19:04:27.050Z,2026-08-30T21:04:59.710Z,7232,2026-08-30T21:04:59.710Z,V20,Paris,ba679216-ee2b-4344-afb9-134290faf502,SAMMS-ParisV5
202608302104538056,202608301904172158,202608301904170791,85,1314,Bronze INV,br_AdmissionAssessmentDimensionThree,TASK_COMPLETE,SUCCESS,INFO,354,354,0,,2026-08-30T19:04:27.050Z,2026-08-30T21:04:59.710Z,7232,2026-08-30T21:04:59.710Z,V21,Memphis North,ba679216-ee2b-4344-afb9-134290faf502,SAMMS-RaleighV5
202608302104538057,202608301904172159,202608301904170791,85,1317,Bronze INV,br_AdmissionAssessmentDimensionThree,TASK_COMPLETE,SUCCESS,INFO,705,705,0,,2026-08-30T19:04:27.050Z,2026-08-30T21:04:59.710Z,7232,2026-08-30T21:04:59.710Z,V5,West Bank,ba679216-ee2b-4344-afb9-134290faf502,SAMMS-NONTCv5
202608302104537532,202608301904171704,202608301904170791,85,404,Bronze INV,br_AdmissionAssessment,TASK_COMPLETE,SUCCESS,INFO,0,0,0,,2026-08-30T19:04:27.050Z,2026-08-30T21:04:59.710Z,7232,2026-08-30T21:04:59.710Z,VBRA,Brainerd,ba679216-ee2b-4344-afb9-134290faf502,SAMMS-BrainerdV6
202608302104537533,202608301904171705,202608301904170791,85,405,Bronze INV,br_AdmissionAssessment,TASK_COMPLETE,SUCCESS,INFO,2,2,0,,2026-08-30T19:04:27.050Z,2026-08-30T21:04:59.710Z,7232,2026-08-30T21:04:59.710Z,VBRP,Brooklyn Park,ba679216-ee2b-4344-afb9-134290faf502,SAMMS-BrooklynParkV6
202608302104537534,202608301904171706,202608301904170791,85,407,Bronze INV,br_AdmissionAssessment,TASK_COMPLETE,SUCCESS,INFO,3,3,0,,2026-08-30T19:04:27.050Z,2026-08-30T21:04:59.710Z,7232,2026-08-30T21:04:59.710Z,VMIN,Minneapolis,ba679216-ee2b-4344-afb9-134290faf502,SAMMS-MinneapolisV6
202608302104537535,202608301904171707,202608301904170791,85,408,Bronze INV,br_AdmissionAssessment,TASK_COMPLETE,SUCCESS,INFO,1,1,0,,2026-08-30T19:04:27.050Z,2026-08-30T21:04:59.710Z,7232,2026-08-30T21:04:59.710Z,VWBY,Woodbury,ba679216-ee2b-4344-afb9-134290faf502,SAMMS-WoodburyV6
202608302104537536,202608301904171708,202608301904170791,85,410,Bronze INV,br_AdmissionAssessment,TASK_COMPLETE,SUCCESS,INFO,118,118,0,,2026-08-30T19:04:27.050Z,2026-08-30T21:04:59.710Z,7232,2026-08-30T21:04:59.710Z,WIL,Wilson,ba679216-ee2b-4344-afb9-134290faf502,SAMMS-Wilson
202608302104537537,202608301904171709,202608301904170791,85,1518,Bronze INV,br_AdmissionAssessmentSummary,TASK_COMPLETE,SUCCESS,INFO,117,117,0,,2026-08-30T19:04:27.050Z,2026-08-30T21:04:59.710Z,7232,2026-08-30T21:04:59.710Z,AHK,Ahoskie,ba679216-ee2b-4344-afb9-134290faf502,SAMMS-Ahoskie
202608302104537539,202608301904171710,202608301904170791,85,1519,Bronze INV,br_AdmissionAssessmentSummary,TASK_COMPLETE,SUCCESS,INFO,806,806,0,,2026-08-30T19:04:27.050Z,2026-08-30T21:04:59.710Z,7232,2026-08-30T21:04:59.710Z,B12B,Colorado Springs,ba679216-ee2b-4344-afb9-134290faf502,SAMMS-ColoradoSpringsV5
202608302104537540,202608301904171711,202608301904170791,85,1520,Bronze INV,br_AdmissionAssessmentSummary,TASK_COMPLETE,SUCCESS,INFO,435,435,0,,2026-08-30T19:04:27.050Z,2026-08-30T21:04:59.710Z,7232,2026-08-30T21:04:59.710Z,B24,Paintsville,ba679216-ee2b-4344-afb9-134290faf502,SAMMS-PaintsvilleV5
202608302104537541,202608301904171712,202608301904170791,85,1521,Bronze INV,br_AdmissionAssessmentSummary,TASK_COMPLETE,SUCCESS,INFO,174,174,0,,2026-08-30T19:04:27.050Z,2026-08-30T21:04:59.710Z,7232,2026-08-30T21:04:59.710Z,B25,Pikeville,ba679216-ee2b-4344-afb9-134290faf502,SAMMS-PikevilleV5
202608302104537542,202608301904171713,202608301904170791,85,1522,Bronze INV,br_AdmissionAssessmentSummary,TASK_COMPLETE,SUCCESS,INFO,501,501,0,,2026-08-30T19:04:27.050Z,2026-08-30T21:04:59.710Z,7232,2026-08-30T21:04:59.710Z,B26,Hazard,ba679216-ee2b-4344-afb9-134290faf502,SAMMS-HazardV5
202608302104537543,202608301904171714,202608301904170791,85,1523,Bronze INV,br_AdmissionAssessmentSummary,TASK_COMPLETE,SUCCESS,INFO,199,199,0,,2026-08-30T19:04:27.050Z,2026-08-30T21:04:59.710Z,7232,2026-08-30T21:04:59.710Z,B27,Savannah,ba679216-ee2b-4344-afb9-134290faf502,SAMMS-SavannahV6
202608302104537544,202608301904171715,202608301904170791,85,1524,Bronze INV,br_AdmissionAssessmentSummary,TASK_COMPLETE,SUCCESS,INFO,239,239,0,,2026-08-30T19:04:27.050Z,2026-08-30T21:04:59.710Z,7232,2026-08-30T21:04:59.710Z,B28,West Plains,ba679216-ee2b-4344-afb9-134290faf502,SAMMS-WestPlainesV5
202608302104537545,202608301904171716,202608301904170791,85,1525,Bronze INV,br_AdmissionAssessmentSummary,TASK_COMPLETE,SUCCESS,INFO,264,264,0,,2026-08-30T19:04:27.050Z,2026-08-30T21:04:59.710Z,7232,2026-08-30T21:04:59.710Z,B29,Poplar Bluff,ba679216-ee2b-4344-afb9-134290faf502,SAMMS-PoplarBluffV5
202608302104537547,202608301904171717,202608301904170791,85,1526,Bronze INV,br_AdmissionAssessmentSummary,TASK_COMPLETE,SUCCESS,INFO,166,166,0,,2026-08-30T19:04:27.050Z,2026-08-30T21:04:59.710Z,7232,2026-08-30T21:04:59.710Z,B30,KC North,ba679216-ee2b-4344-afb9-134290faf502,SAMMS-KCNv5
202608302104537548,202608301904171718,202608301904170791,85,1527,Bronze INV,br_AdmissionAssessmentSummary,TASK_COMPLETE,SUCCESS,INFO,387,387,0,,2026-08-30T19:04:27.050Z,2026-08-30T21:04:59.710Z,7232,2026-08-30T21:04:59.710Z,B31,Dyersburg,ba679216-ee2b-4344-afb9-134290faf502,SAMMS-DyersburgV5
202608302104537549,202608301904171719,202608301904170791,85,1529,Bronze INV,br_AdmissionAssessmentSummary,TASK_COMPLETE,SUCCESS,INFO,217,217,0,,2026-08-30T19:04:27.050Z,2026-08-30T21:04:59.710Z,7232,2026-08-30T21:04:59.710Z,B33,Paducah,ba679216-ee2b-4344-afb9-134290faf502,SAMMS-Paducah
202608302104537550,202608301904171720,202608301904170791,85,1530,Bronze INV,br_AdmissionAssessmentSummary,TASK_COMPLETE,SUCCESS,INFO,461,461,0,,2026-08-30T19:04:27.050Z,2026-08-30T21:04:59.710Z,7232,2026-08-30T21:04:59.710Z,B34,Corbin,ba679216-ee2b-4344-afb9-134290faf502,SAMMS-CorbinV5
202608302104537551,202608301904171721,202608301904170791,85,1531,Bronze INV,br_AdmissionAssessmentSummary,TASK_COMPLETE,SUCCESS,INFO,738,738,0,,2026-08-30T19:04:27.050Z,2026-08-30T21:04:59.710Z,7232,2026-08-30T21:04:59.710Z,B35,Lexington,ba679216-ee2b-4344-afb9-134290faf502,SAMMS-LexingtonV5
202608302104537552,202608301904171722,202608301904170791,85,1532,Bronze INV,br_AdmissionAssessmentSummary,TASK_COMPLETE,SUCCESS,INFO,358,358,0,,2026-08-30T19:04:27.050Z,2026-08-30T21:04:59.710Z,7232,2026-08-30T21:04:59.710Z,B35A,Berea,ba679216-ee2b-4344-afb9-134290faf502,SAMMS-BereaV5
202608302104537553,202608301904171723,202608301904170791,85,1533,Bronze INV,br_AdmissionAssessmentSummary,TASK_COMPLETE,SUCCESS,INFO,634,634,0,,2026-08-30T19:04:27.050Z,2026-08-30T21:04:59.710Z,7232,2026-08-30T21:04:59.710Z,B36,Asheville,ba679216-ee2b-4344-afb9-134290faf502,SAMMS-AshevilleV5
202608302104537555,202608301904171724,202608301904170791,85,1534,Bronze INV,br_AdmissionAssessmentSummary,TASK_COMPLETE,SUCCESS,INFO,474,474,0,,2026-08-30T19:04:27.050Z,2026-08-30T21:04:59.710Z,7232,2026-08-30T21:04:59.710Z,B37,Clyde,ba679216-ee2b-4344-afb9-134290faf502,SAMMS-ClydeV5
202608302104537556,202608301904171725,202608301904170791,85,1535,Bronze INV,br_AdmissionAssessmentSummary,TASK_COMPLETE,SUCCESS,INFO,645,645,0,,2026-08-30T19:04:27.050Z,2026-08-30T21:04:59.710Z,7232,2026-08-30T21:04:59.710Z,B38,Spartanburg,ba679216-ee2b-4344-afb9-134290faf502,SAMMS-SpartanburgV5
202608302104537557,202608301904171726,202608301904170791,85,1536,Bronze INV,br_AdmissionAssessmentSummary,TASK_COMPLETE,SUCCESS,INFO,497,497,0,,2026-08-30T19:04:27.050Z,2026-08-30T21:04:59.710Z,7232,2026-08-30T21:04:59.710Z,B39,Aiken,ba679216-ee2b-4344-afb9-134290faf502,SAMMS-AikenV5
202608302104537558,202608301904171727,202608301904170791,85,1537,Bronze INV,br_AdmissionAssessmentSummary,TASK_COMPLETE,SUCCESS,INFO,329,329,0,,2026-08-30T19:04:27.050Z,2026-08-30T21:04:59.710Z,7232,2026-08-30T21:04:59.710Z,B41,Chesapeake,ba679216-ee2b-4344-afb9-134290faf502,SAMMS-ChesapeakeV5
202608302104537559,202608301904171728,202608301904170791,85,1538,Bronze INV,br_AdmissionAssessmentSummary,TASK_COMPLETE,SUCCESS,INFO,568,568,0,,2026-08-30T19:04:27.050Z,2026-08-30T21:04:59.710Z,7232,2026-08-30T21:04:59.710Z,B42,Virginia Beach,ba679216-ee2b-4344-afb9-134290faf502,SAMMS-VirginiaBeachV5
202608302104537560,202608301904171729,202608301904170791,85,1539,Bronze INV,br_AdmissionAssessmentSummary,TASK_COMPLETE,SUCCESS,INFO,175,175,0,,2026-08-30T19:04:27.050Z,2026-08-30T21:04:59.710Z,7232,2026-08-30T21:04:59.710Z,B42A,Newport News,ba679216-ee2b-4344-afb9-134290faf502,SAMMS-NewportNewsV5
202608302104537561,202608301904171730,202608301904170791,85,1540,Bronze INV,br_AdmissionAssessmentSummary,TASK_COMPLETE,SUCCESS,INFO,61,61,0,,2026-08-30T19:04:27.050Z,2026-08-30T21:04:59.710Z,7232,2026-08-30T21:04:59.710Z,B42B,Franklin,ba679216-ee2b-4344-afb9-134290faf502,SAMMS-FranklinV5
202608302104537562,202608301904171731,202608301904170791,85,1541,Bronze INV,br_AdmissionAssessmentSummary,TASK_COMPLETE,SUCCESS,INFO,352,352,0,,2026-08-30T19:04:27.050Z,2026-08-30T21:04:59.710Z,7232,2026-08-30T21:04:59.710Z,B42C,Glen Allen,ba679216-ee2b-4344-afb9-134290faf502,SAMMS-GlenAllenV5
202608302104537564,202608301904171732,202608301904170791,85,1542,Bronze INV,br_AdmissionAssessmentSummary,TASK_COMPLETE,SUCCESS,INFO,176,176,0,,2026-08-30T19:04:27.050Z,2026-08-30T21:04:59.710Z,7232,2026-08-30T21:04:59.710Z,B42D,Chesapeake South,ba679216-ee2b-4344-afb9-134290faf502,SAMMS-ChesapeakeSouthV5
202608302104537565,202608301904171733,202608301904170791,85,1543,Bronze INV,br_AdmissionAssessmentSummary,TASK_COMPLETE,SUCCESS,INFO,220,220,0,,2026-08-30T19:04:27.050Z,2026-08-30T21:04:59.710Z,7232,2026-08-30T21:04:59.710Z,B44,Albany,ba679216-ee2b-4344-afb9-134290faf502,SAMMS-AlbanyV5
202608302104537566,202608301904171734,202608301904170791,85,1544,Bronze INV,br_AdmissionAssessmentSummary,TASK_COMPLETE,SUCCESS,INFO,313,313,0,,2026-08-30T19:04:27.050Z,2026-08-30T21:04:59.710Z,7232,2026-08-30T21:04:59.710Z,B45,Tifton,ba679216-ee2b-4344-afb9-134290faf502,SAMMS-TiftonV5
202608302104537567,202608301904171735,202608301904170791,85,1545,Bronze INV,br_AdmissionAssessmentSummary,TASK_COMPLETE,SUCCESS,INFO,714,714,0,,2026-08-30T19:04:27.050Z,2026-08-30T21:04:59.710Z,7232,2026-08-30T21:04:59.710Z,B46,Washington DC,ba679216-ee2b-4344-afb9-134290faf502,SAMMS-WashingtonDCv5
202608302104537568,202608301904171736,202608301904170791,85,1546,Bronze INV,br_AdmissionAssessmentSummary,TASK_COMPLETE,SUCCESS,INFO,412,412,0,,2026-08-30T19:04:27.050Z,2026-08-30T21:04:59.710Z,7232,2026-08-30T21:04:59.710Z,B47,Mobile,ba679216-ee2b-4344-afb9-134290faf502,SAMMS-MobileV5
202608302104537569,202608301904171737,202608301904170791,85,1547,Bronze INV,br_AdmissionAssessmentSummary,TASK_COMPLETE,SUCCESS,INFO,481,481,0,,2026-08-30T19:04:27.050Z,2026-08-30T21:04:59.710Z,7232,2026-08-30T21:04:59.710Z,B48,Tuscaloosa,ba679216-ee2b-4344-afb9-134290faf502,SAMMS-TuscaloosaV5
202608302104537570,202608301904171738,202608301904170791,85,1556,Bronze INV,br_AdmissionAssessmentSummary,TASK_COMPLETE,SUCCESS,INFO,324,324,0,,2026-08-30T19:04:27.050Z,2026-08-30T21:04:59.710Z,7232,2026-08-30T21:04:59.710Z,B51,N. Little Rock (OTP),ba679216-ee2b-4344-afb9-134290faf502,SAMMS-NorthLittleRockV6
202608302104537572,202608301904171739,202608301904170791,85,1557,Bronze INV,br_AdmissionAssessmentSummary,TASK_COMPLETE,SUCCESS,INFO,166,166,0,,2026-08-30T19:04:27.050Z,2026-08-30T21:04:59.710Z,7232,2026-08-30T21:04:59.710Z,B52,Jackson GA,ba679216-ee2b-4344-afb9-134290faf502,SAMMS-JacksonGAV5
202608302104537573,202608301904171740,202608301904170791,85,1558,Bronze INV,br_AdmissionAssessmentSummary,TASK_COMPLETE,SUCCESS,INFO,515,515,0,,2026-08-30T19:04:27.050Z,2026-08-30T21:04:59.710Z,7232,2026-08-30T21:04:59.710Z,B54,Gadsden,ba679216-ee2b-4344-afb9-134290faf502,SAMMS-GadsdenV5
202608302104537574,202608301904171741,202608301904170791,85,1559,Bronze INV,br_AdmissionAssessmentSummary,TASK_COMPLETE,SUCCESS,INFO,523,523,0,,2026-08-30T19:04:27.050Z,2026-08-30T21:04:59.710Z,7232,2026-08-30T21:04:59.710Z,B55,Shoals,ba679216-ee2b-4344-afb9-134290faf502,SAMMS-ShoalsV5
202608302104537575,202608301904171742,202608301904170791,85,1560,Bronze INV,br_AdmissionAssessmentSummary,TASK_COMPLETE,SUCCESS,INFO,178,178,0,,2026-08-30T19:04:27.050Z,2026-08-30T21:04:59.710Z,7232,2026-08-30T21:04:59.710Z,B57,Pawtucket,ba679216-ee2b-4344-afb9-134290faf502,SAMMS-Pawtucket
202608302104537576,202608301904171743,202608301904170791,85,1561,Bronze INV,br_AdmissionAssessmentSummary,TASK_COMPLETE,SUCCESS,INFO,179,179,0,,2026-08-30T19:04:27.050Z,2026-08-30T21:04:59.710Z,7232,2026-08-30T21:04:59.710Z,B57A,Johnston,ba679216-ee2b-4344-afb9-134290faf502,SAMMS-Johnston
202608302104537577,202608301904171744,202608301904170791,85,1562,Bronze INV,br_AdmissionAssessmentSummary,TASK_COMPLETE,SUCCESS,INFO,100,100,0,,2026-08-30T19:04:27.050Z,2026-08-30T21:04:59.710Z,7232,2026-08-30T21:04:59.710Z,B57B,Middletown,ba679216-ee2b-4344-afb9-134290faf502,SAMMS-Middletown
202608302104537578,202608301904171745,202608301904170791,85,1563,Bronze INV,br_AdmissionAssessmentSummary,TASK_COMPLETE,SUCCESS,INFO,188,188,0,,2026-08-30T19:04:27.050Z,2026-08-30T21:04:59.710Z,7232,2026-08-30T21:04:59.710Z,B57C,Providence,ba679216-ee2b-4344-afb9-134290faf502,SAMMS-Providence
202608302104537579,202608301904171746,202608301904170791,85,1564,Bronze INV,br_AdmissionAssessmentSummary,TASK_COMPLETE,SUCCESS,INFO,269,269,0,,2026-08-30T19:04:27.050Z,2026-08-30T21:04:59.710Z,7232,2026-08-30T21:04:59.710Z,B57D,Westerly,ba679216-ee2b-4344-afb9-134290faf502,SAMMS-Westerly
202608302104537581,202608301904171747,202608301904170791,85,1568,Bronze INV,br_AdmissionAssessmentSummary,TASK_COMPLETE,SUCCESS,INFO,373,373,0,,2026-08-30T19:04:27.050Z,2026-08-30T21:04:59.710Z,7232,2026-08-30T21:04:59.710Z,B66A,Bremen,ba679216-ee2b-4344-afb9-134290faf502,SAMMS-Bremen
202608302104537582,202608301904171748,202608301904170791,85,1571,Bronze INV,br_AdmissionAssessmentSummary,TASK_COMPLETE,SUCCESS,INFO,52,52,0,,2026-08-30T19:04:27.050Z,2026-08-30T21:04:59.710Z,7232,2026-08-30T21:04:59.710Z,B72,Mobile (OBOT),ba679216-ee2b-4344-afb9-134290faf502,SAMMS-Mobile-OBOT
202608302104537583,202608301904171749,202608301904170791,85,1572,Bronze INV,br_AdmissionAssessmentSummary,TASK_COMPLETE,SUCCESS,INFO,4,4,0,,2026-08-30T19:04:27.050Z,2026-08-30T21:04:59.710Z,7232,2026-08-30T21:04:59.710Z,B73,Montgomery,ba679216-ee2b-4344-afb9-134290faf502,SAMMS-Montgomery
202608302104537584,202608301904171750,202608301904170791,85,1573,Bronze INV,br_AdmissionAssessmentSummary,TASK_COMPLETE,SUCCESS,INFO,341,341,0,,2026-08-30T19:04:27.050Z,2026-08-30T21:04:59.710Z,7232,2026-08-30T21:04:59.710Z,B75,Lawrence,ba679216-ee2b-4344-afb9-134290faf502,SAMMS-LawrenceV6
202608302104537585,202608301904171751,202608301904170791,85,1574,Bronze INV,br_AdmissionAssessmentSummary,TASK_COMPLETE,SUCCESS,INFO,54,54,0,,2026-08-30T19:04:27.050Z,2026-08-30T21:04:59.710Z,7232,2026-08-30T21:04:59.710Z,B76,Huntsville OBOT,ba679216-ee2b-4344-afb9-134290faf502,SAMMS-Huntsville-OBOT
202608302104537587,202608301904171752,202608301904170791,85,1575,Bronze INV,br_AdmissionAssessmentSummary,TASK_COMPLETE,SUCCESS,INFO,308,308,0,,2026-08-30T19:04:27.050Z,2026-08-30T21:04:59.710Z,7232,2026-08-30T21:04:59.710Z,BAT,Batesville,ba679216-ee2b-4344-afb9-134290faf502,SAMMS-Batesville
202608302104537590,202608301904171753,202608301904170791,85,1576,Bronze INV,br_AdmissionAssessmentSummary,TASK_COMPLETE,SUCCESS,INFO,246,246,0,,2026-08-30T19:04:27.050Z,2026-08-30T21:04:59.710Z,7232,2026-08-30T21:04:59.710Z,BG,Bowling Green,ba679216-ee2b-4344-afb9-134290faf502,SAMMS-BowlingGreen
202608302104537591,202608301904171754,202608301904170791,85,1577,Bronze INV,br_AdmissionAssessmentSummary,TASK_COMPLETE,SUCCESS,INFO,235,235,0,,2026-08-30T19:04:27.050Z,2026-08-30T21:04:59.710Z,7232,2026-08-30T21:04:59.710Z,BOI,Boise,ba679216-ee2b-4344-afb9-134290faf502,SAMMS-Boise
202608302104537592,202608301904171755,202608301904170791,85,1584,Bronze INV,br_AdmissionAssessmentSummary,TASK_COMPLETE,SUCCESS,INFO,308,308,0,,2026-08-30T19:04:27.050Z,2026-08-30T21:04:59.710Z,7232,2026-08-30T21:04:59.710Z,CBCO,Coeur dAlene,ba679216-ee2b-4344-afb9-134290faf502,SAMMS-CoeurdAleneV6
202608302104537594,202608301904171756,202608301904170791,85,1603,Bronze INV,br_AdmissionAssessmentSummary,TASK_COMPLETE,SUCCESS,INFO,348,348,0,,2026-08-30T19:04:27.050Z,2026-08-30T21:04:59.710Z,7232,2026-08-30T21:04:59.710Z,CON,Conway,ba679216-ee2b-4344-afb9-134290faf502,SAMMS-Conway
202608302104537595,202608301904171757,202608301904170791,85,1604,Bronze INV,br_AdmissionAssessmentSummary,TASK_COMPLETE,SUCCESS,INFO,1642,1642,0,,2026-08-30T19:04:27.050Z,2026-08-30T21:04:59.710Z,7232,2026-08-30T21:04:59.710Z,D07,Medical Services Knox TN,ba679216-ee2b-4344-afb9-134290faf502,SAMMS-KnoxvilleV6
202608302104537596,202608301904171758,202608301904170791,85,1605,Bronze INV,br_AdmissionAssessmentSummary,TASK_COMPLETE,SUCCESS,INFO,1041,1041,0,,2026-08-30T19:04:27.050Z,2026-08-30T21:04:59.710Z,7232,2026-08-30T21:04:59.710Z,D08,Madison,ba679216-ee2b-4344-afb9-134290faf502,SAMMS-MadisonV6
202608302104537597,202608301904171759,202608301904170791,85,1607,Bronze INV,br_AdmissionAssessmentSummary,TASK_COMPLETE,SUCCESS,INFO,988,988,0,,2026-08-30T19:04:27.050Z,2026-08-30T21:04:59.710Z,7232,2026-08-30T21:04:59.710Z,D09,Murfreesboro,ba679216-ee2b-4344-afb9-134290faf502,SAMMS-MurfreesboroV6
202608302104537598,202608301904171760,202608301904170791,85,1608,Bronze INV,br_AdmissionAssessmentSummary,TASK_COMPLETE,SUCCESS,INFO,231,231,0,,2026-08-30T19:04:27.050Z,2026-08-30T21:04:59.710Z,7232,2026-08-30T21:04:59.710Z,DA,Davenport,ba679216-ee2b-4344-afb9-134290faf502,SAMMS-Davenport
202608302104537600,202608301904171761,202608301904170791,85,1609,Bronze INV,br_AdmissionAssessmentSummary,TASK_COMPLETE,SUCCESS,INFO,366,366,0,,2026-08-30T19:04:27.050Z,2026-08-30T21:04:59.710Z,7232,2026-08-30T21:04:59.710Z,DM,Des Moines,ba679216-ee2b-4344-afb9-134290faf502,SAMMS-DesMoines
202608302104537601,202608301904171762,202608301904170791,85,1611,Bronze INV,br_AdmissionAssessmentSummary,TASK_COMPLETE,SUCCESS,INFO,500,500,0,,2026-08-30T19:04:27.050Z,2026-08-30T21:04:59.710Z,7232,2026-08-30T21:04:59.710Z,DRD-CO,Columbia MO,ba679216-ee2b-4344-afb9-134290faf502,SAMMS-ColumbiaV5
202608302104537602,202608301904171763,202608301904170791,85,1612,Bronze INV,br_AdmissionAssessmentSummary,TASK_COMPLETE,SUCCESS,INFO,620,620,0,,2026-08-30T19:04:27.050Z,2026-08-30T21:04:59.710Z,7232,2026-08-30T21:04:59.710Z,DRD-KC,KC,ba679216-ee2b-4344-afb9-134290faf502,SAMMS-KCv5
202608302104537603,202608301904171764,202608301904170791,85,1613,Bronze INV,br_AdmissionAssessmentSummary,TASK_COMPLETE,SUCCESS,INFO,989,989,0,,2026-08-30T19:04:27.050Z,2026-08-30T21:04:59.710Z,7232,2026-08-30T21:04:59.710Z,DRD-KVB,KVB,ba679216-ee2b-4344-afb9-134290faf502,SAMMS-KVBv5
202608302104537604,202608301904171765,202608301904170791,85,1614,Bronze INV,br_AdmissionAssessmentSummary,TASK_COMPLETE,SUCCESS,INFO,1611,1611,0,,2026-08-30T19:04:27.050Z,2026-08-30T21:04:59.710Z,7232,2026-08-30T21:04:59.710Z,DRD-KVC,KVC,ba679216-ee2b-4344-afb9-134290faf502,SAMMS-KVCv5
202608302104537605,202608301904171766,202608301904170791,85,1615,Bronze INV,br_AdmissionAssessmentSummary,TASK_COMPLETE,SUCCESS,INFO,1275,1275,0,,2026-08-30T19:04:27.050Z,2026-08-30T21:04:59.710Z,7232,2026-08-30T21:04:59.710Z,DRD-NOLA,NOLA,ba679216-ee2b-4344-afb9-134290faf502,SAMMS-NOLAv5
202608302104537606,202608301904171767,202608301904170791,85,1616,Bronze INV,br_AdmissionAssessmentSummary,TASK_COMPLETE,SUCCESS,INFO,780,780,0,,2026-08-30T19:04:27.050Z,2026-08-30T21:04:59.710Z,7232,2026-08-30T21:04:59.710Z,DRD-SF,Springfield,ba679216-ee2b-4344-afb9-134290faf502,SAMMS-SFv5
202608302104537608,202608301904171768,202608301904170791,85,1618,Bronze INV,br_AdmissionAssessmentSummary,TASK_COMPLETE,SUCCESS,INFO,284,284,0,,2026-08-30T19:04:27.050Z,2026-08-30T21:04:59.710Z,7232,2026-08-30T21:04:59.710Z,ELC,Elizabeth City,ba679216-ee2b-4344-afb9-134290faf502,SAMMS-ElizabethCity
202608302104537609,202608301904171769,202608301904170791,85,1619,Bronze INV,br_AdmissionAssessmentSummary,TASK_COMPLETE,SUCCESS,INFO,285,285,0,,2026-08-30T19:04:27.050Z,2026-08-30T21:04:59.710Z,7232,2026-08-30T21:04:59.710Z,ET,Elizabethtown,ba679216-ee2b-4344-afb9-134290faf502,SAMMS-Elizabethtown
202608302104537610,202608301904171770,202608301904170791,85,1620,Bronze INV,br_AdmissionAssessmentSummary,TASK_COMPLETE,SUCCESS,INFO,240,240,0,,2026-08-30T19:04:27.050Z,2026-08-30T21:04:59.710Z,7232,2026-08-30T21:04:59.710Z,FAY,Fayetteville,ba679216-ee2b-4344-afb9-134290faf502,SAMMS-Fayetteville
202608302104537611,202608301904171771,202608301904170791,85,1621,Bronze INV,br_AdmissionAssessmentSummary,TASK_COMPLETE,SUCCESS,INFO,185,185,0,,2026-08-30T19:04:27.050Z,2026-08-30T21:04:59.710Z,7232,2026-08-30T21:04:59.710Z,FR,Frankfort,ba679216-ee2b-4344-afb9-134290faf502,SAMMS-Frankfort
202608302104537612,202608301904171772,202608301904170791,85,1622,Bronze INV,br_AdmissionAssessmentSummary,TASK_COMPLETE,SUCCESS,INFO,297,297,0,,2026-08-30T19:04:27.050Z,2026-08-30T21:04:59.710Z,7232,2026-08-30T21:04:59.710Z,FS,Fort Smith,ba679216-ee2b-4344-afb9-134290faf502,SAMMS-FortSmith
202608302104537613,202608301904171773,202608301904170791,85,1623,Bronze INV,br_AdmissionAssessmentSummary,TASK_COMPLETE,SUCCESS,INFO,688,688,0,,2026-08-30T19:04:27.050Z,2026-08-30T21:04:59.710Z,7232,2026-08-30T21:04:59.710Z,FW,Fort Wayne,ba679216-ee2b-4344-afb9-134290faf502,SAMMS-FortWayne
202608302104537614,202608301904171774,202608301904170791,85,1624,Bronze INV,br_AdmissionAssessmentSummary,TASK_COMPLETE,SUCCESS,INFO,128,128,0,,2026-08-30T19:04:27.050Z,2026-08-30T21:04:59.710Z,7232,2026-08-30T21:04:59.710Z,GAL,Gaylord,ba679216-ee2b-4344-afb9-134290faf502,SAMMS-Gaylord
202608302104537615,202608301904171775,202608301904170791,85,1628,Bronze INV,br_AdmissionAssessmentSummary,TASK_COMPLETE,SUCCESS,INFO,639,639,0,,2026-08-30T19:04:27.050Z,2026-08-30T21:04:59.710Z,7232,2026-08-30T21:04:59.710Z,HGT,Hagerstown,ba679216-ee2b-4344-afb9-134290faf502,SAMMS-Hagerstown
202608302104537617,202608301904171776,202608301904170791,85,1629,Bronze INV,br_AdmissionAssessmentSummary,TASK_COMPLETE,SUCCESS,INFO,492,492,0,,2026-08-30T19:04:27.050Z,2026-08-30T21:04:59.710Z,7232,2026-08-30T21:04:59.710Z,HNT,Huntsville,ba679216-ee2b-4344-afb9-134290faf502,SAMMS-Huntsville
202608302104537618,202608301904171777,202608301904170791,85,1630,Bronze INV,br_AdmissionAssessmentSummary,TASK_COMPLETE,SUCCESS,INFO,360,360,0,,2026-08-30T19:04:27.050Z,2026-08-30T21:04:59.710Z,7232,2026-08-30T21:04:59.710Z,HS,Hot Springs,ba679216-ee2b-4344-afb9-134290faf502,SAMMS-HotSprings
202608302104537619,202608301904171778,202608301904170791,85,1631,Bronze INV,br_AdmissionAssessmentSummary,TASK_COMPLETE,SUCCESS,INFO,268,268,0,,2026-08-30T19:04:27.050Z,2026-08-30T21:04:59.710Z,7232,2026-08-30T21:04:59.710Z,JON,Jonesboro,ba679216-ee2b-4344-afb9-134290faf502,SAMMS-Jonesboro
202608302104537620,202608301904171779,202608301904170791,85,1633,Bronze INV,br_AdmissionAssessmentSummary,TASK_COMPLETE,SUCCESS,INFO,197,197,0,,2026-08-30T19:04:27.050Z,2026-08-30T21:04:59.710Z,7232,2026-08-30T21:04:59.710Z,LAN,Lansing,ba679216-ee2b-4344-afb9-134290faf502,SAMMS-Lansing
202608302104537621,202608301904171780,202608301904170791,85,1634,Bronze INV,br_AdmissionAssessmentSummary,TASK_COMPLETE,SUCCESS,INFO,450,450,0,,2026-08-30T19:04:27.050Z,2026-08-30T21:04:59.710Z,7232,2026-08-30T21:04:59.710Z,LO,Louisville,ba679216-ee2b-4344-afb9-134290faf502,SAMMS-Louisville
202608302104537622,202608301904171781,202608301904170791,85,1635,Bronze INV,br_AdmissionAssessmentSummary,TASK_COMPLETE,SUCCESS,INFO,1223,1223,0,,2026-08-30T19:04:27.050Z,2026-08-30T21:04:59.710Z,7232,2026-08-30T21:04:59.710Z,LV1,Cheyenne,ba679216-ee2b-4344-afb9-134290faf502,SAMMS-Cheyenne
202608302104537623,202608301904171782,202608301904170791,85,1636,Bronze INV,br_AdmissionAssessmentSummary,TASK_COMPLETE,SUCCESS,INFO,967,967,0,,2026-08-30T19:04:27.050Z,2026-08-30T21:04:59.710Z,7232,2026-08-30T21:04:59.710Z,LV2,Desert Inn,ba679216-ee2b-4344-afb9-134290faf502,SAMMS-DesertInn
202608302104537625,202608301904171783,202608301904170791,85,1637,Bronze INV,br_AdmissionAssessmentSummary,TASK_COMPLETE,SUCCESS,INFO,322,322,0,,2026-08-30T19:04:27.050Z,2026-08-30T21:04:59.710Z,7232,2026-08-30T21:04:59.710Z,LV3,McDaniel,ba679216-ee2b-4344-afb9-134290faf502,SAMMS-McDaniel
202608302104537626,202608301904171784,202608301904170791,85,1640,Bronze INV,br_AdmissionAssessmentSummary,TASK_COMPLETE,SUCCESS,INFO,279,279,0,,2026-08-30T19:04:27.050Z,2026-08-30T21:04:59.710Z,7232,2026-08-30T21:04:59.710Z,MNRE,Monroe,ba679216-ee2b-4344-afb9-134290faf502,SAMMS-Monroe
202608302104537627,202608301904171785,202608301904170791,85,1641,Bronze INV,br_AdmissionAssessmentSummary,TASK_COMPLETE,SUCCESS,INFO,196,196,0,,2026-08-30T19:04:27.050Z,2026-08-30T21:04:59.710Z,7232,2026-08-30T21:04:59.710Z,MP,Mt. Pleasant,ba679216-ee2b-4344-afb9-134290faf502,SAMMS-MtPleasant
202608302104537628,202608301904171786,202608301904170791,85,1642,Bronze INV,br_AdmissionAssessmentSummary,TASK_COMPLETE,SUCCESS,INFO,176,176,0,,2026-08-30T19:04:27.050Z,2026-08-30T21:04:59.710Z,7232,2026-08-30T21:04:59.710Z,MRD,Meridian,ba679216-ee2b-4344-afb9-134290faf502,SAMMS-Meridian
202608302104537629,202608301904171787,202608301904170791,85,1647,Bronze INV,br_AdmissionAssessmentSummary,TASK_COMPLETE,SUCCESS,INFO,644,644,0,,2026-08-30T19:04:27.050Z,2026-08-30T21:04:59.710Z,7232,2026-08-30T21:04:59.710Z,NC,North Charleston,ba679216-ee2b-4344-afb9-134290faf502,SAMMS-NorthCharleston
202608302104537630,202608301904171788,202608301904170791,85,1648,Bronze INV,br_AdmissionAssessmentSummary,TASK_COMPLETE,SUCCESS,INFO,579,579,0,,2026-08-30T19:04:27.050Z,2026-08-30T21:04:59.710Z,7232,2026-08-30T21:04:59.710Z,NLR,N. Little Rock,ba679216-ee2b-4344-afb9-134290faf502,SAMMS-NLROBOT
202608302104537631,202608301904171789,202608301904170791,85,1649,Bronze INV,br_AdmissionAssessmentSummary,TASK_COMPLETE,SUCCESS,INFO,247,247,0,,2026-08-30T19:04:27.050Z,2026-08-30T21:04:59.710Z,7232,2026-08-30T21:04:59.710Z,PH,Phoenix,ba679216-ee2b-4344-afb9-134290faf502,SAMMS-Phoenix
202608302104537632,202608301904171790,202608301904170791,85,1653,Bronze INV,br_AdmissionAssessmentSummary,TASK_COMPLETE,SUCCESS,INFO,424,424,0,,2026-08-30T19:04:27.050Z,2026-08-30T21:04:59.710Z,7232,2026-08-30T21:04:59.710Z,RE,Reno,ba679216-ee2b-4344-afb9-134290faf502,SAMMS-Reno
202608302104537634,202608301904171791,202608301904170791,85,1654,Bronze INV,br_AdmissionAssessmentSummary,TASK_COMPLETE,SUCCESS,INFO,407,407,0,,2026-08-30T19:04:27.050Z,2026-08-30T21:04:59.710Z,7232,2026-08-30T21:04:59.710Z,RMD,Richmond,ba679216-ee2b-4344-afb9-134290faf502,SAMMS-Richmond
202608302104537635,202608301904171792,202608301904170791,85,1655,Bronze INV,br_AdmissionAssessmentSummary,TASK_COMPLETE,SUCCESS,INFO,505,505,0,,2026-08-30T19:04:27.050Z,2026-08-30T21:04:59.710Z,7232,2026-08-30T21:04:59.710Z,SFN,Springfield North,ba679216-ee2b-4344-afb9-134290faf502,SAMMS-SFNv5
202608302104537636,202608301904171793,202608301904170791,85,1656,Bronze INV,br_AdmissionAssessmentSummary,TASK_COMPLETE,SUCCESS,INFO,465,465,0,,2026-08-30T19:04:27.050Z,2026-08-30T21:04:59.710Z,7232,2026-08-30T21:04:59.710Z,SHP,Shreveport,ba679216-ee2b-4344-afb9-134290faf502,SAMMS-Shreveport
202608302104537637,202608301904171794,202608301904170791,85,1658,Bronze INV,br_AdmissionAssessmentSummary,TASK_COMPLETE,SUCCESS,INFO,88,88,0,,2026-08-30T19:04:27.050Z,2026-08-30T21:04:59.710Z,7232,2026-08-30T21:04:59.710Z,STN,Staunton,ba679216-ee2b-4344-afb9-134290faf502,SAMMS-Staunton
202608302104537638,202608301904171795,202608301904170791,85,1659,Bronze INV,br_AdmissionAssessmentSummary,TASK_COMPLETE,SUCCESS,INFO,57,57,0,,2026-08-30T19:04:27.050Z,2026-08-30T21:04:59.710Z,7232,2026-08-30T21:04:59.710Z,STVN,Stevenson,ba679216-ee2b-4344-afb9-134290faf502,SAMMS-Stevenson
202608302104537639,202608301904171796,202608301904170791,85,1661,Bronze INV,br_AdmissionAssessmentSummary,TASK_COMPLETE,SUCCESS,INFO,77,77,0,,2026-08-30T19:04:27.050Z,2026-08-30T21:04:59.710Z,7232,2026-08-30T21:04:59.710Z,TE,Tempe,ba679216-ee2b-4344-afb9-134290faf502,SAMMS-Tempe
202608302104537640,202608301904171797,202608301904170791,85,1662,Bronze INV,br_AdmissionAssessmentSummary,TASK_COMPLETE,SUCCESS,INFO,393,393,0,,2026-08-30T19:04:27.050Z,2026-08-30T21:04:59.710Z,7232,2026-08-30T21:04:59.710Z,TEX,Texarkana,ba679216-ee2b-4344-afb9-134290faf502,SAMMS-Texarkana
202608302104537642,202608301904171798,202608301904170791,85,1663,Bronze INV,br_AdmissionAssessmentSummary,TASK_COMPLETE,SUCCESS,INFO,470,470,0,,2026-08-30T19:04:27.050Z,2026-08-30T21:04:59.710Z,7232,2026-08-30T21:04:59.710Z,TTCA,Bessemer,ba679216-ee2b-4344-afb9-134290faf502,SAMMS-BessemerV5
202608302104537643,202608301904171799,202608301904170791,85,1664,Bronze INV,br_AdmissionAssessmentSummary,TASK_COMPLETE,SUCCESS,INFO,555,555,0,,2026-08-30T19:04:27.050Z,2026-08-30T21:04:59.710Z,7232,2026-08-30T21:04:59.710Z,TTCB,Cullman,ba679216-ee2b-4344-afb9-134290faf502,SAMMS-CullmanV5
202608302104537644,202608301904171800,202608301904170791,85,1665,Bronze INV,br_AdmissionAssessmentSummary,TASK_COMPLETE,SUCCESS,INFO,394,394,0,,2026-08-30T19:04:27.050Z,2026-08-30T21:04:59.710Z,7232,2026-08-30T21:04:59.710Z,TTCC,Grand Bay,ba679216-ee2b-4344-afb9-134290faf502,SAMMS-GrandBay
202608302104537645,202608301904171801,202608301904170791,85,1666,Bronze INV,br_AdmissionAssessmentSummary,TASK_COMPLETE,SUCCESS,INFO,25,25,0,,2026-08-30T19:04:27.050Z,2026-08-30T21:04:59.710Z,7232,2026-08-30T21:04:59.710Z,TU,Tucson,ba679216-ee2b-4344-afb9-134290faf502,SAMMS-Tucson
202608302104537646,202608301904171802,202608301904170791,85,1668,Bronze INV,br_AdmissionAssessmentSummary,TASK_COMPLETE,SUCCESS,INFO,266,266,0,,2026-08-30T19:04:27.050Z,2026-08-30T21:04:59.710Z,7232,2026-08-30T21:04:59.710Z,V1,Memphis South,ba679216-ee2b-4344-afb9-134290faf502,SAMMS-VCPHCS-I-MemphisV5
202608302104537647,202608301904171803,202608301904170791,85,1669,Bronze INV,br_AdmissionAssessmentSummary,TASK_COMPLETE,SUCCESS,INFO,710,710,0,,2026-08-30T19:04:27.050Z,2026-08-30T21:04:59.710Z,7232,2026-08-30T21:04:59.710Z,V10,Longmont,ba679216-ee2b-4344-afb9-134290faf502,SAMMS-BoulderV5
202608302104537648,202608301904171804,202608301904170791,85,1670,Bronze INV,br_AdmissionAssessmentSummary,TASK_COMPLETE,SUCCESS,INFO,1214,1214,0,,2026-08-30T19:04:27.050Z,2026-08-30T21:04:59.710Z,7232,2026-08-30T21:04:59.710Z,V10A,Fort Collins,ba679216-ee2b-4344-afb9-134290faf502,SAMMS-FortCollinsV5
202608302104537649,202608301904171805,202608301904170791,85,1671,Bronze INV,br_AdmissionAssessmentSummary,TASK_COMPLETE,SUCCESS,INFO,1058,1058,0,,2026-08-30T19:04:27.050Z,2026-08-30T21:04:59.710Z,7232,2026-08-30T21:04:59.710Z,V11,Westminster,ba679216-ee2b-4344-afb9-134290faf502,SAMMS-VCPHCS-XI-NorthDenverV5
202608302104537651,202608301904171806,202608301904170791,85,1672,Bronze INV,br_AdmissionAssessmentSummary,TASK_COMPLETE,SUCCESS,INFO,1118,1118,0,,2026-08-30T19:04:27.050Z,2026-08-30T21:04:59.710Z,7232,2026-08-30T21:04:59.710Z,V12,Downtown Denver,ba679216-ee2b-4344-afb9-134290faf502,SAMMS-VCPHCS-XII-DowntownDenverV5
202608302104537652,202608301904171807,202608301904170791,85,1673,Bronze INV,br_AdmissionAssessmentSummary,TASK_COMPLETE,SUCCESS,INFO,509,509,0,,2026-08-30T19:04:27.050Z,2026-08-30T21:04:59.710Z,7232,2026-08-30T21:04:59.710Z,V12A,Centennial,ba679216-ee2b-4344-afb9-134290faf502,SAMMS-CentennialV5
202608302104537653,202608301904171808,202608301904170791,85,1674,Bronze INV,br_AdmissionAssessmentSummary,TASK_COMPLETE,SUCCESS,INFO,315,315,0,,2026-08-30T19:04:27.050Z,2026-08-30T21:04:59.710Z,7232,2026-08-30T21:04:59.710Z,V14,Overland Park,ba679216-ee2b-4344-afb9-134290faf502,SAMMS-VCPHCS-XIV-BridgewayV5
202608302104537654,202608301904171809,202608301904170791,85,1675,Bronze INV,br_AdmissionAssessmentSummary,TASK_COMPLETE,SUCCESS,INFO,575,575,0,,2026-08-30T19:04:27.050Z,2026-08-30T21:04:59.710Z,7232,2026-08-30T21:04:59.710Z,V15,Joplin,ba679216-ee2b-4344-afb9-134290faf502,SAMMS-JoplinV5
202608302104537656,202608301904171810,202608301904170791,85,1677,Bronze INV,br_AdmissionAssessmentSummary,TASK_COMPLETE,SUCCESS,INFO,491,491,0,,2026-08-30T19:04:27.050Z,2026-08-30T21:04:59.710Z,7232,2026-08-30T21:04:59.710Z,V17,Columbia TN,ba679216-ee2b-4344-afb9-134290faf502,SAMMS-ColumbiaTNv5
202608302104537657,202608301904171811,202608301904170791,85,1679,Bronze INV,br_AdmissionAssessmentSummary,TASK_COMPLETE,SUCCESS,INFO,441,441,0,,2026-08-30T19:04:27.050Z,2026-08-30T21:04:59.710Z,7232,2026-08-30T21:04:59.710Z,V19,Jackson,ba679216-ee2b-4344-afb9-134290faf502,SAMMS-JacksonV5
202608302104537658,202608301904171812,202608301904170791,85,1681,Bronze INV,br_AdmissionAssessmentSummary,TASK_COMPLETE,SUCCESS,INFO,525,525,0,,2026-08-30T19:04:27.050Z,2026-08-30T21:04:59.710Z,7232,2026-08-30T21:04:59.710Z,V20,Paris,ba679216-ee2b-4344-afb9-134290faf502,SAMMS-ParisV5
202608302104537659,202608301904171813,202608301904170791,85,1682,Bronze INV,br_AdmissionAssessmentSummary,TASK_COMPLETE,SUCCESS,INFO,369,369,0,,2026-08-30T19:04:27.050Z,2026-08-30T21:04:59.710Z,7232,2026-08-30T21:04:59.710Z,V21,Memphis North,ba679216-ee2b-4344-afb9-134290faf502,SAMMS-RaleighV5
202608302104537660,202608301904171814,202608301904170791,85,1685,Bronze INV,br_AdmissionAssessmentSummary,TASK_COMPLETE,SUCCESS,INFO,730,730,0,,2026-08-30T19:04:27.050Z,2026-08-30T21:04:59.710Z,7232,2026-08-30T21:04:59.710Z,V5,West Bank,ba679216-ee2b-4344-afb9-134290faf502,SAMMS-NONTCv5
202608302104537661,202608301904171815,202608301904170791,85,1687,Bronze INV,br_AdmissionAssessmentSummary,TASK_COMPLETE,SUCCESS,INFO,262,262,0,,2026-08-30T19:04:27.050Z,2026-08-30T21:04:59.710Z,7232,2026-08-30T21:04:59.710Z,V5B,Houma,ba679216-ee2b-4344-afb9-134290faf502,SAMMS-HoumaV6
202608302104537662,202608301904171816,202608301904170791,85,1688,Bronze INV,br_AdmissionAssessmentSummary,TASK_COMPLETE,SUCCESS,INFO,983,983,0,,2026-08-30T19:04:27.050Z,2026-08-30T21:04:59.710Z,7232,2026-08-30T21:04:59.710Z,V6,Lake Charles,ba679216-ee2b-4344-afb9-134290faf502,SAMMS-LCv5
202608302104537663,202608301904171817,202608301904170791,85,1690,Bronze INV,br_AdmissionAssessmentSummary,TASK_COMPLETE,SUCCESS,INFO,583,583,0,,2026-08-30T19:04:27.050Z,2026-08-30T21:04:59.710Z,7232,2026-08-30T21:04:59.710Z,V8,Memphis Midtown,ba679216-ee2b-4344-afb9-134290faf502,SAMMS-VCPHCS-VIII-MemphisV5
202608302104536741,202608301904171020,202608301904170791,85,2064,Bronze INV,br_Bottle,TASK_COMPLETE,SUCCESS,INFO,14990,14990,0,,2026-08-30T19:04:27.050Z,2026-08-30T21:04:59.710Z,7232,2026-08-30T21:04:59.710Z,VWBY,Woodbury,ba679216-ee2b-4344-afb9-134290faf502,SAMMS-WoodburyV6
202608302104536742,202608301904171021,202608301904170791,85,2066,Bronze INV,br_Bottle,TASK_COMPLETE,SUCCESS,INFO,6940,6940,0,,2026-08-30T19:04:27.050Z,2026-08-30T21:04:59.710Z,7232,2026-08-30T21:04:59.710Z,WIL,Wilson,ba679216-ee2b-4344-afb9-134290faf502,SAMMS-Wilson
202608302104536743,202608301904171022,202608301904170791,85,2622,Bronze INV,br_LiquidLog,TASK_COMPLETE,SUCCESS,INFO,31942,31942,0,,2026-08-30T19:04:27.050Z,2026-08-30T21:04:59.710Z,7232,2026-08-30T21:04:59.710Z,AHK,Ahoskie,ba679216-ee2b-4344-afb9-134290faf502,SAMMS-Ahoskie
202608302104536744,202608301904171023,202608301904170791,85,2623,Bronze INV,br_LiquidLog,TASK_COMPLETE,SUCCESS,INFO,62823,62823,0,,2026-08-30T19:04:27.050Z,2026-08-30T21:04:59.710Z,7232,2026-08-30T21:04:59.710Z,B12B,Colorado Springs,ba679216-ee2b-4344-afb9-134290faf502,SAMMS-ColoradoSpringsV5
202608302104536745,202608301904171024,202608301904170791,85,2624,Bronze INV,br_LiquidLog,TASK_COMPLETE,SUCCESS,INFO,268168,268168,0,,2026-08-30T19:04:27.050Z,2026-08-30T21:04:59.710Z,7232,2026-08-30T21:04:59.710Z,B24,Paintsville,ba679216-ee2b-4344-afb9-134290faf502,SAMMS-PaintsvilleV5
202608302104536747,202608301904171025,202608301904170791,85,2625,Bronze INV,br_LiquidLog,TASK_COMPLETE,SUCCESS,INFO,198955,198955,0,,2026-08-30T19:04:27.050Z,2026-08-30T21:04:59.710Z,7232,2026-08-30T21:04:59.710Z,B25,Pikeville,ba679216-ee2b-4344-afb9-134290faf502,SAMMS-PikevilleV5
202608302104536748,202608301904171026,202608301904170791,85,2626,Bronze INV,br_LiquidLog,TASK_COMPLETE,SUCCESS,INFO,478012,478012,0,,2026-08-30T19:04:27.050Z,2026-08-30T21:04:59.710Z,7232,2026-08-30T21:04:59.710Z,B26,Hazard,ba679216-ee2b-4344-afb9-134290faf502,SAMMS-HazardV5
202608302104536749,202608301904171027,202608301904170791,85,2627,Bronze INV,br_LiquidLog,TASK_COMPLETE,SUCCESS,INFO,50851,50851,0,,2026-08-30T19:04:27.050Z,2026-08-30T21:04:59.710Z,7232,2026-08-30T21:04:59.710Z,B27,Savannah,ba679216-ee2b-4344-afb9-134290faf502,SAMMS-SavannahV6
202608302104536750,202608301904171028,202608301904170791,85,2628,Bronze INV,br_LiquidLog,TASK_COMPLETE,SUCCESS,INFO,134811,134811,0,,2026-08-30T19:04:27.050Z,2026-08-30T21:04:59.710Z,7232,2026-08-30T21:04:59.710Z,B28,West Plains,ba679216-ee2b-4344-afb9-134290faf502,SAMMS-WestPlainesV5
202608302104536751,202608301904171029,202608301904170791,85,2629,Bronze INV,br_LiquidLog,TASK_COMPLETE,SUCCESS,INFO,92718,92718,0,,2026-08-30T19:04:27.050Z,2026-08-30T21:04:59.710Z,7232,2026-08-30T21:04:59.710Z,B29,Poplar Bluff,ba679216-ee2b-4344-afb9-134290faf502,SAMMS-PoplarBluffV5
202608302104536752,202608301904171030,202608301904170791,85,2630,Bronze INV,br_LiquidLog,TASK_COMPLETE,SUCCESS,INFO,50449,50449,0,,2026-08-30T19:04:27.050Z,2026-08-30T21:04:59.710Z,7232,2026-08-30T21:04:59.710Z,B30,KC North,ba679216-ee2b-4344-afb9-134290faf502,SAMMS-KCNv5
202608302104536753,202608301904171031,202608301904170791,85,2631,Bronze INV,br_LiquidLog,TASK_COMPLETE,SUCCESS,INFO,237665,237665,0,,2026-08-30T19:04:27.050Z,2026-08-30T21:04:59.710Z,7232,2026-08-30T21:04:59.710Z,B31,Dyersburg,ba679216-ee2b-4344-afb9-134290faf502,SAMMS-DyersburgV5
202608302104536755,202608301904171032,202608301904170791,85,2633,Bronze INV,br_LiquidLog,TASK_COMPLETE,SUCCESS,INFO,175088,175088,0,,2026-08-30T19:04:27.050Z,2026-08-30T21:04:59.710Z,7232,2026-08-30T21:04:59.710Z,B33,Paducah,ba679216-ee2b-4344-afb9-134290faf502,SAMMS-Paducah
202608302104536758,202608301904171033,202608301904170791,85,2634,Bronze INV,br_LiquidLog,TASK_COMPLETE,SUCCESS,INFO,281215,281215,0,,2026-08-30T19:04:27.050Z,2026-08-30T21:04:59.710Z,7232,2026-08-30T21:04:59.710Z,B34,Corbin,ba679216-ee2b-4344-afb9-134290faf502,SAMMS-CorbinV5
202608302104536760,202608301904171034,202608301904170791,85,2635,Bronze INV,br_LiquidLog,TASK_COMPLETE,SUCCESS,INFO,546265,546265,0,,2026-08-30T19:04:27.050Z,2026-08-30T21:04:59.710Z,7232,2026-08-30T21:04:59.710Z,B35,Lexington,ba679216-ee2b-4344-afb9-134290faf502,SAMMS-LexingtonV5
202608302104536761,202608301904171035,202608301904170791,85,2636,Bronze INV,br_LiquidLog,TASK_COMPLETE,SUCCESS,INFO,181449,181449,0,,2026-08-30T19:04:27.050Z,2026-08-30T21:04:59.710Z,7232,2026-08-30T21:04:59.710Z,B35A,Berea,ba679216-ee2b-4344-afb9-134290faf502,SAMMS-BereaV5
202608302104536762,202608301904171036,202608301904170791,85,2637,Bronze INV,br_LiquidLog,TASK_COMPLETE,SUCCESS,INFO,168827,168827,0,,2026-08-30T19:04:27.050Z,2026-08-30T21:04:59.710Z,7232,2026-08-30T21:04:59.710Z,B36,Asheville,ba679216-ee2b-4344-afb9-134290faf502,SAMMS-AshevilleV5
202608302104536763,202608301904171037,202608301904170791,85,2638,Bronze INV,br_LiquidLog,TASK_COMPLETE,SUCCESS,INFO,126383,126383,0,,2026-08-30T19:04:27.050Z,2026-08-30T21:04:59.710Z,7232,2026-08-30T21:04:59.710Z,B37,Clyde,ba679216-ee2b-4344-afb9-134290faf502,SAMMS-ClydeV5
202608302104536764,202608301904171038,202608301904170791,85,2639,Bronze INV,br_LiquidLog,TASK_COMPLETE,SUCCESS,INFO,195415,195415,0,,2026-08-30T19:04:27.050Z,2026-08-30T21:04:59.710Z,7232,2026-08-30T21:04:59.710Z,B38,Spartanburg,ba679216-ee2b-4344-afb9-134290faf502,SAMMS-SpartanburgV5
202608302104536765,202608301904171039,202608301904170791,85,2640,Bronze INV,br_LiquidLog,TASK_COMPLETE,SUCCESS,INFO,76884,76884,0,,2026-08-30T19:04:27.050Z,2026-08-30T21:04:59.710Z,7232,2026-08-30T21:04:59.710Z,B39,Aiken,ba679216-ee2b-4344-afb9-134290faf502,SAMMS-AikenV5
202608302104536766,202608301904171040,202608301904170791,85,2641,Bronze INV,br_LiquidLog,TASK_COMPLETE,SUCCESS,INFO,124724,124724,0,,2026-08-30T19:04:27.050Z,2026-08-30T21:04:59.710Z,7232,2026-08-30T21:04:59.710Z,B41,Chesapeake,ba679216-ee2b-4344-afb9-134290faf502,SAMMS-ChesapeakeV5
202608302104536768,202608301904171041,202608301904170791,85,2642,Bronze INV,br_LiquidLog,TASK_COMPLETE,SUCCESS,INFO,170064,170064,0,,2026-08-30T19:04:27.050Z,2026-08-30T21:04:59.710Z,7232,2026-08-30T21:04:59.710Z,B42,Virginia Beach,ba679216-ee2b-4344-afb9-134290faf502,SAMMS-VirginiaBeachV5
202608302104536769,202608301904171042,202608301904170791,85,2643,Bronze INV,br_LiquidLog,TASK_COMPLETE,SUCCESS,INFO,102139,102139,0,,2026-08-30T19:04:27.050Z,2026-08-30T21:04:59.710Z,7232,2026-08-30T21:04:59.710Z,B42A,Newport News,ba679216-ee2b-4344-afb9-134290faf502,SAMMS-NewportNewsV5
202608302104536770,202608301904171043,202608301904170791,85,2644,Bronze INV,br_LiquidLog,TASK_COMPLETE,SUCCESS,INFO,23885,23885,0,,2026-08-30T19:04:27.050Z,2026-08-30T21:04:59.710Z,7232,2026-08-30T21:04:59.710Z,B42B,Franklin,ba679216-ee2b-4344-afb9-134290faf502,SAMMS-FranklinV5
202608302104536771,202608301904171044,202608301904170791,85,2645,Bronze INV,br_LiquidLog,TASK_COMPLETE,SUCCESS,INFO,125729,125729,0,,2026-08-30T19:04:27.050Z,2026-08-30T21:04:59.710Z,7232,2026-08-30T21:04:59.710Z,B42C,Glen Allen,ba679216-ee2b-4344-afb9-134290faf502,SAMMS-GlenAllenV5
202608302104536772,202608301904171045,202608301904170791,85,2646,Bronze INV,br_LiquidLog,TASK_COMPLETE,SUCCESS,INFO,89317,89317,0,,2026-08-30T19:04:27.050Z,2026-08-30T21:04:59.710Z,7232,2026-08-30T21:04:59.710Z,B42D,Chesapeake South,ba679216-ee2b-4344-afb9-134290faf502,SAMMS-ChesapeakeSouthV5
202608302104536773,202608301904171046,202608301904170791,85,2647,Bronze INV,br_LiquidLog,TASK_COMPLETE,SUCCESS,INFO,79125,79125,0,,2026-08-30T19:04:27.050Z,2026-08-30T21:04:59.710Z,7232,2026-08-30T21:04:59.710Z,B44,Albany,ba679216-ee2b-4344-afb9-134290faf502,SAMMS-AlbanyV5
202608302104536774,202608301904171047,202608301904170791,85,2648,Bronze INV,br_LiquidLog,TASK_COMPLETE,SUCCESS,INFO,140475,140475,0,,2026-08-30T19:04:27.050Z,2026-08-30T21:04:59.710Z,7232,2026-08-30T21:04:59.710Z,B45,Tifton,ba679216-ee2b-4344-afb9-134290faf502,SAMMS-TiftonV5
202608302104536777,202608301904171048,202608301904170791,85,2649,Bronze INV,br_LiquidLog,TASK_COMPLETE,SUCCESS,INFO,134553,134553,0,,2026-08-30T19:04:27.050Z,2026-08-30T21:04:59.710Z,7232,2026-08-30T21:04:59.710Z,B46,Washington DC,ba679216-ee2b-4344-afb9-134290faf502,SAMMS-WashingtonDCv5
202608302104536778,202608301904171049,202608301904170791,85,2650,Bronze INV,br_LiquidLog,TASK_COMPLETE,SUCCESS,INFO,136181,136181,0,,2026-08-30T19:04:27.050Z,2026-08-30T21:04:59.710Z,7232,2026-08-30T21:04:59.710Z,B47,Mobile,ba679216-ee2b-4344-afb9-134290faf502,SAMMS-MobileV5
202608302104536779,202608301904171050,202608301904170791,85,2651,Bronze INV,br_LiquidLog,TASK_COMPLETE,SUCCESS,INFO,261159,261159,0,,2026-08-30T19:04:27.050Z,2026-08-30T21:04:59.710Z,7232,2026-08-30T21:04:59.710Z,B48,Tuscaloosa,ba679216-ee2b-4344-afb9-134290faf502,SAMMS-TuscaloosaV5
202608302104536780,202608301904171051,202608301904170791,85,2660,Bronze INV,br_LiquidLog,TASK_COMPLETE,SUCCESS,INFO,59459,59459,0,,2026-08-30T19:04:27.050Z,2026-08-30T21:04:59.710Z,7232,2026-08-30T21:04:59.710Z,B51,N. Little Rock (OTP),ba679216-ee2b-4344-afb9-134290faf502,SAMMS-NorthLittleRockV6
202608302104536781,202608301904171052,202608301904170791,85,2661,Bronze INV,br_LiquidLog,TASK_COMPLETE,SUCCESS,INFO,95547,95547,0,,2026-08-30T19:04:27.050Z,2026-08-30T21:04:59.710Z,7232,2026-08-30T21:04:59.710Z,B52,Jackson GA,ba679216-ee2b-4344-afb9-134290faf502,SAMMS-JacksonGAV5
202608302104536782,202608301904171053,202608301904170791,85,2662,Bronze INV,br_LiquidLog,TASK_COMPLETE,SUCCESS,INFO,240732,240732,0,,2026-08-30T19:04:27.050Z,2026-08-30T21:04:59.710Z,7232,2026-08-30T21:04:59.710Z,B54,Gadsden,ba679216-ee2b-4344-afb9-134290faf502,SAMMS-GadsdenV5
202608302104536784,202608301904171054,202608301904170791,85,2663,Bronze INV,br_LiquidLog,TASK_COMPLETE,SUCCESS,INFO,225105,225105,0,,2026-08-30T19:04:27.050Z,2026-08-30T21:04:59.710Z,7232,2026-08-30T21:04:59.710Z,B55,Shoals,ba679216-ee2b-4344-afb9-134290faf502,SAMMS-ShoalsV5
202608302104536785,202608301904171055,202608301904170791,85,2664,Bronze INV,br_LiquidLog,TASK_COMPLETE,SUCCESS,INFO,65258,65258,0,,2026-08-30T19:04:27.050Z,2026-08-30T21:04:59.710Z,7232,2026-08-30T21:04:59.710Z,B57,Pawtucket,ba679216-ee2b-4344-afb9-134290faf502,SAMMS-Pawtucket
202608302104536786,202608301904171056,202608301904170791,85,2665,Bronze INV,br_LiquidLog,TASK_COMPLETE,SUCCESS,INFO,73279,73279,0,,2026-08-30T19:04:27.050Z,2026-08-30T21:04:59.710Z,7232,2026-08-30T21:04:59.710Z,B57A,Johnston,ba679216-ee2b-4344-afb9-134290faf502,SAMMS-Johnston
202608302104536787,202608301904171057,202608301904170791,85,2666,Bronze INV,br_LiquidLog,TASK_COMPLETE,SUCCESS,INFO,19099,19099,0,,2026-08-30T19:04:27.050Z,2026-08-30T21:04:59.710Z,7232,2026-08-30T21:04:59.710Z,B57B,Middletown,ba679216-ee2b-4344-afb9-134290faf502,SAMMS-Middletown
202608302104536788,202608301904171058,202608301904170791,85,2667,Bronze INV,br_LiquidLog,TASK_COMPLETE,SUCCESS,INFO,38869,38869,0,,2026-08-30T19:04:27.050Z,2026-08-30T21:04:59.710Z,7232,2026-08-30T21:04:59.710Z,B57C,Providence,ba679216-ee2b-4344-afb9-134290faf502,SAMMS-Providence
202608302104536789,202608301904171059,202608301904170791,85,2668,Bronze INV,br_LiquidLog,TASK_COMPLETE,SUCCESS,INFO,64961,64961,0,,2026-08-30T19:04:27.050Z,2026-08-30T21:04:59.710Z,7232,2026-08-30T21:04:59.710Z,B57D,Westerly,ba679216-ee2b-4344-afb9-134290faf502,SAMMS-Westerly
202608302104536790,202608301904171060,202608301904170791,85,2672,Bronze INV,br_LiquidLog,TASK_COMPLETE,SUCCESS,INFO,0,0,0,,2026-08-30T19:04:27.050Z,2026-08-30T21:04:59.710Z,7232,2026-08-30T21:04:59.710Z,B66A,Bremen,ba679216-ee2b-4344-afb9-134290faf502,SAMMS-Bremen
202608302104536792,202608301904171061,202608301904170791,85,2675,Bronze INV,br_LiquidLog,TASK_COMPLETE,SUCCESS,INFO,0,0,0,,2026-08-30T19:04:27.050Z,2026-08-30T21:04:59.710Z,7232,2026-08-30T21:04:59.710Z,B72,Mobile (OBOT),ba679216-ee2b-4344-afb9-134290faf502,SAMMS-Mobile-OBOT
202608302104536793,202608301904171062,202608301904170791,85,2676,Bronze INV,br_LiquidLog,TASK_COMPLETE,SUCCESS,INFO,0,0,0,,2026-08-30T19:04:27.050Z,2026-08-30T21:04:59.710Z,7232,2026-08-30T21:04:59.710Z,B73,Montgomery,ba679216-ee2b-4344-afb9-134290faf502,SAMMS-Montgomery
202608302104536794,202608301904171063,202608301904170791,85,2677,Bronze INV,br_LiquidLog,TASK_COMPLETE,SUCCESS,INFO,61742,61742,0,,2026-08-30T19:04:27.050Z,2026-08-30T21:04:59.710Z,7232,2026-08-30T21:04:59.710Z,B75,Lawrence,ba679216-ee2b-4344-afb9-134290faf502,SAMMS-LawrenceV6
202608302104536795,202608301904171064,202608301904170791,85,2678,Bronze INV,br_LiquidLog,TASK_COMPLETE,SUCCESS,INFO,0,0,0,,2026-08-30T19:04:27.050Z,2026-08-30T21:04:59.710Z,7232,2026-08-30T21:04:59.710Z,B76,Huntsville OBOT,ba679216-ee2b-4344-afb9-134290faf502,SAMMS-Huntsville-OBOT
202608302104536796,202608301904171065,202608301904170791,85,2679,Bronze INV,br_LiquidLog,TASK_COMPLETE,SUCCESS,INFO,0,0,0,,2026-08-30T19:04:27.050Z,2026-08-30T21:04:59.710Z,7232,2026-08-30T21:04:59.710Z,BAT,Batesville,ba679216-ee2b-4344-afb9-134290faf502,SAMMS-Batesville
202608302104536797,202608301904171066,202608301904170791,85,2680,Bronze INV,br_LiquidLog,TASK_COMPLETE,SUCCESS,INFO,126006,126006,0,,2026-08-30T19:04:27.050Z,2026-08-30T21:04:59.710Z,7232,2026-08-30T21:04:59.710Z,BG,Bowling Green,ba679216-ee2b-4344-afb9-134290faf502,SAMMS-BowlingGreen
202608302104536798,202608301904171067,202608301904170791,85,2681,Bronze INV,br_LiquidLog,TASK_COMPLETE,SUCCESS,INFO,52076,52076,0,,2026-08-30T19:04:27.050Z,2026-08-30T21:04:59.710Z,7232,2026-08-30T21:04:59.710Z,BOI,Boise,ba679216-ee2b-4344-afb9-134290faf502,SAMMS-Boise
202608302104536799,202608301904171068,202608301904170791,85,2688,Bronze INV,br_LiquidLog,TASK_COMPLETE,SUCCESS,INFO,29526,29526,0,,2026-08-30T19:04:27.050Z,2026-08-30T21:04:59.710Z,7232,2026-08-30T21:04:59.710Z,CBCO,Coeur dAlene,ba679216-ee2b-4344-afb9-134290faf502,SAMMS-CoeurdAleneV6
202608302104536801,202608301904171069,202608301904170791,85,2707,Bronze INV,br_LiquidLog,TASK_COMPLETE,SUCCESS,INFO,0,0,0,,2026-08-30T19:04:27.050Z,2026-08-30T21:04:59.710Z,7232,2026-08-30T21:04:59.710Z,CON,Conway,ba679216-ee2b-4344-afb9-134290faf502,SAMMS-Conway
202608302104536802,202608301904171070,202608301904170791,85,2708,Bronze INV,br_LiquidLog,TASK_COMPLETE,SUCCESS,INFO,0,0,0,,2026-08-30T19:04:27.050Z,2026-08-30T21:04:59.710Z,7232,2026-08-30T21:04:59.710Z,D07,Medical Services Knox TN,ba679216-ee2b-4344-afb9-134290faf502,SAMMS-KnoxvilleV6
202608302104536803,202608301904171071,202608301904170791,85,2709,Bronze INV,br_LiquidLog,TASK_COMPLETE,SUCCESS,INFO,93267,93267,0,,2026-08-30T19:04:27.050Z,2026-08-30T21:04:59.710Z,7232,2026-08-30T21:04:59.710Z,D08,Madison,ba679216-ee2b-4344-afb9-134290faf502,SAMMS-MadisonV6
202608302104536804,202608301904171072,202608301904170791,85,2711,Bronze INV,br_LiquidLog,TASK_COMPLETE,SUCCESS,INFO,146216,146216,0,,2026-08-30T19:04:27.050Z,2026-08-30T21:04:59.710Z,7232,2026-08-30T21:04:59.710Z,D09,Murfreesboro,ba679216-ee2b-4344-afb9-134290faf502,SAMMS-MurfreesboroV6
202608302104536805,202608301904171073,202608301904170791,85,2712,Bronze INV,br_LiquidLog,TASK_COMPLETE,SUCCESS,INFO,71052,71052,0,,2026-08-30T19:04:27.050Z,2026-08-30T21:04:59.710Z,7232,2026-08-30T21:04:59.710Z,DA,Davenport,ba679216-ee2b-4344-afb9-134290faf502,SAMMS-Davenport
202608302104536806,202608301904171074,202608301904170791,85,2713,Bronze INV,br_LiquidLog,TASK_COMPLETE,SUCCESS,INFO,64930,64930,0,,2026-08-30T19:04:27.050Z,2026-08-30T21:04:59.710Z,7232,2026-08-30T21:04:59.710Z,DM,Des Moines,ba679216-ee2b-4344-afb9-134290faf502,SAMMS-DesMoines
202608302104536807,202608301904171075,202608301904170791,85,2715,Bronze INV,br_LiquidLog,TASK_COMPLETE,SUCCESS,INFO,156057,156057,0,,2026-08-30T19:04:27.050Z,2026-08-30T21:04:59.710Z,7232,2026-08-30T21:04:59.710Z,DRD-CO,Columbia MO,ba679216-ee2b-4344-afb9-134290faf502,SAMMS-ColumbiaV5
202608302104536809,202608301904171076,202608301904170791,85,2716,Bronze INV,br_LiquidLog,TASK_COMPLETE,SUCCESS,INFO,158576,158576,0,,2026-08-30T19:04:27.050Z,2026-08-30T21:04:59.710Z,7232,2026-08-30T21:04:59.710Z,DRD-KC,KC,ba679216-ee2b-4344-afb9-134290faf502,SAMMS-KCv5
202608302104536810,202608301904171077,202608301904170791,85,2717,Bronze INV,br_LiquidLog,TASK_COMPLETE,SUCCESS,INFO,507982,507982,0,,2026-08-30T19:04:27.050Z,2026-08-30T21:04:59.710Z,7232,2026-08-30T21:04:59.710Z,DRD-KVB,KVB,ba679216-ee2b-4344-afb9-134290faf502,SAMMS-KVBv5
202608302104536811,202608301904171078,202608301904170791,85,2718,Bronze INV,br_LiquidLog,TASK_COMPLETE,SUCCESS,INFO,572831,572831,0,,2026-08-30T19:04:27.050Z,2026-08-30T21:04:59.710Z,7232,2026-08-30T21:04:59.710Z,DRD-KVC,KVC,ba679216-ee2b-4344-afb9-134290faf502,SAMMS-KVCv5
202608302104536812,202608301904171079,202608301904170791,85,2719,Bronze INV,br_LiquidLog,TASK_COMPLETE,SUCCESS,INFO,489064,489064,0,,2026-08-30T19:04:27.050Z,2026-08-30T21:04:59.710Z,7232,2026-08-30T21:04:59.710Z,DRD-NOLA,NOLA,ba679216-ee2b-4344-afb9-134290faf502,SAMMS-NOLAv5
202608302104536813,202608301904171080,202608301904170791,85,2720,Bronze INV,br_LiquidLog,TASK_COMPLETE,SUCCESS,INFO,267966,267966,0,,2026-08-30T19:04:27.050Z,2026-08-30T21:04:59.710Z,7232,2026-08-30T21:04:59.710Z,DRD-SF,Springfield,ba679216-ee2b-4344-afb9-134290faf502,SAMMS-SFv5
202608302104536814,202608301904171081,202608301904170791,85,2722,Bronze INV,br_LiquidLog,TASK_COMPLETE,SUCCESS,INFO,83367,83367,0,,2026-08-30T19:04:27.050Z,2026-08-30T21:04:59.710Z,7232,2026-08-30T21:04:59.710Z,ELC,Elizabeth City,ba679216-ee2b-4344-afb9-134290faf502,SAMMS-ElizabethCity
202608302104536815,202608301904171082,202608301904170791,85,2723,Bronze INV,br_LiquidLog,TASK_COMPLETE,SUCCESS,INFO,94591,94591,0,,2026-08-30T19:04:27.050Z,2026-08-30T21:04:59.710Z,7232,2026-08-30T21:04:59.710Z,ET,Elizabethtown,ba679216-ee2b-4344-afb9-134290faf502,SAMMS-Elizabethtown
202608302104536816,202608301904171083,202608301904170791,85,2724,Bronze INV,br_LiquidLog,TASK_COMPLETE,SUCCESS,INFO,0,0,0,,2026-08-30T19:04:27.050Z,2026-08-30T21:04:59.710Z,7232,2026-08-30T21:04:59.710Z,FAY,Fayetteville,ba679216-ee2b-4344-afb9-134290faf502,SAMMS-Fayetteville
202608302104536818,202608301904171084,202608301904170791,85,2725,Bronze INV,br_LiquidLog,TASK_COMPLETE,SUCCESS,INFO,99357,99357,0,,2026-08-30T19:04:27.050Z,2026-08-30T21:04:59.710Z,7232,2026-08-30T21:04:59.710Z,FR,Frankfort,ba679216-ee2b-4344-afb9-134290faf502,SAMMS-Frankfort
202608302104536819,202608301904171085,202608301904170791,85,2726,Bronze INV,br_LiquidLog,TASK_COMPLETE,SUCCESS,INFO,0,0,0,,2026-08-30T19:04:27.050Z,2026-08-30T21:04:59.710Z,7232,2026-08-30T21:04:59.710Z,FS,Fort Smith,ba679216-ee2b-4344-afb9-134290faf502,SAMMS-FortSmith
202608302104536820,202608301904171086,202608301904170791,85,2727,Bronze INV,br_LiquidLog,TASK_COMPLETE,SUCCESS,INFO,205561,205561,0,,2026-08-30T19:04:27.050Z,2026-08-30T21:04:59.710Z,7232,2026-08-30T21:04:59.710Z,FW,Fort Wayne,ba679216-ee2b-4344-afb9-134290faf502,SAMMS-FortWayne
202608302104536821,202608301904171087,202608301904170791,85,2728,Bronze INV,br_LiquidLog,TASK_COMPLETE,SUCCESS,INFO,83715,83715,0,,2026-08-30T19:04:27.050Z,2026-08-30T21:04:59.710Z,7232,2026-08-30T21:04:59.710Z,GAL,Gaylord,ba679216-ee2b-4344-afb9-134290faf502,SAMMS-Gaylord
202608302104536822,202608301904171088,202608301904170791,85,2732,Bronze INV,br_LiquidLog,TASK_COMPLETE,SUCCESS,INFO,183814,183814,0,,2026-08-30T19:04:27.050Z,2026-08-30T21:04:59.710Z,7232,2026-08-30T21:04:59.710Z,HGT,Hagerstown,ba679216-ee2b-4344-afb9-134290faf502,SAMMS-Hagerstown
202608302104536823,202608301904171089,202608301904170791,85,2733,Bronze INV,br_LiquidLog,TASK_COMPLETE,SUCCESS,INFO,168033,168033,0,,2026-08-30T19:04:27.050Z,2026-08-30T21:04:59.710Z,7232,2026-08-30T21:04:59.710Z,HNT,Huntsville,ba679216-ee2b-4344-afb9-134290faf502,SAMMS-Huntsville
202608302104536824,202608301904171090,202608301904170791,85,2734,Bronze INV,br_LiquidLog,TASK_COMPLETE,SUCCESS,INFO,0,0,0,,2026-08-30T19:04:27.050Z,2026-08-30T21:04:59.710Z,7232,2026-08-30T21:04:59.710Z,HS,Hot Springs,ba679216-ee2b-4344-afb9-134290faf502,SAMMS-HotSprings
202608302104536826,202608301904171091,202608301904170791,85,2735,Bronze INV,br_LiquidLog,TASK_COMPLETE,SUCCESS,INFO,0,0,0,,2026-08-30T19:04:27.050Z,2026-08-30T21:04:59.710Z,7232,2026-08-30T21:04:59.710Z,JON,Jonesboro,ba679216-ee2b-4344-afb9-134290faf502,SAMMS-Jonesboro
202608302104536827,202608301904171092,202608301904170791,85,2737,Bronze INV,br_LiquidLog,TASK_COMPLETE,SUCCESS,INFO,73447,73447,0,,2026-08-30T19:04:27.050Z,2026-08-30T21:04:59.710Z,7232,2026-08-30T21:04:59.710Z,LAN,Lansing,ba679216-ee2b-4344-afb9-134290faf502,SAMMS-Lansing
202608302104536828,202608301904171093,202608301904170791,85,2738,Bronze INV,br_LiquidLog,TASK_COMPLETE,SUCCESS,INFO,238203,238203,0,,2026-08-30T19:04:27.050Z,2026-08-30T21:04:59.710Z,7232,2026-08-30T21:04:59.710Z,LO,Louisville,ba679216-ee2b-4344-afb9-134290faf502,SAMMS-Louisville
202608302104536829,202608301904171094,202608301904170791,85,2739,Bronze INV,br_LiquidLog,TASK_COMPLETE,SUCCESS,INFO,120438,120438,0,,2026-08-30T19:04:27.050Z,2026-08-30T21:04:59.710Z,7232,2026-08-30T21:04:59.710Z,LV1,Cheyenne,ba679216-ee2b-4344-afb9-134290faf502,SAMMS-Cheyenne
202608302104536830,202608301904171095,202608301904170791,85,2740,Bronze INV,br_LiquidLog,TASK_COMPLETE,SUCCESS,INFO,114745,114745,0,,2026-08-30T19:04:27.050Z,2026-08-30T21:04:59.710Z,7232,2026-08-30T21:04:59.710Z,LV2,Desert Inn,ba679216-ee2b-4344-afb9-134290faf502,SAMMS-DesertInn
202608302104536831,202608301904171096,202608301904170791,85,2741,Bronze INV,br_LiquidLog,TASK_COMPLETE,SUCCESS,INFO,60186,60186,0,,2026-08-30T19:04:27.050Z,2026-08-30T21:04:59.710Z,7232,2026-08-30T21:04:59.710Z,LV3,McDaniel,ba679216-ee2b-4344-afb9-134290faf502,SAMMS-McDaniel
202608302104536832,202608301904171097,202608301904170791,85,2744,Bronze INV,br_LiquidLog,TASK_COMPLETE,SUCCESS,INFO,63851,63851,0,,2026-08-30T19:04:27.050Z,2026-08-30T21:04:59.710Z,7232,2026-08-30T21:04:59.710Z,MNRE,Monroe,ba679216-ee2b-4344-afb9-134290faf502,SAMMS-Monroe
202608302104536833,202608301904171098,202608301904170791,85,2745,Bronze INV,br_LiquidLog,TASK_COMPLETE,SUCCESS,INFO,148430,148430,0,,2026-08-30T19:04:27.050Z,2026-08-30T21:04:59.710Z,7232,2026-08-30T21:04:59.710Z,MP,Mt. Pleasant,ba679216-ee2b-4344-afb9-134290faf502,SAMMS-MtPleasant
202608302104536835,202608301904171099,202608301904170791,85,2746,Bronze INV,br_LiquidLog,TASK_COMPLETE,SUCCESS,INFO,48469,48469,0,,2026-08-30T19:04:27.050Z,2026-08-30T21:04:59.710Z,7232,2026-08-30T21:04:59.710Z,MRD,Meridian,ba679216-ee2b-4344-afb9-134290faf502,SAMMS-Meridian
202608302104536836,202608301904171100,202608301904170791,85,2751,Bronze INV,br_LiquidLog,TASK_COMPLETE,SUCCESS,INFO,120344,120344,0,,2026-08-30T19:04:27.050Z,2026-08-30T21:04:59.710Z,7232,2026-08-30T21:04:59.710Z,NC,North Charleston,ba679216-ee2b-4344-afb9-134290faf502,SAMMS-NorthCharleston
202608302104536837,202608301904171101,202608301904170791,85,2752,Bronze INV,br_LiquidLog,TASK_COMPLETE,SUCCESS,INFO,0,0,0,,2026-08-30T19:04:27.050Z,2026-08-30T21:04:59.710Z,7232,2026-08-30T21:04:59.710Z,NLR,N. Little Rock,ba679216-ee2b-4344-afb9-134290faf502,SAMMS-NLROBOT
202608302104536838,202608301904171102,202608301904170791,85,2753,Bronze INV,br_LiquidLog,TASK_COMPLETE,SUCCESS,INFO,654,654,0,,2026-08-30T19:04:27.050Z,2026-08-30T21:04:59.710Z,7232,2026-08-30T21:04:59.710Z,PH,Phoenix,ba679216-ee2b-4344-afb9-134290faf502,SAMMS-Phoenix
202608302104536840,202608301904171103,202608301904170791,85,2757,Bronze INV,br_LiquidLog,TASK_COMPLETE,SUCCESS,INFO,99700,99700,0,,2026-08-30T19:04:27.050Z,2026-08-30T21:04:59.710Z,7232,2026-08-30T21:04:59.710Z,RE,Reno,ba679216-ee2b-4344-afb9-134290faf502,SAMMS-Reno
202608302104536841,202608301904171104,202608301904170791,85,2758,Bronze INV,br_LiquidLog,TASK_COMPLETE,SUCCESS,INFO,135238,135238,0,,2026-08-30T19:04:27.050Z,2026-08-30T21:04:59.710Z,7232,2026-08-30T21:04:59.710Z,RMD,Richmond,ba679216-ee2b-4344-afb9-134290faf502,SAMMS-Richmond
202608302104536842,202608301904171105,202608301904170791,85,2759,Bronze INV,br_LiquidLog,TASK_COMPLETE,SUCCESS,INFO,160856,160856,0,,2026-08-30T19:04:27.050Z,2026-08-30T21:04:59.710Z,7232,2026-08-30T21:04:59.710Z,SFN,Springfield North,ba679216-ee2b-4344-afb9-134290faf502,SAMMS-SFNv5
202608302104536843,202608301904171106,202608301904170791,85,2760,Bronze INV,br_LiquidLog,TASK_COMPLETE,SUCCESS,INFO,187820,187820,0,,2026-08-30T19:04:27.050Z,2026-08-30T21:04:59.710Z,7232,2026-08-30T21:04:59.710Z,SHP,Shreveport,ba679216-ee2b-4344-afb9-134290faf502,SAMMS-Shreveport
202608302104536844,202608301904171107,202608301904170791,85,2762,Bronze INV,br_LiquidLog,TASK_COMPLETE,SUCCESS,INFO,61613,61613,0,,2026-08-30T19:04:27.050Z,2026-08-30T21:04:59.710Z,7232,2026-08-30T21:04:59.710Z,STN,Staunton,ba679216-ee2b-4344-afb9-134290faf502,SAMMS-Staunton
202608302104536845,202608301904171108,202608301904170791,85,2763,Bronze INV,br_LiquidLog,TASK_COMPLETE,SUCCESS,INFO,24808,24808,0,,2026-08-30T19:04:27.050Z,2026-08-30T21:04:59.710Z,7232,2026-08-30T21:04:59.710Z,STVN,Stevenson,ba679216-ee2b-4344-afb9-134290faf502,SAMMS-Stevenson
202608302104536846,202608301904171109,202608301904170791,85,2765,Bronze INV,br_LiquidLog,TASK_COMPLETE,SUCCESS,INFO,407,407,0,,2026-08-30T19:04:27.050Z,2026-08-30T21:04:59.710Z,7232,2026-08-30T21:04:59.710Z,TE,Tempe,ba679216-ee2b-4344-afb9-134290faf502,SAMMS-Tempe
202608302104536847,202608301904171110,202608301904170791,85,2766,Bronze INV,br_LiquidLog,TASK_COMPLETE,SUCCESS,INFO,0,0,0,,2026-08-30T19:04:27.050Z,2026-08-30T21:04:59.710Z,7232,2026-08-30T21:04:59.710Z,TEX,Texarkana,ba679216-ee2b-4344-afb9-134290faf502,SAMMS-Texarkana
202608302104536849,202608301904171111,202608301904170791,85,2767,Bronze INV,br_LiquidLog,TASK_COMPLETE,SUCCESS,INFO,255612,255612,0,,2026-08-30T19:04:27.050Z,2026-08-30T21:04:59.710Z,7232,2026-08-30T21:04:59.710Z,TTCA,Bessemer,ba679216-ee2b-4344-afb9-134290faf502,SAMMS-BessemerV5
202608302104536850,202608301904171112,202608301904170791,85,2768,Bronze INV,br_LiquidLog,TASK_COMPLETE,SUCCESS,INFO,98808,98808,0,,2026-08-30T19:04:27.050Z,2026-08-30T21:04:59.710Z,7232,2026-08-30T21:04:59.710Z,TTCB,Cullman,ba679216-ee2b-4344-afb9-134290faf502,SAMMS-CullmanV5
202608302104536851,202608301904171113,202608301904170791,85,2769,Bronze INV,br_LiquidLog,TASK_COMPLETE,SUCCESS,INFO,231772,231772,0,,2026-08-30T19:04:27.050Z,2026-08-30T21:04:59.710Z,7232,2026-08-30T21:04:59.710Z,TTCC,Grand Bay,ba679216-ee2b-4344-afb9-134290faf502,SAMMS-GrandBay
202608302104536852,202608301904171114,202608301904170791,85,2770,Bronze INV,br_LiquidLog,TASK_COMPLETE,SUCCESS,INFO,2652,2652,0,,2026-08-30T19:04:27.050Z,2026-08-30T21:04:59.710Z,7232,2026-08-30T21:04:59.710Z,TU,Tucson,ba679216-ee2b-4344-afb9-134290faf502,SAMMS-Tucson
202608302104536853,202608301904171115,202608301904170791,85,2772,Bronze INV,br_LiquidLog,TASK_COMPLETE,SUCCESS,INFO,125923,125923,0,,2026-08-30T19:04:27.050Z,2026-08-30T21:04:59.710Z,7232,2026-08-30T21:04:59.710Z,V1,Memphis South,ba679216-ee2b-4344-afb9-134290faf502,SAMMS-VCPHCS-I-MemphisV5
202608302104536854,202608301904171116,202608301904170791,85,2773,Bronze INV,br_LiquidLog,TASK_COMPLETE,SUCCESS,INFO,71975,71975,0,,2026-08-30T19:04:27.050Z,2026-08-30T21:04:59.710Z,7232,2026-08-30T21:04:59.710Z,V10,Longmont,ba679216-ee2b-4344-afb9-134290faf502,SAMMS-BoulderV5
202608302104536855,202608301904171117,202608301904170791,85,2774,Bronze INV,br_LiquidLog,TASK_COMPLETE,SUCCESS,INFO,133994,133994,0,,2026-08-30T19:04:27.050Z,2026-08-30T21:04:59.710Z,7232,2026-08-30T21:04:59.710Z,V10A,Fort Collins,ba679216-ee2b-4344-afb9-134290faf502,SAMMS-FortCollinsV5
202608302104536856,202608301904171118,202608301904170791,85,2775,Bronze INV,br_LiquidLog,TASK_COMPLETE,SUCCESS,INFO,125973,125973,0,,2026-08-30T19:04:27.050Z,2026-08-30T21:04:59.710Z,7232,2026-08-30T21:04:59.710Z,V11,Westminster,ba679216-ee2b-4344-afb9-134290faf502,SAMMS-VCPHCS-XI-NorthDenverV5
202608302104536858,202608301904171119,202608301904170791,85,2776,Bronze INV,br_LiquidLog,TASK_COMPLETE,SUCCESS,INFO,143299,143299,0,,2026-08-30T19:04:27.050Z,2026-08-30T21:04:59.710Z,7232,2026-08-30T21:04:59.710Z,V12,Downtown Denver,ba679216-ee2b-4344-afb9-134290faf502,SAMMS-VCPHCS-XII-DowntownDenverV5
202608302104536859,202608301904171120,202608301904170791,85,2777,Bronze INV,br_LiquidLog,TASK_COMPLETE,SUCCESS,INFO,83697,83697,0,,2026-08-30T19:04:27.050Z,2026-08-30T21:04:59.710Z,7232,2026-08-30T21:04:59.710Z,V12A,Centennial,ba679216-ee2b-4344-afb9-134290faf502,SAMMS-CentennialV5
202608302104536860,202608301904171121,202608301904170791,85,2778,Bronze INV,br_LiquidLog,TASK_COMPLETE,SUCCESS,INFO,68826,68826,0,,2026-08-30T19:04:27.050Z,2026-08-30T21:04:59.710Z,7232,2026-08-30T21:04:59.710Z,V14,Overland Park,ba679216-ee2b-4344-afb9-134290faf502,SAMMS-VCPHCS-XIV-BridgewayV5
202608302104536861,202608301904171122,202608301904170791,85,2779,Bronze INV,br_LiquidLog,TASK_COMPLETE,SUCCESS,INFO,118237,118237,0,,2026-08-30T19:04:27.050Z,2026-08-30T21:04:59.710Z,7232,2026-08-30T21:04:59.710Z,V15,Joplin,ba679216-ee2b-4344-afb9-134290faf502,SAMMS-JoplinV5
202608302104536862,202608301904171123,202608301904170791,85,2781,Bronze INV,br_LiquidLog,TASK_COMPLETE,SUCCESS,INFO,60599,60599,0,,2026-08-30T19:04:27.050Z,2026-08-30T21:04:59.710Z,7232,2026-08-30T21:04:59.710Z,V17,Columbia TN,ba679216-ee2b-4344-afb9-134290faf502,SAMMS-ColumbiaTNv5
202608302104536863,202608301904171124,202608301904170791,85,2783,Bronze INV,br_LiquidLog,TASK_COMPLETE,SUCCESS,INFO,227133,227133,0,,2026-08-30T19:04:27.050Z,2026-08-30T21:04:59.710Z,7232,2026-08-30T21:04:59.710Z,V19,Jackson,ba679216-ee2b-4344-afb9-134290faf502,SAMMS-JacksonV5
202608302104536865,202608301904171125,202608301904170791,85,2785,Bronze INV,br_LiquidLog,TASK_COMPLETE,SUCCESS,INFO,207809,207809,0,,2026-08-30T19:04:27.050Z,2026-08-30T21:04:59.710Z,7232,2026-08-30T21:04:59.710Z,V20,Paris,ba679216-ee2b-4344-afb9-134290faf502,SAMMS-ParisV5
202608302104536866,202608301904171126,202608301904170791,85,2786,Bronze INV,br_LiquidLog,TASK_COMPLETE,SUCCESS,INFO,175439,175439,0,,2026-08-30T19:04:27.050Z,2026-08-30T21:04:59.710Z,7232,2026-08-30T21:04:59.710Z,V21,Memphis North,ba679216-ee2b-4344-afb9-134290faf502,SAMMS-RaleighV5
202608302104536867,202608301904171127,202608301904170791,85,2789,Bronze INV,br_LiquidLog,TASK_COMPLETE,SUCCESS,INFO,342731,342731,0,,2026-08-30T19:04:27.050Z,2026-08-30T21:04:59.710Z,7232,2026-08-30T21:04:59.710Z,V5,West Bank,ba679216-ee2b-4344-afb9-134290faf502,SAMMS-NONTCv5
202608302104536868,202608301904171128,202608301904170791,85,2791,Bronze INV,br_LiquidLog,TASK_COMPLETE,SUCCESS,INFO,31337,31337,0,,2026-08-30T19:04:27.050Z,2026-08-30T21:04:59.710Z,7232,2026-08-30T21:04:59.710Z,V5B,Houma,ba679216-ee2b-4344-afb9-134290faf502,SAMMS-HoumaV6
202608302104536869,202608301904171129,202608301904170791,85,2792,Bronze INV,br_LiquidLog,TASK_COMPLETE,SUCCESS,INFO,260226,260226,0,,2026-08-30T19:04:27.050Z,2026-08-30T21:04:59.710Z,7232,2026-08-30T21:04:59.710Z,V6,Lake Charles,ba679216-ee2b-4344-afb9-134290faf502,SAMMS-LCv5
202608302104536870,202608301904171130,202608301904170791,85,2794,Bronze INV,br_LiquidLog,TASK_COMPLETE,SUCCESS,INFO,166200,166200,0,,2026-08-30T19:04:27.050Z,2026-08-30T21:04:59.710Z,7232,2026-08-30T21:04:59.710Z,V8,Memphis Midtown,ba679216-ee2b-4344-afb9-134290faf502,SAMMS-VCPHCS-VIII-MemphisV5
202608302104536871,202608301904171131,202608301904170791,85,2795,Bronze INV,br_LiquidLog,TASK_COMPLETE,SUCCESS,INFO,309290,309290,0,,2026-08-30T19:04:27.050Z,2026-08-30T21:04:59.710Z,7232,2026-08-30T21:04:59.710Z,V9,Nashville,ba679216-ee2b-4344-afb9-134290faf502,SAMMS-NashvilleV5
202608302104536872,202608301904171132,202608301904170791,85,2796,Bronze INV,br_LiquidLog,TASK_COMPLETE,SUCCESS,INFO,112005,112005,0,,2026-08-30T19:04:27.050Z,2026-08-30T21:04:59.710Z,7232,2026-08-30T21:04:59.710Z,VBRA,Brainerd,ba679216-ee2b-4344-afb9-134290faf502,SAMMS-BrainerdV6
202608302104536874,202608301904171133,202608301904170791,85,2797,Bronze INV,br_LiquidLog,TASK_COMPLETE,SUCCESS,INFO,222312,222312,0,,2026-08-30T19:04:27.050Z,2026-08-30T21:04:59.710Z,7232,2026-08-30T21:04:59.710Z,VBRP,Brooklyn Park,ba679216-ee2b-4344-afb9-134290faf502,SAMMS-BrooklynParkV6
202608302104539140,202608301904173072,202608301904170791,85,3697,Bronze INV,br_ReAssessmentMentalHealth,TASK_COMPLETE,SUCCESS,INFO,1143,1143,0,,2026-08-30T19:04:27.050Z,2026-08-30T21:04:59.710Z,7232,2026-08-30T21:04:59.710Z,V12A,Centennial,ba679216-ee2b-4344-afb9-134290faf502,SAMMS-CentennialV5
202608302104539141,202608301904173073,202608301904170791,85,3698,Bronze INV,br_ReAssessmentMentalHealth,TASK_COMPLETE,SUCCESS,INFO,295,295,0,,2026-08-30T19:04:27.050Z,2026-08-30T21:04:59.710Z,7232,2026-08-30T21:04:59.710Z,V14,Overland Park,ba679216-ee2b-4344-afb9-134290faf502,SAMMS-VCPHCS-XIV-BridgewayV5
202608302104539143,202608301904173074,202608301904170791,85,3699,Bronze INV,br_ReAssessmentMentalHealth,TASK_COMPLETE,SUCCESS,INFO,609,609,0,,2026-08-30T19:04:27.050Z,2026-08-30T21:04:59.710Z,7232,2026-08-30T21:04:59.710Z,V15,Joplin,ba679216-ee2b-4344-afb9-134290faf502,SAMMS-JoplinV5
202608302104539144,202608301904173075,202608301904170791,85,3701,Bronze INV,br_ReAssessmentMentalHealth,TASK_COMPLETE,SUCCESS,INFO,906,906,0,,2026-08-30T19:04:27.050Z,2026-08-30T21:04:59.710Z,7232,2026-08-30T21:04:59.710Z,V17,Columbia TN,ba679216-ee2b-4344-afb9-134290faf502,SAMMS-ColumbiaTNv5
202608302104539145,202608301904173076,202608301904170791,85,3703,Bronze INV,br_ReAssessmentMentalHealth,TASK_COMPLETE,SUCCESS,INFO,533,533,0,,2026-08-30T19:04:27.050Z,2026-08-30T21:04:59.710Z,7232,2026-08-30T21:04:59.710Z,V19,Jackson,ba679216-ee2b-4344-afb9-134290faf502,SAMMS-JacksonV5
202608302104539146,202608301904173077,202608301904170791,85,3705,Bronze INV,br_ReAssessmentMentalHealth,TASK_COMPLETE,SUCCESS,INFO,1771,1771,0,,2026-08-30T19:04:27.050Z,2026-08-30T21:04:59.710Z,7232,2026-08-30T21:04:59.710Z,V20,Paris,ba679216-ee2b-4344-afb9-134290faf502,SAMMS-ParisV5
202608302104539147,202608301904173078,202608301904170791,85,3706,Bronze INV,br_ReAssessmentMentalHealth,TASK_COMPLETE,SUCCESS,INFO,726,726,0,,2026-08-30T19:04:27.050Z,2026-08-30T21:04:59.710Z,7232,2026-08-30T21:04:59.710Z,V21,Memphis North,ba679216-ee2b-4344-afb9-134290faf502,SAMMS-RaleighV5
202608302104539148,202608301904173079,202608301904170791,85,3709,Bronze INV,br_ReAssessmentMentalHealth,TASK_COMPLETE,SUCCESS,INFO,1780,1780,0,,2026-08-30T19:04:27.050Z,2026-08-30T21:04:59.710Z,7232,2026-08-30T21:04:59.710Z,V5,West Bank,ba679216-ee2b-4344-afb9-134290faf502,SAMMS-NONTCv5
202608302104539149,202608301904173080,202608301904170791,85,3711,Bronze INV,br_ReAssessmentMentalHealth,TASK_COMPLETE,SUCCESS,INFO,145,145,0,,2026-08-30T19:04:27.050Z,2026-08-30T21:04:59.710Z,7232,2026-08-30T21:04:59.710Z,V5B,Houma,ba679216-ee2b-4344-afb9-134290faf502,SAMMS-HoumaV6
202608302104539151,202608301904173081,202608301904170791,85,3712,Bronze INV,br_ReAssessmentMentalHealth,TASK_COMPLETE,SUCCESS,INFO,1913,1913,0,,2026-08-30T19:04:27.050Z,2026-08-30T21:04:59.710Z,7232,2026-08-30T21:04:59.710Z,V6,Lake Charles,ba679216-ee2b-4344-afb9-134290faf502,SAMMS-LCv5
202608302104539152,202608301904173082,202608301904170791,85,3714,Bronze INV,br_ReAssessmentMentalHealth,TASK_COMPLETE,SUCCESS,INFO,742,742,0,,2026-08-30T19:04:27.050Z,2026-08-30T21:04:59.710Z,7232,2026-08-30T21:04:59.710Z,V8,Memphis Midtown,ba679216-ee2b-4344-afb9-134290faf502,SAMMS-VCPHCS-VIII-MemphisV5
202608302104539153,202608301904173083,202608301904170791,85,3715,Bronze INV,br_ReAssessmentMentalHealth,TASK_COMPLETE,SUCCESS,INFO,1765,1765,0,,2026-08-30T19:04:27.050Z,2026-08-30T21:04:59.710Z,7232,2026-08-30T21:04:59.710Z,V9,Nashville,ba679216-ee2b-4344-afb9-134290faf502,SAMMS-NashvilleV5
202608302104539154,202608301904173084,202608301904170791,85,3716,Bronze INV,br_ReAssessmentMentalHealth,TASK_COMPLETE,SUCCESS,INFO,839,839,0,,2026-08-30T19:04:27.050Z,2026-08-30T21:04:59.710Z,7232,2026-08-30T21:04:59.710Z,VBRA,Brainerd,ba679216-ee2b-4344-afb9-134290faf502,SAMMS-BrainerdV6
202608302104539155,202608301904173085,202608301904170791,85,3717,Bronze INV,br_ReAssessmentMentalHealth,TASK_COMPLETE,SUCCESS,INFO,1961,1961,0,,2026-08-30T19:04:27.050Z,2026-08-30T21:04:59.710Z,7232,2026-08-30T21:04:59.710Z,VBRP,Brooklyn Park,ba679216-ee2b-4344-afb9-134290faf502,SAMMS-BrooklynParkV6
202608302104539156,202608301904173086,202608301904170791,85,3719,Bronze INV,br_ReAssessmentMentalHealth,TASK_COMPLETE,SUCCESS,INFO,747,747,0,,2026-08-30T19:04:27.050Z,2026-08-30T21:04:59.710Z,7232,2026-08-30T21:04:59.710Z,VMIN,Minneapolis,ba679216-ee2b-4344-afb9-134290faf502,SAMMS-MinneapolisV6
202608302104539158,202608301904173087,202608301904170791,85,3720,Bronze INV,br_ReAssessmentMentalHealth,TASK_COMPLETE,SUCCESS,INFO,885,885,0,,2026-08-30T19:04:27.050Z,2026-08-30T21:04:59.710Z,7232,2026-08-30T21:04:59.710Z,VWBY,Woodbury,ba679216-ee2b-4344-afb9-134290faf502,SAMMS-WoodburyV6
202608302104539159,202608301904173088,202608301904170791,85,3722,Bronze INV,br_ReAssessmentMentalHealth,TASK_COMPLETE,SUCCESS,INFO,161,161,0,,2026-08-30T19:04:27.050Z,2026-08-30T21:04:59.710Z,7232,2026-08-30T21:04:59.710Z,WIL,Wilson,ba679216-ee2b-4344-afb9-134290faf502,SAMMS-Wilson
202608302104539160,202608301904173089,202608301904170791,85,3910,Bronze INV,br_ReAssessmentPhysicalHealth,TASK_COMPLETE,SUCCESS,INFO,35,35,0,,2026-08-30T19:04:27.050Z,2026-08-30T21:04:59.710Z,7232,2026-08-30T21:04:59.710Z,AHK,Ahoskie,ba679216-ee2b-4344-afb9-134290faf502,SAMMS-Ahoskie
202608302104539161,202608301904173090,202608301904170791,85,3911,Bronze INV,br_ReAssessmentPhysicalHealth,TASK_COMPLETE,SUCCESS,INFO,662,662,0,,2026-08-30T19:04:27.050Z,2026-08-30T21:04:59.710Z,7232,2026-08-30T21:04:59.710Z,B12B,Colorado Springs,ba679216-ee2b-4344-afb9-134290faf502,SAMMS-ColoradoSpringsV5
202608302104539162,202608301904173091,202608301904170791,85,3912,Bronze INV,br_ReAssessmentPhysicalHealth,TASK_COMPLETE,SUCCESS,INFO,835,835,0,,2026-08-30T19:04:27.050Z,2026-08-30T21:04:59.710Z,7232,2026-08-30T21:04:59.710Z,B24,Paintsville,ba679216-ee2b-4344-afb9-134290faf502,SAMMS-PaintsvilleV5
202608302104539163,202608301904173092,202608301904170791,85,3913,Bronze INV,br_ReAssessmentPhysicalHealth,TASK_COMPLETE,SUCCESS,INFO,646,646,0,,2026-08-30T19:04:27.050Z,2026-08-30T21:04:59.710Z,7232,2026-08-30T21:04:59.710Z,B25,Pikeville,ba679216-ee2b-4344-afb9-134290faf502,SAMMS-PikevilleV5
202608302104539164,202608301904173093,202608301904170791,85,3914,Bronze INV,br_ReAssessmentPhysicalHealth,TASK_COMPLETE,SUCCESS,INFO,970,970,0,,2026-08-30T19:04:27.050Z,2026-08-30T21:04:59.710Z,7232,2026-08-30T21:04:59.710Z,B26,Hazard,ba679216-ee2b-4344-afb9-134290faf502,SAMMS-HazardV5
202608302104539166,202608301904173094,202608301904170791,85,3915,Bronze INV,br_ReAssessmentPhysicalHealth,TASK_COMPLETE,SUCCESS,INFO,532,532,0,,2026-08-30T19:04:27.050Z,2026-08-30T21:04:59.710Z,7232,2026-08-30T21:04:59.710Z,B27,Savannah,ba679216-ee2b-4344-afb9-134290faf502,SAMMS-SavannahV6
202608302104539167,202608301904173095,202608301904170791,85,3916,Bronze INV,br_ReAssessmentPhysicalHealth,TASK_COMPLETE,SUCCESS,INFO,246,246,0,,2026-08-30T19:04:27.050Z,2026-08-30T21:04:59.710Z,7232,2026-08-30T21:04:59.710Z,B28,West Plains,ba679216-ee2b-4344-afb9-134290faf502,SAMMS-WestPlainesV5
202608302104539168,202608301904173096,202608301904170791,85,3917,Bronze INV,br_ReAssessmentPhysicalHealth,TASK_COMPLETE,SUCCESS,INFO,461,461,0,,2026-08-30T19:04:27.050Z,2026-08-30T21:04:59.710Z,7232,2026-08-30T21:04:59.710Z,B29,Poplar Bluff,ba679216-ee2b-4344-afb9-134290faf502,SAMMS-PoplarBluffV5
202608302104539169,202608301904173097,202608301904170791,85,3918,Bronze INV,br_ReAssessmentPhysicalHealth,TASK_COMPLETE,SUCCESS,INFO,80,80,0,,2026-08-30T19:04:27.050Z,2026-08-30T21:04:59.710Z,7232,2026-08-30T21:04:59.710Z,B30,KC North,ba679216-ee2b-4344-afb9-134290faf502,SAMMS-KCNv5
202608302104539170,202608301904173098,202608301904170791,85,3919,Bronze INV,br_ReAssessmentPhysicalHealth,TASK_COMPLETE,SUCCESS,INFO,400,400,0,,2026-08-30T19:04:27.050Z,2026-08-30T21:04:59.710Z,7232,2026-08-30T21:04:59.710Z,B31,Dyersburg,ba679216-ee2b-4344-afb9-134290faf502,SAMMS-DyersburgV5
202608302104539171,202608301904173099,202608301904170791,85,3921,Bronze INV,br_ReAssessmentPhysicalHealth,TASK_COMPLETE,SUCCESS,INFO,488,488,0,,2026-08-30T19:04:27.050Z,2026-08-30T21:04:59.710Z,7232,2026-08-30T21:04:59.710Z,B33,Paducah,ba679216-ee2b-4344-afb9-134290faf502,SAMMS-Paducah
202608302104539172,202608301904173100,202608301904170791,85,3922,Bronze INV,br_ReAssessmentPhysicalHealth,TASK_COMPLETE,SUCCESS,INFO,386,386,0,,2026-08-30T19:04:27.050Z,2026-08-30T21:04:59.710Z,7232,2026-08-30T21:04:59.710Z,B34,Corbin,ba679216-ee2b-4344-afb9-134290faf502,SAMMS-CorbinV5
202608302104539173,202608301904173101,202608301904170791,85,3923,Bronze INV,br_ReAssessmentPhysicalHealth,TASK_COMPLETE,SUCCESS,INFO,243,243,0,,2026-08-30T19:04:27.050Z,2026-08-30T21:04:59.710Z,7232,2026-08-30T21:04:59.710Z,B35,Lexington,ba679216-ee2b-4344-afb9-134290faf502,SAMMS-LexingtonV5
202608302104539175,202608301904173102,202608301904170791,85,3924,Bronze INV,br_ReAssessmentPhysicalHealth,TASK_COMPLETE,SUCCESS,INFO,77,77,0,,2026-08-30T19:04:27.050Z,2026-08-30T21:04:59.710Z,7232,2026-08-30T21:04:59.710Z,B35A,Berea,ba679216-ee2b-4344-afb9-134290faf502,SAMMS-BereaV5
202608302104539176,202608301904173103,202608301904170791,85,3925,Bronze INV,br_ReAssessmentPhysicalHealth,TASK_COMPLETE,SUCCESS,INFO,22,22,0,,2026-08-30T19:04:27.050Z,2026-08-30T21:04:59.710Z,7232,2026-08-30T21:04:59.710Z,B36,Asheville,ba679216-ee2b-4344-afb9-134290faf502,SAMMS-AshevilleV5
202608302104539177,202608301904173104,202608301904170791,85,3926,Bronze INV,br_ReAssessmentPhysicalHealth,TASK_COMPLETE,SUCCESS,INFO,1,1,0,,2026-08-30T19:04:27.050Z,2026-08-30T21:04:59.710Z,7232,2026-08-30T21:04:59.710Z,B37,Clyde,ba679216-ee2b-4344-afb9-134290faf502,SAMMS-ClydeV5
202608302104539178,202608301904173105,202608301904170791,85,3927,Bronze INV,br_ReAssessmentPhysicalHealth,TASK_COMPLETE,SUCCESS,INFO,1189,1189,0,,2026-08-30T19:04:27.050Z,2026-08-30T21:04:59.710Z,7232,2026-08-30T21:04:59.710Z,B38,Spartanburg,ba679216-ee2b-4344-afb9-134290faf502,SAMMS-SpartanburgV5
202608302104539179,202608301904173106,202608301904170791,85,3928,Bronze INV,br_ReAssessmentPhysicalHealth,TASK_COMPLETE,SUCCESS,INFO,362,362,0,,2026-08-30T19:04:27.050Z,2026-08-30T21:04:59.710Z,7232,2026-08-30T21:04:59.710Z,B39,Aiken,ba679216-ee2b-4344-afb9-134290faf502,SAMMS-AikenV5
202608302104539180,202608301904173107,202608301904170791,85,3929,Bronze INV,br_ReAssessmentPhysicalHealth,TASK_COMPLETE,SUCCESS,INFO,1894,1894,0,,2026-08-30T19:04:27.050Z,2026-08-30T21:04:59.710Z,7232,2026-08-30T21:04:59.710Z,B41,Chesapeake,ba679216-ee2b-4344-afb9-134290faf502,SAMMS-ChesapeakeV5
202608302104539181,202608301904173108,202608301904170791,85,3930,Bronze INV,br_ReAssessmentPhysicalHealth,TASK_COMPLETE,SUCCESS,INFO,1922,1922,0,,2026-08-30T19:04:27.050Z,2026-08-30T21:04:59.710Z,7232,2026-08-30T21:04:59.710Z,B42,Virginia Beach,ba679216-ee2b-4344-afb9-134290faf502,SAMMS-VirginiaBeachV5
202608302104539183,202608301904173109,202608301904170791,85,3931,Bronze INV,br_ReAssessmentPhysicalHealth,TASK_COMPLETE,SUCCESS,INFO,936,936,0,,2026-08-30T19:04:27.050Z,2026-08-30T21:04:59.710Z,7232,2026-08-30T21:04:59.710Z,B42A,Newport News,ba679216-ee2b-4344-afb9-134290faf502,SAMMS-NewportNewsV5
202608302104539184,202608301904173110,202608301904170791,85,3932,Bronze INV,br_ReAssessmentPhysicalHealth,TASK_COMPLETE,SUCCESS,INFO,508,508,0,,2026-08-30T19:04:27.050Z,2026-08-30T21:04:59.710Z,7232,2026-08-30T21:04:59.710Z,B42B,Franklin,ba679216-ee2b-4344-afb9-134290faf502,SAMMS-FranklinV5
202608302104539185,202608301904173111,202608301904170791,85,3933,Bronze INV,br_ReAssessmentPhysicalHealth,TASK_COMPLETE,SUCCESS,INFO,346,346,0,,2026-08-30T19:04:27.050Z,2026-08-30T21:04:59.710Z,7232,2026-08-30T21:04:59.710Z,B42C,Glen Allen,ba679216-ee2b-4344-afb9-134290faf502,SAMMS-GlenAllenV5
202608302104539189,202608301904173112,202608301904170791,85,3934,Bronze INV,br_ReAssessmentPhysicalHealth,TASK_COMPLETE,SUCCESS,INFO,1487,1487,0,,2026-08-30T19:04:27.050Z,2026-08-30T21:04:59.710Z,7232,2026-08-30T21:04:59.710Z,B42D,Chesapeake South,ba679216-ee2b-4344-afb9-134290faf502,SAMMS-ChesapeakeSouthV5
202608302104539190,202608301904173113,202608301904170791,85,3935,Bronze INV,br_ReAssessmentPhysicalHealth,TASK_COMPLETE,SUCCESS,INFO,632,632,0,,2026-08-30T19:04:27.050Z,2026-08-30T21:04:59.710Z,7232,2026-08-30T21:04:59.710Z,B44,Albany,ba679216-ee2b-4344-afb9-134290faf502,SAMMS-AlbanyV5
202608302104539191,202608301904173114,202608301904170791,85,3936,Bronze INV,br_ReAssessmentPhysicalHealth,TASK_COMPLETE,SUCCESS,INFO,1273,1273,0,,2026-08-30T19:04:27.050Z,2026-08-30T21:04:59.710Z,7232,2026-08-30T21:04:59.710Z,B45,Tifton,ba679216-ee2b-4344-afb9-134290faf502,SAMMS-TiftonV5
202608302104539192,202608301904173115,202608301904170791,85,3937,Bronze INV,br_ReAssessmentPhysicalHealth,TASK_COMPLETE,SUCCESS,INFO,591,591,0,,2026-08-30T19:04:27.050Z,2026-08-30T21:04:59.710Z,7232,2026-08-30T21:04:59.710Z,B46,Washington DC,ba679216-ee2b-4344-afb9-134290faf502,SAMMS-WashingtonDCv5
202608302104539193,202608301904173116,202608301904170791,85,3938,Bronze INV,br_ReAssessmentPhysicalHealth,TASK_COMPLETE,SUCCESS,INFO,1575,1575,0,,2026-08-30T19:04:27.050Z,2026-08-30T21:04:59.710Z,7232,2026-08-30T21:04:59.710Z,B47,Mobile,ba679216-ee2b-4344-afb9-134290faf502,SAMMS-MobileV5
202608302104539194,202608301904173117,202608301904170791,85,3939,Bronze INV,br_ReAssessmentPhysicalHealth,TASK_COMPLETE,SUCCESS,INFO,1301,1301,0,,2026-08-30T19:04:27.050Z,2026-08-30T21:04:59.710Z,7232,2026-08-30T21:04:59.710Z,B48,Tuscaloosa,ba679216-ee2b-4344-afb9-134290faf502,SAMMS-TuscaloosaV5
202608302104539195,202608301904173118,202608301904170791,85,3948,Bronze INV,br_ReAssessmentPhysicalHealth,TASK_COMPLETE,SUCCESS,INFO,3,3,0,,2026-08-30T19:04:27.050Z,2026-08-30T21:04:59.710Z,7232,2026-08-30T21:04:59.710Z,B51,N. Little Rock (OTP),ba679216-ee2b-4344-afb9-134290faf502,SAMMS-NorthLittleRockV6
202608302104539197,202608301904173119,202608301904170791,85,3949,Bronze INV,br_ReAssessmentPhysicalHealth,TASK_COMPLETE,SUCCESS,INFO,460,460,0,,2026-08-30T19:04:27.050Z,2026-08-30T21:04:59.710Z,7232,2026-08-30T21:04:59.710Z,B52,Jackson GA,ba679216-ee2b-4344-afb9-134290faf502,SAMMS-JacksonGAV5
202608302104539198,202608301904173120,202608301904170791,85,3950,Bronze INV,br_ReAssessmentPhysicalHealth,TASK_COMPLETE,SUCCESS,INFO,1704,1704,0,,2026-08-30T19:04:27.050Z,2026-08-30T21:04:59.710Z,7232,2026-08-30T21:04:59.710Z,B54,Gadsden,ba679216-ee2b-4344-afb9-134290faf502,SAMMS-GadsdenV5
202608302104539199,202608301904173121,202608301904170791,85,3951,Bronze INV,br_ReAssessmentPhysicalHealth,TASK_COMPLETE,SUCCESS,INFO,956,956,0,,2026-08-30T19:04:27.050Z,2026-08-30T21:04:59.710Z,7232,2026-08-30T21:04:59.710Z,B55,Shoals,ba679216-ee2b-4344-afb9-134290faf502,SAMMS-ShoalsV5
202608302104539200,202608301904173122,202608301904170791,85,3952,Bronze INV,br_ReAssessmentPhysicalHealth,TASK_COMPLETE,SUCCESS,INFO,294,294,0,,2026-08-30T19:04:27.050Z,2026-08-30T21:04:59.710Z,7232,2026-08-30T21:04:59.710Z,B57,Pawtucket,ba679216-ee2b-4344-afb9-134290faf502,SAMMS-Pawtucket
202608302104539202,202608301904173123,202608301904170791,85,3953,Bronze INV,br_ReAssessmentPhysicalHealth,TASK_COMPLETE,SUCCESS,INFO,555,555,0,,2026-08-30T19:04:27.050Z,2026-08-30T21:04:59.710Z,7232,2026-08-30T21:04:59.710Z,B57A,Johnston,ba679216-ee2b-4344-afb9-134290faf502,SAMMS-Johnston
202608302104539203,202608301904173124,202608301904170791,85,3954,Bronze INV,br_ReAssessmentPhysicalHealth,TASK_COMPLETE,SUCCESS,INFO,166,166,0,,2026-08-30T19:04:27.050Z,2026-08-30T21:04:59.710Z,7232,2026-08-30T21:04:59.710Z,B57B,Middletown,ba679216-ee2b-4344-afb9-134290faf502,SAMMS-Middletown
202608302104539204,202608301904173125,202608301904170791,85,3955,Bronze INV,br_ReAssessmentPhysicalHealth,TASK_COMPLETE,SUCCESS,INFO,414,414,0,,2026-08-30T19:04:27.050Z,2026-08-30T21:04:59.710Z,7232,2026-08-30T21:04:59.710Z,B57C,Providence,ba679216-ee2b-4344-afb9-134290faf502,SAMMS-Providence
202608302104539205,202608301904173126,202608301904170791,85,3956,Bronze INV,br_ReAssessmentPhysicalHealth,TASK_COMPLETE,SUCCESS,INFO,631,631,0,,2026-08-30T19:04:27.050Z,2026-08-30T21:04:59.710Z,7232,2026-08-30T21:04:59.710Z,B57D,Westerly,ba679216-ee2b-4344-afb9-134290faf502,SAMMS-Westerly
202608302104539206,202608301904173127,202608301904170791,85,3960,Bronze INV,br_ReAssessmentPhysicalHealth,TASK_COMPLETE,SUCCESS,INFO,4,4,0,,2026-08-30T19:04:27.050Z,2026-08-30T21:04:59.710Z,7232,2026-08-30T21:04:59.710Z,B66A,Bremen,ba679216-ee2b-4344-afb9-134290faf502,SAMMS-Bremen
202608302104539207,202608301904173128,202608301904170791,85,3963,Bronze INV,br_ReAssessmentPhysicalHealth,TASK_COMPLETE,SUCCESS,INFO,0,0,0,,2026-08-30T19:04:27.050Z,2026-08-30T21:04:59.710Z,7232,2026-08-30T21:04:59.710Z,B72,Mobile (OBOT),ba679216-ee2b-4344-afb9-134290faf502,SAMMS-Mobile-OBOT
202608302104539208,202608301904173129,202608301904170791,85,3964,Bronze INV,br_ReAssessmentPhysicalHealth,TASK_COMPLETE,SUCCESS,INFO,0,0,0,,2026-08-30T19:04:27.050Z,2026-08-30T21:04:59.710Z,7232,2026-08-30T21:04:59.710Z,B73,Montgomery,ba679216-ee2b-4344-afb9-134290faf502,SAMMS-Montgomery
202608302104539210,202608301904173130,202608301904170791,85,3965,Bronze INV,br_ReAssessmentPhysicalHealth,TASK_COMPLETE,SUCCESS,INFO,517,517,0,,2026-08-30T19:04:27.050Z,2026-08-30T21:04:59.710Z,7232,2026-08-30T21:04:59.710Z,B75,Lawrence,ba679216-ee2b-4344-afb9-134290faf502,SAMMS-LawrenceV6
202608302104539211,202608301904173131,202608301904170791,85,3966,Bronze INV,br_ReAssessmentPhysicalHealth,TASK_COMPLETE,SUCCESS,INFO,0,0,0,,2026-08-30T19:04:27.050Z,2026-08-30T21:04:59.710Z,7232,2026-08-30T21:04:59.710Z,B76,Huntsville OBOT,ba679216-ee2b-4344-afb9-134290faf502,SAMMS-Huntsville-OBOT
202608302104539212,202608301904173132,202608301904170791,85,3967,Bronze INV,br_ReAssessmentPhysicalHealth,TASK_COMPLETE,SUCCESS,INFO,0,0,0,,2026-08-30T19:04:27.050Z,2026-08-30T21:04:59.710Z,7232,2026-08-30T21:04:59.710Z,BAT,Batesville,ba679216-ee2b-4344-afb9-134290faf502,SAMMS-Batesville
202608302104539213,202608301904173133,202608301904170791,85,3968,Bronze INV,br_ReAssessmentPhysicalHealth,TASK_COMPLETE,SUCCESS,INFO,461,461,0,,2026-08-30T19:04:27.050Z,2026-08-30T21:04:59.710Z,7232,2026-08-30T21:04:59.710Z,BG,Bowling Green,ba679216-ee2b-4344-afb9-134290faf502,SAMMS-BowlingGreen
202608302104539214,202608301904173134,202608301904170791,85,3969,Bronze INV,br_ReAssessmentPhysicalHealth,TASK_COMPLETE,SUCCESS,INFO,179,179,0,,2026-08-30T19:04:27.050Z,2026-08-30T21:04:59.710Z,7232,2026-08-30T21:04:59.710Z,BOI,Boise,ba679216-ee2b-4344-afb9-134290faf502,SAMMS-Boise
202608302104539215,202608301904173135,202608301904170791,85,3976,Bronze INV,br_ReAssessmentPhysicalHealth,TASK_COMPLETE,SUCCESS,INFO,51,51,0,,2026-08-30T19:04:27.050Z,2026-08-30T21:04:59.710Z,7232,2026-08-30T21:04:59.710Z,CBCO,Coeur dAlene,ba679216-ee2b-4344-afb9-134290faf502,SAMMS-CoeurdAleneV6
202608302104539216,202608301904173136,202608301904170791,85,3995,Bronze INV,br_ReAssessmentPhysicalHealth,TASK_COMPLETE,SUCCESS,INFO,0,0,0,,2026-08-30T19:04:27.050Z,2026-08-30T21:04:59.710Z,7232,2026-08-30T21:04:59.710Z,CON,Conway,ba679216-ee2b-4344-afb9-134290faf502,SAMMS-Conway
202608302104539217,202608301904173137,202608301904170791,85,3996,Bronze INV,br_ReAssessmentPhysicalHealth,TASK_COMPLETE,SUCCESS,INFO,2590,2590,0,,2026-08-30T19:04:27.050Z,2026-08-30T21:04:59.710Z,7232,2026-08-30T21:04:59.710Z,D07,Medical Services Knox TN,ba679216-ee2b-4344-afb9-134290faf502,SAMMS-KnoxvilleV6
202608302104539219,202608301904173138,202608301904170791,85,3997,Bronze INV,br_ReAssessmentPhysicalHealth,TASK_COMPLETE,SUCCESS,INFO,116,116,0,,2026-08-30T19:04:27.050Z,2026-08-30T21:04:59.710Z,7232,2026-08-30T21:04:59.710Z,D08,Madison,ba679216-ee2b-4344-afb9-134290faf502,SAMMS-MadisonV6
202608302104539220,202608301904173139,202608301904170791,85,3999,Bronze INV,br_ReAssessmentPhysicalHealth,TASK_COMPLETE,SUCCESS,INFO,123,123,0,,2026-08-30T19:04:27.050Z,2026-08-30T21:04:59.710Z,7232,2026-08-30T21:04:59.710Z,D09,Murfreesboro,ba679216-ee2b-4344-afb9-134290faf502,SAMMS-MurfreesboroV6
202608302104539221,202608301904173140,202608301904170791,85,4000,Bronze INV,br_ReAssessmentPhysicalHealth,TASK_COMPLETE,SUCCESS,INFO,337,337,0,,2026-08-30T19:04:27.050Z,2026-08-30T21:04:59.710Z,7232,2026-08-30T21:04:59.710Z,DA,Davenport,ba679216-ee2b-4344-afb9-134290faf502,SAMMS-Davenport
202608302104539222,202608301904173141,202608301904170791,85,4001,Bronze INV,br_ReAssessmentPhysicalHealth,TASK_COMPLETE,SUCCESS,INFO,292,292,0,,2026-08-30T19:04:27.050Z,2026-08-30T21:04:59.710Z,7232,2026-08-30T21:04:59.710Z,DM,Des Moines,ba679216-ee2b-4344-afb9-134290faf502,SAMMS-DesMoines
202608302104539223,202608301904173142,202608301904170791,85,4003,Bronze INV,br_ReAssessmentPhysicalHealth,TASK_COMPLETE,SUCCESS,INFO,530,530,0,,2026-08-30T19:04:27.050Z,2026-08-30T21:04:59.710Z,7232,2026-08-30T21:04:59.710Z,DRD-CO,Columbia MO,ba679216-ee2b-4344-afb9-134290faf502,SAMMS-ColumbiaV5
202608302104539224,202608301904173143,202608301904170791,85,4004,Bronze INV,br_ReAssessmentPhysicalHealth,TASK_COMPLETE,SUCCESS,INFO,347,347,0,,2026-08-30T19:04:27.050Z,2026-08-30T21:04:59.710Z,7232,2026-08-30T21:04:59.710Z,DRD-KC,KC,ba679216-ee2b-4344-afb9-134290faf502,SAMMS-KCv5
202608302104539225,202608301904173144,202608301904170791,85,4005,Bronze INV,br_ReAssessmentPhysicalHealth,TASK_COMPLETE,SUCCESS,INFO,1556,1556,0,,2026-08-30T19:04:27.050Z,2026-08-30T21:04:59.710Z,7232,2026-08-30T21:04:59.710Z,DRD-KVB,KVB,ba679216-ee2b-4344-afb9-134290faf502,SAMMS-KVBv5
202608302104539227,202608301904173145,202608301904170791,85,4006,Bronze INV,br_ReAssessmentPhysicalHealth,TASK_COMPLETE,SUCCESS,INFO,1676,1676,0,,2026-08-30T19:04:27.050Z,2026-08-30T21:04:59.710Z,7232,2026-08-30T21:04:59.710Z,DRD-KVC,KVC,ba679216-ee2b-4344-afb9-134290faf502,SAMMS-KVCv5
202608302104539228,202608301904173146,202608301904170791,85,4007,Bronze INV,br_ReAssessmentPhysicalHealth,TASK_COMPLETE,SUCCESS,INFO,3205,3205,0,,2026-08-30T19:04:27.050Z,2026-08-30T21:04:59.710Z,7232,2026-08-30T21:04:59.710Z,DRD-NOLA,NOLA,ba679216-ee2b-4344-afb9-134290faf502,SAMMS-NOLAv5
202608302104539229,202608301904173147,202608301904170791,85,4008,Bronze INV,br_ReAssessmentPhysicalHealth,TASK_COMPLETE,SUCCESS,INFO,802,802,0,,2026-08-30T19:04:27.050Z,2026-08-30T21:04:59.710Z,7232,2026-08-30T21:04:59.710Z,DRD-SF,Springfield,ba679216-ee2b-4344-afb9-134290faf502,SAMMS-SFv5
202608302104539230,202608301904173148,202608301904170791,85,4010,Bronze INV,br_ReAssessmentPhysicalHealth,TASK_COMPLETE,SUCCESS,INFO,261,261,0,,2026-08-30T19:04:27.050Z,2026-08-30T21:04:59.710Z,7232,2026-08-30T21:04:59.710Z,ELC,Elizabeth City,ba679216-ee2b-4344-afb9-134290faf502,SAMMS-ElizabethCity
202608302104539231,202608301904173149,202608301904170791,85,4011,Bronze INV,br_ReAssessmentPhysicalHealth,TASK_COMPLETE,SUCCESS,INFO,128,128,0,,2026-08-30T19:04:27.050Z,2026-08-30T21:04:59.710Z,7232,2026-08-30T21:04:59.710Z,ET,Elizabethtown,ba679216-ee2b-4344-afb9-134290faf502,SAMMS-Elizabethtown
202608302104539232,202608301904173150,202608301904170791,85,4012,Bronze INV,br_ReAssessmentPhysicalHealth,TASK_COMPLETE,SUCCESS,INFO,0,0,0,,2026-08-30T19:04:27.050Z,2026-08-30T21:04:59.710Z,7232,2026-08-30T21:04:59.710Z,FAY,Fayetteville,ba679216-ee2b-4344-afb9-134290faf502,SAMMS-Fayetteville
202608302104539233,202608301904173151,202608301904170791,85,4013,Bronze INV,br_ReAssessmentPhysicalHealth,TASK_COMPLETE,SUCCESS,INFO,156,156,0,,2026-08-30T19:04:27.050Z,2026-08-30T21:04:59.710Z,7232,2026-08-30T21:04:59.710Z,FR,Frankfort,ba679216-ee2b-4344-afb9-134290faf502,SAMMS-Frankfort
202608302104539234,202608301904173152,202608301904170791,85,4014,Bronze INV,br_ReAssessmentPhysicalHealth,TASK_COMPLETE,SUCCESS,INFO,0,0,0,,2026-08-30T19:04:27.050Z,2026-08-30T21:04:59.710Z,7232,2026-08-30T21:04:59.710Z,FS,Fort Smith,ba679216-ee2b-4344-afb9-134290faf502,SAMMS-FortSmith
202608302104539236,202608301904173153,202608301904170791,85,4015,Bronze INV,br_ReAssessmentPhysicalHealth,TASK_COMPLETE,SUCCESS,INFO,471,471,0,,2026-08-30T19:04:27.050Z,2026-08-30T21:04:59.710Z,7232,2026-08-30T21:04:59.710Z,FW,Fort Wayne,ba679216-ee2b-4344-afb9-134290faf502,SAMMS-FortWayne
202608302104539237,202608301904173154,202608301904170791,85,4016,Bronze INV,br_ReAssessmentPhysicalHealth,TASK_COMPLETE,SUCCESS,INFO,276,276,0,,2026-08-30T19:04:27.050Z,2026-08-30T21:04:59.710Z,7232,2026-08-30T21:04:59.710Z,GAL,Gaylord,ba679216-ee2b-4344-afb9-134290faf502,SAMMS-Gaylord
202608302104539238,202608301904173155,202608301904170791,85,4020,Bronze INV,br_ReAssessmentPhysicalHealth,TASK_COMPLETE,SUCCESS,INFO,100,100,0,,2026-08-30T19:04:27.050Z,2026-08-30T21:04:59.710Z,7232,2026-08-30T21:04:59.710Z,HGT,Hagerstown,ba679216-ee2b-4344-afb9-134290faf502,SAMMS-Hagerstown
202608302104539239,202608301904173156,202608301904170791,85,4021,Bronze INV,br_ReAssessmentPhysicalHealth,TASK_COMPLETE,SUCCESS,INFO,1727,1727,0,,2026-08-30T19:04:27.050Z,2026-08-30T21:04:59.710Z,7232,2026-08-30T21:04:59.710Z,HNT,Huntsville,ba679216-ee2b-4344-afb9-134290faf502,SAMMS-Huntsville
202608302104539240,202608301904173157,202608301904170791,85,4022,Bronze INV,br_ReAssessmentPhysicalHealth,TASK_COMPLETE,SUCCESS,INFO,0,0,0,,2026-08-30T19:04:27.050Z,2026-08-30T21:04:59.710Z,7232,2026-08-30T21:04:59.710Z,HS,Hot Springs,ba679216-ee2b-4344-afb9-134290faf502,SAMMS-HotSprings
202608302104539241,202608301904173158,202608301904170791,85,4023,Bronze INV,br_ReAssessmentPhysicalHealth,TASK_COMPLETE,SUCCESS,INFO,0,0,0,,2026-08-30T19:04:27.050Z,2026-08-30T21:04:59.710Z,7232,2026-08-30T21:04:59.710Z,JON,Jonesboro,ba679216-ee2b-4344-afb9-134290faf502,SAMMS-Jonesboro
202608302104539242,202608301904173159,202608301904170791,85,4025,Bronze INV,br_ReAssessmentPhysicalHealth,TASK_COMPLETE,SUCCESS,INFO,448,448,0,,2026-08-30T19:04:27.050Z,2026-08-30T21:04:59.710Z,7232,2026-08-30T21:04:59.710Z,LAN,Lansing,ba679216-ee2b-4344-afb9-134290faf502,SAMMS-Lansing
202608302104539244,202608301904173160,202608301904170791,85,4026,Bronze INV,br_ReAssessmentPhysicalHealth,TASK_COMPLETE,SUCCESS,INFO,1290,1290,0,,2026-08-30T19:04:27.050Z,2026-08-30T21:04:59.710Z,7232,2026-08-30T21:04:59.710Z,LO,Louisville,ba679216-ee2b-4344-afb9-134290faf502,SAMMS-Louisville
202608302104539245,202608301904173161,202608301904170791,85,4027,Bronze INV,br_ReAssessmentPhysicalHealth,TASK_COMPLETE,SUCCESS,INFO,292,292,0,,2026-08-30T19:04:27.050Z,2026-08-30T21:04:59.710Z,7232,2026-08-30T21:04:59.710Z,LV1,Cheyenne,ba679216-ee2b-4344-afb9-134290faf502,SAMMS-Cheyenne
202608302104539246,202608301904173162,202608301904170791,85,4028,Bronze INV,br_ReAssessmentPhysicalHealth,TASK_COMPLETE,SUCCESS,INFO,205,205,0,,2026-08-30T19:04:27.050Z,2026-08-30T21:04:59.710Z,7232,2026-08-30T21:04:59.710Z,LV2,Desert Inn,ba679216-ee2b-4344-afb9-134290faf502,SAMMS-DesertInn
202608302104539247,202608301904173163,202608301904170791,85,4029,Bronze INV,br_ReAssessmentPhysicalHealth,TASK_COMPLETE,SUCCESS,INFO,110,110,0,,2026-08-30T19:04:27.050Z,2026-08-30T21:04:59.710Z,7232,2026-08-30T21:04:59.710Z,LV3,McDaniel,ba679216-ee2b-4344-afb9-134290faf502,SAMMS-McDaniel
202608302104539248,202608301904173164,202608301904170791,85,4032,Bronze INV,br_ReAssessmentPhysicalHealth,TASK_COMPLETE,SUCCESS,INFO,358,358,0,,2026-08-30T19:04:27.050Z,2026-08-30T21:04:59.710Z,7232,2026-08-30T21:04:59.710Z,MNRE,Monroe,ba679216-ee2b-4344-afb9-134290faf502,SAMMS-Monroe
202608302104539249,202608301904173165,202608301904170791,85,4033,Bronze INV,br_ReAssessmentPhysicalHealth,TASK_COMPLETE,SUCCESS,INFO,1427,1427,0,,2026-08-30T19:04:27.050Z,2026-08-30T21:04:59.710Z,7232,2026-08-30T21:04:59.710Z,MP,Mt. Pleasant,ba679216-ee2b-4344-afb9-134290faf502,SAMMS-MtPleasant
202608302104539250,202608301904173166,202608301904170791,85,4034,Bronze INV,br_ReAssessmentPhysicalHealth,TASK_COMPLETE,SUCCESS,INFO,153,153,0,,2026-08-30T19:04:27.050Z,2026-08-30T21:04:59.710Z,7232,2026-08-30T21:04:59.710Z,MRD,Meridian,ba679216-ee2b-4344-afb9-134290faf502,SAMMS-Meridian
202608302104539252,202608301904173167,202608301904170791,85,4039,Bronze INV,br_ReAssessmentPhysicalHealth,TASK_COMPLETE,SUCCESS,INFO,694,694,0,,2026-08-30T19:04:27.050Z,2026-08-30T21:04:59.710Z,7232,2026-08-30T21:04:59.710Z,NC,North Charleston,ba679216-ee2b-4344-afb9-134290faf502,SAMMS-NorthCharleston
202608302104539253,202608301904173168,202608301904170791,85,4040,Bronze INV,br_ReAssessmentPhysicalHealth,TASK_COMPLETE,SUCCESS,INFO,0,0,0,,2026-08-30T19:04:27.050Z,2026-08-30T21:04:59.710Z,7232,2026-08-30T21:04:59.710Z,NLR,N. Little Rock,ba679216-ee2b-4344-afb9-134290faf502,SAMMS-NLROBOT
202608302104539254,202608301904173169,202608301904170791,85,4041,Bronze INV,br_ReAssessmentPhysicalHealth,TASK_COMPLETE,SUCCESS,INFO,112,112,0,,2026-08-30T19:04:27.050Z,2026-08-30T21:04:59.710Z,7232,2026-08-30T21:04:59.710Z,PH,Phoenix,ba679216-ee2b-4344-afb9-134290faf502,SAMMS-Phoenix
202608302104539255,202608301904173170,202608301904170791,85,4045,Bronze INV,br_ReAssessmentPhysicalHealth,TASK_COMPLETE,SUCCESS,INFO,216,216,0,,2026-08-30T19:04:27.050Z,2026-08-30T21:04:59.710Z,7232,2026-08-30T21:04:59.710Z,RE,Reno,ba679216-ee2b-4344-afb9-134290faf502,SAMMS-Reno
202608302104539256,202608301904173171,202608301904170791,85,4046,Bronze INV,br_ReAssessmentPhysicalHealth,TASK_COMPLETE,SUCCESS,INFO,88,88,0,,2026-08-30T19:04:27.050Z,2026-08-30T21:04:59.710Z,7232,2026-08-30T21:04:59.710Z,RMD,Richmond,ba679216-ee2b-4344-afb9-134290faf502,SAMMS-Richmond
202608302104539257,202608301904173172,202608301904170791,85,4047,Bronze INV,br_ReAssessmentPhysicalHealth,TASK_COMPLETE,SUCCESS,INFO,589,589,0,,2026-08-30T19:04:27.050Z,2026-08-30T21:04:59.710Z,7232,2026-08-30T21:04:59.710Z,SFN,Springfield North,ba679216-ee2b-4344-afb9-134290faf502,SAMMS-SFNv5
202608302104539258,202608301904173173,202608301904170791,85,4048,Bronze INV,br_ReAssessmentPhysicalHealth,TASK_COMPLETE,SUCCESS,INFO,769,769,0,,2026-08-30T19:04:27.050Z,2026-08-30T21:04:59.710Z,7232,2026-08-30T21:04:59.710Z,SHP,Shreveport,ba679216-ee2b-4344-afb9-134290faf502,SAMMS-Shreveport
202608302104539259,202608301904173174,202608301904170791,85,4050,Bronze INV,br_ReAssessmentPhysicalHealth,TASK_COMPLETE,SUCCESS,INFO,486,486,0,,2026-08-30T19:04:27.050Z,2026-08-30T21:04:59.710Z,7232,2026-08-30T21:04:59.710Z,STN,Staunton,ba679216-ee2b-4344-afb9-134290faf502,SAMMS-Staunton
202608302104539261,202608301904173175,202608301904170791,85,4051,Bronze INV,br_ReAssessmentPhysicalHealth,TASK_COMPLETE,SUCCESS,INFO,225,225,0,,2026-08-30T19:04:27.050Z,2026-08-30T21:04:59.710Z,7232,2026-08-30T21:04:59.710Z,STVN,Stevenson,ba679216-ee2b-4344-afb9-134290faf502,SAMMS-Stevenson
202608302104539262,202608301904173176,202608301904170791,85,4053,Bronze INV,br_ReAssessmentPhysicalHealth,TASK_COMPLETE,SUCCESS,INFO,174,174,0,,2026-08-30T19:04:27.050Z,2026-08-30T21:04:59.710Z,7232,2026-08-30T21:04:59.710Z,TE,Tempe,ba679216-ee2b-4344-afb9-134290faf502,SAMMS-Tempe
202608302104539263,202608301904173177,202608301904170791,85,4054,Bronze INV,br_ReAssessmentPhysicalHealth,TASK_COMPLETE,SUCCESS,INFO,0,0,0,,2026-08-30T19:04:27.050Z,2026-08-30T21:04:59.710Z,7232,2026-08-30T21:04:59.710Z,TEX,Texarkana,ba679216-ee2b-4344-afb9-134290faf502,SAMMS-Texarkana
202608302104539264,202608301904173178,202608301904170791,85,4055,Bronze INV,br_ReAssessmentPhysicalHealth,TASK_COMPLETE,SUCCESS,INFO,1084,1084,0,,2026-08-30T19:04:27.050Z,2026-08-30T21:04:59.710Z,7232,2026-08-30T21:04:59.710Z,TTCA,Bessemer,ba679216-ee2b-4344-afb9-134290faf502,SAMMS-BessemerV5
202608302104539265,202608301904173179,202608301904170791,85,4056,Bronze INV,br_ReAssessmentPhysicalHealth,TASK_COMPLETE,SUCCESS,INFO,1321,1321,0,,2026-08-30T19:04:27.050Z,2026-08-30T21:04:59.710Z,7232,2026-08-30T21:04:59.710Z,TTCB,Cullman,ba679216-ee2b-4344-afb9-134290faf502,SAMMS-CullmanV5
202608302104539266,202608301904173180,202608301904170791,85,4057,Bronze INV,br_ReAssessmentPhysicalHealth,TASK_COMPLETE,SUCCESS,INFO,945,945,0,,2026-08-30T19:04:27.050Z,2026-08-30T21:04:59.710Z,7232,2026-08-30T21:04:59.710Z,TTCC,Grand Bay,ba679216-ee2b-4344-afb9-134290faf502,SAMMS-GrandBay
202608302104539268,202608301904173181,202608301904170791,85,4058,Bronze INV,br_ReAssessmentPhysicalHealth,TASK_COMPLETE,SUCCESS,INFO,15,15,0,,2026-08-30T19:04:27.050Z,2026-08-30T21:04:59.710Z,7232,2026-08-30T21:04:59.710Z,TU,Tucson,ba679216-ee2b-4344-afb9-134290faf502,SAMMS-Tucson
202608302104539269,202608301904173182,202608301904170791,85,4060,Bronze INV,br_ReAssessmentPhysicalHealth,TASK_COMPLETE,SUCCESS,INFO,661,661,0,,2026-08-30T19:04:27.050Z,2026-08-30T21:04:59.710Z,7232,2026-08-30T21:04:59.710Z,V1,Memphis South,ba679216-ee2b-4344-afb9-134290faf502,SAMMS-VCPHCS-I-MemphisV5
202608302104539270,202608301904173183,202608301904170791,85,4061,Bronze INV,br_ReAssessmentPhysicalHealth,TASK_COMPLETE,SUCCESS,INFO,1630,1630,0,,2026-08-30T19:04:27.050Z,2026-08-30T21:04:59.710Z,7232,2026-08-30T21:04:59.710Z,V10,Longmont,ba679216-ee2b-4344-afb9-134290faf502,SAMMS-BoulderV5
202608302104539271,202608301904173184,202608301904170791,85,4062,Bronze INV,br_ReAssessmentPhysicalHealth,TASK_COMPLETE,SUCCESS,INFO,1517,1517,0,,2026-08-30T19:04:27.050Z,2026-08-30T21:04:59.710Z,7232,2026-08-30T21:04:59.710Z,V10A,Fort Collins,ba679216-ee2b-4344-afb9-134290faf502,SAMMS-FortCollinsV5
202608302104539272,202608301904173185,202608301904170791,85,4063,Bronze INV,br_ReAssessmentPhysicalHealth,TASK_COMPLETE,SUCCESS,INFO,2876,2876,0,,2026-08-30T19:04:27.050Z,2026-08-30T21:04:59.710Z,7232,2026-08-30T21:04:59.710Z,V11,Westminster,ba679216-ee2b-4344-afb9-134290faf502,SAMMS-VCPHCS-XI-NorthDenverV5
202608302104539273,202608301904173186,202608301904170791,85,4064,Bronze INV,br_ReAssessmentPhysicalHealth,TASK_COMPLETE,SUCCESS,INFO,3046,3046,0,,2026-08-30T19:04:27.050Z,2026-08-30T21:04:59.710Z,7232,2026-08-30T21:04:59.710Z,V12,Downtown Denver,ba679216-ee2b-4344-afb9-134290faf502,SAMMS-VCPHCS-XII-DowntownDenverV5
202608302104539274,202608301904173187,202608301904170791,85,4065,Bronze INV,br_ReAssessmentPhysicalHealth,TASK_COMPLETE,SUCCESS,INFO,1144,1144,0,,2026-08-30T19:04:27.050Z,2026-08-30T21:04:59.710Z,7232,2026-08-30T21:04:59.710Z,V12A,Centennial,ba679216-ee2b-4344-afb9-134290faf502,SAMMS-CentennialV5
202608302104539276,202608301904173188,202608301904170791,85,4066,Bronze INV,br_ReAssessmentPhysicalHealth,TASK_COMPLETE,SUCCESS,INFO,295,295,0,,2026-08-30T19:04:27.050Z,2026-08-30T21:04:59.710Z,7232,2026-08-30T21:04:59.710Z,V14,Overland Park,ba679216-ee2b-4344-afb9-134290faf502,SAMMS-VCPHCS-XIV-BridgewayV5
202608302104539277,202608301904173189,202608301904170791,85,4067,Bronze INV,br_ReAssessmentPhysicalHealth,TASK_COMPLETE,SUCCESS,INFO,609,609,0,,2026-08-30T19:04:27.050Z,2026-08-30T21:04:59.710Z,7232,2026-08-30T21:04:59.710Z,V15,Joplin,ba679216-ee2b-4344-afb9-134290faf502,SAMMS-JoplinV5
202608302104539278,202608301904173190,202608301904170791,85,4069,Bronze INV,br_ReAssessmentPhysicalHealth,TASK_COMPLETE,SUCCESS,INFO,906,906,0,,2026-08-30T19:04:27.050Z,2026-08-30T21:04:59.710Z,7232,2026-08-30T21:04:59.710Z,V17,Columbia TN,ba679216-ee2b-4344-afb9-134290faf502,SAMMS-ColumbiaTNv5
202608302104539279,202608301904173191,202608301904170791,85,4071,Bronze INV,br_ReAssessmentPhysicalHealth,TASK_COMPLETE,SUCCESS,INFO,534,534,0,,2026-08-30T19:04:27.050Z,2026-08-30T21:04:59.710Z,7232,2026-08-30T21:04:59.710Z,V19,Jackson,ba679216-ee2b-4344-afb9-134290faf502,SAMMS-JacksonV5
202608302104539280,202608301904173192,202608301904170791,85,4073,Bronze INV,br_ReAssessmentPhysicalHealth,TASK_COMPLETE,SUCCESS,INFO,1776,1776,0,,2026-08-30T19:04:27.050Z,2026-08-30T21:04:59.710Z,7232,2026-08-30T21:04:59.710Z,V20,Paris,ba679216-ee2b-4344-afb9-134290faf502,SAMMS-ParisV5
202608302104539281,202608301904173193,202608301904170791,85,4074,Bronze INV,br_ReAssessmentPhysicalHealth,TASK_COMPLETE,SUCCESS,INFO,723,723,0,,2026-08-30T19:04:27.050Z,2026-08-30T21:04:59.710Z,7232,2026-08-30T21:04:59.710Z,V21,Memphis North,ba679216-ee2b-4344-afb9-134290faf502,SAMMS-RaleighV5
202608302104539282,202608301904173194,202608301904170791,85,4077,Bronze INV,br_ReAssessmentPhysicalHealth,TASK_COMPLETE,SUCCESS,INFO,1786,1786,0,,2026-08-30T19:04:27.050Z,2026-08-30T21:04:59.710Z,7232,2026-08-30T21:04:59.710Z,V5,West Bank,ba679216-ee2b-4344-afb9-134290faf502,SAMMS-NONTCv5
202608302104539284,202608301904173195,202608301904170791,85,4079,Bronze INV,br_ReAssessmentPhysicalHealth,TASK_COMPLETE,SUCCESS,INFO,146,146,0,,2026-08-30T19:04:27.050Z,2026-08-30T21:04:59.710Z,7232,2026-08-30T21:04:59.710Z,V5B,Houma,ba679216-ee2b-4344-afb9-134290faf502,SAMMS-HoumaV6
202608302104539285,202608301904173196,202608301904170791,85,4080,Bronze INV,br_ReAssessmentPhysicalHealth,TASK_COMPLETE,SUCCESS,INFO,1917,1917,0,,2026-08-30T19:04:27.050Z,2026-08-30T21:04:59.710Z,7232,2026-08-30T21:04:59.710Z,V6,Lake Charles,ba679216-ee2b-4344-afb9-134290faf502,SAMMS-LCv5
202608302104539286,202608301904173197,202608301904170791,85,4082,Bronze INV,br_ReAssessmentPhysicalHealth,TASK_COMPLETE,SUCCESS,INFO,744,744,0,,2026-08-30T19:04:27.050Z,2026-08-30T21:04:59.710Z,7232,2026-08-30T21:04:59.710Z,V8,Memphis Midtown,ba679216-ee2b-4344-afb9-134290faf502,SAMMS-VCPHCS-VIII-MemphisV5
202608302104539287,202608301904173198,202608301904170791,85,4083,Bronze INV,br_ReAssessmentPhysicalHealth,TASK_COMPLETE,SUCCESS,INFO,1769,1769,0,,2026-08-30T19:04:27.050Z,2026-08-30T21:04:59.710Z,7232,2026-08-30T21:04:59.710Z,V9,Nashville,ba679216-ee2b-4344-afb9-134290faf502,SAMMS-NashvilleV5
202608302104539288,202608301904173199,202608301904170791,85,4084,Bronze INV,br_ReAssessmentPhysicalHealth,TASK_COMPLETE,SUCCESS,INFO,842,842,0,,2026-08-30T19:04:27.050Z,2026-08-30T21:04:59.710Z,7232,2026-08-30T21:04:59.710Z,VBRA,Brainerd,ba679216-ee2b-4344-afb9-134290faf502,SAMMS-BrainerdV6
202608302104539289,202608301904173200,202608301904170791,85,4085,Bronze INV,br_ReAssessmentPhysicalHealth,TASK_COMPLETE,SUCCESS,INFO,1965,1965,0,,2026-08-30T19:04:27.050Z,2026-08-30T21:04:59.710Z,7232,2026-08-30T21:04:59.710Z,VBRP,Brooklyn Park,ba679216-ee2b-4344-afb9-134290faf502,SAMMS-BrooklynParkV6
202608302104539291,202608301904173201,202608301904170791,85,4087,Bronze INV,br_ReAssessmentPhysicalHealth,TASK_COMPLETE,SUCCESS,INFO,746,746,0,,2026-08-30T19:04:27.050Z,2026-08-30T21:04:59.710Z,7232,2026-08-30T21:04:59.710Z,VMIN,Minneapolis,ba679216-ee2b-4344-afb9-134290faf502,SAMMS-MinneapolisV6
202608302104539292,202608301904173202,202608301904170791,85,4088,Bronze INV,br_ReAssessmentPhysicalHealth,TASK_COMPLETE,SUCCESS,INFO,889,889,0,,2026-08-30T19:04:27.050Z,2026-08-30T21:04:59.710Z,7232,2026-08-30T21:04:59.710Z,VWBY,Woodbury,ba679216-ee2b-4344-afb9-134290faf502,SAMMS-WoodburyV6
202608302104539293,202608301904173203,202608301904170791,85,4090,Bronze INV,br_ReAssessmentPhysicalHealth,TASK_COMPLETE,SUCCESS,INFO,161,161,0,,2026-08-30T19:04:27.050Z,2026-08-30T21:04:59.710Z,7232,2026-08-30T21:04:59.710Z,WIL,Wilson,ba679216-ee2b-4344-afb9-134290faf502,SAMMS-Wilson
202608302104539294,202608301904173204,202608301904170791,85,4278,Bronze INV,br_ReAssessmentSubstanceUse,TASK_COMPLETE,SUCCESS,INFO,35,35,0,,2026-08-30T19:04:27.050Z,2026-08-30T21:04:59.710Z,7232,2026-08-30T21:04:59.710Z,AHK,Ahoskie,ba679216-ee2b-4344-afb9-134290faf502,SAMMS-Ahoskie
202608302104539295,202608301904173205,202608301904170791,85,4279,Bronze INV,br_ReAssessmentSubstanceUse,TASK_COMPLETE,SUCCESS,INFO,673,673,0,,2026-08-30T19:04:27.050Z,2026-08-30T21:04:59.710Z,7232,2026-08-30T21:04:59.710Z,B12B,Colorado Springs,ba679216-ee2b-4344-afb9-134290faf502,SAMMS-ColoradoSpringsV5
202608302104539296,202608301904173206,202608301904170791,85,4280,Bronze INV,br_ReAssessmentSubstanceUse,TASK_COMPLETE,SUCCESS,INFO,848,848,0,,2026-08-30T19:04:27.050Z,2026-08-30T21:04:59.710Z,7232,2026-08-30T21:04:59.710Z,B24,Paintsville,ba679216-ee2b-4344-afb9-134290faf502,SAMMS-PaintsvilleV5
202608302104539297,202608301904173207,202608301904170791,85,4281,Bronze INV,br_ReAssessmentSubstanceUse,TASK_COMPLETE,SUCCESS,INFO,649,649,0,,2026-08-30T19:04:27.050Z,2026-08-30T21:04:59.710Z,7232,2026-08-30T21:04:59.710Z,B25,Pikeville,ba679216-ee2b-4344-afb9-134290faf502,SAMMS-PikevilleV5
202608302104539299,202608301904173208,202608301904170791,85,4282,Bronze INV,br_ReAssessmentSubstanceUse,TASK_COMPLETE,SUCCESS,INFO,973,973,0,,2026-08-30T19:04:27.050Z,2026-08-30T21:04:59.710Z,7232,2026-08-30T21:04:59.710Z,B26,Hazard,ba679216-ee2b-4344-afb9-134290faf502,SAMMS-HazardV5
202608302104539300,202608301904173209,202608301904170791,85,4283,Bronze INV,br_ReAssessmentSubstanceUse,TASK_COMPLETE,SUCCESS,INFO,538,538,0,,2026-08-30T19:04:27.050Z,2026-08-30T21:04:59.710Z,7232,2026-08-30T21:04:59.710Z,B27,Savannah,ba679216-ee2b-4344-afb9-134290faf502,SAMMS-SavannahV6
202608302104539301,202608301904173210,202608301904170791,85,4284,Bronze INV,br_ReAssessmentSubstanceUse,TASK_COMPLETE,SUCCESS,INFO,248,248,0,,2026-08-30T19:04:27.050Z,2026-08-30T21:04:59.710Z,7232,2026-08-30T21:04:59.710Z,B28,West Plains,ba679216-ee2b-4344-afb9-134290faf502,SAMMS-WestPlainesV5
202608302104539302,202608301904173211,202608301904170791,85,4285,Bronze INV,br_ReAssessmentSubstanceUse,TASK_COMPLETE,SUCCESS,INFO,464,464,0,,2026-08-30T19:04:27.050Z,2026-08-30T21:04:59.710Z,7232,2026-08-30T21:04:59.710Z,B29,Poplar Bluff,ba679216-ee2b-4344-afb9-134290faf502,SAMMS-PoplarBluffV5
202608302104539303,202608301904173212,202608301904170791,85,4286,Bronze INV,br_ReAssessmentSubstanceUse,TASK_COMPLETE,SUCCESS,INFO,82,82,0,,2026-08-30T19:04:27.050Z,2026-08-30T21:04:59.710Z,7232,2026-08-30T21:04:59.710Z,B30,KC North,ba679216-ee2b-4344-afb9-134290faf502,SAMMS-KCNv5
202608302104539304,202608301904173213,202608301904170791,85,4287,Bronze INV,br_ReAssessmentSubstanceUse,TASK_COMPLETE,SUCCESS,INFO,402,402,0,,2026-08-30T19:04:27.050Z,2026-08-30T21:04:59.710Z,7232,2026-08-30T21:04:59.710Z,B31,Dyersburg,ba679216-ee2b-4344-afb9-134290faf502,SAMMS-DyersburgV5
202608302104539305,202608301904173214,202608301904170791,85,4289,Bronze INV,br_ReAssessmentSubstanceUse,TASK_COMPLETE,SUCCESS,INFO,489,489,0,,2026-08-30T19:04:27.050Z,2026-08-30T21:04:59.710Z,7232,2026-08-30T21:04:59.710Z,B33,Paducah,ba679216-ee2b-4344-afb9-134290faf502,SAMMS-Paducah
202608302104539306,202608301904173215,202608301904170791,85,4290,Bronze INV,br_ReAssessmentSubstanceUse,TASK_COMPLETE,SUCCESS,INFO,388,388,0,,2026-08-30T19:04:27.050Z,2026-08-30T21:04:59.710Z,7232,2026-08-30T21:04:59.710Z,B34,Corbin,ba679216-ee2b-4344-afb9-134290faf502,SAMMS-CorbinV5
202608302104539308,202608301904173216,202608301904170791,85,4291,Bronze INV,br_ReAssessmentSubstanceUse,TASK_COMPLETE,SUCCESS,INFO,243,243,0,,2026-08-30T19:04:27.050Z,2026-08-30T21:04:59.710Z,7232,2026-08-30T21:04:59.710Z,B35,Lexington,ba679216-ee2b-4344-afb9-134290faf502,SAMMS-LexingtonV5
202608302104539309,202608301904173217,202608301904170791,85,4292,Bronze INV,br_ReAssessmentSubstanceUse,TASK_COMPLETE,SUCCESS,INFO,77,77,0,,2026-08-30T19:04:27.050Z,2026-08-30T21:04:59.710Z,7232,2026-08-30T21:04:59.710Z,B35A,Berea,ba679216-ee2b-4344-afb9-134290faf502,SAMMS-BereaV5
202608302104539310,202608301904173218,202608301904170791,85,4293,Bronze INV,br_ReAssessmentSubstanceUse,TASK_COMPLETE,SUCCESS,INFO,22,22,0,,2026-08-30T19:04:27.050Z,2026-08-30T21:04:59.710Z,7232,2026-08-30T21:04:59.710Z,B36,Asheville,ba679216-ee2b-4344-afb9-134290faf502,SAMMS-AshevilleV5
202608302104539311,202608301904173219,202608301904170791,85,4294,Bronze INV,br_ReAssessmentSubstanceUse,TASK_COMPLETE,SUCCESS,INFO,2,2,0,,2026-08-30T19:04:27.050Z,2026-08-30T21:04:59.710Z,7232,2026-08-30T21:04:59.710Z,B37,Clyde,ba679216-ee2b-4344-afb9-134290faf502,SAMMS-ClydeV5
202608302104539312,202608301904173220,202608301904170791,85,4295,Bronze INV,br_ReAssessmentSubstanceUse,TASK_COMPLETE,SUCCESS,INFO,1194,1194,0,,2026-08-30T19:04:27.050Z,2026-08-30T21:04:59.710Z,7232,2026-08-30T21:04:59.710Z,B38,Spartanburg,ba679216-ee2b-4344-afb9-134290faf502,SAMMS-SpartanburgV5
202608302104539313,202608301904173221,202608301904170791,85,4296,Bronze INV,br_ReAssessmentSubstanceUse,TASK_COMPLETE,SUCCESS,INFO,367,367,0,,2026-08-30T19:04:27.050Z,2026-08-30T21:04:59.710Z,7232,2026-08-30T21:04:59.710Z,B39,Aiken,ba679216-ee2b-4344-afb9-134290faf502,SAMMS-AikenV5
202608302104539314,202608301904173222,202608301904170791,85,4297,Bronze INV,br_ReAssessmentSubstanceUse,TASK_COMPLETE,SUCCESS,INFO,1908,1908,0,,2026-08-30T19:04:27.050Z,2026-08-30T21:04:59.710Z,7232,2026-08-30T21:04:59.710Z,B41,Chesapeake,ba679216-ee2b-4344-afb9-134290faf502,SAMMS-ChesapeakeV5
202608302104539316,202608301904173223,202608301904170791,85,4298,Bronze INV,br_ReAssessmentSubstanceUse,TASK_COMPLETE,SUCCESS,INFO,1938,1938,0,,2026-08-30T19:04:27.050Z,2026-08-30T21:04:59.710Z,7232,2026-08-30T21:04:59.710Z,B42,Virginia Beach,ba679216-ee2b-4344-afb9-134290faf502,SAMMS-VirginiaBeachV5
202608302104539317,202608301904173224,202608301904170791,85,4299,Bronze INV,br_ReAssessmentSubstanceUse,TASK_COMPLETE,SUCCESS,INFO,945,945,0,,2026-08-30T19:04:27.050Z,2026-08-30T21:04:59.710Z,7232,2026-08-30T21:04:59.710Z,B42A,Newport News,ba679216-ee2b-4344-afb9-134290faf502,SAMMS-NewportNewsV5
202608302104539318,202608301904173225,202608301904170791,85,4300,Bronze INV,br_ReAssessmentSubstanceUse,TASK_COMPLETE,SUCCESS,INFO,515,515,0,,2026-08-30T19:04:27.050Z,2026-08-30T21:04:59.710Z,7232,2026-08-30T21:04:59.710Z,B42B,Franklin,ba679216-ee2b-4344-afb9-134290faf502,SAMMS-FranklinV5
202608302104539319,202608301904173226,202608301904170791,85,4301,Bronze INV,br_ReAssessmentSubstanceUse,TASK_COMPLETE,SUCCESS,INFO,352,352,0,,2026-08-30T19:04:27.050Z,2026-08-30T21:04:59.710Z,7232,2026-08-30T21:04:59.710Z,B42C,Glen Allen,ba679216-ee2b-4344-afb9-134290faf502,SAMMS-GlenAllenV5
202608302104539320,202608301904173227,202608301904170791,85,4302,Bronze INV,br_ReAssessmentSubstanceUse,TASK_COMPLETE,SUCCESS,INFO,1510,1510,0,,2026-08-30T19:04:27.050Z,2026-08-30T21:04:59.710Z,7232,2026-08-30T21:04:59.710Z,B42D,Chesapeake South,ba679216-ee2b-4344-afb9-134290faf502,SAMMS-ChesapeakeSouthV5
202608302104539321,202608301904173228,202608301904170791,85,4303,Bronze INV,br_ReAssessmentSubstanceUse,TASK_COMPLETE,SUCCESS,INFO,638,638,0,,2026-08-30T19:04:27.050Z,2026-08-30T21:04:59.710Z,7232,2026-08-30T21:04:59.710Z,B44,Albany,ba679216-ee2b-4344-afb9-134290faf502,SAMMS-AlbanyV5
202608302104539322,202608301904173229,202608301904170791,85,4304,Bronze INV,br_ReAssessmentSubstanceUse,TASK_COMPLETE,SUCCESS,INFO,1278,1278,0,,2026-08-30T19:04:27.050Z,2026-08-30T21:04:59.710Z,7232,2026-08-30T21:04:59.710Z,B45,Tifton,ba679216-ee2b-4344-afb9-134290faf502,SAMMS-TiftonV5
202608302104539324,202608301904173230,202608301904170791,85,4305,Bronze INV,br_ReAssessmentSubstanceUse,TASK_COMPLETE,SUCCESS,INFO,605,605,0,,2026-08-30T19:04:27.050Z,2026-08-30T21:04:59.710Z,7232,2026-08-30T21:04:59.710Z,B46,Washington DC,ba679216-ee2b-4344-afb9-134290faf502,SAMMS-WashingtonDCv5
202608302104539325,202608301904173231,202608301904170791,85,4306,Bronze INV,br_ReAssessmentSubstanceUse,TASK_COMPLETE,SUCCESS,INFO,1599,1599,0,,2026-08-30T19:04:27.050Z,2026-08-30T21:04:59.710Z,7232,2026-08-30T21:04:59.710Z,B47,Mobile,ba679216-ee2b-4344-afb9-134290faf502,SAMMS-MobileV5
202608302104539326,202608301904173232,202608301904170791,85,4307,Bronze INV,br_ReAssessmentSubstanceUse,TASK_COMPLETE,SUCCESS,INFO,1307,1307,0,,2026-08-30T19:04:27.050Z,2026-08-30T21:04:59.710Z,7232,2026-08-30T21:04:59.710Z,B48,Tuscaloosa,ba679216-ee2b-4344-afb9-134290faf502,SAMMS-TuscaloosaV5
202608302104539327,202608301904173233,202608301904170791,85,4316,Bronze INV,br_ReAssessmentSubstanceUse,TASK_COMPLETE,SUCCESS,INFO,5,5,0,,2026-08-30T19:04:27.050Z,2026-08-30T21:04:59.710Z,7232,2026-08-30T21:04:59.710Z,B51,N. Little Rock (OTP),ba679216-ee2b-4344-afb9-134290faf502,SAMMS-NorthLittleRockV6
202608302104539328,202608301904173234,202608301904170791,85,4317,Bronze INV,br_ReAssessmentSubstanceUse,TASK_COMPLETE,SUCCESS,INFO,466,466,0,,2026-08-30T19:04:27.050Z,2026-08-30T21:04:59.710Z,7232,2026-08-30T21:04:59.710Z,B52,Jackson GA,ba679216-ee2b-4344-afb9-134290faf502,SAMMS-JacksonGAV5
202608302104539329,202608301904173235,202608301904170791,85,4318,Bronze INV,br_ReAssessmentSubstanceUse,TASK_COMPLETE,SUCCESS,INFO,1711,1711,0,,2026-08-30T19:04:27.050Z,2026-08-30T21:04:59.710Z,7232,2026-08-30T21:04:59.710Z,B54,Gadsden,ba679216-ee2b-4344-afb9-134290faf502,SAMMS-GadsdenV5
202608302104539330,202608301904173236,202608301904170791,85,4319,Bronze INV,br_ReAssessmentSubstanceUse,TASK_COMPLETE,SUCCESS,INFO,968,968,0,,2026-08-30T19:04:27.050Z,2026-08-30T21:04:59.710Z,7232,2026-08-30T21:04:59.710Z,B55,Shoals,ba679216-ee2b-4344-afb9-134290faf502,SAMMS-ShoalsV5
202608302104539331,202608301904173237,202608301904170791,85,4320,Bronze INV,br_ReAssessmentSubstanceUse,TASK_COMPLETE,SUCCESS,INFO,296,296,0,,2026-08-30T19:04:27.050Z,2026-08-30T21:04:59.710Z,7232,2026-08-30T21:04:59.710Z,B57,Pawtucket,ba679216-ee2b-4344-afb9-134290faf502,SAMMS-Pawtucket
202608302104539333,202608301904173238,202608301904170791,85,4321,Bronze INV,br_ReAssessmentSubstanceUse,TASK_COMPLETE,SUCCESS,INFO,559,559,0,,2026-08-30T19:04:27.050Z,2026-08-30T21:04:59.710Z,7232,2026-08-30T21:04:59.710Z,B57A,Johnston,ba679216-ee2b-4344-afb9-134290faf502,SAMMS-Johnston
202608302104539334,202608301904173239,202608301904170791,85,4322,Bronze INV,br_ReAssessmentSubstanceUse,TASK_COMPLETE,SUCCESS,INFO,169,169,0,,2026-08-30T19:04:27.050Z,2026-08-30T21:04:59.710Z,7232,2026-08-30T21:04:59.710Z,B57B,Middletown,ba679216-ee2b-4344-afb9-134290faf502,SAMMS-Middletown
202608302104539335,202608301904173240,202608301904170791,85,4323,Bronze INV,br_ReAssessmentSubstanceUse,TASK_COMPLETE,SUCCESS,INFO,418,418,0,,2026-08-30T19:04:27.050Z,2026-08-30T21:04:59.710Z,7232,2026-08-30T21:04:59.710Z,B57C,Providence,ba679216-ee2b-4344-afb9-134290faf502,SAMMS-Providence
202608302104539336,202608301904173241,202608301904170791,85,4324,Bronze INV,br_ReAssessmentSubstanceUse,TASK_COMPLETE,SUCCESS,INFO,642,642,0,,2026-08-30T19:04:27.050Z,2026-08-30T21:04:59.710Z,7232,2026-08-30T21:04:59.710Z,B57D,Westerly,ba679216-ee2b-4344-afb9-134290faf502,SAMMS-Westerly
202608302104539337,202608301904173242,202608301904170791,85,4328,Bronze INV,br_ReAssessmentSubstanceUse,TASK_COMPLETE,SUCCESS,INFO,4,4,0,,2026-08-30T19:04:27.050Z,2026-08-30T21:04:59.710Z,7232,2026-08-30T21:04:59.710Z,B66A,Bremen,ba679216-ee2b-4344-afb9-134290faf502,SAMMS-Bremen
202608302104539338,202608301904173243,202608301904170791,85,4331,Bronze INV,br_ReAssessmentSubstanceUse,TASK_COMPLETE,SUCCESS,INFO,0,0,0,,2026-08-30T19:04:27.050Z,2026-08-30T21:04:59.710Z,7232,2026-08-30T21:04:59.710Z,B72,Mobile (OBOT),ba679216-ee2b-4344-afb9-134290faf502,SAMMS-Mobile-OBOT
202608302104539339,202608301904173244,202608301904170791,85,4332,Bronze INV,br_ReAssessmentSubstanceUse,TASK_COMPLETE,SUCCESS,INFO,0,0,0,,2026-08-30T19:04:27.050Z,2026-08-30T21:04:59.710Z,7232,2026-08-30T21:04:59.710Z,B73,Montgomery,ba679216-ee2b-4344-afb9-134290faf502,SAMMS-Montgomery
202608302104539341,202608301904173245,202608301904170791,85,4333,Bronze INV,br_ReAssessmentSubstanceUse,TASK_COMPLETE,SUCCESS,INFO,523,523,0,,2026-08-30T19:04:27.050Z,2026-08-30T21:04:59.710Z,7232,2026-08-30T21:04:59.710Z,B75,Lawrence,ba679216-ee2b-4344-afb9-134290faf502,SAMMS-LawrenceV6
202608302104539342,202608301904173246,202608301904170791,85,4334,Bronze INV,br_ReAssessmentSubstanceUse,TASK_COMPLETE,SUCCESS,INFO,0,0,0,,2026-08-30T19:04:27.050Z,2026-08-30T21:04:59.710Z,7232,2026-08-30T21:04:59.710Z,B76,Huntsville OBOT,ba679216-ee2b-4344-afb9-134290faf502,SAMMS-Huntsville-OBOT
202608302104539343,202608301904173247,202608301904170791,85,4335,Bronze INV,br_ReAssessmentSubstanceUse,TASK_COMPLETE,SUCCESS,INFO,0,0,0,,2026-08-30T19:04:27.050Z,2026-08-30T21:04:59.710Z,7232,2026-08-30T21:04:59.710Z,BAT,Batesville,ba679216-ee2b-4344-afb9-134290faf502,SAMMS-Batesville
202608302104539344,202608301904173248,202608301904170791,85,4336,Bronze INV,br_ReAssessmentSubstanceUse,TASK_COMPLETE,SUCCESS,INFO,465,465,0,,2026-08-30T19:04:27.050Z,2026-08-30T21:04:59.710Z,7232,2026-08-30T21:04:59.710Z,BG,Bowling Green,ba679216-ee2b-4344-afb9-134290faf502,SAMMS-BowlingGreen
202608302104539345,202608301904173249,202608301904170791,85,4337,Bronze INV,br_ReAssessmentSubstanceUse,TASK_COMPLETE,SUCCESS,INFO,185,185,0,,2026-08-30T19:04:27.050Z,2026-08-30T21:04:59.710Z,7232,2026-08-30T21:04:59.710Z,BOI,Boise,ba679216-ee2b-4344-afb9-134290faf502,SAMMS-Boise
202608302104539346,202608301904173250,202608301904170791,85,4344,Bronze INV,br_ReAssessmentSubstanceUse,TASK_COMPLETE,SUCCESS,INFO,57,57,0,,2026-08-30T19:04:27.050Z,2026-08-30T21:04:59.710Z,7232,2026-08-30T21:04:59.710Z,CBCO,Coeur dAlene,ba679216-ee2b-4344-afb9-134290faf502,SAMMS-CoeurdAleneV6
202608302104539347,202608301904173251,202608301904170791,85,4363,Bronze INV,br_ReAssessmentSubstanceUse,TASK_COMPLETE,SUCCESS,INFO,0,0,0,,2026-08-30T19:04:27.050Z,2026-08-30T21:04:59.710Z,7232,2026-08-30T21:04:59.710Z,CON,Conway,ba679216-ee2b-4344-afb9-134290faf502,SAMMS-Conway
202608302104539348,202608301904173252,202608301904170791,85,4364,Bronze INV,br_ReAssessmentSubstanceUse,TASK_COMPLETE,SUCCESS,INFO,2630,2630,0,,2026-08-30T19:04:27.050Z,2026-08-30T21:04:59.710Z,7232,2026-08-30T21:04:59.710Z,D07,Medical Services Knox TN,ba679216-ee2b-4344-afb9-134290faf502,SAMMS-KnoxvilleV6
202608302104539350,202608301904173253,202608301904170791,85,4365,Bronze INV,br_ReAssessmentSubstanceUse,TASK_COMPLETE,SUCCESS,INFO,116,116,0,,2026-08-30T19:04:27.050Z,2026-08-30T21:04:59.710Z,7232,2026-08-30T21:04:59.710Z,D08,Madison,ba679216-ee2b-4344-afb9-134290faf502,SAMMS-MadisonV6
202608302104539351,202608301904173254,202608301904170791,85,4367,Bronze INV,br_ReAssessmentSubstanceUse,TASK_COMPLETE,SUCCESS,INFO,137,137,0,,2026-08-30T19:04:27.050Z,2026-08-30T21:04:59.710Z,7232,2026-08-30T21:04:59.710Z,D09,Murfreesboro,ba679216-ee2b-4344-afb9-134290faf502,SAMMS-MurfreesboroV6
202608302104539352,202608301904173255,202608301904170791,85,4368,Bronze INV,br_ReAssessmentSubstanceUse,TASK_COMPLETE,SUCCESS,INFO,340,340,0,,2026-08-30T19:04:27.050Z,2026-08-30T21:04:59.710Z,7232,2026-08-30T21:04:59.710Z,DA,Davenport,ba679216-ee2b-4344-afb9-134290faf502,SAMMS-Davenport
202608302104539353,202608301904173256,202608301904170791,85,4369,Bronze INV,br_ReAssessmentSubstanceUse,TASK_COMPLETE,SUCCESS,INFO,292,292,0,,2026-08-30T19:04:27.050Z,2026-08-30T21:04:59.710Z,7232,2026-08-30T21:04:59.710Z,DM,Des Moines,ba679216-ee2b-4344-afb9-134290faf502,SAMMS-DesMoines
202608302104539354,202608301904173257,202608301904170791,85,4371,Bronze INV,br_ReAssessmentSubstanceUse,TASK_COMPLETE,SUCCESS,INFO,534,534,0,,2026-08-30T19:04:27.050Z,2026-08-30T21:04:59.710Z,7232,2026-08-30T21:04:59.710Z,DRD-CO,Columbia MO,ba679216-ee2b-4344-afb9-134290faf502,SAMMS-ColumbiaV5
202608302104539355,202608301904173258,202608301904170791,85,4372,Bronze INV,br_ReAssessmentSubstanceUse,TASK_COMPLETE,SUCCESS,INFO,348,348,0,,2026-08-30T19:04:27.050Z,2026-08-30T21:04:59.710Z,7232,2026-08-30T21:04:59.710Z,DRD-KC,KC,ba679216-ee2b-4344-afb9-134290faf502,SAMMS-KCv5
202608302104539357,202608301904173259,202608301904170791,85,4373,Bronze INV,br_ReAssessmentSubstanceUse,TASK_COMPLETE,SUCCESS,INFO,1572,1572,0,,2026-08-30T19:04:27.050Z,2026-08-30T21:04:59.710Z,7232,2026-08-30T21:04:59.710Z,DRD-KVB,KVB,ba679216-ee2b-4344-afb9-134290faf502,SAMMS-KVBv5
202608302104539358,202608301904173260,202608301904170791,85,4374,Bronze INV,br_ReAssessmentSubstanceUse,TASK_COMPLETE,SUCCESS,INFO,1688,1688,0,,2026-08-30T19:04:27.050Z,2026-08-30T21:04:59.710Z,7232,2026-08-30T21:04:59.710Z,DRD-KVC,KVC,ba679216-ee2b-4344-afb9-134290faf502,SAMMS-KVCv5
202608302104539359,202608301904173261,202608301904170791,85,4375,Bronze INV,br_ReAssessmentSubstanceUse,TASK_COMPLETE,SUCCESS,INFO,3216,3216,0,,2026-08-30T19:04:27.050Z,2026-08-30T21:04:59.710Z,7232,2026-08-30T21:04:59.710Z,DRD-NOLA,NOLA,ba679216-ee2b-4344-afb9-134290faf502,SAMMS-NOLAv5
202608302104539360,202608301904173262,202608301904170791,85,4376,Bronze INV,br_ReAssessmentSubstanceUse,TASK_COMPLETE,SUCCESS,INFO,817,817,0,,2026-08-30T19:04:27.050Z,2026-08-30T21:04:59.710Z,7232,2026-08-30T21:04:59.710Z,DRD-SF,Springfield,ba679216-ee2b-4344-afb9-134290faf502,SAMMS-SFv5
202608302104539361,202608301904173263,202608301904170791,85,4378,Bronze INV,br_ReAssessmentSubstanceUse,TASK_COMPLETE,SUCCESS,INFO,262,262,0,,2026-08-30T19:04:27.050Z,2026-08-30T21:04:59.710Z,7232,2026-08-30T21:04:59.710Z,ELC,Elizabeth City,ba679216-ee2b-4344-afb9-134290faf502,SAMMS-ElizabethCity
202608302104539362,202608301904173264,202608301904170791,85,4379,Bronze INV,br_ReAssessmentSubstanceUse,TASK_COMPLETE,SUCCESS,INFO,128,128,0,,2026-08-30T19:04:27.050Z,2026-08-30T21:04:59.710Z,7232,2026-08-30T21:04:59.710Z,ET,Elizabethtown,ba679216-ee2b-4344-afb9-134290faf502,SAMMS-Elizabethtown
202608302104539363,202608301904173265,202608301904170791,85,4380,Bronze INV,br_ReAssessmentSubstanceUse,TASK_COMPLETE,SUCCESS,INFO,0,0,0,,2026-08-30T19:04:27.050Z,2026-08-30T21:04:59.710Z,7232,2026-08-30T21:04:59.710Z,FAY,Fayetteville,ba679216-ee2b-4344-afb9-134290faf502,SAMMS-Fayetteville
202608302104539365,202608301904173266,202608301904170791,85,4381,Bronze INV,br_ReAssessmentSubstanceUse,TASK_COMPLETE,SUCCESS,INFO,158,158,0,,2026-08-30T19:04:27.050Z,2026-08-30T21:04:59.710Z,7232,2026-08-30T21:04:59.710Z,FR,Frankfort,ba679216-ee2b-4344-afb9-134290faf502,SAMMS-Frankfort
202608302104539366,202608301904173267,202608301904170791,85,4382,Bronze INV,br_ReAssessmentSubstanceUse,TASK_COMPLETE,SUCCESS,INFO,0,0,0,,2026-08-30T19:04:27.050Z,2026-08-30T21:04:59.710Z,7232,2026-08-30T21:04:59.710Z,FS,Fort Smith,ba679216-ee2b-4344-afb9-134290faf502,SAMMS-FortSmith
202608302104539367,202608301904173268,202608301904170791,85,4383,Bronze INV,br_ReAssessmentSubstanceUse,TASK_COMPLETE,SUCCESS,INFO,472,472,0,,2026-08-30T19:04:27.050Z,2026-08-30T21:04:59.710Z,7232,2026-08-30T21:04:59.710Z,FW,Fort Wayne,ba679216-ee2b-4344-afb9-134290faf502,SAMMS-FortWayne
202608302104539368,202608301904173269,202608301904170791,85,4384,Bronze INV,br_ReAssessmentSubstanceUse,TASK_COMPLETE,SUCCESS,INFO,276,276,0,,2026-08-30T19:04:27.050Z,2026-08-30T21:04:59.710Z,7232,2026-08-30T21:04:59.710Z,GAL,Gaylord,ba679216-ee2b-4344-afb9-134290faf502,SAMMS-Gaylord
202608302104539369,202608301904173270,202608301904170791,85,4388,Bronze INV,br_ReAssessmentSubstanceUse,TASK_COMPLETE,SUCCESS,INFO,102,102,0,,2026-08-30T19:04:27.050Z,2026-08-30T21:04:59.710Z,7232,2026-08-30T21:04:59.710Z,HGT,Hagerstown,ba679216-ee2b-4344-afb9-134290faf502,SAMMS-Hagerstown
202608302104539371,202608301904173271,202608301904170791,85,4389,Bronze INV,br_ReAssessmentSubstanceUse,TASK_COMPLETE,SUCCESS,INFO,1747,1747,0,,2026-08-30T19:04:27.050Z,2026-08-30T21:04:59.710Z,7232,2026-08-30T21:04:59.710Z,HNT,Huntsville,ba679216-ee2b-4344-afb9-134290faf502,SAMMS-Huntsville
202608302104539372,202608301904173272,202608301904170791,85,4390,Bronze INV,br_ReAssessmentSubstanceUse,TASK_COMPLETE,SUCCESS,INFO,0,0,0,,2026-08-30T19:04:27.050Z,2026-08-30T21:04:59.710Z,7232,2026-08-30T21:04:59.710Z,HS,Hot Springs,ba679216-ee2b-4344-afb9-134290faf502,SAMMS-HotSprings
202608302104539373,202608301904173273,202608301904170791,85,4391,Bronze INV,br_ReAssessmentSubstanceUse,TASK_COMPLETE,SUCCESS,INFO,0,0,0,,2026-08-30T19:04:27.050Z,2026-08-30T21:04:59.710Z,7232,2026-08-30T21:04:59.710Z,JON,Jonesboro,ba679216-ee2b-4344-afb9-134290faf502,SAMMS-Jonesboro
202608302104539374,202608301904173274,202608301904170791,85,4393,Bronze INV,br_ReAssessmentSubstanceUse,TASK_COMPLETE,SUCCESS,INFO,455,455,0,,2026-08-30T19:04:27.050Z,2026-08-30T21:04:59.710Z,7232,2026-08-30T21:04:59.710Z,LAN,Lansing,ba679216-ee2b-4344-afb9-134290faf502,SAMMS-Lansing
202608302104539375,202608301904173275,202608301904170791,85,4394,Bronze INV,br_ReAssessmentSubstanceUse,TASK_COMPLETE,SUCCESS,INFO,1293,1293,0,,2026-08-30T19:04:27.050Z,2026-08-30T21:04:59.710Z,7232,2026-08-30T21:04:59.710Z,LO,Louisville,ba679216-ee2b-4344-afb9-134290faf502,SAMMS-Louisville
202608302104539376,202608301904173276,202608301904170791,85,4395,Bronze INV,br_ReAssessmentSubstanceUse,TASK_COMPLETE,SUCCESS,INFO,295,295,0,,2026-08-30T19:04:27.050Z,2026-08-30T21:04:59.710Z,7232,2026-08-30T21:04:59.710Z,LV1,Cheyenne,ba679216-ee2b-4344-afb9-134290faf502,SAMMS-Cheyenne
202608302104539377,202608301904173277,202608301904170791,85,4396,Bronze INV,br_ReAssessmentSubstanceUse,TASK_COMPLETE,SUCCESS,INFO,205,205,0,,2026-08-30T19:04:27.050Z,2026-08-30T21:04:59.710Z,7232,2026-08-30T21:04:59.710Z,LV2,Desert Inn,ba679216-ee2b-4344-afb9-134290faf502,SAMMS-DesertInn
202608302104539378,202608301904173278,202608301904170791,85,4397,Bronze INV,br_ReAssessmentSubstanceUse,TASK_COMPLETE,SUCCESS,INFO,111,111,0,,2026-08-30T19:04:27.050Z,2026-08-30T21:04:59.710Z,7232,2026-08-30T21:04:59.710Z,LV3,McDaniel,ba679216-ee2b-4344-afb9-134290faf502,SAMMS-McDaniel
202608302104539380,202608301904173279,202608301904170791,85,4400,Bronze INV,br_ReAssessmentSubstanceUse,TASK_COMPLETE,SUCCESS,INFO,365,365,0,,2026-08-30T19:04:27.050Z,2026-08-30T21:04:59.710Z,7232,2026-08-30T21:04:59.710Z,MNRE,Monroe,ba679216-ee2b-4344-afb9-134290faf502,SAMMS-Monroe
202608302104539381,202608301904173280,202608301904170791,85,4401,Bronze INV,br_ReAssessmentSubstanceUse,TASK_COMPLETE,SUCCESS,INFO,1437,1437,0,,2026-08-30T19:04:27.050Z,2026-08-30T21:04:59.710Z,7232,2026-08-30T21:04:59.710Z,MP,Mt. Pleasant,ba679216-ee2b-4344-afb9-134290faf502,SAMMS-MtPleasant
202608302104539382,202608301904173281,202608301904170791,85,4402,Bronze INV,br_ReAssessmentSubstanceUse,TASK_COMPLETE,SUCCESS,INFO,156,156,0,,2026-08-30T19:04:27.050Z,2026-08-30T21:04:59.710Z,7232,2026-08-30T21:04:59.710Z,MRD,Meridian,ba679216-ee2b-4344-afb9-134290faf502,SAMMS-Meridian
202608302104539383,202608301904173282,202608301904170791,85,4407,Bronze INV,br_ReAssessmentSubstanceUse,TASK_COMPLETE,SUCCESS,INFO,697,697,0,,2026-08-30T19:04:27.050Z,2026-08-30T21:04:59.710Z,7232,2026-08-30T21:04:59.710Z,NC,North Charleston,ba679216-ee2b-4344-afb9-134290faf502,SAMMS-NorthCharleston
202608302104539384,202608301904173283,202608301904170791,85,4408,Bronze INV,br_ReAssessmentSubstanceUse,TASK_COMPLETE,SUCCESS,INFO,0,0,0,,2026-08-30T19:04:27.050Z,2026-08-30T21:04:59.710Z,7232,2026-08-30T21:04:59.710Z,NLR,N. Little Rock,ba679216-ee2b-4344-afb9-134290faf502,SAMMS-NLROBOT
202608302104539385,202608301904173284,202608301904170791,85,4409,Bronze INV,br_ReAssessmentSubstanceUse,TASK_COMPLETE,SUCCESS,INFO,115,115,0,,2026-08-30T19:04:27.050Z,2026-08-30T21:04:59.710Z,7232,2026-08-30T21:04:59.710Z,PH,Phoenix,ba679216-ee2b-4344-afb9-134290faf502,SAMMS-Phoenix
202608302104539386,202608301904173285,202608301904170791,85,4413,Bronze INV,br_ReAssessmentSubstanceUse,TASK_COMPLETE,SUCCESS,INFO,219,219,0,,2026-08-30T19:04:27.050Z,2026-08-30T21:04:59.710Z,7232,2026-08-30T21:04:59.710Z,RE,Reno,ba679216-ee2b-4344-afb9-134290faf502,SAMMS-Reno
202608302104539388,202608301904173286,202608301904170791,85,4414,Bronze INV,br_ReAssessmentSubstanceUse,TASK_COMPLETE,SUCCESS,INFO,89,89,0,,2026-08-30T19:04:27.050Z,2026-08-30T21:04:59.710Z,7232,2026-08-30T21:04:59.710Z,RMD,Richmond,ba679216-ee2b-4344-afb9-134290faf502,SAMMS-Richmond
202608302104539389,202608301904173287,202608301904170791,85,4415,Bronze INV,br_ReAssessmentSubstanceUse,TASK_COMPLETE,SUCCESS,INFO,594,594,0,,2026-08-30T19:04:27.050Z,2026-08-30T21:04:59.710Z,7232,2026-08-30T21:04:59.710Z,SFN,Springfield North,ba679216-ee2b-4344-afb9-134290faf502,SAMMS-SFNv5
202608302104539390,202608301904173288,202608301904170791,85,4416,Bronze INV,br_ReAssessmentSubstanceUse,TASK_COMPLETE,SUCCESS,INFO,790,790,0,,2026-08-30T19:04:27.050Z,2026-08-30T21:04:59.710Z,7232,2026-08-30T21:04:59.710Z,SHP,Shreveport,ba679216-ee2b-4344-afb9-134290faf502,SAMMS-Shreveport
202608302104539391,202608301904173289,202608301904170791,85,4418,Bronze INV,br_ReAssessmentSubstanceUse,TASK_COMPLETE,SUCCESS,INFO,488,488,0,,2026-08-30T19:04:27.050Z,2026-08-30T21:04:59.710Z,7232,2026-08-30T21:04:59.710Z,STN,Staunton,ba679216-ee2b-4344-afb9-134290faf502,SAMMS-Staunton
202608302104539392,202608301904173290,202608301904170791,85,4419,Bronze INV,br_ReAssessmentSubstanceUse,TASK_COMPLETE,SUCCESS,INFO,228,228,0,,2026-08-30T19:04:27.050Z,2026-08-30T21:04:59.710Z,7232,2026-08-30T21:04:59.710Z,STVN,Stevenson,ba679216-ee2b-4344-afb9-134290faf502,SAMMS-Stevenson
202608302104539393,202608301904173291,202608301904170791,85,4421,Bronze INV,br_ReAssessmentSubstanceUse,TASK_COMPLETE,SUCCESS,INFO,178,178,0,,2026-08-30T19:04:27.050Z,2026-08-30T21:04:59.710Z,7232,2026-08-30T21:04:59.710Z,TE,Tempe,ba679216-ee2b-4344-afb9-134290faf502,SAMMS-Tempe
202608302104539394,202608301904173292,202608301904170791,85,4422,Bronze INV,br_ReAssessmentSubstanceUse,TASK_COMPLETE,SUCCESS,INFO,0,0,0,,2026-08-30T19:04:27.050Z,2026-08-30T21:04:59.710Z,7232,2026-08-30T21:04:59.710Z,TEX,Texarkana,ba679216-ee2b-4344-afb9-134290faf502,SAMMS-Texarkana
202608302104539396,202608301904173293,202608301904170791,85,4423,Bronze INV,br_ReAssessmentSubstanceUse,TASK_COMPLETE,SUCCESS,INFO,1104,1104,0,,2026-08-30T19:04:27.050Z,2026-08-30T21:04:59.710Z,7232,2026-08-30T21:04:59.710Z,TTCA,Bessemer,ba679216-ee2b-4344-afb9-134290faf502,SAMMS-BessemerV5
202608302104539397,202608301904173294,202608301904170791,85,4424,Bronze INV,br_ReAssessmentSubstanceUse,TASK_COMPLETE,SUCCESS,INFO,1326,1326,0,,2026-08-30T19:04:27.050Z,2026-08-30T21:04:59.710Z,7232,2026-08-30T21:04:59.710Z,TTCB,Cullman,ba679216-ee2b-4344-afb9-134290faf502,SAMMS-CullmanV5
202608302104539398,202608301904173295,202608301904170791,85,4425,Bronze INV,br_ReAssessmentSubstanceUse,TASK_COMPLETE,SUCCESS,INFO,973,973,0,,2026-08-30T19:04:27.050Z,2026-08-30T21:04:59.710Z,7232,2026-08-30T21:04:59.710Z,TTCC,Grand Bay,ba679216-ee2b-4344-afb9-134290faf502,SAMMS-GrandBay
202608302104539399,202608301904173296,202608301904170791,85,4426,Bronze INV,br_ReAssessmentSubstanceUse,TASK_COMPLETE,SUCCESS,INFO,17,17,0,,2026-08-30T19:04:27.050Z,2026-08-30T21:04:59.710Z,7232,2026-08-30T21:04:59.710Z,TU,Tucson,ba679216-ee2b-4344-afb9-134290faf502,SAMMS-Tucson
202608302104539400,202608301904173297,202608301904170791,85,4428,Bronze INV,br_ReAssessmentSubstanceUse,TASK_COMPLETE,SUCCESS,INFO,663,663,0,,2026-08-30T19:04:27.050Z,2026-08-30T21:04:59.710Z,7232,2026-08-30T21:04:59.710Z,V1,Memphis South,ba679216-ee2b-4344-afb9-134290faf502,SAMMS-VCPHCS-I-MemphisV5
202608302104539401,202608301904173298,202608301904170791,85,4429,Bronze INV,br_ReAssessmentSubstanceUse,TASK_COMPLETE,SUCCESS,INFO,1641,1641,0,,2026-08-30T19:04:27.050Z,2026-08-30T21:04:59.710Z,7232,2026-08-30T21:04:59.710Z,V10,Longmont,ba679216-ee2b-4344-afb9-134290faf502,SAMMS-BoulderV5
202608302104539402,202608301904173299,202608301904170791,85,4430,Bronze INV,br_ReAssessmentSubstanceUse,TASK_COMPLETE,SUCCESS,INFO,1527,1527,0,,2026-08-30T19:04:27.050Z,2026-08-30T21:04:59.710Z,7232,2026-08-30T21:04:59.710Z,V10A,Fort Collins,ba679216-ee2b-4344-afb9-134290faf502,SAMMS-FortCollinsV5
202608302104539403,202608301904173300,202608301904170791,85,4431,Bronze INV,br_ReAssessmentSubstanceUse,TASK_COMPLETE,SUCCESS,INFO,2896,2896,0,,2026-08-30T19:04:27.050Z,2026-08-30T21:04:59.710Z,7232,2026-08-30T21:04:59.710Z,V11,Westminster,ba679216-ee2b-4344-afb9-134290faf502,SAMMS-VCPHCS-XI-NorthDenverV5
202608302104539405,202608301904173301,202608301904170791,85,4432,Bronze INV,br_ReAssessmentSubstanceUse,TASK_COMPLETE,SUCCESS,INFO,3073,3073,0,,2026-08-30T19:04:27.050Z,2026-08-30T21:04:59.710Z,7232,2026-08-30T21:04:59.710Z,V12,Downtown Denver,ba679216-ee2b-4344-afb9-134290faf502,SAMMS-VCPHCS-XII-DowntownDenverV5
202608302104539406,202608301904173302,202608301904170791,85,4433,Bronze INV,br_ReAssessmentSubstanceUse,TASK_COMPLETE,SUCCESS,INFO,1148,1148,0,,2026-08-30T19:04:27.050Z,2026-08-30T21:04:59.710Z,7232,2026-08-30T21:04:59.710Z,V12A,Centennial,ba679216-ee2b-4344-afb9-134290faf502,SAMMS-CentennialV5
202608302104539407,202608301904173303,202608301904170791,85,4434,Bronze INV,br_ReAssessmentSubstanceUse,TASK_COMPLETE,SUCCESS,INFO,301,301,0,,2026-08-30T19:04:27.050Z,2026-08-30T21:04:59.710Z,7232,2026-08-30T21:04:59.710Z,V14,Overland Park,ba679216-ee2b-4344-afb9-134290faf502,SAMMS-VCPHCS-XIV-BridgewayV5
202608302104539408,202608301904173304,202608301904170791,85,4435,Bronze INV,br_ReAssessmentSubstanceUse,TASK_COMPLETE,SUCCESS,INFO,611,611,0,,2026-08-30T19:04:27.050Z,2026-08-30T21:04:59.710Z,7232,2026-08-30T21:04:59.710Z,V15,Joplin,ba679216-ee2b-4344-afb9-134290faf502,SAMMS-JoplinV5
202608302104539409,202608301904173305,202608301904170791,85,4437,Bronze INV,br_ReAssessmentSubstanceUse,TASK_COMPLETE,SUCCESS,INFO,918,918,0,,2026-08-30T19:04:27.050Z,2026-08-30T21:04:59.710Z,7232,2026-08-30T21:04:59.710Z,V17,Columbia TN,ba679216-ee2b-4344-afb9-134290faf502,SAMMS-ColumbiaTNv5
202608302104539410,202608301904173306,202608301904170791,85,4439,Bronze INV,br_ReAssessmentSubstanceUse,TASK_COMPLETE,SUCCESS,INFO,544,544,0,,2026-08-30T19:04:27.050Z,2026-08-30T21:04:59.710Z,7232,2026-08-30T21:04:59.710Z,V19,Jackson,ba679216-ee2b-4344-afb9-134290faf502,SAMMS-JacksonV5
202608302104539411,202608301904173307,202608301904170791,85,4441,Bronze INV,br_ReAssessmentSubstanceUse,TASK_COMPLETE,SUCCESS,INFO,1815,1815,0,,2026-08-30T19:04:27.050Z,2026-08-30T21:04:59.710Z,7232,2026-08-30T21:04:59.710Z,V20,Paris,ba679216-ee2b-4344-afb9-134290faf502,SAMMS-ParisV5
202608302104539413,202608301904173308,202608301904170791,85,4442,Bronze INV,br_ReAssessmentSubstanceUse,TASK_COMPLETE,SUCCESS,INFO,732,732,0,,2026-08-30T19:04:27.050Z,2026-08-30T21:04:59.710Z,7232,2026-08-30T21:04:59.710Z,V21,Memphis North,ba679216-ee2b-4344-afb9-134290faf502,SAMMS-RaleighV5
202608302104539414,202608301904173309,202608301904170791,85,4445,Bronze INV,br_ReAssessmentSubstanceUse,TASK_COMPLETE,SUCCESS,INFO,1817,1817,0,,2026-08-30T19:04:27.050Z,2026-08-30T21:04:59.710Z,7232,2026-08-30T21:04:59.710Z,V5,West Bank,ba679216-ee2b-4344-afb9-134290faf502,SAMMS-NONTCv5
202608302104539415,202608301904173310,202608301904170791,85,4447,Bronze INV,br_ReAssessmentSubstanceUse,TASK_COMPLETE,SUCCESS,INFO,150,150,0,,2026-08-30T19:04:27.050Z,2026-08-30T21:04:59.710Z,7232,2026-08-30T21:04:59.710Z,V5B,Houma,ba679216-ee2b-4344-afb9-134290faf502,SAMMS-HoumaV6
202608302104539416,202608301904173311,202608301904170791,85,4448,Bronze INV,br_ReAssessmentSubstanceUse,TASK_COMPLETE,SUCCESS,INFO,1929,1929,0,,2026-08-30T19:04:27.050Z,2026-08-30T21:04:59.710Z,7232,2026-08-30T21:04:59.710Z,V6,Lake Charles,ba679216-ee2b-4344-afb9-134290faf502,SAMMS-LCv5
202608302104539417,202608301904173312,202608301904170791,85,4450,Bronze INV,br_ReAssessmentSubstanceUse,TASK_COMPLETE,SUCCESS,INFO,748,748,0,,2026-08-30T19:04:27.050Z,2026-08-30T21:04:59.710Z,7232,2026-08-30T21:04:59.710Z,V8,Memphis Midtown,ba679216-ee2b-4344-afb9-134290faf502,SAMMS-VCPHCS-VIII-MemphisV5
202608302104539418,202608301904173313,202608301904170791,85,4451,Bronze INV,br_ReAssessmentSubstanceUse,TASK_COMPLETE,SUCCESS,INFO,1785,1785,0,,2026-08-30T19:04:27.050Z,2026-08-30T21:04:59.710Z,7232,2026-08-30T21:04:59.710Z,V9,Nashville,ba679216-ee2b-4344-afb9-134290faf502,SAMMS-NashvilleV5
202608302104539419,202608301904173314,202608301904170791,85,4452,Bronze INV,br_ReAssessmentSubstanceUse,TASK_COMPLETE,SUCCESS,INFO,854,854,0,,2026-08-30T19:04:27.050Z,2026-08-30T21:04:59.710Z,7232,2026-08-30T21:04:59.710Z,VBRA,Brainerd,ba679216-ee2b-4344-afb9-134290faf502,SAMMS-BrainerdV6
202608302104539420,202608301904173315,202608301904170791,85,4453,Bronze INV,br_ReAssessmentSubstanceUse,TASK_COMPLETE,SUCCESS,INFO,1988,1988,0,,2026-08-30T19:04:27.050Z,2026-08-30T21:04:59.710Z,7232,2026-08-30T21:04:59.710Z,VBRP,Brooklyn Park,ba679216-ee2b-4344-afb9-134290faf502,SAMMS-BrooklynParkV6
202608302104539422,202608301904173316,202608301904170791,85,4455,Bronze INV,br_ReAssessmentSubstanceUse,TASK_COMPLETE,SUCCESS,INFO,764,764,0,,2026-08-30T19:04:27.050Z,2026-08-30T21:04:59.710Z,7232,2026-08-30T21:04:59.710Z,VMIN,Minneapolis,ba679216-ee2b-4344-afb9-134290faf502,SAMMS-MinneapolisV6
202608302104539423,202608301904173317,202608301904170791,85,4456,Bronze INV,br_ReAssessmentSubstanceUse,TASK_COMPLETE,SUCCESS,INFO,920,920,0,,2026-08-30T19:04:27.050Z,2026-08-30T21:04:59.710Z,7232,2026-08-30T21:04:59.710Z,VWBY,Woodbury,ba679216-ee2b-4344-afb9-134290faf502,SAMMS-WoodburyV6
202608302104539424,202608301904173318,202608301904170791,85,4458,Bronze INV,br_ReAssessmentSubstanceUse,TASK_COMPLETE,SUCCESS,INFO,162,162,0,,2026-08-30T19:04:27.050Z,2026-08-30T21:04:59.710Z,7232,2026-08-30T21:04:59.710Z,WIL,Wilson,ba679216-ee2b-4344-afb9-134290faf502,SAMMS-Wilson
202608302104539425,202608301904173319,202608301904170791,85,4094,Bronze INV,br_ReAssessmentSocial,TASK_COMPLETE,SUCCESS,INFO,35,35,0,,2026-08-30T19:04:27.050Z,2026-08-30T21:04:59.710Z,7232,2026-08-30T21:04:59.710Z,AHK,Ahoskie,ba679216-ee2b-4344-afb9-134290faf502,SAMMS-Ahoskie
202608302104539426,202608301904173320,202608301904170791,85,4095,Bronze INV,br_ReAssessmentSocial,TASK_COMPLETE,SUCCESS,INFO,662,662,0,,2026-08-30T19:04:27.050Z,2026-08-30T21:04:59.710Z,7232,2026-08-30T21:04:59.710Z,B12B,Colorado Springs,ba679216-ee2b-4344-afb9-134290faf502,SAMMS-ColoradoSpringsV5
202608302104539427,202608301904173321,202608301904170791,85,4096,Bronze INV,br_ReAssessmentSocial,TASK_COMPLETE,SUCCESS,INFO,826,826,0,,2026-08-30T19:04:27.050Z,2026-08-30T21:04:59.710Z,7232,2026-08-30T21:04:59.710Z,B24,Paintsville,ba679216-ee2b-4344-afb9-134290faf502,SAMMS-PaintsvilleV5
202608302104539428,202608301904173322,202608301904170791,85,4097,Bronze INV,br_ReAssessmentSocial,TASK_COMPLETE,SUCCESS,INFO,646,646,0,,2026-08-30T19:04:27.050Z,2026-08-30T21:04:59.710Z,7232,2026-08-30T21:04:59.710Z,B25,Pikeville,ba679216-ee2b-4344-afb9-134290faf502,SAMMS-PikevilleV5
202608302104539430,202608301904173323,202608301904170791,85,4098,Bronze INV,br_ReAssessmentSocial,TASK_COMPLETE,SUCCESS,INFO,971,971,0,,2026-08-30T19:04:27.050Z,2026-08-30T21:04:59.710Z,7232,2026-08-30T21:04:59.710Z,B26,Hazard,ba679216-ee2b-4344-afb9-134290faf502,SAMMS-HazardV5
202608302104539431,202608301904173324,202608301904170791,85,4099,Bronze INV,br_ReAssessmentSocial,TASK_COMPLETE,SUCCESS,INFO,531,531,0,,2026-08-30T19:04:27.050Z,2026-08-30T21:04:59.710Z,7232,2026-08-30T21:04:59.710Z,B27,Savannah,ba679216-ee2b-4344-afb9-134290faf502,SAMMS-SavannahV6
202608302104539432,202608301904173325,202608301904170791,85,4100,Bronze INV,br_ReAssessmentSocial,TASK_COMPLETE,SUCCESS,INFO,245,245,0,,2026-08-30T19:04:27.050Z,2026-08-30T21:04:59.710Z,7232,2026-08-30T21:04:59.710Z,B28,West Plains,ba679216-ee2b-4344-afb9-134290faf502,SAMMS-WestPlainesV5
202608302104539433,202608301904173326,202608301904170791,85,4101,Bronze INV,br_ReAssessmentSocial,TASK_COMPLETE,SUCCESS,INFO,461,461,0,,2026-08-30T19:04:27.050Z,2026-08-30T21:04:59.710Z,7232,2026-08-30T21:04:59.710Z,B29,Poplar Bluff,ba679216-ee2b-4344-afb9-134290faf502,SAMMS-PoplarBluffV5
202608302104539434,202608301904173327,202608301904170791,85,4102,Bronze INV,br_ReAssessmentSocial,TASK_COMPLETE,SUCCESS,INFO,77,77,0,,2026-08-30T19:04:27.050Z,2026-08-30T21:04:59.710Z,7232,2026-08-30T21:04:59.710Z,B30,KC North,ba679216-ee2b-4344-afb9-134290faf502,SAMMS-KCNv5
202608302104539435,202608301904173328,202608301904170791,85,4103,Bronze INV,br_ReAssessmentSocial,TASK_COMPLETE,SUCCESS,INFO,401,401,0,,2026-08-30T19:04:27.050Z,2026-08-30T21:04:59.710Z,7232,2026-08-30T21:04:59.710Z,B31,Dyersburg,ba679216-ee2b-4344-afb9-134290faf502,SAMMS-DyersburgV5
202608302104539437,202608301904173329,202608301904170791,85,4105,Bronze INV,br_ReAssessmentSocial,TASK_COMPLETE,SUCCESS,INFO,487,487,0,,2026-08-30T19:04:27.050Z,2026-08-30T21:04:59.710Z,7232,2026-08-30T21:04:59.710Z,B33,Paducah,ba679216-ee2b-4344-afb9-134290faf502,SAMMS-Paducah
202608302104539438,202608301904173330,202608301904170791,85,4106,Bronze INV,br_ReAssessmentSocial,TASK_COMPLETE,SUCCESS,INFO,384,384,0,,2026-08-30T19:04:27.050Z,2026-08-30T21:04:59.710Z,7232,2026-08-30T21:04:59.710Z,B34,Corbin,ba679216-ee2b-4344-afb9-134290faf502,SAMMS-CorbinV5
202608302104539439,202608301904173331,202608301904170791,85,4107,Bronze INV,br_ReAssessmentSocial,TASK_COMPLETE,SUCCESS,INFO,239,239,0,,2026-08-30T19:04:27.050Z,2026-08-30T21:04:59.710Z,7232,2026-08-30T21:04:59.710Z,B35,Lexington,ba679216-ee2b-4344-afb9-134290faf502,SAMMS-LexingtonV5
202608302104539440,202608301904173332,202608301904170791,85,4108,Bronze INV,br_ReAssessmentSocial,TASK_COMPLETE,SUCCESS,INFO,77,77,0,,2026-08-30T19:04:27.050Z,2026-08-30T21:04:59.710Z,7232,2026-08-30T21:04:59.710Z,B35A,Berea,ba679216-ee2b-4344-afb9-134290faf502,SAMMS-BereaV5
202608302104539441,202608301904173333,202608301904170791,85,4109,Bronze INV,br_ReAssessmentSocial,TASK_COMPLETE,SUCCESS,INFO,20,20,0,,2026-08-30T19:04:27.050Z,2026-08-30T21:04:59.710Z,7232,2026-08-30T21:04:59.710Z,B36,Asheville,ba679216-ee2b-4344-afb9-134290faf502,SAMMS-AshevilleV5
202608302104539442,202608301904173334,202608301904170791,85,4110,Bronze INV,br_ReAssessmentSocial,TASK_COMPLETE,SUCCESS,INFO,1,1,0,,2026-08-30T19:04:27.050Z,2026-08-30T21:04:59.710Z,7232,2026-08-30T21:04:59.710Z,B37,Clyde,ba679216-ee2b-4344-afb9-134290faf502,SAMMS-ClydeV5
202608302104539443,202608301904173335,202608301904170791,85,4111,Bronze INV,br_ReAssessmentSocial,TASK_COMPLETE,SUCCESS,INFO,1186,1186,0,,2026-08-30T19:04:27.050Z,2026-08-30T21:04:59.710Z,7232,2026-08-30T21:04:59.710Z,B38,Spartanburg,ba679216-ee2b-4344-afb9-134290faf502,SAMMS-SpartanburgV5
202608302104539444,202608301904173336,202608301904170791,85,4112,Bronze INV,br_ReAssessmentSocial,TASK_COMPLETE,SUCCESS,INFO,361,361,0,,2026-08-30T19:04:27.050Z,2026-08-30T21:04:59.710Z,7232,2026-08-30T21:04:59.710Z,B39,Aiken,ba679216-ee2b-4344-afb9-134290faf502,SAMMS-AikenV5
202608302104539446,202608301904173337,202608301904170791,85,4113,Bronze INV,br_ReAssessmentSocial,TASK_COMPLETE,SUCCESS,INFO,1887,1887,0,,2026-08-30T19:04:27.050Z,2026-08-30T21:04:59.710Z,7232,2026-08-30T21:04:59.710Z,B41,Chesapeake,ba679216-ee2b-4344-afb9-134290faf502,SAMMS-ChesapeakeV5
202608302104539447,202608301904173338,202608301904170791,85,4114,Bronze INV,br_ReAssessmentSocial,TASK_COMPLETE,SUCCESS,INFO,1911,1911,0,,2026-08-30T19:04:27.050Z,2026-08-30T21:04:59.710Z,7232,2026-08-30T21:04:59.710Z,B42,Virginia Beach,ba679216-ee2b-4344-afb9-134290faf502,SAMMS-VirginiaBeachV5
202608302104539448,202608301904173339,202608301904170791,85,4115,Bronze INV,br_ReAssessmentSocial,TASK_COMPLETE,SUCCESS,INFO,925,925,0,,2026-08-30T19:04:27.050Z,2026-08-30T21:04:59.710Z,7232,2026-08-30T21:04:59.710Z,B42A,Newport News,ba679216-ee2b-4344-afb9-134290faf502,SAMMS-NewportNewsV5
202608302104539449,202608301904173340,202608301904170791,85,4116,Bronze INV,br_ReAssessmentSocial,TASK_COMPLETE,SUCCESS,INFO,507,507,0,,2026-08-30T19:04:27.050Z,2026-08-30T21:04:59.710Z,7232,2026-08-30T21:04:59.710Z,B42B,Franklin,ba679216-ee2b-4344-afb9-134290faf502,SAMMS-FranklinV5
202608302104539450,202608301904173341,202608301904170791,85,4117,Bronze INV,br_ReAssessmentSocial,TASK_COMPLETE,SUCCESS,INFO,340,340,0,,2026-08-30T19:04:27.050Z,2026-08-30T21:04:59.710Z,7232,2026-08-30T21:04:59.710Z,B42C,Glen Allen,ba679216-ee2b-4344-afb9-134290faf502,SAMMS-GlenAllenV5
202608302104539451,202608301904173342,202608301904170791,85,4118,Bronze INV,br_ReAssessmentSocial,TASK_COMPLETE,SUCCESS,INFO,1480,1480,0,,2026-08-30T19:04:27.050Z,2026-08-30T21:04:59.710Z,7232,2026-08-30T21:04:59.710Z,B42D,Chesapeake South,ba679216-ee2b-4344-afb9-134290faf502,SAMMS-ChesapeakeSouthV5
202608302104539452,202608301904173343,202608301904170791,85,4119,Bronze INV,br_ReAssessmentSocial,TASK_COMPLETE,SUCCESS,INFO,632,632,0,,2026-08-30T19:04:27.050Z,2026-08-30T21:04:59.710Z,7232,2026-08-30T21:04:59.710Z,B44,Albany,ba679216-ee2b-4344-afb9-134290faf502,SAMMS-AlbanyV5
202608302104539454,202608301904173344,202608301904170791,85,4120,Bronze INV,br_ReAssessmentSocial,TASK_COMPLETE,SUCCESS,INFO,1268,1268,0,,2026-08-30T19:04:27.050Z,2026-08-30T21:04:59.710Z,7232,2026-08-30T21:04:59.710Z,B45,Tifton,ba679216-ee2b-4344-afb9-134290faf502,SAMMS-TiftonV5
202608302104539457,202608301904173345,202608301904170791,85,4121,Bronze INV,br_ReAssessmentSocial,TASK_COMPLETE,SUCCESS,INFO,588,588,0,,2026-08-30T19:04:27.050Z,2026-08-30T21:04:59.710Z,7232,2026-08-30T21:04:59.710Z,B46,Washington DC,ba679216-ee2b-4344-afb9-134290faf502,SAMMS-WashingtonDCv5
202608302104539458,202608301904173346,202608301904170791,85,4122,Bronze INV,br_ReAssessmentSocial,TASK_COMPLETE,SUCCESS,INFO,1558,1558,0,,2026-08-30T19:04:27.050Z,2026-08-30T21:04:59.710Z,7232,2026-08-30T21:04:59.710Z,B47,Mobile,ba679216-ee2b-4344-afb9-134290faf502,SAMMS-MobileV5
202608302104539460,202608301904173347,202608301904170791,85,4123,Bronze INV,br_ReAssessmentSocial,TASK_COMPLETE,SUCCESS,INFO,1294,1294,0,,2026-08-30T19:04:27.050Z,2026-08-30T21:04:59.710Z,7232,2026-08-30T21:04:59.710Z,B48,Tuscaloosa,ba679216-ee2b-4344-afb9-134290faf502,SAMMS-TuscaloosaV5
202608302104539461,202608301904173348,202608301904170791,85,4132,Bronze INV,br_ReAssessmentSocial,TASK_COMPLETE,SUCCESS,INFO,2,2,0,,2026-08-30T19:04:27.050Z,2026-08-30T21:04:59.710Z,7232,2026-08-30T21:04:59.710Z,B51,N. Little Rock (OTP),ba679216-ee2b-4344-afb9-134290faf502,SAMMS-NorthLittleRockV6
202608302104539462,202608301904173349,202608301904170791,85,4133,Bronze INV,br_ReAssessmentSocial,TASK_COMPLETE,SUCCESS,INFO,453,453,0,,2026-08-30T19:04:27.050Z,2026-08-30T21:04:59.710Z,7232,2026-08-30T21:04:59.710Z,B52,Jackson GA,ba679216-ee2b-4344-afb9-134290faf502,SAMMS-JacksonGAV5
202608302104539463,202608301904173350,202608301904170791,85,4134,Bronze INV,br_ReAssessmentSocial,TASK_COMPLETE,SUCCESS,INFO,1702,1702,0,,2026-08-30T19:04:27.050Z,2026-08-30T21:04:59.710Z,7232,2026-08-30T21:04:59.710Z,B54,Gadsden,ba679216-ee2b-4344-afb9-134290faf502,SAMMS-GadsdenV5
202608302104539464,202608301904173351,202608301904170791,85,4135,Bronze INV,br_ReAssessmentSocial,TASK_COMPLETE,SUCCESS,INFO,945,945,0,,2026-08-30T19:04:27.050Z,2026-08-30T21:04:59.710Z,7232,2026-08-30T21:04:59.710Z,B55,Shoals,ba679216-ee2b-4344-afb9-134290faf502,SAMMS-ShoalsV5
202608302104539465,202608301904173352,202608301904170791,85,4136,Bronze INV,br_ReAssessmentSocial,TASK_COMPLETE,SUCCESS,INFO,294,294,0,,2026-08-30T19:04:27.050Z,2026-08-30T21:04:59.710Z,7232,2026-08-30T21:04:59.710Z,B57,Pawtucket,ba679216-ee2b-4344-afb9-134290faf502,SAMMS-Pawtucket
202608302104539466,202608301904173353,202608301904170791,85,4137,Bronze INV,br_ReAssessmentSocial,TASK_COMPLETE,SUCCESS,INFO,550,550,0,,2026-08-30T19:04:27.050Z,2026-08-30T21:04:59.710Z,7232,2026-08-30T21:04:59.710Z,B57A,Johnston,ba679216-ee2b-4344-afb9-134290faf502,SAMMS-Johnston
202608302104539468,202608301904173354,202608301904170791,85,4138,Bronze INV,br_ReAssessmentSocial,TASK_COMPLETE,SUCCESS,INFO,166,166,0,,2026-08-30T19:04:27.050Z,2026-08-30T21:04:59.710Z,7232,2026-08-30T21:04:59.710Z,B57B,Middletown,ba679216-ee2b-4344-afb9-134290faf502,SAMMS-Middletown
202608302104539469,202608301904173355,202608301904170791,85,4139,Bronze INV,br_ReAssessmentSocial,TASK_COMPLETE,SUCCESS,INFO,410,410,0,,2026-08-30T19:04:27.050Z,2026-08-30T21:04:59.710Z,7232,2026-08-30T21:04:59.710Z,B57C,Providence,ba679216-ee2b-4344-afb9-134290faf502,SAMMS-Providence
202608302104539470,202608301904173356,202608301904170791,85,4140,Bronze INV,br_ReAssessmentSocial,TASK_COMPLETE,SUCCESS,INFO,621,621,0,,2026-08-30T19:04:27.050Z,2026-08-30T21:04:59.710Z,7232,2026-08-30T21:04:59.710Z,B57D,Westerly,ba679216-ee2b-4344-afb9-134290faf502,SAMMS-Westerly
202608302104539471,202608301904173357,202608301904170791,85,4144,Bronze INV,br_ReAssessmentSocial,TASK_COMPLETE,SUCCESS,INFO,4,4,0,,2026-08-30T19:04:27.050Z,2026-08-30T21:04:59.710Z,7232,2026-08-30T21:04:59.710Z,B66A,Bremen,ba679216-ee2b-4344-afb9-134290faf502,SAMMS-Bremen
202608302104539472,202608301904173358,202608301904170791,85,4147,Bronze INV,br_ReAssessmentSocial,TASK_COMPLETE,SUCCESS,INFO,0,0,0,,2026-08-30T19:04:27.050Z,2026-08-30T21:04:59.710Z,7232,2026-08-30T21:04:59.710Z,B72,Mobile (OBOT),ba679216-ee2b-4344-afb9-134290faf502,SAMMS-Mobile-OBOT
202608302104539473,202608301904173359,202608301904170791,85,4148,Bronze INV,br_ReAssessmentSocial,TASK_COMPLETE,SUCCESS,INFO,0,0,0,,2026-08-30T19:04:27.050Z,2026-08-30T21:04:59.710Z,7232,2026-08-30T21:04:59.710Z,B73,Montgomery,ba679216-ee2b-4344-afb9-134290faf502,SAMMS-Montgomery
202608302104539474,202608301904173360,202608301904170791,85,4149,Bronze INV,br_ReAssessmentSocial,TASK_COMPLETE,SUCCESS,INFO,516,516,0,,2026-08-30T19:04:27.050Z,2026-08-30T21:04:59.710Z,7232,2026-08-30T21:04:59.710Z,B75,Lawrence,ba679216-ee2b-4344-afb9-134290faf502,SAMMS-LawrenceV6
202608302104539476,202608301904173361,202608301904170791,85,4150,Bronze INV,br_ReAssessmentSocial,TASK_COMPLETE,SUCCESS,INFO,0,0,0,,2026-08-30T19:04:27.050Z,2026-08-30T21:04:59.710Z,7232,2026-08-30T21:04:59.710Z,B76,Huntsville OBOT,ba679216-ee2b-4344-afb9-134290faf502,SAMMS-Huntsville-OBOT
202608302104539477,202608301904173362,202608301904170791,85,4151,Bronze INV,br_ReAssessmentSocial,TASK_COMPLETE,SUCCESS,INFO,0,0,0,,2026-08-30T19:04:27.050Z,2026-08-30T21:04:59.710Z,7232,2026-08-30T21:04:59.710Z,BAT,Batesville,ba679216-ee2b-4344-afb9-134290faf502,SAMMS-Batesville
202608302104539478,202608301904173363,202608301904170791,85,4152,Bronze INV,br_ReAssessmentSocial,TASK_COMPLETE,SUCCESS,INFO,460,460,0,,2026-08-30T19:04:27.050Z,2026-08-30T21:04:59.710Z,7232,2026-08-30T21:04:59.710Z,BG,Bowling Green,ba679216-ee2b-4344-afb9-134290faf502,SAMMS-BowlingGreen
202608302104539479,202608301904173364,202608301904170791,85,4153,Bronze INV,br_ReAssessmentSocial,TASK_COMPLETE,SUCCESS,INFO,180,180,0,,2026-08-30T19:04:27.050Z,2026-08-30T21:04:59.710Z,7232,2026-08-30T21:04:59.710Z,BOI,Boise,ba679216-ee2b-4344-afb9-134290faf502,SAMMS-Boise
202608302104539480,202608301904173365,202608301904170791,85,4160,Bronze INV,br_ReAssessmentSocial,TASK_COMPLETE,SUCCESS,INFO,51,51,0,,2026-08-30T19:04:27.050Z,2026-08-30T21:04:59.710Z,7232,2026-08-30T21:04:59.710Z,CBCO,Coeur dAlene,ba679216-ee2b-4344-afb9-134290faf502,SAMMS-CoeurdAleneV6
202608302104539481,202608301904173366,202608301904170791,85,4179,Bronze INV,br_ReAssessmentSocial,TASK_COMPLETE,SUCCESS,INFO,0,0,0,,2026-08-30T19:04:27.050Z,2026-08-30T21:04:59.710Z,7232,2026-08-30T21:04:59.710Z,CON,Conway,ba679216-ee2b-4344-afb9-134290faf502,SAMMS-Conway
202608302104539482,202608301904173367,202608301904170791,85,4180,Bronze INV,br_ReAssessmentSocial,TASK_COMPLETE,SUCCESS,INFO,2568,2568,0,,2026-08-30T19:04:27.050Z,2026-08-30T21:04:59.710Z,7232,2026-08-30T21:04:59.710Z,D07,Medical Services Knox TN,ba679216-ee2b-4344-afb9-134290faf502,SAMMS-KnoxvilleV6
202608302104539484,202608301904173368,202608301904170791,85,4181,Bronze INV,br_ReAssessmentSocial,TASK_COMPLETE,SUCCESS,INFO,111,111,0,,2026-08-30T19:04:27.050Z,2026-08-30T21:04:59.710Z,7232,2026-08-30T21:04:59.710Z,D08,Madison,ba679216-ee2b-4344-afb9-134290faf502,SAMMS-MadisonV6
202608302104539485,202608301904173369,202608301904170791,85,4183,Bronze INV,br_ReAssessmentSocial,TASK_COMPLETE,SUCCESS,INFO,118,118,0,,2026-08-30T19:04:27.050Z,2026-08-30T21:04:59.710Z,7232,2026-08-30T21:04:59.710Z,D09,Murfreesboro,ba679216-ee2b-4344-afb9-134290faf502,SAMMS-MurfreesboroV6
202608302104539486,202608301904173370,202608301904170791,85,4184,Bronze INV,br_ReAssessmentSocial,TASK_COMPLETE,SUCCESS,INFO,336,336,0,,2026-08-30T19:04:27.050Z,2026-08-30T21:04:59.710Z,7232,2026-08-30T21:04:59.710Z,DA,Davenport,ba679216-ee2b-4344-afb9-134290faf502,SAMMS-Davenport
202608302104539487,202608301904173371,202608301904170791,85,4185,Bronze INV,br_ReAssessmentSocial,TASK_COMPLETE,SUCCESS,INFO,286,286,0,,2026-08-30T19:04:27.050Z,2026-08-30T21:04:59.710Z,7232,2026-08-30T21:04:59.710Z,DM,Des Moines,ba679216-ee2b-4344-afb9-134290faf502,SAMMS-DesMoines
202608302104539488,202608301904173372,202608301904170791,85,4187,Bronze INV,br_ReAssessmentSocial,TASK_COMPLETE,SUCCESS,INFO,529,529,0,,2026-08-30T19:04:27.050Z,2026-08-30T21:04:59.710Z,7232,2026-08-30T21:04:59.710Z,DRD-CO,Columbia MO,ba679216-ee2b-4344-afb9-134290faf502,SAMMS-ColumbiaV5
202608302104539489,202608301904173373,202608301904170791,85,4188,Bronze INV,br_ReAssessmentSocial,TASK_COMPLETE,SUCCESS,INFO,347,347,0,,2026-08-30T19:04:27.050Z,2026-08-30T21:04:59.710Z,7232,2026-08-30T21:04:59.710Z,DRD-KC,KC,ba679216-ee2b-4344-afb9-134290faf502,SAMMS-KCv5
202608302104539490,202608301904173374,202608301904170791,85,4189,Bronze INV,br_ReAssessmentSocial,TASK_COMPLETE,SUCCESS,INFO,1551,1551,0,,2026-08-30T19:04:27.050Z,2026-08-30T21:04:59.710Z,7232,2026-08-30T21:04:59.710Z,DRD-KVB,KVB,ba679216-ee2b-4344-afb9-134290faf502,SAMMS-KVBv5
202608302104539491,202608301904173375,202608301904170791,85,4190,Bronze INV,br_ReAssessmentSocial,TASK_COMPLETE,SUCCESS,INFO,1669,1669,0,,2026-08-30T19:04:27.050Z,2026-08-30T21:04:59.710Z,7232,2026-08-30T21:04:59.710Z,DRD-KVC,KVC,ba679216-ee2b-4344-afb9-134290faf502,SAMMS-KVCv5
202608302104539493,202608301904173376,202608301904170791,85,4191,Bronze INV,br_ReAssessmentSocial,TASK_COMPLETE,SUCCESS,INFO,3201,3201,0,,2026-08-30T19:04:27.050Z,2026-08-30T21:04:59.710Z,7232,2026-08-30T21:04:59.710Z,DRD-NOLA,NOLA,ba679216-ee2b-4344-afb9-134290faf502,SAMMS-NOLAv5
202608302104539494,202608301904173377,202608301904170791,85,4192,Bronze INV,br_ReAssessmentSocial,TASK_COMPLETE,SUCCESS,INFO,798,798,0,,2026-08-30T19:04:27.050Z,2026-08-30T21:04:59.710Z,7232,2026-08-30T21:04:59.710Z,DRD-SF,Springfield,ba679216-ee2b-4344-afb9-134290faf502,SAMMS-SFv5
202608302104539495,202608301904173378,202608301904170791,85,4194,Bronze INV,br_ReAssessmentSocial,TASK_COMPLETE,SUCCESS,INFO,260,260,0,,2026-08-30T19:04:27.050Z,2026-08-30T21:04:59.710Z,7232,2026-08-30T21:04:59.710Z,ELC,Elizabeth City,ba679216-ee2b-4344-afb9-134290faf502,SAMMS-ElizabethCity
202608302104539496,202608301904173379,202608301904170791,85,4195,Bronze INV,br_ReAssessmentSocial,TASK_COMPLETE,SUCCESS,INFO,128,128,0,,2026-08-30T19:04:27.050Z,2026-08-30T21:04:59.710Z,7232,2026-08-30T21:04:59.710Z,ET,Elizabethtown,ba679216-ee2b-4344-afb9-134290faf502,SAMMS-Elizabethtown
202608302104539497,202608301904173380,202608301904170791,85,4196,Bronze INV,br_ReAssessmentSocial,TASK_COMPLETE,SUCCESS,INFO,0,0,0,,2026-08-30T19:04:27.050Z,2026-08-30T21:04:59.710Z,7232,2026-08-30T21:04:59.710Z,FAY,Fayetteville,ba679216-ee2b-4344-afb9-134290faf502,SAMMS-Fayetteville
202608302104539498,202608301904173381,202608301904170791,85,4197,Bronze INV,br_ReAssessmentSocial,TASK_COMPLETE,SUCCESS,INFO,156,156,0,,2026-08-30T19:04:27.050Z,2026-08-30T21:04:59.710Z,7232,2026-08-30T21:04:59.710Z,FR,Frankfort,ba679216-ee2b-4344-afb9-134290faf502,SAMMS-Frankfort
202608302104539499,202608301904173382,202608301904170791,85,4198,Bronze INV,br_ReAssessmentSocial,TASK_COMPLETE,SUCCESS,INFO,0,0,0,,2026-08-30T19:04:27.050Z,2026-08-30T21:04:59.710Z,7232,2026-08-30T21:04:59.710Z,FS,Fort Smith,ba679216-ee2b-4344-afb9-134290faf502,SAMMS-FortSmith
202608302104539501,202608301904173383,202608301904170791,85,4199,Bronze INV,br_ReAssessmentSocial,TASK_COMPLETE,SUCCESS,INFO,465,465,0,,2026-08-30T19:04:27.050Z,2026-08-30T21:04:59.710Z,7232,2026-08-30T21:04:59.710Z,FW,Fort Wayne,ba679216-ee2b-4344-afb9-134290faf502,SAMMS-FortWayne
202608302104539502,202608301904173384,202608301904170791,85,4200,Bronze INV,br_ReAssessmentSocial,TASK_COMPLETE,SUCCESS,INFO,273,273,0,,2026-08-30T19:04:27.050Z,2026-08-30T21:04:59.710Z,7232,2026-08-30T21:04:59.710Z,GAL,Gaylord,ba679216-ee2b-4344-afb9-134290faf502,SAMMS-Gaylord
202608302104539503,202608301904173385,202608301904170791,85,4204,Bronze INV,br_ReAssessmentSocial,TASK_COMPLETE,SUCCESS,INFO,100,100,0,,2026-08-30T19:04:27.050Z,2026-08-30T21:04:59.710Z,7232,2026-08-30T21:04:59.710Z,HGT,Hagerstown,ba679216-ee2b-4344-afb9-134290faf502,SAMMS-Hagerstown
202608302104539504,202608301904173386,202608301904170791,85,4205,Bronze INV,br_ReAssessmentSocial,TASK_COMPLETE,SUCCESS,INFO,1718,1718,0,,2026-08-30T19:04:27.050Z,2026-08-30T21:04:59.710Z,7232,2026-08-30T21:04:59.710Z,HNT,Huntsville,ba679216-ee2b-4344-afb9-134290faf502,SAMMS-Huntsville
202608302104539505,202608301904173387,202608301904170791,85,4206,Bronze INV,br_ReAssessmentSocial,TASK_COMPLETE,SUCCESS,INFO,0,0,0,,2026-08-30T19:04:27.050Z,2026-08-30T21:04:59.710Z,7232,2026-08-30T21:04:59.710Z,HS,Hot Springs,ba679216-ee2b-4344-afb9-134290faf502,SAMMS-HotSprings
202608302104539506,202608301904173388,202608301904170791,85,4207,Bronze INV,br_ReAssessmentSocial,TASK_COMPLETE,SUCCESS,INFO,0,0,0,,2026-08-30T19:04:27.050Z,2026-08-30T21:04:59.710Z,7232,2026-08-30T21:04:59.710Z,JON,Jonesboro,ba679216-ee2b-4344-afb9-134290faf502,SAMMS-Jonesboro
202608302104539508,202608301904173389,202608301904170791,85,4209,Bronze INV,br_ReAssessmentSocial,TASK_COMPLETE,SUCCESS,INFO,444,444,0,,2026-08-30T19:04:27.050Z,2026-08-30T21:04:59.710Z,7232,2026-08-30T21:04:59.710Z,LAN,Lansing,ba679216-ee2b-4344-afb9-134290faf502,SAMMS-Lansing
202608302104539509,202608301904173390,202608301904170791,85,4210,Bronze INV,br_ReAssessmentSocial,TASK_COMPLETE,SUCCESS,INFO,1286,1286,0,,2026-08-30T19:04:27.050Z,2026-08-30T21:04:59.710Z,7232,2026-08-30T21:04:59.710Z,LO,Louisville,ba679216-ee2b-4344-afb9-134290faf502,SAMMS-Louisville
202608302104539510,202608301904173391,202608301904170791,85,4211,Bronze INV,br_ReAssessmentSocial,TASK_COMPLETE,SUCCESS,INFO,291,291,0,,2026-08-30T19:04:27.050Z,2026-08-30T21:04:59.710Z,7232,2026-08-30T21:04:59.710Z,LV1,Cheyenne,ba679216-ee2b-4344-afb9-134290faf502,SAMMS-Cheyenne
202608302104539511,202608301904173392,202608301904170791,85,4212,Bronze INV,br_ReAssessmentSocial,TASK_COMPLETE,SUCCESS,INFO,204,204,0,,2026-08-30T19:04:27.050Z,2026-08-30T21:04:59.710Z,7232,2026-08-30T21:04:59.710Z,LV2,Desert Inn,ba679216-ee2b-4344-afb9-134290faf502,SAMMS-DesertInn
202608302104539512,202608301904173393,202608301904170791,85,4213,Bronze INV,br_ReAssessmentSocial,TASK_COMPLETE,SUCCESS,INFO,110,110,0,,2026-08-30T19:04:27.050Z,2026-08-30T21:04:59.710Z,7232,2026-08-30T21:04:59.710Z,LV3,McDaniel,ba679216-ee2b-4344-afb9-134290faf502,SAMMS-McDaniel
202608302104539513,202608301904173394,202608301904170791,85,4216,Bronze INV,br_ReAssessmentSocial,TASK_COMPLETE,SUCCESS,INFO,358,358,0,,2026-08-30T19:04:27.050Z,2026-08-30T21:04:59.710Z,7232,2026-08-30T21:04:59.710Z,MNRE,Monroe,ba679216-ee2b-4344-afb9-134290faf502,SAMMS-Monroe
202608302104539514,202608301904173395,202608301904170791,85,4217,Bronze INV,br_ReAssessmentSocial,TASK_COMPLETE,SUCCESS,INFO,1422,1422,0,,2026-08-30T19:04:27.050Z,2026-08-30T21:04:59.710Z,7232,2026-08-30T21:04:59.710Z,MP,Mt. Pleasant,ba679216-ee2b-4344-afb9-134290faf502,SAMMS-MtPleasant
202608302104539516,202608301904173396,202608301904170791,85,4218,Bronze INV,br_ReAssessmentSocial,TASK_COMPLETE,SUCCESS,INFO,153,153,0,,2026-08-30T19:04:27.050Z,2026-08-30T21:04:59.710Z,7232,2026-08-30T21:04:59.710Z,MRD,Meridian,ba679216-ee2b-4344-afb9-134290faf502,SAMMS-Meridian
202608302104539517,202608301904173397,202608301904170791,85,4223,Bronze INV,br_ReAssessmentSocial,TASK_COMPLETE,SUCCESS,INFO,693,693,0,,2026-08-30T19:04:27.050Z,2026-08-30T21:04:59.710Z,7232,2026-08-30T21:04:59.710Z,NC,North Charleston,ba679216-ee2b-4344-afb9-134290faf502,SAMMS-NorthCharleston
202608302104539518,202608301904173398,202608301904170791,85,4224,Bronze INV,br_ReAssessmentSocial,TASK_COMPLETE,SUCCESS,INFO,0,0,0,,2026-08-30T19:04:27.050Z,2026-08-30T21:04:59.710Z,7232,2026-08-30T21:04:59.710Z,NLR,N. Little Rock,ba679216-ee2b-4344-afb9-134290faf502,SAMMS-NLROBOT
202608302104539519,202608301904173399,202608301904170791,85,4225,Bronze INV,br_ReAssessmentSocial,TASK_COMPLETE,SUCCESS,INFO,111,111,0,,2026-08-30T19:04:27.050Z,2026-08-30T21:04:59.710Z,7232,2026-08-30T21:04:59.710Z,PH,Phoenix,ba679216-ee2b-4344-afb9-134290faf502,SAMMS-Phoenix
202608302104539520,202608301904173400,202608301904170791,85,4229,Bronze INV,br_ReAssessmentSocial,TASK_COMPLETE,SUCCESS,INFO,213,213,0,,2026-08-30T19:04:27.050Z,2026-08-30T21:04:59.710Z,7232,2026-08-30T21:04:59.710Z,RE,Reno,ba679216-ee2b-4344-afb9-134290faf502,SAMMS-Reno
202608302104539521,202608301904173401,202608301904170791,85,4230,Bronze INV,br_ReAssessmentSocial,TASK_COMPLETE,SUCCESS,INFO,87,87,0,,2026-08-30T19:04:27.050Z,2026-08-30T21:04:59.710Z,7232,2026-08-30T21:04:59.710Z,RMD,Richmond,ba679216-ee2b-4344-afb9-134290faf502,SAMMS-Richmond
202608302104539522,202608301904173402,202608301904170791,85,4231,Bronze INV,br_ReAssessmentSocial,TASK_COMPLETE,SUCCESS,INFO,589,589,0,,2026-08-30T19:04:27.050Z,2026-08-30T21:04:59.710Z,7232,2026-08-30T21:04:59.710Z,SFN,Springfield North,ba679216-ee2b-4344-afb9-134290faf502,SAMMS-SFNv5
202608302104539524,202608301904173403,202608301904170791,85,4232,Bronze INV,br_ReAssessmentSocial,TASK_COMPLETE,SUCCESS,INFO,762,762,0,,2026-08-30T19:04:27.050Z,2026-08-30T21:04:59.710Z,7232,2026-08-30T21:04:59.710Z,SHP,Shreveport,ba679216-ee2b-4344-afb9-134290faf502,SAMMS-Shreveport
202608302104539525,202608301904173404,202608301904170791,85,4234,Bronze INV,br_ReAssessmentSocial,TASK_COMPLETE,SUCCESS,INFO,483,483,0,,2026-08-30T19:04:27.050Z,2026-08-30T21:04:59.710Z,7232,2026-08-30T21:04:59.710Z,STN,Staunton,ba679216-ee2b-4344-afb9-134290faf502,SAMMS-Staunton
202608302104539526,202608301904173405,202608301904170791,85,4235,Bronze INV,br_ReAssessmentSocial,TASK_COMPLETE,SUCCESS,INFO,225,225,0,,2026-08-30T19:04:27.050Z,2026-08-30T21:04:59.710Z,7232,2026-08-30T21:04:59.710Z,STVN,Stevenson,ba679216-ee2b-4344-afb9-134290faf502,SAMMS-Stevenson
202608302104539527,202608301904173406,202608301904170791,85,4237,Bronze INV,br_ReAssessmentSocial,TASK_COMPLETE,SUCCESS,INFO,173,173,0,,2026-08-30T19:04:27.050Z,2026-08-30T21:04:59.710Z,7232,2026-08-30T21:04:59.710Z,TE,Tempe,ba679216-ee2b-4344-afb9-134290faf502,SAMMS-Tempe
202608302104539528,202608301904173407,202608301904170791,85,4238,Bronze INV,br_ReAssessmentSocial,TASK_COMPLETE,SUCCESS,INFO,0,0,0,,2026-08-30T19:04:27.050Z,2026-08-30T21:04:59.710Z,7232,2026-08-30T21:04:59.710Z,TEX,Texarkana,ba679216-ee2b-4344-afb9-134290faf502,SAMMS-Texarkana
202608302104539529,202608301904173408,202608301904170791,85,4239,Bronze INV,br_ReAssessmentSocial,TASK_COMPLETE,SUCCESS,INFO,1069,1069,0,,2026-08-30T19:04:27.050Z,2026-08-30T21:04:59.710Z,7232,2026-08-30T21:04:59.710Z,TTCA,Bessemer,ba679216-ee2b-4344-afb9-134290faf502,SAMMS-BessemerV5
202608302104539530,202608301904173409,202608301904170791,85,4240,Bronze INV,br_ReAssessmentSocial,TASK_COMPLETE,SUCCESS,INFO,1315,1315,0,,2026-08-30T19:04:27.050Z,2026-08-30T21:04:59.710Z,7232,2026-08-30T21:04:59.710Z,TTCB,Cullman,ba679216-ee2b-4344-afb9-134290faf502,SAMMS-CullmanV5
202608302104539531,202608301904173410,202608301904170791,85,4241,Bronze INV,br_ReAssessmentSocial,TASK_COMPLETE,SUCCESS,INFO,939,939,0,,2026-08-30T19:04:27.050Z,2026-08-30T21:04:59.710Z,7232,2026-08-30T21:04:59.710Z,TTCC,Grand Bay,ba679216-ee2b-4344-afb9-134290faf502,SAMMS-GrandBay
202608302104539533,202608301904173411,202608301904170791,85,4242,Bronze INV,br_ReAssessmentSocial,TASK_COMPLETE,SUCCESS,INFO,15,15,0,,2026-08-30T19:04:27.050Z,2026-08-30T21:04:59.710Z,7232,2026-08-30T21:04:59.710Z,TU,Tucson,ba679216-ee2b-4344-afb9-134290faf502,SAMMS-Tucson
202608302104539534,202608301904173412,202608301904170791,85,4244,Bronze INV,br_ReAssessmentSocial,TASK_COMPLETE,SUCCESS,INFO,660,660,0,,2026-08-30T19:04:27.050Z,2026-08-30T21:04:59.710Z,7232,2026-08-30T21:04:59.710Z,V1,Memphis South,ba679216-ee2b-4344-afb9-134290faf502,SAMMS-VCPHCS-I-MemphisV5
202608302104539535,202608301904173413,202608301904170791,85,4245,Bronze INV,br_ReAssessmentSocial,TASK_COMPLETE,SUCCESS,INFO,1626,1626,0,,2026-08-30T19:04:27.050Z,2026-08-30T21:04:59.710Z,7232,2026-08-30T21:04:59.710Z,V10,Longmont,ba679216-ee2b-4344-afb9-134290faf502,SAMMS-BoulderV5
202608302104539006,202608301904172958,202608301904170791,85,3514,Bronze INV,br_ReAssessmentLegal,TASK_COMPLETE,SUCCESS,INFO,293,293,0,,2026-08-30T19:04:27.050Z,2026-08-30T21:04:59.710Z,7232,2026-08-30T21:04:59.710Z,V14,Overland Park,ba679216-ee2b-4344-afb9-134290faf502,SAMMS-VCPHCS-XIV-BridgewayV5
202608302104539007,202608301904172959,202608301904170791,85,3515,Bronze INV,br_ReAssessmentLegal,TASK_COMPLETE,SUCCESS,INFO,608,608,0,,2026-08-30T19:04:27.050Z,2026-08-30T21:04:59.710Z,7232,2026-08-30T21:04:59.710Z,V15,Joplin,ba679216-ee2b-4344-afb9-134290faf502,SAMMS-JoplinV5
202608302104539009,202608301904172960,202608301904170791,85,3517,Bronze INV,br_ReAssessmentLegal,TASK_COMPLETE,SUCCESS,INFO,903,903,0,,2026-08-30T19:04:27.050Z,2026-08-30T21:04:59.710Z,7232,2026-08-30T21:04:59.710Z,V17,Columbia TN,ba679216-ee2b-4344-afb9-134290faf502,SAMMS-ColumbiaTNv5
202608302104539010,202608301904172961,202608301904170791,85,3519,Bronze INV,br_ReAssessmentLegal,TASK_COMPLETE,SUCCESS,INFO,533,533,0,,2026-08-30T19:04:27.050Z,2026-08-30T21:04:59.710Z,7232,2026-08-30T21:04:59.710Z,V19,Jackson,ba679216-ee2b-4344-afb9-134290faf502,SAMMS-JacksonV5
202608302104539011,202608301904172962,202608301904170791,85,3521,Bronze INV,br_ReAssessmentLegal,TASK_COMPLETE,SUCCESS,INFO,1761,1761,0,,2026-08-30T19:04:27.050Z,2026-08-30T21:04:59.710Z,7232,2026-08-30T21:04:59.710Z,V20,Paris,ba679216-ee2b-4344-afb9-134290faf502,SAMMS-ParisV5
202608302104539012,202608301904172963,202608301904170791,85,3522,Bronze INV,br_ReAssessmentLegal,TASK_COMPLETE,SUCCESS,INFO,723,723,0,,2026-08-30T19:04:27.050Z,2026-08-30T21:04:59.710Z,7232,2026-08-30T21:04:59.710Z,V21,Memphis North,ba679216-ee2b-4344-afb9-134290faf502,SAMMS-RaleighV5
202608302104539013,202608301904172964,202608301904170791,85,3525,Bronze INV,br_ReAssessmentLegal,TASK_COMPLETE,SUCCESS,INFO,1773,1773,0,,2026-08-30T19:04:27.050Z,2026-08-30T21:04:59.710Z,7232,2026-08-30T21:04:59.710Z,V5,West Bank,ba679216-ee2b-4344-afb9-134290faf502,SAMMS-NONTCv5
202608302104539014,202608301904172965,202608301904170791,85,3527,Bronze INV,br_ReAssessmentLegal,TASK_COMPLETE,SUCCESS,INFO,144,144,0,,2026-08-30T19:04:27.050Z,2026-08-30T21:04:59.710Z,7232,2026-08-30T21:04:59.710Z,V5B,Houma,ba679216-ee2b-4344-afb9-134290faf502,SAMMS-HoumaV6
202608302104539015,202608301904172966,202608301904170791,85,3528,Bronze INV,br_ReAssessmentLegal,TASK_COMPLETE,SUCCESS,INFO,1907,1907,0,,2026-08-30T19:04:27.050Z,2026-08-30T21:04:59.710Z,7232,2026-08-30T21:04:59.710Z,V6,Lake Charles,ba679216-ee2b-4344-afb9-134290faf502,SAMMS-LCv5
202608302104539017,202608301904172967,202608301904170791,85,3530,Bronze INV,br_ReAssessmentLegal,TASK_COMPLETE,SUCCESS,INFO,741,741,0,,2026-08-30T19:04:27.050Z,2026-08-30T21:04:59.710Z,7232,2026-08-30T21:04:59.710Z,V8,Memphis Midtown,ba679216-ee2b-4344-afb9-134290faf502,SAMMS-VCPHCS-VIII-MemphisV5
202608302104539018,202608301904172968,202608301904170791,85,3531,Bronze INV,br_ReAssessmentLegal,TASK_COMPLETE,SUCCESS,INFO,1758,1758,0,,2026-08-30T19:04:27.050Z,2026-08-30T21:04:59.710Z,7232,2026-08-30T21:04:59.710Z,V9,Nashville,ba679216-ee2b-4344-afb9-134290faf502,SAMMS-NashvilleV5
202608302104539019,202608301904172969,202608301904170791,85,3532,Bronze INV,br_ReAssessmentLegal,TASK_COMPLETE,SUCCESS,INFO,837,837,0,,2026-08-30T19:04:27.050Z,2026-08-30T21:04:59.710Z,7232,2026-08-30T21:04:59.710Z,VBRA,Brainerd,ba679216-ee2b-4344-afb9-134290faf502,SAMMS-BrainerdV6
202608302104539020,202608301904172970,202608301904170791,85,3533,Bronze INV,br_ReAssessmentLegal,TASK_COMPLETE,SUCCESS,INFO,1953,1953,0,,2026-08-30T19:04:27.050Z,2026-08-30T21:04:59.710Z,7232,2026-08-30T21:04:59.710Z,VBRP,Brooklyn Park,ba679216-ee2b-4344-afb9-134290faf502,SAMMS-BrooklynParkV6
202608302104539021,202608301904172971,202608301904170791,85,3535,Bronze INV,br_ReAssessmentLegal,TASK_COMPLETE,SUCCESS,INFO,743,743,0,,2026-08-30T19:04:27.050Z,2026-08-30T21:04:59.710Z,7232,2026-08-30T21:04:59.710Z,VMIN,Minneapolis,ba679216-ee2b-4344-afb9-134290faf502,SAMMS-MinneapolisV6
202608302104539022,202608301904172972,202608301904170791,85,3536,Bronze INV,br_ReAssessmentLegal,TASK_COMPLETE,SUCCESS,INFO,881,881,0,,2026-08-30T19:04:27.050Z,2026-08-30T21:04:59.710Z,7232,2026-08-30T21:04:59.710Z,VWBY,Woodbury,ba679216-ee2b-4344-afb9-134290faf502,SAMMS-WoodburyV6
202608302104539023,202608301904172973,202608301904170791,85,3538,Bronze INV,br_ReAssessmentLegal,TASK_COMPLETE,SUCCESS,INFO,160,160,0,,2026-08-30T19:04:27.050Z,2026-08-30T21:04:59.710Z,7232,2026-08-30T21:04:59.710Z,WIL,Wilson,ba679216-ee2b-4344-afb9-134290faf502,SAMMS-Wilson
202608302104539024,202608301904172974,202608301904170791,85,3542,Bronze INV,br_ReAssessmentMentalHealth,TASK_COMPLETE,SUCCESS,INFO,35,35,0,,2026-08-30T19:04:27.050Z,2026-08-30T21:04:59.710Z,7232,2026-08-30T21:04:59.710Z,AHK,Ahoskie,ba679216-ee2b-4344-afb9-134290faf502,SAMMS-Ahoskie
202608302104539026,202608301904172975,202608301904170791,85,3543,Bronze INV,br_ReAssessmentMentalHealth,TASK_COMPLETE,SUCCESS,INFO,662,662,0,,2026-08-30T19:04:27.050Z,2026-08-30T21:04:59.710Z,7232,2026-08-30T21:04:59.710Z,B12B,Colorado Springs,ba679216-ee2b-4344-afb9-134290faf502,SAMMS-ColoradoSpringsV5
202608302104539027,202608301904172976,202608301904170791,85,3544,Bronze INV,br_ReAssessmentMentalHealth,TASK_COMPLETE,SUCCESS,INFO,835,835,0,,2026-08-30T19:04:27.050Z,2026-08-30T21:04:59.710Z,7232,2026-08-30T21:04:59.710Z,B24,Paintsville,ba679216-ee2b-4344-afb9-134290faf502,SAMMS-PaintsvilleV5
202608302104539028,202608301904172977,202608301904170791,85,3545,Bronze INV,br_ReAssessmentMentalHealth,TASK_COMPLETE,SUCCESS,INFO,646,646,0,,2026-08-30T19:04:27.050Z,2026-08-30T21:04:59.710Z,7232,2026-08-30T21:04:59.710Z,B25,Pikeville,ba679216-ee2b-4344-afb9-134290faf502,SAMMS-PikevilleV5
202608302104539029,202608301904172978,202608301904170791,85,3546,Bronze INV,br_ReAssessmentMentalHealth,TASK_COMPLETE,SUCCESS,INFO,970,970,0,,2026-08-30T19:04:27.050Z,2026-08-30T21:04:59.710Z,7232,2026-08-30T21:04:59.710Z,B26,Hazard,ba679216-ee2b-4344-afb9-134290faf502,SAMMS-HazardV5
202608302104539030,202608301904172979,202608301904170791,85,3547,Bronze INV,br_ReAssessmentMentalHealth,TASK_COMPLETE,SUCCESS,INFO,532,532,0,,2026-08-30T19:04:27.050Z,2026-08-30T21:04:59.710Z,7232,2026-08-30T21:04:59.710Z,B27,Savannah,ba679216-ee2b-4344-afb9-134290faf502,SAMMS-SavannahV6
202608302104539031,202608301904172980,202608301904170791,85,3548,Bronze INV,br_ReAssessmentMentalHealth,TASK_COMPLETE,SUCCESS,INFO,246,246,0,,2026-08-30T19:04:27.050Z,2026-08-30T21:04:59.710Z,7232,2026-08-30T21:04:59.710Z,B28,West Plains,ba679216-ee2b-4344-afb9-134290faf502,SAMMS-WestPlainesV5
202608302104539032,202608301904172981,202608301904170791,85,3549,Bronze INV,br_ReAssessmentMentalHealth,TASK_COMPLETE,SUCCESS,INFO,461,461,0,,2026-08-30T19:04:27.050Z,2026-08-30T21:04:59.710Z,7232,2026-08-30T21:04:59.710Z,B29,Poplar Bluff,ba679216-ee2b-4344-afb9-134290faf502,SAMMS-PoplarBluffV5
202608302104539034,202608301904172982,202608301904170791,85,3550,Bronze INV,br_ReAssessmentMentalHealth,TASK_COMPLETE,SUCCESS,INFO,79,79,0,,2026-08-30T19:04:27.050Z,2026-08-30T21:04:59.710Z,7232,2026-08-30T21:04:59.710Z,B30,KC North,ba679216-ee2b-4344-afb9-134290faf502,SAMMS-KCNv5
202608302104539035,202608301904172983,202608301904170791,85,3551,Bronze INV,br_ReAssessmentMentalHealth,TASK_COMPLETE,SUCCESS,INFO,401,401,0,,2026-08-30T19:04:27.050Z,2026-08-30T21:04:59.710Z,7232,2026-08-30T21:04:59.710Z,B31,Dyersburg,ba679216-ee2b-4344-afb9-134290faf502,SAMMS-DyersburgV5
202608302104539036,202608301904172984,202608301904170791,85,3553,Bronze INV,br_ReAssessmentMentalHealth,TASK_COMPLETE,SUCCESS,INFO,487,487,0,,2026-08-30T19:04:27.050Z,2026-08-30T21:04:59.710Z,7232,2026-08-30T21:04:59.710Z,B33,Paducah,ba679216-ee2b-4344-afb9-134290faf502,SAMMS-Paducah
202608302104539037,202608301904172985,202608301904170791,85,3554,Bronze INV,br_ReAssessmentMentalHealth,TASK_COMPLETE,SUCCESS,INFO,386,386,0,,2026-08-30T19:04:27.050Z,2026-08-30T21:04:59.710Z,7232,2026-08-30T21:04:59.710Z,B34,Corbin,ba679216-ee2b-4344-afb9-134290faf502,SAMMS-CorbinV5
202608302104539038,202608301904172986,202608301904170791,85,3555,Bronze INV,br_ReAssessmentMentalHealth,TASK_COMPLETE,SUCCESS,INFO,242,242,0,,2026-08-30T19:04:27.050Z,2026-08-30T21:04:59.710Z,7232,2026-08-30T21:04:59.710Z,B35,Lexington,ba679216-ee2b-4344-afb9-134290faf502,SAMMS-LexingtonV5
202608302104539039,202608301904172987,202608301904170791,85,3556,Bronze INV,br_ReAssessmentMentalHealth,TASK_COMPLETE,SUCCESS,INFO,77,77,0,,2026-08-30T19:04:27.050Z,2026-08-30T21:04:59.710Z,7232,2026-08-30T21:04:59.710Z,B35A,Berea,ba679216-ee2b-4344-afb9-134290faf502,SAMMS-BereaV5
202608302104539040,202608301904172988,202608301904170791,85,3557,Bronze INV,br_ReAssessmentMentalHealth,TASK_COMPLETE,SUCCESS,INFO,20,20,0,,2026-08-30T19:04:27.050Z,2026-08-30T21:04:59.710Z,7232,2026-08-30T21:04:59.710Z,B36,Asheville,ba679216-ee2b-4344-afb9-134290faf502,SAMMS-AshevilleV5
202608302104539045,202608301904172989,202608301904170791,85,3558,Bronze INV,br_ReAssessmentMentalHealth,TASK_COMPLETE,SUCCESS,INFO,1,1,0,,2026-08-30T19:04:27.050Z,2026-08-30T21:04:59.710Z,7232,2026-08-30T21:04:59.710Z,B37,Clyde,ba679216-ee2b-4344-afb9-134290faf502,SAMMS-ClydeV5
202608302104539046,202608301904172990,202608301904170791,85,3559,Bronze INV,br_ReAssessmentMentalHealth,TASK_COMPLETE,SUCCESS,INFO,1188,1188,0,,2026-08-30T19:04:27.050Z,2026-08-30T21:04:59.710Z,7232,2026-08-30T21:04:59.710Z,B38,Spartanburg,ba679216-ee2b-4344-afb9-134290faf502,SAMMS-SpartanburgV5
202608302104539047,202608301904172991,202608301904170791,85,3560,Bronze INV,br_ReAssessmentMentalHealth,TASK_COMPLETE,SUCCESS,INFO,362,362,0,,2026-08-30T19:04:27.050Z,2026-08-30T21:04:59.710Z,7232,2026-08-30T21:04:59.710Z,B39,Aiken,ba679216-ee2b-4344-afb9-134290faf502,SAMMS-AikenV5
202608302104539049,202608301904172992,202608301904170791,85,3561,Bronze INV,br_ReAssessmentMentalHealth,TASK_COMPLETE,SUCCESS,INFO,1892,1892,0,,2026-08-30T19:04:27.050Z,2026-08-30T21:04:59.710Z,7232,2026-08-30T21:04:59.710Z,B41,Chesapeake,ba679216-ee2b-4344-afb9-134290faf502,SAMMS-ChesapeakeV5
202608302104539050,202608301904172993,202608301904170791,85,3562,Bronze INV,br_ReAssessmentMentalHealth,TASK_COMPLETE,SUCCESS,INFO,1919,1919,0,,2026-08-30T19:04:27.050Z,2026-08-30T21:04:59.710Z,7232,2026-08-30T21:04:59.710Z,B42,Virginia Beach,ba679216-ee2b-4344-afb9-134290faf502,SAMMS-VirginiaBeachV5
202608302104539051,202608301904172994,202608301904170791,85,3563,Bronze INV,br_ReAssessmentMentalHealth,TASK_COMPLETE,SUCCESS,INFO,931,931,0,,2026-08-30T19:04:27.050Z,2026-08-30T21:04:59.710Z,7232,2026-08-30T21:04:59.710Z,B42A,Newport News,ba679216-ee2b-4344-afb9-134290faf502,SAMMS-NewportNewsV5
202608302104539052,202608301904172995,202608301904170791,85,3564,Bronze INV,br_ReAssessmentMentalHealth,TASK_COMPLETE,SUCCESS,INFO,508,508,0,,2026-08-30T19:04:27.050Z,2026-08-30T21:04:59.710Z,7232,2026-08-30T21:04:59.710Z,B42B,Franklin,ba679216-ee2b-4344-afb9-134290faf502,SAMMS-FranklinV5
202608302104539053,202608301904172996,202608301904170791,85,3565,Bronze INV,br_ReAssessmentMentalHealth,TASK_COMPLETE,SUCCESS,INFO,345,345,0,,2026-08-30T19:04:27.050Z,2026-08-30T21:04:59.710Z,7232,2026-08-30T21:04:59.710Z,B42C,Glen Allen,ba679216-ee2b-4344-afb9-134290faf502,SAMMS-GlenAllenV5
202608302104539055,202608301904172997,202608301904170791,85,3566,Bronze INV,br_ReAssessmentMentalHealth,TASK_COMPLETE,SUCCESS,INFO,1483,1483,0,,2026-08-30T19:04:27.050Z,2026-08-30T21:04:59.710Z,7232,2026-08-30T21:04:59.710Z,B42D,Chesapeake South,ba679216-ee2b-4344-afb9-134290faf502,SAMMS-ChesapeakeSouthV5
202608302104539056,202608301904172998,202608301904170791,85,3567,Bronze INV,br_ReAssessmentMentalHealth,TASK_COMPLETE,SUCCESS,INFO,632,632,0,,2026-08-30T19:04:27.050Z,2026-08-30T21:04:59.710Z,7232,2026-08-30T21:04:59.710Z,B44,Albany,ba679216-ee2b-4344-afb9-134290faf502,SAMMS-AlbanyV5
202608302104539057,202608301904172999,202608301904170791,85,3568,Bronze INV,br_ReAssessmentMentalHealth,TASK_COMPLETE,SUCCESS,INFO,1270,1270,0,,2026-08-30T19:04:27.050Z,2026-08-30T21:04:59.710Z,7232,2026-08-30T21:04:59.710Z,B45,Tifton,ba679216-ee2b-4344-afb9-134290faf502,SAMMS-TiftonV5
202608302104539058,202608301904173000,202608301904170791,85,3569,Bronze INV,br_ReAssessmentMentalHealth,TASK_COMPLETE,SUCCESS,INFO,590,590,0,,2026-08-30T19:04:27.050Z,2026-08-30T21:04:59.710Z,7232,2026-08-30T21:04:59.710Z,B46,Washington DC,ba679216-ee2b-4344-afb9-134290faf502,SAMMS-WashingtonDCv5
202608302104539059,202608301904173001,202608301904170791,85,3570,Bronze INV,br_ReAssessmentMentalHealth,TASK_COMPLETE,SUCCESS,INFO,1573,1573,0,,2026-08-30T19:04:27.050Z,2026-08-30T21:04:59.710Z,7232,2026-08-30T21:04:59.710Z,B47,Mobile,ba679216-ee2b-4344-afb9-134290faf502,SAMMS-MobileV5
202608302104539060,202608301904173002,202608301904170791,85,3571,Bronze INV,br_ReAssessmentMentalHealth,TASK_COMPLETE,SUCCESS,INFO,1297,1297,0,,2026-08-30T19:04:27.050Z,2026-08-30T21:04:59.710Z,7232,2026-08-30T21:04:59.710Z,B48,Tuscaloosa,ba679216-ee2b-4344-afb9-134290faf502,SAMMS-TuscaloosaV5
202608302104539061,202608301904173003,202608301904170791,85,3580,Bronze INV,br_ReAssessmentMentalHealth,TASK_COMPLETE,SUCCESS,INFO,2,2,0,,2026-08-30T19:04:27.050Z,2026-08-30T21:04:59.710Z,7232,2026-08-30T21:04:59.710Z,B51,N. Little Rock (OTP),ba679216-ee2b-4344-afb9-134290faf502,SAMMS-NorthLittleRockV6
202608302104539063,202608301904173004,202608301904170791,85,3581,Bronze INV,br_ReAssessmentMentalHealth,TASK_COMPLETE,SUCCESS,INFO,457,457,0,,2026-08-30T19:04:27.050Z,2026-08-30T21:04:59.710Z,7232,2026-08-30T21:04:59.710Z,B52,Jackson GA,ba679216-ee2b-4344-afb9-134290faf502,SAMMS-JacksonGAV5
202608302104539064,202608301904173005,202608301904170791,85,3582,Bronze INV,br_ReAssessmentMentalHealth,TASK_COMPLETE,SUCCESS,INFO,1703,1703,0,,2026-08-30T19:04:27.050Z,2026-08-30T21:04:59.710Z,7232,2026-08-30T21:04:59.710Z,B54,Gadsden,ba679216-ee2b-4344-afb9-134290faf502,SAMMS-GadsdenV5
202608302104539065,202608301904173006,202608301904170791,85,3583,Bronze INV,br_ReAssessmentMentalHealth,TASK_COMPLETE,SUCCESS,INFO,952,952,0,,2026-08-30T19:04:27.050Z,2026-08-30T21:04:59.710Z,7232,2026-08-30T21:04:59.710Z,B55,Shoals,ba679216-ee2b-4344-afb9-134290faf502,SAMMS-ShoalsV5
202608302104539066,202608301904173007,202608301904170791,85,3584,Bronze INV,br_ReAssessmentMentalHealth,TASK_COMPLETE,SUCCESS,INFO,294,294,0,,2026-08-30T19:04:27.050Z,2026-08-30T21:04:59.710Z,7232,2026-08-30T21:04:59.710Z,B57,Pawtucket,ba679216-ee2b-4344-afb9-134290faf502,SAMMS-Pawtucket
202608302104539067,202608301904173008,202608301904170791,85,3585,Bronze INV,br_ReAssessmentMentalHealth,TASK_COMPLETE,SUCCESS,INFO,554,554,0,,2026-08-30T19:04:27.050Z,2026-08-30T21:04:59.710Z,7232,2026-08-30T21:04:59.710Z,B57A,Johnston,ba679216-ee2b-4344-afb9-134290faf502,SAMMS-Johnston
202608302104539068,202608301904173009,202608301904170791,85,3586,Bronze INV,br_ReAssessmentMentalHealth,TASK_COMPLETE,SUCCESS,INFO,166,166,0,,2026-08-30T19:04:27.050Z,2026-08-30T21:04:59.710Z,7232,2026-08-30T21:04:59.710Z,B57B,Middletown,ba679216-ee2b-4344-afb9-134290faf502,SAMMS-Middletown
202608302104539069,202608301904173010,202608301904170791,85,3587,Bronze INV,br_ReAssessmentMentalHealth,TASK_COMPLETE,SUCCESS,INFO,413,413,0,,2026-08-30T19:04:27.050Z,2026-08-30T21:04:59.710Z,7232,2026-08-30T21:04:59.710Z,B57C,Providence,ba679216-ee2b-4344-afb9-134290faf502,SAMMS-Providence
202608302104539071,202608301904173011,202608301904170791,85,3588,Bronze INV,br_ReAssessmentMentalHealth,TASK_COMPLETE,SUCCESS,INFO,626,626,0,,2026-08-30T19:04:27.050Z,2026-08-30T21:04:59.710Z,7232,2026-08-30T21:04:59.710Z,B57D,Westerly,ba679216-ee2b-4344-afb9-134290faf502,SAMMS-Westerly
202608302104539072,202608301904173012,202608301904170791,85,3592,Bronze INV,br_ReAssessmentMentalHealth,TASK_COMPLETE,SUCCESS,INFO,4,4,0,,2026-08-30T19:04:27.050Z,2026-08-30T21:04:59.710Z,7232,2026-08-30T21:04:59.710Z,B66A,Bremen,ba679216-ee2b-4344-afb9-134290faf502,SAMMS-Bremen
202608302104539073,202608301904173013,202608301904170791,85,3595,Bronze INV,br_ReAssessmentMentalHealth,TASK_COMPLETE,SUCCESS,INFO,0,0,0,,2026-08-30T19:04:27.050Z,2026-08-30T21:04:59.710Z,7232,2026-08-30T21:04:59.710Z,B72,Mobile (OBOT),ba679216-ee2b-4344-afb9-134290faf502,SAMMS-Mobile-OBOT
202608302104539074,202608301904173014,202608301904170791,85,3596,Bronze INV,br_ReAssessmentMentalHealth,TASK_COMPLETE,SUCCESS,INFO,0,0,0,,2026-08-30T19:04:27.050Z,2026-08-30T21:04:59.710Z,7232,2026-08-30T21:04:59.710Z,B73,Montgomery,ba679216-ee2b-4344-afb9-134290faf502,SAMMS-Montgomery
202608302104539075,202608301904173015,202608301904170791,85,3597,Bronze INV,br_ReAssessmentMentalHealth,TASK_COMPLETE,SUCCESS,INFO,518,518,0,,2026-08-30T19:04:27.050Z,2026-08-30T21:04:59.710Z,7232,2026-08-30T21:04:59.710Z,B75,Lawrence,ba679216-ee2b-4344-afb9-134290faf502,SAMMS-LawrenceV6
202608302104539076,202608301904173016,202608301904170791,85,3598,Bronze INV,br_ReAssessmentMentalHealth,TASK_COMPLETE,SUCCESS,INFO,0,0,0,,2026-08-30T19:04:27.050Z,2026-08-30T21:04:59.710Z,7232,2026-08-30T21:04:59.710Z,B76,Huntsville OBOT,ba679216-ee2b-4344-afb9-134290faf502,SAMMS-Huntsville-OBOT
202608302104539077,202608301904173017,202608301904170791,85,3599,Bronze INV,br_ReAssessmentMentalHealth,TASK_COMPLETE,SUCCESS,INFO,0,0,0,,2026-08-30T19:04:27.050Z,2026-08-30T21:04:59.710Z,7232,2026-08-30T21:04:59.710Z,BAT,Batesville,ba679216-ee2b-4344-afb9-134290faf502,SAMMS-Batesville
202608302104539079,202608301904173018,202608301904170791,85,3600,Bronze INV,br_ReAssessmentMentalHealth,TASK_COMPLETE,SUCCESS,INFO,461,461,0,,2026-08-30T19:04:27.050Z,2026-08-30T21:04:59.710Z,7232,2026-08-30T21:04:59.710Z,BG,Bowling Green,ba679216-ee2b-4344-afb9-134290faf502,SAMMS-BowlingGreen
202608302104539080,202608301904173019,202608301904170791,85,3601,Bronze INV,br_ReAssessmentMentalHealth,TASK_COMPLETE,SUCCESS,INFO,182,182,0,,2026-08-30T19:04:27.050Z,2026-08-30T21:04:59.710Z,7232,2026-08-30T21:04:59.710Z,BOI,Boise,ba679216-ee2b-4344-afb9-134290faf502,SAMMS-Boise
202608302104539081,202608301904173020,202608301904170791,85,3608,Bronze INV,br_ReAssessmentMentalHealth,TASK_COMPLETE,SUCCESS,INFO,51,51,0,,2026-08-30T19:04:27.050Z,2026-08-30T21:04:59.710Z,7232,2026-08-30T21:04:59.710Z,CBCO,Coeur dAlene,ba679216-ee2b-4344-afb9-134290faf502,SAMMS-CoeurdAleneV6
202608302104539082,202608301904173021,202608301904170791,85,3627,Bronze INV,br_ReAssessmentMentalHealth,TASK_COMPLETE,SUCCESS,INFO,0,0,0,,2026-08-30T19:04:27.050Z,2026-08-30T21:04:59.710Z,7232,2026-08-30T21:04:59.710Z,CON,Conway,ba679216-ee2b-4344-afb9-134290faf502,SAMMS-Conway
202608302104539083,202608301904173022,202608301904170791,85,3628,Bronze INV,br_ReAssessmentMentalHealth,TASK_COMPLETE,SUCCESS,INFO,2578,2578,0,,2026-08-30T19:04:27.050Z,2026-08-30T21:04:59.710Z,7232,2026-08-30T21:04:59.710Z,D07,Medical Services Knox TN,ba679216-ee2b-4344-afb9-134290faf502,SAMMS-KnoxvilleV6
202608302104539084,202608301904173023,202608301904170791,85,3629,Bronze INV,br_ReAssessmentMentalHealth,TASK_COMPLETE,SUCCESS,INFO,113,113,0,,2026-08-30T19:04:27.050Z,2026-08-30T21:04:59.710Z,7232,2026-08-30T21:04:59.710Z,D08,Madison,ba679216-ee2b-4344-afb9-134290faf502,SAMMS-MadisonV6
202608302104539085,202608301904173024,202608301904170791,85,3631,Bronze INV,br_ReAssessmentMentalHealth,TASK_COMPLETE,SUCCESS,INFO,120,120,0,,2026-08-30T19:04:27.050Z,2026-08-30T21:04:59.710Z,7232,2026-08-30T21:04:59.710Z,D09,Murfreesboro,ba679216-ee2b-4344-afb9-134290faf502,SAMMS-MurfreesboroV6
202608302104539086,202608301904173025,202608301904170791,85,3632,Bronze INV,br_ReAssessmentMentalHealth,TASK_COMPLETE,SUCCESS,INFO,337,337,0,,2026-08-30T19:04:27.050Z,2026-08-30T21:04:59.710Z,7232,2026-08-30T21:04:59.710Z,DA,Davenport,ba679216-ee2b-4344-afb9-134290faf502,SAMMS-Davenport
202608302104539088,202608301904173026,202608301904170791,85,3633,Bronze INV,br_ReAssessmentMentalHealth,TASK_COMPLETE,SUCCESS,INFO,288,288,0,,2026-08-30T19:04:27.050Z,2026-08-30T21:04:59.710Z,7232,2026-08-30T21:04:59.710Z,DM,Des Moines,ba679216-ee2b-4344-afb9-134290faf502,SAMMS-DesMoines
202608302104539089,202608301904173027,202608301904170791,85,3635,Bronze INV,br_ReAssessmentMentalHealth,TASK_COMPLETE,SUCCESS,INFO,530,530,0,,2026-08-30T19:04:27.050Z,2026-08-30T21:04:59.710Z,7232,2026-08-30T21:04:59.710Z,DRD-CO,Columbia MO,ba679216-ee2b-4344-afb9-134290faf502,SAMMS-ColumbiaV5
202608302104539090,202608301904173028,202608301904170791,85,3636,Bronze INV,br_ReAssessmentMentalHealth,TASK_COMPLETE,SUCCESS,INFO,347,347,0,,2026-08-30T19:04:27.050Z,2026-08-30T21:04:59.710Z,7232,2026-08-30T21:04:59.710Z,DRD-KC,KC,ba679216-ee2b-4344-afb9-134290faf502,SAMMS-KCv5
202608302104539091,202608301904173029,202608301904170791,85,3637,Bronze INV,br_ReAssessmentMentalHealth,TASK_COMPLETE,SUCCESS,INFO,1555,1555,0,,2026-08-30T19:04:27.050Z,2026-08-30T21:04:59.710Z,7232,2026-08-30T21:04:59.710Z,DRD-KVB,KVB,ba679216-ee2b-4344-afb9-134290faf502,SAMMS-KVBv5
202608302104539092,202608301904173030,202608301904170791,85,3638,Bronze INV,br_ReAssessmentMentalHealth,TASK_COMPLETE,SUCCESS,INFO,1674,1674,0,,2026-08-30T19:04:27.050Z,2026-08-30T21:04:59.710Z,7232,2026-08-30T21:04:59.710Z,DRD-KVC,KVC,ba679216-ee2b-4344-afb9-134290faf502,SAMMS-KVCv5
202608302104539093,202608301904173031,202608301904170791,85,3639,Bronze INV,br_ReAssessmentMentalHealth,TASK_COMPLETE,SUCCESS,INFO,3203,3203,0,,2026-08-30T19:04:27.050Z,2026-08-30T21:04:59.710Z,7232,2026-08-30T21:04:59.710Z,DRD-NOLA,NOLA,ba679216-ee2b-4344-afb9-134290faf502,SAMMS-NOLAv5
202608302104539094,202608301904173032,202608301904170791,85,3640,Bronze INV,br_ReAssessmentMentalHealth,TASK_COMPLETE,SUCCESS,INFO,800,800,0,,2026-08-30T19:04:27.050Z,2026-08-30T21:04:59.710Z,7232,2026-08-30T21:04:59.710Z,DRD-SF,Springfield,ba679216-ee2b-4344-afb9-134290faf502,SAMMS-SFv5
202608302104539096,202608301904173033,202608301904170791,85,3642,Bronze INV,br_ReAssessmentMentalHealth,TASK_COMPLETE,SUCCESS,INFO,260,260,0,,2026-08-30T19:04:27.050Z,2026-08-30T21:04:59.710Z,7232,2026-08-30T21:04:59.710Z,ELC,Elizabeth City,ba679216-ee2b-4344-afb9-134290faf502,SAMMS-ElizabethCity
202608302104539097,202608301904173034,202608301904170791,85,3643,Bronze INV,br_ReAssessmentMentalHealth,TASK_COMPLETE,SUCCESS,INFO,128,128,0,,2026-08-30T19:04:27.050Z,2026-08-30T21:04:59.710Z,7232,2026-08-30T21:04:59.710Z,ET,Elizabethtown,ba679216-ee2b-4344-afb9-134290faf502,SAMMS-Elizabethtown
202608302104539098,202608301904173035,202608301904170791,85,3644,Bronze INV,br_ReAssessmentMentalHealth,TASK_COMPLETE,SUCCESS,INFO,0,0,0,,2026-08-30T19:04:27.050Z,2026-08-30T21:04:59.710Z,7232,2026-08-30T21:04:59.710Z,FAY,Fayetteville,ba679216-ee2b-4344-afb9-134290faf502,SAMMS-Fayetteville
202608302104539099,202608301904173036,202608301904170791,85,3645,Bronze INV,br_ReAssessmentMentalHealth,TASK_COMPLETE,SUCCESS,INFO,156,156,0,,2026-08-30T19:04:27.050Z,2026-08-30T21:04:59.710Z,7232,2026-08-30T21:04:59.710Z,FR,Frankfort,ba679216-ee2b-4344-afb9-134290faf502,SAMMS-Frankfort
202608302104539100,202608301904173037,202608301904170791,85,3646,Bronze INV,br_ReAssessmentMentalHealth,TASK_COMPLETE,SUCCESS,INFO,0,0,0,,2026-08-30T19:04:27.050Z,2026-08-30T21:04:59.710Z,7232,2026-08-30T21:04:59.710Z,FS,Fort Smith,ba679216-ee2b-4344-afb9-134290faf502,SAMMS-FortSmith
202608302104539101,202608301904173038,202608301904170791,85,3647,Bronze INV,br_ReAssessmentMentalHealth,TASK_COMPLETE,SUCCESS,INFO,469,469,0,,2026-08-30T19:04:27.050Z,2026-08-30T21:04:59.710Z,7232,2026-08-30T21:04:59.710Z,FW,Fort Wayne,ba679216-ee2b-4344-afb9-134290faf502,SAMMS-FortWayne
202608302104539103,202608301904173039,202608301904170791,85,3648,Bronze INV,br_ReAssessmentMentalHealth,TASK_COMPLETE,SUCCESS,INFO,276,276,0,,2026-08-30T19:04:27.050Z,2026-08-30T21:04:59.710Z,7232,2026-08-30T21:04:59.710Z,GAL,Gaylord,ba679216-ee2b-4344-afb9-134290faf502,SAMMS-Gaylord
202608302104539104,202608301904173040,202608301904170791,85,3652,Bronze INV,br_ReAssessmentMentalHealth,TASK_COMPLETE,SUCCESS,INFO,100,100,0,,2026-08-30T19:04:27.050Z,2026-08-30T21:04:59.710Z,7232,2026-08-30T21:04:59.710Z,HGT,Hagerstown,ba679216-ee2b-4344-afb9-134290faf502,SAMMS-Hagerstown
202608302104539105,202608301904173041,202608301904170791,85,3653,Bronze INV,br_ReAssessmentMentalHealth,TASK_COMPLETE,SUCCESS,INFO,1724,1724,0,,2026-08-30T19:04:27.050Z,2026-08-30T21:04:59.710Z,7232,2026-08-30T21:04:59.710Z,HNT,Huntsville,ba679216-ee2b-4344-afb9-134290faf502,SAMMS-Huntsville
202608302104539106,202608301904173042,202608301904170791,85,3654,Bronze INV,br_ReAssessmentMentalHealth,TASK_COMPLETE,SUCCESS,INFO,0,0,0,,2026-08-30T19:04:27.050Z,2026-08-30T21:04:59.710Z,7232,2026-08-30T21:04:59.710Z,HS,Hot Springs,ba679216-ee2b-4344-afb9-134290faf502,SAMMS-HotSprings
202608302104539107,202608301904173043,202608301904170791,85,3655,Bronze INV,br_ReAssessmentMentalHealth,TASK_COMPLETE,SUCCESS,INFO,0,0,0,,2026-08-30T19:04:27.050Z,2026-08-30T21:04:59.710Z,7232,2026-08-30T21:04:59.710Z,JON,Jonesboro,ba679216-ee2b-4344-afb9-134290faf502,SAMMS-Jonesboro
202608302104539108,202608301904173044,202608301904170791,85,3657,Bronze INV,br_ReAssessmentMentalHealth,TASK_COMPLETE,SUCCESS,INFO,448,448,0,,2026-08-30T19:04:27.050Z,2026-08-30T21:04:59.710Z,7232,2026-08-30T21:04:59.710Z,LAN,Lansing,ba679216-ee2b-4344-afb9-134290faf502,SAMMS-Lansing
202608302104539109,202608301904173045,202608301904170791,85,3658,Bronze INV,br_ReAssessmentMentalHealth,TASK_COMPLETE,SUCCESS,INFO,1289,1289,0,,2026-08-30T19:04:27.050Z,2026-08-30T21:04:59.710Z,7232,2026-08-30T21:04:59.710Z,LO,Louisville,ba679216-ee2b-4344-afb9-134290faf502,SAMMS-Louisville
202608302104539111,202608301904173046,202608301904170791,85,3659,Bronze INV,br_ReAssessmentMentalHealth,TASK_COMPLETE,SUCCESS,INFO,291,291,0,,2026-08-30T19:04:27.050Z,2026-08-30T21:04:59.710Z,7232,2026-08-30T21:04:59.710Z,LV1,Cheyenne,ba679216-ee2b-4344-afb9-134290faf502,SAMMS-Cheyenne
202608302104539112,202608301904173047,202608301904170791,85,3660,Bronze INV,br_ReAssessmentMentalHealth,TASK_COMPLETE,SUCCESS,INFO,205,205,0,,2026-08-30T19:04:27.050Z,2026-08-30T21:04:59.710Z,7232,2026-08-30T21:04:59.710Z,LV2,Desert Inn,ba679216-ee2b-4344-afb9-134290faf502,SAMMS-DesertInn
202608302104539113,202608301904173048,202608301904170791,85,3661,Bronze INV,br_ReAssessmentMentalHealth,TASK_COMPLETE,SUCCESS,INFO,110,110,0,,2026-08-30T19:04:27.050Z,2026-08-30T21:04:59.710Z,7232,2026-08-30T21:04:59.710Z,LV3,McDaniel,ba679216-ee2b-4344-afb9-134290faf502,SAMMS-McDaniel
202608302104539114,202608301904173049,202608301904170791,85,3664,Bronze INV,br_ReAssessmentMentalHealth,TASK_COMPLETE,SUCCESS,INFO,357,357,0,,2026-08-30T19:04:27.050Z,2026-08-30T21:04:59.710Z,7232,2026-08-30T21:04:59.710Z,MNRE,Monroe,ba679216-ee2b-4344-afb9-134290faf502,SAMMS-Monroe
202608302104539115,202608301904173050,202608301904170791,85,3665,Bronze INV,br_ReAssessmentMentalHealth,TASK_COMPLETE,SUCCESS,INFO,1425,1425,0,,2026-08-30T19:04:27.050Z,2026-08-30T21:04:59.710Z,7232,2026-08-30T21:04:59.710Z,MP,Mt. Pleasant,ba679216-ee2b-4344-afb9-134290faf502,SAMMS-MtPleasant
202608302104539116,202608301904173051,202608301904170791,85,3666,Bronze INV,br_ReAssessmentMentalHealth,TASK_COMPLETE,SUCCESS,INFO,153,153,0,,2026-08-30T19:04:27.050Z,2026-08-30T21:04:59.710Z,7232,2026-08-30T21:04:59.710Z,MRD,Meridian,ba679216-ee2b-4344-afb9-134290faf502,SAMMS-Meridian
202608302104539117,202608301904173052,202608301904170791,85,3671,Bronze INV,br_ReAssessmentMentalHealth,TASK_COMPLETE,SUCCESS,INFO,694,694,0,,2026-08-30T19:04:27.050Z,2026-08-30T21:04:59.710Z,7232,2026-08-30T21:04:59.710Z,NC,North Charleston,ba679216-ee2b-4344-afb9-134290faf502,SAMMS-NorthCharleston
202608302104539118,202608301904173053,202608301904170791,85,3672,Bronze INV,br_ReAssessmentMentalHealth,TASK_COMPLETE,SUCCESS,INFO,0,0,0,,2026-08-30T19:04:27.050Z,2026-08-30T21:04:59.710Z,7232,2026-08-30T21:04:59.710Z,NLR,N. Little Rock,ba679216-ee2b-4344-afb9-134290faf502,SAMMS-NLROBOT
202608302104539120,202608301904173054,202608301904170791,85,3673,Bronze INV,br_ReAssessmentMentalHealth,TASK_COMPLETE,SUCCESS,INFO,111,111,0,,2026-08-30T19:04:27.050Z,2026-08-30T21:04:59.710Z,7232,2026-08-30T21:04:59.710Z,PH,Phoenix,ba679216-ee2b-4344-afb9-134290faf502,SAMMS-Phoenix
202608302104539121,202608301904173055,202608301904170791,85,3677,Bronze INV,br_ReAssessmentMentalHealth,TASK_COMPLETE,SUCCESS,INFO,214,214,0,,2026-08-30T19:04:27.050Z,2026-08-30T21:04:59.710Z,7232,2026-08-30T21:04:59.710Z,RE,Reno,ba679216-ee2b-4344-afb9-134290faf502,SAMMS-Reno
202608302104539122,202608301904173056,202608301904170791,85,3678,Bronze INV,br_ReAssessmentMentalHealth,TASK_COMPLETE,SUCCESS,INFO,88,88,0,,2026-08-30T19:04:27.050Z,2026-08-30T21:04:59.710Z,7232,2026-08-30T21:04:59.710Z,RMD,Richmond,ba679216-ee2b-4344-afb9-134290faf502,SAMMS-Richmond
202608302104539123,202608301904173057,202608301904170791,85,3679,Bronze INV,br_ReAssessmentMentalHealth,TASK_COMPLETE,SUCCESS,INFO,592,592,0,,2026-08-30T19:04:27.050Z,2026-08-30T21:04:59.710Z,7232,2026-08-30T21:04:59.710Z,SFN,Springfield North,ba679216-ee2b-4344-afb9-134290faf502,SAMMS-SFNv5
202608302104539124,202608301904173058,202608301904170791,85,3680,Bronze INV,br_ReAssessmentMentalHealth,TASK_COMPLETE,SUCCESS,INFO,767,767,0,,2026-08-30T19:04:27.050Z,2026-08-30T21:04:59.710Z,7232,2026-08-30T21:04:59.710Z,SHP,Shreveport,ba679216-ee2b-4344-afb9-134290faf502,SAMMS-Shreveport
202608302104539125,202608301904173059,202608301904170791,85,3682,Bronze INV,br_ReAssessmentMentalHealth,TASK_COMPLETE,SUCCESS,INFO,486,486,0,,2026-08-30T19:04:27.050Z,2026-08-30T21:04:59.710Z,7232,2026-08-30T21:04:59.710Z,STN,Staunton,ba679216-ee2b-4344-afb9-134290faf502,SAMMS-Staunton
202608302104539126,202608301904173060,202608301904170791,85,3683,Bronze INV,br_ReAssessmentMentalHealth,TASK_COMPLETE,SUCCESS,INFO,225,225,0,,2026-08-30T19:04:27.050Z,2026-08-30T21:04:59.710Z,7232,2026-08-30T21:04:59.710Z,STVN,Stevenson,ba679216-ee2b-4344-afb9-134290faf502,SAMMS-Stevenson
202608302104539128,202608301904173061,202608301904170791,85,3685,Bronze INV,br_ReAssessmentMentalHealth,TASK_COMPLETE,SUCCESS,INFO,174,174,0,,2026-08-30T19:04:27.050Z,2026-08-30T21:04:59.710Z,7232,2026-08-30T21:04:59.710Z,TE,Tempe,ba679216-ee2b-4344-afb9-134290faf502,SAMMS-Tempe
202608302104539129,202608301904173062,202608301904170791,85,3686,Bronze INV,br_ReAssessmentMentalHealth,TASK_COMPLETE,SUCCESS,INFO,0,0,0,,2026-08-30T19:04:27.050Z,2026-08-30T21:04:59.710Z,7232,2026-08-30T21:04:59.710Z,TEX,Texarkana,ba679216-ee2b-4344-afb9-134290faf502,SAMMS-Texarkana
202608302104539130,202608301904173063,202608301904170791,85,3687,Bronze INV,br_ReAssessmentMentalHealth,TASK_COMPLETE,SUCCESS,INFO,1077,1077,0,,2026-08-30T19:04:27.050Z,2026-08-30T21:04:59.710Z,7232,2026-08-30T21:04:59.710Z,TTCA,Bessemer,ba679216-ee2b-4344-afb9-134290faf502,SAMMS-BessemerV5
202608302104539131,202608301904173064,202608301904170791,85,3688,Bronze INV,br_ReAssessmentMentalHealth,TASK_COMPLETE,SUCCESS,INFO,1316,1316,0,,2026-08-30T19:04:27.050Z,2026-08-30T21:04:59.710Z,7232,2026-08-30T21:04:59.710Z,TTCB,Cullman,ba679216-ee2b-4344-afb9-134290faf502,SAMMS-CullmanV5
202608302104539132,202608301904173065,202608301904170791,85,3689,Bronze INV,br_ReAssessmentMentalHealth,TASK_COMPLETE,SUCCESS,INFO,945,945,0,,2026-08-30T19:04:27.050Z,2026-08-30T21:04:59.710Z,7232,2026-08-30T21:04:59.710Z,TTCC,Grand Bay,ba679216-ee2b-4344-afb9-134290faf502,SAMMS-GrandBay
202608302104539134,202608301904173066,202608301904170791,85,3690,Bronze INV,br_ReAssessmentMentalHealth,TASK_COMPLETE,SUCCESS,INFO,15,15,0,,2026-08-30T19:04:27.050Z,2026-08-30T21:04:59.710Z,7232,2026-08-30T21:04:59.710Z,TU,Tucson,ba679216-ee2b-4344-afb9-134290faf502,SAMMS-Tucson
202608302104539135,202608301904173067,202608301904170791,85,3692,Bronze INV,br_ReAssessmentMentalHealth,TASK_COMPLETE,SUCCESS,INFO,660,660,0,,2026-08-30T19:04:27.050Z,2026-08-30T21:04:59.710Z,7232,2026-08-30T21:04:59.710Z,V1,Memphis South,ba679216-ee2b-4344-afb9-134290faf502,SAMMS-VCPHCS-I-MemphisV5
202608302104539136,202608301904173068,202608301904170791,85,3693,Bronze INV,br_ReAssessmentMentalHealth,TASK_COMPLETE,SUCCESS,INFO,1630,1630,0,,2026-08-30T19:04:27.050Z,2026-08-30T21:04:59.710Z,7232,2026-08-30T21:04:59.710Z,V10,Longmont,ba679216-ee2b-4344-afb9-134290faf502,SAMMS-BoulderV5
202608302104539137,202608301904173069,202608301904170791,85,3694,Bronze INV,br_ReAssessmentMentalHealth,TASK_COMPLETE,SUCCESS,INFO,1516,1516,0,,2026-08-30T19:04:27.050Z,2026-08-30T21:04:59.710Z,7232,2026-08-30T21:04:59.710Z,V10A,Fort Collins,ba679216-ee2b-4344-afb9-134290faf502,SAMMS-FortCollinsV5
202608302104539138,202608301904173070,202608301904170791,85,3695,Bronze INV,br_ReAssessmentMentalHealth,TASK_COMPLETE,SUCCESS,INFO,2871,2871,0,,2026-08-30T19:04:27.050Z,2026-08-30T21:04:59.710Z,7232,2026-08-30T21:04:59.710Z,V11,Westminster,ba679216-ee2b-4344-afb9-134290faf502,SAMMS-VCPHCS-XI-NorthDenverV5
202608302104539139,202608301904173071,202608301904170791,85,3696,Bronze INV,br_ReAssessmentMentalHealth,TASK_COMPLETE,SUCCESS,INFO,3042,3042,0,,2026-08-30T19:04:27.050Z,2026-08-30T21:04:59.710Z,7232,2026-08-30T21:04:59.710Z,V12,Downtown Denver,ba679216-ee2b-4344-afb9-134290faf502,SAMMS-VCPHCS-XII-DowntownDenverV5
202608302104538726,202608301904172730,202608301904170791,85,3885,Bronze INV,br_ReAssessmentOccupational,TASK_COMPLETE,SUCCESS,INFO,904,904,0,,2026-08-30T19:04:27.050Z,2026-08-30T21:04:59.710Z,7232,2026-08-30T21:04:59.710Z,V17,Columbia TN,ba679216-ee2b-4344-afb9-134290faf502,SAMMS-ColumbiaTNv5
202608302104538727,202608301904172731,202608301904170791,85,3887,Bronze INV,br_ReAssessmentOccupational,TASK_COMPLETE,SUCCESS,INFO,533,533,0,,2026-08-30T19:04:27.050Z,2026-08-30T21:04:59.710Z,7232,2026-08-30T21:04:59.710Z,V19,Jackson,ba679216-ee2b-4344-afb9-134290faf502,SAMMS-JacksonV5
202608302104538729,202608301904172732,202608301904170791,85,3889,Bronze INV,br_ReAssessmentOccupational,TASK_COMPLETE,SUCCESS,INFO,1766,1766,0,,2026-08-30T19:04:27.050Z,2026-08-30T21:04:59.710Z,7232,2026-08-30T21:04:59.710Z,V20,Paris,ba679216-ee2b-4344-afb9-134290faf502,SAMMS-ParisV5
202608302104538730,202608301904172733,202608301904170791,85,3890,Bronze INV,br_ReAssessmentOccupational,TASK_COMPLETE,SUCCESS,INFO,723,723,0,,2026-08-30T19:04:27.050Z,2026-08-30T21:04:59.710Z,7232,2026-08-30T21:04:59.710Z,V21,Memphis North,ba679216-ee2b-4344-afb9-134290faf502,SAMMS-RaleighV5
202608302104538731,202608301904172734,202608301904170791,85,3893,Bronze INV,br_ReAssessmentOccupational,TASK_COMPLETE,SUCCESS,INFO,1778,1778,0,,2026-08-30T19:04:27.050Z,2026-08-30T21:04:59.710Z,7232,2026-08-30T21:04:59.710Z,V5,West Bank,ba679216-ee2b-4344-afb9-134290faf502,SAMMS-NONTCv5
202608302104538732,202608301904172735,202608301904170791,85,3895,Bronze INV,br_ReAssessmentOccupational,TASK_COMPLETE,SUCCESS,INFO,144,144,0,,2026-08-30T19:04:27.050Z,2026-08-30T21:04:59.710Z,7232,2026-08-30T21:04:59.710Z,V5B,Houma,ba679216-ee2b-4344-afb9-134290faf502,SAMMS-HoumaV6
202608302104538733,202608301904172736,202608301904170791,85,3896,Bronze INV,br_ReAssessmentOccupational,TASK_COMPLETE,SUCCESS,INFO,1907,1907,0,,2026-08-30T19:04:27.050Z,2026-08-30T21:04:59.710Z,7232,2026-08-30T21:04:59.710Z,V6,Lake Charles,ba679216-ee2b-4344-afb9-134290faf502,SAMMS-LCv5
202608302104538734,202608301904172737,202608301904170791,85,3898,Bronze INV,br_ReAssessmentOccupational,TASK_COMPLETE,SUCCESS,INFO,741,741,0,,2026-08-30T19:04:27.050Z,2026-08-30T21:04:59.710Z,7232,2026-08-30T21:04:59.710Z,V8,Memphis Midtown,ba679216-ee2b-4344-afb9-134290faf502,SAMMS-VCPHCS-VIII-MemphisV5
202608302104538735,202608301904172738,202608301904170791,85,3899,Bronze INV,br_ReAssessmentOccupational,TASK_COMPLETE,SUCCESS,INFO,1761,1761,0,,2026-08-30T19:04:27.050Z,2026-08-30T21:04:59.710Z,7232,2026-08-30T21:04:59.710Z,V9,Nashville,ba679216-ee2b-4344-afb9-134290faf502,SAMMS-NashvilleV5
202608302104538737,202608301904172739,202608301904170791,85,3900,Bronze INV,br_ReAssessmentOccupational,TASK_COMPLETE,SUCCESS,INFO,837,837,0,,2026-08-30T19:04:27.050Z,2026-08-30T21:04:59.710Z,7232,2026-08-30T21:04:59.710Z,VBRA,Brainerd,ba679216-ee2b-4344-afb9-134290faf502,SAMMS-BrainerdV6
202608302104538740,202608301904172740,202608301904170791,85,3901,Bronze INV,br_ReAssessmentOccupational,TASK_COMPLETE,SUCCESS,INFO,1955,1955,0,,2026-08-30T19:04:27.050Z,2026-08-30T21:04:59.710Z,7232,2026-08-30T21:04:59.710Z,VBRP,Brooklyn Park,ba679216-ee2b-4344-afb9-134290faf502,SAMMS-BrooklynParkV6
202608302104538742,202608301904172741,202608301904170791,85,3903,Bronze INV,br_ReAssessmentOccupational,TASK_COMPLETE,SUCCESS,INFO,742,742,0,,2026-08-30T19:04:27.050Z,2026-08-30T21:04:59.710Z,7232,2026-08-30T21:04:59.710Z,VMIN,Minneapolis,ba679216-ee2b-4344-afb9-134290faf502,SAMMS-MinneapolisV6
202608302104538743,202608301904172742,202608301904170791,85,3904,Bronze INV,br_ReAssessmentOccupational,TASK_COMPLETE,SUCCESS,INFO,881,881,0,,2026-08-30T19:04:27.050Z,2026-08-30T21:04:59.710Z,7232,2026-08-30T21:04:59.710Z,VWBY,Woodbury,ba679216-ee2b-4344-afb9-134290faf502,SAMMS-WoodburyV6
202608302104538744,202608301904172743,202608301904170791,85,3906,Bronze INV,br_ReAssessmentOccupational,TASK_COMPLETE,SUCCESS,INFO,161,161,0,,2026-08-30T19:04:27.050Z,2026-08-30T21:04:59.710Z,7232,2026-08-30T21:04:59.710Z,WIL,Wilson,ba679216-ee2b-4344-afb9-134290faf502,SAMMS-Wilson
202608302104538745,202608301904172744,202608301904170791,85,3174,Bronze INV,br_ReAssessmentFamily,TASK_COMPLETE,SUCCESS,INFO,35,35,0,,2026-08-30T19:04:27.050Z,2026-08-30T21:04:59.710Z,7232,2026-08-30T21:04:59.710Z,AHK,Ahoskie,ba679216-ee2b-4344-afb9-134290faf502,SAMMS-Ahoskie
202608302104538746,202608301904172745,202608301904170791,85,3175,Bronze INV,br_ReAssessmentFamily,TASK_COMPLETE,SUCCESS,INFO,662,662,0,,2026-08-30T19:04:27.050Z,2026-08-30T21:04:59.710Z,7232,2026-08-30T21:04:59.710Z,B12B,Colorado Springs,ba679216-ee2b-4344-afb9-134290faf502,SAMMS-ColoradoSpringsV5
202608302104538747,202608301904172746,202608301904170791,85,3176,Bronze INV,br_ReAssessmentFamily,TASK_COMPLETE,SUCCESS,INFO,834,834,0,,2026-08-30T19:04:27.050Z,2026-08-30T21:04:59.710Z,7232,2026-08-30T21:04:59.710Z,B24,Paintsville,ba679216-ee2b-4344-afb9-134290faf502,SAMMS-PaintsvilleV5
202608302104538748,202608301904172747,202608301904170791,85,3177,Bronze INV,br_ReAssessmentFamily,TASK_COMPLETE,SUCCESS,INFO,645,645,0,,2026-08-30T19:04:27.050Z,2026-08-30T21:04:59.710Z,7232,2026-08-30T21:04:59.710Z,B25,Pikeville,ba679216-ee2b-4344-afb9-134290faf502,SAMMS-PikevilleV5
202608302104538750,202608301904172748,202608301904170791,85,3178,Bronze INV,br_ReAssessmentFamily,TASK_COMPLETE,SUCCESS,INFO,971,971,0,,2026-08-30T19:04:27.050Z,2026-08-30T21:04:59.710Z,7232,2026-08-30T21:04:59.710Z,B26,Hazard,ba679216-ee2b-4344-afb9-134290faf502,SAMMS-HazardV5
202608302104538751,202608301904172749,202608301904170791,85,3179,Bronze INV,br_ReAssessmentFamily,TASK_COMPLETE,SUCCESS,INFO,530,530,0,,2026-08-30T19:04:27.050Z,2026-08-30T21:04:59.710Z,7232,2026-08-30T21:04:59.710Z,B27,Savannah,ba679216-ee2b-4344-afb9-134290faf502,SAMMS-SavannahV6
202608302104538752,202608301904172750,202608301904170791,85,3180,Bronze INV,br_ReAssessmentFamily,TASK_COMPLETE,SUCCESS,INFO,246,246,0,,2026-08-30T19:04:27.050Z,2026-08-30T21:04:59.710Z,7232,2026-08-30T21:04:59.710Z,B28,West Plains,ba679216-ee2b-4344-afb9-134290faf502,SAMMS-WestPlainesV5
202608302104538753,202608301904172751,202608301904170791,85,3181,Bronze INV,br_ReAssessmentFamily,TASK_COMPLETE,SUCCESS,INFO,461,461,0,,2026-08-30T19:04:27.050Z,2026-08-30T21:04:59.710Z,7232,2026-08-30T21:04:59.710Z,B29,Poplar Bluff,ba679216-ee2b-4344-afb9-134290faf502,SAMMS-PoplarBluffV5
202608302104538754,202608301904172752,202608301904170791,85,3182,Bronze INV,br_ReAssessmentFamily,TASK_COMPLETE,SUCCESS,INFO,78,78,0,,2026-08-30T19:04:27.050Z,2026-08-30T21:04:59.710Z,7232,2026-08-30T21:04:59.710Z,B30,KC North,ba679216-ee2b-4344-afb9-134290faf502,SAMMS-KCNv5
202608302104538755,202608301904172753,202608301904170791,85,3183,Bronze INV,br_ReAssessmentFamily,TASK_COMPLETE,SUCCESS,INFO,400,400,0,,2026-08-30T19:04:27.050Z,2026-08-30T21:04:59.710Z,7232,2026-08-30T21:04:59.710Z,B31,Dyersburg,ba679216-ee2b-4344-afb9-134290faf502,SAMMS-DyersburgV5
202608302104538756,202608301904172754,202608301904170791,85,3185,Bronze INV,br_ReAssessmentFamily,TASK_COMPLETE,SUCCESS,INFO,487,487,0,,2026-08-30T19:04:27.050Z,2026-08-30T21:04:59.710Z,7232,2026-08-30T21:04:59.710Z,B33,Paducah,ba679216-ee2b-4344-afb9-134290faf502,SAMMS-Paducah
202608302104538758,202608301904172755,202608301904170791,85,3186,Bronze INV,br_ReAssessmentFamily,TASK_COMPLETE,SUCCESS,INFO,383,383,0,,2026-08-30T19:04:27.050Z,2026-08-30T21:04:59.710Z,7232,2026-08-30T21:04:59.710Z,B34,Corbin,ba679216-ee2b-4344-afb9-134290faf502,SAMMS-CorbinV5
202608302104538759,202608301904172756,202608301904170791,85,3187,Bronze INV,br_ReAssessmentFamily,TASK_COMPLETE,SUCCESS,INFO,240,240,0,,2026-08-30T19:04:27.050Z,2026-08-30T21:04:59.710Z,7232,2026-08-30T21:04:59.710Z,B35,Lexington,ba679216-ee2b-4344-afb9-134290faf502,SAMMS-LexingtonV5
202608302104538760,202608301904172757,202608301904170791,85,3188,Bronze INV,br_ReAssessmentFamily,TASK_COMPLETE,SUCCESS,INFO,77,77,0,,2026-08-30T19:04:27.050Z,2026-08-30T21:04:59.710Z,7232,2026-08-30T21:04:59.710Z,B35A,Berea,ba679216-ee2b-4344-afb9-134290faf502,SAMMS-BereaV5
202608302104538761,202608301904172758,202608301904170791,85,3189,Bronze INV,br_ReAssessmentFamily,TASK_COMPLETE,SUCCESS,INFO,20,20,0,,2026-08-30T19:04:27.050Z,2026-08-30T21:04:59.710Z,7232,2026-08-30T21:04:59.710Z,B36,Asheville,ba679216-ee2b-4344-afb9-134290faf502,SAMMS-AshevilleV5
202608302104538763,202608301904172759,202608301904170791,85,3190,Bronze INV,br_ReAssessmentFamily,TASK_COMPLETE,SUCCESS,INFO,1,1,0,,2026-08-30T19:04:27.050Z,2026-08-30T21:04:59.710Z,7232,2026-08-30T21:04:59.710Z,B37,Clyde,ba679216-ee2b-4344-afb9-134290faf502,SAMMS-ClydeV5
202608302104538764,202608301904172760,202608301904170791,85,3191,Bronze INV,br_ReAssessmentFamily,TASK_COMPLETE,SUCCESS,INFO,1186,1186,0,,2026-08-30T19:04:27.050Z,2026-08-30T21:04:59.710Z,7232,2026-08-30T21:04:59.710Z,B38,Spartanburg,ba679216-ee2b-4344-afb9-134290faf502,SAMMS-SpartanburgV5
202608302104538765,202608301904172761,202608301904170791,85,3192,Bronze INV,br_ReAssessmentFamily,TASK_COMPLETE,SUCCESS,INFO,362,362,0,,2026-08-30T19:04:27.050Z,2026-08-30T21:04:59.710Z,7232,2026-08-30T21:04:59.710Z,B39,Aiken,ba679216-ee2b-4344-afb9-134290faf502,SAMMS-AikenV5
202608302104538766,202608301904172762,202608301904170791,85,3193,Bronze INV,br_ReAssessmentFamily,TASK_COMPLETE,SUCCESS,INFO,1888,1888,0,,2026-08-30T19:04:27.050Z,2026-08-30T21:04:59.710Z,7232,2026-08-30T21:04:59.710Z,B41,Chesapeake,ba679216-ee2b-4344-afb9-134290faf502,SAMMS-ChesapeakeV5
202608302104538767,202608301904172763,202608301904170791,85,3194,Bronze INV,br_ReAssessmentFamily,TASK_COMPLETE,SUCCESS,INFO,1917,1917,0,,2026-08-30T19:04:27.050Z,2026-08-30T21:04:59.710Z,7232,2026-08-30T21:04:59.710Z,B42,Virginia Beach,ba679216-ee2b-4344-afb9-134290faf502,SAMMS-VirginiaBeachV5
202608302104538768,202608301904172764,202608301904170791,85,3195,Bronze INV,br_ReAssessmentFamily,TASK_COMPLETE,SUCCESS,INFO,926,926,0,,2026-08-30T19:04:27.050Z,2026-08-30T21:04:59.710Z,7232,2026-08-30T21:04:59.710Z,B42A,Newport News,ba679216-ee2b-4344-afb9-134290faf502,SAMMS-NewportNewsV5
202608302104538769,202608301904172765,202608301904170791,85,3196,Bronze INV,br_ReAssessmentFamily,TASK_COMPLETE,SUCCESS,INFO,507,507,0,,2026-08-30T19:04:27.050Z,2026-08-30T21:04:59.710Z,7232,2026-08-30T21:04:59.710Z,B42B,Franklin,ba679216-ee2b-4344-afb9-134290faf502,SAMMS-FranklinV5
202608302104538771,202608301904172766,202608301904170791,85,3197,Bronze INV,br_ReAssessmentFamily,TASK_COMPLETE,SUCCESS,INFO,342,342,0,,2026-08-30T19:04:27.050Z,2026-08-30T21:04:59.710Z,7232,2026-08-30T21:04:59.710Z,B42C,Glen Allen,ba679216-ee2b-4344-afb9-134290faf502,SAMMS-GlenAllenV5
202608302104538772,202608301904172767,202608301904170791,85,3198,Bronze INV,br_ReAssessmentFamily,TASK_COMPLETE,SUCCESS,INFO,1481,1481,0,,2026-08-30T19:04:27.050Z,2026-08-30T21:04:59.710Z,7232,2026-08-30T21:04:59.710Z,B42D,Chesapeake South,ba679216-ee2b-4344-afb9-134290faf502,SAMMS-ChesapeakeSouthV5
202608302104538773,202608301904172768,202608301904170791,85,3199,Bronze INV,br_ReAssessmentFamily,TASK_COMPLETE,SUCCESS,INFO,632,632,0,,2026-08-30T19:04:27.050Z,2026-08-30T21:04:59.710Z,7232,2026-08-30T21:04:59.710Z,B44,Albany,ba679216-ee2b-4344-afb9-134290faf502,SAMMS-AlbanyV5
202608302104538774,202608301904172769,202608301904170791,85,3200,Bronze INV,br_ReAssessmentFamily,TASK_COMPLETE,SUCCESS,INFO,1270,1270,0,,2026-08-30T19:04:27.050Z,2026-08-30T21:04:59.710Z,7232,2026-08-30T21:04:59.710Z,B45,Tifton,ba679216-ee2b-4344-afb9-134290faf502,SAMMS-TiftonV5
202608302104538775,202608301904172770,202608301904170791,85,3201,Bronze INV,br_ReAssessmentFamily,TASK_COMPLETE,SUCCESS,INFO,587,587,0,,2026-08-30T19:04:27.050Z,2026-08-30T21:04:59.710Z,7232,2026-08-30T21:04:59.710Z,B46,Washington DC,ba679216-ee2b-4344-afb9-134290faf502,SAMMS-WashingtonDCv5
202608302104538776,202608301904172771,202608301904170791,85,3202,Bronze INV,br_ReAssessmentFamily,TASK_COMPLETE,SUCCESS,INFO,1570,1570,0,,2026-08-30T19:04:27.050Z,2026-08-30T21:04:59.710Z,7232,2026-08-30T21:04:59.710Z,B47,Mobile,ba679216-ee2b-4344-afb9-134290faf502,SAMMS-MobileV5
202608302104538777,202608301904172772,202608301904170791,85,3203,Bronze INV,br_ReAssessmentFamily,TASK_COMPLETE,SUCCESS,INFO,1297,1297,0,,2026-08-30T19:04:27.050Z,2026-08-30T21:04:59.710Z,7232,2026-08-30T21:04:59.710Z,B48,Tuscaloosa,ba679216-ee2b-4344-afb9-134290faf502,SAMMS-TuscaloosaV5
202608302104538779,202608301904172773,202608301904170791,85,3212,Bronze INV,br_ReAssessmentFamily,TASK_COMPLETE,SUCCESS,INFO,2,2,0,,2026-08-30T19:04:27.050Z,2026-08-30T21:04:59.710Z,7232,2026-08-30T21:04:59.710Z,B51,N. Little Rock (OTP),ba679216-ee2b-4344-afb9-134290faf502,SAMMS-NorthLittleRockV6
202608302104538780,202608301904172774,202608301904170791,85,3213,Bronze INV,br_ReAssessmentFamily,TASK_COMPLETE,SUCCESS,INFO,456,456,0,,2026-08-30T19:04:27.050Z,2026-08-30T21:04:59.710Z,7232,2026-08-30T21:04:59.710Z,B52,Jackson GA,ba679216-ee2b-4344-afb9-134290faf502,SAMMS-JacksonGAV5
202608302104538781,202608301904172775,202608301904170791,85,3214,Bronze INV,br_ReAssessmentFamily,TASK_COMPLETE,SUCCESS,INFO,1708,1708,0,,2026-08-30T19:04:27.050Z,2026-08-30T21:04:59.710Z,7232,2026-08-30T21:04:59.710Z,B54,Gadsden,ba679216-ee2b-4344-afb9-134290faf502,SAMMS-GadsdenV5
202608302104538782,202608301904172776,202608301904170791,85,3215,Bronze INV,br_ReAssessmentFamily,TASK_COMPLETE,SUCCESS,INFO,950,950,0,,2026-08-30T19:04:27.050Z,2026-08-30T21:04:59.710Z,7232,2026-08-30T21:04:59.710Z,B55,Shoals,ba679216-ee2b-4344-afb9-134290faf502,SAMMS-ShoalsV5
202608302104538783,202608301904172777,202608301904170791,85,3216,Bronze INV,br_ReAssessmentFamily,TASK_COMPLETE,SUCCESS,INFO,294,294,0,,2026-08-30T19:04:27.050Z,2026-08-30T21:04:59.710Z,7232,2026-08-30T21:04:59.710Z,B57,Pawtucket,ba679216-ee2b-4344-afb9-134290faf502,SAMMS-Pawtucket
202608302104538784,202608301904172778,202608301904170791,85,3217,Bronze INV,br_ReAssessmentFamily,TASK_COMPLETE,SUCCESS,INFO,551,551,0,,2026-08-30T19:04:27.050Z,2026-08-30T21:04:59.710Z,7232,2026-08-30T21:04:59.710Z,B57A,Johnston,ba679216-ee2b-4344-afb9-134290faf502,SAMMS-Johnston
202608302104538785,202608301904172779,202608301904170791,85,3218,Bronze INV,br_ReAssessmentFamily,TASK_COMPLETE,SUCCESS,INFO,166,166,0,,2026-08-30T19:04:27.050Z,2026-08-30T21:04:59.710Z,7232,2026-08-30T21:04:59.710Z,B57B,Middletown,ba679216-ee2b-4344-afb9-134290faf502,SAMMS-Middletown
202608302104538787,202608301904172780,202608301904170791,85,3219,Bronze INV,br_ReAssessmentFamily,TASK_COMPLETE,SUCCESS,INFO,413,413,0,,2026-08-30T19:04:27.050Z,2026-08-30T21:04:59.710Z,7232,2026-08-30T21:04:59.710Z,B57C,Providence,ba679216-ee2b-4344-afb9-134290faf502,SAMMS-Providence
202608302104538788,202608301904172781,202608301904170791,85,3220,Bronze INV,br_ReAssessmentFamily,TASK_COMPLETE,SUCCESS,INFO,623,623,0,,2026-08-30T19:04:27.050Z,2026-08-30T21:04:59.710Z,7232,2026-08-30T21:04:59.710Z,B57D,Westerly,ba679216-ee2b-4344-afb9-134290faf502,SAMMS-Westerly
202608302104538789,202608301904172782,202608301904170791,85,3224,Bronze INV,br_ReAssessmentFamily,TASK_COMPLETE,SUCCESS,INFO,4,4,0,,2026-08-30T19:04:27.050Z,2026-08-30T21:04:59.710Z,7232,2026-08-30T21:04:59.710Z,B66A,Bremen,ba679216-ee2b-4344-afb9-134290faf502,SAMMS-Bremen
202608302104538790,202608301904172783,202608301904170791,85,3227,Bronze INV,br_ReAssessmentFamily,TASK_COMPLETE,SUCCESS,INFO,0,0,0,,2026-08-30T19:04:27.050Z,2026-08-30T21:04:59.710Z,7232,2026-08-30T21:04:59.710Z,B72,Mobile (OBOT),ba679216-ee2b-4344-afb9-134290faf502,SAMMS-Mobile-OBOT
202608302104538791,202608301904172784,202608301904170791,85,3228,Bronze INV,br_ReAssessmentFamily,TASK_COMPLETE,SUCCESS,INFO,0,0,0,,2026-08-30T19:04:27.050Z,2026-08-30T21:04:59.710Z,7232,2026-08-30T21:04:59.710Z,B73,Montgomery,ba679216-ee2b-4344-afb9-134290faf502,SAMMS-Montgomery
202608302104538792,202608301904172785,202608301904170791,85,3229,Bronze INV,br_ReAssessmentFamily,TASK_COMPLETE,SUCCESS,INFO,517,517,0,,2026-08-30T19:04:27.050Z,2026-08-30T21:04:59.710Z,7232,2026-08-30T21:04:59.710Z,B75,Lawrence,ba679216-ee2b-4344-afb9-134290faf502,SAMMS-LawrenceV6
202608302104538793,202608301904172786,202608301904170791,85,3230,Bronze INV,br_ReAssessmentFamily,TASK_COMPLETE,SUCCESS,INFO,0,0,0,,2026-08-30T19:04:27.050Z,2026-08-30T21:04:59.710Z,7232,2026-08-30T21:04:59.710Z,B76,Huntsville OBOT,ba679216-ee2b-4344-afb9-134290faf502,SAMMS-Huntsville-OBOT
202608302104538794,202608301904172787,202608301904170791,85,3231,Bronze INV,br_ReAssessmentFamily,TASK_COMPLETE,SUCCESS,INFO,0,0,0,,2026-08-30T19:04:27.050Z,2026-08-30T21:04:59.710Z,7232,2026-08-30T21:04:59.710Z,BAT,Batesville,ba679216-ee2b-4344-afb9-134290faf502,SAMMS-Batesville
202608302104538796,202608301904172788,202608301904170791,85,3232,Bronze INV,br_ReAssessmentFamily,TASK_COMPLETE,SUCCESS,INFO,461,461,0,,2026-08-30T19:04:27.050Z,2026-08-30T21:04:59.710Z,7232,2026-08-30T21:04:59.710Z,BG,Bowling Green,ba679216-ee2b-4344-afb9-134290faf502,SAMMS-BowlingGreen
202608302104538797,202608301904172789,202608301904170791,85,3233,Bronze INV,br_ReAssessmentFamily,TASK_COMPLETE,SUCCESS,INFO,181,181,0,,2026-08-30T19:04:27.050Z,2026-08-30T21:04:59.710Z,7232,2026-08-30T21:04:59.710Z,BOI,Boise,ba679216-ee2b-4344-afb9-134290faf502,SAMMS-Boise
202608302104538798,202608301904172790,202608301904170791,85,3240,Bronze INV,br_ReAssessmentFamily,TASK_COMPLETE,SUCCESS,INFO,51,51,0,,2026-08-30T19:04:27.050Z,2026-08-30T21:04:59.710Z,7232,2026-08-30T21:04:59.710Z,CBCO,Coeur dAlene,ba679216-ee2b-4344-afb9-134290faf502,SAMMS-CoeurdAleneV6
202608302104538799,202608301904172791,202608301904170791,85,3259,Bronze INV,br_ReAssessmentFamily,TASK_COMPLETE,SUCCESS,INFO,0,0,0,,2026-08-30T19:04:27.050Z,2026-08-30T21:04:59.710Z,7232,2026-08-30T21:04:59.710Z,CON,Conway,ba679216-ee2b-4344-afb9-134290faf502,SAMMS-Conway
202608302104538800,202608301904172792,202608301904170791,85,3260,Bronze INV,br_ReAssessmentFamily,TASK_COMPLETE,SUCCESS,INFO,2575,2575,0,,2026-08-30T19:04:27.050Z,2026-08-30T21:04:59.710Z,7232,2026-08-30T21:04:59.710Z,D07,Medical Services Knox TN,ba679216-ee2b-4344-afb9-134290faf502,SAMMS-KnoxvilleV6
202608302104538801,202608301904172793,202608301904170791,85,3261,Bronze INV,br_ReAssessmentFamily,TASK_COMPLETE,SUCCESS,INFO,111,111,0,,2026-08-30T19:04:27.050Z,2026-08-30T21:04:59.710Z,7232,2026-08-30T21:04:59.710Z,D08,Madison,ba679216-ee2b-4344-afb9-134290faf502,SAMMS-MadisonV6
202608302104538802,202608301904172794,202608301904170791,85,3263,Bronze INV,br_ReAssessmentFamily,TASK_COMPLETE,SUCCESS,INFO,121,121,0,,2026-08-30T19:04:27.050Z,2026-08-30T21:04:59.710Z,7232,2026-08-30T21:04:59.710Z,D09,Murfreesboro,ba679216-ee2b-4344-afb9-134290faf502,SAMMS-MurfreesboroV6
202608302104538804,202608301904172795,202608301904170791,85,3264,Bronze INV,br_ReAssessmentFamily,TASK_COMPLETE,SUCCESS,INFO,335,335,0,,2026-08-30T19:04:27.050Z,2026-08-30T21:04:59.710Z,7232,2026-08-30T21:04:59.710Z,DA,Davenport,ba679216-ee2b-4344-afb9-134290faf502,SAMMS-Davenport
202608302104538805,202608301904172796,202608301904170791,85,3265,Bronze INV,br_ReAssessmentFamily,TASK_COMPLETE,SUCCESS,INFO,288,288,0,,2026-08-30T19:04:27.050Z,2026-08-30T21:04:59.710Z,7232,2026-08-30T21:04:59.710Z,DM,Des Moines,ba679216-ee2b-4344-afb9-134290faf502,SAMMS-DesMoines
202608302104538806,202608301904172797,202608301904170791,85,3267,Bronze INV,br_ReAssessmentFamily,TASK_COMPLETE,SUCCESS,INFO,530,530,0,,2026-08-30T19:04:27.050Z,2026-08-30T21:04:59.710Z,7232,2026-08-30T21:04:59.710Z,DRD-CO,Columbia MO,ba679216-ee2b-4344-afb9-134290faf502,SAMMS-ColumbiaV5
202608302104538807,202608301904172798,202608301904170791,85,3268,Bronze INV,br_ReAssessmentFamily,TASK_COMPLETE,SUCCESS,INFO,348,348,0,,2026-08-30T19:04:27.050Z,2026-08-30T21:04:59.710Z,7232,2026-08-30T21:04:59.710Z,DRD-KC,KC,ba679216-ee2b-4344-afb9-134290faf502,SAMMS-KCv5
202608302104538808,202608301904172799,202608301904170791,85,3269,Bronze INV,br_ReAssessmentFamily,TASK_COMPLETE,SUCCESS,INFO,1549,1549,0,,2026-08-30T19:04:27.050Z,2026-08-30T21:04:59.710Z,7232,2026-08-30T21:04:59.710Z,DRD-KVB,KVB,ba679216-ee2b-4344-afb9-134290faf502,SAMMS-KVBv5
202608302104538809,202608301904172800,202608301904170791,85,3270,Bronze INV,br_ReAssessmentFamily,TASK_COMPLETE,SUCCESS,INFO,1674,1674,0,,2026-08-30T19:04:27.050Z,2026-08-30T21:04:59.710Z,7232,2026-08-30T21:04:59.710Z,DRD-KVC,KVC,ba679216-ee2b-4344-afb9-134290faf502,SAMMS-KVCv5
202608302104538810,202608301904172801,202608301904170791,85,3271,Bronze INV,br_ReAssessmentFamily,TASK_COMPLETE,SUCCESS,INFO,3205,3205,0,,2026-08-30T19:04:27.050Z,2026-08-30T21:04:59.710Z,7232,2026-08-30T21:04:59.710Z,DRD-NOLA,NOLA,ba679216-ee2b-4344-afb9-134290faf502,SAMMS-NOLAv5
202608302104538811,202608301904172802,202608301904170791,85,3272,Bronze INV,br_ReAssessmentFamily,TASK_COMPLETE,SUCCESS,INFO,800,800,0,,2026-08-30T19:04:27.050Z,2026-08-30T21:04:59.710Z,7232,2026-08-30T21:04:59.710Z,DRD-SF,Springfield,ba679216-ee2b-4344-afb9-134290faf502,SAMMS-SFv5
202608302104538813,202608301904172803,202608301904170791,85,3274,Bronze INV,br_ReAssessmentFamily,TASK_COMPLETE,SUCCESS,INFO,260,260,0,,2026-08-30T19:04:27.050Z,2026-08-30T21:04:59.710Z,7232,2026-08-30T21:04:59.710Z,ELC,Elizabeth City,ba679216-ee2b-4344-afb9-134290faf502,SAMMS-ElizabethCity
202608302104538814,202608301904172804,202608301904170791,85,3275,Bronze INV,br_ReAssessmentFamily,TASK_COMPLETE,SUCCESS,INFO,128,128,0,,2026-08-30T19:04:27.050Z,2026-08-30T21:04:59.710Z,7232,2026-08-30T21:04:59.710Z,ET,Elizabethtown,ba679216-ee2b-4344-afb9-134290faf502,SAMMS-Elizabethtown
202608302104538815,202608301904172805,202608301904170791,85,3276,Bronze INV,br_ReAssessmentFamily,TASK_COMPLETE,SUCCESS,INFO,0,0,0,,2026-08-30T19:04:27.050Z,2026-08-30T21:04:59.710Z,7232,2026-08-30T21:04:59.710Z,FAY,Fayetteville,ba679216-ee2b-4344-afb9-134290faf502,SAMMS-Fayetteville
202608302104538816,202608301904172806,202608301904170791,85,3277,Bronze INV,br_ReAssessmentFamily,TASK_COMPLETE,SUCCESS,INFO,156,156,0,,2026-08-30T19:04:27.050Z,2026-08-30T21:04:59.710Z,7232,2026-08-30T21:04:59.710Z,FR,Frankfort,ba679216-ee2b-4344-afb9-134290faf502,SAMMS-Frankfort
202608302104538817,202608301904172807,202608301904170791,85,3278,Bronze INV,br_ReAssessmentFamily,TASK_COMPLETE,SUCCESS,INFO,0,0,0,,2026-08-30T19:04:27.050Z,2026-08-30T21:04:59.710Z,7232,2026-08-30T21:04:59.710Z,FS,Fort Smith,ba679216-ee2b-4344-afb9-134290faf502,SAMMS-FortSmith
202608302104538818,202608301904172808,202608301904170791,85,3279,Bronze INV,br_ReAssessmentFamily,TASK_COMPLETE,SUCCESS,INFO,467,467,0,,2026-08-30T19:04:27.050Z,2026-08-30T21:04:59.710Z,7232,2026-08-30T21:04:59.710Z,FW,Fort Wayne,ba679216-ee2b-4344-afb9-134290faf502,SAMMS-FortWayne
202608302104538820,202608301904172809,202608301904170791,85,3280,Bronze INV,br_ReAssessmentFamily,TASK_COMPLETE,SUCCESS,INFO,276,276,0,,2026-08-30T19:04:27.050Z,2026-08-30T21:04:59.710Z,7232,2026-08-30T21:04:59.710Z,GAL,Gaylord,ba679216-ee2b-4344-afb9-134290faf502,SAMMS-Gaylord
202608302104538821,202608301904172810,202608301904170791,85,3284,Bronze INV,br_ReAssessmentFamily,TASK_COMPLETE,SUCCESS,INFO,100,100,0,,2026-08-30T19:04:27.050Z,2026-08-30T21:04:59.710Z,7232,2026-08-30T21:04:59.710Z,HGT,Hagerstown,ba679216-ee2b-4344-afb9-134290faf502,SAMMS-Hagerstown
202608302104538822,202608301904172811,202608301904170791,85,3285,Bronze INV,br_ReAssessmentFamily,TASK_COMPLETE,SUCCESS,INFO,1725,1725,0,,2026-08-30T19:04:27.050Z,2026-08-30T21:04:59.710Z,7232,2026-08-30T21:04:59.710Z,HNT,Huntsville,ba679216-ee2b-4344-afb9-134290faf502,SAMMS-Huntsville
202608302104538823,202608301904172812,202608301904170791,85,3286,Bronze INV,br_ReAssessmentFamily,TASK_COMPLETE,SUCCESS,INFO,0,0,0,,2026-08-30T19:04:27.050Z,2026-08-30T21:04:59.710Z,7232,2026-08-30T21:04:59.710Z,HS,Hot Springs,ba679216-ee2b-4344-afb9-134290faf502,SAMMS-HotSprings
202608302104538824,202608301904172813,202608301904170791,85,3287,Bronze INV,br_ReAssessmentFamily,TASK_COMPLETE,SUCCESS,INFO,0,0,0,,2026-08-30T19:04:27.050Z,2026-08-30T21:04:59.710Z,7232,2026-08-30T21:04:59.710Z,JON,Jonesboro,ba679216-ee2b-4344-afb9-134290faf502,SAMMS-Jonesboro
202608302104538825,202608301904172814,202608301904170791,85,3289,Bronze INV,br_ReAssessmentFamily,TASK_COMPLETE,SUCCESS,INFO,447,447,0,,2026-08-30T19:04:27.050Z,2026-08-30T21:04:59.710Z,7232,2026-08-30T21:04:59.710Z,LAN,Lansing,ba679216-ee2b-4344-afb9-134290faf502,SAMMS-Lansing
202608302104538826,202608301904172815,202608301904170791,85,3290,Bronze INV,br_ReAssessmentFamily,TASK_COMPLETE,SUCCESS,INFO,1287,1287,0,,2026-08-30T19:04:27.050Z,2026-08-30T21:04:59.710Z,7232,2026-08-30T21:04:59.710Z,LO,Louisville,ba679216-ee2b-4344-afb9-134290faf502,SAMMS-Louisville
202608302104538828,202608301904172816,202608301904170791,85,3291,Bronze INV,br_ReAssessmentFamily,TASK_COMPLETE,SUCCESS,INFO,291,291,0,,2026-08-30T19:04:27.050Z,2026-08-30T21:04:59.710Z,7232,2026-08-30T21:04:59.710Z,LV1,Cheyenne,ba679216-ee2b-4344-afb9-134290faf502,SAMMS-Cheyenne
202608302104538829,202608301904172817,202608301904170791,85,3292,Bronze INV,br_ReAssessmentFamily,TASK_COMPLETE,SUCCESS,INFO,205,205,0,,2026-08-30T19:04:27.050Z,2026-08-30T21:04:59.710Z,7232,2026-08-30T21:04:59.710Z,LV2,Desert Inn,ba679216-ee2b-4344-afb9-134290faf502,SAMMS-DesertInn
202608302104538830,202608301904172818,202608301904170791,85,3293,Bronze INV,br_ReAssessmentFamily,TASK_COMPLETE,SUCCESS,INFO,110,110,0,,2026-08-30T19:04:27.050Z,2026-08-30T21:04:59.710Z,7232,2026-08-30T21:04:59.710Z,LV3,McDaniel,ba679216-ee2b-4344-afb9-134290faf502,SAMMS-McDaniel
202608302104538831,202608301904172819,202608301904170791,85,3296,Bronze INV,br_ReAssessmentFamily,TASK_COMPLETE,SUCCESS,INFO,356,356,0,,2026-08-30T19:04:27.050Z,2026-08-30T21:04:59.710Z,7232,2026-08-30T21:04:59.710Z,MNRE,Monroe,ba679216-ee2b-4344-afb9-134290faf502,SAMMS-Monroe
202608302104538832,202608301904172820,202608301904170791,85,3297,Bronze INV,br_ReAssessmentFamily,TASK_COMPLETE,SUCCESS,INFO,1423,1423,0,,2026-08-30T19:04:27.050Z,2026-08-30T21:04:59.710Z,7232,2026-08-30T21:04:59.710Z,MP,Mt. Pleasant,ba679216-ee2b-4344-afb9-134290faf502,SAMMS-MtPleasant
202608302104538833,202608301904172821,202608301904170791,85,3298,Bronze INV,br_ReAssessmentFamily,TASK_COMPLETE,SUCCESS,INFO,153,153,0,,2026-08-30T19:04:27.050Z,2026-08-30T21:04:59.710Z,7232,2026-08-30T21:04:59.710Z,MRD,Meridian,ba679216-ee2b-4344-afb9-134290faf502,SAMMS-Meridian
202608302104538834,202608301904172822,202608301904170791,85,3303,Bronze INV,br_ReAssessmentFamily,TASK_COMPLETE,SUCCESS,INFO,693,693,0,,2026-08-30T19:04:27.050Z,2026-08-30T21:04:59.710Z,7232,2026-08-30T21:04:59.710Z,NC,North Charleston,ba679216-ee2b-4344-afb9-134290faf502,SAMMS-NorthCharleston
202608302104538835,202608301904172823,202608301904170791,85,3304,Bronze INV,br_ReAssessmentFamily,TASK_COMPLETE,SUCCESS,INFO,0,0,0,,2026-08-30T19:04:27.050Z,2026-08-30T21:04:59.710Z,7232,2026-08-30T21:04:59.710Z,NLR,N. Little Rock,ba679216-ee2b-4344-afb9-134290faf502,SAMMS-NLROBOT
202608302104538837,202608301904172824,202608301904170791,85,3305,Bronze INV,br_ReAssessmentFamily,TASK_COMPLETE,SUCCESS,INFO,112,112,0,,2026-08-30T19:04:27.050Z,2026-08-30T21:04:59.710Z,7232,2026-08-30T21:04:59.710Z,PH,Phoenix,ba679216-ee2b-4344-afb9-134290faf502,SAMMS-Phoenix
202608302104538838,202608301904172825,202608301904170791,85,3309,Bronze INV,br_ReAssessmentFamily,TASK_COMPLETE,SUCCESS,INFO,214,214,0,,2026-08-30T19:04:27.050Z,2026-08-30T21:04:59.710Z,7232,2026-08-30T21:04:59.710Z,RE,Reno,ba679216-ee2b-4344-afb9-134290faf502,SAMMS-Reno
202608302104538839,202608301904172826,202608301904170791,85,3310,Bronze INV,br_ReAssessmentFamily,TASK_COMPLETE,SUCCESS,INFO,88,88,0,,2026-08-30T19:04:27.050Z,2026-08-30T21:04:59.710Z,7232,2026-08-30T21:04:59.710Z,RMD,Richmond,ba679216-ee2b-4344-afb9-134290faf502,SAMMS-Richmond
202608302104538840,202608301904172827,202608301904170791,85,3311,Bronze INV,br_ReAssessmentFamily,TASK_COMPLETE,SUCCESS,INFO,589,589,0,,2026-08-30T19:04:27.050Z,2026-08-30T21:04:59.710Z,7232,2026-08-30T21:04:59.710Z,SFN,Springfield North,ba679216-ee2b-4344-afb9-134290faf502,SAMMS-SFNv5
202608302104538841,202608301904172828,202608301904170791,85,3312,Bronze INV,br_ReAssessmentFamily,TASK_COMPLETE,SUCCESS,INFO,763,763,0,,2026-08-30T19:04:27.050Z,2026-08-30T21:04:59.710Z,7232,2026-08-30T21:04:59.710Z,SHP,Shreveport,ba679216-ee2b-4344-afb9-134290faf502,SAMMS-Shreveport
202608302104538842,202608301904172829,202608301904170791,85,3314,Bronze INV,br_ReAssessmentFamily,TASK_COMPLETE,SUCCESS,INFO,484,484,0,,2026-08-30T19:04:27.050Z,2026-08-30T21:04:59.710Z,7232,2026-08-30T21:04:59.710Z,STN,Staunton,ba679216-ee2b-4344-afb9-134290faf502,SAMMS-Staunton
202608302104538843,202608301904172830,202608301904170791,85,3315,Bronze INV,br_ReAssessmentFamily,TASK_COMPLETE,SUCCESS,INFO,225,225,0,,2026-08-30T19:04:27.050Z,2026-08-30T21:04:59.710Z,7232,2026-08-30T21:04:59.710Z,STVN,Stevenson,ba679216-ee2b-4344-afb9-134290faf502,SAMMS-Stevenson
202608302104538845,202608301904172831,202608301904170791,85,3317,Bronze INV,br_ReAssessmentFamily,TASK_COMPLETE,SUCCESS,INFO,173,173,0,,2026-08-30T19:04:27.050Z,2026-08-30T21:04:59.710Z,7232,2026-08-30T21:04:59.710Z,TE,Tempe,ba679216-ee2b-4344-afb9-134290faf502,SAMMS-Tempe
202608302104538846,202608301904172832,202608301904170791,85,3318,Bronze INV,br_ReAssessmentFamily,TASK_COMPLETE,SUCCESS,INFO,0,0,0,,2026-08-30T19:04:27.050Z,2026-08-30T21:04:59.710Z,7232,2026-08-30T21:04:59.710Z,TEX,Texarkana,ba679216-ee2b-4344-afb9-134290faf502,SAMMS-Texarkana
202608302104538847,202608301904172833,202608301904170791,85,3319,Bronze INV,br_ReAssessmentFamily,TASK_COMPLETE,SUCCESS,INFO,1079,1079,0,,2026-08-30T19:04:27.050Z,2026-08-30T21:04:59.710Z,7232,2026-08-30T21:04:59.710Z,TTCA,Bessemer,ba679216-ee2b-4344-afb9-134290faf502,SAMMS-BessemerV5
202608302104538848,202608301904172834,202608301904170791,85,3320,Bronze INV,br_ReAssessmentFamily,TASK_COMPLETE,SUCCESS,INFO,1317,1317,0,,2026-08-30T19:04:27.050Z,2026-08-30T21:04:59.710Z,7232,2026-08-30T21:04:59.710Z,TTCB,Cullman,ba679216-ee2b-4344-afb9-134290faf502,SAMMS-CullmanV5
202608302104538849,202608301904172835,202608301904170791,85,3321,Bronze INV,br_ReAssessmentFamily,TASK_COMPLETE,SUCCESS,INFO,944,944,0,,2026-08-30T19:04:27.050Z,2026-08-30T21:04:59.710Z,7232,2026-08-30T21:04:59.710Z,TTCC,Grand Bay,ba679216-ee2b-4344-afb9-134290faf502,SAMMS-GrandBay
202608302104538851,202608301904172836,202608301904170791,85,3322,Bronze INV,br_ReAssessmentFamily,TASK_COMPLETE,SUCCESS,INFO,15,15,0,,2026-08-30T19:04:27.050Z,2026-08-30T21:04:59.710Z,7232,2026-08-30T21:04:59.710Z,TU,Tucson,ba679216-ee2b-4344-afb9-134290faf502,SAMMS-Tucson
202608302104538852,202608301904172837,202608301904170791,85,3324,Bronze INV,br_ReAssessmentFamily,TASK_COMPLETE,SUCCESS,INFO,660,660,0,,2026-08-30T19:04:27.050Z,2026-08-30T21:04:59.710Z,7232,2026-08-30T21:04:59.710Z,V1,Memphis South,ba679216-ee2b-4344-afb9-134290faf502,SAMMS-VCPHCS-I-MemphisV5
202608302104538853,202608301904172838,202608301904170791,85,3325,Bronze INV,br_ReAssessmentFamily,TASK_COMPLETE,SUCCESS,INFO,1628,1628,0,,2026-08-30T19:04:27.050Z,2026-08-30T21:04:59.710Z,7232,2026-08-30T21:04:59.710Z,V10,Longmont,ba679216-ee2b-4344-afb9-134290faf502,SAMMS-BoulderV5
202608302104538854,202608301904172839,202608301904170791,85,3326,Bronze INV,br_ReAssessmentFamily,TASK_COMPLETE,SUCCESS,INFO,1513,1513,0,,2026-08-30T19:04:27.050Z,2026-08-30T21:04:59.710Z,7232,2026-08-30T21:04:59.710Z,V10A,Fort Collins,ba679216-ee2b-4344-afb9-134290faf502,SAMMS-FortCollinsV5
202608302104538855,202608301904172840,202608301904170791,85,3327,Bronze INV,br_ReAssessmentFamily,TASK_COMPLETE,SUCCESS,INFO,2870,2870,0,,2026-08-30T19:04:27.050Z,2026-08-30T21:04:59.710Z,7232,2026-08-30T21:04:59.710Z,V11,Westminster,ba679216-ee2b-4344-afb9-134290faf502,SAMMS-VCPHCS-XI-NorthDenverV5
202608302104538856,202608301904172841,202608301904170791,85,3328,Bronze INV,br_ReAssessmentFamily,TASK_COMPLETE,SUCCESS,INFO,3037,3037,0,,2026-08-30T19:04:27.050Z,2026-08-30T21:04:59.710Z,7232,2026-08-30T21:04:59.710Z,V12,Downtown Denver,ba679216-ee2b-4344-afb9-134290faf502,SAMMS-VCPHCS-XII-DowntownDenverV5
202608302104538857,202608301904172842,202608301904170791,85,3329,Bronze INV,br_ReAssessmentFamily,TASK_COMPLETE,SUCCESS,INFO,1141,1141,0,,2026-08-30T19:04:27.050Z,2026-08-30T21:04:59.710Z,7232,2026-08-30T21:04:59.710Z,V12A,Centennial,ba679216-ee2b-4344-afb9-134290faf502,SAMMS-CentennialV5
202608302104538859,202608301904172843,202608301904170791,85,3330,Bronze INV,br_ReAssessmentFamily,TASK_COMPLETE,SUCCESS,INFO,294,294,0,,2026-08-30T19:04:27.050Z,2026-08-30T21:04:59.710Z,7232,2026-08-30T21:04:59.710Z,V14,Overland Park,ba679216-ee2b-4344-afb9-134290faf502,SAMMS-VCPHCS-XIV-BridgewayV5
202608302104536611,202608301904170906,202608301904170791,85,2250,Bronze INV,br_InvType,TASK_COMPLETE,SUCCESS,INFO,7,7,0,,2026-08-30T19:04:27.050Z,2026-08-30T21:04:59.710Z,7232,2026-08-30T21:04:59.710Z,WIL,Wilson,ba679216-ee2b-4344-afb9-134290faf502,SAMMS-Wilson
202608302104536612,202608301904170907,202608301904170791,85,1886,Bronze INV,br_Bottle,TASK_COMPLETE,SUCCESS,INFO,1857,1857,0,,2026-08-30T19:04:27.050Z,2026-08-30T21:04:59.710Z,7232,2026-08-30T21:04:59.710Z,AHK,Ahoskie,ba679216-ee2b-4344-afb9-134290faf502,SAMMS-Ahoskie
202608302104536613,202608301904170908,202608301904170791,85,1887,Bronze INV,br_Bottle,TASK_COMPLETE,SUCCESS,INFO,2832,2832,0,,2026-08-30T19:04:27.050Z,2026-08-30T21:04:59.710Z,7232,2026-08-30T21:04:59.710Z,B12B,Colorado Springs,ba679216-ee2b-4344-afb9-134290faf502,SAMMS-ColoradoSpringsV5
202608302104536614,202608301904170909,202608301904170791,85,1888,Bronze INV,br_Bottle,TASK_COMPLETE,SUCCESS,INFO,25839,25839,0,,2026-08-30T19:04:27.050Z,2026-08-30T21:04:59.710Z,7232,2026-08-30T21:04:59.710Z,B24,Paintsville,ba679216-ee2b-4344-afb9-134290faf502,SAMMS-PaintsvilleV5
202608302104536615,202608301904170910,202608301904170791,85,1889,Bronze INV,br_Bottle,TASK_COMPLETE,SUCCESS,INFO,28172,28172,0,,2026-08-30T19:04:27.050Z,2026-08-30T21:04:59.710Z,7232,2026-08-30T21:04:59.710Z,B25,Pikeville,ba679216-ee2b-4344-afb9-134290faf502,SAMMS-PikevilleV5
202608302104536616,202608301904170911,202608301904170791,85,1890,Bronze INV,br_Bottle,TASK_COMPLETE,SUCCESS,INFO,51690,51690,0,,2026-08-30T19:04:27.050Z,2026-08-30T21:04:59.710Z,7232,2026-08-30T21:04:59.710Z,B26,Hazard,ba679216-ee2b-4344-afb9-134290faf502,SAMMS-HazardV5
202608302104536618,202608301904170912,202608301904170791,85,1891,Bronze INV,br_Bottle,TASK_COMPLETE,SUCCESS,INFO,1857,1857,0,,2026-08-30T19:04:27.050Z,2026-08-30T21:04:59.710Z,7232,2026-08-30T21:04:59.710Z,B27,Savannah,ba679216-ee2b-4344-afb9-134290faf502,SAMMS-SavannahV6
202608302104536619,202608301904170913,202608301904170791,85,1892,Bronze INV,br_Bottle,TASK_COMPLETE,SUCCESS,INFO,20161,20161,0,,2026-08-30T19:04:27.050Z,2026-08-30T21:04:59.710Z,7232,2026-08-30T21:04:59.710Z,B28,West Plains,ba679216-ee2b-4344-afb9-134290faf502,SAMMS-WestPlainesV5
202608302104536620,202608301904170914,202608301904170791,85,1893,Bronze INV,br_Bottle,TASK_COMPLETE,SUCCESS,INFO,16959,16959,0,,2026-08-30T19:04:27.050Z,2026-08-30T21:04:59.710Z,7232,2026-08-30T21:04:59.710Z,B29,Poplar Bluff,ba679216-ee2b-4344-afb9-134290faf502,SAMMS-PoplarBluffV5
202608302104536621,202608301904170915,202608301904170791,85,1894,Bronze INV,br_Bottle,TASK_COMPLETE,SUCCESS,INFO,7547,7547,0,,2026-08-30T19:04:27.050Z,2026-08-30T21:04:59.710Z,7232,2026-08-30T21:04:59.710Z,B30,KC North,ba679216-ee2b-4344-afb9-134290faf502,SAMMS-KCNv5
202608302104536622,202608301904170916,202608301904170791,85,1895,Bronze INV,br_Bottle,TASK_COMPLETE,SUCCESS,INFO,42588,42588,0,,2026-08-30T19:04:27.050Z,2026-08-30T21:04:59.710Z,7232,2026-08-30T21:04:59.710Z,B31,Dyersburg,ba679216-ee2b-4344-afb9-134290faf502,SAMMS-DyersburgV5
202608302104536623,202608301904170917,202608301904170791,85,1897,Bronze INV,br_Bottle,TASK_COMPLETE,SUCCESS,INFO,25121,25121,0,,2026-08-30T19:04:27.050Z,2026-08-30T21:04:59.710Z,7232,2026-08-30T21:04:59.710Z,B33,Paducah,ba679216-ee2b-4344-afb9-134290faf502,SAMMS-Paducah
202608302104536624,202608301904170918,202608301904170791,85,1898,Bronze INV,br_Bottle,TASK_COMPLETE,SUCCESS,INFO,31969,31969,0,,2026-08-30T19:04:27.050Z,2026-08-30T21:04:59.710Z,7232,2026-08-30T21:04:59.710Z,B34,Corbin,ba679216-ee2b-4344-afb9-134290faf502,SAMMS-CorbinV5
202608302104536626,202608301904170919,202608301904170791,85,1899,Bronze INV,br_Bottle,TASK_COMPLETE,SUCCESS,INFO,57967,57967,0,,2026-08-30T19:04:27.050Z,2026-08-30T21:04:59.710Z,7232,2026-08-30T21:04:59.710Z,B35,Lexington,ba679216-ee2b-4344-afb9-134290faf502,SAMMS-LexingtonV5
202608302104536627,202608301904170920,202608301904170791,85,1900,Bronze INV,br_Bottle,TASK_COMPLETE,SUCCESS,INFO,11498,11498,0,,2026-08-30T19:04:27.050Z,2026-08-30T21:04:59.710Z,7232,2026-08-30T21:04:59.710Z,B35A,Berea,ba679216-ee2b-4344-afb9-134290faf502,SAMMS-BereaV5
202608302104536628,202608301904170921,202608301904170791,85,1901,Bronze INV,br_Bottle,TASK_COMPLETE,SUCCESS,INFO,34242,34242,0,,2026-08-30T19:04:27.050Z,2026-08-30T21:04:59.710Z,7232,2026-08-30T21:04:59.710Z,B36,Asheville,ba679216-ee2b-4344-afb9-134290faf502,SAMMS-AshevilleV5
202608302104536629,202608301904170922,202608301904170791,85,1902,Bronze INV,br_Bottle,TASK_COMPLETE,SUCCESS,INFO,20547,20547,0,,2026-08-30T19:04:27.050Z,2026-08-30T21:04:59.710Z,7232,2026-08-30T21:04:59.710Z,B37,Clyde,ba679216-ee2b-4344-afb9-134290faf502,SAMMS-ClydeV5
202608302104536630,202608301904170923,202608301904170791,85,1903,Bronze INV,br_Bottle,TASK_COMPLETE,SUCCESS,INFO,24720,24720,0,,2026-08-30T19:04:27.050Z,2026-08-30T21:04:59.710Z,7232,2026-08-30T21:04:59.710Z,B38,Spartanburg,ba679216-ee2b-4344-afb9-134290faf502,SAMMS-SpartanburgV5
202608302104536631,202608301904170924,202608301904170791,85,1904,Bronze INV,br_Bottle,TASK_COMPLETE,SUCCESS,INFO,6533,6533,0,,2026-08-30T19:04:27.050Z,2026-08-30T21:04:59.710Z,7232,2026-08-30T21:04:59.710Z,B39,Aiken,ba679216-ee2b-4344-afb9-134290faf502,SAMMS-AikenV5
202608302104536632,202608301904170925,202608301904170791,85,1905,Bronze INV,br_Bottle,TASK_COMPLETE,SUCCESS,INFO,12822,12822,0,,2026-08-30T19:04:27.050Z,2026-08-30T21:04:59.710Z,7232,2026-08-30T21:04:59.710Z,B41,Chesapeake,ba679216-ee2b-4344-afb9-134290faf502,SAMMS-ChesapeakeV5
202608302104536634,202608301904170926,202608301904170791,85,1906,Bronze INV,br_Bottle,TASK_COMPLETE,SUCCESS,INFO,19474,19474,0,,2026-08-30T19:04:27.050Z,2026-08-30T21:04:59.710Z,7232,2026-08-30T21:04:59.710Z,B42,Virginia Beach,ba679216-ee2b-4344-afb9-134290faf502,SAMMS-VirginiaBeachV5
202608302104536635,202608301904170927,202608301904170791,85,1907,Bronze INV,br_Bottle,TASK_COMPLETE,SUCCESS,INFO,8680,8680,0,,2026-08-30T19:04:27.050Z,2026-08-30T21:04:59.710Z,7232,2026-08-30T21:04:59.710Z,B42A,Newport News,ba679216-ee2b-4344-afb9-134290faf502,SAMMS-NewportNewsV5
202608302104536636,202608301904170928,202608301904170791,85,1908,Bronze INV,br_Bottle,TASK_COMPLETE,SUCCESS,INFO,2855,2855,0,,2026-08-30T19:04:27.050Z,2026-08-30T21:04:59.710Z,7232,2026-08-30T21:04:59.710Z,B42B,Franklin,ba679216-ee2b-4344-afb9-134290faf502,SAMMS-FranklinV5
202608302104536637,202608301904170929,202608301904170791,85,1909,Bronze INV,br_Bottle,TASK_COMPLETE,SUCCESS,INFO,9628,9628,0,,2026-08-30T19:04:27.050Z,2026-08-30T21:04:59.710Z,7232,2026-08-30T21:04:59.710Z,B42C,Glen Allen,ba679216-ee2b-4344-afb9-134290faf502,SAMMS-GlenAllenV5
202608302104536638,202608301904170930,202608301904170791,85,1910,Bronze INV,br_Bottle,TASK_COMPLETE,SUCCESS,INFO,7750,7750,0,,2026-08-30T19:04:27.050Z,2026-08-30T21:04:59.710Z,7232,2026-08-30T21:04:59.710Z,B42D,Chesapeake South,ba679216-ee2b-4344-afb9-134290faf502,SAMMS-ChesapeakeSouthV5
202608302104536639,202608301904170931,202608301904170791,85,1911,Bronze INV,br_Bottle,TASK_COMPLETE,SUCCESS,INFO,11274,11274,0,,2026-08-30T19:04:27.050Z,2026-08-30T21:04:59.710Z,7232,2026-08-30T21:04:59.710Z,B44,Albany,ba679216-ee2b-4344-afb9-134290faf502,SAMMS-AlbanyV5
202608302104536640,202608301904170932,202608301904170791,85,1912,Bronze INV,br_Bottle,TASK_COMPLETE,SUCCESS,INFO,14696,14696,0,,2026-08-30T19:04:27.050Z,2026-08-30T21:04:59.710Z,7232,2026-08-30T21:04:59.710Z,B45,Tifton,ba679216-ee2b-4344-afb9-134290faf502,SAMMS-TiftonV5
202608302104536642,202608301904170933,202608301904170791,85,1913,Bronze INV,br_Bottle,TASK_COMPLETE,SUCCESS,INFO,8475,8475,0,,2026-08-30T19:04:27.050Z,2026-08-30T21:04:59.710Z,7232,2026-08-30T21:04:59.710Z,B46,Washington DC,ba679216-ee2b-4344-afb9-134290faf502,SAMMS-WashingtonDCv5
202608302104536643,202608301904170934,202608301904170791,85,1914,Bronze INV,br_Bottle,TASK_COMPLETE,SUCCESS,INFO,11042,11042,0,,2026-08-30T19:04:27.050Z,2026-08-30T21:04:59.710Z,7232,2026-08-30T21:04:59.710Z,B47,Mobile,ba679216-ee2b-4344-afb9-134290faf502,SAMMS-MobileV5
202608302104536644,202608301904170935,202608301904170791,85,1915,Bronze INV,br_Bottle,TASK_COMPLETE,SUCCESS,INFO,32023,32023,0,,2026-08-30T19:04:27.050Z,2026-08-30T21:04:59.710Z,7232,2026-08-30T21:04:59.710Z,B48,Tuscaloosa,ba679216-ee2b-4344-afb9-134290faf502,SAMMS-TuscaloosaV5
202608302104536645,202608301904170936,202608301904170791,85,1924,Bronze INV,br_Bottle,TASK_COMPLETE,SUCCESS,INFO,2335,2335,0,,2026-08-30T19:04:27.050Z,2026-08-30T21:04:59.710Z,7232,2026-08-30T21:04:59.710Z,B51,N. Little Rock (OTP),ba679216-ee2b-4344-afb9-134290faf502,SAMMS-NorthLittleRockV6
202608302104536646,202608301904170937,202608301904170791,85,1925,Bronze INV,br_Bottle,TASK_COMPLETE,SUCCESS,INFO,9415,9415,0,,2026-08-30T19:04:27.050Z,2026-08-30T21:04:59.710Z,7232,2026-08-30T21:04:59.710Z,B52,Jackson GA,ba679216-ee2b-4344-afb9-134290faf502,SAMMS-JacksonGAV5
202608302104536647,202608301904170938,202608301904170791,85,1926,Bronze INV,br_Bottle,TASK_COMPLETE,SUCCESS,INFO,23194,23194,0,,2026-08-30T19:04:27.050Z,2026-08-30T21:04:59.710Z,7232,2026-08-30T21:04:59.710Z,B54,Gadsden,ba679216-ee2b-4344-afb9-134290faf502,SAMMS-GadsdenV5
202608302104536648,202608301904170939,202608301904170791,85,1927,Bronze INV,br_Bottle,TASK_COMPLETE,SUCCESS,INFO,23846,23846,0,,2026-08-30T19:04:27.050Z,2026-08-30T21:04:59.710Z,7232,2026-08-30T21:04:59.710Z,B55,Shoals,ba679216-ee2b-4344-afb9-134290faf502,SAMMS-ShoalsV5
202608302104536649,202608301904170940,202608301904170791,85,1928,Bronze INV,br_Bottle,TASK_COMPLETE,SUCCESS,INFO,2825,2825,0,,2026-08-30T19:04:27.050Z,2026-08-30T21:04:59.710Z,7232,2026-08-30T21:04:59.710Z,B57,Pawtucket,ba679216-ee2b-4344-afb9-134290faf502,SAMMS-Pawtucket
202608302104536651,202608301904170941,202608301904170791,85,1929,Bronze INV,br_Bottle,TASK_COMPLETE,SUCCESS,INFO,2993,2993,0,,2026-08-30T19:04:27.050Z,2026-08-30T21:04:59.710Z,7232,2026-08-30T21:04:59.710Z,B57A,Johnston,ba679216-ee2b-4344-afb9-134290faf502,SAMMS-Johnston
202608302104536652,202608301904170942,202608301904170791,85,1930,Bronze INV,br_Bottle,TASK_COMPLETE,SUCCESS,INFO,750,750,0,,2026-08-30T19:04:27.050Z,2026-08-30T21:04:59.710Z,7232,2026-08-30T21:04:59.710Z,B57B,Middletown,ba679216-ee2b-4344-afb9-134290faf502,SAMMS-Middletown
202608302104536653,202608301904170943,202608301904170791,85,1931,Bronze INV,br_Bottle,TASK_COMPLETE,SUCCESS,INFO,1559,1559,0,,2026-08-30T19:04:27.050Z,2026-08-30T21:04:59.710Z,7232,2026-08-30T21:04:59.710Z,B57C,Providence,ba679216-ee2b-4344-afb9-134290faf502,SAMMS-Providence
202608302104536654,202608301904170944,202608301904170791,85,1932,Bronze INV,br_Bottle,TASK_COMPLETE,SUCCESS,INFO,2542,2542,0,,2026-08-30T19:04:27.050Z,2026-08-30T21:04:59.710Z,7232,2026-08-30T21:04:59.710Z,B57D,Westerly,ba679216-ee2b-4344-afb9-134290faf502,SAMMS-Westerly
202608302104536655,202608301904170945,202608301904170791,85,1936,Bronze INV,br_Bottle,TASK_COMPLETE,SUCCESS,INFO,0,0,0,,2026-08-30T19:04:27.050Z,2026-08-30T21:04:59.710Z,7232,2026-08-30T21:04:59.710Z,B66A,Bremen,ba679216-ee2b-4344-afb9-134290faf502,SAMMS-Bremen
202608302104536656,202608301904170946,202608301904170791,85,1939,Bronze INV,br_Bottle,TASK_COMPLETE,SUCCESS,INFO,0,0,0,,2026-08-30T19:04:27.050Z,2026-08-30T21:04:59.710Z,7232,2026-08-30T21:04:59.710Z,B72,Mobile (OBOT),ba679216-ee2b-4344-afb9-134290faf502,SAMMS-Mobile-OBOT
202608302104536657,202608301904170947,202608301904170791,85,1940,Bronze INV,br_Bottle,TASK_COMPLETE,SUCCESS,INFO,0,0,0,,2026-08-30T19:04:27.050Z,2026-08-30T21:04:59.710Z,7232,2026-08-30T21:04:59.710Z,B73,Montgomery,ba679216-ee2b-4344-afb9-134290faf502,SAMMS-Montgomery
202608302104536659,202608301904170948,202608301904170791,85,1941,Bronze INV,br_Bottle,TASK_COMPLETE,SUCCESS,INFO,2258,2258,0,,2026-08-30T19:04:27.050Z,2026-08-30T21:04:59.710Z,7232,2026-08-30T21:04:59.710Z,B75,Lawrence,ba679216-ee2b-4344-afb9-134290faf502,SAMMS-LawrenceV6
202608302104536660,202608301904170949,202608301904170791,85,1942,Bronze INV,br_Bottle,TASK_COMPLETE,SUCCESS,INFO,0,0,0,,2026-08-30T19:04:27.050Z,2026-08-30T21:04:59.710Z,7232,2026-08-30T21:04:59.710Z,B76,Huntsville OBOT,ba679216-ee2b-4344-afb9-134290faf502,SAMMS-Huntsville-OBOT
202608302104536661,202608301904170950,202608301904170791,85,1943,Bronze INV,br_Bottle,TASK_COMPLETE,SUCCESS,INFO,0,0,0,,2026-08-30T19:04:27.050Z,2026-08-30T21:04:59.710Z,7232,2026-08-30T21:04:59.710Z,BAT,Batesville,ba679216-ee2b-4344-afb9-134290faf502,SAMMS-Batesville
202608302104536662,202608301904170951,202608301904170791,85,1944,Bronze INV,br_Bottle,TASK_COMPLETE,SUCCESS,INFO,4200,4200,0,,2026-08-30T19:04:27.050Z,2026-08-30T21:04:59.710Z,7232,2026-08-30T21:04:59.710Z,BG,Bowling Green,ba679216-ee2b-4344-afb9-134290faf502,SAMMS-BowlingGreen
202608302104536663,202608301904170952,202608301904170791,85,1945,Bronze INV,br_Bottle,TASK_COMPLETE,SUCCESS,INFO,2070,2070,0,,2026-08-30T19:04:27.050Z,2026-08-30T21:04:59.710Z,7232,2026-08-30T21:04:59.710Z,BOI,Boise,ba679216-ee2b-4344-afb9-134290faf502,SAMMS-Boise
202608302104536664,202608301904170953,202608301904170791,85,1952,Bronze INV,br_Bottle,TASK_COMPLETE,SUCCESS,INFO,1116,1116,0,,2026-08-30T19:04:27.050Z,2026-08-30T21:04:59.710Z,7232,2026-08-30T21:04:59.710Z,CBCO,Coeur dAlene,ba679216-ee2b-4344-afb9-134290faf502,SAMMS-CoeurdAleneV6
202608302104536665,202608301904170954,202608301904170791,85,1971,Bronze INV,br_Bottle,TASK_COMPLETE,SUCCESS,INFO,0,0,0,,2026-08-30T19:04:27.050Z,2026-08-30T21:04:59.710Z,7232,2026-08-30T21:04:59.710Z,CON,Conway,ba679216-ee2b-4344-afb9-134290faf502,SAMMS-Conway
202608302104536667,202608301904170955,202608301904170791,85,1972,Bronze INV,br_Bottle,TASK_COMPLETE,SUCCESS,INFO,0,0,0,,2026-08-30T19:04:27.050Z,2026-08-30T21:04:59.710Z,7232,2026-08-30T21:04:59.710Z,D07,Medical Services Knox TN,ba679216-ee2b-4344-afb9-134290faf502,SAMMS-KnoxvilleV6
202608302104536668,202608301904170956,202608301904170791,85,1973,Bronze INV,br_Bottle,TASK_COMPLETE,SUCCESS,INFO,5134,5134,0,,2026-08-30T19:04:27.050Z,2026-08-30T21:04:59.710Z,7232,2026-08-30T21:04:59.710Z,D08,Madison,ba679216-ee2b-4344-afb9-134290faf502,SAMMS-MadisonV6
202608302104536669,202608301904170957,202608301904170791,85,1975,Bronze INV,br_Bottle,TASK_COMPLETE,SUCCESS,INFO,7037,7037,0,,2026-08-30T19:04:27.050Z,2026-08-30T21:04:59.710Z,7232,2026-08-30T21:04:59.710Z,D09,Murfreesboro,ba679216-ee2b-4344-afb9-134290faf502,SAMMS-MurfreesboroV6
202608302104536670,202608301904170958,202608301904170791,85,1976,Bronze INV,br_Bottle,TASK_COMPLETE,SUCCESS,INFO,2227,2227,0,,2026-08-30T19:04:27.050Z,2026-08-30T21:04:59.710Z,7232,2026-08-30T21:04:59.710Z,DA,Davenport,ba679216-ee2b-4344-afb9-134290faf502,SAMMS-Davenport
202608302104536671,202608301904170959,202608301904170791,85,1977,Bronze INV,br_Bottle,TASK_COMPLETE,SUCCESS,INFO,1673,1673,0,,2026-08-30T19:04:27.050Z,2026-08-30T21:04:59.710Z,7232,2026-08-30T21:04:59.710Z,DM,Des Moines,ba679216-ee2b-4344-afb9-134290faf502,SAMMS-DesMoines
202608302104536673,202608301904170960,202608301904170791,85,1979,Bronze INV,br_Bottle,TASK_COMPLETE,SUCCESS,INFO,25636,25636,0,,2026-08-30T19:04:27.050Z,2026-08-30T21:04:59.710Z,7232,2026-08-30T21:04:59.710Z,DRD-CO,Columbia MO,ba679216-ee2b-4344-afb9-134290faf502,SAMMS-ColumbiaV5
202608302104536674,202608301904170961,202608301904170791,85,1980,Bronze INV,br_Bottle,TASK_COMPLETE,SUCCESS,INFO,24789,24789,0,,2026-08-30T19:04:27.050Z,2026-08-30T21:04:59.710Z,7232,2026-08-30T21:04:59.710Z,DRD-KC,KC,ba679216-ee2b-4344-afb9-134290faf502,SAMMS-KCv5
202608302104536675,202608301904170962,202608301904170791,85,1981,Bronze INV,br_Bottle,TASK_COMPLETE,SUCCESS,INFO,114755,114755,0,,2026-08-30T19:04:27.050Z,2026-08-30T21:04:59.710Z,7232,2026-08-30T21:04:59.710Z,DRD-KVB,KVB,ba679216-ee2b-4344-afb9-134290faf502,SAMMS-KVBv5
202608302104536676,202608301904170963,202608301904170791,85,1982,Bronze INV,br_Bottle,TASK_COMPLETE,SUCCESS,INFO,112922,112922,0,,2026-08-30T19:04:27.050Z,2026-08-30T21:04:59.710Z,7232,2026-08-30T21:04:59.710Z,DRD-KVC,KVC,ba679216-ee2b-4344-afb9-134290faf502,SAMMS-KVCv5
202608302104536677,202608301904170964,202608301904170791,85,1983,Bronze INV,br_Bottle,TASK_COMPLETE,SUCCESS,INFO,82086,82086,0,,2026-08-30T19:04:27.050Z,2026-08-30T21:04:59.710Z,7232,2026-08-30T21:04:59.710Z,DRD-NOLA,NOLA,ba679216-ee2b-4344-afb9-134290faf502,SAMMS-NOLAv5
202608302104536678,202608301904170965,202608301904170791,85,1984,Bronze INV,br_Bottle,TASK_COMPLETE,SUCCESS,INFO,65494,65494,0,,2026-08-30T19:04:27.050Z,2026-08-30T21:04:59.710Z,7232,2026-08-30T21:04:59.710Z,DRD-SF,Springfield,ba679216-ee2b-4344-afb9-134290faf502,SAMMS-SFv5
202608302104536679,202608301904170966,202608301904170791,85,1986,Bronze INV,br_Bottle,TASK_COMPLETE,SUCCESS,INFO,4231,4231,0,,2026-08-30T19:04:27.050Z,2026-08-30T21:04:59.710Z,7232,2026-08-30T21:04:59.710Z,ELC,Elizabeth City,ba679216-ee2b-4344-afb9-134290faf502,SAMMS-ElizabethCity
202608302104536681,202608301904170967,202608301904170791,85,1987,Bronze INV,br_Bottle,TASK_COMPLETE,SUCCESS,INFO,3137,3137,0,,2026-08-30T19:04:27.050Z,2026-08-30T21:04:59.710Z,7232,2026-08-30T21:04:59.710Z,ET,Elizabethtown,ba679216-ee2b-4344-afb9-134290faf502,SAMMS-Elizabethtown
202608302104536682,202608301904170968,202608301904170791,85,1988,Bronze INV,br_Bottle,TASK_COMPLETE,SUCCESS,INFO,0,0,0,,2026-08-30T19:04:27.050Z,2026-08-30T21:04:59.710Z,7232,2026-08-30T21:04:59.710Z,FAY,Fayetteville,ba679216-ee2b-4344-afb9-134290faf502,SAMMS-Fayetteville
202608302104536683,202608301904170969,202608301904170791,85,1989,Bronze INV,br_Bottle,TASK_COMPLETE,SUCCESS,INFO,3007,3007,0,,2026-08-30T19:04:27.050Z,2026-08-30T21:04:59.710Z,7232,2026-08-30T21:04:59.710Z,FR,Frankfort,ba679216-ee2b-4344-afb9-134290faf502,SAMMS-Frankfort
202608302104536684,202608301904170970,202608301904170791,85,1990,Bronze INV,br_Bottle,TASK_COMPLETE,SUCCESS,INFO,0,0,0,,2026-08-30T19:04:27.050Z,2026-08-30T21:04:59.710Z,7232,2026-08-30T21:04:59.710Z,FS,Fort Smith,ba679216-ee2b-4344-afb9-134290faf502,SAMMS-FortSmith
202608302104536685,202608301904170971,202608301904170791,85,1991,Bronze INV,br_Bottle,TASK_COMPLETE,SUCCESS,INFO,6145,6145,0,,2026-08-30T19:04:27.050Z,2026-08-30T21:04:59.710Z,7232,2026-08-30T21:04:59.710Z,FW,Fort Wayne,ba679216-ee2b-4344-afb9-134290faf502,SAMMS-FortWayne
202608302104536686,202608301904170972,202608301904170791,85,1992,Bronze INV,br_Bottle,TASK_COMPLETE,SUCCESS,INFO,2899,2899,0,,2026-08-30T19:04:27.050Z,2026-08-30T21:04:59.710Z,7232,2026-08-30T21:04:59.710Z,GAL,Gaylord,ba679216-ee2b-4344-afb9-134290faf502,SAMMS-Gaylord
202608302104536687,202608301904170973,202608301904170791,85,1996,Bronze INV,br_Bottle,TASK_COMPLETE,SUCCESS,INFO,42722,42722,0,,2026-08-30T19:04:27.050Z,2026-08-30T21:04:59.710Z,7232,2026-08-30T21:04:59.710Z,HGT,Hagerstown,ba679216-ee2b-4344-afb9-134290faf502,SAMMS-Hagerstown
202608302104536688,202608301904170974,202608301904170791,85,1997,Bronze INV,br_Bottle,TASK_COMPLETE,SUCCESS,INFO,8069,8069,0,,2026-08-30T19:04:27.050Z,2026-08-30T21:04:59.710Z,7232,2026-08-30T21:04:59.710Z,HNT,Huntsville,ba679216-ee2b-4344-afb9-134290faf502,SAMMS-Huntsville
202608302104536690,202608301904170975,202608301904170791,85,1998,Bronze INV,br_Bottle,TASK_COMPLETE,SUCCESS,INFO,0,0,0,,2026-08-30T19:04:27.050Z,2026-08-30T21:04:59.710Z,7232,2026-08-30T21:04:59.710Z,HS,Hot Springs,ba679216-ee2b-4344-afb9-134290faf502,SAMMS-HotSprings
202608302104536691,202608301904170976,202608301904170791,85,1999,Bronze INV,br_Bottle,TASK_COMPLETE,SUCCESS,INFO,0,0,0,,2026-08-30T19:04:27.050Z,2026-08-30T21:04:59.710Z,7232,2026-08-30T21:04:59.710Z,JON,Jonesboro,ba679216-ee2b-4344-afb9-134290faf502,SAMMS-Jonesboro
202608302104536692,202608301904170977,202608301904170791,85,2001,Bronze INV,br_Bottle,TASK_COMPLETE,SUCCESS,INFO,2646,2646,0,,2026-08-30T19:04:27.050Z,2026-08-30T21:04:59.710Z,7232,2026-08-30T21:04:59.710Z,LAN,Lansing,ba679216-ee2b-4344-afb9-134290faf502,SAMMS-Lansing
202608302104536693,202608301904170978,202608301904170791,85,2002,Bronze INV,br_Bottle,TASK_COMPLETE,SUCCESS,INFO,7360,7360,0,,2026-08-30T19:04:27.050Z,2026-08-30T21:04:59.710Z,7232,2026-08-30T21:04:59.710Z,LO,Louisville,ba679216-ee2b-4344-afb9-134290faf502,SAMMS-Louisville
202608302104536694,202608301904170979,202608301904170791,85,2003,Bronze INV,br_Bottle,TASK_COMPLETE,SUCCESS,INFO,2816,2816,0,,2026-08-30T19:04:27.050Z,2026-08-30T21:04:59.710Z,7232,2026-08-30T21:04:59.710Z,LV1,Cheyenne,ba679216-ee2b-4344-afb9-134290faf502,SAMMS-Cheyenne
202608302104536695,202608301904170980,202608301904170791,85,2004,Bronze INV,br_Bottle,TASK_COMPLETE,SUCCESS,INFO,3017,3017,0,,2026-08-30T19:04:27.050Z,2026-08-30T21:04:59.710Z,7232,2026-08-30T21:04:59.710Z,LV2,Desert Inn,ba679216-ee2b-4344-afb9-134290faf502,SAMMS-DesertInn
202608302104536696,202608301904170981,202608301904170791,85,2005,Bronze INV,br_Bottle,TASK_COMPLETE,SUCCESS,INFO,1591,1591,0,,2026-08-30T19:04:27.050Z,2026-08-30T21:04:59.710Z,7232,2026-08-30T21:04:59.710Z,LV3,McDaniel,ba679216-ee2b-4344-afb9-134290faf502,SAMMS-McDaniel
202608302104536698,202608301904170982,202608301904170791,85,2008,Bronze INV,br_Bottle,TASK_COMPLETE,SUCCESS,INFO,2853,2853,0,,2026-08-30T19:04:27.050Z,2026-08-30T21:04:59.710Z,7232,2026-08-30T21:04:59.710Z,MNRE,Monroe,ba679216-ee2b-4344-afb9-134290faf502,SAMMS-Monroe
202608302104536699,202608301904170983,202608301904170791,85,2009,Bronze INV,br_Bottle,TASK_COMPLETE,SUCCESS,INFO,5224,5224,0,,2026-08-30T19:04:27.050Z,2026-08-30T21:04:59.710Z,7232,2026-08-30T21:04:59.710Z,MP,Mt. Pleasant,ba679216-ee2b-4344-afb9-134290faf502,SAMMS-MtPleasant
202608302104536700,202608301904170984,202608301904170791,85,2010,Bronze INV,br_Bottle,TASK_COMPLETE,SUCCESS,INFO,1312,1312,0,,2026-08-30T19:04:27.050Z,2026-08-30T21:04:59.710Z,7232,2026-08-30T21:04:59.710Z,MRD,Meridian,ba679216-ee2b-4344-afb9-134290faf502,SAMMS-Meridian
202608302104536701,202608301904170985,202608301904170791,85,2015,Bronze INV,br_Bottle,TASK_COMPLETE,SUCCESS,INFO,4315,4315,0,,2026-08-30T19:04:27.050Z,2026-08-30T21:04:59.710Z,7232,2026-08-30T21:04:59.710Z,NC,North Charleston,ba679216-ee2b-4344-afb9-134290faf502,SAMMS-NorthCharleston
202608302104536702,202608301904170986,202608301904170791,85,2016,Bronze INV,br_Bottle,TASK_COMPLETE,SUCCESS,INFO,0,0,0,,2026-08-30T19:04:27.050Z,2026-08-30T21:04:59.710Z,7232,2026-08-30T21:04:59.710Z,NLR,N. Little Rock,ba679216-ee2b-4344-afb9-134290faf502,SAMMS-NLROBOT
202608302104536703,202608301904170987,202608301904170791,85,2017,Bronze INV,br_Bottle,TASK_COMPLETE,SUCCESS,INFO,619,619,0,,2026-08-30T19:04:27.050Z,2026-08-30T21:04:59.710Z,7232,2026-08-30T21:04:59.710Z,PH,Phoenix,ba679216-ee2b-4344-afb9-134290faf502,SAMMS-Phoenix
202608302104536704,202608301904170988,202608301904170791,85,2021,Bronze INV,br_Bottle,TASK_COMPLETE,SUCCESS,INFO,2837,2837,0,,2026-08-30T19:04:27.050Z,2026-08-30T21:04:59.710Z,7232,2026-08-30T21:04:59.710Z,RE,Reno,ba679216-ee2b-4344-afb9-134290faf502,SAMMS-Reno
202608302104536705,202608301904170989,202608301904170791,85,2022,Bronze INV,br_Bottle,TASK_COMPLETE,SUCCESS,INFO,4133,4133,0,,2026-08-30T19:04:27.050Z,2026-08-30T21:04:59.710Z,7232,2026-08-30T21:04:59.710Z,RMD,Richmond,ba679216-ee2b-4344-afb9-134290faf502,SAMMS-Richmond
202608302104536707,202608301904170990,202608301904170791,85,2023,Bronze INV,br_Bottle,TASK_COMPLETE,SUCCESS,INFO,20197,20197,0,,2026-08-30T19:04:27.050Z,2026-08-30T21:04:59.710Z,7232,2026-08-30T21:04:59.710Z,SFN,Springfield North,ba679216-ee2b-4344-afb9-134290faf502,SAMMS-SFNv5
202608302104536708,202608301904170991,202608301904170791,85,2024,Bronze INV,br_Bottle,TASK_COMPLETE,SUCCESS,INFO,7765,7765,0,,2026-08-30T19:04:27.050Z,2026-08-30T21:04:59.710Z,7232,2026-08-30T21:04:59.710Z,SHP,Shreveport,ba679216-ee2b-4344-afb9-134290faf502,SAMMS-Shreveport
202608302104536709,202608301904170992,202608301904170791,85,2026,Bronze INV,br_Bottle,TASK_COMPLETE,SUCCESS,INFO,2611,2611,0,,2026-08-30T19:04:27.050Z,2026-08-30T21:04:59.710Z,7232,2026-08-30T21:04:59.710Z,STN,Staunton,ba679216-ee2b-4344-afb9-134290faf502,SAMMS-Staunton
202608302104536710,202608301904170993,202608301904170791,85,2027,Bronze INV,br_Bottle,TASK_COMPLETE,SUCCESS,INFO,925,925,0,,2026-08-30T19:04:27.050Z,2026-08-30T21:04:59.710Z,7232,2026-08-30T21:04:59.710Z,STVN,Stevenson,ba679216-ee2b-4344-afb9-134290faf502,SAMMS-Stevenson
202608302104536711,202608301904170994,202608301904170791,85,2029,Bronze INV,br_Bottle,TASK_COMPLETE,SUCCESS,INFO,712,712,0,,2026-08-30T19:04:27.050Z,2026-08-30T21:04:59.710Z,7232,2026-08-30T21:04:59.710Z,TE,Tempe,ba679216-ee2b-4344-afb9-134290faf502,SAMMS-Tempe
202608302104536713,202608301904170995,202608301904170791,85,2030,Bronze INV,br_Bottle,TASK_COMPLETE,SUCCESS,INFO,0,0,0,,2026-08-30T19:04:27.050Z,2026-08-30T21:04:59.710Z,7232,2026-08-30T21:04:59.710Z,TEX,Texarkana,ba679216-ee2b-4344-afb9-134290faf502,SAMMS-Texarkana
202608302104536714,202608301904170996,202608301904170791,85,2031,Bronze INV,br_Bottle,TASK_COMPLETE,SUCCESS,INFO,38677,38677,0,,2026-08-30T19:04:27.050Z,2026-08-30T21:04:59.710Z,7232,2026-08-30T21:04:59.710Z,TTCA,Bessemer,ba679216-ee2b-4344-afb9-134290faf502,SAMMS-BessemerV5
202608302104536715,202608301904170997,202608301904170791,85,2032,Bronze INV,br_Bottle,TASK_COMPLETE,SUCCESS,INFO,9680,9680,0,,2026-08-30T19:04:27.050Z,2026-08-30T21:04:59.710Z,7232,2026-08-30T21:04:59.710Z,TTCB,Cullman,ba679216-ee2b-4344-afb9-134290faf502,SAMMS-CullmanV5
202608302104536716,202608301904170998,202608301904170791,85,2033,Bronze INV,br_Bottle,TASK_COMPLETE,SUCCESS,INFO,11509,11509,0,,2026-08-30T19:04:27.050Z,2026-08-30T21:04:59.710Z,7232,2026-08-30T21:04:59.710Z,TTCC,Grand Bay,ba679216-ee2b-4344-afb9-134290faf502,SAMMS-GrandBay
202608302104536717,202608301904170999,202608301904170791,85,2034,Bronze INV,br_Bottle,TASK_COMPLETE,SUCCESS,INFO,581,581,0,,2026-08-30T19:04:27.050Z,2026-08-30T21:04:59.710Z,7232,2026-08-30T21:04:59.710Z,TU,Tucson,ba679216-ee2b-4344-afb9-134290faf502,SAMMS-Tucson
202608302104536718,202608301904171000,202608301904170791,85,2036,Bronze INV,br_Bottle,TASK_COMPLETE,SUCCESS,INFO,36471,36471,0,,2026-08-30T19:04:27.050Z,2026-08-30T21:04:59.710Z,7232,2026-08-30T21:04:59.710Z,V1,Memphis South,ba679216-ee2b-4344-afb9-134290faf502,SAMMS-VCPHCS-I-MemphisV5
202608302104536719,202608301904171001,202608301904170791,85,2037,Bronze INV,br_Bottle,TASK_COMPLETE,SUCCESS,INFO,11386,11386,0,,2026-08-30T19:04:27.050Z,2026-08-30T21:04:59.710Z,7232,2026-08-30T21:04:59.710Z,V10,Longmont,ba679216-ee2b-4344-afb9-134290faf502,SAMMS-BoulderV5
202608302104536721,202608301904171002,202608301904170791,85,2038,Bronze INV,br_Bottle,TASK_COMPLETE,SUCCESS,INFO,10742,10742,0,,2026-08-30T19:04:27.050Z,2026-08-30T21:04:59.710Z,7232,2026-08-30T21:04:59.710Z,V10A,Fort Collins,ba679216-ee2b-4344-afb9-134290faf502,SAMMS-FortCollinsV5
202608302104536722,202608301904171003,202608301904170791,85,2039,Bronze INV,br_Bottle,TASK_COMPLETE,SUCCESS,INFO,21449,21449,0,,2026-08-30T19:04:27.050Z,2026-08-30T21:04:59.710Z,7232,2026-08-30T21:04:59.710Z,V11,Westminster,ba679216-ee2b-4344-afb9-134290faf502,SAMMS-VCPHCS-XI-NorthDenverV5
202608302104536723,202608301904171004,202608301904170791,85,2040,Bronze INV,br_Bottle,TASK_COMPLETE,SUCCESS,INFO,26177,26177,0,,2026-08-30T19:04:27.050Z,2026-08-30T21:04:59.710Z,7232,2026-08-30T21:04:59.710Z,V12,Downtown Denver,ba679216-ee2b-4344-afb9-134290faf502,SAMMS-VCPHCS-XII-DowntownDenverV5
202608302104536724,202608301904171005,202608301904170791,85,2041,Bronze INV,br_Bottle,TASK_COMPLETE,SUCCESS,INFO,6434,6434,0,,2026-08-30T19:04:27.050Z,2026-08-30T21:04:59.710Z,7232,2026-08-30T21:04:59.710Z,V12A,Centennial,ba679216-ee2b-4344-afb9-134290faf502,SAMMS-CentennialV5
202608302104536725,202608301904171006,202608301904170791,85,2042,Bronze INV,br_Bottle,TASK_COMPLETE,SUCCESS,INFO,12731,12731,0,,2026-08-30T19:04:27.050Z,2026-08-30T21:04:59.710Z,7232,2026-08-30T21:04:59.710Z,V14,Overland Park,ba679216-ee2b-4344-afb9-134290faf502,SAMMS-VCPHCS-XIV-BridgewayV5
202608302104536726,202608301904171007,202608301904170791,85,2043,Bronze INV,br_Bottle,TASK_COMPLETE,SUCCESS,INFO,14966,14966,0,,2026-08-30T19:04:27.050Z,2026-08-30T21:04:59.710Z,7232,2026-08-30T21:04:59.710Z,V15,Joplin,ba679216-ee2b-4344-afb9-134290faf502,SAMMS-JoplinV5
202608302104536727,202608301904171008,202608301904170791,85,2045,Bronze INV,br_Bottle,TASK_COMPLETE,SUCCESS,INFO,7060,7060,0,,2026-08-30T19:04:27.050Z,2026-08-30T21:04:59.710Z,7232,2026-08-30T21:04:59.710Z,V17,Columbia TN,ba679216-ee2b-4344-afb9-134290faf502,SAMMS-ColumbiaTNv5
202608302104536729,202608301904171009,202608301904170791,85,2047,Bronze INV,br_Bottle,TASK_COMPLETE,SUCCESS,INFO,38858,38858,0,,2026-08-30T19:04:27.050Z,2026-08-30T21:04:59.710Z,7232,2026-08-30T21:04:59.710Z,V19,Jackson,ba679216-ee2b-4344-afb9-134290faf502,SAMMS-JacksonV5
202608302104536730,202608301904171010,202608301904170791,85,2049,Bronze INV,br_Bottle,TASK_COMPLETE,SUCCESS,INFO,50518,50518,0,,2026-08-30T19:04:27.050Z,2026-08-30T21:04:59.710Z,7232,2026-08-30T21:04:59.710Z,V20,Paris,ba679216-ee2b-4344-afb9-134290faf502,SAMMS-ParisV5
202608302104536731,202608301904171011,202608301904170791,85,2050,Bronze INV,br_Bottle,TASK_COMPLETE,SUCCESS,INFO,36119,36119,0,,2026-08-30T19:04:27.050Z,2026-08-30T21:04:59.710Z,7232,2026-08-30T21:04:59.710Z,V21,Memphis North,ba679216-ee2b-4344-afb9-134290faf502,SAMMS-RaleighV5
202608302104536732,202608301904171012,202608301904170791,85,2053,Bronze INV,br_Bottle,TASK_COMPLETE,SUCCESS,INFO,67535,67535,0,,2026-08-30T19:04:27.050Z,2026-08-30T21:04:59.710Z,7232,2026-08-30T21:04:59.710Z,V5,West Bank,ba679216-ee2b-4344-afb9-134290faf502,SAMMS-NONTCv5
202608302104536733,202608301904171013,202608301904170791,85,2055,Bronze INV,br_Bottle,TASK_COMPLETE,SUCCESS,INFO,740,740,0,,2026-08-30T19:04:27.050Z,2026-08-30T21:04:59.710Z,7232,2026-08-30T21:04:59.710Z,V5B,Houma,ba679216-ee2b-4344-afb9-134290faf502,SAMMS-HoumaV6
202608302104536734,202608301904171014,202608301904170791,85,2056,Bronze INV,br_Bottle,TASK_COMPLETE,SUCCESS,INFO,40211,40211,0,,2026-08-30T19:04:27.050Z,2026-08-30T21:04:59.710Z,7232,2026-08-30T21:04:59.710Z,V6,Lake Charles,ba679216-ee2b-4344-afb9-134290faf502,SAMMS-LCv5
202608302104536735,202608301904171015,202608301904170791,85,2058,Bronze INV,br_Bottle,TASK_COMPLETE,SUCCESS,INFO,41828,41828,0,,2026-08-30T19:04:27.050Z,2026-08-30T21:04:59.710Z,7232,2026-08-30T21:04:59.710Z,V8,Memphis Midtown,ba679216-ee2b-4344-afb9-134290faf502,SAMMS-VCPHCS-VIII-MemphisV5
202608302104536736,202608301904171016,202608301904170791,85,2059,Bronze INV,br_Bottle,TASK_COMPLETE,SUCCESS,INFO,86805,86805,0,,2026-08-30T19:04:27.050Z,2026-08-30T21:04:59.710Z,7232,2026-08-30T21:04:59.710Z,V9,Nashville,ba679216-ee2b-4344-afb9-134290faf502,SAMMS-NashvilleV5
202608302104536738,202608301904171017,202608301904170791,85,2060,Bronze INV,br_Bottle,TASK_COMPLETE,SUCCESS,INFO,5563,5563,0,,2026-08-30T19:04:27.050Z,2026-08-30T21:04:59.710Z,7232,2026-08-30T21:04:59.710Z,VBRA,Brainerd,ba679216-ee2b-4344-afb9-134290faf502,SAMMS-BrainerdV6
202608302104536739,202608301904171018,202608301904170791,85,2061,Bronze INV,br_Bottle,TASK_COMPLETE,SUCCESS,INFO,12687,12687,0,,2026-08-30T19:04:27.050Z,2026-08-30T21:04:59.710Z,7232,2026-08-30T21:04:59.710Z,VBRP,Brooklyn Park,ba679216-ee2b-4344-afb9-134290faf502,SAMMS-BrooklynParkV6
202608302104536740,202608301904171019,202608301904170791,85,2063,Bronze INV,br_Bottle,TASK_COMPLETE,SUCCESS,INFO,7146,7146,0,,2026-08-30T19:04:27.050Z,2026-08-30T21:04:59.710Z,7232,2026-08-30T21:04:59.710Z,VMIN,Minneapolis,ba679216-ee2b-4344-afb9-134290faf502,SAMMS-MinneapolisV6
202608302104537005,202608301904171248,202608301904170791,85,2986,Bronze INV,br_OrientationChecklistNew,TASK_COMPLETE,SUCCESS,INFO,108,108,0,,2026-08-30T19:04:27.050Z,2026-08-30T21:04:59.710Z,7232,2026-08-30T21:04:59.710Z,WIL,Wilson,ba679216-ee2b-4344-afb9-134290faf502,SAMMS-Wilson
202608302104537006,202608301904171249,202608301904170791,85,2254,Bronze INV,br_LabResult,TASK_COMPLETE,SUCCESS,INFO,1693,1693,0,,2026-08-30T19:04:27.050Z,2026-08-30T21:04:59.710Z,7232,2026-08-30T21:04:59.710Z,AHK,Ahoskie,ba679216-ee2b-4344-afb9-134290faf502,SAMMS-Ahoskie
202608302104537007,202608301904171250,202608301904170791,85,2255,Bronze INV,br_LabResult,TASK_COMPLETE,SUCCESS,INFO,1260,1260,0,,2026-08-30T19:04:27.050Z,2026-08-30T21:04:59.710Z,7232,2026-08-30T21:04:59.710Z,B12B,Colorado Springs,ba679216-ee2b-4344-afb9-134290faf502,SAMMS-ColoradoSpringsV5
202608302104537008,202608301904171251,202608301904170791,85,2256,Bronze INV,br_LabResult,TASK_COMPLETE,SUCCESS,INFO,1833,1833,0,,2026-08-30T19:04:27.050Z,2026-08-30T21:04:59.710Z,7232,2026-08-30T21:04:59.710Z,B24,Paintsville,ba679216-ee2b-4344-afb9-134290faf502,SAMMS-PaintsvilleV5
202608302104537009,202608301904171252,202608301904170791,85,2257,Bronze INV,br_LabResult,TASK_COMPLETE,SUCCESS,INFO,2286,2286,0,,2026-08-30T19:04:27.050Z,2026-08-30T21:04:59.710Z,7232,2026-08-30T21:04:59.710Z,B25,Pikeville,ba679216-ee2b-4344-afb9-134290faf502,SAMMS-PikevilleV5
202608302104537011,202608301904171253,202608301904170791,85,2258,Bronze INV,br_LabResult,TASK_COMPLETE,SUCCESS,INFO,2742,2742,0,,2026-08-30T19:04:27.050Z,2026-08-30T21:04:59.710Z,7232,2026-08-30T21:04:59.710Z,B26,Hazard,ba679216-ee2b-4344-afb9-134290faf502,SAMMS-HazardV5
202608302104537012,202608301904171254,202608301904170791,85,2259,Bronze INV,br_LabResult,TASK_COMPLETE,SUCCESS,INFO,3,3,0,,2026-08-30T19:04:27.050Z,2026-08-30T21:04:59.710Z,7232,2026-08-30T21:04:59.710Z,B27,Savannah,ba679216-ee2b-4344-afb9-134290faf502,SAMMS-SavannahV6
202608302104537013,202608301904171255,202608301904170791,85,2260,Bronze INV,br_LabResult,TASK_COMPLETE,SUCCESS,INFO,1556,1556,0,,2026-08-30T19:04:27.050Z,2026-08-30T21:04:59.710Z,7232,2026-08-30T21:04:59.710Z,B28,West Plains,ba679216-ee2b-4344-afb9-134290faf502,SAMMS-WestPlainesV5
202608302104537014,202608301904171256,202608301904170791,85,2261,Bronze INV,br_LabResult,TASK_COMPLETE,SUCCESS,INFO,1885,1885,0,,2026-08-30T19:04:27.050Z,2026-08-30T21:04:59.710Z,7232,2026-08-30T21:04:59.710Z,B29,Poplar Bluff,ba679216-ee2b-4344-afb9-134290faf502,SAMMS-PoplarBluffV5
202608302104537015,202608301904171257,202608301904170791,85,2262,Bronze INV,br_LabResult,TASK_COMPLETE,SUCCESS,INFO,1515,1515,0,,2026-08-30T19:04:27.050Z,2026-08-30T21:04:59.710Z,7232,2026-08-30T21:04:59.710Z,B30,KC North,ba679216-ee2b-4344-afb9-134290faf502,SAMMS-KCNv5
202608302104537016,202608301904171258,202608301904170791,85,2263,Bronze INV,br_LabResult,TASK_COMPLETE,SUCCESS,INFO,5381,5381,0,,2026-08-30T19:04:27.050Z,2026-08-30T21:04:59.710Z,7232,2026-08-30T21:04:59.710Z,B31,Dyersburg,ba679216-ee2b-4344-afb9-134290faf502,SAMMS-DyersburgV5
202608302104537018,202608301904171259,202608301904170791,85,2265,Bronze INV,br_LabResult,TASK_COMPLETE,SUCCESS,INFO,4144,4144,0,,2026-08-30T19:04:27.050Z,2026-08-30T21:04:59.710Z,7232,2026-08-30T21:04:59.710Z,B33,Paducah,ba679216-ee2b-4344-afb9-134290faf502,SAMMS-Paducah
202608302104537019,202608301904171260,202608301904170791,85,2266,Bronze INV,br_LabResult,TASK_COMPLETE,SUCCESS,INFO,2294,2294,0,,2026-08-30T19:04:27.050Z,2026-08-30T21:04:59.710Z,7232,2026-08-30T21:04:59.710Z,B34,Corbin,ba679216-ee2b-4344-afb9-134290faf502,SAMMS-CorbinV5
202608302104537020,202608301904171261,202608301904170791,85,2267,Bronze INV,br_LabResult,TASK_COMPLETE,SUCCESS,INFO,11700,11700,0,,2026-08-30T19:04:27.050Z,2026-08-30T21:04:59.710Z,7232,2026-08-30T21:04:59.710Z,B35,Lexington,ba679216-ee2b-4344-afb9-134290faf502,SAMMS-LexingtonV5
202608302104537021,202608301904171262,202608301904170791,85,2268,Bronze INV,br_LabResult,TASK_COMPLETE,SUCCESS,INFO,2396,2396,0,,2026-08-30T19:04:27.050Z,2026-08-30T21:04:59.710Z,7232,2026-08-30T21:04:59.710Z,B35A,Berea,ba679216-ee2b-4344-afb9-134290faf502,SAMMS-BereaV5
202608302104537022,202608301904171263,202608301904170791,85,2269,Bronze INV,br_LabResult,TASK_COMPLETE,SUCCESS,INFO,1174,1174,0,,2026-08-30T19:04:27.050Z,2026-08-30T21:04:59.710Z,7232,2026-08-30T21:04:59.710Z,B36,Asheville,ba679216-ee2b-4344-afb9-134290faf502,SAMMS-AshevilleV5
202608302104537023,202608301904171264,202608301904170791,85,2270,Bronze INV,br_LabResult,TASK_COMPLETE,SUCCESS,INFO,1697,1697,0,,2026-08-30T19:04:27.050Z,2026-08-30T21:04:59.710Z,7232,2026-08-30T21:04:59.710Z,B37,Clyde,ba679216-ee2b-4344-afb9-134290faf502,SAMMS-ClydeV5
202608302104537024,202608301904171265,202608301904170791,85,2271,Bronze INV,br_LabResult,TASK_COMPLETE,SUCCESS,INFO,5937,5937,0,,2026-08-30T19:04:27.050Z,2026-08-30T21:04:59.710Z,7232,2026-08-30T21:04:59.710Z,B38,Spartanburg,ba679216-ee2b-4344-afb9-134290faf502,SAMMS-SpartanburgV5
202608302104537025,202608301904171266,202608301904170791,85,2272,Bronze INV,br_LabResult,TASK_COMPLETE,SUCCESS,INFO,1795,1795,0,,2026-08-30T19:04:27.050Z,2026-08-30T21:04:59.710Z,7232,2026-08-30T21:04:59.710Z,B39,Aiken,ba679216-ee2b-4344-afb9-134290faf502,SAMMS-AikenV5
202608302104537027,202608301904171267,202608301904170791,85,2273,Bronze INV,br_LabResult,TASK_COMPLETE,SUCCESS,INFO,4047,4047,0,,2026-08-30T19:04:27.050Z,2026-08-30T21:04:59.710Z,7232,2026-08-30T21:04:59.710Z,B41,Chesapeake,ba679216-ee2b-4344-afb9-134290faf502,SAMMS-ChesapeakeV5
202608302104537028,202608301904171268,202608301904170791,85,2274,Bronze INV,br_LabResult,TASK_COMPLETE,SUCCESS,INFO,14378,14378,0,,2026-08-30T19:04:27.050Z,2026-08-30T21:04:59.710Z,7232,2026-08-30T21:04:59.710Z,B42,Virginia Beach,ba679216-ee2b-4344-afb9-134290faf502,SAMMS-VirginiaBeachV5
202608302104537029,202608301904171269,202608301904170791,85,2275,Bronze INV,br_LabResult,TASK_COMPLETE,SUCCESS,INFO,1422,1422,0,,2026-08-30T19:04:27.050Z,2026-08-30T21:04:59.710Z,7232,2026-08-30T21:04:59.710Z,B42A,Newport News,ba679216-ee2b-4344-afb9-134290faf502,SAMMS-NewportNewsV5
202608302104537030,202608301904171270,202608301904170791,85,2276,Bronze INV,br_LabResult,TASK_COMPLETE,SUCCESS,INFO,752,752,0,,2026-08-30T19:04:27.050Z,2026-08-30T21:04:59.710Z,7232,2026-08-30T21:04:59.710Z,B42B,Franklin,ba679216-ee2b-4344-afb9-134290faf502,SAMMS-FranklinV5
202608302104537031,202608301904171271,202608301904170791,85,2277,Bronze INV,br_LabResult,TASK_COMPLETE,SUCCESS,INFO,1481,1481,0,,2026-08-30T19:04:27.050Z,2026-08-30T21:04:59.710Z,7232,2026-08-30T21:04:59.710Z,B42C,Glen Allen,ba679216-ee2b-4344-afb9-134290faf502,SAMMS-GlenAllenV5
202608302104537032,202608301904171272,202608301904170791,85,2278,Bronze INV,br_LabResult,TASK_COMPLETE,SUCCESS,INFO,1330,1330,0,,2026-08-30T19:04:27.050Z,2026-08-30T21:04:59.710Z,7232,2026-08-30T21:04:59.710Z,B42D,Chesapeake South,ba679216-ee2b-4344-afb9-134290faf502,SAMMS-ChesapeakeSouthV5
202608302104537034,202608301904171273,202608301904170791,85,2279,Bronze INV,br_LabResult,TASK_COMPLETE,SUCCESS,INFO,2936,2936,0,,2026-08-30T19:04:27.050Z,2026-08-30T21:04:59.710Z,7232,2026-08-30T21:04:59.710Z,B44,Albany,ba679216-ee2b-4344-afb9-134290faf502,SAMMS-AlbanyV5
202608302104537035,202608301904171274,202608301904170791,85,2280,Bronze INV,br_LabResult,TASK_COMPLETE,SUCCESS,INFO,2420,2420,0,,2026-08-30T19:04:27.050Z,2026-08-30T21:04:59.710Z,7232,2026-08-30T21:04:59.710Z,B45,Tifton,ba679216-ee2b-4344-afb9-134290faf502,SAMMS-TiftonV5
202608302104537036,202608301904171275,202608301904170791,85,2281,Bronze INV,br_LabResult,TASK_COMPLETE,SUCCESS,INFO,623,623,0,,2026-08-30T19:04:27.050Z,2026-08-30T21:04:59.710Z,7232,2026-08-30T21:04:59.710Z,B46,Washington DC,ba679216-ee2b-4344-afb9-134290faf502,SAMMS-WashingtonDCv5
202608302104537037,202608301904171276,202608301904170791,85,2282,Bronze INV,br_LabResult,TASK_COMPLETE,SUCCESS,INFO,334,334,0,,2026-08-30T19:04:27.050Z,2026-08-30T21:04:59.710Z,7232,2026-08-30T21:04:59.710Z,B47,Mobile,ba679216-ee2b-4344-afb9-134290faf502,SAMMS-MobileV5
202608302104537038,202608301904171277,202608301904170791,85,2283,Bronze INV,br_LabResult,TASK_COMPLETE,SUCCESS,INFO,3367,3367,0,,2026-08-30T19:04:27.050Z,2026-08-30T21:04:59.710Z,7232,2026-08-30T21:04:59.710Z,B48,Tuscaloosa,ba679216-ee2b-4344-afb9-134290faf502,SAMMS-TuscaloosaV5
202608302104537039,202608301904171278,202608301904170791,85,2292,Bronze INV,br_LabResult,TASK_COMPLETE,SUCCESS,INFO,5,5,0,,2026-08-30T19:04:27.050Z,2026-08-30T21:04:59.710Z,7232,2026-08-30T21:04:59.710Z,B51,N. Little Rock (OTP),ba679216-ee2b-4344-afb9-134290faf502,SAMMS-NorthLittleRockV6
202608302104537040,202608301904171279,202608301904170791,85,2293,Bronze INV,br_LabResult,TASK_COMPLETE,SUCCESS,INFO,256,256,0,,2026-08-30T19:04:27.050Z,2026-08-30T21:04:59.710Z,7232,2026-08-30T21:04:59.710Z,B52,Jackson GA,ba679216-ee2b-4344-afb9-134290faf502,SAMMS-JacksonGAV5
202608302104537041,202608301904171280,202608301904170791,85,2294,Bronze INV,br_LabResult,TASK_COMPLETE,SUCCESS,INFO,2660,2660,0,,2026-08-30T19:04:27.050Z,2026-08-30T21:04:59.710Z,7232,2026-08-30T21:04:59.710Z,B54,Gadsden,ba679216-ee2b-4344-afb9-134290faf502,SAMMS-GadsdenV5
202608302104537043,202608301904171281,202608301904170791,85,2295,Bronze INV,br_LabResult,TASK_COMPLETE,SUCCESS,INFO,491,491,0,,2026-08-30T19:04:27.050Z,2026-08-30T21:04:59.710Z,7232,2026-08-30T21:04:59.710Z,B55,Shoals,ba679216-ee2b-4344-afb9-134290faf502,SAMMS-ShoalsV5
202608302104537044,202608301904171282,202608301904170791,85,2296,Bronze INV,br_LabResult,TASK_COMPLETE,SUCCESS,INFO,3,3,0,,2026-08-30T19:04:27.050Z,2026-08-30T21:04:59.710Z,7232,2026-08-30T21:04:59.710Z,B57,Pawtucket,ba679216-ee2b-4344-afb9-134290faf502,SAMMS-Pawtucket
202608302104537045,202608301904171283,202608301904170791,85,2297,Bronze INV,br_LabResult,TASK_COMPLETE,SUCCESS,INFO,6,6,0,,2026-08-30T19:04:27.050Z,2026-08-30T21:04:59.710Z,7232,2026-08-30T21:04:59.710Z,B57A,Johnston,ba679216-ee2b-4344-afb9-134290faf502,SAMMS-Johnston
202608302104537046,202608301904171284,202608301904170791,85,2298,Bronze INV,br_LabResult,TASK_COMPLETE,SUCCESS,INFO,9,9,0,,2026-08-30T19:04:27.050Z,2026-08-30T21:04:59.710Z,7232,2026-08-30T21:04:59.710Z,B57B,Middletown,ba679216-ee2b-4344-afb9-134290faf502,SAMMS-Middletown
202608302104537047,202608301904171285,202608301904170791,85,2299,Bronze INV,br_LabResult,TASK_COMPLETE,SUCCESS,INFO,2,2,0,,2026-08-30T19:04:27.050Z,2026-08-30T21:04:59.710Z,7232,2026-08-30T21:04:59.710Z,B57C,Providence,ba679216-ee2b-4344-afb9-134290faf502,SAMMS-Providence
202608302104537048,202608301904171286,202608301904170791,85,2300,Bronze INV,br_LabResult,TASK_COMPLETE,SUCCESS,INFO,3,3,0,,2026-08-30T19:04:27.050Z,2026-08-30T21:04:59.710Z,7232,2026-08-30T21:04:59.710Z,B57D,Westerly,ba679216-ee2b-4344-afb9-134290faf502,SAMMS-Westerly
202608302104537049,202608301904171287,202608301904170791,85,2304,Bronze INV,br_LabResult,TASK_COMPLETE,SUCCESS,INFO,2,2,0,,2026-08-30T19:04:27.050Z,2026-08-30T21:04:59.710Z,7232,2026-08-30T21:04:59.710Z,B66A,Bremen,ba679216-ee2b-4344-afb9-134290faf502,SAMMS-Bremen
202608302104537051,202608301904171288,202608301904170791,85,2307,Bronze INV,br_LabResult,TASK_COMPLETE,SUCCESS,INFO,3,3,0,,2026-08-30T19:04:27.050Z,2026-08-30T21:04:59.710Z,7232,2026-08-30T21:04:59.710Z,B72,Mobile (OBOT),ba679216-ee2b-4344-afb9-134290faf502,SAMMS-Mobile-OBOT
202608302104537052,202608301904171289,202608301904170791,85,2308,Bronze INV,br_LabResult,TASK_COMPLETE,SUCCESS,INFO,1,1,0,,2026-08-30T19:04:27.050Z,2026-08-30T21:04:59.710Z,7232,2026-08-30T21:04:59.710Z,B73,Montgomery,ba679216-ee2b-4344-afb9-134290faf502,SAMMS-Montgomery
202608302104537053,202608301904171290,202608301904170791,85,2309,Bronze INV,br_LabResult,TASK_COMPLETE,SUCCESS,INFO,508,508,0,,2026-08-30T19:04:27.050Z,2026-08-30T21:04:59.710Z,7232,2026-08-30T21:04:59.710Z,B75,Lawrence,ba679216-ee2b-4344-afb9-134290faf502,SAMMS-LawrenceV6
202608302104537054,202608301904171291,202608301904170791,85,2310,Bronze INV,br_LabResult,TASK_COMPLETE,SUCCESS,INFO,1,1,0,,2026-08-30T19:04:27.050Z,2026-08-30T21:04:59.710Z,7232,2026-08-30T21:04:59.710Z,B76,Huntsville OBOT,ba679216-ee2b-4344-afb9-134290faf502,SAMMS-Huntsville-OBOT
202608302104537055,202608301904171292,202608301904170791,85,2311,Bronze INV,br_LabResult,TASK_COMPLETE,SUCCESS,INFO,4,4,0,,2026-08-30T19:04:27.050Z,2026-08-30T21:04:59.710Z,7232,2026-08-30T21:04:59.710Z,BAT,Batesville,ba679216-ee2b-4344-afb9-134290faf502,SAMMS-Batesville
202608302104537056,202608301904171293,202608301904170791,85,2312,Bronze INV,br_LabResult,TASK_COMPLETE,SUCCESS,INFO,2692,2692,0,,2026-08-30T19:04:27.050Z,2026-08-30T21:04:59.710Z,7232,2026-08-30T21:04:59.710Z,BG,Bowling Green,ba679216-ee2b-4344-afb9-134290faf502,SAMMS-BowlingGreen
202608302104537057,202608301904171294,202608301904170791,85,2313,Bronze INV,br_LabResult,TASK_COMPLETE,SUCCESS,INFO,191,191,0,,2026-08-30T19:04:27.050Z,2026-08-30T21:04:59.710Z,7232,2026-08-30T21:04:59.710Z,BOI,Boise,ba679216-ee2b-4344-afb9-134290faf502,SAMMS-Boise
202608302104537059,202608301904171295,202608301904170791,85,2320,Bronze INV,br_LabResult,TASK_COMPLETE,SUCCESS,INFO,234,234,0,,2026-08-30T19:04:27.050Z,2026-08-30T21:04:59.710Z,7232,2026-08-30T21:04:59.710Z,CBCO,Coeur dAlene,ba679216-ee2b-4344-afb9-134290faf502,SAMMS-CoeurdAleneV6
202608302104537060,202608301904171296,202608301904170791,85,2339,Bronze INV,br_LabResult,TASK_COMPLETE,SUCCESS,INFO,1,1,0,,2026-08-30T19:04:27.050Z,2026-08-30T21:04:59.710Z,7232,2026-08-30T21:04:59.710Z,CON,Conway,ba679216-ee2b-4344-afb9-134290faf502,SAMMS-Conway
202608302104537061,202608301904171297,202608301904170791,85,2340,Bronze INV,br_LabResult,TASK_COMPLETE,SUCCESS,INFO,11,11,0,,2026-08-30T19:04:27.050Z,2026-08-30T21:04:59.710Z,7232,2026-08-30T21:04:59.710Z,D07,Medical Services Knox TN,ba679216-ee2b-4344-afb9-134290faf502,SAMMS-KnoxvilleV6
202608302104537062,202608301904171298,202608301904170791,85,2341,Bronze INV,br_LabResult,TASK_COMPLETE,SUCCESS,INFO,996,996,0,,2026-08-30T19:04:27.050Z,2026-08-30T21:04:59.710Z,7232,2026-08-30T21:04:59.710Z,D08,Madison,ba679216-ee2b-4344-afb9-134290faf502,SAMMS-MadisonV6
202608302104537063,202608301904171299,202608301904170791,85,2343,Bronze INV,br_LabResult,TASK_COMPLETE,SUCCESS,INFO,705,705,0,,2026-08-30T19:04:27.050Z,2026-08-30T21:04:59.710Z,7232,2026-08-30T21:04:59.710Z,D09,Murfreesboro,ba679216-ee2b-4344-afb9-134290faf502,SAMMS-MurfreesboroV6
202608302104537064,202608301904171300,202608301904170791,85,2344,Bronze INV,br_LabResult,TASK_COMPLETE,SUCCESS,INFO,5,5,0,,2026-08-30T19:04:27.050Z,2026-08-30T21:04:59.710Z,7232,2026-08-30T21:04:59.710Z,DA,Davenport,ba679216-ee2b-4344-afb9-134290faf502,SAMMS-Davenport
202608302104537065,202608301904171301,202608301904170791,85,2345,Bronze INV,br_LabResult,TASK_COMPLETE,SUCCESS,INFO,2652,2652,0,,2026-08-30T19:04:27.050Z,2026-08-30T21:04:59.710Z,7232,2026-08-30T21:04:59.710Z,DM,Des Moines,ba679216-ee2b-4344-afb9-134290faf502,SAMMS-DesMoines
202608302104537066,202608301904171302,202608301904170791,85,2347,Bronze INV,br_LabResult,TASK_COMPLETE,SUCCESS,INFO,3024,3024,0,,2026-08-30T19:04:27.050Z,2026-08-30T21:04:59.710Z,7232,2026-08-30T21:04:59.710Z,DRD-CO,Columbia MO,ba679216-ee2b-4344-afb9-134290faf502,SAMMS-ColumbiaV5
202608302104537068,202608301904171303,202608301904170791,85,2348,Bronze INV,br_LabResult,TASK_COMPLETE,SUCCESS,INFO,3302,3302,0,,2026-08-30T19:04:27.050Z,2026-08-30T21:04:59.710Z,7232,2026-08-30T21:04:59.710Z,DRD-KC,KC,ba679216-ee2b-4344-afb9-134290faf502,SAMMS-KCv5
202608302104537069,202608301904171304,202608301904170791,85,2349,Bronze INV,br_LabResult,TASK_COMPLETE,SUCCESS,INFO,19425,19425,0,,2026-08-30T19:04:27.050Z,2026-08-30T21:04:59.710Z,7232,2026-08-30T21:04:59.710Z,DRD-KVB,KVB,ba679216-ee2b-4344-afb9-134290faf502,SAMMS-KVBv5
202608302104537070,202608301904171305,202608301904170791,85,2350,Bronze INV,br_LabResult,TASK_COMPLETE,SUCCESS,INFO,23701,23701,0,,2026-08-30T19:04:27.050Z,2026-08-30T21:04:59.710Z,7232,2026-08-30T21:04:59.710Z,DRD-KVC,KVC,ba679216-ee2b-4344-afb9-134290faf502,SAMMS-KVCv5
202608302104537071,202608301904171306,202608301904170791,85,2351,Bronze INV,br_LabResult,TASK_COMPLETE,SUCCESS,INFO,6445,6445,0,,2026-08-30T19:04:27.050Z,2026-08-30T21:04:59.710Z,7232,2026-08-30T21:04:59.710Z,DRD-NOLA,NOLA,ba679216-ee2b-4344-afb9-134290faf502,SAMMS-NOLAv5
202608302104537072,202608301904171307,202608301904170791,85,2352,Bronze INV,br_LabResult,TASK_COMPLETE,SUCCESS,INFO,5693,5693,0,,2026-08-30T19:04:27.050Z,2026-08-30T21:04:59.710Z,7232,2026-08-30T21:04:59.710Z,DRD-SF,Springfield,ba679216-ee2b-4344-afb9-134290faf502,SAMMS-SFv5
202608302104537073,202608301904171308,202608301904170791,85,2354,Bronze INV,br_LabResult,TASK_COMPLETE,SUCCESS,INFO,9546,9546,0,,2026-08-30T19:04:27.050Z,2026-08-30T21:04:59.710Z,7232,2026-08-30T21:04:59.710Z,ELC,Elizabeth City,ba679216-ee2b-4344-afb9-134290faf502,SAMMS-ElizabethCity
202608302104537074,202608301904171309,202608301904170791,85,2355,Bronze INV,br_LabResult,TASK_COMPLETE,SUCCESS,INFO,2231,2231,0,,2026-08-30T19:04:27.050Z,2026-08-30T21:04:59.710Z,7232,2026-08-30T21:04:59.710Z,ET,Elizabethtown,ba679216-ee2b-4344-afb9-134290faf502,SAMMS-Elizabethtown
202608302104537076,202608301904171310,202608301904170791,85,2356,Bronze INV,br_LabResult,TASK_COMPLETE,SUCCESS,INFO,1,1,0,,2026-08-30T19:04:27.050Z,2026-08-30T21:04:59.710Z,7232,2026-08-30T21:04:59.710Z,FAY,Fayetteville,ba679216-ee2b-4344-afb9-134290faf502,SAMMS-Fayetteville
202608302104537077,202608301904171311,202608301904170791,85,2357,Bronze INV,br_LabResult,TASK_COMPLETE,SUCCESS,INFO,5345,5345,0,,2026-08-30T19:04:27.050Z,2026-08-30T21:04:59.710Z,7232,2026-08-30T21:04:59.710Z,FR,Frankfort,ba679216-ee2b-4344-afb9-134290faf502,SAMMS-Frankfort
202608302104537078,202608301904171312,202608301904170791,85,2358,Bronze INV,br_LabResult,TASK_COMPLETE,SUCCESS,INFO,2,2,0,,2026-08-30T19:04:27.050Z,2026-08-30T21:04:59.710Z,7232,2026-08-30T21:04:59.710Z,FS,Fort Smith,ba679216-ee2b-4344-afb9-134290faf502,SAMMS-FortSmith
202608302104537079,202608301904171313,202608301904170791,85,2359,Bronze INV,br_LabResult,TASK_COMPLETE,SUCCESS,INFO,9167,9167,0,,2026-08-30T19:04:27.050Z,2026-08-30T21:04:59.710Z,7232,2026-08-30T21:04:59.710Z,FW,Fort Wayne,ba679216-ee2b-4344-afb9-134290faf502,SAMMS-FortWayne
202608302104537080,202608301904171314,202608301904170791,85,2360,Bronze INV,br_LabResult,TASK_COMPLETE,SUCCESS,INFO,2,2,0,,2026-08-30T19:04:27.050Z,2026-08-30T21:04:59.710Z,7232,2026-08-30T21:04:59.710Z,GAL,Gaylord,ba679216-ee2b-4344-afb9-134290faf502,SAMMS-Gaylord
202608302104537081,202608301904171315,202608301904170791,85,2364,Bronze INV,br_LabResult,TASK_COMPLETE,SUCCESS,INFO,4667,4667,0,,2026-08-30T19:04:27.050Z,2026-08-30T21:04:59.710Z,7232,2026-08-30T21:04:59.710Z,HGT,Hagerstown,ba679216-ee2b-4344-afb9-134290faf502,SAMMS-Hagerstown
202608302104537082,202608301904171316,202608301904170791,85,2365,Bronze INV,br_LabResult,TASK_COMPLETE,SUCCESS,INFO,645,645,0,,2026-08-30T19:04:27.050Z,2026-08-30T21:04:59.710Z,7232,2026-08-30T21:04:59.710Z,HNT,Huntsville,ba679216-ee2b-4344-afb9-134290faf502,SAMMS-Huntsville
202608302104537083,202608301904171317,202608301904170791,85,2366,Bronze INV,br_LabResult,TASK_COMPLETE,SUCCESS,INFO,1,1,0,,2026-08-30T19:04:27.050Z,2026-08-30T21:04:59.710Z,7232,2026-08-30T21:04:59.710Z,HS,Hot Springs,ba679216-ee2b-4344-afb9-134290faf502,SAMMS-HotSprings
202608302104537085,202608301904171318,202608301904170791,85,2367,Bronze INV,br_LabResult,TASK_COMPLETE,SUCCESS,INFO,2,2,0,,2026-08-30T19:04:27.050Z,2026-08-30T21:04:59.710Z,7232,2026-08-30T21:04:59.710Z,JON,Jonesboro,ba679216-ee2b-4344-afb9-134290faf502,SAMMS-Jonesboro
202608302104537086,202608301904171319,202608301904170791,85,2369,Bronze INV,br_LabResult,TASK_COMPLETE,SUCCESS,INFO,3,3,0,,2026-08-30T19:04:27.050Z,2026-08-30T21:04:59.710Z,7232,2026-08-30T21:04:59.710Z,LAN,Lansing,ba679216-ee2b-4344-afb9-134290faf502,SAMMS-Lansing
202608302104537087,202608301904171320,202608301904170791,85,2370,Bronze INV,br_LabResult,TASK_COMPLETE,SUCCESS,INFO,27824,27824,0,,2026-08-30T19:04:27.050Z,2026-08-30T21:04:59.710Z,7232,2026-08-30T21:04:59.710Z,LO,Louisville,ba679216-ee2b-4344-afb9-134290faf502,SAMMS-Louisville
202608302104537088,202608301904171321,202608301904170791,85,2371,Bronze INV,br_LabResult,TASK_COMPLETE,SUCCESS,INFO,6521,6521,0,,2026-08-30T19:04:27.050Z,2026-08-30T21:04:59.710Z,7232,2026-08-30T21:04:59.710Z,LV1,Cheyenne,ba679216-ee2b-4344-afb9-134290faf502,SAMMS-Cheyenne
202608302104537089,202608301904171322,202608301904170791,85,2372,Bronze INV,br_LabResult,TASK_COMPLETE,SUCCESS,INFO,9268,9268,0,,2026-08-30T19:04:27.050Z,2026-08-30T21:04:59.710Z,7232,2026-08-30T21:04:59.710Z,LV2,Desert Inn,ba679216-ee2b-4344-afb9-134290faf502,SAMMS-DesertInn
202608302104537090,202608301904171323,202608301904170791,85,2373,Bronze INV,br_LabResult,TASK_COMPLETE,SUCCESS,INFO,1876,1876,0,,2026-08-30T19:04:27.050Z,2026-08-30T21:04:59.710Z,7232,2026-08-30T21:04:59.710Z,LV3,McDaniel,ba679216-ee2b-4344-afb9-134290faf502,SAMMS-McDaniel
202608302104537091,202608301904171324,202608301904170791,85,2376,Bronze INV,br_LabResult,TASK_COMPLETE,SUCCESS,INFO,2,2,0,,2026-08-30T19:04:27.050Z,2026-08-30T21:04:59.710Z,7232,2026-08-30T21:04:59.710Z,MNRE,Monroe,ba679216-ee2b-4344-afb9-134290faf502,SAMMS-Monroe
202608302104537093,202608301904171325,202608301904170791,85,2377,Bronze INV,br_LabResult,TASK_COMPLETE,SUCCESS,INFO,1,1,0,,2026-08-30T19:04:27.050Z,2026-08-30T21:04:59.710Z,7232,2026-08-30T21:04:59.710Z,MP,Mt. Pleasant,ba679216-ee2b-4344-afb9-134290faf502,SAMMS-MtPleasant
202608302104537096,202608301904171326,202608301904170791,85,2378,Bronze INV,br_LabResult,TASK_COMPLETE,SUCCESS,INFO,255,255,0,,2026-08-30T19:04:27.050Z,2026-08-30T21:04:59.710Z,7232,2026-08-30T21:04:59.710Z,MRD,Meridian,ba679216-ee2b-4344-afb9-134290faf502,SAMMS-Meridian
202608302104537098,202608301904171327,202608301904170791,85,2383,Bronze INV,br_LabResult,TASK_COMPLETE,SUCCESS,INFO,7508,7508,0,,2026-08-30T19:04:27.050Z,2026-08-30T21:04:59.710Z,7232,2026-08-30T21:04:59.710Z,NC,North Charleston,ba679216-ee2b-4344-afb9-134290faf502,SAMMS-NorthCharleston
202608302104537099,202608301904171328,202608301904170791,85,2384,Bronze INV,br_LabResult,TASK_COMPLETE,SUCCESS,INFO,2,2,0,,2026-08-30T19:04:27.050Z,2026-08-30T21:04:59.710Z,7232,2026-08-30T21:04:59.710Z,NLR,N. Little Rock,ba679216-ee2b-4344-afb9-134290faf502,SAMMS-NLROBOT
202608302104537100,202608301904171329,202608301904170791,85,2385,Bronze INV,br_LabResult,TASK_COMPLETE,SUCCESS,INFO,1914,1914,0,,2026-08-30T19:04:27.050Z,2026-08-30T21:04:59.710Z,7232,2026-08-30T21:04:59.710Z,PH,Phoenix,ba679216-ee2b-4344-afb9-134290faf502,SAMMS-Phoenix
202608302104537101,202608301904171330,202608301904170791,85,2389,Bronze INV,br_LabResult,TASK_COMPLETE,SUCCESS,INFO,18872,18872,0,,2026-08-30T19:04:27.050Z,2026-08-30T21:04:59.710Z,7232,2026-08-30T21:04:59.710Z,RE,Reno,ba679216-ee2b-4344-afb9-134290faf502,SAMMS-Reno
202608302104537102,202608301904171331,202608301904170791,85,2390,Bronze INV,br_LabResult,TASK_COMPLETE,SUCCESS,INFO,2006,2006,0,,2026-08-30T19:04:27.050Z,2026-08-30T21:04:59.710Z,7232,2026-08-30T21:04:59.710Z,RMD,Richmond,ba679216-ee2b-4344-afb9-134290faf502,SAMMS-Richmond
202608302104537103,202608301904171332,202608301904170791,85,2391,Bronze INV,br_LabResult,TASK_COMPLETE,SUCCESS,INFO,3672,3672,0,,2026-08-30T19:04:27.050Z,2026-08-30T21:04:59.710Z,7232,2026-08-30T21:04:59.710Z,SFN,Springfield North,ba679216-ee2b-4344-afb9-134290faf502,SAMMS-SFNv5
202608302104537105,202608301904171333,202608301904170791,85,2392,Bronze INV,br_LabResult,TASK_COMPLETE,SUCCESS,INFO,156,156,0,,2026-08-30T19:04:27.050Z,2026-08-30T21:04:59.710Z,7232,2026-08-30T21:04:59.710Z,SHP,Shreveport,ba679216-ee2b-4344-afb9-134290faf502,SAMMS-Shreveport
202608302104537106,202608301904171334,202608301904170791,85,2394,Bronze INV,br_LabResult,TASK_COMPLETE,SUCCESS,INFO,4,4,0,,2026-08-30T19:04:27.050Z,2026-08-30T21:04:59.710Z,7232,2026-08-30T21:04:59.710Z,STN,Staunton,ba679216-ee2b-4344-afb9-134290faf502,SAMMS-Staunton
202608302104537107,202608301904171335,202608301904170791,85,2395,Bronze INV,br_LabResult,TASK_COMPLETE,SUCCESS,INFO,245,245,0,,2026-08-30T19:04:27.050Z,2026-08-30T21:04:59.710Z,7232,2026-08-30T21:04:59.710Z,STVN,Stevenson,ba679216-ee2b-4344-afb9-134290faf502,SAMMS-Stevenson
202608302104537108,202608301904171336,202608301904170791,85,2397,Bronze INV,br_LabResult,TASK_COMPLETE,SUCCESS,INFO,5278,5278,0,,2026-08-30T19:04:27.050Z,2026-08-30T21:04:59.710Z,7232,2026-08-30T21:04:59.710Z,TE,Tempe,ba679216-ee2b-4344-afb9-134290faf502,SAMMS-Tempe
202608302104537109,202608301904171337,202608301904170791,85,2398,Bronze INV,br_LabResult,TASK_COMPLETE,SUCCESS,INFO,2,2,0,,2026-08-30T19:04:27.050Z,2026-08-30T21:04:59.710Z,7232,2026-08-30T21:04:59.710Z,TEX,Texarkana,ba679216-ee2b-4344-afb9-134290faf502,SAMMS-Texarkana
202608302104537110,202608301904171338,202608301904170791,85,2399,Bronze INV,br_LabResult,TASK_COMPLETE,SUCCESS,INFO,1672,1672,0,,2026-08-30T19:04:27.050Z,2026-08-30T21:04:59.710Z,7232,2026-08-30T21:04:59.710Z,TTCA,Bessemer,ba679216-ee2b-4344-afb9-134290faf502,SAMMS-BessemerV5
202608302104537111,202608301904171339,202608301904170791,85,2400,Bronze INV,br_LabResult,TASK_COMPLETE,SUCCESS,INFO,2101,2101,0,,2026-08-30T19:04:27.050Z,2026-08-30T21:04:59.710Z,7232,2026-08-30T21:04:59.710Z,TTCB,Cullman,ba679216-ee2b-4344-afb9-134290faf502,SAMMS-CullmanV5
202608302104537113,202608301904171340,202608301904170791,85,2401,Bronze INV,br_LabResult,TASK_COMPLETE,SUCCESS,INFO,4,4,0,,2026-08-30T19:04:27.050Z,2026-08-30T21:04:59.710Z,7232,2026-08-30T21:04:59.710Z,TTCC,Grand Bay,ba679216-ee2b-4344-afb9-134290faf502,SAMMS-GrandBay
202608302104537114,202608301904171341,202608301904170791,85,2402,Bronze INV,br_LabResult,TASK_COMPLETE,SUCCESS,INFO,717,717,0,,2026-08-30T19:04:27.050Z,2026-08-30T21:04:59.710Z,7232,2026-08-30T21:04:59.710Z,TU,Tucson,ba679216-ee2b-4344-afb9-134290faf502,SAMMS-Tucson
202608302104537115,202608301904171342,202608301904170791,85,2404,Bronze INV,br_LabResult,TASK_COMPLETE,SUCCESS,INFO,4984,4984,0,,2026-08-30T19:04:27.050Z,2026-08-30T21:04:59.710Z,7232,2026-08-30T21:04:59.710Z,V1,Memphis South,ba679216-ee2b-4344-afb9-134290faf502,SAMMS-VCPHCS-I-MemphisV5
202608302104537116,202608301904171343,202608301904170791,85,2405,Bronze INV,br_LabResult,TASK_COMPLETE,SUCCESS,INFO,6252,6252,0,,2026-08-30T19:04:27.050Z,2026-08-30T21:04:59.710Z,7232,2026-08-30T21:04:59.710Z,V10,Longmont,ba679216-ee2b-4344-afb9-134290faf502,SAMMS-BoulderV5
202608302104537117,202608301904171344,202608301904170791,85,2406,Bronze INV,br_LabResult,TASK_COMPLETE,SUCCESS,INFO,3562,3562,0,,2026-08-30T19:04:27.050Z,2026-08-30T21:04:59.710Z,7232,2026-08-30T21:04:59.710Z,V10A,Fort Collins,ba679216-ee2b-4344-afb9-134290faf502,SAMMS-FortCollinsV5
202608302104537118,202608301904171345,202608301904170791,85,2407,Bronze INV,br_LabResult,TASK_COMPLETE,SUCCESS,INFO,7574,7574,0,,2026-08-30T19:04:27.050Z,2026-08-30T21:04:59.710Z,7232,2026-08-30T21:04:59.710Z,V11,Westminster,ba679216-ee2b-4344-afb9-134290faf502,SAMMS-VCPHCS-XI-NorthDenverV5
202608302104537119,202608301904171346,202608301904170791,85,2408,Bronze INV,br_LabResult,TASK_COMPLETE,SUCCESS,INFO,10262,10262,0,,2026-08-30T19:04:27.050Z,2026-08-30T21:04:59.710Z,7232,2026-08-30T21:04:59.710Z,V12,Downtown Denver,ba679216-ee2b-4344-afb9-134290faf502,SAMMS-VCPHCS-XII-DowntownDenverV5
202608302104537121,202608301904171347,202608301904170791,85,2409,Bronze INV,br_LabResult,TASK_COMPLETE,SUCCESS,INFO,4818,4818,0,,2026-08-30T19:04:27.050Z,2026-08-30T21:04:59.710Z,7232,2026-08-30T21:04:59.710Z,V12A,Centennial,ba679216-ee2b-4344-afb9-134290faf502,SAMMS-CentennialV5
202608302104537122,202608301904171348,202608301904170791,85,2410,Bronze INV,br_LabResult,TASK_COMPLETE,SUCCESS,INFO,3271,3271,0,,2026-08-30T19:04:27.050Z,2026-08-30T21:04:59.710Z,7232,2026-08-30T21:04:59.710Z,V14,Overland Park,ba679216-ee2b-4344-afb9-134290faf502,SAMMS-VCPHCS-XIV-BridgewayV5
202608302104537123,202608301904171349,202608301904170791,85,2411,Bronze INV,br_LabResult,TASK_COMPLETE,SUCCESS,INFO,2521,2521,0,,2026-08-30T19:04:27.050Z,2026-08-30T21:04:59.710Z,7232,2026-08-30T21:04:59.710Z,V15,Joplin,ba679216-ee2b-4344-afb9-134290faf502,SAMMS-JoplinV5
202608302104537124,202608301904171350,202608301904170791,85,2413,Bronze INV,br_LabResult,TASK_COMPLETE,SUCCESS,INFO,905,905,0,,2026-08-30T19:04:27.050Z,2026-08-30T21:04:59.710Z,7232,2026-08-30T21:04:59.710Z,V17,Columbia TN,ba679216-ee2b-4344-afb9-134290faf502,SAMMS-ColumbiaTNv5
202608302104537125,202608301904171351,202608301904170791,85,2415,Bronze INV,br_LabResult,TASK_COMPLETE,SUCCESS,INFO,4897,4897,0,,2026-08-30T19:04:27.050Z,2026-08-30T21:04:59.710Z,7232,2026-08-30T21:04:59.710Z,V19,Jackson,ba679216-ee2b-4344-afb9-134290faf502,SAMMS-JacksonV5
202608302104537126,202608301904171352,202608301904170791,85,2417,Bronze INV,br_LabResult,TASK_COMPLETE,SUCCESS,INFO,6731,6731,0,,2026-08-30T19:04:27.050Z,2026-08-30T21:04:59.710Z,7232,2026-08-30T21:04:59.710Z,V20,Paris,ba679216-ee2b-4344-afb9-134290faf502,SAMMS-ParisV5
202608302104537127,202608301904171353,202608301904170791,85,2418,Bronze INV,br_LabResult,TASK_COMPLETE,SUCCESS,INFO,6046,6046,0,,2026-08-30T19:04:27.050Z,2026-08-30T21:04:59.710Z,7232,2026-08-30T21:04:59.710Z,V21,Memphis North,ba679216-ee2b-4344-afb9-134290faf502,SAMMS-RaleighV5
202608302104537128,202608301904171354,202608301904170791,85,2421,Bronze INV,br_LabResult,TASK_COMPLETE,SUCCESS,INFO,7023,7023,0,,2026-08-30T19:04:27.050Z,2026-08-30T21:04:59.710Z,7232,2026-08-30T21:04:59.710Z,V5,West Bank,ba679216-ee2b-4344-afb9-134290faf502,SAMMS-NONTCv5
202608302104537130,202608301904171355,202608301904170791,85,2423,Bronze INV,br_LabResult,TASK_COMPLETE,SUCCESS,INFO,214,214,0,,2026-08-30T19:04:27.050Z,2026-08-30T21:04:59.710Z,7232,2026-08-30T21:04:59.710Z,V5B,Houma,ba679216-ee2b-4344-afb9-134290faf502,SAMMS-HoumaV6
202608302104537131,202608301904171356,202608301904170791,85,2424,Bronze INV,br_LabResult,TASK_COMPLETE,SUCCESS,INFO,4809,4809,0,,2026-08-30T19:04:27.050Z,2026-08-30T21:04:59.710Z,7232,2026-08-30T21:04:59.710Z,V6,Lake Charles,ba679216-ee2b-4344-afb9-134290faf502,SAMMS-LCv5
202608302104537132,202608301904171357,202608301904170791,85,2426,Bronze INV,br_LabResult,TASK_COMPLETE,SUCCESS,INFO,19760,19760,0,,2026-08-30T19:04:27.050Z,2026-08-30T21:04:59.710Z,7232,2026-08-30T21:04:59.710Z,V8,Memphis Midtown,ba679216-ee2b-4344-afb9-134290faf502,SAMMS-VCPHCS-VIII-MemphisV5
202608302104537133,202608301904171358,202608301904170791,85,2427,Bronze INV,br_LabResult,TASK_COMPLETE,SUCCESS,INFO,17534,17534,0,,2026-08-30T19:04:27.050Z,2026-08-30T21:04:59.710Z,7232,2026-08-30T21:04:59.710Z,V9,Nashville,ba679216-ee2b-4344-afb9-134290faf502,SAMMS-NashvilleV5
202608302104537134,202608301904171359,202608301904170791,85,2428,Bronze INV,br_LabResult,TASK_COMPLETE,SUCCESS,INFO,922,922,0,,2026-08-30T19:04:27.050Z,2026-08-30T21:04:59.710Z,7232,2026-08-30T21:04:59.710Z,VBRA,Brainerd,ba679216-ee2b-4344-afb9-134290faf502,SAMMS-BrainerdV6
202608302104537135,202608301904171360,202608301904170791,85,2429,Bronze INV,br_LabResult,TASK_COMPLETE,SUCCESS,INFO,17,17,0,,2026-08-30T19:04:27.050Z,2026-08-30T21:04:59.710Z,7232,2026-08-30T21:04:59.710Z,VBRP,Brooklyn Park,ba679216-ee2b-4344-afb9-134290faf502,SAMMS-BrooklynParkV6
202608302104537136,202608301904171361,202608301904170791,85,2431,Bronze INV,br_LabResult,TASK_COMPLETE,SUCCESS,INFO,2,2,0,,2026-08-30T19:04:27.050Z,2026-08-30T21:04:59.710Z,7232,2026-08-30T21:04:59.710Z,VMIN,Minneapolis,ba679216-ee2b-4344-afb9-134290faf502,SAMMS-MinneapolisV6
202608302104538860,202608301904172844,202608301904170791,85,3331,Bronze INV,br_ReAssessmentFamily,TASK_COMPLETE,SUCCESS,INFO,610,610,0,,2026-08-30T19:04:27.050Z,2026-08-30T21:04:59.710Z,7232,2026-08-30T21:04:59.710Z,V15,Joplin,ba679216-ee2b-4344-afb9-134290faf502,SAMMS-JoplinV5
202608302104538861,202608301904172845,202608301904170791,85,3333,Bronze INV,br_ReAssessmentFamily,TASK_COMPLETE,SUCCESS,INFO,903,903,0,,2026-08-30T19:04:27.050Z,2026-08-30T21:04:59.710Z,7232,2026-08-30T21:04:59.710Z,V17,Columbia TN,ba679216-ee2b-4344-afb9-134290faf502,SAMMS-ColumbiaTNv5
202608302104538862,202608301904172846,202608301904170791,85,3335,Bronze INV,br_ReAssessmentFamily,TASK_COMPLETE,SUCCESS,INFO,533,533,0,,2026-08-30T19:04:27.050Z,2026-08-30T21:04:59.710Z,7232,2026-08-30T21:04:59.710Z,V19,Jackson,ba679216-ee2b-4344-afb9-134290faf502,SAMMS-JacksonV5
202608302104538863,202608301904172847,202608301904170791,85,3337,Bronze INV,br_ReAssessmentFamily,TASK_COMPLETE,SUCCESS,INFO,1768,1768,0,,2026-08-30T19:04:27.050Z,2026-08-30T21:04:59.710Z,7232,2026-08-30T21:04:59.710Z,V20,Paris,ba679216-ee2b-4344-afb9-134290faf502,SAMMS-ParisV5
202608302104538864,202608301904172848,202608301904170791,85,3338,Bronze INV,br_ReAssessmentFamily,TASK_COMPLETE,SUCCESS,INFO,723,723,0,,2026-08-30T19:04:27.050Z,2026-08-30T21:04:59.710Z,7232,2026-08-30T21:04:59.710Z,V21,Memphis North,ba679216-ee2b-4344-afb9-134290faf502,SAMMS-RaleighV5
202608302104538865,202608301904172849,202608301904170791,85,3341,Bronze INV,br_ReAssessmentFamily,TASK_COMPLETE,SUCCESS,INFO,1780,1780,0,,2026-08-30T19:04:27.050Z,2026-08-30T21:04:59.710Z,7232,2026-08-30T21:04:59.710Z,V5,West Bank,ba679216-ee2b-4344-afb9-134290faf502,SAMMS-NONTCv5
202608302104538866,202608301904172850,202608301904170791,85,3343,Bronze INV,br_ReAssessmentFamily,TASK_COMPLETE,SUCCESS,INFO,144,144,0,,2026-08-30T19:04:27.050Z,2026-08-30T21:04:59.710Z,7232,2026-08-30T21:04:59.710Z,V5B,Houma,ba679216-ee2b-4344-afb9-134290faf502,SAMMS-HoumaV6
202608302104538868,202608301904172851,202608301904170791,85,3344,Bronze INV,br_ReAssessmentFamily,TASK_COMPLETE,SUCCESS,INFO,1910,1910,0,,2026-08-30T19:04:27.050Z,2026-08-30T21:04:59.710Z,7232,2026-08-30T21:04:59.710Z,V6,Lake Charles,ba679216-ee2b-4344-afb9-134290faf502,SAMMS-LCv5
202608302104538869,202608301904172852,202608301904170791,85,3346,Bronze INV,br_ReAssessmentFamily,TASK_COMPLETE,SUCCESS,INFO,741,741,0,,2026-08-30T19:04:27.050Z,2026-08-30T21:04:59.710Z,7232,2026-08-30T21:04:59.710Z,V8,Memphis Midtown,ba679216-ee2b-4344-afb9-134290faf502,SAMMS-VCPHCS-VIII-MemphisV5
202608302104538870,202608301904172853,202608301904170791,85,3347,Bronze INV,br_ReAssessmentFamily,TASK_COMPLETE,SUCCESS,INFO,1763,1763,0,,2026-08-30T19:04:27.050Z,2026-08-30T21:04:59.710Z,7232,2026-08-30T21:04:59.710Z,V9,Nashville,ba679216-ee2b-4344-afb9-134290faf502,SAMMS-NashvilleV5
202608302104538871,202608301904172854,202608301904170791,85,3348,Bronze INV,br_ReAssessmentFamily,TASK_COMPLETE,SUCCESS,INFO,838,838,0,,2026-08-30T19:04:27.050Z,2026-08-30T21:04:59.710Z,7232,2026-08-30T21:04:59.710Z,VBRA,Brainerd,ba679216-ee2b-4344-afb9-134290faf502,SAMMS-BrainerdV6
202608302104538872,202608301904172855,202608301904170791,85,3349,Bronze INV,br_ReAssessmentFamily,TASK_COMPLETE,SUCCESS,INFO,1958,1958,0,,2026-08-30T19:04:27.050Z,2026-08-30T21:04:59.710Z,7232,2026-08-30T21:04:59.710Z,VBRP,Brooklyn Park,ba679216-ee2b-4344-afb9-134290faf502,SAMMS-BrooklynParkV6
202608302104538873,202608301904172856,202608301904170791,85,3351,Bronze INV,br_ReAssessmentFamily,TASK_COMPLETE,SUCCESS,INFO,745,745,0,,2026-08-30T19:04:27.050Z,2026-08-30T21:04:59.710Z,7232,2026-08-30T21:04:59.710Z,VMIN,Minneapolis,ba679216-ee2b-4344-afb9-134290faf502,SAMMS-MinneapolisV6
202608302104538874,202608301904172857,202608301904170791,85,3352,Bronze INV,br_ReAssessmentFamily,TASK_COMPLETE,SUCCESS,INFO,884,884,0,,2026-08-30T19:04:27.050Z,2026-08-30T21:04:59.710Z,7232,2026-08-30T21:04:59.710Z,VWBY,Woodbury,ba679216-ee2b-4344-afb9-134290faf502,SAMMS-WoodburyV6
202608302104538875,202608301904172858,202608301904170791,85,3354,Bronze INV,br_ReAssessmentFamily,TASK_COMPLETE,SUCCESS,INFO,161,161,0,,2026-08-30T19:04:27.050Z,2026-08-30T21:04:59.710Z,7232,2026-08-30T21:04:59.710Z,WIL,Wilson,ba679216-ee2b-4344-afb9-134290faf502,SAMMS-Wilson
202608302104538877,202608301904172859,202608301904170791,85,3358,Bronze INV,br_ReAssessmentLegal,TASK_COMPLETE,SUCCESS,INFO,35,35,0,,2026-08-30T19:04:27.050Z,2026-08-30T21:04:59.710Z,7232,2026-08-30T21:04:59.710Z,AHK,Ahoskie,ba679216-ee2b-4344-afb9-134290faf502,SAMMS-Ahoskie
202608302104538878,202608301904172860,202608301904170791,85,3359,Bronze INV,br_ReAssessmentLegal,TASK_COMPLETE,SUCCESS,INFO,661,661,0,,2026-08-30T19:04:27.050Z,2026-08-30T21:04:59.710Z,7232,2026-08-30T21:04:59.710Z,B12B,Colorado Springs,ba679216-ee2b-4344-afb9-134290faf502,SAMMS-ColoradoSpringsV5
202608302104538879,202608301904172861,202608301904170791,85,3360,Bronze INV,br_ReAssessmentLegal,TASK_COMPLETE,SUCCESS,INFO,828,828,0,,2026-08-30T19:04:27.050Z,2026-08-30T21:04:59.710Z,7232,2026-08-30T21:04:59.710Z,B24,Paintsville,ba679216-ee2b-4344-afb9-134290faf502,SAMMS-PaintsvilleV5
202608302104538880,202608301904172862,202608301904170791,85,3361,Bronze INV,br_ReAssessmentLegal,TASK_COMPLETE,SUCCESS,INFO,646,646,0,,2026-08-30T19:04:27.050Z,2026-08-30T21:04:59.710Z,7232,2026-08-30T21:04:59.710Z,B25,Pikeville,ba679216-ee2b-4344-afb9-134290faf502,SAMMS-PikevilleV5
202608302104538881,202608301904172863,202608301904170791,85,3362,Bronze INV,br_ReAssessmentLegal,TASK_COMPLETE,SUCCESS,INFO,971,971,0,,2026-08-30T19:04:27.050Z,2026-08-30T21:04:59.710Z,7232,2026-08-30T21:04:59.710Z,B26,Hazard,ba679216-ee2b-4344-afb9-134290faf502,SAMMS-HazardV5
202608302104538882,202608301904172864,202608301904170791,85,3363,Bronze INV,br_ReAssessmentLegal,TASK_COMPLETE,SUCCESS,INFO,530,530,0,,2026-08-30T19:04:27.050Z,2026-08-30T21:04:59.710Z,7232,2026-08-30T21:04:59.710Z,B27,Savannah,ba679216-ee2b-4344-afb9-134290faf502,SAMMS-SavannahV6
202608302104538883,202608301904172865,202608301904170791,85,3364,Bronze INV,br_ReAssessmentLegal,TASK_COMPLETE,SUCCESS,INFO,245,245,0,,2026-08-30T19:04:27.050Z,2026-08-30T21:04:59.710Z,7232,2026-08-30T21:04:59.710Z,B28,West Plains,ba679216-ee2b-4344-afb9-134290faf502,SAMMS-WestPlainesV5
202608302104538885,202608301904172866,202608301904170791,85,3365,Bronze INV,br_ReAssessmentLegal,TASK_COMPLETE,SUCCESS,INFO,460,460,0,,2026-08-30T19:04:27.050Z,2026-08-30T21:04:59.710Z,7232,2026-08-30T21:04:59.710Z,B29,Poplar Bluff,ba679216-ee2b-4344-afb9-134290faf502,SAMMS-PoplarBluffV5
202608302104538886,202608301904172867,202608301904170791,85,3366,Bronze INV,br_ReAssessmentLegal,TASK_COMPLETE,SUCCESS,INFO,77,77,0,,2026-08-30T19:04:27.050Z,2026-08-30T21:04:59.710Z,7232,2026-08-30T21:04:59.710Z,B30,KC North,ba679216-ee2b-4344-afb9-134290faf502,SAMMS-KCNv5
202608302104538887,202608301904172868,202608301904170791,85,3367,Bronze INV,br_ReAssessmentLegal,TASK_COMPLETE,SUCCESS,INFO,400,400,0,,2026-08-30T19:04:27.050Z,2026-08-30T21:04:59.710Z,7232,2026-08-30T21:04:59.710Z,B31,Dyersburg,ba679216-ee2b-4344-afb9-134290faf502,SAMMS-DyersburgV5
202608302104538888,202608301904172869,202608301904170791,85,3369,Bronze INV,br_ReAssessmentLegal,TASK_COMPLETE,SUCCESS,INFO,487,487,0,,2026-08-30T19:04:27.050Z,2026-08-30T21:04:59.710Z,7232,2026-08-30T21:04:59.710Z,B33,Paducah,ba679216-ee2b-4344-afb9-134290faf502,SAMMS-Paducah
202608302104538889,202608301904172870,202608301904170791,85,3370,Bronze INV,br_ReAssessmentLegal,TASK_COMPLETE,SUCCESS,INFO,385,385,0,,2026-08-30T19:04:27.050Z,2026-08-30T21:04:59.710Z,7232,2026-08-30T21:04:59.710Z,B34,Corbin,ba679216-ee2b-4344-afb9-134290faf502,SAMMS-CorbinV5
202608302104538890,202608301904172871,202608301904170791,85,3371,Bronze INV,br_ReAssessmentLegal,TASK_COMPLETE,SUCCESS,INFO,239,239,0,,2026-08-30T19:04:27.050Z,2026-08-30T21:04:59.710Z,7232,2026-08-30T21:04:59.710Z,B35,Lexington,ba679216-ee2b-4344-afb9-134290faf502,SAMMS-LexingtonV5
202608302104538891,202608301904172872,202608301904170791,85,3372,Bronze INV,br_ReAssessmentLegal,TASK_COMPLETE,SUCCESS,INFO,77,77,0,,2026-08-30T19:04:27.050Z,2026-08-30T21:04:59.710Z,7232,2026-08-30T21:04:59.710Z,B35A,Berea,ba679216-ee2b-4344-afb9-134290faf502,SAMMS-BereaV5
202608302104538893,202608301904172873,202608301904170791,85,3373,Bronze INV,br_ReAssessmentLegal,TASK_COMPLETE,SUCCESS,INFO,20,20,0,,2026-08-30T19:04:27.050Z,2026-08-30T21:04:59.710Z,7232,2026-08-30T21:04:59.710Z,B36,Asheville,ba679216-ee2b-4344-afb9-134290faf502,SAMMS-AshevilleV5
202608302104538894,202608301904172874,202608301904170791,85,3374,Bronze INV,br_ReAssessmentLegal,TASK_COMPLETE,SUCCESS,INFO,1,1,0,,2026-08-30T19:04:27.050Z,2026-08-30T21:04:59.710Z,7232,2026-08-30T21:04:59.710Z,B37,Clyde,ba679216-ee2b-4344-afb9-134290faf502,SAMMS-ClydeV5
202608302104538895,202608301904172875,202608301904170791,85,3375,Bronze INV,br_ReAssessmentLegal,TASK_COMPLETE,SUCCESS,INFO,1188,1188,0,,2026-08-30T19:04:27.050Z,2026-08-30T21:04:59.710Z,7232,2026-08-30T21:04:59.710Z,B38,Spartanburg,ba679216-ee2b-4344-afb9-134290faf502,SAMMS-SpartanburgV5
202608302104538896,202608301904172876,202608301904170791,85,3376,Bronze INV,br_ReAssessmentLegal,TASK_COMPLETE,SUCCESS,INFO,362,362,0,,2026-08-30T19:04:27.050Z,2026-08-30T21:04:59.710Z,7232,2026-08-30T21:04:59.710Z,B39,Aiken,ba679216-ee2b-4344-afb9-134290faf502,SAMMS-AikenV5
202608302104538897,202608301904172877,202608301904170791,85,3377,Bronze INV,br_ReAssessmentLegal,TASK_COMPLETE,SUCCESS,INFO,1887,1887,0,,2026-08-30T19:04:27.050Z,2026-08-30T21:04:59.710Z,7232,2026-08-30T21:04:59.710Z,B41,Chesapeake,ba679216-ee2b-4344-afb9-134290faf502,SAMMS-ChesapeakeV5
202608302104538898,202608301904172878,202608301904170791,85,3378,Bronze INV,br_ReAssessmentLegal,TASK_COMPLETE,SUCCESS,INFO,1912,1912,0,,2026-08-30T19:04:27.050Z,2026-08-30T21:04:59.710Z,7232,2026-08-30T21:04:59.710Z,B42,Virginia Beach,ba679216-ee2b-4344-afb9-134290faf502,SAMMS-VirginiaBeachV5
202608302104538899,202608301904172879,202608301904170791,85,3379,Bronze INV,br_ReAssessmentLegal,TASK_COMPLETE,SUCCESS,INFO,923,923,0,,2026-08-30T19:04:27.050Z,2026-08-30T21:04:59.710Z,7232,2026-08-30T21:04:59.710Z,B42A,Newport News,ba679216-ee2b-4344-afb9-134290faf502,SAMMS-NewportNewsV5
202608302104538900,202608301904172880,202608301904170791,85,3380,Bronze INV,br_ReAssessmentLegal,TASK_COMPLETE,SUCCESS,INFO,507,507,0,,2026-08-30T19:04:27.050Z,2026-08-30T21:04:59.710Z,7232,2026-08-30T21:04:59.710Z,B42B,Franklin,ba679216-ee2b-4344-afb9-134290faf502,SAMMS-FranklinV5
202608302104538902,202608301904172881,202608301904170791,85,3381,Bronze INV,br_ReAssessmentLegal,TASK_COMPLETE,SUCCESS,INFO,340,340,0,,2026-08-30T19:04:27.050Z,2026-08-30T21:04:59.710Z,7232,2026-08-30T21:04:59.710Z,B42C,Glen Allen,ba679216-ee2b-4344-afb9-134290faf502,SAMMS-GlenAllenV5
202608302104538903,202608301904172882,202608301904170791,85,3382,Bronze INV,br_ReAssessmentLegal,TASK_COMPLETE,SUCCESS,INFO,1479,1479,0,,2026-08-30T19:04:27.050Z,2026-08-30T21:04:59.710Z,7232,2026-08-30T21:04:59.710Z,B42D,Chesapeake South,ba679216-ee2b-4344-afb9-134290faf502,SAMMS-ChesapeakeSouthV5
202608302104538904,202608301904172883,202608301904170791,85,3383,Bronze INV,br_ReAssessmentLegal,TASK_COMPLETE,SUCCESS,INFO,633,633,0,,2026-08-30T19:04:27.050Z,2026-08-30T21:04:59.710Z,7232,2026-08-30T21:04:59.710Z,B44,Albany,ba679216-ee2b-4344-afb9-134290faf502,SAMMS-AlbanyV5
202608302104538905,202608301904172884,202608301904170791,85,3384,Bronze INV,br_ReAssessmentLegal,TASK_COMPLETE,SUCCESS,INFO,1267,1267,0,,2026-08-30T19:04:27.050Z,2026-08-30T21:04:59.710Z,7232,2026-08-30T21:04:59.710Z,B45,Tifton,ba679216-ee2b-4344-afb9-134290faf502,SAMMS-TiftonV5
202608302104538906,202608301904172885,202608301904170791,85,3385,Bronze INV,br_ReAssessmentLegal,TASK_COMPLETE,SUCCESS,INFO,588,588,0,,2026-08-30T19:04:27.050Z,2026-08-30T21:04:59.710Z,7232,2026-08-30T21:04:59.710Z,B46,Washington DC,ba679216-ee2b-4344-afb9-134290faf502,SAMMS-WashingtonDCv5
202608302104538908,202608301904172886,202608301904170791,85,3386,Bronze INV,br_ReAssessmentLegal,TASK_COMPLETE,SUCCESS,INFO,1557,1557,0,,2026-08-30T19:04:27.050Z,2026-08-30T21:04:59.710Z,7232,2026-08-30T21:04:59.710Z,B47,Mobile,ba679216-ee2b-4344-afb9-134290faf502,SAMMS-MobileV5
202608302104538909,202608301904172887,202608301904170791,85,3387,Bronze INV,br_ReAssessmentLegal,TASK_COMPLETE,SUCCESS,INFO,1296,1296,0,,2026-08-30T19:04:27.050Z,2026-08-30T21:04:59.710Z,7232,2026-08-30T21:04:59.710Z,B48,Tuscaloosa,ba679216-ee2b-4344-afb9-134290faf502,SAMMS-TuscaloosaV5
202608302104538910,202608301904172888,202608301904170791,85,3396,Bronze INV,br_ReAssessmentLegal,TASK_COMPLETE,SUCCESS,INFO,2,2,0,,2026-08-30T19:04:27.050Z,2026-08-30T21:04:59.710Z,7232,2026-08-30T21:04:59.710Z,B51,N. Little Rock (OTP),ba679216-ee2b-4344-afb9-134290faf502,SAMMS-NorthLittleRockV6
202608302104538924,202608301904172889,202608301904170791,85,3397,Bronze INV,br_ReAssessmentLegal,TASK_COMPLETE,SUCCESS,INFO,454,454,0,,2026-08-30T19:04:27.050Z,2026-08-30T21:04:59.710Z,7232,2026-08-30T21:04:59.710Z,B52,Jackson GA,ba679216-ee2b-4344-afb9-134290faf502,SAMMS-JacksonGAV5
202608302104538926,202608301904172890,202608301904170791,85,3398,Bronze INV,br_ReAssessmentLegal,TASK_COMPLETE,SUCCESS,INFO,1702,1702,0,,2026-08-30T19:04:27.050Z,2026-08-30T21:04:59.710Z,7232,2026-08-30T21:04:59.710Z,B54,Gadsden,ba679216-ee2b-4344-afb9-134290faf502,SAMMS-GadsdenV5
202608302104538927,202608301904172891,202608301904170791,85,3399,Bronze INV,br_ReAssessmentLegal,TASK_COMPLETE,SUCCESS,INFO,946,946,0,,2026-08-30T19:04:27.050Z,2026-08-30T21:04:59.710Z,7232,2026-08-30T21:04:59.710Z,B55,Shoals,ba679216-ee2b-4344-afb9-134290faf502,SAMMS-ShoalsV5
202608302104538928,202608301904172892,202608301904170791,85,3400,Bronze INV,br_ReAssessmentLegal,TASK_COMPLETE,SUCCESS,INFO,294,294,0,,2026-08-30T19:04:27.050Z,2026-08-30T21:04:59.710Z,7232,2026-08-30T21:04:59.710Z,B57,Pawtucket,ba679216-ee2b-4344-afb9-134290faf502,SAMMS-Pawtucket
202608302104538929,202608301904172893,202608301904170791,85,3401,Bronze INV,br_ReAssessmentLegal,TASK_COMPLETE,SUCCESS,INFO,550,550,0,,2026-08-30T19:04:27.050Z,2026-08-30T21:04:59.710Z,7232,2026-08-30T21:04:59.710Z,B57A,Johnston,ba679216-ee2b-4344-afb9-134290faf502,SAMMS-Johnston
202608302104538930,202608301904172894,202608301904170791,85,3402,Bronze INV,br_ReAssessmentLegal,TASK_COMPLETE,SUCCESS,INFO,164,164,0,,2026-08-30T19:04:27.050Z,2026-08-30T21:04:59.710Z,7232,2026-08-30T21:04:59.710Z,B57B,Middletown,ba679216-ee2b-4344-afb9-134290faf502,SAMMS-Middletown
202608302104538931,202608301904172895,202608301904170791,85,3403,Bronze INV,br_ReAssessmentLegal,TASK_COMPLETE,SUCCESS,INFO,411,411,0,,2026-08-30T19:04:27.050Z,2026-08-30T21:04:59.710Z,7232,2026-08-30T21:04:59.710Z,B57C,Providence,ba679216-ee2b-4344-afb9-134290faf502,SAMMS-Providence
202608302104538933,202608301904172896,202608301904170791,85,3404,Bronze INV,br_ReAssessmentLegal,TASK_COMPLETE,SUCCESS,INFO,622,622,0,,2026-08-30T19:04:27.050Z,2026-08-30T21:04:59.710Z,7232,2026-08-30T21:04:59.710Z,B57D,Westerly,ba679216-ee2b-4344-afb9-134290faf502,SAMMS-Westerly
202608302104538934,202608301904172897,202608301904170791,85,3408,Bronze INV,br_ReAssessmentLegal,TASK_COMPLETE,SUCCESS,INFO,4,4,0,,2026-08-30T19:04:27.050Z,2026-08-30T21:04:59.710Z,7232,2026-08-30T21:04:59.710Z,B66A,Bremen,ba679216-ee2b-4344-afb9-134290faf502,SAMMS-Bremen
202608302104538935,202608301904172898,202608301904170791,85,3411,Bronze INV,br_ReAssessmentLegal,TASK_COMPLETE,SUCCESS,INFO,0,0,0,,2026-08-30T19:04:27.050Z,2026-08-30T21:04:59.710Z,7232,2026-08-30T21:04:59.710Z,B72,Mobile (OBOT),ba679216-ee2b-4344-afb9-134290faf502,SAMMS-Mobile-OBOT
202608302104538936,202608301904172899,202608301904170791,85,3412,Bronze INV,br_ReAssessmentLegal,TASK_COMPLETE,SUCCESS,INFO,0,0,0,,2026-08-30T19:04:27.050Z,2026-08-30T21:04:59.710Z,7232,2026-08-30T21:04:59.710Z,B73,Montgomery,ba679216-ee2b-4344-afb9-134290faf502,SAMMS-Montgomery
202608302104538937,202608301904172900,202608301904170791,85,3413,Bronze INV,br_ReAssessmentLegal,TASK_COMPLETE,SUCCESS,INFO,516,516,0,,2026-08-30T19:04:27.050Z,2026-08-30T21:04:59.710Z,7232,2026-08-30T21:04:59.710Z,B75,Lawrence,ba679216-ee2b-4344-afb9-134290faf502,SAMMS-LawrenceV6
202608302104538938,202608301904172901,202608301904170791,85,3414,Bronze INV,br_ReAssessmentLegal,TASK_COMPLETE,SUCCESS,INFO,0,0,0,,2026-08-30T19:04:27.050Z,2026-08-30T21:04:59.710Z,7232,2026-08-30T21:04:59.710Z,B76,Huntsville OBOT,ba679216-ee2b-4344-afb9-134290faf502,SAMMS-Huntsville-OBOT
202608302104538939,202608301904172902,202608301904170791,85,3415,Bronze INV,br_ReAssessmentLegal,TASK_COMPLETE,SUCCESS,INFO,0,0,0,,2026-08-30T19:04:27.050Z,2026-08-30T21:04:59.710Z,7232,2026-08-30T21:04:59.710Z,BAT,Batesville,ba679216-ee2b-4344-afb9-134290faf502,SAMMS-Batesville
202608302104538941,202608301904172903,202608301904170791,85,3416,Bronze INV,br_ReAssessmentLegal,TASK_COMPLETE,SUCCESS,INFO,460,460,0,,2026-08-30T19:04:27.050Z,2026-08-30T21:04:59.710Z,7232,2026-08-30T21:04:59.710Z,BG,Bowling Green,ba679216-ee2b-4344-afb9-134290faf502,SAMMS-BowlingGreen
202608302104538944,202608301904172904,202608301904170791,85,3417,Bronze INV,br_ReAssessmentLegal,TASK_COMPLETE,SUCCESS,INFO,180,180,0,,2026-08-30T19:04:27.050Z,2026-08-30T21:04:59.710Z,7232,2026-08-30T21:04:59.710Z,BOI,Boise,ba679216-ee2b-4344-afb9-134290faf502,SAMMS-Boise
202608302104538945,202608301904172905,202608301904170791,85,3424,Bronze INV,br_ReAssessmentLegal,TASK_COMPLETE,SUCCESS,INFO,51,51,0,,2026-08-30T19:04:27.050Z,2026-08-30T21:04:59.710Z,7232,2026-08-30T21:04:59.710Z,CBCO,Coeur dAlene,ba679216-ee2b-4344-afb9-134290faf502,SAMMS-CoeurdAleneV6
202608302104538947,202608301904172906,202608301904170791,85,3443,Bronze INV,br_ReAssessmentLegal,TASK_COMPLETE,SUCCESS,INFO,0,0,0,,2026-08-30T19:04:27.050Z,2026-08-30T21:04:59.710Z,7232,2026-08-30T21:04:59.710Z,CON,Conway,ba679216-ee2b-4344-afb9-134290faf502,SAMMS-Conway
202608302104538948,202608301904172907,202608301904170791,85,3444,Bronze INV,br_ReAssessmentLegal,TASK_COMPLETE,SUCCESS,INFO,2568,2568,0,,2026-08-30T19:04:27.050Z,2026-08-30T21:04:59.710Z,7232,2026-08-30T21:04:59.710Z,D07,Medical Services Knox TN,ba679216-ee2b-4344-afb9-134290faf502,SAMMS-KnoxvilleV6
202608302104538949,202608301904172908,202608301904170791,85,3445,Bronze INV,br_ReAssessmentLegal,TASK_COMPLETE,SUCCESS,INFO,111,111,0,,2026-08-30T19:04:27.050Z,2026-08-30T21:04:59.710Z,7232,2026-08-30T21:04:59.710Z,D08,Madison,ba679216-ee2b-4344-afb9-134290faf502,SAMMS-MadisonV6
202608302104538950,202608301904172909,202608301904170791,85,3447,Bronze INV,br_ReAssessmentLegal,TASK_COMPLETE,SUCCESS,INFO,117,117,0,,2026-08-30T19:04:27.050Z,2026-08-30T21:04:59.710Z,7232,2026-08-30T21:04:59.710Z,D09,Murfreesboro,ba679216-ee2b-4344-afb9-134290faf502,SAMMS-MurfreesboroV6
202608302104538951,202608301904172910,202608301904170791,85,3448,Bronze INV,br_ReAssessmentLegal,TASK_COMPLETE,SUCCESS,INFO,335,335,0,,2026-08-30T19:04:27.050Z,2026-08-30T21:04:59.710Z,7232,2026-08-30T21:04:59.710Z,DA,Davenport,ba679216-ee2b-4344-afb9-134290faf502,SAMMS-Davenport
202608302104538952,202608301904172911,202608301904170791,85,3449,Bronze INV,br_ReAssessmentLegal,TASK_COMPLETE,SUCCESS,INFO,287,287,0,,2026-08-30T19:04:27.050Z,2026-08-30T21:04:59.710Z,7232,2026-08-30T21:04:59.710Z,DM,Des Moines,ba679216-ee2b-4344-afb9-134290faf502,SAMMS-DesMoines
202608302104538953,202608301904172912,202608301904170791,85,3451,Bronze INV,br_ReAssessmentLegal,TASK_COMPLETE,SUCCESS,INFO,529,529,0,,2026-08-30T19:04:27.050Z,2026-08-30T21:04:59.710Z,7232,2026-08-30T21:04:59.710Z,DRD-CO,Columbia MO,ba679216-ee2b-4344-afb9-134290faf502,SAMMS-ColumbiaV5
202608302104538955,202608301904172913,202608301904170791,85,3452,Bronze INV,br_ReAssessmentLegal,TASK_COMPLETE,SUCCESS,INFO,346,346,0,,2026-08-30T19:04:27.050Z,2026-08-30T21:04:59.710Z,7232,2026-08-30T21:04:59.710Z,DRD-KC,KC,ba679216-ee2b-4344-afb9-134290faf502,SAMMS-KCv5
202608302104538956,202608301904172914,202608301904170791,85,3453,Bronze INV,br_ReAssessmentLegal,TASK_COMPLETE,SUCCESS,INFO,1551,1551,0,,2026-08-30T19:04:27.050Z,2026-08-30T21:04:59.710Z,7232,2026-08-30T21:04:59.710Z,DRD-KVB,KVB,ba679216-ee2b-4344-afb9-134290faf502,SAMMS-KVBv5
202608302104538957,202608301904172915,202608301904170791,85,3454,Bronze INV,br_ReAssessmentLegal,TASK_COMPLETE,SUCCESS,INFO,1672,1672,0,,2026-08-30T19:04:27.050Z,2026-08-30T21:04:59.710Z,7232,2026-08-30T21:04:59.710Z,DRD-KVC,KVC,ba679216-ee2b-4344-afb9-134290faf502,SAMMS-KVCv5
202608302104538958,202608301904172916,202608301904170791,85,3455,Bronze INV,br_ReAssessmentLegal,TASK_COMPLETE,SUCCESS,INFO,3202,3202,0,,2026-08-30T19:04:27.050Z,2026-08-30T21:04:59.710Z,7232,2026-08-30T21:04:59.710Z,DRD-NOLA,NOLA,ba679216-ee2b-4344-afb9-134290faf502,SAMMS-NOLAv5
202608302104538959,202608301904172917,202608301904170791,85,3456,Bronze INV,br_ReAssessmentLegal,TASK_COMPLETE,SUCCESS,INFO,798,798,0,,2026-08-30T19:04:27.050Z,2026-08-30T21:04:59.710Z,7232,2026-08-30T21:04:59.710Z,DRD-SF,Springfield,ba679216-ee2b-4344-afb9-134290faf502,SAMMS-SFv5
202608302104538960,202608301904172918,202608301904170791,85,3458,Bronze INV,br_ReAssessmentLegal,TASK_COMPLETE,SUCCESS,INFO,260,260,0,,2026-08-30T19:04:27.050Z,2026-08-30T21:04:59.710Z,7232,2026-08-30T21:04:59.710Z,ELC,Elizabeth City,ba679216-ee2b-4344-afb9-134290faf502,SAMMS-ElizabethCity
202608302104538962,202608301904172919,202608301904170791,85,3459,Bronze INV,br_ReAssessmentLegal,TASK_COMPLETE,SUCCESS,INFO,128,128,0,,2026-08-30T19:04:27.050Z,2026-08-30T21:04:59.710Z,7232,2026-08-30T21:04:59.710Z,ET,Elizabethtown,ba679216-ee2b-4344-afb9-134290faf502,SAMMS-Elizabethtown
202608302104538963,202608301904172920,202608301904170791,85,3460,Bronze INV,br_ReAssessmentLegal,TASK_COMPLETE,SUCCESS,INFO,0,0,0,,2026-08-30T19:04:27.050Z,2026-08-30T21:04:59.710Z,7232,2026-08-30T21:04:59.710Z,FAY,Fayetteville,ba679216-ee2b-4344-afb9-134290faf502,SAMMS-Fayetteville
202608302104538964,202608301904172921,202608301904170791,85,3461,Bronze INV,br_ReAssessmentLegal,TASK_COMPLETE,SUCCESS,INFO,156,156,0,,2026-08-30T19:04:27.050Z,2026-08-30T21:04:59.710Z,7232,2026-08-30T21:04:59.710Z,FR,Frankfort,ba679216-ee2b-4344-afb9-134290faf502,SAMMS-Frankfort
202608302104538965,202608301904172922,202608301904170791,85,3462,Bronze INV,br_ReAssessmentLegal,TASK_COMPLETE,SUCCESS,INFO,0,0,0,,2026-08-30T19:04:27.050Z,2026-08-30T21:04:59.710Z,7232,2026-08-30T21:04:59.710Z,FS,Fort Smith,ba679216-ee2b-4344-afb9-134290faf502,SAMMS-FortSmith
202608302104538966,202608301904172923,202608301904170791,85,3463,Bronze INV,br_ReAssessmentLegal,TASK_COMPLETE,SUCCESS,INFO,466,466,0,,2026-08-30T19:04:27.050Z,2026-08-30T21:04:59.710Z,7232,2026-08-30T21:04:59.710Z,FW,Fort Wayne,ba679216-ee2b-4344-afb9-134290faf502,SAMMS-FortWayne
202608302104538967,202608301904172924,202608301904170791,85,3464,Bronze INV,br_ReAssessmentLegal,TASK_COMPLETE,SUCCESS,INFO,273,273,0,,2026-08-30T19:04:27.050Z,2026-08-30T21:04:59.710Z,7232,2026-08-30T21:04:59.710Z,GAL,Gaylord,ba679216-ee2b-4344-afb9-134290faf502,SAMMS-Gaylord
202608302104538968,202608301904172925,202608301904170791,85,3468,Bronze INV,br_ReAssessmentLegal,TASK_COMPLETE,SUCCESS,INFO,100,100,0,,2026-08-30T19:04:27.050Z,2026-08-30T21:04:59.710Z,7232,2026-08-30T21:04:59.710Z,HGT,Hagerstown,ba679216-ee2b-4344-afb9-134290faf502,SAMMS-Hagerstown
202608302104538970,202608301904172926,202608301904170791,85,3469,Bronze INV,br_ReAssessmentLegal,TASK_COMPLETE,SUCCESS,INFO,1723,1723,0,,2026-08-30T19:04:27.050Z,2026-08-30T21:04:59.710Z,7232,2026-08-30T21:04:59.710Z,HNT,Huntsville,ba679216-ee2b-4344-afb9-134290faf502,SAMMS-Huntsville
202608302104538971,202608301904172927,202608301904170791,85,3470,Bronze INV,br_ReAssessmentLegal,TASK_COMPLETE,SUCCESS,INFO,0,0,0,,2026-08-30T19:04:27.050Z,2026-08-30T21:04:59.710Z,7232,2026-08-30T21:04:59.710Z,HS,Hot Springs,ba679216-ee2b-4344-afb9-134290faf502,SAMMS-HotSprings
202608302104538972,202608301904172928,202608301904170791,85,3471,Bronze INV,br_ReAssessmentLegal,TASK_COMPLETE,SUCCESS,INFO,0,0,0,,2026-08-30T19:04:27.050Z,2026-08-30T21:04:59.710Z,7232,2026-08-30T21:04:59.710Z,JON,Jonesboro,ba679216-ee2b-4344-afb9-134290faf502,SAMMS-Jonesboro
202608302104538973,202608301904172929,202608301904170791,85,3473,Bronze INV,br_ReAssessmentLegal,TASK_COMPLETE,SUCCESS,INFO,445,445,0,,2026-08-30T19:04:27.050Z,2026-08-30T21:04:59.710Z,7232,2026-08-30T21:04:59.710Z,LAN,Lansing,ba679216-ee2b-4344-afb9-134290faf502,SAMMS-Lansing
202608302104538974,202608301904172930,202608301904170791,85,3474,Bronze INV,br_ReAssessmentLegal,TASK_COMPLETE,SUCCESS,INFO,1286,1286,0,,2026-08-30T19:04:27.050Z,2026-08-30T21:04:59.710Z,7232,2026-08-30T21:04:59.710Z,LO,Louisville,ba679216-ee2b-4344-afb9-134290faf502,SAMMS-Louisville
202608302104538975,202608301904172931,202608301904170791,85,3475,Bronze INV,br_ReAssessmentLegal,TASK_COMPLETE,SUCCESS,INFO,291,291,0,,2026-08-30T19:04:27.050Z,2026-08-30T21:04:59.710Z,7232,2026-08-30T21:04:59.710Z,LV1,Cheyenne,ba679216-ee2b-4344-afb9-134290faf502,SAMMS-Cheyenne
202608302104538976,202608301904172932,202608301904170791,85,3476,Bronze INV,br_ReAssessmentLegal,TASK_COMPLETE,SUCCESS,INFO,204,204,0,,2026-08-30T19:04:27.050Z,2026-08-30T21:04:59.710Z,7232,2026-08-30T21:04:59.710Z,LV2,Desert Inn,ba679216-ee2b-4344-afb9-134290faf502,SAMMS-DesertInn
202608302104538978,202608301904172933,202608301904170791,85,3477,Bronze INV,br_ReAssessmentLegal,TASK_COMPLETE,SUCCESS,INFO,109,109,0,,2026-08-30T19:04:27.050Z,2026-08-30T21:04:59.710Z,7232,2026-08-30T21:04:59.710Z,LV3,McDaniel,ba679216-ee2b-4344-afb9-134290faf502,SAMMS-McDaniel
202608302104538979,202608301904172934,202608301904170791,85,3480,Bronze INV,br_ReAssessmentLegal,TASK_COMPLETE,SUCCESS,INFO,358,358,0,,2026-08-30T19:04:27.050Z,2026-08-30T21:04:59.710Z,7232,2026-08-30T21:04:59.710Z,MNRE,Monroe,ba679216-ee2b-4344-afb9-134290faf502,SAMMS-Monroe
202608302104538980,202608301904172935,202608301904170791,85,3481,Bronze INV,br_ReAssessmentLegal,TASK_COMPLETE,SUCCESS,INFO,1420,1420,0,,2026-08-30T19:04:27.050Z,2026-08-30T21:04:59.710Z,7232,2026-08-30T21:04:59.710Z,MP,Mt. Pleasant,ba679216-ee2b-4344-afb9-134290faf502,SAMMS-MtPleasant
202608302104538981,202608301904172936,202608301904170791,85,3482,Bronze INV,br_ReAssessmentLegal,TASK_COMPLETE,SUCCESS,INFO,153,153,0,,2026-08-30T19:04:27.050Z,2026-08-30T21:04:59.710Z,7232,2026-08-30T21:04:59.710Z,MRD,Meridian,ba679216-ee2b-4344-afb9-134290faf502,SAMMS-Meridian
202608302104538982,202608301904172937,202608301904170791,85,3487,Bronze INV,br_ReAssessmentLegal,TASK_COMPLETE,SUCCESS,INFO,693,693,0,,2026-08-30T19:04:27.050Z,2026-08-30T21:04:59.710Z,7232,2026-08-30T21:04:59.710Z,NC,North Charleston,ba679216-ee2b-4344-afb9-134290faf502,SAMMS-NorthCharleston
202608302104538983,202608301904172938,202608301904170791,85,3488,Bronze INV,br_ReAssessmentLegal,TASK_COMPLETE,SUCCESS,INFO,0,0,0,,2026-08-30T19:04:27.050Z,2026-08-30T21:04:59.710Z,7232,2026-08-30T21:04:59.710Z,NLR,N. Little Rock,ba679216-ee2b-4344-afb9-134290faf502,SAMMS-NLROBOT
202608302104538984,202608301904172939,202608301904170791,85,3489,Bronze INV,br_ReAssessmentLegal,TASK_COMPLETE,SUCCESS,INFO,111,111,0,,2026-08-30T19:04:27.050Z,2026-08-30T21:04:59.710Z,7232,2026-08-30T21:04:59.710Z,PH,Phoenix,ba679216-ee2b-4344-afb9-134290faf502,SAMMS-Phoenix
202608302104538985,202608301904172940,202608301904170791,85,3493,Bronze INV,br_ReAssessmentLegal,TASK_COMPLETE,SUCCESS,INFO,212,212,0,,2026-08-30T19:04:27.050Z,2026-08-30T21:04:59.710Z,7232,2026-08-30T21:04:59.710Z,RE,Reno,ba679216-ee2b-4344-afb9-134290faf502,SAMMS-Reno
202608302104538987,202608301904172941,202608301904170791,85,3494,Bronze INV,br_ReAssessmentLegal,TASK_COMPLETE,SUCCESS,INFO,88,88,0,,2026-08-30T19:04:27.050Z,2026-08-30T21:04:59.710Z,7232,2026-08-30T21:04:59.710Z,RMD,Richmond,ba679216-ee2b-4344-afb9-134290faf502,SAMMS-Richmond
202608302104538988,202608301904172942,202608301904170791,85,3495,Bronze INV,br_ReAssessmentLegal,TASK_COMPLETE,SUCCESS,INFO,588,588,0,,2026-08-30T19:04:27.050Z,2026-08-30T21:04:59.710Z,7232,2026-08-30T21:04:59.710Z,SFN,Springfield North,ba679216-ee2b-4344-afb9-134290faf502,SAMMS-SFNv5
202608302104538989,202608301904172943,202608301904170791,85,3496,Bronze INV,br_ReAssessmentLegal,TASK_COMPLETE,SUCCESS,INFO,763,763,0,,2026-08-30T19:04:27.050Z,2026-08-30T21:04:59.710Z,7232,2026-08-30T21:04:59.710Z,SHP,Shreveport,ba679216-ee2b-4344-afb9-134290faf502,SAMMS-Shreveport
202608302104538990,202608301904172944,202608301904170791,85,3498,Bronze INV,br_ReAssessmentLegal,TASK_COMPLETE,SUCCESS,INFO,481,481,0,,2026-08-30T19:04:27.050Z,2026-08-30T21:04:59.710Z,7232,2026-08-30T21:04:59.710Z,STN,Staunton,ba679216-ee2b-4344-afb9-134290faf502,SAMMS-Staunton
202608302104538991,202608301904172945,202608301904170791,85,3499,Bronze INV,br_ReAssessmentLegal,TASK_COMPLETE,SUCCESS,INFO,224,224,0,,2026-08-30T19:04:27.050Z,2026-08-30T21:04:59.710Z,7232,2026-08-30T21:04:59.710Z,STVN,Stevenson,ba679216-ee2b-4344-afb9-134290faf502,SAMMS-Stevenson
202608302104538993,202608301904172946,202608301904170791,85,3501,Bronze INV,br_ReAssessmentLegal,TASK_COMPLETE,SUCCESS,INFO,173,173,0,,2026-08-30T19:04:27.050Z,2026-08-30T21:04:59.710Z,7232,2026-08-30T21:04:59.710Z,TE,Tempe,ba679216-ee2b-4344-afb9-134290faf502,SAMMS-Tempe
202608302104538994,202608301904172947,202608301904170791,85,3502,Bronze INV,br_ReAssessmentLegal,TASK_COMPLETE,SUCCESS,INFO,0,0,0,,2026-08-30T19:04:27.050Z,2026-08-30T21:04:59.710Z,7232,2026-08-30T21:04:59.710Z,TEX,Texarkana,ba679216-ee2b-4344-afb9-134290faf502,SAMMS-Texarkana
202608302104538995,202608301904172948,202608301904170791,85,3503,Bronze INV,br_ReAssessmentLegal,TASK_COMPLETE,SUCCESS,INFO,1068,1068,0,,2026-08-30T19:04:27.050Z,2026-08-30T21:04:59.710Z,7232,2026-08-30T21:04:59.710Z,TTCA,Bessemer,ba679216-ee2b-4344-afb9-134290faf502,SAMMS-BessemerV5
202608302104538996,202608301904172949,202608301904170791,85,3504,Bronze INV,br_ReAssessmentLegal,TASK_COMPLETE,SUCCESS,INFO,1315,1315,0,,2026-08-30T19:04:27.050Z,2026-08-30T21:04:59.710Z,7232,2026-08-30T21:04:59.710Z,TTCB,Cullman,ba679216-ee2b-4344-afb9-134290faf502,SAMMS-CullmanV5
202608302104538997,202608301904172950,202608301904170791,85,3505,Bronze INV,br_ReAssessmentLegal,TASK_COMPLETE,SUCCESS,INFO,938,938,0,,2026-08-30T19:04:27.050Z,2026-08-30T21:04:59.710Z,7232,2026-08-30T21:04:59.710Z,TTCC,Grand Bay,ba679216-ee2b-4344-afb9-134290faf502,SAMMS-GrandBay
202608302104538998,202608301904172951,202608301904170791,85,3506,Bronze INV,br_ReAssessmentLegal,TASK_COMPLETE,SUCCESS,INFO,15,15,0,,2026-08-30T19:04:27.050Z,2026-08-30T21:04:59.710Z,7232,2026-08-30T21:04:59.710Z,TU,Tucson,ba679216-ee2b-4344-afb9-134290faf502,SAMMS-Tucson
202608302104538999,202608301904172952,202608301904170791,85,3508,Bronze INV,br_ReAssessmentLegal,TASK_COMPLETE,SUCCESS,INFO,660,660,0,,2026-08-30T19:04:27.050Z,2026-08-30T21:04:59.710Z,7232,2026-08-30T21:04:59.710Z,V1,Memphis South,ba679216-ee2b-4344-afb9-134290faf502,SAMMS-VCPHCS-I-MemphisV5
202608302104539001,202608301904172953,202608301904170791,85,3509,Bronze INV,br_ReAssessmentLegal,TASK_COMPLETE,SUCCESS,INFO,1625,1625,0,,2026-08-30T19:04:27.050Z,2026-08-30T21:04:59.710Z,7232,2026-08-30T21:04:59.710Z,V10,Longmont,ba679216-ee2b-4344-afb9-134290faf502,SAMMS-BoulderV5
202608302104539002,202608301904172954,202608301904170791,85,3510,Bronze INV,br_ReAssessmentLegal,TASK_COMPLETE,SUCCESS,INFO,1511,1511,0,,2026-08-30T19:04:27.050Z,2026-08-30T21:04:59.710Z,7232,2026-08-30T21:04:59.710Z,V10A,Fort Collins,ba679216-ee2b-4344-afb9-134290faf502,SAMMS-FortCollinsV5
202608302104539003,202608301904172955,202608301904170791,85,3511,Bronze INV,br_ReAssessmentLegal,TASK_COMPLETE,SUCCESS,INFO,2862,2862,0,,2026-08-30T19:04:27.050Z,2026-08-30T21:04:59.710Z,7232,2026-08-30T21:04:59.710Z,V11,Westminster,ba679216-ee2b-4344-afb9-134290faf502,SAMMS-VCPHCS-XI-NorthDenverV5
202608302104539004,202608301904172956,202608301904170791,85,3512,Bronze INV,br_ReAssessmentLegal,TASK_COMPLETE,SUCCESS,INFO,3027,3027,0,,2026-08-30T19:04:27.050Z,2026-08-30T21:04:59.710Z,7232,2026-08-30T21:04:59.710Z,V12,Downtown Denver,ba679216-ee2b-4344-afb9-134290faf502,SAMMS-VCPHCS-XII-DowntownDenverV5
202608302104539005,202608301904172957,202608301904170791,85,3513,Bronze INV,br_ReAssessmentLegal,TASK_COMPLETE,SUCCESS,INFO,1132,1132,0,,2026-08-30T19:04:27.050Z,2026-08-30T21:04:59.710Z,7232,2026-08-30T21:04:59.710Z,V12A,Centennial,ba679216-ee2b-4344-afb9-134290faf502,SAMMS-CentennialV5
202609020918541086,202609020918541086,20260831100753,126,13680,Bronze Overdue Courses,br_learningreports_overdue,TASK_FAILED,FAILED,ERROR,0,0,1,"File ''Doc.aspx?sourcedoc=%7BE73772E6-B24A-4369-98DD-6D9C9D70039D%7D&file=Overdue%20Courses.xlsx&action=default&mobileredirect=true'' not found in Lakehouse Files. Searched paths: [''https://bhgrecovery-my.sharepoint.com/:x:/r/personal/ayxbhg_bhgrecovery_onmicrosoft_com/_layouts/15/Doc.aspx?sourcedoc=%7BE73772E6-B24A-4369-98DD-6D9C9D70039D%7D&file=Overdue%20Courses.xlsx&action=default&mobileredirect=true'', ''/lakehouse/default/Files/OverdueLearningReport/Doc.aspx?sourcedoc=%7BE73772E6-B24A-4369-98DD-6D9C9D70039D%7D&file=Overdue%20Courses.xlsx&action=default&mobileredirect=true'', ''/lakehouse/default/Files/Doc.aspx?sourcedoc=%7BE73772E6-B24A-4369-98DD-6D9C9D70039D%7D&file=Overdue%20Courses.xlsx&action=default&mobileredirect=true'', ''/Files/OverdueLearningReport/Doc.aspx?sourcedoc=%7BE73772E6-B24A-4369-98DD-6D9C9D70039D%7D&file=Overdue%20Courses.xlsx&action=default&mobileredirect=true'', ''/Files/Doc.aspx?sourcedoc=%7BE73772E6-B24A-4369-98DD-6D9C9D70039D%7D&file=Overdue%20Courses.xlsx",2026-09-02T09:18:54.108Z,2026-09-02T09:19:07.984Z,13,2026-09-02T09:19:07.984Z,,,cbe17ebc-0399-4c51-9c1c-1142c87cb2d5,
202608311103192206,202608311103192206,20260831100753,126,13680,Bronze Overdue Courses,br_learningreports_overdue,TASK_FAILED,FAILED,ERROR,0,0,1,"File ''Doc.aspx?sourcedoc=%7BE73772E6-B24A-4369-98DD-6D9C9D70039D%7D&file=Overdue%20Courses.xlsx&action=default&mobileredirect=true'' not found in Lakehouse Files. Searched paths: [''https://bhgrecovery-my.sharepoint.com/:x:/r/personal/ayxbhg_bhgrecovery_onmicrosoft_com/_layouts/15/Doc.aspx?sourcedoc=%7BE73772E6-B24A-4369-98DD-6D9C9D70039D%7D&file=Overdue%20Courses.xlsx&action=default&mobileredirect=true'', ''/lakehouse/default/Files/OverdueLearningReport/Doc.aspx?sourcedoc=%7BE73772E6-B24A-4369-98DD-6D9C9D70039D%7D&file=Overdue%20Courses.xlsx&action=default&mobileredirect=true'', ''/lakehouse/default/Files/Doc.aspx?sourcedoc=%7BE73772E6-B24A-4369-98DD-6D9C9D70039D%7D&file=Overdue%20Courses.xlsx&action=default&mobileredirect=true'', ''/Files/OverdueLearningReport/Doc.aspx?sourcedoc=%7BE73772E6-B24A-4369-98DD-6D9C9D70039D%7D&file=Overdue%20Courses.xlsx&action=default&mobileredirect=true'', ''/Files/Doc.aspx?sourcedoc=%7BE73772E6-B24A-4369-98DD-6D9C9D70039D%7D&file=Overdue%20Courses.xlsx",2026-08-31T11:03:19.220Z,2026-08-31T11:03:41.503Z,22,2026-08-31T11:03:41.503Z,,,da1109ab-23fa-4fb3-ba31-a35e7ed47d48,
202609010823310671,202609010823310671,20260831100753,126,13680,Bronze Overdue Courses,br_learningreports_overdue,TASK_FAILED,FAILED,ERROR,0,0,1,"File ''Doc.aspx?sourcedoc=%7BE73772E6-B24A-4369-98DD-6D9C9D70039D%7D&file=Overdue%20Courses.xlsx&action=default&mobileredirect=true'' not found in Lakehouse Files. Searched paths: [''https://bhgrecovery-my.sharepoint.com/:x:/r/personal/ayxbhg_bhgrecovery_onmicrosoft_com/_layouts/15/Doc.aspx?sourcedoc=%7BE73772E6-B24A-4369-98DD-6D9C9D70039D%7D&file=Overdue%20Courses.xlsx&action=default&mobileredirect=true'', ''/lakehouse/default/Files/OverdueLearningReport/Doc.aspx?sourcedoc=%7BE73772E6-B24A-4369-98DD-6D9C9D70039D%7D&file=Overdue%20Courses.xlsx&action=default&mobileredirect=true'', ''/lakehouse/default/Files/Doc.aspx?sourcedoc=%7BE73772E6-B24A-4369-98DD-6D9C9D70039D%7D&file=Overdue%20Courses.xlsx&action=default&mobileredirect=true'', ''/Files/OverdueLearningReport/Doc.aspx?sourcedoc=%7BE73772E6-B24A-4369-98DD-6D9C9D70039D%7D&file=Overdue%20Courses.xlsx&action=default&mobileredirect=true'', ''/Files/Doc.aspx?sourcedoc=%7BE73772E6-B24A-4369-98DD-6D9C9D70039D%7D&file=Overdue%20Courses.xlsx",2026-09-01T08:23:31.067Z,2026-09-01T08:23:45.640Z,14,2026-09-01T08:23:45.640Z,,,c46c9804-c079-4a92-bf2d-233a26f7d129,
202608311209167915,202608311209167915,20260831100753,126,13680,Bronze Overdue Courses,br_learningreports_overdue,TASK_FAILED,FAILED,ERROR,0,0,1,"File ''Doc.aspx?sourcedoc=%7BE73772E6-B24A-4369-98DD-6D9C9D70039D%7D&file=Overdue%20Courses.xlsx&action=default&mobileredirect=true'' not found in Lakehouse Files. Searched paths: [''https://bhgrecovery-my.sharepoint.com/:x:/r/personal/ayxbhg_bhgrecovery_onmicrosoft_com/_layouts/15/Doc.aspx?sourcedoc=%7BE73772E6-B24A-4369-98DD-6D9C9D70039D%7D&file=Overdue%20Courses.xlsx&action=default&mobileredirect=true'', ''/lakehouse/default/Files/OverdueLearningReport/Doc.aspx?sourcedoc=%7BE73772E6-B24A-4369-98DD-6D9C9D70039D%7D&file=Overdue%20Courses.xlsx&action=default&mobileredirect=true'', ''/lakehouse/default/Files/Doc.aspx?sourcedoc=%7BE73772E6-B24A-4369-98DD-6D9C9D70039D%7D&file=Overdue%20Courses.xlsx&action=default&mobileredirect=true'', ''/Files/OverdueLearningReport/Doc.aspx?sourcedoc=%7BE73772E6-B24A-4369-98DD-6D9C9D70039D%7D&file=Overdue%20Courses.xlsx&action=default&mobileredirect=true'', ''/Files/Doc.aspx?sourcedoc=%7BE73772E6-B24A-4369-98DD-6D9C9D70039D%7D&file=Overdue%20Courses.xlsx",2026-08-31T12:09:16.791Z,2026-08-31T12:09:32.134Z,15,2026-08-31T12:09:32.134Z,,,9e88df03-cf6e-4bca-99ec-d1d14ce06882,
202608302104537137,202608301904171362,202608301904170791,85,2432,Bronze INV,br_LabResult,TASK_COMPLETE,SUCCESS,INFO,6,6,0,,2026-08-30T19:04:27.050Z,2026-08-30T21:04:59.710Z,7232,2026-08-30T21:04:59.710Z,VWBY,Woodbury,ba679216-ee2b-4344-afb9-134290faf502,SAMMS-WoodburyV6
202608302104537139,202608301904171363,202608301904170791,85,2434,Bronze INV,br_LabResult,TASK_COMPLETE,SUCCESS,INFO,3355,3355,0,,2026-08-30T19:04:27.050Z,2026-08-30T21:04:59.710Z,7232,2026-08-30T21:04:59.710Z,WIL,Wilson,ba679216-ee2b-4344-afb9-134290faf502,SAMMS-Wilson
202608302104537140,202608301904171364,202608301904170791,85,2438,Bronze INV,br_LabResultDetail,TASK_COMPLETE,SUCCESS,INFO,9628,9628,0,,2026-08-30T19:04:27.050Z,2026-08-30T21:04:59.710Z,7232,2026-08-30T21:04:59.710Z,AHK,Ahoskie,ba679216-ee2b-4344-afb9-134290faf502,SAMMS-Ahoskie
202608302104537141,202608301904171365,202608301904170791,85,2439,Bronze INV,br_LabResultDetail,TASK_COMPLETE,SUCCESS,INFO,1390,1390,0,,2026-08-30T19:04:27.050Z,2026-08-30T21:04:59.710Z,7232,2026-08-30T21:04:59.710Z,B12B,Colorado Springs,ba679216-ee2b-4344-afb9-134290faf502,SAMMS-ColoradoSpringsV5
202608302104537142,202608301904171366,202608301904170791,85,2440,Bronze INV,br_LabResultDetail,TASK_COMPLETE,SUCCESS,INFO,1855,1855,0,,2026-08-30T19:04:27.050Z,2026-08-30T21:04:59.710Z,7232,2026-08-30T21:04:59.710Z,B24,Paintsville,ba679216-ee2b-4344-afb9-134290faf502,SAMMS-PaintsvilleV5
202608302104537143,202608301904171367,202608301904170791,85,2441,Bronze INV,br_LabResultDetail,TASK_COMPLETE,SUCCESS,INFO,2317,2317,0,,2026-08-30T19:04:27.050Z,2026-08-30T21:04:59.710Z,7232,2026-08-30T21:04:59.710Z,B25,Pikeville,ba679216-ee2b-4344-afb9-134290faf502,SAMMS-PikevilleV5
202608302104537144,202608301904171368,202608301904170791,85,2442,Bronze INV,br_LabResultDetail,TASK_COMPLETE,SUCCESS,INFO,3177,3177,0,,2026-08-30T19:04:27.050Z,2026-08-30T21:04:59.710Z,7232,2026-08-30T21:04:59.710Z,B26,Hazard,ba679216-ee2b-4344-afb9-134290faf502,SAMMS-HazardV5
202608302104537146,202608301904171369,202608301904170791,85,2443,Bronze INV,br_LabResultDetail,TASK_COMPLETE,SUCCESS,INFO,6,6,0,,2026-08-30T19:04:27.050Z,2026-08-30T21:04:59.710Z,7232,2026-08-30T21:04:59.710Z,B27,Savannah,ba679216-ee2b-4344-afb9-134290faf502,SAMMS-SavannahV6
202608302104537147,202608301904171370,202608301904170791,85,2444,Bronze INV,br_LabResultDetail,TASK_COMPLETE,SUCCESS,INFO,1599,1599,0,,2026-08-30T19:04:27.050Z,2026-08-30T21:04:59.710Z,7232,2026-08-30T21:04:59.710Z,B28,West Plains,ba679216-ee2b-4344-afb9-134290faf502,SAMMS-WestPlainesV5
202608302104537148,202608301904171371,202608301904170791,85,2445,Bronze INV,br_LabResultDetail,TASK_COMPLETE,SUCCESS,INFO,1898,1898,0,,2026-08-30T19:04:27.050Z,2026-08-30T21:04:59.710Z,7232,2026-08-30T21:04:59.710Z,B29,Poplar Bluff,ba679216-ee2b-4344-afb9-134290faf502,SAMMS-PoplarBluffV5
202608302104537149,202608301904171372,202608301904170791,85,2446,Bronze INV,br_LabResultDetail,TASK_COMPLETE,SUCCESS,INFO,1520,1520,0,,2026-08-30T19:04:27.050Z,2026-08-30T21:04:59.710Z,7232,2026-08-30T21:04:59.710Z,B30,KC North,ba679216-ee2b-4344-afb9-134290faf502,SAMMS-KCNv5
202608302104537150,202608301904171373,202608301904170791,85,2447,Bronze INV,br_LabResultDetail,TASK_COMPLETE,SUCCESS,INFO,5447,5447,0,,2026-08-30T19:04:27.050Z,2026-08-30T21:04:59.710Z,7232,2026-08-30T21:04:59.710Z,B31,Dyersburg,ba679216-ee2b-4344-afb9-134290faf502,SAMMS-DyersburgV5
202608302104537151,202608301904171374,202608301904170791,85,2449,Bronze INV,br_LabResultDetail,TASK_COMPLETE,SUCCESS,INFO,4158,4158,0,,2026-08-30T19:04:27.050Z,2026-08-30T21:04:59.710Z,7232,2026-08-30T21:04:59.710Z,B33,Paducah,ba679216-ee2b-4344-afb9-134290faf502,SAMMS-Paducah
202608302104537152,202608301904171375,202608301904170791,85,2450,Bronze INV,br_LabResultDetail,TASK_COMPLETE,SUCCESS,INFO,2361,2361,0,,2026-08-30T19:04:27.050Z,2026-08-30T21:04:59.710Z,7232,2026-08-30T21:04:59.710Z,B34,Corbin,ba679216-ee2b-4344-afb9-134290faf502,SAMMS-CorbinV5
202608302104537153,202608301904171376,202608301904170791,85,2451,Bronze INV,br_LabResultDetail,TASK_COMPLETE,SUCCESS,INFO,12006,12006,0,,2026-08-30T19:04:27.050Z,2026-08-30T21:04:59.710Z,7232,2026-08-30T21:04:59.710Z,B35,Lexington,ba679216-ee2b-4344-afb9-134290faf502,SAMMS-LexingtonV5
202608302104537155,202608301904171377,202608301904170791,85,2452,Bronze INV,br_LabResultDetail,TASK_COMPLETE,SUCCESS,INFO,2559,2559,0,,2026-08-30T19:04:27.050Z,2026-08-30T21:04:59.710Z,7232,2026-08-30T21:04:59.710Z,B35A,Berea,ba679216-ee2b-4344-afb9-134290faf502,SAMMS-BereaV5
202608302104537156,202608301904171378,202608301904170791,85,2453,Bronze INV,br_LabResultDetail,TASK_COMPLETE,SUCCESS,INFO,1240,1240,0,,2026-08-30T19:04:27.050Z,2026-08-30T21:04:59.710Z,7232,2026-08-30T21:04:59.710Z,B36,Asheville,ba679216-ee2b-4344-afb9-134290faf502,SAMMS-AshevilleV5
202608302104537157,202608301904171379,202608301904170791,85,2454,Bronze INV,br_LabResultDetail,TASK_COMPLETE,SUCCESS,INFO,1865,1865,0,,2026-08-30T19:04:27.050Z,2026-08-30T21:04:59.710Z,7232,2026-08-30T21:04:59.710Z,B37,Clyde,ba679216-ee2b-4344-afb9-134290faf502,SAMMS-ClydeV5
202608302104537158,202608301904171380,202608301904170791,85,2455,Bronze INV,br_LabResultDetail,TASK_COMPLETE,SUCCESS,INFO,6359,6359,0,,2026-08-30T19:04:27.050Z,2026-08-30T21:04:59.710Z,7232,2026-08-30T21:04:59.710Z,B38,Spartanburg,ba679216-ee2b-4344-afb9-134290faf502,SAMMS-SpartanburgV5
202608302104537159,202608301904171381,202608301904170791,85,2456,Bronze INV,br_LabResultDetail,TASK_COMPLETE,SUCCESS,INFO,2215,2215,0,,2026-08-30T19:04:27.050Z,2026-08-30T21:04:59.710Z,7232,2026-08-30T21:04:59.710Z,B39,Aiken,ba679216-ee2b-4344-afb9-134290faf502,SAMMS-AikenV5
202608302104537160,202608301904171382,202608301904170791,85,2457,Bronze INV,br_LabResultDetail,TASK_COMPLETE,SUCCESS,INFO,4485,4485,0,,2026-08-30T19:04:27.050Z,2026-08-30T21:04:59.710Z,7232,2026-08-30T21:04:59.710Z,B41,Chesapeake,ba679216-ee2b-4344-afb9-134290faf502,SAMMS-ChesapeakeV5
202608302104537161,202608301904171383,202608301904170791,85,2458,Bronze INV,br_LabResultDetail,TASK_COMPLETE,SUCCESS,INFO,14515,14515,0,,2026-08-30T19:04:27.050Z,2026-08-30T21:04:59.710Z,7232,2026-08-30T21:04:59.710Z,B42,Virginia Beach,ba679216-ee2b-4344-afb9-134290faf502,SAMMS-VirginiaBeachV5
202608302104537163,202608301904171384,202608301904170791,85,2459,Bronze INV,br_LabResultDetail,TASK_COMPLETE,SUCCESS,INFO,1430,1430,0,,2026-08-30T19:04:27.050Z,2026-08-30T21:04:59.710Z,7232,2026-08-30T21:04:59.710Z,B42A,Newport News,ba679216-ee2b-4344-afb9-134290faf502,SAMMS-NewportNewsV5
202608302104537164,202608301904171385,202608301904170791,85,2460,Bronze INV,br_LabResultDetail,TASK_COMPLETE,SUCCESS,INFO,757,757,0,,2026-08-30T19:04:27.050Z,2026-08-30T21:04:59.710Z,7232,2026-08-30T21:04:59.710Z,B42B,Franklin,ba679216-ee2b-4344-afb9-134290faf502,SAMMS-FranklinV5
202608302104537165,202608301904171386,202608301904170791,85,2461,Bronze INV,br_LabResultDetail,TASK_COMPLETE,SUCCESS,INFO,1484,1484,0,,2026-08-30T19:04:27.050Z,2026-08-30T21:04:59.710Z,7232,2026-08-30T21:04:59.710Z,B42C,Glen Allen,ba679216-ee2b-4344-afb9-134290faf502,SAMMS-GlenAllenV5
202608302104537166,202608301904171387,202608301904170791,85,2462,Bronze INV,br_LabResultDetail,TASK_COMPLETE,SUCCESS,INFO,1332,1332,0,,2026-08-30T19:04:27.050Z,2026-08-30T21:04:59.710Z,7232,2026-08-30T21:04:59.710Z,B42D,Chesapeake South,ba679216-ee2b-4344-afb9-134290faf502,SAMMS-ChesapeakeSouthV5
202608302104537167,202608301904171388,202608301904170791,85,2463,Bronze INV,br_LabResultDetail,TASK_COMPLETE,SUCCESS,INFO,3349,3349,0,,2026-08-30T19:04:27.050Z,2026-08-30T21:04:59.710Z,7232,2026-08-30T21:04:59.710Z,B44,Albany,ba679216-ee2b-4344-afb9-134290faf502,SAMMS-AlbanyV5
202608302104537168,202608301904171389,202608301904170791,85,2464,Bronze INV,br_LabResultDetail,TASK_COMPLETE,SUCCESS,INFO,4783,4783,0,,2026-08-30T19:04:27.050Z,2026-08-30T21:04:59.710Z,7232,2026-08-30T21:04:59.710Z,B45,Tifton,ba679216-ee2b-4344-afb9-134290faf502,SAMMS-TiftonV5
202608302104537169,202608301904171390,202608301904170791,85,2465,Bronze INV,br_LabResultDetail,TASK_COMPLETE,SUCCESS,INFO,681,681,0,,2026-08-30T19:04:27.050Z,2026-08-30T21:04:59.710Z,7232,2026-08-30T21:04:59.710Z,B46,Washington DC,ba679216-ee2b-4344-afb9-134290faf502,SAMMS-WashingtonDCv5
202608302104537171,202608301904171391,202608301904170791,85,2466,Bronze INV,br_LabResultDetail,TASK_COMPLETE,SUCCESS,INFO,770,770,0,,2026-08-30T19:04:27.050Z,2026-08-30T21:04:59.710Z,7232,2026-08-30T21:04:59.710Z,B47,Mobile,ba679216-ee2b-4344-afb9-134290faf502,SAMMS-MobileV5
202608302104537172,202608301904171392,202608301904170791,85,2467,Bronze INV,br_LabResultDetail,TASK_COMPLETE,SUCCESS,INFO,3377,3377,0,,2026-08-30T19:04:27.050Z,2026-08-30T21:04:59.710Z,7232,2026-08-30T21:04:59.710Z,B48,Tuscaloosa,ba679216-ee2b-4344-afb9-134290faf502,SAMMS-TuscaloosaV5
202608302104537173,202608301904171393,202608301904170791,85,2476,Bronze INV,br_LabResultDetail,TASK_COMPLETE,SUCCESS,INFO,9,9,0,,2026-08-30T19:04:27.050Z,2026-08-30T21:04:59.710Z,7232,2026-08-30T21:04:59.710Z,B51,N. Little Rock (OTP),ba679216-ee2b-4344-afb9-134290faf502,SAMMS-NorthLittleRockV6
202608302104537174,202608301904171394,202608301904170791,85,2477,Bronze INV,br_LabResultDetail,TASK_COMPLETE,SUCCESS,INFO,260,260,0,,2026-08-30T19:04:27.050Z,2026-08-30T21:04:59.710Z,7232,2026-08-30T21:04:59.710Z,B52,Jackson GA,ba679216-ee2b-4344-afb9-134290faf502,SAMMS-JacksonGAV5
202608302104537175,202608301904171395,202608301904170791,85,2478,Bronze INV,br_LabResultDetail,TASK_COMPLETE,SUCCESS,INFO,2682,2682,0,,2026-08-30T19:04:27.050Z,2026-08-30T21:04:59.710Z,7232,2026-08-30T21:04:59.710Z,B54,Gadsden,ba679216-ee2b-4344-afb9-134290faf502,SAMMS-GadsdenV5
202608302104537176,202608301904171396,202608301904170791,85,2479,Bronze INV,br_LabResultDetail,TASK_COMPLETE,SUCCESS,INFO,683,683,0,,2026-08-30T19:04:27.050Z,2026-08-30T21:04:59.710Z,7232,2026-08-30T21:04:59.710Z,B55,Shoals,ba679216-ee2b-4344-afb9-134290faf502,SAMMS-ShoalsV5
202608302104537177,202608301904171397,202608301904170791,85,2480,Bronze INV,br_LabResultDetail,TASK_COMPLETE,SUCCESS,INFO,4,4,0,,2026-08-30T19:04:27.050Z,2026-08-30T21:04:59.710Z,7232,2026-08-30T21:04:59.710Z,B57,Pawtucket,ba679216-ee2b-4344-afb9-134290faf502,SAMMS-Pawtucket
202608302104537178,202608301904171398,202608301904170791,85,2481,Bronze INV,br_LabResultDetail,TASK_COMPLETE,SUCCESS,INFO,6,6,0,,2026-08-30T19:04:27.050Z,2026-08-30T21:04:59.710Z,7232,2026-08-30T21:04:59.710Z,B57A,Johnston,ba679216-ee2b-4344-afb9-134290faf502,SAMMS-Johnston
202608302104537180,202608301904171399,202608301904170791,85,2482,Bronze INV,br_LabResultDetail,TASK_COMPLETE,SUCCESS,INFO,9,9,0,,2026-08-30T19:04:27.050Z,2026-08-30T21:04:59.710Z,7232,2026-08-30T21:04:59.710Z,B57B,Middletown,ba679216-ee2b-4344-afb9-134290faf502,SAMMS-Middletown
202608302104537181,202608301904171400,202608301904170791,85,2483,Bronze INV,br_LabResultDetail,TASK_COMPLETE,SUCCESS,INFO,3,3,0,,2026-08-30T19:04:27.050Z,2026-08-30T21:04:59.710Z,7232,2026-08-30T21:04:59.710Z,B57C,Providence,ba679216-ee2b-4344-afb9-134290faf502,SAMMS-Providence
202608302104537182,202608301904171401,202608301904170791,85,2484,Bronze INV,br_LabResultDetail,TASK_COMPLETE,SUCCESS,INFO,3,3,0,,2026-08-30T19:04:27.050Z,2026-08-30T21:04:59.710Z,7232,2026-08-30T21:04:59.710Z,B57D,Westerly,ba679216-ee2b-4344-afb9-134290faf502,SAMMS-Westerly
202608302104537183,202608301904171402,202608301904170791,85,2488,Bronze INV,br_LabResultDetail,TASK_COMPLETE,SUCCESS,INFO,4,4,0,,2026-08-30T19:04:27.050Z,2026-08-30T21:04:59.710Z,7232,2026-08-30T21:04:59.710Z,B66A,Bremen,ba679216-ee2b-4344-afb9-134290faf502,SAMMS-Bremen
202608302104537184,202608301904171403,202608301904170791,85,2491,Bronze INV,br_LabResultDetail,TASK_COMPLETE,SUCCESS,INFO,6,6,0,,2026-08-30T19:04:27.050Z,2026-08-30T21:04:59.710Z,7232,2026-08-30T21:04:59.710Z,B72,Mobile (OBOT),ba679216-ee2b-4344-afb9-134290faf502,SAMMS-Mobile-OBOT
202608302104537186,202608301904171404,202608301904170791,85,2492,Bronze INV,br_LabResultDetail,TASK_COMPLETE,SUCCESS,INFO,2,2,0,,2026-08-30T19:04:27.050Z,2026-08-30T21:04:59.710Z,7232,2026-08-30T21:04:59.710Z,B73,Montgomery,ba679216-ee2b-4344-afb9-134290faf502,SAMMS-Montgomery
202608302104537187,202608301904171405,202608301904170791,85,2493,Bronze INV,br_LabResultDetail,TASK_COMPLETE,SUCCESS,INFO,511,511,0,,2026-08-30T19:04:27.050Z,2026-08-30T21:04:59.710Z,7232,2026-08-30T21:04:59.710Z,B75,Lawrence,ba679216-ee2b-4344-afb9-134290faf502,SAMMS-LawrenceV6
202608302104537188,202608301904171406,202608301904170791,85,2494,Bronze INV,br_LabResultDetail,TASK_COMPLETE,SUCCESS,INFO,1,1,0,,2026-08-30T19:04:27.050Z,2026-08-30T21:04:59.710Z,7232,2026-08-30T21:04:59.710Z,B76,Huntsville OBOT,ba679216-ee2b-4344-afb9-134290faf502,SAMMS-Huntsville-OBOT
202608302104537189,202608301904171407,202608301904170791,85,2495,Bronze INV,br_LabResultDetail,TASK_COMPLETE,SUCCESS,INFO,8,8,0,,2026-08-30T19:04:27.050Z,2026-08-30T21:04:59.710Z,7232,2026-08-30T21:04:59.710Z,BAT,Batesville,ba679216-ee2b-4344-afb9-134290faf502,SAMMS-Batesville
202608302104537190,202608301904171408,202608301904170791,85,2496,Bronze INV,br_LabResultDetail,TASK_COMPLETE,SUCCESS,INFO,2977,2977,0,,2026-08-30T19:04:27.050Z,2026-08-30T21:04:59.710Z,7232,2026-08-30T21:04:59.710Z,BG,Bowling Green,ba679216-ee2b-4344-afb9-134290faf502,SAMMS-BowlingGreen
202608302104537191,202608301904171409,202608301904170791,85,2497,Bronze INV,br_LabResultDetail,TASK_COMPLETE,SUCCESS,INFO,191,191,0,,2026-08-30T19:04:27.050Z,2026-08-30T21:04:59.710Z,7232,2026-08-30T21:04:59.710Z,BOI,Boise,ba679216-ee2b-4344-afb9-134290faf502,SAMMS-Boise
202608302104537193,202608301904171410,202608301904170791,85,2504,Bronze INV,br_LabResultDetail,TASK_COMPLETE,SUCCESS,INFO,239,239,0,,2026-08-30T19:04:27.050Z,2026-08-30T21:04:59.710Z,7232,2026-08-30T21:04:59.710Z,CBCO,Coeur dAlene,ba679216-ee2b-4344-afb9-134290faf502,SAMMS-CoeurdAleneV6
202608302104537194,202608301904171411,202608301904170791,85,2523,Bronze INV,br_LabResultDetail,TASK_COMPLETE,SUCCESS,INFO,2,2,0,,2026-08-30T19:04:27.050Z,2026-08-30T21:04:59.710Z,7232,2026-08-30T21:04:59.710Z,CON,Conway,ba679216-ee2b-4344-afb9-134290faf502,SAMMS-Conway
202608302104537195,202608301904171412,202608301904170791,85,2524,Bronze INV,br_LabResultDetail,TASK_COMPLETE,SUCCESS,INFO,15,15,0,,2026-08-30T19:04:27.050Z,2026-08-30T21:04:59.710Z,7232,2026-08-30T21:04:59.710Z,D07,Medical Services Knox TN,ba679216-ee2b-4344-afb9-134290faf502,SAMMS-KnoxvilleV6
202608302104537196,202608301904171413,202608301904170791,85,2525,Bronze INV,br_LabResultDetail,TASK_COMPLETE,SUCCESS,INFO,1002,1002,0,,2026-08-30T19:04:27.050Z,2026-08-30T21:04:59.710Z,7232,2026-08-30T21:04:59.710Z,D08,Madison,ba679216-ee2b-4344-afb9-134290faf502,SAMMS-MadisonV6
202608302104537197,202608301904171414,202608301904170791,85,2527,Bronze INV,br_LabResultDetail,TASK_COMPLETE,SUCCESS,INFO,717,717,0,,2026-08-30T19:04:27.050Z,2026-08-30T21:04:59.710Z,7232,2026-08-30T21:04:59.710Z,D09,Murfreesboro,ba679216-ee2b-4344-afb9-134290faf502,SAMMS-MurfreesboroV6
202608302104537198,202608301904171415,202608301904170791,85,2528,Bronze INV,br_LabResultDetail,TASK_COMPLETE,SUCCESS,INFO,7,7,0,,2026-08-30T19:04:27.050Z,2026-08-30T21:04:59.710Z,7232,2026-08-30T21:04:59.710Z,DA,Davenport,ba679216-ee2b-4344-afb9-134290faf502,SAMMS-Davenport
202608302104537199,202608301904171416,202608301904170791,85,2529,Bronze INV,br_LabResultDetail,TASK_COMPLETE,SUCCESS,INFO,2759,2759,0,,2026-08-30T19:04:27.050Z,2026-08-30T21:04:59.710Z,7232,2026-08-30T21:04:59.710Z,DM,Des Moines,ba679216-ee2b-4344-afb9-134290faf502,SAMMS-DesMoines
202608302104537200,202608301904171417,202608301904170791,85,2531,Bronze INV,br_LabResultDetail,TASK_COMPLETE,SUCCESS,INFO,3523,3523,0,,2026-08-30T19:04:27.050Z,2026-08-30T21:04:59.710Z,7232,2026-08-30T21:04:59.710Z,DRD-CO,Columbia MO,ba679216-ee2b-4344-afb9-134290faf502,SAMMS-ColumbiaV5
202608302104537202,202608301904171418,202608301904170791,85,2532,Bronze INV,br_LabResultDetail,TASK_COMPLETE,SUCCESS,INFO,3426,3426,0,,2026-08-30T19:04:27.050Z,2026-08-30T21:04:59.710Z,7232,2026-08-30T21:04:59.710Z,DRD-KC,KC,ba679216-ee2b-4344-afb9-134290faf502,SAMMS-KCv5
202608302104537203,202608301904171419,202608301904170791,85,2533,Bronze INV,br_LabResultDetail,TASK_COMPLETE,SUCCESS,INFO,19620,19620,0,,2026-08-30T19:04:27.050Z,2026-08-30T21:04:59.710Z,7232,2026-08-30T21:04:59.710Z,DRD-KVB,KVB,ba679216-ee2b-4344-afb9-134290faf502,SAMMS-KVBv5
202608302104537204,202608301904171420,202608301904170791,85,2534,Bronze INV,br_LabResultDetail,TASK_COMPLETE,SUCCESS,INFO,23750,23750,0,,2026-08-30T19:04:27.050Z,2026-08-30T21:04:59.710Z,7232,2026-08-30T21:04:59.710Z,DRD-KVC,KVC,ba679216-ee2b-4344-afb9-134290faf502,SAMMS-KVCv5
202608302104537205,202608301904171421,202608301904170791,85,2535,Bronze INV,br_LabResultDetail,TASK_COMPLETE,SUCCESS,INFO,6438,6438,0,,2026-08-30T19:04:27.050Z,2026-08-30T21:04:59.710Z,7232,2026-08-30T21:04:59.710Z,DRD-NOLA,NOLA,ba679216-ee2b-4344-afb9-134290faf502,SAMMS-NOLAv5
202608302104537206,202608301904171422,202608301904170791,85,2536,Bronze INV,br_LabResultDetail,TASK_COMPLETE,SUCCESS,INFO,5728,5728,0,,2026-08-30T19:04:27.050Z,2026-08-30T21:04:59.710Z,7232,2026-08-30T21:04:59.710Z,DRD-SF,Springfield,ba679216-ee2b-4344-afb9-134290faf502,SAMMS-SFv5
202608302104537207,202608301904171423,202608301904170791,85,2538,Bronze INV,br_LabResultDetail,TASK_COMPLETE,SUCCESS,INFO,16776,16776,0,,2026-08-30T19:04:27.050Z,2026-08-30T21:04:59.710Z,7232,2026-08-30T21:04:59.710Z,ELC,Elizabeth City,ba679216-ee2b-4344-afb9-134290faf502,SAMMS-ElizabethCity
202608302104537208,202608301904171424,202608301904170791,85,2539,Bronze INV,br_LabResultDetail,TASK_COMPLETE,SUCCESS,INFO,3113,3113,0,,2026-08-30T19:04:27.050Z,2026-08-30T21:04:59.710Z,7232,2026-08-30T21:04:59.710Z,ET,Elizabethtown,ba679216-ee2b-4344-afb9-134290faf502,SAMMS-Elizabethtown
202608302104537210,202608301904171425,202608301904170791,85,2540,Bronze INV,br_LabResultDetail,TASK_COMPLETE,SUCCESS,INFO,2,2,0,,2026-08-30T19:04:27.050Z,2026-08-30T21:04:59.710Z,7232,2026-08-30T21:04:59.710Z,FAY,Fayetteville,ba679216-ee2b-4344-afb9-134290faf502,SAMMS-Fayetteville
202608302104537211,202608301904171426,202608301904170791,85,2541,Bronze INV,br_LabResultDetail,TASK_COMPLETE,SUCCESS,INFO,14063,14063,0,,2026-08-30T19:04:27.050Z,2026-08-30T21:04:59.710Z,7232,2026-08-30T21:04:59.710Z,FR,Frankfort,ba679216-ee2b-4344-afb9-134290faf502,SAMMS-Frankfort
202608302104537212,202608301904171427,202608301904170791,85,2542,Bronze INV,br_LabResultDetail,TASK_COMPLETE,SUCCESS,INFO,3,3,0,,2026-08-30T19:04:27.050Z,2026-08-30T21:04:59.710Z,7232,2026-08-30T21:04:59.710Z,FS,Fort Smith,ba679216-ee2b-4344-afb9-134290faf502,SAMMS-FortSmith
202608302104537213,202608301904171428,202608301904170791,85,2543,Bronze INV,br_LabResultDetail,TASK_COMPLETE,SUCCESS,INFO,9182,9182,0,,2026-08-30T19:04:27.050Z,2026-08-30T21:04:59.710Z,7232,2026-08-30T21:04:59.710Z,FW,Fort Wayne,ba679216-ee2b-4344-afb9-134290faf502,SAMMS-FortWayne
202608302104537214,202608301904171429,202608301904170791,85,2544,Bronze INV,br_LabResultDetail,TASK_COMPLETE,SUCCESS,INFO,4,4,0,,2026-08-30T19:04:27.050Z,2026-08-30T21:04:59.710Z,7232,2026-08-30T21:04:59.710Z,GAL,Gaylord,ba679216-ee2b-4344-afb9-134290faf502,SAMMS-Gaylord
202608302104537215,202608301904171430,202608301904170791,85,2548,Bronze INV,br_LabResultDetail,TASK_COMPLETE,SUCCESS,INFO,4781,4781,0,,2026-08-30T19:04:27.050Z,2026-08-30T21:04:59.710Z,7232,2026-08-30T21:04:59.710Z,HGT,Hagerstown,ba679216-ee2b-4344-afb9-134290faf502,SAMMS-Hagerstown
202608302104537216,202608301904171431,202608301904170791,85,2549,Bronze INV,br_LabResultDetail,TASK_COMPLETE,SUCCESS,INFO,647,647,0,,2026-08-30T19:04:27.050Z,2026-08-30T21:04:59.710Z,7232,2026-08-30T21:04:59.710Z,HNT,Huntsville,ba679216-ee2b-4344-afb9-134290faf502,SAMMS-Huntsville
202608302104537217,202608301904171432,202608301904170791,85,2550,Bronze INV,br_LabResultDetail,TASK_COMPLETE,SUCCESS,INFO,2,2,0,,2026-08-30T19:04:27.050Z,2026-08-30T21:04:59.710Z,7232,2026-08-30T21:04:59.710Z,HS,Hot Springs,ba679216-ee2b-4344-afb9-134290faf502,SAMMS-HotSprings
202608302104537219,202608301904171433,202608301904170791,85,2551,Bronze INV,br_LabResultDetail,TASK_COMPLETE,SUCCESS,INFO,4,4,0,,2026-08-30T19:04:27.050Z,2026-08-30T21:04:59.710Z,7232,2026-08-30T21:04:59.710Z,JON,Jonesboro,ba679216-ee2b-4344-afb9-134290faf502,SAMMS-Jonesboro
202608302104537220,202608301904171434,202608301904170791,85,2553,Bronze INV,br_LabResultDetail,TASK_COMPLETE,SUCCESS,INFO,4,4,0,,2026-08-30T19:04:27.050Z,2026-08-30T21:04:59.710Z,7232,2026-08-30T21:04:59.710Z,LAN,Lansing,ba679216-ee2b-4344-afb9-134290faf502,SAMMS-Lansing
202608302104537221,202608301904171435,202608301904170791,85,2554,Bronze INV,br_LabResultDetail,TASK_COMPLETE,SUCCESS,INFO,88941,88941,0,,2026-08-30T19:04:27.050Z,2026-08-30T21:04:59.710Z,7232,2026-08-30T21:04:59.710Z,LO,Louisville,ba679216-ee2b-4344-afb9-134290faf502,SAMMS-Louisville
202608302104537222,202608301904171436,202608301904170791,85,2555,Bronze INV,br_LabResultDetail,TASK_COMPLETE,SUCCESS,INFO,6536,6536,0,,2026-08-30T19:04:27.050Z,2026-08-30T21:04:59.710Z,7232,2026-08-30T21:04:59.710Z,LV1,Cheyenne,ba679216-ee2b-4344-afb9-134290faf502,SAMMS-Cheyenne
202608302104537223,202608301904171437,202608301904170791,85,2556,Bronze INV,br_LabResultDetail,TASK_COMPLETE,SUCCESS,INFO,9491,9491,0,,2026-08-30T19:04:27.050Z,2026-08-30T21:04:59.710Z,7232,2026-08-30T21:04:59.710Z,LV2,Desert Inn,ba679216-ee2b-4344-afb9-134290faf502,SAMMS-DesertInn
202608302104537224,202608301904171438,202608301904170791,85,2557,Bronze INV,br_LabResultDetail,TASK_COMPLETE,SUCCESS,INFO,1882,1882,0,,2026-08-30T19:04:27.050Z,2026-08-30T21:04:59.710Z,7232,2026-08-30T21:04:59.710Z,LV3,McDaniel,ba679216-ee2b-4344-afb9-134290faf502,SAMMS-McDaniel
202608302104537225,202608301904171439,202608301904170791,85,2560,Bronze INV,br_LabResultDetail,TASK_COMPLETE,SUCCESS,INFO,3,3,0,,2026-08-30T19:04:27.050Z,2026-08-30T21:04:59.710Z,7232,2026-08-30T21:04:59.710Z,MNRE,Monroe,ba679216-ee2b-4344-afb9-134290faf502,SAMMS-Monroe
202608302104537227,202608301904171440,202608301904170791,85,2561,Bronze INV,br_LabResultDetail,TASK_COMPLETE,SUCCESS,INFO,2,2,0,,2026-08-30T19:04:27.050Z,2026-08-30T21:04:59.710Z,7232,2026-08-30T21:04:59.710Z,MP,Mt. Pleasant,ba679216-ee2b-4344-afb9-134290faf502,SAMMS-MtPleasant
202608302104537228,202608301904171441,202608301904170791,85,2562,Bronze INV,br_LabResultDetail,TASK_COMPLETE,SUCCESS,INFO,260,260,0,,2026-08-30T19:04:27.050Z,2026-08-30T21:04:59.710Z,7232,2026-08-30T21:04:59.710Z,MRD,Meridian,ba679216-ee2b-4344-afb9-134290faf502,SAMMS-Meridian
202608302104537229,202608301904171442,202608301904170791,85,2567,Bronze INV,br_LabResultDetail,TASK_COMPLETE,SUCCESS,INFO,15250,15250,0,,2026-08-30T19:04:27.050Z,2026-08-30T21:04:59.710Z,7232,2026-08-30T21:04:59.710Z,NC,North Charleston,ba679216-ee2b-4344-afb9-134290faf502,SAMMS-NorthCharleston
202608302104537230,202608301904171443,202608301904170791,85,2568,Bronze INV,br_LabResultDetail,TASK_COMPLETE,SUCCESS,INFO,3,3,0,,2026-08-30T19:04:27.050Z,2026-08-30T21:04:59.710Z,7232,2026-08-30T21:04:59.710Z,NLR,N. Little Rock,ba679216-ee2b-4344-afb9-134290faf502,SAMMS-NLROBOT
202608302104537231,202608301904171444,202608301904170791,85,2569,Bronze INV,br_LabResultDetail,TASK_COMPLETE,SUCCESS,INFO,4833,4833,0,,2026-08-30T19:04:27.050Z,2026-08-30T21:04:59.710Z,7232,2026-08-30T21:04:59.710Z,PH,Phoenix,ba679216-ee2b-4344-afb9-134290faf502,SAMMS-Phoenix
202608302104537232,202608301904171445,202608301904170791,85,2573,Bronze INV,br_LabResultDetail,TASK_COMPLETE,SUCCESS,INFO,62967,62967,0,,2026-08-30T19:04:27.050Z,2026-08-30T21:04:59.710Z,7232,2026-08-30T21:04:59.710Z,RE,Reno,ba679216-ee2b-4344-afb9-134290faf502,SAMMS-Reno
202608302104537233,202608301904171446,202608301904170791,85,2574,Bronze INV,br_LabResultDetail,TASK_COMPLETE,SUCCESS,INFO,2436,2436,0,,2026-08-30T19:04:27.050Z,2026-08-30T21:04:59.710Z,7232,2026-08-30T21:04:59.710Z,RMD,Richmond,ba679216-ee2b-4344-afb9-134290faf502,SAMMS-Richmond
202608302104537234,202608301904171447,202608301904170791,85,2575,Bronze INV,br_LabResultDetail,TASK_COMPLETE,SUCCESS,INFO,3712,3712,0,,2026-08-30T19:04:27.050Z,2026-08-30T21:04:59.710Z,7232,2026-08-30T21:04:59.710Z,SFN,Springfield North,ba679216-ee2b-4344-afb9-134290faf502,SAMMS-SFNv5
202608302104537236,202608301904171448,202608301904170791,85,2576,Bronze INV,br_LabResultDetail,TASK_COMPLETE,SUCCESS,INFO,331,331,0,,2026-08-30T19:04:27.050Z,2026-08-30T21:04:59.710Z,7232,2026-08-30T21:04:59.710Z,SHP,Shreveport,ba679216-ee2b-4344-afb9-134290faf502,SAMMS-Shreveport
202608302104537237,202608301904171449,202608301904170791,85,2578,Bronze INV,br_LabResultDetail,TASK_COMPLETE,SUCCESS,INFO,6,6,0,,2026-08-30T19:04:27.050Z,2026-08-30T21:04:59.710Z,7232,2026-08-30T21:04:59.710Z,STN,Staunton,ba679216-ee2b-4344-afb9-134290faf502,SAMMS-Staunton
202608302104537238,202608301904171450,202608301904170791,85,2579,Bronze INV,br_LabResultDetail,TASK_COMPLETE,SUCCESS,INFO,462,462,0,,2026-08-30T19:04:27.050Z,2026-08-30T21:04:59.710Z,7232,2026-08-30T21:04:59.710Z,STVN,Stevenson,ba679216-ee2b-4344-afb9-134290faf502,SAMMS-Stevenson
202608302104537239,202608301904171451,202608301904170791,85,2581,Bronze INV,br_LabResultDetail,TASK_COMPLETE,SUCCESS,INFO,18155,18155,0,,2026-08-30T19:04:27.050Z,2026-08-30T21:04:59.710Z,7232,2026-08-30T21:04:59.710Z,TE,Tempe,ba679216-ee2b-4344-afb9-134290faf502,SAMMS-Tempe
202608302104537240,202608301904171452,202608301904170791,85,2582,Bronze INV,br_LabResultDetail,TASK_COMPLETE,SUCCESS,INFO,4,4,0,,2026-08-30T19:04:27.050Z,2026-08-30T21:04:59.710Z,7232,2026-08-30T21:04:59.710Z,TEX,Texarkana,ba679216-ee2b-4344-afb9-134290faf502,SAMMS-Texarkana
202608302104537241,202608301904171453,202608301904170791,85,2583,Bronze INV,br_LabResultDetail,TASK_COMPLETE,SUCCESS,INFO,1721,1721,0,,2026-08-30T19:04:27.050Z,2026-08-30T21:04:59.710Z,7232,2026-08-30T21:04:59.710Z,TTCA,Bessemer,ba679216-ee2b-4344-afb9-134290faf502,SAMMS-BessemerV5
202608302104537242,202608301904171454,202608301904170791,85,2584,Bronze INV,br_LabResultDetail,TASK_COMPLETE,SUCCESS,INFO,2149,2149,0,,2026-08-30T19:04:27.050Z,2026-08-30T21:04:59.710Z,7232,2026-08-30T21:04:59.710Z,TTCB,Cullman,ba679216-ee2b-4344-afb9-134290faf502,SAMMS-CullmanV5
202608302104537244,202608301904171455,202608301904170791,85,2585,Bronze INV,br_LabResultDetail,TASK_COMPLETE,SUCCESS,INFO,4,4,0,,2026-08-30T19:04:27.050Z,2026-08-30T21:04:59.710Z,7232,2026-08-30T21:04:59.710Z,TTCC,Grand Bay,ba679216-ee2b-4344-afb9-134290faf502,SAMMS-GrandBay
202608302104537245,202608301904171456,202608301904170791,85,2586,Bronze INV,br_LabResultDetail,TASK_COMPLETE,SUCCESS,INFO,1162,1162,0,,2026-08-30T19:04:27.050Z,2026-08-30T21:04:59.710Z,7232,2026-08-30T21:04:59.710Z,TU,Tucson,ba679216-ee2b-4344-afb9-134290faf502,SAMMS-Tucson
202608302104537246,202608301904171457,202608301904170791,85,2588,Bronze INV,br_LabResultDetail,TASK_COMPLETE,SUCCESS,INFO,5376,5376,0,,2026-08-30T19:04:27.050Z,2026-08-30T21:04:59.710Z,7232,2026-08-30T21:04:59.710Z,V1,Memphis South,ba679216-ee2b-4344-afb9-134290faf502,SAMMS-VCPHCS-I-MemphisV5
202608302104537247,202608301904171458,202608301904170791,85,2589,Bronze INV,br_LabResultDetail,TASK_COMPLETE,SUCCESS,INFO,6279,6279,0,,2026-08-30T19:04:27.050Z,2026-08-30T21:04:59.710Z,7232,2026-08-30T21:04:59.710Z,V10,Longmont,ba679216-ee2b-4344-afb9-134290faf502,SAMMS-BoulderV5
202608302104537248,202608301904171459,202608301904170791,85,2590,Bronze INV,br_LabResultDetail,TASK_COMPLETE,SUCCESS,INFO,3579,3579,0,,2026-08-30T19:04:27.050Z,2026-08-30T21:04:59.710Z,7232,2026-08-30T21:04:59.710Z,V10A,Fort Collins,ba679216-ee2b-4344-afb9-134290faf502,SAMMS-FortCollinsV5
202608302104537249,202608301904171460,202608301904170791,85,2591,Bronze INV,br_LabResultDetail,TASK_COMPLETE,SUCCESS,INFO,7582,7582,0,,2026-08-30T19:04:27.050Z,2026-08-30T21:04:59.710Z,7232,2026-08-30T21:04:59.710Z,V11,Westminster,ba679216-ee2b-4344-afb9-134290faf502,SAMMS-VCPHCS-XI-NorthDenverV5
202608302104537250,202608301904171461,202608301904170791,85,2592,Bronze INV,br_LabResultDetail,TASK_COMPLETE,SUCCESS,INFO,10351,10351,0,,2026-08-30T19:04:27.050Z,2026-08-30T21:04:59.710Z,7232,2026-08-30T21:04:59.710Z,V12,Downtown Denver,ba679216-ee2b-4344-afb9-134290faf502,SAMMS-VCPHCS-XII-DowntownDenverV5
202608302104537251,202608301904171462,202608301904170791,85,2593,Bronze INV,br_LabResultDetail,TASK_COMPLETE,SUCCESS,INFO,4844,4844,0,,2026-08-30T19:04:27.050Z,2026-08-30T21:04:59.710Z,7232,2026-08-30T21:04:59.710Z,V12A,Centennial,ba679216-ee2b-4344-afb9-134290faf502,SAMMS-CentennialV5
202608302104537253,202608301904171463,202608301904170791,85,2594,Bronze INV,br_LabResultDetail,TASK_COMPLETE,SUCCESS,INFO,3388,3388,0,,2026-08-30T19:04:27.050Z,2026-08-30T21:04:59.710Z,7232,2026-08-30T21:04:59.710Z,V14,Overland Park,ba679216-ee2b-4344-afb9-134290faf502,SAMMS-VCPHCS-XIV-BridgewayV5
202608302104537254,202608301904171464,202608301904170791,85,2595,Bronze INV,br_LabResultDetail,TASK_COMPLETE,SUCCESS,INFO,2918,2918,0,,2026-08-30T19:04:27.050Z,2026-08-30T21:04:59.710Z,7232,2026-08-30T21:04:59.710Z,V15,Joplin,ba679216-ee2b-4344-afb9-134290faf502,SAMMS-JoplinV5
202608302104537255,202608301904171465,202608301904170791,85,2597,Bronze INV,br_LabResultDetail,TASK_COMPLETE,SUCCESS,INFO,1339,1339,0,,2026-08-30T19:04:27.050Z,2026-08-30T21:04:59.710Z,7232,2026-08-30T21:04:59.710Z,V17,Columbia TN,ba679216-ee2b-4344-afb9-134290faf502,SAMMS-ColumbiaTNv5
202608302104537256,202608301904171466,202608301904170791,85,2599,Bronze INV,br_LabResultDetail,TASK_COMPLETE,SUCCESS,INFO,5131,5131,0,,2026-08-30T19:04:27.050Z,2026-08-30T21:04:59.710Z,7232,2026-08-30T21:04:59.710Z,V19,Jackson,ba679216-ee2b-4344-afb9-134290faf502,SAMMS-JacksonV5
202608302104537257,202608301904171467,202608301904170791,85,2601,Bronze INV,br_LabResultDetail,TASK_COMPLETE,SUCCESS,INFO,7052,7052,0,,2026-08-30T19:04:27.050Z,2026-08-30T21:04:59.710Z,7232,2026-08-30T21:04:59.710Z,V20,Paris,ba679216-ee2b-4344-afb9-134290faf502,SAMMS-ParisV5
202608302104537258,202608301904171468,202608301904170791,85,2602,Bronze INV,br_LabResultDetail,TASK_COMPLETE,SUCCESS,INFO,6080,6080,0,,2026-08-30T19:04:27.050Z,2026-08-30T21:04:59.710Z,7232,2026-08-30T21:04:59.710Z,V21,Memphis North,ba679216-ee2b-4344-afb9-134290faf502,SAMMS-RaleighV5
202608302104537259,202608301904171469,202608301904170791,85,2605,Bronze INV,br_LabResultDetail,TASK_COMPLETE,SUCCESS,INFO,7046,7046,0,,2026-08-30T19:04:27.050Z,2026-08-30T21:04:59.710Z,7232,2026-08-30T21:04:59.710Z,V5,West Bank,ba679216-ee2b-4344-afb9-134290faf502,SAMMS-NONTCv5
202608302104537261,202608301904171470,202608301904170791,85,2607,Bronze INV,br_LabResultDetail,TASK_COMPLETE,SUCCESS,INFO,533,533,0,,2026-08-30T19:04:27.050Z,2026-08-30T21:04:59.710Z,7232,2026-08-30T21:04:59.710Z,V5B,Houma,ba679216-ee2b-4344-afb9-134290faf502,SAMMS-HoumaV6
202608302104537262,202608301904171471,202608301904170791,85,2608,Bronze INV,br_LabResultDetail,TASK_COMPLETE,SUCCESS,INFO,4811,4811,0,,2026-08-30T19:04:27.050Z,2026-08-30T21:04:59.710Z,7232,2026-08-30T21:04:59.710Z,V6,Lake Charles,ba679216-ee2b-4344-afb9-134290faf502,SAMMS-LCv5
202608302104537263,202608301904171472,202608301904170791,85,2610,Bronze INV,br_LabResultDetail,TASK_COMPLETE,SUCCESS,INFO,19820,19820,0,,2026-08-30T19:04:27.050Z,2026-08-30T21:04:59.710Z,7232,2026-08-30T21:04:59.710Z,V8,Memphis Midtown,ba679216-ee2b-4344-afb9-134290faf502,SAMMS-VCPHCS-VIII-MemphisV5
202608302104537264,202608301904171473,202608301904170791,85,2611,Bronze INV,br_LabResultDetail,TASK_COMPLETE,SUCCESS,INFO,17647,17647,0,,2026-08-30T19:04:27.050Z,2026-08-30T21:04:59.710Z,7232,2026-08-30T21:04:59.710Z,V9,Nashville,ba679216-ee2b-4344-afb9-134290faf502,SAMMS-NashvilleV5
202608302104537265,202608301904171474,202608301904170791,85,2612,Bronze INV,br_LabResultDetail,TASK_COMPLETE,SUCCESS,INFO,1095,1095,0,,2026-08-30T19:04:27.050Z,2026-08-30T21:04:59.710Z,7232,2026-08-30T21:04:59.710Z,VBRA,Brainerd,ba679216-ee2b-4344-afb9-134290faf502,SAMMS-BrainerdV6
202608302104537266,202608301904171475,202608301904170791,85,2613,Bronze INV,br_LabResultDetail,TASK_COMPLETE,SUCCESS,INFO,18,18,0,,2026-08-30T19:04:27.050Z,2026-08-30T21:04:59.710Z,7232,2026-08-30T21:04:59.710Z,VBRP,Brooklyn Park,ba679216-ee2b-4344-afb9-134290faf502,SAMMS-BrooklynParkV6
202608302104538588,202608301904172616,202608301904170791,85,3151,Bronze INV,br_ReAssessment,TASK_COMPLETE,SUCCESS,INFO,0,0,0,,2026-08-30T19:04:27.050Z,2026-08-30T21:04:59.710Z,7232,2026-08-30T21:04:59.710Z,V19,Jackson,ba679216-ee2b-4344-afb9-134290faf502,SAMMS-JacksonV5
202608302104538589,202608301904172617,202608301904170791,85,3153,Bronze INV,br_ReAssessment,TASK_COMPLETE,SUCCESS,INFO,0,0,0,,2026-08-30T19:04:27.050Z,2026-08-30T21:04:59.710Z,7232,2026-08-30T21:04:59.710Z,V20,Paris,ba679216-ee2b-4344-afb9-134290faf502,SAMMS-ParisV5
202608302104538590,202608301904172618,202608301904170791,85,3154,Bronze INV,br_ReAssessment,TASK_COMPLETE,SUCCESS,INFO,0,0,0,,2026-08-30T19:04:27.050Z,2026-08-30T21:04:59.710Z,7232,2026-08-30T21:04:59.710Z,V21,Memphis North,ba679216-ee2b-4344-afb9-134290faf502,SAMMS-RaleighV5
202608302104538592,202608301904172619,202608301904170791,85,3157,Bronze INV,br_ReAssessment,TASK_COMPLETE,SUCCESS,INFO,0,0,0,,2026-08-30T19:04:27.050Z,2026-08-30T21:04:59.710Z,7232,2026-08-30T21:04:59.710Z,V5,West Bank,ba679216-ee2b-4344-afb9-134290faf502,SAMMS-NONTCv5
202608302104538593,202608301904172620,202608301904170791,85,3159,Bronze INV,br_ReAssessment,TASK_COMPLETE,SUCCESS,INFO,0,0,0,,2026-08-30T19:04:27.050Z,2026-08-30T21:04:59.710Z,7232,2026-08-30T21:04:59.710Z,V5B,Houma,ba679216-ee2b-4344-afb9-134290faf502,SAMMS-HoumaV6
202608302104538594,202608301904172621,202608301904170791,85,3160,Bronze INV,br_ReAssessment,TASK_COMPLETE,SUCCESS,INFO,0,0,0,,2026-08-30T19:04:27.050Z,2026-08-30T21:04:59.710Z,7232,2026-08-30T21:04:59.710Z,V6,Lake Charles,ba679216-ee2b-4344-afb9-134290faf502,SAMMS-LCv5
202608302104538595,202608301904172622,202608301904170791,85,3162,Bronze INV,br_ReAssessment,TASK_COMPLETE,SUCCESS,INFO,0,0,0,,2026-08-30T19:04:27.050Z,2026-08-30T21:04:59.710Z,7232,2026-08-30T21:04:59.710Z,V8,Memphis Midtown,ba679216-ee2b-4344-afb9-134290faf502,SAMMS-VCPHCS-VIII-MemphisV5
202608302104538596,202608301904172623,202608301904170791,85,3163,Bronze INV,br_ReAssessment,TASK_COMPLETE,SUCCESS,INFO,0,0,0,,2026-08-30T19:04:27.050Z,2026-08-30T21:04:59.710Z,7232,2026-08-30T21:04:59.710Z,V9,Nashville,ba679216-ee2b-4344-afb9-134290faf502,SAMMS-NashvilleV5
202608302104538597,202608301904172624,202608301904170791,85,3164,Bronze INV,br_ReAssessment,TASK_COMPLETE,SUCCESS,INFO,0,0,0,,2026-08-30T19:04:27.050Z,2026-08-30T21:04:59.710Z,7232,2026-08-30T21:04:59.710Z,VBRA,Brainerd,ba679216-ee2b-4344-afb9-134290faf502,SAMMS-BrainerdV6
202608302104538598,202608301904172625,202608301904170791,85,3165,Bronze INV,br_ReAssessment,TASK_COMPLETE,SUCCESS,INFO,0,0,0,,2026-08-30T19:04:27.050Z,2026-08-30T21:04:59.710Z,7232,2026-08-30T21:04:59.710Z,VBRP,Brooklyn Park,ba679216-ee2b-4344-afb9-134290faf502,SAMMS-BrooklynParkV6
202608302104538599,202608301904172626,202608301904170791,85,3167,Bronze INV,br_ReAssessment,TASK_COMPLETE,SUCCESS,INFO,0,0,0,,2026-08-30T19:04:27.050Z,2026-08-30T21:04:59.710Z,7232,2026-08-30T21:04:59.710Z,VMIN,Minneapolis,ba679216-ee2b-4344-afb9-134290faf502,SAMMS-MinneapolisV6
202608302104538601,202608301904172627,202608301904170791,85,3168,Bronze INV,br_ReAssessment,TASK_COMPLETE,SUCCESS,INFO,0,0,0,,2026-08-30T19:04:27.050Z,2026-08-30T21:04:59.710Z,7232,2026-08-30T21:04:59.710Z,VWBY,Woodbury,ba679216-ee2b-4344-afb9-134290faf502,SAMMS-WoodburyV6
202608302104538602,202608301904172628,202608301904170791,85,3170,Bronze INV,br_ReAssessment,TASK_COMPLETE,SUCCESS,INFO,0,0,0,,2026-08-30T19:04:27.050Z,2026-08-30T21:04:59.710Z,7232,2026-08-30T21:04:59.710Z,WIL,Wilson,ba679216-ee2b-4344-afb9-134290faf502,SAMMS-Wilson
202608302104538603,202608301904172629,202608301904170791,85,3726,Bronze INV,br_ReAssessmentOccupational,TASK_COMPLETE,SUCCESS,INFO,35,35,0,,2026-08-30T19:04:27.050Z,2026-08-30T21:04:59.710Z,7232,2026-08-30T21:04:59.710Z,AHK,Ahoskie,ba679216-ee2b-4344-afb9-134290faf502,SAMMS-Ahoskie
202608302104538604,202608301904172630,202608301904170791,85,3727,Bronze INV,br_ReAssessmentOccupational,TASK_COMPLETE,SUCCESS,INFO,663,663,0,,2026-08-30T19:04:27.050Z,2026-08-30T21:04:59.710Z,7232,2026-08-30T21:04:59.710Z,B12B,Colorado Springs,ba679216-ee2b-4344-afb9-134290faf502,SAMMS-ColoradoSpringsV5
202608302104538605,202608301904172631,202608301904170791,85,3728,Bronze INV,br_ReAssessmentOccupational,TASK_COMPLETE,SUCCESS,INFO,829,829,0,,2026-08-30T19:04:27.050Z,2026-08-30T21:04:59.710Z,7232,2026-08-30T21:04:59.710Z,B24,Paintsville,ba679216-ee2b-4344-afb9-134290faf502,SAMMS-PaintsvilleV5
202608302104538606,202608301904172632,202608301904170791,85,3729,Bronze INV,br_ReAssessmentOccupational,TASK_COMPLETE,SUCCESS,INFO,646,646,0,,2026-08-30T19:04:27.050Z,2026-08-30T21:04:59.710Z,7232,2026-08-30T21:04:59.710Z,B25,Pikeville,ba679216-ee2b-4344-afb9-134290faf502,SAMMS-PikevilleV5
202608302104538607,202608301904172633,202608301904170791,85,3730,Bronze INV,br_ReAssessmentOccupational,TASK_COMPLETE,SUCCESS,INFO,970,970,0,,2026-08-30T19:04:27.050Z,2026-08-30T21:04:59.710Z,7232,2026-08-30T21:04:59.710Z,B26,Hazard,ba679216-ee2b-4344-afb9-134290faf502,SAMMS-HazardV5
202608302104538609,202608301904172634,202608301904170791,85,3731,Bronze INV,br_ReAssessmentOccupational,TASK_COMPLETE,SUCCESS,INFO,531,531,0,,2026-08-30T19:04:27.050Z,2026-08-30T21:04:59.710Z,7232,2026-08-30T21:04:59.710Z,B27,Savannah,ba679216-ee2b-4344-afb9-134290faf502,SAMMS-SavannahV6
202608302104538610,202608301904172635,202608301904170791,85,3732,Bronze INV,br_ReAssessmentOccupational,TASK_COMPLETE,SUCCESS,INFO,245,245,0,,2026-08-30T19:04:27.050Z,2026-08-30T21:04:59.710Z,7232,2026-08-30T21:04:59.710Z,B28,West Plains,ba679216-ee2b-4344-afb9-134290faf502,SAMMS-WestPlainesV5
202608302104538611,202608301904172636,202608301904170791,85,3733,Bronze INV,br_ReAssessmentOccupational,TASK_COMPLETE,SUCCESS,INFO,461,461,0,,2026-08-30T19:04:27.050Z,2026-08-30T21:04:59.710Z,7232,2026-08-30T21:04:59.710Z,B29,Poplar Bluff,ba679216-ee2b-4344-afb9-134290faf502,SAMMS-PoplarBluffV5
202608302104538612,202608301904172637,202608301904170791,85,3734,Bronze INV,br_ReAssessmentOccupational,TASK_COMPLETE,SUCCESS,INFO,78,78,0,,2026-08-30T19:04:27.050Z,2026-08-30T21:04:59.710Z,7232,2026-08-30T21:04:59.710Z,B30,KC North,ba679216-ee2b-4344-afb9-134290faf502,SAMMS-KCNv5
202608302104538613,202608301904172638,202608301904170791,85,3735,Bronze INV,br_ReAssessmentOccupational,TASK_COMPLETE,SUCCESS,INFO,400,400,0,,2026-08-30T19:04:27.050Z,2026-08-30T21:04:59.710Z,7232,2026-08-30T21:04:59.710Z,B31,Dyersburg,ba679216-ee2b-4344-afb9-134290faf502,SAMMS-DyersburgV5
202608302104538614,202608301904172639,202608301904170791,85,3737,Bronze INV,br_ReAssessmentOccupational,TASK_COMPLETE,SUCCESS,INFO,487,487,0,,2026-08-30T19:04:27.050Z,2026-08-30T21:04:59.710Z,7232,2026-08-30T21:04:59.710Z,B33,Paducah,ba679216-ee2b-4344-afb9-134290faf502,SAMMS-Paducah
202608302104538615,202608301904172640,202608301904170791,85,3738,Bronze INV,br_ReAssessmentOccupational,TASK_COMPLETE,SUCCESS,INFO,385,385,0,,2026-08-30T19:04:27.050Z,2026-08-30T21:04:59.710Z,7232,2026-08-30T21:04:59.710Z,B34,Corbin,ba679216-ee2b-4344-afb9-134290faf502,SAMMS-CorbinV5
202608302104538616,202608301904172641,202608301904170791,85,3739,Bronze INV,br_ReAssessmentOccupational,TASK_COMPLETE,SUCCESS,INFO,239,239,0,,2026-08-30T19:04:27.050Z,2026-08-30T21:04:59.710Z,7232,2026-08-30T21:04:59.710Z,B35,Lexington,ba679216-ee2b-4344-afb9-134290faf502,SAMMS-LexingtonV5
202608302104538618,202608301904172642,202608301904170791,85,3740,Bronze INV,br_ReAssessmentOccupational,TASK_COMPLETE,SUCCESS,INFO,77,77,0,,2026-08-30T19:04:27.050Z,2026-08-30T21:04:59.710Z,7232,2026-08-30T21:04:59.710Z,B35A,Berea,ba679216-ee2b-4344-afb9-134290faf502,SAMMS-BereaV5
202608302104538619,202608301904172643,202608301904170791,85,3741,Bronze INV,br_ReAssessmentOccupational,TASK_COMPLETE,SUCCESS,INFO,21,21,0,,2026-08-30T19:04:27.050Z,2026-08-30T21:04:59.710Z,7232,2026-08-30T21:04:59.710Z,B36,Asheville,ba679216-ee2b-4344-afb9-134290faf502,SAMMS-AshevilleV5
202608302104538620,202608301904172644,202608301904170791,85,3742,Bronze INV,br_ReAssessmentOccupational,TASK_COMPLETE,SUCCESS,INFO,1,1,0,,2026-08-30T19:04:27.050Z,2026-08-30T21:04:59.710Z,7232,2026-08-30T21:04:59.710Z,B37,Clyde,ba679216-ee2b-4344-afb9-134290faf502,SAMMS-ClydeV5
202608302104538621,202608301904172645,202608301904170791,85,3743,Bronze INV,br_ReAssessmentOccupational,TASK_COMPLETE,SUCCESS,INFO,1187,1187,0,,2026-08-30T19:04:27.050Z,2026-08-30T21:04:59.710Z,7232,2026-08-30T21:04:59.710Z,B38,Spartanburg,ba679216-ee2b-4344-afb9-134290faf502,SAMMS-SpartanburgV5
202608302104538622,202608301904172646,202608301904170791,85,3744,Bronze INV,br_ReAssessmentOccupational,TASK_COMPLETE,SUCCESS,INFO,362,362,0,,2026-08-30T19:04:27.050Z,2026-08-30T21:04:59.710Z,7232,2026-08-30T21:04:59.710Z,B39,Aiken,ba679216-ee2b-4344-afb9-134290faf502,SAMMS-AikenV5
202608302104538623,202608301904172647,202608301904170791,85,3745,Bronze INV,br_ReAssessmentOccupational,TASK_COMPLETE,SUCCESS,INFO,1887,1887,0,,2026-08-30T19:04:27.050Z,2026-08-30T21:04:59.710Z,7232,2026-08-30T21:04:59.710Z,B41,Chesapeake,ba679216-ee2b-4344-afb9-134290faf502,SAMMS-ChesapeakeV5
202608302104538624,202608301904172648,202608301904170791,85,3746,Bronze INV,br_ReAssessmentOccupational,TASK_COMPLETE,SUCCESS,INFO,1914,1914,0,,2026-08-30T19:04:27.050Z,2026-08-30T21:04:59.710Z,7232,2026-08-30T21:04:59.710Z,B42,Virginia Beach,ba679216-ee2b-4344-afb9-134290faf502,SAMMS-VirginiaBeachV5
202608302104538626,202608301904172649,202608301904170791,85,3747,Bronze INV,br_ReAssessmentOccupational,TASK_COMPLETE,SUCCESS,INFO,924,924,0,,2026-08-30T19:04:27.050Z,2026-08-30T21:04:59.710Z,7232,2026-08-30T21:04:59.710Z,B42A,Newport News,ba679216-ee2b-4344-afb9-134290faf502,SAMMS-NewportNewsV5
202608302104538627,202608301904172650,202608301904170791,85,3748,Bronze INV,br_ReAssessmentOccupational,TASK_COMPLETE,SUCCESS,INFO,507,507,0,,2026-08-30T19:04:27.050Z,2026-08-30T21:04:59.710Z,7232,2026-08-30T21:04:59.710Z,B42B,Franklin,ba679216-ee2b-4344-afb9-134290faf502,SAMMS-FranklinV5
202608302104538628,202608301904172651,202608301904170791,85,3749,Bronze INV,br_ReAssessmentOccupational,TASK_COMPLETE,SUCCESS,INFO,343,343,0,,2026-08-30T19:04:27.050Z,2026-08-30T21:04:59.710Z,7232,2026-08-30T21:04:59.710Z,B42C,Glen Allen,ba679216-ee2b-4344-afb9-134290faf502,SAMMS-GlenAllenV5
202608302104538629,202608301904172652,202608301904170791,85,3750,Bronze INV,br_ReAssessmentOccupational,TASK_COMPLETE,SUCCESS,INFO,1481,1481,0,,2026-08-30T19:04:27.050Z,2026-08-30T21:04:59.710Z,7232,2026-08-30T21:04:59.710Z,B42D,Chesapeake South,ba679216-ee2b-4344-afb9-134290faf502,SAMMS-ChesapeakeSouthV5
202608302104538630,202608301904172653,202608301904170791,85,3751,Bronze INV,br_ReAssessmentOccupational,TASK_COMPLETE,SUCCESS,INFO,631,631,0,,2026-08-30T19:04:27.050Z,2026-08-30T21:04:59.710Z,7232,2026-08-30T21:04:59.710Z,B44,Albany,ba679216-ee2b-4344-afb9-134290faf502,SAMMS-AlbanyV5
202608302104538631,202608301904172654,202608301904170791,85,3752,Bronze INV,br_ReAssessmentOccupational,TASK_COMPLETE,SUCCESS,INFO,1268,1268,0,,2026-08-30T19:04:27.050Z,2026-08-30T21:04:59.710Z,7232,2026-08-30T21:04:59.710Z,B45,Tifton,ba679216-ee2b-4344-afb9-134290faf502,SAMMS-TiftonV5
202608302104538633,202608301904172655,202608301904170791,85,3753,Bronze INV,br_ReAssessmentOccupational,TASK_COMPLETE,SUCCESS,INFO,590,590,0,,2026-08-30T19:04:27.050Z,2026-08-30T21:04:59.710Z,7232,2026-08-30T21:04:59.710Z,B46,Washington DC,ba679216-ee2b-4344-afb9-134290faf502,SAMMS-WashingtonDCv5
202608302104538634,202608301904172656,202608301904170791,85,3754,Bronze INV,br_ReAssessmentOccupational,TASK_COMPLETE,SUCCESS,INFO,1564,1564,0,,2026-08-30T19:04:27.050Z,2026-08-30T21:04:59.710Z,7232,2026-08-30T21:04:59.710Z,B47,Mobile,ba679216-ee2b-4344-afb9-134290faf502,SAMMS-MobileV5
202608302104538635,202608301904172657,202608301904170791,85,3755,Bronze INV,br_ReAssessmentOccupational,TASK_COMPLETE,SUCCESS,INFO,1296,1296,0,,2026-08-30T19:04:27.050Z,2026-08-30T21:04:59.710Z,7232,2026-08-30T21:04:59.710Z,B48,Tuscaloosa,ba679216-ee2b-4344-afb9-134290faf502,SAMMS-TuscaloosaV5
202608302104538636,202608301904172658,202608301904170791,85,3764,Bronze INV,br_ReAssessmentOccupational,TASK_COMPLETE,SUCCESS,INFO,2,2,0,,2026-08-30T19:04:27.050Z,2026-08-30T21:04:59.710Z,7232,2026-08-30T21:04:59.710Z,B51,N. Little Rock (OTP),ba679216-ee2b-4344-afb9-134290faf502,SAMMS-NorthLittleRockV6
202608302104538637,202608301904172659,202608301904170791,85,3765,Bronze INV,br_ReAssessmentOccupational,TASK_COMPLETE,SUCCESS,INFO,455,455,0,,2026-08-30T19:04:27.050Z,2026-08-30T21:04:59.710Z,7232,2026-08-30T21:04:59.710Z,B52,Jackson GA,ba679216-ee2b-4344-afb9-134290faf502,SAMMS-JacksonGAV5
202608302104538639,202608301904172660,202608301904170791,85,3766,Bronze INV,br_ReAssessmentOccupational,TASK_COMPLETE,SUCCESS,INFO,1701,1701,0,,2026-08-30T19:04:27.050Z,2026-08-30T21:04:59.710Z,7232,2026-08-30T21:04:59.710Z,B54,Gadsden,ba679216-ee2b-4344-afb9-134290faf502,SAMMS-GadsdenV5
202608302104538640,202608301904172661,202608301904170791,85,3767,Bronze INV,br_ReAssessmentOccupational,TASK_COMPLETE,SUCCESS,INFO,947,947,0,,2026-08-30T19:04:27.050Z,2026-08-30T21:04:59.710Z,7232,2026-08-30T21:04:59.710Z,B55,Shoals,ba679216-ee2b-4344-afb9-134290faf502,SAMMS-ShoalsV5
202608302104538641,202608301904172662,202608301904170791,85,3768,Bronze INV,br_ReAssessmentOccupational,TASK_COMPLETE,SUCCESS,INFO,294,294,0,,2026-08-30T19:04:27.050Z,2026-08-30T21:04:59.710Z,7232,2026-08-30T21:04:59.710Z,B57,Pawtucket,ba679216-ee2b-4344-afb9-134290faf502,SAMMS-Pawtucket
202608302104538642,202608301904172663,202608301904170791,85,3769,Bronze INV,br_ReAssessmentOccupational,TASK_COMPLETE,SUCCESS,INFO,555,555,0,,2026-08-30T19:04:27.050Z,2026-08-30T21:04:59.710Z,7232,2026-08-30T21:04:59.710Z,B57A,Johnston,ba679216-ee2b-4344-afb9-134290faf502,SAMMS-Johnston
202608302104538643,202608301904172664,202608301904170791,85,3770,Bronze INV,br_ReAssessmentOccupational,TASK_COMPLETE,SUCCESS,INFO,165,165,0,,2026-08-30T19:04:27.050Z,2026-08-30T21:04:59.710Z,7232,2026-08-30T21:04:59.710Z,B57B,Middletown,ba679216-ee2b-4344-afb9-134290faf502,SAMMS-Middletown
202608302104538644,202608301904172665,202608301904170791,85,3771,Bronze INV,br_ReAssessmentOccupational,TASK_COMPLETE,SUCCESS,INFO,412,412,0,,2026-08-30T19:04:27.050Z,2026-08-30T21:04:59.710Z,7232,2026-08-30T21:04:59.710Z,B57C,Providence,ba679216-ee2b-4344-afb9-134290faf502,SAMMS-Providence
202608302104538645,202608301904172666,202608301904170791,85,3772,Bronze INV,br_ReAssessmentOccupational,TASK_COMPLETE,SUCCESS,INFO,623,623,0,,2026-08-30T19:04:27.050Z,2026-08-30T21:04:59.710Z,7232,2026-08-30T21:04:59.710Z,B57D,Westerly,ba679216-ee2b-4344-afb9-134290faf502,SAMMS-Westerly
202608302104538647,202608301904172667,202608301904170791,85,3776,Bronze INV,br_ReAssessmentOccupational,TASK_COMPLETE,SUCCESS,INFO,4,4,0,,2026-08-30T19:04:27.050Z,2026-08-30T21:04:59.710Z,7232,2026-08-30T21:04:59.710Z,B66A,Bremen,ba679216-ee2b-4344-afb9-134290faf502,SAMMS-Bremen
202608302104538648,202608301904172668,202608301904170791,85,3779,Bronze INV,br_ReAssessmentOccupational,TASK_COMPLETE,SUCCESS,INFO,0,0,0,,2026-08-30T19:04:27.050Z,2026-08-30T21:04:59.710Z,7232,2026-08-30T21:04:59.710Z,B72,Mobile (OBOT),ba679216-ee2b-4344-afb9-134290faf502,SAMMS-Mobile-OBOT
202608302104538649,202608301904172669,202608301904170791,85,3780,Bronze INV,br_ReAssessmentOccupational,TASK_COMPLETE,SUCCESS,INFO,0,0,0,,2026-08-30T19:04:27.050Z,2026-08-30T21:04:59.710Z,7232,2026-08-30T21:04:59.710Z,B73,Montgomery,ba679216-ee2b-4344-afb9-134290faf502,SAMMS-Montgomery
202608302104538650,202608301904172670,202608301904170791,85,3781,Bronze INV,br_ReAssessmentOccupational,TASK_COMPLETE,SUCCESS,INFO,515,515,0,,2026-08-30T19:04:27.050Z,2026-08-30T21:04:59.710Z,7232,2026-08-30T21:04:59.710Z,B75,Lawrence,ba679216-ee2b-4344-afb9-134290faf502,SAMMS-LawrenceV6
202608302104538651,202608301904172671,202608301904170791,85,3782,Bronze INV,br_ReAssessmentOccupational,TASK_COMPLETE,SUCCESS,INFO,0,0,0,,2026-08-30T19:04:27.050Z,2026-08-30T21:04:59.710Z,7232,2026-08-30T21:04:59.710Z,B76,Huntsville OBOT,ba679216-ee2b-4344-afb9-134290faf502,SAMMS-Huntsville-OBOT
202608302104538652,202608301904172672,202608301904170791,85,3783,Bronze INV,br_ReAssessmentOccupational,TASK_COMPLETE,SUCCESS,INFO,0,0,0,,2026-08-30T19:04:27.050Z,2026-08-30T21:04:59.710Z,7232,2026-08-30T21:04:59.710Z,BAT,Batesville,ba679216-ee2b-4344-afb9-134290faf502,SAMMS-Batesville
202608302104538653,202608301904172673,202608301904170791,85,3784,Bronze INV,br_ReAssessmentOccupational,TASK_COMPLETE,SUCCESS,INFO,460,460,0,,2026-08-30T19:04:27.050Z,2026-08-30T21:04:59.710Z,7232,2026-08-30T21:04:59.710Z,BG,Bowling Green,ba679216-ee2b-4344-afb9-134290faf502,SAMMS-BowlingGreen
202608302104538654,202608301904172674,202608301904170791,85,3785,Bronze INV,br_ReAssessmentOccupational,TASK_COMPLETE,SUCCESS,INFO,180,180,0,,2026-08-30T19:04:27.050Z,2026-08-30T21:04:59.710Z,7232,2026-08-30T21:04:59.710Z,BOI,Boise,ba679216-ee2b-4344-afb9-134290faf502,SAMMS-Boise
202608302104538656,202608301904172675,202608301904170791,85,3792,Bronze INV,br_ReAssessmentOccupational,TASK_COMPLETE,SUCCESS,INFO,51,51,0,,2026-08-30T19:04:27.050Z,2026-08-30T21:04:59.710Z,7232,2026-08-30T21:04:59.710Z,CBCO,Coeur dAlene,ba679216-ee2b-4344-afb9-134290faf502,SAMMS-CoeurdAleneV6
202608302104538657,202608301904172676,202608301904170791,85,3811,Bronze INV,br_ReAssessmentOccupational,TASK_COMPLETE,SUCCESS,INFO,0,0,0,,2026-08-30T19:04:27.050Z,2026-08-30T21:04:59.710Z,7232,2026-08-30T21:04:59.710Z,CON,Conway,ba679216-ee2b-4344-afb9-134290faf502,SAMMS-Conway
202608302104538658,202608301904172677,202608301904170791,85,3812,Bronze INV,br_ReAssessmentOccupational,TASK_COMPLETE,SUCCESS,INFO,2573,2573,0,,2026-08-30T19:04:27.050Z,2026-08-30T21:04:59.710Z,7232,2026-08-30T21:04:59.710Z,D07,Medical Services Knox TN,ba679216-ee2b-4344-afb9-134290faf502,SAMMS-KnoxvilleV6
202608302104538659,202608301904172678,202608301904170791,85,3813,Bronze INV,br_ReAssessmentOccupational,TASK_COMPLETE,SUCCESS,INFO,111,111,0,,2026-08-30T19:04:27.050Z,2026-08-30T21:04:59.710Z,7232,2026-08-30T21:04:59.710Z,D08,Madison,ba679216-ee2b-4344-afb9-134290faf502,SAMMS-MadisonV6
202608302104538660,202608301904172679,202608301904170791,85,3815,Bronze INV,br_ReAssessmentOccupational,TASK_COMPLETE,SUCCESS,INFO,120,120,0,,2026-08-30T19:04:27.050Z,2026-08-30T21:04:59.710Z,7232,2026-08-30T21:04:59.710Z,D09,Murfreesboro,ba679216-ee2b-4344-afb9-134290faf502,SAMMS-MurfreesboroV6
202608302104538661,202608301904172680,202608301904170791,85,3816,Bronze INV,br_ReAssessmentOccupational,TASK_COMPLETE,SUCCESS,INFO,336,336,0,,2026-08-30T19:04:27.050Z,2026-08-30T21:04:59.710Z,7232,2026-08-30T21:04:59.710Z,DA,Davenport,ba679216-ee2b-4344-afb9-134290faf502,SAMMS-Davenport
202608302104538662,202608301904172681,202608301904170791,85,3817,Bronze INV,br_ReAssessmentOccupational,TASK_COMPLETE,SUCCESS,INFO,287,287,0,,2026-08-30T19:04:27.050Z,2026-08-30T21:04:59.710Z,7232,2026-08-30T21:04:59.710Z,DM,Des Moines,ba679216-ee2b-4344-afb9-134290faf502,SAMMS-DesMoines
202608302104538664,202608301904172682,202608301904170791,85,3819,Bronze INV,br_ReAssessmentOccupational,TASK_COMPLETE,SUCCESS,INFO,530,530,0,,2026-08-30T19:04:27.050Z,2026-08-30T21:04:59.710Z,7232,2026-08-30T21:04:59.710Z,DRD-CO,Columbia MO,ba679216-ee2b-4344-afb9-134290faf502,SAMMS-ColumbiaV5
202608302104538665,202608301904172683,202608301904170791,85,3820,Bronze INV,br_ReAssessmentOccupational,TASK_COMPLETE,SUCCESS,INFO,347,347,0,,2026-08-30T19:04:27.050Z,2026-08-30T21:04:59.710Z,7232,2026-08-30T21:04:59.710Z,DRD-KC,KC,ba679216-ee2b-4344-afb9-134290faf502,SAMMS-KCv5
202608302104538666,202608301904172684,202608301904170791,85,3821,Bronze INV,br_ReAssessmentOccupational,TASK_COMPLETE,SUCCESS,INFO,1550,1550,0,,2026-08-30T19:04:27.050Z,2026-08-30T21:04:59.710Z,7232,2026-08-30T21:04:59.710Z,DRD-KVB,KVB,ba679216-ee2b-4344-afb9-134290faf502,SAMMS-KVBv5
202608302104538667,202608301904172685,202608301904170791,85,3822,Bronze INV,br_ReAssessmentOccupational,TASK_COMPLETE,SUCCESS,INFO,1672,1672,0,,2026-08-30T19:04:27.050Z,2026-08-30T21:04:59.710Z,7232,2026-08-30T21:04:59.710Z,DRD-KVC,KVC,ba679216-ee2b-4344-afb9-134290faf502,SAMMS-KVCv5
202608302104538668,202608301904172686,202608301904170791,85,3823,Bronze INV,br_ReAssessmentOccupational,TASK_COMPLETE,SUCCESS,INFO,3204,3204,0,,2026-08-30T19:04:27.050Z,2026-08-30T21:04:59.710Z,7232,2026-08-30T21:04:59.710Z,DRD-NOLA,NOLA,ba679216-ee2b-4344-afb9-134290faf502,SAMMS-NOLAv5
202608302104538669,202608301904172687,202608301904170791,85,3824,Bronze INV,br_ReAssessmentOccupational,TASK_COMPLETE,SUCCESS,INFO,801,801,0,,2026-08-30T19:04:27.050Z,2026-08-30T21:04:59.710Z,7232,2026-08-30T21:04:59.710Z,DRD-SF,Springfield,ba679216-ee2b-4344-afb9-134290faf502,SAMMS-SFv5
202608302104538670,202608301904172688,202608301904170791,85,3826,Bronze INV,br_ReAssessmentOccupational,TASK_COMPLETE,SUCCESS,INFO,260,260,0,,2026-08-30T19:04:27.050Z,2026-08-30T21:04:59.710Z,7232,2026-08-30T21:04:59.710Z,ELC,Elizabeth City,ba679216-ee2b-4344-afb9-134290faf502,SAMMS-ElizabethCity
202608302104538671,202608301904172689,202608301904170791,85,3827,Bronze INV,br_ReAssessmentOccupational,TASK_COMPLETE,SUCCESS,INFO,128,128,0,,2026-08-30T19:04:27.050Z,2026-08-30T21:04:59.710Z,7232,2026-08-30T21:04:59.710Z,ET,Elizabethtown,ba679216-ee2b-4344-afb9-134290faf502,SAMMS-Elizabethtown
202608302104538673,202608301904172690,202608301904170791,85,3828,Bronze INV,br_ReAssessmentOccupational,TASK_COMPLETE,SUCCESS,INFO,0,0,0,,2026-08-30T19:04:27.050Z,2026-08-30T21:04:59.710Z,7232,2026-08-30T21:04:59.710Z,FAY,Fayetteville,ba679216-ee2b-4344-afb9-134290faf502,SAMMS-Fayetteville
202608302104538674,202608301904172691,202608301904170791,85,3829,Bronze INV,br_ReAssessmentOccupational,TASK_COMPLETE,SUCCESS,INFO,156,156,0,,2026-08-30T19:04:27.050Z,2026-08-30T21:04:59.710Z,7232,2026-08-30T21:04:59.710Z,FR,Frankfort,ba679216-ee2b-4344-afb9-134290faf502,SAMMS-Frankfort
202608302104538675,202608301904172692,202608301904170791,85,3830,Bronze INV,br_ReAssessmentOccupational,TASK_COMPLETE,SUCCESS,INFO,0,0,0,,2026-08-30T19:04:27.050Z,2026-08-30T21:04:59.710Z,7232,2026-08-30T21:04:59.710Z,FS,Fort Smith,ba679216-ee2b-4344-afb9-134290faf502,SAMMS-FortSmith
202608302104538676,202608301904172693,202608301904170791,85,3831,Bronze INV,br_ReAssessmentOccupational,TASK_COMPLETE,SUCCESS,INFO,467,467,0,,2026-08-30T19:04:27.050Z,2026-08-30T21:04:59.710Z,7232,2026-08-30T21:04:59.710Z,FW,Fort Wayne,ba679216-ee2b-4344-afb9-134290faf502,SAMMS-FortWayne
202608302104538677,202608301904172694,202608301904170791,85,3832,Bronze INV,br_ReAssessmentOccupational,TASK_COMPLETE,SUCCESS,INFO,275,275,0,,2026-08-30T19:04:27.050Z,2026-08-30T21:04:59.710Z,7232,2026-08-30T21:04:59.710Z,GAL,Gaylord,ba679216-ee2b-4344-afb9-134290faf502,SAMMS-Gaylord
202608302104538678,202608301904172695,202608301904170791,85,3836,Bronze INV,br_ReAssessmentOccupational,TASK_COMPLETE,SUCCESS,INFO,100,100,0,,2026-08-30T19:04:27.050Z,2026-08-30T21:04:59.710Z,7232,2026-08-30T21:04:59.710Z,HGT,Hagerstown,ba679216-ee2b-4344-afb9-134290faf502,SAMMS-Hagerstown
202608302104538679,202608301904172696,202608301904170791,85,3837,Bronze INV,br_ReAssessmentOccupational,TASK_COMPLETE,SUCCESS,INFO,1723,1723,0,,2026-08-30T19:04:27.050Z,2026-08-30T21:04:59.710Z,7232,2026-08-30T21:04:59.710Z,HNT,Huntsville,ba679216-ee2b-4344-afb9-134290faf502,SAMMS-Huntsville
202608302104538681,202608301904172697,202608301904170791,85,3838,Bronze INV,br_ReAssessmentOccupational,TASK_COMPLETE,SUCCESS,INFO,0,0,0,,2026-08-30T19:04:27.050Z,2026-08-30T21:04:59.710Z,7232,2026-08-30T21:04:59.710Z,HS,Hot Springs,ba679216-ee2b-4344-afb9-134290faf502,SAMMS-HotSprings
202608302104538682,202608301904172698,202608301904170791,85,3839,Bronze INV,br_ReAssessmentOccupational,TASK_COMPLETE,SUCCESS,INFO,0,0,0,,2026-08-30T19:04:27.050Z,2026-08-30T21:04:59.710Z,7232,2026-08-30T21:04:59.710Z,JON,Jonesboro,ba679216-ee2b-4344-afb9-134290faf502,SAMMS-Jonesboro
202608302104538683,202608301904172699,202608301904170791,85,3841,Bronze INV,br_ReAssessmentOccupational,TASK_COMPLETE,SUCCESS,INFO,446,446,0,,2026-08-30T19:04:27.050Z,2026-08-30T21:04:59.710Z,7232,2026-08-30T21:04:59.710Z,LAN,Lansing,ba679216-ee2b-4344-afb9-134290faf502,SAMMS-Lansing
202608302104538684,202608301904172700,202608301904170791,85,3842,Bronze INV,br_ReAssessmentOccupational,TASK_COMPLETE,SUCCESS,INFO,1287,1287,0,,2026-08-30T19:04:27.050Z,2026-08-30T21:04:59.710Z,7232,2026-08-30T21:04:59.710Z,LO,Louisville,ba679216-ee2b-4344-afb9-134290faf502,SAMMS-Louisville
202608302104538685,202608301904172701,202608301904170791,85,3843,Bronze INV,br_ReAssessmentOccupational,TASK_COMPLETE,SUCCESS,INFO,291,291,0,,2026-08-30T19:04:27.050Z,2026-08-30T21:04:59.710Z,7232,2026-08-30T21:04:59.710Z,LV1,Cheyenne,ba679216-ee2b-4344-afb9-134290faf502,SAMMS-Cheyenne
202608302104538686,202608301904172702,202608301904170791,85,3844,Bronze INV,br_ReAssessmentOccupational,TASK_COMPLETE,SUCCESS,INFO,204,204,0,,2026-08-30T19:04:27.050Z,2026-08-30T21:04:59.710Z,7232,2026-08-30T21:04:59.710Z,LV2,Desert Inn,ba679216-ee2b-4344-afb9-134290faf502,SAMMS-DesertInn
202608302104538687,202608301904172703,202608301904170791,85,3845,Bronze INV,br_ReAssessmentOccupational,TASK_COMPLETE,SUCCESS,INFO,110,110,0,,2026-08-30T19:04:27.050Z,2026-08-30T21:04:59.710Z,7232,2026-08-30T21:04:59.710Z,LV3,McDaniel,ba679216-ee2b-4344-afb9-134290faf502,SAMMS-McDaniel
202608302104538688,202608301904172704,202608301904170791,85,3848,Bronze INV,br_ReAssessmentOccupational,TASK_COMPLETE,SUCCESS,INFO,358,358,0,,2026-08-30T19:04:27.050Z,2026-08-30T21:04:59.710Z,7232,2026-08-30T21:04:59.710Z,MNRE,Monroe,ba679216-ee2b-4344-afb9-134290faf502,SAMMS-Monroe
202608302104538690,202608301904172705,202608301904170791,85,3849,Bronze INV,br_ReAssessmentOccupational,TASK_COMPLETE,SUCCESS,INFO,1423,1423,0,,2026-08-30T19:04:27.050Z,2026-08-30T21:04:59.710Z,7232,2026-08-30T21:04:59.710Z,MP,Mt. Pleasant,ba679216-ee2b-4344-afb9-134290faf502,SAMMS-MtPleasant
202608302104538691,202608301904172706,202608301904170791,85,3850,Bronze INV,br_ReAssessmentOccupational,TASK_COMPLETE,SUCCESS,INFO,153,153,0,,2026-08-30T19:04:27.050Z,2026-08-30T21:04:59.710Z,7232,2026-08-30T21:04:59.710Z,MRD,Meridian,ba679216-ee2b-4344-afb9-134290faf502,SAMMS-Meridian
202608302104538692,202608301904172707,202608301904170791,85,3855,Bronze INV,br_ReAssessmentOccupational,TASK_COMPLETE,SUCCESS,INFO,693,693,0,,2026-08-30T19:04:27.050Z,2026-08-30T21:04:59.710Z,7232,2026-08-30T21:04:59.710Z,NC,North Charleston,ba679216-ee2b-4344-afb9-134290faf502,SAMMS-NorthCharleston
202608302104538693,202608301904172708,202608301904170791,85,3856,Bronze INV,br_ReAssessmentOccupational,TASK_COMPLETE,SUCCESS,INFO,0,0,0,,2026-08-30T19:04:27.050Z,2026-08-30T21:04:59.710Z,7232,2026-08-30T21:04:59.710Z,NLR,N. Little Rock,ba679216-ee2b-4344-afb9-134290faf502,SAMMS-NLROBOT
202608302104538694,202608301904172709,202608301904170791,85,3857,Bronze INV,br_ReAssessmentOccupational,TASK_COMPLETE,SUCCESS,INFO,112,112,0,,2026-08-30T19:04:27.050Z,2026-08-30T21:04:59.710Z,7232,2026-08-30T21:04:59.710Z,PH,Phoenix,ba679216-ee2b-4344-afb9-134290faf502,SAMMS-Phoenix
202608302104538695,202608301904172710,202608301904170791,85,3861,Bronze INV,br_ReAssessmentOccupational,TASK_COMPLETE,SUCCESS,INFO,213,213,0,,2026-08-30T19:04:27.050Z,2026-08-30T21:04:59.710Z,7232,2026-08-30T21:04:59.710Z,RE,Reno,ba679216-ee2b-4344-afb9-134290faf502,SAMMS-Reno
202608302104538696,202608301904172711,202608301904170791,85,3862,Bronze INV,br_ReAssessmentOccupational,TASK_COMPLETE,SUCCESS,INFO,87,87,0,,2026-08-30T19:04:27.050Z,2026-08-30T21:04:59.710Z,7232,2026-08-30T21:04:59.710Z,RMD,Richmond,ba679216-ee2b-4344-afb9-134290faf502,SAMMS-Richmond
202608302104538698,202608301904172712,202608301904170791,85,3863,Bronze INV,br_ReAssessmentOccupational,TASK_COMPLETE,SUCCESS,INFO,589,589,0,,2026-08-30T19:04:27.050Z,2026-08-30T21:04:59.710Z,7232,2026-08-30T21:04:59.710Z,SFN,Springfield North,ba679216-ee2b-4344-afb9-134290faf502,SAMMS-SFNv5
202608302104538699,202608301904172713,202608301904170791,85,3864,Bronze INV,br_ReAssessmentOccupational,TASK_COMPLETE,SUCCESS,INFO,762,762,0,,2026-08-30T19:04:27.050Z,2026-08-30T21:04:59.710Z,7232,2026-08-30T21:04:59.710Z,SHP,Shreveport,ba679216-ee2b-4344-afb9-134290faf502,SAMMS-Shreveport
202608302104538700,202608301904172714,202608301904170791,85,3866,Bronze INV,br_ReAssessmentOccupational,TASK_COMPLETE,SUCCESS,INFO,484,484,0,,2026-08-30T19:04:27.050Z,2026-08-30T21:04:59.710Z,7232,2026-08-30T21:04:59.710Z,STN,Staunton,ba679216-ee2b-4344-afb9-134290faf502,SAMMS-Staunton
202608302104538701,202608301904172715,202608301904170791,85,3867,Bronze INV,br_ReAssessmentOccupational,TASK_COMPLETE,SUCCESS,INFO,226,226,0,,2026-08-30T19:04:27.050Z,2026-08-30T21:04:59.710Z,7232,2026-08-30T21:04:59.710Z,STVN,Stevenson,ba679216-ee2b-4344-afb9-134290faf502,SAMMS-Stevenson
202608302104538702,202608301904172716,202608301904170791,85,3869,Bronze INV,br_ReAssessmentOccupational,TASK_COMPLETE,SUCCESS,INFO,173,173,0,,2026-08-30T19:04:27.050Z,2026-08-30T21:04:59.710Z,7232,2026-08-30T21:04:59.710Z,TE,Tempe,ba679216-ee2b-4344-afb9-134290faf502,SAMMS-Tempe
202608302104538703,202608301904172717,202608301904170791,85,3870,Bronze INV,br_ReAssessmentOccupational,TASK_COMPLETE,SUCCESS,INFO,0,0,0,,2026-08-30T19:04:27.050Z,2026-08-30T21:04:59.710Z,7232,2026-08-30T21:04:59.710Z,TEX,Texarkana,ba679216-ee2b-4344-afb9-134290faf502,SAMMS-Texarkana
202608302104538704,202608301904172718,202608301904170791,85,3871,Bronze INV,br_ReAssessmentOccupational,TASK_COMPLETE,SUCCESS,INFO,1073,1073,0,,2026-08-30T19:04:27.050Z,2026-08-30T21:04:59.710Z,7232,2026-08-30T21:04:59.710Z,TTCA,Bessemer,ba679216-ee2b-4344-afb9-134290faf502,SAMMS-BessemerV5
202608302104538705,202608301904172719,202608301904170791,85,3872,Bronze INV,br_ReAssessmentOccupational,TASK_COMPLETE,SUCCESS,INFO,1317,1317,0,,2026-08-30T19:04:27.050Z,2026-08-30T21:04:59.710Z,7232,2026-08-30T21:04:59.710Z,TTCB,Cullman,ba679216-ee2b-4344-afb9-134290faf502,SAMMS-CullmanV5
202608302104538707,202608301904172720,202608301904170791,85,3873,Bronze INV,br_ReAssessmentOccupational,TASK_COMPLETE,SUCCESS,INFO,938,938,0,,2026-08-30T19:04:27.050Z,2026-08-30T21:04:59.710Z,7232,2026-08-30T21:04:59.710Z,TTCC,Grand Bay,ba679216-ee2b-4344-afb9-134290faf502,SAMMS-GrandBay
202608302104538708,202608301904172721,202608301904170791,85,3874,Bronze INV,br_ReAssessmentOccupational,TASK_COMPLETE,SUCCESS,INFO,15,15,0,,2026-08-30T19:04:27.050Z,2026-08-30T21:04:59.710Z,7232,2026-08-30T21:04:59.710Z,TU,Tucson,ba679216-ee2b-4344-afb9-134290faf502,SAMMS-Tucson
202608302104538709,202608301904172722,202608301904170791,85,3876,Bronze INV,br_ReAssessmentOccupational,TASK_COMPLETE,SUCCESS,INFO,661,661,0,,2026-08-30T19:04:27.050Z,2026-08-30T21:04:59.710Z,7232,2026-08-30T21:04:59.710Z,V1,Memphis South,ba679216-ee2b-4344-afb9-134290faf502,SAMMS-VCPHCS-I-MemphisV5
202608302104538710,202608301904172723,202608301904170791,85,3877,Bronze INV,br_ReAssessmentOccupational,TASK_COMPLETE,SUCCESS,INFO,1627,1627,0,,2026-08-30T19:04:27.050Z,2026-08-30T21:04:59.710Z,7232,2026-08-30T21:04:59.710Z,V10,Longmont,ba679216-ee2b-4344-afb9-134290faf502,SAMMS-BoulderV5
202608302104538711,202608301904172724,202608301904170791,85,3878,Bronze INV,br_ReAssessmentOccupational,TASK_COMPLETE,SUCCESS,INFO,1513,1513,0,,2026-08-30T19:04:27.050Z,2026-08-30T21:04:59.710Z,7232,2026-08-30T21:04:59.710Z,V10A,Fort Collins,ba679216-ee2b-4344-afb9-134290faf502,SAMMS-FortCollinsV5
202608302104538712,202608301904172725,202608301904170791,85,3879,Bronze INV,br_ReAssessmentOccupational,TASK_COMPLETE,SUCCESS,INFO,2864,2864,0,,2026-08-30T19:04:27.050Z,2026-08-30T21:04:59.710Z,7232,2026-08-30T21:04:59.710Z,V11,Westminster,ba679216-ee2b-4344-afb9-134290faf502,SAMMS-VCPHCS-XI-NorthDenverV5
202608302104538722,202608301904172726,202608301904170791,85,3880,Bronze INV,br_ReAssessmentOccupational,TASK_COMPLETE,SUCCESS,INFO,3036,3036,0,,2026-08-30T19:04:27.050Z,2026-08-30T21:04:59.710Z,7232,2026-08-30T21:04:59.710Z,V12,Downtown Denver,ba679216-ee2b-4344-afb9-134290faf502,SAMMS-VCPHCS-XII-DowntownDenverV5
202608302104538723,202608301904172727,202608301904170791,85,3881,Bronze INV,br_ReAssessmentOccupational,TASK_COMPLETE,SUCCESS,INFO,1136,1136,0,,2026-08-30T19:04:27.050Z,2026-08-30T21:04:59.710Z,7232,2026-08-30T21:04:59.710Z,V12A,Centennial,ba679216-ee2b-4344-afb9-134290faf502,SAMMS-CentennialV5
202608302104538724,202608301904172728,202608301904170791,85,3882,Bronze INV,br_ReAssessmentOccupational,TASK_COMPLETE,SUCCESS,INFO,295,295,0,,2026-08-30T19:04:27.050Z,2026-08-30T21:04:59.710Z,7232,2026-08-30T21:04:59.710Z,V14,Overland Park,ba679216-ee2b-4344-afb9-134290faf502,SAMMS-VCPHCS-XIV-BridgewayV5
202608302104538725,202608301904172729,202608301904170791,85,3883,Bronze INV,br_ReAssessmentOccupational,TASK_COMPLETE,SUCCESS,INFO,609,609,0,,2026-08-30T19:04:27.050Z,2026-08-30T21:04:59.710Z,7232,2026-08-30T21:04:59.710Z,V15,Joplin,ba679216-ee2b-4344-afb9-134290faf502,SAMMS-JoplinV5
202608302104537402,202608301904171590,202608301904170791,85,1876,Bronze INV,br_Appointments,TASK_COMPLETE,SUCCESS,INFO,20598,20598,0,,2026-08-30T19:04:27.050Z,2026-08-30T21:04:59.710Z,7232,2026-08-30T21:04:59.710Z,VBRA,Brainerd,ba679216-ee2b-4344-afb9-134290faf502,SAMMS-BrainerdV6
202608302104537403,202608301904171591,202608301904170791,85,1877,Bronze INV,br_Appointments,TASK_COMPLETE,SUCCESS,INFO,79049,79049,0,,2026-08-30T19:04:27.050Z,2026-08-30T21:04:59.710Z,7232,2026-08-30T21:04:59.710Z,VBRP,Brooklyn Park,ba679216-ee2b-4344-afb9-134290faf502,SAMMS-BrooklynParkV6
202608302104537404,202608301904171592,202608301904170791,85,1879,Bronze INV,br_Appointments,TASK_COMPLETE,SUCCESS,INFO,40952,40952,0,,2026-08-30T19:04:27.050Z,2026-08-30T21:04:59.710Z,7232,2026-08-30T21:04:59.710Z,VMIN,Minneapolis,ba679216-ee2b-4344-afb9-134290faf502,SAMMS-MinneapolisV6
202608302104537405,202608301904171593,202608301904170791,85,1880,Bronze INV,br_Appointments,TASK_COMPLETE,SUCCESS,INFO,89466,89466,0,,2026-08-30T19:04:27.050Z,2026-08-30T21:04:59.710Z,7232,2026-08-30T21:04:59.710Z,VWBY,Woodbury,ba679216-ee2b-4344-afb9-134290faf502,SAMMS-WoodburyV6
202608302104537406,202608301904171594,202608301904170791,85,1882,Bronze INV,br_Appointments,TASK_COMPLETE,SUCCESS,INFO,12772,12772,0,,2026-08-30T19:04:27.050Z,2026-08-30T21:04:59.710Z,7232,2026-08-30T21:04:59.710Z,WIL,Wilson,ba679216-ee2b-4344-afb9-134290faf502,SAMMS-Wilson
202608302104537407,202608301904171595,202608301904170791,85,231,Bronze INV,br_AdmissionAssessment,TASK_COMPLETE,SUCCESS,INFO,237,237,0,,2026-08-30T19:04:27.050Z,2026-08-30T21:04:59.710Z,7232,2026-08-30T21:04:59.710Z,B12B,Colorado Springs,ba679216-ee2b-4344-afb9-134290faf502,SAMMS-ColoradoSpringsV5
202608302104537408,202608301904171596,202608301904170791,85,232,Bronze INV,br_AdmissionAssessment,TASK_COMPLETE,SUCCESS,INFO,8,8,0,,2026-08-30T19:04:27.050Z,2026-08-30T21:04:59.710Z,7232,2026-08-30T21:04:59.710Z,B24,Paintsville,ba679216-ee2b-4344-afb9-134290faf502,SAMMS-PaintsvilleV5
202608302104537410,202608301904171597,202608301904170791,85,233,Bronze INV,br_AdmissionAssessment,TASK_COMPLETE,SUCCESS,INFO,1,1,0,,2026-08-30T19:04:27.050Z,2026-08-30T21:04:59.710Z,7232,2026-08-30T21:04:59.710Z,B25,Pikeville,ba679216-ee2b-4344-afb9-134290faf502,SAMMS-PikevilleV5
202608302104537411,202608301904171598,202608301904170791,85,234,Bronze INV,br_AdmissionAssessment,TASK_COMPLETE,SUCCESS,INFO,0,0,0,,2026-08-30T19:04:27.050Z,2026-08-30T21:04:59.710Z,7232,2026-08-30T21:04:59.710Z,B26,Hazard,ba679216-ee2b-4344-afb9-134290faf502,SAMMS-HazardV5
202608302104537412,202608301904171599,202608301904170791,85,235,Bronze INV,br_AdmissionAssessment,TASK_COMPLETE,SUCCESS,INFO,51,51,0,,2026-08-30T19:04:27.050Z,2026-08-30T21:04:59.710Z,7232,2026-08-30T21:04:59.710Z,B27,Savannah,ba679216-ee2b-4344-afb9-134290faf502,SAMMS-SavannahV6
202608302104537413,202608301904171600,202608301904170791,85,236,Bronze INV,br_AdmissionAssessment,TASK_COMPLETE,SUCCESS,INFO,97,97,0,,2026-08-30T19:04:27.050Z,2026-08-30T21:04:59.710Z,7232,2026-08-30T21:04:59.710Z,B28,West Plains,ba679216-ee2b-4344-afb9-134290faf502,SAMMS-WestPlainesV5
202608302104537414,202608301904171601,202608301904170791,85,237,Bronze INV,br_AdmissionAssessment,TASK_COMPLETE,SUCCESS,INFO,81,81,0,,2026-08-30T19:04:27.050Z,2026-08-30T21:04:59.710Z,7232,2026-08-30T21:04:59.710Z,B29,Poplar Bluff,ba679216-ee2b-4344-afb9-134290faf502,SAMMS-PoplarBluffV5
202608302104537416,202608301904171602,202608301904170791,85,238,Bronze INV,br_AdmissionAssessment,TASK_COMPLETE,SUCCESS,INFO,75,75,0,,2026-08-30T19:04:27.050Z,2026-08-30T21:04:59.710Z,7232,2026-08-30T21:04:59.710Z,B30,KC North,ba679216-ee2b-4344-afb9-134290faf502,SAMMS-KCNv5
202608302104537417,202608301904171603,202608301904170791,85,239,Bronze INV,br_AdmissionAssessment,TASK_COMPLETE,SUCCESS,INFO,114,114,0,,2026-08-30T19:04:27.050Z,2026-08-30T21:04:59.710Z,7232,2026-08-30T21:04:59.710Z,B31,Dyersburg,ba679216-ee2b-4344-afb9-134290faf502,SAMMS-DyersburgV5
202608302104537418,202608301904171604,202608301904170791,85,241,Bronze INV,br_AdmissionAssessment,TASK_COMPLETE,SUCCESS,INFO,1,1,0,,2026-08-30T19:04:27.050Z,2026-08-30T21:04:59.710Z,7232,2026-08-30T21:04:59.710Z,B33,Paducah,ba679216-ee2b-4344-afb9-134290faf502,SAMMS-Paducah
202608302104537419,202608301904171605,202608301904170791,85,242,Bronze INV,br_AdmissionAssessment,TASK_COMPLETE,SUCCESS,INFO,1,1,0,,2026-08-30T19:04:27.050Z,2026-08-30T21:04:59.710Z,7232,2026-08-30T21:04:59.710Z,B34,Corbin,ba679216-ee2b-4344-afb9-134290faf502,SAMMS-CorbinV5
202608302104537420,202608301904171606,202608301904170791,85,243,Bronze INV,br_AdmissionAssessment,TASK_COMPLETE,SUCCESS,INFO,5,5,0,,2026-08-30T19:04:27.050Z,2026-08-30T21:04:59.710Z,7232,2026-08-30T21:04:59.710Z,B35,Lexington,ba679216-ee2b-4344-afb9-134290faf502,SAMMS-LexingtonV5
202608302104537421,202608301904171607,202608301904170791,85,244,Bronze INV,br_AdmissionAssessment,TASK_COMPLETE,SUCCESS,INFO,4,4,0,,2026-08-30T19:04:27.050Z,2026-08-30T21:04:59.710Z,7232,2026-08-30T21:04:59.710Z,B35A,Berea,ba679216-ee2b-4344-afb9-134290faf502,SAMMS-BereaV5
202608302104537423,202608301904171608,202608301904170791,85,245,Bronze INV,br_AdmissionAssessment,TASK_COMPLETE,SUCCESS,INFO,186,186,0,,2026-08-30T19:04:27.050Z,2026-08-30T21:04:59.710Z,7232,2026-08-30T21:04:59.710Z,B36,Asheville,ba679216-ee2b-4344-afb9-134290faf502,SAMMS-AshevilleV5
202608302104537424,202608301904171609,202608301904170791,85,246,Bronze INV,br_AdmissionAssessment,TASK_COMPLETE,SUCCESS,INFO,141,141,0,,2026-08-30T19:04:27.050Z,2026-08-30T21:04:59.710Z,7232,2026-08-30T21:04:59.710Z,B37,Clyde,ba679216-ee2b-4344-afb9-134290faf502,SAMMS-ClydeV5
202608302104537425,202608301904171610,202608301904170791,85,247,Bronze INV,br_AdmissionAssessment,TASK_COMPLETE,SUCCESS,INFO,188,188,0,,2026-08-30T19:04:27.050Z,2026-08-30T21:04:59.710Z,7232,2026-08-30T21:04:59.710Z,B38,Spartanburg,ba679216-ee2b-4344-afb9-134290faf502,SAMMS-SpartanburgV5
202608302104537426,202608301904171611,202608301904170791,85,248,Bronze INV,br_AdmissionAssessment,TASK_COMPLETE,SUCCESS,INFO,165,165,0,,2026-08-30T19:04:27.050Z,2026-08-30T21:04:59.710Z,7232,2026-08-30T21:04:59.710Z,B39,Aiken,ba679216-ee2b-4344-afb9-134290faf502,SAMMS-AikenV5
202608302104537427,202608301904171612,202608301904170791,85,249,Bronze INV,br_AdmissionAssessment,TASK_COMPLETE,SUCCESS,INFO,2,2,0,,2026-08-30T19:04:27.050Z,2026-08-30T21:04:59.710Z,7232,2026-08-30T21:04:59.710Z,B41,Chesapeake,ba679216-ee2b-4344-afb9-134290faf502,SAMMS-ChesapeakeV5
202608302104537428,202608301904171613,202608301904170791,85,250,Bronze INV,br_AdmissionAssessment,TASK_COMPLETE,SUCCESS,INFO,1,1,0,,2026-08-30T19:04:27.050Z,2026-08-30T21:04:59.710Z,7232,2026-08-30T21:04:59.710Z,B42,Virginia Beach,ba679216-ee2b-4344-afb9-134290faf502,SAMMS-VirginiaBeachV5
202608302104537429,202608301904171614,202608301904170791,85,251,Bronze INV,br_AdmissionAssessment,TASK_COMPLETE,SUCCESS,INFO,1,1,0,,2026-08-30T19:04:27.050Z,2026-08-30T21:04:59.710Z,7232,2026-08-30T21:04:59.710Z,B42A,Newport News,ba679216-ee2b-4344-afb9-134290faf502,SAMMS-NewportNewsV5
202608302104537430,202608301904171615,202608301904170791,85,252,Bronze INV,br_AdmissionAssessment,TASK_COMPLETE,SUCCESS,INFO,0,0,0,,2026-08-30T19:04:27.050Z,2026-08-30T21:04:59.710Z,7232,2026-08-30T21:04:59.710Z,B42B,Franklin,ba679216-ee2b-4344-afb9-134290faf502,SAMMS-FranklinV5
202608302104537432,202608301904171616,202608301904170791,85,253,Bronze INV,br_AdmissionAssessment,TASK_COMPLETE,SUCCESS,INFO,2,2,0,,2026-08-30T19:04:27.050Z,2026-08-30T21:04:59.710Z,7232,2026-08-30T21:04:59.710Z,B42C,Glen Allen,ba679216-ee2b-4344-afb9-134290faf502,SAMMS-GlenAllenV5
202608302104537433,202608301904171617,202608301904170791,85,254,Bronze INV,br_AdmissionAssessment,TASK_COMPLETE,SUCCESS,INFO,1,1,0,,2026-08-30T19:04:27.050Z,2026-08-30T21:04:59.710Z,7232,2026-08-30T21:04:59.710Z,B42D,Chesapeake South,ba679216-ee2b-4344-afb9-134290faf502,SAMMS-ChesapeakeSouthV5
202608302104537434,202608301904171618,202608301904170791,85,255,Bronze INV,br_AdmissionAssessment,TASK_COMPLETE,SUCCESS,INFO,54,54,0,,2026-08-30T19:04:27.050Z,2026-08-30T21:04:59.710Z,7232,2026-08-30T21:04:59.710Z,B44,Albany,ba679216-ee2b-4344-afb9-134290faf502,SAMMS-AlbanyV5
202608302104537435,202608301904171619,202608301904170791,85,256,Bronze INV,br_AdmissionAssessment,TASK_COMPLETE,SUCCESS,INFO,64,64,0,,2026-08-30T19:04:27.050Z,2026-08-30T21:04:59.710Z,7232,2026-08-30T21:04:59.710Z,B45,Tifton,ba679216-ee2b-4344-afb9-134290faf502,SAMMS-TiftonV5
202608302104537436,202608301904171620,202608301904170791,85,257,Bronze INV,br_AdmissionAssessment,TASK_COMPLETE,SUCCESS,INFO,340,340,0,,2026-08-30T19:04:27.050Z,2026-08-30T21:04:59.710Z,7232,2026-08-30T21:04:59.710Z,B46,Washington DC,ba679216-ee2b-4344-afb9-134290faf502,SAMMS-WashingtonDCv5
202608302104537437,202608301904171621,202608301904170791,85,258,Bronze INV,br_AdmissionAssessment,TASK_COMPLETE,SUCCESS,INFO,95,95,0,,2026-08-30T19:04:27.050Z,2026-08-30T21:04:59.710Z,7232,2026-08-30T21:04:59.710Z,B47,Mobile,ba679216-ee2b-4344-afb9-134290faf502,SAMMS-MobileV5
202608302104537438,202608301904171622,202608301904170791,85,259,Bronze INV,br_AdmissionAssessment,TASK_COMPLETE,SUCCESS,INFO,154,154,0,,2026-08-30T19:04:27.050Z,2026-08-30T21:04:59.710Z,7232,2026-08-30T21:04:59.710Z,B48,Tuscaloosa,ba679216-ee2b-4344-afb9-134290faf502,SAMMS-TuscaloosaV5
202608302104537440,202608301904171623,202608301904170791,85,268,Bronze INV,br_AdmissionAssessment,TASK_COMPLETE,SUCCESS,INFO,78,78,0,,2026-08-30T19:04:27.050Z,2026-08-30T21:04:59.710Z,7232,2026-08-30T21:04:59.710Z,B51,N. Little Rock (OTP),ba679216-ee2b-4344-afb9-134290faf502,SAMMS-NorthLittleRockV6
202608302104537441,202608301904171624,202608301904170791,85,269,Bronze INV,br_AdmissionAssessment,TASK_COMPLETE,SUCCESS,INFO,48,48,0,,2026-08-30T19:04:27.050Z,2026-08-30T21:04:59.710Z,7232,2026-08-30T21:04:59.710Z,B52,Jackson GA,ba679216-ee2b-4344-afb9-134290faf502,SAMMS-JacksonGAV5
202608302104537442,202608301904171625,202608301904170791,85,270,Bronze INV,br_AdmissionAssessment,TASK_COMPLETE,SUCCESS,INFO,162,162,0,,2026-08-30T19:04:27.050Z,2026-08-30T21:04:59.710Z,7232,2026-08-30T21:04:59.710Z,B54,Gadsden,ba679216-ee2b-4344-afb9-134290faf502,SAMMS-GadsdenV5
202608302104537443,202608301904171626,202608301904170791,85,271,Bronze INV,br_AdmissionAssessment,TASK_COMPLETE,SUCCESS,INFO,157,157,0,,2026-08-30T19:04:27.050Z,2026-08-30T21:04:59.710Z,7232,2026-08-30T21:04:59.710Z,B55,Shoals,ba679216-ee2b-4344-afb9-134290faf502,SAMMS-ShoalsV5
202608302104537444,202608301904171627,202608301904170791,85,272,Bronze INV,br_AdmissionAssessment,TASK_COMPLETE,SUCCESS,INFO,39,39,0,,2026-08-30T19:04:27.050Z,2026-08-30T21:04:59.710Z,7232,2026-08-30T21:04:59.710Z,B57,Pawtucket,ba679216-ee2b-4344-afb9-134290faf502,SAMMS-Pawtucket
202608302104537445,202608301904171628,202608301904170791,85,273,Bronze INV,br_AdmissionAssessment,TASK_COMPLETE,SUCCESS,INFO,82,82,0,,2026-08-30T19:04:27.050Z,2026-08-30T21:04:59.710Z,7232,2026-08-30T21:04:59.710Z,B57A,Johnston,ba679216-ee2b-4344-afb9-134290faf502,SAMMS-Johnston
202608302104537446,202608301904171629,202608301904170791,85,274,Bronze INV,br_AdmissionAssessment,TASK_COMPLETE,SUCCESS,INFO,41,41,0,,2026-08-30T19:04:27.050Z,2026-08-30T21:04:59.710Z,7232,2026-08-30T21:04:59.710Z,B57B,Middletown,ba679216-ee2b-4344-afb9-134290faf502,SAMMS-Middletown
202608302104537447,202608301904171630,202608301904170791,85,275,Bronze INV,br_AdmissionAssessment,TASK_COMPLETE,SUCCESS,INFO,74,74,0,,2026-08-30T19:04:27.050Z,2026-08-30T21:04:59.710Z,7232,2026-08-30T21:04:59.710Z,B57C,Providence,ba679216-ee2b-4344-afb9-134290faf502,SAMMS-Providence
202608302104537449,202608301904171631,202608301904170791,85,276,Bronze INV,br_AdmissionAssessment,TASK_COMPLETE,SUCCESS,INFO,80,80,0,,2026-08-30T19:04:27.050Z,2026-08-30T21:04:59.710Z,7232,2026-08-30T21:04:59.710Z,B57D,Westerly,ba679216-ee2b-4344-afb9-134290faf502,SAMMS-Westerly
202608302104537450,202608301904171632,202608301904170791,85,280,Bronze INV,br_AdmissionAssessment,TASK_COMPLETE,SUCCESS,INFO,84,84,0,,2026-08-30T19:04:27.050Z,2026-08-30T21:04:59.710Z,7232,2026-08-30T21:04:59.710Z,B66A,Bremen,ba679216-ee2b-4344-afb9-134290faf502,SAMMS-Bremen
202608302104537451,202608301904171633,202608301904170791,85,283,Bronze INV,br_AdmissionAssessment,TASK_COMPLETE,SUCCESS,INFO,26,26,0,,2026-08-30T19:04:27.050Z,2026-08-30T21:04:59.710Z,7232,2026-08-30T21:04:59.710Z,B72,Mobile (OBOT),ba679216-ee2b-4344-afb9-134290faf502,SAMMS-Mobile-OBOT
202608302104537452,202608301904171634,202608301904170791,85,284,Bronze INV,br_AdmissionAssessment,TASK_COMPLETE,SUCCESS,INFO,2,2,0,,2026-08-30T19:04:27.050Z,2026-08-30T21:04:59.710Z,7232,2026-08-30T21:04:59.710Z,B73,Montgomery,ba679216-ee2b-4344-afb9-134290faf502,SAMMS-Montgomery
202608302104537453,202608301904171635,202608301904170791,85,285,Bronze INV,br_AdmissionAssessment,TASK_COMPLETE,SUCCESS,INFO,103,103,0,,2026-08-30T19:04:27.050Z,2026-08-30T21:04:59.710Z,7232,2026-08-30T21:04:59.710Z,B75,Lawrence,ba679216-ee2b-4344-afb9-134290faf502,SAMMS-LawrenceV6
202608302104537454,202608301904171636,202608301904170791,85,286,Bronze INV,br_AdmissionAssessment,TASK_COMPLETE,SUCCESS,INFO,50,50,0,,2026-08-30T19:04:27.050Z,2026-08-30T21:04:59.710Z,7232,2026-08-30T21:04:59.710Z,B76,Huntsville OBOT,ba679216-ee2b-4344-afb9-134290faf502,SAMMS-Huntsville-OBOT
202608302104537455,202608301904171637,202608301904170791,85,287,Bronze INV,br_AdmissionAssessment,TASK_COMPLETE,SUCCESS,INFO,129,129,0,,2026-08-30T19:04:27.050Z,2026-08-30T21:04:59.710Z,7232,2026-08-30T21:04:59.710Z,BAT,Batesville,ba679216-ee2b-4344-afb9-134290faf502,SAMMS-Batesville
202608302104537457,202608301904171638,202608301904170791,85,288,Bronze INV,br_AdmissionAssessment,TASK_COMPLETE,SUCCESS,INFO,0,0,0,,2026-08-30T19:04:27.050Z,2026-08-30T21:04:59.710Z,7232,2026-08-30T21:04:59.710Z,BG,Bowling Green,ba679216-ee2b-4344-afb9-134290faf502,SAMMS-BowlingGreen
202608302104537458,202608301904171639,202608301904170791,85,289,Bronze INV,br_AdmissionAssessment,TASK_COMPLETE,SUCCESS,INFO,86,86,0,,2026-08-30T19:04:27.050Z,2026-08-30T21:04:59.710Z,7232,2026-08-30T21:04:59.710Z,BOI,Boise,ba679216-ee2b-4344-afb9-134290faf502,SAMMS-Boise
202608302104537459,202608301904171640,202608301904170791,85,296,Bronze INV,br_AdmissionAssessment,TASK_COMPLETE,SUCCESS,INFO,56,56,0,,2026-08-30T19:04:27.050Z,2026-08-30T21:04:59.710Z,7232,2026-08-30T21:04:59.710Z,CBCO,Coeur dAlene,ba679216-ee2b-4344-afb9-134290faf502,SAMMS-CoeurdAleneV6
202608302104537460,202608301904171641,202608301904170791,85,315,Bronze INV,br_AdmissionAssessment,TASK_COMPLETE,SUCCESS,INFO,126,126,0,,2026-08-30T19:04:27.050Z,2026-08-30T21:04:59.710Z,7232,2026-08-30T21:04:59.710Z,CON,Conway,ba679216-ee2b-4344-afb9-134290faf502,SAMMS-Conway
202608302104537461,202608301904171642,202608301904170791,85,316,Bronze INV,br_AdmissionAssessment,TASK_COMPLETE,SUCCESS,INFO,148,148,0,,2026-08-30T19:04:27.050Z,2026-08-30T21:04:59.710Z,7232,2026-08-30T21:04:59.710Z,D07,Medical Services Knox TN,ba679216-ee2b-4344-afb9-134290faf502,SAMMS-KnoxvilleV6
202608302104537462,202608301904171643,202608301904170791,85,317,Bronze INV,br_AdmissionAssessment,TASK_COMPLETE,SUCCESS,INFO,176,176,0,,2026-08-30T19:04:27.050Z,2026-08-30T21:04:59.710Z,7232,2026-08-30T21:04:59.710Z,D08,Madison,ba679216-ee2b-4344-afb9-134290faf502,SAMMS-MadisonV6
202608302104537463,202608301904171644,202608301904170791,85,319,Bronze INV,br_AdmissionAssessment,TASK_COMPLETE,SUCCESS,INFO,205,205,0,,2026-08-30T19:04:27.050Z,2026-08-30T21:04:59.710Z,7232,2026-08-30T21:04:59.710Z,D09,Murfreesboro,ba679216-ee2b-4344-afb9-134290faf502,SAMMS-MurfreesboroV6
202608302104537464,202608301904171645,202608301904170791,85,320,Bronze INV,br_AdmissionAssessment,TASK_COMPLETE,SUCCESS,INFO,81,81,0,,2026-08-30T19:04:27.050Z,2026-08-30T21:04:59.710Z,7232,2026-08-30T21:04:59.710Z,DA,Davenport,ba679216-ee2b-4344-afb9-134290faf502,SAMMS-Davenport
202608302104537466,202608301904171646,202608301904170791,85,321,Bronze INV,br_AdmissionAssessment,TASK_COMPLETE,SUCCESS,INFO,138,138,0,,2026-08-30T19:04:27.050Z,2026-08-30T21:04:59.710Z,7232,2026-08-30T21:04:59.710Z,DM,Des Moines,ba679216-ee2b-4344-afb9-134290faf502,SAMMS-DesMoines
202608302104537467,202608301904171647,202608301904170791,85,323,Bronze INV,br_AdmissionAssessment,TASK_COMPLETE,SUCCESS,INFO,145,145,0,,2026-08-30T19:04:27.050Z,2026-08-30T21:04:59.710Z,7232,2026-08-30T21:04:59.710Z,DRD-CO,Columbia MO,ba679216-ee2b-4344-afb9-134290faf502,SAMMS-ColumbiaV5
202608302104537468,202608301904171648,202608301904170791,85,324,Bronze INV,br_AdmissionAssessment,TASK_COMPLETE,SUCCESS,INFO,159,159,0,,2026-08-30T19:04:27.050Z,2026-08-30T21:04:59.710Z,7232,2026-08-30T21:04:59.710Z,DRD-KC,KC,ba679216-ee2b-4344-afb9-134290faf502,SAMMS-KCv5
202608302104537469,202608301904171649,202608301904170791,85,325,Bronze INV,br_AdmissionAssessment,TASK_COMPLETE,SUCCESS,INFO,122,122,0,,2026-08-30T19:04:27.050Z,2026-08-30T21:04:59.710Z,7232,2026-08-30T21:04:59.710Z,DRD-KVB,KVB,ba679216-ee2b-4344-afb9-134290faf502,SAMMS-KVBv5
202608302104537470,202608301904171650,202608301904170791,85,326,Bronze INV,br_AdmissionAssessment,TASK_COMPLETE,SUCCESS,INFO,367,367,0,,2026-08-30T19:04:27.050Z,2026-08-30T21:04:59.710Z,7232,2026-08-30T21:04:59.710Z,DRD-KVC,KVC,ba679216-ee2b-4344-afb9-134290faf502,SAMMS-KVCv5
202608302104537471,202608301904171651,202608301904170791,85,327,Bronze INV,br_AdmissionAssessment,TASK_COMPLETE,SUCCESS,INFO,327,327,0,,2026-08-30T19:04:27.050Z,2026-08-30T21:04:59.710Z,7232,2026-08-30T21:04:59.710Z,DRD-NOLA,NOLA,ba679216-ee2b-4344-afb9-134290faf502,SAMMS-NOLAv5
202608302104537472,202608301904171652,202608301904170791,85,328,Bronze INV,br_AdmissionAssessment,TASK_COMPLETE,SUCCESS,INFO,251,251,0,,2026-08-30T19:04:27.050Z,2026-08-30T21:04:59.710Z,7232,2026-08-30T21:04:59.710Z,DRD-SF,Springfield,ba679216-ee2b-4344-afb9-134290faf502,SAMMS-SFv5
202608302104537474,202608301904171653,202608301904170791,85,330,Bronze INV,br_AdmissionAssessment,TASK_COMPLETE,SUCCESS,INFO,88,88,0,,2026-08-30T19:04:27.050Z,2026-08-30T21:04:59.710Z,7232,2026-08-30T21:04:59.710Z,ELC,Elizabeth City,ba679216-ee2b-4344-afb9-134290faf502,SAMMS-ElizabethCity
202608302104537475,202608301904171654,202608301904170791,85,331,Bronze INV,br_AdmissionAssessment,TASK_COMPLETE,SUCCESS,INFO,4,4,0,,2026-08-30T19:04:27.050Z,2026-08-30T21:04:59.710Z,7232,2026-08-30T21:04:59.710Z,ET,Elizabethtown,ba679216-ee2b-4344-afb9-134290faf502,SAMMS-Elizabethtown
202608302104537476,202608301904171655,202608301904170791,85,332,Bronze INV,br_AdmissionAssessment,TASK_COMPLETE,SUCCESS,INFO,117,117,0,,2026-08-30T19:04:27.050Z,2026-08-30T21:04:59.710Z,7232,2026-08-30T21:04:59.710Z,FAY,Fayetteville,ba679216-ee2b-4344-afb9-134290faf502,SAMMS-Fayetteville
202608302104537477,202608301904171656,202608301904170791,85,333,Bronze INV,br_AdmissionAssessment,TASK_COMPLETE,SUCCESS,INFO,3,3,0,,2026-08-30T19:04:27.050Z,2026-08-30T21:04:59.710Z,7232,2026-08-30T21:04:59.710Z,FR,Frankfort,ba679216-ee2b-4344-afb9-134290faf502,SAMMS-Frankfort
202608302104537478,202608301904171657,202608301904170791,85,334,Bronze INV,br_AdmissionAssessment,TASK_COMPLETE,SUCCESS,INFO,111,111,0,,2026-08-30T19:04:27.050Z,2026-08-30T21:04:59.710Z,7232,2026-08-30T21:04:59.710Z,FS,Fort Smith,ba679216-ee2b-4344-afb9-134290faf502,SAMMS-FortSmith
202608302104537479,202608301904171658,202608301904170791,85,335,Bronze INV,br_AdmissionAssessment,TASK_COMPLETE,SUCCESS,INFO,207,207,0,,2026-08-30T19:04:27.050Z,2026-08-30T21:04:59.710Z,7232,2026-08-30T21:04:59.710Z,FW,Fort Wayne,ba679216-ee2b-4344-afb9-134290faf502,SAMMS-FortWayne
202608302104537480,202608301904171659,202608301904170791,85,336,Bronze INV,br_AdmissionAssessment,TASK_COMPLETE,SUCCESS,INFO,35,35,0,,2026-08-30T19:04:27.050Z,2026-08-30T21:04:59.710Z,7232,2026-08-30T21:04:59.710Z,GAL,Gaylord,ba679216-ee2b-4344-afb9-134290faf502,SAMMS-Gaylord
202608302104537481,202608301904171660,202608301904170791,85,340,Bronze INV,br_AdmissionAssessment,TASK_COMPLETE,SUCCESS,INFO,166,166,0,,2026-08-30T19:04:27.050Z,2026-08-30T21:04:59.710Z,7232,2026-08-30T21:04:59.710Z,HGT,Hagerstown,ba679216-ee2b-4344-afb9-134290faf502,SAMMS-Hagerstown
202608302104537483,202608301904171661,202608301904170791,85,341,Bronze INV,br_AdmissionAssessment,TASK_COMPLETE,SUCCESS,INFO,124,124,0,,2026-08-30T19:04:27.050Z,2026-08-30T21:04:59.710Z,7232,2026-08-30T21:04:59.710Z,HNT,Huntsville,ba679216-ee2b-4344-afb9-134290faf502,SAMMS-Huntsville
202608302104537484,202608301904171662,202608301904170791,85,342,Bronze INV,br_AdmissionAssessment,TASK_COMPLETE,SUCCESS,INFO,151,151,0,,2026-08-30T19:04:27.050Z,2026-08-30T21:04:59.710Z,7232,2026-08-30T21:04:59.710Z,HS,Hot Springs,ba679216-ee2b-4344-afb9-134290faf502,SAMMS-HotSprings
202608302104537485,202608301904171663,202608301904170791,85,343,Bronze INV,br_AdmissionAssessment,TASK_COMPLETE,SUCCESS,INFO,78,78,0,,2026-08-30T19:04:27.050Z,2026-08-30T21:04:59.710Z,7232,2026-08-30T21:04:59.710Z,JON,Jonesboro,ba679216-ee2b-4344-afb9-134290faf502,SAMMS-Jonesboro
202608302104537486,202608301904171664,202608301904170791,85,345,Bronze INV,br_AdmissionAssessment,TASK_COMPLETE,SUCCESS,INFO,72,72,0,,2026-08-30T19:04:27.050Z,2026-08-30T21:04:59.710Z,7232,2026-08-30T21:04:59.710Z,LAN,Lansing,ba679216-ee2b-4344-afb9-134290faf502,SAMMS-Lansing
202608302104537487,202608301904171665,202608301904170791,85,346,Bronze INV,br_AdmissionAssessment,TASK_COMPLETE,SUCCESS,INFO,2,2,0,,2026-08-30T19:04:27.050Z,2026-08-30T21:04:59.710Z,7232,2026-08-30T21:04:59.710Z,LO,Louisville,ba679216-ee2b-4344-afb9-134290faf502,SAMMS-Louisville
202608302104537488,202608301904171666,202608301904170791,85,347,Bronze INV,br_AdmissionAssessment,TASK_COMPLETE,SUCCESS,INFO,379,379,0,,2026-08-30T19:04:27.050Z,2026-08-30T21:04:59.710Z,7232,2026-08-30T21:04:59.710Z,LV1,Cheyenne,ba679216-ee2b-4344-afb9-134290faf502,SAMMS-Cheyenne
202608302104537489,202608301904171667,202608301904170791,85,348,Bronze INV,br_AdmissionAssessment,TASK_COMPLETE,SUCCESS,INFO,353,353,0,,2026-08-30T19:04:27.050Z,2026-08-30T21:04:59.710Z,7232,2026-08-30T21:04:59.710Z,LV2,Desert Inn,ba679216-ee2b-4344-afb9-134290faf502,SAMMS-DesertInn
202608302104537491,202608301904171668,202608301904170791,85,349,Bronze INV,br_AdmissionAssessment,TASK_COMPLETE,SUCCESS,INFO,107,107,0,,2026-08-30T19:04:27.050Z,2026-08-30T21:04:59.710Z,7232,2026-08-30T21:04:59.710Z,LV3,McDaniel,ba679216-ee2b-4344-afb9-134290faf502,SAMMS-McDaniel
202608302104537492,202608301904171669,202608301904170791,85,352,Bronze INV,br_AdmissionAssessment,TASK_COMPLETE,SUCCESS,INFO,89,89,0,,2026-08-30T19:04:27.050Z,2026-08-30T21:04:59.710Z,7232,2026-08-30T21:04:59.710Z,MNRE,Monroe,ba679216-ee2b-4344-afb9-134290faf502,SAMMS-Monroe
202608302104537493,202608301904171670,202608301904170791,85,353,Bronze INV,br_AdmissionAssessment,TASK_COMPLETE,SUCCESS,INFO,62,62,0,,2026-08-30T19:04:27.050Z,2026-08-30T21:04:59.710Z,7232,2026-08-30T21:04:59.710Z,MP,Mt. Pleasant,ba679216-ee2b-4344-afb9-134290faf502,SAMMS-MtPleasant
202608302104537494,202608301904171671,202608301904170791,85,354,Bronze INV,br_AdmissionAssessment,TASK_COMPLETE,SUCCESS,INFO,55,55,0,,2026-08-30T19:04:27.050Z,2026-08-30T21:04:59.710Z,7232,2026-08-30T21:04:59.710Z,MRD,Meridian,ba679216-ee2b-4344-afb9-134290faf502,SAMMS-Meridian
202608302104537495,202608301904171672,202608301904170791,85,359,Bronze INV,br_AdmissionAssessment,TASK_COMPLETE,SUCCESS,INFO,199,199,0,,2026-08-30T19:04:27.050Z,2026-08-30T21:04:59.710Z,7232,2026-08-30T21:04:59.710Z,NC,North Charleston,ba679216-ee2b-4344-afb9-134290faf502,SAMMS-NorthCharleston
202608302104537496,202608301904171673,202608301904170791,85,360,Bronze INV,br_AdmissionAssessment,TASK_COMPLETE,SUCCESS,INFO,287,287,0,,2026-08-30T19:04:27.050Z,2026-08-30T21:04:59.710Z,7232,2026-08-30T21:04:59.710Z,NLR,N. Little Rock,ba679216-ee2b-4344-afb9-134290faf502,SAMMS-NLROBOT
202608302104537498,202608301904171674,202608301904170791,85,361,Bronze INV,br_AdmissionAssessment,TASK_COMPLETE,SUCCESS,INFO,0,0,0,,2026-08-30T19:04:27.050Z,2026-08-30T21:04:59.710Z,7232,2026-08-30T21:04:59.710Z,PH,Phoenix,ba679216-ee2b-4344-afb9-134290faf502,SAMMS-Phoenix
202608302104537499,202608301904171675,202608301904170791,85,365,Bronze INV,br_AdmissionAssessment,TASK_COMPLETE,SUCCESS,INFO,203,203,0,,2026-08-30T19:04:27.050Z,2026-08-30T21:04:59.710Z,7232,2026-08-30T21:04:59.710Z,RE,Reno,ba679216-ee2b-4344-afb9-134290faf502,SAMMS-Reno
202608302104537500,202608301904171676,202608301904170791,85,366,Bronze INV,br_AdmissionAssessment,TASK_COMPLETE,SUCCESS,INFO,2,2,0,,2026-08-30T19:04:27.050Z,2026-08-30T21:04:59.710Z,7232,2026-08-30T21:04:59.710Z,RMD,Richmond,ba679216-ee2b-4344-afb9-134290faf502,SAMMS-Richmond
202608302104537501,202608301904171677,202608301904170791,85,367,Bronze INV,br_AdmissionAssessment,TASK_COMPLETE,SUCCESS,INFO,184,184,0,,2026-08-30T19:04:27.050Z,2026-08-30T21:04:59.710Z,7232,2026-08-30T21:04:59.710Z,SFN,Springfield North,ba679216-ee2b-4344-afb9-134290faf502,SAMMS-SFNv5
202608302104537502,202608301904171678,202608301904170791,85,368,Bronze INV,br_AdmissionAssessment,TASK_COMPLETE,SUCCESS,INFO,158,158,0,,2026-08-30T19:04:27.050Z,2026-08-30T21:04:59.710Z,7232,2026-08-30T21:04:59.710Z,SHP,Shreveport,ba679216-ee2b-4344-afb9-134290faf502,SAMMS-Shreveport
202608302104537503,202608301904171679,202608301904170791,85,370,Bronze INV,br_AdmissionAssessment,TASK_COMPLETE,SUCCESS,INFO,0,0,0,,2026-08-30T19:04:27.050Z,2026-08-30T21:04:59.710Z,7232,2026-08-30T21:04:59.710Z,STN,Staunton,ba679216-ee2b-4344-afb9-134290faf502,SAMMS-Staunton
202608302104537505,202608301904171680,202608301904170791,85,371,Bronze INV,br_AdmissionAssessment,TASK_COMPLETE,SUCCESS,INFO,25,25,0,,2026-08-30T19:04:27.050Z,2026-08-30T21:04:59.710Z,7232,2026-08-30T21:04:59.710Z,STVN,Stevenson,ba679216-ee2b-4344-afb9-134290faf502,SAMMS-Stevenson
202608302104537506,202608301904171681,202608301904170791,85,373,Bronze INV,br_AdmissionAssessment,TASK_COMPLETE,SUCCESS,INFO,0,0,0,,2026-08-30T19:04:27.050Z,2026-08-30T21:04:59.710Z,7232,2026-08-30T21:04:59.710Z,TE,Tempe,ba679216-ee2b-4344-afb9-134290faf502,SAMMS-Tempe
202608302104537507,202608301904171682,202608301904170791,85,374,Bronze INV,br_AdmissionAssessment,TASK_COMPLETE,SUCCESS,INFO,167,167,0,,2026-08-30T19:04:27.050Z,2026-08-30T21:04:59.710Z,7232,2026-08-30T21:04:59.710Z,TEX,Texarkana,ba679216-ee2b-4344-afb9-134290faf502,SAMMS-Texarkana
202608302104537508,202608301904171683,202608301904170791,85,375,Bronze INV,br_AdmissionAssessment,TASK_COMPLETE,SUCCESS,INFO,135,135,0,,2026-08-30T19:04:27.050Z,2026-08-30T21:04:59.710Z,7232,2026-08-30T21:04:59.710Z,TTCA,Bessemer,ba679216-ee2b-4344-afb9-134290faf502,SAMMS-BessemerV5
202608302104537509,202608301904171684,202608301904170791,85,376,Bronze INV,br_AdmissionAssessment,TASK_COMPLETE,SUCCESS,INFO,157,157,0,,2026-08-30T19:04:27.050Z,2026-08-30T21:04:59.710Z,7232,2026-08-30T21:04:59.710Z,TTCB,Cullman,ba679216-ee2b-4344-afb9-134290faf502,SAMMS-CullmanV5
202608302104537510,202608301904171685,202608301904170791,85,377,Bronze INV,br_AdmissionAssessment,TASK_COMPLETE,SUCCESS,INFO,74,74,0,,2026-08-30T19:04:27.050Z,2026-08-30T21:04:59.710Z,7232,2026-08-30T21:04:59.710Z,TTCC,Grand Bay,ba679216-ee2b-4344-afb9-134290faf502,SAMMS-GrandBay
202608302104537511,202608301904171686,202608301904170791,85,378,Bronze INV,br_AdmissionAssessment,TASK_COMPLETE,SUCCESS,INFO,1,1,0,,2026-08-30T19:04:27.050Z,2026-08-30T21:04:59.710Z,7232,2026-08-30T21:04:59.710Z,TU,Tucson,ba679216-ee2b-4344-afb9-134290faf502,SAMMS-Tucson
202608302104537513,202608301904171687,202608301904170791,85,380,Bronze INV,br_AdmissionAssessment,TASK_COMPLETE,SUCCESS,INFO,58,58,0,,2026-08-30T19:04:27.050Z,2026-08-30T21:04:59.710Z,7232,2026-08-30T21:04:59.710Z,V1,Memphis South,ba679216-ee2b-4344-afb9-134290faf502,SAMMS-VCPHCS-I-MemphisV5
202608302104537514,202608301904171688,202608301904170791,85,381,Bronze INV,br_AdmissionAssessment,TASK_COMPLETE,SUCCESS,INFO,130,130,0,,2026-08-30T19:04:27.050Z,2026-08-30T21:04:59.710Z,7232,2026-08-30T21:04:59.710Z,V10,Longmont,ba679216-ee2b-4344-afb9-134290faf502,SAMMS-BoulderV5
202608302104537515,202608301904171689,202608301904170791,85,382,Bronze INV,br_AdmissionAssessment,TASK_COMPLETE,SUCCESS,INFO,273,273,0,,2026-08-30T19:04:27.050Z,2026-08-30T21:04:59.710Z,7232,2026-08-30T21:04:59.710Z,V10A,Fort Collins,ba679216-ee2b-4344-afb9-134290faf502,SAMMS-FortCollinsV5
202608302104537516,202608301904171690,202608301904170791,85,383,Bronze INV,br_AdmissionAssessment,TASK_COMPLETE,SUCCESS,INFO,203,203,0,,2026-08-30T19:04:27.050Z,2026-08-30T21:04:59.710Z,7232,2026-08-30T21:04:59.710Z,V11,Westminster,ba679216-ee2b-4344-afb9-134290faf502,SAMMS-VCPHCS-XI-NorthDenverV5
202608302104537517,202608301904171691,202608301904170791,85,384,Bronze INV,br_AdmissionAssessment,TASK_COMPLETE,SUCCESS,INFO,330,330,0,,2026-08-30T19:04:27.050Z,2026-08-30T21:04:59.710Z,7232,2026-08-30T21:04:59.710Z,V12,Downtown Denver,ba679216-ee2b-4344-afb9-134290faf502,SAMMS-VCPHCS-XII-DowntownDenverV5
202608302104537518,202608301904171692,202608301904170791,85,385,Bronze INV,br_AdmissionAssessment,TASK_COMPLETE,SUCCESS,INFO,82,82,0,,2026-08-30T19:04:27.050Z,2026-08-30T21:04:59.710Z,7232,2026-08-30T21:04:59.710Z,V12A,Centennial,ba679216-ee2b-4344-afb9-134290faf502,SAMMS-CentennialV5
202608302104537519,202608301904171693,202608301904170791,85,386,Bronze INV,br_AdmissionAssessment,TASK_COMPLETE,SUCCESS,INFO,116,116,0,,2026-08-30T19:04:27.050Z,2026-08-30T21:04:59.710Z,7232,2026-08-30T21:04:59.710Z,V14,Overland Park,ba679216-ee2b-4344-afb9-134290faf502,SAMMS-VCPHCS-XIV-BridgewayV5
202608302104537521,202608301904171694,202608301904170791,85,387,Bronze INV,br_AdmissionAssessment,TASK_COMPLETE,SUCCESS,INFO,199,199,0,,2026-08-30T19:04:27.050Z,2026-08-30T21:04:59.710Z,7232,2026-08-30T21:04:59.710Z,V15,Joplin,ba679216-ee2b-4344-afb9-134290faf502,SAMMS-JoplinV5
202608302104537522,202608301904171695,202608301904170791,85,389,Bronze INV,br_AdmissionAssessment,TASK_COMPLETE,SUCCESS,INFO,120,120,0,,2026-08-30T19:04:27.050Z,2026-08-30T21:04:59.710Z,7232,2026-08-30T21:04:59.710Z,V17,Columbia TN,ba679216-ee2b-4344-afb9-134290faf502,SAMMS-ColumbiaTNv5
202608302104537523,202608301904171696,202608301904170791,85,391,Bronze INV,br_AdmissionAssessment,TASK_COMPLETE,SUCCESS,INFO,145,145,0,,2026-08-30T19:04:27.050Z,2026-08-30T21:04:59.710Z,7232,2026-08-30T21:04:59.710Z,V19,Jackson,ba679216-ee2b-4344-afb9-134290faf502,SAMMS-JacksonV5
202608302104537524,202608301904171697,202608301904170791,85,393,Bronze INV,br_AdmissionAssessment,TASK_COMPLETE,SUCCESS,INFO,104,104,0,,2026-08-30T19:04:27.050Z,2026-08-30T21:04:59.710Z,7232,2026-08-30T21:04:59.710Z,V20,Paris,ba679216-ee2b-4344-afb9-134290faf502,SAMMS-ParisV5
202608302104537525,202608301904171698,202608301904170791,85,394,Bronze INV,br_AdmissionAssessment,TASK_COMPLETE,SUCCESS,INFO,62,62,0,,2026-08-30T19:04:27.050Z,2026-08-30T21:04:59.710Z,7232,2026-08-30T21:04:59.710Z,V21,Memphis North,ba679216-ee2b-4344-afb9-134290faf502,SAMMS-RaleighV5
202608302104537526,202608301904171699,202608301904170791,85,397,Bronze INV,br_AdmissionAssessment,TASK_COMPLETE,SUCCESS,INFO,189,189,0,,2026-08-30T19:04:27.050Z,2026-08-30T21:04:59.710Z,7232,2026-08-30T21:04:59.710Z,V5,West Bank,ba679216-ee2b-4344-afb9-134290faf502,SAMMS-NONTCv5
202608302104537527,202608301904171700,202608301904170791,85,399,Bronze INV,br_AdmissionAssessment,TASK_COMPLETE,SUCCESS,INFO,83,83,0,,2026-08-30T19:04:27.050Z,2026-08-30T21:04:59.710Z,7232,2026-08-30T21:04:59.710Z,V5B,Houma,ba679216-ee2b-4344-afb9-134290faf502,SAMMS-HoumaV6
202608302104537528,202608301904171701,202608301904170791,85,400,Bronze INV,br_AdmissionAssessment,TASK_COMPLETE,SUCCESS,INFO,235,235,0,,2026-08-30T19:04:27.050Z,2026-08-30T21:04:59.710Z,7232,2026-08-30T21:04:59.710Z,V6,Lake Charles,ba679216-ee2b-4344-afb9-134290faf502,SAMMS-LCv5
202608302104537530,202608301904171702,202608301904170791,85,402,Bronze INV,br_AdmissionAssessment,TASK_COMPLETE,SUCCESS,INFO,155,155,0,,2026-08-30T19:04:27.050Z,2026-08-30T21:04:59.710Z,7232,2026-08-30T21:04:59.710Z,V8,Memphis Midtown,ba679216-ee2b-4344-afb9-134290faf502,SAMMS-VCPHCS-VIII-MemphisV5
202608302104537531,202608301904171703,202608301904170791,85,403,Bronze INV,br_AdmissionAssessment,TASK_COMPLETE,SUCCESS,INFO,311,311,0,,2026-08-30T19:04:27.050Z,2026-08-30T21:04:59.710Z,7232,2026-08-30T21:04:59.710Z,V9,Nashville,ba679216-ee2b-4344-afb9-134290faf502,SAMMS-NashvilleV5
202608302104536875,202608301904171134,202608301904170791,85,2799,Bronze INV,br_LiquidLog,TASK_COMPLETE,SUCCESS,INFO,139751,139751,0,,2026-08-30T19:04:27.050Z,2026-08-30T21:04:59.710Z,7232,2026-08-30T21:04:59.710Z,VMIN,Minneapolis,ba679216-ee2b-4344-afb9-134290faf502,SAMMS-MinneapolisV6
202608302104536876,202608301904171135,202608301904170791,85,2800,Bronze INV,br_LiquidLog,TASK_COMPLETE,SUCCESS,INFO,251332,251332,0,,2026-08-30T19:04:27.050Z,2026-08-30T21:04:59.710Z,7232,2026-08-30T21:04:59.710Z,VWBY,Woodbury,ba679216-ee2b-4344-afb9-134290faf502,SAMMS-WoodburyV6
202608302104536877,202608301904171136,202608301904170791,85,2802,Bronze INV,br_LiquidLog,TASK_COMPLETE,SUCCESS,INFO,115893,115893,0,,2026-08-30T19:04:27.050Z,2026-08-30T21:04:59.710Z,7232,2026-08-30T21:04:59.710Z,WIL,Wilson,ba679216-ee2b-4344-afb9-134290faf502,SAMMS-Wilson
202608302104536878,202608301904171137,202608301904170791,85,2806,Bronze INV,br_OrientationChecklistNew,TASK_COMPLETE,SUCCESS,INFO,58,58,0,,2026-08-30T19:04:27.050Z,2026-08-30T21:04:59.710Z,7232,2026-08-30T21:04:59.710Z,AHK,Ahoskie,ba679216-ee2b-4344-afb9-134290faf502,SAMMS-Ahoskie
202608302104536879,202608301904171138,202608301904170791,85,2807,Bronze INV,br_OrientationChecklistNew,TASK_COMPLETE,SUCCESS,INFO,154,154,0,,2026-08-30T19:04:27.050Z,2026-08-30T21:04:59.710Z,7232,2026-08-30T21:04:59.710Z,B12B,Colorado Springs,ba679216-ee2b-4344-afb9-134290faf502,SAMMS-ColoradoSpringsV5
202608302104536880,202608301904171139,202608301904170791,85,2808,Bronze INV,br_OrientationChecklistNew,TASK_COMPLETE,SUCCESS,INFO,170,170,0,,2026-08-30T19:04:27.050Z,2026-08-30T21:04:59.710Z,7232,2026-08-30T21:04:59.710Z,B24,Paintsville,ba679216-ee2b-4344-afb9-134290faf502,SAMMS-PaintsvilleV5
202608302104536882,202608301904171140,202608301904170791,85,2809,Bronze INV,br_OrientationChecklistNew,TASK_COMPLETE,SUCCESS,INFO,87,87,0,,2026-08-30T19:04:27.050Z,2026-08-30T21:04:59.710Z,7232,2026-08-30T21:04:59.710Z,B25,Pikeville,ba679216-ee2b-4344-afb9-134290faf502,SAMMS-PikevilleV5
202608302104536883,202608301904171141,202608301904170791,85,2810,Bronze INV,br_OrientationChecklistNew,TASK_COMPLETE,SUCCESS,INFO,269,269,0,,2026-08-30T19:04:27.050Z,2026-08-30T21:04:59.710Z,7232,2026-08-30T21:04:59.710Z,B26,Hazard,ba679216-ee2b-4344-afb9-134290faf502,SAMMS-HazardV5
202608302104536884,202608301904171142,202608301904170791,85,2811,Bronze INV,br_OrientationChecklistNew,TASK_COMPLETE,SUCCESS,INFO,28,28,0,,2026-08-30T19:04:27.050Z,2026-08-30T21:04:59.710Z,7232,2026-08-30T21:04:59.710Z,B27,Savannah,ba679216-ee2b-4344-afb9-134290faf502,SAMMS-SavannahV6
202608302104536885,202608301904171143,202608301904170791,85,2812,Bronze INV,br_OrientationChecklistNew,TASK_COMPLETE,SUCCESS,INFO,98,98,0,,2026-08-30T19:04:27.050Z,2026-08-30T21:04:59.710Z,7232,2026-08-30T21:04:59.710Z,B28,West Plains,ba679216-ee2b-4344-afb9-134290faf502,SAMMS-WestPlainesV5
202608302104536886,202608301904171144,202608301904170791,85,2813,Bronze INV,br_OrientationChecklistNew,TASK_COMPLETE,SUCCESS,INFO,77,77,0,,2026-08-30T19:04:27.050Z,2026-08-30T21:04:59.710Z,7232,2026-08-30T21:04:59.710Z,B29,Poplar Bluff,ba679216-ee2b-4344-afb9-134290faf502,SAMMS-PoplarBluffV5
202608302104536887,202608301904171145,202608301904170791,85,2814,Bronze INV,br_OrientationChecklistNew,TASK_COMPLETE,SUCCESS,INFO,55,55,0,,2026-08-30T19:04:27.050Z,2026-08-30T21:04:59.710Z,7232,2026-08-30T21:04:59.710Z,B30,KC North,ba679216-ee2b-4344-afb9-134290faf502,SAMMS-KCNv5
202608302104536888,202608301904171146,202608301904170791,85,2815,Bronze INV,br_OrientationChecklistNew,TASK_COMPLETE,SUCCESS,INFO,77,77,0,,2026-08-30T19:04:27.050Z,2026-08-30T21:04:59.710Z,7232,2026-08-30T21:04:59.710Z,B31,Dyersburg,ba679216-ee2b-4344-afb9-134290faf502,SAMMS-DyersburgV5
202608302104536890,202608301904171147,202608301904170791,85,2817,Bronze INV,br_OrientationChecklistNew,TASK_COMPLETE,SUCCESS,INFO,70,70,0,,2026-08-30T19:04:27.050Z,2026-08-30T21:04:59.710Z,7232,2026-08-30T21:04:59.710Z,B33,Paducah,ba679216-ee2b-4344-afb9-134290faf502,SAMMS-Paducah
202608302104536891,202608301904171148,202608301904170791,85,2818,Bronze INV,br_OrientationChecklistNew,TASK_COMPLETE,SUCCESS,INFO,157,157,0,,2026-08-30T19:04:27.050Z,2026-08-30T21:04:59.710Z,7232,2026-08-30T21:04:59.710Z,B34,Corbin,ba679216-ee2b-4344-afb9-134290faf502,SAMMS-CorbinV5
202608302104536892,202608301904171149,202608301904170791,85,2819,Bronze INV,br_OrientationChecklistNew,TASK_COMPLETE,SUCCESS,INFO,388,388,0,,2026-08-30T19:04:27.050Z,2026-08-30T21:04:59.710Z,7232,2026-08-30T21:04:59.710Z,B35,Lexington,ba679216-ee2b-4344-afb9-134290faf502,SAMMS-LexingtonV5
202608302104536893,202608301904171150,202608301904170791,85,2820,Bronze INV,br_OrientationChecklistNew,TASK_COMPLETE,SUCCESS,INFO,143,143,0,,2026-08-30T19:04:27.050Z,2026-08-30T21:04:59.710Z,7232,2026-08-30T21:04:59.710Z,B35A,Berea,ba679216-ee2b-4344-afb9-134290faf502,SAMMS-BereaV5
202608302104536894,202608301904171151,202608301904170791,85,2821,Bronze INV,br_OrientationChecklistNew,TASK_COMPLETE,SUCCESS,INFO,149,149,0,,2026-08-30T19:04:27.050Z,2026-08-30T21:04:59.710Z,7232,2026-08-30T21:04:59.710Z,B36,Asheville,ba679216-ee2b-4344-afb9-134290faf502,SAMMS-AshevilleV5
202608302104536895,202608301904171152,202608301904170791,85,2822,Bronze INV,br_OrientationChecklistNew,TASK_COMPLETE,SUCCESS,INFO,118,118,0,,2026-08-30T19:04:27.050Z,2026-08-30T21:04:59.710Z,7232,2026-08-30T21:04:59.710Z,B37,Clyde,ba679216-ee2b-4344-afb9-134290faf502,SAMMS-ClydeV5
202608302104536896,202608301904171153,202608301904170791,85,2823,Bronze INV,br_OrientationChecklistNew,TASK_COMPLETE,SUCCESS,INFO,160,160,0,,2026-08-30T19:04:27.050Z,2026-08-30T21:04:59.710Z,7232,2026-08-30T21:04:59.710Z,B38,Spartanburg,ba679216-ee2b-4344-afb9-134290faf502,SAMMS-SpartanburgV5
202608302104536897,202608301904171154,202608301904170791,85,2824,Bronze INV,br_OrientationChecklistNew,TASK_COMPLETE,SUCCESS,INFO,131,131,0,,2026-08-30T19:04:27.050Z,2026-08-30T21:04:59.710Z,7232,2026-08-30T21:04:59.710Z,B39,Aiken,ba679216-ee2b-4344-afb9-134290faf502,SAMMS-AikenV5
202608302104536899,202608301904171155,202608301904170791,85,2825,Bronze INV,br_OrientationChecklistNew,TASK_COMPLETE,SUCCESS,INFO,149,149,0,,2026-08-30T19:04:27.050Z,2026-08-30T21:04:59.710Z,7232,2026-08-30T21:04:59.710Z,B41,Chesapeake,ba679216-ee2b-4344-afb9-134290faf502,SAMMS-ChesapeakeV5
202608302104536900,202608301904171156,202608301904170791,85,2826,Bronze INV,br_OrientationChecklistNew,TASK_COMPLETE,SUCCESS,INFO,201,201,0,,2026-08-30T19:04:27.050Z,2026-08-30T21:04:59.710Z,7232,2026-08-30T21:04:59.710Z,B42,Virginia Beach,ba679216-ee2b-4344-afb9-134290faf502,SAMMS-VirginiaBeachV5
202608302104536901,202608301904171157,202608301904170791,85,2827,Bronze INV,br_OrientationChecklistNew,TASK_COMPLETE,SUCCESS,INFO,134,134,0,,2026-08-30T19:04:27.050Z,2026-08-30T21:04:59.710Z,7232,2026-08-30T21:04:59.710Z,B42A,Newport News,ba679216-ee2b-4344-afb9-134290faf502,SAMMS-NewportNewsV5
202608302104536902,202608301904171158,202608301904170791,85,2828,Bronze INV,br_OrientationChecklistNew,TASK_COMPLETE,SUCCESS,INFO,28,28,0,,2026-08-30T19:04:27.050Z,2026-08-30T21:04:59.710Z,7232,2026-08-30T21:04:59.710Z,B42B,Franklin,ba679216-ee2b-4344-afb9-134290faf502,SAMMS-FranklinV5
202608302104536903,202608301904171159,202608301904170791,85,2829,Bronze INV,br_OrientationChecklistNew,TASK_COMPLETE,SUCCESS,INFO,196,196,0,,2026-08-30T19:04:27.050Z,2026-08-30T21:04:59.710Z,7232,2026-08-30T21:04:59.710Z,B42C,Glen Allen,ba679216-ee2b-4344-afb9-134290faf502,SAMMS-GlenAllenV5
202608302104536904,202608301904171160,202608301904170791,85,2830,Bronze INV,br_OrientationChecklistNew,TASK_COMPLETE,SUCCESS,INFO,74,74,0,,2026-08-30T19:04:27.050Z,2026-08-30T21:04:59.710Z,7232,2026-08-30T21:04:59.710Z,B42D,Chesapeake South,ba679216-ee2b-4344-afb9-134290faf502,SAMMS-ChesapeakeSouthV5
202608302104536905,202608301904171161,202608301904170791,85,2831,Bronze INV,br_OrientationChecklistNew,TASK_COMPLETE,SUCCESS,INFO,56,56,0,,2026-08-30T19:04:27.050Z,2026-08-30T21:04:59.710Z,7232,2026-08-30T21:04:59.710Z,B44,Albany,ba679216-ee2b-4344-afb9-134290faf502,SAMMS-AlbanyV5
202608302104536906,202608301904171162,202608301904170791,85,2832,Bronze INV,br_OrientationChecklistNew,TASK_COMPLETE,SUCCESS,INFO,55,55,0,,2026-08-30T19:04:27.050Z,2026-08-30T21:04:59.710Z,7232,2026-08-30T21:04:59.710Z,B45,Tifton,ba679216-ee2b-4344-afb9-134290faf502,SAMMS-TiftonV5
202608302104536908,202608301904171163,202608301904170791,85,2833,Bronze INV,br_OrientationChecklistNew,TASK_COMPLETE,SUCCESS,INFO,264,264,0,,2026-08-30T19:04:27.050Z,2026-08-30T21:04:59.710Z,7232,2026-08-30T21:04:59.710Z,B46,Washington DC,ba679216-ee2b-4344-afb9-134290faf502,SAMMS-WashingtonDCv5
202608302104536909,202608301904171164,202608301904170791,85,2834,Bronze INV,br_OrientationChecklistNew,TASK_COMPLETE,SUCCESS,INFO,97,97,0,,2026-08-30T19:04:27.050Z,2026-08-30T21:04:59.710Z,7232,2026-08-30T21:04:59.710Z,B47,Mobile,ba679216-ee2b-4344-afb9-134290faf502,SAMMS-MobileV5
202608302104536910,202608301904171165,202608301904170791,85,2835,Bronze INV,br_OrientationChecklistNew,TASK_COMPLETE,SUCCESS,INFO,125,125,0,,2026-08-30T19:04:27.050Z,2026-08-30T21:04:59.710Z,7232,2026-08-30T21:04:59.710Z,B48,Tuscaloosa,ba679216-ee2b-4344-afb9-134290faf502,SAMMS-TuscaloosaV5
202608302104536911,202608301904171166,202608301904170791,85,2844,Bronze INV,br_OrientationChecklistNew,TASK_COMPLETE,SUCCESS,INFO,75,75,0,,2026-08-30T19:04:27.050Z,2026-08-30T21:04:59.710Z,7232,2026-08-30T21:04:59.710Z,B51,N. Little Rock (OTP),ba679216-ee2b-4344-afb9-134290faf502,SAMMS-NorthLittleRockV6
202608302104536912,202608301904171167,202608301904170791,85,2845,Bronze INV,br_OrientationChecklistNew,TASK_COMPLETE,SUCCESS,INFO,13,13,0,,2026-08-30T19:04:27.050Z,2026-08-30T21:04:59.710Z,7232,2026-08-30T21:04:59.710Z,B52,Jackson GA,ba679216-ee2b-4344-afb9-134290faf502,SAMMS-JacksonGAV5
202608302104536913,202608301904171168,202608301904170791,85,2846,Bronze INV,br_OrientationChecklistNew,TASK_COMPLETE,SUCCESS,INFO,131,131,0,,2026-08-30T19:04:27.050Z,2026-08-30T21:04:59.710Z,7232,2026-08-30T21:04:59.710Z,B54,Gadsden,ba679216-ee2b-4344-afb9-134290faf502,SAMMS-GadsdenV5
202608302104536914,202608301904171169,202608301904170791,85,2847,Bronze INV,br_OrientationChecklistNew,TASK_COMPLETE,SUCCESS,INFO,70,70,0,,2026-08-30T19:04:27.050Z,2026-08-30T21:04:59.710Z,7232,2026-08-30T21:04:59.710Z,B55,Shoals,ba679216-ee2b-4344-afb9-134290faf502,SAMMS-ShoalsV5
202608302104536916,202608301904171170,202608301904170791,85,2848,Bronze INV,br_OrientationChecklistNew,TASK_COMPLETE,SUCCESS,INFO,33,33,0,,2026-08-30T19:04:27.050Z,2026-08-30T21:04:59.710Z,7232,2026-08-30T21:04:59.710Z,B57,Pawtucket,ba679216-ee2b-4344-afb9-134290faf502,SAMMS-Pawtucket
202608302104536917,202608301904171171,202608301904170791,85,2849,Bronze INV,br_OrientationChecklistNew,TASK_COMPLETE,SUCCESS,INFO,76,76,0,,2026-08-30T19:04:27.050Z,2026-08-30T21:04:59.710Z,7232,2026-08-30T21:04:59.710Z,B57A,Johnston,ba679216-ee2b-4344-afb9-134290faf502,SAMMS-Johnston
202608302104536918,202608301904171172,202608301904170791,85,2850,Bronze INV,br_OrientationChecklistNew,TASK_COMPLETE,SUCCESS,INFO,17,17,0,,2026-08-30T19:04:27.050Z,2026-08-30T21:04:59.710Z,7232,2026-08-30T21:04:59.710Z,B57B,Middletown,ba679216-ee2b-4344-afb9-134290faf502,SAMMS-Middletown
202608302104536919,202608301904171173,202608301904170791,85,2851,Bronze INV,br_OrientationChecklistNew,TASK_COMPLETE,SUCCESS,INFO,29,29,0,,2026-08-30T19:04:27.050Z,2026-08-30T21:04:59.710Z,7232,2026-08-30T21:04:59.710Z,B57C,Providence,ba679216-ee2b-4344-afb9-134290faf502,SAMMS-Providence
202608302104536920,202608301904171174,202608301904170791,85,2852,Bronze INV,br_OrientationChecklistNew,TASK_COMPLETE,SUCCESS,INFO,31,31,0,,2026-08-30T19:04:27.050Z,2026-08-30T21:04:59.710Z,7232,2026-08-30T21:04:59.710Z,B57D,Westerly,ba679216-ee2b-4344-afb9-134290faf502,SAMMS-Westerly
202608302104536921,202608301904171175,202608301904170791,85,2856,Bronze INV,br_OrientationChecklistNew,TASK_COMPLETE,SUCCESS,INFO,0,0,0,,2026-08-30T19:04:27.050Z,2026-08-30T21:04:59.710Z,7232,2026-08-30T21:04:59.710Z,B66A,Bremen,ba679216-ee2b-4344-afb9-134290faf502,SAMMS-Bremen
202608302104536923,202608301904171176,202608301904170791,85,2859,Bronze INV,br_OrientationChecklistNew,TASK_COMPLETE,SUCCESS,INFO,0,0,0,,2026-08-30T19:04:27.050Z,2026-08-30T21:04:59.710Z,7232,2026-08-30T21:04:59.710Z,B72,Mobile (OBOT),ba679216-ee2b-4344-afb9-134290faf502,SAMMS-Mobile-OBOT
202608302104536924,202608301904171177,202608301904170791,85,2860,Bronze INV,br_OrientationChecklistNew,TASK_COMPLETE,SUCCESS,INFO,0,0,0,,2026-08-30T19:04:27.050Z,2026-08-30T21:04:59.710Z,7232,2026-08-30T21:04:59.710Z,B73,Montgomery,ba679216-ee2b-4344-afb9-134290faf502,SAMMS-Montgomery
202608302104536925,202608301904171178,202608301904170791,85,2861,Bronze INV,br_OrientationChecklistNew,TASK_COMPLETE,SUCCESS,INFO,95,95,0,,2026-08-30T19:04:27.050Z,2026-08-30T21:04:59.710Z,7232,2026-08-30T21:04:59.710Z,B75,Lawrence,ba679216-ee2b-4344-afb9-134290faf502,SAMMS-LawrenceV6
202608302104536926,202608301904171179,202608301904170791,85,2862,Bronze INV,br_OrientationChecklistNew,TASK_COMPLETE,SUCCESS,INFO,0,0,0,,2026-08-30T19:04:27.050Z,2026-08-30T21:04:59.710Z,7232,2026-08-30T21:04:59.710Z,B76,Huntsville OBOT,ba679216-ee2b-4344-afb9-134290faf502,SAMMS-Huntsville-OBOT
202608302104536927,202608301904171180,202608301904170791,85,2863,Bronze INV,br_OrientationChecklistNew,TASK_COMPLETE,SUCCESS,INFO,0,0,0,,2026-08-30T19:04:27.050Z,2026-08-30T21:04:59.710Z,7232,2026-08-30T21:04:59.710Z,BAT,Batesville,ba679216-ee2b-4344-afb9-134290faf502,SAMMS-Batesville
202608302104536928,202608301904171181,202608301904170791,85,2864,Bronze INV,br_OrientationChecklistNew,TASK_COMPLETE,SUCCESS,INFO,175,175,0,,2026-08-30T19:04:27.050Z,2026-08-30T21:04:59.710Z,7232,2026-08-30T21:04:59.710Z,BG,Bowling Green,ba679216-ee2b-4344-afb9-134290faf502,SAMMS-BowlingGreen
202608302104536929,202608301904171182,202608301904170791,85,2865,Bronze INV,br_OrientationChecklistNew,TASK_COMPLETE,SUCCESS,INFO,67,67,0,,2026-08-30T19:04:27.050Z,2026-08-30T21:04:59.710Z,7232,2026-08-30T21:04:59.710Z,BOI,Boise,ba679216-ee2b-4344-afb9-134290faf502,SAMMS-Boise
202608302104536931,202608301904171183,202608301904170791,85,2872,Bronze INV,br_OrientationChecklistNew,TASK_COMPLETE,SUCCESS,INFO,68,68,0,,2026-08-30T19:04:27.050Z,2026-08-30T21:04:59.710Z,7232,2026-08-30T21:04:59.710Z,CBCO,Coeur dAlene,ba679216-ee2b-4344-afb9-134290faf502,SAMMS-CoeurdAleneV6
202608302104536932,202608301904171184,202608301904170791,85,2891,Bronze INV,br_OrientationChecklistNew,TASK_COMPLETE,SUCCESS,INFO,0,0,0,,2026-08-30T19:04:27.050Z,2026-08-30T21:04:59.710Z,7232,2026-08-30T21:04:59.710Z,CON,Conway,ba679216-ee2b-4344-afb9-134290faf502,SAMMS-Conway
202608302104536933,202608301904171185,202608301904170791,85,2892,Bronze INV,br_OrientationChecklistNew,TASK_COMPLETE,SUCCESS,INFO,0,0,0,,2026-08-30T19:04:27.050Z,2026-08-30T21:04:59.710Z,7232,2026-08-30T21:04:59.710Z,D07,Medical Services Knox TN,ba679216-ee2b-4344-afb9-134290faf502,SAMMS-KnoxvilleV6
202608302104536934,202608301904171186,202608301904170791,85,2893,Bronze INV,br_OrientationChecklistNew,TASK_COMPLETE,SUCCESS,INFO,140,140,0,,2026-08-30T19:04:27.050Z,2026-08-30T21:04:59.710Z,7232,2026-08-30T21:04:59.710Z,D08,Madison,ba679216-ee2b-4344-afb9-134290faf502,SAMMS-MadisonV6
202608302104536935,202608301904171187,202608301904170791,85,2895,Bronze INV,br_OrientationChecklistNew,TASK_COMPLETE,SUCCESS,INFO,204,204,0,,2026-08-30T19:04:27.050Z,2026-08-30T21:04:59.710Z,7232,2026-08-30T21:04:59.710Z,D09,Murfreesboro,ba679216-ee2b-4344-afb9-134290faf502,SAMMS-MurfreesboroV6
202608302104536936,202608301904171188,202608301904170791,85,2896,Bronze INV,br_OrientationChecklistNew,TASK_COMPLETE,SUCCESS,INFO,52,52,0,,2026-08-30T19:04:27.050Z,2026-08-30T21:04:59.710Z,7232,2026-08-30T21:04:59.710Z,DA,Davenport,ba679216-ee2b-4344-afb9-134290faf502,SAMMS-Davenport
202608302104536937,202608301904171189,202608301904170791,85,2897,Bronze INV,br_OrientationChecklistNew,TASK_COMPLETE,SUCCESS,INFO,87,87,0,,2026-08-30T19:04:27.050Z,2026-08-30T21:04:59.710Z,7232,2026-08-30T21:04:59.710Z,DM,Des Moines,ba679216-ee2b-4344-afb9-134290faf502,SAMMS-DesMoines
202608302104536939,202608301904171190,202608301904170791,85,2899,Bronze INV,br_OrientationChecklistNew,TASK_COMPLETE,SUCCESS,INFO,132,132,0,,2026-08-30T19:04:27.050Z,2026-08-30T21:04:59.710Z,7232,2026-08-30T21:04:59.710Z,DRD-CO,Columbia MO,ba679216-ee2b-4344-afb9-134290faf502,SAMMS-ColumbiaV5
202608302104536940,202608301904171191,202608301904170791,85,2900,Bronze INV,br_OrientationChecklistNew,TASK_COMPLETE,SUCCESS,INFO,161,161,0,,2026-08-30T19:04:27.050Z,2026-08-30T21:04:59.710Z,7232,2026-08-30T21:04:59.710Z,DRD-KC,KC,ba679216-ee2b-4344-afb9-134290faf502,SAMMS-KCv5
202608302104536941,202608301904171192,202608301904170791,85,2901,Bronze INV,br_OrientationChecklistNew,TASK_COMPLETE,SUCCESS,INFO,122,122,0,,2026-08-30T19:04:27.050Z,2026-08-30T21:04:59.710Z,7232,2026-08-30T21:04:59.710Z,DRD-KVB,KVB,ba679216-ee2b-4344-afb9-134290faf502,SAMMS-KVBv5
202608302104536942,202608301904171193,202608301904170791,85,2902,Bronze INV,br_OrientationChecklistNew,TASK_COMPLETE,SUCCESS,INFO,337,337,0,,2026-08-30T19:04:27.050Z,2026-08-30T21:04:59.710Z,7232,2026-08-30T21:04:59.710Z,DRD-KVC,KVC,ba679216-ee2b-4344-afb9-134290faf502,SAMMS-KVCv5
202608302104536943,202608301904171194,202608301904170791,85,2903,Bronze INV,br_OrientationChecklistNew,TASK_COMPLETE,SUCCESS,INFO,346,346,0,,2026-08-30T19:04:27.050Z,2026-08-30T21:04:59.710Z,7232,2026-08-30T21:04:59.710Z,DRD-NOLA,NOLA,ba679216-ee2b-4344-afb9-134290faf502,SAMMS-NOLAv5
202608302104536944,202608301904171195,202608301904170791,85,2904,Bronze INV,br_OrientationChecklistNew,TASK_COMPLETE,SUCCESS,INFO,231,231,0,,2026-08-30T19:04:27.050Z,2026-08-30T21:04:59.710Z,7232,2026-08-30T21:04:59.710Z,DRD-SF,Springfield,ba679216-ee2b-4344-afb9-134290faf502,SAMMS-SFv5
202608302104536945,202608301904171196,202608301904170791,85,2906,Bronze INV,br_OrientationChecklistNew,TASK_COMPLETE,SUCCESS,INFO,104,104,0,,2026-08-30T19:04:27.050Z,2026-08-30T21:04:59.710Z,7232,2026-08-30T21:04:59.710Z,ELC,Elizabeth City,ba679216-ee2b-4344-afb9-134290faf502,SAMMS-ElizabethCity
202608302104536947,202608301904171197,202608301904170791,85,2907,Bronze INV,br_OrientationChecklistNew,TASK_COMPLETE,SUCCESS,INFO,120,120,0,,2026-08-30T19:04:27.050Z,2026-08-30T21:04:59.710Z,7232,2026-08-30T21:04:59.710Z,ET,Elizabethtown,ba679216-ee2b-4344-afb9-134290faf502,SAMMS-Elizabethtown
202608302104536948,202608301904171198,202608301904170791,85,2908,Bronze INV,br_OrientationChecklistNew,TASK_COMPLETE,SUCCESS,INFO,0,0,0,,2026-08-30T19:04:27.050Z,2026-08-30T21:04:59.710Z,7232,2026-08-30T21:04:59.710Z,FAY,Fayetteville,ba679216-ee2b-4344-afb9-134290faf502,SAMMS-Fayetteville
202608302104536949,202608301904171199,202608301904170791,85,2909,Bronze INV,br_OrientationChecklistNew,TASK_COMPLETE,SUCCESS,INFO,111,111,0,,2026-08-30T19:04:27.050Z,2026-08-30T21:04:59.710Z,7232,2026-08-30T21:04:59.710Z,FR,Frankfort,ba679216-ee2b-4344-afb9-134290faf502,SAMMS-Frankfort
202608302104536950,202608301904171200,202608301904170791,85,2910,Bronze INV,br_OrientationChecklistNew,TASK_COMPLETE,SUCCESS,INFO,0,0,0,,2026-08-30T19:04:27.050Z,2026-08-30T21:04:59.710Z,7232,2026-08-30T21:04:59.710Z,FS,Fort Smith,ba679216-ee2b-4344-afb9-134290faf502,SAMMS-FortSmith
202608302104536951,202608301904171201,202608301904170791,85,2911,Bronze INV,br_OrientationChecklistNew,TASK_COMPLETE,SUCCESS,INFO,200,200,0,,2026-08-30T19:04:27.050Z,2026-08-30T21:04:59.710Z,7232,2026-08-30T21:04:59.710Z,FW,Fort Wayne,ba679216-ee2b-4344-afb9-134290faf502,SAMMS-FortWayne
202608302104536952,202608301904171202,202608301904170791,85,2912,Bronze INV,br_OrientationChecklistNew,TASK_COMPLETE,SUCCESS,INFO,17,17,0,,2026-08-30T19:04:27.050Z,2026-08-30T21:04:59.710Z,7232,2026-08-30T21:04:59.710Z,GAL,Gaylord,ba679216-ee2b-4344-afb9-134290faf502,SAMMS-Gaylord
202608302104536953,202608301904171203,202608301904170791,85,2916,Bronze INV,br_OrientationChecklistNew,TASK_COMPLETE,SUCCESS,INFO,128,128,0,,2026-08-30T19:04:27.050Z,2026-08-30T21:04:59.710Z,7232,2026-08-30T21:04:59.710Z,HGT,Hagerstown,ba679216-ee2b-4344-afb9-134290faf502,SAMMS-Hagerstown
202608302104536955,202608301904171204,202608301904170791,85,2917,Bronze INV,br_OrientationChecklistNew,TASK_COMPLETE,SUCCESS,INFO,94,94,0,,2026-08-30T19:04:27.050Z,2026-08-30T21:04:59.710Z,7232,2026-08-30T21:04:59.710Z,HNT,Huntsville,ba679216-ee2b-4344-afb9-134290faf502,SAMMS-Huntsville
202608302104536956,202608301904171205,202608301904170791,85,2918,Bronze INV,br_OrientationChecklistNew,TASK_COMPLETE,SUCCESS,INFO,0,0,0,,2026-08-30T19:04:27.050Z,2026-08-30T21:04:59.710Z,7232,2026-08-30T21:04:59.710Z,HS,Hot Springs,ba679216-ee2b-4344-afb9-134290faf502,SAMMS-HotSprings
202608302104536957,202608301904171206,202608301904170791,85,2919,Bronze INV,br_OrientationChecklistNew,TASK_COMPLETE,SUCCESS,INFO,0,0,0,,2026-08-30T19:04:27.050Z,2026-08-30T21:04:59.710Z,7232,2026-08-30T21:04:59.710Z,JON,Jonesboro,ba679216-ee2b-4344-afb9-134290faf502,SAMMS-Jonesboro
202608302104536958,202608301904171207,202608301904170791,85,2921,Bronze INV,br_OrientationChecklistNew,TASK_COMPLETE,SUCCESS,INFO,13,13,0,,2026-08-30T19:04:27.050Z,2026-08-30T21:04:59.710Z,7232,2026-08-30T21:04:59.710Z,LAN,Lansing,ba679216-ee2b-4344-afb9-134290faf502,SAMMS-Lansing
202608302104536959,202608301904171208,202608301904170791,85,2922,Bronze INV,br_OrientationChecklistNew,TASK_COMPLETE,SUCCESS,INFO,184,184,0,,2026-08-30T19:04:27.050Z,2026-08-30T21:04:59.710Z,7232,2026-08-30T21:04:59.710Z,LO,Louisville,ba679216-ee2b-4344-afb9-134290faf502,SAMMS-Louisville
202608302104536960,202608301904171209,202608301904170791,85,2923,Bronze INV,br_OrientationChecklistNew,TASK_COMPLETE,SUCCESS,INFO,345,345,0,,2026-08-30T19:04:27.050Z,2026-08-30T21:04:59.710Z,7232,2026-08-30T21:04:59.710Z,LV1,Cheyenne,ba679216-ee2b-4344-afb9-134290faf502,SAMMS-Cheyenne
202608302104536961,202608301904171210,202608301904170791,85,2924,Bronze INV,br_OrientationChecklistNew,TASK_COMPLETE,SUCCESS,INFO,188,188,0,,2026-08-30T19:04:27.050Z,2026-08-30T21:04:59.710Z,7232,2026-08-30T21:04:59.710Z,LV2,Desert Inn,ba679216-ee2b-4344-afb9-134290faf502,SAMMS-DesertInn
202608302104536963,202608301904171211,202608301904170791,85,2925,Bronze INV,br_OrientationChecklistNew,TASK_COMPLETE,SUCCESS,INFO,88,88,0,,2026-08-30T19:04:27.050Z,2026-08-30T21:04:59.710Z,7232,2026-08-30T21:04:59.710Z,LV3,McDaniel,ba679216-ee2b-4344-afb9-134290faf502,SAMMS-McDaniel
202608302104536964,202608301904171212,202608301904170791,85,2928,Bronze INV,br_OrientationChecklistNew,TASK_COMPLETE,SUCCESS,INFO,90,90,0,,2026-08-30T19:04:27.050Z,2026-08-30T21:04:59.710Z,7232,2026-08-30T21:04:59.710Z,MNRE,Monroe,ba679216-ee2b-4344-afb9-134290faf502,SAMMS-Monroe
202608302104536965,202608301904171213,202608301904170791,85,2929,Bronze INV,br_OrientationChecklistNew,TASK_COMPLETE,SUCCESS,INFO,9,9,0,,2026-08-30T19:04:27.050Z,2026-08-30T21:04:59.710Z,7232,2026-08-30T21:04:59.710Z,MP,Mt. Pleasant,ba679216-ee2b-4344-afb9-134290faf502,SAMMS-MtPleasant
202608302104536966,202608301904171214,202608301904170791,85,2930,Bronze INV,br_OrientationChecklistNew,TASK_COMPLETE,SUCCESS,INFO,73,73,0,,2026-08-30T19:04:27.050Z,2026-08-30T21:04:59.710Z,7232,2026-08-30T21:04:59.710Z,MRD,Meridian,ba679216-ee2b-4344-afb9-134290faf502,SAMMS-Meridian
202608302104536967,202608301904171215,202608301904170791,85,2935,Bronze INV,br_OrientationChecklistNew,TASK_COMPLETE,SUCCESS,INFO,156,156,0,,2026-08-30T19:04:27.050Z,2026-08-30T21:04:59.710Z,7232,2026-08-30T21:04:59.710Z,NC,North Charleston,ba679216-ee2b-4344-afb9-134290faf502,SAMMS-NorthCharleston
202608302104536968,202608301904171216,202608301904170791,85,2936,Bronze INV,br_OrientationChecklistNew,TASK_COMPLETE,SUCCESS,INFO,0,0,0,,2026-08-30T19:04:27.050Z,2026-08-30T21:04:59.710Z,7232,2026-08-30T21:04:59.710Z,NLR,N. Little Rock,ba679216-ee2b-4344-afb9-134290faf502,SAMMS-NLROBOT
202608302104536969,202608301904171217,202608301904170791,85,2941,Bronze INV,br_OrientationChecklistNew,TASK_COMPLETE,SUCCESS,INFO,125,125,0,,2026-08-30T19:04:27.050Z,2026-08-30T21:04:59.710Z,7232,2026-08-30T21:04:59.710Z,RE,Reno,ba679216-ee2b-4344-afb9-134290faf502,SAMMS-Reno
202608302104536971,202608301904171218,202608301904170791,85,2942,Bronze INV,br_OrientationChecklistNew,TASK_COMPLETE,SUCCESS,INFO,215,215,0,,2026-08-30T19:04:27.050Z,2026-08-30T21:04:59.710Z,7232,2026-08-30T21:04:59.710Z,RMD,Richmond,ba679216-ee2b-4344-afb9-134290faf502,SAMMS-Richmond
202608302104536972,202608301904171219,202608301904170791,85,2943,Bronze INV,br_OrientationChecklistNew,TASK_COMPLETE,SUCCESS,INFO,181,181,0,,2026-08-30T19:04:27.050Z,2026-08-30T21:04:59.710Z,7232,2026-08-30T21:04:59.710Z,SFN,Springfield North,ba679216-ee2b-4344-afb9-134290faf502,SAMMS-SFNv5
202608302104536973,202608301904171220,202608301904170791,85,2944,Bronze INV,br_OrientationChecklistNew,TASK_COMPLETE,SUCCESS,INFO,142,142,0,,2026-08-30T19:04:27.050Z,2026-08-30T21:04:59.710Z,7232,2026-08-30T21:04:59.710Z,SHP,Shreveport,ba679216-ee2b-4344-afb9-134290faf502,SAMMS-Shreveport
202608302104536974,202608301904171221,202608301904170791,85,2946,Bronze INV,br_OrientationChecklistNew,TASK_COMPLETE,SUCCESS,INFO,105,105,0,,2026-08-30T19:04:27.050Z,2026-08-30T21:04:59.710Z,7232,2026-08-30T21:04:59.710Z,STN,Staunton,ba679216-ee2b-4344-afb9-134290faf502,SAMMS-Staunton
202608302104536975,202608301904171222,202608301904170791,85,2947,Bronze INV,br_OrientationChecklistNew,TASK_COMPLETE,SUCCESS,INFO,26,26,0,,2026-08-30T19:04:27.050Z,2026-08-30T21:04:59.710Z,7232,2026-08-30T21:04:59.710Z,STVN,Stevenson,ba679216-ee2b-4344-afb9-134290faf502,SAMMS-Stevenson
202608302104536976,202608301904171223,202608301904170791,85,2950,Bronze INV,br_OrientationChecklistNew,TASK_COMPLETE,SUCCESS,INFO,0,0,0,,2026-08-30T19:04:27.050Z,2026-08-30T21:04:59.710Z,7232,2026-08-30T21:04:59.710Z,TEX,Texarkana,ba679216-ee2b-4344-afb9-134290faf502,SAMMS-Texarkana
202608302104536977,202608301904171224,202608301904170791,85,2951,Bronze INV,br_OrientationChecklistNew,TASK_COMPLETE,SUCCESS,INFO,102,102,0,,2026-08-30T19:04:27.050Z,2026-08-30T21:04:59.710Z,7232,2026-08-30T21:04:59.710Z,TTCA,Bessemer,ba679216-ee2b-4344-afb9-134290faf502,SAMMS-BessemerV5
202608302104536978,202608301904171225,202608301904170791,85,2952,Bronze INV,br_OrientationChecklistNew,TASK_COMPLETE,SUCCESS,INFO,73,73,0,,2026-08-30T19:04:27.050Z,2026-08-30T21:04:59.710Z,7232,2026-08-30T21:04:59.710Z,TTCB,Cullman,ba679216-ee2b-4344-afb9-134290faf502,SAMMS-CullmanV5
202608302104536980,202608301904171226,202608301904170791,85,2953,Bronze INV,br_OrientationChecklistNew,TASK_COMPLETE,SUCCESS,INFO,70,70,0,,2026-08-30T19:04:27.050Z,2026-08-30T21:04:59.710Z,7232,2026-08-30T21:04:59.710Z,TTCC,Grand Bay,ba679216-ee2b-4344-afb9-134290faf502,SAMMS-GrandBay
202608302104536981,202608301904171227,202608301904170791,85,2956,Bronze INV,br_OrientationChecklistNew,TASK_COMPLETE,SUCCESS,INFO,103,103,0,,2026-08-30T19:04:27.050Z,2026-08-30T21:04:59.710Z,7232,2026-08-30T21:04:59.710Z,V1,Memphis South,ba679216-ee2b-4344-afb9-134290faf502,SAMMS-VCPHCS-I-MemphisV5
202608302104536982,202608301904171228,202608301904170791,85,2957,Bronze INV,br_OrientationChecklistNew,TASK_COMPLETE,SUCCESS,INFO,120,120,0,,2026-08-30T19:04:27.050Z,2026-08-30T21:04:59.710Z,7232,2026-08-30T21:04:59.710Z,V10,Longmont,ba679216-ee2b-4344-afb9-134290faf502,SAMMS-BoulderV5
202608302104536983,202608301904171229,202608301904170791,85,2958,Bronze INV,br_OrientationChecklistNew,TASK_COMPLETE,SUCCESS,INFO,222,222,0,,2026-08-30T19:04:27.050Z,2026-08-30T21:04:59.710Z,7232,2026-08-30T21:04:59.710Z,V10A,Fort Collins,ba679216-ee2b-4344-afb9-134290faf502,SAMMS-FortCollinsV5
202608302104536984,202608301904171230,202608301904170791,85,2959,Bronze INV,br_OrientationChecklistNew,TASK_COMPLETE,SUCCESS,INFO,114,114,0,,2026-08-30T19:04:27.050Z,2026-08-30T21:04:59.710Z,7232,2026-08-30T21:04:59.710Z,V11,Westminster,ba679216-ee2b-4344-afb9-134290faf502,SAMMS-VCPHCS-XI-NorthDenverV5
202608302104536985,202608301904171231,202608301904170791,85,2960,Bronze INV,br_OrientationChecklistNew,TASK_COMPLETE,SUCCESS,INFO,122,122,0,,2026-08-30T19:04:27.050Z,2026-08-30T21:04:59.710Z,7232,2026-08-30T21:04:59.710Z,V12,Downtown Denver,ba679216-ee2b-4344-afb9-134290faf502,SAMMS-VCPHCS-XII-DowntownDenverV5
202608302104536986,202608301904171232,202608301904170791,85,2961,Bronze INV,br_OrientationChecklistNew,TASK_COMPLETE,SUCCESS,INFO,64,64,0,,2026-08-30T19:04:27.050Z,2026-08-30T21:04:59.710Z,7232,2026-08-30T21:04:59.710Z,V12A,Centennial,ba679216-ee2b-4344-afb9-134290faf502,SAMMS-CentennialV5
202608302104536988,202608301904171233,202608301904170791,85,2962,Bronze INV,br_OrientationChecklistNew,TASK_COMPLETE,SUCCESS,INFO,112,112,0,,2026-08-30T19:04:27.050Z,2026-08-30T21:04:59.710Z,7232,2026-08-30T21:04:59.710Z,V14,Overland Park,ba679216-ee2b-4344-afb9-134290faf502,SAMMS-VCPHCS-XIV-BridgewayV5
202608302104536989,202608301904171234,202608301904170791,85,2963,Bronze INV,br_OrientationChecklistNew,TASK_COMPLETE,SUCCESS,INFO,159,159,0,,2026-08-30T19:04:27.050Z,2026-08-30T21:04:59.710Z,7232,2026-08-30T21:04:59.710Z,V15,Joplin,ba679216-ee2b-4344-afb9-134290faf502,SAMMS-JoplinV5
202608302104536990,202608301904171235,202608301904170791,85,2965,Bronze INV,br_OrientationChecklistNew,TASK_COMPLETE,SUCCESS,INFO,59,59,0,,2026-08-30T19:04:27.050Z,2026-08-30T21:04:59.710Z,7232,2026-08-30T21:04:59.710Z,V17,Columbia TN,ba679216-ee2b-4344-afb9-134290faf502,SAMMS-ColumbiaTNv5
202608302104536991,202608301904171236,202608301904170791,85,2967,Bronze INV,br_OrientationChecklistNew,TASK_COMPLETE,SUCCESS,INFO,90,90,0,,2026-08-30T19:04:27.050Z,2026-08-30T21:04:59.710Z,7232,2026-08-30T21:04:59.710Z,V19,Jackson,ba679216-ee2b-4344-afb9-134290faf502,SAMMS-JacksonV5
202608302104536992,202608301904171237,202608301904170791,85,2969,Bronze INV,br_OrientationChecklistNew,TASK_COMPLETE,SUCCESS,INFO,71,71,0,,2026-08-30T19:04:27.050Z,2026-08-30T21:04:59.710Z,7232,2026-08-30T21:04:59.710Z,V20,Paris,ba679216-ee2b-4344-afb9-134290faf502,SAMMS-ParisV5
202608302104536993,202608301904171238,202608301904170791,85,2970,Bronze INV,br_OrientationChecklistNew,TASK_COMPLETE,SUCCESS,INFO,45,45,0,,2026-08-30T19:04:27.050Z,2026-08-30T21:04:59.710Z,7232,2026-08-30T21:04:59.710Z,V21,Memphis North,ba679216-ee2b-4344-afb9-134290faf502,SAMMS-RaleighV5
202608302104536994,202608301904171239,202608301904170791,85,2973,Bronze INV,br_OrientationChecklistNew,TASK_COMPLETE,SUCCESS,INFO,154,154,0,,2026-08-30T19:04:27.050Z,2026-08-30T21:04:59.710Z,7232,2026-08-30T21:04:59.710Z,V5,West Bank,ba679216-ee2b-4344-afb9-134290faf502,SAMMS-NONTCv5
202608302104536995,202608301904171240,202608301904170791,85,2975,Bronze INV,br_OrientationChecklistNew,TASK_COMPLETE,SUCCESS,INFO,64,64,0,,2026-08-30T19:04:27.050Z,2026-08-30T21:04:59.710Z,7232,2026-08-30T21:04:59.710Z,V5B,Houma,ba679216-ee2b-4344-afb9-134290faf502,SAMMS-HoumaV6
202608302104536997,202608301904171241,202608301904170791,85,2976,Bronze INV,br_OrientationChecklistNew,TASK_COMPLETE,SUCCESS,INFO,197,197,0,,2026-08-30T19:04:27.050Z,2026-08-30T21:04:59.710Z,7232,2026-08-30T21:04:59.710Z,V6,Lake Charles,ba679216-ee2b-4344-afb9-134290faf502,SAMMS-LCv5
202608302104536998,202608301904171242,202608301904170791,85,2978,Bronze INV,br_OrientationChecklistNew,TASK_COMPLETE,SUCCESS,INFO,129,129,0,,2026-08-30T19:04:27.050Z,2026-08-30T21:04:59.710Z,7232,2026-08-30T21:04:59.710Z,V8,Memphis Midtown,ba679216-ee2b-4344-afb9-134290faf502,SAMMS-VCPHCS-VIII-MemphisV5
202608302104536999,202608301904171243,202608301904170791,85,2979,Bronze INV,br_OrientationChecklistNew,TASK_COMPLETE,SUCCESS,INFO,188,188,0,,2026-08-30T19:04:27.050Z,2026-08-30T21:04:59.710Z,7232,2026-08-30T21:04:59.710Z,V9,Nashville,ba679216-ee2b-4344-afb9-134290faf502,SAMMS-NashvilleV5
202608302104537000,202608301904171244,202608301904170791,85,2980,Bronze INV,br_OrientationChecklistNew,TASK_COMPLETE,SUCCESS,INFO,152,152,0,,2026-08-30T19:04:27.050Z,2026-08-30T21:04:59.710Z,7232,2026-08-30T21:04:59.710Z,VBRA,Brainerd,ba679216-ee2b-4344-afb9-134290faf502,SAMMS-BrainerdV6
202608302104537001,202608301904171245,202608301904170791,85,2981,Bronze INV,br_OrientationChecklistNew,TASK_COMPLETE,SUCCESS,INFO,168,168,0,,2026-08-30T19:04:27.050Z,2026-08-30T21:04:59.710Z,7232,2026-08-30T21:04:59.710Z,VBRP,Brooklyn Park,ba679216-ee2b-4344-afb9-134290faf502,SAMMS-BrooklynParkV6
202608302104537002,202608301904171246,202608301904170791,85,2983,Bronze INV,br_OrientationChecklistNew,TASK_COMPLETE,SUCCESS,INFO,127,127,0,,2026-08-30T19:04:27.050Z,2026-08-30T21:04:59.710Z,7232,2026-08-30T21:04:59.710Z,VMIN,Minneapolis,ba679216-ee2b-4344-afb9-134290faf502,SAMMS-MinneapolisV6
202608302104537003,202608301904171247,202608301904170791,85,2984,Bronze INV,br_OrientationChecklistNew,TASK_COMPLETE,SUCCESS,INFO,190,190,0,,2026-08-30T19:04:27.050Z,2026-08-30T21:04:59.710Z,7232,2026-08-30T21:04:59.710Z,VWBY,Woodbury,ba679216-ee2b-4344-afb9-134290faf502,SAMMS-WoodburyV6
202609032054006381,202609031904103758,202609031904101105,85,4473,Bronze INV,br_ReAssessmentTreatment,TASK_COMPLETE,SUCCESS,INFO,488,488,0,,2026-09-03T19:04:17.619Z,2026-09-03T20:54:05.052Z,6588,2026-09-03T20:54:05.052Z,B33,Paducah,48b34b87-69c2-467d-a88c-67aac910c539,SAMMS-Paducah
202609032054006382,202609031904103759,202609031904101105,85,4474,Bronze INV,br_ReAssessmentTreatment,TASK_COMPLETE,SUCCESS,INFO,382,382,0,,2026-09-03T19:04:17.619Z,2026-09-03T20:54:05.052Z,6588,2026-09-03T20:54:05.052Z,B34,Corbin,48b34b87-69c2-467d-a88c-67aac910c539,SAMMS-CorbinV5
202609032054006383,202609031904103760,202609031904101105,85,4475,Bronze INV,br_ReAssessmentTreatment,TASK_COMPLETE,SUCCESS,INFO,239,239,0,,2026-09-03T19:04:17.619Z,2026-09-03T20:54:05.052Z,6588,2026-09-03T20:54:05.052Z,B35,Lexington,48b34b87-69c2-467d-a88c-67aac910c539,SAMMS-LexingtonV5
202609032054006385,202609031904103761,202609031904101105,85,4476,Bronze INV,br_ReAssessmentTreatment,TASK_COMPLETE,SUCCESS,INFO,77,77,0,,2026-09-03T19:04:17.619Z,2026-09-03T20:54:05.052Z,6588,2026-09-03T20:54:05.052Z,B35A,Berea,48b34b87-69c2-467d-a88c-67aac910c539,SAMMS-BereaV5
202609032054006386,202609031904103762,202609031904101105,85,4477,Bronze INV,br_ReAssessmentTreatment,TASK_COMPLETE,SUCCESS,INFO,21,21,0,,2026-09-03T19:04:17.619Z,2026-09-03T20:54:05.052Z,6588,2026-09-03T20:54:05.052Z,B36,Asheville,48b34b87-69c2-467d-a88c-67aac910c539,SAMMS-AshevilleV5
202609032054006387,202609031904103763,202609031904101105,85,4478,Bronze INV,br_ReAssessmentTreatment,TASK_COMPLETE,SUCCESS,INFO,1,1,0,,2026-09-03T19:04:17.619Z,2026-09-03T20:54:05.052Z,6588,2026-09-03T20:54:05.052Z,B37,Clyde,48b34b87-69c2-467d-a88c-67aac910c539,SAMMS-ClydeV5
202609032054006388,202609031904103764,202609031904101105,85,4479,Bronze INV,br_ReAssessmentTreatment,TASK_COMPLETE,SUCCESS,INFO,1185,1185,0,,2026-09-03T19:04:17.619Z,2026-09-03T20:54:05.052Z,6588,2026-09-03T20:54:05.052Z,B38,Spartanburg,48b34b87-69c2-467d-a88c-67aac910c539,SAMMS-SpartanburgV5
202609032054006389,202609031904103765,202609031904101105,85,4480,Bronze INV,br_ReAssessmentTreatment,TASK_COMPLETE,SUCCESS,INFO,361,361,0,,2026-09-03T19:04:17.619Z,2026-09-03T20:54:05.052Z,6588,2026-09-03T20:54:05.052Z,B39,Aiken,48b34b87-69c2-467d-a88c-67aac910c539,SAMMS-AikenV5
202609032054006390,202609031904103766,202609031904101105,85,4481,Bronze INV,br_ReAssessmentTreatment,TASK_COMPLETE,SUCCESS,INFO,1886,1886,0,,2026-09-03T19:04:17.619Z,2026-09-03T20:54:05.052Z,6588,2026-09-03T20:54:05.052Z,B41,Chesapeake,48b34b87-69c2-467d-a88c-67aac910c539,SAMMS-ChesapeakeV5
202609032054006392,202609031904103767,202609031904101105,85,4482,Bronze INV,br_ReAssessmentTreatment,TASK_COMPLETE,SUCCESS,INFO,1911,1911,0,,2026-09-03T19:04:17.619Z,2026-09-03T20:54:05.052Z,6588,2026-09-03T20:54:05.052Z,B42,Virginia Beach,48b34b87-69c2-467d-a88c-67aac910c539,SAMMS-VirginiaBeachV5
202609032054006393,202609031904103768,202609031904101105,85,4483,Bronze INV,br_ReAssessmentTreatment,TASK_COMPLETE,SUCCESS,INFO,925,925,0,,2026-09-03T19:04:17.619Z,2026-09-03T20:54:05.052Z,6588,2026-09-03T20:54:05.052Z,B42A,Newport News,48b34b87-69c2-467d-a88c-67aac910c539,SAMMS-NewportNewsV5
202609032054006394,202609031904103769,202609031904101105,85,4484,Bronze INV,br_ReAssessmentTreatment,TASK_COMPLETE,SUCCESS,INFO,507,507,0,,2026-09-03T19:04:17.619Z,2026-09-03T20:54:05.052Z,6588,2026-09-03T20:54:05.052Z,B42B,Franklin,48b34b87-69c2-467d-a88c-67aac910c539,SAMMS-FranklinV5
202609032054006395,202609031904103770,202609031904101105,85,4485,Bronze INV,br_ReAssessmentTreatment,TASK_COMPLETE,SUCCESS,INFO,340,340,0,,2026-09-03T19:04:17.619Z,2026-09-03T20:54:05.052Z,6588,2026-09-03T20:54:05.052Z,B42C,Glen Allen,48b34b87-69c2-467d-a88c-67aac910c539,SAMMS-GlenAllenV5
202609032054006396,202609031904103771,202609031904101105,85,4486,Bronze INV,br_ReAssessmentTreatment,TASK_COMPLETE,SUCCESS,INFO,1481,1481,0,,2026-09-03T19:04:17.619Z,2026-09-03T20:54:05.052Z,6588,2026-09-03T20:54:05.052Z,B42D,Chesapeake South,48b34b87-69c2-467d-a88c-67aac910c539,SAMMS-ChesapeakeSouthV5
202609032054006397,202609031904103772,202609031904101105,85,4487,Bronze INV,br_ReAssessmentTreatment,TASK_COMPLETE,SUCCESS,INFO,633,633,0,,2026-09-03T19:04:17.619Z,2026-09-03T20:54:05.052Z,6588,2026-09-03T20:54:05.052Z,B44,Albany,48b34b87-69c2-467d-a88c-67aac910c539,SAMMS-AlbanyV5
202609032054006398,202609031904103773,202609031904101105,85,4488,Bronze INV,br_ReAssessmentTreatment,TASK_COMPLETE,SUCCESS,INFO,1269,1269,0,,2026-09-03T19:04:17.619Z,2026-09-03T20:54:05.052Z,6588,2026-09-03T20:54:05.052Z,B45,Tifton,48b34b87-69c2-467d-a88c-67aac910c539,SAMMS-TiftonV5
202609032054006400,202609031904103774,202609031904101105,85,4489,Bronze INV,br_ReAssessmentTreatment,TASK_COMPLETE,SUCCESS,INFO,591,591,0,,2026-09-03T19:04:17.619Z,2026-09-03T20:54:05.052Z,6588,2026-09-03T20:54:05.052Z,B46,Washington DC,48b34b87-69c2-467d-a88c-67aac910c539,SAMMS-WashingtonDCv5
202609032054006401,202609031904103775,202609031904101105,85,4490,Bronze INV,br_ReAssessmentTreatment,TASK_COMPLETE,SUCCESS,INFO,1524,1524,0,,2026-09-03T19:04:17.619Z,2026-09-03T20:54:05.052Z,6588,2026-09-03T20:54:05.052Z,B47,Mobile,48b34b87-69c2-467d-a88c-67aac910c539,SAMMS-MobileV5
202609032054006402,202609031904103776,202609031904101105,85,4491,Bronze INV,br_ReAssessmentTreatment,TASK_COMPLETE,SUCCESS,INFO,1295,1295,0,,2026-09-03T19:04:17.619Z,2026-09-03T20:54:05.052Z,6588,2026-09-03T20:54:05.052Z,B48,Tuscaloosa,48b34b87-69c2-467d-a88c-67aac910c539,SAMMS-TuscaloosaV5
202609032054006403,202609031904103777,202609031904101105,85,4500,Bronze INV,br_ReAssessmentTreatment,TASK_COMPLETE,SUCCESS,INFO,2,2,0,,2026-09-03T19:04:17.619Z,2026-09-03T20:54:05.052Z,6588,2026-09-03T20:54:05.052Z,B51,N. Little Rock (OTP),48b34b87-69c2-467d-a88c-67aac910c539,SAMMS-NorthLittleRockV6
202609032054006404,202609031904103778,202609031904101105,85,4501,Bronze INV,br_ReAssessmentTreatment,TASK_COMPLETE,SUCCESS,INFO,451,451,0,,2026-09-03T19:04:17.619Z,2026-09-03T20:54:05.052Z,6588,2026-09-03T20:54:05.052Z,B52,Jackson GA,48b34b87-69c2-467d-a88c-67aac910c539,SAMMS-JacksonGAV5
202609032054006405,202609031904103779,202609031904101105,85,4502,Bronze INV,br_ReAssessmentTreatment,TASK_COMPLETE,SUCCESS,INFO,1700,1700,0,,2026-09-03T19:04:17.619Z,2026-09-03T20:54:05.052Z,6588,2026-09-03T20:54:05.052Z,B54,Gadsden,48b34b87-69c2-467d-a88c-67aac910c539,SAMMS-GadsdenV5
202609032054006407,202609031904103780,202609031904101105,85,4503,Bronze INV,br_ReAssessmentTreatment,TASK_COMPLETE,SUCCESS,INFO,941,941,0,,2026-09-03T19:04:17.619Z,2026-09-03T20:54:05.052Z,6588,2026-09-03T20:54:05.052Z,B55,Shoals,48b34b87-69c2-467d-a88c-67aac910c539,SAMMS-ShoalsV5
202609032054006408,202609031904103781,202609031904101105,85,4504,Bronze INV,br_ReAssessmentTreatment,TASK_COMPLETE,SUCCESS,INFO,294,294,0,,2026-09-03T19:04:17.619Z,2026-09-03T20:54:05.052Z,6588,2026-09-03T20:54:05.052Z,B57,Pawtucket,48b34b87-69c2-467d-a88c-67aac910c539,SAMMS-Pawtucket
202609032054006409,202609031904103782,202609031904101105,85,4505,Bronze INV,br_ReAssessmentTreatment,TASK_COMPLETE,SUCCESS,INFO,553,553,0,,2026-09-03T19:04:17.619Z,2026-09-03T20:54:05.052Z,6588,2026-09-03T20:54:05.052Z,B57A,Johnston,48b34b87-69c2-467d-a88c-67aac910c539,SAMMS-Johnston
202609032054006410,202609031904103783,202609031904101105,85,4506,Bronze INV,br_ReAssessmentTreatment,TASK_COMPLETE,SUCCESS,INFO,167,167,0,,2026-09-03T19:04:17.619Z,2026-09-03T20:54:05.052Z,6588,2026-09-03T20:54:05.052Z,B57B,Middletown,48b34b87-69c2-467d-a88c-67aac910c539,SAMMS-Middletown
202609032054006411,202609031904103784,202609031904101105,85,4507,Bronze INV,br_ReAssessmentTreatment,TASK_COMPLETE,SUCCESS,INFO,411,411,0,,2026-09-03T19:04:17.619Z,2026-09-03T20:54:05.052Z,6588,2026-09-03T20:54:05.052Z,B57C,Providence,48b34b87-69c2-467d-a88c-67aac910c539,SAMMS-Providence
202609032054006412,202609031904103785,202609031904101105,85,4508,Bronze INV,br_ReAssessmentTreatment,TASK_COMPLETE,SUCCESS,INFO,622,622,0,,2026-09-03T19:04:17.619Z,2026-09-03T20:54:05.052Z,6588,2026-09-03T20:54:05.052Z,B57D,Westerly,48b34b87-69c2-467d-a88c-67aac910c539,SAMMS-Westerly
202609032054006413,202609031904103786,202609031904101105,85,4512,Bronze INV,br_ReAssessmentTreatment,TASK_COMPLETE,SUCCESS,INFO,4,4,0,,2026-09-03T19:04:17.619Z,2026-09-03T20:54:05.052Z,6588,2026-09-03T20:54:05.052Z,B66A,Bremen,48b34b87-69c2-467d-a88c-67aac910c539,SAMMS-Bremen
202609032054006415,202609031904103787,202609031904101105,85,4515,Bronze INV,br_ReAssessmentTreatment,TASK_COMPLETE,SUCCESS,INFO,0,0,0,,2026-09-03T19:04:17.619Z,2026-09-03T20:54:05.052Z,6588,2026-09-03T20:54:05.052Z,B72,Mobile (OBOT),48b34b87-69c2-467d-a88c-67aac910c539,SAMMS-Mobile-OBOT
202609032054006416,202609031904103788,202609031904101105,85,4516,Bronze INV,br_ReAssessmentTreatment,TASK_COMPLETE,SUCCESS,INFO,0,0,0,,2026-09-03T19:04:17.619Z,2026-09-03T20:54:05.052Z,6588,2026-09-03T20:54:05.052Z,B73,Montgomery,48b34b87-69c2-467d-a88c-67aac910c539,SAMMS-Montgomery
202609032054006417,202609031904103789,202609031904101105,85,4517,Bronze INV,br_ReAssessmentTreatment,TASK_COMPLETE,SUCCESS,INFO,516,516,0,,2026-09-03T19:04:17.619Z,2026-09-03T20:54:05.052Z,6588,2026-09-03T20:54:05.052Z,B75,Lawrence,48b34b87-69c2-467d-a88c-67aac910c539,SAMMS-LawrenceV6
202609032054006418,202609031904103790,202609031904101105,85,4518,Bronze INV,br_ReAssessmentTreatment,TASK_COMPLETE,SUCCESS,INFO,0,0,0,,2026-09-03T19:04:17.619Z,2026-09-03T20:54:05.052Z,6588,2026-09-03T20:54:05.052Z,B76,Huntsville OBOT,48b34b87-69c2-467d-a88c-67aac910c539,SAMMS-Huntsville-OBOT
202609032054006419,202609031904103791,202609031904101105,85,4519,Bronze INV,br_ReAssessmentTreatment,TASK_COMPLETE,SUCCESS,INFO,0,0,0,,2026-09-03T19:04:17.619Z,2026-09-03T20:54:05.052Z,6588,2026-09-03T20:54:05.052Z,BAT,Batesville,48b34b87-69c2-467d-a88c-67aac910c539,SAMMS-Batesville
202609032054006420,202609031904103792,202609031904101105,85,4520,Bronze INV,br_ReAssessmentTreatment,TASK_COMPLETE,SUCCESS,INFO,463,463,0,,2026-09-03T19:04:17.619Z,2026-09-03T20:54:05.052Z,6588,2026-09-03T20:54:05.052Z,BG,Bowling Green,48b34b87-69c2-467d-a88c-67aac910c539,SAMMS-BowlingGreen
202609032054006422,202609031904103793,202609031904101105,85,4521,Bronze INV,br_ReAssessmentTreatment,TASK_COMPLETE,SUCCESS,INFO,181,181,0,,2026-09-03T19:04:17.619Z,2026-09-03T20:54:05.052Z,6588,2026-09-03T20:54:05.052Z,BOI,Boise,48b34b87-69c2-467d-a88c-67aac910c539,SAMMS-Boise
202609032054006423,202609031904103794,202609031904101105,85,4528,Bronze INV,br_ReAssessmentTreatment,TASK_COMPLETE,SUCCESS,INFO,48,48,0,,2026-09-03T19:04:17.619Z,2026-09-03T20:54:05.052Z,6588,2026-09-03T20:54:05.052Z,CBCO,Coeur dAlene,48b34b87-69c2-467d-a88c-67aac910c539,SAMMS-CoeurdAleneV6
202609032054006424,202609031904103795,202609031904101105,85,4547,Bronze INV,br_ReAssessmentTreatment,TASK_COMPLETE,SUCCESS,INFO,0,0,0,,2026-09-03T19:04:17.619Z,2026-09-03T20:54:05.052Z,6588,2026-09-03T20:54:05.052Z,CON,Conway,48b34b87-69c2-467d-a88c-67aac910c539,SAMMS-Conway
202609032054006425,202609031904103796,202609031904101105,85,4548,Bronze INV,br_ReAssessmentTreatment,TASK_COMPLETE,SUCCESS,INFO,2557,2557,0,,2026-09-03T19:04:17.619Z,2026-09-03T20:54:05.052Z,6588,2026-09-03T20:54:05.052Z,D07,Medical Services Knox TN,48b34b87-69c2-467d-a88c-67aac910c539,SAMMS-KnoxvilleV6
202609032054006426,202609031904103797,202609031904101105,85,4549,Bronze INV,br_ReAssessmentTreatment,TASK_COMPLETE,SUCCESS,INFO,111,111,0,,2026-09-03T19:04:17.619Z,2026-09-03T20:54:05.052Z,6588,2026-09-03T20:54:05.052Z,D08,Madison,48b34b87-69c2-467d-a88c-67aac910c539,SAMMS-MadisonV6
202609032054006428,202609031904103798,202609031904101105,85,4551,Bronze INV,br_ReAssessmentTreatment,TASK_COMPLETE,SUCCESS,INFO,104,104,0,,2026-09-03T19:04:17.619Z,2026-09-03T20:54:05.052Z,6588,2026-09-03T20:54:05.052Z,D09,Murfreesboro,48b34b87-69c2-467d-a88c-67aac910c539,SAMMS-MurfreesboroV6
202609032054006429,202609031904103799,202609031904101105,85,4552,Bronze INV,br_ReAssessmentTreatment,TASK_COMPLETE,SUCCESS,INFO,335,335,0,,2026-09-03T19:04:17.619Z,2026-09-03T20:54:05.052Z,6588,2026-09-03T20:54:05.052Z,DA,Davenport,48b34b87-69c2-467d-a88c-67aac910c539,SAMMS-Davenport
202609032054006430,202609031904103800,202609031904101105,85,4553,Bronze INV,br_ReAssessmentTreatment,TASK_COMPLETE,SUCCESS,INFO,286,286,0,,2026-09-03T19:04:17.619Z,2026-09-03T20:54:05.052Z,6588,2026-09-03T20:54:05.052Z,DM,Des Moines,48b34b87-69c2-467d-a88c-67aac910c539,SAMMS-DesMoines
202609032054006431,202609031904103801,202609031904101105,85,4555,Bronze INV,br_ReAssessmentTreatment,TASK_COMPLETE,SUCCESS,INFO,526,526,0,,2026-09-03T19:04:17.619Z,2026-09-03T20:54:05.052Z,6588,2026-09-03T20:54:05.052Z,DRD-CO,Columbia MO,48b34b87-69c2-467d-a88c-67aac910c539,SAMMS-ColumbiaV5
202609032054006432,202609031904103802,202609031904101105,85,4556,Bronze INV,br_ReAssessmentTreatment,TASK_COMPLETE,SUCCESS,INFO,342,342,0,,2026-09-03T19:04:17.619Z,2026-09-03T20:54:05.052Z,6588,2026-09-03T20:54:05.052Z,DRD-KC,KC,48b34b87-69c2-467d-a88c-67aac910c539,SAMMS-KCv5
202609032054006433,202609031904103803,202609031904101105,85,4557,Bronze INV,br_ReAssessmentTreatment,TASK_COMPLETE,SUCCESS,INFO,1545,1545,0,,2026-09-03T19:04:17.619Z,2026-09-03T20:54:05.052Z,6588,2026-09-03T20:54:05.052Z,DRD-KVB,KVB,48b34b87-69c2-467d-a88c-67aac910c539,SAMMS-KVBv5
202609032054006434,202609031904103804,202609031904101105,85,4558,Bronze INV,br_ReAssessmentTreatment,TASK_COMPLETE,SUCCESS,INFO,1672,1672,0,,2026-09-03T19:04:17.619Z,2026-09-03T20:54:05.052Z,6588,2026-09-03T20:54:05.052Z,DRD-KVC,KVC,48b34b87-69c2-467d-a88c-67aac910c539,SAMMS-KVCv5
202609032054006436,202609031904103805,202609031904101105,85,4559,Bronze INV,br_ReAssessmentTreatment,TASK_COMPLETE,SUCCESS,INFO,3195,3195,0,,2026-09-03T19:04:17.619Z,2026-09-03T20:54:05.052Z,6588,2026-09-03T20:54:05.052Z,DRD-NOLA,NOLA,48b34b87-69c2-467d-a88c-67aac910c539,SAMMS-NOLAv5
202609032054006437,202609031904103806,202609031904101105,85,4560,Bronze INV,br_ReAssessmentTreatment,TASK_COMPLETE,SUCCESS,INFO,797,797,0,,2026-09-03T19:04:17.619Z,2026-09-03T20:54:05.052Z,6588,2026-09-03T20:54:05.052Z,DRD-SF,Springfield,48b34b87-69c2-467d-a88c-67aac910c539,SAMMS-SFv5
202609032054006438,202609031904103807,202609031904101105,85,4562,Bronze INV,br_ReAssessmentTreatment,TASK_COMPLETE,SUCCESS,INFO,260,260,0,,2026-09-03T19:04:17.619Z,2026-09-03T20:54:05.052Z,6588,2026-09-03T20:54:05.052Z,ELC,Elizabeth City,48b34b87-69c2-467d-a88c-67aac910c539,SAMMS-ElizabethCity
202609032054006439,202609031904103808,202609031904101105,85,4563,Bronze INV,br_ReAssessmentTreatment,TASK_COMPLETE,SUCCESS,INFO,127,127,0,,2026-09-03T19:04:17.619Z,2026-09-03T20:54:05.052Z,6588,2026-09-03T20:54:05.052Z,ET,Elizabethtown,48b34b87-69c2-467d-a88c-67aac910c539,SAMMS-Elizabethtown
202609032054006440,202609031904103809,202609031904101105,85,4564,Bronze INV,br_ReAssessmentTreatment,TASK_COMPLETE,SUCCESS,INFO,0,0,0,,2026-09-03T19:04:17.619Z,2026-09-03T20:54:05.052Z,6588,2026-09-03T20:54:05.052Z,FAY,Fayetteville,48b34b87-69c2-467d-a88c-67aac910c539,SAMMS-Fayetteville
202609032054006441,202609031904103810,202609031904101105,85,4565,Bronze INV,br_ReAssessmentTreatment,TASK_COMPLETE,SUCCESS,INFO,156,156,0,,2026-09-03T19:04:17.619Z,2026-09-03T20:54:05.052Z,6588,2026-09-03T20:54:05.052Z,FR,Frankfort,48b34b87-69c2-467d-a88c-67aac910c539,SAMMS-Frankfort
202609032054006443,202609031904103811,202609031904101105,85,4566,Bronze INV,br_ReAssessmentTreatment,TASK_COMPLETE,SUCCESS,INFO,0,0,0,,2026-09-03T19:04:17.619Z,2026-09-03T20:54:05.052Z,6588,2026-09-03T20:54:05.052Z,FS,Fort Smith,48b34b87-69c2-467d-a88c-67aac910c539,SAMMS-FortSmith
202609032054006444,202609031904103812,202609031904101105,85,4567,Bronze INV,br_ReAssessmentTreatment,TASK_COMPLETE,SUCCESS,INFO,466,466,0,,2026-09-03T19:04:17.619Z,2026-09-03T20:54:05.052Z,6588,2026-09-03T20:54:05.052Z,FW,Fort Wayne,48b34b87-69c2-467d-a88c-67aac910c539,SAMMS-FortWayne
202609032054006445,202609031904103813,202609031904101105,85,4568,Bronze INV,br_ReAssessmentTreatment,TASK_COMPLETE,SUCCESS,INFO,271,271,0,,2026-09-03T19:04:17.619Z,2026-09-03T20:54:05.052Z,6588,2026-09-03T20:54:05.052Z,GAL,Gaylord,48b34b87-69c2-467d-a88c-67aac910c539,SAMMS-Gaylord
202609032054006447,202609031904103814,202609031904101105,85,4572,Bronze INV,br_ReAssessmentTreatment,TASK_COMPLETE,SUCCESS,INFO,99,99,0,,2026-09-03T19:04:17.619Z,2026-09-03T20:54:05.052Z,6588,2026-09-03T20:54:05.052Z,HGT,Hagerstown,48b34b87-69c2-467d-a88c-67aac910c539,SAMMS-Hagerstown
202609032054006448,202609031904103815,202609031904101105,85,4573,Bronze INV,br_ReAssessmentTreatment,TASK_COMPLETE,SUCCESS,INFO,1717,1717,0,,2026-09-03T19:04:17.619Z,2026-09-03T20:54:05.052Z,6588,2026-09-03T20:54:05.052Z,HNT,Huntsville,48b34b87-69c2-467d-a88c-67aac910c539,SAMMS-Huntsville
202609032054006449,202609031904103816,202609031904101105,85,4574,Bronze INV,br_ReAssessmentTreatment,TASK_COMPLETE,SUCCESS,INFO,0,0,0,,2026-09-03T19:04:17.619Z,2026-09-03T20:54:05.052Z,6588,2026-09-03T20:54:05.052Z,HS,Hot Springs,48b34b87-69c2-467d-a88c-67aac910c539,SAMMS-HotSprings
202609032054006450,202609031904103817,202609031904101105,85,4575,Bronze INV,br_ReAssessmentTreatment,TASK_COMPLETE,SUCCESS,INFO,0,0,0,,2026-09-03T19:04:17.619Z,2026-09-03T20:54:05.052Z,6588,2026-09-03T20:54:05.052Z,JON,Jonesboro,48b34b87-69c2-467d-a88c-67aac910c539,SAMMS-Jonesboro
202609032054006451,202609031904103818,202609031904101105,85,4577,Bronze INV,br_ReAssessmentTreatment,TASK_COMPLETE,SUCCESS,INFO,444,444,0,,2026-09-03T19:04:17.619Z,2026-09-03T20:54:05.052Z,6588,2026-09-03T20:54:05.052Z,LAN,Lansing,48b34b87-69c2-467d-a88c-67aac910c539,SAMMS-Lansing
202609032054006452,202609031904103819,202609031904101105,85,4578,Bronze INV,br_ReAssessmentTreatment,TASK_COMPLETE,SUCCESS,INFO,1288,1288,0,,2026-09-03T19:04:17.619Z,2026-09-03T20:54:05.052Z,6588,2026-09-03T20:54:05.052Z,LO,Louisville,48b34b87-69c2-467d-a88c-67aac910c539,SAMMS-Louisville
202609032054006454,202609031904103820,202609031904101105,85,4579,Bronze INV,br_ReAssessmentTreatment,TASK_COMPLETE,SUCCESS,INFO,291,291,0,,2026-09-03T19:04:17.619Z,2026-09-03T20:54:05.052Z,6588,2026-09-03T20:54:05.052Z,LV1,Cheyenne,48b34b87-69c2-467d-a88c-67aac910c539,SAMMS-Cheyenne
202609032054006455,202609031904103821,202609031904101105,85,4580,Bronze INV,br_ReAssessmentTreatment,TASK_COMPLETE,SUCCESS,INFO,204,204,0,,2026-09-03T19:04:17.619Z,2026-09-03T20:54:05.052Z,6588,2026-09-03T20:54:05.052Z,LV2,Desert Inn,48b34b87-69c2-467d-a88c-67aac910c539,SAMMS-DesertInn
202609032054006456,202609031904103822,202609031904101105,85,4581,Bronze INV,br_ReAssessmentTreatment,TASK_COMPLETE,SUCCESS,INFO,110,110,0,,2026-09-03T19:04:17.619Z,2026-09-03T20:54:05.052Z,6588,2026-09-03T20:54:05.052Z,LV3,McDaniel,48b34b87-69c2-467d-a88c-67aac910c539,SAMMS-McDaniel
202609032054006457,202609031904103823,202609031904101105,85,4584,Bronze INV,br_ReAssessmentTreatment,TASK_COMPLETE,SUCCESS,INFO,356,356,0,,2026-09-03T19:04:17.619Z,2026-09-03T20:54:05.052Z,6588,2026-09-03T20:54:05.052Z,MNRE,Monroe,48b34b87-69c2-467d-a88c-67aac910c539,SAMMS-Monroe
202609032054006458,202609031904103824,202609031904101105,85,4585,Bronze INV,br_ReAssessmentTreatment,TASK_COMPLETE,SUCCESS,INFO,1422,1422,0,,2026-09-03T19:04:17.619Z,2026-09-03T20:54:05.052Z,6588,2026-09-03T20:54:05.052Z,MP,Mt. Pleasant,48b34b87-69c2-467d-a88c-67aac910c539,SAMMS-MtPleasant
202609032054006459,202609031904103825,202609031904101105,85,4586,Bronze INV,br_ReAssessmentTreatment,TASK_COMPLETE,SUCCESS,INFO,153,153,0,,2026-09-03T19:04:17.619Z,2026-09-03T20:54:05.052Z,6588,2026-09-03T20:54:05.052Z,MRD,Meridian,48b34b87-69c2-467d-a88c-67aac910c539,SAMMS-Meridian
202609032054006460,202609031904103826,202609031904101105,85,4591,Bronze INV,br_ReAssessmentTreatment,TASK_COMPLETE,SUCCESS,INFO,691,691,0,,2026-09-03T19:04:17.619Z,2026-09-03T20:54:05.052Z,6588,2026-09-03T20:54:05.052Z,NC,North Charleston,48b34b87-69c2-467d-a88c-67aac910c539,SAMMS-NorthCharleston
202609032054006462,202609031904103827,202609031904101105,85,4592,Bronze INV,br_ReAssessmentTreatment,TASK_COMPLETE,SUCCESS,INFO,0,0,0,,2026-09-03T19:04:17.619Z,2026-09-03T20:54:05.052Z,6588,2026-09-03T20:54:05.052Z,NLR,N. Little Rock,48b34b87-69c2-467d-a88c-67aac910c539,SAMMS-NLROBOT
202609032054006463,202609031904103828,202609031904101105,85,4593,Bronze INV,br_ReAssessmentTreatment,TASK_COMPLETE,SUCCESS,INFO,112,112,0,,2026-09-03T19:04:17.619Z,2026-09-03T20:54:05.052Z,6588,2026-09-03T20:54:05.052Z,PH,Phoenix,48b34b87-69c2-467d-a88c-67aac910c539,SAMMS-Phoenix
202609032054006464,202609031904103829,202609031904101105,85,4597,Bronze INV,br_ReAssessmentTreatment,TASK_COMPLETE,SUCCESS,INFO,212,212,0,,2026-09-03T19:04:17.619Z,2026-09-03T20:54:05.052Z,6588,2026-09-03T20:54:05.052Z,RE,Reno,48b34b87-69c2-467d-a88c-67aac910c539,SAMMS-Reno
202609032054006465,202609031904103830,202609031904101105,85,4598,Bronze INV,br_ReAssessmentTreatment,TASK_COMPLETE,SUCCESS,INFO,87,87,0,,2026-09-03T19:04:17.619Z,2026-09-03T20:54:05.052Z,6588,2026-09-03T20:54:05.052Z,RMD,Richmond,48b34b87-69c2-467d-a88c-67aac910c539,SAMMS-Richmond
202609032054006466,202609031904103831,202609031904101105,85,4599,Bronze INV,br_ReAssessmentTreatment,TASK_COMPLETE,SUCCESS,INFO,587,587,0,,2026-09-03T19:04:17.619Z,2026-09-03T20:54:05.052Z,6588,2026-09-03T20:54:05.052Z,SFN,Springfield North,48b34b87-69c2-467d-a88c-67aac910c539,SAMMS-SFNv5
202609032054006467,202609031904103832,202609031904101105,85,4600,Bronze INV,br_ReAssessmentTreatment,TASK_COMPLETE,SUCCESS,INFO,762,762,0,,2026-09-03T19:04:17.619Z,2026-09-03T20:54:05.052Z,6588,2026-09-03T20:54:05.052Z,SHP,Shreveport,48b34b87-69c2-467d-a88c-67aac910c539,SAMMS-Shreveport
202609032054006469,202609031904103833,202609031904101105,85,4602,Bronze INV,br_ReAssessmentTreatment,TASK_COMPLETE,SUCCESS,INFO,484,484,0,,2026-09-03T19:04:17.619Z,2026-09-03T20:54:05.052Z,6588,2026-09-03T20:54:05.052Z,STN,Staunton,48b34b87-69c2-467d-a88c-67aac910c539,SAMMS-Staunton
202609032054006470,202609031904103834,202609031904101105,85,4603,Bronze INV,br_ReAssessmentTreatment,TASK_COMPLETE,SUCCESS,INFO,225,225,0,,2026-09-03T19:04:17.619Z,2026-09-03T20:54:05.052Z,6588,2026-09-03T20:54:05.052Z,STVN,Stevenson,48b34b87-69c2-467d-a88c-67aac910c539,SAMMS-Stevenson
202609032054006471,202609031904103835,202609031904101105,85,4605,Bronze INV,br_ReAssessmentTreatment,TASK_COMPLETE,SUCCESS,INFO,174,174,0,,2026-09-03T19:04:17.619Z,2026-09-03T20:54:05.052Z,6588,2026-09-03T20:54:05.052Z,TE,Tempe,48b34b87-69c2-467d-a88c-67aac910c539,SAMMS-Tempe
202609032054006472,202609031904103836,202609031904101105,85,4606,Bronze INV,br_ReAssessmentTreatment,TASK_COMPLETE,SUCCESS,INFO,0,0,0,,2026-09-03T19:04:17.619Z,2026-09-03T20:54:05.052Z,6588,2026-09-03T20:54:05.052Z,TEX,Texarkana,48b34b87-69c2-467d-a88c-67aac910c539,SAMMS-Texarkana
202609032054006473,202609031904103837,202609031904101105,85,4607,Bronze INV,br_ReAssessmentTreatment,TASK_COMPLETE,SUCCESS,INFO,1057,1057,0,,2026-09-03T19:04:17.619Z,2026-09-03T20:54:05.052Z,6588,2026-09-03T20:54:05.052Z,TTCA,Bessemer,48b34b87-69c2-467d-a88c-67aac910c539,SAMMS-BessemerV5
202609032054006474,202609031904103838,202609031904101105,85,4608,Bronze INV,br_ReAssessmentTreatment,TASK_COMPLETE,SUCCESS,INFO,1314,1314,0,,2026-09-03T19:04:17.619Z,2026-09-03T20:54:05.052Z,6588,2026-09-03T20:54:05.052Z,TTCB,Cullman,48b34b87-69c2-467d-a88c-67aac910c539,SAMMS-CullmanV5
202609032054006475,202609031904103839,202609031904101105,85,4609,Bronze INV,br_ReAssessmentTreatment,TASK_COMPLETE,SUCCESS,INFO,931,931,0,,2026-09-03T19:04:17.619Z,2026-09-03T20:54:05.052Z,6588,2026-09-03T20:54:05.052Z,TTCC,Grand Bay,48b34b87-69c2-467d-a88c-67aac910c539,SAMMS-GrandBay
202609032054006477,202609031904103840,202609031904101105,85,4610,Bronze INV,br_ReAssessmentTreatment,TASK_COMPLETE,SUCCESS,INFO,15,15,0,,2026-09-03T19:04:17.619Z,2026-09-03T20:54:05.052Z,6588,2026-09-03T20:54:05.052Z,TU,Tucson,48b34b87-69c2-467d-a88c-67aac910c539,SAMMS-Tucson
202609032054006478,202609031904103841,202609031904101105,85,4612,Bronze INV,br_ReAssessmentTreatment,TASK_COMPLETE,SUCCESS,INFO,660,660,0,,2026-09-03T19:04:17.619Z,2026-09-03T20:54:05.052Z,6588,2026-09-03T20:54:05.052Z,V1,Memphis South,48b34b87-69c2-467d-a88c-67aac910c539,SAMMS-VCPHCS-I-MemphisV5
202609032054006479,202609031904103842,202609031904101105,85,4613,Bronze INV,br_ReAssessmentTreatment,TASK_COMPLETE,SUCCESS,INFO,1626,1626,0,,2026-09-03T19:04:17.619Z,2026-09-03T20:54:05.052Z,6588,2026-09-03T20:54:05.052Z,V10,Longmont,48b34b87-69c2-467d-a88c-67aac910c539,SAMMS-BoulderV5
202609032054006480,202609031904103843,202609031904101105,85,4614,Bronze INV,br_ReAssessmentTreatment,TASK_COMPLETE,SUCCESS,INFO,1508,1508,0,,2026-09-03T19:04:17.619Z,2026-09-03T20:54:05.052Z,6588,2026-09-03T20:54:05.052Z,V10A,Fort Collins,48b34b87-69c2-467d-a88c-67aac910c539,SAMMS-FortCollinsV5
202609032054006481,202609031904103844,202609031904101105,85,4615,Bronze INV,br_ReAssessmentTreatment,TASK_COMPLETE,SUCCESS,INFO,2862,2862,0,,2026-09-03T19:04:17.619Z,2026-09-03T20:54:05.052Z,6588,2026-09-03T20:54:05.052Z,V11,Westminster,48b34b87-69c2-467d-a88c-67aac910c539,SAMMS-VCPHCS-XI-NorthDenverV5
202609032054006482,202609031904103845,202609031904101105,85,4616,Bronze INV,br_ReAssessmentTreatment,TASK_COMPLETE,SUCCESS,INFO,2991,2991,0,,2026-09-03T19:04:17.619Z,2026-09-03T20:54:05.052Z,6588,2026-09-03T20:54:05.052Z,V12,Downtown Denver,48b34b87-69c2-467d-a88c-67aac910c539,SAMMS-VCPHCS-XII-DowntownDenverV5
202609032054006484,202609031904103846,202609031904101105,85,4617,Bronze INV,br_ReAssessmentTreatment,TASK_COMPLETE,SUCCESS,INFO,1127,1127,0,,2026-09-03T19:04:17.619Z,2026-09-03T20:54:05.052Z,6588,2026-09-03T20:54:05.052Z,V12A,Centennial,48b34b87-69c2-467d-a88c-67aac910c539,SAMMS-CentennialV5
202609032054006485,202609031904103847,202609031904101105,85,4618,Bronze INV,br_ReAssessmentTreatment,TASK_COMPLETE,SUCCESS,INFO,293,293,0,,2026-09-03T19:04:17.619Z,2026-09-03T20:54:05.052Z,6588,2026-09-03T20:54:05.052Z,V14,Overland Park,48b34b87-69c2-467d-a88c-67aac910c539,SAMMS-VCPHCS-XIV-BridgewayV5
202609032054006486,202609031904103848,202609031904101105,85,4619,Bronze INV,br_ReAssessmentTreatment,TASK_COMPLETE,SUCCESS,INFO,608,608,0,,2026-09-03T19:04:17.619Z,2026-09-03T20:54:05.052Z,6588,2026-09-03T20:54:05.052Z,V15,Joplin,48b34b87-69c2-467d-a88c-67aac910c539,SAMMS-JoplinV5
202609032054006487,202609031904103849,202609031904101105,85,4621,Bronze INV,br_ReAssessmentTreatment,TASK_COMPLETE,SUCCESS,INFO,902,902,0,,2026-09-03T19:04:17.619Z,2026-09-03T20:54:05.052Z,6588,2026-09-03T20:54:05.052Z,V17,Columbia TN,48b34b87-69c2-467d-a88c-67aac910c539,SAMMS-ColumbiaTNv5
202609032054006488,202609031904103850,202609031904101105,85,4623,Bronze INV,br_ReAssessmentTreatment,TASK_COMPLETE,SUCCESS,INFO,527,527,0,,2026-09-03T19:04:17.619Z,2026-09-03T20:54:05.052Z,6588,2026-09-03T20:54:05.052Z,V19,Jackson,48b34b87-69c2-467d-a88c-67aac910c539,SAMMS-JacksonV5
202609032054006489,202609031904103851,202609031904101105,85,4625,Bronze INV,br_ReAssessmentTreatment,TASK_COMPLETE,SUCCESS,INFO,1683,1683,0,,2026-09-03T19:04:17.619Z,2026-09-03T20:54:05.052Z,6588,2026-09-03T20:54:05.052Z,V20,Paris,48b34b87-69c2-467d-a88c-67aac910c539,SAMMS-ParisV5
202609032054006490,202609031904103852,202609031904101105,85,4626,Bronze INV,br_ReAssessmentTreatment,TASK_COMPLETE,SUCCESS,INFO,723,723,0,,2026-09-03T19:04:17.619Z,2026-09-03T20:54:05.052Z,6588,2026-09-03T20:54:05.052Z,V21,Memphis North,48b34b87-69c2-467d-a88c-67aac910c539,SAMMS-RaleighV5
202609032054006492,202609031904103853,202609031904101105,85,4629,Bronze INV,br_ReAssessmentTreatment,TASK_COMPLETE,SUCCESS,INFO,1765,1765,0,,2026-09-03T19:04:17.619Z,2026-09-03T20:54:05.052Z,6588,2026-09-03T20:54:05.052Z,V5,West Bank,48b34b87-69c2-467d-a88c-67aac910c539,SAMMS-NONTCv5
202609032054006493,202609031904103854,202609031904101105,85,4631,Bronze INV,br_ReAssessmentTreatment,TASK_COMPLETE,SUCCESS,INFO,145,145,0,,2026-09-03T19:04:17.619Z,2026-09-03T20:54:05.052Z,6588,2026-09-03T20:54:05.052Z,V5B,Houma,48b34b87-69c2-467d-a88c-67aac910c539,SAMMS-HoumaV6
202609032054006494,202609031904103855,202609031904101105,85,4632,Bronze INV,br_ReAssessmentTreatment,TASK_COMPLETE,SUCCESS,INFO,1905,1905,0,,2026-09-03T19:04:17.619Z,2026-09-03T20:54:05.052Z,6588,2026-09-03T20:54:05.052Z,V6,Lake Charles,48b34b87-69c2-467d-a88c-67aac910c539,SAMMS-LCv5
202609032054006495,202609031904103856,202609031904101105,85,4634,Bronze INV,br_ReAssessmentTreatment,TASK_COMPLETE,SUCCESS,INFO,738,738,0,,2026-09-03T19:04:17.619Z,2026-09-03T20:54:05.052Z,6588,2026-09-03T20:54:05.052Z,V8,Memphis Midtown,48b34b87-69c2-467d-a88c-67aac910c539,SAMMS-VCPHCS-VIII-MemphisV5
202609032054006496,202609031904103857,202609031904101105,85,4635,Bronze INV,br_ReAssessmentTreatment,TASK_COMPLETE,SUCCESS,INFO,1761,1761,0,,2026-09-03T19:04:17.619Z,2026-09-03T20:54:05.052Z,6588,2026-09-03T20:54:05.052Z,V9,Nashville,48b34b87-69c2-467d-a88c-67aac910c539,SAMMS-NashvilleV5
202609032054006497,202609031904103858,202609031904101105,85,4636,Bronze INV,br_ReAssessmentTreatment,TASK_COMPLETE,SUCCESS,INFO,838,838,0,,2026-09-03T19:04:17.619Z,2026-09-03T20:54:05.052Z,6588,2026-09-03T20:54:05.052Z,VBRA,Brainerd,48b34b87-69c2-467d-a88c-67aac910c539,SAMMS-BrainerdV6
202609032054006499,202609031904103859,202609031904101105,85,4637,Bronze INV,br_ReAssessmentTreatment,TASK_COMPLETE,SUCCESS,INFO,1952,1952,0,,2026-09-03T19:04:17.619Z,2026-09-03T20:54:05.052Z,6588,2026-09-03T20:54:05.052Z,VBRP,Brooklyn Park,48b34b87-69c2-467d-a88c-67aac910c539,SAMMS-BrooklynParkV6
202609032054006500,202609031904103860,202609031904101105,85,4639,Bronze INV,br_ReAssessmentTreatment,TASK_COMPLETE,SUCCESS,INFO,740,740,0,,2026-09-03T19:04:17.619Z,2026-09-03T20:54:05.052Z,6588,2026-09-03T20:54:05.052Z,VMIN,Minneapolis,48b34b87-69c2-467d-a88c-67aac910c539,SAMMS-MinneapolisV6
202609032054006501,202609031904103861,202609031904101105,85,4640,Bronze INV,br_ReAssessmentTreatment,TASK_COMPLETE,SUCCESS,INFO,873,873,0,,2026-09-03T19:04:17.619Z,2026-09-03T20:54:05.052Z,6588,2026-09-03T20:54:05.052Z,VWBY,Woodbury,48b34b87-69c2-467d-a88c-67aac910c539,SAMMS-WoodburyV6
202609032054006502,202609031904103862,202609031904101105,85,4642,Bronze INV,br_ReAssessmentTreatment,TASK_COMPLETE,SUCCESS,INFO,161,161,0,,2026-09-03T19:04:17.619Z,2026-09-03T20:54:05.052Z,6588,2026-09-03T20:54:05.052Z,WIL,Wilson,48b34b87-69c2-467d-a88c-67aac910c539,SAMMS-Wilson
202608302104538453,202608301904172502,202608301904170791,85,1129,Bronze INV,br_AdmissionAssessmentDimensionSix,TASK_COMPLETE,SUCCESS,INFO,479,479,0,,2026-08-30T19:04:27.050Z,2026-08-30T21:04:59.710Z,7232,2026-08-30T21:04:59.710Z,V20,Paris,ba679216-ee2b-4344-afb9-134290faf502,SAMMS-ParisV5
202608302104538454,202608301904172503,202608301904170791,85,1130,Bronze INV,br_AdmissionAssessmentDimensionSix,TASK_COMPLETE,SUCCESS,INFO,353,353,0,,2026-08-30T19:04:27.050Z,2026-08-30T21:04:59.710Z,7232,2026-08-30T21:04:59.710Z,V21,Memphis North,ba679216-ee2b-4344-afb9-134290faf502,SAMMS-RaleighV5
202608302104538455,202608301904172504,202608301904170791,85,1133,Bronze INV,br_AdmissionAssessmentDimensionSix,TASK_COMPLETE,SUCCESS,INFO,698,698,0,,2026-08-30T19:04:27.050Z,2026-08-30T21:04:59.710Z,7232,2026-08-30T21:04:59.710Z,V5,West Bank,ba679216-ee2b-4344-afb9-134290faf502,SAMMS-NONTCv5
202608302104538456,202608301904172505,202608301904170791,85,1135,Bronze INV,br_AdmissionAssessmentDimensionSix,TASK_COMPLETE,SUCCESS,INFO,250,250,0,,2026-08-30T19:04:27.050Z,2026-08-30T21:04:59.710Z,7232,2026-08-30T21:04:59.710Z,V5B,Houma,ba679216-ee2b-4344-afb9-134290faf502,SAMMS-HoumaV6
202608302104538457,202608301904172506,202608301904170791,85,1136,Bronze INV,br_AdmissionAssessmentDimensionSix,TASK_COMPLETE,SUCCESS,INFO,948,948,0,,2026-08-30T19:04:27.050Z,2026-08-30T21:04:59.710Z,7232,2026-08-30T21:04:59.710Z,V6,Lake Charles,ba679216-ee2b-4344-afb9-134290faf502,SAMMS-LCv5
202608302104538458,202608301904172507,202608301904170791,85,1138,Bronze INV,br_AdmissionAssessmentDimensionSix,TASK_COMPLETE,SUCCESS,INFO,562,562,0,,2026-08-30T19:04:27.050Z,2026-08-30T21:04:59.710Z,7232,2026-08-30T21:04:59.710Z,V8,Memphis Midtown,ba679216-ee2b-4344-afb9-134290faf502,SAMMS-VCPHCS-VIII-MemphisV5
202608302104538459,202608301904172508,202608301904170791,85,1139,Bronze INV,br_AdmissionAssessmentDimensionSix,TASK_COMPLETE,SUCCESS,INFO,1568,1568,0,,2026-08-30T19:04:27.050Z,2026-08-30T21:04:59.710Z,7232,2026-08-30T21:04:59.710Z,V9,Nashville,ba679216-ee2b-4344-afb9-134290faf502,SAMMS-NashvilleV5
202608302104538461,202608301904172509,202608301904170791,85,1140,Bronze INV,br_AdmissionAssessmentDimensionSix,TASK_COMPLETE,SUCCESS,INFO,329,329,0,,2026-08-30T19:04:27.050Z,2026-08-30T21:04:59.710Z,7232,2026-08-30T21:04:59.710Z,VBRA,Brainerd,ba679216-ee2b-4344-afb9-134290faf502,SAMMS-BrainerdV6
202608302104538462,202608301904172510,202608301904170791,85,1141,Bronze INV,br_AdmissionAssessmentDimensionSix,TASK_COMPLETE,SUCCESS,INFO,585,585,0,,2026-08-30T19:04:27.050Z,2026-08-30T21:04:59.710Z,7232,2026-08-30T21:04:59.710Z,VBRP,Brooklyn Park,ba679216-ee2b-4344-afb9-134290faf502,SAMMS-BrooklynParkV6
202608302104538463,202608301904172511,202608301904170791,85,1143,Bronze INV,br_AdmissionAssessmentDimensionSix,TASK_COMPLETE,SUCCESS,INFO,567,567,0,,2026-08-30T19:04:27.050Z,2026-08-30T21:04:59.710Z,7232,2026-08-30T21:04:59.710Z,VMIN,Minneapolis,ba679216-ee2b-4344-afb9-134290faf502,SAMMS-MinneapolisV6
202608302104538464,202608301904172512,202608301904170791,85,1144,Bronze INV,br_AdmissionAssessmentDimensionSix,TASK_COMPLETE,SUCCESS,INFO,1062,1062,0,,2026-08-30T19:04:27.050Z,2026-08-30T21:04:59.710Z,7232,2026-08-30T21:04:59.710Z,VWBY,Woodbury,ba679216-ee2b-4344-afb9-134290faf502,SAMMS-WoodburyV6
202608302104538465,202608301904172513,202608301904170791,85,1146,Bronze INV,br_AdmissionAssessmentDimensionSix,TASK_COMPLETE,SUCCESS,INFO,429,429,0,,2026-08-30T19:04:27.050Z,2026-08-30T21:04:59.710Z,7232,2026-08-30T21:04:59.710Z,WIL,Wilson,ba679216-ee2b-4344-afb9-134290faf502,SAMMS-Wilson
202608302104538466,202608301904172514,202608301904170791,85,2990,Bronze INV,br_ReAssessment,TASK_COMPLETE,SUCCESS,INFO,0,0,0,,2026-08-30T19:04:27.050Z,2026-08-30T21:04:59.710Z,7232,2026-08-30T21:04:59.710Z,AHK,Ahoskie,ba679216-ee2b-4344-afb9-134290faf502,SAMMS-Ahoskie
202608302104538467,202608301904172515,202608301904170791,85,2991,Bronze INV,br_ReAssessment,TASK_COMPLETE,SUCCESS,INFO,0,0,0,,2026-08-30T19:04:27.050Z,2026-08-30T21:04:59.710Z,7232,2026-08-30T21:04:59.710Z,B12B,Colorado Springs,ba679216-ee2b-4344-afb9-134290faf502,SAMMS-ColoradoSpringsV5
202608302104538469,202608301904172516,202608301904170791,85,2992,Bronze INV,br_ReAssessment,TASK_COMPLETE,SUCCESS,INFO,0,0,0,,2026-08-30T19:04:27.050Z,2026-08-30T21:04:59.710Z,7232,2026-08-30T21:04:59.710Z,B24,Paintsville,ba679216-ee2b-4344-afb9-134290faf502,SAMMS-PaintsvilleV5
202608302104538470,202608301904172517,202608301904170791,85,2993,Bronze INV,br_ReAssessment,TASK_COMPLETE,SUCCESS,INFO,0,0,0,,2026-08-30T19:04:27.050Z,2026-08-30T21:04:59.710Z,7232,2026-08-30T21:04:59.710Z,B25,Pikeville,ba679216-ee2b-4344-afb9-134290faf502,SAMMS-PikevilleV5
202608302104538471,202608301904172518,202608301904170791,85,2994,Bronze INV,br_ReAssessment,TASK_COMPLETE,SUCCESS,INFO,0,0,0,,2026-08-30T19:04:27.050Z,2026-08-30T21:04:59.710Z,7232,2026-08-30T21:04:59.710Z,B26,Hazard,ba679216-ee2b-4344-afb9-134290faf502,SAMMS-HazardV5
202608302104538472,202608301904172519,202608301904170791,85,2995,Bronze INV,br_ReAssessment,TASK_COMPLETE,SUCCESS,INFO,0,0,0,,2026-08-30T19:04:27.050Z,2026-08-30T21:04:59.710Z,7232,2026-08-30T21:04:59.710Z,B27,Savannah,ba679216-ee2b-4344-afb9-134290faf502,SAMMS-SavannahV6
202608302104538473,202608301904172520,202608301904170791,85,2996,Bronze INV,br_ReAssessment,TASK_COMPLETE,SUCCESS,INFO,0,0,0,,2026-08-30T19:04:27.050Z,2026-08-30T21:04:59.710Z,7232,2026-08-30T21:04:59.710Z,B28,West Plains,ba679216-ee2b-4344-afb9-134290faf502,SAMMS-WestPlainesV5
202608302104538474,202608301904172521,202608301904170791,85,2997,Bronze INV,br_ReAssessment,TASK_COMPLETE,SUCCESS,INFO,0,0,0,,2026-08-30T19:04:27.050Z,2026-08-30T21:04:59.710Z,7232,2026-08-30T21:04:59.710Z,B29,Poplar Bluff,ba679216-ee2b-4344-afb9-134290faf502,SAMMS-PoplarBluffV5
202608302104538475,202608301904172522,202608301904170791,85,2998,Bronze INV,br_ReAssessment,TASK_COMPLETE,SUCCESS,INFO,0,0,0,,2026-08-30T19:04:27.050Z,2026-08-30T21:04:59.710Z,7232,2026-08-30T21:04:59.710Z,B30,KC North,ba679216-ee2b-4344-afb9-134290faf502,SAMMS-KCNv5
202608302104538476,202608301904172523,202608301904170791,85,2999,Bronze INV,br_ReAssessment,TASK_COMPLETE,SUCCESS,INFO,0,0,0,,2026-08-30T19:04:27.050Z,2026-08-30T21:04:59.710Z,7232,2026-08-30T21:04:59.710Z,B31,Dyersburg,ba679216-ee2b-4344-afb9-134290faf502,SAMMS-DyersburgV5
202608302104538478,202608301904172524,202608301904170791,85,3001,Bronze INV,br_ReAssessment,TASK_COMPLETE,SUCCESS,INFO,0,0,0,,2026-08-30T19:04:27.050Z,2026-08-30T21:04:59.710Z,7232,2026-08-30T21:04:59.710Z,B33,Paducah,ba679216-ee2b-4344-afb9-134290faf502,SAMMS-Paducah
202608302104538479,202608301904172525,202608301904170791,85,3002,Bronze INV,br_ReAssessment,TASK_COMPLETE,SUCCESS,INFO,0,0,0,,2026-08-30T19:04:27.050Z,2026-08-30T21:04:59.710Z,7232,2026-08-30T21:04:59.710Z,B34,Corbin,ba679216-ee2b-4344-afb9-134290faf502,SAMMS-CorbinV5
202608302104538483,202608301904172526,202608301904170791,85,3003,Bronze INV,br_ReAssessment,TASK_COMPLETE,SUCCESS,INFO,0,0,0,,2026-08-30T19:04:27.050Z,2026-08-30T21:04:59.710Z,7232,2026-08-30T21:04:59.710Z,B35,Lexington,ba679216-ee2b-4344-afb9-134290faf502,SAMMS-LexingtonV5
202608302104538484,202608301904172527,202608301904170791,85,3004,Bronze INV,br_ReAssessment,TASK_COMPLETE,SUCCESS,INFO,0,0,0,,2026-08-30T19:04:27.050Z,2026-08-30T21:04:59.710Z,7232,2026-08-30T21:04:59.710Z,B35A,Berea,ba679216-ee2b-4344-afb9-134290faf502,SAMMS-BereaV5
202608302104538485,202608301904172528,202608301904170791,85,3005,Bronze INV,br_ReAssessment,TASK_COMPLETE,SUCCESS,INFO,0,0,0,,2026-08-30T19:04:27.050Z,2026-08-30T21:04:59.710Z,7232,2026-08-30T21:04:59.710Z,B36,Asheville,ba679216-ee2b-4344-afb9-134290faf502,SAMMS-AshevilleV5
202608302104538486,202608301904172529,202608301904170791,85,3006,Bronze INV,br_ReAssessment,TASK_COMPLETE,SUCCESS,INFO,0,0,0,,2026-08-30T19:04:27.050Z,2026-08-30T21:04:59.710Z,7232,2026-08-30T21:04:59.710Z,B37,Clyde,ba679216-ee2b-4344-afb9-134290faf502,SAMMS-ClydeV5
202608302104538487,202608301904172530,202608301904170791,85,3007,Bronze INV,br_ReAssessment,TASK_COMPLETE,SUCCESS,INFO,0,0,0,,2026-08-30T19:04:27.050Z,2026-08-30T21:04:59.710Z,7232,2026-08-30T21:04:59.710Z,B38,Spartanburg,ba679216-ee2b-4344-afb9-134290faf502,SAMMS-SpartanburgV5
202608302104538488,202608301904172531,202608301904170791,85,3008,Bronze INV,br_ReAssessment,TASK_COMPLETE,SUCCESS,INFO,0,0,0,,2026-08-30T19:04:27.050Z,2026-08-30T21:04:59.710Z,7232,2026-08-30T21:04:59.710Z,B39,Aiken,ba679216-ee2b-4344-afb9-134290faf502,SAMMS-AikenV5
202608302104538490,202608301904172532,202608301904170791,85,3009,Bronze INV,br_ReAssessment,TASK_COMPLETE,SUCCESS,INFO,0,0,0,,2026-08-30T19:04:27.050Z,2026-08-30T21:04:59.710Z,7232,2026-08-30T21:04:59.710Z,B41,Chesapeake,ba679216-ee2b-4344-afb9-134290faf502,SAMMS-ChesapeakeV5
202608302104538494,202608301904172533,202608301904170791,85,3010,Bronze INV,br_ReAssessment,TASK_COMPLETE,SUCCESS,INFO,0,0,0,,2026-08-30T19:04:27.050Z,2026-08-30T21:04:59.710Z,7232,2026-08-30T21:04:59.710Z,B42,Virginia Beach,ba679216-ee2b-4344-afb9-134290faf502,SAMMS-VirginiaBeachV5
202608302104538495,202608301904172534,202608301904170791,85,3011,Bronze INV,br_ReAssessment,TASK_COMPLETE,SUCCESS,INFO,0,0,0,,2026-08-30T19:04:27.050Z,2026-08-30T21:04:59.710Z,7232,2026-08-30T21:04:59.710Z,B42A,Newport News,ba679216-ee2b-4344-afb9-134290faf502,SAMMS-NewportNewsV5
202608302104538496,202608301904172535,202608301904170791,85,3012,Bronze INV,br_ReAssessment,TASK_COMPLETE,SUCCESS,INFO,0,0,0,,2026-08-30T19:04:27.050Z,2026-08-30T21:04:59.710Z,7232,2026-08-30T21:04:59.710Z,B42B,Franklin,ba679216-ee2b-4344-afb9-134290faf502,SAMMS-FranklinV5
202608302104538497,202608301904172536,202608301904170791,85,3013,Bronze INV,br_ReAssessment,TASK_COMPLETE,SUCCESS,INFO,0,0,0,,2026-08-30T19:04:27.050Z,2026-08-30T21:04:59.710Z,7232,2026-08-30T21:04:59.710Z,B42C,Glen Allen,ba679216-ee2b-4344-afb9-134290faf502,SAMMS-GlenAllenV5
202608302104538498,202608301904172537,202608301904170791,85,3014,Bronze INV,br_ReAssessment,TASK_COMPLETE,SUCCESS,INFO,0,0,0,,2026-08-30T19:04:27.050Z,2026-08-30T21:04:59.710Z,7232,2026-08-30T21:04:59.710Z,B42D,Chesapeake South,ba679216-ee2b-4344-afb9-134290faf502,SAMMS-ChesapeakeSouthV5
202608302104538499,202608301904172538,202608301904170791,85,3015,Bronze INV,br_ReAssessment,TASK_COMPLETE,SUCCESS,INFO,0,0,0,,2026-08-30T19:04:27.050Z,2026-08-30T21:04:59.710Z,7232,2026-08-30T21:04:59.710Z,B44,Albany,ba679216-ee2b-4344-afb9-134290faf502,SAMMS-AlbanyV5
202608302104538501,202608301904172539,202608301904170791,85,3016,Bronze INV,br_ReAssessment,TASK_COMPLETE,SUCCESS,INFO,0,0,0,,2026-08-30T19:04:27.050Z,2026-08-30T21:04:59.710Z,7232,2026-08-30T21:04:59.710Z,B45,Tifton,ba679216-ee2b-4344-afb9-134290faf502,SAMMS-TiftonV5
202608302104538502,202608301904172540,202608301904170791,85,3017,Bronze INV,br_ReAssessment,TASK_COMPLETE,SUCCESS,INFO,0,0,0,,2026-08-30T19:04:27.050Z,2026-08-30T21:04:59.710Z,7232,2026-08-30T21:04:59.710Z,B46,Washington DC,ba679216-ee2b-4344-afb9-134290faf502,SAMMS-WashingtonDCv5
202608302104538503,202608301904172541,202608301904170791,85,3018,Bronze INV,br_ReAssessment,TASK_COMPLETE,SUCCESS,INFO,0,0,0,,2026-08-30T19:04:27.050Z,2026-08-30T21:04:59.710Z,7232,2026-08-30T21:04:59.710Z,B47,Mobile,ba679216-ee2b-4344-afb9-134290faf502,SAMMS-MobileV5
202608302104538504,202608301904172542,202608301904170791,85,3019,Bronze INV,br_ReAssessment,TASK_COMPLETE,SUCCESS,INFO,0,0,0,,2026-08-30T19:04:27.050Z,2026-08-30T21:04:59.710Z,7232,2026-08-30T21:04:59.710Z,B48,Tuscaloosa,ba679216-ee2b-4344-afb9-134290faf502,SAMMS-TuscaloosaV5
202608302104538505,202608301904172543,202608301904170791,85,3028,Bronze INV,br_ReAssessment,TASK_COMPLETE,SUCCESS,INFO,0,0,0,,2026-08-30T19:04:27.050Z,2026-08-30T21:04:59.710Z,7232,2026-08-30T21:04:59.710Z,B51,N. Little Rock (OTP),ba679216-ee2b-4344-afb9-134290faf502,SAMMS-NorthLittleRockV6
202608302104538506,202608301904172544,202608301904170791,85,3029,Bronze INV,br_ReAssessment,TASK_COMPLETE,SUCCESS,INFO,0,0,0,,2026-08-30T19:04:27.050Z,2026-08-30T21:04:59.710Z,7232,2026-08-30T21:04:59.710Z,B52,Jackson GA,ba679216-ee2b-4344-afb9-134290faf502,SAMMS-JacksonGAV5
202608302104538507,202608301904172545,202608301904170791,85,3030,Bronze INV,br_ReAssessment,TASK_COMPLETE,SUCCESS,INFO,0,0,0,,2026-08-30T19:04:27.050Z,2026-08-30T21:04:59.710Z,7232,2026-08-30T21:04:59.710Z,B54,Gadsden,ba679216-ee2b-4344-afb9-134290faf502,SAMMS-GadsdenV5
202608302104538508,202608301904172546,202608301904170791,85,3031,Bronze INV,br_ReAssessment,TASK_COMPLETE,SUCCESS,INFO,0,0,0,,2026-08-30T19:04:27.050Z,2026-08-30T21:04:59.710Z,7232,2026-08-30T21:04:59.710Z,B55,Shoals,ba679216-ee2b-4344-afb9-134290faf502,SAMMS-ShoalsV5
202608302104538510,202608301904172547,202608301904170791,85,3032,Bronze INV,br_ReAssessment,TASK_COMPLETE,SUCCESS,INFO,0,0,0,,2026-08-30T19:04:27.050Z,2026-08-30T21:04:59.710Z,7232,2026-08-30T21:04:59.710Z,B57,Pawtucket,ba679216-ee2b-4344-afb9-134290faf502,SAMMS-Pawtucket
202608302104538511,202608301904172548,202608301904170791,85,3033,Bronze INV,br_ReAssessment,TASK_COMPLETE,SUCCESS,INFO,12,12,0,,2026-08-30T19:04:27.050Z,2026-08-30T21:04:59.710Z,7232,2026-08-30T21:04:59.710Z,B57A,Johnston,ba679216-ee2b-4344-afb9-134290faf502,SAMMS-Johnston
202608302104538512,202608301904172549,202608301904170791,85,3034,Bronze INV,br_ReAssessment,TASK_COMPLETE,SUCCESS,INFO,0,0,0,,2026-08-30T19:04:27.050Z,2026-08-30T21:04:59.710Z,7232,2026-08-30T21:04:59.710Z,B57B,Middletown,ba679216-ee2b-4344-afb9-134290faf502,SAMMS-Middletown
202608302104538513,202608301904172550,202608301904170791,85,3035,Bronze INV,br_ReAssessment,TASK_COMPLETE,SUCCESS,INFO,1,1,0,,2026-08-30T19:04:27.050Z,2026-08-30T21:04:59.710Z,7232,2026-08-30T21:04:59.710Z,B57C,Providence,ba679216-ee2b-4344-afb9-134290faf502,SAMMS-Providence
202608302104538514,202608301904172551,202608301904170791,85,3036,Bronze INV,br_ReAssessment,TASK_COMPLETE,SUCCESS,INFO,32,32,0,,2026-08-30T19:04:27.050Z,2026-08-30T21:04:59.710Z,7232,2026-08-30T21:04:59.710Z,B57D,Westerly,ba679216-ee2b-4344-afb9-134290faf502,SAMMS-Westerly
202608302104538515,202608301904172552,202608301904170791,85,3040,Bronze INV,br_ReAssessment,TASK_COMPLETE,SUCCESS,INFO,0,0,0,,2026-08-30T19:04:27.050Z,2026-08-30T21:04:59.710Z,7232,2026-08-30T21:04:59.710Z,B66A,Bremen,ba679216-ee2b-4344-afb9-134290faf502,SAMMS-Bremen
202608302104538516,202608301904172553,202608301904170791,85,3043,Bronze INV,br_ReAssessment,TASK_COMPLETE,SUCCESS,INFO,0,0,0,,2026-08-30T19:04:27.050Z,2026-08-30T21:04:59.710Z,7232,2026-08-30T21:04:59.710Z,B72,Mobile (OBOT),ba679216-ee2b-4344-afb9-134290faf502,SAMMS-Mobile-OBOT
202608302104538518,202608301904172554,202608301904170791,85,3044,Bronze INV,br_ReAssessment,TASK_COMPLETE,SUCCESS,INFO,0,0,0,,2026-08-30T19:04:27.050Z,2026-08-30T21:04:59.710Z,7232,2026-08-30T21:04:59.710Z,B73,Montgomery,ba679216-ee2b-4344-afb9-134290faf502,SAMMS-Montgomery
202608302104538519,202608301904172555,202608301904170791,85,3045,Bronze INV,br_ReAssessment,TASK_COMPLETE,SUCCESS,INFO,0,0,0,,2026-08-30T19:04:27.050Z,2026-08-30T21:04:59.710Z,7232,2026-08-30T21:04:59.710Z,B75,Lawrence,ba679216-ee2b-4344-afb9-134290faf502,SAMMS-LawrenceV6
202608302104538520,202608301904172556,202608301904170791,85,3046,Bronze INV,br_ReAssessment,TASK_COMPLETE,SUCCESS,INFO,0,0,0,,2026-08-30T19:04:27.050Z,2026-08-30T21:04:59.710Z,7232,2026-08-30T21:04:59.710Z,B76,Huntsville OBOT,ba679216-ee2b-4344-afb9-134290faf502,SAMMS-Huntsville-OBOT
202608302104538521,202608301904172557,202608301904170791,85,3047,Bronze INV,br_ReAssessment,TASK_COMPLETE,SUCCESS,INFO,0,0,0,,2026-08-30T19:04:27.050Z,2026-08-30T21:04:59.710Z,7232,2026-08-30T21:04:59.710Z,BAT,Batesville,ba679216-ee2b-4344-afb9-134290faf502,SAMMS-Batesville
202608302104538522,202608301904172558,202608301904170791,85,3048,Bronze INV,br_ReAssessment,TASK_COMPLETE,SUCCESS,INFO,0,0,0,,2026-08-30T19:04:27.050Z,2026-08-30T21:04:59.710Z,7232,2026-08-30T21:04:59.710Z,BG,Bowling Green,ba679216-ee2b-4344-afb9-134290faf502,SAMMS-BowlingGreen
202608302104538523,202608301904172559,202608301904170791,85,3049,Bronze INV,br_ReAssessment,TASK_COMPLETE,SUCCESS,INFO,0,0,0,,2026-08-30T19:04:27.050Z,2026-08-30T21:04:59.710Z,7232,2026-08-30T21:04:59.710Z,BOI,Boise,ba679216-ee2b-4344-afb9-134290faf502,SAMMS-Boise
202608302104538524,202608301904172560,202608301904170791,85,3056,Bronze INV,br_ReAssessment,TASK_COMPLETE,SUCCESS,INFO,0,0,0,,2026-08-30T19:04:27.050Z,2026-08-30T21:04:59.710Z,7232,2026-08-30T21:04:59.710Z,CBCO,Coeur dAlene,ba679216-ee2b-4344-afb9-134290faf502,SAMMS-CoeurdAleneV6
202608302104538525,202608301904172561,202608301904170791,85,3075,Bronze INV,br_ReAssessment,TASK_COMPLETE,SUCCESS,INFO,0,0,0,,2026-08-30T19:04:27.050Z,2026-08-30T21:04:59.710Z,7232,2026-08-30T21:04:59.710Z,CON,Conway,ba679216-ee2b-4344-afb9-134290faf502,SAMMS-Conway
202608302104538527,202608301904172562,202608301904170791,85,3076,Bronze INV,br_ReAssessment,TASK_COMPLETE,SUCCESS,INFO,0,0,0,,2026-08-30T19:04:27.050Z,2026-08-30T21:04:59.710Z,7232,2026-08-30T21:04:59.710Z,D07,Medical Services Knox TN,ba679216-ee2b-4344-afb9-134290faf502,SAMMS-KnoxvilleV6
202608302104538528,202608301904172563,202608301904170791,85,3077,Bronze INV,br_ReAssessment,TASK_COMPLETE,SUCCESS,INFO,0,0,0,,2026-08-30T19:04:27.050Z,2026-08-30T21:04:59.710Z,7232,2026-08-30T21:04:59.710Z,D08,Madison,ba679216-ee2b-4344-afb9-134290faf502,SAMMS-MadisonV6
202608302104538529,202608301904172564,202608301904170791,85,3079,Bronze INV,br_ReAssessment,TASK_COMPLETE,SUCCESS,INFO,0,0,0,,2026-08-30T19:04:27.050Z,2026-08-30T21:04:59.710Z,7232,2026-08-30T21:04:59.710Z,D09,Murfreesboro,ba679216-ee2b-4344-afb9-134290faf502,SAMMS-MurfreesboroV6
202608302104538530,202608301904172565,202608301904170791,85,3080,Bronze INV,br_ReAssessment,TASK_COMPLETE,SUCCESS,INFO,0,0,0,,2026-08-30T19:04:27.050Z,2026-08-30T21:04:59.710Z,7232,2026-08-30T21:04:59.710Z,DA,Davenport,ba679216-ee2b-4344-afb9-134290faf502,SAMMS-Davenport
202608302104538531,202608301904172566,202608301904170791,85,3081,Bronze INV,br_ReAssessment,TASK_COMPLETE,SUCCESS,INFO,0,0,0,,2026-08-30T19:04:27.050Z,2026-08-30T21:04:59.710Z,7232,2026-08-30T21:04:59.710Z,DM,Des Moines,ba679216-ee2b-4344-afb9-134290faf502,SAMMS-DesMoines
202608302104538532,202608301904172567,202608301904170791,85,3083,Bronze INV,br_ReAssessment,TASK_COMPLETE,SUCCESS,INFO,0,0,0,,2026-08-30T19:04:27.050Z,2026-08-30T21:04:59.710Z,7232,2026-08-30T21:04:59.710Z,DRD-CO,Columbia MO,ba679216-ee2b-4344-afb9-134290faf502,SAMMS-ColumbiaV5
202608302104538533,202608301904172568,202608301904170791,85,3084,Bronze INV,br_ReAssessment,TASK_COMPLETE,SUCCESS,INFO,0,0,0,,2026-08-30T19:04:27.050Z,2026-08-30T21:04:59.710Z,7232,2026-08-30T21:04:59.710Z,DRD-KC,KC,ba679216-ee2b-4344-afb9-134290faf502,SAMMS-KCv5
202608302104538535,202608301904172569,202608301904170791,85,3085,Bronze INV,br_ReAssessment,TASK_COMPLETE,SUCCESS,INFO,0,0,0,,2026-08-30T19:04:27.050Z,2026-08-30T21:04:59.710Z,7232,2026-08-30T21:04:59.710Z,DRD-KVB,KVB,ba679216-ee2b-4344-afb9-134290faf502,SAMMS-KVBv5
202608302104538536,202608301904172570,202608301904170791,85,3086,Bronze INV,br_ReAssessment,TASK_COMPLETE,SUCCESS,INFO,0,0,0,,2026-08-30T19:04:27.050Z,2026-08-30T21:04:59.710Z,7232,2026-08-30T21:04:59.710Z,DRD-KVC,KVC,ba679216-ee2b-4344-afb9-134290faf502,SAMMS-KVCv5
202608302104538537,202608301904172571,202608301904170791,85,3087,Bronze INV,br_ReAssessment,TASK_COMPLETE,SUCCESS,INFO,0,0,0,,2026-08-30T19:04:27.050Z,2026-08-30T21:04:59.710Z,7232,2026-08-30T21:04:59.710Z,DRD-NOLA,NOLA,ba679216-ee2b-4344-afb9-134290faf502,SAMMS-NOLAv5
202608302104538538,202608301904172572,202608301904170791,85,3088,Bronze INV,br_ReAssessment,TASK_COMPLETE,SUCCESS,INFO,0,0,0,,2026-08-30T19:04:27.050Z,2026-08-30T21:04:59.710Z,7232,2026-08-30T21:04:59.710Z,DRD-SF,Springfield,ba679216-ee2b-4344-afb9-134290faf502,SAMMS-SFv5
202608302104538539,202608301904172573,202608301904170791,85,3090,Bronze INV,br_ReAssessment,TASK_COMPLETE,SUCCESS,INFO,0,0,0,,2026-08-30T19:04:27.050Z,2026-08-30T21:04:59.710Z,7232,2026-08-30T21:04:59.710Z,ELC,Elizabeth City,ba679216-ee2b-4344-afb9-134290faf502,SAMMS-ElizabethCity
202608302104538540,202608301904172574,202608301904170791,85,3091,Bronze INV,br_ReAssessment,TASK_COMPLETE,SUCCESS,INFO,0,0,0,,2026-08-30T19:04:27.050Z,2026-08-30T21:04:59.710Z,7232,2026-08-30T21:04:59.710Z,ET,Elizabethtown,ba679216-ee2b-4344-afb9-134290faf502,SAMMS-Elizabethtown
202608302104538541,202608301904172575,202608301904170791,85,3092,Bronze INV,br_ReAssessment,TASK_COMPLETE,SUCCESS,INFO,0,0,0,,2026-08-30T19:04:27.050Z,2026-08-30T21:04:59.710Z,7232,2026-08-30T21:04:59.710Z,FAY,Fayetteville,ba679216-ee2b-4344-afb9-134290faf502,SAMMS-Fayetteville
202608302104538543,202608301904172576,202608301904170791,85,3093,Bronze INV,br_ReAssessment,TASK_COMPLETE,SUCCESS,INFO,0,0,0,,2026-08-30T19:04:27.050Z,2026-08-30T21:04:59.710Z,7232,2026-08-30T21:04:59.710Z,FR,Frankfort,ba679216-ee2b-4344-afb9-134290faf502,SAMMS-Frankfort
202608302104538544,202608301904172577,202608301904170791,85,3094,Bronze INV,br_ReAssessment,TASK_COMPLETE,SUCCESS,INFO,0,0,0,,2026-08-30T19:04:27.050Z,2026-08-30T21:04:59.710Z,7232,2026-08-30T21:04:59.710Z,FS,Fort Smith,ba679216-ee2b-4344-afb9-134290faf502,SAMMS-FortSmith
202608302104538545,202608301904172578,202608301904170791,85,3095,Bronze INV,br_ReAssessment,TASK_COMPLETE,SUCCESS,INFO,0,0,0,,2026-08-30T19:04:27.050Z,2026-08-30T21:04:59.710Z,7232,2026-08-30T21:04:59.710Z,FW,Fort Wayne,ba679216-ee2b-4344-afb9-134290faf502,SAMMS-FortWayne
202608302104538546,202608301904172579,202608301904170791,85,3096,Bronze INV,br_ReAssessment,TASK_COMPLETE,SUCCESS,INFO,0,0,0,,2026-08-30T19:04:27.050Z,2026-08-30T21:04:59.710Z,7232,2026-08-30T21:04:59.710Z,GAL,Gaylord,ba679216-ee2b-4344-afb9-134290faf502,SAMMS-Gaylord
202608302104538547,202608301904172580,202608301904170791,85,3100,Bronze INV,br_ReAssessment,TASK_COMPLETE,SUCCESS,INFO,0,0,0,,2026-08-30T19:04:27.050Z,2026-08-30T21:04:59.710Z,7232,2026-08-30T21:04:59.710Z,HGT,Hagerstown,ba679216-ee2b-4344-afb9-134290faf502,SAMMS-Hagerstown
202608302104538549,202608301904172581,202608301904170791,85,3101,Bronze INV,br_ReAssessment,TASK_COMPLETE,SUCCESS,INFO,0,0,0,,2026-08-30T19:04:27.050Z,2026-08-30T21:04:59.710Z,7232,2026-08-30T21:04:59.710Z,HNT,Huntsville,ba679216-ee2b-4344-afb9-134290faf502,SAMMS-Huntsville
202608302104538550,202608301904172582,202608301904170791,85,3102,Bronze INV,br_ReAssessment,TASK_COMPLETE,SUCCESS,INFO,0,0,0,,2026-08-30T19:04:27.050Z,2026-08-30T21:04:59.710Z,7232,2026-08-30T21:04:59.710Z,HS,Hot Springs,ba679216-ee2b-4344-afb9-134290faf502,SAMMS-HotSprings
202608302104538551,202608301904172583,202608301904170791,85,3103,Bronze INV,br_ReAssessment,TASK_COMPLETE,SUCCESS,INFO,0,0,0,,2026-08-30T19:04:27.050Z,2026-08-30T21:04:59.710Z,7232,2026-08-30T21:04:59.710Z,JON,Jonesboro,ba679216-ee2b-4344-afb9-134290faf502,SAMMS-Jonesboro
202608302104538552,202608301904172584,202608301904170791,85,3105,Bronze INV,br_ReAssessment,TASK_COMPLETE,SUCCESS,INFO,0,0,0,,2026-08-30T19:04:27.050Z,2026-08-30T21:04:59.710Z,7232,2026-08-30T21:04:59.710Z,LAN,Lansing,ba679216-ee2b-4344-afb9-134290faf502,SAMMS-Lansing
202608302104538553,202608301904172585,202608301904170791,85,3106,Bronze INV,br_ReAssessment,TASK_COMPLETE,SUCCESS,INFO,0,0,0,,2026-08-30T19:04:27.050Z,2026-08-30T21:04:59.710Z,7232,2026-08-30T21:04:59.710Z,LO,Louisville,ba679216-ee2b-4344-afb9-134290faf502,SAMMS-Louisville
202608302104538554,202608301904172586,202608301904170791,85,3107,Bronze INV,br_ReAssessment,TASK_COMPLETE,SUCCESS,INFO,0,0,0,,2026-08-30T19:04:27.050Z,2026-08-30T21:04:59.710Z,7232,2026-08-30T21:04:59.710Z,LV1,Cheyenne,ba679216-ee2b-4344-afb9-134290faf502,SAMMS-Cheyenne
202608302104538555,202608301904172587,202608301904170791,85,3108,Bronze INV,br_ReAssessment,TASK_COMPLETE,SUCCESS,INFO,0,0,0,,2026-08-30T19:04:27.050Z,2026-08-30T21:04:59.710Z,7232,2026-08-30T21:04:59.710Z,LV2,Desert Inn,ba679216-ee2b-4344-afb9-134290faf502,SAMMS-DesertInn
202608302104538556,202608301904172588,202608301904170791,85,3109,Bronze INV,br_ReAssessment,TASK_COMPLETE,SUCCESS,INFO,0,0,0,,2026-08-30T19:04:27.050Z,2026-08-30T21:04:59.710Z,7232,2026-08-30T21:04:59.710Z,LV3,McDaniel,ba679216-ee2b-4344-afb9-134290faf502,SAMMS-McDaniel
202608302104538558,202608301904172589,202608301904170791,85,3112,Bronze INV,br_ReAssessment,TASK_COMPLETE,SUCCESS,INFO,0,0,0,,2026-08-30T19:04:27.050Z,2026-08-30T21:04:59.710Z,7232,2026-08-30T21:04:59.710Z,MNRE,Monroe,ba679216-ee2b-4344-afb9-134290faf502,SAMMS-Monroe
202608302104538559,202608301904172590,202608301904170791,85,3113,Bronze INV,br_ReAssessment,TASK_COMPLETE,SUCCESS,INFO,0,0,0,,2026-08-30T19:04:27.050Z,2026-08-30T21:04:59.710Z,7232,2026-08-30T21:04:59.710Z,MP,Mt. Pleasant,ba679216-ee2b-4344-afb9-134290faf502,SAMMS-MtPleasant
202608302104538560,202608301904172591,202608301904170791,85,3114,Bronze INV,br_ReAssessment,TASK_COMPLETE,SUCCESS,INFO,0,0,0,,2026-08-30T19:04:27.050Z,2026-08-30T21:04:59.710Z,7232,2026-08-30T21:04:59.710Z,MRD,Meridian,ba679216-ee2b-4344-afb9-134290faf502,SAMMS-Meridian
202608302104538561,202608301904172592,202608301904170791,85,3119,Bronze INV,br_ReAssessment,TASK_COMPLETE,SUCCESS,INFO,0,0,0,,2026-08-30T19:04:27.050Z,2026-08-30T21:04:59.710Z,7232,2026-08-30T21:04:59.710Z,NC,North Charleston,ba679216-ee2b-4344-afb9-134290faf502,SAMMS-NorthCharleston
202608302104538562,202608301904172593,202608301904170791,85,3120,Bronze INV,br_ReAssessment,TASK_COMPLETE,SUCCESS,INFO,0,0,0,,2026-08-30T19:04:27.050Z,2026-08-30T21:04:59.710Z,7232,2026-08-30T21:04:59.710Z,NLR,N. Little Rock,ba679216-ee2b-4344-afb9-134290faf502,SAMMS-NLROBOT
202608302104538563,202608301904172594,202608301904170791,85,3121,Bronze INV,br_ReAssessment,TASK_COMPLETE,SUCCESS,INFO,0,0,0,,2026-08-30T19:04:27.050Z,2026-08-30T21:04:59.710Z,7232,2026-08-30T21:04:59.710Z,PH,Phoenix,ba679216-ee2b-4344-afb9-134290faf502,SAMMS-Phoenix
202608302104538564,202608301904172595,202608301904170791,85,3125,Bronze INV,br_ReAssessment,TASK_COMPLETE,SUCCESS,INFO,0,0,0,,2026-08-30T19:04:27.050Z,2026-08-30T21:04:59.710Z,7232,2026-08-30T21:04:59.710Z,RE,Reno,ba679216-ee2b-4344-afb9-134290faf502,SAMMS-Reno
202608302104538566,202608301904172596,202608301904170791,85,3126,Bronze INV,br_ReAssessment,TASK_COMPLETE,SUCCESS,INFO,0,0,0,,2026-08-30T19:04:27.050Z,2026-08-30T21:04:59.710Z,7232,2026-08-30T21:04:59.710Z,RMD,Richmond,ba679216-ee2b-4344-afb9-134290faf502,SAMMS-Richmond
202608302104538567,202608301904172597,202608301904170791,85,3127,Bronze INV,br_ReAssessment,TASK_COMPLETE,SUCCESS,INFO,0,0,0,,2026-08-30T19:04:27.050Z,2026-08-30T21:04:59.710Z,7232,2026-08-30T21:04:59.710Z,SFN,Springfield North,ba679216-ee2b-4344-afb9-134290faf502,SAMMS-SFNv5
202608302104538568,202608301904172598,202608301904170791,85,3128,Bronze INV,br_ReAssessment,TASK_COMPLETE,SUCCESS,INFO,0,0,0,,2026-08-30T19:04:27.050Z,2026-08-30T21:04:59.710Z,7232,2026-08-30T21:04:59.710Z,SHP,Shreveport,ba679216-ee2b-4344-afb9-134290faf502,SAMMS-Shreveport
202608302104538569,202608301904172599,202608301904170791,85,3130,Bronze INV,br_ReAssessment,TASK_COMPLETE,SUCCESS,INFO,0,0,0,,2026-08-30T19:04:27.050Z,2026-08-30T21:04:59.710Z,7232,2026-08-30T21:04:59.710Z,STN,Staunton,ba679216-ee2b-4344-afb9-134290faf502,SAMMS-Staunton
202608302104538570,202608301904172600,202608301904170791,85,3131,Bronze INV,br_ReAssessment,TASK_COMPLETE,SUCCESS,INFO,0,0,0,,2026-08-30T19:04:27.050Z,2026-08-30T21:04:59.710Z,7232,2026-08-30T21:04:59.710Z,STVN,Stevenson,ba679216-ee2b-4344-afb9-134290faf502,SAMMS-Stevenson
202608302104538571,202608301904172601,202608301904170791,85,3133,Bronze INV,br_ReAssessment,TASK_COMPLETE,SUCCESS,INFO,0,0,0,,2026-08-30T19:04:27.050Z,2026-08-30T21:04:59.710Z,7232,2026-08-30T21:04:59.710Z,TE,Tempe,ba679216-ee2b-4344-afb9-134290faf502,SAMMS-Tempe
202608302104538572,202608301904172602,202608301904170791,85,3134,Bronze INV,br_ReAssessment,TASK_COMPLETE,SUCCESS,INFO,0,0,0,,2026-08-30T19:04:27.050Z,2026-08-30T21:04:59.710Z,7232,2026-08-30T21:04:59.710Z,TEX,Texarkana,ba679216-ee2b-4344-afb9-134290faf502,SAMMS-Texarkana
202608302104538573,202608301904172603,202608301904170791,85,3135,Bronze INV,br_ReAssessment,TASK_COMPLETE,SUCCESS,INFO,1,1,0,,2026-08-30T19:04:27.050Z,2026-08-30T21:04:59.710Z,7232,2026-08-30T21:04:59.710Z,TTCA,Bessemer,ba679216-ee2b-4344-afb9-134290faf502,SAMMS-BessemerV5
202608302104538575,202608301904172604,202608301904170791,85,3136,Bronze INV,br_ReAssessment,TASK_COMPLETE,SUCCESS,INFO,0,0,0,,2026-08-30T19:04:27.050Z,2026-08-30T21:04:59.710Z,7232,2026-08-30T21:04:59.710Z,TTCB,Cullman,ba679216-ee2b-4344-afb9-134290faf502,SAMMS-CullmanV5
202608302104538576,202608301904172605,202608301904170791,85,3137,Bronze INV,br_ReAssessment,TASK_COMPLETE,SUCCESS,INFO,0,0,0,,2026-08-30T19:04:27.050Z,2026-08-30T21:04:59.710Z,7232,2026-08-30T21:04:59.710Z,TTCC,Grand Bay,ba679216-ee2b-4344-afb9-134290faf502,SAMMS-GrandBay
202608302104538577,202608301904172606,202608301904170791,85,3138,Bronze INV,br_ReAssessment,TASK_COMPLETE,SUCCESS,INFO,0,0,0,,2026-08-30T19:04:27.050Z,2026-08-30T21:04:59.710Z,7232,2026-08-30T21:04:59.710Z,TU,Tucson,ba679216-ee2b-4344-afb9-134290faf502,SAMMS-Tucson
202608302104538578,202608301904172607,202608301904170791,85,3140,Bronze INV,br_ReAssessment,TASK_COMPLETE,SUCCESS,INFO,0,0,0,,2026-08-30T19:04:27.050Z,2026-08-30T21:04:59.710Z,7232,2026-08-30T21:04:59.710Z,V1,Memphis South,ba679216-ee2b-4344-afb9-134290faf502,SAMMS-VCPHCS-I-MemphisV5
202608302104538579,202608301904172608,202608301904170791,85,3141,Bronze INV,br_ReAssessment,TASK_COMPLETE,SUCCESS,INFO,0,0,0,,2026-08-30T19:04:27.050Z,2026-08-30T21:04:59.710Z,7232,2026-08-30T21:04:59.710Z,V10,Longmont,ba679216-ee2b-4344-afb9-134290faf502,SAMMS-BoulderV5
202608302104538580,202608301904172609,202608301904170791,85,3142,Bronze INV,br_ReAssessment,TASK_COMPLETE,SUCCESS,INFO,113,113,0,,2026-08-30T19:04:27.050Z,2026-08-30T21:04:59.710Z,7232,2026-08-30T21:04:59.710Z,V10A,Fort Collins,ba679216-ee2b-4344-afb9-134290faf502,SAMMS-FortCollinsV5
202608302104538581,202608301904172610,202608301904170791,85,3143,Bronze INV,br_ReAssessment,TASK_COMPLETE,SUCCESS,INFO,0,0,0,,2026-08-30T19:04:27.050Z,2026-08-30T21:04:59.710Z,7232,2026-08-30T21:04:59.710Z,V11,Westminster,ba679216-ee2b-4344-afb9-134290faf502,SAMMS-VCPHCS-XI-NorthDenverV5
202608302104538582,202608301904172611,202608301904170791,85,3144,Bronze INV,br_ReAssessment,TASK_COMPLETE,SUCCESS,INFO,80,80,0,,2026-08-30T19:04:27.050Z,2026-08-30T21:04:59.710Z,7232,2026-08-30T21:04:59.710Z,V12,Downtown Denver,ba679216-ee2b-4344-afb9-134290faf502,SAMMS-VCPHCS-XII-DowntownDenverV5
202608302104538584,202608301904172612,202608301904170791,85,3145,Bronze INV,br_ReAssessment,TASK_COMPLETE,SUCCESS,INFO,0,0,0,,2026-08-30T19:04:27.050Z,2026-08-30T21:04:59.710Z,7232,2026-08-30T21:04:59.710Z,V12A,Centennial,ba679216-ee2b-4344-afb9-134290faf502,SAMMS-CentennialV5
202608302104538585,202608301904172613,202608301904170791,85,3146,Bronze INV,br_ReAssessment,TASK_COMPLETE,SUCCESS,INFO,0,0,0,,2026-08-30T19:04:27.050Z,2026-08-30T21:04:59.710Z,7232,2026-08-30T21:04:59.710Z,V14,Overland Park,ba679216-ee2b-4344-afb9-134290faf502,SAMMS-VCPHCS-XIV-BridgewayV5
202608302104538586,202608301904172614,202608301904170791,85,3147,Bronze INV,br_ReAssessment,TASK_COMPLETE,SUCCESS,INFO,0,0,0,,2026-08-30T19:04:27.050Z,2026-08-30T21:04:59.710Z,7232,2026-08-30T21:04:59.710Z,V15,Joplin,ba679216-ee2b-4344-afb9-134290faf502,SAMMS-JoplinV5
202608302104538587,202608301904172615,202608301904170791,85,3149,Bronze INV,br_ReAssessment,TASK_COMPLETE,SUCCESS,INFO,0,0,0,,2026-08-30T19:04:27.050Z,2026-08-30T21:04:59.710Z,7232,2026-08-30T21:04:59.710Z,V17,Columbia TN,ba679216-ee2b-4344-afb9-134290faf502,SAMMS-ColumbiaTNv5
202608302104536479,202608301904170792,202608301904170791,85,2070,Bronze INV,br_InvType,TASK_COMPLETE,SUCCESS,INFO,7,7,0,,2026-08-30T19:04:27.050Z,2026-08-30T21:04:59.710Z,7232,2026-08-30T21:04:59.710Z,AHK,Ahoskie,ba679216-ee2b-4344-afb9-134290faf502,SAMMS-Ahoskie
202608302104536481,202608301904170793,202608301904170791,85,2071,Bronze INV,br_InvType,TASK_COMPLETE,SUCCESS,INFO,7,7,0,,2026-08-30T19:04:27.050Z,2026-08-30T21:04:59.710Z,7232,2026-08-30T21:04:59.710Z,B12B,Colorado Springs,ba679216-ee2b-4344-afb9-134290faf502,SAMMS-ColoradoSpringsV5
202608302104536482,202608301904170794,202608301904170791,85,2072,Bronze INV,br_InvType,TASK_COMPLETE,SUCCESS,INFO,7,7,0,,2026-08-30T19:04:27.050Z,2026-08-30T21:04:59.710Z,7232,2026-08-30T21:04:59.710Z,B24,Paintsville,ba679216-ee2b-4344-afb9-134290faf502,SAMMS-PaintsvilleV5
202608302104536483,202608301904170795,202608301904170791,85,2073,Bronze INV,br_InvType,TASK_COMPLETE,SUCCESS,INFO,7,7,0,,2026-08-30T19:04:27.050Z,2026-08-30T21:04:59.710Z,7232,2026-08-30T21:04:59.710Z,B25,Pikeville,ba679216-ee2b-4344-afb9-134290faf502,SAMMS-PikevilleV5
202608302104536484,202608301904170796,202608301904170791,85,2074,Bronze INV,br_InvType,TASK_COMPLETE,SUCCESS,INFO,7,7,0,,2026-08-30T19:04:27.050Z,2026-08-30T21:04:59.710Z,7232,2026-08-30T21:04:59.710Z,B26,Hazard,ba679216-ee2b-4344-afb9-134290faf502,SAMMS-HazardV5
202608302104536485,202608301904170797,202608301904170791,85,2075,Bronze INV,br_InvType,TASK_COMPLETE,SUCCESS,INFO,7,7,0,,2026-08-30T19:04:27.050Z,2026-08-30T21:04:59.710Z,7232,2026-08-30T21:04:59.710Z,B27,Savannah,ba679216-ee2b-4344-afb9-134290faf502,SAMMS-SavannahV6
202608302104536487,202608301904170798,202608301904170791,85,2076,Bronze INV,br_InvType,TASK_COMPLETE,SUCCESS,INFO,7,7,0,,2026-08-30T19:04:27.050Z,2026-08-30T21:04:59.710Z,7232,2026-08-30T21:04:59.710Z,B28,West Plains,ba679216-ee2b-4344-afb9-134290faf502,SAMMS-WestPlainesV5
202608302104536488,202608301904170799,202608301904170791,85,2077,Bronze INV,br_InvType,TASK_COMPLETE,SUCCESS,INFO,7,7,0,,2026-08-30T19:04:27.050Z,2026-08-30T21:04:59.710Z,7232,2026-08-30T21:04:59.710Z,B29,Poplar Bluff,ba679216-ee2b-4344-afb9-134290faf502,SAMMS-PoplarBluffV5
202608302104536489,202608301904170800,202608301904170791,85,2078,Bronze INV,br_InvType,TASK_COMPLETE,SUCCESS,INFO,7,7,0,,2026-08-30T19:04:27.050Z,2026-08-30T21:04:59.710Z,7232,2026-08-30T21:04:59.710Z,B30,KC North,ba679216-ee2b-4344-afb9-134290faf502,SAMMS-KCNv5
202608302104536490,202608301904170801,202608301904170791,85,2079,Bronze INV,br_InvType,TASK_COMPLETE,SUCCESS,INFO,7,7,0,,2026-08-30T19:04:27.050Z,2026-08-30T21:04:59.710Z,7232,2026-08-30T21:04:59.710Z,B31,Dyersburg,ba679216-ee2b-4344-afb9-134290faf502,SAMMS-DyersburgV5
202608302104536491,202608301904170802,202608301904170791,85,2081,Bronze INV,br_InvType,TASK_COMPLETE,SUCCESS,INFO,6,6,0,,2026-08-30T19:04:27.050Z,2026-08-30T21:04:59.710Z,7232,2026-08-30T21:04:59.710Z,B33,Paducah,ba679216-ee2b-4344-afb9-134290faf502,SAMMS-Paducah
202608302104536492,202608301904170803,202608301904170791,85,2082,Bronze INV,br_InvType,TASK_COMPLETE,SUCCESS,INFO,6,6,0,,2026-08-30T19:04:27.050Z,2026-08-30T21:04:59.710Z,7232,2026-08-30T21:04:59.710Z,B34,Corbin,ba679216-ee2b-4344-afb9-134290faf502,SAMMS-CorbinV5
202608302104536494,202608301904170804,202608301904170791,85,2083,Bronze INV,br_InvType,TASK_COMPLETE,SUCCESS,INFO,8,8,0,,2026-08-30T19:04:27.050Z,2026-08-30T21:04:59.710Z,7232,2026-08-30T21:04:59.710Z,B35,Lexington,ba679216-ee2b-4344-afb9-134290faf502,SAMMS-LexingtonV5
202608302104536495,202608301904170805,202608301904170791,85,2084,Bronze INV,br_InvType,TASK_COMPLETE,SUCCESS,INFO,8,8,0,,2026-08-30T19:04:27.050Z,2026-08-30T21:04:59.710Z,7232,2026-08-30T21:04:59.710Z,B35A,Berea,ba679216-ee2b-4344-afb9-134290faf502,SAMMS-BereaV5
202608302104536496,202608301904170806,202608301904170791,85,2085,Bronze INV,br_InvType,TASK_COMPLETE,SUCCESS,INFO,5,5,0,,2026-08-30T19:04:27.050Z,2026-08-30T21:04:59.710Z,7232,2026-08-30T21:04:59.710Z,B36,Asheville,ba679216-ee2b-4344-afb9-134290faf502,SAMMS-AshevilleV5
202608302104536497,202608301904170807,202608301904170791,85,2086,Bronze INV,br_InvType,TASK_COMPLETE,SUCCESS,INFO,6,6,0,,2026-08-30T19:04:27.050Z,2026-08-30T21:04:59.710Z,7232,2026-08-30T21:04:59.710Z,B37,Clyde,ba679216-ee2b-4344-afb9-134290faf502,SAMMS-ClydeV5
202608302104536498,202608301904170808,202608301904170791,85,2087,Bronze INV,br_InvType,TASK_COMPLETE,SUCCESS,INFO,7,7,0,,2026-08-30T19:04:27.050Z,2026-08-30T21:04:59.710Z,7232,2026-08-30T21:04:59.710Z,B38,Spartanburg,ba679216-ee2b-4344-afb9-134290faf502,SAMMS-SpartanburgV5
202608302104536499,202608301904170809,202608301904170791,85,2088,Bronze INV,br_InvType,TASK_COMPLETE,SUCCESS,INFO,6,6,0,,2026-08-30T19:04:27.050Z,2026-08-30T21:04:59.710Z,7232,2026-08-30T21:04:59.710Z,B39,Aiken,ba679216-ee2b-4344-afb9-134290faf502,SAMMS-AikenV5
202608302104536500,202608301904170810,202608301904170791,85,2089,Bronze INV,br_InvType,TASK_COMPLETE,SUCCESS,INFO,5,5,0,,2026-08-30T19:04:27.050Z,2026-08-30T21:04:59.710Z,7232,2026-08-30T21:04:59.710Z,B41,Chesapeake,ba679216-ee2b-4344-afb9-134290faf502,SAMMS-ChesapeakeV5
202608302104536502,202608301904170811,202608301904170791,85,2090,Bronze INV,br_InvType,TASK_COMPLETE,SUCCESS,INFO,6,6,0,,2026-08-30T19:04:27.050Z,2026-08-30T21:04:59.710Z,7232,2026-08-30T21:04:59.710Z,B42,Virginia Beach,ba679216-ee2b-4344-afb9-134290faf502,SAMMS-VirginiaBeachV5
202608302104536503,202608301904170812,202608301904170791,85,2091,Bronze INV,br_InvType,TASK_COMPLETE,SUCCESS,INFO,5,5,0,,2026-08-30T19:04:27.050Z,2026-08-30T21:04:59.710Z,7232,2026-08-30T21:04:59.710Z,B42A,Newport News,ba679216-ee2b-4344-afb9-134290faf502,SAMMS-NewportNewsV5
202608302104536504,202608301904170813,202608301904170791,85,2092,Bronze INV,br_InvType,TASK_COMPLETE,SUCCESS,INFO,3,3,0,,2026-08-30T19:04:27.050Z,2026-08-30T21:04:59.710Z,7232,2026-08-30T21:04:59.710Z,B42B,Franklin,ba679216-ee2b-4344-afb9-134290faf502,SAMMS-FranklinV5
202608302104536505,202608301904170814,202608301904170791,85,2093,Bronze INV,br_InvType,TASK_COMPLETE,SUCCESS,INFO,5,5,0,,2026-08-30T19:04:27.050Z,2026-08-30T21:04:59.710Z,7232,2026-08-30T21:04:59.710Z,B42C,Glen Allen,ba679216-ee2b-4344-afb9-134290faf502,SAMMS-GlenAllenV5
202608302104536507,202608301904170815,202608301904170791,85,2094,Bronze INV,br_InvType,TASK_COMPLETE,SUCCESS,INFO,7,7,0,,2026-08-30T19:04:27.050Z,2026-08-30T21:04:59.710Z,7232,2026-08-30T21:04:59.710Z,B42D,Chesapeake South,ba679216-ee2b-4344-afb9-134290faf502,SAMMS-ChesapeakeSouthV5
202608302104536508,202608301904170816,202608301904170791,85,2095,Bronze INV,br_InvType,TASK_COMPLETE,SUCCESS,INFO,5,5,0,,2026-08-30T19:04:27.050Z,2026-08-30T21:04:59.710Z,7232,2026-08-30T21:04:59.710Z,B44,Albany,ba679216-ee2b-4344-afb9-134290faf502,SAMMS-AlbanyV5
202608302104536509,202608301904170817,202608301904170791,85,2096,Bronze INV,br_InvType,TASK_COMPLETE,SUCCESS,INFO,5,5,0,,2026-08-30T19:04:27.050Z,2026-08-30T21:04:59.710Z,7232,2026-08-30T21:04:59.710Z,B45,Tifton,ba679216-ee2b-4344-afb9-134290faf502,SAMMS-TiftonV5
202608302104536510,202608301904170818,202608301904170791,85,2097,Bronze INV,br_InvType,TASK_COMPLETE,SUCCESS,INFO,5,5,0,,2026-08-30T19:04:27.050Z,2026-08-30T21:04:59.710Z,7232,2026-08-30T21:04:59.710Z,B46,Washington DC,ba679216-ee2b-4344-afb9-134290faf502,SAMMS-WashingtonDCv5
202608302104536511,202608301904170819,202608301904170791,85,2098,Bronze INV,br_InvType,TASK_COMPLETE,SUCCESS,INFO,7,7,0,,2026-08-30T19:04:27.050Z,2026-08-30T21:04:59.710Z,7232,2026-08-30T21:04:59.710Z,B47,Mobile,ba679216-ee2b-4344-afb9-134290faf502,SAMMS-MobileV5
202608302104536512,202608301904170820,202608301904170791,85,2099,Bronze INV,br_InvType,TASK_COMPLETE,SUCCESS,INFO,6,6,0,,2026-08-30T19:04:27.050Z,2026-08-30T21:04:59.710Z,7232,2026-08-30T21:04:59.710Z,B48,Tuscaloosa,ba679216-ee2b-4344-afb9-134290faf502,SAMMS-TuscaloosaV5
202608302104536513,202608301904170821,202608301904170791,85,2108,Bronze INV,br_InvType,TASK_COMPLETE,SUCCESS,INFO,7,7,0,,2026-08-30T19:04:27.050Z,2026-08-30T21:04:59.710Z,7232,2026-08-30T21:04:59.710Z,B51,N. Little Rock (OTP),ba679216-ee2b-4344-afb9-134290faf502,SAMMS-NorthLittleRockV6
202608302104536515,202608301904170822,202608301904170791,85,2109,Bronze INV,br_InvType,TASK_COMPLETE,SUCCESS,INFO,5,5,0,,2026-08-30T19:04:27.050Z,2026-08-30T21:04:59.710Z,7232,2026-08-30T21:04:59.710Z,B52,Jackson GA,ba679216-ee2b-4344-afb9-134290faf502,SAMMS-JacksonGAV5
202608302104536516,202608301904170823,202608301904170791,85,2110,Bronze INV,br_InvType,TASK_COMPLETE,SUCCESS,INFO,7,7,0,,2026-08-30T19:04:27.050Z,2026-08-30T21:04:59.710Z,7232,2026-08-30T21:04:59.710Z,B54,Gadsden,ba679216-ee2b-4344-afb9-134290faf502,SAMMS-GadsdenV5
202608302104536517,202608301904170824,202608301904170791,85,2111,Bronze INV,br_InvType,TASK_COMPLETE,SUCCESS,INFO,8,8,0,,2026-08-30T19:04:27.050Z,2026-08-30T21:04:59.710Z,7232,2026-08-30T21:04:59.710Z,B55,Shoals,ba679216-ee2b-4344-afb9-134290faf502,SAMMS-ShoalsV5
202608302104536518,202608301904170825,202608301904170791,85,2112,Bronze INV,br_InvType,TASK_COMPLETE,SUCCESS,INFO,7,7,0,,2026-08-30T19:04:27.050Z,2026-08-30T21:04:59.710Z,7232,2026-08-30T21:04:59.710Z,B57,Pawtucket,ba679216-ee2b-4344-afb9-134290faf502,SAMMS-Pawtucket
202608302104536519,202608301904170826,202608301904170791,85,2113,Bronze INV,br_InvType,TASK_COMPLETE,SUCCESS,INFO,8,8,0,,2026-08-30T19:04:27.050Z,2026-08-30T21:04:59.710Z,7232,2026-08-30T21:04:59.710Z,B57A,Johnston,ba679216-ee2b-4344-afb9-134290faf502,SAMMS-Johnston
202608302104536520,202608301904170827,202608301904170791,85,2114,Bronze INV,br_InvType,TASK_COMPLETE,SUCCESS,INFO,7,7,0,,2026-08-30T19:04:27.050Z,2026-08-30T21:04:59.710Z,7232,2026-08-30T21:04:59.710Z,B57B,Middletown,ba679216-ee2b-4344-afb9-134290faf502,SAMMS-Middletown
202608302104536521,202608301904170828,202608301904170791,85,2115,Bronze INV,br_InvType,TASK_COMPLETE,SUCCESS,INFO,7,7,0,,2026-08-30T19:04:27.050Z,2026-08-30T21:04:59.710Z,7232,2026-08-30T21:04:59.710Z,B57C,Providence,ba679216-ee2b-4344-afb9-134290faf502,SAMMS-Providence
202608302104536523,202608301904170829,202608301904170791,85,2116,Bronze INV,br_InvType,TASK_COMPLETE,SUCCESS,INFO,7,7,0,,2026-08-30T19:04:27.050Z,2026-08-30T21:04:59.710Z,7232,2026-08-30T21:04:59.710Z,B57D,Westerly,ba679216-ee2b-4344-afb9-134290faf502,SAMMS-Westerly
202608302104536524,202608301904170830,202608301904170791,85,2120,Bronze INV,br_InvType,TASK_COMPLETE,SUCCESS,INFO,0,0,0,,2026-08-30T19:04:27.050Z,2026-08-30T21:04:59.710Z,7232,2026-08-30T21:04:59.710Z,B66A,Bremen,ba679216-ee2b-4344-afb9-134290faf502,SAMMS-Bremen
202608302104536525,202608301904170831,202608301904170791,85,2123,Bronze INV,br_InvType,TASK_COMPLETE,SUCCESS,INFO,0,0,0,,2026-08-30T19:04:27.050Z,2026-08-30T21:04:59.710Z,7232,2026-08-30T21:04:59.710Z,B72,Mobile (OBOT),ba679216-ee2b-4344-afb9-134290faf502,SAMMS-Mobile-OBOT
202608302104536526,202608301904170832,202608301904170791,85,2124,Bronze INV,br_InvType,TASK_COMPLETE,SUCCESS,INFO,0,0,0,,2026-08-30T19:04:27.050Z,2026-08-30T21:04:59.710Z,7232,2026-08-30T21:04:59.710Z,B73,Montgomery,ba679216-ee2b-4344-afb9-134290faf502,SAMMS-Montgomery
202608302104536527,202608301904170833,202608301904170791,85,2125,Bronze INV,br_InvType,TASK_COMPLETE,SUCCESS,INFO,7,7,0,,2026-08-30T19:04:27.050Z,2026-08-30T21:04:59.710Z,7232,2026-08-30T21:04:59.710Z,B75,Lawrence,ba679216-ee2b-4344-afb9-134290faf502,SAMMS-LawrenceV6
202608302104536528,202608301904170834,202608301904170791,85,2126,Bronze INV,br_InvType,TASK_COMPLETE,SUCCESS,INFO,0,0,0,,2026-08-30T19:04:27.050Z,2026-08-30T21:04:59.710Z,7232,2026-08-30T21:04:59.710Z,B76,Huntsville OBOT,ba679216-ee2b-4344-afb9-134290faf502,SAMMS-Huntsville-OBOT
202608302104536529,202608301904170835,202608301904170791,85,2127,Bronze INV,br_InvType,TASK_COMPLETE,SUCCESS,INFO,7,7,0,,2026-08-30T19:04:27.050Z,2026-08-30T21:04:59.710Z,7232,2026-08-30T21:04:59.710Z,BAT,Batesville,ba679216-ee2b-4344-afb9-134290faf502,SAMMS-Batesville
202608302104536531,202608301904170836,202608301904170791,85,2128,Bronze INV,br_InvType,TASK_COMPLETE,SUCCESS,INFO,7,7,0,,2026-08-30T19:04:27.050Z,2026-08-30T21:04:59.710Z,7232,2026-08-30T21:04:59.710Z,BG,Bowling Green,ba679216-ee2b-4344-afb9-134290faf502,SAMMS-BowlingGreen
202608302104536532,202608301904170837,202608301904170791,85,2129,Bronze INV,br_InvType,TASK_COMPLETE,SUCCESS,INFO,7,7,0,,2026-08-30T19:04:27.050Z,2026-08-30T21:04:59.710Z,7232,2026-08-30T21:04:59.710Z,BOI,Boise,ba679216-ee2b-4344-afb9-134290faf502,SAMMS-Boise
202608302104536533,202608301904170838,202608301904170791,85,2136,Bronze INV,br_InvType,TASK_COMPLETE,SUCCESS,INFO,7,7,0,,2026-08-30T19:04:27.050Z,2026-08-30T21:04:59.710Z,7232,2026-08-30T21:04:59.710Z,CBCO,Coeur dAlene,ba679216-ee2b-4344-afb9-134290faf502,SAMMS-CoeurdAleneV6
202608302104536534,202608301904170839,202608301904170791,85,2155,Bronze INV,br_InvType,TASK_COMPLETE,SUCCESS,INFO,7,7,0,,2026-08-30T19:04:27.050Z,2026-08-30T21:04:59.710Z,7232,2026-08-30T21:04:59.710Z,CON,Conway,ba679216-ee2b-4344-afb9-134290faf502,SAMMS-Conway
202608302104536535,202608301904170840,202608301904170791,85,2156,Bronze INV,br_InvType,TASK_COMPLETE,SUCCESS,INFO,7,7,0,,2026-08-30T19:04:27.050Z,2026-08-30T21:04:59.710Z,7232,2026-08-30T21:04:59.710Z,D07,Medical Services Knox TN,ba679216-ee2b-4344-afb9-134290faf502,SAMMS-KnoxvilleV6
202608302104536536,202608301904170841,202608301904170791,85,2157,Bronze INV,br_InvType,TASK_COMPLETE,SUCCESS,INFO,7,7,0,,2026-08-30T19:04:27.050Z,2026-08-30T21:04:59.710Z,7232,2026-08-30T21:04:59.710Z,D08,Madison,ba679216-ee2b-4344-afb9-134290faf502,SAMMS-MadisonV6
202608302104536537,202608301904170842,202608301904170791,85,2159,Bronze INV,br_InvType,TASK_COMPLETE,SUCCESS,INFO,7,7,0,,2026-08-30T19:04:27.050Z,2026-08-30T21:04:59.710Z,7232,2026-08-30T21:04:59.710Z,D09,Murfreesboro,ba679216-ee2b-4344-afb9-134290faf502,SAMMS-MurfreesboroV6
202608302104536539,202608301904170843,202608301904170791,85,2160,Bronze INV,br_InvType,TASK_COMPLETE,SUCCESS,INFO,7,7,0,,2026-08-30T19:04:27.050Z,2026-08-30T21:04:59.710Z,7232,2026-08-30T21:04:59.710Z,DA,Davenport,ba679216-ee2b-4344-afb9-134290faf502,SAMMS-Davenport
202608302104536540,202608301904170844,202608301904170791,85,2161,Bronze INV,br_InvType,TASK_COMPLETE,SUCCESS,INFO,7,7,0,,2026-08-30T19:04:27.050Z,2026-08-30T21:04:59.710Z,7232,2026-08-30T21:04:59.710Z,DM,Des Moines,ba679216-ee2b-4344-afb9-134290faf502,SAMMS-DesMoines
202608302104536541,202608301904170845,202608301904170791,85,2163,Bronze INV,br_InvType,TASK_COMPLETE,SUCCESS,INFO,7,7,0,,2026-08-30T19:04:27.050Z,2026-08-30T21:04:59.710Z,7232,2026-08-30T21:04:59.710Z,DRD-CO,Columbia MO,ba679216-ee2b-4344-afb9-134290faf502,SAMMS-ColumbiaV5
202608302104536542,202608301904170846,202608301904170791,85,2164,Bronze INV,br_InvType,TASK_COMPLETE,SUCCESS,INFO,7,7,0,,2026-08-30T19:04:27.050Z,2026-08-30T21:04:59.710Z,7232,2026-08-30T21:04:59.710Z,DRD-KC,KC,ba679216-ee2b-4344-afb9-134290faf502,SAMMS-KCv5
202608302104536543,202608301904170847,202608301904170791,85,2165,Bronze INV,br_InvType,TASK_COMPLETE,SUCCESS,INFO,8,8,0,,2026-08-30T19:04:27.050Z,2026-08-30T21:04:59.710Z,7232,2026-08-30T21:04:59.710Z,DRD-KVB,KVB,ba679216-ee2b-4344-afb9-134290faf502,SAMMS-KVBv5
202608302104536544,202608301904170848,202608301904170791,85,2166,Bronze INV,br_InvType,TASK_COMPLETE,SUCCESS,INFO,9,9,0,,2026-08-30T19:04:27.050Z,2026-08-30T21:04:59.710Z,7232,2026-08-30T21:04:59.710Z,DRD-KVC,KVC,ba679216-ee2b-4344-afb9-134290faf502,SAMMS-KVCv5
202608302104536546,202608301904170849,202608301904170791,85,2167,Bronze INV,br_InvType,TASK_COMPLETE,SUCCESS,INFO,7,7,0,,2026-08-30T19:04:27.050Z,2026-08-30T21:04:59.710Z,7232,2026-08-30T21:04:59.710Z,DRD-NOLA,NOLA,ba679216-ee2b-4344-afb9-134290faf502,SAMMS-NOLAv5
202608302104536547,202608301904170850,202608301904170791,85,2168,Bronze INV,br_InvType,TASK_COMPLETE,SUCCESS,INFO,7,7,0,,2026-08-30T19:04:27.050Z,2026-08-30T21:04:59.710Z,7232,2026-08-30T21:04:59.710Z,DRD-SF,Springfield,ba679216-ee2b-4344-afb9-134290faf502,SAMMS-SFv5
202608302104536548,202608301904170851,202608301904170791,85,2170,Bronze INV,br_InvType,TASK_COMPLETE,SUCCESS,INFO,7,7,0,,2026-08-30T19:04:27.050Z,2026-08-30T21:04:59.710Z,7232,2026-08-30T21:04:59.710Z,ELC,Elizabeth City,ba679216-ee2b-4344-afb9-134290faf502,SAMMS-ElizabethCity
202608302104536549,202608301904170852,202608301904170791,85,2171,Bronze INV,br_InvType,TASK_COMPLETE,SUCCESS,INFO,7,7,0,,2026-08-30T19:04:27.050Z,2026-08-30T21:04:59.710Z,7232,2026-08-30T21:04:59.710Z,ET,Elizabethtown,ba679216-ee2b-4344-afb9-134290faf502,SAMMS-Elizabethtown
202608302104536550,202608301904170853,202608301904170791,85,2172,Bronze INV,br_InvType,TASK_COMPLETE,SUCCESS,INFO,7,7,0,,2026-08-30T19:04:27.050Z,2026-08-30T21:04:59.710Z,7232,2026-08-30T21:04:59.710Z,FAY,Fayetteville,ba679216-ee2b-4344-afb9-134290faf502,SAMMS-Fayetteville
202608302104536551,202608301904170854,202608301904170791,85,2173,Bronze INV,br_InvType,TASK_COMPLETE,SUCCESS,INFO,7,7,0,,2026-08-30T19:04:27.050Z,2026-08-30T21:04:59.710Z,7232,2026-08-30T21:04:59.710Z,FR,Frankfort,ba679216-ee2b-4344-afb9-134290faf502,SAMMS-Frankfort
202608302104536552,202608301904170855,202608301904170791,85,2174,Bronze INV,br_InvType,TASK_COMPLETE,SUCCESS,INFO,7,7,0,,2026-08-30T19:04:27.050Z,2026-08-30T21:04:59.710Z,7232,2026-08-30T21:04:59.710Z,FS,Fort Smith,ba679216-ee2b-4344-afb9-134290faf502,SAMMS-FortSmith
202608302104536554,202608301904170856,202608301904170791,85,2175,Bronze INV,br_InvType,TASK_COMPLETE,SUCCESS,INFO,7,7,0,,2026-08-30T19:04:27.050Z,2026-08-30T21:04:59.710Z,7232,2026-08-30T21:04:59.710Z,FW,Fort Wayne,ba679216-ee2b-4344-afb9-134290faf502,SAMMS-FortWayne
202608302104536555,202608301904170857,202608301904170791,85,2176,Bronze INV,br_InvType,TASK_COMPLETE,SUCCESS,INFO,7,7,0,,2026-08-30T19:04:27.050Z,2026-08-30T21:04:59.710Z,7232,2026-08-30T21:04:59.710Z,GAL,Gaylord,ba679216-ee2b-4344-afb9-134290faf502,SAMMS-Gaylord
202608302104536556,202608301904170858,202608301904170791,85,2180,Bronze INV,br_InvType,TASK_COMPLETE,SUCCESS,INFO,4,4,0,,2026-08-30T19:04:27.050Z,2026-08-30T21:04:59.710Z,7232,2026-08-30T21:04:59.710Z,HGT,Hagerstown,ba679216-ee2b-4344-afb9-134290faf502,SAMMS-Hagerstown
202608302104536557,202608301904170859,202608301904170791,85,2181,Bronze INV,br_InvType,TASK_COMPLETE,SUCCESS,INFO,5,5,0,,2026-08-30T19:04:27.050Z,2026-08-30T21:04:59.710Z,7232,2026-08-30T21:04:59.710Z,HNT,Huntsville,ba679216-ee2b-4344-afb9-134290faf502,SAMMS-Huntsville
202608302104536558,202608301904170860,202608301904170791,85,2182,Bronze INV,br_InvType,TASK_COMPLETE,SUCCESS,INFO,7,7,0,,2026-08-30T19:04:27.050Z,2026-08-30T21:04:59.710Z,7232,2026-08-30T21:04:59.710Z,HS,Hot Springs,ba679216-ee2b-4344-afb9-134290faf502,SAMMS-HotSprings
202608302104536559,202608301904170861,202608301904170791,85,2183,Bronze INV,br_InvType,TASK_COMPLETE,SUCCESS,INFO,7,7,0,,2026-08-30T19:04:27.050Z,2026-08-30T21:04:59.710Z,7232,2026-08-30T21:04:59.710Z,JON,Jonesboro,ba679216-ee2b-4344-afb9-134290faf502,SAMMS-Jonesboro
202608302104536560,202608301904170862,202608301904170791,85,2185,Bronze INV,br_InvType,TASK_COMPLETE,SUCCESS,INFO,7,7,0,,2026-08-30T19:04:27.050Z,2026-08-30T21:04:59.710Z,7232,2026-08-30T21:04:59.710Z,LAN,Lansing,ba679216-ee2b-4344-afb9-134290faf502,SAMMS-Lansing
202608302104536562,202608301904170863,202608301904170791,85,2186,Bronze INV,br_InvType,TASK_COMPLETE,SUCCESS,INFO,7,7,0,,2026-08-30T19:04:27.050Z,2026-08-30T21:04:59.710Z,7232,2026-08-30T21:04:59.710Z,LO,Louisville,ba679216-ee2b-4344-afb9-134290faf502,SAMMS-Louisville
202608302104536563,202608301904170864,202608301904170791,85,2187,Bronze INV,br_InvType,TASK_COMPLETE,SUCCESS,INFO,7,7,0,,2026-08-30T19:04:27.050Z,2026-08-30T21:04:59.710Z,7232,2026-08-30T21:04:59.710Z,LV1,Cheyenne,ba679216-ee2b-4344-afb9-134290faf502,SAMMS-Cheyenne
202608302104536564,202608301904170865,202608301904170791,85,2188,Bronze INV,br_InvType,TASK_COMPLETE,SUCCESS,INFO,6,6,0,,2026-08-30T19:04:27.050Z,2026-08-30T21:04:59.710Z,7232,2026-08-30T21:04:59.710Z,LV2,Desert Inn,ba679216-ee2b-4344-afb9-134290faf502,SAMMS-DesertInn
202608302104536565,202608301904170866,202608301904170791,85,2189,Bronze INV,br_InvType,TASK_COMPLETE,SUCCESS,INFO,7,7,0,,2026-08-30T19:04:27.050Z,2026-08-30T21:04:59.710Z,7232,2026-08-30T21:04:59.710Z,LV3,McDaniel,ba679216-ee2b-4344-afb9-134290faf502,SAMMS-McDaniel
202608302104536566,202608301904170867,202608301904170791,85,2192,Bronze INV,br_InvType,TASK_COMPLETE,SUCCESS,INFO,7,7,0,,2026-08-30T19:04:27.050Z,2026-08-30T21:04:59.710Z,7232,2026-08-30T21:04:59.710Z,MNRE,Monroe,ba679216-ee2b-4344-afb9-134290faf502,SAMMS-Monroe
202608302104536567,202608301904170868,202608301904170791,85,2193,Bronze INV,br_InvType,TASK_COMPLETE,SUCCESS,INFO,7,7,0,,2026-08-30T19:04:27.050Z,2026-08-30T21:04:59.710Z,7232,2026-08-30T21:04:59.710Z,MP,Mt. Pleasant,ba679216-ee2b-4344-afb9-134290faf502,SAMMS-MtPleasant
202608302104536568,202608301904170869,202608301904170791,85,2194,Bronze INV,br_InvType,TASK_COMPLETE,SUCCESS,INFO,7,7,0,,2026-08-30T19:04:27.050Z,2026-08-30T21:04:59.710Z,7232,2026-08-30T21:04:59.710Z,MRD,Meridian,ba679216-ee2b-4344-afb9-134290faf502,SAMMS-Meridian
202608302104536569,202608301904170870,202608301904170791,85,2199,Bronze INV,br_InvType,TASK_COMPLETE,SUCCESS,INFO,7,7,0,,2026-08-30T19:04:27.050Z,2026-08-30T21:04:59.710Z,7232,2026-08-30T21:04:59.710Z,NC,North Charleston,ba679216-ee2b-4344-afb9-134290faf502,SAMMS-NorthCharleston
202608302104536571,202608301904170871,202608301904170791,85,2200,Bronze INV,br_InvType,TASK_COMPLETE,SUCCESS,INFO,7,7,0,,2026-08-30T19:04:27.050Z,2026-08-30T21:04:59.710Z,7232,2026-08-30T21:04:59.710Z,NLR,N. Little Rock,ba679216-ee2b-4344-afb9-134290faf502,SAMMS-NLROBOT
202608302104536572,202608301904170872,202608301904170791,85,2201,Bronze INV,br_InvType,TASK_COMPLETE,SUCCESS,INFO,6,6,0,,2026-08-30T19:04:27.050Z,2026-08-30T21:04:59.710Z,7232,2026-08-30T21:04:59.710Z,PH,Phoenix,ba679216-ee2b-4344-afb9-134290faf502,SAMMS-Phoenix
202608302104536573,202608301904170873,202608301904170791,85,2205,Bronze INV,br_InvType,TASK_COMPLETE,SUCCESS,INFO,8,8,0,,2026-08-30T19:04:27.050Z,2026-08-30T21:04:59.710Z,7232,2026-08-30T21:04:59.710Z,RE,Reno,ba679216-ee2b-4344-afb9-134290faf502,SAMMS-Reno
202608302104536574,202608301904170874,202608301904170791,85,2206,Bronze INV,br_InvType,TASK_COMPLETE,SUCCESS,INFO,7,7,0,,2026-08-30T19:04:27.050Z,2026-08-30T21:04:59.710Z,7232,2026-08-30T21:04:59.710Z,RMD,Richmond,ba679216-ee2b-4344-afb9-134290faf502,SAMMS-Richmond
202608302104536575,202608301904170875,202608301904170791,85,2207,Bronze INV,br_InvType,TASK_COMPLETE,SUCCESS,INFO,7,7,0,,2026-08-30T19:04:27.050Z,2026-08-30T21:04:59.710Z,7232,2026-08-30T21:04:59.710Z,SFN,Springfield North,ba679216-ee2b-4344-afb9-134290faf502,SAMMS-SFNv5
202608302104536576,202608301904170876,202608301904170791,85,2208,Bronze INV,br_InvType,TASK_COMPLETE,SUCCESS,INFO,7,7,0,,2026-08-30T19:04:27.050Z,2026-08-30T21:04:59.710Z,7232,2026-08-30T21:04:59.710Z,SHP,Shreveport,ba679216-ee2b-4344-afb9-134290faf502,SAMMS-Shreveport
202608302104536577,202608301904170877,202608301904170791,85,2210,Bronze INV,br_InvType,TASK_COMPLETE,SUCCESS,INFO,7,7,0,,2026-08-30T19:04:27.050Z,2026-08-30T21:04:59.710Z,7232,2026-08-30T21:04:59.710Z,STN,Staunton,ba679216-ee2b-4344-afb9-134290faf502,SAMMS-Staunton
202608302104536579,202608301904170878,202608301904170791,85,2211,Bronze INV,br_InvType,TASK_COMPLETE,SUCCESS,INFO,8,8,0,,2026-08-30T19:04:27.050Z,2026-08-30T21:04:59.710Z,7232,2026-08-30T21:04:59.710Z,STVN,Stevenson,ba679216-ee2b-4344-afb9-134290faf502,SAMMS-Stevenson
202608302104536580,202608301904170879,202608301904170791,85,2213,Bronze INV,br_InvType,TASK_COMPLETE,SUCCESS,INFO,7,7,0,,2026-08-30T19:04:27.050Z,2026-08-30T21:04:59.710Z,7232,2026-08-30T21:04:59.710Z,TE,Tempe,ba679216-ee2b-4344-afb9-134290faf502,SAMMS-Tempe
202608302104536581,202608301904170880,202608301904170791,85,2214,Bronze INV,br_InvType,TASK_COMPLETE,SUCCESS,INFO,7,7,0,,2026-08-30T19:04:27.050Z,2026-08-30T21:04:59.710Z,7232,2026-08-30T21:04:59.710Z,TEX,Texarkana,ba679216-ee2b-4344-afb9-134290faf502,SAMMS-Texarkana
202608302104536582,202608301904170881,202608301904170791,85,2215,Bronze INV,br_InvType,TASK_COMPLETE,SUCCESS,INFO,6,6,0,,2026-08-30T19:04:27.050Z,2026-08-30T21:04:59.710Z,7232,2026-08-30T21:04:59.710Z,TTCA,Bessemer,ba679216-ee2b-4344-afb9-134290faf502,SAMMS-BessemerV5
202608302104536583,202608301904170882,202608301904170791,85,2216,Bronze INV,br_InvType,TASK_COMPLETE,SUCCESS,INFO,6,6,0,,2026-08-30T19:04:27.050Z,2026-08-30T21:04:59.710Z,7232,2026-08-30T21:04:59.710Z,TTCB,Cullman,ba679216-ee2b-4344-afb9-134290faf502,SAMMS-CullmanV5
202608302104536584,202608301904170883,202608301904170791,85,2217,Bronze INV,br_InvType,TASK_COMPLETE,SUCCESS,INFO,7,7,0,,2026-08-30T19:04:27.050Z,2026-08-30T21:04:59.710Z,7232,2026-08-30T21:04:59.710Z,TTCC,Grand Bay,ba679216-ee2b-4344-afb9-134290faf502,SAMMS-GrandBay
202608302104536586,202608301904170884,202608301904170791,85,2218,Bronze INV,br_InvType,TASK_COMPLETE,SUCCESS,INFO,7,7,0,,2026-08-30T19:04:27.050Z,2026-08-30T21:04:59.710Z,7232,2026-08-30T21:04:59.710Z,TU,Tucson,ba679216-ee2b-4344-afb9-134290faf502,SAMMS-Tucson
202608302104536587,202608301904170885,202608301904170791,85,2220,Bronze INV,br_InvType,TASK_COMPLETE,SUCCESS,INFO,6,6,0,,2026-08-30T19:04:27.050Z,2026-08-30T21:04:59.710Z,7232,2026-08-30T21:04:59.710Z,V1,Memphis South,ba679216-ee2b-4344-afb9-134290faf502,SAMMS-VCPHCS-I-MemphisV5
202608302104536588,202608301904170886,202608301904170791,85,2221,Bronze INV,br_InvType,TASK_COMPLETE,SUCCESS,INFO,8,8,0,,2026-08-30T19:04:27.050Z,2026-08-30T21:04:59.710Z,7232,2026-08-30T21:04:59.710Z,V10,Longmont,ba679216-ee2b-4344-afb9-134290faf502,SAMMS-BoulderV5
202608302104536589,202608301904170887,202608301904170791,85,2222,Bronze INV,br_InvType,TASK_COMPLETE,SUCCESS,INFO,8,8,0,,2026-08-30T19:04:27.050Z,2026-08-30T21:04:59.710Z,7232,2026-08-30T21:04:59.710Z,V10A,Fort Collins,ba679216-ee2b-4344-afb9-134290faf502,SAMMS-FortCollinsV5
202608302104536590,202608301904170888,202608301904170791,85,2223,Bronze INV,br_InvType,TASK_COMPLETE,SUCCESS,INFO,8,8,0,,2026-08-30T19:04:27.050Z,2026-08-30T21:04:59.710Z,7232,2026-08-30T21:04:59.710Z,V11,Westminster,ba679216-ee2b-4344-afb9-134290faf502,SAMMS-VCPHCS-XI-NorthDenverV5
202608302104536591,202608301904170889,202608301904170791,85,2224,Bronze INV,br_InvType,TASK_COMPLETE,SUCCESS,INFO,7,7,0,,2026-08-30T19:04:27.050Z,2026-08-30T21:04:59.710Z,7232,2026-08-30T21:04:59.710Z,V12,Downtown Denver,ba679216-ee2b-4344-afb9-134290faf502,SAMMS-VCPHCS-XII-DowntownDenverV5
202608302104536593,202608301904170890,202608301904170791,85,2225,Bronze INV,br_InvType,TASK_COMPLETE,SUCCESS,INFO,8,8,0,,2026-08-30T19:04:27.050Z,2026-08-30T21:04:59.710Z,7232,2026-08-30T21:04:59.710Z,V12A,Centennial,ba679216-ee2b-4344-afb9-134290faf502,SAMMS-CentennialV5
202608302104536594,202608301904170891,202608301904170791,85,2226,Bronze INV,br_InvType,TASK_COMPLETE,SUCCESS,INFO,7,7,0,,2026-08-30T19:04:27.050Z,2026-08-30T21:04:59.710Z,7232,2026-08-30T21:04:59.710Z,V14,Overland Park,ba679216-ee2b-4344-afb9-134290faf502,SAMMS-VCPHCS-XIV-BridgewayV5
202608302104536595,202608301904170892,202608301904170791,85,2227,Bronze INV,br_InvType,TASK_COMPLETE,SUCCESS,INFO,5,5,0,,2026-08-30T19:04:27.050Z,2026-08-30T21:04:59.710Z,7232,2026-08-30T21:04:59.710Z,V15,Joplin,ba679216-ee2b-4344-afb9-134290faf502,SAMMS-JoplinV5
202608302104536596,202608301904170893,202608301904170791,85,2229,Bronze INV,br_InvType,TASK_COMPLETE,SUCCESS,INFO,8,8,0,,2026-08-30T19:04:27.050Z,2026-08-30T21:04:59.710Z,7232,2026-08-30T21:04:59.710Z,V17,Columbia TN,ba679216-ee2b-4344-afb9-134290faf502,SAMMS-ColumbiaTNv5
202608302104536597,202608301904170894,202608301904170791,85,2231,Bronze INV,br_InvType,TASK_COMPLETE,SUCCESS,INFO,7,7,0,,2026-08-30T19:04:27.050Z,2026-08-30T21:04:59.710Z,7232,2026-08-30T21:04:59.710Z,V19,Jackson,ba679216-ee2b-4344-afb9-134290faf502,SAMMS-JacksonV5
202608302104536598,202608301904170895,202608301904170791,85,2233,Bronze INV,br_InvType,TASK_COMPLETE,SUCCESS,INFO,7,7,0,,2026-08-30T19:04:27.050Z,2026-08-30T21:04:59.710Z,7232,2026-08-30T21:04:59.710Z,V20,Paris,ba679216-ee2b-4344-afb9-134290faf502,SAMMS-ParisV5
202608302104536599,202608301904170896,202608301904170791,85,2234,Bronze INV,br_InvType,TASK_COMPLETE,SUCCESS,INFO,8,8,0,,2026-08-30T19:04:27.050Z,2026-08-30T21:04:59.710Z,7232,2026-08-30T21:04:59.710Z,V21,Memphis North,ba679216-ee2b-4344-afb9-134290faf502,SAMMS-RaleighV5
202608302104536601,202608301904170897,202608301904170791,85,2237,Bronze INV,br_InvType,TASK_COMPLETE,SUCCESS,INFO,7,7,0,,2026-08-30T19:04:27.050Z,2026-08-30T21:04:59.710Z,7232,2026-08-30T21:04:59.710Z,V5,West Bank,ba679216-ee2b-4344-afb9-134290faf502,SAMMS-NONTCv5
202608302104536602,202608301904170898,202608301904170791,85,2239,Bronze INV,br_InvType,TASK_COMPLETE,SUCCESS,INFO,7,7,0,,2026-08-30T19:04:27.050Z,2026-08-30T21:04:59.710Z,7232,2026-08-30T21:04:59.710Z,V5B,Houma,ba679216-ee2b-4344-afb9-134290faf502,SAMMS-HoumaV6
202608302104536603,202608301904170899,202608301904170791,85,2240,Bronze INV,br_InvType,TASK_COMPLETE,SUCCESS,INFO,8,8,0,,2026-08-30T19:04:27.050Z,2026-08-30T21:04:59.710Z,7232,2026-08-30T21:04:59.710Z,V6,Lake Charles,ba679216-ee2b-4344-afb9-134290faf502,SAMMS-LCv5
202608302104536604,202608301904170900,202608301904170791,85,2242,Bronze INV,br_InvType,TASK_COMPLETE,SUCCESS,INFO,7,7,0,,2026-08-30T19:04:27.050Z,2026-08-30T21:04:59.710Z,7232,2026-08-30T21:04:59.710Z,V8,Memphis Midtown,ba679216-ee2b-4344-afb9-134290faf502,SAMMS-VCPHCS-VIII-MemphisV5
202608302104536605,202608301904170901,202608301904170791,85,2243,Bronze INV,br_InvType,TASK_COMPLETE,SUCCESS,INFO,7,7,0,,2026-08-30T19:04:27.050Z,2026-08-30T21:04:59.710Z,7232,2026-08-30T21:04:59.710Z,V9,Nashville,ba679216-ee2b-4344-afb9-134290faf502,SAMMS-NashvilleV5
202608302104536606,202608301904170902,202608301904170791,85,2244,Bronze INV,br_InvType,TASK_COMPLETE,SUCCESS,INFO,7,7,0,,2026-08-30T19:04:27.050Z,2026-08-30T21:04:59.710Z,7232,2026-08-30T21:04:59.710Z,VBRA,Brainerd,ba679216-ee2b-4344-afb9-134290faf502,SAMMS-BrainerdV6
202608302104536607,202608301904170903,202608301904170791,85,2245,Bronze INV,br_InvType,TASK_COMPLETE,SUCCESS,INFO,7,7,0,,2026-08-30T19:04:27.050Z,2026-08-30T21:04:59.710Z,7232,2026-08-30T21:04:59.710Z,VBRP,Brooklyn Park,ba679216-ee2b-4344-afb9-134290faf502,SAMMS-BrooklynParkV6
202608302104536608,202608301904170904,202608301904170791,85,2247,Bronze INV,br_InvType,TASK_COMPLETE,SUCCESS,INFO,7,7,0,,2026-08-30T19:04:27.050Z,2026-08-30T21:04:59.710Z,7232,2026-08-30T21:04:59.710Z,VMIN,Minneapolis,ba679216-ee2b-4344-afb9-134290faf502,SAMMS-MinneapolisV6
202608302104536610,202608301904170905,202608301904170791,85,2248,Bronze INV,br_InvType,TASK_COMPLETE,SUCCESS,INFO,7,7,0,,2026-08-30T19:04:27.050Z,2026-08-30T21:04:59.710Z,7232,2026-08-30T21:04:59.710Z,VWBY,Woodbury,ba679216-ee2b-4344-afb9-134290faf502,SAMMS-WoodburyV6
202608300642086467,202608300642086467,20260830063351,131,13697,Auth Elig Trend Elig Silver,sl_CurrentDayPayElig,TASK_FAILED,FAILED,ERROR,0,0,1,"[UNRESOLVED_COLUMN.WITH_SUGGESTION] A column or function parameter with name `Program` cannot be resolved. Did you mean one of the following? [`Date`, `p_payNAME`, `spark_catalog`.`chimcobldhq2agi88smk8gak84ml0j21ah34ukid5l1kuki55l24alh5c9k6enrjd5m7cpbi4lo62t3j`.`tbl_3pelig`.`EID`, `spark_catalog`.`chimcobldhq2agi88smk8gak84ml0j21ah34ukid5l1kuki55l24alh5c9k6enrjd5m7cpbi4lo62t3j`.`tbl_3pelig`.`ECLT`, `spark_catalog`.`chimcobldhq2agi88smk8gak84ml0j21ah34ukid5l1kuki55l24alh5c9k6enrjd5m7cpbi4lo62t3j`.`tbl_3pelig`.`EDATE`].; ''Aggregate [Date#109206, SiteCode#108889, ''Program, EStatus#108900], [Date#109206, SiteCode#108889 AS Location#109229, ''Program AS Program#109230, EStatus#108900 AS Status#109231, count(1) AS Count#109255L] +- Project [SiteCode#108889, RowChkSum#108890, RowState#108891, LastModAt#108892, EID#108893, ECLT#108894, EPAYER#108895, EDATE#108896, EStaff#108897, EPOST#108898, ERESPONSE#108899, EStatus#108900, EFormat#108901, Filepath#108902, EELECSTATUS#108903, EStaffSTATUS",2026-08-30T06:42:08.646Z,2026-08-30T06:42:29.056Z,20,2026-08-30T06:42:29.056Z,,,f5468d60-c3b5-4f89-8aff-6c67bdfcebae,
202609031813231515,202609031729278698,202609031729277737,97,6720,P1 Forms New Discharge Transfer Plan Form Bronze - B73,br_samms_new_discharge_transfer_plan_form,TASK_COMPLETE,SUCCESS,INFO,165,165,0,,2026-09-03T17:29:32.843Z,2026-09-03T18:13:30.795Z,2638,2026-09-03T18:13:30.795Z,B73,Montgomery,94249231-24a1-492e-97bf-dcd504ea599a,SAMMS-Montgomery
202609031813231516,202609031729278699,202609031729277737,97,6721,P1 Forms New Discharge Transfer Plan Form Bronze - B75,br_samms_new_discharge_transfer_plan_form,TASK_COMPLETE,SUCCESS,INFO,70,70,0,,2026-09-03T17:29:32.843Z,2026-09-03T18:13:30.795Z,2638,2026-09-03T18:13:30.795Z,B75,Lawrence,94249231-24a1-492e-97bf-dcd504ea599a,SAMMS-LawrenceV6
202609031813231517,202609031729278700,202609031729277737,97,6722,P1 Forms New Discharge Transfer Plan Form Bronze - B76,br_samms_new_discharge_transfer_plan_form,TASK_COMPLETE,SUCCESS,INFO,24,24,0,,2026-09-03T17:29:32.843Z,2026-09-03T18:13:30.795Z,2638,2026-09-03T18:13:30.795Z,B76,Huntsville-OBOT,94249231-24a1-492e-97bf-dcd504ea599a,SAMMS-Huntsville-OBOT
202609031813231518,202609031729278701,202609031729277737,97,6723,P1 Forms New Discharge Transfer Plan Form Bronze - BAT,br_samms_new_discharge_transfer_plan_form,TASK_COMPLETE,SUCCESS,INFO,71,71,0,,2026-09-03T17:29:32.843Z,2026-09-03T18:13:30.795Z,2638,2026-09-03T18:13:30.795Z,BAT,Batesville,94249231-24a1-492e-97bf-dcd504ea599a,SAMMS-Batesville
202609031813231519,202609031729278702,202609031729277737,97,6724,P1 Forms New Discharge Transfer Plan Form Bronze - BG,br_samms_new_discharge_transfer_plan_form,TASK_COMPLETE,SUCCESS,INFO,147,147,0,,2026-09-03T17:29:32.843Z,2026-09-03T18:13:30.795Z,2638,2026-09-03T18:13:30.795Z,BG,BowlingGreen,94249231-24a1-492e-97bf-dcd504ea599a,SAMMS-BowlingGreen
202609031813231520,202609031729278703,202609031729277737,97,6725,P1 Forms New Discharge Transfer Plan Form Bronze - BOI,br_samms_new_discharge_transfer_plan_form,TASK_COMPLETE,SUCCESS,INFO,60,60,0,,2026-09-03T17:29:32.843Z,2026-09-03T18:13:30.795Z,2638,2026-09-03T18:13:30.795Z,BOI,Boise,94249231-24a1-492e-97bf-dcd504ea599a,SAMMS-Boise
202609031813231521,202609031729278704,202609031729277737,97,6726,P1 Forms New Discharge Transfer Plan Form Bronze - CBCO,br_samms_new_discharge_transfer_plan_form,TASK_COMPLETE,SUCCESS,INFO,70,70,0,,2026-09-03T17:29:32.843Z,2026-09-03T18:13:30.795Z,2638,2026-09-03T18:13:30.795Z,CBCO,CoeurdAlene,94249231-24a1-492e-97bf-dcd504ea599a,SAMMS-CoeurdAleneV6
202609031813231522,202609031729278705,202609031729277737,97,6727,P1 Forms New Discharge Transfer Plan Form Bronze - CON,br_samms_new_discharge_transfer_plan_form,TASK_COMPLETE,SUCCESS,INFO,62,62,0,,2026-09-03T17:29:32.843Z,2026-09-03T18:13:30.795Z,2638,2026-09-03T18:13:30.795Z,CON,Conway,94249231-24a1-492e-97bf-dcd504ea599a,SAMMS-Conway
202609031813231523,202609031729278706,202609031729277737,97,6728,P1 Forms New Discharge Transfer Plan Form Bronze - D07,br_samms_new_discharge_transfer_plan_form,TASK_COMPLETE,SUCCESS,INFO,125,125,0,,2026-09-03T17:29:32.843Z,2026-09-03T18:13:30.795Z,2638,2026-09-03T18:13:30.795Z,D07,Knoxville,94249231-24a1-492e-97bf-dcd504ea599a,SAMMS-KnoxvilleV6
202609031813231525,202609031729278707,202609031729277737,97,6729,P1 Forms New Discharge Transfer Plan Form Bronze - D08,br_samms_new_discharge_transfer_plan_form,TASK_COMPLETE,SUCCESS,INFO,155,155,0,,2026-09-03T17:29:32.843Z,2026-09-03T18:13:30.795Z,2638,2026-09-03T18:13:30.795Z,D08,Madison,94249231-24a1-492e-97bf-dcd504ea599a,SAMMS-MadisonV6
202609031813231526,202609031729278708,202609031729277737,97,6730,P1 Forms New Discharge Transfer Plan Form Bronze - D09,br_samms_new_discharge_transfer_plan_form,TASK_COMPLETE,SUCCESS,INFO,118,118,0,,2026-09-03T17:29:32.843Z,2026-09-03T18:13:30.795Z,2638,2026-09-03T18:13:30.795Z,D09,Murfreesboro,94249231-24a1-492e-97bf-dcd504ea599a,SAMMS-MurfreesboroV6
202609031813231527,202609031729278709,202609031729277737,97,6731,P1 Forms New Discharge Transfer Plan Form Bronze - DA,br_samms_new_discharge_transfer_plan_form,TASK_COMPLETE,SUCCESS,INFO,79,79,0,,2026-09-03T17:29:32.843Z,2026-09-03T18:13:30.795Z,2638,2026-09-03T18:13:30.795Z,DA,Davenport,94249231-24a1-492e-97bf-dcd504ea599a,SAMMS-Davenport
202609031813231528,202609031729278710,202609031729277737,97,6732,P1 Forms New Discharge Transfer Plan Form Bronze - DM,br_samms_new_discharge_transfer_plan_form,TASK_COMPLETE,SUCCESS,INFO,90,90,0,,2026-09-03T17:29:32.843Z,2026-09-03T18:13:30.795Z,2638,2026-09-03T18:13:30.795Z,DM,DesMoines,94249231-24a1-492e-97bf-dcd504ea599a,SAMMS-DesMoines
202609031813231529,202609031729278711,202609031729277737,97,6733,P1 Forms New Discharge Transfer Plan Form Bronze - DRD-CO,br_samms_new_discharge_transfer_plan_form,TASK_COMPLETE,SUCCESS,INFO,159,159,0,,2026-09-03T17:29:32.843Z,2026-09-03T18:13:30.795Z,2638,2026-09-03T18:13:30.795Z,DRD-CO,Columbia,94249231-24a1-492e-97bf-dcd504ea599a,SAMMS-ColumbiaV5
202609031813231530,202609031729278712,202609031729277737,97,6734,P1 Forms New Discharge Transfer Plan Form Bronze - DRD-KC,br_samms_new_discharge_transfer_plan_form,TASK_COMPLETE,SUCCESS,INFO,237,237,0,,2026-09-03T17:29:32.843Z,2026-09-03T18:13:30.795Z,2638,2026-09-03T18:13:30.795Z,DRD-KC,KC,94249231-24a1-492e-97bf-dcd504ea599a,SAMMS-KCv5
202609031813231531,202609031729278713,202609031729277737,97,6735,P1 Forms New Discharge Transfer Plan Form Bronze - DRD-KVB,br_samms_new_discharge_transfer_plan_form,TASK_COMPLETE,SUCCESS,INFO,302,302,0,,2026-09-03T17:29:32.843Z,2026-09-03T18:13:30.795Z,2638,2026-09-03T18:13:30.795Z,DRD-KVB,KVB,94249231-24a1-492e-97bf-dcd504ea599a,SAMMS-KVBv5
202609031813231532,202609031729278714,202609031729277737,97,6736,P1 Forms New Discharge Transfer Plan Form Bronze - DRD-KVC,br_samms_new_discharge_transfer_plan_form,TASK_COMPLETE,SUCCESS,INFO,498,498,0,,2026-09-03T17:29:32.843Z,2026-09-03T18:13:30.795Z,2638,2026-09-03T18:13:30.795Z,DRD-KVC,KVC,94249231-24a1-492e-97bf-dcd504ea599a,SAMMS-KVCv5
202609031813231533,202609031729278715,202609031729277737,97,6737,P1 Forms New Discharge Transfer Plan Form Bronze - DRD-NOLA,br_samms_new_discharge_transfer_plan_form,TASK_COMPLETE,SUCCESS,INFO,298,298,0,,2026-09-03T17:29:32.843Z,2026-09-03T18:13:30.795Z,2638,2026-09-03T18:13:30.795Z,DRD-NOLA,NOLA,94249231-24a1-492e-97bf-dcd504ea599a,SAMMS-NOLAv5
202609031813231535,202609031729278716,202609031729277737,97,6738,P1 Forms New Discharge Transfer Plan Form Bronze - DRD-SF,br_samms_new_discharge_transfer_plan_form,TASK_COMPLETE,SUCCESS,INFO,211,211,0,,2026-09-03T17:29:32.843Z,2026-09-03T18:13:30.795Z,2638,2026-09-03T18:13:30.795Z,DRD-SF,SF,94249231-24a1-492e-97bf-dcd504ea599a,SAMMS-SFv5
202609031813231536,202609031729278717,202609031729277737,97,6739,P1 Forms New Discharge Transfer Plan Form Bronze - ELC,br_samms_new_discharge_transfer_plan_form,TASK_COMPLETE,SUCCESS,INFO,75,75,0,,2026-09-03T17:29:32.843Z,2026-09-03T18:13:30.795Z,2638,2026-09-03T18:13:30.795Z,ELC,ElizabethCity,94249231-24a1-492e-97bf-dcd504ea599a,SAMMS-ElizabethCity
202609031813231537,202609031729278718,202609031729277737,97,6740,P1 Forms New Discharge Transfer Plan Form Bronze - ET,br_samms_new_discharge_transfer_plan_form,TASK_COMPLETE,SUCCESS,INFO,134,134,0,,2026-09-03T17:29:32.843Z,2026-09-03T18:13:30.795Z,2638,2026-09-03T18:13:30.795Z,ET,Elizabethtown,94249231-24a1-492e-97bf-dcd504ea599a,SAMMS-Elizabethtown
202609031813231538,202609031729278719,202609031729277737,97,6741,P1 Forms New Discharge Transfer Plan Form Bronze - FAY,br_samms_new_discharge_transfer_plan_form,TASK_COMPLETE,SUCCESS,INFO,70,70,0,,2026-09-03T17:29:32.843Z,2026-09-03T18:13:30.795Z,2638,2026-09-03T18:13:30.795Z,FAY,Fayetteville,94249231-24a1-492e-97bf-dcd504ea599a,SAMMS-Fayetteville
202609031813231539,202609031729278720,202609031729277737,97,6742,P1 Forms New Discharge Transfer Plan Form Bronze - FR,br_samms_new_discharge_transfer_plan_form,TASK_COMPLETE,SUCCESS,INFO,85,85,0,,2026-09-03T17:29:32.843Z,2026-09-03T18:13:30.795Z,2638,2026-09-03T18:13:30.795Z,FR,Frankfort,94249231-24a1-492e-97bf-dcd504ea599a,SAMMS-Frankfort
202609031813231540,202609031729278721,202609031729277737,97,6743,P1 Forms New Discharge Transfer Plan Form Bronze - FS,br_samms_new_discharge_transfer_plan_form,TASK_COMPLETE,SUCCESS,INFO,43,43,0,,2026-09-03T17:29:32.843Z,2026-09-03T18:13:30.795Z,2638,2026-09-03T18:13:30.795Z,FS,FortSmith,94249231-24a1-492e-97bf-dcd504ea599a,SAMMS-FortSmith
202609031813231541,202609031729278722,202609031729277737,97,6744,P1 Forms New Discharge Transfer Plan Form Bronze - FW,br_samms_new_discharge_transfer_plan_form,TASK_COMPLETE,SUCCESS,INFO,192,192,0,,2026-09-03T17:29:32.843Z,2026-09-03T18:13:30.795Z,2638,2026-09-03T18:13:30.795Z,FW,FortWayne,94249231-24a1-492e-97bf-dcd504ea599a,SAMMS-FortWayne
202609031813231542,202609031729278723,202609031729277737,97,6745,P1 Forms New Discharge Transfer Plan Form Bronze - GAL,br_samms_new_discharge_transfer_plan_form,TASK_COMPLETE,SUCCESS,INFO,65,65,0,,2026-09-03T17:29:32.843Z,2026-09-03T18:13:30.795Z,2638,2026-09-03T18:13:30.795Z,GAL,Gaylord,94249231-24a1-492e-97bf-dcd504ea599a,SAMMS-Gaylord
202609031813231543,202609031729278724,202609031729277737,97,6746,P1 Forms New Discharge Transfer Plan Form Bronze - HGT,br_samms_new_discharge_transfer_plan_form,TASK_COMPLETE,SUCCESS,INFO,124,124,0,,2026-09-03T17:29:32.843Z,2026-09-03T18:13:30.795Z,2638,2026-09-03T18:13:30.795Z,HGT,Hagerstown,94249231-24a1-492e-97bf-dcd504ea599a,SAMMS-Hagerstown
202609031813231545,202609031729278725,202609031729277737,97,6747,P1 Forms New Discharge Transfer Plan Form Bronze - HNT,br_samms_new_discharge_transfer_plan_form,TASK_COMPLETE,SUCCESS,INFO,168,168,0,,2026-09-03T17:29:32.843Z,2026-09-03T18:13:30.795Z,2638,2026-09-03T18:13:30.795Z,HNT,Huntsville,94249231-24a1-492e-97bf-dcd504ea599a,SAMMS-Huntsville
202609031813231546,202609031729278726,202609031729277737,97,6748,P1 Forms New Discharge Transfer Plan Form Bronze - HS,br_samms_new_discharge_transfer_plan_form,TASK_COMPLETE,SUCCESS,INFO,80,80,0,,2026-09-03T17:29:32.843Z,2026-09-03T18:13:30.795Z,2638,2026-09-03T18:13:30.795Z,HS,HotSprings,94249231-24a1-492e-97bf-dcd504ea599a,SAMMS-HotSprings
202609031813231547,202609031729278727,202609031729277737,97,6749,P1 Forms New Discharge Transfer Plan Form Bronze - JON,br_samms_new_discharge_transfer_plan_form,TASK_COMPLETE,SUCCESS,INFO,37,37,0,,2026-09-03T17:29:32.843Z,2026-09-03T18:13:30.795Z,2638,2026-09-03T18:13:30.795Z,JON,Jonesboro,94249231-24a1-492e-97bf-dcd504ea599a,SAMMS-Jonesboro
202609031813231548,202609031729278728,202609031729277737,97,6750,P1 Forms New Discharge Transfer Plan Form Bronze - LAN,br_samms_new_discharge_transfer_plan_form,TASK_COMPLETE,SUCCESS,INFO,101,101,0,,2026-09-03T17:29:32.843Z,2026-09-03T18:13:30.795Z,2638,2026-09-03T18:13:30.795Z,LAN,Lansing,94249231-24a1-492e-97bf-dcd504ea599a,SAMMS-Lansing
202609031813231549,202609031729278729,202609031729277737,97,6751,P1 Forms New Discharge Transfer Plan Form Bronze - LO,br_samms_new_discharge_transfer_plan_form,TASK_COMPLETE,SUCCESS,INFO,258,258,0,,2026-09-03T17:29:32.843Z,2026-09-03T18:13:30.795Z,2638,2026-09-03T18:13:30.795Z,LO,Louisville,94249231-24a1-492e-97bf-dcd504ea599a,SAMMS-Louisville
202609031813231550,202609031729278730,202609031729277737,97,6752,P1 Forms New Discharge Transfer Plan Form Bronze - LV1,br_samms_new_discharge_transfer_plan_form,TASK_COMPLETE,SUCCESS,INFO,282,282,0,,2026-09-03T17:29:32.843Z,2026-09-03T18:13:30.795Z,2638,2026-09-03T18:13:30.795Z,LV1,Cheyenne,94249231-24a1-492e-97bf-dcd504ea599a,SAMMS-Cheyenne
202609031813231551,202609031729278731,202609031729277737,97,6753,P1 Forms New Discharge Transfer Plan Form Bronze - LV2,br_samms_new_discharge_transfer_plan_form,TASK_COMPLETE,SUCCESS,INFO,421,421,0,,2026-09-03T17:29:32.843Z,2026-09-03T18:13:30.795Z,2638,2026-09-03T18:13:30.795Z,LV2,DesertInn,94249231-24a1-492e-97bf-dcd504ea599a,SAMMS-DesertInn
202609031813231552,202609031729278732,202609031729277737,97,6754,P1 Forms New Discharge Transfer Plan Form Bronze - LV3,br_samms_new_discharge_transfer_plan_form,TASK_COMPLETE,SUCCESS,INFO,155,155,0,,2026-09-03T17:29:32.843Z,2026-09-03T18:13:30.795Z,2638,2026-09-03T18:13:30.795Z,LV3,McDaniel,94249231-24a1-492e-97bf-dcd504ea599a,SAMMS-McDaniel
202609031813231553,202609031729278733,202609031729277737,97,6755,P1 Forms New Discharge Transfer Plan Form Bronze - MNRE,br_samms_new_discharge_transfer_plan_form,TASK_COMPLETE,SUCCESS,INFO,59,59,0,,2026-09-03T17:29:32.843Z,2026-09-03T18:13:30.795Z,2638,2026-09-03T18:13:30.795Z,MNRE,Monroe,94249231-24a1-492e-97bf-dcd504ea599a,SAMMS-Monroe
202609031813231554,202609031729278734,202609031729277737,97,6756,P1 Forms New Discharge Transfer Plan Form Bronze - MP,br_samms_new_discharge_transfer_plan_form,TASK_COMPLETE,SUCCESS,INFO,112,112,0,,2026-09-03T17:29:32.843Z,2026-09-03T18:13:30.795Z,2638,2026-09-03T18:13:30.795Z,MP,MtPleasant,94249231-24a1-492e-97bf-dcd504ea599a,SAMMS-MtPleasant
202609031813231556,202609031729278735,202609031729277737,97,6757,P1 Forms New Discharge Transfer Plan Form Bronze - MRD,br_samms_new_discharge_transfer_plan_form,TASK_COMPLETE,SUCCESS,INFO,40,40,0,,2026-09-03T17:29:32.843Z,2026-09-03T18:13:30.795Z,2638,2026-09-03T18:13:30.795Z,MRD,Meridian,94249231-24a1-492e-97bf-dcd504ea599a,SAMMS-Meridian
202609031813231557,202609031729278736,202609031729277737,97,6758,P1 Forms New Discharge Transfer Plan Form Bronze - NC,br_samms_new_discharge_transfer_plan_form,TASK_COMPLETE,SUCCESS,INFO,184,184,0,,2026-09-03T17:29:32.843Z,2026-09-03T18:13:30.795Z,2638,2026-09-03T18:13:30.795Z,NC,NorthCharleston,94249231-24a1-492e-97bf-dcd504ea599a,SAMMS-NorthCharleston
202609031813231558,202609031729278737,202609031729277737,97,6759,P1 Forms New Discharge Transfer Plan Form Bronze - NLR,br_samms_new_discharge_transfer_plan_form,TASK_COMPLETE,SUCCESS,INFO,139,139,0,,2026-09-03T17:29:32.843Z,2026-09-03T18:13:30.795Z,2638,2026-09-03T18:13:30.795Z,NLR,NLROBOT,94249231-24a1-492e-97bf-dcd504ea599a,SAMMS-NLROBOT
202609031813231559,202609031729278738,202609031729277737,97,6760,P1 Forms New Discharge Transfer Plan Form Bronze - PH,br_samms_new_discharge_transfer_plan_form,TASK_COMPLETE,SUCCESS,INFO,4,4,0,,2026-09-03T17:29:32.843Z,2026-09-03T18:13:30.795Z,2638,2026-09-03T18:13:30.795Z,PH,Phoenix,94249231-24a1-492e-97bf-dcd504ea599a,SAMMS-Phoenix
202609031813231560,202609031729278739,202609031729277737,97,6761,P1 Forms New Discharge Transfer Plan Form Bronze - RE,br_samms_new_discharge_transfer_plan_form,TASK_COMPLETE,SUCCESS,INFO,179,179,0,,2026-09-03T17:29:32.843Z,2026-09-03T18:13:30.795Z,2638,2026-09-03T18:13:30.795Z,RE,Reno,94249231-24a1-492e-97bf-dcd504ea599a,SAMMS-Reno
202609031813231561,202609031729278740,202609031729277737,97,6762,P1 Forms New Discharge Transfer Plan Form Bronze - RMD,br_samms_new_discharge_transfer_plan_form,TASK_COMPLETE,SUCCESS,INFO,262,262,0,,2026-09-03T17:29:32.843Z,2026-09-03T18:13:30.795Z,2638,2026-09-03T18:13:30.795Z,RMD,Richmond,94249231-24a1-492e-97bf-dcd504ea599a,SAMMS-Richmond
202609031813231562,202609031729278741,202609031729277737,97,6763,P1 Forms New Discharge Transfer Plan Form Bronze - SFN,br_samms_new_discharge_transfer_plan_form,TASK_COMPLETE,SUCCESS,INFO,103,103,0,,2026-09-03T17:29:32.843Z,2026-09-03T18:13:30.795Z,2638,2026-09-03T18:13:30.795Z,SFN,SFN,94249231-24a1-492e-97bf-dcd504ea599a,SAMMS-SFNv5
202609031813231563,202609031729278742,202609031729277737,97,6764,P1 Forms New Discharge Transfer Plan Form Bronze - SHP,br_samms_new_discharge_transfer_plan_form,TASK_COMPLETE,SUCCESS,INFO,108,108,0,,2026-09-03T17:29:32.843Z,2026-09-03T18:13:30.795Z,2638,2026-09-03T18:13:30.795Z,SHP,Shreveport,94249231-24a1-492e-97bf-dcd504ea599a,SAMMS-Shreveport
202609031813231565,202609031729278743,202609031729277737,97,6765,P1 Forms New Discharge Transfer Plan Form Bronze - STN,br_samms_new_discharge_transfer_plan_form,TASK_COMPLETE,SUCCESS,INFO,43,43,0,,2026-09-03T17:29:32.843Z,2026-09-03T18:13:30.795Z,2638,2026-09-03T18:13:30.795Z,STN,Staunton,94249231-24a1-492e-97bf-dcd504ea599a,SAMMS-Staunton
202609031813231566,202609031729278744,202609031729277737,97,6766,P1 Forms New Discharge Transfer Plan Form Bronze - STVN,br_samms_new_discharge_transfer_plan_form,TASK_COMPLETE,SUCCESS,INFO,39,39,0,,2026-09-03T17:29:32.843Z,2026-09-03T18:13:30.795Z,2638,2026-09-03T18:13:30.795Z,STVN,Stevenson,94249231-24a1-492e-97bf-dcd504ea599a,SAMMS-Stevenson
202609031813231567,202609031729278745,202609031729277737,97,6767,P1 Forms New Discharge Transfer Plan Form Bronze - TE,br_samms_new_discharge_transfer_plan_form,TASK_COMPLETE,SUCCESS,INFO,0,0,0,,2026-09-03T17:29:32.843Z,2026-09-03T18:13:30.795Z,2638,2026-09-03T18:13:30.795Z,TE,Tempe,94249231-24a1-492e-97bf-dcd504ea599a,SAMMS-Tempe
202609031813231568,202609031729278746,202609031729277737,97,6768,P1 Forms New Discharge Transfer Plan Form Bronze - TEX,br_samms_new_discharge_transfer_plan_form,TASK_COMPLETE,SUCCESS,INFO,72,72,0,,2026-09-03T17:29:32.843Z,2026-09-03T18:13:30.795Z,2638,2026-09-03T18:13:30.795Z,TEX,Texarkana,94249231-24a1-492e-97bf-dcd504ea599a,SAMMS-Texarkana
202609031813231569,202609031729278747,202609031729277737,97,6769,P1 Forms New Discharge Transfer Plan Form Bronze - TTCA,br_samms_new_discharge_transfer_plan_form,TASK_COMPLETE,SUCCESS,INFO,193,193,0,,2026-09-03T17:29:32.843Z,2026-09-03T18:13:30.795Z,2638,2026-09-03T18:13:30.795Z,TTCA,Bessemer,94249231-24a1-492e-97bf-dcd504ea599a,SAMMS-BessemerV5
202609031813231570,202609031729278748,202609031729277737,97,6770,P1 Forms New Discharge Transfer Plan Form Bronze - TTCB,br_samms_new_discharge_transfer_plan_form,TASK_COMPLETE,SUCCESS,INFO,121,121,0,,2026-09-03T17:29:32.843Z,2026-09-03T18:13:30.795Z,2638,2026-09-03T18:13:30.795Z,TTCB,Cullman,94249231-24a1-492e-97bf-dcd504ea599a,SAMMS-CullmanV5
202609031813231571,202609031729278749,202609031729277737,97,6771,P1 Forms New Discharge Transfer Plan Form Bronze - TTCC,br_samms_new_discharge_transfer_plan_form,TASK_COMPLETE,SUCCESS,INFO,65,65,0,,2026-09-03T17:29:32.843Z,2026-09-03T18:13:30.795Z,2638,2026-09-03T18:13:30.795Z,TTCC,GrandBay,94249231-24a1-492e-97bf-dcd504ea599a,SAMMS-GrandBay
202609031813231572,202609031729278750,202609031729277737,97,6772,P1 Forms New Discharge Transfer Plan Form Bronze - TU,br_samms_new_discharge_transfer_plan_form,TASK_COMPLETE,SUCCESS,INFO,0,0,0,,2026-09-03T17:29:32.843Z,2026-09-03T18:13:30.795Z,2638,2026-09-03T18:13:30.795Z,TU,Tucson,94249231-24a1-492e-97bf-dcd504ea599a,SAMMS-Tucson
202609031813231573,202609031729278751,202609031729277737,97,6773,P1 Forms New Discharge Transfer Plan Form Bronze - V1,br_samms_new_discharge_transfer_plan_form,TASK_COMPLETE,SUCCESS,INFO,55,55,0,,2026-09-03T17:29:32.843Z,2026-09-03T18:13:30.795Z,2638,2026-09-03T18:13:30.795Z,V1,VCPHCS-I-Memphis,94249231-24a1-492e-97bf-dcd504ea599a,SAMMS-VCPHCS-I-MemphisV5
202609031813231574,202609031729278752,202609031729277737,97,6774,P1 Forms New Discharge Transfer Plan Form Bronze - V10,br_samms_new_discharge_transfer_plan_form,TASK_COMPLETE,SUCCESS,INFO,101,101,0,,2026-09-03T17:29:32.843Z,2026-09-03T18:13:30.795Z,2638,2026-09-03T18:13:30.795Z,V10,Boulder,94249231-24a1-492e-97bf-dcd504ea599a,SAMMS-BoulderV5
202609031813231576,202609031729278753,202609031729277737,97,6775,P1 Forms New Discharge Transfer Plan Form Bronze - V10A,br_samms_new_discharge_transfer_plan_form,TASK_COMPLETE,SUCCESS,INFO,228,228,0,,2026-09-03T17:29:32.843Z,2026-09-03T18:13:30.795Z,2638,2026-09-03T18:13:30.795Z,V10A,FortCollins,94249231-24a1-492e-97bf-dcd504ea599a,SAMMS-FortCollinsV5
202609031813231577,202609031729278754,202609031729277737,97,6776,P1 Forms New Discharge Transfer Plan Form Bronze - V11,br_samms_new_discharge_transfer_plan_form,TASK_COMPLETE,SUCCESS,INFO,177,177,0,,2026-09-03T17:29:32.843Z,2026-09-03T18:13:30.795Z,2638,2026-09-03T18:13:30.795Z,V11,VCPHCS-XI-NorthDenver,94249231-24a1-492e-97bf-dcd504ea599a,SAMMS-VCPHCS-XI-NorthDenverV5
202609031813231578,202609031729278755,202609031729277737,97,6777,P1 Forms New Discharge Transfer Plan Form Bronze - V12,br_samms_new_discharge_transfer_plan_form,TASK_COMPLETE,SUCCESS,INFO,388,388,0,,2026-09-03T17:29:32.843Z,2026-09-03T18:13:30.795Z,2638,2026-09-03T18:13:30.795Z,V12,VCPHCS-XII-DowntownDenver,94249231-24a1-492e-97bf-dcd504ea599a,SAMMS-VCPHCS-XII-DowntownDenverV5
202609031813231579,202609031729278756,202609031729277737,97,6778,P1 Forms New Discharge Transfer Plan Form Bronze - V12A,br_samms_new_discharge_transfer_plan_form,TASK_COMPLETE,SUCCESS,INFO,146,146,0,,2026-09-03T17:29:32.843Z,2026-09-03T18:13:30.795Z,2638,2026-09-03T18:13:30.795Z,V12A,Centennial,94249231-24a1-492e-97bf-dcd504ea599a,SAMMS-CentennialV5
202609031813231580,202609031729278757,202609031729277737,97,6779,P1 Forms New Discharge Transfer Plan Form Bronze - V14,br_samms_new_discharge_transfer_plan_form,TASK_COMPLETE,SUCCESS,INFO,135,135,0,,2026-09-03T17:29:32.843Z,2026-09-03T18:13:30.795Z,2638,2026-09-03T18:13:30.795Z,V14,VCPHCS-XIV-Bridgeway,94249231-24a1-492e-97bf-dcd504ea599a,SAMMS-VCPHCS-XIV-BridgewayV5
202609031813231581,202609031729278758,202609031729277737,97,6780,P1 Forms New Discharge Transfer Plan Form Bronze - V15,br_samms_new_discharge_transfer_plan_form,TASK_COMPLETE,SUCCESS,INFO,152,152,0,,2026-09-03T17:29:32.843Z,2026-09-03T18:13:30.795Z,2638,2026-09-03T18:13:30.795Z,V15,Joplin,94249231-24a1-492e-97bf-dcd504ea599a,SAMMS-JoplinV5
202609031813231582,202609031729278759,202609031729277737,97,6781,P1 Forms New Discharge Transfer Plan Form Bronze - V17,br_samms_new_discharge_transfer_plan_form,TASK_COMPLETE,SUCCESS,INFO,118,118,0,,2026-09-03T17:29:32.843Z,2026-09-03T18:13:30.795Z,2638,2026-09-03T18:13:30.795Z,V17,ColumbiaTN,94249231-24a1-492e-97bf-dcd504ea599a,SAMMS-ColumbiaTNv5
202609031813231583,202609031729278760,202609031729277737,97,6782,P1 Forms New Discharge Transfer Plan Form Bronze - V19,br_samms_new_discharge_transfer_plan_form,TASK_COMPLETE,SUCCESS,INFO,104,104,0,,2026-09-03T17:29:32.843Z,2026-09-03T18:13:30.795Z,2638,2026-09-03T18:13:30.795Z,V19,Jackson,94249231-24a1-492e-97bf-dcd504ea599a,SAMMS-JacksonV5
202609031813231584,202609031729278761,202609031729277737,97,6783,P1 Forms New Discharge Transfer Plan Form Bronze - V20,br_samms_new_discharge_transfer_plan_form,TASK_COMPLETE,SUCCESS,INFO,94,94,0,,2026-09-03T17:29:32.843Z,2026-09-03T18:13:30.795Z,2638,2026-09-03T18:13:30.795Z,V20,Paris,94249231-24a1-492e-97bf-dcd504ea599a,SAMMS-ParisV5
202609031813231586,202609031729278762,202609031729277737,97,6784,P1 Forms New Discharge Transfer Plan Form Bronze - V21,br_samms_new_discharge_transfer_plan_form,TASK_COMPLETE,SUCCESS,INFO,65,65,0,,2026-09-03T17:29:32.843Z,2026-09-03T18:13:30.795Z,2638,2026-09-03T18:13:30.795Z,V21,Raleigh,94249231-24a1-492e-97bf-dcd504ea599a,SAMMS-RaleighV5
202609031813231587,202609031729278763,202609031729277737,97,6785,P1 Forms New Discharge Transfer Plan Form Bronze - V5,br_samms_new_discharge_transfer_plan_form,TASK_COMPLETE,SUCCESS,INFO,173,173,0,,2026-09-03T17:29:32.843Z,2026-09-03T18:13:30.795Z,2638,2026-09-03T18:13:30.795Z,V5,NONTC,94249231-24a1-492e-97bf-dcd504ea599a,SAMMS-NONTCv5
202609031813231588,202609031729278764,202609031729277737,97,6786,P1 Forms New Discharge Transfer Plan Form Bronze - V5B,br_samms_new_discharge_transfer_plan_form,TASK_COMPLETE,SUCCESS,INFO,52,52,0,,2026-09-03T17:29:32.843Z,2026-09-03T18:13:30.795Z,2638,2026-09-03T18:13:30.795Z,V5B,Houma,94249231-24a1-492e-97bf-dcd504ea599a,SAMMS-HoumaV6
202609031813231589,202609031729278765,202609031729277737,97,6787,P1 Forms New Discharge Transfer Plan Form Bronze - V6,br_samms_new_discharge_transfer_plan_form,TASK_COMPLETE,SUCCESS,INFO,166,166,0,,2026-09-03T17:29:32.843Z,2026-09-03T18:13:30.795Z,2638,2026-09-03T18:13:30.795Z,V6,LC,94249231-24a1-492e-97bf-dcd504ea599a,SAMMS-LCv5
202609031813231590,202609031729278766,202609031729277737,97,6788,P1 Forms New Discharge Transfer Plan Form Bronze - V8,br_samms_new_discharge_transfer_plan_form,TASK_COMPLETE,SUCCESS,INFO,201,201,0,,2026-09-03T17:29:32.843Z,2026-09-03T18:13:30.795Z,2638,2026-09-03T18:13:30.795Z,V8,VCPHCS-VIII-Memphis,94249231-24a1-492e-97bf-dcd504ea599a,SAMMS-VCPHCS-VIII-MemphisV5
202609031813231591,202609031729278767,202609031729277737,97,6789,P1 Forms New Discharge Transfer Plan Form Bronze - V9,br_samms_new_discharge_transfer_plan_form,TASK_COMPLETE,SUCCESS,INFO,230,230,0,,2026-09-03T17:29:32.843Z,2026-09-03T18:13:30.795Z,2638,2026-09-03T18:13:30.795Z,V9,Nashville,94249231-24a1-492e-97bf-dcd504ea599a,SAMMS-NashvilleV5
202609031813231592,202609031729278768,202609031729277737,97,6790,P1 Forms New Discharge Transfer Plan Form Bronze - VBRA,br_samms_new_discharge_transfer_plan_form,TASK_COMPLETE,SUCCESS,INFO,158,158,0,,2026-09-03T17:29:32.843Z,2026-09-03T18:13:30.795Z,2638,2026-09-03T18:13:30.795Z,VBRA,Brainerd,94249231-24a1-492e-97bf-dcd504ea599a,SAMMS-BrainerdV6
202609031813231594,202609031729278769,202609031729277737,97,6791,P1 Forms New Discharge Transfer Plan Form Bronze - VBRP,br_samms_new_discharge_transfer_plan_form,TASK_COMPLETE,SUCCESS,INFO,177,177,0,,2026-09-03T17:29:32.843Z,2026-09-03T18:13:30.795Z,2638,2026-09-03T18:13:30.795Z,VBRP,BrooklynPark,94249231-24a1-492e-97bf-dcd504ea599a,SAMMS-BrooklynParkV6
202609031813231595,202609031729278770,202609031729277737,97,6792,P1 Forms New Discharge Transfer Plan Form Bronze - VMIN,br_samms_new_discharge_transfer_plan_form,TASK_COMPLETE,SUCCESS,INFO,185,185,0,,2026-09-03T17:29:32.843Z,2026-09-03T18:13:30.795Z,2638,2026-09-03T18:13:30.795Z,VMIN,Minneapolis,94249231-24a1-492e-97bf-dcd504ea599a,SAMMS-MinneapolisV6
202609031813231596,202609031729278771,202609031729277737,97,6793,P1 Forms New Discharge Transfer Plan Form Bronze - VWBY,br_samms_new_discharge_transfer_plan_form,TASK_COMPLETE,SUCCESS,INFO,324,324,0,,2026-09-03T17:29:32.843Z,2026-09-03T18:13:30.795Z,2638,2026-09-03T18:13:30.795Z,VWBY,Woodbury,94249231-24a1-492e-97bf-dcd504ea599a,SAMMS-WoodburyV6
202609031813231597,202609031729278772,202609031729277737,97,6794,P1 Forms New Discharge Transfer Plan Form Bronze - WIL,br_samms_new_discharge_transfer_plan_form,TASK_COMPLETE,SUCCESS,INFO,113,113,0,,2026-09-03T17:29:32.843Z,2026-09-03T18:13:30.795Z,2638,2026-09-03T18:13:30.795Z,WIL,Wilson,94249231-24a1-492e-97bf-dcd504ea599a,SAMMS-Wilson
202608300641344499,202608300641344499,20260830063351,131,13696,Auth Elig Trend Auth Silver,sl_CurrentDayPayAuth,TASK_FAILED,FAILED,ERROR,0,0,1,"[UNRESOLVED_COLUMN.WITH_SUGGESTION] A column or function parameter with name `Program` cannot be resolved. Did you mean one of the following? [`Date`, `p_payNAME`, `p_PayREQAUTH`, `spark_catalog`.`chimcobldhq2agi88smk8gak84ml0j21ah34ukid5l1kuki55l24alh5c9k6enrjd5m7cpbi4lo62t3jbtjmur34`.`tbl_pbi3PAYauth`.`TpaID`, `spark_catalog`.`chimcobldhq2agi88smk8gak84ml0j21ah34ukid5l1kuki55l24alh5c9k6enrjd5m7cpbi4lo62t3jbtjmur34`.`tbl_pbi3PAYauth`.`Tpadt`].; ''Aggregate [Date#102441, SiteCode#102057, ''Program, ''Status], [Date#102441, SiteCode#102057 AS Location#102477, ''Program AS Program#102478, ''Status AS Status#102479, count(1) AS Count#102516L] +- Filter (cast(p_PayREQAUTH#102368 as string) = 1) +- Project [SiteCode#102057, TpaID#102058, TpEFFDate#102059, TpaCLTID#102060, TpaPayer#102061, TpaDESC#102062, TpaEffDATE#102063, TpaTermDATE#102064, TpaSTAFF#102065, Tpadt#102066, TpaAuthCode#102067, TpAUTHPATH#102068, TpCONFIRMPath#102069, TpFail#102070, TpRequestForm#102071, TpResponseForm#102072",2026-08-30T06:41:34.449Z,2026-08-30T06:41:59.859Z,25,2026-08-30T06:41:59.859Z,,,f5468d60-c3b5-4f89-8aff-6c67bdfcebae,
202609022122573355,202609021903208742,202609021903206075,85,4487,Bronze INV,br_ReAssessmentTreatment,TASK_COMPLETE,SUCCESS,INFO,633,633,0,,2026-09-02T19:03:39.838Z,2026-09-02T21:23:00.812Z,8361,2026-09-02T21:23:00.812Z,B44,Albany,c49685cc-3281-44bc-a1c2-3be5b1110999,SAMMS-AlbanyV5
202609022122573356,202609021903208743,202609021903206075,85,4488,Bronze INV,br_ReAssessmentTreatment,TASK_COMPLETE,SUCCESS,INFO,1269,1269,0,,2026-09-02T19:03:39.838Z,2026-09-02T21:23:00.812Z,8361,2026-09-02T21:23:00.812Z,B45,Tifton,c49685cc-3281-44bc-a1c2-3be5b1110999,SAMMS-TiftonV5
202609022122573357,202609021903208744,202609021903206075,85,4489,Bronze INV,br_ReAssessmentTreatment,TASK_COMPLETE,SUCCESS,INFO,591,591,0,,2026-09-02T19:03:39.838Z,2026-09-02T21:23:00.812Z,8361,2026-09-02T21:23:00.812Z,B46,Washington DC,c49685cc-3281-44bc-a1c2-3be5b1110999,SAMMS-WashingtonDCv5
202609022122573358,202609021903208745,202609021903206075,85,4490,Bronze INV,br_ReAssessmentTreatment,TASK_COMPLETE,SUCCESS,INFO,1524,1524,0,,2026-09-02T19:03:39.838Z,2026-09-02T21:23:00.812Z,8361,2026-09-02T21:23:00.812Z,B47,Mobile,c49685cc-3281-44bc-a1c2-3be5b1110999,SAMMS-MobileV5
202609022122573359,202609021903208746,202609021903206075,85,4491,Bronze INV,br_ReAssessmentTreatment,TASK_COMPLETE,SUCCESS,INFO,1295,1295,0,,2026-09-02T19:03:39.838Z,2026-09-02T21:23:00.812Z,8361,2026-09-02T21:23:00.812Z,B48,Tuscaloosa,c49685cc-3281-44bc-a1c2-3be5b1110999,SAMMS-TuscaloosaV5
202609022122573361,202609021903208747,202609021903206075,85,4500,Bronze INV,br_ReAssessmentTreatment,TASK_COMPLETE,SUCCESS,INFO,2,2,0,,2026-09-02T19:03:39.838Z,2026-09-02T21:23:00.812Z,8361,2026-09-02T21:23:00.812Z,B51,N. Little Rock (OTP),c49685cc-3281-44bc-a1c2-3be5b1110999,SAMMS-NorthLittleRockV6
202609022122573362,202609021903208748,202609021903206075,85,4501,Bronze INV,br_ReAssessmentTreatment,TASK_COMPLETE,SUCCESS,INFO,451,451,0,,2026-09-02T19:03:39.838Z,2026-09-02T21:23:00.812Z,8361,2026-09-02T21:23:00.812Z,B52,Jackson GA,c49685cc-3281-44bc-a1c2-3be5b1110999,SAMMS-JacksonGAV5
202609022122573363,202609021903208749,202609021903206075,85,4502,Bronze INV,br_ReAssessmentTreatment,TASK_COMPLETE,SUCCESS,INFO,1700,1700,0,,2026-09-02T19:03:39.838Z,2026-09-02T21:23:00.812Z,8361,2026-09-02T21:23:00.812Z,B54,Gadsden,c49685cc-3281-44bc-a1c2-3be5b1110999,SAMMS-GadsdenV5
202609022122573364,202609021903208750,202609021903206075,85,4503,Bronze INV,br_ReAssessmentTreatment,TASK_COMPLETE,SUCCESS,INFO,941,941,0,,2026-09-02T19:03:39.838Z,2026-09-02T21:23:00.812Z,8361,2026-09-02T21:23:00.812Z,B55,Shoals,c49685cc-3281-44bc-a1c2-3be5b1110999,SAMMS-ShoalsV5
202609022122573365,202609021903208751,202609021903206075,85,4504,Bronze INV,br_ReAssessmentTreatment,TASK_COMPLETE,SUCCESS,INFO,294,294,0,,2026-09-02T19:03:39.838Z,2026-09-02T21:23:00.812Z,8361,2026-09-02T21:23:00.812Z,B57,Pawtucket,c49685cc-3281-44bc-a1c2-3be5b1110999,SAMMS-Pawtucket
202609022122573366,202609021903208752,202609021903206075,85,4505,Bronze INV,br_ReAssessmentTreatment,TASK_COMPLETE,SUCCESS,INFO,553,553,0,,2026-09-02T19:03:39.838Z,2026-09-02T21:23:00.812Z,8361,2026-09-02T21:23:00.812Z,B57A,Johnston,c49685cc-3281-44bc-a1c2-3be5b1110999,SAMMS-Johnston
202609022122573367,202609021903208753,202609021903206075,85,4506,Bronze INV,br_ReAssessmentTreatment,TASK_COMPLETE,SUCCESS,INFO,167,167,0,,2026-09-02T19:03:39.838Z,2026-09-02T21:23:00.812Z,8361,2026-09-02T21:23:00.812Z,B57B,Middletown,c49685cc-3281-44bc-a1c2-3be5b1110999,SAMMS-Middletown
202609022122573368,202609021903208754,202609021903206075,85,4507,Bronze INV,br_ReAssessmentTreatment,TASK_COMPLETE,SUCCESS,INFO,411,411,0,,2026-09-02T19:03:39.838Z,2026-09-02T21:23:00.812Z,8361,2026-09-02T21:23:00.812Z,B57C,Providence,c49685cc-3281-44bc-a1c2-3be5b1110999,SAMMS-Providence
202609022122573369,202609021903208755,202609021903206075,85,4508,Bronze INV,br_ReAssessmentTreatment,TASK_COMPLETE,SUCCESS,INFO,622,622,0,,2026-09-02T19:03:39.838Z,2026-09-02T21:23:00.812Z,8361,2026-09-02T21:23:00.812Z,B57D,Westerly,c49685cc-3281-44bc-a1c2-3be5b1110999,SAMMS-Westerly
202609022122573371,202609021903208756,202609021903206075,85,4512,Bronze INV,br_ReAssessmentTreatment,TASK_COMPLETE,SUCCESS,INFO,4,4,0,,2026-09-02T19:03:39.838Z,2026-09-02T21:23:00.812Z,8361,2026-09-02T21:23:00.812Z,B66A,Bremen,c49685cc-3281-44bc-a1c2-3be5b1110999,SAMMS-Bremen
202609022122573372,202609021903208757,202609021903206075,85,4515,Bronze INV,br_ReAssessmentTreatment,TASK_COMPLETE,SUCCESS,INFO,0,0,0,,2026-09-02T19:03:39.838Z,2026-09-02T21:23:00.812Z,8361,2026-09-02T21:23:00.812Z,B72,Mobile (OBOT),c49685cc-3281-44bc-a1c2-3be5b1110999,SAMMS-Mobile-OBOT
202609022122573373,202609021903208758,202609021903206075,85,4516,Bronze INV,br_ReAssessmentTreatment,TASK_COMPLETE,SUCCESS,INFO,0,0,0,,2026-09-02T19:03:39.838Z,2026-09-02T21:23:00.812Z,8361,2026-09-02T21:23:00.812Z,B73,Montgomery,c49685cc-3281-44bc-a1c2-3be5b1110999,SAMMS-Montgomery
202609022122573374,202609021903208759,202609021903206075,85,4517,Bronze INV,br_ReAssessmentTreatment,TASK_COMPLETE,SUCCESS,INFO,516,516,0,,2026-09-02T19:03:39.838Z,2026-09-02T21:23:00.812Z,8361,2026-09-02T21:23:00.812Z,B75,Lawrence,c49685cc-3281-44bc-a1c2-3be5b1110999,SAMMS-LawrenceV6
202609022122573375,202609021903208760,202609021903206075,85,4518,Bronze INV,br_ReAssessmentTreatment,TASK_COMPLETE,SUCCESS,INFO,0,0,0,,2026-09-02T19:03:39.838Z,2026-09-02T21:23:00.812Z,8361,2026-09-02T21:23:00.812Z,B76,Huntsville OBOT,c49685cc-3281-44bc-a1c2-3be5b1110999,SAMMS-Huntsville-OBOT
202609022122573376,202609021903208761,202609021903206075,85,4519,Bronze INV,br_ReAssessmentTreatment,TASK_COMPLETE,SUCCESS,INFO,0,0,0,,2026-09-02T19:03:39.838Z,2026-09-02T21:23:00.812Z,8361,2026-09-02T21:23:00.812Z,BAT,Batesville,c49685cc-3281-44bc-a1c2-3be5b1110999,SAMMS-Batesville
202609022122573377,202609021903208762,202609021903206075,85,4520,Bronze INV,br_ReAssessmentTreatment,TASK_COMPLETE,SUCCESS,INFO,463,463,0,,2026-09-02T19:03:39.838Z,2026-09-02T21:23:00.812Z,8361,2026-09-02T21:23:00.812Z,BG,Bowling Green,c49685cc-3281-44bc-a1c2-3be5b1110999,SAMMS-BowlingGreen
202609022122573378,202609021903208763,202609021903206075,85,4521,Bronze INV,br_ReAssessmentTreatment,TASK_COMPLETE,SUCCESS,INFO,181,181,0,,2026-09-02T19:03:39.838Z,2026-09-02T21:23:00.812Z,8361,2026-09-02T21:23:00.812Z,BOI,Boise,c49685cc-3281-44bc-a1c2-3be5b1110999,SAMMS-Boise
202609022122573379,202609021903208764,202609021903206075,85,4528,Bronze INV,br_ReAssessmentTreatment,TASK_COMPLETE,SUCCESS,INFO,48,48,0,,2026-09-02T19:03:39.838Z,2026-09-02T21:23:00.812Z,8361,2026-09-02T21:23:00.812Z,CBCO,Coeur dAlene,c49685cc-3281-44bc-a1c2-3be5b1110999,SAMMS-CoeurdAleneV6
202609022122573380,202609021903208765,202609021903206075,85,4547,Bronze INV,br_ReAssessmentTreatment,TASK_COMPLETE,SUCCESS,INFO,0,0,0,,2026-09-02T19:03:39.838Z,2026-09-02T21:23:00.812Z,8361,2026-09-02T21:23:00.812Z,CON,Conway,c49685cc-3281-44bc-a1c2-3be5b1110999,SAMMS-Conway
202609022122573381,202609021903208766,202609021903206075,85,4548,Bronze INV,br_ReAssessmentTreatment,TASK_COMPLETE,SUCCESS,INFO,2557,2557,0,,2026-09-02T19:03:39.838Z,2026-09-02T21:23:00.812Z,8361,2026-09-02T21:23:00.812Z,D07,Medical Services Knox TN,c49685cc-3281-44bc-a1c2-3be5b1110999,SAMMS-KnoxvilleV6
202609022122573383,202609021903208767,202609021903206075,85,4549,Bronze INV,br_ReAssessmentTreatment,TASK_COMPLETE,SUCCESS,INFO,111,111,0,,2026-09-02T19:03:39.838Z,2026-09-02T21:23:00.812Z,8361,2026-09-02T21:23:00.812Z,D08,Madison,c49685cc-3281-44bc-a1c2-3be5b1110999,SAMMS-MadisonV6
202609022122573384,202609021903208768,202609021903206075,85,4551,Bronze INV,br_ReAssessmentTreatment,TASK_COMPLETE,SUCCESS,INFO,104,104,0,,2026-09-02T19:03:39.838Z,2026-09-02T21:23:00.812Z,8361,2026-09-02T21:23:00.812Z,D09,Murfreesboro,c49685cc-3281-44bc-a1c2-3be5b1110999,SAMMS-MurfreesboroV6
202609022122573385,202609021903208769,202609021903206075,85,4552,Bronze INV,br_ReAssessmentTreatment,TASK_COMPLETE,SUCCESS,INFO,335,335,0,,2026-09-02T19:03:39.838Z,2026-09-02T21:23:00.812Z,8361,2026-09-02T21:23:00.812Z,DA,Davenport,c49685cc-3281-44bc-a1c2-3be5b1110999,SAMMS-Davenport
202609022122573386,202609021903208770,202609021903206075,85,4553,Bronze INV,br_ReAssessmentTreatment,TASK_COMPLETE,SUCCESS,INFO,286,286,0,,2026-09-02T19:03:39.838Z,2026-09-02T21:23:00.812Z,8361,2026-09-02T21:23:00.812Z,DM,Des Moines,c49685cc-3281-44bc-a1c2-3be5b1110999,SAMMS-DesMoines
202609022122573387,202609021903208771,202609021903206075,85,4555,Bronze INV,br_ReAssessmentTreatment,TASK_COMPLETE,SUCCESS,INFO,526,526,0,,2026-09-02T19:03:39.838Z,2026-09-02T21:23:00.812Z,8361,2026-09-02T21:23:00.812Z,DRD-CO,Columbia MO,c49685cc-3281-44bc-a1c2-3be5b1110999,SAMMS-ColumbiaV5
202609022122573388,202609021903208772,202609021903206075,85,4556,Bronze INV,br_ReAssessmentTreatment,TASK_COMPLETE,SUCCESS,INFO,342,342,0,,2026-09-02T19:03:39.838Z,2026-09-02T21:23:00.812Z,8361,2026-09-02T21:23:00.812Z,DRD-KC,KC,c49685cc-3281-44bc-a1c2-3be5b1110999,SAMMS-KCv5
202609022122573389,202609021903208773,202609021903206075,85,4557,Bronze INV,br_ReAssessmentTreatment,TASK_COMPLETE,SUCCESS,INFO,1545,1545,0,,2026-09-02T19:03:39.838Z,2026-09-02T21:23:00.812Z,8361,2026-09-02T21:23:00.812Z,DRD-KVB,KVB,c49685cc-3281-44bc-a1c2-3be5b1110999,SAMMS-KVBv5
202609022122573390,202609021903208774,202609021903206075,85,4558,Bronze INV,br_ReAssessmentTreatment,TASK_COMPLETE,SUCCESS,INFO,1672,1672,0,,2026-09-02T19:03:39.838Z,2026-09-02T21:23:00.812Z,8361,2026-09-02T21:23:00.812Z,DRD-KVC,KVC,c49685cc-3281-44bc-a1c2-3be5b1110999,SAMMS-KVCv5
202609022122573391,202609021903208775,202609021903206075,85,4559,Bronze INV,br_ReAssessmentTreatment,TASK_COMPLETE,SUCCESS,INFO,3195,3195,0,,2026-09-02T19:03:39.838Z,2026-09-02T21:23:00.812Z,8361,2026-09-02T21:23:00.812Z,DRD-NOLA,NOLA,c49685cc-3281-44bc-a1c2-3be5b1110999,SAMMS-NOLAv5
202609022122573392,202609021903208776,202609021903206075,85,4560,Bronze INV,br_ReAssessmentTreatment,TASK_COMPLETE,SUCCESS,INFO,797,797,0,,2026-09-02T19:03:39.838Z,2026-09-02T21:23:00.812Z,8361,2026-09-02T21:23:00.812Z,DRD-SF,Springfield,c49685cc-3281-44bc-a1c2-3be5b1110999,SAMMS-SFv5
202609022122573394,202609021903208777,202609021903206075,85,4562,Bronze INV,br_ReAssessmentTreatment,TASK_COMPLETE,SUCCESS,INFO,260,260,0,,2026-09-02T19:03:39.838Z,2026-09-02T21:23:00.812Z,8361,2026-09-02T21:23:00.812Z,ELC,Elizabeth City,c49685cc-3281-44bc-a1c2-3be5b1110999,SAMMS-ElizabethCity
202609022122573395,202609021903208778,202609021903206075,85,4563,Bronze INV,br_ReAssessmentTreatment,TASK_COMPLETE,SUCCESS,INFO,127,127,0,,2026-09-02T19:03:39.838Z,2026-09-02T21:23:00.812Z,8361,2026-09-02T21:23:00.812Z,ET,Elizabethtown,c49685cc-3281-44bc-a1c2-3be5b1110999,SAMMS-Elizabethtown
202609022122573396,202609021903208779,202609021903206075,85,4564,Bronze INV,br_ReAssessmentTreatment,TASK_COMPLETE,SUCCESS,INFO,0,0,0,,2026-09-02T19:03:39.838Z,2026-09-02T21:23:00.812Z,8361,2026-09-02T21:23:00.812Z,FAY,Fayetteville,c49685cc-3281-44bc-a1c2-3be5b1110999,SAMMS-Fayetteville
202609022122573397,202609021903208780,202609021903206075,85,4565,Bronze INV,br_ReAssessmentTreatment,TASK_COMPLETE,SUCCESS,INFO,156,156,0,,2026-09-02T19:03:39.838Z,2026-09-02T21:23:00.812Z,8361,2026-09-02T21:23:00.812Z,FR,Frankfort,c49685cc-3281-44bc-a1c2-3be5b1110999,SAMMS-Frankfort
202609022122573398,202609021903208781,202609021903206075,85,4566,Bronze INV,br_ReAssessmentTreatment,TASK_COMPLETE,SUCCESS,INFO,0,0,0,,2026-09-02T19:03:39.838Z,2026-09-02T21:23:00.812Z,8361,2026-09-02T21:23:00.812Z,FS,Fort Smith,c49685cc-3281-44bc-a1c2-3be5b1110999,SAMMS-FortSmith
202609022122573399,202609021903208782,202609021903206075,85,4567,Bronze INV,br_ReAssessmentTreatment,TASK_COMPLETE,SUCCESS,INFO,466,466,0,,2026-09-02T19:03:39.838Z,2026-09-02T21:23:00.812Z,8361,2026-09-02T21:23:00.812Z,FW,Fort Wayne,c49685cc-3281-44bc-a1c2-3be5b1110999,SAMMS-FortWayne
202609022122573400,202609021903208783,202609021903206075,85,4568,Bronze INV,br_ReAssessmentTreatment,TASK_COMPLETE,SUCCESS,INFO,271,271,0,,2026-09-02T19:03:39.838Z,2026-09-02T21:23:00.812Z,8361,2026-09-02T21:23:00.812Z,GAL,Gaylord,c49685cc-3281-44bc-a1c2-3be5b1110999,SAMMS-Gaylord
202609022122573401,202609021903208784,202609021903206075,85,4572,Bronze INV,br_ReAssessmentTreatment,TASK_COMPLETE,SUCCESS,INFO,99,99,0,,2026-09-02T19:03:39.838Z,2026-09-02T21:23:00.812Z,8361,2026-09-02T21:23:00.812Z,HGT,Hagerstown,c49685cc-3281-44bc-a1c2-3be5b1110999,SAMMS-Hagerstown
202609022122573402,202609021903208785,202609021903206075,85,4573,Bronze INV,br_ReAssessmentTreatment,TASK_COMPLETE,SUCCESS,INFO,1717,1717,0,,2026-09-02T19:03:39.838Z,2026-09-02T21:23:00.812Z,8361,2026-09-02T21:23:00.812Z,HNT,Huntsville,c49685cc-3281-44bc-a1c2-3be5b1110999,SAMMS-Huntsville
202609022122573403,202609021903208786,202609021903206075,85,4574,Bronze INV,br_ReAssessmentTreatment,TASK_COMPLETE,SUCCESS,INFO,0,0,0,,2026-09-02T19:03:39.838Z,2026-09-02T21:23:00.812Z,8361,2026-09-02T21:23:00.812Z,HS,Hot Springs,c49685cc-3281-44bc-a1c2-3be5b1110999,SAMMS-HotSprings
202609022122573405,202609021903208787,202609021903206075,85,4575,Bronze INV,br_ReAssessmentTreatment,TASK_COMPLETE,SUCCESS,INFO,0,0,0,,2026-09-02T19:03:39.838Z,2026-09-02T21:23:00.812Z,8361,2026-09-02T21:23:00.812Z,JON,Jonesboro,c49685cc-3281-44bc-a1c2-3be5b1110999,SAMMS-Jonesboro
202609022122573406,202609021903208788,202609021903206075,85,4577,Bronze INV,br_ReAssessmentTreatment,TASK_COMPLETE,SUCCESS,INFO,444,444,0,,2026-09-02T19:03:39.838Z,2026-09-02T21:23:00.812Z,8361,2026-09-02T21:23:00.812Z,LAN,Lansing,c49685cc-3281-44bc-a1c2-3be5b1110999,SAMMS-Lansing
202609022122573407,202609021903208789,202609021903206075,85,4578,Bronze INV,br_ReAssessmentTreatment,TASK_COMPLETE,SUCCESS,INFO,1288,1288,0,,2026-09-02T19:03:39.838Z,2026-09-02T21:23:00.812Z,8361,2026-09-02T21:23:00.812Z,LO,Louisville,c49685cc-3281-44bc-a1c2-3be5b1110999,SAMMS-Louisville
202609022122573408,202609021903208790,202609021903206075,85,4579,Bronze INV,br_ReAssessmentTreatment,TASK_COMPLETE,SUCCESS,INFO,291,291,0,,2026-09-02T19:03:39.838Z,2026-09-02T21:23:00.812Z,8361,2026-09-02T21:23:00.812Z,LV1,Cheyenne,c49685cc-3281-44bc-a1c2-3be5b1110999,SAMMS-Cheyenne
202609022122573409,202609021903208791,202609021903206075,85,4580,Bronze INV,br_ReAssessmentTreatment,TASK_COMPLETE,SUCCESS,INFO,204,204,0,,2026-09-02T19:03:39.838Z,2026-09-02T21:23:00.812Z,8361,2026-09-02T21:23:00.812Z,LV2,Desert Inn,c49685cc-3281-44bc-a1c2-3be5b1110999,SAMMS-DesertInn
202609022122573410,202609021903208792,202609021903206075,85,4581,Bronze INV,br_ReAssessmentTreatment,TASK_COMPLETE,SUCCESS,INFO,110,110,0,,2026-09-02T19:03:39.838Z,2026-09-02T21:23:00.812Z,8361,2026-09-02T21:23:00.812Z,LV3,McDaniel,c49685cc-3281-44bc-a1c2-3be5b1110999,SAMMS-McDaniel
202609022122573411,202609021903208793,202609021903206075,85,4584,Bronze INV,br_ReAssessmentTreatment,TASK_COMPLETE,SUCCESS,INFO,356,356,0,,2026-09-02T19:03:39.838Z,2026-09-02T21:23:00.812Z,8361,2026-09-02T21:23:00.812Z,MNRE,Monroe,c49685cc-3281-44bc-a1c2-3be5b1110999,SAMMS-Monroe
202609022122573412,202609021903208794,202609021903206075,85,4585,Bronze INV,br_ReAssessmentTreatment,TASK_COMPLETE,SUCCESS,INFO,1422,1422,0,,2026-09-02T19:03:39.838Z,2026-09-02T21:23:00.812Z,8361,2026-09-02T21:23:00.812Z,MP,Mt. Pleasant,c49685cc-3281-44bc-a1c2-3be5b1110999,SAMMS-MtPleasant
202609022122573413,202609021903208795,202609021903206075,85,4586,Bronze INV,br_ReAssessmentTreatment,TASK_COMPLETE,SUCCESS,INFO,153,153,0,,2026-09-02T19:03:39.838Z,2026-09-02T21:23:00.812Z,8361,2026-09-02T21:23:00.812Z,MRD,Meridian,c49685cc-3281-44bc-a1c2-3be5b1110999,SAMMS-Meridian
202609022122573414,202609021903208796,202609021903206075,85,4591,Bronze INV,br_ReAssessmentTreatment,TASK_COMPLETE,SUCCESS,INFO,691,691,0,,2026-09-02T19:03:39.838Z,2026-09-02T21:23:00.812Z,8361,2026-09-02T21:23:00.812Z,NC,North Charleston,c49685cc-3281-44bc-a1c2-3be5b1110999,SAMMS-NorthCharleston
202609022122573415,202609021903208797,202609021903206075,85,4592,Bronze INV,br_ReAssessmentTreatment,TASK_COMPLETE,SUCCESS,INFO,0,0,0,,2026-09-02T19:03:39.838Z,2026-09-02T21:23:00.812Z,8361,2026-09-02T21:23:00.812Z,NLR,N. Little Rock,c49685cc-3281-44bc-a1c2-3be5b1110999,SAMMS-NLROBOT
202609022122573417,202609021903208798,202609021903206075,85,4593,Bronze INV,br_ReAssessmentTreatment,TASK_COMPLETE,SUCCESS,INFO,112,112,0,,2026-09-02T19:03:39.838Z,2026-09-02T21:23:00.812Z,8361,2026-09-02T21:23:00.812Z,PH,Phoenix,c49685cc-3281-44bc-a1c2-3be5b1110999,SAMMS-Phoenix
202609022122573418,202609021903208799,202609021903206075,85,4597,Bronze INV,br_ReAssessmentTreatment,TASK_COMPLETE,SUCCESS,INFO,212,212,0,,2026-09-02T19:03:39.838Z,2026-09-02T21:23:00.812Z,8361,2026-09-02T21:23:00.812Z,RE,Reno,c49685cc-3281-44bc-a1c2-3be5b1110999,SAMMS-Reno
202609022122573419,202609021903208800,202609021903206075,85,4598,Bronze INV,br_ReAssessmentTreatment,TASK_COMPLETE,SUCCESS,INFO,87,87,0,,2026-09-02T19:03:39.838Z,2026-09-02T21:23:00.812Z,8361,2026-09-02T21:23:00.812Z,RMD,Richmond,c49685cc-3281-44bc-a1c2-3be5b1110999,SAMMS-Richmond
202609022122573420,202609021903208801,202609021903206075,85,4599,Bronze INV,br_ReAssessmentTreatment,TASK_COMPLETE,SUCCESS,INFO,587,587,0,,2026-09-02T19:03:39.838Z,2026-09-02T21:23:00.812Z,8361,2026-09-02T21:23:00.812Z,SFN,Springfield North,c49685cc-3281-44bc-a1c2-3be5b1110999,SAMMS-SFNv5
202609022122573421,202609021903208802,202609021903206075,85,4600,Bronze INV,br_ReAssessmentTreatment,TASK_COMPLETE,SUCCESS,INFO,762,762,0,,2026-09-02T19:03:39.838Z,2026-09-02T21:23:00.812Z,8361,2026-09-02T21:23:00.812Z,SHP,Shreveport,c49685cc-3281-44bc-a1c2-3be5b1110999,SAMMS-Shreveport
202609022122573422,202609021903208803,202609021903206075,85,4602,Bronze INV,br_ReAssessmentTreatment,TASK_COMPLETE,SUCCESS,INFO,484,484,0,,2026-09-02T19:03:39.838Z,2026-09-02T21:23:00.812Z,8361,2026-09-02T21:23:00.812Z,STN,Staunton,c49685cc-3281-44bc-a1c2-3be5b1110999,SAMMS-Staunton
202609022122573423,202609021903208804,202609021903206075,85,4603,Bronze INV,br_ReAssessmentTreatment,TASK_COMPLETE,SUCCESS,INFO,225,225,0,,2026-09-02T19:03:39.838Z,2026-09-02T21:23:00.812Z,8361,2026-09-02T21:23:00.812Z,STVN,Stevenson,c49685cc-3281-44bc-a1c2-3be5b1110999,SAMMS-Stevenson
202609022122573424,202609021903208805,202609021903206075,85,4605,Bronze INV,br_ReAssessmentTreatment,TASK_COMPLETE,SUCCESS,INFO,174,174,0,,2026-09-02T19:03:39.838Z,2026-09-02T21:23:00.812Z,8361,2026-09-02T21:23:00.812Z,TE,Tempe,c49685cc-3281-44bc-a1c2-3be5b1110999,SAMMS-Tempe
202609022122573426,202609021903208806,202609021903206075,85,4606,Bronze INV,br_ReAssessmentTreatment,TASK_COMPLETE,SUCCESS,INFO,0,0,0,,2026-09-02T19:03:39.838Z,2026-09-02T21:23:00.812Z,8361,2026-09-02T21:23:00.812Z,TEX,Texarkana,c49685cc-3281-44bc-a1c2-3be5b1110999,SAMMS-Texarkana
202609022122573427,202609021903208807,202609021903206075,85,4607,Bronze INV,br_ReAssessmentTreatment,TASK_COMPLETE,SUCCESS,INFO,1057,1057,0,,2026-09-02T19:03:39.838Z,2026-09-02T21:23:00.812Z,8361,2026-09-02T21:23:00.812Z,TTCA,Bessemer,c49685cc-3281-44bc-a1c2-3be5b1110999,SAMMS-BessemerV5
202609022122573428,202609021903208808,202609021903206075,85,4608,Bronze INV,br_ReAssessmentTreatment,TASK_COMPLETE,SUCCESS,INFO,1314,1314,0,,2026-09-02T19:03:39.838Z,2026-09-02T21:23:00.812Z,8361,2026-09-02T21:23:00.812Z,TTCB,Cullman,c49685cc-3281-44bc-a1c2-3be5b1110999,SAMMS-CullmanV5
202609022122573429,202609021903208809,202609021903206075,85,4609,Bronze INV,br_ReAssessmentTreatment,TASK_COMPLETE,SUCCESS,INFO,931,931,0,,2026-09-02T19:03:39.838Z,2026-09-02T21:23:00.812Z,8361,2026-09-02T21:23:00.812Z,TTCC,Grand Bay,c49685cc-3281-44bc-a1c2-3be5b1110999,SAMMS-GrandBay
202609022122573430,202609021903208810,202609021903206075,85,4610,Bronze INV,br_ReAssessmentTreatment,TASK_COMPLETE,SUCCESS,INFO,15,15,0,,2026-09-02T19:03:39.838Z,2026-09-02T21:23:00.812Z,8361,2026-09-02T21:23:00.812Z,TU,Tucson,c49685cc-3281-44bc-a1c2-3be5b1110999,SAMMS-Tucson
202609022122573431,202609021903208811,202609021903206075,85,4612,Bronze INV,br_ReAssessmentTreatment,TASK_COMPLETE,SUCCESS,INFO,660,660,0,,2026-09-02T19:03:39.838Z,2026-09-02T21:23:00.812Z,8361,2026-09-02T21:23:00.812Z,V1,Memphis South,c49685cc-3281-44bc-a1c2-3be5b1110999,SAMMS-VCPHCS-I-MemphisV5
202609022122573432,202609021903208812,202609021903206075,85,4613,Bronze INV,br_ReAssessmentTreatment,TASK_COMPLETE,SUCCESS,INFO,1626,1626,0,,2026-09-02T19:03:39.838Z,2026-09-02T21:23:00.812Z,8361,2026-09-02T21:23:00.812Z,V10,Longmont,c49685cc-3281-44bc-a1c2-3be5b1110999,SAMMS-BoulderV5
202609022122573434,202609021903208813,202609021903206075,85,4614,Bronze INV,br_ReAssessmentTreatment,TASK_COMPLETE,SUCCESS,INFO,1508,1508,0,,2026-09-02T19:03:39.838Z,2026-09-02T21:23:00.812Z,8361,2026-09-02T21:23:00.812Z,V10A,Fort Collins,c49685cc-3281-44bc-a1c2-3be5b1110999,SAMMS-FortCollinsV5
202609022122573435,202609021903208814,202609021903206075,85,4615,Bronze INV,br_ReAssessmentTreatment,TASK_COMPLETE,SUCCESS,INFO,2862,2862,0,,2026-09-02T19:03:39.838Z,2026-09-02T21:23:00.812Z,8361,2026-09-02T21:23:00.812Z,V11,Westminster,c49685cc-3281-44bc-a1c2-3be5b1110999,SAMMS-VCPHCS-XI-NorthDenverV5
202609022122573436,202609021903208815,202609021903206075,85,4616,Bronze INV,br_ReAssessmentTreatment,TASK_COMPLETE,SUCCESS,INFO,2991,2991,0,,2026-09-02T19:03:39.838Z,2026-09-02T21:23:00.812Z,8361,2026-09-02T21:23:00.812Z,V12,Downtown Denver,c49685cc-3281-44bc-a1c2-3be5b1110999,SAMMS-VCPHCS-XII-DowntownDenverV5
202609022122573437,202609021903208816,202609021903206075,85,4617,Bronze INV,br_ReAssessmentTreatment,TASK_COMPLETE,SUCCESS,INFO,1127,1127,0,,2026-09-02T19:03:39.838Z,2026-09-02T21:23:00.812Z,8361,2026-09-02T21:23:00.812Z,V12A,Centennial,c49685cc-3281-44bc-a1c2-3be5b1110999,SAMMS-CentennialV5
202609022122573438,202609021903208817,202609021903206075,85,4618,Bronze INV,br_ReAssessmentTreatment,TASK_COMPLETE,SUCCESS,INFO,293,293,0,,2026-09-02T19:03:39.838Z,2026-09-02T21:23:00.812Z,8361,2026-09-02T21:23:00.812Z,V14,Overland Park,c49685cc-3281-44bc-a1c2-3be5b1110999,SAMMS-VCPHCS-XIV-BridgewayV5
202609022122573439,202609021903208818,202609021903206075,85,4619,Bronze INV,br_ReAssessmentTreatment,TASK_COMPLETE,SUCCESS,INFO,608,608,0,,2026-09-02T19:03:39.838Z,2026-09-02T21:23:00.812Z,8361,2026-09-02T21:23:00.812Z,V15,Joplin,c49685cc-3281-44bc-a1c2-3be5b1110999,SAMMS-JoplinV5
202609022122573440,202609021903208819,202609021903206075,85,4621,Bronze INV,br_ReAssessmentTreatment,TASK_COMPLETE,SUCCESS,INFO,902,902,0,,2026-09-02T19:03:39.838Z,2026-09-02T21:23:00.812Z,8361,2026-09-02T21:23:00.812Z,V17,Columbia TN,c49685cc-3281-44bc-a1c2-3be5b1110999,SAMMS-ColumbiaTNv5
202609022122573442,202609021903208820,202609021903206075,85,4623,Bronze INV,br_ReAssessmentTreatment,TASK_COMPLETE,SUCCESS,INFO,527,527,0,,2026-09-02T19:03:39.838Z,2026-09-02T21:23:00.812Z,8361,2026-09-02T21:23:00.812Z,V19,Jackson,c49685cc-3281-44bc-a1c2-3be5b1110999,SAMMS-JacksonV5
202609022122573443,202609021903208821,202609021903206075,85,4625,Bronze INV,br_ReAssessmentTreatment,TASK_COMPLETE,SUCCESS,INFO,1683,1683,0,,2026-09-02T19:03:39.838Z,2026-09-02T21:23:00.812Z,8361,2026-09-02T21:23:00.812Z,V20,Paris,c49685cc-3281-44bc-a1c2-3be5b1110999,SAMMS-ParisV5
202609022122573444,202609021903208822,202609021903206075,85,4626,Bronze INV,br_ReAssessmentTreatment,TASK_COMPLETE,SUCCESS,INFO,723,723,0,,2026-09-02T19:03:39.838Z,2026-09-02T21:23:00.812Z,8361,2026-09-02T21:23:00.812Z,V21,Memphis North,c49685cc-3281-44bc-a1c2-3be5b1110999,SAMMS-RaleighV5
202609022122573445,202609021903208823,202609021903206075,85,4629,Bronze INV,br_ReAssessmentTreatment,TASK_COMPLETE,SUCCESS,INFO,1765,1765,0,,2026-09-02T19:03:39.838Z,2026-09-02T21:23:00.812Z,8361,2026-09-02T21:23:00.812Z,V5,West Bank,c49685cc-3281-44bc-a1c2-3be5b1110999,SAMMS-NONTCv5
202609022122573446,202609021903208824,202609021903206075,85,4631,Bronze INV,br_ReAssessmentTreatment,TASK_COMPLETE,SUCCESS,INFO,145,145,0,,2026-09-02T19:03:39.838Z,2026-09-02T21:23:00.812Z,8361,2026-09-02T21:23:00.812Z,V5B,Houma,c49685cc-3281-44bc-a1c2-3be5b1110999,SAMMS-HoumaV6
202609022122573447,202609021903208825,202609021903206075,85,4632,Bronze INV,br_ReAssessmentTreatment,TASK_COMPLETE,SUCCESS,INFO,1905,1905,0,,2026-09-02T19:03:39.838Z,2026-09-02T21:23:00.812Z,8361,2026-09-02T21:23:00.812Z,V6,Lake Charles,c49685cc-3281-44bc-a1c2-3be5b1110999,SAMMS-LCv5
202609022122573448,202609021903208826,202609021903206075,85,4634,Bronze INV,br_ReAssessmentTreatment,TASK_COMPLETE,SUCCESS,INFO,738,738,0,,2026-09-02T19:03:39.838Z,2026-09-02T21:23:00.812Z,8361,2026-09-02T21:23:00.812Z,V8,Memphis Midtown,c49685cc-3281-44bc-a1c2-3be5b1110999,SAMMS-VCPHCS-VIII-MemphisV5
202609022122573449,202609021903208827,202609021903206075,85,4635,Bronze INV,br_ReAssessmentTreatment,TASK_COMPLETE,SUCCESS,INFO,1761,1761,0,,2026-09-02T19:03:39.838Z,2026-09-02T21:23:00.812Z,8361,2026-09-02T21:23:00.812Z,V9,Nashville,c49685cc-3281-44bc-a1c2-3be5b1110999,SAMMS-NashvilleV5
202609022122573451,202609021903208828,202609021903206075,85,4636,Bronze INV,br_ReAssessmentTreatment,TASK_COMPLETE,SUCCESS,INFO,838,838,0,,2026-09-02T19:03:39.838Z,2026-09-02T21:23:00.812Z,8361,2026-09-02T21:23:00.812Z,VBRA,Brainerd,c49685cc-3281-44bc-a1c2-3be5b1110999,SAMMS-BrainerdV6
202609022122573452,202609021903208829,202609021903206075,85,4637,Bronze INV,br_ReAssessmentTreatment,TASK_COMPLETE,SUCCESS,INFO,1952,1952,0,,2026-09-02T19:03:39.838Z,2026-09-02T21:23:00.812Z,8361,2026-09-02T21:23:00.812Z,VBRP,Brooklyn Park,c49685cc-3281-44bc-a1c2-3be5b1110999,SAMMS-BrooklynParkV6
202609022122573453,202609021903208830,202609021903206075,85,4639,Bronze INV,br_ReAssessmentTreatment,TASK_COMPLETE,SUCCESS,INFO,740,740,0,,2026-09-02T19:03:39.838Z,2026-09-02T21:23:00.812Z,8361,2026-09-02T21:23:00.812Z,VMIN,Minneapolis,c49685cc-3281-44bc-a1c2-3be5b1110999,SAMMS-MinneapolisV6
202609022122573454,202609021903208831,202609021903206075,85,4640,Bronze INV,br_ReAssessmentTreatment,TASK_COMPLETE,SUCCESS,INFO,873,873,0,,2026-09-02T19:03:39.838Z,2026-09-02T21:23:00.812Z,8361,2026-09-02T21:23:00.812Z,VWBY,Woodbury,c49685cc-3281-44bc-a1c2-3be5b1110999,SAMMS-WoodburyV6
202609022122573455,202609021903208832,202609021903206075,85,4642,Bronze INV,br_ReAssessmentTreatment,TASK_COMPLETE,SUCCESS,INFO,161,161,0,,2026-09-02T19:03:39.838Z,2026-09-02T21:23:00.812Z,8361,2026-09-02T21:23:00.812Z,WIL,Wilson,c49685cc-3281-44bc-a1c2-3be5b1110999,SAMMS-Wilson
202608292054382010,202608291904437073,202608291904434406,85,4487,Bronze INV,br_ReAssessmentTreatment,TASK_COMPLETE,SUCCESS,INFO,633,633,0,,2026-08-29T19:04:49.126Z,2026-08-29T20:54:41.421Z,6592,2026-08-29T20:54:41.421Z,B44,Albany,dd7385f2-fbd4-41a4-afcd-7296aca5e198,SAMMS-AlbanyV5
202608292054382011,202608291904437074,202608291904434406,85,4488,Bronze INV,br_ReAssessmentTreatment,TASK_COMPLETE,SUCCESS,INFO,1269,1269,0,,2026-08-29T19:04:49.126Z,2026-08-29T20:54:41.421Z,6592,2026-08-29T20:54:41.421Z,B45,Tifton,dd7385f2-fbd4-41a4-afcd-7296aca5e198,SAMMS-TiftonV5
202608292054382012,202608291904437075,202608291904434406,85,4489,Bronze INV,br_ReAssessmentTreatment,TASK_COMPLETE,SUCCESS,INFO,591,591,0,,2026-08-29T19:04:49.126Z,2026-08-29T20:54:41.421Z,6592,2026-08-29T20:54:41.421Z,B46,Washington DC,dd7385f2-fbd4-41a4-afcd-7296aca5e198,SAMMS-WashingtonDCv5
202608292054382013,202608291904437076,202608291904434406,85,4490,Bronze INV,br_ReAssessmentTreatment,TASK_COMPLETE,SUCCESS,INFO,1524,1524,0,,2026-08-29T19:04:49.126Z,2026-08-29T20:54:41.421Z,6592,2026-08-29T20:54:41.421Z,B47,Mobile,dd7385f2-fbd4-41a4-afcd-7296aca5e198,SAMMS-MobileV5
202608292054382015,202608291904437077,202608291904434406,85,4491,Bronze INV,br_ReAssessmentTreatment,TASK_COMPLETE,SUCCESS,INFO,1295,1295,0,,2026-08-29T19:04:49.126Z,2026-08-29T20:54:41.421Z,6592,2026-08-29T20:54:41.421Z,B48,Tuscaloosa,dd7385f2-fbd4-41a4-afcd-7296aca5e198,SAMMS-TuscaloosaV5
202608292054382016,202608291904437078,202608291904434406,85,4500,Bronze INV,br_ReAssessmentTreatment,TASK_COMPLETE,SUCCESS,INFO,2,2,0,,2026-08-29T19:04:49.126Z,2026-08-29T20:54:41.421Z,6592,2026-08-29T20:54:41.421Z,B51,N. Little Rock (OTP),dd7385f2-fbd4-41a4-afcd-7296aca5e198,SAMMS-NorthLittleRockV6
202608292054382017,202608291904437079,202608291904434406,85,4501,Bronze INV,br_ReAssessmentTreatment,TASK_COMPLETE,SUCCESS,INFO,451,451,0,,2026-08-29T19:04:49.126Z,2026-08-29T20:54:41.421Z,6592,2026-08-29T20:54:41.421Z,B52,Jackson GA,dd7385f2-fbd4-41a4-afcd-7296aca5e198,SAMMS-JacksonGAV5
202608292054382018,202608291904437080,202608291904434406,85,4502,Bronze INV,br_ReAssessmentTreatment,TASK_COMPLETE,SUCCESS,INFO,1700,1700,0,,2026-08-29T19:04:49.126Z,2026-08-29T20:54:41.421Z,6592,2026-08-29T20:54:41.421Z,B54,Gadsden,dd7385f2-fbd4-41a4-afcd-7296aca5e198,SAMMS-GadsdenV5
202608292054382019,202608291904437081,202608291904434406,85,4503,Bronze INV,br_ReAssessmentTreatment,TASK_COMPLETE,SUCCESS,INFO,941,941,0,,2026-08-29T19:04:49.126Z,2026-08-29T20:54:41.421Z,6592,2026-08-29T20:54:41.421Z,B55,Shoals,dd7385f2-fbd4-41a4-afcd-7296aca5e198,SAMMS-ShoalsV5
202608292054382020,202608291904437082,202608291904434406,85,4504,Bronze INV,br_ReAssessmentTreatment,TASK_COMPLETE,SUCCESS,INFO,294,294,0,,2026-08-29T19:04:49.126Z,2026-08-29T20:54:41.421Z,6592,2026-08-29T20:54:41.421Z,B57,Pawtucket,dd7385f2-fbd4-41a4-afcd-7296aca5e198,SAMMS-Pawtucket
202608292054382021,202608291904437083,202608291904434406,85,4505,Bronze INV,br_ReAssessmentTreatment,TASK_COMPLETE,SUCCESS,INFO,553,553,0,,2026-08-29T19:04:49.126Z,2026-08-29T20:54:41.421Z,6592,2026-08-29T20:54:41.421Z,B57A,Johnston,dd7385f2-fbd4-41a4-afcd-7296aca5e198,SAMMS-Johnston
202608292054382022,202608291904437084,202608291904434406,85,4506,Bronze INV,br_ReAssessmentTreatment,TASK_COMPLETE,SUCCESS,INFO,167,167,0,,2026-08-29T19:04:49.126Z,2026-08-29T20:54:41.421Z,6592,2026-08-29T20:54:41.421Z,B57B,Middletown,dd7385f2-fbd4-41a4-afcd-7296aca5e198,SAMMS-Middletown
202608292054382023,202608291904437085,202608291904434406,85,4507,Bronze INV,br_ReAssessmentTreatment,TASK_COMPLETE,SUCCESS,INFO,411,411,0,,2026-08-29T19:04:49.126Z,2026-08-29T20:54:41.421Z,6592,2026-08-29T20:54:41.421Z,B57C,Providence,dd7385f2-fbd4-41a4-afcd-7296aca5e198,SAMMS-Providence
202608292054382024,202608291904437086,202608291904434406,85,4508,Bronze INV,br_ReAssessmentTreatment,TASK_COMPLETE,SUCCESS,INFO,622,622,0,,2026-08-29T19:04:49.126Z,2026-08-29T20:54:41.421Z,6592,2026-08-29T20:54:41.421Z,B57D,Westerly,dd7385f2-fbd4-41a4-afcd-7296aca5e198,SAMMS-Westerly
202608292054382025,202608291904437087,202608291904434406,85,4512,Bronze INV,br_ReAssessmentTreatment,TASK_COMPLETE,SUCCESS,INFO,4,4,0,,2026-08-29T19:04:49.126Z,2026-08-29T20:54:41.421Z,6592,2026-08-29T20:54:41.421Z,B66A,Bremen,dd7385f2-fbd4-41a4-afcd-7296aca5e198,SAMMS-Bremen
202608292054382027,202608291904437088,202608291904434406,85,4515,Bronze INV,br_ReAssessmentTreatment,TASK_COMPLETE,SUCCESS,INFO,0,0,0,,2026-08-29T19:04:49.126Z,2026-08-29T20:54:41.421Z,6592,2026-08-29T20:54:41.421Z,B72,Mobile (OBOT),dd7385f2-fbd4-41a4-afcd-7296aca5e198,SAMMS-Mobile-OBOT
202608292054382028,202608291904437089,202608291904434406,85,4516,Bronze INV,br_ReAssessmentTreatment,TASK_COMPLETE,SUCCESS,INFO,0,0,0,,2026-08-29T19:04:49.126Z,2026-08-29T20:54:41.421Z,6592,2026-08-29T20:54:41.421Z,B73,Montgomery,dd7385f2-fbd4-41a4-afcd-7296aca5e198,SAMMS-Montgomery
202608292054382029,202608291904437090,202608291904434406,85,4517,Bronze INV,br_ReAssessmentTreatment,TASK_COMPLETE,SUCCESS,INFO,516,516,0,,2026-08-29T19:04:49.126Z,2026-08-29T20:54:41.421Z,6592,2026-08-29T20:54:41.421Z,B75,Lawrence,dd7385f2-fbd4-41a4-afcd-7296aca5e198,SAMMS-LawrenceV6
202608292054382030,202608291904437091,202608291904434406,85,4518,Bronze INV,br_ReAssessmentTreatment,TASK_COMPLETE,SUCCESS,INFO,0,0,0,,2026-08-29T19:04:49.126Z,2026-08-29T20:54:41.421Z,6592,2026-08-29T20:54:41.421Z,B76,Huntsville OBOT,dd7385f2-fbd4-41a4-afcd-7296aca5e198,SAMMS-Huntsville-OBOT
202608292054382031,202608291904437092,202608291904434406,85,4519,Bronze INV,br_ReAssessmentTreatment,TASK_COMPLETE,SUCCESS,INFO,0,0,0,,2026-08-29T19:04:49.126Z,2026-08-29T20:54:41.421Z,6592,2026-08-29T20:54:41.421Z,BAT,Batesville,dd7385f2-fbd4-41a4-afcd-7296aca5e198,SAMMS-Batesville
202608292054382032,202608291904437093,202608291904434406,85,4520,Bronze INV,br_ReAssessmentTreatment,TASK_COMPLETE,SUCCESS,INFO,463,463,0,,2026-08-29T19:04:49.126Z,2026-08-29T20:54:41.421Z,6592,2026-08-29T20:54:41.421Z,BG,Bowling Green,dd7385f2-fbd4-41a4-afcd-7296aca5e198,SAMMS-BowlingGreen
202608292054382033,202608291904437094,202608291904434406,85,4521,Bronze INV,br_ReAssessmentTreatment,TASK_COMPLETE,SUCCESS,INFO,181,181,0,,2026-08-29T19:04:49.126Z,2026-08-29T20:54:41.421Z,6592,2026-08-29T20:54:41.421Z,BOI,Boise,dd7385f2-fbd4-41a4-afcd-7296aca5e198,SAMMS-Boise
202608292054382034,202608291904437095,202608291904434406,85,4528,Bronze INV,br_ReAssessmentTreatment,TASK_COMPLETE,SUCCESS,INFO,48,48,0,,2026-08-29T19:04:49.126Z,2026-08-29T20:54:41.421Z,6592,2026-08-29T20:54:41.421Z,CBCO,Coeur dAlene,dd7385f2-fbd4-41a4-afcd-7296aca5e198,SAMMS-CoeurdAleneV6
202608292054382035,202608291904437096,202608291904434406,85,4547,Bronze INV,br_ReAssessmentTreatment,TASK_COMPLETE,SUCCESS,INFO,0,0,0,,2026-08-29T19:04:49.126Z,2026-08-29T20:54:41.421Z,6592,2026-08-29T20:54:41.421Z,CON,Conway,dd7385f2-fbd4-41a4-afcd-7296aca5e198,SAMMS-Conway
202608292054382036,202608291904437097,202608291904434406,85,4548,Bronze INV,br_ReAssessmentTreatment,TASK_COMPLETE,SUCCESS,INFO,2557,2557,0,,2026-08-29T19:04:49.126Z,2026-08-29T20:54:41.421Z,6592,2026-08-29T20:54:41.421Z,D07,Medical Services Knox TN,dd7385f2-fbd4-41a4-afcd-7296aca5e198,SAMMS-KnoxvilleV6
202608292054382037,202608291904437098,202608291904434406,85,4549,Bronze INV,br_ReAssessmentTreatment,TASK_COMPLETE,SUCCESS,INFO,111,111,0,,2026-08-29T19:04:49.126Z,2026-08-29T20:54:41.421Z,6592,2026-08-29T20:54:41.421Z,D08,Madison,dd7385f2-fbd4-41a4-afcd-7296aca5e198,SAMMS-MadisonV6
202608292054382038,202608291904437099,202608291904434406,85,4551,Bronze INV,br_ReAssessmentTreatment,TASK_COMPLETE,SUCCESS,INFO,104,104,0,,2026-08-29T19:04:49.126Z,2026-08-29T20:54:41.421Z,6592,2026-08-29T20:54:41.421Z,D09,Murfreesboro,dd7385f2-fbd4-41a4-afcd-7296aca5e198,SAMMS-MurfreesboroV6
202608292054382040,202608291904437100,202608291904434406,85,4552,Bronze INV,br_ReAssessmentTreatment,TASK_COMPLETE,SUCCESS,INFO,335,335,0,,2026-08-29T19:04:49.126Z,2026-08-29T20:54:41.421Z,6592,2026-08-29T20:54:41.421Z,DA,Davenport,dd7385f2-fbd4-41a4-afcd-7296aca5e198,SAMMS-Davenport
202608292054382041,202608291904437101,202608291904434406,85,4553,Bronze INV,br_ReAssessmentTreatment,TASK_COMPLETE,SUCCESS,INFO,286,286,0,,2026-08-29T19:04:49.126Z,2026-08-29T20:54:41.421Z,6592,2026-08-29T20:54:41.421Z,DM,Des Moines,dd7385f2-fbd4-41a4-afcd-7296aca5e198,SAMMS-DesMoines
202608292054382042,202608291904437102,202608291904434406,85,4555,Bronze INV,br_ReAssessmentTreatment,TASK_COMPLETE,SUCCESS,INFO,526,526,0,,2026-08-29T19:04:49.126Z,2026-08-29T20:54:41.421Z,6592,2026-08-29T20:54:41.421Z,DRD-CO,Columbia MO,dd7385f2-fbd4-41a4-afcd-7296aca5e198,SAMMS-ColumbiaV5
202608292054382043,202608291904437103,202608291904434406,85,4556,Bronze INV,br_ReAssessmentTreatment,TASK_COMPLETE,SUCCESS,INFO,342,342,0,,2026-08-29T19:04:49.126Z,2026-08-29T20:54:41.421Z,6592,2026-08-29T20:54:41.421Z,DRD-KC,KC,dd7385f2-fbd4-41a4-afcd-7296aca5e198,SAMMS-KCv5
202608292054382044,202608291904437104,202608291904434406,85,4557,Bronze INV,br_ReAssessmentTreatment,TASK_COMPLETE,SUCCESS,INFO,1545,1545,0,,2026-08-29T19:04:49.126Z,2026-08-29T20:54:41.421Z,6592,2026-08-29T20:54:41.421Z,DRD-KVB,KVB,dd7385f2-fbd4-41a4-afcd-7296aca5e198,SAMMS-KVBv5
202608292054382045,202608291904437105,202608291904434406,85,4558,Bronze INV,br_ReAssessmentTreatment,TASK_COMPLETE,SUCCESS,INFO,1672,1672,0,,2026-08-29T19:04:49.126Z,2026-08-29T20:54:41.421Z,6592,2026-08-29T20:54:41.421Z,DRD-KVC,KVC,dd7385f2-fbd4-41a4-afcd-7296aca5e198,SAMMS-KVCv5
202608292054382046,202608291904437106,202608291904434406,85,4559,Bronze INV,br_ReAssessmentTreatment,TASK_COMPLETE,SUCCESS,INFO,3195,3195,0,,2026-08-29T19:04:49.126Z,2026-08-29T20:54:41.421Z,6592,2026-08-29T20:54:41.421Z,DRD-NOLA,NOLA,dd7385f2-fbd4-41a4-afcd-7296aca5e198,SAMMS-NOLAv5
202608292054382047,202608291904437107,202608291904434406,85,4560,Bronze INV,br_ReAssessmentTreatment,TASK_COMPLETE,SUCCESS,INFO,797,797,0,,2026-08-29T19:04:49.126Z,2026-08-29T20:54:41.421Z,6592,2026-08-29T20:54:41.421Z,DRD-SF,Springfield,dd7385f2-fbd4-41a4-afcd-7296aca5e198,SAMMS-SFv5
202608292054382048,202608291904437108,202608291904434406,85,4562,Bronze INV,br_ReAssessmentTreatment,TASK_COMPLETE,SUCCESS,INFO,260,260,0,,2026-08-29T19:04:49.126Z,2026-08-29T20:54:41.421Z,6592,2026-08-29T20:54:41.421Z,ELC,Elizabeth City,dd7385f2-fbd4-41a4-afcd-7296aca5e198,SAMMS-ElizabethCity
202608292054382050,202608291904437109,202608291904434406,85,4563,Bronze INV,br_ReAssessmentTreatment,TASK_COMPLETE,SUCCESS,INFO,127,127,0,,2026-08-29T19:04:49.126Z,2026-08-29T20:54:41.421Z,6592,2026-08-29T20:54:41.421Z,ET,Elizabethtown,dd7385f2-fbd4-41a4-afcd-7296aca5e198,SAMMS-Elizabethtown
202608292054382051,202608291904437110,202608291904434406,85,4564,Bronze INV,br_ReAssessmentTreatment,TASK_COMPLETE,SUCCESS,INFO,0,0,0,,2026-08-29T19:04:49.126Z,2026-08-29T20:54:41.421Z,6592,2026-08-29T20:54:41.421Z,FAY,Fayetteville,dd7385f2-fbd4-41a4-afcd-7296aca5e198,SAMMS-Fayetteville
202608292054382052,202608291904437111,202608291904434406,85,4565,Bronze INV,br_ReAssessmentTreatment,TASK_COMPLETE,SUCCESS,INFO,156,156,0,,2026-08-29T19:04:49.126Z,2026-08-29T20:54:41.421Z,6592,2026-08-29T20:54:41.421Z,FR,Frankfort,dd7385f2-fbd4-41a4-afcd-7296aca5e198,SAMMS-Frankfort
202608292054382053,202608291904437112,202608291904434406,85,4566,Bronze INV,br_ReAssessmentTreatment,TASK_COMPLETE,SUCCESS,INFO,0,0,0,,2026-08-29T19:04:49.126Z,2026-08-29T20:54:41.421Z,6592,2026-08-29T20:54:41.421Z,FS,Fort Smith,dd7385f2-fbd4-41a4-afcd-7296aca5e198,SAMMS-FortSmith
202608292054382054,202608291904437113,202608291904434406,85,4567,Bronze INV,br_ReAssessmentTreatment,TASK_COMPLETE,SUCCESS,INFO,466,466,0,,2026-08-29T19:04:49.126Z,2026-08-29T20:54:41.421Z,6592,2026-08-29T20:54:41.421Z,FW,Fort Wayne,dd7385f2-fbd4-41a4-afcd-7296aca5e198,SAMMS-FortWayne
202608292054382055,202608291904437114,202608291904434406,85,4568,Bronze INV,br_ReAssessmentTreatment,TASK_COMPLETE,SUCCESS,INFO,271,271,0,,2026-08-29T19:04:49.126Z,2026-08-29T20:54:41.421Z,6592,2026-08-29T20:54:41.421Z,GAL,Gaylord,dd7385f2-fbd4-41a4-afcd-7296aca5e198,SAMMS-Gaylord
202608292054382056,202608291904437115,202608291904434406,85,4572,Bronze INV,br_ReAssessmentTreatment,TASK_COMPLETE,SUCCESS,INFO,99,99,0,,2026-08-29T19:04:49.126Z,2026-08-29T20:54:41.421Z,6592,2026-08-29T20:54:41.421Z,HGT,Hagerstown,dd7385f2-fbd4-41a4-afcd-7296aca5e198,SAMMS-Hagerstown
202608292054382057,202608291904437116,202608291904434406,85,4573,Bronze INV,br_ReAssessmentTreatment,TASK_COMPLETE,SUCCESS,INFO,1717,1717,0,,2026-08-29T19:04:49.126Z,2026-08-29T20:54:41.421Z,6592,2026-08-29T20:54:41.421Z,HNT,Huntsville,dd7385f2-fbd4-41a4-afcd-7296aca5e198,SAMMS-Huntsville
202608292054382058,202608291904437117,202608291904434406,85,4574,Bronze INV,br_ReAssessmentTreatment,TASK_COMPLETE,SUCCESS,INFO,0,0,0,,2026-08-29T19:04:49.126Z,2026-08-29T20:54:41.421Z,6592,2026-08-29T20:54:41.421Z,HS,Hot Springs,dd7385f2-fbd4-41a4-afcd-7296aca5e198,SAMMS-HotSprings
202608292054382060,202608291904437118,202608291904434406,85,4575,Bronze INV,br_ReAssessmentTreatment,TASK_COMPLETE,SUCCESS,INFO,0,0,0,,2026-08-29T19:04:49.126Z,2026-08-29T20:54:41.421Z,6592,2026-08-29T20:54:41.421Z,JON,Jonesboro,dd7385f2-fbd4-41a4-afcd-7296aca5e198,SAMMS-Jonesboro
202608292054382061,202608291904437119,202608291904434406,85,4577,Bronze INV,br_ReAssessmentTreatment,TASK_COMPLETE,SUCCESS,INFO,444,444,0,,2026-08-29T19:04:49.126Z,2026-08-29T20:54:41.421Z,6592,2026-08-29T20:54:41.421Z,LAN,Lansing,dd7385f2-fbd4-41a4-afcd-7296aca5e198,SAMMS-Lansing
202608292054382062,202608291904437120,202608291904434406,85,4578,Bronze INV,br_ReAssessmentTreatment,TASK_COMPLETE,SUCCESS,INFO,1288,1288,0,,2026-08-29T19:04:49.126Z,2026-08-29T20:54:41.421Z,6592,2026-08-29T20:54:41.421Z,LO,Louisville,dd7385f2-fbd4-41a4-afcd-7296aca5e198,SAMMS-Louisville
202608292054382063,202608291904437121,202608291904434406,85,4579,Bronze INV,br_ReAssessmentTreatment,TASK_COMPLETE,SUCCESS,INFO,291,291,0,,2026-08-29T19:04:49.126Z,2026-08-29T20:54:41.421Z,6592,2026-08-29T20:54:41.421Z,LV1,Cheyenne,dd7385f2-fbd4-41a4-afcd-7296aca5e198,SAMMS-Cheyenne
202608292054382064,202608291904437122,202608291904434406,85,4580,Bronze INV,br_ReAssessmentTreatment,TASK_COMPLETE,SUCCESS,INFO,204,204,0,,2026-08-29T19:04:49.126Z,2026-08-29T20:54:41.421Z,6592,2026-08-29T20:54:41.421Z,LV2,Desert Inn,dd7385f2-fbd4-41a4-afcd-7296aca5e198,SAMMS-DesertInn
202608292054382065,202608291904437123,202608291904434406,85,4581,Bronze INV,br_ReAssessmentTreatment,TASK_COMPLETE,SUCCESS,INFO,110,110,0,,2026-08-29T19:04:49.126Z,2026-08-29T20:54:41.421Z,6592,2026-08-29T20:54:41.421Z,LV3,McDaniel,dd7385f2-fbd4-41a4-afcd-7296aca5e198,SAMMS-McDaniel
202608292054382066,202608291904437124,202608291904434406,85,4584,Bronze INV,br_ReAssessmentTreatment,TASK_COMPLETE,SUCCESS,INFO,356,356,0,,2026-08-29T19:04:49.126Z,2026-08-29T20:54:41.421Z,6592,2026-08-29T20:54:41.421Z,MNRE,Monroe,dd7385f2-fbd4-41a4-afcd-7296aca5e198,SAMMS-Monroe
202608292054382067,202608291904437125,202608291904434406,85,4585,Bronze INV,br_ReAssessmentTreatment,TASK_COMPLETE,SUCCESS,INFO,1422,1422,0,,2026-08-29T19:04:49.126Z,2026-08-29T20:54:41.421Z,6592,2026-08-29T20:54:41.421Z,MP,Mt. Pleasant,dd7385f2-fbd4-41a4-afcd-7296aca5e198,SAMMS-MtPleasant
202608292054382068,202608291904437126,202608291904434406,85,4586,Bronze INV,br_ReAssessmentTreatment,TASK_COMPLETE,SUCCESS,INFO,153,153,0,,2026-08-29T19:04:49.126Z,2026-08-29T20:54:41.421Z,6592,2026-08-29T20:54:41.421Z,MRD,Meridian,dd7385f2-fbd4-41a4-afcd-7296aca5e198,SAMMS-Meridian
202608292054382069,202608291904437127,202608291904434406,85,4591,Bronze INV,br_ReAssessmentTreatment,TASK_COMPLETE,SUCCESS,INFO,691,691,0,,2026-08-29T19:04:49.126Z,2026-08-29T20:54:41.421Z,6592,2026-08-29T20:54:41.421Z,NC,North Charleston,dd7385f2-fbd4-41a4-afcd-7296aca5e198,SAMMS-NorthCharleston
202608292054382070,202608291904437128,202608291904434406,85,4592,Bronze INV,br_ReAssessmentTreatment,TASK_COMPLETE,SUCCESS,INFO,0,0,0,,2026-08-29T19:04:49.126Z,2026-08-29T20:54:41.421Z,6592,2026-08-29T20:54:41.421Z,NLR,N. Little Rock,dd7385f2-fbd4-41a4-afcd-7296aca5e198,SAMMS-NLROBOT
202608292054382072,202608291904437129,202608291904434406,85,4593,Bronze INV,br_ReAssessmentTreatment,TASK_COMPLETE,SUCCESS,INFO,112,112,0,,2026-08-29T19:04:49.126Z,2026-08-29T20:54:41.421Z,6592,2026-08-29T20:54:41.421Z,PH,Phoenix,dd7385f2-fbd4-41a4-afcd-7296aca5e198,SAMMS-Phoenix
202608292054382073,202608291904437130,202608291904434406,85,4597,Bronze INV,br_ReAssessmentTreatment,TASK_COMPLETE,SUCCESS,INFO,212,212,0,,2026-08-29T19:04:49.126Z,2026-08-29T20:54:41.421Z,6592,2026-08-29T20:54:41.421Z,RE,Reno,dd7385f2-fbd4-41a4-afcd-7296aca5e198,SAMMS-Reno
202608292054382074,202608291904437131,202608291904434406,85,4598,Bronze INV,br_ReAssessmentTreatment,TASK_COMPLETE,SUCCESS,INFO,87,87,0,,2026-08-29T19:04:49.126Z,2026-08-29T20:54:41.421Z,6592,2026-08-29T20:54:41.421Z,RMD,Richmond,dd7385f2-fbd4-41a4-afcd-7296aca5e198,SAMMS-Richmond
202608292054382075,202608291904437132,202608291904434406,85,4599,Bronze INV,br_ReAssessmentTreatment,TASK_COMPLETE,SUCCESS,INFO,587,587,0,,2026-08-29T19:04:49.126Z,2026-08-29T20:54:41.421Z,6592,2026-08-29T20:54:41.421Z,SFN,Springfield North,dd7385f2-fbd4-41a4-afcd-7296aca5e198,SAMMS-SFNv5
202608292054382076,202608291904437133,202608291904434406,85,4600,Bronze INV,br_ReAssessmentTreatment,TASK_COMPLETE,SUCCESS,INFO,762,762,0,,2026-08-29T19:04:49.126Z,2026-08-29T20:54:41.421Z,6592,2026-08-29T20:54:41.421Z,SHP,Shreveport,dd7385f2-fbd4-41a4-afcd-7296aca5e198,SAMMS-Shreveport
202608292054382077,202608291904437134,202608291904434406,85,4602,Bronze INV,br_ReAssessmentTreatment,TASK_COMPLETE,SUCCESS,INFO,484,484,0,,2026-08-29T19:04:49.126Z,2026-08-29T20:54:41.421Z,6592,2026-08-29T20:54:41.421Z,STN,Staunton,dd7385f2-fbd4-41a4-afcd-7296aca5e198,SAMMS-Staunton
202608292054382078,202608291904437135,202608291904434406,85,4603,Bronze INV,br_ReAssessmentTreatment,TASK_COMPLETE,SUCCESS,INFO,225,225,0,,2026-08-29T19:04:49.126Z,2026-08-29T20:54:41.421Z,6592,2026-08-29T20:54:41.421Z,STVN,Stevenson,dd7385f2-fbd4-41a4-afcd-7296aca5e198,SAMMS-Stevenson
202608292054382079,202608291904437136,202608291904434406,85,4605,Bronze INV,br_ReAssessmentTreatment,TASK_COMPLETE,SUCCESS,INFO,174,174,0,,2026-08-29T19:04:49.126Z,2026-08-29T20:54:41.421Z,6592,2026-08-29T20:54:41.421Z,TE,Tempe,dd7385f2-fbd4-41a4-afcd-7296aca5e198,SAMMS-Tempe
202608292054382080,202608291904437137,202608291904434406,85,4606,Bronze INV,br_ReAssessmentTreatment,TASK_COMPLETE,SUCCESS,INFO,0,0,0,,2026-08-29T19:04:49.126Z,2026-08-29T20:54:41.421Z,6592,2026-08-29T20:54:41.421Z,TEX,Texarkana,dd7385f2-fbd4-41a4-afcd-7296aca5e198,SAMMS-Texarkana
202608292054382081,202608291904437138,202608291904434406,85,4607,Bronze INV,br_ReAssessmentTreatment,TASK_COMPLETE,SUCCESS,INFO,1057,1057,0,,2026-08-29T19:04:49.126Z,2026-08-29T20:54:41.421Z,6592,2026-08-29T20:54:41.421Z,TTCA,Bessemer,dd7385f2-fbd4-41a4-afcd-7296aca5e198,SAMMS-BessemerV5
202608292054382082,202608291904437139,202608291904434406,85,4608,Bronze INV,br_ReAssessmentTreatment,TASK_COMPLETE,SUCCESS,INFO,1314,1314,0,,2026-08-29T19:04:49.126Z,2026-08-29T20:54:41.421Z,6592,2026-08-29T20:54:41.421Z,TTCB,Cullman,dd7385f2-fbd4-41a4-afcd-7296aca5e198,SAMMS-CullmanV5
202608292054382084,202608291904437140,202608291904434406,85,4609,Bronze INV,br_ReAssessmentTreatment,TASK_COMPLETE,SUCCESS,INFO,931,931,0,,2026-08-29T19:04:49.126Z,2026-08-29T20:54:41.421Z,6592,2026-08-29T20:54:41.421Z,TTCC,Grand Bay,dd7385f2-fbd4-41a4-afcd-7296aca5e198,SAMMS-GrandBay
202608292054382085,202608291904437141,202608291904434406,85,4610,Bronze INV,br_ReAssessmentTreatment,TASK_COMPLETE,SUCCESS,INFO,15,15,0,,2026-08-29T19:04:49.126Z,2026-08-29T20:54:41.421Z,6592,2026-08-29T20:54:41.421Z,TU,Tucson,dd7385f2-fbd4-41a4-afcd-7296aca5e198,SAMMS-Tucson
202608292054382086,202608291904437142,202608291904434406,85,4612,Bronze INV,br_ReAssessmentTreatment,TASK_COMPLETE,SUCCESS,INFO,660,660,0,,2026-08-29T19:04:49.126Z,2026-08-29T20:54:41.421Z,6592,2026-08-29T20:54:41.421Z,V1,Memphis South,dd7385f2-fbd4-41a4-afcd-7296aca5e198,SAMMS-VCPHCS-I-MemphisV5
202608292054382087,202608291904437143,202608291904434406,85,4613,Bronze INV,br_ReAssessmentTreatment,TASK_COMPLETE,SUCCESS,INFO,1626,1626,0,,2026-08-29T19:04:49.126Z,2026-08-29T20:54:41.421Z,6592,2026-08-29T20:54:41.421Z,V10,Longmont,dd7385f2-fbd4-41a4-afcd-7296aca5e198,SAMMS-BoulderV5
202608292054382088,202608291904437144,202608291904434406,85,4614,Bronze INV,br_ReAssessmentTreatment,TASK_COMPLETE,SUCCESS,INFO,1508,1508,0,,2026-08-29T19:04:49.126Z,2026-08-29T20:54:41.421Z,6592,2026-08-29T20:54:41.421Z,V10A,Fort Collins,dd7385f2-fbd4-41a4-afcd-7296aca5e198,SAMMS-FortCollinsV5
202608292054382089,202608291904437145,202608291904434406,85,4615,Bronze INV,br_ReAssessmentTreatment,TASK_COMPLETE,SUCCESS,INFO,2862,2862,0,,2026-08-29T19:04:49.126Z,2026-08-29T20:54:41.421Z,6592,2026-08-29T20:54:41.421Z,V11,Westminster,dd7385f2-fbd4-41a4-afcd-7296aca5e198,SAMMS-VCPHCS-XI-NorthDenverV5
202608292054382090,202608291904437146,202608291904434406,85,4616,Bronze INV,br_ReAssessmentTreatment,TASK_COMPLETE,SUCCESS,INFO,2991,2991,0,,2026-08-29T19:04:49.126Z,2026-08-29T20:54:41.421Z,6592,2026-08-29T20:54:41.421Z,V12,Downtown Denver,dd7385f2-fbd4-41a4-afcd-7296aca5e198,SAMMS-VCPHCS-XII-DowntownDenverV5
202608292054382091,202608291904437147,202608291904434406,85,4617,Bronze INV,br_ReAssessmentTreatment,TASK_COMPLETE,SUCCESS,INFO,1127,1127,0,,2026-08-29T19:04:49.126Z,2026-08-29T20:54:41.421Z,6592,2026-08-29T20:54:41.421Z,V12A,Centennial,dd7385f2-fbd4-41a4-afcd-7296aca5e198,SAMMS-CentennialV5
202608292054382092,202608291904437148,202608291904434406,85,4618,Bronze INV,br_ReAssessmentTreatment,TASK_COMPLETE,SUCCESS,INFO,293,293,0,,2026-08-29T19:04:49.126Z,2026-08-29T20:54:41.421Z,6592,2026-08-29T20:54:41.421Z,V14,Overland Park,dd7385f2-fbd4-41a4-afcd-7296aca5e198,SAMMS-VCPHCS-XIV-BridgewayV5
202608292054382093,202608291904437149,202608291904434406,85,4619,Bronze INV,br_ReAssessmentTreatment,TASK_COMPLETE,SUCCESS,INFO,608,608,0,,2026-08-29T19:04:49.126Z,2026-08-29T20:54:41.421Z,6592,2026-08-29T20:54:41.421Z,V15,Joplin,dd7385f2-fbd4-41a4-afcd-7296aca5e198,SAMMS-JoplinV5
202608292054382094,202608291904437150,202608291904434406,85,4621,Bronze INV,br_ReAssessmentTreatment,TASK_COMPLETE,SUCCESS,INFO,902,902,0,,2026-08-29T19:04:49.126Z,2026-08-29T20:54:41.421Z,6592,2026-08-29T20:54:41.421Z,V17,Columbia TN,dd7385f2-fbd4-41a4-afcd-7296aca5e198,SAMMS-ColumbiaTNv5
202608292054382095,202608291904437151,202608291904434406,85,4623,Bronze INV,br_ReAssessmentTreatment,TASK_COMPLETE,SUCCESS,INFO,527,527,0,,2026-08-29T19:04:49.126Z,2026-08-29T20:54:41.421Z,6592,2026-08-29T20:54:41.421Z,V19,Jackson,dd7385f2-fbd4-41a4-afcd-7296aca5e198,SAMMS-JacksonV5
202608292054382097,202608291904437152,202608291904434406,85,4625,Bronze INV,br_ReAssessmentTreatment,TASK_COMPLETE,SUCCESS,INFO,1683,1683,0,,2026-08-29T19:04:49.126Z,2026-08-29T20:54:41.421Z,6592,2026-08-29T20:54:41.421Z,V20,Paris,dd7385f2-fbd4-41a4-afcd-7296aca5e198,SAMMS-ParisV5
202608292054382098,202608291904437153,202608291904434406,85,4626,Bronze INV,br_ReAssessmentTreatment,TASK_COMPLETE,SUCCESS,INFO,723,723,0,,2026-08-29T19:04:49.126Z,2026-08-29T20:54:41.421Z,6592,2026-08-29T20:54:41.421Z,V21,Memphis North,dd7385f2-fbd4-41a4-afcd-7296aca5e198,SAMMS-RaleighV5
202608292054382099,202608291904437154,202608291904434406,85,4629,Bronze INV,br_ReAssessmentTreatment,TASK_COMPLETE,SUCCESS,INFO,1765,1765,0,,2026-08-29T19:04:49.126Z,2026-08-29T20:54:41.421Z,6592,2026-08-29T20:54:41.421Z,V5,West Bank,dd7385f2-fbd4-41a4-afcd-7296aca5e198,SAMMS-NONTCv5
202608292054382100,202608291904437155,202608291904434406,85,4631,Bronze INV,br_ReAssessmentTreatment,TASK_COMPLETE,SUCCESS,INFO,145,145,0,,2026-08-29T19:04:49.126Z,2026-08-29T20:54:41.421Z,6592,2026-08-29T20:54:41.421Z,V5B,Houma,dd7385f2-fbd4-41a4-afcd-7296aca5e198,SAMMS-HoumaV6
202608292054382101,202608291904437156,202608291904434406,85,4632,Bronze INV,br_ReAssessmentTreatment,TASK_COMPLETE,SUCCESS,INFO,1905,1905,0,,2026-08-29T19:04:49.126Z,2026-08-29T20:54:41.421Z,6592,2026-08-29T20:54:41.421Z,V6,Lake Charles,dd7385f2-fbd4-41a4-afcd-7296aca5e198,SAMMS-LCv5
202608292054382102,202608291904437157,202608291904434406,85,4634,Bronze INV,br_ReAssessmentTreatment,TASK_COMPLETE,SUCCESS,INFO,738,738,0,,2026-08-29T19:04:49.126Z,2026-08-29T20:54:41.421Z,6592,2026-08-29T20:54:41.421Z,V8,Memphis Midtown,dd7385f2-fbd4-41a4-afcd-7296aca5e198,SAMMS-VCPHCS-VIII-MemphisV5
202608292054382103,202608291904437158,202608291904434406,85,4635,Bronze INV,br_ReAssessmentTreatment,TASK_COMPLETE,SUCCESS,INFO,1761,1761,0,,2026-08-29T19:04:49.126Z,2026-08-29T20:54:41.421Z,6592,2026-08-29T20:54:41.421Z,V9,Nashville,dd7385f2-fbd4-41a4-afcd-7296aca5e198,SAMMS-NashvilleV5
202608292054382104,202608291904437159,202608291904434406,85,4636,Bronze INV,br_ReAssessmentTreatment,TASK_COMPLETE,SUCCESS,INFO,838,838,0,,2026-08-29T19:04:49.126Z,2026-08-29T20:54:41.421Z,6592,2026-08-29T20:54:41.421Z,VBRA,Brainerd,dd7385f2-fbd4-41a4-afcd-7296aca5e198,SAMMS-BrainerdV6
202608292054382105,202608291904437160,202608291904434406,85,4637,Bronze INV,br_ReAssessmentTreatment,TASK_COMPLETE,SUCCESS,INFO,1952,1952,0,,2026-08-29T19:04:49.126Z,2026-08-29T20:54:41.421Z,6592,2026-08-29T20:54:41.421Z,VBRP,Brooklyn Park,dd7385f2-fbd4-41a4-afcd-7296aca5e198,SAMMS-BrooklynParkV6
202608292054382106,202608291904437161,202608291904434406,85,4639,Bronze INV,br_ReAssessmentTreatment,TASK_COMPLETE,SUCCESS,INFO,740,740,0,,2026-08-29T19:04:49.126Z,2026-08-29T20:54:41.421Z,6592,2026-08-29T20:54:41.421Z,VMIN,Minneapolis,dd7385f2-fbd4-41a4-afcd-7296aca5e198,SAMMS-MinneapolisV6
202608292054382107,202608291904437162,202608291904434406,85,4640,Bronze INV,br_ReAssessmentTreatment,TASK_COMPLETE,SUCCESS,INFO,873,873,0,,2026-08-29T19:04:49.126Z,2026-08-29T20:54:41.421Z,6592,2026-08-29T20:54:41.421Z,VWBY,Woodbury,dd7385f2-fbd4-41a4-afcd-7296aca5e198,SAMMS-WoodburyV6
202608292054382108,202608291904437163,202608291904434406,85,4642,Bronze INV,br_ReAssessmentTreatment,TASK_COMPLETE,SUCCESS,INFO,161,161,0,,2026-08-29T19:04:49.126Z,2026-08-29T20:54:41.421Z,6592,2026-08-29T20:54:41.421Z,WIL,Wilson,dd7385f2-fbd4-41a4-afcd-7296aca5e198,SAMMS-Wilson
202609012114521549,202609011903674672,202609011903672005,85,4487,Bronze INV,br_ReAssessmentTreatment,TASK_COMPLETE,SUCCESS,INFO,633,633,0,,2026-09-01T19:04:17.664Z,2026-09-01T21:14:55.846Z,7838,2026-09-01T21:14:55.846Z,B44,Albany,0e5f68b5-5669-4bb1-91ce-4b967b620e7d,SAMMS-AlbanyV5
202609012114521551,202609011903674673,202609011903672005,85,4488,Bronze INV,br_ReAssessmentTreatment,TASK_COMPLETE,SUCCESS,INFO,1269,1269,0,,2026-09-01T19:04:17.664Z,2026-09-01T21:14:55.846Z,7838,2026-09-01T21:14:55.846Z,B45,Tifton,0e5f68b5-5669-4bb1-91ce-4b967b620e7d,SAMMS-TiftonV5
202609012114521552,202609011903674674,202609011903672005,85,4489,Bronze INV,br_ReAssessmentTreatment,TASK_COMPLETE,SUCCESS,INFO,591,591,0,,2026-09-01T19:04:17.664Z,2026-09-01T21:14:55.846Z,7838,2026-09-01T21:14:55.846Z,B46,Washington DC,0e5f68b5-5669-4bb1-91ce-4b967b620e7d,SAMMS-WashingtonDCv5
202609012114521553,202609011903674675,202609011903672005,85,4490,Bronze INV,br_ReAssessmentTreatment,TASK_COMPLETE,SUCCESS,INFO,1524,1524,0,,2026-09-01T19:04:17.664Z,2026-09-01T21:14:55.846Z,7838,2026-09-01T21:14:55.846Z,B47,Mobile,0e5f68b5-5669-4bb1-91ce-4b967b620e7d,SAMMS-MobileV5
202609012114521554,202609011903674676,202609011903672005,85,4491,Bronze INV,br_ReAssessmentTreatment,TASK_COMPLETE,SUCCESS,INFO,1295,1295,0,,2026-09-01T19:04:17.664Z,2026-09-01T21:14:55.846Z,7838,2026-09-01T21:14:55.846Z,B48,Tuscaloosa,0e5f68b5-5669-4bb1-91ce-4b967b620e7d,SAMMS-TuscaloosaV5
202609012114521555,202609011903674677,202609011903672005,85,4500,Bronze INV,br_ReAssessmentTreatment,TASK_COMPLETE,SUCCESS,INFO,2,2,0,,2026-09-01T19:04:17.664Z,2026-09-01T21:14:55.846Z,7838,2026-09-01T21:14:55.846Z,B51,N. Little Rock (OTP),0e5f68b5-5669-4bb1-91ce-4b967b620e7d,SAMMS-NorthLittleRockV6
202609012114521556,202609011903674678,202609011903672005,85,4501,Bronze INV,br_ReAssessmentTreatment,TASK_COMPLETE,SUCCESS,INFO,451,451,0,,2026-09-01T19:04:17.664Z,2026-09-01T21:14:55.846Z,7838,2026-09-01T21:14:55.846Z,B52,Jackson GA,0e5f68b5-5669-4bb1-91ce-4b967b620e7d,SAMMS-JacksonGAV5
202609012114521557,202609011903674679,202609011903672005,85,4502,Bronze INV,br_ReAssessmentTreatment,TASK_COMPLETE,SUCCESS,INFO,1700,1700,0,,2026-09-01T19:04:17.664Z,2026-09-01T21:14:55.846Z,7838,2026-09-01T21:14:55.846Z,B54,Gadsden,0e5f68b5-5669-4bb1-91ce-4b967b620e7d,SAMMS-GadsdenV5
202609012114521558,202609011903674680,202609011903672005,85,4503,Bronze INV,br_ReAssessmentTreatment,TASK_COMPLETE,SUCCESS,INFO,941,941,0,,2026-09-01T19:04:17.664Z,2026-09-01T21:14:55.846Z,7838,2026-09-01T21:14:55.846Z,B55,Shoals,0e5f68b5-5669-4bb1-91ce-4b967b620e7d,SAMMS-ShoalsV5
202609012114521560,202609011903674681,202609011903672005,85,4504,Bronze INV,br_ReAssessmentTreatment,TASK_COMPLETE,SUCCESS,INFO,294,294,0,,2026-09-01T19:04:17.664Z,2026-09-01T21:14:55.846Z,7838,2026-09-01T21:14:55.846Z,B57,Pawtucket,0e5f68b5-5669-4bb1-91ce-4b967b620e7d,SAMMS-Pawtucket
202609012114521561,202609011903674682,202609011903672005,85,4505,Bronze INV,br_ReAssessmentTreatment,TASK_COMPLETE,SUCCESS,INFO,553,553,0,,2026-09-01T19:04:17.664Z,2026-09-01T21:14:55.846Z,7838,2026-09-01T21:14:55.846Z,B57A,Johnston,0e5f68b5-5669-4bb1-91ce-4b967b620e7d,SAMMS-Johnston
202609012114521562,202609011903674683,202609011903672005,85,4506,Bronze INV,br_ReAssessmentTreatment,TASK_COMPLETE,SUCCESS,INFO,167,167,0,,2026-09-01T19:04:17.664Z,2026-09-01T21:14:55.846Z,7838,2026-09-01T21:14:55.846Z,B57B,Middletown,0e5f68b5-5669-4bb1-91ce-4b967b620e7d,SAMMS-Middletown
202609012114521563,202609011903674684,202609011903672005,85,4507,Bronze INV,br_ReAssessmentTreatment,TASK_COMPLETE,SUCCESS,INFO,411,411,0,,2026-09-01T19:04:17.664Z,2026-09-01T21:14:55.846Z,7838,2026-09-01T21:14:55.846Z,B57C,Providence,0e5f68b5-5669-4bb1-91ce-4b967b620e7d,SAMMS-Providence
202609012114521564,202609011903674685,202609011903672005,85,4508,Bronze INV,br_ReAssessmentTreatment,TASK_COMPLETE,SUCCESS,INFO,622,622,0,,2026-09-01T19:04:17.664Z,2026-09-01T21:14:55.846Z,7838,2026-09-01T21:14:55.846Z,B57D,Westerly,0e5f68b5-5669-4bb1-91ce-4b967b620e7d,SAMMS-Westerly
202609012114521565,202609011903674686,202609011903672005,85,4512,Bronze INV,br_ReAssessmentTreatment,TASK_COMPLETE,SUCCESS,INFO,4,4,0,,2026-09-01T19:04:17.664Z,2026-09-01T21:14:55.846Z,7838,2026-09-01T21:14:55.846Z,B66A,Bremen,0e5f68b5-5669-4bb1-91ce-4b967b620e7d,SAMMS-Bremen
202609012114521566,202609011903674687,202609011903672005,85,4515,Bronze INV,br_ReAssessmentTreatment,TASK_COMPLETE,SUCCESS,INFO,0,0,0,,2026-09-01T19:04:17.664Z,2026-09-01T21:14:55.846Z,7838,2026-09-01T21:14:55.846Z,B72,Mobile (OBOT),0e5f68b5-5669-4bb1-91ce-4b967b620e7d,SAMMS-Mobile-OBOT
202609012114521567,202609011903674688,202609011903672005,85,4516,Bronze INV,br_ReAssessmentTreatment,TASK_COMPLETE,SUCCESS,INFO,0,0,0,,2026-09-01T19:04:17.664Z,2026-09-01T21:14:55.846Z,7838,2026-09-01T21:14:55.846Z,B73,Montgomery,0e5f68b5-5669-4bb1-91ce-4b967b620e7d,SAMMS-Montgomery
202609012114521569,202609011903674689,202609011903672005,85,4517,Bronze INV,br_ReAssessmentTreatment,TASK_COMPLETE,SUCCESS,INFO,516,516,0,,2026-09-01T19:04:17.664Z,2026-09-01T21:14:55.846Z,7838,2026-09-01T21:14:55.846Z,B75,Lawrence,0e5f68b5-5669-4bb1-91ce-4b967b620e7d,SAMMS-LawrenceV6
202609012114521570,202609011903674690,202609011903672005,85,4518,Bronze INV,br_ReAssessmentTreatment,TASK_COMPLETE,SUCCESS,INFO,0,0,0,,2026-09-01T19:04:17.664Z,2026-09-01T21:14:55.846Z,7838,2026-09-01T21:14:55.846Z,B76,Huntsville OBOT,0e5f68b5-5669-4bb1-91ce-4b967b620e7d,SAMMS-Huntsville-OBOT
202609012114521571,202609011903674691,202609011903672005,85,4519,Bronze INV,br_ReAssessmentTreatment,TASK_COMPLETE,SUCCESS,INFO,0,0,0,,2026-09-01T19:04:17.664Z,2026-09-01T21:14:55.846Z,7838,2026-09-01T21:14:55.846Z,BAT,Batesville,0e5f68b5-5669-4bb1-91ce-4b967b620e7d,SAMMS-Batesville
202609012114521572,202609011903674692,202609011903672005,85,4520,Bronze INV,br_ReAssessmentTreatment,TASK_COMPLETE,SUCCESS,INFO,463,463,0,,2026-09-01T19:04:17.664Z,2026-09-01T21:14:55.846Z,7838,2026-09-01T21:14:55.846Z,BG,Bowling Green,0e5f68b5-5669-4bb1-91ce-4b967b620e7d,SAMMS-BowlingGreen
202609012114521573,202609011903674693,202609011903672005,85,4521,Bronze INV,br_ReAssessmentTreatment,TASK_COMPLETE,SUCCESS,INFO,181,181,0,,2026-09-01T19:04:17.664Z,2026-09-01T21:14:55.846Z,7838,2026-09-01T21:14:55.846Z,BOI,Boise,0e5f68b5-5669-4bb1-91ce-4b967b620e7d,SAMMS-Boise
202609012114521574,202609011903674694,202609011903672005,85,4528,Bronze INV,br_ReAssessmentTreatment,TASK_COMPLETE,SUCCESS,INFO,48,48,0,,2026-09-01T19:04:17.664Z,2026-09-01T21:14:55.846Z,7838,2026-09-01T21:14:55.846Z,CBCO,Coeur dAlene,0e5f68b5-5669-4bb1-91ce-4b967b620e7d,SAMMS-CoeurdAleneV6
202609012114521575,202609011903674695,202609011903672005,85,4547,Bronze INV,br_ReAssessmentTreatment,TASK_COMPLETE,SUCCESS,INFO,0,0,0,,2026-09-01T19:04:17.664Z,2026-09-01T21:14:55.846Z,7838,2026-09-01T21:14:55.846Z,CON,Conway,0e5f68b5-5669-4bb1-91ce-4b967b620e7d,SAMMS-Conway
202609012114521576,202609011903674696,202609011903672005,85,4548,Bronze INV,br_ReAssessmentTreatment,TASK_COMPLETE,SUCCESS,INFO,2557,2557,0,,2026-09-01T19:04:17.664Z,2026-09-01T21:14:55.846Z,7838,2026-09-01T21:14:55.846Z,D07,Medical Services Knox TN,0e5f68b5-5669-4bb1-91ce-4b967b620e7d,SAMMS-KnoxvilleV6
202609012114521578,202609011903674697,202609011903672005,85,4549,Bronze INV,br_ReAssessmentTreatment,TASK_COMPLETE,SUCCESS,INFO,111,111,0,,2026-09-01T19:04:17.664Z,2026-09-01T21:14:55.846Z,7838,2026-09-01T21:14:55.846Z,D08,Madison,0e5f68b5-5669-4bb1-91ce-4b967b620e7d,SAMMS-MadisonV6
202609012114521579,202609011903674698,202609011903672005,85,4551,Bronze INV,br_ReAssessmentTreatment,TASK_COMPLETE,SUCCESS,INFO,104,104,0,,2026-09-01T19:04:17.664Z,2026-09-01T21:14:55.846Z,7838,2026-09-01T21:14:55.846Z,D09,Murfreesboro,0e5f68b5-5669-4bb1-91ce-4b967b620e7d,SAMMS-MurfreesboroV6
202609012114521580,202609011903674699,202609011903672005,85,4552,Bronze INV,br_ReAssessmentTreatment,TASK_COMPLETE,SUCCESS,INFO,335,335,0,,2026-09-01T19:04:17.664Z,2026-09-01T21:14:55.846Z,7838,2026-09-01T21:14:55.846Z,DA,Davenport,0e5f68b5-5669-4bb1-91ce-4b967b620e7d,SAMMS-Davenport
202609012114521581,202609011903674700,202609011903672005,85,4553,Bronze INV,br_ReAssessmentTreatment,TASK_COMPLETE,SUCCESS,INFO,286,286,0,,2026-09-01T19:04:17.664Z,2026-09-01T21:14:55.846Z,7838,2026-09-01T21:14:55.846Z,DM,Des Moines,0e5f68b5-5669-4bb1-91ce-4b967b620e7d,SAMMS-DesMoines
202609012114521582,202609011903674701,202609011903672005,85,4555,Bronze INV,br_ReAssessmentTreatment,TASK_COMPLETE,SUCCESS,INFO,526,526,0,,2026-09-01T19:04:17.664Z,2026-09-01T21:14:55.846Z,7838,2026-09-01T21:14:55.846Z,DRD-CO,Columbia MO,0e5f68b5-5669-4bb1-91ce-4b967b620e7d,SAMMS-ColumbiaV5
202609012114521583,202609011903674702,202609011903672005,85,4556,Bronze INV,br_ReAssessmentTreatment,TASK_COMPLETE,SUCCESS,INFO,342,342,0,,2026-09-01T19:04:17.664Z,2026-09-01T21:14:55.846Z,7838,2026-09-01T21:14:55.846Z,DRD-KC,KC,0e5f68b5-5669-4bb1-91ce-4b967b620e7d,SAMMS-KCv5
202609012114521584,202609011903674703,202609011903672005,85,4557,Bronze INV,br_ReAssessmentTreatment,TASK_COMPLETE,SUCCESS,INFO,1545,1545,0,,2026-09-01T19:04:17.664Z,2026-09-01T21:14:55.846Z,7838,2026-09-01T21:14:55.846Z,DRD-KVB,KVB,0e5f68b5-5669-4bb1-91ce-4b967b620e7d,SAMMS-KVBv5
202609012114521586,202609011903674704,202609011903672005,85,4558,Bronze INV,br_ReAssessmentTreatment,TASK_COMPLETE,SUCCESS,INFO,1672,1672,0,,2026-09-01T19:04:17.664Z,2026-09-01T21:14:55.846Z,7838,2026-09-01T21:14:55.846Z,DRD-KVC,KVC,0e5f68b5-5669-4bb1-91ce-4b967b620e7d,SAMMS-KVCv5
202609012114521587,202609011903674705,202609011903672005,85,4559,Bronze INV,br_ReAssessmentTreatment,TASK_COMPLETE,SUCCESS,INFO,3195,3195,0,,2026-09-01T19:04:17.664Z,2026-09-01T21:14:55.846Z,7838,2026-09-01T21:14:55.846Z,DRD-NOLA,NOLA,0e5f68b5-5669-4bb1-91ce-4b967b620e7d,SAMMS-NOLAv5
202609012114521588,202609011903674706,202609011903672005,85,4560,Bronze INV,br_ReAssessmentTreatment,TASK_COMPLETE,SUCCESS,INFO,797,797,0,,2026-09-01T19:04:17.664Z,2026-09-01T21:14:55.846Z,7838,2026-09-01T21:14:55.846Z,DRD-SF,Springfield,0e5f68b5-5669-4bb1-91ce-4b967b620e7d,SAMMS-SFv5
202609012114521589,202609011903674707,202609011903672005,85,4562,Bronze INV,br_ReAssessmentTreatment,TASK_COMPLETE,SUCCESS,INFO,260,260,0,,2026-09-01T19:04:17.664Z,2026-09-01T21:14:55.846Z,7838,2026-09-01T21:14:55.846Z,ELC,Elizabeth City,0e5f68b5-5669-4bb1-91ce-4b967b620e7d,SAMMS-ElizabethCity
202609012114521590,202609011903674708,202609011903672005,85,4563,Bronze INV,br_ReAssessmentTreatment,TASK_COMPLETE,SUCCESS,INFO,127,127,0,,2026-09-01T19:04:17.664Z,2026-09-01T21:14:55.846Z,7838,2026-09-01T21:14:55.846Z,ET,Elizabethtown,0e5f68b5-5669-4bb1-91ce-4b967b620e7d,SAMMS-Elizabethtown
202609012114521591,202609011903674709,202609011903672005,85,4564,Bronze INV,br_ReAssessmentTreatment,TASK_COMPLETE,SUCCESS,INFO,0,0,0,,2026-09-01T19:04:17.664Z,2026-09-01T21:14:55.846Z,7838,2026-09-01T21:14:55.846Z,FAY,Fayetteville,0e5f68b5-5669-4bb1-91ce-4b967b620e7d,SAMMS-Fayetteville
202609012114521592,202609011903674710,202609011903672005,85,4565,Bronze INV,br_ReAssessmentTreatment,TASK_COMPLETE,SUCCESS,INFO,156,156,0,,2026-09-01T19:04:17.664Z,2026-09-01T21:14:55.846Z,7838,2026-09-01T21:14:55.846Z,FR,Frankfort,0e5f68b5-5669-4bb1-91ce-4b967b620e7d,SAMMS-Frankfort
202609012114521593,202609011903674711,202609011903672005,85,4566,Bronze INV,br_ReAssessmentTreatment,TASK_COMPLETE,SUCCESS,INFO,0,0,0,,2026-09-01T19:04:17.664Z,2026-09-01T21:14:55.846Z,7838,2026-09-01T21:14:55.846Z,FS,Fort Smith,0e5f68b5-5669-4bb1-91ce-4b967b620e7d,SAMMS-FortSmith
202609012114521595,202609011903674712,202609011903672005,85,4567,Bronze INV,br_ReAssessmentTreatment,TASK_COMPLETE,SUCCESS,INFO,466,466,0,,2026-09-01T19:04:17.664Z,2026-09-01T21:14:55.846Z,7838,2026-09-01T21:14:55.846Z,FW,Fort Wayne,0e5f68b5-5669-4bb1-91ce-4b967b620e7d,SAMMS-FortWayne
202609012114521596,202609011903674713,202609011903672005,85,4568,Bronze INV,br_ReAssessmentTreatment,TASK_COMPLETE,SUCCESS,INFO,271,271,0,,2026-09-01T19:04:17.664Z,2026-09-01T21:14:55.846Z,7838,2026-09-01T21:14:55.846Z,GAL,Gaylord,0e5f68b5-5669-4bb1-91ce-4b967b620e7d,SAMMS-Gaylord
202609012114521597,202609011903674714,202609011903672005,85,4572,Bronze INV,br_ReAssessmentTreatment,TASK_COMPLETE,SUCCESS,INFO,99,99,0,,2026-09-01T19:04:17.664Z,2026-09-01T21:14:55.846Z,7838,2026-09-01T21:14:55.846Z,HGT,Hagerstown,0e5f68b5-5669-4bb1-91ce-4b967b620e7d,SAMMS-Hagerstown
202609012114521598,202609011903674715,202609011903672005,85,4573,Bronze INV,br_ReAssessmentTreatment,TASK_COMPLETE,SUCCESS,INFO,1717,1717,0,,2026-09-01T19:04:17.664Z,2026-09-01T21:14:55.846Z,7838,2026-09-01T21:14:55.846Z,HNT,Huntsville,0e5f68b5-5669-4bb1-91ce-4b967b620e7d,SAMMS-Huntsville
202609012114521599,202609011903674716,202609011903672005,85,4574,Bronze INV,br_ReAssessmentTreatment,TASK_COMPLETE,SUCCESS,INFO,0,0,0,,2026-09-01T19:04:17.664Z,2026-09-01T21:14:55.846Z,7838,2026-09-01T21:14:55.846Z,HS,Hot Springs,0e5f68b5-5669-4bb1-91ce-4b967b620e7d,SAMMS-HotSprings
202609012114521600,202609011903674717,202609011903672005,85,4575,Bronze INV,br_ReAssessmentTreatment,TASK_COMPLETE,SUCCESS,INFO,0,0,0,,2026-09-01T19:04:17.664Z,2026-09-01T21:14:55.846Z,7838,2026-09-01T21:14:55.846Z,JON,Jonesboro,0e5f68b5-5669-4bb1-91ce-4b967b620e7d,SAMMS-Jonesboro
202609012114521601,202609011903674718,202609011903672005,85,4577,Bronze INV,br_ReAssessmentTreatment,TASK_COMPLETE,SUCCESS,INFO,444,444,0,,2026-09-01T19:04:17.664Z,2026-09-01T21:14:55.846Z,7838,2026-09-01T21:14:55.846Z,LAN,Lansing,0e5f68b5-5669-4bb1-91ce-4b967b620e7d,SAMMS-Lansing
202609012114521603,202609011903674719,202609011903672005,85,4578,Bronze INV,br_ReAssessmentTreatment,TASK_COMPLETE,SUCCESS,INFO,1288,1288,0,,2026-09-01T19:04:17.664Z,2026-09-01T21:14:55.846Z,7838,2026-09-01T21:14:55.846Z,LO,Louisville,0e5f68b5-5669-4bb1-91ce-4b967b620e7d,SAMMS-Louisville
202609012114521604,202609011903674720,202609011903672005,85,4579,Bronze INV,br_ReAssessmentTreatment,TASK_COMPLETE,SUCCESS,INFO,291,291,0,,2026-09-01T19:04:17.664Z,2026-09-01T21:14:55.846Z,7838,2026-09-01T21:14:55.846Z,LV1,Cheyenne,0e5f68b5-5669-4bb1-91ce-4b967b620e7d,SAMMS-Cheyenne
202609012114521605,202609011903674721,202609011903672005,85,4580,Bronze INV,br_ReAssessmentTreatment,TASK_COMPLETE,SUCCESS,INFO,204,204,0,,2026-09-01T19:04:17.664Z,2026-09-01T21:14:55.846Z,7838,2026-09-01T21:14:55.846Z,LV2,Desert Inn,0e5f68b5-5669-4bb1-91ce-4b967b620e7d,SAMMS-DesertInn
202609012114521606,202609011903674722,202609011903672005,85,4581,Bronze INV,br_ReAssessmentTreatment,TASK_COMPLETE,SUCCESS,INFO,110,110,0,,2026-09-01T19:04:17.664Z,2026-09-01T21:14:55.846Z,7838,2026-09-01T21:14:55.846Z,LV3,McDaniel,0e5f68b5-5669-4bb1-91ce-4b967b620e7d,SAMMS-McDaniel
202609012114521607,202609011903674723,202609011903672005,85,4584,Bronze INV,br_ReAssessmentTreatment,TASK_COMPLETE,SUCCESS,INFO,356,356,0,,2026-09-01T19:04:17.664Z,2026-09-01T21:14:55.846Z,7838,2026-09-01T21:14:55.846Z,MNRE,Monroe,0e5f68b5-5669-4bb1-91ce-4b967b620e7d,SAMMS-Monroe
202609012114521608,202609011903674724,202609011903672005,85,4585,Bronze INV,br_ReAssessmentTreatment,TASK_COMPLETE,SUCCESS,INFO,1422,1422,0,,2026-09-01T19:04:17.664Z,2026-09-01T21:14:55.846Z,7838,2026-09-01T21:14:55.846Z,MP,Mt. Pleasant,0e5f68b5-5669-4bb1-91ce-4b967b620e7d,SAMMS-MtPleasant
202609012114521609,202609011903674725,202609011903672005,85,4586,Bronze INV,br_ReAssessmentTreatment,TASK_COMPLETE,SUCCESS,INFO,153,153,0,,2026-09-01T19:04:17.664Z,2026-09-01T21:14:55.846Z,7838,2026-09-01T21:14:55.846Z,MRD,Meridian,0e5f68b5-5669-4bb1-91ce-4b967b620e7d,SAMMS-Meridian
202609012114521610,202609011903674726,202609011903672005,85,4591,Bronze INV,br_ReAssessmentTreatment,TASK_COMPLETE,SUCCESS,INFO,691,691,0,,2026-09-01T19:04:17.664Z,2026-09-01T21:14:55.846Z,7838,2026-09-01T21:14:55.846Z,NC,North Charleston,0e5f68b5-5669-4bb1-91ce-4b967b620e7d,SAMMS-NorthCharleston
202609012114521612,202609011903674727,202609011903672005,85,4592,Bronze INV,br_ReAssessmentTreatment,TASK_COMPLETE,SUCCESS,INFO,0,0,0,,2026-09-01T19:04:17.664Z,2026-09-01T21:14:55.846Z,7838,2026-09-01T21:14:55.846Z,NLR,N. Little Rock,0e5f68b5-5669-4bb1-91ce-4b967b620e7d,SAMMS-NLROBOT
202609012114521613,202609011903674728,202609011903672005,85,4593,Bronze INV,br_ReAssessmentTreatment,TASK_COMPLETE,SUCCESS,INFO,112,112,0,,2026-09-01T19:04:17.664Z,2026-09-01T21:14:55.846Z,7838,2026-09-01T21:14:55.846Z,PH,Phoenix,0e5f68b5-5669-4bb1-91ce-4b967b620e7d,SAMMS-Phoenix
202609012114521614,202609011903674729,202609011903672005,85,4597,Bronze INV,br_ReAssessmentTreatment,TASK_COMPLETE,SUCCESS,INFO,212,212,0,,2026-09-01T19:04:17.664Z,2026-09-01T21:14:55.846Z,7838,2026-09-01T21:14:55.846Z,RE,Reno,0e5f68b5-5669-4bb1-91ce-4b967b620e7d,SAMMS-Reno
202609012114521615,202609011903674730,202609011903672005,85,4598,Bronze INV,br_ReAssessmentTreatment,TASK_COMPLETE,SUCCESS,INFO,87,87,0,,2026-09-01T19:04:17.664Z,2026-09-01T21:14:55.846Z,7838,2026-09-01T21:14:55.846Z,RMD,Richmond,0e5f68b5-5669-4bb1-91ce-4b967b620e7d,SAMMS-Richmond
202609012114521616,202609011903674731,202609011903672005,85,4599,Bronze INV,br_ReAssessmentTreatment,TASK_COMPLETE,SUCCESS,INFO,587,587,0,,2026-09-01T19:04:17.664Z,2026-09-01T21:14:55.846Z,7838,2026-09-01T21:14:55.846Z,SFN,Springfield North,0e5f68b5-5669-4bb1-91ce-4b967b620e7d,SAMMS-SFNv5
202609012114521617,202609011903674732,202609011903672005,85,4600,Bronze INV,br_ReAssessmentTreatment,TASK_COMPLETE,SUCCESS,INFO,762,762,0,,2026-09-01T19:04:17.664Z,2026-09-01T21:14:55.846Z,7838,2026-09-01T21:14:55.846Z,SHP,Shreveport,0e5f68b5-5669-4bb1-91ce-4b967b620e7d,SAMMS-Shreveport
202609012114521618,202609011903674733,202609011903672005,85,4602,Bronze INV,br_ReAssessmentTreatment,TASK_COMPLETE,SUCCESS,INFO,484,484,0,,2026-09-01T19:04:17.664Z,2026-09-01T21:14:55.846Z,7838,2026-09-01T21:14:55.846Z,STN,Staunton,0e5f68b5-5669-4bb1-91ce-4b967b620e7d,SAMMS-Staunton
202609012114521620,202609011903674734,202609011903672005,85,4603,Bronze INV,br_ReAssessmentTreatment,TASK_COMPLETE,SUCCESS,INFO,225,225,0,,2026-09-01T19:04:17.664Z,2026-09-01T21:14:55.846Z,7838,2026-09-01T21:14:55.846Z,STVN,Stevenson,0e5f68b5-5669-4bb1-91ce-4b967b620e7d,SAMMS-Stevenson
202609012114521621,202609011903674735,202609011903672005,85,4605,Bronze INV,br_ReAssessmentTreatment,TASK_COMPLETE,SUCCESS,INFO,174,174,0,,2026-09-01T19:04:17.664Z,2026-09-01T21:14:55.846Z,7838,2026-09-01T21:14:55.846Z,TE,Tempe,0e5f68b5-5669-4bb1-91ce-4b967b620e7d,SAMMS-Tempe
202609012114521622,202609011903674736,202609011903672005,85,4606,Bronze INV,br_ReAssessmentTreatment,TASK_COMPLETE,SUCCESS,INFO,0,0,0,,2026-09-01T19:04:17.664Z,2026-09-01T21:14:55.846Z,7838,2026-09-01T21:14:55.846Z,TEX,Texarkana,0e5f68b5-5669-4bb1-91ce-4b967b620e7d,SAMMS-Texarkana
202609012114521623,202609011903674737,202609011903672005,85,4607,Bronze INV,br_ReAssessmentTreatment,TASK_COMPLETE,SUCCESS,INFO,1057,1057,0,,2026-09-01T19:04:17.664Z,2026-09-01T21:14:55.846Z,7838,2026-09-01T21:14:55.846Z,TTCA,Bessemer,0e5f68b5-5669-4bb1-91ce-4b967b620e7d,SAMMS-BessemerV5
202609012114521624,202609011903674738,202609011903672005,85,4608,Bronze INV,br_ReAssessmentTreatment,TASK_COMPLETE,SUCCESS,INFO,1314,1314,0,,2026-09-01T19:04:17.664Z,2026-09-01T21:14:55.846Z,7838,2026-09-01T21:14:55.846Z,TTCB,Cullman,0e5f68b5-5669-4bb1-91ce-4b967b620e7d,SAMMS-CullmanV5
202609012114521625,202609011903674739,202609011903672005,85,4609,Bronze INV,br_ReAssessmentTreatment,TASK_COMPLETE,SUCCESS,INFO,931,931,0,,2026-09-01T19:04:17.664Z,2026-09-01T21:14:55.846Z,7838,2026-09-01T21:14:55.846Z,TTCC,Grand Bay,0e5f68b5-5669-4bb1-91ce-4b967b620e7d,SAMMS-GrandBay
202609012114521626,202609011903674740,202609011903672005,85,4610,Bronze INV,br_ReAssessmentTreatment,TASK_COMPLETE,SUCCESS,INFO,15,15,0,,2026-09-01T19:04:17.664Z,2026-09-01T21:14:55.846Z,7838,2026-09-01T21:14:55.846Z,TU,Tucson,0e5f68b5-5669-4bb1-91ce-4b967b620e7d,SAMMS-Tucson
202609012114521627,202609011903674741,202609011903672005,85,4612,Bronze INV,br_ReAssessmentTreatment,TASK_COMPLETE,SUCCESS,INFO,660,660,0,,2026-09-01T19:04:17.664Z,2026-09-01T21:14:55.846Z,7838,2026-09-01T21:14:55.846Z,V1,Memphis South,0e5f68b5-5669-4bb1-91ce-4b967b620e7d,SAMMS-VCPHCS-I-MemphisV5
202609012114521629,202609011903674742,202609011903672005,85,4613,Bronze INV,br_ReAssessmentTreatment,TASK_COMPLETE,SUCCESS,INFO,1626,1626,0,,2026-09-01T19:04:17.664Z,2026-09-01T21:14:55.846Z,7838,2026-09-01T21:14:55.846Z,V10,Longmont,0e5f68b5-5669-4bb1-91ce-4b967b620e7d,SAMMS-BoulderV5
202609012114521630,202609011903674743,202609011903672005,85,4614,Bronze INV,br_ReAssessmentTreatment,TASK_COMPLETE,SUCCESS,INFO,1508,1508,0,,2026-09-01T19:04:17.664Z,2026-09-01T21:14:55.846Z,7838,2026-09-01T21:14:55.846Z,V10A,Fort Collins,0e5f68b5-5669-4bb1-91ce-4b967b620e7d,SAMMS-FortCollinsV5
202609012114521631,202609011903674744,202609011903672005,85,4615,Bronze INV,br_ReAssessmentTreatment,TASK_COMPLETE,SUCCESS,INFO,2862,2862,0,,2026-09-01T19:04:17.664Z,2026-09-01T21:14:55.846Z,7838,2026-09-01T21:14:55.846Z,V11,Westminster,0e5f68b5-5669-4bb1-91ce-4b967b620e7d,SAMMS-VCPHCS-XI-NorthDenverV5
202609012114521632,202609011903674745,202609011903672005,85,4616,Bronze INV,br_ReAssessmentTreatment,TASK_COMPLETE,SUCCESS,INFO,2991,2991,0,,2026-09-01T19:04:17.664Z,2026-09-01T21:14:55.846Z,7838,2026-09-01T21:14:55.846Z,V12,Downtown Denver,0e5f68b5-5669-4bb1-91ce-4b967b620e7d,SAMMS-VCPHCS-XII-DowntownDenverV5
202609012114521633,202609011903674746,202609011903672005,85,4617,Bronze INV,br_ReAssessmentTreatment,TASK_COMPLETE,SUCCESS,INFO,1127,1127,0,,2026-09-01T19:04:17.664Z,2026-09-01T21:14:55.846Z,7838,2026-09-01T21:14:55.846Z,V12A,Centennial,0e5f68b5-5669-4bb1-91ce-4b967b620e7d,SAMMS-CentennialV5
202609012114521634,202609011903674747,202609011903672005,85,4618,Bronze INV,br_ReAssessmentTreatment,TASK_COMPLETE,SUCCESS,INFO,293,293,0,,2026-09-01T19:04:17.664Z,2026-09-01T21:14:55.846Z,7838,2026-09-01T21:14:55.846Z,V14,Overland Park,0e5f68b5-5669-4bb1-91ce-4b967b620e7d,SAMMS-VCPHCS-XIV-BridgewayV5
202609012114521635,202609011903674748,202609011903672005,85,4619,Bronze INV,br_ReAssessmentTreatment,TASK_COMPLETE,SUCCESS,INFO,608,608,0,,2026-09-01T19:04:17.664Z,2026-09-01T21:14:55.846Z,7838,2026-09-01T21:14:55.846Z,V15,Joplin,0e5f68b5-5669-4bb1-91ce-4b967b620e7d,SAMMS-JoplinV5
202609012114521636,202609011903674749,202609011903672005,85,4621,Bronze INV,br_ReAssessmentTreatment,TASK_COMPLETE,SUCCESS,INFO,902,902,0,,2026-09-01T19:04:17.664Z,2026-09-01T21:14:55.846Z,7838,2026-09-01T21:14:55.846Z,V17,Columbia TN,0e5f68b5-5669-4bb1-91ce-4b967b620e7d,SAMMS-ColumbiaTNv5
202609012114521638,202609011903674750,202609011903672005,85,4623,Bronze INV,br_ReAssessmentTreatment,TASK_COMPLETE,SUCCESS,INFO,527,527,0,,2026-09-01T19:04:17.664Z,2026-09-01T21:14:55.846Z,7838,2026-09-01T21:14:55.846Z,V19,Jackson,0e5f68b5-5669-4bb1-91ce-4b967b620e7d,SAMMS-JacksonV5
202609012114521639,202609011903674751,202609011903672005,85,4625,Bronze INV,br_ReAssessmentTreatment,TASK_COMPLETE,SUCCESS,INFO,1683,1683,0,,2026-09-01T19:04:17.664Z,2026-09-01T21:14:55.846Z,7838,2026-09-01T21:14:55.846Z,V20,Paris,0e5f68b5-5669-4bb1-91ce-4b967b620e7d,SAMMS-ParisV5
202609012114521640,202609011903674752,202609011903672005,85,4626,Bronze INV,br_ReAssessmentTreatment,TASK_COMPLETE,SUCCESS,INFO,723,723,0,,2026-09-01T19:04:17.664Z,2026-09-01T21:14:55.846Z,7838,2026-09-01T21:14:55.846Z,V21,Memphis North,0e5f68b5-5669-4bb1-91ce-4b967b620e7d,SAMMS-RaleighV5
202609012114521641,202609011903674753,202609011903672005,85,4629,Bronze INV,br_ReAssessmentTreatment,TASK_COMPLETE,SUCCESS,INFO,1765,1765,0,,2026-09-01T19:04:17.664Z,2026-09-01T21:14:55.846Z,7838,2026-09-01T21:14:55.846Z,V5,West Bank,0e5f68b5-5669-4bb1-91ce-4b967b620e7d,SAMMS-NONTCv5
202609012114521642,202609011903674754,202609011903672005,85,4631,Bronze INV,br_ReAssessmentTreatment,TASK_COMPLETE,SUCCESS,INFO,145,145,0,,2026-09-01T19:04:17.664Z,2026-09-01T21:14:55.846Z,7838,2026-09-01T21:14:55.846Z,V5B,Houma,0e5f68b5-5669-4bb1-91ce-4b967b620e7d,SAMMS-HoumaV6
202609012114521643,202609011903674755,202609011903672005,85,4632,Bronze INV,br_ReAssessmentTreatment,TASK_COMPLETE,SUCCESS,INFO,1905,1905,0,,2026-09-01T19:04:17.664Z,2026-09-01T21:14:55.846Z,7838,2026-09-01T21:14:55.846Z,V6,Lake Charles,0e5f68b5-5669-4bb1-91ce-4b967b620e7d,SAMMS-LCv5
202609012114521644,202609011903674756,202609011903672005,85,4634,Bronze INV,br_ReAssessmentTreatment,TASK_COMPLETE,SUCCESS,INFO,738,738,0,,2026-09-01T19:04:17.664Z,2026-09-01T21:14:55.846Z,7838,2026-09-01T21:14:55.846Z,V8,Memphis Midtown,0e5f68b5-5669-4bb1-91ce-4b967b620e7d,SAMMS-VCPHCS-VIII-MemphisV5
202609012114521646,202609011903674757,202609011903672005,85,4635,Bronze INV,br_ReAssessmentTreatment,TASK_COMPLETE,SUCCESS,INFO,1761,1761,0,,2026-09-01T19:04:17.664Z,2026-09-01T21:14:55.846Z,7838,2026-09-01T21:14:55.846Z,V9,Nashville,0e5f68b5-5669-4bb1-91ce-4b967b620e7d,SAMMS-NashvilleV5
202609012114521647,202609011903674758,202609011903672005,85,4636,Bronze INV,br_ReAssessmentTreatment,TASK_COMPLETE,SUCCESS,INFO,838,838,0,,2026-09-01T19:04:17.664Z,2026-09-01T21:14:55.846Z,7838,2026-09-01T21:14:55.846Z,VBRA,Brainerd,0e5f68b5-5669-4bb1-91ce-4b967b620e7d,SAMMS-BrainerdV6
202609012114521648,202609011903674759,202609011903672005,85,4637,Bronze INV,br_ReAssessmentTreatment,TASK_COMPLETE,SUCCESS,INFO,1952,1952,0,,2026-09-01T19:04:17.664Z,2026-09-01T21:14:55.846Z,7838,2026-09-01T21:14:55.846Z,VBRP,Brooklyn Park,0e5f68b5-5669-4bb1-91ce-4b967b620e7d,SAMMS-BrooklynParkV6
202609012114521651,202609011903674760,202609011903672005,85,4639,Bronze INV,br_ReAssessmentTreatment,TASK_COMPLETE,SUCCESS,INFO,740,740,0,,2026-09-01T19:04:17.664Z,2026-09-01T21:14:55.846Z,7838,2026-09-01T21:14:55.846Z,VMIN,Minneapolis,0e5f68b5-5669-4bb1-91ce-4b967b620e7d,SAMMS-MinneapolisV6
202609012114521652,202609011903674761,202609011903672005,85,4640,Bronze INV,br_ReAssessmentTreatment,TASK_COMPLETE,SUCCESS,INFO,873,873,0,,2026-09-01T19:04:17.664Z,2026-09-01T21:14:55.846Z,7838,2026-09-01T21:14:55.846Z,VWBY,Woodbury,0e5f68b5-5669-4bb1-91ce-4b967b620e7d,SAMMS-WoodburyV6
202609012114521653,202609011903674762,202609011903672005,85,4642,Bronze INV,br_ReAssessmentTreatment,TASK_COMPLETE,SUCCESS,INFO,161,161,0,,2026-09-01T19:04:17.664Z,2026-09-01T21:14:55.846Z,7838,2026-09-01T21:14:55.846Z,WIL,Wilson,0e5f68b5-5669-4bb1-91ce-4b967b620e7d,SAMMS-Wilson
202608312116374628,202608311905654903,202608311905652236,85,4487,Bronze INV,br_ReAssessmentTreatment,TASK_COMPLETE,SUCCESS,INFO,633,633,0,,2026-08-31T19:06:18.658Z,2026-08-31T21:16:41.151Z,7823,2026-08-31T21:16:41.151Z,B44,Albany,79f5b39e-d314-4ad3-8050-3ace553d67de,SAMMS-AlbanyV5
202608312116374629,202608311905654904,202608311905652236,85,4488,Bronze INV,br_ReAssessmentTreatment,TASK_COMPLETE,SUCCESS,INFO,1269,1269,0,,2026-08-31T19:06:18.658Z,2026-08-31T21:16:41.151Z,7823,2026-08-31T21:16:41.151Z,B45,Tifton,79f5b39e-d314-4ad3-8050-3ace553d67de,SAMMS-TiftonV5
202608312116374630,202608311905654905,202608311905652236,85,4489,Bronze INV,br_ReAssessmentTreatment,TASK_COMPLETE,SUCCESS,INFO,591,591,0,,2026-08-31T19:06:18.658Z,2026-08-31T21:16:41.151Z,7823,2026-08-31T21:16:41.151Z,B46,Washington DC,79f5b39e-d314-4ad3-8050-3ace553d67de,SAMMS-WashingtonDCv5
202608312116374632,202608311905654906,202608311905652236,85,4490,Bronze INV,br_ReAssessmentTreatment,TASK_COMPLETE,SUCCESS,INFO,1524,1524,0,,2026-08-31T19:06:18.658Z,2026-08-31T21:16:41.151Z,7823,2026-08-31T21:16:41.151Z,B47,Mobile,79f5b39e-d314-4ad3-8050-3ace553d67de,SAMMS-MobileV5
202608312116374633,202608311905654907,202608311905652236,85,4491,Bronze INV,br_ReAssessmentTreatment,TASK_COMPLETE,SUCCESS,INFO,1295,1295,0,,2026-08-31T19:06:18.658Z,2026-08-31T21:16:41.151Z,7823,2026-08-31T21:16:41.151Z,B48,Tuscaloosa,79f5b39e-d314-4ad3-8050-3ace553d67de,SAMMS-TuscaloosaV5
202608312116374634,202608311905654908,202608311905652236,85,4500,Bronze INV,br_ReAssessmentTreatment,TASK_COMPLETE,SUCCESS,INFO,2,2,0,,2026-08-31T19:06:18.658Z,2026-08-31T21:16:41.151Z,7823,2026-08-31T21:16:41.151Z,B51,N. Little Rock (OTP),79f5b39e-d314-4ad3-8050-3ace553d67de,SAMMS-NorthLittleRockV6
202608312116374635,202608311905654909,202608311905652236,85,4501,Bronze INV,br_ReAssessmentTreatment,TASK_COMPLETE,SUCCESS,INFO,451,451,0,,2026-08-31T19:06:18.658Z,2026-08-31T21:16:41.151Z,7823,2026-08-31T21:16:41.151Z,B52,Jackson GA,79f5b39e-d314-4ad3-8050-3ace553d67de,SAMMS-JacksonGAV5
202608312116374636,202608311905654910,202608311905652236,85,4502,Bronze INV,br_ReAssessmentTreatment,TASK_COMPLETE,SUCCESS,INFO,1700,1700,0,,2026-08-31T19:06:18.658Z,2026-08-31T21:16:41.151Z,7823,2026-08-31T21:16:41.151Z,B54,Gadsden,79f5b39e-d314-4ad3-8050-3ace553d67de,SAMMS-GadsdenV5
202608312116374637,202608311905654911,202608311905652236,85,4503,Bronze INV,br_ReAssessmentTreatment,TASK_COMPLETE,SUCCESS,INFO,941,941,0,,2026-08-31T19:06:18.658Z,2026-08-31T21:16:41.151Z,7823,2026-08-31T21:16:41.151Z,B55,Shoals,79f5b39e-d314-4ad3-8050-3ace553d67de,SAMMS-ShoalsV5
202608312116374638,202608311905654912,202608311905652236,85,4504,Bronze INV,br_ReAssessmentTreatment,TASK_COMPLETE,SUCCESS,INFO,294,294,0,,2026-08-31T19:06:18.658Z,2026-08-31T21:16:41.151Z,7823,2026-08-31T21:16:41.151Z,B57,Pawtucket,79f5b39e-d314-4ad3-8050-3ace553d67de,SAMMS-Pawtucket
202608312116374639,202608311905654913,202608311905652236,85,4505,Bronze INV,br_ReAssessmentTreatment,TASK_COMPLETE,SUCCESS,INFO,553,553,0,,2026-08-31T19:06:18.658Z,2026-08-31T21:16:41.151Z,7823,2026-08-31T21:16:41.151Z,B57A,Johnston,79f5b39e-d314-4ad3-8050-3ace553d67de,SAMMS-Johnston
202608312116374640,202608311905654914,202608311905652236,85,4506,Bronze INV,br_ReAssessmentTreatment,TASK_COMPLETE,SUCCESS,INFO,167,167,0,,2026-08-31T19:06:18.658Z,2026-08-31T21:16:41.151Z,7823,2026-08-31T21:16:41.151Z,B57B,Middletown,79f5b39e-d314-4ad3-8050-3ace553d67de,SAMMS-Middletown
202608312116374642,202608311905654915,202608311905652236,85,4507,Bronze INV,br_ReAssessmentTreatment,TASK_COMPLETE,SUCCESS,INFO,411,411,0,,2026-08-31T19:06:18.658Z,2026-08-31T21:16:41.151Z,7823,2026-08-31T21:16:41.151Z,B57C,Providence,79f5b39e-d314-4ad3-8050-3ace553d67de,SAMMS-Providence
202608312116374643,202608311905654916,202608311905652236,85,4508,Bronze INV,br_ReAssessmentTreatment,TASK_COMPLETE,SUCCESS,INFO,622,622,0,,2026-08-31T19:06:18.658Z,2026-08-31T21:16:41.151Z,7823,2026-08-31T21:16:41.151Z,B57D,Westerly,79f5b39e-d314-4ad3-8050-3ace553d67de,SAMMS-Westerly
202608312116374644,202608311905654917,202608311905652236,85,4512,Bronze INV,br_ReAssessmentTreatment,TASK_COMPLETE,SUCCESS,INFO,4,4,0,,2026-08-31T19:06:18.658Z,2026-08-31T21:16:41.151Z,7823,2026-08-31T21:16:41.151Z,B66A,Bremen,79f5b39e-d314-4ad3-8050-3ace553d67de,SAMMS-Bremen
202608312116374645,202608311905654918,202608311905652236,85,4515,Bronze INV,br_ReAssessmentTreatment,TASK_COMPLETE,SUCCESS,INFO,0,0,0,,2026-08-31T19:06:18.658Z,2026-08-31T21:16:41.151Z,7823,2026-08-31T21:16:41.151Z,B72,Mobile (OBOT),79f5b39e-d314-4ad3-8050-3ace553d67de,SAMMS-Mobile-OBOT
202608312116374646,202608311905654919,202608311905652236,85,4516,Bronze INV,br_ReAssessmentTreatment,TASK_COMPLETE,SUCCESS,INFO,0,0,0,,2026-08-31T19:06:18.658Z,2026-08-31T21:16:41.151Z,7823,2026-08-31T21:16:41.151Z,B73,Montgomery,79f5b39e-d314-4ad3-8050-3ace553d67de,SAMMS-Montgomery
202608312116374647,202608311905654920,202608311905652236,85,4517,Bronze INV,br_ReAssessmentTreatment,TASK_COMPLETE,SUCCESS,INFO,516,516,0,,2026-08-31T19:06:18.658Z,2026-08-31T21:16:41.151Z,7823,2026-08-31T21:16:41.151Z,B75,Lawrence,79f5b39e-d314-4ad3-8050-3ace553d67de,SAMMS-LawrenceV6
202608312116374648,202608311905654921,202608311905652236,85,4518,Bronze INV,br_ReAssessmentTreatment,TASK_COMPLETE,SUCCESS,INFO,0,0,0,,2026-08-31T19:06:18.658Z,2026-08-31T21:16:41.151Z,7823,2026-08-31T21:16:41.151Z,B76,Huntsville OBOT,79f5b39e-d314-4ad3-8050-3ace553d67de,SAMMS-Huntsville-OBOT
202608312116374649,202608311905654922,202608311905652236,85,4519,Bronze INV,br_ReAssessmentTreatment,TASK_COMPLETE,SUCCESS,INFO,0,0,0,,2026-08-31T19:06:18.658Z,2026-08-31T21:16:41.151Z,7823,2026-08-31T21:16:41.151Z,BAT,Batesville,79f5b39e-d314-4ad3-8050-3ace553d67de,SAMMS-Batesville
202608312116374650,202608311905654923,202608311905652236,85,4520,Bronze INV,br_ReAssessmentTreatment,TASK_COMPLETE,SUCCESS,INFO,463,463,0,,2026-08-31T19:06:18.658Z,2026-08-31T21:16:41.151Z,7823,2026-08-31T21:16:41.151Z,BG,Bowling Green,79f5b39e-d314-4ad3-8050-3ace553d67de,SAMMS-BowlingGreen
202608312116374651,202608311905654924,202608311905652236,85,4521,Bronze INV,br_ReAssessmentTreatment,TASK_COMPLETE,SUCCESS,INFO,181,181,0,,2026-08-31T19:06:18.658Z,2026-08-31T21:16:41.151Z,7823,2026-08-31T21:16:41.151Z,BOI,Boise,79f5b39e-d314-4ad3-8050-3ace553d67de,SAMMS-Boise
202608312116374652,202608311905654925,202608311905652236,85,4528,Bronze INV,br_ReAssessmentTreatment,TASK_COMPLETE,SUCCESS,INFO,48,48,0,,2026-08-31T19:06:18.658Z,2026-08-31T21:16:41.151Z,7823,2026-08-31T21:16:41.151Z,CBCO,Coeur dAlene,79f5b39e-d314-4ad3-8050-3ace553d67de,SAMMS-CoeurdAleneV6
202608312116374654,202608311905654926,202608311905652236,85,4547,Bronze INV,br_ReAssessmentTreatment,TASK_COMPLETE,SUCCESS,INFO,0,0,0,,2026-08-31T19:06:18.658Z,2026-08-31T21:16:41.151Z,7823,2026-08-31T21:16:41.151Z,CON,Conway,79f5b39e-d314-4ad3-8050-3ace553d67de,SAMMS-Conway
202608312116374655,202608311905654927,202608311905652236,85,4548,Bronze INV,br_ReAssessmentTreatment,TASK_COMPLETE,SUCCESS,INFO,2557,2557,0,,2026-08-31T19:06:18.658Z,2026-08-31T21:16:41.151Z,7823,2026-08-31T21:16:41.151Z,D07,Medical Services Knox TN,79f5b39e-d314-4ad3-8050-3ace553d67de,SAMMS-KnoxvilleV6
202608312116374656,202608311905654928,202608311905652236,85,4549,Bronze INV,br_ReAssessmentTreatment,TASK_COMPLETE,SUCCESS,INFO,111,111,0,,2026-08-31T19:06:18.658Z,2026-08-31T21:16:41.151Z,7823,2026-08-31T21:16:41.151Z,D08,Madison,79f5b39e-d314-4ad3-8050-3ace553d67de,SAMMS-MadisonV6
202608312116374657,202608311905654929,202608311905652236,85,4551,Bronze INV,br_ReAssessmentTreatment,TASK_COMPLETE,SUCCESS,INFO,104,104,0,,2026-08-31T19:06:18.658Z,2026-08-31T21:16:41.151Z,7823,2026-08-31T21:16:41.151Z,D09,Murfreesboro,79f5b39e-d314-4ad3-8050-3ace553d67de,SAMMS-MurfreesboroV6
202608312116374658,202608311905654930,202608311905652236,85,4552,Bronze INV,br_ReAssessmentTreatment,TASK_COMPLETE,SUCCESS,INFO,335,335,0,,2026-08-31T19:06:18.658Z,2026-08-31T21:16:41.151Z,7823,2026-08-31T21:16:41.151Z,DA,Davenport,79f5b39e-d314-4ad3-8050-3ace553d67de,SAMMS-Davenport
202608312116374659,202608311905654931,202608311905652236,85,4553,Bronze INV,br_ReAssessmentTreatment,TASK_COMPLETE,SUCCESS,INFO,286,286,0,,2026-08-31T19:06:18.658Z,2026-08-31T21:16:41.151Z,7823,2026-08-31T21:16:41.151Z,DM,Des Moines,79f5b39e-d314-4ad3-8050-3ace553d67de,SAMMS-DesMoines
202608312116374660,202608311905654932,202608311905652236,85,4555,Bronze INV,br_ReAssessmentTreatment,TASK_COMPLETE,SUCCESS,INFO,526,526,0,,2026-08-31T19:06:18.658Z,2026-08-31T21:16:41.151Z,7823,2026-08-31T21:16:41.151Z,DRD-CO,Columbia MO,79f5b39e-d314-4ad3-8050-3ace553d67de,SAMMS-ColumbiaV5
202608312116374661,202608311905654933,202608311905652236,85,4556,Bronze INV,br_ReAssessmentTreatment,TASK_COMPLETE,SUCCESS,INFO,342,342,0,,2026-08-31T19:06:18.658Z,2026-08-31T21:16:41.151Z,7823,2026-08-31T21:16:41.151Z,DRD-KC,KC,79f5b39e-d314-4ad3-8050-3ace553d67de,SAMMS-KCv5
202608312116374663,202608311905654934,202608311905652236,85,4557,Bronze INV,br_ReAssessmentTreatment,TASK_COMPLETE,SUCCESS,INFO,1545,1545,0,,2026-08-31T19:06:18.658Z,2026-08-31T21:16:41.151Z,7823,2026-08-31T21:16:41.151Z,DRD-KVB,KVB,79f5b39e-d314-4ad3-8050-3ace553d67de,SAMMS-KVBv5
202608312116374664,202608311905654935,202608311905652236,85,4558,Bronze INV,br_ReAssessmentTreatment,TASK_COMPLETE,SUCCESS,INFO,1672,1672,0,,2026-08-31T19:06:18.658Z,2026-08-31T21:16:41.151Z,7823,2026-08-31T21:16:41.151Z,DRD-KVC,KVC,79f5b39e-d314-4ad3-8050-3ace553d67de,SAMMS-KVCv5
202608312116374665,202608311905654936,202608311905652236,85,4559,Bronze INV,br_ReAssessmentTreatment,TASK_COMPLETE,SUCCESS,INFO,3195,3195,0,,2026-08-31T19:06:18.658Z,2026-08-31T21:16:41.151Z,7823,2026-08-31T21:16:41.151Z,DRD-NOLA,NOLA,79f5b39e-d314-4ad3-8050-3ace553d67de,SAMMS-NOLAv5
202608312116374666,202608311905654937,202608311905652236,85,4560,Bronze INV,br_ReAssessmentTreatment,TASK_COMPLETE,SUCCESS,INFO,797,797,0,,2026-08-31T19:06:18.658Z,2026-08-31T21:16:41.151Z,7823,2026-08-31T21:16:41.151Z,DRD-SF,Springfield,79f5b39e-d314-4ad3-8050-3ace553d67de,SAMMS-SFv5
202608312116374667,202608311905654938,202608311905652236,85,4562,Bronze INV,br_ReAssessmentTreatment,TASK_COMPLETE,SUCCESS,INFO,260,260,0,,2026-08-31T19:06:18.658Z,2026-08-31T21:16:41.151Z,7823,2026-08-31T21:16:41.151Z,ELC,Elizabeth City,79f5b39e-d314-4ad3-8050-3ace553d67de,SAMMS-ElizabethCity
202608312116374668,202608311905654939,202608311905652236,85,4563,Bronze INV,br_ReAssessmentTreatment,TASK_COMPLETE,SUCCESS,INFO,127,127,0,,2026-08-31T19:06:18.658Z,2026-08-31T21:16:41.151Z,7823,2026-08-31T21:16:41.151Z,ET,Elizabethtown,79f5b39e-d314-4ad3-8050-3ace553d67de,SAMMS-Elizabethtown
202608312116374669,202608311905654940,202608311905652236,85,4564,Bronze INV,br_ReAssessmentTreatment,TASK_COMPLETE,SUCCESS,INFO,0,0,0,,2026-08-31T19:06:18.658Z,2026-08-31T21:16:41.151Z,7823,2026-08-31T21:16:41.151Z,FAY,Fayetteville,79f5b39e-d314-4ad3-8050-3ace553d67de,SAMMS-Fayetteville
202608312116374670,202608311905654941,202608311905652236,85,4565,Bronze INV,br_ReAssessmentTreatment,TASK_COMPLETE,SUCCESS,INFO,156,156,0,,2026-08-31T19:06:18.658Z,2026-08-31T21:16:41.151Z,7823,2026-08-31T21:16:41.151Z,FR,Frankfort,79f5b39e-d314-4ad3-8050-3ace553d67de,SAMMS-Frankfort
202608312116374671,202608311905654942,202608311905652236,85,4566,Bronze INV,br_ReAssessmentTreatment,TASK_COMPLETE,SUCCESS,INFO,0,0,0,,2026-08-31T19:06:18.658Z,2026-08-31T21:16:41.151Z,7823,2026-08-31T21:16:41.151Z,FS,Fort Smith,79f5b39e-d314-4ad3-8050-3ace553d67de,SAMMS-FortSmith
202608312116374672,202608311905654943,202608311905652236,85,4567,Bronze INV,br_ReAssessmentTreatment,TASK_COMPLETE,SUCCESS,INFO,466,466,0,,2026-08-31T19:06:18.658Z,2026-08-31T21:16:41.151Z,7823,2026-08-31T21:16:41.151Z,FW,Fort Wayne,79f5b39e-d314-4ad3-8050-3ace553d67de,SAMMS-FortWayne
202608312116374673,202608311905654944,202608311905652236,85,4568,Bronze INV,br_ReAssessmentTreatment,TASK_COMPLETE,SUCCESS,INFO,271,271,0,,2026-08-31T19:06:18.658Z,2026-08-31T21:16:41.151Z,7823,2026-08-31T21:16:41.151Z,GAL,Gaylord,79f5b39e-d314-4ad3-8050-3ace553d67de,SAMMS-Gaylord
202608312116374674,202608311905654945,202608311905652236,85,4572,Bronze INV,br_ReAssessmentTreatment,TASK_COMPLETE,SUCCESS,INFO,99,99,0,,2026-08-31T19:06:18.658Z,2026-08-31T21:16:41.151Z,7823,2026-08-31T21:16:41.151Z,HGT,Hagerstown,79f5b39e-d314-4ad3-8050-3ace553d67de,SAMMS-Hagerstown
202608312116374676,202608311905654946,202608311905652236,85,4573,Bronze INV,br_ReAssessmentTreatment,TASK_COMPLETE,SUCCESS,INFO,1717,1717,0,,2026-08-31T19:06:18.658Z,2026-08-31T21:16:41.151Z,7823,2026-08-31T21:16:41.151Z,HNT,Huntsville,79f5b39e-d314-4ad3-8050-3ace553d67de,SAMMS-Huntsville
202608312116374677,202608311905654947,202608311905652236,85,4574,Bronze INV,br_ReAssessmentTreatment,TASK_COMPLETE,SUCCESS,INFO,0,0,0,,2026-08-31T19:06:18.658Z,2026-08-31T21:16:41.151Z,7823,2026-08-31T21:16:41.151Z,HS,Hot Springs,79f5b39e-d314-4ad3-8050-3ace553d67de,SAMMS-HotSprings
202608312116374678,202608311905654948,202608311905652236,85,4575,Bronze INV,br_ReAssessmentTreatment,TASK_COMPLETE,SUCCESS,INFO,0,0,0,,2026-08-31T19:06:18.658Z,2026-08-31T21:16:41.151Z,7823,2026-08-31T21:16:41.151Z,JON,Jonesboro,79f5b39e-d314-4ad3-8050-3ace553d67de,SAMMS-Jonesboro
202608312116374679,202608311905654949,202608311905652236,85,4577,Bronze INV,br_ReAssessmentTreatment,TASK_COMPLETE,SUCCESS,INFO,444,444,0,,2026-08-31T19:06:18.658Z,2026-08-31T21:16:41.151Z,7823,2026-08-31T21:16:41.151Z,LAN,Lansing,79f5b39e-d314-4ad3-8050-3ace553d67de,SAMMS-Lansing
202608312116374680,202608311905654950,202608311905652236,85,4578,Bronze INV,br_ReAssessmentTreatment,TASK_COMPLETE,SUCCESS,INFO,1288,1288,0,,2026-08-31T19:06:18.658Z,2026-08-31T21:16:41.151Z,7823,2026-08-31T21:16:41.151Z,LO,Louisville,79f5b39e-d314-4ad3-8050-3ace553d67de,SAMMS-Louisville
202608312116374681,202608311905654951,202608311905652236,85,4579,Bronze INV,br_ReAssessmentTreatment,TASK_COMPLETE,SUCCESS,INFO,291,291,0,,2026-08-31T19:06:18.658Z,2026-08-31T21:16:41.151Z,7823,2026-08-31T21:16:41.151Z,LV1,Cheyenne,79f5b39e-d314-4ad3-8050-3ace553d67de,SAMMS-Cheyenne
202608312116374682,202608311905654952,202608311905652236,85,4580,Bronze INV,br_ReAssessmentTreatment,TASK_COMPLETE,SUCCESS,INFO,204,204,0,,2026-08-31T19:06:18.658Z,2026-08-31T21:16:41.151Z,7823,2026-08-31T21:16:41.151Z,LV2,Desert Inn,79f5b39e-d314-4ad3-8050-3ace553d67de,SAMMS-DesertInn
202608312116374683,202608311905654953,202608311905652236,85,4581,Bronze INV,br_ReAssessmentTreatment,TASK_COMPLETE,SUCCESS,INFO,110,110,0,,2026-08-31T19:06:18.658Z,2026-08-31T21:16:41.151Z,7823,2026-08-31T21:16:41.151Z,LV3,McDaniel,79f5b39e-d314-4ad3-8050-3ace553d67de,SAMMS-McDaniel
202608312116374684,202608311905654954,202608311905652236,85,4584,Bronze INV,br_ReAssessmentTreatment,TASK_COMPLETE,SUCCESS,INFO,356,356,0,,2026-08-31T19:06:18.658Z,2026-08-31T21:16:41.151Z,7823,2026-08-31T21:16:41.151Z,MNRE,Monroe,79f5b39e-d314-4ad3-8050-3ace553d67de,SAMMS-Monroe
202608312116374685,202608311905654955,202608311905652236,85,4585,Bronze INV,br_ReAssessmentTreatment,TASK_COMPLETE,SUCCESS,INFO,1422,1422,0,,2026-08-31T19:06:18.658Z,2026-08-31T21:16:41.151Z,7823,2026-08-31T21:16:41.151Z,MP,Mt. Pleasant,79f5b39e-d314-4ad3-8050-3ace553d67de,SAMMS-MtPleasant
202608312116374686,202608311905654956,202608311905652236,85,4586,Bronze INV,br_ReAssessmentTreatment,TASK_COMPLETE,SUCCESS,INFO,153,153,0,,2026-08-31T19:06:18.658Z,2026-08-31T21:16:41.151Z,7823,2026-08-31T21:16:41.151Z,MRD,Meridian,79f5b39e-d314-4ad3-8050-3ace553d67de,SAMMS-Meridian
202608312116374688,202608311905654957,202608311905652236,85,4591,Bronze INV,br_ReAssessmentTreatment,TASK_COMPLETE,SUCCESS,INFO,691,691,0,,2026-08-31T19:06:18.658Z,2026-08-31T21:16:41.151Z,7823,2026-08-31T21:16:41.151Z,NC,North Charleston,79f5b39e-d314-4ad3-8050-3ace553d67de,SAMMS-NorthCharleston
202608312116374689,202608311905654958,202608311905652236,85,4592,Bronze INV,br_ReAssessmentTreatment,TASK_COMPLETE,SUCCESS,INFO,0,0,0,,2026-08-31T19:06:18.658Z,2026-08-31T21:16:41.151Z,7823,2026-08-31T21:16:41.151Z,NLR,N. Little Rock,79f5b39e-d314-4ad3-8050-3ace553d67de,SAMMS-NLROBOT
202608312116374690,202608311905654959,202608311905652236,85,4593,Bronze INV,br_ReAssessmentTreatment,TASK_COMPLETE,SUCCESS,INFO,112,112,0,,2026-08-31T19:06:18.658Z,2026-08-31T21:16:41.151Z,7823,2026-08-31T21:16:41.151Z,PH,Phoenix,79f5b39e-d314-4ad3-8050-3ace553d67de,SAMMS-Phoenix
202608312116374691,202608311905654960,202608311905652236,85,4597,Bronze INV,br_ReAssessmentTreatment,TASK_COMPLETE,SUCCESS,INFO,212,212,0,,2026-08-31T19:06:18.658Z,2026-08-31T21:16:41.151Z,7823,2026-08-31T21:16:41.151Z,RE,Reno,79f5b39e-d314-4ad3-8050-3ace553d67de,SAMMS-Reno
202608312116374692,202608311905654961,202608311905652236,85,4598,Bronze INV,br_ReAssessmentTreatment,TASK_COMPLETE,SUCCESS,INFO,87,87,0,,2026-08-31T19:06:18.658Z,2026-08-31T21:16:41.151Z,7823,2026-08-31T21:16:41.151Z,RMD,Richmond,79f5b39e-d314-4ad3-8050-3ace553d67de,SAMMS-Richmond
202608312116374693,202608311905654962,202608311905652236,85,4599,Bronze INV,br_ReAssessmentTreatment,TASK_COMPLETE,SUCCESS,INFO,587,587,0,,2026-08-31T19:06:18.658Z,2026-08-31T21:16:41.151Z,7823,2026-08-31T21:16:41.151Z,SFN,Springfield North,79f5b39e-d314-4ad3-8050-3ace553d67de,SAMMS-SFNv5
202608312116374694,202608311905654963,202608311905652236,85,4600,Bronze INV,br_ReAssessmentTreatment,TASK_COMPLETE,SUCCESS,INFO,762,762,0,,2026-08-31T19:06:18.658Z,2026-08-31T21:16:41.151Z,7823,2026-08-31T21:16:41.151Z,SHP,Shreveport,79f5b39e-d314-4ad3-8050-3ace553d67de,SAMMS-Shreveport
202608312116374696,202608311905654964,202608311905652236,85,4602,Bronze INV,br_ReAssessmentTreatment,TASK_COMPLETE,SUCCESS,INFO,484,484,0,,2026-08-31T19:06:18.658Z,2026-08-31T21:16:41.151Z,7823,2026-08-31T21:16:41.151Z,STN,Staunton,79f5b39e-d314-4ad3-8050-3ace553d67de,SAMMS-Staunton
202608312116374697,202608311905654965,202608311905652236,85,4603,Bronze INV,br_ReAssessmentTreatment,TASK_COMPLETE,SUCCESS,INFO,225,225,0,,2026-08-31T19:06:18.658Z,2026-08-31T21:16:41.151Z,7823,2026-08-31T21:16:41.151Z,STVN,Stevenson,79f5b39e-d314-4ad3-8050-3ace553d67de,SAMMS-Stevenson
202608312116374698,202608311905654966,202608311905652236,85,4605,Bronze INV,br_ReAssessmentTreatment,TASK_COMPLETE,SUCCESS,INFO,174,174,0,,2026-08-31T19:06:18.658Z,2026-08-31T21:16:41.151Z,7823,2026-08-31T21:16:41.151Z,TE,Tempe,79f5b39e-d314-4ad3-8050-3ace553d67de,SAMMS-Tempe
202608312116374699,202608311905654967,202608311905652236,85,4606,Bronze INV,br_ReAssessmentTreatment,TASK_COMPLETE,SUCCESS,INFO,0,0,0,,2026-08-31T19:06:18.658Z,2026-08-31T21:16:41.151Z,7823,2026-08-31T21:16:41.151Z,TEX,Texarkana,79f5b39e-d314-4ad3-8050-3ace553d67de,SAMMS-Texarkana
202608312116374700,202608311905654968,202608311905652236,85,4607,Bronze INV,br_ReAssessmentTreatment,TASK_COMPLETE,SUCCESS,INFO,1057,1057,0,,2026-08-31T19:06:18.658Z,2026-08-31T21:16:41.151Z,7823,2026-08-31T21:16:41.151Z,TTCA,Bessemer,79f5b39e-d314-4ad3-8050-3ace553d67de,SAMMS-BessemerV5
202608312116374701,202608311905654969,202608311905652236,85,4608,Bronze INV,br_ReAssessmentTreatment,TASK_COMPLETE,SUCCESS,INFO,1314,1314,0,,2026-08-31T19:06:18.658Z,2026-08-31T21:16:41.151Z,7823,2026-08-31T21:16:41.151Z,TTCB,Cullman,79f5b39e-d314-4ad3-8050-3ace553d67de,SAMMS-CullmanV5
202608312116374702,202608311905654970,202608311905652236,85,4609,Bronze INV,br_ReAssessmentTreatment,TASK_COMPLETE,SUCCESS,INFO,931,931,0,,2026-08-31T19:06:18.658Z,2026-08-31T21:16:41.151Z,7823,2026-08-31T21:16:41.151Z,TTCC,Grand Bay,79f5b39e-d314-4ad3-8050-3ace553d67de,SAMMS-GrandBay
202608312116374703,202608311905654971,202608311905652236,85,4610,Bronze INV,br_ReAssessmentTreatment,TASK_COMPLETE,SUCCESS,INFO,15,15,0,,2026-08-31T19:06:18.658Z,2026-08-31T21:16:41.151Z,7823,2026-08-31T21:16:41.151Z,TU,Tucson,79f5b39e-d314-4ad3-8050-3ace553d67de,SAMMS-Tucson
202608312116374704,202608311905654972,202608311905652236,85,4612,Bronze INV,br_ReAssessmentTreatment,TASK_COMPLETE,SUCCESS,INFO,660,660,0,,2026-08-31T19:06:18.658Z,2026-08-31T21:16:41.151Z,7823,2026-08-31T21:16:41.151Z,V1,Memphis South,79f5b39e-d314-4ad3-8050-3ace553d67de,SAMMS-VCPHCS-I-MemphisV5
202608312116374706,202608311905654973,202608311905652236,85,4613,Bronze INV,br_ReAssessmentTreatment,TASK_COMPLETE,SUCCESS,INFO,1626,1626,0,,2026-08-31T19:06:18.658Z,2026-08-31T21:16:41.151Z,7823,2026-08-31T21:16:41.151Z,V10,Longmont,79f5b39e-d314-4ad3-8050-3ace553d67de,SAMMS-BoulderV5
202608312116374707,202608311905654974,202608311905652236,85,4614,Bronze INV,br_ReAssessmentTreatment,TASK_COMPLETE,SUCCESS,INFO,1508,1508,0,,2026-08-31T19:06:18.658Z,2026-08-31T21:16:41.151Z,7823,2026-08-31T21:16:41.151Z,V10A,Fort Collins,79f5b39e-d314-4ad3-8050-3ace553d67de,SAMMS-FortCollinsV5
202608312116374708,202608311905654975,202608311905652236,85,4615,Bronze INV,br_ReAssessmentTreatment,TASK_COMPLETE,SUCCESS,INFO,2862,2862,0,,2026-08-31T19:06:18.658Z,2026-08-31T21:16:41.151Z,7823,2026-08-31T21:16:41.151Z,V11,Westminster,79f5b39e-d314-4ad3-8050-3ace553d67de,SAMMS-VCPHCS-XI-NorthDenverV5
202608312116374709,202608311905654976,202608311905652236,85,4616,Bronze INV,br_ReAssessmentTreatment,TASK_COMPLETE,SUCCESS,INFO,2991,2991,0,,2026-08-31T19:06:18.658Z,2026-08-31T21:16:41.151Z,7823,2026-08-31T21:16:41.151Z,V12,Downtown Denver,79f5b39e-d314-4ad3-8050-3ace553d67de,SAMMS-VCPHCS-XII-DowntownDenverV5
202608312116374710,202608311905654977,202608311905652236,85,4617,Bronze INV,br_ReAssessmentTreatment,TASK_COMPLETE,SUCCESS,INFO,1127,1127,0,,2026-08-31T19:06:18.658Z,2026-08-31T21:16:41.151Z,7823,2026-08-31T21:16:41.151Z,V12A,Centennial,79f5b39e-d314-4ad3-8050-3ace553d67de,SAMMS-CentennialV5
202608312116374711,202608311905654978,202608311905652236,85,4618,Bronze INV,br_ReAssessmentTreatment,TASK_COMPLETE,SUCCESS,INFO,293,293,0,,2026-08-31T19:06:18.658Z,2026-08-31T21:16:41.151Z,7823,2026-08-31T21:16:41.151Z,V14,Overland Park,79f5b39e-d314-4ad3-8050-3ace553d67de,SAMMS-VCPHCS-XIV-BridgewayV5
202608312116374712,202608311905654979,202608311905652236,85,4619,Bronze INV,br_ReAssessmentTreatment,TASK_COMPLETE,SUCCESS,INFO,608,608,0,,2026-08-31T19:06:18.658Z,2026-08-31T21:16:41.151Z,7823,2026-08-31T21:16:41.151Z,V15,Joplin,79f5b39e-d314-4ad3-8050-3ace553d67de,SAMMS-JoplinV5
202608312116374713,202608311905654980,202608311905652236,85,4621,Bronze INV,br_ReAssessmentTreatment,TASK_COMPLETE,SUCCESS,INFO,902,902,0,,2026-08-31T19:06:18.658Z,2026-08-31T21:16:41.151Z,7823,2026-08-31T21:16:41.151Z,V17,Columbia TN,79f5b39e-d314-4ad3-8050-3ace553d67de,SAMMS-ColumbiaTNv5
202608312116374714,202608311905654981,202608311905652236,85,4623,Bronze INV,br_ReAssessmentTreatment,TASK_COMPLETE,SUCCESS,INFO,527,527,0,,2026-08-31T19:06:18.658Z,2026-08-31T21:16:41.151Z,7823,2026-08-31T21:16:41.151Z,V19,Jackson,79f5b39e-d314-4ad3-8050-3ace553d67de,SAMMS-JacksonV5
202608312116374715,202608311905654982,202608311905652236,85,4625,Bronze INV,br_ReAssessmentTreatment,TASK_COMPLETE,SUCCESS,INFO,1683,1683,0,,2026-08-31T19:06:18.658Z,2026-08-31T21:16:41.151Z,7823,2026-08-31T21:16:41.151Z,V20,Paris,79f5b39e-d314-4ad3-8050-3ace553d67de,SAMMS-ParisV5
202608312116374716,202608311905654983,202608311905652236,85,4626,Bronze INV,br_ReAssessmentTreatment,TASK_COMPLETE,SUCCESS,INFO,723,723,0,,2026-08-31T19:06:18.658Z,2026-08-31T21:16:41.151Z,7823,2026-08-31T21:16:41.151Z,V21,Memphis North,79f5b39e-d314-4ad3-8050-3ace553d67de,SAMMS-RaleighV5
202608312116374718,202608311905654984,202608311905652236,85,4629,Bronze INV,br_ReAssessmentTreatment,TASK_COMPLETE,SUCCESS,INFO,1765,1765,0,,2026-08-31T19:06:18.658Z,2026-08-31T21:16:41.151Z,7823,2026-08-31T21:16:41.151Z,V5,West Bank,79f5b39e-d314-4ad3-8050-3ace553d67de,SAMMS-NONTCv5
202608312116374719,202608311905654985,202608311905652236,85,4631,Bronze INV,br_ReAssessmentTreatment,TASK_COMPLETE,SUCCESS,INFO,145,145,0,,2026-08-31T19:06:18.658Z,2026-08-31T21:16:41.151Z,7823,2026-08-31T21:16:41.151Z,V5B,Houma,79f5b39e-d314-4ad3-8050-3ace553d67de,SAMMS-HoumaV6
202608312116374720,202608311905654986,202608311905652236,85,4632,Bronze INV,br_ReAssessmentTreatment,TASK_COMPLETE,SUCCESS,INFO,1905,1905,0,,2026-08-31T19:06:18.658Z,2026-08-31T21:16:41.151Z,7823,2026-08-31T21:16:41.151Z,V6,Lake Charles,79f5b39e-d314-4ad3-8050-3ace553d67de,SAMMS-LCv5
202608312116374721,202608311905654987,202608311905652236,85,4634,Bronze INV,br_ReAssessmentTreatment,TASK_COMPLETE,SUCCESS,INFO,738,738,0,,2026-08-31T19:06:18.658Z,2026-08-31T21:16:41.151Z,7823,2026-08-31T21:16:41.151Z,V8,Memphis Midtown,79f5b39e-d314-4ad3-8050-3ace553d67de,SAMMS-VCPHCS-VIII-MemphisV5
202608312116374722,202608311905654988,202608311905652236,85,4635,Bronze INV,br_ReAssessmentTreatment,TASK_COMPLETE,SUCCESS,INFO,1761,1761,0,,2026-08-31T19:06:18.658Z,2026-08-31T21:16:41.151Z,7823,2026-08-31T21:16:41.151Z,V9,Nashville,79f5b39e-d314-4ad3-8050-3ace553d67de,SAMMS-NashvilleV5
202608312116374723,202608311905654989,202608311905652236,85,4636,Bronze INV,br_ReAssessmentTreatment,TASK_COMPLETE,SUCCESS,INFO,838,838,0,,2026-08-31T19:06:18.658Z,2026-08-31T21:16:41.151Z,7823,2026-08-31T21:16:41.151Z,VBRA,Brainerd,79f5b39e-d314-4ad3-8050-3ace553d67de,SAMMS-BrainerdV6
202608312116374724,202608311905654990,202608311905652236,85,4637,Bronze INV,br_ReAssessmentTreatment,TASK_COMPLETE,SUCCESS,INFO,1952,1952,0,,2026-08-31T19:06:18.658Z,2026-08-31T21:16:41.151Z,7823,2026-08-31T21:16:41.151Z,VBRP,Brooklyn Park,79f5b39e-d314-4ad3-8050-3ace553d67de,SAMMS-BrooklynParkV6
202608312116374725,202608311905654991,202608311905652236,85,4639,Bronze INV,br_ReAssessmentTreatment,TASK_COMPLETE,SUCCESS,INFO,740,740,0,,2026-08-31T19:06:18.658Z,2026-08-31T21:16:41.151Z,7823,2026-08-31T21:16:41.151Z,VMIN,Minneapolis,79f5b39e-d314-4ad3-8050-3ace553d67de,SAMMS-MinneapolisV6
202608312116374726,202608311905654992,202608311905652236,85,4640,Bronze INV,br_ReAssessmentTreatment,TASK_COMPLETE,SUCCESS,INFO,873,873,0,,2026-08-31T19:06:18.658Z,2026-08-31T21:16:41.151Z,7823,2026-08-31T21:16:41.151Z,VWBY,Woodbury,79f5b39e-d314-4ad3-8050-3ace553d67de,SAMMS-WoodburyV6
202608312116374728,202608311905654993,202608311905652236,85,4642,Bronze INV,br_ReAssessmentTreatment,TASK_COMPLETE,SUCCESS,INFO,161,161,0,,2026-08-31T19:06:18.658Z,2026-08-31T21:16:41.151Z,7823,2026-08-31T21:16:41.151Z,WIL,Wilson,79f5b39e-d314-4ad3-8050-3ace553d67de,SAMMS-Wilson
202609070438544790,202609070438544790,20260907043521,141,13756,TN Grant Claims 7d Report,TnGrantClaims,TASK_FAILED,FAILED,ERROR,0,0,1,"[UNRESOLVED_COLUMN.WITH_SUGGESTION] A column or function parameter with name `a`.`tpcStrPayer` cannot be resolved. Did you mean one of the following? [`a`.`TpcStrPayer`, `a`.`LastName`, `c`.`PayFx`, `c`.`PayId`, `c`.`PayPh`].; line 28 pos 16; ''Project [''b.RegionCode, ''b.ClinicName, ''a.SiteCode, ''a.ClientM4ID AS PatientID#56210, ''a.FirstName, ''a.LastName, ''a.DOB, ''a.Counselor, ''a.tpcStrPayer AS Payor#56211, ''a.f1id AS SubscriberID#56212, ''a.tpcliStrPOS AS POS#56213, ''a.tpcID AS ClaimID#56214, ''a.tpcliDtmService AS ServiceDate#56215, ''a.tpcliStrCPT AS CPT#56216, ''a.tpcliStrModifier AS MOD#56217, ''a.tpcliTxtService AS Service#56218, ''a.tpcliIntUnits AS Units#56219, ''a.tpcliAmtCharge AS Charge#56220, (''a.tpcliAmtCharge - ''a.TotalVoid) AS NetCharge#56221, ''a.TotalVoid AS Voids#56222] +- ''Filter ((''b.RegionCode LIKE %TN% AND ((cast(''tpcCreatedDate as date) >= cast(2026-09-06 as date)) AND (cast(''tpcCreatedDate as date) <= cast(2026-09-06 as date)))) AND (''c.Payclas",2026-09-07T04:38:54.479Z,2026-09-07T04:39:09.343Z,14,2026-09-07T04:39:09.343Z,,,779bbb8b-3f8e-4399-b8b9-890d68401aa1,
202609030809024034,202609030809024034,20260903065411,141,13755,Address Roster Report,addressroster,TASK_FAILED,FAILED,ERROR,0,0,1,"[TABLE_OR_VIEW_NOT_FOUND] The table or view `bhg_silver`.`ukg`.`employementdetails` cannot be found. Verify the spelling and correctness of the schema and catalog. If you did not qualify the name with a schema, verify the current_schema() output, or qualify the name with the correct schema and catalog. To tolerate the error on drop use DROP VIEW IF EXISTS or DROP TABLE IF EXISTS.; line 23 pos 18; ''Project [''b.EmployeeNumber, ''a.firstName, ''a.LastName, ''a.middleName, ''a.addressLine1, ''a.AddressLine2, ''a.addressCity, ''a.addressCounty, ''a.addressState, ''a.addressZipCode, ''a.addressCountry, ''a.emailAddressAlternate AS HomeEmail#24603, ''a.emailAddress AS WorkEmail#24604, ''a.homePhone, ''c.longDescription AS JobTitle#24605, ''c.jobFamilyCode, ''d.Manager, ''e.description AS WorkLocation#24606, ''b.employeeStatusCode] +- ''Filter ''b.employeeStatusCode IN (A,L) +- ''Join LeftOuter, (''b.primaryWorkLocationCode = ''e.locationcode) :- ''Join LeftOuter, (''b.employeeNumber = ''d.E",2026-09-03T08:09:02.403Z,2026-09-03T08:09:22.452Z,20,2026-09-03T08:09:22.452Z,,,b06012a0-2e6f-4c81-af7e-cd687d985935,
202609040654144005,202609040654144005,20260903065411,141,13775,Flu Survey Totals 2025-2026,FluSurveyTotals,TASK_FAILED,FAILED,ERROR,0,0,1,"[UNRESOLVED_COLUMN.WITH_SUGGESTION] A column or function parameter with name `Year` cannot be resolved. Did you mean one of the following? [`r`.`Status`, `r`.`Active`, `r`.`FullName`, `l`.`Location`, `l`.`SiteCode`].; line 92 pos 16; ''WithCTE :- CTERelationDef 25, false : +- SubqueryAlias SurveyStandard : +- Project [CleanEmail#47032, TraineeOpenAnswer#47033, Year#47034] : +- SubqueryAlias raw_survey_tot : +- View (`raw_survey_tot`, [CleanEmail#47032,TraineeOpenAnswer#47033,Year#47034]) : +- LocalRelation [CleanEmail#47032, TraineeOpenAnswer#47033, Year#47034] :- CTERelationDef 26, false : +- SubqueryAlias JoinedRoster : +- Project [TraineeOpenAnswer#47033, Year#47034, WorkLocation#47890] : +- Join Inner, (CleanEmail#47032 = CleanWorkEmail#47892) : :- SubqueryAlias s : : +- SubqueryAlias SurveyStandard : : +- CTERelationRef 25, true, [CleanEmail#47032, TraineeOpenAnswer#47033, Year#47034], false : +- SubqueryAlias r : +- SubqueryAlias active_roster_tot : +- View (`active_roster_tot`,",2026-09-04T06:54:14.400Z,2026-09-04T06:55:12.315Z,57,2026-09-04T06:55:12.315Z,,,d6480cb5-d898-420d-8213-6c11df16bef3,
202609022122572113,202609021903207624,202609021903206075,85,510,Bronze INV,br_AdmissionAssessmentDimensionFiveSubstanceUse,TASK_COMPLETE,SUCCESS,INFO,1575,1575,0,,2026-09-02T19:03:39.838Z,2026-09-02T21:23:00.812Z,8361,2026-09-02T21:23:00.812Z,DRD-KVC,KVC,c49685cc-3281-44bc-a1c2-3be5b1110999,SAMMS-KVCv5
202609022122572115,202609021903207625,202609021903206075,85,511,Bronze INV,br_AdmissionAssessmentDimensionFiveSubstanceUse,TASK_COMPLETE,SUCCESS,INFO,1255,1255,0,,2026-09-02T19:03:39.838Z,2026-09-02T21:23:00.812Z,8361,2026-09-02T21:23:00.812Z,DRD-NOLA,NOLA,c49685cc-3281-44bc-a1c2-3be5b1110999,SAMMS-NOLAv5
202609022122572116,202609021903207626,202609021903206075,85,512,Bronze INV,br_AdmissionAssessmentDimensionFiveSubstanceUse,TASK_COMPLETE,SUCCESS,INFO,746,746,0,,2026-09-02T19:03:39.838Z,2026-09-02T21:23:00.812Z,8361,2026-09-02T21:23:00.812Z,DRD-SF,Springfield,c49685cc-3281-44bc-a1c2-3be5b1110999,SAMMS-SFv5
202609022122572117,202609021903207627,202609021903206075,85,514,Bronze INV,br_AdmissionAssessmentDimensionFiveSubstanceUse,TASK_COMPLETE,SUCCESS,INFO,248,248,0,,2026-09-02T19:03:39.838Z,2026-09-02T21:23:00.812Z,8361,2026-09-02T21:23:00.812Z,ELC,Elizabeth City,c49685cc-3281-44bc-a1c2-3be5b1110999,SAMMS-ElizabethCity
202609022122572118,202609021903207628,202609021903206075,85,515,Bronze INV,br_AdmissionAssessmentDimensionFiveSubstanceUse,TASK_COMPLETE,SUCCESS,INFO,260,260,0,,2026-09-02T19:03:39.838Z,2026-09-02T21:23:00.812Z,8361,2026-09-02T21:23:00.812Z,ET,Elizabethtown,c49685cc-3281-44bc-a1c2-3be5b1110999,SAMMS-Elizabethtown
202609022122572119,202609021903207629,202609021903206075,85,516,Bronze INV,br_AdmissionAssessmentDimensionFiveSubstanceUse,TASK_COMPLETE,SUCCESS,INFO,228,228,0,,2026-09-02T19:03:39.838Z,2026-09-02T21:23:00.812Z,8361,2026-09-02T21:23:00.812Z,FAY,Fayetteville,c49685cc-3281-44bc-a1c2-3be5b1110999,SAMMS-Fayetteville
202609022122572120,202609021903207630,202609021903206075,85,517,Bronze INV,br_AdmissionAssessmentDimensionFiveSubstanceUse,TASK_COMPLETE,SUCCESS,INFO,180,180,0,,2026-09-02T19:03:39.838Z,2026-09-02T21:23:00.812Z,8361,2026-09-02T21:23:00.812Z,FR,Frankfort,c49685cc-3281-44bc-a1c2-3be5b1110999,SAMMS-Frankfort
202609022122572121,202609021903207631,202609021903206075,85,518,Bronze INV,br_AdmissionAssessmentDimensionFiveSubstanceUse,TASK_COMPLETE,SUCCESS,INFO,281,281,0,,2026-09-02T19:03:39.838Z,2026-09-02T21:23:00.812Z,8361,2026-09-02T21:23:00.812Z,FS,Fort Smith,c49685cc-3281-44bc-a1c2-3be5b1110999,SAMMS-FortSmith
202609022122572122,202609021903207632,202609021903206075,85,519,Bronze INV,br_AdmissionAssessmentDimensionFiveSubstanceUse,TASK_COMPLETE,SUCCESS,INFO,683,683,0,,2026-09-02T19:03:39.838Z,2026-09-02T21:23:00.812Z,8361,2026-09-02T21:23:00.812Z,FW,Fort Wayne,c49685cc-3281-44bc-a1c2-3be5b1110999,SAMMS-FortWayne
202609022122572124,202609021903207633,202609021903206075,85,520,Bronze INV,br_AdmissionAssessmentDimensionFiveSubstanceUse,TASK_COMPLETE,SUCCESS,INFO,103,103,0,,2026-09-02T19:03:39.838Z,2026-09-02T21:23:00.812Z,8361,2026-09-02T21:23:00.812Z,GAL,Gaylord,c49685cc-3281-44bc-a1c2-3be5b1110999,SAMMS-Gaylord
202609022122572125,202609021903207634,202609021903206075,85,524,Bronze INV,br_AdmissionAssessmentDimensionFiveSubstanceUse,TASK_COMPLETE,SUCCESS,INFO,618,618,0,,2026-09-02T19:03:39.838Z,2026-09-02T21:23:00.812Z,8361,2026-09-02T21:23:00.812Z,HGT,Hagerstown,c49685cc-3281-44bc-a1c2-3be5b1110999,SAMMS-Hagerstown
202609022122572126,202609021903207635,202609021903206075,85,525,Bronze INV,br_AdmissionAssessmentDimensionFiveSubstanceUse,TASK_COMPLETE,SUCCESS,INFO,478,478,0,,2026-09-02T19:03:39.838Z,2026-09-02T21:23:00.812Z,8361,2026-09-02T21:23:00.812Z,HNT,Huntsville,c49685cc-3281-44bc-a1c2-3be5b1110999,SAMMS-Huntsville
202609022122572127,202609021903207636,202609021903206075,85,526,Bronze INV,br_AdmissionAssessmentDimensionFiveSubstanceUse,TASK_COMPLETE,SUCCESS,INFO,308,308,0,,2026-09-02T19:03:39.838Z,2026-09-02T21:23:00.812Z,8361,2026-09-02T21:23:00.812Z,HS,Hot Springs,c49685cc-3281-44bc-a1c2-3be5b1110999,SAMMS-HotSprings
202609022122572128,202609021903207637,202609021903206075,85,527,Bronze INV,br_AdmissionAssessmentDimensionFiveSubstanceUse,TASK_COMPLETE,SUCCESS,INFO,267,267,0,,2026-09-02T19:03:39.838Z,2026-09-02T21:23:00.812Z,8361,2026-09-02T21:23:00.812Z,JON,Jonesboro,c49685cc-3281-44bc-a1c2-3be5b1110999,SAMMS-Jonesboro
202609022122572129,202609021903207638,202609021903206075,85,529,Bronze INV,br_AdmissionAssessmentDimensionFiveSubstanceUse,TASK_COMPLETE,SUCCESS,INFO,155,155,0,,2026-09-02T19:03:39.838Z,2026-09-02T21:23:00.812Z,8361,2026-09-02T21:23:00.812Z,LAN,Lansing,c49685cc-3281-44bc-a1c2-3be5b1110999,SAMMS-Lansing
202609022122572130,202609021903207639,202609021903206075,85,530,Bronze INV,br_AdmissionAssessmentDimensionFiveSubstanceUse,TASK_COMPLETE,SUCCESS,INFO,429,429,0,,2026-09-02T19:03:39.838Z,2026-09-02T21:23:00.812Z,8361,2026-09-02T21:23:00.812Z,LO,Louisville,c49685cc-3281-44bc-a1c2-3be5b1110999,SAMMS-Louisville
202609022122572131,202609021903207640,202609021903206075,85,531,Bronze INV,br_AdmissionAssessmentDimensionFiveSubstanceUse,TASK_COMPLETE,SUCCESS,INFO,1161,1161,0,,2026-09-02T19:03:39.838Z,2026-09-02T21:23:00.812Z,8361,2026-09-02T21:23:00.812Z,LV1,Cheyenne,c49685cc-3281-44bc-a1c2-3be5b1110999,SAMMS-Cheyenne
202609022122572133,202609021903207641,202609021903206075,85,532,Bronze INV,br_AdmissionAssessmentDimensionFiveSubstanceUse,TASK_COMPLETE,SUCCESS,INFO,928,928,0,,2026-09-02T19:03:39.838Z,2026-09-02T21:23:00.812Z,8361,2026-09-02T21:23:00.812Z,LV2,Desert Inn,c49685cc-3281-44bc-a1c2-3be5b1110999,SAMMS-DesertInn
202609022122572134,202609021903207642,202609021903206075,85,533,Bronze INV,br_AdmissionAssessmentDimensionFiveSubstanceUse,TASK_COMPLETE,SUCCESS,INFO,306,306,0,,2026-09-02T19:03:39.838Z,2026-09-02T21:23:00.812Z,8361,2026-09-02T21:23:00.812Z,LV3,McDaniel,c49685cc-3281-44bc-a1c2-3be5b1110999,SAMMS-McDaniel
202609022122572135,202609021903207643,202609021903206075,85,536,Bronze INV,br_AdmissionAssessmentDimensionFiveSubstanceUse,TASK_COMPLETE,SUCCESS,INFO,269,269,0,,2026-09-02T19:03:39.838Z,2026-09-02T21:23:00.812Z,8361,2026-09-02T21:23:00.812Z,MNRE,Monroe,c49685cc-3281-44bc-a1c2-3be5b1110999,SAMMS-Monroe
202609022122572136,202609021903207644,202609021903206075,85,537,Bronze INV,br_AdmissionAssessmentDimensionFiveSubstanceUse,TASK_COMPLETE,SUCCESS,INFO,122,122,0,,2026-09-02T19:03:39.838Z,2026-09-02T21:23:00.812Z,8361,2026-09-02T21:23:00.812Z,MP,Mt. Pleasant,c49685cc-3281-44bc-a1c2-3be5b1110999,SAMMS-MtPleasant
202609022122572137,202609021903207645,202609021903206075,85,538,Bronze INV,br_AdmissionAssessmentDimensionFiveSubstanceUse,TASK_COMPLETE,SUCCESS,INFO,173,173,0,,2026-09-02T19:03:39.838Z,2026-09-02T21:23:00.812Z,8361,2026-09-02T21:23:00.812Z,MRD,Meridian,c49685cc-3281-44bc-a1c2-3be5b1110999,SAMMS-Meridian
202609022122572138,202609021903207646,202609021903206075,85,543,Bronze INV,br_AdmissionAssessmentDimensionFiveSubstanceUse,TASK_COMPLETE,SUCCESS,INFO,636,636,0,,2026-09-02T19:03:39.838Z,2026-09-02T21:23:00.812Z,8361,2026-09-02T21:23:00.812Z,NC,North Charleston,c49685cc-3281-44bc-a1c2-3be5b1110999,SAMMS-NorthCharleston
202609022122572139,202609021903207647,202609021903206075,85,544,Bronze INV,br_AdmissionAssessmentDimensionFiveSubstanceUse,TASK_COMPLETE,SUCCESS,INFO,572,572,0,,2026-09-02T19:03:39.838Z,2026-09-02T21:23:00.812Z,8361,2026-09-02T21:23:00.812Z,NLR,N. Little Rock,c49685cc-3281-44bc-a1c2-3be5b1110999,SAMMS-NLROBOT
202609022122572140,202609021903207648,202609021903206075,85,545,Bronze INV,br_AdmissionAssessmentDimensionFiveSubstanceUse,TASK_COMPLETE,SUCCESS,INFO,232,232,0,,2026-09-02T19:03:39.838Z,2026-09-02T21:23:00.812Z,8361,2026-09-02T21:23:00.812Z,PH,Phoenix,c49685cc-3281-44bc-a1c2-3be5b1110999,SAMMS-Phoenix
202609022122572141,202609021903207649,202609021903206075,85,549,Bronze INV,br_AdmissionAssessmentDimensionFiveSubstanceUse,TASK_COMPLETE,SUCCESS,INFO,406,406,0,,2026-09-02T19:03:39.838Z,2026-09-02T21:23:00.812Z,8361,2026-09-02T21:23:00.812Z,RE,Reno,c49685cc-3281-44bc-a1c2-3be5b1110999,SAMMS-Reno
202609022122572142,202609021903207650,202609021903206075,85,550,Bronze INV,br_AdmissionAssessmentDimensionFiveSubstanceUse,TASK_COMPLETE,SUCCESS,INFO,386,386,0,,2026-09-02T19:03:39.838Z,2026-09-02T21:23:00.812Z,8361,2026-09-02T21:23:00.812Z,RMD,Richmond,c49685cc-3281-44bc-a1c2-3be5b1110999,SAMMS-Richmond
202609022122572144,202609021903207651,202609021903206075,85,551,Bronze INV,br_AdmissionAssessmentDimensionFiveSubstanceUse,TASK_COMPLETE,SUCCESS,INFO,488,488,0,,2026-09-02T19:03:39.838Z,2026-09-02T21:23:00.812Z,8361,2026-09-02T21:23:00.812Z,SFN,Springfield North,c49685cc-3281-44bc-a1c2-3be5b1110999,SAMMS-SFNv5
202609022122572145,202609021903207652,202609021903206075,85,552,Bronze INV,br_AdmissionAssessmentDimensionFiveSubstanceUse,TASK_COMPLETE,SUCCESS,INFO,445,445,0,,2026-09-02T19:03:39.838Z,2026-09-02T21:23:00.812Z,8361,2026-09-02T21:23:00.812Z,SHP,Shreveport,c49685cc-3281-44bc-a1c2-3be5b1110999,SAMMS-Shreveport
202609022122572146,202609021903207653,202609021903206075,85,554,Bronze INV,br_AdmissionAssessmentDimensionFiveSubstanceUse,TASK_COMPLETE,SUCCESS,INFO,80,80,0,,2026-09-02T19:03:39.838Z,2026-09-02T21:23:00.812Z,8361,2026-09-02T21:23:00.812Z,STN,Staunton,c49685cc-3281-44bc-a1c2-3be5b1110999,SAMMS-Staunton
202609022122572147,202609021903207654,202609021903206075,85,555,Bronze INV,br_AdmissionAssessmentDimensionFiveSubstanceUse,TASK_COMPLETE,SUCCESS,INFO,52,52,0,,2026-09-02T19:03:39.838Z,2026-09-02T21:23:00.812Z,8361,2026-09-02T21:23:00.812Z,STVN,Stevenson,c49685cc-3281-44bc-a1c2-3be5b1110999,SAMMS-Stevenson
202609022122572148,202609021903207655,202609021903206075,85,557,Bronze INV,br_AdmissionAssessmentDimensionFiveSubstanceUse,TASK_COMPLETE,SUCCESS,INFO,70,70,0,,2026-09-02T19:03:39.838Z,2026-09-02T21:23:00.812Z,8361,2026-09-02T21:23:00.812Z,TE,Tempe,c49685cc-3281-44bc-a1c2-3be5b1110999,SAMMS-Tempe
202609022122572149,202609021903207656,202609021903206075,85,558,Bronze INV,br_AdmissionAssessmentDimensionFiveSubstanceUse,TASK_COMPLETE,SUCCESS,INFO,368,368,0,,2026-09-02T19:03:39.838Z,2026-09-02T21:23:00.812Z,8361,2026-09-02T21:23:00.812Z,TEX,Texarkana,c49685cc-3281-44bc-a1c2-3be5b1110999,SAMMS-Texarkana
202609022122572150,202609021903207657,202609021903206075,85,559,Bronze INV,br_AdmissionAssessmentDimensionFiveSubstanceUse,TASK_COMPLETE,SUCCESS,INFO,420,420,0,,2026-09-02T19:03:39.838Z,2026-09-02T21:23:00.812Z,8361,2026-09-02T21:23:00.812Z,TTCA,Bessemer,c49685cc-3281-44bc-a1c2-3be5b1110999,SAMMS-BessemerV5
202609022122572151,202609021903207658,202609021903206075,85,560,Bronze INV,br_AdmissionAssessmentDimensionFiveSubstanceUse,TASK_COMPLETE,SUCCESS,INFO,552,552,0,,2026-09-02T19:03:39.838Z,2026-09-02T21:23:00.812Z,8361,2026-09-02T21:23:00.812Z,TTCB,Cullman,c49685cc-3281-44bc-a1c2-3be5b1110999,SAMMS-CullmanV5
202609022122572152,202609021903207659,202609021903206075,85,561,Bronze INV,br_AdmissionAssessmentDimensionFiveSubstanceUse,TASK_COMPLETE,SUCCESS,INFO,300,300,0,,2026-09-02T19:03:39.838Z,2026-09-02T21:23:00.812Z,8361,2026-09-02T21:23:00.812Z,TTCC,Grand Bay,c49685cc-3281-44bc-a1c2-3be5b1110999,SAMMS-GrandBay
202609022122572153,202609021903207660,202609021903206075,85,562,Bronze INV,br_AdmissionAssessmentDimensionFiveSubstanceUse,TASK_COMPLETE,SUCCESS,INFO,22,22,0,,2026-09-02T19:03:39.838Z,2026-09-02T21:23:00.812Z,8361,2026-09-02T21:23:00.812Z,TU,Tucson,c49685cc-3281-44bc-a1c2-3be5b1110999,SAMMS-Tucson
202609022122572154,202609021903207661,202609021903206075,85,564,Bronze INV,br_AdmissionAssessmentDimensionFiveSubstanceUse,TASK_COMPLETE,SUCCESS,INFO,251,251,0,,2026-09-02T19:03:39.838Z,2026-09-02T21:23:00.812Z,8361,2026-09-02T21:23:00.812Z,V1,Memphis South,c49685cc-3281-44bc-a1c2-3be5b1110999,SAMMS-VCPHCS-I-MemphisV5
202609022122572156,202609021903207662,202609021903206075,85,565,Bronze INV,br_AdmissionAssessmentDimensionFiveSubstanceUse,TASK_COMPLETE,SUCCESS,INFO,694,694,0,,2026-09-02T19:03:39.838Z,2026-09-02T21:23:00.812Z,8361,2026-09-02T21:23:00.812Z,V10,Longmont,c49685cc-3281-44bc-a1c2-3be5b1110999,SAMMS-BoulderV5
202609022122572157,202609021903207663,202609021903206075,85,566,Bronze INV,br_AdmissionAssessmentDimensionFiveSubstanceUse,TASK_COMPLETE,SUCCESS,INFO,1188,1188,0,,2026-09-02T19:03:39.838Z,2026-09-02T21:23:00.812Z,8361,2026-09-02T21:23:00.812Z,V10A,Fort Collins,c49685cc-3281-44bc-a1c2-3be5b1110999,SAMMS-FortCollinsV5
202609022122572158,202609021903207664,202609021903206075,85,567,Bronze INV,br_AdmissionAssessmentDimensionFiveSubstanceUse,TASK_COMPLETE,SUCCESS,INFO,989,989,0,,2026-09-02T19:03:39.838Z,2026-09-02T21:23:00.812Z,8361,2026-09-02T21:23:00.812Z,V11,Westminster,c49685cc-3281-44bc-a1c2-3be5b1110999,SAMMS-VCPHCS-XI-NorthDenverV5
202609022122572159,202609021903207665,202609021903206075,85,568,Bronze INV,br_AdmissionAssessmentDimensionFiveSubstanceUse,TASK_COMPLETE,SUCCESS,INFO,1054,1054,0,,2026-09-02T19:03:39.838Z,2026-09-02T21:23:00.812Z,8361,2026-09-02T21:23:00.812Z,V12,Downtown Denver,c49685cc-3281-44bc-a1c2-3be5b1110999,SAMMS-VCPHCS-XII-DowntownDenverV5
202609022122572160,202609021903207666,202609021903206075,85,569,Bronze INV,br_AdmissionAssessmentDimensionFiveSubstanceUse,TASK_COMPLETE,SUCCESS,INFO,475,475,0,,2026-09-02T19:03:39.838Z,2026-09-02T21:23:00.812Z,8361,2026-09-02T21:23:00.812Z,V12A,Centennial,c49685cc-3281-44bc-a1c2-3be5b1110999,SAMMS-CentennialV5
202609022122572161,202609021903207667,202609021903206075,85,570,Bronze INV,br_AdmissionAssessmentDimensionFiveSubstanceUse,TASK_COMPLETE,SUCCESS,INFO,295,295,0,,2026-09-02T19:03:39.838Z,2026-09-02T21:23:00.812Z,8361,2026-09-02T21:23:00.812Z,V14,Overland Park,c49685cc-3281-44bc-a1c2-3be5b1110999,SAMMS-VCPHCS-XIV-BridgewayV5
202609022122572162,202609021903207668,202609021903206075,85,571,Bronze INV,br_AdmissionAssessmentDimensionFiveSubstanceUse,TASK_COMPLETE,SUCCESS,INFO,568,568,0,,2026-09-02T19:03:39.838Z,2026-09-02T21:23:00.812Z,8361,2026-09-02T21:23:00.812Z,V15,Joplin,c49685cc-3281-44bc-a1c2-3be5b1110999,SAMMS-JoplinV5
202609022122572163,202609021903207669,202609021903206075,85,573,Bronze INV,br_AdmissionAssessmentDimensionFiveSubstanceUse,TASK_COMPLETE,SUCCESS,INFO,473,473,0,,2026-09-02T19:03:39.838Z,2026-09-02T21:23:00.812Z,8361,2026-09-02T21:23:00.812Z,V17,Columbia TN,c49685cc-3281-44bc-a1c2-3be5b1110999,SAMMS-ColumbiaTNv5
202609022122572164,202609021903207670,202609021903206075,85,575,Bronze INV,br_AdmissionAssessmentDimensionFiveSubstanceUse,TASK_COMPLETE,SUCCESS,INFO,417,417,0,,2026-09-02T19:03:39.838Z,2026-09-02T21:23:00.812Z,8361,2026-09-02T21:23:00.812Z,V19,Jackson,c49685cc-3281-44bc-a1c2-3be5b1110999,SAMMS-JacksonV5
202609022122572166,202609021903207671,202609021903206075,85,577,Bronze INV,br_AdmissionAssessmentDimensionFiveSubstanceUse,TASK_COMPLETE,SUCCESS,INFO,480,480,0,,2026-09-02T19:03:39.838Z,2026-09-02T21:23:00.812Z,8361,2026-09-02T21:23:00.812Z,V20,Paris,c49685cc-3281-44bc-a1c2-3be5b1110999,SAMMS-ParisV5
202609022122572167,202609021903207672,202609021903206075,85,578,Bronze INV,br_AdmissionAssessmentDimensionFiveSubstanceUse,TASK_COMPLETE,SUCCESS,INFO,360,360,0,,2026-09-02T19:03:39.838Z,2026-09-02T21:23:00.812Z,8361,2026-09-02T21:23:00.812Z,V21,Memphis North,c49685cc-3281-44bc-a1c2-3be5b1110999,SAMMS-RaleighV5
202609022122572168,202609021903207673,202609021903206075,85,581,Bronze INV,br_AdmissionAssessmentDimensionFiveSubstanceUse,TASK_COMPLETE,SUCCESS,INFO,698,698,0,,2026-09-02T19:03:39.838Z,2026-09-02T21:23:00.812Z,8361,2026-09-02T21:23:00.812Z,V5,West Bank,c49685cc-3281-44bc-a1c2-3be5b1110999,SAMMS-NONTCv5
202609022122572169,202609021903207674,202609021903206075,85,583,Bronze INV,br_AdmissionAssessmentDimensionFiveSubstanceUse,TASK_COMPLETE,SUCCESS,INFO,252,252,0,,2026-09-02T19:03:39.838Z,2026-09-02T21:23:00.812Z,8361,2026-09-02T21:23:00.812Z,V5B,Houma,c49685cc-3281-44bc-a1c2-3be5b1110999,SAMMS-HoumaV6
202609022122572170,202609021903207675,202609021903206075,85,584,Bronze INV,br_AdmissionAssessmentDimensionFiveSubstanceUse,TASK_COMPLETE,SUCCESS,INFO,951,951,0,,2026-09-02T19:03:39.838Z,2026-09-02T21:23:00.812Z,8361,2026-09-02T21:23:00.812Z,V6,Lake Charles,c49685cc-3281-44bc-a1c2-3be5b1110999,SAMMS-LCv5
202609022122572171,202609021903207676,202609021903206075,85,586,Bronze INV,br_AdmissionAssessmentDimensionFiveSubstanceUse,TASK_COMPLETE,SUCCESS,INFO,566,566,0,,2026-09-02T19:03:39.838Z,2026-09-02T21:23:00.812Z,8361,2026-09-02T21:23:00.812Z,V8,Memphis Midtown,c49685cc-3281-44bc-a1c2-3be5b1110999,SAMMS-VCPHCS-VIII-MemphisV5
202609022122572172,202609021903207677,202609021903206075,85,587,Bronze INV,br_AdmissionAssessmentDimensionFiveSubstanceUse,TASK_COMPLETE,SUCCESS,INFO,1572,1572,0,,2026-09-02T19:03:39.838Z,2026-09-02T21:23:00.812Z,8361,2026-09-02T21:23:00.812Z,V9,Nashville,c49685cc-3281-44bc-a1c2-3be5b1110999,SAMMS-NashvilleV5
202609022122572173,202609021903207678,202609021903206075,85,588,Bronze INV,br_AdmissionAssessmentDimensionFiveSubstanceUse,TASK_COMPLETE,SUCCESS,INFO,331,331,0,,2026-09-02T19:03:39.838Z,2026-09-02T21:23:00.812Z,8361,2026-09-02T21:23:00.812Z,VBRA,Brainerd,c49685cc-3281-44bc-a1c2-3be5b1110999,SAMMS-BrainerdV6
202609022122572174,202609021903207679,202609021903206075,85,589,Bronze INV,br_AdmissionAssessmentDimensionFiveSubstanceUse,TASK_COMPLETE,SUCCESS,INFO,587,587,0,,2026-09-02T19:03:39.838Z,2026-09-02T21:23:00.812Z,8361,2026-09-02T21:23:00.812Z,VBRP,Brooklyn Park,c49685cc-3281-44bc-a1c2-3be5b1110999,SAMMS-BrooklynParkV6
202609022122572175,202609021903207680,202609021903206075,85,591,Bronze INV,br_AdmissionAssessmentDimensionFiveSubstanceUse,TASK_COMPLETE,SUCCESS,INFO,573,573,0,,2026-09-02T19:03:39.838Z,2026-09-02T21:23:00.812Z,8361,2026-09-02T21:23:00.812Z,VMIN,Minneapolis,c49685cc-3281-44bc-a1c2-3be5b1110999,SAMMS-MinneapolisV6
202609022122572176,202609021903207681,202609021903206075,85,592,Bronze INV,br_AdmissionAssessmentDimensionFiveSubstanceUse,TASK_COMPLETE,SUCCESS,INFO,1057,1057,0,,2026-09-02T19:03:39.838Z,2026-09-02T21:23:00.812Z,8361,2026-09-02T21:23:00.812Z,VWBY,Woodbury,c49685cc-3281-44bc-a1c2-3be5b1110999,SAMMS-WoodburyV6
202609022122572178,202609021903207682,202609021903206075,85,594,Bronze INV,br_AdmissionAssessmentDimensionFiveSubstanceUse,TASK_COMPLETE,SUCCESS,INFO,433,433,0,,2026-09-02T19:03:39.838Z,2026-09-02T21:23:00.812Z,8361,2026-09-02T21:23:00.812Z,WIL,Wilson,c49685cc-3281-44bc-a1c2-3be5b1110999,SAMMS-Wilson
202609022122572179,202609021903207683,202609021903206075,85,966,Bronze INV,br_AdmissionAssessmentDimensionSix,TASK_COMPLETE,SUCCESS,INFO,99,99,0,,2026-09-02T19:03:39.838Z,2026-09-02T21:23:00.812Z,8361,2026-09-02T21:23:00.812Z,AHK,Ahoskie,c49685cc-3281-44bc-a1c2-3be5b1110999,SAMMS-Ahoskie
202609022122572180,202609021903207684,202609021903206075,85,967,Bronze INV,br_AdmissionAssessmentDimensionSix,TASK_COMPLETE,SUCCESS,INFO,798,798,0,,2026-09-02T19:03:39.838Z,2026-09-02T21:23:00.812Z,8361,2026-09-02T21:23:00.812Z,B12B,Colorado Springs,c49685cc-3281-44bc-a1c2-3be5b1110999,SAMMS-ColoradoSpringsV5
202609022122572181,202609021903207685,202609021903206075,85,968,Bronze INV,br_AdmissionAssessmentDimensionSix,TASK_COMPLETE,SUCCESS,INFO,415,415,0,,2026-09-02T19:03:39.838Z,2026-09-02T21:23:00.812Z,8361,2026-09-02T21:23:00.812Z,B24,Paintsville,c49685cc-3281-44bc-a1c2-3be5b1110999,SAMMS-PaintsvilleV5
202609022122572182,202609021903207686,202609021903206075,85,969,Bronze INV,br_AdmissionAssessmentDimensionSix,TASK_COMPLETE,SUCCESS,INFO,171,171,0,,2026-09-02T19:03:39.838Z,2026-09-02T21:23:00.812Z,8361,2026-09-02T21:23:00.812Z,B25,Pikeville,c49685cc-3281-44bc-a1c2-3be5b1110999,SAMMS-PikevilleV5
202609022122572183,202609021903207687,202609021903206075,85,970,Bronze INV,br_AdmissionAssessmentDimensionSix,TASK_COMPLETE,SUCCESS,INFO,493,493,0,,2026-09-02T19:03:39.838Z,2026-09-02T21:23:00.812Z,8361,2026-09-02T21:23:00.812Z,B26,Hazard,c49685cc-3281-44bc-a1c2-3be5b1110999,SAMMS-HazardV5
202609022122572184,202609021903207688,202609021903206075,85,971,Bronze INV,br_AdmissionAssessmentDimensionSix,TASK_COMPLETE,SUCCESS,INFO,190,190,0,,2026-09-02T19:03:39.838Z,2026-09-02T21:23:00.812Z,8361,2026-09-02T21:23:00.812Z,B27,Savannah,c49685cc-3281-44bc-a1c2-3be5b1110999,SAMMS-SavannahV6
202609022122572185,202609021903207689,202609021903206075,85,972,Bronze INV,br_AdmissionAssessmentDimensionSix,TASK_COMPLETE,SUCCESS,INFO,238,238,0,,2026-09-02T19:03:39.838Z,2026-09-02T21:23:00.812Z,8361,2026-09-02T21:23:00.812Z,B28,West Plains,c49685cc-3281-44bc-a1c2-3be5b1110999,SAMMS-WestPlainesV5
202609022122572186,202609021903207690,202609021903206075,85,973,Bronze INV,br_AdmissionAssessmentDimensionSix,TASK_COMPLETE,SUCCESS,INFO,261,261,0,,2026-09-02T19:03:39.838Z,2026-09-02T21:23:00.812Z,8361,2026-09-02T21:23:00.812Z,B29,Poplar Bluff,c49685cc-3281-44bc-a1c2-3be5b1110999,SAMMS-PoplarBluffV5
202609022122572187,202609021903207691,202609021903206075,85,974,Bronze INV,br_AdmissionAssessmentDimensionSix,TASK_COMPLETE,SUCCESS,INFO,140,140,0,,2026-09-02T19:03:39.838Z,2026-09-02T21:23:00.812Z,8361,2026-09-02T21:23:00.812Z,B30,KC North,c49685cc-3281-44bc-a1c2-3be5b1110999,SAMMS-KCNv5
202609022122572188,202609021903207692,202609021903206075,85,975,Bronze INV,br_AdmissionAssessmentDimensionSix,TASK_COMPLETE,SUCCESS,INFO,341,341,0,,2026-09-02T19:03:39.838Z,2026-09-02T21:23:00.812Z,8361,2026-09-02T21:23:00.812Z,B31,Dyersburg,c49685cc-3281-44bc-a1c2-3be5b1110999,SAMMS-DyersburgV5
202609022122572190,202609021903207693,202609021903206075,85,977,Bronze INV,br_AdmissionAssessmentDimensionSix,TASK_COMPLETE,SUCCESS,INFO,213,213,0,,2026-09-02T19:03:39.838Z,2026-09-02T21:23:00.812Z,8361,2026-09-02T21:23:00.812Z,B33,Paducah,c49685cc-3281-44bc-a1c2-3be5b1110999,SAMMS-Paducah
202609022122572191,202609021903207694,202609021903206075,85,978,Bronze INV,br_AdmissionAssessmentDimensionSix,TASK_COMPLETE,SUCCESS,INFO,443,443,0,,2026-09-02T19:03:39.838Z,2026-09-02T21:23:00.812Z,8361,2026-09-02T21:23:00.812Z,B34,Corbin,c49685cc-3281-44bc-a1c2-3be5b1110999,SAMMS-CorbinV5
202609022122572192,202609021903207695,202609021903206075,85,979,Bronze INV,br_AdmissionAssessmentDimensionSix,TASK_COMPLETE,SUCCESS,INFO,712,712,0,,2026-09-02T19:03:39.838Z,2026-09-02T21:23:00.812Z,8361,2026-09-02T21:23:00.812Z,B35,Lexington,c49685cc-3281-44bc-a1c2-3be5b1110999,SAMMS-LexingtonV5
202609022122572193,202609021903207696,202609021903206075,85,980,Bronze INV,br_AdmissionAssessmentDimensionSix,TASK_COMPLETE,SUCCESS,INFO,346,346,0,,2026-09-02T19:03:39.838Z,2026-09-02T21:23:00.812Z,8361,2026-09-02T21:23:00.812Z,B35A,Berea,c49685cc-3281-44bc-a1c2-3be5b1110999,SAMMS-BereaV5
202609022122572194,202609021903207697,202609021903206075,85,981,Bronze INV,br_AdmissionAssessmentDimensionSix,TASK_COMPLETE,SUCCESS,INFO,607,607,0,,2026-09-02T19:03:39.838Z,2026-09-02T21:23:00.812Z,8361,2026-09-02T21:23:00.812Z,B36,Asheville,c49685cc-3281-44bc-a1c2-3be5b1110999,SAMMS-AshevilleV5
202609022122572195,202609021903207698,202609021903206075,85,982,Bronze INV,br_AdmissionAssessmentDimensionSix,TASK_COMPLETE,SUCCESS,INFO,448,448,0,,2026-09-02T19:03:39.838Z,2026-09-02T21:23:00.812Z,8361,2026-09-02T21:23:00.812Z,B37,Clyde,c49685cc-3281-44bc-a1c2-3be5b1110999,SAMMS-ClydeV5
202609022122572196,202609021903207699,202609021903206075,85,983,Bronze INV,br_AdmissionAssessmentDimensionSix,TASK_COMPLETE,SUCCESS,INFO,632,632,0,,2026-09-02T19:03:39.838Z,2026-09-02T21:23:00.812Z,8361,2026-09-02T21:23:00.812Z,B38,Spartanburg,c49685cc-3281-44bc-a1c2-3be5b1110999,SAMMS-SpartanburgV5
202609022122572197,202609021903207700,202609021903206075,85,984,Bronze INV,br_AdmissionAssessmentDimensionSix,TASK_COMPLETE,SUCCESS,INFO,476,476,0,,2026-09-02T19:03:39.838Z,2026-09-02T21:23:00.812Z,8361,2026-09-02T21:23:00.812Z,B39,Aiken,c49685cc-3281-44bc-a1c2-3be5b1110999,SAMMS-AikenV5
202609022122572198,202609021903207701,202609021903206075,85,985,Bronze INV,br_AdmissionAssessmentDimensionSix,TASK_COMPLETE,SUCCESS,INFO,289,289,0,,2026-09-02T19:03:39.838Z,2026-09-02T21:23:00.812Z,8361,2026-09-02T21:23:00.812Z,B41,Chesapeake,c49685cc-3281-44bc-a1c2-3be5b1110999,SAMMS-ChesapeakeV5
202609022122572199,202609021903207702,202609021903206075,85,986,Bronze INV,br_AdmissionAssessmentDimensionSix,TASK_COMPLETE,SUCCESS,INFO,531,531,0,,2026-09-02T19:03:39.838Z,2026-09-02T21:23:00.812Z,8361,2026-09-02T21:23:00.812Z,B42,Virginia Beach,c49685cc-3281-44bc-a1c2-3be5b1110999,SAMMS-VirginiaBeachV5
202609022122572201,202609021903207703,202609021903206075,85,987,Bronze INV,br_AdmissionAssessmentDimensionSix,TASK_COMPLETE,SUCCESS,INFO,162,162,0,,2026-09-02T19:03:39.838Z,2026-09-02T21:23:00.812Z,8361,2026-09-02T21:23:00.812Z,B42A,Newport News,c49685cc-3281-44bc-a1c2-3be5b1110999,SAMMS-NewportNewsV5
202609022122572202,202609021903207704,202609021903206075,85,988,Bronze INV,br_AdmissionAssessmentDimensionSix,TASK_COMPLETE,SUCCESS,INFO,54,54,0,,2026-09-02T19:03:39.838Z,2026-09-02T21:23:00.812Z,8361,2026-09-02T21:23:00.812Z,B42B,Franklin,c49685cc-3281-44bc-a1c2-3be5b1110999,SAMMS-FranklinV5
202609022122572203,202609021903207705,202609021903206075,85,989,Bronze INV,br_AdmissionAssessmentDimensionSix,TASK_COMPLETE,SUCCESS,INFO,334,334,0,,2026-09-02T19:03:39.838Z,2026-09-02T21:23:00.812Z,8361,2026-09-02T21:23:00.812Z,B42C,Glen Allen,c49685cc-3281-44bc-a1c2-3be5b1110999,SAMMS-GlenAllenV5
202609022122572204,202609021903207706,202609021903206075,85,990,Bronze INV,br_AdmissionAssessmentDimensionSix,TASK_COMPLETE,SUCCESS,INFO,168,168,0,,2026-09-02T19:03:39.838Z,2026-09-02T21:23:00.812Z,8361,2026-09-02T21:23:00.812Z,B42D,Chesapeake South,c49685cc-3281-44bc-a1c2-3be5b1110999,SAMMS-ChesapeakeSouthV5
202609022122572205,202609021903207707,202609021903206075,85,991,Bronze INV,br_AdmissionAssessmentDimensionSix,TASK_COMPLETE,SUCCESS,INFO,210,210,0,,2026-09-02T19:03:39.838Z,2026-09-02T21:23:00.812Z,8361,2026-09-02T21:23:00.812Z,B44,Albany,c49685cc-3281-44bc-a1c2-3be5b1110999,SAMMS-AlbanyV5
202609022122572206,202609021903207708,202609021903206075,85,992,Bronze INV,br_AdmissionAssessmentDimensionSix,TASK_COMPLETE,SUCCESS,INFO,308,308,0,,2026-09-02T19:03:39.838Z,2026-09-02T21:23:00.812Z,8361,2026-09-02T21:23:00.812Z,B45,Tifton,c49685cc-3281-44bc-a1c2-3be5b1110999,SAMMS-TiftonV5
202609022122572207,202609021903207709,202609021903206075,85,993,Bronze INV,br_AdmissionAssessmentDimensionSix,TASK_COMPLETE,SUCCESS,INFO,672,672,0,,2026-09-02T19:03:39.838Z,2026-09-02T21:23:00.812Z,8361,2026-09-02T21:23:00.812Z,B46,Washington DC,c49685cc-3281-44bc-a1c2-3be5b1110999,SAMMS-WashingtonDCv5
202608292054380727,202608291904435955,202608291904434406,85,510,Bronze INV,br_AdmissionAssessmentDimensionFiveSubstanceUse,TASK_COMPLETE,SUCCESS,INFO,1572,1572,0,,2026-08-29T19:04:49.126Z,2026-08-29T20:54:41.421Z,6592,2026-08-29T20:54:41.421Z,DRD-KVC,KVC,dd7385f2-fbd4-41a4-afcd-7296aca5e198,SAMMS-KVCv5
202608292054380728,202608291904435956,202608291904434406,85,511,Bronze INV,br_AdmissionAssessmentDimensionFiveSubstanceUse,TASK_COMPLETE,SUCCESS,INFO,1255,1255,0,,2026-08-29T19:04:49.126Z,2026-08-29T20:54:41.421Z,6592,2026-08-29T20:54:41.421Z,DRD-NOLA,NOLA,dd7385f2-fbd4-41a4-afcd-7296aca5e198,SAMMS-NOLAv5
202608292054380730,202608291904435957,202608291904434406,85,512,Bronze INV,br_AdmissionAssessmentDimensionFiveSubstanceUse,TASK_COMPLETE,SUCCESS,INFO,740,740,0,,2026-08-29T19:04:49.126Z,2026-08-29T20:54:41.421Z,6592,2026-08-29T20:54:41.421Z,DRD-SF,Springfield,dd7385f2-fbd4-41a4-afcd-7296aca5e198,SAMMS-SFv5
202608292054380731,202608291904435958,202608291904434406,85,514,Bronze INV,br_AdmissionAssessmentDimensionFiveSubstanceUse,TASK_COMPLETE,SUCCESS,INFO,248,248,0,,2026-08-29T19:04:49.126Z,2026-08-29T20:54:41.421Z,6592,2026-08-29T20:54:41.421Z,ELC,Elizabeth City,dd7385f2-fbd4-41a4-afcd-7296aca5e198,SAMMS-ElizabethCity
202608292054380732,202608291904435959,202608291904434406,85,515,Bronze INV,br_AdmissionAssessmentDimensionFiveSubstanceUse,TASK_COMPLETE,SUCCESS,INFO,260,260,0,,2026-08-29T19:04:49.126Z,2026-08-29T20:54:41.421Z,6592,2026-08-29T20:54:41.421Z,ET,Elizabethtown,dd7385f2-fbd4-41a4-afcd-7296aca5e198,SAMMS-Elizabethtown
202608292054380733,202608291904435960,202608291904434406,85,516,Bronze INV,br_AdmissionAssessmentDimensionFiveSubstanceUse,TASK_COMPLETE,SUCCESS,INFO,228,228,0,,2026-08-29T19:04:49.126Z,2026-08-29T20:54:41.421Z,6592,2026-08-29T20:54:41.421Z,FAY,Fayetteville,dd7385f2-fbd4-41a4-afcd-7296aca5e198,SAMMS-Fayetteville
202608292054380734,202608291904435961,202608291904434406,85,517,Bronze INV,br_AdmissionAssessmentDimensionFiveSubstanceUse,TASK_COMPLETE,SUCCESS,INFO,180,180,0,,2026-08-29T19:04:49.126Z,2026-08-29T20:54:41.421Z,6592,2026-08-29T20:54:41.421Z,FR,Frankfort,dd7385f2-fbd4-41a4-afcd-7296aca5e198,SAMMS-Frankfort
202608292054380735,202608291904435962,202608291904434406,85,518,Bronze INV,br_AdmissionAssessmentDimensionFiveSubstanceUse,TASK_COMPLETE,SUCCESS,INFO,281,281,0,,2026-08-29T19:04:49.126Z,2026-08-29T20:54:41.421Z,6592,2026-08-29T20:54:41.421Z,FS,Fort Smith,dd7385f2-fbd4-41a4-afcd-7296aca5e198,SAMMS-FortSmith
202608292054380736,202608291904435963,202608291904434406,85,519,Bronze INV,br_AdmissionAssessmentDimensionFiveSubstanceUse,TASK_COMPLETE,SUCCESS,INFO,681,681,0,,2026-08-29T19:04:49.126Z,2026-08-29T20:54:41.421Z,6592,2026-08-29T20:54:41.421Z,FW,Fort Wayne,dd7385f2-fbd4-41a4-afcd-7296aca5e198,SAMMS-FortWayne
202608292054380737,202608291904435964,202608291904434406,85,520,Bronze INV,br_AdmissionAssessmentDimensionFiveSubstanceUse,TASK_COMPLETE,SUCCESS,INFO,103,103,0,,2026-08-29T19:04:49.126Z,2026-08-29T20:54:41.421Z,6592,2026-08-29T20:54:41.421Z,GAL,Gaylord,dd7385f2-fbd4-41a4-afcd-7296aca5e198,SAMMS-Gaylord
202608292054380739,202608291904435965,202608291904434406,85,524,Bronze INV,br_AdmissionAssessmentDimensionFiveSubstanceUse,TASK_COMPLETE,SUCCESS,INFO,616,616,0,,2026-08-29T19:04:49.126Z,2026-08-29T20:54:41.421Z,6592,2026-08-29T20:54:41.421Z,HGT,Hagerstown,dd7385f2-fbd4-41a4-afcd-7296aca5e198,SAMMS-Hagerstown
202608292054380740,202608291904435966,202608291904434406,85,525,Bronze INV,br_AdmissionAssessmentDimensionFiveSubstanceUse,TASK_COMPLETE,SUCCESS,INFO,468,468,0,,2026-08-29T19:04:49.126Z,2026-08-29T20:54:41.421Z,6592,2026-08-29T20:54:41.421Z,HNT,Huntsville,dd7385f2-fbd4-41a4-afcd-7296aca5e198,SAMMS-Huntsville
202608292054380741,202608291904435967,202608291904434406,85,526,Bronze INV,br_AdmissionAssessmentDimensionFiveSubstanceUse,TASK_COMPLETE,SUCCESS,INFO,305,305,0,,2026-08-29T19:04:49.126Z,2026-08-29T20:54:41.421Z,6592,2026-08-29T20:54:41.421Z,HS,Hot Springs,dd7385f2-fbd4-41a4-afcd-7296aca5e198,SAMMS-HotSprings
202608292054380742,202608291904435968,202608291904434406,85,527,Bronze INV,br_AdmissionAssessmentDimensionFiveSubstanceUse,TASK_COMPLETE,SUCCESS,INFO,267,267,0,,2026-08-29T19:04:49.126Z,2026-08-29T20:54:41.421Z,6592,2026-08-29T20:54:41.421Z,JON,Jonesboro,dd7385f2-fbd4-41a4-afcd-7296aca5e198,SAMMS-Jonesboro
202608292054380743,202608291904435969,202608291904434406,85,529,Bronze INV,br_AdmissionAssessmentDimensionFiveSubstanceUse,TASK_COMPLETE,SUCCESS,INFO,152,152,0,,2026-08-29T19:04:49.126Z,2026-08-29T20:54:41.421Z,6592,2026-08-29T20:54:41.421Z,LAN,Lansing,dd7385f2-fbd4-41a4-afcd-7296aca5e198,SAMMS-Lansing
202608292054380744,202608291904435970,202608291904434406,85,530,Bronze INV,br_AdmissionAssessmentDimensionFiveSubstanceUse,TASK_COMPLETE,SUCCESS,INFO,429,429,0,,2026-08-29T19:04:49.126Z,2026-08-29T20:54:41.421Z,6592,2026-08-29T20:54:41.421Z,LO,Louisville,dd7385f2-fbd4-41a4-afcd-7296aca5e198,SAMMS-Louisville
202608292054380745,202608291904435971,202608291904434406,85,531,Bronze INV,br_AdmissionAssessmentDimensionFiveSubstanceUse,TASK_COMPLETE,SUCCESS,INFO,1161,1161,0,,2026-08-29T19:04:49.126Z,2026-08-29T20:54:41.421Z,6592,2026-08-29T20:54:41.421Z,LV1,Cheyenne,dd7385f2-fbd4-41a4-afcd-7296aca5e198,SAMMS-Cheyenne
202608292054380746,202608291904435972,202608291904434406,85,532,Bronze INV,br_AdmissionAssessmentDimensionFiveSubstanceUse,TASK_COMPLETE,SUCCESS,INFO,928,928,0,,2026-08-29T19:04:49.126Z,2026-08-29T20:54:41.421Z,6592,2026-08-29T20:54:41.421Z,LV2,Desert Inn,dd7385f2-fbd4-41a4-afcd-7296aca5e198,SAMMS-DesertInn
202608292054380747,202608291904435973,202608291904434406,85,533,Bronze INV,br_AdmissionAssessmentDimensionFiveSubstanceUse,TASK_COMPLETE,SUCCESS,INFO,306,306,0,,2026-08-29T19:04:49.126Z,2026-08-29T20:54:41.421Z,6592,2026-08-29T20:54:41.421Z,LV3,McDaniel,dd7385f2-fbd4-41a4-afcd-7296aca5e198,SAMMS-McDaniel
202608292054380748,202608291904435974,202608291904434406,85,536,Bronze INV,br_AdmissionAssessmentDimensionFiveSubstanceUse,TASK_COMPLETE,SUCCESS,INFO,269,269,0,,2026-08-29T19:04:49.126Z,2026-08-29T20:54:41.421Z,6592,2026-08-29T20:54:41.421Z,MNRE,Monroe,dd7385f2-fbd4-41a4-afcd-7296aca5e198,SAMMS-Monroe
202608292054380749,202608291904435975,202608291904434406,85,537,Bronze INV,br_AdmissionAssessmentDimensionFiveSubstanceUse,TASK_COMPLETE,SUCCESS,INFO,120,120,0,,2026-08-29T19:04:49.126Z,2026-08-29T20:54:41.421Z,6592,2026-08-29T20:54:41.421Z,MP,Mt. Pleasant,dd7385f2-fbd4-41a4-afcd-7296aca5e198,SAMMS-MtPleasant
202608292054380750,202608291904435976,202608291904434406,85,538,Bronze INV,br_AdmissionAssessmentDimensionFiveSubstanceUse,TASK_COMPLETE,SUCCESS,INFO,172,172,0,,2026-08-29T19:04:49.126Z,2026-08-29T20:54:41.421Z,6592,2026-08-29T20:54:41.421Z,MRD,Meridian,dd7385f2-fbd4-41a4-afcd-7296aca5e198,SAMMS-Meridian
202608292054380752,202608291904435977,202608291904434406,85,543,Bronze INV,br_AdmissionAssessmentDimensionFiveSubstanceUse,TASK_COMPLETE,SUCCESS,INFO,630,630,0,,2026-08-29T19:04:49.126Z,2026-08-29T20:54:41.421Z,6592,2026-08-29T20:54:41.421Z,NC,North Charleston,dd7385f2-fbd4-41a4-afcd-7296aca5e198,SAMMS-NorthCharleston
202608292054380753,202608291904435978,202608291904434406,85,544,Bronze INV,br_AdmissionAssessmentDimensionFiveSubstanceUse,TASK_COMPLETE,SUCCESS,INFO,570,570,0,,2026-08-29T19:04:49.126Z,2026-08-29T20:54:41.421Z,6592,2026-08-29T20:54:41.421Z,NLR,N. Little Rock,dd7385f2-fbd4-41a4-afcd-7296aca5e198,SAMMS-NLROBOT
202608292054380754,202608291904435979,202608291904434406,85,545,Bronze INV,br_AdmissionAssessmentDimensionFiveSubstanceUse,TASK_COMPLETE,SUCCESS,INFO,232,232,0,,2026-08-29T19:04:49.126Z,2026-08-29T20:54:41.421Z,6592,2026-08-29T20:54:41.421Z,PH,Phoenix,dd7385f2-fbd4-41a4-afcd-7296aca5e198,SAMMS-Phoenix
202608292054380755,202608291904435980,202608291904434406,85,549,Bronze INV,br_AdmissionAssessmentDimensionFiveSubstanceUse,TASK_COMPLETE,SUCCESS,INFO,406,406,0,,2026-08-29T19:04:49.126Z,2026-08-29T20:54:41.421Z,6592,2026-08-29T20:54:41.421Z,RE,Reno,dd7385f2-fbd4-41a4-afcd-7296aca5e198,SAMMS-Reno
202608292054380756,202608291904435981,202608291904434406,85,550,Bronze INV,br_AdmissionAssessmentDimensionFiveSubstanceUse,TASK_COMPLETE,SUCCESS,INFO,386,386,0,,2026-08-29T19:04:49.126Z,2026-08-29T20:54:41.421Z,6592,2026-08-29T20:54:41.421Z,RMD,Richmond,dd7385f2-fbd4-41a4-afcd-7296aca5e198,SAMMS-Richmond
202608292054380757,202608291904435982,202608291904434406,85,551,Bronze INV,br_AdmissionAssessmentDimensionFiveSubstanceUse,TASK_COMPLETE,SUCCESS,INFO,485,485,0,,2026-08-29T19:04:49.126Z,2026-08-29T20:54:41.421Z,6592,2026-08-29T20:54:41.421Z,SFN,Springfield North,dd7385f2-fbd4-41a4-afcd-7296aca5e198,SAMMS-SFNv5
202608292054380758,202608291904435983,202608291904434406,85,552,Bronze INV,br_AdmissionAssessmentDimensionFiveSubstanceUse,TASK_COMPLETE,SUCCESS,INFO,445,445,0,,2026-08-29T19:04:49.126Z,2026-08-29T20:54:41.421Z,6592,2026-08-29T20:54:41.421Z,SHP,Shreveport,dd7385f2-fbd4-41a4-afcd-7296aca5e198,SAMMS-Shreveport
202608292054380759,202608291904435984,202608291904434406,85,554,Bronze INV,br_AdmissionAssessmentDimensionFiveSubstanceUse,TASK_COMPLETE,SUCCESS,INFO,80,80,0,,2026-08-29T19:04:49.126Z,2026-08-29T20:54:41.421Z,6592,2026-08-29T20:54:41.421Z,STN,Staunton,dd7385f2-fbd4-41a4-afcd-7296aca5e198,SAMMS-Staunton
202608292054380760,202608291904435985,202608291904434406,85,555,Bronze INV,br_AdmissionAssessmentDimensionFiveSubstanceUse,TASK_COMPLETE,SUCCESS,INFO,52,52,0,,2026-08-29T19:04:49.126Z,2026-08-29T20:54:41.421Z,6592,2026-08-29T20:54:41.421Z,STVN,Stevenson,dd7385f2-fbd4-41a4-afcd-7296aca5e198,SAMMS-Stevenson
202608292054380761,202608291904435986,202608291904434406,85,557,Bronze INV,br_AdmissionAssessmentDimensionFiveSubstanceUse,TASK_COMPLETE,SUCCESS,INFO,70,70,0,,2026-08-29T19:04:49.126Z,2026-08-29T20:54:41.421Z,6592,2026-08-29T20:54:41.421Z,TE,Tempe,dd7385f2-fbd4-41a4-afcd-7296aca5e198,SAMMS-Tempe
202608292054380762,202608291904435987,202608291904434406,85,558,Bronze INV,br_AdmissionAssessmentDimensionFiveSubstanceUse,TASK_COMPLETE,SUCCESS,INFO,367,367,0,,2026-08-29T19:04:49.126Z,2026-08-29T20:54:41.421Z,6592,2026-08-29T20:54:41.421Z,TEX,Texarkana,dd7385f2-fbd4-41a4-afcd-7296aca5e198,SAMMS-Texarkana
202608292054380764,202608291904435988,202608291904434406,85,559,Bronze INV,br_AdmissionAssessmentDimensionFiveSubstanceUse,TASK_COMPLETE,SUCCESS,INFO,418,418,0,,2026-08-29T19:04:49.126Z,2026-08-29T20:54:41.421Z,6592,2026-08-29T20:54:41.421Z,TTCA,Bessemer,dd7385f2-fbd4-41a4-afcd-7296aca5e198,SAMMS-BessemerV5
202608292054380765,202608291904435989,202608291904434406,85,560,Bronze INV,br_AdmissionAssessmentDimensionFiveSubstanceUse,TASK_COMPLETE,SUCCESS,INFO,549,549,0,,2026-08-29T19:04:49.126Z,2026-08-29T20:54:41.421Z,6592,2026-08-29T20:54:41.421Z,TTCB,Cullman,dd7385f2-fbd4-41a4-afcd-7296aca5e198,SAMMS-CullmanV5
202608292054380766,202608291904435990,202608291904434406,85,561,Bronze INV,br_AdmissionAssessmentDimensionFiveSubstanceUse,TASK_COMPLETE,SUCCESS,INFO,296,296,0,,2026-08-29T19:04:49.126Z,2026-08-29T20:54:41.421Z,6592,2026-08-29T20:54:41.421Z,TTCC,Grand Bay,dd7385f2-fbd4-41a4-afcd-7296aca5e198,SAMMS-GrandBay
202608292054380767,202608291904435991,202608291904434406,85,562,Bronze INV,br_AdmissionAssessmentDimensionFiveSubstanceUse,TASK_COMPLETE,SUCCESS,INFO,22,22,0,,2026-08-29T19:04:49.126Z,2026-08-29T20:54:41.421Z,6592,2026-08-29T20:54:41.421Z,TU,Tucson,dd7385f2-fbd4-41a4-afcd-7296aca5e198,SAMMS-Tucson
202608292054380768,202608291904435992,202608291904434406,85,564,Bronze INV,br_AdmissionAssessmentDimensionFiveSubstanceUse,TASK_COMPLETE,SUCCESS,INFO,250,250,0,,2026-08-29T19:04:49.126Z,2026-08-29T20:54:41.421Z,6592,2026-08-29T20:54:41.421Z,V1,Memphis South,dd7385f2-fbd4-41a4-afcd-7296aca5e198,SAMMS-VCPHCS-I-MemphisV5
202608292054380769,202608291904435993,202608291904434406,85,565,Bronze INV,br_AdmissionAssessmentDimensionFiveSubstanceUse,TASK_COMPLETE,SUCCESS,INFO,692,692,0,,2026-08-29T19:04:49.126Z,2026-08-29T20:54:41.421Z,6592,2026-08-29T20:54:41.421Z,V10,Longmont,dd7385f2-fbd4-41a4-afcd-7296aca5e198,SAMMS-BoulderV5
202608292054380770,202608291904435994,202608291904434406,85,566,Bronze INV,br_AdmissionAssessmentDimensionFiveSubstanceUse,TASK_COMPLETE,SUCCESS,INFO,1187,1187,0,,2026-08-29T19:04:49.126Z,2026-08-29T20:54:41.421Z,6592,2026-08-29T20:54:41.421Z,V10A,Fort Collins,dd7385f2-fbd4-41a4-afcd-7296aca5e198,SAMMS-FortCollinsV5
202608292054380771,202608291904435995,202608291904434406,85,567,Bronze INV,br_AdmissionAssessmentDimensionFiveSubstanceUse,TASK_COMPLETE,SUCCESS,INFO,986,986,0,,2026-08-29T19:04:49.126Z,2026-08-29T20:54:41.421Z,6592,2026-08-29T20:54:41.421Z,V11,Westminster,dd7385f2-fbd4-41a4-afcd-7296aca5e198,SAMMS-VCPHCS-XI-NorthDenverV5
202608292054380772,202608291904435996,202608291904434406,85,568,Bronze INV,br_AdmissionAssessmentDimensionFiveSubstanceUse,TASK_COMPLETE,SUCCESS,INFO,1052,1052,0,,2026-08-29T19:04:49.126Z,2026-08-29T20:54:41.421Z,6592,2026-08-29T20:54:41.421Z,V12,Downtown Denver,dd7385f2-fbd4-41a4-afcd-7296aca5e198,SAMMS-VCPHCS-XII-DowntownDenverV5
202608292054380774,202608291904435997,202608291904434406,85,569,Bronze INV,br_AdmissionAssessmentDimensionFiveSubstanceUse,TASK_COMPLETE,SUCCESS,INFO,475,475,0,,2026-08-29T19:04:49.126Z,2026-08-29T20:54:41.421Z,6592,2026-08-29T20:54:41.421Z,V12A,Centennial,dd7385f2-fbd4-41a4-afcd-7296aca5e198,SAMMS-CentennialV5
202608292054380775,202608291904435998,202608291904434406,85,570,Bronze INV,br_AdmissionAssessmentDimensionFiveSubstanceUse,TASK_COMPLETE,SUCCESS,INFO,291,291,0,,2026-08-29T19:04:49.126Z,2026-08-29T20:54:41.421Z,6592,2026-08-29T20:54:41.421Z,V14,Overland Park,dd7385f2-fbd4-41a4-afcd-7296aca5e198,SAMMS-VCPHCS-XIV-BridgewayV5
202608292054380776,202608291904435999,202608291904434406,85,571,Bronze INV,br_AdmissionAssessmentDimensionFiveSubstanceUse,TASK_COMPLETE,SUCCESS,INFO,565,565,0,,2026-08-29T19:04:49.126Z,2026-08-29T20:54:41.421Z,6592,2026-08-29T20:54:41.421Z,V15,Joplin,dd7385f2-fbd4-41a4-afcd-7296aca5e198,SAMMS-JoplinV5
202608292054380777,202608291904436000,202608291904434406,85,573,Bronze INV,br_AdmissionAssessmentDimensionFiveSubstanceUse,TASK_COMPLETE,SUCCESS,INFO,470,470,0,,2026-08-29T19:04:49.126Z,2026-08-29T20:54:41.421Z,6592,2026-08-29T20:54:41.421Z,V17,Columbia TN,dd7385f2-fbd4-41a4-afcd-7296aca5e198,SAMMS-ColumbiaTNv5
202608292054380778,202608291904436001,202608291904434406,85,575,Bronze INV,br_AdmissionAssessmentDimensionFiveSubstanceUse,TASK_COMPLETE,SUCCESS,INFO,414,414,0,,2026-08-29T19:04:49.126Z,2026-08-29T20:54:41.421Z,6592,2026-08-29T20:54:41.421Z,V19,Jackson,dd7385f2-fbd4-41a4-afcd-7296aca5e198,SAMMS-JacksonV5
202608292054380779,202608291904436002,202608291904434406,85,577,Bronze INV,br_AdmissionAssessmentDimensionFiveSubstanceUse,TASK_COMPLETE,SUCCESS,INFO,479,479,0,,2026-08-29T19:04:49.126Z,2026-08-29T20:54:41.421Z,6592,2026-08-29T20:54:41.421Z,V20,Paris,dd7385f2-fbd4-41a4-afcd-7296aca5e198,SAMMS-ParisV5
202608292054380780,202608291904436003,202608291904434406,85,578,Bronze INV,br_AdmissionAssessmentDimensionFiveSubstanceUse,TASK_COMPLETE,SUCCESS,INFO,354,354,0,,2026-08-29T19:04:49.126Z,2026-08-29T20:54:41.421Z,6592,2026-08-29T20:54:41.421Z,V21,Memphis North,dd7385f2-fbd4-41a4-afcd-7296aca5e198,SAMMS-RaleighV5
202608292054380781,202608291904436004,202608291904434406,85,581,Bronze INV,br_AdmissionAssessmentDimensionFiveSubstanceUse,TASK_COMPLETE,SUCCESS,INFO,698,698,0,,2026-08-29T19:04:49.126Z,2026-08-29T20:54:41.421Z,6592,2026-08-29T20:54:41.421Z,V5,West Bank,dd7385f2-fbd4-41a4-afcd-7296aca5e198,SAMMS-NONTCv5
202608292054380782,202608291904436005,202608291904434406,85,583,Bronze INV,br_AdmissionAssessmentDimensionFiveSubstanceUse,TASK_COMPLETE,SUCCESS,INFO,252,252,0,,2026-08-29T19:04:49.126Z,2026-08-29T20:54:41.421Z,6592,2026-08-29T20:54:41.421Z,V5B,Houma,dd7385f2-fbd4-41a4-afcd-7296aca5e198,SAMMS-HoumaV6
202608292054380783,202608291904436006,202608291904434406,85,584,Bronze INV,br_AdmissionAssessmentDimensionFiveSubstanceUse,TASK_COMPLETE,SUCCESS,INFO,951,951,0,,2026-08-29T19:04:49.126Z,2026-08-29T20:54:41.421Z,6592,2026-08-29T20:54:41.421Z,V6,Lake Charles,dd7385f2-fbd4-41a4-afcd-7296aca5e198,SAMMS-LCv5
202608292054380784,202608291904436007,202608291904434406,85,586,Bronze INV,br_AdmissionAssessmentDimensionFiveSubstanceUse,TASK_COMPLETE,SUCCESS,INFO,563,563,0,,2026-08-29T19:04:49.126Z,2026-08-29T20:54:41.421Z,6592,2026-08-29T20:54:41.421Z,V8,Memphis Midtown,dd7385f2-fbd4-41a4-afcd-7296aca5e198,SAMMS-VCPHCS-VIII-MemphisV5
202608292054380785,202608291904436008,202608291904434406,85,587,Bronze INV,br_AdmissionAssessmentDimensionFiveSubstanceUse,TASK_COMPLETE,SUCCESS,INFO,1567,1567,0,,2026-08-29T19:04:49.126Z,2026-08-29T20:54:41.421Z,6592,2026-08-29T20:54:41.421Z,V9,Nashville,dd7385f2-fbd4-41a4-afcd-7296aca5e198,SAMMS-NashvilleV5
202608292054380787,202608291904436009,202608291904434406,85,588,Bronze INV,br_AdmissionAssessmentDimensionFiveSubstanceUse,TASK_COMPLETE,SUCCESS,INFO,331,331,0,,2026-08-29T19:04:49.126Z,2026-08-29T20:54:41.421Z,6592,2026-08-29T20:54:41.421Z,VBRA,Brainerd,dd7385f2-fbd4-41a4-afcd-7296aca5e198,SAMMS-BrainerdV6
202608292054380788,202608291904436010,202608291904434406,85,589,Bronze INV,br_AdmissionAssessmentDimensionFiveSubstanceUse,TASK_COMPLETE,SUCCESS,INFO,587,587,0,,2026-08-29T19:04:49.126Z,2026-08-29T20:54:41.421Z,6592,2026-08-29T20:54:41.421Z,VBRP,Brooklyn Park,dd7385f2-fbd4-41a4-afcd-7296aca5e198,SAMMS-BrooklynParkV6
202608292054380789,202608291904436011,202608291904434406,85,591,Bronze INV,br_AdmissionAssessmentDimensionFiveSubstanceUse,TASK_COMPLETE,SUCCESS,INFO,573,573,0,,2026-08-29T19:04:49.126Z,2026-08-29T20:54:41.421Z,6592,2026-08-29T20:54:41.421Z,VMIN,Minneapolis,dd7385f2-fbd4-41a4-afcd-7296aca5e198,SAMMS-MinneapolisV6
202608292054380790,202608291904436012,202608291904434406,85,592,Bronze INV,br_AdmissionAssessmentDimensionFiveSubstanceUse,TASK_COMPLETE,SUCCESS,INFO,1057,1057,0,,2026-08-29T19:04:49.126Z,2026-08-29T20:54:41.421Z,6592,2026-08-29T20:54:41.421Z,VWBY,Woodbury,dd7385f2-fbd4-41a4-afcd-7296aca5e198,SAMMS-WoodburyV6
202608292054380791,202608291904436013,202608291904434406,85,594,Bronze INV,br_AdmissionAssessmentDimensionFiveSubstanceUse,TASK_COMPLETE,SUCCESS,INFO,431,431,0,,2026-08-29T19:04:49.126Z,2026-08-29T20:54:41.421Z,6592,2026-08-29T20:54:41.421Z,WIL,Wilson,dd7385f2-fbd4-41a4-afcd-7296aca5e198,SAMMS-Wilson
202608292054380792,202608291904436014,202608291904434406,85,966,Bronze INV,br_AdmissionAssessmentDimensionSix,TASK_COMPLETE,SUCCESS,INFO,98,98,0,,2026-08-29T19:04:49.126Z,2026-08-29T20:54:41.421Z,6592,2026-08-29T20:54:41.421Z,AHK,Ahoskie,dd7385f2-fbd4-41a4-afcd-7296aca5e198,SAMMS-Ahoskie
202608292054380793,202608291904436015,202608291904434406,85,967,Bronze INV,br_AdmissionAssessmentDimensionSix,TASK_COMPLETE,SUCCESS,INFO,792,792,0,,2026-08-29T19:04:49.126Z,2026-08-29T20:54:41.421Z,6592,2026-08-29T20:54:41.421Z,B12B,Colorado Springs,dd7385f2-fbd4-41a4-afcd-7296aca5e198,SAMMS-ColoradoSpringsV5
202608292054380794,202608291904436016,202608291904434406,85,968,Bronze INV,br_AdmissionAssessmentDimensionSix,TASK_COMPLETE,SUCCESS,INFO,415,415,0,,2026-08-29T19:04:49.126Z,2026-08-29T20:54:41.421Z,6592,2026-08-29T20:54:41.421Z,B24,Paintsville,dd7385f2-fbd4-41a4-afcd-7296aca5e198,SAMMS-PaintsvilleV5
202608292054380795,202608291904436017,202608291904434406,85,969,Bronze INV,br_AdmissionAssessmentDimensionSix,TASK_COMPLETE,SUCCESS,INFO,171,171,0,,2026-08-29T19:04:49.126Z,2026-08-29T20:54:41.421Z,6592,2026-08-29T20:54:41.421Z,B25,Pikeville,dd7385f2-fbd4-41a4-afcd-7296aca5e198,SAMMS-PikevilleV5
202608292054380796,202608291904436018,202608291904434406,85,970,Bronze INV,br_AdmissionAssessmentDimensionSix,TASK_COMPLETE,SUCCESS,INFO,493,493,0,,2026-08-29T19:04:49.126Z,2026-08-29T20:54:41.421Z,6592,2026-08-29T20:54:41.421Z,B26,Hazard,dd7385f2-fbd4-41a4-afcd-7296aca5e198,SAMMS-HazardV5
202608292054380797,202608291904436019,202608291904434406,85,971,Bronze INV,br_AdmissionAssessmentDimensionSix,TASK_COMPLETE,SUCCESS,INFO,190,190,0,,2026-08-29T19:04:49.126Z,2026-08-29T20:54:41.421Z,6592,2026-08-29T20:54:41.421Z,B27,Savannah,dd7385f2-fbd4-41a4-afcd-7296aca5e198,SAMMS-SavannahV6
202608292054380798,202608291904436020,202608291904434406,85,972,Bronze INV,br_AdmissionAssessmentDimensionSix,TASK_COMPLETE,SUCCESS,INFO,236,236,0,,2026-08-29T19:04:49.126Z,2026-08-29T20:54:41.421Z,6592,2026-08-29T20:54:41.421Z,B28,West Plains,dd7385f2-fbd4-41a4-afcd-7296aca5e198,SAMMS-WestPlainesV5
202608292054380800,202608291904436021,202608291904434406,85,973,Bronze INV,br_AdmissionAssessmentDimensionSix,TASK_COMPLETE,SUCCESS,INFO,260,260,0,,2026-08-29T19:04:49.126Z,2026-08-29T20:54:41.421Z,6592,2026-08-29T20:54:41.421Z,B29,Poplar Bluff,dd7385f2-fbd4-41a4-afcd-7296aca5e198,SAMMS-PoplarBluffV5
202608292054380801,202608291904436022,202608291904434406,85,974,Bronze INV,br_AdmissionAssessmentDimensionSix,TASK_COMPLETE,SUCCESS,INFO,139,139,0,,2026-08-29T19:04:49.126Z,2026-08-29T20:54:41.421Z,6592,2026-08-29T20:54:41.421Z,B30,KC North,dd7385f2-fbd4-41a4-afcd-7296aca5e198,SAMMS-KCNv5
202608292054380802,202608291904436023,202608291904434406,85,975,Bronze INV,br_AdmissionAssessmentDimensionSix,TASK_COMPLETE,SUCCESS,INFO,341,341,0,,2026-08-29T19:04:49.126Z,2026-08-29T20:54:41.421Z,6592,2026-08-29T20:54:41.421Z,B31,Dyersburg,dd7385f2-fbd4-41a4-afcd-7296aca5e198,SAMMS-DyersburgV5
202608292054380803,202608291904436024,202608291904434406,85,977,Bronze INV,br_AdmissionAssessmentDimensionSix,TASK_COMPLETE,SUCCESS,INFO,213,213,0,,2026-08-29T19:04:49.126Z,2026-08-29T20:54:41.421Z,6592,2026-08-29T20:54:41.421Z,B33,Paducah,dd7385f2-fbd4-41a4-afcd-7296aca5e198,SAMMS-Paducah
202608292054380804,202608291904436025,202608291904434406,85,978,Bronze INV,br_AdmissionAssessmentDimensionSix,TASK_COMPLETE,SUCCESS,INFO,443,443,0,,2026-08-29T19:04:49.126Z,2026-08-29T20:54:41.421Z,6592,2026-08-29T20:54:41.421Z,B34,Corbin,dd7385f2-fbd4-41a4-afcd-7296aca5e198,SAMMS-CorbinV5
202608292054380805,202608291904436026,202608291904434406,85,979,Bronze INV,br_AdmissionAssessmentDimensionSix,TASK_COMPLETE,SUCCESS,INFO,712,712,0,,2026-08-29T19:04:49.126Z,2026-08-29T20:54:41.421Z,6592,2026-08-29T20:54:41.421Z,B35,Lexington,dd7385f2-fbd4-41a4-afcd-7296aca5e198,SAMMS-LexingtonV5
202608292054380806,202608291904436027,202608291904434406,85,980,Bronze INV,br_AdmissionAssessmentDimensionSix,TASK_COMPLETE,SUCCESS,INFO,346,346,0,,2026-08-29T19:04:49.126Z,2026-08-29T20:54:41.421Z,6592,2026-08-29T20:54:41.421Z,B35A,Berea,dd7385f2-fbd4-41a4-afcd-7296aca5e198,SAMMS-BereaV5
202608292054380807,202608291904436028,202608291904434406,85,981,Bronze INV,br_AdmissionAssessmentDimensionSix,TASK_COMPLETE,SUCCESS,INFO,604,604,0,,2026-08-29T19:04:49.126Z,2026-08-29T20:54:41.421Z,6592,2026-08-29T20:54:41.421Z,B36,Asheville,dd7385f2-fbd4-41a4-afcd-7296aca5e198,SAMMS-AshevilleV5
202608292054380808,202608291904436029,202608291904434406,85,982,Bronze INV,br_AdmissionAssessmentDimensionSix,TASK_COMPLETE,SUCCESS,INFO,448,448,0,,2026-08-29T19:04:49.126Z,2026-08-29T20:54:41.421Z,6592,2026-08-29T20:54:41.421Z,B37,Clyde,dd7385f2-fbd4-41a4-afcd-7296aca5e198,SAMMS-ClydeV5
202608292054380809,202608291904436030,202608291904434406,85,983,Bronze INV,br_AdmissionAssessmentDimensionSix,TASK_COMPLETE,SUCCESS,INFO,632,632,0,,2026-08-29T19:04:49.126Z,2026-08-29T20:54:41.421Z,6592,2026-08-29T20:54:41.421Z,B38,Spartanburg,dd7385f2-fbd4-41a4-afcd-7296aca5e198,SAMMS-SpartanburgV5
202608292054380810,202608291904436031,202608291904434406,85,984,Bronze INV,br_AdmissionAssessmentDimensionSix,TASK_COMPLETE,SUCCESS,INFO,474,474,0,,2026-08-29T19:04:49.126Z,2026-08-29T20:54:41.421Z,6592,2026-08-29T20:54:41.421Z,B39,Aiken,dd7385f2-fbd4-41a4-afcd-7296aca5e198,SAMMS-AikenV5
202608292054380812,202608291904436032,202608291904434406,85,985,Bronze INV,br_AdmissionAssessmentDimensionSix,TASK_COMPLETE,SUCCESS,INFO,289,289,0,,2026-08-29T19:04:49.126Z,2026-08-29T20:54:41.421Z,6592,2026-08-29T20:54:41.421Z,B41,Chesapeake,dd7385f2-fbd4-41a4-afcd-7296aca5e198,SAMMS-ChesapeakeV5
202608292054380813,202608291904436033,202608291904434406,85,986,Bronze INV,br_AdmissionAssessmentDimensionSix,TASK_COMPLETE,SUCCESS,INFO,531,531,0,,2026-08-29T19:04:49.126Z,2026-08-29T20:54:41.421Z,6592,2026-08-29T20:54:41.421Z,B42,Virginia Beach,dd7385f2-fbd4-41a4-afcd-7296aca5e198,SAMMS-VirginiaBeachV5
202608292054380814,202608291904436034,202608291904434406,85,987,Bronze INV,br_AdmissionAssessmentDimensionSix,TASK_COMPLETE,SUCCESS,INFO,162,162,0,,2026-08-29T19:04:49.126Z,2026-08-29T20:54:41.421Z,6592,2026-08-29T20:54:41.421Z,B42A,Newport News,dd7385f2-fbd4-41a4-afcd-7296aca5e198,SAMMS-NewportNewsV5
202608292054380815,202608291904436035,202608291904434406,85,988,Bronze INV,br_AdmissionAssessmentDimensionSix,TASK_COMPLETE,SUCCESS,INFO,54,54,0,,2026-08-29T19:04:49.126Z,2026-08-29T20:54:41.421Z,6592,2026-08-29T20:54:41.421Z,B42B,Franklin,dd7385f2-fbd4-41a4-afcd-7296aca5e198,SAMMS-FranklinV5
202608292054380816,202608291904436036,202608291904434406,85,989,Bronze INV,br_AdmissionAssessmentDimensionSix,TASK_COMPLETE,SUCCESS,INFO,334,334,0,,2026-08-29T19:04:49.126Z,2026-08-29T20:54:41.421Z,6592,2026-08-29T20:54:41.421Z,B42C,Glen Allen,dd7385f2-fbd4-41a4-afcd-7296aca5e198,SAMMS-GlenAllenV5
202608292054380817,202608291904436037,202608291904434406,85,990,Bronze INV,br_AdmissionAssessmentDimensionSix,TASK_COMPLETE,SUCCESS,INFO,168,168,0,,2026-08-29T19:04:49.126Z,2026-08-29T20:54:41.421Z,6592,2026-08-29T20:54:41.421Z,B42D,Chesapeake South,dd7385f2-fbd4-41a4-afcd-7296aca5e198,SAMMS-ChesapeakeSouthV5
202608292054380818,202608291904436038,202608291904434406,85,991,Bronze INV,br_AdmissionAssessmentDimensionSix,TASK_COMPLETE,SUCCESS,INFO,209,209,0,,2026-08-29T19:04:49.126Z,2026-08-29T20:54:41.421Z,6592,2026-08-29T20:54:41.421Z,B44,Albany,dd7385f2-fbd4-41a4-afcd-7296aca5e198,SAMMS-AlbanyV5
202608292054380819,202608291904436039,202608291904434406,85,992,Bronze INV,br_AdmissionAssessmentDimensionSix,TASK_COMPLETE,SUCCESS,INFO,306,306,0,,2026-08-29T19:04:49.126Z,2026-08-29T20:54:41.421Z,6592,2026-08-29T20:54:41.421Z,B45,Tifton,dd7385f2-fbd4-41a4-afcd-7296aca5e198,SAMMS-TiftonV5
202608292054380820,202608291904436040,202608291904434406,85,993,Bronze INV,br_AdmissionAssessmentDimensionSix,TASK_COMPLETE,SUCCESS,INFO,666,666,0,,2026-08-29T19:04:49.126Z,2026-08-29T20:54:41.421Z,6592,2026-08-29T20:54:41.421Z,B46,Washington DC,dd7385f2-fbd4-41a4-afcd-7296aca5e198,SAMMS-WashingtonDCv5
202608292054380628,202608291904435869,202608291904434406,85,738,Bronze INV,br_AdmissionAssessmentDimensionFour,TASK_COMPLETE,SUCCESS,INFO,80,80,0,,2026-08-29T19:04:49.126Z,2026-08-29T20:54:41.421Z,6592,2026-08-29T20:54:41.421Z,STN,Staunton,dd7385f2-fbd4-41a4-afcd-7296aca5e198,SAMMS-Staunton
202608292054380629,202608291904435870,202608291904434406,85,739,Bronze INV,br_AdmissionAssessmentDimensionFour,TASK_COMPLETE,SUCCESS,INFO,52,52,0,,2026-08-29T19:04:49.126Z,2026-08-29T20:54:41.421Z,6592,2026-08-29T20:54:41.421Z,STVN,Stevenson,dd7385f2-fbd4-41a4-afcd-7296aca5e198,SAMMS-Stevenson
202608292054380631,202608291904435871,202608291904434406,85,741,Bronze INV,br_AdmissionAssessmentDimensionFour,TASK_COMPLETE,SUCCESS,INFO,70,70,0,,2026-08-29T19:04:49.126Z,2026-08-29T20:54:41.421Z,6592,2026-08-29T20:54:41.421Z,TE,Tempe,dd7385f2-fbd4-41a4-afcd-7296aca5e198,SAMMS-Tempe
202608292054380632,202608291904435872,202608291904434406,85,742,Bronze INV,br_AdmissionAssessmentDimensionFour,TASK_COMPLETE,SUCCESS,INFO,367,367,0,,2026-08-29T19:04:49.126Z,2026-08-29T20:54:41.421Z,6592,2026-08-29T20:54:41.421Z,TEX,Texarkana,dd7385f2-fbd4-41a4-afcd-7296aca5e198,SAMMS-Texarkana
202608292054380633,202608291904435873,202608291904434406,85,743,Bronze INV,br_AdmissionAssessmentDimensionFour,TASK_COMPLETE,SUCCESS,INFO,420,420,0,,2026-08-29T19:04:49.126Z,2026-08-29T20:54:41.421Z,6592,2026-08-29T20:54:41.421Z,TTCA,Bessemer,dd7385f2-fbd4-41a4-afcd-7296aca5e198,SAMMS-BessemerV5
202608292054380634,202608291904435874,202608291904434406,85,744,Bronze INV,br_AdmissionAssessmentDimensionFour,TASK_COMPLETE,SUCCESS,INFO,548,548,0,,2026-08-29T19:04:49.126Z,2026-08-29T20:54:41.421Z,6592,2026-08-29T20:54:41.421Z,TTCB,Cullman,dd7385f2-fbd4-41a4-afcd-7296aca5e198,SAMMS-CullmanV5
202608292054380635,202608291904435875,202608291904434406,85,745,Bronze INV,br_AdmissionAssessmentDimensionFour,TASK_COMPLETE,SUCCESS,INFO,296,296,0,,2026-08-29T19:04:49.126Z,2026-08-29T20:54:41.421Z,6592,2026-08-29T20:54:41.421Z,TTCC,Grand Bay,dd7385f2-fbd4-41a4-afcd-7296aca5e198,SAMMS-GrandBay
202608292054380636,202608291904435876,202608291904434406,85,746,Bronze INV,br_AdmissionAssessmentDimensionFour,TASK_COMPLETE,SUCCESS,INFO,22,22,0,,2026-08-29T19:04:49.126Z,2026-08-29T20:54:41.421Z,6592,2026-08-29T20:54:41.421Z,TU,Tucson,dd7385f2-fbd4-41a4-afcd-7296aca5e198,SAMMS-Tucson
202608292054380637,202608291904435877,202608291904434406,85,748,Bronze INV,br_AdmissionAssessmentDimensionFour,TASK_COMPLETE,SUCCESS,INFO,252,252,0,,2026-08-29T19:04:49.126Z,2026-08-29T20:54:41.421Z,6592,2026-08-29T20:54:41.421Z,V1,Memphis South,dd7385f2-fbd4-41a4-afcd-7296aca5e198,SAMMS-VCPHCS-I-MemphisV5
202608292054380639,202608291904435878,202608291904434406,85,749,Bronze INV,br_AdmissionAssessmentDimensionFour,TASK_COMPLETE,SUCCESS,INFO,693,693,0,,2026-08-29T19:04:49.126Z,2026-08-29T20:54:41.421Z,6592,2026-08-29T20:54:41.421Z,V10,Longmont,dd7385f2-fbd4-41a4-afcd-7296aca5e198,SAMMS-BoulderV5
202608292054380640,202608291904435879,202608291904434406,85,750,Bronze INV,br_AdmissionAssessmentDimensionFour,TASK_COMPLETE,SUCCESS,INFO,1190,1190,0,,2026-08-29T19:04:49.126Z,2026-08-29T20:54:41.421Z,6592,2026-08-29T20:54:41.421Z,V10A,Fort Collins,dd7385f2-fbd4-41a4-afcd-7296aca5e198,SAMMS-FortCollinsV5
202608292054380641,202608291904435880,202608291904434406,85,751,Bronze INV,br_AdmissionAssessmentDimensionFour,TASK_COMPLETE,SUCCESS,INFO,989,989,0,,2026-08-29T19:04:49.126Z,2026-08-29T20:54:41.421Z,6592,2026-08-29T20:54:41.421Z,V11,Westminster,dd7385f2-fbd4-41a4-afcd-7296aca5e198,SAMMS-VCPHCS-XI-NorthDenverV5
202608292054380642,202608291904435881,202608291904434406,85,752,Bronze INV,br_AdmissionAssessmentDimensionFour,TASK_COMPLETE,SUCCESS,INFO,1055,1055,0,,2026-08-29T19:04:49.126Z,2026-08-29T20:54:41.421Z,6592,2026-08-29T20:54:41.421Z,V12,Downtown Denver,dd7385f2-fbd4-41a4-afcd-7296aca5e198,SAMMS-VCPHCS-XII-DowntownDenverV5
202608292054380643,202608291904435882,202608291904434406,85,753,Bronze INV,br_AdmissionAssessmentDimensionFour,TASK_COMPLETE,SUCCESS,INFO,476,476,0,,2026-08-29T19:04:49.126Z,2026-08-29T20:54:41.421Z,6592,2026-08-29T20:54:41.421Z,V12A,Centennial,dd7385f2-fbd4-41a4-afcd-7296aca5e198,SAMMS-CentennialV5
202608292054380644,202608291904435883,202608291904434406,85,754,Bronze INV,br_AdmissionAssessmentDimensionFour,TASK_COMPLETE,SUCCESS,INFO,291,291,0,,2026-08-29T19:04:49.126Z,2026-08-29T20:54:41.421Z,6592,2026-08-29T20:54:41.421Z,V14,Overland Park,dd7385f2-fbd4-41a4-afcd-7296aca5e198,SAMMS-VCPHCS-XIV-BridgewayV5
202608292054380645,202608291904435884,202608291904434406,85,755,Bronze INV,br_AdmissionAssessmentDimensionFour,TASK_COMPLETE,SUCCESS,INFO,566,566,0,,2026-08-29T19:04:49.126Z,2026-08-29T20:54:41.421Z,6592,2026-08-29T20:54:41.421Z,V15,Joplin,dd7385f2-fbd4-41a4-afcd-7296aca5e198,SAMMS-JoplinV5
202608292054380647,202608291904435885,202608291904434406,85,757,Bronze INV,br_AdmissionAssessmentDimensionFour,TASK_COMPLETE,SUCCESS,INFO,470,470,0,,2026-08-29T19:04:49.126Z,2026-08-29T20:54:41.421Z,6592,2026-08-29T20:54:41.421Z,V17,Columbia TN,dd7385f2-fbd4-41a4-afcd-7296aca5e198,SAMMS-ColumbiaTNv5
202608292054380648,202608291904435886,202608291904434406,85,759,Bronze INV,br_AdmissionAssessmentDimensionFour,TASK_COMPLETE,SUCCESS,INFO,412,412,0,,2026-08-29T19:04:49.126Z,2026-08-29T20:54:41.421Z,6592,2026-08-29T20:54:41.421Z,V19,Jackson,dd7385f2-fbd4-41a4-afcd-7296aca5e198,SAMMS-JacksonV5
202608292054380649,202608291904435887,202608291904434406,85,761,Bronze INV,br_AdmissionAssessmentDimensionFour,TASK_COMPLETE,SUCCESS,INFO,483,483,0,,2026-08-29T19:04:49.126Z,2026-08-29T20:54:41.421Z,6592,2026-08-29T20:54:41.421Z,V20,Paris,dd7385f2-fbd4-41a4-afcd-7296aca5e198,SAMMS-ParisV5
202608292054380650,202608291904435888,202608291904434406,85,762,Bronze INV,br_AdmissionAssessmentDimensionFour,TASK_COMPLETE,SUCCESS,INFO,354,354,0,,2026-08-29T19:04:49.126Z,2026-08-29T20:54:41.421Z,6592,2026-08-29T20:54:41.421Z,V21,Memphis North,dd7385f2-fbd4-41a4-afcd-7296aca5e198,SAMMS-RaleighV5
202608292054380651,202608291904435889,202608291904434406,85,765,Bronze INV,br_AdmissionAssessmentDimensionFour,TASK_COMPLETE,SUCCESS,INFO,699,699,0,,2026-08-29T19:04:49.126Z,2026-08-29T20:54:41.421Z,6592,2026-08-29T20:54:41.421Z,V5,West Bank,dd7385f2-fbd4-41a4-afcd-7296aca5e198,SAMMS-NONTCv5
202608292054380652,202608291904435890,202608291904434406,85,767,Bronze INV,br_AdmissionAssessmentDimensionFour,TASK_COMPLETE,SUCCESS,INFO,253,253,0,,2026-08-29T19:04:49.126Z,2026-08-29T20:54:41.421Z,6592,2026-08-29T20:54:41.421Z,V5B,Houma,dd7385f2-fbd4-41a4-afcd-7296aca5e198,SAMMS-HoumaV6
202608292054380653,202608291904435891,202608291904434406,85,768,Bronze INV,br_AdmissionAssessmentDimensionFour,TASK_COMPLETE,SUCCESS,INFO,953,953,0,,2026-08-29T19:04:49.126Z,2026-08-29T20:54:41.421Z,6592,2026-08-29T20:54:41.421Z,V6,Lake Charles,dd7385f2-fbd4-41a4-afcd-7296aca5e198,SAMMS-LCv5
202608292054380655,202608291904435892,202608291904434406,85,770,Bronze INV,br_AdmissionAssessmentDimensionFour,TASK_COMPLETE,SUCCESS,INFO,562,562,0,,2026-08-29T19:04:49.126Z,2026-08-29T20:54:41.421Z,6592,2026-08-29T20:54:41.421Z,V8,Memphis Midtown,dd7385f2-fbd4-41a4-afcd-7296aca5e198,SAMMS-VCPHCS-VIII-MemphisV5
202608292054380656,202608291904435893,202608291904434406,85,771,Bronze INV,br_AdmissionAssessmentDimensionFour,TASK_COMPLETE,SUCCESS,INFO,1572,1572,0,,2026-08-29T19:04:49.126Z,2026-08-29T20:54:41.421Z,6592,2026-08-29T20:54:41.421Z,V9,Nashville,dd7385f2-fbd4-41a4-afcd-7296aca5e198,SAMMS-NashvilleV5
202608292054380657,202608291904435894,202608291904434406,85,772,Bronze INV,br_AdmissionAssessmentDimensionFour,TASK_COMPLETE,SUCCESS,INFO,330,330,0,,2026-08-29T19:04:49.126Z,2026-08-29T20:54:41.421Z,6592,2026-08-29T20:54:41.421Z,VBRA,Brainerd,dd7385f2-fbd4-41a4-afcd-7296aca5e198,SAMMS-BrainerdV6
202608292054380658,202608291904435895,202608291904434406,85,773,Bronze INV,br_AdmissionAssessmentDimensionFour,TASK_COMPLETE,SUCCESS,INFO,591,591,0,,2026-08-29T19:04:49.126Z,2026-08-29T20:54:41.421Z,6592,2026-08-29T20:54:41.421Z,VBRP,Brooklyn Park,dd7385f2-fbd4-41a4-afcd-7296aca5e198,SAMMS-BrooklynParkV6
202608292054380662,202608291904435896,202608291904434406,85,775,Bronze INV,br_AdmissionAssessmentDimensionFour,TASK_COMPLETE,SUCCESS,INFO,571,571,0,,2026-08-29T19:04:49.126Z,2026-08-29T20:54:41.421Z,6592,2026-08-29T20:54:41.421Z,VMIN,Minneapolis,dd7385f2-fbd4-41a4-afcd-7296aca5e198,SAMMS-MinneapolisV6
202608292054380663,202608291904435897,202608291904434406,85,776,Bronze INV,br_AdmissionAssessmentDimensionFour,TASK_COMPLETE,SUCCESS,INFO,1059,1059,0,,2026-08-29T19:04:49.126Z,2026-08-29T20:54:41.421Z,6592,2026-08-29T20:54:41.421Z,VWBY,Woodbury,dd7385f2-fbd4-41a4-afcd-7296aca5e198,SAMMS-WoodburyV6
202608292054380664,202608291904435898,202608291904434406,85,778,Bronze INV,br_AdmissionAssessmentDimensionFour,TASK_COMPLETE,SUCCESS,INFO,431,431,0,,2026-08-29T19:04:49.126Z,2026-08-29T20:54:41.421Z,6592,2026-08-29T20:54:41.421Z,WIL,Wilson,dd7385f2-fbd4-41a4-afcd-7296aca5e198,SAMMS-Wilson
202608292054380666,202608291904435899,202608291904434406,85,414,Bronze INV,br_AdmissionAssessmentDimensionFiveSubstanceUse,TASK_COMPLETE,SUCCESS,INFO,97,97,0,,2026-08-29T19:04:49.126Z,2026-08-29T20:54:41.421Z,6592,2026-08-29T20:54:41.421Z,AHK,Ahoskie,dd7385f2-fbd4-41a4-afcd-7296aca5e198,SAMMS-Ahoskie
202608292054380667,202608291904435900,202608291904434406,85,415,Bronze INV,br_AdmissionAssessmentDimensionFiveSubstanceUse,TASK_COMPLETE,SUCCESS,INFO,791,791,0,,2026-08-29T19:04:49.126Z,2026-08-29T20:54:41.421Z,6592,2026-08-29T20:54:41.421Z,B12B,Colorado Springs,dd7385f2-fbd4-41a4-afcd-7296aca5e198,SAMMS-ColoradoSpringsV5
202608292054380668,202608291904435901,202608291904434406,85,416,Bronze INV,br_AdmissionAssessmentDimensionFiveSubstanceUse,TASK_COMPLETE,SUCCESS,INFO,412,412,0,,2026-08-29T19:04:49.126Z,2026-08-29T20:54:41.421Z,6592,2026-08-29T20:54:41.421Z,B24,Paintsville,dd7385f2-fbd4-41a4-afcd-7296aca5e198,SAMMS-PaintsvilleV5
202608292054380669,202608291904435902,202608291904434406,85,417,Bronze INV,br_AdmissionAssessmentDimensionFiveSubstanceUse,TASK_COMPLETE,SUCCESS,INFO,171,171,0,,2026-08-29T19:04:49.126Z,2026-08-29T20:54:41.421Z,6592,2026-08-29T20:54:41.421Z,B25,Pikeville,dd7385f2-fbd4-41a4-afcd-7296aca5e198,SAMMS-PikevilleV5
202608292054380670,202608291904435903,202608291904434406,85,418,Bronze INV,br_AdmissionAssessmentDimensionFiveSubstanceUse,TASK_COMPLETE,SUCCESS,INFO,493,493,0,,2026-08-29T19:04:49.126Z,2026-08-29T20:54:41.421Z,6592,2026-08-29T20:54:41.421Z,B26,Hazard,dd7385f2-fbd4-41a4-afcd-7296aca5e198,SAMMS-HazardV5
202608292054380671,202608291904435904,202608291904434406,85,419,Bronze INV,br_AdmissionAssessmentDimensionFiveSubstanceUse,TASK_COMPLETE,SUCCESS,INFO,189,189,0,,2026-08-29T19:04:49.126Z,2026-08-29T20:54:41.421Z,6592,2026-08-29T20:54:41.421Z,B27,Savannah,dd7385f2-fbd4-41a4-afcd-7296aca5e198,SAMMS-SavannahV6
202608292054380672,202608291904435905,202608291904434406,85,420,Bronze INV,br_AdmissionAssessmentDimensionFiveSubstanceUse,TASK_COMPLETE,SUCCESS,INFO,235,235,0,,2026-08-29T19:04:49.126Z,2026-08-29T20:54:41.421Z,6592,2026-08-29T20:54:41.421Z,B28,West Plains,dd7385f2-fbd4-41a4-afcd-7296aca5e198,SAMMS-WestPlainesV5
202608292054380674,202608291904435906,202608291904434406,85,421,Bronze INV,br_AdmissionAssessmentDimensionFiveSubstanceUse,TASK_COMPLETE,SUCCESS,INFO,261,261,0,,2026-08-29T19:04:49.126Z,2026-08-29T20:54:41.421Z,6592,2026-08-29T20:54:41.421Z,B29,Poplar Bluff,dd7385f2-fbd4-41a4-afcd-7296aca5e198,SAMMS-PoplarBluffV5
202608292054380675,202608291904435907,202608291904434406,85,422,Bronze INV,br_AdmissionAssessmentDimensionFiveSubstanceUse,TASK_COMPLETE,SUCCESS,INFO,139,139,0,,2026-08-29T19:04:49.126Z,2026-08-29T20:54:41.421Z,6592,2026-08-29T20:54:41.421Z,B30,KC North,dd7385f2-fbd4-41a4-afcd-7296aca5e198,SAMMS-KCNv5
202608292054380676,202608291904435908,202608291904434406,85,423,Bronze INV,br_AdmissionAssessmentDimensionFiveSubstanceUse,TASK_COMPLETE,SUCCESS,INFO,338,338,0,,2026-08-29T19:04:49.126Z,2026-08-29T20:54:41.421Z,6592,2026-08-29T20:54:41.421Z,B31,Dyersburg,dd7385f2-fbd4-41a4-afcd-7296aca5e198,SAMMS-DyersburgV5
202608292054380677,202608291904435909,202608291904434406,85,425,Bronze INV,br_AdmissionAssessmentDimensionFiveSubstanceUse,TASK_COMPLETE,SUCCESS,INFO,211,211,0,,2026-08-29T19:04:49.126Z,2026-08-29T20:54:41.421Z,6592,2026-08-29T20:54:41.421Z,B33,Paducah,dd7385f2-fbd4-41a4-afcd-7296aca5e198,SAMMS-Paducah
202608292054380678,202608291904435910,202608291904434406,85,426,Bronze INV,br_AdmissionAssessmentDimensionFiveSubstanceUse,TASK_COMPLETE,SUCCESS,INFO,448,448,0,,2026-08-29T19:04:49.126Z,2026-08-29T20:54:41.421Z,6592,2026-08-29T20:54:41.421Z,B34,Corbin,dd7385f2-fbd4-41a4-afcd-7296aca5e198,SAMMS-CorbinV5
202608292054380679,202608291904435911,202608291904434406,85,427,Bronze INV,br_AdmissionAssessmentDimensionFiveSubstanceUse,TASK_COMPLETE,SUCCESS,INFO,711,711,0,,2026-08-29T19:04:49.126Z,2026-08-29T20:54:41.421Z,6592,2026-08-29T20:54:41.421Z,B35,Lexington,dd7385f2-fbd4-41a4-afcd-7296aca5e198,SAMMS-LexingtonV5
202608292054380681,202608291904435912,202608291904434406,85,428,Bronze INV,br_AdmissionAssessmentDimensionFiveSubstanceUse,TASK_COMPLETE,SUCCESS,INFO,347,347,0,,2026-08-29T19:04:49.126Z,2026-08-29T20:54:41.421Z,6592,2026-08-29T20:54:41.421Z,B35A,Berea,dd7385f2-fbd4-41a4-afcd-7296aca5e198,SAMMS-BereaV5
202608292054380682,202608291904435913,202608291904434406,85,429,Bronze INV,br_AdmissionAssessmentDimensionFiveSubstanceUse,TASK_COMPLETE,SUCCESS,INFO,601,601,0,,2026-08-29T19:04:49.126Z,2026-08-29T20:54:41.421Z,6592,2026-08-29T20:54:41.421Z,B36,Asheville,dd7385f2-fbd4-41a4-afcd-7296aca5e198,SAMMS-AshevilleV5
202608292054380683,202608291904435914,202608291904434406,85,430,Bronze INV,br_AdmissionAssessmentDimensionFiveSubstanceUse,TASK_COMPLETE,SUCCESS,INFO,446,446,0,,2026-08-29T19:04:49.126Z,2026-08-29T20:54:41.421Z,6592,2026-08-29T20:54:41.421Z,B37,Clyde,dd7385f2-fbd4-41a4-afcd-7296aca5e198,SAMMS-ClydeV5
202608292054380684,202608291904435915,202608291904434406,85,431,Bronze INV,br_AdmissionAssessmentDimensionFiveSubstanceUse,TASK_COMPLETE,SUCCESS,INFO,634,634,0,,2026-08-29T19:04:49.126Z,2026-08-29T20:54:41.421Z,6592,2026-08-29T20:54:41.421Z,B38,Spartanburg,dd7385f2-fbd4-41a4-afcd-7296aca5e198,SAMMS-SpartanburgV5
202608292054380685,202608291904435916,202608291904434406,85,432,Bronze INV,br_AdmissionAssessmentDimensionFiveSubstanceUse,TASK_COMPLETE,SUCCESS,INFO,478,478,0,,2026-08-29T19:04:49.126Z,2026-08-29T20:54:41.421Z,6592,2026-08-29T20:54:41.421Z,B39,Aiken,dd7385f2-fbd4-41a4-afcd-7296aca5e198,SAMMS-AikenV5
202608292054380686,202608291904435917,202608291904434406,85,433,Bronze INV,br_AdmissionAssessmentDimensionFiveSubstanceUse,TASK_COMPLETE,SUCCESS,INFO,289,289,0,,2026-08-29T19:04:49.126Z,2026-08-29T20:54:41.421Z,6592,2026-08-29T20:54:41.421Z,B41,Chesapeake,dd7385f2-fbd4-41a4-afcd-7296aca5e198,SAMMS-ChesapeakeV5
202608292054380687,202608291904435918,202608291904434406,85,434,Bronze INV,br_AdmissionAssessmentDimensionFiveSubstanceUse,TASK_COMPLETE,SUCCESS,INFO,534,534,0,,2026-08-29T19:04:49.126Z,2026-08-29T20:54:41.421Z,6592,2026-08-29T20:54:41.421Z,B42,Virginia Beach,dd7385f2-fbd4-41a4-afcd-7296aca5e198,SAMMS-VirginiaBeachV5
202608292054380688,202608291904435919,202608291904434406,85,435,Bronze INV,br_AdmissionAssessmentDimensionFiveSubstanceUse,TASK_COMPLETE,SUCCESS,INFO,161,161,0,,2026-08-29T19:04:49.126Z,2026-08-29T20:54:41.421Z,6592,2026-08-29T20:54:41.421Z,B42A,Newport News,dd7385f2-fbd4-41a4-afcd-7296aca5e198,SAMMS-NewportNewsV5
202608292054380689,202608291904435920,202608291904434406,85,436,Bronze INV,br_AdmissionAssessmentDimensionFiveSubstanceUse,TASK_COMPLETE,SUCCESS,INFO,54,54,0,,2026-08-29T19:04:49.126Z,2026-08-29T20:54:41.421Z,6592,2026-08-29T20:54:41.421Z,B42B,Franklin,dd7385f2-fbd4-41a4-afcd-7296aca5e198,SAMMS-FranklinV5
202608292054380690,202608291904435921,202608291904434406,85,437,Bronze INV,br_AdmissionAssessmentDimensionFiveSubstanceUse,TASK_COMPLETE,SUCCESS,INFO,334,334,0,,2026-08-29T19:04:49.126Z,2026-08-29T20:54:41.421Z,6592,2026-08-29T20:54:41.421Z,B42C,Glen Allen,dd7385f2-fbd4-41a4-afcd-7296aca5e198,SAMMS-GlenAllenV5
202608292054380691,202608291904435922,202608291904434406,85,438,Bronze INV,br_AdmissionAssessmentDimensionFiveSubstanceUse,TASK_COMPLETE,SUCCESS,INFO,166,166,0,,2026-08-29T19:04:49.126Z,2026-08-29T20:54:41.421Z,6592,2026-08-29T20:54:41.421Z,B42D,Chesapeake South,dd7385f2-fbd4-41a4-afcd-7296aca5e198,SAMMS-ChesapeakeSouthV5
202608292054380693,202608291904435923,202608291904434406,85,439,Bronze INV,br_AdmissionAssessmentDimensionFiveSubstanceUse,TASK_COMPLETE,SUCCESS,INFO,208,208,0,,2026-08-29T19:04:49.126Z,2026-08-29T20:54:41.421Z,6592,2026-08-29T20:54:41.421Z,B44,Albany,dd7385f2-fbd4-41a4-afcd-7296aca5e198,SAMMS-AlbanyV5
202608292054380694,202608291904435924,202608291904434406,85,440,Bronze INV,br_AdmissionAssessmentDimensionFiveSubstanceUse,TASK_COMPLETE,SUCCESS,INFO,306,306,0,,2026-08-29T19:04:49.126Z,2026-08-29T20:54:41.421Z,6592,2026-08-29T20:54:41.421Z,B45,Tifton,dd7385f2-fbd4-41a4-afcd-7296aca5e198,SAMMS-TiftonV5
202608292054380695,202608291904435925,202608291904434406,85,441,Bronze INV,br_AdmissionAssessmentDimensionFiveSubstanceUse,TASK_COMPLETE,SUCCESS,INFO,661,661,0,,2026-08-29T19:04:49.126Z,2026-08-29T20:54:41.421Z,6592,2026-08-29T20:54:41.421Z,B46,Washington DC,dd7385f2-fbd4-41a4-afcd-7296aca5e198,SAMMS-WashingtonDCv5
202608292054380696,202608291904435926,202608291904434406,85,442,Bronze INV,br_AdmissionAssessmentDimensionFiveSubstanceUse,TASK_COMPLETE,SUCCESS,INFO,354,354,0,,2026-08-29T19:04:49.126Z,2026-08-29T20:54:41.421Z,6592,2026-08-29T20:54:41.421Z,B47,Mobile,dd7385f2-fbd4-41a4-afcd-7296aca5e198,SAMMS-MobileV5
202608292054380697,202608291904435927,202608291904434406,85,443,Bronze INV,br_AdmissionAssessmentDimensionFiveSubstanceUse,TASK_COMPLETE,SUCCESS,INFO,450,450,0,,2026-08-29T19:04:49.126Z,2026-08-29T20:54:41.421Z,6592,2026-08-29T20:54:41.421Z,B48,Tuscaloosa,dd7385f2-fbd4-41a4-afcd-7296aca5e198,SAMMS-TuscaloosaV5
202608292054380698,202608291904435928,202608291904434406,85,452,Bronze INV,br_AdmissionAssessmentDimensionFiveSubstanceUse,TASK_COMPLETE,SUCCESS,INFO,312,312,0,,2026-08-29T19:04:49.126Z,2026-08-29T20:54:41.421Z,6592,2026-08-29T20:54:41.421Z,B51,N. Little Rock (OTP),dd7385f2-fbd4-41a4-afcd-7296aca5e198,SAMMS-NorthLittleRockV6
202608292054380699,202608291904435929,202608291904434406,85,453,Bronze INV,br_AdmissionAssessmentDimensionFiveSubstanceUse,TASK_COMPLETE,SUCCESS,INFO,154,154,0,,2026-08-29T19:04:49.126Z,2026-08-29T20:54:41.421Z,6592,2026-08-29T20:54:41.421Z,B52,Jackson GA,dd7385f2-fbd4-41a4-afcd-7296aca5e198,SAMMS-JacksonGAV5
202608292054380700,202608291904435930,202608291904434406,85,454,Bronze INV,br_AdmissionAssessmentDimensionFiveSubstanceUse,TASK_COMPLETE,SUCCESS,INFO,472,472,0,,2026-08-29T19:04:49.126Z,2026-08-29T20:54:41.421Z,6592,2026-08-29T20:54:41.421Z,B54,Gadsden,dd7385f2-fbd4-41a4-afcd-7296aca5e198,SAMMS-GadsdenV5
202608292054380701,202608291904435931,202608291904434406,85,455,Bronze INV,br_AdmissionAssessmentDimensionFiveSubstanceUse,TASK_COMPLETE,SUCCESS,INFO,481,481,0,,2026-08-29T19:04:49.126Z,2026-08-29T20:54:41.421Z,6592,2026-08-29T20:54:41.421Z,B55,Shoals,dd7385f2-fbd4-41a4-afcd-7296aca5e198,SAMMS-ShoalsV5
202608292054380702,202608291904435932,202608291904434406,85,456,Bronze INV,br_AdmissionAssessmentDimensionFiveSubstanceUse,TASK_COMPLETE,SUCCESS,INFO,170,170,0,,2026-08-29T19:04:49.126Z,2026-08-29T20:54:41.421Z,6592,2026-08-29T20:54:41.421Z,B57,Pawtucket,dd7385f2-fbd4-41a4-afcd-7296aca5e198,SAMMS-Pawtucket
202608292054380703,202608291904435933,202608291904434406,85,457,Bronze INV,br_AdmissionAssessmentDimensionFiveSubstanceUse,TASK_COMPLETE,SUCCESS,INFO,167,167,0,,2026-08-29T19:04:49.126Z,2026-08-29T20:54:41.421Z,6592,2026-08-29T20:54:41.421Z,B57A,Johnston,dd7385f2-fbd4-41a4-afcd-7296aca5e198,SAMMS-Johnston
202608292054380705,202608291904435934,202608291904434406,85,458,Bronze INV,br_AdmissionAssessmentDimensionFiveSubstanceUse,TASK_COMPLETE,SUCCESS,INFO,86,86,0,,2026-08-29T19:04:49.126Z,2026-08-29T20:54:41.421Z,6592,2026-08-29T20:54:41.421Z,B57B,Middletown,dd7385f2-fbd4-41a4-afcd-7296aca5e198,SAMMS-Middletown
202608292054380706,202608291904435935,202608291904434406,85,459,Bronze INV,br_AdmissionAssessmentDimensionFiveSubstanceUse,TASK_COMPLETE,SUCCESS,INFO,175,175,0,,2026-08-29T19:04:49.126Z,2026-08-29T20:54:41.421Z,6592,2026-08-29T20:54:41.421Z,B57C,Providence,dd7385f2-fbd4-41a4-afcd-7296aca5e198,SAMMS-Providence
202608292054380707,202608291904435936,202608291904434406,85,460,Bronze INV,br_AdmissionAssessmentDimensionFiveSubstanceUse,TASK_COMPLETE,SUCCESS,INFO,254,254,0,,2026-08-29T19:04:49.126Z,2026-08-29T20:54:41.421Z,6592,2026-08-29T20:54:41.421Z,B57D,Westerly,dd7385f2-fbd4-41a4-afcd-7296aca5e198,SAMMS-Westerly
202608292054380708,202608291904435937,202608291904434406,85,464,Bronze INV,br_AdmissionAssessmentDimensionFiveSubstanceUse,TASK_COMPLETE,SUCCESS,INFO,364,364,0,,2026-08-29T19:04:49.126Z,2026-08-29T20:54:41.421Z,6592,2026-08-29T20:54:41.421Z,B66A,Bremen,dd7385f2-fbd4-41a4-afcd-7296aca5e198,SAMMS-Bremen
202608292054380709,202608291904435938,202608291904434406,85,467,Bronze INV,br_AdmissionAssessmentDimensionFiveSubstanceUse,TASK_COMPLETE,SUCCESS,INFO,12,12,0,,2026-08-29T19:04:49.126Z,2026-08-29T20:54:41.421Z,6592,2026-08-29T20:54:41.421Z,B72,Mobile (OBOT),dd7385f2-fbd4-41a4-afcd-7296aca5e198,SAMMS-Mobile-OBOT
202608292054380710,202608291904435939,202608291904434406,85,468,Bronze INV,br_AdmissionAssessmentDimensionFiveSubstanceUse,TASK_COMPLETE,SUCCESS,INFO,2,2,0,,2026-08-29T19:04:49.126Z,2026-08-29T20:54:41.421Z,6592,2026-08-29T20:54:41.421Z,B73,Montgomery,dd7385f2-fbd4-41a4-afcd-7296aca5e198,SAMMS-Montgomery
202608292054380711,202608291904435940,202608291904434406,85,469,Bronze INV,br_AdmissionAssessmentDimensionFiveSubstanceUse,TASK_COMPLETE,SUCCESS,INFO,316,316,0,,2026-08-29T19:04:49.126Z,2026-08-29T20:54:41.421Z,6592,2026-08-29T20:54:41.421Z,B75,Lawrence,dd7385f2-fbd4-41a4-afcd-7296aca5e198,SAMMS-LawrenceV6
202608292054380712,202608291904435941,202608291904434406,85,470,Bronze INV,br_AdmissionAssessmentDimensionFiveSubstanceUse,TASK_COMPLETE,SUCCESS,INFO,49,49,0,,2026-08-29T19:04:49.126Z,2026-08-29T20:54:41.421Z,6592,2026-08-29T20:54:41.421Z,B76,Huntsville OBOT,dd7385f2-fbd4-41a4-afcd-7296aca5e198,SAMMS-Huntsville-OBOT
202608292054380713,202608291904435942,202608291904434406,85,471,Bronze INV,br_AdmissionAssessmentDimensionFiveSubstanceUse,TASK_COMPLETE,SUCCESS,INFO,301,301,0,,2026-08-29T19:04:49.126Z,2026-08-29T20:54:41.421Z,6592,2026-08-29T20:54:41.421Z,BAT,Batesville,dd7385f2-fbd4-41a4-afcd-7296aca5e198,SAMMS-Batesville
202608292054380714,202608291904435943,202608291904434406,85,472,Bronze INV,br_AdmissionAssessmentDimensionFiveSubstanceUse,TASK_COMPLETE,SUCCESS,INFO,238,238,0,,2026-08-29T19:04:49.126Z,2026-08-29T20:54:41.421Z,6592,2026-08-29T20:54:41.421Z,BG,Bowling Green,dd7385f2-fbd4-41a4-afcd-7296aca5e198,SAMMS-BowlingGreen
202608292054380715,202608291904435944,202608291904434406,85,473,Bronze INV,br_AdmissionAssessmentDimensionFiveSubstanceUse,TASK_COMPLETE,SUCCESS,INFO,216,216,0,,2026-08-29T19:04:49.126Z,2026-08-29T20:54:41.421Z,6592,2026-08-29T20:54:41.421Z,BOI,Boise,dd7385f2-fbd4-41a4-afcd-7296aca5e198,SAMMS-Boise
202608292054380716,202608291904435945,202608291904434406,85,480,Bronze INV,br_AdmissionAssessmentDimensionFiveSubstanceUse,TASK_COMPLETE,SUCCESS,INFO,283,283,0,,2026-08-29T19:04:49.126Z,2026-08-29T20:54:41.421Z,6592,2026-08-29T20:54:41.421Z,CBCO,Coeur dAlene,dd7385f2-fbd4-41a4-afcd-7296aca5e198,SAMMS-CoeurdAleneV6
202608292054380718,202608291904435946,202608291904434406,85,499,Bronze INV,br_AdmissionAssessmentDimensionFiveSubstanceUse,TASK_COMPLETE,SUCCESS,INFO,303,303,0,,2026-08-29T19:04:49.126Z,2026-08-29T20:54:41.421Z,6592,2026-08-29T20:54:41.421Z,CON,Conway,dd7385f2-fbd4-41a4-afcd-7296aca5e198,SAMMS-Conway
202608292054380719,202608291904435947,202608291904434406,85,500,Bronze INV,br_AdmissionAssessmentDimensionFiveSubstanceUse,TASK_COMPLETE,SUCCESS,INFO,1543,1543,0,,2026-08-29T19:04:49.126Z,2026-08-29T20:54:41.421Z,6592,2026-08-29T20:54:41.421Z,D07,Medical Services Knox TN,dd7385f2-fbd4-41a4-afcd-7296aca5e198,SAMMS-KnoxvilleV6
202608292054380720,202608291904435948,202608291904434406,85,501,Bronze INV,br_AdmissionAssessmentDimensionFiveSubstanceUse,TASK_COMPLETE,SUCCESS,INFO,953,953,0,,2026-08-29T19:04:49.126Z,2026-08-29T20:54:41.421Z,6592,2026-08-29T20:54:41.421Z,D08,Madison,dd7385f2-fbd4-41a4-afcd-7296aca5e198,SAMMS-MadisonV6
202608292054380721,202608291904435949,202608291904434406,85,503,Bronze INV,br_AdmissionAssessmentDimensionFiveSubstanceUse,TASK_COMPLETE,SUCCESS,INFO,932,932,0,,2026-08-29T19:04:49.126Z,2026-08-29T20:54:41.421Z,6592,2026-08-29T20:54:41.421Z,D09,Murfreesboro,dd7385f2-fbd4-41a4-afcd-7296aca5e198,SAMMS-MurfreesboroV6
202608292054380722,202608291904435950,202608291904434406,85,504,Bronze INV,br_AdmissionAssessmentDimensionFiveSubstanceUse,TASK_COMPLETE,SUCCESS,INFO,219,219,0,,2026-08-29T19:04:49.126Z,2026-08-29T20:54:41.421Z,6592,2026-08-29T20:54:41.421Z,DA,Davenport,dd7385f2-fbd4-41a4-afcd-7296aca5e198,SAMMS-Davenport
202608292054380723,202608291904435951,202608291904434406,85,505,Bronze INV,br_AdmissionAssessmentDimensionFiveSubstanceUse,TASK_COMPLETE,SUCCESS,INFO,353,353,0,,2026-08-29T19:04:49.126Z,2026-08-29T20:54:41.421Z,6592,2026-08-29T20:54:41.421Z,DM,Des Moines,dd7385f2-fbd4-41a4-afcd-7296aca5e198,SAMMS-DesMoines
202608292054380724,202608291904435952,202608291904434406,85,507,Bronze INV,br_AdmissionAssessmentDimensionFiveSubstanceUse,TASK_COMPLETE,SUCCESS,INFO,474,474,0,,2026-08-29T19:04:49.126Z,2026-08-29T20:54:41.421Z,6592,2026-08-29T20:54:41.421Z,DRD-CO,Columbia MO,dd7385f2-fbd4-41a4-afcd-7296aca5e198,SAMMS-ColumbiaV5
202608292054380725,202608291904435953,202608291904434406,85,508,Bronze INV,br_AdmissionAssessmentDimensionFiveSubstanceUse,TASK_COMPLETE,SUCCESS,INFO,590,590,0,,2026-08-29T19:04:49.126Z,2026-08-29T20:54:41.421Z,6592,2026-08-29T20:54:41.421Z,DRD-KC,KC,dd7385f2-fbd4-41a4-afcd-7296aca5e198,SAMMS-KCv5
202608292054380726,202608291904435954,202608291904434406,85,509,Bronze INV,br_AdmissionAssessmentDimensionFiveSubstanceUse,TASK_COMPLETE,SUCCESS,INFO,947,947,0,,2026-08-29T19:04:49.126Z,2026-08-29T20:54:41.421Z,6592,2026-08-29T20:54:41.421Z,DRD-KVB,KVB,dd7385f2-fbd4-41a4-afcd-7296aca5e198,SAMMS-KVBv5
202609022122572019,202609021903207538,202609021903206075,85,738,Bronze INV,br_AdmissionAssessmentDimensionFour,TASK_COMPLETE,SUCCESS,INFO,80,80,0,,2026-09-02T19:03:39.838Z,2026-09-02T21:23:00.812Z,8361,2026-09-02T21:23:00.812Z,STN,Staunton,c49685cc-3281-44bc-a1c2-3be5b1110999,SAMMS-Staunton
202609022122572020,202609021903207539,202609021903206075,85,739,Bronze INV,br_AdmissionAssessmentDimensionFour,TASK_COMPLETE,SUCCESS,INFO,52,52,0,,2026-09-02T19:03:39.838Z,2026-09-02T21:23:00.812Z,8361,2026-09-02T21:23:00.812Z,STVN,Stevenson,c49685cc-3281-44bc-a1c2-3be5b1110999,SAMMS-Stevenson
202609022122572021,202609021903207540,202609021903206075,85,741,Bronze INV,br_AdmissionAssessmentDimensionFour,TASK_COMPLETE,SUCCESS,INFO,70,70,0,,2026-09-02T19:03:39.838Z,2026-09-02T21:23:00.812Z,8361,2026-09-02T21:23:00.812Z,TE,Tempe,c49685cc-3281-44bc-a1c2-3be5b1110999,SAMMS-Tempe
202609022122572023,202609021903207541,202609021903206075,85,742,Bronze INV,br_AdmissionAssessmentDimensionFour,TASK_COMPLETE,SUCCESS,INFO,368,368,0,,2026-09-02T19:03:39.838Z,2026-09-02T21:23:00.812Z,8361,2026-09-02T21:23:00.812Z,TEX,Texarkana,c49685cc-3281-44bc-a1c2-3be5b1110999,SAMMS-Texarkana
202609022122572024,202609021903207542,202609021903206075,85,743,Bronze INV,br_AdmissionAssessmentDimensionFour,TASK_COMPLETE,SUCCESS,INFO,422,422,0,,2026-09-02T19:03:39.838Z,2026-09-02T21:23:00.812Z,8361,2026-09-02T21:23:00.812Z,TTCA,Bessemer,c49685cc-3281-44bc-a1c2-3be5b1110999,SAMMS-BessemerV5
202609022122572025,202609021903207543,202609021903206075,85,744,Bronze INV,br_AdmissionAssessmentDimensionFour,TASK_COMPLETE,SUCCESS,INFO,551,551,0,,2026-09-02T19:03:39.838Z,2026-09-02T21:23:00.812Z,8361,2026-09-02T21:23:00.812Z,TTCB,Cullman,c49685cc-3281-44bc-a1c2-3be5b1110999,SAMMS-CullmanV5
202609022122572026,202609021903207544,202609021903206075,85,745,Bronze INV,br_AdmissionAssessmentDimensionFour,TASK_COMPLETE,SUCCESS,INFO,300,300,0,,2026-09-02T19:03:39.838Z,2026-09-02T21:23:00.812Z,8361,2026-09-02T21:23:00.812Z,TTCC,Grand Bay,c49685cc-3281-44bc-a1c2-3be5b1110999,SAMMS-GrandBay
202609022122572027,202609021903207545,202609021903206075,85,746,Bronze INV,br_AdmissionAssessmentDimensionFour,TASK_COMPLETE,SUCCESS,INFO,22,22,0,,2026-09-02T19:03:39.838Z,2026-09-02T21:23:00.812Z,8361,2026-09-02T21:23:00.812Z,TU,Tucson,c49685cc-3281-44bc-a1c2-3be5b1110999,SAMMS-Tucson
202609022122572028,202609021903207546,202609021903206075,85,748,Bronze INV,br_AdmissionAssessmentDimensionFour,TASK_COMPLETE,SUCCESS,INFO,253,253,0,,2026-09-02T19:03:39.838Z,2026-09-02T21:23:00.812Z,8361,2026-09-02T21:23:00.812Z,V1,Memphis South,c49685cc-3281-44bc-a1c2-3be5b1110999,SAMMS-VCPHCS-I-MemphisV5
202609022122572029,202609021903207547,202609021903206075,85,749,Bronze INV,br_AdmissionAssessmentDimensionFour,TASK_COMPLETE,SUCCESS,INFO,695,695,0,,2026-09-02T19:03:39.838Z,2026-09-02T21:23:00.812Z,8361,2026-09-02T21:23:00.812Z,V10,Longmont,c49685cc-3281-44bc-a1c2-3be5b1110999,SAMMS-BoulderV5
202609022122572030,202609021903207548,202609021903206075,85,750,Bronze INV,br_AdmissionAssessmentDimensionFour,TASK_COMPLETE,SUCCESS,INFO,1191,1191,0,,2026-09-02T19:03:39.838Z,2026-09-02T21:23:00.812Z,8361,2026-09-02T21:23:00.812Z,V10A,Fort Collins,c49685cc-3281-44bc-a1c2-3be5b1110999,SAMMS-FortCollinsV5
202609022122572031,202609021903207549,202609021903206075,85,751,Bronze INV,br_AdmissionAssessmentDimensionFour,TASK_COMPLETE,SUCCESS,INFO,992,992,0,,2026-09-02T19:03:39.838Z,2026-09-02T21:23:00.812Z,8361,2026-09-02T21:23:00.812Z,V11,Westminster,c49685cc-3281-44bc-a1c2-3be5b1110999,SAMMS-VCPHCS-XI-NorthDenverV5
202609022122572032,202609021903207550,202609021903206075,85,752,Bronze INV,br_AdmissionAssessmentDimensionFour,TASK_COMPLETE,SUCCESS,INFO,1057,1057,0,,2026-09-02T19:03:39.838Z,2026-09-02T21:23:00.812Z,8361,2026-09-02T21:23:00.812Z,V12,Downtown Denver,c49685cc-3281-44bc-a1c2-3be5b1110999,SAMMS-VCPHCS-XII-DowntownDenverV5
202609022122572033,202609021903207551,202609021903206075,85,753,Bronze INV,br_AdmissionAssessmentDimensionFour,TASK_COMPLETE,SUCCESS,INFO,476,476,0,,2026-09-02T19:03:39.838Z,2026-09-02T21:23:00.812Z,8361,2026-09-02T21:23:00.812Z,V12A,Centennial,c49685cc-3281-44bc-a1c2-3be5b1110999,SAMMS-CentennialV5
202609022122572035,202609021903207552,202609021903206075,85,754,Bronze INV,br_AdmissionAssessmentDimensionFour,TASK_COMPLETE,SUCCESS,INFO,295,295,0,,2026-09-02T19:03:39.838Z,2026-09-02T21:23:00.812Z,8361,2026-09-02T21:23:00.812Z,V14,Overland Park,c49685cc-3281-44bc-a1c2-3be5b1110999,SAMMS-VCPHCS-XIV-BridgewayV5
202609022122572036,202609021903207553,202609021903206075,85,755,Bronze INV,br_AdmissionAssessmentDimensionFour,TASK_COMPLETE,SUCCESS,INFO,569,569,0,,2026-09-02T19:03:39.838Z,2026-09-02T21:23:00.812Z,8361,2026-09-02T21:23:00.812Z,V15,Joplin,c49685cc-3281-44bc-a1c2-3be5b1110999,SAMMS-JoplinV5
202609022122572037,202609021903207554,202609021903206075,85,757,Bronze INV,br_AdmissionAssessmentDimensionFour,TASK_COMPLETE,SUCCESS,INFO,473,473,0,,2026-09-02T19:03:39.838Z,2026-09-02T21:23:00.812Z,8361,2026-09-02T21:23:00.812Z,V17,Columbia TN,c49685cc-3281-44bc-a1c2-3be5b1110999,SAMMS-ColumbiaTNv5
202609022122572038,202609021903207555,202609021903206075,85,759,Bronze INV,br_AdmissionAssessmentDimensionFour,TASK_COMPLETE,SUCCESS,INFO,415,415,0,,2026-09-02T19:03:39.838Z,2026-09-02T21:23:00.812Z,8361,2026-09-02T21:23:00.812Z,V19,Jackson,c49685cc-3281-44bc-a1c2-3be5b1110999,SAMMS-JacksonV5
202609022122572039,202609021903207556,202609021903206075,85,761,Bronze INV,br_AdmissionAssessmentDimensionFour,TASK_COMPLETE,SUCCESS,INFO,484,484,0,,2026-09-02T19:03:39.838Z,2026-09-02T21:23:00.812Z,8361,2026-09-02T21:23:00.812Z,V20,Paris,c49685cc-3281-44bc-a1c2-3be5b1110999,SAMMS-ParisV5
202609022122572040,202609021903207557,202609021903206075,85,762,Bronze INV,br_AdmissionAssessmentDimensionFour,TASK_COMPLETE,SUCCESS,INFO,360,360,0,,2026-09-02T19:03:39.838Z,2026-09-02T21:23:00.812Z,8361,2026-09-02T21:23:00.812Z,V21,Memphis North,c49685cc-3281-44bc-a1c2-3be5b1110999,SAMMS-RaleighV5
202609022122572041,202609021903207558,202609021903206075,85,765,Bronze INV,br_AdmissionAssessmentDimensionFour,TASK_COMPLETE,SUCCESS,INFO,699,699,0,,2026-09-02T19:03:39.838Z,2026-09-02T21:23:00.812Z,8361,2026-09-02T21:23:00.812Z,V5,West Bank,c49685cc-3281-44bc-a1c2-3be5b1110999,SAMMS-NONTCv5
202609022122572042,202609021903207559,202609021903206075,85,767,Bronze INV,br_AdmissionAssessmentDimensionFour,TASK_COMPLETE,SUCCESS,INFO,253,253,0,,2026-09-02T19:03:39.838Z,2026-09-02T21:23:00.812Z,8361,2026-09-02T21:23:00.812Z,V5B,Houma,c49685cc-3281-44bc-a1c2-3be5b1110999,SAMMS-HoumaV6
202609022122572043,202609021903207560,202609021903206075,85,768,Bronze INV,br_AdmissionAssessmentDimensionFour,TASK_COMPLETE,SUCCESS,INFO,953,953,0,,2026-09-02T19:03:39.838Z,2026-09-02T21:23:00.812Z,8361,2026-09-02T21:23:00.812Z,V6,Lake Charles,c49685cc-3281-44bc-a1c2-3be5b1110999,SAMMS-LCv5
202609022122572044,202609021903207561,202609021903206075,85,770,Bronze INV,br_AdmissionAssessmentDimensionFour,TASK_COMPLETE,SUCCESS,INFO,565,565,0,,2026-09-02T19:03:39.838Z,2026-09-02T21:23:00.812Z,8361,2026-09-02T21:23:00.812Z,V8,Memphis Midtown,c49685cc-3281-44bc-a1c2-3be5b1110999,SAMMS-VCPHCS-VIII-MemphisV5
202609022122572046,202609021903207562,202609021903206075,85,771,Bronze INV,br_AdmissionAssessmentDimensionFour,TASK_COMPLETE,SUCCESS,INFO,1577,1577,0,,2026-09-02T19:03:39.838Z,2026-09-02T21:23:00.812Z,8361,2026-09-02T21:23:00.812Z,V9,Nashville,c49685cc-3281-44bc-a1c2-3be5b1110999,SAMMS-NashvilleV5
202609022122572047,202609021903207563,202609021903206075,85,772,Bronze INV,br_AdmissionAssessmentDimensionFour,TASK_COMPLETE,SUCCESS,INFO,330,330,0,,2026-09-02T19:03:39.838Z,2026-09-02T21:23:00.812Z,8361,2026-09-02T21:23:00.812Z,VBRA,Brainerd,c49685cc-3281-44bc-a1c2-3be5b1110999,SAMMS-BrainerdV6
202609022122572048,202609021903207564,202609021903206075,85,773,Bronze INV,br_AdmissionAssessmentDimensionFour,TASK_COMPLETE,SUCCESS,INFO,591,591,0,,2026-09-02T19:03:39.838Z,2026-09-02T21:23:00.812Z,8361,2026-09-02T21:23:00.812Z,VBRP,Brooklyn Park,c49685cc-3281-44bc-a1c2-3be5b1110999,SAMMS-BrooklynParkV6
202609022122572049,202609021903207565,202609021903206075,85,775,Bronze INV,br_AdmissionAssessmentDimensionFour,TASK_COMPLETE,SUCCESS,INFO,571,571,0,,2026-09-02T19:03:39.838Z,2026-09-02T21:23:00.812Z,8361,2026-09-02T21:23:00.812Z,VMIN,Minneapolis,c49685cc-3281-44bc-a1c2-3be5b1110999,SAMMS-MinneapolisV6
202609022122572050,202609021903207566,202609021903206075,85,776,Bronze INV,br_AdmissionAssessmentDimensionFour,TASK_COMPLETE,SUCCESS,INFO,1059,1059,0,,2026-09-02T19:03:39.838Z,2026-09-02T21:23:00.812Z,8361,2026-09-02T21:23:00.812Z,VWBY,Woodbury,c49685cc-3281-44bc-a1c2-3be5b1110999,SAMMS-WoodburyV6
202609022122572051,202609021903207567,202609021903206075,85,778,Bronze INV,br_AdmissionAssessmentDimensionFour,TASK_COMPLETE,SUCCESS,INFO,433,433,0,,2026-09-02T19:03:39.838Z,2026-09-02T21:23:00.812Z,8361,2026-09-02T21:23:00.812Z,WIL,Wilson,c49685cc-3281-44bc-a1c2-3be5b1110999,SAMMS-Wilson
202609022122572052,202609021903207568,202609021903206075,85,414,Bronze INV,br_AdmissionAssessmentDimensionFiveSubstanceUse,TASK_COMPLETE,SUCCESS,INFO,98,98,0,,2026-09-02T19:03:39.838Z,2026-09-02T21:23:00.812Z,8361,2026-09-02T21:23:00.812Z,AHK,Ahoskie,c49685cc-3281-44bc-a1c2-3be5b1110999,SAMMS-Ahoskie
202609022122572053,202609021903207569,202609021903206075,85,415,Bronze INV,br_AdmissionAssessmentDimensionFiveSubstanceUse,TASK_COMPLETE,SUCCESS,INFO,798,798,0,,2026-09-02T19:03:39.838Z,2026-09-02T21:23:00.812Z,8361,2026-09-02T21:23:00.812Z,B12B,Colorado Springs,c49685cc-3281-44bc-a1c2-3be5b1110999,SAMMS-ColoradoSpringsV5
202609022122572054,202609021903207570,202609021903206075,85,416,Bronze INV,br_AdmissionAssessmentDimensionFiveSubstanceUse,TASK_COMPLETE,SUCCESS,INFO,412,412,0,,2026-09-02T19:03:39.838Z,2026-09-02T21:23:00.812Z,8361,2026-09-02T21:23:00.812Z,B24,Paintsville,c49685cc-3281-44bc-a1c2-3be5b1110999,SAMMS-PaintsvilleV5
202609022122572055,202609021903207571,202609021903206075,85,417,Bronze INV,br_AdmissionAssessmentDimensionFiveSubstanceUse,TASK_COMPLETE,SUCCESS,INFO,171,171,0,,2026-09-02T19:03:39.838Z,2026-09-02T21:23:00.812Z,8361,2026-09-02T21:23:00.812Z,B25,Pikeville,c49685cc-3281-44bc-a1c2-3be5b1110999,SAMMS-PikevilleV5
202609022122572056,202609021903207572,202609021903206075,85,418,Bronze INV,br_AdmissionAssessmentDimensionFiveSubstanceUse,TASK_COMPLETE,SUCCESS,INFO,493,493,0,,2026-09-02T19:03:39.838Z,2026-09-02T21:23:00.812Z,8361,2026-09-02T21:23:00.812Z,B26,Hazard,c49685cc-3281-44bc-a1c2-3be5b1110999,SAMMS-HazardV5
202609022122572058,202609021903207573,202609021903206075,85,419,Bronze INV,br_AdmissionAssessmentDimensionFiveSubstanceUse,TASK_COMPLETE,SUCCESS,INFO,189,189,0,,2026-09-02T19:03:39.838Z,2026-09-02T21:23:00.812Z,8361,2026-09-02T21:23:00.812Z,B27,Savannah,c49685cc-3281-44bc-a1c2-3be5b1110999,SAMMS-SavannahV6
202609022122572059,202609021903207574,202609021903206075,85,420,Bronze INV,br_AdmissionAssessmentDimensionFiveSubstanceUse,TASK_COMPLETE,SUCCESS,INFO,237,237,0,,2026-09-02T19:03:39.838Z,2026-09-02T21:23:00.812Z,8361,2026-09-02T21:23:00.812Z,B28,West Plains,c49685cc-3281-44bc-a1c2-3be5b1110999,SAMMS-WestPlainesV5
202609022122572060,202609021903207575,202609021903206075,85,421,Bronze INV,br_AdmissionAssessmentDimensionFiveSubstanceUse,TASK_COMPLETE,SUCCESS,INFO,262,262,0,,2026-09-02T19:03:39.838Z,2026-09-02T21:23:00.812Z,8361,2026-09-02T21:23:00.812Z,B29,Poplar Bluff,c49685cc-3281-44bc-a1c2-3be5b1110999,SAMMS-PoplarBluffV5
202609022122572061,202609021903207576,202609021903206075,85,422,Bronze INV,br_AdmissionAssessmentDimensionFiveSubstanceUse,TASK_COMPLETE,SUCCESS,INFO,140,140,0,,2026-09-02T19:03:39.838Z,2026-09-02T21:23:00.812Z,8361,2026-09-02T21:23:00.812Z,B30,KC North,c49685cc-3281-44bc-a1c2-3be5b1110999,SAMMS-KCNv5
202609022122572062,202609021903207577,202609021903206075,85,423,Bronze INV,br_AdmissionAssessmentDimensionFiveSubstanceUse,TASK_COMPLETE,SUCCESS,INFO,338,338,0,,2026-09-02T19:03:39.838Z,2026-09-02T21:23:00.812Z,8361,2026-09-02T21:23:00.812Z,B31,Dyersburg,c49685cc-3281-44bc-a1c2-3be5b1110999,SAMMS-DyersburgV5
202609022122572063,202609021903207578,202609021903206075,85,425,Bronze INV,br_AdmissionAssessmentDimensionFiveSubstanceUse,TASK_COMPLETE,SUCCESS,INFO,211,211,0,,2026-09-02T19:03:39.838Z,2026-09-02T21:23:00.812Z,8361,2026-09-02T21:23:00.812Z,B33,Paducah,c49685cc-3281-44bc-a1c2-3be5b1110999,SAMMS-Paducah
202609022122572064,202609021903207579,202609021903206075,85,426,Bronze INV,br_AdmissionAssessmentDimensionFiveSubstanceUse,TASK_COMPLETE,SUCCESS,INFO,448,448,0,,2026-09-02T19:03:39.838Z,2026-09-02T21:23:00.812Z,8361,2026-09-02T21:23:00.812Z,B34,Corbin,c49685cc-3281-44bc-a1c2-3be5b1110999,SAMMS-CorbinV5
202609022122572065,202609021903207580,202609021903206075,85,427,Bronze INV,br_AdmissionAssessmentDimensionFiveSubstanceUse,TASK_COMPLETE,SUCCESS,INFO,711,711,0,,2026-09-02T19:03:39.838Z,2026-09-02T21:23:00.812Z,8361,2026-09-02T21:23:00.812Z,B35,Lexington,c49685cc-3281-44bc-a1c2-3be5b1110999,SAMMS-LexingtonV5
202609022122572066,202609021903207581,202609021903206075,85,428,Bronze INV,br_AdmissionAssessmentDimensionFiveSubstanceUse,TASK_COMPLETE,SUCCESS,INFO,347,347,0,,2026-09-02T19:03:39.838Z,2026-09-02T21:23:00.812Z,8361,2026-09-02T21:23:00.812Z,B35A,Berea,c49685cc-3281-44bc-a1c2-3be5b1110999,SAMMS-BereaV5
202609022122572067,202609021903207582,202609021903206075,85,429,Bronze INV,br_AdmissionAssessmentDimensionFiveSubstanceUse,TASK_COMPLETE,SUCCESS,INFO,604,604,0,,2026-09-02T19:03:39.838Z,2026-09-02T21:23:00.812Z,8361,2026-09-02T21:23:00.812Z,B36,Asheville,c49685cc-3281-44bc-a1c2-3be5b1110999,SAMMS-AshevilleV5
202609022122572069,202609021903207583,202609021903206075,85,430,Bronze INV,br_AdmissionAssessmentDimensionFiveSubstanceUse,TASK_COMPLETE,SUCCESS,INFO,446,446,0,,2026-09-02T19:03:39.838Z,2026-09-02T21:23:00.812Z,8361,2026-09-02T21:23:00.812Z,B37,Clyde,c49685cc-3281-44bc-a1c2-3be5b1110999,SAMMS-ClydeV5
202609022122572070,202609021903207584,202609021903206075,85,431,Bronze INV,br_AdmissionAssessmentDimensionFiveSubstanceUse,TASK_COMPLETE,SUCCESS,INFO,634,634,0,,2026-09-02T19:03:39.838Z,2026-09-02T21:23:00.812Z,8361,2026-09-02T21:23:00.812Z,B38,Spartanburg,c49685cc-3281-44bc-a1c2-3be5b1110999,SAMMS-SpartanburgV5
202609022122572071,202609021903207585,202609021903206075,85,432,Bronze INV,br_AdmissionAssessmentDimensionFiveSubstanceUse,TASK_COMPLETE,SUCCESS,INFO,480,480,0,,2026-09-02T19:03:39.838Z,2026-09-02T21:23:00.812Z,8361,2026-09-02T21:23:00.812Z,B39,Aiken,c49685cc-3281-44bc-a1c2-3be5b1110999,SAMMS-AikenV5
202609022122572072,202609021903207586,202609021903206075,85,433,Bronze INV,br_AdmissionAssessmentDimensionFiveSubstanceUse,TASK_COMPLETE,SUCCESS,INFO,289,289,0,,2026-09-02T19:03:39.838Z,2026-09-02T21:23:00.812Z,8361,2026-09-02T21:23:00.812Z,B41,Chesapeake,c49685cc-3281-44bc-a1c2-3be5b1110999,SAMMS-ChesapeakeV5
202609022122572073,202609021903207587,202609021903206075,85,434,Bronze INV,br_AdmissionAssessmentDimensionFiveSubstanceUse,TASK_COMPLETE,SUCCESS,INFO,534,534,0,,2026-09-02T19:03:39.838Z,2026-09-02T21:23:00.812Z,8361,2026-09-02T21:23:00.812Z,B42,Virginia Beach,c49685cc-3281-44bc-a1c2-3be5b1110999,SAMMS-VirginiaBeachV5
202609022122572074,202609021903207588,202609021903206075,85,435,Bronze INV,br_AdmissionAssessmentDimensionFiveSubstanceUse,TASK_COMPLETE,SUCCESS,INFO,161,161,0,,2026-09-02T19:03:39.838Z,2026-09-02T21:23:00.812Z,8361,2026-09-02T21:23:00.812Z,B42A,Newport News,c49685cc-3281-44bc-a1c2-3be5b1110999,SAMMS-NewportNewsV5
202609022122572075,202609021903207589,202609021903206075,85,436,Bronze INV,br_AdmissionAssessmentDimensionFiveSubstanceUse,TASK_COMPLETE,SUCCESS,INFO,54,54,0,,2026-09-02T19:03:39.838Z,2026-09-02T21:23:00.812Z,8361,2026-09-02T21:23:00.812Z,B42B,Franklin,c49685cc-3281-44bc-a1c2-3be5b1110999,SAMMS-FranklinV5
202609022122572076,202609021903207590,202609021903206075,85,437,Bronze INV,br_AdmissionAssessmentDimensionFiveSubstanceUse,TASK_COMPLETE,SUCCESS,INFO,334,334,0,,2026-09-02T19:03:39.838Z,2026-09-02T21:23:00.812Z,8361,2026-09-02T21:23:00.812Z,B42C,Glen Allen,c49685cc-3281-44bc-a1c2-3be5b1110999,SAMMS-GlenAllenV5
202609022122572077,202609021903207591,202609021903206075,85,438,Bronze INV,br_AdmissionAssessmentDimensionFiveSubstanceUse,TASK_COMPLETE,SUCCESS,INFO,166,166,0,,2026-09-02T19:03:39.838Z,2026-09-02T21:23:00.812Z,8361,2026-09-02T21:23:00.812Z,B42D,Chesapeake South,c49685cc-3281-44bc-a1c2-3be5b1110999,SAMMS-ChesapeakeSouthV5
202609022122572078,202609021903207592,202609021903206075,85,439,Bronze INV,br_AdmissionAssessmentDimensionFiveSubstanceUse,TASK_COMPLETE,SUCCESS,INFO,209,209,0,,2026-09-02T19:03:39.838Z,2026-09-02T21:23:00.812Z,8361,2026-09-02T21:23:00.812Z,B44,Albany,c49685cc-3281-44bc-a1c2-3be5b1110999,SAMMS-AlbanyV5
202609022122572080,202609021903207593,202609021903206075,85,440,Bronze INV,br_AdmissionAssessmentDimensionFiveSubstanceUse,TASK_COMPLETE,SUCCESS,INFO,308,308,0,,2026-09-02T19:03:39.838Z,2026-09-02T21:23:00.812Z,8361,2026-09-02T21:23:00.812Z,B45,Tifton,c49685cc-3281-44bc-a1c2-3be5b1110999,SAMMS-TiftonV5
202609022122572081,202609021903207594,202609021903206075,85,441,Bronze INV,br_AdmissionAssessmentDimensionFiveSubstanceUse,TASK_COMPLETE,SUCCESS,INFO,666,666,0,,2026-09-02T19:03:39.838Z,2026-09-02T21:23:00.812Z,8361,2026-09-02T21:23:00.812Z,B46,Washington DC,c49685cc-3281-44bc-a1c2-3be5b1110999,SAMMS-WashingtonDCv5
202609022122572082,202609021903207595,202609021903206075,85,442,Bronze INV,br_AdmissionAssessmentDimensionFiveSubstanceUse,TASK_COMPLETE,SUCCESS,INFO,355,355,0,,2026-09-02T19:03:39.838Z,2026-09-02T21:23:00.812Z,8361,2026-09-02T21:23:00.812Z,B47,Mobile,c49685cc-3281-44bc-a1c2-3be5b1110999,SAMMS-MobileV5
202609022122572083,202609021903207596,202609021903206075,85,443,Bronze INV,br_AdmissionAssessmentDimensionFiveSubstanceUse,TASK_COMPLETE,SUCCESS,INFO,452,452,0,,2026-09-02T19:03:39.838Z,2026-09-02T21:23:00.812Z,8361,2026-09-02T21:23:00.812Z,B48,Tuscaloosa,c49685cc-3281-44bc-a1c2-3be5b1110999,SAMMS-TuscaloosaV5
202609022122572084,202609021903207597,202609021903206075,85,452,Bronze INV,br_AdmissionAssessmentDimensionFiveSubstanceUse,TASK_COMPLETE,SUCCESS,INFO,316,316,0,,2026-09-02T19:03:39.838Z,2026-09-02T21:23:00.812Z,8361,2026-09-02T21:23:00.812Z,B51,N. Little Rock (OTP),c49685cc-3281-44bc-a1c2-3be5b1110999,SAMMS-NorthLittleRockV6
202609022122572085,202609021903207598,202609021903206075,85,453,Bronze INV,br_AdmissionAssessmentDimensionFiveSubstanceUse,TASK_COMPLETE,SUCCESS,INFO,154,154,0,,2026-09-02T19:03:39.838Z,2026-09-02T21:23:00.812Z,8361,2026-09-02T21:23:00.812Z,B52,Jackson GA,c49685cc-3281-44bc-a1c2-3be5b1110999,SAMMS-JacksonGAV5
202609022122572086,202609021903207599,202609021903206075,85,454,Bronze INV,br_AdmissionAssessmentDimensionFiveSubstanceUse,TASK_COMPLETE,SUCCESS,INFO,478,478,0,,2026-09-02T19:03:39.838Z,2026-09-02T21:23:00.812Z,8361,2026-09-02T21:23:00.812Z,B54,Gadsden,c49685cc-3281-44bc-a1c2-3be5b1110999,SAMMS-GadsdenV5
202609022122572087,202609021903207600,202609021903206075,85,455,Bronze INV,br_AdmissionAssessmentDimensionFiveSubstanceUse,TASK_COMPLETE,SUCCESS,INFO,481,481,0,,2026-09-02T19:03:39.838Z,2026-09-02T21:23:00.812Z,8361,2026-09-02T21:23:00.812Z,B55,Shoals,c49685cc-3281-44bc-a1c2-3be5b1110999,SAMMS-ShoalsV5
202609022122572088,202609021903207601,202609021903206075,85,456,Bronze INV,br_AdmissionAssessmentDimensionFiveSubstanceUse,TASK_COMPLETE,SUCCESS,INFO,171,171,0,,2026-09-02T19:03:39.838Z,2026-09-02T21:23:00.812Z,8361,2026-09-02T21:23:00.812Z,B57,Pawtucket,c49685cc-3281-44bc-a1c2-3be5b1110999,SAMMS-Pawtucket
202609022122572089,202609021903207602,202609021903206075,85,457,Bronze INV,br_AdmissionAssessmentDimensionFiveSubstanceUse,TASK_COMPLETE,SUCCESS,INFO,167,167,0,,2026-09-02T19:03:39.838Z,2026-09-02T21:23:00.812Z,8361,2026-09-02T21:23:00.812Z,B57A,Johnston,c49685cc-3281-44bc-a1c2-3be5b1110999,SAMMS-Johnston
202609022122572090,202609021903207603,202609021903206075,85,458,Bronze INV,br_AdmissionAssessmentDimensionFiveSubstanceUse,TASK_COMPLETE,SUCCESS,INFO,86,86,0,,2026-09-02T19:03:39.838Z,2026-09-02T21:23:00.812Z,8361,2026-09-02T21:23:00.812Z,B57B,Middletown,c49685cc-3281-44bc-a1c2-3be5b1110999,SAMMS-Middletown
202609022122572092,202609021903207604,202609021903206075,85,459,Bronze INV,br_AdmissionAssessmentDimensionFiveSubstanceUse,TASK_COMPLETE,SUCCESS,INFO,175,175,0,,2026-09-02T19:03:39.838Z,2026-09-02T21:23:00.812Z,8361,2026-09-02T21:23:00.812Z,B57C,Providence,c49685cc-3281-44bc-a1c2-3be5b1110999,SAMMS-Providence
202609022122572093,202609021903207605,202609021903206075,85,460,Bronze INV,br_AdmissionAssessmentDimensionFiveSubstanceUse,TASK_COMPLETE,SUCCESS,INFO,256,256,0,,2026-09-02T19:03:39.838Z,2026-09-02T21:23:00.812Z,8361,2026-09-02T21:23:00.812Z,B57D,Westerly,c49685cc-3281-44bc-a1c2-3be5b1110999,SAMMS-Westerly
202609022122572094,202609021903207606,202609021903206075,85,464,Bronze INV,br_AdmissionAssessmentDimensionFiveSubstanceUse,TASK_COMPLETE,SUCCESS,INFO,365,365,0,,2026-09-02T19:03:39.838Z,2026-09-02T21:23:00.812Z,8361,2026-09-02T21:23:00.812Z,B66A,Bremen,c49685cc-3281-44bc-a1c2-3be5b1110999,SAMMS-Bremen
202609022122572095,202609021903207607,202609021903206075,85,467,Bronze INV,br_AdmissionAssessmentDimensionFiveSubstanceUse,TASK_COMPLETE,SUCCESS,INFO,12,12,0,,2026-09-02T19:03:39.838Z,2026-09-02T21:23:00.812Z,8361,2026-09-02T21:23:00.812Z,B72,Mobile (OBOT),c49685cc-3281-44bc-a1c2-3be5b1110999,SAMMS-Mobile-OBOT
202609022122572096,202609021903207608,202609021903206075,85,468,Bronze INV,br_AdmissionAssessmentDimensionFiveSubstanceUse,TASK_COMPLETE,SUCCESS,INFO,2,2,0,,2026-09-02T19:03:39.838Z,2026-09-02T21:23:00.812Z,8361,2026-09-02T21:23:00.812Z,B73,Montgomery,c49685cc-3281-44bc-a1c2-3be5b1110999,SAMMS-Montgomery
202609022122572097,202609021903207609,202609021903206075,85,469,Bronze INV,br_AdmissionAssessmentDimensionFiveSubstanceUse,TASK_COMPLETE,SUCCESS,INFO,317,317,0,,2026-09-02T19:03:39.838Z,2026-09-02T21:23:00.812Z,8361,2026-09-02T21:23:00.812Z,B75,Lawrence,c49685cc-3281-44bc-a1c2-3be5b1110999,SAMMS-LawrenceV6
202609022122572098,202609021903207610,202609021903206075,85,470,Bronze INV,br_AdmissionAssessmentDimensionFiveSubstanceUse,TASK_COMPLETE,SUCCESS,INFO,49,49,0,,2026-09-02T19:03:39.838Z,2026-09-02T21:23:00.812Z,8361,2026-09-02T21:23:00.812Z,B76,Huntsville OBOT,c49685cc-3281-44bc-a1c2-3be5b1110999,SAMMS-Huntsville-OBOT
202609022122572099,202609021903207611,202609021903206075,85,471,Bronze INV,br_AdmissionAssessmentDimensionFiveSubstanceUse,TASK_COMPLETE,SUCCESS,INFO,303,303,0,,2026-09-02T19:03:39.838Z,2026-09-02T21:23:00.812Z,8361,2026-09-02T21:23:00.812Z,BAT,Batesville,c49685cc-3281-44bc-a1c2-3be5b1110999,SAMMS-Batesville
202609022122572100,202609021903207612,202609021903206075,85,472,Bronze INV,br_AdmissionAssessmentDimensionFiveSubstanceUse,TASK_COMPLETE,SUCCESS,INFO,238,238,0,,2026-09-02T19:03:39.838Z,2026-09-02T21:23:00.812Z,8361,2026-09-02T21:23:00.812Z,BG,Bowling Green,c49685cc-3281-44bc-a1c2-3be5b1110999,SAMMS-BowlingGreen
202609022122572101,202609021903207613,202609021903206075,85,473,Bronze INV,br_AdmissionAssessmentDimensionFiveSubstanceUse,TASK_COMPLETE,SUCCESS,INFO,217,217,0,,2026-09-02T19:03:39.838Z,2026-09-02T21:23:00.812Z,8361,2026-09-02T21:23:00.812Z,BOI,Boise,c49685cc-3281-44bc-a1c2-3be5b1110999,SAMMS-Boise
202609022122572102,202609021903207614,202609021903206075,85,480,Bronze INV,br_AdmissionAssessmentDimensionFiveSubstanceUse,TASK_COMPLETE,SUCCESS,INFO,285,285,0,,2026-09-02T19:03:39.838Z,2026-09-02T21:23:00.812Z,8361,2026-09-02T21:23:00.812Z,CBCO,Coeur dAlene,c49685cc-3281-44bc-a1c2-3be5b1110999,SAMMS-CoeurdAleneV6
202609022122572104,202609021903207615,202609021903206075,85,499,Bronze INV,br_AdmissionAssessmentDimensionFiveSubstanceUse,TASK_COMPLETE,SUCCESS,INFO,305,305,0,,2026-09-02T19:03:39.838Z,2026-09-02T21:23:00.812Z,8361,2026-09-02T21:23:00.812Z,CON,Conway,c49685cc-3281-44bc-a1c2-3be5b1110999,SAMMS-Conway
202609022122572105,202609021903207616,202609021903206075,85,500,Bronze INV,br_AdmissionAssessmentDimensionFiveSubstanceUse,TASK_COMPLETE,SUCCESS,INFO,1544,1544,0,,2026-09-02T19:03:39.838Z,2026-09-02T21:23:00.812Z,8361,2026-09-02T21:23:00.812Z,D07,Medical Services Knox TN,c49685cc-3281-44bc-a1c2-3be5b1110999,SAMMS-KnoxvilleV6
202609022122572106,202609021903207617,202609021903206075,85,501,Bronze INV,br_AdmissionAssessmentDimensionFiveSubstanceUse,TASK_COMPLETE,SUCCESS,INFO,955,955,0,,2026-09-02T19:03:39.838Z,2026-09-02T21:23:00.812Z,8361,2026-09-02T21:23:00.812Z,D08,Madison,c49685cc-3281-44bc-a1c2-3be5b1110999,SAMMS-MadisonV6
202609022122572107,202609021903207618,202609021903206075,85,503,Bronze INV,br_AdmissionAssessmentDimensionFiveSubstanceUse,TASK_COMPLETE,SUCCESS,INFO,934,934,0,,2026-09-02T19:03:39.838Z,2026-09-02T21:23:00.812Z,8361,2026-09-02T21:23:00.812Z,D09,Murfreesboro,c49685cc-3281-44bc-a1c2-3be5b1110999,SAMMS-MurfreesboroV6
202609022122572108,202609021903207619,202609021903206075,85,504,Bronze INV,br_AdmissionAssessmentDimensionFiveSubstanceUse,TASK_COMPLETE,SUCCESS,INFO,222,222,0,,2026-09-02T19:03:39.838Z,2026-09-02T21:23:00.812Z,8361,2026-09-02T21:23:00.812Z,DA,Davenport,c49685cc-3281-44bc-a1c2-3be5b1110999,SAMMS-Davenport
202609022122572109,202609021903207620,202609021903206075,85,505,Bronze INV,br_AdmissionAssessmentDimensionFiveSubstanceUse,TASK_COMPLETE,SUCCESS,INFO,354,354,0,,2026-09-02T19:03:39.838Z,2026-09-02T21:23:00.812Z,8361,2026-09-02T21:23:00.812Z,DM,Des Moines,c49685cc-3281-44bc-a1c2-3be5b1110999,SAMMS-DesMoines
202609022122572110,202609021903207621,202609021903206075,85,507,Bronze INV,br_AdmissionAssessmentDimensionFiveSubstanceUse,TASK_COMPLETE,SUCCESS,INFO,475,475,0,,2026-09-02T19:03:39.838Z,2026-09-02T21:23:00.812Z,8361,2026-09-02T21:23:00.812Z,DRD-CO,Columbia MO,c49685cc-3281-44bc-a1c2-3be5b1110999,SAMMS-ColumbiaV5
202609022122572111,202609021903207622,202609021903206075,85,508,Bronze INV,br_AdmissionAssessmentDimensionFiveSubstanceUse,TASK_COMPLETE,SUCCESS,INFO,591,591,0,,2026-09-02T19:03:39.838Z,2026-09-02T21:23:00.812Z,8361,2026-09-02T21:23:00.812Z,DRD-KC,KC,c49685cc-3281-44bc-a1c2-3be5b1110999,SAMMS-KCv5
202609022122572112,202609021903207623,202609021903206075,85,509,Bronze INV,br_AdmissionAssessmentDimensionFiveSubstanceUse,TASK_COMPLETE,SUCCESS,INFO,947,947,0,,2026-09-02T19:03:39.838Z,2026-09-02T21:23:00.812Z,8361,2026-09-02T21:23:00.812Z,DRD-KVB,KVB,c49685cc-3281-44bc-a1c2-3be5b1110999,SAMMS-KVBv5
202608312116373288,202608311905653699,202608311905652236,85,738,Bronze INV,br_AdmissionAssessmentDimensionFour,TASK_COMPLETE,SUCCESS,INFO,80,80,0,,2026-08-31T19:06:18.658Z,2026-08-31T21:16:41.151Z,7823,2026-08-31T21:16:41.151Z,STN,Staunton,79f5b39e-d314-4ad3-8050-3ace553d67de,SAMMS-Staunton
202608312116373289,202608311905653700,202608311905652236,85,739,Bronze INV,br_AdmissionAssessmentDimensionFour,TASK_COMPLETE,SUCCESS,INFO,52,52,0,,2026-08-31T19:06:18.658Z,2026-08-31T21:16:41.151Z,7823,2026-08-31T21:16:41.151Z,STVN,Stevenson,79f5b39e-d314-4ad3-8050-3ace553d67de,SAMMS-Stevenson
202608312116373290,202608311905653701,202608311905652236,85,741,Bronze INV,br_AdmissionAssessmentDimensionFour,TASK_COMPLETE,SUCCESS,INFO,70,70,0,,2026-08-31T19:06:18.658Z,2026-08-31T21:16:41.151Z,7823,2026-08-31T21:16:41.151Z,TE,Tempe,79f5b39e-d314-4ad3-8050-3ace553d67de,SAMMS-Tempe
202608312116373291,202608311905653702,202608311905652236,85,742,Bronze INV,br_AdmissionAssessmentDimensionFour,TASK_COMPLETE,SUCCESS,INFO,367,367,0,,2026-08-31T19:06:18.658Z,2026-08-31T21:16:41.151Z,7823,2026-08-31T21:16:41.151Z,TEX,Texarkana,79f5b39e-d314-4ad3-8050-3ace553d67de,SAMMS-Texarkana
202608312116373292,202608311905653703,202608311905652236,85,743,Bronze INV,br_AdmissionAssessmentDimensionFour,TASK_COMPLETE,SUCCESS,INFO,420,420,0,,2026-08-31T19:06:18.658Z,2026-08-31T21:16:41.151Z,7823,2026-08-31T21:16:41.151Z,TTCA,Bessemer,79f5b39e-d314-4ad3-8050-3ace553d67de,SAMMS-BessemerV5
202608312116373293,202608311905653704,202608311905652236,85,744,Bronze INV,br_AdmissionAssessmentDimensionFour,TASK_COMPLETE,SUCCESS,INFO,548,548,0,,2026-08-31T19:06:18.658Z,2026-08-31T21:16:41.151Z,7823,2026-08-31T21:16:41.151Z,TTCB,Cullman,79f5b39e-d314-4ad3-8050-3ace553d67de,SAMMS-CullmanV5
202608312116373294,202608311905653705,202608311905652236,85,745,Bronze INV,br_AdmissionAssessmentDimensionFour,TASK_COMPLETE,SUCCESS,INFO,297,297,0,,2026-08-31T19:06:18.658Z,2026-08-31T21:16:41.151Z,7823,2026-08-31T21:16:41.151Z,TTCC,Grand Bay,79f5b39e-d314-4ad3-8050-3ace553d67de,SAMMS-GrandBay
202608312116373295,202608311905653706,202608311905652236,85,746,Bronze INV,br_AdmissionAssessmentDimensionFour,TASK_COMPLETE,SUCCESS,INFO,22,22,0,,2026-08-31T19:06:18.658Z,2026-08-31T21:16:41.151Z,7823,2026-08-31T21:16:41.151Z,TU,Tucson,79f5b39e-d314-4ad3-8050-3ace553d67de,SAMMS-Tucson
202608312116373296,202608311905653707,202608311905652236,85,748,Bronze INV,br_AdmissionAssessmentDimensionFour,TASK_COMPLETE,SUCCESS,INFO,252,252,0,,2026-08-31T19:06:18.658Z,2026-08-31T21:16:41.151Z,7823,2026-08-31T21:16:41.151Z,V1,Memphis South,79f5b39e-d314-4ad3-8050-3ace553d67de,SAMMS-VCPHCS-I-MemphisV5
202608312116373297,202608311905653708,202608311905652236,85,749,Bronze INV,br_AdmissionAssessmentDimensionFour,TASK_COMPLETE,SUCCESS,INFO,693,693,0,,2026-08-31T19:06:18.658Z,2026-08-31T21:16:41.151Z,7823,2026-08-31T21:16:41.151Z,V10,Longmont,79f5b39e-d314-4ad3-8050-3ace553d67de,SAMMS-BoulderV5
202608312116373298,202608311905653709,202608311905652236,85,750,Bronze INV,br_AdmissionAssessmentDimensionFour,TASK_COMPLETE,SUCCESS,INFO,1191,1191,0,,2026-08-31T19:06:18.658Z,2026-08-31T21:16:41.151Z,7823,2026-08-31T21:16:41.151Z,V10A,Fort Collins,79f5b39e-d314-4ad3-8050-3ace553d67de,SAMMS-FortCollinsV5
202608312116373300,202608311905653710,202608311905652236,85,751,Bronze INV,br_AdmissionAssessmentDimensionFour,TASK_COMPLETE,SUCCESS,INFO,992,992,0,,2026-08-31T19:06:18.658Z,2026-08-31T21:16:41.151Z,7823,2026-08-31T21:16:41.151Z,V11,Westminster,79f5b39e-d314-4ad3-8050-3ace553d67de,SAMMS-VCPHCS-XI-NorthDenverV5
202608312116373301,202608311905653711,202608311905652236,85,752,Bronze INV,br_AdmissionAssessmentDimensionFour,TASK_COMPLETE,SUCCESS,INFO,1055,1055,0,,2026-08-31T19:06:18.658Z,2026-08-31T21:16:41.151Z,7823,2026-08-31T21:16:41.151Z,V12,Downtown Denver,79f5b39e-d314-4ad3-8050-3ace553d67de,SAMMS-VCPHCS-XII-DowntownDenverV5
202608312116373302,202608311905653712,202608311905652236,85,753,Bronze INV,br_AdmissionAssessmentDimensionFour,TASK_COMPLETE,SUCCESS,INFO,476,476,0,,2026-08-31T19:06:18.658Z,2026-08-31T21:16:41.151Z,7823,2026-08-31T21:16:41.151Z,V12A,Centennial,79f5b39e-d314-4ad3-8050-3ace553d67de,SAMMS-CentennialV5
202608312116373303,202608311905653713,202608311905652236,85,754,Bronze INV,br_AdmissionAssessmentDimensionFour,TASK_COMPLETE,SUCCESS,INFO,292,292,0,,2026-08-31T19:06:18.658Z,2026-08-31T21:16:41.151Z,7823,2026-08-31T21:16:41.151Z,V14,Overland Park,79f5b39e-d314-4ad3-8050-3ace553d67de,SAMMS-VCPHCS-XIV-BridgewayV5
202608312116373304,202608311905653714,202608311905652236,85,755,Bronze INV,br_AdmissionAssessmentDimensionFour,TASK_COMPLETE,SUCCESS,INFO,567,567,0,,2026-08-31T19:06:18.658Z,2026-08-31T21:16:41.151Z,7823,2026-08-31T21:16:41.151Z,V15,Joplin,79f5b39e-d314-4ad3-8050-3ace553d67de,SAMMS-JoplinV5
202608312116373305,202608311905653715,202608311905652236,85,757,Bronze INV,br_AdmissionAssessmentDimensionFour,TASK_COMPLETE,SUCCESS,INFO,472,472,0,,2026-08-31T19:06:18.658Z,2026-08-31T21:16:41.151Z,7823,2026-08-31T21:16:41.151Z,V17,Columbia TN,79f5b39e-d314-4ad3-8050-3ace553d67de,SAMMS-ColumbiaTNv5
202608312116373306,202608311905653716,202608311905652236,85,759,Bronze INV,br_AdmissionAssessmentDimensionFour,TASK_COMPLETE,SUCCESS,INFO,412,412,0,,2026-08-31T19:06:18.658Z,2026-08-31T21:16:41.151Z,7823,2026-08-31T21:16:41.151Z,V19,Jackson,79f5b39e-d314-4ad3-8050-3ace553d67de,SAMMS-JacksonV5
202608312116373307,202608311905653717,202608311905652236,85,761,Bronze INV,br_AdmissionAssessmentDimensionFour,TASK_COMPLETE,SUCCESS,INFO,484,484,0,,2026-08-31T19:06:18.658Z,2026-08-31T21:16:41.151Z,7823,2026-08-31T21:16:41.151Z,V20,Paris,79f5b39e-d314-4ad3-8050-3ace553d67de,SAMMS-ParisV5
202608312116373308,202608311905653718,202608311905652236,85,762,Bronze INV,br_AdmissionAssessmentDimensionFour,TASK_COMPLETE,SUCCESS,INFO,354,354,0,,2026-08-31T19:06:18.658Z,2026-08-31T21:16:41.151Z,7823,2026-08-31T21:16:41.151Z,V21,Memphis North,79f5b39e-d314-4ad3-8050-3ace553d67de,SAMMS-RaleighV5
202608312116373309,202608311905653719,202608311905652236,85,765,Bronze INV,br_AdmissionAssessmentDimensionFour,TASK_COMPLETE,SUCCESS,INFO,699,699,0,,2026-08-31T19:06:18.658Z,2026-08-31T21:16:41.151Z,7823,2026-08-31T21:16:41.151Z,V5,West Bank,79f5b39e-d314-4ad3-8050-3ace553d67de,SAMMS-NONTCv5
202608312116373310,202608311905653720,202608311905652236,85,767,Bronze INV,br_AdmissionAssessmentDimensionFour,TASK_COMPLETE,SUCCESS,INFO,253,253,0,,2026-08-31T19:06:18.658Z,2026-08-31T21:16:41.151Z,7823,2026-08-31T21:16:41.151Z,V5B,Houma,79f5b39e-d314-4ad3-8050-3ace553d67de,SAMMS-HoumaV6
202608312116373311,202608311905653721,202608311905652236,85,768,Bronze INV,br_AdmissionAssessmentDimensionFour,TASK_COMPLETE,SUCCESS,INFO,953,953,0,,2026-08-31T19:06:18.658Z,2026-08-31T21:16:41.151Z,7823,2026-08-31T21:16:41.151Z,V6,Lake Charles,79f5b39e-d314-4ad3-8050-3ace553d67de,SAMMS-LCv5
202608312116373313,202608311905653722,202608311905652236,85,770,Bronze INV,br_AdmissionAssessmentDimensionFour,TASK_COMPLETE,SUCCESS,INFO,563,563,0,,2026-08-31T19:06:18.658Z,2026-08-31T21:16:41.151Z,7823,2026-08-31T21:16:41.151Z,V8,Memphis Midtown,79f5b39e-d314-4ad3-8050-3ace553d67de,SAMMS-VCPHCS-VIII-MemphisV5
202608312116373314,202608311905653723,202608311905652236,85,771,Bronze INV,br_AdmissionAssessmentDimensionFour,TASK_COMPLETE,SUCCESS,INFO,1572,1572,0,,2026-08-31T19:06:18.658Z,2026-08-31T21:16:41.151Z,7823,2026-08-31T21:16:41.151Z,V9,Nashville,79f5b39e-d314-4ad3-8050-3ace553d67de,SAMMS-NashvilleV5
202608312116373315,202608311905653724,202608311905652236,85,772,Bronze INV,br_AdmissionAssessmentDimensionFour,TASK_COMPLETE,SUCCESS,INFO,330,330,0,,2026-08-31T19:06:18.658Z,2026-08-31T21:16:41.151Z,7823,2026-08-31T21:16:41.151Z,VBRA,Brainerd,79f5b39e-d314-4ad3-8050-3ace553d67de,SAMMS-BrainerdV6
202608312116373316,202608311905653725,202608311905652236,85,773,Bronze INV,br_AdmissionAssessmentDimensionFour,TASK_COMPLETE,SUCCESS,INFO,591,591,0,,2026-08-31T19:06:18.658Z,2026-08-31T21:16:41.151Z,7823,2026-08-31T21:16:41.151Z,VBRP,Brooklyn Park,79f5b39e-d314-4ad3-8050-3ace553d67de,SAMMS-BrooklynParkV6
202608312116373317,202608311905653726,202608311905652236,85,775,Bronze INV,br_AdmissionAssessmentDimensionFour,TASK_COMPLETE,SUCCESS,INFO,571,571,0,,2026-08-31T19:06:18.658Z,2026-08-31T21:16:41.151Z,7823,2026-08-31T21:16:41.151Z,VMIN,Minneapolis,79f5b39e-d314-4ad3-8050-3ace553d67de,SAMMS-MinneapolisV6
202608312116373318,202608311905653727,202608311905652236,85,776,Bronze INV,br_AdmissionAssessmentDimensionFour,TASK_COMPLETE,SUCCESS,INFO,1059,1059,0,,2026-08-31T19:06:18.658Z,2026-08-31T21:16:41.151Z,7823,2026-08-31T21:16:41.151Z,VWBY,Woodbury,79f5b39e-d314-4ad3-8050-3ace553d67de,SAMMS-WoodburyV6
202608312116373319,202608311905653728,202608311905652236,85,778,Bronze INV,br_AdmissionAssessmentDimensionFour,TASK_COMPLETE,SUCCESS,INFO,432,432,0,,2026-08-31T19:06:18.658Z,2026-08-31T21:16:41.151Z,7823,2026-08-31T21:16:41.151Z,WIL,Wilson,79f5b39e-d314-4ad3-8050-3ace553d67de,SAMMS-Wilson
202608312116373320,202608311905653729,202608311905652236,85,414,Bronze INV,br_AdmissionAssessmentDimensionFiveSubstanceUse,TASK_COMPLETE,SUCCESS,INFO,97,97,0,,2026-08-31T19:06:18.658Z,2026-08-31T21:16:41.151Z,7823,2026-08-31T21:16:41.151Z,AHK,Ahoskie,79f5b39e-d314-4ad3-8050-3ace553d67de,SAMMS-Ahoskie
202608312116373321,202608311905653730,202608311905652236,85,415,Bronze INV,br_AdmissionAssessmentDimensionFiveSubstanceUse,TASK_COMPLETE,SUCCESS,INFO,793,793,0,,2026-08-31T19:06:18.658Z,2026-08-31T21:16:41.151Z,7823,2026-08-31T21:16:41.151Z,B12B,Colorado Springs,79f5b39e-d314-4ad3-8050-3ace553d67de,SAMMS-ColoradoSpringsV5
202608312116373323,202608311905653731,202608311905652236,85,416,Bronze INV,br_AdmissionAssessmentDimensionFiveSubstanceUse,TASK_COMPLETE,SUCCESS,INFO,412,412,0,,2026-08-31T19:06:18.658Z,2026-08-31T21:16:41.151Z,7823,2026-08-31T21:16:41.151Z,B24,Paintsville,79f5b39e-d314-4ad3-8050-3ace553d67de,SAMMS-PaintsvilleV5
202608312116373324,202608311905653732,202608311905652236,85,417,Bronze INV,br_AdmissionAssessmentDimensionFiveSubstanceUse,TASK_COMPLETE,SUCCESS,INFO,171,171,0,,2026-08-31T19:06:18.658Z,2026-08-31T21:16:41.151Z,7823,2026-08-31T21:16:41.151Z,B25,Pikeville,79f5b39e-d314-4ad3-8050-3ace553d67de,SAMMS-PikevilleV5
202608312116373325,202608311905653733,202608311905652236,85,418,Bronze INV,br_AdmissionAssessmentDimensionFiveSubstanceUse,TASK_COMPLETE,SUCCESS,INFO,493,493,0,,2026-08-31T19:06:18.658Z,2026-08-31T21:16:41.151Z,7823,2026-08-31T21:16:41.151Z,B26,Hazard,79f5b39e-d314-4ad3-8050-3ace553d67de,SAMMS-HazardV5
202608312116373326,202608311905653734,202608311905652236,85,419,Bronze INV,br_AdmissionAssessmentDimensionFiveSubstanceUse,TASK_COMPLETE,SUCCESS,INFO,189,189,0,,2026-08-31T19:06:18.658Z,2026-08-31T21:16:41.151Z,7823,2026-08-31T21:16:41.151Z,B27,Savannah,79f5b39e-d314-4ad3-8050-3ace553d67de,SAMMS-SavannahV6
202608312116373327,202608311905653735,202608311905652236,85,420,Bronze INV,br_AdmissionAssessmentDimensionFiveSubstanceUse,TASK_COMPLETE,SUCCESS,INFO,236,236,0,,2026-08-31T19:06:18.658Z,2026-08-31T21:16:41.151Z,7823,2026-08-31T21:16:41.151Z,B28,West Plains,79f5b39e-d314-4ad3-8050-3ace553d67de,SAMMS-WestPlainesV5
202608312116373328,202608311905653736,202608311905652236,85,421,Bronze INV,br_AdmissionAssessmentDimensionFiveSubstanceUse,TASK_COMPLETE,SUCCESS,INFO,261,261,0,,2026-08-31T19:06:18.658Z,2026-08-31T21:16:41.151Z,7823,2026-08-31T21:16:41.151Z,B29,Poplar Bluff,79f5b39e-d314-4ad3-8050-3ace553d67de,SAMMS-PoplarBluffV5
202608312116373329,202608311905653737,202608311905652236,85,422,Bronze INV,br_AdmissionAssessmentDimensionFiveSubstanceUse,TASK_COMPLETE,SUCCESS,INFO,140,140,0,,2026-08-31T19:06:18.658Z,2026-08-31T21:16:41.151Z,7823,2026-08-31T21:16:41.151Z,B30,KC North,79f5b39e-d314-4ad3-8050-3ace553d67de,SAMMS-KCNv5
202608312116373330,202608311905653738,202608311905652236,85,423,Bronze INV,br_AdmissionAssessmentDimensionFiveSubstanceUse,TASK_COMPLETE,SUCCESS,INFO,338,338,0,,2026-08-31T19:06:18.658Z,2026-08-31T21:16:41.151Z,7823,2026-08-31T21:16:41.151Z,B31,Dyersburg,79f5b39e-d314-4ad3-8050-3ace553d67de,SAMMS-DyersburgV5
202608312116373331,202608311905653739,202608311905652236,85,425,Bronze INV,br_AdmissionAssessmentDimensionFiveSubstanceUse,TASK_COMPLETE,SUCCESS,INFO,211,211,0,,2026-08-31T19:06:18.658Z,2026-08-31T21:16:41.151Z,7823,2026-08-31T21:16:41.151Z,B33,Paducah,79f5b39e-d314-4ad3-8050-3ace553d67de,SAMMS-Paducah
202608312116373332,202608311905653740,202608311905652236,85,426,Bronze INV,br_AdmissionAssessmentDimensionFiveSubstanceUse,TASK_COMPLETE,SUCCESS,INFO,448,448,0,,2026-08-31T19:06:18.658Z,2026-08-31T21:16:41.151Z,7823,2026-08-31T21:16:41.151Z,B34,Corbin,79f5b39e-d314-4ad3-8050-3ace553d67de,SAMMS-CorbinV5
202608312116373333,202608311905653741,202608311905652236,85,427,Bronze INV,br_AdmissionAssessmentDimensionFiveSubstanceUse,TASK_COMPLETE,SUCCESS,INFO,711,711,0,,2026-08-31T19:06:18.658Z,2026-08-31T21:16:41.151Z,7823,2026-08-31T21:16:41.151Z,B35,Lexington,79f5b39e-d314-4ad3-8050-3ace553d67de,SAMMS-LexingtonV5
202608312116373335,202608311905653742,202608311905652236,85,428,Bronze INV,br_AdmissionAssessmentDimensionFiveSubstanceUse,TASK_COMPLETE,SUCCESS,INFO,347,347,0,,2026-08-31T19:06:18.658Z,2026-08-31T21:16:41.151Z,7823,2026-08-31T21:16:41.151Z,B35A,Berea,79f5b39e-d314-4ad3-8050-3ace553d67de,SAMMS-BereaV5
202608312116373336,202608311905653743,202608311905652236,85,429,Bronze INV,br_AdmissionAssessmentDimensionFiveSubstanceUse,TASK_COMPLETE,SUCCESS,INFO,603,603,0,,2026-08-31T19:06:18.658Z,2026-08-31T21:16:41.151Z,7823,2026-08-31T21:16:41.151Z,B36,Asheville,79f5b39e-d314-4ad3-8050-3ace553d67de,SAMMS-AshevilleV5
202608312116373337,202608311905653744,202608311905652236,85,430,Bronze INV,br_AdmissionAssessmentDimensionFiveSubstanceUse,TASK_COMPLETE,SUCCESS,INFO,446,446,0,,2026-08-31T19:06:18.658Z,2026-08-31T21:16:41.151Z,7823,2026-08-31T21:16:41.151Z,B37,Clyde,79f5b39e-d314-4ad3-8050-3ace553d67de,SAMMS-ClydeV5
202608312116373338,202608311905653745,202608311905652236,85,431,Bronze INV,br_AdmissionAssessmentDimensionFiveSubstanceUse,TASK_COMPLETE,SUCCESS,INFO,634,634,0,,2026-08-31T19:06:18.658Z,2026-08-31T21:16:41.151Z,7823,2026-08-31T21:16:41.151Z,B38,Spartanburg,79f5b39e-d314-4ad3-8050-3ace553d67de,SAMMS-SpartanburgV5
202608312116373339,202608311905653746,202608311905652236,85,432,Bronze INV,br_AdmissionAssessmentDimensionFiveSubstanceUse,TASK_COMPLETE,SUCCESS,INFO,479,479,0,,2026-08-31T19:06:18.658Z,2026-08-31T21:16:41.151Z,7823,2026-08-31T21:16:41.151Z,B39,Aiken,79f5b39e-d314-4ad3-8050-3ace553d67de,SAMMS-AikenV5
202608312116373340,202608311905653747,202608311905652236,85,433,Bronze INV,br_AdmissionAssessmentDimensionFiveSubstanceUse,TASK_COMPLETE,SUCCESS,INFO,289,289,0,,2026-08-31T19:06:18.658Z,2026-08-31T21:16:41.151Z,7823,2026-08-31T21:16:41.151Z,B41,Chesapeake,79f5b39e-d314-4ad3-8050-3ace553d67de,SAMMS-ChesapeakeV5
202608312116373341,202608311905653748,202608311905652236,85,434,Bronze INV,br_AdmissionAssessmentDimensionFiveSubstanceUse,TASK_COMPLETE,SUCCESS,INFO,534,534,0,,2026-08-31T19:06:18.658Z,2026-08-31T21:16:41.151Z,7823,2026-08-31T21:16:41.151Z,B42,Virginia Beach,79f5b39e-d314-4ad3-8050-3ace553d67de,SAMMS-VirginiaBeachV5
202608312116373342,202608311905653749,202608311905652236,85,435,Bronze INV,br_AdmissionAssessmentDimensionFiveSubstanceUse,TASK_COMPLETE,SUCCESS,INFO,161,161,0,,2026-08-31T19:06:18.658Z,2026-08-31T21:16:41.151Z,7823,2026-08-31T21:16:41.151Z,B42A,Newport News,79f5b39e-d314-4ad3-8050-3ace553d67de,SAMMS-NewportNewsV5
202608312116373343,202608311905653750,202608311905652236,85,436,Bronze INV,br_AdmissionAssessmentDimensionFiveSubstanceUse,TASK_COMPLETE,SUCCESS,INFO,54,54,0,,2026-08-31T19:06:18.658Z,2026-08-31T21:16:41.151Z,7823,2026-08-31T21:16:41.151Z,B42B,Franklin,79f5b39e-d314-4ad3-8050-3ace553d67de,SAMMS-FranklinV5
202608312116373344,202608311905653751,202608311905652236,85,437,Bronze INV,br_AdmissionAssessmentDimensionFiveSubstanceUse,TASK_COMPLETE,SUCCESS,INFO,334,334,0,,2026-08-31T19:06:18.658Z,2026-08-31T21:16:41.151Z,7823,2026-08-31T21:16:41.151Z,B42C,Glen Allen,79f5b39e-d314-4ad3-8050-3ace553d67de,SAMMS-GlenAllenV5
202608312116373346,202608311905653752,202608311905652236,85,438,Bronze INV,br_AdmissionAssessmentDimensionFiveSubstanceUse,TASK_COMPLETE,SUCCESS,INFO,166,166,0,,2026-08-31T19:06:18.658Z,2026-08-31T21:16:41.151Z,7823,2026-08-31T21:16:41.151Z,B42D,Chesapeake South,79f5b39e-d314-4ad3-8050-3ace553d67de,SAMMS-ChesapeakeSouthV5
202608312116373347,202608311905653753,202608311905652236,85,439,Bronze INV,br_AdmissionAssessmentDimensionFiveSubstanceUse,TASK_COMPLETE,SUCCESS,INFO,208,208,0,,2026-08-31T19:06:18.658Z,2026-08-31T21:16:41.151Z,7823,2026-08-31T21:16:41.151Z,B44,Albany,79f5b39e-d314-4ad3-8050-3ace553d67de,SAMMS-AlbanyV5
202608312116373348,202608311905653754,202608311905652236,85,440,Bronze INV,br_AdmissionAssessmentDimensionFiveSubstanceUse,TASK_COMPLETE,SUCCESS,INFO,306,306,0,,2026-08-31T19:06:18.658Z,2026-08-31T21:16:41.151Z,7823,2026-08-31T21:16:41.151Z,B45,Tifton,79f5b39e-d314-4ad3-8050-3ace553d67de,SAMMS-TiftonV5
202608312116373349,202608311905653755,202608311905652236,85,441,Bronze INV,br_AdmissionAssessmentDimensionFiveSubstanceUse,TASK_COMPLETE,SUCCESS,INFO,664,664,0,,2026-08-31T19:06:18.658Z,2026-08-31T21:16:41.151Z,7823,2026-08-31T21:16:41.151Z,B46,Washington DC,79f5b39e-d314-4ad3-8050-3ace553d67de,SAMMS-WashingtonDCv5
202608312116373350,202608311905653756,202608311905652236,85,442,Bronze INV,br_AdmissionAssessmentDimensionFiveSubstanceUse,TASK_COMPLETE,SUCCESS,INFO,354,354,0,,2026-08-31T19:06:18.658Z,2026-08-31T21:16:41.151Z,7823,2026-08-31T21:16:41.151Z,B47,Mobile,79f5b39e-d314-4ad3-8050-3ace553d67de,SAMMS-MobileV5
202608312116373351,202608311905653757,202608311905652236,85,443,Bronze INV,br_AdmissionAssessmentDimensionFiveSubstanceUse,TASK_COMPLETE,SUCCESS,INFO,450,450,0,,2026-08-31T19:06:18.658Z,2026-08-31T21:16:41.151Z,7823,2026-08-31T21:16:41.151Z,B48,Tuscaloosa,79f5b39e-d314-4ad3-8050-3ace553d67de,SAMMS-TuscaloosaV5
202608312116373352,202608311905653758,202608311905652236,85,452,Bronze INV,br_AdmissionAssessmentDimensionFiveSubstanceUse,TASK_COMPLETE,SUCCESS,INFO,314,314,0,,2026-08-31T19:06:18.658Z,2026-08-31T21:16:41.151Z,7823,2026-08-31T21:16:41.151Z,B51,N. Little Rock (OTP),79f5b39e-d314-4ad3-8050-3ace553d67de,SAMMS-NorthLittleRockV6
202608312116373353,202608311905653759,202608311905652236,85,453,Bronze INV,br_AdmissionAssessmentDimensionFiveSubstanceUse,TASK_COMPLETE,SUCCESS,INFO,154,154,0,,2026-08-31T19:06:18.658Z,2026-08-31T21:16:41.151Z,7823,2026-08-31T21:16:41.151Z,B52,Jackson GA,79f5b39e-d314-4ad3-8050-3ace553d67de,SAMMS-JacksonGAV5
202608312116373354,202608311905653760,202608311905652236,85,454,Bronze INV,br_AdmissionAssessmentDimensionFiveSubstanceUse,TASK_COMPLETE,SUCCESS,INFO,474,474,0,,2026-08-31T19:06:18.658Z,2026-08-31T21:16:41.151Z,7823,2026-08-31T21:16:41.151Z,B54,Gadsden,79f5b39e-d314-4ad3-8050-3ace553d67de,SAMMS-GadsdenV5
202608312116373355,202608311905653761,202608311905652236,85,455,Bronze INV,br_AdmissionAssessmentDimensionFiveSubstanceUse,TASK_COMPLETE,SUCCESS,INFO,481,481,0,,2026-08-31T19:06:18.658Z,2026-08-31T21:16:41.151Z,7823,2026-08-31T21:16:41.151Z,B55,Shoals,79f5b39e-d314-4ad3-8050-3ace553d67de,SAMMS-ShoalsV5
202608312116373356,202608311905653762,202608311905652236,85,456,Bronze INV,br_AdmissionAssessmentDimensionFiveSubstanceUse,TASK_COMPLETE,SUCCESS,INFO,171,171,0,,2026-08-31T19:06:18.658Z,2026-08-31T21:16:41.151Z,7823,2026-08-31T21:16:41.151Z,B57,Pawtucket,79f5b39e-d314-4ad3-8050-3ace553d67de,SAMMS-Pawtucket
202608312116373358,202608311905653763,202608311905652236,85,457,Bronze INV,br_AdmissionAssessmentDimensionFiveSubstanceUse,TASK_COMPLETE,SUCCESS,INFO,167,167,0,,2026-08-31T19:06:18.658Z,2026-08-31T21:16:41.151Z,7823,2026-08-31T21:16:41.151Z,B57A,Johnston,79f5b39e-d314-4ad3-8050-3ace553d67de,SAMMS-Johnston
202608312116373359,202608311905653764,202608311905652236,85,458,Bronze INV,br_AdmissionAssessmentDimensionFiveSubstanceUse,TASK_COMPLETE,SUCCESS,INFO,86,86,0,,2026-08-31T19:06:18.658Z,2026-08-31T21:16:41.151Z,7823,2026-08-31T21:16:41.151Z,B57B,Middletown,79f5b39e-d314-4ad3-8050-3ace553d67de,SAMMS-Middletown
202608312116373360,202608311905653765,202608311905652236,85,459,Bronze INV,br_AdmissionAssessmentDimensionFiveSubstanceUse,TASK_COMPLETE,SUCCESS,INFO,175,175,0,,2026-08-31T19:06:18.658Z,2026-08-31T21:16:41.151Z,7823,2026-08-31T21:16:41.151Z,B57C,Providence,79f5b39e-d314-4ad3-8050-3ace553d67de,SAMMS-Providence
202608312116373361,202608311905653766,202608311905652236,85,460,Bronze INV,br_AdmissionAssessmentDimensionFiveSubstanceUse,TASK_COMPLETE,SUCCESS,INFO,255,255,0,,2026-08-31T19:06:18.658Z,2026-08-31T21:16:41.151Z,7823,2026-08-31T21:16:41.151Z,B57D,Westerly,79f5b39e-d314-4ad3-8050-3ace553d67de,SAMMS-Westerly
202608312116373362,202608311905653767,202608311905652236,85,464,Bronze INV,br_AdmissionAssessmentDimensionFiveSubstanceUse,TASK_COMPLETE,SUCCESS,INFO,364,364,0,,2026-08-31T19:06:18.658Z,2026-08-31T21:16:41.151Z,7823,2026-08-31T21:16:41.151Z,B66A,Bremen,79f5b39e-d314-4ad3-8050-3ace553d67de,SAMMS-Bremen
202608312116373363,202608311905653768,202608311905652236,85,467,Bronze INV,br_AdmissionAssessmentDimensionFiveSubstanceUse,TASK_COMPLETE,SUCCESS,INFO,12,12,0,,2026-08-31T19:06:18.658Z,2026-08-31T21:16:41.151Z,7823,2026-08-31T21:16:41.151Z,B72,Mobile (OBOT),79f5b39e-d314-4ad3-8050-3ace553d67de,SAMMS-Mobile-OBOT
202608312116373364,202608311905653769,202608311905652236,85,468,Bronze INV,br_AdmissionAssessmentDimensionFiveSubstanceUse,TASK_COMPLETE,SUCCESS,INFO,2,2,0,,2026-08-31T19:06:18.658Z,2026-08-31T21:16:41.151Z,7823,2026-08-31T21:16:41.151Z,B73,Montgomery,79f5b39e-d314-4ad3-8050-3ace553d67de,SAMMS-Montgomery
202608312116373366,202608311905653770,202608311905652236,85,469,Bronze INV,br_AdmissionAssessmentDimensionFiveSubstanceUse,TASK_COMPLETE,SUCCESS,INFO,317,317,0,,2026-08-31T19:06:18.658Z,2026-08-31T21:16:41.151Z,7823,2026-08-31T21:16:41.151Z,B75,Lawrence,79f5b39e-d314-4ad3-8050-3ace553d67de,SAMMS-LawrenceV6
202608312116373367,202608311905653771,202608311905652236,85,470,Bronze INV,br_AdmissionAssessmentDimensionFiveSubstanceUse,TASK_COMPLETE,SUCCESS,INFO,49,49,0,,2026-08-31T19:06:18.658Z,2026-08-31T21:16:41.151Z,7823,2026-08-31T21:16:41.151Z,B76,Huntsville OBOT,79f5b39e-d314-4ad3-8050-3ace553d67de,SAMMS-Huntsville-OBOT
202608312116373368,202608311905653772,202608311905652236,85,471,Bronze INV,br_AdmissionAssessmentDimensionFiveSubstanceUse,TASK_COMPLETE,SUCCESS,INFO,301,301,0,,2026-08-31T19:06:18.658Z,2026-08-31T21:16:41.151Z,7823,2026-08-31T21:16:41.151Z,BAT,Batesville,79f5b39e-d314-4ad3-8050-3ace553d67de,SAMMS-Batesville
202608312116373369,202608311905653773,202608311905652236,85,472,Bronze INV,br_AdmissionAssessmentDimensionFiveSubstanceUse,TASK_COMPLETE,SUCCESS,INFO,238,238,0,,2026-08-31T19:06:18.658Z,2026-08-31T21:16:41.151Z,7823,2026-08-31T21:16:41.151Z,BG,Bowling Green,79f5b39e-d314-4ad3-8050-3ace553d67de,SAMMS-BowlingGreen
202608312116373370,202608311905653774,202608311905652236,85,473,Bronze INV,br_AdmissionAssessmentDimensionFiveSubstanceUse,TASK_COMPLETE,SUCCESS,INFO,216,216,0,,2026-08-31T19:06:18.658Z,2026-08-31T21:16:41.151Z,7823,2026-08-31T21:16:41.151Z,BOI,Boise,79f5b39e-d314-4ad3-8050-3ace553d67de,SAMMS-Boise
202608312116373371,202608311905653775,202608311905652236,85,480,Bronze INV,br_AdmissionAssessmentDimensionFiveSubstanceUse,TASK_COMPLETE,SUCCESS,INFO,285,285,0,,2026-08-31T19:06:18.658Z,2026-08-31T21:16:41.151Z,7823,2026-08-31T21:16:41.151Z,CBCO,Coeur dAlene,79f5b39e-d314-4ad3-8050-3ace553d67de,SAMMS-CoeurdAleneV6
202608312116373372,202608311905653776,202608311905652236,85,499,Bronze INV,br_AdmissionAssessmentDimensionFiveSubstanceUse,TASK_COMPLETE,SUCCESS,INFO,303,303,0,,2026-08-31T19:06:18.658Z,2026-08-31T21:16:41.151Z,7823,2026-08-31T21:16:41.151Z,CON,Conway,79f5b39e-d314-4ad3-8050-3ace553d67de,SAMMS-Conway
202608312116373373,202608311905653777,202608311905652236,85,500,Bronze INV,br_AdmissionAssessmentDimensionFiveSubstanceUse,TASK_COMPLETE,SUCCESS,INFO,1544,1544,0,,2026-08-31T19:06:18.658Z,2026-08-31T21:16:41.151Z,7823,2026-08-31T21:16:41.151Z,D07,Medical Services Knox TN,79f5b39e-d314-4ad3-8050-3ace553d67de,SAMMS-KnoxvilleV6
202608312116373374,202608311905653778,202608311905652236,85,501,Bronze INV,br_AdmissionAssessmentDimensionFiveSubstanceUse,TASK_COMPLETE,SUCCESS,INFO,955,955,0,,2026-08-31T19:06:18.658Z,2026-08-31T21:16:41.151Z,7823,2026-08-31T21:16:41.151Z,D08,Madison,79f5b39e-d314-4ad3-8050-3ace553d67de,SAMMS-MadisonV6
202608312116373375,202608311905653779,202608311905652236,85,503,Bronze INV,br_AdmissionAssessmentDimensionFiveSubstanceUse,TASK_COMPLETE,SUCCESS,INFO,932,932,0,,2026-08-31T19:06:18.658Z,2026-08-31T21:16:41.151Z,7823,2026-08-31T21:16:41.151Z,D09,Murfreesboro,79f5b39e-d314-4ad3-8050-3ace553d67de,SAMMS-MurfreesboroV6
202608312116373376,202608311905653780,202608311905652236,85,504,Bronze INV,br_AdmissionAssessmentDimensionFiveSubstanceUse,TASK_COMPLETE,SUCCESS,INFO,220,220,0,,2026-08-31T19:06:18.658Z,2026-08-31T21:16:41.151Z,7823,2026-08-31T21:16:41.151Z,DA,Davenport,79f5b39e-d314-4ad3-8050-3ace553d67de,SAMMS-Davenport
202608312116373378,202608311905653781,202608311905652236,85,505,Bronze INV,br_AdmissionAssessmentDimensionFiveSubstanceUse,TASK_COMPLETE,SUCCESS,INFO,353,353,0,,2026-08-31T19:06:18.658Z,2026-08-31T21:16:41.151Z,7823,2026-08-31T21:16:41.151Z,DM,Des Moines,79f5b39e-d314-4ad3-8050-3ace553d67de,SAMMS-DesMoines
202608312116373379,202608311905653782,202608311905652236,85,507,Bronze INV,br_AdmissionAssessmentDimensionFiveSubstanceUse,TASK_COMPLETE,SUCCESS,INFO,474,474,0,,2026-08-31T19:06:18.658Z,2026-08-31T21:16:41.151Z,7823,2026-08-31T21:16:41.151Z,DRD-CO,Columbia MO,79f5b39e-d314-4ad3-8050-3ace553d67de,SAMMS-ColumbiaV5
202608312116373380,202608311905653783,202608311905652236,85,508,Bronze INV,br_AdmissionAssessmentDimensionFiveSubstanceUse,TASK_COMPLETE,SUCCESS,INFO,590,590,0,,2026-08-31T19:06:18.658Z,2026-08-31T21:16:41.151Z,7823,2026-08-31T21:16:41.151Z,DRD-KC,KC,79f5b39e-d314-4ad3-8050-3ace553d67de,SAMMS-KCv5
202608312116373381,202608311905653784,202608311905652236,85,509,Bronze INV,br_AdmissionAssessmentDimensionFiveSubstanceUse,TASK_COMPLETE,SUCCESS,INFO,947,947,0,,2026-08-31T19:06:18.658Z,2026-08-31T21:16:41.151Z,7823,2026-08-31T21:16:41.151Z,DRD-KVB,KVB,79f5b39e-d314-4ad3-8050-3ace553d67de,SAMMS-KVBv5
202609012114520175,202609011903673468,202609011903672005,85,738,Bronze INV,br_AdmissionAssessmentDimensionFour,TASK_COMPLETE,SUCCESS,INFO,80,80,0,,2026-09-01T19:04:17.664Z,2026-09-01T21:14:55.846Z,7838,2026-09-01T21:14:55.846Z,STN,Staunton,0e5f68b5-5669-4bb1-91ce-4b967b620e7d,SAMMS-Staunton
202609012114520176,202609011903673469,202609011903672005,85,739,Bronze INV,br_AdmissionAssessmentDimensionFour,TASK_COMPLETE,SUCCESS,INFO,52,52,0,,2026-09-01T19:04:17.664Z,2026-09-01T21:14:55.846Z,7838,2026-09-01T21:14:55.846Z,STVN,Stevenson,0e5f68b5-5669-4bb1-91ce-4b967b620e7d,SAMMS-Stevenson
202609012114520177,202609011903673470,202609011903672005,85,741,Bronze INV,br_AdmissionAssessmentDimensionFour,TASK_COMPLETE,SUCCESS,INFO,70,70,0,,2026-09-01T19:04:17.664Z,2026-09-01T21:14:55.846Z,7838,2026-09-01T21:14:55.846Z,TE,Tempe,0e5f68b5-5669-4bb1-91ce-4b967b620e7d,SAMMS-Tempe
202609012114520178,202609011903673471,202609011903672005,85,742,Bronze INV,br_AdmissionAssessmentDimensionFour,TASK_COMPLETE,SUCCESS,INFO,367,367,0,,2026-09-01T19:04:17.664Z,2026-09-01T21:14:55.846Z,7838,2026-09-01T21:14:55.846Z,TEX,Texarkana,0e5f68b5-5669-4bb1-91ce-4b967b620e7d,SAMMS-Texarkana
202609012114520179,202609011903673472,202609011903672005,85,743,Bronze INV,br_AdmissionAssessmentDimensionFour,TASK_COMPLETE,SUCCESS,INFO,420,420,0,,2026-09-01T19:04:17.664Z,2026-09-01T21:14:55.846Z,7838,2026-09-01T21:14:55.846Z,TTCA,Bessemer,0e5f68b5-5669-4bb1-91ce-4b967b620e7d,SAMMS-BessemerV5
202609012114520180,202609011903673473,202609011903672005,85,744,Bronze INV,br_AdmissionAssessmentDimensionFour,TASK_COMPLETE,SUCCESS,INFO,549,549,0,,2026-09-01T19:04:17.664Z,2026-09-01T21:14:55.846Z,7838,2026-09-01T21:14:55.846Z,TTCB,Cullman,0e5f68b5-5669-4bb1-91ce-4b967b620e7d,SAMMS-CullmanV5
202609012114520181,202609011903673474,202609011903672005,85,745,Bronze INV,br_AdmissionAssessmentDimensionFour,TASK_COMPLETE,SUCCESS,INFO,299,299,0,,2026-09-01T19:04:17.664Z,2026-09-01T21:14:55.846Z,7838,2026-09-01T21:14:55.846Z,TTCC,Grand Bay,0e5f68b5-5669-4bb1-91ce-4b967b620e7d,SAMMS-GrandBay
202609012114520183,202609011903673475,202609011903672005,85,746,Bronze INV,br_AdmissionAssessmentDimensionFour,TASK_COMPLETE,SUCCESS,INFO,22,22,0,,2026-09-01T19:04:17.664Z,2026-09-01T21:14:55.846Z,7838,2026-09-01T21:14:55.846Z,TU,Tucson,0e5f68b5-5669-4bb1-91ce-4b967b620e7d,SAMMS-Tucson
202609012114520184,202609011903673476,202609011903672005,85,748,Bronze INV,br_AdmissionAssessmentDimensionFour,TASK_COMPLETE,SUCCESS,INFO,252,252,0,,2026-09-01T19:04:17.664Z,2026-09-01T21:14:55.846Z,7838,2026-09-01T21:14:55.846Z,V1,Memphis South,0e5f68b5-5669-4bb1-91ce-4b967b620e7d,SAMMS-VCPHCS-I-MemphisV5
202609012114520185,202609011903673477,202609011903672005,85,749,Bronze INV,br_AdmissionAssessmentDimensionFour,TASK_COMPLETE,SUCCESS,INFO,694,694,0,,2026-09-01T19:04:17.664Z,2026-09-01T21:14:55.846Z,7838,2026-09-01T21:14:55.846Z,V10,Longmont,0e5f68b5-5669-4bb1-91ce-4b967b620e7d,SAMMS-BoulderV5
202609012114520186,202609011903673478,202609011903672005,85,750,Bronze INV,br_AdmissionAssessmentDimensionFour,TASK_COMPLETE,SUCCESS,INFO,1191,1191,0,,2026-09-01T19:04:17.664Z,2026-09-01T21:14:55.846Z,7838,2026-09-01T21:14:55.846Z,V10A,Fort Collins,0e5f68b5-5669-4bb1-91ce-4b967b620e7d,SAMMS-FortCollinsV5
202609012114520187,202609011903673479,202609011903672005,85,751,Bronze INV,br_AdmissionAssessmentDimensionFour,TASK_COMPLETE,SUCCESS,INFO,992,992,0,,2026-09-01T19:04:17.664Z,2026-09-01T21:14:55.846Z,7838,2026-09-01T21:14:55.846Z,V11,Westminster,0e5f68b5-5669-4bb1-91ce-4b967b620e7d,SAMMS-VCPHCS-XI-NorthDenverV5
202609012114520188,202609011903673480,202609011903672005,85,752,Bronze INV,br_AdmissionAssessmentDimensionFour,TASK_COMPLETE,SUCCESS,INFO,1056,1056,0,,2026-09-01T19:04:17.664Z,2026-09-01T21:14:55.846Z,7838,2026-09-01T21:14:55.846Z,V12,Downtown Denver,0e5f68b5-5669-4bb1-91ce-4b967b620e7d,SAMMS-VCPHCS-XII-DowntownDenverV5
202609012114520190,202609011903673481,202609011903672005,85,753,Bronze INV,br_AdmissionAssessmentDimensionFour,TASK_COMPLETE,SUCCESS,INFO,476,476,0,,2026-09-01T19:04:17.664Z,2026-09-01T21:14:55.846Z,7838,2026-09-01T21:14:55.846Z,V12A,Centennial,0e5f68b5-5669-4bb1-91ce-4b967b620e7d,SAMMS-CentennialV5
202609012114520191,202609011903673482,202609011903672005,85,754,Bronze INV,br_AdmissionAssessmentDimensionFour,TASK_COMPLETE,SUCCESS,INFO,294,294,0,,2026-09-01T19:04:17.664Z,2026-09-01T21:14:55.846Z,7838,2026-09-01T21:14:55.846Z,V14,Overland Park,0e5f68b5-5669-4bb1-91ce-4b967b620e7d,SAMMS-VCPHCS-XIV-BridgewayV5
202609012114520192,202609011903673483,202609011903672005,85,755,Bronze INV,br_AdmissionAssessmentDimensionFour,TASK_COMPLETE,SUCCESS,INFO,568,568,0,,2026-09-01T19:04:17.664Z,2026-09-01T21:14:55.846Z,7838,2026-09-01T21:14:55.846Z,V15,Joplin,0e5f68b5-5669-4bb1-91ce-4b967b620e7d,SAMMS-JoplinV5
202609012114520193,202609011903673484,202609011903672005,85,757,Bronze INV,br_AdmissionAssessmentDimensionFour,TASK_COMPLETE,SUCCESS,INFO,473,473,0,,2026-09-01T19:04:17.664Z,2026-09-01T21:14:55.846Z,7838,2026-09-01T21:14:55.846Z,V17,Columbia TN,0e5f68b5-5669-4bb1-91ce-4b967b620e7d,SAMMS-ColumbiaTNv5
202609012114520194,202609011903673485,202609011903672005,85,759,Bronze INV,br_AdmissionAssessmentDimensionFour,TASK_COMPLETE,SUCCESS,INFO,413,413,0,,2026-09-01T19:04:17.664Z,2026-09-01T21:14:55.846Z,7838,2026-09-01T21:14:55.846Z,V19,Jackson,0e5f68b5-5669-4bb1-91ce-4b967b620e7d,SAMMS-JacksonV5
202609012114520195,202609011903673486,202609011903672005,85,761,Bronze INV,br_AdmissionAssessmentDimensionFour,TASK_COMPLETE,SUCCESS,INFO,484,484,0,,2026-09-01T19:04:17.664Z,2026-09-01T21:14:55.846Z,7838,2026-09-01T21:14:55.846Z,V20,Paris,0e5f68b5-5669-4bb1-91ce-4b967b620e7d,SAMMS-ParisV5
202609012114520196,202609011903673487,202609011903672005,85,762,Bronze INV,br_AdmissionAssessmentDimensionFour,TASK_COMPLETE,SUCCESS,INFO,354,354,0,,2026-09-01T19:04:17.664Z,2026-09-01T21:14:55.846Z,7838,2026-09-01T21:14:55.846Z,V21,Memphis North,0e5f68b5-5669-4bb1-91ce-4b967b620e7d,SAMMS-RaleighV5
202609012114520198,202609011903673488,202609011903672005,85,765,Bronze INV,br_AdmissionAssessmentDimensionFour,TASK_COMPLETE,SUCCESS,INFO,699,699,0,,2026-09-01T19:04:17.664Z,2026-09-01T21:14:55.846Z,7838,2026-09-01T21:14:55.846Z,V5,West Bank,0e5f68b5-5669-4bb1-91ce-4b967b620e7d,SAMMS-NONTCv5
202609012114520199,202609011903673489,202609011903672005,85,767,Bronze INV,br_AdmissionAssessmentDimensionFour,TASK_COMPLETE,SUCCESS,INFO,253,253,0,,2026-09-01T19:04:17.664Z,2026-09-01T21:14:55.846Z,7838,2026-09-01T21:14:55.846Z,V5B,Houma,0e5f68b5-5669-4bb1-91ce-4b967b620e7d,SAMMS-HoumaV6
202609012114520200,202609011903673490,202609011903672005,85,768,Bronze INV,br_AdmissionAssessmentDimensionFour,TASK_COMPLETE,SUCCESS,INFO,953,953,0,,2026-09-01T19:04:17.664Z,2026-09-01T21:14:55.846Z,7838,2026-09-01T21:14:55.846Z,V6,Lake Charles,0e5f68b5-5669-4bb1-91ce-4b967b620e7d,SAMMS-LCv5
202609012114520201,202609011903673491,202609011903672005,85,770,Bronze INV,br_AdmissionAssessmentDimensionFour,TASK_COMPLETE,SUCCESS,INFO,565,565,0,,2026-09-01T19:04:17.664Z,2026-09-01T21:14:55.846Z,7838,2026-09-01T21:14:55.846Z,V8,Memphis Midtown,0e5f68b5-5669-4bb1-91ce-4b967b620e7d,SAMMS-VCPHCS-VIII-MemphisV5
202609012114520202,202609011903673492,202609011903672005,85,771,Bronze INV,br_AdmissionAssessmentDimensionFour,TASK_COMPLETE,SUCCESS,INFO,1575,1575,0,,2026-09-01T19:04:17.664Z,2026-09-01T21:14:55.846Z,7838,2026-09-01T21:14:55.846Z,V9,Nashville,0e5f68b5-5669-4bb1-91ce-4b967b620e7d,SAMMS-NashvilleV5
202609012114520203,202609011903673493,202609011903672005,85,772,Bronze INV,br_AdmissionAssessmentDimensionFour,TASK_COMPLETE,SUCCESS,INFO,330,330,0,,2026-09-01T19:04:17.664Z,2026-09-01T21:14:55.846Z,7838,2026-09-01T21:14:55.846Z,VBRA,Brainerd,0e5f68b5-5669-4bb1-91ce-4b967b620e7d,SAMMS-BrainerdV6
202609012114520205,202609011903673494,202609011903672005,85,773,Bronze INV,br_AdmissionAssessmentDimensionFour,TASK_COMPLETE,SUCCESS,INFO,591,591,0,,2026-09-01T19:04:17.664Z,2026-09-01T21:14:55.846Z,7838,2026-09-01T21:14:55.846Z,VBRP,Brooklyn Park,0e5f68b5-5669-4bb1-91ce-4b967b620e7d,SAMMS-BrooklynParkV6
202609012114520206,202609011903673495,202609011903672005,85,775,Bronze INV,br_AdmissionAssessmentDimensionFour,TASK_COMPLETE,SUCCESS,INFO,571,571,0,,2026-09-01T19:04:17.664Z,2026-09-01T21:14:55.846Z,7838,2026-09-01T21:14:55.846Z,VMIN,Minneapolis,0e5f68b5-5669-4bb1-91ce-4b967b620e7d,SAMMS-MinneapolisV6
202609012114520207,202609011903673496,202609011903672005,85,776,Bronze INV,br_AdmissionAssessmentDimensionFour,TASK_COMPLETE,SUCCESS,INFO,1059,1059,0,,2026-09-01T19:04:17.664Z,2026-09-01T21:14:55.846Z,7838,2026-09-01T21:14:55.846Z,VWBY,Woodbury,0e5f68b5-5669-4bb1-91ce-4b967b620e7d,SAMMS-WoodburyV6
202609012114520208,202609011903673497,202609011903672005,85,778,Bronze INV,br_AdmissionAssessmentDimensionFour,TASK_COMPLETE,SUCCESS,INFO,432,432,0,,2026-09-01T19:04:17.664Z,2026-09-01T21:14:55.846Z,7838,2026-09-01T21:14:55.846Z,WIL,Wilson,0e5f68b5-5669-4bb1-91ce-4b967b620e7d,SAMMS-Wilson
202609012114520209,202609011903673498,202609011903672005,85,414,Bronze INV,br_AdmissionAssessmentDimensionFiveSubstanceUse,TASK_COMPLETE,SUCCESS,INFO,97,97,0,,2026-09-01T19:04:17.664Z,2026-09-01T21:14:55.846Z,7838,2026-09-01T21:14:55.846Z,AHK,Ahoskie,0e5f68b5-5669-4bb1-91ce-4b967b620e7d,SAMMS-Ahoskie
202609012114520210,202609011903673499,202609011903672005,85,415,Bronze INV,br_AdmissionAssessmentDimensionFiveSubstanceUse,TASK_COMPLETE,SUCCESS,INFO,797,797,0,,2026-09-01T19:04:17.664Z,2026-09-01T21:14:55.846Z,7838,2026-09-01T21:14:55.846Z,B12B,Colorado Springs,0e5f68b5-5669-4bb1-91ce-4b967b620e7d,SAMMS-ColoradoSpringsV5
202609012114520211,202609011903673500,202609011903672005,85,416,Bronze INV,br_AdmissionAssessmentDimensionFiveSubstanceUse,TASK_COMPLETE,SUCCESS,INFO,412,412,0,,2026-09-01T19:04:17.664Z,2026-09-01T21:14:55.846Z,7838,2026-09-01T21:14:55.846Z,B24,Paintsville,0e5f68b5-5669-4bb1-91ce-4b967b620e7d,SAMMS-PaintsvilleV5
202609012114520213,202609011903673501,202609011903672005,85,417,Bronze INV,br_AdmissionAssessmentDimensionFiveSubstanceUse,TASK_COMPLETE,SUCCESS,INFO,171,171,0,,2026-09-01T19:04:17.664Z,2026-09-01T21:14:55.846Z,7838,2026-09-01T21:14:55.846Z,B25,Pikeville,0e5f68b5-5669-4bb1-91ce-4b967b620e7d,SAMMS-PikevilleV5
202609012114520214,202609011903673502,202609011903672005,85,418,Bronze INV,br_AdmissionAssessmentDimensionFiveSubstanceUse,TASK_COMPLETE,SUCCESS,INFO,493,493,0,,2026-09-01T19:04:17.664Z,2026-09-01T21:14:55.846Z,7838,2026-09-01T21:14:55.846Z,B26,Hazard,0e5f68b5-5669-4bb1-91ce-4b967b620e7d,SAMMS-HazardV5
202609012114520215,202609011903673503,202609011903672005,85,419,Bronze INV,br_AdmissionAssessmentDimensionFiveSubstanceUse,TASK_COMPLETE,SUCCESS,INFO,189,189,0,,2026-09-01T19:04:17.664Z,2026-09-01T21:14:55.846Z,7838,2026-09-01T21:14:55.846Z,B27,Savannah,0e5f68b5-5669-4bb1-91ce-4b967b620e7d,SAMMS-SavannahV6
202609012114520216,202609011903673504,202609011903672005,85,420,Bronze INV,br_AdmissionAssessmentDimensionFiveSubstanceUse,TASK_COMPLETE,SUCCESS,INFO,237,237,0,,2026-09-01T19:04:17.664Z,2026-09-01T21:14:55.846Z,7838,2026-09-01T21:14:55.846Z,B28,West Plains,0e5f68b5-5669-4bb1-91ce-4b967b620e7d,SAMMS-WestPlainesV5
202609012114520217,202609011903673505,202609011903672005,85,421,Bronze INV,br_AdmissionAssessmentDimensionFiveSubstanceUse,TASK_COMPLETE,SUCCESS,INFO,261,261,0,,2026-09-01T19:04:17.664Z,2026-09-01T21:14:55.846Z,7838,2026-09-01T21:14:55.846Z,B29,Poplar Bluff,0e5f68b5-5669-4bb1-91ce-4b967b620e7d,SAMMS-PoplarBluffV5
202609012114520218,202609011903673506,202609011903672005,85,422,Bronze INV,br_AdmissionAssessmentDimensionFiveSubstanceUse,TASK_COMPLETE,SUCCESS,INFO,140,140,0,,2026-09-01T19:04:17.664Z,2026-09-01T21:14:55.846Z,7838,2026-09-01T21:14:55.846Z,B30,KC North,0e5f68b5-5669-4bb1-91ce-4b967b620e7d,SAMMS-KCNv5
202609012114520220,202609011903673507,202609011903672005,85,423,Bronze INV,br_AdmissionAssessmentDimensionFiveSubstanceUse,TASK_COMPLETE,SUCCESS,INFO,338,338,0,,2026-09-01T19:04:17.664Z,2026-09-01T21:14:55.846Z,7838,2026-09-01T21:14:55.846Z,B31,Dyersburg,0e5f68b5-5669-4bb1-91ce-4b967b620e7d,SAMMS-DyersburgV5
202609012114520221,202609011903673508,202609011903672005,85,425,Bronze INV,br_AdmissionAssessmentDimensionFiveSubstanceUse,TASK_COMPLETE,SUCCESS,INFO,211,211,0,,2026-09-01T19:04:17.664Z,2026-09-01T21:14:55.846Z,7838,2026-09-01T21:14:55.846Z,B33,Paducah,0e5f68b5-5669-4bb1-91ce-4b967b620e7d,SAMMS-Paducah
202609012114520222,202609011903673509,202609011903672005,85,426,Bronze INV,br_AdmissionAssessmentDimensionFiveSubstanceUse,TASK_COMPLETE,SUCCESS,INFO,448,448,0,,2026-09-01T19:04:17.664Z,2026-09-01T21:14:55.846Z,7838,2026-09-01T21:14:55.846Z,B34,Corbin,0e5f68b5-5669-4bb1-91ce-4b967b620e7d,SAMMS-CorbinV5
202609012114520223,202609011903673510,202609011903672005,85,427,Bronze INV,br_AdmissionAssessmentDimensionFiveSubstanceUse,TASK_COMPLETE,SUCCESS,INFO,711,711,0,,2026-09-01T19:04:17.664Z,2026-09-01T21:14:55.846Z,7838,2026-09-01T21:14:55.846Z,B35,Lexington,0e5f68b5-5669-4bb1-91ce-4b967b620e7d,SAMMS-LexingtonV5
202609012114520224,202609011903673511,202609011903672005,85,428,Bronze INV,br_AdmissionAssessmentDimensionFiveSubstanceUse,TASK_COMPLETE,SUCCESS,INFO,347,347,0,,2026-09-01T19:04:17.664Z,2026-09-01T21:14:55.846Z,7838,2026-09-01T21:14:55.846Z,B35A,Berea,0e5f68b5-5669-4bb1-91ce-4b967b620e7d,SAMMS-BereaV5
202609012114520225,202609011903673512,202609011903672005,85,429,Bronze INV,br_AdmissionAssessmentDimensionFiveSubstanceUse,TASK_COMPLETE,SUCCESS,INFO,603,603,0,,2026-09-01T19:04:17.664Z,2026-09-01T21:14:55.846Z,7838,2026-09-01T21:14:55.846Z,B36,Asheville,0e5f68b5-5669-4bb1-91ce-4b967b620e7d,SAMMS-AshevilleV5
202609012114520226,202609011903673513,202609011903672005,85,430,Bronze INV,br_AdmissionAssessmentDimensionFiveSubstanceUse,TASK_COMPLETE,SUCCESS,INFO,446,446,0,,2026-09-01T19:04:17.664Z,2026-09-01T21:14:55.846Z,7838,2026-09-01T21:14:55.846Z,B37,Clyde,0e5f68b5-5669-4bb1-91ce-4b967b620e7d,SAMMS-ClydeV5
202609012114520227,202609011903673514,202609011903672005,85,431,Bronze INV,br_AdmissionAssessmentDimensionFiveSubstanceUse,TASK_COMPLETE,SUCCESS,INFO,634,634,0,,2026-09-01T19:04:17.664Z,2026-09-01T21:14:55.846Z,7838,2026-09-01T21:14:55.846Z,B38,Spartanburg,0e5f68b5-5669-4bb1-91ce-4b967b620e7d,SAMMS-SpartanburgV5
202609012114520229,202609011903673515,202609011903672005,85,432,Bronze INV,br_AdmissionAssessmentDimensionFiveSubstanceUse,TASK_COMPLETE,SUCCESS,INFO,480,480,0,,2026-09-01T19:04:17.664Z,2026-09-01T21:14:55.846Z,7838,2026-09-01T21:14:55.846Z,B39,Aiken,0e5f68b5-5669-4bb1-91ce-4b967b620e7d,SAMMS-AikenV5
202609012114520230,202609011903673516,202609011903672005,85,433,Bronze INV,br_AdmissionAssessmentDimensionFiveSubstanceUse,TASK_COMPLETE,SUCCESS,INFO,289,289,0,,2026-09-01T19:04:17.664Z,2026-09-01T21:14:55.846Z,7838,2026-09-01T21:14:55.846Z,B41,Chesapeake,0e5f68b5-5669-4bb1-91ce-4b967b620e7d,SAMMS-ChesapeakeV5
202609012114520231,202609011903673517,202609011903672005,85,434,Bronze INV,br_AdmissionAssessmentDimensionFiveSubstanceUse,TASK_COMPLETE,SUCCESS,INFO,534,534,0,,2026-09-01T19:04:17.664Z,2026-09-01T21:14:55.846Z,7838,2026-09-01T21:14:55.846Z,B42,Virginia Beach,0e5f68b5-5669-4bb1-91ce-4b967b620e7d,SAMMS-VirginiaBeachV5
202609012114520232,202609011903673518,202609011903672005,85,435,Bronze INV,br_AdmissionAssessmentDimensionFiveSubstanceUse,TASK_COMPLETE,SUCCESS,INFO,161,161,0,,2026-09-01T19:04:17.664Z,2026-09-01T21:14:55.846Z,7838,2026-09-01T21:14:55.846Z,B42A,Newport News,0e5f68b5-5669-4bb1-91ce-4b967b620e7d,SAMMS-NewportNewsV5
202609012114520233,202609011903673519,202609011903672005,85,436,Bronze INV,br_AdmissionAssessmentDimensionFiveSubstanceUse,TASK_COMPLETE,SUCCESS,INFO,54,54,0,,2026-09-01T19:04:17.664Z,2026-09-01T21:14:55.846Z,7838,2026-09-01T21:14:55.846Z,B42B,Franklin,0e5f68b5-5669-4bb1-91ce-4b967b620e7d,SAMMS-FranklinV5
202609012114520234,202609011903673520,202609011903672005,85,437,Bronze INV,br_AdmissionAssessmentDimensionFiveSubstanceUse,TASK_COMPLETE,SUCCESS,INFO,334,334,0,,2026-09-01T19:04:17.664Z,2026-09-01T21:14:55.846Z,7838,2026-09-01T21:14:55.846Z,B42C,Glen Allen,0e5f68b5-5669-4bb1-91ce-4b967b620e7d,SAMMS-GlenAllenV5
202609012114520236,202609011903673521,202609011903672005,85,438,Bronze INV,br_AdmissionAssessmentDimensionFiveSubstanceUse,TASK_COMPLETE,SUCCESS,INFO,166,166,0,,2026-09-01T19:04:17.664Z,2026-09-01T21:14:55.846Z,7838,2026-09-01T21:14:55.846Z,B42D,Chesapeake South,0e5f68b5-5669-4bb1-91ce-4b967b620e7d,SAMMS-ChesapeakeSouthV5
202609012114520237,202609011903673522,202609011903672005,85,439,Bronze INV,br_AdmissionAssessmentDimensionFiveSubstanceUse,TASK_COMPLETE,SUCCESS,INFO,209,209,0,,2026-09-01T19:04:17.664Z,2026-09-01T21:14:55.846Z,7838,2026-09-01T21:14:55.846Z,B44,Albany,0e5f68b5-5669-4bb1-91ce-4b967b620e7d,SAMMS-AlbanyV5
202609012114520238,202609011903673523,202609011903672005,85,440,Bronze INV,br_AdmissionAssessmentDimensionFiveSubstanceUse,TASK_COMPLETE,SUCCESS,INFO,307,307,0,,2026-09-01T19:04:17.664Z,2026-09-01T21:14:55.846Z,7838,2026-09-01T21:14:55.846Z,B45,Tifton,0e5f68b5-5669-4bb1-91ce-4b967b620e7d,SAMMS-TiftonV5
202609012114520239,202609011903673524,202609011903672005,85,441,Bronze INV,br_AdmissionAssessmentDimensionFiveSubstanceUse,TASK_COMPLETE,SUCCESS,INFO,666,666,0,,2026-09-01T19:04:17.664Z,2026-09-01T21:14:55.846Z,7838,2026-09-01T21:14:55.846Z,B46,Washington DC,0e5f68b5-5669-4bb1-91ce-4b967b620e7d,SAMMS-WashingtonDCv5
202609012114520240,202609011903673525,202609011903672005,85,442,Bronze INV,br_AdmissionAssessmentDimensionFiveSubstanceUse,TASK_COMPLETE,SUCCESS,INFO,355,355,0,,2026-09-01T19:04:17.664Z,2026-09-01T21:14:55.846Z,7838,2026-09-01T21:14:55.846Z,B47,Mobile,0e5f68b5-5669-4bb1-91ce-4b967b620e7d,SAMMS-MobileV5
202609012114520241,202609011903673526,202609011903672005,85,443,Bronze INV,br_AdmissionAssessmentDimensionFiveSubstanceUse,TASK_COMPLETE,SUCCESS,INFO,451,451,0,,2026-09-01T19:04:17.664Z,2026-09-01T21:14:55.846Z,7838,2026-09-01T21:14:55.846Z,B48,Tuscaloosa,0e5f68b5-5669-4bb1-91ce-4b967b620e7d,SAMMS-TuscaloosaV5
202609012114520242,202609011903673527,202609011903672005,85,452,Bronze INV,br_AdmissionAssessmentDimensionFiveSubstanceUse,TASK_COMPLETE,SUCCESS,INFO,315,315,0,,2026-09-01T19:04:17.664Z,2026-09-01T21:14:55.846Z,7838,2026-09-01T21:14:55.846Z,B51,N. Little Rock (OTP),0e5f68b5-5669-4bb1-91ce-4b967b620e7d,SAMMS-NorthLittleRockV6
202609012114520244,202609011903673528,202609011903672005,85,453,Bronze INV,br_AdmissionAssessmentDimensionFiveSubstanceUse,TASK_COMPLETE,SUCCESS,INFO,154,154,0,,2026-09-01T19:04:17.664Z,2026-09-01T21:14:55.846Z,7838,2026-09-01T21:14:55.846Z,B52,Jackson GA,0e5f68b5-5669-4bb1-91ce-4b967b620e7d,SAMMS-JacksonGAV5
202609012114520245,202609011903673529,202609011903672005,85,454,Bronze INV,br_AdmissionAssessmentDimensionFiveSubstanceUse,TASK_COMPLETE,SUCCESS,INFO,477,477,0,,2026-09-01T19:04:17.664Z,2026-09-01T21:14:55.846Z,7838,2026-09-01T21:14:55.846Z,B54,Gadsden,0e5f68b5-5669-4bb1-91ce-4b967b620e7d,SAMMS-GadsdenV5
202609012114520246,202609011903673530,202609011903672005,85,455,Bronze INV,br_AdmissionAssessmentDimensionFiveSubstanceUse,TASK_COMPLETE,SUCCESS,INFO,481,481,0,,2026-09-01T19:04:17.664Z,2026-09-01T21:14:55.846Z,7838,2026-09-01T21:14:55.846Z,B55,Shoals,0e5f68b5-5669-4bb1-91ce-4b967b620e7d,SAMMS-ShoalsV5
202609012114520247,202609011903673531,202609011903672005,85,456,Bronze INV,br_AdmissionAssessmentDimensionFiveSubstanceUse,TASK_COMPLETE,SUCCESS,INFO,171,171,0,,2026-09-01T19:04:17.664Z,2026-09-01T21:14:55.846Z,7838,2026-09-01T21:14:55.846Z,B57,Pawtucket,0e5f68b5-5669-4bb1-91ce-4b967b620e7d,SAMMS-Pawtucket
202609012114520248,202609011903673532,202609011903672005,85,457,Bronze INV,br_AdmissionAssessmentDimensionFiveSubstanceUse,TASK_COMPLETE,SUCCESS,INFO,167,167,0,,2026-09-01T19:04:17.664Z,2026-09-01T21:14:55.846Z,7838,2026-09-01T21:14:55.846Z,B57A,Johnston,0e5f68b5-5669-4bb1-91ce-4b967b620e7d,SAMMS-Johnston
202609012114520249,202609011903673533,202609011903672005,85,458,Bronze INV,br_AdmissionAssessmentDimensionFiveSubstanceUse,TASK_COMPLETE,SUCCESS,INFO,86,86,0,,2026-09-01T19:04:17.664Z,2026-09-01T21:14:55.846Z,7838,2026-09-01T21:14:55.846Z,B57B,Middletown,0e5f68b5-5669-4bb1-91ce-4b967b620e7d,SAMMS-Middletown
202609012114520251,202609011903673534,202609011903672005,85,459,Bronze INV,br_AdmissionAssessmentDimensionFiveSubstanceUse,TASK_COMPLETE,SUCCESS,INFO,175,175,0,,2026-09-01T19:04:17.664Z,2026-09-01T21:14:55.846Z,7838,2026-09-01T21:14:55.846Z,B57C,Providence,0e5f68b5-5669-4bb1-91ce-4b967b620e7d,SAMMS-Providence
202609012114520252,202609011903673535,202609011903672005,85,460,Bronze INV,br_AdmissionAssessmentDimensionFiveSubstanceUse,TASK_COMPLETE,SUCCESS,INFO,255,255,0,,2026-09-01T19:04:17.664Z,2026-09-01T21:14:55.846Z,7838,2026-09-01T21:14:55.846Z,B57D,Westerly,0e5f68b5-5669-4bb1-91ce-4b967b620e7d,SAMMS-Westerly
202609012114520253,202609011903673536,202609011903672005,85,464,Bronze INV,br_AdmissionAssessmentDimensionFiveSubstanceUse,TASK_COMPLETE,SUCCESS,INFO,365,365,0,,2026-09-01T19:04:17.664Z,2026-09-01T21:14:55.846Z,7838,2026-09-01T21:14:55.846Z,B66A,Bremen,0e5f68b5-5669-4bb1-91ce-4b967b620e7d,SAMMS-Bremen
202609012114520254,202609011903673537,202609011903672005,85,467,Bronze INV,br_AdmissionAssessmentDimensionFiveSubstanceUse,TASK_COMPLETE,SUCCESS,INFO,12,12,0,,2026-09-01T19:04:17.664Z,2026-09-01T21:14:55.846Z,7838,2026-09-01T21:14:55.846Z,B72,Mobile (OBOT),0e5f68b5-5669-4bb1-91ce-4b967b620e7d,SAMMS-Mobile-OBOT
202609012114520255,202609011903673538,202609011903672005,85,468,Bronze INV,br_AdmissionAssessmentDimensionFiveSubstanceUse,TASK_COMPLETE,SUCCESS,INFO,2,2,0,,2026-09-01T19:04:17.664Z,2026-09-01T21:14:55.846Z,7838,2026-09-01T21:14:55.846Z,B73,Montgomery,0e5f68b5-5669-4bb1-91ce-4b967b620e7d,SAMMS-Montgomery
202609012114520256,202609011903673539,202609011903672005,85,469,Bronze INV,br_AdmissionAssessmentDimensionFiveSubstanceUse,TASK_COMPLETE,SUCCESS,INFO,317,317,0,,2026-09-01T19:04:17.664Z,2026-09-01T21:14:55.846Z,7838,2026-09-01T21:14:55.846Z,B75,Lawrence,0e5f68b5-5669-4bb1-91ce-4b967b620e7d,SAMMS-LawrenceV6
202609012114520257,202609011903673540,202609011903672005,85,470,Bronze INV,br_AdmissionAssessmentDimensionFiveSubstanceUse,TASK_COMPLETE,SUCCESS,INFO,49,49,0,,2026-09-01T19:04:17.664Z,2026-09-01T21:14:55.846Z,7838,2026-09-01T21:14:55.846Z,B76,Huntsville OBOT,0e5f68b5-5669-4bb1-91ce-4b967b620e7d,SAMMS-Huntsville-OBOT
202609012114520259,202609011903673541,202609011903672005,85,471,Bronze INV,br_AdmissionAssessmentDimensionFiveSubstanceUse,TASK_COMPLETE,SUCCESS,INFO,303,303,0,,2026-09-01T19:04:17.664Z,2026-09-01T21:14:55.846Z,7838,2026-09-01T21:14:55.846Z,BAT,Batesville,0e5f68b5-5669-4bb1-91ce-4b967b620e7d,SAMMS-Batesville
202609012114520260,202609011903673542,202609011903672005,85,472,Bronze INV,br_AdmissionAssessmentDimensionFiveSubstanceUse,TASK_COMPLETE,SUCCESS,INFO,238,238,0,,2026-09-01T19:04:17.664Z,2026-09-01T21:14:55.846Z,7838,2026-09-01T21:14:55.846Z,BG,Bowling Green,0e5f68b5-5669-4bb1-91ce-4b967b620e7d,SAMMS-BowlingGreen
202609012114520261,202609011903673543,202609011903672005,85,473,Bronze INV,br_AdmissionAssessmentDimensionFiveSubstanceUse,TASK_COMPLETE,SUCCESS,INFO,217,217,0,,2026-09-01T19:04:17.664Z,2026-09-01T21:14:55.846Z,7838,2026-09-01T21:14:55.846Z,BOI,Boise,0e5f68b5-5669-4bb1-91ce-4b967b620e7d,SAMMS-Boise
202609012114520262,202609011903673544,202609011903672005,85,480,Bronze INV,br_AdmissionAssessmentDimensionFiveSubstanceUse,TASK_COMPLETE,SUCCESS,INFO,285,285,0,,2026-09-01T19:04:17.664Z,2026-09-01T21:14:55.846Z,7838,2026-09-01T21:14:55.846Z,CBCO,Coeur dAlene,0e5f68b5-5669-4bb1-91ce-4b967b620e7d,SAMMS-CoeurdAleneV6
202609012114520263,202609011903673545,202609011903672005,85,499,Bronze INV,br_AdmissionAssessmentDimensionFiveSubstanceUse,TASK_COMPLETE,SUCCESS,INFO,303,303,0,,2026-09-01T19:04:17.664Z,2026-09-01T21:14:55.846Z,7838,2026-09-01T21:14:55.846Z,CON,Conway,0e5f68b5-5669-4bb1-91ce-4b967b620e7d,SAMMS-Conway
202609012114520264,202609011903673546,202609011903672005,85,500,Bronze INV,br_AdmissionAssessmentDimensionFiveSubstanceUse,TASK_COMPLETE,SUCCESS,INFO,1544,1544,0,,2026-09-01T19:04:17.664Z,2026-09-01T21:14:55.846Z,7838,2026-09-01T21:14:55.846Z,D07,Medical Services Knox TN,0e5f68b5-5669-4bb1-91ce-4b967b620e7d,SAMMS-KnoxvilleV6
202609012114520266,202609011903673547,202609011903672005,85,501,Bronze INV,br_AdmissionAssessmentDimensionFiveSubstanceUse,TASK_COMPLETE,SUCCESS,INFO,955,955,0,,2026-09-01T19:04:17.664Z,2026-09-01T21:14:55.846Z,7838,2026-09-01T21:14:55.846Z,D08,Madison,0e5f68b5-5669-4bb1-91ce-4b967b620e7d,SAMMS-MadisonV6
202609012114520267,202609011903673548,202609011903672005,85,503,Bronze INV,br_AdmissionAssessmentDimensionFiveSubstanceUse,TASK_COMPLETE,SUCCESS,INFO,932,932,0,,2026-09-01T19:04:17.664Z,2026-09-01T21:14:55.846Z,7838,2026-09-01T21:14:55.846Z,D09,Murfreesboro,0e5f68b5-5669-4bb1-91ce-4b967b620e7d,SAMMS-MurfreesboroV6
202609012114520268,202609011903673549,202609011903672005,85,504,Bronze INV,br_AdmissionAssessmentDimensionFiveSubstanceUse,TASK_COMPLETE,SUCCESS,INFO,221,221,0,,2026-09-01T19:04:17.664Z,2026-09-01T21:14:55.846Z,7838,2026-09-01T21:14:55.846Z,DA,Davenport,0e5f68b5-5669-4bb1-91ce-4b967b620e7d,SAMMS-Davenport
202609012114520269,202609011903673550,202609011903672005,85,505,Bronze INV,br_AdmissionAssessmentDimensionFiveSubstanceUse,TASK_COMPLETE,SUCCESS,INFO,354,354,0,,2026-09-01T19:04:17.664Z,2026-09-01T21:14:55.846Z,7838,2026-09-01T21:14:55.846Z,DM,Des Moines,0e5f68b5-5669-4bb1-91ce-4b967b620e7d,SAMMS-DesMoines
202609012114520270,202609011903673551,202609011903672005,85,507,Bronze INV,br_AdmissionAssessmentDimensionFiveSubstanceUse,TASK_COMPLETE,SUCCESS,INFO,475,475,0,,2026-09-01T19:04:17.664Z,2026-09-01T21:14:55.846Z,7838,2026-09-01T21:14:55.846Z,DRD-CO,Columbia MO,0e5f68b5-5669-4bb1-91ce-4b967b620e7d,SAMMS-ColumbiaV5
202609012114520271,202609011903673552,202609011903672005,85,508,Bronze INV,br_AdmissionAssessmentDimensionFiveSubstanceUse,TASK_COMPLETE,SUCCESS,INFO,591,591,0,,2026-09-01T19:04:17.664Z,2026-09-01T21:14:55.846Z,7838,2026-09-01T21:14:55.846Z,DRD-KC,KC,0e5f68b5-5669-4bb1-91ce-4b967b620e7d,SAMMS-KCv5
202609012114520272,202609011903673553,202609011903672005,85,509,Bronze INV,br_AdmissionAssessmentDimensionFiveSubstanceUse,TASK_COMPLETE,SUCCESS,INFO,947,947,0,,2026-09-01T19:04:17.664Z,2026-09-01T21:14:55.846Z,7838,2026-09-01T21:14:55.846Z,DRD-KVB,KVB,0e5f68b5-5669-4bb1-91ce-4b967b620e7d,SAMMS-KVBv5
202608312116372903,202608311905653355,202608311905652236,85,923,Bronze INV,br_AdmissionAssessmentDimensionOneDisorder,TASK_COMPLETE,SUCCESS,INFO,56,56,0,,2026-08-31T19:06:18.658Z,2026-08-31T21:16:41.151Z,7823,2026-08-31T21:16:41.151Z,STVN,Stevenson,79f5b39e-d314-4ad3-8050-3ace553d67de,SAMMS-Stevenson
202608312116372904,202608311905653356,202608311905652236,85,925,Bronze INV,br_AdmissionAssessmentDimensionOneDisorder,TASK_COMPLETE,SUCCESS,INFO,76,76,0,,2026-08-31T19:06:18.658Z,2026-08-31T21:16:41.151Z,7823,2026-08-31T21:16:41.151Z,TE,Tempe,79f5b39e-d314-4ad3-8050-3ace553d67de,SAMMS-Tempe
202608312116372905,202608311905653357,202608311905652236,85,926,Bronze INV,br_AdmissionAssessmentDimensionOneDisorder,TASK_COMPLETE,SUCCESS,INFO,371,371,0,,2026-08-31T19:06:18.658Z,2026-08-31T21:16:41.151Z,7823,2026-08-31T21:16:41.151Z,TEX,Texarkana,79f5b39e-d314-4ad3-8050-3ace553d67de,SAMMS-Texarkana
202608312116372906,202608311905653358,202608311905652236,85,927,Bronze INV,br_AdmissionAssessmentDimensionOneDisorder,TASK_COMPLETE,SUCCESS,INFO,454,454,0,,2026-08-31T19:06:18.658Z,2026-08-31T21:16:41.151Z,7823,2026-08-31T21:16:41.151Z,TTCA,Bessemer,79f5b39e-d314-4ad3-8050-3ace553d67de,SAMMS-BessemerV5
202608312116372907,202608311905653359,202608311905652236,85,928,Bronze INV,br_AdmissionAssessmentDimensionOneDisorder,TASK_COMPLETE,SUCCESS,INFO,555,555,0,,2026-08-31T19:06:18.658Z,2026-08-31T21:16:41.151Z,7823,2026-08-31T21:16:41.151Z,TTCB,Cullman,79f5b39e-d314-4ad3-8050-3ace553d67de,SAMMS-CullmanV5
202608312116372908,202608311905653360,202608311905652236,85,929,Bronze INV,br_AdmissionAssessmentDimensionOneDisorder,TASK_COMPLETE,SUCCESS,INFO,367,367,0,,2026-08-31T19:06:18.658Z,2026-08-31T21:16:41.151Z,7823,2026-08-31T21:16:41.151Z,TTCC,Grand Bay,79f5b39e-d314-4ad3-8050-3ace553d67de,SAMMS-GrandBay
202608312116372909,202608311905653361,202608311905652236,85,930,Bronze INV,br_AdmissionAssessmentDimensionOneDisorder,TASK_COMPLETE,SUCCESS,INFO,24,24,0,,2026-08-31T19:06:18.658Z,2026-08-31T21:16:41.151Z,7823,2026-08-31T21:16:41.151Z,TU,Tucson,79f5b39e-d314-4ad3-8050-3ace553d67de,SAMMS-Tucson
202608312116372911,202608311905653362,202608311905652236,85,932,Bronze INV,br_AdmissionAssessmentDimensionOneDisorder,TASK_COMPLETE,SUCCESS,INFO,266,266,0,,2026-08-31T19:06:18.658Z,2026-08-31T21:16:41.151Z,7823,2026-08-31T21:16:41.151Z,V1,Memphis South,79f5b39e-d314-4ad3-8050-3ace553d67de,SAMMS-VCPHCS-I-MemphisV5
202608312116372912,202608311905653363,202608311905652236,85,933,Bronze INV,br_AdmissionAssessmentDimensionOneDisorder,TASK_COMPLETE,SUCCESS,INFO,708,708,0,,2026-08-31T19:06:18.658Z,2026-08-31T21:16:41.151Z,7823,2026-08-31T21:16:41.151Z,V10,Longmont,79f5b39e-d314-4ad3-8050-3ace553d67de,SAMMS-BoulderV5
202608312116372913,202608311905653364,202608311905652236,85,934,Bronze INV,br_AdmissionAssessmentDimensionOneDisorder,TASK_COMPLETE,SUCCESS,INFO,1210,1210,0,,2026-08-31T19:06:18.658Z,2026-08-31T21:16:41.151Z,7823,2026-08-31T21:16:41.151Z,V10A,Fort Collins,79f5b39e-d314-4ad3-8050-3ace553d67de,SAMMS-FortCollinsV5
202608312116372914,202608311905653365,202608311905652236,85,935,Bronze INV,br_AdmissionAssessmentDimensionOneDisorder,TASK_COMPLETE,SUCCESS,INFO,1056,1056,0,,2026-08-31T19:06:18.658Z,2026-08-31T21:16:41.151Z,7823,2026-08-31T21:16:41.151Z,V11,Westminster,79f5b39e-d314-4ad3-8050-3ace553d67de,SAMMS-VCPHCS-XI-NorthDenverV5
202608312116372915,202608311905653366,202608311905652236,85,936,Bronze INV,br_AdmissionAssessmentDimensionOneDisorder,TASK_COMPLETE,SUCCESS,INFO,1112,1112,0,,2026-08-31T19:06:18.658Z,2026-08-31T21:16:41.151Z,7823,2026-08-31T21:16:41.151Z,V12,Downtown Denver,79f5b39e-d314-4ad3-8050-3ace553d67de,SAMMS-VCPHCS-XII-DowntownDenverV5
202608312116372916,202608311905653367,202608311905652236,85,937,Bronze INV,br_AdmissionAssessmentDimensionOneDisorder,TASK_COMPLETE,SUCCESS,INFO,503,503,0,,2026-08-31T19:06:18.658Z,2026-08-31T21:16:41.151Z,7823,2026-08-31T21:16:41.151Z,V12A,Centennial,79f5b39e-d314-4ad3-8050-3ace553d67de,SAMMS-CentennialV5
202608312116372917,202608311905653368,202608311905652236,85,938,Bronze INV,br_AdmissionAssessmentDimensionOneDisorder,TASK_COMPLETE,SUCCESS,INFO,316,316,0,,2026-08-31T19:06:18.658Z,2026-08-31T21:16:41.151Z,7823,2026-08-31T21:16:41.151Z,V14,Overland Park,79f5b39e-d314-4ad3-8050-3ace553d67de,SAMMS-VCPHCS-XIV-BridgewayV5
202608312116372919,202608311905653369,202608311905652236,85,939,Bronze INV,br_AdmissionAssessmentDimensionOneDisorder,TASK_COMPLETE,SUCCESS,INFO,574,574,0,,2026-08-31T19:06:18.658Z,2026-08-31T21:16:41.151Z,7823,2026-08-31T21:16:41.151Z,V15,Joplin,79f5b39e-d314-4ad3-8050-3ace553d67de,SAMMS-JoplinV5
202608312116372920,202608311905653370,202608311905652236,85,941,Bronze INV,br_AdmissionAssessmentDimensionOneDisorder,TASK_COMPLETE,SUCCESS,INFO,492,492,0,,2026-08-31T19:06:18.658Z,2026-08-31T21:16:41.151Z,7823,2026-08-31T21:16:41.151Z,V17,Columbia TN,79f5b39e-d314-4ad3-8050-3ace553d67de,SAMMS-ColumbiaTNv5
202608312116372921,202608311905653371,202608311905652236,85,943,Bronze INV,br_AdmissionAssessmentDimensionOneDisorder,TASK_COMPLETE,SUCCESS,INFO,440,440,0,,2026-08-31T19:06:18.658Z,2026-08-31T21:16:41.151Z,7823,2026-08-31T21:16:41.151Z,V19,Jackson,79f5b39e-d314-4ad3-8050-3ace553d67de,SAMMS-JacksonV5
202608312116372922,202608311905653372,202608311905652236,85,945,Bronze INV,br_AdmissionAssessmentDimensionOneDisorder,TASK_COMPLETE,SUCCESS,INFO,523,523,0,,2026-08-31T19:06:18.658Z,2026-08-31T21:16:41.151Z,7823,2026-08-31T21:16:41.151Z,V20,Paris,79f5b39e-d314-4ad3-8050-3ace553d67de,SAMMS-ParisV5
202608312116372923,202608311905653373,202608311905652236,85,946,Bronze INV,br_AdmissionAssessmentDimensionOneDisorder,TASK_COMPLETE,SUCCESS,INFO,366,366,0,,2026-08-31T19:06:18.658Z,2026-08-31T21:16:41.151Z,7823,2026-08-31T21:16:41.151Z,V21,Memphis North,79f5b39e-d314-4ad3-8050-3ace553d67de,SAMMS-RaleighV5
202608312116372924,202608311905653374,202608311905652236,85,949,Bronze INV,br_AdmissionAssessmentDimensionOneDisorder,TASK_COMPLETE,SUCCESS,INFO,724,724,0,,2026-08-31T19:06:18.658Z,2026-08-31T21:16:41.151Z,7823,2026-08-31T21:16:41.151Z,V5,West Bank,79f5b39e-d314-4ad3-8050-3ace553d67de,SAMMS-NONTCv5
202608312116372925,202608311905653375,202608311905652236,85,951,Bronze INV,br_AdmissionAssessmentDimensionOneDisorder,TASK_COMPLETE,SUCCESS,INFO,262,262,0,,2026-08-31T19:06:18.658Z,2026-08-31T21:16:41.151Z,7823,2026-08-31T21:16:41.151Z,V5B,Houma,79f5b39e-d314-4ad3-8050-3ace553d67de,SAMMS-HoumaV6
202608312116372926,202608311905653376,202608311905652236,85,952,Bronze INV,br_AdmissionAssessmentDimensionOneDisorder,TASK_COMPLETE,SUCCESS,INFO,982,982,0,,2026-08-31T19:06:18.658Z,2026-08-31T21:16:41.151Z,7823,2026-08-31T21:16:41.151Z,V6,Lake Charles,79f5b39e-d314-4ad3-8050-3ace553d67de,SAMMS-LCv5
202608312116372927,202608311905653377,202608311905652236,85,954,Bronze INV,br_AdmissionAssessmentDimensionOneDisorder,TASK_COMPLETE,SUCCESS,INFO,583,583,0,,2026-08-31T19:06:18.658Z,2026-08-31T21:16:41.151Z,7823,2026-08-31T21:16:41.151Z,V8,Memphis Midtown,79f5b39e-d314-4ad3-8050-3ace553d67de,SAMMS-VCPHCS-VIII-MemphisV5
202608312116372929,202608311905653378,202608311905652236,85,955,Bronze INV,br_AdmissionAssessmentDimensionOneDisorder,TASK_COMPLETE,SUCCESS,INFO,1629,1629,0,,2026-08-31T19:06:18.658Z,2026-08-31T21:16:41.151Z,7823,2026-08-31T21:16:41.151Z,V9,Nashville,79f5b39e-d314-4ad3-8050-3ace553d67de,SAMMS-NashvilleV5
202608312116372930,202608311905653379,202608311905652236,85,956,Bronze INV,br_AdmissionAssessmentDimensionOneDisorder,TASK_COMPLETE,SUCCESS,INFO,349,349,0,,2026-08-31T19:06:18.658Z,2026-08-31T21:16:41.151Z,7823,2026-08-31T21:16:41.151Z,VBRA,Brainerd,79f5b39e-d314-4ad3-8050-3ace553d67de,SAMMS-BrainerdV6
202608312116372931,202608311905653380,202608311905652236,85,957,Bronze INV,br_AdmissionAssessmentDimensionOneDisorder,TASK_COMPLETE,SUCCESS,INFO,615,615,0,,2026-08-31T19:06:18.658Z,2026-08-31T21:16:41.151Z,7823,2026-08-31T21:16:41.151Z,VBRP,Brooklyn Park,79f5b39e-d314-4ad3-8050-3ace553d67de,SAMMS-BrooklynParkV6
202608312116372932,202608311905653381,202608311905652236,85,959,Bronze INV,br_AdmissionAssessmentDimensionOneDisorder,TASK_COMPLETE,SUCCESS,INFO,585,585,0,,2026-08-31T19:06:18.658Z,2026-08-31T21:16:41.151Z,7823,2026-08-31T21:16:41.151Z,VMIN,Minneapolis,79f5b39e-d314-4ad3-8050-3ace553d67de,SAMMS-MinneapolisV6
202608312116372933,202608311905653382,202608311905652236,85,960,Bronze INV,br_AdmissionAssessmentDimensionOneDisorder,TASK_COMPLETE,SUCCESS,INFO,1131,1131,0,,2026-08-31T19:06:18.658Z,2026-08-31T21:16:41.151Z,7823,2026-08-31T21:16:41.151Z,VWBY,Woodbury,79f5b39e-d314-4ad3-8050-3ace553d67de,SAMMS-WoodburyV6
202608312116372934,202608311905653383,202608311905652236,85,962,Bronze INV,br_AdmissionAssessmentDimensionOneDisorder,TASK_COMPLETE,SUCCESS,INFO,441,441,0,,2026-08-31T19:06:18.658Z,2026-08-31T21:16:41.151Z,7823,2026-08-31T21:16:41.151Z,WIL,Wilson,79f5b39e-d314-4ad3-8050-3ace553d67de,SAMMS-Wilson
202608312116372935,202608311905653384,202608311905652236,85,1334,Bronze INV,br_AdmissionAssessmentDimensionTwo,TASK_COMPLETE,SUCCESS,INFO,100,100,0,,2026-08-31T19:06:18.658Z,2026-08-31T21:16:41.151Z,7823,2026-08-31T21:16:41.151Z,AHK,Ahoskie,79f5b39e-d314-4ad3-8050-3ace553d67de,SAMMS-Ahoskie
202608312116372936,202608311905653385,202608311905652236,85,1335,Bronze INV,br_AdmissionAssessmentDimensionTwo,TASK_COMPLETE,SUCCESS,INFO,791,791,0,,2026-08-31T19:06:18.658Z,2026-08-31T21:16:41.151Z,7823,2026-08-31T21:16:41.151Z,B12B,Colorado Springs,79f5b39e-d314-4ad3-8050-3ace553d67de,SAMMS-ColoradoSpringsV5
202608312116372937,202608311905653386,202608311905652236,85,1336,Bronze INV,br_AdmissionAssessmentDimensionTwo,TASK_COMPLETE,SUCCESS,INFO,415,415,0,,2026-08-31T19:06:18.658Z,2026-08-31T21:16:41.151Z,7823,2026-08-31T21:16:41.151Z,B24,Paintsville,79f5b39e-d314-4ad3-8050-3ace553d67de,SAMMS-PaintsvilleV5
202608312116372938,202608311905653387,202608311905652236,85,1337,Bronze INV,br_AdmissionAssessmentDimensionTwo,TASK_COMPLETE,SUCCESS,INFO,172,172,0,,2026-08-31T19:06:18.658Z,2026-08-31T21:16:41.151Z,7823,2026-08-31T21:16:41.151Z,B25,Pikeville,79f5b39e-d314-4ad3-8050-3ace553d67de,SAMMS-PikevilleV5
202608312116372940,202608311905653388,202608311905652236,85,1338,Bronze INV,br_AdmissionAssessmentDimensionTwo,TASK_COMPLETE,SUCCESS,INFO,496,496,0,,2026-08-31T19:06:18.658Z,2026-08-31T21:16:41.151Z,7823,2026-08-31T21:16:41.151Z,B26,Hazard,79f5b39e-d314-4ad3-8050-3ace553d67de,SAMMS-HazardV5
202608312116372941,202608311905653389,202608311905652236,85,1339,Bronze INV,br_AdmissionAssessmentDimensionTwo,TASK_COMPLETE,SUCCESS,INFO,188,188,0,,2026-08-31T19:06:18.658Z,2026-08-31T21:16:41.151Z,7823,2026-08-31T21:16:41.151Z,B27,Savannah,79f5b39e-d314-4ad3-8050-3ace553d67de,SAMMS-SavannahV6
202608312116372942,202608311905653390,202608311905652236,85,1340,Bronze INV,br_AdmissionAssessmentDimensionTwo,TASK_COMPLETE,SUCCESS,INFO,235,235,0,,2026-08-31T19:06:18.658Z,2026-08-31T21:16:41.151Z,7823,2026-08-31T21:16:41.151Z,B28,West Plains,79f5b39e-d314-4ad3-8050-3ace553d67de,SAMMS-WestPlainesV5
202608312116372943,202608311905653391,202608311905652236,85,1341,Bronze INV,br_AdmissionAssessmentDimensionTwo,TASK_COMPLETE,SUCCESS,INFO,261,261,0,,2026-08-31T19:06:18.658Z,2026-08-31T21:16:41.151Z,7823,2026-08-31T21:16:41.151Z,B29,Poplar Bluff,79f5b39e-d314-4ad3-8050-3ace553d67de,SAMMS-PoplarBluffV5
202608312116372944,202608311905653392,202608311905652236,85,1342,Bronze INV,br_AdmissionAssessmentDimensionTwo,TASK_COMPLETE,SUCCESS,INFO,147,147,0,,2026-08-31T19:06:18.658Z,2026-08-31T21:16:41.151Z,7823,2026-08-31T21:16:41.151Z,B30,KC North,79f5b39e-d314-4ad3-8050-3ace553d67de,SAMMS-KCNv5
202608312116372945,202608311905653393,202608311905652236,85,1343,Bronze INV,br_AdmissionAssessmentDimensionTwo,TASK_COMPLETE,SUCCESS,INFO,350,350,0,,2026-08-31T19:06:18.658Z,2026-08-31T21:16:41.151Z,7823,2026-08-31T21:16:41.151Z,B31,Dyersburg,79f5b39e-d314-4ad3-8050-3ace553d67de,SAMMS-DyersburgV5
202608312116372946,202608311905653394,202608311905652236,85,1345,Bronze INV,br_AdmissionAssessmentDimensionTwo,TASK_COMPLETE,SUCCESS,INFO,213,213,0,,2026-08-31T19:06:18.658Z,2026-08-31T21:16:41.151Z,7823,2026-08-31T21:16:41.151Z,B33,Paducah,79f5b39e-d314-4ad3-8050-3ace553d67de,SAMMS-Paducah
202608312116372947,202608311905653395,202608311905652236,85,1346,Bronze INV,br_AdmissionAssessmentDimensionTwo,TASK_COMPLETE,SUCCESS,INFO,449,449,0,,2026-08-31T19:06:18.658Z,2026-08-31T21:16:41.151Z,7823,2026-08-31T21:16:41.151Z,B34,Corbin,79f5b39e-d314-4ad3-8050-3ace553d67de,SAMMS-CorbinV5
202608312116372949,202608311905653396,202608311905652236,85,1347,Bronze INV,br_AdmissionAssessmentDimensionTwo,TASK_COMPLETE,SUCCESS,INFO,719,719,0,,2026-08-31T19:06:18.658Z,2026-08-31T21:16:41.151Z,7823,2026-08-31T21:16:41.151Z,B35,Lexington,79f5b39e-d314-4ad3-8050-3ace553d67de,SAMMS-LexingtonV5
202608312116372950,202608311905653397,202608311905652236,85,1348,Bronze INV,br_AdmissionAssessmentDimensionTwo,TASK_COMPLETE,SUCCESS,INFO,345,345,0,,2026-08-31T19:06:18.658Z,2026-08-31T21:16:41.151Z,7823,2026-08-31T21:16:41.151Z,B35A,Berea,79f5b39e-d314-4ad3-8050-3ace553d67de,SAMMS-BereaV5
202608312116372951,202608311905653398,202608311905652236,85,1349,Bronze INV,br_AdmissionAssessmentDimensionTwo,TASK_COMPLETE,SUCCESS,INFO,613,613,0,,2026-08-31T19:06:18.658Z,2026-08-31T21:16:41.151Z,7823,2026-08-31T21:16:41.151Z,B36,Asheville,79f5b39e-d314-4ad3-8050-3ace553d67de,SAMMS-AshevilleV5
202608312116372952,202608311905653399,202608311905652236,85,1350,Bronze INV,br_AdmissionAssessmentDimensionTwo,TASK_COMPLETE,SUCCESS,INFO,453,453,0,,2026-08-31T19:06:18.658Z,2026-08-31T21:16:41.151Z,7823,2026-08-31T21:16:41.151Z,B37,Clyde,79f5b39e-d314-4ad3-8050-3ace553d67de,SAMMS-ClydeV5
202608312116372953,202608311905653400,202608311905652236,85,1351,Bronze INV,br_AdmissionAssessmentDimensionTwo,TASK_COMPLETE,SUCCESS,INFO,634,634,0,,2026-08-31T19:06:18.658Z,2026-08-31T21:16:41.151Z,7823,2026-08-31T21:16:41.151Z,B38,Spartanburg,79f5b39e-d314-4ad3-8050-3ace553d67de,SAMMS-SpartanburgV5
202608312116372954,202608311905653401,202608311905652236,85,1352,Bronze INV,br_AdmissionAssessmentDimensionTwo,TASK_COMPLETE,SUCCESS,INFO,485,485,0,,2026-08-31T19:06:18.658Z,2026-08-31T21:16:41.151Z,7823,2026-08-31T21:16:41.151Z,B39,Aiken,79f5b39e-d314-4ad3-8050-3ace553d67de,SAMMS-AikenV5
202608312116372955,202608311905653402,202608311905652236,85,1353,Bronze INV,br_AdmissionAssessmentDimensionTwo,TASK_COMPLETE,SUCCESS,INFO,301,301,0,,2026-08-31T19:06:18.658Z,2026-08-31T21:16:41.151Z,7823,2026-08-31T21:16:41.151Z,B41,Chesapeake,79f5b39e-d314-4ad3-8050-3ace553d67de,SAMMS-ChesapeakeV5
202608312116372956,202608311905653403,202608311905652236,85,1354,Bronze INV,br_AdmissionAssessmentDimensionTwo,TASK_COMPLETE,SUCCESS,INFO,540,540,0,,2026-08-31T19:06:18.658Z,2026-08-31T21:16:41.151Z,7823,2026-08-31T21:16:41.151Z,B42,Virginia Beach,79f5b39e-d314-4ad3-8050-3ace553d67de,SAMMS-VirginiaBeachV5
202608312116372957,202608311905653404,202608311905652236,85,1355,Bronze INV,br_AdmissionAssessmentDimensionTwo,TASK_COMPLETE,SUCCESS,INFO,168,168,0,,2026-08-31T19:06:18.658Z,2026-08-31T21:16:41.151Z,7823,2026-08-31T21:16:41.151Z,B42A,Newport News,79f5b39e-d314-4ad3-8050-3ace553d67de,SAMMS-NewportNewsV5
202608312116372958,202608311905653405,202608311905652236,85,1356,Bronze INV,br_AdmissionAssessmentDimensionTwo,TASK_COMPLETE,SUCCESS,INFO,57,57,0,,2026-08-31T19:06:18.658Z,2026-08-31T21:16:41.151Z,7823,2026-08-31T21:16:41.151Z,B42B,Franklin,79f5b39e-d314-4ad3-8050-3ace553d67de,SAMMS-FranklinV5
202608312116372959,202608311905653406,202608311905652236,85,1357,Bronze INV,br_AdmissionAssessmentDimensionTwo,TASK_COMPLETE,SUCCESS,INFO,340,340,0,,2026-08-31T19:06:18.658Z,2026-08-31T21:16:41.151Z,7823,2026-08-31T21:16:41.151Z,B42C,Glen Allen,79f5b39e-d314-4ad3-8050-3ace553d67de,SAMMS-GlenAllenV5
202608312116372961,202608311905653407,202608311905652236,85,1358,Bronze INV,br_AdmissionAssessmentDimensionTwo,TASK_COMPLETE,SUCCESS,INFO,176,176,0,,2026-08-31T19:06:18.658Z,2026-08-31T21:16:41.151Z,7823,2026-08-31T21:16:41.151Z,B42D,Chesapeake South,79f5b39e-d314-4ad3-8050-3ace553d67de,SAMMS-ChesapeakeSouthV5
202608312116372962,202608311905653408,202608311905652236,85,1359,Bronze INV,br_AdmissionAssessmentDimensionTwo,TASK_COMPLETE,SUCCESS,INFO,211,211,0,,2026-08-31T19:06:18.658Z,2026-08-31T21:16:41.151Z,7823,2026-08-31T21:16:41.151Z,B44,Albany,79f5b39e-d314-4ad3-8050-3ace553d67de,SAMMS-AlbanyV5
202608312116372963,202608311905653409,202608311905652236,85,1360,Bronze INV,br_AdmissionAssessmentDimensionTwo,TASK_COMPLETE,SUCCESS,INFO,306,306,0,,2026-08-31T19:06:18.658Z,2026-08-31T21:16:41.151Z,7823,2026-08-31T21:16:41.151Z,B45,Tifton,79f5b39e-d314-4ad3-8050-3ace553d67de,SAMMS-TiftonV5
202608312116372964,202608311905653410,202608311905652236,85,1361,Bronze INV,br_AdmissionAssessmentDimensionTwo,TASK_COMPLETE,SUCCESS,INFO,671,671,0,,2026-08-31T19:06:18.658Z,2026-08-31T21:16:41.151Z,7823,2026-08-31T21:16:41.151Z,B46,Washington DC,79f5b39e-d314-4ad3-8050-3ace553d67de,SAMMS-WashingtonDCv5
202608312116372965,202608311905653411,202608311905652236,85,1362,Bronze INV,br_AdmissionAssessmentDimensionTwo,TASK_COMPLETE,SUCCESS,INFO,361,361,0,,2026-08-31T19:06:18.658Z,2026-08-31T21:16:41.151Z,7823,2026-08-31T21:16:41.151Z,B47,Mobile,79f5b39e-d314-4ad3-8050-3ace553d67de,SAMMS-MobileV5
202608312116372966,202608311905653412,202608311905652236,85,1363,Bronze INV,br_AdmissionAssessmentDimensionTwo,TASK_COMPLETE,SUCCESS,INFO,452,452,0,,2026-08-31T19:06:18.658Z,2026-08-31T21:16:41.151Z,7823,2026-08-31T21:16:41.151Z,B48,Tuscaloosa,79f5b39e-d314-4ad3-8050-3ace553d67de,SAMMS-TuscaloosaV5
202608312116372967,202608311905653413,202608311905652236,85,1372,Bronze INV,br_AdmissionAssessmentDimensionTwo,TASK_COMPLETE,SUCCESS,INFO,317,317,0,,2026-08-31T19:06:18.658Z,2026-08-31T21:16:41.151Z,7823,2026-08-31T21:16:41.151Z,B51,N. Little Rock (OTP),79f5b39e-d314-4ad3-8050-3ace553d67de,SAMMS-NorthLittleRockV6
202608312116372968,202608311905653414,202608311905652236,85,1373,Bronze INV,br_AdmissionAssessmentDimensionTwo,TASK_COMPLETE,SUCCESS,INFO,160,160,0,,2026-08-31T19:06:18.658Z,2026-08-31T21:16:41.151Z,7823,2026-08-31T21:16:41.151Z,B52,Jackson GA,79f5b39e-d314-4ad3-8050-3ace553d67de,SAMMS-JacksonGAV5
202608312116372969,202608311905653415,202608311905652236,85,1374,Bronze INV,br_AdmissionAssessmentDimensionTwo,TASK_COMPLETE,SUCCESS,INFO,483,483,0,,2026-08-31T19:06:18.658Z,2026-08-31T21:16:41.151Z,7823,2026-08-31T21:16:41.151Z,B54,Gadsden,79f5b39e-d314-4ad3-8050-3ace553d67de,SAMMS-GadsdenV5
202608312116372970,202608311905653416,202608311905652236,85,1375,Bronze INV,br_AdmissionAssessmentDimensionTwo,TASK_COMPLETE,SUCCESS,INFO,492,492,0,,2026-08-31T19:06:18.658Z,2026-08-31T21:16:41.151Z,7823,2026-08-31T21:16:41.151Z,B55,Shoals,79f5b39e-d314-4ad3-8050-3ace553d67de,SAMMS-ShoalsV5
202608312116372971,202608311905653417,202608311905652236,85,1376,Bronze INV,br_AdmissionAssessmentDimensionTwo,TASK_COMPLETE,SUCCESS,INFO,175,175,0,,2026-08-31T19:06:18.658Z,2026-08-31T21:16:41.151Z,7823,2026-08-31T21:16:41.151Z,B57,Pawtucket,79f5b39e-d314-4ad3-8050-3ace553d67de,SAMMS-Pawtucket
202608312116372973,202608311905653418,202608311905652236,85,1377,Bronze INV,br_AdmissionAssessmentDimensionTwo,TASK_COMPLETE,SUCCESS,INFO,172,172,0,,2026-08-31T19:06:18.658Z,2026-08-31T21:16:41.151Z,7823,2026-08-31T21:16:41.151Z,B57A,Johnston,79f5b39e-d314-4ad3-8050-3ace553d67de,SAMMS-Johnston
202608312116372974,202608311905653419,202608311905652236,85,1378,Bronze INV,br_AdmissionAssessmentDimensionTwo,TASK_COMPLETE,SUCCESS,INFO,92,92,0,,2026-08-31T19:06:18.658Z,2026-08-31T21:16:41.151Z,7823,2026-08-31T21:16:41.151Z,B57B,Middletown,79f5b39e-d314-4ad3-8050-3ace553d67de,SAMMS-Middletown
202608312116372975,202608311905653420,202608311905652236,85,1379,Bronze INV,br_AdmissionAssessmentDimensionTwo,TASK_COMPLETE,SUCCESS,INFO,182,182,0,,2026-08-31T19:06:18.658Z,2026-08-31T21:16:41.151Z,7823,2026-08-31T21:16:41.151Z,B57C,Providence,79f5b39e-d314-4ad3-8050-3ace553d67de,SAMMS-Providence
202608312116372976,202608311905653421,202608311905652236,85,1380,Bronze INV,br_AdmissionAssessmentDimensionTwo,TASK_COMPLETE,SUCCESS,INFO,260,260,0,,2026-08-31T19:06:18.658Z,2026-08-31T21:16:41.151Z,7823,2026-08-31T21:16:41.151Z,B57D,Westerly,79f5b39e-d314-4ad3-8050-3ace553d67de,SAMMS-Westerly
202608312116372977,202608311905653422,202608311905652236,85,1384,Bronze INV,br_AdmissionAssessmentDimensionTwo,TASK_COMPLETE,SUCCESS,INFO,364,364,0,,2026-08-31T19:06:18.658Z,2026-08-31T21:16:41.151Z,7823,2026-08-31T21:16:41.151Z,B66A,Bremen,79f5b39e-d314-4ad3-8050-3ace553d67de,SAMMS-Bremen
202608312116372978,202608311905653423,202608311905652236,85,1387,Bronze INV,br_AdmissionAssessmentDimensionTwo,TASK_COMPLETE,SUCCESS,INFO,16,16,0,,2026-08-31T19:06:18.658Z,2026-08-31T21:16:41.151Z,7823,2026-08-31T21:16:41.151Z,B72,Mobile (OBOT),79f5b39e-d314-4ad3-8050-3ace553d67de,SAMMS-Mobile-OBOT
202608312116372979,202608311905653424,202608311905652236,85,1388,Bronze INV,br_AdmissionAssessmentDimensionTwo,TASK_COMPLETE,SUCCESS,INFO,5,5,0,,2026-08-31T19:06:18.658Z,2026-08-31T21:16:41.151Z,7823,2026-08-31T21:16:41.151Z,B73,Montgomery,79f5b39e-d314-4ad3-8050-3ace553d67de,SAMMS-Montgomery
202608312116372980,202608311905653425,202608311905652236,85,1389,Bronze INV,br_AdmissionAssessmentDimensionTwo,TASK_COMPLETE,SUCCESS,INFO,324,324,0,,2026-08-31T19:06:18.658Z,2026-08-31T21:16:41.151Z,7823,2026-08-31T21:16:41.151Z,B75,Lawrence,79f5b39e-d314-4ad3-8050-3ace553d67de,SAMMS-LawrenceV6
202608312116372982,202608311905653426,202608311905652236,85,1390,Bronze INV,br_AdmissionAssessmentDimensionTwo,TASK_COMPLETE,SUCCESS,INFO,51,51,0,,2026-08-31T19:06:18.658Z,2026-08-31T21:16:41.151Z,7823,2026-08-31T21:16:41.151Z,B76,Huntsville OBOT,79f5b39e-d314-4ad3-8050-3ace553d67de,SAMMS-Huntsville-OBOT
202608312116372983,202608311905653427,202608311905652236,85,1391,Bronze INV,br_AdmissionAssessmentDimensionTwo,TASK_COMPLETE,SUCCESS,INFO,302,302,0,,2026-08-31T19:06:18.658Z,2026-08-31T21:16:41.151Z,7823,2026-08-31T21:16:41.151Z,BAT,Batesville,79f5b39e-d314-4ad3-8050-3ace553d67de,SAMMS-Batesville
202608312116372984,202608311905653428,202608311905652236,85,1392,Bronze INV,br_AdmissionAssessmentDimensionTwo,TASK_COMPLETE,SUCCESS,INFO,238,238,0,,2026-08-31T19:06:18.658Z,2026-08-31T21:16:41.151Z,7823,2026-08-31T21:16:41.151Z,BG,Bowling Green,79f5b39e-d314-4ad3-8050-3ace553d67de,SAMMS-BowlingGreen
202608312116372985,202608311905653429,202608311905652236,85,1393,Bronze INV,br_AdmissionAssessmentDimensionTwo,TASK_COMPLETE,SUCCESS,INFO,222,222,0,,2026-08-31T19:06:18.658Z,2026-08-31T21:16:41.151Z,7823,2026-08-31T21:16:41.151Z,BOI,Boise,79f5b39e-d314-4ad3-8050-3ace553d67de,SAMMS-Boise
202608312116372986,202608311905653430,202608311905652236,85,1400,Bronze INV,br_AdmissionAssessmentDimensionTwo,TASK_COMPLETE,SUCCESS,INFO,288,288,0,,2026-08-31T19:06:18.658Z,2026-08-31T21:16:41.151Z,7823,2026-08-31T21:16:41.151Z,CBCO,Coeur dAlene,79f5b39e-d314-4ad3-8050-3ace553d67de,SAMMS-CoeurdAleneV6
202608312116372987,202608311905653431,202608311905652236,85,1419,Bronze INV,br_AdmissionAssessmentDimensionTwo,TASK_COMPLETE,SUCCESS,INFO,304,304,0,,2026-08-31T19:06:18.658Z,2026-08-31T21:16:41.151Z,7823,2026-08-31T21:16:41.151Z,CON,Conway,79f5b39e-d314-4ad3-8050-3ace553d67de,SAMMS-Conway
202608312116372988,202608311905653432,202608311905652236,85,1420,Bronze INV,br_AdmissionAssessmentDimensionTwo,TASK_COMPLETE,SUCCESS,INFO,1572,1572,0,,2026-08-31T19:06:18.658Z,2026-08-31T21:16:41.151Z,7823,2026-08-31T21:16:41.151Z,D07,Medical Services Knox TN,79f5b39e-d314-4ad3-8050-3ace553d67de,SAMMS-KnoxvilleV6
202608312116372989,202608311905653433,202608311905652236,85,1421,Bronze INV,br_AdmissionAssessmentDimensionTwo,TASK_COMPLETE,SUCCESS,INFO,978,978,0,,2026-08-31T19:06:18.658Z,2026-08-31T21:16:41.151Z,7823,2026-08-31T21:16:41.151Z,D08,Madison,79f5b39e-d314-4ad3-8050-3ace553d67de,SAMMS-MadisonV6
202608312116372990,202608311905653434,202608311905652236,85,1423,Bronze INV,br_AdmissionAssessmentDimensionTwo,TASK_COMPLETE,SUCCESS,INFO,946,946,0,,2026-08-31T19:06:18.658Z,2026-08-31T21:16:41.151Z,7823,2026-08-31T21:16:41.151Z,D09,Murfreesboro,79f5b39e-d314-4ad3-8050-3ace553d67de,SAMMS-MurfreesboroV6
202608312116372991,202608311905653435,202608311905652236,85,1424,Bronze INV,br_AdmissionAssessmentDimensionTwo,TASK_COMPLETE,SUCCESS,INFO,220,220,0,,2026-08-31T19:06:18.658Z,2026-08-31T21:16:41.151Z,7823,2026-08-31T21:16:41.151Z,DA,Davenport,79f5b39e-d314-4ad3-8050-3ace553d67de,SAMMS-Davenport
202608312116372992,202608311905653436,202608311905652236,85,1425,Bronze INV,br_AdmissionAssessmentDimensionTwo,TASK_COMPLETE,SUCCESS,INFO,354,354,0,,2026-08-31T19:06:18.658Z,2026-08-31T21:16:41.151Z,7823,2026-08-31T21:16:41.151Z,DM,Des Moines,79f5b39e-d314-4ad3-8050-3ace553d67de,SAMMS-DesMoines
202608312116372994,202608311905653437,202608311905652236,85,1427,Bronze INV,br_AdmissionAssessmentDimensionTwo,TASK_COMPLETE,SUCCESS,INFO,479,479,0,,2026-08-31T19:06:18.658Z,2026-08-31T21:16:41.151Z,7823,2026-08-31T21:16:41.151Z,DRD-CO,Columbia MO,79f5b39e-d314-4ad3-8050-3ace553d67de,SAMMS-ColumbiaV5
202608312116372995,202608311905653438,202608311905652236,85,1428,Bronze INV,br_AdmissionAssessmentDimensionTwo,TASK_COMPLETE,SUCCESS,INFO,595,595,0,,2026-08-31T19:06:18.658Z,2026-08-31T21:16:41.151Z,7823,2026-08-31T21:16:41.151Z,DRD-KC,KC,79f5b39e-d314-4ad3-8050-3ace553d67de,SAMMS-KCv5
202608312116372996,202608311905653439,202608311905652236,85,1429,Bronze INV,br_AdmissionAssessmentDimensionTwo,TASK_COMPLETE,SUCCESS,INFO,951,951,0,,2026-08-31T19:06:18.658Z,2026-08-31T21:16:41.151Z,7823,2026-08-31T21:16:41.151Z,DRD-KVB,KVB,79f5b39e-d314-4ad3-8050-3ace553d67de,SAMMS-KVBv5
202608312116372997,202608311905653440,202608311905652236,85,1430,Bronze INV,br_AdmissionAssessmentDimensionTwo,TASK_COMPLETE,SUCCESS,INFO,1578,1578,0,,2026-08-31T19:06:18.658Z,2026-08-31T21:16:41.151Z,7823,2026-08-31T21:16:41.151Z,DRD-KVC,KVC,79f5b39e-d314-4ad3-8050-3ace553d67de,SAMMS-KVCv5
202609012114520274,202609011903673554,202609011903672005,85,510,Bronze INV,br_AdmissionAssessmentDimensionFiveSubstanceUse,TASK_COMPLETE,SUCCESS,INFO,1574,1574,0,,2026-09-01T19:04:17.664Z,2026-09-01T21:14:55.846Z,7838,2026-09-01T21:14:55.846Z,DRD-KVC,KVC,0e5f68b5-5669-4bb1-91ce-4b967b620e7d,SAMMS-KVCv5
202609012114520275,202609011903673555,202609011903672005,85,511,Bronze INV,br_AdmissionAssessmentDimensionFiveSubstanceUse,TASK_COMPLETE,SUCCESS,INFO,1255,1255,0,,2026-09-01T19:04:17.664Z,2026-09-01T21:14:55.846Z,7838,2026-09-01T21:14:55.846Z,DRD-NOLA,NOLA,0e5f68b5-5669-4bb1-91ce-4b967b620e7d,SAMMS-NOLAv5
202609012114520276,202609011903673556,202609011903672005,85,512,Bronze INV,br_AdmissionAssessmentDimensionFiveSubstanceUse,TASK_COMPLETE,SUCCESS,INFO,745,745,0,,2026-09-01T19:04:17.664Z,2026-09-01T21:14:55.846Z,7838,2026-09-01T21:14:55.846Z,DRD-SF,Springfield,0e5f68b5-5669-4bb1-91ce-4b967b620e7d,SAMMS-SFv5
202609012114520277,202609011903673557,202609011903672005,85,514,Bronze INV,br_AdmissionAssessmentDimensionFiveSubstanceUse,TASK_COMPLETE,SUCCESS,INFO,248,248,0,,2026-09-01T19:04:17.664Z,2026-09-01T21:14:55.846Z,7838,2026-09-01T21:14:55.846Z,ELC,Elizabeth City,0e5f68b5-5669-4bb1-91ce-4b967b620e7d,SAMMS-ElizabethCity
202609012114520278,202609011903673558,202609011903672005,85,515,Bronze INV,br_AdmissionAssessmentDimensionFiveSubstanceUse,TASK_COMPLETE,SUCCESS,INFO,260,260,0,,2026-09-01T19:04:17.664Z,2026-09-01T21:14:55.846Z,7838,2026-09-01T21:14:55.846Z,ET,Elizabethtown,0e5f68b5-5669-4bb1-91ce-4b967b620e7d,SAMMS-Elizabethtown
202609012114520279,202609011903673559,202609011903672005,85,516,Bronze INV,br_AdmissionAssessmentDimensionFiveSubstanceUse,TASK_COMPLETE,SUCCESS,INFO,228,228,0,,2026-09-01T19:04:17.664Z,2026-09-01T21:14:55.846Z,7838,2026-09-01T21:14:55.846Z,FAY,Fayetteville,0e5f68b5-5669-4bb1-91ce-4b967b620e7d,SAMMS-Fayetteville
202609012114520281,202609011903673560,202609011903672005,85,517,Bronze INV,br_AdmissionAssessmentDimensionFiveSubstanceUse,TASK_COMPLETE,SUCCESS,INFO,180,180,0,,2026-09-01T19:04:17.664Z,2026-09-01T21:14:55.846Z,7838,2026-09-01T21:14:55.846Z,FR,Frankfort,0e5f68b5-5669-4bb1-91ce-4b967b620e7d,SAMMS-Frankfort
202609012114520282,202609011903673561,202609011903672005,85,518,Bronze INV,br_AdmissionAssessmentDimensionFiveSubstanceUse,TASK_COMPLETE,SUCCESS,INFO,281,281,0,,2026-09-01T19:04:17.664Z,2026-09-01T21:14:55.846Z,7838,2026-09-01T21:14:55.846Z,FS,Fort Smith,0e5f68b5-5669-4bb1-91ce-4b967b620e7d,SAMMS-FortSmith
202609012114520283,202609011903673562,202609011903672005,85,519,Bronze INV,br_AdmissionAssessmentDimensionFiveSubstanceUse,TASK_COMPLETE,SUCCESS,INFO,682,682,0,,2026-09-01T19:04:17.664Z,2026-09-01T21:14:55.846Z,7838,2026-09-01T21:14:55.846Z,FW,Fort Wayne,0e5f68b5-5669-4bb1-91ce-4b967b620e7d,SAMMS-FortWayne
202609012114520284,202609011903673563,202609011903672005,85,520,Bronze INV,br_AdmissionAssessmentDimensionFiveSubstanceUse,TASK_COMPLETE,SUCCESS,INFO,103,103,0,,2026-09-01T19:04:17.664Z,2026-09-01T21:14:55.846Z,7838,2026-09-01T21:14:55.846Z,GAL,Gaylord,0e5f68b5-5669-4bb1-91ce-4b967b620e7d,SAMMS-Gaylord
202609012114520285,202609011903673564,202609011903672005,85,524,Bronze INV,br_AdmissionAssessmentDimensionFiveSubstanceUse,TASK_COMPLETE,SUCCESS,INFO,618,618,0,,2026-09-01T19:04:17.664Z,2026-09-01T21:14:55.846Z,7838,2026-09-01T21:14:55.846Z,HGT,Hagerstown,0e5f68b5-5669-4bb1-91ce-4b967b620e7d,SAMMS-Hagerstown
202609012114520286,202609011903673565,202609011903672005,85,525,Bronze INV,br_AdmissionAssessmentDimensionFiveSubstanceUse,TASK_COMPLETE,SUCCESS,INFO,475,475,0,,2026-09-01T19:04:17.664Z,2026-09-01T21:14:55.846Z,7838,2026-09-01T21:14:55.846Z,HNT,Huntsville,0e5f68b5-5669-4bb1-91ce-4b967b620e7d,SAMMS-Huntsville
202609012114520288,202609011903673566,202609011903672005,85,526,Bronze INV,br_AdmissionAssessmentDimensionFiveSubstanceUse,TASK_COMPLETE,SUCCESS,INFO,307,307,0,,2026-09-01T19:04:17.664Z,2026-09-01T21:14:55.846Z,7838,2026-09-01T21:14:55.846Z,HS,Hot Springs,0e5f68b5-5669-4bb1-91ce-4b967b620e7d,SAMMS-HotSprings
202609012114520289,202609011903673567,202609011903672005,85,527,Bronze INV,br_AdmissionAssessmentDimensionFiveSubstanceUse,TASK_COMPLETE,SUCCESS,INFO,267,267,0,,2026-09-01T19:04:17.664Z,2026-09-01T21:14:55.846Z,7838,2026-09-01T21:14:55.846Z,JON,Jonesboro,0e5f68b5-5669-4bb1-91ce-4b967b620e7d,SAMMS-Jonesboro
202609012114520290,202609011903673568,202609011903672005,85,529,Bronze INV,br_AdmissionAssessmentDimensionFiveSubstanceUse,TASK_COMPLETE,SUCCESS,INFO,155,155,0,,2026-09-01T19:04:17.664Z,2026-09-01T21:14:55.846Z,7838,2026-09-01T21:14:55.846Z,LAN,Lansing,0e5f68b5-5669-4bb1-91ce-4b967b620e7d,SAMMS-Lansing
202609012114520291,202609011903673569,202609011903672005,85,530,Bronze INV,br_AdmissionAssessmentDimensionFiveSubstanceUse,TASK_COMPLETE,SUCCESS,INFO,429,429,0,,2026-09-01T19:04:17.664Z,2026-09-01T21:14:55.846Z,7838,2026-09-01T21:14:55.846Z,LO,Louisville,0e5f68b5-5669-4bb1-91ce-4b967b620e7d,SAMMS-Louisville
202609012114520292,202609011903673570,202609011903672005,85,531,Bronze INV,br_AdmissionAssessmentDimensionFiveSubstanceUse,TASK_COMPLETE,SUCCESS,INFO,1161,1161,0,,2026-09-01T19:04:17.664Z,2026-09-01T21:14:55.846Z,7838,2026-09-01T21:14:55.846Z,LV1,Cheyenne,0e5f68b5-5669-4bb1-91ce-4b967b620e7d,SAMMS-Cheyenne
202609012114520293,202609011903673571,202609011903672005,85,532,Bronze INV,br_AdmissionAssessmentDimensionFiveSubstanceUse,TASK_COMPLETE,SUCCESS,INFO,928,928,0,,2026-09-01T19:04:17.664Z,2026-09-01T21:14:55.846Z,7838,2026-09-01T21:14:55.846Z,LV2,Desert Inn,0e5f68b5-5669-4bb1-91ce-4b967b620e7d,SAMMS-DesertInn
202609012114520295,202609011903673572,202609011903672005,85,533,Bronze INV,br_AdmissionAssessmentDimensionFiveSubstanceUse,TASK_COMPLETE,SUCCESS,INFO,306,306,0,,2026-09-01T19:04:17.664Z,2026-09-01T21:14:55.846Z,7838,2026-09-01T21:14:55.846Z,LV3,McDaniel,0e5f68b5-5669-4bb1-91ce-4b967b620e7d,SAMMS-McDaniel
202609012114520296,202609011903673573,202609011903672005,85,536,Bronze INV,br_AdmissionAssessmentDimensionFiveSubstanceUse,TASK_COMPLETE,SUCCESS,INFO,269,269,0,,2026-09-01T19:04:17.664Z,2026-09-01T21:14:55.846Z,7838,2026-09-01T21:14:55.846Z,MNRE,Monroe,0e5f68b5-5669-4bb1-91ce-4b967b620e7d,SAMMS-Monroe
202609012114520297,202609011903673574,202609011903672005,85,537,Bronze INV,br_AdmissionAssessmentDimensionFiveSubstanceUse,TASK_COMPLETE,SUCCESS,INFO,120,120,0,,2026-09-01T19:04:17.664Z,2026-09-01T21:14:55.846Z,7838,2026-09-01T21:14:55.846Z,MP,Mt. Pleasant,0e5f68b5-5669-4bb1-91ce-4b967b620e7d,SAMMS-MtPleasant
202609012114520298,202609011903673575,202609011903672005,85,538,Bronze INV,br_AdmissionAssessmentDimensionFiveSubstanceUse,TASK_COMPLETE,SUCCESS,INFO,173,173,0,,2026-09-01T19:04:17.664Z,2026-09-01T21:14:55.846Z,7838,2026-09-01T21:14:55.846Z,MRD,Meridian,0e5f68b5-5669-4bb1-91ce-4b967b620e7d,SAMMS-Meridian
202609012114520299,202609011903673576,202609011903672005,85,543,Bronze INV,br_AdmissionAssessmentDimensionFiveSubstanceUse,TASK_COMPLETE,SUCCESS,INFO,632,632,0,,2026-09-01T19:04:17.664Z,2026-09-01T21:14:55.846Z,7838,2026-09-01T21:14:55.846Z,NC,North Charleston,0e5f68b5-5669-4bb1-91ce-4b967b620e7d,SAMMS-NorthCharleston
202609012114520300,202609011903673577,202609011903672005,85,544,Bronze INV,br_AdmissionAssessmentDimensionFiveSubstanceUse,TASK_COMPLETE,SUCCESS,INFO,572,572,0,,2026-09-01T19:04:17.664Z,2026-09-01T21:14:55.846Z,7838,2026-09-01T21:14:55.846Z,NLR,N. Little Rock,0e5f68b5-5669-4bb1-91ce-4b967b620e7d,SAMMS-NLROBOT
202609012114520302,202609011903673578,202609011903672005,85,545,Bronze INV,br_AdmissionAssessmentDimensionFiveSubstanceUse,TASK_COMPLETE,SUCCESS,INFO,232,232,0,,2026-09-01T19:04:17.664Z,2026-09-01T21:14:55.846Z,7838,2026-09-01T21:14:55.846Z,PH,Phoenix,0e5f68b5-5669-4bb1-91ce-4b967b620e7d,SAMMS-Phoenix
202609012114520303,202609011903673579,202609011903672005,85,549,Bronze INV,br_AdmissionAssessmentDimensionFiveSubstanceUse,TASK_COMPLETE,SUCCESS,INFO,406,406,0,,2026-09-01T19:04:17.664Z,2026-09-01T21:14:55.846Z,7838,2026-09-01T21:14:55.846Z,RE,Reno,0e5f68b5-5669-4bb1-91ce-4b967b620e7d,SAMMS-Reno
202609012114520304,202609011903673580,202609011903672005,85,550,Bronze INV,br_AdmissionAssessmentDimensionFiveSubstanceUse,TASK_COMPLETE,SUCCESS,INFO,386,386,0,,2026-09-01T19:04:17.664Z,2026-09-01T21:14:55.846Z,7838,2026-09-01T21:14:55.846Z,RMD,Richmond,0e5f68b5-5669-4bb1-91ce-4b967b620e7d,SAMMS-Richmond
202609012114520305,202609011903673581,202609011903672005,85,551,Bronze INV,br_AdmissionAssessmentDimensionFiveSubstanceUse,TASK_COMPLETE,SUCCESS,INFO,486,486,0,,2026-09-01T19:04:17.664Z,2026-09-01T21:14:55.846Z,7838,2026-09-01T21:14:55.846Z,SFN,Springfield North,0e5f68b5-5669-4bb1-91ce-4b967b620e7d,SAMMS-SFNv5
202609012114520306,202609011903673582,202609011903672005,85,552,Bronze INV,br_AdmissionAssessmentDimensionFiveSubstanceUse,TASK_COMPLETE,SUCCESS,INFO,445,445,0,,2026-09-01T19:04:17.664Z,2026-09-01T21:14:55.846Z,7838,2026-09-01T21:14:55.846Z,SHP,Shreveport,0e5f68b5-5669-4bb1-91ce-4b967b620e7d,SAMMS-Shreveport
202609012114520307,202609011903673583,202609011903672005,85,554,Bronze INV,br_AdmissionAssessmentDimensionFiveSubstanceUse,TASK_COMPLETE,SUCCESS,INFO,80,80,0,,2026-09-01T19:04:17.664Z,2026-09-01T21:14:55.846Z,7838,2026-09-01T21:14:55.846Z,STN,Staunton,0e5f68b5-5669-4bb1-91ce-4b967b620e7d,SAMMS-Staunton
202609012114520308,202609011903673584,202609011903672005,85,555,Bronze INV,br_AdmissionAssessmentDimensionFiveSubstanceUse,TASK_COMPLETE,SUCCESS,INFO,52,52,0,,2026-09-01T19:04:17.664Z,2026-09-01T21:14:55.846Z,7838,2026-09-01T21:14:55.846Z,STVN,Stevenson,0e5f68b5-5669-4bb1-91ce-4b967b620e7d,SAMMS-Stevenson
202609012114520310,202609011903673585,202609011903672005,85,557,Bronze INV,br_AdmissionAssessmentDimensionFiveSubstanceUse,TASK_COMPLETE,SUCCESS,INFO,70,70,0,,2026-09-01T19:04:17.664Z,2026-09-01T21:14:55.846Z,7838,2026-09-01T21:14:55.846Z,TE,Tempe,0e5f68b5-5669-4bb1-91ce-4b967b620e7d,SAMMS-Tempe
202609012114520311,202609011903673586,202609011903672005,85,558,Bronze INV,br_AdmissionAssessmentDimensionFiveSubstanceUse,TASK_COMPLETE,SUCCESS,INFO,367,367,0,,2026-09-01T19:04:17.664Z,2026-09-01T21:14:55.846Z,7838,2026-09-01T21:14:55.846Z,TEX,Texarkana,0e5f68b5-5669-4bb1-91ce-4b967b620e7d,SAMMS-Texarkana
202609012114520312,202609011903673587,202609011903672005,85,559,Bronze INV,br_AdmissionAssessmentDimensionFiveSubstanceUse,TASK_COMPLETE,SUCCESS,INFO,418,418,0,,2026-09-01T19:04:17.664Z,2026-09-01T21:14:55.846Z,7838,2026-09-01T21:14:55.846Z,TTCA,Bessemer,0e5f68b5-5669-4bb1-91ce-4b967b620e7d,SAMMS-BessemerV5
202609012114520313,202609011903673588,202609011903672005,85,560,Bronze INV,br_AdmissionAssessmentDimensionFiveSubstanceUse,TASK_COMPLETE,SUCCESS,INFO,550,550,0,,2026-09-01T19:04:17.664Z,2026-09-01T21:14:55.846Z,7838,2026-09-01T21:14:55.846Z,TTCB,Cullman,0e5f68b5-5669-4bb1-91ce-4b967b620e7d,SAMMS-CullmanV5
202609012114520314,202609011903673589,202609011903672005,85,561,Bronze INV,br_AdmissionAssessmentDimensionFiveSubstanceUse,TASK_COMPLETE,SUCCESS,INFO,299,299,0,,2026-09-01T19:04:17.664Z,2026-09-01T21:14:55.846Z,7838,2026-09-01T21:14:55.846Z,TTCC,Grand Bay,0e5f68b5-5669-4bb1-91ce-4b967b620e7d,SAMMS-GrandBay
202609012114520315,202609011903673590,202609011903672005,85,562,Bronze INV,br_AdmissionAssessmentDimensionFiveSubstanceUse,TASK_COMPLETE,SUCCESS,INFO,22,22,0,,2026-09-01T19:04:17.664Z,2026-09-01T21:14:55.846Z,7838,2026-09-01T21:14:55.846Z,TU,Tucson,0e5f68b5-5669-4bb1-91ce-4b967b620e7d,SAMMS-Tucson
202609012114520316,202609011903673591,202609011903672005,85,564,Bronze INV,br_AdmissionAssessmentDimensionFiveSubstanceUse,TASK_COMPLETE,SUCCESS,INFO,250,250,0,,2026-09-01T19:04:17.664Z,2026-09-01T21:14:55.846Z,7838,2026-09-01T21:14:55.846Z,V1,Memphis South,0e5f68b5-5669-4bb1-91ce-4b967b620e7d,SAMMS-VCPHCS-I-MemphisV5
202609012114520318,202609011903673592,202609011903672005,85,565,Bronze INV,br_AdmissionAssessmentDimensionFiveSubstanceUse,TASK_COMPLETE,SUCCESS,INFO,693,693,0,,2026-09-01T19:04:17.664Z,2026-09-01T21:14:55.846Z,7838,2026-09-01T21:14:55.846Z,V10,Longmont,0e5f68b5-5669-4bb1-91ce-4b967b620e7d,SAMMS-BoulderV5
202609012114520319,202609011903673593,202609011903672005,85,566,Bronze INV,br_AdmissionAssessmentDimensionFiveSubstanceUse,TASK_COMPLETE,SUCCESS,INFO,1188,1188,0,,2026-09-01T19:04:17.664Z,2026-09-01T21:14:55.846Z,7838,2026-09-01T21:14:55.846Z,V10A,Fort Collins,0e5f68b5-5669-4bb1-91ce-4b967b620e7d,SAMMS-FortCollinsV5
202609012114520320,202609011903673594,202609011903672005,85,567,Bronze INV,br_AdmissionAssessmentDimensionFiveSubstanceUse,TASK_COMPLETE,SUCCESS,INFO,989,989,0,,2026-09-01T19:04:17.664Z,2026-09-01T21:14:55.846Z,7838,2026-09-01T21:14:55.846Z,V11,Westminster,0e5f68b5-5669-4bb1-91ce-4b967b620e7d,SAMMS-VCPHCS-XI-NorthDenverV5
202609012114520321,202609011903673595,202609011903672005,85,568,Bronze INV,br_AdmissionAssessmentDimensionFiveSubstanceUse,TASK_COMPLETE,SUCCESS,INFO,1053,1053,0,,2026-09-01T19:04:17.664Z,2026-09-01T21:14:55.846Z,7838,2026-09-01T21:14:55.846Z,V12,Downtown Denver,0e5f68b5-5669-4bb1-91ce-4b967b620e7d,SAMMS-VCPHCS-XII-DowntownDenverV5
202609012114520322,202609011903673596,202609011903672005,85,569,Bronze INV,br_AdmissionAssessmentDimensionFiveSubstanceUse,TASK_COMPLETE,SUCCESS,INFO,475,475,0,,2026-09-01T19:04:17.664Z,2026-09-01T21:14:55.846Z,7838,2026-09-01T21:14:55.846Z,V12A,Centennial,0e5f68b5-5669-4bb1-91ce-4b967b620e7d,SAMMS-CentennialV5
202609012114520323,202609011903673597,202609011903672005,85,570,Bronze INV,br_AdmissionAssessmentDimensionFiveSubstanceUse,TASK_COMPLETE,SUCCESS,INFO,294,294,0,,2026-09-01T19:04:17.664Z,2026-09-01T21:14:55.846Z,7838,2026-09-01T21:14:55.846Z,V14,Overland Park,0e5f68b5-5669-4bb1-91ce-4b967b620e7d,SAMMS-VCPHCS-XIV-BridgewayV5
202609012114520325,202609011903673598,202609011903672005,85,571,Bronze INV,br_AdmissionAssessmentDimensionFiveSubstanceUse,TASK_COMPLETE,SUCCESS,INFO,567,567,0,,2026-09-01T19:04:17.664Z,2026-09-01T21:14:55.846Z,7838,2026-09-01T21:14:55.846Z,V15,Joplin,0e5f68b5-5669-4bb1-91ce-4b967b620e7d,SAMMS-JoplinV5
202609012114520326,202609011903673599,202609011903672005,85,573,Bronze INV,br_AdmissionAssessmentDimensionFiveSubstanceUse,TASK_COMPLETE,SUCCESS,INFO,473,473,0,,2026-09-01T19:04:17.664Z,2026-09-01T21:14:55.846Z,7838,2026-09-01T21:14:55.846Z,V17,Columbia TN,0e5f68b5-5669-4bb1-91ce-4b967b620e7d,SAMMS-ColumbiaTNv5
202609012114520327,202609011903673600,202609011903672005,85,575,Bronze INV,br_AdmissionAssessmentDimensionFiveSubstanceUse,TASK_COMPLETE,SUCCESS,INFO,415,415,0,,2026-09-01T19:04:17.664Z,2026-09-01T21:14:55.846Z,7838,2026-09-01T21:14:55.846Z,V19,Jackson,0e5f68b5-5669-4bb1-91ce-4b967b620e7d,SAMMS-JacksonV5
202609012114520328,202609011903673601,202609011903672005,85,577,Bronze INV,br_AdmissionAssessmentDimensionFiveSubstanceUse,TASK_COMPLETE,SUCCESS,INFO,480,480,0,,2026-09-01T19:04:17.664Z,2026-09-01T21:14:55.846Z,7838,2026-09-01T21:14:55.846Z,V20,Paris,0e5f68b5-5669-4bb1-91ce-4b967b620e7d,SAMMS-ParisV5
202609012114520329,202609011903673602,202609011903672005,85,578,Bronze INV,br_AdmissionAssessmentDimensionFiveSubstanceUse,TASK_COMPLETE,SUCCESS,INFO,354,354,0,,2026-09-01T19:04:17.664Z,2026-09-01T21:14:55.846Z,7838,2026-09-01T21:14:55.846Z,V21,Memphis North,0e5f68b5-5669-4bb1-91ce-4b967b620e7d,SAMMS-RaleighV5
202609012114520330,202609011903673603,202609011903672005,85,581,Bronze INV,br_AdmissionAssessmentDimensionFiveSubstanceUse,TASK_COMPLETE,SUCCESS,INFO,698,698,0,,2026-09-01T19:04:17.664Z,2026-09-01T21:14:55.846Z,7838,2026-09-01T21:14:55.846Z,V5,West Bank,0e5f68b5-5669-4bb1-91ce-4b967b620e7d,SAMMS-NONTCv5
202609012114520331,202609011903673604,202609011903672005,85,583,Bronze INV,br_AdmissionAssessmentDimensionFiveSubstanceUse,TASK_COMPLETE,SUCCESS,INFO,252,252,0,,2026-09-01T19:04:17.664Z,2026-09-01T21:14:55.846Z,7838,2026-09-01T21:14:55.846Z,V5B,Houma,0e5f68b5-5669-4bb1-91ce-4b967b620e7d,SAMMS-HoumaV6
202609012114520333,202609011903673605,202609011903672005,85,584,Bronze INV,br_AdmissionAssessmentDimensionFiveSubstanceUse,TASK_COMPLETE,SUCCESS,INFO,951,951,0,,2026-09-01T19:04:17.664Z,2026-09-01T21:14:55.846Z,7838,2026-09-01T21:14:55.846Z,V6,Lake Charles,0e5f68b5-5669-4bb1-91ce-4b967b620e7d,SAMMS-LCv5
202609012114520334,202609011903673606,202609011903672005,85,586,Bronze INV,br_AdmissionAssessmentDimensionFiveSubstanceUse,TASK_COMPLETE,SUCCESS,INFO,566,566,0,,2026-09-01T19:04:17.664Z,2026-09-01T21:14:55.846Z,7838,2026-09-01T21:14:55.846Z,V8,Memphis Midtown,0e5f68b5-5669-4bb1-91ce-4b967b620e7d,SAMMS-VCPHCS-VIII-MemphisV5
202609012114520335,202609011903673607,202609011903672005,85,587,Bronze INV,br_AdmissionAssessmentDimensionFiveSubstanceUse,TASK_COMPLETE,SUCCESS,INFO,1570,1570,0,,2026-09-01T19:04:17.664Z,2026-09-01T21:14:55.846Z,7838,2026-09-01T21:14:55.846Z,V9,Nashville,0e5f68b5-5669-4bb1-91ce-4b967b620e7d,SAMMS-NashvilleV5
202609012114520336,202609011903673608,202609011903672005,85,588,Bronze INV,br_AdmissionAssessmentDimensionFiveSubstanceUse,TASK_COMPLETE,SUCCESS,INFO,331,331,0,,2026-09-01T19:04:17.664Z,2026-09-01T21:14:55.846Z,7838,2026-09-01T21:14:55.846Z,VBRA,Brainerd,0e5f68b5-5669-4bb1-91ce-4b967b620e7d,SAMMS-BrainerdV6
202609012114520337,202609011903673609,202609011903672005,85,589,Bronze INV,br_AdmissionAssessmentDimensionFiveSubstanceUse,TASK_COMPLETE,SUCCESS,INFO,587,587,0,,2026-09-01T19:04:17.664Z,2026-09-01T21:14:55.846Z,7838,2026-09-01T21:14:55.846Z,VBRP,Brooklyn Park,0e5f68b5-5669-4bb1-91ce-4b967b620e7d,SAMMS-BrooklynParkV6
202609012114520338,202609011903673610,202609011903672005,85,591,Bronze INV,br_AdmissionAssessmentDimensionFiveSubstanceUse,TASK_COMPLETE,SUCCESS,INFO,573,573,0,,2026-09-01T19:04:17.664Z,2026-09-01T21:14:55.846Z,7838,2026-09-01T21:14:55.846Z,VMIN,Minneapolis,0e5f68b5-5669-4bb1-91ce-4b967b620e7d,SAMMS-MinneapolisV6
202609012114520340,202609011903673611,202609011903672005,85,592,Bronze INV,br_AdmissionAssessmentDimensionFiveSubstanceUse,TASK_COMPLETE,SUCCESS,INFO,1057,1057,0,,2026-09-01T19:04:17.664Z,2026-09-01T21:14:55.846Z,7838,2026-09-01T21:14:55.846Z,VWBY,Woodbury,0e5f68b5-5669-4bb1-91ce-4b967b620e7d,SAMMS-WoodburyV6
202609012114520341,202609011903673612,202609011903672005,85,594,Bronze INV,br_AdmissionAssessmentDimensionFiveSubstanceUse,TASK_COMPLETE,SUCCESS,INFO,432,432,0,,2026-09-01T19:04:17.664Z,2026-09-01T21:14:55.846Z,7838,2026-09-01T21:14:55.846Z,WIL,Wilson,0e5f68b5-5669-4bb1-91ce-4b967b620e7d,SAMMS-Wilson
202609012114520342,202609011903673613,202609011903672005,85,966,Bronze INV,br_AdmissionAssessmentDimensionSix,TASK_COMPLETE,SUCCESS,INFO,98,98,0,,2026-09-01T19:04:17.664Z,2026-09-01T21:14:55.846Z,7838,2026-09-01T21:14:55.846Z,AHK,Ahoskie,0e5f68b5-5669-4bb1-91ce-4b967b620e7d,SAMMS-Ahoskie
202609012114520343,202609011903673614,202609011903672005,85,967,Bronze INV,br_AdmissionAssessmentDimensionSix,TASK_COMPLETE,SUCCESS,INFO,797,797,0,,2026-09-01T19:04:17.664Z,2026-09-01T21:14:55.846Z,7838,2026-09-01T21:14:55.846Z,B12B,Colorado Springs,0e5f68b5-5669-4bb1-91ce-4b967b620e7d,SAMMS-ColoradoSpringsV5
202609012114520344,202609011903673615,202609011903672005,85,968,Bronze INV,br_AdmissionAssessmentDimensionSix,TASK_COMPLETE,SUCCESS,INFO,415,415,0,,2026-09-01T19:04:17.664Z,2026-09-01T21:14:55.846Z,7838,2026-09-01T21:14:55.846Z,B24,Paintsville,0e5f68b5-5669-4bb1-91ce-4b967b620e7d,SAMMS-PaintsvilleV5
202609012114520345,202609011903673616,202609011903672005,85,969,Bronze INV,br_AdmissionAssessmentDimensionSix,TASK_COMPLETE,SUCCESS,INFO,171,171,0,,2026-09-01T19:04:17.664Z,2026-09-01T21:14:55.846Z,7838,2026-09-01T21:14:55.846Z,B25,Pikeville,0e5f68b5-5669-4bb1-91ce-4b967b620e7d,SAMMS-PikevilleV5
202609012114520346,202609011903673617,202609011903672005,85,970,Bronze INV,br_AdmissionAssessmentDimensionSix,TASK_COMPLETE,SUCCESS,INFO,493,493,0,,2026-09-01T19:04:17.664Z,2026-09-01T21:14:55.846Z,7838,2026-09-01T21:14:55.846Z,B26,Hazard,0e5f68b5-5669-4bb1-91ce-4b967b620e7d,SAMMS-HazardV5
202609012114520348,202609011903673618,202609011903672005,85,971,Bronze INV,br_AdmissionAssessmentDimensionSix,TASK_COMPLETE,SUCCESS,INFO,190,190,0,,2026-09-01T19:04:17.664Z,2026-09-01T21:14:55.846Z,7838,2026-09-01T21:14:55.846Z,B27,Savannah,0e5f68b5-5669-4bb1-91ce-4b967b620e7d,SAMMS-SavannahV6
202609012114520349,202609011903673619,202609011903672005,85,972,Bronze INV,br_AdmissionAssessmentDimensionSix,TASK_COMPLETE,SUCCESS,INFO,238,238,0,,2026-09-01T19:04:17.664Z,2026-09-01T21:14:55.846Z,7838,2026-09-01T21:14:55.846Z,B28,West Plains,0e5f68b5-5669-4bb1-91ce-4b967b620e7d,SAMMS-WestPlainesV5
202609012114520350,202609011903673620,202609011903672005,85,973,Bronze INV,br_AdmissionAssessmentDimensionSix,TASK_COMPLETE,SUCCESS,INFO,260,260,0,,2026-09-01T19:04:17.664Z,2026-09-01T21:14:55.846Z,7838,2026-09-01T21:14:55.846Z,B29,Poplar Bluff,0e5f68b5-5669-4bb1-91ce-4b967b620e7d,SAMMS-PoplarBluffV5
202609012114520351,202609011903673621,202609011903672005,85,974,Bronze INV,br_AdmissionAssessmentDimensionSix,TASK_COMPLETE,SUCCESS,INFO,140,140,0,,2026-09-01T19:04:17.664Z,2026-09-01T21:14:55.846Z,7838,2026-09-01T21:14:55.846Z,B30,KC North,0e5f68b5-5669-4bb1-91ce-4b967b620e7d,SAMMS-KCNv5
202609012114520352,202609011903673622,202609011903672005,85,975,Bronze INV,br_AdmissionAssessmentDimensionSix,TASK_COMPLETE,SUCCESS,INFO,341,341,0,,2026-09-01T19:04:17.664Z,2026-09-01T21:14:55.846Z,7838,2026-09-01T21:14:55.846Z,B31,Dyersburg,0e5f68b5-5669-4bb1-91ce-4b967b620e7d,SAMMS-DyersburgV5
202609012114520353,202609011903673623,202609011903672005,85,977,Bronze INV,br_AdmissionAssessmentDimensionSix,TASK_COMPLETE,SUCCESS,INFO,213,213,0,,2026-09-01T19:04:17.664Z,2026-09-01T21:14:55.846Z,7838,2026-09-01T21:14:55.846Z,B33,Paducah,0e5f68b5-5669-4bb1-91ce-4b967b620e7d,SAMMS-Paducah
202609012114520355,202609011903673624,202609011903672005,85,978,Bronze INV,br_AdmissionAssessmentDimensionSix,TASK_COMPLETE,SUCCESS,INFO,443,443,0,,2026-09-01T19:04:17.664Z,2026-09-01T21:14:55.846Z,7838,2026-09-01T21:14:55.846Z,B34,Corbin,0e5f68b5-5669-4bb1-91ce-4b967b620e7d,SAMMS-CorbinV5
202609012114520356,202609011903673625,202609011903672005,85,979,Bronze INV,br_AdmissionAssessmentDimensionSix,TASK_COMPLETE,SUCCESS,INFO,712,712,0,,2026-09-01T19:04:17.664Z,2026-09-01T21:14:55.846Z,7838,2026-09-01T21:14:55.846Z,B35,Lexington,0e5f68b5-5669-4bb1-91ce-4b967b620e7d,SAMMS-LexingtonV5
202609012114520357,202609011903673626,202609011903672005,85,980,Bronze INV,br_AdmissionAssessmentDimensionSix,TASK_COMPLETE,SUCCESS,INFO,346,346,0,,2026-09-01T19:04:17.664Z,2026-09-01T21:14:55.846Z,7838,2026-09-01T21:14:55.846Z,B35A,Berea,0e5f68b5-5669-4bb1-91ce-4b967b620e7d,SAMMS-BereaV5
202609012114520358,202609011903673627,202609011903672005,85,981,Bronze INV,br_AdmissionAssessmentDimensionSix,TASK_COMPLETE,SUCCESS,INFO,606,606,0,,2026-09-01T19:04:17.664Z,2026-09-01T21:14:55.846Z,7838,2026-09-01T21:14:55.846Z,B36,Asheville,0e5f68b5-5669-4bb1-91ce-4b967b620e7d,SAMMS-AshevilleV5
202609012114520359,202609011903673628,202609011903672005,85,982,Bronze INV,br_AdmissionAssessmentDimensionSix,TASK_COMPLETE,SUCCESS,INFO,448,448,0,,2026-09-01T19:04:17.664Z,2026-09-01T21:14:55.846Z,7838,2026-09-01T21:14:55.846Z,B37,Clyde,0e5f68b5-5669-4bb1-91ce-4b967b620e7d,SAMMS-ClydeV5
202609012114520360,202609011903673629,202609011903672005,85,983,Bronze INV,br_AdmissionAssessmentDimensionSix,TASK_COMPLETE,SUCCESS,INFO,632,632,0,,2026-09-01T19:04:17.664Z,2026-09-01T21:14:55.846Z,7838,2026-09-01T21:14:55.846Z,B38,Spartanburg,0e5f68b5-5669-4bb1-91ce-4b967b620e7d,SAMMS-SpartanburgV5
202609012114520361,202609011903673630,202609011903672005,85,984,Bronze INV,br_AdmissionAssessmentDimensionSix,TASK_COMPLETE,SUCCESS,INFO,476,476,0,,2026-09-01T19:04:17.664Z,2026-09-01T21:14:55.846Z,7838,2026-09-01T21:14:55.846Z,B39,Aiken,0e5f68b5-5669-4bb1-91ce-4b967b620e7d,SAMMS-AikenV5
202609012114520363,202609011903673631,202609011903672005,85,985,Bronze INV,br_AdmissionAssessmentDimensionSix,TASK_COMPLETE,SUCCESS,INFO,289,289,0,,2026-09-01T19:04:17.664Z,2026-09-01T21:14:55.846Z,7838,2026-09-01T21:14:55.846Z,B41,Chesapeake,0e5f68b5-5669-4bb1-91ce-4b967b620e7d,SAMMS-ChesapeakeV5
202609012114520364,202609011903673632,202609011903672005,85,986,Bronze INV,br_AdmissionAssessmentDimensionSix,TASK_COMPLETE,SUCCESS,INFO,531,531,0,,2026-09-01T19:04:17.664Z,2026-09-01T21:14:55.846Z,7838,2026-09-01T21:14:55.846Z,B42,Virginia Beach,0e5f68b5-5669-4bb1-91ce-4b967b620e7d,SAMMS-VirginiaBeachV5
202609012114520365,202609011903673633,202609011903672005,85,987,Bronze INV,br_AdmissionAssessmentDimensionSix,TASK_COMPLETE,SUCCESS,INFO,162,162,0,,2026-09-01T19:04:17.664Z,2026-09-01T21:14:55.846Z,7838,2026-09-01T21:14:55.846Z,B42A,Newport News,0e5f68b5-5669-4bb1-91ce-4b967b620e7d,SAMMS-NewportNewsV5
202609012114520366,202609011903673634,202609011903672005,85,988,Bronze INV,br_AdmissionAssessmentDimensionSix,TASK_COMPLETE,SUCCESS,INFO,54,54,0,,2026-09-01T19:04:17.664Z,2026-09-01T21:14:55.846Z,7838,2026-09-01T21:14:55.846Z,B42B,Franklin,0e5f68b5-5669-4bb1-91ce-4b967b620e7d,SAMMS-FranklinV5
202609012114520367,202609011903673635,202609011903672005,85,989,Bronze INV,br_AdmissionAssessmentDimensionSix,TASK_COMPLETE,SUCCESS,INFO,334,334,0,,2026-09-01T19:04:17.664Z,2026-09-01T21:14:55.846Z,7838,2026-09-01T21:14:55.846Z,B42C,Glen Allen,0e5f68b5-5669-4bb1-91ce-4b967b620e7d,SAMMS-GlenAllenV5
202609012114520368,202609011903673636,202609011903672005,85,990,Bronze INV,br_AdmissionAssessmentDimensionSix,TASK_COMPLETE,SUCCESS,INFO,168,168,0,,2026-09-01T19:04:17.664Z,2026-09-01T21:14:55.846Z,7838,2026-09-01T21:14:55.846Z,B42D,Chesapeake South,0e5f68b5-5669-4bb1-91ce-4b967b620e7d,SAMMS-ChesapeakeSouthV5
202609012114520370,202609011903673637,202609011903672005,85,991,Bronze INV,br_AdmissionAssessmentDimensionSix,TASK_COMPLETE,SUCCESS,INFO,210,210,0,,2026-09-01T19:04:17.664Z,2026-09-01T21:14:55.846Z,7838,2026-09-01T21:14:55.846Z,B44,Albany,0e5f68b5-5669-4bb1-91ce-4b967b620e7d,SAMMS-AlbanyV5
202609012114520371,202609011903673638,202609011903672005,85,992,Bronze INV,br_AdmissionAssessmentDimensionSix,TASK_COMPLETE,SUCCESS,INFO,307,307,0,,2026-09-01T19:04:17.664Z,2026-09-01T21:14:55.846Z,7838,2026-09-01T21:14:55.846Z,B45,Tifton,0e5f68b5-5669-4bb1-91ce-4b967b620e7d,SAMMS-TiftonV5
202609012114520372,202609011903673639,202609011903672005,85,993,Bronze INV,br_AdmissionAssessmentDimensionSix,TASK_COMPLETE,SUCCESS,INFO,672,672,0,,2026-09-01T19:04:17.664Z,2026-09-01T21:14:55.846Z,7838,2026-09-01T21:14:55.846Z,B46,Washington DC,0e5f68b5-5669-4bb1-91ce-4b967b620e7d,SAMMS-WashingtonDCv5
202608312116373382,202608311905653785,202608311905652236,85,510,Bronze INV,br_AdmissionAssessmentDimensionFiveSubstanceUse,TASK_COMPLETE,SUCCESS,INFO,1573,1573,0,,2026-08-31T19:06:18.658Z,2026-08-31T21:16:41.151Z,7823,2026-08-31T21:16:41.151Z,DRD-KVC,KVC,79f5b39e-d314-4ad3-8050-3ace553d67de,SAMMS-KVCv5
202608312116373383,202608311905653786,202608311905652236,85,511,Bronze INV,br_AdmissionAssessmentDimensionFiveSubstanceUse,TASK_COMPLETE,SUCCESS,INFO,1255,1255,0,,2026-08-31T19:06:18.658Z,2026-08-31T21:16:41.151Z,7823,2026-08-31T21:16:41.151Z,DRD-NOLA,NOLA,79f5b39e-d314-4ad3-8050-3ace553d67de,SAMMS-NOLAv5
202608312116373384,202608311905653787,202608311905652236,85,512,Bronze INV,br_AdmissionAssessmentDimensionFiveSubstanceUse,TASK_COMPLETE,SUCCESS,INFO,744,744,0,,2026-08-31T19:06:18.658Z,2026-08-31T21:16:41.151Z,7823,2026-08-31T21:16:41.151Z,DRD-SF,Springfield,79f5b39e-d314-4ad3-8050-3ace553d67de,SAMMS-SFv5
202608312116373385,202608311905653788,202608311905652236,85,514,Bronze INV,br_AdmissionAssessmentDimensionFiveSubstanceUse,TASK_COMPLETE,SUCCESS,INFO,248,248,0,,2026-08-31T19:06:18.658Z,2026-08-31T21:16:41.151Z,7823,2026-08-31T21:16:41.151Z,ELC,Elizabeth City,79f5b39e-d314-4ad3-8050-3ace553d67de,SAMMS-ElizabethCity
202608312116373386,202608311905653789,202608311905652236,85,515,Bronze INV,br_AdmissionAssessmentDimensionFiveSubstanceUse,TASK_COMPLETE,SUCCESS,INFO,260,260,0,,2026-08-31T19:06:18.658Z,2026-08-31T21:16:41.151Z,7823,2026-08-31T21:16:41.151Z,ET,Elizabethtown,79f5b39e-d314-4ad3-8050-3ace553d67de,SAMMS-Elizabethtown
202608312116373387,202608311905653790,202608311905652236,85,516,Bronze INV,br_AdmissionAssessmentDimensionFiveSubstanceUse,TASK_COMPLETE,SUCCESS,INFO,228,228,0,,2026-08-31T19:06:18.658Z,2026-08-31T21:16:41.151Z,7823,2026-08-31T21:16:41.151Z,FAY,Fayetteville,79f5b39e-d314-4ad3-8050-3ace553d67de,SAMMS-Fayetteville
202608312116373389,202608311905653791,202608311905652236,85,517,Bronze INV,br_AdmissionAssessmentDimensionFiveSubstanceUse,TASK_COMPLETE,SUCCESS,INFO,180,180,0,,2026-08-31T19:06:18.658Z,2026-08-31T21:16:41.151Z,7823,2026-08-31T21:16:41.151Z,FR,Frankfort,79f5b39e-d314-4ad3-8050-3ace553d67de,SAMMS-Frankfort
202608312116373390,202608311905653792,202608311905652236,85,518,Bronze INV,br_AdmissionAssessmentDimensionFiveSubstanceUse,TASK_COMPLETE,SUCCESS,INFO,281,281,0,,2026-08-31T19:06:18.658Z,2026-08-31T21:16:41.151Z,7823,2026-08-31T21:16:41.151Z,FS,Fort Smith,79f5b39e-d314-4ad3-8050-3ace553d67de,SAMMS-FortSmith
202608312116373391,202608311905653793,202608311905652236,85,519,Bronze INV,br_AdmissionAssessmentDimensionFiveSubstanceUse,TASK_COMPLETE,SUCCESS,INFO,682,682,0,,2026-08-31T19:06:18.658Z,2026-08-31T21:16:41.151Z,7823,2026-08-31T21:16:41.151Z,FW,Fort Wayne,79f5b39e-d314-4ad3-8050-3ace553d67de,SAMMS-FortWayne
202608312116373392,202608311905653794,202608311905652236,85,520,Bronze INV,br_AdmissionAssessmentDimensionFiveSubstanceUse,TASK_COMPLETE,SUCCESS,INFO,103,103,0,,2026-08-31T19:06:18.658Z,2026-08-31T21:16:41.151Z,7823,2026-08-31T21:16:41.151Z,GAL,Gaylord,79f5b39e-d314-4ad3-8050-3ace553d67de,SAMMS-Gaylord
202608312116373393,202608311905653795,202608311905652236,85,524,Bronze INV,br_AdmissionAssessmentDimensionFiveSubstanceUse,TASK_COMPLETE,SUCCESS,INFO,618,618,0,,2026-08-31T19:06:18.658Z,2026-08-31T21:16:41.151Z,7823,2026-08-31T21:16:41.151Z,HGT,Hagerstown,79f5b39e-d314-4ad3-8050-3ace553d67de,SAMMS-Hagerstown
202608312116373394,202608311905653796,202608311905652236,85,525,Bronze INV,br_AdmissionAssessmentDimensionFiveSubstanceUse,TASK_COMPLETE,SUCCESS,INFO,471,471,0,,2026-08-31T19:06:18.658Z,2026-08-31T21:16:41.151Z,7823,2026-08-31T21:16:41.151Z,HNT,Huntsville,79f5b39e-d314-4ad3-8050-3ace553d67de,SAMMS-Huntsville
202608312116373395,202608311905653797,202608311905652236,85,526,Bronze INV,br_AdmissionAssessmentDimensionFiveSubstanceUse,TASK_COMPLETE,SUCCESS,INFO,306,306,0,,2026-08-31T19:06:18.658Z,2026-08-31T21:16:41.151Z,7823,2026-08-31T21:16:41.151Z,HS,Hot Springs,79f5b39e-d314-4ad3-8050-3ace553d67de,SAMMS-HotSprings
202608312116373396,202608311905653798,202608311905652236,85,527,Bronze INV,br_AdmissionAssessmentDimensionFiveSubstanceUse,TASK_COMPLETE,SUCCESS,INFO,267,267,0,,2026-08-31T19:06:18.658Z,2026-08-31T21:16:41.151Z,7823,2026-08-31T21:16:41.151Z,JON,Jonesboro,79f5b39e-d314-4ad3-8050-3ace553d67de,SAMMS-Jonesboro
202608312116373397,202608311905653799,202608311905652236,85,529,Bronze INV,br_AdmissionAssessmentDimensionFiveSubstanceUse,TASK_COMPLETE,SUCCESS,INFO,154,154,0,,2026-08-31T19:06:18.658Z,2026-08-31T21:16:41.151Z,7823,2026-08-31T21:16:41.151Z,LAN,Lansing,79f5b39e-d314-4ad3-8050-3ace553d67de,SAMMS-Lansing
202608312116373398,202608311905653800,202608311905652236,85,530,Bronze INV,br_AdmissionAssessmentDimensionFiveSubstanceUse,TASK_COMPLETE,SUCCESS,INFO,429,429,0,,2026-08-31T19:06:18.658Z,2026-08-31T21:16:41.151Z,7823,2026-08-31T21:16:41.151Z,LO,Louisville,79f5b39e-d314-4ad3-8050-3ace553d67de,SAMMS-Louisville
202608312116373399,202608311905653801,202608311905652236,85,531,Bronze INV,br_AdmissionAssessmentDimensionFiveSubstanceUse,TASK_COMPLETE,SUCCESS,INFO,1161,1161,0,,2026-08-31T19:06:18.658Z,2026-08-31T21:16:41.151Z,7823,2026-08-31T21:16:41.151Z,LV1,Cheyenne,79f5b39e-d314-4ad3-8050-3ace553d67de,SAMMS-Cheyenne
202608312116373401,202608311905653802,202608311905652236,85,532,Bronze INV,br_AdmissionAssessmentDimensionFiveSubstanceUse,TASK_COMPLETE,SUCCESS,INFO,928,928,0,,2026-08-31T19:06:18.658Z,2026-08-31T21:16:41.151Z,7823,2026-08-31T21:16:41.151Z,LV2,Desert Inn,79f5b39e-d314-4ad3-8050-3ace553d67de,SAMMS-DesertInn
202608312116373402,202608311905653803,202608311905652236,85,533,Bronze INV,br_AdmissionAssessmentDimensionFiveSubstanceUse,TASK_COMPLETE,SUCCESS,INFO,306,306,0,,2026-08-31T19:06:18.658Z,2026-08-31T21:16:41.151Z,7823,2026-08-31T21:16:41.151Z,LV3,McDaniel,79f5b39e-d314-4ad3-8050-3ace553d67de,SAMMS-McDaniel
202608312116373403,202608311905653804,202608311905652236,85,536,Bronze INV,br_AdmissionAssessmentDimensionFiveSubstanceUse,TASK_COMPLETE,SUCCESS,INFO,269,269,0,,2026-08-31T19:06:18.658Z,2026-08-31T21:16:41.151Z,7823,2026-08-31T21:16:41.151Z,MNRE,Monroe,79f5b39e-d314-4ad3-8050-3ace553d67de,SAMMS-Monroe
202608312116373404,202608311905653805,202608311905652236,85,537,Bronze INV,br_AdmissionAssessmentDimensionFiveSubstanceUse,TASK_COMPLETE,SUCCESS,INFO,120,120,0,,2026-08-31T19:06:18.658Z,2026-08-31T21:16:41.151Z,7823,2026-08-31T21:16:41.151Z,MP,Mt. Pleasant,79f5b39e-d314-4ad3-8050-3ace553d67de,SAMMS-MtPleasant
202608312116373405,202608311905653806,202608311905652236,85,538,Bronze INV,br_AdmissionAssessmentDimensionFiveSubstanceUse,TASK_COMPLETE,SUCCESS,INFO,173,173,0,,2026-08-31T19:06:18.658Z,2026-08-31T21:16:41.151Z,7823,2026-08-31T21:16:41.151Z,MRD,Meridian,79f5b39e-d314-4ad3-8050-3ace553d67de,SAMMS-Meridian
202608312116373406,202608311905653807,202608311905652236,85,543,Bronze INV,br_AdmissionAssessmentDimensionFiveSubstanceUse,TASK_COMPLETE,SUCCESS,INFO,631,631,0,,2026-08-31T19:06:18.658Z,2026-08-31T21:16:41.151Z,7823,2026-08-31T21:16:41.151Z,NC,North Charleston,79f5b39e-d314-4ad3-8050-3ace553d67de,SAMMS-NorthCharleston
202608312116373407,202608311905653808,202608311905652236,85,544,Bronze INV,br_AdmissionAssessmentDimensionFiveSubstanceUse,TASK_COMPLETE,SUCCESS,INFO,571,571,0,,2026-08-31T19:06:18.658Z,2026-08-31T21:16:41.151Z,7823,2026-08-31T21:16:41.151Z,NLR,N. Little Rock,79f5b39e-d314-4ad3-8050-3ace553d67de,SAMMS-NLROBOT
202608312116373408,202608311905653809,202608311905652236,85,545,Bronze INV,br_AdmissionAssessmentDimensionFiveSubstanceUse,TASK_COMPLETE,SUCCESS,INFO,232,232,0,,2026-08-31T19:06:18.658Z,2026-08-31T21:16:41.151Z,7823,2026-08-31T21:16:41.151Z,PH,Phoenix,79f5b39e-d314-4ad3-8050-3ace553d67de,SAMMS-Phoenix
202608312116373409,202608311905653810,202608311905652236,85,549,Bronze INV,br_AdmissionAssessmentDimensionFiveSubstanceUse,TASK_COMPLETE,SUCCESS,INFO,406,406,0,,2026-08-31T19:06:18.658Z,2026-08-31T21:16:41.151Z,7823,2026-08-31T21:16:41.151Z,RE,Reno,79f5b39e-d314-4ad3-8050-3ace553d67de,SAMMS-Reno
202608312116373410,202608311905653811,202608311905652236,85,550,Bronze INV,br_AdmissionAssessmentDimensionFiveSubstanceUse,TASK_COMPLETE,SUCCESS,INFO,386,386,0,,2026-08-31T19:06:18.658Z,2026-08-31T21:16:41.151Z,7823,2026-08-31T21:16:41.151Z,RMD,Richmond,79f5b39e-d314-4ad3-8050-3ace553d67de,SAMMS-Richmond
202608312116373411,202608311905653812,202608311905652236,85,551,Bronze INV,br_AdmissionAssessmentDimensionFiveSubstanceUse,TASK_COMPLETE,SUCCESS,INFO,485,485,0,,2026-08-31T19:06:18.658Z,2026-08-31T21:16:41.151Z,7823,2026-08-31T21:16:41.151Z,SFN,Springfield North,79f5b39e-d314-4ad3-8050-3ace553d67de,SAMMS-SFNv5
202608312116373413,202608311905653813,202608311905652236,85,552,Bronze INV,br_AdmissionAssessmentDimensionFiveSubstanceUse,TASK_COMPLETE,SUCCESS,INFO,445,445,0,,2026-08-31T19:06:18.658Z,2026-08-31T21:16:41.151Z,7823,2026-08-31T21:16:41.151Z,SHP,Shreveport,79f5b39e-d314-4ad3-8050-3ace553d67de,SAMMS-Shreveport
202608312116373414,202608311905653814,202608311905652236,85,554,Bronze INV,br_AdmissionAssessmentDimensionFiveSubstanceUse,TASK_COMPLETE,SUCCESS,INFO,80,80,0,,2026-08-31T19:06:18.658Z,2026-08-31T21:16:41.151Z,7823,2026-08-31T21:16:41.151Z,STN,Staunton,79f5b39e-d314-4ad3-8050-3ace553d67de,SAMMS-Staunton
202608312116373415,202608311905653815,202608311905652236,85,555,Bronze INV,br_AdmissionAssessmentDimensionFiveSubstanceUse,TASK_COMPLETE,SUCCESS,INFO,52,52,0,,2026-08-31T19:06:18.658Z,2026-08-31T21:16:41.151Z,7823,2026-08-31T21:16:41.151Z,STVN,Stevenson,79f5b39e-d314-4ad3-8050-3ace553d67de,SAMMS-Stevenson
202608312116373416,202608311905653816,202608311905652236,85,557,Bronze INV,br_AdmissionAssessmentDimensionFiveSubstanceUse,TASK_COMPLETE,SUCCESS,INFO,70,70,0,,2026-08-31T19:06:18.658Z,2026-08-31T21:16:41.151Z,7823,2026-08-31T21:16:41.151Z,TE,Tempe,79f5b39e-d314-4ad3-8050-3ace553d67de,SAMMS-Tempe
202608312116373417,202608311905653817,202608311905652236,85,558,Bronze INV,br_AdmissionAssessmentDimensionFiveSubstanceUse,TASK_COMPLETE,SUCCESS,INFO,367,367,0,,2026-08-31T19:06:18.658Z,2026-08-31T21:16:41.151Z,7823,2026-08-31T21:16:41.151Z,TEX,Texarkana,79f5b39e-d314-4ad3-8050-3ace553d67de,SAMMS-Texarkana
202608312116373418,202608311905653818,202608311905652236,85,559,Bronze INV,br_AdmissionAssessmentDimensionFiveSubstanceUse,TASK_COMPLETE,SUCCESS,INFO,418,418,0,,2026-08-31T19:06:18.658Z,2026-08-31T21:16:41.151Z,7823,2026-08-31T21:16:41.151Z,TTCA,Bessemer,79f5b39e-d314-4ad3-8050-3ace553d67de,SAMMS-BessemerV5
202608312116373419,202608311905653819,202608311905652236,85,560,Bronze INV,br_AdmissionAssessmentDimensionFiveSubstanceUse,TASK_COMPLETE,SUCCESS,INFO,549,549,0,,2026-08-31T19:06:18.658Z,2026-08-31T21:16:41.151Z,7823,2026-08-31T21:16:41.151Z,TTCB,Cullman,79f5b39e-d314-4ad3-8050-3ace553d67de,SAMMS-CullmanV5
202608312116373420,202608311905653820,202608311905652236,85,561,Bronze INV,br_AdmissionAssessmentDimensionFiveSubstanceUse,TASK_COMPLETE,SUCCESS,INFO,297,297,0,,2026-08-31T19:06:18.658Z,2026-08-31T21:16:41.151Z,7823,2026-08-31T21:16:41.151Z,TTCC,Grand Bay,79f5b39e-d314-4ad3-8050-3ace553d67de,SAMMS-GrandBay
202608312116373421,202608311905653821,202608311905652236,85,562,Bronze INV,br_AdmissionAssessmentDimensionFiveSubstanceUse,TASK_COMPLETE,SUCCESS,INFO,22,22,0,,2026-08-31T19:06:18.658Z,2026-08-31T21:16:41.151Z,7823,2026-08-31T21:16:41.151Z,TU,Tucson,79f5b39e-d314-4ad3-8050-3ace553d67de,SAMMS-Tucson
202608312116373423,202608311905653822,202608311905652236,85,564,Bronze INV,br_AdmissionAssessmentDimensionFiveSubstanceUse,TASK_COMPLETE,SUCCESS,INFO,250,250,0,,2026-08-31T19:06:18.658Z,2026-08-31T21:16:41.151Z,7823,2026-08-31T21:16:41.151Z,V1,Memphis South,79f5b39e-d314-4ad3-8050-3ace553d67de,SAMMS-VCPHCS-I-MemphisV5
202608312116373424,202608311905653823,202608311905652236,85,565,Bronze INV,br_AdmissionAssessmentDimensionFiveSubstanceUse,TASK_COMPLETE,SUCCESS,INFO,692,692,0,,2026-08-31T19:06:18.658Z,2026-08-31T21:16:41.151Z,7823,2026-08-31T21:16:41.151Z,V10,Longmont,79f5b39e-d314-4ad3-8050-3ace553d67de,SAMMS-BoulderV5
202608312116373425,202608311905653824,202608311905652236,85,566,Bronze INV,br_AdmissionAssessmentDimensionFiveSubstanceUse,TASK_COMPLETE,SUCCESS,INFO,1188,1188,0,,2026-08-31T19:06:18.658Z,2026-08-31T21:16:41.151Z,7823,2026-08-31T21:16:41.151Z,V10A,Fort Collins,79f5b39e-d314-4ad3-8050-3ace553d67de,SAMMS-FortCollinsV5
202608312116373426,202608311905653825,202608311905652236,85,567,Bronze INV,br_AdmissionAssessmentDimensionFiveSubstanceUse,TASK_COMPLETE,SUCCESS,INFO,989,989,0,,2026-08-31T19:06:18.658Z,2026-08-31T21:16:41.151Z,7823,2026-08-31T21:16:41.151Z,V11,Westminster,79f5b39e-d314-4ad3-8050-3ace553d67de,SAMMS-VCPHCS-XI-NorthDenverV5
202608312116373427,202608311905653826,202608311905652236,85,568,Bronze INV,br_AdmissionAssessmentDimensionFiveSubstanceUse,TASK_COMPLETE,SUCCESS,INFO,1052,1052,0,,2026-08-31T19:06:18.658Z,2026-08-31T21:16:41.151Z,7823,2026-08-31T21:16:41.151Z,V12,Downtown Denver,79f5b39e-d314-4ad3-8050-3ace553d67de,SAMMS-VCPHCS-XII-DowntownDenverV5
202608312116373428,202608311905653827,202608311905652236,85,569,Bronze INV,br_AdmissionAssessmentDimensionFiveSubstanceUse,TASK_COMPLETE,SUCCESS,INFO,475,475,0,,2026-08-31T19:06:18.658Z,2026-08-31T21:16:41.151Z,7823,2026-08-31T21:16:41.151Z,V12A,Centennial,79f5b39e-d314-4ad3-8050-3ace553d67de,SAMMS-CentennialV5
202608312116373429,202608311905653828,202608311905652236,85,570,Bronze INV,br_AdmissionAssessmentDimensionFiveSubstanceUse,TASK_COMPLETE,SUCCESS,INFO,292,292,0,,2026-08-31T19:06:18.658Z,2026-08-31T21:16:41.151Z,7823,2026-08-31T21:16:41.151Z,V14,Overland Park,79f5b39e-d314-4ad3-8050-3ace553d67de,SAMMS-VCPHCS-XIV-BridgewayV5
202608312116373430,202608311905653829,202608311905652236,85,571,Bronze INV,br_AdmissionAssessmentDimensionFiveSubstanceUse,TASK_COMPLETE,SUCCESS,INFO,566,566,0,,2026-08-31T19:06:18.658Z,2026-08-31T21:16:41.151Z,7823,2026-08-31T21:16:41.151Z,V15,Joplin,79f5b39e-d314-4ad3-8050-3ace553d67de,SAMMS-JoplinV5
202608312116373431,202608311905653830,202608311905652236,85,573,Bronze INV,br_AdmissionAssessmentDimensionFiveSubstanceUse,TASK_COMPLETE,SUCCESS,INFO,472,472,0,,2026-08-31T19:06:18.658Z,2026-08-31T21:16:41.151Z,7823,2026-08-31T21:16:41.151Z,V17,Columbia TN,79f5b39e-d314-4ad3-8050-3ace553d67de,SAMMS-ColumbiaTNv5
202608312116373432,202608311905653831,202608311905652236,85,575,Bronze INV,br_AdmissionAssessmentDimensionFiveSubstanceUse,TASK_COMPLETE,SUCCESS,INFO,414,414,0,,2026-08-31T19:06:18.658Z,2026-08-31T21:16:41.151Z,7823,2026-08-31T21:16:41.151Z,V19,Jackson,79f5b39e-d314-4ad3-8050-3ace553d67de,SAMMS-JacksonV5
202608312116373434,202608311905653832,202608311905652236,85,577,Bronze INV,br_AdmissionAssessmentDimensionFiveSubstanceUse,TASK_COMPLETE,SUCCESS,INFO,480,480,0,,2026-08-31T19:06:18.658Z,2026-08-31T21:16:41.151Z,7823,2026-08-31T21:16:41.151Z,V20,Paris,79f5b39e-d314-4ad3-8050-3ace553d67de,SAMMS-ParisV5
202608312116373435,202608311905653833,202608311905652236,85,578,Bronze INV,br_AdmissionAssessmentDimensionFiveSubstanceUse,TASK_COMPLETE,SUCCESS,INFO,354,354,0,,2026-08-31T19:06:18.658Z,2026-08-31T21:16:41.151Z,7823,2026-08-31T21:16:41.151Z,V21,Memphis North,79f5b39e-d314-4ad3-8050-3ace553d67de,SAMMS-RaleighV5
202608312116373436,202608311905653834,202608311905652236,85,581,Bronze INV,br_AdmissionAssessmentDimensionFiveSubstanceUse,TASK_COMPLETE,SUCCESS,INFO,698,698,0,,2026-08-31T19:06:18.658Z,2026-08-31T21:16:41.151Z,7823,2026-08-31T21:16:41.151Z,V5,West Bank,79f5b39e-d314-4ad3-8050-3ace553d67de,SAMMS-NONTCv5
202608312116373437,202608311905653835,202608311905652236,85,583,Bronze INV,br_AdmissionAssessmentDimensionFiveSubstanceUse,TASK_COMPLETE,SUCCESS,INFO,252,252,0,,2026-08-31T19:06:18.658Z,2026-08-31T21:16:41.151Z,7823,2026-08-31T21:16:41.151Z,V5B,Houma,79f5b39e-d314-4ad3-8050-3ace553d67de,SAMMS-HoumaV6
202608312116373438,202608311905653836,202608311905652236,85,584,Bronze INV,br_AdmissionAssessmentDimensionFiveSubstanceUse,TASK_COMPLETE,SUCCESS,INFO,951,951,0,,2026-08-31T19:06:18.658Z,2026-08-31T21:16:41.151Z,7823,2026-08-31T21:16:41.151Z,V6,Lake Charles,79f5b39e-d314-4ad3-8050-3ace553d67de,SAMMS-LCv5
202608312116373439,202608311905653837,202608311905652236,85,586,Bronze INV,br_AdmissionAssessmentDimensionFiveSubstanceUse,TASK_COMPLETE,SUCCESS,INFO,564,564,0,,2026-08-31T19:06:18.658Z,2026-08-31T21:16:41.151Z,7823,2026-08-31T21:16:41.151Z,V8,Memphis Midtown,79f5b39e-d314-4ad3-8050-3ace553d67de,SAMMS-VCPHCS-VIII-MemphisV5
202608312116373440,202608311905653838,202608311905652236,85,587,Bronze INV,br_AdmissionAssessmentDimensionFiveSubstanceUse,TASK_COMPLETE,SUCCESS,INFO,1567,1567,0,,2026-08-31T19:06:18.658Z,2026-08-31T21:16:41.151Z,7823,2026-08-31T21:16:41.151Z,V9,Nashville,79f5b39e-d314-4ad3-8050-3ace553d67de,SAMMS-NashvilleV5
202608312116373441,202608311905653839,202608311905652236,85,588,Bronze INV,br_AdmissionAssessmentDimensionFiveSubstanceUse,TASK_COMPLETE,SUCCESS,INFO,331,331,0,,2026-08-31T19:06:18.658Z,2026-08-31T21:16:41.151Z,7823,2026-08-31T21:16:41.151Z,VBRA,Brainerd,79f5b39e-d314-4ad3-8050-3ace553d67de,SAMMS-BrainerdV6
202608312116373442,202608311905653840,202608311905652236,85,589,Bronze INV,br_AdmissionAssessmentDimensionFiveSubstanceUse,TASK_COMPLETE,SUCCESS,INFO,587,587,0,,2026-08-31T19:06:18.658Z,2026-08-31T21:16:41.151Z,7823,2026-08-31T21:16:41.151Z,VBRP,Brooklyn Park,79f5b39e-d314-4ad3-8050-3ace553d67de,SAMMS-BrooklynParkV6
202608312116373443,202608311905653841,202608311905652236,85,591,Bronze INV,br_AdmissionAssessmentDimensionFiveSubstanceUse,TASK_COMPLETE,SUCCESS,INFO,573,573,0,,2026-08-31T19:06:18.658Z,2026-08-31T21:16:41.151Z,7823,2026-08-31T21:16:41.151Z,VMIN,Minneapolis,79f5b39e-d314-4ad3-8050-3ace553d67de,SAMMS-MinneapolisV6
202608312116373445,202608311905653842,202608311905652236,85,592,Bronze INV,br_AdmissionAssessmentDimensionFiveSubstanceUse,TASK_COMPLETE,SUCCESS,INFO,1057,1057,0,,2026-08-31T19:06:18.658Z,2026-08-31T21:16:41.151Z,7823,2026-08-31T21:16:41.151Z,VWBY,Woodbury,79f5b39e-d314-4ad3-8050-3ace553d67de,SAMMS-WoodburyV6
202608312116373446,202608311905653843,202608311905652236,85,594,Bronze INV,br_AdmissionAssessmentDimensionFiveSubstanceUse,TASK_COMPLETE,SUCCESS,INFO,432,432,0,,2026-08-31T19:06:18.658Z,2026-08-31T21:16:41.151Z,7823,2026-08-31T21:16:41.151Z,WIL,Wilson,79f5b39e-d314-4ad3-8050-3ace553d67de,SAMMS-Wilson
202608312116373447,202608311905653844,202608311905652236,85,966,Bronze INV,br_AdmissionAssessmentDimensionSix,TASK_COMPLETE,SUCCESS,INFO,98,98,0,,2026-08-31T19:06:18.658Z,2026-08-31T21:16:41.151Z,7823,2026-08-31T21:16:41.151Z,AHK,Ahoskie,79f5b39e-d314-4ad3-8050-3ace553d67de,SAMMS-Ahoskie
202608312116373448,202608311905653845,202608311905652236,85,967,Bronze INV,br_AdmissionAssessmentDimensionSix,TASK_COMPLETE,SUCCESS,INFO,794,794,0,,2026-08-31T19:06:18.658Z,2026-08-31T21:16:41.151Z,7823,2026-08-31T21:16:41.151Z,B12B,Colorado Springs,79f5b39e-d314-4ad3-8050-3ace553d67de,SAMMS-ColoradoSpringsV5
202608312116373449,202608311905653846,202608311905652236,85,968,Bronze INV,br_AdmissionAssessmentDimensionSix,TASK_COMPLETE,SUCCESS,INFO,415,415,0,,2026-08-31T19:06:18.658Z,2026-08-31T21:16:41.151Z,7823,2026-08-31T21:16:41.151Z,B24,Paintsville,79f5b39e-d314-4ad3-8050-3ace553d67de,SAMMS-PaintsvilleV5
202608312116373450,202608311905653847,202608311905652236,85,969,Bronze INV,br_AdmissionAssessmentDimensionSix,TASK_COMPLETE,SUCCESS,INFO,171,171,0,,2026-08-31T19:06:18.658Z,2026-08-31T21:16:41.151Z,7823,2026-08-31T21:16:41.151Z,B25,Pikeville,79f5b39e-d314-4ad3-8050-3ace553d67de,SAMMS-PikevilleV5
202608312116373451,202608311905653848,202608311905652236,85,970,Bronze INV,br_AdmissionAssessmentDimensionSix,TASK_COMPLETE,SUCCESS,INFO,493,493,0,,2026-08-31T19:06:18.658Z,2026-08-31T21:16:41.151Z,7823,2026-08-31T21:16:41.151Z,B26,Hazard,79f5b39e-d314-4ad3-8050-3ace553d67de,SAMMS-HazardV5
202608312116373452,202608311905653849,202608311905652236,85,971,Bronze INV,br_AdmissionAssessmentDimensionSix,TASK_COMPLETE,SUCCESS,INFO,190,190,0,,2026-08-31T19:06:18.658Z,2026-08-31T21:16:41.151Z,7823,2026-08-31T21:16:41.151Z,B27,Savannah,79f5b39e-d314-4ad3-8050-3ace553d67de,SAMMS-SavannahV6
202608312116373453,202608311905653850,202608311905652236,85,972,Bronze INV,br_AdmissionAssessmentDimensionSix,TASK_COMPLETE,SUCCESS,INFO,237,237,0,,2026-08-31T19:06:18.658Z,2026-08-31T21:16:41.151Z,7823,2026-08-31T21:16:41.151Z,B28,West Plains,79f5b39e-d314-4ad3-8050-3ace553d67de,SAMMS-WestPlainesV5
202608312116373454,202608311905653851,202608311905652236,85,973,Bronze INV,br_AdmissionAssessmentDimensionSix,TASK_COMPLETE,SUCCESS,INFO,260,260,0,,2026-08-31T19:06:18.658Z,2026-08-31T21:16:41.151Z,7823,2026-08-31T21:16:41.151Z,B29,Poplar Bluff,79f5b39e-d314-4ad3-8050-3ace553d67de,SAMMS-PoplarBluffV5
202608312116373456,202608311905653852,202608311905652236,85,974,Bronze INV,br_AdmissionAssessmentDimensionSix,TASK_COMPLETE,SUCCESS,INFO,140,140,0,,2026-08-31T19:06:18.658Z,2026-08-31T21:16:41.151Z,7823,2026-08-31T21:16:41.151Z,B30,KC North,79f5b39e-d314-4ad3-8050-3ace553d67de,SAMMS-KCNv5
202608312116373457,202608311905653853,202608311905652236,85,975,Bronze INV,br_AdmissionAssessmentDimensionSix,TASK_COMPLETE,SUCCESS,INFO,341,341,0,,2026-08-31T19:06:18.658Z,2026-08-31T21:16:41.151Z,7823,2026-08-31T21:16:41.151Z,B31,Dyersburg,79f5b39e-d314-4ad3-8050-3ace553d67de,SAMMS-DyersburgV5
202608312116373458,202608311905653854,202608311905652236,85,977,Bronze INV,br_AdmissionAssessmentDimensionSix,TASK_COMPLETE,SUCCESS,INFO,213,213,0,,2026-08-31T19:06:18.658Z,2026-08-31T21:16:41.151Z,7823,2026-08-31T21:16:41.151Z,B33,Paducah,79f5b39e-d314-4ad3-8050-3ace553d67de,SAMMS-Paducah
202608312116373459,202608311905653855,202608311905652236,85,978,Bronze INV,br_AdmissionAssessmentDimensionSix,TASK_COMPLETE,SUCCESS,INFO,443,443,0,,2026-08-31T19:06:18.658Z,2026-08-31T21:16:41.151Z,7823,2026-08-31T21:16:41.151Z,B34,Corbin,79f5b39e-d314-4ad3-8050-3ace553d67de,SAMMS-CorbinV5
202608312116373460,202608311905653856,202608311905652236,85,979,Bronze INV,br_AdmissionAssessmentDimensionSix,TASK_COMPLETE,SUCCESS,INFO,712,712,0,,2026-08-31T19:06:18.658Z,2026-08-31T21:16:41.151Z,7823,2026-08-31T21:16:41.151Z,B35,Lexington,79f5b39e-d314-4ad3-8050-3ace553d67de,SAMMS-LexingtonV5
202608312116373461,202608311905653857,202608311905652236,85,980,Bronze INV,br_AdmissionAssessmentDimensionSix,TASK_COMPLETE,SUCCESS,INFO,346,346,0,,2026-08-31T19:06:18.658Z,2026-08-31T21:16:41.151Z,7823,2026-08-31T21:16:41.151Z,B35A,Berea,79f5b39e-d314-4ad3-8050-3ace553d67de,SAMMS-BereaV5
202608312116373462,202608311905653858,202608311905652236,85,981,Bronze INV,br_AdmissionAssessmentDimensionSix,TASK_COMPLETE,SUCCESS,INFO,606,606,0,,2026-08-31T19:06:18.658Z,2026-08-31T21:16:41.151Z,7823,2026-08-31T21:16:41.151Z,B36,Asheville,79f5b39e-d314-4ad3-8050-3ace553d67de,SAMMS-AshevilleV5
202608312116373463,202608311905653859,202608311905652236,85,982,Bronze INV,br_AdmissionAssessmentDimensionSix,TASK_COMPLETE,SUCCESS,INFO,448,448,0,,2026-08-31T19:06:18.658Z,2026-08-31T21:16:41.151Z,7823,2026-08-31T21:16:41.151Z,B37,Clyde,79f5b39e-d314-4ad3-8050-3ace553d67de,SAMMS-ClydeV5
202608312116373464,202608311905653860,202608311905652236,85,983,Bronze INV,br_AdmissionAssessmentDimensionSix,TASK_COMPLETE,SUCCESS,INFO,632,632,0,,2026-08-31T19:06:18.658Z,2026-08-31T21:16:41.151Z,7823,2026-08-31T21:16:41.151Z,B38,Spartanburg,79f5b39e-d314-4ad3-8050-3ace553d67de,SAMMS-SpartanburgV5
202608312116373466,202608311905653861,202608311905652236,85,984,Bronze INV,br_AdmissionAssessmentDimensionSix,TASK_COMPLETE,SUCCESS,INFO,475,475,0,,2026-08-31T19:06:18.658Z,2026-08-31T21:16:41.151Z,7823,2026-08-31T21:16:41.151Z,B39,Aiken,79f5b39e-d314-4ad3-8050-3ace553d67de,SAMMS-AikenV5
202608312116373467,202608311905653862,202608311905652236,85,985,Bronze INV,br_AdmissionAssessmentDimensionSix,TASK_COMPLETE,SUCCESS,INFO,289,289,0,,2026-08-31T19:06:18.658Z,2026-08-31T21:16:41.151Z,7823,2026-08-31T21:16:41.151Z,B41,Chesapeake,79f5b39e-d314-4ad3-8050-3ace553d67de,SAMMS-ChesapeakeV5
202608312116373468,202608311905653863,202608311905652236,85,986,Bronze INV,br_AdmissionAssessmentDimensionSix,TASK_COMPLETE,SUCCESS,INFO,531,531,0,,2026-08-31T19:06:18.658Z,2026-08-31T21:16:41.151Z,7823,2026-08-31T21:16:41.151Z,B42,Virginia Beach,79f5b39e-d314-4ad3-8050-3ace553d67de,SAMMS-VirginiaBeachV5
202608312116373469,202608311905653864,202608311905652236,85,987,Bronze INV,br_AdmissionAssessmentDimensionSix,TASK_COMPLETE,SUCCESS,INFO,162,162,0,,2026-08-31T19:06:18.658Z,2026-08-31T21:16:41.151Z,7823,2026-08-31T21:16:41.151Z,B42A,Newport News,79f5b39e-d314-4ad3-8050-3ace553d67de,SAMMS-NewportNewsV5
202608312116373470,202608311905653865,202608311905652236,85,988,Bronze INV,br_AdmissionAssessmentDimensionSix,TASK_COMPLETE,SUCCESS,INFO,54,54,0,,2026-08-31T19:06:18.658Z,2026-08-31T21:16:41.151Z,7823,2026-08-31T21:16:41.151Z,B42B,Franklin,79f5b39e-d314-4ad3-8050-3ace553d67de,SAMMS-FranklinV5
202608312116373471,202608311905653866,202608311905652236,85,989,Bronze INV,br_AdmissionAssessmentDimensionSix,TASK_COMPLETE,SUCCESS,INFO,334,334,0,,2026-08-31T19:06:18.658Z,2026-08-31T21:16:41.151Z,7823,2026-08-31T21:16:41.151Z,B42C,Glen Allen,79f5b39e-d314-4ad3-8050-3ace553d67de,SAMMS-GlenAllenV5
202608312116373472,202608311905653867,202608311905652236,85,990,Bronze INV,br_AdmissionAssessmentDimensionSix,TASK_COMPLETE,SUCCESS,INFO,168,168,0,,2026-08-31T19:06:18.658Z,2026-08-31T21:16:41.151Z,7823,2026-08-31T21:16:41.151Z,B42D,Chesapeake South,79f5b39e-d314-4ad3-8050-3ace553d67de,SAMMS-ChesapeakeSouthV5
202608312116373473,202608311905653868,202608311905652236,85,991,Bronze INV,br_AdmissionAssessmentDimensionSix,TASK_COMPLETE,SUCCESS,INFO,209,209,0,,2026-08-31T19:06:18.658Z,2026-08-31T21:16:41.151Z,7823,2026-08-31T21:16:41.151Z,B44,Albany,79f5b39e-d314-4ad3-8050-3ace553d67de,SAMMS-AlbanyV5
202608312116373474,202608311905653869,202608311905652236,85,992,Bronze INV,br_AdmissionAssessmentDimensionSix,TASK_COMPLETE,SUCCESS,INFO,306,306,0,,2026-08-31T19:06:18.658Z,2026-08-31T21:16:41.151Z,7823,2026-08-31T21:16:41.151Z,B45,Tifton,79f5b39e-d314-4ad3-8050-3ace553d67de,SAMMS-TiftonV5
202608312116373475,202608311905653870,202608311905652236,85,993,Bronze INV,br_AdmissionAssessmentDimensionSix,TASK_COMPLETE,SUCCESS,INFO,670,670,0,,2026-08-31T19:06:18.658Z,2026-08-31T21:16:41.151Z,7823,2026-08-31T21:16:41.151Z,B46,Washington DC,79f5b39e-d314-4ad3-8050-3ace553d67de,SAMMS-WashingtonDCv5
202609022122571829,202609021903207366,202609021903206075,85,1179,Bronze INV,br_AdmissionAssessmentDimensionThree,TASK_COMPLETE,SUCCESS,INFO,453,453,0,,2026-09-02T19:03:39.838Z,2026-09-02T21:23:00.812Z,8361,2026-09-02T21:23:00.812Z,B48,Tuscaloosa,c49685cc-3281-44bc-a1c2-3be5b1110999,SAMMS-TuscaloosaV5
202609022122571830,202609021903207367,202609021903206075,85,1188,Bronze INV,br_AdmissionAssessmentDimensionThree,TASK_COMPLETE,SUCCESS,INFO,316,316,0,,2026-09-02T19:03:39.838Z,2026-09-02T21:23:00.812Z,8361,2026-09-02T21:23:00.812Z,B51,N. Little Rock (OTP),c49685cc-3281-44bc-a1c2-3be5b1110999,SAMMS-NorthLittleRockV6
202609022122571831,202609021903207368,202609021903206075,85,1189,Bronze INV,br_AdmissionAssessmentDimensionThree,TASK_COMPLETE,SUCCESS,INFO,156,156,0,,2026-09-02T19:03:39.838Z,2026-09-02T21:23:00.812Z,8361,2026-09-02T21:23:00.812Z,B52,Jackson GA,c49685cc-3281-44bc-a1c2-3be5b1110999,SAMMS-JacksonGAV5
202609022122571832,202609021903207369,202609021903206075,85,1190,Bronze INV,br_AdmissionAssessmentDimensionThree,TASK_COMPLETE,SUCCESS,INFO,479,479,0,,2026-09-02T19:03:39.838Z,2026-09-02T21:23:00.812Z,8361,2026-09-02T21:23:00.812Z,B54,Gadsden,c49685cc-3281-44bc-a1c2-3be5b1110999,SAMMS-GadsdenV5
202609022122571833,202609021903207370,202609021903206075,85,1191,Bronze INV,br_AdmissionAssessmentDimensionThree,TASK_COMPLETE,SUCCESS,INFO,485,485,0,,2026-09-02T19:03:39.838Z,2026-09-02T21:23:00.812Z,8361,2026-09-02T21:23:00.812Z,B55,Shoals,c49685cc-3281-44bc-a1c2-3be5b1110999,SAMMS-ShoalsV5
202609022122571834,202609021903207371,202609021903206075,85,1192,Bronze INV,br_AdmissionAssessmentDimensionThree,TASK_COMPLETE,SUCCESS,INFO,180,180,0,,2026-09-02T19:03:39.838Z,2026-09-02T21:23:00.812Z,8361,2026-09-02T21:23:00.812Z,B57,Pawtucket,c49685cc-3281-44bc-a1c2-3be5b1110999,SAMMS-Pawtucket
202609022122571835,202609021903207372,202609021903206075,85,1193,Bronze INV,br_AdmissionAssessmentDimensionThree,TASK_COMPLETE,SUCCESS,INFO,169,169,0,,2026-09-02T19:03:39.838Z,2026-09-02T21:23:00.812Z,8361,2026-09-02T21:23:00.812Z,B57A,Johnston,c49685cc-3281-44bc-a1c2-3be5b1110999,SAMMS-Johnston
202609022122571836,202609021903207373,202609021903206075,85,1194,Bronze INV,br_AdmissionAssessmentDimensionThree,TASK_COMPLETE,SUCCESS,INFO,88,88,0,,2026-09-02T19:03:39.838Z,2026-09-02T21:23:00.812Z,8361,2026-09-02T21:23:00.812Z,B57B,Middletown,c49685cc-3281-44bc-a1c2-3be5b1110999,SAMMS-Middletown
202609022122571837,202609021903207374,202609021903206075,85,1195,Bronze INV,br_AdmissionAssessmentDimensionThree,TASK_COMPLETE,SUCCESS,INFO,178,178,0,,2026-09-02T19:03:39.838Z,2026-09-02T21:23:00.812Z,8361,2026-09-02T21:23:00.812Z,B57C,Providence,c49685cc-3281-44bc-a1c2-3be5b1110999,SAMMS-Providence
202609022122571838,202609021903207375,202609021903206075,85,1196,Bronze INV,br_AdmissionAssessmentDimensionThree,TASK_COMPLETE,SUCCESS,INFO,258,258,0,,2026-09-02T19:03:39.838Z,2026-09-02T21:23:00.812Z,8361,2026-09-02T21:23:00.812Z,B57D,Westerly,c49685cc-3281-44bc-a1c2-3be5b1110999,SAMMS-Westerly
202609022122571839,202609021903207376,202609021903206075,85,1200,Bronze INV,br_AdmissionAssessmentDimensionThree,TASK_COMPLETE,SUCCESS,INFO,365,365,0,,2026-09-02T19:03:39.838Z,2026-09-02T21:23:00.812Z,8361,2026-09-02T21:23:00.812Z,B66A,Bremen,c49685cc-3281-44bc-a1c2-3be5b1110999,SAMMS-Bremen
202609022122571841,202609021903207377,202609021903206075,85,1203,Bronze INV,br_AdmissionAssessmentDimensionThree,TASK_COMPLETE,SUCCESS,INFO,16,16,0,,2026-09-02T19:03:39.838Z,2026-09-02T21:23:00.812Z,8361,2026-09-02T21:23:00.812Z,B72,Mobile (OBOT),c49685cc-3281-44bc-a1c2-3be5b1110999,SAMMS-Mobile-OBOT
202609022122571842,202609021903207378,202609021903206075,85,1204,Bronze INV,br_AdmissionAssessmentDimensionThree,TASK_COMPLETE,SUCCESS,INFO,2,2,0,,2026-09-02T19:03:39.838Z,2026-09-02T21:23:00.812Z,8361,2026-09-02T21:23:00.812Z,B73,Montgomery,c49685cc-3281-44bc-a1c2-3be5b1110999,SAMMS-Montgomery
202609022122571843,202609021903207379,202609021903206075,85,1205,Bronze INV,br_AdmissionAssessmentDimensionThree,TASK_COMPLETE,SUCCESS,INFO,325,325,0,,2026-09-02T19:03:39.838Z,2026-09-02T21:23:00.812Z,8361,2026-09-02T21:23:00.812Z,B75,Lawrence,c49685cc-3281-44bc-a1c2-3be5b1110999,SAMMS-LawrenceV6
202609022122571844,202609021903207380,202609021903206075,85,1206,Bronze INV,br_AdmissionAssessmentDimensionThree,TASK_COMPLETE,SUCCESS,INFO,50,50,0,,2026-09-02T19:03:39.838Z,2026-09-02T21:23:00.812Z,8361,2026-09-02T21:23:00.812Z,B76,Huntsville OBOT,c49685cc-3281-44bc-a1c2-3be5b1110999,SAMMS-Huntsville-OBOT
202609022122571845,202609021903207381,202609021903206075,85,1207,Bronze INV,br_AdmissionAssessmentDimensionThree,TASK_COMPLETE,SUCCESS,INFO,303,303,0,,2026-09-02T19:03:39.838Z,2026-09-02T21:23:00.812Z,8361,2026-09-02T21:23:00.812Z,BAT,Batesville,c49685cc-3281-44bc-a1c2-3be5b1110999,SAMMS-Batesville
202609022122571846,202609021903207382,202609021903206075,85,1208,Bronze INV,br_AdmissionAssessmentDimensionThree,TASK_COMPLETE,SUCCESS,INFO,240,240,0,,2026-09-02T19:03:39.838Z,2026-09-02T21:23:00.812Z,8361,2026-09-02T21:23:00.812Z,BG,Bowling Green,c49685cc-3281-44bc-a1c2-3be5b1110999,SAMMS-BowlingGreen
202609022122571847,202609021903207383,202609021903206075,85,1209,Bronze INV,br_AdmissionAssessmentDimensionThree,TASK_COMPLETE,SUCCESS,INFO,222,222,0,,2026-09-02T19:03:39.838Z,2026-09-02T21:23:00.812Z,8361,2026-09-02T21:23:00.812Z,BOI,Boise,c49685cc-3281-44bc-a1c2-3be5b1110999,SAMMS-Boise
202609022122571848,202609021903207384,202609021903206075,85,1216,Bronze INV,br_AdmissionAssessmentDimensionThree,TASK_COMPLETE,SUCCESS,INFO,286,286,0,,2026-09-02T19:03:39.838Z,2026-09-02T21:23:00.812Z,8361,2026-09-02T21:23:00.812Z,CBCO,Coeur dAlene,c49685cc-3281-44bc-a1c2-3be5b1110999,SAMMS-CoeurdAleneV6
202609022122571849,202609021903207385,202609021903206075,85,1235,Bronze INV,br_AdmissionAssessmentDimensionThree,TASK_COMPLETE,SUCCESS,INFO,306,306,0,,2026-09-02T19:03:39.838Z,2026-09-02T21:23:00.812Z,8361,2026-09-02T21:23:00.812Z,CON,Conway,c49685cc-3281-44bc-a1c2-3be5b1110999,SAMMS-Conway
202609022122571850,202609021903207386,202609021903206075,85,1236,Bronze INV,br_AdmissionAssessmentDimensionThree,TASK_COMPLETE,SUCCESS,INFO,1552,1552,0,,2026-09-02T19:03:39.838Z,2026-09-02T21:23:00.812Z,8361,2026-09-02T21:23:00.812Z,D07,Medical Services Knox TN,c49685cc-3281-44bc-a1c2-3be5b1110999,SAMMS-KnoxvilleV6
202609022122571851,202609021903207387,202609021903206075,85,1237,Bronze INV,br_AdmissionAssessmentDimensionThree,TASK_COMPLETE,SUCCESS,INFO,968,968,0,,2026-09-02T19:03:39.838Z,2026-09-02T21:23:00.812Z,8361,2026-09-02T21:23:00.812Z,D08,Madison,c49685cc-3281-44bc-a1c2-3be5b1110999,SAMMS-MadisonV6
202609022122571853,202609021903207388,202609021903206075,85,1239,Bronze INV,br_AdmissionAssessmentDimensionThree,TASK_COMPLETE,SUCCESS,INFO,942,942,0,,2026-09-02T19:03:39.838Z,2026-09-02T21:23:00.812Z,8361,2026-09-02T21:23:00.812Z,D09,Murfreesboro,c49685cc-3281-44bc-a1c2-3be5b1110999,SAMMS-MurfreesboroV6
202609022122571854,202609021903207389,202609021903206075,85,1240,Bronze INV,br_AdmissionAssessmentDimensionThree,TASK_COMPLETE,SUCCESS,INFO,223,223,0,,2026-09-02T19:03:39.838Z,2026-09-02T21:23:00.812Z,8361,2026-09-02T21:23:00.812Z,DA,Davenport,c49685cc-3281-44bc-a1c2-3be5b1110999,SAMMS-Davenport
202609022122571855,202609021903207390,202609021903206075,85,1241,Bronze INV,br_AdmissionAssessmentDimensionThree,TASK_COMPLETE,SUCCESS,INFO,354,354,0,,2026-09-02T19:03:39.838Z,2026-09-02T21:23:00.812Z,8361,2026-09-02T21:23:00.812Z,DM,Des Moines,c49685cc-3281-44bc-a1c2-3be5b1110999,SAMMS-DesMoines
202609022122571856,202609021903207391,202609021903206075,85,1243,Bronze INV,br_AdmissionAssessmentDimensionThree,TASK_COMPLETE,SUCCESS,INFO,479,479,0,,2026-09-02T19:03:39.838Z,2026-09-02T21:23:00.812Z,8361,2026-09-02T21:23:00.812Z,DRD-CO,Columbia MO,c49685cc-3281-44bc-a1c2-3be5b1110999,SAMMS-ColumbiaV5
202609022122571857,202609021903207392,202609021903206075,85,1244,Bronze INV,br_AdmissionAssessmentDimensionThree,TASK_COMPLETE,SUCCESS,INFO,594,594,0,,2026-09-02T19:03:39.838Z,2026-09-02T21:23:00.812Z,8361,2026-09-02T21:23:00.812Z,DRD-KC,KC,c49685cc-3281-44bc-a1c2-3be5b1110999,SAMMS-KCv5
202609022122571858,202609021903207393,202609021903206075,85,1245,Bronze INV,br_AdmissionAssessmentDimensionThree,TASK_COMPLETE,SUCCESS,INFO,953,953,0,,2026-09-02T19:03:39.838Z,2026-09-02T21:23:00.812Z,8361,2026-09-02T21:23:00.812Z,DRD-KVB,KVB,c49685cc-3281-44bc-a1c2-3be5b1110999,SAMMS-KVBv5
202609022122571859,202609021903207394,202609021903206075,85,1246,Bronze INV,br_AdmissionAssessmentDimensionThree,TASK_COMPLETE,SUCCESS,INFO,1583,1583,0,,2026-09-02T19:03:39.838Z,2026-09-02T21:23:00.812Z,8361,2026-09-02T21:23:00.812Z,DRD-KVC,KVC,c49685cc-3281-44bc-a1c2-3be5b1110999,SAMMS-KVCv5
202609022122571860,202609021903207395,202609021903206075,85,1247,Bronze INV,br_AdmissionAssessmentDimensionThree,TASK_COMPLETE,SUCCESS,INFO,1257,1257,0,,2026-09-02T19:03:39.838Z,2026-09-02T21:23:00.812Z,8361,2026-09-02T21:23:00.812Z,DRD-NOLA,NOLA,c49685cc-3281-44bc-a1c2-3be5b1110999,SAMMS-NOLAv5
202609022122571861,202609021903207396,202609021903206075,85,1248,Bronze INV,br_AdmissionAssessmentDimensionThree,TASK_COMPLETE,SUCCESS,INFO,752,752,0,,2026-09-02T19:03:39.838Z,2026-09-02T21:23:00.812Z,8361,2026-09-02T21:23:00.812Z,DRD-SF,Springfield,c49685cc-3281-44bc-a1c2-3be5b1110999,SAMMS-SFv5
202609022122571862,202609021903207397,202609021903206075,85,1250,Bronze INV,br_AdmissionAssessmentDimensionThree,TASK_COMPLETE,SUCCESS,INFO,252,252,0,,2026-09-02T19:03:39.838Z,2026-09-02T21:23:00.812Z,8361,2026-09-02T21:23:00.812Z,ELC,Elizabeth City,c49685cc-3281-44bc-a1c2-3be5b1110999,SAMMS-ElizabethCity
202609022122571864,202609021903207398,202609021903206075,85,1251,Bronze INV,br_AdmissionAssessmentDimensionThree,TASK_COMPLETE,SUCCESS,INFO,261,261,0,,2026-09-02T19:03:39.838Z,2026-09-02T21:23:00.812Z,8361,2026-09-02T21:23:00.812Z,ET,Elizabethtown,c49685cc-3281-44bc-a1c2-3be5b1110999,SAMMS-Elizabethtown
202609022122571865,202609021903207399,202609021903206075,85,1252,Bronze INV,br_AdmissionAssessmentDimensionThree,TASK_COMPLETE,SUCCESS,INFO,232,232,0,,2026-09-02T19:03:39.838Z,2026-09-02T21:23:00.812Z,8361,2026-09-02T21:23:00.812Z,FAY,Fayetteville,c49685cc-3281-44bc-a1c2-3be5b1110999,SAMMS-Fayetteville
202609022122571866,202609021903207400,202609021903206075,85,1253,Bronze INV,br_AdmissionAssessmentDimensionThree,TASK_COMPLETE,SUCCESS,INFO,182,182,0,,2026-09-02T19:03:39.838Z,2026-09-02T21:23:00.812Z,8361,2026-09-02T21:23:00.812Z,FR,Frankfort,c49685cc-3281-44bc-a1c2-3be5b1110999,SAMMS-Frankfort
202609022122571867,202609021903207401,202609021903206075,85,1254,Bronze INV,br_AdmissionAssessmentDimensionThree,TASK_COMPLETE,SUCCESS,INFO,282,282,0,,2026-09-02T19:03:39.838Z,2026-09-02T21:23:00.812Z,8361,2026-09-02T21:23:00.812Z,FS,Fort Smith,c49685cc-3281-44bc-a1c2-3be5b1110999,SAMMS-FortSmith
202609022122571868,202609021903207402,202609021903206075,85,1255,Bronze INV,br_AdmissionAssessmentDimensionThree,TASK_COMPLETE,SUCCESS,INFO,685,685,0,,2026-09-02T19:03:39.838Z,2026-09-02T21:23:00.812Z,8361,2026-09-02T21:23:00.812Z,FW,Fort Wayne,c49685cc-3281-44bc-a1c2-3be5b1110999,SAMMS-FortWayne
202609022122571869,202609021903207403,202609021903206075,85,1256,Bronze INV,br_AdmissionAssessmentDimensionThree,TASK_COMPLETE,SUCCESS,INFO,104,104,0,,2026-09-02T19:03:39.838Z,2026-09-02T21:23:00.812Z,8361,2026-09-02T21:23:00.812Z,GAL,Gaylord,c49685cc-3281-44bc-a1c2-3be5b1110999,SAMMS-Gaylord
202609022122571870,202609021903207404,202609021903206075,85,1260,Bronze INV,br_AdmissionAssessmentDimensionThree,TASK_COMPLETE,SUCCESS,INFO,624,624,0,,2026-09-02T19:03:39.838Z,2026-09-02T21:23:00.812Z,8361,2026-09-02T21:23:00.812Z,HGT,Hagerstown,c49685cc-3281-44bc-a1c2-3be5b1110999,SAMMS-Hagerstown
202609022122571871,202609021903207405,202609021903206075,85,1261,Bronze INV,br_AdmissionAssessmentDimensionThree,TASK_COMPLETE,SUCCESS,INFO,487,487,0,,2026-09-02T19:03:39.838Z,2026-09-02T21:23:00.812Z,8361,2026-09-02T21:23:00.812Z,HNT,Huntsville,c49685cc-3281-44bc-a1c2-3be5b1110999,SAMMS-Huntsville
202609022122571872,202609021903207406,202609021903206075,85,1262,Bronze INV,br_AdmissionAssessmentDimensionThree,TASK_COMPLETE,SUCCESS,INFO,312,312,0,,2026-09-02T19:03:39.838Z,2026-09-02T21:23:00.812Z,8361,2026-09-02T21:23:00.812Z,HS,Hot Springs,c49685cc-3281-44bc-a1c2-3be5b1110999,SAMMS-HotSprings
202609022122571873,202609021903207407,202609021903206075,85,1263,Bronze INV,br_AdmissionAssessmentDimensionThree,TASK_COMPLETE,SUCCESS,INFO,268,268,0,,2026-09-02T19:03:39.838Z,2026-09-02T21:23:00.812Z,8361,2026-09-02T21:23:00.812Z,JON,Jonesboro,c49685cc-3281-44bc-a1c2-3be5b1110999,SAMMS-Jonesboro
202609022122571874,202609021903207408,202609021903206075,85,1265,Bronze INV,br_AdmissionAssessmentDimensionThree,TASK_COMPLETE,SUCCESS,INFO,162,162,0,,2026-09-02T19:03:39.838Z,2026-09-02T21:23:00.812Z,8361,2026-09-02T21:23:00.812Z,LAN,Lansing,c49685cc-3281-44bc-a1c2-3be5b1110999,SAMMS-Lansing
202609022122571876,202609021903207409,202609021903206075,85,1266,Bronze INV,br_AdmissionAssessmentDimensionThree,TASK_COMPLETE,SUCCESS,INFO,429,429,0,,2026-09-02T19:03:39.838Z,2026-09-02T21:23:00.812Z,8361,2026-09-02T21:23:00.812Z,LO,Louisville,c49685cc-3281-44bc-a1c2-3be5b1110999,SAMMS-Louisville
202609022122571877,202609021903207410,202609021903206075,85,1267,Bronze INV,br_AdmissionAssessmentDimensionThree,TASK_COMPLETE,SUCCESS,INFO,1178,1178,0,,2026-09-02T19:03:39.838Z,2026-09-02T21:23:00.812Z,8361,2026-09-02T21:23:00.812Z,LV1,Cheyenne,c49685cc-3281-44bc-a1c2-3be5b1110999,SAMMS-Cheyenne
202609022122571878,202609021903207411,202609021903206075,85,1268,Bronze INV,br_AdmissionAssessmentDimensionThree,TASK_COMPLETE,SUCCESS,INFO,938,938,0,,2026-09-02T19:03:39.838Z,2026-09-02T21:23:00.812Z,8361,2026-09-02T21:23:00.812Z,LV2,Desert Inn,c49685cc-3281-44bc-a1c2-3be5b1110999,SAMMS-DesertInn
202609022122571879,202609021903207412,202609021903206075,85,1269,Bronze INV,br_AdmissionAssessmentDimensionThree,TASK_COMPLETE,SUCCESS,INFO,312,312,0,,2026-09-02T19:03:39.838Z,2026-09-02T21:23:00.812Z,8361,2026-09-02T21:23:00.812Z,LV3,McDaniel,c49685cc-3281-44bc-a1c2-3be5b1110999,SAMMS-McDaniel
202609022122571880,202609021903207413,202609021903206075,85,1272,Bronze INV,br_AdmissionAssessmentDimensionThree,TASK_COMPLETE,SUCCESS,INFO,270,270,0,,2026-09-02T19:03:39.838Z,2026-09-02T21:23:00.812Z,8361,2026-09-02T21:23:00.812Z,MNRE,Monroe,c49685cc-3281-44bc-a1c2-3be5b1110999,SAMMS-Monroe
202609022122571881,202609021903207414,202609021903206075,85,1273,Bronze INV,br_AdmissionAssessmentDimensionThree,TASK_COMPLETE,SUCCESS,INFO,126,126,0,,2026-09-02T19:03:39.838Z,2026-09-02T21:23:00.812Z,8361,2026-09-02T21:23:00.812Z,MP,Mt. Pleasant,c49685cc-3281-44bc-a1c2-3be5b1110999,SAMMS-MtPleasant
202609022122571882,202609021903207415,202609021903206075,85,1274,Bronze INV,br_AdmissionAssessmentDimensionThree,TASK_COMPLETE,SUCCESS,INFO,174,174,0,,2026-09-02T19:03:39.838Z,2026-09-02T21:23:00.812Z,8361,2026-09-02T21:23:00.812Z,MRD,Meridian,c49685cc-3281-44bc-a1c2-3be5b1110999,SAMMS-Meridian
202609022122571883,202609021903207416,202609021903206075,85,1279,Bronze INV,br_AdmissionAssessmentDimensionThree,TASK_COMPLETE,SUCCESS,INFO,644,644,0,,2026-09-02T19:03:39.838Z,2026-09-02T21:23:00.812Z,8361,2026-09-02T21:23:00.812Z,NC,North Charleston,c49685cc-3281-44bc-a1c2-3be5b1110999,SAMMS-NorthCharleston
202609022122571884,202609021903207417,202609021903206075,85,1280,Bronze INV,br_AdmissionAssessmentDimensionThree,TASK_COMPLETE,SUCCESS,INFO,578,578,0,,2026-09-02T19:03:39.838Z,2026-09-02T21:23:00.812Z,8361,2026-09-02T21:23:00.812Z,NLR,N. Little Rock,c49685cc-3281-44bc-a1c2-3be5b1110999,SAMMS-NLROBOT
202609022122571885,202609021903207418,202609021903206075,85,1281,Bronze INV,br_AdmissionAssessmentDimensionThree,TASK_COMPLETE,SUCCESS,INFO,235,235,0,,2026-09-02T19:03:39.838Z,2026-09-02T21:23:00.812Z,8361,2026-09-02T21:23:00.812Z,PH,Phoenix,c49685cc-3281-44bc-a1c2-3be5b1110999,SAMMS-Phoenix
202609022122571887,202609021903207419,202609021903206075,85,1285,Bronze INV,br_AdmissionAssessmentDimensionThree,TASK_COMPLETE,SUCCESS,INFO,409,409,0,,2026-09-02T19:03:39.838Z,2026-09-02T21:23:00.812Z,8361,2026-09-02T21:23:00.812Z,RE,Reno,c49685cc-3281-44bc-a1c2-3be5b1110999,SAMMS-Reno
202609022122571888,202609021903207420,202609021903206075,85,1286,Bronze INV,br_AdmissionAssessmentDimensionThree,TASK_COMPLETE,SUCCESS,INFO,389,389,0,,2026-09-02T19:03:39.838Z,2026-09-02T21:23:00.812Z,8361,2026-09-02T21:23:00.812Z,RMD,Richmond,c49685cc-3281-44bc-a1c2-3be5b1110999,SAMMS-Richmond
202609022122571889,202609021903207421,202609021903206075,85,1287,Bronze INV,br_AdmissionAssessmentDimensionThree,TASK_COMPLETE,SUCCESS,INFO,491,491,0,,2026-09-02T19:03:39.838Z,2026-09-02T21:23:00.812Z,8361,2026-09-02T21:23:00.812Z,SFN,Springfield North,c49685cc-3281-44bc-a1c2-3be5b1110999,SAMMS-SFNv5
202609022122571890,202609021903207422,202609021903206075,85,1288,Bronze INV,br_AdmissionAssessmentDimensionThree,TASK_COMPLETE,SUCCESS,INFO,450,450,0,,2026-09-02T19:03:39.838Z,2026-09-02T21:23:00.812Z,8361,2026-09-02T21:23:00.812Z,SHP,Shreveport,c49685cc-3281-44bc-a1c2-3be5b1110999,SAMMS-Shreveport
202609022122571891,202609021903207423,202609021903206075,85,1290,Bronze INV,br_AdmissionAssessmentDimensionThree,TASK_COMPLETE,SUCCESS,INFO,81,81,0,,2026-09-02T19:03:39.838Z,2026-09-02T21:23:00.812Z,8361,2026-09-02T21:23:00.812Z,STN,Staunton,c49685cc-3281-44bc-a1c2-3be5b1110999,SAMMS-Staunton
202609022122571892,202609021903207424,202609021903206075,85,1291,Bronze INV,br_AdmissionAssessmentDimensionThree,TASK_COMPLETE,SUCCESS,INFO,53,53,0,,2026-09-02T19:03:39.838Z,2026-09-02T21:23:00.812Z,8361,2026-09-02T21:23:00.812Z,STVN,Stevenson,c49685cc-3281-44bc-a1c2-3be5b1110999,SAMMS-Stevenson
202609022122571893,202609021903207425,202609021903206075,85,1293,Bronze INV,br_AdmissionAssessmentDimensionThree,TASK_COMPLETE,SUCCESS,INFO,70,70,0,,2026-09-02T19:03:39.838Z,2026-09-02T21:23:00.812Z,8361,2026-09-02T21:23:00.812Z,TE,Tempe,c49685cc-3281-44bc-a1c2-3be5b1110999,SAMMS-Tempe
202609022122571894,202609021903207426,202609021903206075,85,1294,Bronze INV,br_AdmissionAssessmentDimensionThree,TASK_COMPLETE,SUCCESS,INFO,369,369,0,,2026-09-02T19:03:39.838Z,2026-09-02T21:23:00.812Z,8361,2026-09-02T21:23:00.812Z,TEX,Texarkana,c49685cc-3281-44bc-a1c2-3be5b1110999,SAMMS-Texarkana
202609022122571895,202609021903207427,202609021903206075,85,1295,Bronze INV,br_AdmissionAssessmentDimensionThree,TASK_COMPLETE,SUCCESS,INFO,428,428,0,,2026-09-02T19:03:39.838Z,2026-09-02T21:23:00.812Z,8361,2026-09-02T21:23:00.812Z,TTCA,Bessemer,c49685cc-3281-44bc-a1c2-3be5b1110999,SAMMS-BessemerV5
202609022122571896,202609021903207428,202609021903206075,85,1296,Bronze INV,br_AdmissionAssessmentDimensionThree,TASK_COMPLETE,SUCCESS,INFO,553,553,0,,2026-09-02T19:03:39.838Z,2026-09-02T21:23:00.812Z,8361,2026-09-02T21:23:00.812Z,TTCB,Cullman,c49685cc-3281-44bc-a1c2-3be5b1110999,SAMMS-CullmanV5
202609022122571897,202609021903207429,202609021903206075,85,1297,Bronze INV,br_AdmissionAssessmentDimensionThree,TASK_COMPLETE,SUCCESS,INFO,309,309,0,,2026-09-02T19:03:39.838Z,2026-09-02T21:23:00.812Z,8361,2026-09-02T21:23:00.812Z,TTCC,Grand Bay,c49685cc-3281-44bc-a1c2-3be5b1110999,SAMMS-GrandBay
202609022122571899,202609021903207430,202609021903206075,85,1298,Bronze INV,br_AdmissionAssessmentDimensionThree,TASK_COMPLETE,SUCCESS,INFO,22,22,0,,2026-09-02T19:03:39.838Z,2026-09-02T21:23:00.812Z,8361,2026-09-02T21:23:00.812Z,TU,Tucson,c49685cc-3281-44bc-a1c2-3be5b1110999,SAMMS-Tucson
202609022122571900,202609021903207431,202609021903206075,85,1300,Bronze INV,br_AdmissionAssessmentDimensionThree,TASK_COMPLETE,SUCCESS,INFO,253,253,0,,2026-09-02T19:03:39.838Z,2026-09-02T21:23:00.812Z,8361,2026-09-02T21:23:00.812Z,V1,Memphis South,c49685cc-3281-44bc-a1c2-3be5b1110999,SAMMS-VCPHCS-I-MemphisV5
202609022122571901,202609021903207432,202609021903206075,85,1301,Bronze INV,br_AdmissionAssessmentDimensionThree,TASK_COMPLETE,SUCCESS,INFO,695,695,0,,2026-09-02T19:03:39.838Z,2026-09-02T21:23:00.812Z,8361,2026-09-02T21:23:00.812Z,V10,Longmont,c49685cc-3281-44bc-a1c2-3be5b1110999,SAMMS-BoulderV5
202609022122571902,202609021903207433,202609021903206075,85,1302,Bronze INV,br_AdmissionAssessmentDimensionThree,TASK_COMPLETE,SUCCESS,INFO,1198,1198,0,,2026-09-02T19:03:39.838Z,2026-09-02T21:23:00.812Z,8361,2026-09-02T21:23:00.812Z,V10A,Fort Collins,c49685cc-3281-44bc-a1c2-3be5b1110999,SAMMS-FortCollinsV5
202609022122571903,202609021903207434,202609021903206075,85,1303,Bronze INV,br_AdmissionAssessmentDimensionThree,TASK_COMPLETE,SUCCESS,INFO,998,998,0,,2026-09-02T19:03:39.838Z,2026-09-02T21:23:00.812Z,8361,2026-09-02T21:23:00.812Z,V11,Westminster,c49685cc-3281-44bc-a1c2-3be5b1110999,SAMMS-VCPHCS-XI-NorthDenverV5
202609022122571904,202609021903207435,202609021903206075,85,1304,Bronze INV,br_AdmissionAssessmentDimensionThree,TASK_COMPLETE,SUCCESS,INFO,1064,1064,0,,2026-09-02T19:03:39.838Z,2026-09-02T21:23:00.812Z,8361,2026-09-02T21:23:00.812Z,V12,Downtown Denver,c49685cc-3281-44bc-a1c2-3be5b1110999,SAMMS-VCPHCS-XII-DowntownDenverV5
202609022122571905,202609021903207436,202609021903206075,85,1305,Bronze INV,br_AdmissionAssessmentDimensionThree,TASK_COMPLETE,SUCCESS,INFO,475,475,0,,2026-09-02T19:03:39.838Z,2026-09-02T21:23:00.812Z,8361,2026-09-02T21:23:00.812Z,V12A,Centennial,c49685cc-3281-44bc-a1c2-3be5b1110999,SAMMS-CentennialV5
202609022122571906,202609021903207437,202609021903206075,85,1306,Bronze INV,br_AdmissionAssessmentDimensionThree,TASK_COMPLETE,SUCCESS,INFO,296,296,0,,2026-09-02T19:03:39.838Z,2026-09-02T21:23:00.812Z,8361,2026-09-02T21:23:00.812Z,V14,Overland Park,c49685cc-3281-44bc-a1c2-3be5b1110999,SAMMS-VCPHCS-XIV-BridgewayV5
202609022122571908,202609021903207438,202609021903206075,85,1307,Bronze INV,br_AdmissionAssessmentDimensionThree,TASK_COMPLETE,SUCCESS,INFO,575,575,0,,2026-09-02T19:03:39.838Z,2026-09-02T21:23:00.812Z,8361,2026-09-02T21:23:00.812Z,V15,Joplin,c49685cc-3281-44bc-a1c2-3be5b1110999,SAMMS-JoplinV5
202609022122571909,202609021903207439,202609021903206075,85,1309,Bronze INV,br_AdmissionAssessmentDimensionThree,TASK_COMPLETE,SUCCESS,INFO,474,474,0,,2026-09-02T19:03:39.838Z,2026-09-02T21:23:00.812Z,8361,2026-09-02T21:23:00.812Z,V17,Columbia TN,c49685cc-3281-44bc-a1c2-3be5b1110999,SAMMS-ColumbiaTNv5
202609022122571910,202609021903207440,202609021903206075,85,1311,Bronze INV,br_AdmissionAssessmentDimensionThree,TASK_COMPLETE,SUCCESS,INFO,420,420,0,,2026-09-02T19:03:39.838Z,2026-09-02T21:23:00.812Z,8361,2026-09-02T21:23:00.812Z,V19,Jackson,c49685cc-3281-44bc-a1c2-3be5b1110999,SAMMS-JacksonV5
202609022122571911,202609021903207441,202609021903206075,85,1313,Bronze INV,br_AdmissionAssessmentDimensionThree,TASK_COMPLETE,SUCCESS,INFO,489,489,0,,2026-09-02T19:03:39.838Z,2026-09-02T21:23:00.812Z,8361,2026-09-02T21:23:00.812Z,V20,Paris,c49685cc-3281-44bc-a1c2-3be5b1110999,SAMMS-ParisV5
202609022122571912,202609021903207442,202609021903206075,85,1314,Bronze INV,br_AdmissionAssessmentDimensionThree,TASK_COMPLETE,SUCCESS,INFO,360,360,0,,2026-09-02T19:03:39.838Z,2026-09-02T21:23:00.812Z,8361,2026-09-02T21:23:00.812Z,V21,Memphis North,c49685cc-3281-44bc-a1c2-3be5b1110999,SAMMS-RaleighV5
202609022122571913,202609021903207443,202609021903206075,85,1317,Bronze INV,br_AdmissionAssessmentDimensionThree,TASK_COMPLETE,SUCCESS,INFO,705,705,0,,2026-09-02T19:03:39.838Z,2026-09-02T21:23:00.812Z,8361,2026-09-02T21:23:00.812Z,V5,West Bank,c49685cc-3281-44bc-a1c2-3be5b1110999,SAMMS-NONTCv5
202609022122571914,202609021903207444,202609021903206075,85,1319,Bronze INV,br_AdmissionAssessmentDimensionThree,TASK_COMPLETE,SUCCESS,INFO,254,254,0,,2026-09-02T19:03:39.838Z,2026-09-02T21:23:00.812Z,8361,2026-09-02T21:23:00.812Z,V5B,Houma,c49685cc-3281-44bc-a1c2-3be5b1110999,SAMMS-HoumaV6
202609022122571915,202609021903207445,202609021903206075,85,1320,Bronze INV,br_AdmissionAssessmentDimensionThree,TASK_COMPLETE,SUCCESS,INFO,958,958,0,,2026-09-02T19:03:39.838Z,2026-09-02T21:23:00.812Z,8361,2026-09-02T21:23:00.812Z,V6,Lake Charles,c49685cc-3281-44bc-a1c2-3be5b1110999,SAMMS-LCv5
202609022122571917,202609021903207446,202609021903206075,85,1322,Bronze INV,br_AdmissionAssessmentDimensionThree,TASK_COMPLETE,SUCCESS,INFO,569,569,0,,2026-09-02T19:03:39.838Z,2026-09-02T21:23:00.812Z,8361,2026-09-02T21:23:00.812Z,V8,Memphis Midtown,c49685cc-3281-44bc-a1c2-3be5b1110999,SAMMS-VCPHCS-VIII-MemphisV5
202609022122571918,202609021903207447,202609021903206075,85,1323,Bronze INV,br_AdmissionAssessmentDimensionThree,TASK_COMPLETE,SUCCESS,INFO,1584,1584,0,,2026-09-02T19:03:39.838Z,2026-09-02T21:23:00.812Z,8361,2026-09-02T21:23:00.812Z,V9,Nashville,c49685cc-3281-44bc-a1c2-3be5b1110999,SAMMS-NashvilleV5
202609022122571919,202609021903207448,202609021903206075,85,1324,Bronze INV,br_AdmissionAssessmentDimensionThree,TASK_COMPLETE,SUCCESS,INFO,332,332,0,,2026-09-02T19:03:39.838Z,2026-09-02T21:23:00.812Z,8361,2026-09-02T21:23:00.812Z,VBRA,Brainerd,c49685cc-3281-44bc-a1c2-3be5b1110999,SAMMS-BrainerdV6
202609022122571920,202609021903207449,202609021903206075,85,1325,Bronze INV,br_AdmissionAssessmentDimensionThree,TASK_COMPLETE,SUCCESS,INFO,593,593,0,,2026-09-02T19:03:39.838Z,2026-09-02T21:23:00.812Z,8361,2026-09-02T21:23:00.812Z,VBRP,Brooklyn Park,c49685cc-3281-44bc-a1c2-3be5b1110999,SAMMS-BrooklynParkV6
202609022122571921,202609021903207450,202609021903206075,85,1327,Bronze INV,br_AdmissionAssessmentDimensionThree,TASK_COMPLETE,SUCCESS,INFO,577,577,0,,2026-09-02T19:03:39.838Z,2026-09-02T21:23:00.812Z,8361,2026-09-02T21:23:00.812Z,VMIN,Minneapolis,c49685cc-3281-44bc-a1c2-3be5b1110999,SAMMS-MinneapolisV6
202609022122571922,202609021903207451,202609021903206075,85,1328,Bronze INV,br_AdmissionAssessmentDimensionThree,TASK_COMPLETE,SUCCESS,INFO,1067,1067,0,,2026-09-02T19:03:39.838Z,2026-09-02T21:23:00.812Z,8361,2026-09-02T21:23:00.812Z,VWBY,Woodbury,c49685cc-3281-44bc-a1c2-3be5b1110999,SAMMS-WoodburyV6
202608292054380224,202608291904435525,202608291904434406,85,923,Bronze INV,br_AdmissionAssessmentDimensionOneDisorder,TASK_COMPLETE,SUCCESS,INFO,56,56,0,,2026-08-29T19:04:49.126Z,2026-08-29T20:54:41.421Z,6592,2026-08-29T20:54:41.421Z,STVN,Stevenson,dd7385f2-fbd4-41a4-afcd-7296aca5e198,SAMMS-Stevenson
202608292054380225,202608291904435526,202608291904434406,85,925,Bronze INV,br_AdmissionAssessmentDimensionOneDisorder,TASK_COMPLETE,SUCCESS,INFO,76,76,0,,2026-08-29T19:04:49.126Z,2026-08-29T20:54:41.421Z,6592,2026-08-29T20:54:41.421Z,TE,Tempe,dd7385f2-fbd4-41a4-afcd-7296aca5e198,SAMMS-Tempe
202608292054380227,202608291904435527,202608291904434406,85,926,Bronze INV,br_AdmissionAssessmentDimensionOneDisorder,TASK_COMPLETE,SUCCESS,INFO,371,371,0,,2026-08-29T19:04:49.126Z,2026-08-29T20:54:41.421Z,6592,2026-08-29T20:54:41.421Z,TEX,Texarkana,dd7385f2-fbd4-41a4-afcd-7296aca5e198,SAMMS-Texarkana
202608292054380228,202608291904435528,202608291904434406,85,927,Bronze INV,br_AdmissionAssessmentDimensionOneDisorder,TASK_COMPLETE,SUCCESS,INFO,454,454,0,,2026-08-29T19:04:49.126Z,2026-08-29T20:54:41.421Z,6592,2026-08-29T20:54:41.421Z,TTCA,Bessemer,dd7385f2-fbd4-41a4-afcd-7296aca5e198,SAMMS-BessemerV5
202608292054380229,202608291904435529,202608291904434406,85,928,Bronze INV,br_AdmissionAssessmentDimensionOneDisorder,TASK_COMPLETE,SUCCESS,INFO,555,555,0,,2026-08-29T19:04:49.126Z,2026-08-29T20:54:41.421Z,6592,2026-08-29T20:54:41.421Z,TTCB,Cullman,dd7385f2-fbd4-41a4-afcd-7296aca5e198,SAMMS-CullmanV5
202608292054380230,202608291904435530,202608291904434406,85,929,Bronze INV,br_AdmissionAssessmentDimensionOneDisorder,TASK_COMPLETE,SUCCESS,INFO,365,365,0,,2026-08-29T19:04:49.126Z,2026-08-29T20:54:41.421Z,6592,2026-08-29T20:54:41.421Z,TTCC,Grand Bay,dd7385f2-fbd4-41a4-afcd-7296aca5e198,SAMMS-GrandBay
202608292054380231,202608291904435531,202608291904434406,85,930,Bronze INV,br_AdmissionAssessmentDimensionOneDisorder,TASK_COMPLETE,SUCCESS,INFO,24,24,0,,2026-08-29T19:04:49.126Z,2026-08-29T20:54:41.421Z,6592,2026-08-29T20:54:41.421Z,TU,Tucson,dd7385f2-fbd4-41a4-afcd-7296aca5e198,SAMMS-Tucson
202608292054380232,202608291904435532,202608291904434406,85,932,Bronze INV,br_AdmissionAssessmentDimensionOneDisorder,TASK_COMPLETE,SUCCESS,INFO,266,266,0,,2026-08-29T19:04:49.126Z,2026-08-29T20:54:41.421Z,6592,2026-08-29T20:54:41.421Z,V1,Memphis South,dd7385f2-fbd4-41a4-afcd-7296aca5e198,SAMMS-VCPHCS-I-MemphisV5
202608292054380234,202608291904435533,202608291904434406,85,933,Bronze INV,br_AdmissionAssessmentDimensionOneDisorder,TASK_COMPLETE,SUCCESS,INFO,708,708,0,,2026-08-29T19:04:49.126Z,2026-08-29T20:54:41.421Z,6592,2026-08-29T20:54:41.421Z,V10,Longmont,dd7385f2-fbd4-41a4-afcd-7296aca5e198,SAMMS-BoulderV5
202608292054380235,202608291904435534,202608291904434406,85,934,Bronze INV,br_AdmissionAssessmentDimensionOneDisorder,TASK_COMPLETE,SUCCESS,INFO,1209,1209,0,,2026-08-29T19:04:49.126Z,2026-08-29T20:54:41.421Z,6592,2026-08-29T20:54:41.421Z,V10A,Fort Collins,dd7385f2-fbd4-41a4-afcd-7296aca5e198,SAMMS-FortCollinsV5
202608292054380236,202608291904435535,202608291904434406,85,935,Bronze INV,br_AdmissionAssessmentDimensionOneDisorder,TASK_COMPLETE,SUCCESS,INFO,1053,1053,0,,2026-08-29T19:04:49.126Z,2026-08-29T20:54:41.421Z,6592,2026-08-29T20:54:41.421Z,V11,Westminster,dd7385f2-fbd4-41a4-afcd-7296aca5e198,SAMMS-VCPHCS-XI-NorthDenverV5
202608292054380237,202608291904435536,202608291904434406,85,936,Bronze INV,br_AdmissionAssessmentDimensionOneDisorder,TASK_COMPLETE,SUCCESS,INFO,1112,1112,0,,2026-08-29T19:04:49.126Z,2026-08-29T20:54:41.421Z,6592,2026-08-29T20:54:41.421Z,V12,Downtown Denver,dd7385f2-fbd4-41a4-afcd-7296aca5e198,SAMMS-VCPHCS-XII-DowntownDenverV5
202608292054380239,202608291904435537,202608291904434406,85,937,Bronze INV,br_AdmissionAssessmentDimensionOneDisorder,TASK_COMPLETE,SUCCESS,INFO,503,503,0,,2026-08-29T19:04:49.126Z,2026-08-29T20:54:41.421Z,6592,2026-08-29T20:54:41.421Z,V12A,Centennial,dd7385f2-fbd4-41a4-afcd-7296aca5e198,SAMMS-CentennialV5
202608292054380240,202608291904435538,202608291904434406,85,938,Bronze INV,br_AdmissionAssessmentDimensionOneDisorder,TASK_COMPLETE,SUCCESS,INFO,315,315,0,,2026-08-29T19:04:49.126Z,2026-08-29T20:54:41.421Z,6592,2026-08-29T20:54:41.421Z,V14,Overland Park,dd7385f2-fbd4-41a4-afcd-7296aca5e198,SAMMS-VCPHCS-XIV-BridgewayV5
202608292054380241,202608291904435539,202608291904434406,85,939,Bronze INV,br_AdmissionAssessmentDimensionOneDisorder,TASK_COMPLETE,SUCCESS,INFO,573,573,0,,2026-08-29T19:04:49.126Z,2026-08-29T20:54:41.421Z,6592,2026-08-29T20:54:41.421Z,V15,Joplin,dd7385f2-fbd4-41a4-afcd-7296aca5e198,SAMMS-JoplinV5
202608292054380243,202608291904435540,202608291904434406,85,941,Bronze INV,br_AdmissionAssessmentDimensionOneDisorder,TASK_COMPLETE,SUCCESS,INFO,490,490,0,,2026-08-29T19:04:49.126Z,2026-08-29T20:54:41.421Z,6592,2026-08-29T20:54:41.421Z,V17,Columbia TN,dd7385f2-fbd4-41a4-afcd-7296aca5e198,SAMMS-ColumbiaTNv5
202608292054380244,202608291904435541,202608291904434406,85,943,Bronze INV,br_AdmissionAssessmentDimensionOneDisorder,TASK_COMPLETE,SUCCESS,INFO,440,440,0,,2026-08-29T19:04:49.126Z,2026-08-29T20:54:41.421Z,6592,2026-08-29T20:54:41.421Z,V19,Jackson,dd7385f2-fbd4-41a4-afcd-7296aca5e198,SAMMS-JacksonV5
202608292054380245,202608291904435542,202608291904434406,85,945,Bronze INV,br_AdmissionAssessmentDimensionOneDisorder,TASK_COMPLETE,SUCCESS,INFO,522,522,0,,2026-08-29T19:04:49.126Z,2026-08-29T20:54:41.421Z,6592,2026-08-29T20:54:41.421Z,V20,Paris,dd7385f2-fbd4-41a4-afcd-7296aca5e198,SAMMS-ParisV5
202608292054380246,202608291904435543,202608291904434406,85,946,Bronze INV,br_AdmissionAssessmentDimensionOneDisorder,TASK_COMPLETE,SUCCESS,INFO,366,366,0,,2026-08-29T19:04:49.126Z,2026-08-29T20:54:41.421Z,6592,2026-08-29T20:54:41.421Z,V21,Memphis North,dd7385f2-fbd4-41a4-afcd-7296aca5e198,SAMMS-RaleighV5
202608292054380247,202608291904435544,202608291904434406,85,949,Bronze INV,br_AdmissionAssessmentDimensionOneDisorder,TASK_COMPLETE,SUCCESS,INFO,724,724,0,,2026-08-29T19:04:49.126Z,2026-08-29T20:54:41.421Z,6592,2026-08-29T20:54:41.421Z,V5,West Bank,dd7385f2-fbd4-41a4-afcd-7296aca5e198,SAMMS-NONTCv5
202608292054380248,202608291904435545,202608291904434406,85,951,Bronze INV,br_AdmissionAssessmentDimensionOneDisorder,TASK_COMPLETE,SUCCESS,INFO,262,262,0,,2026-08-29T19:04:49.126Z,2026-08-29T20:54:41.421Z,6592,2026-08-29T20:54:41.421Z,V5B,Houma,dd7385f2-fbd4-41a4-afcd-7296aca5e198,SAMMS-HoumaV6
202608292054380250,202608291904435546,202608291904434406,85,952,Bronze INV,br_AdmissionAssessmentDimensionOneDisorder,TASK_COMPLETE,SUCCESS,INFO,982,982,0,,2026-08-29T19:04:49.126Z,2026-08-29T20:54:41.421Z,6592,2026-08-29T20:54:41.421Z,V6,Lake Charles,dd7385f2-fbd4-41a4-afcd-7296aca5e198,SAMMS-LCv5
202608292054380251,202608291904435547,202608291904434406,85,954,Bronze INV,br_AdmissionAssessmentDimensionOneDisorder,TASK_COMPLETE,SUCCESS,INFO,582,582,0,,2026-08-29T19:04:49.126Z,2026-08-29T20:54:41.421Z,6592,2026-08-29T20:54:41.421Z,V8,Memphis Midtown,dd7385f2-fbd4-41a4-afcd-7296aca5e198,SAMMS-VCPHCS-VIII-MemphisV5
202608292054380252,202608291904435548,202608291904434406,85,955,Bronze INV,br_AdmissionAssessmentDimensionOneDisorder,TASK_COMPLETE,SUCCESS,INFO,1629,1629,0,,2026-08-29T19:04:49.126Z,2026-08-29T20:54:41.421Z,6592,2026-08-29T20:54:41.421Z,V9,Nashville,dd7385f2-fbd4-41a4-afcd-7296aca5e198,SAMMS-NashvilleV5
202608292054380253,202608291904435549,202608291904434406,85,956,Bronze INV,br_AdmissionAssessmentDimensionOneDisorder,TASK_COMPLETE,SUCCESS,INFO,349,349,0,,2026-08-29T19:04:49.126Z,2026-08-29T20:54:41.421Z,6592,2026-08-29T20:54:41.421Z,VBRA,Brainerd,dd7385f2-fbd4-41a4-afcd-7296aca5e198,SAMMS-BrainerdV6
202608292054380254,202608291904435550,202608291904434406,85,957,Bronze INV,br_AdmissionAssessmentDimensionOneDisorder,TASK_COMPLETE,SUCCESS,INFO,615,615,0,,2026-08-29T19:04:49.126Z,2026-08-29T20:54:41.421Z,6592,2026-08-29T20:54:41.421Z,VBRP,Brooklyn Park,dd7385f2-fbd4-41a4-afcd-7296aca5e198,SAMMS-BrooklynParkV6
202608292054380255,202608291904435551,202608291904434406,85,959,Bronze INV,br_AdmissionAssessmentDimensionOneDisorder,TASK_COMPLETE,SUCCESS,INFO,585,585,0,,2026-08-29T19:04:49.126Z,2026-08-29T20:54:41.421Z,6592,2026-08-29T20:54:41.421Z,VMIN,Minneapolis,dd7385f2-fbd4-41a4-afcd-7296aca5e198,SAMMS-MinneapolisV6
202608292054380256,202608291904435552,202608291904434406,85,960,Bronze INV,br_AdmissionAssessmentDimensionOneDisorder,TASK_COMPLETE,SUCCESS,INFO,1131,1131,0,,2026-08-29T19:04:49.126Z,2026-08-29T20:54:41.421Z,6592,2026-08-29T20:54:41.421Z,VWBY,Woodbury,dd7385f2-fbd4-41a4-afcd-7296aca5e198,SAMMS-WoodburyV6
202608292054380258,202608291904435553,202608291904434406,85,962,Bronze INV,br_AdmissionAssessmentDimensionOneDisorder,TASK_COMPLETE,SUCCESS,INFO,440,440,0,,2026-08-29T19:04:49.126Z,2026-08-29T20:54:41.421Z,6592,2026-08-29T20:54:41.421Z,WIL,Wilson,dd7385f2-fbd4-41a4-afcd-7296aca5e198,SAMMS-Wilson
202608292054380259,202608291904435554,202608291904434406,85,1334,Bronze INV,br_AdmissionAssessmentDimensionTwo,TASK_COMPLETE,SUCCESS,INFO,100,100,0,,2026-08-29T19:04:49.126Z,2026-08-29T20:54:41.421Z,6592,2026-08-29T20:54:41.421Z,AHK,Ahoskie,dd7385f2-fbd4-41a4-afcd-7296aca5e198,SAMMS-Ahoskie
202608292054380260,202608291904435555,202608291904434406,85,1335,Bronze INV,br_AdmissionAssessmentDimensionTwo,TASK_COMPLETE,SUCCESS,INFO,789,789,0,,2026-08-29T19:04:49.126Z,2026-08-29T20:54:41.421Z,6592,2026-08-29T20:54:41.421Z,B12B,Colorado Springs,dd7385f2-fbd4-41a4-afcd-7296aca5e198,SAMMS-ColoradoSpringsV5
202608292054380261,202608291904435556,202608291904434406,85,1336,Bronze INV,br_AdmissionAssessmentDimensionTwo,TASK_COMPLETE,SUCCESS,INFO,415,415,0,,2026-08-29T19:04:49.126Z,2026-08-29T20:54:41.421Z,6592,2026-08-29T20:54:41.421Z,B24,Paintsville,dd7385f2-fbd4-41a4-afcd-7296aca5e198,SAMMS-PaintsvilleV5
202608292054380262,202608291904435557,202608291904434406,85,1337,Bronze INV,br_AdmissionAssessmentDimensionTwo,TASK_COMPLETE,SUCCESS,INFO,172,172,0,,2026-08-29T19:04:49.126Z,2026-08-29T20:54:41.421Z,6592,2026-08-29T20:54:41.421Z,B25,Pikeville,dd7385f2-fbd4-41a4-afcd-7296aca5e198,SAMMS-PikevilleV5
202608292054380263,202608291904435558,202608291904434406,85,1338,Bronze INV,br_AdmissionAssessmentDimensionTwo,TASK_COMPLETE,SUCCESS,INFO,496,496,0,,2026-08-29T19:04:49.126Z,2026-08-29T20:54:41.421Z,6592,2026-08-29T20:54:41.421Z,B26,Hazard,dd7385f2-fbd4-41a4-afcd-7296aca5e198,SAMMS-HazardV5
202608292054380264,202608291904435559,202608291904434406,85,1339,Bronze INV,br_AdmissionAssessmentDimensionTwo,TASK_COMPLETE,SUCCESS,INFO,188,188,0,,2026-08-29T19:04:49.126Z,2026-08-29T20:54:41.421Z,6592,2026-08-29T20:54:41.421Z,B27,Savannah,dd7385f2-fbd4-41a4-afcd-7296aca5e198,SAMMS-SavannahV6
202608292054380266,202608291904435560,202608291904434406,85,1340,Bronze INV,br_AdmissionAssessmentDimensionTwo,TASK_COMPLETE,SUCCESS,INFO,234,234,0,,2026-08-29T19:04:49.126Z,2026-08-29T20:54:41.421Z,6592,2026-08-29T20:54:41.421Z,B28,West Plains,dd7385f2-fbd4-41a4-afcd-7296aca5e198,SAMMS-WestPlainesV5
202608292054380267,202608291904435561,202608291904434406,85,1341,Bronze INV,br_AdmissionAssessmentDimensionTwo,TASK_COMPLETE,SUCCESS,INFO,261,261,0,,2026-08-29T19:04:49.126Z,2026-08-29T20:54:41.421Z,6592,2026-08-29T20:54:41.421Z,B29,Poplar Bluff,dd7385f2-fbd4-41a4-afcd-7296aca5e198,SAMMS-PoplarBluffV5
202608292054380268,202608291904435562,202608291904434406,85,1342,Bronze INV,br_AdmissionAssessmentDimensionTwo,TASK_COMPLETE,SUCCESS,INFO,146,146,0,,2026-08-29T19:04:49.126Z,2026-08-29T20:54:41.421Z,6592,2026-08-29T20:54:41.421Z,B30,KC North,dd7385f2-fbd4-41a4-afcd-7296aca5e198,SAMMS-KCNv5
202608292054380269,202608291904435563,202608291904434406,85,1343,Bronze INV,br_AdmissionAssessmentDimensionTwo,TASK_COMPLETE,SUCCESS,INFO,350,350,0,,2026-08-29T19:04:49.126Z,2026-08-29T20:54:41.421Z,6592,2026-08-29T20:54:41.421Z,B31,Dyersburg,dd7385f2-fbd4-41a4-afcd-7296aca5e198,SAMMS-DyersburgV5
202608292054380270,202608291904435564,202608291904434406,85,1345,Bronze INV,br_AdmissionAssessmentDimensionTwo,TASK_COMPLETE,SUCCESS,INFO,213,213,0,,2026-08-29T19:04:49.126Z,2026-08-29T20:54:41.421Z,6592,2026-08-29T20:54:41.421Z,B33,Paducah,dd7385f2-fbd4-41a4-afcd-7296aca5e198,SAMMS-Paducah
202608292054380271,202608291904435565,202608291904434406,85,1346,Bronze INV,br_AdmissionAssessmentDimensionTwo,TASK_COMPLETE,SUCCESS,INFO,449,449,0,,2026-08-29T19:04:49.126Z,2026-08-29T20:54:41.421Z,6592,2026-08-29T20:54:41.421Z,B34,Corbin,dd7385f2-fbd4-41a4-afcd-7296aca5e198,SAMMS-CorbinV5
202608292054380273,202608291904435566,202608291904434406,85,1347,Bronze INV,br_AdmissionAssessmentDimensionTwo,TASK_COMPLETE,SUCCESS,INFO,719,719,0,,2026-08-29T19:04:49.126Z,2026-08-29T20:54:41.421Z,6592,2026-08-29T20:54:41.421Z,B35,Lexington,dd7385f2-fbd4-41a4-afcd-7296aca5e198,SAMMS-LexingtonV5
202608292054380274,202608291904435567,202608291904434406,85,1348,Bronze INV,br_AdmissionAssessmentDimensionTwo,TASK_COMPLETE,SUCCESS,INFO,345,345,0,,2026-08-29T19:04:49.126Z,2026-08-29T20:54:41.421Z,6592,2026-08-29T20:54:41.421Z,B35A,Berea,dd7385f2-fbd4-41a4-afcd-7296aca5e198,SAMMS-BereaV5
202608292054380275,202608291904435568,202608291904434406,85,1349,Bronze INV,br_AdmissionAssessmentDimensionTwo,TASK_COMPLETE,SUCCESS,INFO,611,611,0,,2026-08-29T19:04:49.126Z,2026-08-29T20:54:41.421Z,6592,2026-08-29T20:54:41.421Z,B36,Asheville,dd7385f2-fbd4-41a4-afcd-7296aca5e198,SAMMS-AshevilleV5
202608292054380276,202608291904435569,202608291904434406,85,1350,Bronze INV,br_AdmissionAssessmentDimensionTwo,TASK_COMPLETE,SUCCESS,INFO,453,453,0,,2026-08-29T19:04:49.126Z,2026-08-29T20:54:41.421Z,6592,2026-08-29T20:54:41.421Z,B37,Clyde,dd7385f2-fbd4-41a4-afcd-7296aca5e198,SAMMS-ClydeV5
202608292054380277,202608291904435570,202608291904434406,85,1351,Bronze INV,br_AdmissionAssessmentDimensionTwo,TASK_COMPLETE,SUCCESS,INFO,634,634,0,,2026-08-29T19:04:49.126Z,2026-08-29T20:54:41.421Z,6592,2026-08-29T20:54:41.421Z,B38,Spartanburg,dd7385f2-fbd4-41a4-afcd-7296aca5e198,SAMMS-SpartanburgV5
202608292054380279,202608291904435571,202608291904434406,85,1352,Bronze INV,br_AdmissionAssessmentDimensionTwo,TASK_COMPLETE,SUCCESS,INFO,484,484,0,,2026-08-29T19:04:49.126Z,2026-08-29T20:54:41.421Z,6592,2026-08-29T20:54:41.421Z,B39,Aiken,dd7385f2-fbd4-41a4-afcd-7296aca5e198,SAMMS-AikenV5
202608292054380280,202608291904435572,202608291904434406,85,1353,Bronze INV,br_AdmissionAssessmentDimensionTwo,TASK_COMPLETE,SUCCESS,INFO,301,301,0,,2026-08-29T19:04:49.126Z,2026-08-29T20:54:41.421Z,6592,2026-08-29T20:54:41.421Z,B41,Chesapeake,dd7385f2-fbd4-41a4-afcd-7296aca5e198,SAMMS-ChesapeakeV5
202608292054380281,202608291904435573,202608291904434406,85,1354,Bronze INV,br_AdmissionAssessmentDimensionTwo,TASK_COMPLETE,SUCCESS,INFO,540,540,0,,2026-08-29T19:04:49.126Z,2026-08-29T20:54:41.421Z,6592,2026-08-29T20:54:41.421Z,B42,Virginia Beach,dd7385f2-fbd4-41a4-afcd-7296aca5e198,SAMMS-VirginiaBeachV5
202608292054380282,202608291904435574,202608291904434406,85,1355,Bronze INV,br_AdmissionAssessmentDimensionTwo,TASK_COMPLETE,SUCCESS,INFO,168,168,0,,2026-08-29T19:04:49.126Z,2026-08-29T20:54:41.421Z,6592,2026-08-29T20:54:41.421Z,B42A,Newport News,dd7385f2-fbd4-41a4-afcd-7296aca5e198,SAMMS-NewportNewsV5
202608292054380284,202608291904435575,202608291904434406,85,1356,Bronze INV,br_AdmissionAssessmentDimensionTwo,TASK_COMPLETE,SUCCESS,INFO,57,57,0,,2026-08-29T19:04:49.126Z,2026-08-29T20:54:41.421Z,6592,2026-08-29T20:54:41.421Z,B42B,Franklin,dd7385f2-fbd4-41a4-afcd-7296aca5e198,SAMMS-FranklinV5
202608292054380285,202608291904435576,202608291904434406,85,1357,Bronze INV,br_AdmissionAssessmentDimensionTwo,TASK_COMPLETE,SUCCESS,INFO,340,340,0,,2026-08-29T19:04:49.126Z,2026-08-29T20:54:41.421Z,6592,2026-08-29T20:54:41.421Z,B42C,Glen Allen,dd7385f2-fbd4-41a4-afcd-7296aca5e198,SAMMS-GlenAllenV5
202608292054380286,202608291904435577,202608291904434406,85,1358,Bronze INV,br_AdmissionAssessmentDimensionTwo,TASK_COMPLETE,SUCCESS,INFO,176,176,0,,2026-08-29T19:04:49.126Z,2026-08-29T20:54:41.421Z,6592,2026-08-29T20:54:41.421Z,B42D,Chesapeake South,dd7385f2-fbd4-41a4-afcd-7296aca5e198,SAMMS-ChesapeakeSouthV5
202608292054380287,202608291904435578,202608291904434406,85,1359,Bronze INV,br_AdmissionAssessmentDimensionTwo,TASK_COMPLETE,SUCCESS,INFO,211,211,0,,2026-08-29T19:04:49.126Z,2026-08-29T20:54:41.421Z,6592,2026-08-29T20:54:41.421Z,B44,Albany,dd7385f2-fbd4-41a4-afcd-7296aca5e198,SAMMS-AlbanyV5
202608292054380288,202608291904435579,202608291904434406,85,1360,Bronze INV,br_AdmissionAssessmentDimensionTwo,TASK_COMPLETE,SUCCESS,INFO,306,306,0,,2026-08-29T19:04:49.126Z,2026-08-29T20:54:41.421Z,6592,2026-08-29T20:54:41.421Z,B45,Tifton,dd7385f2-fbd4-41a4-afcd-7296aca5e198,SAMMS-TiftonV5
202608292054380289,202608291904435580,202608291904434406,85,1361,Bronze INV,br_AdmissionAssessmentDimensionTwo,TASK_COMPLETE,SUCCESS,INFO,668,668,0,,2026-08-29T19:04:49.126Z,2026-08-29T20:54:41.421Z,6592,2026-08-29T20:54:41.421Z,B46,Washington DC,dd7385f2-fbd4-41a4-afcd-7296aca5e198,SAMMS-WashingtonDCv5
202608292054380290,202608291904435581,202608291904434406,85,1362,Bronze INV,br_AdmissionAssessmentDimensionTwo,TASK_COMPLETE,SUCCESS,INFO,361,361,0,,2026-08-29T19:04:49.126Z,2026-08-29T20:54:41.421Z,6592,2026-08-29T20:54:41.421Z,B47,Mobile,dd7385f2-fbd4-41a4-afcd-7296aca5e198,SAMMS-MobileV5
202608292054380292,202608291904435582,202608291904434406,85,1363,Bronze INV,br_AdmissionAssessmentDimensionTwo,TASK_COMPLETE,SUCCESS,INFO,452,452,0,,2026-08-29T19:04:49.126Z,2026-08-29T20:54:41.421Z,6592,2026-08-29T20:54:41.421Z,B48,Tuscaloosa,dd7385f2-fbd4-41a4-afcd-7296aca5e198,SAMMS-TuscaloosaV5
202608292054380293,202608291904435583,202608291904434406,85,1372,Bronze INV,br_AdmissionAssessmentDimensionTwo,TASK_COMPLETE,SUCCESS,INFO,315,315,0,,2026-08-29T19:04:49.126Z,2026-08-29T20:54:41.421Z,6592,2026-08-29T20:54:41.421Z,B51,N. Little Rock (OTP),dd7385f2-fbd4-41a4-afcd-7296aca5e198,SAMMS-NorthLittleRockV6
202608292054380294,202608291904435584,202608291904434406,85,1373,Bronze INV,br_AdmissionAssessmentDimensionTwo,TASK_COMPLETE,SUCCESS,INFO,160,160,0,,2026-08-29T19:04:49.126Z,2026-08-29T20:54:41.421Z,6592,2026-08-29T20:54:41.421Z,B52,Jackson GA,dd7385f2-fbd4-41a4-afcd-7296aca5e198,SAMMS-JacksonGAV5
202608292054380295,202608291904435585,202608291904434406,85,1374,Bronze INV,br_AdmissionAssessmentDimensionTwo,TASK_COMPLETE,SUCCESS,INFO,481,481,0,,2026-08-29T19:04:49.126Z,2026-08-29T20:54:41.421Z,6592,2026-08-29T20:54:41.421Z,B54,Gadsden,dd7385f2-fbd4-41a4-afcd-7296aca5e198,SAMMS-GadsdenV5
202608292054380296,202608291904435586,202608291904434406,85,1375,Bronze INV,br_AdmissionAssessmentDimensionTwo,TASK_COMPLETE,SUCCESS,INFO,492,492,0,,2026-08-29T19:04:49.126Z,2026-08-29T20:54:41.421Z,6592,2026-08-29T20:54:41.421Z,B55,Shoals,dd7385f2-fbd4-41a4-afcd-7296aca5e198,SAMMS-ShoalsV5
202608292054380297,202608291904435587,202608291904434406,85,1376,Bronze INV,br_AdmissionAssessmentDimensionTwo,TASK_COMPLETE,SUCCESS,INFO,174,174,0,,2026-08-29T19:04:49.126Z,2026-08-29T20:54:41.421Z,6592,2026-08-29T20:54:41.421Z,B57,Pawtucket,dd7385f2-fbd4-41a4-afcd-7296aca5e198,SAMMS-Pawtucket
202608292054380299,202608291904435588,202608291904434406,85,1377,Bronze INV,br_AdmissionAssessmentDimensionTwo,TASK_COMPLETE,SUCCESS,INFO,172,172,0,,2026-08-29T19:04:49.126Z,2026-08-29T20:54:41.421Z,6592,2026-08-29T20:54:41.421Z,B57A,Johnston,dd7385f2-fbd4-41a4-afcd-7296aca5e198,SAMMS-Johnston
202608292054380300,202608291904435589,202608291904434406,85,1378,Bronze INV,br_AdmissionAssessmentDimensionTwo,TASK_COMPLETE,SUCCESS,INFO,92,92,0,,2026-08-29T19:04:49.126Z,2026-08-29T20:54:41.421Z,6592,2026-08-29T20:54:41.421Z,B57B,Middletown,dd7385f2-fbd4-41a4-afcd-7296aca5e198,SAMMS-Middletown
202608292054380301,202608291904435590,202608291904434406,85,1379,Bronze INV,br_AdmissionAssessmentDimensionTwo,TASK_COMPLETE,SUCCESS,INFO,182,182,0,,2026-08-29T19:04:49.126Z,2026-08-29T20:54:41.421Z,6592,2026-08-29T20:54:41.421Z,B57C,Providence,dd7385f2-fbd4-41a4-afcd-7296aca5e198,SAMMS-Providence
202608292054380302,202608291904435591,202608291904434406,85,1380,Bronze INV,br_AdmissionAssessmentDimensionTwo,TASK_COMPLETE,SUCCESS,INFO,260,260,0,,2026-08-29T19:04:49.126Z,2026-08-29T20:54:41.421Z,6592,2026-08-29T20:54:41.421Z,B57D,Westerly,dd7385f2-fbd4-41a4-afcd-7296aca5e198,SAMMS-Westerly
202608292054380303,202608291904435592,202608291904434406,85,1384,Bronze INV,br_AdmissionAssessmentDimensionTwo,TASK_COMPLETE,SUCCESS,INFO,364,364,0,,2026-08-29T19:04:49.126Z,2026-08-29T20:54:41.421Z,6592,2026-08-29T20:54:41.421Z,B66A,Bremen,dd7385f2-fbd4-41a4-afcd-7296aca5e198,SAMMS-Bremen
202608292054380304,202608291904435593,202608291904434406,85,1387,Bronze INV,br_AdmissionAssessmentDimensionTwo,TASK_COMPLETE,SUCCESS,INFO,16,16,0,,2026-08-29T19:04:49.126Z,2026-08-29T20:54:41.421Z,6592,2026-08-29T20:54:41.421Z,B72,Mobile (OBOT),dd7385f2-fbd4-41a4-afcd-7296aca5e198,SAMMS-Mobile-OBOT
202608292054380305,202608291904435594,202608291904434406,85,1388,Bronze INV,br_AdmissionAssessmentDimensionTwo,TASK_COMPLETE,SUCCESS,INFO,5,5,0,,2026-08-29T19:04:49.126Z,2026-08-29T20:54:41.421Z,6592,2026-08-29T20:54:41.421Z,B73,Montgomery,dd7385f2-fbd4-41a4-afcd-7296aca5e198,SAMMS-Montgomery
202608292054380307,202608291904435595,202608291904434406,85,1389,Bronze INV,br_AdmissionAssessmentDimensionTwo,TASK_COMPLETE,SUCCESS,INFO,323,323,0,,2026-08-29T19:04:49.126Z,2026-08-29T20:54:41.421Z,6592,2026-08-29T20:54:41.421Z,B75,Lawrence,dd7385f2-fbd4-41a4-afcd-7296aca5e198,SAMMS-LawrenceV6
202608292054380308,202608291904435596,202608291904434406,85,1390,Bronze INV,br_AdmissionAssessmentDimensionTwo,TASK_COMPLETE,SUCCESS,INFO,51,51,0,,2026-08-29T19:04:49.126Z,2026-08-29T20:54:41.421Z,6592,2026-08-29T20:54:41.421Z,B76,Huntsville OBOT,dd7385f2-fbd4-41a4-afcd-7296aca5e198,SAMMS-Huntsville-OBOT
202608292054380309,202608291904435597,202608291904434406,85,1391,Bronze INV,br_AdmissionAssessmentDimensionTwo,TASK_COMPLETE,SUCCESS,INFO,302,302,0,,2026-08-29T19:04:49.126Z,2026-08-29T20:54:41.421Z,6592,2026-08-29T20:54:41.421Z,BAT,Batesville,dd7385f2-fbd4-41a4-afcd-7296aca5e198,SAMMS-Batesville
202608292054380310,202608291904435598,202608291904434406,85,1392,Bronze INV,br_AdmissionAssessmentDimensionTwo,TASK_COMPLETE,SUCCESS,INFO,238,238,0,,2026-08-29T19:04:49.126Z,2026-08-29T20:54:41.421Z,6592,2026-08-29T20:54:41.421Z,BG,Bowling Green,dd7385f2-fbd4-41a4-afcd-7296aca5e198,SAMMS-BowlingGreen
202608292054380311,202608291904435599,202608291904434406,85,1393,Bronze INV,br_AdmissionAssessmentDimensionTwo,TASK_COMPLETE,SUCCESS,INFO,222,222,0,,2026-08-29T19:04:49.126Z,2026-08-29T20:54:41.421Z,6592,2026-08-29T20:54:41.421Z,BOI,Boise,dd7385f2-fbd4-41a4-afcd-7296aca5e198,SAMMS-Boise
202608292054380312,202608291904435600,202608291904434406,85,1400,Bronze INV,br_AdmissionAssessmentDimensionTwo,TASK_COMPLETE,SUCCESS,INFO,286,286,0,,2026-08-29T19:04:49.126Z,2026-08-29T20:54:41.421Z,6592,2026-08-29T20:54:41.421Z,CBCO,Coeur dAlene,dd7385f2-fbd4-41a4-afcd-7296aca5e198,SAMMS-CoeurdAleneV6
202608292054380313,202608291904435601,202608291904434406,85,1419,Bronze INV,br_AdmissionAssessmentDimensionTwo,TASK_COMPLETE,SUCCESS,INFO,304,304,0,,2026-08-29T19:04:49.126Z,2026-08-29T20:54:41.421Z,6592,2026-08-29T20:54:41.421Z,CON,Conway,dd7385f2-fbd4-41a4-afcd-7296aca5e198,SAMMS-Conway
202608292054380314,202608291904435602,202608291904434406,85,1420,Bronze INV,br_AdmissionAssessmentDimensionTwo,TASK_COMPLETE,SUCCESS,INFO,1571,1571,0,,2026-08-29T19:04:49.126Z,2026-08-29T20:54:41.421Z,6592,2026-08-29T20:54:41.421Z,D07,Medical Services Knox TN,dd7385f2-fbd4-41a4-afcd-7296aca5e198,SAMMS-KnoxvilleV6
202608292054380316,202608291904435603,202608291904434406,85,1421,Bronze INV,br_AdmissionAssessmentDimensionTwo,TASK_COMPLETE,SUCCESS,INFO,976,976,0,,2026-08-29T19:04:49.126Z,2026-08-29T20:54:41.421Z,6592,2026-08-29T20:54:41.421Z,D08,Madison,dd7385f2-fbd4-41a4-afcd-7296aca5e198,SAMMS-MadisonV6
202608292054380317,202608291904435604,202608291904434406,85,1423,Bronze INV,br_AdmissionAssessmentDimensionTwo,TASK_COMPLETE,SUCCESS,INFO,946,946,0,,2026-08-29T19:04:49.126Z,2026-08-29T20:54:41.421Z,6592,2026-08-29T20:54:41.421Z,D09,Murfreesboro,dd7385f2-fbd4-41a4-afcd-7296aca5e198,SAMMS-MurfreesboroV6
202608292054380318,202608291904435605,202608291904434406,85,1424,Bronze INV,br_AdmissionAssessmentDimensionTwo,TASK_COMPLETE,SUCCESS,INFO,219,219,0,,2026-08-29T19:04:49.126Z,2026-08-29T20:54:41.421Z,6592,2026-08-29T20:54:41.421Z,DA,Davenport,dd7385f2-fbd4-41a4-afcd-7296aca5e198,SAMMS-Davenport
202608292054380319,202608291904435606,202608291904434406,85,1425,Bronze INV,br_AdmissionAssessmentDimensionTwo,TASK_COMPLETE,SUCCESS,INFO,354,354,0,,2026-08-29T19:04:49.126Z,2026-08-29T20:54:41.421Z,6592,2026-08-29T20:54:41.421Z,DM,Des Moines,dd7385f2-fbd4-41a4-afcd-7296aca5e198,SAMMS-DesMoines
202608292054380320,202608291904435607,202608291904434406,85,1427,Bronze INV,br_AdmissionAssessmentDimensionTwo,TASK_COMPLETE,SUCCESS,INFO,479,479,0,,2026-08-29T19:04:49.126Z,2026-08-29T20:54:41.421Z,6592,2026-08-29T20:54:41.421Z,DRD-CO,Columbia MO,dd7385f2-fbd4-41a4-afcd-7296aca5e198,SAMMS-ColumbiaV5
202608292054380321,202608291904435608,202608291904434406,85,1428,Bronze INV,br_AdmissionAssessmentDimensionTwo,TASK_COMPLETE,SUCCESS,INFO,595,595,0,,2026-08-29T19:04:49.126Z,2026-08-29T20:54:41.421Z,6592,2026-08-29T20:54:41.421Z,DRD-KC,KC,dd7385f2-fbd4-41a4-afcd-7296aca5e198,SAMMS-KCv5
202608292054380322,202608291904435609,202608291904434406,85,1429,Bronze INV,br_AdmissionAssessmentDimensionTwo,TASK_COMPLETE,SUCCESS,INFO,951,951,0,,2026-08-29T19:04:49.126Z,2026-08-29T20:54:41.421Z,6592,2026-08-29T20:54:41.421Z,DRD-KVB,KVB,dd7385f2-fbd4-41a4-afcd-7296aca5e198,SAMMS-KVBv5
202608292054380323,202608291904435610,202608291904434406,85,1430,Bronze INV,br_AdmissionAssessmentDimensionTwo,TASK_COMPLETE,SUCCESS,INFO,1577,1577,0,,2026-08-29T19:04:49.126Z,2026-08-29T20:54:41.421Z,6592,2026-08-29T20:54:41.421Z,DRD-KVC,KVC,dd7385f2-fbd4-41a4-afcd-7296aca5e198,SAMMS-KVCv5
202608292054380428,202608291904435697,202608291904434406,85,1179,Bronze INV,br_AdmissionAssessmentDimensionThree,TASK_COMPLETE,SUCCESS,INFO,452,452,0,,2026-08-29T19:04:49.126Z,2026-08-29T20:54:41.421Z,6592,2026-08-29T20:54:41.421Z,B48,Tuscaloosa,dd7385f2-fbd4-41a4-afcd-7296aca5e198,SAMMS-TuscaloosaV5
202608292054380429,202608291904435698,202608291904434406,85,1188,Bronze INV,br_AdmissionAssessmentDimensionThree,TASK_COMPLETE,SUCCESS,INFO,312,312,0,,2026-08-29T19:04:49.126Z,2026-08-29T20:54:41.421Z,6592,2026-08-29T20:54:41.421Z,B51,N. Little Rock (OTP),dd7385f2-fbd4-41a4-afcd-7296aca5e198,SAMMS-NorthLittleRockV6
202608292054380430,202608291904435699,202608291904434406,85,1189,Bronze INV,br_AdmissionAssessmentDimensionThree,TASK_COMPLETE,SUCCESS,INFO,156,156,0,,2026-08-29T19:04:49.126Z,2026-08-29T20:54:41.421Z,6592,2026-08-29T20:54:41.421Z,B52,Jackson GA,dd7385f2-fbd4-41a4-afcd-7296aca5e198,SAMMS-JacksonGAV5
202608292054380432,202608291904435700,202608291904434406,85,1190,Bronze INV,br_AdmissionAssessmentDimensionThree,TASK_COMPLETE,SUCCESS,INFO,473,473,0,,2026-08-29T19:04:49.126Z,2026-08-29T20:54:41.421Z,6592,2026-08-29T20:54:41.421Z,B54,Gadsden,dd7385f2-fbd4-41a4-afcd-7296aca5e198,SAMMS-GadsdenV5
202608292054380433,202608291904435701,202608291904434406,85,1191,Bronze INV,br_AdmissionAssessmentDimensionThree,TASK_COMPLETE,SUCCESS,INFO,485,485,0,,2026-08-29T19:04:49.126Z,2026-08-29T20:54:41.421Z,6592,2026-08-29T20:54:41.421Z,B55,Shoals,dd7385f2-fbd4-41a4-afcd-7296aca5e198,SAMMS-ShoalsV5
202608292054380434,202608291904435702,202608291904434406,85,1192,Bronze INV,br_AdmissionAssessmentDimensionThree,TASK_COMPLETE,SUCCESS,INFO,179,179,0,,2026-08-29T19:04:49.126Z,2026-08-29T20:54:41.421Z,6592,2026-08-29T20:54:41.421Z,B57,Pawtucket,dd7385f2-fbd4-41a4-afcd-7296aca5e198,SAMMS-Pawtucket
202608292054380435,202608291904435703,202608291904434406,85,1193,Bronze INV,br_AdmissionAssessmentDimensionThree,TASK_COMPLETE,SUCCESS,INFO,169,169,0,,2026-08-29T19:04:49.126Z,2026-08-29T20:54:41.421Z,6592,2026-08-29T20:54:41.421Z,B57A,Johnston,dd7385f2-fbd4-41a4-afcd-7296aca5e198,SAMMS-Johnston
202608292054380436,202608291904435704,202608291904434406,85,1194,Bronze INV,br_AdmissionAssessmentDimensionThree,TASK_COMPLETE,SUCCESS,INFO,88,88,0,,2026-08-29T19:04:49.126Z,2026-08-29T20:54:41.421Z,6592,2026-08-29T20:54:41.421Z,B57B,Middletown,dd7385f2-fbd4-41a4-afcd-7296aca5e198,SAMMS-Middletown
202608292054380437,202608291904435705,202608291904434406,85,1195,Bronze INV,br_AdmissionAssessmentDimensionThree,TASK_COMPLETE,SUCCESS,INFO,178,178,0,,2026-08-29T19:04:49.126Z,2026-08-29T20:54:41.421Z,6592,2026-08-29T20:54:41.421Z,B57C,Providence,dd7385f2-fbd4-41a4-afcd-7296aca5e198,SAMMS-Providence
202608292054380438,202608291904435706,202608291904434406,85,1196,Bronze INV,br_AdmissionAssessmentDimensionThree,TASK_COMPLETE,SUCCESS,INFO,257,257,0,,2026-08-29T19:04:49.126Z,2026-08-29T20:54:41.421Z,6592,2026-08-29T20:54:41.421Z,B57D,Westerly,dd7385f2-fbd4-41a4-afcd-7296aca5e198,SAMMS-Westerly
202608292054380440,202608291904435707,202608291904434406,85,1200,Bronze INV,br_AdmissionAssessmentDimensionThree,TASK_COMPLETE,SUCCESS,INFO,364,364,0,,2026-08-29T19:04:49.126Z,2026-08-29T20:54:41.421Z,6592,2026-08-29T20:54:41.421Z,B66A,Bremen,dd7385f2-fbd4-41a4-afcd-7296aca5e198,SAMMS-Bremen
202608292054380441,202608291904435708,202608291904434406,85,1203,Bronze INV,br_AdmissionAssessmentDimensionThree,TASK_COMPLETE,SUCCESS,INFO,16,16,0,,2026-08-29T19:04:49.126Z,2026-08-29T20:54:41.421Z,6592,2026-08-29T20:54:41.421Z,B72,Mobile (OBOT),dd7385f2-fbd4-41a4-afcd-7296aca5e198,SAMMS-Mobile-OBOT
202608292054380442,202608291904435709,202608291904434406,85,1204,Bronze INV,br_AdmissionAssessmentDimensionThree,TASK_COMPLETE,SUCCESS,INFO,2,2,0,,2026-08-29T19:04:49.126Z,2026-08-29T20:54:41.421Z,6592,2026-08-29T20:54:41.421Z,B73,Montgomery,dd7385f2-fbd4-41a4-afcd-7296aca5e198,SAMMS-Montgomery
202608292054380443,202608291904435710,202608291904434406,85,1205,Bronze INV,br_AdmissionAssessmentDimensionThree,TASK_COMPLETE,SUCCESS,INFO,324,324,0,,2026-08-29T19:04:49.126Z,2026-08-29T20:54:41.421Z,6592,2026-08-29T20:54:41.421Z,B75,Lawrence,dd7385f2-fbd4-41a4-afcd-7296aca5e198,SAMMS-LawrenceV6
202608292054380444,202608291904435711,202608291904434406,85,1206,Bronze INV,br_AdmissionAssessmentDimensionThree,TASK_COMPLETE,SUCCESS,INFO,50,50,0,,2026-08-29T19:04:49.126Z,2026-08-29T20:54:41.421Z,6592,2026-08-29T20:54:41.421Z,B76,Huntsville OBOT,dd7385f2-fbd4-41a4-afcd-7296aca5e198,SAMMS-Huntsville-OBOT
202608292054380446,202608291904435712,202608291904434406,85,1207,Bronze INV,br_AdmissionAssessmentDimensionThree,TASK_COMPLETE,SUCCESS,INFO,301,301,0,,2026-08-29T19:04:49.126Z,2026-08-29T20:54:41.421Z,6592,2026-08-29T20:54:41.421Z,BAT,Batesville,dd7385f2-fbd4-41a4-afcd-7296aca5e198,SAMMS-Batesville
202608292054380447,202608291904435713,202608291904434406,85,1208,Bronze INV,br_AdmissionAssessmentDimensionThree,TASK_COMPLETE,SUCCESS,INFO,240,240,0,,2026-08-29T19:04:49.126Z,2026-08-29T20:54:41.421Z,6592,2026-08-29T20:54:41.421Z,BG,Bowling Green,dd7385f2-fbd4-41a4-afcd-7296aca5e198,SAMMS-BowlingGreen
202608292054380448,202608291904435714,202608291904434406,85,1209,Bronze INV,br_AdmissionAssessmentDimensionThree,TASK_COMPLETE,SUCCESS,INFO,221,221,0,,2026-08-29T19:04:49.126Z,2026-08-29T20:54:41.421Z,6592,2026-08-29T20:54:41.421Z,BOI,Boise,dd7385f2-fbd4-41a4-afcd-7296aca5e198,SAMMS-Boise
202608292054380449,202608291904435715,202608291904434406,85,1216,Bronze INV,br_AdmissionAssessmentDimensionThree,TASK_COMPLETE,SUCCESS,INFO,284,284,0,,2026-08-29T19:04:49.126Z,2026-08-29T20:54:41.421Z,6592,2026-08-29T20:54:41.421Z,CBCO,Coeur dAlene,dd7385f2-fbd4-41a4-afcd-7296aca5e198,SAMMS-CoeurdAleneV6
202608292054380450,202608291904435716,202608291904434406,85,1235,Bronze INV,br_AdmissionAssessmentDimensionThree,TASK_COMPLETE,SUCCESS,INFO,304,304,0,,2026-08-29T19:04:49.126Z,2026-08-29T20:54:41.421Z,6592,2026-08-29T20:54:41.421Z,CON,Conway,dd7385f2-fbd4-41a4-afcd-7296aca5e198,SAMMS-Conway
202608292054380451,202608291904435717,202608291904434406,85,1236,Bronze INV,br_AdmissionAssessmentDimensionThree,TASK_COMPLETE,SUCCESS,INFO,1551,1551,0,,2026-08-29T19:04:49.126Z,2026-08-29T20:54:41.421Z,6592,2026-08-29T20:54:41.421Z,D07,Medical Services Knox TN,dd7385f2-fbd4-41a4-afcd-7296aca5e198,SAMMS-KnoxvilleV6
202608292054380452,202608291904435718,202608291904434406,85,1237,Bronze INV,br_AdmissionAssessmentDimensionThree,TASK_COMPLETE,SUCCESS,INFO,966,966,0,,2026-08-29T19:04:49.126Z,2026-08-29T20:54:41.421Z,6592,2026-08-29T20:54:41.421Z,D08,Madison,dd7385f2-fbd4-41a4-afcd-7296aca5e198,SAMMS-MadisonV6
202608292054380454,202608291904435719,202608291904434406,85,1239,Bronze INV,br_AdmissionAssessmentDimensionThree,TASK_COMPLETE,SUCCESS,INFO,940,940,0,,2026-08-29T19:04:49.126Z,2026-08-29T20:54:41.421Z,6592,2026-08-29T20:54:41.421Z,D09,Murfreesboro,dd7385f2-fbd4-41a4-afcd-7296aca5e198,SAMMS-MurfreesboroV6
202608292054380455,202608291904435720,202608291904434406,85,1240,Bronze INV,br_AdmissionAssessmentDimensionThree,TASK_COMPLETE,SUCCESS,INFO,220,220,0,,2026-08-29T19:04:49.126Z,2026-08-29T20:54:41.421Z,6592,2026-08-29T20:54:41.421Z,DA,Davenport,dd7385f2-fbd4-41a4-afcd-7296aca5e198,SAMMS-Davenport
202608292054380456,202608291904435721,202608291904434406,85,1241,Bronze INV,br_AdmissionAssessmentDimensionThree,TASK_COMPLETE,SUCCESS,INFO,353,353,0,,2026-08-29T19:04:49.126Z,2026-08-29T20:54:41.421Z,6592,2026-08-29T20:54:41.421Z,DM,Des Moines,dd7385f2-fbd4-41a4-afcd-7296aca5e198,SAMMS-DesMoines
202608292054380457,202608291904435722,202608291904434406,85,1243,Bronze INV,br_AdmissionAssessmentDimensionThree,TASK_COMPLETE,SUCCESS,INFO,478,478,0,,2026-08-29T19:04:49.126Z,2026-08-29T20:54:41.421Z,6592,2026-08-29T20:54:41.421Z,DRD-CO,Columbia MO,dd7385f2-fbd4-41a4-afcd-7296aca5e198,SAMMS-ColumbiaV5
202608292054380458,202608291904435723,202608291904434406,85,1244,Bronze INV,br_AdmissionAssessmentDimensionThree,TASK_COMPLETE,SUCCESS,INFO,593,593,0,,2026-08-29T19:04:49.126Z,2026-08-29T20:54:41.421Z,6592,2026-08-29T20:54:41.421Z,DRD-KC,KC,dd7385f2-fbd4-41a4-afcd-7296aca5e198,SAMMS-KCv5
202608292054380459,202608291904435724,202608291904434406,85,1245,Bronze INV,br_AdmissionAssessmentDimensionThree,TASK_COMPLETE,SUCCESS,INFO,953,953,0,,2026-08-29T19:04:49.126Z,2026-08-29T20:54:41.421Z,6592,2026-08-29T20:54:41.421Z,DRD-KVB,KVB,dd7385f2-fbd4-41a4-afcd-7296aca5e198,SAMMS-KVBv5
202608292054380461,202608291904435725,202608291904434406,85,1246,Bronze INV,br_AdmissionAssessmentDimensionThree,TASK_COMPLETE,SUCCESS,INFO,1580,1580,0,,2026-08-29T19:04:49.126Z,2026-08-29T20:54:41.421Z,6592,2026-08-29T20:54:41.421Z,DRD-KVC,KVC,dd7385f2-fbd4-41a4-afcd-7296aca5e198,SAMMS-KVCv5
202608292054380462,202608291904435726,202608291904434406,85,1247,Bronze INV,br_AdmissionAssessmentDimensionThree,TASK_COMPLETE,SUCCESS,INFO,1257,1257,0,,2026-08-29T19:04:49.126Z,2026-08-29T20:54:41.421Z,6592,2026-08-29T20:54:41.421Z,DRD-NOLA,NOLA,dd7385f2-fbd4-41a4-afcd-7296aca5e198,SAMMS-NOLAv5
202608292054380463,202608291904435727,202608291904434406,85,1248,Bronze INV,br_AdmissionAssessmentDimensionThree,TASK_COMPLETE,SUCCESS,INFO,746,746,0,,2026-08-29T19:04:49.126Z,2026-08-29T20:54:41.421Z,6592,2026-08-29T20:54:41.421Z,DRD-SF,Springfield,dd7385f2-fbd4-41a4-afcd-7296aca5e198,SAMMS-SFv5
202608292054380464,202608291904435728,202608291904434406,85,1250,Bronze INV,br_AdmissionAssessmentDimensionThree,TASK_COMPLETE,SUCCESS,INFO,252,252,0,,2026-08-29T19:04:49.126Z,2026-08-29T20:54:41.421Z,6592,2026-08-29T20:54:41.421Z,ELC,Elizabeth City,dd7385f2-fbd4-41a4-afcd-7296aca5e198,SAMMS-ElizabethCity
202608292054380465,202608291904435729,202608291904434406,85,1251,Bronze INV,br_AdmissionAssessmentDimensionThree,TASK_COMPLETE,SUCCESS,INFO,261,261,0,,2026-08-29T19:04:49.126Z,2026-08-29T20:54:41.421Z,6592,2026-08-29T20:54:41.421Z,ET,Elizabethtown,dd7385f2-fbd4-41a4-afcd-7296aca5e198,SAMMS-Elizabethtown
202608292054380466,202608291904435730,202608291904434406,85,1252,Bronze INV,br_AdmissionAssessmentDimensionThree,TASK_COMPLETE,SUCCESS,INFO,232,232,0,,2026-08-29T19:04:49.126Z,2026-08-29T20:54:41.421Z,6592,2026-08-29T20:54:41.421Z,FAY,Fayetteville,dd7385f2-fbd4-41a4-afcd-7296aca5e198,SAMMS-Fayetteville
202608292054380467,202608291904435731,202608291904434406,85,1253,Bronze INV,br_AdmissionAssessmentDimensionThree,TASK_COMPLETE,SUCCESS,INFO,182,182,0,,2026-08-29T19:04:49.126Z,2026-08-29T20:54:41.421Z,6592,2026-08-29T20:54:41.421Z,FR,Frankfort,dd7385f2-fbd4-41a4-afcd-7296aca5e198,SAMMS-Frankfort
202608292054380469,202608291904435732,202608291904434406,85,1254,Bronze INV,br_AdmissionAssessmentDimensionThree,TASK_COMPLETE,SUCCESS,INFO,282,282,0,,2026-08-29T19:04:49.126Z,2026-08-29T20:54:41.421Z,6592,2026-08-29T20:54:41.421Z,FS,Fort Smith,dd7385f2-fbd4-41a4-afcd-7296aca5e198,SAMMS-FortSmith
202608292054380470,202608291904435733,202608291904434406,85,1255,Bronze INV,br_AdmissionAssessmentDimensionThree,TASK_COMPLETE,SUCCESS,INFO,683,683,0,,2026-08-29T19:04:49.126Z,2026-08-29T20:54:41.421Z,6592,2026-08-29T20:54:41.421Z,FW,Fort Wayne,dd7385f2-fbd4-41a4-afcd-7296aca5e198,SAMMS-FortWayne
202608292054380471,202608291904435734,202608291904434406,85,1256,Bronze INV,br_AdmissionAssessmentDimensionThree,TASK_COMPLETE,SUCCESS,INFO,104,104,0,,2026-08-29T19:04:49.126Z,2026-08-29T20:54:41.421Z,6592,2026-08-29T20:54:41.421Z,GAL,Gaylord,dd7385f2-fbd4-41a4-afcd-7296aca5e198,SAMMS-Gaylord
202608292054380472,202608291904435735,202608291904434406,85,1260,Bronze INV,br_AdmissionAssessmentDimensionThree,TASK_COMPLETE,SUCCESS,INFO,622,622,0,,2026-08-29T19:04:49.126Z,2026-08-29T20:54:41.421Z,6592,2026-08-29T20:54:41.421Z,HGT,Hagerstown,dd7385f2-fbd4-41a4-afcd-7296aca5e198,SAMMS-Hagerstown
202608292054380473,202608291904435736,202608291904434406,85,1261,Bronze INV,br_AdmissionAssessmentDimensionThree,TASK_COMPLETE,SUCCESS,INFO,477,477,0,,2026-08-29T19:04:49.126Z,2026-08-29T20:54:41.421Z,6592,2026-08-29T20:54:41.421Z,HNT,Huntsville,dd7385f2-fbd4-41a4-afcd-7296aca5e198,SAMMS-Huntsville
202608292054380475,202608291904435737,202608291904434406,85,1262,Bronze INV,br_AdmissionAssessmentDimensionThree,TASK_COMPLETE,SUCCESS,INFO,309,309,0,,2026-08-29T19:04:49.126Z,2026-08-29T20:54:41.421Z,6592,2026-08-29T20:54:41.421Z,HS,Hot Springs,dd7385f2-fbd4-41a4-afcd-7296aca5e198,SAMMS-HotSprings
202608292054380476,202608291904435738,202608291904434406,85,1263,Bronze INV,br_AdmissionAssessmentDimensionThree,TASK_COMPLETE,SUCCESS,INFO,268,268,0,,2026-08-29T19:04:49.126Z,2026-08-29T20:54:41.421Z,6592,2026-08-29T20:54:41.421Z,JON,Jonesboro,dd7385f2-fbd4-41a4-afcd-7296aca5e198,SAMMS-Jonesboro
202608292054380477,202608291904435739,202608291904434406,85,1265,Bronze INV,br_AdmissionAssessmentDimensionThree,TASK_COMPLETE,SUCCESS,INFO,159,159,0,,2026-08-29T19:04:49.126Z,2026-08-29T20:54:41.421Z,6592,2026-08-29T20:54:41.421Z,LAN,Lansing,dd7385f2-fbd4-41a4-afcd-7296aca5e198,SAMMS-Lansing
202608292054380478,202608291904435740,202608291904434406,85,1266,Bronze INV,br_AdmissionAssessmentDimensionThree,TASK_COMPLETE,SUCCESS,INFO,429,429,0,,2026-08-29T19:04:49.126Z,2026-08-29T20:54:41.421Z,6592,2026-08-29T20:54:41.421Z,LO,Louisville,dd7385f2-fbd4-41a4-afcd-7296aca5e198,SAMMS-Louisville
202608292054380479,202608291904435741,202608291904434406,85,1267,Bronze INV,br_AdmissionAssessmentDimensionThree,TASK_COMPLETE,SUCCESS,INFO,1178,1178,0,,2026-08-29T19:04:49.126Z,2026-08-29T20:54:41.421Z,6592,2026-08-29T20:54:41.421Z,LV1,Cheyenne,dd7385f2-fbd4-41a4-afcd-7296aca5e198,SAMMS-Cheyenne
202608292054380480,202608291904435742,202608291904434406,85,1268,Bronze INV,br_AdmissionAssessmentDimensionThree,TASK_COMPLETE,SUCCESS,INFO,938,938,0,,2026-08-29T19:04:49.126Z,2026-08-29T20:54:41.421Z,6592,2026-08-29T20:54:41.421Z,LV2,Desert Inn,dd7385f2-fbd4-41a4-afcd-7296aca5e198,SAMMS-DesertInn
202608292054380482,202608291904435743,202608291904434406,85,1269,Bronze INV,br_AdmissionAssessmentDimensionThree,TASK_COMPLETE,SUCCESS,INFO,312,312,0,,2026-08-29T19:04:49.126Z,2026-08-29T20:54:41.421Z,6592,2026-08-29T20:54:41.421Z,LV3,McDaniel,dd7385f2-fbd4-41a4-afcd-7296aca5e198,SAMMS-McDaniel
202608292054380483,202608291904435744,202608291904434406,85,1272,Bronze INV,br_AdmissionAssessmentDimensionThree,TASK_COMPLETE,SUCCESS,INFO,270,270,0,,2026-08-29T19:04:49.126Z,2026-08-29T20:54:41.421Z,6592,2026-08-29T20:54:41.421Z,MNRE,Monroe,dd7385f2-fbd4-41a4-afcd-7296aca5e198,SAMMS-Monroe
202608292054380484,202608291904435745,202608291904434406,85,1273,Bronze INV,br_AdmissionAssessmentDimensionThree,TASK_COMPLETE,SUCCESS,INFO,124,124,0,,2026-08-29T19:04:49.126Z,2026-08-29T20:54:41.421Z,6592,2026-08-29T20:54:41.421Z,MP,Mt. Pleasant,dd7385f2-fbd4-41a4-afcd-7296aca5e198,SAMMS-MtPleasant
202608292054380485,202608291904435746,202608291904434406,85,1274,Bronze INV,br_AdmissionAssessmentDimensionThree,TASK_COMPLETE,SUCCESS,INFO,173,173,0,,2026-08-29T19:04:49.126Z,2026-08-29T20:54:41.421Z,6592,2026-08-29T20:54:41.421Z,MRD,Meridian,dd7385f2-fbd4-41a4-afcd-7296aca5e198,SAMMS-Meridian
202608292054380486,202608291904435747,202608291904434406,85,1279,Bronze INV,br_AdmissionAssessmentDimensionThree,TASK_COMPLETE,SUCCESS,INFO,639,639,0,,2026-08-29T19:04:49.126Z,2026-08-29T20:54:41.421Z,6592,2026-08-29T20:54:41.421Z,NC,North Charleston,dd7385f2-fbd4-41a4-afcd-7296aca5e198,SAMMS-NorthCharleston
202608292054380487,202608291904435748,202608291904434406,85,1280,Bronze INV,br_AdmissionAssessmentDimensionThree,TASK_COMPLETE,SUCCESS,INFO,576,576,0,,2026-08-29T19:04:49.126Z,2026-08-29T20:54:41.421Z,6592,2026-08-29T20:54:41.421Z,NLR,N. Little Rock,dd7385f2-fbd4-41a4-afcd-7296aca5e198,SAMMS-NLROBOT
202608292054380488,202608291904435749,202608291904434406,85,1281,Bronze INV,br_AdmissionAssessmentDimensionThree,TASK_COMPLETE,SUCCESS,INFO,235,235,0,,2026-08-29T19:04:49.126Z,2026-08-29T20:54:41.421Z,6592,2026-08-29T20:54:41.421Z,PH,Phoenix,dd7385f2-fbd4-41a4-afcd-7296aca5e198,SAMMS-Phoenix
202608292054380490,202608291904435750,202608291904434406,85,1285,Bronze INV,br_AdmissionAssessmentDimensionThree,TASK_COMPLETE,SUCCESS,INFO,409,409,0,,2026-08-29T19:04:49.126Z,2026-08-29T20:54:41.421Z,6592,2026-08-29T20:54:41.421Z,RE,Reno,dd7385f2-fbd4-41a4-afcd-7296aca5e198,SAMMS-Reno
202608292054380491,202608291904435751,202608291904434406,85,1286,Bronze INV,br_AdmissionAssessmentDimensionThree,TASK_COMPLETE,SUCCESS,INFO,389,389,0,,2026-08-29T19:04:49.126Z,2026-08-29T20:54:41.421Z,6592,2026-08-29T20:54:41.421Z,RMD,Richmond,dd7385f2-fbd4-41a4-afcd-7296aca5e198,SAMMS-Richmond
202608292054380492,202608291904435752,202608291904434406,85,1287,Bronze INV,br_AdmissionAssessmentDimensionThree,TASK_COMPLETE,SUCCESS,INFO,488,488,0,,2026-08-29T19:04:49.126Z,2026-08-29T20:54:41.421Z,6592,2026-08-29T20:54:41.421Z,SFN,Springfield North,dd7385f2-fbd4-41a4-afcd-7296aca5e198,SAMMS-SFNv5
202608292054380493,202608291904435753,202608291904434406,85,1288,Bronze INV,br_AdmissionAssessmentDimensionThree,TASK_COMPLETE,SUCCESS,INFO,450,450,0,,2026-08-29T19:04:49.126Z,2026-08-29T20:54:41.421Z,6592,2026-08-29T20:54:41.421Z,SHP,Shreveport,dd7385f2-fbd4-41a4-afcd-7296aca5e198,SAMMS-Shreveport
202608292054380494,202608291904435754,202608291904434406,85,1290,Bronze INV,br_AdmissionAssessmentDimensionThree,TASK_COMPLETE,SUCCESS,INFO,81,81,0,,2026-08-29T19:04:49.126Z,2026-08-29T20:54:41.421Z,6592,2026-08-29T20:54:41.421Z,STN,Staunton,dd7385f2-fbd4-41a4-afcd-7296aca5e198,SAMMS-Staunton
202608292054380495,202608291904435755,202608291904434406,85,1291,Bronze INV,br_AdmissionAssessmentDimensionThree,TASK_COMPLETE,SUCCESS,INFO,53,53,0,,2026-08-29T19:04:49.126Z,2026-08-29T20:54:41.421Z,6592,2026-08-29T20:54:41.421Z,STVN,Stevenson,dd7385f2-fbd4-41a4-afcd-7296aca5e198,SAMMS-Stevenson
202608292054380496,202608291904435756,202608291904434406,85,1293,Bronze INV,br_AdmissionAssessmentDimensionThree,TASK_COMPLETE,SUCCESS,INFO,70,70,0,,2026-08-29T19:04:49.126Z,2026-08-29T20:54:41.421Z,6592,2026-08-29T20:54:41.421Z,TE,Tempe,dd7385f2-fbd4-41a4-afcd-7296aca5e198,SAMMS-Tempe
202608292054380498,202608291904435757,202608291904434406,85,1294,Bronze INV,br_AdmissionAssessmentDimensionThree,TASK_COMPLETE,SUCCESS,INFO,368,368,0,,2026-08-29T19:04:49.126Z,2026-08-29T20:54:41.421Z,6592,2026-08-29T20:54:41.421Z,TEX,Texarkana,dd7385f2-fbd4-41a4-afcd-7296aca5e198,SAMMS-Texarkana
202608292054380499,202608291904435758,202608291904434406,85,1295,Bronze INV,br_AdmissionAssessmentDimensionThree,TASK_COMPLETE,SUCCESS,INFO,426,426,0,,2026-08-29T19:04:49.126Z,2026-08-29T20:54:41.421Z,6592,2026-08-29T20:54:41.421Z,TTCA,Bessemer,dd7385f2-fbd4-41a4-afcd-7296aca5e198,SAMMS-BessemerV5
202608292054380500,202608291904435759,202608291904434406,85,1296,Bronze INV,br_AdmissionAssessmentDimensionThree,TASK_COMPLETE,SUCCESS,INFO,550,550,0,,2026-08-29T19:04:49.126Z,2026-08-29T20:54:41.421Z,6592,2026-08-29T20:54:41.421Z,TTCB,Cullman,dd7385f2-fbd4-41a4-afcd-7296aca5e198,SAMMS-CullmanV5
202608292054380501,202608291904435760,202608291904434406,85,1297,Bronze INV,br_AdmissionAssessmentDimensionThree,TASK_COMPLETE,SUCCESS,INFO,305,305,0,,2026-08-29T19:04:49.126Z,2026-08-29T20:54:41.421Z,6592,2026-08-29T20:54:41.421Z,TTCC,Grand Bay,dd7385f2-fbd4-41a4-afcd-7296aca5e198,SAMMS-GrandBay
202608292054380502,202608291904435761,202608291904434406,85,1298,Bronze INV,br_AdmissionAssessmentDimensionThree,TASK_COMPLETE,SUCCESS,INFO,22,22,0,,2026-08-29T19:04:49.126Z,2026-08-29T20:54:41.421Z,6592,2026-08-29T20:54:41.421Z,TU,Tucson,dd7385f2-fbd4-41a4-afcd-7296aca5e198,SAMMS-Tucson
202608292054380503,202608291904435762,202608291904434406,85,1300,Bronze INV,br_AdmissionAssessmentDimensionThree,TASK_COMPLETE,SUCCESS,INFO,252,252,0,,2026-08-29T19:04:49.126Z,2026-08-29T20:54:41.421Z,6592,2026-08-29T20:54:41.421Z,V1,Memphis South,dd7385f2-fbd4-41a4-afcd-7296aca5e198,SAMMS-VCPHCS-I-MemphisV5
202608292054380504,202608291904435763,202608291904434406,85,1301,Bronze INV,br_AdmissionAssessmentDimensionThree,TASK_COMPLETE,SUCCESS,INFO,693,693,0,,2026-08-29T19:04:49.126Z,2026-08-29T20:54:41.421Z,6592,2026-08-29T20:54:41.421Z,V10,Longmont,dd7385f2-fbd4-41a4-afcd-7296aca5e198,SAMMS-BoulderV5
202608292054380505,202608291904435764,202608291904434406,85,1302,Bronze INV,br_AdmissionAssessmentDimensionThree,TASK_COMPLETE,SUCCESS,INFO,1197,1197,0,,2026-08-29T19:04:49.126Z,2026-08-29T20:54:41.421Z,6592,2026-08-29T20:54:41.421Z,V10A,Fort Collins,dd7385f2-fbd4-41a4-afcd-7296aca5e198,SAMMS-FortCollinsV5
202608292054380507,202608291904435765,202608291904434406,85,1303,Bronze INV,br_AdmissionAssessmentDimensionThree,TASK_COMPLETE,SUCCESS,INFO,995,995,0,,2026-08-29T19:04:49.126Z,2026-08-29T20:54:41.421Z,6592,2026-08-29T20:54:41.421Z,V11,Westminster,dd7385f2-fbd4-41a4-afcd-7296aca5e198,SAMMS-VCPHCS-XI-NorthDenverV5
202608292054380508,202608291904435766,202608291904434406,85,1304,Bronze INV,br_AdmissionAssessmentDimensionThree,TASK_COMPLETE,SUCCESS,INFO,1062,1062,0,,2026-08-29T19:04:49.126Z,2026-08-29T20:54:41.421Z,6592,2026-08-29T20:54:41.421Z,V12,Downtown Denver,dd7385f2-fbd4-41a4-afcd-7296aca5e198,SAMMS-VCPHCS-XII-DowntownDenverV5
202608292054380509,202608291904435767,202608291904434406,85,1305,Bronze INV,br_AdmissionAssessmentDimensionThree,TASK_COMPLETE,SUCCESS,INFO,475,475,0,,2026-08-29T19:04:49.126Z,2026-08-29T20:54:41.421Z,6592,2026-08-29T20:54:41.421Z,V12A,Centennial,dd7385f2-fbd4-41a4-afcd-7296aca5e198,SAMMS-CentennialV5
202608292054380510,202608291904435768,202608291904434406,85,1306,Bronze INV,br_AdmissionAssessmentDimensionThree,TASK_COMPLETE,SUCCESS,INFO,292,292,0,,2026-08-29T19:04:49.126Z,2026-08-29T20:54:41.421Z,6592,2026-08-29T20:54:41.421Z,V14,Overland Park,dd7385f2-fbd4-41a4-afcd-7296aca5e198,SAMMS-VCPHCS-XIV-BridgewayV5
202608292054380511,202608291904435769,202608291904434406,85,1307,Bronze INV,br_AdmissionAssessmentDimensionThree,TASK_COMPLETE,SUCCESS,INFO,572,572,0,,2026-08-29T19:04:49.126Z,2026-08-29T20:54:41.421Z,6592,2026-08-29T20:54:41.421Z,V15,Joplin,dd7385f2-fbd4-41a4-afcd-7296aca5e198,SAMMS-JoplinV5
202608292054380512,202608291904435770,202608291904434406,85,1309,Bronze INV,br_AdmissionAssessmentDimensionThree,TASK_COMPLETE,SUCCESS,INFO,471,471,0,,2026-08-29T19:04:49.126Z,2026-08-29T20:54:41.421Z,6592,2026-08-29T20:54:41.421Z,V17,Columbia TN,dd7385f2-fbd4-41a4-afcd-7296aca5e198,SAMMS-ColumbiaTNv5
202608292054380513,202608291904435771,202608291904434406,85,1311,Bronze INV,br_AdmissionAssessmentDimensionThree,TASK_COMPLETE,SUCCESS,INFO,417,417,0,,2026-08-29T19:04:49.126Z,2026-08-29T20:54:41.421Z,6592,2026-08-29T20:54:41.421Z,V19,Jackson,dd7385f2-fbd4-41a4-afcd-7296aca5e198,SAMMS-JacksonV5
202608292054380515,202608291904435772,202608291904434406,85,1313,Bronze INV,br_AdmissionAssessmentDimensionThree,TASK_COMPLETE,SUCCESS,INFO,488,488,0,,2026-08-29T19:04:49.126Z,2026-08-29T20:54:41.421Z,6592,2026-08-29T20:54:41.421Z,V20,Paris,dd7385f2-fbd4-41a4-afcd-7296aca5e198,SAMMS-ParisV5
202608292054380516,202608291904435773,202608291904434406,85,1314,Bronze INV,br_AdmissionAssessmentDimensionThree,TASK_COMPLETE,SUCCESS,INFO,354,354,0,,2026-08-29T19:04:49.126Z,2026-08-29T20:54:41.421Z,6592,2026-08-29T20:54:41.421Z,V21,Memphis North,dd7385f2-fbd4-41a4-afcd-7296aca5e198,SAMMS-RaleighV5
202608292054380517,202608291904435774,202608291904434406,85,1317,Bronze INV,br_AdmissionAssessmentDimensionThree,TASK_COMPLETE,SUCCESS,INFO,705,705,0,,2026-08-29T19:04:49.126Z,2026-08-29T20:54:41.421Z,6592,2026-08-29T20:54:41.421Z,V5,West Bank,dd7385f2-fbd4-41a4-afcd-7296aca5e198,SAMMS-NONTCv5
202608292054380518,202608291904435775,202608291904434406,85,1319,Bronze INV,br_AdmissionAssessmentDimensionThree,TASK_COMPLETE,SUCCESS,INFO,254,254,0,,2026-08-29T19:04:49.126Z,2026-08-29T20:54:41.421Z,6592,2026-08-29T20:54:41.421Z,V5B,Houma,dd7385f2-fbd4-41a4-afcd-7296aca5e198,SAMMS-HoumaV6
202608292054380520,202608291904435776,202608291904434406,85,1320,Bronze INV,br_AdmissionAssessmentDimensionThree,TASK_COMPLETE,SUCCESS,INFO,958,958,0,,2026-08-29T19:04:49.126Z,2026-08-29T20:54:41.421Z,6592,2026-08-29T20:54:41.421Z,V6,Lake Charles,dd7385f2-fbd4-41a4-afcd-7296aca5e198,SAMMS-LCv5
202608292054380521,202608291904435777,202608291904434406,85,1322,Bronze INV,br_AdmissionAssessmentDimensionThree,TASK_COMPLETE,SUCCESS,INFO,566,566,0,,2026-08-29T19:04:49.126Z,2026-08-29T20:54:41.421Z,6592,2026-08-29T20:54:41.421Z,V8,Memphis Midtown,dd7385f2-fbd4-41a4-afcd-7296aca5e198,SAMMS-VCPHCS-VIII-MemphisV5
202608292054380522,202608291904435778,202608291904434406,85,1323,Bronze INV,br_AdmissionAssessmentDimensionThree,TASK_COMPLETE,SUCCESS,INFO,1579,1579,0,,2026-08-29T19:04:49.126Z,2026-08-29T20:54:41.421Z,6592,2026-08-29T20:54:41.421Z,V9,Nashville,dd7385f2-fbd4-41a4-afcd-7296aca5e198,SAMMS-NashvilleV5
202608292054380523,202608291904435779,202608291904434406,85,1324,Bronze INV,br_AdmissionAssessmentDimensionThree,TASK_COMPLETE,SUCCESS,INFO,332,332,0,,2026-08-29T19:04:49.126Z,2026-08-29T20:54:41.421Z,6592,2026-08-29T20:54:41.421Z,VBRA,Brainerd,dd7385f2-fbd4-41a4-afcd-7296aca5e198,SAMMS-BrainerdV6
202608292054380524,202608291904435780,202608291904434406,85,1325,Bronze INV,br_AdmissionAssessmentDimensionThree,TASK_COMPLETE,SUCCESS,INFO,593,593,0,,2026-08-29T19:04:49.126Z,2026-08-29T20:54:41.421Z,6592,2026-08-29T20:54:41.421Z,VBRP,Brooklyn Park,dd7385f2-fbd4-41a4-afcd-7296aca5e198,SAMMS-BrooklynParkV6
202608292054380525,202608291904435781,202608291904434406,85,1327,Bronze INV,br_AdmissionAssessmentDimensionThree,TASK_COMPLETE,SUCCESS,INFO,577,577,0,,2026-08-29T19:04:49.126Z,2026-08-29T20:54:41.421Z,6592,2026-08-29T20:54:41.421Z,VMIN,Minneapolis,dd7385f2-fbd4-41a4-afcd-7296aca5e198,SAMMS-MinneapolisV6
202608292054380526,202608291904435782,202608291904434406,85,1328,Bronze INV,br_AdmissionAssessmentDimensionThree,TASK_COMPLETE,SUCCESS,INFO,1067,1067,0,,2026-08-29T19:04:49.126Z,2026-08-29T20:54:41.421Z,6592,2026-08-29T20:54:41.421Z,VWBY,Woodbury,dd7385f2-fbd4-41a4-afcd-7296aca5e198,SAMMS-WoodburyV6
202609022122572208,202609021903207710,202609021903206075,85,994,Bronze INV,br_AdmissionAssessmentDimensionSix,TASK_COMPLETE,SUCCESS,INFO,349,349,0,,2026-09-02T19:03:39.838Z,2026-09-02T21:23:00.812Z,8361,2026-09-02T21:23:00.812Z,B47,Mobile,c49685cc-3281-44bc-a1c2-3be5b1110999,SAMMS-MobileV5
202609022122572209,202609021903207711,202609021903206075,85,995,Bronze INV,br_AdmissionAssessmentDimensionSix,TASK_COMPLETE,SUCCESS,INFO,450,450,0,,2026-09-02T19:03:39.838Z,2026-09-02T21:23:00.812Z,8361,2026-09-02T21:23:00.812Z,B48,Tuscaloosa,c49685cc-3281-44bc-a1c2-3be5b1110999,SAMMS-TuscaloosaV5
202609022122572210,202609021903207712,202609021903206075,85,1004,Bronze INV,br_AdmissionAssessmentDimensionSix,TASK_COMPLETE,SUCCESS,INFO,315,315,0,,2026-09-02T19:03:39.838Z,2026-09-02T21:23:00.812Z,8361,2026-09-02T21:23:00.812Z,B51,N. Little Rock (OTP),c49685cc-3281-44bc-a1c2-3be5b1110999,SAMMS-NorthLittleRockV6
202609022122572211,202609021903207713,202609021903206075,85,1005,Bronze INV,br_AdmissionAssessmentDimensionSix,TASK_COMPLETE,SUCCESS,INFO,154,154,0,,2026-09-02T19:03:39.838Z,2026-09-02T21:23:00.812Z,8361,2026-09-02T21:23:00.812Z,B52,Jackson GA,c49685cc-3281-44bc-a1c2-3be5b1110999,SAMMS-JacksonGAV5
202609022122572213,202609021903207714,202609021903206075,85,1006,Bronze INV,br_AdmissionAssessmentDimensionSix,TASK_COMPLETE,SUCCESS,INFO,476,476,0,,2026-09-02T19:03:39.838Z,2026-09-02T21:23:00.812Z,8361,2026-09-02T21:23:00.812Z,B54,Gadsden,c49685cc-3281-44bc-a1c2-3be5b1110999,SAMMS-GadsdenV5
202609022122572214,202609021903207715,202609021903206075,85,1007,Bronze INV,br_AdmissionAssessmentDimensionSix,TASK_COMPLETE,SUCCESS,INFO,486,486,0,,2026-09-02T19:03:39.838Z,2026-09-02T21:23:00.812Z,8361,2026-09-02T21:23:00.812Z,B55,Shoals,c49685cc-3281-44bc-a1c2-3be5b1110999,SAMMS-ShoalsV5
202609022122572215,202609021903207716,202609021903206075,85,1008,Bronze INV,br_AdmissionAssessmentDimensionSix,TASK_COMPLETE,SUCCESS,INFO,172,172,0,,2026-09-02T19:03:39.838Z,2026-09-02T21:23:00.812Z,8361,2026-09-02T21:23:00.812Z,B57,Pawtucket,c49685cc-3281-44bc-a1c2-3be5b1110999,SAMMS-Pawtucket
202609022122572216,202609021903207717,202609021903206075,85,1009,Bronze INV,br_AdmissionAssessmentDimensionSix,TASK_COMPLETE,SUCCESS,INFO,169,169,0,,2026-09-02T19:03:39.838Z,2026-09-02T21:23:00.812Z,8361,2026-09-02T21:23:00.812Z,B57A,Johnston,c49685cc-3281-44bc-a1c2-3be5b1110999,SAMMS-Johnston
202609022122572217,202609021903207718,202609021903206075,85,1010,Bronze INV,br_AdmissionAssessmentDimensionSix,TASK_COMPLETE,SUCCESS,INFO,87,87,0,,2026-09-02T19:03:39.838Z,2026-09-02T21:23:00.812Z,8361,2026-09-02T21:23:00.812Z,B57B,Middletown,c49685cc-3281-44bc-a1c2-3be5b1110999,SAMMS-Middletown
202609022122572218,202609021903207719,202609021903206075,85,1011,Bronze INV,br_AdmissionAssessmentDimensionSix,TASK_COMPLETE,SUCCESS,INFO,176,176,0,,2026-09-02T19:03:39.838Z,2026-09-02T21:23:00.812Z,8361,2026-09-02T21:23:00.812Z,B57C,Providence,c49685cc-3281-44bc-a1c2-3be5b1110999,SAMMS-Providence
202609022122572219,202609021903207720,202609021903206075,85,1012,Bronze INV,br_AdmissionAssessmentDimensionSix,TASK_COMPLETE,SUCCESS,INFO,259,259,0,,2026-09-02T19:03:39.838Z,2026-09-02T21:23:00.812Z,8361,2026-09-02T21:23:00.812Z,B57D,Westerly,c49685cc-3281-44bc-a1c2-3be5b1110999,SAMMS-Westerly
202609022122572220,202609021903207721,202609021903206075,85,1016,Bronze INV,br_AdmissionAssessmentDimensionSix,TASK_COMPLETE,SUCCESS,INFO,365,365,0,,2026-09-02T19:03:39.838Z,2026-09-02T21:23:00.812Z,8361,2026-09-02T21:23:00.812Z,B66A,Bremen,c49685cc-3281-44bc-a1c2-3be5b1110999,SAMMS-Bremen
202609022122572221,202609021903207722,202609021903206075,85,1019,Bronze INV,br_AdmissionAssessmentDimensionSix,TASK_COMPLETE,SUCCESS,INFO,13,13,0,,2026-09-02T19:03:39.838Z,2026-09-02T21:23:00.812Z,8361,2026-09-02T21:23:00.812Z,B72,Mobile (OBOT),c49685cc-3281-44bc-a1c2-3be5b1110999,SAMMS-Mobile-OBOT
202609022122572222,202609021903207723,202609021903206075,85,1020,Bronze INV,br_AdmissionAssessmentDimensionSix,TASK_COMPLETE,SUCCESS,INFO,2,2,0,,2026-09-02T19:03:39.838Z,2026-09-02T21:23:00.812Z,8361,2026-09-02T21:23:00.812Z,B73,Montgomery,c49685cc-3281-44bc-a1c2-3be5b1110999,SAMMS-Montgomery
202609022122572224,202609021903207724,202609021903206075,85,1021,Bronze INV,br_AdmissionAssessmentDimensionSix,TASK_COMPLETE,SUCCESS,INFO,317,317,0,,2026-09-02T19:03:39.838Z,2026-09-02T21:23:00.812Z,8361,2026-09-02T21:23:00.812Z,B75,Lawrence,c49685cc-3281-44bc-a1c2-3be5b1110999,SAMMS-LawrenceV6
202609022122572225,202609021903207725,202609021903206075,85,1022,Bronze INV,br_AdmissionAssessmentDimensionSix,TASK_COMPLETE,SUCCESS,INFO,50,50,0,,2026-09-02T19:03:39.838Z,2026-09-02T21:23:00.812Z,8361,2026-09-02T21:23:00.812Z,B76,Huntsville OBOT,c49685cc-3281-44bc-a1c2-3be5b1110999,SAMMS-Huntsville-OBOT
202609022122572226,202609021903207726,202609021903206075,85,1023,Bronze INV,br_AdmissionAssessmentDimensionSix,TASK_COMPLETE,SUCCESS,INFO,302,302,0,,2026-09-02T19:03:39.838Z,2026-09-02T21:23:00.812Z,8361,2026-09-02T21:23:00.812Z,BAT,Batesville,c49685cc-3281-44bc-a1c2-3be5b1110999,SAMMS-Batesville
202609022122572227,202609021903207727,202609021903206075,85,1024,Bronze INV,br_AdmissionAssessmentDimensionSix,TASK_COMPLETE,SUCCESS,INFO,235,235,0,,2026-09-02T19:03:39.838Z,2026-09-02T21:23:00.812Z,8361,2026-09-02T21:23:00.812Z,BG,Bowling Green,c49685cc-3281-44bc-a1c2-3be5b1110999,SAMMS-BowlingGreen
202609022122572228,202609021903207728,202609021903206075,85,1025,Bronze INV,br_AdmissionAssessmentDimensionSix,TASK_COMPLETE,SUCCESS,INFO,217,217,0,,2026-09-02T19:03:39.838Z,2026-09-02T21:23:00.812Z,8361,2026-09-02T21:23:00.812Z,BOI,Boise,c49685cc-3281-44bc-a1c2-3be5b1110999,SAMMS-Boise
202609022122572229,202609021903207729,202609021903206075,85,1032,Bronze INV,br_AdmissionAssessmentDimensionSix,TASK_COMPLETE,SUCCESS,INFO,285,285,0,,2026-09-02T19:03:39.838Z,2026-09-02T21:23:00.812Z,8361,2026-09-02T21:23:00.812Z,CBCO,Coeur dAlene,c49685cc-3281-44bc-a1c2-3be5b1110999,SAMMS-CoeurdAleneV6
202609022122572230,202609021903207730,202609021903206075,85,1051,Bronze INV,br_AdmissionAssessmentDimensionSix,TASK_COMPLETE,SUCCESS,INFO,306,306,0,,2026-09-02T19:03:39.838Z,2026-09-02T21:23:00.812Z,8361,2026-09-02T21:23:00.812Z,CON,Conway,c49685cc-3281-44bc-a1c2-3be5b1110999,SAMMS-Conway
202609022122572231,202609021903207731,202609021903206075,85,1052,Bronze INV,br_AdmissionAssessmentDimensionSix,TASK_COMPLETE,SUCCESS,INFO,1539,1539,0,,2026-09-02T19:03:39.838Z,2026-09-02T21:23:00.812Z,8361,2026-09-02T21:23:00.812Z,D07,Medical Services Knox TN,c49685cc-3281-44bc-a1c2-3be5b1110999,SAMMS-KnoxvilleV6
202609022122572232,202609021903207732,202609021903206075,85,1053,Bronze INV,br_AdmissionAssessmentDimensionSix,TASK_COMPLETE,SUCCESS,INFO,958,958,0,,2026-09-02T19:03:39.838Z,2026-09-02T21:23:00.812Z,8361,2026-09-02T21:23:00.812Z,D08,Madison,c49685cc-3281-44bc-a1c2-3be5b1110999,SAMMS-MadisonV6
202609022122572233,202609021903207733,202609021903206075,85,1055,Bronze INV,br_AdmissionAssessmentDimensionSix,TASK_COMPLETE,SUCCESS,INFO,929,929,0,,2026-09-02T19:03:39.838Z,2026-09-02T21:23:00.812Z,8361,2026-09-02T21:23:00.812Z,D09,Murfreesboro,c49685cc-3281-44bc-a1c2-3be5b1110999,SAMMS-MurfreesboroV6
202609022122572234,202609021903207734,202609021903206075,85,1056,Bronze INV,br_AdmissionAssessmentDimensionSix,TASK_COMPLETE,SUCCESS,INFO,221,221,0,,2026-09-02T19:03:39.838Z,2026-09-02T21:23:00.812Z,8361,2026-09-02T21:23:00.812Z,DA,Davenport,c49685cc-3281-44bc-a1c2-3be5b1110999,SAMMS-Davenport
202609022122572236,202609021903207735,202609021903206075,85,1057,Bronze INV,br_AdmissionAssessmentDimensionSix,TASK_COMPLETE,SUCCESS,INFO,351,351,0,,2026-09-02T19:03:39.838Z,2026-09-02T21:23:00.812Z,8361,2026-09-02T21:23:00.812Z,DM,Des Moines,c49685cc-3281-44bc-a1c2-3be5b1110999,SAMMS-DesMoines
202609022122572237,202609021903207736,202609021903206075,85,1059,Bronze INV,br_AdmissionAssessmentDimensionSix,TASK_COMPLETE,SUCCESS,INFO,477,477,0,,2026-09-02T19:03:39.838Z,2026-09-02T21:23:00.812Z,8361,2026-09-02T21:23:00.812Z,DRD-CO,Columbia MO,c49685cc-3281-44bc-a1c2-3be5b1110999,SAMMS-ColumbiaV5
202609022122572238,202609021903207737,202609021903206075,85,1060,Bronze INV,br_AdmissionAssessmentDimensionSix,TASK_COMPLETE,SUCCESS,INFO,593,593,0,,2026-09-02T19:03:39.838Z,2026-09-02T21:23:00.812Z,8361,2026-09-02T21:23:00.812Z,DRD-KC,KC,c49685cc-3281-44bc-a1c2-3be5b1110999,SAMMS-KCv5
202609022122572239,202609021903207738,202609021903206075,85,1061,Bronze INV,br_AdmissionAssessmentDimensionSix,TASK_COMPLETE,SUCCESS,INFO,945,945,0,,2026-09-02T19:03:39.838Z,2026-09-02T21:23:00.812Z,8361,2026-09-02T21:23:00.812Z,DRD-KVB,KVB,c49685cc-3281-44bc-a1c2-3be5b1110999,SAMMS-KVBv5
202609022122572240,202609021903207739,202609021903206075,85,1062,Bronze INV,br_AdmissionAssessmentDimensionSix,TASK_COMPLETE,SUCCESS,INFO,1572,1572,0,,2026-09-02T19:03:39.838Z,2026-09-02T21:23:00.812Z,8361,2026-09-02T21:23:00.812Z,DRD-KVC,KVC,c49685cc-3281-44bc-a1c2-3be5b1110999,SAMMS-KVCv5
202609022122572241,202609021903207740,202609021903206075,85,1063,Bronze INV,br_AdmissionAssessmentDimensionSix,TASK_COMPLETE,SUCCESS,INFO,1253,1253,0,,2026-09-02T19:03:39.838Z,2026-09-02T21:23:00.812Z,8361,2026-09-02T21:23:00.812Z,DRD-NOLA,NOLA,c49685cc-3281-44bc-a1c2-3be5b1110999,SAMMS-NOLAv5
202609022122572242,202609021903207741,202609021903206075,85,1064,Bronze INV,br_AdmissionAssessmentDimensionSix,TASK_COMPLETE,SUCCESS,INFO,742,742,0,,2026-09-02T19:03:39.838Z,2026-09-02T21:23:00.812Z,8361,2026-09-02T21:23:00.812Z,DRD-SF,Springfield,c49685cc-3281-44bc-a1c2-3be5b1110999,SAMMS-SFv5
202609022122572244,202609021903207742,202609021903206075,85,1066,Bronze INV,br_AdmissionAssessmentDimensionSix,TASK_COMPLETE,SUCCESS,INFO,249,249,0,,2026-09-02T19:03:39.838Z,2026-09-02T21:23:00.812Z,8361,2026-09-02T21:23:00.812Z,ELC,Elizabeth City,c49685cc-3281-44bc-a1c2-3be5b1110999,SAMMS-ElizabethCity
202609022122572245,202609021903207743,202609021903206075,85,1067,Bronze INV,br_AdmissionAssessmentDimensionSix,TASK_COMPLETE,SUCCESS,INFO,260,260,0,,2026-09-02T19:03:39.838Z,2026-09-02T21:23:00.812Z,8361,2026-09-02T21:23:00.812Z,ET,Elizabethtown,c49685cc-3281-44bc-a1c2-3be5b1110999,SAMMS-Elizabethtown
202609022122572246,202609021903207744,202609021903206075,85,1068,Bronze INV,br_AdmissionAssessmentDimensionSix,TASK_COMPLETE,SUCCESS,INFO,228,228,0,,2026-09-02T19:03:39.838Z,2026-09-02T21:23:00.812Z,8361,2026-09-02T21:23:00.812Z,FAY,Fayetteville,c49685cc-3281-44bc-a1c2-3be5b1110999,SAMMS-Fayetteville
202609022122572247,202609021903207745,202609021903206075,85,1069,Bronze INV,br_AdmissionAssessmentDimensionSix,TASK_COMPLETE,SUCCESS,INFO,180,180,0,,2026-09-02T19:03:39.838Z,2026-09-02T21:23:00.812Z,8361,2026-09-02T21:23:00.812Z,FR,Frankfort,c49685cc-3281-44bc-a1c2-3be5b1110999,SAMMS-Frankfort
202609022122572248,202609021903207746,202609021903206075,85,1070,Bronze INV,br_AdmissionAssessmentDimensionSix,TASK_COMPLETE,SUCCESS,INFO,280,280,0,,2026-09-02T19:03:39.838Z,2026-09-02T21:23:00.812Z,8361,2026-09-02T21:23:00.812Z,FS,Fort Smith,c49685cc-3281-44bc-a1c2-3be5b1110999,SAMMS-FortSmith
202609022122572249,202609021903207747,202609021903206075,85,1071,Bronze INV,br_AdmissionAssessmentDimensionSix,TASK_COMPLETE,SUCCESS,INFO,684,684,0,,2026-09-02T19:03:39.838Z,2026-09-02T21:23:00.812Z,8361,2026-09-02T21:23:00.812Z,FW,Fort Wayne,c49685cc-3281-44bc-a1c2-3be5b1110999,SAMMS-FortWayne
202609022122572250,202609021903207748,202609021903206075,85,1072,Bronze INV,br_AdmissionAssessmentDimensionSix,TASK_COMPLETE,SUCCESS,INFO,103,103,0,,2026-09-02T19:03:39.838Z,2026-09-02T21:23:00.812Z,8361,2026-09-02T21:23:00.812Z,GAL,Gaylord,c49685cc-3281-44bc-a1c2-3be5b1110999,SAMMS-Gaylord
202609022122572251,202609021903207749,202609021903206075,85,1076,Bronze INV,br_AdmissionAssessmentDimensionSix,TASK_COMPLETE,SUCCESS,INFO,618,618,0,,2026-09-02T19:03:39.838Z,2026-09-02T21:23:00.812Z,8361,2026-09-02T21:23:00.812Z,HGT,Hagerstown,c49685cc-3281-44bc-a1c2-3be5b1110999,SAMMS-Hagerstown
202609022122572253,202609021903207750,202609021903206075,85,1077,Bronze INV,br_AdmissionAssessmentDimensionSix,TASK_COMPLETE,SUCCESS,INFO,475,475,0,,2026-09-02T19:03:39.838Z,2026-09-02T21:23:00.812Z,8361,2026-09-02T21:23:00.812Z,HNT,Huntsville,c49685cc-3281-44bc-a1c2-3be5b1110999,SAMMS-Huntsville
202609022122572254,202609021903207751,202609021903206075,85,1078,Bronze INV,br_AdmissionAssessmentDimensionSix,TASK_COMPLETE,SUCCESS,INFO,309,309,0,,2026-09-02T19:03:39.838Z,2026-09-02T21:23:00.812Z,8361,2026-09-02T21:23:00.812Z,HS,Hot Springs,c49685cc-3281-44bc-a1c2-3be5b1110999,SAMMS-HotSprings
202609022122572255,202609021903207752,202609021903206075,85,1079,Bronze INV,br_AdmissionAssessmentDimensionSix,TASK_COMPLETE,SUCCESS,INFO,266,266,0,,2026-09-02T19:03:39.838Z,2026-09-02T21:23:00.812Z,8361,2026-09-02T21:23:00.812Z,JON,Jonesboro,c49685cc-3281-44bc-a1c2-3be5b1110999,SAMMS-Jonesboro
202609022122572256,202609021903207753,202609021903206075,85,1081,Bronze INV,br_AdmissionAssessmentDimensionSix,TASK_COMPLETE,SUCCESS,INFO,155,155,0,,2026-09-02T19:03:39.838Z,2026-09-02T21:23:00.812Z,8361,2026-09-02T21:23:00.812Z,LAN,Lansing,c49685cc-3281-44bc-a1c2-3be5b1110999,SAMMS-Lansing
202609022122572257,202609021903207754,202609021903206075,85,1082,Bronze INV,br_AdmissionAssessmentDimensionSix,TASK_COMPLETE,SUCCESS,INFO,428,428,0,,2026-09-02T19:03:39.838Z,2026-09-02T21:23:00.812Z,8361,2026-09-02T21:23:00.812Z,LO,Louisville,c49685cc-3281-44bc-a1c2-3be5b1110999,SAMMS-Louisville
202609022122572258,202609021903207755,202609021903206075,85,1083,Bronze INV,br_AdmissionAssessmentDimensionSix,TASK_COMPLETE,SUCCESS,INFO,1155,1155,0,,2026-09-02T19:03:39.838Z,2026-09-02T21:23:00.812Z,8361,2026-09-02T21:23:00.812Z,LV1,Cheyenne,c49685cc-3281-44bc-a1c2-3be5b1110999,SAMMS-Cheyenne
202609022122572259,202609021903207756,202609021903206075,85,1084,Bronze INV,br_AdmissionAssessmentDimensionSix,TASK_COMPLETE,SUCCESS,INFO,930,930,0,,2026-09-02T19:03:39.838Z,2026-09-02T21:23:00.812Z,8361,2026-09-02T21:23:00.812Z,LV2,Desert Inn,c49685cc-3281-44bc-a1c2-3be5b1110999,SAMMS-DesertInn
202609022122572260,202609021903207757,202609021903206075,85,1085,Bronze INV,br_AdmissionAssessmentDimensionSix,TASK_COMPLETE,SUCCESS,INFO,307,307,0,,2026-09-02T19:03:39.838Z,2026-09-02T21:23:00.812Z,8361,2026-09-02T21:23:00.812Z,LV3,McDaniel,c49685cc-3281-44bc-a1c2-3be5b1110999,SAMMS-McDaniel
202609022122572261,202609021903207758,202609021903206075,85,1088,Bronze INV,br_AdmissionAssessmentDimensionSix,TASK_COMPLETE,SUCCESS,INFO,270,270,0,,2026-09-02T19:03:39.838Z,2026-09-02T21:23:00.812Z,8361,2026-09-02T21:23:00.812Z,MNRE,Monroe,c49685cc-3281-44bc-a1c2-3be5b1110999,SAMMS-Monroe
202609022122572262,202609021903207759,202609021903206075,85,1089,Bronze INV,br_AdmissionAssessmentDimensionSix,TASK_COMPLETE,SUCCESS,INFO,123,123,0,,2026-09-02T19:03:39.838Z,2026-09-02T21:23:00.812Z,8361,2026-09-02T21:23:00.812Z,MP,Mt. Pleasant,c49685cc-3281-44bc-a1c2-3be5b1110999,SAMMS-MtPleasant
202609022122572263,202609021903207760,202609021903206075,85,1090,Bronze INV,br_AdmissionAssessmentDimensionSix,TASK_COMPLETE,SUCCESS,INFO,173,173,0,,2026-09-02T19:03:39.838Z,2026-09-02T21:23:00.812Z,8361,2026-09-02T21:23:00.812Z,MRD,Meridian,c49685cc-3281-44bc-a1c2-3be5b1110999,SAMMS-Meridian
202609022122572265,202609021903207761,202609021903206075,85,1095,Bronze INV,br_AdmissionAssessmentDimensionSix,TASK_COMPLETE,SUCCESS,INFO,632,632,0,,2026-09-02T19:03:39.838Z,2026-09-02T21:23:00.812Z,8361,2026-09-02T21:23:00.812Z,NC,North Charleston,c49685cc-3281-44bc-a1c2-3be5b1110999,SAMMS-NorthCharleston
202609022122572266,202609021903207762,202609021903206075,85,1096,Bronze INV,br_AdmissionAssessmentDimensionSix,TASK_COMPLETE,SUCCESS,INFO,573,573,0,,2026-09-02T19:03:39.838Z,2026-09-02T21:23:00.812Z,8361,2026-09-02T21:23:00.812Z,NLR,N. Little Rock,c49685cc-3281-44bc-a1c2-3be5b1110999,SAMMS-NLROBOT
202609022122572267,202609021903207763,202609021903206075,85,1097,Bronze INV,br_AdmissionAssessmentDimensionSix,TASK_COMPLETE,SUCCESS,INFO,234,234,0,,2026-09-02T19:03:39.838Z,2026-09-02T21:23:00.812Z,8361,2026-09-02T21:23:00.812Z,PH,Phoenix,c49685cc-3281-44bc-a1c2-3be5b1110999,SAMMS-Phoenix
202609022122572268,202609021903207764,202609021903206075,85,1101,Bronze INV,br_AdmissionAssessmentDimensionSix,TASK_COMPLETE,SUCCESS,INFO,405,405,0,,2026-09-02T19:03:39.838Z,2026-09-02T21:23:00.812Z,8361,2026-09-02T21:23:00.812Z,RE,Reno,c49685cc-3281-44bc-a1c2-3be5b1110999,SAMMS-Reno
202609022122572269,202609021903207765,202609021903206075,85,1102,Bronze INV,br_AdmissionAssessmentDimensionSix,TASK_COMPLETE,SUCCESS,INFO,387,387,0,,2026-09-02T19:03:39.838Z,2026-09-02T21:23:00.812Z,8361,2026-09-02T21:23:00.812Z,RMD,Richmond,c49685cc-3281-44bc-a1c2-3be5b1110999,SAMMS-Richmond
202609022122572270,202609021903207766,202609021903206075,85,1103,Bronze INV,br_AdmissionAssessmentDimensionSix,TASK_COMPLETE,SUCCESS,INFO,484,484,0,,2026-09-02T19:03:39.838Z,2026-09-02T21:23:00.812Z,8361,2026-09-02T21:23:00.812Z,SFN,Springfield North,c49685cc-3281-44bc-a1c2-3be5b1110999,SAMMS-SFNv5
202609022122572271,202609021903207767,202609021903206075,85,1104,Bronze INV,br_AdmissionAssessmentDimensionSix,TASK_COMPLETE,SUCCESS,INFO,448,448,0,,2026-09-02T19:03:39.838Z,2026-09-02T21:23:00.812Z,8361,2026-09-02T21:23:00.812Z,SHP,Shreveport,c49685cc-3281-44bc-a1c2-3be5b1110999,SAMMS-Shreveport
202609022122572272,202609021903207768,202609021903206075,85,1106,Bronze INV,br_AdmissionAssessmentDimensionSix,TASK_COMPLETE,SUCCESS,INFO,81,81,0,,2026-09-02T19:03:39.838Z,2026-09-02T21:23:00.812Z,8361,2026-09-02T21:23:00.812Z,STN,Staunton,c49685cc-3281-44bc-a1c2-3be5b1110999,SAMMS-Staunton
202609022122572273,202609021903207769,202609021903206075,85,1107,Bronze INV,br_AdmissionAssessmentDimensionSix,TASK_COMPLETE,SUCCESS,INFO,53,53,0,,2026-09-02T19:03:39.838Z,2026-09-02T21:23:00.812Z,8361,2026-09-02T21:23:00.812Z,STVN,Stevenson,c49685cc-3281-44bc-a1c2-3be5b1110999,SAMMS-Stevenson
202609022122572274,202609021903207770,202609021903206075,85,1109,Bronze INV,br_AdmissionAssessmentDimensionSix,TASK_COMPLETE,SUCCESS,INFO,70,70,0,,2026-09-02T19:03:39.838Z,2026-09-02T21:23:00.812Z,8361,2026-09-02T21:23:00.812Z,TE,Tempe,c49685cc-3281-44bc-a1c2-3be5b1110999,SAMMS-Tempe
202609022122572275,202609021903207771,202609021903206075,85,1110,Bronze INV,br_AdmissionAssessmentDimensionSix,TASK_COMPLETE,SUCCESS,INFO,365,365,0,,2026-09-02T19:03:39.838Z,2026-09-02T21:23:00.812Z,8361,2026-09-02T21:23:00.812Z,TEX,Texarkana,c49685cc-3281-44bc-a1c2-3be5b1110999,SAMMS-Texarkana
202609022122572277,202609021903207772,202609021903206075,85,1111,Bronze INV,br_AdmissionAssessmentDimensionSix,TASK_COMPLETE,SUCCESS,INFO,417,417,0,,2026-09-02T19:03:39.838Z,2026-09-02T21:23:00.812Z,8361,2026-09-02T21:23:00.812Z,TTCA,Bessemer,c49685cc-3281-44bc-a1c2-3be5b1110999,SAMMS-BessemerV5
202609022122572278,202609021903207773,202609021903206075,85,1112,Bronze INV,br_AdmissionAssessmentDimensionSix,TASK_COMPLETE,SUCCESS,INFO,551,551,0,,2026-09-02T19:03:39.838Z,2026-09-02T21:23:00.812Z,8361,2026-09-02T21:23:00.812Z,TTCB,Cullman,c49685cc-3281-44bc-a1c2-3be5b1110999,SAMMS-CullmanV5
202609022122572279,202609021903207774,202609021903206075,85,1113,Bronze INV,br_AdmissionAssessmentDimensionSix,TASK_COMPLETE,SUCCESS,INFO,301,301,0,,2026-09-02T19:03:39.838Z,2026-09-02T21:23:00.812Z,8361,2026-09-02T21:23:00.812Z,TTCC,Grand Bay,c49685cc-3281-44bc-a1c2-3be5b1110999,SAMMS-GrandBay
202609022122572280,202609021903207775,202609021903206075,85,1114,Bronze INV,br_AdmissionAssessmentDimensionSix,TASK_COMPLETE,SUCCESS,INFO,20,20,0,,2026-09-02T19:03:39.838Z,2026-09-02T21:23:00.812Z,8361,2026-09-02T21:23:00.812Z,TU,Tucson,c49685cc-3281-44bc-a1c2-3be5b1110999,SAMMS-Tucson
202609022122572281,202609021903207776,202609021903206075,85,1116,Bronze INV,br_AdmissionAssessmentDimensionSix,TASK_COMPLETE,SUCCESS,INFO,251,251,0,,2026-09-02T19:03:39.838Z,2026-09-02T21:23:00.812Z,8361,2026-09-02T21:23:00.812Z,V1,Memphis South,c49685cc-3281-44bc-a1c2-3be5b1110999,SAMMS-VCPHCS-I-MemphisV5
202609022122572282,202609021903207777,202609021903206075,85,1117,Bronze INV,br_AdmissionAssessmentDimensionSix,TASK_COMPLETE,SUCCESS,INFO,693,693,0,,2026-09-02T19:03:39.838Z,2026-09-02T21:23:00.812Z,8361,2026-09-02T21:23:00.812Z,V10,Longmont,c49685cc-3281-44bc-a1c2-3be5b1110999,SAMMS-BoulderV5
202609022122572283,202609021903207778,202609021903206075,85,1118,Bronze INV,br_AdmissionAssessmentDimensionSix,TASK_COMPLETE,SUCCESS,INFO,1189,1189,0,,2026-09-02T19:03:39.838Z,2026-09-02T21:23:00.812Z,8361,2026-09-02T21:23:00.812Z,V10A,Fort Collins,c49685cc-3281-44bc-a1c2-3be5b1110999,SAMMS-FortCollinsV5
202609022122572284,202609021903207779,202609021903206075,85,1119,Bronze INV,br_AdmissionAssessmentDimensionSix,TASK_COMPLETE,SUCCESS,INFO,992,992,0,,2026-09-02T19:03:39.838Z,2026-09-02T21:23:00.812Z,8361,2026-09-02T21:23:00.812Z,V11,Westminster,c49685cc-3281-44bc-a1c2-3be5b1110999,SAMMS-VCPHCS-XI-NorthDenverV5
202609022122572285,202609021903207780,202609021903206075,85,1120,Bronze INV,br_AdmissionAssessmentDimensionSix,TASK_COMPLETE,SUCCESS,INFO,1047,1047,0,,2026-09-02T19:03:39.838Z,2026-09-02T21:23:00.812Z,8361,2026-09-02T21:23:00.812Z,V12,Downtown Denver,c49685cc-3281-44bc-a1c2-3be5b1110999,SAMMS-VCPHCS-XII-DowntownDenverV5
202609022122572286,202609021903207781,202609021903206075,85,1121,Bronze INV,br_AdmissionAssessmentDimensionSix,TASK_COMPLETE,SUCCESS,INFO,474,474,0,,2026-09-02T19:03:39.838Z,2026-09-02T21:23:00.812Z,8361,2026-09-02T21:23:00.812Z,V12A,Centennial,c49685cc-3281-44bc-a1c2-3be5b1110999,SAMMS-CentennialV5
202609022122572288,202609021903207782,202609021903206075,85,1122,Bronze INV,br_AdmissionAssessmentDimensionSix,TASK_COMPLETE,SUCCESS,INFO,296,296,0,,2026-09-02T19:03:39.838Z,2026-09-02T21:23:00.812Z,8361,2026-09-02T21:23:00.812Z,V14,Overland Park,c49685cc-3281-44bc-a1c2-3be5b1110999,SAMMS-VCPHCS-XIV-BridgewayV5
202609022122572289,202609021903207783,202609021903206075,85,1123,Bronze INV,br_AdmissionAssessmentDimensionSix,TASK_COMPLETE,SUCCESS,INFO,568,568,0,,2026-09-02T19:03:39.838Z,2026-09-02T21:23:00.812Z,8361,2026-09-02T21:23:00.812Z,V15,Joplin,c49685cc-3281-44bc-a1c2-3be5b1110999,SAMMS-JoplinV5
202609022122572290,202609021903207784,202609021903206075,85,1125,Bronze INV,br_AdmissionAssessmentDimensionSix,TASK_COMPLETE,SUCCESS,INFO,468,468,0,,2026-09-02T19:03:39.838Z,2026-09-02T21:23:00.812Z,8361,2026-09-02T21:23:00.812Z,V17,Columbia TN,c49685cc-3281-44bc-a1c2-3be5b1110999,SAMMS-ColumbiaTNv5
202609022122572291,202609021903207785,202609021903206075,85,1127,Bronze INV,br_AdmissionAssessmentDimensionSix,TASK_COMPLETE,SUCCESS,INFO,416,416,0,,2026-09-02T19:03:39.838Z,2026-09-02T21:23:00.812Z,8361,2026-09-02T21:23:00.812Z,V19,Jackson,c49685cc-3281-44bc-a1c2-3be5b1110999,SAMMS-JacksonV5
202609022122572292,202609021903207786,202609021903206075,85,1129,Bronze INV,br_AdmissionAssessmentDimensionSix,TASK_COMPLETE,SUCCESS,INFO,480,480,0,,2026-09-02T19:03:39.838Z,2026-09-02T21:23:00.812Z,8361,2026-09-02T21:23:00.812Z,V20,Paris,c49685cc-3281-44bc-a1c2-3be5b1110999,SAMMS-ParisV5
202609022122572293,202609021903207787,202609021903206075,85,1130,Bronze INV,br_AdmissionAssessmentDimensionSix,TASK_COMPLETE,SUCCESS,INFO,359,359,0,,2026-09-02T19:03:39.838Z,2026-09-02T21:23:00.812Z,8361,2026-09-02T21:23:00.812Z,V21,Memphis North,c49685cc-3281-44bc-a1c2-3be5b1110999,SAMMS-RaleighV5
202609022122572294,202609021903207788,202609021903206075,85,1133,Bronze INV,br_AdmissionAssessmentDimensionSix,TASK_COMPLETE,SUCCESS,INFO,698,698,0,,2026-09-02T19:03:39.838Z,2026-09-02T21:23:00.812Z,8361,2026-09-02T21:23:00.812Z,V5,West Bank,c49685cc-3281-44bc-a1c2-3be5b1110999,SAMMS-NONTCv5
202609022122572295,202609021903207789,202609021903206075,85,1135,Bronze INV,br_AdmissionAssessmentDimensionSix,TASK_COMPLETE,SUCCESS,INFO,250,250,0,,2026-09-02T19:03:39.838Z,2026-09-02T21:23:00.812Z,8361,2026-09-02T21:23:00.812Z,V5B,Houma,c49685cc-3281-44bc-a1c2-3be5b1110999,SAMMS-HoumaV6
202609022122572296,202609021903207790,202609021903206075,85,1136,Bronze INV,br_AdmissionAssessmentDimensionSix,TASK_COMPLETE,SUCCESS,INFO,948,948,0,,2026-09-02T19:03:39.838Z,2026-09-02T21:23:00.812Z,8361,2026-09-02T21:23:00.812Z,V6,Lake Charles,c49685cc-3281-44bc-a1c2-3be5b1110999,SAMMS-LCv5
202609022122572297,202609021903207791,202609021903206075,85,1138,Bronze INV,br_AdmissionAssessmentDimensionSix,TASK_COMPLETE,SUCCESS,INFO,565,565,0,,2026-09-02T19:03:39.838Z,2026-09-02T21:23:00.812Z,8361,2026-09-02T21:23:00.812Z,V8,Memphis Midtown,c49685cc-3281-44bc-a1c2-3be5b1110999,SAMMS-VCPHCS-VIII-MemphisV5
202609022122572298,202609021903207792,202609021903206075,85,1139,Bronze INV,br_AdmissionAssessmentDimensionSix,TASK_COMPLETE,SUCCESS,INFO,1573,1573,0,,2026-09-02T19:03:39.838Z,2026-09-02T21:23:00.812Z,8361,2026-09-02T21:23:00.812Z,V9,Nashville,c49685cc-3281-44bc-a1c2-3be5b1110999,SAMMS-NashvilleV5
202609022122572300,202609021903207793,202609021903206075,85,1140,Bronze INV,br_AdmissionAssessmentDimensionSix,TASK_COMPLETE,SUCCESS,INFO,329,329,0,,2026-09-02T19:03:39.838Z,2026-09-02T21:23:00.812Z,8361,2026-09-02T21:23:00.812Z,VBRA,Brainerd,c49685cc-3281-44bc-a1c2-3be5b1110999,SAMMS-BrainerdV6
202609022122572301,202609021903207794,202609021903206075,85,1141,Bronze INV,br_AdmissionAssessmentDimensionSix,TASK_COMPLETE,SUCCESS,INFO,585,585,0,,2026-09-02T19:03:39.838Z,2026-09-02T21:23:00.812Z,8361,2026-09-02T21:23:00.812Z,VBRP,Brooklyn Park,c49685cc-3281-44bc-a1c2-3be5b1110999,SAMMS-BrooklynParkV6
202609022122572302,202609021903207795,202609021903206075,85,1143,Bronze INV,br_AdmissionAssessmentDimensionSix,TASK_COMPLETE,SUCCESS,INFO,567,567,0,,2026-09-02T19:03:39.838Z,2026-09-02T21:23:00.812Z,8361,2026-09-02T21:23:00.812Z,VMIN,Minneapolis,c49685cc-3281-44bc-a1c2-3be5b1110999,SAMMS-MinneapolisV6
202609040635283862,202609040635283862,20260903065411,141,13755,Address Roster Report,AddressRoster,TASK_FAILED,FAILED,ERROR,0,0,1,"[UNRESOLVED_COLUMN.WITH_SUGGESTION] A column or function parameter with name `a`.`employeeID` cannot be resolved. Did you mean one of the following? [`a`.`EmployeeID`, `b`.`EmployeeID`, `a`.`CompanyID`, `a`.`AddressID`, `b`.`CompanyID`].; line 24 pos 15; ''Project [''b.EmployeeNumber, ''a.firstName, ''a.LastName, ''a.middleName, ''a.addressLine1, ''a.AddressLine2, ''a.addressCity, ''a.addressCounty, ''a.addressState, ''a.addressZipCode, ''a.addressCountry, ''a.emailAddressAlternate AS HomeEmail#20261, ''a.emailAddress AS WorkEmail#20262, ''a.homePhone, ''c.longDescription AS JobTitle#20263, ''c.jobFamilyCode, ''d.Manager, ''e.description AS WorkLocation#20264, ''b.employeeStatusCode] +- ''Filter ''b.employeeStatusCode IN (A,L) +- ''Join LeftOuter, (''b.primaryWorkLocationCode = ''e.locationcode) :- ''Join LeftOuter, (''b.employeeNumber = ''d.EmployeeNumber) : :- ''Join LeftOuter, (''b.jobCode = ''c.jobCode) : : :- ''Join LeftOuter, (''a.employeeID = ''b.employeeid) : : : :- SubqueryAli",2026-09-04T06:35:28.386Z,2026-09-04T06:35:55.753Z,27,2026-09-04T06:35:55.753Z,,,ab6c46cf-1051-4b05-9f0f-347e7121db93,
202608312116373096,202608311905653527,202608311905652236,85,1179,Bronze INV,br_AdmissionAssessmentDimensionThree,TASK_COMPLETE,SUCCESS,INFO,452,452,0,,2026-08-31T19:06:18.658Z,2026-08-31T21:16:41.151Z,7823,2026-08-31T21:16:41.151Z,B48,Tuscaloosa,79f5b39e-d314-4ad3-8050-3ace553d67de,SAMMS-TuscaloosaV5
202608312116373097,202608311905653528,202608311905652236,85,1188,Bronze INV,br_AdmissionAssessmentDimensionThree,TASK_COMPLETE,SUCCESS,INFO,314,314,0,,2026-08-31T19:06:18.658Z,2026-08-31T21:16:41.151Z,7823,2026-08-31T21:16:41.151Z,B51,N. Little Rock (OTP),79f5b39e-d314-4ad3-8050-3ace553d67de,SAMMS-NorthLittleRockV6
202608312116373099,202608311905653529,202608311905652236,85,1189,Bronze INV,br_AdmissionAssessmentDimensionThree,TASK_COMPLETE,SUCCESS,INFO,156,156,0,,2026-08-31T19:06:18.658Z,2026-08-31T21:16:41.151Z,7823,2026-08-31T21:16:41.151Z,B52,Jackson GA,79f5b39e-d314-4ad3-8050-3ace553d67de,SAMMS-JacksonGAV5
202608312116373100,202608311905653530,202608311905652236,85,1190,Bronze INV,br_AdmissionAssessmentDimensionThree,TASK_COMPLETE,SUCCESS,INFO,475,475,0,,2026-08-31T19:06:18.658Z,2026-08-31T21:16:41.151Z,7823,2026-08-31T21:16:41.151Z,B54,Gadsden,79f5b39e-d314-4ad3-8050-3ace553d67de,SAMMS-GadsdenV5
202608312116373101,202608311905653531,202608311905652236,85,1191,Bronze INV,br_AdmissionAssessmentDimensionThree,TASK_COMPLETE,SUCCESS,INFO,485,485,0,,2026-08-31T19:06:18.658Z,2026-08-31T21:16:41.151Z,7823,2026-08-31T21:16:41.151Z,B55,Shoals,79f5b39e-d314-4ad3-8050-3ace553d67de,SAMMS-ShoalsV5
202608312116373102,202608311905653532,202608311905652236,85,1192,Bronze INV,br_AdmissionAssessmentDimensionThree,TASK_COMPLETE,SUCCESS,INFO,180,180,0,,2026-08-31T19:06:18.658Z,2026-08-31T21:16:41.151Z,7823,2026-08-31T21:16:41.151Z,B57,Pawtucket,79f5b39e-d314-4ad3-8050-3ace553d67de,SAMMS-Pawtucket
202608312116373103,202608311905653533,202608311905652236,85,1193,Bronze INV,br_AdmissionAssessmentDimensionThree,TASK_COMPLETE,SUCCESS,INFO,169,169,0,,2026-08-31T19:06:18.658Z,2026-08-31T21:16:41.151Z,7823,2026-08-31T21:16:41.151Z,B57A,Johnston,79f5b39e-d314-4ad3-8050-3ace553d67de,SAMMS-Johnston
202608312116373104,202608311905653534,202608311905652236,85,1194,Bronze INV,br_AdmissionAssessmentDimensionThree,TASK_COMPLETE,SUCCESS,INFO,88,88,0,,2026-08-31T19:06:18.658Z,2026-08-31T21:16:41.151Z,7823,2026-08-31T21:16:41.151Z,B57B,Middletown,79f5b39e-d314-4ad3-8050-3ace553d67de,SAMMS-Middletown
202608312116373106,202608311905653535,202608311905652236,85,1195,Bronze INV,br_AdmissionAssessmentDimensionThree,TASK_COMPLETE,SUCCESS,INFO,178,178,0,,2026-08-31T19:06:18.658Z,2026-08-31T21:16:41.151Z,7823,2026-08-31T21:16:41.151Z,B57C,Providence,79f5b39e-d314-4ad3-8050-3ace553d67de,SAMMS-Providence
202608312116373107,202608311905653536,202608311905652236,85,1196,Bronze INV,br_AdmissionAssessmentDimensionThree,TASK_COMPLETE,SUCCESS,INFO,257,257,0,,2026-08-31T19:06:18.658Z,2026-08-31T21:16:41.151Z,7823,2026-08-31T21:16:41.151Z,B57D,Westerly,79f5b39e-d314-4ad3-8050-3ace553d67de,SAMMS-Westerly
202608312116373108,202608311905653537,202608311905652236,85,1200,Bronze INV,br_AdmissionAssessmentDimensionThree,TASK_COMPLETE,SUCCESS,INFO,364,364,0,,2026-08-31T19:06:18.658Z,2026-08-31T21:16:41.151Z,7823,2026-08-31T21:16:41.151Z,B66A,Bremen,79f5b39e-d314-4ad3-8050-3ace553d67de,SAMMS-Bremen
202608312116373109,202608311905653538,202608311905652236,85,1203,Bronze INV,br_AdmissionAssessmentDimensionThree,TASK_COMPLETE,SUCCESS,INFO,16,16,0,,2026-08-31T19:06:18.658Z,2026-08-31T21:16:41.151Z,7823,2026-08-31T21:16:41.151Z,B72,Mobile (OBOT),79f5b39e-d314-4ad3-8050-3ace553d67de,SAMMS-Mobile-OBOT
202608312116373110,202608311905653539,202608311905652236,85,1204,Bronze INV,br_AdmissionAssessmentDimensionThree,TASK_COMPLETE,SUCCESS,INFO,2,2,0,,2026-08-31T19:06:18.658Z,2026-08-31T21:16:41.151Z,7823,2026-08-31T21:16:41.151Z,B73,Montgomery,79f5b39e-d314-4ad3-8050-3ace553d67de,SAMMS-Montgomery
202608312116373111,202608311905653540,202608311905652236,85,1205,Bronze INV,br_AdmissionAssessmentDimensionThree,TASK_COMPLETE,SUCCESS,INFO,325,325,0,,2026-08-31T19:06:18.658Z,2026-08-31T21:16:41.151Z,7823,2026-08-31T21:16:41.151Z,B75,Lawrence,79f5b39e-d314-4ad3-8050-3ace553d67de,SAMMS-LawrenceV6
202608312116373112,202608311905653541,202608311905652236,85,1206,Bronze INV,br_AdmissionAssessmentDimensionThree,TASK_COMPLETE,SUCCESS,INFO,50,50,0,,2026-08-31T19:06:18.658Z,2026-08-31T21:16:41.151Z,7823,2026-08-31T21:16:41.151Z,B76,Huntsville OBOT,79f5b39e-d314-4ad3-8050-3ace553d67de,SAMMS-Huntsville-OBOT
202608312116373114,202608311905653542,202608311905652236,85,1207,Bronze INV,br_AdmissionAssessmentDimensionThree,TASK_COMPLETE,SUCCESS,INFO,301,301,0,,2026-08-31T19:06:18.658Z,2026-08-31T21:16:41.151Z,7823,2026-08-31T21:16:41.151Z,BAT,Batesville,79f5b39e-d314-4ad3-8050-3ace553d67de,SAMMS-Batesville
202608312116373115,202608311905653543,202608311905652236,85,1208,Bronze INV,br_AdmissionAssessmentDimensionThree,TASK_COMPLETE,SUCCESS,INFO,240,240,0,,2026-08-31T19:06:18.658Z,2026-08-31T21:16:41.151Z,7823,2026-08-31T21:16:41.151Z,BG,Bowling Green,79f5b39e-d314-4ad3-8050-3ace553d67de,SAMMS-BowlingGreen
202608312116373116,202608311905653544,202608311905652236,85,1209,Bronze INV,br_AdmissionAssessmentDimensionThree,TASK_COMPLETE,SUCCESS,INFO,221,221,0,,2026-08-31T19:06:18.658Z,2026-08-31T21:16:41.151Z,7823,2026-08-31T21:16:41.151Z,BOI,Boise,79f5b39e-d314-4ad3-8050-3ace553d67de,SAMMS-Boise
202608312116373117,202608311905653545,202608311905652236,85,1216,Bronze INV,br_AdmissionAssessmentDimensionThree,TASK_COMPLETE,SUCCESS,INFO,286,286,0,,2026-08-31T19:06:18.658Z,2026-08-31T21:16:41.151Z,7823,2026-08-31T21:16:41.151Z,CBCO,Coeur dAlene,79f5b39e-d314-4ad3-8050-3ace553d67de,SAMMS-CoeurdAleneV6
202608312116373118,202608311905653546,202608311905652236,85,1235,Bronze INV,br_AdmissionAssessmentDimensionThree,TASK_COMPLETE,SUCCESS,INFO,304,304,0,,2026-08-31T19:06:18.658Z,2026-08-31T21:16:41.151Z,7823,2026-08-31T21:16:41.151Z,CON,Conway,79f5b39e-d314-4ad3-8050-3ace553d67de,SAMMS-Conway
202608312116373119,202608311905653547,202608311905652236,85,1236,Bronze INV,br_AdmissionAssessmentDimensionThree,TASK_COMPLETE,SUCCESS,INFO,1552,1552,0,,2026-08-31T19:06:18.658Z,2026-08-31T21:16:41.151Z,7823,2026-08-31T21:16:41.151Z,D07,Medical Services Knox TN,79f5b39e-d314-4ad3-8050-3ace553d67de,SAMMS-KnoxvilleV6
202608312116373120,202608311905653548,202608311905652236,85,1237,Bronze INV,br_AdmissionAssessmentDimensionThree,TASK_COMPLETE,SUCCESS,INFO,968,968,0,,2026-08-31T19:06:18.658Z,2026-08-31T21:16:41.151Z,7823,2026-08-31T21:16:41.151Z,D08,Madison,79f5b39e-d314-4ad3-8050-3ace553d67de,SAMMS-MadisonV6
202608312116373122,202608311905653549,202608311905652236,85,1239,Bronze INV,br_AdmissionAssessmentDimensionThree,TASK_COMPLETE,SUCCESS,INFO,940,940,0,,2026-08-31T19:06:18.658Z,2026-08-31T21:16:41.151Z,7823,2026-08-31T21:16:41.151Z,D09,Murfreesboro,79f5b39e-d314-4ad3-8050-3ace553d67de,SAMMS-MurfreesboroV6
202608312116373123,202608311905653550,202608311905652236,85,1240,Bronze INV,br_AdmissionAssessmentDimensionThree,TASK_COMPLETE,SUCCESS,INFO,221,221,0,,2026-08-31T19:06:18.658Z,2026-08-31T21:16:41.151Z,7823,2026-08-31T21:16:41.151Z,DA,Davenport,79f5b39e-d314-4ad3-8050-3ace553d67de,SAMMS-Davenport
202608312116373124,202608311905653551,202608311905652236,85,1241,Bronze INV,br_AdmissionAssessmentDimensionThree,TASK_COMPLETE,SUCCESS,INFO,353,353,0,,2026-08-31T19:06:18.658Z,2026-08-31T21:16:41.151Z,7823,2026-08-31T21:16:41.151Z,DM,Des Moines,79f5b39e-d314-4ad3-8050-3ace553d67de,SAMMS-DesMoines
202608312116373125,202608311905653552,202608311905652236,85,1243,Bronze INV,br_AdmissionAssessmentDimensionThree,TASK_COMPLETE,SUCCESS,INFO,478,478,0,,2026-08-31T19:06:18.658Z,2026-08-31T21:16:41.151Z,7823,2026-08-31T21:16:41.151Z,DRD-CO,Columbia MO,79f5b39e-d314-4ad3-8050-3ace553d67de,SAMMS-ColumbiaV5
202608312116373126,202608311905653553,202608311905652236,85,1244,Bronze INV,br_AdmissionAssessmentDimensionThree,TASK_COMPLETE,SUCCESS,INFO,593,593,0,,2026-08-31T19:06:18.658Z,2026-08-31T21:16:41.151Z,7823,2026-08-31T21:16:41.151Z,DRD-KC,KC,79f5b39e-d314-4ad3-8050-3ace553d67de,SAMMS-KCv5
202608312116373127,202608311905653554,202608311905652236,85,1245,Bronze INV,br_AdmissionAssessmentDimensionThree,TASK_COMPLETE,SUCCESS,INFO,953,953,0,,2026-08-31T19:06:18.658Z,2026-08-31T21:16:41.151Z,7823,2026-08-31T21:16:41.151Z,DRD-KVB,KVB,79f5b39e-d314-4ad3-8050-3ace553d67de,SAMMS-KVBv5
202608312116373129,202608311905653555,202608311905652236,85,1246,Bronze INV,br_AdmissionAssessmentDimensionThree,TASK_COMPLETE,SUCCESS,INFO,1581,1581,0,,2026-08-31T19:06:18.658Z,2026-08-31T21:16:41.151Z,7823,2026-08-31T21:16:41.151Z,DRD-KVC,KVC,79f5b39e-d314-4ad3-8050-3ace553d67de,SAMMS-KVCv5
202608312116373130,202608311905653556,202608311905652236,85,1247,Bronze INV,br_AdmissionAssessmentDimensionThree,TASK_COMPLETE,SUCCESS,INFO,1257,1257,0,,2026-08-31T19:06:18.658Z,2026-08-31T21:16:41.151Z,7823,2026-08-31T21:16:41.151Z,DRD-NOLA,NOLA,79f5b39e-d314-4ad3-8050-3ace553d67de,SAMMS-NOLAv5
202608312116373131,202608311905653557,202608311905652236,85,1248,Bronze INV,br_AdmissionAssessmentDimensionThree,TASK_COMPLETE,SUCCESS,INFO,750,750,0,,2026-08-31T19:06:18.658Z,2026-08-31T21:16:41.151Z,7823,2026-08-31T21:16:41.151Z,DRD-SF,Springfield,79f5b39e-d314-4ad3-8050-3ace553d67de,SAMMS-SFv5
202608312116373132,202608311905653558,202608311905652236,85,1250,Bronze INV,br_AdmissionAssessmentDimensionThree,TASK_COMPLETE,SUCCESS,INFO,252,252,0,,2026-08-31T19:06:18.658Z,2026-08-31T21:16:41.151Z,7823,2026-08-31T21:16:41.151Z,ELC,Elizabeth City,79f5b39e-d314-4ad3-8050-3ace553d67de,SAMMS-ElizabethCity
202608312116373133,202608311905653559,202608311905652236,85,1251,Bronze INV,br_AdmissionAssessmentDimensionThree,TASK_COMPLETE,SUCCESS,INFO,261,261,0,,2026-08-31T19:06:18.658Z,2026-08-31T21:16:41.151Z,7823,2026-08-31T21:16:41.151Z,ET,Elizabethtown,79f5b39e-d314-4ad3-8050-3ace553d67de,SAMMS-Elizabethtown
202608312116373134,202608311905653560,202608311905652236,85,1252,Bronze INV,br_AdmissionAssessmentDimensionThree,TASK_COMPLETE,SUCCESS,INFO,232,232,0,,2026-08-31T19:06:18.658Z,2026-08-31T21:16:41.151Z,7823,2026-08-31T21:16:41.151Z,FAY,Fayetteville,79f5b39e-d314-4ad3-8050-3ace553d67de,SAMMS-Fayetteville
202608312116373135,202608311905653561,202608311905652236,85,1253,Bronze INV,br_AdmissionAssessmentDimensionThree,TASK_COMPLETE,SUCCESS,INFO,182,182,0,,2026-08-31T19:06:18.658Z,2026-08-31T21:16:41.151Z,7823,2026-08-31T21:16:41.151Z,FR,Frankfort,79f5b39e-d314-4ad3-8050-3ace553d67de,SAMMS-Frankfort
202608312116373137,202608311905653562,202608311905652236,85,1254,Bronze INV,br_AdmissionAssessmentDimensionThree,TASK_COMPLETE,SUCCESS,INFO,282,282,0,,2026-08-31T19:06:18.658Z,2026-08-31T21:16:41.151Z,7823,2026-08-31T21:16:41.151Z,FS,Fort Smith,79f5b39e-d314-4ad3-8050-3ace553d67de,SAMMS-FortSmith
202608312116373138,202608311905653563,202608311905652236,85,1255,Bronze INV,br_AdmissionAssessmentDimensionThree,TASK_COMPLETE,SUCCESS,INFO,684,684,0,,2026-08-31T19:06:18.658Z,2026-08-31T21:16:41.151Z,7823,2026-08-31T21:16:41.151Z,FW,Fort Wayne,79f5b39e-d314-4ad3-8050-3ace553d67de,SAMMS-FortWayne
202608312116373139,202608311905653564,202608311905652236,85,1256,Bronze INV,br_AdmissionAssessmentDimensionThree,TASK_COMPLETE,SUCCESS,INFO,104,104,0,,2026-08-31T19:06:18.658Z,2026-08-31T21:16:41.151Z,7823,2026-08-31T21:16:41.151Z,GAL,Gaylord,79f5b39e-d314-4ad3-8050-3ace553d67de,SAMMS-Gaylord
202608312116373140,202608311905653565,202608311905652236,85,1260,Bronze INV,br_AdmissionAssessmentDimensionThree,TASK_COMPLETE,SUCCESS,INFO,624,624,0,,2026-08-31T19:06:18.658Z,2026-08-31T21:16:41.151Z,7823,2026-08-31T21:16:41.151Z,HGT,Hagerstown,79f5b39e-d314-4ad3-8050-3ace553d67de,SAMMS-Hagerstown
202608312116373141,202608311905653566,202608311905652236,85,1261,Bronze INV,br_AdmissionAssessmentDimensionThree,TASK_COMPLETE,SUCCESS,INFO,480,480,0,,2026-08-31T19:06:18.658Z,2026-08-31T21:16:41.151Z,7823,2026-08-31T21:16:41.151Z,HNT,Huntsville,79f5b39e-d314-4ad3-8050-3ace553d67de,SAMMS-Huntsville
202608312116373142,202608311905653567,202608311905652236,85,1262,Bronze INV,br_AdmissionAssessmentDimensionThree,TASK_COMPLETE,SUCCESS,INFO,310,310,0,,2026-08-31T19:06:18.658Z,2026-08-31T21:16:41.151Z,7823,2026-08-31T21:16:41.151Z,HS,Hot Springs,79f5b39e-d314-4ad3-8050-3ace553d67de,SAMMS-HotSprings
202608312116373143,202608311905653568,202608311905652236,85,1263,Bronze INV,br_AdmissionAssessmentDimensionThree,TASK_COMPLETE,SUCCESS,INFO,268,268,0,,2026-08-31T19:06:18.658Z,2026-08-31T21:16:41.151Z,7823,2026-08-31T21:16:41.151Z,JON,Jonesboro,79f5b39e-d314-4ad3-8050-3ace553d67de,SAMMS-Jonesboro
202608312116373144,202608311905653569,202608311905652236,85,1265,Bronze INV,br_AdmissionAssessmentDimensionThree,TASK_COMPLETE,SUCCESS,INFO,161,161,0,,2026-08-31T19:06:18.658Z,2026-08-31T21:16:41.151Z,7823,2026-08-31T21:16:41.151Z,LAN,Lansing,79f5b39e-d314-4ad3-8050-3ace553d67de,SAMMS-Lansing
202608312116373145,202608311905653570,202608311905652236,85,1266,Bronze INV,br_AdmissionAssessmentDimensionThree,TASK_COMPLETE,SUCCESS,INFO,429,429,0,,2026-08-31T19:06:18.658Z,2026-08-31T21:16:41.151Z,7823,2026-08-31T21:16:41.151Z,LO,Louisville,79f5b39e-d314-4ad3-8050-3ace553d67de,SAMMS-Louisville
202608312116373146,202608311905653571,202608311905652236,85,1267,Bronze INV,br_AdmissionAssessmentDimensionThree,TASK_COMPLETE,SUCCESS,INFO,1178,1178,0,,2026-08-31T19:06:18.658Z,2026-08-31T21:16:41.151Z,7823,2026-08-31T21:16:41.151Z,LV1,Cheyenne,79f5b39e-d314-4ad3-8050-3ace553d67de,SAMMS-Cheyenne
202608312116373147,202608311905653572,202608311905652236,85,1268,Bronze INV,br_AdmissionAssessmentDimensionThree,TASK_COMPLETE,SUCCESS,INFO,938,938,0,,2026-08-31T19:06:18.658Z,2026-08-31T21:16:41.151Z,7823,2026-08-31T21:16:41.151Z,LV2,Desert Inn,79f5b39e-d314-4ad3-8050-3ace553d67de,SAMMS-DesertInn
202608312116373149,202608311905653573,202608311905652236,85,1269,Bronze INV,br_AdmissionAssessmentDimensionThree,TASK_COMPLETE,SUCCESS,INFO,312,312,0,,2026-08-31T19:06:18.658Z,2026-08-31T21:16:41.151Z,7823,2026-08-31T21:16:41.151Z,LV3,McDaniel,79f5b39e-d314-4ad3-8050-3ace553d67de,SAMMS-McDaniel
202608312116373150,202608311905653574,202608311905652236,85,1272,Bronze INV,br_AdmissionAssessmentDimensionThree,TASK_COMPLETE,SUCCESS,INFO,270,270,0,,2026-08-31T19:06:18.658Z,2026-08-31T21:16:41.151Z,7823,2026-08-31T21:16:41.151Z,MNRE,Monroe,79f5b39e-d314-4ad3-8050-3ace553d67de,SAMMS-Monroe
202608312116373151,202608311905653575,202608311905652236,85,1273,Bronze INV,br_AdmissionAssessmentDimensionThree,TASK_COMPLETE,SUCCESS,INFO,124,124,0,,2026-08-31T19:06:18.658Z,2026-08-31T21:16:41.151Z,7823,2026-08-31T21:16:41.151Z,MP,Mt. Pleasant,79f5b39e-d314-4ad3-8050-3ace553d67de,SAMMS-MtPleasant
202608312116373152,202608311905653576,202608311905652236,85,1274,Bronze INV,br_AdmissionAssessmentDimensionThree,TASK_COMPLETE,SUCCESS,INFO,174,174,0,,2026-08-31T19:06:18.658Z,2026-08-31T21:16:41.151Z,7823,2026-08-31T21:16:41.151Z,MRD,Meridian,79f5b39e-d314-4ad3-8050-3ace553d67de,SAMMS-Meridian
202608312116373153,202608311905653577,202608311905652236,85,1279,Bronze INV,br_AdmissionAssessmentDimensionThree,TASK_COMPLETE,SUCCESS,INFO,640,640,0,,2026-08-31T19:06:18.658Z,2026-08-31T21:16:41.151Z,7823,2026-08-31T21:16:41.151Z,NC,North Charleston,79f5b39e-d314-4ad3-8050-3ace553d67de,SAMMS-NorthCharleston
202608312116373154,202608311905653578,202608311905652236,85,1280,Bronze INV,br_AdmissionAssessmentDimensionThree,TASK_COMPLETE,SUCCESS,INFO,577,577,0,,2026-08-31T19:06:18.658Z,2026-08-31T21:16:41.151Z,7823,2026-08-31T21:16:41.151Z,NLR,N. Little Rock,79f5b39e-d314-4ad3-8050-3ace553d67de,SAMMS-NLROBOT
202608312116373155,202608311905653579,202608311905652236,85,1281,Bronze INV,br_AdmissionAssessmentDimensionThree,TASK_COMPLETE,SUCCESS,INFO,235,235,0,,2026-08-31T19:06:18.658Z,2026-08-31T21:16:41.151Z,7823,2026-08-31T21:16:41.151Z,PH,Phoenix,79f5b39e-d314-4ad3-8050-3ace553d67de,SAMMS-Phoenix
202608312116373156,202608311905653580,202608311905652236,85,1285,Bronze INV,br_AdmissionAssessmentDimensionThree,TASK_COMPLETE,SUCCESS,INFO,409,409,0,,2026-08-31T19:06:18.658Z,2026-08-31T21:16:41.151Z,7823,2026-08-31T21:16:41.151Z,RE,Reno,79f5b39e-d314-4ad3-8050-3ace553d67de,SAMMS-Reno
202608312116373157,202608311905653581,202608311905652236,85,1286,Bronze INV,br_AdmissionAssessmentDimensionThree,TASK_COMPLETE,SUCCESS,INFO,389,389,0,,2026-08-31T19:06:18.658Z,2026-08-31T21:16:41.151Z,7823,2026-08-31T21:16:41.151Z,RMD,Richmond,79f5b39e-d314-4ad3-8050-3ace553d67de,SAMMS-Richmond
202608312116373159,202608311905653582,202608311905652236,85,1287,Bronze INV,br_AdmissionAssessmentDimensionThree,TASK_COMPLETE,SUCCESS,INFO,488,488,0,,2026-08-31T19:06:18.658Z,2026-08-31T21:16:41.151Z,7823,2026-08-31T21:16:41.151Z,SFN,Springfield North,79f5b39e-d314-4ad3-8050-3ace553d67de,SAMMS-SFNv5
202608312116373160,202608311905653583,202608311905652236,85,1288,Bronze INV,br_AdmissionAssessmentDimensionThree,TASK_COMPLETE,SUCCESS,INFO,450,450,0,,2026-08-31T19:06:18.658Z,2026-08-31T21:16:41.151Z,7823,2026-08-31T21:16:41.151Z,SHP,Shreveport,79f5b39e-d314-4ad3-8050-3ace553d67de,SAMMS-Shreveport
202608312116373161,202608311905653584,202608311905652236,85,1290,Bronze INV,br_AdmissionAssessmentDimensionThree,TASK_COMPLETE,SUCCESS,INFO,81,81,0,,2026-08-31T19:06:18.658Z,2026-08-31T21:16:41.151Z,7823,2026-08-31T21:16:41.151Z,STN,Staunton,79f5b39e-d314-4ad3-8050-3ace553d67de,SAMMS-Staunton
202608312116373162,202608311905653585,202608311905652236,85,1291,Bronze INV,br_AdmissionAssessmentDimensionThree,TASK_COMPLETE,SUCCESS,INFO,53,53,0,,2026-08-31T19:06:18.658Z,2026-08-31T21:16:41.151Z,7823,2026-08-31T21:16:41.151Z,STVN,Stevenson,79f5b39e-d314-4ad3-8050-3ace553d67de,SAMMS-Stevenson
202608312116373163,202608311905653586,202608311905652236,85,1293,Bronze INV,br_AdmissionAssessmentDimensionThree,TASK_COMPLETE,SUCCESS,INFO,70,70,0,,2026-08-31T19:06:18.658Z,2026-08-31T21:16:41.151Z,7823,2026-08-31T21:16:41.151Z,TE,Tempe,79f5b39e-d314-4ad3-8050-3ace553d67de,SAMMS-Tempe
202608312116373164,202608311905653587,202608311905652236,85,1294,Bronze INV,br_AdmissionAssessmentDimensionThree,TASK_COMPLETE,SUCCESS,INFO,368,368,0,,2026-08-31T19:06:18.658Z,2026-08-31T21:16:41.151Z,7823,2026-08-31T21:16:41.151Z,TEX,Texarkana,79f5b39e-d314-4ad3-8050-3ace553d67de,SAMMS-Texarkana
202608312116373165,202608311905653588,202608311905652236,85,1295,Bronze INV,br_AdmissionAssessmentDimensionThree,TASK_COMPLETE,SUCCESS,INFO,426,426,0,,2026-08-31T19:06:18.658Z,2026-08-31T21:16:41.151Z,7823,2026-08-31T21:16:41.151Z,TTCA,Bessemer,79f5b39e-d314-4ad3-8050-3ace553d67de,SAMMS-BessemerV5
202608312116373166,202608311905653589,202608311905652236,85,1296,Bronze INV,br_AdmissionAssessmentDimensionThree,TASK_COMPLETE,SUCCESS,INFO,550,550,0,,2026-08-31T19:06:18.658Z,2026-08-31T21:16:41.151Z,7823,2026-08-31T21:16:41.151Z,TTCB,Cullman,79f5b39e-d314-4ad3-8050-3ace553d67de,SAMMS-CullmanV5
202608312116373167,202608311905653590,202608311905652236,85,1297,Bronze INV,br_AdmissionAssessmentDimensionThree,TASK_COMPLETE,SUCCESS,INFO,306,306,0,,2026-08-31T19:06:18.658Z,2026-08-31T21:16:41.151Z,7823,2026-08-31T21:16:41.151Z,TTCC,Grand Bay,79f5b39e-d314-4ad3-8050-3ace553d67de,SAMMS-GrandBay
202608312116373168,202608311905653591,202608311905652236,85,1298,Bronze INV,br_AdmissionAssessmentDimensionThree,TASK_COMPLETE,SUCCESS,INFO,22,22,0,,2026-08-31T19:06:18.658Z,2026-08-31T21:16:41.151Z,7823,2026-08-31T21:16:41.151Z,TU,Tucson,79f5b39e-d314-4ad3-8050-3ace553d67de,SAMMS-Tucson
202608312116373169,202608311905653592,202608311905652236,85,1300,Bronze INV,br_AdmissionAssessmentDimensionThree,TASK_COMPLETE,SUCCESS,INFO,252,252,0,,2026-08-31T19:06:18.658Z,2026-08-31T21:16:41.151Z,7823,2026-08-31T21:16:41.151Z,V1,Memphis South,79f5b39e-d314-4ad3-8050-3ace553d67de,SAMMS-VCPHCS-I-MemphisV5
202608312116373170,202608311905653593,202608311905652236,85,1301,Bronze INV,br_AdmissionAssessmentDimensionThree,TASK_COMPLETE,SUCCESS,INFO,693,693,0,,2026-08-31T19:06:18.658Z,2026-08-31T21:16:41.151Z,7823,2026-08-31T21:16:41.151Z,V10,Longmont,79f5b39e-d314-4ad3-8050-3ace553d67de,SAMMS-BoulderV5
202608312116373172,202608311905653594,202608311905652236,85,1302,Bronze INV,br_AdmissionAssessmentDimensionThree,TASK_COMPLETE,SUCCESS,INFO,1198,1198,0,,2026-08-31T19:06:18.658Z,2026-08-31T21:16:41.151Z,7823,2026-08-31T21:16:41.151Z,V10A,Fort Collins,79f5b39e-d314-4ad3-8050-3ace553d67de,SAMMS-FortCollinsV5
202608312116373173,202608311905653595,202608311905652236,85,1303,Bronze INV,br_AdmissionAssessmentDimensionThree,TASK_COMPLETE,SUCCESS,INFO,998,998,0,,2026-08-31T19:06:18.658Z,2026-08-31T21:16:41.151Z,7823,2026-08-31T21:16:41.151Z,V11,Westminster,79f5b39e-d314-4ad3-8050-3ace553d67de,SAMMS-VCPHCS-XI-NorthDenverV5
202608312116373174,202608311905653596,202608311905652236,85,1304,Bronze INV,br_AdmissionAssessmentDimensionThree,TASK_COMPLETE,SUCCESS,INFO,1062,1062,0,,2026-08-31T19:06:18.658Z,2026-08-31T21:16:41.151Z,7823,2026-08-31T21:16:41.151Z,V12,Downtown Denver,79f5b39e-d314-4ad3-8050-3ace553d67de,SAMMS-VCPHCS-XII-DowntownDenverV5
202608312116373175,202608311905653597,202608311905652236,85,1305,Bronze INV,br_AdmissionAssessmentDimensionThree,TASK_COMPLETE,SUCCESS,INFO,475,475,0,,2026-08-31T19:06:18.658Z,2026-08-31T21:16:41.151Z,7823,2026-08-31T21:16:41.151Z,V12A,Centennial,79f5b39e-d314-4ad3-8050-3ace553d67de,SAMMS-CentennialV5
202608312116373176,202608311905653598,202608311905652236,85,1306,Bronze INV,br_AdmissionAssessmentDimensionThree,TASK_COMPLETE,SUCCESS,INFO,293,293,0,,2026-08-31T19:06:18.658Z,2026-08-31T21:16:41.151Z,7823,2026-08-31T21:16:41.151Z,V14,Overland Park,79f5b39e-d314-4ad3-8050-3ace553d67de,SAMMS-VCPHCS-XIV-BridgewayV5
202608312116373177,202608311905653599,202608311905652236,85,1307,Bronze INV,br_AdmissionAssessmentDimensionThree,TASK_COMPLETE,SUCCESS,INFO,573,573,0,,2026-08-31T19:06:18.658Z,2026-08-31T21:16:41.151Z,7823,2026-08-31T21:16:41.151Z,V15,Joplin,79f5b39e-d314-4ad3-8050-3ace553d67de,SAMMS-JoplinV5
202608312116373178,202608311905653600,202608311905652236,85,1309,Bronze INV,br_AdmissionAssessmentDimensionThree,TASK_COMPLETE,SUCCESS,INFO,473,473,0,,2026-08-31T19:06:18.658Z,2026-08-31T21:16:41.151Z,7823,2026-08-31T21:16:41.151Z,V17,Columbia TN,79f5b39e-d314-4ad3-8050-3ace553d67de,SAMMS-ColumbiaTNv5
202608312116373179,202608311905653601,202608311905652236,85,1311,Bronze INV,br_AdmissionAssessmentDimensionThree,TASK_COMPLETE,SUCCESS,INFO,417,417,0,,2026-08-31T19:06:18.658Z,2026-08-31T21:16:41.151Z,7823,2026-08-31T21:16:41.151Z,V19,Jackson,79f5b39e-d314-4ad3-8050-3ace553d67de,SAMMS-JacksonV5
202608312116373180,202608311905653602,202608311905652236,85,1313,Bronze INV,br_AdmissionAssessmentDimensionThree,TASK_COMPLETE,SUCCESS,INFO,489,489,0,,2026-08-31T19:06:18.658Z,2026-08-31T21:16:41.151Z,7823,2026-08-31T21:16:41.151Z,V20,Paris,79f5b39e-d314-4ad3-8050-3ace553d67de,SAMMS-ParisV5
202608312116373181,202608311905653603,202608311905652236,85,1314,Bronze INV,br_AdmissionAssessmentDimensionThree,TASK_COMPLETE,SUCCESS,INFO,354,354,0,,2026-08-31T19:06:18.658Z,2026-08-31T21:16:41.151Z,7823,2026-08-31T21:16:41.151Z,V21,Memphis North,79f5b39e-d314-4ad3-8050-3ace553d67de,SAMMS-RaleighV5
202608312116373182,202608311905653604,202608311905652236,85,1317,Bronze INV,br_AdmissionAssessmentDimensionThree,TASK_COMPLETE,SUCCESS,INFO,705,705,0,,2026-08-31T19:06:18.658Z,2026-08-31T21:16:41.151Z,7823,2026-08-31T21:16:41.151Z,V5,West Bank,79f5b39e-d314-4ad3-8050-3ace553d67de,SAMMS-NONTCv5
202608312116373184,202608311905653605,202608311905652236,85,1319,Bronze INV,br_AdmissionAssessmentDimensionThree,TASK_COMPLETE,SUCCESS,INFO,254,254,0,,2026-08-31T19:06:18.658Z,2026-08-31T21:16:41.151Z,7823,2026-08-31T21:16:41.151Z,V5B,Houma,79f5b39e-d314-4ad3-8050-3ace553d67de,SAMMS-HoumaV6
202608312116373185,202608311905653606,202608311905652236,85,1320,Bronze INV,br_AdmissionAssessmentDimensionThree,TASK_COMPLETE,SUCCESS,INFO,958,958,0,,2026-08-31T19:06:18.658Z,2026-08-31T21:16:41.151Z,7823,2026-08-31T21:16:41.151Z,V6,Lake Charles,79f5b39e-d314-4ad3-8050-3ace553d67de,SAMMS-LCv5
202608312116373186,202608311905653607,202608311905652236,85,1322,Bronze INV,br_AdmissionAssessmentDimensionThree,TASK_COMPLETE,SUCCESS,INFO,567,567,0,,2026-08-31T19:06:18.658Z,2026-08-31T21:16:41.151Z,7823,2026-08-31T21:16:41.151Z,V8,Memphis Midtown,79f5b39e-d314-4ad3-8050-3ace553d67de,SAMMS-VCPHCS-VIII-MemphisV5
202608312116373187,202608311905653608,202608311905652236,85,1323,Bronze INV,br_AdmissionAssessmentDimensionThree,TASK_COMPLETE,SUCCESS,INFO,1579,1579,0,,2026-08-31T19:06:18.658Z,2026-08-31T21:16:41.151Z,7823,2026-08-31T21:16:41.151Z,V9,Nashville,79f5b39e-d314-4ad3-8050-3ace553d67de,SAMMS-NashvilleV5
202608312116373188,202608311905653609,202608311905652236,85,1324,Bronze INV,br_AdmissionAssessmentDimensionThree,TASK_COMPLETE,SUCCESS,INFO,332,332,0,,2026-08-31T19:06:18.658Z,2026-08-31T21:16:41.151Z,7823,2026-08-31T21:16:41.151Z,VBRA,Brainerd,79f5b39e-d314-4ad3-8050-3ace553d67de,SAMMS-BrainerdV6
202608312116373189,202608311905653610,202608311905652236,85,1325,Bronze INV,br_AdmissionAssessmentDimensionThree,TASK_COMPLETE,SUCCESS,INFO,593,593,0,,2026-08-31T19:06:18.658Z,2026-08-31T21:16:41.151Z,7823,2026-08-31T21:16:41.151Z,VBRP,Brooklyn Park,79f5b39e-d314-4ad3-8050-3ace553d67de,SAMMS-BrooklynParkV6
202608312116373190,202608311905653611,202608311905652236,85,1327,Bronze INV,br_AdmissionAssessmentDimensionThree,TASK_COMPLETE,SUCCESS,INFO,577,577,0,,2026-08-31T19:06:18.658Z,2026-08-31T21:16:41.151Z,7823,2026-08-31T21:16:41.151Z,VMIN,Minneapolis,79f5b39e-d314-4ad3-8050-3ace553d67de,SAMMS-MinneapolisV6
202608312116373191,202608311905653612,202608311905652236,85,1328,Bronze INV,br_AdmissionAssessmentDimensionThree,TASK_COMPLETE,SUCCESS,INFO,1067,1067,0,,2026-08-31T19:06:18.658Z,2026-08-31T21:16:41.151Z,7823,2026-08-31T21:16:41.151Z,VWBY,Woodbury,79f5b39e-d314-4ad3-8050-3ace553d67de,SAMMS-WoodburyV6
202609012114519975,202609011903673296,202609011903672005,85,1179,Bronze INV,br_AdmissionAssessmentDimensionThree,TASK_COMPLETE,SUCCESS,INFO,452,452,0,,2026-09-01T19:04:17.664Z,2026-09-01T21:14:55.846Z,7838,2026-09-01T21:14:55.846Z,B48,Tuscaloosa,0e5f68b5-5669-4bb1-91ce-4b967b620e7d,SAMMS-TuscaloosaV5
202609012114519976,202609011903673297,202609011903672005,85,1188,Bronze INV,br_AdmissionAssessmentDimensionThree,TASK_COMPLETE,SUCCESS,INFO,315,315,0,,2026-09-01T19:04:17.664Z,2026-09-01T21:14:55.846Z,7838,2026-09-01T21:14:55.846Z,B51,N. Little Rock (OTP),0e5f68b5-5669-4bb1-91ce-4b967b620e7d,SAMMS-NorthLittleRockV6
202609012114519977,202609011903673298,202609011903672005,85,1189,Bronze INV,br_AdmissionAssessmentDimensionThree,TASK_COMPLETE,SUCCESS,INFO,156,156,0,,2026-09-01T19:04:17.664Z,2026-09-01T21:14:55.846Z,7838,2026-09-01T21:14:55.846Z,B52,Jackson GA,0e5f68b5-5669-4bb1-91ce-4b967b620e7d,SAMMS-JacksonGAV5
202609012114519978,202609011903673299,202609011903672005,85,1190,Bronze INV,br_AdmissionAssessmentDimensionThree,TASK_COMPLETE,SUCCESS,INFO,478,478,0,,2026-09-01T19:04:17.664Z,2026-09-01T21:14:55.846Z,7838,2026-09-01T21:14:55.846Z,B54,Gadsden,0e5f68b5-5669-4bb1-91ce-4b967b620e7d,SAMMS-GadsdenV5
202609012114519979,202609011903673300,202609011903672005,85,1191,Bronze INV,br_AdmissionAssessmentDimensionThree,TASK_COMPLETE,SUCCESS,INFO,485,485,0,,2026-09-01T19:04:17.664Z,2026-09-01T21:14:55.846Z,7838,2026-09-01T21:14:55.846Z,B55,Shoals,0e5f68b5-5669-4bb1-91ce-4b967b620e7d,SAMMS-ShoalsV5
202609012114519980,202609011903673301,202609011903672005,85,1192,Bronze INV,br_AdmissionAssessmentDimensionThree,TASK_COMPLETE,SUCCESS,INFO,180,180,0,,2026-09-01T19:04:17.664Z,2026-09-01T21:14:55.846Z,7838,2026-09-01T21:14:55.846Z,B57,Pawtucket,0e5f68b5-5669-4bb1-91ce-4b967b620e7d,SAMMS-Pawtucket
202609012114519982,202609011903673302,202609011903672005,85,1193,Bronze INV,br_AdmissionAssessmentDimensionThree,TASK_COMPLETE,SUCCESS,INFO,169,169,0,,2026-09-01T19:04:17.664Z,2026-09-01T21:14:55.846Z,7838,2026-09-01T21:14:55.846Z,B57A,Johnston,0e5f68b5-5669-4bb1-91ce-4b967b620e7d,SAMMS-Johnston
202609012114519983,202609011903673303,202609011903672005,85,1194,Bronze INV,br_AdmissionAssessmentDimensionThree,TASK_COMPLETE,SUCCESS,INFO,88,88,0,,2026-09-01T19:04:17.664Z,2026-09-01T21:14:55.846Z,7838,2026-09-01T21:14:55.846Z,B57B,Middletown,0e5f68b5-5669-4bb1-91ce-4b967b620e7d,SAMMS-Middletown
202609012114519984,202609011903673304,202609011903672005,85,1195,Bronze INV,br_AdmissionAssessmentDimensionThree,TASK_COMPLETE,SUCCESS,INFO,178,178,0,,2026-09-01T19:04:17.664Z,2026-09-01T21:14:55.846Z,7838,2026-09-01T21:14:55.846Z,B57C,Providence,0e5f68b5-5669-4bb1-91ce-4b967b620e7d,SAMMS-Providence
202609012114519985,202609011903673305,202609011903672005,85,1196,Bronze INV,br_AdmissionAssessmentDimensionThree,TASK_COMPLETE,SUCCESS,INFO,257,257,0,,2026-09-01T19:04:17.664Z,2026-09-01T21:14:55.846Z,7838,2026-09-01T21:14:55.846Z,B57D,Westerly,0e5f68b5-5669-4bb1-91ce-4b967b620e7d,SAMMS-Westerly
202609012114519986,202609011903673306,202609011903672005,85,1200,Bronze INV,br_AdmissionAssessmentDimensionThree,TASK_COMPLETE,SUCCESS,INFO,365,365,0,,2026-09-01T19:04:17.664Z,2026-09-01T21:14:55.846Z,7838,2026-09-01T21:14:55.846Z,B66A,Bremen,0e5f68b5-5669-4bb1-91ce-4b967b620e7d,SAMMS-Bremen
202609012114519987,202609011903673307,202609011903672005,85,1203,Bronze INV,br_AdmissionAssessmentDimensionThree,TASK_COMPLETE,SUCCESS,INFO,16,16,0,,2026-09-01T19:04:17.664Z,2026-09-01T21:14:55.846Z,7838,2026-09-01T21:14:55.846Z,B72,Mobile (OBOT),0e5f68b5-5669-4bb1-91ce-4b967b620e7d,SAMMS-Mobile-OBOT
202609012114519988,202609011903673308,202609011903672005,85,1204,Bronze INV,br_AdmissionAssessmentDimensionThree,TASK_COMPLETE,SUCCESS,INFO,2,2,0,,2026-09-01T19:04:17.664Z,2026-09-01T21:14:55.846Z,7838,2026-09-01T21:14:55.846Z,B73,Montgomery,0e5f68b5-5669-4bb1-91ce-4b967b620e7d,SAMMS-Montgomery
202609012114519990,202609011903673309,202609011903672005,85,1205,Bronze INV,br_AdmissionAssessmentDimensionThree,TASK_COMPLETE,SUCCESS,INFO,325,325,0,,2026-09-01T19:04:17.664Z,2026-09-01T21:14:55.846Z,7838,2026-09-01T21:14:55.846Z,B75,Lawrence,0e5f68b5-5669-4bb1-91ce-4b967b620e7d,SAMMS-LawrenceV6
202609012114519991,202609011903673310,202609011903672005,85,1206,Bronze INV,br_AdmissionAssessmentDimensionThree,TASK_COMPLETE,SUCCESS,INFO,50,50,0,,2026-09-01T19:04:17.664Z,2026-09-01T21:14:55.846Z,7838,2026-09-01T21:14:55.846Z,B76,Huntsville OBOT,0e5f68b5-5669-4bb1-91ce-4b967b620e7d,SAMMS-Huntsville-OBOT
202609012114519992,202609011903673311,202609011903672005,85,1207,Bronze INV,br_AdmissionAssessmentDimensionThree,TASK_COMPLETE,SUCCESS,INFO,303,303,0,,2026-09-01T19:04:17.664Z,2026-09-01T21:14:55.846Z,7838,2026-09-01T21:14:55.846Z,BAT,Batesville,0e5f68b5-5669-4bb1-91ce-4b967b620e7d,SAMMS-Batesville
202609012114519993,202609011903673312,202609011903672005,85,1208,Bronze INV,br_AdmissionAssessmentDimensionThree,TASK_COMPLETE,SUCCESS,INFO,240,240,0,,2026-09-01T19:04:17.664Z,2026-09-01T21:14:55.846Z,7838,2026-09-01T21:14:55.846Z,BG,Bowling Green,0e5f68b5-5669-4bb1-91ce-4b967b620e7d,SAMMS-BowlingGreen
202609012114519994,202609011903673313,202609011903672005,85,1209,Bronze INV,br_AdmissionAssessmentDimensionThree,TASK_COMPLETE,SUCCESS,INFO,222,222,0,,2026-09-01T19:04:17.664Z,2026-09-01T21:14:55.846Z,7838,2026-09-01T21:14:55.846Z,BOI,Boise,0e5f68b5-5669-4bb1-91ce-4b967b620e7d,SAMMS-Boise
202609012114519995,202609011903673314,202609011903672005,85,1216,Bronze INV,br_AdmissionAssessmentDimensionThree,TASK_COMPLETE,SUCCESS,INFO,286,286,0,,2026-09-01T19:04:17.664Z,2026-09-01T21:14:55.846Z,7838,2026-09-01T21:14:55.846Z,CBCO,Coeur dAlene,0e5f68b5-5669-4bb1-91ce-4b967b620e7d,SAMMS-CoeurdAleneV6
202609012114519997,202609011903673315,202609011903672005,85,1235,Bronze INV,br_AdmissionAssessmentDimensionThree,TASK_COMPLETE,SUCCESS,INFO,304,304,0,,2026-09-01T19:04:17.664Z,2026-09-01T21:14:55.846Z,7838,2026-09-01T21:14:55.846Z,CON,Conway,0e5f68b5-5669-4bb1-91ce-4b967b620e7d,SAMMS-Conway
202609012114519998,202609011903673316,202609011903672005,85,1236,Bronze INV,br_AdmissionAssessmentDimensionThree,TASK_COMPLETE,SUCCESS,INFO,1552,1552,0,,2026-09-01T19:04:17.664Z,2026-09-01T21:14:55.846Z,7838,2026-09-01T21:14:55.846Z,D07,Medical Services Knox TN,0e5f68b5-5669-4bb1-91ce-4b967b620e7d,SAMMS-KnoxvilleV6
202609012114519999,202609011903673317,202609011903672005,85,1237,Bronze INV,br_AdmissionAssessmentDimensionThree,TASK_COMPLETE,SUCCESS,INFO,968,968,0,,2026-09-01T19:04:17.664Z,2026-09-01T21:14:55.846Z,7838,2026-09-01T21:14:55.846Z,D08,Madison,0e5f68b5-5669-4bb1-91ce-4b967b620e7d,SAMMS-MadisonV6
202609012114520000,202609011903673318,202609011903672005,85,1239,Bronze INV,br_AdmissionAssessmentDimensionThree,TASK_COMPLETE,SUCCESS,INFO,940,940,0,,2026-09-01T19:04:17.664Z,2026-09-01T21:14:55.846Z,7838,2026-09-01T21:14:55.846Z,D09,Murfreesboro,0e5f68b5-5669-4bb1-91ce-4b967b620e7d,SAMMS-MurfreesboroV6
202609012114520001,202609011903673319,202609011903672005,85,1240,Bronze INV,br_AdmissionAssessmentDimensionThree,TASK_COMPLETE,SUCCESS,INFO,222,222,0,,2026-09-01T19:04:17.664Z,2026-09-01T21:14:55.846Z,7838,2026-09-01T21:14:55.846Z,DA,Davenport,0e5f68b5-5669-4bb1-91ce-4b967b620e7d,SAMMS-Davenport
202609012114520002,202609011903673320,202609011903672005,85,1241,Bronze INV,br_AdmissionAssessmentDimensionThree,TASK_COMPLETE,SUCCESS,INFO,354,354,0,,2026-09-01T19:04:17.664Z,2026-09-01T21:14:55.846Z,7838,2026-09-01T21:14:55.846Z,DM,Des Moines,0e5f68b5-5669-4bb1-91ce-4b967b620e7d,SAMMS-DesMoines
202609012114520004,202609011903673321,202609011903672005,85,1243,Bronze INV,br_AdmissionAssessmentDimensionThree,TASK_COMPLETE,SUCCESS,INFO,479,479,0,,2026-09-01T19:04:17.664Z,2026-09-01T21:14:55.846Z,7838,2026-09-01T21:14:55.846Z,DRD-CO,Columbia MO,0e5f68b5-5669-4bb1-91ce-4b967b620e7d,SAMMS-ColumbiaV5
202609012114520005,202609011903673322,202609011903672005,85,1244,Bronze INV,br_AdmissionAssessmentDimensionThree,TASK_COMPLETE,SUCCESS,INFO,594,594,0,,2026-09-01T19:04:17.664Z,2026-09-01T21:14:55.846Z,7838,2026-09-01T21:14:55.846Z,DRD-KC,KC,0e5f68b5-5669-4bb1-91ce-4b967b620e7d,SAMMS-KCv5
202609012114520006,202609011903673323,202609011903672005,85,1245,Bronze INV,br_AdmissionAssessmentDimensionThree,TASK_COMPLETE,SUCCESS,INFO,953,953,0,,2026-09-01T19:04:17.664Z,2026-09-01T21:14:55.846Z,7838,2026-09-01T21:14:55.846Z,DRD-KVB,KVB,0e5f68b5-5669-4bb1-91ce-4b967b620e7d,SAMMS-KVBv5
202609012114520007,202609011903673324,202609011903672005,85,1246,Bronze INV,br_AdmissionAssessmentDimensionThree,TASK_COMPLETE,SUCCESS,INFO,1582,1582,0,,2026-09-01T19:04:17.664Z,2026-09-01T21:14:55.846Z,7838,2026-09-01T21:14:55.846Z,DRD-KVC,KVC,0e5f68b5-5669-4bb1-91ce-4b967b620e7d,SAMMS-KVCv5
202609012114520008,202609011903673325,202609011903672005,85,1247,Bronze INV,br_AdmissionAssessmentDimensionThree,TASK_COMPLETE,SUCCESS,INFO,1257,1257,0,,2026-09-01T19:04:17.664Z,2026-09-01T21:14:55.846Z,7838,2026-09-01T21:14:55.846Z,DRD-NOLA,NOLA,0e5f68b5-5669-4bb1-91ce-4b967b620e7d,SAMMS-NOLAv5
202609012114520009,202609011903673326,202609011903672005,85,1248,Bronze INV,br_AdmissionAssessmentDimensionThree,TASK_COMPLETE,SUCCESS,INFO,751,751,0,,2026-09-01T19:04:17.664Z,2026-09-01T21:14:55.846Z,7838,2026-09-01T21:14:55.846Z,DRD-SF,Springfield,0e5f68b5-5669-4bb1-91ce-4b967b620e7d,SAMMS-SFv5
202609012114520010,202609011903673327,202609011903672005,85,1250,Bronze INV,br_AdmissionAssessmentDimensionThree,TASK_COMPLETE,SUCCESS,INFO,252,252,0,,2026-09-01T19:04:17.664Z,2026-09-01T21:14:55.846Z,7838,2026-09-01T21:14:55.846Z,ELC,Elizabeth City,0e5f68b5-5669-4bb1-91ce-4b967b620e7d,SAMMS-ElizabethCity
202609012114520012,202609011903673328,202609011903672005,85,1251,Bronze INV,br_AdmissionAssessmentDimensionThree,TASK_COMPLETE,SUCCESS,INFO,261,261,0,,2026-09-01T19:04:17.664Z,2026-09-01T21:14:55.846Z,7838,2026-09-01T21:14:55.846Z,ET,Elizabethtown,0e5f68b5-5669-4bb1-91ce-4b967b620e7d,SAMMS-Elizabethtown
202609012114520013,202609011903673329,202609011903672005,85,1252,Bronze INV,br_AdmissionAssessmentDimensionThree,TASK_COMPLETE,SUCCESS,INFO,232,232,0,,2026-09-01T19:04:17.664Z,2026-09-01T21:14:55.846Z,7838,2026-09-01T21:14:55.846Z,FAY,Fayetteville,0e5f68b5-5669-4bb1-91ce-4b967b620e7d,SAMMS-Fayetteville
202609012114520014,202609011903673330,202609011903672005,85,1253,Bronze INV,br_AdmissionAssessmentDimensionThree,TASK_COMPLETE,SUCCESS,INFO,182,182,0,,2026-09-01T19:04:17.664Z,2026-09-01T21:14:55.846Z,7838,2026-09-01T21:14:55.846Z,FR,Frankfort,0e5f68b5-5669-4bb1-91ce-4b967b620e7d,SAMMS-Frankfort
202609012114520015,202609011903673331,202609011903672005,85,1254,Bronze INV,br_AdmissionAssessmentDimensionThree,TASK_COMPLETE,SUCCESS,INFO,282,282,0,,2026-09-01T19:04:17.664Z,2026-09-01T21:14:55.846Z,7838,2026-09-01T21:14:55.846Z,FS,Fort Smith,0e5f68b5-5669-4bb1-91ce-4b967b620e7d,SAMMS-FortSmith
202609012114520016,202609011903673332,202609011903672005,85,1255,Bronze INV,br_AdmissionAssessmentDimensionThree,TASK_COMPLETE,SUCCESS,INFO,684,684,0,,2026-09-01T19:04:17.664Z,2026-09-01T21:14:55.846Z,7838,2026-09-01T21:14:55.846Z,FW,Fort Wayne,0e5f68b5-5669-4bb1-91ce-4b967b620e7d,SAMMS-FortWayne
202609012114520017,202609011903673333,202609011903672005,85,1256,Bronze INV,br_AdmissionAssessmentDimensionThree,TASK_COMPLETE,SUCCESS,INFO,104,104,0,,2026-09-01T19:04:17.664Z,2026-09-01T21:14:55.846Z,7838,2026-09-01T21:14:55.846Z,GAL,Gaylord,0e5f68b5-5669-4bb1-91ce-4b967b620e7d,SAMMS-Gaylord
202609012114520019,202609011903673334,202609011903672005,85,1260,Bronze INV,br_AdmissionAssessmentDimensionThree,TASK_COMPLETE,SUCCESS,INFO,624,624,0,,2026-09-01T19:04:17.664Z,2026-09-01T21:14:55.846Z,7838,2026-09-01T21:14:55.846Z,HGT,Hagerstown,0e5f68b5-5669-4bb1-91ce-4b967b620e7d,SAMMS-Hagerstown
202609012114520020,202609011903673335,202609011903672005,85,1261,Bronze INV,br_AdmissionAssessmentDimensionThree,TASK_COMPLETE,SUCCESS,INFO,484,484,0,,2026-09-01T19:04:17.664Z,2026-09-01T21:14:55.846Z,7838,2026-09-01T21:14:55.846Z,HNT,Huntsville,0e5f68b5-5669-4bb1-91ce-4b967b620e7d,SAMMS-Huntsville
202609012114520021,202609011903673336,202609011903672005,85,1262,Bronze INV,br_AdmissionAssessmentDimensionThree,TASK_COMPLETE,SUCCESS,INFO,311,311,0,,2026-09-01T19:04:17.664Z,2026-09-01T21:14:55.846Z,7838,2026-09-01T21:14:55.846Z,HS,Hot Springs,0e5f68b5-5669-4bb1-91ce-4b967b620e7d,SAMMS-HotSprings
202609012114520022,202609011903673337,202609011903672005,85,1263,Bronze INV,br_AdmissionAssessmentDimensionThree,TASK_COMPLETE,SUCCESS,INFO,268,268,0,,2026-09-01T19:04:17.664Z,2026-09-01T21:14:55.846Z,7838,2026-09-01T21:14:55.846Z,JON,Jonesboro,0e5f68b5-5669-4bb1-91ce-4b967b620e7d,SAMMS-Jonesboro
202609012114520023,202609011903673338,202609011903672005,85,1265,Bronze INV,br_AdmissionAssessmentDimensionThree,TASK_COMPLETE,SUCCESS,INFO,162,162,0,,2026-09-01T19:04:17.664Z,2026-09-01T21:14:55.846Z,7838,2026-09-01T21:14:55.846Z,LAN,Lansing,0e5f68b5-5669-4bb1-91ce-4b967b620e7d,SAMMS-Lansing
202609012114520024,202609011903673339,202609011903672005,85,1266,Bronze INV,br_AdmissionAssessmentDimensionThree,TASK_COMPLETE,SUCCESS,INFO,429,429,0,,2026-09-01T19:04:17.664Z,2026-09-01T21:14:55.846Z,7838,2026-09-01T21:14:55.846Z,LO,Louisville,0e5f68b5-5669-4bb1-91ce-4b967b620e7d,SAMMS-Louisville
202609012114520025,202609011903673340,202609011903672005,85,1267,Bronze INV,br_AdmissionAssessmentDimensionThree,TASK_COMPLETE,SUCCESS,INFO,1178,1178,0,,2026-09-01T19:04:17.664Z,2026-09-01T21:14:55.846Z,7838,2026-09-01T21:14:55.846Z,LV1,Cheyenne,0e5f68b5-5669-4bb1-91ce-4b967b620e7d,SAMMS-Cheyenne
202609012114520027,202609011903673341,202609011903672005,85,1268,Bronze INV,br_AdmissionAssessmentDimensionThree,TASK_COMPLETE,SUCCESS,INFO,938,938,0,,2026-09-01T19:04:17.664Z,2026-09-01T21:14:55.846Z,7838,2026-09-01T21:14:55.846Z,LV2,Desert Inn,0e5f68b5-5669-4bb1-91ce-4b967b620e7d,SAMMS-DesertInn
202609012114520028,202609011903673342,202609011903672005,85,1269,Bronze INV,br_AdmissionAssessmentDimensionThree,TASK_COMPLETE,SUCCESS,INFO,312,312,0,,2026-09-01T19:04:17.664Z,2026-09-01T21:14:55.846Z,7838,2026-09-01T21:14:55.846Z,LV3,McDaniel,0e5f68b5-5669-4bb1-91ce-4b967b620e7d,SAMMS-McDaniel
202609012114520029,202609011903673343,202609011903672005,85,1272,Bronze INV,br_AdmissionAssessmentDimensionThree,TASK_COMPLETE,SUCCESS,INFO,270,270,0,,2026-09-01T19:04:17.664Z,2026-09-01T21:14:55.846Z,7838,2026-09-01T21:14:55.846Z,MNRE,Monroe,0e5f68b5-5669-4bb1-91ce-4b967b620e7d,SAMMS-Monroe
202609012114520030,202609011903673344,202609011903672005,85,1273,Bronze INV,br_AdmissionAssessmentDimensionThree,TASK_COMPLETE,SUCCESS,INFO,124,124,0,,2026-09-01T19:04:17.664Z,2026-09-01T21:14:55.846Z,7838,2026-09-01T21:14:55.846Z,MP,Mt. Pleasant,0e5f68b5-5669-4bb1-91ce-4b967b620e7d,SAMMS-MtPleasant
202609012114520031,202609011903673345,202609011903672005,85,1274,Bronze INV,br_AdmissionAssessmentDimensionThree,TASK_COMPLETE,SUCCESS,INFO,174,174,0,,2026-09-01T19:04:17.664Z,2026-09-01T21:14:55.846Z,7838,2026-09-01T21:14:55.846Z,MRD,Meridian,0e5f68b5-5669-4bb1-91ce-4b967b620e7d,SAMMS-Meridian
202609012114520032,202609011903673346,202609011903672005,85,1279,Bronze INV,br_AdmissionAssessmentDimensionThree,TASK_COMPLETE,SUCCESS,INFO,641,641,0,,2026-09-01T19:04:17.664Z,2026-09-01T21:14:55.846Z,7838,2026-09-01T21:14:55.846Z,NC,North Charleston,0e5f68b5-5669-4bb1-91ce-4b967b620e7d,SAMMS-NorthCharleston
202609012114520033,202609011903673347,202609011903672005,85,1280,Bronze INV,br_AdmissionAssessmentDimensionThree,TASK_COMPLETE,SUCCESS,INFO,578,578,0,,2026-09-01T19:04:17.664Z,2026-09-01T21:14:55.846Z,7838,2026-09-01T21:14:55.846Z,NLR,N. Little Rock,0e5f68b5-5669-4bb1-91ce-4b967b620e7d,SAMMS-NLROBOT
202609012114520035,202609011903673348,202609011903672005,85,1281,Bronze INV,br_AdmissionAssessmentDimensionThree,TASK_COMPLETE,SUCCESS,INFO,235,235,0,,2026-09-01T19:04:17.664Z,2026-09-01T21:14:55.846Z,7838,2026-09-01T21:14:55.846Z,PH,Phoenix,0e5f68b5-5669-4bb1-91ce-4b967b620e7d,SAMMS-Phoenix
202609012114520036,202609011903673349,202609011903672005,85,1285,Bronze INV,br_AdmissionAssessmentDimensionThree,TASK_COMPLETE,SUCCESS,INFO,409,409,0,,2026-09-01T19:04:17.664Z,2026-09-01T21:14:55.846Z,7838,2026-09-01T21:14:55.846Z,RE,Reno,0e5f68b5-5669-4bb1-91ce-4b967b620e7d,SAMMS-Reno
202609012114520037,202609011903673350,202609011903672005,85,1286,Bronze INV,br_AdmissionAssessmentDimensionThree,TASK_COMPLETE,SUCCESS,INFO,389,389,0,,2026-09-01T19:04:17.664Z,2026-09-01T21:14:55.846Z,7838,2026-09-01T21:14:55.846Z,RMD,Richmond,0e5f68b5-5669-4bb1-91ce-4b967b620e7d,SAMMS-Richmond
202609012114520038,202609011903673351,202609011903672005,85,1287,Bronze INV,br_AdmissionAssessmentDimensionThree,TASK_COMPLETE,SUCCESS,INFO,489,489,0,,2026-09-01T19:04:17.664Z,2026-09-01T21:14:55.846Z,7838,2026-09-01T21:14:55.846Z,SFN,Springfield North,0e5f68b5-5669-4bb1-91ce-4b967b620e7d,SAMMS-SFNv5
202609012114520039,202609011903673352,202609011903672005,85,1288,Bronze INV,br_AdmissionAssessmentDimensionThree,TASK_COMPLETE,SUCCESS,INFO,450,450,0,,2026-09-01T19:04:17.664Z,2026-09-01T21:14:55.846Z,7838,2026-09-01T21:14:55.846Z,SHP,Shreveport,0e5f68b5-5669-4bb1-91ce-4b967b620e7d,SAMMS-Shreveport
202609012114520040,202609011903673353,202609011903672005,85,1290,Bronze INV,br_AdmissionAssessmentDimensionThree,TASK_COMPLETE,SUCCESS,INFO,81,81,0,,2026-09-01T19:04:17.664Z,2026-09-01T21:14:55.846Z,7838,2026-09-01T21:14:55.846Z,STN,Staunton,0e5f68b5-5669-4bb1-91ce-4b967b620e7d,SAMMS-Staunton
202609012114520042,202609011903673354,202609011903672005,85,1291,Bronze INV,br_AdmissionAssessmentDimensionThree,TASK_COMPLETE,SUCCESS,INFO,53,53,0,,2026-09-01T19:04:17.664Z,2026-09-01T21:14:55.846Z,7838,2026-09-01T21:14:55.846Z,STVN,Stevenson,0e5f68b5-5669-4bb1-91ce-4b967b620e7d,SAMMS-Stevenson
202609012114520043,202609011903673355,202609011903672005,85,1293,Bronze INV,br_AdmissionAssessmentDimensionThree,TASK_COMPLETE,SUCCESS,INFO,70,70,0,,2026-09-01T19:04:17.664Z,2026-09-01T21:14:55.846Z,7838,2026-09-01T21:14:55.846Z,TE,Tempe,0e5f68b5-5669-4bb1-91ce-4b967b620e7d,SAMMS-Tempe
202609012114520044,202609011903673356,202609011903672005,85,1294,Bronze INV,br_AdmissionAssessmentDimensionThree,TASK_COMPLETE,SUCCESS,INFO,368,368,0,,2026-09-01T19:04:17.664Z,2026-09-01T21:14:55.846Z,7838,2026-09-01T21:14:55.846Z,TEX,Texarkana,0e5f68b5-5669-4bb1-91ce-4b967b620e7d,SAMMS-Texarkana
202609012114520045,202609011903673357,202609011903672005,85,1295,Bronze INV,br_AdmissionAssessmentDimensionThree,TASK_COMPLETE,SUCCESS,INFO,426,426,0,,2026-09-01T19:04:17.664Z,2026-09-01T21:14:55.846Z,7838,2026-09-01T21:14:55.846Z,TTCA,Bessemer,0e5f68b5-5669-4bb1-91ce-4b967b620e7d,SAMMS-BessemerV5
202609012114520046,202609011903673358,202609011903672005,85,1296,Bronze INV,br_AdmissionAssessmentDimensionThree,TASK_COMPLETE,SUCCESS,INFO,551,551,0,,2026-09-01T19:04:17.664Z,2026-09-01T21:14:55.846Z,7838,2026-09-01T21:14:55.846Z,TTCB,Cullman,0e5f68b5-5669-4bb1-91ce-4b967b620e7d,SAMMS-CullmanV5
202609012114520047,202609011903673359,202609011903672005,85,1297,Bronze INV,br_AdmissionAssessmentDimensionThree,TASK_COMPLETE,SUCCESS,INFO,308,308,0,,2026-09-01T19:04:17.664Z,2026-09-01T21:14:55.846Z,7838,2026-09-01T21:14:55.846Z,TTCC,Grand Bay,0e5f68b5-5669-4bb1-91ce-4b967b620e7d,SAMMS-GrandBay
202609012114520048,202609011903673360,202609011903672005,85,1298,Bronze INV,br_AdmissionAssessmentDimensionThree,TASK_COMPLETE,SUCCESS,INFO,22,22,0,,2026-09-01T19:04:17.664Z,2026-09-01T21:14:55.846Z,7838,2026-09-01T21:14:55.846Z,TU,Tucson,0e5f68b5-5669-4bb1-91ce-4b967b620e7d,SAMMS-Tucson
202609012114520050,202609011903673361,202609011903672005,85,1300,Bronze INV,br_AdmissionAssessmentDimensionThree,TASK_COMPLETE,SUCCESS,INFO,252,252,0,,2026-09-01T19:04:17.664Z,2026-09-01T21:14:55.846Z,7838,2026-09-01T21:14:55.846Z,V1,Memphis South,0e5f68b5-5669-4bb1-91ce-4b967b620e7d,SAMMS-VCPHCS-I-MemphisV5
202609012114520051,202609011903673362,202609011903672005,85,1301,Bronze INV,br_AdmissionAssessmentDimensionThree,TASK_COMPLETE,SUCCESS,INFO,694,694,0,,2026-09-01T19:04:17.664Z,2026-09-01T21:14:55.846Z,7838,2026-09-01T21:14:55.846Z,V10,Longmont,0e5f68b5-5669-4bb1-91ce-4b967b620e7d,SAMMS-BoulderV5
202609012114520052,202609011903673363,202609011903672005,85,1302,Bronze INV,br_AdmissionAssessmentDimensionThree,TASK_COMPLETE,SUCCESS,INFO,1198,1198,0,,2026-09-01T19:04:17.664Z,2026-09-01T21:14:55.846Z,7838,2026-09-01T21:14:55.846Z,V10A,Fort Collins,0e5f68b5-5669-4bb1-91ce-4b967b620e7d,SAMMS-FortCollinsV5
202609012114520053,202609011903673364,202609011903672005,85,1303,Bronze INV,br_AdmissionAssessmentDimensionThree,TASK_COMPLETE,SUCCESS,INFO,998,998,0,,2026-09-01T19:04:17.664Z,2026-09-01T21:14:55.846Z,7838,2026-09-01T21:14:55.846Z,V11,Westminster,0e5f68b5-5669-4bb1-91ce-4b967b620e7d,SAMMS-VCPHCS-XI-NorthDenverV5
202609012114520054,202609011903673365,202609011903672005,85,1304,Bronze INV,br_AdmissionAssessmentDimensionThree,TASK_COMPLETE,SUCCESS,INFO,1063,1063,0,,2026-09-01T19:04:17.664Z,2026-09-01T21:14:55.846Z,7838,2026-09-01T21:14:55.846Z,V12,Downtown Denver,0e5f68b5-5669-4bb1-91ce-4b967b620e7d,SAMMS-VCPHCS-XII-DowntownDenverV5
202609012114520055,202609011903673366,202609011903672005,85,1305,Bronze INV,br_AdmissionAssessmentDimensionThree,TASK_COMPLETE,SUCCESS,INFO,475,475,0,,2026-09-01T19:04:17.664Z,2026-09-01T21:14:55.846Z,7838,2026-09-01T21:14:55.846Z,V12A,Centennial,0e5f68b5-5669-4bb1-91ce-4b967b620e7d,SAMMS-CentennialV5
202609012114520056,202609011903673367,202609011903672005,85,1306,Bronze INV,br_AdmissionAssessmentDimensionThree,TASK_COMPLETE,SUCCESS,INFO,295,295,0,,2026-09-01T19:04:17.664Z,2026-09-01T21:14:55.846Z,7838,2026-09-01T21:14:55.846Z,V14,Overland Park,0e5f68b5-5669-4bb1-91ce-4b967b620e7d,SAMMS-VCPHCS-XIV-BridgewayV5
202609012114520058,202609011903673368,202609011903672005,85,1307,Bronze INV,br_AdmissionAssessmentDimensionThree,TASK_COMPLETE,SUCCESS,INFO,574,574,0,,2026-09-01T19:04:17.664Z,2026-09-01T21:14:55.846Z,7838,2026-09-01T21:14:55.846Z,V15,Joplin,0e5f68b5-5669-4bb1-91ce-4b967b620e7d,SAMMS-JoplinV5
202609012114520059,202609011903673369,202609011903672005,85,1309,Bronze INV,br_AdmissionAssessmentDimensionThree,TASK_COMPLETE,SUCCESS,INFO,474,474,0,,2026-09-01T19:04:17.664Z,2026-09-01T21:14:55.846Z,7838,2026-09-01T21:14:55.846Z,V17,Columbia TN,0e5f68b5-5669-4bb1-91ce-4b967b620e7d,SAMMS-ColumbiaTNv5
202609012114520060,202609011903673370,202609011903672005,85,1311,Bronze INV,br_AdmissionAssessmentDimensionThree,TASK_COMPLETE,SUCCESS,INFO,418,418,0,,2026-09-01T19:04:17.664Z,2026-09-01T21:14:55.846Z,7838,2026-09-01T21:14:55.846Z,V19,Jackson,0e5f68b5-5669-4bb1-91ce-4b967b620e7d,SAMMS-JacksonV5
202609012114520061,202609011903673371,202609011903672005,85,1313,Bronze INV,br_AdmissionAssessmentDimensionThree,TASK_COMPLETE,SUCCESS,INFO,489,489,0,,2026-09-01T19:04:17.664Z,2026-09-01T21:14:55.846Z,7838,2026-09-01T21:14:55.846Z,V20,Paris,0e5f68b5-5669-4bb1-91ce-4b967b620e7d,SAMMS-ParisV5
202609012114520062,202609011903673372,202609011903672005,85,1314,Bronze INV,br_AdmissionAssessmentDimensionThree,TASK_COMPLETE,SUCCESS,INFO,354,354,0,,2026-09-01T19:04:17.664Z,2026-09-01T21:14:55.846Z,7838,2026-09-01T21:14:55.846Z,V21,Memphis North,0e5f68b5-5669-4bb1-91ce-4b967b620e7d,SAMMS-RaleighV5
202609012114520063,202609011903673373,202609011903672005,85,1317,Bronze INV,br_AdmissionAssessmentDimensionThree,TASK_COMPLETE,SUCCESS,INFO,705,705,0,,2026-09-01T19:04:17.664Z,2026-09-01T21:14:55.846Z,7838,2026-09-01T21:14:55.846Z,V5,West Bank,0e5f68b5-5669-4bb1-91ce-4b967b620e7d,SAMMS-NONTCv5
202609012114520065,202609011903673374,202609011903672005,85,1319,Bronze INV,br_AdmissionAssessmentDimensionThree,TASK_COMPLETE,SUCCESS,INFO,254,254,0,,2026-09-01T19:04:17.664Z,2026-09-01T21:14:55.846Z,7838,2026-09-01T21:14:55.846Z,V5B,Houma,0e5f68b5-5669-4bb1-91ce-4b967b620e7d,SAMMS-HoumaV6
202609012114520066,202609011903673375,202609011903672005,85,1320,Bronze INV,br_AdmissionAssessmentDimensionThree,TASK_COMPLETE,SUCCESS,INFO,958,958,0,,2026-09-01T19:04:17.664Z,2026-09-01T21:14:55.846Z,7838,2026-09-01T21:14:55.846Z,V6,Lake Charles,0e5f68b5-5669-4bb1-91ce-4b967b620e7d,SAMMS-LCv5
202609012114520067,202609011903673376,202609011903672005,85,1322,Bronze INV,br_AdmissionAssessmentDimensionThree,TASK_COMPLETE,SUCCESS,INFO,569,569,0,,2026-09-01T19:04:17.664Z,2026-09-01T21:14:55.846Z,7838,2026-09-01T21:14:55.846Z,V8,Memphis Midtown,0e5f68b5-5669-4bb1-91ce-4b967b620e7d,SAMMS-VCPHCS-VIII-MemphisV5
202609012114520068,202609011903673377,202609011903672005,85,1323,Bronze INV,br_AdmissionAssessmentDimensionThree,TASK_COMPLETE,SUCCESS,INFO,1582,1582,0,,2026-09-01T19:04:17.664Z,2026-09-01T21:14:55.846Z,7838,2026-09-01T21:14:55.846Z,V9,Nashville,0e5f68b5-5669-4bb1-91ce-4b967b620e7d,SAMMS-NashvilleV5
202609012114520069,202609011903673378,202609011903672005,85,1324,Bronze INV,br_AdmissionAssessmentDimensionThree,TASK_COMPLETE,SUCCESS,INFO,332,332,0,,2026-09-01T19:04:17.664Z,2026-09-01T21:14:55.846Z,7838,2026-09-01T21:14:55.846Z,VBRA,Brainerd,0e5f68b5-5669-4bb1-91ce-4b967b620e7d,SAMMS-BrainerdV6
202609012114520070,202609011903673379,202609011903672005,85,1325,Bronze INV,br_AdmissionAssessmentDimensionThree,TASK_COMPLETE,SUCCESS,INFO,593,593,0,,2026-09-01T19:04:17.664Z,2026-09-01T21:14:55.846Z,7838,2026-09-01T21:14:55.846Z,VBRP,Brooklyn Park,0e5f68b5-5669-4bb1-91ce-4b967b620e7d,SAMMS-BrooklynParkV6
202609012114520071,202609011903673380,202609011903672005,85,1327,Bronze INV,br_AdmissionAssessmentDimensionThree,TASK_COMPLETE,SUCCESS,INFO,577,577,0,,2026-09-01T19:04:17.664Z,2026-09-01T21:14:55.846Z,7838,2026-09-01T21:14:55.846Z,VMIN,Minneapolis,0e5f68b5-5669-4bb1-91ce-4b967b620e7d,SAMMS-MinneapolisV6
202609012114520073,202609011903673381,202609011903672005,85,1328,Bronze INV,br_AdmissionAssessmentDimensionThree,TASK_COMPLETE,SUCCESS,INFO,1067,1067,0,,2026-09-01T19:04:17.664Z,2026-09-01T21:14:55.846Z,7838,2026-09-01T21:14:55.846Z,VWBY,Woodbury,0e5f68b5-5669-4bb1-91ce-4b967b620e7d,SAMMS-WoodburyV6
202609012114519776,202609011903673124,202609011903672005,85,923,Bronze INV,br_AdmissionAssessmentDimensionOneDisorder,TASK_COMPLETE,SUCCESS,INFO,56,56,0,,2026-09-01T19:04:17.664Z,2026-09-01T21:14:55.846Z,7838,2026-09-01T21:14:55.846Z,STVN,Stevenson,0e5f68b5-5669-4bb1-91ce-4b967b620e7d,SAMMS-Stevenson
202609012114519778,202609011903673125,202609011903672005,85,925,Bronze INV,br_AdmissionAssessmentDimensionOneDisorder,TASK_COMPLETE,SUCCESS,INFO,76,76,0,,2026-09-01T19:04:17.664Z,2026-09-01T21:14:55.846Z,7838,2026-09-01T21:14:55.846Z,TE,Tempe,0e5f68b5-5669-4bb1-91ce-4b967b620e7d,SAMMS-Tempe
202609012114519779,202609011903673126,202609011903672005,85,926,Bronze INV,br_AdmissionAssessmentDimensionOneDisorder,TASK_COMPLETE,SUCCESS,INFO,371,371,0,,2026-09-01T19:04:17.664Z,2026-09-01T21:14:55.846Z,7838,2026-09-01T21:14:55.846Z,TEX,Texarkana,0e5f68b5-5669-4bb1-91ce-4b967b620e7d,SAMMS-Texarkana
202609012114519780,202609011903673127,202609011903672005,85,927,Bronze INV,br_AdmissionAssessmentDimensionOneDisorder,TASK_COMPLETE,SUCCESS,INFO,454,454,0,,2026-09-01T19:04:17.664Z,2026-09-01T21:14:55.846Z,7838,2026-09-01T21:14:55.846Z,TTCA,Bessemer,0e5f68b5-5669-4bb1-91ce-4b967b620e7d,SAMMS-BessemerV5
202609012114519781,202609011903673128,202609011903672005,85,928,Bronze INV,br_AdmissionAssessmentDimensionOneDisorder,TASK_COMPLETE,SUCCESS,INFO,556,556,0,,2026-09-01T19:04:17.664Z,2026-09-01T21:14:55.846Z,7838,2026-09-01T21:14:55.846Z,TTCB,Cullman,0e5f68b5-5669-4bb1-91ce-4b967b620e7d,SAMMS-CullmanV5
202609012114519782,202609011903673129,202609011903672005,85,929,Bronze INV,br_AdmissionAssessmentDimensionOneDisorder,TASK_COMPLETE,SUCCESS,INFO,368,368,0,,2026-09-01T19:04:17.664Z,2026-09-01T21:14:55.846Z,7838,2026-09-01T21:14:55.846Z,TTCC,Grand Bay,0e5f68b5-5669-4bb1-91ce-4b967b620e7d,SAMMS-GrandBay
202609012114519783,202609011903673130,202609011903672005,85,930,Bronze INV,br_AdmissionAssessmentDimensionOneDisorder,TASK_COMPLETE,SUCCESS,INFO,24,24,0,,2026-09-01T19:04:17.664Z,2026-09-01T21:14:55.846Z,7838,2026-09-01T21:14:55.846Z,TU,Tucson,0e5f68b5-5669-4bb1-91ce-4b967b620e7d,SAMMS-Tucson
202609012114519784,202609011903673131,202609011903672005,85,932,Bronze INV,br_AdmissionAssessmentDimensionOneDisorder,TASK_COMPLETE,SUCCESS,INFO,266,266,0,,2026-09-01T19:04:17.664Z,2026-09-01T21:14:55.846Z,7838,2026-09-01T21:14:55.846Z,V1,Memphis South,0e5f68b5-5669-4bb1-91ce-4b967b620e7d,SAMMS-VCPHCS-I-MemphisV5
202609012114519786,202609011903673132,202609011903672005,85,933,Bronze INV,br_AdmissionAssessmentDimensionOneDisorder,TASK_COMPLETE,SUCCESS,INFO,709,709,0,,2026-09-01T19:04:17.664Z,2026-09-01T21:14:55.846Z,7838,2026-09-01T21:14:55.846Z,V10,Longmont,0e5f68b5-5669-4bb1-91ce-4b967b620e7d,SAMMS-BoulderV5
202609012114519787,202609011903673133,202609011903672005,85,934,Bronze INV,br_AdmissionAssessmentDimensionOneDisorder,TASK_COMPLETE,SUCCESS,INFO,1210,1210,0,,2026-09-01T19:04:17.664Z,2026-09-01T21:14:55.846Z,7838,2026-09-01T21:14:55.846Z,V10A,Fort Collins,0e5f68b5-5669-4bb1-91ce-4b967b620e7d,SAMMS-FortCollinsV5
202609012114519788,202609011903673134,202609011903672005,85,935,Bronze INV,br_AdmissionAssessmentDimensionOneDisorder,TASK_COMPLETE,SUCCESS,INFO,1056,1056,0,,2026-09-01T19:04:17.664Z,2026-09-01T21:14:55.846Z,7838,2026-09-01T21:14:55.846Z,V11,Westminster,0e5f68b5-5669-4bb1-91ce-4b967b620e7d,SAMMS-VCPHCS-XI-NorthDenverV5
202609012114519789,202609011903673135,202609011903672005,85,936,Bronze INV,br_AdmissionAssessmentDimensionOneDisorder,TASK_COMPLETE,SUCCESS,INFO,1113,1113,0,,2026-09-01T19:04:17.664Z,2026-09-01T21:14:55.846Z,7838,2026-09-01T21:14:55.846Z,V12,Downtown Denver,0e5f68b5-5669-4bb1-91ce-4b967b620e7d,SAMMS-VCPHCS-XII-DowntownDenverV5
202609012114519790,202609011903673136,202609011903672005,85,937,Bronze INV,br_AdmissionAssessmentDimensionOneDisorder,TASK_COMPLETE,SUCCESS,INFO,503,503,0,,2026-09-01T19:04:17.664Z,2026-09-01T21:14:55.846Z,7838,2026-09-01T21:14:55.846Z,V12A,Centennial,0e5f68b5-5669-4bb1-91ce-4b967b620e7d,SAMMS-CentennialV5
202609012114519791,202609011903673137,202609011903672005,85,938,Bronze INV,br_AdmissionAssessmentDimensionOneDisorder,TASK_COMPLETE,SUCCESS,INFO,318,318,0,,2026-09-01T19:04:17.664Z,2026-09-01T21:14:55.846Z,7838,2026-09-01T21:14:55.846Z,V14,Overland Park,0e5f68b5-5669-4bb1-91ce-4b967b620e7d,SAMMS-VCPHCS-XIV-BridgewayV5
202609012114519792,202609011903673138,202609011903672005,85,939,Bronze INV,br_AdmissionAssessmentDimensionOneDisorder,TASK_COMPLETE,SUCCESS,INFO,575,575,0,,2026-09-01T19:04:17.664Z,2026-09-01T21:14:55.846Z,7838,2026-09-01T21:14:55.846Z,V15,Joplin,0e5f68b5-5669-4bb1-91ce-4b967b620e7d,SAMMS-JoplinV5
202609012114519794,202609011903673139,202609011903672005,85,941,Bronze INV,br_AdmissionAssessmentDimensionOneDisorder,TASK_COMPLETE,SUCCESS,INFO,493,493,0,,2026-09-01T19:04:17.664Z,2026-09-01T21:14:55.846Z,7838,2026-09-01T21:14:55.846Z,V17,Columbia TN,0e5f68b5-5669-4bb1-91ce-4b967b620e7d,SAMMS-ColumbiaTNv5
202609012114519795,202609011903673140,202609011903672005,85,943,Bronze INV,br_AdmissionAssessmentDimensionOneDisorder,TASK_COMPLETE,SUCCESS,INFO,441,441,0,,2026-09-01T19:04:17.664Z,2026-09-01T21:14:55.846Z,7838,2026-09-01T21:14:55.846Z,V19,Jackson,0e5f68b5-5669-4bb1-91ce-4b967b620e7d,SAMMS-JacksonV5
202609012114519796,202609011903673141,202609011903672005,85,945,Bronze INV,br_AdmissionAssessmentDimensionOneDisorder,TASK_COMPLETE,SUCCESS,INFO,523,523,0,,2026-09-01T19:04:17.664Z,2026-09-01T21:14:55.846Z,7838,2026-09-01T21:14:55.846Z,V20,Paris,0e5f68b5-5669-4bb1-91ce-4b967b620e7d,SAMMS-ParisV5
202609012114519797,202609011903673142,202609011903672005,85,946,Bronze INV,br_AdmissionAssessmentDimensionOneDisorder,TASK_COMPLETE,SUCCESS,INFO,366,366,0,,2026-09-01T19:04:17.664Z,2026-09-01T21:14:55.846Z,7838,2026-09-01T21:14:55.846Z,V21,Memphis North,0e5f68b5-5669-4bb1-91ce-4b967b620e7d,SAMMS-RaleighV5
202609012114519798,202609011903673143,202609011903672005,85,949,Bronze INV,br_AdmissionAssessmentDimensionOneDisorder,TASK_COMPLETE,SUCCESS,INFO,724,724,0,,2026-09-01T19:04:17.664Z,2026-09-01T21:14:55.846Z,7838,2026-09-01T21:14:55.846Z,V5,West Bank,0e5f68b5-5669-4bb1-91ce-4b967b620e7d,SAMMS-NONTCv5
202609012114519799,202609011903673144,202609011903672005,85,951,Bronze INV,br_AdmissionAssessmentDimensionOneDisorder,TASK_COMPLETE,SUCCESS,INFO,262,262,0,,2026-09-01T19:04:17.664Z,2026-09-01T21:14:55.846Z,7838,2026-09-01T21:14:55.846Z,V5B,Houma,0e5f68b5-5669-4bb1-91ce-4b967b620e7d,SAMMS-HoumaV6
202609012114519801,202609011903673145,202609011903672005,85,952,Bronze INV,br_AdmissionAssessmentDimensionOneDisorder,TASK_COMPLETE,SUCCESS,INFO,982,982,0,,2026-09-01T19:04:17.664Z,2026-09-01T21:14:55.846Z,7838,2026-09-01T21:14:55.846Z,V6,Lake Charles,0e5f68b5-5669-4bb1-91ce-4b967b620e7d,SAMMS-LCv5
202609012114519802,202609011903673146,202609011903672005,85,954,Bronze INV,br_AdmissionAssessmentDimensionOneDisorder,TASK_COMPLETE,SUCCESS,INFO,585,585,0,,2026-09-01T19:04:17.664Z,2026-09-01T21:14:55.846Z,7838,2026-09-01T21:14:55.846Z,V8,Memphis Midtown,0e5f68b5-5669-4bb1-91ce-4b967b620e7d,SAMMS-VCPHCS-VIII-MemphisV5
202609012114519803,202609011903673147,202609011903672005,85,955,Bronze INV,br_AdmissionAssessmentDimensionOneDisorder,TASK_COMPLETE,SUCCESS,INFO,1632,1632,0,,2026-09-01T19:04:17.664Z,2026-09-01T21:14:55.846Z,7838,2026-09-01T21:14:55.846Z,V9,Nashville,0e5f68b5-5669-4bb1-91ce-4b967b620e7d,SAMMS-NashvilleV5
202609012114519804,202609011903673148,202609011903672005,85,956,Bronze INV,br_AdmissionAssessmentDimensionOneDisorder,TASK_COMPLETE,SUCCESS,INFO,349,349,0,,2026-09-01T19:04:17.664Z,2026-09-01T21:14:55.846Z,7838,2026-09-01T21:14:55.846Z,VBRA,Brainerd,0e5f68b5-5669-4bb1-91ce-4b967b620e7d,SAMMS-BrainerdV6
202609012114519805,202609011903673149,202609011903672005,85,957,Bronze INV,br_AdmissionAssessmentDimensionOneDisorder,TASK_COMPLETE,SUCCESS,INFO,615,615,0,,2026-09-01T19:04:17.664Z,2026-09-01T21:14:55.846Z,7838,2026-09-01T21:14:55.846Z,VBRP,Brooklyn Park,0e5f68b5-5669-4bb1-91ce-4b967b620e7d,SAMMS-BrooklynParkV6
202609012114519806,202609011903673150,202609011903672005,85,959,Bronze INV,br_AdmissionAssessmentDimensionOneDisorder,TASK_COMPLETE,SUCCESS,INFO,585,585,0,,2026-09-01T19:04:17.664Z,2026-09-01T21:14:55.846Z,7838,2026-09-01T21:14:55.846Z,VMIN,Minneapolis,0e5f68b5-5669-4bb1-91ce-4b967b620e7d,SAMMS-MinneapolisV6
202609012114519807,202609011903673151,202609011903672005,85,960,Bronze INV,br_AdmissionAssessmentDimensionOneDisorder,TASK_COMPLETE,SUCCESS,INFO,1131,1131,0,,2026-09-01T19:04:17.664Z,2026-09-01T21:14:55.846Z,7838,2026-09-01T21:14:55.846Z,VWBY,Woodbury,0e5f68b5-5669-4bb1-91ce-4b967b620e7d,SAMMS-WoodburyV6
202609012114519809,202609011903673152,202609011903672005,85,962,Bronze INV,br_AdmissionAssessmentDimensionOneDisorder,TASK_COMPLETE,SUCCESS,INFO,441,441,0,,2026-09-01T19:04:17.664Z,2026-09-01T21:14:55.846Z,7838,2026-09-01T21:14:55.846Z,WIL,Wilson,0e5f68b5-5669-4bb1-91ce-4b967b620e7d,SAMMS-Wilson
202609012114519810,202609011903673153,202609011903672005,85,1334,Bronze INV,br_AdmissionAssessmentDimensionTwo,TASK_COMPLETE,SUCCESS,INFO,100,100,0,,2026-09-01T19:04:17.664Z,2026-09-01T21:14:55.846Z,7838,2026-09-01T21:14:55.846Z,AHK,Ahoskie,0e5f68b5-5669-4bb1-91ce-4b967b620e7d,SAMMS-Ahoskie
202609012114519811,202609011903673154,202609011903672005,85,1335,Bronze INV,br_AdmissionAssessmentDimensionTwo,TASK_COMPLETE,SUCCESS,INFO,794,794,0,,2026-09-01T19:04:17.664Z,2026-09-01T21:14:55.846Z,7838,2026-09-01T21:14:55.846Z,B12B,Colorado Springs,0e5f68b5-5669-4bb1-91ce-4b967b620e7d,SAMMS-ColoradoSpringsV5
202609012114519812,202609011903673155,202609011903672005,85,1336,Bronze INV,br_AdmissionAssessmentDimensionTwo,TASK_COMPLETE,SUCCESS,INFO,415,415,0,,2026-09-01T19:04:17.664Z,2026-09-01T21:14:55.846Z,7838,2026-09-01T21:14:55.846Z,B24,Paintsville,0e5f68b5-5669-4bb1-91ce-4b967b620e7d,SAMMS-PaintsvilleV5
202609012114519813,202609011903673156,202609011903672005,85,1337,Bronze INV,br_AdmissionAssessmentDimensionTwo,TASK_COMPLETE,SUCCESS,INFO,172,172,0,,2026-09-01T19:04:17.664Z,2026-09-01T21:14:55.846Z,7838,2026-09-01T21:14:55.846Z,B25,Pikeville,0e5f68b5-5669-4bb1-91ce-4b967b620e7d,SAMMS-PikevilleV5
202609012114519814,202609011903673157,202609011903672005,85,1338,Bronze INV,br_AdmissionAssessmentDimensionTwo,TASK_COMPLETE,SUCCESS,INFO,496,496,0,,2026-09-01T19:04:17.664Z,2026-09-01T21:14:55.846Z,7838,2026-09-01T21:14:55.846Z,B26,Hazard,0e5f68b5-5669-4bb1-91ce-4b967b620e7d,SAMMS-HazardV5
202609012114519816,202609011903673158,202609011903672005,85,1339,Bronze INV,br_AdmissionAssessmentDimensionTwo,TASK_COMPLETE,SUCCESS,INFO,188,188,0,,2026-09-01T19:04:17.664Z,2026-09-01T21:14:55.846Z,7838,2026-09-01T21:14:55.846Z,B27,Savannah,0e5f68b5-5669-4bb1-91ce-4b967b620e7d,SAMMS-SavannahV6
202609012114519817,202609011903673159,202609011903672005,85,1340,Bronze INV,br_AdmissionAssessmentDimensionTwo,TASK_COMPLETE,SUCCESS,INFO,236,236,0,,2026-09-01T19:04:17.664Z,2026-09-01T21:14:55.846Z,7838,2026-09-01T21:14:55.846Z,B28,West Plains,0e5f68b5-5669-4bb1-91ce-4b967b620e7d,SAMMS-WestPlainesV5
202609012114519818,202609011903673160,202609011903672005,85,1341,Bronze INV,br_AdmissionAssessmentDimensionTwo,TASK_COMPLETE,SUCCESS,INFO,261,261,0,,2026-09-01T19:04:17.664Z,2026-09-01T21:14:55.846Z,7838,2026-09-01T21:14:55.846Z,B29,Poplar Bluff,0e5f68b5-5669-4bb1-91ce-4b967b620e7d,SAMMS-PoplarBluffV5
202609012114519819,202609011903673161,202609011903672005,85,1342,Bronze INV,br_AdmissionAssessmentDimensionTwo,TASK_COMPLETE,SUCCESS,INFO,147,147,0,,2026-09-01T19:04:17.664Z,2026-09-01T21:14:55.846Z,7838,2026-09-01T21:14:55.846Z,B30,KC North,0e5f68b5-5669-4bb1-91ce-4b967b620e7d,SAMMS-KCNv5
202609012114519820,202609011903673162,202609011903672005,85,1343,Bronze INV,br_AdmissionAssessmentDimensionTwo,TASK_COMPLETE,SUCCESS,INFO,350,350,0,,2026-09-01T19:04:17.664Z,2026-09-01T21:14:55.846Z,7838,2026-09-01T21:14:55.846Z,B31,Dyersburg,0e5f68b5-5669-4bb1-91ce-4b967b620e7d,SAMMS-DyersburgV5
202609012114519821,202609011903673163,202609011903672005,85,1345,Bronze INV,br_AdmissionAssessmentDimensionTwo,TASK_COMPLETE,SUCCESS,INFO,213,213,0,,2026-09-01T19:04:17.664Z,2026-09-01T21:14:55.846Z,7838,2026-09-01T21:14:55.846Z,B33,Paducah,0e5f68b5-5669-4bb1-91ce-4b967b620e7d,SAMMS-Paducah
202609012114519822,202609011903673164,202609011903672005,85,1346,Bronze INV,br_AdmissionAssessmentDimensionTwo,TASK_COMPLETE,SUCCESS,INFO,449,449,0,,2026-09-01T19:04:17.664Z,2026-09-01T21:14:55.846Z,7838,2026-09-01T21:14:55.846Z,B34,Corbin,0e5f68b5-5669-4bb1-91ce-4b967b620e7d,SAMMS-CorbinV5
202609012114519824,202609011903673165,202609011903672005,85,1347,Bronze INV,br_AdmissionAssessmentDimensionTwo,TASK_COMPLETE,SUCCESS,INFO,719,719,0,,2026-09-01T19:04:17.664Z,2026-09-01T21:14:55.846Z,7838,2026-09-01T21:14:55.846Z,B35,Lexington,0e5f68b5-5669-4bb1-91ce-4b967b620e7d,SAMMS-LexingtonV5
202609012114519825,202609011903673166,202609011903672005,85,1348,Bronze INV,br_AdmissionAssessmentDimensionTwo,TASK_COMPLETE,SUCCESS,INFO,345,345,0,,2026-09-01T19:04:17.664Z,2026-09-01T21:14:55.846Z,7838,2026-09-01T21:14:55.846Z,B35A,Berea,0e5f68b5-5669-4bb1-91ce-4b967b620e7d,SAMMS-BereaV5
202609012114519826,202609011903673167,202609011903672005,85,1349,Bronze INV,br_AdmissionAssessmentDimensionTwo,TASK_COMPLETE,SUCCESS,INFO,613,613,0,,2026-09-01T19:04:17.664Z,2026-09-01T21:14:55.846Z,7838,2026-09-01T21:14:55.846Z,B36,Asheville,0e5f68b5-5669-4bb1-91ce-4b967b620e7d,SAMMS-AshevilleV5
202609012114519827,202609011903673168,202609011903672005,85,1350,Bronze INV,br_AdmissionAssessmentDimensionTwo,TASK_COMPLETE,SUCCESS,INFO,453,453,0,,2026-09-01T19:04:17.664Z,2026-09-01T21:14:55.846Z,7838,2026-09-01T21:14:55.846Z,B37,Clyde,0e5f68b5-5669-4bb1-91ce-4b967b620e7d,SAMMS-ClydeV5
202609012114519828,202609011903673169,202609011903672005,85,1351,Bronze INV,br_AdmissionAssessmentDimensionTwo,TASK_COMPLETE,SUCCESS,INFO,634,634,0,,2026-09-01T19:04:17.664Z,2026-09-01T21:14:55.846Z,7838,2026-09-01T21:14:55.846Z,B38,Spartanburg,0e5f68b5-5669-4bb1-91ce-4b967b620e7d,SAMMS-SpartanburgV5
202609012114519829,202609011903673170,202609011903672005,85,1352,Bronze INV,br_AdmissionAssessmentDimensionTwo,TASK_COMPLETE,SUCCESS,INFO,486,486,0,,2026-09-01T19:04:17.664Z,2026-09-01T21:14:55.846Z,7838,2026-09-01T21:14:55.846Z,B39,Aiken,0e5f68b5-5669-4bb1-91ce-4b967b620e7d,SAMMS-AikenV5
202609012114519830,202609011903673171,202609011903672005,85,1353,Bronze INV,br_AdmissionAssessmentDimensionTwo,TASK_COMPLETE,SUCCESS,INFO,301,301,0,,2026-09-01T19:04:17.664Z,2026-09-01T21:14:55.846Z,7838,2026-09-01T21:14:55.846Z,B41,Chesapeake,0e5f68b5-5669-4bb1-91ce-4b967b620e7d,SAMMS-ChesapeakeV5
202609012114519832,202609011903673172,202609011903672005,85,1354,Bronze INV,br_AdmissionAssessmentDimensionTwo,TASK_COMPLETE,SUCCESS,INFO,540,540,0,,2026-09-01T19:04:17.664Z,2026-09-01T21:14:55.846Z,7838,2026-09-01T21:14:55.846Z,B42,Virginia Beach,0e5f68b5-5669-4bb1-91ce-4b967b620e7d,SAMMS-VirginiaBeachV5
202609012114519833,202609011903673173,202609011903672005,85,1355,Bronze INV,br_AdmissionAssessmentDimensionTwo,TASK_COMPLETE,SUCCESS,INFO,168,168,0,,2026-09-01T19:04:17.664Z,2026-09-01T21:14:55.846Z,7838,2026-09-01T21:14:55.846Z,B42A,Newport News,0e5f68b5-5669-4bb1-91ce-4b967b620e7d,SAMMS-NewportNewsV5
202609012114519834,202609011903673174,202609011903672005,85,1356,Bronze INV,br_AdmissionAssessmentDimensionTwo,TASK_COMPLETE,SUCCESS,INFO,57,57,0,,2026-09-01T19:04:17.664Z,2026-09-01T21:14:55.846Z,7838,2026-09-01T21:14:55.846Z,B42B,Franklin,0e5f68b5-5669-4bb1-91ce-4b967b620e7d,SAMMS-FranklinV5
202609012114519835,202609011903673175,202609011903672005,85,1357,Bronze INV,br_AdmissionAssessmentDimensionTwo,TASK_COMPLETE,SUCCESS,INFO,340,340,0,,2026-09-01T19:04:17.664Z,2026-09-01T21:14:55.846Z,7838,2026-09-01T21:14:55.846Z,B42C,Glen Allen,0e5f68b5-5669-4bb1-91ce-4b967b620e7d,SAMMS-GlenAllenV5
202609012114519836,202609011903673176,202609011903672005,85,1358,Bronze INV,br_AdmissionAssessmentDimensionTwo,TASK_COMPLETE,SUCCESS,INFO,176,176,0,,2026-09-01T19:04:17.664Z,2026-09-01T21:14:55.846Z,7838,2026-09-01T21:14:55.846Z,B42D,Chesapeake South,0e5f68b5-5669-4bb1-91ce-4b967b620e7d,SAMMS-ChesapeakeSouthV5
202609012114519837,202609011903673177,202609011903672005,85,1359,Bronze INV,br_AdmissionAssessmentDimensionTwo,TASK_COMPLETE,SUCCESS,INFO,212,212,0,,2026-09-01T19:04:17.664Z,2026-09-01T21:14:55.846Z,7838,2026-09-01T21:14:55.846Z,B44,Albany,0e5f68b5-5669-4bb1-91ce-4b967b620e7d,SAMMS-AlbanyV5
202609012114519839,202609011903673178,202609011903672005,85,1360,Bronze INV,br_AdmissionAssessmentDimensionTwo,TASK_COMPLETE,SUCCESS,INFO,307,307,0,,2026-09-01T19:04:17.664Z,2026-09-01T21:14:55.846Z,7838,2026-09-01T21:14:55.846Z,B45,Tifton,0e5f68b5-5669-4bb1-91ce-4b967b620e7d,SAMMS-TiftonV5
202609012114519840,202609011903673179,202609011903672005,85,1361,Bronze INV,br_AdmissionAssessmentDimensionTwo,TASK_COMPLETE,SUCCESS,INFO,673,673,0,,2026-09-01T19:04:17.664Z,2026-09-01T21:14:55.846Z,7838,2026-09-01T21:14:55.846Z,B46,Washington DC,0e5f68b5-5669-4bb1-91ce-4b967b620e7d,SAMMS-WashingtonDCv5
202609012114519841,202609011903673180,202609011903672005,85,1362,Bronze INV,br_AdmissionAssessmentDimensionTwo,TASK_COMPLETE,SUCCESS,INFO,362,362,0,,2026-09-01T19:04:17.664Z,2026-09-01T21:14:55.846Z,7838,2026-09-01T21:14:55.846Z,B47,Mobile,0e5f68b5-5669-4bb1-91ce-4b967b620e7d,SAMMS-MobileV5
202609012114519842,202609011903673181,202609011903672005,85,1363,Bronze INV,br_AdmissionAssessmentDimensionTwo,TASK_COMPLETE,SUCCESS,INFO,452,452,0,,2026-09-01T19:04:17.664Z,2026-09-01T21:14:55.846Z,7838,2026-09-01T21:14:55.846Z,B48,Tuscaloosa,0e5f68b5-5669-4bb1-91ce-4b967b620e7d,SAMMS-TuscaloosaV5
202609012114519843,202609011903673182,202609011903672005,85,1372,Bronze INV,br_AdmissionAssessmentDimensionTwo,TASK_COMPLETE,SUCCESS,INFO,318,318,0,,2026-09-01T19:04:17.664Z,2026-09-01T21:14:55.846Z,7838,2026-09-01T21:14:55.846Z,B51,N. Little Rock (OTP),0e5f68b5-5669-4bb1-91ce-4b967b620e7d,SAMMS-NorthLittleRockV6
202609012114519844,202609011903673183,202609011903672005,85,1373,Bronze INV,br_AdmissionAssessmentDimensionTwo,TASK_COMPLETE,SUCCESS,INFO,160,160,0,,2026-09-01T19:04:17.664Z,2026-09-01T21:14:55.846Z,7838,2026-09-01T21:14:55.846Z,B52,Jackson GA,0e5f68b5-5669-4bb1-91ce-4b967b620e7d,SAMMS-JacksonGAV5
202609012114519845,202609011903673184,202609011903672005,85,1374,Bronze INV,br_AdmissionAssessmentDimensionTwo,TASK_COMPLETE,SUCCESS,INFO,486,486,0,,2026-09-01T19:04:17.664Z,2026-09-01T21:14:55.846Z,7838,2026-09-01T21:14:55.846Z,B54,Gadsden,0e5f68b5-5669-4bb1-91ce-4b967b620e7d,SAMMS-GadsdenV5
202609012114519846,202609011903673185,202609011903672005,85,1375,Bronze INV,br_AdmissionAssessmentDimensionTwo,TASK_COMPLETE,SUCCESS,INFO,492,492,0,,2026-09-01T19:04:17.664Z,2026-09-01T21:14:55.846Z,7838,2026-09-01T21:14:55.846Z,B55,Shoals,0e5f68b5-5669-4bb1-91ce-4b967b620e7d,SAMMS-ShoalsV5
202609012114519848,202609011903673186,202609011903672005,85,1376,Bronze INV,br_AdmissionAssessmentDimensionTwo,TASK_COMPLETE,SUCCESS,INFO,175,175,0,,2026-09-01T19:04:17.664Z,2026-09-01T21:14:55.846Z,7838,2026-09-01T21:14:55.846Z,B57,Pawtucket,0e5f68b5-5669-4bb1-91ce-4b967b620e7d,SAMMS-Pawtucket
202609012114519849,202609011903673187,202609011903672005,85,1377,Bronze INV,br_AdmissionAssessmentDimensionTwo,TASK_COMPLETE,SUCCESS,INFO,172,172,0,,2026-09-01T19:04:17.664Z,2026-09-01T21:14:55.846Z,7838,2026-09-01T21:14:55.846Z,B57A,Johnston,0e5f68b5-5669-4bb1-91ce-4b967b620e7d,SAMMS-Johnston
202609012114519850,202609011903673188,202609011903672005,85,1378,Bronze INV,br_AdmissionAssessmentDimensionTwo,TASK_COMPLETE,SUCCESS,INFO,92,92,0,,2026-09-01T19:04:17.664Z,2026-09-01T21:14:55.846Z,7838,2026-09-01T21:14:55.846Z,B57B,Middletown,0e5f68b5-5669-4bb1-91ce-4b967b620e7d,SAMMS-Middletown
202609012114519851,202609011903673189,202609011903672005,85,1379,Bronze INV,br_AdmissionAssessmentDimensionTwo,TASK_COMPLETE,SUCCESS,INFO,182,182,0,,2026-09-01T19:04:17.664Z,2026-09-01T21:14:55.846Z,7838,2026-09-01T21:14:55.846Z,B57C,Providence,0e5f68b5-5669-4bb1-91ce-4b967b620e7d,SAMMS-Providence
202609012114519852,202609011903673190,202609011903672005,85,1380,Bronze INV,br_AdmissionAssessmentDimensionTwo,TASK_COMPLETE,SUCCESS,INFO,260,260,0,,2026-09-01T19:04:17.664Z,2026-09-01T21:14:55.846Z,7838,2026-09-01T21:14:55.846Z,B57D,Westerly,0e5f68b5-5669-4bb1-91ce-4b967b620e7d,SAMMS-Westerly
202609012114519853,202609011903673191,202609011903672005,85,1384,Bronze INV,br_AdmissionAssessmentDimensionTwo,TASK_COMPLETE,SUCCESS,INFO,365,365,0,,2026-09-01T19:04:17.664Z,2026-09-01T21:14:55.846Z,7838,2026-09-01T21:14:55.846Z,B66A,Bremen,0e5f68b5-5669-4bb1-91ce-4b967b620e7d,SAMMS-Bremen
202609012114519855,202609011903673192,202609011903672005,85,1387,Bronze INV,br_AdmissionAssessmentDimensionTwo,TASK_COMPLETE,SUCCESS,INFO,16,16,0,,2026-09-01T19:04:17.664Z,2026-09-01T21:14:55.846Z,7838,2026-09-01T21:14:55.846Z,B72,Mobile (OBOT),0e5f68b5-5669-4bb1-91ce-4b967b620e7d,SAMMS-Mobile-OBOT
202609012114519856,202609011903673193,202609011903672005,85,1388,Bronze INV,br_AdmissionAssessmentDimensionTwo,TASK_COMPLETE,SUCCESS,INFO,5,5,0,,2026-09-01T19:04:17.664Z,2026-09-01T21:14:55.846Z,7838,2026-09-01T21:14:55.846Z,B73,Montgomery,0e5f68b5-5669-4bb1-91ce-4b967b620e7d,SAMMS-Montgomery
202609012114519857,202609011903673194,202609011903672005,85,1389,Bronze INV,br_AdmissionAssessmentDimensionTwo,TASK_COMPLETE,SUCCESS,INFO,324,324,0,,2026-09-01T19:04:17.664Z,2026-09-01T21:14:55.846Z,7838,2026-09-01T21:14:55.846Z,B75,Lawrence,0e5f68b5-5669-4bb1-91ce-4b967b620e7d,SAMMS-LawrenceV6
202609012114519858,202609011903673195,202609011903672005,85,1390,Bronze INV,br_AdmissionAssessmentDimensionTwo,TASK_COMPLETE,SUCCESS,INFO,51,51,0,,2026-09-01T19:04:17.664Z,2026-09-01T21:14:55.846Z,7838,2026-09-01T21:14:55.846Z,B76,Huntsville OBOT,0e5f68b5-5669-4bb1-91ce-4b967b620e7d,SAMMS-Huntsville-OBOT
202609012114519859,202609011903673196,202609011903672005,85,1391,Bronze INV,br_AdmissionAssessmentDimensionTwo,TASK_COMPLETE,SUCCESS,INFO,304,304,0,,2026-09-01T19:04:17.664Z,2026-09-01T21:14:55.846Z,7838,2026-09-01T21:14:55.846Z,BAT,Batesville,0e5f68b5-5669-4bb1-91ce-4b967b620e7d,SAMMS-Batesville
202609012114519860,202609011903673197,202609011903672005,85,1392,Bronze INV,br_AdmissionAssessmentDimensionTwo,TASK_COMPLETE,SUCCESS,INFO,238,238,0,,2026-09-01T19:04:17.664Z,2026-09-01T21:14:55.846Z,7838,2026-09-01T21:14:55.846Z,BG,Bowling Green,0e5f68b5-5669-4bb1-91ce-4b967b620e7d,SAMMS-BowlingGreen
202609012114519861,202609011903673198,202609011903672005,85,1393,Bronze INV,br_AdmissionAssessmentDimensionTwo,TASK_COMPLETE,SUCCESS,INFO,223,223,0,,2026-09-01T19:04:17.664Z,2026-09-01T21:14:55.846Z,7838,2026-09-01T21:14:55.846Z,BOI,Boise,0e5f68b5-5669-4bb1-91ce-4b967b620e7d,SAMMS-Boise
202609012114519863,202609011903673199,202609011903672005,85,1400,Bronze INV,br_AdmissionAssessmentDimensionTwo,TASK_COMPLETE,SUCCESS,INFO,288,288,0,,2026-09-01T19:04:17.664Z,2026-09-01T21:14:55.846Z,7838,2026-09-01T21:14:55.846Z,CBCO,Coeur dAlene,0e5f68b5-5669-4bb1-91ce-4b967b620e7d,SAMMS-CoeurdAleneV6
202609012114519864,202609011903673200,202609011903672005,85,1419,Bronze INV,br_AdmissionAssessmentDimensionTwo,TASK_COMPLETE,SUCCESS,INFO,304,304,0,,2026-09-01T19:04:17.664Z,2026-09-01T21:14:55.846Z,7838,2026-09-01T21:14:55.846Z,CON,Conway,0e5f68b5-5669-4bb1-91ce-4b967b620e7d,SAMMS-Conway
202609012114519865,202609011903673201,202609011903672005,85,1420,Bronze INV,br_AdmissionAssessmentDimensionTwo,TASK_COMPLETE,SUCCESS,INFO,1572,1572,0,,2026-09-01T19:04:17.664Z,2026-09-01T21:14:55.846Z,7838,2026-09-01T21:14:55.846Z,D07,Medical Services Knox TN,0e5f68b5-5669-4bb1-91ce-4b967b620e7d,SAMMS-KnoxvilleV6
202609012114519866,202609011903673202,202609011903672005,85,1421,Bronze INV,br_AdmissionAssessmentDimensionTwo,TASK_COMPLETE,SUCCESS,INFO,978,978,0,,2026-09-01T19:04:17.664Z,2026-09-01T21:14:55.846Z,7838,2026-09-01T21:14:55.846Z,D08,Madison,0e5f68b5-5669-4bb1-91ce-4b967b620e7d,SAMMS-MadisonV6
202609012114519867,202609011903673203,202609011903672005,85,1423,Bronze INV,br_AdmissionAssessmentDimensionTwo,TASK_COMPLETE,SUCCESS,INFO,946,946,0,,2026-09-01T19:04:17.664Z,2026-09-01T21:14:55.846Z,7838,2026-09-01T21:14:55.846Z,D09,Murfreesboro,0e5f68b5-5669-4bb1-91ce-4b967b620e7d,SAMMS-MurfreesboroV6
202609012114519868,202609011903673204,202609011903672005,85,1424,Bronze INV,br_AdmissionAssessmentDimensionTwo,TASK_COMPLETE,SUCCESS,INFO,221,221,0,,2026-09-01T19:04:17.664Z,2026-09-01T21:14:55.846Z,7838,2026-09-01T21:14:55.846Z,DA,Davenport,0e5f68b5-5669-4bb1-91ce-4b967b620e7d,SAMMS-Davenport
202609012114519870,202609011903673205,202609011903672005,85,1425,Bronze INV,br_AdmissionAssessmentDimensionTwo,TASK_COMPLETE,SUCCESS,INFO,355,355,0,,2026-09-01T19:04:17.664Z,2026-09-01T21:14:55.846Z,7838,2026-09-01T21:14:55.846Z,DM,Des Moines,0e5f68b5-5669-4bb1-91ce-4b967b620e7d,SAMMS-DesMoines
202609012114519871,202609011903673206,202609011903672005,85,1427,Bronze INV,br_AdmissionAssessmentDimensionTwo,TASK_COMPLETE,SUCCESS,INFO,480,480,0,,2026-09-01T19:04:17.664Z,2026-09-01T21:14:55.846Z,7838,2026-09-01T21:14:55.846Z,DRD-CO,Columbia MO,0e5f68b5-5669-4bb1-91ce-4b967b620e7d,SAMMS-ColumbiaV5
202609012114519872,202609011903673207,202609011903672005,85,1428,Bronze INV,br_AdmissionAssessmentDimensionTwo,TASK_COMPLETE,SUCCESS,INFO,596,596,0,,2026-09-01T19:04:17.664Z,2026-09-01T21:14:55.846Z,7838,2026-09-01T21:14:55.846Z,DRD-KC,KC,0e5f68b5-5669-4bb1-91ce-4b967b620e7d,SAMMS-KCv5
202609012114519873,202609011903673208,202609011903672005,85,1429,Bronze INV,br_AdmissionAssessmentDimensionTwo,TASK_COMPLETE,SUCCESS,INFO,951,951,0,,2026-09-01T19:04:17.664Z,2026-09-01T21:14:55.846Z,7838,2026-09-01T21:14:55.846Z,DRD-KVB,KVB,0e5f68b5-5669-4bb1-91ce-4b967b620e7d,SAMMS-KVBv5
202609012114519874,202609011903673209,202609011903672005,85,1430,Bronze INV,br_AdmissionAssessmentDimensionTwo,TASK_COMPLETE,SUCCESS,INFO,1579,1579,0,,2026-09-01T19:04:17.664Z,2026-09-01T21:14:55.846Z,7838,2026-09-01T21:14:55.846Z,DRD-KVC,KVC,0e5f68b5-5669-4bb1-91ce-4b967b620e7d,SAMMS-KVCv5
202608312116372998,202608311905653441,202608311905652236,85,1431,Bronze INV,br_AdmissionAssessmentDimensionTwo,TASK_COMPLETE,SUCCESS,INFO,1257,1257,0,,2026-08-31T19:06:18.658Z,2026-08-31T21:16:41.151Z,7823,2026-08-31T21:16:41.151Z,DRD-NOLA,NOLA,79f5b39e-d314-4ad3-8050-3ace553d67de,SAMMS-NOLAv5
202608312116372999,202608311905653442,202608311905652236,85,1432,Bronze INV,br_AdmissionAssessmentDimensionTwo,TASK_COMPLETE,SUCCESS,INFO,754,754,0,,2026-08-31T19:06:18.658Z,2026-08-31T21:16:41.151Z,7823,2026-08-31T21:16:41.151Z,DRD-SF,Springfield,79f5b39e-d314-4ad3-8050-3ace553d67de,SAMMS-SFv5
202608312116373000,202608311905653443,202608311905652236,85,1434,Bronze INV,br_AdmissionAssessmentDimensionTwo,TASK_COMPLETE,SUCCESS,INFO,254,254,0,,2026-08-31T19:06:18.658Z,2026-08-31T21:16:41.151Z,7823,2026-08-31T21:16:41.151Z,ELC,Elizabeth City,79f5b39e-d314-4ad3-8050-3ace553d67de,SAMMS-ElizabethCity
202608312116373001,202608311905653444,202608311905652236,85,1435,Bronze INV,br_AdmissionAssessmentDimensionTwo,TASK_COMPLETE,SUCCESS,INFO,264,264,0,,2026-08-31T19:06:18.658Z,2026-08-31T21:16:41.151Z,7823,2026-08-31T21:16:41.151Z,ET,Elizabethtown,79f5b39e-d314-4ad3-8050-3ace553d67de,SAMMS-Elizabethtown
202608312116373002,202608311905653445,202608311905652236,85,1436,Bronze INV,br_AdmissionAssessmentDimensionTwo,TASK_COMPLETE,SUCCESS,INFO,234,234,0,,2026-08-31T19:06:18.658Z,2026-08-31T21:16:41.151Z,7823,2026-08-31T21:16:41.151Z,FAY,Fayetteville,79f5b39e-d314-4ad3-8050-3ace553d67de,SAMMS-Fayetteville
202608312116373003,202608311905653446,202608311905652236,85,1437,Bronze INV,br_AdmissionAssessmentDimensionTwo,TASK_COMPLETE,SUCCESS,INFO,179,179,0,,2026-08-31T19:06:18.658Z,2026-08-31T21:16:41.151Z,7823,2026-08-31T21:16:41.151Z,FR,Frankfort,79f5b39e-d314-4ad3-8050-3ace553d67de,SAMMS-Frankfort
202608312116373004,202608311905653447,202608311905652236,85,1438,Bronze INV,br_AdmissionAssessmentDimensionTwo,TASK_COMPLETE,SUCCESS,INFO,283,283,0,,2026-08-31T19:06:18.658Z,2026-08-31T21:16:41.151Z,7823,2026-08-31T21:16:41.151Z,FS,Fort Smith,79f5b39e-d314-4ad3-8050-3ace553d67de,SAMMS-FortSmith
202608312116373006,202608311905653448,202608311905652236,85,1439,Bronze INV,br_AdmissionAssessmentDimensionTwo,TASK_COMPLETE,SUCCESS,INFO,684,684,0,,2026-08-31T19:06:18.658Z,2026-08-31T21:16:41.151Z,7823,2026-08-31T21:16:41.151Z,FW,Fort Wayne,79f5b39e-d314-4ad3-8050-3ace553d67de,SAMMS-FortWayne
202608312116373007,202608311905653449,202608311905652236,85,1440,Bronze INV,br_AdmissionAssessmentDimensionTwo,TASK_COMPLETE,SUCCESS,INFO,106,106,0,,2026-08-31T19:06:18.658Z,2026-08-31T21:16:41.151Z,7823,2026-08-31T21:16:41.151Z,GAL,Gaylord,79f5b39e-d314-4ad3-8050-3ace553d67de,SAMMS-Gaylord
202608312116373008,202608311905653450,202608311905652236,85,1444,Bronze INV,br_AdmissionAssessmentDimensionTwo,TASK_COMPLETE,SUCCESS,INFO,628,628,0,,2026-08-31T19:06:18.658Z,2026-08-31T21:16:41.151Z,7823,2026-08-31T21:16:41.151Z,HGT,Hagerstown,79f5b39e-d314-4ad3-8050-3ace553d67de,SAMMS-Hagerstown
202608312116373009,202608311905653451,202608311905652236,85,1445,Bronze INV,br_AdmissionAssessmentDimensionTwo,TASK_COMPLETE,SUCCESS,INFO,479,479,0,,2026-08-31T19:06:18.658Z,2026-08-31T21:16:41.151Z,7823,2026-08-31T21:16:41.151Z,HNT,Huntsville,79f5b39e-d314-4ad3-8050-3ace553d67de,SAMMS-Huntsville
202608312116373010,202608311905653452,202608311905652236,85,1446,Bronze INV,br_AdmissionAssessmentDimensionTwo,TASK_COMPLETE,SUCCESS,INFO,314,314,0,,2026-08-31T19:06:18.658Z,2026-08-31T21:16:41.151Z,7823,2026-08-31T21:16:41.151Z,HS,Hot Springs,79f5b39e-d314-4ad3-8050-3ace553d67de,SAMMS-HotSprings
202608312116373011,202608311905653453,202608311905652236,85,1447,Bronze INV,br_AdmissionAssessmentDimensionTwo,TASK_COMPLETE,SUCCESS,INFO,268,268,0,,2026-08-31T19:06:18.658Z,2026-08-31T21:16:41.151Z,7823,2026-08-31T21:16:41.151Z,JON,Jonesboro,79f5b39e-d314-4ad3-8050-3ace553d67de,SAMMS-Jonesboro
202608312116373012,202608311905653454,202608311905652236,85,1449,Bronze INV,br_AdmissionAssessmentDimensionTwo,TASK_COMPLETE,SUCCESS,INFO,158,158,0,,2026-08-31T19:06:18.658Z,2026-08-31T21:16:41.151Z,7823,2026-08-31T21:16:41.151Z,LAN,Lansing,79f5b39e-d314-4ad3-8050-3ace553d67de,SAMMS-Lansing
202608312116373013,202608311905653455,202608311905652236,85,1450,Bronze INV,br_AdmissionAssessmentDimensionTwo,TASK_COMPLETE,SUCCESS,INFO,429,429,0,,2026-08-31T19:06:18.658Z,2026-08-31T21:16:41.151Z,7823,2026-08-31T21:16:41.151Z,LO,Louisville,79f5b39e-d314-4ad3-8050-3ace553d67de,SAMMS-Louisville
202608312116373014,202608311905653456,202608311905652236,85,1451,Bronze INV,br_AdmissionAssessmentDimensionTwo,TASK_COMPLETE,SUCCESS,INFO,1170,1170,0,,2026-08-31T19:06:18.658Z,2026-08-31T21:16:41.151Z,7823,2026-08-31T21:16:41.151Z,LV1,Cheyenne,79f5b39e-d314-4ad3-8050-3ace553d67de,SAMMS-Cheyenne
202608312116373015,202608311905653457,202608311905652236,85,1452,Bronze INV,br_AdmissionAssessmentDimensionTwo,TASK_COMPLETE,SUCCESS,INFO,945,945,0,,2026-08-31T19:06:18.658Z,2026-08-31T21:16:41.151Z,7823,2026-08-31T21:16:41.151Z,LV2,Desert Inn,79f5b39e-d314-4ad3-8050-3ace553d67de,SAMMS-DesertInn
202608312116373016,202608311905653458,202608311905652236,85,1453,Bronze INV,br_AdmissionAssessmentDimensionTwo,TASK_COMPLETE,SUCCESS,INFO,311,311,0,,2026-08-31T19:06:18.658Z,2026-08-31T21:16:41.151Z,7823,2026-08-31T21:16:41.151Z,LV3,McDaniel,79f5b39e-d314-4ad3-8050-3ace553d67de,SAMMS-McDaniel
202608312116373017,202608311905653459,202608311905652236,85,1456,Bronze INV,br_AdmissionAssessmentDimensionTwo,TASK_COMPLETE,SUCCESS,INFO,271,271,0,,2026-08-31T19:06:18.658Z,2026-08-31T21:16:41.151Z,7823,2026-08-31T21:16:41.151Z,MNRE,Monroe,79f5b39e-d314-4ad3-8050-3ace553d67de,SAMMS-Monroe
202608312116373019,202608311905653460,202608311905652236,85,1457,Bronze INV,br_AdmissionAssessmentDimensionTwo,TASK_COMPLETE,SUCCESS,INFO,130,130,0,,2026-08-31T19:06:18.658Z,2026-08-31T21:16:41.151Z,7823,2026-08-31T21:16:41.151Z,MP,Mt. Pleasant,79f5b39e-d314-4ad3-8050-3ace553d67de,SAMMS-MtPleasant
202608312116373020,202608311905653461,202608311905652236,85,1458,Bronze INV,br_AdmissionAssessmentDimensionTwo,TASK_COMPLETE,SUCCESS,INFO,175,175,0,,2026-08-31T19:06:18.658Z,2026-08-31T21:16:41.151Z,7823,2026-08-31T21:16:41.151Z,MRD,Meridian,79f5b39e-d314-4ad3-8050-3ace553d67de,SAMMS-Meridian
202608312116373021,202608311905653462,202608311905652236,85,1463,Bronze INV,br_AdmissionAssessmentDimensionTwo,TASK_COMPLETE,SUCCESS,INFO,641,641,0,,2026-08-31T19:06:18.658Z,2026-08-31T21:16:41.151Z,7823,2026-08-31T21:16:41.151Z,NC,North Charleston,79f5b39e-d314-4ad3-8050-3ace553d67de,SAMMS-NorthCharleston
202608312116373022,202608311905653463,202608311905652236,85,1464,Bronze INV,br_AdmissionAssessmentDimensionTwo,TASK_COMPLETE,SUCCESS,INFO,578,578,0,,2026-08-31T19:06:18.658Z,2026-08-31T21:16:41.151Z,7823,2026-08-31T21:16:41.151Z,NLR,N. Little Rock,79f5b39e-d314-4ad3-8050-3ace553d67de,SAMMS-NLROBOT
202608312116373023,202608311905653464,202608311905652236,85,1465,Bronze INV,br_AdmissionAssessmentDimensionTwo,TASK_COMPLETE,SUCCESS,INFO,238,238,0,,2026-08-31T19:06:18.658Z,2026-08-31T21:16:41.151Z,7823,2026-08-31T21:16:41.151Z,PH,Phoenix,79f5b39e-d314-4ad3-8050-3ace553d67de,SAMMS-Phoenix
202608312116373024,202608311905653465,202608311905652236,85,1469,Bronze INV,br_AdmissionAssessmentDimensionTwo,TASK_COMPLETE,SUCCESS,INFO,411,411,0,,2026-08-31T19:06:18.658Z,2026-08-31T21:16:41.151Z,7823,2026-08-31T21:16:41.151Z,RE,Reno,79f5b39e-d314-4ad3-8050-3ace553d67de,SAMMS-Reno
202608312116373026,202608311905653466,202608311905652236,85,1470,Bronze INV,br_AdmissionAssessmentDimensionTwo,TASK_COMPLETE,SUCCESS,INFO,392,392,0,,2026-08-31T19:06:18.658Z,2026-08-31T21:16:41.151Z,7823,2026-08-31T21:16:41.151Z,RMD,Richmond,79f5b39e-d314-4ad3-8050-3ace553d67de,SAMMS-Richmond
202608312116373027,202608311905653467,202608311905652236,85,1471,Bronze INV,br_AdmissionAssessmentDimensionTwo,TASK_COMPLETE,SUCCESS,INFO,488,488,0,,2026-08-31T19:06:18.658Z,2026-08-31T21:16:41.151Z,7823,2026-08-31T21:16:41.151Z,SFN,Springfield North,79f5b39e-d314-4ad3-8050-3ace553d67de,SAMMS-SFNv5
202608312116373028,202608311905653468,202608311905652236,85,1472,Bronze INV,br_AdmissionAssessmentDimensionTwo,TASK_COMPLETE,SUCCESS,INFO,449,449,0,,2026-08-31T19:06:18.658Z,2026-08-31T21:16:41.151Z,7823,2026-08-31T21:16:41.151Z,SHP,Shreveport,79f5b39e-d314-4ad3-8050-3ace553d67de,SAMMS-Shreveport
202608312116373029,202608311905653469,202608311905652236,85,1474,Bronze INV,br_AdmissionAssessmentDimensionTwo,TASK_COMPLETE,SUCCESS,INFO,82,82,0,,2026-08-31T19:06:18.658Z,2026-08-31T21:16:41.151Z,7823,2026-08-31T21:16:41.151Z,STN,Staunton,79f5b39e-d314-4ad3-8050-3ace553d67de,SAMMS-Staunton
202608312116373030,202608311905653470,202608311905652236,85,1475,Bronze INV,br_AdmissionAssessmentDimensionTwo,TASK_COMPLETE,SUCCESS,INFO,52,52,0,,2026-08-31T19:06:18.658Z,2026-08-31T21:16:41.151Z,7823,2026-08-31T21:16:41.151Z,STVN,Stevenson,79f5b39e-d314-4ad3-8050-3ace553d67de,SAMMS-Stevenson
202608312116373031,202608311905653471,202608311905652236,85,1477,Bronze INV,br_AdmissionAssessmentDimensionTwo,TASK_COMPLETE,SUCCESS,INFO,71,71,0,,2026-08-31T19:06:18.658Z,2026-08-31T21:16:41.151Z,7823,2026-08-31T21:16:41.151Z,TE,Tempe,79f5b39e-d314-4ad3-8050-3ace553d67de,SAMMS-Tempe
202608312116373033,202608311905653472,202608311905652236,85,1478,Bronze INV,br_AdmissionAssessmentDimensionTwo,TASK_COMPLETE,SUCCESS,INFO,366,366,0,,2026-08-31T19:06:18.658Z,2026-08-31T21:16:41.151Z,7823,2026-08-31T21:16:41.151Z,TEX,Texarkana,79f5b39e-d314-4ad3-8050-3ace553d67de,SAMMS-Texarkana
202608312116373034,202608311905653473,202608311905652236,85,1479,Bronze INV,br_AdmissionAssessmentDimensionTwo,TASK_COMPLETE,SUCCESS,INFO,430,430,0,,2026-08-31T19:06:18.658Z,2026-08-31T21:16:41.151Z,7823,2026-08-31T21:16:41.151Z,TTCA,Bessemer,79f5b39e-d314-4ad3-8050-3ace553d67de,SAMMS-BessemerV5
202608312116373035,202608311905653474,202608311905652236,85,1480,Bronze INV,br_AdmissionAssessmentDimensionTwo,TASK_COMPLETE,SUCCESS,INFO,549,549,0,,2026-08-31T19:06:18.658Z,2026-08-31T21:16:41.151Z,7823,2026-08-31T21:16:41.151Z,TTCB,Cullman,79f5b39e-d314-4ad3-8050-3ace553d67de,SAMMS-CullmanV5
202608312116373036,202608311905653475,202608311905652236,85,1481,Bronze INV,br_AdmissionAssessmentDimensionTwo,TASK_COMPLETE,SUCCESS,INFO,323,323,0,,2026-08-31T19:06:18.658Z,2026-08-31T21:16:41.151Z,7823,2026-08-31T21:16:41.151Z,TTCC,Grand Bay,79f5b39e-d314-4ad3-8050-3ace553d67de,SAMMS-GrandBay
202608312116373038,202608311905653476,202608311905652236,85,1482,Bronze INV,br_AdmissionAssessmentDimensionTwo,TASK_COMPLETE,SUCCESS,INFO,22,22,0,,2026-08-31T19:06:18.658Z,2026-08-31T21:16:41.151Z,7823,2026-08-31T21:16:41.151Z,TU,Tucson,79f5b39e-d314-4ad3-8050-3ace553d67de,SAMMS-Tucson
202608312116373040,202608311905653477,202608311905652236,85,1484,Bronze INV,br_AdmissionAssessmentDimensionTwo,TASK_COMPLETE,SUCCESS,INFO,253,253,0,,2026-08-31T19:06:18.658Z,2026-08-31T21:16:41.151Z,7823,2026-08-31T21:16:41.151Z,V1,Memphis South,79f5b39e-d314-4ad3-8050-3ace553d67de,SAMMS-VCPHCS-I-MemphisV5
202608312116373041,202608311905653478,202608311905652236,85,1485,Bronze INV,br_AdmissionAssessmentDimensionTwo,TASK_COMPLETE,SUCCESS,INFO,698,698,0,,2026-08-31T19:06:18.658Z,2026-08-31T21:16:41.151Z,7823,2026-08-31T21:16:41.151Z,V10,Longmont,79f5b39e-d314-4ad3-8050-3ace553d67de,SAMMS-BoulderV5
202608312116373043,202608311905653479,202608311905652236,85,1486,Bronze INV,br_AdmissionAssessmentDimensionTwo,TASK_COMPLETE,SUCCESS,INFO,1196,1196,0,,2026-08-31T19:06:18.658Z,2026-08-31T21:16:41.151Z,7823,2026-08-31T21:16:41.151Z,V10A,Fort Collins,79f5b39e-d314-4ad3-8050-3ace553d67de,SAMMS-FortCollinsV5
202608312116373044,202608311905653480,202608311905652236,85,1487,Bronze INV,br_AdmissionAssessmentDimensionTwo,TASK_COMPLETE,SUCCESS,INFO,1004,1004,0,,2026-08-31T19:06:18.658Z,2026-08-31T21:16:41.151Z,7823,2026-08-31T21:16:41.151Z,V11,Westminster,79f5b39e-d314-4ad3-8050-3ace553d67de,SAMMS-VCPHCS-XI-NorthDenverV5
202608312116373045,202608311905653481,202608311905652236,85,1488,Bronze INV,br_AdmissionAssessmentDimensionTwo,TASK_COMPLETE,SUCCESS,INFO,1071,1071,0,,2026-08-31T19:06:18.658Z,2026-08-31T21:16:41.151Z,7823,2026-08-31T21:16:41.151Z,V12,Downtown Denver,79f5b39e-d314-4ad3-8050-3ace553d67de,SAMMS-VCPHCS-XII-DowntownDenverV5
202608312116373046,202608311905653482,202608311905652236,85,1489,Bronze INV,br_AdmissionAssessmentDimensionTwo,TASK_COMPLETE,SUCCESS,INFO,480,480,0,,2026-08-31T19:06:18.658Z,2026-08-31T21:16:41.151Z,7823,2026-08-31T21:16:41.151Z,V12A,Centennial,79f5b39e-d314-4ad3-8050-3ace553d67de,SAMMS-CentennialV5
202608312116373047,202608311905653483,202608311905652236,85,1490,Bronze INV,br_AdmissionAssessmentDimensionTwo,TASK_COMPLETE,SUCCESS,INFO,296,296,0,,2026-08-31T19:06:18.658Z,2026-08-31T21:16:41.151Z,7823,2026-08-31T21:16:41.151Z,V14,Overland Park,79f5b39e-d314-4ad3-8050-3ace553d67de,SAMMS-VCPHCS-XIV-BridgewayV5
202608312116373048,202608311905653484,202608311905652236,85,1491,Bronze INV,br_AdmissionAssessmentDimensionTwo,TASK_COMPLETE,SUCCESS,INFO,570,570,0,,2026-08-31T19:06:18.658Z,2026-08-31T21:16:41.151Z,7823,2026-08-31T21:16:41.151Z,V15,Joplin,79f5b39e-d314-4ad3-8050-3ace553d67de,SAMMS-JoplinV5
202608312116373049,202608311905653485,202608311905652236,85,1493,Bronze INV,br_AdmissionAssessmentDimensionTwo,TASK_COMPLETE,SUCCESS,INFO,475,475,0,,2026-08-31T19:06:18.658Z,2026-08-31T21:16:41.151Z,7823,2026-08-31T21:16:41.151Z,V17,Columbia TN,79f5b39e-d314-4ad3-8050-3ace553d67de,SAMMS-ColumbiaTNv5
202608312116373050,202608311905653486,202608311905652236,85,1495,Bronze INV,br_AdmissionAssessmentDimensionTwo,TASK_COMPLETE,SUCCESS,INFO,421,421,0,,2026-08-31T19:06:18.658Z,2026-08-31T21:16:41.151Z,7823,2026-08-31T21:16:41.151Z,V19,Jackson,79f5b39e-d314-4ad3-8050-3ace553d67de,SAMMS-JacksonV5
202608312116373051,202608311905653487,202608311905652236,85,1497,Bronze INV,br_AdmissionAssessmentDimensionTwo,TASK_COMPLETE,SUCCESS,INFO,491,491,0,,2026-08-31T19:06:18.658Z,2026-08-31T21:16:41.151Z,7823,2026-08-31T21:16:41.151Z,V20,Paris,79f5b39e-d314-4ad3-8050-3ace553d67de,SAMMS-ParisV5
202608312116373052,202608311905653488,202608311905652236,85,1498,Bronze INV,br_AdmissionAssessmentDimensionTwo,TASK_COMPLETE,SUCCESS,INFO,356,356,0,,2026-08-31T19:06:18.658Z,2026-08-31T21:16:41.151Z,7823,2026-08-31T21:16:41.151Z,V21,Memphis North,79f5b39e-d314-4ad3-8050-3ace553d67de,SAMMS-RaleighV5
202608312116373054,202608311905653489,202608311905652236,85,1501,Bronze INV,br_AdmissionAssessmentDimensionTwo,TASK_COMPLETE,SUCCESS,INFO,707,707,0,,2026-08-31T19:06:18.658Z,2026-08-31T21:16:41.151Z,7823,2026-08-31T21:16:41.151Z,V5,West Bank,79f5b39e-d314-4ad3-8050-3ace553d67de,SAMMS-NONTCv5
202608312116373055,202608311905653490,202608311905652236,85,1503,Bronze INV,br_AdmissionAssessmentDimensionTwo,TASK_COMPLETE,SUCCESS,INFO,257,257,0,,2026-08-31T19:06:18.658Z,2026-08-31T21:16:41.151Z,7823,2026-08-31T21:16:41.151Z,V5B,Houma,79f5b39e-d314-4ad3-8050-3ace553d67de,SAMMS-HoumaV6
202608312116373056,202608311905653491,202608311905652236,85,1504,Bronze INV,br_AdmissionAssessmentDimensionTwo,TASK_COMPLETE,SUCCESS,INFO,960,960,0,,2026-08-31T19:06:18.658Z,2026-08-31T21:16:41.151Z,7823,2026-08-31T21:16:41.151Z,V6,Lake Charles,79f5b39e-d314-4ad3-8050-3ace553d67de,SAMMS-LCv5
202608312116373057,202608311905653492,202608311905652236,85,1506,Bronze INV,br_AdmissionAssessmentDimensionTwo,TASK_COMPLETE,SUCCESS,INFO,572,572,0,,2026-08-31T19:06:18.658Z,2026-08-31T21:16:41.151Z,7823,2026-08-31T21:16:41.151Z,V8,Memphis Midtown,79f5b39e-d314-4ad3-8050-3ace553d67de,SAMMS-VCPHCS-VIII-MemphisV5
202608312116373058,202608311905653493,202608311905652236,85,1507,Bronze INV,br_AdmissionAssessmentDimensionTwo,TASK_COMPLETE,SUCCESS,INFO,1585,1585,0,,2026-08-31T19:06:18.658Z,2026-08-31T21:16:41.151Z,7823,2026-08-31T21:16:41.151Z,V9,Nashville,79f5b39e-d314-4ad3-8050-3ace553d67de,SAMMS-NashvilleV5
202608312116373059,202608311905653494,202608311905652236,85,1508,Bronze INV,br_AdmissionAssessmentDimensionTwo,TASK_COMPLETE,SUCCESS,INFO,332,332,0,,2026-08-31T19:06:18.658Z,2026-08-31T21:16:41.151Z,7823,2026-08-31T21:16:41.151Z,VBRA,Brainerd,79f5b39e-d314-4ad3-8050-3ace553d67de,SAMMS-BrainerdV6
202608312116373060,202608311905653495,202608311905652236,85,1509,Bronze INV,br_AdmissionAssessmentDimensionTwo,TASK_COMPLETE,SUCCESS,INFO,598,598,0,,2026-08-31T19:06:18.658Z,2026-08-31T21:16:41.151Z,7823,2026-08-31T21:16:41.151Z,VBRP,Brooklyn Park,79f5b39e-d314-4ad3-8050-3ace553d67de,SAMMS-BrooklynParkV6
202608312116373061,202608311905653496,202608311905652236,85,1511,Bronze INV,br_AdmissionAssessmentDimensionTwo,TASK_COMPLETE,SUCCESS,INFO,579,579,0,,2026-08-31T19:06:18.658Z,2026-08-31T21:16:41.151Z,7823,2026-08-31T21:16:41.151Z,VMIN,Minneapolis,79f5b39e-d314-4ad3-8050-3ace553d67de,SAMMS-MinneapolisV6
202608312116373062,202608311905653497,202608311905652236,85,1512,Bronze INV,br_AdmissionAssessmentDimensionTwo,TASK_COMPLETE,SUCCESS,INFO,1075,1075,0,,2026-08-31T19:06:18.658Z,2026-08-31T21:16:41.151Z,7823,2026-08-31T21:16:41.151Z,VWBY,Woodbury,79f5b39e-d314-4ad3-8050-3ace553d67de,SAMMS-WoodburyV6
202608312116373064,202608311905653498,202608311905652236,85,1514,Bronze INV,br_AdmissionAssessmentDimensionTwo,TASK_COMPLETE,SUCCESS,INFO,436,436,0,,2026-08-31T19:06:18.658Z,2026-08-31T21:16:41.151Z,7823,2026-08-31T21:16:41.151Z,WIL,Wilson,79f5b39e-d314-4ad3-8050-3ace553d67de,SAMMS-Wilson
202608312116373065,202608311905653499,202608311905652236,85,1150,Bronze INV,br_AdmissionAssessmentDimensionThree,TASK_COMPLETE,SUCCESS,INFO,97,97,0,,2026-08-31T19:06:18.658Z,2026-08-31T21:16:41.151Z,7823,2026-08-31T21:16:41.151Z,AHK,Ahoskie,79f5b39e-d314-4ad3-8050-3ace553d67de,SAMMS-Ahoskie
202608312116373066,202608311905653500,202608311905652236,85,1151,Bronze INV,br_AdmissionAssessmentDimensionThree,TASK_COMPLETE,SUCCESS,INFO,792,792,0,,2026-08-31T19:06:18.658Z,2026-08-31T21:16:41.151Z,7823,2026-08-31T21:16:41.151Z,B12B,Colorado Springs,79f5b39e-d314-4ad3-8050-3ace553d67de,SAMMS-ColoradoSpringsV5
202608312116373067,202608311905653501,202608311905652236,85,1152,Bronze INV,br_AdmissionAssessmentDimensionThree,TASK_COMPLETE,SUCCESS,INFO,413,413,0,,2026-08-31T19:06:18.658Z,2026-08-31T21:16:41.151Z,7823,2026-08-31T21:16:41.151Z,B24,Paintsville,79f5b39e-d314-4ad3-8050-3ace553d67de,SAMMS-PaintsvilleV5
202608312116373068,202608311905653502,202608311905652236,85,1153,Bronze INV,br_AdmissionAssessmentDimensionThree,TASK_COMPLETE,SUCCESS,INFO,173,173,0,,2026-08-31T19:06:18.658Z,2026-08-31T21:16:41.151Z,7823,2026-08-31T21:16:41.151Z,B25,Pikeville,79f5b39e-d314-4ad3-8050-3ace553d67de,SAMMS-PikevilleV5
202608312116373069,202608311905653503,202608311905652236,85,1154,Bronze INV,br_AdmissionAssessmentDimensionThree,TASK_COMPLETE,SUCCESS,INFO,494,494,0,,2026-08-31T19:06:18.658Z,2026-08-31T21:16:41.151Z,7823,2026-08-31T21:16:41.151Z,B26,Hazard,79f5b39e-d314-4ad3-8050-3ace553d67de,SAMMS-HazardV5
202608312116373070,202608311905653504,202608311905652236,85,1155,Bronze INV,br_AdmissionAssessmentDimensionThree,TASK_COMPLETE,SUCCESS,INFO,189,189,0,,2026-08-31T19:06:18.658Z,2026-08-31T21:16:41.151Z,7823,2026-08-31T21:16:41.151Z,B27,Savannah,79f5b39e-d314-4ad3-8050-3ace553d67de,SAMMS-SavannahV6
202608312116373071,202608311905653505,202608311905652236,85,1156,Bronze INV,br_AdmissionAssessmentDimensionThree,TASK_COMPLETE,SUCCESS,INFO,235,235,0,,2026-08-31T19:06:18.658Z,2026-08-31T21:16:41.151Z,7823,2026-08-31T21:16:41.151Z,B28,West Plains,79f5b39e-d314-4ad3-8050-3ace553d67de,SAMMS-WestPlainesV5
202608312116373073,202608311905653506,202608311905652236,85,1157,Bronze INV,br_AdmissionAssessmentDimensionThree,TASK_COMPLETE,SUCCESS,INFO,261,261,0,,2026-08-31T19:06:18.658Z,2026-08-31T21:16:41.151Z,7823,2026-08-31T21:16:41.151Z,B29,Poplar Bluff,79f5b39e-d314-4ad3-8050-3ace553d67de,SAMMS-PoplarBluffV5
202608312116373074,202608311905653507,202608311905652236,85,1158,Bronze INV,br_AdmissionAssessmentDimensionThree,TASK_COMPLETE,SUCCESS,INFO,143,143,0,,2026-08-31T19:06:18.658Z,2026-08-31T21:16:41.151Z,7823,2026-08-31T21:16:41.151Z,B30,KC North,79f5b39e-d314-4ad3-8050-3ace553d67de,SAMMS-KCNv5
202608312116373075,202608311905653508,202608311905652236,85,1159,Bronze INV,br_AdmissionAssessmentDimensionThree,TASK_COMPLETE,SUCCESS,INFO,345,345,0,,2026-08-31T19:06:18.658Z,2026-08-31T21:16:41.151Z,7823,2026-08-31T21:16:41.151Z,B31,Dyersburg,79f5b39e-d314-4ad3-8050-3ace553d67de,SAMMS-DyersburgV5
202608312116373076,202608311905653509,202608311905652236,85,1161,Bronze INV,br_AdmissionAssessmentDimensionThree,TASK_COMPLETE,SUCCESS,INFO,213,213,0,,2026-08-31T19:06:18.658Z,2026-08-31T21:16:41.151Z,7823,2026-08-31T21:16:41.151Z,B33,Paducah,79f5b39e-d314-4ad3-8050-3ace553d67de,SAMMS-Paducah
202608312116373077,202608311905653510,202608311905652236,85,1162,Bronze INV,br_AdmissionAssessmentDimensionThree,TASK_COMPLETE,SUCCESS,INFO,446,446,0,,2026-08-31T19:06:18.658Z,2026-08-31T21:16:41.151Z,7823,2026-08-31T21:16:41.151Z,B34,Corbin,79f5b39e-d314-4ad3-8050-3ace553d67de,SAMMS-CorbinV5
202608312116373078,202608311905653511,202608311905652236,85,1163,Bronze INV,br_AdmissionAssessmentDimensionThree,TASK_COMPLETE,SUCCESS,INFO,718,718,0,,2026-08-31T19:06:18.658Z,2026-08-31T21:16:41.151Z,7823,2026-08-31T21:16:41.151Z,B35,Lexington,79f5b39e-d314-4ad3-8050-3ace553d67de,SAMMS-LexingtonV5
202608312116373080,202608311905653512,202608311905652236,85,1164,Bronze INV,br_AdmissionAssessmentDimensionThree,TASK_COMPLETE,SUCCESS,INFO,347,347,0,,2026-08-31T19:06:18.658Z,2026-08-31T21:16:41.151Z,7823,2026-08-31T21:16:41.151Z,B35A,Berea,79f5b39e-d314-4ad3-8050-3ace553d67de,SAMMS-BereaV5
202608312116373081,202608311905653513,202608311905652236,85,1165,Bronze INV,br_AdmissionAssessmentDimensionThree,TASK_COMPLETE,SUCCESS,INFO,612,612,0,,2026-08-31T19:06:18.658Z,2026-08-31T21:16:41.151Z,7823,2026-08-31T21:16:41.151Z,B36,Asheville,79f5b39e-d314-4ad3-8050-3ace553d67de,SAMMS-AshevilleV5
202608312116373082,202608311905653514,202608311905652236,85,1166,Bronze INV,br_AdmissionAssessmentDimensionThree,TASK_COMPLETE,SUCCESS,INFO,453,453,0,,2026-08-31T19:06:18.658Z,2026-08-31T21:16:41.151Z,7823,2026-08-31T21:16:41.151Z,B37,Clyde,79f5b39e-d314-4ad3-8050-3ace553d67de,SAMMS-ClydeV5
202608312116373083,202608311905653515,202608311905652236,85,1167,Bronze INV,br_AdmissionAssessmentDimensionThree,TASK_COMPLETE,SUCCESS,INFO,633,633,0,,2026-08-31T19:06:18.658Z,2026-08-31T21:16:41.151Z,7823,2026-08-31T21:16:41.151Z,B38,Spartanburg,79f5b39e-d314-4ad3-8050-3ace553d67de,SAMMS-SpartanburgV5
202608312116373084,202608311905653516,202608311905652236,85,1168,Bronze INV,br_AdmissionAssessmentDimensionThree,TASK_COMPLETE,SUCCESS,INFO,486,486,0,,2026-08-31T19:06:18.658Z,2026-08-31T21:16:41.151Z,7823,2026-08-31T21:16:41.151Z,B39,Aiken,79f5b39e-d314-4ad3-8050-3ace553d67de,SAMMS-AikenV5
202608312116373085,202608311905653517,202608311905652236,85,1169,Bronze INV,br_AdmissionAssessmentDimensionThree,TASK_COMPLETE,SUCCESS,INFO,295,295,0,,2026-08-31T19:06:18.658Z,2026-08-31T21:16:41.151Z,7823,2026-08-31T21:16:41.151Z,B41,Chesapeake,79f5b39e-d314-4ad3-8050-3ace553d67de,SAMMS-ChesapeakeV5
202608312116373086,202608311905653518,202608311905652236,85,1170,Bronze INV,br_AdmissionAssessmentDimensionThree,TASK_COMPLETE,SUCCESS,INFO,533,533,0,,2026-08-31T19:06:18.658Z,2026-08-31T21:16:41.151Z,7823,2026-08-31T21:16:41.151Z,B42,Virginia Beach,79f5b39e-d314-4ad3-8050-3ace553d67de,SAMMS-VirginiaBeachV5
202608312116373087,202608311905653519,202608311905652236,85,1171,Bronze INV,br_AdmissionAssessmentDimensionThree,TASK_COMPLETE,SUCCESS,INFO,165,165,0,,2026-08-31T19:06:18.658Z,2026-08-31T21:16:41.151Z,7823,2026-08-31T21:16:41.151Z,B42A,Newport News,79f5b39e-d314-4ad3-8050-3ace553d67de,SAMMS-NewportNewsV5
202608312116373088,202608311905653520,202608311905652236,85,1172,Bronze INV,br_AdmissionAssessmentDimensionThree,TASK_COMPLETE,SUCCESS,INFO,58,58,0,,2026-08-31T19:06:18.658Z,2026-08-31T21:16:41.151Z,7823,2026-08-31T21:16:41.151Z,B42B,Franklin,79f5b39e-d314-4ad3-8050-3ace553d67de,SAMMS-FranklinV5
202608312116373090,202608311905653521,202608311905652236,85,1173,Bronze INV,br_AdmissionAssessmentDimensionThree,TASK_COMPLETE,SUCCESS,INFO,337,337,0,,2026-08-31T19:06:18.658Z,2026-08-31T21:16:41.151Z,7823,2026-08-31T21:16:41.151Z,B42C,Glen Allen,79f5b39e-d314-4ad3-8050-3ace553d67de,SAMMS-GlenAllenV5
202608312116373091,202608311905653522,202608311905652236,85,1174,Bronze INV,br_AdmissionAssessmentDimensionThree,TASK_COMPLETE,SUCCESS,INFO,175,175,0,,2026-08-31T19:06:18.658Z,2026-08-31T21:16:41.151Z,7823,2026-08-31T21:16:41.151Z,B42D,Chesapeake South,79f5b39e-d314-4ad3-8050-3ace553d67de,SAMMS-ChesapeakeSouthV5
202608312116373092,202608311905653523,202608311905652236,85,1175,Bronze INV,br_AdmissionAssessmentDimensionThree,TASK_COMPLETE,SUCCESS,INFO,210,210,0,,2026-08-31T19:06:18.658Z,2026-08-31T21:16:41.151Z,7823,2026-08-31T21:16:41.151Z,B44,Albany,79f5b39e-d314-4ad3-8050-3ace553d67de,SAMMS-AlbanyV5
202608312116373093,202608311905653524,202608311905652236,85,1176,Bronze INV,br_AdmissionAssessmentDimensionThree,TASK_COMPLETE,SUCCESS,INFO,305,305,0,,2026-08-31T19:06:18.658Z,2026-08-31T21:16:41.151Z,7823,2026-08-31T21:16:41.151Z,B45,Tifton,79f5b39e-d314-4ad3-8050-3ace553d67de,SAMMS-TiftonV5
202608312116373094,202608311905653525,202608311905652236,85,1177,Bronze INV,br_AdmissionAssessmentDimensionThree,TASK_COMPLETE,SUCCESS,INFO,674,674,0,,2026-08-31T19:06:18.658Z,2026-08-31T21:16:41.151Z,7823,2026-08-31T21:16:41.151Z,B46,Washington DC,79f5b39e-d314-4ad3-8050-3ace553d67de,SAMMS-WashingtonDCv5
202608312116373095,202608311905653526,202608311905652236,85,1178,Bronze INV,br_AdmissionAssessmentDimensionThree,TASK_COMPLETE,SUCCESS,INFO,359,359,0,,2026-08-31T19:06:18.658Z,2026-08-31T21:16:41.151Z,7823,2026-08-31T21:16:41.151Z,B47,Mobile,79f5b39e-d314-4ad3-8050-3ace553d67de,SAMMS-MobileV5
202609012114519875,202609011903673210,202609011903672005,85,1431,Bronze INV,br_AdmissionAssessmentDimensionTwo,TASK_COMPLETE,SUCCESS,INFO,1257,1257,0,,2026-09-01T19:04:17.664Z,2026-09-01T21:14:55.846Z,7838,2026-09-01T21:14:55.846Z,DRD-NOLA,NOLA,0e5f68b5-5669-4bb1-91ce-4b967b620e7d,SAMMS-NOLAv5
202609012114519876,202609011903673211,202609011903672005,85,1432,Bronze INV,br_AdmissionAssessmentDimensionTwo,TASK_COMPLETE,SUCCESS,INFO,755,755,0,,2026-09-01T19:04:17.664Z,2026-09-01T21:14:55.846Z,7838,2026-09-01T21:14:55.846Z,DRD-SF,Springfield,0e5f68b5-5669-4bb1-91ce-4b967b620e7d,SAMMS-SFv5
202609012114519878,202609011903673212,202609011903672005,85,1434,Bronze INV,br_AdmissionAssessmentDimensionTwo,TASK_COMPLETE,SUCCESS,INFO,254,254,0,,2026-09-01T19:04:17.664Z,2026-09-01T21:14:55.846Z,7838,2026-09-01T21:14:55.846Z,ELC,Elizabeth City,0e5f68b5-5669-4bb1-91ce-4b967b620e7d,SAMMS-ElizabethCity
202609012114519879,202609011903673213,202609011903672005,85,1435,Bronze INV,br_AdmissionAssessmentDimensionTwo,TASK_COMPLETE,SUCCESS,INFO,264,264,0,,2026-09-01T19:04:17.664Z,2026-09-01T21:14:55.846Z,7838,2026-09-01T21:14:55.846Z,ET,Elizabethtown,0e5f68b5-5669-4bb1-91ce-4b967b620e7d,SAMMS-Elizabethtown
202609012114519880,202609011903673214,202609011903672005,85,1436,Bronze INV,br_AdmissionAssessmentDimensionTwo,TASK_COMPLETE,SUCCESS,INFO,234,234,0,,2026-09-01T19:04:17.664Z,2026-09-01T21:14:55.846Z,7838,2026-09-01T21:14:55.846Z,FAY,Fayetteville,0e5f68b5-5669-4bb1-91ce-4b967b620e7d,SAMMS-Fayetteville
202609012114519881,202609011903673215,202609011903672005,85,1437,Bronze INV,br_AdmissionAssessmentDimensionTwo,TASK_COMPLETE,SUCCESS,INFO,179,179,0,,2026-09-01T19:04:17.664Z,2026-09-01T21:14:55.846Z,7838,2026-09-01T21:14:55.846Z,FR,Frankfort,0e5f68b5-5669-4bb1-91ce-4b967b620e7d,SAMMS-Frankfort
202609012114519882,202609011903673216,202609011903672005,85,1438,Bronze INV,br_AdmissionAssessmentDimensionTwo,TASK_COMPLETE,SUCCESS,INFO,283,283,0,,2026-09-01T19:04:17.664Z,2026-09-01T21:14:55.846Z,7838,2026-09-01T21:14:55.846Z,FS,Fort Smith,0e5f68b5-5669-4bb1-91ce-4b967b620e7d,SAMMS-FortSmith
202609012114519883,202609011903673217,202609011903672005,85,1439,Bronze INV,br_AdmissionAssessmentDimensionTwo,TASK_COMPLETE,SUCCESS,INFO,684,684,0,,2026-09-01T19:04:17.664Z,2026-09-01T21:14:55.846Z,7838,2026-09-01T21:14:55.846Z,FW,Fort Wayne,0e5f68b5-5669-4bb1-91ce-4b967b620e7d,SAMMS-FortWayne
202609012114519884,202609011903673218,202609011903672005,85,1440,Bronze INV,br_AdmissionAssessmentDimensionTwo,TASK_COMPLETE,SUCCESS,INFO,106,106,0,,2026-09-01T19:04:17.664Z,2026-09-01T21:14:55.846Z,7838,2026-09-01T21:14:55.846Z,GAL,Gaylord,0e5f68b5-5669-4bb1-91ce-4b967b620e7d,SAMMS-Gaylord
202609012114519886,202609011903673219,202609011903672005,85,1444,Bronze INV,br_AdmissionAssessmentDimensionTwo,TASK_COMPLETE,SUCCESS,INFO,628,628,0,,2026-09-01T19:04:17.664Z,2026-09-01T21:14:55.846Z,7838,2026-09-01T21:14:55.846Z,HGT,Hagerstown,0e5f68b5-5669-4bb1-91ce-4b967b620e7d,SAMMS-Hagerstown
202609012114519887,202609011903673220,202609011903672005,85,1445,Bronze INV,br_AdmissionAssessmentDimensionTwo,TASK_COMPLETE,SUCCESS,INFO,483,483,0,,2026-09-01T19:04:17.664Z,2026-09-01T21:14:55.846Z,7838,2026-09-01T21:14:55.846Z,HNT,Huntsville,0e5f68b5-5669-4bb1-91ce-4b967b620e7d,SAMMS-Huntsville
202609012114519888,202609011903673221,202609011903672005,85,1446,Bronze INV,br_AdmissionAssessmentDimensionTwo,TASK_COMPLETE,SUCCESS,INFO,315,315,0,,2026-09-01T19:04:17.664Z,2026-09-01T21:14:55.846Z,7838,2026-09-01T21:14:55.846Z,HS,Hot Springs,0e5f68b5-5669-4bb1-91ce-4b967b620e7d,SAMMS-HotSprings
202609012114519889,202609011903673222,202609011903672005,85,1447,Bronze INV,br_AdmissionAssessmentDimensionTwo,TASK_COMPLETE,SUCCESS,INFO,268,268,0,,2026-09-01T19:04:17.664Z,2026-09-01T21:14:55.846Z,7838,2026-09-01T21:14:55.846Z,JON,Jonesboro,0e5f68b5-5669-4bb1-91ce-4b967b620e7d,SAMMS-Jonesboro
202609012114519890,202609011903673223,202609011903672005,85,1449,Bronze INV,br_AdmissionAssessmentDimensionTwo,TASK_COMPLETE,SUCCESS,INFO,159,159,0,,2026-09-01T19:04:17.664Z,2026-09-01T21:14:55.846Z,7838,2026-09-01T21:14:55.846Z,LAN,Lansing,0e5f68b5-5669-4bb1-91ce-4b967b620e7d,SAMMS-Lansing
202609012114519891,202609011903673224,202609011903672005,85,1450,Bronze INV,br_AdmissionAssessmentDimensionTwo,TASK_COMPLETE,SUCCESS,INFO,429,429,0,,2026-09-01T19:04:17.664Z,2026-09-01T21:14:55.846Z,7838,2026-09-01T21:14:55.846Z,LO,Louisville,0e5f68b5-5669-4bb1-91ce-4b967b620e7d,SAMMS-Louisville
202609012114519893,202609011903673225,202609011903672005,85,1451,Bronze INV,br_AdmissionAssessmentDimensionTwo,TASK_COMPLETE,SUCCESS,INFO,1170,1170,0,,2026-09-01T19:04:17.664Z,2026-09-01T21:14:55.846Z,7838,2026-09-01T21:14:55.846Z,LV1,Cheyenne,0e5f68b5-5669-4bb1-91ce-4b967b620e7d,SAMMS-Cheyenne
202609012114519894,202609011903673226,202609011903672005,85,1452,Bronze INV,br_AdmissionAssessmentDimensionTwo,TASK_COMPLETE,SUCCESS,INFO,945,945,0,,2026-09-01T19:04:17.664Z,2026-09-01T21:14:55.846Z,7838,2026-09-01T21:14:55.846Z,LV2,Desert Inn,0e5f68b5-5669-4bb1-91ce-4b967b620e7d,SAMMS-DesertInn
202609012114519895,202609011903673227,202609011903672005,85,1453,Bronze INV,br_AdmissionAssessmentDimensionTwo,TASK_COMPLETE,SUCCESS,INFO,311,311,0,,2026-09-01T19:04:17.664Z,2026-09-01T21:14:55.846Z,7838,2026-09-01T21:14:55.846Z,LV3,McDaniel,0e5f68b5-5669-4bb1-91ce-4b967b620e7d,SAMMS-McDaniel
202609012114519896,202609011903673228,202609011903672005,85,1456,Bronze INV,br_AdmissionAssessmentDimensionTwo,TASK_COMPLETE,SUCCESS,INFO,271,271,0,,2026-09-01T19:04:17.664Z,2026-09-01T21:14:55.846Z,7838,2026-09-01T21:14:55.846Z,MNRE,Monroe,0e5f68b5-5669-4bb1-91ce-4b967b620e7d,SAMMS-Monroe
202609012114519897,202609011903673229,202609011903672005,85,1457,Bronze INV,br_AdmissionAssessmentDimensionTwo,TASK_COMPLETE,SUCCESS,INFO,130,130,0,,2026-09-01T19:04:17.664Z,2026-09-01T21:14:55.846Z,7838,2026-09-01T21:14:55.846Z,MP,Mt. Pleasant,0e5f68b5-5669-4bb1-91ce-4b967b620e7d,SAMMS-MtPleasant
202609012114519898,202609011903673230,202609011903672005,85,1458,Bronze INV,br_AdmissionAssessmentDimensionTwo,TASK_COMPLETE,SUCCESS,INFO,175,175,0,,2026-09-01T19:04:17.664Z,2026-09-01T21:14:55.846Z,7838,2026-09-01T21:14:55.846Z,MRD,Meridian,0e5f68b5-5669-4bb1-91ce-4b967b620e7d,SAMMS-Meridian
202609012114519899,202609011903673231,202609011903672005,85,1463,Bronze INV,br_AdmissionAssessmentDimensionTwo,TASK_COMPLETE,SUCCESS,INFO,642,642,0,,2026-09-01T19:04:17.664Z,2026-09-01T21:14:55.846Z,7838,2026-09-01T21:14:55.846Z,NC,North Charleston,0e5f68b5-5669-4bb1-91ce-4b967b620e7d,SAMMS-NorthCharleston
202609012114519901,202609011903673232,202609011903672005,85,1464,Bronze INV,br_AdmissionAssessmentDimensionTwo,TASK_COMPLETE,SUCCESS,INFO,579,579,0,,2026-09-01T19:04:17.664Z,2026-09-01T21:14:55.846Z,7838,2026-09-01T21:14:55.846Z,NLR,N. Little Rock,0e5f68b5-5669-4bb1-91ce-4b967b620e7d,SAMMS-NLROBOT
202609012114519902,202609011903673233,202609011903672005,85,1465,Bronze INV,br_AdmissionAssessmentDimensionTwo,TASK_COMPLETE,SUCCESS,INFO,238,238,0,,2026-09-01T19:04:17.664Z,2026-09-01T21:14:55.846Z,7838,2026-09-01T21:14:55.846Z,PH,Phoenix,0e5f68b5-5669-4bb1-91ce-4b967b620e7d,SAMMS-Phoenix
202609012114519903,202609011903673234,202609011903672005,85,1469,Bronze INV,br_AdmissionAssessmentDimensionTwo,TASK_COMPLETE,SUCCESS,INFO,411,411,0,,2026-09-01T19:04:17.664Z,2026-09-01T21:14:55.846Z,7838,2026-09-01T21:14:55.846Z,RE,Reno,0e5f68b5-5669-4bb1-91ce-4b967b620e7d,SAMMS-Reno
202609012114519904,202609011903673235,202609011903672005,85,1470,Bronze INV,br_AdmissionAssessmentDimensionTwo,TASK_COMPLETE,SUCCESS,INFO,392,392,0,,2026-09-01T19:04:17.664Z,2026-09-01T21:14:55.846Z,7838,2026-09-01T21:14:55.846Z,RMD,Richmond,0e5f68b5-5669-4bb1-91ce-4b967b620e7d,SAMMS-Richmond
202609012114519905,202609011903673236,202609011903672005,85,1471,Bronze INV,br_AdmissionAssessmentDimensionTwo,TASK_COMPLETE,SUCCESS,INFO,489,489,0,,2026-09-01T19:04:17.664Z,2026-09-01T21:14:55.846Z,7838,2026-09-01T21:14:55.846Z,SFN,Springfield North,0e5f68b5-5669-4bb1-91ce-4b967b620e7d,SAMMS-SFNv5
202609012114519906,202609011903673237,202609011903672005,85,1472,Bronze INV,br_AdmissionAssessmentDimensionTwo,TASK_COMPLETE,SUCCESS,INFO,449,449,0,,2026-09-01T19:04:17.664Z,2026-09-01T21:14:55.846Z,7838,2026-09-01T21:14:55.846Z,SHP,Shreveport,0e5f68b5-5669-4bb1-91ce-4b967b620e7d,SAMMS-Shreveport
202609012114519908,202609011903673238,202609011903672005,85,1474,Bronze INV,br_AdmissionAssessmentDimensionTwo,TASK_COMPLETE,SUCCESS,INFO,82,82,0,,2026-09-01T19:04:17.664Z,2026-09-01T21:14:55.846Z,7838,2026-09-01T21:14:55.846Z,STN,Staunton,0e5f68b5-5669-4bb1-91ce-4b967b620e7d,SAMMS-Staunton
202609012114519909,202609011903673239,202609011903672005,85,1475,Bronze INV,br_AdmissionAssessmentDimensionTwo,TASK_COMPLETE,SUCCESS,INFO,52,52,0,,2026-09-01T19:04:17.664Z,2026-09-01T21:14:55.846Z,7838,2026-09-01T21:14:55.846Z,STVN,Stevenson,0e5f68b5-5669-4bb1-91ce-4b967b620e7d,SAMMS-Stevenson
202609012114519910,202609011903673240,202609011903672005,85,1477,Bronze INV,br_AdmissionAssessmentDimensionTwo,TASK_COMPLETE,SUCCESS,INFO,71,71,0,,2026-09-01T19:04:17.664Z,2026-09-01T21:14:55.846Z,7838,2026-09-01T21:14:55.846Z,TE,Tempe,0e5f68b5-5669-4bb1-91ce-4b967b620e7d,SAMMS-Tempe
202609012114519911,202609011903673241,202609011903672005,85,1478,Bronze INV,br_AdmissionAssessmentDimensionTwo,TASK_COMPLETE,SUCCESS,INFO,366,366,0,,2026-09-01T19:04:17.664Z,2026-09-01T21:14:55.846Z,7838,2026-09-01T21:14:55.846Z,TEX,Texarkana,0e5f68b5-5669-4bb1-91ce-4b967b620e7d,SAMMS-Texarkana
202609012114519912,202609011903673242,202609011903672005,85,1479,Bronze INV,br_AdmissionAssessmentDimensionTwo,TASK_COMPLETE,SUCCESS,INFO,430,430,0,,2026-09-01T19:04:17.664Z,2026-09-01T21:14:55.846Z,7838,2026-09-01T21:14:55.846Z,TTCA,Bessemer,0e5f68b5-5669-4bb1-91ce-4b967b620e7d,SAMMS-BessemerV5
202609012114519913,202609011903673243,202609011903672005,85,1480,Bronze INV,br_AdmissionAssessmentDimensionTwo,TASK_COMPLETE,SUCCESS,INFO,550,550,0,,2026-09-01T19:04:17.664Z,2026-09-01T21:14:55.846Z,7838,2026-09-01T21:14:55.846Z,TTCB,Cullman,0e5f68b5-5669-4bb1-91ce-4b967b620e7d,SAMMS-CullmanV5
202609012114519914,202609011903673244,202609011903672005,85,1481,Bronze INV,br_AdmissionAssessmentDimensionTwo,TASK_COMPLETE,SUCCESS,INFO,325,325,0,,2026-09-01T19:04:17.664Z,2026-09-01T21:14:55.846Z,7838,2026-09-01T21:14:55.846Z,TTCC,Grand Bay,0e5f68b5-5669-4bb1-91ce-4b967b620e7d,SAMMS-GrandBay
202609012114519916,202609011903673245,202609011903672005,85,1482,Bronze INV,br_AdmissionAssessmentDimensionTwo,TASK_COMPLETE,SUCCESS,INFO,22,22,0,,2026-09-01T19:04:17.664Z,2026-09-01T21:14:55.846Z,7838,2026-09-01T21:14:55.846Z,TU,Tucson,0e5f68b5-5669-4bb1-91ce-4b967b620e7d,SAMMS-Tucson
202609012114519917,202609011903673246,202609011903672005,85,1484,Bronze INV,br_AdmissionAssessmentDimensionTwo,TASK_COMPLETE,SUCCESS,INFO,253,253,0,,2026-09-01T19:04:17.664Z,2026-09-01T21:14:55.846Z,7838,2026-09-01T21:14:55.846Z,V1,Memphis South,0e5f68b5-5669-4bb1-91ce-4b967b620e7d,SAMMS-VCPHCS-I-MemphisV5
202609012114519918,202609011903673247,202609011903672005,85,1485,Bronze INV,br_AdmissionAssessmentDimensionTwo,TASK_COMPLETE,SUCCESS,INFO,699,699,0,,2026-09-01T19:04:17.664Z,2026-09-01T21:14:55.846Z,7838,2026-09-01T21:14:55.846Z,V10,Longmont,0e5f68b5-5669-4bb1-91ce-4b967b620e7d,SAMMS-BoulderV5
202609012114519919,202609011903673248,202609011903672005,85,1486,Bronze INV,br_AdmissionAssessmentDimensionTwo,TASK_COMPLETE,SUCCESS,INFO,1196,1196,0,,2026-09-01T19:04:17.664Z,2026-09-01T21:14:55.846Z,7838,2026-09-01T21:14:55.846Z,V10A,Fort Collins,0e5f68b5-5669-4bb1-91ce-4b967b620e7d,SAMMS-FortCollinsV5
202609012114519920,202609011903673249,202609011903672005,85,1487,Bronze INV,br_AdmissionAssessmentDimensionTwo,TASK_COMPLETE,SUCCESS,INFO,1004,1004,0,,2026-09-01T19:04:17.664Z,2026-09-01T21:14:55.846Z,7838,2026-09-01T21:14:55.846Z,V11,Westminster,0e5f68b5-5669-4bb1-91ce-4b967b620e7d,SAMMS-VCPHCS-XI-NorthDenverV5
202609012114519921,202609011903673250,202609011903672005,85,1488,Bronze INV,br_AdmissionAssessmentDimensionTwo,TASK_COMPLETE,SUCCESS,INFO,1072,1072,0,,2026-09-01T19:04:17.664Z,2026-09-01T21:14:55.846Z,7838,2026-09-01T21:14:55.846Z,V12,Downtown Denver,0e5f68b5-5669-4bb1-91ce-4b967b620e7d,SAMMS-VCPHCS-XII-DowntownDenverV5
202609012114519922,202609011903673251,202609011903672005,85,1489,Bronze INV,br_AdmissionAssessmentDimensionTwo,TASK_COMPLETE,SUCCESS,INFO,480,480,0,,2026-09-01T19:04:17.664Z,2026-09-01T21:14:55.846Z,7838,2026-09-01T21:14:55.846Z,V12A,Centennial,0e5f68b5-5669-4bb1-91ce-4b967b620e7d,SAMMS-CentennialV5
202609012114519924,202609011903673252,202609011903672005,85,1490,Bronze INV,br_AdmissionAssessmentDimensionTwo,TASK_COMPLETE,SUCCESS,INFO,298,298,0,,2026-09-01T19:04:17.664Z,2026-09-01T21:14:55.846Z,7838,2026-09-01T21:14:55.846Z,V14,Overland Park,0e5f68b5-5669-4bb1-91ce-4b967b620e7d,SAMMS-VCPHCS-XIV-BridgewayV5
202609012114519925,202609011903673253,202609011903672005,85,1491,Bronze INV,br_AdmissionAssessmentDimensionTwo,TASK_COMPLETE,SUCCESS,INFO,571,571,0,,2026-09-01T19:04:17.664Z,2026-09-01T21:14:55.846Z,7838,2026-09-01T21:14:55.846Z,V15,Joplin,0e5f68b5-5669-4bb1-91ce-4b967b620e7d,SAMMS-JoplinV5
202609012114519926,202609011903673254,202609011903672005,85,1493,Bronze INV,br_AdmissionAssessmentDimensionTwo,TASK_COMPLETE,SUCCESS,INFO,476,476,0,,2026-09-01T19:04:17.664Z,2026-09-01T21:14:55.846Z,7838,2026-09-01T21:14:55.846Z,V17,Columbia TN,0e5f68b5-5669-4bb1-91ce-4b967b620e7d,SAMMS-ColumbiaTNv5
202609012114519927,202609011903673255,202609011903672005,85,1495,Bronze INV,br_AdmissionAssessmentDimensionTwo,TASK_COMPLETE,SUCCESS,INFO,422,422,0,,2026-09-01T19:04:17.664Z,2026-09-01T21:14:55.846Z,7838,2026-09-01T21:14:55.846Z,V19,Jackson,0e5f68b5-5669-4bb1-91ce-4b967b620e7d,SAMMS-JacksonV5
202609012114519928,202609011903673256,202609011903672005,85,1497,Bronze INV,br_AdmissionAssessmentDimensionTwo,TASK_COMPLETE,SUCCESS,INFO,491,491,0,,2026-09-01T19:04:17.664Z,2026-09-01T21:14:55.846Z,7838,2026-09-01T21:14:55.846Z,V20,Paris,0e5f68b5-5669-4bb1-91ce-4b967b620e7d,SAMMS-ParisV5
202609012114519929,202609011903673257,202609011903672005,85,1498,Bronze INV,br_AdmissionAssessmentDimensionTwo,TASK_COMPLETE,SUCCESS,INFO,356,356,0,,2026-09-01T19:04:17.664Z,2026-09-01T21:14:55.846Z,7838,2026-09-01T21:14:55.846Z,V21,Memphis North,0e5f68b5-5669-4bb1-91ce-4b967b620e7d,SAMMS-RaleighV5
202609012114519930,202609011903673258,202609011903672005,85,1501,Bronze INV,br_AdmissionAssessmentDimensionTwo,TASK_COMPLETE,SUCCESS,INFO,707,707,0,,2026-09-01T19:04:17.664Z,2026-09-01T21:14:55.846Z,7838,2026-09-01T21:14:55.846Z,V5,West Bank,0e5f68b5-5669-4bb1-91ce-4b967b620e7d,SAMMS-NONTCv5
202609012114519932,202609011903673259,202609011903672005,85,1503,Bronze INV,br_AdmissionAssessmentDimensionTwo,TASK_COMPLETE,SUCCESS,INFO,257,257,0,,2026-09-01T19:04:17.664Z,2026-09-01T21:14:55.846Z,7838,2026-09-01T21:14:55.846Z,V5B,Houma,0e5f68b5-5669-4bb1-91ce-4b967b620e7d,SAMMS-HoumaV6
202609012114519933,202609011903673260,202609011903672005,85,1504,Bronze INV,br_AdmissionAssessmentDimensionTwo,TASK_COMPLETE,SUCCESS,INFO,960,960,0,,2026-09-01T19:04:17.664Z,2026-09-01T21:14:55.846Z,7838,2026-09-01T21:14:55.846Z,V6,Lake Charles,0e5f68b5-5669-4bb1-91ce-4b967b620e7d,SAMMS-LCv5
202609012114519934,202609011903673261,202609011903672005,85,1506,Bronze INV,br_AdmissionAssessmentDimensionTwo,TASK_COMPLETE,SUCCESS,INFO,574,574,0,,2026-09-01T19:04:17.664Z,2026-09-01T21:14:55.846Z,7838,2026-09-01T21:14:55.846Z,V8,Memphis Midtown,0e5f68b5-5669-4bb1-91ce-4b967b620e7d,SAMMS-VCPHCS-VIII-MemphisV5
202609012114519935,202609011903673262,202609011903672005,85,1507,Bronze INV,br_AdmissionAssessmentDimensionTwo,TASK_COMPLETE,SUCCESS,INFO,1588,1588,0,,2026-09-01T19:04:17.664Z,2026-09-01T21:14:55.846Z,7838,2026-09-01T21:14:55.846Z,V9,Nashville,0e5f68b5-5669-4bb1-91ce-4b967b620e7d,SAMMS-NashvilleV5
202609012114519936,202609011903673263,202609011903672005,85,1508,Bronze INV,br_AdmissionAssessmentDimensionTwo,TASK_COMPLETE,SUCCESS,INFO,332,332,0,,2026-09-01T19:04:17.664Z,2026-09-01T21:14:55.846Z,7838,2026-09-01T21:14:55.846Z,VBRA,Brainerd,0e5f68b5-5669-4bb1-91ce-4b967b620e7d,SAMMS-BrainerdV6
202609012114519937,202609011903673264,202609011903672005,85,1509,Bronze INV,br_AdmissionAssessmentDimensionTwo,TASK_COMPLETE,SUCCESS,INFO,598,598,0,,2026-09-01T19:04:17.664Z,2026-09-01T21:14:55.846Z,7838,2026-09-01T21:14:55.846Z,VBRP,Brooklyn Park,0e5f68b5-5669-4bb1-91ce-4b967b620e7d,SAMMS-BrooklynParkV6
202609012114519939,202609011903673265,202609011903672005,85,1511,Bronze INV,br_AdmissionAssessmentDimensionTwo,TASK_COMPLETE,SUCCESS,INFO,579,579,0,,2026-09-01T19:04:17.664Z,2026-09-01T21:14:55.846Z,7838,2026-09-01T21:14:55.846Z,VMIN,Minneapolis,0e5f68b5-5669-4bb1-91ce-4b967b620e7d,SAMMS-MinneapolisV6
202609012114519940,202609011903673266,202609011903672005,85,1512,Bronze INV,br_AdmissionAssessmentDimensionTwo,TASK_COMPLETE,SUCCESS,INFO,1075,1075,0,,2026-09-01T19:04:17.664Z,2026-09-01T21:14:55.846Z,7838,2026-09-01T21:14:55.846Z,VWBY,Woodbury,0e5f68b5-5669-4bb1-91ce-4b967b620e7d,SAMMS-WoodburyV6
202609012114519941,202609011903673267,202609011903672005,85,1514,Bronze INV,br_AdmissionAssessmentDimensionTwo,TASK_COMPLETE,SUCCESS,INFO,436,436,0,,2026-09-01T19:04:17.664Z,2026-09-01T21:14:55.846Z,7838,2026-09-01T21:14:55.846Z,WIL,Wilson,0e5f68b5-5669-4bb1-91ce-4b967b620e7d,SAMMS-Wilson
202609012114519942,202609011903673268,202609011903672005,85,1150,Bronze INV,br_AdmissionAssessmentDimensionThree,TASK_COMPLETE,SUCCESS,INFO,97,97,0,,2026-09-01T19:04:17.664Z,2026-09-01T21:14:55.846Z,7838,2026-09-01T21:14:55.846Z,AHK,Ahoskie,0e5f68b5-5669-4bb1-91ce-4b967b620e7d,SAMMS-Ahoskie
202609012114519943,202609011903673269,202609011903672005,85,1151,Bronze INV,br_AdmissionAssessmentDimensionThree,TASK_COMPLETE,SUCCESS,INFO,795,795,0,,2026-09-01T19:04:17.664Z,2026-09-01T21:14:55.846Z,7838,2026-09-01T21:14:55.846Z,B12B,Colorado Springs,0e5f68b5-5669-4bb1-91ce-4b967b620e7d,SAMMS-ColoradoSpringsV5
202609012114519945,202609011903673270,202609011903672005,85,1152,Bronze INV,br_AdmissionAssessmentDimensionThree,TASK_COMPLETE,SUCCESS,INFO,413,413,0,,2026-09-01T19:04:17.664Z,2026-09-01T21:14:55.846Z,7838,2026-09-01T21:14:55.846Z,B24,Paintsville,0e5f68b5-5669-4bb1-91ce-4b967b620e7d,SAMMS-PaintsvilleV5
202609012114519946,202609011903673271,202609011903672005,85,1153,Bronze INV,br_AdmissionAssessmentDimensionThree,TASK_COMPLETE,SUCCESS,INFO,173,173,0,,2026-09-01T19:04:17.664Z,2026-09-01T21:14:55.846Z,7838,2026-09-01T21:14:55.846Z,B25,Pikeville,0e5f68b5-5669-4bb1-91ce-4b967b620e7d,SAMMS-PikevilleV5
202609012114519947,202609011903673272,202609011903672005,85,1154,Bronze INV,br_AdmissionAssessmentDimensionThree,TASK_COMPLETE,SUCCESS,INFO,494,494,0,,2026-09-01T19:04:17.664Z,2026-09-01T21:14:55.846Z,7838,2026-09-01T21:14:55.846Z,B26,Hazard,0e5f68b5-5669-4bb1-91ce-4b967b620e7d,SAMMS-HazardV5
202609012114519948,202609011903673273,202609011903672005,85,1155,Bronze INV,br_AdmissionAssessmentDimensionThree,TASK_COMPLETE,SUCCESS,INFO,189,189,0,,2026-09-01T19:04:17.664Z,2026-09-01T21:14:55.846Z,7838,2026-09-01T21:14:55.846Z,B27,Savannah,0e5f68b5-5669-4bb1-91ce-4b967b620e7d,SAMMS-SavannahV6
202609012114519949,202609011903673274,202609011903672005,85,1156,Bronze INV,br_AdmissionAssessmentDimensionThree,TASK_COMPLETE,SUCCESS,INFO,236,236,0,,2026-09-01T19:04:17.664Z,2026-09-01T21:14:55.846Z,7838,2026-09-01T21:14:55.846Z,B28,West Plains,0e5f68b5-5669-4bb1-91ce-4b967b620e7d,SAMMS-WestPlainesV5
202609012114519950,202609011903673275,202609011903672005,85,1157,Bronze INV,br_AdmissionAssessmentDimensionThree,TASK_COMPLETE,SUCCESS,INFO,261,261,0,,2026-09-01T19:04:17.664Z,2026-09-01T21:14:55.846Z,7838,2026-09-01T21:14:55.846Z,B29,Poplar Bluff,0e5f68b5-5669-4bb1-91ce-4b967b620e7d,SAMMS-PoplarBluffV5
202609012114519952,202609011903673276,202609011903672005,85,1158,Bronze INV,br_AdmissionAssessmentDimensionThree,TASK_COMPLETE,SUCCESS,INFO,143,143,0,,2026-09-01T19:04:17.664Z,2026-09-01T21:14:55.846Z,7838,2026-09-01T21:14:55.846Z,B30,KC North,0e5f68b5-5669-4bb1-91ce-4b967b620e7d,SAMMS-KCNv5
202609012114519953,202609011903673277,202609011903672005,85,1159,Bronze INV,br_AdmissionAssessmentDimensionThree,TASK_COMPLETE,SUCCESS,INFO,345,345,0,,2026-09-01T19:04:17.664Z,2026-09-01T21:14:55.846Z,7838,2026-09-01T21:14:55.846Z,B31,Dyersburg,0e5f68b5-5669-4bb1-91ce-4b967b620e7d,SAMMS-DyersburgV5
202609012114519954,202609011903673278,202609011903672005,85,1161,Bronze INV,br_AdmissionAssessmentDimensionThree,TASK_COMPLETE,SUCCESS,INFO,213,213,0,,2026-09-01T19:04:17.664Z,2026-09-01T21:14:55.846Z,7838,2026-09-01T21:14:55.846Z,B33,Paducah,0e5f68b5-5669-4bb1-91ce-4b967b620e7d,SAMMS-Paducah
202609012114519955,202609011903673279,202609011903672005,85,1162,Bronze INV,br_AdmissionAssessmentDimensionThree,TASK_COMPLETE,SUCCESS,INFO,446,446,0,,2026-09-01T19:04:17.664Z,2026-09-01T21:14:55.846Z,7838,2026-09-01T21:14:55.846Z,B34,Corbin,0e5f68b5-5669-4bb1-91ce-4b967b620e7d,SAMMS-CorbinV5
202609012114519956,202609011903673280,202609011903672005,85,1163,Bronze INV,br_AdmissionAssessmentDimensionThree,TASK_COMPLETE,SUCCESS,INFO,718,718,0,,2026-09-01T19:04:17.664Z,2026-09-01T21:14:55.846Z,7838,2026-09-01T21:14:55.846Z,B35,Lexington,0e5f68b5-5669-4bb1-91ce-4b967b620e7d,SAMMS-LexingtonV5
202609012114519957,202609011903673281,202609011903672005,85,1164,Bronze INV,br_AdmissionAssessmentDimensionThree,TASK_COMPLETE,SUCCESS,INFO,347,347,0,,2026-09-01T19:04:17.664Z,2026-09-01T21:14:55.846Z,7838,2026-09-01T21:14:55.846Z,B35A,Berea,0e5f68b5-5669-4bb1-91ce-4b967b620e7d,SAMMS-BereaV5
202609012114519958,202609011903673282,202609011903672005,85,1165,Bronze INV,br_AdmissionAssessmentDimensionThree,TASK_COMPLETE,SUCCESS,INFO,612,612,0,,2026-09-01T19:04:17.664Z,2026-09-01T21:14:55.846Z,7838,2026-09-01T21:14:55.846Z,B36,Asheville,0e5f68b5-5669-4bb1-91ce-4b967b620e7d,SAMMS-AshevilleV5
202609012114519960,202609011903673283,202609011903672005,85,1166,Bronze INV,br_AdmissionAssessmentDimensionThree,TASK_COMPLETE,SUCCESS,INFO,453,453,0,,2026-09-01T19:04:17.664Z,2026-09-01T21:14:55.846Z,7838,2026-09-01T21:14:55.846Z,B37,Clyde,0e5f68b5-5669-4bb1-91ce-4b967b620e7d,SAMMS-ClydeV5
202609012114519961,202609011903673284,202609011903672005,85,1167,Bronze INV,br_AdmissionAssessmentDimensionThree,TASK_COMPLETE,SUCCESS,INFO,633,633,0,,2026-09-01T19:04:17.664Z,2026-09-01T21:14:55.846Z,7838,2026-09-01T21:14:55.846Z,B38,Spartanburg,0e5f68b5-5669-4bb1-91ce-4b967b620e7d,SAMMS-SpartanburgV5
202609012114519962,202609011903673285,202609011903672005,85,1168,Bronze INV,br_AdmissionAssessmentDimensionThree,TASK_COMPLETE,SUCCESS,INFO,487,487,0,,2026-09-01T19:04:17.664Z,2026-09-01T21:14:55.846Z,7838,2026-09-01T21:14:55.846Z,B39,Aiken,0e5f68b5-5669-4bb1-91ce-4b967b620e7d,SAMMS-AikenV5
202609012114519963,202609011903673286,202609011903672005,85,1169,Bronze INV,br_AdmissionAssessmentDimensionThree,TASK_COMPLETE,SUCCESS,INFO,295,295,0,,2026-09-01T19:04:17.664Z,2026-09-01T21:14:55.846Z,7838,2026-09-01T21:14:55.846Z,B41,Chesapeake,0e5f68b5-5669-4bb1-91ce-4b967b620e7d,SAMMS-ChesapeakeV5
202609012114519964,202609011903673287,202609011903672005,85,1170,Bronze INV,br_AdmissionAssessmentDimensionThree,TASK_COMPLETE,SUCCESS,INFO,533,533,0,,2026-09-01T19:04:17.664Z,2026-09-01T21:14:55.846Z,7838,2026-09-01T21:14:55.846Z,B42,Virginia Beach,0e5f68b5-5669-4bb1-91ce-4b967b620e7d,SAMMS-VirginiaBeachV5
202609012114519965,202609011903673288,202609011903672005,85,1171,Bronze INV,br_AdmissionAssessmentDimensionThree,TASK_COMPLETE,SUCCESS,INFO,165,165,0,,2026-09-01T19:04:17.664Z,2026-09-01T21:14:55.846Z,7838,2026-09-01T21:14:55.846Z,B42A,Newport News,0e5f68b5-5669-4bb1-91ce-4b967b620e7d,SAMMS-NewportNewsV5
202609012114519967,202609011903673289,202609011903672005,85,1172,Bronze INV,br_AdmissionAssessmentDimensionThree,TASK_COMPLETE,SUCCESS,INFO,58,58,0,,2026-09-01T19:04:17.664Z,2026-09-01T21:14:55.846Z,7838,2026-09-01T21:14:55.846Z,B42B,Franklin,0e5f68b5-5669-4bb1-91ce-4b967b620e7d,SAMMS-FranklinV5
202609012114519968,202609011903673290,202609011903672005,85,1173,Bronze INV,br_AdmissionAssessmentDimensionThree,TASK_COMPLETE,SUCCESS,INFO,337,337,0,,2026-09-01T19:04:17.664Z,2026-09-01T21:14:55.846Z,7838,2026-09-01T21:14:55.846Z,B42C,Glen Allen,0e5f68b5-5669-4bb1-91ce-4b967b620e7d,SAMMS-GlenAllenV5
202609012114519969,202609011903673291,202609011903672005,85,1174,Bronze INV,br_AdmissionAssessmentDimensionThree,TASK_COMPLETE,SUCCESS,INFO,175,175,0,,2026-09-01T19:04:17.664Z,2026-09-01T21:14:55.846Z,7838,2026-09-01T21:14:55.846Z,B42D,Chesapeake South,0e5f68b5-5669-4bb1-91ce-4b967b620e7d,SAMMS-ChesapeakeSouthV5
202609012114519970,202609011903673292,202609011903672005,85,1175,Bronze INV,br_AdmissionAssessmentDimensionThree,TASK_COMPLETE,SUCCESS,INFO,211,211,0,,2026-09-01T19:04:17.664Z,2026-09-01T21:14:55.846Z,7838,2026-09-01T21:14:55.846Z,B44,Albany,0e5f68b5-5669-4bb1-91ce-4b967b620e7d,SAMMS-AlbanyV5
202609012114519971,202609011903673293,202609011903672005,85,1176,Bronze INV,br_AdmissionAssessmentDimensionThree,TASK_COMPLETE,SUCCESS,INFO,306,306,0,,2026-09-01T19:04:17.664Z,2026-09-01T21:14:55.846Z,7838,2026-09-01T21:14:55.846Z,B45,Tifton,0e5f68b5-5669-4bb1-91ce-4b967b620e7d,SAMMS-TiftonV5
202609012114519972,202609011903673294,202609011903672005,85,1177,Bronze INV,br_AdmissionAssessmentDimensionThree,TASK_COMPLETE,SUCCESS,INFO,676,676,0,,2026-09-01T19:04:17.664Z,2026-09-01T21:14:55.846Z,7838,2026-09-01T21:14:55.846Z,B46,Washington DC,0e5f68b5-5669-4bb1-91ce-4b967b620e7d,SAMMS-WashingtonDCv5
202609012114519973,202609011903673295,202609011903672005,85,1178,Bronze INV,br_AdmissionAssessmentDimensionThree,TASK_COMPLETE,SUCCESS,INFO,360,360,0,,2026-09-01T19:04:17.664Z,2026-09-01T21:14:55.846Z,7838,2026-09-01T21:14:55.846Z,B47,Mobile,0e5f68b5-5669-4bb1-91ce-4b967b620e7d,SAMMS-MobileV5
202608292054380324,202608291904435611,202608291904434406,85,1431,Bronze INV,br_AdmissionAssessmentDimensionTwo,TASK_COMPLETE,SUCCESS,INFO,1257,1257,0,,2026-08-29T19:04:49.126Z,2026-08-29T20:54:41.421Z,6592,2026-08-29T20:54:41.421Z,DRD-NOLA,NOLA,dd7385f2-fbd4-41a4-afcd-7296aca5e198,SAMMS-NOLAv5
202608292054380325,202608291904435612,202608291904434406,85,1432,Bronze INV,br_AdmissionAssessmentDimensionTwo,TASK_COMPLETE,SUCCESS,INFO,750,750,0,,2026-08-29T19:04:49.126Z,2026-08-29T20:54:41.421Z,6592,2026-08-29T20:54:41.421Z,DRD-SF,Springfield,dd7385f2-fbd4-41a4-afcd-7296aca5e198,SAMMS-SFv5
202608292054380326,202608291904435613,202608291904434406,85,1434,Bronze INV,br_AdmissionAssessmentDimensionTwo,TASK_COMPLETE,SUCCESS,INFO,254,254,0,,2026-08-29T19:04:49.126Z,2026-08-29T20:54:41.421Z,6592,2026-08-29T20:54:41.421Z,ELC,Elizabeth City,dd7385f2-fbd4-41a4-afcd-7296aca5e198,SAMMS-ElizabethCity
202608292054380328,202608291904435614,202608291904434406,85,1435,Bronze INV,br_AdmissionAssessmentDimensionTwo,TASK_COMPLETE,SUCCESS,INFO,264,264,0,,2026-08-29T19:04:49.126Z,2026-08-29T20:54:41.421Z,6592,2026-08-29T20:54:41.421Z,ET,Elizabethtown,dd7385f2-fbd4-41a4-afcd-7296aca5e198,SAMMS-Elizabethtown
202608292054380329,202608291904435615,202608291904434406,85,1436,Bronze INV,br_AdmissionAssessmentDimensionTwo,TASK_COMPLETE,SUCCESS,INFO,234,234,0,,2026-08-29T19:04:49.126Z,2026-08-29T20:54:41.421Z,6592,2026-08-29T20:54:41.421Z,FAY,Fayetteville,dd7385f2-fbd4-41a4-afcd-7296aca5e198,SAMMS-Fayetteville
202608292054380330,202608291904435616,202608291904434406,85,1437,Bronze INV,br_AdmissionAssessmentDimensionTwo,TASK_COMPLETE,SUCCESS,INFO,179,179,0,,2026-08-29T19:04:49.126Z,2026-08-29T20:54:41.421Z,6592,2026-08-29T20:54:41.421Z,FR,Frankfort,dd7385f2-fbd4-41a4-afcd-7296aca5e198,SAMMS-Frankfort
202608292054380331,202608291904435617,202608291904434406,85,1438,Bronze INV,br_AdmissionAssessmentDimensionTwo,TASK_COMPLETE,SUCCESS,INFO,283,283,0,,2026-08-29T19:04:49.126Z,2026-08-29T20:54:41.421Z,6592,2026-08-29T20:54:41.421Z,FS,Fort Smith,dd7385f2-fbd4-41a4-afcd-7296aca5e198,SAMMS-FortSmith
202608292054380332,202608291904435618,202608291904434406,85,1439,Bronze INV,br_AdmissionAssessmentDimensionTwo,TASK_COMPLETE,SUCCESS,INFO,683,683,0,,2026-08-29T19:04:49.126Z,2026-08-29T20:54:41.421Z,6592,2026-08-29T20:54:41.421Z,FW,Fort Wayne,dd7385f2-fbd4-41a4-afcd-7296aca5e198,SAMMS-FortWayne
202608292054380333,202608291904435619,202608291904434406,85,1440,Bronze INV,br_AdmissionAssessmentDimensionTwo,TASK_COMPLETE,SUCCESS,INFO,106,106,0,,2026-08-29T19:04:49.126Z,2026-08-29T20:54:41.421Z,6592,2026-08-29T20:54:41.421Z,GAL,Gaylord,dd7385f2-fbd4-41a4-afcd-7296aca5e198,SAMMS-Gaylord
202608292054380334,202608291904435620,202608291904434406,85,1444,Bronze INV,br_AdmissionAssessmentDimensionTwo,TASK_COMPLETE,SUCCESS,INFO,626,626,0,,2026-08-29T19:04:49.126Z,2026-08-29T20:54:41.421Z,6592,2026-08-29T20:54:41.421Z,HGT,Hagerstown,dd7385f2-fbd4-41a4-afcd-7296aca5e198,SAMMS-Hagerstown
202608292054380335,202608291904435621,202608291904434406,85,1445,Bronze INV,br_AdmissionAssessmentDimensionTwo,TASK_COMPLETE,SUCCESS,INFO,476,476,0,,2026-08-29T19:04:49.126Z,2026-08-29T20:54:41.421Z,6592,2026-08-29T20:54:41.421Z,HNT,Huntsville,dd7385f2-fbd4-41a4-afcd-7296aca5e198,SAMMS-Huntsville
202608292054380336,202608291904435622,202608291904434406,85,1446,Bronze INV,br_AdmissionAssessmentDimensionTwo,TASK_COMPLETE,SUCCESS,INFO,313,313,0,,2026-08-29T19:04:49.126Z,2026-08-29T20:54:41.421Z,6592,2026-08-29T20:54:41.421Z,HS,Hot Springs,dd7385f2-fbd4-41a4-afcd-7296aca5e198,SAMMS-HotSprings
202608292054380338,202608291904435623,202608291904434406,85,1447,Bronze INV,br_AdmissionAssessmentDimensionTwo,TASK_COMPLETE,SUCCESS,INFO,268,268,0,,2026-08-29T19:04:49.126Z,2026-08-29T20:54:41.421Z,6592,2026-08-29T20:54:41.421Z,JON,Jonesboro,dd7385f2-fbd4-41a4-afcd-7296aca5e198,SAMMS-Jonesboro
202608292054380339,202608291904435624,202608291904434406,85,1449,Bronze INV,br_AdmissionAssessmentDimensionTwo,TASK_COMPLETE,SUCCESS,INFO,156,156,0,,2026-08-29T19:04:49.126Z,2026-08-29T20:54:41.421Z,6592,2026-08-29T20:54:41.421Z,LAN,Lansing,dd7385f2-fbd4-41a4-afcd-7296aca5e198,SAMMS-Lansing
202608292054380340,202608291904435625,202608291904434406,85,1450,Bronze INV,br_AdmissionAssessmentDimensionTwo,TASK_COMPLETE,SUCCESS,INFO,429,429,0,,2026-08-29T19:04:49.126Z,2026-08-29T20:54:41.421Z,6592,2026-08-29T20:54:41.421Z,LO,Louisville,dd7385f2-fbd4-41a4-afcd-7296aca5e198,SAMMS-Louisville
202608292054380341,202608291904435626,202608291904434406,85,1451,Bronze INV,br_AdmissionAssessmentDimensionTwo,TASK_COMPLETE,SUCCESS,INFO,1170,1170,0,,2026-08-29T19:04:49.126Z,2026-08-29T20:54:41.421Z,6592,2026-08-29T20:54:41.421Z,LV1,Cheyenne,dd7385f2-fbd4-41a4-afcd-7296aca5e198,SAMMS-Cheyenne
202608292054380342,202608291904435627,202608291904434406,85,1452,Bronze INV,br_AdmissionAssessmentDimensionTwo,TASK_COMPLETE,SUCCESS,INFO,945,945,0,,2026-08-29T19:04:49.126Z,2026-08-29T20:54:41.421Z,6592,2026-08-29T20:54:41.421Z,LV2,Desert Inn,dd7385f2-fbd4-41a4-afcd-7296aca5e198,SAMMS-DesertInn
202608292054380343,202608291904435628,202608291904434406,85,1453,Bronze INV,br_AdmissionAssessmentDimensionTwo,TASK_COMPLETE,SUCCESS,INFO,311,311,0,,2026-08-29T19:04:49.126Z,2026-08-29T20:54:41.421Z,6592,2026-08-29T20:54:41.421Z,LV3,McDaniel,dd7385f2-fbd4-41a4-afcd-7296aca5e198,SAMMS-McDaniel
202608292054380344,202608291904435629,202608291904434406,85,1456,Bronze INV,br_AdmissionAssessmentDimensionTwo,TASK_COMPLETE,SUCCESS,INFO,271,271,0,,2026-08-29T19:04:49.126Z,2026-08-29T20:54:41.421Z,6592,2026-08-29T20:54:41.421Z,MNRE,Monroe,dd7385f2-fbd4-41a4-afcd-7296aca5e198,SAMMS-Monroe
202608292054380346,202608291904435630,202608291904434406,85,1457,Bronze INV,br_AdmissionAssessmentDimensionTwo,TASK_COMPLETE,SUCCESS,INFO,130,130,0,,2026-08-29T19:04:49.126Z,2026-08-29T20:54:41.421Z,6592,2026-08-29T20:54:41.421Z,MP,Mt. Pleasant,dd7385f2-fbd4-41a4-afcd-7296aca5e198,SAMMS-MtPleasant
202608292054380347,202608291904435631,202608291904434406,85,1458,Bronze INV,br_AdmissionAssessmentDimensionTwo,TASK_COMPLETE,SUCCESS,INFO,174,174,0,,2026-08-29T19:04:49.126Z,2026-08-29T20:54:41.421Z,6592,2026-08-29T20:54:41.421Z,MRD,Meridian,dd7385f2-fbd4-41a4-afcd-7296aca5e198,SAMMS-Meridian
202608292054380348,202608291904435632,202608291904434406,85,1463,Bronze INV,br_AdmissionAssessmentDimensionTwo,TASK_COMPLETE,SUCCESS,INFO,640,640,0,,2026-08-29T19:04:49.126Z,2026-08-29T20:54:41.421Z,6592,2026-08-29T20:54:41.421Z,NC,North Charleston,dd7385f2-fbd4-41a4-afcd-7296aca5e198,SAMMS-NorthCharleston
202608292054380349,202608291904435633,202608291904434406,85,1464,Bronze INV,br_AdmissionAssessmentDimensionTwo,TASK_COMPLETE,SUCCESS,INFO,577,577,0,,2026-08-29T19:04:49.126Z,2026-08-29T20:54:41.421Z,6592,2026-08-29T20:54:41.421Z,NLR,N. Little Rock,dd7385f2-fbd4-41a4-afcd-7296aca5e198,SAMMS-NLROBOT
202608292054380350,202608291904435634,202608291904434406,85,1465,Bronze INV,br_AdmissionAssessmentDimensionTwo,TASK_COMPLETE,SUCCESS,INFO,238,238,0,,2026-08-29T19:04:49.126Z,2026-08-29T20:54:41.421Z,6592,2026-08-29T20:54:41.421Z,PH,Phoenix,dd7385f2-fbd4-41a4-afcd-7296aca5e198,SAMMS-Phoenix
202608292054380351,202608291904435635,202608291904434406,85,1469,Bronze INV,br_AdmissionAssessmentDimensionTwo,TASK_COMPLETE,SUCCESS,INFO,411,411,0,,2026-08-29T19:04:49.126Z,2026-08-29T20:54:41.421Z,6592,2026-08-29T20:54:41.421Z,RE,Reno,dd7385f2-fbd4-41a4-afcd-7296aca5e198,SAMMS-Reno
202608292054380352,202608291904435636,202608291904434406,85,1470,Bronze INV,br_AdmissionAssessmentDimensionTwo,TASK_COMPLETE,SUCCESS,INFO,392,392,0,,2026-08-29T19:04:49.126Z,2026-08-29T20:54:41.421Z,6592,2026-08-29T20:54:41.421Z,RMD,Richmond,dd7385f2-fbd4-41a4-afcd-7296aca5e198,SAMMS-Richmond
202608292054380354,202608291904435637,202608291904434406,85,1471,Bronze INV,br_AdmissionAssessmentDimensionTwo,TASK_COMPLETE,SUCCESS,INFO,488,488,0,,2026-08-29T19:04:49.126Z,2026-08-29T20:54:41.421Z,6592,2026-08-29T20:54:41.421Z,SFN,Springfield North,dd7385f2-fbd4-41a4-afcd-7296aca5e198,SAMMS-SFNv5
202608292054380355,202608291904435638,202608291904434406,85,1472,Bronze INV,br_AdmissionAssessmentDimensionTwo,TASK_COMPLETE,SUCCESS,INFO,449,449,0,,2026-08-29T19:04:49.126Z,2026-08-29T20:54:41.421Z,6592,2026-08-29T20:54:41.421Z,SHP,Shreveport,dd7385f2-fbd4-41a4-afcd-7296aca5e198,SAMMS-Shreveport
202608292054380356,202608291904435639,202608291904434406,85,1474,Bronze INV,br_AdmissionAssessmentDimensionTwo,TASK_COMPLETE,SUCCESS,INFO,82,82,0,,2026-08-29T19:04:49.126Z,2026-08-29T20:54:41.421Z,6592,2026-08-29T20:54:41.421Z,STN,Staunton,dd7385f2-fbd4-41a4-afcd-7296aca5e198,SAMMS-Staunton
202608292054380357,202608291904435640,202608291904434406,85,1475,Bronze INV,br_AdmissionAssessmentDimensionTwo,TASK_COMPLETE,SUCCESS,INFO,52,52,0,,2026-08-29T19:04:49.126Z,2026-08-29T20:54:41.421Z,6592,2026-08-29T20:54:41.421Z,STVN,Stevenson,dd7385f2-fbd4-41a4-afcd-7296aca5e198,SAMMS-Stevenson
202608292054380358,202608291904435641,202608291904434406,85,1477,Bronze INV,br_AdmissionAssessmentDimensionTwo,TASK_COMPLETE,SUCCESS,INFO,71,71,0,,2026-08-29T19:04:49.126Z,2026-08-29T20:54:41.421Z,6592,2026-08-29T20:54:41.421Z,TE,Tempe,dd7385f2-fbd4-41a4-afcd-7296aca5e198,SAMMS-Tempe
202608292054380359,202608291904435642,202608291904434406,85,1478,Bronze INV,br_AdmissionAssessmentDimensionTwo,TASK_COMPLETE,SUCCESS,INFO,366,366,0,,2026-08-29T19:04:49.126Z,2026-08-29T20:54:41.421Z,6592,2026-08-29T20:54:41.421Z,TEX,Texarkana,dd7385f2-fbd4-41a4-afcd-7296aca5e198,SAMMS-Texarkana
202608292054380361,202608291904435643,202608291904434406,85,1479,Bronze INV,br_AdmissionAssessmentDimensionTwo,TASK_COMPLETE,SUCCESS,INFO,430,430,0,,2026-08-29T19:04:49.126Z,2026-08-29T20:54:41.421Z,6592,2026-08-29T20:54:41.421Z,TTCA,Bessemer,dd7385f2-fbd4-41a4-afcd-7296aca5e198,SAMMS-BessemerV5
202608292054380362,202608291904435644,202608291904434406,85,1480,Bronze INV,br_AdmissionAssessmentDimensionTwo,TASK_COMPLETE,SUCCESS,INFO,549,549,0,,2026-08-29T19:04:49.126Z,2026-08-29T20:54:41.421Z,6592,2026-08-29T20:54:41.421Z,TTCB,Cullman,dd7385f2-fbd4-41a4-afcd-7296aca5e198,SAMMS-CullmanV5
202608292054380363,202608291904435645,202608291904434406,85,1481,Bronze INV,br_AdmissionAssessmentDimensionTwo,TASK_COMPLETE,SUCCESS,INFO,322,322,0,,2026-08-29T19:04:49.126Z,2026-08-29T20:54:41.421Z,6592,2026-08-29T20:54:41.421Z,TTCC,Grand Bay,dd7385f2-fbd4-41a4-afcd-7296aca5e198,SAMMS-GrandBay
202608292054380364,202608291904435646,202608291904434406,85,1482,Bronze INV,br_AdmissionAssessmentDimensionTwo,TASK_COMPLETE,SUCCESS,INFO,22,22,0,,2026-08-29T19:04:49.126Z,2026-08-29T20:54:41.421Z,6592,2026-08-29T20:54:41.421Z,TU,Tucson,dd7385f2-fbd4-41a4-afcd-7296aca5e198,SAMMS-Tucson
202608292054380365,202608291904435647,202608291904434406,85,1484,Bronze INV,br_AdmissionAssessmentDimensionTwo,TASK_COMPLETE,SUCCESS,INFO,253,253,0,,2026-08-29T19:04:49.126Z,2026-08-29T20:54:41.421Z,6592,2026-08-29T20:54:41.421Z,V1,Memphis South,dd7385f2-fbd4-41a4-afcd-7296aca5e198,SAMMS-VCPHCS-I-MemphisV5
202608292054380366,202608291904435648,202608291904434406,85,1485,Bronze INV,br_AdmissionAssessmentDimensionTwo,TASK_COMPLETE,SUCCESS,INFO,698,698,0,,2026-08-29T19:04:49.126Z,2026-08-29T20:54:41.421Z,6592,2026-08-29T20:54:41.421Z,V10,Longmont,dd7385f2-fbd4-41a4-afcd-7296aca5e198,SAMMS-BoulderV5
202608292054380368,202608291904435649,202608291904434406,85,1486,Bronze INV,br_AdmissionAssessmentDimensionTwo,TASK_COMPLETE,SUCCESS,INFO,1195,1195,0,,2026-08-29T19:04:49.126Z,2026-08-29T20:54:41.421Z,6592,2026-08-29T20:54:41.421Z,V10A,Fort Collins,dd7385f2-fbd4-41a4-afcd-7296aca5e198,SAMMS-FortCollinsV5
202608292054380369,202608291904435650,202608291904434406,85,1487,Bronze INV,br_AdmissionAssessmentDimensionTwo,TASK_COMPLETE,SUCCESS,INFO,1001,1001,0,,2026-08-29T19:04:49.126Z,2026-08-29T20:54:41.421Z,6592,2026-08-29T20:54:41.421Z,V11,Westminster,dd7385f2-fbd4-41a4-afcd-7296aca5e198,SAMMS-VCPHCS-XI-NorthDenverV5
202608292054380370,202608291904435651,202608291904434406,85,1488,Bronze INV,br_AdmissionAssessmentDimensionTwo,TASK_COMPLETE,SUCCESS,INFO,1071,1071,0,,2026-08-29T19:04:49.126Z,2026-08-29T20:54:41.421Z,6592,2026-08-29T20:54:41.421Z,V12,Downtown Denver,dd7385f2-fbd4-41a4-afcd-7296aca5e198,SAMMS-VCPHCS-XII-DowntownDenverV5
202608292054380371,202608291904435652,202608291904434406,85,1489,Bronze INV,br_AdmissionAssessmentDimensionTwo,TASK_COMPLETE,SUCCESS,INFO,480,480,0,,2026-08-29T19:04:49.126Z,2026-08-29T20:54:41.421Z,6592,2026-08-29T20:54:41.421Z,V12A,Centennial,dd7385f2-fbd4-41a4-afcd-7296aca5e198,SAMMS-CentennialV5
202608292054380372,202608291904435653,202608291904434406,85,1490,Bronze INV,br_AdmissionAssessmentDimensionTwo,TASK_COMPLETE,SUCCESS,INFO,295,295,0,,2026-08-29T19:04:49.126Z,2026-08-29T20:54:41.421Z,6592,2026-08-29T20:54:41.421Z,V14,Overland Park,dd7385f2-fbd4-41a4-afcd-7296aca5e198,SAMMS-VCPHCS-XIV-BridgewayV5
202608292054380374,202608291904435654,202608291904434406,85,1491,Bronze INV,br_AdmissionAssessmentDimensionTwo,TASK_COMPLETE,SUCCESS,INFO,569,569,0,,2026-08-29T19:04:49.126Z,2026-08-29T20:54:41.421Z,6592,2026-08-29T20:54:41.421Z,V15,Joplin,dd7385f2-fbd4-41a4-afcd-7296aca5e198,SAMMS-JoplinV5
202608292054380375,202608291904435655,202608291904434406,85,1493,Bronze INV,br_AdmissionAssessmentDimensionTwo,TASK_COMPLETE,SUCCESS,INFO,473,473,0,,2026-08-29T19:04:49.126Z,2026-08-29T20:54:41.421Z,6592,2026-08-29T20:54:41.421Z,V17,Columbia TN,dd7385f2-fbd4-41a4-afcd-7296aca5e198,SAMMS-ColumbiaTNv5
202608292054380376,202608291904435656,202608291904434406,85,1495,Bronze INV,br_AdmissionAssessmentDimensionTwo,TASK_COMPLETE,SUCCESS,INFO,421,421,0,,2026-08-29T19:04:49.126Z,2026-08-29T20:54:41.421Z,6592,2026-08-29T20:54:41.421Z,V19,Jackson,dd7385f2-fbd4-41a4-afcd-7296aca5e198,SAMMS-JacksonV5
202608292054380377,202608291904435657,202608291904434406,85,1497,Bronze INV,br_AdmissionAssessmentDimensionTwo,TASK_COMPLETE,SUCCESS,INFO,490,490,0,,2026-08-29T19:04:49.126Z,2026-08-29T20:54:41.421Z,6592,2026-08-29T20:54:41.421Z,V20,Paris,dd7385f2-fbd4-41a4-afcd-7296aca5e198,SAMMS-ParisV5
202608292054380378,202608291904435658,202608291904434406,85,1498,Bronze INV,br_AdmissionAssessmentDimensionTwo,TASK_COMPLETE,SUCCESS,INFO,356,356,0,,2026-08-29T19:04:49.126Z,2026-08-29T20:54:41.421Z,6592,2026-08-29T20:54:41.421Z,V21,Memphis North,dd7385f2-fbd4-41a4-afcd-7296aca5e198,SAMMS-RaleighV5
202608292054380379,202608291904435659,202608291904434406,85,1501,Bronze INV,br_AdmissionAssessmentDimensionTwo,TASK_COMPLETE,SUCCESS,INFO,707,707,0,,2026-08-29T19:04:49.126Z,2026-08-29T20:54:41.421Z,6592,2026-08-29T20:54:41.421Z,V5,West Bank,dd7385f2-fbd4-41a4-afcd-7296aca5e198,SAMMS-NONTCv5
202608292054380381,202608291904435660,202608291904434406,85,1503,Bronze INV,br_AdmissionAssessmentDimensionTwo,TASK_COMPLETE,SUCCESS,INFO,257,257,0,,2026-08-29T19:04:49.126Z,2026-08-29T20:54:41.421Z,6592,2026-08-29T20:54:41.421Z,V5B,Houma,dd7385f2-fbd4-41a4-afcd-7296aca5e198,SAMMS-HoumaV6
202608292054380382,202608291904435661,202608291904434406,85,1504,Bronze INV,br_AdmissionAssessmentDimensionTwo,TASK_COMPLETE,SUCCESS,INFO,960,960,0,,2026-08-29T19:04:49.126Z,2026-08-29T20:54:41.421Z,6592,2026-08-29T20:54:41.421Z,V6,Lake Charles,dd7385f2-fbd4-41a4-afcd-7296aca5e198,SAMMS-LCv5
202608292054380383,202608291904435662,202608291904434406,85,1506,Bronze INV,br_AdmissionAssessmentDimensionTwo,TASK_COMPLETE,SUCCESS,INFO,571,571,0,,2026-08-29T19:04:49.126Z,2026-08-29T20:54:41.421Z,6592,2026-08-29T20:54:41.421Z,V8,Memphis Midtown,dd7385f2-fbd4-41a4-afcd-7296aca5e198,SAMMS-VCPHCS-VIII-MemphisV5
202608292054380384,202608291904435663,202608291904434406,85,1507,Bronze INV,br_AdmissionAssessmentDimensionTwo,TASK_COMPLETE,SUCCESS,INFO,1585,1585,0,,2026-08-29T19:04:49.126Z,2026-08-29T20:54:41.421Z,6592,2026-08-29T20:54:41.421Z,V9,Nashville,dd7385f2-fbd4-41a4-afcd-7296aca5e198,SAMMS-NashvilleV5
202608292054380385,202608291904435664,202608291904434406,85,1508,Bronze INV,br_AdmissionAssessmentDimensionTwo,TASK_COMPLETE,SUCCESS,INFO,332,332,0,,2026-08-29T19:04:49.126Z,2026-08-29T20:54:41.421Z,6592,2026-08-29T20:54:41.421Z,VBRA,Brainerd,dd7385f2-fbd4-41a4-afcd-7296aca5e198,SAMMS-BrainerdV6
202608292054380386,202608291904435665,202608291904434406,85,1509,Bronze INV,br_AdmissionAssessmentDimensionTwo,TASK_COMPLETE,SUCCESS,INFO,598,598,0,,2026-08-29T19:04:49.126Z,2026-08-29T20:54:41.421Z,6592,2026-08-29T20:54:41.421Z,VBRP,Brooklyn Park,dd7385f2-fbd4-41a4-afcd-7296aca5e198,SAMMS-BrooklynParkV6
202608292054380387,202608291904435666,202608291904434406,85,1511,Bronze INV,br_AdmissionAssessmentDimensionTwo,TASK_COMPLETE,SUCCESS,INFO,579,579,0,,2026-08-29T19:04:49.126Z,2026-08-29T20:54:41.421Z,6592,2026-08-29T20:54:41.421Z,VMIN,Minneapolis,dd7385f2-fbd4-41a4-afcd-7296aca5e198,SAMMS-MinneapolisV6
202608292054380389,202608291904435667,202608291904434406,85,1512,Bronze INV,br_AdmissionAssessmentDimensionTwo,TASK_COMPLETE,SUCCESS,INFO,1075,1075,0,,2026-08-29T19:04:49.126Z,2026-08-29T20:54:41.421Z,6592,2026-08-29T20:54:41.421Z,VWBY,Woodbury,dd7385f2-fbd4-41a4-afcd-7296aca5e198,SAMMS-WoodburyV6
202608292054380390,202608291904435668,202608291904434406,85,1514,Bronze INV,br_AdmissionAssessmentDimensionTwo,TASK_COMPLETE,SUCCESS,INFO,435,435,0,,2026-08-29T19:04:49.126Z,2026-08-29T20:54:41.421Z,6592,2026-08-29T20:54:41.421Z,WIL,Wilson,dd7385f2-fbd4-41a4-afcd-7296aca5e198,SAMMS-Wilson
202608292054380391,202608291904435669,202608291904434406,85,1150,Bronze INV,br_AdmissionAssessmentDimensionThree,TASK_COMPLETE,SUCCESS,INFO,97,97,0,,2026-08-29T19:04:49.126Z,2026-08-29T20:54:41.421Z,6592,2026-08-29T20:54:41.421Z,AHK,Ahoskie,dd7385f2-fbd4-41a4-afcd-7296aca5e198,SAMMS-Ahoskie
202608292054380392,202608291904435670,202608291904434406,85,1151,Bronze INV,br_AdmissionAssessmentDimensionThree,TASK_COMPLETE,SUCCESS,INFO,790,790,0,,2026-08-29T19:04:49.126Z,2026-08-29T20:54:41.421Z,6592,2026-08-29T20:54:41.421Z,B12B,Colorado Springs,dd7385f2-fbd4-41a4-afcd-7296aca5e198,SAMMS-ColoradoSpringsV5
202608292054380394,202608291904435671,202608291904434406,85,1152,Bronze INV,br_AdmissionAssessmentDimensionThree,TASK_COMPLETE,SUCCESS,INFO,413,413,0,,2026-08-29T19:04:49.126Z,2026-08-29T20:54:41.421Z,6592,2026-08-29T20:54:41.421Z,B24,Paintsville,dd7385f2-fbd4-41a4-afcd-7296aca5e198,SAMMS-PaintsvilleV5
202608292054380395,202608291904435672,202608291904434406,85,1153,Bronze INV,br_AdmissionAssessmentDimensionThree,TASK_COMPLETE,SUCCESS,INFO,173,173,0,,2026-08-29T19:04:49.126Z,2026-08-29T20:54:41.421Z,6592,2026-08-29T20:54:41.421Z,B25,Pikeville,dd7385f2-fbd4-41a4-afcd-7296aca5e198,SAMMS-PikevilleV5
202608292054380396,202608291904435673,202608291904434406,85,1154,Bronze INV,br_AdmissionAssessmentDimensionThree,TASK_COMPLETE,SUCCESS,INFO,494,494,0,,2026-08-29T19:04:49.126Z,2026-08-29T20:54:41.421Z,6592,2026-08-29T20:54:41.421Z,B26,Hazard,dd7385f2-fbd4-41a4-afcd-7296aca5e198,SAMMS-HazardV5
202608292054380397,202608291904435674,202608291904434406,85,1155,Bronze INV,br_AdmissionAssessmentDimensionThree,TASK_COMPLETE,SUCCESS,INFO,189,189,0,,2026-08-29T19:04:49.126Z,2026-08-29T20:54:41.421Z,6592,2026-08-29T20:54:41.421Z,B27,Savannah,dd7385f2-fbd4-41a4-afcd-7296aca5e198,SAMMS-SavannahV6
202608292054380398,202608291904435675,202608291904434406,85,1156,Bronze INV,br_AdmissionAssessmentDimensionThree,TASK_COMPLETE,SUCCESS,INFO,234,234,0,,2026-08-29T19:04:49.126Z,2026-08-29T20:54:41.421Z,6592,2026-08-29T20:54:41.421Z,B28,West Plains,dd7385f2-fbd4-41a4-afcd-7296aca5e198,SAMMS-WestPlainesV5
202608292054380399,202608291904435676,202608291904434406,85,1157,Bronze INV,br_AdmissionAssessmentDimensionThree,TASK_COMPLETE,SUCCESS,INFO,261,261,0,,2026-08-29T19:04:49.126Z,2026-08-29T20:54:41.421Z,6592,2026-08-29T20:54:41.421Z,B29,Poplar Bluff,dd7385f2-fbd4-41a4-afcd-7296aca5e198,SAMMS-PoplarBluffV5
202608292054380401,202608291904435677,202608291904434406,85,1158,Bronze INV,br_AdmissionAssessmentDimensionThree,TASK_COMPLETE,SUCCESS,INFO,142,142,0,,2026-08-29T19:04:49.126Z,2026-08-29T20:54:41.421Z,6592,2026-08-29T20:54:41.421Z,B30,KC North,dd7385f2-fbd4-41a4-afcd-7296aca5e198,SAMMS-KCNv5
202608292054380402,202608291904435678,202608291904434406,85,1159,Bronze INV,br_AdmissionAssessmentDimensionThree,TASK_COMPLETE,SUCCESS,INFO,345,345,0,,2026-08-29T19:04:49.126Z,2026-08-29T20:54:41.421Z,6592,2026-08-29T20:54:41.421Z,B31,Dyersburg,dd7385f2-fbd4-41a4-afcd-7296aca5e198,SAMMS-DyersburgV5
202608292054380407,202608291904435679,202608291904434406,85,1161,Bronze INV,br_AdmissionAssessmentDimensionThree,TASK_COMPLETE,SUCCESS,INFO,213,213,0,,2026-08-29T19:04:49.126Z,2026-08-29T20:54:41.421Z,6592,2026-08-29T20:54:41.421Z,B33,Paducah,dd7385f2-fbd4-41a4-afcd-7296aca5e198,SAMMS-Paducah
202608292054380409,202608291904435680,202608291904434406,85,1162,Bronze INV,br_AdmissionAssessmentDimensionThree,TASK_COMPLETE,SUCCESS,INFO,446,446,0,,2026-08-29T19:04:49.126Z,2026-08-29T20:54:41.421Z,6592,2026-08-29T20:54:41.421Z,B34,Corbin,dd7385f2-fbd4-41a4-afcd-7296aca5e198,SAMMS-CorbinV5
202608292054380410,202608291904435681,202608291904434406,85,1163,Bronze INV,br_AdmissionAssessmentDimensionThree,TASK_COMPLETE,SUCCESS,INFO,718,718,0,,2026-08-29T19:04:49.126Z,2026-08-29T20:54:41.421Z,6592,2026-08-29T20:54:41.421Z,B35,Lexington,dd7385f2-fbd4-41a4-afcd-7296aca5e198,SAMMS-LexingtonV5
202608292054380411,202608291904435682,202608291904434406,85,1164,Bronze INV,br_AdmissionAssessmentDimensionThree,TASK_COMPLETE,SUCCESS,INFO,347,347,0,,2026-08-29T19:04:49.126Z,2026-08-29T20:54:41.421Z,6592,2026-08-29T20:54:41.421Z,B35A,Berea,dd7385f2-fbd4-41a4-afcd-7296aca5e198,SAMMS-BereaV5
202608292054380412,202608291904435683,202608291904434406,85,1165,Bronze INV,br_AdmissionAssessmentDimensionThree,TASK_COMPLETE,SUCCESS,INFO,610,610,0,,2026-08-29T19:04:49.126Z,2026-08-29T20:54:41.421Z,6592,2026-08-29T20:54:41.421Z,B36,Asheville,dd7385f2-fbd4-41a4-afcd-7296aca5e198,SAMMS-AshevilleV5
202608292054380413,202608291904435684,202608291904434406,85,1166,Bronze INV,br_AdmissionAssessmentDimensionThree,TASK_COMPLETE,SUCCESS,INFO,453,453,0,,2026-08-29T19:04:49.126Z,2026-08-29T20:54:41.421Z,6592,2026-08-29T20:54:41.421Z,B37,Clyde,dd7385f2-fbd4-41a4-afcd-7296aca5e198,SAMMS-ClydeV5
202608292054380414,202608291904435685,202608291904434406,85,1167,Bronze INV,br_AdmissionAssessmentDimensionThree,TASK_COMPLETE,SUCCESS,INFO,633,633,0,,2026-08-29T19:04:49.126Z,2026-08-29T20:54:41.421Z,6592,2026-08-29T20:54:41.421Z,B38,Spartanburg,dd7385f2-fbd4-41a4-afcd-7296aca5e198,SAMMS-SpartanburgV5
202608292054380416,202608291904435686,202608291904434406,85,1168,Bronze INV,br_AdmissionAssessmentDimensionThree,TASK_COMPLETE,SUCCESS,INFO,485,485,0,,2026-08-29T19:04:49.126Z,2026-08-29T20:54:41.421Z,6592,2026-08-29T20:54:41.421Z,B39,Aiken,dd7385f2-fbd4-41a4-afcd-7296aca5e198,SAMMS-AikenV5
202608292054380417,202608291904435687,202608291904434406,85,1169,Bronze INV,br_AdmissionAssessmentDimensionThree,TASK_COMPLETE,SUCCESS,INFO,295,295,0,,2026-08-29T19:04:49.126Z,2026-08-29T20:54:41.421Z,6592,2026-08-29T20:54:41.421Z,B41,Chesapeake,dd7385f2-fbd4-41a4-afcd-7296aca5e198,SAMMS-ChesapeakeV5
202608292054380418,202608291904435688,202608291904434406,85,1170,Bronze INV,br_AdmissionAssessmentDimensionThree,TASK_COMPLETE,SUCCESS,INFO,533,533,0,,2026-08-29T19:04:49.126Z,2026-08-29T20:54:41.421Z,6592,2026-08-29T20:54:41.421Z,B42,Virginia Beach,dd7385f2-fbd4-41a4-afcd-7296aca5e198,SAMMS-VirginiaBeachV5
202608292054380419,202608291904435689,202608291904434406,85,1171,Bronze INV,br_AdmissionAssessmentDimensionThree,TASK_COMPLETE,SUCCESS,INFO,165,165,0,,2026-08-29T19:04:49.126Z,2026-08-29T20:54:41.421Z,6592,2026-08-29T20:54:41.421Z,B42A,Newport News,dd7385f2-fbd4-41a4-afcd-7296aca5e198,SAMMS-NewportNewsV5
202608292054380420,202608291904435690,202608291904434406,85,1172,Bronze INV,br_AdmissionAssessmentDimensionThree,TASK_COMPLETE,SUCCESS,INFO,58,58,0,,2026-08-29T19:04:49.126Z,2026-08-29T20:54:41.421Z,6592,2026-08-29T20:54:41.421Z,B42B,Franklin,dd7385f2-fbd4-41a4-afcd-7296aca5e198,SAMMS-FranklinV5
202608292054380421,202608291904435691,202608291904434406,85,1173,Bronze INV,br_AdmissionAssessmentDimensionThree,TASK_COMPLETE,SUCCESS,INFO,337,337,0,,2026-08-29T19:04:49.126Z,2026-08-29T20:54:41.421Z,6592,2026-08-29T20:54:41.421Z,B42C,Glen Allen,dd7385f2-fbd4-41a4-afcd-7296aca5e198,SAMMS-GlenAllenV5
202608292054380422,202608291904435692,202608291904434406,85,1174,Bronze INV,br_AdmissionAssessmentDimensionThree,TASK_COMPLETE,SUCCESS,INFO,175,175,0,,2026-08-29T19:04:49.126Z,2026-08-29T20:54:41.421Z,6592,2026-08-29T20:54:41.421Z,B42D,Chesapeake South,dd7385f2-fbd4-41a4-afcd-7296aca5e198,SAMMS-ChesapeakeSouthV5
202608292054380423,202608291904435693,202608291904434406,85,1175,Bronze INV,br_AdmissionAssessmentDimensionThree,TASK_COMPLETE,SUCCESS,INFO,210,210,0,,2026-08-29T19:04:49.126Z,2026-08-29T20:54:41.421Z,6592,2026-08-29T20:54:41.421Z,B44,Albany,dd7385f2-fbd4-41a4-afcd-7296aca5e198,SAMMS-AlbanyV5
202608292054380425,202608291904435694,202608291904434406,85,1176,Bronze INV,br_AdmissionAssessmentDimensionThree,TASK_COMPLETE,SUCCESS,INFO,305,305,0,,2026-08-29T19:04:49.126Z,2026-08-29T20:54:41.421Z,6592,2026-08-29T20:54:41.421Z,B45,Tifton,dd7385f2-fbd4-41a4-afcd-7296aca5e198,SAMMS-TiftonV5
202608292054380426,202608291904435695,202608291904434406,85,1177,Bronze INV,br_AdmissionAssessmentDimensionThree,TASK_COMPLETE,SUCCESS,INFO,671,671,0,,2026-08-29T19:04:49.126Z,2026-08-29T20:54:41.421Z,6592,2026-08-29T20:54:41.421Z,B46,Washington DC,dd7385f2-fbd4-41a4-afcd-7296aca5e198,SAMMS-WashingtonDCv5
202608292054380427,202608291904435696,202608291904434406,85,1178,Bronze INV,br_AdmissionAssessmentDimensionThree,TASK_COMPLETE,SUCCESS,INFO,359,359,0,,2026-08-29T19:04:49.126Z,2026-08-29T20:54:41.421Z,6592,2026-08-29T20:54:41.421Z,B47,Mobile,dd7385f2-fbd4-41a4-afcd-7296aca5e198,SAMMS-MobileV5
202609022122571639,202609021903207194,202609021903206075,85,923,Bronze INV,br_AdmissionAssessmentDimensionOneDisorder,TASK_COMPLETE,SUCCESS,INFO,57,57,0,,2026-09-02T19:03:39.838Z,2026-09-02T21:23:00.812Z,8361,2026-09-02T21:23:00.812Z,STVN,Stevenson,c49685cc-3281-44bc-a1c2-3be5b1110999,SAMMS-Stevenson
202609022122571640,202609021903207195,202609021903206075,85,925,Bronze INV,br_AdmissionAssessmentDimensionOneDisorder,TASK_COMPLETE,SUCCESS,INFO,76,76,0,,2026-09-02T19:03:39.838Z,2026-09-02T21:23:00.812Z,8361,2026-09-02T21:23:00.812Z,TE,Tempe,c49685cc-3281-44bc-a1c2-3be5b1110999,SAMMS-Tempe
202609022122571641,202609021903207196,202609021903206075,85,926,Bronze INV,br_AdmissionAssessmentDimensionOneDisorder,TASK_COMPLETE,SUCCESS,INFO,372,372,0,,2026-09-02T19:03:39.838Z,2026-09-02T21:23:00.812Z,8361,2026-09-02T21:23:00.812Z,TEX,Texarkana,c49685cc-3281-44bc-a1c2-3be5b1110999,SAMMS-Texarkana
202609022122571642,202609021903207197,202609021903206075,85,927,Bronze INV,br_AdmissionAssessmentDimensionOneDisorder,TASK_COMPLETE,SUCCESS,INFO,456,456,0,,2026-09-02T19:03:39.838Z,2026-09-02T21:23:00.812Z,8361,2026-09-02T21:23:00.812Z,TTCA,Bessemer,c49685cc-3281-44bc-a1c2-3be5b1110999,SAMMS-BessemerV5
202609022122571643,202609021903207198,202609021903206075,85,928,Bronze INV,br_AdmissionAssessmentDimensionOneDisorder,TASK_COMPLETE,SUCCESS,INFO,558,558,0,,2026-09-02T19:03:39.838Z,2026-09-02T21:23:00.812Z,8361,2026-09-02T21:23:00.812Z,TTCB,Cullman,c49685cc-3281-44bc-a1c2-3be5b1110999,SAMMS-CullmanV5
202609022122571645,202609021903207199,202609021903206075,85,929,Bronze INV,br_AdmissionAssessmentDimensionOneDisorder,TASK_COMPLETE,SUCCESS,INFO,369,369,0,,2026-09-02T19:03:39.838Z,2026-09-02T21:23:00.812Z,8361,2026-09-02T21:23:00.812Z,TTCC,Grand Bay,c49685cc-3281-44bc-a1c2-3be5b1110999,SAMMS-GrandBay
202609022122571646,202609021903207200,202609021903206075,85,930,Bronze INV,br_AdmissionAssessmentDimensionOneDisorder,TASK_COMPLETE,SUCCESS,INFO,24,24,0,,2026-09-02T19:03:39.838Z,2026-09-02T21:23:00.812Z,8361,2026-09-02T21:23:00.812Z,TU,Tucson,c49685cc-3281-44bc-a1c2-3be5b1110999,SAMMS-Tucson
202609022122571647,202609021903207201,202609021903206075,85,932,Bronze INV,br_AdmissionAssessmentDimensionOneDisorder,TASK_COMPLETE,SUCCESS,INFO,267,267,0,,2026-09-02T19:03:39.838Z,2026-09-02T21:23:00.812Z,8361,2026-09-02T21:23:00.812Z,V1,Memphis South,c49685cc-3281-44bc-a1c2-3be5b1110999,SAMMS-VCPHCS-I-MemphisV5
202609022122571648,202609021903207202,202609021903206075,85,933,Bronze INV,br_AdmissionAssessmentDimensionOneDisorder,TASK_COMPLETE,SUCCESS,INFO,710,710,0,,2026-09-02T19:03:39.838Z,2026-09-02T21:23:00.812Z,8361,2026-09-02T21:23:00.812Z,V10,Longmont,c49685cc-3281-44bc-a1c2-3be5b1110999,SAMMS-BoulderV5
202609022122571649,202609021903207203,202609021903206075,85,934,Bronze INV,br_AdmissionAssessmentDimensionOneDisorder,TASK_COMPLETE,SUCCESS,INFO,1210,1210,0,,2026-09-02T19:03:39.838Z,2026-09-02T21:23:00.812Z,8361,2026-09-02T21:23:00.812Z,V10A,Fort Collins,c49685cc-3281-44bc-a1c2-3be5b1110999,SAMMS-FortCollinsV5
202609022122571650,202609021903207204,202609021903206075,85,935,Bronze INV,br_AdmissionAssessmentDimensionOneDisorder,TASK_COMPLETE,SUCCESS,INFO,1056,1056,0,,2026-09-02T19:03:39.838Z,2026-09-02T21:23:00.812Z,8361,2026-09-02T21:23:00.812Z,V11,Westminster,c49685cc-3281-44bc-a1c2-3be5b1110999,SAMMS-VCPHCS-XI-NorthDenverV5
202609022122571651,202609021903207205,202609021903206075,85,936,Bronze INV,br_AdmissionAssessmentDimensionOneDisorder,TASK_COMPLETE,SUCCESS,INFO,1114,1114,0,,2026-09-02T19:03:39.838Z,2026-09-02T21:23:00.812Z,8361,2026-09-02T21:23:00.812Z,V12,Downtown Denver,c49685cc-3281-44bc-a1c2-3be5b1110999,SAMMS-VCPHCS-XII-DowntownDenverV5
202609022122571652,202609021903207206,202609021903206075,85,937,Bronze INV,br_AdmissionAssessmentDimensionOneDisorder,TASK_COMPLETE,SUCCESS,INFO,503,503,0,,2026-09-02T19:03:39.838Z,2026-09-02T21:23:00.812Z,8361,2026-09-02T21:23:00.812Z,V12A,Centennial,c49685cc-3281-44bc-a1c2-3be5b1110999,SAMMS-CentennialV5
202609022122571653,202609021903207207,202609021903206075,85,938,Bronze INV,br_AdmissionAssessmentDimensionOneDisorder,TASK_COMPLETE,SUCCESS,INFO,319,319,0,,2026-09-02T19:03:39.838Z,2026-09-02T21:23:00.812Z,8361,2026-09-02T21:23:00.812Z,V14,Overland Park,c49685cc-3281-44bc-a1c2-3be5b1110999,SAMMS-VCPHCS-XIV-BridgewayV5
202609022122571655,202609021903207208,202609021903206075,85,939,Bronze INV,br_AdmissionAssessmentDimensionOneDisorder,TASK_COMPLETE,SUCCESS,INFO,576,576,0,,2026-09-02T19:03:39.838Z,2026-09-02T21:23:00.812Z,8361,2026-09-02T21:23:00.812Z,V15,Joplin,c49685cc-3281-44bc-a1c2-3be5b1110999,SAMMS-JoplinV5
202609022122571656,202609021903207209,202609021903206075,85,941,Bronze INV,br_AdmissionAssessmentDimensionOneDisorder,TASK_COMPLETE,SUCCESS,INFO,493,493,0,,2026-09-02T19:03:39.838Z,2026-09-02T21:23:00.812Z,8361,2026-09-02T21:23:00.812Z,V17,Columbia TN,c49685cc-3281-44bc-a1c2-3be5b1110999,SAMMS-ColumbiaTNv5
202609022122571657,202609021903207210,202609021903206075,85,943,Bronze INV,br_AdmissionAssessmentDimensionOneDisorder,TASK_COMPLETE,SUCCESS,INFO,443,443,0,,2026-09-02T19:03:39.838Z,2026-09-02T21:23:00.812Z,8361,2026-09-02T21:23:00.812Z,V19,Jackson,c49685cc-3281-44bc-a1c2-3be5b1110999,SAMMS-JacksonV5
202609022122571658,202609021903207211,202609021903206075,85,945,Bronze INV,br_AdmissionAssessmentDimensionOneDisorder,TASK_COMPLETE,SUCCESS,INFO,523,523,0,,2026-09-02T19:03:39.838Z,2026-09-02T21:23:00.812Z,8361,2026-09-02T21:23:00.812Z,V20,Paris,c49685cc-3281-44bc-a1c2-3be5b1110999,SAMMS-ParisV5
202609022122571659,202609021903207212,202609021903206075,85,946,Bronze INV,br_AdmissionAssessmentDimensionOneDisorder,TASK_COMPLETE,SUCCESS,INFO,372,372,0,,2026-09-02T19:03:39.838Z,2026-09-02T21:23:00.812Z,8361,2026-09-02T21:23:00.812Z,V21,Memphis North,c49685cc-3281-44bc-a1c2-3be5b1110999,SAMMS-RaleighV5
202609022122571660,202609021903207213,202609021903206075,85,949,Bronze INV,br_AdmissionAssessmentDimensionOneDisorder,TASK_COMPLETE,SUCCESS,INFO,724,724,0,,2026-09-02T19:03:39.838Z,2026-09-02T21:23:00.812Z,8361,2026-09-02T21:23:00.812Z,V5,West Bank,c49685cc-3281-44bc-a1c2-3be5b1110999,SAMMS-NONTCv5
202609022122571661,202609021903207214,202609021903206075,85,951,Bronze INV,br_AdmissionAssessmentDimensionOneDisorder,TASK_COMPLETE,SUCCESS,INFO,262,262,0,,2026-09-02T19:03:39.838Z,2026-09-02T21:23:00.812Z,8361,2026-09-02T21:23:00.812Z,V5B,Houma,c49685cc-3281-44bc-a1c2-3be5b1110999,SAMMS-HoumaV6
202609022122571662,202609021903207215,202609021903206075,85,952,Bronze INV,br_AdmissionAssessmentDimensionOneDisorder,TASK_COMPLETE,SUCCESS,INFO,982,982,0,,2026-09-02T19:03:39.838Z,2026-09-02T21:23:00.812Z,8361,2026-09-02T21:23:00.812Z,V6,Lake Charles,c49685cc-3281-44bc-a1c2-3be5b1110999,SAMMS-LCv5
202609022122571663,202609021903207216,202609021903206075,85,954,Bronze INV,br_AdmissionAssessmentDimensionOneDisorder,TASK_COMPLETE,SUCCESS,INFO,585,585,0,,2026-09-02T19:03:39.838Z,2026-09-02T21:23:00.812Z,8361,2026-09-02T21:23:00.812Z,V8,Memphis Midtown,c49685cc-3281-44bc-a1c2-3be5b1110999,SAMMS-VCPHCS-VIII-MemphisV5
202609022122571664,202609021903207217,202609021903206075,85,955,Bronze INV,br_AdmissionAssessmentDimensionOneDisorder,TASK_COMPLETE,SUCCESS,INFO,1634,1634,0,,2026-09-02T19:03:39.838Z,2026-09-02T21:23:00.812Z,8361,2026-09-02T21:23:00.812Z,V9,Nashville,c49685cc-3281-44bc-a1c2-3be5b1110999,SAMMS-NashvilleV5
202609022122571665,202609021903207218,202609021903206075,85,956,Bronze INV,br_AdmissionAssessmentDimensionOneDisorder,TASK_COMPLETE,SUCCESS,INFO,349,349,0,,2026-09-02T19:03:39.838Z,2026-09-02T21:23:00.812Z,8361,2026-09-02T21:23:00.812Z,VBRA,Brainerd,c49685cc-3281-44bc-a1c2-3be5b1110999,SAMMS-BrainerdV6
202609022122571667,202609021903207219,202609021903206075,85,957,Bronze INV,br_AdmissionAssessmentDimensionOneDisorder,TASK_COMPLETE,SUCCESS,INFO,615,615,0,,2026-09-02T19:03:39.838Z,2026-09-02T21:23:00.812Z,8361,2026-09-02T21:23:00.812Z,VBRP,Brooklyn Park,c49685cc-3281-44bc-a1c2-3be5b1110999,SAMMS-BrooklynParkV6
202609022122571668,202609021903207220,202609021903206075,85,959,Bronze INV,br_AdmissionAssessmentDimensionOneDisorder,TASK_COMPLETE,SUCCESS,INFO,585,585,0,,2026-09-02T19:03:39.838Z,2026-09-02T21:23:00.812Z,8361,2026-09-02T21:23:00.812Z,VMIN,Minneapolis,c49685cc-3281-44bc-a1c2-3be5b1110999,SAMMS-MinneapolisV6
202609022122571669,202609021903207221,202609021903206075,85,960,Bronze INV,br_AdmissionAssessmentDimensionOneDisorder,TASK_COMPLETE,SUCCESS,INFO,1131,1131,0,,2026-09-02T19:03:39.838Z,2026-09-02T21:23:00.812Z,8361,2026-09-02T21:23:00.812Z,VWBY,Woodbury,c49685cc-3281-44bc-a1c2-3be5b1110999,SAMMS-WoodburyV6
202609022122571670,202609021903207222,202609021903206075,85,962,Bronze INV,br_AdmissionAssessmentDimensionOneDisorder,TASK_COMPLETE,SUCCESS,INFO,442,442,0,,2026-09-02T19:03:39.838Z,2026-09-02T21:23:00.812Z,8361,2026-09-02T21:23:00.812Z,WIL,Wilson,c49685cc-3281-44bc-a1c2-3be5b1110999,SAMMS-Wilson
202609022122571671,202609021903207223,202609021903206075,85,1334,Bronze INV,br_AdmissionAssessmentDimensionTwo,TASK_COMPLETE,SUCCESS,INFO,101,101,0,,2026-09-02T19:03:39.838Z,2026-09-02T21:23:00.812Z,8361,2026-09-02T21:23:00.812Z,AHK,Ahoskie,c49685cc-3281-44bc-a1c2-3be5b1110999,SAMMS-Ahoskie
202609022122571672,202609021903207224,202609021903206075,85,1335,Bronze INV,br_AdmissionAssessmentDimensionTwo,TASK_COMPLETE,SUCCESS,INFO,795,795,0,,2026-09-02T19:03:39.838Z,2026-09-02T21:23:00.812Z,8361,2026-09-02T21:23:00.812Z,B12B,Colorado Springs,c49685cc-3281-44bc-a1c2-3be5b1110999,SAMMS-ColoradoSpringsV5
202609022122571673,202609021903207225,202609021903206075,85,1336,Bronze INV,br_AdmissionAssessmentDimensionTwo,TASK_COMPLETE,SUCCESS,INFO,415,415,0,,2026-09-02T19:03:39.838Z,2026-09-02T21:23:00.812Z,8361,2026-09-02T21:23:00.812Z,B24,Paintsville,c49685cc-3281-44bc-a1c2-3be5b1110999,SAMMS-PaintsvilleV5
202609022122571674,202609021903207226,202609021903206075,85,1337,Bronze INV,br_AdmissionAssessmentDimensionTwo,TASK_COMPLETE,SUCCESS,INFO,172,172,0,,2026-09-02T19:03:39.838Z,2026-09-02T21:23:00.812Z,8361,2026-09-02T21:23:00.812Z,B25,Pikeville,c49685cc-3281-44bc-a1c2-3be5b1110999,SAMMS-PikevilleV5
202609022122571675,202609021903207227,202609021903206075,85,1338,Bronze INV,br_AdmissionAssessmentDimensionTwo,TASK_COMPLETE,SUCCESS,INFO,496,496,0,,2026-09-02T19:03:39.838Z,2026-09-02T21:23:00.812Z,8361,2026-09-02T21:23:00.812Z,B26,Hazard,c49685cc-3281-44bc-a1c2-3be5b1110999,SAMMS-HazardV5
202609022122571677,202609021903207228,202609021903206075,85,1339,Bronze INV,br_AdmissionAssessmentDimensionTwo,TASK_COMPLETE,SUCCESS,INFO,188,188,0,,2026-09-02T19:03:39.838Z,2026-09-02T21:23:00.812Z,8361,2026-09-02T21:23:00.812Z,B27,Savannah,c49685cc-3281-44bc-a1c2-3be5b1110999,SAMMS-SavannahV6
202609022122571678,202609021903207229,202609021903206075,85,1340,Bronze INV,br_AdmissionAssessmentDimensionTwo,TASK_COMPLETE,SUCCESS,INFO,236,236,0,,2026-09-02T19:03:39.838Z,2026-09-02T21:23:00.812Z,8361,2026-09-02T21:23:00.812Z,B28,West Plains,c49685cc-3281-44bc-a1c2-3be5b1110999,SAMMS-WestPlainesV5
202609022122571679,202609021903207230,202609021903206075,85,1341,Bronze INV,br_AdmissionAssessmentDimensionTwo,TASK_COMPLETE,SUCCESS,INFO,262,262,0,,2026-09-02T19:03:39.838Z,2026-09-02T21:23:00.812Z,8361,2026-09-02T21:23:00.812Z,B29,Poplar Bluff,c49685cc-3281-44bc-a1c2-3be5b1110999,SAMMS-PoplarBluffV5
202609022122571680,202609021903207231,202609021903206075,85,1342,Bronze INV,br_AdmissionAssessmentDimensionTwo,TASK_COMPLETE,SUCCESS,INFO,147,147,0,,2026-09-02T19:03:39.838Z,2026-09-02T21:23:00.812Z,8361,2026-09-02T21:23:00.812Z,B30,KC North,c49685cc-3281-44bc-a1c2-3be5b1110999,SAMMS-KCNv5
202609022122571681,202609021903207232,202609021903206075,85,1343,Bronze INV,br_AdmissionAssessmentDimensionTwo,TASK_COMPLETE,SUCCESS,INFO,350,350,0,,2026-09-02T19:03:39.838Z,2026-09-02T21:23:00.812Z,8361,2026-09-02T21:23:00.812Z,B31,Dyersburg,c49685cc-3281-44bc-a1c2-3be5b1110999,SAMMS-DyersburgV5
202609022122571682,202609021903207233,202609021903206075,85,1345,Bronze INV,br_AdmissionAssessmentDimensionTwo,TASK_COMPLETE,SUCCESS,INFO,213,213,0,,2026-09-02T19:03:39.838Z,2026-09-02T21:23:00.812Z,8361,2026-09-02T21:23:00.812Z,B33,Paducah,c49685cc-3281-44bc-a1c2-3be5b1110999,SAMMS-Paducah
202609022122571683,202609021903207234,202609021903206075,85,1346,Bronze INV,br_AdmissionAssessmentDimensionTwo,TASK_COMPLETE,SUCCESS,INFO,449,449,0,,2026-09-02T19:03:39.838Z,2026-09-02T21:23:00.812Z,8361,2026-09-02T21:23:00.812Z,B34,Corbin,c49685cc-3281-44bc-a1c2-3be5b1110999,SAMMS-CorbinV5
202609022122571685,202609021903207235,202609021903206075,85,1347,Bronze INV,br_AdmissionAssessmentDimensionTwo,TASK_COMPLETE,SUCCESS,INFO,719,719,0,,2026-09-02T19:03:39.838Z,2026-09-02T21:23:00.812Z,8361,2026-09-02T21:23:00.812Z,B35,Lexington,c49685cc-3281-44bc-a1c2-3be5b1110999,SAMMS-LexingtonV5
202609022122571686,202609021903207236,202609021903206075,85,1348,Bronze INV,br_AdmissionAssessmentDimensionTwo,TASK_COMPLETE,SUCCESS,INFO,345,345,0,,2026-09-02T19:03:39.838Z,2026-09-02T21:23:00.812Z,8361,2026-09-02T21:23:00.812Z,B35A,Berea,c49685cc-3281-44bc-a1c2-3be5b1110999,SAMMS-BereaV5
202609022122571687,202609021903207237,202609021903206075,85,1349,Bronze INV,br_AdmissionAssessmentDimensionTwo,TASK_COMPLETE,SUCCESS,INFO,614,614,0,,2026-09-02T19:03:39.838Z,2026-09-02T21:23:00.812Z,8361,2026-09-02T21:23:00.812Z,B36,Asheville,c49685cc-3281-44bc-a1c2-3be5b1110999,SAMMS-AshevilleV5
202609022122571688,202609021903207238,202609021903206075,85,1350,Bronze INV,br_AdmissionAssessmentDimensionTwo,TASK_COMPLETE,SUCCESS,INFO,453,453,0,,2026-09-02T19:03:39.838Z,2026-09-02T21:23:00.812Z,8361,2026-09-02T21:23:00.812Z,B37,Clyde,c49685cc-3281-44bc-a1c2-3be5b1110999,SAMMS-ClydeV5
202609022122571689,202609021903207239,202609021903206075,85,1351,Bronze INV,br_AdmissionAssessmentDimensionTwo,TASK_COMPLETE,SUCCESS,INFO,634,634,0,,2026-09-02T19:03:39.838Z,2026-09-02T21:23:00.812Z,8361,2026-09-02T21:23:00.812Z,B38,Spartanburg,c49685cc-3281-44bc-a1c2-3be5b1110999,SAMMS-SpartanburgV5
202609022122571690,202609021903207240,202609021903206075,85,1352,Bronze INV,br_AdmissionAssessmentDimensionTwo,TASK_COMPLETE,SUCCESS,INFO,486,486,0,,2026-09-02T19:03:39.838Z,2026-09-02T21:23:00.812Z,8361,2026-09-02T21:23:00.812Z,B39,Aiken,c49685cc-3281-44bc-a1c2-3be5b1110999,SAMMS-AikenV5
202609022122571691,202609021903207241,202609021903206075,85,1353,Bronze INV,br_AdmissionAssessmentDimensionTwo,TASK_COMPLETE,SUCCESS,INFO,301,301,0,,2026-09-02T19:03:39.838Z,2026-09-02T21:23:00.812Z,8361,2026-09-02T21:23:00.812Z,B41,Chesapeake,c49685cc-3281-44bc-a1c2-3be5b1110999,SAMMS-ChesapeakeV5
202609022122571692,202609021903207242,202609021903206075,85,1354,Bronze INV,br_AdmissionAssessmentDimensionTwo,TASK_COMPLETE,SUCCESS,INFO,540,540,0,,2026-09-02T19:03:39.838Z,2026-09-02T21:23:00.812Z,8361,2026-09-02T21:23:00.812Z,B42,Virginia Beach,c49685cc-3281-44bc-a1c2-3be5b1110999,SAMMS-VirginiaBeachV5
202609022122571693,202609021903207243,202609021903206075,85,1355,Bronze INV,br_AdmissionAssessmentDimensionTwo,TASK_COMPLETE,SUCCESS,INFO,168,168,0,,2026-09-02T19:03:39.838Z,2026-09-02T21:23:00.812Z,8361,2026-09-02T21:23:00.812Z,B42A,Newport News,c49685cc-3281-44bc-a1c2-3be5b1110999,SAMMS-NewportNewsV5
202609022122571694,202609021903207244,202609021903206075,85,1356,Bronze INV,br_AdmissionAssessmentDimensionTwo,TASK_COMPLETE,SUCCESS,INFO,57,57,0,,2026-09-02T19:03:39.838Z,2026-09-02T21:23:00.812Z,8361,2026-09-02T21:23:00.812Z,B42B,Franklin,c49685cc-3281-44bc-a1c2-3be5b1110999,SAMMS-FranklinV5
202609022122571695,202609021903207245,202609021903206075,85,1357,Bronze INV,br_AdmissionAssessmentDimensionTwo,TASK_COMPLETE,SUCCESS,INFO,340,340,0,,2026-09-02T19:03:39.838Z,2026-09-02T21:23:00.812Z,8361,2026-09-02T21:23:00.812Z,B42C,Glen Allen,c49685cc-3281-44bc-a1c2-3be5b1110999,SAMMS-GlenAllenV5
202609022122571697,202609021903207246,202609021903206075,85,1358,Bronze INV,br_AdmissionAssessmentDimensionTwo,TASK_COMPLETE,SUCCESS,INFO,176,176,0,,2026-09-02T19:03:39.838Z,2026-09-02T21:23:00.812Z,8361,2026-09-02T21:23:00.812Z,B42D,Chesapeake South,c49685cc-3281-44bc-a1c2-3be5b1110999,SAMMS-ChesapeakeSouthV5
202609022122571698,202609021903207247,202609021903206075,85,1359,Bronze INV,br_AdmissionAssessmentDimensionTwo,TASK_COMPLETE,SUCCESS,INFO,212,212,0,,2026-09-02T19:03:39.838Z,2026-09-02T21:23:00.812Z,8361,2026-09-02T21:23:00.812Z,B44,Albany,c49685cc-3281-44bc-a1c2-3be5b1110999,SAMMS-AlbanyV5
202609022122571699,202609021903207248,202609021903206075,85,1360,Bronze INV,br_AdmissionAssessmentDimensionTwo,TASK_COMPLETE,SUCCESS,INFO,308,308,0,,2026-09-02T19:03:39.838Z,2026-09-02T21:23:00.812Z,8361,2026-09-02T21:23:00.812Z,B45,Tifton,c49685cc-3281-44bc-a1c2-3be5b1110999,SAMMS-TiftonV5
202609022122571700,202609021903207249,202609021903206075,85,1361,Bronze INV,br_AdmissionAssessmentDimensionTwo,TASK_COMPLETE,SUCCESS,INFO,674,674,0,,2026-09-02T19:03:39.838Z,2026-09-02T21:23:00.812Z,8361,2026-09-02T21:23:00.812Z,B46,Washington DC,c49685cc-3281-44bc-a1c2-3be5b1110999,SAMMS-WashingtonDCv5
202609022122571701,202609021903207250,202609021903206075,85,1362,Bronze INV,br_AdmissionAssessmentDimensionTwo,TASK_COMPLETE,SUCCESS,INFO,362,362,0,,2026-09-02T19:03:39.838Z,2026-09-02T21:23:00.812Z,8361,2026-09-02T21:23:00.812Z,B47,Mobile,c49685cc-3281-44bc-a1c2-3be5b1110999,SAMMS-MobileV5
202609022122571702,202609021903207251,202609021903206075,85,1363,Bronze INV,br_AdmissionAssessmentDimensionTwo,TASK_COMPLETE,SUCCESS,INFO,453,453,0,,2026-09-02T19:03:39.838Z,2026-09-02T21:23:00.812Z,8361,2026-09-02T21:23:00.812Z,B48,Tuscaloosa,c49685cc-3281-44bc-a1c2-3be5b1110999,SAMMS-TuscaloosaV5
202609022122571703,202609021903207252,202609021903206075,85,1372,Bronze INV,br_AdmissionAssessmentDimensionTwo,TASK_COMPLETE,SUCCESS,INFO,319,319,0,,2026-09-02T19:03:39.838Z,2026-09-02T21:23:00.812Z,8361,2026-09-02T21:23:00.812Z,B51,N. Little Rock (OTP),c49685cc-3281-44bc-a1c2-3be5b1110999,SAMMS-NorthLittleRockV6
202609022122571704,202609021903207253,202609021903206075,85,1373,Bronze INV,br_AdmissionAssessmentDimensionTwo,TASK_COMPLETE,SUCCESS,INFO,160,160,0,,2026-09-02T19:03:39.838Z,2026-09-02T21:23:00.812Z,8361,2026-09-02T21:23:00.812Z,B52,Jackson GA,c49685cc-3281-44bc-a1c2-3be5b1110999,SAMMS-JacksonGAV5
202609022122571705,202609021903207254,202609021903206075,85,1374,Bronze INV,br_AdmissionAssessmentDimensionTwo,TASK_COMPLETE,SUCCESS,INFO,487,487,0,,2026-09-02T19:03:39.838Z,2026-09-02T21:23:00.812Z,8361,2026-09-02T21:23:00.812Z,B54,Gadsden,c49685cc-3281-44bc-a1c2-3be5b1110999,SAMMS-GadsdenV5
202609022122571706,202609021903207255,202609021903206075,85,1375,Bronze INV,br_AdmissionAssessmentDimensionTwo,TASK_COMPLETE,SUCCESS,INFO,492,492,0,,2026-09-02T19:03:39.838Z,2026-09-02T21:23:00.812Z,8361,2026-09-02T21:23:00.812Z,B55,Shoals,c49685cc-3281-44bc-a1c2-3be5b1110999,SAMMS-ShoalsV5
202609022122571708,202609021903207256,202609021903206075,85,1376,Bronze INV,br_AdmissionAssessmentDimensionTwo,TASK_COMPLETE,SUCCESS,INFO,175,175,0,,2026-09-02T19:03:39.838Z,2026-09-02T21:23:00.812Z,8361,2026-09-02T21:23:00.812Z,B57,Pawtucket,c49685cc-3281-44bc-a1c2-3be5b1110999,SAMMS-Pawtucket
202609022122571709,202609021903207257,202609021903206075,85,1377,Bronze INV,br_AdmissionAssessmentDimensionTwo,TASK_COMPLETE,SUCCESS,INFO,172,172,0,,2026-09-02T19:03:39.838Z,2026-09-02T21:23:00.812Z,8361,2026-09-02T21:23:00.812Z,B57A,Johnston,c49685cc-3281-44bc-a1c2-3be5b1110999,SAMMS-Johnston
202609022122571710,202609021903207258,202609021903206075,85,1378,Bronze INV,br_AdmissionAssessmentDimensionTwo,TASK_COMPLETE,SUCCESS,INFO,92,92,0,,2026-09-02T19:03:39.838Z,2026-09-02T21:23:00.812Z,8361,2026-09-02T21:23:00.812Z,B57B,Middletown,c49685cc-3281-44bc-a1c2-3be5b1110999,SAMMS-Middletown
202609022122571711,202609021903207259,202609021903206075,85,1379,Bronze INV,br_AdmissionAssessmentDimensionTwo,TASK_COMPLETE,SUCCESS,INFO,182,182,0,,2026-09-02T19:03:39.838Z,2026-09-02T21:23:00.812Z,8361,2026-09-02T21:23:00.812Z,B57C,Providence,c49685cc-3281-44bc-a1c2-3be5b1110999,SAMMS-Providence
202609022122571712,202609021903207260,202609021903206075,85,1380,Bronze INV,br_AdmissionAssessmentDimensionTwo,TASK_COMPLETE,SUCCESS,INFO,261,261,0,,2026-09-02T19:03:39.838Z,2026-09-02T21:23:00.812Z,8361,2026-09-02T21:23:00.812Z,B57D,Westerly,c49685cc-3281-44bc-a1c2-3be5b1110999,SAMMS-Westerly
202609022122571713,202609021903207261,202609021903206075,85,1384,Bronze INV,br_AdmissionAssessmentDimensionTwo,TASK_COMPLETE,SUCCESS,INFO,365,365,0,,2026-09-02T19:03:39.838Z,2026-09-02T21:23:00.812Z,8361,2026-09-02T21:23:00.812Z,B66A,Bremen,c49685cc-3281-44bc-a1c2-3be5b1110999,SAMMS-Bremen
202609022122571714,202609021903207262,202609021903206075,85,1387,Bronze INV,br_AdmissionAssessmentDimensionTwo,TASK_COMPLETE,SUCCESS,INFO,16,16,0,,2026-09-02T19:03:39.838Z,2026-09-02T21:23:00.812Z,8361,2026-09-02T21:23:00.812Z,B72,Mobile (OBOT),c49685cc-3281-44bc-a1c2-3be5b1110999,SAMMS-Mobile-OBOT
202609022122571715,202609021903207263,202609021903206075,85,1388,Bronze INV,br_AdmissionAssessmentDimensionTwo,TASK_COMPLETE,SUCCESS,INFO,5,5,0,,2026-09-02T19:03:39.838Z,2026-09-02T21:23:00.812Z,8361,2026-09-02T21:23:00.812Z,B73,Montgomery,c49685cc-3281-44bc-a1c2-3be5b1110999,SAMMS-Montgomery
202609022122571716,202609021903207264,202609021903206075,85,1389,Bronze INV,br_AdmissionAssessmentDimensionTwo,TASK_COMPLETE,SUCCESS,INFO,324,324,0,,2026-09-02T19:03:39.838Z,2026-09-02T21:23:00.812Z,8361,2026-09-02T21:23:00.812Z,B75,Lawrence,c49685cc-3281-44bc-a1c2-3be5b1110999,SAMMS-LawrenceV6
202609022122571717,202609021903207265,202609021903206075,85,1390,Bronze INV,br_AdmissionAssessmentDimensionTwo,TASK_COMPLETE,SUCCESS,INFO,51,51,0,,2026-09-02T19:03:39.838Z,2026-09-02T21:23:00.812Z,8361,2026-09-02T21:23:00.812Z,B76,Huntsville OBOT,c49685cc-3281-44bc-a1c2-3be5b1110999,SAMMS-Huntsville-OBOT
202609022122571718,202609021903207266,202609021903206075,85,1391,Bronze INV,br_AdmissionAssessmentDimensionTwo,TASK_COMPLETE,SUCCESS,INFO,304,304,0,,2026-09-02T19:03:39.838Z,2026-09-02T21:23:00.812Z,8361,2026-09-02T21:23:00.812Z,BAT,Batesville,c49685cc-3281-44bc-a1c2-3be5b1110999,SAMMS-Batesville
202609022122571720,202609021903207267,202609021903206075,85,1392,Bronze INV,br_AdmissionAssessmentDimensionTwo,TASK_COMPLETE,SUCCESS,INFO,238,238,0,,2026-09-02T19:03:39.838Z,2026-09-02T21:23:00.812Z,8361,2026-09-02T21:23:00.812Z,BG,Bowling Green,c49685cc-3281-44bc-a1c2-3be5b1110999,SAMMS-BowlingGreen
202609022122571721,202609021903207268,202609021903206075,85,1393,Bronze INV,br_AdmissionAssessmentDimensionTwo,TASK_COMPLETE,SUCCESS,INFO,223,223,0,,2026-09-02T19:03:39.838Z,2026-09-02T21:23:00.812Z,8361,2026-09-02T21:23:00.812Z,BOI,Boise,c49685cc-3281-44bc-a1c2-3be5b1110999,SAMMS-Boise
202609022122571722,202609021903207269,202609021903206075,85,1400,Bronze INV,br_AdmissionAssessmentDimensionTwo,TASK_COMPLETE,SUCCESS,INFO,288,288,0,,2026-09-02T19:03:39.838Z,2026-09-02T21:23:00.812Z,8361,2026-09-02T21:23:00.812Z,CBCO,Coeur dAlene,c49685cc-3281-44bc-a1c2-3be5b1110999,SAMMS-CoeurdAleneV6
202609022122571723,202609021903207270,202609021903206075,85,1419,Bronze INV,br_AdmissionAssessmentDimensionTwo,TASK_COMPLETE,SUCCESS,INFO,306,306,0,,2026-09-02T19:03:39.838Z,2026-09-02T21:23:00.812Z,8361,2026-09-02T21:23:00.812Z,CON,Conway,c49685cc-3281-44bc-a1c2-3be5b1110999,SAMMS-Conway
202609022122571724,202609021903207271,202609021903206075,85,1420,Bronze INV,br_AdmissionAssessmentDimensionTwo,TASK_COMPLETE,SUCCESS,INFO,1572,1572,0,,2026-09-02T19:03:39.838Z,2026-09-02T21:23:00.812Z,8361,2026-09-02T21:23:00.812Z,D07,Medical Services Knox TN,c49685cc-3281-44bc-a1c2-3be5b1110999,SAMMS-KnoxvilleV6
202609022122571725,202609021903207272,202609021903206075,85,1421,Bronze INV,br_AdmissionAssessmentDimensionTwo,TASK_COMPLETE,SUCCESS,INFO,978,978,0,,2026-09-02T19:03:39.838Z,2026-09-02T21:23:00.812Z,8361,2026-09-02T21:23:00.812Z,D08,Madison,c49685cc-3281-44bc-a1c2-3be5b1110999,SAMMS-MadisonV6
202609022122571726,202609021903207273,202609021903206075,85,1423,Bronze INV,br_AdmissionAssessmentDimensionTwo,TASK_COMPLETE,SUCCESS,INFO,948,948,0,,2026-09-02T19:03:39.838Z,2026-09-02T21:23:00.812Z,8361,2026-09-02T21:23:00.812Z,D09,Murfreesboro,c49685cc-3281-44bc-a1c2-3be5b1110999,SAMMS-MurfreesboroV6
202609022122571727,202609021903207274,202609021903206075,85,1424,Bronze INV,br_AdmissionAssessmentDimensionTwo,TASK_COMPLETE,SUCCESS,INFO,222,222,0,,2026-09-02T19:03:39.838Z,2026-09-02T21:23:00.812Z,8361,2026-09-02T21:23:00.812Z,DA,Davenport,c49685cc-3281-44bc-a1c2-3be5b1110999,SAMMS-Davenport
202609022122571728,202609021903207275,202609021903206075,85,1425,Bronze INV,br_AdmissionAssessmentDimensionTwo,TASK_COMPLETE,SUCCESS,INFO,355,355,0,,2026-09-02T19:03:39.838Z,2026-09-02T21:23:00.812Z,8361,2026-09-02T21:23:00.812Z,DM,Des Moines,c49685cc-3281-44bc-a1c2-3be5b1110999,SAMMS-DesMoines
202609022122571729,202609021903207276,202609021903206075,85,1427,Bronze INV,br_AdmissionAssessmentDimensionTwo,TASK_COMPLETE,SUCCESS,INFO,480,480,0,,2026-09-02T19:03:39.838Z,2026-09-02T21:23:00.812Z,8361,2026-09-02T21:23:00.812Z,DRD-CO,Columbia MO,c49685cc-3281-44bc-a1c2-3be5b1110999,SAMMS-ColumbiaV5
202609022122571730,202609021903207277,202609021903206075,85,1428,Bronze INV,br_AdmissionAssessmentDimensionTwo,TASK_COMPLETE,SUCCESS,INFO,596,596,0,,2026-09-02T19:03:39.838Z,2026-09-02T21:23:00.812Z,8361,2026-09-02T21:23:00.812Z,DRD-KC,KC,c49685cc-3281-44bc-a1c2-3be5b1110999,SAMMS-KCv5
202609022122571732,202609021903207278,202609021903206075,85,1429,Bronze INV,br_AdmissionAssessmentDimensionTwo,TASK_COMPLETE,SUCCESS,INFO,951,951,0,,2026-09-02T19:03:39.838Z,2026-09-02T21:23:00.812Z,8361,2026-09-02T21:23:00.812Z,DRD-KVB,KVB,c49685cc-3281-44bc-a1c2-3be5b1110999,SAMMS-KVBv5
202609022122571733,202609021903207279,202609021903206075,85,1430,Bronze INV,br_AdmissionAssessmentDimensionTwo,TASK_COMPLETE,SUCCESS,INFO,1580,1580,0,,2026-09-02T19:03:39.838Z,2026-09-02T21:23:00.812Z,8361,2026-09-02T21:23:00.812Z,DRD-KVC,KVC,c49685cc-3281-44bc-a1c2-3be5b1110999,SAMMS-KVCv5
202609012114520373,202609011903673640,202609011903672005,85,994,Bronze INV,br_AdmissionAssessmentDimensionSix,TASK_COMPLETE,SUCCESS,INFO,349,349,0,,2026-09-01T19:04:17.664Z,2026-09-01T21:14:55.846Z,7838,2026-09-01T21:14:55.846Z,B47,Mobile,0e5f68b5-5669-4bb1-91ce-4b967b620e7d,SAMMS-MobileV5
202609012114520374,202609011903673641,202609011903672005,85,995,Bronze INV,br_AdmissionAssessmentDimensionSix,TASK_COMPLETE,SUCCESS,INFO,449,449,0,,2026-09-01T19:04:17.664Z,2026-09-01T21:14:55.846Z,7838,2026-09-01T21:14:55.846Z,B48,Tuscaloosa,0e5f68b5-5669-4bb1-91ce-4b967b620e7d,SAMMS-TuscaloosaV5
202609012114520375,202609011903673642,202609011903672005,85,1004,Bronze INV,br_AdmissionAssessmentDimensionSix,TASK_COMPLETE,SUCCESS,INFO,314,314,0,,2026-09-01T19:04:17.664Z,2026-09-01T21:14:55.846Z,7838,2026-09-01T21:14:55.846Z,B51,N. Little Rock (OTP),0e5f68b5-5669-4bb1-91ce-4b967b620e7d,SAMMS-NorthLittleRockV6
202609012114520377,202609011903673643,202609011903672005,85,1005,Bronze INV,br_AdmissionAssessmentDimensionSix,TASK_COMPLETE,SUCCESS,INFO,154,154,0,,2026-09-01T19:04:17.664Z,2026-09-01T21:14:55.846Z,7838,2026-09-01T21:14:55.846Z,B52,Jackson GA,0e5f68b5-5669-4bb1-91ce-4b967b620e7d,SAMMS-JacksonGAV5
202609012114520378,202609011903673644,202609011903672005,85,1006,Bronze INV,br_AdmissionAssessmentDimensionSix,TASK_COMPLETE,SUCCESS,INFO,475,475,0,,2026-09-01T19:04:17.664Z,2026-09-01T21:14:55.846Z,7838,2026-09-01T21:14:55.846Z,B54,Gadsden,0e5f68b5-5669-4bb1-91ce-4b967b620e7d,SAMMS-GadsdenV5
202609012114520379,202609011903673645,202609011903672005,85,1007,Bronze INV,br_AdmissionAssessmentDimensionSix,TASK_COMPLETE,SUCCESS,INFO,486,486,0,,2026-09-01T19:04:17.664Z,2026-09-01T21:14:55.846Z,7838,2026-09-01T21:14:55.846Z,B55,Shoals,0e5f68b5-5669-4bb1-91ce-4b967b620e7d,SAMMS-ShoalsV5
202609012114520380,202609011903673646,202609011903672005,85,1008,Bronze INV,br_AdmissionAssessmentDimensionSix,TASK_COMPLETE,SUCCESS,INFO,172,172,0,,2026-09-01T19:04:17.664Z,2026-09-01T21:14:55.846Z,7838,2026-09-01T21:14:55.846Z,B57,Pawtucket,0e5f68b5-5669-4bb1-91ce-4b967b620e7d,SAMMS-Pawtucket
202609012114520381,202609011903673647,202609011903672005,85,1009,Bronze INV,br_AdmissionAssessmentDimensionSix,TASK_COMPLETE,SUCCESS,INFO,169,169,0,,2026-09-01T19:04:17.664Z,2026-09-01T21:14:55.846Z,7838,2026-09-01T21:14:55.846Z,B57A,Johnston,0e5f68b5-5669-4bb1-91ce-4b967b620e7d,SAMMS-Johnston
202609012114520382,202609011903673648,202609011903672005,85,1010,Bronze INV,br_AdmissionAssessmentDimensionSix,TASK_COMPLETE,SUCCESS,INFO,87,87,0,,2026-09-01T19:04:17.664Z,2026-09-01T21:14:55.846Z,7838,2026-09-01T21:14:55.846Z,B57B,Middletown,0e5f68b5-5669-4bb1-91ce-4b967b620e7d,SAMMS-Middletown
202609012114520384,202609011903673649,202609011903672005,85,1011,Bronze INV,br_AdmissionAssessmentDimensionSix,TASK_COMPLETE,SUCCESS,INFO,176,176,0,,2026-09-01T19:04:17.664Z,2026-09-01T21:14:55.846Z,7838,2026-09-01T21:14:55.846Z,B57C,Providence,0e5f68b5-5669-4bb1-91ce-4b967b620e7d,SAMMS-Providence
202609012114520385,202609011903673650,202609011903672005,85,1012,Bronze INV,br_AdmissionAssessmentDimensionSix,TASK_COMPLETE,SUCCESS,INFO,258,258,0,,2026-09-01T19:04:17.664Z,2026-09-01T21:14:55.846Z,7838,2026-09-01T21:14:55.846Z,B57D,Westerly,0e5f68b5-5669-4bb1-91ce-4b967b620e7d,SAMMS-Westerly
202609012114520386,202609011903673651,202609011903672005,85,1016,Bronze INV,br_AdmissionAssessmentDimensionSix,TASK_COMPLETE,SUCCESS,INFO,365,365,0,,2026-09-01T19:04:17.664Z,2026-09-01T21:14:55.846Z,7838,2026-09-01T21:14:55.846Z,B66A,Bremen,0e5f68b5-5669-4bb1-91ce-4b967b620e7d,SAMMS-Bremen
202609012114520387,202609011903673652,202609011903672005,85,1019,Bronze INV,br_AdmissionAssessmentDimensionSix,TASK_COMPLETE,SUCCESS,INFO,13,13,0,,2026-09-01T19:04:17.664Z,2026-09-01T21:14:55.846Z,7838,2026-09-01T21:14:55.846Z,B72,Mobile (OBOT),0e5f68b5-5669-4bb1-91ce-4b967b620e7d,SAMMS-Mobile-OBOT
202609012114520388,202609011903673653,202609011903672005,85,1020,Bronze INV,br_AdmissionAssessmentDimensionSix,TASK_COMPLETE,SUCCESS,INFO,2,2,0,,2026-09-01T19:04:17.664Z,2026-09-01T21:14:55.846Z,7838,2026-09-01T21:14:55.846Z,B73,Montgomery,0e5f68b5-5669-4bb1-91ce-4b967b620e7d,SAMMS-Montgomery
202609012114520389,202609011903673654,202609011903672005,85,1021,Bronze INV,br_AdmissionAssessmentDimensionSix,TASK_COMPLETE,SUCCESS,INFO,317,317,0,,2026-09-01T19:04:17.664Z,2026-09-01T21:14:55.846Z,7838,2026-09-01T21:14:55.846Z,B75,Lawrence,0e5f68b5-5669-4bb1-91ce-4b967b620e7d,SAMMS-LawrenceV6
202609012114520390,202609011903673655,202609011903672005,85,1022,Bronze INV,br_AdmissionAssessmentDimensionSix,TASK_COMPLETE,SUCCESS,INFO,50,50,0,,2026-09-01T19:04:17.664Z,2026-09-01T21:14:55.846Z,7838,2026-09-01T21:14:55.846Z,B76,Huntsville OBOT,0e5f68b5-5669-4bb1-91ce-4b967b620e7d,SAMMS-Huntsville-OBOT
202609012114520392,202609011903673656,202609011903672005,85,1023,Bronze INV,br_AdmissionAssessmentDimensionSix,TASK_COMPLETE,SUCCESS,INFO,302,302,0,,2026-09-01T19:04:17.664Z,2026-09-01T21:14:55.846Z,7838,2026-09-01T21:14:55.846Z,BAT,Batesville,0e5f68b5-5669-4bb1-91ce-4b967b620e7d,SAMMS-Batesville
202609012114520393,202609011903673657,202609011903672005,85,1024,Bronze INV,br_AdmissionAssessmentDimensionSix,TASK_COMPLETE,SUCCESS,INFO,235,235,0,,2026-09-01T19:04:17.664Z,2026-09-01T21:14:55.846Z,7838,2026-09-01T21:14:55.846Z,BG,Bowling Green,0e5f68b5-5669-4bb1-91ce-4b967b620e7d,SAMMS-BowlingGreen
202609012114520394,202609011903673658,202609011903672005,85,1025,Bronze INV,br_AdmissionAssessmentDimensionSix,TASK_COMPLETE,SUCCESS,INFO,217,217,0,,2026-09-01T19:04:17.664Z,2026-09-01T21:14:55.846Z,7838,2026-09-01T21:14:55.846Z,BOI,Boise,0e5f68b5-5669-4bb1-91ce-4b967b620e7d,SAMMS-Boise
202609012114520395,202609011903673659,202609011903672005,85,1032,Bronze INV,br_AdmissionAssessmentDimensionSix,TASK_COMPLETE,SUCCESS,INFO,285,285,0,,2026-09-01T19:04:17.664Z,2026-09-01T21:14:55.846Z,7838,2026-09-01T21:14:55.846Z,CBCO,Coeur dAlene,0e5f68b5-5669-4bb1-91ce-4b967b620e7d,SAMMS-CoeurdAleneV6
202609012114520396,202609011903673660,202609011903672005,85,1051,Bronze INV,br_AdmissionAssessmentDimensionSix,TASK_COMPLETE,SUCCESS,INFO,304,304,0,,2026-09-01T19:04:17.664Z,2026-09-01T21:14:55.846Z,7838,2026-09-01T21:14:55.846Z,CON,Conway,0e5f68b5-5669-4bb1-91ce-4b967b620e7d,SAMMS-Conway
202609012114520397,202609011903673661,202609011903672005,85,1052,Bronze INV,br_AdmissionAssessmentDimensionSix,TASK_COMPLETE,SUCCESS,INFO,1539,1539,0,,2026-09-01T19:04:17.664Z,2026-09-01T21:14:55.846Z,7838,2026-09-01T21:14:55.846Z,D07,Medical Services Knox TN,0e5f68b5-5669-4bb1-91ce-4b967b620e7d,SAMMS-KnoxvilleV6
202609012114520398,202609011903673662,202609011903672005,85,1053,Bronze INV,br_AdmissionAssessmentDimensionSix,TASK_COMPLETE,SUCCESS,INFO,958,958,0,,2026-09-01T19:04:17.664Z,2026-09-01T21:14:55.846Z,7838,2026-09-01T21:14:55.846Z,D08,Madison,0e5f68b5-5669-4bb1-91ce-4b967b620e7d,SAMMS-MadisonV6
202609012114520400,202609011903673663,202609011903672005,85,1055,Bronze INV,br_AdmissionAssessmentDimensionSix,TASK_COMPLETE,SUCCESS,INFO,927,927,0,,2026-09-01T19:04:17.664Z,2026-09-01T21:14:55.846Z,7838,2026-09-01T21:14:55.846Z,D09,Murfreesboro,0e5f68b5-5669-4bb1-91ce-4b967b620e7d,SAMMS-MurfreesboroV6
202609012114520401,202609011903673664,202609011903672005,85,1056,Bronze INV,br_AdmissionAssessmentDimensionSix,TASK_COMPLETE,SUCCESS,INFO,220,220,0,,2026-09-01T19:04:17.664Z,2026-09-01T21:14:55.846Z,7838,2026-09-01T21:14:55.846Z,DA,Davenport,0e5f68b5-5669-4bb1-91ce-4b967b620e7d,SAMMS-Davenport
202609012114520402,202609011903673665,202609011903672005,85,1057,Bronze INV,br_AdmissionAssessmentDimensionSix,TASK_COMPLETE,SUCCESS,INFO,351,351,0,,2026-09-01T19:04:17.664Z,2026-09-01T21:14:55.846Z,7838,2026-09-01T21:14:55.846Z,DM,Des Moines,0e5f68b5-5669-4bb1-91ce-4b967b620e7d,SAMMS-DesMoines
202609012114520403,202609011903673666,202609011903672005,85,1059,Bronze INV,br_AdmissionAssessmentDimensionSix,TASK_COMPLETE,SUCCESS,INFO,477,477,0,,2026-09-01T19:04:17.664Z,2026-09-01T21:14:55.846Z,7838,2026-09-01T21:14:55.846Z,DRD-CO,Columbia MO,0e5f68b5-5669-4bb1-91ce-4b967b620e7d,SAMMS-ColumbiaV5
202609012114520404,202609011903673667,202609011903672005,85,1060,Bronze INV,br_AdmissionAssessmentDimensionSix,TASK_COMPLETE,SUCCESS,INFO,593,593,0,,2026-09-01T19:04:17.664Z,2026-09-01T21:14:55.846Z,7838,2026-09-01T21:14:55.846Z,DRD-KC,KC,0e5f68b5-5669-4bb1-91ce-4b967b620e7d,SAMMS-KCv5
202609012114520405,202609011903673668,202609011903672005,85,1061,Bronze INV,br_AdmissionAssessmentDimensionSix,TASK_COMPLETE,SUCCESS,INFO,945,945,0,,2026-09-01T19:04:17.664Z,2026-09-01T21:14:55.846Z,7838,2026-09-01T21:14:55.846Z,DRD-KVB,KVB,0e5f68b5-5669-4bb1-91ce-4b967b620e7d,SAMMS-KVBv5
202609012114520407,202609011903673669,202609011903672005,85,1062,Bronze INV,br_AdmissionAssessmentDimensionSix,TASK_COMPLETE,SUCCESS,INFO,1571,1571,0,,2026-09-01T19:04:17.664Z,2026-09-01T21:14:55.846Z,7838,2026-09-01T21:14:55.846Z,DRD-KVC,KVC,0e5f68b5-5669-4bb1-91ce-4b967b620e7d,SAMMS-KVCv5
202609012114520408,202609011903673670,202609011903672005,85,1063,Bronze INV,br_AdmissionAssessmentDimensionSix,TASK_COMPLETE,SUCCESS,INFO,1253,1253,0,,2026-09-01T19:04:17.664Z,2026-09-01T21:14:55.846Z,7838,2026-09-01T21:14:55.846Z,DRD-NOLA,NOLA,0e5f68b5-5669-4bb1-91ce-4b967b620e7d,SAMMS-NOLAv5
202609012114520409,202609011903673671,202609011903672005,85,1064,Bronze INV,br_AdmissionAssessmentDimensionSix,TASK_COMPLETE,SUCCESS,INFO,741,741,0,,2026-09-01T19:04:17.664Z,2026-09-01T21:14:55.846Z,7838,2026-09-01T21:14:55.846Z,DRD-SF,Springfield,0e5f68b5-5669-4bb1-91ce-4b967b620e7d,SAMMS-SFv5
202609012114520410,202609011903673672,202609011903672005,85,1066,Bronze INV,br_AdmissionAssessmentDimensionSix,TASK_COMPLETE,SUCCESS,INFO,249,249,0,,2026-09-01T19:04:17.664Z,2026-09-01T21:14:55.846Z,7838,2026-09-01T21:14:55.846Z,ELC,Elizabeth City,0e5f68b5-5669-4bb1-91ce-4b967b620e7d,SAMMS-ElizabethCity
202609012114520411,202609011903673673,202609011903672005,85,1067,Bronze INV,br_AdmissionAssessmentDimensionSix,TASK_COMPLETE,SUCCESS,INFO,260,260,0,,2026-09-01T19:04:17.664Z,2026-09-01T21:14:55.846Z,7838,2026-09-01T21:14:55.846Z,ET,Elizabethtown,0e5f68b5-5669-4bb1-91ce-4b967b620e7d,SAMMS-Elizabethtown
202609012114520412,202609011903673674,202609011903672005,85,1068,Bronze INV,br_AdmissionAssessmentDimensionSix,TASK_COMPLETE,SUCCESS,INFO,228,228,0,,2026-09-01T19:04:17.664Z,2026-09-01T21:14:55.846Z,7838,2026-09-01T21:14:55.846Z,FAY,Fayetteville,0e5f68b5-5669-4bb1-91ce-4b967b620e7d,SAMMS-Fayetteville
202609012114520413,202609011903673675,202609011903672005,85,1069,Bronze INV,br_AdmissionAssessmentDimensionSix,TASK_COMPLETE,SUCCESS,INFO,180,180,0,,2026-09-01T19:04:17.664Z,2026-09-01T21:14:55.846Z,7838,2026-09-01T21:14:55.846Z,FR,Frankfort,0e5f68b5-5669-4bb1-91ce-4b967b620e7d,SAMMS-Frankfort
202609012114520415,202609011903673676,202609011903672005,85,1070,Bronze INV,br_AdmissionAssessmentDimensionSix,TASK_COMPLETE,SUCCESS,INFO,280,280,0,,2026-09-01T19:04:17.664Z,2026-09-01T21:14:55.846Z,7838,2026-09-01T21:14:55.846Z,FS,Fort Smith,0e5f68b5-5669-4bb1-91ce-4b967b620e7d,SAMMS-FortSmith
202609012114520416,202609011903673677,202609011903672005,85,1071,Bronze INV,br_AdmissionAssessmentDimensionSix,TASK_COMPLETE,SUCCESS,INFO,683,683,0,,2026-09-01T19:04:17.664Z,2026-09-01T21:14:55.846Z,7838,2026-09-01T21:14:55.846Z,FW,Fort Wayne,0e5f68b5-5669-4bb1-91ce-4b967b620e7d,SAMMS-FortWayne
202609012114520417,202609011903673678,202609011903672005,85,1072,Bronze INV,br_AdmissionAssessmentDimensionSix,TASK_COMPLETE,SUCCESS,INFO,103,103,0,,2026-09-01T19:04:17.664Z,2026-09-01T21:14:55.846Z,7838,2026-09-01T21:14:55.846Z,GAL,Gaylord,0e5f68b5-5669-4bb1-91ce-4b967b620e7d,SAMMS-Gaylord
202609012114520418,202609011903673679,202609011903672005,85,1076,Bronze INV,br_AdmissionAssessmentDimensionSix,TASK_COMPLETE,SUCCESS,INFO,618,618,0,,2026-09-01T19:04:17.664Z,2026-09-01T21:14:55.846Z,7838,2026-09-01T21:14:55.846Z,HGT,Hagerstown,0e5f68b5-5669-4bb1-91ce-4b967b620e7d,SAMMS-Hagerstown
202609012114520419,202609011903673680,202609011903672005,85,1077,Bronze INV,br_AdmissionAssessmentDimensionSix,TASK_COMPLETE,SUCCESS,INFO,472,472,0,,2026-09-01T19:04:17.664Z,2026-09-01T21:14:55.846Z,7838,2026-09-01T21:14:55.846Z,HNT,Huntsville,0e5f68b5-5669-4bb1-91ce-4b967b620e7d,SAMMS-Huntsville
202609012114520420,202609011903673681,202609011903672005,85,1078,Bronze INV,br_AdmissionAssessmentDimensionSix,TASK_COMPLETE,SUCCESS,INFO,308,308,0,,2026-09-01T19:04:17.664Z,2026-09-01T21:14:55.846Z,7838,2026-09-01T21:14:55.846Z,HS,Hot Springs,0e5f68b5-5669-4bb1-91ce-4b967b620e7d,SAMMS-HotSprings
202609012114520422,202609011903673682,202609011903672005,85,1079,Bronze INV,br_AdmissionAssessmentDimensionSix,TASK_COMPLETE,SUCCESS,INFO,266,266,0,,2026-09-01T19:04:17.664Z,2026-09-01T21:14:55.846Z,7838,2026-09-01T21:14:55.846Z,JON,Jonesboro,0e5f68b5-5669-4bb1-91ce-4b967b620e7d,SAMMS-Jonesboro
202609012114520423,202609011903673683,202609011903672005,85,1081,Bronze INV,br_AdmissionAssessmentDimensionSix,TASK_COMPLETE,SUCCESS,INFO,155,155,0,,2026-09-01T19:04:17.664Z,2026-09-01T21:14:55.846Z,7838,2026-09-01T21:14:55.846Z,LAN,Lansing,0e5f68b5-5669-4bb1-91ce-4b967b620e7d,SAMMS-Lansing
202609012114520424,202609011903673684,202609011903672005,85,1082,Bronze INV,br_AdmissionAssessmentDimensionSix,TASK_COMPLETE,SUCCESS,INFO,428,428,0,,2026-09-01T19:04:17.664Z,2026-09-01T21:14:55.846Z,7838,2026-09-01T21:14:55.846Z,LO,Louisville,0e5f68b5-5669-4bb1-91ce-4b967b620e7d,SAMMS-Louisville
202609012114520425,202609011903673685,202609011903672005,85,1083,Bronze INV,br_AdmissionAssessmentDimensionSix,TASK_COMPLETE,SUCCESS,INFO,1155,1155,0,,2026-09-01T19:04:17.664Z,2026-09-01T21:14:55.846Z,7838,2026-09-01T21:14:55.846Z,LV1,Cheyenne,0e5f68b5-5669-4bb1-91ce-4b967b620e7d,SAMMS-Cheyenne
202609012114520426,202609011903673686,202609011903672005,85,1084,Bronze INV,br_AdmissionAssessmentDimensionSix,TASK_COMPLETE,SUCCESS,INFO,930,930,0,,2026-09-01T19:04:17.664Z,2026-09-01T21:14:55.846Z,7838,2026-09-01T21:14:55.846Z,LV2,Desert Inn,0e5f68b5-5669-4bb1-91ce-4b967b620e7d,SAMMS-DesertInn
202609012114520427,202609011903673687,202609011903672005,85,1085,Bronze INV,br_AdmissionAssessmentDimensionSix,TASK_COMPLETE,SUCCESS,INFO,307,307,0,,2026-09-01T19:04:17.664Z,2026-09-01T21:14:55.846Z,7838,2026-09-01T21:14:55.846Z,LV3,McDaniel,0e5f68b5-5669-4bb1-91ce-4b967b620e7d,SAMMS-McDaniel
202609012114520428,202609011903673688,202609011903672005,85,1088,Bronze INV,br_AdmissionAssessmentDimensionSix,TASK_COMPLETE,SUCCESS,INFO,270,270,0,,2026-09-01T19:04:17.664Z,2026-09-01T21:14:55.846Z,7838,2026-09-01T21:14:55.846Z,MNRE,Monroe,0e5f68b5-5669-4bb1-91ce-4b967b620e7d,SAMMS-Monroe
202609012114520430,202609011903673689,202609011903672005,85,1089,Bronze INV,br_AdmissionAssessmentDimensionSix,TASK_COMPLETE,SUCCESS,INFO,121,121,0,,2026-09-01T19:04:17.664Z,2026-09-01T21:14:55.846Z,7838,2026-09-01T21:14:55.846Z,MP,Mt. Pleasant,0e5f68b5-5669-4bb1-91ce-4b967b620e7d,SAMMS-MtPleasant
202609012114520431,202609011903673690,202609011903672005,85,1090,Bronze INV,br_AdmissionAssessmentDimensionSix,TASK_COMPLETE,SUCCESS,INFO,173,173,0,,2026-09-01T19:04:17.664Z,2026-09-01T21:14:55.846Z,7838,2026-09-01T21:14:55.846Z,MRD,Meridian,0e5f68b5-5669-4bb1-91ce-4b967b620e7d,SAMMS-Meridian
202609012114520432,202609011903673691,202609011903672005,85,1095,Bronze INV,br_AdmissionAssessmentDimensionSix,TASK_COMPLETE,SUCCESS,INFO,629,629,0,,2026-09-01T19:04:17.664Z,2026-09-01T21:14:55.846Z,7838,2026-09-01T21:14:55.846Z,NC,North Charleston,0e5f68b5-5669-4bb1-91ce-4b967b620e7d,SAMMS-NorthCharleston
202609012114520433,202609011903673692,202609011903672005,85,1096,Bronze INV,br_AdmissionAssessmentDimensionSix,TASK_COMPLETE,SUCCESS,INFO,573,573,0,,2026-09-01T19:04:17.664Z,2026-09-01T21:14:55.846Z,7838,2026-09-01T21:14:55.846Z,NLR,N. Little Rock,0e5f68b5-5669-4bb1-91ce-4b967b620e7d,SAMMS-NLROBOT
202609012114520434,202609011903673693,202609011903672005,85,1097,Bronze INV,br_AdmissionAssessmentDimensionSix,TASK_COMPLETE,SUCCESS,INFO,234,234,0,,2026-09-01T19:04:17.664Z,2026-09-01T21:14:55.846Z,7838,2026-09-01T21:14:55.846Z,PH,Phoenix,0e5f68b5-5669-4bb1-91ce-4b967b620e7d,SAMMS-Phoenix
202609012114520435,202609011903673694,202609011903672005,85,1101,Bronze INV,br_AdmissionAssessmentDimensionSix,TASK_COMPLETE,SUCCESS,INFO,405,405,0,,2026-09-01T19:04:17.664Z,2026-09-01T21:14:55.846Z,7838,2026-09-01T21:14:55.846Z,RE,Reno,0e5f68b5-5669-4bb1-91ce-4b967b620e7d,SAMMS-Reno
202609012114520436,202609011903673695,202609011903672005,85,1102,Bronze INV,br_AdmissionAssessmentDimensionSix,TASK_COMPLETE,SUCCESS,INFO,387,387,0,,2026-09-01T19:04:17.664Z,2026-09-01T21:14:55.846Z,7838,2026-09-01T21:14:55.846Z,RMD,Richmond,0e5f68b5-5669-4bb1-91ce-4b967b620e7d,SAMMS-Richmond
202609012114520438,202609011903673696,202609011903672005,85,1103,Bronze INV,br_AdmissionAssessmentDimensionSix,TASK_COMPLETE,SUCCESS,INFO,482,482,0,,2026-09-01T19:04:17.664Z,2026-09-01T21:14:55.846Z,7838,2026-09-01T21:14:55.846Z,SFN,Springfield North,0e5f68b5-5669-4bb1-91ce-4b967b620e7d,SAMMS-SFNv5
202609012114520439,202609011903673697,202609011903672005,85,1104,Bronze INV,br_AdmissionAssessmentDimensionSix,TASK_COMPLETE,SUCCESS,INFO,448,448,0,,2026-09-01T19:04:17.664Z,2026-09-01T21:14:55.846Z,7838,2026-09-01T21:14:55.846Z,SHP,Shreveport,0e5f68b5-5669-4bb1-91ce-4b967b620e7d,SAMMS-Shreveport
202609012114520440,202609011903673698,202609011903672005,85,1106,Bronze INV,br_AdmissionAssessmentDimensionSix,TASK_COMPLETE,SUCCESS,INFO,81,81,0,,2026-09-01T19:04:17.664Z,2026-09-01T21:14:55.846Z,7838,2026-09-01T21:14:55.846Z,STN,Staunton,0e5f68b5-5669-4bb1-91ce-4b967b620e7d,SAMMS-Staunton
202609012114520441,202609011903673699,202609011903672005,85,1107,Bronze INV,br_AdmissionAssessmentDimensionSix,TASK_COMPLETE,SUCCESS,INFO,53,53,0,,2026-09-01T19:04:17.664Z,2026-09-01T21:14:55.846Z,7838,2026-09-01T21:14:55.846Z,STVN,Stevenson,0e5f68b5-5669-4bb1-91ce-4b967b620e7d,SAMMS-Stevenson
202609012114520442,202609011903673700,202609011903672005,85,1109,Bronze INV,br_AdmissionAssessmentDimensionSix,TASK_COMPLETE,SUCCESS,INFO,70,70,0,,2026-09-01T19:04:17.664Z,2026-09-01T21:14:55.846Z,7838,2026-09-01T21:14:55.846Z,TE,Tempe,0e5f68b5-5669-4bb1-91ce-4b967b620e7d,SAMMS-Tempe
202609012114520443,202609011903673701,202609011903672005,85,1110,Bronze INV,br_AdmissionAssessmentDimensionSix,TASK_COMPLETE,SUCCESS,INFO,364,364,0,,2026-09-01T19:04:17.664Z,2026-09-01T21:14:55.846Z,7838,2026-09-01T21:14:55.846Z,TEX,Texarkana,0e5f68b5-5669-4bb1-91ce-4b967b620e7d,SAMMS-Texarkana
202609012114520445,202609011903673702,202609011903672005,85,1111,Bronze INV,br_AdmissionAssessmentDimensionSix,TASK_COMPLETE,SUCCESS,INFO,415,415,0,,2026-09-01T19:04:17.664Z,2026-09-01T21:14:55.846Z,7838,2026-09-01T21:14:55.846Z,TTCA,Bessemer,0e5f68b5-5669-4bb1-91ce-4b967b620e7d,SAMMS-BessemerV5
202609012114520446,202609011903673703,202609011903672005,85,1112,Bronze INV,br_AdmissionAssessmentDimensionSix,TASK_COMPLETE,SUCCESS,INFO,549,549,0,,2026-09-01T19:04:17.664Z,2026-09-01T21:14:55.846Z,7838,2026-09-01T21:14:55.846Z,TTCB,Cullman,0e5f68b5-5669-4bb1-91ce-4b967b620e7d,SAMMS-CullmanV5
202609012114520447,202609011903673704,202609011903672005,85,1113,Bronze INV,br_AdmissionAssessmentDimensionSix,TASK_COMPLETE,SUCCESS,INFO,300,300,0,,2026-09-01T19:04:17.664Z,2026-09-01T21:14:55.846Z,7838,2026-09-01T21:14:55.846Z,TTCC,Grand Bay,0e5f68b5-5669-4bb1-91ce-4b967b620e7d,SAMMS-GrandBay
202609012114520448,202609011903673705,202609011903672005,85,1114,Bronze INV,br_AdmissionAssessmentDimensionSix,TASK_COMPLETE,SUCCESS,INFO,20,20,0,,2026-09-01T19:04:17.664Z,2026-09-01T21:14:55.846Z,7838,2026-09-01T21:14:55.846Z,TU,Tucson,0e5f68b5-5669-4bb1-91ce-4b967b620e7d,SAMMS-Tucson
202609012114520449,202609011903673706,202609011903672005,85,1116,Bronze INV,br_AdmissionAssessmentDimensionSix,TASK_COMPLETE,SUCCESS,INFO,250,250,0,,2026-09-01T19:04:17.664Z,2026-09-01T21:14:55.846Z,7838,2026-09-01T21:14:55.846Z,V1,Memphis South,0e5f68b5-5669-4bb1-91ce-4b967b620e7d,SAMMS-VCPHCS-I-MemphisV5
202609012114520450,202609011903673707,202609011903672005,85,1117,Bronze INV,br_AdmissionAssessmentDimensionSix,TASK_COMPLETE,SUCCESS,INFO,692,692,0,,2026-09-01T19:04:17.664Z,2026-09-01T21:14:55.846Z,7838,2026-09-01T21:14:55.846Z,V10,Longmont,0e5f68b5-5669-4bb1-91ce-4b967b620e7d,SAMMS-BoulderV5
202609012114520451,202609011903673708,202609011903672005,85,1118,Bronze INV,br_AdmissionAssessmentDimensionSix,TASK_COMPLETE,SUCCESS,INFO,1189,1189,0,,2026-09-01T19:04:17.664Z,2026-09-01T21:14:55.846Z,7838,2026-09-01T21:14:55.846Z,V10A,Fort Collins,0e5f68b5-5669-4bb1-91ce-4b967b620e7d,SAMMS-FortCollinsV5
202609012114520453,202609011903673709,202609011903672005,85,1119,Bronze INV,br_AdmissionAssessmentDimensionSix,TASK_COMPLETE,SUCCESS,INFO,992,992,0,,2026-09-01T19:04:17.664Z,2026-09-01T21:14:55.846Z,7838,2026-09-01T21:14:55.846Z,V11,Westminster,0e5f68b5-5669-4bb1-91ce-4b967b620e7d,SAMMS-VCPHCS-XI-NorthDenverV5
202609012114520454,202609011903673710,202609011903672005,85,1120,Bronze INV,br_AdmissionAssessmentDimensionSix,TASK_COMPLETE,SUCCESS,INFO,1046,1046,0,,2026-09-01T19:04:17.664Z,2026-09-01T21:14:55.846Z,7838,2026-09-01T21:14:55.846Z,V12,Downtown Denver,0e5f68b5-5669-4bb1-91ce-4b967b620e7d,SAMMS-VCPHCS-XII-DowntownDenverV5
202609012114520455,202609011903673711,202609011903672005,85,1121,Bronze INV,br_AdmissionAssessmentDimensionSix,TASK_COMPLETE,SUCCESS,INFO,474,474,0,,2026-09-01T19:04:17.664Z,2026-09-01T21:14:55.846Z,7838,2026-09-01T21:14:55.846Z,V12A,Centennial,0e5f68b5-5669-4bb1-91ce-4b967b620e7d,SAMMS-CentennialV5
202609012114520456,202609011903673712,202609011903672005,85,1122,Bronze INV,br_AdmissionAssessmentDimensionSix,TASK_COMPLETE,SUCCESS,INFO,295,295,0,,2026-09-01T19:04:17.664Z,2026-09-01T21:14:55.846Z,7838,2026-09-01T21:14:55.846Z,V14,Overland Park,0e5f68b5-5669-4bb1-91ce-4b967b620e7d,SAMMS-VCPHCS-XIV-BridgewayV5
202609012114520457,202609011903673713,202609011903672005,85,1123,Bronze INV,br_AdmissionAssessmentDimensionSix,TASK_COMPLETE,SUCCESS,INFO,567,567,0,,2026-09-01T19:04:17.664Z,2026-09-01T21:14:55.846Z,7838,2026-09-01T21:14:55.846Z,V15,Joplin,0e5f68b5-5669-4bb1-91ce-4b967b620e7d,SAMMS-JoplinV5
202609012114520458,202609011903673714,202609011903672005,85,1125,Bronze INV,br_AdmissionAssessmentDimensionSix,TASK_COMPLETE,SUCCESS,INFO,468,468,0,,2026-09-01T19:04:17.664Z,2026-09-01T21:14:55.846Z,7838,2026-09-01T21:14:55.846Z,V17,Columbia TN,0e5f68b5-5669-4bb1-91ce-4b967b620e7d,SAMMS-ColumbiaTNv5
202609012114520460,202609011903673715,202609011903672005,85,1127,Bronze INV,br_AdmissionAssessmentDimensionSix,TASK_COMPLETE,SUCCESS,INFO,414,414,0,,2026-09-01T19:04:17.664Z,2026-09-01T21:14:55.846Z,7838,2026-09-01T21:14:55.846Z,V19,Jackson,0e5f68b5-5669-4bb1-91ce-4b967b620e7d,SAMMS-JacksonV5
202609012114520461,202609011903673716,202609011903672005,85,1129,Bronze INV,br_AdmissionAssessmentDimensionSix,TASK_COMPLETE,SUCCESS,INFO,480,480,0,,2026-09-01T19:04:17.664Z,2026-09-01T21:14:55.846Z,7838,2026-09-01T21:14:55.846Z,V20,Paris,0e5f68b5-5669-4bb1-91ce-4b967b620e7d,SAMMS-ParisV5
202609012114520462,202609011903673717,202609011903672005,85,1130,Bronze INV,br_AdmissionAssessmentDimensionSix,TASK_COMPLETE,SUCCESS,INFO,353,353,0,,2026-09-01T19:04:17.664Z,2026-09-01T21:14:55.846Z,7838,2026-09-01T21:14:55.846Z,V21,Memphis North,0e5f68b5-5669-4bb1-91ce-4b967b620e7d,SAMMS-RaleighV5
202609012114520463,202609011903673718,202609011903672005,85,1133,Bronze INV,br_AdmissionAssessmentDimensionSix,TASK_COMPLETE,SUCCESS,INFO,698,698,0,,2026-09-01T19:04:17.664Z,2026-09-01T21:14:55.846Z,7838,2026-09-01T21:14:55.846Z,V5,West Bank,0e5f68b5-5669-4bb1-91ce-4b967b620e7d,SAMMS-NONTCv5
202609012114520464,202609011903673719,202609011903672005,85,1135,Bronze INV,br_AdmissionAssessmentDimensionSix,TASK_COMPLETE,SUCCESS,INFO,250,250,0,,2026-09-01T19:04:17.664Z,2026-09-01T21:14:55.846Z,7838,2026-09-01T21:14:55.846Z,V5B,Houma,0e5f68b5-5669-4bb1-91ce-4b967b620e7d,SAMMS-HoumaV6
202609012114520465,202609011903673720,202609011903672005,85,1136,Bronze INV,br_AdmissionAssessmentDimensionSix,TASK_COMPLETE,SUCCESS,INFO,948,948,0,,2026-09-01T19:04:17.664Z,2026-09-01T21:14:55.846Z,7838,2026-09-01T21:14:55.846Z,V6,Lake Charles,0e5f68b5-5669-4bb1-91ce-4b967b620e7d,SAMMS-LCv5
202609012114520466,202609011903673721,202609011903672005,85,1138,Bronze INV,br_AdmissionAssessmentDimensionSix,TASK_COMPLETE,SUCCESS,INFO,565,565,0,,2026-09-01T19:04:17.664Z,2026-09-01T21:14:55.846Z,7838,2026-09-01T21:14:55.846Z,V8,Memphis Midtown,0e5f68b5-5669-4bb1-91ce-4b967b620e7d,SAMMS-VCPHCS-VIII-MemphisV5
202609012114520468,202609011903673722,202609011903672005,85,1139,Bronze INV,br_AdmissionAssessmentDimensionSix,TASK_COMPLETE,SUCCESS,INFO,1571,1571,0,,2026-09-01T19:04:17.664Z,2026-09-01T21:14:55.846Z,7838,2026-09-01T21:14:55.846Z,V9,Nashville,0e5f68b5-5669-4bb1-91ce-4b967b620e7d,SAMMS-NashvilleV5
202609012114520469,202609011903673723,202609011903672005,85,1140,Bronze INV,br_AdmissionAssessmentDimensionSix,TASK_COMPLETE,SUCCESS,INFO,329,329,0,,2026-09-01T19:04:17.664Z,2026-09-01T21:14:55.846Z,7838,2026-09-01T21:14:55.846Z,VBRA,Brainerd,0e5f68b5-5669-4bb1-91ce-4b967b620e7d,SAMMS-BrainerdV6
202609012114520470,202609011903673724,202609011903672005,85,1141,Bronze INV,br_AdmissionAssessmentDimensionSix,TASK_COMPLETE,SUCCESS,INFO,585,585,0,,2026-09-01T19:04:17.664Z,2026-09-01T21:14:55.846Z,7838,2026-09-01T21:14:55.846Z,VBRP,Brooklyn Park,0e5f68b5-5669-4bb1-91ce-4b967b620e7d,SAMMS-BrooklynParkV6
202609012114520471,202609011903673725,202609011903672005,85,1143,Bronze INV,br_AdmissionAssessmentDimensionSix,TASK_COMPLETE,SUCCESS,INFO,567,567,0,,2026-09-01T19:04:17.664Z,2026-09-01T21:14:55.846Z,7838,2026-09-01T21:14:55.846Z,VMIN,Minneapolis,0e5f68b5-5669-4bb1-91ce-4b967b620e7d,SAMMS-MinneapolisV6
202609022122571734,202609021903207280,202609021903206075,85,1431,Bronze INV,br_AdmissionAssessmentDimensionTwo,TASK_COMPLETE,SUCCESS,INFO,1257,1257,0,,2026-09-02T19:03:39.838Z,2026-09-02T21:23:00.812Z,8361,2026-09-02T21:23:00.812Z,DRD-NOLA,NOLA,c49685cc-3281-44bc-a1c2-3be5b1110999,SAMMS-NOLAv5
202609022122571735,202609021903207281,202609021903206075,85,1432,Bronze INV,br_AdmissionAssessmentDimensionTwo,TASK_COMPLETE,SUCCESS,INFO,756,756,0,,2026-09-02T19:03:39.838Z,2026-09-02T21:23:00.812Z,8361,2026-09-02T21:23:00.812Z,DRD-SF,Springfield,c49685cc-3281-44bc-a1c2-3be5b1110999,SAMMS-SFv5
202609022122571736,202609021903207282,202609021903206075,85,1434,Bronze INV,br_AdmissionAssessmentDimensionTwo,TASK_COMPLETE,SUCCESS,INFO,254,254,0,,2026-09-02T19:03:39.838Z,2026-09-02T21:23:00.812Z,8361,2026-09-02T21:23:00.812Z,ELC,Elizabeth City,c49685cc-3281-44bc-a1c2-3be5b1110999,SAMMS-ElizabethCity
202609022122571737,202609021903207283,202609021903206075,85,1435,Bronze INV,br_AdmissionAssessmentDimensionTwo,TASK_COMPLETE,SUCCESS,INFO,264,264,0,,2026-09-02T19:03:39.838Z,2026-09-02T21:23:00.812Z,8361,2026-09-02T21:23:00.812Z,ET,Elizabethtown,c49685cc-3281-44bc-a1c2-3be5b1110999,SAMMS-Elizabethtown
202609022122571738,202609021903207284,202609021903206075,85,1436,Bronze INV,br_AdmissionAssessmentDimensionTwo,TASK_COMPLETE,SUCCESS,INFO,234,234,0,,2026-09-02T19:03:39.838Z,2026-09-02T21:23:00.812Z,8361,2026-09-02T21:23:00.812Z,FAY,Fayetteville,c49685cc-3281-44bc-a1c2-3be5b1110999,SAMMS-Fayetteville
202609022122571739,202609021903207285,202609021903206075,85,1437,Bronze INV,br_AdmissionAssessmentDimensionTwo,TASK_COMPLETE,SUCCESS,INFO,179,179,0,,2026-09-02T19:03:39.838Z,2026-09-02T21:23:00.812Z,8361,2026-09-02T21:23:00.812Z,FR,Frankfort,c49685cc-3281-44bc-a1c2-3be5b1110999,SAMMS-Frankfort
202609022122571740,202609021903207286,202609021903206075,85,1438,Bronze INV,br_AdmissionAssessmentDimensionTwo,TASK_COMPLETE,SUCCESS,INFO,283,283,0,,2026-09-02T19:03:39.838Z,2026-09-02T21:23:00.812Z,8361,2026-09-02T21:23:00.812Z,FS,Fort Smith,c49685cc-3281-44bc-a1c2-3be5b1110999,SAMMS-FortSmith
202609022122571742,202609021903207287,202609021903206075,85,1439,Bronze INV,br_AdmissionAssessmentDimensionTwo,TASK_COMPLETE,SUCCESS,INFO,685,685,0,,2026-09-02T19:03:39.838Z,2026-09-02T21:23:00.812Z,8361,2026-09-02T21:23:00.812Z,FW,Fort Wayne,c49685cc-3281-44bc-a1c2-3be5b1110999,SAMMS-FortWayne
202609022122571743,202609021903207288,202609021903206075,85,1440,Bronze INV,br_AdmissionAssessmentDimensionTwo,TASK_COMPLETE,SUCCESS,INFO,106,106,0,,2026-09-02T19:03:39.838Z,2026-09-02T21:23:00.812Z,8361,2026-09-02T21:23:00.812Z,GAL,Gaylord,c49685cc-3281-44bc-a1c2-3be5b1110999,SAMMS-Gaylord
202609022122571744,202609021903207289,202609021903206075,85,1444,Bronze INV,br_AdmissionAssessmentDimensionTwo,TASK_COMPLETE,SUCCESS,INFO,628,628,0,,2026-09-02T19:03:39.838Z,2026-09-02T21:23:00.812Z,8361,2026-09-02T21:23:00.812Z,HGT,Hagerstown,c49685cc-3281-44bc-a1c2-3be5b1110999,SAMMS-Hagerstown
202609022122571745,202609021903207290,202609021903206075,85,1445,Bronze INV,br_AdmissionAssessmentDimensionTwo,TASK_COMPLETE,SUCCESS,INFO,486,486,0,,2026-09-02T19:03:39.838Z,2026-09-02T21:23:00.812Z,8361,2026-09-02T21:23:00.812Z,HNT,Huntsville,c49685cc-3281-44bc-a1c2-3be5b1110999,SAMMS-Huntsville
202609022122571746,202609021903207291,202609021903206075,85,1446,Bronze INV,br_AdmissionAssessmentDimensionTwo,TASK_COMPLETE,SUCCESS,INFO,316,316,0,,2026-09-02T19:03:39.838Z,2026-09-02T21:23:00.812Z,8361,2026-09-02T21:23:00.812Z,HS,Hot Springs,c49685cc-3281-44bc-a1c2-3be5b1110999,SAMMS-HotSprings
202609022122571747,202609021903207292,202609021903206075,85,1447,Bronze INV,br_AdmissionAssessmentDimensionTwo,TASK_COMPLETE,SUCCESS,INFO,268,268,0,,2026-09-02T19:03:39.838Z,2026-09-02T21:23:00.812Z,8361,2026-09-02T21:23:00.812Z,JON,Jonesboro,c49685cc-3281-44bc-a1c2-3be5b1110999,SAMMS-Jonesboro
202609022122571748,202609021903207293,202609021903206075,85,1449,Bronze INV,br_AdmissionAssessmentDimensionTwo,TASK_COMPLETE,SUCCESS,INFO,159,159,0,,2026-09-02T19:03:39.838Z,2026-09-02T21:23:00.812Z,8361,2026-09-02T21:23:00.812Z,LAN,Lansing,c49685cc-3281-44bc-a1c2-3be5b1110999,SAMMS-Lansing
202609022122571749,202609021903207294,202609021903206075,85,1450,Bronze INV,br_AdmissionAssessmentDimensionTwo,TASK_COMPLETE,SUCCESS,INFO,429,429,0,,2026-09-02T19:03:39.838Z,2026-09-02T21:23:00.812Z,8361,2026-09-02T21:23:00.812Z,LO,Louisville,c49685cc-3281-44bc-a1c2-3be5b1110999,SAMMS-Louisville
202609022122571750,202609021903207295,202609021903206075,85,1451,Bronze INV,br_AdmissionAssessmentDimensionTwo,TASK_COMPLETE,SUCCESS,INFO,1170,1170,0,,2026-09-02T19:03:39.838Z,2026-09-02T21:23:00.812Z,8361,2026-09-02T21:23:00.812Z,LV1,Cheyenne,c49685cc-3281-44bc-a1c2-3be5b1110999,SAMMS-Cheyenne
202609022122571751,202609021903207296,202609021903206075,85,1452,Bronze INV,br_AdmissionAssessmentDimensionTwo,TASK_COMPLETE,SUCCESS,INFO,945,945,0,,2026-09-02T19:03:39.838Z,2026-09-02T21:23:00.812Z,8361,2026-09-02T21:23:00.812Z,LV2,Desert Inn,c49685cc-3281-44bc-a1c2-3be5b1110999,SAMMS-DesertInn
202609022122571752,202609021903207297,202609021903206075,85,1453,Bronze INV,br_AdmissionAssessmentDimensionTwo,TASK_COMPLETE,SUCCESS,INFO,311,311,0,,2026-09-02T19:03:39.838Z,2026-09-02T21:23:00.812Z,8361,2026-09-02T21:23:00.812Z,LV3,McDaniel,c49685cc-3281-44bc-a1c2-3be5b1110999,SAMMS-McDaniel
202609022122571754,202609021903207298,202609021903206075,85,1456,Bronze INV,br_AdmissionAssessmentDimensionTwo,TASK_COMPLETE,SUCCESS,INFO,271,271,0,,2026-09-02T19:03:39.838Z,2026-09-02T21:23:00.812Z,8361,2026-09-02T21:23:00.812Z,MNRE,Monroe,c49685cc-3281-44bc-a1c2-3be5b1110999,SAMMS-Monroe
202609022122571755,202609021903207299,202609021903206075,85,1457,Bronze INV,br_AdmissionAssessmentDimensionTwo,TASK_COMPLETE,SUCCESS,INFO,132,132,0,,2026-09-02T19:03:39.838Z,2026-09-02T21:23:00.812Z,8361,2026-09-02T21:23:00.812Z,MP,Mt. Pleasant,c49685cc-3281-44bc-a1c2-3be5b1110999,SAMMS-MtPleasant
202609022122571756,202609021903207300,202609021903206075,85,1458,Bronze INV,br_AdmissionAssessmentDimensionTwo,TASK_COMPLETE,SUCCESS,INFO,176,176,0,,2026-09-02T19:03:39.838Z,2026-09-02T21:23:00.812Z,8361,2026-09-02T21:23:00.812Z,MRD,Meridian,c49685cc-3281-44bc-a1c2-3be5b1110999,SAMMS-Meridian
202609022122571757,202609021903207301,202609021903206075,85,1463,Bronze INV,br_AdmissionAssessmentDimensionTwo,TASK_COMPLETE,SUCCESS,INFO,645,645,0,,2026-09-02T19:03:39.838Z,2026-09-02T21:23:00.812Z,8361,2026-09-02T21:23:00.812Z,NC,North Charleston,c49685cc-3281-44bc-a1c2-3be5b1110999,SAMMS-NorthCharleston
202609022122571758,202609021903207302,202609021903206075,85,1464,Bronze INV,br_AdmissionAssessmentDimensionTwo,TASK_COMPLETE,SUCCESS,INFO,579,579,0,,2026-09-02T19:03:39.838Z,2026-09-02T21:23:00.812Z,8361,2026-09-02T21:23:00.812Z,NLR,N. Little Rock,c49685cc-3281-44bc-a1c2-3be5b1110999,SAMMS-NLROBOT
202609022122571759,202609021903207303,202609021903206075,85,1465,Bronze INV,br_AdmissionAssessmentDimensionTwo,TASK_COMPLETE,SUCCESS,INFO,238,238,0,,2026-09-02T19:03:39.838Z,2026-09-02T21:23:00.812Z,8361,2026-09-02T21:23:00.812Z,PH,Phoenix,c49685cc-3281-44bc-a1c2-3be5b1110999,SAMMS-Phoenix
202609022122571760,202609021903207304,202609021903206075,85,1469,Bronze INV,br_AdmissionAssessmentDimensionTwo,TASK_COMPLETE,SUCCESS,INFO,411,411,0,,2026-09-02T19:03:39.838Z,2026-09-02T21:23:00.812Z,8361,2026-09-02T21:23:00.812Z,RE,Reno,c49685cc-3281-44bc-a1c2-3be5b1110999,SAMMS-Reno
202609022122571761,202609021903207305,202609021903206075,85,1470,Bronze INV,br_AdmissionAssessmentDimensionTwo,TASK_COMPLETE,SUCCESS,INFO,392,392,0,,2026-09-02T19:03:39.838Z,2026-09-02T21:23:00.812Z,8361,2026-09-02T21:23:00.812Z,RMD,Richmond,c49685cc-3281-44bc-a1c2-3be5b1110999,SAMMS-Richmond
202609022122571762,202609021903207306,202609021903206075,85,1471,Bronze INV,br_AdmissionAssessmentDimensionTwo,TASK_COMPLETE,SUCCESS,INFO,491,491,0,,2026-09-02T19:03:39.838Z,2026-09-02T21:23:00.812Z,8361,2026-09-02T21:23:00.812Z,SFN,Springfield North,c49685cc-3281-44bc-a1c2-3be5b1110999,SAMMS-SFNv5
202609022122571764,202609021903207307,202609021903206075,85,1472,Bronze INV,br_AdmissionAssessmentDimensionTwo,TASK_COMPLETE,SUCCESS,INFO,449,449,0,,2026-09-02T19:03:39.838Z,2026-09-02T21:23:00.812Z,8361,2026-09-02T21:23:00.812Z,SHP,Shreveport,c49685cc-3281-44bc-a1c2-3be5b1110999,SAMMS-Shreveport
202609022122571765,202609021903207308,202609021903206075,85,1474,Bronze INV,br_AdmissionAssessmentDimensionTwo,TASK_COMPLETE,SUCCESS,INFO,82,82,0,,2026-09-02T19:03:39.838Z,2026-09-02T21:23:00.812Z,8361,2026-09-02T21:23:00.812Z,STN,Staunton,c49685cc-3281-44bc-a1c2-3be5b1110999,SAMMS-Staunton
202609022122571766,202609021903207309,202609021903206075,85,1475,Bronze INV,br_AdmissionAssessmentDimensionTwo,TASK_COMPLETE,SUCCESS,INFO,52,52,0,,2026-09-02T19:03:39.838Z,2026-09-02T21:23:00.812Z,8361,2026-09-02T21:23:00.812Z,STVN,Stevenson,c49685cc-3281-44bc-a1c2-3be5b1110999,SAMMS-Stevenson
202609022122571767,202609021903207310,202609021903206075,85,1477,Bronze INV,br_AdmissionAssessmentDimensionTwo,TASK_COMPLETE,SUCCESS,INFO,71,71,0,,2026-09-02T19:03:39.838Z,2026-09-02T21:23:00.812Z,8361,2026-09-02T21:23:00.812Z,TE,Tempe,c49685cc-3281-44bc-a1c2-3be5b1110999,SAMMS-Tempe
202609022122571768,202609021903207311,202609021903206075,85,1478,Bronze INV,br_AdmissionAssessmentDimensionTwo,TASK_COMPLETE,SUCCESS,INFO,367,367,0,,2026-09-02T19:03:39.838Z,2026-09-02T21:23:00.812Z,8361,2026-09-02T21:23:00.812Z,TEX,Texarkana,c49685cc-3281-44bc-a1c2-3be5b1110999,SAMMS-Texarkana
202609022122571769,202609021903207312,202609021903206075,85,1479,Bronze INV,br_AdmissionAssessmentDimensionTwo,TASK_COMPLETE,SUCCESS,INFO,432,432,0,,2026-09-02T19:03:39.838Z,2026-09-02T21:23:00.812Z,8361,2026-09-02T21:23:00.812Z,TTCA,Bessemer,c49685cc-3281-44bc-a1c2-3be5b1110999,SAMMS-BessemerV5
202609022122571770,202609021903207313,202609021903206075,85,1480,Bronze INV,br_AdmissionAssessmentDimensionTwo,TASK_COMPLETE,SUCCESS,INFO,552,552,0,,2026-09-02T19:03:39.838Z,2026-09-02T21:23:00.812Z,8361,2026-09-02T21:23:00.812Z,TTCB,Cullman,c49685cc-3281-44bc-a1c2-3be5b1110999,SAMMS-CullmanV5
202609022122571771,202609021903207314,202609021903206075,85,1481,Bronze INV,br_AdmissionAssessmentDimensionTwo,TASK_COMPLETE,SUCCESS,INFO,326,326,0,,2026-09-02T19:03:39.838Z,2026-09-02T21:23:00.812Z,8361,2026-09-02T21:23:00.812Z,TTCC,Grand Bay,c49685cc-3281-44bc-a1c2-3be5b1110999,SAMMS-GrandBay
202609022122571772,202609021903207315,202609021903206075,85,1482,Bronze INV,br_AdmissionAssessmentDimensionTwo,TASK_COMPLETE,SUCCESS,INFO,22,22,0,,2026-09-02T19:03:39.838Z,2026-09-02T21:23:00.812Z,8361,2026-09-02T21:23:00.812Z,TU,Tucson,c49685cc-3281-44bc-a1c2-3be5b1110999,SAMMS-Tucson
202609022122571773,202609021903207316,202609021903206075,85,1484,Bronze INV,br_AdmissionAssessmentDimensionTwo,TASK_COMPLETE,SUCCESS,INFO,254,254,0,,2026-09-02T19:03:39.838Z,2026-09-02T21:23:00.812Z,8361,2026-09-02T21:23:00.812Z,V1,Memphis South,c49685cc-3281-44bc-a1c2-3be5b1110999,SAMMS-VCPHCS-I-MemphisV5
202609022122571775,202609021903207317,202609021903206075,85,1485,Bronze INV,br_AdmissionAssessmentDimensionTwo,TASK_COMPLETE,SUCCESS,INFO,700,700,0,,2026-09-02T19:03:39.838Z,2026-09-02T21:23:00.812Z,8361,2026-09-02T21:23:00.812Z,V10,Longmont,c49685cc-3281-44bc-a1c2-3be5b1110999,SAMMS-BoulderV5
202609022122571776,202609021903207318,202609021903206075,85,1486,Bronze INV,br_AdmissionAssessmentDimensionTwo,TASK_COMPLETE,SUCCESS,INFO,1196,1196,0,,2026-09-02T19:03:39.838Z,2026-09-02T21:23:00.812Z,8361,2026-09-02T21:23:00.812Z,V10A,Fort Collins,c49685cc-3281-44bc-a1c2-3be5b1110999,SAMMS-FortCollinsV5
202609022122571777,202609021903207319,202609021903206075,85,1487,Bronze INV,br_AdmissionAssessmentDimensionTwo,TASK_COMPLETE,SUCCESS,INFO,1004,1004,0,,2026-09-02T19:03:39.838Z,2026-09-02T21:23:00.812Z,8361,2026-09-02T21:23:00.812Z,V11,Westminster,c49685cc-3281-44bc-a1c2-3be5b1110999,SAMMS-VCPHCS-XI-NorthDenverV5
202609022122571778,202609021903207320,202609021903206075,85,1488,Bronze INV,br_AdmissionAssessmentDimensionTwo,TASK_COMPLETE,SUCCESS,INFO,1073,1073,0,,2026-09-02T19:03:39.838Z,2026-09-02T21:23:00.812Z,8361,2026-09-02T21:23:00.812Z,V12,Downtown Denver,c49685cc-3281-44bc-a1c2-3be5b1110999,SAMMS-VCPHCS-XII-DowntownDenverV5
202609022122571779,202609021903207321,202609021903206075,85,1489,Bronze INV,br_AdmissionAssessmentDimensionTwo,TASK_COMPLETE,SUCCESS,INFO,480,480,0,,2026-09-02T19:03:39.838Z,2026-09-02T21:23:00.812Z,8361,2026-09-02T21:23:00.812Z,V12A,Centennial,c49685cc-3281-44bc-a1c2-3be5b1110999,SAMMS-CentennialV5
202609022122571780,202609021903207322,202609021903206075,85,1490,Bronze INV,br_AdmissionAssessmentDimensionTwo,TASK_COMPLETE,SUCCESS,INFO,299,299,0,,2026-09-02T19:03:39.838Z,2026-09-02T21:23:00.812Z,8361,2026-09-02T21:23:00.812Z,V14,Overland Park,c49685cc-3281-44bc-a1c2-3be5b1110999,SAMMS-VCPHCS-XIV-BridgewayV5
202609022122571781,202609021903207323,202609021903206075,85,1491,Bronze INV,br_AdmissionAssessmentDimensionTwo,TASK_COMPLETE,SUCCESS,INFO,572,572,0,,2026-09-02T19:03:39.838Z,2026-09-02T21:23:00.812Z,8361,2026-09-02T21:23:00.812Z,V15,Joplin,c49685cc-3281-44bc-a1c2-3be5b1110999,SAMMS-JoplinV5
202609022122571782,202609021903207324,202609021903206075,85,1493,Bronze INV,br_AdmissionAssessmentDimensionTwo,TASK_COMPLETE,SUCCESS,INFO,476,476,0,,2026-09-02T19:03:39.838Z,2026-09-02T21:23:00.812Z,8361,2026-09-02T21:23:00.812Z,V17,Columbia TN,c49685cc-3281-44bc-a1c2-3be5b1110999,SAMMS-ColumbiaTNv5
202609022122571783,202609021903207325,202609021903206075,85,1495,Bronze INV,br_AdmissionAssessmentDimensionTwo,TASK_COMPLETE,SUCCESS,INFO,424,424,0,,2026-09-02T19:03:39.838Z,2026-09-02T21:23:00.812Z,8361,2026-09-02T21:23:00.812Z,V19,Jackson,c49685cc-3281-44bc-a1c2-3be5b1110999,SAMMS-JacksonV5
202609022122571784,202609021903207326,202609021903206075,85,1497,Bronze INV,br_AdmissionAssessmentDimensionTwo,TASK_COMPLETE,SUCCESS,INFO,491,491,0,,2026-09-02T19:03:39.838Z,2026-09-02T21:23:00.812Z,8361,2026-09-02T21:23:00.812Z,V20,Paris,c49685cc-3281-44bc-a1c2-3be5b1110999,SAMMS-ParisV5
202609022122571786,202609021903207327,202609021903206075,85,1498,Bronze INV,br_AdmissionAssessmentDimensionTwo,TASK_COMPLETE,SUCCESS,INFO,362,362,0,,2026-09-02T19:03:39.838Z,2026-09-02T21:23:00.812Z,8361,2026-09-02T21:23:00.812Z,V21,Memphis North,c49685cc-3281-44bc-a1c2-3be5b1110999,SAMMS-RaleighV5
202609022122571787,202609021903207328,202609021903206075,85,1501,Bronze INV,br_AdmissionAssessmentDimensionTwo,TASK_COMPLETE,SUCCESS,INFO,707,707,0,,2026-09-02T19:03:39.838Z,2026-09-02T21:23:00.812Z,8361,2026-09-02T21:23:00.812Z,V5,West Bank,c49685cc-3281-44bc-a1c2-3be5b1110999,SAMMS-NONTCv5
202609022122571788,202609021903207329,202609021903206075,85,1503,Bronze INV,br_AdmissionAssessmentDimensionTwo,TASK_COMPLETE,SUCCESS,INFO,257,257,0,,2026-09-02T19:03:39.838Z,2026-09-02T21:23:00.812Z,8361,2026-09-02T21:23:00.812Z,V5B,Houma,c49685cc-3281-44bc-a1c2-3be5b1110999,SAMMS-HoumaV6
202609022122571789,202609021903207330,202609021903206075,85,1504,Bronze INV,br_AdmissionAssessmentDimensionTwo,TASK_COMPLETE,SUCCESS,INFO,960,960,0,,2026-09-02T19:03:39.838Z,2026-09-02T21:23:00.812Z,8361,2026-09-02T21:23:00.812Z,V6,Lake Charles,c49685cc-3281-44bc-a1c2-3be5b1110999,SAMMS-LCv5
202609022122571790,202609021903207331,202609021903206075,85,1506,Bronze INV,br_AdmissionAssessmentDimensionTwo,TASK_COMPLETE,SUCCESS,INFO,574,574,0,,2026-09-02T19:03:39.838Z,2026-09-02T21:23:00.812Z,8361,2026-09-02T21:23:00.812Z,V8,Memphis Midtown,c49685cc-3281-44bc-a1c2-3be5b1110999,SAMMS-VCPHCS-VIII-MemphisV5
202609022122571791,202609021903207332,202609021903206075,85,1507,Bronze INV,br_AdmissionAssessmentDimensionTwo,TASK_COMPLETE,SUCCESS,INFO,1590,1590,0,,2026-09-02T19:03:39.838Z,2026-09-02T21:23:00.812Z,8361,2026-09-02T21:23:00.812Z,V9,Nashville,c49685cc-3281-44bc-a1c2-3be5b1110999,SAMMS-NashvilleV5
202609022122571792,202609021903207333,202609021903206075,85,1508,Bronze INV,br_AdmissionAssessmentDimensionTwo,TASK_COMPLETE,SUCCESS,INFO,332,332,0,,2026-09-02T19:03:39.838Z,2026-09-02T21:23:00.812Z,8361,2026-09-02T21:23:00.812Z,VBRA,Brainerd,c49685cc-3281-44bc-a1c2-3be5b1110999,SAMMS-BrainerdV6
202609022122571793,202609021903207334,202609021903206075,85,1509,Bronze INV,br_AdmissionAssessmentDimensionTwo,TASK_COMPLETE,SUCCESS,INFO,598,598,0,,2026-09-02T19:03:39.838Z,2026-09-02T21:23:00.812Z,8361,2026-09-02T21:23:00.812Z,VBRP,Brooklyn Park,c49685cc-3281-44bc-a1c2-3be5b1110999,SAMMS-BrooklynParkV6
202609022122571795,202609021903207335,202609021903206075,85,1511,Bronze INV,br_AdmissionAssessmentDimensionTwo,TASK_COMPLETE,SUCCESS,INFO,579,579,0,,2026-09-02T19:03:39.838Z,2026-09-02T21:23:00.812Z,8361,2026-09-02T21:23:00.812Z,VMIN,Minneapolis,c49685cc-3281-44bc-a1c2-3be5b1110999,SAMMS-MinneapolisV6
202609022122571796,202609021903207336,202609021903206075,85,1512,Bronze INV,br_AdmissionAssessmentDimensionTwo,TASK_COMPLETE,SUCCESS,INFO,1075,1075,0,,2026-09-02T19:03:39.838Z,2026-09-02T21:23:00.812Z,8361,2026-09-02T21:23:00.812Z,VWBY,Woodbury,c49685cc-3281-44bc-a1c2-3be5b1110999,SAMMS-WoodburyV6
202609022122571797,202609021903207337,202609021903206075,85,1514,Bronze INV,br_AdmissionAssessmentDimensionTwo,TASK_COMPLETE,SUCCESS,INFO,437,437,0,,2026-09-02T19:03:39.838Z,2026-09-02T21:23:00.812Z,8361,2026-09-02T21:23:00.812Z,WIL,Wilson,c49685cc-3281-44bc-a1c2-3be5b1110999,SAMMS-Wilson
202609022122571798,202609021903207338,202609021903206075,85,1150,Bronze INV,br_AdmissionAssessmentDimensionThree,TASK_COMPLETE,SUCCESS,INFO,98,98,0,,2026-09-02T19:03:39.838Z,2026-09-02T21:23:00.812Z,8361,2026-09-02T21:23:00.812Z,AHK,Ahoskie,c49685cc-3281-44bc-a1c2-3be5b1110999,SAMMS-Ahoskie
202609022122571799,202609021903207339,202609021903206075,85,1151,Bronze INV,br_AdmissionAssessmentDimensionThree,TASK_COMPLETE,SUCCESS,INFO,796,796,0,,2026-09-02T19:03:39.838Z,2026-09-02T21:23:00.812Z,8361,2026-09-02T21:23:00.812Z,B12B,Colorado Springs,c49685cc-3281-44bc-a1c2-3be5b1110999,SAMMS-ColoradoSpringsV5
202609022122571800,202609021903207340,202609021903206075,85,1152,Bronze INV,br_AdmissionAssessmentDimensionThree,TASK_COMPLETE,SUCCESS,INFO,413,413,0,,2026-09-02T19:03:39.838Z,2026-09-02T21:23:00.812Z,8361,2026-09-02T21:23:00.812Z,B24,Paintsville,c49685cc-3281-44bc-a1c2-3be5b1110999,SAMMS-PaintsvilleV5
202609022122571801,202609021903207341,202609021903206075,85,1153,Bronze INV,br_AdmissionAssessmentDimensionThree,TASK_COMPLETE,SUCCESS,INFO,173,173,0,,2026-09-02T19:03:39.838Z,2026-09-02T21:23:00.812Z,8361,2026-09-02T21:23:00.812Z,B25,Pikeville,c49685cc-3281-44bc-a1c2-3be5b1110999,SAMMS-PikevilleV5
202609022122571802,202609021903207342,202609021903206075,85,1154,Bronze INV,br_AdmissionAssessmentDimensionThree,TASK_COMPLETE,SUCCESS,INFO,494,494,0,,2026-09-02T19:03:39.838Z,2026-09-02T21:23:00.812Z,8361,2026-09-02T21:23:00.812Z,B26,Hazard,c49685cc-3281-44bc-a1c2-3be5b1110999,SAMMS-HazardV5
202609022122571803,202609021903207343,202609021903206075,85,1155,Bronze INV,br_AdmissionAssessmentDimensionThree,TASK_COMPLETE,SUCCESS,INFO,189,189,0,,2026-09-02T19:03:39.838Z,2026-09-02T21:23:00.812Z,8361,2026-09-02T21:23:00.812Z,B27,Savannah,c49685cc-3281-44bc-a1c2-3be5b1110999,SAMMS-SavannahV6
202609022122571804,202609021903207344,202609021903206075,85,1156,Bronze INV,br_AdmissionAssessmentDimensionThree,TASK_COMPLETE,SUCCESS,INFO,236,236,0,,2026-09-02T19:03:39.838Z,2026-09-02T21:23:00.812Z,8361,2026-09-02T21:23:00.812Z,B28,West Plains,c49685cc-3281-44bc-a1c2-3be5b1110999,SAMMS-WestPlainesV5
202609022122571806,202609021903207345,202609021903206075,85,1157,Bronze INV,br_AdmissionAssessmentDimensionThree,TASK_COMPLETE,SUCCESS,INFO,262,262,0,,2026-09-02T19:03:39.838Z,2026-09-02T21:23:00.812Z,8361,2026-09-02T21:23:00.812Z,B29,Poplar Bluff,c49685cc-3281-44bc-a1c2-3be5b1110999,SAMMS-PoplarBluffV5
202609022122571807,202609021903207346,202609021903206075,85,1158,Bronze INV,br_AdmissionAssessmentDimensionThree,TASK_COMPLETE,SUCCESS,INFO,143,143,0,,2026-09-02T19:03:39.838Z,2026-09-02T21:23:00.812Z,8361,2026-09-02T21:23:00.812Z,B30,KC North,c49685cc-3281-44bc-a1c2-3be5b1110999,SAMMS-KCNv5
202609022122571808,202609021903207347,202609021903206075,85,1159,Bronze INV,br_AdmissionAssessmentDimensionThree,TASK_COMPLETE,SUCCESS,INFO,345,345,0,,2026-09-02T19:03:39.838Z,2026-09-02T21:23:00.812Z,8361,2026-09-02T21:23:00.812Z,B31,Dyersburg,c49685cc-3281-44bc-a1c2-3be5b1110999,SAMMS-DyersburgV5
202609022122571809,202609021903207348,202609021903206075,85,1161,Bronze INV,br_AdmissionAssessmentDimensionThree,TASK_COMPLETE,SUCCESS,INFO,213,213,0,,2026-09-02T19:03:39.838Z,2026-09-02T21:23:00.812Z,8361,2026-09-02T21:23:00.812Z,B33,Paducah,c49685cc-3281-44bc-a1c2-3be5b1110999,SAMMS-Paducah
202609022122571810,202609021903207349,202609021903206075,85,1162,Bronze INV,br_AdmissionAssessmentDimensionThree,TASK_COMPLETE,SUCCESS,INFO,446,446,0,,2026-09-02T19:03:39.838Z,2026-09-02T21:23:00.812Z,8361,2026-09-02T21:23:00.812Z,B34,Corbin,c49685cc-3281-44bc-a1c2-3be5b1110999,SAMMS-CorbinV5
202609022122571811,202609021903207350,202609021903206075,85,1163,Bronze INV,br_AdmissionAssessmentDimensionThree,TASK_COMPLETE,SUCCESS,INFO,718,718,0,,2026-09-02T19:03:39.838Z,2026-09-02T21:23:00.812Z,8361,2026-09-02T21:23:00.812Z,B35,Lexington,c49685cc-3281-44bc-a1c2-3be5b1110999,SAMMS-LexingtonV5
202609022122571812,202609021903207351,202609021903206075,85,1164,Bronze INV,br_AdmissionAssessmentDimensionThree,TASK_COMPLETE,SUCCESS,INFO,347,347,0,,2026-09-02T19:03:39.838Z,2026-09-02T21:23:00.812Z,8361,2026-09-02T21:23:00.812Z,B35A,Berea,c49685cc-3281-44bc-a1c2-3be5b1110999,SAMMS-BereaV5
202609022122571813,202609021903207352,202609021903206075,85,1165,Bronze INV,br_AdmissionAssessmentDimensionThree,TASK_COMPLETE,SUCCESS,INFO,613,613,0,,2026-09-02T19:03:39.838Z,2026-09-02T21:23:00.812Z,8361,2026-09-02T21:23:00.812Z,B36,Asheville,c49685cc-3281-44bc-a1c2-3be5b1110999,SAMMS-AshevilleV5
202609022122571814,202609021903207353,202609021903206075,85,1166,Bronze INV,br_AdmissionAssessmentDimensionThree,TASK_COMPLETE,SUCCESS,INFO,453,453,0,,2026-09-02T19:03:39.838Z,2026-09-02T21:23:00.812Z,8361,2026-09-02T21:23:00.812Z,B37,Clyde,c49685cc-3281-44bc-a1c2-3be5b1110999,SAMMS-ClydeV5
202609022122571815,202609021903207354,202609021903206075,85,1167,Bronze INV,br_AdmissionAssessmentDimensionThree,TASK_COMPLETE,SUCCESS,INFO,633,633,0,,2026-09-02T19:03:39.838Z,2026-09-02T21:23:00.812Z,8361,2026-09-02T21:23:00.812Z,B38,Spartanburg,c49685cc-3281-44bc-a1c2-3be5b1110999,SAMMS-SpartanburgV5
202609022122571816,202609021903207355,202609021903206075,85,1168,Bronze INV,br_AdmissionAssessmentDimensionThree,TASK_COMPLETE,SUCCESS,INFO,487,487,0,,2026-09-02T19:03:39.838Z,2026-09-02T21:23:00.812Z,8361,2026-09-02T21:23:00.812Z,B39,Aiken,c49685cc-3281-44bc-a1c2-3be5b1110999,SAMMS-AikenV5
202609022122571818,202609021903207356,202609021903206075,85,1169,Bronze INV,br_AdmissionAssessmentDimensionThree,TASK_COMPLETE,SUCCESS,INFO,295,295,0,,2026-09-02T19:03:39.838Z,2026-09-02T21:23:00.812Z,8361,2026-09-02T21:23:00.812Z,B41,Chesapeake,c49685cc-3281-44bc-a1c2-3be5b1110999,SAMMS-ChesapeakeV5
202609022122571819,202609021903207357,202609021903206075,85,1170,Bronze INV,br_AdmissionAssessmentDimensionThree,TASK_COMPLETE,SUCCESS,INFO,533,533,0,,2026-09-02T19:03:39.838Z,2026-09-02T21:23:00.812Z,8361,2026-09-02T21:23:00.812Z,B42,Virginia Beach,c49685cc-3281-44bc-a1c2-3be5b1110999,SAMMS-VirginiaBeachV5
202609022122571820,202609021903207358,202609021903206075,85,1171,Bronze INV,br_AdmissionAssessmentDimensionThree,TASK_COMPLETE,SUCCESS,INFO,165,165,0,,2026-09-02T19:03:39.838Z,2026-09-02T21:23:00.812Z,8361,2026-09-02T21:23:00.812Z,B42A,Newport News,c49685cc-3281-44bc-a1c2-3be5b1110999,SAMMS-NewportNewsV5
202609022122571821,202609021903207359,202609021903206075,85,1172,Bronze INV,br_AdmissionAssessmentDimensionThree,TASK_COMPLETE,SUCCESS,INFO,58,58,0,,2026-09-02T19:03:39.838Z,2026-09-02T21:23:00.812Z,8361,2026-09-02T21:23:00.812Z,B42B,Franklin,c49685cc-3281-44bc-a1c2-3be5b1110999,SAMMS-FranklinV5
202609022122571822,202609021903207360,202609021903206075,85,1173,Bronze INV,br_AdmissionAssessmentDimensionThree,TASK_COMPLETE,SUCCESS,INFO,337,337,0,,2026-09-02T19:03:39.838Z,2026-09-02T21:23:00.812Z,8361,2026-09-02T21:23:00.812Z,B42C,Glen Allen,c49685cc-3281-44bc-a1c2-3be5b1110999,SAMMS-GlenAllenV5
202609022122571823,202609021903207361,202609021903206075,85,1174,Bronze INV,br_AdmissionAssessmentDimensionThree,TASK_COMPLETE,SUCCESS,INFO,175,175,0,,2026-09-02T19:03:39.838Z,2026-09-02T21:23:00.812Z,8361,2026-09-02T21:23:00.812Z,B42D,Chesapeake South,c49685cc-3281-44bc-a1c2-3be5b1110999,SAMMS-ChesapeakeSouthV5
202609022122571824,202609021903207362,202609021903206075,85,1175,Bronze INV,br_AdmissionAssessmentDimensionThree,TASK_COMPLETE,SUCCESS,INFO,211,211,0,,2026-09-02T19:03:39.838Z,2026-09-02T21:23:00.812Z,8361,2026-09-02T21:23:00.812Z,B44,Albany,c49685cc-3281-44bc-a1c2-3be5b1110999,SAMMS-AlbanyV5
202609022122571825,202609021903207363,202609021903206075,85,1176,Bronze INV,br_AdmissionAssessmentDimensionThree,TASK_COMPLETE,SUCCESS,INFO,307,307,0,,2026-09-02T19:03:39.838Z,2026-09-02T21:23:00.812Z,8361,2026-09-02T21:23:00.812Z,B45,Tifton,c49685cc-3281-44bc-a1c2-3be5b1110999,SAMMS-TiftonV5
202609022122571826,202609021903207364,202609021903206075,85,1177,Bronze INV,br_AdmissionAssessmentDimensionThree,TASK_COMPLETE,SUCCESS,INFO,676,676,0,,2026-09-02T19:03:39.838Z,2026-09-02T21:23:00.812Z,8361,2026-09-02T21:23:00.812Z,B46,Washington DC,c49685cc-3281-44bc-a1c2-3be5b1110999,SAMMS-WashingtonDCv5
202609022122571827,202609021903207365,202609021903206075,85,1178,Bronze INV,br_AdmissionAssessmentDimensionThree,TASK_COMPLETE,SUCCESS,INFO,360,360,0,,2026-09-02T19:03:39.838Z,2026-09-02T21:23:00.812Z,8361,2026-09-02T21:23:00.812Z,B47,Mobile,c49685cc-3281-44bc-a1c2-3be5b1110999,SAMMS-MobileV5
202608292054380821,202608291904436041,202608291904434406,85,994,Bronze INV,br_AdmissionAssessmentDimensionSix,TASK_COMPLETE,SUCCESS,INFO,348,348,0,,2026-08-29T19:04:49.126Z,2026-08-29T20:54:41.421Z,6592,2026-08-29T20:54:41.421Z,B47,Mobile,dd7385f2-fbd4-41a4-afcd-7296aca5e198,SAMMS-MobileV5
202608292054380822,202608291904436042,202608291904434406,85,995,Bronze INV,br_AdmissionAssessmentDimensionSix,TASK_COMPLETE,SUCCESS,INFO,448,448,0,,2026-08-29T19:04:49.126Z,2026-08-29T20:54:41.421Z,6592,2026-08-29T20:54:41.421Z,B48,Tuscaloosa,dd7385f2-fbd4-41a4-afcd-7296aca5e198,SAMMS-TuscaloosaV5
202608292054380823,202608291904436043,202608291904434406,85,1004,Bronze INV,br_AdmissionAssessmentDimensionSix,TASK_COMPLETE,SUCCESS,INFO,311,311,0,,2026-08-29T19:04:49.126Z,2026-08-29T20:54:41.421Z,6592,2026-08-29T20:54:41.421Z,B51,N. Little Rock (OTP),dd7385f2-fbd4-41a4-afcd-7296aca5e198,SAMMS-NorthLittleRockV6
202608292054380825,202608291904436044,202608291904434406,85,1005,Bronze INV,br_AdmissionAssessmentDimensionSix,TASK_COMPLETE,SUCCESS,INFO,154,154,0,,2026-08-29T19:04:49.126Z,2026-08-29T20:54:41.421Z,6592,2026-08-29T20:54:41.421Z,B52,Jackson GA,dd7385f2-fbd4-41a4-afcd-7296aca5e198,SAMMS-JacksonGAV5
202608292054380826,202608291904436045,202608291904434406,85,1006,Bronze INV,br_AdmissionAssessmentDimensionSix,TASK_COMPLETE,SUCCESS,INFO,470,470,0,,2026-08-29T19:04:49.126Z,2026-08-29T20:54:41.421Z,6592,2026-08-29T20:54:41.421Z,B54,Gadsden,dd7385f2-fbd4-41a4-afcd-7296aca5e198,SAMMS-GadsdenV5
202608292054380827,202608291904436046,202608291904434406,85,1007,Bronze INV,br_AdmissionAssessmentDimensionSix,TASK_COMPLETE,SUCCESS,INFO,486,486,0,,2026-08-29T19:04:49.126Z,2026-08-29T20:54:41.421Z,6592,2026-08-29T20:54:41.421Z,B55,Shoals,dd7385f2-fbd4-41a4-afcd-7296aca5e198,SAMMS-ShoalsV5
202608292054380828,202608291904436047,202608291904434406,85,1008,Bronze INV,br_AdmissionAssessmentDimensionSix,TASK_COMPLETE,SUCCESS,INFO,171,171,0,,2026-08-29T19:04:49.126Z,2026-08-29T20:54:41.421Z,6592,2026-08-29T20:54:41.421Z,B57,Pawtucket,dd7385f2-fbd4-41a4-afcd-7296aca5e198,SAMMS-Pawtucket
202608292054380829,202608291904436048,202608291904434406,85,1009,Bronze INV,br_AdmissionAssessmentDimensionSix,TASK_COMPLETE,SUCCESS,INFO,169,169,0,,2026-08-29T19:04:49.126Z,2026-08-29T20:54:41.421Z,6592,2026-08-29T20:54:41.421Z,B57A,Johnston,dd7385f2-fbd4-41a4-afcd-7296aca5e198,SAMMS-Johnston
202608292054380830,202608291904436049,202608291904434406,85,1010,Bronze INV,br_AdmissionAssessmentDimensionSix,TASK_COMPLETE,SUCCESS,INFO,87,87,0,,2026-08-29T19:04:49.126Z,2026-08-29T20:54:41.421Z,6592,2026-08-29T20:54:41.421Z,B57B,Middletown,dd7385f2-fbd4-41a4-afcd-7296aca5e198,SAMMS-Middletown
202608292054380831,202608291904436050,202608291904434406,85,1011,Bronze INV,br_AdmissionAssessmentDimensionSix,TASK_COMPLETE,SUCCESS,INFO,176,176,0,,2026-08-29T19:04:49.126Z,2026-08-29T20:54:41.421Z,6592,2026-08-29T20:54:41.421Z,B57C,Providence,dd7385f2-fbd4-41a4-afcd-7296aca5e198,SAMMS-Providence
202608292054380832,202608291904436051,202608291904434406,85,1012,Bronze INV,br_AdmissionAssessmentDimensionSix,TASK_COMPLETE,SUCCESS,INFO,257,257,0,,2026-08-29T19:04:49.126Z,2026-08-29T20:54:41.421Z,6592,2026-08-29T20:54:41.421Z,B57D,Westerly,dd7385f2-fbd4-41a4-afcd-7296aca5e198,SAMMS-Westerly
202608292054380833,202608291904436052,202608291904434406,85,1016,Bronze INV,br_AdmissionAssessmentDimensionSix,TASK_COMPLETE,SUCCESS,INFO,364,364,0,,2026-08-29T19:04:49.126Z,2026-08-29T20:54:41.421Z,6592,2026-08-29T20:54:41.421Z,B66A,Bremen,dd7385f2-fbd4-41a4-afcd-7296aca5e198,SAMMS-Bremen
202608292054380834,202608291904436053,202608291904434406,85,1019,Bronze INV,br_AdmissionAssessmentDimensionSix,TASK_COMPLETE,SUCCESS,INFO,13,13,0,,2026-08-29T19:04:49.126Z,2026-08-29T20:54:41.421Z,6592,2026-08-29T20:54:41.421Z,B72,Mobile (OBOT),dd7385f2-fbd4-41a4-afcd-7296aca5e198,SAMMS-Mobile-OBOT
202608292054380835,202608291904436054,202608291904434406,85,1020,Bronze INV,br_AdmissionAssessmentDimensionSix,TASK_COMPLETE,SUCCESS,INFO,2,2,0,,2026-08-29T19:04:49.126Z,2026-08-29T20:54:41.421Z,6592,2026-08-29T20:54:41.421Z,B73,Montgomery,dd7385f2-fbd4-41a4-afcd-7296aca5e198,SAMMS-Montgomery
202608292054380836,202608291904436055,202608291904434406,85,1021,Bronze INV,br_AdmissionAssessmentDimensionSix,TASK_COMPLETE,SUCCESS,INFO,316,316,0,,2026-08-29T19:04:49.126Z,2026-08-29T20:54:41.421Z,6592,2026-08-29T20:54:41.421Z,B75,Lawrence,dd7385f2-fbd4-41a4-afcd-7296aca5e198,SAMMS-LawrenceV6
202608292054380838,202608291904436056,202608291904434406,85,1022,Bronze INV,br_AdmissionAssessmentDimensionSix,TASK_COMPLETE,SUCCESS,INFO,50,50,0,,2026-08-29T19:04:49.126Z,2026-08-29T20:54:41.421Z,6592,2026-08-29T20:54:41.421Z,B76,Huntsville OBOT,dd7385f2-fbd4-41a4-afcd-7296aca5e198,SAMMS-Huntsville-OBOT
202608292054380839,202608291904436057,202608291904434406,85,1023,Bronze INV,br_AdmissionAssessmentDimensionSix,TASK_COMPLETE,SUCCESS,INFO,300,300,0,,2026-08-29T19:04:49.126Z,2026-08-29T20:54:41.421Z,6592,2026-08-29T20:54:41.421Z,BAT,Batesville,dd7385f2-fbd4-41a4-afcd-7296aca5e198,SAMMS-Batesville
202608292054380840,202608291904436058,202608291904434406,85,1024,Bronze INV,br_AdmissionAssessmentDimensionSix,TASK_COMPLETE,SUCCESS,INFO,235,235,0,,2026-08-29T19:04:49.126Z,2026-08-29T20:54:41.421Z,6592,2026-08-29T20:54:41.421Z,BG,Bowling Green,dd7385f2-fbd4-41a4-afcd-7296aca5e198,SAMMS-BowlingGreen
202608292054380841,202608291904436059,202608291904434406,85,1025,Bronze INV,br_AdmissionAssessmentDimensionSix,TASK_COMPLETE,SUCCESS,INFO,216,216,0,,2026-08-29T19:04:49.126Z,2026-08-29T20:54:41.421Z,6592,2026-08-29T20:54:41.421Z,BOI,Boise,dd7385f2-fbd4-41a4-afcd-7296aca5e198,SAMMS-Boise
202608292054380842,202608291904436060,202608291904434406,85,1032,Bronze INV,br_AdmissionAssessmentDimensionSix,TASK_COMPLETE,SUCCESS,INFO,283,283,0,,2026-08-29T19:04:49.126Z,2026-08-29T20:54:41.421Z,6592,2026-08-29T20:54:41.421Z,CBCO,Coeur dAlene,dd7385f2-fbd4-41a4-afcd-7296aca5e198,SAMMS-CoeurdAleneV6
202608292054380843,202608291904436061,202608291904434406,85,1051,Bronze INV,br_AdmissionAssessmentDimensionSix,TASK_COMPLETE,SUCCESS,INFO,304,304,0,,2026-08-29T19:04:49.126Z,2026-08-29T20:54:41.421Z,6592,2026-08-29T20:54:41.421Z,CON,Conway,dd7385f2-fbd4-41a4-afcd-7296aca5e198,SAMMS-Conway
202608292054380844,202608291904436062,202608291904434406,85,1052,Bronze INV,br_AdmissionAssessmentDimensionSix,TASK_COMPLETE,SUCCESS,INFO,1538,1538,0,,2026-08-29T19:04:49.126Z,2026-08-29T20:54:41.421Z,6592,2026-08-29T20:54:41.421Z,D07,Medical Services Knox TN,dd7385f2-fbd4-41a4-afcd-7296aca5e198,SAMMS-KnoxvilleV6
202608292054380845,202608291904436063,202608291904434406,85,1053,Bronze INV,br_AdmissionAssessmentDimensionSix,TASK_COMPLETE,SUCCESS,INFO,956,956,0,,2026-08-29T19:04:49.126Z,2026-08-29T20:54:41.421Z,6592,2026-08-29T20:54:41.421Z,D08,Madison,dd7385f2-fbd4-41a4-afcd-7296aca5e198,SAMMS-MadisonV6
202608292054380846,202608291904436064,202608291904434406,85,1055,Bronze INV,br_AdmissionAssessmentDimensionSix,TASK_COMPLETE,SUCCESS,INFO,927,927,0,,2026-08-29T19:04:49.126Z,2026-08-29T20:54:41.421Z,6592,2026-08-29T20:54:41.421Z,D09,Murfreesboro,dd7385f2-fbd4-41a4-afcd-7296aca5e198,SAMMS-MurfreesboroV6
202608292054380847,202608291904436065,202608291904434406,85,1056,Bronze INV,br_AdmissionAssessmentDimensionSix,TASK_COMPLETE,SUCCESS,INFO,218,218,0,,2026-08-29T19:04:49.126Z,2026-08-29T20:54:41.421Z,6592,2026-08-29T20:54:41.421Z,DA,Davenport,dd7385f2-fbd4-41a4-afcd-7296aca5e198,SAMMS-Davenport
202608292054380848,202608291904436066,202608291904434406,85,1057,Bronze INV,br_AdmissionAssessmentDimensionSix,TASK_COMPLETE,SUCCESS,INFO,350,350,0,,2026-08-29T19:04:49.126Z,2026-08-29T20:54:41.421Z,6592,2026-08-29T20:54:41.421Z,DM,Des Moines,dd7385f2-fbd4-41a4-afcd-7296aca5e198,SAMMS-DesMoines
202608292054380849,202608291904436067,202608291904434406,85,1059,Bronze INV,br_AdmissionAssessmentDimensionSix,TASK_COMPLETE,SUCCESS,INFO,476,476,0,,2026-08-29T19:04:49.126Z,2026-08-29T20:54:41.421Z,6592,2026-08-29T20:54:41.421Z,DRD-CO,Columbia MO,dd7385f2-fbd4-41a4-afcd-7296aca5e198,SAMMS-ColumbiaV5
202608292054380851,202608291904436068,202608291904434406,85,1060,Bronze INV,br_AdmissionAssessmentDimensionSix,TASK_COMPLETE,SUCCESS,INFO,592,592,0,,2026-08-29T19:04:49.126Z,2026-08-29T20:54:41.421Z,6592,2026-08-29T20:54:41.421Z,DRD-KC,KC,dd7385f2-fbd4-41a4-afcd-7296aca5e198,SAMMS-KCv5
202608292054380852,202608291904436069,202608291904434406,85,1061,Bronze INV,br_AdmissionAssessmentDimensionSix,TASK_COMPLETE,SUCCESS,INFO,945,945,0,,2026-08-29T19:04:49.126Z,2026-08-29T20:54:41.421Z,6592,2026-08-29T20:54:41.421Z,DRD-KVB,KVB,dd7385f2-fbd4-41a4-afcd-7296aca5e198,SAMMS-KVBv5
202608292054380853,202608291904436070,202608291904434406,85,1062,Bronze INV,br_AdmissionAssessmentDimensionSix,TASK_COMPLETE,SUCCESS,INFO,1569,1569,0,,2026-08-29T19:04:49.126Z,2026-08-29T20:54:41.421Z,6592,2026-08-29T20:54:41.421Z,DRD-KVC,KVC,dd7385f2-fbd4-41a4-afcd-7296aca5e198,SAMMS-KVCv5
202608292054380854,202608291904436071,202608291904434406,85,1063,Bronze INV,br_AdmissionAssessmentDimensionSix,TASK_COMPLETE,SUCCESS,INFO,1253,1253,0,,2026-08-29T19:04:49.126Z,2026-08-29T20:54:41.421Z,6592,2026-08-29T20:54:41.421Z,DRD-NOLA,NOLA,dd7385f2-fbd4-41a4-afcd-7296aca5e198,SAMMS-NOLAv5
202608292054380855,202608291904436072,202608291904434406,85,1064,Bronze INV,br_AdmissionAssessmentDimensionSix,TASK_COMPLETE,SUCCESS,INFO,736,736,0,,2026-08-29T19:04:49.126Z,2026-08-29T20:54:41.421Z,6592,2026-08-29T20:54:41.421Z,DRD-SF,Springfield,dd7385f2-fbd4-41a4-afcd-7296aca5e198,SAMMS-SFv5
202608292054380856,202608291904436073,202608291904434406,85,1066,Bronze INV,br_AdmissionAssessmentDimensionSix,TASK_COMPLETE,SUCCESS,INFO,249,249,0,,2026-08-29T19:04:49.126Z,2026-08-29T20:54:41.421Z,6592,2026-08-29T20:54:41.421Z,ELC,Elizabeth City,dd7385f2-fbd4-41a4-afcd-7296aca5e198,SAMMS-ElizabethCity
202608292054380857,202608291904436074,202608291904434406,85,1067,Bronze INV,br_AdmissionAssessmentDimensionSix,TASK_COMPLETE,SUCCESS,INFO,260,260,0,,2026-08-29T19:04:49.126Z,2026-08-29T20:54:41.421Z,6592,2026-08-29T20:54:41.421Z,ET,Elizabethtown,dd7385f2-fbd4-41a4-afcd-7296aca5e198,SAMMS-Elizabethtown
202608292054380858,202608291904436075,202608291904434406,85,1068,Bronze INV,br_AdmissionAssessmentDimensionSix,TASK_COMPLETE,SUCCESS,INFO,228,228,0,,2026-08-29T19:04:49.126Z,2026-08-29T20:54:41.421Z,6592,2026-08-29T20:54:41.421Z,FAY,Fayetteville,dd7385f2-fbd4-41a4-afcd-7296aca5e198,SAMMS-Fayetteville
202608292054380859,202608291904436076,202608291904434406,85,1069,Bronze INV,br_AdmissionAssessmentDimensionSix,TASK_COMPLETE,SUCCESS,INFO,180,180,0,,2026-08-29T19:04:49.126Z,2026-08-29T20:54:41.421Z,6592,2026-08-29T20:54:41.421Z,FR,Frankfort,dd7385f2-fbd4-41a4-afcd-7296aca5e198,SAMMS-Frankfort
202608292054380860,202608291904436077,202608291904434406,85,1070,Bronze INV,br_AdmissionAssessmentDimensionSix,TASK_COMPLETE,SUCCESS,INFO,280,280,0,,2026-08-29T19:04:49.126Z,2026-08-29T20:54:41.421Z,6592,2026-08-29T20:54:41.421Z,FS,Fort Smith,dd7385f2-fbd4-41a4-afcd-7296aca5e198,SAMMS-FortSmith
202608292054380861,202608291904436078,202608291904434406,85,1071,Bronze INV,br_AdmissionAssessmentDimensionSix,TASK_COMPLETE,SUCCESS,INFO,682,682,0,,2026-08-29T19:04:49.126Z,2026-08-29T20:54:41.421Z,6592,2026-08-29T20:54:41.421Z,FW,Fort Wayne,dd7385f2-fbd4-41a4-afcd-7296aca5e198,SAMMS-FortWayne
202608292054380862,202608291904436079,202608291904434406,85,1072,Bronze INV,br_AdmissionAssessmentDimensionSix,TASK_COMPLETE,SUCCESS,INFO,103,103,0,,2026-08-29T19:04:49.126Z,2026-08-29T20:54:41.421Z,6592,2026-08-29T20:54:41.421Z,GAL,Gaylord,dd7385f2-fbd4-41a4-afcd-7296aca5e198,SAMMS-Gaylord
202608292054380864,202608291904436080,202608291904434406,85,1076,Bronze INV,br_AdmissionAssessmentDimensionSix,TASK_COMPLETE,SUCCESS,INFO,616,616,0,,2026-08-29T19:04:49.126Z,2026-08-29T20:54:41.421Z,6592,2026-08-29T20:54:41.421Z,HGT,Hagerstown,dd7385f2-fbd4-41a4-afcd-7296aca5e198,SAMMS-Hagerstown
202608292054380865,202608291904436081,202608291904434406,85,1077,Bronze INV,br_AdmissionAssessmentDimensionSix,TASK_COMPLETE,SUCCESS,INFO,465,465,0,,2026-08-29T19:04:49.126Z,2026-08-29T20:54:41.421Z,6592,2026-08-29T20:54:41.421Z,HNT,Huntsville,dd7385f2-fbd4-41a4-afcd-7296aca5e198,SAMMS-Huntsville
202608292054380866,202608291904436082,202608291904434406,85,1078,Bronze INV,br_AdmissionAssessmentDimensionSix,TASK_COMPLETE,SUCCESS,INFO,306,306,0,,2026-08-29T19:04:49.126Z,2026-08-29T20:54:41.421Z,6592,2026-08-29T20:54:41.421Z,HS,Hot Springs,dd7385f2-fbd4-41a4-afcd-7296aca5e198,SAMMS-HotSprings
202608292054380867,202608291904436083,202608291904434406,85,1079,Bronze INV,br_AdmissionAssessmentDimensionSix,TASK_COMPLETE,SUCCESS,INFO,266,266,0,,2026-08-29T19:04:49.126Z,2026-08-29T20:54:41.421Z,6592,2026-08-29T20:54:41.421Z,JON,Jonesboro,dd7385f2-fbd4-41a4-afcd-7296aca5e198,SAMMS-Jonesboro
202608292054380868,202608291904436084,202608291904434406,85,1081,Bronze INV,br_AdmissionAssessmentDimensionSix,TASK_COMPLETE,SUCCESS,INFO,152,152,0,,2026-08-29T19:04:49.126Z,2026-08-29T20:54:41.421Z,6592,2026-08-29T20:54:41.421Z,LAN,Lansing,dd7385f2-fbd4-41a4-afcd-7296aca5e198,SAMMS-Lansing
202608292054380869,202608291904436085,202608291904434406,85,1082,Bronze INV,br_AdmissionAssessmentDimensionSix,TASK_COMPLETE,SUCCESS,INFO,428,428,0,,2026-08-29T19:04:49.126Z,2026-08-29T20:54:41.421Z,6592,2026-08-29T20:54:41.421Z,LO,Louisville,dd7385f2-fbd4-41a4-afcd-7296aca5e198,SAMMS-Louisville
202608292054380870,202608291904436086,202608291904434406,85,1083,Bronze INV,br_AdmissionAssessmentDimensionSix,TASK_COMPLETE,SUCCESS,INFO,1155,1155,0,,2026-08-29T19:04:49.126Z,2026-08-29T20:54:41.421Z,6592,2026-08-29T20:54:41.421Z,LV1,Cheyenne,dd7385f2-fbd4-41a4-afcd-7296aca5e198,SAMMS-Cheyenne
202608292054380872,202608291904436087,202608291904434406,85,1084,Bronze INV,br_AdmissionAssessmentDimensionSix,TASK_COMPLETE,SUCCESS,INFO,930,930,0,,2026-08-29T19:04:49.126Z,2026-08-29T20:54:41.421Z,6592,2026-08-29T20:54:41.421Z,LV2,Desert Inn,dd7385f2-fbd4-41a4-afcd-7296aca5e198,SAMMS-DesertInn
202608292054380873,202608291904436088,202608291904434406,85,1085,Bronze INV,br_AdmissionAssessmentDimensionSix,TASK_COMPLETE,SUCCESS,INFO,307,307,0,,2026-08-29T19:04:49.126Z,2026-08-29T20:54:41.421Z,6592,2026-08-29T20:54:41.421Z,LV3,McDaniel,dd7385f2-fbd4-41a4-afcd-7296aca5e198,SAMMS-McDaniel
202608292054380874,202608291904436089,202608291904434406,85,1088,Bronze INV,br_AdmissionAssessmentDimensionSix,TASK_COMPLETE,SUCCESS,INFO,270,270,0,,2026-08-29T19:04:49.126Z,2026-08-29T20:54:41.421Z,6592,2026-08-29T20:54:41.421Z,MNRE,Monroe,dd7385f2-fbd4-41a4-afcd-7296aca5e198,SAMMS-Monroe
202608292054380875,202608291904436090,202608291904434406,85,1089,Bronze INV,br_AdmissionAssessmentDimensionSix,TASK_COMPLETE,SUCCESS,INFO,121,121,0,,2026-08-29T19:04:49.126Z,2026-08-29T20:54:41.421Z,6592,2026-08-29T20:54:41.421Z,MP,Mt. Pleasant,dd7385f2-fbd4-41a4-afcd-7296aca5e198,SAMMS-MtPleasant
202608292054380876,202608291904436091,202608291904434406,85,1090,Bronze INV,br_AdmissionAssessmentDimensionSix,TASK_COMPLETE,SUCCESS,INFO,172,172,0,,2026-08-29T19:04:49.126Z,2026-08-29T20:54:41.421Z,6592,2026-08-29T20:54:41.421Z,MRD,Meridian,dd7385f2-fbd4-41a4-afcd-7296aca5e198,SAMMS-Meridian
202608292054380877,202608291904436092,202608291904434406,85,1095,Bronze INV,br_AdmissionAssessmentDimensionSix,TASK_COMPLETE,SUCCESS,INFO,627,627,0,,2026-08-29T19:04:49.126Z,2026-08-29T20:54:41.421Z,6592,2026-08-29T20:54:41.421Z,NC,North Charleston,dd7385f2-fbd4-41a4-afcd-7296aca5e198,SAMMS-NorthCharleston
202608292054380878,202608291904436093,202608291904434406,85,1096,Bronze INV,br_AdmissionAssessmentDimensionSix,TASK_COMPLETE,SUCCESS,INFO,571,571,0,,2026-08-29T19:04:49.126Z,2026-08-29T20:54:41.421Z,6592,2026-08-29T20:54:41.421Z,NLR,N. Little Rock,dd7385f2-fbd4-41a4-afcd-7296aca5e198,SAMMS-NLROBOT
202608292054380880,202608291904436094,202608291904434406,85,1097,Bronze INV,br_AdmissionAssessmentDimensionSix,TASK_COMPLETE,SUCCESS,INFO,234,234,0,,2026-08-29T19:04:49.126Z,2026-08-29T20:54:41.421Z,6592,2026-08-29T20:54:41.421Z,PH,Phoenix,dd7385f2-fbd4-41a4-afcd-7296aca5e198,SAMMS-Phoenix
202608292054380881,202608291904436095,202608291904434406,85,1101,Bronze INV,br_AdmissionAssessmentDimensionSix,TASK_COMPLETE,SUCCESS,INFO,405,405,0,,2026-08-29T19:04:49.126Z,2026-08-29T20:54:41.421Z,6592,2026-08-29T20:54:41.421Z,RE,Reno,dd7385f2-fbd4-41a4-afcd-7296aca5e198,SAMMS-Reno
202608292054380882,202608291904436096,202608291904434406,85,1102,Bronze INV,br_AdmissionAssessmentDimensionSix,TASK_COMPLETE,SUCCESS,INFO,387,387,0,,2026-08-29T19:04:49.126Z,2026-08-29T20:54:41.421Z,6592,2026-08-29T20:54:41.421Z,RMD,Richmond,dd7385f2-fbd4-41a4-afcd-7296aca5e198,SAMMS-Richmond
202608292054380883,202608291904436097,202608291904434406,85,1103,Bronze INV,br_AdmissionAssessmentDimensionSix,TASK_COMPLETE,SUCCESS,INFO,481,481,0,,2026-08-29T19:04:49.126Z,2026-08-29T20:54:41.421Z,6592,2026-08-29T20:54:41.421Z,SFN,Springfield North,dd7385f2-fbd4-41a4-afcd-7296aca5e198,SAMMS-SFNv5
202608292054380884,202608291904436098,202608291904434406,85,1104,Bronze INV,br_AdmissionAssessmentDimensionSix,TASK_COMPLETE,SUCCESS,INFO,448,448,0,,2026-08-29T19:04:49.126Z,2026-08-29T20:54:41.421Z,6592,2026-08-29T20:54:41.421Z,SHP,Shreveport,dd7385f2-fbd4-41a4-afcd-7296aca5e198,SAMMS-Shreveport
202608292054380885,202608291904436099,202608291904434406,85,1106,Bronze INV,br_AdmissionAssessmentDimensionSix,TASK_COMPLETE,SUCCESS,INFO,81,81,0,,2026-08-29T19:04:49.126Z,2026-08-29T20:54:41.421Z,6592,2026-08-29T20:54:41.421Z,STN,Staunton,dd7385f2-fbd4-41a4-afcd-7296aca5e198,SAMMS-Staunton
202608292054380886,202608291904436100,202608291904434406,85,1107,Bronze INV,br_AdmissionAssessmentDimensionSix,TASK_COMPLETE,SUCCESS,INFO,53,53,0,,2026-08-29T19:04:49.126Z,2026-08-29T20:54:41.421Z,6592,2026-08-29T20:54:41.421Z,STVN,Stevenson,dd7385f2-fbd4-41a4-afcd-7296aca5e198,SAMMS-Stevenson
202608292054380888,202608291904436101,202608291904434406,85,1109,Bronze INV,br_AdmissionAssessmentDimensionSix,TASK_COMPLETE,SUCCESS,INFO,70,70,0,,2026-08-29T19:04:49.126Z,2026-08-29T20:54:41.421Z,6592,2026-08-29T20:54:41.421Z,TE,Tempe,dd7385f2-fbd4-41a4-afcd-7296aca5e198,SAMMS-Tempe
202608292054380889,202608291904436102,202608291904434406,85,1110,Bronze INV,br_AdmissionAssessmentDimensionSix,TASK_COMPLETE,SUCCESS,INFO,364,364,0,,2026-08-29T19:04:49.126Z,2026-08-29T20:54:41.421Z,6592,2026-08-29T20:54:41.421Z,TEX,Texarkana,dd7385f2-fbd4-41a4-afcd-7296aca5e198,SAMMS-Texarkana
202608292054380891,202608291904436103,202608291904434406,85,1111,Bronze INV,br_AdmissionAssessmentDimensionSix,TASK_COMPLETE,SUCCESS,INFO,415,415,0,,2026-08-29T19:04:49.126Z,2026-08-29T20:54:41.421Z,6592,2026-08-29T20:54:41.421Z,TTCA,Bessemer,dd7385f2-fbd4-41a4-afcd-7296aca5e198,SAMMS-BessemerV5
202608292054380892,202608291904436104,202608291904434406,85,1112,Bronze INV,br_AdmissionAssessmentDimensionSix,TASK_COMPLETE,SUCCESS,INFO,548,548,0,,2026-08-29T19:04:49.126Z,2026-08-29T20:54:41.421Z,6592,2026-08-29T20:54:41.421Z,TTCB,Cullman,dd7385f2-fbd4-41a4-afcd-7296aca5e198,SAMMS-CullmanV5
202608292054380893,202608291904436105,202608291904434406,85,1113,Bronze INV,br_AdmissionAssessmentDimensionSix,TASK_COMPLETE,SUCCESS,INFO,297,297,0,,2026-08-29T19:04:49.126Z,2026-08-29T20:54:41.421Z,6592,2026-08-29T20:54:41.421Z,TTCC,Grand Bay,dd7385f2-fbd4-41a4-afcd-7296aca5e198,SAMMS-GrandBay
202608292054380897,202608291904436106,202608291904434406,85,1114,Bronze INV,br_AdmissionAssessmentDimensionSix,TASK_COMPLETE,SUCCESS,INFO,20,20,0,,2026-08-29T19:04:49.126Z,2026-08-29T20:54:41.421Z,6592,2026-08-29T20:54:41.421Z,TU,Tucson,dd7385f2-fbd4-41a4-afcd-7296aca5e198,SAMMS-Tucson
202608292054380898,202608291904436107,202608291904434406,85,1116,Bronze INV,br_AdmissionAssessmentDimensionSix,TASK_COMPLETE,SUCCESS,INFO,250,250,0,,2026-08-29T19:04:49.126Z,2026-08-29T20:54:41.421Z,6592,2026-08-29T20:54:41.421Z,V1,Memphis South,dd7385f2-fbd4-41a4-afcd-7296aca5e198,SAMMS-VCPHCS-I-MemphisV5
202608292054380899,202608291904436108,202608291904434406,85,1117,Bronze INV,br_AdmissionAssessmentDimensionSix,TASK_COMPLETE,SUCCESS,INFO,691,691,0,,2026-08-29T19:04:49.126Z,2026-08-29T20:54:41.421Z,6592,2026-08-29T20:54:41.421Z,V10,Longmont,dd7385f2-fbd4-41a4-afcd-7296aca5e198,SAMMS-BoulderV5
202608292054380900,202608291904436109,202608291904434406,85,1118,Bronze INV,br_AdmissionAssessmentDimensionSix,TASK_COMPLETE,SUCCESS,INFO,1188,1188,0,,2026-08-29T19:04:49.126Z,2026-08-29T20:54:41.421Z,6592,2026-08-29T20:54:41.421Z,V10A,Fort Collins,dd7385f2-fbd4-41a4-afcd-7296aca5e198,SAMMS-FortCollinsV5
202608292054380902,202608291904436110,202608291904434406,85,1119,Bronze INV,br_AdmissionAssessmentDimensionSix,TASK_COMPLETE,SUCCESS,INFO,989,989,0,,2026-08-29T19:04:49.126Z,2026-08-29T20:54:41.421Z,6592,2026-08-29T20:54:41.421Z,V11,Westminster,dd7385f2-fbd4-41a4-afcd-7296aca5e198,SAMMS-VCPHCS-XI-NorthDenverV5
202608292054380915,202608291904436111,202608291904434406,85,1120,Bronze INV,br_AdmissionAssessmentDimensionSix,TASK_COMPLETE,SUCCESS,INFO,1045,1045,0,,2026-08-29T19:04:49.126Z,2026-08-29T20:54:41.421Z,6592,2026-08-29T20:54:41.421Z,V12,Downtown Denver,dd7385f2-fbd4-41a4-afcd-7296aca5e198,SAMMS-VCPHCS-XII-DowntownDenverV5
202608292054380916,202608291904436112,202608291904434406,85,1121,Bronze INV,br_AdmissionAssessmentDimensionSix,TASK_COMPLETE,SUCCESS,INFO,474,474,0,,2026-08-29T19:04:49.126Z,2026-08-29T20:54:41.421Z,6592,2026-08-29T20:54:41.421Z,V12A,Centennial,dd7385f2-fbd4-41a4-afcd-7296aca5e198,SAMMS-CentennialV5
202608292054380918,202608291904436113,202608291904434406,85,1122,Bronze INV,br_AdmissionAssessmentDimensionSix,TASK_COMPLETE,SUCCESS,INFO,292,292,0,,2026-08-29T19:04:49.126Z,2026-08-29T20:54:41.421Z,6592,2026-08-29T20:54:41.421Z,V14,Overland Park,dd7385f2-fbd4-41a4-afcd-7296aca5e198,SAMMS-VCPHCS-XIV-BridgewayV5
202608292054380919,202608291904436114,202608291904434406,85,1123,Bronze INV,br_AdmissionAssessmentDimensionSix,TASK_COMPLETE,SUCCESS,INFO,565,565,0,,2026-08-29T19:04:49.126Z,2026-08-29T20:54:41.421Z,6592,2026-08-29T20:54:41.421Z,V15,Joplin,dd7385f2-fbd4-41a4-afcd-7296aca5e198,SAMMS-JoplinV5
202608292054380920,202608291904436115,202608291904434406,85,1125,Bronze INV,br_AdmissionAssessmentDimensionSix,TASK_COMPLETE,SUCCESS,INFO,465,465,0,,2026-08-29T19:04:49.126Z,2026-08-29T20:54:41.421Z,6592,2026-08-29T20:54:41.421Z,V17,Columbia TN,dd7385f2-fbd4-41a4-afcd-7296aca5e198,SAMMS-ColumbiaTNv5
202608292054380921,202608291904436116,202608291904434406,85,1127,Bronze INV,br_AdmissionAssessmentDimensionSix,TASK_COMPLETE,SUCCESS,INFO,413,413,0,,2026-08-29T19:04:49.126Z,2026-08-29T20:54:41.421Z,6592,2026-08-29T20:54:41.421Z,V19,Jackson,dd7385f2-fbd4-41a4-afcd-7296aca5e198,SAMMS-JacksonV5
202608292054380922,202608291904436117,202608291904434406,85,1129,Bronze INV,br_AdmissionAssessmentDimensionSix,TASK_COMPLETE,SUCCESS,INFO,479,479,0,,2026-08-29T19:04:49.126Z,2026-08-29T20:54:41.421Z,6592,2026-08-29T20:54:41.421Z,V20,Paris,dd7385f2-fbd4-41a4-afcd-7296aca5e198,SAMMS-ParisV5
202608292054380923,202608291904436118,202608291904434406,85,1130,Bronze INV,br_AdmissionAssessmentDimensionSix,TASK_COMPLETE,SUCCESS,INFO,353,353,0,,2026-08-29T19:04:49.126Z,2026-08-29T20:54:41.421Z,6592,2026-08-29T20:54:41.421Z,V21,Memphis North,dd7385f2-fbd4-41a4-afcd-7296aca5e198,SAMMS-RaleighV5
202608292054380925,202608291904436119,202608291904434406,85,1133,Bronze INV,br_AdmissionAssessmentDimensionSix,TASK_COMPLETE,SUCCESS,INFO,698,698,0,,2026-08-29T19:04:49.126Z,2026-08-29T20:54:41.421Z,6592,2026-08-29T20:54:41.421Z,V5,West Bank,dd7385f2-fbd4-41a4-afcd-7296aca5e198,SAMMS-NONTCv5
202608292054380926,202608291904436120,202608291904434406,85,1135,Bronze INV,br_AdmissionAssessmentDimensionSix,TASK_COMPLETE,SUCCESS,INFO,250,250,0,,2026-08-29T19:04:49.126Z,2026-08-29T20:54:41.421Z,6592,2026-08-29T20:54:41.421Z,V5B,Houma,dd7385f2-fbd4-41a4-afcd-7296aca5e198,SAMMS-HoumaV6
202608292054380927,202608291904436121,202608291904434406,85,1136,Bronze INV,br_AdmissionAssessmentDimensionSix,TASK_COMPLETE,SUCCESS,INFO,948,948,0,,2026-08-29T19:04:49.126Z,2026-08-29T20:54:41.421Z,6592,2026-08-29T20:54:41.421Z,V6,Lake Charles,dd7385f2-fbd4-41a4-afcd-7296aca5e198,SAMMS-LCv5
202608292054380928,202608291904436122,202608291904434406,85,1138,Bronze INV,br_AdmissionAssessmentDimensionSix,TASK_COMPLETE,SUCCESS,INFO,562,562,0,,2026-08-29T19:04:49.126Z,2026-08-29T20:54:41.421Z,6592,2026-08-29T20:54:41.421Z,V8,Memphis Midtown,dd7385f2-fbd4-41a4-afcd-7296aca5e198,SAMMS-VCPHCS-VIII-MemphisV5
202608292054380929,202608291904436123,202608291904434406,85,1139,Bronze INV,br_AdmissionAssessmentDimensionSix,TASK_COMPLETE,SUCCESS,INFO,1568,1568,0,,2026-08-29T19:04:49.126Z,2026-08-29T20:54:41.421Z,6592,2026-08-29T20:54:41.421Z,V9,Nashville,dd7385f2-fbd4-41a4-afcd-7296aca5e198,SAMMS-NashvilleV5
202608292054380930,202608291904436124,202608291904434406,85,1140,Bronze INV,br_AdmissionAssessmentDimensionSix,TASK_COMPLETE,SUCCESS,INFO,329,329,0,,2026-08-29T19:04:49.126Z,2026-08-29T20:54:41.421Z,6592,2026-08-29T20:54:41.421Z,VBRA,Brainerd,dd7385f2-fbd4-41a4-afcd-7296aca5e198,SAMMS-BrainerdV6
202608292054380932,202608291904436125,202608291904434406,85,1141,Bronze INV,br_AdmissionAssessmentDimensionSix,TASK_COMPLETE,SUCCESS,INFO,585,585,0,,2026-08-29T19:04:49.126Z,2026-08-29T20:54:41.421Z,6592,2026-08-29T20:54:41.421Z,VBRP,Brooklyn Park,dd7385f2-fbd4-41a4-afcd-7296aca5e198,SAMMS-BrooklynParkV6
202608292054380933,202608291904436126,202608291904434406,85,1143,Bronze INV,br_AdmissionAssessmentDimensionSix,TASK_COMPLETE,SUCCESS,INFO,567,567,0,,2026-08-29T19:04:49.126Z,2026-08-29T20:54:41.421Z,6592,2026-08-29T20:54:41.421Z,VMIN,Minneapolis,dd7385f2-fbd4-41a4-afcd-7296aca5e198,SAMMS-MinneapolisV6
202608312116373476,202608311905653871,202608311905652236,85,994,Bronze INV,br_AdmissionAssessmentDimensionSix,TASK_COMPLETE,SUCCESS,INFO,348,348,0,,2026-08-31T19:06:18.658Z,2026-08-31T21:16:41.151Z,7823,2026-08-31T21:16:41.151Z,B47,Mobile,79f5b39e-d314-4ad3-8050-3ace553d67de,SAMMS-MobileV5
202608312116373478,202608311905653872,202608311905652236,85,995,Bronze INV,br_AdmissionAssessmentDimensionSix,TASK_COMPLETE,SUCCESS,INFO,448,448,0,,2026-08-31T19:06:18.658Z,2026-08-31T21:16:41.151Z,7823,2026-08-31T21:16:41.151Z,B48,Tuscaloosa,79f5b39e-d314-4ad3-8050-3ace553d67de,SAMMS-TuscaloosaV5
202608312116373479,202608311905653873,202608311905652236,85,1004,Bronze INV,br_AdmissionAssessmentDimensionSix,TASK_COMPLETE,SUCCESS,INFO,313,313,0,,2026-08-31T19:06:18.658Z,2026-08-31T21:16:41.151Z,7823,2026-08-31T21:16:41.151Z,B51,N. Little Rock (OTP),79f5b39e-d314-4ad3-8050-3ace553d67de,SAMMS-NorthLittleRockV6
202608312116373480,202608311905653874,202608311905652236,85,1005,Bronze INV,br_AdmissionAssessmentDimensionSix,TASK_COMPLETE,SUCCESS,INFO,154,154,0,,2026-08-31T19:06:18.658Z,2026-08-31T21:16:41.151Z,7823,2026-08-31T21:16:41.151Z,B52,Jackson GA,79f5b39e-d314-4ad3-8050-3ace553d67de,SAMMS-JacksonGAV5
202608312116373481,202608311905653875,202608311905652236,85,1006,Bronze INV,br_AdmissionAssessmentDimensionSix,TASK_COMPLETE,SUCCESS,INFO,472,472,0,,2026-08-31T19:06:18.658Z,2026-08-31T21:16:41.151Z,7823,2026-08-31T21:16:41.151Z,B54,Gadsden,79f5b39e-d314-4ad3-8050-3ace553d67de,SAMMS-GadsdenV5
202608312116373482,202608311905653876,202608311905652236,85,1007,Bronze INV,br_AdmissionAssessmentDimensionSix,TASK_COMPLETE,SUCCESS,INFO,486,486,0,,2026-08-31T19:06:18.658Z,2026-08-31T21:16:41.151Z,7823,2026-08-31T21:16:41.151Z,B55,Shoals,79f5b39e-d314-4ad3-8050-3ace553d67de,SAMMS-ShoalsV5
202608312116373483,202608311905653877,202608311905652236,85,1008,Bronze INV,br_AdmissionAssessmentDimensionSix,TASK_COMPLETE,SUCCESS,INFO,172,172,0,,2026-08-31T19:06:18.658Z,2026-08-31T21:16:41.151Z,7823,2026-08-31T21:16:41.151Z,B57,Pawtucket,79f5b39e-d314-4ad3-8050-3ace553d67de,SAMMS-Pawtucket
202608312116373485,202608311905653878,202608311905652236,85,1009,Bronze INV,br_AdmissionAssessmentDimensionSix,TASK_COMPLETE,SUCCESS,INFO,169,169,0,,2026-08-31T19:06:18.658Z,2026-08-31T21:16:41.151Z,7823,2026-08-31T21:16:41.151Z,B57A,Johnston,79f5b39e-d314-4ad3-8050-3ace553d67de,SAMMS-Johnston
202608312116373486,202608311905653879,202608311905652236,85,1010,Bronze INV,br_AdmissionAssessmentDimensionSix,TASK_COMPLETE,SUCCESS,INFO,87,87,0,,2026-08-31T19:06:18.658Z,2026-08-31T21:16:41.151Z,7823,2026-08-31T21:16:41.151Z,B57B,Middletown,79f5b39e-d314-4ad3-8050-3ace553d67de,SAMMS-Middletown
202608312116373487,202608311905653880,202608311905652236,85,1011,Bronze INV,br_AdmissionAssessmentDimensionSix,TASK_COMPLETE,SUCCESS,INFO,176,176,0,,2026-08-31T19:06:18.658Z,2026-08-31T21:16:41.151Z,7823,2026-08-31T21:16:41.151Z,B57C,Providence,79f5b39e-d314-4ad3-8050-3ace553d67de,SAMMS-Providence
202608312116373488,202608311905653881,202608311905652236,85,1012,Bronze INV,br_AdmissionAssessmentDimensionSix,TASK_COMPLETE,SUCCESS,INFO,258,258,0,,2026-08-31T19:06:18.658Z,2026-08-31T21:16:41.151Z,7823,2026-08-31T21:16:41.151Z,B57D,Westerly,79f5b39e-d314-4ad3-8050-3ace553d67de,SAMMS-Westerly
202608312116373489,202608311905653882,202608311905652236,85,1016,Bronze INV,br_AdmissionAssessmentDimensionSix,TASK_COMPLETE,SUCCESS,INFO,364,364,0,,2026-08-31T19:06:18.658Z,2026-08-31T21:16:41.151Z,7823,2026-08-31T21:16:41.151Z,B66A,Bremen,79f5b39e-d314-4ad3-8050-3ace553d67de,SAMMS-Bremen
202608312116373490,202608311905653883,202608311905652236,85,1019,Bronze INV,br_AdmissionAssessmentDimensionSix,TASK_COMPLETE,SUCCESS,INFO,13,13,0,,2026-08-31T19:06:18.658Z,2026-08-31T21:16:41.151Z,7823,2026-08-31T21:16:41.151Z,B72,Mobile (OBOT),79f5b39e-d314-4ad3-8050-3ace553d67de,SAMMS-Mobile-OBOT
202608312116373491,202608311905653884,202608311905652236,85,1020,Bronze INV,br_AdmissionAssessmentDimensionSix,TASK_COMPLETE,SUCCESS,INFO,2,2,0,,2026-08-31T19:06:18.658Z,2026-08-31T21:16:41.151Z,7823,2026-08-31T21:16:41.151Z,B73,Montgomery,79f5b39e-d314-4ad3-8050-3ace553d67de,SAMMS-Montgomery
202608312116373492,202608311905653885,202608311905652236,85,1021,Bronze INV,br_AdmissionAssessmentDimensionSix,TASK_COMPLETE,SUCCESS,INFO,317,317,0,,2026-08-31T19:06:18.658Z,2026-08-31T21:16:41.151Z,7823,2026-08-31T21:16:41.151Z,B75,Lawrence,79f5b39e-d314-4ad3-8050-3ace553d67de,SAMMS-LawrenceV6
202608312116373493,202608311905653886,202608311905652236,85,1022,Bronze INV,br_AdmissionAssessmentDimensionSix,TASK_COMPLETE,SUCCESS,INFO,50,50,0,,2026-08-31T19:06:18.658Z,2026-08-31T21:16:41.151Z,7823,2026-08-31T21:16:41.151Z,B76,Huntsville OBOT,79f5b39e-d314-4ad3-8050-3ace553d67de,SAMMS-Huntsville-OBOT
202608312116373494,202608311905653887,202608311905652236,85,1023,Bronze INV,br_AdmissionAssessmentDimensionSix,TASK_COMPLETE,SUCCESS,INFO,300,300,0,,2026-08-31T19:06:18.658Z,2026-08-31T21:16:41.151Z,7823,2026-08-31T21:16:41.151Z,BAT,Batesville,79f5b39e-d314-4ad3-8050-3ace553d67de,SAMMS-Batesville
202608312116373495,202608311905653888,202608311905652236,85,1024,Bronze INV,br_AdmissionAssessmentDimensionSix,TASK_COMPLETE,SUCCESS,INFO,235,235,0,,2026-08-31T19:06:18.658Z,2026-08-31T21:16:41.151Z,7823,2026-08-31T21:16:41.151Z,BG,Bowling Green,79f5b39e-d314-4ad3-8050-3ace553d67de,SAMMS-BowlingGreen
202608312116373497,202608311905653889,202608311905652236,85,1025,Bronze INV,br_AdmissionAssessmentDimensionSix,TASK_COMPLETE,SUCCESS,INFO,216,216,0,,2026-08-31T19:06:18.658Z,2026-08-31T21:16:41.151Z,7823,2026-08-31T21:16:41.151Z,BOI,Boise,79f5b39e-d314-4ad3-8050-3ace553d67de,SAMMS-Boise
202608312116373498,202608311905653890,202608311905652236,85,1032,Bronze INV,br_AdmissionAssessmentDimensionSix,TASK_COMPLETE,SUCCESS,INFO,285,285,0,,2026-08-31T19:06:18.658Z,2026-08-31T21:16:41.151Z,7823,2026-08-31T21:16:41.151Z,CBCO,Coeur dAlene,79f5b39e-d314-4ad3-8050-3ace553d67de,SAMMS-CoeurdAleneV6
202608312116373499,202608311905653891,202608311905652236,85,1051,Bronze INV,br_AdmissionAssessmentDimensionSix,TASK_COMPLETE,SUCCESS,INFO,304,304,0,,2026-08-31T19:06:18.658Z,2026-08-31T21:16:41.151Z,7823,2026-08-31T21:16:41.151Z,CON,Conway,79f5b39e-d314-4ad3-8050-3ace553d67de,SAMMS-Conway
202608312116373500,202608311905653892,202608311905652236,85,1052,Bronze INV,br_AdmissionAssessmentDimensionSix,TASK_COMPLETE,SUCCESS,INFO,1539,1539,0,,2026-08-31T19:06:18.658Z,2026-08-31T21:16:41.151Z,7823,2026-08-31T21:16:41.151Z,D07,Medical Services Knox TN,79f5b39e-d314-4ad3-8050-3ace553d67de,SAMMS-KnoxvilleV6
202608312116373501,202608311905653893,202608311905652236,85,1053,Bronze INV,br_AdmissionAssessmentDimensionSix,TASK_COMPLETE,SUCCESS,INFO,958,958,0,,2026-08-31T19:06:18.658Z,2026-08-31T21:16:41.151Z,7823,2026-08-31T21:16:41.151Z,D08,Madison,79f5b39e-d314-4ad3-8050-3ace553d67de,SAMMS-MadisonV6
202608312116373502,202608311905653894,202608311905652236,85,1055,Bronze INV,br_AdmissionAssessmentDimensionSix,TASK_COMPLETE,SUCCESS,INFO,927,927,0,,2026-08-31T19:06:18.658Z,2026-08-31T21:16:41.151Z,7823,2026-08-31T21:16:41.151Z,D09,Murfreesboro,79f5b39e-d314-4ad3-8050-3ace553d67de,SAMMS-MurfreesboroV6
202608312116373503,202608311905653895,202608311905652236,85,1056,Bronze INV,br_AdmissionAssessmentDimensionSix,TASK_COMPLETE,SUCCESS,INFO,219,219,0,,2026-08-31T19:06:18.658Z,2026-08-31T21:16:41.151Z,7823,2026-08-31T21:16:41.151Z,DA,Davenport,79f5b39e-d314-4ad3-8050-3ace553d67de,SAMMS-Davenport
202608312116373504,202608311905653896,202608311905652236,85,1057,Bronze INV,br_AdmissionAssessmentDimensionSix,TASK_COMPLETE,SUCCESS,INFO,350,350,0,,2026-08-31T19:06:18.658Z,2026-08-31T21:16:41.151Z,7823,2026-08-31T21:16:41.151Z,DM,Des Moines,79f5b39e-d314-4ad3-8050-3ace553d67de,SAMMS-DesMoines
202608312116373505,202608311905653897,202608311905652236,85,1059,Bronze INV,br_AdmissionAssessmentDimensionSix,TASK_COMPLETE,SUCCESS,INFO,476,476,0,,2026-08-31T19:06:18.658Z,2026-08-31T21:16:41.151Z,7823,2026-08-31T21:16:41.151Z,DRD-CO,Columbia MO,79f5b39e-d314-4ad3-8050-3ace553d67de,SAMMS-ColumbiaV5
202608312116373507,202608311905653898,202608311905652236,85,1060,Bronze INV,br_AdmissionAssessmentDimensionSix,TASK_COMPLETE,SUCCESS,INFO,592,592,0,,2026-08-31T19:06:18.658Z,2026-08-31T21:16:41.151Z,7823,2026-08-31T21:16:41.151Z,DRD-KC,KC,79f5b39e-d314-4ad3-8050-3ace553d67de,SAMMS-KCv5
202608312116373508,202608311905653899,202608311905652236,85,1061,Bronze INV,br_AdmissionAssessmentDimensionSix,TASK_COMPLETE,SUCCESS,INFO,945,945,0,,2026-08-31T19:06:18.658Z,2026-08-31T21:16:41.151Z,7823,2026-08-31T21:16:41.151Z,DRD-KVB,KVB,79f5b39e-d314-4ad3-8050-3ace553d67de,SAMMS-KVBv5
202608312116373509,202608311905653900,202608311905652236,85,1062,Bronze INV,br_AdmissionAssessmentDimensionSix,TASK_COMPLETE,SUCCESS,INFO,1570,1570,0,,2026-08-31T19:06:18.658Z,2026-08-31T21:16:41.151Z,7823,2026-08-31T21:16:41.151Z,DRD-KVC,KVC,79f5b39e-d314-4ad3-8050-3ace553d67de,SAMMS-KVCv5
202608312116373510,202608311905653901,202608311905652236,85,1063,Bronze INV,br_AdmissionAssessmentDimensionSix,TASK_COMPLETE,SUCCESS,INFO,1253,1253,0,,2026-08-31T19:06:18.658Z,2026-08-31T21:16:41.151Z,7823,2026-08-31T21:16:41.151Z,DRD-NOLA,NOLA,79f5b39e-d314-4ad3-8050-3ace553d67de,SAMMS-NOLAv5
202608312116373511,202608311905653902,202608311905652236,85,1064,Bronze INV,br_AdmissionAssessmentDimensionSix,TASK_COMPLETE,SUCCESS,INFO,740,740,0,,2026-08-31T19:06:18.658Z,2026-08-31T21:16:41.151Z,7823,2026-08-31T21:16:41.151Z,DRD-SF,Springfield,79f5b39e-d314-4ad3-8050-3ace553d67de,SAMMS-SFv5
202608312116373512,202608311905653903,202608311905652236,85,1066,Bronze INV,br_AdmissionAssessmentDimensionSix,TASK_COMPLETE,SUCCESS,INFO,249,249,0,,2026-08-31T19:06:18.658Z,2026-08-31T21:16:41.151Z,7823,2026-08-31T21:16:41.151Z,ELC,Elizabeth City,79f5b39e-d314-4ad3-8050-3ace553d67de,SAMMS-ElizabethCity
202608312116373513,202608311905653904,202608311905652236,85,1067,Bronze INV,br_AdmissionAssessmentDimensionSix,TASK_COMPLETE,SUCCESS,INFO,260,260,0,,2026-08-31T19:06:18.658Z,2026-08-31T21:16:41.151Z,7823,2026-08-31T21:16:41.151Z,ET,Elizabethtown,79f5b39e-d314-4ad3-8050-3ace553d67de,SAMMS-Elizabethtown
202608312116373514,202608311905653905,202608311905652236,85,1068,Bronze INV,br_AdmissionAssessmentDimensionSix,TASK_COMPLETE,SUCCESS,INFO,228,228,0,,2026-08-31T19:06:18.658Z,2026-08-31T21:16:41.151Z,7823,2026-08-31T21:16:41.151Z,FAY,Fayetteville,79f5b39e-d314-4ad3-8050-3ace553d67de,SAMMS-Fayetteville
202608312116373515,202608311905653906,202608311905652236,85,1069,Bronze INV,br_AdmissionAssessmentDimensionSix,TASK_COMPLETE,SUCCESS,INFO,180,180,0,,2026-08-31T19:06:18.658Z,2026-08-31T21:16:41.151Z,7823,2026-08-31T21:16:41.151Z,FR,Frankfort,79f5b39e-d314-4ad3-8050-3ace553d67de,SAMMS-Frankfort
202608312116373516,202608311905653907,202608311905652236,85,1070,Bronze INV,br_AdmissionAssessmentDimensionSix,TASK_COMPLETE,SUCCESS,INFO,280,280,0,,2026-08-31T19:06:18.658Z,2026-08-31T21:16:41.151Z,7823,2026-08-31T21:16:41.151Z,FS,Fort Smith,79f5b39e-d314-4ad3-8050-3ace553d67de,SAMMS-FortSmith
202608312116373517,202608311905653908,202608311905652236,85,1071,Bronze INV,br_AdmissionAssessmentDimensionSix,TASK_COMPLETE,SUCCESS,INFO,683,683,0,,2026-08-31T19:06:18.658Z,2026-08-31T21:16:41.151Z,7823,2026-08-31T21:16:41.151Z,FW,Fort Wayne,79f5b39e-d314-4ad3-8050-3ace553d67de,SAMMS-FortWayne
202608312116373518,202608311905653909,202608311905652236,85,1072,Bronze INV,br_AdmissionAssessmentDimensionSix,TASK_COMPLETE,SUCCESS,INFO,103,103,0,,2026-08-31T19:06:18.658Z,2026-08-31T21:16:41.151Z,7823,2026-08-31T21:16:41.151Z,GAL,Gaylord,79f5b39e-d314-4ad3-8050-3ace553d67de,SAMMS-Gaylord
202608312116373520,202608311905653910,202608311905652236,85,1076,Bronze INV,br_AdmissionAssessmentDimensionSix,TASK_COMPLETE,SUCCESS,INFO,618,618,0,,2026-08-31T19:06:18.658Z,2026-08-31T21:16:41.151Z,7823,2026-08-31T21:16:41.151Z,HGT,Hagerstown,79f5b39e-d314-4ad3-8050-3ace553d67de,SAMMS-Hagerstown
202608312116373521,202608311905653911,202608311905652236,85,1077,Bronze INV,br_AdmissionAssessmentDimensionSix,TASK_COMPLETE,SUCCESS,INFO,468,468,0,,2026-08-31T19:06:18.658Z,2026-08-31T21:16:41.151Z,7823,2026-08-31T21:16:41.151Z,HNT,Huntsville,79f5b39e-d314-4ad3-8050-3ace553d67de,SAMMS-Huntsville
202608312116373522,202608311905653912,202608311905652236,85,1078,Bronze INV,br_AdmissionAssessmentDimensionSix,TASK_COMPLETE,SUCCESS,INFO,307,307,0,,2026-08-31T19:06:18.658Z,2026-08-31T21:16:41.151Z,7823,2026-08-31T21:16:41.151Z,HS,Hot Springs,79f5b39e-d314-4ad3-8050-3ace553d67de,SAMMS-HotSprings
202608312116373523,202608311905653913,202608311905652236,85,1079,Bronze INV,br_AdmissionAssessmentDimensionSix,TASK_COMPLETE,SUCCESS,INFO,266,266,0,,2026-08-31T19:06:18.658Z,2026-08-31T21:16:41.151Z,7823,2026-08-31T21:16:41.151Z,JON,Jonesboro,79f5b39e-d314-4ad3-8050-3ace553d67de,SAMMS-Jonesboro
202608312116373524,202608311905653914,202608311905652236,85,1081,Bronze INV,br_AdmissionAssessmentDimensionSix,TASK_COMPLETE,SUCCESS,INFO,154,154,0,,2026-08-31T19:06:18.658Z,2026-08-31T21:16:41.151Z,7823,2026-08-31T21:16:41.151Z,LAN,Lansing,79f5b39e-d314-4ad3-8050-3ace553d67de,SAMMS-Lansing
202608312116373525,202608311905653915,202608311905652236,85,1082,Bronze INV,br_AdmissionAssessmentDimensionSix,TASK_COMPLETE,SUCCESS,INFO,428,428,0,,2026-08-31T19:06:18.658Z,2026-08-31T21:16:41.151Z,7823,2026-08-31T21:16:41.151Z,LO,Louisville,79f5b39e-d314-4ad3-8050-3ace553d67de,SAMMS-Louisville
202608312116373526,202608311905653916,202608311905652236,85,1083,Bronze INV,br_AdmissionAssessmentDimensionSix,TASK_COMPLETE,SUCCESS,INFO,1155,1155,0,,2026-08-31T19:06:18.658Z,2026-08-31T21:16:41.151Z,7823,2026-08-31T21:16:41.151Z,LV1,Cheyenne,79f5b39e-d314-4ad3-8050-3ace553d67de,SAMMS-Cheyenne
202608312116373527,202608311905653917,202608311905652236,85,1084,Bronze INV,br_AdmissionAssessmentDimensionSix,TASK_COMPLETE,SUCCESS,INFO,930,930,0,,2026-08-31T19:06:18.658Z,2026-08-31T21:16:41.151Z,7823,2026-08-31T21:16:41.151Z,LV2,Desert Inn,79f5b39e-d314-4ad3-8050-3ace553d67de,SAMMS-DesertInn
202608312116373528,202608311905653918,202608311905652236,85,1085,Bronze INV,br_AdmissionAssessmentDimensionSix,TASK_COMPLETE,SUCCESS,INFO,307,307,0,,2026-08-31T19:06:18.658Z,2026-08-31T21:16:41.151Z,7823,2026-08-31T21:16:41.151Z,LV3,McDaniel,79f5b39e-d314-4ad3-8050-3ace553d67de,SAMMS-McDaniel
202608312116373529,202608311905653919,202608311905652236,85,1088,Bronze INV,br_AdmissionAssessmentDimensionSix,TASK_COMPLETE,SUCCESS,INFO,270,270,0,,2026-08-31T19:06:18.658Z,2026-08-31T21:16:41.151Z,7823,2026-08-31T21:16:41.151Z,MNRE,Monroe,79f5b39e-d314-4ad3-8050-3ace553d67de,SAMMS-Monroe
202608312116373530,202608311905653920,202608311905652236,85,1089,Bronze INV,br_AdmissionAssessmentDimensionSix,TASK_COMPLETE,SUCCESS,INFO,121,121,0,,2026-08-31T19:06:18.658Z,2026-08-31T21:16:41.151Z,7823,2026-08-31T21:16:41.151Z,MP,Mt. Pleasant,79f5b39e-d314-4ad3-8050-3ace553d67de,SAMMS-MtPleasant
202608312116373532,202608311905653921,202608311905652236,85,1090,Bronze INV,br_AdmissionAssessmentDimensionSix,TASK_COMPLETE,SUCCESS,INFO,173,173,0,,2026-08-31T19:06:18.658Z,2026-08-31T21:16:41.151Z,7823,2026-08-31T21:16:41.151Z,MRD,Meridian,79f5b39e-d314-4ad3-8050-3ace553d67de,SAMMS-Meridian
202608312116373533,202608311905653922,202608311905652236,85,1095,Bronze INV,br_AdmissionAssessmentDimensionSix,TASK_COMPLETE,SUCCESS,INFO,628,628,0,,2026-08-31T19:06:18.658Z,2026-08-31T21:16:41.151Z,7823,2026-08-31T21:16:41.151Z,NC,North Charleston,79f5b39e-d314-4ad3-8050-3ace553d67de,SAMMS-NorthCharleston
202608312116373534,202608311905653923,202608311905652236,85,1096,Bronze INV,br_AdmissionAssessmentDimensionSix,TASK_COMPLETE,SUCCESS,INFO,572,572,0,,2026-08-31T19:06:18.658Z,2026-08-31T21:16:41.151Z,7823,2026-08-31T21:16:41.151Z,NLR,N. Little Rock,79f5b39e-d314-4ad3-8050-3ace553d67de,SAMMS-NLROBOT
202608312116373535,202608311905653924,202608311905652236,85,1097,Bronze INV,br_AdmissionAssessmentDimensionSix,TASK_COMPLETE,SUCCESS,INFO,234,234,0,,2026-08-31T19:06:18.658Z,2026-08-31T21:16:41.151Z,7823,2026-08-31T21:16:41.151Z,PH,Phoenix,79f5b39e-d314-4ad3-8050-3ace553d67de,SAMMS-Phoenix
202608312116373536,202608311905653925,202608311905652236,85,1101,Bronze INV,br_AdmissionAssessmentDimensionSix,TASK_COMPLETE,SUCCESS,INFO,405,405,0,,2026-08-31T19:06:18.658Z,2026-08-31T21:16:41.151Z,7823,2026-08-31T21:16:41.151Z,RE,Reno,79f5b39e-d314-4ad3-8050-3ace553d67de,SAMMS-Reno
202608312116373537,202608311905653926,202608311905652236,85,1102,Bronze INV,br_AdmissionAssessmentDimensionSix,TASK_COMPLETE,SUCCESS,INFO,387,387,0,,2026-08-31T19:06:18.658Z,2026-08-31T21:16:41.151Z,7823,2026-08-31T21:16:41.151Z,RMD,Richmond,79f5b39e-d314-4ad3-8050-3ace553d67de,SAMMS-Richmond
202608312116373538,202608311905653927,202608311905652236,85,1103,Bronze INV,br_AdmissionAssessmentDimensionSix,TASK_COMPLETE,SUCCESS,INFO,481,481,0,,2026-08-31T19:06:18.658Z,2026-08-31T21:16:41.151Z,7823,2026-08-31T21:16:41.151Z,SFN,Springfield North,79f5b39e-d314-4ad3-8050-3ace553d67de,SAMMS-SFNv5
202608312116373539,202608311905653928,202608311905652236,85,1104,Bronze INV,br_AdmissionAssessmentDimensionSix,TASK_COMPLETE,SUCCESS,INFO,448,448,0,,2026-08-31T19:06:18.658Z,2026-08-31T21:16:41.151Z,7823,2026-08-31T21:16:41.151Z,SHP,Shreveport,79f5b39e-d314-4ad3-8050-3ace553d67de,SAMMS-Shreveport
202608312116373540,202608311905653929,202608311905652236,85,1106,Bronze INV,br_AdmissionAssessmentDimensionSix,TASK_COMPLETE,SUCCESS,INFO,81,81,0,,2026-08-31T19:06:18.658Z,2026-08-31T21:16:41.151Z,7823,2026-08-31T21:16:41.151Z,STN,Staunton,79f5b39e-d314-4ad3-8050-3ace553d67de,SAMMS-Staunton
202608312116373541,202608311905653930,202608311905652236,85,1107,Bronze INV,br_AdmissionAssessmentDimensionSix,TASK_COMPLETE,SUCCESS,INFO,53,53,0,,2026-08-31T19:06:18.658Z,2026-08-31T21:16:41.151Z,7823,2026-08-31T21:16:41.151Z,STVN,Stevenson,79f5b39e-d314-4ad3-8050-3ace553d67de,SAMMS-Stevenson
202608312116373543,202608311905653931,202608311905652236,85,1109,Bronze INV,br_AdmissionAssessmentDimensionSix,TASK_COMPLETE,SUCCESS,INFO,70,70,0,,2026-08-31T19:06:18.658Z,2026-08-31T21:16:41.151Z,7823,2026-08-31T21:16:41.151Z,TE,Tempe,79f5b39e-d314-4ad3-8050-3ace553d67de,SAMMS-Tempe
202608312116373544,202608311905653932,202608311905652236,85,1110,Bronze INV,br_AdmissionAssessmentDimensionSix,TASK_COMPLETE,SUCCESS,INFO,364,364,0,,2026-08-31T19:06:18.658Z,2026-08-31T21:16:41.151Z,7823,2026-08-31T21:16:41.151Z,TEX,Texarkana,79f5b39e-d314-4ad3-8050-3ace553d67de,SAMMS-Texarkana
202608312116373545,202608311905653933,202608311905652236,85,1111,Bronze INV,br_AdmissionAssessmentDimensionSix,TASK_COMPLETE,SUCCESS,INFO,415,415,0,,2026-08-31T19:06:18.658Z,2026-08-31T21:16:41.151Z,7823,2026-08-31T21:16:41.151Z,TTCA,Bessemer,79f5b39e-d314-4ad3-8050-3ace553d67de,SAMMS-BessemerV5
202608312116373546,202608311905653934,202608311905652236,85,1112,Bronze INV,br_AdmissionAssessmentDimensionSix,TASK_COMPLETE,SUCCESS,INFO,548,548,0,,2026-08-31T19:06:18.658Z,2026-08-31T21:16:41.151Z,7823,2026-08-31T21:16:41.151Z,TTCB,Cullman,79f5b39e-d314-4ad3-8050-3ace553d67de,SAMMS-CullmanV5
202608312116373547,202608311905653935,202608311905652236,85,1113,Bronze INV,br_AdmissionAssessmentDimensionSix,TASK_COMPLETE,SUCCESS,INFO,298,298,0,,2026-08-31T19:06:18.658Z,2026-08-31T21:16:41.151Z,7823,2026-08-31T21:16:41.151Z,TTCC,Grand Bay,79f5b39e-d314-4ad3-8050-3ace553d67de,SAMMS-GrandBay
202608312116373548,202608311905653936,202608311905652236,85,1114,Bronze INV,br_AdmissionAssessmentDimensionSix,TASK_COMPLETE,SUCCESS,INFO,20,20,0,,2026-08-31T19:06:18.658Z,2026-08-31T21:16:41.151Z,7823,2026-08-31T21:16:41.151Z,TU,Tucson,79f5b39e-d314-4ad3-8050-3ace553d67de,SAMMS-Tucson
202608312116373549,202608311905653937,202608311905652236,85,1116,Bronze INV,br_AdmissionAssessmentDimensionSix,TASK_COMPLETE,SUCCESS,INFO,250,250,0,,2026-08-31T19:06:18.658Z,2026-08-31T21:16:41.151Z,7823,2026-08-31T21:16:41.151Z,V1,Memphis South,79f5b39e-d314-4ad3-8050-3ace553d67de,SAMMS-VCPHCS-I-MemphisV5
202608312116373550,202608311905653938,202608311905652236,85,1117,Bronze INV,br_AdmissionAssessmentDimensionSix,TASK_COMPLETE,SUCCESS,INFO,691,691,0,,2026-08-31T19:06:18.658Z,2026-08-31T21:16:41.151Z,7823,2026-08-31T21:16:41.151Z,V10,Longmont,79f5b39e-d314-4ad3-8050-3ace553d67de,SAMMS-BoulderV5
202608312116373551,202608311905653939,202608311905652236,85,1118,Bronze INV,br_AdmissionAssessmentDimensionSix,TASK_COMPLETE,SUCCESS,INFO,1189,1189,0,,2026-08-31T19:06:18.658Z,2026-08-31T21:16:41.151Z,7823,2026-08-31T21:16:41.151Z,V10A,Fort Collins,79f5b39e-d314-4ad3-8050-3ace553d67de,SAMMS-FortCollinsV5
202608312116373553,202608311905653940,202608311905652236,85,1119,Bronze INV,br_AdmissionAssessmentDimensionSix,TASK_COMPLETE,SUCCESS,INFO,992,992,0,,2026-08-31T19:06:18.658Z,2026-08-31T21:16:41.151Z,7823,2026-08-31T21:16:41.151Z,V11,Westminster,79f5b39e-d314-4ad3-8050-3ace553d67de,SAMMS-VCPHCS-XI-NorthDenverV5
202608312116373554,202608311905653941,202608311905652236,85,1120,Bronze INV,br_AdmissionAssessmentDimensionSix,TASK_COMPLETE,SUCCESS,INFO,1045,1045,0,,2026-08-31T19:06:18.658Z,2026-08-31T21:16:41.151Z,7823,2026-08-31T21:16:41.151Z,V12,Downtown Denver,79f5b39e-d314-4ad3-8050-3ace553d67de,SAMMS-VCPHCS-XII-DowntownDenverV5
202608312116373555,202608311905653942,202608311905652236,85,1121,Bronze INV,br_AdmissionAssessmentDimensionSix,TASK_COMPLETE,SUCCESS,INFO,474,474,0,,2026-08-31T19:06:18.658Z,2026-08-31T21:16:41.151Z,7823,2026-08-31T21:16:41.151Z,V12A,Centennial,79f5b39e-d314-4ad3-8050-3ace553d67de,SAMMS-CentennialV5
202608312116373556,202608311905653943,202608311905652236,85,1122,Bronze INV,br_AdmissionAssessmentDimensionSix,TASK_COMPLETE,SUCCESS,INFO,293,293,0,,2026-08-31T19:06:18.658Z,2026-08-31T21:16:41.151Z,7823,2026-08-31T21:16:41.151Z,V14,Overland Park,79f5b39e-d314-4ad3-8050-3ace553d67de,SAMMS-VCPHCS-XIV-BridgewayV5
202608312116373557,202608311905653944,202608311905652236,85,1123,Bronze INV,br_AdmissionAssessmentDimensionSix,TASK_COMPLETE,SUCCESS,INFO,566,566,0,,2026-08-31T19:06:18.658Z,2026-08-31T21:16:41.151Z,7823,2026-08-31T21:16:41.151Z,V15,Joplin,79f5b39e-d314-4ad3-8050-3ace553d67de,SAMMS-JoplinV5
202608312116373558,202608311905653945,202608311905652236,85,1125,Bronze INV,br_AdmissionAssessmentDimensionSix,TASK_COMPLETE,SUCCESS,INFO,467,467,0,,2026-08-31T19:06:18.658Z,2026-08-31T21:16:41.151Z,7823,2026-08-31T21:16:41.151Z,V17,Columbia TN,79f5b39e-d314-4ad3-8050-3ace553d67de,SAMMS-ColumbiaTNv5
202608312116373559,202608311905653946,202608311905652236,85,1127,Bronze INV,br_AdmissionAssessmentDimensionSix,TASK_COMPLETE,SUCCESS,INFO,413,413,0,,2026-08-31T19:06:18.658Z,2026-08-31T21:16:41.151Z,7823,2026-08-31T21:16:41.151Z,V19,Jackson,79f5b39e-d314-4ad3-8050-3ace553d67de,SAMMS-JacksonV5
202608312116373560,202608311905653947,202608311905652236,85,1129,Bronze INV,br_AdmissionAssessmentDimensionSix,TASK_COMPLETE,SUCCESS,INFO,480,480,0,,2026-08-31T19:06:18.658Z,2026-08-31T21:16:41.151Z,7823,2026-08-31T21:16:41.151Z,V20,Paris,79f5b39e-d314-4ad3-8050-3ace553d67de,SAMMS-ParisV5
202608312116373561,202608311905653948,202608311905652236,85,1130,Bronze INV,br_AdmissionAssessmentDimensionSix,TASK_COMPLETE,SUCCESS,INFO,353,353,0,,2026-08-31T19:06:18.658Z,2026-08-31T21:16:41.151Z,7823,2026-08-31T21:16:41.151Z,V21,Memphis North,79f5b39e-d314-4ad3-8050-3ace553d67de,SAMMS-RaleighV5
202608312116373562,202608311905653949,202608311905652236,85,1133,Bronze INV,br_AdmissionAssessmentDimensionSix,TASK_COMPLETE,SUCCESS,INFO,698,698,0,,2026-08-31T19:06:18.658Z,2026-08-31T21:16:41.151Z,7823,2026-08-31T21:16:41.151Z,V5,West Bank,79f5b39e-d314-4ad3-8050-3ace553d67de,SAMMS-NONTCv5
202608312116373563,202608311905653950,202608311905652236,85,1135,Bronze INV,br_AdmissionAssessmentDimensionSix,TASK_COMPLETE,SUCCESS,INFO,250,250,0,,2026-08-31T19:06:18.658Z,2026-08-31T21:16:41.151Z,7823,2026-08-31T21:16:41.151Z,V5B,Houma,79f5b39e-d314-4ad3-8050-3ace553d67de,SAMMS-HoumaV6
202608312116373565,202608311905653951,202608311905652236,85,1136,Bronze INV,br_AdmissionAssessmentDimensionSix,TASK_COMPLETE,SUCCESS,INFO,948,948,0,,2026-08-31T19:06:18.658Z,2026-08-31T21:16:41.151Z,7823,2026-08-31T21:16:41.151Z,V6,Lake Charles,79f5b39e-d314-4ad3-8050-3ace553d67de,SAMMS-LCv5
202608312116373566,202608311905653952,202608311905652236,85,1138,Bronze INV,br_AdmissionAssessmentDimensionSix,TASK_COMPLETE,SUCCESS,INFO,563,563,0,,2026-08-31T19:06:18.658Z,2026-08-31T21:16:41.151Z,7823,2026-08-31T21:16:41.151Z,V8,Memphis Midtown,79f5b39e-d314-4ad3-8050-3ace553d67de,SAMMS-VCPHCS-VIII-MemphisV5
202608312116373567,202608311905653953,202608311905652236,85,1139,Bronze INV,br_AdmissionAssessmentDimensionSix,TASK_COMPLETE,SUCCESS,INFO,1568,1568,0,,2026-08-31T19:06:18.658Z,2026-08-31T21:16:41.151Z,7823,2026-08-31T21:16:41.151Z,V9,Nashville,79f5b39e-d314-4ad3-8050-3ace553d67de,SAMMS-NashvilleV5
202608312116373568,202608311905653954,202608311905652236,85,1140,Bronze INV,br_AdmissionAssessmentDimensionSix,TASK_COMPLETE,SUCCESS,INFO,329,329,0,,2026-08-31T19:06:18.658Z,2026-08-31T21:16:41.151Z,7823,2026-08-31T21:16:41.151Z,VBRA,Brainerd,79f5b39e-d314-4ad3-8050-3ace553d67de,SAMMS-BrainerdV6
202608312116373569,202608311905653955,202608311905652236,85,1141,Bronze INV,br_AdmissionAssessmentDimensionSix,TASK_COMPLETE,SUCCESS,INFO,585,585,0,,2026-08-31T19:06:18.658Z,2026-08-31T21:16:41.151Z,7823,2026-08-31T21:16:41.151Z,VBRP,Brooklyn Park,79f5b39e-d314-4ad3-8050-3ace553d67de,SAMMS-BrooklynParkV6
202608312116373570,202608311905653956,202608311905652236,85,1143,Bronze INV,br_AdmissionAssessmentDimensionSix,TASK_COMPLETE,SUCCESS,INFO,567,567,0,,2026-08-31T19:06:18.658Z,2026-08-31T21:16:41.151Z,7823,2026-08-31T21:16:41.151Z,VMIN,Minneapolis,79f5b39e-d314-4ad3-8050-3ace553d67de,SAMMS-MinneapolisV6
202609022122571544,202609021903207108,202609021903206075,85,782,Bronze INV,br_AdmissionAssessmentDimensionOneDisorder,TASK_COMPLETE,SUCCESS,INFO,116,116,0,,2026-09-02T19:03:39.838Z,2026-09-02T21:23:00.812Z,8361,2026-09-02T21:23:00.812Z,AHK,Ahoskie,c49685cc-3281-44bc-a1c2-3be5b1110999,SAMMS-Ahoskie
202609022122571545,202609021903207109,202609021903206075,85,783,Bronze INV,br_AdmissionAssessmentDimensionOneDisorder,TASK_COMPLETE,SUCCESS,INFO,809,809,0,,2026-09-02T19:03:39.838Z,2026-09-02T21:23:00.812Z,8361,2026-09-02T21:23:00.812Z,B12B,Colorado Springs,c49685cc-3281-44bc-a1c2-3be5b1110999,SAMMS-ColoradoSpringsV5
202609022122571547,202609021903207110,202609021903206075,85,784,Bronze INV,br_AdmissionAssessmentDimensionOneDisorder,TASK_COMPLETE,SUCCESS,INFO,432,432,0,,2026-09-02T19:03:39.838Z,2026-09-02T21:23:00.812Z,8361,2026-09-02T21:23:00.812Z,B24,Paintsville,c49685cc-3281-44bc-a1c2-3be5b1110999,SAMMS-PaintsvilleV5
202609022122571548,202609021903207111,202609021903206075,85,785,Bronze INV,br_AdmissionAssessmentDimensionOneDisorder,TASK_COMPLETE,SUCCESS,INFO,174,174,0,,2026-09-02T19:03:39.838Z,2026-09-02T21:23:00.812Z,8361,2026-09-02T21:23:00.812Z,B25,Pikeville,c49685cc-3281-44bc-a1c2-3be5b1110999,SAMMS-PikevilleV5
202609022122571549,202609021903207112,202609021903206075,85,786,Bronze INV,br_AdmissionAssessmentDimensionOneDisorder,TASK_COMPLETE,SUCCESS,INFO,500,500,0,,2026-09-02T19:03:39.838Z,2026-09-02T21:23:00.812Z,8361,2026-09-02T21:23:00.812Z,B26,Hazard,c49685cc-3281-44bc-a1c2-3be5b1110999,SAMMS-HazardV5
202609022122571550,202609021903207113,202609021903206075,85,787,Bronze INV,br_AdmissionAssessmentDimensionOneDisorder,TASK_COMPLETE,SUCCESS,INFO,198,198,0,,2026-09-02T19:03:39.838Z,2026-09-02T21:23:00.812Z,8361,2026-09-02T21:23:00.812Z,B27,Savannah,c49685cc-3281-44bc-a1c2-3be5b1110999,SAMMS-SavannahV6
202609022122571551,202609021903207114,202609021903206075,85,788,Bronze INV,br_AdmissionAssessmentDimensionOneDisorder,TASK_COMPLETE,SUCCESS,INFO,240,240,0,,2026-09-02T19:03:39.838Z,2026-09-02T21:23:00.812Z,8361,2026-09-02T21:23:00.812Z,B28,West Plains,c49685cc-3281-44bc-a1c2-3be5b1110999,SAMMS-WestPlainesV5
202609022122571552,202609021903207115,202609021903206075,85,789,Bronze INV,br_AdmissionAssessmentDimensionOneDisorder,TASK_COMPLETE,SUCCESS,INFO,265,265,0,,2026-09-02T19:03:39.838Z,2026-09-02T21:23:00.812Z,8361,2026-09-02T21:23:00.812Z,B29,Poplar Bluff,c49685cc-3281-44bc-a1c2-3be5b1110999,SAMMS-PoplarBluffV5
202609022122571553,202609021903207116,202609021903206075,85,790,Bronze INV,br_AdmissionAssessmentDimensionOneDisorder,TASK_COMPLETE,SUCCESS,INFO,167,167,0,,2026-09-02T19:03:39.838Z,2026-09-02T21:23:00.812Z,8361,2026-09-02T21:23:00.812Z,B30,KC North,c49685cc-3281-44bc-a1c2-3be5b1110999,SAMMS-KCNv5
202609022122571554,202609021903207117,202609021903206075,85,791,Bronze INV,br_AdmissionAssessmentDimensionOneDisorder,TASK_COMPLETE,SUCCESS,INFO,387,387,0,,2026-09-02T19:03:39.838Z,2026-09-02T21:23:00.812Z,8361,2026-09-02T21:23:00.812Z,B31,Dyersburg,c49685cc-3281-44bc-a1c2-3be5b1110999,SAMMS-DyersburgV5
202609022122571555,202609021903207118,202609021903206075,85,793,Bronze INV,br_AdmissionAssessmentDimensionOneDisorder,TASK_COMPLETE,SUCCESS,INFO,216,216,0,,2026-09-02T19:03:39.838Z,2026-09-02T21:23:00.812Z,8361,2026-09-02T21:23:00.812Z,B33,Paducah,c49685cc-3281-44bc-a1c2-3be5b1110999,SAMMS-Paducah
202609022122571557,202609021903207119,202609021903206075,85,794,Bronze INV,br_AdmissionAssessmentDimensionOneDisorder,TASK_COMPLETE,SUCCESS,INFO,461,461,0,,2026-09-02T19:03:39.838Z,2026-09-02T21:23:00.812Z,8361,2026-09-02T21:23:00.812Z,B34,Corbin,c49685cc-3281-44bc-a1c2-3be5b1110999,SAMMS-CorbinV5
202609022122571558,202609021903207120,202609021903206075,85,795,Bronze INV,br_AdmissionAssessmentDimensionOneDisorder,TASK_COMPLETE,SUCCESS,INFO,738,738,0,,2026-09-02T19:03:39.838Z,2026-09-02T21:23:00.812Z,8361,2026-09-02T21:23:00.812Z,B35,Lexington,c49685cc-3281-44bc-a1c2-3be5b1110999,SAMMS-LexingtonV5
202609022122571559,202609021903207121,202609021903206075,85,796,Bronze INV,br_AdmissionAssessmentDimensionOneDisorder,TASK_COMPLETE,SUCCESS,INFO,354,354,0,,2026-09-02T19:03:39.838Z,2026-09-02T21:23:00.812Z,8361,2026-09-02T21:23:00.812Z,B35A,Berea,c49685cc-3281-44bc-a1c2-3be5b1110999,SAMMS-BereaV5
202609022122571560,202609021903207122,202609021903206075,85,797,Bronze INV,br_AdmissionAssessmentDimensionOneDisorder,TASK_COMPLETE,SUCCESS,INFO,636,636,0,,2026-09-02T19:03:39.838Z,2026-09-02T21:23:00.812Z,8361,2026-09-02T21:23:00.812Z,B36,Asheville,c49685cc-3281-44bc-a1c2-3be5b1110999,SAMMS-AshevilleV5
202609022122571561,202609021903207123,202609021903206075,85,798,Bronze INV,br_AdmissionAssessmentDimensionOneDisorder,TASK_COMPLETE,SUCCESS,INFO,471,471,0,,2026-09-02T19:03:39.838Z,2026-09-02T21:23:00.812Z,8361,2026-09-02T21:23:00.812Z,B37,Clyde,c49685cc-3281-44bc-a1c2-3be5b1110999,SAMMS-ClydeV5
202609022122571562,202609021903207124,202609021903206075,85,799,Bronze INV,br_AdmissionAssessmentDimensionOneDisorder,TASK_COMPLETE,SUCCESS,INFO,644,644,0,,2026-09-02T19:03:39.838Z,2026-09-02T21:23:00.812Z,8361,2026-09-02T21:23:00.812Z,B38,Spartanburg,c49685cc-3281-44bc-a1c2-3be5b1110999,SAMMS-SpartanburgV5
202609022122571563,202609021903207125,202609021903206075,85,800,Bronze INV,br_AdmissionAssessmentDimensionOneDisorder,TASK_COMPLETE,SUCCESS,INFO,497,497,0,,2026-09-02T19:03:39.838Z,2026-09-02T21:23:00.812Z,8361,2026-09-02T21:23:00.812Z,B39,Aiken,c49685cc-3281-44bc-a1c2-3be5b1110999,SAMMS-AikenV5
202609022122571565,202609021903207126,202609021903206075,85,801,Bronze INV,br_AdmissionAssessmentDimensionOneDisorder,TASK_COMPLETE,SUCCESS,INFO,329,329,0,,2026-09-02T19:03:39.838Z,2026-09-02T21:23:00.812Z,8361,2026-09-02T21:23:00.812Z,B41,Chesapeake,c49685cc-3281-44bc-a1c2-3be5b1110999,SAMMS-ChesapeakeV5
202609022122571566,202609021903207127,202609021903206075,85,802,Bronze INV,br_AdmissionAssessmentDimensionOneDisorder,TASK_COMPLETE,SUCCESS,INFO,562,562,0,,2026-09-02T19:03:39.838Z,2026-09-02T21:23:00.812Z,8361,2026-09-02T21:23:00.812Z,B42,Virginia Beach,c49685cc-3281-44bc-a1c2-3be5b1110999,SAMMS-VirginiaBeachV5
202609022122571567,202609021903207128,202609021903206075,85,803,Bronze INV,br_AdmissionAssessmentDimensionOneDisorder,TASK_COMPLETE,SUCCESS,INFO,170,170,0,,2026-09-02T19:03:39.838Z,2026-09-02T21:23:00.812Z,8361,2026-09-02T21:23:00.812Z,B42A,Newport News,c49685cc-3281-44bc-a1c2-3be5b1110999,SAMMS-NewportNewsV5
202609022122571568,202609021903207129,202609021903206075,85,804,Bronze INV,br_AdmissionAssessmentDimensionOneDisorder,TASK_COMPLETE,SUCCESS,INFO,61,61,0,,2026-09-02T19:03:39.838Z,2026-09-02T21:23:00.812Z,8361,2026-09-02T21:23:00.812Z,B42B,Franklin,c49685cc-3281-44bc-a1c2-3be5b1110999,SAMMS-FranklinV5
202609022122571569,202609021903207130,202609021903206075,85,805,Bronze INV,br_AdmissionAssessmentDimensionOneDisorder,TASK_COMPLETE,SUCCESS,INFO,351,351,0,,2026-09-02T19:03:39.838Z,2026-09-02T21:23:00.812Z,8361,2026-09-02T21:23:00.812Z,B42C,Glen Allen,c49685cc-3281-44bc-a1c2-3be5b1110999,SAMMS-GlenAllenV5
202609022122571570,202609021903207131,202609021903206075,85,806,Bronze INV,br_AdmissionAssessmentDimensionOneDisorder,TASK_COMPLETE,SUCCESS,INFO,174,174,0,,2026-09-02T19:03:39.838Z,2026-09-02T21:23:00.812Z,8361,2026-09-02T21:23:00.812Z,B42D,Chesapeake South,c49685cc-3281-44bc-a1c2-3be5b1110999,SAMMS-ChesapeakeSouthV5
202609022122571571,202609021903207132,202609021903206075,85,807,Bronze INV,br_AdmissionAssessmentDimensionOneDisorder,TASK_COMPLETE,SUCCESS,INFO,220,220,0,,2026-09-02T19:03:39.838Z,2026-09-02T21:23:00.812Z,8361,2026-09-02T21:23:00.812Z,B44,Albany,c49685cc-3281-44bc-a1c2-3be5b1110999,SAMMS-AlbanyV5
202609022122571572,202609021903207133,202609021903206075,85,808,Bronze INV,br_AdmissionAssessmentDimensionOneDisorder,TASK_COMPLETE,SUCCESS,INFO,314,314,0,,2026-09-02T19:03:39.838Z,2026-09-02T21:23:00.812Z,8361,2026-09-02T21:23:00.812Z,B45,Tifton,c49685cc-3281-44bc-a1c2-3be5b1110999,SAMMS-TiftonV5
202609022122571573,202609021903207134,202609021903206075,85,809,Bronze INV,br_AdmissionAssessmentDimensionOneDisorder,TASK_COMPLETE,SUCCESS,INFO,713,713,0,,2026-09-02T19:03:39.838Z,2026-09-02T21:23:00.812Z,8361,2026-09-02T21:23:00.812Z,B46,Washington DC,c49685cc-3281-44bc-a1c2-3be5b1110999,SAMMS-WashingtonDCv5
202609022122571574,202609021903207135,202609021903206075,85,810,Bronze INV,br_AdmissionAssessmentDimensionOneDisorder,TASK_COMPLETE,SUCCESS,INFO,395,395,0,,2026-09-02T19:03:39.838Z,2026-09-02T21:23:00.812Z,8361,2026-09-02T21:23:00.812Z,B47,Mobile,c49685cc-3281-44bc-a1c2-3be5b1110999,SAMMS-MobileV5
202609022122571575,202609021903207136,202609021903206075,85,811,Bronze INV,br_AdmissionAssessmentDimensionOneDisorder,TASK_COMPLETE,SUCCESS,INFO,481,481,0,,2026-09-02T19:03:39.838Z,2026-09-02T21:23:00.812Z,8361,2026-09-02T21:23:00.812Z,B48,Tuscaloosa,c49685cc-3281-44bc-a1c2-3be5b1110999,SAMMS-TuscaloosaV5
202609022122571577,202609021903207137,202609021903206075,85,820,Bronze INV,br_AdmissionAssessmentDimensionOneDisorder,TASK_COMPLETE,SUCCESS,INFO,327,327,0,,2026-09-02T19:03:39.838Z,2026-09-02T21:23:00.812Z,8361,2026-09-02T21:23:00.812Z,B51,N. Little Rock (OTP),c49685cc-3281-44bc-a1c2-3be5b1110999,SAMMS-NorthLittleRockV6
202609022122571578,202609021903207138,202609021903206075,85,821,Bronze INV,br_AdmissionAssessmentDimensionOneDisorder,TASK_COMPLETE,SUCCESS,INFO,164,164,0,,2026-09-02T19:03:39.838Z,2026-09-02T21:23:00.812Z,8361,2026-09-02T21:23:00.812Z,B52,Jackson GA,c49685cc-3281-44bc-a1c2-3be5b1110999,SAMMS-JacksonGAV5
202609022122571579,202609021903207139,202609021903206075,85,822,Bronze INV,br_AdmissionAssessmentDimensionOneDisorder,TASK_COMPLETE,SUCCESS,INFO,515,515,0,,2026-09-02T19:03:39.838Z,2026-09-02T21:23:00.812Z,8361,2026-09-02T21:23:00.812Z,B54,Gadsden,c49685cc-3281-44bc-a1c2-3be5b1110999,SAMMS-GadsdenV5
202609022122571580,202609021903207140,202609021903206075,85,823,Bronze INV,br_AdmissionAssessmentDimensionOneDisorder,TASK_COMPLETE,SUCCESS,INFO,517,517,0,,2026-09-02T19:03:39.838Z,2026-09-02T21:23:00.812Z,8361,2026-09-02T21:23:00.812Z,B55,Shoals,c49685cc-3281-44bc-a1c2-3be5b1110999,SAMMS-ShoalsV5
202609022122571581,202609021903207141,202609021903206075,85,824,Bronze INV,br_AdmissionAssessmentDimensionOneDisorder,TASK_COMPLETE,SUCCESS,INFO,179,179,0,,2026-09-02T19:03:39.838Z,2026-09-02T21:23:00.812Z,8361,2026-09-02T21:23:00.812Z,B57,Pawtucket,c49685cc-3281-44bc-a1c2-3be5b1110999,SAMMS-Pawtucket
202609022122571582,202609021903207142,202609021903206075,85,825,Bronze INV,br_AdmissionAssessmentDimensionOneDisorder,TASK_COMPLETE,SUCCESS,INFO,176,176,0,,2026-09-02T19:03:39.838Z,2026-09-02T21:23:00.812Z,8361,2026-09-02T21:23:00.812Z,B57A,Johnston,c49685cc-3281-44bc-a1c2-3be5b1110999,SAMMS-Johnston
202609022122571583,202609021903207143,202609021903206075,85,826,Bronze INV,br_AdmissionAssessmentDimensionOneDisorder,TASK_COMPLETE,SUCCESS,INFO,100,100,0,,2026-09-02T19:03:39.838Z,2026-09-02T21:23:00.812Z,8361,2026-09-02T21:23:00.812Z,B57B,Middletown,c49685cc-3281-44bc-a1c2-3be5b1110999,SAMMS-Middletown
202609022122571584,202609021903207144,202609021903206075,85,827,Bronze INV,br_AdmissionAssessmentDimensionOneDisorder,TASK_COMPLETE,SUCCESS,INFO,189,189,0,,2026-09-02T19:03:39.838Z,2026-09-02T21:23:00.812Z,8361,2026-09-02T21:23:00.812Z,B57C,Providence,c49685cc-3281-44bc-a1c2-3be5b1110999,SAMMS-Providence
202609022122571585,202609021903207145,202609021903206075,85,828,Bronze INV,br_AdmissionAssessmentDimensionOneDisorder,TASK_COMPLETE,SUCCESS,INFO,268,268,0,,2026-09-02T19:03:39.838Z,2026-09-02T21:23:00.812Z,8361,2026-09-02T21:23:00.812Z,B57D,Westerly,c49685cc-3281-44bc-a1c2-3be5b1110999,SAMMS-Westerly
202609022122571587,202609021903207146,202609021903206075,85,832,Bronze INV,br_AdmissionAssessmentDimensionOneDisorder,TASK_COMPLETE,SUCCESS,INFO,374,374,0,,2026-09-02T19:03:39.838Z,2026-09-02T21:23:00.812Z,8361,2026-09-02T21:23:00.812Z,B66A,Bremen,c49685cc-3281-44bc-a1c2-3be5b1110999,SAMMS-Bremen
202609022122571588,202609021903207147,202609021903206075,85,835,Bronze INV,br_AdmissionAssessmentDimensionOneDisorder,TASK_COMPLETE,SUCCESS,INFO,41,41,0,,2026-09-02T19:03:39.838Z,2026-09-02T21:23:00.812Z,8361,2026-09-02T21:23:00.812Z,B72,Mobile (OBOT),c49685cc-3281-44bc-a1c2-3be5b1110999,SAMMS-Mobile-OBOT
202609022122571589,202609021903207148,202609021903206075,85,836,Bronze INV,br_AdmissionAssessmentDimensionOneDisorder,TASK_COMPLETE,SUCCESS,INFO,4,4,0,,2026-09-02T19:03:39.838Z,2026-09-02T21:23:00.812Z,8361,2026-09-02T21:23:00.812Z,B73,Montgomery,c49685cc-3281-44bc-a1c2-3be5b1110999,SAMMS-Montgomery
202609022122571590,202609021903207149,202609021903206075,85,837,Bronze INV,br_AdmissionAssessmentDimensionOneDisorder,TASK_COMPLETE,SUCCESS,INFO,342,342,0,,2026-09-02T19:03:39.838Z,2026-09-02T21:23:00.812Z,8361,2026-09-02T21:23:00.812Z,B75,Lawrence,c49685cc-3281-44bc-a1c2-3be5b1110999,SAMMS-LawrenceV6
202609022122571591,202609021903207150,202609021903206075,85,838,Bronze INV,br_AdmissionAssessmentDimensionOneDisorder,TASK_COMPLETE,SUCCESS,INFO,54,54,0,,2026-09-02T19:03:39.838Z,2026-09-02T21:23:00.812Z,8361,2026-09-02T21:23:00.812Z,B76,Huntsville OBOT,c49685cc-3281-44bc-a1c2-3be5b1110999,SAMMS-Huntsville-OBOT
202609022122571592,202609021903207151,202609021903206075,85,839,Bronze INV,br_AdmissionAssessmentDimensionOneDisorder,TASK_COMPLETE,SUCCESS,INFO,308,308,0,,2026-09-02T19:03:39.838Z,2026-09-02T21:23:00.812Z,8361,2026-09-02T21:23:00.812Z,BAT,Batesville,c49685cc-3281-44bc-a1c2-3be5b1110999,SAMMS-Batesville
202609022122571593,202609021903207152,202609021903206075,85,840,Bronze INV,br_AdmissionAssessmentDimensionOneDisorder,TASK_COMPLETE,SUCCESS,INFO,245,245,0,,2026-09-02T19:03:39.838Z,2026-09-02T21:23:00.812Z,8361,2026-09-02T21:23:00.812Z,BG,Bowling Green,c49685cc-3281-44bc-a1c2-3be5b1110999,SAMMS-BowlingGreen
202609022122571594,202609021903207153,202609021903206075,85,841,Bronze INV,br_AdmissionAssessmentDimensionOneDisorder,TASK_COMPLETE,SUCCESS,INFO,235,235,0,,2026-09-02T19:03:39.838Z,2026-09-02T21:23:00.812Z,8361,2026-09-02T21:23:00.812Z,BOI,Boise,c49685cc-3281-44bc-a1c2-3be5b1110999,SAMMS-Boise
202609022122571595,202609021903207154,202609021903206075,85,848,Bronze INV,br_AdmissionAssessmentDimensionOneDisorder,TASK_COMPLETE,SUCCESS,INFO,309,309,0,,2026-09-02T19:03:39.838Z,2026-09-02T21:23:00.812Z,8361,2026-09-02T21:23:00.812Z,CBCO,Coeur dAlene,c49685cc-3281-44bc-a1c2-3be5b1110999,SAMMS-CoeurdAleneV6
202609022122571596,202609021903207155,202609021903206075,85,867,Bronze INV,br_AdmissionAssessmentDimensionOneDisorder,TASK_COMPLETE,SUCCESS,INFO,350,350,0,,2026-09-02T19:03:39.838Z,2026-09-02T21:23:00.812Z,8361,2026-09-02T21:23:00.812Z,CON,Conway,c49685cc-3281-44bc-a1c2-3be5b1110999,SAMMS-Conway
202609022122571598,202609021903207156,202609021903206075,85,868,Bronze INV,br_AdmissionAssessmentDimensionOneDisorder,TASK_COMPLETE,SUCCESS,INFO,1634,1634,0,,2026-09-02T19:03:39.838Z,2026-09-02T21:23:00.812Z,8361,2026-09-02T21:23:00.812Z,D07,Medical Services Knox TN,c49685cc-3281-44bc-a1c2-3be5b1110999,SAMMS-KnoxvilleV6
202609022122571599,202609021903207157,202609021903206075,85,869,Bronze INV,br_AdmissionAssessmentDimensionOneDisorder,TASK_COMPLETE,SUCCESS,INFO,1039,1039,0,,2026-09-02T19:03:39.838Z,2026-09-02T21:23:00.812Z,8361,2026-09-02T21:23:00.812Z,D08,Madison,c49685cc-3281-44bc-a1c2-3be5b1110999,SAMMS-MadisonV6
202609022122571600,202609021903207158,202609021903206075,85,871,Bronze INV,br_AdmissionAssessmentDimensionOneDisorder,TASK_COMPLETE,SUCCESS,INFO,985,985,0,,2026-09-02T19:03:39.838Z,2026-09-02T21:23:00.812Z,8361,2026-09-02T21:23:00.812Z,D09,Murfreesboro,c49685cc-3281-44bc-a1c2-3be5b1110999,SAMMS-MurfreesboroV6
202609022122571601,202609021903207159,202609021903206075,85,872,Bronze INV,br_AdmissionAssessmentDimensionOneDisorder,TASK_COMPLETE,SUCCESS,INFO,232,232,0,,2026-09-02T19:03:39.838Z,2026-09-02T21:23:00.812Z,8361,2026-09-02T21:23:00.812Z,DA,Davenport,c49685cc-3281-44bc-a1c2-3be5b1110999,SAMMS-Davenport
202609022122571602,202609021903207160,202609021903206075,85,873,Bronze INV,br_AdmissionAssessmentDimensionOneDisorder,TASK_COMPLETE,SUCCESS,INFO,365,365,0,,2026-09-02T19:03:39.838Z,2026-09-02T21:23:00.812Z,8361,2026-09-02T21:23:00.812Z,DM,Des Moines,c49685cc-3281-44bc-a1c2-3be5b1110999,SAMMS-DesMoines
202609022122571603,202609021903207161,202609021903206075,85,875,Bronze INV,br_AdmissionAssessmentDimensionOneDisorder,TASK_COMPLETE,SUCCESS,INFO,500,500,0,,2026-09-02T19:03:39.838Z,2026-09-02T21:23:00.812Z,8361,2026-09-02T21:23:00.812Z,DRD-CO,Columbia MO,c49685cc-3281-44bc-a1c2-3be5b1110999,SAMMS-ColumbiaV5
202609022122571604,202609021903207162,202609021903206075,85,876,Bronze INV,br_AdmissionAssessmentDimensionOneDisorder,TASK_COMPLETE,SUCCESS,INFO,615,615,0,,2026-09-02T19:03:39.838Z,2026-09-02T21:23:00.812Z,8361,2026-09-02T21:23:00.812Z,DRD-KC,KC,c49685cc-3281-44bc-a1c2-3be5b1110999,SAMMS-KCv5
202609022122571605,202609021903207163,202609021903206075,85,877,Bronze INV,br_AdmissionAssessmentDimensionOneDisorder,TASK_COMPLETE,SUCCESS,INFO,987,987,0,,2026-09-02T19:03:39.838Z,2026-09-02T21:23:00.812Z,8361,2026-09-02T21:23:00.812Z,DRD-KVB,KVB,c49685cc-3281-44bc-a1c2-3be5b1110999,SAMMS-KVBv5
202609022122571606,202609021903207164,202609021903206075,85,878,Bronze INV,br_AdmissionAssessmentDimensionOneDisorder,TASK_COMPLETE,SUCCESS,INFO,1612,1612,0,,2026-09-02T19:03:39.838Z,2026-09-02T21:23:00.812Z,8361,2026-09-02T21:23:00.812Z,DRD-KVC,KVC,c49685cc-3281-44bc-a1c2-3be5b1110999,SAMMS-KVCv5
202609022122571607,202609021903207165,202609021903206075,85,879,Bronze INV,br_AdmissionAssessmentDimensionOneDisorder,TASK_COMPLETE,SUCCESS,INFO,1273,1273,0,,2026-09-02T19:03:39.838Z,2026-09-02T21:23:00.812Z,8361,2026-09-02T21:23:00.812Z,DRD-NOLA,NOLA,c49685cc-3281-44bc-a1c2-3be5b1110999,SAMMS-NOLAv5
202609022122571608,202609021903207166,202609021903206075,85,880,Bronze INV,br_AdmissionAssessmentDimensionOneDisorder,TASK_COMPLETE,SUCCESS,INFO,786,786,0,,2026-09-02T19:03:39.838Z,2026-09-02T21:23:00.812Z,8361,2026-09-02T21:23:00.812Z,DRD-SF,Springfield,c49685cc-3281-44bc-a1c2-3be5b1110999,SAMMS-SFv5
202609022122571610,202609021903207167,202609021903206075,85,882,Bronze INV,br_AdmissionAssessmentDimensionOneDisorder,TASK_COMPLETE,SUCCESS,INFO,276,276,0,,2026-09-02T19:03:39.838Z,2026-09-02T21:23:00.812Z,8361,2026-09-02T21:23:00.812Z,ELC,Elizabeth City,c49685cc-3281-44bc-a1c2-3be5b1110999,SAMMS-ElizabethCity
202609022122571611,202609021903207168,202609021903206075,85,883,Bronze INV,br_AdmissionAssessmentDimensionOneDisorder,TASK_COMPLETE,SUCCESS,INFO,283,283,0,,2026-09-02T19:03:39.838Z,2026-09-02T21:23:00.812Z,8361,2026-09-02T21:23:00.812Z,ET,Elizabethtown,c49685cc-3281-44bc-a1c2-3be5b1110999,SAMMS-Elizabethtown
202609022122571612,202609021903207169,202609021903206075,85,884,Bronze INV,br_AdmissionAssessmentDimensionOneDisorder,TASK_COMPLETE,SUCCESS,INFO,237,237,0,,2026-09-02T19:03:39.838Z,2026-09-02T21:23:00.812Z,8361,2026-09-02T21:23:00.812Z,FAY,Fayetteville,c49685cc-3281-44bc-a1c2-3be5b1110999,SAMMS-Fayetteville
202609022122571613,202609021903207170,202609021903206075,85,885,Bronze INV,br_AdmissionAssessmentDimensionOneDisorder,TASK_COMPLETE,SUCCESS,INFO,185,185,0,,2026-09-02T19:03:39.838Z,2026-09-02T21:23:00.812Z,8361,2026-09-02T21:23:00.812Z,FR,Frankfort,c49685cc-3281-44bc-a1c2-3be5b1110999,SAMMS-Frankfort
202609022122571614,202609021903207171,202609021903206075,85,886,Bronze INV,br_AdmissionAssessmentDimensionOneDisorder,TASK_COMPLETE,SUCCESS,INFO,292,292,0,,2026-09-02T19:03:39.838Z,2026-09-02T21:23:00.812Z,8361,2026-09-02T21:23:00.812Z,FS,Fort Smith,c49685cc-3281-44bc-a1c2-3be5b1110999,SAMMS-FortSmith
202609022122571615,202609021903207172,202609021903206075,85,887,Bronze INV,br_AdmissionAssessmentDimensionOneDisorder,TASK_COMPLETE,SUCCESS,INFO,690,690,0,,2026-09-02T19:03:39.838Z,2026-09-02T21:23:00.812Z,8361,2026-09-02T21:23:00.812Z,FW,Fort Wayne,c49685cc-3281-44bc-a1c2-3be5b1110999,SAMMS-FortWayne
202609022122571616,202609021903207173,202609021903206075,85,888,Bronze INV,br_AdmissionAssessmentDimensionOneDisorder,TASK_COMPLETE,SUCCESS,INFO,124,124,0,,2026-09-02T19:03:39.838Z,2026-09-02T21:23:00.812Z,8361,2026-09-02T21:23:00.812Z,GAL,Gaylord,c49685cc-3281-44bc-a1c2-3be5b1110999,SAMMS-Gaylord
202609022122571617,202609021903207174,202609021903206075,85,892,Bronze INV,br_AdmissionAssessmentDimensionOneDisorder,TASK_COMPLETE,SUCCESS,INFO,635,635,0,,2026-09-02T19:03:39.838Z,2026-09-02T21:23:00.812Z,8361,2026-09-02T21:23:00.812Z,HGT,Hagerstown,c49685cc-3281-44bc-a1c2-3be5b1110999,SAMMS-Hagerstown
202609022122571618,202609021903207175,202609021903206075,85,893,Bronze INV,br_AdmissionAssessmentDimensionOneDisorder,TASK_COMPLETE,SUCCESS,INFO,502,502,0,,2026-09-02T19:03:39.838Z,2026-09-02T21:23:00.812Z,8361,2026-09-02T21:23:00.812Z,HNT,Huntsville,c49685cc-3281-44bc-a1c2-3be5b1110999,SAMMS-Huntsville
202609022122571619,202609021903207176,202609021903206075,85,894,Bronze INV,br_AdmissionAssessmentDimensionOneDisorder,TASK_COMPLETE,SUCCESS,INFO,361,361,0,,2026-09-02T19:03:39.838Z,2026-09-02T21:23:00.812Z,8361,2026-09-02T21:23:00.812Z,HS,Hot Springs,c49685cc-3281-44bc-a1c2-3be5b1110999,SAMMS-HotSprings
202609022122571621,202609021903207177,202609021903206075,85,895,Bronze INV,br_AdmissionAssessmentDimensionOneDisorder,TASK_COMPLETE,SUCCESS,INFO,268,268,0,,2026-09-02T19:03:39.838Z,2026-09-02T21:23:00.812Z,8361,2026-09-02T21:23:00.812Z,JON,Jonesboro,c49685cc-3281-44bc-a1c2-3be5b1110999,SAMMS-Jonesboro
202609022122571622,202609021903207178,202609021903206075,85,897,Bronze INV,br_AdmissionAssessmentDimensionOneDisorder,TASK_COMPLETE,SUCCESS,INFO,199,199,0,,2026-09-02T19:03:39.838Z,2026-09-02T21:23:00.812Z,8361,2026-09-02T21:23:00.812Z,LAN,Lansing,c49685cc-3281-44bc-a1c2-3be5b1110999,SAMMS-Lansing
202609022122571623,202609021903207179,202609021903206075,85,898,Bronze INV,br_AdmissionAssessmentDimensionOneDisorder,TASK_COMPLETE,SUCCESS,INFO,447,447,0,,2026-09-02T19:03:39.838Z,2026-09-02T21:23:00.812Z,8361,2026-09-02T21:23:00.812Z,LO,Louisville,c49685cc-3281-44bc-a1c2-3be5b1110999,SAMMS-Louisville
202609022122571624,202609021903207180,202609021903206075,85,899,Bronze INV,br_AdmissionAssessmentDimensionOneDisorder,TASK_COMPLETE,SUCCESS,INFO,1222,1222,0,,2026-09-02T19:03:39.838Z,2026-09-02T21:23:00.812Z,8361,2026-09-02T21:23:00.812Z,LV1,Cheyenne,c49685cc-3281-44bc-a1c2-3be5b1110999,SAMMS-Cheyenne
202609022122571625,202609021903207181,202609021903206075,85,900,Bronze INV,br_AdmissionAssessmentDimensionOneDisorder,TASK_COMPLETE,SUCCESS,INFO,965,965,0,,2026-09-02T19:03:39.838Z,2026-09-02T21:23:00.812Z,8361,2026-09-02T21:23:00.812Z,LV2,Desert Inn,c49685cc-3281-44bc-a1c2-3be5b1110999,SAMMS-DesertInn
202609022122571626,202609021903207182,202609021903206075,85,901,Bronze INV,br_AdmissionAssessmentDimensionOneDisorder,TASK_COMPLETE,SUCCESS,INFO,322,322,0,,2026-09-02T19:03:39.838Z,2026-09-02T21:23:00.812Z,8361,2026-09-02T21:23:00.812Z,LV3,McDaniel,c49685cc-3281-44bc-a1c2-3be5b1110999,SAMMS-McDaniel
202609022122571627,202609021903207183,202609021903206075,85,904,Bronze INV,br_AdmissionAssessmentDimensionOneDisorder,TASK_COMPLETE,SUCCESS,INFO,278,278,0,,2026-09-02T19:03:39.838Z,2026-09-02T21:23:00.812Z,8361,2026-09-02T21:23:00.812Z,MNRE,Monroe,c49685cc-3281-44bc-a1c2-3be5b1110999,SAMMS-Monroe
202609022122571628,202609021903207184,202609021903206075,85,905,Bronze INV,br_AdmissionAssessmentDimensionOneDisorder,TASK_COMPLETE,SUCCESS,INFO,195,195,0,,2026-09-02T19:03:39.838Z,2026-09-02T21:23:00.812Z,8361,2026-09-02T21:23:00.812Z,MP,Mt. Pleasant,c49685cc-3281-44bc-a1c2-3be5b1110999,SAMMS-MtPleasant
202609022122571629,202609021903207185,202609021903206075,85,906,Bronze INV,br_AdmissionAssessmentDimensionOneDisorder,TASK_COMPLETE,SUCCESS,INFO,177,177,0,,2026-09-02T19:03:39.838Z,2026-09-02T21:23:00.812Z,8361,2026-09-02T21:23:00.812Z,MRD,Meridian,c49685cc-3281-44bc-a1c2-3be5b1110999,SAMMS-Meridian
202609022122571630,202609021903207186,202609021903206075,85,911,Bronze INV,br_AdmissionAssessmentDimensionOneDisorder,TASK_COMPLETE,SUCCESS,INFO,648,648,0,,2026-09-02T19:03:39.838Z,2026-09-02T21:23:00.812Z,8361,2026-09-02T21:23:00.812Z,NC,North Charleston,c49685cc-3281-44bc-a1c2-3be5b1110999,SAMMS-NorthCharleston
202609022122571632,202609021903207187,202609021903206075,85,912,Bronze INV,br_AdmissionAssessmentDimensionOneDisorder,TASK_COMPLETE,SUCCESS,INFO,581,581,0,,2026-09-02T19:03:39.838Z,2026-09-02T21:23:00.812Z,8361,2026-09-02T21:23:00.812Z,NLR,N. Little Rock,c49685cc-3281-44bc-a1c2-3be5b1110999,SAMMS-NLROBOT
202609022122571633,202609021903207188,202609021903206075,85,913,Bronze INV,br_AdmissionAssessmentDimensionOneDisorder,TASK_COMPLETE,SUCCESS,INFO,245,245,0,,2026-09-02T19:03:39.838Z,2026-09-02T21:23:00.812Z,8361,2026-09-02T21:23:00.812Z,PH,Phoenix,c49685cc-3281-44bc-a1c2-3be5b1110999,SAMMS-Phoenix
202609022122571634,202609021903207189,202609021903206075,85,917,Bronze INV,br_AdmissionAssessmentDimensionOneDisorder,TASK_COMPLETE,SUCCESS,INFO,423,423,0,,2026-09-02T19:03:39.838Z,2026-09-02T21:23:00.812Z,8361,2026-09-02T21:23:00.812Z,RE,Reno,c49685cc-3281-44bc-a1c2-3be5b1110999,SAMMS-Reno
202609022122571635,202609021903207190,202609021903206075,85,918,Bronze INV,br_AdmissionAssessmentDimensionOneDisorder,TASK_COMPLETE,SUCCESS,INFO,402,402,0,,2026-09-02T19:03:39.838Z,2026-09-02T21:23:00.812Z,8361,2026-09-02T21:23:00.812Z,RMD,Richmond,c49685cc-3281-44bc-a1c2-3be5b1110999,SAMMS-Richmond
202609022122571636,202609021903207191,202609021903206075,85,919,Bronze INV,br_AdmissionAssessmentDimensionOneDisorder,TASK_COMPLETE,SUCCESS,INFO,508,508,0,,2026-09-02T19:03:39.838Z,2026-09-02T21:23:00.812Z,8361,2026-09-02T21:23:00.812Z,SFN,Springfield North,c49685cc-3281-44bc-a1c2-3be5b1110999,SAMMS-SFNv5
202609022122571637,202609021903207192,202609021903206075,85,920,Bronze INV,br_AdmissionAssessmentDimensionOneDisorder,TASK_COMPLETE,SUCCESS,INFO,463,463,0,,2026-09-02T19:03:39.838Z,2026-09-02T21:23:00.812Z,8361,2026-09-02T21:23:00.812Z,SHP,Shreveport,c49685cc-3281-44bc-a1c2-3be5b1110999,SAMMS-Shreveport
202609022122571638,202609021903207193,202609021903206075,85,922,Bronze INV,br_AdmissionAssessmentDimensionOneDisorder,TASK_COMPLETE,SUCCESS,INFO,86,86,0,,2026-09-02T19:03:39.838Z,2026-09-02T21:23:00.812Z,8361,2026-09-02T21:23:00.812Z,STN,Staunton,c49685cc-3281-44bc-a1c2-3be5b1110999,SAMMS-Staunton
202608292054380123,202608291904435439,202608291904434406,85,782,Bronze INV,br_AdmissionAssessmentDimensionOneDisorder,TASK_COMPLETE,SUCCESS,INFO,115,115,0,,2026-08-29T19:04:49.126Z,2026-08-29T20:54:41.421Z,6592,2026-08-29T20:54:41.421Z,AHK,Ahoskie,dd7385f2-fbd4-41a4-afcd-7296aca5e198,SAMMS-Ahoskie
202608292054380125,202608291904435440,202608291904434406,85,783,Bronze INV,br_AdmissionAssessmentDimensionOneDisorder,TASK_COMPLETE,SUCCESS,INFO,803,803,0,,2026-08-29T19:04:49.126Z,2026-08-29T20:54:41.421Z,6592,2026-08-29T20:54:41.421Z,B12B,Colorado Springs,dd7385f2-fbd4-41a4-afcd-7296aca5e198,SAMMS-ColoradoSpringsV5
202608292054380126,202608291904435441,202608291904434406,85,784,Bronze INV,br_AdmissionAssessmentDimensionOneDisorder,TASK_COMPLETE,SUCCESS,INFO,432,432,0,,2026-08-29T19:04:49.126Z,2026-08-29T20:54:41.421Z,6592,2026-08-29T20:54:41.421Z,B24,Paintsville,dd7385f2-fbd4-41a4-afcd-7296aca5e198,SAMMS-PaintsvilleV5
202608292054380127,202608291904435442,202608291904434406,85,785,Bronze INV,br_AdmissionAssessmentDimensionOneDisorder,TASK_COMPLETE,SUCCESS,INFO,174,174,0,,2026-08-29T19:04:49.126Z,2026-08-29T20:54:41.421Z,6592,2026-08-29T20:54:41.421Z,B25,Pikeville,dd7385f2-fbd4-41a4-afcd-7296aca5e198,SAMMS-PikevilleV5
202608292054380128,202608291904435443,202608291904434406,85,786,Bronze INV,br_AdmissionAssessmentDimensionOneDisorder,TASK_COMPLETE,SUCCESS,INFO,500,500,0,,2026-08-29T19:04:49.126Z,2026-08-29T20:54:41.421Z,6592,2026-08-29T20:54:41.421Z,B26,Hazard,dd7385f2-fbd4-41a4-afcd-7296aca5e198,SAMMS-HazardV5
202608292054380129,202608291904435444,202608291904434406,85,787,Bronze INV,br_AdmissionAssessmentDimensionOneDisorder,TASK_COMPLETE,SUCCESS,INFO,198,198,0,,2026-08-29T19:04:49.126Z,2026-08-29T20:54:41.421Z,6592,2026-08-29T20:54:41.421Z,B27,Savannah,dd7385f2-fbd4-41a4-afcd-7296aca5e198,SAMMS-SavannahV6
202608292054380130,202608291904435445,202608291904434406,85,788,Bronze INV,br_AdmissionAssessmentDimensionOneDisorder,TASK_COMPLETE,SUCCESS,INFO,238,238,0,,2026-08-29T19:04:49.126Z,2026-08-29T20:54:41.421Z,6592,2026-08-29T20:54:41.421Z,B28,West Plains,dd7385f2-fbd4-41a4-afcd-7296aca5e198,SAMMS-WestPlainesV5
202608292054380131,202608291904435446,202608291904434406,85,789,Bronze INV,br_AdmissionAssessmentDimensionOneDisorder,TASK_COMPLETE,SUCCESS,INFO,264,264,0,,2026-08-29T19:04:49.126Z,2026-08-29T20:54:41.421Z,6592,2026-08-29T20:54:41.421Z,B29,Poplar Bluff,dd7385f2-fbd4-41a4-afcd-7296aca5e198,SAMMS-PoplarBluffV5
202608292054380133,202608291904435447,202608291904434406,85,790,Bronze INV,br_AdmissionAssessmentDimensionOneDisorder,TASK_COMPLETE,SUCCESS,INFO,166,166,0,,2026-08-29T19:04:49.126Z,2026-08-29T20:54:41.421Z,6592,2026-08-29T20:54:41.421Z,B30,KC North,dd7385f2-fbd4-41a4-afcd-7296aca5e198,SAMMS-KCNv5
202608292054380134,202608291904435448,202608291904434406,85,791,Bronze INV,br_AdmissionAssessmentDimensionOneDisorder,TASK_COMPLETE,SUCCESS,INFO,387,387,0,,2026-08-29T19:04:49.126Z,2026-08-29T20:54:41.421Z,6592,2026-08-29T20:54:41.421Z,B31,Dyersburg,dd7385f2-fbd4-41a4-afcd-7296aca5e198,SAMMS-DyersburgV5
202608292054380135,202608291904435449,202608291904434406,85,793,Bronze INV,br_AdmissionAssessmentDimensionOneDisorder,TASK_COMPLETE,SUCCESS,INFO,216,216,0,,2026-08-29T19:04:49.126Z,2026-08-29T20:54:41.421Z,6592,2026-08-29T20:54:41.421Z,B33,Paducah,dd7385f2-fbd4-41a4-afcd-7296aca5e198,SAMMS-Paducah
202608292054380136,202608291904435450,202608291904434406,85,794,Bronze INV,br_AdmissionAssessmentDimensionOneDisorder,TASK_COMPLETE,SUCCESS,INFO,461,461,0,,2026-08-29T19:04:49.126Z,2026-08-29T20:54:41.421Z,6592,2026-08-29T20:54:41.421Z,B34,Corbin,dd7385f2-fbd4-41a4-afcd-7296aca5e198,SAMMS-CorbinV5
202608292054380138,202608291904435451,202608291904434406,85,795,Bronze INV,br_AdmissionAssessmentDimensionOneDisorder,TASK_COMPLETE,SUCCESS,INFO,738,738,0,,2026-08-29T19:04:49.126Z,2026-08-29T20:54:41.421Z,6592,2026-08-29T20:54:41.421Z,B35,Lexington,dd7385f2-fbd4-41a4-afcd-7296aca5e198,SAMMS-LexingtonV5
202608292054380139,202608291904435452,202608291904434406,85,796,Bronze INV,br_AdmissionAssessmentDimensionOneDisorder,TASK_COMPLETE,SUCCESS,INFO,354,354,0,,2026-08-29T19:04:49.126Z,2026-08-29T20:54:41.421Z,6592,2026-08-29T20:54:41.421Z,B35A,Berea,dd7385f2-fbd4-41a4-afcd-7296aca5e198,SAMMS-BereaV5
202608292054380140,202608291904435453,202608291904434406,85,797,Bronze INV,br_AdmissionAssessmentDimensionOneDisorder,TASK_COMPLETE,SUCCESS,INFO,633,633,0,,2026-08-29T19:04:49.126Z,2026-08-29T20:54:41.421Z,6592,2026-08-29T20:54:41.421Z,B36,Asheville,dd7385f2-fbd4-41a4-afcd-7296aca5e198,SAMMS-AshevilleV5
202608292054380141,202608291904435454,202608291904434406,85,798,Bronze INV,br_AdmissionAssessmentDimensionOneDisorder,TASK_COMPLETE,SUCCESS,INFO,471,471,0,,2026-08-29T19:04:49.126Z,2026-08-29T20:54:41.421Z,6592,2026-08-29T20:54:41.421Z,B37,Clyde,dd7385f2-fbd4-41a4-afcd-7296aca5e198,SAMMS-ClydeV5
202608292054380143,202608291904435455,202608291904434406,85,799,Bronze INV,br_AdmissionAssessmentDimensionOneDisorder,TASK_COMPLETE,SUCCESS,INFO,644,644,0,,2026-08-29T19:04:49.126Z,2026-08-29T20:54:41.421Z,6592,2026-08-29T20:54:41.421Z,B38,Spartanburg,dd7385f2-fbd4-41a4-afcd-7296aca5e198,SAMMS-SpartanburgV5
202608292054380144,202608291904435456,202608291904434406,85,800,Bronze INV,br_AdmissionAssessmentDimensionOneDisorder,TASK_COMPLETE,SUCCESS,INFO,495,495,0,,2026-08-29T19:04:49.126Z,2026-08-29T20:54:41.421Z,6592,2026-08-29T20:54:41.421Z,B39,Aiken,dd7385f2-fbd4-41a4-afcd-7296aca5e198,SAMMS-AikenV5
202608292054380145,202608291904435457,202608291904434406,85,801,Bronze INV,br_AdmissionAssessmentDimensionOneDisorder,TASK_COMPLETE,SUCCESS,INFO,329,329,0,,2026-08-29T19:04:49.126Z,2026-08-29T20:54:41.421Z,6592,2026-08-29T20:54:41.421Z,B41,Chesapeake,dd7385f2-fbd4-41a4-afcd-7296aca5e198,SAMMS-ChesapeakeV5
202608292054380146,202608291904435458,202608291904434406,85,802,Bronze INV,br_AdmissionAssessmentDimensionOneDisorder,TASK_COMPLETE,SUCCESS,INFO,562,562,0,,2026-08-29T19:04:49.126Z,2026-08-29T20:54:41.421Z,6592,2026-08-29T20:54:41.421Z,B42,Virginia Beach,dd7385f2-fbd4-41a4-afcd-7296aca5e198,SAMMS-VirginiaBeachV5
202608292054380147,202608291904435459,202608291904434406,85,803,Bronze INV,br_AdmissionAssessmentDimensionOneDisorder,TASK_COMPLETE,SUCCESS,INFO,170,170,0,,2026-08-29T19:04:49.126Z,2026-08-29T20:54:41.421Z,6592,2026-08-29T20:54:41.421Z,B42A,Newport News,dd7385f2-fbd4-41a4-afcd-7296aca5e198,SAMMS-NewportNewsV5
202608292054380148,202608291904435460,202608291904434406,85,804,Bronze INV,br_AdmissionAssessmentDimensionOneDisorder,TASK_COMPLETE,SUCCESS,INFO,61,61,0,,2026-08-29T19:04:49.126Z,2026-08-29T20:54:41.421Z,6592,2026-08-29T20:54:41.421Z,B42B,Franklin,dd7385f2-fbd4-41a4-afcd-7296aca5e198,SAMMS-FranklinV5
202608292054380149,202608291904435461,202608291904434406,85,805,Bronze INV,br_AdmissionAssessmentDimensionOneDisorder,TASK_COMPLETE,SUCCESS,INFO,351,351,0,,2026-08-29T19:04:49.126Z,2026-08-29T20:54:41.421Z,6592,2026-08-29T20:54:41.421Z,B42C,Glen Allen,dd7385f2-fbd4-41a4-afcd-7296aca5e198,SAMMS-GlenAllenV5
202608292054380151,202608291904435462,202608291904434406,85,806,Bronze INV,br_AdmissionAssessmentDimensionOneDisorder,TASK_COMPLETE,SUCCESS,INFO,174,174,0,,2026-08-29T19:04:49.126Z,2026-08-29T20:54:41.421Z,6592,2026-08-29T20:54:41.421Z,B42D,Chesapeake South,dd7385f2-fbd4-41a4-afcd-7296aca5e198,SAMMS-ChesapeakeSouthV5
202608292054380152,202608291904435463,202608291904434406,85,807,Bronze INV,br_AdmissionAssessmentDimensionOneDisorder,TASK_COMPLETE,SUCCESS,INFO,219,219,0,,2026-08-29T19:04:49.126Z,2026-08-29T20:54:41.421Z,6592,2026-08-29T20:54:41.421Z,B44,Albany,dd7385f2-fbd4-41a4-afcd-7296aca5e198,SAMMS-AlbanyV5
202608292054380153,202608291904435464,202608291904434406,85,808,Bronze INV,br_AdmissionAssessmentDimensionOneDisorder,TASK_COMPLETE,SUCCESS,INFO,312,312,0,,2026-08-29T19:04:49.126Z,2026-08-29T20:54:41.421Z,6592,2026-08-29T20:54:41.421Z,B45,Tifton,dd7385f2-fbd4-41a4-afcd-7296aca5e198,SAMMS-TiftonV5
202608292054380154,202608291904435465,202608291904434406,85,809,Bronze INV,br_AdmissionAssessmentDimensionOneDisorder,TASK_COMPLETE,SUCCESS,INFO,707,707,0,,2026-08-29T19:04:49.126Z,2026-08-29T20:54:41.421Z,6592,2026-08-29T20:54:41.421Z,B46,Washington DC,dd7385f2-fbd4-41a4-afcd-7296aca5e198,SAMMS-WashingtonDCv5
202608292054380155,202608291904435466,202608291904434406,85,810,Bronze INV,br_AdmissionAssessmentDimensionOneDisorder,TASK_COMPLETE,SUCCESS,INFO,394,394,0,,2026-08-29T19:04:49.126Z,2026-08-29T20:54:41.421Z,6592,2026-08-29T20:54:41.421Z,B47,Mobile,dd7385f2-fbd4-41a4-afcd-7296aca5e198,SAMMS-MobileV5
202608292054380156,202608291904435467,202608291904434406,85,811,Bronze INV,br_AdmissionAssessmentDimensionOneDisorder,TASK_COMPLETE,SUCCESS,INFO,480,480,0,,2026-08-29T19:04:49.126Z,2026-08-29T20:54:41.421Z,6592,2026-08-29T20:54:41.421Z,B48,Tuscaloosa,dd7385f2-fbd4-41a4-afcd-7296aca5e198,SAMMS-TuscaloosaV5
202608292054380157,202608291904435468,202608291904434406,85,820,Bronze INV,br_AdmissionAssessmentDimensionOneDisorder,TASK_COMPLETE,SUCCESS,INFO,323,323,0,,2026-08-29T19:04:49.126Z,2026-08-29T20:54:41.421Z,6592,2026-08-29T20:54:41.421Z,B51,N. Little Rock (OTP),dd7385f2-fbd4-41a4-afcd-7296aca5e198,SAMMS-NorthLittleRockV6
202608292054380159,202608291904435469,202608291904434406,85,821,Bronze INV,br_AdmissionAssessmentDimensionOneDisorder,TASK_COMPLETE,SUCCESS,INFO,164,164,0,,2026-08-29T19:04:49.126Z,2026-08-29T20:54:41.421Z,6592,2026-08-29T20:54:41.421Z,B52,Jackson GA,dd7385f2-fbd4-41a4-afcd-7296aca5e198,SAMMS-JacksonGAV5
202608292054380160,202608291904435470,202608291904434406,85,822,Bronze INV,br_AdmissionAssessmentDimensionOneDisorder,TASK_COMPLETE,SUCCESS,INFO,509,509,0,,2026-08-29T19:04:49.126Z,2026-08-29T20:54:41.421Z,6592,2026-08-29T20:54:41.421Z,B54,Gadsden,dd7385f2-fbd4-41a4-afcd-7296aca5e198,SAMMS-GadsdenV5
202608292054380161,202608291904435471,202608291904434406,85,823,Bronze INV,br_AdmissionAssessmentDimensionOneDisorder,TASK_COMPLETE,SUCCESS,INFO,517,517,0,,2026-08-29T19:04:49.126Z,2026-08-29T20:54:41.421Z,6592,2026-08-29T20:54:41.421Z,B55,Shoals,dd7385f2-fbd4-41a4-afcd-7296aca5e198,SAMMS-ShoalsV5
202608292054380162,202608291904435472,202608291904434406,85,824,Bronze INV,br_AdmissionAssessmentDimensionOneDisorder,TASK_COMPLETE,SUCCESS,INFO,178,178,0,,2026-08-29T19:04:49.126Z,2026-08-29T20:54:41.421Z,6592,2026-08-29T20:54:41.421Z,B57,Pawtucket,dd7385f2-fbd4-41a4-afcd-7296aca5e198,SAMMS-Pawtucket
202608292054380163,202608291904435473,202608291904434406,85,825,Bronze INV,br_AdmissionAssessmentDimensionOneDisorder,TASK_COMPLETE,SUCCESS,INFO,176,176,0,,2026-08-29T19:04:49.126Z,2026-08-29T20:54:41.421Z,6592,2026-08-29T20:54:41.421Z,B57A,Johnston,dd7385f2-fbd4-41a4-afcd-7296aca5e198,SAMMS-Johnston
202608292054380165,202608291904435474,202608291904434406,85,826,Bronze INV,br_AdmissionAssessmentDimensionOneDisorder,TASK_COMPLETE,SUCCESS,INFO,100,100,0,,2026-08-29T19:04:49.126Z,2026-08-29T20:54:41.421Z,6592,2026-08-29T20:54:41.421Z,B57B,Middletown,dd7385f2-fbd4-41a4-afcd-7296aca5e198,SAMMS-Middletown
202608292054380166,202608291904435475,202608291904434406,85,827,Bronze INV,br_AdmissionAssessmentDimensionOneDisorder,TASK_COMPLETE,SUCCESS,INFO,188,188,0,,2026-08-29T19:04:49.126Z,2026-08-29T20:54:41.421Z,6592,2026-08-29T20:54:41.421Z,B57C,Providence,dd7385f2-fbd4-41a4-afcd-7296aca5e198,SAMMS-Providence
202608292054380167,202608291904435476,202608291904434406,85,828,Bronze INV,br_AdmissionAssessmentDimensionOneDisorder,TASK_COMPLETE,SUCCESS,INFO,267,267,0,,2026-08-29T19:04:49.126Z,2026-08-29T20:54:41.421Z,6592,2026-08-29T20:54:41.421Z,B57D,Westerly,dd7385f2-fbd4-41a4-afcd-7296aca5e198,SAMMS-Westerly
202608292054380168,202608291904435477,202608291904434406,85,832,Bronze INV,br_AdmissionAssessmentDimensionOneDisorder,TASK_COMPLETE,SUCCESS,INFO,373,373,0,,2026-08-29T19:04:49.126Z,2026-08-29T20:54:41.421Z,6592,2026-08-29T20:54:41.421Z,B66A,Bremen,dd7385f2-fbd4-41a4-afcd-7296aca5e198,SAMMS-Bremen
202608292054380169,202608291904435478,202608291904434406,85,835,Bronze INV,br_AdmissionAssessmentDimensionOneDisorder,TASK_COMPLETE,SUCCESS,INFO,41,41,0,,2026-08-29T19:04:49.126Z,2026-08-29T20:54:41.421Z,6592,2026-08-29T20:54:41.421Z,B72,Mobile (OBOT),dd7385f2-fbd4-41a4-afcd-7296aca5e198,SAMMS-Mobile-OBOT
202608292054380170,202608291904435479,202608291904434406,85,836,Bronze INV,br_AdmissionAssessmentDimensionOneDisorder,TASK_COMPLETE,SUCCESS,INFO,4,4,0,,2026-08-29T19:04:49.126Z,2026-08-29T20:54:41.421Z,6592,2026-08-29T20:54:41.421Z,B73,Montgomery,dd7385f2-fbd4-41a4-afcd-7296aca5e198,SAMMS-Montgomery
202608292054380172,202608291904435480,202608291904434406,85,837,Bronze INV,br_AdmissionAssessmentDimensionOneDisorder,TASK_COMPLETE,SUCCESS,INFO,341,341,0,,2026-08-29T19:04:49.126Z,2026-08-29T20:54:41.421Z,6592,2026-08-29T20:54:41.421Z,B75,Lawrence,dd7385f2-fbd4-41a4-afcd-7296aca5e198,SAMMS-LawrenceV6
202608292054380173,202608291904435481,202608291904434406,85,838,Bronze INV,br_AdmissionAssessmentDimensionOneDisorder,TASK_COMPLETE,SUCCESS,INFO,54,54,0,,2026-08-29T19:04:49.126Z,2026-08-29T20:54:41.421Z,6592,2026-08-29T20:54:41.421Z,B76,Huntsville OBOT,dd7385f2-fbd4-41a4-afcd-7296aca5e198,SAMMS-Huntsville-OBOT
202608292054380174,202608291904435482,202608291904434406,85,839,Bronze INV,br_AdmissionAssessmentDimensionOneDisorder,TASK_COMPLETE,SUCCESS,INFO,306,306,0,,2026-08-29T19:04:49.126Z,2026-08-29T20:54:41.421Z,6592,2026-08-29T20:54:41.421Z,BAT,Batesville,dd7385f2-fbd4-41a4-afcd-7296aca5e198,SAMMS-Batesville
202608292054380175,202608291904435483,202608291904434406,85,840,Bronze INV,br_AdmissionAssessmentDimensionOneDisorder,TASK_COMPLETE,SUCCESS,INFO,245,245,0,,2026-08-29T19:04:49.126Z,2026-08-29T20:54:41.421Z,6592,2026-08-29T20:54:41.421Z,BG,Bowling Green,dd7385f2-fbd4-41a4-afcd-7296aca5e198,SAMMS-BowlingGreen
202608292054380176,202608291904435484,202608291904434406,85,841,Bronze INV,br_AdmissionAssessmentDimensionOneDisorder,TASK_COMPLETE,SUCCESS,INFO,234,234,0,,2026-08-29T19:04:49.126Z,2026-08-29T20:54:41.421Z,6592,2026-08-29T20:54:41.421Z,BOI,Boise,dd7385f2-fbd4-41a4-afcd-7296aca5e198,SAMMS-Boise
202608292054380177,202608291904435485,202608291904434406,85,848,Bronze INV,br_AdmissionAssessmentDimensionOneDisorder,TASK_COMPLETE,SUCCESS,INFO,307,307,0,,2026-08-29T19:04:49.126Z,2026-08-29T20:54:41.421Z,6592,2026-08-29T20:54:41.421Z,CBCO,Coeur dAlene,dd7385f2-fbd4-41a4-afcd-7296aca5e198,SAMMS-CoeurdAleneV6
202608292054380178,202608291904435486,202608291904434406,85,867,Bronze INV,br_AdmissionAssessmentDimensionOneDisorder,TASK_COMPLETE,SUCCESS,INFO,348,348,0,,2026-08-29T19:04:49.126Z,2026-08-29T20:54:41.421Z,6592,2026-08-29T20:54:41.421Z,CON,Conway,dd7385f2-fbd4-41a4-afcd-7296aca5e198,SAMMS-Conway
202608292054380180,202608291904435487,202608291904434406,85,868,Bronze INV,br_AdmissionAssessmentDimensionOneDisorder,TASK_COMPLETE,SUCCESS,INFO,1633,1633,0,,2026-08-29T19:04:49.126Z,2026-08-29T20:54:41.421Z,6592,2026-08-29T20:54:41.421Z,D07,Medical Services Knox TN,dd7385f2-fbd4-41a4-afcd-7296aca5e198,SAMMS-KnoxvilleV6
202608292054380181,202608291904435488,202608291904434406,85,869,Bronze INV,br_AdmissionAssessmentDimensionOneDisorder,TASK_COMPLETE,SUCCESS,INFO,1036,1036,0,,2026-08-29T19:04:49.126Z,2026-08-29T20:54:41.421Z,6592,2026-08-29T20:54:41.421Z,D08,Madison,dd7385f2-fbd4-41a4-afcd-7296aca5e198,SAMMS-MadisonV6
202608292054380182,202608291904435489,202608291904434406,85,871,Bronze INV,br_AdmissionAssessmentDimensionOneDisorder,TASK_COMPLETE,SUCCESS,INFO,983,983,0,,2026-08-29T19:04:49.126Z,2026-08-29T20:54:41.421Z,6592,2026-08-29T20:54:41.421Z,D09,Murfreesboro,dd7385f2-fbd4-41a4-afcd-7296aca5e198,SAMMS-MurfreesboroV6
202608292054380183,202608291904435490,202608291904434406,85,872,Bronze INV,br_AdmissionAssessmentDimensionOneDisorder,TASK_COMPLETE,SUCCESS,INFO,229,229,0,,2026-08-29T19:04:49.126Z,2026-08-29T20:54:41.421Z,6592,2026-08-29T20:54:41.421Z,DA,Davenport,dd7385f2-fbd4-41a4-afcd-7296aca5e198,SAMMS-Davenport
202608292054380184,202608291904435491,202608291904434406,85,873,Bronze INV,br_AdmissionAssessmentDimensionOneDisorder,TASK_COMPLETE,SUCCESS,INFO,364,364,0,,2026-08-29T19:04:49.126Z,2026-08-29T20:54:41.421Z,6592,2026-08-29T20:54:41.421Z,DM,Des Moines,dd7385f2-fbd4-41a4-afcd-7296aca5e198,SAMMS-DesMoines
202608292054380185,202608291904435492,202608291904434406,85,875,Bronze INV,br_AdmissionAssessmentDimensionOneDisorder,TASK_COMPLETE,SUCCESS,INFO,499,499,0,,2026-08-29T19:04:49.126Z,2026-08-29T20:54:41.421Z,6592,2026-08-29T20:54:41.421Z,DRD-CO,Columbia MO,dd7385f2-fbd4-41a4-afcd-7296aca5e198,SAMMS-ColumbiaV5
202608292054380187,202608291904435493,202608291904434406,85,876,Bronze INV,br_AdmissionAssessmentDimensionOneDisorder,TASK_COMPLETE,SUCCESS,INFO,614,614,0,,2026-08-29T19:04:49.126Z,2026-08-29T20:54:41.421Z,6592,2026-08-29T20:54:41.421Z,DRD-KC,KC,dd7385f2-fbd4-41a4-afcd-7296aca5e198,SAMMS-KCv5
202608292054380188,202608291904435494,202608291904434406,85,877,Bronze INV,br_AdmissionAssessmentDimensionOneDisorder,TASK_COMPLETE,SUCCESS,INFO,987,987,0,,2026-08-29T19:04:49.126Z,2026-08-29T20:54:41.421Z,6592,2026-08-29T20:54:41.421Z,DRD-KVB,KVB,dd7385f2-fbd4-41a4-afcd-7296aca5e198,SAMMS-KVBv5
202608292054380189,202608291904435495,202608291904434406,85,878,Bronze INV,br_AdmissionAssessmentDimensionOneDisorder,TASK_COMPLETE,SUCCESS,INFO,1608,1608,0,,2026-08-29T19:04:49.126Z,2026-08-29T20:54:41.421Z,6592,2026-08-29T20:54:41.421Z,DRD-KVC,KVC,dd7385f2-fbd4-41a4-afcd-7296aca5e198,SAMMS-KVCv5
202608292054380190,202608291904435496,202608291904434406,85,879,Bronze INV,br_AdmissionAssessmentDimensionOneDisorder,TASK_COMPLETE,SUCCESS,INFO,1273,1273,0,,2026-08-29T19:04:49.126Z,2026-08-29T20:54:41.421Z,6592,2026-08-29T20:54:41.421Z,DRD-NOLA,NOLA,dd7385f2-fbd4-41a4-afcd-7296aca5e198,SAMMS-NOLAv5
202608292054380191,202608291904435497,202608291904434406,85,880,Bronze INV,br_AdmissionAssessmentDimensionOneDisorder,TASK_COMPLETE,SUCCESS,INFO,780,780,0,,2026-08-29T19:04:49.126Z,2026-08-29T20:54:41.421Z,6592,2026-08-29T20:54:41.421Z,DRD-SF,Springfield,dd7385f2-fbd4-41a4-afcd-7296aca5e198,SAMMS-SFv5
202608292054380192,202608291904435498,202608291904434406,85,882,Bronze INV,br_AdmissionAssessmentDimensionOneDisorder,TASK_COMPLETE,SUCCESS,INFO,275,275,0,,2026-08-29T19:04:49.126Z,2026-08-29T20:54:41.421Z,6592,2026-08-29T20:54:41.421Z,ELC,Elizabeth City,dd7385f2-fbd4-41a4-afcd-7296aca5e198,SAMMS-ElizabethCity
202608292054380193,202608291904435499,202608291904434406,85,883,Bronze INV,br_AdmissionAssessmentDimensionOneDisorder,TASK_COMPLETE,SUCCESS,INFO,283,283,0,,2026-08-29T19:04:49.126Z,2026-08-29T20:54:41.421Z,6592,2026-08-29T20:54:41.421Z,ET,Elizabethtown,dd7385f2-fbd4-41a4-afcd-7296aca5e198,SAMMS-Elizabethtown
202608292054380195,202608291904435500,202608291904434406,85,884,Bronze INV,br_AdmissionAssessmentDimensionOneDisorder,TASK_COMPLETE,SUCCESS,INFO,237,237,0,,2026-08-29T19:04:49.126Z,2026-08-29T20:54:41.421Z,6592,2026-08-29T20:54:41.421Z,FAY,Fayetteville,dd7385f2-fbd4-41a4-afcd-7296aca5e198,SAMMS-Fayetteville
202608292054380196,202608291904435501,202608291904434406,85,885,Bronze INV,br_AdmissionAssessmentDimensionOneDisorder,TASK_COMPLETE,SUCCESS,INFO,185,185,0,,2026-08-29T19:04:49.126Z,2026-08-29T20:54:41.421Z,6592,2026-08-29T20:54:41.421Z,FR,Frankfort,dd7385f2-fbd4-41a4-afcd-7296aca5e198,SAMMS-Frankfort
202608292054380197,202608291904435502,202608291904434406,85,886,Bronze INV,br_AdmissionAssessmentDimensionOneDisorder,TASK_COMPLETE,SUCCESS,INFO,292,292,0,,2026-08-29T19:04:49.126Z,2026-08-29T20:54:41.421Z,6592,2026-08-29T20:54:41.421Z,FS,Fort Smith,dd7385f2-fbd4-41a4-afcd-7296aca5e198,SAMMS-FortSmith
202608292054380198,202608291904435503,202608291904434406,85,887,Bronze INV,br_AdmissionAssessmentDimensionOneDisorder,TASK_COMPLETE,SUCCESS,INFO,688,688,0,,2026-08-29T19:04:49.126Z,2026-08-29T20:54:41.421Z,6592,2026-08-29T20:54:41.421Z,FW,Fort Wayne,dd7385f2-fbd4-41a4-afcd-7296aca5e198,SAMMS-FortWayne
202608292054380199,202608291904435504,202608291904434406,85,888,Bronze INV,br_AdmissionAssessmentDimensionOneDisorder,TASK_COMPLETE,SUCCESS,INFO,124,124,0,,2026-08-29T19:04:49.126Z,2026-08-29T20:54:41.421Z,6592,2026-08-29T20:54:41.421Z,GAL,Gaylord,dd7385f2-fbd4-41a4-afcd-7296aca5e198,SAMMS-Gaylord
202608292054380200,202608291904435505,202608291904434406,85,892,Bronze INV,br_AdmissionAssessmentDimensionOneDisorder,TASK_COMPLETE,SUCCESS,INFO,633,633,0,,2026-08-29T19:04:49.126Z,2026-08-29T20:54:41.421Z,6592,2026-08-29T20:54:41.421Z,HGT,Hagerstown,dd7385f2-fbd4-41a4-afcd-7296aca5e198,SAMMS-Hagerstown
202608292054380201,202608291904435506,202608291904434406,85,893,Bronze INV,br_AdmissionAssessmentDimensionOneDisorder,TASK_COMPLETE,SUCCESS,INFO,491,491,0,,2026-08-29T19:04:49.126Z,2026-08-29T20:54:41.421Z,6592,2026-08-29T20:54:41.421Z,HNT,Huntsville,dd7385f2-fbd4-41a4-afcd-7296aca5e198,SAMMS-Huntsville
202608292054380203,202608291904435507,202608291904434406,85,894,Bronze INV,br_AdmissionAssessmentDimensionOneDisorder,TASK_COMPLETE,SUCCESS,INFO,358,358,0,,2026-08-29T19:04:49.126Z,2026-08-29T20:54:41.421Z,6592,2026-08-29T20:54:41.421Z,HS,Hot Springs,dd7385f2-fbd4-41a4-afcd-7296aca5e198,SAMMS-HotSprings
202608292054380204,202608291904435508,202608291904434406,85,895,Bronze INV,br_AdmissionAssessmentDimensionOneDisorder,TASK_COMPLETE,SUCCESS,INFO,268,268,0,,2026-08-29T19:04:49.126Z,2026-08-29T20:54:41.421Z,6592,2026-08-29T20:54:41.421Z,JON,Jonesboro,dd7385f2-fbd4-41a4-afcd-7296aca5e198,SAMMS-Jonesboro
202608292054380205,202608291904435509,202608291904434406,85,897,Bronze INV,br_AdmissionAssessmentDimensionOneDisorder,TASK_COMPLETE,SUCCESS,INFO,196,196,0,,2026-08-29T19:04:49.126Z,2026-08-29T20:54:41.421Z,6592,2026-08-29T20:54:41.421Z,LAN,Lansing,dd7385f2-fbd4-41a4-afcd-7296aca5e198,SAMMS-Lansing
202608292054380206,202608291904435510,202608291904434406,85,898,Bronze INV,br_AdmissionAssessmentDimensionOneDisorder,TASK_COMPLETE,SUCCESS,INFO,447,447,0,,2026-08-29T19:04:49.126Z,2026-08-29T20:54:41.421Z,6592,2026-08-29T20:54:41.421Z,LO,Louisville,dd7385f2-fbd4-41a4-afcd-7296aca5e198,SAMMS-Louisville
202608292054380207,202608291904435511,202608291904434406,85,899,Bronze INV,br_AdmissionAssessmentDimensionOneDisorder,TASK_COMPLETE,SUCCESS,INFO,1222,1222,0,,2026-08-29T19:04:49.126Z,2026-08-29T20:54:41.421Z,6592,2026-08-29T20:54:41.421Z,LV1,Cheyenne,dd7385f2-fbd4-41a4-afcd-7296aca5e198,SAMMS-Cheyenne
202608292054380208,202608291904435512,202608291904434406,85,900,Bronze INV,br_AdmissionAssessmentDimensionOneDisorder,TASK_COMPLETE,SUCCESS,INFO,965,965,0,,2026-08-29T19:04:49.126Z,2026-08-29T20:54:41.421Z,6592,2026-08-29T20:54:41.421Z,LV2,Desert Inn,dd7385f2-fbd4-41a4-afcd-7296aca5e198,SAMMS-DesertInn
202608292054380210,202608291904435513,202608291904434406,85,901,Bronze INV,br_AdmissionAssessmentDimensionOneDisorder,TASK_COMPLETE,SUCCESS,INFO,322,322,0,,2026-08-29T19:04:49.126Z,2026-08-29T20:54:41.421Z,6592,2026-08-29T20:54:41.421Z,LV3,McDaniel,dd7385f2-fbd4-41a4-afcd-7296aca5e198,SAMMS-McDaniel
202608292054380211,202608291904435514,202608291904434406,85,904,Bronze INV,br_AdmissionAssessmentDimensionOneDisorder,TASK_COMPLETE,SUCCESS,INFO,278,278,0,,2026-08-29T19:04:49.126Z,2026-08-29T20:54:41.421Z,6592,2026-08-29T20:54:41.421Z,MNRE,Monroe,dd7385f2-fbd4-41a4-afcd-7296aca5e198,SAMMS-Monroe
202608292054380213,202608291904435515,202608291904434406,85,905,Bronze INV,br_AdmissionAssessmentDimensionOneDisorder,TASK_COMPLETE,SUCCESS,INFO,193,193,0,,2026-08-29T19:04:49.126Z,2026-08-29T20:54:41.421Z,6592,2026-08-29T20:54:41.421Z,MP,Mt. Pleasant,dd7385f2-fbd4-41a4-afcd-7296aca5e198,SAMMS-MtPleasant
202608292054380214,202608291904435516,202608291904434406,85,906,Bronze INV,br_AdmissionAssessmentDimensionOneDisorder,TASK_COMPLETE,SUCCESS,INFO,175,175,0,,2026-08-29T19:04:49.126Z,2026-08-29T20:54:41.421Z,6592,2026-08-29T20:54:41.421Z,MRD,Meridian,dd7385f2-fbd4-41a4-afcd-7296aca5e198,SAMMS-Meridian
202608292054380215,202608291904435517,202608291904434406,85,911,Bronze INV,br_AdmissionAssessmentDimensionOneDisorder,TASK_COMPLETE,SUCCESS,INFO,643,643,0,,2026-08-29T19:04:49.126Z,2026-08-29T20:54:41.421Z,6592,2026-08-29T20:54:41.421Z,NC,North Charleston,dd7385f2-fbd4-41a4-afcd-7296aca5e198,SAMMS-NorthCharleston
202608292054380216,202608291904435518,202608291904434406,85,912,Bronze INV,br_AdmissionAssessmentDimensionOneDisorder,TASK_COMPLETE,SUCCESS,INFO,579,579,0,,2026-08-29T19:04:49.126Z,2026-08-29T20:54:41.421Z,6592,2026-08-29T20:54:41.421Z,NLR,N. Little Rock,dd7385f2-fbd4-41a4-afcd-7296aca5e198,SAMMS-NLROBOT
202608292054380217,202608291904435519,202608291904434406,85,913,Bronze INV,br_AdmissionAssessmentDimensionOneDisorder,TASK_COMPLETE,SUCCESS,INFO,245,245,0,,2026-08-29T19:04:49.126Z,2026-08-29T20:54:41.421Z,6592,2026-08-29T20:54:41.421Z,PH,Phoenix,dd7385f2-fbd4-41a4-afcd-7296aca5e198,SAMMS-Phoenix
202608292054380219,202608291904435520,202608291904434406,85,917,Bronze INV,br_AdmissionAssessmentDimensionOneDisorder,TASK_COMPLETE,SUCCESS,INFO,423,423,0,,2026-08-29T19:04:49.126Z,2026-08-29T20:54:41.421Z,6592,2026-08-29T20:54:41.421Z,RE,Reno,dd7385f2-fbd4-41a4-afcd-7296aca5e198,SAMMS-Reno
202608292054380220,202608291904435521,202608291904434406,85,918,Bronze INV,br_AdmissionAssessmentDimensionOneDisorder,TASK_COMPLETE,SUCCESS,INFO,402,402,0,,2026-08-29T19:04:49.126Z,2026-08-29T20:54:41.421Z,6592,2026-08-29T20:54:41.421Z,RMD,Richmond,dd7385f2-fbd4-41a4-afcd-7296aca5e198,SAMMS-Richmond
202608292054380221,202608291904435522,202608291904434406,85,919,Bronze INV,br_AdmissionAssessmentDimensionOneDisorder,TASK_COMPLETE,SUCCESS,INFO,505,505,0,,2026-08-29T19:04:49.126Z,2026-08-29T20:54:41.421Z,6592,2026-08-29T20:54:41.421Z,SFN,Springfield North,dd7385f2-fbd4-41a4-afcd-7296aca5e198,SAMMS-SFNv5
202608292054380222,202608291904435523,202608291904434406,85,920,Bronze INV,br_AdmissionAssessmentDimensionOneDisorder,TASK_COMPLETE,SUCCESS,INFO,463,463,0,,2026-08-29T19:04:49.126Z,2026-08-29T20:54:41.421Z,6592,2026-08-29T20:54:41.421Z,SHP,Shreveport,dd7385f2-fbd4-41a4-afcd-7296aca5e198,SAMMS-Shreveport
202608292054380223,202608291904435524,202608291904434406,85,922,Bronze INV,br_AdmissionAssessmentDimensionOneDisorder,TASK_COMPLETE,SUCCESS,INFO,86,86,0,,2026-08-29T19:04:49.126Z,2026-08-29T20:54:41.421Z,6592,2026-08-29T20:54:41.421Z,STN,Staunton,dd7385f2-fbd4-41a4-afcd-7296aca5e198,SAMMS-Staunton
202609012114519676,202609011903673038,202609011903672005,85,782,Bronze INV,br_AdmissionAssessmentDimensionOneDisorder,TASK_COMPLETE,SUCCESS,INFO,115,115,0,,2026-09-01T19:04:17.664Z,2026-09-01T21:14:55.846Z,7838,2026-09-01T21:14:55.846Z,AHK,Ahoskie,0e5f68b5-5669-4bb1-91ce-4b967b620e7d,SAMMS-Ahoskie
202609012114519677,202609011903673039,202609011903672005,85,783,Bronze INV,br_AdmissionAssessmentDimensionOneDisorder,TASK_COMPLETE,SUCCESS,INFO,808,808,0,,2026-09-01T19:04:17.664Z,2026-09-01T21:14:55.846Z,7838,2026-09-01T21:14:55.846Z,B12B,Colorado Springs,0e5f68b5-5669-4bb1-91ce-4b967b620e7d,SAMMS-ColoradoSpringsV5
202609012114519678,202609011903673040,202609011903672005,85,784,Bronze INV,br_AdmissionAssessmentDimensionOneDisorder,TASK_COMPLETE,SUCCESS,INFO,432,432,0,,2026-09-01T19:04:17.664Z,2026-09-01T21:14:55.846Z,7838,2026-09-01T21:14:55.846Z,B24,Paintsville,0e5f68b5-5669-4bb1-91ce-4b967b620e7d,SAMMS-PaintsvilleV5
202609012114519679,202609011903673041,202609011903672005,85,785,Bronze INV,br_AdmissionAssessmentDimensionOneDisorder,TASK_COMPLETE,SUCCESS,INFO,174,174,0,,2026-09-01T19:04:17.664Z,2026-09-01T21:14:55.846Z,7838,2026-09-01T21:14:55.846Z,B25,Pikeville,0e5f68b5-5669-4bb1-91ce-4b967b620e7d,SAMMS-PikevilleV5
202609012114519681,202609011903673042,202609011903672005,85,786,Bronze INV,br_AdmissionAssessmentDimensionOneDisorder,TASK_COMPLETE,SUCCESS,INFO,500,500,0,,2026-09-01T19:04:17.664Z,2026-09-01T21:14:55.846Z,7838,2026-09-01T21:14:55.846Z,B26,Hazard,0e5f68b5-5669-4bb1-91ce-4b967b620e7d,SAMMS-HazardV5
202609012114519682,202609011903673043,202609011903672005,85,787,Bronze INV,br_AdmissionAssessmentDimensionOneDisorder,TASK_COMPLETE,SUCCESS,INFO,198,198,0,,2026-09-01T19:04:17.664Z,2026-09-01T21:14:55.846Z,7838,2026-09-01T21:14:55.846Z,B27,Savannah,0e5f68b5-5669-4bb1-91ce-4b967b620e7d,SAMMS-SavannahV6
202609012114519683,202609011903673044,202609011903672005,85,788,Bronze INV,br_AdmissionAssessmentDimensionOneDisorder,TASK_COMPLETE,SUCCESS,INFO,240,240,0,,2026-09-01T19:04:17.664Z,2026-09-01T21:14:55.846Z,7838,2026-09-01T21:14:55.846Z,B28,West Plains,0e5f68b5-5669-4bb1-91ce-4b967b620e7d,SAMMS-WestPlainesV5
202609012114519684,202609011903673045,202609011903672005,85,789,Bronze INV,br_AdmissionAssessmentDimensionOneDisorder,TASK_COMPLETE,SUCCESS,INFO,264,264,0,,2026-09-01T19:04:17.664Z,2026-09-01T21:14:55.846Z,7838,2026-09-01T21:14:55.846Z,B29,Poplar Bluff,0e5f68b5-5669-4bb1-91ce-4b967b620e7d,SAMMS-PoplarBluffV5
202609012114519685,202609011903673046,202609011903672005,85,790,Bronze INV,br_AdmissionAssessmentDimensionOneDisorder,TASK_COMPLETE,SUCCESS,INFO,167,167,0,,2026-09-01T19:04:17.664Z,2026-09-01T21:14:55.846Z,7838,2026-09-01T21:14:55.846Z,B30,KC North,0e5f68b5-5669-4bb1-91ce-4b967b620e7d,SAMMS-KCNv5
202609012114519686,202609011903673047,202609011903672005,85,791,Bronze INV,br_AdmissionAssessmentDimensionOneDisorder,TASK_COMPLETE,SUCCESS,INFO,387,387,0,,2026-09-01T19:04:17.664Z,2026-09-01T21:14:55.846Z,7838,2026-09-01T21:14:55.846Z,B31,Dyersburg,0e5f68b5-5669-4bb1-91ce-4b967b620e7d,SAMMS-DyersburgV5
202609012114519687,202609011903673048,202609011903672005,85,793,Bronze INV,br_AdmissionAssessmentDimensionOneDisorder,TASK_COMPLETE,SUCCESS,INFO,216,216,0,,2026-09-01T19:04:17.664Z,2026-09-01T21:14:55.846Z,7838,2026-09-01T21:14:55.846Z,B33,Paducah,0e5f68b5-5669-4bb1-91ce-4b967b620e7d,SAMMS-Paducah
202609012114519689,202609011903673049,202609011903672005,85,794,Bronze INV,br_AdmissionAssessmentDimensionOneDisorder,TASK_COMPLETE,SUCCESS,INFO,461,461,0,,2026-09-01T19:04:17.664Z,2026-09-01T21:14:55.846Z,7838,2026-09-01T21:14:55.846Z,B34,Corbin,0e5f68b5-5669-4bb1-91ce-4b967b620e7d,SAMMS-CorbinV5
202609012114519690,202609011903673050,202609011903672005,85,795,Bronze INV,br_AdmissionAssessmentDimensionOneDisorder,TASK_COMPLETE,SUCCESS,INFO,738,738,0,,2026-09-01T19:04:17.664Z,2026-09-01T21:14:55.846Z,7838,2026-09-01T21:14:55.846Z,B35,Lexington,0e5f68b5-5669-4bb1-91ce-4b967b620e7d,SAMMS-LexingtonV5
202609012114519691,202609011903673051,202609011903672005,85,796,Bronze INV,br_AdmissionAssessmentDimensionOneDisorder,TASK_COMPLETE,SUCCESS,INFO,354,354,0,,2026-09-01T19:04:17.664Z,2026-09-01T21:14:55.846Z,7838,2026-09-01T21:14:55.846Z,B35A,Berea,0e5f68b5-5669-4bb1-91ce-4b967b620e7d,SAMMS-BereaV5
202609012114519692,202609011903673052,202609011903672005,85,797,Bronze INV,br_AdmissionAssessmentDimensionOneDisorder,TASK_COMPLETE,SUCCESS,INFO,635,635,0,,2026-09-01T19:04:17.664Z,2026-09-01T21:14:55.846Z,7838,2026-09-01T21:14:55.846Z,B36,Asheville,0e5f68b5-5669-4bb1-91ce-4b967b620e7d,SAMMS-AshevilleV5
202609012114519693,202609011903673053,202609011903672005,85,798,Bronze INV,br_AdmissionAssessmentDimensionOneDisorder,TASK_COMPLETE,SUCCESS,INFO,471,471,0,,2026-09-01T19:04:17.664Z,2026-09-01T21:14:55.846Z,7838,2026-09-01T21:14:55.846Z,B37,Clyde,0e5f68b5-5669-4bb1-91ce-4b967b620e7d,SAMMS-ClydeV5
202609012114519694,202609011903673054,202609011903672005,85,799,Bronze INV,br_AdmissionAssessmentDimensionOneDisorder,TASK_COMPLETE,SUCCESS,INFO,644,644,0,,2026-09-01T19:04:17.664Z,2026-09-01T21:14:55.846Z,7838,2026-09-01T21:14:55.846Z,B38,Spartanburg,0e5f68b5-5669-4bb1-91ce-4b967b620e7d,SAMMS-SpartanburgV5
202609012114519695,202609011903673055,202609011903672005,85,800,Bronze INV,br_AdmissionAssessmentDimensionOneDisorder,TASK_COMPLETE,SUCCESS,INFO,497,497,0,,2026-09-01T19:04:17.664Z,2026-09-01T21:14:55.846Z,7838,2026-09-01T21:14:55.846Z,B39,Aiken,0e5f68b5-5669-4bb1-91ce-4b967b620e7d,SAMMS-AikenV5
202609012114519697,202609011903673056,202609011903672005,85,801,Bronze INV,br_AdmissionAssessmentDimensionOneDisorder,TASK_COMPLETE,SUCCESS,INFO,329,329,0,,2026-09-01T19:04:17.664Z,2026-09-01T21:14:55.846Z,7838,2026-09-01T21:14:55.846Z,B41,Chesapeake,0e5f68b5-5669-4bb1-91ce-4b967b620e7d,SAMMS-ChesapeakeV5
202609012114519698,202609011903673057,202609011903672005,85,802,Bronze INV,br_AdmissionAssessmentDimensionOneDisorder,TASK_COMPLETE,SUCCESS,INFO,562,562,0,,2026-09-01T19:04:17.664Z,2026-09-01T21:14:55.846Z,7838,2026-09-01T21:14:55.846Z,B42,Virginia Beach,0e5f68b5-5669-4bb1-91ce-4b967b620e7d,SAMMS-VirginiaBeachV5
202609012114519699,202609011903673058,202609011903672005,85,803,Bronze INV,br_AdmissionAssessmentDimensionOneDisorder,TASK_COMPLETE,SUCCESS,INFO,170,170,0,,2026-09-01T19:04:17.664Z,2026-09-01T21:14:55.846Z,7838,2026-09-01T21:14:55.846Z,B42A,Newport News,0e5f68b5-5669-4bb1-91ce-4b967b620e7d,SAMMS-NewportNewsV5
202609012114519700,202609011903673059,202609011903672005,85,804,Bronze INV,br_AdmissionAssessmentDimensionOneDisorder,TASK_COMPLETE,SUCCESS,INFO,61,61,0,,2026-09-01T19:04:17.664Z,2026-09-01T21:14:55.846Z,7838,2026-09-01T21:14:55.846Z,B42B,Franklin,0e5f68b5-5669-4bb1-91ce-4b967b620e7d,SAMMS-FranklinV5
202609012114519701,202609011903673060,202609011903672005,85,805,Bronze INV,br_AdmissionAssessmentDimensionOneDisorder,TASK_COMPLETE,SUCCESS,INFO,351,351,0,,2026-09-01T19:04:17.664Z,2026-09-01T21:14:55.846Z,7838,2026-09-01T21:14:55.846Z,B42C,Glen Allen,0e5f68b5-5669-4bb1-91ce-4b967b620e7d,SAMMS-GlenAllenV5
202609012114519702,202609011903673061,202609011903672005,85,806,Bronze INV,br_AdmissionAssessmentDimensionOneDisorder,TASK_COMPLETE,SUCCESS,INFO,174,174,0,,2026-09-01T19:04:17.664Z,2026-09-01T21:14:55.846Z,7838,2026-09-01T21:14:55.846Z,B42D,Chesapeake South,0e5f68b5-5669-4bb1-91ce-4b967b620e7d,SAMMS-ChesapeakeSouthV5
202609012114519705,202609011903673062,202609011903672005,85,807,Bronze INV,br_AdmissionAssessmentDimensionOneDisorder,TASK_COMPLETE,SUCCESS,INFO,220,220,0,,2026-09-01T19:04:17.664Z,2026-09-01T21:14:55.846Z,7838,2026-09-01T21:14:55.846Z,B44,Albany,0e5f68b5-5669-4bb1-91ce-4b967b620e7d,SAMMS-AlbanyV5
202609012114519706,202609011903673063,202609011903672005,85,808,Bronze INV,br_AdmissionAssessmentDimensionOneDisorder,TASK_COMPLETE,SUCCESS,INFO,313,313,0,,2026-09-01T19:04:17.664Z,2026-09-01T21:14:55.846Z,7838,2026-09-01T21:14:55.846Z,B45,Tifton,0e5f68b5-5669-4bb1-91ce-4b967b620e7d,SAMMS-TiftonV5
202609012114519708,202609011903673064,202609011903672005,85,809,Bronze INV,br_AdmissionAssessmentDimensionOneDisorder,TASK_COMPLETE,SUCCESS,INFO,712,712,0,,2026-09-01T19:04:17.664Z,2026-09-01T21:14:55.846Z,7838,2026-09-01T21:14:55.846Z,B46,Washington DC,0e5f68b5-5669-4bb1-91ce-4b967b620e7d,SAMMS-WashingtonDCv5
202609012114519709,202609011903673065,202609011903672005,85,810,Bronze INV,br_AdmissionAssessmentDimensionOneDisorder,TASK_COMPLETE,SUCCESS,INFO,395,395,0,,2026-09-01T19:04:17.664Z,2026-09-01T21:14:55.846Z,7838,2026-09-01T21:14:55.846Z,B47,Mobile,0e5f68b5-5669-4bb1-91ce-4b967b620e7d,SAMMS-MobileV5
202609012114519710,202609011903673066,202609011903672005,85,811,Bronze INV,br_AdmissionAssessmentDimensionOneDisorder,TASK_COMPLETE,SUCCESS,INFO,480,480,0,,2026-09-01T19:04:17.664Z,2026-09-01T21:14:55.846Z,7838,2026-09-01T21:14:55.846Z,B48,Tuscaloosa,0e5f68b5-5669-4bb1-91ce-4b967b620e7d,SAMMS-TuscaloosaV5
202609012114519711,202609011903673067,202609011903672005,85,820,Bronze INV,br_AdmissionAssessmentDimensionOneDisorder,TASK_COMPLETE,SUCCESS,INFO,326,326,0,,2026-09-01T19:04:17.664Z,2026-09-01T21:14:55.846Z,7838,2026-09-01T21:14:55.846Z,B51,N. Little Rock (OTP),0e5f68b5-5669-4bb1-91ce-4b967b620e7d,SAMMS-NorthLittleRockV6
202609012114519712,202609011903673068,202609011903672005,85,821,Bronze INV,br_AdmissionAssessmentDimensionOneDisorder,TASK_COMPLETE,SUCCESS,INFO,164,164,0,,2026-09-01T19:04:17.664Z,2026-09-01T21:14:55.846Z,7838,2026-09-01T21:14:55.846Z,B52,Jackson GA,0e5f68b5-5669-4bb1-91ce-4b967b620e7d,SAMMS-JacksonGAV5
202609012114519713,202609011903673069,202609011903672005,85,822,Bronze INV,br_AdmissionAssessmentDimensionOneDisorder,TASK_COMPLETE,SUCCESS,INFO,514,514,0,,2026-09-01T19:04:17.664Z,2026-09-01T21:14:55.846Z,7838,2026-09-01T21:14:55.846Z,B54,Gadsden,0e5f68b5-5669-4bb1-91ce-4b967b620e7d,SAMMS-GadsdenV5
202609012114519715,202609011903673070,202609011903672005,85,823,Bronze INV,br_AdmissionAssessmentDimensionOneDisorder,TASK_COMPLETE,SUCCESS,INFO,517,517,0,,2026-09-01T19:04:17.664Z,2026-09-01T21:14:55.846Z,7838,2026-09-01T21:14:55.846Z,B55,Shoals,0e5f68b5-5669-4bb1-91ce-4b967b620e7d,SAMMS-ShoalsV5
202609012114519716,202609011903673071,202609011903672005,85,824,Bronze INV,br_AdmissionAssessmentDimensionOneDisorder,TASK_COMPLETE,SUCCESS,INFO,179,179,0,,2026-09-01T19:04:17.664Z,2026-09-01T21:14:55.846Z,7838,2026-09-01T21:14:55.846Z,B57,Pawtucket,0e5f68b5-5669-4bb1-91ce-4b967b620e7d,SAMMS-Pawtucket
202609012114519717,202609011903673072,202609011903672005,85,825,Bronze INV,br_AdmissionAssessmentDimensionOneDisorder,TASK_COMPLETE,SUCCESS,INFO,176,176,0,,2026-09-01T19:04:17.664Z,2026-09-01T21:14:55.846Z,7838,2026-09-01T21:14:55.846Z,B57A,Johnston,0e5f68b5-5669-4bb1-91ce-4b967b620e7d,SAMMS-Johnston
202609012114519718,202609011903673073,202609011903672005,85,826,Bronze INV,br_AdmissionAssessmentDimensionOneDisorder,TASK_COMPLETE,SUCCESS,INFO,100,100,0,,2026-09-01T19:04:17.664Z,2026-09-01T21:14:55.846Z,7838,2026-09-01T21:14:55.846Z,B57B,Middletown,0e5f68b5-5669-4bb1-91ce-4b967b620e7d,SAMMS-Middletown
202609012114519719,202609011903673074,202609011903672005,85,827,Bronze INV,br_AdmissionAssessmentDimensionOneDisorder,TASK_COMPLETE,SUCCESS,INFO,188,188,0,,2026-09-01T19:04:17.664Z,2026-09-01T21:14:55.846Z,7838,2026-09-01T21:14:55.846Z,B57C,Providence,0e5f68b5-5669-4bb1-91ce-4b967b620e7d,SAMMS-Providence
202609012114519720,202609011903673075,202609011903672005,85,828,Bronze INV,br_AdmissionAssessmentDimensionOneDisorder,TASK_COMPLETE,SUCCESS,INFO,267,267,0,,2026-09-01T19:04:17.664Z,2026-09-01T21:14:55.846Z,7838,2026-09-01T21:14:55.846Z,B57D,Westerly,0e5f68b5-5669-4bb1-91ce-4b967b620e7d,SAMMS-Westerly
202609012114519721,202609011903673076,202609011903672005,85,832,Bronze INV,br_AdmissionAssessmentDimensionOneDisorder,TASK_COMPLETE,SUCCESS,INFO,374,374,0,,2026-09-01T19:04:17.664Z,2026-09-01T21:14:55.846Z,7838,2026-09-01T21:14:55.846Z,B66A,Bremen,0e5f68b5-5669-4bb1-91ce-4b967b620e7d,SAMMS-Bremen
202609012114519723,202609011903673077,202609011903672005,85,835,Bronze INV,br_AdmissionAssessmentDimensionOneDisorder,TASK_COMPLETE,SUCCESS,INFO,41,41,0,,2026-09-01T19:04:17.664Z,2026-09-01T21:14:55.846Z,7838,2026-09-01T21:14:55.846Z,B72,Mobile (OBOT),0e5f68b5-5669-4bb1-91ce-4b967b620e7d,SAMMS-Mobile-OBOT
202609012114519724,202609011903673078,202609011903672005,85,836,Bronze INV,br_AdmissionAssessmentDimensionOneDisorder,TASK_COMPLETE,SUCCESS,INFO,4,4,0,,2026-09-01T19:04:17.664Z,2026-09-01T21:14:55.846Z,7838,2026-09-01T21:14:55.846Z,B73,Montgomery,0e5f68b5-5669-4bb1-91ce-4b967b620e7d,SAMMS-Montgomery
202609012114519725,202609011903673079,202609011903672005,85,837,Bronze INV,br_AdmissionAssessmentDimensionOneDisorder,TASK_COMPLETE,SUCCESS,INFO,342,342,0,,2026-09-01T19:04:17.664Z,2026-09-01T21:14:55.846Z,7838,2026-09-01T21:14:55.846Z,B75,Lawrence,0e5f68b5-5669-4bb1-91ce-4b967b620e7d,SAMMS-LawrenceV6
202609012114519726,202609011903673080,202609011903672005,85,838,Bronze INV,br_AdmissionAssessmentDimensionOneDisorder,TASK_COMPLETE,SUCCESS,INFO,54,54,0,,2026-09-01T19:04:17.664Z,2026-09-01T21:14:55.846Z,7838,2026-09-01T21:14:55.846Z,B76,Huntsville OBOT,0e5f68b5-5669-4bb1-91ce-4b967b620e7d,SAMMS-Huntsville-OBOT
202609012114519727,202609011903673081,202609011903672005,85,839,Bronze INV,br_AdmissionAssessmentDimensionOneDisorder,TASK_COMPLETE,SUCCESS,INFO,308,308,0,,2026-09-01T19:04:17.664Z,2026-09-01T21:14:55.846Z,7838,2026-09-01T21:14:55.846Z,BAT,Batesville,0e5f68b5-5669-4bb1-91ce-4b967b620e7d,SAMMS-Batesville
202609012114519728,202609011903673082,202609011903672005,85,840,Bronze INV,br_AdmissionAssessmentDimensionOneDisorder,TASK_COMPLETE,SUCCESS,INFO,245,245,0,,2026-09-01T19:04:17.664Z,2026-09-01T21:14:55.846Z,7838,2026-09-01T21:14:55.846Z,BG,Bowling Green,0e5f68b5-5669-4bb1-91ce-4b967b620e7d,SAMMS-BowlingGreen
202609012114519729,202609011903673083,202609011903672005,85,841,Bronze INV,br_AdmissionAssessmentDimensionOneDisorder,TASK_COMPLETE,SUCCESS,INFO,235,235,0,,2026-09-01T19:04:17.664Z,2026-09-01T21:14:55.846Z,7838,2026-09-01T21:14:55.846Z,BOI,Boise,0e5f68b5-5669-4bb1-91ce-4b967b620e7d,SAMMS-Boise
202609012114519731,202609011903673084,202609011903672005,85,848,Bronze INV,br_AdmissionAssessmentDimensionOneDisorder,TASK_COMPLETE,SUCCESS,INFO,309,309,0,,2026-09-01T19:04:17.664Z,2026-09-01T21:14:55.846Z,7838,2026-09-01T21:14:55.846Z,CBCO,Coeur dAlene,0e5f68b5-5669-4bb1-91ce-4b967b620e7d,SAMMS-CoeurdAleneV6
202609012114519732,202609011903673085,202609011903672005,85,867,Bronze INV,br_AdmissionAssessmentDimensionOneDisorder,TASK_COMPLETE,SUCCESS,INFO,348,348,0,,2026-09-01T19:04:17.664Z,2026-09-01T21:14:55.846Z,7838,2026-09-01T21:14:55.846Z,CON,Conway,0e5f68b5-5669-4bb1-91ce-4b967b620e7d,SAMMS-Conway
202609012114519733,202609011903673086,202609011903672005,85,868,Bronze INV,br_AdmissionAssessmentDimensionOneDisorder,TASK_COMPLETE,SUCCESS,INFO,1634,1634,0,,2026-09-01T19:04:17.664Z,2026-09-01T21:14:55.846Z,7838,2026-09-01T21:14:55.846Z,D07,Medical Services Knox TN,0e5f68b5-5669-4bb1-91ce-4b967b620e7d,SAMMS-KnoxvilleV6
202609012114519734,202609011903673087,202609011903672005,85,869,Bronze INV,br_AdmissionAssessmentDimensionOneDisorder,TASK_COMPLETE,SUCCESS,INFO,1039,1039,0,,2026-09-01T19:04:17.664Z,2026-09-01T21:14:55.846Z,7838,2026-09-01T21:14:55.846Z,D08,Madison,0e5f68b5-5669-4bb1-91ce-4b967b620e7d,SAMMS-MadisonV6
202609012114519735,202609011903673088,202609011903672005,85,871,Bronze INV,br_AdmissionAssessmentDimensionOneDisorder,TASK_COMPLETE,SUCCESS,INFO,983,983,0,,2026-09-01T19:04:17.664Z,2026-09-01T21:14:55.846Z,7838,2026-09-01T21:14:55.846Z,D09,Murfreesboro,0e5f68b5-5669-4bb1-91ce-4b967b620e7d,SAMMS-MurfreesboroV6
202609012114519736,202609011903673089,202609011903672005,85,872,Bronze INV,br_AdmissionAssessmentDimensionOneDisorder,TASK_COMPLETE,SUCCESS,INFO,231,231,0,,2026-09-01T19:04:17.664Z,2026-09-01T21:14:55.846Z,7838,2026-09-01T21:14:55.846Z,DA,Davenport,0e5f68b5-5669-4bb1-91ce-4b967b620e7d,SAMMS-Davenport
202609012114519737,202609011903673090,202609011903672005,85,873,Bronze INV,br_AdmissionAssessmentDimensionOneDisorder,TASK_COMPLETE,SUCCESS,INFO,365,365,0,,2026-09-01T19:04:17.664Z,2026-09-01T21:14:55.846Z,7838,2026-09-01T21:14:55.846Z,DM,Des Moines,0e5f68b5-5669-4bb1-91ce-4b967b620e7d,SAMMS-DesMoines
202609012114519739,202609011903673091,202609011903672005,85,875,Bronze INV,br_AdmissionAssessmentDimensionOneDisorder,TASK_COMPLETE,SUCCESS,INFO,500,500,0,,2026-09-01T19:04:17.664Z,2026-09-01T21:14:55.846Z,7838,2026-09-01T21:14:55.846Z,DRD-CO,Columbia MO,0e5f68b5-5669-4bb1-91ce-4b967b620e7d,SAMMS-ColumbiaV5
202609012114519740,202609011903673092,202609011903672005,85,876,Bronze INV,br_AdmissionAssessmentDimensionOneDisorder,TASK_COMPLETE,SUCCESS,INFO,615,615,0,,2026-09-01T19:04:17.664Z,2026-09-01T21:14:55.846Z,7838,2026-09-01T21:14:55.846Z,DRD-KC,KC,0e5f68b5-5669-4bb1-91ce-4b967b620e7d,SAMMS-KCv5
202609012114519741,202609011903673093,202609011903672005,85,877,Bronze INV,br_AdmissionAssessmentDimensionOneDisorder,TASK_COMPLETE,SUCCESS,INFO,987,987,0,,2026-09-01T19:04:17.664Z,2026-09-01T21:14:55.846Z,7838,2026-09-01T21:14:55.846Z,DRD-KVB,KVB,0e5f68b5-5669-4bb1-91ce-4b967b620e7d,SAMMS-KVBv5
202609012114519742,202609011903673094,202609011903672005,85,878,Bronze INV,br_AdmissionAssessmentDimensionOneDisorder,TASK_COMPLETE,SUCCESS,INFO,1611,1611,0,,2026-09-01T19:04:17.664Z,2026-09-01T21:14:55.846Z,7838,2026-09-01T21:14:55.846Z,DRD-KVC,KVC,0e5f68b5-5669-4bb1-91ce-4b967b620e7d,SAMMS-KVCv5
202609012114519743,202609011903673095,202609011903672005,85,879,Bronze INV,br_AdmissionAssessmentDimensionOneDisorder,TASK_COMPLETE,SUCCESS,INFO,1273,1273,0,,2026-09-01T19:04:17.664Z,2026-09-01T21:14:55.846Z,7838,2026-09-01T21:14:55.846Z,DRD-NOLA,NOLA,0e5f68b5-5669-4bb1-91ce-4b967b620e7d,SAMMS-NOLAv5
202609012114519744,202609011903673096,202609011903672005,85,880,Bronze INV,br_AdmissionAssessmentDimensionOneDisorder,TASK_COMPLETE,SUCCESS,INFO,785,785,0,,2026-09-01T19:04:17.664Z,2026-09-01T21:14:55.846Z,7838,2026-09-01T21:14:55.846Z,DRD-SF,Springfield,0e5f68b5-5669-4bb1-91ce-4b967b620e7d,SAMMS-SFv5
202609012114519745,202609011903673097,202609011903672005,85,882,Bronze INV,br_AdmissionAssessmentDimensionOneDisorder,TASK_COMPLETE,SUCCESS,INFO,276,276,0,,2026-09-01T19:04:17.664Z,2026-09-01T21:14:55.846Z,7838,2026-09-01T21:14:55.846Z,ELC,Elizabeth City,0e5f68b5-5669-4bb1-91ce-4b967b620e7d,SAMMS-ElizabethCity
202609012114519747,202609011903673098,202609011903672005,85,883,Bronze INV,br_AdmissionAssessmentDimensionOneDisorder,TASK_COMPLETE,SUCCESS,INFO,283,283,0,,2026-09-01T19:04:17.664Z,2026-09-01T21:14:55.846Z,7838,2026-09-01T21:14:55.846Z,ET,Elizabethtown,0e5f68b5-5669-4bb1-91ce-4b967b620e7d,SAMMS-Elizabethtown
202609012114519748,202609011903673099,202609011903672005,85,884,Bronze INV,br_AdmissionAssessmentDimensionOneDisorder,TASK_COMPLETE,SUCCESS,INFO,237,237,0,,2026-09-01T19:04:17.664Z,2026-09-01T21:14:55.846Z,7838,2026-09-01T21:14:55.846Z,FAY,Fayetteville,0e5f68b5-5669-4bb1-91ce-4b967b620e7d,SAMMS-Fayetteville
202609012114519749,202609011903673100,202609011903672005,85,885,Bronze INV,br_AdmissionAssessmentDimensionOneDisorder,TASK_COMPLETE,SUCCESS,INFO,185,185,0,,2026-09-01T19:04:17.664Z,2026-09-01T21:14:55.846Z,7838,2026-09-01T21:14:55.846Z,FR,Frankfort,0e5f68b5-5669-4bb1-91ce-4b967b620e7d,SAMMS-Frankfort
202609012114519750,202609011903673101,202609011903672005,85,886,Bronze INV,br_AdmissionAssessmentDimensionOneDisorder,TASK_COMPLETE,SUCCESS,INFO,292,292,0,,2026-09-01T19:04:17.664Z,2026-09-01T21:14:55.846Z,7838,2026-09-01T21:14:55.846Z,FS,Fort Smith,0e5f68b5-5669-4bb1-91ce-4b967b620e7d,SAMMS-FortSmith
202609012114519751,202609011903673102,202609011903672005,85,887,Bronze INV,br_AdmissionAssessmentDimensionOneDisorder,TASK_COMPLETE,SUCCESS,INFO,689,689,0,,2026-09-01T19:04:17.664Z,2026-09-01T21:14:55.846Z,7838,2026-09-01T21:14:55.846Z,FW,Fort Wayne,0e5f68b5-5669-4bb1-91ce-4b967b620e7d,SAMMS-FortWayne
202609012114519752,202609011903673103,202609011903672005,85,888,Bronze INV,br_AdmissionAssessmentDimensionOneDisorder,TASK_COMPLETE,SUCCESS,INFO,124,124,0,,2026-09-01T19:04:17.664Z,2026-09-01T21:14:55.846Z,7838,2026-09-01T21:14:55.846Z,GAL,Gaylord,0e5f68b5-5669-4bb1-91ce-4b967b620e7d,SAMMS-Gaylord
202609012114519753,202609011903673104,202609011903672005,85,892,Bronze INV,br_AdmissionAssessmentDimensionOneDisorder,TASK_COMPLETE,SUCCESS,INFO,635,635,0,,2026-09-01T19:04:17.664Z,2026-09-01T21:14:55.846Z,7838,2026-09-01T21:14:55.846Z,HGT,Hagerstown,0e5f68b5-5669-4bb1-91ce-4b967b620e7d,SAMMS-Hagerstown
202609012114519755,202609011903673105,202609011903672005,85,893,Bronze INV,br_AdmissionAssessmentDimensionOneDisorder,TASK_COMPLETE,SUCCESS,INFO,499,499,0,,2026-09-01T19:04:17.664Z,2026-09-01T21:14:55.846Z,7838,2026-09-01T21:14:55.846Z,HNT,Huntsville,0e5f68b5-5669-4bb1-91ce-4b967b620e7d,SAMMS-Huntsville
202609012114519756,202609011903673106,202609011903672005,85,894,Bronze INV,br_AdmissionAssessmentDimensionOneDisorder,TASK_COMPLETE,SUCCESS,INFO,360,360,0,,2026-09-01T19:04:17.664Z,2026-09-01T21:14:55.846Z,7838,2026-09-01T21:14:55.846Z,HS,Hot Springs,0e5f68b5-5669-4bb1-91ce-4b967b620e7d,SAMMS-HotSprings
202609012114519757,202609011903673107,202609011903672005,85,895,Bronze INV,br_AdmissionAssessmentDimensionOneDisorder,TASK_COMPLETE,SUCCESS,INFO,268,268,0,,2026-09-01T19:04:17.664Z,2026-09-01T21:14:55.846Z,7838,2026-09-01T21:14:55.846Z,JON,Jonesboro,0e5f68b5-5669-4bb1-91ce-4b967b620e7d,SAMMS-Jonesboro
202609012114519758,202609011903673108,202609011903672005,85,897,Bronze INV,br_AdmissionAssessmentDimensionOneDisorder,TASK_COMPLETE,SUCCESS,INFO,199,199,0,,2026-09-01T19:04:17.664Z,2026-09-01T21:14:55.846Z,7838,2026-09-01T21:14:55.846Z,LAN,Lansing,0e5f68b5-5669-4bb1-91ce-4b967b620e7d,SAMMS-Lansing
202609012114519759,202609011903673109,202609011903672005,85,898,Bronze INV,br_AdmissionAssessmentDimensionOneDisorder,TASK_COMPLETE,SUCCESS,INFO,447,447,0,,2026-09-01T19:04:17.664Z,2026-09-01T21:14:55.846Z,7838,2026-09-01T21:14:55.846Z,LO,Louisville,0e5f68b5-5669-4bb1-91ce-4b967b620e7d,SAMMS-Louisville
202609012114519760,202609011903673110,202609011903672005,85,899,Bronze INV,br_AdmissionAssessmentDimensionOneDisorder,TASK_COMPLETE,SUCCESS,INFO,1222,1222,0,,2026-09-01T19:04:17.664Z,2026-09-01T21:14:55.846Z,7838,2026-09-01T21:14:55.846Z,LV1,Cheyenne,0e5f68b5-5669-4bb1-91ce-4b967b620e7d,SAMMS-Cheyenne
202609012114519761,202609011903673111,202609011903672005,85,900,Bronze INV,br_AdmissionAssessmentDimensionOneDisorder,TASK_COMPLETE,SUCCESS,INFO,965,965,0,,2026-09-01T19:04:17.664Z,2026-09-01T21:14:55.846Z,7838,2026-09-01T21:14:55.846Z,LV2,Desert Inn,0e5f68b5-5669-4bb1-91ce-4b967b620e7d,SAMMS-DesertInn
202609012114519763,202609011903673112,202609011903672005,85,901,Bronze INV,br_AdmissionAssessmentDimensionOneDisorder,TASK_COMPLETE,SUCCESS,INFO,322,322,0,,2026-09-01T19:04:17.664Z,2026-09-01T21:14:55.846Z,7838,2026-09-01T21:14:55.846Z,LV3,McDaniel,0e5f68b5-5669-4bb1-91ce-4b967b620e7d,SAMMS-McDaniel
202609012114519764,202609011903673113,202609011903672005,85,904,Bronze INV,br_AdmissionAssessmentDimensionOneDisorder,TASK_COMPLETE,SUCCESS,INFO,278,278,0,,2026-09-01T19:04:17.664Z,2026-09-01T21:14:55.846Z,7838,2026-09-01T21:14:55.846Z,MNRE,Monroe,0e5f68b5-5669-4bb1-91ce-4b967b620e7d,SAMMS-Monroe
202609012114519765,202609011903673114,202609011903672005,85,905,Bronze INV,br_AdmissionAssessmentDimensionOneDisorder,TASK_COMPLETE,SUCCESS,INFO,193,193,0,,2026-09-01T19:04:17.664Z,2026-09-01T21:14:55.846Z,7838,2026-09-01T21:14:55.846Z,MP,Mt. Pleasant,0e5f68b5-5669-4bb1-91ce-4b967b620e7d,SAMMS-MtPleasant
202609012114519766,202609011903673115,202609011903672005,85,906,Bronze INV,br_AdmissionAssessmentDimensionOneDisorder,TASK_COMPLETE,SUCCESS,INFO,176,176,0,,2026-09-01T19:04:17.664Z,2026-09-01T21:14:55.846Z,7838,2026-09-01T21:14:55.846Z,MRD,Meridian,0e5f68b5-5669-4bb1-91ce-4b967b620e7d,SAMMS-Meridian
202609012114519767,202609011903673116,202609011903672005,85,911,Bronze INV,br_AdmissionAssessmentDimensionOneDisorder,TASK_COMPLETE,SUCCESS,INFO,645,645,0,,2026-09-01T19:04:17.664Z,2026-09-01T21:14:55.846Z,7838,2026-09-01T21:14:55.846Z,NC,North Charleston,0e5f68b5-5669-4bb1-91ce-4b967b620e7d,SAMMS-NorthCharleston
202609012114519768,202609011903673117,202609011903672005,85,912,Bronze INV,br_AdmissionAssessmentDimensionOneDisorder,TASK_COMPLETE,SUCCESS,INFO,581,581,0,,2026-09-01T19:04:17.664Z,2026-09-01T21:14:55.846Z,7838,2026-09-01T21:14:55.846Z,NLR,N. Little Rock,0e5f68b5-5669-4bb1-91ce-4b967b620e7d,SAMMS-NLROBOT
202609012114519770,202609011903673118,202609011903672005,85,913,Bronze INV,br_AdmissionAssessmentDimensionOneDisorder,TASK_COMPLETE,SUCCESS,INFO,245,245,0,,2026-09-01T19:04:17.664Z,2026-09-01T21:14:55.846Z,7838,2026-09-01T21:14:55.846Z,PH,Phoenix,0e5f68b5-5669-4bb1-91ce-4b967b620e7d,SAMMS-Phoenix
202609012114519771,202609011903673119,202609011903672005,85,917,Bronze INV,br_AdmissionAssessmentDimensionOneDisorder,TASK_COMPLETE,SUCCESS,INFO,423,423,0,,2026-09-01T19:04:17.664Z,2026-09-01T21:14:55.846Z,7838,2026-09-01T21:14:55.846Z,RE,Reno,0e5f68b5-5669-4bb1-91ce-4b967b620e7d,SAMMS-Reno
202609012114519772,202609011903673120,202609011903672005,85,918,Bronze INV,br_AdmissionAssessmentDimensionOneDisorder,TASK_COMPLETE,SUCCESS,INFO,402,402,0,,2026-09-01T19:04:17.664Z,2026-09-01T21:14:55.846Z,7838,2026-09-01T21:14:55.846Z,RMD,Richmond,0e5f68b5-5669-4bb1-91ce-4b967b620e7d,SAMMS-Richmond
202609012114519773,202609011903673121,202609011903672005,85,919,Bronze INV,br_AdmissionAssessmentDimensionOneDisorder,TASK_COMPLETE,SUCCESS,INFO,506,506,0,,2026-09-01T19:04:17.664Z,2026-09-01T21:14:55.846Z,7838,2026-09-01T21:14:55.846Z,SFN,Springfield North,0e5f68b5-5669-4bb1-91ce-4b967b620e7d,SAMMS-SFNv5
202609012114519774,202609011903673122,202609011903672005,85,920,Bronze INV,br_AdmissionAssessmentDimensionOneDisorder,TASK_COMPLETE,SUCCESS,INFO,463,463,0,,2026-09-01T19:04:17.664Z,2026-09-01T21:14:55.846Z,7838,2026-09-01T21:14:55.846Z,SHP,Shreveport,0e5f68b5-5669-4bb1-91ce-4b967b620e7d,SAMMS-Shreveport
202609012114519775,202609011903673123,202609011903672005,85,922,Bronze INV,br_AdmissionAssessmentDimensionOneDisorder,TASK_COMPLETE,SUCCESS,INFO,86,86,0,,2026-09-01T19:04:17.664Z,2026-09-01T21:14:55.846Z,7838,2026-09-01T21:14:55.846Z,STN,Staunton,0e5f68b5-5669-4bb1-91ce-4b967b620e7d,SAMMS-Staunton
202608292054380024,202608291904435353,202608291904434406,85,1556,Bronze INV,br_AdmissionAssessmentSummary,TASK_COMPLETE,SUCCESS,INFO,324,324,0,,2026-08-29T19:04:49.126Z,2026-08-29T20:54:41.421Z,6592,2026-08-29T20:54:41.421Z,B51,N. Little Rock (OTP),dd7385f2-fbd4-41a4-afcd-7296aca5e198,SAMMS-NorthLittleRockV6
202608292054380025,202608291904435354,202608291904434406,85,1557,Bronze INV,br_AdmissionAssessmentSummary,TASK_COMPLETE,SUCCESS,INFO,166,166,0,,2026-08-29T19:04:49.126Z,2026-08-29T20:54:41.421Z,6592,2026-08-29T20:54:41.421Z,B52,Jackson GA,dd7385f2-fbd4-41a4-afcd-7296aca5e198,SAMMS-JacksonGAV5
202608292054380027,202608291904435355,202608291904434406,85,1558,Bronze INV,br_AdmissionAssessmentSummary,TASK_COMPLETE,SUCCESS,INFO,515,515,0,,2026-08-29T19:04:49.126Z,2026-08-29T20:54:41.421Z,6592,2026-08-29T20:54:41.421Z,B54,Gadsden,dd7385f2-fbd4-41a4-afcd-7296aca5e198,SAMMS-GadsdenV5
202608292054380028,202608291904435356,202608291904434406,85,1559,Bronze INV,br_AdmissionAssessmentSummary,TASK_COMPLETE,SUCCESS,INFO,523,523,0,,2026-08-29T19:04:49.126Z,2026-08-29T20:54:41.421Z,6592,2026-08-29T20:54:41.421Z,B55,Shoals,dd7385f2-fbd4-41a4-afcd-7296aca5e198,SAMMS-ShoalsV5
202608292054380029,202608291904435357,202608291904434406,85,1560,Bronze INV,br_AdmissionAssessmentSummary,TASK_COMPLETE,SUCCESS,INFO,178,178,0,,2026-08-29T19:04:49.126Z,2026-08-29T20:54:41.421Z,6592,2026-08-29T20:54:41.421Z,B57,Pawtucket,dd7385f2-fbd4-41a4-afcd-7296aca5e198,SAMMS-Pawtucket
202608292054380030,202608291904435358,202608291904434406,85,1561,Bronze INV,br_AdmissionAssessmentSummary,TASK_COMPLETE,SUCCESS,INFO,179,179,0,,2026-08-29T19:04:49.126Z,2026-08-29T20:54:41.421Z,6592,2026-08-29T20:54:41.421Z,B57A,Johnston,dd7385f2-fbd4-41a4-afcd-7296aca5e198,SAMMS-Johnston
202608292054380031,202608291904435359,202608291904434406,85,1562,Bronze INV,br_AdmissionAssessmentSummary,TASK_COMPLETE,SUCCESS,INFO,100,100,0,,2026-08-29T19:04:49.126Z,2026-08-29T20:54:41.421Z,6592,2026-08-29T20:54:41.421Z,B57B,Middletown,dd7385f2-fbd4-41a4-afcd-7296aca5e198,SAMMS-Middletown
202608292054380032,202608291904435360,202608291904434406,85,1563,Bronze INV,br_AdmissionAssessmentSummary,TASK_COMPLETE,SUCCESS,INFO,188,188,0,,2026-08-29T19:04:49.126Z,2026-08-29T20:54:41.421Z,6592,2026-08-29T20:54:41.421Z,B57C,Providence,dd7385f2-fbd4-41a4-afcd-7296aca5e198,SAMMS-Providence
202608292054380033,202608291904435361,202608291904434406,85,1564,Bronze INV,br_AdmissionAssessmentSummary,TASK_COMPLETE,SUCCESS,INFO,269,269,0,,2026-08-29T19:04:49.126Z,2026-08-29T20:54:41.421Z,6592,2026-08-29T20:54:41.421Z,B57D,Westerly,dd7385f2-fbd4-41a4-afcd-7296aca5e198,SAMMS-Westerly
202608292054380035,202608291904435362,202608291904434406,85,1568,Bronze INV,br_AdmissionAssessmentSummary,TASK_COMPLETE,SUCCESS,INFO,373,373,0,,2026-08-29T19:04:49.126Z,2026-08-29T20:54:41.421Z,6592,2026-08-29T20:54:41.421Z,B66A,Bremen,dd7385f2-fbd4-41a4-afcd-7296aca5e198,SAMMS-Bremen
202608292054380036,202608291904435363,202608291904434406,85,1571,Bronze INV,br_AdmissionAssessmentSummary,TASK_COMPLETE,SUCCESS,INFO,52,52,0,,2026-08-29T19:04:49.126Z,2026-08-29T20:54:41.421Z,6592,2026-08-29T20:54:41.421Z,B72,Mobile (OBOT),dd7385f2-fbd4-41a4-afcd-7296aca5e198,SAMMS-Mobile-OBOT
202608292054380037,202608291904435364,202608291904434406,85,1572,Bronze INV,br_AdmissionAssessmentSummary,TASK_COMPLETE,SUCCESS,INFO,4,4,0,,2026-08-29T19:04:49.126Z,2026-08-29T20:54:41.421Z,6592,2026-08-29T20:54:41.421Z,B73,Montgomery,dd7385f2-fbd4-41a4-afcd-7296aca5e198,SAMMS-Montgomery
202608292054380038,202608291904435365,202608291904434406,85,1573,Bronze INV,br_AdmissionAssessmentSummary,TASK_COMPLETE,SUCCESS,INFO,341,341,0,,2026-08-29T19:04:49.126Z,2026-08-29T20:54:41.421Z,6592,2026-08-29T20:54:41.421Z,B75,Lawrence,dd7385f2-fbd4-41a4-afcd-7296aca5e198,SAMMS-LawrenceV6
202608292054380039,202608291904435366,202608291904434406,85,1574,Bronze INV,br_AdmissionAssessmentSummary,TASK_COMPLETE,SUCCESS,INFO,54,54,0,,2026-08-29T19:04:49.126Z,2026-08-29T20:54:41.421Z,6592,2026-08-29T20:54:41.421Z,B76,Huntsville OBOT,dd7385f2-fbd4-41a4-afcd-7296aca5e198,SAMMS-Huntsville-OBOT
202608292054380040,202608291904435367,202608291904434406,85,1575,Bronze INV,br_AdmissionAssessmentSummary,TASK_COMPLETE,SUCCESS,INFO,308,308,0,,2026-08-29T19:04:49.126Z,2026-08-29T20:54:41.421Z,6592,2026-08-29T20:54:41.421Z,BAT,Batesville,dd7385f2-fbd4-41a4-afcd-7296aca5e198,SAMMS-Batesville
202608292054380041,202608291904435368,202608291904434406,85,1576,Bronze INV,br_AdmissionAssessmentSummary,TASK_COMPLETE,SUCCESS,INFO,246,246,0,,2026-08-29T19:04:49.126Z,2026-08-29T20:54:41.421Z,6592,2026-08-29T20:54:41.421Z,BG,Bowling Green,dd7385f2-fbd4-41a4-afcd-7296aca5e198,SAMMS-BowlingGreen
202608292054380043,202608291904435369,202608291904434406,85,1577,Bronze INV,br_AdmissionAssessmentSummary,TASK_COMPLETE,SUCCESS,INFO,235,235,0,,2026-08-29T19:04:49.126Z,2026-08-29T20:54:41.421Z,6592,2026-08-29T20:54:41.421Z,BOI,Boise,dd7385f2-fbd4-41a4-afcd-7296aca5e198,SAMMS-Boise
202608292054380044,202608291904435370,202608291904434406,85,1584,Bronze INV,br_AdmissionAssessmentSummary,TASK_COMPLETE,SUCCESS,INFO,308,308,0,,2026-08-29T19:04:49.126Z,2026-08-29T20:54:41.421Z,6592,2026-08-29T20:54:41.421Z,CBCO,Coeur dAlene,dd7385f2-fbd4-41a4-afcd-7296aca5e198,SAMMS-CoeurdAleneV6
202608292054380045,202608291904435371,202608291904434406,85,1603,Bronze INV,br_AdmissionAssessmentSummary,TASK_COMPLETE,SUCCESS,INFO,348,348,0,,2026-08-29T19:04:49.126Z,2026-08-29T20:54:41.421Z,6592,2026-08-29T20:54:41.421Z,CON,Conway,dd7385f2-fbd4-41a4-afcd-7296aca5e198,SAMMS-Conway
202608292054380046,202608291904435372,202608291904434406,85,1604,Bronze INV,br_AdmissionAssessmentSummary,TASK_COMPLETE,SUCCESS,INFO,1642,1642,0,,2026-08-29T19:04:49.126Z,2026-08-29T20:54:41.421Z,6592,2026-08-29T20:54:41.421Z,D07,Medical Services Knox TN,dd7385f2-fbd4-41a4-afcd-7296aca5e198,SAMMS-KnoxvilleV6
202608292054380047,202608291904435373,202608291904434406,85,1605,Bronze INV,br_AdmissionAssessmentSummary,TASK_COMPLETE,SUCCESS,INFO,1041,1041,0,,2026-08-29T19:04:49.126Z,2026-08-29T20:54:41.421Z,6592,2026-08-29T20:54:41.421Z,D08,Madison,dd7385f2-fbd4-41a4-afcd-7296aca5e198,SAMMS-MadisonV6
202608292054380048,202608291904435374,202608291904434406,85,1607,Bronze INV,br_AdmissionAssessmentSummary,TASK_COMPLETE,SUCCESS,INFO,988,988,0,,2026-08-29T19:04:49.126Z,2026-08-29T20:54:41.421Z,6592,2026-08-29T20:54:41.421Z,D09,Murfreesboro,dd7385f2-fbd4-41a4-afcd-7296aca5e198,SAMMS-MurfreesboroV6
202608292054380049,202608291904435375,202608291904434406,85,1608,Bronze INV,br_AdmissionAssessmentSummary,TASK_COMPLETE,SUCCESS,INFO,231,231,0,,2026-08-29T19:04:49.126Z,2026-08-29T20:54:41.421Z,6592,2026-08-29T20:54:41.421Z,DA,Davenport,dd7385f2-fbd4-41a4-afcd-7296aca5e198,SAMMS-Davenport
202608292054380051,202608291904435376,202608291904434406,85,1609,Bronze INV,br_AdmissionAssessmentSummary,TASK_COMPLETE,SUCCESS,INFO,366,366,0,,2026-08-29T19:04:49.126Z,2026-08-29T20:54:41.421Z,6592,2026-08-29T20:54:41.421Z,DM,Des Moines,dd7385f2-fbd4-41a4-afcd-7296aca5e198,SAMMS-DesMoines
202608292054380052,202608291904435377,202608291904434406,85,1611,Bronze INV,br_AdmissionAssessmentSummary,TASK_COMPLETE,SUCCESS,INFO,500,500,0,,2026-08-29T19:04:49.126Z,2026-08-29T20:54:41.421Z,6592,2026-08-29T20:54:41.421Z,DRD-CO,Columbia MO,dd7385f2-fbd4-41a4-afcd-7296aca5e198,SAMMS-ColumbiaV5
202608292054380053,202608291904435378,202608291904434406,85,1612,Bronze INV,br_AdmissionAssessmentSummary,TASK_COMPLETE,SUCCESS,INFO,620,620,0,,2026-08-29T19:04:49.126Z,2026-08-29T20:54:41.421Z,6592,2026-08-29T20:54:41.421Z,DRD-KC,KC,dd7385f2-fbd4-41a4-afcd-7296aca5e198,SAMMS-KCv5
202608292054380054,202608291904435379,202608291904434406,85,1613,Bronze INV,br_AdmissionAssessmentSummary,TASK_COMPLETE,SUCCESS,INFO,989,989,0,,2026-08-29T19:04:49.126Z,2026-08-29T20:54:41.421Z,6592,2026-08-29T20:54:41.421Z,DRD-KVB,KVB,dd7385f2-fbd4-41a4-afcd-7296aca5e198,SAMMS-KVBv5
202608292054380055,202608291904435380,202608291904434406,85,1614,Bronze INV,br_AdmissionAssessmentSummary,TASK_COMPLETE,SUCCESS,INFO,1611,1611,0,,2026-08-29T19:04:49.126Z,2026-08-29T20:54:41.421Z,6592,2026-08-29T20:54:41.421Z,DRD-KVC,KVC,dd7385f2-fbd4-41a4-afcd-7296aca5e198,SAMMS-KVCv5
202608292054380057,202608291904435381,202608291904434406,85,1615,Bronze INV,br_AdmissionAssessmentSummary,TASK_COMPLETE,SUCCESS,INFO,1275,1275,0,,2026-08-29T19:04:49.126Z,2026-08-29T20:54:41.421Z,6592,2026-08-29T20:54:41.421Z,DRD-NOLA,NOLA,dd7385f2-fbd4-41a4-afcd-7296aca5e198,SAMMS-NOLAv5
202608292054380058,202608291904435382,202608291904434406,85,1616,Bronze INV,br_AdmissionAssessmentSummary,TASK_COMPLETE,SUCCESS,INFO,780,780,0,,2026-08-29T19:04:49.126Z,2026-08-29T20:54:41.421Z,6592,2026-08-29T20:54:41.421Z,DRD-SF,Springfield,dd7385f2-fbd4-41a4-afcd-7296aca5e198,SAMMS-SFv5
202608292054380059,202608291904435383,202608291904434406,85,1618,Bronze INV,br_AdmissionAssessmentSummary,TASK_COMPLETE,SUCCESS,INFO,284,284,0,,2026-08-29T19:04:49.126Z,2026-08-29T20:54:41.421Z,6592,2026-08-29T20:54:41.421Z,ELC,Elizabeth City,dd7385f2-fbd4-41a4-afcd-7296aca5e198,SAMMS-ElizabethCity
202608292054380060,202608291904435384,202608291904434406,85,1619,Bronze INV,br_AdmissionAssessmentSummary,TASK_COMPLETE,SUCCESS,INFO,285,285,0,,2026-08-29T19:04:49.126Z,2026-08-29T20:54:41.421Z,6592,2026-08-29T20:54:41.421Z,ET,Elizabethtown,dd7385f2-fbd4-41a4-afcd-7296aca5e198,SAMMS-Elizabethtown
202608292054380061,202608291904435385,202608291904434406,85,1620,Bronze INV,br_AdmissionAssessmentSummary,TASK_COMPLETE,SUCCESS,INFO,240,240,0,,2026-08-29T19:04:49.126Z,2026-08-29T20:54:41.421Z,6592,2026-08-29T20:54:41.421Z,FAY,Fayetteville,dd7385f2-fbd4-41a4-afcd-7296aca5e198,SAMMS-Fayetteville
202608292054380063,202608291904435386,202608291904434406,85,1621,Bronze INV,br_AdmissionAssessmentSummary,TASK_COMPLETE,SUCCESS,INFO,185,185,0,,2026-08-29T19:04:49.126Z,2026-08-29T20:54:41.421Z,6592,2026-08-29T20:54:41.421Z,FR,Frankfort,dd7385f2-fbd4-41a4-afcd-7296aca5e198,SAMMS-Frankfort
202608292054380064,202608291904435387,202608291904434406,85,1622,Bronze INV,br_AdmissionAssessmentSummary,TASK_COMPLETE,SUCCESS,INFO,297,297,0,,2026-08-29T19:04:49.126Z,2026-08-29T20:54:41.421Z,6592,2026-08-29T20:54:41.421Z,FS,Fort Smith,dd7385f2-fbd4-41a4-afcd-7296aca5e198,SAMMS-FortSmith
202608292054380065,202608291904435388,202608291904434406,85,1623,Bronze INV,br_AdmissionAssessmentSummary,TASK_COMPLETE,SUCCESS,INFO,688,688,0,,2026-08-29T19:04:49.126Z,2026-08-29T20:54:41.421Z,6592,2026-08-29T20:54:41.421Z,FW,Fort Wayne,dd7385f2-fbd4-41a4-afcd-7296aca5e198,SAMMS-FortWayne
202608292054380066,202608291904435389,202608291904434406,85,1624,Bronze INV,br_AdmissionAssessmentSummary,TASK_COMPLETE,SUCCESS,INFO,128,128,0,,2026-08-29T19:04:49.126Z,2026-08-29T20:54:41.421Z,6592,2026-08-29T20:54:41.421Z,GAL,Gaylord,dd7385f2-fbd4-41a4-afcd-7296aca5e198,SAMMS-Gaylord
202608292054380067,202608291904435390,202608291904434406,85,1628,Bronze INV,br_AdmissionAssessmentSummary,TASK_COMPLETE,SUCCESS,INFO,639,639,0,,2026-08-29T19:04:49.126Z,2026-08-29T20:54:41.421Z,6592,2026-08-29T20:54:41.421Z,HGT,Hagerstown,dd7385f2-fbd4-41a4-afcd-7296aca5e198,SAMMS-Hagerstown
202608292054380068,202608291904435391,202608291904434406,85,1629,Bronze INV,br_AdmissionAssessmentSummary,TASK_COMPLETE,SUCCESS,INFO,492,492,0,,2026-08-29T19:04:49.126Z,2026-08-29T20:54:41.421Z,6592,2026-08-29T20:54:41.421Z,HNT,Huntsville,dd7385f2-fbd4-41a4-afcd-7296aca5e198,SAMMS-Huntsville
202608292054380069,202608291904435392,202608291904434406,85,1630,Bronze INV,br_AdmissionAssessmentSummary,TASK_COMPLETE,SUCCESS,INFO,360,360,0,,2026-08-29T19:04:49.126Z,2026-08-29T20:54:41.421Z,6592,2026-08-29T20:54:41.421Z,HS,Hot Springs,dd7385f2-fbd4-41a4-afcd-7296aca5e198,SAMMS-HotSprings
202608292054380070,202608291904435393,202608291904434406,85,1631,Bronze INV,br_AdmissionAssessmentSummary,TASK_COMPLETE,SUCCESS,INFO,268,268,0,,2026-08-29T19:04:49.126Z,2026-08-29T20:54:41.421Z,6592,2026-08-29T20:54:41.421Z,JON,Jonesboro,dd7385f2-fbd4-41a4-afcd-7296aca5e198,SAMMS-Jonesboro
202608292054380072,202608291904435394,202608291904434406,85,1633,Bronze INV,br_AdmissionAssessmentSummary,TASK_COMPLETE,SUCCESS,INFO,197,197,0,,2026-08-29T19:04:49.126Z,2026-08-29T20:54:41.421Z,6592,2026-08-29T20:54:41.421Z,LAN,Lansing,dd7385f2-fbd4-41a4-afcd-7296aca5e198,SAMMS-Lansing
202608292054380073,202608291904435395,202608291904434406,85,1634,Bronze INV,br_AdmissionAssessmentSummary,TASK_COMPLETE,SUCCESS,INFO,450,450,0,,2026-08-29T19:04:49.126Z,2026-08-29T20:54:41.421Z,6592,2026-08-29T20:54:41.421Z,LO,Louisville,dd7385f2-fbd4-41a4-afcd-7296aca5e198,SAMMS-Louisville
202608292054380074,202608291904435396,202608291904434406,85,1635,Bronze INV,br_AdmissionAssessmentSummary,TASK_COMPLETE,SUCCESS,INFO,1223,1223,0,,2026-08-29T19:04:49.126Z,2026-08-29T20:54:41.421Z,6592,2026-08-29T20:54:41.421Z,LV1,Cheyenne,dd7385f2-fbd4-41a4-afcd-7296aca5e198,SAMMS-Cheyenne
202608292054380075,202608291904435397,202608291904434406,85,1636,Bronze INV,br_AdmissionAssessmentSummary,TASK_COMPLETE,SUCCESS,INFO,967,967,0,,2026-08-29T19:04:49.126Z,2026-08-29T20:54:41.421Z,6592,2026-08-29T20:54:41.421Z,LV2,Desert Inn,dd7385f2-fbd4-41a4-afcd-7296aca5e198,SAMMS-DesertInn
202608292054380076,202608291904435398,202608291904434406,85,1637,Bronze INV,br_AdmissionAssessmentSummary,TASK_COMPLETE,SUCCESS,INFO,322,322,0,,2026-08-29T19:04:49.126Z,2026-08-29T20:54:41.421Z,6592,2026-08-29T20:54:41.421Z,LV3,McDaniel,dd7385f2-fbd4-41a4-afcd-7296aca5e198,SAMMS-McDaniel
202608292054380077,202608291904435399,202608291904434406,85,1640,Bronze INV,br_AdmissionAssessmentSummary,TASK_COMPLETE,SUCCESS,INFO,279,279,0,,2026-08-29T19:04:49.126Z,2026-08-29T20:54:41.421Z,6592,2026-08-29T20:54:41.421Z,MNRE,Monroe,dd7385f2-fbd4-41a4-afcd-7296aca5e198,SAMMS-Monroe
202608292054380078,202608291904435400,202608291904434406,85,1641,Bronze INV,br_AdmissionAssessmentSummary,TASK_COMPLETE,SUCCESS,INFO,196,196,0,,2026-08-29T19:04:49.126Z,2026-08-29T20:54:41.421Z,6592,2026-08-29T20:54:41.421Z,MP,Mt. Pleasant,dd7385f2-fbd4-41a4-afcd-7296aca5e198,SAMMS-MtPleasant
202608292054380080,202608291904435401,202608291904434406,85,1642,Bronze INV,br_AdmissionAssessmentSummary,TASK_COMPLETE,SUCCESS,INFO,176,176,0,,2026-08-29T19:04:49.126Z,2026-08-29T20:54:41.421Z,6592,2026-08-29T20:54:41.421Z,MRD,Meridian,dd7385f2-fbd4-41a4-afcd-7296aca5e198,SAMMS-Meridian
202608292054380081,202608291904435402,202608291904434406,85,1647,Bronze INV,br_AdmissionAssessmentSummary,TASK_COMPLETE,SUCCESS,INFO,644,644,0,,2026-08-29T19:04:49.126Z,2026-08-29T20:54:41.421Z,6592,2026-08-29T20:54:41.421Z,NC,North Charleston,dd7385f2-fbd4-41a4-afcd-7296aca5e198,SAMMS-NorthCharleston
202608292054380082,202608291904435403,202608291904434406,85,1648,Bronze INV,br_AdmissionAssessmentSummary,TASK_COMPLETE,SUCCESS,INFO,579,579,0,,2026-08-29T19:04:49.126Z,2026-08-29T20:54:41.421Z,6592,2026-08-29T20:54:41.421Z,NLR,N. Little Rock,dd7385f2-fbd4-41a4-afcd-7296aca5e198,SAMMS-NLROBOT
202608292054380083,202608291904435404,202608291904434406,85,1649,Bronze INV,br_AdmissionAssessmentSummary,TASK_COMPLETE,SUCCESS,INFO,247,247,0,,2026-08-29T19:04:49.126Z,2026-08-29T20:54:41.421Z,6592,2026-08-29T20:54:41.421Z,PH,Phoenix,dd7385f2-fbd4-41a4-afcd-7296aca5e198,SAMMS-Phoenix
202608292054380084,202608291904435405,202608291904434406,85,1653,Bronze INV,br_AdmissionAssessmentSummary,TASK_COMPLETE,SUCCESS,INFO,424,424,0,,2026-08-29T19:04:49.126Z,2026-08-29T20:54:41.421Z,6592,2026-08-29T20:54:41.421Z,RE,Reno,dd7385f2-fbd4-41a4-afcd-7296aca5e198,SAMMS-Reno
202608292054380085,202608291904435406,202608291904434406,85,1654,Bronze INV,br_AdmissionAssessmentSummary,TASK_COMPLETE,SUCCESS,INFO,407,407,0,,2026-08-29T19:04:49.126Z,2026-08-29T20:54:41.421Z,6592,2026-08-29T20:54:41.421Z,RMD,Richmond,dd7385f2-fbd4-41a4-afcd-7296aca5e198,SAMMS-Richmond
202608292054380087,202608291904435407,202608291904434406,85,1655,Bronze INV,br_AdmissionAssessmentSummary,TASK_COMPLETE,SUCCESS,INFO,505,505,0,,2026-08-29T19:04:49.126Z,2026-08-29T20:54:41.421Z,6592,2026-08-29T20:54:41.421Z,SFN,Springfield North,dd7385f2-fbd4-41a4-afcd-7296aca5e198,SAMMS-SFNv5
202608292054380088,202608291904435408,202608291904434406,85,1656,Bronze INV,br_AdmissionAssessmentSummary,TASK_COMPLETE,SUCCESS,INFO,465,465,0,,2026-08-29T19:04:49.126Z,2026-08-29T20:54:41.421Z,6592,2026-08-29T20:54:41.421Z,SHP,Shreveport,dd7385f2-fbd4-41a4-afcd-7296aca5e198,SAMMS-Shreveport
202608292054380089,202608291904435409,202608291904434406,85,1658,Bronze INV,br_AdmissionAssessmentSummary,TASK_COMPLETE,SUCCESS,INFO,88,88,0,,2026-08-29T19:04:49.126Z,2026-08-29T20:54:41.421Z,6592,2026-08-29T20:54:41.421Z,STN,Staunton,dd7385f2-fbd4-41a4-afcd-7296aca5e198,SAMMS-Staunton
202608292054380090,202608291904435410,202608291904434406,85,1659,Bronze INV,br_AdmissionAssessmentSummary,TASK_COMPLETE,SUCCESS,INFO,57,57,0,,2026-08-29T19:04:49.126Z,2026-08-29T20:54:41.421Z,6592,2026-08-29T20:54:41.421Z,STVN,Stevenson,dd7385f2-fbd4-41a4-afcd-7296aca5e198,SAMMS-Stevenson
202608292054380091,202608291904435411,202608291904434406,85,1661,Bronze INV,br_AdmissionAssessmentSummary,TASK_COMPLETE,SUCCESS,INFO,77,77,0,,2026-08-29T19:04:49.126Z,2026-08-29T20:54:41.421Z,6592,2026-08-29T20:54:41.421Z,TE,Tempe,dd7385f2-fbd4-41a4-afcd-7296aca5e198,SAMMS-Tempe
202608292054380092,202608291904435412,202608291904434406,85,1662,Bronze INV,br_AdmissionAssessmentSummary,TASK_COMPLETE,SUCCESS,INFO,393,393,0,,2026-08-29T19:04:49.126Z,2026-08-29T20:54:41.421Z,6592,2026-08-29T20:54:41.421Z,TEX,Texarkana,dd7385f2-fbd4-41a4-afcd-7296aca5e198,SAMMS-Texarkana
202608292054380093,202608291904435413,202608291904434406,85,1663,Bronze INV,br_AdmissionAssessmentSummary,TASK_COMPLETE,SUCCESS,INFO,470,470,0,,2026-08-29T19:04:49.126Z,2026-08-29T20:54:41.421Z,6592,2026-08-29T20:54:41.421Z,TTCA,Bessemer,dd7385f2-fbd4-41a4-afcd-7296aca5e198,SAMMS-BessemerV5
202608292054380095,202608291904435414,202608291904434406,85,1664,Bronze INV,br_AdmissionAssessmentSummary,TASK_COMPLETE,SUCCESS,INFO,555,555,0,,2026-08-29T19:04:49.126Z,2026-08-29T20:54:41.421Z,6592,2026-08-29T20:54:41.421Z,TTCB,Cullman,dd7385f2-fbd4-41a4-afcd-7296aca5e198,SAMMS-CullmanV5
202608292054380096,202608291904435415,202608291904434406,85,1665,Bronze INV,br_AdmissionAssessmentSummary,TASK_COMPLETE,SUCCESS,INFO,394,394,0,,2026-08-29T19:04:49.126Z,2026-08-29T20:54:41.421Z,6592,2026-08-29T20:54:41.421Z,TTCC,Grand Bay,dd7385f2-fbd4-41a4-afcd-7296aca5e198,SAMMS-GrandBay
202608292054380097,202608291904435416,202608291904434406,85,1666,Bronze INV,br_AdmissionAssessmentSummary,TASK_COMPLETE,SUCCESS,INFO,25,25,0,,2026-08-29T19:04:49.126Z,2026-08-29T20:54:41.421Z,6592,2026-08-29T20:54:41.421Z,TU,Tucson,dd7385f2-fbd4-41a4-afcd-7296aca5e198,SAMMS-Tucson
202608292054380098,202608291904435417,202608291904434406,85,1668,Bronze INV,br_AdmissionAssessmentSummary,TASK_COMPLETE,SUCCESS,INFO,266,266,0,,2026-08-29T19:04:49.126Z,2026-08-29T20:54:41.421Z,6592,2026-08-29T20:54:41.421Z,V1,Memphis South,dd7385f2-fbd4-41a4-afcd-7296aca5e198,SAMMS-VCPHCS-I-MemphisV5
202608292054380099,202608291904435418,202608291904434406,85,1669,Bronze INV,br_AdmissionAssessmentSummary,TASK_COMPLETE,SUCCESS,INFO,710,710,0,,2026-08-29T19:04:49.126Z,2026-08-29T20:54:41.421Z,6592,2026-08-29T20:54:41.421Z,V10,Longmont,dd7385f2-fbd4-41a4-afcd-7296aca5e198,SAMMS-BoulderV5
202608292054380100,202608291904435419,202608291904434406,85,1670,Bronze INV,br_AdmissionAssessmentSummary,TASK_COMPLETE,SUCCESS,INFO,1214,1214,0,,2026-08-29T19:04:49.126Z,2026-08-29T20:54:41.421Z,6592,2026-08-29T20:54:41.421Z,V10A,Fort Collins,dd7385f2-fbd4-41a4-afcd-7296aca5e198,SAMMS-FortCollinsV5
202608292054380102,202608291904435420,202608291904434406,85,1671,Bronze INV,br_AdmissionAssessmentSummary,TASK_COMPLETE,SUCCESS,INFO,1058,1058,0,,2026-08-29T19:04:49.126Z,2026-08-29T20:54:41.421Z,6592,2026-08-29T20:54:41.421Z,V11,Westminster,dd7385f2-fbd4-41a4-afcd-7296aca5e198,SAMMS-VCPHCS-XI-NorthDenverV5
202608292054380103,202608291904435421,202608291904434406,85,1672,Bronze INV,br_AdmissionAssessmentSummary,TASK_COMPLETE,SUCCESS,INFO,1118,1118,0,,2026-08-29T19:04:49.126Z,2026-08-29T20:54:41.421Z,6592,2026-08-29T20:54:41.421Z,V12,Downtown Denver,dd7385f2-fbd4-41a4-afcd-7296aca5e198,SAMMS-VCPHCS-XII-DowntownDenverV5
202608292054380104,202608291904435422,202608291904434406,85,1673,Bronze INV,br_AdmissionAssessmentSummary,TASK_COMPLETE,SUCCESS,INFO,509,509,0,,2026-08-29T19:04:49.126Z,2026-08-29T20:54:41.421Z,6592,2026-08-29T20:54:41.421Z,V12A,Centennial,dd7385f2-fbd4-41a4-afcd-7296aca5e198,SAMMS-CentennialV5
202608292054380105,202608291904435423,202608291904434406,85,1674,Bronze INV,br_AdmissionAssessmentSummary,TASK_COMPLETE,SUCCESS,INFO,315,315,0,,2026-08-29T19:04:49.126Z,2026-08-29T20:54:41.421Z,6592,2026-08-29T20:54:41.421Z,V14,Overland Park,dd7385f2-fbd4-41a4-afcd-7296aca5e198,SAMMS-VCPHCS-XIV-BridgewayV5
202608292054380106,202608291904435424,202608291904434406,85,1675,Bronze INV,br_AdmissionAssessmentSummary,TASK_COMPLETE,SUCCESS,INFO,575,575,0,,2026-08-29T19:04:49.126Z,2026-08-29T20:54:41.421Z,6592,2026-08-29T20:54:41.421Z,V15,Joplin,dd7385f2-fbd4-41a4-afcd-7296aca5e198,SAMMS-JoplinV5
202608292054380107,202608291904435425,202608291904434406,85,1677,Bronze INV,br_AdmissionAssessmentSummary,TASK_COMPLETE,SUCCESS,INFO,491,491,0,,2026-08-29T19:04:49.126Z,2026-08-29T20:54:41.421Z,6592,2026-08-29T20:54:41.421Z,V17,Columbia TN,dd7385f2-fbd4-41a4-afcd-7296aca5e198,SAMMS-ColumbiaTNv5
202608292054380108,202608291904435426,202608291904434406,85,1679,Bronze INV,br_AdmissionAssessmentSummary,TASK_COMPLETE,SUCCESS,INFO,441,441,0,,2026-08-29T19:04:49.126Z,2026-08-29T20:54:41.421Z,6592,2026-08-29T20:54:41.421Z,V19,Jackson,dd7385f2-fbd4-41a4-afcd-7296aca5e198,SAMMS-JacksonV5
202608292054380110,202608291904435427,202608291904434406,85,1681,Bronze INV,br_AdmissionAssessmentSummary,TASK_COMPLETE,SUCCESS,INFO,525,525,0,,2026-08-29T19:04:49.126Z,2026-08-29T20:54:41.421Z,6592,2026-08-29T20:54:41.421Z,V20,Paris,dd7385f2-fbd4-41a4-afcd-7296aca5e198,SAMMS-ParisV5
202608292054380111,202608291904435428,202608291904434406,85,1682,Bronze INV,br_AdmissionAssessmentSummary,TASK_COMPLETE,SUCCESS,INFO,369,369,0,,2026-08-29T19:04:49.126Z,2026-08-29T20:54:41.421Z,6592,2026-08-29T20:54:41.421Z,V21,Memphis North,dd7385f2-fbd4-41a4-afcd-7296aca5e198,SAMMS-RaleighV5
202608292054380112,202608291904435429,202608291904434406,85,1685,Bronze INV,br_AdmissionAssessmentSummary,TASK_COMPLETE,SUCCESS,INFO,730,730,0,,2026-08-29T19:04:49.126Z,2026-08-29T20:54:41.421Z,6592,2026-08-29T20:54:41.421Z,V5,West Bank,dd7385f2-fbd4-41a4-afcd-7296aca5e198,SAMMS-NONTCv5
202608292054380113,202608291904435430,202608291904434406,85,1687,Bronze INV,br_AdmissionAssessmentSummary,TASK_COMPLETE,SUCCESS,INFO,262,262,0,,2026-08-29T19:04:49.126Z,2026-08-29T20:54:41.421Z,6592,2026-08-29T20:54:41.421Z,V5B,Houma,dd7385f2-fbd4-41a4-afcd-7296aca5e198,SAMMS-HoumaV6
202608292054380114,202608291904435431,202608291904434406,85,1688,Bronze INV,br_AdmissionAssessmentSummary,TASK_COMPLETE,SUCCESS,INFO,983,983,0,,2026-08-29T19:04:49.126Z,2026-08-29T20:54:41.421Z,6592,2026-08-29T20:54:41.421Z,V6,Lake Charles,dd7385f2-fbd4-41a4-afcd-7296aca5e198,SAMMS-LCv5
202608292054380115,202608291904435432,202608291904434406,85,1690,Bronze INV,br_AdmissionAssessmentSummary,TASK_COMPLETE,SUCCESS,INFO,583,583,0,,2026-08-29T19:04:49.126Z,2026-08-29T20:54:41.421Z,6592,2026-08-29T20:54:41.421Z,V8,Memphis Midtown,dd7385f2-fbd4-41a4-afcd-7296aca5e198,SAMMS-VCPHCS-VIII-MemphisV5
202608292054380117,202608291904435433,202608291904434406,85,1691,Bronze INV,br_AdmissionAssessmentSummary,TASK_COMPLETE,SUCCESS,INFO,1631,1631,0,,2026-08-29T19:04:49.126Z,2026-08-29T20:54:41.421Z,6592,2026-08-29T20:54:41.421Z,V9,Nashville,dd7385f2-fbd4-41a4-afcd-7296aca5e198,SAMMS-NashvilleV5
202608292054380118,202608291904435434,202608291904434406,85,1692,Bronze INV,br_AdmissionAssessmentSummary,TASK_COMPLETE,SUCCESS,INFO,350,350,0,,2026-08-29T19:04:49.126Z,2026-08-29T20:54:41.421Z,6592,2026-08-29T20:54:41.421Z,VBRA,Brainerd,dd7385f2-fbd4-41a4-afcd-7296aca5e198,SAMMS-BrainerdV6
202608292054380119,202608291904435435,202608291904434406,85,1693,Bronze INV,br_AdmissionAssessmentSummary,TASK_COMPLETE,SUCCESS,INFO,617,617,0,,2026-08-29T19:04:49.126Z,2026-08-29T20:54:41.421Z,6592,2026-08-29T20:54:41.421Z,VBRP,Brooklyn Park,dd7385f2-fbd4-41a4-afcd-7296aca5e198,SAMMS-BrooklynParkV6
202608292054380120,202608291904435436,202608291904434406,85,1695,Bronze INV,br_AdmissionAssessmentSummary,TASK_COMPLETE,SUCCESS,INFO,596,596,0,,2026-08-29T19:04:49.126Z,2026-08-29T20:54:41.421Z,6592,2026-08-29T20:54:41.421Z,VMIN,Minneapolis,dd7385f2-fbd4-41a4-afcd-7296aca5e198,SAMMS-MinneapolisV6
202608292054380121,202608291904435437,202608291904434406,85,1696,Bronze INV,br_AdmissionAssessmentSummary,TASK_COMPLETE,SUCCESS,INFO,1132,1132,0,,2026-08-29T19:04:49.126Z,2026-08-29T20:54:41.421Z,6592,2026-08-29T20:54:41.421Z,VWBY,Woodbury,dd7385f2-fbd4-41a4-afcd-7296aca5e198,SAMMS-WoodburyV6
202608292054380122,202608291904435438,202608291904434406,85,1698,Bronze INV,br_AdmissionAssessmentSummary,TASK_COMPLETE,SUCCESS,INFO,443,443,0,,2026-08-29T19:04:49.126Z,2026-08-29T20:54:41.421Z,6592,2026-08-29T20:54:41.421Z,WIL,Wilson,dd7385f2-fbd4-41a4-afcd-7296aca5e198,SAMMS-Wilson
202608312116372808,202608311905653269,202608311905652236,85,782,Bronze INV,br_AdmissionAssessmentDimensionOneDisorder,TASK_COMPLETE,SUCCESS,INFO,115,115,0,,2026-08-31T19:06:18.658Z,2026-08-31T21:16:41.151Z,7823,2026-08-31T21:16:41.151Z,AHK,Ahoskie,79f5b39e-d314-4ad3-8050-3ace553d67de,SAMMS-Ahoskie
202608312116372809,202608311905653270,202608311905652236,85,783,Bronze INV,br_AdmissionAssessmentDimensionOneDisorder,TASK_COMPLETE,SUCCESS,INFO,805,805,0,,2026-08-31T19:06:18.658Z,2026-08-31T21:16:41.151Z,7823,2026-08-31T21:16:41.151Z,B12B,Colorado Springs,79f5b39e-d314-4ad3-8050-3ace553d67de,SAMMS-ColoradoSpringsV5
202608312116372810,202608311905653271,202608311905652236,85,784,Bronze INV,br_AdmissionAssessmentDimensionOneDisorder,TASK_COMPLETE,SUCCESS,INFO,432,432,0,,2026-08-31T19:06:18.658Z,2026-08-31T21:16:41.151Z,7823,2026-08-31T21:16:41.151Z,B24,Paintsville,79f5b39e-d314-4ad3-8050-3ace553d67de,SAMMS-PaintsvilleV5
202608312116372811,202608311905653272,202608311905652236,85,785,Bronze INV,br_AdmissionAssessmentDimensionOneDisorder,TASK_COMPLETE,SUCCESS,INFO,174,174,0,,2026-08-31T19:06:18.658Z,2026-08-31T21:16:41.151Z,7823,2026-08-31T21:16:41.151Z,B25,Pikeville,79f5b39e-d314-4ad3-8050-3ace553d67de,SAMMS-PikevilleV5
202608312116372812,202608311905653273,202608311905652236,85,786,Bronze INV,br_AdmissionAssessmentDimensionOneDisorder,TASK_COMPLETE,SUCCESS,INFO,500,500,0,,2026-08-31T19:06:18.658Z,2026-08-31T21:16:41.151Z,7823,2026-08-31T21:16:41.151Z,B26,Hazard,79f5b39e-d314-4ad3-8050-3ace553d67de,SAMMS-HazardV5
202608312116372814,202608311905653274,202608311905652236,85,787,Bronze INV,br_AdmissionAssessmentDimensionOneDisorder,TASK_COMPLETE,SUCCESS,INFO,198,198,0,,2026-08-31T19:06:18.658Z,2026-08-31T21:16:41.151Z,7823,2026-08-31T21:16:41.151Z,B27,Savannah,79f5b39e-d314-4ad3-8050-3ace553d67de,SAMMS-SavannahV6
202608312116372815,202608311905653275,202608311905652236,85,788,Bronze INV,br_AdmissionAssessmentDimensionOneDisorder,TASK_COMPLETE,SUCCESS,INFO,239,239,0,,2026-08-31T19:06:18.658Z,2026-08-31T21:16:41.151Z,7823,2026-08-31T21:16:41.151Z,B28,West Plains,79f5b39e-d314-4ad3-8050-3ace553d67de,SAMMS-WestPlainesV5
202608312116372816,202608311905653276,202608311905652236,85,789,Bronze INV,br_AdmissionAssessmentDimensionOneDisorder,TASK_COMPLETE,SUCCESS,INFO,264,264,0,,2026-08-31T19:06:18.658Z,2026-08-31T21:16:41.151Z,7823,2026-08-31T21:16:41.151Z,B29,Poplar Bluff,79f5b39e-d314-4ad3-8050-3ace553d67de,SAMMS-PoplarBluffV5
202608312116372817,202608311905653277,202608311905652236,85,790,Bronze INV,br_AdmissionAssessmentDimensionOneDisorder,TASK_COMPLETE,SUCCESS,INFO,167,167,0,,2026-08-31T19:06:18.658Z,2026-08-31T21:16:41.151Z,7823,2026-08-31T21:16:41.151Z,B30,KC North,79f5b39e-d314-4ad3-8050-3ace553d67de,SAMMS-KCNv5
202608312116372818,202608311905653278,202608311905652236,85,791,Bronze INV,br_AdmissionAssessmentDimensionOneDisorder,TASK_COMPLETE,SUCCESS,INFO,387,387,0,,2026-08-31T19:06:18.658Z,2026-08-31T21:16:41.151Z,7823,2026-08-31T21:16:41.151Z,B31,Dyersburg,79f5b39e-d314-4ad3-8050-3ace553d67de,SAMMS-DyersburgV5
202608312116372819,202608311905653279,202608311905652236,85,793,Bronze INV,br_AdmissionAssessmentDimensionOneDisorder,TASK_COMPLETE,SUCCESS,INFO,216,216,0,,2026-08-31T19:06:18.658Z,2026-08-31T21:16:41.151Z,7823,2026-08-31T21:16:41.151Z,B33,Paducah,79f5b39e-d314-4ad3-8050-3ace553d67de,SAMMS-Paducah
202608312116372820,202608311905653280,202608311905652236,85,794,Bronze INV,br_AdmissionAssessmentDimensionOneDisorder,TASK_COMPLETE,SUCCESS,INFO,461,461,0,,2026-08-31T19:06:18.658Z,2026-08-31T21:16:41.151Z,7823,2026-08-31T21:16:41.151Z,B34,Corbin,79f5b39e-d314-4ad3-8050-3ace553d67de,SAMMS-CorbinV5
202608312116372821,202608311905653281,202608311905652236,85,795,Bronze INV,br_AdmissionAssessmentDimensionOneDisorder,TASK_COMPLETE,SUCCESS,INFO,738,738,0,,2026-08-31T19:06:18.658Z,2026-08-31T21:16:41.151Z,7823,2026-08-31T21:16:41.151Z,B35,Lexington,79f5b39e-d314-4ad3-8050-3ace553d67de,SAMMS-LexingtonV5
202608312116372822,202608311905653282,202608311905652236,85,796,Bronze INV,br_AdmissionAssessmentDimensionOneDisorder,TASK_COMPLETE,SUCCESS,INFO,354,354,0,,2026-08-31T19:06:18.658Z,2026-08-31T21:16:41.151Z,7823,2026-08-31T21:16:41.151Z,B35A,Berea,79f5b39e-d314-4ad3-8050-3ace553d67de,SAMMS-BereaV5
202608312116372824,202608311905653283,202608311905652236,85,797,Bronze INV,br_AdmissionAssessmentDimensionOneDisorder,TASK_COMPLETE,SUCCESS,INFO,635,635,0,,2026-08-31T19:06:18.658Z,2026-08-31T21:16:41.151Z,7823,2026-08-31T21:16:41.151Z,B36,Asheville,79f5b39e-d314-4ad3-8050-3ace553d67de,SAMMS-AshevilleV5
202608312116372825,202608311905653284,202608311905652236,85,798,Bronze INV,br_AdmissionAssessmentDimensionOneDisorder,TASK_COMPLETE,SUCCESS,INFO,471,471,0,,2026-08-31T19:06:18.658Z,2026-08-31T21:16:41.151Z,7823,2026-08-31T21:16:41.151Z,B37,Clyde,79f5b39e-d314-4ad3-8050-3ace553d67de,SAMMS-ClydeV5
202608312116372826,202608311905653285,202608311905652236,85,799,Bronze INV,br_AdmissionAssessmentDimensionOneDisorder,TASK_COMPLETE,SUCCESS,INFO,644,644,0,,2026-08-31T19:06:18.658Z,2026-08-31T21:16:41.151Z,7823,2026-08-31T21:16:41.151Z,B38,Spartanburg,79f5b39e-d314-4ad3-8050-3ace553d67de,SAMMS-SpartanburgV5
202608312116372827,202608311905653286,202608311905652236,85,800,Bronze INV,br_AdmissionAssessmentDimensionOneDisorder,TASK_COMPLETE,SUCCESS,INFO,496,496,0,,2026-08-31T19:06:18.658Z,2026-08-31T21:16:41.151Z,7823,2026-08-31T21:16:41.151Z,B39,Aiken,79f5b39e-d314-4ad3-8050-3ace553d67de,SAMMS-AikenV5
202608312116372828,202608311905653287,202608311905652236,85,801,Bronze INV,br_AdmissionAssessmentDimensionOneDisorder,TASK_COMPLETE,SUCCESS,INFO,329,329,0,,2026-08-31T19:06:18.658Z,2026-08-31T21:16:41.151Z,7823,2026-08-31T21:16:41.151Z,B41,Chesapeake,79f5b39e-d314-4ad3-8050-3ace553d67de,SAMMS-ChesapeakeV5
202608312116372829,202608311905653288,202608311905652236,85,802,Bronze INV,br_AdmissionAssessmentDimensionOneDisorder,TASK_COMPLETE,SUCCESS,INFO,562,562,0,,2026-08-31T19:06:18.658Z,2026-08-31T21:16:41.151Z,7823,2026-08-31T21:16:41.151Z,B42,Virginia Beach,79f5b39e-d314-4ad3-8050-3ace553d67de,SAMMS-VirginiaBeachV5
202608312116372830,202608311905653289,202608311905652236,85,803,Bronze INV,br_AdmissionAssessmentDimensionOneDisorder,TASK_COMPLETE,SUCCESS,INFO,170,170,0,,2026-08-31T19:06:18.658Z,2026-08-31T21:16:41.151Z,7823,2026-08-31T21:16:41.151Z,B42A,Newport News,79f5b39e-d314-4ad3-8050-3ace553d67de,SAMMS-NewportNewsV5
202608312116372832,202608311905653290,202608311905652236,85,804,Bronze INV,br_AdmissionAssessmentDimensionOneDisorder,TASK_COMPLETE,SUCCESS,INFO,61,61,0,,2026-08-31T19:06:18.658Z,2026-08-31T21:16:41.151Z,7823,2026-08-31T21:16:41.151Z,B42B,Franklin,79f5b39e-d314-4ad3-8050-3ace553d67de,SAMMS-FranklinV5
202608312116372833,202608311905653291,202608311905652236,85,805,Bronze INV,br_AdmissionAssessmentDimensionOneDisorder,TASK_COMPLETE,SUCCESS,INFO,351,351,0,,2026-08-31T19:06:18.658Z,2026-08-31T21:16:41.151Z,7823,2026-08-31T21:16:41.151Z,B42C,Glen Allen,79f5b39e-d314-4ad3-8050-3ace553d67de,SAMMS-GlenAllenV5
202608312116372834,202608311905653292,202608311905652236,85,806,Bronze INV,br_AdmissionAssessmentDimensionOneDisorder,TASK_COMPLETE,SUCCESS,INFO,174,174,0,,2026-08-31T19:06:18.658Z,2026-08-31T21:16:41.151Z,7823,2026-08-31T21:16:41.151Z,B42D,Chesapeake South,79f5b39e-d314-4ad3-8050-3ace553d67de,SAMMS-ChesapeakeSouthV5
202608312116372835,202608311905653293,202608311905652236,85,807,Bronze INV,br_AdmissionAssessmentDimensionOneDisorder,TASK_COMPLETE,SUCCESS,INFO,219,219,0,,2026-08-31T19:06:18.658Z,2026-08-31T21:16:41.151Z,7823,2026-08-31T21:16:41.151Z,B44,Albany,79f5b39e-d314-4ad3-8050-3ace553d67de,SAMMS-AlbanyV5
202608312116372836,202608311905653294,202608311905652236,85,808,Bronze INV,br_AdmissionAssessmentDimensionOneDisorder,TASK_COMPLETE,SUCCESS,INFO,312,312,0,,2026-08-31T19:06:18.658Z,2026-08-31T21:16:41.151Z,7823,2026-08-31T21:16:41.151Z,B45,Tifton,79f5b39e-d314-4ad3-8050-3ace553d67de,SAMMS-TiftonV5
202608312116372837,202608311905653295,202608311905652236,85,809,Bronze INV,br_AdmissionAssessmentDimensionOneDisorder,TASK_COMPLETE,SUCCESS,INFO,710,710,0,,2026-08-31T19:06:18.658Z,2026-08-31T21:16:41.151Z,7823,2026-08-31T21:16:41.151Z,B46,Washington DC,79f5b39e-d314-4ad3-8050-3ace553d67de,SAMMS-WashingtonDCv5
202608312116372838,202608311905653296,202608311905652236,85,810,Bronze INV,br_AdmissionAssessmentDimensionOneDisorder,TASK_COMPLETE,SUCCESS,INFO,394,394,0,,2026-08-31T19:06:18.658Z,2026-08-31T21:16:41.151Z,7823,2026-08-31T21:16:41.151Z,B47,Mobile,79f5b39e-d314-4ad3-8050-3ace553d67de,SAMMS-MobileV5
202608312116372839,202608311905653297,202608311905652236,85,811,Bronze INV,br_AdmissionAssessmentDimensionOneDisorder,TASK_COMPLETE,SUCCESS,INFO,480,480,0,,2026-08-31T19:06:18.658Z,2026-08-31T21:16:41.151Z,7823,2026-08-31T21:16:41.151Z,B48,Tuscaloosa,79f5b39e-d314-4ad3-8050-3ace553d67de,SAMMS-TuscaloosaV5
202608312116372840,202608311905653298,202608311905652236,85,820,Bronze INV,br_AdmissionAssessmentDimensionOneDisorder,TASK_COMPLETE,SUCCESS,INFO,325,325,0,,2026-08-31T19:06:18.658Z,2026-08-31T21:16:41.151Z,7823,2026-08-31T21:16:41.151Z,B51,N. Little Rock (OTP),79f5b39e-d314-4ad3-8050-3ace553d67de,SAMMS-NorthLittleRockV6
202608312116372841,202608311905653299,202608311905652236,85,821,Bronze INV,br_AdmissionAssessmentDimensionOneDisorder,TASK_COMPLETE,SUCCESS,INFO,164,164,0,,2026-08-31T19:06:18.658Z,2026-08-31T21:16:41.151Z,7823,2026-08-31T21:16:41.151Z,B52,Jackson GA,79f5b39e-d314-4ad3-8050-3ace553d67de,SAMMS-JacksonGAV5
202608312116372842,202608311905653300,202608311905652236,85,822,Bronze INV,br_AdmissionAssessmentDimensionOneDisorder,TASK_COMPLETE,SUCCESS,INFO,511,511,0,,2026-08-31T19:06:18.658Z,2026-08-31T21:16:41.151Z,7823,2026-08-31T21:16:41.151Z,B54,Gadsden,79f5b39e-d314-4ad3-8050-3ace553d67de,SAMMS-GadsdenV5
202608312116372844,202608311905653301,202608311905652236,85,823,Bronze INV,br_AdmissionAssessmentDimensionOneDisorder,TASK_COMPLETE,SUCCESS,INFO,517,517,0,,2026-08-31T19:06:18.658Z,2026-08-31T21:16:41.151Z,7823,2026-08-31T21:16:41.151Z,B55,Shoals,79f5b39e-d314-4ad3-8050-3ace553d67de,SAMMS-ShoalsV5
202608312116372845,202608311905653302,202608311905652236,85,824,Bronze INV,br_AdmissionAssessmentDimensionOneDisorder,TASK_COMPLETE,SUCCESS,INFO,179,179,0,,2026-08-31T19:06:18.658Z,2026-08-31T21:16:41.151Z,7823,2026-08-31T21:16:41.151Z,B57,Pawtucket,79f5b39e-d314-4ad3-8050-3ace553d67de,SAMMS-Pawtucket
202608312116372846,202608311905653303,202608311905652236,85,825,Bronze INV,br_AdmissionAssessmentDimensionOneDisorder,TASK_COMPLETE,SUCCESS,INFO,176,176,0,,2026-08-31T19:06:18.658Z,2026-08-31T21:16:41.151Z,7823,2026-08-31T21:16:41.151Z,B57A,Johnston,79f5b39e-d314-4ad3-8050-3ace553d67de,SAMMS-Johnston
202608312116372847,202608311905653304,202608311905652236,85,826,Bronze INV,br_AdmissionAssessmentDimensionOneDisorder,TASK_COMPLETE,SUCCESS,INFO,100,100,0,,2026-08-31T19:06:18.658Z,2026-08-31T21:16:41.151Z,7823,2026-08-31T21:16:41.151Z,B57B,Middletown,79f5b39e-d314-4ad3-8050-3ace553d67de,SAMMS-Middletown
202608312116372848,202608311905653305,202608311905652236,85,827,Bronze INV,br_AdmissionAssessmentDimensionOneDisorder,TASK_COMPLETE,SUCCESS,INFO,188,188,0,,2026-08-31T19:06:18.658Z,2026-08-31T21:16:41.151Z,7823,2026-08-31T21:16:41.151Z,B57C,Providence,79f5b39e-d314-4ad3-8050-3ace553d67de,SAMMS-Providence
202608312116372849,202608311905653306,202608311905652236,85,828,Bronze INV,br_AdmissionAssessmentDimensionOneDisorder,TASK_COMPLETE,SUCCESS,INFO,267,267,0,,2026-08-31T19:06:18.658Z,2026-08-31T21:16:41.151Z,7823,2026-08-31T21:16:41.151Z,B57D,Westerly,79f5b39e-d314-4ad3-8050-3ace553d67de,SAMMS-Westerly
202608312116372850,202608311905653307,202608311905652236,85,832,Bronze INV,br_AdmissionAssessmentDimensionOneDisorder,TASK_COMPLETE,SUCCESS,INFO,373,373,0,,2026-08-31T19:06:18.658Z,2026-08-31T21:16:41.151Z,7823,2026-08-31T21:16:41.151Z,B66A,Bremen,79f5b39e-d314-4ad3-8050-3ace553d67de,SAMMS-Bremen
202608312116372851,202608311905653308,202608311905652236,85,835,Bronze INV,br_AdmissionAssessmentDimensionOneDisorder,TASK_COMPLETE,SUCCESS,INFO,41,41,0,,2026-08-31T19:06:18.658Z,2026-08-31T21:16:41.151Z,7823,2026-08-31T21:16:41.151Z,B72,Mobile (OBOT),79f5b39e-d314-4ad3-8050-3ace553d67de,SAMMS-Mobile-OBOT
202608312116372852,202608311905653309,202608311905652236,85,836,Bronze INV,br_AdmissionAssessmentDimensionOneDisorder,TASK_COMPLETE,SUCCESS,INFO,4,4,0,,2026-08-31T19:06:18.658Z,2026-08-31T21:16:41.151Z,7823,2026-08-31T21:16:41.151Z,B73,Montgomery,79f5b39e-d314-4ad3-8050-3ace553d67de,SAMMS-Montgomery
202608312116372853,202608311905653310,202608311905652236,85,837,Bronze INV,br_AdmissionAssessmentDimensionOneDisorder,TASK_COMPLETE,SUCCESS,INFO,342,342,0,,2026-08-31T19:06:18.658Z,2026-08-31T21:16:41.151Z,7823,2026-08-31T21:16:41.151Z,B75,Lawrence,79f5b39e-d314-4ad3-8050-3ace553d67de,SAMMS-LawrenceV6
202608312116372854,202608311905653311,202608311905652236,85,838,Bronze INV,br_AdmissionAssessmentDimensionOneDisorder,TASK_COMPLETE,SUCCESS,INFO,54,54,0,,2026-08-31T19:06:18.658Z,2026-08-31T21:16:41.151Z,7823,2026-08-31T21:16:41.151Z,B76,Huntsville OBOT,79f5b39e-d314-4ad3-8050-3ace553d67de,SAMMS-Huntsville-OBOT
202608312116372855,202608311905653312,202608311905652236,85,839,Bronze INV,br_AdmissionAssessmentDimensionOneDisorder,TASK_COMPLETE,SUCCESS,INFO,306,306,0,,2026-08-31T19:06:18.658Z,2026-08-31T21:16:41.151Z,7823,2026-08-31T21:16:41.151Z,BAT,Batesville,79f5b39e-d314-4ad3-8050-3ace553d67de,SAMMS-Batesville
202608312116372857,202608311905653313,202608311905652236,85,840,Bronze INV,br_AdmissionAssessmentDimensionOneDisorder,TASK_COMPLETE,SUCCESS,INFO,245,245,0,,2026-08-31T19:06:18.658Z,2026-08-31T21:16:41.151Z,7823,2026-08-31T21:16:41.151Z,BG,Bowling Green,79f5b39e-d314-4ad3-8050-3ace553d67de,SAMMS-BowlingGreen
202608312116372858,202608311905653314,202608311905652236,85,841,Bronze INV,br_AdmissionAssessmentDimensionOneDisorder,TASK_COMPLETE,SUCCESS,INFO,234,234,0,,2026-08-31T19:06:18.658Z,2026-08-31T21:16:41.151Z,7823,2026-08-31T21:16:41.151Z,BOI,Boise,79f5b39e-d314-4ad3-8050-3ace553d67de,SAMMS-Boise
202608312116372859,202608311905653315,202608311905652236,85,848,Bronze INV,br_AdmissionAssessmentDimensionOneDisorder,TASK_COMPLETE,SUCCESS,INFO,309,309,0,,2026-08-31T19:06:18.658Z,2026-08-31T21:16:41.151Z,7823,2026-08-31T21:16:41.151Z,CBCO,Coeur dAlene,79f5b39e-d314-4ad3-8050-3ace553d67de,SAMMS-CoeurdAleneV6
202608312116372860,202608311905653316,202608311905652236,85,867,Bronze INV,br_AdmissionAssessmentDimensionOneDisorder,TASK_COMPLETE,SUCCESS,INFO,348,348,0,,2026-08-31T19:06:18.658Z,2026-08-31T21:16:41.151Z,7823,2026-08-31T21:16:41.151Z,CON,Conway,79f5b39e-d314-4ad3-8050-3ace553d67de,SAMMS-Conway
202608312116372861,202608311905653317,202608311905652236,85,868,Bronze INV,br_AdmissionAssessmentDimensionOneDisorder,TASK_COMPLETE,SUCCESS,INFO,1634,1634,0,,2026-08-31T19:06:18.658Z,2026-08-31T21:16:41.151Z,7823,2026-08-31T21:16:41.151Z,D07,Medical Services Knox TN,79f5b39e-d314-4ad3-8050-3ace553d67de,SAMMS-KnoxvilleV6
202608312116372862,202608311905653318,202608311905652236,85,869,Bronze INV,br_AdmissionAssessmentDimensionOneDisorder,TASK_COMPLETE,SUCCESS,INFO,1039,1039,0,,2026-08-31T19:06:18.658Z,2026-08-31T21:16:41.151Z,7823,2026-08-31T21:16:41.151Z,D08,Madison,79f5b39e-d314-4ad3-8050-3ace553d67de,SAMMS-MadisonV6
202608312116372863,202608311905653319,202608311905652236,85,871,Bronze INV,br_AdmissionAssessmentDimensionOneDisorder,TASK_COMPLETE,SUCCESS,INFO,983,983,0,,2026-08-31T19:06:18.658Z,2026-08-31T21:16:41.151Z,7823,2026-08-31T21:16:41.151Z,D09,Murfreesboro,79f5b39e-d314-4ad3-8050-3ace553d67de,SAMMS-MurfreesboroV6
202608312116372865,202608311905653320,202608311905652236,85,872,Bronze INV,br_AdmissionAssessmentDimensionOneDisorder,TASK_COMPLETE,SUCCESS,INFO,230,230,0,,2026-08-31T19:06:18.658Z,2026-08-31T21:16:41.151Z,7823,2026-08-31T21:16:41.151Z,DA,Davenport,79f5b39e-d314-4ad3-8050-3ace553d67de,SAMMS-Davenport
202608312116372866,202608311905653321,202608311905652236,85,873,Bronze INV,br_AdmissionAssessmentDimensionOneDisorder,TASK_COMPLETE,SUCCESS,INFO,364,364,0,,2026-08-31T19:06:18.658Z,2026-08-31T21:16:41.151Z,7823,2026-08-31T21:16:41.151Z,DM,Des Moines,79f5b39e-d314-4ad3-8050-3ace553d67de,SAMMS-DesMoines
202608312116372867,202608311905653322,202608311905652236,85,875,Bronze INV,br_AdmissionAssessmentDimensionOneDisorder,TASK_COMPLETE,SUCCESS,INFO,499,499,0,,2026-08-31T19:06:18.658Z,2026-08-31T21:16:41.151Z,7823,2026-08-31T21:16:41.151Z,DRD-CO,Columbia MO,79f5b39e-d314-4ad3-8050-3ace553d67de,SAMMS-ColumbiaV5
202608312116372868,202608311905653323,202608311905652236,85,876,Bronze INV,br_AdmissionAssessmentDimensionOneDisorder,TASK_COMPLETE,SUCCESS,INFO,614,614,0,,2026-08-31T19:06:18.658Z,2026-08-31T21:16:41.151Z,7823,2026-08-31T21:16:41.151Z,DRD-KC,KC,79f5b39e-d314-4ad3-8050-3ace553d67de,SAMMS-KCv5
202608312116372869,202608311905653324,202608311905652236,85,877,Bronze INV,br_AdmissionAssessmentDimensionOneDisorder,TASK_COMPLETE,SUCCESS,INFO,987,987,0,,2026-08-31T19:06:18.658Z,2026-08-31T21:16:41.151Z,7823,2026-08-31T21:16:41.151Z,DRD-KVB,KVB,79f5b39e-d314-4ad3-8050-3ace553d67de,SAMMS-KVBv5
202608312116372870,202608311905653325,202608311905652236,85,878,Bronze INV,br_AdmissionAssessmentDimensionOneDisorder,TASK_COMPLETE,SUCCESS,INFO,1610,1610,0,,2026-08-31T19:06:18.658Z,2026-08-31T21:16:41.151Z,7823,2026-08-31T21:16:41.151Z,DRD-KVC,KVC,79f5b39e-d314-4ad3-8050-3ace553d67de,SAMMS-KVCv5
202608312116372871,202608311905653326,202608311905652236,85,879,Bronze INV,br_AdmissionAssessmentDimensionOneDisorder,TASK_COMPLETE,SUCCESS,INFO,1273,1273,0,,2026-08-31T19:06:18.658Z,2026-08-31T21:16:41.151Z,7823,2026-08-31T21:16:41.151Z,DRD-NOLA,NOLA,79f5b39e-d314-4ad3-8050-3ace553d67de,SAMMS-NOLAv5
202608312116372872,202608311905653327,202608311905652236,85,880,Bronze INV,br_AdmissionAssessmentDimensionOneDisorder,TASK_COMPLETE,SUCCESS,INFO,784,784,0,,2026-08-31T19:06:18.658Z,2026-08-31T21:16:41.151Z,7823,2026-08-31T21:16:41.151Z,DRD-SF,Springfield,79f5b39e-d314-4ad3-8050-3ace553d67de,SAMMS-SFv5
202608312116372873,202608311905653328,202608311905652236,85,882,Bronze INV,br_AdmissionAssessmentDimensionOneDisorder,TASK_COMPLETE,SUCCESS,INFO,276,276,0,,2026-08-31T19:06:18.658Z,2026-08-31T21:16:41.151Z,7823,2026-08-31T21:16:41.151Z,ELC,Elizabeth City,79f5b39e-d314-4ad3-8050-3ace553d67de,SAMMS-ElizabethCity
202608312116372875,202608311905653329,202608311905652236,85,883,Bronze INV,br_AdmissionAssessmentDimensionOneDisorder,TASK_COMPLETE,SUCCESS,INFO,283,283,0,,2026-08-31T19:06:18.658Z,2026-08-31T21:16:41.151Z,7823,2026-08-31T21:16:41.151Z,ET,Elizabethtown,79f5b39e-d314-4ad3-8050-3ace553d67de,SAMMS-Elizabethtown
202608312116372876,202608311905653330,202608311905652236,85,884,Bronze INV,br_AdmissionAssessmentDimensionOneDisorder,TASK_COMPLETE,SUCCESS,INFO,237,237,0,,2026-08-31T19:06:18.658Z,2026-08-31T21:16:41.151Z,7823,2026-08-31T21:16:41.151Z,FAY,Fayetteville,79f5b39e-d314-4ad3-8050-3ace553d67de,SAMMS-Fayetteville
202608312116372877,202608311905653331,202608311905652236,85,885,Bronze INV,br_AdmissionAssessmentDimensionOneDisorder,TASK_COMPLETE,SUCCESS,INFO,185,185,0,,2026-08-31T19:06:18.658Z,2026-08-31T21:16:41.151Z,7823,2026-08-31T21:16:41.151Z,FR,Frankfort,79f5b39e-d314-4ad3-8050-3ace553d67de,SAMMS-Frankfort
202608312116372878,202608311905653332,202608311905652236,85,886,Bronze INV,br_AdmissionAssessmentDimensionOneDisorder,TASK_COMPLETE,SUCCESS,INFO,292,292,0,,2026-08-31T19:06:18.658Z,2026-08-31T21:16:41.151Z,7823,2026-08-31T21:16:41.151Z,FS,Fort Smith,79f5b39e-d314-4ad3-8050-3ace553d67de,SAMMS-FortSmith
202608312116372879,202608311905653333,202608311905652236,85,887,Bronze INV,br_AdmissionAssessmentDimensionOneDisorder,TASK_COMPLETE,SUCCESS,INFO,689,689,0,,2026-08-31T19:06:18.658Z,2026-08-31T21:16:41.151Z,7823,2026-08-31T21:16:41.151Z,FW,Fort Wayne,79f5b39e-d314-4ad3-8050-3ace553d67de,SAMMS-FortWayne
202608312116372880,202608311905653334,202608311905652236,85,888,Bronze INV,br_AdmissionAssessmentDimensionOneDisorder,TASK_COMPLETE,SUCCESS,INFO,124,124,0,,2026-08-31T19:06:18.658Z,2026-08-31T21:16:41.151Z,7823,2026-08-31T21:16:41.151Z,GAL,Gaylord,79f5b39e-d314-4ad3-8050-3ace553d67de,SAMMS-Gaylord
202608312116372881,202608311905653335,202608311905652236,85,892,Bronze INV,br_AdmissionAssessmentDimensionOneDisorder,TASK_COMPLETE,SUCCESS,INFO,635,635,0,,2026-08-31T19:06:18.658Z,2026-08-31T21:16:41.151Z,7823,2026-08-31T21:16:41.151Z,HGT,Hagerstown,79f5b39e-d314-4ad3-8050-3ace553d67de,SAMMS-Hagerstown
202608312116372882,202608311905653336,202608311905652236,85,893,Bronze INV,br_AdmissionAssessmentDimensionOneDisorder,TASK_COMPLETE,SUCCESS,INFO,494,494,0,,2026-08-31T19:06:18.658Z,2026-08-31T21:16:41.151Z,7823,2026-08-31T21:16:41.151Z,HNT,Huntsville,79f5b39e-d314-4ad3-8050-3ace553d67de,SAMMS-Huntsville
202608312116372883,202608311905653337,202608311905652236,85,894,Bronze INV,br_AdmissionAssessmentDimensionOneDisorder,TASK_COMPLETE,SUCCESS,INFO,359,359,0,,2026-08-31T19:06:18.658Z,2026-08-31T21:16:41.151Z,7823,2026-08-31T21:16:41.151Z,HS,Hot Springs,79f5b39e-d314-4ad3-8050-3ace553d67de,SAMMS-HotSprings
202608312116372884,202608311905653338,202608311905652236,85,895,Bronze INV,br_AdmissionAssessmentDimensionOneDisorder,TASK_COMPLETE,SUCCESS,INFO,268,268,0,,2026-08-31T19:06:18.658Z,2026-08-31T21:16:41.151Z,7823,2026-08-31T21:16:41.151Z,JON,Jonesboro,79f5b39e-d314-4ad3-8050-3ace553d67de,SAMMS-Jonesboro
202608312116372885,202608311905653339,202608311905652236,85,897,Bronze INV,br_AdmissionAssessmentDimensionOneDisorder,TASK_COMPLETE,SUCCESS,INFO,198,198,0,,2026-08-31T19:06:18.658Z,2026-08-31T21:16:41.151Z,7823,2026-08-31T21:16:41.151Z,LAN,Lansing,79f5b39e-d314-4ad3-8050-3ace553d67de,SAMMS-Lansing
202608312116372886,202608311905653340,202608311905652236,85,898,Bronze INV,br_AdmissionAssessmentDimensionOneDisorder,TASK_COMPLETE,SUCCESS,INFO,447,447,0,,2026-08-31T19:06:18.658Z,2026-08-31T21:16:41.151Z,7823,2026-08-31T21:16:41.151Z,LO,Louisville,79f5b39e-d314-4ad3-8050-3ace553d67de,SAMMS-Louisville
202608312116372888,202608311905653341,202608311905652236,85,899,Bronze INV,br_AdmissionAssessmentDimensionOneDisorder,TASK_COMPLETE,SUCCESS,INFO,1222,1222,0,,2026-08-31T19:06:18.658Z,2026-08-31T21:16:41.151Z,7823,2026-08-31T21:16:41.151Z,LV1,Cheyenne,79f5b39e-d314-4ad3-8050-3ace553d67de,SAMMS-Cheyenne
202608312116372889,202608311905653342,202608311905652236,85,900,Bronze INV,br_AdmissionAssessmentDimensionOneDisorder,TASK_COMPLETE,SUCCESS,INFO,965,965,0,,2026-08-31T19:06:18.658Z,2026-08-31T21:16:41.151Z,7823,2026-08-31T21:16:41.151Z,LV2,Desert Inn,79f5b39e-d314-4ad3-8050-3ace553d67de,SAMMS-DesertInn
202608312116372890,202608311905653343,202608311905652236,85,901,Bronze INV,br_AdmissionAssessmentDimensionOneDisorder,TASK_COMPLETE,SUCCESS,INFO,322,322,0,,2026-08-31T19:06:18.658Z,2026-08-31T21:16:41.151Z,7823,2026-08-31T21:16:41.151Z,LV3,McDaniel,79f5b39e-d314-4ad3-8050-3ace553d67de,SAMMS-McDaniel
202608312116372891,202608311905653344,202608311905652236,85,904,Bronze INV,br_AdmissionAssessmentDimensionOneDisorder,TASK_COMPLETE,SUCCESS,INFO,278,278,0,,2026-08-31T19:06:18.658Z,2026-08-31T21:16:41.151Z,7823,2026-08-31T21:16:41.151Z,MNRE,Monroe,79f5b39e-d314-4ad3-8050-3ace553d67de,SAMMS-Monroe
202608312116372892,202608311905653345,202608311905652236,85,905,Bronze INV,br_AdmissionAssessmentDimensionOneDisorder,TASK_COMPLETE,SUCCESS,INFO,193,193,0,,2026-08-31T19:06:18.658Z,2026-08-31T21:16:41.151Z,7823,2026-08-31T21:16:41.151Z,MP,Mt. Pleasant,79f5b39e-d314-4ad3-8050-3ace553d67de,SAMMS-MtPleasant
202608312116372893,202608311905653346,202608311905652236,85,906,Bronze INV,br_AdmissionAssessmentDimensionOneDisorder,TASK_COMPLETE,SUCCESS,INFO,176,176,0,,2026-08-31T19:06:18.658Z,2026-08-31T21:16:41.151Z,7823,2026-08-31T21:16:41.151Z,MRD,Meridian,79f5b39e-d314-4ad3-8050-3ace553d67de,SAMMS-Meridian
202608312116372894,202608311905653347,202608311905652236,85,911,Bronze INV,br_AdmissionAssessmentDimensionOneDisorder,TASK_COMPLETE,SUCCESS,INFO,644,644,0,,2026-08-31T19:06:18.658Z,2026-08-31T21:16:41.151Z,7823,2026-08-31T21:16:41.151Z,NC,North Charleston,79f5b39e-d314-4ad3-8050-3ace553d67de,SAMMS-NorthCharleston
202608312116372895,202608311905653348,202608311905652236,85,912,Bronze INV,br_AdmissionAssessmentDimensionOneDisorder,TASK_COMPLETE,SUCCESS,INFO,580,580,0,,2026-08-31T19:06:18.658Z,2026-08-31T21:16:41.151Z,7823,2026-08-31T21:16:41.151Z,NLR,N. Little Rock,79f5b39e-d314-4ad3-8050-3ace553d67de,SAMMS-NLROBOT
202608312116372896,202608311905653349,202608311905652236,85,913,Bronze INV,br_AdmissionAssessmentDimensionOneDisorder,TASK_COMPLETE,SUCCESS,INFO,245,245,0,,2026-08-31T19:06:18.658Z,2026-08-31T21:16:41.151Z,7823,2026-08-31T21:16:41.151Z,PH,Phoenix,79f5b39e-d314-4ad3-8050-3ace553d67de,SAMMS-Phoenix
202608312116372897,202608311905653350,202608311905652236,85,917,Bronze INV,br_AdmissionAssessmentDimensionOneDisorder,TASK_COMPLETE,SUCCESS,INFO,423,423,0,,2026-08-31T19:06:18.658Z,2026-08-31T21:16:41.151Z,7823,2026-08-31T21:16:41.151Z,RE,Reno,79f5b39e-d314-4ad3-8050-3ace553d67de,SAMMS-Reno
202608312116372898,202608311905653351,202608311905652236,85,918,Bronze INV,br_AdmissionAssessmentDimensionOneDisorder,TASK_COMPLETE,SUCCESS,INFO,402,402,0,,2026-08-31T19:06:18.658Z,2026-08-31T21:16:41.151Z,7823,2026-08-31T21:16:41.151Z,RMD,Richmond,79f5b39e-d314-4ad3-8050-3ace553d67de,SAMMS-Richmond
202608312116372900,202608311905653352,202608311905652236,85,919,Bronze INV,br_AdmissionAssessmentDimensionOneDisorder,TASK_COMPLETE,SUCCESS,INFO,505,505,0,,2026-08-31T19:06:18.658Z,2026-08-31T21:16:41.151Z,7823,2026-08-31T21:16:41.151Z,SFN,Springfield North,79f5b39e-d314-4ad3-8050-3ace553d67de,SAMMS-SFNv5
202608312116372901,202608311905653353,202608311905652236,85,920,Bronze INV,br_AdmissionAssessmentDimensionOneDisorder,TASK_COMPLETE,SUCCESS,INFO,463,463,0,,2026-08-31T19:06:18.658Z,2026-08-31T21:16:41.151Z,7823,2026-08-31T21:16:41.151Z,SHP,Shreveport,79f5b39e-d314-4ad3-8050-3ace553d67de,SAMMS-Shreveport
202608312116372902,202608311905653354,202608311905652236,85,922,Bronze INV,br_AdmissionAssessmentDimensionOneDisorder,TASK_COMPLETE,SUCCESS,INFO,86,86,0,,2026-08-31T19:06:18.658Z,2026-08-31T21:16:41.151Z,7823,2026-08-31T21:16:41.151Z,STN,Staunton,79f5b39e-d314-4ad3-8050-3ace553d67de,SAMMS-Staunton
202608312116372713,202608311905653183,202608311905652236,85,1556,Bronze INV,br_AdmissionAssessmentSummary,TASK_COMPLETE,SUCCESS,INFO,326,326,0,,2026-08-31T19:06:18.658Z,2026-08-31T21:16:41.151Z,7823,2026-08-31T21:16:41.151Z,B51,N. Little Rock (OTP),79f5b39e-d314-4ad3-8050-3ace553d67de,SAMMS-NorthLittleRockV6
202608312116372714,202608311905653184,202608311905652236,85,1557,Bronze INV,br_AdmissionAssessmentSummary,TASK_COMPLETE,SUCCESS,INFO,166,166,0,,2026-08-31T19:06:18.658Z,2026-08-31T21:16:41.151Z,7823,2026-08-31T21:16:41.151Z,B52,Jackson GA,79f5b39e-d314-4ad3-8050-3ace553d67de,SAMMS-JacksonGAV5
202608312116372715,202608311905653185,202608311905652236,85,1558,Bronze INV,br_AdmissionAssessmentSummary,TASK_COMPLETE,SUCCESS,INFO,517,517,0,,2026-08-31T19:06:18.658Z,2026-08-31T21:16:41.151Z,7823,2026-08-31T21:16:41.151Z,B54,Gadsden,79f5b39e-d314-4ad3-8050-3ace553d67de,SAMMS-GadsdenV5
202608312116372716,202608311905653186,202608311905652236,85,1559,Bronze INV,br_AdmissionAssessmentSummary,TASK_COMPLETE,SUCCESS,INFO,523,523,0,,2026-08-31T19:06:18.658Z,2026-08-31T21:16:41.151Z,7823,2026-08-31T21:16:41.151Z,B55,Shoals,79f5b39e-d314-4ad3-8050-3ace553d67de,SAMMS-ShoalsV5
202608312116372718,202608311905653187,202608311905652236,85,1560,Bronze INV,br_AdmissionAssessmentSummary,TASK_COMPLETE,SUCCESS,INFO,179,179,0,,2026-08-31T19:06:18.658Z,2026-08-31T21:16:41.151Z,7823,2026-08-31T21:16:41.151Z,B57,Pawtucket,79f5b39e-d314-4ad3-8050-3ace553d67de,SAMMS-Pawtucket
202608312116372719,202608311905653188,202608311905652236,85,1561,Bronze INV,br_AdmissionAssessmentSummary,TASK_COMPLETE,SUCCESS,INFO,179,179,0,,2026-08-31T19:06:18.658Z,2026-08-31T21:16:41.151Z,7823,2026-08-31T21:16:41.151Z,B57A,Johnston,79f5b39e-d314-4ad3-8050-3ace553d67de,SAMMS-Johnston
202608312116372720,202608311905653189,202608311905652236,85,1562,Bronze INV,br_AdmissionAssessmentSummary,TASK_COMPLETE,SUCCESS,INFO,100,100,0,,2026-08-31T19:06:18.658Z,2026-08-31T21:16:41.151Z,7823,2026-08-31T21:16:41.151Z,B57B,Middletown,79f5b39e-d314-4ad3-8050-3ace553d67de,SAMMS-Middletown
202608312116372721,202608311905653190,202608311905652236,85,1563,Bronze INV,br_AdmissionAssessmentSummary,TASK_COMPLETE,SUCCESS,INFO,188,188,0,,2026-08-31T19:06:18.658Z,2026-08-31T21:16:41.151Z,7823,2026-08-31T21:16:41.151Z,B57C,Providence,79f5b39e-d314-4ad3-8050-3ace553d67de,SAMMS-Providence
202608312116372722,202608311905653191,202608311905652236,85,1564,Bronze INV,br_AdmissionAssessmentSummary,TASK_COMPLETE,SUCCESS,INFO,269,269,0,,2026-08-31T19:06:18.658Z,2026-08-31T21:16:41.151Z,7823,2026-08-31T21:16:41.151Z,B57D,Westerly,79f5b39e-d314-4ad3-8050-3ace553d67de,SAMMS-Westerly
202608312116372723,202608311905653192,202608311905652236,85,1568,Bronze INV,br_AdmissionAssessmentSummary,TASK_COMPLETE,SUCCESS,INFO,373,373,0,,2026-08-31T19:06:18.658Z,2026-08-31T21:16:41.151Z,7823,2026-08-31T21:16:41.151Z,B66A,Bremen,79f5b39e-d314-4ad3-8050-3ace553d67de,SAMMS-Bremen
202608312116372724,202608311905653193,202608311905652236,85,1571,Bronze INV,br_AdmissionAssessmentSummary,TASK_COMPLETE,SUCCESS,INFO,52,52,0,,2026-08-31T19:06:18.658Z,2026-08-31T21:16:41.151Z,7823,2026-08-31T21:16:41.151Z,B72,Mobile (OBOT),79f5b39e-d314-4ad3-8050-3ace553d67de,SAMMS-Mobile-OBOT
202608312116372725,202608311905653194,202608311905652236,85,1572,Bronze INV,br_AdmissionAssessmentSummary,TASK_COMPLETE,SUCCESS,INFO,4,4,0,,2026-08-31T19:06:18.658Z,2026-08-31T21:16:41.151Z,7823,2026-08-31T21:16:41.151Z,B73,Montgomery,79f5b39e-d314-4ad3-8050-3ace553d67de,SAMMS-Montgomery
202608312116372726,202608311905653195,202608311905652236,85,1573,Bronze INV,br_AdmissionAssessmentSummary,TASK_COMPLETE,SUCCESS,INFO,342,342,0,,2026-08-31T19:06:18.658Z,2026-08-31T21:16:41.151Z,7823,2026-08-31T21:16:41.151Z,B75,Lawrence,79f5b39e-d314-4ad3-8050-3ace553d67de,SAMMS-LawrenceV6
202608312116372728,202608311905653196,202608311905652236,85,1574,Bronze INV,br_AdmissionAssessmentSummary,TASK_COMPLETE,SUCCESS,INFO,54,54,0,,2026-08-31T19:06:18.658Z,2026-08-31T21:16:41.151Z,7823,2026-08-31T21:16:41.151Z,B76,Huntsville OBOT,79f5b39e-d314-4ad3-8050-3ace553d67de,SAMMS-Huntsville-OBOT
202608312116372729,202608311905653197,202608311905652236,85,1575,Bronze INV,br_AdmissionAssessmentSummary,TASK_COMPLETE,SUCCESS,INFO,308,308,0,,2026-08-31T19:06:18.658Z,2026-08-31T21:16:41.151Z,7823,2026-08-31T21:16:41.151Z,BAT,Batesville,79f5b39e-d314-4ad3-8050-3ace553d67de,SAMMS-Batesville
202608312116372730,202608311905653198,202608311905652236,85,1576,Bronze INV,br_AdmissionAssessmentSummary,TASK_COMPLETE,SUCCESS,INFO,246,246,0,,2026-08-31T19:06:18.658Z,2026-08-31T21:16:41.151Z,7823,2026-08-31T21:16:41.151Z,BG,Bowling Green,79f5b39e-d314-4ad3-8050-3ace553d67de,SAMMS-BowlingGreen
202608312116372731,202608311905653199,202608311905652236,85,1577,Bronze INV,br_AdmissionAssessmentSummary,TASK_COMPLETE,SUCCESS,INFO,235,235,0,,2026-08-31T19:06:18.658Z,2026-08-31T21:16:41.151Z,7823,2026-08-31T21:16:41.151Z,BOI,Boise,79f5b39e-d314-4ad3-8050-3ace553d67de,SAMMS-Boise
202608312116372732,202608311905653200,202608311905652236,85,1584,Bronze INV,br_AdmissionAssessmentSummary,TASK_COMPLETE,SUCCESS,INFO,310,310,0,,2026-08-31T19:06:18.658Z,2026-08-31T21:16:41.151Z,7823,2026-08-31T21:16:41.151Z,CBCO,Coeur dAlene,79f5b39e-d314-4ad3-8050-3ace553d67de,SAMMS-CoeurdAleneV6
202608312116372733,202608311905653201,202608311905652236,85,1603,Bronze INV,br_AdmissionAssessmentSummary,TASK_COMPLETE,SUCCESS,INFO,348,348,0,,2026-08-31T19:06:18.658Z,2026-08-31T21:16:41.151Z,7823,2026-08-31T21:16:41.151Z,CON,Conway,79f5b39e-d314-4ad3-8050-3ace553d67de,SAMMS-Conway
202608312116372734,202608311905653202,202608311905652236,85,1604,Bronze INV,br_AdmissionAssessmentSummary,TASK_COMPLETE,SUCCESS,INFO,1643,1643,0,,2026-08-31T19:06:18.658Z,2026-08-31T21:16:41.151Z,7823,2026-08-31T21:16:41.151Z,D07,Medical Services Knox TN,79f5b39e-d314-4ad3-8050-3ace553d67de,SAMMS-KnoxvilleV6
202608312116372735,202608311905653203,202608311905652236,85,1605,Bronze INV,br_AdmissionAssessmentSummary,TASK_COMPLETE,SUCCESS,INFO,1044,1044,0,,2026-08-31T19:06:18.658Z,2026-08-31T21:16:41.151Z,7823,2026-08-31T21:16:41.151Z,D08,Madison,79f5b39e-d314-4ad3-8050-3ace553d67de,SAMMS-MadisonV6
202608312116372736,202608311905653204,202608311905652236,85,1607,Bronze INV,br_AdmissionAssessmentSummary,TASK_COMPLETE,SUCCESS,INFO,988,988,0,,2026-08-31T19:06:18.658Z,2026-08-31T21:16:41.151Z,7823,2026-08-31T21:16:41.151Z,D09,Murfreesboro,79f5b39e-d314-4ad3-8050-3ace553d67de,SAMMS-MurfreesboroV6
202608312116372737,202608311905653205,202608311905652236,85,1608,Bronze INV,br_AdmissionAssessmentSummary,TASK_COMPLETE,SUCCESS,INFO,232,232,0,,2026-08-31T19:06:18.658Z,2026-08-31T21:16:41.151Z,7823,2026-08-31T21:16:41.151Z,DA,Davenport,79f5b39e-d314-4ad3-8050-3ace553d67de,SAMMS-Davenport
202608312116372738,202608311905653206,202608311905652236,85,1609,Bronze INV,br_AdmissionAssessmentSummary,TASK_COMPLETE,SUCCESS,INFO,366,366,0,,2026-08-31T19:06:18.658Z,2026-08-31T21:16:41.151Z,7823,2026-08-31T21:16:41.151Z,DM,Des Moines,79f5b39e-d314-4ad3-8050-3ace553d67de,SAMMS-DesMoines
202608312116372739,202608311905653207,202608311905652236,85,1611,Bronze INV,br_AdmissionAssessmentSummary,TASK_COMPLETE,SUCCESS,INFO,500,500,0,,2026-08-31T19:06:18.658Z,2026-08-31T21:16:41.151Z,7823,2026-08-31T21:16:41.151Z,DRD-CO,Columbia MO,79f5b39e-d314-4ad3-8050-3ace553d67de,SAMMS-ColumbiaV5
202608312116372741,202608311905653208,202608311905652236,85,1612,Bronze INV,br_AdmissionAssessmentSummary,TASK_COMPLETE,SUCCESS,INFO,620,620,0,,2026-08-31T19:06:18.658Z,2026-08-31T21:16:41.151Z,7823,2026-08-31T21:16:41.151Z,DRD-KC,KC,79f5b39e-d314-4ad3-8050-3ace553d67de,SAMMS-KCv5
202608312116372742,202608311905653209,202608311905652236,85,1613,Bronze INV,br_AdmissionAssessmentSummary,TASK_COMPLETE,SUCCESS,INFO,989,989,0,,2026-08-31T19:06:18.658Z,2026-08-31T21:16:41.151Z,7823,2026-08-31T21:16:41.151Z,DRD-KVB,KVB,79f5b39e-d314-4ad3-8050-3ace553d67de,SAMMS-KVBv5
202608312116372743,202608311905653210,202608311905652236,85,1614,Bronze INV,br_AdmissionAssessmentSummary,TASK_COMPLETE,SUCCESS,INFO,1613,1613,0,,2026-08-31T19:06:18.658Z,2026-08-31T21:16:41.151Z,7823,2026-08-31T21:16:41.151Z,DRD-KVC,KVC,79f5b39e-d314-4ad3-8050-3ace553d67de,SAMMS-KVCv5
202608312116372744,202608311905653211,202608311905652236,85,1615,Bronze INV,br_AdmissionAssessmentSummary,TASK_COMPLETE,SUCCESS,INFO,1275,1275,0,,2026-08-31T19:06:18.658Z,2026-08-31T21:16:41.151Z,7823,2026-08-31T21:16:41.151Z,DRD-NOLA,NOLA,79f5b39e-d314-4ad3-8050-3ace553d67de,SAMMS-NOLAv5
202608312116372745,202608311905653212,202608311905652236,85,1616,Bronze INV,br_AdmissionAssessmentSummary,TASK_COMPLETE,SUCCESS,INFO,784,784,0,,2026-08-31T19:06:18.658Z,2026-08-31T21:16:41.151Z,7823,2026-08-31T21:16:41.151Z,DRD-SF,Springfield,79f5b39e-d314-4ad3-8050-3ace553d67de,SAMMS-SFv5
202608312116372746,202608311905653213,202608311905652236,85,1618,Bronze INV,br_AdmissionAssessmentSummary,TASK_COMPLETE,SUCCESS,INFO,285,285,0,,2026-08-31T19:06:18.658Z,2026-08-31T21:16:41.151Z,7823,2026-08-31T21:16:41.151Z,ELC,Elizabeth City,79f5b39e-d314-4ad3-8050-3ace553d67de,SAMMS-ElizabethCity
202608312116372747,202608311905653214,202608311905652236,85,1619,Bronze INV,br_AdmissionAssessmentSummary,TASK_COMPLETE,SUCCESS,INFO,285,285,0,,2026-08-31T19:06:18.658Z,2026-08-31T21:16:41.151Z,7823,2026-08-31T21:16:41.151Z,ET,Elizabethtown,79f5b39e-d314-4ad3-8050-3ace553d67de,SAMMS-Elizabethtown
202608312116372748,202608311905653215,202608311905652236,85,1620,Bronze INV,br_AdmissionAssessmentSummary,TASK_COMPLETE,SUCCESS,INFO,240,240,0,,2026-08-31T19:06:18.658Z,2026-08-31T21:16:41.151Z,7823,2026-08-31T21:16:41.151Z,FAY,Fayetteville,79f5b39e-d314-4ad3-8050-3ace553d67de,SAMMS-Fayetteville
202608312116372750,202608311905653216,202608311905652236,85,1621,Bronze INV,br_AdmissionAssessmentSummary,TASK_COMPLETE,SUCCESS,INFO,185,185,0,,2026-08-31T19:06:18.658Z,2026-08-31T21:16:41.151Z,7823,2026-08-31T21:16:41.151Z,FR,Frankfort,79f5b39e-d314-4ad3-8050-3ace553d67de,SAMMS-Frankfort
202608312116372751,202608311905653217,202608311905652236,85,1622,Bronze INV,br_AdmissionAssessmentSummary,TASK_COMPLETE,SUCCESS,INFO,297,297,0,,2026-08-31T19:06:18.658Z,2026-08-31T21:16:41.151Z,7823,2026-08-31T21:16:41.151Z,FS,Fort Smith,79f5b39e-d314-4ad3-8050-3ace553d67de,SAMMS-FortSmith
202608312116372752,202608311905653218,202608311905652236,85,1623,Bronze INV,br_AdmissionAssessmentSummary,TASK_COMPLETE,SUCCESS,INFO,689,689,0,,2026-08-31T19:06:18.658Z,2026-08-31T21:16:41.151Z,7823,2026-08-31T21:16:41.151Z,FW,Fort Wayne,79f5b39e-d314-4ad3-8050-3ace553d67de,SAMMS-FortWayne
202608312116372753,202608311905653219,202608311905652236,85,1624,Bronze INV,br_AdmissionAssessmentSummary,TASK_COMPLETE,SUCCESS,INFO,128,128,0,,2026-08-31T19:06:18.658Z,2026-08-31T21:16:41.151Z,7823,2026-08-31T21:16:41.151Z,GAL,Gaylord,79f5b39e-d314-4ad3-8050-3ace553d67de,SAMMS-Gaylord
202608312116372754,202608311905653220,202608311905652236,85,1628,Bronze INV,br_AdmissionAssessmentSummary,TASK_COMPLETE,SUCCESS,INFO,641,641,0,,2026-08-31T19:06:18.658Z,2026-08-31T21:16:41.151Z,7823,2026-08-31T21:16:41.151Z,HGT,Hagerstown,79f5b39e-d314-4ad3-8050-3ace553d67de,SAMMS-Hagerstown
202608312116372755,202608311905653221,202608311905652236,85,1629,Bronze INV,br_AdmissionAssessmentSummary,TASK_COMPLETE,SUCCESS,INFO,495,495,0,,2026-08-31T19:06:18.658Z,2026-08-31T21:16:41.151Z,7823,2026-08-31T21:16:41.151Z,HNT,Huntsville,79f5b39e-d314-4ad3-8050-3ace553d67de,SAMMS-Huntsville
202608312116372756,202608311905653222,202608311905652236,85,1630,Bronze INV,br_AdmissionAssessmentSummary,TASK_COMPLETE,SUCCESS,INFO,361,361,0,,2026-08-31T19:06:18.658Z,2026-08-31T21:16:41.151Z,7823,2026-08-31T21:16:41.151Z,HS,Hot Springs,79f5b39e-d314-4ad3-8050-3ace553d67de,SAMMS-HotSprings
202608312116372757,202608311905653223,202608311905652236,85,1631,Bronze INV,br_AdmissionAssessmentSummary,TASK_COMPLETE,SUCCESS,INFO,268,268,0,,2026-08-31T19:06:18.658Z,2026-08-31T21:16:41.151Z,7823,2026-08-31T21:16:41.151Z,JON,Jonesboro,79f5b39e-d314-4ad3-8050-3ace553d67de,SAMMS-Jonesboro
202608312116372758,202608311905653224,202608311905652236,85,1633,Bronze INV,br_AdmissionAssessmentSummary,TASK_COMPLETE,SUCCESS,INFO,199,199,0,,2026-08-31T19:06:18.658Z,2026-08-31T21:16:41.151Z,7823,2026-08-31T21:16:41.151Z,LAN,Lansing,79f5b39e-d314-4ad3-8050-3ace553d67de,SAMMS-Lansing
202608312116372760,202608311905653225,202608311905652236,85,1634,Bronze INV,br_AdmissionAssessmentSummary,TASK_COMPLETE,SUCCESS,INFO,450,450,0,,2026-08-31T19:06:18.658Z,2026-08-31T21:16:41.151Z,7823,2026-08-31T21:16:41.151Z,LO,Louisville,79f5b39e-d314-4ad3-8050-3ace553d67de,SAMMS-Louisville
202608312116372761,202608311905653226,202608311905652236,85,1635,Bronze INV,br_AdmissionAssessmentSummary,TASK_COMPLETE,SUCCESS,INFO,1223,1223,0,,2026-08-31T19:06:18.658Z,2026-08-31T21:16:41.151Z,7823,2026-08-31T21:16:41.151Z,LV1,Cheyenne,79f5b39e-d314-4ad3-8050-3ace553d67de,SAMMS-Cheyenne
202608312116372762,202608311905653227,202608311905652236,85,1636,Bronze INV,br_AdmissionAssessmentSummary,TASK_COMPLETE,SUCCESS,INFO,967,967,0,,2026-08-31T19:06:18.658Z,2026-08-31T21:16:41.151Z,7823,2026-08-31T21:16:41.151Z,LV2,Desert Inn,79f5b39e-d314-4ad3-8050-3ace553d67de,SAMMS-DesertInn
202608312116372763,202608311905653228,202608311905652236,85,1637,Bronze INV,br_AdmissionAssessmentSummary,TASK_COMPLETE,SUCCESS,INFO,322,322,0,,2026-08-31T19:06:18.658Z,2026-08-31T21:16:41.151Z,7823,2026-08-31T21:16:41.151Z,LV3,McDaniel,79f5b39e-d314-4ad3-8050-3ace553d67de,SAMMS-McDaniel
202608312116372764,202608311905653229,202608311905652236,85,1640,Bronze INV,br_AdmissionAssessmentSummary,TASK_COMPLETE,SUCCESS,INFO,279,279,0,,2026-08-31T19:06:18.658Z,2026-08-31T21:16:41.151Z,7823,2026-08-31T21:16:41.151Z,MNRE,Monroe,79f5b39e-d314-4ad3-8050-3ace553d67de,SAMMS-Monroe
202608312116372765,202608311905653230,202608311905652236,85,1641,Bronze INV,br_AdmissionAssessmentSummary,TASK_COMPLETE,SUCCESS,INFO,196,196,0,,2026-08-31T19:06:18.658Z,2026-08-31T21:16:41.151Z,7823,2026-08-31T21:16:41.151Z,MP,Mt. Pleasant,79f5b39e-d314-4ad3-8050-3ace553d67de,SAMMS-MtPleasant
202608312116372766,202608311905653231,202608311905652236,85,1642,Bronze INV,br_AdmissionAssessmentSummary,TASK_COMPLETE,SUCCESS,INFO,177,177,0,,2026-08-31T19:06:18.658Z,2026-08-31T21:16:41.151Z,7823,2026-08-31T21:16:41.151Z,MRD,Meridian,79f5b39e-d314-4ad3-8050-3ace553d67de,SAMMS-Meridian
202608312116372767,202608311905653232,202608311905652236,85,1647,Bronze INV,br_AdmissionAssessmentSummary,TASK_COMPLETE,SUCCESS,INFO,645,645,0,,2026-08-31T19:06:18.658Z,2026-08-31T21:16:41.151Z,7823,2026-08-31T21:16:41.151Z,NC,North Charleston,79f5b39e-d314-4ad3-8050-3ace553d67de,SAMMS-NorthCharleston
202608312116372768,202608311905653233,202608311905652236,85,1648,Bronze INV,br_AdmissionAssessmentSummary,TASK_COMPLETE,SUCCESS,INFO,580,580,0,,2026-08-31T19:06:18.658Z,2026-08-31T21:16:41.151Z,7823,2026-08-31T21:16:41.151Z,NLR,N. Little Rock,79f5b39e-d314-4ad3-8050-3ace553d67de,SAMMS-NLROBOT
202608312116372769,202608311905653234,202608311905652236,85,1649,Bronze INV,br_AdmissionAssessmentSummary,TASK_COMPLETE,SUCCESS,INFO,247,247,0,,2026-08-31T19:06:18.658Z,2026-08-31T21:16:41.151Z,7823,2026-08-31T21:16:41.151Z,PH,Phoenix,79f5b39e-d314-4ad3-8050-3ace553d67de,SAMMS-Phoenix
202608312116372770,202608311905653235,202608311905652236,85,1653,Bronze INV,br_AdmissionAssessmentSummary,TASK_COMPLETE,SUCCESS,INFO,424,424,0,,2026-08-31T19:06:18.658Z,2026-08-31T21:16:41.151Z,7823,2026-08-31T21:16:41.151Z,RE,Reno,79f5b39e-d314-4ad3-8050-3ace553d67de,SAMMS-Reno
202608312116372772,202608311905653236,202608311905652236,85,1654,Bronze INV,br_AdmissionAssessmentSummary,TASK_COMPLETE,SUCCESS,INFO,407,407,0,,2026-08-31T19:06:18.658Z,2026-08-31T21:16:41.151Z,7823,2026-08-31T21:16:41.151Z,RMD,Richmond,79f5b39e-d314-4ad3-8050-3ace553d67de,SAMMS-Richmond
202608312116372773,202608311905653237,202608311905652236,85,1655,Bronze INV,br_AdmissionAssessmentSummary,TASK_COMPLETE,SUCCESS,INFO,505,505,0,,2026-08-31T19:06:18.658Z,2026-08-31T21:16:41.151Z,7823,2026-08-31T21:16:41.151Z,SFN,Springfield North,79f5b39e-d314-4ad3-8050-3ace553d67de,SAMMS-SFNv5
202608312116372774,202608311905653238,202608311905652236,85,1656,Bronze INV,br_AdmissionAssessmentSummary,TASK_COMPLETE,SUCCESS,INFO,465,465,0,,2026-08-31T19:06:18.658Z,2026-08-31T21:16:41.151Z,7823,2026-08-31T21:16:41.151Z,SHP,Shreveport,79f5b39e-d314-4ad3-8050-3ace553d67de,SAMMS-Shreveport
202608312116372775,202608311905653239,202608311905652236,85,1658,Bronze INV,br_AdmissionAssessmentSummary,TASK_COMPLETE,SUCCESS,INFO,88,88,0,,2026-08-31T19:06:18.658Z,2026-08-31T21:16:41.151Z,7823,2026-08-31T21:16:41.151Z,STN,Staunton,79f5b39e-d314-4ad3-8050-3ace553d67de,SAMMS-Staunton
202608312116372776,202608311905653240,202608311905652236,85,1659,Bronze INV,br_AdmissionAssessmentSummary,TASK_COMPLETE,SUCCESS,INFO,57,57,0,,2026-08-31T19:06:18.658Z,2026-08-31T21:16:41.151Z,7823,2026-08-31T21:16:41.151Z,STVN,Stevenson,79f5b39e-d314-4ad3-8050-3ace553d67de,SAMMS-Stevenson
202608312116372777,202608311905653241,202608311905652236,85,1661,Bronze INV,br_AdmissionAssessmentSummary,TASK_COMPLETE,SUCCESS,INFO,77,77,0,,2026-08-31T19:06:18.658Z,2026-08-31T21:16:41.151Z,7823,2026-08-31T21:16:41.151Z,TE,Tempe,79f5b39e-d314-4ad3-8050-3ace553d67de,SAMMS-Tempe
202608312116372778,202608311905653242,202608311905652236,85,1662,Bronze INV,br_AdmissionAssessmentSummary,TASK_COMPLETE,SUCCESS,INFO,393,393,0,,2026-08-31T19:06:18.658Z,2026-08-31T21:16:41.151Z,7823,2026-08-31T21:16:41.151Z,TEX,Texarkana,79f5b39e-d314-4ad3-8050-3ace553d67de,SAMMS-Texarkana
202608312116372779,202608311905653243,202608311905652236,85,1663,Bronze INV,br_AdmissionAssessmentSummary,TASK_COMPLETE,SUCCESS,INFO,470,470,0,,2026-08-31T19:06:18.658Z,2026-08-31T21:16:41.151Z,7823,2026-08-31T21:16:41.151Z,TTCA,Bessemer,79f5b39e-d314-4ad3-8050-3ace553d67de,SAMMS-BessemerV5
202608312116372780,202608311905653244,202608311905652236,85,1664,Bronze INV,br_AdmissionAssessmentSummary,TASK_COMPLETE,SUCCESS,INFO,555,555,0,,2026-08-31T19:06:18.658Z,2026-08-31T21:16:41.151Z,7823,2026-08-31T21:16:41.151Z,TTCB,Cullman,79f5b39e-d314-4ad3-8050-3ace553d67de,SAMMS-CullmanV5
202608312116372781,202608311905653245,202608311905652236,85,1665,Bronze INV,br_AdmissionAssessmentSummary,TASK_COMPLETE,SUCCESS,INFO,396,396,0,,2026-08-31T19:06:18.658Z,2026-08-31T21:16:41.151Z,7823,2026-08-31T21:16:41.151Z,TTCC,Grand Bay,79f5b39e-d314-4ad3-8050-3ace553d67de,SAMMS-GrandBay
202608312116372782,202608311905653246,202608311905652236,85,1666,Bronze INV,br_AdmissionAssessmentSummary,TASK_COMPLETE,SUCCESS,INFO,25,25,0,,2026-08-31T19:06:18.658Z,2026-08-31T21:16:41.151Z,7823,2026-08-31T21:16:41.151Z,TU,Tucson,79f5b39e-d314-4ad3-8050-3ace553d67de,SAMMS-Tucson
202608312116372783,202608311905653247,202608311905652236,85,1668,Bronze INV,br_AdmissionAssessmentSummary,TASK_COMPLETE,SUCCESS,INFO,266,266,0,,2026-08-31T19:06:18.658Z,2026-08-31T21:16:41.151Z,7823,2026-08-31T21:16:41.151Z,V1,Memphis South,79f5b39e-d314-4ad3-8050-3ace553d67de,SAMMS-VCPHCS-I-MemphisV5
202608312116372785,202608311905653248,202608311905652236,85,1669,Bronze INV,br_AdmissionAssessmentSummary,TASK_COMPLETE,SUCCESS,INFO,710,710,0,,2026-08-31T19:06:18.658Z,2026-08-31T21:16:41.151Z,7823,2026-08-31T21:16:41.151Z,V10,Longmont,79f5b39e-d314-4ad3-8050-3ace553d67de,SAMMS-BoulderV5
202608312116372786,202608311905653249,202608311905652236,85,1670,Bronze INV,br_AdmissionAssessmentSummary,TASK_COMPLETE,SUCCESS,INFO,1215,1215,0,,2026-08-31T19:06:18.658Z,2026-08-31T21:16:41.151Z,7823,2026-08-31T21:16:41.151Z,V10A,Fort Collins,79f5b39e-d314-4ad3-8050-3ace553d67de,SAMMS-FortCollinsV5
202608312116372787,202608311905653250,202608311905652236,85,1671,Bronze INV,br_AdmissionAssessmentSummary,TASK_COMPLETE,SUCCESS,INFO,1061,1061,0,,2026-08-31T19:06:18.658Z,2026-08-31T21:16:41.151Z,7823,2026-08-31T21:16:41.151Z,V11,Westminster,79f5b39e-d314-4ad3-8050-3ace553d67de,SAMMS-VCPHCS-XI-NorthDenverV5
202608312116372788,202608311905653251,202608311905652236,85,1672,Bronze INV,br_AdmissionAssessmentSummary,TASK_COMPLETE,SUCCESS,INFO,1118,1118,0,,2026-08-31T19:06:18.658Z,2026-08-31T21:16:41.151Z,7823,2026-08-31T21:16:41.151Z,V12,Downtown Denver,79f5b39e-d314-4ad3-8050-3ace553d67de,SAMMS-VCPHCS-XII-DowntownDenverV5
202608312116372789,202608311905653252,202608311905652236,85,1673,Bronze INV,br_AdmissionAssessmentSummary,TASK_COMPLETE,SUCCESS,INFO,509,509,0,,2026-08-31T19:06:18.658Z,2026-08-31T21:16:41.151Z,7823,2026-08-31T21:16:41.151Z,V12A,Centennial,79f5b39e-d314-4ad3-8050-3ace553d67de,SAMMS-CentennialV5
202608312116372790,202608311905653253,202608311905652236,85,1674,Bronze INV,br_AdmissionAssessmentSummary,TASK_COMPLETE,SUCCESS,INFO,316,316,0,,2026-08-31T19:06:18.658Z,2026-08-31T21:16:41.151Z,7823,2026-08-31T21:16:41.151Z,V14,Overland Park,79f5b39e-d314-4ad3-8050-3ace553d67de,SAMMS-VCPHCS-XIV-BridgewayV5
202608312116372791,202608311905653254,202608311905652236,85,1675,Bronze INV,br_AdmissionAssessmentSummary,TASK_COMPLETE,SUCCESS,INFO,576,576,0,,2026-08-31T19:06:18.658Z,2026-08-31T21:16:41.151Z,7823,2026-08-31T21:16:41.151Z,V15,Joplin,79f5b39e-d314-4ad3-8050-3ace553d67de,SAMMS-JoplinV5
202608312116372792,202608311905653255,202608311905652236,85,1677,Bronze INV,br_AdmissionAssessmentSummary,TASK_COMPLETE,SUCCESS,INFO,493,493,0,,2026-08-31T19:06:18.658Z,2026-08-31T21:16:41.151Z,7823,2026-08-31T21:16:41.151Z,V17,Columbia TN,79f5b39e-d314-4ad3-8050-3ace553d67de,SAMMS-ColumbiaTNv5
202608312116372793,202608311905653256,202608311905652236,85,1679,Bronze INV,br_AdmissionAssessmentSummary,TASK_COMPLETE,SUCCESS,INFO,441,441,0,,2026-08-31T19:06:18.658Z,2026-08-31T21:16:41.151Z,7823,2026-08-31T21:16:41.151Z,V19,Jackson,79f5b39e-d314-4ad3-8050-3ace553d67de,SAMMS-JacksonV5
202608312116372795,202608311905653257,202608311905652236,85,1681,Bronze INV,br_AdmissionAssessmentSummary,TASK_COMPLETE,SUCCESS,INFO,526,526,0,,2026-08-31T19:06:18.658Z,2026-08-31T21:16:41.151Z,7823,2026-08-31T21:16:41.151Z,V20,Paris,79f5b39e-d314-4ad3-8050-3ace553d67de,SAMMS-ParisV5
202608312116372796,202608311905653258,202608311905652236,85,1682,Bronze INV,br_AdmissionAssessmentSummary,TASK_COMPLETE,SUCCESS,INFO,369,369,0,,2026-08-31T19:06:18.658Z,2026-08-31T21:16:41.151Z,7823,2026-08-31T21:16:41.151Z,V21,Memphis North,79f5b39e-d314-4ad3-8050-3ace553d67de,SAMMS-RaleighV5
202608312116372797,202608311905653259,202608311905652236,85,1685,Bronze INV,br_AdmissionAssessmentSummary,TASK_COMPLETE,SUCCESS,INFO,730,730,0,,2026-08-31T19:06:18.658Z,2026-08-31T21:16:41.151Z,7823,2026-08-31T21:16:41.151Z,V5,West Bank,79f5b39e-d314-4ad3-8050-3ace553d67de,SAMMS-NONTCv5
202608312116372798,202608311905653260,202608311905652236,85,1687,Bronze INV,br_AdmissionAssessmentSummary,TASK_COMPLETE,SUCCESS,INFO,262,262,0,,2026-08-31T19:06:18.658Z,2026-08-31T21:16:41.151Z,7823,2026-08-31T21:16:41.151Z,V5B,Houma,79f5b39e-d314-4ad3-8050-3ace553d67de,SAMMS-HoumaV6
202608312116372799,202608311905653261,202608311905652236,85,1688,Bronze INV,br_AdmissionAssessmentSummary,TASK_COMPLETE,SUCCESS,INFO,983,983,0,,2026-08-31T19:06:18.658Z,2026-08-31T21:16:41.151Z,7823,2026-08-31T21:16:41.151Z,V6,Lake Charles,79f5b39e-d314-4ad3-8050-3ace553d67de,SAMMS-LCv5
202608312116372800,202608311905653262,202608311905652236,85,1690,Bronze INV,br_AdmissionAssessmentSummary,TASK_COMPLETE,SUCCESS,INFO,584,584,0,,2026-08-31T19:06:18.658Z,2026-08-31T21:16:41.151Z,7823,2026-08-31T21:16:41.151Z,V8,Memphis Midtown,79f5b39e-d314-4ad3-8050-3ace553d67de,SAMMS-VCPHCS-VIII-MemphisV5
202608312116372801,202608311905653263,202608311905652236,85,1691,Bronze INV,br_AdmissionAssessmentSummary,TASK_COMPLETE,SUCCESS,INFO,1631,1631,0,,2026-08-31T19:06:18.658Z,2026-08-31T21:16:41.151Z,7823,2026-08-31T21:16:41.151Z,V9,Nashville,79f5b39e-d314-4ad3-8050-3ace553d67de,SAMMS-NashvilleV5
202608312116372802,202608311905653264,202608311905652236,85,1692,Bronze INV,br_AdmissionAssessmentSummary,TASK_COMPLETE,SUCCESS,INFO,350,350,0,,2026-08-31T19:06:18.658Z,2026-08-31T21:16:41.151Z,7823,2026-08-31T21:16:41.151Z,VBRA,Brainerd,79f5b39e-d314-4ad3-8050-3ace553d67de,SAMMS-BrainerdV6
202608312116372804,202608311905653265,202608311905652236,85,1693,Bronze INV,br_AdmissionAssessmentSummary,TASK_COMPLETE,SUCCESS,INFO,617,617,0,,2026-08-31T19:06:18.658Z,2026-08-31T21:16:41.151Z,7823,2026-08-31T21:16:41.151Z,VBRP,Brooklyn Park,79f5b39e-d314-4ad3-8050-3ace553d67de,SAMMS-BrooklynParkV6
202608312116372805,202608311905653266,202608311905652236,85,1695,Bronze INV,br_AdmissionAssessmentSummary,TASK_COMPLETE,SUCCESS,INFO,596,596,0,,2026-08-31T19:06:18.658Z,2026-08-31T21:16:41.151Z,7823,2026-08-31T21:16:41.151Z,VMIN,Minneapolis,79f5b39e-d314-4ad3-8050-3ace553d67de,SAMMS-MinneapolisV6
202608312116372806,202608311905653267,202608311905652236,85,1696,Bronze INV,br_AdmissionAssessmentSummary,TASK_COMPLETE,SUCCESS,INFO,1132,1132,0,,2026-08-31T19:06:18.658Z,2026-08-31T21:16:41.151Z,7823,2026-08-31T21:16:41.151Z,VWBY,Woodbury,79f5b39e-d314-4ad3-8050-3ace553d67de,SAMMS-WoodburyV6
202608312116372807,202608311905653268,202608311905652236,85,1698,Bronze INV,br_AdmissionAssessmentSummary,TASK_COMPLETE,SUCCESS,INFO,444,444,0,,2026-08-31T19:06:18.658Z,2026-08-31T21:16:41.151Z,7823,2026-08-31T21:16:41.151Z,WIL,Wilson,79f5b39e-d314-4ad3-8050-3ace553d67de,SAMMS-Wilson
202609022122571450,202609021903207022,202609021903206075,85,1556,Bronze INV,br_AdmissionAssessmentSummary,TASK_COMPLETE,SUCCESS,INFO,328,328,0,,2026-09-02T19:03:39.838Z,2026-09-02T21:23:00.812Z,8361,2026-09-02T21:23:00.812Z,B51,N. Little Rock (OTP),c49685cc-3281-44bc-a1c2-3be5b1110999,SAMMS-NorthLittleRockV6
202609022122571451,202609021903207023,202609021903206075,85,1557,Bronze INV,br_AdmissionAssessmentSummary,TASK_COMPLETE,SUCCESS,INFO,166,166,0,,2026-09-02T19:03:39.838Z,2026-09-02T21:23:00.812Z,8361,2026-09-02T21:23:00.812Z,B52,Jackson GA,c49685cc-3281-44bc-a1c2-3be5b1110999,SAMMS-JacksonGAV5
202609022122571452,202609021903207024,202609021903206075,85,1558,Bronze INV,br_AdmissionAssessmentSummary,TASK_COMPLETE,SUCCESS,INFO,521,521,0,,2026-09-02T19:03:39.838Z,2026-09-02T21:23:00.812Z,8361,2026-09-02T21:23:00.812Z,B54,Gadsden,c49685cc-3281-44bc-a1c2-3be5b1110999,SAMMS-GadsdenV5
202609022122571453,202609021903207025,202609021903206075,85,1559,Bronze INV,br_AdmissionAssessmentSummary,TASK_COMPLETE,SUCCESS,INFO,523,523,0,,2026-09-02T19:03:39.838Z,2026-09-02T21:23:00.812Z,8361,2026-09-02T21:23:00.812Z,B55,Shoals,c49685cc-3281-44bc-a1c2-3be5b1110999,SAMMS-ShoalsV5
202609022122571455,202609021903207026,202609021903206075,85,1560,Bronze INV,br_AdmissionAssessmentSummary,TASK_COMPLETE,SUCCESS,INFO,179,179,0,,2026-09-02T19:03:39.838Z,2026-09-02T21:23:00.812Z,8361,2026-09-02T21:23:00.812Z,B57,Pawtucket,c49685cc-3281-44bc-a1c2-3be5b1110999,SAMMS-Pawtucket
202609022122571456,202609021903207027,202609021903206075,85,1561,Bronze INV,br_AdmissionAssessmentSummary,TASK_COMPLETE,SUCCESS,INFO,179,179,0,,2026-09-02T19:03:39.838Z,2026-09-02T21:23:00.812Z,8361,2026-09-02T21:23:00.812Z,B57A,Johnston,c49685cc-3281-44bc-a1c2-3be5b1110999,SAMMS-Johnston
202609022122571457,202609021903207028,202609021903206075,85,1562,Bronze INV,br_AdmissionAssessmentSummary,TASK_COMPLETE,SUCCESS,INFO,100,100,0,,2026-09-02T19:03:39.838Z,2026-09-02T21:23:00.812Z,8361,2026-09-02T21:23:00.812Z,B57B,Middletown,c49685cc-3281-44bc-a1c2-3be5b1110999,SAMMS-Middletown
202609022122571458,202609021903207029,202609021903206075,85,1563,Bronze INV,br_AdmissionAssessmentSummary,TASK_COMPLETE,SUCCESS,INFO,189,189,0,,2026-09-02T19:03:39.838Z,2026-09-02T21:23:00.812Z,8361,2026-09-02T21:23:00.812Z,B57C,Providence,c49685cc-3281-44bc-a1c2-3be5b1110999,SAMMS-Providence
202609022122571459,202609021903207030,202609021903206075,85,1564,Bronze INV,br_AdmissionAssessmentSummary,TASK_COMPLETE,SUCCESS,INFO,270,270,0,,2026-09-02T19:03:39.838Z,2026-09-02T21:23:00.812Z,8361,2026-09-02T21:23:00.812Z,B57D,Westerly,c49685cc-3281-44bc-a1c2-3be5b1110999,SAMMS-Westerly
202609022122571460,202609021903207031,202609021903206075,85,1568,Bronze INV,br_AdmissionAssessmentSummary,TASK_COMPLETE,SUCCESS,INFO,374,374,0,,2026-09-02T19:03:39.838Z,2026-09-02T21:23:00.812Z,8361,2026-09-02T21:23:00.812Z,B66A,Bremen,c49685cc-3281-44bc-a1c2-3be5b1110999,SAMMS-Bremen
202609022122571461,202609021903207032,202609021903206075,85,1571,Bronze INV,br_AdmissionAssessmentSummary,TASK_COMPLETE,SUCCESS,INFO,52,52,0,,2026-09-02T19:03:39.838Z,2026-09-02T21:23:00.812Z,8361,2026-09-02T21:23:00.812Z,B72,Mobile (OBOT),c49685cc-3281-44bc-a1c2-3be5b1110999,SAMMS-Mobile-OBOT
202609022122571462,202609021903207033,202609021903206075,85,1572,Bronze INV,br_AdmissionAssessmentSummary,TASK_COMPLETE,SUCCESS,INFO,4,4,0,,2026-09-02T19:03:39.838Z,2026-09-02T21:23:00.812Z,8361,2026-09-02T21:23:00.812Z,B73,Montgomery,c49685cc-3281-44bc-a1c2-3be5b1110999,SAMMS-Montgomery
202609022122571463,202609021903207034,202609021903206075,85,1573,Bronze INV,br_AdmissionAssessmentSummary,TASK_COMPLETE,SUCCESS,INFO,342,342,0,,2026-09-02T19:03:39.838Z,2026-09-02T21:23:00.812Z,8361,2026-09-02T21:23:00.812Z,B75,Lawrence,c49685cc-3281-44bc-a1c2-3be5b1110999,SAMMS-LawrenceV6
202609022122571464,202609021903207035,202609021903206075,85,1574,Bronze INV,br_AdmissionAssessmentSummary,TASK_COMPLETE,SUCCESS,INFO,54,54,0,,2026-09-02T19:03:39.838Z,2026-09-02T21:23:00.812Z,8361,2026-09-02T21:23:00.812Z,B76,Huntsville OBOT,c49685cc-3281-44bc-a1c2-3be5b1110999,SAMMS-Huntsville-OBOT
202609022122571465,202609021903207036,202609021903206075,85,1575,Bronze INV,br_AdmissionAssessmentSummary,TASK_COMPLETE,SUCCESS,INFO,310,310,0,,2026-09-02T19:03:39.838Z,2026-09-02T21:23:00.812Z,8361,2026-09-02T21:23:00.812Z,BAT,Batesville,c49685cc-3281-44bc-a1c2-3be5b1110999,SAMMS-Batesville
202609022122571467,202609021903207037,202609021903206075,85,1576,Bronze INV,br_AdmissionAssessmentSummary,TASK_COMPLETE,SUCCESS,INFO,246,246,0,,2026-09-02T19:03:39.838Z,2026-09-02T21:23:00.812Z,8361,2026-09-02T21:23:00.812Z,BG,Bowling Green,c49685cc-3281-44bc-a1c2-3be5b1110999,SAMMS-BowlingGreen
202609022122571468,202609021903207038,202609021903206075,85,1577,Bronze INV,br_AdmissionAssessmentSummary,TASK_COMPLETE,SUCCESS,INFO,236,236,0,,2026-09-02T19:03:39.838Z,2026-09-02T21:23:00.812Z,8361,2026-09-02T21:23:00.812Z,BOI,Boise,c49685cc-3281-44bc-a1c2-3be5b1110999,SAMMS-Boise
202609022122571469,202609021903207039,202609021903206075,85,1584,Bronze INV,br_AdmissionAssessmentSummary,TASK_COMPLETE,SUCCESS,INFO,310,310,0,,2026-09-02T19:03:39.838Z,2026-09-02T21:23:00.812Z,8361,2026-09-02T21:23:00.812Z,CBCO,Coeur dAlene,c49685cc-3281-44bc-a1c2-3be5b1110999,SAMMS-CoeurdAleneV6
202609022122571470,202609021903207040,202609021903206075,85,1603,Bronze INV,br_AdmissionAssessmentSummary,TASK_COMPLETE,SUCCESS,INFO,350,350,0,,2026-09-02T19:03:39.838Z,2026-09-02T21:23:00.812Z,8361,2026-09-02T21:23:00.812Z,CON,Conway,c49685cc-3281-44bc-a1c2-3be5b1110999,SAMMS-Conway
202609022122571471,202609021903207041,202609021903206075,85,1604,Bronze INV,br_AdmissionAssessmentSummary,TASK_COMPLETE,SUCCESS,INFO,1643,1643,0,,2026-09-02T19:03:39.838Z,2026-09-02T21:23:00.812Z,8361,2026-09-02T21:23:00.812Z,D07,Medical Services Knox TN,c49685cc-3281-44bc-a1c2-3be5b1110999,SAMMS-KnoxvilleV6
202609022122571472,202609021903207042,202609021903206075,85,1605,Bronze INV,br_AdmissionAssessmentSummary,TASK_COMPLETE,SUCCESS,INFO,1044,1044,0,,2026-09-02T19:03:39.838Z,2026-09-02T21:23:00.812Z,8361,2026-09-02T21:23:00.812Z,D08,Madison,c49685cc-3281-44bc-a1c2-3be5b1110999,SAMMS-MadisonV6
202609022122571473,202609021903207043,202609021903206075,85,1607,Bronze INV,br_AdmissionAssessmentSummary,TASK_COMPLETE,SUCCESS,INFO,990,990,0,,2026-09-02T19:03:39.838Z,2026-09-02T21:23:00.812Z,8361,2026-09-02T21:23:00.812Z,D09,Murfreesboro,c49685cc-3281-44bc-a1c2-3be5b1110999,SAMMS-MurfreesboroV6
202609022122571474,202609021903207044,202609021903206075,85,1608,Bronze INV,br_AdmissionAssessmentSummary,TASK_COMPLETE,SUCCESS,INFO,234,234,0,,2026-09-02T19:03:39.838Z,2026-09-02T21:23:00.812Z,8361,2026-09-02T21:23:00.812Z,DA,Davenport,c49685cc-3281-44bc-a1c2-3be5b1110999,SAMMS-Davenport
202609022122571475,202609021903207045,202609021903206075,85,1609,Bronze INV,br_AdmissionAssessmentSummary,TASK_COMPLETE,SUCCESS,INFO,367,367,0,,2026-09-02T19:03:39.838Z,2026-09-02T21:23:00.812Z,8361,2026-09-02T21:23:00.812Z,DM,Des Moines,c49685cc-3281-44bc-a1c2-3be5b1110999,SAMMS-DesMoines
202609022122571476,202609021903207046,202609021903206075,85,1611,Bronze INV,br_AdmissionAssessmentSummary,TASK_COMPLETE,SUCCESS,INFO,501,501,0,,2026-09-02T19:03:39.838Z,2026-09-02T21:23:00.812Z,8361,2026-09-02T21:23:00.812Z,DRD-CO,Columbia MO,c49685cc-3281-44bc-a1c2-3be5b1110999,SAMMS-ColumbiaV5
202609022122571478,202609021903207047,202609021903206075,85,1612,Bronze INV,br_AdmissionAssessmentSummary,TASK_COMPLETE,SUCCESS,INFO,621,621,0,,2026-09-02T19:03:39.838Z,2026-09-02T21:23:00.812Z,8361,2026-09-02T21:23:00.812Z,DRD-KC,KC,c49685cc-3281-44bc-a1c2-3be5b1110999,SAMMS-KCv5
202609022122571479,202609021903207048,202609021903206075,85,1613,Bronze INV,br_AdmissionAssessmentSummary,TASK_COMPLETE,SUCCESS,INFO,989,989,0,,2026-09-02T19:03:39.838Z,2026-09-02T21:23:00.812Z,8361,2026-09-02T21:23:00.812Z,DRD-KVB,KVB,c49685cc-3281-44bc-a1c2-3be5b1110999,SAMMS-KVBv5
202609022122571480,202609021903207049,202609021903206075,85,1614,Bronze INV,br_AdmissionAssessmentSummary,TASK_COMPLETE,SUCCESS,INFO,1615,1615,0,,2026-09-02T19:03:39.838Z,2026-09-02T21:23:00.812Z,8361,2026-09-02T21:23:00.812Z,DRD-KVC,KVC,c49685cc-3281-44bc-a1c2-3be5b1110999,SAMMS-KVCv5
202609022122571481,202609021903207050,202609021903206075,85,1615,Bronze INV,br_AdmissionAssessmentSummary,TASK_COMPLETE,SUCCESS,INFO,1275,1275,0,,2026-09-02T19:03:39.838Z,2026-09-02T21:23:00.812Z,8361,2026-09-02T21:23:00.812Z,DRD-NOLA,NOLA,c49685cc-3281-44bc-a1c2-3be5b1110999,SAMMS-NOLAv5
202609022122571482,202609021903207051,202609021903206075,85,1616,Bronze INV,br_AdmissionAssessmentSummary,TASK_COMPLETE,SUCCESS,INFO,786,786,0,,2026-09-02T19:03:39.838Z,2026-09-02T21:23:00.812Z,8361,2026-09-02T21:23:00.812Z,DRD-SF,Springfield,c49685cc-3281-44bc-a1c2-3be5b1110999,SAMMS-SFv5
202609022122571483,202609021903207052,202609021903206075,85,1618,Bronze INV,br_AdmissionAssessmentSummary,TASK_COMPLETE,SUCCESS,INFO,286,286,0,,2026-09-02T19:03:39.838Z,2026-09-02T21:23:00.812Z,8361,2026-09-02T21:23:00.812Z,ELC,Elizabeth City,c49685cc-3281-44bc-a1c2-3be5b1110999,SAMMS-ElizabethCity
202609022122571484,202609021903207053,202609021903206075,85,1619,Bronze INV,br_AdmissionAssessmentSummary,TASK_COMPLETE,SUCCESS,INFO,285,285,0,,2026-09-02T19:03:39.838Z,2026-09-02T21:23:00.812Z,8361,2026-09-02T21:23:00.812Z,ET,Elizabethtown,c49685cc-3281-44bc-a1c2-3be5b1110999,SAMMS-Elizabethtown
202609022122571485,202609021903207054,202609021903206075,85,1620,Bronze INV,br_AdmissionAssessmentSummary,TASK_COMPLETE,SUCCESS,INFO,240,240,0,,2026-09-02T19:03:39.838Z,2026-09-02T21:23:00.812Z,8361,2026-09-02T21:23:00.812Z,FAY,Fayetteville,c49685cc-3281-44bc-a1c2-3be5b1110999,SAMMS-Fayetteville
202609022122571486,202609021903207055,202609021903206075,85,1621,Bronze INV,br_AdmissionAssessmentSummary,TASK_COMPLETE,SUCCESS,INFO,185,185,0,,2026-09-02T19:03:39.838Z,2026-09-02T21:23:00.812Z,8361,2026-09-02T21:23:00.812Z,FR,Frankfort,c49685cc-3281-44bc-a1c2-3be5b1110999,SAMMS-Frankfort
202609022122571487,202609021903207056,202609021903206075,85,1622,Bronze INV,br_AdmissionAssessmentSummary,TASK_COMPLETE,SUCCESS,INFO,297,297,0,,2026-09-02T19:03:39.838Z,2026-09-02T21:23:00.812Z,8361,2026-09-02T21:23:00.812Z,FS,Fort Smith,c49685cc-3281-44bc-a1c2-3be5b1110999,SAMMS-FortSmith
202609022122571488,202609021903207057,202609021903206075,85,1623,Bronze INV,br_AdmissionAssessmentSummary,TASK_COMPLETE,SUCCESS,INFO,690,690,0,,2026-09-02T19:03:39.838Z,2026-09-02T21:23:00.812Z,8361,2026-09-02T21:23:00.812Z,FW,Fort Wayne,c49685cc-3281-44bc-a1c2-3be5b1110999,SAMMS-FortWayne
202609022122571490,202609021903207058,202609021903206075,85,1624,Bronze INV,br_AdmissionAssessmentSummary,TASK_COMPLETE,SUCCESS,INFO,128,128,0,,2026-09-02T19:03:39.838Z,2026-09-02T21:23:00.812Z,8361,2026-09-02T21:23:00.812Z,GAL,Gaylord,c49685cc-3281-44bc-a1c2-3be5b1110999,SAMMS-Gaylord
202609022122571491,202609021903207059,202609021903206075,85,1628,Bronze INV,br_AdmissionAssessmentSummary,TASK_COMPLETE,SUCCESS,INFO,641,641,0,,2026-09-02T19:03:39.838Z,2026-09-02T21:23:00.812Z,8361,2026-09-02T21:23:00.812Z,HGT,Hagerstown,c49685cc-3281-44bc-a1c2-3be5b1110999,SAMMS-Hagerstown
202609022122571492,202609021903207060,202609021903206075,85,1629,Bronze INV,br_AdmissionAssessmentSummary,TASK_COMPLETE,SUCCESS,INFO,503,503,0,,2026-09-02T19:03:39.838Z,2026-09-02T21:23:00.812Z,8361,2026-09-02T21:23:00.812Z,HNT,Huntsville,c49685cc-3281-44bc-a1c2-3be5b1110999,SAMMS-Huntsville
202609022122571493,202609021903207061,202609021903206075,85,1630,Bronze INV,br_AdmissionAssessmentSummary,TASK_COMPLETE,SUCCESS,INFO,363,363,0,,2026-09-02T19:03:39.838Z,2026-09-02T21:23:00.812Z,8361,2026-09-02T21:23:00.812Z,HS,Hot Springs,c49685cc-3281-44bc-a1c2-3be5b1110999,SAMMS-HotSprings
202609022122571494,202609021903207062,202609021903206075,85,1631,Bronze INV,br_AdmissionAssessmentSummary,TASK_COMPLETE,SUCCESS,INFO,268,268,0,,2026-09-02T19:03:39.838Z,2026-09-02T21:23:00.812Z,8361,2026-09-02T21:23:00.812Z,JON,Jonesboro,c49685cc-3281-44bc-a1c2-3be5b1110999,SAMMS-Jonesboro
202609022122571495,202609021903207063,202609021903206075,85,1633,Bronze INV,br_AdmissionAssessmentSummary,TASK_COMPLETE,SUCCESS,INFO,200,200,0,,2026-09-02T19:03:39.838Z,2026-09-02T21:23:00.812Z,8361,2026-09-02T21:23:00.812Z,LAN,Lansing,c49685cc-3281-44bc-a1c2-3be5b1110999,SAMMS-Lansing
202609022122571496,202609021903207064,202609021903206075,85,1634,Bronze INV,br_AdmissionAssessmentSummary,TASK_COMPLETE,SUCCESS,INFO,450,450,0,,2026-09-02T19:03:39.838Z,2026-09-02T21:23:00.812Z,8361,2026-09-02T21:23:00.812Z,LO,Louisville,c49685cc-3281-44bc-a1c2-3be5b1110999,SAMMS-Louisville
202609022122571497,202609021903207065,202609021903206075,85,1635,Bronze INV,br_AdmissionAssessmentSummary,TASK_COMPLETE,SUCCESS,INFO,1223,1223,0,,2026-09-02T19:03:39.838Z,2026-09-02T21:23:00.812Z,8361,2026-09-02T21:23:00.812Z,LV1,Cheyenne,c49685cc-3281-44bc-a1c2-3be5b1110999,SAMMS-Cheyenne
202609022122571498,202609021903207066,202609021903206075,85,1636,Bronze INV,br_AdmissionAssessmentSummary,TASK_COMPLETE,SUCCESS,INFO,967,967,0,,2026-09-02T19:03:39.838Z,2026-09-02T21:23:00.812Z,8361,2026-09-02T21:23:00.812Z,LV2,Desert Inn,c49685cc-3281-44bc-a1c2-3be5b1110999,SAMMS-DesertInn
202609022122571499,202609021903207067,202609021903206075,85,1637,Bronze INV,br_AdmissionAssessmentSummary,TASK_COMPLETE,SUCCESS,INFO,322,322,0,,2026-09-02T19:03:39.838Z,2026-09-02T21:23:00.812Z,8361,2026-09-02T21:23:00.812Z,LV3,McDaniel,c49685cc-3281-44bc-a1c2-3be5b1110999,SAMMS-McDaniel
202609022122571500,202609021903207068,202609021903206075,85,1640,Bronze INV,br_AdmissionAssessmentSummary,TASK_COMPLETE,SUCCESS,INFO,279,279,0,,2026-09-02T19:03:39.838Z,2026-09-02T21:23:00.812Z,8361,2026-09-02T21:23:00.812Z,MNRE,Monroe,c49685cc-3281-44bc-a1c2-3be5b1110999,SAMMS-Monroe
202609022122571502,202609021903207069,202609021903206075,85,1641,Bronze INV,br_AdmissionAssessmentSummary,TASK_COMPLETE,SUCCESS,INFO,198,198,0,,2026-09-02T19:03:39.838Z,2026-09-02T21:23:00.812Z,8361,2026-09-02T21:23:00.812Z,MP,Mt. Pleasant,c49685cc-3281-44bc-a1c2-3be5b1110999,SAMMS-MtPleasant
202609022122571503,202609021903207070,202609021903206075,85,1642,Bronze INV,br_AdmissionAssessmentSummary,TASK_COMPLETE,SUCCESS,INFO,178,178,0,,2026-09-02T19:03:39.838Z,2026-09-02T21:23:00.812Z,8361,2026-09-02T21:23:00.812Z,MRD,Meridian,c49685cc-3281-44bc-a1c2-3be5b1110999,SAMMS-Meridian
202609022122571504,202609021903207071,202609021903206075,85,1647,Bronze INV,br_AdmissionAssessmentSummary,TASK_COMPLETE,SUCCESS,INFO,649,649,0,,2026-09-02T19:03:39.838Z,2026-09-02T21:23:00.812Z,8361,2026-09-02T21:23:00.812Z,NC,North Charleston,c49685cc-3281-44bc-a1c2-3be5b1110999,SAMMS-NorthCharleston
202609022122571505,202609021903207072,202609021903206075,85,1648,Bronze INV,br_AdmissionAssessmentSummary,TASK_COMPLETE,SUCCESS,INFO,581,581,0,,2026-09-02T19:03:39.838Z,2026-09-02T21:23:00.812Z,8361,2026-09-02T21:23:00.812Z,NLR,N. Little Rock,c49685cc-3281-44bc-a1c2-3be5b1110999,SAMMS-NLROBOT
202609022122571506,202609021903207073,202609021903206075,85,1649,Bronze INV,br_AdmissionAssessmentSummary,TASK_COMPLETE,SUCCESS,INFO,247,247,0,,2026-09-02T19:03:39.838Z,2026-09-02T21:23:00.812Z,8361,2026-09-02T21:23:00.812Z,PH,Phoenix,c49685cc-3281-44bc-a1c2-3be5b1110999,SAMMS-Phoenix
202609022122571507,202609021903207074,202609021903206075,85,1653,Bronze INV,br_AdmissionAssessmentSummary,TASK_COMPLETE,SUCCESS,INFO,424,424,0,,2026-09-02T19:03:39.838Z,2026-09-02T21:23:00.812Z,8361,2026-09-02T21:23:00.812Z,RE,Reno,c49685cc-3281-44bc-a1c2-3be5b1110999,SAMMS-Reno
202609022122571508,202609021903207075,202609021903206075,85,1654,Bronze INV,br_AdmissionAssessmentSummary,TASK_COMPLETE,SUCCESS,INFO,407,407,0,,2026-09-02T19:03:39.838Z,2026-09-02T21:23:00.812Z,8361,2026-09-02T21:23:00.812Z,RMD,Richmond,c49685cc-3281-44bc-a1c2-3be5b1110999,SAMMS-Richmond
202609022122571509,202609021903207076,202609021903206075,85,1655,Bronze INV,br_AdmissionAssessmentSummary,TASK_COMPLETE,SUCCESS,INFO,508,508,0,,2026-09-02T19:03:39.838Z,2026-09-02T21:23:00.812Z,8361,2026-09-02T21:23:00.812Z,SFN,Springfield North,c49685cc-3281-44bc-a1c2-3be5b1110999,SAMMS-SFNv5
202609022122571510,202609021903207077,202609021903206075,85,1656,Bronze INV,br_AdmissionAssessmentSummary,TASK_COMPLETE,SUCCESS,INFO,465,465,0,,2026-09-02T19:03:39.838Z,2026-09-02T21:23:00.812Z,8361,2026-09-02T21:23:00.812Z,SHP,Shreveport,c49685cc-3281-44bc-a1c2-3be5b1110999,SAMMS-Shreveport
202609022122571511,202609021903207078,202609021903206075,85,1658,Bronze INV,br_AdmissionAssessmentSummary,TASK_COMPLETE,SUCCESS,INFO,88,88,0,,2026-09-02T19:03:39.838Z,2026-09-02T21:23:00.812Z,8361,2026-09-02T21:23:00.812Z,STN,Staunton,c49685cc-3281-44bc-a1c2-3be5b1110999,SAMMS-Staunton
202609022122571513,202609021903207079,202609021903206075,85,1659,Bronze INV,br_AdmissionAssessmentSummary,TASK_COMPLETE,SUCCESS,INFO,58,58,0,,2026-09-02T19:03:39.838Z,2026-09-02T21:23:00.812Z,8361,2026-09-02T21:23:00.812Z,STVN,Stevenson,c49685cc-3281-44bc-a1c2-3be5b1110999,SAMMS-Stevenson
202609022122571514,202609021903207080,202609021903206075,85,1661,Bronze INV,br_AdmissionAssessmentSummary,TASK_COMPLETE,SUCCESS,INFO,77,77,0,,2026-09-02T19:03:39.838Z,2026-09-02T21:23:00.812Z,8361,2026-09-02T21:23:00.812Z,TE,Tempe,c49685cc-3281-44bc-a1c2-3be5b1110999,SAMMS-Tempe
202609022122571515,202609021903207081,202609021903206075,85,1662,Bronze INV,br_AdmissionAssessmentSummary,TASK_COMPLETE,SUCCESS,INFO,394,394,0,,2026-09-02T19:03:39.838Z,2026-09-02T21:23:00.812Z,8361,2026-09-02T21:23:00.812Z,TEX,Texarkana,c49685cc-3281-44bc-a1c2-3be5b1110999,SAMMS-Texarkana
202609022122571516,202609021903207082,202609021903206075,85,1663,Bronze INV,br_AdmissionAssessmentSummary,TASK_COMPLETE,SUCCESS,INFO,472,472,0,,2026-09-02T19:03:39.838Z,2026-09-02T21:23:00.812Z,8361,2026-09-02T21:23:00.812Z,TTCA,Bessemer,c49685cc-3281-44bc-a1c2-3be5b1110999,SAMMS-BessemerV5
202609022122571517,202609021903207083,202609021903206075,85,1664,Bronze INV,br_AdmissionAssessmentSummary,TASK_COMPLETE,SUCCESS,INFO,558,558,0,,2026-09-02T19:03:39.838Z,2026-09-02T21:23:00.812Z,8361,2026-09-02T21:23:00.812Z,TTCB,Cullman,c49685cc-3281-44bc-a1c2-3be5b1110999,SAMMS-CullmanV5
202609022122571518,202609021903207084,202609021903206075,85,1665,Bronze INV,br_AdmissionAssessmentSummary,TASK_COMPLETE,SUCCESS,INFO,398,398,0,,2026-09-02T19:03:39.838Z,2026-09-02T21:23:00.812Z,8361,2026-09-02T21:23:00.812Z,TTCC,Grand Bay,c49685cc-3281-44bc-a1c2-3be5b1110999,SAMMS-GrandBay
202609022122571519,202609021903207085,202609021903206075,85,1666,Bronze INV,br_AdmissionAssessmentSummary,TASK_COMPLETE,SUCCESS,INFO,25,25,0,,2026-09-02T19:03:39.838Z,2026-09-02T21:23:00.812Z,8361,2026-09-02T21:23:00.812Z,TU,Tucson,c49685cc-3281-44bc-a1c2-3be5b1110999,SAMMS-Tucson
202609022122571520,202609021903207086,202609021903206075,85,1668,Bronze INV,br_AdmissionAssessmentSummary,TASK_COMPLETE,SUCCESS,INFO,267,267,0,,2026-09-02T19:03:39.838Z,2026-09-02T21:23:00.812Z,8361,2026-09-02T21:23:00.812Z,V1,Memphis South,c49685cc-3281-44bc-a1c2-3be5b1110999,SAMMS-VCPHCS-I-MemphisV5
202609022122571521,202609021903207087,202609021903206075,85,1669,Bronze INV,br_AdmissionAssessmentSummary,TASK_COMPLETE,SUCCESS,INFO,712,712,0,,2026-09-02T19:03:39.838Z,2026-09-02T21:23:00.812Z,8361,2026-09-02T21:23:00.812Z,V10,Longmont,c49685cc-3281-44bc-a1c2-3be5b1110999,SAMMS-BoulderV5
202609022122571522,202609021903207088,202609021903206075,85,1670,Bronze INV,br_AdmissionAssessmentSummary,TASK_COMPLETE,SUCCESS,INFO,1215,1215,0,,2026-09-02T19:03:39.838Z,2026-09-02T21:23:00.812Z,8361,2026-09-02T21:23:00.812Z,V10A,Fort Collins,c49685cc-3281-44bc-a1c2-3be5b1110999,SAMMS-FortCollinsV5
202609022122571523,202609021903207089,202609021903206075,85,1671,Bronze INV,br_AdmissionAssessmentSummary,TASK_COMPLETE,SUCCESS,INFO,1061,1061,0,,2026-09-02T19:03:39.838Z,2026-09-02T21:23:00.812Z,8361,2026-09-02T21:23:00.812Z,V11,Westminster,c49685cc-3281-44bc-a1c2-3be5b1110999,SAMMS-VCPHCS-XI-NorthDenverV5
202609022122571525,202609021903207090,202609021903206075,85,1672,Bronze INV,br_AdmissionAssessmentSummary,TASK_COMPLETE,SUCCESS,INFO,1120,1120,0,,2026-09-02T19:03:39.838Z,2026-09-02T21:23:00.812Z,8361,2026-09-02T21:23:00.812Z,V12,Downtown Denver,c49685cc-3281-44bc-a1c2-3be5b1110999,SAMMS-VCPHCS-XII-DowntownDenverV5
202609022122571526,202609021903207091,202609021903206075,85,1673,Bronze INV,br_AdmissionAssessmentSummary,TASK_COMPLETE,SUCCESS,INFO,509,509,0,,2026-09-02T19:03:39.838Z,2026-09-02T21:23:00.812Z,8361,2026-09-02T21:23:00.812Z,V12A,Centennial,c49685cc-3281-44bc-a1c2-3be5b1110999,SAMMS-CentennialV5
202609022122571527,202609021903207092,202609021903206075,85,1674,Bronze INV,br_AdmissionAssessmentSummary,TASK_COMPLETE,SUCCESS,INFO,319,319,0,,2026-09-02T19:03:39.838Z,2026-09-02T21:23:00.812Z,8361,2026-09-02T21:23:00.812Z,V14,Overland Park,c49685cc-3281-44bc-a1c2-3be5b1110999,SAMMS-VCPHCS-XIV-BridgewayV5
202609022122571528,202609021903207093,202609021903206075,85,1675,Bronze INV,br_AdmissionAssessmentSummary,TASK_COMPLETE,SUCCESS,INFO,578,578,0,,2026-09-02T19:03:39.838Z,2026-09-02T21:23:00.812Z,8361,2026-09-02T21:23:00.812Z,V15,Joplin,c49685cc-3281-44bc-a1c2-3be5b1110999,SAMMS-JoplinV5
202609022122571529,202609021903207094,202609021903206075,85,1677,Bronze INV,br_AdmissionAssessmentSummary,TASK_COMPLETE,SUCCESS,INFO,494,494,0,,2026-09-02T19:03:39.838Z,2026-09-02T21:23:00.812Z,8361,2026-09-02T21:23:00.812Z,V17,Columbia TN,c49685cc-3281-44bc-a1c2-3be5b1110999,SAMMS-ColumbiaTNv5
202609022122571530,202609021903207095,202609021903206075,85,1679,Bronze INV,br_AdmissionAssessmentSummary,TASK_COMPLETE,SUCCESS,INFO,444,444,0,,2026-09-02T19:03:39.838Z,2026-09-02T21:23:00.812Z,8361,2026-09-02T21:23:00.812Z,V19,Jackson,c49685cc-3281-44bc-a1c2-3be5b1110999,SAMMS-JacksonV5
202609022122571531,202609021903207096,202609021903206075,85,1681,Bronze INV,br_AdmissionAssessmentSummary,TASK_COMPLETE,SUCCESS,INFO,526,526,0,,2026-09-02T19:03:39.838Z,2026-09-02T21:23:00.812Z,8361,2026-09-02T21:23:00.812Z,V20,Paris,c49685cc-3281-44bc-a1c2-3be5b1110999,SAMMS-ParisV5
202609022122571532,202609021903207097,202609021903206075,85,1682,Bronze INV,br_AdmissionAssessmentSummary,TASK_COMPLETE,SUCCESS,INFO,375,375,0,,2026-09-02T19:03:39.838Z,2026-09-02T21:23:00.812Z,8361,2026-09-02T21:23:00.812Z,V21,Memphis North,c49685cc-3281-44bc-a1c2-3be5b1110999,SAMMS-RaleighV5
202609022122571533,202609021903207098,202609021903206075,85,1685,Bronze INV,br_AdmissionAssessmentSummary,TASK_COMPLETE,SUCCESS,INFO,730,730,0,,2026-09-02T19:03:39.838Z,2026-09-02T21:23:00.812Z,8361,2026-09-02T21:23:00.812Z,V5,West Bank,c49685cc-3281-44bc-a1c2-3be5b1110999,SAMMS-NONTCv5
202609022122571534,202609021903207099,202609021903206075,85,1687,Bronze INV,br_AdmissionAssessmentSummary,TASK_COMPLETE,SUCCESS,INFO,262,262,0,,2026-09-02T19:03:39.838Z,2026-09-02T21:23:00.812Z,8361,2026-09-02T21:23:00.812Z,V5B,Houma,c49685cc-3281-44bc-a1c2-3be5b1110999,SAMMS-HoumaV6
202609022122571536,202609021903207100,202609021903206075,85,1688,Bronze INV,br_AdmissionAssessmentSummary,TASK_COMPLETE,SUCCESS,INFO,983,983,0,,2026-09-02T19:03:39.838Z,2026-09-02T21:23:00.812Z,8361,2026-09-02T21:23:00.812Z,V6,Lake Charles,c49685cc-3281-44bc-a1c2-3be5b1110999,SAMMS-LCv5
202609022122571537,202609021903207101,202609021903206075,85,1690,Bronze INV,br_AdmissionAssessmentSummary,TASK_COMPLETE,SUCCESS,INFO,586,586,0,,2026-09-02T19:03:39.838Z,2026-09-02T21:23:00.812Z,8361,2026-09-02T21:23:00.812Z,V8,Memphis Midtown,c49685cc-3281-44bc-a1c2-3be5b1110999,SAMMS-VCPHCS-VIII-MemphisV5
202609022122571538,202609021903207102,202609021903206075,85,1691,Bronze INV,br_AdmissionAssessmentSummary,TASK_COMPLETE,SUCCESS,INFO,1636,1636,0,,2026-09-02T19:03:39.838Z,2026-09-02T21:23:00.812Z,8361,2026-09-02T21:23:00.812Z,V9,Nashville,c49685cc-3281-44bc-a1c2-3be5b1110999,SAMMS-NashvilleV5
202609022122571539,202609021903207103,202609021903206075,85,1692,Bronze INV,br_AdmissionAssessmentSummary,TASK_COMPLETE,SUCCESS,INFO,350,350,0,,2026-09-02T19:03:39.838Z,2026-09-02T21:23:00.812Z,8361,2026-09-02T21:23:00.812Z,VBRA,Brainerd,c49685cc-3281-44bc-a1c2-3be5b1110999,SAMMS-BrainerdV6
202609022122571540,202609021903207104,202609021903206075,85,1693,Bronze INV,br_AdmissionAssessmentSummary,TASK_COMPLETE,SUCCESS,INFO,617,617,0,,2026-09-02T19:03:39.838Z,2026-09-02T21:23:00.812Z,8361,2026-09-02T21:23:00.812Z,VBRP,Brooklyn Park,c49685cc-3281-44bc-a1c2-3be5b1110999,SAMMS-BrooklynParkV6
202609022122571541,202609021903207105,202609021903206075,85,1695,Bronze INV,br_AdmissionAssessmentSummary,TASK_COMPLETE,SUCCESS,INFO,596,596,0,,2026-09-02T19:03:39.838Z,2026-09-02T21:23:00.812Z,8361,2026-09-02T21:23:00.812Z,VMIN,Minneapolis,c49685cc-3281-44bc-a1c2-3be5b1110999,SAMMS-MinneapolisV6
202609022122571542,202609021903207106,202609021903206075,85,1696,Bronze INV,br_AdmissionAssessmentSummary,TASK_COMPLETE,SUCCESS,INFO,1132,1132,0,,2026-09-02T19:03:39.838Z,2026-09-02T21:23:00.812Z,8361,2026-09-02T21:23:00.812Z,VWBY,Woodbury,c49685cc-3281-44bc-a1c2-3be5b1110999,SAMMS-WoodburyV6
202609022122571543,202609021903207107,202609021903206075,85,1698,Bronze INV,br_AdmissionAssessmentSummary,TASK_COMPLETE,SUCCESS,INFO,445,445,0,,2026-09-02T19:03:39.838Z,2026-09-02T21:23:00.812Z,8361,2026-09-02T21:23:00.812Z,WIL,Wilson,c49685cc-3281-44bc-a1c2-3be5b1110999,SAMMS-Wilson
202609012114519578,202609011903672952,202609011903672005,85,1556,Bronze INV,br_AdmissionAssessmentSummary,TASK_COMPLETE,SUCCESS,INFO,327,327,0,,2026-09-01T19:04:17.664Z,2026-09-01T21:14:55.846Z,7838,2026-09-01T21:14:55.846Z,B51,N. Little Rock (OTP),0e5f68b5-5669-4bb1-91ce-4b967b620e7d,SAMMS-NorthLittleRockV6
202609012114519579,202609011903672953,202609011903672005,85,1557,Bronze INV,br_AdmissionAssessmentSummary,TASK_COMPLETE,SUCCESS,INFO,166,166,0,,2026-09-01T19:04:17.664Z,2026-09-01T21:14:55.846Z,7838,2026-09-01T21:14:55.846Z,B52,Jackson GA,0e5f68b5-5669-4bb1-91ce-4b967b620e7d,SAMMS-JacksonGAV5
202609012114519580,202609011903672954,202609011903672005,85,1558,Bronze INV,br_AdmissionAssessmentSummary,TASK_COMPLETE,SUCCESS,INFO,520,520,0,,2026-09-01T19:04:17.664Z,2026-09-01T21:14:55.846Z,7838,2026-09-01T21:14:55.846Z,B54,Gadsden,0e5f68b5-5669-4bb1-91ce-4b967b620e7d,SAMMS-GadsdenV5
202609012114519581,202609011903672955,202609011903672005,85,1559,Bronze INV,br_AdmissionAssessmentSummary,TASK_COMPLETE,SUCCESS,INFO,523,523,0,,2026-09-01T19:04:17.664Z,2026-09-01T21:14:55.846Z,7838,2026-09-01T21:14:55.846Z,B55,Shoals,0e5f68b5-5669-4bb1-91ce-4b967b620e7d,SAMMS-ShoalsV5
202609012114519582,202609011903672956,202609011903672005,85,1560,Bronze INV,br_AdmissionAssessmentSummary,TASK_COMPLETE,SUCCESS,INFO,179,179,0,,2026-09-01T19:04:17.664Z,2026-09-01T21:14:55.846Z,7838,2026-09-01T21:14:55.846Z,B57,Pawtucket,0e5f68b5-5669-4bb1-91ce-4b967b620e7d,SAMMS-Pawtucket
202609012114519583,202609011903672957,202609011903672005,85,1561,Bronze INV,br_AdmissionAssessmentSummary,TASK_COMPLETE,SUCCESS,INFO,179,179,0,,2026-09-01T19:04:17.664Z,2026-09-01T21:14:55.846Z,7838,2026-09-01T21:14:55.846Z,B57A,Johnston,0e5f68b5-5669-4bb1-91ce-4b967b620e7d,SAMMS-Johnston
202609012114519584,202609011903672958,202609011903672005,85,1562,Bronze INV,br_AdmissionAssessmentSummary,TASK_COMPLETE,SUCCESS,INFO,100,100,0,,2026-09-01T19:04:17.664Z,2026-09-01T21:14:55.846Z,7838,2026-09-01T21:14:55.846Z,B57B,Middletown,0e5f68b5-5669-4bb1-91ce-4b967b620e7d,SAMMS-Middletown
202609012114519586,202609011903672959,202609011903672005,85,1563,Bronze INV,br_AdmissionAssessmentSummary,TASK_COMPLETE,SUCCESS,INFO,188,188,0,,2026-09-01T19:04:17.664Z,2026-09-01T21:14:55.846Z,7838,2026-09-01T21:14:55.846Z,B57C,Providence,0e5f68b5-5669-4bb1-91ce-4b967b620e7d,SAMMS-Providence
202609012114519587,202609011903672960,202609011903672005,85,1564,Bronze INV,br_AdmissionAssessmentSummary,TASK_COMPLETE,SUCCESS,INFO,269,269,0,,2026-09-01T19:04:17.664Z,2026-09-01T21:14:55.846Z,7838,2026-09-01T21:14:55.846Z,B57D,Westerly,0e5f68b5-5669-4bb1-91ce-4b967b620e7d,SAMMS-Westerly
202609012114519588,202609011903672961,202609011903672005,85,1568,Bronze INV,br_AdmissionAssessmentSummary,TASK_COMPLETE,SUCCESS,INFO,374,374,0,,2026-09-01T19:04:17.664Z,2026-09-01T21:14:55.846Z,7838,2026-09-01T21:14:55.846Z,B66A,Bremen,0e5f68b5-5669-4bb1-91ce-4b967b620e7d,SAMMS-Bremen
202609012114519589,202609011903672962,202609011903672005,85,1571,Bronze INV,br_AdmissionAssessmentSummary,TASK_COMPLETE,SUCCESS,INFO,52,52,0,,2026-09-01T19:04:17.664Z,2026-09-01T21:14:55.846Z,7838,2026-09-01T21:14:55.846Z,B72,Mobile (OBOT),0e5f68b5-5669-4bb1-91ce-4b967b620e7d,SAMMS-Mobile-OBOT
202609012114519590,202609011903672963,202609011903672005,85,1572,Bronze INV,br_AdmissionAssessmentSummary,TASK_COMPLETE,SUCCESS,INFO,4,4,0,,2026-09-01T19:04:17.664Z,2026-09-01T21:14:55.846Z,7838,2026-09-01T21:14:55.846Z,B73,Montgomery,0e5f68b5-5669-4bb1-91ce-4b967b620e7d,SAMMS-Montgomery
202609012114519591,202609011903672964,202609011903672005,85,1573,Bronze INV,br_AdmissionAssessmentSummary,TASK_COMPLETE,SUCCESS,INFO,342,342,0,,2026-09-01T19:04:17.664Z,2026-09-01T21:14:55.846Z,7838,2026-09-01T21:14:55.846Z,B75,Lawrence,0e5f68b5-5669-4bb1-91ce-4b967b620e7d,SAMMS-LawrenceV6
202609012114519592,202609011903672965,202609011903672005,85,1574,Bronze INV,br_AdmissionAssessmentSummary,TASK_COMPLETE,SUCCESS,INFO,54,54,0,,2026-09-01T19:04:17.664Z,2026-09-01T21:14:55.846Z,7838,2026-09-01T21:14:55.846Z,B76,Huntsville OBOT,0e5f68b5-5669-4bb1-91ce-4b967b620e7d,SAMMS-Huntsville-OBOT
202609012114519594,202609011903672966,202609011903672005,85,1575,Bronze INV,br_AdmissionAssessmentSummary,TASK_COMPLETE,SUCCESS,INFO,310,310,0,,2026-09-01T19:04:17.664Z,2026-09-01T21:14:55.846Z,7838,2026-09-01T21:14:55.846Z,BAT,Batesville,0e5f68b5-5669-4bb1-91ce-4b967b620e7d,SAMMS-Batesville
202609012114519595,202609011903672967,202609011903672005,85,1576,Bronze INV,br_AdmissionAssessmentSummary,TASK_COMPLETE,SUCCESS,INFO,246,246,0,,2026-09-01T19:04:17.664Z,2026-09-01T21:14:55.846Z,7838,2026-09-01T21:14:55.846Z,BG,Bowling Green,0e5f68b5-5669-4bb1-91ce-4b967b620e7d,SAMMS-BowlingGreen
202609012114519596,202609011903672968,202609011903672005,85,1577,Bronze INV,br_AdmissionAssessmentSummary,TASK_COMPLETE,SUCCESS,INFO,236,236,0,,2026-09-01T19:04:17.664Z,2026-09-01T21:14:55.846Z,7838,2026-09-01T21:14:55.846Z,BOI,Boise,0e5f68b5-5669-4bb1-91ce-4b967b620e7d,SAMMS-Boise
202609012114519597,202609011903672969,202609011903672005,85,1584,Bronze INV,br_AdmissionAssessmentSummary,TASK_COMPLETE,SUCCESS,INFO,310,310,0,,2026-09-01T19:04:17.664Z,2026-09-01T21:14:55.846Z,7838,2026-09-01T21:14:55.846Z,CBCO,Coeur dAlene,0e5f68b5-5669-4bb1-91ce-4b967b620e7d,SAMMS-CoeurdAleneV6
202609012114519598,202609011903672970,202609011903672005,85,1603,Bronze INV,br_AdmissionAssessmentSummary,TASK_COMPLETE,SUCCESS,INFO,348,348,0,,2026-09-01T19:04:17.664Z,2026-09-01T21:14:55.846Z,7838,2026-09-01T21:14:55.846Z,CON,Conway,0e5f68b5-5669-4bb1-91ce-4b967b620e7d,SAMMS-Conway
202609012114519599,202609011903672971,202609011903672005,85,1604,Bronze INV,br_AdmissionAssessmentSummary,TASK_COMPLETE,SUCCESS,INFO,1643,1643,0,,2026-09-01T19:04:17.664Z,2026-09-01T21:14:55.846Z,7838,2026-09-01T21:14:55.846Z,D07,Medical Services Knox TN,0e5f68b5-5669-4bb1-91ce-4b967b620e7d,SAMMS-KnoxvilleV6
202609012114519600,202609011903672972,202609011903672005,85,1605,Bronze INV,br_AdmissionAssessmentSummary,TASK_COMPLETE,SUCCESS,INFO,1044,1044,0,,2026-09-01T19:04:17.664Z,2026-09-01T21:14:55.846Z,7838,2026-09-01T21:14:55.846Z,D08,Madison,0e5f68b5-5669-4bb1-91ce-4b967b620e7d,SAMMS-MadisonV6
202609012114519602,202609011903672973,202609011903672005,85,1607,Bronze INV,br_AdmissionAssessmentSummary,TASK_COMPLETE,SUCCESS,INFO,988,988,0,,2026-09-01T19:04:17.664Z,2026-09-01T21:14:55.846Z,7838,2026-09-01T21:14:55.846Z,D09,Murfreesboro,0e5f68b5-5669-4bb1-91ce-4b967b620e7d,SAMMS-MurfreesboroV6
202609012114519603,202609011903672974,202609011903672005,85,1608,Bronze INV,br_AdmissionAssessmentSummary,TASK_COMPLETE,SUCCESS,INFO,233,233,0,,2026-09-01T19:04:17.664Z,2026-09-01T21:14:55.846Z,7838,2026-09-01T21:14:55.846Z,DA,Davenport,0e5f68b5-5669-4bb1-91ce-4b967b620e7d,SAMMS-Davenport
202609012114519604,202609011903672975,202609011903672005,85,1609,Bronze INV,br_AdmissionAssessmentSummary,TASK_COMPLETE,SUCCESS,INFO,367,367,0,,2026-09-01T19:04:17.664Z,2026-09-01T21:14:55.846Z,7838,2026-09-01T21:14:55.846Z,DM,Des Moines,0e5f68b5-5669-4bb1-91ce-4b967b620e7d,SAMMS-DesMoines
202609012114519605,202609011903672976,202609011903672005,85,1611,Bronze INV,br_AdmissionAssessmentSummary,TASK_COMPLETE,SUCCESS,INFO,501,501,0,,2026-09-01T19:04:17.664Z,2026-09-01T21:14:55.846Z,7838,2026-09-01T21:14:55.846Z,DRD-CO,Columbia MO,0e5f68b5-5669-4bb1-91ce-4b967b620e7d,SAMMS-ColumbiaV5
202609012114519606,202609011903672977,202609011903672005,85,1612,Bronze INV,br_AdmissionAssessmentSummary,TASK_COMPLETE,SUCCESS,INFO,621,621,0,,2026-09-01T19:04:17.664Z,2026-09-01T21:14:55.846Z,7838,2026-09-01T21:14:55.846Z,DRD-KC,KC,0e5f68b5-5669-4bb1-91ce-4b967b620e7d,SAMMS-KCv5
202609012114519607,202609011903672978,202609011903672005,85,1613,Bronze INV,br_AdmissionAssessmentSummary,TASK_COMPLETE,SUCCESS,INFO,989,989,0,,2026-09-01T19:04:17.664Z,2026-09-01T21:14:55.846Z,7838,2026-09-01T21:14:55.846Z,DRD-KVB,KVB,0e5f68b5-5669-4bb1-91ce-4b967b620e7d,SAMMS-KVBv5
202609012114519608,202609011903672979,202609011903672005,85,1614,Bronze INV,br_AdmissionAssessmentSummary,TASK_COMPLETE,SUCCESS,INFO,1614,1614,0,,2026-09-01T19:04:17.664Z,2026-09-01T21:14:55.846Z,7838,2026-09-01T21:14:55.846Z,DRD-KVC,KVC,0e5f68b5-5669-4bb1-91ce-4b967b620e7d,SAMMS-KVCv5
202609012114519610,202609011903672980,202609011903672005,85,1615,Bronze INV,br_AdmissionAssessmentSummary,TASK_COMPLETE,SUCCESS,INFO,1275,1275,0,,2026-09-01T19:04:17.664Z,2026-09-01T21:14:55.846Z,7838,2026-09-01T21:14:55.846Z,DRD-NOLA,NOLA,0e5f68b5-5669-4bb1-91ce-4b967b620e7d,SAMMS-NOLAv5
202609012114519611,202609011903672981,202609011903672005,85,1616,Bronze INV,br_AdmissionAssessmentSummary,TASK_COMPLETE,SUCCESS,INFO,785,785,0,,2026-09-01T19:04:17.664Z,2026-09-01T21:14:55.846Z,7838,2026-09-01T21:14:55.846Z,DRD-SF,Springfield,0e5f68b5-5669-4bb1-91ce-4b967b620e7d,SAMMS-SFv5
202609012114519612,202609011903672982,202609011903672005,85,1618,Bronze INV,br_AdmissionAssessmentSummary,TASK_COMPLETE,SUCCESS,INFO,285,285,0,,2026-09-01T19:04:17.664Z,2026-09-01T21:14:55.846Z,7838,2026-09-01T21:14:55.846Z,ELC,Elizabeth City,0e5f68b5-5669-4bb1-91ce-4b967b620e7d,SAMMS-ElizabethCity
202609012114519613,202609011903672983,202609011903672005,85,1619,Bronze INV,br_AdmissionAssessmentSummary,TASK_COMPLETE,SUCCESS,INFO,285,285,0,,2026-09-01T19:04:17.664Z,2026-09-01T21:14:55.846Z,7838,2026-09-01T21:14:55.846Z,ET,Elizabethtown,0e5f68b5-5669-4bb1-91ce-4b967b620e7d,SAMMS-Elizabethtown
202609012114519614,202609011903672984,202609011903672005,85,1620,Bronze INV,br_AdmissionAssessmentSummary,TASK_COMPLETE,SUCCESS,INFO,240,240,0,,2026-09-01T19:04:17.664Z,2026-09-01T21:14:55.846Z,7838,2026-09-01T21:14:55.846Z,FAY,Fayetteville,0e5f68b5-5669-4bb1-91ce-4b967b620e7d,SAMMS-Fayetteville
202609012114519615,202609011903672985,202609011903672005,85,1621,Bronze INV,br_AdmissionAssessmentSummary,TASK_COMPLETE,SUCCESS,INFO,185,185,0,,2026-09-01T19:04:17.664Z,2026-09-01T21:14:55.846Z,7838,2026-09-01T21:14:55.846Z,FR,Frankfort,0e5f68b5-5669-4bb1-91ce-4b967b620e7d,SAMMS-Frankfort
202609012114519616,202609011903672986,202609011903672005,85,1622,Bronze INV,br_AdmissionAssessmentSummary,TASK_COMPLETE,SUCCESS,INFO,297,297,0,,2026-09-01T19:04:17.664Z,2026-09-01T21:14:55.846Z,7838,2026-09-01T21:14:55.846Z,FS,Fort Smith,0e5f68b5-5669-4bb1-91ce-4b967b620e7d,SAMMS-FortSmith
202609012114519618,202609011903672987,202609011903672005,85,1623,Bronze INV,br_AdmissionAssessmentSummary,TASK_COMPLETE,SUCCESS,INFO,689,689,0,,2026-09-01T19:04:17.664Z,2026-09-01T21:14:55.846Z,7838,2026-09-01T21:14:55.846Z,FW,Fort Wayne,0e5f68b5-5669-4bb1-91ce-4b967b620e7d,SAMMS-FortWayne
202609012114519619,202609011903672988,202609011903672005,85,1624,Bronze INV,br_AdmissionAssessmentSummary,TASK_COMPLETE,SUCCESS,INFO,128,128,0,,2026-09-01T19:04:17.664Z,2026-09-01T21:14:55.846Z,7838,2026-09-01T21:14:55.846Z,GAL,Gaylord,0e5f68b5-5669-4bb1-91ce-4b967b620e7d,SAMMS-Gaylord
202609012114519620,202609011903672989,202609011903672005,85,1628,Bronze INV,br_AdmissionAssessmentSummary,TASK_COMPLETE,SUCCESS,INFO,641,641,0,,2026-09-01T19:04:17.664Z,2026-09-01T21:14:55.846Z,7838,2026-09-01T21:14:55.846Z,HGT,Hagerstown,0e5f68b5-5669-4bb1-91ce-4b967b620e7d,SAMMS-Hagerstown
202609012114519621,202609011903672990,202609011903672005,85,1629,Bronze INV,br_AdmissionAssessmentSummary,TASK_COMPLETE,SUCCESS,INFO,500,500,0,,2026-09-01T19:04:17.664Z,2026-09-01T21:14:55.846Z,7838,2026-09-01T21:14:55.846Z,HNT,Huntsville,0e5f68b5-5669-4bb1-91ce-4b967b620e7d,SAMMS-Huntsville
202609012114519622,202609011903672991,202609011903672005,85,1630,Bronze INV,br_AdmissionAssessmentSummary,TASK_COMPLETE,SUCCESS,INFO,362,362,0,,2026-09-01T19:04:17.664Z,2026-09-01T21:14:55.846Z,7838,2026-09-01T21:14:55.846Z,HS,Hot Springs,0e5f68b5-5669-4bb1-91ce-4b967b620e7d,SAMMS-HotSprings
202609012114519623,202609011903672992,202609011903672005,85,1631,Bronze INV,br_AdmissionAssessmentSummary,TASK_COMPLETE,SUCCESS,INFO,268,268,0,,2026-09-01T19:04:17.664Z,2026-09-01T21:14:55.846Z,7838,2026-09-01T21:14:55.846Z,JON,Jonesboro,0e5f68b5-5669-4bb1-91ce-4b967b620e7d,SAMMS-Jonesboro
202609012114519624,202609011903672993,202609011903672005,85,1633,Bronze INV,br_AdmissionAssessmentSummary,TASK_COMPLETE,SUCCESS,INFO,200,200,0,,2026-09-01T19:04:17.664Z,2026-09-01T21:14:55.846Z,7838,2026-09-01T21:14:55.846Z,LAN,Lansing,0e5f68b5-5669-4bb1-91ce-4b967b620e7d,SAMMS-Lansing
202609012114519626,202609011903672994,202609011903672005,85,1634,Bronze INV,br_AdmissionAssessmentSummary,TASK_COMPLETE,SUCCESS,INFO,450,450,0,,2026-09-01T19:04:17.664Z,2026-09-01T21:14:55.846Z,7838,2026-09-01T21:14:55.846Z,LO,Louisville,0e5f68b5-5669-4bb1-91ce-4b967b620e7d,SAMMS-Louisville
202609012114519627,202609011903672995,202609011903672005,85,1635,Bronze INV,br_AdmissionAssessmentSummary,TASK_COMPLETE,SUCCESS,INFO,1223,1223,0,,2026-09-01T19:04:17.664Z,2026-09-01T21:14:55.846Z,7838,2026-09-01T21:14:55.846Z,LV1,Cheyenne,0e5f68b5-5669-4bb1-91ce-4b967b620e7d,SAMMS-Cheyenne
202609012114519628,202609011903672996,202609011903672005,85,1636,Bronze INV,br_AdmissionAssessmentSummary,TASK_COMPLETE,SUCCESS,INFO,967,967,0,,2026-09-01T19:04:17.664Z,2026-09-01T21:14:55.846Z,7838,2026-09-01T21:14:55.846Z,LV2,Desert Inn,0e5f68b5-5669-4bb1-91ce-4b967b620e7d,SAMMS-DesertInn
202609012114519629,202609011903672997,202609011903672005,85,1637,Bronze INV,br_AdmissionAssessmentSummary,TASK_COMPLETE,SUCCESS,INFO,322,322,0,,2026-09-01T19:04:17.664Z,2026-09-01T21:14:55.846Z,7838,2026-09-01T21:14:55.846Z,LV3,McDaniel,0e5f68b5-5669-4bb1-91ce-4b967b620e7d,SAMMS-McDaniel
202609012114519630,202609011903672998,202609011903672005,85,1640,Bronze INV,br_AdmissionAssessmentSummary,TASK_COMPLETE,SUCCESS,INFO,279,279,0,,2026-09-01T19:04:17.664Z,2026-09-01T21:14:55.846Z,7838,2026-09-01T21:14:55.846Z,MNRE,Monroe,0e5f68b5-5669-4bb1-91ce-4b967b620e7d,SAMMS-Monroe
202609012114519631,202609011903672999,202609011903672005,85,1641,Bronze INV,br_AdmissionAssessmentSummary,TASK_COMPLETE,SUCCESS,INFO,196,196,0,,2026-09-01T19:04:17.664Z,2026-09-01T21:14:55.846Z,7838,2026-09-01T21:14:55.846Z,MP,Mt. Pleasant,0e5f68b5-5669-4bb1-91ce-4b967b620e7d,SAMMS-MtPleasant
202609012114519632,202609011903673000,202609011903672005,85,1642,Bronze INV,br_AdmissionAssessmentSummary,TASK_COMPLETE,SUCCESS,INFO,177,177,0,,2026-09-01T19:04:17.664Z,2026-09-01T21:14:55.846Z,7838,2026-09-01T21:14:55.846Z,MRD,Meridian,0e5f68b5-5669-4bb1-91ce-4b967b620e7d,SAMMS-Meridian
202609012114519634,202609011903673001,202609011903672005,85,1647,Bronze INV,br_AdmissionAssessmentSummary,TASK_COMPLETE,SUCCESS,INFO,646,646,0,,2026-09-01T19:04:17.664Z,2026-09-01T21:14:55.846Z,7838,2026-09-01T21:14:55.846Z,NC,North Charleston,0e5f68b5-5669-4bb1-91ce-4b967b620e7d,SAMMS-NorthCharleston
202609012114519635,202609011903673002,202609011903672005,85,1648,Bronze INV,br_AdmissionAssessmentSummary,TASK_COMPLETE,SUCCESS,INFO,581,581,0,,2026-09-01T19:04:17.664Z,2026-09-01T21:14:55.846Z,7838,2026-09-01T21:14:55.846Z,NLR,N. Little Rock,0e5f68b5-5669-4bb1-91ce-4b967b620e7d,SAMMS-NLROBOT
202609012114519636,202609011903673003,202609011903672005,85,1649,Bronze INV,br_AdmissionAssessmentSummary,TASK_COMPLETE,SUCCESS,INFO,247,247,0,,2026-09-01T19:04:17.664Z,2026-09-01T21:14:55.846Z,7838,2026-09-01T21:14:55.846Z,PH,Phoenix,0e5f68b5-5669-4bb1-91ce-4b967b620e7d,SAMMS-Phoenix
202609012114519637,202609011903673004,202609011903672005,85,1653,Bronze INV,br_AdmissionAssessmentSummary,TASK_COMPLETE,SUCCESS,INFO,424,424,0,,2026-09-01T19:04:17.664Z,2026-09-01T21:14:55.846Z,7838,2026-09-01T21:14:55.846Z,RE,Reno,0e5f68b5-5669-4bb1-91ce-4b967b620e7d,SAMMS-Reno
202609012114519638,202609011903673005,202609011903672005,85,1654,Bronze INV,br_AdmissionAssessmentSummary,TASK_COMPLETE,SUCCESS,INFO,407,407,0,,2026-09-01T19:04:17.664Z,2026-09-01T21:14:55.846Z,7838,2026-09-01T21:14:55.846Z,RMD,Richmond,0e5f68b5-5669-4bb1-91ce-4b967b620e7d,SAMMS-Richmond
202609012114519639,202609011903673006,202609011903672005,85,1655,Bronze INV,br_AdmissionAssessmentSummary,TASK_COMPLETE,SUCCESS,INFO,506,506,0,,2026-09-01T19:04:17.664Z,2026-09-01T21:14:55.846Z,7838,2026-09-01T21:14:55.846Z,SFN,Springfield North,0e5f68b5-5669-4bb1-91ce-4b967b620e7d,SAMMS-SFNv5
202609012114519640,202609011903673007,202609011903672005,85,1656,Bronze INV,br_AdmissionAssessmentSummary,TASK_COMPLETE,SUCCESS,INFO,465,465,0,,2026-09-01T19:04:17.664Z,2026-09-01T21:14:55.846Z,7838,2026-09-01T21:14:55.846Z,SHP,Shreveport,0e5f68b5-5669-4bb1-91ce-4b967b620e7d,SAMMS-Shreveport
202609012114519642,202609011903673008,202609011903672005,85,1658,Bronze INV,br_AdmissionAssessmentSummary,TASK_COMPLETE,SUCCESS,INFO,88,88,0,,2026-09-01T19:04:17.664Z,2026-09-01T21:14:55.846Z,7838,2026-09-01T21:14:55.846Z,STN,Staunton,0e5f68b5-5669-4bb1-91ce-4b967b620e7d,SAMMS-Staunton
202609012114519643,202609011903673009,202609011903672005,85,1659,Bronze INV,br_AdmissionAssessmentSummary,TASK_COMPLETE,SUCCESS,INFO,57,57,0,,2026-09-01T19:04:17.664Z,2026-09-01T21:14:55.846Z,7838,2026-09-01T21:14:55.846Z,STVN,Stevenson,0e5f68b5-5669-4bb1-91ce-4b967b620e7d,SAMMS-Stevenson
202609012114519644,202609011903673010,202609011903672005,85,1661,Bronze INV,br_AdmissionAssessmentSummary,TASK_COMPLETE,SUCCESS,INFO,77,77,0,,2026-09-01T19:04:17.664Z,2026-09-01T21:14:55.846Z,7838,2026-09-01T21:14:55.846Z,TE,Tempe,0e5f68b5-5669-4bb1-91ce-4b967b620e7d,SAMMS-Tempe
202609012114519645,202609011903673011,202609011903672005,85,1662,Bronze INV,br_AdmissionAssessmentSummary,TASK_COMPLETE,SUCCESS,INFO,393,393,0,,2026-09-01T19:04:17.664Z,2026-09-01T21:14:55.846Z,7838,2026-09-01T21:14:55.846Z,TEX,Texarkana,0e5f68b5-5669-4bb1-91ce-4b967b620e7d,SAMMS-Texarkana
202609012114519646,202609011903673012,202609011903672005,85,1663,Bronze INV,br_AdmissionAssessmentSummary,TASK_COMPLETE,SUCCESS,INFO,470,470,0,,2026-09-01T19:04:17.664Z,2026-09-01T21:14:55.846Z,7838,2026-09-01T21:14:55.846Z,TTCA,Bessemer,0e5f68b5-5669-4bb1-91ce-4b967b620e7d,SAMMS-BessemerV5
202609012114519647,202609011903673013,202609011903672005,85,1664,Bronze INV,br_AdmissionAssessmentSummary,TASK_COMPLETE,SUCCESS,INFO,556,556,0,,2026-09-01T19:04:17.664Z,2026-09-01T21:14:55.846Z,7838,2026-09-01T21:14:55.846Z,TTCB,Cullman,0e5f68b5-5669-4bb1-91ce-4b967b620e7d,SAMMS-CullmanV5
202609012114519649,202609011903673014,202609011903672005,85,1665,Bronze INV,br_AdmissionAssessmentSummary,TASK_COMPLETE,SUCCESS,INFO,397,397,0,,2026-09-01T19:04:17.664Z,2026-09-01T21:14:55.846Z,7838,2026-09-01T21:14:55.846Z,TTCC,Grand Bay,0e5f68b5-5669-4bb1-91ce-4b967b620e7d,SAMMS-GrandBay
202609012114519650,202609011903673015,202609011903672005,85,1666,Bronze INV,br_AdmissionAssessmentSummary,TASK_COMPLETE,SUCCESS,INFO,25,25,0,,2026-09-01T19:04:17.664Z,2026-09-01T21:14:55.846Z,7838,2026-09-01T21:14:55.846Z,TU,Tucson,0e5f68b5-5669-4bb1-91ce-4b967b620e7d,SAMMS-Tucson
202609012114519651,202609011903673016,202609011903672005,85,1668,Bronze INV,br_AdmissionAssessmentSummary,TASK_COMPLETE,SUCCESS,INFO,266,266,0,,2026-09-01T19:04:17.664Z,2026-09-01T21:14:55.846Z,7838,2026-09-01T21:14:55.846Z,V1,Memphis South,0e5f68b5-5669-4bb1-91ce-4b967b620e7d,SAMMS-VCPHCS-I-MemphisV5
202609012114519652,202609011903673017,202609011903672005,85,1669,Bronze INV,br_AdmissionAssessmentSummary,TASK_COMPLETE,SUCCESS,INFO,711,711,0,,2026-09-01T19:04:17.664Z,2026-09-01T21:14:55.846Z,7838,2026-09-01T21:14:55.846Z,V10,Longmont,0e5f68b5-5669-4bb1-91ce-4b967b620e7d,SAMMS-BoulderV5
202609012114519653,202609011903673018,202609011903672005,85,1670,Bronze INV,br_AdmissionAssessmentSummary,TASK_COMPLETE,SUCCESS,INFO,1215,1215,0,,2026-09-01T19:04:17.664Z,2026-09-01T21:14:55.846Z,7838,2026-09-01T21:14:55.846Z,V10A,Fort Collins,0e5f68b5-5669-4bb1-91ce-4b967b620e7d,SAMMS-FortCollinsV5
202609012114519654,202609011903673019,202609011903672005,85,1671,Bronze INV,br_AdmissionAssessmentSummary,TASK_COMPLETE,SUCCESS,INFO,1061,1061,0,,2026-09-01T19:04:17.664Z,2026-09-01T21:14:55.846Z,7838,2026-09-01T21:14:55.846Z,V11,Westminster,0e5f68b5-5669-4bb1-91ce-4b967b620e7d,SAMMS-VCPHCS-XI-NorthDenverV5
202609012114519655,202609011903673020,202609011903672005,85,1672,Bronze INV,br_AdmissionAssessmentSummary,TASK_COMPLETE,SUCCESS,INFO,1119,1119,0,,2026-09-01T19:04:17.664Z,2026-09-01T21:14:55.846Z,7838,2026-09-01T21:14:55.846Z,V12,Downtown Denver,0e5f68b5-5669-4bb1-91ce-4b967b620e7d,SAMMS-VCPHCS-XII-DowntownDenverV5
202609012114519657,202609011903673021,202609011903672005,85,1673,Bronze INV,br_AdmissionAssessmentSummary,TASK_COMPLETE,SUCCESS,INFO,509,509,0,,2026-09-01T19:04:17.664Z,2026-09-01T21:14:55.846Z,7838,2026-09-01T21:14:55.846Z,V12A,Centennial,0e5f68b5-5669-4bb1-91ce-4b967b620e7d,SAMMS-CentennialV5
202609012114519658,202609011903673022,202609011903672005,85,1674,Bronze INV,br_AdmissionAssessmentSummary,TASK_COMPLETE,SUCCESS,INFO,318,318,0,,2026-09-01T19:04:17.664Z,2026-09-01T21:14:55.846Z,7838,2026-09-01T21:14:55.846Z,V14,Overland Park,0e5f68b5-5669-4bb1-91ce-4b967b620e7d,SAMMS-VCPHCS-XIV-BridgewayV5
202609012114519659,202609011903673023,202609011903672005,85,1675,Bronze INV,br_AdmissionAssessmentSummary,TASK_COMPLETE,SUCCESS,INFO,577,577,0,,2026-09-01T19:04:17.664Z,2026-09-01T21:14:55.846Z,7838,2026-09-01T21:14:55.846Z,V15,Joplin,0e5f68b5-5669-4bb1-91ce-4b967b620e7d,SAMMS-JoplinV5
202609012114519660,202609011903673024,202609011903672005,85,1677,Bronze INV,br_AdmissionAssessmentSummary,TASK_COMPLETE,SUCCESS,INFO,494,494,0,,2026-09-01T19:04:17.664Z,2026-09-01T21:14:55.846Z,7838,2026-09-01T21:14:55.846Z,V17,Columbia TN,0e5f68b5-5669-4bb1-91ce-4b967b620e7d,SAMMS-ColumbiaTNv5
202609012114519661,202609011903673025,202609011903672005,85,1679,Bronze INV,br_AdmissionAssessmentSummary,TASK_COMPLETE,SUCCESS,INFO,442,442,0,,2026-09-01T19:04:17.664Z,2026-09-01T21:14:55.846Z,7838,2026-09-01T21:14:55.846Z,V19,Jackson,0e5f68b5-5669-4bb1-91ce-4b967b620e7d,SAMMS-JacksonV5
202609012114519662,202609011903673026,202609011903672005,85,1681,Bronze INV,br_AdmissionAssessmentSummary,TASK_COMPLETE,SUCCESS,INFO,526,526,0,,2026-09-01T19:04:17.664Z,2026-09-01T21:14:55.846Z,7838,2026-09-01T21:14:55.846Z,V20,Paris,0e5f68b5-5669-4bb1-91ce-4b967b620e7d,SAMMS-ParisV5
202609012114519663,202609011903673027,202609011903672005,85,1682,Bronze INV,br_AdmissionAssessmentSummary,TASK_COMPLETE,SUCCESS,INFO,369,369,0,,2026-09-01T19:04:17.664Z,2026-09-01T21:14:55.846Z,7838,2026-09-01T21:14:55.846Z,V21,Memphis North,0e5f68b5-5669-4bb1-91ce-4b967b620e7d,SAMMS-RaleighV5
202609012114519665,202609011903673028,202609011903672005,85,1685,Bronze INV,br_AdmissionAssessmentSummary,TASK_COMPLETE,SUCCESS,INFO,730,730,0,,2026-09-01T19:04:17.664Z,2026-09-01T21:14:55.846Z,7838,2026-09-01T21:14:55.846Z,V5,West Bank,0e5f68b5-5669-4bb1-91ce-4b967b620e7d,SAMMS-NONTCv5
202609012114519666,202609011903673029,202609011903672005,85,1687,Bronze INV,br_AdmissionAssessmentSummary,TASK_COMPLETE,SUCCESS,INFO,262,262,0,,2026-09-01T19:04:17.664Z,2026-09-01T21:14:55.846Z,7838,2026-09-01T21:14:55.846Z,V5B,Houma,0e5f68b5-5669-4bb1-91ce-4b967b620e7d,SAMMS-HoumaV6
202609012114519667,202609011903673030,202609011903672005,85,1688,Bronze INV,br_AdmissionAssessmentSummary,TASK_COMPLETE,SUCCESS,INFO,983,983,0,,2026-09-01T19:04:17.664Z,2026-09-01T21:14:55.846Z,7838,2026-09-01T21:14:55.846Z,V6,Lake Charles,0e5f68b5-5669-4bb1-91ce-4b967b620e7d,SAMMS-LCv5
202609012114519668,202609011903673031,202609011903672005,85,1690,Bronze INV,br_AdmissionAssessmentSummary,TASK_COMPLETE,SUCCESS,INFO,586,586,0,,2026-09-01T19:04:17.664Z,2026-09-01T21:14:55.846Z,7838,2026-09-01T21:14:55.846Z,V8,Memphis Midtown,0e5f68b5-5669-4bb1-91ce-4b967b620e7d,SAMMS-VCPHCS-VIII-MemphisV5
202609012114519669,202609011903673032,202609011903672005,85,1691,Bronze INV,br_AdmissionAssessmentSummary,TASK_COMPLETE,SUCCESS,INFO,1634,1634,0,,2026-09-01T19:04:17.664Z,2026-09-01T21:14:55.846Z,7838,2026-09-01T21:14:55.846Z,V9,Nashville,0e5f68b5-5669-4bb1-91ce-4b967b620e7d,SAMMS-NashvilleV5
202609012114519670,202609011903673033,202609011903672005,85,1692,Bronze INV,br_AdmissionAssessmentSummary,TASK_COMPLETE,SUCCESS,INFO,350,350,0,,2026-09-01T19:04:17.664Z,2026-09-01T21:14:55.846Z,7838,2026-09-01T21:14:55.846Z,VBRA,Brainerd,0e5f68b5-5669-4bb1-91ce-4b967b620e7d,SAMMS-BrainerdV6
202609012114519671,202609011903673034,202609011903672005,85,1693,Bronze INV,br_AdmissionAssessmentSummary,TASK_COMPLETE,SUCCESS,INFO,617,617,0,,2026-09-01T19:04:17.664Z,2026-09-01T21:14:55.846Z,7838,2026-09-01T21:14:55.846Z,VBRP,Brooklyn Park,0e5f68b5-5669-4bb1-91ce-4b967b620e7d,SAMMS-BrooklynParkV6
202609012114519673,202609011903673035,202609011903672005,85,1695,Bronze INV,br_AdmissionAssessmentSummary,TASK_COMPLETE,SUCCESS,INFO,596,596,0,,2026-09-01T19:04:17.664Z,2026-09-01T21:14:55.846Z,7838,2026-09-01T21:14:55.846Z,VMIN,Minneapolis,0e5f68b5-5669-4bb1-91ce-4b967b620e7d,SAMMS-MinneapolisV6
202609012114519674,202609011903673036,202609011903672005,85,1696,Bronze INV,br_AdmissionAssessmentSummary,TASK_COMPLETE,SUCCESS,INFO,1132,1132,0,,2026-09-01T19:04:17.664Z,2026-09-01T21:14:55.846Z,7838,2026-09-01T21:14:55.846Z,VWBY,Woodbury,0e5f68b5-5669-4bb1-91ce-4b967b620e7d,SAMMS-WoodburyV6
202609012114519675,202609011903673037,202609011903672005,85,1698,Bronze INV,br_AdmissionAssessmentSummary,TASK_COMPLETE,SUCCESS,INFO,444,444,0,,2026-09-01T19:04:17.664Z,2026-09-01T21:14:55.846Z,7838,2026-09-01T21:14:55.846Z,WIL,Wilson,0e5f68b5-5669-4bb1-91ce-4b967b620e7d,SAMMS-Wilson
202608292054380528,202608291904435783,202608291904434406,85,1330,Bronze INV,br_AdmissionAssessmentDimensionThree,TASK_COMPLETE,SUCCESS,INFO,432,432,0,,2026-08-29T19:04:49.126Z,2026-08-29T20:54:41.421Z,6592,2026-08-29T20:54:41.421Z,WIL,Wilson,dd7385f2-fbd4-41a4-afcd-7296aca5e198,SAMMS-Wilson
202608292054380529,202608291904435784,202608291904434406,85,598,Bronze INV,br_AdmissionAssessmentDimensionFour,TASK_COMPLETE,SUCCESS,INFO,98,98,0,,2026-08-29T19:04:49.126Z,2026-08-29T20:54:41.421Z,6592,2026-08-29T20:54:41.421Z,AHK,Ahoskie,dd7385f2-fbd4-41a4-afcd-7296aca5e198,SAMMS-Ahoskie
202608292054380530,202608291904435785,202608291904434406,85,599,Bronze INV,br_AdmissionAssessmentDimensionFour,TASK_COMPLETE,SUCCESS,INFO,791,791,0,,2026-08-29T19:04:49.126Z,2026-08-29T20:54:41.421Z,6592,2026-08-29T20:54:41.421Z,B12B,Colorado Springs,dd7385f2-fbd4-41a4-afcd-7296aca5e198,SAMMS-ColoradoSpringsV5
202608292054380531,202608291904435786,202608291904434406,85,600,Bronze INV,br_AdmissionAssessmentDimensionFour,TASK_COMPLETE,SUCCESS,INFO,411,411,0,,2026-08-29T19:04:49.126Z,2026-08-29T20:54:41.421Z,6592,2026-08-29T20:54:41.421Z,B24,Paintsville,dd7385f2-fbd4-41a4-afcd-7296aca5e198,SAMMS-PaintsvilleV5
202608292054380532,202608291904435787,202608291904434406,85,601,Bronze INV,br_AdmissionAssessmentDimensionFour,TASK_COMPLETE,SUCCESS,INFO,171,171,0,,2026-08-29T19:04:49.126Z,2026-08-29T20:54:41.421Z,6592,2026-08-29T20:54:41.421Z,B25,Pikeville,dd7385f2-fbd4-41a4-afcd-7296aca5e198,SAMMS-PikevilleV5
202608292054380533,202608291904435788,202608291904434406,85,602,Bronze INV,br_AdmissionAssessmentDimensionFour,TASK_COMPLETE,SUCCESS,INFO,492,492,0,,2026-08-29T19:04:49.126Z,2026-08-29T20:54:41.421Z,6592,2026-08-29T20:54:41.421Z,B26,Hazard,dd7385f2-fbd4-41a4-afcd-7296aca5e198,SAMMS-HazardV5
202608292054380534,202608291904435789,202608291904434406,85,603,Bronze INV,br_AdmissionAssessmentDimensionFour,TASK_COMPLETE,SUCCESS,INFO,188,188,0,,2026-08-29T19:04:49.126Z,2026-08-29T20:54:41.421Z,6592,2026-08-29T20:54:41.421Z,B27,Savannah,dd7385f2-fbd4-41a4-afcd-7296aca5e198,SAMMS-SavannahV6
202608292054380536,202608291904435790,202608291904434406,85,604,Bronze INV,br_AdmissionAssessmentDimensionFour,TASK_COMPLETE,SUCCESS,INFO,234,234,0,,2026-08-29T19:04:49.126Z,2026-08-29T20:54:41.421Z,6592,2026-08-29T20:54:41.421Z,B28,West Plains,dd7385f2-fbd4-41a4-afcd-7296aca5e198,SAMMS-WestPlainesV5
202608292054380537,202608291904435791,202608291904434406,85,605,Bronze INV,br_AdmissionAssessmentDimensionFour,TASK_COMPLETE,SUCCESS,INFO,261,261,0,,2026-08-29T19:04:49.126Z,2026-08-29T20:54:41.421Z,6592,2026-08-29T20:54:41.421Z,B29,Poplar Bluff,dd7385f2-fbd4-41a4-afcd-7296aca5e198,SAMMS-PoplarBluffV5
202608292054380538,202608291904435792,202608291904434406,85,606,Bronze INV,br_AdmissionAssessmentDimensionFour,TASK_COMPLETE,SUCCESS,INFO,140,140,0,,2026-08-29T19:04:49.126Z,2026-08-29T20:54:41.421Z,6592,2026-08-29T20:54:41.421Z,B30,KC North,dd7385f2-fbd4-41a4-afcd-7296aca5e198,SAMMS-KCNv5
202608292054380539,202608291904435793,202608291904434406,85,607,Bronze INV,br_AdmissionAssessmentDimensionFour,TASK_COMPLETE,SUCCESS,INFO,340,340,0,,2026-08-29T19:04:49.126Z,2026-08-29T20:54:41.421Z,6592,2026-08-29T20:54:41.421Z,B31,Dyersburg,dd7385f2-fbd4-41a4-afcd-7296aca5e198,SAMMS-DyersburgV5
202608292054380540,202608291904435794,202608291904434406,85,609,Bronze INV,br_AdmissionAssessmentDimensionFour,TASK_COMPLETE,SUCCESS,INFO,212,212,0,,2026-08-29T19:04:49.126Z,2026-08-29T20:54:41.421Z,6592,2026-08-29T20:54:41.421Z,B33,Paducah,dd7385f2-fbd4-41a4-afcd-7296aca5e198,SAMMS-Paducah
202608292054380541,202608291904435795,202608291904434406,85,610,Bronze INV,br_AdmissionAssessmentDimensionFour,TASK_COMPLETE,SUCCESS,INFO,448,448,0,,2026-08-29T19:04:49.126Z,2026-08-29T20:54:41.421Z,6592,2026-08-29T20:54:41.421Z,B34,Corbin,dd7385f2-fbd4-41a4-afcd-7296aca5e198,SAMMS-CorbinV5
202608292054380542,202608291904435796,202608291904434406,85,611,Bronze INV,br_AdmissionAssessmentDimensionFour,TASK_COMPLETE,SUCCESS,INFO,715,715,0,,2026-08-29T19:04:49.126Z,2026-08-29T20:54:41.421Z,6592,2026-08-29T20:54:41.421Z,B35,Lexington,dd7385f2-fbd4-41a4-afcd-7296aca5e198,SAMMS-LexingtonV5
202608292054380544,202608291904435797,202608291904434406,85,612,Bronze INV,br_AdmissionAssessmentDimensionFour,TASK_COMPLETE,SUCCESS,INFO,345,345,0,,2026-08-29T19:04:49.126Z,2026-08-29T20:54:41.421Z,6592,2026-08-29T20:54:41.421Z,B35A,Berea,dd7385f2-fbd4-41a4-afcd-7296aca5e198,SAMMS-BereaV5
202608292054380545,202608291904435798,202608291904434406,85,613,Bronze INV,br_AdmissionAssessmentDimensionFour,TASK_COMPLETE,SUCCESS,INFO,603,603,0,,2026-08-29T19:04:49.126Z,2026-08-29T20:54:41.421Z,6592,2026-08-29T20:54:41.421Z,B36,Asheville,dd7385f2-fbd4-41a4-afcd-7296aca5e198,SAMMS-AshevilleV5
202608292054380546,202608291904435799,202608291904434406,85,614,Bronze INV,br_AdmissionAssessmentDimensionFour,TASK_COMPLETE,SUCCESS,INFO,451,451,0,,2026-08-29T19:04:49.126Z,2026-08-29T20:54:41.421Z,6592,2026-08-29T20:54:41.421Z,B37,Clyde,dd7385f2-fbd4-41a4-afcd-7296aca5e198,SAMMS-ClydeV5
202608292054380547,202608291904435800,202608291904434406,85,615,Bronze INV,br_AdmissionAssessmentDimensionFour,TASK_COMPLETE,SUCCESS,INFO,634,634,0,,2026-08-29T19:04:49.126Z,2026-08-29T20:54:41.421Z,6592,2026-08-29T20:54:41.421Z,B38,Spartanburg,dd7385f2-fbd4-41a4-afcd-7296aca5e198,SAMMS-SpartanburgV5
202608292054380548,202608291904435801,202608291904434406,85,616,Bronze INV,br_AdmissionAssessmentDimensionFour,TASK_COMPLETE,SUCCESS,INFO,480,480,0,,2026-08-29T19:04:49.126Z,2026-08-29T20:54:41.421Z,6592,2026-08-29T20:54:41.421Z,B39,Aiken,dd7385f2-fbd4-41a4-afcd-7296aca5e198,SAMMS-AikenV5
202608292054380549,202608291904435802,202608291904434406,85,617,Bronze INV,br_AdmissionAssessmentDimensionFour,TASK_COMPLETE,SUCCESS,INFO,290,290,0,,2026-08-29T19:04:49.126Z,2026-08-29T20:54:41.421Z,6592,2026-08-29T20:54:41.421Z,B41,Chesapeake,dd7385f2-fbd4-41a4-afcd-7296aca5e198,SAMMS-ChesapeakeV5
202608292054380550,202608291904435803,202608291904434406,85,618,Bronze INV,br_AdmissionAssessmentDimensionFour,TASK_COMPLETE,SUCCESS,INFO,534,534,0,,2026-08-29T19:04:49.126Z,2026-08-29T20:54:41.421Z,6592,2026-08-29T20:54:41.421Z,B42,Virginia Beach,dd7385f2-fbd4-41a4-afcd-7296aca5e198,SAMMS-VirginiaBeachV5
202608292054380553,202608291904435804,202608291904434406,85,619,Bronze INV,br_AdmissionAssessmentDimensionFour,TASK_COMPLETE,SUCCESS,INFO,165,165,0,,2026-08-29T19:04:49.126Z,2026-08-29T20:54:41.421Z,6592,2026-08-29T20:54:41.421Z,B42A,Newport News,dd7385f2-fbd4-41a4-afcd-7296aca5e198,SAMMS-NewportNewsV5
202608292054380555,202608291904435805,202608291904434406,85,620,Bronze INV,br_AdmissionAssessmentDimensionFour,TASK_COMPLETE,SUCCESS,INFO,56,56,0,,2026-08-29T19:04:49.126Z,2026-08-29T20:54:41.421Z,6592,2026-08-29T20:54:41.421Z,B42B,Franklin,dd7385f2-fbd4-41a4-afcd-7296aca5e198,SAMMS-FranklinV5
202608292054380556,202608291904435806,202608291904434406,85,621,Bronze INV,br_AdmissionAssessmentDimensionFour,TASK_COMPLETE,SUCCESS,INFO,334,334,0,,2026-08-29T19:04:49.126Z,2026-08-29T20:54:41.421Z,6592,2026-08-29T20:54:41.421Z,B42C,Glen Allen,dd7385f2-fbd4-41a4-afcd-7296aca5e198,SAMMS-GlenAllenV5
202608292054380557,202608291904435807,202608291904434406,85,622,Bronze INV,br_AdmissionAssessmentDimensionFour,TASK_COMPLETE,SUCCESS,INFO,169,169,0,,2026-08-29T19:04:49.126Z,2026-08-29T20:54:41.421Z,6592,2026-08-29T20:54:41.421Z,B42D,Chesapeake South,dd7385f2-fbd4-41a4-afcd-7296aca5e198,SAMMS-ChesapeakeSouthV5
202608292054380558,202608291904435808,202608291904434406,85,623,Bronze INV,br_AdmissionAssessmentDimensionFour,TASK_COMPLETE,SUCCESS,INFO,209,209,0,,2026-08-29T19:04:49.126Z,2026-08-29T20:54:41.421Z,6592,2026-08-29T20:54:41.421Z,B44,Albany,dd7385f2-fbd4-41a4-afcd-7296aca5e198,SAMMS-AlbanyV5
202608292054380559,202608291904435809,202608291904434406,85,624,Bronze INV,br_AdmissionAssessmentDimensionFour,TASK_COMPLETE,SUCCESS,INFO,306,306,0,,2026-08-29T19:04:49.126Z,2026-08-29T20:54:41.421Z,6592,2026-08-29T20:54:41.421Z,B45,Tifton,dd7385f2-fbd4-41a4-afcd-7296aca5e198,SAMMS-TiftonV5
202608292054380560,202608291904435810,202608291904434406,85,625,Bronze INV,br_AdmissionAssessmentDimensionFour,TASK_COMPLETE,SUCCESS,INFO,664,664,0,,2026-08-29T19:04:49.126Z,2026-08-29T20:54:41.421Z,6592,2026-08-29T20:54:41.421Z,B46,Washington DC,dd7385f2-fbd4-41a4-afcd-7296aca5e198,SAMMS-WashingtonDCv5
202608292054380561,202608291904435811,202608291904434406,85,626,Bronze INV,br_AdmissionAssessmentDimensionFour,TASK_COMPLETE,SUCCESS,INFO,351,351,0,,2026-08-29T19:04:49.126Z,2026-08-29T20:54:41.421Z,6592,2026-08-29T20:54:41.421Z,B47,Mobile,dd7385f2-fbd4-41a4-afcd-7296aca5e198,SAMMS-MobileV5
202608292054380563,202608291904435812,202608291904434406,85,627,Bronze INV,br_AdmissionAssessmentDimensionFour,TASK_COMPLETE,SUCCESS,INFO,453,453,0,,2026-08-29T19:04:49.126Z,2026-08-29T20:54:41.421Z,6592,2026-08-29T20:54:41.421Z,B48,Tuscaloosa,dd7385f2-fbd4-41a4-afcd-7296aca5e198,SAMMS-TuscaloosaV5
202608292054380564,202608291904435813,202608291904434406,85,636,Bronze INV,br_AdmissionAssessmentDimensionFour,TASK_COMPLETE,SUCCESS,INFO,311,311,0,,2026-08-29T19:04:49.126Z,2026-08-29T20:54:41.421Z,6592,2026-08-29T20:54:41.421Z,B51,N. Little Rock (OTP),dd7385f2-fbd4-41a4-afcd-7296aca5e198,SAMMS-NorthLittleRockV6
202608292054380565,202608291904435814,202608291904434406,85,637,Bronze INV,br_AdmissionAssessmentDimensionFour,TASK_COMPLETE,SUCCESS,INFO,155,155,0,,2026-08-29T19:04:49.126Z,2026-08-29T20:54:41.421Z,6592,2026-08-29T20:54:41.421Z,B52,Jackson GA,dd7385f2-fbd4-41a4-afcd-7296aca5e198,SAMMS-JacksonGAV5
202608292054380566,202608291904435815,202608291904434406,85,638,Bronze INV,br_AdmissionAssessmentDimensionFour,TASK_COMPLETE,SUCCESS,INFO,474,474,0,,2026-08-29T19:04:49.126Z,2026-08-29T20:54:41.421Z,6592,2026-08-29T20:54:41.421Z,B54,Gadsden,dd7385f2-fbd4-41a4-afcd-7296aca5e198,SAMMS-GadsdenV5
202608292054380567,202608291904435816,202608291904434406,85,639,Bronze INV,br_AdmissionAssessmentDimensionFour,TASK_COMPLETE,SUCCESS,INFO,483,483,0,,2026-08-29T19:04:49.126Z,2026-08-29T20:54:41.421Z,6592,2026-08-29T20:54:41.421Z,B55,Shoals,dd7385f2-fbd4-41a4-afcd-7296aca5e198,SAMMS-ShoalsV5
202608292054380569,202608291904435817,202608291904434406,85,640,Bronze INV,br_AdmissionAssessmentDimensionFour,TASK_COMPLETE,SUCCESS,INFO,170,170,0,,2026-08-29T19:04:49.126Z,2026-08-29T20:54:41.421Z,6592,2026-08-29T20:54:41.421Z,B57,Pawtucket,dd7385f2-fbd4-41a4-afcd-7296aca5e198,SAMMS-Pawtucket
202608292054380570,202608291904435818,202608291904434406,85,641,Bronze INV,br_AdmissionAssessmentDimensionFour,TASK_COMPLETE,SUCCESS,INFO,168,168,0,,2026-08-29T19:04:49.126Z,2026-08-29T20:54:41.421Z,6592,2026-08-29T20:54:41.421Z,B57A,Johnston,dd7385f2-fbd4-41a4-afcd-7296aca5e198,SAMMS-Johnston
202608292054380571,202608291904435819,202608291904434406,85,642,Bronze INV,br_AdmissionAssessmentDimensionFour,TASK_COMPLETE,SUCCESS,INFO,87,87,0,,2026-08-29T19:04:49.126Z,2026-08-29T20:54:41.421Z,6592,2026-08-29T20:54:41.421Z,B57B,Middletown,dd7385f2-fbd4-41a4-afcd-7296aca5e198,SAMMS-Middletown
202608292054380572,202608291904435820,202608291904434406,85,643,Bronze INV,br_AdmissionAssessmentDimensionFour,TASK_COMPLETE,SUCCESS,INFO,176,176,0,,2026-08-29T19:04:49.126Z,2026-08-29T20:54:41.421Z,6592,2026-08-29T20:54:41.421Z,B57C,Providence,dd7385f2-fbd4-41a4-afcd-7296aca5e198,SAMMS-Providence
202608292054380573,202608291904435821,202608291904434406,85,644,Bronze INV,br_AdmissionAssessmentDimensionFour,TASK_COMPLETE,SUCCESS,INFO,253,253,0,,2026-08-29T19:04:49.126Z,2026-08-29T20:54:41.421Z,6592,2026-08-29T20:54:41.421Z,B57D,Westerly,dd7385f2-fbd4-41a4-afcd-7296aca5e198,SAMMS-Westerly
202608292054380574,202608291904435822,202608291904434406,85,648,Bronze INV,br_AdmissionAssessmentDimensionFour,TASK_COMPLETE,SUCCESS,INFO,364,364,0,,2026-08-29T19:04:49.126Z,2026-08-29T20:54:41.421Z,6592,2026-08-29T20:54:41.421Z,B66A,Bremen,dd7385f2-fbd4-41a4-afcd-7296aca5e198,SAMMS-Bremen
202608292054380576,202608291904435823,202608291904434406,85,651,Bronze INV,br_AdmissionAssessmentDimensionFour,TASK_COMPLETE,SUCCESS,INFO,13,13,0,,2026-08-29T19:04:49.126Z,2026-08-29T20:54:41.421Z,6592,2026-08-29T20:54:41.421Z,B72,Mobile (OBOT),dd7385f2-fbd4-41a4-afcd-7296aca5e198,SAMMS-Mobile-OBOT
202608292054380577,202608291904435824,202608291904434406,85,652,Bronze INV,br_AdmissionAssessmentDimensionFour,TASK_COMPLETE,SUCCESS,INFO,2,2,0,,2026-08-29T19:04:49.126Z,2026-08-29T20:54:41.421Z,6592,2026-08-29T20:54:41.421Z,B73,Montgomery,dd7385f2-fbd4-41a4-afcd-7296aca5e198,SAMMS-Montgomery
202608292054380578,202608291904435825,202608291904434406,85,653,Bronze INV,br_AdmissionAssessmentDimensionFour,TASK_COMPLETE,SUCCESS,INFO,316,316,0,,2026-08-29T19:04:49.126Z,2026-08-29T20:54:41.421Z,6592,2026-08-29T20:54:41.421Z,B75,Lawrence,dd7385f2-fbd4-41a4-afcd-7296aca5e198,SAMMS-LawrenceV6
202608292054380579,202608291904435826,202608291904434406,85,654,Bronze INV,br_AdmissionAssessmentDimensionFour,TASK_COMPLETE,SUCCESS,INFO,49,49,0,,2026-08-29T19:04:49.126Z,2026-08-29T20:54:41.421Z,6592,2026-08-29T20:54:41.421Z,B76,Huntsville OBOT,dd7385f2-fbd4-41a4-afcd-7296aca5e198,SAMMS-Huntsville-OBOT
202608292054380580,202608291904435827,202608291904434406,85,655,Bronze INV,br_AdmissionAssessmentDimensionFour,TASK_COMPLETE,SUCCESS,INFO,302,302,0,,2026-08-29T19:04:49.126Z,2026-08-29T20:54:41.421Z,6592,2026-08-29T20:54:41.421Z,BAT,Batesville,dd7385f2-fbd4-41a4-afcd-7296aca5e198,SAMMS-Batesville
202608292054380581,202608291904435828,202608291904434406,85,656,Bronze INV,br_AdmissionAssessmentDimensionFour,TASK_COMPLETE,SUCCESS,INFO,234,234,0,,2026-08-29T19:04:49.126Z,2026-08-29T20:54:41.421Z,6592,2026-08-29T20:54:41.421Z,BG,Bowling Green,dd7385f2-fbd4-41a4-afcd-7296aca5e198,SAMMS-BowlingGreen
202608292054380582,202608291904435829,202608291904434406,85,657,Bronze INV,br_AdmissionAssessmentDimensionFour,TASK_COMPLETE,SUCCESS,INFO,216,216,0,,2026-08-29T19:04:49.126Z,2026-08-29T20:54:41.421Z,6592,2026-08-29T20:54:41.421Z,BOI,Boise,dd7385f2-fbd4-41a4-afcd-7296aca5e198,SAMMS-Boise
202608292054380583,202608291904435830,202608291904434406,85,664,Bronze INV,br_AdmissionAssessmentDimensionFour,TASK_COMPLETE,SUCCESS,INFO,283,283,0,,2026-08-29T19:04:49.126Z,2026-08-29T20:54:41.421Z,6592,2026-08-29T20:54:41.421Z,CBCO,Coeur dAlene,dd7385f2-fbd4-41a4-afcd-7296aca5e198,SAMMS-CoeurdAleneV6
202608292054380585,202608291904435831,202608291904434406,85,683,Bronze INV,br_AdmissionAssessmentDimensionFour,TASK_COMPLETE,SUCCESS,INFO,304,304,0,,2026-08-29T19:04:49.126Z,2026-08-29T20:54:41.421Z,6592,2026-08-29T20:54:41.421Z,CON,Conway,dd7385f2-fbd4-41a4-afcd-7296aca5e198,SAMMS-Conway
202608292054380586,202608291904435832,202608291904434406,85,684,Bronze INV,br_AdmissionAssessmentDimensionFour,TASK_COMPLETE,SUCCESS,INFO,1544,1544,0,,2026-08-29T19:04:49.126Z,2026-08-29T20:54:41.421Z,6592,2026-08-29T20:54:41.421Z,D07,Medical Services Knox TN,dd7385f2-fbd4-41a4-afcd-7296aca5e198,SAMMS-KnoxvilleV6
202608292054380587,202608291904435833,202608291904434406,85,685,Bronze INV,br_AdmissionAssessmentDimensionFour,TASK_COMPLETE,SUCCESS,INFO,957,957,0,,2026-08-29T19:04:49.126Z,2026-08-29T20:54:41.421Z,6592,2026-08-29T20:54:41.421Z,D08,Madison,dd7385f2-fbd4-41a4-afcd-7296aca5e198,SAMMS-MadisonV6
202608292054380588,202608291904435834,202608291904434406,85,687,Bronze INV,br_AdmissionAssessmentDimensionFour,TASK_COMPLETE,SUCCESS,INFO,929,929,0,,2026-08-29T19:04:49.126Z,2026-08-29T20:54:41.421Z,6592,2026-08-29T20:54:41.421Z,D09,Murfreesboro,dd7385f2-fbd4-41a4-afcd-7296aca5e198,SAMMS-MurfreesboroV6
202608292054380589,202608291904435835,202608291904434406,85,688,Bronze INV,br_AdmissionAssessmentDimensionFour,TASK_COMPLETE,SUCCESS,INFO,219,219,0,,2026-08-29T19:04:49.126Z,2026-08-29T20:54:41.421Z,6592,2026-08-29T20:54:41.421Z,DA,Davenport,dd7385f2-fbd4-41a4-afcd-7296aca5e198,SAMMS-Davenport
202608292054380591,202608291904435836,202608291904434406,85,689,Bronze INV,br_AdmissionAssessmentDimensionFour,TASK_COMPLETE,SUCCESS,INFO,352,352,0,,2026-08-29T19:04:49.126Z,2026-08-29T20:54:41.421Z,6592,2026-08-29T20:54:41.421Z,DM,Des Moines,dd7385f2-fbd4-41a4-afcd-7296aca5e198,SAMMS-DesMoines
202608292054380592,202608291904435837,202608291904434406,85,691,Bronze INV,br_AdmissionAssessmentDimensionFour,TASK_COMPLETE,SUCCESS,INFO,479,479,0,,2026-08-29T19:04:49.126Z,2026-08-29T20:54:41.421Z,6592,2026-08-29T20:54:41.421Z,DRD-CO,Columbia MO,dd7385f2-fbd4-41a4-afcd-7296aca5e198,SAMMS-ColumbiaV5
202608292054380593,202608291904435838,202608291904434406,85,692,Bronze INV,br_AdmissionAssessmentDimensionFour,TASK_COMPLETE,SUCCESS,INFO,592,592,0,,2026-08-29T19:04:49.126Z,2026-08-29T20:54:41.421Z,6592,2026-08-29T20:54:41.421Z,DRD-KC,KC,dd7385f2-fbd4-41a4-afcd-7296aca5e198,SAMMS-KCv5
202608292054380594,202608291904435839,202608291904434406,85,693,Bronze INV,br_AdmissionAssessmentDimensionFour,TASK_COMPLETE,SUCCESS,INFO,951,951,0,,2026-08-29T19:04:49.126Z,2026-08-29T20:54:41.421Z,6592,2026-08-29T20:54:41.421Z,DRD-KVB,KVB,dd7385f2-fbd4-41a4-afcd-7296aca5e198,SAMMS-KVBv5
202608292054380595,202608291904435840,202608291904434406,85,694,Bronze INV,br_AdmissionAssessmentDimensionFour,TASK_COMPLETE,SUCCESS,INFO,1570,1570,0,,2026-08-29T19:04:49.126Z,2026-08-29T20:54:41.421Z,6592,2026-08-29T20:54:41.421Z,DRD-KVC,KVC,dd7385f2-fbd4-41a4-afcd-7296aca5e198,SAMMS-KVCv5
202608292054380596,202608291904435841,202608291904434406,85,695,Bronze INV,br_AdmissionAssessmentDimensionFour,TASK_COMPLETE,SUCCESS,INFO,1257,1257,0,,2026-08-29T19:04:49.126Z,2026-08-29T20:54:41.421Z,6592,2026-08-29T20:54:41.421Z,DRD-NOLA,NOLA,dd7385f2-fbd4-41a4-afcd-7296aca5e198,SAMMS-NOLAv5
202608292054380597,202608291904435842,202608291904434406,85,696,Bronze INV,br_AdmissionAssessmentDimensionFour,TASK_COMPLETE,SUCCESS,INFO,738,738,0,,2026-08-29T19:04:49.126Z,2026-08-29T20:54:41.421Z,6592,2026-08-29T20:54:41.421Z,DRD-SF,Springfield,dd7385f2-fbd4-41a4-afcd-7296aca5e198,SAMMS-SFv5
202608292054380599,202608291904435843,202608291904434406,85,698,Bronze INV,br_AdmissionAssessmentDimensionFour,TASK_COMPLETE,SUCCESS,INFO,250,250,0,,2026-08-29T19:04:49.126Z,2026-08-29T20:54:41.421Z,6592,2026-08-29T20:54:41.421Z,ELC,Elizabeth City,dd7385f2-fbd4-41a4-afcd-7296aca5e198,SAMMS-ElizabethCity
202608292054380600,202608291904435844,202608291904434406,85,699,Bronze INV,br_AdmissionAssessmentDimensionFour,TASK_COMPLETE,SUCCESS,INFO,263,263,0,,2026-08-29T19:04:49.126Z,2026-08-29T20:54:41.421Z,6592,2026-08-29T20:54:41.421Z,ET,Elizabethtown,dd7385f2-fbd4-41a4-afcd-7296aca5e198,SAMMS-Elizabethtown
202608292054380601,202608291904435845,202608291904434406,85,700,Bronze INV,br_AdmissionAssessmentDimensionFour,TASK_COMPLETE,SUCCESS,INFO,230,230,0,,2026-08-29T19:04:49.126Z,2026-08-29T20:54:41.421Z,6592,2026-08-29T20:54:41.421Z,FAY,Fayetteville,dd7385f2-fbd4-41a4-afcd-7296aca5e198,SAMMS-Fayetteville
202608292054380602,202608291904435846,202608291904434406,85,701,Bronze INV,br_AdmissionAssessmentDimensionFour,TASK_COMPLETE,SUCCESS,INFO,178,178,0,,2026-08-29T19:04:49.126Z,2026-08-29T20:54:41.421Z,6592,2026-08-29T20:54:41.421Z,FR,Frankfort,dd7385f2-fbd4-41a4-afcd-7296aca5e198,SAMMS-Frankfort
202608292054380603,202608291904435847,202608291904434406,85,702,Bronze INV,br_AdmissionAssessmentDimensionFour,TASK_COMPLETE,SUCCESS,INFO,282,282,0,,2026-08-29T19:04:49.126Z,2026-08-29T20:54:41.421Z,6592,2026-08-29T20:54:41.421Z,FS,Fort Smith,dd7385f2-fbd4-41a4-afcd-7296aca5e198,SAMMS-FortSmith
202608292054380604,202608291904435848,202608291904434406,85,703,Bronze INV,br_AdmissionAssessmentDimensionFour,TASK_COMPLETE,SUCCESS,INFO,682,682,0,,2026-08-29T19:04:49.126Z,2026-08-29T20:54:41.421Z,6592,2026-08-29T20:54:41.421Z,FW,Fort Wayne,dd7385f2-fbd4-41a4-afcd-7296aca5e198,SAMMS-FortWayne
202608292054380605,202608291904435849,202608291904434406,85,704,Bronze INV,br_AdmissionAssessmentDimensionFour,TASK_COMPLETE,SUCCESS,INFO,102,102,0,,2026-08-29T19:04:49.126Z,2026-08-29T20:54:41.421Z,6592,2026-08-29T20:54:41.421Z,GAL,Gaylord,dd7385f2-fbd4-41a4-afcd-7296aca5e198,SAMMS-Gaylord
202608292054380606,202608291904435850,202608291904434406,85,708,Bronze INV,br_AdmissionAssessmentDimensionFour,TASK_COMPLETE,SUCCESS,INFO,618,618,0,,2026-08-29T19:04:49.126Z,2026-08-29T20:54:41.421Z,6592,2026-08-29T20:54:41.421Z,HGT,Hagerstown,dd7385f2-fbd4-41a4-afcd-7296aca5e198,SAMMS-Hagerstown
202608292054380608,202608291904435851,202608291904434406,85,709,Bronze INV,br_AdmissionAssessmentDimensionFour,TASK_COMPLETE,SUCCESS,INFO,469,469,0,,2026-08-29T19:04:49.126Z,2026-08-29T20:54:41.421Z,6592,2026-08-29T20:54:41.421Z,HNT,Huntsville,dd7385f2-fbd4-41a4-afcd-7296aca5e198,SAMMS-Huntsville
202608292054380609,202608291904435852,202608291904434406,85,710,Bronze INV,br_AdmissionAssessmentDimensionFour,TASK_COMPLETE,SUCCESS,INFO,305,305,0,,2026-08-29T19:04:49.126Z,2026-08-29T20:54:41.421Z,6592,2026-08-29T20:54:41.421Z,HS,Hot Springs,dd7385f2-fbd4-41a4-afcd-7296aca5e198,SAMMS-HotSprings
202608292054380610,202608291904435853,202608291904434406,85,711,Bronze INV,br_AdmissionAssessmentDimensionFour,TASK_COMPLETE,SUCCESS,INFO,269,269,0,,2026-08-29T19:04:49.126Z,2026-08-29T20:54:41.421Z,6592,2026-08-29T20:54:41.421Z,JON,Jonesboro,dd7385f2-fbd4-41a4-afcd-7296aca5e198,SAMMS-Jonesboro
202608292054380611,202608291904435854,202608291904434406,85,713,Bronze INV,br_AdmissionAssessmentDimensionFour,TASK_COMPLETE,SUCCESS,INFO,152,152,0,,2026-08-29T19:04:49.126Z,2026-08-29T20:54:41.421Z,6592,2026-08-29T20:54:41.421Z,LAN,Lansing,dd7385f2-fbd4-41a4-afcd-7296aca5e198,SAMMS-Lansing
202608292054380612,202608291904435855,202608291904434406,85,714,Bronze INV,br_AdmissionAssessmentDimensionFour,TASK_COMPLETE,SUCCESS,INFO,427,427,0,,2026-08-29T19:04:49.126Z,2026-08-29T20:54:41.421Z,6592,2026-08-29T20:54:41.421Z,LO,Louisville,dd7385f2-fbd4-41a4-afcd-7296aca5e198,SAMMS-Louisville
202608292054380613,202608291904435856,202608291904434406,85,715,Bronze INV,br_AdmissionAssessmentDimensionFour,TASK_COMPLETE,SUCCESS,INFO,1163,1163,0,,2026-08-29T19:04:49.126Z,2026-08-29T20:54:41.421Z,6592,2026-08-29T20:54:41.421Z,LV1,Cheyenne,dd7385f2-fbd4-41a4-afcd-7296aca5e198,SAMMS-Cheyenne
202608292054380615,202608291904435857,202608291904434406,85,716,Bronze INV,br_AdmissionAssessmentDimensionFour,TASK_COMPLETE,SUCCESS,INFO,931,931,0,,2026-08-29T19:04:49.126Z,2026-08-29T20:54:41.421Z,6592,2026-08-29T20:54:41.421Z,LV2,Desert Inn,dd7385f2-fbd4-41a4-afcd-7296aca5e198,SAMMS-DesertInn
202608292054380616,202608291904435858,202608291904434406,85,717,Bronze INV,br_AdmissionAssessmentDimensionFour,TASK_COMPLETE,SUCCESS,INFO,309,309,0,,2026-08-29T19:04:49.126Z,2026-08-29T20:54:41.421Z,6592,2026-08-29T20:54:41.421Z,LV3,McDaniel,dd7385f2-fbd4-41a4-afcd-7296aca5e198,SAMMS-McDaniel
202608292054380617,202608291904435859,202608291904434406,85,720,Bronze INV,br_AdmissionAssessmentDimensionFour,TASK_COMPLETE,SUCCESS,INFO,269,269,0,,2026-08-29T19:04:49.126Z,2026-08-29T20:54:41.421Z,6592,2026-08-29T20:54:41.421Z,MNRE,Monroe,dd7385f2-fbd4-41a4-afcd-7296aca5e198,SAMMS-Monroe
202608292054380618,202608291904435860,202608291904434406,85,721,Bronze INV,br_AdmissionAssessmentDimensionFour,TASK_COMPLETE,SUCCESS,INFO,118,118,0,,2026-08-29T19:04:49.126Z,2026-08-29T20:54:41.421Z,6592,2026-08-29T20:54:41.421Z,MP,Mt. Pleasant,dd7385f2-fbd4-41a4-afcd-7296aca5e198,SAMMS-MtPleasant
202608292054380619,202608291904435861,202608291904434406,85,722,Bronze INV,br_AdmissionAssessmentDimensionFour,TASK_COMPLETE,SUCCESS,INFO,172,172,0,,2026-08-29T19:04:49.126Z,2026-08-29T20:54:41.421Z,6592,2026-08-29T20:54:41.421Z,MRD,Meridian,dd7385f2-fbd4-41a4-afcd-7296aca5e198,SAMMS-Meridian
202608292054380620,202608291904435862,202608291904434406,85,727,Bronze INV,br_AdmissionAssessmentDimensionFour,TASK_COMPLETE,SUCCESS,INFO,638,638,0,,2026-08-29T19:04:49.126Z,2026-08-29T20:54:41.421Z,6592,2026-08-29T20:54:41.421Z,NC,North Charleston,dd7385f2-fbd4-41a4-afcd-7296aca5e198,SAMMS-NorthCharleston
202608292054380621,202608291904435863,202608291904434406,85,728,Bronze INV,br_AdmissionAssessmentDimensionFour,TASK_COMPLETE,SUCCESS,INFO,573,573,0,,2026-08-29T19:04:49.126Z,2026-08-29T20:54:41.421Z,6592,2026-08-29T20:54:41.421Z,NLR,N. Little Rock,dd7385f2-fbd4-41a4-afcd-7296aca5e198,SAMMS-NLROBOT
202608292054380623,202608291904435864,202608291904434406,85,729,Bronze INV,br_AdmissionAssessmentDimensionFour,TASK_COMPLETE,SUCCESS,INFO,234,234,0,,2026-08-29T19:04:49.126Z,2026-08-29T20:54:41.421Z,6592,2026-08-29T20:54:41.421Z,PH,Phoenix,dd7385f2-fbd4-41a4-afcd-7296aca5e198,SAMMS-Phoenix
202608292054380624,202608291904435865,202608291904434406,85,733,Bronze INV,br_AdmissionAssessmentDimensionFour,TASK_COMPLETE,SUCCESS,INFO,407,407,0,,2026-08-29T19:04:49.126Z,2026-08-29T20:54:41.421Z,6592,2026-08-29T20:54:41.421Z,RE,Reno,dd7385f2-fbd4-41a4-afcd-7296aca5e198,SAMMS-Reno
202608292054380625,202608291904435866,202608291904434406,85,734,Bronze INV,br_AdmissionAssessmentDimensionFour,TASK_COMPLETE,SUCCESS,INFO,388,388,0,,2026-08-29T19:04:49.126Z,2026-08-29T20:54:41.421Z,6592,2026-08-29T20:54:41.421Z,RMD,Richmond,dd7385f2-fbd4-41a4-afcd-7296aca5e198,SAMMS-Richmond
202608292054380626,202608291904435867,202608291904434406,85,735,Bronze INV,br_AdmissionAssessmentDimensionFour,TASK_COMPLETE,SUCCESS,INFO,484,484,0,,2026-08-29T19:04:49.126Z,2026-08-29T20:54:41.421Z,6592,2026-08-29T20:54:41.421Z,SFN,Springfield North,dd7385f2-fbd4-41a4-afcd-7296aca5e198,SAMMS-SFNv5
202608292054380627,202608291904435868,202608291904434406,85,736,Bronze INV,br_AdmissionAssessmentDimensionFour,TASK_COMPLETE,SUCCESS,INFO,446,446,0,,2026-08-29T19:04:49.126Z,2026-08-29T20:54:41.421Z,6592,2026-08-29T20:54:41.421Z,SHP,Shreveport,dd7385f2-fbd4-41a4-afcd-7296aca5e198,SAMMS-Shreveport
202608312116373192,202608311905653613,202608311905652236,85,1330,Bronze INV,br_AdmissionAssessmentDimensionThree,TASK_COMPLETE,SUCCESS,INFO,433,433,0,,2026-08-31T19:06:18.658Z,2026-08-31T21:16:41.151Z,7823,2026-08-31T21:16:41.151Z,WIL,Wilson,79f5b39e-d314-4ad3-8050-3ace553d67de,SAMMS-Wilson
202608312116373193,202608311905653614,202608311905652236,85,598,Bronze INV,br_AdmissionAssessmentDimensionFour,TASK_COMPLETE,SUCCESS,INFO,98,98,0,,2026-08-31T19:06:18.658Z,2026-08-31T21:16:41.151Z,7823,2026-08-31T21:16:41.151Z,AHK,Ahoskie,79f5b39e-d314-4ad3-8050-3ace553d67de,SAMMS-Ahoskie
202608312116373194,202608311905653615,202608311905652236,85,599,Bronze INV,br_AdmissionAssessmentDimensionFour,TASK_COMPLETE,SUCCESS,INFO,793,793,0,,2026-08-31T19:06:18.658Z,2026-08-31T21:16:41.151Z,7823,2026-08-31T21:16:41.151Z,B12B,Colorado Springs,79f5b39e-d314-4ad3-8050-3ace553d67de,SAMMS-ColoradoSpringsV5
202608312116373195,202608311905653616,202608311905652236,85,600,Bronze INV,br_AdmissionAssessmentDimensionFour,TASK_COMPLETE,SUCCESS,INFO,411,411,0,,2026-08-31T19:06:18.658Z,2026-08-31T21:16:41.151Z,7823,2026-08-31T21:16:41.151Z,B24,Paintsville,79f5b39e-d314-4ad3-8050-3ace553d67de,SAMMS-PaintsvilleV5
202608312116373197,202608311905653617,202608311905652236,85,601,Bronze INV,br_AdmissionAssessmentDimensionFour,TASK_COMPLETE,SUCCESS,INFO,171,171,0,,2026-08-31T19:06:18.658Z,2026-08-31T21:16:41.151Z,7823,2026-08-31T21:16:41.151Z,B25,Pikeville,79f5b39e-d314-4ad3-8050-3ace553d67de,SAMMS-PikevilleV5
202608312116373198,202608311905653618,202608311905652236,85,602,Bronze INV,br_AdmissionAssessmentDimensionFour,TASK_COMPLETE,SUCCESS,INFO,492,492,0,,2026-08-31T19:06:18.658Z,2026-08-31T21:16:41.151Z,7823,2026-08-31T21:16:41.151Z,B26,Hazard,79f5b39e-d314-4ad3-8050-3ace553d67de,SAMMS-HazardV5
202608312116373199,202608311905653619,202608311905652236,85,603,Bronze INV,br_AdmissionAssessmentDimensionFour,TASK_COMPLETE,SUCCESS,INFO,188,188,0,,2026-08-31T19:06:18.658Z,2026-08-31T21:16:41.151Z,7823,2026-08-31T21:16:41.151Z,B27,Savannah,79f5b39e-d314-4ad3-8050-3ace553d67de,SAMMS-SavannahV6
202608312116373200,202608311905653620,202608311905652236,85,604,Bronze INV,br_AdmissionAssessmentDimensionFour,TASK_COMPLETE,SUCCESS,INFO,235,235,0,,2026-08-31T19:06:18.658Z,2026-08-31T21:16:41.151Z,7823,2026-08-31T21:16:41.151Z,B28,West Plains,79f5b39e-d314-4ad3-8050-3ace553d67de,SAMMS-WestPlainesV5
202608312116373201,202608311905653621,202608311905652236,85,605,Bronze INV,br_AdmissionAssessmentDimensionFour,TASK_COMPLETE,SUCCESS,INFO,261,261,0,,2026-08-31T19:06:18.658Z,2026-08-31T21:16:41.151Z,7823,2026-08-31T21:16:41.151Z,B29,Poplar Bluff,79f5b39e-d314-4ad3-8050-3ace553d67de,SAMMS-PoplarBluffV5
202608312116373202,202608311905653622,202608311905652236,85,606,Bronze INV,br_AdmissionAssessmentDimensionFour,TASK_COMPLETE,SUCCESS,INFO,141,141,0,,2026-08-31T19:06:18.658Z,2026-08-31T21:16:41.151Z,7823,2026-08-31T21:16:41.151Z,B30,KC North,79f5b39e-d314-4ad3-8050-3ace553d67de,SAMMS-KCNv5
202608312116373203,202608311905653623,202608311905652236,85,607,Bronze INV,br_AdmissionAssessmentDimensionFour,TASK_COMPLETE,SUCCESS,INFO,340,340,0,,2026-08-31T19:06:18.658Z,2026-08-31T21:16:41.151Z,7823,2026-08-31T21:16:41.151Z,B31,Dyersburg,79f5b39e-d314-4ad3-8050-3ace553d67de,SAMMS-DyersburgV5
202608312116373204,202608311905653624,202608311905652236,85,609,Bronze INV,br_AdmissionAssessmentDimensionFour,TASK_COMPLETE,SUCCESS,INFO,212,212,0,,2026-08-31T19:06:18.658Z,2026-08-31T21:16:41.151Z,7823,2026-08-31T21:16:41.151Z,B33,Paducah,79f5b39e-d314-4ad3-8050-3ace553d67de,SAMMS-Paducah
202608312116373205,202608311905653625,202608311905652236,85,610,Bronze INV,br_AdmissionAssessmentDimensionFour,TASK_COMPLETE,SUCCESS,INFO,448,448,0,,2026-08-31T19:06:18.658Z,2026-08-31T21:16:41.151Z,7823,2026-08-31T21:16:41.151Z,B34,Corbin,79f5b39e-d314-4ad3-8050-3ace553d67de,SAMMS-CorbinV5
202608312116373207,202608311905653626,202608311905652236,85,611,Bronze INV,br_AdmissionAssessmentDimensionFour,TASK_COMPLETE,SUCCESS,INFO,715,715,0,,2026-08-31T19:06:18.658Z,2026-08-31T21:16:41.151Z,7823,2026-08-31T21:16:41.151Z,B35,Lexington,79f5b39e-d314-4ad3-8050-3ace553d67de,SAMMS-LexingtonV5
202608312116373208,202608311905653627,202608311905652236,85,612,Bronze INV,br_AdmissionAssessmentDimensionFour,TASK_COMPLETE,SUCCESS,INFO,345,345,0,,2026-08-31T19:06:18.658Z,2026-08-31T21:16:41.151Z,7823,2026-08-31T21:16:41.151Z,B35A,Berea,79f5b39e-d314-4ad3-8050-3ace553d67de,SAMMS-BereaV5
202608312116373209,202608311905653628,202608311905652236,85,613,Bronze INV,br_AdmissionAssessmentDimensionFour,TASK_COMPLETE,SUCCESS,INFO,605,605,0,,2026-08-31T19:06:18.658Z,2026-08-31T21:16:41.151Z,7823,2026-08-31T21:16:41.151Z,B36,Asheville,79f5b39e-d314-4ad3-8050-3ace553d67de,SAMMS-AshevilleV5
202608312116373210,202608311905653629,202608311905652236,85,614,Bronze INV,br_AdmissionAssessmentDimensionFour,TASK_COMPLETE,SUCCESS,INFO,451,451,0,,2026-08-31T19:06:18.658Z,2026-08-31T21:16:41.151Z,7823,2026-08-31T21:16:41.151Z,B37,Clyde,79f5b39e-d314-4ad3-8050-3ace553d67de,SAMMS-ClydeV5
202608312116373211,202608311905653630,202608311905652236,85,615,Bronze INV,br_AdmissionAssessmentDimensionFour,TASK_COMPLETE,SUCCESS,INFO,634,634,0,,2026-08-31T19:06:18.658Z,2026-08-31T21:16:41.151Z,7823,2026-08-31T21:16:41.151Z,B38,Spartanburg,79f5b39e-d314-4ad3-8050-3ace553d67de,SAMMS-SpartanburgV5
202608312116373212,202608311905653631,202608311905652236,85,616,Bronze INV,br_AdmissionAssessmentDimensionFour,TASK_COMPLETE,SUCCESS,INFO,481,481,0,,2026-08-31T19:06:18.658Z,2026-08-31T21:16:41.151Z,7823,2026-08-31T21:16:41.151Z,B39,Aiken,79f5b39e-d314-4ad3-8050-3ace553d67de,SAMMS-AikenV5
202608312116373213,202608311905653632,202608311905652236,85,617,Bronze INV,br_AdmissionAssessmentDimensionFour,TASK_COMPLETE,SUCCESS,INFO,290,290,0,,2026-08-31T19:06:18.658Z,2026-08-31T21:16:41.151Z,7823,2026-08-31T21:16:41.151Z,B41,Chesapeake,79f5b39e-d314-4ad3-8050-3ace553d67de,SAMMS-ChesapeakeV5
202608312116373214,202608311905653633,202608311905652236,85,618,Bronze INV,br_AdmissionAssessmentDimensionFour,TASK_COMPLETE,SUCCESS,INFO,534,534,0,,2026-08-31T19:06:18.658Z,2026-08-31T21:16:41.151Z,7823,2026-08-31T21:16:41.151Z,B42,Virginia Beach,79f5b39e-d314-4ad3-8050-3ace553d67de,SAMMS-VirginiaBeachV5
202608312116373216,202608311905653634,202608311905652236,85,619,Bronze INV,br_AdmissionAssessmentDimensionFour,TASK_COMPLETE,SUCCESS,INFO,165,165,0,,2026-08-31T19:06:18.658Z,2026-08-31T21:16:41.151Z,7823,2026-08-31T21:16:41.151Z,B42A,Newport News,79f5b39e-d314-4ad3-8050-3ace553d67de,SAMMS-NewportNewsV5
202608312116373217,202608311905653635,202608311905652236,85,620,Bronze INV,br_AdmissionAssessmentDimensionFour,TASK_COMPLETE,SUCCESS,INFO,56,56,0,,2026-08-31T19:06:18.658Z,2026-08-31T21:16:41.151Z,7823,2026-08-31T21:16:41.151Z,B42B,Franklin,79f5b39e-d314-4ad3-8050-3ace553d67de,SAMMS-FranklinV5
202608312116373219,202608311905653636,202608311905652236,85,621,Bronze INV,br_AdmissionAssessmentDimensionFour,TASK_COMPLETE,SUCCESS,INFO,334,334,0,,2026-08-31T19:06:18.658Z,2026-08-31T21:16:41.151Z,7823,2026-08-31T21:16:41.151Z,B42C,Glen Allen,79f5b39e-d314-4ad3-8050-3ace553d67de,SAMMS-GlenAllenV5
202608312116373220,202608311905653637,202608311905652236,85,622,Bronze INV,br_AdmissionAssessmentDimensionFour,TASK_COMPLETE,SUCCESS,INFO,169,169,0,,2026-08-31T19:06:18.658Z,2026-08-31T21:16:41.151Z,7823,2026-08-31T21:16:41.151Z,B42D,Chesapeake South,79f5b39e-d314-4ad3-8050-3ace553d67de,SAMMS-ChesapeakeSouthV5
202608312116373221,202608311905653638,202608311905652236,85,623,Bronze INV,br_AdmissionAssessmentDimensionFour,TASK_COMPLETE,SUCCESS,INFO,209,209,0,,2026-08-31T19:06:18.658Z,2026-08-31T21:16:41.151Z,7823,2026-08-31T21:16:41.151Z,B44,Albany,79f5b39e-d314-4ad3-8050-3ace553d67de,SAMMS-AlbanyV5
202608312116373222,202608311905653639,202608311905652236,85,624,Bronze INV,br_AdmissionAssessmentDimensionFour,TASK_COMPLETE,SUCCESS,INFO,306,306,0,,2026-08-31T19:06:18.658Z,2026-08-31T21:16:41.151Z,7823,2026-08-31T21:16:41.151Z,B45,Tifton,79f5b39e-d314-4ad3-8050-3ace553d67de,SAMMS-TiftonV5
202608312116373223,202608311905653640,202608311905652236,85,625,Bronze INV,br_AdmissionAssessmentDimensionFour,TASK_COMPLETE,SUCCESS,INFO,667,667,0,,2026-08-31T19:06:18.658Z,2026-08-31T21:16:41.151Z,7823,2026-08-31T21:16:41.151Z,B46,Washington DC,79f5b39e-d314-4ad3-8050-3ace553d67de,SAMMS-WashingtonDCv5
202608312116373224,202608311905653641,202608311905652236,85,626,Bronze INV,br_AdmissionAssessmentDimensionFour,TASK_COMPLETE,SUCCESS,INFO,351,351,0,,2026-08-31T19:06:18.658Z,2026-08-31T21:16:41.151Z,7823,2026-08-31T21:16:41.151Z,B47,Mobile,79f5b39e-d314-4ad3-8050-3ace553d67de,SAMMS-MobileV5
202608312116373225,202608311905653642,202608311905652236,85,627,Bronze INV,br_AdmissionAssessmentDimensionFour,TASK_COMPLETE,SUCCESS,INFO,453,453,0,,2026-08-31T19:06:18.658Z,2026-08-31T21:16:41.151Z,7823,2026-08-31T21:16:41.151Z,B48,Tuscaloosa,79f5b39e-d314-4ad3-8050-3ace553d67de,SAMMS-TuscaloosaV5
202608312116373226,202608311905653643,202608311905652236,85,636,Bronze INV,br_AdmissionAssessmentDimensionFour,TASK_COMPLETE,SUCCESS,INFO,313,313,0,,2026-08-31T19:06:18.658Z,2026-08-31T21:16:41.151Z,7823,2026-08-31T21:16:41.151Z,B51,N. Little Rock (OTP),79f5b39e-d314-4ad3-8050-3ace553d67de,SAMMS-NorthLittleRockV6
202608312116373227,202608311905653644,202608311905652236,85,637,Bronze INV,br_AdmissionAssessmentDimensionFour,TASK_COMPLETE,SUCCESS,INFO,155,155,0,,2026-08-31T19:06:18.658Z,2026-08-31T21:16:41.151Z,7823,2026-08-31T21:16:41.151Z,B52,Jackson GA,79f5b39e-d314-4ad3-8050-3ace553d67de,SAMMS-JacksonGAV5
202608312116373228,202608311905653645,202608311905652236,85,638,Bronze INV,br_AdmissionAssessmentDimensionFour,TASK_COMPLETE,SUCCESS,INFO,476,476,0,,2026-08-31T19:06:18.658Z,2026-08-31T21:16:41.151Z,7823,2026-08-31T21:16:41.151Z,B54,Gadsden,79f5b39e-d314-4ad3-8050-3ace553d67de,SAMMS-GadsdenV5
202608312116373229,202608311905653646,202608311905652236,85,639,Bronze INV,br_AdmissionAssessmentDimensionFour,TASK_COMPLETE,SUCCESS,INFO,483,483,0,,2026-08-31T19:06:18.658Z,2026-08-31T21:16:41.151Z,7823,2026-08-31T21:16:41.151Z,B55,Shoals,79f5b39e-d314-4ad3-8050-3ace553d67de,SAMMS-ShoalsV5
202608312116373230,202608311905653647,202608311905652236,85,640,Bronze INV,br_AdmissionAssessmentDimensionFour,TASK_COMPLETE,SUCCESS,INFO,171,171,0,,2026-08-31T19:06:18.658Z,2026-08-31T21:16:41.151Z,7823,2026-08-31T21:16:41.151Z,B57,Pawtucket,79f5b39e-d314-4ad3-8050-3ace553d67de,SAMMS-Pawtucket
202608312116373232,202608311905653648,202608311905652236,85,641,Bronze INV,br_AdmissionAssessmentDimensionFour,TASK_COMPLETE,SUCCESS,INFO,168,168,0,,2026-08-31T19:06:18.658Z,2026-08-31T21:16:41.151Z,7823,2026-08-31T21:16:41.151Z,B57A,Johnston,79f5b39e-d314-4ad3-8050-3ace553d67de,SAMMS-Johnston
202608312116373233,202608311905653649,202608311905652236,85,642,Bronze INV,br_AdmissionAssessmentDimensionFour,TASK_COMPLETE,SUCCESS,INFO,87,87,0,,2026-08-31T19:06:18.658Z,2026-08-31T21:16:41.151Z,7823,2026-08-31T21:16:41.151Z,B57B,Middletown,79f5b39e-d314-4ad3-8050-3ace553d67de,SAMMS-Middletown
202608312116373234,202608311905653650,202608311905652236,85,643,Bronze INV,br_AdmissionAssessmentDimensionFour,TASK_COMPLETE,SUCCESS,INFO,176,176,0,,2026-08-31T19:06:18.658Z,2026-08-31T21:16:41.151Z,7823,2026-08-31T21:16:41.151Z,B57C,Providence,79f5b39e-d314-4ad3-8050-3ace553d67de,SAMMS-Providence
202608312116373235,202608311905653651,202608311905652236,85,644,Bronze INV,br_AdmissionAssessmentDimensionFour,TASK_COMPLETE,SUCCESS,INFO,254,254,0,,2026-08-31T19:06:18.658Z,2026-08-31T21:16:41.151Z,7823,2026-08-31T21:16:41.151Z,B57D,Westerly,79f5b39e-d314-4ad3-8050-3ace553d67de,SAMMS-Westerly
202608312116373236,202608311905653652,202608311905652236,85,648,Bronze INV,br_AdmissionAssessmentDimensionFour,TASK_COMPLETE,SUCCESS,INFO,364,364,0,,2026-08-31T19:06:18.658Z,2026-08-31T21:16:41.151Z,7823,2026-08-31T21:16:41.151Z,B66A,Bremen,79f5b39e-d314-4ad3-8050-3ace553d67de,SAMMS-Bremen
202608312116373237,202608311905653653,202608311905652236,85,651,Bronze INV,br_AdmissionAssessmentDimensionFour,TASK_COMPLETE,SUCCESS,INFO,13,13,0,,2026-08-31T19:06:18.658Z,2026-08-31T21:16:41.151Z,7823,2026-08-31T21:16:41.151Z,B72,Mobile (OBOT),79f5b39e-d314-4ad3-8050-3ace553d67de,SAMMS-Mobile-OBOT
202608312116373238,202608311905653654,202608311905652236,85,652,Bronze INV,br_AdmissionAssessmentDimensionFour,TASK_COMPLETE,SUCCESS,INFO,2,2,0,,2026-08-31T19:06:18.658Z,2026-08-31T21:16:41.151Z,7823,2026-08-31T21:16:41.151Z,B73,Montgomery,79f5b39e-d314-4ad3-8050-3ace553d67de,SAMMS-Montgomery
202608312116373239,202608311905653655,202608311905652236,85,653,Bronze INV,br_AdmissionAssessmentDimensionFour,TASK_COMPLETE,SUCCESS,INFO,317,317,0,,2026-08-31T19:06:18.658Z,2026-08-31T21:16:41.151Z,7823,2026-08-31T21:16:41.151Z,B75,Lawrence,79f5b39e-d314-4ad3-8050-3ace553d67de,SAMMS-LawrenceV6
202608312116373240,202608311905653656,202608311905652236,85,654,Bronze INV,br_AdmissionAssessmentDimensionFour,TASK_COMPLETE,SUCCESS,INFO,49,49,0,,2026-08-31T19:06:18.658Z,2026-08-31T21:16:41.151Z,7823,2026-08-31T21:16:41.151Z,B76,Huntsville OBOT,79f5b39e-d314-4ad3-8050-3ace553d67de,SAMMS-Huntsville-OBOT
202608312116373241,202608311905653657,202608311905652236,85,655,Bronze INV,br_AdmissionAssessmentDimensionFour,TASK_COMPLETE,SUCCESS,INFO,302,302,0,,2026-08-31T19:06:18.658Z,2026-08-31T21:16:41.151Z,7823,2026-08-31T21:16:41.151Z,BAT,Batesville,79f5b39e-d314-4ad3-8050-3ace553d67de,SAMMS-Batesville
202608312116373243,202608311905653658,202608311905652236,85,656,Bronze INV,br_AdmissionAssessmentDimensionFour,TASK_COMPLETE,SUCCESS,INFO,234,234,0,,2026-08-31T19:06:18.658Z,2026-08-31T21:16:41.151Z,7823,2026-08-31T21:16:41.151Z,BG,Bowling Green,79f5b39e-d314-4ad3-8050-3ace553d67de,SAMMS-BowlingGreen
202608312116373244,202608311905653659,202608311905652236,85,657,Bronze INV,br_AdmissionAssessmentDimensionFour,TASK_COMPLETE,SUCCESS,INFO,216,216,0,,2026-08-31T19:06:18.658Z,2026-08-31T21:16:41.151Z,7823,2026-08-31T21:16:41.151Z,BOI,Boise,79f5b39e-d314-4ad3-8050-3ace553d67de,SAMMS-Boise
202608312116373245,202608311905653660,202608311905652236,85,664,Bronze INV,br_AdmissionAssessmentDimensionFour,TASK_COMPLETE,SUCCESS,INFO,285,285,0,,2026-08-31T19:06:18.658Z,2026-08-31T21:16:41.151Z,7823,2026-08-31T21:16:41.151Z,CBCO,Coeur dAlene,79f5b39e-d314-4ad3-8050-3ace553d67de,SAMMS-CoeurdAleneV6
202608312116373246,202608311905653661,202608311905652236,85,683,Bronze INV,br_AdmissionAssessmentDimensionFour,TASK_COMPLETE,SUCCESS,INFO,304,304,0,,2026-08-31T19:06:18.658Z,2026-08-31T21:16:41.151Z,7823,2026-08-31T21:16:41.151Z,CON,Conway,79f5b39e-d314-4ad3-8050-3ace553d67de,SAMMS-Conway
202608312116373247,202608311905653662,202608311905652236,85,684,Bronze INV,br_AdmissionAssessmentDimensionFour,TASK_COMPLETE,SUCCESS,INFO,1545,1545,0,,2026-08-31T19:06:18.658Z,2026-08-31T21:16:41.151Z,7823,2026-08-31T21:16:41.151Z,D07,Medical Services Knox TN,79f5b39e-d314-4ad3-8050-3ace553d67de,SAMMS-KnoxvilleV6
202608312116373248,202608311905653663,202608311905652236,85,685,Bronze INV,br_AdmissionAssessmentDimensionFour,TASK_COMPLETE,SUCCESS,INFO,959,959,0,,2026-08-31T19:06:18.658Z,2026-08-31T21:16:41.151Z,7823,2026-08-31T21:16:41.151Z,D08,Madison,79f5b39e-d314-4ad3-8050-3ace553d67de,SAMMS-MadisonV6
202608312116373249,202608311905653664,202608311905652236,85,687,Bronze INV,br_AdmissionAssessmentDimensionFour,TASK_COMPLETE,SUCCESS,INFO,929,929,0,,2026-08-31T19:06:18.658Z,2026-08-31T21:16:41.151Z,7823,2026-08-31T21:16:41.151Z,D09,Murfreesboro,79f5b39e-d314-4ad3-8050-3ace553d67de,SAMMS-MurfreesboroV6
202608312116373250,202608311905653665,202608311905652236,85,688,Bronze INV,br_AdmissionAssessmentDimensionFour,TASK_COMPLETE,SUCCESS,INFO,220,220,0,,2026-08-31T19:06:18.658Z,2026-08-31T21:16:41.151Z,7823,2026-08-31T21:16:41.151Z,DA,Davenport,79f5b39e-d314-4ad3-8050-3ace553d67de,SAMMS-Davenport
202608312116373251,202608311905653666,202608311905652236,85,689,Bronze INV,br_AdmissionAssessmentDimensionFour,TASK_COMPLETE,SUCCESS,INFO,352,352,0,,2026-08-31T19:06:18.658Z,2026-08-31T21:16:41.151Z,7823,2026-08-31T21:16:41.151Z,DM,Des Moines,79f5b39e-d314-4ad3-8050-3ace553d67de,SAMMS-DesMoines
202608312116373253,202608311905653667,202608311905652236,85,691,Bronze INV,br_AdmissionAssessmentDimensionFour,TASK_COMPLETE,SUCCESS,INFO,479,479,0,,2026-08-31T19:06:18.658Z,2026-08-31T21:16:41.151Z,7823,2026-08-31T21:16:41.151Z,DRD-CO,Columbia MO,79f5b39e-d314-4ad3-8050-3ace553d67de,SAMMS-ColumbiaV5
202608312116373254,202608311905653668,202608311905652236,85,692,Bronze INV,br_AdmissionAssessmentDimensionFour,TASK_COMPLETE,SUCCESS,INFO,592,592,0,,2026-08-31T19:06:18.658Z,2026-08-31T21:16:41.151Z,7823,2026-08-31T21:16:41.151Z,DRD-KC,KC,79f5b39e-d314-4ad3-8050-3ace553d67de,SAMMS-KCv5
202608312116373255,202608311905653669,202608311905652236,85,693,Bronze INV,br_AdmissionAssessmentDimensionFour,TASK_COMPLETE,SUCCESS,INFO,951,951,0,,2026-08-31T19:06:18.658Z,2026-08-31T21:16:41.151Z,7823,2026-08-31T21:16:41.151Z,DRD-KVB,KVB,79f5b39e-d314-4ad3-8050-3ace553d67de,SAMMS-KVBv5
202608312116373256,202608311905653670,202608311905652236,85,694,Bronze INV,br_AdmissionAssessmentDimensionFour,TASK_COMPLETE,SUCCESS,INFO,1571,1571,0,,2026-08-31T19:06:18.658Z,2026-08-31T21:16:41.151Z,7823,2026-08-31T21:16:41.151Z,DRD-KVC,KVC,79f5b39e-d314-4ad3-8050-3ace553d67de,SAMMS-KVCv5
202608312116373257,202608311905653671,202608311905652236,85,695,Bronze INV,br_AdmissionAssessmentDimensionFour,TASK_COMPLETE,SUCCESS,INFO,1257,1257,0,,2026-08-31T19:06:18.658Z,2026-08-31T21:16:41.151Z,7823,2026-08-31T21:16:41.151Z,DRD-NOLA,NOLA,79f5b39e-d314-4ad3-8050-3ace553d67de,SAMMS-NOLAv5
202608312116373258,202608311905653672,202608311905652236,85,696,Bronze INV,br_AdmissionAssessmentDimensionFour,TASK_COMPLETE,SUCCESS,INFO,742,742,0,,2026-08-31T19:06:18.658Z,2026-08-31T21:16:41.151Z,7823,2026-08-31T21:16:41.151Z,DRD-SF,Springfield,79f5b39e-d314-4ad3-8050-3ace553d67de,SAMMS-SFv5
202608312116373259,202608311905653673,202608311905652236,85,698,Bronze INV,br_AdmissionAssessmentDimensionFour,TASK_COMPLETE,SUCCESS,INFO,250,250,0,,2026-08-31T19:06:18.658Z,2026-08-31T21:16:41.151Z,7823,2026-08-31T21:16:41.151Z,ELC,Elizabeth City,79f5b39e-d314-4ad3-8050-3ace553d67de,SAMMS-ElizabethCity
202608312116373260,202608311905653674,202608311905652236,85,699,Bronze INV,br_AdmissionAssessmentDimensionFour,TASK_COMPLETE,SUCCESS,INFO,263,263,0,,2026-08-31T19:06:18.658Z,2026-08-31T21:16:41.151Z,7823,2026-08-31T21:16:41.151Z,ET,Elizabethtown,79f5b39e-d314-4ad3-8050-3ace553d67de,SAMMS-Elizabethtown
202608312116373261,202608311905653675,202608311905652236,85,700,Bronze INV,br_AdmissionAssessmentDimensionFour,TASK_COMPLETE,SUCCESS,INFO,230,230,0,,2026-08-31T19:06:18.658Z,2026-08-31T21:16:41.151Z,7823,2026-08-31T21:16:41.151Z,FAY,Fayetteville,79f5b39e-d314-4ad3-8050-3ace553d67de,SAMMS-Fayetteville
202608312116373262,202608311905653676,202608311905652236,85,701,Bronze INV,br_AdmissionAssessmentDimensionFour,TASK_COMPLETE,SUCCESS,INFO,178,178,0,,2026-08-31T19:06:18.658Z,2026-08-31T21:16:41.151Z,7823,2026-08-31T21:16:41.151Z,FR,Frankfort,79f5b39e-d314-4ad3-8050-3ace553d67de,SAMMS-Frankfort
202608312116373263,202608311905653677,202608311905652236,85,702,Bronze INV,br_AdmissionAssessmentDimensionFour,TASK_COMPLETE,SUCCESS,INFO,282,282,0,,2026-08-31T19:06:18.658Z,2026-08-31T21:16:41.151Z,7823,2026-08-31T21:16:41.151Z,FS,Fort Smith,79f5b39e-d314-4ad3-8050-3ace553d67de,SAMMS-FortSmith
202608312116373265,202608311905653678,202608311905652236,85,703,Bronze INV,br_AdmissionAssessmentDimensionFour,TASK_COMPLETE,SUCCESS,INFO,683,683,0,,2026-08-31T19:06:18.658Z,2026-08-31T21:16:41.151Z,7823,2026-08-31T21:16:41.151Z,FW,Fort Wayne,79f5b39e-d314-4ad3-8050-3ace553d67de,SAMMS-FortWayne
202608312116373266,202608311905653679,202608311905652236,85,704,Bronze INV,br_AdmissionAssessmentDimensionFour,TASK_COMPLETE,SUCCESS,INFO,102,102,0,,2026-08-31T19:06:18.658Z,2026-08-31T21:16:41.151Z,7823,2026-08-31T21:16:41.151Z,GAL,Gaylord,79f5b39e-d314-4ad3-8050-3ace553d67de,SAMMS-Gaylord
202608312116373267,202608311905653680,202608311905652236,85,708,Bronze INV,br_AdmissionAssessmentDimensionFour,TASK_COMPLETE,SUCCESS,INFO,620,620,0,,2026-08-31T19:06:18.658Z,2026-08-31T21:16:41.151Z,7823,2026-08-31T21:16:41.151Z,HGT,Hagerstown,79f5b39e-d314-4ad3-8050-3ace553d67de,SAMMS-Hagerstown
202608312116373268,202608311905653681,202608311905652236,85,709,Bronze INV,br_AdmissionAssessmentDimensionFour,TASK_COMPLETE,SUCCESS,INFO,472,472,0,,2026-08-31T19:06:18.658Z,2026-08-31T21:16:41.151Z,7823,2026-08-31T21:16:41.151Z,HNT,Huntsville,79f5b39e-d314-4ad3-8050-3ace553d67de,SAMMS-Huntsville
202608312116373269,202608311905653682,202608311905652236,85,710,Bronze INV,br_AdmissionAssessmentDimensionFour,TASK_COMPLETE,SUCCESS,INFO,306,306,0,,2026-08-31T19:06:18.658Z,2026-08-31T21:16:41.151Z,7823,2026-08-31T21:16:41.151Z,HS,Hot Springs,79f5b39e-d314-4ad3-8050-3ace553d67de,SAMMS-HotSprings
202608312116373270,202608311905653683,202608311905652236,85,711,Bronze INV,br_AdmissionAssessmentDimensionFour,TASK_COMPLETE,SUCCESS,INFO,269,269,0,,2026-08-31T19:06:18.658Z,2026-08-31T21:16:41.151Z,7823,2026-08-31T21:16:41.151Z,JON,Jonesboro,79f5b39e-d314-4ad3-8050-3ace553d67de,SAMMS-Jonesboro
202608312116373271,202608311905653684,202608311905652236,85,713,Bronze INV,br_AdmissionAssessmentDimensionFour,TASK_COMPLETE,SUCCESS,INFO,154,154,0,,2026-08-31T19:06:18.658Z,2026-08-31T21:16:41.151Z,7823,2026-08-31T21:16:41.151Z,LAN,Lansing,79f5b39e-d314-4ad3-8050-3ace553d67de,SAMMS-Lansing
202608312116373272,202608311905653685,202608311905652236,85,714,Bronze INV,br_AdmissionAssessmentDimensionFour,TASK_COMPLETE,SUCCESS,INFO,427,427,0,,2026-08-31T19:06:18.658Z,2026-08-31T21:16:41.151Z,7823,2026-08-31T21:16:41.151Z,LO,Louisville,79f5b39e-d314-4ad3-8050-3ace553d67de,SAMMS-Louisville
202608312116373273,202608311905653686,202608311905652236,85,715,Bronze INV,br_AdmissionAssessmentDimensionFour,TASK_COMPLETE,SUCCESS,INFO,1163,1163,0,,2026-08-31T19:06:18.658Z,2026-08-31T21:16:41.151Z,7823,2026-08-31T21:16:41.151Z,LV1,Cheyenne,79f5b39e-d314-4ad3-8050-3ace553d67de,SAMMS-Cheyenne
202608312116373274,202608311905653687,202608311905652236,85,716,Bronze INV,br_AdmissionAssessmentDimensionFour,TASK_COMPLETE,SUCCESS,INFO,931,931,0,,2026-08-31T19:06:18.658Z,2026-08-31T21:16:41.151Z,7823,2026-08-31T21:16:41.151Z,LV2,Desert Inn,79f5b39e-d314-4ad3-8050-3ace553d67de,SAMMS-DesertInn
202608312116373276,202608311905653688,202608311905652236,85,717,Bronze INV,br_AdmissionAssessmentDimensionFour,TASK_COMPLETE,SUCCESS,INFO,309,309,0,,2026-08-31T19:06:18.658Z,2026-08-31T21:16:41.151Z,7823,2026-08-31T21:16:41.151Z,LV3,McDaniel,79f5b39e-d314-4ad3-8050-3ace553d67de,SAMMS-McDaniel
202608312116373277,202608311905653689,202608311905652236,85,720,Bronze INV,br_AdmissionAssessmentDimensionFour,TASK_COMPLETE,SUCCESS,INFO,269,269,0,,2026-08-31T19:06:18.658Z,2026-08-31T21:16:41.151Z,7823,2026-08-31T21:16:41.151Z,MNRE,Monroe,79f5b39e-d314-4ad3-8050-3ace553d67de,SAMMS-Monroe
202608312116373278,202608311905653690,202608311905652236,85,721,Bronze INV,br_AdmissionAssessmentDimensionFour,TASK_COMPLETE,SUCCESS,INFO,118,118,0,,2026-08-31T19:06:18.658Z,2026-08-31T21:16:41.151Z,7823,2026-08-31T21:16:41.151Z,MP,Mt. Pleasant,79f5b39e-d314-4ad3-8050-3ace553d67de,SAMMS-MtPleasant
202608312116373279,202608311905653691,202608311905652236,85,722,Bronze INV,br_AdmissionAssessmentDimensionFour,TASK_COMPLETE,SUCCESS,INFO,173,173,0,,2026-08-31T19:06:18.658Z,2026-08-31T21:16:41.151Z,7823,2026-08-31T21:16:41.151Z,MRD,Meridian,79f5b39e-d314-4ad3-8050-3ace553d67de,SAMMS-Meridian
202608312116373280,202608311905653692,202608311905652236,85,727,Bronze INV,br_AdmissionAssessmentDimensionFour,TASK_COMPLETE,SUCCESS,INFO,639,639,0,,2026-08-31T19:06:18.658Z,2026-08-31T21:16:41.151Z,7823,2026-08-31T21:16:41.151Z,NC,North Charleston,79f5b39e-d314-4ad3-8050-3ace553d67de,SAMMS-NorthCharleston
202608312116373281,202608311905653693,202608311905652236,85,728,Bronze INV,br_AdmissionAssessmentDimensionFour,TASK_COMPLETE,SUCCESS,INFO,574,574,0,,2026-08-31T19:06:18.658Z,2026-08-31T21:16:41.151Z,7823,2026-08-31T21:16:41.151Z,NLR,N. Little Rock,79f5b39e-d314-4ad3-8050-3ace553d67de,SAMMS-NLROBOT
202608312116373282,202608311905653694,202608311905652236,85,729,Bronze INV,br_AdmissionAssessmentDimensionFour,TASK_COMPLETE,SUCCESS,INFO,234,234,0,,2026-08-31T19:06:18.658Z,2026-08-31T21:16:41.151Z,7823,2026-08-31T21:16:41.151Z,PH,Phoenix,79f5b39e-d314-4ad3-8050-3ace553d67de,SAMMS-Phoenix
202608312116373283,202608311905653695,202608311905652236,85,733,Bronze INV,br_AdmissionAssessmentDimensionFour,TASK_COMPLETE,SUCCESS,INFO,407,407,0,,2026-08-31T19:06:18.658Z,2026-08-31T21:16:41.151Z,7823,2026-08-31T21:16:41.151Z,RE,Reno,79f5b39e-d314-4ad3-8050-3ace553d67de,SAMMS-Reno
202608312116373284,202608311905653696,202608311905652236,85,734,Bronze INV,br_AdmissionAssessmentDimensionFour,TASK_COMPLETE,SUCCESS,INFO,388,388,0,,2026-08-31T19:06:18.658Z,2026-08-31T21:16:41.151Z,7823,2026-08-31T21:16:41.151Z,RMD,Richmond,79f5b39e-d314-4ad3-8050-3ace553d67de,SAMMS-Richmond
202608312116373285,202608311905653697,202608311905652236,85,735,Bronze INV,br_AdmissionAssessmentDimensionFour,TASK_COMPLETE,SUCCESS,INFO,484,484,0,,2026-08-31T19:06:18.658Z,2026-08-31T21:16:41.151Z,7823,2026-08-31T21:16:41.151Z,SFN,Springfield North,79f5b39e-d314-4ad3-8050-3ace553d67de,SAMMS-SFNv5
202608312116373286,202608311905653698,202608311905652236,85,736,Bronze INV,br_AdmissionAssessmentDimensionFour,TASK_COMPLETE,SUCCESS,INFO,446,446,0,,2026-08-31T19:06:18.658Z,2026-08-31T21:16:41.151Z,7823,2026-08-31T21:16:41.151Z,SHP,Shreveport,79f5b39e-d314-4ad3-8050-3ace553d67de,SAMMS-Shreveport
202608312116374438,202608311905654731,202608311905652236,85,4414,Bronze INV,br_ReAssessmentSubstanceUse,TASK_COMPLETE,SUCCESS,INFO,89,89,0,,2026-08-31T19:06:18.658Z,2026-08-31T21:16:41.151Z,7823,2026-08-31T21:16:41.151Z,RMD,Richmond,79f5b39e-d314-4ad3-8050-3ace553d67de,SAMMS-Richmond
202608312116374439,202608311905654732,202608311905652236,85,4415,Bronze INV,br_ReAssessmentSubstanceUse,TASK_COMPLETE,SUCCESS,INFO,594,594,0,,2026-08-31T19:06:18.658Z,2026-08-31T21:16:41.151Z,7823,2026-08-31T21:16:41.151Z,SFN,Springfield North,79f5b39e-d314-4ad3-8050-3ace553d67de,SAMMS-SFNv5
202608312116374440,202608311905654733,202608311905652236,85,4416,Bronze INV,br_ReAssessmentSubstanceUse,TASK_COMPLETE,SUCCESS,INFO,790,790,0,,2026-08-31T19:06:18.658Z,2026-08-31T21:16:41.151Z,7823,2026-08-31T21:16:41.151Z,SHP,Shreveport,79f5b39e-d314-4ad3-8050-3ace553d67de,SAMMS-Shreveport
202608312116374441,202608311905654734,202608311905652236,85,4418,Bronze INV,br_ReAssessmentSubstanceUse,TASK_COMPLETE,SUCCESS,INFO,488,488,0,,2026-08-31T19:06:18.658Z,2026-08-31T21:16:41.151Z,7823,2026-08-31T21:16:41.151Z,STN,Staunton,79f5b39e-d314-4ad3-8050-3ace553d67de,SAMMS-Staunton
202608312116374443,202608311905654735,202608311905652236,85,4419,Bronze INV,br_ReAssessmentSubstanceUse,TASK_COMPLETE,SUCCESS,INFO,228,228,0,,2026-08-31T19:06:18.658Z,2026-08-31T21:16:41.151Z,7823,2026-08-31T21:16:41.151Z,STVN,Stevenson,79f5b39e-d314-4ad3-8050-3ace553d67de,SAMMS-Stevenson
202608312116374444,202608311905654736,202608311905652236,85,4421,Bronze INV,br_ReAssessmentSubstanceUse,TASK_COMPLETE,SUCCESS,INFO,178,178,0,,2026-08-31T19:06:18.658Z,2026-08-31T21:16:41.151Z,7823,2026-08-31T21:16:41.151Z,TE,Tempe,79f5b39e-d314-4ad3-8050-3ace553d67de,SAMMS-Tempe
202608312116374445,202608311905654737,202608311905652236,85,4422,Bronze INV,br_ReAssessmentSubstanceUse,TASK_COMPLETE,SUCCESS,INFO,0,0,0,,2026-08-31T19:06:18.658Z,2026-08-31T21:16:41.151Z,7823,2026-08-31T21:16:41.151Z,TEX,Texarkana,79f5b39e-d314-4ad3-8050-3ace553d67de,SAMMS-Texarkana
202608312116374446,202608311905654738,202608311905652236,85,4423,Bronze INV,br_ReAssessmentSubstanceUse,TASK_COMPLETE,SUCCESS,INFO,1104,1104,0,,2026-08-31T19:06:18.658Z,2026-08-31T21:16:41.151Z,7823,2026-08-31T21:16:41.151Z,TTCA,Bessemer,79f5b39e-d314-4ad3-8050-3ace553d67de,SAMMS-BessemerV5
202608312116374447,202608311905654739,202608311905652236,85,4424,Bronze INV,br_ReAssessmentSubstanceUse,TASK_COMPLETE,SUCCESS,INFO,1326,1326,0,,2026-08-31T19:06:18.658Z,2026-08-31T21:16:41.151Z,7823,2026-08-31T21:16:41.151Z,TTCB,Cullman,79f5b39e-d314-4ad3-8050-3ace553d67de,SAMMS-CullmanV5
202608312116374448,202608311905654740,202608311905652236,85,4425,Bronze INV,br_ReAssessmentSubstanceUse,TASK_COMPLETE,SUCCESS,INFO,973,973,0,,2026-08-31T19:06:18.658Z,2026-08-31T21:16:41.151Z,7823,2026-08-31T21:16:41.151Z,TTCC,Grand Bay,79f5b39e-d314-4ad3-8050-3ace553d67de,SAMMS-GrandBay
202608312116374449,202608311905654741,202608311905652236,85,4426,Bronze INV,br_ReAssessmentSubstanceUse,TASK_COMPLETE,SUCCESS,INFO,17,17,0,,2026-08-31T19:06:18.658Z,2026-08-31T21:16:41.151Z,7823,2026-08-31T21:16:41.151Z,TU,Tucson,79f5b39e-d314-4ad3-8050-3ace553d67de,SAMMS-Tucson
202608312116374450,202608311905654742,202608311905652236,85,4428,Bronze INV,br_ReAssessmentSubstanceUse,TASK_COMPLETE,SUCCESS,INFO,663,663,0,,2026-08-31T19:06:18.658Z,2026-08-31T21:16:41.151Z,7823,2026-08-31T21:16:41.151Z,V1,Memphis South,79f5b39e-d314-4ad3-8050-3ace553d67de,SAMMS-VCPHCS-I-MemphisV5
202608312116374451,202608311905654743,202608311905652236,85,4429,Bronze INV,br_ReAssessmentSubstanceUse,TASK_COMPLETE,SUCCESS,INFO,1641,1641,0,,2026-08-31T19:06:18.658Z,2026-08-31T21:16:41.151Z,7823,2026-08-31T21:16:41.151Z,V10,Longmont,79f5b39e-d314-4ad3-8050-3ace553d67de,SAMMS-BoulderV5
202608312116374452,202608311905654744,202608311905652236,85,4430,Bronze INV,br_ReAssessmentSubstanceUse,TASK_COMPLETE,SUCCESS,INFO,1527,1527,0,,2026-08-31T19:06:18.658Z,2026-08-31T21:16:41.151Z,7823,2026-08-31T21:16:41.151Z,V10A,Fort Collins,79f5b39e-d314-4ad3-8050-3ace553d67de,SAMMS-FortCollinsV5
202608312116374453,202608311905654745,202608311905652236,85,4431,Bronze INV,br_ReAssessmentSubstanceUse,TASK_COMPLETE,SUCCESS,INFO,2896,2896,0,,2026-08-31T19:06:18.658Z,2026-08-31T21:16:41.151Z,7823,2026-08-31T21:16:41.151Z,V11,Westminster,79f5b39e-d314-4ad3-8050-3ace553d67de,SAMMS-VCPHCS-XI-NorthDenverV5
202608312116374454,202608311905654746,202608311905652236,85,4432,Bronze INV,br_ReAssessmentSubstanceUse,TASK_COMPLETE,SUCCESS,INFO,3073,3073,0,,2026-08-31T19:06:18.658Z,2026-08-31T21:16:41.151Z,7823,2026-08-31T21:16:41.151Z,V12,Downtown Denver,79f5b39e-d314-4ad3-8050-3ace553d67de,SAMMS-VCPHCS-XII-DowntownDenverV5
202608312116374456,202608311905654747,202608311905652236,85,4433,Bronze INV,br_ReAssessmentSubstanceUse,TASK_COMPLETE,SUCCESS,INFO,1148,1148,0,,2026-08-31T19:06:18.658Z,2026-08-31T21:16:41.151Z,7823,2026-08-31T21:16:41.151Z,V12A,Centennial,79f5b39e-d314-4ad3-8050-3ace553d67de,SAMMS-CentennialV5
202608312116374457,202608311905654748,202608311905652236,85,4434,Bronze INV,br_ReAssessmentSubstanceUse,TASK_COMPLETE,SUCCESS,INFO,301,301,0,,2026-08-31T19:06:18.658Z,2026-08-31T21:16:41.151Z,7823,2026-08-31T21:16:41.151Z,V14,Overland Park,79f5b39e-d314-4ad3-8050-3ace553d67de,SAMMS-VCPHCS-XIV-BridgewayV5
202608312116374458,202608311905654749,202608311905652236,85,4435,Bronze INV,br_ReAssessmentSubstanceUse,TASK_COMPLETE,SUCCESS,INFO,611,611,0,,2026-08-31T19:06:18.658Z,2026-08-31T21:16:41.151Z,7823,2026-08-31T21:16:41.151Z,V15,Joplin,79f5b39e-d314-4ad3-8050-3ace553d67de,SAMMS-JoplinV5
202608312116374459,202608311905654750,202608311905652236,85,4437,Bronze INV,br_ReAssessmentSubstanceUse,TASK_COMPLETE,SUCCESS,INFO,918,918,0,,2026-08-31T19:06:18.658Z,2026-08-31T21:16:41.151Z,7823,2026-08-31T21:16:41.151Z,V17,Columbia TN,79f5b39e-d314-4ad3-8050-3ace553d67de,SAMMS-ColumbiaTNv5
202608312116374460,202608311905654751,202608311905652236,85,4439,Bronze INV,br_ReAssessmentSubstanceUse,TASK_COMPLETE,SUCCESS,INFO,544,544,0,,2026-08-31T19:06:18.658Z,2026-08-31T21:16:41.151Z,7823,2026-08-31T21:16:41.151Z,V19,Jackson,79f5b39e-d314-4ad3-8050-3ace553d67de,SAMMS-JacksonV5
202608312116374461,202608311905654752,202608311905652236,85,4441,Bronze INV,br_ReAssessmentSubstanceUse,TASK_COMPLETE,SUCCESS,INFO,1815,1815,0,,2026-08-31T19:06:18.658Z,2026-08-31T21:16:41.151Z,7823,2026-08-31T21:16:41.151Z,V20,Paris,79f5b39e-d314-4ad3-8050-3ace553d67de,SAMMS-ParisV5
202608312116374462,202608311905654753,202608311905652236,85,4442,Bronze INV,br_ReAssessmentSubstanceUse,TASK_COMPLETE,SUCCESS,INFO,732,732,0,,2026-08-31T19:06:18.658Z,2026-08-31T21:16:41.151Z,7823,2026-08-31T21:16:41.151Z,V21,Memphis North,79f5b39e-d314-4ad3-8050-3ace553d67de,SAMMS-RaleighV5
202608312116374463,202608311905654754,202608311905652236,85,4445,Bronze INV,br_ReAssessmentSubstanceUse,TASK_COMPLETE,SUCCESS,INFO,1817,1817,0,,2026-08-31T19:06:18.658Z,2026-08-31T21:16:41.151Z,7823,2026-08-31T21:16:41.151Z,V5,West Bank,79f5b39e-d314-4ad3-8050-3ace553d67de,SAMMS-NONTCv5
202608312116374464,202608311905654755,202608311905652236,85,4447,Bronze INV,br_ReAssessmentSubstanceUse,TASK_COMPLETE,SUCCESS,INFO,150,150,0,,2026-08-31T19:06:18.658Z,2026-08-31T21:16:41.151Z,7823,2026-08-31T21:16:41.151Z,V5B,Houma,79f5b39e-d314-4ad3-8050-3ace553d67de,SAMMS-HoumaV6
202608312116374465,202608311905654756,202608311905652236,85,4448,Bronze INV,br_ReAssessmentSubstanceUse,TASK_COMPLETE,SUCCESS,INFO,1929,1929,0,,2026-08-31T19:06:18.658Z,2026-08-31T21:16:41.151Z,7823,2026-08-31T21:16:41.151Z,V6,Lake Charles,79f5b39e-d314-4ad3-8050-3ace553d67de,SAMMS-LCv5
202608312116374466,202608311905654757,202608311905652236,85,4450,Bronze INV,br_ReAssessmentSubstanceUse,TASK_COMPLETE,SUCCESS,INFO,748,748,0,,2026-08-31T19:06:18.658Z,2026-08-31T21:16:41.151Z,7823,2026-08-31T21:16:41.151Z,V8,Memphis Midtown,79f5b39e-d314-4ad3-8050-3ace553d67de,SAMMS-VCPHCS-VIII-MemphisV5
202608312116374467,202608311905654758,202608311905652236,85,4451,Bronze INV,br_ReAssessmentSubstanceUse,TASK_COMPLETE,SUCCESS,INFO,1785,1785,0,,2026-08-31T19:06:18.658Z,2026-08-31T21:16:41.151Z,7823,2026-08-31T21:16:41.151Z,V9,Nashville,79f5b39e-d314-4ad3-8050-3ace553d67de,SAMMS-NashvilleV5
202608312116374469,202608311905654759,202608311905652236,85,4452,Bronze INV,br_ReAssessmentSubstanceUse,TASK_COMPLETE,SUCCESS,INFO,854,854,0,,2026-08-31T19:06:18.658Z,2026-08-31T21:16:41.151Z,7823,2026-08-31T21:16:41.151Z,VBRA,Brainerd,79f5b39e-d314-4ad3-8050-3ace553d67de,SAMMS-BrainerdV6
202608312116374470,202608311905654760,202608311905652236,85,4453,Bronze INV,br_ReAssessmentSubstanceUse,TASK_COMPLETE,SUCCESS,INFO,1988,1988,0,,2026-08-31T19:06:18.658Z,2026-08-31T21:16:41.151Z,7823,2026-08-31T21:16:41.151Z,VBRP,Brooklyn Park,79f5b39e-d314-4ad3-8050-3ace553d67de,SAMMS-BrooklynParkV6
202608312116374471,202608311905654761,202608311905652236,85,4455,Bronze INV,br_ReAssessmentSubstanceUse,TASK_COMPLETE,SUCCESS,INFO,764,764,0,,2026-08-31T19:06:18.658Z,2026-08-31T21:16:41.151Z,7823,2026-08-31T21:16:41.151Z,VMIN,Minneapolis,79f5b39e-d314-4ad3-8050-3ace553d67de,SAMMS-MinneapolisV6
202608312116374472,202608311905654762,202608311905652236,85,4456,Bronze INV,br_ReAssessmentSubstanceUse,TASK_COMPLETE,SUCCESS,INFO,920,920,0,,2026-08-31T19:06:18.658Z,2026-08-31T21:16:41.151Z,7823,2026-08-31T21:16:41.151Z,VWBY,Woodbury,79f5b39e-d314-4ad3-8050-3ace553d67de,SAMMS-WoodburyV6
202608312116374473,202608311905654763,202608311905652236,85,4458,Bronze INV,br_ReAssessmentSubstanceUse,TASK_COMPLETE,SUCCESS,INFO,162,162,0,,2026-08-31T19:06:18.658Z,2026-08-31T21:16:41.151Z,7823,2026-08-31T21:16:41.151Z,WIL,Wilson,79f5b39e-d314-4ad3-8050-3ace553d67de,SAMMS-Wilson
202608312116374474,202608311905654764,202608311905652236,85,4094,Bronze INV,br_ReAssessmentSocial,TASK_COMPLETE,SUCCESS,INFO,35,35,0,,2026-08-31T19:06:18.658Z,2026-08-31T21:16:41.151Z,7823,2026-08-31T21:16:41.151Z,AHK,Ahoskie,79f5b39e-d314-4ad3-8050-3ace553d67de,SAMMS-Ahoskie
202608312116374476,202608311905654765,202608311905652236,85,4095,Bronze INV,br_ReAssessmentSocial,TASK_COMPLETE,SUCCESS,INFO,662,662,0,,2026-08-31T19:06:18.658Z,2026-08-31T21:16:41.151Z,7823,2026-08-31T21:16:41.151Z,B12B,Colorado Springs,79f5b39e-d314-4ad3-8050-3ace553d67de,SAMMS-ColoradoSpringsV5
202608312116374477,202608311905654766,202608311905652236,85,4096,Bronze INV,br_ReAssessmentSocial,TASK_COMPLETE,SUCCESS,INFO,826,826,0,,2026-08-31T19:06:18.658Z,2026-08-31T21:16:41.151Z,7823,2026-08-31T21:16:41.151Z,B24,Paintsville,79f5b39e-d314-4ad3-8050-3ace553d67de,SAMMS-PaintsvilleV5
202608312116374478,202608311905654767,202608311905652236,85,4097,Bronze INV,br_ReAssessmentSocial,TASK_COMPLETE,SUCCESS,INFO,646,646,0,,2026-08-31T19:06:18.658Z,2026-08-31T21:16:41.151Z,7823,2026-08-31T21:16:41.151Z,B25,Pikeville,79f5b39e-d314-4ad3-8050-3ace553d67de,SAMMS-PikevilleV5
202608312116374479,202608311905654768,202608311905652236,85,4098,Bronze INV,br_ReAssessmentSocial,TASK_COMPLETE,SUCCESS,INFO,971,971,0,,2026-08-31T19:06:18.658Z,2026-08-31T21:16:41.151Z,7823,2026-08-31T21:16:41.151Z,B26,Hazard,79f5b39e-d314-4ad3-8050-3ace553d67de,SAMMS-HazardV5
202608312116374480,202608311905654769,202608311905652236,85,4099,Bronze INV,br_ReAssessmentSocial,TASK_COMPLETE,SUCCESS,INFO,531,531,0,,2026-08-31T19:06:18.658Z,2026-08-31T21:16:41.151Z,7823,2026-08-31T21:16:41.151Z,B27,Savannah,79f5b39e-d314-4ad3-8050-3ace553d67de,SAMMS-SavannahV6
202608312116374481,202608311905654770,202608311905652236,85,4100,Bronze INV,br_ReAssessmentSocial,TASK_COMPLETE,SUCCESS,INFO,245,245,0,,2026-08-31T19:06:18.658Z,2026-08-31T21:16:41.151Z,7823,2026-08-31T21:16:41.151Z,B28,West Plains,79f5b39e-d314-4ad3-8050-3ace553d67de,SAMMS-WestPlainesV5
202608312116374482,202608311905654771,202608311905652236,85,4101,Bronze INV,br_ReAssessmentSocial,TASK_COMPLETE,SUCCESS,INFO,461,461,0,,2026-08-31T19:06:18.658Z,2026-08-31T21:16:41.151Z,7823,2026-08-31T21:16:41.151Z,B29,Poplar Bluff,79f5b39e-d314-4ad3-8050-3ace553d67de,SAMMS-PoplarBluffV5
202608312116374483,202608311905654772,202608311905652236,85,4102,Bronze INV,br_ReAssessmentSocial,TASK_COMPLETE,SUCCESS,INFO,77,77,0,,2026-08-31T19:06:18.658Z,2026-08-31T21:16:41.151Z,7823,2026-08-31T21:16:41.151Z,B30,KC North,79f5b39e-d314-4ad3-8050-3ace553d67de,SAMMS-KCNv5
202608312116374484,202608311905654773,202608311905652236,85,4103,Bronze INV,br_ReAssessmentSocial,TASK_COMPLETE,SUCCESS,INFO,401,401,0,,2026-08-31T19:06:18.658Z,2026-08-31T21:16:41.151Z,7823,2026-08-31T21:16:41.151Z,B31,Dyersburg,79f5b39e-d314-4ad3-8050-3ace553d67de,SAMMS-DyersburgV5
202608312116374485,202608311905654774,202608311905652236,85,4105,Bronze INV,br_ReAssessmentSocial,TASK_COMPLETE,SUCCESS,INFO,487,487,0,,2026-08-31T19:06:18.658Z,2026-08-31T21:16:41.151Z,7823,2026-08-31T21:16:41.151Z,B33,Paducah,79f5b39e-d314-4ad3-8050-3ace553d67de,SAMMS-Paducah
202608312116374487,202608311905654775,202608311905652236,85,4106,Bronze INV,br_ReAssessmentSocial,TASK_COMPLETE,SUCCESS,INFO,384,384,0,,2026-08-31T19:06:18.658Z,2026-08-31T21:16:41.151Z,7823,2026-08-31T21:16:41.151Z,B34,Corbin,79f5b39e-d314-4ad3-8050-3ace553d67de,SAMMS-CorbinV5
202608312116374488,202608311905654776,202608311905652236,85,4107,Bronze INV,br_ReAssessmentSocial,TASK_COMPLETE,SUCCESS,INFO,239,239,0,,2026-08-31T19:06:18.658Z,2026-08-31T21:16:41.151Z,7823,2026-08-31T21:16:41.151Z,B35,Lexington,79f5b39e-d314-4ad3-8050-3ace553d67de,SAMMS-LexingtonV5
202608312116374489,202608311905654777,202608311905652236,85,4108,Bronze INV,br_ReAssessmentSocial,TASK_COMPLETE,SUCCESS,INFO,77,77,0,,2026-08-31T19:06:18.658Z,2026-08-31T21:16:41.151Z,7823,2026-08-31T21:16:41.151Z,B35A,Berea,79f5b39e-d314-4ad3-8050-3ace553d67de,SAMMS-BereaV5
202608312116374490,202608311905654778,202608311905652236,85,4109,Bronze INV,br_ReAssessmentSocial,TASK_COMPLETE,SUCCESS,INFO,20,20,0,,2026-08-31T19:06:18.658Z,2026-08-31T21:16:41.151Z,7823,2026-08-31T21:16:41.151Z,B36,Asheville,79f5b39e-d314-4ad3-8050-3ace553d67de,SAMMS-AshevilleV5
202608312116374491,202608311905654779,202608311905652236,85,4110,Bronze INV,br_ReAssessmentSocial,TASK_COMPLETE,SUCCESS,INFO,1,1,0,,2026-08-31T19:06:18.658Z,2026-08-31T21:16:41.151Z,7823,2026-08-31T21:16:41.151Z,B37,Clyde,79f5b39e-d314-4ad3-8050-3ace553d67de,SAMMS-ClydeV5
202608312116374492,202608311905654780,202608311905652236,85,4111,Bronze INV,br_ReAssessmentSocial,TASK_COMPLETE,SUCCESS,INFO,1186,1186,0,,2026-08-31T19:06:18.658Z,2026-08-31T21:16:41.151Z,7823,2026-08-31T21:16:41.151Z,B38,Spartanburg,79f5b39e-d314-4ad3-8050-3ace553d67de,SAMMS-SpartanburgV5
202608312116374493,202608311905654781,202608311905652236,85,4112,Bronze INV,br_ReAssessmentSocial,TASK_COMPLETE,SUCCESS,INFO,361,361,0,,2026-08-31T19:06:18.658Z,2026-08-31T21:16:41.151Z,7823,2026-08-31T21:16:41.151Z,B39,Aiken,79f5b39e-d314-4ad3-8050-3ace553d67de,SAMMS-AikenV5
202608312116374494,202608311905654782,202608311905652236,85,4113,Bronze INV,br_ReAssessmentSocial,TASK_COMPLETE,SUCCESS,INFO,1887,1887,0,,2026-08-31T19:06:18.658Z,2026-08-31T21:16:41.151Z,7823,2026-08-31T21:16:41.151Z,B41,Chesapeake,79f5b39e-d314-4ad3-8050-3ace553d67de,SAMMS-ChesapeakeV5
202608312116374495,202608311905654783,202608311905652236,85,4114,Bronze INV,br_ReAssessmentSocial,TASK_COMPLETE,SUCCESS,INFO,1911,1911,0,,2026-08-31T19:06:18.658Z,2026-08-31T21:16:41.151Z,7823,2026-08-31T21:16:41.151Z,B42,Virginia Beach,79f5b39e-d314-4ad3-8050-3ace553d67de,SAMMS-VirginiaBeachV5
202608312116374496,202608311905654784,202608311905652236,85,4115,Bronze INV,br_ReAssessmentSocial,TASK_COMPLETE,SUCCESS,INFO,925,925,0,,2026-08-31T19:06:18.658Z,2026-08-31T21:16:41.151Z,7823,2026-08-31T21:16:41.151Z,B42A,Newport News,79f5b39e-d314-4ad3-8050-3ace553d67de,SAMMS-NewportNewsV5
202608312116374497,202608311905654785,202608311905652236,85,4116,Bronze INV,br_ReAssessmentSocial,TASK_COMPLETE,SUCCESS,INFO,507,507,0,,2026-08-31T19:06:18.658Z,2026-08-31T21:16:41.151Z,7823,2026-08-31T21:16:41.151Z,B42B,Franklin,79f5b39e-d314-4ad3-8050-3ace553d67de,SAMMS-FranklinV5
202608312116374499,202608311905654786,202608311905652236,85,4117,Bronze INV,br_ReAssessmentSocial,TASK_COMPLETE,SUCCESS,INFO,340,340,0,,2026-08-31T19:06:18.658Z,2026-08-31T21:16:41.151Z,7823,2026-08-31T21:16:41.151Z,B42C,Glen Allen,79f5b39e-d314-4ad3-8050-3ace553d67de,SAMMS-GlenAllenV5
202608312116374500,202608311905654787,202608311905652236,85,4118,Bronze INV,br_ReAssessmentSocial,TASK_COMPLETE,SUCCESS,INFO,1480,1480,0,,2026-08-31T19:06:18.658Z,2026-08-31T21:16:41.151Z,7823,2026-08-31T21:16:41.151Z,B42D,Chesapeake South,79f5b39e-d314-4ad3-8050-3ace553d67de,SAMMS-ChesapeakeSouthV5
202608312116374501,202608311905654788,202608311905652236,85,4119,Bronze INV,br_ReAssessmentSocial,TASK_COMPLETE,SUCCESS,INFO,632,632,0,,2026-08-31T19:06:18.658Z,2026-08-31T21:16:41.151Z,7823,2026-08-31T21:16:41.151Z,B44,Albany,79f5b39e-d314-4ad3-8050-3ace553d67de,SAMMS-AlbanyV5
202608312116374502,202608311905654789,202608311905652236,85,4120,Bronze INV,br_ReAssessmentSocial,TASK_COMPLETE,SUCCESS,INFO,1268,1268,0,,2026-08-31T19:06:18.658Z,2026-08-31T21:16:41.151Z,7823,2026-08-31T21:16:41.151Z,B45,Tifton,79f5b39e-d314-4ad3-8050-3ace553d67de,SAMMS-TiftonV5
202608312116374503,202608311905654790,202608311905652236,85,4121,Bronze INV,br_ReAssessmentSocial,TASK_COMPLETE,SUCCESS,INFO,588,588,0,,2026-08-31T19:06:18.658Z,2026-08-31T21:16:41.151Z,7823,2026-08-31T21:16:41.151Z,B46,Washington DC,79f5b39e-d314-4ad3-8050-3ace553d67de,SAMMS-WashingtonDCv5
202608312116374504,202608311905654791,202608311905652236,85,4122,Bronze INV,br_ReAssessmentSocial,TASK_COMPLETE,SUCCESS,INFO,1558,1558,0,,2026-08-31T19:06:18.658Z,2026-08-31T21:16:41.151Z,7823,2026-08-31T21:16:41.151Z,B47,Mobile,79f5b39e-d314-4ad3-8050-3ace553d67de,SAMMS-MobileV5
202608312116374505,202608311905654792,202608311905652236,85,4123,Bronze INV,br_ReAssessmentSocial,TASK_COMPLETE,SUCCESS,INFO,1294,1294,0,,2026-08-31T19:06:18.658Z,2026-08-31T21:16:41.151Z,7823,2026-08-31T21:16:41.151Z,B48,Tuscaloosa,79f5b39e-d314-4ad3-8050-3ace553d67de,SAMMS-TuscaloosaV5
202608312116374507,202608311905654793,202608311905652236,85,4132,Bronze INV,br_ReAssessmentSocial,TASK_COMPLETE,SUCCESS,INFO,2,2,0,,2026-08-31T19:06:18.658Z,2026-08-31T21:16:41.151Z,7823,2026-08-31T21:16:41.151Z,B51,N. Little Rock (OTP),79f5b39e-d314-4ad3-8050-3ace553d67de,SAMMS-NorthLittleRockV6
202608312116374508,202608311905654794,202608311905652236,85,4133,Bronze INV,br_ReAssessmentSocial,TASK_COMPLETE,SUCCESS,INFO,453,453,0,,2026-08-31T19:06:18.658Z,2026-08-31T21:16:41.151Z,7823,2026-08-31T21:16:41.151Z,B52,Jackson GA,79f5b39e-d314-4ad3-8050-3ace553d67de,SAMMS-JacksonGAV5
202608312116374509,202608311905654795,202608311905652236,85,4134,Bronze INV,br_ReAssessmentSocial,TASK_COMPLETE,SUCCESS,INFO,1702,1702,0,,2026-08-31T19:06:18.658Z,2026-08-31T21:16:41.151Z,7823,2026-08-31T21:16:41.151Z,B54,Gadsden,79f5b39e-d314-4ad3-8050-3ace553d67de,SAMMS-GadsdenV5
202608312116374510,202608311905654796,202608311905652236,85,4135,Bronze INV,br_ReAssessmentSocial,TASK_COMPLETE,SUCCESS,INFO,945,945,0,,2026-08-31T19:06:18.658Z,2026-08-31T21:16:41.151Z,7823,2026-08-31T21:16:41.151Z,B55,Shoals,79f5b39e-d314-4ad3-8050-3ace553d67de,SAMMS-ShoalsV5
202608312116374511,202608311905654797,202608311905652236,85,4136,Bronze INV,br_ReAssessmentSocial,TASK_COMPLETE,SUCCESS,INFO,294,294,0,,2026-08-31T19:06:18.658Z,2026-08-31T21:16:41.151Z,7823,2026-08-31T21:16:41.151Z,B57,Pawtucket,79f5b39e-d314-4ad3-8050-3ace553d67de,SAMMS-Pawtucket
202608312116374512,202608311905654798,202608311905652236,85,4137,Bronze INV,br_ReAssessmentSocial,TASK_COMPLETE,SUCCESS,INFO,550,550,0,,2026-08-31T19:06:18.658Z,2026-08-31T21:16:41.151Z,7823,2026-08-31T21:16:41.151Z,B57A,Johnston,79f5b39e-d314-4ad3-8050-3ace553d67de,SAMMS-Johnston
202608312116374513,202608311905654799,202608311905652236,85,4138,Bronze INV,br_ReAssessmentSocial,TASK_COMPLETE,SUCCESS,INFO,166,166,0,,2026-08-31T19:06:18.658Z,2026-08-31T21:16:41.151Z,7823,2026-08-31T21:16:41.151Z,B57B,Middletown,79f5b39e-d314-4ad3-8050-3ace553d67de,SAMMS-Middletown
202608312116374514,202608311905654800,202608311905652236,85,4139,Bronze INV,br_ReAssessmentSocial,TASK_COMPLETE,SUCCESS,INFO,410,410,0,,2026-08-31T19:06:18.658Z,2026-08-31T21:16:41.151Z,7823,2026-08-31T21:16:41.151Z,B57C,Providence,79f5b39e-d314-4ad3-8050-3ace553d67de,SAMMS-Providence
202608312116374515,202608311905654801,202608311905652236,85,4140,Bronze INV,br_ReAssessmentSocial,TASK_COMPLETE,SUCCESS,INFO,621,621,0,,2026-08-31T19:06:18.658Z,2026-08-31T21:16:41.151Z,7823,2026-08-31T21:16:41.151Z,B57D,Westerly,79f5b39e-d314-4ad3-8050-3ace553d67de,SAMMS-Westerly
202608312116374517,202608311905654802,202608311905652236,85,4144,Bronze INV,br_ReAssessmentSocial,TASK_COMPLETE,SUCCESS,INFO,4,4,0,,2026-08-31T19:06:18.658Z,2026-08-31T21:16:41.151Z,7823,2026-08-31T21:16:41.151Z,B66A,Bremen,79f5b39e-d314-4ad3-8050-3ace553d67de,SAMMS-Bremen
202608312116374518,202608311905654803,202608311905652236,85,4147,Bronze INV,br_ReAssessmentSocial,TASK_COMPLETE,SUCCESS,INFO,0,0,0,,2026-08-31T19:06:18.658Z,2026-08-31T21:16:41.151Z,7823,2026-08-31T21:16:41.151Z,B72,Mobile (OBOT),79f5b39e-d314-4ad3-8050-3ace553d67de,SAMMS-Mobile-OBOT
202608312116374519,202608311905654804,202608311905652236,85,4148,Bronze INV,br_ReAssessmentSocial,TASK_COMPLETE,SUCCESS,INFO,0,0,0,,2026-08-31T19:06:18.658Z,2026-08-31T21:16:41.151Z,7823,2026-08-31T21:16:41.151Z,B73,Montgomery,79f5b39e-d314-4ad3-8050-3ace553d67de,SAMMS-Montgomery
202608312116374520,202608311905654805,202608311905652236,85,4149,Bronze INV,br_ReAssessmentSocial,TASK_COMPLETE,SUCCESS,INFO,516,516,0,,2026-08-31T19:06:18.658Z,2026-08-31T21:16:41.151Z,7823,2026-08-31T21:16:41.151Z,B75,Lawrence,79f5b39e-d314-4ad3-8050-3ace553d67de,SAMMS-LawrenceV6
202608312116374521,202608311905654806,202608311905652236,85,4150,Bronze INV,br_ReAssessmentSocial,TASK_COMPLETE,SUCCESS,INFO,0,0,0,,2026-08-31T19:06:18.658Z,2026-08-31T21:16:41.151Z,7823,2026-08-31T21:16:41.151Z,B76,Huntsville OBOT,79f5b39e-d314-4ad3-8050-3ace553d67de,SAMMS-Huntsville-OBOT
202608312116374522,202608311905654807,202608311905652236,85,4151,Bronze INV,br_ReAssessmentSocial,TASK_COMPLETE,SUCCESS,INFO,0,0,0,,2026-08-31T19:06:18.658Z,2026-08-31T21:16:41.151Z,7823,2026-08-31T21:16:41.151Z,BAT,Batesville,79f5b39e-d314-4ad3-8050-3ace553d67de,SAMMS-Batesville
202608312116374523,202608311905654808,202608311905652236,85,4152,Bronze INV,br_ReAssessmentSocial,TASK_COMPLETE,SUCCESS,INFO,460,460,0,,2026-08-31T19:06:18.658Z,2026-08-31T21:16:41.151Z,7823,2026-08-31T21:16:41.151Z,BG,Bowling Green,79f5b39e-d314-4ad3-8050-3ace553d67de,SAMMS-BowlingGreen
202608312116374524,202608311905654809,202608311905652236,85,4153,Bronze INV,br_ReAssessmentSocial,TASK_COMPLETE,SUCCESS,INFO,180,180,0,,2026-08-31T19:06:18.658Z,2026-08-31T21:16:41.151Z,7823,2026-08-31T21:16:41.151Z,BOI,Boise,79f5b39e-d314-4ad3-8050-3ace553d67de,SAMMS-Boise
202608312116374526,202608311905654810,202608311905652236,85,4160,Bronze INV,br_ReAssessmentSocial,TASK_COMPLETE,SUCCESS,INFO,51,51,0,,2026-08-31T19:06:18.658Z,2026-08-31T21:16:41.151Z,7823,2026-08-31T21:16:41.151Z,CBCO,Coeur dAlene,79f5b39e-d314-4ad3-8050-3ace553d67de,SAMMS-CoeurdAleneV6
202608312116374527,202608311905654811,202608311905652236,85,4179,Bronze INV,br_ReAssessmentSocial,TASK_COMPLETE,SUCCESS,INFO,0,0,0,,2026-08-31T19:06:18.658Z,2026-08-31T21:16:41.151Z,7823,2026-08-31T21:16:41.151Z,CON,Conway,79f5b39e-d314-4ad3-8050-3ace553d67de,SAMMS-Conway
202608312116374528,202608311905654812,202608311905652236,85,4180,Bronze INV,br_ReAssessmentSocial,TASK_COMPLETE,SUCCESS,INFO,2568,2568,0,,2026-08-31T19:06:18.658Z,2026-08-31T21:16:41.151Z,7823,2026-08-31T21:16:41.151Z,D07,Medical Services Knox TN,79f5b39e-d314-4ad3-8050-3ace553d67de,SAMMS-KnoxvilleV6
202608312116374529,202608311905654813,202608311905652236,85,4181,Bronze INV,br_ReAssessmentSocial,TASK_COMPLETE,SUCCESS,INFO,111,111,0,,2026-08-31T19:06:18.658Z,2026-08-31T21:16:41.151Z,7823,2026-08-31T21:16:41.151Z,D08,Madison,79f5b39e-d314-4ad3-8050-3ace553d67de,SAMMS-MadisonV6
202608312116374530,202608311905654814,202608311905652236,85,4183,Bronze INV,br_ReAssessmentSocial,TASK_COMPLETE,SUCCESS,INFO,118,118,0,,2026-08-31T19:06:18.658Z,2026-08-31T21:16:41.151Z,7823,2026-08-31T21:16:41.151Z,D09,Murfreesboro,79f5b39e-d314-4ad3-8050-3ace553d67de,SAMMS-MurfreesboroV6
202608312116374531,202608311905654815,202608311905652236,85,4184,Bronze INV,br_ReAssessmentSocial,TASK_COMPLETE,SUCCESS,INFO,336,336,0,,2026-08-31T19:06:18.658Z,2026-08-31T21:16:41.151Z,7823,2026-08-31T21:16:41.151Z,DA,Davenport,79f5b39e-d314-4ad3-8050-3ace553d67de,SAMMS-Davenport
202608312116374532,202608311905654816,202608311905652236,85,4185,Bronze INV,br_ReAssessmentSocial,TASK_COMPLETE,SUCCESS,INFO,286,286,0,,2026-08-31T19:06:18.658Z,2026-08-31T21:16:41.151Z,7823,2026-08-31T21:16:41.151Z,DM,Des Moines,79f5b39e-d314-4ad3-8050-3ace553d67de,SAMMS-DesMoines
202608292054381823,202608291904436901,202608291904434406,85,4414,Bronze INV,br_ReAssessmentSubstanceUse,TASK_COMPLETE,SUCCESS,INFO,89,89,0,,2026-08-29T19:04:49.126Z,2026-08-29T20:54:41.421Z,6592,2026-08-29T20:54:41.421Z,RMD,Richmond,dd7385f2-fbd4-41a4-afcd-7296aca5e198,SAMMS-Richmond
202608292054381824,202608291904436902,202608291904434406,85,4415,Bronze INV,br_ReAssessmentSubstanceUse,TASK_COMPLETE,SUCCESS,INFO,594,594,0,,2026-08-29T19:04:49.126Z,2026-08-29T20:54:41.421Z,6592,2026-08-29T20:54:41.421Z,SFN,Springfield North,dd7385f2-fbd4-41a4-afcd-7296aca5e198,SAMMS-SFNv5
202608292054381825,202608291904436903,202608291904434406,85,4416,Bronze INV,br_ReAssessmentSubstanceUse,TASK_COMPLETE,SUCCESS,INFO,790,790,0,,2026-08-29T19:04:49.126Z,2026-08-29T20:54:41.421Z,6592,2026-08-29T20:54:41.421Z,SHP,Shreveport,dd7385f2-fbd4-41a4-afcd-7296aca5e198,SAMMS-Shreveport
202608292054381826,202608291904436904,202608291904434406,85,4418,Bronze INV,br_ReAssessmentSubstanceUse,TASK_COMPLETE,SUCCESS,INFO,488,488,0,,2026-08-29T19:04:49.126Z,2026-08-29T20:54:41.421Z,6592,2026-08-29T20:54:41.421Z,STN,Staunton,dd7385f2-fbd4-41a4-afcd-7296aca5e198,SAMMS-Staunton
202608292054381827,202608291904436905,202608291904434406,85,4419,Bronze INV,br_ReAssessmentSubstanceUse,TASK_COMPLETE,SUCCESS,INFO,228,228,0,,2026-08-29T19:04:49.126Z,2026-08-29T20:54:41.421Z,6592,2026-08-29T20:54:41.421Z,STVN,Stevenson,dd7385f2-fbd4-41a4-afcd-7296aca5e198,SAMMS-Stevenson
202608292054381828,202608291904436906,202608291904434406,85,4421,Bronze INV,br_ReAssessmentSubstanceUse,TASK_COMPLETE,SUCCESS,INFO,178,178,0,,2026-08-29T19:04:49.126Z,2026-08-29T20:54:41.421Z,6592,2026-08-29T20:54:41.421Z,TE,Tempe,dd7385f2-fbd4-41a4-afcd-7296aca5e198,SAMMS-Tempe
202608292054381829,202608291904436907,202608291904434406,85,4422,Bronze INV,br_ReAssessmentSubstanceUse,TASK_COMPLETE,SUCCESS,INFO,0,0,0,,2026-08-29T19:04:49.126Z,2026-08-29T20:54:41.421Z,6592,2026-08-29T20:54:41.421Z,TEX,Texarkana,dd7385f2-fbd4-41a4-afcd-7296aca5e198,SAMMS-Texarkana
202608292054381830,202608291904436908,202608291904434406,85,4423,Bronze INV,br_ReAssessmentSubstanceUse,TASK_COMPLETE,SUCCESS,INFO,1104,1104,0,,2026-08-29T19:04:49.126Z,2026-08-29T20:54:41.421Z,6592,2026-08-29T20:54:41.421Z,TTCA,Bessemer,dd7385f2-fbd4-41a4-afcd-7296aca5e198,SAMMS-BessemerV5
202608292054381831,202608291904436909,202608291904434406,85,4424,Bronze INV,br_ReAssessmentSubstanceUse,TASK_COMPLETE,SUCCESS,INFO,1326,1326,0,,2026-08-29T19:04:49.126Z,2026-08-29T20:54:41.421Z,6592,2026-08-29T20:54:41.421Z,TTCB,Cullman,dd7385f2-fbd4-41a4-afcd-7296aca5e198,SAMMS-CullmanV5
202608292054381833,202608291904436910,202608291904434406,85,4425,Bronze INV,br_ReAssessmentSubstanceUse,TASK_COMPLETE,SUCCESS,INFO,973,973,0,,2026-08-29T19:04:49.126Z,2026-08-29T20:54:41.421Z,6592,2026-08-29T20:54:41.421Z,TTCC,Grand Bay,dd7385f2-fbd4-41a4-afcd-7296aca5e198,SAMMS-GrandBay
202608292054381834,202608291904436911,202608291904434406,85,4426,Bronze INV,br_ReAssessmentSubstanceUse,TASK_COMPLETE,SUCCESS,INFO,17,17,0,,2026-08-29T19:04:49.126Z,2026-08-29T20:54:41.421Z,6592,2026-08-29T20:54:41.421Z,TU,Tucson,dd7385f2-fbd4-41a4-afcd-7296aca5e198,SAMMS-Tucson
202608292054381835,202608291904436912,202608291904434406,85,4428,Bronze INV,br_ReAssessmentSubstanceUse,TASK_COMPLETE,SUCCESS,INFO,663,663,0,,2026-08-29T19:04:49.126Z,2026-08-29T20:54:41.421Z,6592,2026-08-29T20:54:41.421Z,V1,Memphis South,dd7385f2-fbd4-41a4-afcd-7296aca5e198,SAMMS-VCPHCS-I-MemphisV5
202608292054381836,202608291904436913,202608291904434406,85,4429,Bronze INV,br_ReAssessmentSubstanceUse,TASK_COMPLETE,SUCCESS,INFO,1641,1641,0,,2026-08-29T19:04:49.126Z,2026-08-29T20:54:41.421Z,6592,2026-08-29T20:54:41.421Z,V10,Longmont,dd7385f2-fbd4-41a4-afcd-7296aca5e198,SAMMS-BoulderV5
202608292054381837,202608291904436914,202608291904434406,85,4430,Bronze INV,br_ReAssessmentSubstanceUse,TASK_COMPLETE,SUCCESS,INFO,1527,1527,0,,2026-08-29T19:04:49.126Z,2026-08-29T20:54:41.421Z,6592,2026-08-29T20:54:41.421Z,V10A,Fort Collins,dd7385f2-fbd4-41a4-afcd-7296aca5e198,SAMMS-FortCollinsV5
202608292054381838,202608291904436915,202608291904434406,85,4431,Bronze INV,br_ReAssessmentSubstanceUse,TASK_COMPLETE,SUCCESS,INFO,2896,2896,0,,2026-08-29T19:04:49.126Z,2026-08-29T20:54:41.421Z,6592,2026-08-29T20:54:41.421Z,V11,Westminster,dd7385f2-fbd4-41a4-afcd-7296aca5e198,SAMMS-VCPHCS-XI-NorthDenverV5
202608292054381839,202608291904436916,202608291904434406,85,4432,Bronze INV,br_ReAssessmentSubstanceUse,TASK_COMPLETE,SUCCESS,INFO,3073,3073,0,,2026-08-29T19:04:49.126Z,2026-08-29T20:54:41.421Z,6592,2026-08-29T20:54:41.421Z,V12,Downtown Denver,dd7385f2-fbd4-41a4-afcd-7296aca5e198,SAMMS-VCPHCS-XII-DowntownDenverV5
202608292054381840,202608291904436917,202608291904434406,85,4433,Bronze INV,br_ReAssessmentSubstanceUse,TASK_COMPLETE,SUCCESS,INFO,1148,1148,0,,2026-08-29T19:04:49.126Z,2026-08-29T20:54:41.421Z,6592,2026-08-29T20:54:41.421Z,V12A,Centennial,dd7385f2-fbd4-41a4-afcd-7296aca5e198,SAMMS-CentennialV5
202608292054381841,202608291904436918,202608291904434406,85,4434,Bronze INV,br_ReAssessmentSubstanceUse,TASK_COMPLETE,SUCCESS,INFO,301,301,0,,2026-08-29T19:04:49.126Z,2026-08-29T20:54:41.421Z,6592,2026-08-29T20:54:41.421Z,V14,Overland Park,dd7385f2-fbd4-41a4-afcd-7296aca5e198,SAMMS-VCPHCS-XIV-BridgewayV5
202608292054381842,202608291904436919,202608291904434406,85,4435,Bronze INV,br_ReAssessmentSubstanceUse,TASK_COMPLETE,SUCCESS,INFO,611,611,0,,2026-08-29T19:04:49.126Z,2026-08-29T20:54:41.421Z,6592,2026-08-29T20:54:41.421Z,V15,Joplin,dd7385f2-fbd4-41a4-afcd-7296aca5e198,SAMMS-JoplinV5
202608292054381843,202608291904436920,202608291904434406,85,4437,Bronze INV,br_ReAssessmentSubstanceUse,TASK_COMPLETE,SUCCESS,INFO,918,918,0,,2026-08-29T19:04:49.126Z,2026-08-29T20:54:41.421Z,6592,2026-08-29T20:54:41.421Z,V17,Columbia TN,dd7385f2-fbd4-41a4-afcd-7296aca5e198,SAMMS-ColumbiaTNv5
202608292054381844,202608291904436921,202608291904434406,85,4439,Bronze INV,br_ReAssessmentSubstanceUse,TASK_COMPLETE,SUCCESS,INFO,544,544,0,,2026-08-29T19:04:49.126Z,2026-08-29T20:54:41.421Z,6592,2026-08-29T20:54:41.421Z,V19,Jackson,dd7385f2-fbd4-41a4-afcd-7296aca5e198,SAMMS-JacksonV5
202608292054381846,202608291904436922,202608291904434406,85,4441,Bronze INV,br_ReAssessmentSubstanceUse,TASK_COMPLETE,SUCCESS,INFO,1815,1815,0,,2026-08-29T19:04:49.126Z,2026-08-29T20:54:41.421Z,6592,2026-08-29T20:54:41.421Z,V20,Paris,dd7385f2-fbd4-41a4-afcd-7296aca5e198,SAMMS-ParisV5
202608292054381847,202608291904436923,202608291904434406,85,4442,Bronze INV,br_ReAssessmentSubstanceUse,TASK_COMPLETE,SUCCESS,INFO,732,732,0,,2026-08-29T19:04:49.126Z,2026-08-29T20:54:41.421Z,6592,2026-08-29T20:54:41.421Z,V21,Memphis North,dd7385f2-fbd4-41a4-afcd-7296aca5e198,SAMMS-RaleighV5
202608292054381848,202608291904436924,202608291904434406,85,4445,Bronze INV,br_ReAssessmentSubstanceUse,TASK_COMPLETE,SUCCESS,INFO,1817,1817,0,,2026-08-29T19:04:49.126Z,2026-08-29T20:54:41.421Z,6592,2026-08-29T20:54:41.421Z,V5,West Bank,dd7385f2-fbd4-41a4-afcd-7296aca5e198,SAMMS-NONTCv5
202608292054381849,202608291904436925,202608291904434406,85,4447,Bronze INV,br_ReAssessmentSubstanceUse,TASK_COMPLETE,SUCCESS,INFO,150,150,0,,2026-08-29T19:04:49.126Z,2026-08-29T20:54:41.421Z,6592,2026-08-29T20:54:41.421Z,V5B,Houma,dd7385f2-fbd4-41a4-afcd-7296aca5e198,SAMMS-HoumaV6
202608292054381850,202608291904436926,202608291904434406,85,4448,Bronze INV,br_ReAssessmentSubstanceUse,TASK_COMPLETE,SUCCESS,INFO,1929,1929,0,,2026-08-29T19:04:49.126Z,2026-08-29T20:54:41.421Z,6592,2026-08-29T20:54:41.421Z,V6,Lake Charles,dd7385f2-fbd4-41a4-afcd-7296aca5e198,SAMMS-LCv5
202608292054381851,202608291904436927,202608291904434406,85,4450,Bronze INV,br_ReAssessmentSubstanceUse,TASK_COMPLETE,SUCCESS,INFO,748,748,0,,2026-08-29T19:04:49.126Z,2026-08-29T20:54:41.421Z,6592,2026-08-29T20:54:41.421Z,V8,Memphis Midtown,dd7385f2-fbd4-41a4-afcd-7296aca5e198,SAMMS-VCPHCS-VIII-MemphisV5
202608292054381852,202608291904436928,202608291904434406,85,4451,Bronze INV,br_ReAssessmentSubstanceUse,TASK_COMPLETE,SUCCESS,INFO,1785,1785,0,,2026-08-29T19:04:49.126Z,2026-08-29T20:54:41.421Z,6592,2026-08-29T20:54:41.421Z,V9,Nashville,dd7385f2-fbd4-41a4-afcd-7296aca5e198,SAMMS-NashvilleV5
202608292054381853,202608291904436929,202608291904434406,85,4452,Bronze INV,br_ReAssessmentSubstanceUse,TASK_COMPLETE,SUCCESS,INFO,854,854,0,,2026-08-29T19:04:49.126Z,2026-08-29T20:54:41.421Z,6592,2026-08-29T20:54:41.421Z,VBRA,Brainerd,dd7385f2-fbd4-41a4-afcd-7296aca5e198,SAMMS-BrainerdV6
202608292054381854,202608291904436930,202608291904434406,85,4453,Bronze INV,br_ReAssessmentSubstanceUse,TASK_COMPLETE,SUCCESS,INFO,1988,1988,0,,2026-08-29T19:04:49.126Z,2026-08-29T20:54:41.421Z,6592,2026-08-29T20:54:41.421Z,VBRP,Brooklyn Park,dd7385f2-fbd4-41a4-afcd-7296aca5e198,SAMMS-BrooklynParkV6
202608292054381855,202608291904436931,202608291904434406,85,4455,Bronze INV,br_ReAssessmentSubstanceUse,TASK_COMPLETE,SUCCESS,INFO,764,764,0,,2026-08-29T19:04:49.126Z,2026-08-29T20:54:41.421Z,6592,2026-08-29T20:54:41.421Z,VMIN,Minneapolis,dd7385f2-fbd4-41a4-afcd-7296aca5e198,SAMMS-MinneapolisV6
202608292054381856,202608291904436932,202608291904434406,85,4456,Bronze INV,br_ReAssessmentSubstanceUse,TASK_COMPLETE,SUCCESS,INFO,920,920,0,,2026-08-29T19:04:49.126Z,2026-08-29T20:54:41.421Z,6592,2026-08-29T20:54:41.421Z,VWBY,Woodbury,dd7385f2-fbd4-41a4-afcd-7296aca5e198,SAMMS-WoodburyV6
202608292054381857,202608291904436933,202608291904434406,85,4458,Bronze INV,br_ReAssessmentSubstanceUse,TASK_COMPLETE,SUCCESS,INFO,162,162,0,,2026-08-29T19:04:49.126Z,2026-08-29T20:54:41.421Z,6592,2026-08-29T20:54:41.421Z,WIL,Wilson,dd7385f2-fbd4-41a4-afcd-7296aca5e198,SAMMS-Wilson
202608292054381859,202608291904436934,202608291904434406,85,4094,Bronze INV,br_ReAssessmentSocial,TASK_COMPLETE,SUCCESS,INFO,35,35,0,,2026-08-29T19:04:49.126Z,2026-08-29T20:54:41.421Z,6592,2026-08-29T20:54:41.421Z,AHK,Ahoskie,dd7385f2-fbd4-41a4-afcd-7296aca5e198,SAMMS-Ahoskie
202608292054381860,202608291904436935,202608291904434406,85,4095,Bronze INV,br_ReAssessmentSocial,TASK_COMPLETE,SUCCESS,INFO,662,662,0,,2026-08-29T19:04:49.126Z,2026-08-29T20:54:41.421Z,6592,2026-08-29T20:54:41.421Z,B12B,Colorado Springs,dd7385f2-fbd4-41a4-afcd-7296aca5e198,SAMMS-ColoradoSpringsV5
202608292054381861,202608291904436936,202608291904434406,85,4096,Bronze INV,br_ReAssessmentSocial,TASK_COMPLETE,SUCCESS,INFO,826,826,0,,2026-08-29T19:04:49.126Z,2026-08-29T20:54:41.421Z,6592,2026-08-29T20:54:41.421Z,B24,Paintsville,dd7385f2-fbd4-41a4-afcd-7296aca5e198,SAMMS-PaintsvilleV5
202608292054381862,202608291904436937,202608291904434406,85,4097,Bronze INV,br_ReAssessmentSocial,TASK_COMPLETE,SUCCESS,INFO,646,646,0,,2026-08-29T19:04:49.126Z,2026-08-29T20:54:41.421Z,6592,2026-08-29T20:54:41.421Z,B25,Pikeville,dd7385f2-fbd4-41a4-afcd-7296aca5e198,SAMMS-PikevilleV5
202608292054381863,202608291904436938,202608291904434406,85,4098,Bronze INV,br_ReAssessmentSocial,TASK_COMPLETE,SUCCESS,INFO,971,971,0,,2026-08-29T19:04:49.126Z,2026-08-29T20:54:41.421Z,6592,2026-08-29T20:54:41.421Z,B26,Hazard,dd7385f2-fbd4-41a4-afcd-7296aca5e198,SAMMS-HazardV5
202608292054381864,202608291904436939,202608291904434406,85,4099,Bronze INV,br_ReAssessmentSocial,TASK_COMPLETE,SUCCESS,INFO,531,531,0,,2026-08-29T19:04:49.126Z,2026-08-29T20:54:41.421Z,6592,2026-08-29T20:54:41.421Z,B27,Savannah,dd7385f2-fbd4-41a4-afcd-7296aca5e198,SAMMS-SavannahV6
202608292054381865,202608291904436940,202608291904434406,85,4100,Bronze INV,br_ReAssessmentSocial,TASK_COMPLETE,SUCCESS,INFO,245,245,0,,2026-08-29T19:04:49.126Z,2026-08-29T20:54:41.421Z,6592,2026-08-29T20:54:41.421Z,B28,West Plains,dd7385f2-fbd4-41a4-afcd-7296aca5e198,SAMMS-WestPlainesV5
202608292054381866,202608291904436941,202608291904434406,85,4101,Bronze INV,br_ReAssessmentSocial,TASK_COMPLETE,SUCCESS,INFO,461,461,0,,2026-08-29T19:04:49.126Z,2026-08-29T20:54:41.421Z,6592,2026-08-29T20:54:41.421Z,B29,Poplar Bluff,dd7385f2-fbd4-41a4-afcd-7296aca5e198,SAMMS-PoplarBluffV5
202608292054381867,202608291904436942,202608291904434406,85,4102,Bronze INV,br_ReAssessmentSocial,TASK_COMPLETE,SUCCESS,INFO,77,77,0,,2026-08-29T19:04:49.126Z,2026-08-29T20:54:41.421Z,6592,2026-08-29T20:54:41.421Z,B30,KC North,dd7385f2-fbd4-41a4-afcd-7296aca5e198,SAMMS-KCNv5
202608292054381868,202608291904436943,202608291904434406,85,4103,Bronze INV,br_ReAssessmentSocial,TASK_COMPLETE,SUCCESS,INFO,401,401,0,,2026-08-29T19:04:49.126Z,2026-08-29T20:54:41.421Z,6592,2026-08-29T20:54:41.421Z,B31,Dyersburg,dd7385f2-fbd4-41a4-afcd-7296aca5e198,SAMMS-DyersburgV5
202608292054381869,202608291904436944,202608291904434406,85,4105,Bronze INV,br_ReAssessmentSocial,TASK_COMPLETE,SUCCESS,INFO,487,487,0,,2026-08-29T19:04:49.126Z,2026-08-29T20:54:41.421Z,6592,2026-08-29T20:54:41.421Z,B33,Paducah,dd7385f2-fbd4-41a4-afcd-7296aca5e198,SAMMS-Paducah
202608292054381871,202608291904436945,202608291904434406,85,4106,Bronze INV,br_ReAssessmentSocial,TASK_COMPLETE,SUCCESS,INFO,384,384,0,,2026-08-29T19:04:49.126Z,2026-08-29T20:54:41.421Z,6592,2026-08-29T20:54:41.421Z,B34,Corbin,dd7385f2-fbd4-41a4-afcd-7296aca5e198,SAMMS-CorbinV5
202608292054381872,202608291904436946,202608291904434406,85,4107,Bronze INV,br_ReAssessmentSocial,TASK_COMPLETE,SUCCESS,INFO,239,239,0,,2026-08-29T19:04:49.126Z,2026-08-29T20:54:41.421Z,6592,2026-08-29T20:54:41.421Z,B35,Lexington,dd7385f2-fbd4-41a4-afcd-7296aca5e198,SAMMS-LexingtonV5
202608292054381873,202608291904436947,202608291904434406,85,4108,Bronze INV,br_ReAssessmentSocial,TASK_COMPLETE,SUCCESS,INFO,77,77,0,,2026-08-29T19:04:49.126Z,2026-08-29T20:54:41.421Z,6592,2026-08-29T20:54:41.421Z,B35A,Berea,dd7385f2-fbd4-41a4-afcd-7296aca5e198,SAMMS-BereaV5
202608292054381874,202608291904436948,202608291904434406,85,4109,Bronze INV,br_ReAssessmentSocial,TASK_COMPLETE,SUCCESS,INFO,20,20,0,,2026-08-29T19:04:49.126Z,2026-08-29T20:54:41.421Z,6592,2026-08-29T20:54:41.421Z,B36,Asheville,dd7385f2-fbd4-41a4-afcd-7296aca5e198,SAMMS-AshevilleV5
202608292054381875,202608291904436949,202608291904434406,85,4110,Bronze INV,br_ReAssessmentSocial,TASK_COMPLETE,SUCCESS,INFO,1,1,0,,2026-08-29T19:04:49.126Z,2026-08-29T20:54:41.421Z,6592,2026-08-29T20:54:41.421Z,B37,Clyde,dd7385f2-fbd4-41a4-afcd-7296aca5e198,SAMMS-ClydeV5
202608292054381876,202608291904436950,202608291904434406,85,4111,Bronze INV,br_ReAssessmentSocial,TASK_COMPLETE,SUCCESS,INFO,1186,1186,0,,2026-08-29T19:04:49.126Z,2026-08-29T20:54:41.421Z,6592,2026-08-29T20:54:41.421Z,B38,Spartanburg,dd7385f2-fbd4-41a4-afcd-7296aca5e198,SAMMS-SpartanburgV5
202608292054381877,202608291904436951,202608291904434406,85,4112,Bronze INV,br_ReAssessmentSocial,TASK_COMPLETE,SUCCESS,INFO,361,361,0,,2026-08-29T19:04:49.126Z,2026-08-29T20:54:41.421Z,6592,2026-08-29T20:54:41.421Z,B39,Aiken,dd7385f2-fbd4-41a4-afcd-7296aca5e198,SAMMS-AikenV5
202608292054381878,202608291904436952,202608291904434406,85,4113,Bronze INV,br_ReAssessmentSocial,TASK_COMPLETE,SUCCESS,INFO,1887,1887,0,,2026-08-29T19:04:49.126Z,2026-08-29T20:54:41.421Z,6592,2026-08-29T20:54:41.421Z,B41,Chesapeake,dd7385f2-fbd4-41a4-afcd-7296aca5e198,SAMMS-ChesapeakeV5
202608292054381879,202608291904436953,202608291904434406,85,4114,Bronze INV,br_ReAssessmentSocial,TASK_COMPLETE,SUCCESS,INFO,1911,1911,0,,2026-08-29T19:04:49.126Z,2026-08-29T20:54:41.421Z,6592,2026-08-29T20:54:41.421Z,B42,Virginia Beach,dd7385f2-fbd4-41a4-afcd-7296aca5e198,SAMMS-VirginiaBeachV5
202608292054381880,202608291904436954,202608291904434406,85,4115,Bronze INV,br_ReAssessmentSocial,TASK_COMPLETE,SUCCESS,INFO,925,925,0,,2026-08-29T19:04:49.126Z,2026-08-29T20:54:41.421Z,6592,2026-08-29T20:54:41.421Z,B42A,Newport News,dd7385f2-fbd4-41a4-afcd-7296aca5e198,SAMMS-NewportNewsV5
202608292054381881,202608291904436955,202608291904434406,85,4116,Bronze INV,br_ReAssessmentSocial,TASK_COMPLETE,SUCCESS,INFO,507,507,0,,2026-08-29T19:04:49.126Z,2026-08-29T20:54:41.421Z,6592,2026-08-29T20:54:41.421Z,B42B,Franklin,dd7385f2-fbd4-41a4-afcd-7296aca5e198,SAMMS-FranklinV5
202608292054381883,202608291904436956,202608291904434406,85,4117,Bronze INV,br_ReAssessmentSocial,TASK_COMPLETE,SUCCESS,INFO,340,340,0,,2026-08-29T19:04:49.126Z,2026-08-29T20:54:41.421Z,6592,2026-08-29T20:54:41.421Z,B42C,Glen Allen,dd7385f2-fbd4-41a4-afcd-7296aca5e198,SAMMS-GlenAllenV5
202608292054381884,202608291904436957,202608291904434406,85,4118,Bronze INV,br_ReAssessmentSocial,TASK_COMPLETE,SUCCESS,INFO,1480,1480,0,,2026-08-29T19:04:49.126Z,2026-08-29T20:54:41.421Z,6592,2026-08-29T20:54:41.421Z,B42D,Chesapeake South,dd7385f2-fbd4-41a4-afcd-7296aca5e198,SAMMS-ChesapeakeSouthV5
202608292054381885,202608291904436958,202608291904434406,85,4119,Bronze INV,br_ReAssessmentSocial,TASK_COMPLETE,SUCCESS,INFO,632,632,0,,2026-08-29T19:04:49.126Z,2026-08-29T20:54:41.421Z,6592,2026-08-29T20:54:41.421Z,B44,Albany,dd7385f2-fbd4-41a4-afcd-7296aca5e198,SAMMS-AlbanyV5
202608292054381886,202608291904436959,202608291904434406,85,4120,Bronze INV,br_ReAssessmentSocial,TASK_COMPLETE,SUCCESS,INFO,1268,1268,0,,2026-08-29T19:04:49.126Z,2026-08-29T20:54:41.421Z,6592,2026-08-29T20:54:41.421Z,B45,Tifton,dd7385f2-fbd4-41a4-afcd-7296aca5e198,SAMMS-TiftonV5
202608292054381887,202608291904436960,202608291904434406,85,4121,Bronze INV,br_ReAssessmentSocial,TASK_COMPLETE,SUCCESS,INFO,588,588,0,,2026-08-29T19:04:49.126Z,2026-08-29T20:54:41.421Z,6592,2026-08-29T20:54:41.421Z,B46,Washington DC,dd7385f2-fbd4-41a4-afcd-7296aca5e198,SAMMS-WashingtonDCv5
202608292054381888,202608291904436961,202608291904434406,85,4122,Bronze INV,br_ReAssessmentSocial,TASK_COMPLETE,SUCCESS,INFO,1558,1558,0,,2026-08-29T19:04:49.126Z,2026-08-29T20:54:41.421Z,6592,2026-08-29T20:54:41.421Z,B47,Mobile,dd7385f2-fbd4-41a4-afcd-7296aca5e198,SAMMS-MobileV5
202608292054381889,202608291904436962,202608291904434406,85,4123,Bronze INV,br_ReAssessmentSocial,TASK_COMPLETE,SUCCESS,INFO,1294,1294,0,,2026-08-29T19:04:49.126Z,2026-08-29T20:54:41.421Z,6592,2026-08-29T20:54:41.421Z,B48,Tuscaloosa,dd7385f2-fbd4-41a4-afcd-7296aca5e198,SAMMS-TuscaloosaV5
202608292054381890,202608291904436963,202608291904434406,85,4132,Bronze INV,br_ReAssessmentSocial,TASK_COMPLETE,SUCCESS,INFO,2,2,0,,2026-08-29T19:04:49.126Z,2026-08-29T20:54:41.421Z,6592,2026-08-29T20:54:41.421Z,B51,N. Little Rock (OTP),dd7385f2-fbd4-41a4-afcd-7296aca5e198,SAMMS-NorthLittleRockV6
202608292054381891,202608291904436964,202608291904434406,85,4133,Bronze INV,br_ReAssessmentSocial,TASK_COMPLETE,SUCCESS,INFO,453,453,0,,2026-08-29T19:04:49.126Z,2026-08-29T20:54:41.421Z,6592,2026-08-29T20:54:41.421Z,B52,Jackson GA,dd7385f2-fbd4-41a4-afcd-7296aca5e198,SAMMS-JacksonGAV5
202608292054381892,202608291904436965,202608291904434406,85,4134,Bronze INV,br_ReAssessmentSocial,TASK_COMPLETE,SUCCESS,INFO,1702,1702,0,,2026-08-29T19:04:49.126Z,2026-08-29T20:54:41.421Z,6592,2026-08-29T20:54:41.421Z,B54,Gadsden,dd7385f2-fbd4-41a4-afcd-7296aca5e198,SAMMS-GadsdenV5
202608292054381893,202608291904436966,202608291904434406,85,4135,Bronze INV,br_ReAssessmentSocial,TASK_COMPLETE,SUCCESS,INFO,945,945,0,,2026-08-29T19:04:49.126Z,2026-08-29T20:54:41.421Z,6592,2026-08-29T20:54:41.421Z,B55,Shoals,dd7385f2-fbd4-41a4-afcd-7296aca5e198,SAMMS-ShoalsV5
202608292054381894,202608291904436967,202608291904434406,85,4136,Bronze INV,br_ReAssessmentSocial,TASK_COMPLETE,SUCCESS,INFO,294,294,0,,2026-08-29T19:04:49.126Z,2026-08-29T20:54:41.421Z,6592,2026-08-29T20:54:41.421Z,B57,Pawtucket,dd7385f2-fbd4-41a4-afcd-7296aca5e198,SAMMS-Pawtucket
202608292054381896,202608291904436968,202608291904434406,85,4137,Bronze INV,br_ReAssessmentSocial,TASK_COMPLETE,SUCCESS,INFO,550,550,0,,2026-08-29T19:04:49.126Z,2026-08-29T20:54:41.421Z,6592,2026-08-29T20:54:41.421Z,B57A,Johnston,dd7385f2-fbd4-41a4-afcd-7296aca5e198,SAMMS-Johnston
202608292054381897,202608291904436969,202608291904434406,85,4138,Bronze INV,br_ReAssessmentSocial,TASK_COMPLETE,SUCCESS,INFO,166,166,0,,2026-08-29T19:04:49.126Z,2026-08-29T20:54:41.421Z,6592,2026-08-29T20:54:41.421Z,B57B,Middletown,dd7385f2-fbd4-41a4-afcd-7296aca5e198,SAMMS-Middletown
202608292054381898,202608291904436970,202608291904434406,85,4139,Bronze INV,br_ReAssessmentSocial,TASK_COMPLETE,SUCCESS,INFO,410,410,0,,2026-08-29T19:04:49.126Z,2026-08-29T20:54:41.421Z,6592,2026-08-29T20:54:41.421Z,B57C,Providence,dd7385f2-fbd4-41a4-afcd-7296aca5e198,SAMMS-Providence
202608292054381899,202608291904436971,202608291904434406,85,4140,Bronze INV,br_ReAssessmentSocial,TASK_COMPLETE,SUCCESS,INFO,621,621,0,,2026-08-29T19:04:49.126Z,2026-08-29T20:54:41.421Z,6592,2026-08-29T20:54:41.421Z,B57D,Westerly,dd7385f2-fbd4-41a4-afcd-7296aca5e198,SAMMS-Westerly
202608292054381900,202608291904436972,202608291904434406,85,4144,Bronze INV,br_ReAssessmentSocial,TASK_COMPLETE,SUCCESS,INFO,4,4,0,,2026-08-29T19:04:49.126Z,2026-08-29T20:54:41.421Z,6592,2026-08-29T20:54:41.421Z,B66A,Bremen,dd7385f2-fbd4-41a4-afcd-7296aca5e198,SAMMS-Bremen
202608292054381901,202608291904436973,202608291904434406,85,4147,Bronze INV,br_ReAssessmentSocial,TASK_COMPLETE,SUCCESS,INFO,0,0,0,,2026-08-29T19:04:49.126Z,2026-08-29T20:54:41.421Z,6592,2026-08-29T20:54:41.421Z,B72,Mobile (OBOT),dd7385f2-fbd4-41a4-afcd-7296aca5e198,SAMMS-Mobile-OBOT
202608292054381902,202608291904436974,202608291904434406,85,4148,Bronze INV,br_ReAssessmentSocial,TASK_COMPLETE,SUCCESS,INFO,0,0,0,,2026-08-29T19:04:49.126Z,2026-08-29T20:54:41.421Z,6592,2026-08-29T20:54:41.421Z,B73,Montgomery,dd7385f2-fbd4-41a4-afcd-7296aca5e198,SAMMS-Montgomery
202608292054381903,202608291904436975,202608291904434406,85,4149,Bronze INV,br_ReAssessmentSocial,TASK_COMPLETE,SUCCESS,INFO,516,516,0,,2026-08-29T19:04:49.126Z,2026-08-29T20:54:41.421Z,6592,2026-08-29T20:54:41.421Z,B75,Lawrence,dd7385f2-fbd4-41a4-afcd-7296aca5e198,SAMMS-LawrenceV6
202608292054381904,202608291904436976,202608291904434406,85,4150,Bronze INV,br_ReAssessmentSocial,TASK_COMPLETE,SUCCESS,INFO,0,0,0,,2026-08-29T19:04:49.126Z,2026-08-29T20:54:41.421Z,6592,2026-08-29T20:54:41.421Z,B76,Huntsville OBOT,dd7385f2-fbd4-41a4-afcd-7296aca5e198,SAMMS-Huntsville-OBOT
202608292054381905,202608291904436977,202608291904434406,85,4151,Bronze INV,br_ReAssessmentSocial,TASK_COMPLETE,SUCCESS,INFO,0,0,0,,2026-08-29T19:04:49.126Z,2026-08-29T20:54:41.421Z,6592,2026-08-29T20:54:41.421Z,BAT,Batesville,dd7385f2-fbd4-41a4-afcd-7296aca5e198,SAMMS-Batesville
202608292054381906,202608291904436978,202608291904434406,85,4152,Bronze INV,br_ReAssessmentSocial,TASK_COMPLETE,SUCCESS,INFO,460,460,0,,2026-08-29T19:04:49.126Z,2026-08-29T20:54:41.421Z,6592,2026-08-29T20:54:41.421Z,BG,Bowling Green,dd7385f2-fbd4-41a4-afcd-7296aca5e198,SAMMS-BowlingGreen
202608292054381908,202608291904436979,202608291904434406,85,4153,Bronze INV,br_ReAssessmentSocial,TASK_COMPLETE,SUCCESS,INFO,180,180,0,,2026-08-29T19:04:49.126Z,2026-08-29T20:54:41.421Z,6592,2026-08-29T20:54:41.421Z,BOI,Boise,dd7385f2-fbd4-41a4-afcd-7296aca5e198,SAMMS-Boise
202608292054381909,202608291904436980,202608291904434406,85,4160,Bronze INV,br_ReAssessmentSocial,TASK_COMPLETE,SUCCESS,INFO,51,51,0,,2026-08-29T19:04:49.126Z,2026-08-29T20:54:41.421Z,6592,2026-08-29T20:54:41.421Z,CBCO,Coeur dAlene,dd7385f2-fbd4-41a4-afcd-7296aca5e198,SAMMS-CoeurdAleneV6
202608292054381910,202608291904436981,202608291904434406,85,4179,Bronze INV,br_ReAssessmentSocial,TASK_COMPLETE,SUCCESS,INFO,0,0,0,,2026-08-29T19:04:49.126Z,2026-08-29T20:54:41.421Z,6592,2026-08-29T20:54:41.421Z,CON,Conway,dd7385f2-fbd4-41a4-afcd-7296aca5e198,SAMMS-Conway
202608292054381911,202608291904436982,202608291904434406,85,4180,Bronze INV,br_ReAssessmentSocial,TASK_COMPLETE,SUCCESS,INFO,2568,2568,0,,2026-08-29T19:04:49.126Z,2026-08-29T20:54:41.421Z,6592,2026-08-29T20:54:41.421Z,D07,Medical Services Knox TN,dd7385f2-fbd4-41a4-afcd-7296aca5e198,SAMMS-KnoxvilleV6
202608292054381912,202608291904436983,202608291904434406,85,4181,Bronze INV,br_ReAssessmentSocial,TASK_COMPLETE,SUCCESS,INFO,111,111,0,,2026-08-29T19:04:49.126Z,2026-08-29T20:54:41.421Z,6592,2026-08-29T20:54:41.421Z,D08,Madison,dd7385f2-fbd4-41a4-afcd-7296aca5e198,SAMMS-MadisonV6
202608292054381913,202608291904436984,202608291904434406,85,4183,Bronze INV,br_ReAssessmentSocial,TASK_COMPLETE,SUCCESS,INFO,118,118,0,,2026-08-29T19:04:49.126Z,2026-08-29T20:54:41.421Z,6592,2026-08-29T20:54:41.421Z,D09,Murfreesboro,dd7385f2-fbd4-41a4-afcd-7296aca5e198,SAMMS-MurfreesboroV6
202608292054381914,202608291904436985,202608291904434406,85,4184,Bronze INV,br_ReAssessmentSocial,TASK_COMPLETE,SUCCESS,INFO,336,336,0,,2026-08-29T19:04:49.126Z,2026-08-29T20:54:41.421Z,6592,2026-08-29T20:54:41.421Z,DA,Davenport,dd7385f2-fbd4-41a4-afcd-7296aca5e198,SAMMS-Davenport
202608292054381915,202608291904436986,202608291904434406,85,4185,Bronze INV,br_ReAssessmentSocial,TASK_COMPLETE,SUCCESS,INFO,286,286,0,,2026-08-29T19:04:49.126Z,2026-08-29T20:54:41.421Z,6592,2026-08-29T20:54:41.421Z,DM,Des Moines,dd7385f2-fbd4-41a4-afcd-7296aca5e198,SAMMS-DesMoines
202609022122573166,202609021903208570,202609021903206075,85,4414,Bronze INV,br_ReAssessmentSubstanceUse,TASK_COMPLETE,SUCCESS,INFO,89,89,0,,2026-09-02T19:03:39.838Z,2026-09-02T21:23:00.812Z,8361,2026-09-02T21:23:00.812Z,RMD,Richmond,c49685cc-3281-44bc-a1c2-3be5b1110999,SAMMS-Richmond
202609022122573167,202609021903208571,202609021903206075,85,4415,Bronze INV,br_ReAssessmentSubstanceUse,TASK_COMPLETE,SUCCESS,INFO,594,594,0,,2026-09-02T19:03:39.838Z,2026-09-02T21:23:00.812Z,8361,2026-09-02T21:23:00.812Z,SFN,Springfield North,c49685cc-3281-44bc-a1c2-3be5b1110999,SAMMS-SFNv5
202609022122573168,202609021903208572,202609021903206075,85,4416,Bronze INV,br_ReAssessmentSubstanceUse,TASK_COMPLETE,SUCCESS,INFO,790,790,0,,2026-09-02T19:03:39.838Z,2026-09-02T21:23:00.812Z,8361,2026-09-02T21:23:00.812Z,SHP,Shreveport,c49685cc-3281-44bc-a1c2-3be5b1110999,SAMMS-Shreveport
202609022122573169,202609021903208573,202609021903206075,85,4418,Bronze INV,br_ReAssessmentSubstanceUse,TASK_COMPLETE,SUCCESS,INFO,488,488,0,,2026-09-02T19:03:39.838Z,2026-09-02T21:23:00.812Z,8361,2026-09-02T21:23:00.812Z,STN,Staunton,c49685cc-3281-44bc-a1c2-3be5b1110999,SAMMS-Staunton
202609022122573170,202609021903208574,202609021903206075,85,4419,Bronze INV,br_ReAssessmentSubstanceUse,TASK_COMPLETE,SUCCESS,INFO,228,228,0,,2026-09-02T19:03:39.838Z,2026-09-02T21:23:00.812Z,8361,2026-09-02T21:23:00.812Z,STVN,Stevenson,c49685cc-3281-44bc-a1c2-3be5b1110999,SAMMS-Stevenson
202609022122573171,202609021903208575,202609021903206075,85,4421,Bronze INV,br_ReAssessmentSubstanceUse,TASK_COMPLETE,SUCCESS,INFO,178,178,0,,2026-09-02T19:03:39.838Z,2026-09-02T21:23:00.812Z,8361,2026-09-02T21:23:00.812Z,TE,Tempe,c49685cc-3281-44bc-a1c2-3be5b1110999,SAMMS-Tempe
202609022122573172,202609021903208576,202609021903206075,85,4422,Bronze INV,br_ReAssessmentSubstanceUse,TASK_COMPLETE,SUCCESS,INFO,0,0,0,,2026-09-02T19:03:39.838Z,2026-09-02T21:23:00.812Z,8361,2026-09-02T21:23:00.812Z,TEX,Texarkana,c49685cc-3281-44bc-a1c2-3be5b1110999,SAMMS-Texarkana
202609022122573173,202609021903208577,202609021903206075,85,4423,Bronze INV,br_ReAssessmentSubstanceUse,TASK_COMPLETE,SUCCESS,INFO,1104,1104,0,,2026-09-02T19:03:39.838Z,2026-09-02T21:23:00.812Z,8361,2026-09-02T21:23:00.812Z,TTCA,Bessemer,c49685cc-3281-44bc-a1c2-3be5b1110999,SAMMS-BessemerV5
202609022122573174,202609021903208578,202609021903206075,85,4424,Bronze INV,br_ReAssessmentSubstanceUse,TASK_COMPLETE,SUCCESS,INFO,1326,1326,0,,2026-09-02T19:03:39.838Z,2026-09-02T21:23:00.812Z,8361,2026-09-02T21:23:00.812Z,TTCB,Cullman,c49685cc-3281-44bc-a1c2-3be5b1110999,SAMMS-CullmanV5
202609022122573175,202609021903208579,202609021903206075,85,4425,Bronze INV,br_ReAssessmentSubstanceUse,TASK_COMPLETE,SUCCESS,INFO,973,973,0,,2026-09-02T19:03:39.838Z,2026-09-02T21:23:00.812Z,8361,2026-09-02T21:23:00.812Z,TTCC,Grand Bay,c49685cc-3281-44bc-a1c2-3be5b1110999,SAMMS-GrandBay
202609022122573176,202609021903208580,202609021903206075,85,4426,Bronze INV,br_ReAssessmentSubstanceUse,TASK_COMPLETE,SUCCESS,INFO,17,17,0,,2026-09-02T19:03:39.838Z,2026-09-02T21:23:00.812Z,8361,2026-09-02T21:23:00.812Z,TU,Tucson,c49685cc-3281-44bc-a1c2-3be5b1110999,SAMMS-Tucson
202609022122573178,202609021903208581,202609021903206075,85,4428,Bronze INV,br_ReAssessmentSubstanceUse,TASK_COMPLETE,SUCCESS,INFO,663,663,0,,2026-09-02T19:03:39.838Z,2026-09-02T21:23:00.812Z,8361,2026-09-02T21:23:00.812Z,V1,Memphis South,c49685cc-3281-44bc-a1c2-3be5b1110999,SAMMS-VCPHCS-I-MemphisV5
202609022122573179,202609021903208582,202609021903206075,85,4429,Bronze INV,br_ReAssessmentSubstanceUse,TASK_COMPLETE,SUCCESS,INFO,1641,1641,0,,2026-09-02T19:03:39.838Z,2026-09-02T21:23:00.812Z,8361,2026-09-02T21:23:00.812Z,V10,Longmont,c49685cc-3281-44bc-a1c2-3be5b1110999,SAMMS-BoulderV5
202609022122573180,202609021903208583,202609021903206075,85,4430,Bronze INV,br_ReAssessmentSubstanceUse,TASK_COMPLETE,SUCCESS,INFO,1527,1527,0,,2026-09-02T19:03:39.838Z,2026-09-02T21:23:00.812Z,8361,2026-09-02T21:23:00.812Z,V10A,Fort Collins,c49685cc-3281-44bc-a1c2-3be5b1110999,SAMMS-FortCollinsV5
202609022122573181,202609021903208584,202609021903206075,85,4431,Bronze INV,br_ReAssessmentSubstanceUse,TASK_COMPLETE,SUCCESS,INFO,2896,2896,0,,2026-09-02T19:03:39.838Z,2026-09-02T21:23:00.812Z,8361,2026-09-02T21:23:00.812Z,V11,Westminster,c49685cc-3281-44bc-a1c2-3be5b1110999,SAMMS-VCPHCS-XI-NorthDenverV5
202609022122573182,202609021903208585,202609021903206075,85,4432,Bronze INV,br_ReAssessmentSubstanceUse,TASK_COMPLETE,SUCCESS,INFO,3073,3073,0,,2026-09-02T19:03:39.838Z,2026-09-02T21:23:00.812Z,8361,2026-09-02T21:23:00.812Z,V12,Downtown Denver,c49685cc-3281-44bc-a1c2-3be5b1110999,SAMMS-VCPHCS-XII-DowntownDenverV5
202609022122573183,202609021903208586,202609021903206075,85,4433,Bronze INV,br_ReAssessmentSubstanceUse,TASK_COMPLETE,SUCCESS,INFO,1148,1148,0,,2026-09-02T19:03:39.838Z,2026-09-02T21:23:00.812Z,8361,2026-09-02T21:23:00.812Z,V12A,Centennial,c49685cc-3281-44bc-a1c2-3be5b1110999,SAMMS-CentennialV5
202609022122573184,202609021903208587,202609021903206075,85,4434,Bronze INV,br_ReAssessmentSubstanceUse,TASK_COMPLETE,SUCCESS,INFO,301,301,0,,2026-09-02T19:03:39.838Z,2026-09-02T21:23:00.812Z,8361,2026-09-02T21:23:00.812Z,V14,Overland Park,c49685cc-3281-44bc-a1c2-3be5b1110999,SAMMS-VCPHCS-XIV-BridgewayV5
202609022122573185,202609021903208588,202609021903206075,85,4435,Bronze INV,br_ReAssessmentSubstanceUse,TASK_COMPLETE,SUCCESS,INFO,611,611,0,,2026-09-02T19:03:39.838Z,2026-09-02T21:23:00.812Z,8361,2026-09-02T21:23:00.812Z,V15,Joplin,c49685cc-3281-44bc-a1c2-3be5b1110999,SAMMS-JoplinV5
202609022122573186,202609021903208589,202609021903206075,85,4437,Bronze INV,br_ReAssessmentSubstanceUse,TASK_COMPLETE,SUCCESS,INFO,918,918,0,,2026-09-02T19:03:39.838Z,2026-09-02T21:23:00.812Z,8361,2026-09-02T21:23:00.812Z,V17,Columbia TN,c49685cc-3281-44bc-a1c2-3be5b1110999,SAMMS-ColumbiaTNv5
202609022122573188,202609021903208590,202609021903206075,85,4439,Bronze INV,br_ReAssessmentSubstanceUse,TASK_COMPLETE,SUCCESS,INFO,544,544,0,,2026-09-02T19:03:39.838Z,2026-09-02T21:23:00.812Z,8361,2026-09-02T21:23:00.812Z,V19,Jackson,c49685cc-3281-44bc-a1c2-3be5b1110999,SAMMS-JacksonV5
202609022122573189,202609021903208591,202609021903206075,85,4441,Bronze INV,br_ReAssessmentSubstanceUse,TASK_COMPLETE,SUCCESS,INFO,1815,1815,0,,2026-09-02T19:03:39.838Z,2026-09-02T21:23:00.812Z,8361,2026-09-02T21:23:00.812Z,V20,Paris,c49685cc-3281-44bc-a1c2-3be5b1110999,SAMMS-ParisV5
202609022122573190,202609021903208592,202609021903206075,85,4442,Bronze INV,br_ReAssessmentSubstanceUse,TASK_COMPLETE,SUCCESS,INFO,732,732,0,,2026-09-02T19:03:39.838Z,2026-09-02T21:23:00.812Z,8361,2026-09-02T21:23:00.812Z,V21,Memphis North,c49685cc-3281-44bc-a1c2-3be5b1110999,SAMMS-RaleighV5
202609022122573191,202609021903208593,202609021903206075,85,4445,Bronze INV,br_ReAssessmentSubstanceUse,TASK_COMPLETE,SUCCESS,INFO,1817,1817,0,,2026-09-02T19:03:39.838Z,2026-09-02T21:23:00.812Z,8361,2026-09-02T21:23:00.812Z,V5,West Bank,c49685cc-3281-44bc-a1c2-3be5b1110999,SAMMS-NONTCv5
202609022122573192,202609021903208594,202609021903206075,85,4447,Bronze INV,br_ReAssessmentSubstanceUse,TASK_COMPLETE,SUCCESS,INFO,150,150,0,,2026-09-02T19:03:39.838Z,2026-09-02T21:23:00.812Z,8361,2026-09-02T21:23:00.812Z,V5B,Houma,c49685cc-3281-44bc-a1c2-3be5b1110999,SAMMS-HoumaV6
202609022122573193,202609021903208595,202609021903206075,85,4448,Bronze INV,br_ReAssessmentSubstanceUse,TASK_COMPLETE,SUCCESS,INFO,1929,1929,0,,2026-09-02T19:03:39.838Z,2026-09-02T21:23:00.812Z,8361,2026-09-02T21:23:00.812Z,V6,Lake Charles,c49685cc-3281-44bc-a1c2-3be5b1110999,SAMMS-LCv5
202609022122573194,202609021903208596,202609021903206075,85,4450,Bronze INV,br_ReAssessmentSubstanceUse,TASK_COMPLETE,SUCCESS,INFO,748,748,0,,2026-09-02T19:03:39.838Z,2026-09-02T21:23:00.812Z,8361,2026-09-02T21:23:00.812Z,V8,Memphis Midtown,c49685cc-3281-44bc-a1c2-3be5b1110999,SAMMS-VCPHCS-VIII-MemphisV5
202609022122573195,202609021903208597,202609021903206075,85,4451,Bronze INV,br_ReAssessmentSubstanceUse,TASK_COMPLETE,SUCCESS,INFO,1785,1785,0,,2026-09-02T19:03:39.838Z,2026-09-02T21:23:00.812Z,8361,2026-09-02T21:23:00.812Z,V9,Nashville,c49685cc-3281-44bc-a1c2-3be5b1110999,SAMMS-NashvilleV5
202609022122573196,202609021903208598,202609021903206075,85,4452,Bronze INV,br_ReAssessmentSubstanceUse,TASK_COMPLETE,SUCCESS,INFO,854,854,0,,2026-09-02T19:03:39.838Z,2026-09-02T21:23:00.812Z,8361,2026-09-02T21:23:00.812Z,VBRA,Brainerd,c49685cc-3281-44bc-a1c2-3be5b1110999,SAMMS-BrainerdV6
202609022122573197,202609021903208599,202609021903206075,85,4453,Bronze INV,br_ReAssessmentSubstanceUse,TASK_COMPLETE,SUCCESS,INFO,1988,1988,0,,2026-09-02T19:03:39.838Z,2026-09-02T21:23:00.812Z,8361,2026-09-02T21:23:00.812Z,VBRP,Brooklyn Park,c49685cc-3281-44bc-a1c2-3be5b1110999,SAMMS-BrooklynParkV6
202609022122573199,202609021903208600,202609021903206075,85,4455,Bronze INV,br_ReAssessmentSubstanceUse,TASK_COMPLETE,SUCCESS,INFO,764,764,0,,2026-09-02T19:03:39.838Z,2026-09-02T21:23:00.812Z,8361,2026-09-02T21:23:00.812Z,VMIN,Minneapolis,c49685cc-3281-44bc-a1c2-3be5b1110999,SAMMS-MinneapolisV6
202609022122573200,202609021903208601,202609021903206075,85,4456,Bronze INV,br_ReAssessmentSubstanceUse,TASK_COMPLETE,SUCCESS,INFO,920,920,0,,2026-09-02T19:03:39.838Z,2026-09-02T21:23:00.812Z,8361,2026-09-02T21:23:00.812Z,VWBY,Woodbury,c49685cc-3281-44bc-a1c2-3be5b1110999,SAMMS-WoodburyV6
202609022122573201,202609021903208602,202609021903206075,85,4458,Bronze INV,br_ReAssessmentSubstanceUse,TASK_COMPLETE,SUCCESS,INFO,162,162,0,,2026-09-02T19:03:39.838Z,2026-09-02T21:23:00.812Z,8361,2026-09-02T21:23:00.812Z,WIL,Wilson,c49685cc-3281-44bc-a1c2-3be5b1110999,SAMMS-Wilson
202609022122573202,202609021903208603,202609021903206075,85,4094,Bronze INV,br_ReAssessmentSocial,TASK_COMPLETE,SUCCESS,INFO,35,35,0,,2026-09-02T19:03:39.838Z,2026-09-02T21:23:00.812Z,8361,2026-09-02T21:23:00.812Z,AHK,Ahoskie,c49685cc-3281-44bc-a1c2-3be5b1110999,SAMMS-Ahoskie
202609022122573203,202609021903208604,202609021903206075,85,4095,Bronze INV,br_ReAssessmentSocial,TASK_COMPLETE,SUCCESS,INFO,662,662,0,,2026-09-02T19:03:39.838Z,2026-09-02T21:23:00.812Z,8361,2026-09-02T21:23:00.812Z,B12B,Colorado Springs,c49685cc-3281-44bc-a1c2-3be5b1110999,SAMMS-ColoradoSpringsV5
202609022122573204,202609021903208605,202609021903206075,85,4096,Bronze INV,br_ReAssessmentSocial,TASK_COMPLETE,SUCCESS,INFO,826,826,0,,2026-09-02T19:03:39.838Z,2026-09-02T21:23:00.812Z,8361,2026-09-02T21:23:00.812Z,B24,Paintsville,c49685cc-3281-44bc-a1c2-3be5b1110999,SAMMS-PaintsvilleV5
202609022122573205,202609021903208606,202609021903206075,85,4097,Bronze INV,br_ReAssessmentSocial,TASK_COMPLETE,SUCCESS,INFO,646,646,0,,2026-09-02T19:03:39.838Z,2026-09-02T21:23:00.812Z,8361,2026-09-02T21:23:00.812Z,B25,Pikeville,c49685cc-3281-44bc-a1c2-3be5b1110999,SAMMS-PikevilleV5
202609022122573206,202609021903208607,202609021903206075,85,4098,Bronze INV,br_ReAssessmentSocial,TASK_COMPLETE,SUCCESS,INFO,971,971,0,,2026-09-02T19:03:39.838Z,2026-09-02T21:23:00.812Z,8361,2026-09-02T21:23:00.812Z,B26,Hazard,c49685cc-3281-44bc-a1c2-3be5b1110999,SAMMS-HazardV5
202609022122573208,202609021903208608,202609021903206075,85,4099,Bronze INV,br_ReAssessmentSocial,TASK_COMPLETE,SUCCESS,INFO,531,531,0,,2026-09-02T19:03:39.838Z,2026-09-02T21:23:00.812Z,8361,2026-09-02T21:23:00.812Z,B27,Savannah,c49685cc-3281-44bc-a1c2-3be5b1110999,SAMMS-SavannahV6
202609022122573209,202609021903208609,202609021903206075,85,4100,Bronze INV,br_ReAssessmentSocial,TASK_COMPLETE,SUCCESS,INFO,245,245,0,,2026-09-02T19:03:39.838Z,2026-09-02T21:23:00.812Z,8361,2026-09-02T21:23:00.812Z,B28,West Plains,c49685cc-3281-44bc-a1c2-3be5b1110999,SAMMS-WestPlainesV5
202609022122573210,202609021903208610,202609021903206075,85,4101,Bronze INV,br_ReAssessmentSocial,TASK_COMPLETE,SUCCESS,INFO,461,461,0,,2026-09-02T19:03:39.838Z,2026-09-02T21:23:00.812Z,8361,2026-09-02T21:23:00.812Z,B29,Poplar Bluff,c49685cc-3281-44bc-a1c2-3be5b1110999,SAMMS-PoplarBluffV5
202609022122573211,202609021903208611,202609021903206075,85,4102,Bronze INV,br_ReAssessmentSocial,TASK_COMPLETE,SUCCESS,INFO,77,77,0,,2026-09-02T19:03:39.838Z,2026-09-02T21:23:00.812Z,8361,2026-09-02T21:23:00.812Z,B30,KC North,c49685cc-3281-44bc-a1c2-3be5b1110999,SAMMS-KCNv5
202609022122573212,202609021903208612,202609021903206075,85,4103,Bronze INV,br_ReAssessmentSocial,TASK_COMPLETE,SUCCESS,INFO,401,401,0,,2026-09-02T19:03:39.838Z,2026-09-02T21:23:00.812Z,8361,2026-09-02T21:23:00.812Z,B31,Dyersburg,c49685cc-3281-44bc-a1c2-3be5b1110999,SAMMS-DyersburgV5
202609022122573213,202609021903208613,202609021903206075,85,4105,Bronze INV,br_ReAssessmentSocial,TASK_COMPLETE,SUCCESS,INFO,487,487,0,,2026-09-02T19:03:39.838Z,2026-09-02T21:23:00.812Z,8361,2026-09-02T21:23:00.812Z,B33,Paducah,c49685cc-3281-44bc-a1c2-3be5b1110999,SAMMS-Paducah
202609022122573214,202609021903208614,202609021903206075,85,4106,Bronze INV,br_ReAssessmentSocial,TASK_COMPLETE,SUCCESS,INFO,384,384,0,,2026-09-02T19:03:39.838Z,2026-09-02T21:23:00.812Z,8361,2026-09-02T21:23:00.812Z,B34,Corbin,c49685cc-3281-44bc-a1c2-3be5b1110999,SAMMS-CorbinV5
202609022122573215,202609021903208615,202609021903206075,85,4107,Bronze INV,br_ReAssessmentSocial,TASK_COMPLETE,SUCCESS,INFO,239,239,0,,2026-09-02T19:03:39.838Z,2026-09-02T21:23:00.812Z,8361,2026-09-02T21:23:00.812Z,B35,Lexington,c49685cc-3281-44bc-a1c2-3be5b1110999,SAMMS-LexingtonV5
202609022122573216,202609021903208616,202609021903206075,85,4108,Bronze INV,br_ReAssessmentSocial,TASK_COMPLETE,SUCCESS,INFO,77,77,0,,2026-09-02T19:03:39.838Z,2026-09-02T21:23:00.812Z,8361,2026-09-02T21:23:00.812Z,B35A,Berea,c49685cc-3281-44bc-a1c2-3be5b1110999,SAMMS-BereaV5
202609022122573218,202609021903208617,202609021903206075,85,4109,Bronze INV,br_ReAssessmentSocial,TASK_COMPLETE,SUCCESS,INFO,20,20,0,,2026-09-02T19:03:39.838Z,2026-09-02T21:23:00.812Z,8361,2026-09-02T21:23:00.812Z,B36,Asheville,c49685cc-3281-44bc-a1c2-3be5b1110999,SAMMS-AshevilleV5
202609022122573219,202609021903208618,202609021903206075,85,4110,Bronze INV,br_ReAssessmentSocial,TASK_COMPLETE,SUCCESS,INFO,1,1,0,,2026-09-02T19:03:39.838Z,2026-09-02T21:23:00.812Z,8361,2026-09-02T21:23:00.812Z,B37,Clyde,c49685cc-3281-44bc-a1c2-3be5b1110999,SAMMS-ClydeV5
202609022122573220,202609021903208619,202609021903206075,85,4111,Bronze INV,br_ReAssessmentSocial,TASK_COMPLETE,SUCCESS,INFO,1186,1186,0,,2026-09-02T19:03:39.838Z,2026-09-02T21:23:00.812Z,8361,2026-09-02T21:23:00.812Z,B38,Spartanburg,c49685cc-3281-44bc-a1c2-3be5b1110999,SAMMS-SpartanburgV5
202609022122573221,202609021903208620,202609021903206075,85,4112,Bronze INV,br_ReAssessmentSocial,TASK_COMPLETE,SUCCESS,INFO,361,361,0,,2026-09-02T19:03:39.838Z,2026-09-02T21:23:00.812Z,8361,2026-09-02T21:23:00.812Z,B39,Aiken,c49685cc-3281-44bc-a1c2-3be5b1110999,SAMMS-AikenV5
202609022122573222,202609021903208621,202609021903206075,85,4113,Bronze INV,br_ReAssessmentSocial,TASK_COMPLETE,SUCCESS,INFO,1887,1887,0,,2026-09-02T19:03:39.838Z,2026-09-02T21:23:00.812Z,8361,2026-09-02T21:23:00.812Z,B41,Chesapeake,c49685cc-3281-44bc-a1c2-3be5b1110999,SAMMS-ChesapeakeV5
202609022122573223,202609021903208622,202609021903206075,85,4114,Bronze INV,br_ReAssessmentSocial,TASK_COMPLETE,SUCCESS,INFO,1911,1911,0,,2026-09-02T19:03:39.838Z,2026-09-02T21:23:00.812Z,8361,2026-09-02T21:23:00.812Z,B42,Virginia Beach,c49685cc-3281-44bc-a1c2-3be5b1110999,SAMMS-VirginiaBeachV5
202609022122573224,202609021903208623,202609021903206075,85,4115,Bronze INV,br_ReAssessmentSocial,TASK_COMPLETE,SUCCESS,INFO,925,925,0,,2026-09-02T19:03:39.838Z,2026-09-02T21:23:00.812Z,8361,2026-09-02T21:23:00.812Z,B42A,Newport News,c49685cc-3281-44bc-a1c2-3be5b1110999,SAMMS-NewportNewsV5
202609022122573225,202609021903208624,202609021903206075,85,4116,Bronze INV,br_ReAssessmentSocial,TASK_COMPLETE,SUCCESS,INFO,507,507,0,,2026-09-02T19:03:39.838Z,2026-09-02T21:23:00.812Z,8361,2026-09-02T21:23:00.812Z,B42B,Franklin,c49685cc-3281-44bc-a1c2-3be5b1110999,SAMMS-FranklinV5
202609022122573226,202609021903208625,202609021903206075,85,4117,Bronze INV,br_ReAssessmentSocial,TASK_COMPLETE,SUCCESS,INFO,340,340,0,,2026-09-02T19:03:39.838Z,2026-09-02T21:23:00.812Z,8361,2026-09-02T21:23:00.812Z,B42C,Glen Allen,c49685cc-3281-44bc-a1c2-3be5b1110999,SAMMS-GlenAllenV5
202609022122573228,202609021903208626,202609021903206075,85,4118,Bronze INV,br_ReAssessmentSocial,TASK_COMPLETE,SUCCESS,INFO,1480,1480,0,,2026-09-02T19:03:39.838Z,2026-09-02T21:23:00.812Z,8361,2026-09-02T21:23:00.812Z,B42D,Chesapeake South,c49685cc-3281-44bc-a1c2-3be5b1110999,SAMMS-ChesapeakeSouthV5
202609022122573229,202609021903208627,202609021903206075,85,4119,Bronze INV,br_ReAssessmentSocial,TASK_COMPLETE,SUCCESS,INFO,632,632,0,,2026-09-02T19:03:39.838Z,2026-09-02T21:23:00.812Z,8361,2026-09-02T21:23:00.812Z,B44,Albany,c49685cc-3281-44bc-a1c2-3be5b1110999,SAMMS-AlbanyV5
202609022122573230,202609021903208628,202609021903206075,85,4120,Bronze INV,br_ReAssessmentSocial,TASK_COMPLETE,SUCCESS,INFO,1268,1268,0,,2026-09-02T19:03:39.838Z,2026-09-02T21:23:00.812Z,8361,2026-09-02T21:23:00.812Z,B45,Tifton,c49685cc-3281-44bc-a1c2-3be5b1110999,SAMMS-TiftonV5
202609022122573231,202609021903208629,202609021903206075,85,4121,Bronze INV,br_ReAssessmentSocial,TASK_COMPLETE,SUCCESS,INFO,588,588,0,,2026-09-02T19:03:39.838Z,2026-09-02T21:23:00.812Z,8361,2026-09-02T21:23:00.812Z,B46,Washington DC,c49685cc-3281-44bc-a1c2-3be5b1110999,SAMMS-WashingtonDCv5
202609022122573232,202609021903208630,202609021903206075,85,4122,Bronze INV,br_ReAssessmentSocial,TASK_COMPLETE,SUCCESS,INFO,1558,1558,0,,2026-09-02T19:03:39.838Z,2026-09-02T21:23:00.812Z,8361,2026-09-02T21:23:00.812Z,B47,Mobile,c49685cc-3281-44bc-a1c2-3be5b1110999,SAMMS-MobileV5
202609022122573233,202609021903208631,202609021903206075,85,4123,Bronze INV,br_ReAssessmentSocial,TASK_COMPLETE,SUCCESS,INFO,1294,1294,0,,2026-09-02T19:03:39.838Z,2026-09-02T21:23:00.812Z,8361,2026-09-02T21:23:00.812Z,B48,Tuscaloosa,c49685cc-3281-44bc-a1c2-3be5b1110999,SAMMS-TuscaloosaV5
202609022122573234,202609021903208632,202609021903206075,85,4132,Bronze INV,br_ReAssessmentSocial,TASK_COMPLETE,SUCCESS,INFO,2,2,0,,2026-09-02T19:03:39.838Z,2026-09-02T21:23:00.812Z,8361,2026-09-02T21:23:00.812Z,B51,N. Little Rock (OTP),c49685cc-3281-44bc-a1c2-3be5b1110999,SAMMS-NorthLittleRockV6
202609022122573235,202609021903208633,202609021903206075,85,4133,Bronze INV,br_ReAssessmentSocial,TASK_COMPLETE,SUCCESS,INFO,453,453,0,,2026-09-02T19:03:39.838Z,2026-09-02T21:23:00.812Z,8361,2026-09-02T21:23:00.812Z,B52,Jackson GA,c49685cc-3281-44bc-a1c2-3be5b1110999,SAMMS-JacksonGAV5
202609022122573236,202609021903208634,202609021903206075,85,4134,Bronze INV,br_ReAssessmentSocial,TASK_COMPLETE,SUCCESS,INFO,1702,1702,0,,2026-09-02T19:03:39.838Z,2026-09-02T21:23:00.812Z,8361,2026-09-02T21:23:00.812Z,B54,Gadsden,c49685cc-3281-44bc-a1c2-3be5b1110999,SAMMS-GadsdenV5
202609022122573237,202609021903208635,202609021903206075,85,4135,Bronze INV,br_ReAssessmentSocial,TASK_COMPLETE,SUCCESS,INFO,945,945,0,,2026-09-02T19:03:39.838Z,2026-09-02T21:23:00.812Z,8361,2026-09-02T21:23:00.812Z,B55,Shoals,c49685cc-3281-44bc-a1c2-3be5b1110999,SAMMS-ShoalsV5
202609022122573238,202609021903208636,202609021903206075,85,4136,Bronze INV,br_ReAssessmentSocial,TASK_COMPLETE,SUCCESS,INFO,294,294,0,,2026-09-02T19:03:39.838Z,2026-09-02T21:23:00.812Z,8361,2026-09-02T21:23:00.812Z,B57,Pawtucket,c49685cc-3281-44bc-a1c2-3be5b1110999,SAMMS-Pawtucket
202609022122573240,202609021903208637,202609021903206075,85,4137,Bronze INV,br_ReAssessmentSocial,TASK_COMPLETE,SUCCESS,INFO,550,550,0,,2026-09-02T19:03:39.838Z,2026-09-02T21:23:00.812Z,8361,2026-09-02T21:23:00.812Z,B57A,Johnston,c49685cc-3281-44bc-a1c2-3be5b1110999,SAMMS-Johnston
202609022122573241,202609021903208638,202609021903206075,85,4138,Bronze INV,br_ReAssessmentSocial,TASK_COMPLETE,SUCCESS,INFO,166,166,0,,2026-09-02T19:03:39.838Z,2026-09-02T21:23:00.812Z,8361,2026-09-02T21:23:00.812Z,B57B,Middletown,c49685cc-3281-44bc-a1c2-3be5b1110999,SAMMS-Middletown
202609022122573242,202609021903208639,202609021903206075,85,4139,Bronze INV,br_ReAssessmentSocial,TASK_COMPLETE,SUCCESS,INFO,410,410,0,,2026-09-02T19:03:39.838Z,2026-09-02T21:23:00.812Z,8361,2026-09-02T21:23:00.812Z,B57C,Providence,c49685cc-3281-44bc-a1c2-3be5b1110999,SAMMS-Providence
202609022122573243,202609021903208640,202609021903206075,85,4140,Bronze INV,br_ReAssessmentSocial,TASK_COMPLETE,SUCCESS,INFO,621,621,0,,2026-09-02T19:03:39.838Z,2026-09-02T21:23:00.812Z,8361,2026-09-02T21:23:00.812Z,B57D,Westerly,c49685cc-3281-44bc-a1c2-3be5b1110999,SAMMS-Westerly
202609022122573244,202609021903208641,202609021903206075,85,4144,Bronze INV,br_ReAssessmentSocial,TASK_COMPLETE,SUCCESS,INFO,4,4,0,,2026-09-02T19:03:39.838Z,2026-09-02T21:23:00.812Z,8361,2026-09-02T21:23:00.812Z,B66A,Bremen,c49685cc-3281-44bc-a1c2-3be5b1110999,SAMMS-Bremen
202609022122573245,202609021903208642,202609021903206075,85,4147,Bronze INV,br_ReAssessmentSocial,TASK_COMPLETE,SUCCESS,INFO,0,0,0,,2026-09-02T19:03:39.838Z,2026-09-02T21:23:00.812Z,8361,2026-09-02T21:23:00.812Z,B72,Mobile (OBOT),c49685cc-3281-44bc-a1c2-3be5b1110999,SAMMS-Mobile-OBOT
202609022122573246,202609021903208643,202609021903206075,85,4148,Bronze INV,br_ReAssessmentSocial,TASK_COMPLETE,SUCCESS,INFO,0,0,0,,2026-09-02T19:03:39.838Z,2026-09-02T21:23:00.812Z,8361,2026-09-02T21:23:00.812Z,B73,Montgomery,c49685cc-3281-44bc-a1c2-3be5b1110999,SAMMS-Montgomery
202609022122573247,202609021903208644,202609021903206075,85,4149,Bronze INV,br_ReAssessmentSocial,TASK_COMPLETE,SUCCESS,INFO,516,516,0,,2026-09-02T19:03:39.838Z,2026-09-02T21:23:00.812Z,8361,2026-09-02T21:23:00.812Z,B75,Lawrence,c49685cc-3281-44bc-a1c2-3be5b1110999,SAMMS-LawrenceV6
202609022122573249,202609021903208645,202609021903206075,85,4150,Bronze INV,br_ReAssessmentSocial,TASK_COMPLETE,SUCCESS,INFO,0,0,0,,2026-09-02T19:03:39.838Z,2026-09-02T21:23:00.812Z,8361,2026-09-02T21:23:00.812Z,B76,Huntsville OBOT,c49685cc-3281-44bc-a1c2-3be5b1110999,SAMMS-Huntsville-OBOT
202609022122573250,202609021903208646,202609021903206075,85,4151,Bronze INV,br_ReAssessmentSocial,TASK_COMPLETE,SUCCESS,INFO,0,0,0,,2026-09-02T19:03:39.838Z,2026-09-02T21:23:00.812Z,8361,2026-09-02T21:23:00.812Z,BAT,Batesville,c49685cc-3281-44bc-a1c2-3be5b1110999,SAMMS-Batesville
202609022122573251,202609021903208647,202609021903206075,85,4152,Bronze INV,br_ReAssessmentSocial,TASK_COMPLETE,SUCCESS,INFO,460,460,0,,2026-09-02T19:03:39.838Z,2026-09-02T21:23:00.812Z,8361,2026-09-02T21:23:00.812Z,BG,Bowling Green,c49685cc-3281-44bc-a1c2-3be5b1110999,SAMMS-BowlingGreen
202609022122573252,202609021903208648,202609021903206075,85,4153,Bronze INV,br_ReAssessmentSocial,TASK_COMPLETE,SUCCESS,INFO,180,180,0,,2026-09-02T19:03:39.838Z,2026-09-02T21:23:00.812Z,8361,2026-09-02T21:23:00.812Z,BOI,Boise,c49685cc-3281-44bc-a1c2-3be5b1110999,SAMMS-Boise
202609022122573253,202609021903208649,202609021903206075,85,4160,Bronze INV,br_ReAssessmentSocial,TASK_COMPLETE,SUCCESS,INFO,51,51,0,,2026-09-02T19:03:39.838Z,2026-09-02T21:23:00.812Z,8361,2026-09-02T21:23:00.812Z,CBCO,Coeur dAlene,c49685cc-3281-44bc-a1c2-3be5b1110999,SAMMS-CoeurdAleneV6
202609022122573254,202609021903208650,202609021903206075,85,4179,Bronze INV,br_ReAssessmentSocial,TASK_COMPLETE,SUCCESS,INFO,0,0,0,,2026-09-02T19:03:39.838Z,2026-09-02T21:23:00.812Z,8361,2026-09-02T21:23:00.812Z,CON,Conway,c49685cc-3281-44bc-a1c2-3be5b1110999,SAMMS-Conway
202609022122573255,202609021903208651,202609021903206075,85,4180,Bronze INV,br_ReAssessmentSocial,TASK_COMPLETE,SUCCESS,INFO,2568,2568,0,,2026-09-02T19:03:39.838Z,2026-09-02T21:23:00.812Z,8361,2026-09-02T21:23:00.812Z,D07,Medical Services Knox TN,c49685cc-3281-44bc-a1c2-3be5b1110999,SAMMS-KnoxvilleV6
202609022122573256,202609021903208652,202609021903206075,85,4181,Bronze INV,br_ReAssessmentSocial,TASK_COMPLETE,SUCCESS,INFO,111,111,0,,2026-09-02T19:03:39.838Z,2026-09-02T21:23:00.812Z,8361,2026-09-02T21:23:00.812Z,D08,Madison,c49685cc-3281-44bc-a1c2-3be5b1110999,SAMMS-MadisonV6
202609022122573257,202609021903208653,202609021903206075,85,4183,Bronze INV,br_ReAssessmentSocial,TASK_COMPLETE,SUCCESS,INFO,118,118,0,,2026-09-02T19:03:39.838Z,2026-09-02T21:23:00.812Z,8361,2026-09-02T21:23:00.812Z,D09,Murfreesboro,c49685cc-3281-44bc-a1c2-3be5b1110999,SAMMS-MurfreesboroV6
202609022122573258,202609021903208654,202609021903206075,85,4184,Bronze INV,br_ReAssessmentSocial,TASK_COMPLETE,SUCCESS,INFO,336,336,0,,2026-09-02T19:03:39.838Z,2026-09-02T21:23:00.812Z,8361,2026-09-02T21:23:00.812Z,DA,Davenport,c49685cc-3281-44bc-a1c2-3be5b1110999,SAMMS-Davenport
202609022122573259,202609021903208655,202609021903206075,85,4185,Bronze INV,br_ReAssessmentSocial,TASK_COMPLETE,SUCCESS,INFO,286,286,0,,2026-09-02T19:03:39.838Z,2026-09-02T21:23:00.812Z,8361,2026-09-02T21:23:00.812Z,DM,Des Moines,c49685cc-3281-44bc-a1c2-3be5b1110999,SAMMS-DesMoines
202609012114521355,202609011903674500,202609011903672005,85,4414,Bronze INV,br_ReAssessmentSubstanceUse,TASK_COMPLETE,SUCCESS,INFO,89,89,0,,2026-09-01T19:04:17.664Z,2026-09-01T21:14:55.846Z,7838,2026-09-01T21:14:55.846Z,RMD,Richmond,0e5f68b5-5669-4bb1-91ce-4b967b620e7d,SAMMS-Richmond
202609012114521356,202609011903674501,202609011903672005,85,4415,Bronze INV,br_ReAssessmentSubstanceUse,TASK_COMPLETE,SUCCESS,INFO,594,594,0,,2026-09-01T19:04:17.664Z,2026-09-01T21:14:55.846Z,7838,2026-09-01T21:14:55.846Z,SFN,Springfield North,0e5f68b5-5669-4bb1-91ce-4b967b620e7d,SAMMS-SFNv5
202609012114521358,202609011903674502,202609011903672005,85,4416,Bronze INV,br_ReAssessmentSubstanceUse,TASK_COMPLETE,SUCCESS,INFO,790,790,0,,2026-09-01T19:04:17.664Z,2026-09-01T21:14:55.846Z,7838,2026-09-01T21:14:55.846Z,SHP,Shreveport,0e5f68b5-5669-4bb1-91ce-4b967b620e7d,SAMMS-Shreveport
202609012114521359,202609011903674503,202609011903672005,85,4418,Bronze INV,br_ReAssessmentSubstanceUse,TASK_COMPLETE,SUCCESS,INFO,488,488,0,,2026-09-01T19:04:17.664Z,2026-09-01T21:14:55.846Z,7838,2026-09-01T21:14:55.846Z,STN,Staunton,0e5f68b5-5669-4bb1-91ce-4b967b620e7d,SAMMS-Staunton
202609012114521360,202609011903674504,202609011903672005,85,4419,Bronze INV,br_ReAssessmentSubstanceUse,TASK_COMPLETE,SUCCESS,INFO,228,228,0,,2026-09-01T19:04:17.664Z,2026-09-01T21:14:55.846Z,7838,2026-09-01T21:14:55.846Z,STVN,Stevenson,0e5f68b5-5669-4bb1-91ce-4b967b620e7d,SAMMS-Stevenson
202609012114521361,202609011903674505,202609011903672005,85,4421,Bronze INV,br_ReAssessmentSubstanceUse,TASK_COMPLETE,SUCCESS,INFO,178,178,0,,2026-09-01T19:04:17.664Z,2026-09-01T21:14:55.846Z,7838,2026-09-01T21:14:55.846Z,TE,Tempe,0e5f68b5-5669-4bb1-91ce-4b967b620e7d,SAMMS-Tempe
202609012114521362,202609011903674506,202609011903672005,85,4422,Bronze INV,br_ReAssessmentSubstanceUse,TASK_COMPLETE,SUCCESS,INFO,0,0,0,,2026-09-01T19:04:17.664Z,2026-09-01T21:14:55.846Z,7838,2026-09-01T21:14:55.846Z,TEX,Texarkana,0e5f68b5-5669-4bb1-91ce-4b967b620e7d,SAMMS-Texarkana
202609012114521363,202609011903674507,202609011903672005,85,4423,Bronze INV,br_ReAssessmentSubstanceUse,TASK_COMPLETE,SUCCESS,INFO,1104,1104,0,,2026-09-01T19:04:17.664Z,2026-09-01T21:14:55.846Z,7838,2026-09-01T21:14:55.846Z,TTCA,Bessemer,0e5f68b5-5669-4bb1-91ce-4b967b620e7d,SAMMS-BessemerV5
202609012114521364,202609011903674508,202609011903672005,85,4424,Bronze INV,br_ReAssessmentSubstanceUse,TASK_COMPLETE,SUCCESS,INFO,1326,1326,0,,2026-09-01T19:04:17.664Z,2026-09-01T21:14:55.846Z,7838,2026-09-01T21:14:55.846Z,TTCB,Cullman,0e5f68b5-5669-4bb1-91ce-4b967b620e7d,SAMMS-CullmanV5
202609012114521365,202609011903674509,202609011903672005,85,4425,Bronze INV,br_ReAssessmentSubstanceUse,TASK_COMPLETE,SUCCESS,INFO,973,973,0,,2026-09-01T19:04:17.664Z,2026-09-01T21:14:55.846Z,7838,2026-09-01T21:14:55.846Z,TTCC,Grand Bay,0e5f68b5-5669-4bb1-91ce-4b967b620e7d,SAMMS-GrandBay
202609012114521367,202609011903674510,202609011903672005,85,4426,Bronze INV,br_ReAssessmentSubstanceUse,TASK_COMPLETE,SUCCESS,INFO,17,17,0,,2026-09-01T19:04:17.664Z,2026-09-01T21:14:55.846Z,7838,2026-09-01T21:14:55.846Z,TU,Tucson,0e5f68b5-5669-4bb1-91ce-4b967b620e7d,SAMMS-Tucson
202609012114521368,202609011903674511,202609011903672005,85,4428,Bronze INV,br_ReAssessmentSubstanceUse,TASK_COMPLETE,SUCCESS,INFO,663,663,0,,2026-09-01T19:04:17.664Z,2026-09-01T21:14:55.846Z,7838,2026-09-01T21:14:55.846Z,V1,Memphis South,0e5f68b5-5669-4bb1-91ce-4b967b620e7d,SAMMS-VCPHCS-I-MemphisV5
202609012114521369,202609011903674512,202609011903672005,85,4429,Bronze INV,br_ReAssessmentSubstanceUse,TASK_COMPLETE,SUCCESS,INFO,1641,1641,0,,2026-09-01T19:04:17.664Z,2026-09-01T21:14:55.846Z,7838,2026-09-01T21:14:55.846Z,V10,Longmont,0e5f68b5-5669-4bb1-91ce-4b967b620e7d,SAMMS-BoulderV5
202609012114521370,202609011903674513,202609011903672005,85,4430,Bronze INV,br_ReAssessmentSubstanceUse,TASK_COMPLETE,SUCCESS,INFO,1527,1527,0,,2026-09-01T19:04:17.664Z,2026-09-01T21:14:55.846Z,7838,2026-09-01T21:14:55.846Z,V10A,Fort Collins,0e5f68b5-5669-4bb1-91ce-4b967b620e7d,SAMMS-FortCollinsV5
202609012114521371,202609011903674514,202609011903672005,85,4431,Bronze INV,br_ReAssessmentSubstanceUse,TASK_COMPLETE,SUCCESS,INFO,2896,2896,0,,2026-09-01T19:04:17.664Z,2026-09-01T21:14:55.846Z,7838,2026-09-01T21:14:55.846Z,V11,Westminster,0e5f68b5-5669-4bb1-91ce-4b967b620e7d,SAMMS-VCPHCS-XI-NorthDenverV5
202609012114521372,202609011903674515,202609011903672005,85,4432,Bronze INV,br_ReAssessmentSubstanceUse,TASK_COMPLETE,SUCCESS,INFO,3073,3073,0,,2026-09-01T19:04:17.664Z,2026-09-01T21:14:55.846Z,7838,2026-09-01T21:14:55.846Z,V12,Downtown Denver,0e5f68b5-5669-4bb1-91ce-4b967b620e7d,SAMMS-VCPHCS-XII-DowntownDenverV5
202609012114521373,202609011903674516,202609011903672005,85,4433,Bronze INV,br_ReAssessmentSubstanceUse,TASK_COMPLETE,SUCCESS,INFO,1148,1148,0,,2026-09-01T19:04:17.664Z,2026-09-01T21:14:55.846Z,7838,2026-09-01T21:14:55.846Z,V12A,Centennial,0e5f68b5-5669-4bb1-91ce-4b967b620e7d,SAMMS-CentennialV5
202609012114521374,202609011903674517,202609011903672005,85,4434,Bronze INV,br_ReAssessmentSubstanceUse,TASK_COMPLETE,SUCCESS,INFO,301,301,0,,2026-09-01T19:04:17.664Z,2026-09-01T21:14:55.846Z,7838,2026-09-01T21:14:55.846Z,V14,Overland Park,0e5f68b5-5669-4bb1-91ce-4b967b620e7d,SAMMS-VCPHCS-XIV-BridgewayV5
202609012114521376,202609011903674518,202609011903672005,85,4435,Bronze INV,br_ReAssessmentSubstanceUse,TASK_COMPLETE,SUCCESS,INFO,611,611,0,,2026-09-01T19:04:17.664Z,2026-09-01T21:14:55.846Z,7838,2026-09-01T21:14:55.846Z,V15,Joplin,0e5f68b5-5669-4bb1-91ce-4b967b620e7d,SAMMS-JoplinV5
202609012114521377,202609011903674519,202609011903672005,85,4437,Bronze INV,br_ReAssessmentSubstanceUse,TASK_COMPLETE,SUCCESS,INFO,918,918,0,,2026-09-01T19:04:17.664Z,2026-09-01T21:14:55.846Z,7838,2026-09-01T21:14:55.846Z,V17,Columbia TN,0e5f68b5-5669-4bb1-91ce-4b967b620e7d,SAMMS-ColumbiaTNv5
202609012114521378,202609011903674520,202609011903672005,85,4439,Bronze INV,br_ReAssessmentSubstanceUse,TASK_COMPLETE,SUCCESS,INFO,544,544,0,,2026-09-01T19:04:17.664Z,2026-09-01T21:14:55.846Z,7838,2026-09-01T21:14:55.846Z,V19,Jackson,0e5f68b5-5669-4bb1-91ce-4b967b620e7d,SAMMS-JacksonV5
202609012114521379,202609011903674521,202609011903672005,85,4441,Bronze INV,br_ReAssessmentSubstanceUse,TASK_COMPLETE,SUCCESS,INFO,1815,1815,0,,2026-09-01T19:04:17.664Z,2026-09-01T21:14:55.846Z,7838,2026-09-01T21:14:55.846Z,V20,Paris,0e5f68b5-5669-4bb1-91ce-4b967b620e7d,SAMMS-ParisV5
202609012114521380,202609011903674522,202609011903672005,85,4442,Bronze INV,br_ReAssessmentSubstanceUse,TASK_COMPLETE,SUCCESS,INFO,732,732,0,,2026-09-01T19:04:17.664Z,2026-09-01T21:14:55.846Z,7838,2026-09-01T21:14:55.846Z,V21,Memphis North,0e5f68b5-5669-4bb1-91ce-4b967b620e7d,SAMMS-RaleighV5
202609012114521381,202609011903674523,202609011903672005,85,4445,Bronze INV,br_ReAssessmentSubstanceUse,TASK_COMPLETE,SUCCESS,INFO,1817,1817,0,,2026-09-01T19:04:17.664Z,2026-09-01T21:14:55.846Z,7838,2026-09-01T21:14:55.846Z,V5,West Bank,0e5f68b5-5669-4bb1-91ce-4b967b620e7d,SAMMS-NONTCv5
202609012114521382,202609011903674524,202609011903672005,85,4447,Bronze INV,br_ReAssessmentSubstanceUse,TASK_COMPLETE,SUCCESS,INFO,150,150,0,,2026-09-01T19:04:17.664Z,2026-09-01T21:14:55.846Z,7838,2026-09-01T21:14:55.846Z,V5B,Houma,0e5f68b5-5669-4bb1-91ce-4b967b620e7d,SAMMS-HoumaV6
202609012114521383,202609011903674525,202609011903672005,85,4448,Bronze INV,br_ReAssessmentSubstanceUse,TASK_COMPLETE,SUCCESS,INFO,1929,1929,0,,2026-09-01T19:04:17.664Z,2026-09-01T21:14:55.846Z,7838,2026-09-01T21:14:55.846Z,V6,Lake Charles,0e5f68b5-5669-4bb1-91ce-4b967b620e7d,SAMMS-LCv5
202609012114521385,202609011903674526,202609011903672005,85,4450,Bronze INV,br_ReAssessmentSubstanceUse,TASK_COMPLETE,SUCCESS,INFO,748,748,0,,2026-09-01T19:04:17.664Z,2026-09-01T21:14:55.846Z,7838,2026-09-01T21:14:55.846Z,V8,Memphis Midtown,0e5f68b5-5669-4bb1-91ce-4b967b620e7d,SAMMS-VCPHCS-VIII-MemphisV5
202609012114521386,202609011903674527,202609011903672005,85,4451,Bronze INV,br_ReAssessmentSubstanceUse,TASK_COMPLETE,SUCCESS,INFO,1785,1785,0,,2026-09-01T19:04:17.664Z,2026-09-01T21:14:55.846Z,7838,2026-09-01T21:14:55.846Z,V9,Nashville,0e5f68b5-5669-4bb1-91ce-4b967b620e7d,SAMMS-NashvilleV5
202609012114521387,202609011903674528,202609011903672005,85,4452,Bronze INV,br_ReAssessmentSubstanceUse,TASK_COMPLETE,SUCCESS,INFO,854,854,0,,2026-09-01T19:04:17.664Z,2026-09-01T21:14:55.846Z,7838,2026-09-01T21:14:55.846Z,VBRA,Brainerd,0e5f68b5-5669-4bb1-91ce-4b967b620e7d,SAMMS-BrainerdV6
202609012114521388,202609011903674529,202609011903672005,85,4453,Bronze INV,br_ReAssessmentSubstanceUse,TASK_COMPLETE,SUCCESS,INFO,1988,1988,0,,2026-09-01T19:04:17.664Z,2026-09-01T21:14:55.846Z,7838,2026-09-01T21:14:55.846Z,VBRP,Brooklyn Park,0e5f68b5-5669-4bb1-91ce-4b967b620e7d,SAMMS-BrooklynParkV6
202609012114521389,202609011903674530,202609011903672005,85,4455,Bronze INV,br_ReAssessmentSubstanceUse,TASK_COMPLETE,SUCCESS,INFO,764,764,0,,2026-09-01T19:04:17.664Z,2026-09-01T21:14:55.846Z,7838,2026-09-01T21:14:55.846Z,VMIN,Minneapolis,0e5f68b5-5669-4bb1-91ce-4b967b620e7d,SAMMS-MinneapolisV6
202609012114521390,202609011903674531,202609011903672005,85,4456,Bronze INV,br_ReAssessmentSubstanceUse,TASK_COMPLETE,SUCCESS,INFO,920,920,0,,2026-09-01T19:04:17.664Z,2026-09-01T21:14:55.846Z,7838,2026-09-01T21:14:55.846Z,VWBY,Woodbury,0e5f68b5-5669-4bb1-91ce-4b967b620e7d,SAMMS-WoodburyV6
202609012114521391,202609011903674532,202609011903672005,85,4458,Bronze INV,br_ReAssessmentSubstanceUse,TASK_COMPLETE,SUCCESS,INFO,162,162,0,,2026-09-01T19:04:17.664Z,2026-09-01T21:14:55.846Z,7838,2026-09-01T21:14:55.846Z,WIL,Wilson,0e5f68b5-5669-4bb1-91ce-4b967b620e7d,SAMMS-Wilson
202609012114521392,202609011903674533,202609011903672005,85,4094,Bronze INV,br_ReAssessmentSocial,TASK_COMPLETE,SUCCESS,INFO,35,35,0,,2026-09-01T19:04:17.664Z,2026-09-01T21:14:55.846Z,7838,2026-09-01T21:14:55.846Z,AHK,Ahoskie,0e5f68b5-5669-4bb1-91ce-4b967b620e7d,SAMMS-Ahoskie
202609012114521394,202609011903674534,202609011903672005,85,4095,Bronze INV,br_ReAssessmentSocial,TASK_COMPLETE,SUCCESS,INFO,662,662,0,,2026-09-01T19:04:17.664Z,2026-09-01T21:14:55.846Z,7838,2026-09-01T21:14:55.846Z,B12B,Colorado Springs,0e5f68b5-5669-4bb1-91ce-4b967b620e7d,SAMMS-ColoradoSpringsV5
202609012114521395,202609011903674535,202609011903672005,85,4096,Bronze INV,br_ReAssessmentSocial,TASK_COMPLETE,SUCCESS,INFO,826,826,0,,2026-09-01T19:04:17.664Z,2026-09-01T21:14:55.846Z,7838,2026-09-01T21:14:55.846Z,B24,Paintsville,0e5f68b5-5669-4bb1-91ce-4b967b620e7d,SAMMS-PaintsvilleV5
202609012114521396,202609011903674536,202609011903672005,85,4097,Bronze INV,br_ReAssessmentSocial,TASK_COMPLETE,SUCCESS,INFO,646,646,0,,2026-09-01T19:04:17.664Z,2026-09-01T21:14:55.846Z,7838,2026-09-01T21:14:55.846Z,B25,Pikeville,0e5f68b5-5669-4bb1-91ce-4b967b620e7d,SAMMS-PikevilleV5
202609012114521397,202609011903674537,202609011903672005,85,4098,Bronze INV,br_ReAssessmentSocial,TASK_COMPLETE,SUCCESS,INFO,971,971,0,,2026-09-01T19:04:17.664Z,2026-09-01T21:14:55.846Z,7838,2026-09-01T21:14:55.846Z,B26,Hazard,0e5f68b5-5669-4bb1-91ce-4b967b620e7d,SAMMS-HazardV5
202609012114521398,202609011903674538,202609011903672005,85,4099,Bronze INV,br_ReAssessmentSocial,TASK_COMPLETE,SUCCESS,INFO,531,531,0,,2026-09-01T19:04:17.664Z,2026-09-01T21:14:55.846Z,7838,2026-09-01T21:14:55.846Z,B27,Savannah,0e5f68b5-5669-4bb1-91ce-4b967b620e7d,SAMMS-SavannahV6
202609012114521399,202609011903674539,202609011903672005,85,4100,Bronze INV,br_ReAssessmentSocial,TASK_COMPLETE,SUCCESS,INFO,245,245,0,,2026-09-01T19:04:17.664Z,2026-09-01T21:14:55.846Z,7838,2026-09-01T21:14:55.846Z,B28,West Plains,0e5f68b5-5669-4bb1-91ce-4b967b620e7d,SAMMS-WestPlainesV5
202609012114521400,202609011903674540,202609011903672005,85,4101,Bronze INV,br_ReAssessmentSocial,TASK_COMPLETE,SUCCESS,INFO,461,461,0,,2026-09-01T19:04:17.664Z,2026-09-01T21:14:55.846Z,7838,2026-09-01T21:14:55.846Z,B29,Poplar Bluff,0e5f68b5-5669-4bb1-91ce-4b967b620e7d,SAMMS-PoplarBluffV5
202609012114521402,202609011903674541,202609011903672005,85,4102,Bronze INV,br_ReAssessmentSocial,TASK_COMPLETE,SUCCESS,INFO,77,77,0,,2026-09-01T19:04:17.664Z,2026-09-01T21:14:55.846Z,7838,2026-09-01T21:14:55.846Z,B30,KC North,0e5f68b5-5669-4bb1-91ce-4b967b620e7d,SAMMS-KCNv5
202609012114521403,202609011903674542,202609011903672005,85,4103,Bronze INV,br_ReAssessmentSocial,TASK_COMPLETE,SUCCESS,INFO,401,401,0,,2026-09-01T19:04:17.664Z,2026-09-01T21:14:55.846Z,7838,2026-09-01T21:14:55.846Z,B31,Dyersburg,0e5f68b5-5669-4bb1-91ce-4b967b620e7d,SAMMS-DyersburgV5
202609012114521404,202609011903674543,202609011903672005,85,4105,Bronze INV,br_ReAssessmentSocial,TASK_COMPLETE,SUCCESS,INFO,487,487,0,,2026-09-01T19:04:17.664Z,2026-09-01T21:14:55.846Z,7838,2026-09-01T21:14:55.846Z,B33,Paducah,0e5f68b5-5669-4bb1-91ce-4b967b620e7d,SAMMS-Paducah
202609012114521405,202609011903674544,202609011903672005,85,4106,Bronze INV,br_ReAssessmentSocial,TASK_COMPLETE,SUCCESS,INFO,384,384,0,,2026-09-01T19:04:17.664Z,2026-09-01T21:14:55.846Z,7838,2026-09-01T21:14:55.846Z,B34,Corbin,0e5f68b5-5669-4bb1-91ce-4b967b620e7d,SAMMS-CorbinV5
202609012114521406,202609011903674545,202609011903672005,85,4107,Bronze INV,br_ReAssessmentSocial,TASK_COMPLETE,SUCCESS,INFO,239,239,0,,2026-09-01T19:04:17.664Z,2026-09-01T21:14:55.846Z,7838,2026-09-01T21:14:55.846Z,B35,Lexington,0e5f68b5-5669-4bb1-91ce-4b967b620e7d,SAMMS-LexingtonV5
202609012114521407,202609011903674546,202609011903672005,85,4108,Bronze INV,br_ReAssessmentSocial,TASK_COMPLETE,SUCCESS,INFO,77,77,0,,2026-09-01T19:04:17.664Z,2026-09-01T21:14:55.846Z,7838,2026-09-01T21:14:55.846Z,B35A,Berea,0e5f68b5-5669-4bb1-91ce-4b967b620e7d,SAMMS-BereaV5
202609012114521408,202609011903674547,202609011903672005,85,4109,Bronze INV,br_ReAssessmentSocial,TASK_COMPLETE,SUCCESS,INFO,20,20,0,,2026-09-01T19:04:17.664Z,2026-09-01T21:14:55.846Z,7838,2026-09-01T21:14:55.846Z,B36,Asheville,0e5f68b5-5669-4bb1-91ce-4b967b620e7d,SAMMS-AshevilleV5
202609012114521409,202609011903674548,202609011903672005,85,4110,Bronze INV,br_ReAssessmentSocial,TASK_COMPLETE,SUCCESS,INFO,1,1,0,,2026-09-01T19:04:17.664Z,2026-09-01T21:14:55.846Z,7838,2026-09-01T21:14:55.846Z,B37,Clyde,0e5f68b5-5669-4bb1-91ce-4b967b620e7d,SAMMS-ClydeV5
202609012114521411,202609011903674549,202609011903672005,85,4111,Bronze INV,br_ReAssessmentSocial,TASK_COMPLETE,SUCCESS,INFO,1186,1186,0,,2026-09-01T19:04:17.664Z,2026-09-01T21:14:55.846Z,7838,2026-09-01T21:14:55.846Z,B38,Spartanburg,0e5f68b5-5669-4bb1-91ce-4b967b620e7d,SAMMS-SpartanburgV5
202609012114521412,202609011903674550,202609011903672005,85,4112,Bronze INV,br_ReAssessmentSocial,TASK_COMPLETE,SUCCESS,INFO,361,361,0,,2026-09-01T19:04:17.664Z,2026-09-01T21:14:55.846Z,7838,2026-09-01T21:14:55.846Z,B39,Aiken,0e5f68b5-5669-4bb1-91ce-4b967b620e7d,SAMMS-AikenV5
202609012114521413,202609011903674551,202609011903672005,85,4113,Bronze INV,br_ReAssessmentSocial,TASK_COMPLETE,SUCCESS,INFO,1887,1887,0,,2026-09-01T19:04:17.664Z,2026-09-01T21:14:55.846Z,7838,2026-09-01T21:14:55.846Z,B41,Chesapeake,0e5f68b5-5669-4bb1-91ce-4b967b620e7d,SAMMS-ChesapeakeV5
202609012114521414,202609011903674552,202609011903672005,85,4114,Bronze INV,br_ReAssessmentSocial,TASK_COMPLETE,SUCCESS,INFO,1911,1911,0,,2026-09-01T19:04:17.664Z,2026-09-01T21:14:55.846Z,7838,2026-09-01T21:14:55.846Z,B42,Virginia Beach,0e5f68b5-5669-4bb1-91ce-4b967b620e7d,SAMMS-VirginiaBeachV5
202609012114521415,202609011903674553,202609011903672005,85,4115,Bronze INV,br_ReAssessmentSocial,TASK_COMPLETE,SUCCESS,INFO,925,925,0,,2026-09-01T19:04:17.664Z,2026-09-01T21:14:55.846Z,7838,2026-09-01T21:14:55.846Z,B42A,Newport News,0e5f68b5-5669-4bb1-91ce-4b967b620e7d,SAMMS-NewportNewsV5
202609012114521416,202609011903674554,202609011903672005,85,4116,Bronze INV,br_ReAssessmentSocial,TASK_COMPLETE,SUCCESS,INFO,507,507,0,,2026-09-01T19:04:17.664Z,2026-09-01T21:14:55.846Z,7838,2026-09-01T21:14:55.846Z,B42B,Franklin,0e5f68b5-5669-4bb1-91ce-4b967b620e7d,SAMMS-FranklinV5
202609012114521417,202609011903674555,202609011903672005,85,4117,Bronze INV,br_ReAssessmentSocial,TASK_COMPLETE,SUCCESS,INFO,340,340,0,,2026-09-01T19:04:17.664Z,2026-09-01T21:14:55.846Z,7838,2026-09-01T21:14:55.846Z,B42C,Glen Allen,0e5f68b5-5669-4bb1-91ce-4b967b620e7d,SAMMS-GlenAllenV5
202609012114521418,202609011903674556,202609011903672005,85,4118,Bronze INV,br_ReAssessmentSocial,TASK_COMPLETE,SUCCESS,INFO,1480,1480,0,,2026-09-01T19:04:17.664Z,2026-09-01T21:14:55.846Z,7838,2026-09-01T21:14:55.846Z,B42D,Chesapeake South,0e5f68b5-5669-4bb1-91ce-4b967b620e7d,SAMMS-ChesapeakeSouthV5
202609012114521420,202609011903674557,202609011903672005,85,4119,Bronze INV,br_ReAssessmentSocial,TASK_COMPLETE,SUCCESS,INFO,632,632,0,,2026-09-01T19:04:17.664Z,2026-09-01T21:14:55.846Z,7838,2026-09-01T21:14:55.846Z,B44,Albany,0e5f68b5-5669-4bb1-91ce-4b967b620e7d,SAMMS-AlbanyV5
202609012114521421,202609011903674558,202609011903672005,85,4120,Bronze INV,br_ReAssessmentSocial,TASK_COMPLETE,SUCCESS,INFO,1268,1268,0,,2026-09-01T19:04:17.664Z,2026-09-01T21:14:55.846Z,7838,2026-09-01T21:14:55.846Z,B45,Tifton,0e5f68b5-5669-4bb1-91ce-4b967b620e7d,SAMMS-TiftonV5
202609012114521422,202609011903674559,202609011903672005,85,4121,Bronze INV,br_ReAssessmentSocial,TASK_COMPLETE,SUCCESS,INFO,588,588,0,,2026-09-01T19:04:17.664Z,2026-09-01T21:14:55.846Z,7838,2026-09-01T21:14:55.846Z,B46,Washington DC,0e5f68b5-5669-4bb1-91ce-4b967b620e7d,SAMMS-WashingtonDCv5
202609012114521423,202609011903674560,202609011903672005,85,4122,Bronze INV,br_ReAssessmentSocial,TASK_COMPLETE,SUCCESS,INFO,1558,1558,0,,2026-09-01T19:04:17.664Z,2026-09-01T21:14:55.846Z,7838,2026-09-01T21:14:55.846Z,B47,Mobile,0e5f68b5-5669-4bb1-91ce-4b967b620e7d,SAMMS-MobileV5
202609012114521424,202609011903674561,202609011903672005,85,4123,Bronze INV,br_ReAssessmentSocial,TASK_COMPLETE,SUCCESS,INFO,1294,1294,0,,2026-09-01T19:04:17.664Z,2026-09-01T21:14:55.846Z,7838,2026-09-01T21:14:55.846Z,B48,Tuscaloosa,0e5f68b5-5669-4bb1-91ce-4b967b620e7d,SAMMS-TuscaloosaV5
202609012114521425,202609011903674562,202609011903672005,85,4132,Bronze INV,br_ReAssessmentSocial,TASK_COMPLETE,SUCCESS,INFO,2,2,0,,2026-09-01T19:04:17.664Z,2026-09-01T21:14:55.846Z,7838,2026-09-01T21:14:55.846Z,B51,N. Little Rock (OTP),0e5f68b5-5669-4bb1-91ce-4b967b620e7d,SAMMS-NorthLittleRockV6
202609012114521426,202609011903674563,202609011903672005,85,4133,Bronze INV,br_ReAssessmentSocial,TASK_COMPLETE,SUCCESS,INFO,453,453,0,,2026-09-01T19:04:17.664Z,2026-09-01T21:14:55.846Z,7838,2026-09-01T21:14:55.846Z,B52,Jackson GA,0e5f68b5-5669-4bb1-91ce-4b967b620e7d,SAMMS-JacksonGAV5
202609012114521427,202609011903674564,202609011903672005,85,4134,Bronze INV,br_ReAssessmentSocial,TASK_COMPLETE,SUCCESS,INFO,1702,1702,0,,2026-09-01T19:04:17.664Z,2026-09-01T21:14:55.846Z,7838,2026-09-01T21:14:55.846Z,B54,Gadsden,0e5f68b5-5669-4bb1-91ce-4b967b620e7d,SAMMS-GadsdenV5
202609012114521429,202609011903674565,202609011903672005,85,4135,Bronze INV,br_ReAssessmentSocial,TASK_COMPLETE,SUCCESS,INFO,945,945,0,,2026-09-01T19:04:17.664Z,2026-09-01T21:14:55.846Z,7838,2026-09-01T21:14:55.846Z,B55,Shoals,0e5f68b5-5669-4bb1-91ce-4b967b620e7d,SAMMS-ShoalsV5
202609012114521430,202609011903674566,202609011903672005,85,4136,Bronze INV,br_ReAssessmentSocial,TASK_COMPLETE,SUCCESS,INFO,294,294,0,,2026-09-01T19:04:17.664Z,2026-09-01T21:14:55.846Z,7838,2026-09-01T21:14:55.846Z,B57,Pawtucket,0e5f68b5-5669-4bb1-91ce-4b967b620e7d,SAMMS-Pawtucket
202609012114521431,202609011903674567,202609011903672005,85,4137,Bronze INV,br_ReAssessmentSocial,TASK_COMPLETE,SUCCESS,INFO,550,550,0,,2026-09-01T19:04:17.664Z,2026-09-01T21:14:55.846Z,7838,2026-09-01T21:14:55.846Z,B57A,Johnston,0e5f68b5-5669-4bb1-91ce-4b967b620e7d,SAMMS-Johnston
202609012114521432,202609011903674568,202609011903672005,85,4138,Bronze INV,br_ReAssessmentSocial,TASK_COMPLETE,SUCCESS,INFO,166,166,0,,2026-09-01T19:04:17.664Z,2026-09-01T21:14:55.846Z,7838,2026-09-01T21:14:55.846Z,B57B,Middletown,0e5f68b5-5669-4bb1-91ce-4b967b620e7d,SAMMS-Middletown
202609012114521433,202609011903674569,202609011903672005,85,4139,Bronze INV,br_ReAssessmentSocial,TASK_COMPLETE,SUCCESS,INFO,410,410,0,,2026-09-01T19:04:17.664Z,2026-09-01T21:14:55.846Z,7838,2026-09-01T21:14:55.846Z,B57C,Providence,0e5f68b5-5669-4bb1-91ce-4b967b620e7d,SAMMS-Providence
202609012114521434,202609011903674570,202609011903672005,85,4140,Bronze INV,br_ReAssessmentSocial,TASK_COMPLETE,SUCCESS,INFO,621,621,0,,2026-09-01T19:04:17.664Z,2026-09-01T21:14:55.846Z,7838,2026-09-01T21:14:55.846Z,B57D,Westerly,0e5f68b5-5669-4bb1-91ce-4b967b620e7d,SAMMS-Westerly
202609012114521435,202609011903674571,202609011903672005,85,4144,Bronze INV,br_ReAssessmentSocial,TASK_COMPLETE,SUCCESS,INFO,4,4,0,,2026-09-01T19:04:17.664Z,2026-09-01T21:14:55.846Z,7838,2026-09-01T21:14:55.846Z,B66A,Bremen,0e5f68b5-5669-4bb1-91ce-4b967b620e7d,SAMMS-Bremen
202609012114521437,202609011903674572,202609011903672005,85,4147,Bronze INV,br_ReAssessmentSocial,TASK_COMPLETE,SUCCESS,INFO,0,0,0,,2026-09-01T19:04:17.664Z,2026-09-01T21:14:55.846Z,7838,2026-09-01T21:14:55.846Z,B72,Mobile (OBOT),0e5f68b5-5669-4bb1-91ce-4b967b620e7d,SAMMS-Mobile-OBOT
202609012114521438,202609011903674573,202609011903672005,85,4148,Bronze INV,br_ReAssessmentSocial,TASK_COMPLETE,SUCCESS,INFO,0,0,0,,2026-09-01T19:04:17.664Z,2026-09-01T21:14:55.846Z,7838,2026-09-01T21:14:55.846Z,B73,Montgomery,0e5f68b5-5669-4bb1-91ce-4b967b620e7d,SAMMS-Montgomery
202609012114521439,202609011903674574,202609011903672005,85,4149,Bronze INV,br_ReAssessmentSocial,TASK_COMPLETE,SUCCESS,INFO,516,516,0,,2026-09-01T19:04:17.664Z,2026-09-01T21:14:55.846Z,7838,2026-09-01T21:14:55.846Z,B75,Lawrence,0e5f68b5-5669-4bb1-91ce-4b967b620e7d,SAMMS-LawrenceV6
202609012114521440,202609011903674575,202609011903672005,85,4150,Bronze INV,br_ReAssessmentSocial,TASK_COMPLETE,SUCCESS,INFO,0,0,0,,2026-09-01T19:04:17.664Z,2026-09-01T21:14:55.846Z,7838,2026-09-01T21:14:55.846Z,B76,Huntsville OBOT,0e5f68b5-5669-4bb1-91ce-4b967b620e7d,SAMMS-Huntsville-OBOT
202609012114521441,202609011903674576,202609011903672005,85,4151,Bronze INV,br_ReAssessmentSocial,TASK_COMPLETE,SUCCESS,INFO,0,0,0,,2026-09-01T19:04:17.664Z,2026-09-01T21:14:55.846Z,7838,2026-09-01T21:14:55.846Z,BAT,Batesville,0e5f68b5-5669-4bb1-91ce-4b967b620e7d,SAMMS-Batesville
202609012114521442,202609011903674577,202609011903672005,85,4152,Bronze INV,br_ReAssessmentSocial,TASK_COMPLETE,SUCCESS,INFO,460,460,0,,2026-09-01T19:04:17.664Z,2026-09-01T21:14:55.846Z,7838,2026-09-01T21:14:55.846Z,BG,Bowling Green,0e5f68b5-5669-4bb1-91ce-4b967b620e7d,SAMMS-BowlingGreen
202609012114521443,202609011903674578,202609011903672005,85,4153,Bronze INV,br_ReAssessmentSocial,TASK_COMPLETE,SUCCESS,INFO,180,180,0,,2026-09-01T19:04:17.664Z,2026-09-01T21:14:55.846Z,7838,2026-09-01T21:14:55.846Z,BOI,Boise,0e5f68b5-5669-4bb1-91ce-4b967b620e7d,SAMMS-Boise
202609012114521444,202609011903674579,202609011903672005,85,4160,Bronze INV,br_ReAssessmentSocial,TASK_COMPLETE,SUCCESS,INFO,51,51,0,,2026-09-01T19:04:17.664Z,2026-09-01T21:14:55.846Z,7838,2026-09-01T21:14:55.846Z,CBCO,Coeur dAlene,0e5f68b5-5669-4bb1-91ce-4b967b620e7d,SAMMS-CoeurdAleneV6
202609012114521446,202609011903674580,202609011903672005,85,4179,Bronze INV,br_ReAssessmentSocial,TASK_COMPLETE,SUCCESS,INFO,0,0,0,,2026-09-01T19:04:17.664Z,2026-09-01T21:14:55.846Z,7838,2026-09-01T21:14:55.846Z,CON,Conway,0e5f68b5-5669-4bb1-91ce-4b967b620e7d,SAMMS-Conway
202609012114521447,202609011903674581,202609011903672005,85,4180,Bronze INV,br_ReAssessmentSocial,TASK_COMPLETE,SUCCESS,INFO,2568,2568,0,,2026-09-01T19:04:17.664Z,2026-09-01T21:14:55.846Z,7838,2026-09-01T21:14:55.846Z,D07,Medical Services Knox TN,0e5f68b5-5669-4bb1-91ce-4b967b620e7d,SAMMS-KnoxvilleV6
202609012114521448,202609011903674582,202609011903672005,85,4181,Bronze INV,br_ReAssessmentSocial,TASK_COMPLETE,SUCCESS,INFO,111,111,0,,2026-09-01T19:04:17.664Z,2026-09-01T21:14:55.846Z,7838,2026-09-01T21:14:55.846Z,D08,Madison,0e5f68b5-5669-4bb1-91ce-4b967b620e7d,SAMMS-MadisonV6
202609012114521449,202609011903674583,202609011903672005,85,4183,Bronze INV,br_ReAssessmentSocial,TASK_COMPLETE,SUCCESS,INFO,118,118,0,,2026-09-01T19:04:17.664Z,2026-09-01T21:14:55.846Z,7838,2026-09-01T21:14:55.846Z,D09,Murfreesboro,0e5f68b5-5669-4bb1-91ce-4b967b620e7d,SAMMS-MurfreesboroV6
202609012114521450,202609011903674584,202609011903672005,85,4184,Bronze INV,br_ReAssessmentSocial,TASK_COMPLETE,SUCCESS,INFO,336,336,0,,2026-09-01T19:04:17.664Z,2026-09-01T21:14:55.846Z,7838,2026-09-01T21:14:55.846Z,DA,Davenport,0e5f68b5-5669-4bb1-91ce-4b967b620e7d,SAMMS-Davenport
202609012114521451,202609011903674585,202609011903672005,85,4185,Bronze INV,br_ReAssessmentSocial,TASK_COMPLETE,SUCCESS,INFO,286,286,0,,2026-09-01T19:04:17.664Z,2026-09-01T21:14:55.846Z,7838,2026-09-01T21:14:55.846Z,DM,Des Moines,0e5f68b5-5669-4bb1-91ce-4b967b620e7d,SAMMS-DesMoines
202609012114520966,202609011903674156,202609011903672005,85,3495,Bronze INV,br_ReAssessmentLegal,TASK_COMPLETE,SUCCESS,INFO,588,588,0,,2026-09-01T19:04:17.664Z,2026-09-01T21:14:55.846Z,7838,2026-09-01T21:14:55.846Z,SFN,Springfield North,0e5f68b5-5669-4bb1-91ce-4b967b620e7d,SAMMS-SFNv5
202609012114520967,202609011903674157,202609011903672005,85,3496,Bronze INV,br_ReAssessmentLegal,TASK_COMPLETE,SUCCESS,INFO,763,763,0,,2026-09-01T19:04:17.664Z,2026-09-01T21:14:55.846Z,7838,2026-09-01T21:14:55.846Z,SHP,Shreveport,0e5f68b5-5669-4bb1-91ce-4b967b620e7d,SAMMS-Shreveport
202609012114520968,202609011903674158,202609011903672005,85,3498,Bronze INV,br_ReAssessmentLegal,TASK_COMPLETE,SUCCESS,INFO,481,481,0,,2026-09-01T19:04:17.664Z,2026-09-01T21:14:55.846Z,7838,2026-09-01T21:14:55.846Z,STN,Staunton,0e5f68b5-5669-4bb1-91ce-4b967b620e7d,SAMMS-Staunton
202609012114520969,202609011903674159,202609011903672005,85,3499,Bronze INV,br_ReAssessmentLegal,TASK_COMPLETE,SUCCESS,INFO,224,224,0,,2026-09-01T19:04:17.664Z,2026-09-01T21:14:55.846Z,7838,2026-09-01T21:14:55.846Z,STVN,Stevenson,0e5f68b5-5669-4bb1-91ce-4b967b620e7d,SAMMS-Stevenson
202609012114520970,202609011903674160,202609011903672005,85,3501,Bronze INV,br_ReAssessmentLegal,TASK_COMPLETE,SUCCESS,INFO,173,173,0,,2026-09-01T19:04:17.664Z,2026-09-01T21:14:55.846Z,7838,2026-09-01T21:14:55.846Z,TE,Tempe,0e5f68b5-5669-4bb1-91ce-4b967b620e7d,SAMMS-Tempe
202609012114520972,202609011903674161,202609011903672005,85,3502,Bronze INV,br_ReAssessmentLegal,TASK_COMPLETE,SUCCESS,INFO,0,0,0,,2026-09-01T19:04:17.664Z,2026-09-01T21:14:55.846Z,7838,2026-09-01T21:14:55.846Z,TEX,Texarkana,0e5f68b5-5669-4bb1-91ce-4b967b620e7d,SAMMS-Texarkana
202609012114520973,202609011903674162,202609011903672005,85,3503,Bronze INV,br_ReAssessmentLegal,TASK_COMPLETE,SUCCESS,INFO,1068,1068,0,,2026-09-01T19:04:17.664Z,2026-09-01T21:14:55.846Z,7838,2026-09-01T21:14:55.846Z,TTCA,Bessemer,0e5f68b5-5669-4bb1-91ce-4b967b620e7d,SAMMS-BessemerV5
202609012114520974,202609011903674163,202609011903672005,85,3504,Bronze INV,br_ReAssessmentLegal,TASK_COMPLETE,SUCCESS,INFO,1315,1315,0,,2026-09-01T19:04:17.664Z,2026-09-01T21:14:55.846Z,7838,2026-09-01T21:14:55.846Z,TTCB,Cullman,0e5f68b5-5669-4bb1-91ce-4b967b620e7d,SAMMS-CullmanV5
202609012114520975,202609011903674164,202609011903672005,85,3505,Bronze INV,br_ReAssessmentLegal,TASK_COMPLETE,SUCCESS,INFO,938,938,0,,2026-09-01T19:04:17.664Z,2026-09-01T21:14:55.846Z,7838,2026-09-01T21:14:55.846Z,TTCC,Grand Bay,0e5f68b5-5669-4bb1-91ce-4b967b620e7d,SAMMS-GrandBay
202609012114520976,202609011903674165,202609011903672005,85,3506,Bronze INV,br_ReAssessmentLegal,TASK_COMPLETE,SUCCESS,INFO,15,15,0,,2026-09-01T19:04:17.664Z,2026-09-01T21:14:55.846Z,7838,2026-09-01T21:14:55.846Z,TU,Tucson,0e5f68b5-5669-4bb1-91ce-4b967b620e7d,SAMMS-Tucson
202609012114520977,202609011903674166,202609011903672005,85,3508,Bronze INV,br_ReAssessmentLegal,TASK_COMPLETE,SUCCESS,INFO,660,660,0,,2026-09-01T19:04:17.664Z,2026-09-01T21:14:55.846Z,7838,2026-09-01T21:14:55.846Z,V1,Memphis South,0e5f68b5-5669-4bb1-91ce-4b967b620e7d,SAMMS-VCPHCS-I-MemphisV5
202609012114520978,202609011903674167,202609011903672005,85,3509,Bronze INV,br_ReAssessmentLegal,TASK_COMPLETE,SUCCESS,INFO,1625,1625,0,,2026-09-01T19:04:17.664Z,2026-09-01T21:14:55.846Z,7838,2026-09-01T21:14:55.846Z,V10,Longmont,0e5f68b5-5669-4bb1-91ce-4b967b620e7d,SAMMS-BoulderV5
202609012114520979,202609011903674168,202609011903672005,85,3510,Bronze INV,br_ReAssessmentLegal,TASK_COMPLETE,SUCCESS,INFO,1511,1511,0,,2026-09-01T19:04:17.664Z,2026-09-01T21:14:55.846Z,7838,2026-09-01T21:14:55.846Z,V10A,Fort Collins,0e5f68b5-5669-4bb1-91ce-4b967b620e7d,SAMMS-FortCollinsV5
202609012114520981,202609011903674169,202609011903672005,85,3511,Bronze INV,br_ReAssessmentLegal,TASK_COMPLETE,SUCCESS,INFO,2862,2862,0,,2026-09-01T19:04:17.664Z,2026-09-01T21:14:55.846Z,7838,2026-09-01T21:14:55.846Z,V11,Westminster,0e5f68b5-5669-4bb1-91ce-4b967b620e7d,SAMMS-VCPHCS-XI-NorthDenverV5
202609012114520982,202609011903674170,202609011903672005,85,3512,Bronze INV,br_ReAssessmentLegal,TASK_COMPLETE,SUCCESS,INFO,3027,3027,0,,2026-09-01T19:04:17.664Z,2026-09-01T21:14:55.846Z,7838,2026-09-01T21:14:55.846Z,V12,Downtown Denver,0e5f68b5-5669-4bb1-91ce-4b967b620e7d,SAMMS-VCPHCS-XII-DowntownDenverV5
202609012114520983,202609011903674171,202609011903672005,85,3513,Bronze INV,br_ReAssessmentLegal,TASK_COMPLETE,SUCCESS,INFO,1132,1132,0,,2026-09-01T19:04:17.664Z,2026-09-01T21:14:55.846Z,7838,2026-09-01T21:14:55.846Z,V12A,Centennial,0e5f68b5-5669-4bb1-91ce-4b967b620e7d,SAMMS-CentennialV5
202609012114520984,202609011903674172,202609011903672005,85,3514,Bronze INV,br_ReAssessmentLegal,TASK_COMPLETE,SUCCESS,INFO,293,293,0,,2026-09-01T19:04:17.664Z,2026-09-01T21:14:55.846Z,7838,2026-09-01T21:14:55.846Z,V14,Overland Park,0e5f68b5-5669-4bb1-91ce-4b967b620e7d,SAMMS-VCPHCS-XIV-BridgewayV5
202609012114520985,202609011903674173,202609011903672005,85,3515,Bronze INV,br_ReAssessmentLegal,TASK_COMPLETE,SUCCESS,INFO,608,608,0,,2026-09-01T19:04:17.664Z,2026-09-01T21:14:55.846Z,7838,2026-09-01T21:14:55.846Z,V15,Joplin,0e5f68b5-5669-4bb1-91ce-4b967b620e7d,SAMMS-JoplinV5
202609012114520986,202609011903674174,202609011903672005,85,3517,Bronze INV,br_ReAssessmentLegal,TASK_COMPLETE,SUCCESS,INFO,903,903,0,,2026-09-01T19:04:17.664Z,2026-09-01T21:14:55.846Z,7838,2026-09-01T21:14:55.846Z,V17,Columbia TN,0e5f68b5-5669-4bb1-91ce-4b967b620e7d,SAMMS-ColumbiaTNv5
202609012114520987,202609011903674175,202609011903672005,85,3519,Bronze INV,br_ReAssessmentLegal,TASK_COMPLETE,SUCCESS,INFO,533,533,0,,2026-09-01T19:04:17.664Z,2026-09-01T21:14:55.846Z,7838,2026-09-01T21:14:55.846Z,V19,Jackson,0e5f68b5-5669-4bb1-91ce-4b967b620e7d,SAMMS-JacksonV5
202609012114520988,202609011903674176,202609011903672005,85,3521,Bronze INV,br_ReAssessmentLegal,TASK_COMPLETE,SUCCESS,INFO,1761,1761,0,,2026-09-01T19:04:17.664Z,2026-09-01T21:14:55.846Z,7838,2026-09-01T21:14:55.846Z,V20,Paris,0e5f68b5-5669-4bb1-91ce-4b967b620e7d,SAMMS-ParisV5
202609012114520990,202609011903674177,202609011903672005,85,3522,Bronze INV,br_ReAssessmentLegal,TASK_COMPLETE,SUCCESS,INFO,723,723,0,,2026-09-01T19:04:17.664Z,2026-09-01T21:14:55.846Z,7838,2026-09-01T21:14:55.846Z,V21,Memphis North,0e5f68b5-5669-4bb1-91ce-4b967b620e7d,SAMMS-RaleighV5
202609012114520991,202609011903674178,202609011903672005,85,3525,Bronze INV,br_ReAssessmentLegal,TASK_COMPLETE,SUCCESS,INFO,1773,1773,0,,2026-09-01T19:04:17.664Z,2026-09-01T21:14:55.846Z,7838,2026-09-01T21:14:55.846Z,V5,West Bank,0e5f68b5-5669-4bb1-91ce-4b967b620e7d,SAMMS-NONTCv5
202609012114520992,202609011903674179,202609011903672005,85,3527,Bronze INV,br_ReAssessmentLegal,TASK_COMPLETE,SUCCESS,INFO,144,144,0,,2026-09-01T19:04:17.664Z,2026-09-01T21:14:55.846Z,7838,2026-09-01T21:14:55.846Z,V5B,Houma,0e5f68b5-5669-4bb1-91ce-4b967b620e7d,SAMMS-HoumaV6
202609012114520993,202609011903674180,202609011903672005,85,3528,Bronze INV,br_ReAssessmentLegal,TASK_COMPLETE,SUCCESS,INFO,1907,1907,0,,2026-09-01T19:04:17.664Z,2026-09-01T21:14:55.846Z,7838,2026-09-01T21:14:55.846Z,V6,Lake Charles,0e5f68b5-5669-4bb1-91ce-4b967b620e7d,SAMMS-LCv5
202609012114520994,202609011903674181,202609011903672005,85,3530,Bronze INV,br_ReAssessmentLegal,TASK_COMPLETE,SUCCESS,INFO,741,741,0,,2026-09-01T19:04:17.664Z,2026-09-01T21:14:55.846Z,7838,2026-09-01T21:14:55.846Z,V8,Memphis Midtown,0e5f68b5-5669-4bb1-91ce-4b967b620e7d,SAMMS-VCPHCS-VIII-MemphisV5
202609012114520995,202609011903674182,202609011903672005,85,3531,Bronze INV,br_ReAssessmentLegal,TASK_COMPLETE,SUCCESS,INFO,1758,1758,0,,2026-09-01T19:04:17.664Z,2026-09-01T21:14:55.846Z,7838,2026-09-01T21:14:55.846Z,V9,Nashville,0e5f68b5-5669-4bb1-91ce-4b967b620e7d,SAMMS-NashvilleV5
202609012114520996,202609011903674183,202609011903672005,85,3532,Bronze INV,br_ReAssessmentLegal,TASK_COMPLETE,SUCCESS,INFO,837,837,0,,2026-09-01T19:04:17.664Z,2026-09-01T21:14:55.846Z,7838,2026-09-01T21:14:55.846Z,VBRA,Brainerd,0e5f68b5-5669-4bb1-91ce-4b967b620e7d,SAMMS-BrainerdV6
202609012114520998,202609011903674184,202609011903672005,85,3533,Bronze INV,br_ReAssessmentLegal,TASK_COMPLETE,SUCCESS,INFO,1953,1953,0,,2026-09-01T19:04:17.664Z,2026-09-01T21:14:55.846Z,7838,2026-09-01T21:14:55.846Z,VBRP,Brooklyn Park,0e5f68b5-5669-4bb1-91ce-4b967b620e7d,SAMMS-BrooklynParkV6
202609012114520999,202609011903674185,202609011903672005,85,3535,Bronze INV,br_ReAssessmentLegal,TASK_COMPLETE,SUCCESS,INFO,743,743,0,,2026-09-01T19:04:17.664Z,2026-09-01T21:14:55.846Z,7838,2026-09-01T21:14:55.846Z,VMIN,Minneapolis,0e5f68b5-5669-4bb1-91ce-4b967b620e7d,SAMMS-MinneapolisV6
202609012114521000,202609011903674186,202609011903672005,85,3536,Bronze INV,br_ReAssessmentLegal,TASK_COMPLETE,SUCCESS,INFO,881,881,0,,2026-09-01T19:04:17.664Z,2026-09-01T21:14:55.846Z,7838,2026-09-01T21:14:55.846Z,VWBY,Woodbury,0e5f68b5-5669-4bb1-91ce-4b967b620e7d,SAMMS-WoodburyV6
202609012114521001,202609011903674187,202609011903672005,85,3538,Bronze INV,br_ReAssessmentLegal,TASK_COMPLETE,SUCCESS,INFO,160,160,0,,2026-09-01T19:04:17.664Z,2026-09-01T21:14:55.846Z,7838,2026-09-01T21:14:55.846Z,WIL,Wilson,0e5f68b5-5669-4bb1-91ce-4b967b620e7d,SAMMS-Wilson
202609012114521002,202609011903674188,202609011903672005,85,3542,Bronze INV,br_ReAssessmentMentalHealth,TASK_COMPLETE,SUCCESS,INFO,35,35,0,,2026-09-01T19:04:17.664Z,2026-09-01T21:14:55.846Z,7838,2026-09-01T21:14:55.846Z,AHK,Ahoskie,0e5f68b5-5669-4bb1-91ce-4b967b620e7d,SAMMS-Ahoskie
202609012114521003,202609011903674189,202609011903672005,85,3543,Bronze INV,br_ReAssessmentMentalHealth,TASK_COMPLETE,SUCCESS,INFO,662,662,0,,2026-09-01T19:04:17.664Z,2026-09-01T21:14:55.846Z,7838,2026-09-01T21:14:55.846Z,B12B,Colorado Springs,0e5f68b5-5669-4bb1-91ce-4b967b620e7d,SAMMS-ColoradoSpringsV5
202609012114521004,202609011903674190,202609011903672005,85,3544,Bronze INV,br_ReAssessmentMentalHealth,TASK_COMPLETE,SUCCESS,INFO,835,835,0,,2026-09-01T19:04:17.664Z,2026-09-01T21:14:55.846Z,7838,2026-09-01T21:14:55.846Z,B24,Paintsville,0e5f68b5-5669-4bb1-91ce-4b967b620e7d,SAMMS-PaintsvilleV5
202609012114521005,202609011903674191,202609011903672005,85,3545,Bronze INV,br_ReAssessmentMentalHealth,TASK_COMPLETE,SUCCESS,INFO,646,646,0,,2026-09-01T19:04:17.664Z,2026-09-01T21:14:55.846Z,7838,2026-09-01T21:14:55.846Z,B25,Pikeville,0e5f68b5-5669-4bb1-91ce-4b967b620e7d,SAMMS-PikevilleV5
202609012114521007,202609011903674192,202609011903672005,85,3546,Bronze INV,br_ReAssessmentMentalHealth,TASK_COMPLETE,SUCCESS,INFO,970,970,0,,2026-09-01T19:04:17.664Z,2026-09-01T21:14:55.846Z,7838,2026-09-01T21:14:55.846Z,B26,Hazard,0e5f68b5-5669-4bb1-91ce-4b967b620e7d,SAMMS-HazardV5
202609012114521008,202609011903674193,202609011903672005,85,3547,Bronze INV,br_ReAssessmentMentalHealth,TASK_COMPLETE,SUCCESS,INFO,532,532,0,,2026-09-01T19:04:17.664Z,2026-09-01T21:14:55.846Z,7838,2026-09-01T21:14:55.846Z,B27,Savannah,0e5f68b5-5669-4bb1-91ce-4b967b620e7d,SAMMS-SavannahV6
202609012114521009,202609011903674194,202609011903672005,85,3548,Bronze INV,br_ReAssessmentMentalHealth,TASK_COMPLETE,SUCCESS,INFO,246,246,0,,2026-09-01T19:04:17.664Z,2026-09-01T21:14:55.846Z,7838,2026-09-01T21:14:55.846Z,B28,West Plains,0e5f68b5-5669-4bb1-91ce-4b967b620e7d,SAMMS-WestPlainesV5
202609012114521010,202609011903674195,202609011903672005,85,3549,Bronze INV,br_ReAssessmentMentalHealth,TASK_COMPLETE,SUCCESS,INFO,461,461,0,,2026-09-01T19:04:17.664Z,2026-09-01T21:14:55.846Z,7838,2026-09-01T21:14:55.846Z,B29,Poplar Bluff,0e5f68b5-5669-4bb1-91ce-4b967b620e7d,SAMMS-PoplarBluffV5
202609012114521011,202609011903674196,202609011903672005,85,3550,Bronze INV,br_ReAssessmentMentalHealth,TASK_COMPLETE,SUCCESS,INFO,79,79,0,,2026-09-01T19:04:17.664Z,2026-09-01T21:14:55.846Z,7838,2026-09-01T21:14:55.846Z,B30,KC North,0e5f68b5-5669-4bb1-91ce-4b967b620e7d,SAMMS-KCNv5
202609012114521012,202609011903674197,202609011903672005,85,3551,Bronze INV,br_ReAssessmentMentalHealth,TASK_COMPLETE,SUCCESS,INFO,401,401,0,,2026-09-01T19:04:17.664Z,2026-09-01T21:14:55.846Z,7838,2026-09-01T21:14:55.846Z,B31,Dyersburg,0e5f68b5-5669-4bb1-91ce-4b967b620e7d,SAMMS-DyersburgV5
202609012114521013,202609011903674198,202609011903672005,85,3553,Bronze INV,br_ReAssessmentMentalHealth,TASK_COMPLETE,SUCCESS,INFO,487,487,0,,2026-09-01T19:04:17.664Z,2026-09-01T21:14:55.846Z,7838,2026-09-01T21:14:55.846Z,B33,Paducah,0e5f68b5-5669-4bb1-91ce-4b967b620e7d,SAMMS-Paducah
202609012114521014,202609011903674199,202609011903672005,85,3554,Bronze INV,br_ReAssessmentMentalHealth,TASK_COMPLETE,SUCCESS,INFO,386,386,0,,2026-09-01T19:04:17.664Z,2026-09-01T21:14:55.846Z,7838,2026-09-01T21:14:55.846Z,B34,Corbin,0e5f68b5-5669-4bb1-91ce-4b967b620e7d,SAMMS-CorbinV5
202609012114521016,202609011903674200,202609011903672005,85,3555,Bronze INV,br_ReAssessmentMentalHealth,TASK_COMPLETE,SUCCESS,INFO,242,242,0,,2026-09-01T19:04:17.664Z,2026-09-01T21:14:55.846Z,7838,2026-09-01T21:14:55.846Z,B35,Lexington,0e5f68b5-5669-4bb1-91ce-4b967b620e7d,SAMMS-LexingtonV5
202609012114521017,202609011903674201,202609011903672005,85,3556,Bronze INV,br_ReAssessmentMentalHealth,TASK_COMPLETE,SUCCESS,INFO,77,77,0,,2026-09-01T19:04:17.664Z,2026-09-01T21:14:55.846Z,7838,2026-09-01T21:14:55.846Z,B35A,Berea,0e5f68b5-5669-4bb1-91ce-4b967b620e7d,SAMMS-BereaV5
202609012114521018,202609011903674202,202609011903672005,85,3557,Bronze INV,br_ReAssessmentMentalHealth,TASK_COMPLETE,SUCCESS,INFO,20,20,0,,2026-09-01T19:04:17.664Z,2026-09-01T21:14:55.846Z,7838,2026-09-01T21:14:55.846Z,B36,Asheville,0e5f68b5-5669-4bb1-91ce-4b967b620e7d,SAMMS-AshevilleV5
202609012114521019,202609011903674203,202609011903672005,85,3558,Bronze INV,br_ReAssessmentMentalHealth,TASK_COMPLETE,SUCCESS,INFO,1,1,0,,2026-09-01T19:04:17.664Z,2026-09-01T21:14:55.846Z,7838,2026-09-01T21:14:55.846Z,B37,Clyde,0e5f68b5-5669-4bb1-91ce-4b967b620e7d,SAMMS-ClydeV5
202609012114521020,202609011903674204,202609011903672005,85,3559,Bronze INV,br_ReAssessmentMentalHealth,TASK_COMPLETE,SUCCESS,INFO,1188,1188,0,,2026-09-01T19:04:17.664Z,2026-09-01T21:14:55.846Z,7838,2026-09-01T21:14:55.846Z,B38,Spartanburg,0e5f68b5-5669-4bb1-91ce-4b967b620e7d,SAMMS-SpartanburgV5
202609012114521021,202609011903674205,202609011903672005,85,3560,Bronze INV,br_ReAssessmentMentalHealth,TASK_COMPLETE,SUCCESS,INFO,362,362,0,,2026-09-01T19:04:17.664Z,2026-09-01T21:14:55.846Z,7838,2026-09-01T21:14:55.846Z,B39,Aiken,0e5f68b5-5669-4bb1-91ce-4b967b620e7d,SAMMS-AikenV5
202609012114521022,202609011903674206,202609011903672005,85,3561,Bronze INV,br_ReAssessmentMentalHealth,TASK_COMPLETE,SUCCESS,INFO,1892,1892,0,,2026-09-01T19:04:17.664Z,2026-09-01T21:14:55.846Z,7838,2026-09-01T21:14:55.846Z,B41,Chesapeake,0e5f68b5-5669-4bb1-91ce-4b967b620e7d,SAMMS-ChesapeakeV5
202609012114521024,202609011903674207,202609011903672005,85,3562,Bronze INV,br_ReAssessmentMentalHealth,TASK_COMPLETE,SUCCESS,INFO,1919,1919,0,,2026-09-01T19:04:17.664Z,2026-09-01T21:14:55.846Z,7838,2026-09-01T21:14:55.846Z,B42,Virginia Beach,0e5f68b5-5669-4bb1-91ce-4b967b620e7d,SAMMS-VirginiaBeachV5
202609012114521025,202609011903674208,202609011903672005,85,3563,Bronze INV,br_ReAssessmentMentalHealth,TASK_COMPLETE,SUCCESS,INFO,931,931,0,,2026-09-01T19:04:17.664Z,2026-09-01T21:14:55.846Z,7838,2026-09-01T21:14:55.846Z,B42A,Newport News,0e5f68b5-5669-4bb1-91ce-4b967b620e7d,SAMMS-NewportNewsV5
202609012114521026,202609011903674209,202609011903672005,85,3564,Bronze INV,br_ReAssessmentMentalHealth,TASK_COMPLETE,SUCCESS,INFO,508,508,0,,2026-09-01T19:04:17.664Z,2026-09-01T21:14:55.846Z,7838,2026-09-01T21:14:55.846Z,B42B,Franklin,0e5f68b5-5669-4bb1-91ce-4b967b620e7d,SAMMS-FranklinV5
202609012114521027,202609011903674210,202609011903672005,85,3565,Bronze INV,br_ReAssessmentMentalHealth,TASK_COMPLETE,SUCCESS,INFO,345,345,0,,2026-09-01T19:04:17.664Z,2026-09-01T21:14:55.846Z,7838,2026-09-01T21:14:55.846Z,B42C,Glen Allen,0e5f68b5-5669-4bb1-91ce-4b967b620e7d,SAMMS-GlenAllenV5
202609012114521028,202609011903674211,202609011903672005,85,3566,Bronze INV,br_ReAssessmentMentalHealth,TASK_COMPLETE,SUCCESS,INFO,1483,1483,0,,2026-09-01T19:04:17.664Z,2026-09-01T21:14:55.846Z,7838,2026-09-01T21:14:55.846Z,B42D,Chesapeake South,0e5f68b5-5669-4bb1-91ce-4b967b620e7d,SAMMS-ChesapeakeSouthV5
202609012114521029,202609011903674212,202609011903672005,85,3567,Bronze INV,br_ReAssessmentMentalHealth,TASK_COMPLETE,SUCCESS,INFO,632,632,0,,2026-09-01T19:04:17.664Z,2026-09-01T21:14:55.846Z,7838,2026-09-01T21:14:55.846Z,B44,Albany,0e5f68b5-5669-4bb1-91ce-4b967b620e7d,SAMMS-AlbanyV5
202609012114521030,202609011903674213,202609011903672005,85,3568,Bronze INV,br_ReAssessmentMentalHealth,TASK_COMPLETE,SUCCESS,INFO,1270,1270,0,,2026-09-01T19:04:17.664Z,2026-09-01T21:14:55.846Z,7838,2026-09-01T21:14:55.846Z,B45,Tifton,0e5f68b5-5669-4bb1-91ce-4b967b620e7d,SAMMS-TiftonV5
202609012114521032,202609011903674214,202609011903672005,85,3569,Bronze INV,br_ReAssessmentMentalHealth,TASK_COMPLETE,SUCCESS,INFO,590,590,0,,2026-09-01T19:04:17.664Z,2026-09-01T21:14:55.846Z,7838,2026-09-01T21:14:55.846Z,B46,Washington DC,0e5f68b5-5669-4bb1-91ce-4b967b620e7d,SAMMS-WashingtonDCv5
202609012114521033,202609011903674215,202609011903672005,85,3570,Bronze INV,br_ReAssessmentMentalHealth,TASK_COMPLETE,SUCCESS,INFO,1573,1573,0,,2026-09-01T19:04:17.664Z,2026-09-01T21:14:55.846Z,7838,2026-09-01T21:14:55.846Z,B47,Mobile,0e5f68b5-5669-4bb1-91ce-4b967b620e7d,SAMMS-MobileV5
202609012114521034,202609011903674216,202609011903672005,85,3571,Bronze INV,br_ReAssessmentMentalHealth,TASK_COMPLETE,SUCCESS,INFO,1297,1297,0,,2026-09-01T19:04:17.664Z,2026-09-01T21:14:55.846Z,7838,2026-09-01T21:14:55.846Z,B48,Tuscaloosa,0e5f68b5-5669-4bb1-91ce-4b967b620e7d,SAMMS-TuscaloosaV5
202609012114521035,202609011903674217,202609011903672005,85,3580,Bronze INV,br_ReAssessmentMentalHealth,TASK_COMPLETE,SUCCESS,INFO,2,2,0,,2026-09-01T19:04:17.664Z,2026-09-01T21:14:55.846Z,7838,2026-09-01T21:14:55.846Z,B51,N. Little Rock (OTP),0e5f68b5-5669-4bb1-91ce-4b967b620e7d,SAMMS-NorthLittleRockV6
202609012114521036,202609011903674218,202609011903672005,85,3581,Bronze INV,br_ReAssessmentMentalHealth,TASK_COMPLETE,SUCCESS,INFO,457,457,0,,2026-09-01T19:04:17.664Z,2026-09-01T21:14:55.846Z,7838,2026-09-01T21:14:55.846Z,B52,Jackson GA,0e5f68b5-5669-4bb1-91ce-4b967b620e7d,SAMMS-JacksonGAV5
202609012114521037,202609011903674219,202609011903672005,85,3582,Bronze INV,br_ReAssessmentMentalHealth,TASK_COMPLETE,SUCCESS,INFO,1703,1703,0,,2026-09-01T19:04:17.664Z,2026-09-01T21:14:55.846Z,7838,2026-09-01T21:14:55.846Z,B54,Gadsden,0e5f68b5-5669-4bb1-91ce-4b967b620e7d,SAMMS-GadsdenV5
202609012114521038,202609011903674220,202609011903672005,85,3583,Bronze INV,br_ReAssessmentMentalHealth,TASK_COMPLETE,SUCCESS,INFO,952,952,0,,2026-09-01T19:04:17.664Z,2026-09-01T21:14:55.846Z,7838,2026-09-01T21:14:55.846Z,B55,Shoals,0e5f68b5-5669-4bb1-91ce-4b967b620e7d,SAMMS-ShoalsV5
202609012114521039,202609011903674221,202609011903672005,85,3584,Bronze INV,br_ReAssessmentMentalHealth,TASK_COMPLETE,SUCCESS,INFO,294,294,0,,2026-09-01T19:04:17.664Z,2026-09-01T21:14:55.846Z,7838,2026-09-01T21:14:55.846Z,B57,Pawtucket,0e5f68b5-5669-4bb1-91ce-4b967b620e7d,SAMMS-Pawtucket
202609012114521041,202609011903674222,202609011903672005,85,3585,Bronze INV,br_ReAssessmentMentalHealth,TASK_COMPLETE,SUCCESS,INFO,554,554,0,,2026-09-01T19:04:17.664Z,2026-09-01T21:14:55.846Z,7838,2026-09-01T21:14:55.846Z,B57A,Johnston,0e5f68b5-5669-4bb1-91ce-4b967b620e7d,SAMMS-Johnston
202609012114521042,202609011903674223,202609011903672005,85,3586,Bronze INV,br_ReAssessmentMentalHealth,TASK_COMPLETE,SUCCESS,INFO,166,166,0,,2026-09-01T19:04:17.664Z,2026-09-01T21:14:55.846Z,7838,2026-09-01T21:14:55.846Z,B57B,Middletown,0e5f68b5-5669-4bb1-91ce-4b967b620e7d,SAMMS-Middletown
202609012114521043,202609011903674224,202609011903672005,85,3587,Bronze INV,br_ReAssessmentMentalHealth,TASK_COMPLETE,SUCCESS,INFO,413,413,0,,2026-09-01T19:04:17.664Z,2026-09-01T21:14:55.846Z,7838,2026-09-01T21:14:55.846Z,B57C,Providence,0e5f68b5-5669-4bb1-91ce-4b967b620e7d,SAMMS-Providence
202609012114521044,202609011903674225,202609011903672005,85,3588,Bronze INV,br_ReAssessmentMentalHealth,TASK_COMPLETE,SUCCESS,INFO,626,626,0,,2026-09-01T19:04:17.664Z,2026-09-01T21:14:55.846Z,7838,2026-09-01T21:14:55.846Z,B57D,Westerly,0e5f68b5-5669-4bb1-91ce-4b967b620e7d,SAMMS-Westerly
202609012114521045,202609011903674226,202609011903672005,85,3592,Bronze INV,br_ReAssessmentMentalHealth,TASK_COMPLETE,SUCCESS,INFO,4,4,0,,2026-09-01T19:04:17.664Z,2026-09-01T21:14:55.846Z,7838,2026-09-01T21:14:55.846Z,B66A,Bremen,0e5f68b5-5669-4bb1-91ce-4b967b620e7d,SAMMS-Bremen
202609012114521046,202609011903674227,202609011903672005,85,3595,Bronze INV,br_ReAssessmentMentalHealth,TASK_COMPLETE,SUCCESS,INFO,0,0,0,,2026-09-01T19:04:17.664Z,2026-09-01T21:14:55.846Z,7838,2026-09-01T21:14:55.846Z,B72,Mobile (OBOT),0e5f68b5-5669-4bb1-91ce-4b967b620e7d,SAMMS-Mobile-OBOT
202609012114521047,202609011903674228,202609011903672005,85,3596,Bronze INV,br_ReAssessmentMentalHealth,TASK_COMPLETE,SUCCESS,INFO,0,0,0,,2026-09-01T19:04:17.664Z,2026-09-01T21:14:55.846Z,7838,2026-09-01T21:14:55.846Z,B73,Montgomery,0e5f68b5-5669-4bb1-91ce-4b967b620e7d,SAMMS-Montgomery
202609012114521048,202609011903674229,202609011903672005,85,3597,Bronze INV,br_ReAssessmentMentalHealth,TASK_COMPLETE,SUCCESS,INFO,518,518,0,,2026-09-01T19:04:17.664Z,2026-09-01T21:14:55.846Z,7838,2026-09-01T21:14:55.846Z,B75,Lawrence,0e5f68b5-5669-4bb1-91ce-4b967b620e7d,SAMMS-LawrenceV6
202609012114521050,202609011903674230,202609011903672005,85,3598,Bronze INV,br_ReAssessmentMentalHealth,TASK_COMPLETE,SUCCESS,INFO,0,0,0,,2026-09-01T19:04:17.664Z,2026-09-01T21:14:55.846Z,7838,2026-09-01T21:14:55.846Z,B76,Huntsville OBOT,0e5f68b5-5669-4bb1-91ce-4b967b620e7d,SAMMS-Huntsville-OBOT
202609012114521051,202609011903674231,202609011903672005,85,3599,Bronze INV,br_ReAssessmentMentalHealth,TASK_COMPLETE,SUCCESS,INFO,0,0,0,,2026-09-01T19:04:17.664Z,2026-09-01T21:14:55.846Z,7838,2026-09-01T21:14:55.846Z,BAT,Batesville,0e5f68b5-5669-4bb1-91ce-4b967b620e7d,SAMMS-Batesville
202609012114521052,202609011903674232,202609011903672005,85,3600,Bronze INV,br_ReAssessmentMentalHealth,TASK_COMPLETE,SUCCESS,INFO,461,461,0,,2026-09-01T19:04:17.664Z,2026-09-01T21:14:55.846Z,7838,2026-09-01T21:14:55.846Z,BG,Bowling Green,0e5f68b5-5669-4bb1-91ce-4b967b620e7d,SAMMS-BowlingGreen
202609012114521053,202609011903674233,202609011903672005,85,3601,Bronze INV,br_ReAssessmentMentalHealth,TASK_COMPLETE,SUCCESS,INFO,182,182,0,,2026-09-01T19:04:17.664Z,2026-09-01T21:14:55.846Z,7838,2026-09-01T21:14:55.846Z,BOI,Boise,0e5f68b5-5669-4bb1-91ce-4b967b620e7d,SAMMS-Boise
202609012114521054,202609011903674234,202609011903672005,85,3608,Bronze INV,br_ReAssessmentMentalHealth,TASK_COMPLETE,SUCCESS,INFO,51,51,0,,2026-09-01T19:04:17.664Z,2026-09-01T21:14:55.846Z,7838,2026-09-01T21:14:55.846Z,CBCO,Coeur dAlene,0e5f68b5-5669-4bb1-91ce-4b967b620e7d,SAMMS-CoeurdAleneV6
202609012114521055,202609011903674235,202609011903672005,85,3627,Bronze INV,br_ReAssessmentMentalHealth,TASK_COMPLETE,SUCCESS,INFO,0,0,0,,2026-09-01T19:04:17.664Z,2026-09-01T21:14:55.846Z,7838,2026-09-01T21:14:55.846Z,CON,Conway,0e5f68b5-5669-4bb1-91ce-4b967b620e7d,SAMMS-Conway
202609012114521056,202609011903674236,202609011903672005,85,3628,Bronze INV,br_ReAssessmentMentalHealth,TASK_COMPLETE,SUCCESS,INFO,2578,2578,0,,2026-09-01T19:04:17.664Z,2026-09-01T21:14:55.846Z,7838,2026-09-01T21:14:55.846Z,D07,Medical Services Knox TN,0e5f68b5-5669-4bb1-91ce-4b967b620e7d,SAMMS-KnoxvilleV6
202609012114521057,202609011903674237,202609011903672005,85,3629,Bronze INV,br_ReAssessmentMentalHealth,TASK_COMPLETE,SUCCESS,INFO,113,113,0,,2026-09-01T19:04:17.664Z,2026-09-01T21:14:55.846Z,7838,2026-09-01T21:14:55.846Z,D08,Madison,0e5f68b5-5669-4bb1-91ce-4b967b620e7d,SAMMS-MadisonV6
202609012114521059,202609011903674238,202609011903672005,85,3631,Bronze INV,br_ReAssessmentMentalHealth,TASK_COMPLETE,SUCCESS,INFO,120,120,0,,2026-09-01T19:04:17.664Z,2026-09-01T21:14:55.846Z,7838,2026-09-01T21:14:55.846Z,D09,Murfreesboro,0e5f68b5-5669-4bb1-91ce-4b967b620e7d,SAMMS-MurfreesboroV6
202609012114521060,202609011903674239,202609011903672005,85,3632,Bronze INV,br_ReAssessmentMentalHealth,TASK_COMPLETE,SUCCESS,INFO,337,337,0,,2026-09-01T19:04:17.664Z,2026-09-01T21:14:55.846Z,7838,2026-09-01T21:14:55.846Z,DA,Davenport,0e5f68b5-5669-4bb1-91ce-4b967b620e7d,SAMMS-Davenport
202609012114521061,202609011903674240,202609011903672005,85,3633,Bronze INV,br_ReAssessmentMentalHealth,TASK_COMPLETE,SUCCESS,INFO,288,288,0,,2026-09-01T19:04:17.664Z,2026-09-01T21:14:55.846Z,7838,2026-09-01T21:14:55.846Z,DM,Des Moines,0e5f68b5-5669-4bb1-91ce-4b967b620e7d,SAMMS-DesMoines
202609012114521062,202609011903674241,202609011903672005,85,3635,Bronze INV,br_ReAssessmentMentalHealth,TASK_COMPLETE,SUCCESS,INFO,530,530,0,,2026-09-01T19:04:17.664Z,2026-09-01T21:14:55.846Z,7838,2026-09-01T21:14:55.846Z,DRD-CO,Columbia MO,0e5f68b5-5669-4bb1-91ce-4b967b620e7d,SAMMS-ColumbiaV5
202609022122572788,202609021903208226,202609021903206075,85,3495,Bronze INV,br_ReAssessmentLegal,TASK_COMPLETE,SUCCESS,INFO,588,588,0,,2026-09-02T19:03:39.838Z,2026-09-02T21:23:00.812Z,8361,2026-09-02T21:23:00.812Z,SFN,Springfield North,c49685cc-3281-44bc-a1c2-3be5b1110999,SAMMS-SFNv5
202609022122572789,202609021903208227,202609021903206075,85,3496,Bronze INV,br_ReAssessmentLegal,TASK_COMPLETE,SUCCESS,INFO,763,763,0,,2026-09-02T19:03:39.838Z,2026-09-02T21:23:00.812Z,8361,2026-09-02T21:23:00.812Z,SHP,Shreveport,c49685cc-3281-44bc-a1c2-3be5b1110999,SAMMS-Shreveport
202609022122572790,202609021903208228,202609021903206075,85,3498,Bronze INV,br_ReAssessmentLegal,TASK_COMPLETE,SUCCESS,INFO,481,481,0,,2026-09-02T19:03:39.838Z,2026-09-02T21:23:00.812Z,8361,2026-09-02T21:23:00.812Z,STN,Staunton,c49685cc-3281-44bc-a1c2-3be5b1110999,SAMMS-Staunton
202609022122572791,202609021903208229,202609021903206075,85,3499,Bronze INV,br_ReAssessmentLegal,TASK_COMPLETE,SUCCESS,INFO,224,224,0,,2026-09-02T19:03:39.838Z,2026-09-02T21:23:00.812Z,8361,2026-09-02T21:23:00.812Z,STVN,Stevenson,c49685cc-3281-44bc-a1c2-3be5b1110999,SAMMS-Stevenson
202609022122572792,202609021903208230,202609021903206075,85,3501,Bronze INV,br_ReAssessmentLegal,TASK_COMPLETE,SUCCESS,INFO,173,173,0,,2026-09-02T19:03:39.838Z,2026-09-02T21:23:00.812Z,8361,2026-09-02T21:23:00.812Z,TE,Tempe,c49685cc-3281-44bc-a1c2-3be5b1110999,SAMMS-Tempe
202609022122572793,202609021903208231,202609021903206075,85,3502,Bronze INV,br_ReAssessmentLegal,TASK_COMPLETE,SUCCESS,INFO,0,0,0,,2026-09-02T19:03:39.838Z,2026-09-02T21:23:00.812Z,8361,2026-09-02T21:23:00.812Z,TEX,Texarkana,c49685cc-3281-44bc-a1c2-3be5b1110999,SAMMS-Texarkana
202609022122572794,202609021903208232,202609021903206075,85,3503,Bronze INV,br_ReAssessmentLegal,TASK_COMPLETE,SUCCESS,INFO,1068,1068,0,,2026-09-02T19:03:39.838Z,2026-09-02T21:23:00.812Z,8361,2026-09-02T21:23:00.812Z,TTCA,Bessemer,c49685cc-3281-44bc-a1c2-3be5b1110999,SAMMS-BessemerV5
202609022122572795,202609021903208233,202609021903206075,85,3504,Bronze INV,br_ReAssessmentLegal,TASK_COMPLETE,SUCCESS,INFO,1315,1315,0,,2026-09-02T19:03:39.838Z,2026-09-02T21:23:00.812Z,8361,2026-09-02T21:23:00.812Z,TTCB,Cullman,c49685cc-3281-44bc-a1c2-3be5b1110999,SAMMS-CullmanV5
202609022122572796,202609021903208234,202609021903206075,85,3505,Bronze INV,br_ReAssessmentLegal,TASK_COMPLETE,SUCCESS,INFO,938,938,0,,2026-09-02T19:03:39.838Z,2026-09-02T21:23:00.812Z,8361,2026-09-02T21:23:00.812Z,TTCC,Grand Bay,c49685cc-3281-44bc-a1c2-3be5b1110999,SAMMS-GrandBay
202609022122572798,202609021903208235,202609021903206075,85,3506,Bronze INV,br_ReAssessmentLegal,TASK_COMPLETE,SUCCESS,INFO,15,15,0,,2026-09-02T19:03:39.838Z,2026-09-02T21:23:00.812Z,8361,2026-09-02T21:23:00.812Z,TU,Tucson,c49685cc-3281-44bc-a1c2-3be5b1110999,SAMMS-Tucson
202609022122572799,202609021903208236,202609021903206075,85,3508,Bronze INV,br_ReAssessmentLegal,TASK_COMPLETE,SUCCESS,INFO,660,660,0,,2026-09-02T19:03:39.838Z,2026-09-02T21:23:00.812Z,8361,2026-09-02T21:23:00.812Z,V1,Memphis South,c49685cc-3281-44bc-a1c2-3be5b1110999,SAMMS-VCPHCS-I-MemphisV5
202609022122572800,202609021903208237,202609021903206075,85,3509,Bronze INV,br_ReAssessmentLegal,TASK_COMPLETE,SUCCESS,INFO,1625,1625,0,,2026-09-02T19:03:39.838Z,2026-09-02T21:23:00.812Z,8361,2026-09-02T21:23:00.812Z,V10,Longmont,c49685cc-3281-44bc-a1c2-3be5b1110999,SAMMS-BoulderV5
202609022122572801,202609021903208238,202609021903206075,85,3510,Bronze INV,br_ReAssessmentLegal,TASK_COMPLETE,SUCCESS,INFO,1511,1511,0,,2026-09-02T19:03:39.838Z,2026-09-02T21:23:00.812Z,8361,2026-09-02T21:23:00.812Z,V10A,Fort Collins,c49685cc-3281-44bc-a1c2-3be5b1110999,SAMMS-FortCollinsV5
202609022122572802,202609021903208239,202609021903206075,85,3511,Bronze INV,br_ReAssessmentLegal,TASK_COMPLETE,SUCCESS,INFO,2862,2862,0,,2026-09-02T19:03:39.838Z,2026-09-02T21:23:00.812Z,8361,2026-09-02T21:23:00.812Z,V11,Westminster,c49685cc-3281-44bc-a1c2-3be5b1110999,SAMMS-VCPHCS-XI-NorthDenverV5
202609022122572803,202609021903208240,202609021903206075,85,3512,Bronze INV,br_ReAssessmentLegal,TASK_COMPLETE,SUCCESS,INFO,3027,3027,0,,2026-09-02T19:03:39.838Z,2026-09-02T21:23:00.812Z,8361,2026-09-02T21:23:00.812Z,V12,Downtown Denver,c49685cc-3281-44bc-a1c2-3be5b1110999,SAMMS-VCPHCS-XII-DowntownDenverV5
202609022122572804,202609021903208241,202609021903206075,85,3513,Bronze INV,br_ReAssessmentLegal,TASK_COMPLETE,SUCCESS,INFO,1132,1132,0,,2026-09-02T19:03:39.838Z,2026-09-02T21:23:00.812Z,8361,2026-09-02T21:23:00.812Z,V12A,Centennial,c49685cc-3281-44bc-a1c2-3be5b1110999,SAMMS-CentennialV5
202609022122572805,202609021903208242,202609021903206075,85,3514,Bronze INV,br_ReAssessmentLegal,TASK_COMPLETE,SUCCESS,INFO,293,293,0,,2026-09-02T19:03:39.838Z,2026-09-02T21:23:00.812Z,8361,2026-09-02T21:23:00.812Z,V14,Overland Park,c49685cc-3281-44bc-a1c2-3be5b1110999,SAMMS-VCPHCS-XIV-BridgewayV5
202609022122572806,202609021903208243,202609021903206075,85,3515,Bronze INV,br_ReAssessmentLegal,TASK_COMPLETE,SUCCESS,INFO,608,608,0,,2026-09-02T19:03:39.838Z,2026-09-02T21:23:00.812Z,8361,2026-09-02T21:23:00.812Z,V15,Joplin,c49685cc-3281-44bc-a1c2-3be5b1110999,SAMMS-JoplinV5
202609022122572807,202609021903208244,202609021903206075,85,3517,Bronze INV,br_ReAssessmentLegal,TASK_COMPLETE,SUCCESS,INFO,903,903,0,,2026-09-02T19:03:39.838Z,2026-09-02T21:23:00.812Z,8361,2026-09-02T21:23:00.812Z,V17,Columbia TN,c49685cc-3281-44bc-a1c2-3be5b1110999,SAMMS-ColumbiaTNv5
202609022122572808,202609021903208245,202609021903206075,85,3519,Bronze INV,br_ReAssessmentLegal,TASK_COMPLETE,SUCCESS,INFO,533,533,0,,2026-09-02T19:03:39.838Z,2026-09-02T21:23:00.812Z,8361,2026-09-02T21:23:00.812Z,V19,Jackson,c49685cc-3281-44bc-a1c2-3be5b1110999,SAMMS-JacksonV5
202609022122572810,202609021903208246,202609021903206075,85,3521,Bronze INV,br_ReAssessmentLegal,TASK_COMPLETE,SUCCESS,INFO,1761,1761,0,,2026-09-02T19:03:39.838Z,2026-09-02T21:23:00.812Z,8361,2026-09-02T21:23:00.812Z,V20,Paris,c49685cc-3281-44bc-a1c2-3be5b1110999,SAMMS-ParisV5
202609022122572811,202609021903208247,202609021903206075,85,3522,Bronze INV,br_ReAssessmentLegal,TASK_COMPLETE,SUCCESS,INFO,723,723,0,,2026-09-02T19:03:39.838Z,2026-09-02T21:23:00.812Z,8361,2026-09-02T21:23:00.812Z,V21,Memphis North,c49685cc-3281-44bc-a1c2-3be5b1110999,SAMMS-RaleighV5
202609022122572812,202609021903208248,202609021903206075,85,3525,Bronze INV,br_ReAssessmentLegal,TASK_COMPLETE,SUCCESS,INFO,1773,1773,0,,2026-09-02T19:03:39.838Z,2026-09-02T21:23:00.812Z,8361,2026-09-02T21:23:00.812Z,V5,West Bank,c49685cc-3281-44bc-a1c2-3be5b1110999,SAMMS-NONTCv5
202609022122572813,202609021903208249,202609021903206075,85,3527,Bronze INV,br_ReAssessmentLegal,TASK_COMPLETE,SUCCESS,INFO,144,144,0,,2026-09-02T19:03:39.838Z,2026-09-02T21:23:00.812Z,8361,2026-09-02T21:23:00.812Z,V5B,Houma,c49685cc-3281-44bc-a1c2-3be5b1110999,SAMMS-HoumaV6
202609022122572814,202609021903208250,202609021903206075,85,3528,Bronze INV,br_ReAssessmentLegal,TASK_COMPLETE,SUCCESS,INFO,1907,1907,0,,2026-09-02T19:03:39.838Z,2026-09-02T21:23:00.812Z,8361,2026-09-02T21:23:00.812Z,V6,Lake Charles,c49685cc-3281-44bc-a1c2-3be5b1110999,SAMMS-LCv5
202609022122572815,202609021903208251,202609021903206075,85,3530,Bronze INV,br_ReAssessmentLegal,TASK_COMPLETE,SUCCESS,INFO,741,741,0,,2026-09-02T19:03:39.838Z,2026-09-02T21:23:00.812Z,8361,2026-09-02T21:23:00.812Z,V8,Memphis Midtown,c49685cc-3281-44bc-a1c2-3be5b1110999,SAMMS-VCPHCS-VIII-MemphisV5
202609022122572816,202609021903208252,202609021903206075,85,3531,Bronze INV,br_ReAssessmentLegal,TASK_COMPLETE,SUCCESS,INFO,1758,1758,0,,2026-09-02T19:03:39.838Z,2026-09-02T21:23:00.812Z,8361,2026-09-02T21:23:00.812Z,V9,Nashville,c49685cc-3281-44bc-a1c2-3be5b1110999,SAMMS-NashvilleV5
202609022122572817,202609021903208253,202609021903206075,85,3532,Bronze INV,br_ReAssessmentLegal,TASK_COMPLETE,SUCCESS,INFO,837,837,0,,2026-09-02T19:03:39.838Z,2026-09-02T21:23:00.812Z,8361,2026-09-02T21:23:00.812Z,VBRA,Brainerd,c49685cc-3281-44bc-a1c2-3be5b1110999,SAMMS-BrainerdV6
202609022122572818,202609021903208254,202609021903206075,85,3533,Bronze INV,br_ReAssessmentLegal,TASK_COMPLETE,SUCCESS,INFO,1953,1953,0,,2026-09-02T19:03:39.838Z,2026-09-02T21:23:00.812Z,8361,2026-09-02T21:23:00.812Z,VBRP,Brooklyn Park,c49685cc-3281-44bc-a1c2-3be5b1110999,SAMMS-BrooklynParkV6
202609022122572819,202609021903208255,202609021903206075,85,3535,Bronze INV,br_ReAssessmentLegal,TASK_COMPLETE,SUCCESS,INFO,743,743,0,,2026-09-02T19:03:39.838Z,2026-09-02T21:23:00.812Z,8361,2026-09-02T21:23:00.812Z,VMIN,Minneapolis,c49685cc-3281-44bc-a1c2-3be5b1110999,SAMMS-MinneapolisV6
202609022122572820,202609021903208256,202609021903206075,85,3536,Bronze INV,br_ReAssessmentLegal,TASK_COMPLETE,SUCCESS,INFO,881,881,0,,2026-09-02T19:03:39.838Z,2026-09-02T21:23:00.812Z,8361,2026-09-02T21:23:00.812Z,VWBY,Woodbury,c49685cc-3281-44bc-a1c2-3be5b1110999,SAMMS-WoodburyV6
202609022122572822,202609021903208257,202609021903206075,85,3538,Bronze INV,br_ReAssessmentLegal,TASK_COMPLETE,SUCCESS,INFO,160,160,0,,2026-09-02T19:03:39.838Z,2026-09-02T21:23:00.812Z,8361,2026-09-02T21:23:00.812Z,WIL,Wilson,c49685cc-3281-44bc-a1c2-3be5b1110999,SAMMS-Wilson
202609022122572823,202609021903208258,202609021903206075,85,3542,Bronze INV,br_ReAssessmentMentalHealth,TASK_COMPLETE,SUCCESS,INFO,35,35,0,,2026-09-02T19:03:39.838Z,2026-09-02T21:23:00.812Z,8361,2026-09-02T21:23:00.812Z,AHK,Ahoskie,c49685cc-3281-44bc-a1c2-3be5b1110999,SAMMS-Ahoskie
202609022122572824,202609021903208259,202609021903206075,85,3543,Bronze INV,br_ReAssessmentMentalHealth,TASK_COMPLETE,SUCCESS,INFO,662,662,0,,2026-09-02T19:03:39.838Z,2026-09-02T21:23:00.812Z,8361,2026-09-02T21:23:00.812Z,B12B,Colorado Springs,c49685cc-3281-44bc-a1c2-3be5b1110999,SAMMS-ColoradoSpringsV5
202609022122572825,202609021903208260,202609021903206075,85,3544,Bronze INV,br_ReAssessmentMentalHealth,TASK_COMPLETE,SUCCESS,INFO,835,835,0,,2026-09-02T19:03:39.838Z,2026-09-02T21:23:00.812Z,8361,2026-09-02T21:23:00.812Z,B24,Paintsville,c49685cc-3281-44bc-a1c2-3be5b1110999,SAMMS-PaintsvilleV5
202609022122572826,202609021903208261,202609021903206075,85,3545,Bronze INV,br_ReAssessmentMentalHealth,TASK_COMPLETE,SUCCESS,INFO,646,646,0,,2026-09-02T19:03:39.838Z,2026-09-02T21:23:00.812Z,8361,2026-09-02T21:23:00.812Z,B25,Pikeville,c49685cc-3281-44bc-a1c2-3be5b1110999,SAMMS-PikevilleV5
202609022122572827,202609021903208262,202609021903206075,85,3546,Bronze INV,br_ReAssessmentMentalHealth,TASK_COMPLETE,SUCCESS,INFO,970,970,0,,2026-09-02T19:03:39.838Z,2026-09-02T21:23:00.812Z,8361,2026-09-02T21:23:00.812Z,B26,Hazard,c49685cc-3281-44bc-a1c2-3be5b1110999,SAMMS-HazardV5
202609022122572828,202609021903208263,202609021903206075,85,3547,Bronze INV,br_ReAssessmentMentalHealth,TASK_COMPLETE,SUCCESS,INFO,532,532,0,,2026-09-02T19:03:39.838Z,2026-09-02T21:23:00.812Z,8361,2026-09-02T21:23:00.812Z,B27,Savannah,c49685cc-3281-44bc-a1c2-3be5b1110999,SAMMS-SavannahV6
202609022122572829,202609021903208264,202609021903206075,85,3548,Bronze INV,br_ReAssessmentMentalHealth,TASK_COMPLETE,SUCCESS,INFO,246,246,0,,2026-09-02T19:03:39.838Z,2026-09-02T21:23:00.812Z,8361,2026-09-02T21:23:00.812Z,B28,West Plains,c49685cc-3281-44bc-a1c2-3be5b1110999,SAMMS-WestPlainesV5
202609022122572831,202609021903208265,202609021903206075,85,3549,Bronze INV,br_ReAssessmentMentalHealth,TASK_COMPLETE,SUCCESS,INFO,461,461,0,,2026-09-02T19:03:39.838Z,2026-09-02T21:23:00.812Z,8361,2026-09-02T21:23:00.812Z,B29,Poplar Bluff,c49685cc-3281-44bc-a1c2-3be5b1110999,SAMMS-PoplarBluffV5
202609022122572832,202609021903208266,202609021903206075,85,3550,Bronze INV,br_ReAssessmentMentalHealth,TASK_COMPLETE,SUCCESS,INFO,79,79,0,,2026-09-02T19:03:39.838Z,2026-09-02T21:23:00.812Z,8361,2026-09-02T21:23:00.812Z,B30,KC North,c49685cc-3281-44bc-a1c2-3be5b1110999,SAMMS-KCNv5
202609022122572833,202609021903208267,202609021903206075,85,3551,Bronze INV,br_ReAssessmentMentalHealth,TASK_COMPLETE,SUCCESS,INFO,401,401,0,,2026-09-02T19:03:39.838Z,2026-09-02T21:23:00.812Z,8361,2026-09-02T21:23:00.812Z,B31,Dyersburg,c49685cc-3281-44bc-a1c2-3be5b1110999,SAMMS-DyersburgV5
202609022122572834,202609021903208268,202609021903206075,85,3553,Bronze INV,br_ReAssessmentMentalHealth,TASK_COMPLETE,SUCCESS,INFO,487,487,0,,2026-09-02T19:03:39.838Z,2026-09-02T21:23:00.812Z,8361,2026-09-02T21:23:00.812Z,B33,Paducah,c49685cc-3281-44bc-a1c2-3be5b1110999,SAMMS-Paducah
202609022122572835,202609021903208269,202609021903206075,85,3554,Bronze INV,br_ReAssessmentMentalHealth,TASK_COMPLETE,SUCCESS,INFO,386,386,0,,2026-09-02T19:03:39.838Z,2026-09-02T21:23:00.812Z,8361,2026-09-02T21:23:00.812Z,B34,Corbin,c49685cc-3281-44bc-a1c2-3be5b1110999,SAMMS-CorbinV5
202609022122572836,202609021903208270,202609021903206075,85,3555,Bronze INV,br_ReAssessmentMentalHealth,TASK_COMPLETE,SUCCESS,INFO,242,242,0,,2026-09-02T19:03:39.838Z,2026-09-02T21:23:00.812Z,8361,2026-09-02T21:23:00.812Z,B35,Lexington,c49685cc-3281-44bc-a1c2-3be5b1110999,SAMMS-LexingtonV5
202609022122572837,202609021903208271,202609021903206075,85,3556,Bronze INV,br_ReAssessmentMentalHealth,TASK_COMPLETE,SUCCESS,INFO,77,77,0,,2026-09-02T19:03:39.838Z,2026-09-02T21:23:00.812Z,8361,2026-09-02T21:23:00.812Z,B35A,Berea,c49685cc-3281-44bc-a1c2-3be5b1110999,SAMMS-BereaV5
202609022122572838,202609021903208272,202609021903206075,85,3557,Bronze INV,br_ReAssessmentMentalHealth,TASK_COMPLETE,SUCCESS,INFO,20,20,0,,2026-09-02T19:03:39.838Z,2026-09-02T21:23:00.812Z,8361,2026-09-02T21:23:00.812Z,B36,Asheville,c49685cc-3281-44bc-a1c2-3be5b1110999,SAMMS-AshevilleV5
202609022122572839,202609021903208273,202609021903206075,85,3558,Bronze INV,br_ReAssessmentMentalHealth,TASK_COMPLETE,SUCCESS,INFO,1,1,0,,2026-09-02T19:03:39.838Z,2026-09-02T21:23:00.812Z,8361,2026-09-02T21:23:00.812Z,B37,Clyde,c49685cc-3281-44bc-a1c2-3be5b1110999,SAMMS-ClydeV5
202609022122572840,202609021903208274,202609021903206075,85,3559,Bronze INV,br_ReAssessmentMentalHealth,TASK_COMPLETE,SUCCESS,INFO,1188,1188,0,,2026-09-02T19:03:39.838Z,2026-09-02T21:23:00.812Z,8361,2026-09-02T21:23:00.812Z,B38,Spartanburg,c49685cc-3281-44bc-a1c2-3be5b1110999,SAMMS-SpartanburgV5
202609022122572842,202609021903208275,202609021903206075,85,3560,Bronze INV,br_ReAssessmentMentalHealth,TASK_COMPLETE,SUCCESS,INFO,362,362,0,,2026-09-02T19:03:39.838Z,2026-09-02T21:23:00.812Z,8361,2026-09-02T21:23:00.812Z,B39,Aiken,c49685cc-3281-44bc-a1c2-3be5b1110999,SAMMS-AikenV5
202609022122572843,202609021903208276,202609021903206075,85,3561,Bronze INV,br_ReAssessmentMentalHealth,TASK_COMPLETE,SUCCESS,INFO,1892,1892,0,,2026-09-02T19:03:39.838Z,2026-09-02T21:23:00.812Z,8361,2026-09-02T21:23:00.812Z,B41,Chesapeake,c49685cc-3281-44bc-a1c2-3be5b1110999,SAMMS-ChesapeakeV5
202609022122572844,202609021903208277,202609021903206075,85,3562,Bronze INV,br_ReAssessmentMentalHealth,TASK_COMPLETE,SUCCESS,INFO,1919,1919,0,,2026-09-02T19:03:39.838Z,2026-09-02T21:23:00.812Z,8361,2026-09-02T21:23:00.812Z,B42,Virginia Beach,c49685cc-3281-44bc-a1c2-3be5b1110999,SAMMS-VirginiaBeachV5
202609022122572845,202609021903208278,202609021903206075,85,3563,Bronze INV,br_ReAssessmentMentalHealth,TASK_COMPLETE,SUCCESS,INFO,931,931,0,,2026-09-02T19:03:39.838Z,2026-09-02T21:23:00.812Z,8361,2026-09-02T21:23:00.812Z,B42A,Newport News,c49685cc-3281-44bc-a1c2-3be5b1110999,SAMMS-NewportNewsV5
202609022122572846,202609021903208279,202609021903206075,85,3564,Bronze INV,br_ReAssessmentMentalHealth,TASK_COMPLETE,SUCCESS,INFO,508,508,0,,2026-09-02T19:03:39.838Z,2026-09-02T21:23:00.812Z,8361,2026-09-02T21:23:00.812Z,B42B,Franklin,c49685cc-3281-44bc-a1c2-3be5b1110999,SAMMS-FranklinV5
202609022122572847,202609021903208280,202609021903206075,85,3565,Bronze INV,br_ReAssessmentMentalHealth,TASK_COMPLETE,SUCCESS,INFO,345,345,0,,2026-09-02T19:03:39.838Z,2026-09-02T21:23:00.812Z,8361,2026-09-02T21:23:00.812Z,B42C,Glen Allen,c49685cc-3281-44bc-a1c2-3be5b1110999,SAMMS-GlenAllenV5
202609022122572848,202609021903208281,202609021903206075,85,3566,Bronze INV,br_ReAssessmentMentalHealth,TASK_COMPLETE,SUCCESS,INFO,1483,1483,0,,2026-09-02T19:03:39.838Z,2026-09-02T21:23:00.812Z,8361,2026-09-02T21:23:00.812Z,B42D,Chesapeake South,c49685cc-3281-44bc-a1c2-3be5b1110999,SAMMS-ChesapeakeSouthV5
202609022122572849,202609021903208282,202609021903206075,85,3567,Bronze INV,br_ReAssessmentMentalHealth,TASK_COMPLETE,SUCCESS,INFO,632,632,0,,2026-09-02T19:03:39.838Z,2026-09-02T21:23:00.812Z,8361,2026-09-02T21:23:00.812Z,B44,Albany,c49685cc-3281-44bc-a1c2-3be5b1110999,SAMMS-AlbanyV5
202609022122572850,202609021903208283,202609021903206075,85,3568,Bronze INV,br_ReAssessmentMentalHealth,TASK_COMPLETE,SUCCESS,INFO,1270,1270,0,,2026-09-02T19:03:39.838Z,2026-09-02T21:23:00.812Z,8361,2026-09-02T21:23:00.812Z,B45,Tifton,c49685cc-3281-44bc-a1c2-3be5b1110999,SAMMS-TiftonV5
202609022122572852,202609021903208284,202609021903206075,85,3569,Bronze INV,br_ReAssessmentMentalHealth,TASK_COMPLETE,SUCCESS,INFO,590,590,0,,2026-09-02T19:03:39.838Z,2026-09-02T21:23:00.812Z,8361,2026-09-02T21:23:00.812Z,B46,Washington DC,c49685cc-3281-44bc-a1c2-3be5b1110999,SAMMS-WashingtonDCv5
202609022122572853,202609021903208285,202609021903206075,85,3570,Bronze INV,br_ReAssessmentMentalHealth,TASK_COMPLETE,SUCCESS,INFO,1573,1573,0,,2026-09-02T19:03:39.838Z,2026-09-02T21:23:00.812Z,8361,2026-09-02T21:23:00.812Z,B47,Mobile,c49685cc-3281-44bc-a1c2-3be5b1110999,SAMMS-MobileV5
202609022122572854,202609021903208286,202609021903206075,85,3571,Bronze INV,br_ReAssessmentMentalHealth,TASK_COMPLETE,SUCCESS,INFO,1297,1297,0,,2026-09-02T19:03:39.838Z,2026-09-02T21:23:00.812Z,8361,2026-09-02T21:23:00.812Z,B48,Tuscaloosa,c49685cc-3281-44bc-a1c2-3be5b1110999,SAMMS-TuscaloosaV5
202609022122572855,202609021903208287,202609021903206075,85,3580,Bronze INV,br_ReAssessmentMentalHealth,TASK_COMPLETE,SUCCESS,INFO,2,2,0,,2026-09-02T19:03:39.838Z,2026-09-02T21:23:00.812Z,8361,2026-09-02T21:23:00.812Z,B51,N. Little Rock (OTP),c49685cc-3281-44bc-a1c2-3be5b1110999,SAMMS-NorthLittleRockV6
202609022122572856,202609021903208288,202609021903206075,85,3581,Bronze INV,br_ReAssessmentMentalHealth,TASK_COMPLETE,SUCCESS,INFO,457,457,0,,2026-09-02T19:03:39.838Z,2026-09-02T21:23:00.812Z,8361,2026-09-02T21:23:00.812Z,B52,Jackson GA,c49685cc-3281-44bc-a1c2-3be5b1110999,SAMMS-JacksonGAV5
202609022122572857,202609021903208289,202609021903206075,85,3582,Bronze INV,br_ReAssessmentMentalHealth,TASK_COMPLETE,SUCCESS,INFO,1703,1703,0,,2026-09-02T19:03:39.838Z,2026-09-02T21:23:00.812Z,8361,2026-09-02T21:23:00.812Z,B54,Gadsden,c49685cc-3281-44bc-a1c2-3be5b1110999,SAMMS-GadsdenV5
202609022122572858,202609021903208290,202609021903206075,85,3583,Bronze INV,br_ReAssessmentMentalHealth,TASK_COMPLETE,SUCCESS,INFO,952,952,0,,2026-09-02T19:03:39.838Z,2026-09-02T21:23:00.812Z,8361,2026-09-02T21:23:00.812Z,B55,Shoals,c49685cc-3281-44bc-a1c2-3be5b1110999,SAMMS-ShoalsV5
202609022122572859,202609021903208291,202609021903206075,85,3584,Bronze INV,br_ReAssessmentMentalHealth,TASK_COMPLETE,SUCCESS,INFO,294,294,0,,2026-09-02T19:03:39.838Z,2026-09-02T21:23:00.812Z,8361,2026-09-02T21:23:00.812Z,B57,Pawtucket,c49685cc-3281-44bc-a1c2-3be5b1110999,SAMMS-Pawtucket
202609022122572860,202609021903208292,202609021903206075,85,3585,Bronze INV,br_ReAssessmentMentalHealth,TASK_COMPLETE,SUCCESS,INFO,554,554,0,,2026-09-02T19:03:39.838Z,2026-09-02T21:23:00.812Z,8361,2026-09-02T21:23:00.812Z,B57A,Johnston,c49685cc-3281-44bc-a1c2-3be5b1110999,SAMMS-Johnston
202609022122572861,202609021903208293,202609021903206075,85,3586,Bronze INV,br_ReAssessmentMentalHealth,TASK_COMPLETE,SUCCESS,INFO,166,166,0,,2026-09-02T19:03:39.838Z,2026-09-02T21:23:00.812Z,8361,2026-09-02T21:23:00.812Z,B57B,Middletown,c49685cc-3281-44bc-a1c2-3be5b1110999,SAMMS-Middletown
202609022122572863,202609021903208294,202609021903206075,85,3587,Bronze INV,br_ReAssessmentMentalHealth,TASK_COMPLETE,SUCCESS,INFO,413,413,0,,2026-09-02T19:03:39.838Z,2026-09-02T21:23:00.812Z,8361,2026-09-02T21:23:00.812Z,B57C,Providence,c49685cc-3281-44bc-a1c2-3be5b1110999,SAMMS-Providence
202609022122572864,202609021903208295,202609021903206075,85,3588,Bronze INV,br_ReAssessmentMentalHealth,TASK_COMPLETE,SUCCESS,INFO,626,626,0,,2026-09-02T19:03:39.838Z,2026-09-02T21:23:00.812Z,8361,2026-09-02T21:23:00.812Z,B57D,Westerly,c49685cc-3281-44bc-a1c2-3be5b1110999,SAMMS-Westerly
202609022122572865,202609021903208296,202609021903206075,85,3592,Bronze INV,br_ReAssessmentMentalHealth,TASK_COMPLETE,SUCCESS,INFO,4,4,0,,2026-09-02T19:03:39.838Z,2026-09-02T21:23:00.812Z,8361,2026-09-02T21:23:00.812Z,B66A,Bremen,c49685cc-3281-44bc-a1c2-3be5b1110999,SAMMS-Bremen
202609022122572866,202609021903208297,202609021903206075,85,3595,Bronze INV,br_ReAssessmentMentalHealth,TASK_COMPLETE,SUCCESS,INFO,0,0,0,,2026-09-02T19:03:39.838Z,2026-09-02T21:23:00.812Z,8361,2026-09-02T21:23:00.812Z,B72,Mobile (OBOT),c49685cc-3281-44bc-a1c2-3be5b1110999,SAMMS-Mobile-OBOT
202609022122572867,202609021903208298,202609021903206075,85,3596,Bronze INV,br_ReAssessmentMentalHealth,TASK_COMPLETE,SUCCESS,INFO,0,0,0,,2026-09-02T19:03:39.838Z,2026-09-02T21:23:00.812Z,8361,2026-09-02T21:23:00.812Z,B73,Montgomery,c49685cc-3281-44bc-a1c2-3be5b1110999,SAMMS-Montgomery
202609022122572868,202609021903208299,202609021903206075,85,3597,Bronze INV,br_ReAssessmentMentalHealth,TASK_COMPLETE,SUCCESS,INFO,518,518,0,,2026-09-02T19:03:39.838Z,2026-09-02T21:23:00.812Z,8361,2026-09-02T21:23:00.812Z,B75,Lawrence,c49685cc-3281-44bc-a1c2-3be5b1110999,SAMMS-LawrenceV6
202609022122572869,202609021903208300,202609021903206075,85,3598,Bronze INV,br_ReAssessmentMentalHealth,TASK_COMPLETE,SUCCESS,INFO,0,0,0,,2026-09-02T19:03:39.838Z,2026-09-02T21:23:00.812Z,8361,2026-09-02T21:23:00.812Z,B76,Huntsville OBOT,c49685cc-3281-44bc-a1c2-3be5b1110999,SAMMS-Huntsville-OBOT
202609022122572870,202609021903208301,202609021903206075,85,3599,Bronze INV,br_ReAssessmentMentalHealth,TASK_COMPLETE,SUCCESS,INFO,0,0,0,,2026-09-02T19:03:39.838Z,2026-09-02T21:23:00.812Z,8361,2026-09-02T21:23:00.812Z,BAT,Batesville,c49685cc-3281-44bc-a1c2-3be5b1110999,SAMMS-Batesville
202609022122572871,202609021903208302,202609021903206075,85,3600,Bronze INV,br_ReAssessmentMentalHealth,TASK_COMPLETE,SUCCESS,INFO,461,461,0,,2026-09-02T19:03:39.838Z,2026-09-02T21:23:00.812Z,8361,2026-09-02T21:23:00.812Z,BG,Bowling Green,c49685cc-3281-44bc-a1c2-3be5b1110999,SAMMS-BowlingGreen
202609022122572872,202609021903208303,202609021903206075,85,3601,Bronze INV,br_ReAssessmentMentalHealth,TASK_COMPLETE,SUCCESS,INFO,182,182,0,,2026-09-02T19:03:39.838Z,2026-09-02T21:23:00.812Z,8361,2026-09-02T21:23:00.812Z,BOI,Boise,c49685cc-3281-44bc-a1c2-3be5b1110999,SAMMS-Boise
202609022122572874,202609021903208304,202609021903206075,85,3608,Bronze INV,br_ReAssessmentMentalHealth,TASK_COMPLETE,SUCCESS,INFO,51,51,0,,2026-09-02T19:03:39.838Z,2026-09-02T21:23:00.812Z,8361,2026-09-02T21:23:00.812Z,CBCO,Coeur dAlene,c49685cc-3281-44bc-a1c2-3be5b1110999,SAMMS-CoeurdAleneV6
202609022122572875,202609021903208305,202609021903206075,85,3627,Bronze INV,br_ReAssessmentMentalHealth,TASK_COMPLETE,SUCCESS,INFO,0,0,0,,2026-09-02T19:03:39.838Z,2026-09-02T21:23:00.812Z,8361,2026-09-02T21:23:00.812Z,CON,Conway,c49685cc-3281-44bc-a1c2-3be5b1110999,SAMMS-Conway
202609022122572876,202609021903208306,202609021903206075,85,3628,Bronze INV,br_ReAssessmentMentalHealth,TASK_COMPLETE,SUCCESS,INFO,2578,2578,0,,2026-09-02T19:03:39.838Z,2026-09-02T21:23:00.812Z,8361,2026-09-02T21:23:00.812Z,D07,Medical Services Knox TN,c49685cc-3281-44bc-a1c2-3be5b1110999,SAMMS-KnoxvilleV6
202609022122572877,202609021903208307,202609021903206075,85,3629,Bronze INV,br_ReAssessmentMentalHealth,TASK_COMPLETE,SUCCESS,INFO,113,113,0,,2026-09-02T19:03:39.838Z,2026-09-02T21:23:00.812Z,8361,2026-09-02T21:23:00.812Z,D08,Madison,c49685cc-3281-44bc-a1c2-3be5b1110999,SAMMS-MadisonV6
202609022122572878,202609021903208308,202609021903206075,85,3631,Bronze INV,br_ReAssessmentMentalHealth,TASK_COMPLETE,SUCCESS,INFO,120,120,0,,2026-09-02T19:03:39.838Z,2026-09-02T21:23:00.812Z,8361,2026-09-02T21:23:00.812Z,D09,Murfreesboro,c49685cc-3281-44bc-a1c2-3be5b1110999,SAMMS-MurfreesboroV6
202609022122572879,202609021903208309,202609021903206075,85,3632,Bronze INV,br_ReAssessmentMentalHealth,TASK_COMPLETE,SUCCESS,INFO,337,337,0,,2026-09-02T19:03:39.838Z,2026-09-02T21:23:00.812Z,8361,2026-09-02T21:23:00.812Z,DA,Davenport,c49685cc-3281-44bc-a1c2-3be5b1110999,SAMMS-Davenport
202609022122572880,202609021903208310,202609021903206075,85,3633,Bronze INV,br_ReAssessmentMentalHealth,TASK_COMPLETE,SUCCESS,INFO,288,288,0,,2026-09-02T19:03:39.838Z,2026-09-02T21:23:00.812Z,8361,2026-09-02T21:23:00.812Z,DM,Des Moines,c49685cc-3281-44bc-a1c2-3be5b1110999,SAMMS-DesMoines
202609022122572881,202609021903208311,202609021903206075,85,3635,Bronze INV,br_ReAssessmentMentalHealth,TASK_COMPLETE,SUCCESS,INFO,530,530,0,,2026-09-02T19:03:39.838Z,2026-09-02T21:23:00.812Z,8361,2026-09-02T21:23:00.812Z,DRD-CO,Columbia MO,c49685cc-3281-44bc-a1c2-3be5b1110999,SAMMS-ColumbiaV5
202608312116374059,202608311905654387,202608311905652236,85,3495,Bronze INV,br_ReAssessmentLegal,TASK_COMPLETE,SUCCESS,INFO,588,588,0,,2026-08-31T19:06:18.658Z,2026-08-31T21:16:41.151Z,7823,2026-08-31T21:16:41.151Z,SFN,Springfield North,79f5b39e-d314-4ad3-8050-3ace553d67de,SAMMS-SFNv5
202608312116374060,202608311905654388,202608311905652236,85,3496,Bronze INV,br_ReAssessmentLegal,TASK_COMPLETE,SUCCESS,INFO,763,763,0,,2026-08-31T19:06:18.658Z,2026-08-31T21:16:41.151Z,7823,2026-08-31T21:16:41.151Z,SHP,Shreveport,79f5b39e-d314-4ad3-8050-3ace553d67de,SAMMS-Shreveport
202608312116374061,202608311905654389,202608311905652236,85,3498,Bronze INV,br_ReAssessmentLegal,TASK_COMPLETE,SUCCESS,INFO,481,481,0,,2026-08-31T19:06:18.658Z,2026-08-31T21:16:41.151Z,7823,2026-08-31T21:16:41.151Z,STN,Staunton,79f5b39e-d314-4ad3-8050-3ace553d67de,SAMMS-Staunton
202608312116374062,202608311905654390,202608311905652236,85,3499,Bronze INV,br_ReAssessmentLegal,TASK_COMPLETE,SUCCESS,INFO,224,224,0,,2026-08-31T19:06:18.658Z,2026-08-31T21:16:41.151Z,7823,2026-08-31T21:16:41.151Z,STVN,Stevenson,79f5b39e-d314-4ad3-8050-3ace553d67de,SAMMS-Stevenson
202608312116374063,202608311905654391,202608311905652236,85,3501,Bronze INV,br_ReAssessmentLegal,TASK_COMPLETE,SUCCESS,INFO,173,173,0,,2026-08-31T19:06:18.658Z,2026-08-31T21:16:41.151Z,7823,2026-08-31T21:16:41.151Z,TE,Tempe,79f5b39e-d314-4ad3-8050-3ace553d67de,SAMMS-Tempe
202608312116374064,202608311905654392,202608311905652236,85,3502,Bronze INV,br_ReAssessmentLegal,TASK_COMPLETE,SUCCESS,INFO,0,0,0,,2026-08-31T19:06:18.658Z,2026-08-31T21:16:41.151Z,7823,2026-08-31T21:16:41.151Z,TEX,Texarkana,79f5b39e-d314-4ad3-8050-3ace553d67de,SAMMS-Texarkana
202608312116374065,202608311905654393,202608311905652236,85,3503,Bronze INV,br_ReAssessmentLegal,TASK_COMPLETE,SUCCESS,INFO,1068,1068,0,,2026-08-31T19:06:18.658Z,2026-08-31T21:16:41.151Z,7823,2026-08-31T21:16:41.151Z,TTCA,Bessemer,79f5b39e-d314-4ad3-8050-3ace553d67de,SAMMS-BessemerV5
202608312116374067,202608311905654394,202608311905652236,85,3504,Bronze INV,br_ReAssessmentLegal,TASK_COMPLETE,SUCCESS,INFO,1315,1315,0,,2026-08-31T19:06:18.658Z,2026-08-31T21:16:41.151Z,7823,2026-08-31T21:16:41.151Z,TTCB,Cullman,79f5b39e-d314-4ad3-8050-3ace553d67de,SAMMS-CullmanV5
202608312116374068,202608311905654395,202608311905652236,85,3505,Bronze INV,br_ReAssessmentLegal,TASK_COMPLETE,SUCCESS,INFO,938,938,0,,2026-08-31T19:06:18.658Z,2026-08-31T21:16:41.151Z,7823,2026-08-31T21:16:41.151Z,TTCC,Grand Bay,79f5b39e-d314-4ad3-8050-3ace553d67de,SAMMS-GrandBay
202608312116374069,202608311905654396,202608311905652236,85,3506,Bronze INV,br_ReAssessmentLegal,TASK_COMPLETE,SUCCESS,INFO,15,15,0,,2026-08-31T19:06:18.658Z,2026-08-31T21:16:41.151Z,7823,2026-08-31T21:16:41.151Z,TU,Tucson,79f5b39e-d314-4ad3-8050-3ace553d67de,SAMMS-Tucson
202608312116374070,202608311905654397,202608311905652236,85,3508,Bronze INV,br_ReAssessmentLegal,TASK_COMPLETE,SUCCESS,INFO,660,660,0,,2026-08-31T19:06:18.658Z,2026-08-31T21:16:41.151Z,7823,2026-08-31T21:16:41.151Z,V1,Memphis South,79f5b39e-d314-4ad3-8050-3ace553d67de,SAMMS-VCPHCS-I-MemphisV5
202608312116374071,202608311905654398,202608311905652236,85,3509,Bronze INV,br_ReAssessmentLegal,TASK_COMPLETE,SUCCESS,INFO,1625,1625,0,,2026-08-31T19:06:18.658Z,2026-08-31T21:16:41.151Z,7823,2026-08-31T21:16:41.151Z,V10,Longmont,79f5b39e-d314-4ad3-8050-3ace553d67de,SAMMS-BoulderV5
202608312116374072,202608311905654399,202608311905652236,85,3510,Bronze INV,br_ReAssessmentLegal,TASK_COMPLETE,SUCCESS,INFO,1511,1511,0,,2026-08-31T19:06:18.658Z,2026-08-31T21:16:41.151Z,7823,2026-08-31T21:16:41.151Z,V10A,Fort Collins,79f5b39e-d314-4ad3-8050-3ace553d67de,SAMMS-FortCollinsV5
202608312116374073,202608311905654400,202608311905652236,85,3511,Bronze INV,br_ReAssessmentLegal,TASK_COMPLETE,SUCCESS,INFO,2862,2862,0,,2026-08-31T19:06:18.658Z,2026-08-31T21:16:41.151Z,7823,2026-08-31T21:16:41.151Z,V11,Westminster,79f5b39e-d314-4ad3-8050-3ace553d67de,SAMMS-VCPHCS-XI-NorthDenverV5
202608312116374074,202608311905654401,202608311905652236,85,3512,Bronze INV,br_ReAssessmentLegal,TASK_COMPLETE,SUCCESS,INFO,3027,3027,0,,2026-08-31T19:06:18.658Z,2026-08-31T21:16:41.151Z,7823,2026-08-31T21:16:41.151Z,V12,Downtown Denver,79f5b39e-d314-4ad3-8050-3ace553d67de,SAMMS-VCPHCS-XII-DowntownDenverV5
202608312116374075,202608311905654402,202608311905652236,85,3513,Bronze INV,br_ReAssessmentLegal,TASK_COMPLETE,SUCCESS,INFO,1132,1132,0,,2026-08-31T19:06:18.658Z,2026-08-31T21:16:41.151Z,7823,2026-08-31T21:16:41.151Z,V12A,Centennial,79f5b39e-d314-4ad3-8050-3ace553d67de,SAMMS-CentennialV5
202608312116374076,202608311905654403,202608311905652236,85,3514,Bronze INV,br_ReAssessmentLegal,TASK_COMPLETE,SUCCESS,INFO,293,293,0,,2026-08-31T19:06:18.658Z,2026-08-31T21:16:41.151Z,7823,2026-08-31T21:16:41.151Z,V14,Overland Park,79f5b39e-d314-4ad3-8050-3ace553d67de,SAMMS-VCPHCS-XIV-BridgewayV5
202608312116374078,202608311905654404,202608311905652236,85,3515,Bronze INV,br_ReAssessmentLegal,TASK_COMPLETE,SUCCESS,INFO,608,608,0,,2026-08-31T19:06:18.658Z,2026-08-31T21:16:41.151Z,7823,2026-08-31T21:16:41.151Z,V15,Joplin,79f5b39e-d314-4ad3-8050-3ace553d67de,SAMMS-JoplinV5
202608312116374079,202608311905654405,202608311905652236,85,3517,Bronze INV,br_ReAssessmentLegal,TASK_COMPLETE,SUCCESS,INFO,903,903,0,,2026-08-31T19:06:18.658Z,2026-08-31T21:16:41.151Z,7823,2026-08-31T21:16:41.151Z,V17,Columbia TN,79f5b39e-d314-4ad3-8050-3ace553d67de,SAMMS-ColumbiaTNv5
202608312116374080,202608311905654406,202608311905652236,85,3519,Bronze INV,br_ReAssessmentLegal,TASK_COMPLETE,SUCCESS,INFO,533,533,0,,2026-08-31T19:06:18.658Z,2026-08-31T21:16:41.151Z,7823,2026-08-31T21:16:41.151Z,V19,Jackson,79f5b39e-d314-4ad3-8050-3ace553d67de,SAMMS-JacksonV5
202608312116374081,202608311905654407,202608311905652236,85,3521,Bronze INV,br_ReAssessmentLegal,TASK_COMPLETE,SUCCESS,INFO,1761,1761,0,,2026-08-31T19:06:18.658Z,2026-08-31T21:16:41.151Z,7823,2026-08-31T21:16:41.151Z,V20,Paris,79f5b39e-d314-4ad3-8050-3ace553d67de,SAMMS-ParisV5
202608312116374082,202608311905654408,202608311905652236,85,3522,Bronze INV,br_ReAssessmentLegal,TASK_COMPLETE,SUCCESS,INFO,723,723,0,,2026-08-31T19:06:18.658Z,2026-08-31T21:16:41.151Z,7823,2026-08-31T21:16:41.151Z,V21,Memphis North,79f5b39e-d314-4ad3-8050-3ace553d67de,SAMMS-RaleighV5
202608312116374083,202608311905654409,202608311905652236,85,3525,Bronze INV,br_ReAssessmentLegal,TASK_COMPLETE,SUCCESS,INFO,1773,1773,0,,2026-08-31T19:06:18.658Z,2026-08-31T21:16:41.151Z,7823,2026-08-31T21:16:41.151Z,V5,West Bank,79f5b39e-d314-4ad3-8050-3ace553d67de,SAMMS-NONTCv5
202608312116374084,202608311905654410,202608311905652236,85,3527,Bronze INV,br_ReAssessmentLegal,TASK_COMPLETE,SUCCESS,INFO,144,144,0,,2026-08-31T19:06:18.658Z,2026-08-31T21:16:41.151Z,7823,2026-08-31T21:16:41.151Z,V5B,Houma,79f5b39e-d314-4ad3-8050-3ace553d67de,SAMMS-HoumaV6
202608312116374085,202608311905654411,202608311905652236,85,3528,Bronze INV,br_ReAssessmentLegal,TASK_COMPLETE,SUCCESS,INFO,1907,1907,0,,2026-08-31T19:06:18.658Z,2026-08-31T21:16:41.151Z,7823,2026-08-31T21:16:41.151Z,V6,Lake Charles,79f5b39e-d314-4ad3-8050-3ace553d67de,SAMMS-LCv5
202608312116374086,202608311905654412,202608311905652236,85,3530,Bronze INV,br_ReAssessmentLegal,TASK_COMPLETE,SUCCESS,INFO,741,741,0,,2026-08-31T19:06:18.658Z,2026-08-31T21:16:41.151Z,7823,2026-08-31T21:16:41.151Z,V8,Memphis Midtown,79f5b39e-d314-4ad3-8050-3ace553d67de,SAMMS-VCPHCS-VIII-MemphisV5
202608312116374087,202608311905654413,202608311905652236,85,3531,Bronze INV,br_ReAssessmentLegal,TASK_COMPLETE,SUCCESS,INFO,1758,1758,0,,2026-08-31T19:06:18.658Z,2026-08-31T21:16:41.151Z,7823,2026-08-31T21:16:41.151Z,V9,Nashville,79f5b39e-d314-4ad3-8050-3ace553d67de,SAMMS-NashvilleV5
202608312116374088,202608311905654414,202608311905652236,85,3532,Bronze INV,br_ReAssessmentLegal,TASK_COMPLETE,SUCCESS,INFO,837,837,0,,2026-08-31T19:06:18.658Z,2026-08-31T21:16:41.151Z,7823,2026-08-31T21:16:41.151Z,VBRA,Brainerd,79f5b39e-d314-4ad3-8050-3ace553d67de,SAMMS-BrainerdV6
202608312116374090,202608311905654415,202608311905652236,85,3533,Bronze INV,br_ReAssessmentLegal,TASK_COMPLETE,SUCCESS,INFO,1953,1953,0,,2026-08-31T19:06:18.658Z,2026-08-31T21:16:41.151Z,7823,2026-08-31T21:16:41.151Z,VBRP,Brooklyn Park,79f5b39e-d314-4ad3-8050-3ace553d67de,SAMMS-BrooklynParkV6
202608312116374091,202608311905654416,202608311905652236,85,3535,Bronze INV,br_ReAssessmentLegal,TASK_COMPLETE,SUCCESS,INFO,743,743,0,,2026-08-31T19:06:18.658Z,2026-08-31T21:16:41.151Z,7823,2026-08-31T21:16:41.151Z,VMIN,Minneapolis,79f5b39e-d314-4ad3-8050-3ace553d67de,SAMMS-MinneapolisV6
202608312116374092,202608311905654417,202608311905652236,85,3536,Bronze INV,br_ReAssessmentLegal,TASK_COMPLETE,SUCCESS,INFO,881,881,0,,2026-08-31T19:06:18.658Z,2026-08-31T21:16:41.151Z,7823,2026-08-31T21:16:41.151Z,VWBY,Woodbury,79f5b39e-d314-4ad3-8050-3ace553d67de,SAMMS-WoodburyV6
202608312116374093,202608311905654418,202608311905652236,85,3538,Bronze INV,br_ReAssessmentLegal,TASK_COMPLETE,SUCCESS,INFO,160,160,0,,2026-08-31T19:06:18.658Z,2026-08-31T21:16:41.151Z,7823,2026-08-31T21:16:41.151Z,WIL,Wilson,79f5b39e-d314-4ad3-8050-3ace553d67de,SAMMS-Wilson
202608312116374094,202608311905654419,202608311905652236,85,3542,Bronze INV,br_ReAssessmentMentalHealth,TASK_COMPLETE,SUCCESS,INFO,35,35,0,,2026-08-31T19:06:18.658Z,2026-08-31T21:16:41.151Z,7823,2026-08-31T21:16:41.151Z,AHK,Ahoskie,79f5b39e-d314-4ad3-8050-3ace553d67de,SAMMS-Ahoskie
202608312116374095,202608311905654420,202608311905652236,85,3543,Bronze INV,br_ReAssessmentMentalHealth,TASK_COMPLETE,SUCCESS,INFO,662,662,0,,2026-08-31T19:06:18.658Z,2026-08-31T21:16:41.151Z,7823,2026-08-31T21:16:41.151Z,B12B,Colorado Springs,79f5b39e-d314-4ad3-8050-3ace553d67de,SAMMS-ColoradoSpringsV5
202608312116374096,202608311905654421,202608311905652236,85,3544,Bronze INV,br_ReAssessmentMentalHealth,TASK_COMPLETE,SUCCESS,INFO,835,835,0,,2026-08-31T19:06:18.658Z,2026-08-31T21:16:41.151Z,7823,2026-08-31T21:16:41.151Z,B24,Paintsville,79f5b39e-d314-4ad3-8050-3ace553d67de,SAMMS-PaintsvilleV5
202608312116374097,202608311905654422,202608311905652236,85,3545,Bronze INV,br_ReAssessmentMentalHealth,TASK_COMPLETE,SUCCESS,INFO,646,646,0,,2026-08-31T19:06:18.658Z,2026-08-31T21:16:41.151Z,7823,2026-08-31T21:16:41.151Z,B25,Pikeville,79f5b39e-d314-4ad3-8050-3ace553d67de,SAMMS-PikevilleV5
202608312116374098,202608311905654423,202608311905652236,85,3546,Bronze INV,br_ReAssessmentMentalHealth,TASK_COMPLETE,SUCCESS,INFO,970,970,0,,2026-08-31T19:06:18.658Z,2026-08-31T21:16:41.151Z,7823,2026-08-31T21:16:41.151Z,B26,Hazard,79f5b39e-d314-4ad3-8050-3ace553d67de,SAMMS-HazardV5
202608312116374099,202608311905654424,202608311905652236,85,3547,Bronze INV,br_ReAssessmentMentalHealth,TASK_COMPLETE,SUCCESS,INFO,532,532,0,,2026-08-31T19:06:18.658Z,2026-08-31T21:16:41.151Z,7823,2026-08-31T21:16:41.151Z,B27,Savannah,79f5b39e-d314-4ad3-8050-3ace553d67de,SAMMS-SavannahV6
202608312116374100,202608311905654425,202608311905652236,85,3548,Bronze INV,br_ReAssessmentMentalHealth,TASK_COMPLETE,SUCCESS,INFO,246,246,0,,2026-08-31T19:06:18.658Z,2026-08-31T21:16:41.151Z,7823,2026-08-31T21:16:41.151Z,B28,West Plains,79f5b39e-d314-4ad3-8050-3ace553d67de,SAMMS-WestPlainesV5
202608312116374101,202608311905654426,202608311905652236,85,3549,Bronze INV,br_ReAssessmentMentalHealth,TASK_COMPLETE,SUCCESS,INFO,461,461,0,,2026-08-31T19:06:18.658Z,2026-08-31T21:16:41.151Z,7823,2026-08-31T21:16:41.151Z,B29,Poplar Bluff,79f5b39e-d314-4ad3-8050-3ace553d67de,SAMMS-PoplarBluffV5
202608312116374103,202608311905654427,202608311905652236,85,3550,Bronze INV,br_ReAssessmentMentalHealth,TASK_COMPLETE,SUCCESS,INFO,79,79,0,,2026-08-31T19:06:18.658Z,2026-08-31T21:16:41.151Z,7823,2026-08-31T21:16:41.151Z,B30,KC North,79f5b39e-d314-4ad3-8050-3ace553d67de,SAMMS-KCNv5
202608312116374104,202608311905654428,202608311905652236,85,3551,Bronze INV,br_ReAssessmentMentalHealth,TASK_COMPLETE,SUCCESS,INFO,401,401,0,,2026-08-31T19:06:18.658Z,2026-08-31T21:16:41.151Z,7823,2026-08-31T21:16:41.151Z,B31,Dyersburg,79f5b39e-d314-4ad3-8050-3ace553d67de,SAMMS-DyersburgV5
202608312116374105,202608311905654429,202608311905652236,85,3553,Bronze INV,br_ReAssessmentMentalHealth,TASK_COMPLETE,SUCCESS,INFO,487,487,0,,2026-08-31T19:06:18.658Z,2026-08-31T21:16:41.151Z,7823,2026-08-31T21:16:41.151Z,B33,Paducah,79f5b39e-d314-4ad3-8050-3ace553d67de,SAMMS-Paducah
202608312116374106,202608311905654430,202608311905652236,85,3554,Bronze INV,br_ReAssessmentMentalHealth,TASK_COMPLETE,SUCCESS,INFO,386,386,0,,2026-08-31T19:06:18.658Z,2026-08-31T21:16:41.151Z,7823,2026-08-31T21:16:41.151Z,B34,Corbin,79f5b39e-d314-4ad3-8050-3ace553d67de,SAMMS-CorbinV5
202608312116374107,202608311905654431,202608311905652236,85,3555,Bronze INV,br_ReAssessmentMentalHealth,TASK_COMPLETE,SUCCESS,INFO,242,242,0,,2026-08-31T19:06:18.658Z,2026-08-31T21:16:41.151Z,7823,2026-08-31T21:16:41.151Z,B35,Lexington,79f5b39e-d314-4ad3-8050-3ace553d67de,SAMMS-LexingtonV5
202608312116374108,202608311905654432,202608311905652236,85,3556,Bronze INV,br_ReAssessmentMentalHealth,TASK_COMPLETE,SUCCESS,INFO,77,77,0,,2026-08-31T19:06:18.658Z,2026-08-31T21:16:41.151Z,7823,2026-08-31T21:16:41.151Z,B35A,Berea,79f5b39e-d314-4ad3-8050-3ace553d67de,SAMMS-BereaV5
202608312116374109,202608311905654433,202608311905652236,85,3557,Bronze INV,br_ReAssessmentMentalHealth,TASK_COMPLETE,SUCCESS,INFO,20,20,0,,2026-08-31T19:06:18.658Z,2026-08-31T21:16:41.151Z,7823,2026-08-31T21:16:41.151Z,B36,Asheville,79f5b39e-d314-4ad3-8050-3ace553d67de,SAMMS-AshevilleV5
202608312116374110,202608311905654434,202608311905652236,85,3558,Bronze INV,br_ReAssessmentMentalHealth,TASK_COMPLETE,SUCCESS,INFO,1,1,0,,2026-08-31T19:06:18.658Z,2026-08-31T21:16:41.151Z,7823,2026-08-31T21:16:41.151Z,B37,Clyde,79f5b39e-d314-4ad3-8050-3ace553d67de,SAMMS-ClydeV5
202608312116374111,202608311905654435,202608311905652236,85,3559,Bronze INV,br_ReAssessmentMentalHealth,TASK_COMPLETE,SUCCESS,INFO,1188,1188,0,,2026-08-31T19:06:18.658Z,2026-08-31T21:16:41.151Z,7823,2026-08-31T21:16:41.151Z,B38,Spartanburg,79f5b39e-d314-4ad3-8050-3ace553d67de,SAMMS-SpartanburgV5
202608312116374112,202608311905654436,202608311905652236,85,3560,Bronze INV,br_ReAssessmentMentalHealth,TASK_COMPLETE,SUCCESS,INFO,362,362,0,,2026-08-31T19:06:18.658Z,2026-08-31T21:16:41.151Z,7823,2026-08-31T21:16:41.151Z,B39,Aiken,79f5b39e-d314-4ad3-8050-3ace553d67de,SAMMS-AikenV5
202608312116374113,202608311905654437,202608311905652236,85,3561,Bronze INV,br_ReAssessmentMentalHealth,TASK_COMPLETE,SUCCESS,INFO,1892,1892,0,,2026-08-31T19:06:18.658Z,2026-08-31T21:16:41.151Z,7823,2026-08-31T21:16:41.151Z,B41,Chesapeake,79f5b39e-d314-4ad3-8050-3ace553d67de,SAMMS-ChesapeakeV5
202608312116374115,202608311905654438,202608311905652236,85,3562,Bronze INV,br_ReAssessmentMentalHealth,TASK_COMPLETE,SUCCESS,INFO,1919,1919,0,,2026-08-31T19:06:18.658Z,2026-08-31T21:16:41.151Z,7823,2026-08-31T21:16:41.151Z,B42,Virginia Beach,79f5b39e-d314-4ad3-8050-3ace553d67de,SAMMS-VirginiaBeachV5
202608312116374116,202608311905654439,202608311905652236,85,3563,Bronze INV,br_ReAssessmentMentalHealth,TASK_COMPLETE,SUCCESS,INFO,931,931,0,,2026-08-31T19:06:18.658Z,2026-08-31T21:16:41.151Z,7823,2026-08-31T21:16:41.151Z,B42A,Newport News,79f5b39e-d314-4ad3-8050-3ace553d67de,SAMMS-NewportNewsV5
202608312116374117,202608311905654440,202608311905652236,85,3564,Bronze INV,br_ReAssessmentMentalHealth,TASK_COMPLETE,SUCCESS,INFO,508,508,0,,2026-08-31T19:06:18.658Z,2026-08-31T21:16:41.151Z,7823,2026-08-31T21:16:41.151Z,B42B,Franklin,79f5b39e-d314-4ad3-8050-3ace553d67de,SAMMS-FranklinV5
202608312116374118,202608311905654441,202608311905652236,85,3565,Bronze INV,br_ReAssessmentMentalHealth,TASK_COMPLETE,SUCCESS,INFO,345,345,0,,2026-08-31T19:06:18.658Z,2026-08-31T21:16:41.151Z,7823,2026-08-31T21:16:41.151Z,B42C,Glen Allen,79f5b39e-d314-4ad3-8050-3ace553d67de,SAMMS-GlenAllenV5
202608312116374119,202608311905654442,202608311905652236,85,3566,Bronze INV,br_ReAssessmentMentalHealth,TASK_COMPLETE,SUCCESS,INFO,1483,1483,0,,2026-08-31T19:06:18.658Z,2026-08-31T21:16:41.151Z,7823,2026-08-31T21:16:41.151Z,B42D,Chesapeake South,79f5b39e-d314-4ad3-8050-3ace553d67de,SAMMS-ChesapeakeSouthV5
202608312116374120,202608311905654443,202608311905652236,85,3567,Bronze INV,br_ReAssessmentMentalHealth,TASK_COMPLETE,SUCCESS,INFO,632,632,0,,2026-08-31T19:06:18.658Z,2026-08-31T21:16:41.151Z,7823,2026-08-31T21:16:41.151Z,B44,Albany,79f5b39e-d314-4ad3-8050-3ace553d67de,SAMMS-AlbanyV5
202608312116374121,202608311905654444,202608311905652236,85,3568,Bronze INV,br_ReAssessmentMentalHealth,TASK_COMPLETE,SUCCESS,INFO,1270,1270,0,,2026-08-31T19:06:18.658Z,2026-08-31T21:16:41.151Z,7823,2026-08-31T21:16:41.151Z,B45,Tifton,79f5b39e-d314-4ad3-8050-3ace553d67de,SAMMS-TiftonV5
202608312116374122,202608311905654445,202608311905652236,85,3569,Bronze INV,br_ReAssessmentMentalHealth,TASK_COMPLETE,SUCCESS,INFO,590,590,0,,2026-08-31T19:06:18.658Z,2026-08-31T21:16:41.151Z,7823,2026-08-31T21:16:41.151Z,B46,Washington DC,79f5b39e-d314-4ad3-8050-3ace553d67de,SAMMS-WashingtonDCv5
202608312116374123,202608311905654446,202608311905652236,85,3570,Bronze INV,br_ReAssessmentMentalHealth,TASK_COMPLETE,SUCCESS,INFO,1573,1573,0,,2026-08-31T19:06:18.658Z,2026-08-31T21:16:41.151Z,7823,2026-08-31T21:16:41.151Z,B47,Mobile,79f5b39e-d314-4ad3-8050-3ace553d67de,SAMMS-MobileV5
202608312116374124,202608311905654447,202608311905652236,85,3571,Bronze INV,br_ReAssessmentMentalHealth,TASK_COMPLETE,SUCCESS,INFO,1297,1297,0,,2026-08-31T19:06:18.658Z,2026-08-31T21:16:41.151Z,7823,2026-08-31T21:16:41.151Z,B48,Tuscaloosa,79f5b39e-d314-4ad3-8050-3ace553d67de,SAMMS-TuscaloosaV5
202608312116374126,202608311905654448,202608311905652236,85,3580,Bronze INV,br_ReAssessmentMentalHealth,TASK_COMPLETE,SUCCESS,INFO,2,2,0,,2026-08-31T19:06:18.658Z,2026-08-31T21:16:41.151Z,7823,2026-08-31T21:16:41.151Z,B51,N. Little Rock (OTP),79f5b39e-d314-4ad3-8050-3ace553d67de,SAMMS-NorthLittleRockV6
202608312116374127,202608311905654449,202608311905652236,85,3581,Bronze INV,br_ReAssessmentMentalHealth,TASK_COMPLETE,SUCCESS,INFO,457,457,0,,2026-08-31T19:06:18.658Z,2026-08-31T21:16:41.151Z,7823,2026-08-31T21:16:41.151Z,B52,Jackson GA,79f5b39e-d314-4ad3-8050-3ace553d67de,SAMMS-JacksonGAV5
202608312116374128,202608311905654450,202608311905652236,85,3582,Bronze INV,br_ReAssessmentMentalHealth,TASK_COMPLETE,SUCCESS,INFO,1703,1703,0,,2026-08-31T19:06:18.658Z,2026-08-31T21:16:41.151Z,7823,2026-08-31T21:16:41.151Z,B54,Gadsden,79f5b39e-d314-4ad3-8050-3ace553d67de,SAMMS-GadsdenV5
202608312116374129,202608311905654451,202608311905652236,85,3583,Bronze INV,br_ReAssessmentMentalHealth,TASK_COMPLETE,SUCCESS,INFO,952,952,0,,2026-08-31T19:06:18.658Z,2026-08-31T21:16:41.151Z,7823,2026-08-31T21:16:41.151Z,B55,Shoals,79f5b39e-d314-4ad3-8050-3ace553d67de,SAMMS-ShoalsV5
202608312116374130,202608311905654452,202608311905652236,85,3584,Bronze INV,br_ReAssessmentMentalHealth,TASK_COMPLETE,SUCCESS,INFO,294,294,0,,2026-08-31T19:06:18.658Z,2026-08-31T21:16:41.151Z,7823,2026-08-31T21:16:41.151Z,B57,Pawtucket,79f5b39e-d314-4ad3-8050-3ace553d67de,SAMMS-Pawtucket
202608312116374131,202608311905654453,202608311905652236,85,3585,Bronze INV,br_ReAssessmentMentalHealth,TASK_COMPLETE,SUCCESS,INFO,554,554,0,,2026-08-31T19:06:18.658Z,2026-08-31T21:16:41.151Z,7823,2026-08-31T21:16:41.151Z,B57A,Johnston,79f5b39e-d314-4ad3-8050-3ace553d67de,SAMMS-Johnston
202608312116374132,202608311905654454,202608311905652236,85,3586,Bronze INV,br_ReAssessmentMentalHealth,TASK_COMPLETE,SUCCESS,INFO,166,166,0,,2026-08-31T19:06:18.658Z,2026-08-31T21:16:41.151Z,7823,2026-08-31T21:16:41.151Z,B57B,Middletown,79f5b39e-d314-4ad3-8050-3ace553d67de,SAMMS-Middletown
202608312116374134,202608311905654455,202608311905652236,85,3587,Bronze INV,br_ReAssessmentMentalHealth,TASK_COMPLETE,SUCCESS,INFO,413,413,0,,2026-08-31T19:06:18.658Z,2026-08-31T21:16:41.151Z,7823,2026-08-31T21:16:41.151Z,B57C,Providence,79f5b39e-d314-4ad3-8050-3ace553d67de,SAMMS-Providence
202608312116374135,202608311905654456,202608311905652236,85,3588,Bronze INV,br_ReAssessmentMentalHealth,TASK_COMPLETE,SUCCESS,INFO,626,626,0,,2026-08-31T19:06:18.658Z,2026-08-31T21:16:41.151Z,7823,2026-08-31T21:16:41.151Z,B57D,Westerly,79f5b39e-d314-4ad3-8050-3ace553d67de,SAMMS-Westerly
202608312116374136,202608311905654457,202608311905652236,85,3592,Bronze INV,br_ReAssessmentMentalHealth,TASK_COMPLETE,SUCCESS,INFO,4,4,0,,2026-08-31T19:06:18.658Z,2026-08-31T21:16:41.151Z,7823,2026-08-31T21:16:41.151Z,B66A,Bremen,79f5b39e-d314-4ad3-8050-3ace553d67de,SAMMS-Bremen
202608312116374137,202608311905654458,202608311905652236,85,3595,Bronze INV,br_ReAssessmentMentalHealth,TASK_COMPLETE,SUCCESS,INFO,0,0,0,,2026-08-31T19:06:18.658Z,2026-08-31T21:16:41.151Z,7823,2026-08-31T21:16:41.151Z,B72,Mobile (OBOT),79f5b39e-d314-4ad3-8050-3ace553d67de,SAMMS-Mobile-OBOT
202608312116374138,202608311905654459,202608311905652236,85,3596,Bronze INV,br_ReAssessmentMentalHealth,TASK_COMPLETE,SUCCESS,INFO,0,0,0,,2026-08-31T19:06:18.658Z,2026-08-31T21:16:41.151Z,7823,2026-08-31T21:16:41.151Z,B73,Montgomery,79f5b39e-d314-4ad3-8050-3ace553d67de,SAMMS-Montgomery
202608312116374139,202608311905654460,202608311905652236,85,3597,Bronze INV,br_ReAssessmentMentalHealth,TASK_COMPLETE,SUCCESS,INFO,518,518,0,,2026-08-31T19:06:18.658Z,2026-08-31T21:16:41.151Z,7823,2026-08-31T21:16:41.151Z,B75,Lawrence,79f5b39e-d314-4ad3-8050-3ace553d67de,SAMMS-LawrenceV6
202608312116374140,202608311905654461,202608311905652236,85,3598,Bronze INV,br_ReAssessmentMentalHealth,TASK_COMPLETE,SUCCESS,INFO,0,0,0,,2026-08-31T19:06:18.658Z,2026-08-31T21:16:41.151Z,7823,2026-08-31T21:16:41.151Z,B76,Huntsville OBOT,79f5b39e-d314-4ad3-8050-3ace553d67de,SAMMS-Huntsville-OBOT
202608312116374141,202608311905654462,202608311905652236,85,3599,Bronze INV,br_ReAssessmentMentalHealth,TASK_COMPLETE,SUCCESS,INFO,0,0,0,,2026-08-31T19:06:18.658Z,2026-08-31T21:16:41.151Z,7823,2026-08-31T21:16:41.151Z,BAT,Batesville,79f5b39e-d314-4ad3-8050-3ace553d67de,SAMMS-Batesville
202608312116374142,202608311905654463,202608311905652236,85,3600,Bronze INV,br_ReAssessmentMentalHealth,TASK_COMPLETE,SUCCESS,INFO,461,461,0,,2026-08-31T19:06:18.658Z,2026-08-31T21:16:41.151Z,7823,2026-08-31T21:16:41.151Z,BG,Bowling Green,79f5b39e-d314-4ad3-8050-3ace553d67de,SAMMS-BowlingGreen
202608312116374143,202608311905654464,202608311905652236,85,3601,Bronze INV,br_ReAssessmentMentalHealth,TASK_COMPLETE,SUCCESS,INFO,182,182,0,,2026-08-31T19:06:18.658Z,2026-08-31T21:16:41.151Z,7823,2026-08-31T21:16:41.151Z,BOI,Boise,79f5b39e-d314-4ad3-8050-3ace553d67de,SAMMS-Boise
202608312116374144,202608311905654465,202608311905652236,85,3608,Bronze INV,br_ReAssessmentMentalHealth,TASK_COMPLETE,SUCCESS,INFO,51,51,0,,2026-08-31T19:06:18.658Z,2026-08-31T21:16:41.151Z,7823,2026-08-31T21:16:41.151Z,CBCO,Coeur dAlene,79f5b39e-d314-4ad3-8050-3ace553d67de,SAMMS-CoeurdAleneV6
202608312116374146,202608311905654466,202608311905652236,85,3627,Bronze INV,br_ReAssessmentMentalHealth,TASK_COMPLETE,SUCCESS,INFO,0,0,0,,2026-08-31T19:06:18.658Z,2026-08-31T21:16:41.151Z,7823,2026-08-31T21:16:41.151Z,CON,Conway,79f5b39e-d314-4ad3-8050-3ace553d67de,SAMMS-Conway
202608312116374147,202608311905654467,202608311905652236,85,3628,Bronze INV,br_ReAssessmentMentalHealth,TASK_COMPLETE,SUCCESS,INFO,2578,2578,0,,2026-08-31T19:06:18.658Z,2026-08-31T21:16:41.151Z,7823,2026-08-31T21:16:41.151Z,D07,Medical Services Knox TN,79f5b39e-d314-4ad3-8050-3ace553d67de,SAMMS-KnoxvilleV6
202608312116374148,202608311905654468,202608311905652236,85,3629,Bronze INV,br_ReAssessmentMentalHealth,TASK_COMPLETE,SUCCESS,INFO,113,113,0,,2026-08-31T19:06:18.658Z,2026-08-31T21:16:41.151Z,7823,2026-08-31T21:16:41.151Z,D08,Madison,79f5b39e-d314-4ad3-8050-3ace553d67de,SAMMS-MadisonV6
202608312116374149,202608311905654469,202608311905652236,85,3631,Bronze INV,br_ReAssessmentMentalHealth,TASK_COMPLETE,SUCCESS,INFO,120,120,0,,2026-08-31T19:06:18.658Z,2026-08-31T21:16:41.151Z,7823,2026-08-31T21:16:41.151Z,D09,Murfreesboro,79f5b39e-d314-4ad3-8050-3ace553d67de,SAMMS-MurfreesboroV6
202608312116374150,202608311905654470,202608311905652236,85,3632,Bronze INV,br_ReAssessmentMentalHealth,TASK_COMPLETE,SUCCESS,INFO,337,337,0,,2026-08-31T19:06:18.658Z,2026-08-31T21:16:41.151Z,7823,2026-08-31T21:16:41.151Z,DA,Davenport,79f5b39e-d314-4ad3-8050-3ace553d67de,SAMMS-Davenport
202608312116374151,202608311905654471,202608311905652236,85,3633,Bronze INV,br_ReAssessmentMentalHealth,TASK_COMPLETE,SUCCESS,INFO,288,288,0,,2026-08-31T19:06:18.658Z,2026-08-31T21:16:41.151Z,7823,2026-08-31T21:16:41.151Z,DM,Des Moines,79f5b39e-d314-4ad3-8050-3ace553d67de,SAMMS-DesMoines
202608312116374152,202608311905654472,202608311905652236,85,3635,Bronze INV,br_ReAssessmentMentalHealth,TASK_COMPLETE,SUCCESS,INFO,530,530,0,,2026-08-31T19:06:18.658Z,2026-08-31T21:16:41.151Z,7823,2026-08-31T21:16:41.151Z,DRD-CO,Columbia MO,79f5b39e-d314-4ad3-8050-3ace553d67de,SAMMS-ColumbiaV5
202609012114520074,202609011903673382,202609011903672005,85,1330,Bronze INV,br_AdmissionAssessmentDimensionThree,TASK_COMPLETE,SUCCESS,INFO,433,433,0,,2026-09-01T19:04:17.664Z,2026-09-01T21:14:55.846Z,7838,2026-09-01T21:14:55.846Z,WIL,Wilson,0e5f68b5-5669-4bb1-91ce-4b967b620e7d,SAMMS-Wilson
202609012114520075,202609011903673383,202609011903672005,85,598,Bronze INV,br_AdmissionAssessmentDimensionFour,TASK_COMPLETE,SUCCESS,INFO,98,98,0,,2026-09-01T19:04:17.664Z,2026-09-01T21:14:55.846Z,7838,2026-09-01T21:14:55.846Z,AHK,Ahoskie,0e5f68b5-5669-4bb1-91ce-4b967b620e7d,SAMMS-Ahoskie
202609012114520076,202609011903673384,202609011903672005,85,599,Bronze INV,br_AdmissionAssessmentDimensionFour,TASK_COMPLETE,SUCCESS,INFO,796,796,0,,2026-09-01T19:04:17.664Z,2026-09-01T21:14:55.846Z,7838,2026-09-01T21:14:55.846Z,B12B,Colorado Springs,0e5f68b5-5669-4bb1-91ce-4b967b620e7d,SAMMS-ColoradoSpringsV5
202609012114520077,202609011903673385,202609011903672005,85,600,Bronze INV,br_AdmissionAssessmentDimensionFour,TASK_COMPLETE,SUCCESS,INFO,411,411,0,,2026-09-01T19:04:17.664Z,2026-09-01T21:14:55.846Z,7838,2026-09-01T21:14:55.846Z,B24,Paintsville,0e5f68b5-5669-4bb1-91ce-4b967b620e7d,SAMMS-PaintsvilleV5
202609012114520078,202609011903673386,202609011903672005,85,601,Bronze INV,br_AdmissionAssessmentDimensionFour,TASK_COMPLETE,SUCCESS,INFO,171,171,0,,2026-09-01T19:04:17.664Z,2026-09-01T21:14:55.846Z,7838,2026-09-01T21:14:55.846Z,B25,Pikeville,0e5f68b5-5669-4bb1-91ce-4b967b620e7d,SAMMS-PikevilleV5
202609012114520080,202609011903673387,202609011903672005,85,602,Bronze INV,br_AdmissionAssessmentDimensionFour,TASK_COMPLETE,SUCCESS,INFO,492,492,0,,2026-09-01T19:04:17.664Z,2026-09-01T21:14:55.846Z,7838,2026-09-01T21:14:55.846Z,B26,Hazard,0e5f68b5-5669-4bb1-91ce-4b967b620e7d,SAMMS-HazardV5
202609012114520081,202609011903673388,202609011903672005,85,603,Bronze INV,br_AdmissionAssessmentDimensionFour,TASK_COMPLETE,SUCCESS,INFO,188,188,0,,2026-09-01T19:04:17.664Z,2026-09-01T21:14:55.846Z,7838,2026-09-01T21:14:55.846Z,B27,Savannah,0e5f68b5-5669-4bb1-91ce-4b967b620e7d,SAMMS-SavannahV6
202609012114520082,202609011903673389,202609011903672005,85,604,Bronze INV,br_AdmissionAssessmentDimensionFour,TASK_COMPLETE,SUCCESS,INFO,236,236,0,,2026-09-01T19:04:17.664Z,2026-09-01T21:14:55.846Z,7838,2026-09-01T21:14:55.846Z,B28,West Plains,0e5f68b5-5669-4bb1-91ce-4b967b620e7d,SAMMS-WestPlainesV5
202609012114520083,202609011903673390,202609011903672005,85,605,Bronze INV,br_AdmissionAssessmentDimensionFour,TASK_COMPLETE,SUCCESS,INFO,261,261,0,,2026-09-01T19:04:17.664Z,2026-09-01T21:14:55.846Z,7838,2026-09-01T21:14:55.846Z,B29,Poplar Bluff,0e5f68b5-5669-4bb1-91ce-4b967b620e7d,SAMMS-PoplarBluffV5
202609012114520084,202609011903673391,202609011903672005,85,606,Bronze INV,br_AdmissionAssessmentDimensionFour,TASK_COMPLETE,SUCCESS,INFO,141,141,0,,2026-09-01T19:04:17.664Z,2026-09-01T21:14:55.846Z,7838,2026-09-01T21:14:55.846Z,B30,KC North,0e5f68b5-5669-4bb1-91ce-4b967b620e7d,SAMMS-KCNv5
202609012114520085,202609011903673392,202609011903672005,85,607,Bronze INV,br_AdmissionAssessmentDimensionFour,TASK_COMPLETE,SUCCESS,INFO,340,340,0,,2026-09-01T19:04:17.664Z,2026-09-01T21:14:55.846Z,7838,2026-09-01T21:14:55.846Z,B31,Dyersburg,0e5f68b5-5669-4bb1-91ce-4b967b620e7d,SAMMS-DyersburgV5
202609012114520086,202609011903673393,202609011903672005,85,609,Bronze INV,br_AdmissionAssessmentDimensionFour,TASK_COMPLETE,SUCCESS,INFO,212,212,0,,2026-09-01T19:04:17.664Z,2026-09-01T21:14:55.846Z,7838,2026-09-01T21:14:55.846Z,B33,Paducah,0e5f68b5-5669-4bb1-91ce-4b967b620e7d,SAMMS-Paducah
202609012114520088,202609011903673394,202609011903672005,85,610,Bronze INV,br_AdmissionAssessmentDimensionFour,TASK_COMPLETE,SUCCESS,INFO,448,448,0,,2026-09-01T19:04:17.664Z,2026-09-01T21:14:55.846Z,7838,2026-09-01T21:14:55.846Z,B34,Corbin,0e5f68b5-5669-4bb1-91ce-4b967b620e7d,SAMMS-CorbinV5
202609012114520089,202609011903673395,202609011903672005,85,611,Bronze INV,br_AdmissionAssessmentDimensionFour,TASK_COMPLETE,SUCCESS,INFO,715,715,0,,2026-09-01T19:04:17.664Z,2026-09-01T21:14:55.846Z,7838,2026-09-01T21:14:55.846Z,B35,Lexington,0e5f68b5-5669-4bb1-91ce-4b967b620e7d,SAMMS-LexingtonV5
202609012114520090,202609011903673396,202609011903672005,85,612,Bronze INV,br_AdmissionAssessmentDimensionFour,TASK_COMPLETE,SUCCESS,INFO,345,345,0,,2026-09-01T19:04:17.664Z,2026-09-01T21:14:55.846Z,7838,2026-09-01T21:14:55.846Z,B35A,Berea,0e5f68b5-5669-4bb1-91ce-4b967b620e7d,SAMMS-BereaV5
202609012114520091,202609011903673397,202609011903672005,85,613,Bronze INV,br_AdmissionAssessmentDimensionFour,TASK_COMPLETE,SUCCESS,INFO,605,605,0,,2026-09-01T19:04:17.664Z,2026-09-01T21:14:55.846Z,7838,2026-09-01T21:14:55.846Z,B36,Asheville,0e5f68b5-5669-4bb1-91ce-4b967b620e7d,SAMMS-AshevilleV5
202609012114520092,202609011903673398,202609011903672005,85,614,Bronze INV,br_AdmissionAssessmentDimensionFour,TASK_COMPLETE,SUCCESS,INFO,451,451,0,,2026-09-01T19:04:17.664Z,2026-09-01T21:14:55.846Z,7838,2026-09-01T21:14:55.846Z,B37,Clyde,0e5f68b5-5669-4bb1-91ce-4b967b620e7d,SAMMS-ClydeV5
202609012114520093,202609011903673399,202609011903672005,85,615,Bronze INV,br_AdmissionAssessmentDimensionFour,TASK_COMPLETE,SUCCESS,INFO,634,634,0,,2026-09-01T19:04:17.664Z,2026-09-01T21:14:55.846Z,7838,2026-09-01T21:14:55.846Z,B38,Spartanburg,0e5f68b5-5669-4bb1-91ce-4b967b620e7d,SAMMS-SpartanburgV5
202609012114520094,202609011903673400,202609011903672005,85,616,Bronze INV,br_AdmissionAssessmentDimensionFour,TASK_COMPLETE,SUCCESS,INFO,482,482,0,,2026-09-01T19:04:17.664Z,2026-09-01T21:14:55.846Z,7838,2026-09-01T21:14:55.846Z,B39,Aiken,0e5f68b5-5669-4bb1-91ce-4b967b620e7d,SAMMS-AikenV5
202609012114520096,202609011903673401,202609011903672005,85,617,Bronze INV,br_AdmissionAssessmentDimensionFour,TASK_COMPLETE,SUCCESS,INFO,290,290,0,,2026-09-01T19:04:17.664Z,2026-09-01T21:14:55.846Z,7838,2026-09-01T21:14:55.846Z,B41,Chesapeake,0e5f68b5-5669-4bb1-91ce-4b967b620e7d,SAMMS-ChesapeakeV5
202609012114520097,202609011903673402,202609011903672005,85,618,Bronze INV,br_AdmissionAssessmentDimensionFour,TASK_COMPLETE,SUCCESS,INFO,534,534,0,,2026-09-01T19:04:17.664Z,2026-09-01T21:14:55.846Z,7838,2026-09-01T21:14:55.846Z,B42,Virginia Beach,0e5f68b5-5669-4bb1-91ce-4b967b620e7d,SAMMS-VirginiaBeachV5
202609012114520100,202609011903673403,202609011903672005,85,619,Bronze INV,br_AdmissionAssessmentDimensionFour,TASK_COMPLETE,SUCCESS,INFO,165,165,0,,2026-09-01T19:04:17.664Z,2026-09-01T21:14:55.846Z,7838,2026-09-01T21:14:55.846Z,B42A,Newport News,0e5f68b5-5669-4bb1-91ce-4b967b620e7d,SAMMS-NewportNewsV5
202609012114520101,202609011903673404,202609011903672005,85,620,Bronze INV,br_AdmissionAssessmentDimensionFour,TASK_COMPLETE,SUCCESS,INFO,56,56,0,,2026-09-01T19:04:17.664Z,2026-09-01T21:14:55.846Z,7838,2026-09-01T21:14:55.846Z,B42B,Franklin,0e5f68b5-5669-4bb1-91ce-4b967b620e7d,SAMMS-FranklinV5
202609012114520102,202609011903673405,202609011903672005,85,621,Bronze INV,br_AdmissionAssessmentDimensionFour,TASK_COMPLETE,SUCCESS,INFO,334,334,0,,2026-09-01T19:04:17.664Z,2026-09-01T21:14:55.846Z,7838,2026-09-01T21:14:55.846Z,B42C,Glen Allen,0e5f68b5-5669-4bb1-91ce-4b967b620e7d,SAMMS-GlenAllenV5
202609012114520103,202609011903673406,202609011903672005,85,622,Bronze INV,br_AdmissionAssessmentDimensionFour,TASK_COMPLETE,SUCCESS,INFO,169,169,0,,2026-09-01T19:04:17.664Z,2026-09-01T21:14:55.846Z,7838,2026-09-01T21:14:55.846Z,B42D,Chesapeake South,0e5f68b5-5669-4bb1-91ce-4b967b620e7d,SAMMS-ChesapeakeSouthV5
202609012114520104,202609011903673407,202609011903672005,85,623,Bronze INV,br_AdmissionAssessmentDimensionFour,TASK_COMPLETE,SUCCESS,INFO,210,210,0,,2026-09-01T19:04:17.664Z,2026-09-01T21:14:55.846Z,7838,2026-09-01T21:14:55.846Z,B44,Albany,0e5f68b5-5669-4bb1-91ce-4b967b620e7d,SAMMS-AlbanyV5
202609012114520105,202609011903673408,202609011903672005,85,624,Bronze INV,br_AdmissionAssessmentDimensionFour,TASK_COMPLETE,SUCCESS,INFO,307,307,0,,2026-09-01T19:04:17.664Z,2026-09-01T21:14:55.846Z,7838,2026-09-01T21:14:55.846Z,B45,Tifton,0e5f68b5-5669-4bb1-91ce-4b967b620e7d,SAMMS-TiftonV5
202609012114520107,202609011903673409,202609011903672005,85,625,Bronze INV,br_AdmissionAssessmentDimensionFour,TASK_COMPLETE,SUCCESS,INFO,669,669,0,,2026-09-01T19:04:17.664Z,2026-09-01T21:14:55.846Z,7838,2026-09-01T21:14:55.846Z,B46,Washington DC,0e5f68b5-5669-4bb1-91ce-4b967b620e7d,SAMMS-WashingtonDCv5
202609012114520108,202609011903673410,202609011903672005,85,626,Bronze INV,br_AdmissionAssessmentDimensionFour,TASK_COMPLETE,SUCCESS,INFO,352,352,0,,2026-09-01T19:04:17.664Z,2026-09-01T21:14:55.846Z,7838,2026-09-01T21:14:55.846Z,B47,Mobile,0e5f68b5-5669-4bb1-91ce-4b967b620e7d,SAMMS-MobileV5
202609012114520109,202609011903673411,202609011903672005,85,627,Bronze INV,br_AdmissionAssessmentDimensionFour,TASK_COMPLETE,SUCCESS,INFO,454,454,0,,2026-09-01T19:04:17.664Z,2026-09-01T21:14:55.846Z,7838,2026-09-01T21:14:55.846Z,B48,Tuscaloosa,0e5f68b5-5669-4bb1-91ce-4b967b620e7d,SAMMS-TuscaloosaV5
202609012114520110,202609011903673412,202609011903672005,85,636,Bronze INV,br_AdmissionAssessmentDimensionFour,TASK_COMPLETE,SUCCESS,INFO,314,314,0,,2026-09-01T19:04:17.664Z,2026-09-01T21:14:55.846Z,7838,2026-09-01T21:14:55.846Z,B51,N. Little Rock (OTP),0e5f68b5-5669-4bb1-91ce-4b967b620e7d,SAMMS-NorthLittleRockV6
202609012114520111,202609011903673413,202609011903672005,85,637,Bronze INV,br_AdmissionAssessmentDimensionFour,TASK_COMPLETE,SUCCESS,INFO,155,155,0,,2026-09-01T19:04:17.664Z,2026-09-01T21:14:55.846Z,7838,2026-09-01T21:14:55.846Z,B52,Jackson GA,0e5f68b5-5669-4bb1-91ce-4b967b620e7d,SAMMS-JacksonGAV5
202609012114520112,202609011903673414,202609011903672005,85,638,Bronze INV,br_AdmissionAssessmentDimensionFour,TASK_COMPLETE,SUCCESS,INFO,479,479,0,,2026-09-01T19:04:17.664Z,2026-09-01T21:14:55.846Z,7838,2026-09-01T21:14:55.846Z,B54,Gadsden,0e5f68b5-5669-4bb1-91ce-4b967b620e7d,SAMMS-GadsdenV5
202609012114520114,202609011903673415,202609011903672005,85,639,Bronze INV,br_AdmissionAssessmentDimensionFour,TASK_COMPLETE,SUCCESS,INFO,483,483,0,,2026-09-01T19:04:17.664Z,2026-09-01T21:14:55.846Z,7838,2026-09-01T21:14:55.846Z,B55,Shoals,0e5f68b5-5669-4bb1-91ce-4b967b620e7d,SAMMS-ShoalsV5
202609012114520115,202609011903673416,202609011903672005,85,640,Bronze INV,br_AdmissionAssessmentDimensionFour,TASK_COMPLETE,SUCCESS,INFO,171,171,0,,2026-09-01T19:04:17.664Z,2026-09-01T21:14:55.846Z,7838,2026-09-01T21:14:55.846Z,B57,Pawtucket,0e5f68b5-5669-4bb1-91ce-4b967b620e7d,SAMMS-Pawtucket
202609012114520116,202609011903673417,202609011903672005,85,641,Bronze INV,br_AdmissionAssessmentDimensionFour,TASK_COMPLETE,SUCCESS,INFO,168,168,0,,2026-09-01T19:04:17.664Z,2026-09-01T21:14:55.846Z,7838,2026-09-01T21:14:55.846Z,B57A,Johnston,0e5f68b5-5669-4bb1-91ce-4b967b620e7d,SAMMS-Johnston
202609012114520117,202609011903673418,202609011903672005,85,642,Bronze INV,br_AdmissionAssessmentDimensionFour,TASK_COMPLETE,SUCCESS,INFO,87,87,0,,2026-09-01T19:04:17.664Z,2026-09-01T21:14:55.846Z,7838,2026-09-01T21:14:55.846Z,B57B,Middletown,0e5f68b5-5669-4bb1-91ce-4b967b620e7d,SAMMS-Middletown
202609012114520118,202609011903673419,202609011903672005,85,643,Bronze INV,br_AdmissionAssessmentDimensionFour,TASK_COMPLETE,SUCCESS,INFO,176,176,0,,2026-09-01T19:04:17.664Z,2026-09-01T21:14:55.846Z,7838,2026-09-01T21:14:55.846Z,B57C,Providence,0e5f68b5-5669-4bb1-91ce-4b967b620e7d,SAMMS-Providence
202609012114520119,202609011903673420,202609011903672005,85,644,Bronze INV,br_AdmissionAssessmentDimensionFour,TASK_COMPLETE,SUCCESS,INFO,254,254,0,,2026-09-01T19:04:17.664Z,2026-09-01T21:14:55.846Z,7838,2026-09-01T21:14:55.846Z,B57D,Westerly,0e5f68b5-5669-4bb1-91ce-4b967b620e7d,SAMMS-Westerly
202609012114520120,202609011903673421,202609011903672005,85,648,Bronze INV,br_AdmissionAssessmentDimensionFour,TASK_COMPLETE,SUCCESS,INFO,365,365,0,,2026-09-01T19:04:17.664Z,2026-09-01T21:14:55.846Z,7838,2026-09-01T21:14:55.846Z,B66A,Bremen,0e5f68b5-5669-4bb1-91ce-4b967b620e7d,SAMMS-Bremen
202609012114520122,202609011903673422,202609011903672005,85,651,Bronze INV,br_AdmissionAssessmentDimensionFour,TASK_COMPLETE,SUCCESS,INFO,13,13,0,,2026-09-01T19:04:17.664Z,2026-09-01T21:14:55.846Z,7838,2026-09-01T21:14:55.846Z,B72,Mobile (OBOT),0e5f68b5-5669-4bb1-91ce-4b967b620e7d,SAMMS-Mobile-OBOT
202609012114520123,202609011903673423,202609011903672005,85,652,Bronze INV,br_AdmissionAssessmentDimensionFour,TASK_COMPLETE,SUCCESS,INFO,2,2,0,,2026-09-01T19:04:17.664Z,2026-09-01T21:14:55.846Z,7838,2026-09-01T21:14:55.846Z,B73,Montgomery,0e5f68b5-5669-4bb1-91ce-4b967b620e7d,SAMMS-Montgomery
202609012114520124,202609011903673424,202609011903672005,85,653,Bronze INV,br_AdmissionAssessmentDimensionFour,TASK_COMPLETE,SUCCESS,INFO,317,317,0,,2026-09-01T19:04:17.664Z,2026-09-01T21:14:55.846Z,7838,2026-09-01T21:14:55.846Z,B75,Lawrence,0e5f68b5-5669-4bb1-91ce-4b967b620e7d,SAMMS-LawrenceV6
202609012114520125,202609011903673425,202609011903672005,85,654,Bronze INV,br_AdmissionAssessmentDimensionFour,TASK_COMPLETE,SUCCESS,INFO,49,49,0,,2026-09-01T19:04:17.664Z,2026-09-01T21:14:55.846Z,7838,2026-09-01T21:14:55.846Z,B76,Huntsville OBOT,0e5f68b5-5669-4bb1-91ce-4b967b620e7d,SAMMS-Huntsville-OBOT
202609012114520126,202609011903673426,202609011903672005,85,655,Bronze INV,br_AdmissionAssessmentDimensionFour,TASK_COMPLETE,SUCCESS,INFO,304,304,0,,2026-09-01T19:04:17.664Z,2026-09-01T21:14:55.846Z,7838,2026-09-01T21:14:55.846Z,BAT,Batesville,0e5f68b5-5669-4bb1-91ce-4b967b620e7d,SAMMS-Batesville
202609012114520127,202609011903673427,202609011903672005,85,656,Bronze INV,br_AdmissionAssessmentDimensionFour,TASK_COMPLETE,SUCCESS,INFO,234,234,0,,2026-09-01T19:04:17.664Z,2026-09-01T21:14:55.846Z,7838,2026-09-01T21:14:55.846Z,BG,Bowling Green,0e5f68b5-5669-4bb1-91ce-4b967b620e7d,SAMMS-BowlingGreen
202609012114520129,202609011903673428,202609011903672005,85,657,Bronze INV,br_AdmissionAssessmentDimensionFour,TASK_COMPLETE,SUCCESS,INFO,217,217,0,,2026-09-01T19:04:17.664Z,2026-09-01T21:14:55.846Z,7838,2026-09-01T21:14:55.846Z,BOI,Boise,0e5f68b5-5669-4bb1-91ce-4b967b620e7d,SAMMS-Boise
202609012114520130,202609011903673429,202609011903672005,85,664,Bronze INV,br_AdmissionAssessmentDimensionFour,TASK_COMPLETE,SUCCESS,INFO,285,285,0,,2026-09-01T19:04:17.664Z,2026-09-01T21:14:55.846Z,7838,2026-09-01T21:14:55.846Z,CBCO,Coeur dAlene,0e5f68b5-5669-4bb1-91ce-4b967b620e7d,SAMMS-CoeurdAleneV6
202609012114520131,202609011903673430,202609011903672005,85,683,Bronze INV,br_AdmissionAssessmentDimensionFour,TASK_COMPLETE,SUCCESS,INFO,304,304,0,,2026-09-01T19:04:17.664Z,2026-09-01T21:14:55.846Z,7838,2026-09-01T21:14:55.846Z,CON,Conway,0e5f68b5-5669-4bb1-91ce-4b967b620e7d,SAMMS-Conway
202609012114520132,202609011903673431,202609011903672005,85,684,Bronze INV,br_AdmissionAssessmentDimensionFour,TASK_COMPLETE,SUCCESS,INFO,1545,1545,0,,2026-09-01T19:04:17.664Z,2026-09-01T21:14:55.846Z,7838,2026-09-01T21:14:55.846Z,D07,Medical Services Knox TN,0e5f68b5-5669-4bb1-91ce-4b967b620e7d,SAMMS-KnoxvilleV6
202609012114520133,202609011903673432,202609011903672005,85,685,Bronze INV,br_AdmissionAssessmentDimensionFour,TASK_COMPLETE,SUCCESS,INFO,959,959,0,,2026-09-01T19:04:17.664Z,2026-09-01T21:14:55.846Z,7838,2026-09-01T21:14:55.846Z,D08,Madison,0e5f68b5-5669-4bb1-91ce-4b967b620e7d,SAMMS-MadisonV6
202609012114520134,202609011903673433,202609011903672005,85,687,Bronze INV,br_AdmissionAssessmentDimensionFour,TASK_COMPLETE,SUCCESS,INFO,929,929,0,,2026-09-01T19:04:17.664Z,2026-09-01T21:14:55.846Z,7838,2026-09-01T21:14:55.846Z,D09,Murfreesboro,0e5f68b5-5669-4bb1-91ce-4b967b620e7d,SAMMS-MurfreesboroV6
202609012114520135,202609011903673434,202609011903672005,85,688,Bronze INV,br_AdmissionAssessmentDimensionFour,TASK_COMPLETE,SUCCESS,INFO,221,221,0,,2026-09-01T19:04:17.664Z,2026-09-01T21:14:55.846Z,7838,2026-09-01T21:14:55.846Z,DA,Davenport,0e5f68b5-5669-4bb1-91ce-4b967b620e7d,SAMMS-Davenport
202609012114520137,202609011903673435,202609011903672005,85,689,Bronze INV,br_AdmissionAssessmentDimensionFour,TASK_COMPLETE,SUCCESS,INFO,353,353,0,,2026-09-01T19:04:17.664Z,2026-09-01T21:14:55.846Z,7838,2026-09-01T21:14:55.846Z,DM,Des Moines,0e5f68b5-5669-4bb1-91ce-4b967b620e7d,SAMMS-DesMoines
202609012114520138,202609011903673436,202609011903672005,85,691,Bronze INV,br_AdmissionAssessmentDimensionFour,TASK_COMPLETE,SUCCESS,INFO,480,480,0,,2026-09-01T19:04:17.664Z,2026-09-01T21:14:55.846Z,7838,2026-09-01T21:14:55.846Z,DRD-CO,Columbia MO,0e5f68b5-5669-4bb1-91ce-4b967b620e7d,SAMMS-ColumbiaV5
202609012114520139,202609011903673437,202609011903672005,85,692,Bronze INV,br_AdmissionAssessmentDimensionFour,TASK_COMPLETE,SUCCESS,INFO,593,593,0,,2026-09-01T19:04:17.664Z,2026-09-01T21:14:55.846Z,7838,2026-09-01T21:14:55.846Z,DRD-KC,KC,0e5f68b5-5669-4bb1-91ce-4b967b620e7d,SAMMS-KCv5
202609012114520140,202609011903673438,202609011903672005,85,693,Bronze INV,br_AdmissionAssessmentDimensionFour,TASK_COMPLETE,SUCCESS,INFO,951,951,0,,2026-09-01T19:04:17.664Z,2026-09-01T21:14:55.846Z,7838,2026-09-01T21:14:55.846Z,DRD-KVB,KVB,0e5f68b5-5669-4bb1-91ce-4b967b620e7d,SAMMS-KVBv5
202609012114520141,202609011903673439,202609011903672005,85,694,Bronze INV,br_AdmissionAssessmentDimensionFour,TASK_COMPLETE,SUCCESS,INFO,1572,1572,0,,2026-09-01T19:04:17.664Z,2026-09-01T21:14:55.846Z,7838,2026-09-01T21:14:55.846Z,DRD-KVC,KVC,0e5f68b5-5669-4bb1-91ce-4b967b620e7d,SAMMS-KVCv5
202609012114520142,202609011903673440,202609011903672005,85,695,Bronze INV,br_AdmissionAssessmentDimensionFour,TASK_COMPLETE,SUCCESS,INFO,1257,1257,0,,2026-09-01T19:04:17.664Z,2026-09-01T21:14:55.846Z,7838,2026-09-01T21:14:55.846Z,DRD-NOLA,NOLA,0e5f68b5-5669-4bb1-91ce-4b967b620e7d,SAMMS-NOLAv5
202609012114520143,202609011903673441,202609011903672005,85,696,Bronze INV,br_AdmissionAssessmentDimensionFour,TASK_COMPLETE,SUCCESS,INFO,743,743,0,,2026-09-01T19:04:17.664Z,2026-09-01T21:14:55.846Z,7838,2026-09-01T21:14:55.846Z,DRD-SF,Springfield,0e5f68b5-5669-4bb1-91ce-4b967b620e7d,SAMMS-SFv5
202609012114520145,202609011903673442,202609011903672005,85,698,Bronze INV,br_AdmissionAssessmentDimensionFour,TASK_COMPLETE,SUCCESS,INFO,250,250,0,,2026-09-01T19:04:17.664Z,2026-09-01T21:14:55.846Z,7838,2026-09-01T21:14:55.846Z,ELC,Elizabeth City,0e5f68b5-5669-4bb1-91ce-4b967b620e7d,SAMMS-ElizabethCity
202609012114520146,202609011903673443,202609011903672005,85,699,Bronze INV,br_AdmissionAssessmentDimensionFour,TASK_COMPLETE,SUCCESS,INFO,263,263,0,,2026-09-01T19:04:17.664Z,2026-09-01T21:14:55.846Z,7838,2026-09-01T21:14:55.846Z,ET,Elizabethtown,0e5f68b5-5669-4bb1-91ce-4b967b620e7d,SAMMS-Elizabethtown
202609012114520147,202609011903673444,202609011903672005,85,700,Bronze INV,br_AdmissionAssessmentDimensionFour,TASK_COMPLETE,SUCCESS,INFO,230,230,0,,2026-09-01T19:04:17.664Z,2026-09-01T21:14:55.846Z,7838,2026-09-01T21:14:55.846Z,FAY,Fayetteville,0e5f68b5-5669-4bb1-91ce-4b967b620e7d,SAMMS-Fayetteville
202609012114520148,202609011903673445,202609011903672005,85,701,Bronze INV,br_AdmissionAssessmentDimensionFour,TASK_COMPLETE,SUCCESS,INFO,178,178,0,,2026-09-01T19:04:17.664Z,2026-09-01T21:14:55.846Z,7838,2026-09-01T21:14:55.846Z,FR,Frankfort,0e5f68b5-5669-4bb1-91ce-4b967b620e7d,SAMMS-Frankfort
202609012114520149,202609011903673446,202609011903672005,85,702,Bronze INV,br_AdmissionAssessmentDimensionFour,TASK_COMPLETE,SUCCESS,INFO,282,282,0,,2026-09-01T19:04:17.664Z,2026-09-01T21:14:55.846Z,7838,2026-09-01T21:14:55.846Z,FS,Fort Smith,0e5f68b5-5669-4bb1-91ce-4b967b620e7d,SAMMS-FortSmith
202609012114520150,202609011903673447,202609011903672005,85,703,Bronze INV,br_AdmissionAssessmentDimensionFour,TASK_COMPLETE,SUCCESS,INFO,683,683,0,,2026-09-01T19:04:17.664Z,2026-09-01T21:14:55.846Z,7838,2026-09-01T21:14:55.846Z,FW,Fort Wayne,0e5f68b5-5669-4bb1-91ce-4b967b620e7d,SAMMS-FortWayne
202609012114520152,202609011903673448,202609011903672005,85,704,Bronze INV,br_AdmissionAssessmentDimensionFour,TASK_COMPLETE,SUCCESS,INFO,102,102,0,,2026-09-01T19:04:17.664Z,2026-09-01T21:14:55.846Z,7838,2026-09-01T21:14:55.846Z,GAL,Gaylord,0e5f68b5-5669-4bb1-91ce-4b967b620e7d,SAMMS-Gaylord
202609012114520153,202609011903673449,202609011903672005,85,708,Bronze INV,br_AdmissionAssessmentDimensionFour,TASK_COMPLETE,SUCCESS,INFO,620,620,0,,2026-09-01T19:04:17.664Z,2026-09-01T21:14:55.846Z,7838,2026-09-01T21:14:55.846Z,HGT,Hagerstown,0e5f68b5-5669-4bb1-91ce-4b967b620e7d,SAMMS-Hagerstown
202609012114520154,202609011903673450,202609011903672005,85,709,Bronze INV,br_AdmissionAssessmentDimensionFour,TASK_COMPLETE,SUCCESS,INFO,476,476,0,,2026-09-01T19:04:17.664Z,2026-09-01T21:14:55.846Z,7838,2026-09-01T21:14:55.846Z,HNT,Huntsville,0e5f68b5-5669-4bb1-91ce-4b967b620e7d,SAMMS-Huntsville
202609012114520155,202609011903673451,202609011903672005,85,710,Bronze INV,br_AdmissionAssessmentDimensionFour,TASK_COMPLETE,SUCCESS,INFO,307,307,0,,2026-09-01T19:04:17.664Z,2026-09-01T21:14:55.846Z,7838,2026-09-01T21:14:55.846Z,HS,Hot Springs,0e5f68b5-5669-4bb1-91ce-4b967b620e7d,SAMMS-HotSprings
202609012114520156,202609011903673452,202609011903672005,85,711,Bronze INV,br_AdmissionAssessmentDimensionFour,TASK_COMPLETE,SUCCESS,INFO,269,269,0,,2026-09-01T19:04:17.664Z,2026-09-01T21:14:55.846Z,7838,2026-09-01T21:14:55.846Z,JON,Jonesboro,0e5f68b5-5669-4bb1-91ce-4b967b620e7d,SAMMS-Jonesboro
202609012114520157,202609011903673453,202609011903672005,85,713,Bronze INV,br_AdmissionAssessmentDimensionFour,TASK_COMPLETE,SUCCESS,INFO,155,155,0,,2026-09-01T19:04:17.664Z,2026-09-01T21:14:55.846Z,7838,2026-09-01T21:14:55.846Z,LAN,Lansing,0e5f68b5-5669-4bb1-91ce-4b967b620e7d,SAMMS-Lansing
202609012114520158,202609011903673454,202609011903672005,85,714,Bronze INV,br_AdmissionAssessmentDimensionFour,TASK_COMPLETE,SUCCESS,INFO,427,427,0,,2026-09-01T19:04:17.664Z,2026-09-01T21:14:55.846Z,7838,2026-09-01T21:14:55.846Z,LO,Louisville,0e5f68b5-5669-4bb1-91ce-4b967b620e7d,SAMMS-Louisville
202609012114520160,202609011903673455,202609011903672005,85,715,Bronze INV,br_AdmissionAssessmentDimensionFour,TASK_COMPLETE,SUCCESS,INFO,1163,1163,0,,2026-09-01T19:04:17.664Z,2026-09-01T21:14:55.846Z,7838,2026-09-01T21:14:55.846Z,LV1,Cheyenne,0e5f68b5-5669-4bb1-91ce-4b967b620e7d,SAMMS-Cheyenne
202609012114520161,202609011903673456,202609011903672005,85,716,Bronze INV,br_AdmissionAssessmentDimensionFour,TASK_COMPLETE,SUCCESS,INFO,931,931,0,,2026-09-01T19:04:17.664Z,2026-09-01T21:14:55.846Z,7838,2026-09-01T21:14:55.846Z,LV2,Desert Inn,0e5f68b5-5669-4bb1-91ce-4b967b620e7d,SAMMS-DesertInn
202609012114520162,202609011903673457,202609011903672005,85,717,Bronze INV,br_AdmissionAssessmentDimensionFour,TASK_COMPLETE,SUCCESS,INFO,309,309,0,,2026-09-01T19:04:17.664Z,2026-09-01T21:14:55.846Z,7838,2026-09-01T21:14:55.846Z,LV3,McDaniel,0e5f68b5-5669-4bb1-91ce-4b967b620e7d,SAMMS-McDaniel
202609012114520163,202609011903673458,202609011903672005,85,720,Bronze INV,br_AdmissionAssessmentDimensionFour,TASK_COMPLETE,SUCCESS,INFO,269,269,0,,2026-09-01T19:04:17.664Z,2026-09-01T21:14:55.846Z,7838,2026-09-01T21:14:55.846Z,MNRE,Monroe,0e5f68b5-5669-4bb1-91ce-4b967b620e7d,SAMMS-Monroe
202609012114520164,202609011903673459,202609011903672005,85,721,Bronze INV,br_AdmissionAssessmentDimensionFour,TASK_COMPLETE,SUCCESS,INFO,118,118,0,,2026-09-01T19:04:17.664Z,2026-09-01T21:14:55.846Z,7838,2026-09-01T21:14:55.846Z,MP,Mt. Pleasant,0e5f68b5-5669-4bb1-91ce-4b967b620e7d,SAMMS-MtPleasant
202609012114520165,202609011903673460,202609011903672005,85,722,Bronze INV,br_AdmissionAssessmentDimensionFour,TASK_COMPLETE,SUCCESS,INFO,173,173,0,,2026-09-01T19:04:17.664Z,2026-09-01T21:14:55.846Z,7838,2026-09-01T21:14:55.846Z,MRD,Meridian,0e5f68b5-5669-4bb1-91ce-4b967b620e7d,SAMMS-Meridian
202609012114520166,202609011903673461,202609011903672005,85,727,Bronze INV,br_AdmissionAssessmentDimensionFour,TASK_COMPLETE,SUCCESS,INFO,640,640,0,,2026-09-01T19:04:17.664Z,2026-09-01T21:14:55.846Z,7838,2026-09-01T21:14:55.846Z,NC,North Charleston,0e5f68b5-5669-4bb1-91ce-4b967b620e7d,SAMMS-NorthCharleston
202609012114520168,202609011903673462,202609011903672005,85,728,Bronze INV,br_AdmissionAssessmentDimensionFour,TASK_COMPLETE,SUCCESS,INFO,575,575,0,,2026-09-01T19:04:17.664Z,2026-09-01T21:14:55.846Z,7838,2026-09-01T21:14:55.846Z,NLR,N. Little Rock,0e5f68b5-5669-4bb1-91ce-4b967b620e7d,SAMMS-NLROBOT
202609012114520169,202609011903673463,202609011903672005,85,729,Bronze INV,br_AdmissionAssessmentDimensionFour,TASK_COMPLETE,SUCCESS,INFO,234,234,0,,2026-09-01T19:04:17.664Z,2026-09-01T21:14:55.846Z,7838,2026-09-01T21:14:55.846Z,PH,Phoenix,0e5f68b5-5669-4bb1-91ce-4b967b620e7d,SAMMS-Phoenix
202609012114520170,202609011903673464,202609011903672005,85,733,Bronze INV,br_AdmissionAssessmentDimensionFour,TASK_COMPLETE,SUCCESS,INFO,407,407,0,,2026-09-01T19:04:17.664Z,2026-09-01T21:14:55.846Z,7838,2026-09-01T21:14:55.846Z,RE,Reno,0e5f68b5-5669-4bb1-91ce-4b967b620e7d,SAMMS-Reno
202609012114520171,202609011903673465,202609011903672005,85,734,Bronze INV,br_AdmissionAssessmentDimensionFour,TASK_COMPLETE,SUCCESS,INFO,388,388,0,,2026-09-01T19:04:17.664Z,2026-09-01T21:14:55.846Z,7838,2026-09-01T21:14:55.846Z,RMD,Richmond,0e5f68b5-5669-4bb1-91ce-4b967b620e7d,SAMMS-Richmond
202609012114520172,202609011903673466,202609011903672005,85,735,Bronze INV,br_AdmissionAssessmentDimensionFour,TASK_COMPLETE,SUCCESS,INFO,485,485,0,,2026-09-01T19:04:17.664Z,2026-09-01T21:14:55.846Z,7838,2026-09-01T21:14:55.846Z,SFN,Springfield North,0e5f68b5-5669-4bb1-91ce-4b967b620e7d,SAMMS-SFNv5
202609012114520173,202609011903673467,202609011903672005,85,736,Bronze INV,br_AdmissionAssessmentDimensionFour,TASK_COMPLETE,SUCCESS,INFO,446,446,0,,2026-09-01T19:04:17.664Z,2026-09-01T21:14:55.846Z,7838,2026-09-01T21:14:55.846Z,SHP,Shreveport,0e5f68b5-5669-4bb1-91ce-4b967b620e7d,SAMMS-Shreveport
202608292054381443,202608291904436557,202608291904434406,85,3495,Bronze INV,br_ReAssessmentLegal,TASK_COMPLETE,SUCCESS,INFO,588,588,0,,2026-08-29T19:04:49.126Z,2026-08-29T20:54:41.421Z,6592,2026-08-29T20:54:41.421Z,SFN,Springfield North,dd7385f2-fbd4-41a4-afcd-7296aca5e198,SAMMS-SFNv5
202608292054381444,202608291904436558,202608291904434406,85,3496,Bronze INV,br_ReAssessmentLegal,TASK_COMPLETE,SUCCESS,INFO,763,763,0,,2026-08-29T19:04:49.126Z,2026-08-29T20:54:41.421Z,6592,2026-08-29T20:54:41.421Z,SHP,Shreveport,dd7385f2-fbd4-41a4-afcd-7296aca5e198,SAMMS-Shreveport
202608292054381446,202608291904436559,202608291904434406,85,3498,Bronze INV,br_ReAssessmentLegal,TASK_COMPLETE,SUCCESS,INFO,481,481,0,,2026-08-29T19:04:49.126Z,2026-08-29T20:54:41.421Z,6592,2026-08-29T20:54:41.421Z,STN,Staunton,dd7385f2-fbd4-41a4-afcd-7296aca5e198,SAMMS-Staunton
202608292054381447,202608291904436560,202608291904434406,85,3499,Bronze INV,br_ReAssessmentLegal,TASK_COMPLETE,SUCCESS,INFO,224,224,0,,2026-08-29T19:04:49.126Z,2026-08-29T20:54:41.421Z,6592,2026-08-29T20:54:41.421Z,STVN,Stevenson,dd7385f2-fbd4-41a4-afcd-7296aca5e198,SAMMS-Stevenson
202608292054381448,202608291904436561,202608291904434406,85,3501,Bronze INV,br_ReAssessmentLegal,TASK_COMPLETE,SUCCESS,INFO,173,173,0,,2026-08-29T19:04:49.126Z,2026-08-29T20:54:41.421Z,6592,2026-08-29T20:54:41.421Z,TE,Tempe,dd7385f2-fbd4-41a4-afcd-7296aca5e198,SAMMS-Tempe
202608292054381449,202608291904436562,202608291904434406,85,3502,Bronze INV,br_ReAssessmentLegal,TASK_COMPLETE,SUCCESS,INFO,0,0,0,,2026-08-29T19:04:49.126Z,2026-08-29T20:54:41.421Z,6592,2026-08-29T20:54:41.421Z,TEX,Texarkana,dd7385f2-fbd4-41a4-afcd-7296aca5e198,SAMMS-Texarkana
202608292054381450,202608291904436563,202608291904434406,85,3503,Bronze INV,br_ReAssessmentLegal,TASK_COMPLETE,SUCCESS,INFO,1068,1068,0,,2026-08-29T19:04:49.126Z,2026-08-29T20:54:41.421Z,6592,2026-08-29T20:54:41.421Z,TTCA,Bessemer,dd7385f2-fbd4-41a4-afcd-7296aca5e198,SAMMS-BessemerV5
202608292054381451,202608291904436564,202608291904434406,85,3504,Bronze INV,br_ReAssessmentLegal,TASK_COMPLETE,SUCCESS,INFO,1315,1315,0,,2026-08-29T19:04:49.126Z,2026-08-29T20:54:41.421Z,6592,2026-08-29T20:54:41.421Z,TTCB,Cullman,dd7385f2-fbd4-41a4-afcd-7296aca5e198,SAMMS-CullmanV5
202608292054381452,202608291904436565,202608291904434406,85,3505,Bronze INV,br_ReAssessmentLegal,TASK_COMPLETE,SUCCESS,INFO,938,938,0,,2026-08-29T19:04:49.126Z,2026-08-29T20:54:41.421Z,6592,2026-08-29T20:54:41.421Z,TTCC,Grand Bay,dd7385f2-fbd4-41a4-afcd-7296aca5e198,SAMMS-GrandBay
202608292054381453,202608291904436566,202608291904434406,85,3506,Bronze INV,br_ReAssessmentLegal,TASK_COMPLETE,SUCCESS,INFO,15,15,0,,2026-08-29T19:04:49.126Z,2026-08-29T20:54:41.421Z,6592,2026-08-29T20:54:41.421Z,TU,Tucson,dd7385f2-fbd4-41a4-afcd-7296aca5e198,SAMMS-Tucson
202608292054381454,202608291904436567,202608291904434406,85,3508,Bronze INV,br_ReAssessmentLegal,TASK_COMPLETE,SUCCESS,INFO,660,660,0,,2026-08-29T19:04:49.126Z,2026-08-29T20:54:41.421Z,6592,2026-08-29T20:54:41.421Z,V1,Memphis South,dd7385f2-fbd4-41a4-afcd-7296aca5e198,SAMMS-VCPHCS-I-MemphisV5
202608292054381456,202608291904436568,202608291904434406,85,3509,Bronze INV,br_ReAssessmentLegal,TASK_COMPLETE,SUCCESS,INFO,1625,1625,0,,2026-08-29T19:04:49.126Z,2026-08-29T20:54:41.421Z,6592,2026-08-29T20:54:41.421Z,V10,Longmont,dd7385f2-fbd4-41a4-afcd-7296aca5e198,SAMMS-BoulderV5
202608292054381457,202608291904436569,202608291904434406,85,3510,Bronze INV,br_ReAssessmentLegal,TASK_COMPLETE,SUCCESS,INFO,1511,1511,0,,2026-08-29T19:04:49.126Z,2026-08-29T20:54:41.421Z,6592,2026-08-29T20:54:41.421Z,V10A,Fort Collins,dd7385f2-fbd4-41a4-afcd-7296aca5e198,SAMMS-FortCollinsV5
202608292054381458,202608291904436570,202608291904434406,85,3511,Bronze INV,br_ReAssessmentLegal,TASK_COMPLETE,SUCCESS,INFO,2862,2862,0,,2026-08-29T19:04:49.126Z,2026-08-29T20:54:41.421Z,6592,2026-08-29T20:54:41.421Z,V11,Westminster,dd7385f2-fbd4-41a4-afcd-7296aca5e198,SAMMS-VCPHCS-XI-NorthDenverV5
202608292054381459,202608291904436571,202608291904434406,85,3512,Bronze INV,br_ReAssessmentLegal,TASK_COMPLETE,SUCCESS,INFO,3027,3027,0,,2026-08-29T19:04:49.126Z,2026-08-29T20:54:41.421Z,6592,2026-08-29T20:54:41.421Z,V12,Downtown Denver,dd7385f2-fbd4-41a4-afcd-7296aca5e198,SAMMS-VCPHCS-XII-DowntownDenverV5
202608292054381460,202608291904436572,202608291904434406,85,3513,Bronze INV,br_ReAssessmentLegal,TASK_COMPLETE,SUCCESS,INFO,1132,1132,0,,2026-08-29T19:04:49.126Z,2026-08-29T20:54:41.421Z,6592,2026-08-29T20:54:41.421Z,V12A,Centennial,dd7385f2-fbd4-41a4-afcd-7296aca5e198,SAMMS-CentennialV5
202608292054381461,202608291904436573,202608291904434406,85,3514,Bronze INV,br_ReAssessmentLegal,TASK_COMPLETE,SUCCESS,INFO,293,293,0,,2026-08-29T19:04:49.126Z,2026-08-29T20:54:41.421Z,6592,2026-08-29T20:54:41.421Z,V14,Overland Park,dd7385f2-fbd4-41a4-afcd-7296aca5e198,SAMMS-VCPHCS-XIV-BridgewayV5
202608292054381462,202608291904436574,202608291904434406,85,3515,Bronze INV,br_ReAssessmentLegal,TASK_COMPLETE,SUCCESS,INFO,608,608,0,,2026-08-29T19:04:49.126Z,2026-08-29T20:54:41.421Z,6592,2026-08-29T20:54:41.421Z,V15,Joplin,dd7385f2-fbd4-41a4-afcd-7296aca5e198,SAMMS-JoplinV5
202608292054381463,202608291904436575,202608291904434406,85,3517,Bronze INV,br_ReAssessmentLegal,TASK_COMPLETE,SUCCESS,INFO,903,903,0,,2026-08-29T19:04:49.126Z,2026-08-29T20:54:41.421Z,6592,2026-08-29T20:54:41.421Z,V17,Columbia TN,dd7385f2-fbd4-41a4-afcd-7296aca5e198,SAMMS-ColumbiaTNv5
202608292054381464,202608291904436576,202608291904434406,85,3519,Bronze INV,br_ReAssessmentLegal,TASK_COMPLETE,SUCCESS,INFO,533,533,0,,2026-08-29T19:04:49.126Z,2026-08-29T20:54:41.421Z,6592,2026-08-29T20:54:41.421Z,V19,Jackson,dd7385f2-fbd4-41a4-afcd-7296aca5e198,SAMMS-JacksonV5
202608292054381466,202608291904436577,202608291904434406,85,3521,Bronze INV,br_ReAssessmentLegal,TASK_COMPLETE,SUCCESS,INFO,1761,1761,0,,2026-08-29T19:04:49.126Z,2026-08-29T20:54:41.421Z,6592,2026-08-29T20:54:41.421Z,V20,Paris,dd7385f2-fbd4-41a4-afcd-7296aca5e198,SAMMS-ParisV5
202608292054381467,202608291904436578,202608291904434406,85,3522,Bronze INV,br_ReAssessmentLegal,TASK_COMPLETE,SUCCESS,INFO,723,723,0,,2026-08-29T19:04:49.126Z,2026-08-29T20:54:41.421Z,6592,2026-08-29T20:54:41.421Z,V21,Memphis North,dd7385f2-fbd4-41a4-afcd-7296aca5e198,SAMMS-RaleighV5
202608292054381468,202608291904436579,202608291904434406,85,3525,Bronze INV,br_ReAssessmentLegal,TASK_COMPLETE,SUCCESS,INFO,1773,1773,0,,2026-08-29T19:04:49.126Z,2026-08-29T20:54:41.421Z,6592,2026-08-29T20:54:41.421Z,V5,West Bank,dd7385f2-fbd4-41a4-afcd-7296aca5e198,SAMMS-NONTCv5
202608292054381469,202608291904436580,202608291904434406,85,3527,Bronze INV,br_ReAssessmentLegal,TASK_COMPLETE,SUCCESS,INFO,144,144,0,,2026-08-29T19:04:49.126Z,2026-08-29T20:54:41.421Z,6592,2026-08-29T20:54:41.421Z,V5B,Houma,dd7385f2-fbd4-41a4-afcd-7296aca5e198,SAMMS-HoumaV6
202608292054381470,202608291904436581,202608291904434406,85,3528,Bronze INV,br_ReAssessmentLegal,TASK_COMPLETE,SUCCESS,INFO,1907,1907,0,,2026-08-29T19:04:49.126Z,2026-08-29T20:54:41.421Z,6592,2026-08-29T20:54:41.421Z,V6,Lake Charles,dd7385f2-fbd4-41a4-afcd-7296aca5e198,SAMMS-LCv5
202608292054381471,202608291904436582,202608291904434406,85,3530,Bronze INV,br_ReAssessmentLegal,TASK_COMPLETE,SUCCESS,INFO,741,741,0,,2026-08-29T19:04:49.126Z,2026-08-29T20:54:41.421Z,6592,2026-08-29T20:54:41.421Z,V8,Memphis Midtown,dd7385f2-fbd4-41a4-afcd-7296aca5e198,SAMMS-VCPHCS-VIII-MemphisV5
202608292054381472,202608291904436583,202608291904434406,85,3531,Bronze INV,br_ReAssessmentLegal,TASK_COMPLETE,SUCCESS,INFO,1758,1758,0,,2026-08-29T19:04:49.126Z,2026-08-29T20:54:41.421Z,6592,2026-08-29T20:54:41.421Z,V9,Nashville,dd7385f2-fbd4-41a4-afcd-7296aca5e198,SAMMS-NashvilleV5
202608292054381473,202608291904436584,202608291904434406,85,3532,Bronze INV,br_ReAssessmentLegal,TASK_COMPLETE,SUCCESS,INFO,837,837,0,,2026-08-29T19:04:49.126Z,2026-08-29T20:54:41.421Z,6592,2026-08-29T20:54:41.421Z,VBRA,Brainerd,dd7385f2-fbd4-41a4-afcd-7296aca5e198,SAMMS-BrainerdV6
202608292054381474,202608291904436585,202608291904434406,85,3533,Bronze INV,br_ReAssessmentLegal,TASK_COMPLETE,SUCCESS,INFO,1953,1953,0,,2026-08-29T19:04:49.126Z,2026-08-29T20:54:41.421Z,6592,2026-08-29T20:54:41.421Z,VBRP,Brooklyn Park,dd7385f2-fbd4-41a4-afcd-7296aca5e198,SAMMS-BrooklynParkV6
202608292054381475,202608291904436586,202608291904434406,85,3535,Bronze INV,br_ReAssessmentLegal,TASK_COMPLETE,SUCCESS,INFO,743,743,0,,2026-08-29T19:04:49.126Z,2026-08-29T20:54:41.421Z,6592,2026-08-29T20:54:41.421Z,VMIN,Minneapolis,dd7385f2-fbd4-41a4-afcd-7296aca5e198,SAMMS-MinneapolisV6
202608292054381476,202608291904436587,202608291904434406,85,3536,Bronze INV,br_ReAssessmentLegal,TASK_COMPLETE,SUCCESS,INFO,881,881,0,,2026-08-29T19:04:49.126Z,2026-08-29T20:54:41.421Z,6592,2026-08-29T20:54:41.421Z,VWBY,Woodbury,dd7385f2-fbd4-41a4-afcd-7296aca5e198,SAMMS-WoodburyV6
202608292054381477,202608291904436588,202608291904434406,85,3538,Bronze INV,br_ReAssessmentLegal,TASK_COMPLETE,SUCCESS,INFO,160,160,0,,2026-08-29T19:04:49.126Z,2026-08-29T20:54:41.421Z,6592,2026-08-29T20:54:41.421Z,WIL,Wilson,dd7385f2-fbd4-41a4-afcd-7296aca5e198,SAMMS-Wilson
202608292054381479,202608291904436589,202608291904434406,85,3542,Bronze INV,br_ReAssessmentMentalHealth,TASK_COMPLETE,SUCCESS,INFO,35,35,0,,2026-08-29T19:04:49.126Z,2026-08-29T20:54:41.421Z,6592,2026-08-29T20:54:41.421Z,AHK,Ahoskie,dd7385f2-fbd4-41a4-afcd-7296aca5e198,SAMMS-Ahoskie
202608292054381480,202608291904436590,202608291904434406,85,3543,Bronze INV,br_ReAssessmentMentalHealth,TASK_COMPLETE,SUCCESS,INFO,662,662,0,,2026-08-29T19:04:49.126Z,2026-08-29T20:54:41.421Z,6592,2026-08-29T20:54:41.421Z,B12B,Colorado Springs,dd7385f2-fbd4-41a4-afcd-7296aca5e198,SAMMS-ColoradoSpringsV5
202608292054381481,202608291904436591,202608291904434406,85,3544,Bronze INV,br_ReAssessmentMentalHealth,TASK_COMPLETE,SUCCESS,INFO,835,835,0,,2026-08-29T19:04:49.126Z,2026-08-29T20:54:41.421Z,6592,2026-08-29T20:54:41.421Z,B24,Paintsville,dd7385f2-fbd4-41a4-afcd-7296aca5e198,SAMMS-PaintsvilleV5
202608292054381482,202608291904436592,202608291904434406,85,3545,Bronze INV,br_ReAssessmentMentalHealth,TASK_COMPLETE,SUCCESS,INFO,646,646,0,,2026-08-29T19:04:49.126Z,2026-08-29T20:54:41.421Z,6592,2026-08-29T20:54:41.421Z,B25,Pikeville,dd7385f2-fbd4-41a4-afcd-7296aca5e198,SAMMS-PikevilleV5
202608292054381483,202608291904436593,202608291904434406,85,3546,Bronze INV,br_ReAssessmentMentalHealth,TASK_COMPLETE,SUCCESS,INFO,970,970,0,,2026-08-29T19:04:49.126Z,2026-08-29T20:54:41.421Z,6592,2026-08-29T20:54:41.421Z,B26,Hazard,dd7385f2-fbd4-41a4-afcd-7296aca5e198,SAMMS-HazardV5
202608292054381484,202608291904436594,202608291904434406,85,3547,Bronze INV,br_ReAssessmentMentalHealth,TASK_COMPLETE,SUCCESS,INFO,532,532,0,,2026-08-29T19:04:49.126Z,2026-08-29T20:54:41.421Z,6592,2026-08-29T20:54:41.421Z,B27,Savannah,dd7385f2-fbd4-41a4-afcd-7296aca5e198,SAMMS-SavannahV6
202608292054381485,202608291904436595,202608291904434406,85,3548,Bronze INV,br_ReAssessmentMentalHealth,TASK_COMPLETE,SUCCESS,INFO,246,246,0,,2026-08-29T19:04:49.126Z,2026-08-29T20:54:41.421Z,6592,2026-08-29T20:54:41.421Z,B28,West Plains,dd7385f2-fbd4-41a4-afcd-7296aca5e198,SAMMS-WestPlainesV5
202608292054381486,202608291904436596,202608291904434406,85,3549,Bronze INV,br_ReAssessmentMentalHealth,TASK_COMPLETE,SUCCESS,INFO,461,461,0,,2026-08-29T19:04:49.126Z,2026-08-29T20:54:41.421Z,6592,2026-08-29T20:54:41.421Z,B29,Poplar Bluff,dd7385f2-fbd4-41a4-afcd-7296aca5e198,SAMMS-PoplarBluffV5
202608292054381487,202608291904436597,202608291904434406,85,3550,Bronze INV,br_ReAssessmentMentalHealth,TASK_COMPLETE,SUCCESS,INFO,79,79,0,,2026-08-29T19:04:49.126Z,2026-08-29T20:54:41.421Z,6592,2026-08-29T20:54:41.421Z,B30,KC North,dd7385f2-fbd4-41a4-afcd-7296aca5e198,SAMMS-KCNv5
202608292054381488,202608291904436598,202608291904434406,85,3551,Bronze INV,br_ReAssessmentMentalHealth,TASK_COMPLETE,SUCCESS,INFO,401,401,0,,2026-08-29T19:04:49.126Z,2026-08-29T20:54:41.421Z,6592,2026-08-29T20:54:41.421Z,B31,Dyersburg,dd7385f2-fbd4-41a4-afcd-7296aca5e198,SAMMS-DyersburgV5
202608292054381489,202608291904436599,202608291904434406,85,3553,Bronze INV,br_ReAssessmentMentalHealth,TASK_COMPLETE,SUCCESS,INFO,487,487,0,,2026-08-29T19:04:49.126Z,2026-08-29T20:54:41.421Z,6592,2026-08-29T20:54:41.421Z,B33,Paducah,dd7385f2-fbd4-41a4-afcd-7296aca5e198,SAMMS-Paducah
202608292054381491,202608291904436600,202608291904434406,85,3554,Bronze INV,br_ReAssessmentMentalHealth,TASK_COMPLETE,SUCCESS,INFO,386,386,0,,2026-08-29T19:04:49.126Z,2026-08-29T20:54:41.421Z,6592,2026-08-29T20:54:41.421Z,B34,Corbin,dd7385f2-fbd4-41a4-afcd-7296aca5e198,SAMMS-CorbinV5
202608292054381492,202608291904436601,202608291904434406,85,3555,Bronze INV,br_ReAssessmentMentalHealth,TASK_COMPLETE,SUCCESS,INFO,242,242,0,,2026-08-29T19:04:49.126Z,2026-08-29T20:54:41.421Z,6592,2026-08-29T20:54:41.421Z,B35,Lexington,dd7385f2-fbd4-41a4-afcd-7296aca5e198,SAMMS-LexingtonV5
202608292054381493,202608291904436602,202608291904434406,85,3556,Bronze INV,br_ReAssessmentMentalHealth,TASK_COMPLETE,SUCCESS,INFO,77,77,0,,2026-08-29T19:04:49.126Z,2026-08-29T20:54:41.421Z,6592,2026-08-29T20:54:41.421Z,B35A,Berea,dd7385f2-fbd4-41a4-afcd-7296aca5e198,SAMMS-BereaV5
202608292054381494,202608291904436603,202608291904434406,85,3557,Bronze INV,br_ReAssessmentMentalHealth,TASK_COMPLETE,SUCCESS,INFO,20,20,0,,2026-08-29T19:04:49.126Z,2026-08-29T20:54:41.421Z,6592,2026-08-29T20:54:41.421Z,B36,Asheville,dd7385f2-fbd4-41a4-afcd-7296aca5e198,SAMMS-AshevilleV5
202608292054381495,202608291904436604,202608291904434406,85,3558,Bronze INV,br_ReAssessmentMentalHealth,TASK_COMPLETE,SUCCESS,INFO,1,1,0,,2026-08-29T19:04:49.126Z,2026-08-29T20:54:41.421Z,6592,2026-08-29T20:54:41.421Z,B37,Clyde,dd7385f2-fbd4-41a4-afcd-7296aca5e198,SAMMS-ClydeV5
202608292054381496,202608291904436605,202608291904434406,85,3559,Bronze INV,br_ReAssessmentMentalHealth,TASK_COMPLETE,SUCCESS,INFO,1188,1188,0,,2026-08-29T19:04:49.126Z,2026-08-29T20:54:41.421Z,6592,2026-08-29T20:54:41.421Z,B38,Spartanburg,dd7385f2-fbd4-41a4-afcd-7296aca5e198,SAMMS-SpartanburgV5
202608292054381497,202608291904436606,202608291904434406,85,3560,Bronze INV,br_ReAssessmentMentalHealth,TASK_COMPLETE,SUCCESS,INFO,362,362,0,,2026-08-29T19:04:49.126Z,2026-08-29T20:54:41.421Z,6592,2026-08-29T20:54:41.421Z,B39,Aiken,dd7385f2-fbd4-41a4-afcd-7296aca5e198,SAMMS-AikenV5
202608292054381498,202608291904436607,202608291904434406,85,3561,Bronze INV,br_ReAssessmentMentalHealth,TASK_COMPLETE,SUCCESS,INFO,1892,1892,0,,2026-08-29T19:04:49.126Z,2026-08-29T20:54:41.421Z,6592,2026-08-29T20:54:41.421Z,B41,Chesapeake,dd7385f2-fbd4-41a4-afcd-7296aca5e198,SAMMS-ChesapeakeV5
202608292054381499,202608291904436608,202608291904434406,85,3562,Bronze INV,br_ReAssessmentMentalHealth,TASK_COMPLETE,SUCCESS,INFO,1919,1919,0,,2026-08-29T19:04:49.126Z,2026-08-29T20:54:41.421Z,6592,2026-08-29T20:54:41.421Z,B42,Virginia Beach,dd7385f2-fbd4-41a4-afcd-7296aca5e198,SAMMS-VirginiaBeachV5
202608292054381500,202608291904436609,202608291904434406,85,3563,Bronze INV,br_ReAssessmentMentalHealth,TASK_COMPLETE,SUCCESS,INFO,931,931,0,,2026-08-29T19:04:49.126Z,2026-08-29T20:54:41.421Z,6592,2026-08-29T20:54:41.421Z,B42A,Newport News,dd7385f2-fbd4-41a4-afcd-7296aca5e198,SAMMS-NewportNewsV5
202608292054381501,202608291904436610,202608291904434406,85,3564,Bronze INV,br_ReAssessmentMentalHealth,TASK_COMPLETE,SUCCESS,INFO,508,508,0,,2026-08-29T19:04:49.126Z,2026-08-29T20:54:41.421Z,6592,2026-08-29T20:54:41.421Z,B42B,Franklin,dd7385f2-fbd4-41a4-afcd-7296aca5e198,SAMMS-FranklinV5
202608292054381503,202608291904436611,202608291904434406,85,3565,Bronze INV,br_ReAssessmentMentalHealth,TASK_COMPLETE,SUCCESS,INFO,345,345,0,,2026-08-29T19:04:49.126Z,2026-08-29T20:54:41.421Z,6592,2026-08-29T20:54:41.421Z,B42C,Glen Allen,dd7385f2-fbd4-41a4-afcd-7296aca5e198,SAMMS-GlenAllenV5
202608292054381504,202608291904436612,202608291904434406,85,3566,Bronze INV,br_ReAssessmentMentalHealth,TASK_COMPLETE,SUCCESS,INFO,1483,1483,0,,2026-08-29T19:04:49.126Z,2026-08-29T20:54:41.421Z,6592,2026-08-29T20:54:41.421Z,B42D,Chesapeake South,dd7385f2-fbd4-41a4-afcd-7296aca5e198,SAMMS-ChesapeakeSouthV5
202608292054381505,202608291904436613,202608291904434406,85,3567,Bronze INV,br_ReAssessmentMentalHealth,TASK_COMPLETE,SUCCESS,INFO,632,632,0,,2026-08-29T19:04:49.126Z,2026-08-29T20:54:41.421Z,6592,2026-08-29T20:54:41.421Z,B44,Albany,dd7385f2-fbd4-41a4-afcd-7296aca5e198,SAMMS-AlbanyV5
202608292054381506,202608291904436614,202608291904434406,85,3568,Bronze INV,br_ReAssessmentMentalHealth,TASK_COMPLETE,SUCCESS,INFO,1270,1270,0,,2026-08-29T19:04:49.126Z,2026-08-29T20:54:41.421Z,6592,2026-08-29T20:54:41.421Z,B45,Tifton,dd7385f2-fbd4-41a4-afcd-7296aca5e198,SAMMS-TiftonV5
202608292054381507,202608291904436615,202608291904434406,85,3569,Bronze INV,br_ReAssessmentMentalHealth,TASK_COMPLETE,SUCCESS,INFO,590,590,0,,2026-08-29T19:04:49.126Z,2026-08-29T20:54:41.421Z,6592,2026-08-29T20:54:41.421Z,B46,Washington DC,dd7385f2-fbd4-41a4-afcd-7296aca5e198,SAMMS-WashingtonDCv5
202608292054381508,202608291904436616,202608291904434406,85,3570,Bronze INV,br_ReAssessmentMentalHealth,TASK_COMPLETE,SUCCESS,INFO,1573,1573,0,,2026-08-29T19:04:49.126Z,2026-08-29T20:54:41.421Z,6592,2026-08-29T20:54:41.421Z,B47,Mobile,dd7385f2-fbd4-41a4-afcd-7296aca5e198,SAMMS-MobileV5
202608292054381509,202608291904436617,202608291904434406,85,3571,Bronze INV,br_ReAssessmentMentalHealth,TASK_COMPLETE,SUCCESS,INFO,1297,1297,0,,2026-08-29T19:04:49.126Z,2026-08-29T20:54:41.421Z,6592,2026-08-29T20:54:41.421Z,B48,Tuscaloosa,dd7385f2-fbd4-41a4-afcd-7296aca5e198,SAMMS-TuscaloosaV5
202608292054381510,202608291904436618,202608291904434406,85,3580,Bronze INV,br_ReAssessmentMentalHealth,TASK_COMPLETE,SUCCESS,INFO,2,2,0,,2026-08-29T19:04:49.126Z,2026-08-29T20:54:41.421Z,6592,2026-08-29T20:54:41.421Z,B51,N. Little Rock (OTP),dd7385f2-fbd4-41a4-afcd-7296aca5e198,SAMMS-NorthLittleRockV6
202608292054381511,202608291904436619,202608291904434406,85,3581,Bronze INV,br_ReAssessmentMentalHealth,TASK_COMPLETE,SUCCESS,INFO,457,457,0,,2026-08-29T19:04:49.126Z,2026-08-29T20:54:41.421Z,6592,2026-08-29T20:54:41.421Z,B52,Jackson GA,dd7385f2-fbd4-41a4-afcd-7296aca5e198,SAMMS-JacksonGAV5
202608292054381512,202608291904436620,202608291904434406,85,3582,Bronze INV,br_ReAssessmentMentalHealth,TASK_COMPLETE,SUCCESS,INFO,1703,1703,0,,2026-08-29T19:04:49.126Z,2026-08-29T20:54:41.421Z,6592,2026-08-29T20:54:41.421Z,B54,Gadsden,dd7385f2-fbd4-41a4-afcd-7296aca5e198,SAMMS-GadsdenV5
202608292054381513,202608291904436621,202608291904434406,85,3583,Bronze INV,br_ReAssessmentMentalHealth,TASK_COMPLETE,SUCCESS,INFO,952,952,0,,2026-08-29T19:04:49.126Z,2026-08-29T20:54:41.421Z,6592,2026-08-29T20:54:41.421Z,B55,Shoals,dd7385f2-fbd4-41a4-afcd-7296aca5e198,SAMMS-ShoalsV5
202608292054381514,202608291904436622,202608291904434406,85,3584,Bronze INV,br_ReAssessmentMentalHealth,TASK_COMPLETE,SUCCESS,INFO,294,294,0,,2026-08-29T19:04:49.126Z,2026-08-29T20:54:41.421Z,6592,2026-08-29T20:54:41.421Z,B57,Pawtucket,dd7385f2-fbd4-41a4-afcd-7296aca5e198,SAMMS-Pawtucket
202608292054381516,202608291904436623,202608291904434406,85,3585,Bronze INV,br_ReAssessmentMentalHealth,TASK_COMPLETE,SUCCESS,INFO,554,554,0,,2026-08-29T19:04:49.126Z,2026-08-29T20:54:41.421Z,6592,2026-08-29T20:54:41.421Z,B57A,Johnston,dd7385f2-fbd4-41a4-afcd-7296aca5e198,SAMMS-Johnston
202608292054381517,202608291904436624,202608291904434406,85,3586,Bronze INV,br_ReAssessmentMentalHealth,TASK_COMPLETE,SUCCESS,INFO,166,166,0,,2026-08-29T19:04:49.126Z,2026-08-29T20:54:41.421Z,6592,2026-08-29T20:54:41.421Z,B57B,Middletown,dd7385f2-fbd4-41a4-afcd-7296aca5e198,SAMMS-Middletown
202608292054381518,202608291904436625,202608291904434406,85,3587,Bronze INV,br_ReAssessmentMentalHealth,TASK_COMPLETE,SUCCESS,INFO,413,413,0,,2026-08-29T19:04:49.126Z,2026-08-29T20:54:41.421Z,6592,2026-08-29T20:54:41.421Z,B57C,Providence,dd7385f2-fbd4-41a4-afcd-7296aca5e198,SAMMS-Providence
202608292054381519,202608291904436626,202608291904434406,85,3588,Bronze INV,br_ReAssessmentMentalHealth,TASK_COMPLETE,SUCCESS,INFO,626,626,0,,2026-08-29T19:04:49.126Z,2026-08-29T20:54:41.421Z,6592,2026-08-29T20:54:41.421Z,B57D,Westerly,dd7385f2-fbd4-41a4-afcd-7296aca5e198,SAMMS-Westerly
202608292054381520,202608291904436627,202608291904434406,85,3592,Bronze INV,br_ReAssessmentMentalHealth,TASK_COMPLETE,SUCCESS,INFO,4,4,0,,2026-08-29T19:04:49.126Z,2026-08-29T20:54:41.421Z,6592,2026-08-29T20:54:41.421Z,B66A,Bremen,dd7385f2-fbd4-41a4-afcd-7296aca5e198,SAMMS-Bremen
202608292054381521,202608291904436628,202608291904434406,85,3595,Bronze INV,br_ReAssessmentMentalHealth,TASK_COMPLETE,SUCCESS,INFO,0,0,0,,2026-08-29T19:04:49.126Z,2026-08-29T20:54:41.421Z,6592,2026-08-29T20:54:41.421Z,B72,Mobile (OBOT),dd7385f2-fbd4-41a4-afcd-7296aca5e198,SAMMS-Mobile-OBOT
202608292054381522,202608291904436629,202608291904434406,85,3596,Bronze INV,br_ReAssessmentMentalHealth,TASK_COMPLETE,SUCCESS,INFO,0,0,0,,2026-08-29T19:04:49.126Z,2026-08-29T20:54:41.421Z,6592,2026-08-29T20:54:41.421Z,B73,Montgomery,dd7385f2-fbd4-41a4-afcd-7296aca5e198,SAMMS-Montgomery
202608292054381523,202608291904436630,202608291904434406,85,3597,Bronze INV,br_ReAssessmentMentalHealth,TASK_COMPLETE,SUCCESS,INFO,518,518,0,,2026-08-29T19:04:49.126Z,2026-08-29T20:54:41.421Z,6592,2026-08-29T20:54:41.421Z,B75,Lawrence,dd7385f2-fbd4-41a4-afcd-7296aca5e198,SAMMS-LawrenceV6
202608292054381524,202608291904436631,202608291904434406,85,3598,Bronze INV,br_ReAssessmentMentalHealth,TASK_COMPLETE,SUCCESS,INFO,0,0,0,,2026-08-29T19:04:49.126Z,2026-08-29T20:54:41.421Z,6592,2026-08-29T20:54:41.421Z,B76,Huntsville OBOT,dd7385f2-fbd4-41a4-afcd-7296aca5e198,SAMMS-Huntsville-OBOT
202608292054381525,202608291904436632,202608291904434406,85,3599,Bronze INV,br_ReAssessmentMentalHealth,TASK_COMPLETE,SUCCESS,INFO,0,0,0,,2026-08-29T19:04:49.126Z,2026-08-29T20:54:41.421Z,6592,2026-08-29T20:54:41.421Z,BAT,Batesville,dd7385f2-fbd4-41a4-afcd-7296aca5e198,SAMMS-Batesville
202608292054381526,202608291904436633,202608291904434406,85,3600,Bronze INV,br_ReAssessmentMentalHealth,TASK_COMPLETE,SUCCESS,INFO,461,461,0,,2026-08-29T19:04:49.126Z,2026-08-29T20:54:41.421Z,6592,2026-08-29T20:54:41.421Z,BG,Bowling Green,dd7385f2-fbd4-41a4-afcd-7296aca5e198,SAMMS-BowlingGreen
202608292054381528,202608291904436634,202608291904434406,85,3601,Bronze INV,br_ReAssessmentMentalHealth,TASK_COMPLETE,SUCCESS,INFO,182,182,0,,2026-08-29T19:04:49.126Z,2026-08-29T20:54:41.421Z,6592,2026-08-29T20:54:41.421Z,BOI,Boise,dd7385f2-fbd4-41a4-afcd-7296aca5e198,SAMMS-Boise
202608292054381529,202608291904436635,202608291904434406,85,3608,Bronze INV,br_ReAssessmentMentalHealth,TASK_COMPLETE,SUCCESS,INFO,51,51,0,,2026-08-29T19:04:49.126Z,2026-08-29T20:54:41.421Z,6592,2026-08-29T20:54:41.421Z,CBCO,Coeur dAlene,dd7385f2-fbd4-41a4-afcd-7296aca5e198,SAMMS-CoeurdAleneV6
202608292054381530,202608291904436636,202608291904434406,85,3627,Bronze INV,br_ReAssessmentMentalHealth,TASK_COMPLETE,SUCCESS,INFO,0,0,0,,2026-08-29T19:04:49.126Z,2026-08-29T20:54:41.421Z,6592,2026-08-29T20:54:41.421Z,CON,Conway,dd7385f2-fbd4-41a4-afcd-7296aca5e198,SAMMS-Conway
202608292054381531,202608291904436637,202608291904434406,85,3628,Bronze INV,br_ReAssessmentMentalHealth,TASK_COMPLETE,SUCCESS,INFO,2578,2578,0,,2026-08-29T19:04:49.126Z,2026-08-29T20:54:41.421Z,6592,2026-08-29T20:54:41.421Z,D07,Medical Services Knox TN,dd7385f2-fbd4-41a4-afcd-7296aca5e198,SAMMS-KnoxvilleV6
202608292054381532,202608291904436638,202608291904434406,85,3629,Bronze INV,br_ReAssessmentMentalHealth,TASK_COMPLETE,SUCCESS,INFO,113,113,0,,2026-08-29T19:04:49.126Z,2026-08-29T20:54:41.421Z,6592,2026-08-29T20:54:41.421Z,D08,Madison,dd7385f2-fbd4-41a4-afcd-7296aca5e198,SAMMS-MadisonV6
202608292054381533,202608291904436639,202608291904434406,85,3631,Bronze INV,br_ReAssessmentMentalHealth,TASK_COMPLETE,SUCCESS,INFO,120,120,0,,2026-08-29T19:04:49.126Z,2026-08-29T20:54:41.421Z,6592,2026-08-29T20:54:41.421Z,D09,Murfreesboro,dd7385f2-fbd4-41a4-afcd-7296aca5e198,SAMMS-MurfreesboroV6
202608292054381534,202608291904436640,202608291904434406,85,3632,Bronze INV,br_ReAssessmentMentalHealth,TASK_COMPLETE,SUCCESS,INFO,337,337,0,,2026-08-29T19:04:49.126Z,2026-08-29T20:54:41.421Z,6592,2026-08-29T20:54:41.421Z,DA,Davenport,dd7385f2-fbd4-41a4-afcd-7296aca5e198,SAMMS-Davenport
202608292054381535,202608291904436641,202608291904434406,85,3633,Bronze INV,br_ReAssessmentMentalHealth,TASK_COMPLETE,SUCCESS,INFO,288,288,0,,2026-08-29T19:04:49.126Z,2026-08-29T20:54:41.421Z,6592,2026-08-29T20:54:41.421Z,DM,Des Moines,dd7385f2-fbd4-41a4-afcd-7296aca5e198,SAMMS-DesMoines
202608292054381536,202608291904436642,202608291904434406,85,3635,Bronze INV,br_ReAssessmentMentalHealth,TASK_COMPLETE,SUCCESS,INFO,530,530,0,,2026-08-29T19:04:49.126Z,2026-08-29T20:54:41.421Z,6592,2026-08-29T20:54:41.421Z,DRD-CO,Columbia MO,dd7385f2-fbd4-41a4-afcd-7296aca5e198,SAMMS-ColumbiaV5
202608292054379722,202608291904435095,202608291904434406,85,1702,Bronze INV,br_Appointments,TASK_COMPLETE,SUCCESS,INFO,7605,7605,0,,2026-08-29T19:04:49.126Z,2026-08-29T20:54:41.421Z,6592,2026-08-29T20:54:41.421Z,AHK,Ahoskie,dd7385f2-fbd4-41a4-afcd-7296aca5e198,SAMMS-Ahoskie
202608292054379723,202608291904435096,202608291904434406,85,1703,Bronze INV,br_Appointments,TASK_COMPLETE,SUCCESS,INFO,14937,14937,0,,2026-08-29T19:04:49.126Z,2026-08-29T20:54:41.421Z,6592,2026-08-29T20:54:41.421Z,B12B,Colorado Springs,dd7385f2-fbd4-41a4-afcd-7296aca5e198,SAMMS-ColoradoSpringsV5
202608292054379724,202608291904435097,202608291904434406,85,1704,Bronze INV,br_Appointments,TASK_COMPLETE,SUCCESS,INFO,20292,20292,0,,2026-08-29T19:04:49.126Z,2026-08-29T20:54:41.421Z,6592,2026-08-29T20:54:41.421Z,B24,Paintsville,dd7385f2-fbd4-41a4-afcd-7296aca5e198,SAMMS-PaintsvilleV5
202608292054379725,202608291904435098,202608291904434406,85,1705,Bronze INV,br_Appointments,TASK_COMPLETE,SUCCESS,INFO,15899,15899,0,,2026-08-29T19:04:49.126Z,2026-08-29T20:54:41.421Z,6592,2026-08-29T20:54:41.421Z,B25,Pikeville,dd7385f2-fbd4-41a4-afcd-7296aca5e198,SAMMS-PikevilleV5
202608292054379727,202608291904435099,202608291904434406,85,1706,Bronze INV,br_Appointments,TASK_COMPLETE,SUCCESS,INFO,49431,49431,0,,2026-08-29T19:04:49.126Z,2026-08-29T20:54:41.421Z,6592,2026-08-29T20:54:41.421Z,B26,Hazard,dd7385f2-fbd4-41a4-afcd-7296aca5e198,SAMMS-HazardV5
202608292054379728,202608291904435100,202608291904434406,85,1707,Bronze INV,br_Appointments,TASK_COMPLETE,SUCCESS,INFO,21777,21777,0,,2026-08-29T19:04:49.126Z,2026-08-29T20:54:41.421Z,6592,2026-08-29T20:54:41.421Z,B27,Savannah,dd7385f2-fbd4-41a4-afcd-7296aca5e198,SAMMS-SavannahV6
202608292054379729,202608291904435101,202608291904434406,85,1708,Bronze INV,br_Appointments,TASK_COMPLETE,SUCCESS,INFO,6790,6790,0,,2026-08-29T19:04:49.126Z,2026-08-29T20:54:41.421Z,6592,2026-08-29T20:54:41.421Z,B28,West Plains,dd7385f2-fbd4-41a4-afcd-7296aca5e198,SAMMS-WestPlainesV5
202608292054379730,202608291904435102,202608291904434406,85,1709,Bronze INV,br_Appointments,TASK_COMPLETE,SUCCESS,INFO,8234,8234,0,,2026-08-29T19:04:49.126Z,2026-08-29T20:54:41.421Z,6592,2026-08-29T20:54:41.421Z,B29,Poplar Bluff,dd7385f2-fbd4-41a4-afcd-7296aca5e198,SAMMS-PoplarBluffV5
202608292054379731,202608291904435103,202608291904434406,85,1710,Bronze INV,br_Appointments,TASK_COMPLETE,SUCCESS,INFO,6889,6889,0,,2026-08-29T19:04:49.126Z,2026-08-29T20:54:41.421Z,6592,2026-08-29T20:54:41.421Z,B30,KC North,dd7385f2-fbd4-41a4-afcd-7296aca5e198,SAMMS-KCNv5
202608292054379734,202608291904435104,202608291904434406,85,1711,Bronze INV,br_Appointments,TASK_COMPLETE,SUCCESS,INFO,31895,31895,0,,2026-08-29T19:04:49.126Z,2026-08-29T20:54:41.421Z,6592,2026-08-29T20:54:41.421Z,B31,Dyersburg,dd7385f2-fbd4-41a4-afcd-7296aca5e198,SAMMS-DyersburgV5
202608292054379735,202608291904435105,202608291904434406,85,1713,Bronze INV,br_Appointments,TASK_COMPLETE,SUCCESS,INFO,53207,53207,0,,2026-08-29T19:04:49.126Z,2026-08-29T20:54:41.421Z,6592,2026-08-29T20:54:41.421Z,B33,Paducah,dd7385f2-fbd4-41a4-afcd-7296aca5e198,SAMMS-Paducah
202608292054379737,202608291904435106,202608291904434406,85,1714,Bronze INV,br_Appointments,TASK_COMPLETE,SUCCESS,INFO,24195,24195,0,,2026-08-29T19:04:49.126Z,2026-08-29T20:54:41.421Z,6592,2026-08-29T20:54:41.421Z,B34,Corbin,dd7385f2-fbd4-41a4-afcd-7296aca5e198,SAMMS-CorbinV5
202608292054379738,202608291904435107,202608291904434406,85,1715,Bronze INV,br_Appointments,TASK_COMPLETE,SUCCESS,INFO,44436,44436,0,,2026-08-29T19:04:49.126Z,2026-08-29T20:54:41.421Z,6592,2026-08-29T20:54:41.421Z,B35,Lexington,dd7385f2-fbd4-41a4-afcd-7296aca5e198,SAMMS-LexingtonV5
202608292054379739,202608291904435108,202608291904434406,85,1716,Bronze INV,br_Appointments,TASK_COMPLETE,SUCCESS,INFO,26636,26636,0,,2026-08-29T19:04:49.126Z,2026-08-29T20:54:41.421Z,6592,2026-08-29T20:54:41.421Z,B35A,Berea,dd7385f2-fbd4-41a4-afcd-7296aca5e198,SAMMS-BereaV5
202608292054379740,202608291904435109,202608291904434406,85,1717,Bronze INV,br_Appointments,TASK_COMPLETE,SUCCESS,INFO,57644,57644,0,,2026-08-29T19:04:49.126Z,2026-08-29T20:54:41.421Z,6592,2026-08-29T20:54:41.421Z,B36,Asheville,dd7385f2-fbd4-41a4-afcd-7296aca5e198,SAMMS-AshevilleV5
202608292054379741,202608291904435110,202608291904434406,85,1718,Bronze INV,br_Appointments,TASK_COMPLETE,SUCCESS,INFO,40554,40554,0,,2026-08-29T19:04:49.126Z,2026-08-29T20:54:41.421Z,6592,2026-08-29T20:54:41.421Z,B37,Clyde,dd7385f2-fbd4-41a4-afcd-7296aca5e198,SAMMS-ClydeV5
202608292054379742,202608291904435111,202608291904434406,85,1719,Bronze INV,br_Appointments,TASK_COMPLETE,SUCCESS,INFO,16258,16258,0,,2026-08-29T19:04:49.126Z,2026-08-29T20:54:41.421Z,6592,2026-08-29T20:54:41.421Z,B38,Spartanburg,dd7385f2-fbd4-41a4-afcd-7296aca5e198,SAMMS-SpartanburgV5
202608292054379744,202608291904435112,202608291904434406,85,1720,Bronze INV,br_Appointments,TASK_COMPLETE,SUCCESS,INFO,20355,20355,0,,2026-08-29T19:04:49.126Z,2026-08-29T20:54:41.421Z,6592,2026-08-29T20:54:41.421Z,B39,Aiken,dd7385f2-fbd4-41a4-afcd-7296aca5e198,SAMMS-AikenV5
202608292054379745,202608291904435113,202608291904434406,85,1721,Bronze INV,br_Appointments,TASK_COMPLETE,SUCCESS,INFO,20303,20303,0,,2026-08-29T19:04:49.126Z,2026-08-29T20:54:41.421Z,6592,2026-08-29T20:54:41.421Z,B41,Chesapeake,dd7385f2-fbd4-41a4-afcd-7296aca5e198,SAMMS-ChesapeakeV5
202608292054379746,202608291904435114,202608291904434406,85,1722,Bronze INV,br_Appointments,TASK_COMPLETE,SUCCESS,INFO,19080,19080,0,,2026-08-29T19:04:49.126Z,2026-08-29T20:54:41.421Z,6592,2026-08-29T20:54:41.421Z,B42,Virginia Beach,dd7385f2-fbd4-41a4-afcd-7296aca5e198,SAMMS-VirginiaBeachV5
202608292054379747,202608291904435115,202608291904434406,85,1723,Bronze INV,br_Appointments,TASK_COMPLETE,SUCCESS,INFO,15895,15895,0,,2026-08-29T19:04:49.126Z,2026-08-29T20:54:41.421Z,6592,2026-08-29T20:54:41.421Z,B42A,Newport News,dd7385f2-fbd4-41a4-afcd-7296aca5e198,SAMMS-NewportNewsV5
202608292054379748,202608291904435116,202608291904434406,85,1724,Bronze INV,br_Appointments,TASK_COMPLETE,SUCCESS,INFO,4638,4638,0,,2026-08-29T19:04:49.126Z,2026-08-29T20:54:41.421Z,6592,2026-08-29T20:54:41.421Z,B42B,Franklin,dd7385f2-fbd4-41a4-afcd-7296aca5e198,SAMMS-FranklinV5
202608292054379750,202608291904435117,202608291904434406,85,1725,Bronze INV,br_Appointments,TASK_COMPLETE,SUCCESS,INFO,10249,10249,0,,2026-08-29T19:04:49.126Z,2026-08-29T20:54:41.421Z,6592,2026-08-29T20:54:41.421Z,B42C,Glen Allen,dd7385f2-fbd4-41a4-afcd-7296aca5e198,SAMMS-GlenAllenV5
202608292054379751,202608291904435118,202608291904434406,85,1726,Bronze INV,br_Appointments,TASK_COMPLETE,SUCCESS,INFO,18471,18471,0,,2026-08-29T19:04:49.126Z,2026-08-29T20:54:41.421Z,6592,2026-08-29T20:54:41.421Z,B42D,Chesapeake South,dd7385f2-fbd4-41a4-afcd-7296aca5e198,SAMMS-ChesapeakeSouthV5
202608292054379752,202608291904435119,202608291904434406,85,1727,Bronze INV,br_Appointments,TASK_COMPLETE,SUCCESS,INFO,9816,9816,0,,2026-08-29T19:04:49.126Z,2026-08-29T20:54:41.421Z,6592,2026-08-29T20:54:41.421Z,B44,Albany,dd7385f2-fbd4-41a4-afcd-7296aca5e198,SAMMS-AlbanyV5
202608292054379753,202608291904435120,202608291904434406,85,1728,Bronze INV,br_Appointments,TASK_COMPLETE,SUCCESS,INFO,12398,12398,0,,2026-08-29T19:04:49.126Z,2026-08-29T20:54:41.421Z,6592,2026-08-29T20:54:41.421Z,B45,Tifton,dd7385f2-fbd4-41a4-afcd-7296aca5e198,SAMMS-TiftonV5
202608292054379755,202608291904435121,202608291904434406,85,1729,Bronze INV,br_Appointments,TASK_COMPLETE,SUCCESS,INFO,18821,18821,0,,2026-08-29T19:04:49.126Z,2026-08-29T20:54:41.421Z,6592,2026-08-29T20:54:41.421Z,B46,Washington DC,dd7385f2-fbd4-41a4-afcd-7296aca5e198,SAMMS-WashingtonDCv5
202608292054379756,202608291904435122,202608291904434406,85,1730,Bronze INV,br_Appointments,TASK_COMPLETE,SUCCESS,INFO,14699,14699,0,,2026-08-29T19:04:49.126Z,2026-08-29T20:54:41.421Z,6592,2026-08-29T20:54:41.421Z,B47,Mobile,dd7385f2-fbd4-41a4-afcd-7296aca5e198,SAMMS-MobileV5
202608292054379757,202608291904435123,202608291904434406,85,1731,Bronze INV,br_Appointments,TASK_COMPLETE,SUCCESS,INFO,19014,19014,0,,2026-08-29T19:04:49.126Z,2026-08-29T20:54:41.421Z,6592,2026-08-29T20:54:41.421Z,B48,Tuscaloosa,dd7385f2-fbd4-41a4-afcd-7296aca5e198,SAMMS-TuscaloosaV5
202608292054379758,202608291904435124,202608291904434406,85,1740,Bronze INV,br_Appointments,TASK_COMPLETE,SUCCESS,INFO,6766,6766,0,,2026-08-29T19:04:49.126Z,2026-08-29T20:54:41.421Z,6592,2026-08-29T20:54:41.421Z,B51,N. Little Rock (OTP),dd7385f2-fbd4-41a4-afcd-7296aca5e198,SAMMS-NorthLittleRockV6
202608292054379759,202608291904435125,202608291904434406,85,1741,Bronze INV,br_Appointments,TASK_COMPLETE,SUCCESS,INFO,11536,11536,0,,2026-08-29T19:04:49.126Z,2026-08-29T20:54:41.421Z,6592,2026-08-29T20:54:41.421Z,B52,Jackson GA,dd7385f2-fbd4-41a4-afcd-7296aca5e198,SAMMS-JacksonGAV5
202608292054379760,202608291904435126,202608291904434406,85,1742,Bronze INV,br_Appointments,TASK_COMPLETE,SUCCESS,INFO,9079,9079,0,,2026-08-29T19:04:49.126Z,2026-08-29T20:54:41.421Z,6592,2026-08-29T20:54:41.421Z,B54,Gadsden,dd7385f2-fbd4-41a4-afcd-7296aca5e198,SAMMS-GadsdenV5
202608292054379761,202608291904435127,202608291904434406,85,1743,Bronze INV,br_Appointments,TASK_COMPLETE,SUCCESS,INFO,14091,14091,0,,2026-08-29T19:04:49.126Z,2026-08-29T20:54:41.421Z,6592,2026-08-29T20:54:41.421Z,B55,Shoals,dd7385f2-fbd4-41a4-afcd-7296aca5e198,SAMMS-ShoalsV5
202608292054379763,202608291904435128,202608291904434406,85,1744,Bronze INV,br_Appointments,TASK_COMPLETE,SUCCESS,INFO,15685,15685,0,,2026-08-29T19:04:49.126Z,2026-08-29T20:54:41.421Z,6592,2026-08-29T20:54:41.421Z,B57,Pawtucket,dd7385f2-fbd4-41a4-afcd-7296aca5e198,SAMMS-Pawtucket
202608292054379764,202608291904435129,202608291904434406,85,1745,Bronze INV,br_Appointments,TASK_COMPLETE,SUCCESS,INFO,11838,11838,0,,2026-08-29T19:04:49.126Z,2026-08-29T20:54:41.421Z,6592,2026-08-29T20:54:41.421Z,B57A,Johnston,dd7385f2-fbd4-41a4-afcd-7296aca5e198,SAMMS-Johnston
202608292054379765,202608291904435130,202608291904434406,85,1746,Bronze INV,br_Appointments,TASK_COMPLETE,SUCCESS,INFO,4093,4093,0,,2026-08-29T19:04:49.126Z,2026-08-29T20:54:41.421Z,6592,2026-08-29T20:54:41.421Z,B57B,Middletown,dd7385f2-fbd4-41a4-afcd-7296aca5e198,SAMMS-Middletown
202608292054379766,202608291904435131,202608291904434406,85,1747,Bronze INV,br_Appointments,TASK_COMPLETE,SUCCESS,INFO,11696,11696,0,,2026-08-29T19:04:49.126Z,2026-08-29T20:54:41.421Z,6592,2026-08-29T20:54:41.421Z,B57C,Providence,dd7385f2-fbd4-41a4-afcd-7296aca5e198,SAMMS-Providence
202608292054379767,202608291904435132,202608291904434406,85,1748,Bronze INV,br_Appointments,TASK_COMPLETE,SUCCESS,INFO,21166,21166,0,,2026-08-29T19:04:49.126Z,2026-08-29T20:54:41.421Z,6592,2026-08-29T20:54:41.421Z,B57D,Westerly,dd7385f2-fbd4-41a4-afcd-7296aca5e198,SAMMS-Westerly
202608292054379768,202608291904435133,202608291904434406,85,1752,Bronze INV,br_Appointments,TASK_COMPLETE,SUCCESS,INFO,15614,15614,0,,2026-08-29T19:04:49.126Z,2026-08-29T20:54:41.421Z,6592,2026-08-29T20:54:41.421Z,B66A,Bremen,dd7385f2-fbd4-41a4-afcd-7296aca5e198,SAMMS-Bremen
202608292054379770,202608291904435134,202608291904434406,85,1755,Bronze INV,br_Appointments,TASK_COMPLETE,SUCCESS,INFO,38390,38390,0,,2026-08-29T19:04:49.126Z,2026-08-29T20:54:41.421Z,6592,2026-08-29T20:54:41.421Z,B72,Mobile (OBOT),dd7385f2-fbd4-41a4-afcd-7296aca5e198,SAMMS-Mobile-OBOT
202608292054379771,202608291904435135,202608291904434406,85,1756,Bronze INV,br_Appointments,TASK_COMPLETE,SUCCESS,INFO,15889,15889,0,,2026-08-29T19:04:49.126Z,2026-08-29T20:54:41.421Z,6592,2026-08-29T20:54:41.421Z,B73,Montgomery,dd7385f2-fbd4-41a4-afcd-7296aca5e198,SAMMS-Montgomery
202608292054379772,202608291904435136,202608291904434406,85,1757,Bronze INV,br_Appointments,TASK_COMPLETE,SUCCESS,INFO,8817,8817,0,,2026-08-29T19:04:49.126Z,2026-08-29T20:54:41.421Z,6592,2026-08-29T20:54:41.421Z,B75,Lawrence,dd7385f2-fbd4-41a4-afcd-7296aca5e198,SAMMS-LawrenceV6
202608292054379773,202608291904435137,202608291904434406,85,1758,Bronze INV,br_Appointments,TASK_COMPLETE,SUCCESS,INFO,1780,1780,0,,2026-08-29T19:04:49.126Z,2026-08-29T20:54:41.421Z,6592,2026-08-29T20:54:41.421Z,B76,Huntsville OBOT,dd7385f2-fbd4-41a4-afcd-7296aca5e198,SAMMS-Huntsville-OBOT
202608292054379774,202608291904435138,202608291904434406,85,1759,Bronze INV,br_Appointments,TASK_COMPLETE,SUCCESS,INFO,12232,12232,0,,2026-08-29T19:04:49.126Z,2026-08-29T20:54:41.421Z,6592,2026-08-29T20:54:41.421Z,BAT,Batesville,dd7385f2-fbd4-41a4-afcd-7296aca5e198,SAMMS-Batesville
202608292054379775,202608291904435139,202608291904434406,85,1760,Bronze INV,br_Appointments,TASK_COMPLETE,SUCCESS,INFO,11370,11370,0,,2026-08-29T19:04:49.126Z,2026-08-29T20:54:41.421Z,6592,2026-08-29T20:54:41.421Z,BG,Bowling Green,dd7385f2-fbd4-41a4-afcd-7296aca5e198,SAMMS-BowlingGreen
202608292054379777,202608291904435140,202608291904434406,85,1761,Bronze INV,br_Appointments,TASK_COMPLETE,SUCCESS,INFO,10197,10197,0,,2026-08-29T19:04:49.126Z,2026-08-29T20:54:41.421Z,6592,2026-08-29T20:54:41.421Z,BOI,Boise,dd7385f2-fbd4-41a4-afcd-7296aca5e198,SAMMS-Boise
202608292054379778,202608291904435141,202608291904434406,85,1768,Bronze INV,br_Appointments,TASK_COMPLETE,SUCCESS,INFO,5488,5488,0,,2026-08-29T19:04:49.126Z,2026-08-29T20:54:41.421Z,6592,2026-08-29T20:54:41.421Z,CBCO,Coeur dAlene,dd7385f2-fbd4-41a4-afcd-7296aca5e198,SAMMS-CoeurdAleneV6
202608292054379779,202608291904435142,202608291904434406,85,1787,Bronze INV,br_Appointments,TASK_COMPLETE,SUCCESS,INFO,18600,18600,0,,2026-08-29T19:04:49.126Z,2026-08-29T20:54:41.421Z,6592,2026-08-29T20:54:41.421Z,CON,Conway,dd7385f2-fbd4-41a4-afcd-7296aca5e198,SAMMS-Conway
202608292054379780,202608291904435143,202608291904434406,85,1788,Bronze INV,br_Appointments,TASK_COMPLETE,SUCCESS,INFO,99679,99679,0,,2026-08-29T19:04:49.126Z,2026-08-29T20:54:41.421Z,6592,2026-08-29T20:54:41.421Z,D07,Medical Services Knox TN,dd7385f2-fbd4-41a4-afcd-7296aca5e198,SAMMS-KnoxvilleV6
202608292054379781,202608291904435144,202608291904434406,85,1789,Bronze INV,br_Appointments,TASK_COMPLETE,SUCCESS,INFO,12881,12881,0,,2026-08-29T19:04:49.126Z,2026-08-29T20:54:41.421Z,6592,2026-08-29T20:54:41.421Z,D08,Madison,dd7385f2-fbd4-41a4-afcd-7296aca5e198,SAMMS-MadisonV6
202608292054379783,202608291904435145,202608291904434406,85,1791,Bronze INV,br_Appointments,TASK_COMPLETE,SUCCESS,INFO,10010,10010,0,,2026-08-29T19:04:49.126Z,2026-08-29T20:54:41.421Z,6592,2026-08-29T20:54:41.421Z,D09,Murfreesboro,dd7385f2-fbd4-41a4-afcd-7296aca5e198,SAMMS-MurfreesboroV6
202608292054379784,202608291904435146,202608291904434406,85,1792,Bronze INV,br_Appointments,TASK_COMPLETE,SUCCESS,INFO,28008,28008,0,,2026-08-29T19:04:49.126Z,2026-08-29T20:54:41.421Z,6592,2026-08-29T20:54:41.421Z,DA,Davenport,dd7385f2-fbd4-41a4-afcd-7296aca5e198,SAMMS-Davenport
202608292054379785,202608291904435147,202608291904434406,85,1793,Bronze INV,br_Appointments,TASK_COMPLETE,SUCCESS,INFO,19526,19526,0,,2026-08-29T19:04:49.126Z,2026-08-29T20:54:41.421Z,6592,2026-08-29T20:54:41.421Z,DM,Des Moines,dd7385f2-fbd4-41a4-afcd-7296aca5e198,SAMMS-DesMoines
202608292054379786,202608291904435148,202608291904434406,85,1795,Bronze INV,br_Appointments,TASK_COMPLETE,SUCCESS,INFO,16476,16476,0,,2026-08-29T19:04:49.126Z,2026-08-29T20:54:41.421Z,6592,2026-08-29T20:54:41.421Z,DRD-CO,Columbia MO,dd7385f2-fbd4-41a4-afcd-7296aca5e198,SAMMS-ColumbiaV5
202608292054379787,202608291904435149,202608291904434406,85,1796,Bronze INV,br_Appointments,TASK_COMPLETE,SUCCESS,INFO,16106,16106,0,,2026-08-29T19:04:49.126Z,2026-08-29T20:54:41.421Z,6592,2026-08-29T20:54:41.421Z,DRD-KC,KC,dd7385f2-fbd4-41a4-afcd-7296aca5e198,SAMMS-KCv5
202608292054379788,202608291904435150,202608291904434406,85,1797,Bronze INV,br_Appointments,TASK_COMPLETE,SUCCESS,INFO,41604,41604,0,,2026-08-29T19:04:49.126Z,2026-08-29T20:54:41.421Z,6592,2026-08-29T20:54:41.421Z,DRD-KVB,KVB,dd7385f2-fbd4-41a4-afcd-7296aca5e198,SAMMS-KVBv5
202608292054379790,202608291904435151,202608291904434406,85,1798,Bronze INV,br_Appointments,TASK_COMPLETE,SUCCESS,INFO,52605,52605,0,,2026-08-29T19:04:49.126Z,2026-08-29T20:54:41.421Z,6592,2026-08-29T20:54:41.421Z,DRD-KVC,KVC,dd7385f2-fbd4-41a4-afcd-7296aca5e198,SAMMS-KVCv5
202608292054379791,202608291904435152,202608291904434406,85,1799,Bronze INV,br_Appointments,TASK_COMPLETE,SUCCESS,INFO,50632,50632,0,,2026-08-29T19:04:49.126Z,2026-08-29T20:54:41.421Z,6592,2026-08-29T20:54:41.421Z,DRD-NOLA,NOLA,dd7385f2-fbd4-41a4-afcd-7296aca5e198,SAMMS-NOLAv5
202608292054379792,202608291904435153,202608291904434406,85,1800,Bronze INV,br_Appointments,TASK_COMPLETE,SUCCESS,INFO,16223,16223,0,,2026-08-29T19:04:49.126Z,2026-08-29T20:54:41.421Z,6592,2026-08-29T20:54:41.421Z,DRD-SF,Springfield,dd7385f2-fbd4-41a4-afcd-7296aca5e198,SAMMS-SFv5
202608292054379793,202608291904435154,202608291904434406,85,1802,Bronze INV,br_Appointments,TASK_COMPLETE,SUCCESS,INFO,21487,21487,0,,2026-08-29T19:04:49.126Z,2026-08-29T20:54:41.421Z,6592,2026-08-29T20:54:41.421Z,ELC,Elizabeth City,dd7385f2-fbd4-41a4-afcd-7296aca5e198,SAMMS-ElizabethCity
202608292054379794,202608291904435155,202608291904434406,85,1803,Bronze INV,br_Appointments,TASK_COMPLETE,SUCCESS,INFO,12973,12973,0,,2026-08-29T19:04:49.126Z,2026-08-29T20:54:41.421Z,6592,2026-08-29T20:54:41.421Z,ET,Elizabethtown,dd7385f2-fbd4-41a4-afcd-7296aca5e198,SAMMS-Elizabethtown
202608292054379795,202608291904435156,202608291904434406,85,1804,Bronze INV,br_Appointments,TASK_COMPLETE,SUCCESS,INFO,17602,17602,0,,2026-08-29T19:04:49.126Z,2026-08-29T20:54:41.421Z,6592,2026-08-29T20:54:41.421Z,FAY,Fayetteville,dd7385f2-fbd4-41a4-afcd-7296aca5e198,SAMMS-Fayetteville
202608292054379796,202608291904435157,202608291904434406,85,1805,Bronze INV,br_Appointments,TASK_COMPLETE,SUCCESS,INFO,2779,2779,0,,2026-08-29T19:04:49.126Z,2026-08-29T20:54:41.421Z,6592,2026-08-29T20:54:41.421Z,FR,Frankfort,dd7385f2-fbd4-41a4-afcd-7296aca5e198,SAMMS-Frankfort
202608292054379798,202608291904435158,202608291904434406,85,1806,Bronze INV,br_Appointments,TASK_COMPLETE,SUCCESS,INFO,14128,14128,0,,2026-08-29T19:04:49.126Z,2026-08-29T20:54:41.421Z,6592,2026-08-29T20:54:41.421Z,FS,Fort Smith,dd7385f2-fbd4-41a4-afcd-7296aca5e198,SAMMS-FortSmith
202608292054379799,202608291904435159,202608291904434406,85,1807,Bronze INV,br_Appointments,TASK_COMPLETE,SUCCESS,INFO,25411,25411,0,,2026-08-29T19:04:49.126Z,2026-08-29T20:54:41.421Z,6592,2026-08-29T20:54:41.421Z,FW,Fort Wayne,dd7385f2-fbd4-41a4-afcd-7296aca5e198,SAMMS-FortWayne
202608292054379800,202608291904435160,202608291904434406,85,1808,Bronze INV,br_Appointments,TASK_COMPLETE,SUCCESS,INFO,24314,24314,0,,2026-08-29T19:04:49.126Z,2026-08-29T20:54:41.421Z,6592,2026-08-29T20:54:41.421Z,GAL,Gaylord,dd7385f2-fbd4-41a4-afcd-7296aca5e198,SAMMS-Gaylord
202608292054379801,202608291904435161,202608291904434406,85,1812,Bronze INV,br_Appointments,TASK_COMPLETE,SUCCESS,INFO,49976,49976,0,,2026-08-29T19:04:49.126Z,2026-08-29T20:54:41.421Z,6592,2026-08-29T20:54:41.421Z,HGT,Hagerstown,dd7385f2-fbd4-41a4-afcd-7296aca5e198,SAMMS-Hagerstown
202608292054379802,202608291904435162,202608291904434406,85,1813,Bronze INV,br_Appointments,TASK_COMPLETE,SUCCESS,INFO,16896,16896,0,,2026-08-29T19:04:49.126Z,2026-08-29T20:54:41.421Z,6592,2026-08-29T20:54:41.421Z,HNT,Huntsville,dd7385f2-fbd4-41a4-afcd-7296aca5e198,SAMMS-Huntsville
202608292054379803,202608291904435163,202608291904434406,85,1814,Bronze INV,br_Appointments,TASK_COMPLETE,SUCCESS,INFO,17469,17469,0,,2026-08-29T19:04:49.126Z,2026-08-29T20:54:41.421Z,6592,2026-08-29T20:54:41.421Z,HS,Hot Springs,dd7385f2-fbd4-41a4-afcd-7296aca5e198,SAMMS-HotSprings
202608292054379804,202608291904435164,202608291904434406,85,1815,Bronze INV,br_Appointments,TASK_COMPLETE,SUCCESS,INFO,10359,10359,0,,2026-08-29T19:04:49.126Z,2026-08-29T20:54:41.421Z,6592,2026-08-29T20:54:41.421Z,JON,Jonesboro,dd7385f2-fbd4-41a4-afcd-7296aca5e198,SAMMS-Jonesboro
202608292054379806,202608291904435165,202608291904434406,85,1817,Bronze INV,br_Appointments,TASK_COMPLETE,SUCCESS,INFO,23502,23502,0,,2026-08-29T19:04:49.126Z,2026-08-29T20:54:41.421Z,6592,2026-08-29T20:54:41.421Z,LAN,Lansing,dd7385f2-fbd4-41a4-afcd-7296aca5e198,SAMMS-Lansing
202608292054379807,202608291904435166,202608291904434406,85,1818,Bronze INV,br_Appointments,TASK_COMPLETE,SUCCESS,INFO,19330,19330,0,,2026-08-29T19:04:49.126Z,2026-08-29T20:54:41.421Z,6592,2026-08-29T20:54:41.421Z,LO,Louisville,dd7385f2-fbd4-41a4-afcd-7296aca5e198,SAMMS-Louisville
202608292054379808,202608291904435167,202608291904434406,85,1819,Bronze INV,br_Appointments,TASK_COMPLETE,SUCCESS,INFO,13702,13702,0,,2026-08-29T19:04:49.126Z,2026-08-29T20:54:41.421Z,6592,2026-08-29T20:54:41.421Z,LV1,Cheyenne,dd7385f2-fbd4-41a4-afcd-7296aca5e198,SAMMS-Cheyenne
202608292054379809,202608291904435168,202608291904434406,85,1820,Bronze INV,br_Appointments,TASK_COMPLETE,SUCCESS,INFO,13506,13506,0,,2026-08-29T19:04:49.126Z,2026-08-29T20:54:41.421Z,6592,2026-08-29T20:54:41.421Z,LV2,Desert Inn,dd7385f2-fbd4-41a4-afcd-7296aca5e198,SAMMS-DesertInn
202608292054379810,202608291904435169,202608291904434406,85,1821,Bronze INV,br_Appointments,TASK_COMPLETE,SUCCESS,INFO,3326,3326,0,,2026-08-29T19:04:49.126Z,2026-08-29T20:54:41.421Z,6592,2026-08-29T20:54:41.421Z,LV3,McDaniel,dd7385f2-fbd4-41a4-afcd-7296aca5e198,SAMMS-McDaniel
202608292054379811,202608291904435170,202608291904434406,85,1824,Bronze INV,br_Appointments,TASK_COMPLETE,SUCCESS,INFO,8136,8136,0,,2026-08-29T19:04:49.126Z,2026-08-29T20:54:41.421Z,6592,2026-08-29T20:54:41.421Z,MNRE,Monroe,dd7385f2-fbd4-41a4-afcd-7296aca5e198,SAMMS-Monroe
202608292054379812,202608291904435171,202608291904434406,85,1825,Bronze INV,br_Appointments,TASK_COMPLETE,SUCCESS,INFO,29523,29523,0,,2026-08-29T19:04:49.126Z,2026-08-29T20:54:41.421Z,6592,2026-08-29T20:54:41.421Z,MP,Mt. Pleasant,dd7385f2-fbd4-41a4-afcd-7296aca5e198,SAMMS-MtPleasant
202608292054379814,202608291904435172,202608291904434406,85,1826,Bronze INV,br_Appointments,TASK_COMPLETE,SUCCESS,INFO,11668,11668,0,,2026-08-29T19:04:49.126Z,2026-08-29T20:54:41.421Z,6592,2026-08-29T20:54:41.421Z,MRD,Meridian,dd7385f2-fbd4-41a4-afcd-7296aca5e198,SAMMS-Meridian
202608292054379815,202608291904435173,202608291904434406,85,1831,Bronze INV,br_Appointments,TASK_COMPLETE,SUCCESS,INFO,15836,15836,0,,2026-08-29T19:04:49.126Z,2026-08-29T20:54:41.421Z,6592,2026-08-29T20:54:41.421Z,NC,North Charleston,dd7385f2-fbd4-41a4-afcd-7296aca5e198,SAMMS-NorthCharleston
202608292054379816,202608291904435174,202608291904434406,85,1832,Bronze INV,br_Appointments,TASK_COMPLETE,SUCCESS,INFO,27009,27009,0,,2026-08-29T19:04:49.126Z,2026-08-29T20:54:41.421Z,6592,2026-08-29T20:54:41.421Z,NLR,N. Little Rock,dd7385f2-fbd4-41a4-afcd-7296aca5e198,SAMMS-NLROBOT
202608292054379817,202608291904435175,202608291904434406,85,1833,Bronze INV,br_Appointments,TASK_COMPLETE,SUCCESS,INFO,3399,3399,0,,2026-08-29T19:04:49.126Z,2026-08-29T20:54:41.421Z,6592,2026-08-29T20:54:41.421Z,PH,Phoenix,dd7385f2-fbd4-41a4-afcd-7296aca5e198,SAMMS-Phoenix
202608292054379818,202608291904435176,202608291904434406,85,1837,Bronze INV,br_Appointments,TASK_COMPLETE,SUCCESS,INFO,19723,19723,0,,2026-08-29T19:04:49.126Z,2026-08-29T20:54:41.421Z,6592,2026-08-29T20:54:41.421Z,RE,Reno,dd7385f2-fbd4-41a4-afcd-7296aca5e198,SAMMS-Reno
202608292054379819,202608291904435177,202608291904434406,85,1838,Bronze INV,br_Appointments,TASK_COMPLETE,SUCCESS,INFO,12178,12178,0,,2026-08-29T19:04:49.126Z,2026-08-29T20:54:41.421Z,6592,2026-08-29T20:54:41.421Z,RMD,Richmond,dd7385f2-fbd4-41a4-afcd-7296aca5e198,SAMMS-Richmond
202608292054379820,202608291904435178,202608291904434406,85,1839,Bronze INV,br_Appointments,TASK_COMPLETE,SUCCESS,INFO,13308,13308,0,,2026-08-29T19:04:49.126Z,2026-08-29T20:54:41.421Z,6592,2026-08-29T20:54:41.421Z,SFN,Springfield North,dd7385f2-fbd4-41a4-afcd-7296aca5e198,SAMMS-SFNv5
202608292054379821,202608291904435179,202608291904434406,85,1840,Bronze INV,br_Appointments,TASK_COMPLETE,SUCCESS,INFO,13048,13048,0,,2026-08-29T19:04:49.126Z,2026-08-29T20:54:41.421Z,6592,2026-08-29T20:54:41.421Z,SHP,Shreveport,dd7385f2-fbd4-41a4-afcd-7296aca5e198,SAMMS-Shreveport
202608292054379823,202608291904435180,202608291904434406,85,1842,Bronze INV,br_Appointments,TASK_COMPLETE,SUCCESS,INFO,14184,14184,0,,2026-08-29T19:04:49.126Z,2026-08-29T20:54:41.421Z,6592,2026-08-29T20:54:41.421Z,STN,Staunton,dd7385f2-fbd4-41a4-afcd-7296aca5e198,SAMMS-Staunton
202608312116372426,202608311905652925,202608311905652236,85,1702,Bronze INV,br_Appointments,TASK_COMPLETE,SUCCESS,INFO,7624,7624,0,,2026-08-31T19:06:18.658Z,2026-08-31T21:16:41.151Z,7823,2026-08-31T21:16:41.151Z,AHK,Ahoskie,79f5b39e-d314-4ad3-8050-3ace553d67de,SAMMS-Ahoskie
202608312116372427,202608311905652926,202608311905652236,85,1703,Bronze INV,br_Appointments,TASK_COMPLETE,SUCCESS,INFO,14975,14975,0,,2026-08-31T19:06:18.658Z,2026-08-31T21:16:41.151Z,7823,2026-08-31T21:16:41.151Z,B12B,Colorado Springs,79f5b39e-d314-4ad3-8050-3ace553d67de,SAMMS-ColoradoSpringsV5
202608312116372428,202608311905652927,202608311905652236,85,1704,Bronze INV,br_Appointments,TASK_COMPLETE,SUCCESS,INFO,20312,20312,0,,2026-08-31T19:06:18.658Z,2026-08-31T21:16:41.151Z,7823,2026-08-31T21:16:41.151Z,B24,Paintsville,79f5b39e-d314-4ad3-8050-3ace553d67de,SAMMS-PaintsvilleV5
202608312116372429,202608311905652928,202608311905652236,85,1705,Bronze INV,br_Appointments,TASK_COMPLETE,SUCCESS,INFO,15950,15950,0,,2026-08-31T19:06:18.658Z,2026-08-31T21:16:41.151Z,7823,2026-08-31T21:16:41.151Z,B25,Pikeville,79f5b39e-d314-4ad3-8050-3ace553d67de,SAMMS-PikevilleV5
202608312116372430,202608311905652929,202608311905652236,85,1706,Bronze INV,br_Appointments,TASK_COMPLETE,SUCCESS,INFO,49523,49523,0,,2026-08-31T19:06:18.658Z,2026-08-31T21:16:41.151Z,7823,2026-08-31T21:16:41.151Z,B26,Hazard,79f5b39e-d314-4ad3-8050-3ace553d67de,SAMMS-HazardV5
202608312116372431,202608311905652930,202608311905652236,85,1707,Bronze INV,br_Appointments,TASK_COMPLETE,SUCCESS,INFO,21828,21828,0,,2026-08-31T19:06:18.658Z,2026-08-31T21:16:41.151Z,7823,2026-08-31T21:16:41.151Z,B27,Savannah,79f5b39e-d314-4ad3-8050-3ace553d67de,SAMMS-SavannahV6
202608312116372432,202608311905652931,202608311905652236,85,1708,Bronze INV,br_Appointments,TASK_COMPLETE,SUCCESS,INFO,6812,6812,0,,2026-08-31T19:06:18.658Z,2026-08-31T21:16:41.151Z,7823,2026-08-31T21:16:41.151Z,B28,West Plains,79f5b39e-d314-4ad3-8050-3ace553d67de,SAMMS-WestPlainesV5
202608312116372433,202608311905652932,202608311905652236,85,1709,Bronze INV,br_Appointments,TASK_COMPLETE,SUCCESS,INFO,8258,8258,0,,2026-08-31T19:06:18.658Z,2026-08-31T21:16:41.151Z,7823,2026-08-31T21:16:41.151Z,B29,Poplar Bluff,79f5b39e-d314-4ad3-8050-3ace553d67de,SAMMS-PoplarBluffV5
202608312116372435,202608311905652933,202608311905652236,85,1710,Bronze INV,br_Appointments,TASK_COMPLETE,SUCCESS,INFO,6902,6902,0,,2026-08-31T19:06:18.658Z,2026-08-31T21:16:41.151Z,7823,2026-08-31T21:16:41.151Z,B30,KC North,79f5b39e-d314-4ad3-8050-3ace553d67de,SAMMS-KCNv5
202608312116372437,202608311905652934,202608311905652236,85,1711,Bronze INV,br_Appointments,TASK_COMPLETE,SUCCESS,INFO,31910,31910,0,,2026-08-31T19:06:18.658Z,2026-08-31T21:16:41.151Z,7823,2026-08-31T21:16:41.151Z,B31,Dyersburg,79f5b39e-d314-4ad3-8050-3ace553d67de,SAMMS-DyersburgV5
202608312116372438,202608311905652935,202608311905652236,85,1713,Bronze INV,br_Appointments,TASK_COMPLETE,SUCCESS,INFO,53253,53253,0,,2026-08-31T19:06:18.658Z,2026-08-31T21:16:41.151Z,7823,2026-08-31T21:16:41.151Z,B33,Paducah,79f5b39e-d314-4ad3-8050-3ace553d67de,SAMMS-Paducah
202608312116372439,202608311905652936,202608311905652236,85,1714,Bronze INV,br_Appointments,TASK_COMPLETE,SUCCESS,INFO,24268,24268,0,,2026-08-31T19:06:18.658Z,2026-08-31T21:16:41.151Z,7823,2026-08-31T21:16:41.151Z,B34,Corbin,79f5b39e-d314-4ad3-8050-3ace553d67de,SAMMS-CorbinV5
202608312116372440,202608311905652937,202608311905652236,85,1715,Bronze INV,br_Appointments,TASK_COMPLETE,SUCCESS,INFO,44486,44486,0,,2026-08-31T19:06:18.658Z,2026-08-31T21:16:41.151Z,7823,2026-08-31T21:16:41.151Z,B35,Lexington,79f5b39e-d314-4ad3-8050-3ace553d67de,SAMMS-LexingtonV5
202608312116372441,202608311905652938,202608311905652236,85,1716,Bronze INV,br_Appointments,TASK_COMPLETE,SUCCESS,INFO,26682,26682,0,,2026-08-31T19:06:18.658Z,2026-08-31T21:16:41.151Z,7823,2026-08-31T21:16:41.151Z,B35A,Berea,79f5b39e-d314-4ad3-8050-3ace553d67de,SAMMS-BereaV5
202608312116372442,202608311905652939,202608311905652236,85,1717,Bronze INV,br_Appointments,TASK_COMPLETE,SUCCESS,INFO,57707,57707,0,,2026-08-31T19:06:18.658Z,2026-08-31T21:16:41.151Z,7823,2026-08-31T21:16:41.151Z,B36,Asheville,79f5b39e-d314-4ad3-8050-3ace553d67de,SAMMS-AshevilleV5
202608312116372443,202608311905652940,202608311905652236,85,1718,Bronze INV,br_Appointments,TASK_COMPLETE,SUCCESS,INFO,40569,40569,0,,2026-08-31T19:06:18.658Z,2026-08-31T21:16:41.151Z,7823,2026-08-31T21:16:41.151Z,B37,Clyde,79f5b39e-d314-4ad3-8050-3ace553d67de,SAMMS-ClydeV5
202608312116372444,202608311905652941,202608311905652236,85,1719,Bronze INV,br_Appointments,TASK_COMPLETE,SUCCESS,INFO,16255,16255,0,,2026-08-31T19:06:18.658Z,2026-08-31T21:16:41.151Z,7823,2026-08-31T21:16:41.151Z,B38,Spartanburg,79f5b39e-d314-4ad3-8050-3ace553d67de,SAMMS-SpartanburgV5
202608312116372446,202608311905652942,202608311905652236,85,1720,Bronze INV,br_Appointments,TASK_COMPLETE,SUCCESS,INFO,20376,20376,0,,2026-08-31T19:06:18.658Z,2026-08-31T21:16:41.151Z,7823,2026-08-31T21:16:41.151Z,B39,Aiken,79f5b39e-d314-4ad3-8050-3ace553d67de,SAMMS-AikenV5
202608312116372447,202608311905652943,202608311905652236,85,1721,Bronze INV,br_Appointments,TASK_COMPLETE,SUCCESS,INFO,20335,20335,0,,2026-08-31T19:06:18.658Z,2026-08-31T21:16:41.151Z,7823,2026-08-31T21:16:41.151Z,B41,Chesapeake,79f5b39e-d314-4ad3-8050-3ace553d67de,SAMMS-ChesapeakeV5
202608312116372448,202608311905652944,202608311905652236,85,1722,Bronze INV,br_Appointments,TASK_COMPLETE,SUCCESS,INFO,19120,19120,0,,2026-08-31T19:06:18.658Z,2026-08-31T21:16:41.151Z,7823,2026-08-31T21:16:41.151Z,B42,Virginia Beach,79f5b39e-d314-4ad3-8050-3ace553d67de,SAMMS-VirginiaBeachV5
202608312116372449,202608311905652945,202608311905652236,85,1723,Bronze INV,br_Appointments,TASK_COMPLETE,SUCCESS,INFO,15934,15934,0,,2026-08-31T19:06:18.658Z,2026-08-31T21:16:41.151Z,7823,2026-08-31T21:16:41.151Z,B42A,Newport News,79f5b39e-d314-4ad3-8050-3ace553d67de,SAMMS-NewportNewsV5
202608312116372450,202608311905652946,202608311905652236,85,1724,Bronze INV,br_Appointments,TASK_COMPLETE,SUCCESS,INFO,4649,4649,0,,2026-08-31T19:06:18.658Z,2026-08-31T21:16:41.151Z,7823,2026-08-31T21:16:41.151Z,B42B,Franklin,79f5b39e-d314-4ad3-8050-3ace553d67de,SAMMS-FranklinV5
202608312116372451,202608311905652947,202608311905652236,85,1725,Bronze INV,br_Appointments,TASK_COMPLETE,SUCCESS,INFO,10291,10291,0,,2026-08-31T19:06:18.658Z,2026-08-31T21:16:41.151Z,7823,2026-08-31T21:16:41.151Z,B42C,Glen Allen,79f5b39e-d314-4ad3-8050-3ace553d67de,SAMMS-GlenAllenV5
202608312116372452,202608311905652948,202608311905652236,85,1726,Bronze INV,br_Appointments,TASK_COMPLETE,SUCCESS,INFO,18486,18486,0,,2026-08-31T19:06:18.658Z,2026-08-31T21:16:41.151Z,7823,2026-08-31T21:16:41.151Z,B42D,Chesapeake South,79f5b39e-d314-4ad3-8050-3ace553d67de,SAMMS-ChesapeakeSouthV5
202608312116372453,202608311905652949,202608311905652236,85,1727,Bronze INV,br_Appointments,TASK_COMPLETE,SUCCESS,INFO,9824,9824,0,,2026-08-31T19:06:18.658Z,2026-08-31T21:16:41.151Z,7823,2026-08-31T21:16:41.151Z,B44,Albany,79f5b39e-d314-4ad3-8050-3ace553d67de,SAMMS-AlbanyV5
202608312116372454,202608311905652950,202608311905652236,85,1728,Bronze INV,br_Appointments,TASK_COMPLETE,SUCCESS,INFO,12419,12419,0,,2026-08-31T19:06:18.658Z,2026-08-31T21:16:41.151Z,7823,2026-08-31T21:16:41.151Z,B45,Tifton,79f5b39e-d314-4ad3-8050-3ace553d67de,SAMMS-TiftonV5
202608312116372455,202608311905652951,202608311905652236,85,1729,Bronze INV,br_Appointments,TASK_COMPLETE,SUCCESS,INFO,18868,18868,0,,2026-08-31T19:06:18.658Z,2026-08-31T21:16:41.151Z,7823,2026-08-31T21:16:41.151Z,B46,Washington DC,79f5b39e-d314-4ad3-8050-3ace553d67de,SAMMS-WashingtonDCv5
202608312116372457,202608311905652952,202608311905652236,85,1730,Bronze INV,br_Appointments,TASK_COMPLETE,SUCCESS,INFO,14728,14728,0,,2026-08-31T19:06:18.658Z,2026-08-31T21:16:41.151Z,7823,2026-08-31T21:16:41.151Z,B47,Mobile,79f5b39e-d314-4ad3-8050-3ace553d67de,SAMMS-MobileV5
202608312116372458,202608311905652953,202608311905652236,85,1731,Bronze INV,br_Appointments,TASK_COMPLETE,SUCCESS,INFO,19051,19051,0,,2026-08-31T19:06:18.658Z,2026-08-31T21:16:41.151Z,7823,2026-08-31T21:16:41.151Z,B48,Tuscaloosa,79f5b39e-d314-4ad3-8050-3ace553d67de,SAMMS-TuscaloosaV5
202608312116372459,202608311905652954,202608311905652236,85,1740,Bronze INV,br_Appointments,TASK_COMPLETE,SUCCESS,INFO,6783,6783,0,,2026-08-31T19:06:18.658Z,2026-08-31T21:16:41.151Z,7823,2026-08-31T21:16:41.151Z,B51,N. Little Rock (OTP),79f5b39e-d314-4ad3-8050-3ace553d67de,SAMMS-NorthLittleRockV6
202608312116372460,202608311905652955,202608311905652236,85,1741,Bronze INV,br_Appointments,TASK_COMPLETE,SUCCESS,INFO,11571,11571,0,,2026-08-31T19:06:18.658Z,2026-08-31T21:16:41.151Z,7823,2026-08-31T21:16:41.151Z,B52,Jackson GA,79f5b39e-d314-4ad3-8050-3ace553d67de,SAMMS-JacksonGAV5
202608312116372461,202608311905652956,202608311905652236,85,1742,Bronze INV,br_Appointments,TASK_COMPLETE,SUCCESS,INFO,9085,9085,0,,2026-08-31T19:06:18.658Z,2026-08-31T21:16:41.151Z,7823,2026-08-31T21:16:41.151Z,B54,Gadsden,79f5b39e-d314-4ad3-8050-3ace553d67de,SAMMS-GadsdenV5
202608312116372462,202608311905652957,202608311905652236,85,1743,Bronze INV,br_Appointments,TASK_COMPLETE,SUCCESS,INFO,14144,14144,0,,2026-08-31T19:06:18.658Z,2026-08-31T21:16:41.151Z,7823,2026-08-31T21:16:41.151Z,B55,Shoals,79f5b39e-d314-4ad3-8050-3ace553d67de,SAMMS-ShoalsV5
202608312116372463,202608311905652958,202608311905652236,85,1744,Bronze INV,br_Appointments,TASK_COMPLETE,SUCCESS,INFO,15711,15711,0,,2026-08-31T19:06:18.658Z,2026-08-31T21:16:41.151Z,7823,2026-08-31T21:16:41.151Z,B57,Pawtucket,79f5b39e-d314-4ad3-8050-3ace553d67de,SAMMS-Pawtucket
202608312116372464,202608311905652959,202608311905652236,85,1745,Bronze INV,br_Appointments,TASK_COMPLETE,SUCCESS,INFO,11863,11863,0,,2026-08-31T19:06:18.658Z,2026-08-31T21:16:41.151Z,7823,2026-08-31T21:16:41.151Z,B57A,Johnston,79f5b39e-d314-4ad3-8050-3ace553d67de,SAMMS-Johnston
202608312116372465,202608311905652960,202608311905652236,85,1746,Bronze INV,br_Appointments,TASK_COMPLETE,SUCCESS,INFO,4093,4093,0,,2026-08-31T19:06:18.658Z,2026-08-31T21:16:41.151Z,7823,2026-08-31T21:16:41.151Z,B57B,Middletown,79f5b39e-d314-4ad3-8050-3ace553d67de,SAMMS-Middletown
202608312116372466,202608311905652961,202608311905652236,85,1747,Bronze INV,br_Appointments,TASK_COMPLETE,SUCCESS,INFO,11708,11708,0,,2026-08-31T19:06:18.658Z,2026-08-31T21:16:41.151Z,7823,2026-08-31T21:16:41.151Z,B57C,Providence,79f5b39e-d314-4ad3-8050-3ace553d67de,SAMMS-Providence
202608312116372467,202608311905652962,202608311905652236,85,1748,Bronze INV,br_Appointments,TASK_COMPLETE,SUCCESS,INFO,21186,21186,0,,2026-08-31T19:06:18.658Z,2026-08-31T21:16:41.151Z,7823,2026-08-31T21:16:41.151Z,B57D,Westerly,79f5b39e-d314-4ad3-8050-3ace553d67de,SAMMS-Westerly
202608312116372468,202608311905652963,202608311905652236,85,1752,Bronze INV,br_Appointments,TASK_COMPLETE,SUCCESS,INFO,15661,15661,0,,2026-08-31T19:06:18.658Z,2026-08-31T21:16:41.151Z,7823,2026-08-31T21:16:41.151Z,B66A,Bremen,79f5b39e-d314-4ad3-8050-3ace553d67de,SAMMS-Bremen
202608312116372470,202608311905652964,202608311905652236,85,1755,Bronze INV,br_Appointments,TASK_COMPLETE,SUCCESS,INFO,38440,38440,0,,2026-08-31T19:06:18.658Z,2026-08-31T21:16:41.151Z,7823,2026-08-31T21:16:41.151Z,B72,Mobile (OBOT),79f5b39e-d314-4ad3-8050-3ace553d67de,SAMMS-Mobile-OBOT
202608312116372471,202608311905652965,202608311905652236,85,1756,Bronze INV,br_Appointments,TASK_COMPLETE,SUCCESS,INFO,15889,15889,0,,2026-08-31T19:06:18.658Z,2026-08-31T21:16:41.151Z,7823,2026-08-31T21:16:41.151Z,B73,Montgomery,79f5b39e-d314-4ad3-8050-3ace553d67de,SAMMS-Montgomery
202608312116372472,202608311905652966,202608311905652236,85,1757,Bronze INV,br_Appointments,TASK_COMPLETE,SUCCESS,INFO,8833,8833,0,,2026-08-31T19:06:18.658Z,2026-08-31T21:16:41.151Z,7823,2026-08-31T21:16:41.151Z,B75,Lawrence,79f5b39e-d314-4ad3-8050-3ace553d67de,SAMMS-LawrenceV6
202608312116372473,202608311905652967,202608311905652236,85,1758,Bronze INV,br_Appointments,TASK_COMPLETE,SUCCESS,INFO,1788,1788,0,,2026-08-31T19:06:18.658Z,2026-08-31T21:16:41.151Z,7823,2026-08-31T21:16:41.151Z,B76,Huntsville OBOT,79f5b39e-d314-4ad3-8050-3ace553d67de,SAMMS-Huntsville-OBOT
202608312116372474,202608311905652968,202608311905652236,85,1759,Bronze INV,br_Appointments,TASK_COMPLETE,SUCCESS,INFO,12238,12238,0,,2026-08-31T19:06:18.658Z,2026-08-31T21:16:41.151Z,7823,2026-08-31T21:16:41.151Z,BAT,Batesville,79f5b39e-d314-4ad3-8050-3ace553d67de,SAMMS-Batesville
202608312116372475,202608311905652969,202608311905652236,85,1760,Bronze INV,br_Appointments,TASK_COMPLETE,SUCCESS,INFO,11376,11376,0,,2026-08-31T19:06:18.658Z,2026-08-31T21:16:41.151Z,7823,2026-08-31T21:16:41.151Z,BG,Bowling Green,79f5b39e-d314-4ad3-8050-3ace553d67de,SAMMS-BowlingGreen
202608312116372476,202608311905652970,202608311905652236,85,1761,Bronze INV,br_Appointments,TASK_COMPLETE,SUCCESS,INFO,10210,10210,0,,2026-08-31T19:06:18.658Z,2026-08-31T21:16:41.151Z,7823,2026-08-31T21:16:41.151Z,BOI,Boise,79f5b39e-d314-4ad3-8050-3ace553d67de,SAMMS-Boise
202608312116372477,202608311905652971,202608311905652236,85,1768,Bronze INV,br_Appointments,TASK_COMPLETE,SUCCESS,INFO,5497,5497,0,,2026-08-31T19:06:18.658Z,2026-08-31T21:16:41.151Z,7823,2026-08-31T21:16:41.151Z,CBCO,Coeur dAlene,79f5b39e-d314-4ad3-8050-3ace553d67de,SAMMS-CoeurdAleneV6
202608312116372478,202608311905652972,202608311905652236,85,1787,Bronze INV,br_Appointments,TASK_COMPLETE,SUCCESS,INFO,18628,18628,0,,2026-08-31T19:06:18.658Z,2026-08-31T21:16:41.151Z,7823,2026-08-31T21:16:41.151Z,CON,Conway,79f5b39e-d314-4ad3-8050-3ace553d67de,SAMMS-Conway
202608312116372480,202608311905652973,202608311905652236,85,1788,Bronze INV,br_Appointments,TASK_COMPLETE,SUCCESS,INFO,99746,99746,0,,2026-08-31T19:06:18.658Z,2026-08-31T21:16:41.151Z,7823,2026-08-31T21:16:41.151Z,D07,Medical Services Knox TN,79f5b39e-d314-4ad3-8050-3ace553d67de,SAMMS-KnoxvilleV6
202608312116372481,202608311905652974,202608311905652236,85,1789,Bronze INV,br_Appointments,TASK_COMPLETE,SUCCESS,INFO,12885,12885,0,,2026-08-31T19:06:18.658Z,2026-08-31T21:16:41.151Z,7823,2026-08-31T21:16:41.151Z,D08,Madison,79f5b39e-d314-4ad3-8050-3ace553d67de,SAMMS-MadisonV6
202608312116372482,202608311905652975,202608311905652236,85,1791,Bronze INV,br_Appointments,TASK_COMPLETE,SUCCESS,INFO,10047,10047,0,,2026-08-31T19:06:18.658Z,2026-08-31T21:16:41.151Z,7823,2026-08-31T21:16:41.151Z,D09,Murfreesboro,79f5b39e-d314-4ad3-8050-3ace553d67de,SAMMS-MurfreesboroV6
202608312116372483,202608311905652976,202608311905652236,85,1792,Bronze INV,br_Appointments,TASK_COMPLETE,SUCCESS,INFO,28094,28094,0,,2026-08-31T19:06:18.658Z,2026-08-31T21:16:41.151Z,7823,2026-08-31T21:16:41.151Z,DA,Davenport,79f5b39e-d314-4ad3-8050-3ace553d67de,SAMMS-Davenport
202608312116372484,202608311905652977,202608311905652236,85,1793,Bronze INV,br_Appointments,TASK_COMPLETE,SUCCESS,INFO,19539,19539,0,,2026-08-31T19:06:18.658Z,2026-08-31T21:16:41.151Z,7823,2026-08-31T21:16:41.151Z,DM,Des Moines,79f5b39e-d314-4ad3-8050-3ace553d67de,SAMMS-DesMoines
202608312116372485,202608311905652978,202608311905652236,85,1795,Bronze INV,br_Appointments,TASK_COMPLETE,SUCCESS,INFO,16486,16486,0,,2026-08-31T19:06:18.658Z,2026-08-31T21:16:41.151Z,7823,2026-08-31T21:16:41.151Z,DRD-CO,Columbia MO,79f5b39e-d314-4ad3-8050-3ace553d67de,SAMMS-ColumbiaV5
202608312116372486,202608311905652979,202608311905652236,85,1796,Bronze INV,br_Appointments,TASK_COMPLETE,SUCCESS,INFO,16149,16149,0,,2026-08-31T19:06:18.658Z,2026-08-31T21:16:41.151Z,7823,2026-08-31T21:16:41.151Z,DRD-KC,KC,79f5b39e-d314-4ad3-8050-3ace553d67de,SAMMS-KCv5
202608312116372487,202608311905652980,202608311905652236,85,1797,Bronze INV,br_Appointments,TASK_COMPLETE,SUCCESS,INFO,41681,41681,0,,2026-08-31T19:06:18.658Z,2026-08-31T21:16:41.151Z,7823,2026-08-31T21:16:41.151Z,DRD-KVB,KVB,79f5b39e-d314-4ad3-8050-3ace553d67de,SAMMS-KVBv5
202608312116372488,202608311905652981,202608311905652236,85,1798,Bronze INV,br_Appointments,TASK_COMPLETE,SUCCESS,INFO,52760,52760,0,,2026-08-31T19:06:18.658Z,2026-08-31T21:16:41.151Z,7823,2026-08-31T21:16:41.151Z,DRD-KVC,KVC,79f5b39e-d314-4ad3-8050-3ace553d67de,SAMMS-KVCv5
202608312116372489,202608311905652982,202608311905652236,85,1799,Bronze INV,br_Appointments,TASK_COMPLETE,SUCCESS,INFO,50792,50792,0,,2026-08-31T19:06:18.658Z,2026-08-31T21:16:41.151Z,7823,2026-08-31T21:16:41.151Z,DRD-NOLA,NOLA,79f5b39e-d314-4ad3-8050-3ace553d67de,SAMMS-NOLAv5
202608312116372491,202608311905652983,202608311905652236,85,1800,Bronze INV,br_Appointments,TASK_COMPLETE,SUCCESS,INFO,16293,16293,0,,2026-08-31T19:06:18.658Z,2026-08-31T21:16:41.151Z,7823,2026-08-31T21:16:41.151Z,DRD-SF,Springfield,79f5b39e-d314-4ad3-8050-3ace553d67de,SAMMS-SFv5
202608312116372492,202608311905652984,202608311905652236,85,1802,Bronze INV,br_Appointments,TASK_COMPLETE,SUCCESS,INFO,21516,21516,0,,2026-08-31T19:06:18.658Z,2026-08-31T21:16:41.151Z,7823,2026-08-31T21:16:41.151Z,ELC,Elizabeth City,79f5b39e-d314-4ad3-8050-3ace553d67de,SAMMS-ElizabethCity
202608312116372493,202608311905652985,202608311905652236,85,1803,Bronze INV,br_Appointments,TASK_COMPLETE,SUCCESS,INFO,12981,12981,0,,2026-08-31T19:06:18.658Z,2026-08-31T21:16:41.151Z,7823,2026-08-31T21:16:41.151Z,ET,Elizabethtown,79f5b39e-d314-4ad3-8050-3ace553d67de,SAMMS-Elizabethtown
202608312116372494,202608311905652986,202608311905652236,85,1804,Bronze INV,br_Appointments,TASK_COMPLETE,SUCCESS,INFO,17630,17630,0,,2026-08-31T19:06:18.658Z,2026-08-31T21:16:41.151Z,7823,2026-08-31T21:16:41.151Z,FAY,Fayetteville,79f5b39e-d314-4ad3-8050-3ace553d67de,SAMMS-Fayetteville
202608312116372495,202608311905652987,202608311905652236,85,1805,Bronze INV,br_Appointments,TASK_COMPLETE,SUCCESS,INFO,2803,2803,0,,2026-08-31T19:06:18.658Z,2026-08-31T21:16:41.151Z,7823,2026-08-31T21:16:41.151Z,FR,Frankfort,79f5b39e-d314-4ad3-8050-3ace553d67de,SAMMS-Frankfort
202608312116372496,202608311905652988,202608311905652236,85,1806,Bronze INV,br_Appointments,TASK_COMPLETE,SUCCESS,INFO,14151,14151,0,,2026-08-31T19:06:18.658Z,2026-08-31T21:16:41.151Z,7823,2026-08-31T21:16:41.151Z,FS,Fort Smith,79f5b39e-d314-4ad3-8050-3ace553d67de,SAMMS-FortSmith
202608312116372497,202608311905652989,202608311905652236,85,1807,Bronze INV,br_Appointments,TASK_COMPLETE,SUCCESS,INFO,25514,25514,0,,2026-08-31T19:06:18.658Z,2026-08-31T21:16:41.151Z,7823,2026-08-31T21:16:41.151Z,FW,Fort Wayne,79f5b39e-d314-4ad3-8050-3ace553d67de,SAMMS-FortWayne
202608312116372498,202608311905652990,202608311905652236,85,1808,Bronze INV,br_Appointments,TASK_COMPLETE,SUCCESS,INFO,24344,24344,0,,2026-08-31T19:06:18.658Z,2026-08-31T21:16:41.151Z,7823,2026-08-31T21:16:41.151Z,GAL,Gaylord,79f5b39e-d314-4ad3-8050-3ace553d67de,SAMMS-Gaylord
202608312116372499,202608311905652991,202608311905652236,85,1812,Bronze INV,br_Appointments,TASK_COMPLETE,SUCCESS,INFO,50088,50088,0,,2026-08-31T19:06:18.658Z,2026-08-31T21:16:41.151Z,7823,2026-08-31T21:16:41.151Z,HGT,Hagerstown,79f5b39e-d314-4ad3-8050-3ace553d67de,SAMMS-Hagerstown
202608312116372501,202608311905652992,202608311905652236,85,1813,Bronze INV,br_Appointments,TASK_COMPLETE,SUCCESS,INFO,16945,16945,0,,2026-08-31T19:06:18.658Z,2026-08-31T21:16:41.151Z,7823,2026-08-31T21:16:41.151Z,HNT,Huntsville,79f5b39e-d314-4ad3-8050-3ace553d67de,SAMMS-Huntsville
202608312116372502,202608311905652993,202608311905652236,85,1814,Bronze INV,br_Appointments,TASK_COMPLETE,SUCCESS,INFO,17506,17506,0,,2026-08-31T19:06:18.658Z,2026-08-31T21:16:41.151Z,7823,2026-08-31T21:16:41.151Z,HS,Hot Springs,79f5b39e-d314-4ad3-8050-3ace553d67de,SAMMS-HotSprings
202608312116372503,202608311905652994,202608311905652236,85,1815,Bronze INV,br_Appointments,TASK_COMPLETE,SUCCESS,INFO,10372,10372,0,,2026-08-31T19:06:18.658Z,2026-08-31T21:16:41.151Z,7823,2026-08-31T21:16:41.151Z,JON,Jonesboro,79f5b39e-d314-4ad3-8050-3ace553d67de,SAMMS-Jonesboro
202608312116372504,202608311905652995,202608311905652236,85,1817,Bronze INV,br_Appointments,TASK_COMPLETE,SUCCESS,INFO,23523,23523,0,,2026-08-31T19:06:18.658Z,2026-08-31T21:16:41.151Z,7823,2026-08-31T21:16:41.151Z,LAN,Lansing,79f5b39e-d314-4ad3-8050-3ace553d67de,SAMMS-Lansing
202608312116372505,202608311905652996,202608311905652236,85,1818,Bronze INV,br_Appointments,TASK_COMPLETE,SUCCESS,INFO,19371,19371,0,,2026-08-31T19:06:18.658Z,2026-08-31T21:16:41.151Z,7823,2026-08-31T21:16:41.151Z,LO,Louisville,79f5b39e-d314-4ad3-8050-3ace553d67de,SAMMS-Louisville
202608312116372506,202608311905652997,202608311905652236,85,1819,Bronze INV,br_Appointments,TASK_COMPLETE,SUCCESS,INFO,13786,13786,0,,2026-08-31T19:06:18.658Z,2026-08-31T21:16:41.151Z,7823,2026-08-31T21:16:41.151Z,LV1,Cheyenne,79f5b39e-d314-4ad3-8050-3ace553d67de,SAMMS-Cheyenne
202608312116372507,202608311905652998,202608311905652236,85,1820,Bronze INV,br_Appointments,TASK_COMPLETE,SUCCESS,INFO,13518,13518,0,,2026-08-31T19:06:18.658Z,2026-08-31T21:16:41.151Z,7823,2026-08-31T21:16:41.151Z,LV2,Desert Inn,79f5b39e-d314-4ad3-8050-3ace553d67de,SAMMS-DesertInn
202608312116372508,202608311905652999,202608311905652236,85,1821,Bronze INV,br_Appointments,TASK_COMPLETE,SUCCESS,INFO,3337,3337,0,,2026-08-31T19:06:18.658Z,2026-08-31T21:16:41.151Z,7823,2026-08-31T21:16:41.151Z,LV3,McDaniel,79f5b39e-d314-4ad3-8050-3ace553d67de,SAMMS-McDaniel
202608312116372509,202608311905653000,202608311905652236,85,1824,Bronze INV,br_Appointments,TASK_COMPLETE,SUCCESS,INFO,8164,8164,0,,2026-08-31T19:06:18.658Z,2026-08-31T21:16:41.151Z,7823,2026-08-31T21:16:41.151Z,MNRE,Monroe,79f5b39e-d314-4ad3-8050-3ace553d67de,SAMMS-Monroe
202608312116372511,202608311905653001,202608311905652236,85,1825,Bronze INV,br_Appointments,TASK_COMPLETE,SUCCESS,INFO,29584,29584,0,,2026-08-31T19:06:18.658Z,2026-08-31T21:16:41.151Z,7823,2026-08-31T21:16:41.151Z,MP,Mt. Pleasant,79f5b39e-d314-4ad3-8050-3ace553d67de,SAMMS-MtPleasant
202608312116372512,202608311905653002,202608311905652236,85,1826,Bronze INV,br_Appointments,TASK_COMPLETE,SUCCESS,INFO,11706,11706,0,,2026-08-31T19:06:18.658Z,2026-08-31T21:16:41.151Z,7823,2026-08-31T21:16:41.151Z,MRD,Meridian,79f5b39e-d314-4ad3-8050-3ace553d67de,SAMMS-Meridian
202608312116372513,202608311905653003,202608311905652236,85,1831,Bronze INV,br_Appointments,TASK_COMPLETE,SUCCESS,INFO,15848,15848,0,,2026-08-31T19:06:18.658Z,2026-08-31T21:16:41.151Z,7823,2026-08-31T21:16:41.151Z,NC,North Charleston,79f5b39e-d314-4ad3-8050-3ace553d67de,SAMMS-NorthCharleston
202608312116372514,202608311905653004,202608311905652236,85,1832,Bronze INV,br_Appointments,TASK_COMPLETE,SUCCESS,INFO,27059,27059,0,,2026-08-31T19:06:18.658Z,2026-08-31T21:16:41.151Z,7823,2026-08-31T21:16:41.151Z,NLR,N. Little Rock,79f5b39e-d314-4ad3-8050-3ace553d67de,SAMMS-NLROBOT
202608312116372515,202608311905653005,202608311905652236,85,1833,Bronze INV,br_Appointments,TASK_COMPLETE,SUCCESS,INFO,3399,3399,0,,2026-08-31T19:06:18.658Z,2026-08-31T21:16:41.151Z,7823,2026-08-31T21:16:41.151Z,PH,Phoenix,79f5b39e-d314-4ad3-8050-3ace553d67de,SAMMS-Phoenix
202608312116372516,202608311905653006,202608311905652236,85,1837,Bronze INV,br_Appointments,TASK_COMPLETE,SUCCESS,INFO,19766,19766,0,,2026-08-31T19:06:18.658Z,2026-08-31T21:16:41.151Z,7823,2026-08-31T21:16:41.151Z,RE,Reno,79f5b39e-d314-4ad3-8050-3ace553d67de,SAMMS-Reno
202608312116372517,202608311905653007,202608311905652236,85,1838,Bronze INV,br_Appointments,TASK_COMPLETE,SUCCESS,INFO,12231,12231,0,,2026-08-31T19:06:18.658Z,2026-08-31T21:16:41.151Z,7823,2026-08-31T21:16:41.151Z,RMD,Richmond,79f5b39e-d314-4ad3-8050-3ace553d67de,SAMMS-Richmond
202608312116372518,202608311905653008,202608311905652236,85,1839,Bronze INV,br_Appointments,TASK_COMPLETE,SUCCESS,INFO,13329,13329,0,,2026-08-31T19:06:18.658Z,2026-08-31T21:16:41.151Z,7823,2026-08-31T21:16:41.151Z,SFN,Springfield North,79f5b39e-d314-4ad3-8050-3ace553d67de,SAMMS-SFNv5
202608312116372519,202608311905653009,202608311905652236,85,1840,Bronze INV,br_Appointments,TASK_COMPLETE,SUCCESS,INFO,13132,13132,0,,2026-08-31T19:06:18.658Z,2026-08-31T21:16:41.151Z,7823,2026-08-31T21:16:41.151Z,SHP,Shreveport,79f5b39e-d314-4ad3-8050-3ace553d67de,SAMMS-Shreveport
202608312116372520,202608311905653010,202608311905652236,85,1842,Bronze INV,br_Appointments,TASK_COMPLETE,SUCCESS,INFO,14210,14210,0,,2026-08-31T19:06:18.658Z,2026-08-31T21:16:41.151Z,7823,2026-08-31T21:16:41.151Z,STN,Staunton,79f5b39e-d314-4ad3-8050-3ace553d67de,SAMMS-Staunton
202609022122571162,202609021903206764,202609021903206075,85,1702,Bronze INV,br_Appointments,TASK_COMPLETE,SUCCESS,INFO,7645,7645,0,,2026-09-02T19:03:39.838Z,2026-09-02T21:23:00.812Z,8361,2026-09-02T21:23:00.812Z,AHK,Ahoskie,c49685cc-3281-44bc-a1c2-3be5b1110999,SAMMS-Ahoskie
202609022122571163,202609021903206765,202609021903206075,85,1703,Bronze INV,br_Appointments,TASK_COMPLETE,SUCCESS,INFO,15082,15082,0,,2026-09-02T19:03:39.838Z,2026-09-02T21:23:00.812Z,8361,2026-09-02T21:23:00.812Z,B12B,Colorado Springs,c49685cc-3281-44bc-a1c2-3be5b1110999,SAMMS-ColoradoSpringsV5
202609022122571164,202609021903206766,202609021903206075,85,1704,Bronze INV,br_Appointments,TASK_COMPLETE,SUCCESS,INFO,20365,20365,0,,2026-09-02T19:03:39.838Z,2026-09-02T21:23:00.812Z,8361,2026-09-02T21:23:00.812Z,B24,Paintsville,c49685cc-3281-44bc-a1c2-3be5b1110999,SAMMS-PaintsvilleV5
202609022122571165,202609021903206767,202609021903206075,85,1705,Bronze INV,br_Appointments,TASK_COMPLETE,SUCCESS,INFO,16113,16113,0,,2026-09-02T19:03:39.838Z,2026-09-02T21:23:00.812Z,8361,2026-09-02T21:23:00.812Z,B25,Pikeville,c49685cc-3281-44bc-a1c2-3be5b1110999,SAMMS-PikevilleV5
202609022122571166,202609021903206768,202609021903206075,85,1706,Bronze INV,br_Appointments,TASK_COMPLETE,SUCCESS,INFO,49778,49778,0,,2026-09-02T19:03:39.838Z,2026-09-02T21:23:00.812Z,8361,2026-09-02T21:23:00.812Z,B26,Hazard,c49685cc-3281-44bc-a1c2-3be5b1110999,SAMMS-HazardV5
202609022122571167,202609021903206769,202609021903206075,85,1707,Bronze INV,br_Appointments,TASK_COMPLETE,SUCCESS,INFO,21860,21860,0,,2026-09-02T19:03:39.838Z,2026-09-02T21:23:00.812Z,8361,2026-09-02T21:23:00.812Z,B27,Savannah,c49685cc-3281-44bc-a1c2-3be5b1110999,SAMMS-SavannahV6
202609022122571169,202609021903206770,202609021903206075,85,1708,Bronze INV,br_Appointments,TASK_COMPLETE,SUCCESS,INFO,6858,6858,0,,2026-09-02T19:03:39.838Z,2026-09-02T21:23:00.812Z,8361,2026-09-02T21:23:00.812Z,B28,West Plains,c49685cc-3281-44bc-a1c2-3be5b1110999,SAMMS-WestPlainesV5
202609022122571170,202609021903206771,202609021903206075,85,1709,Bronze INV,br_Appointments,TASK_COMPLETE,SUCCESS,INFO,8291,8291,0,,2026-09-02T19:03:39.838Z,2026-09-02T21:23:00.812Z,8361,2026-09-02T21:23:00.812Z,B29,Poplar Bluff,c49685cc-3281-44bc-a1c2-3be5b1110999,SAMMS-PoplarBluffV5
202609022122571172,202609021903206772,202609021903206075,85,1710,Bronze INV,br_Appointments,TASK_COMPLETE,SUCCESS,INFO,6948,6948,0,,2026-09-02T19:03:39.838Z,2026-09-02T21:23:00.812Z,8361,2026-09-02T21:23:00.812Z,B30,KC North,c49685cc-3281-44bc-a1c2-3be5b1110999,SAMMS-KCNv5
202609022122571173,202609021903206773,202609021903206075,85,1711,Bronze INV,br_Appointments,TASK_COMPLETE,SUCCESS,INFO,31972,31972,0,,2026-09-02T19:03:39.838Z,2026-09-02T21:23:00.812Z,8361,2026-09-02T21:23:00.812Z,B31,Dyersburg,c49685cc-3281-44bc-a1c2-3be5b1110999,SAMMS-DyersburgV5
202609022122571174,202609021903206774,202609021903206075,85,1713,Bronze INV,br_Appointments,TASK_COMPLETE,SUCCESS,INFO,53325,53325,0,,2026-09-02T19:03:39.838Z,2026-09-02T21:23:00.812Z,8361,2026-09-02T21:23:00.812Z,B33,Paducah,c49685cc-3281-44bc-a1c2-3be5b1110999,SAMMS-Paducah
202609022122571176,202609021903206775,202609021903206075,85,1714,Bronze INV,br_Appointments,TASK_COMPLETE,SUCCESS,INFO,24442,24442,0,,2026-09-02T19:03:39.838Z,2026-09-02T21:23:00.812Z,8361,2026-09-02T21:23:00.812Z,B34,Corbin,c49685cc-3281-44bc-a1c2-3be5b1110999,SAMMS-CorbinV5
202609022122571177,202609021903206776,202609021903206075,85,1715,Bronze INV,br_Appointments,TASK_COMPLETE,SUCCESS,INFO,44528,44528,0,,2026-09-02T19:03:39.838Z,2026-09-02T21:23:00.812Z,8361,2026-09-02T21:23:00.812Z,B35,Lexington,c49685cc-3281-44bc-a1c2-3be5b1110999,SAMMS-LexingtonV5
202609022122571178,202609021903206777,202609021903206075,85,1716,Bronze INV,br_Appointments,TASK_COMPLETE,SUCCESS,INFO,26797,26797,0,,2026-09-02T19:03:39.838Z,2026-09-02T21:23:00.812Z,8361,2026-09-02T21:23:00.812Z,B35A,Berea,c49685cc-3281-44bc-a1c2-3be5b1110999,SAMMS-BereaV5
202609022122571179,202609021903206778,202609021903206075,85,1717,Bronze INV,br_Appointments,TASK_COMPLETE,SUCCESS,INFO,57799,57799,0,,2026-09-02T19:03:39.838Z,2026-09-02T21:23:00.812Z,8361,2026-09-02T21:23:00.812Z,B36,Asheville,c49685cc-3281-44bc-a1c2-3be5b1110999,SAMMS-AshevilleV5
202609022122571180,202609021903206779,202609021903206075,85,1718,Bronze INV,br_Appointments,TASK_COMPLETE,SUCCESS,INFO,40587,40587,0,,2026-09-02T19:03:39.838Z,2026-09-02T21:23:00.812Z,8361,2026-09-02T21:23:00.812Z,B37,Clyde,c49685cc-3281-44bc-a1c2-3be5b1110999,SAMMS-ClydeV5
202609022122571181,202609021903206780,202609021903206075,85,1719,Bronze INV,br_Appointments,TASK_COMPLETE,SUCCESS,INFO,16362,16362,0,,2026-09-02T19:03:39.838Z,2026-09-02T21:23:00.812Z,8361,2026-09-02T21:23:00.812Z,B38,Spartanburg,c49685cc-3281-44bc-a1c2-3be5b1110999,SAMMS-SpartanburgV5
202609022122571182,202609021903206781,202609021903206075,85,1720,Bronze INV,br_Appointments,TASK_COMPLETE,SUCCESS,INFO,20467,20467,0,,2026-09-02T19:03:39.838Z,2026-09-02T21:23:00.812Z,8361,2026-09-02T21:23:00.812Z,B39,Aiken,c49685cc-3281-44bc-a1c2-3be5b1110999,SAMMS-AikenV5
202609022122571183,202609021903206782,202609021903206075,85,1721,Bronze INV,br_Appointments,TASK_COMPLETE,SUCCESS,INFO,20416,20416,0,,2026-09-02T19:03:39.838Z,2026-09-02T21:23:00.812Z,8361,2026-09-02T21:23:00.812Z,B41,Chesapeake,c49685cc-3281-44bc-a1c2-3be5b1110999,SAMMS-ChesapeakeV5
202609022122571185,202609021903206783,202609021903206075,85,1722,Bronze INV,br_Appointments,TASK_COMPLETE,SUCCESS,INFO,19170,19170,0,,2026-09-02T19:03:39.838Z,2026-09-02T21:23:00.812Z,8361,2026-09-02T21:23:00.812Z,B42,Virginia Beach,c49685cc-3281-44bc-a1c2-3be5b1110999,SAMMS-VirginiaBeachV5
202609022122571186,202609021903206784,202609021903206075,85,1723,Bronze INV,br_Appointments,TASK_COMPLETE,SUCCESS,INFO,16049,16049,0,,2026-09-02T19:03:39.838Z,2026-09-02T21:23:00.812Z,8361,2026-09-02T21:23:00.812Z,B42A,Newport News,c49685cc-3281-44bc-a1c2-3be5b1110999,SAMMS-NewportNewsV5
202609022122571187,202609021903206785,202609021903206075,85,1724,Bronze INV,br_Appointments,TASK_COMPLETE,SUCCESS,INFO,4649,4649,0,,2026-09-02T19:03:39.838Z,2026-09-02T21:23:00.812Z,8361,2026-09-02T21:23:00.812Z,B42B,Franklin,c49685cc-3281-44bc-a1c2-3be5b1110999,SAMMS-FranklinV5
202609022122571188,202609021903206786,202609021903206075,85,1725,Bronze INV,br_Appointments,TASK_COMPLETE,SUCCESS,INFO,10338,10338,0,,2026-09-02T19:03:39.838Z,2026-09-02T21:23:00.812Z,8361,2026-09-02T21:23:00.812Z,B42C,Glen Allen,c49685cc-3281-44bc-a1c2-3be5b1110999,SAMMS-GlenAllenV5
202609022122571189,202609021903206787,202609021903206075,85,1726,Bronze INV,br_Appointments,TASK_COMPLETE,SUCCESS,INFO,18620,18620,0,,2026-09-02T19:03:39.838Z,2026-09-02T21:23:00.812Z,8361,2026-09-02T21:23:00.812Z,B42D,Chesapeake South,c49685cc-3281-44bc-a1c2-3be5b1110999,SAMMS-ChesapeakeSouthV5
202609022122571190,202609021903206788,202609021903206075,85,1727,Bronze INV,br_Appointments,TASK_COMPLETE,SUCCESS,INFO,9875,9875,0,,2026-09-02T19:03:39.838Z,2026-09-02T21:23:00.812Z,8361,2026-09-02T21:23:00.812Z,B44,Albany,c49685cc-3281-44bc-a1c2-3be5b1110999,SAMMS-AlbanyV5
202609022122571191,202609021903206789,202609021903206075,85,1728,Bronze INV,br_Appointments,TASK_COMPLETE,SUCCESS,INFO,12462,12462,0,,2026-09-02T19:03:39.838Z,2026-09-02T21:23:00.812Z,8361,2026-09-02T21:23:00.812Z,B45,Tifton,c49685cc-3281-44bc-a1c2-3be5b1110999,SAMMS-TiftonV5
202609022122571192,202609021903206790,202609021903206075,85,1729,Bronze INV,br_Appointments,TASK_COMPLETE,SUCCESS,INFO,18994,18994,0,,2026-09-02T19:03:39.838Z,2026-09-02T21:23:00.812Z,8361,2026-09-02T21:23:00.812Z,B46,Washington DC,c49685cc-3281-44bc-a1c2-3be5b1110999,SAMMS-WashingtonDCv5
202609022122571194,202609021903206791,202609021903206075,85,1730,Bronze INV,br_Appointments,TASK_COMPLETE,SUCCESS,INFO,14780,14780,0,,2026-09-02T19:03:39.838Z,2026-09-02T21:23:00.812Z,8361,2026-09-02T21:23:00.812Z,B47,Mobile,c49685cc-3281-44bc-a1c2-3be5b1110999,SAMMS-MobileV5
202609022122571195,202609021903206792,202609021903206075,85,1731,Bronze INV,br_Appointments,TASK_COMPLETE,SUCCESS,INFO,19096,19096,0,,2026-09-02T19:03:39.838Z,2026-09-02T21:23:00.812Z,8361,2026-09-02T21:23:00.812Z,B48,Tuscaloosa,c49685cc-3281-44bc-a1c2-3be5b1110999,SAMMS-TuscaloosaV5
202609022122571196,202609021903206793,202609021903206075,85,1740,Bronze INV,br_Appointments,TASK_COMPLETE,SUCCESS,INFO,6813,6813,0,,2026-09-02T19:03:39.838Z,2026-09-02T21:23:00.812Z,8361,2026-09-02T21:23:00.812Z,B51,N. Little Rock (OTP),c49685cc-3281-44bc-a1c2-3be5b1110999,SAMMS-NorthLittleRockV6
202609022122571197,202609021903206794,202609021903206075,85,1741,Bronze INV,br_Appointments,TASK_COMPLETE,SUCCESS,INFO,11724,11724,0,,2026-09-02T19:03:39.838Z,2026-09-02T21:23:00.812Z,8361,2026-09-02T21:23:00.812Z,B52,Jackson GA,c49685cc-3281-44bc-a1c2-3be5b1110999,SAMMS-JacksonGAV5
202609022122571198,202609021903206795,202609021903206075,85,1742,Bronze INV,br_Appointments,TASK_COMPLETE,SUCCESS,INFO,9106,9106,0,,2026-09-02T19:03:39.838Z,2026-09-02T21:23:00.812Z,8361,2026-09-02T21:23:00.812Z,B54,Gadsden,c49685cc-3281-44bc-a1c2-3be5b1110999,SAMMS-GadsdenV5
202609022122571199,202609021903206796,202609021903206075,85,1743,Bronze INV,br_Appointments,TASK_COMPLETE,SUCCESS,INFO,14185,14185,0,,2026-09-02T19:03:39.838Z,2026-09-02T21:23:00.812Z,8361,2026-09-02T21:23:00.812Z,B55,Shoals,c49685cc-3281-44bc-a1c2-3be5b1110999,SAMMS-ShoalsV5
202609022122571200,202609021903206797,202609021903206075,85,1744,Bronze INV,br_Appointments,TASK_COMPLETE,SUCCESS,INFO,15810,15810,0,,2026-09-02T19:03:39.838Z,2026-09-02T21:23:00.812Z,8361,2026-09-02T21:23:00.812Z,B57,Pawtucket,c49685cc-3281-44bc-a1c2-3be5b1110999,SAMMS-Pawtucket
202609022122571201,202609021903206798,202609021903206075,85,1745,Bronze INV,br_Appointments,TASK_COMPLETE,SUCCESS,INFO,11934,11934,0,,2026-09-02T19:03:39.838Z,2026-09-02T21:23:00.812Z,8361,2026-09-02T21:23:00.812Z,B57A,Johnston,c49685cc-3281-44bc-a1c2-3be5b1110999,SAMMS-Johnston
202609022122571203,202609021903206799,202609021903206075,85,1746,Bronze INV,br_Appointments,TASK_COMPLETE,SUCCESS,INFO,4099,4099,0,,2026-09-02T19:03:39.838Z,2026-09-02T21:23:00.812Z,8361,2026-09-02T21:23:00.812Z,B57B,Middletown,c49685cc-3281-44bc-a1c2-3be5b1110999,SAMMS-Middletown
202609022122571204,202609021903206800,202609021903206075,85,1747,Bronze INV,br_Appointments,TASK_COMPLETE,SUCCESS,INFO,11730,11730,0,,2026-09-02T19:03:39.838Z,2026-09-02T21:23:00.812Z,8361,2026-09-02T21:23:00.812Z,B57C,Providence,c49685cc-3281-44bc-a1c2-3be5b1110999,SAMMS-Providence
202609022122571205,202609021903206801,202609021903206075,85,1748,Bronze INV,br_Appointments,TASK_COMPLETE,SUCCESS,INFO,21139,21139,0,,2026-09-02T19:03:39.838Z,2026-09-02T21:23:00.812Z,8361,2026-09-02T21:23:00.812Z,B57D,Westerly,c49685cc-3281-44bc-a1c2-3be5b1110999,SAMMS-Westerly
202609022122571206,202609021903206802,202609021903206075,85,1752,Bronze INV,br_Appointments,TASK_COMPLETE,SUCCESS,INFO,15791,15791,0,,2026-09-02T19:03:39.838Z,2026-09-02T21:23:00.812Z,8361,2026-09-02T21:23:00.812Z,B66A,Bremen,c49685cc-3281-44bc-a1c2-3be5b1110999,SAMMS-Bremen
202609022122571207,202609021903206803,202609021903206075,85,1755,Bronze INV,br_Appointments,TASK_COMPLETE,SUCCESS,INFO,38504,38504,0,,2026-09-02T19:03:39.838Z,2026-09-02T21:23:00.812Z,8361,2026-09-02T21:23:00.812Z,B72,Mobile (OBOT),c49685cc-3281-44bc-a1c2-3be5b1110999,SAMMS-Mobile-OBOT
202609022122571208,202609021903206804,202609021903206075,85,1756,Bronze INV,br_Appointments,TASK_COMPLETE,SUCCESS,INFO,15955,15955,0,,2026-09-02T19:03:39.838Z,2026-09-02T21:23:00.812Z,8361,2026-09-02T21:23:00.812Z,B73,Montgomery,c49685cc-3281-44bc-a1c2-3be5b1110999,SAMMS-Montgomery
202609022122571209,202609021903206805,202609021903206075,85,1757,Bronze INV,br_Appointments,TASK_COMPLETE,SUCCESS,INFO,8853,8853,0,,2026-09-02T19:03:39.838Z,2026-09-02T21:23:00.812Z,8361,2026-09-02T21:23:00.812Z,B75,Lawrence,c49685cc-3281-44bc-a1c2-3be5b1110999,SAMMS-LawrenceV6
202609022122571210,202609021903206806,202609021903206075,85,1758,Bronze INV,br_Appointments,TASK_COMPLETE,SUCCESS,INFO,1811,1811,0,,2026-09-02T19:03:39.838Z,2026-09-02T21:23:00.812Z,8361,2026-09-02T21:23:00.812Z,B76,Huntsville OBOT,c49685cc-3281-44bc-a1c2-3be5b1110999,SAMMS-Huntsville-OBOT
202609022122571211,202609021903206807,202609021903206075,85,1759,Bronze INV,br_Appointments,TASK_COMPLETE,SUCCESS,INFO,12284,12284,0,,2026-09-02T19:03:39.838Z,2026-09-02T21:23:00.812Z,8361,2026-09-02T21:23:00.812Z,BAT,Batesville,c49685cc-3281-44bc-a1c2-3be5b1110999,SAMMS-Batesville
202609022122571213,202609021903206808,202609021903206075,85,1760,Bronze INV,br_Appointments,TASK_COMPLETE,SUCCESS,INFO,11400,11400,0,,2026-09-02T19:03:39.838Z,2026-09-02T21:23:00.812Z,8361,2026-09-02T21:23:00.812Z,BG,Bowling Green,c49685cc-3281-44bc-a1c2-3be5b1110999,SAMMS-BowlingGreen
202609022122571214,202609021903206809,202609021903206075,85,1761,Bronze INV,br_Appointments,TASK_COMPLETE,SUCCESS,INFO,10276,10276,0,,2026-09-02T19:03:39.838Z,2026-09-02T21:23:00.812Z,8361,2026-09-02T21:23:00.812Z,BOI,Boise,c49685cc-3281-44bc-a1c2-3be5b1110999,SAMMS-Boise
202609022122571215,202609021903206810,202609021903206075,85,1768,Bronze INV,br_Appointments,TASK_COMPLETE,SUCCESS,INFO,5520,5520,0,,2026-09-02T19:03:39.838Z,2026-09-02T21:23:00.812Z,8361,2026-09-02T21:23:00.812Z,CBCO,Coeur dAlene,c49685cc-3281-44bc-a1c2-3be5b1110999,SAMMS-CoeurdAleneV6
202609022122571216,202609021903206811,202609021903206075,85,1787,Bronze INV,br_Appointments,TASK_COMPLETE,SUCCESS,INFO,18716,18716,0,,2026-09-02T19:03:39.838Z,2026-09-02T21:23:00.812Z,8361,2026-09-02T21:23:00.812Z,CON,Conway,c49685cc-3281-44bc-a1c2-3be5b1110999,SAMMS-Conway
202609022122571217,202609021903206812,202609021903206075,85,1788,Bronze INV,br_Appointments,TASK_COMPLETE,SUCCESS,INFO,99897,99897,0,,2026-09-02T19:03:39.838Z,2026-09-02T21:23:00.812Z,8361,2026-09-02T21:23:00.812Z,D07,Medical Services Knox TN,c49685cc-3281-44bc-a1c2-3be5b1110999,SAMMS-KnoxvilleV6
202609022122571218,202609021903206813,202609021903206075,85,1789,Bronze INV,br_Appointments,TASK_COMPLETE,SUCCESS,INFO,12918,12918,0,,2026-09-02T19:03:39.838Z,2026-09-02T21:23:00.812Z,8361,2026-09-02T21:23:00.812Z,D08,Madison,c49685cc-3281-44bc-a1c2-3be5b1110999,SAMMS-MadisonV6
202609022122571219,202609021903206814,202609021903206075,85,1791,Bronze INV,br_Appointments,TASK_COMPLETE,SUCCESS,INFO,10085,10085,0,,2026-09-02T19:03:39.838Z,2026-09-02T21:23:00.812Z,8361,2026-09-02T21:23:00.812Z,D09,Murfreesboro,c49685cc-3281-44bc-a1c2-3be5b1110999,SAMMS-MurfreesboroV6
202609022122571220,202609021903206815,202609021903206075,85,1792,Bronze INV,br_Appointments,TASK_COMPLETE,SUCCESS,INFO,28202,28202,0,,2026-09-02T19:03:39.838Z,2026-09-02T21:23:00.812Z,8361,2026-09-02T21:23:00.812Z,DA,Davenport,c49685cc-3281-44bc-a1c2-3be5b1110999,SAMMS-Davenport
202609022122571222,202609021903206816,202609021903206075,85,1793,Bronze INV,br_Appointments,TASK_COMPLETE,SUCCESS,INFO,19582,19582,0,,2026-09-02T19:03:39.838Z,2026-09-02T21:23:00.812Z,8361,2026-09-02T21:23:00.812Z,DM,Des Moines,c49685cc-3281-44bc-a1c2-3be5b1110999,SAMMS-DesMoines
202609022122571223,202609021903206817,202609021903206075,85,1795,Bronze INV,br_Appointments,TASK_COMPLETE,SUCCESS,INFO,16501,16501,0,,2026-09-02T19:03:39.838Z,2026-09-02T21:23:00.812Z,8361,2026-09-02T21:23:00.812Z,DRD-CO,Columbia MO,c49685cc-3281-44bc-a1c2-3be5b1110999,SAMMS-ColumbiaV5
202609022122571224,202609021903206818,202609021903206075,85,1796,Bronze INV,br_Appointments,TASK_COMPLETE,SUCCESS,INFO,16029,16029,0,,2026-09-02T19:03:39.838Z,2026-09-02T21:23:00.812Z,8361,2026-09-02T21:23:00.812Z,DRD-KC,KC,c49685cc-3281-44bc-a1c2-3be5b1110999,SAMMS-KCv5
202609022122571225,202609021903206819,202609021903206075,85,1797,Bronze INV,br_Appointments,TASK_COMPLETE,SUCCESS,INFO,41892,41892,0,,2026-09-02T19:03:39.838Z,2026-09-02T21:23:00.812Z,8361,2026-09-02T21:23:00.812Z,DRD-KVB,KVB,c49685cc-3281-44bc-a1c2-3be5b1110999,SAMMS-KVBv5
202609022122571226,202609021903206820,202609021903206075,85,1798,Bronze INV,br_Appointments,TASK_COMPLETE,SUCCESS,INFO,52983,52983,0,,2026-09-02T19:03:39.838Z,2026-09-02T21:23:00.812Z,8361,2026-09-02T21:23:00.812Z,DRD-KVC,KVC,c49685cc-3281-44bc-a1c2-3be5b1110999,SAMMS-KVCv5
202609022122571227,202609021903206821,202609021903206075,85,1799,Bronze INV,br_Appointments,TASK_COMPLETE,SUCCESS,INFO,51014,51014,0,,2026-09-02T19:03:39.838Z,2026-09-02T21:23:00.812Z,8361,2026-09-02T21:23:00.812Z,DRD-NOLA,NOLA,c49685cc-3281-44bc-a1c2-3be5b1110999,SAMMS-NOLAv5
202609022122571228,202609021903206822,202609021903206075,85,1800,Bronze INV,br_Appointments,TASK_COMPLETE,SUCCESS,INFO,16395,16395,0,,2026-09-02T19:03:39.838Z,2026-09-02T21:23:00.812Z,8361,2026-09-02T21:23:00.812Z,DRD-SF,Springfield,c49685cc-3281-44bc-a1c2-3be5b1110999,SAMMS-SFv5
202609022122571230,202609021903206823,202609021903206075,85,1802,Bronze INV,br_Appointments,TASK_COMPLETE,SUCCESS,INFO,21548,21548,0,,2026-09-02T19:03:39.838Z,2026-09-02T21:23:00.812Z,8361,2026-09-02T21:23:00.812Z,ELC,Elizabeth City,c49685cc-3281-44bc-a1c2-3be5b1110999,SAMMS-ElizabethCity
202609022122571231,202609021903206824,202609021903206075,85,1803,Bronze INV,br_Appointments,TASK_COMPLETE,SUCCESS,INFO,13026,13026,0,,2026-09-02T19:03:39.838Z,2026-09-02T21:23:00.812Z,8361,2026-09-02T21:23:00.812Z,ET,Elizabethtown,c49685cc-3281-44bc-a1c2-3be5b1110999,SAMMS-Elizabethtown
202609022122571232,202609021903206825,202609021903206075,85,1804,Bronze INV,br_Appointments,TASK_COMPLETE,SUCCESS,INFO,17690,17690,0,,2026-09-02T19:03:39.838Z,2026-09-02T21:23:00.812Z,8361,2026-09-02T21:23:00.812Z,FAY,Fayetteville,c49685cc-3281-44bc-a1c2-3be5b1110999,SAMMS-Fayetteville
202609022122571233,202609021903206826,202609021903206075,85,1805,Bronze INV,br_Appointments,TASK_COMPLETE,SUCCESS,INFO,2856,2856,0,,2026-09-02T19:03:39.838Z,2026-09-02T21:23:00.812Z,8361,2026-09-02T21:23:00.812Z,FR,Frankfort,c49685cc-3281-44bc-a1c2-3be5b1110999,SAMMS-Frankfort
202609022122571234,202609021903206827,202609021903206075,85,1806,Bronze INV,br_Appointments,TASK_COMPLETE,SUCCESS,INFO,14194,14194,0,,2026-09-02T19:03:39.838Z,2026-09-02T21:23:00.812Z,8361,2026-09-02T21:23:00.812Z,FS,Fort Smith,c49685cc-3281-44bc-a1c2-3be5b1110999,SAMMS-FortSmith
202609022122571235,202609021903206828,202609021903206075,85,1807,Bronze INV,br_Appointments,TASK_COMPLETE,SUCCESS,INFO,25650,25650,0,,2026-09-02T19:03:39.838Z,2026-09-02T21:23:00.812Z,8361,2026-09-02T21:23:00.812Z,FW,Fort Wayne,c49685cc-3281-44bc-a1c2-3be5b1110999,SAMMS-FortWayne
202609022122571236,202609021903206829,202609021903206075,85,1808,Bronze INV,br_Appointments,TASK_COMPLETE,SUCCESS,INFO,24413,24413,0,,2026-09-02T19:03:39.838Z,2026-09-02T21:23:00.812Z,8361,2026-09-02T21:23:00.812Z,GAL,Gaylord,c49685cc-3281-44bc-a1c2-3be5b1110999,SAMMS-Gaylord
202609022122571237,202609021903206830,202609021903206075,85,1812,Bronze INV,br_Appointments,TASK_COMPLETE,SUCCESS,INFO,50314,50314,0,,2026-09-02T19:03:39.838Z,2026-09-02T21:23:00.812Z,8361,2026-09-02T21:23:00.812Z,HGT,Hagerstown,c49685cc-3281-44bc-a1c2-3be5b1110999,SAMMS-Hagerstown
202609022122571238,202609021903206831,202609021903206075,85,1813,Bronze INV,br_Appointments,TASK_COMPLETE,SUCCESS,INFO,17005,17005,0,,2026-09-02T19:03:39.838Z,2026-09-02T21:23:00.812Z,8361,2026-09-02T21:23:00.812Z,HNT,Huntsville,c49685cc-3281-44bc-a1c2-3be5b1110999,SAMMS-Huntsville
202609022122571239,202609021903206832,202609021903206075,85,1814,Bronze INV,br_Appointments,TASK_COMPLETE,SUCCESS,INFO,17559,17559,0,,2026-09-02T19:03:39.838Z,2026-09-02T21:23:00.812Z,8361,2026-09-02T21:23:00.812Z,HS,Hot Springs,c49685cc-3281-44bc-a1c2-3be5b1110999,SAMMS-HotSprings
202609022122571241,202609021903206833,202609021903206075,85,1815,Bronze INV,br_Appointments,TASK_COMPLETE,SUCCESS,INFO,10387,10387,0,,2026-09-02T19:03:39.838Z,2026-09-02T21:23:00.812Z,8361,2026-09-02T21:23:00.812Z,JON,Jonesboro,c49685cc-3281-44bc-a1c2-3be5b1110999,SAMMS-Jonesboro
202609022122571242,202609021903206834,202609021903206075,85,1817,Bronze INV,br_Appointments,TASK_COMPLETE,SUCCESS,INFO,23579,23579,0,,2026-09-02T19:03:39.838Z,2026-09-02T21:23:00.812Z,8361,2026-09-02T21:23:00.812Z,LAN,Lansing,c49685cc-3281-44bc-a1c2-3be5b1110999,SAMMS-Lansing
202609022122571243,202609021903206835,202609021903206075,85,1818,Bronze INV,br_Appointments,TASK_COMPLETE,SUCCESS,INFO,19488,19488,0,,2026-09-02T19:03:39.838Z,2026-09-02T21:23:00.812Z,8361,2026-09-02T21:23:00.812Z,LO,Louisville,c49685cc-3281-44bc-a1c2-3be5b1110999,SAMMS-Louisville
202609022122571244,202609021903206836,202609021903206075,85,1819,Bronze INV,br_Appointments,TASK_COMPLETE,SUCCESS,INFO,13584,13584,0,,2026-09-02T19:03:39.838Z,2026-09-02T21:23:00.812Z,8361,2026-09-02T21:23:00.812Z,LV1,Cheyenne,c49685cc-3281-44bc-a1c2-3be5b1110999,SAMMS-Cheyenne
202609022122571245,202609021903206837,202609021903206075,85,1820,Bronze INV,br_Appointments,TASK_COMPLETE,SUCCESS,INFO,13626,13626,0,,2026-09-02T19:03:39.838Z,2026-09-02T21:23:00.812Z,8361,2026-09-02T21:23:00.812Z,LV2,Desert Inn,c49685cc-3281-44bc-a1c2-3be5b1110999,SAMMS-DesertInn
202609022122571246,202609021903206838,202609021903206075,85,1821,Bronze INV,br_Appointments,TASK_COMPLETE,SUCCESS,INFO,3392,3392,0,,2026-09-02T19:03:39.838Z,2026-09-02T21:23:00.812Z,8361,2026-09-02T21:23:00.812Z,LV3,McDaniel,c49685cc-3281-44bc-a1c2-3be5b1110999,SAMMS-McDaniel
202609022122571247,202609021903206839,202609021903206075,85,1824,Bronze INV,br_Appointments,TASK_COMPLETE,SUCCESS,INFO,8189,8189,0,,2026-09-02T19:03:39.838Z,2026-09-02T21:23:00.812Z,8361,2026-09-02T21:23:00.812Z,MNRE,Monroe,c49685cc-3281-44bc-a1c2-3be5b1110999,SAMMS-Monroe
202609022122571248,202609021903206840,202609021903206075,85,1825,Bronze INV,br_Appointments,TASK_COMPLETE,SUCCESS,INFO,29732,29732,0,,2026-09-02T19:03:39.838Z,2026-09-02T21:23:00.812Z,8361,2026-09-02T21:23:00.812Z,MP,Mt. Pleasant,c49685cc-3281-44bc-a1c2-3be5b1110999,SAMMS-MtPleasant
202609022122571249,202609021903206841,202609021903206075,85,1826,Bronze INV,br_Appointments,TASK_COMPLETE,SUCCESS,INFO,11764,11764,0,,2026-09-02T19:03:39.838Z,2026-09-02T21:23:00.812Z,8361,2026-09-02T21:23:00.812Z,MRD,Meridian,c49685cc-3281-44bc-a1c2-3be5b1110999,SAMMS-Meridian
202609022122571251,202609021903206842,202609021903206075,85,1831,Bronze INV,br_Appointments,TASK_COMPLETE,SUCCESS,INFO,15911,15911,0,,2026-09-02T19:03:39.838Z,2026-09-02T21:23:00.812Z,8361,2026-09-02T21:23:00.812Z,NC,North Charleston,c49685cc-3281-44bc-a1c2-3be5b1110999,SAMMS-NorthCharleston
202609022122571252,202609021903206843,202609021903206075,85,1832,Bronze INV,br_Appointments,TASK_COMPLETE,SUCCESS,INFO,27121,27121,0,,2026-09-02T19:03:39.838Z,2026-09-02T21:23:00.812Z,8361,2026-09-02T21:23:00.812Z,NLR,N. Little Rock,c49685cc-3281-44bc-a1c2-3be5b1110999,SAMMS-NLROBOT
202609022122571253,202609021903206844,202609021903206075,85,1833,Bronze INV,br_Appointments,TASK_COMPLETE,SUCCESS,INFO,3399,3399,0,,2026-09-02T19:03:39.838Z,2026-09-02T21:23:00.812Z,8361,2026-09-02T21:23:00.812Z,PH,Phoenix,c49685cc-3281-44bc-a1c2-3be5b1110999,SAMMS-Phoenix
202609022122571254,202609021903206845,202609021903206075,85,1837,Bronze INV,br_Appointments,TASK_COMPLETE,SUCCESS,INFO,19848,19848,0,,2026-09-02T19:03:39.838Z,2026-09-02T21:23:00.812Z,8361,2026-09-02T21:23:00.812Z,RE,Reno,c49685cc-3281-44bc-a1c2-3be5b1110999,SAMMS-Reno
202609022122571255,202609021903206846,202609021903206075,85,1838,Bronze INV,br_Appointments,TASK_COMPLETE,SUCCESS,INFO,12318,12318,0,,2026-09-02T19:03:39.838Z,2026-09-02T21:23:00.812Z,8361,2026-09-02T21:23:00.812Z,RMD,Richmond,c49685cc-3281-44bc-a1c2-3be5b1110999,SAMMS-Richmond
202609022122571256,202609021903206847,202609021903206075,85,1839,Bronze INV,br_Appointments,TASK_COMPLETE,SUCCESS,INFO,13384,13384,0,,2026-09-02T19:03:39.838Z,2026-09-02T21:23:00.812Z,8361,2026-09-02T21:23:00.812Z,SFN,Springfield North,c49685cc-3281-44bc-a1c2-3be5b1110999,SAMMS-SFNv5
202609022122571257,202609021903206848,202609021903206075,85,1840,Bronze INV,br_Appointments,TASK_COMPLETE,SUCCESS,INFO,13245,13245,0,,2026-09-02T19:03:39.838Z,2026-09-02T21:23:00.812Z,8361,2026-09-02T21:23:00.812Z,SHP,Shreveport,c49685cc-3281-44bc-a1c2-3be5b1110999,SAMMS-Shreveport
202609022122571258,202609021903206849,202609021903206075,85,1842,Bronze INV,br_Appointments,TASK_COMPLETE,SUCCESS,INFO,14236,14236,0,,2026-09-02T19:03:39.838Z,2026-09-02T21:23:00.812Z,8361,2026-09-02T21:23:00.812Z,STN,Staunton,c49685cc-3281-44bc-a1c2-3be5b1110999,SAMMS-Staunton
202609022122571923,202609021903207452,202609021903206075,85,1330,Bronze INV,br_AdmissionAssessmentDimensionThree,TASK_COMPLETE,SUCCESS,INFO,434,434,0,,2026-09-02T19:03:39.838Z,2026-09-02T21:23:00.812Z,8361,2026-09-02T21:23:00.812Z,WIL,Wilson,c49685cc-3281-44bc-a1c2-3be5b1110999,SAMMS-Wilson
202609022122571924,202609021903207453,202609021903206075,85,598,Bronze INV,br_AdmissionAssessmentDimensionFour,TASK_COMPLETE,SUCCESS,INFO,99,99,0,,2026-09-02T19:03:39.838Z,2026-09-02T21:23:00.812Z,8361,2026-09-02T21:23:00.812Z,AHK,Ahoskie,c49685cc-3281-44bc-a1c2-3be5b1110999,SAMMS-Ahoskie
202609022122571925,202609021903207454,202609021903206075,85,599,Bronze INV,br_AdmissionAssessmentDimensionFour,TASK_COMPLETE,SUCCESS,INFO,797,797,0,,2026-09-02T19:03:39.838Z,2026-09-02T21:23:00.812Z,8361,2026-09-02T21:23:00.812Z,B12B,Colorado Springs,c49685cc-3281-44bc-a1c2-3be5b1110999,SAMMS-ColoradoSpringsV5
202609022122571926,202609021903207455,202609021903206075,85,600,Bronze INV,br_AdmissionAssessmentDimensionFour,TASK_COMPLETE,SUCCESS,INFO,411,411,0,,2026-09-02T19:03:39.838Z,2026-09-02T21:23:00.812Z,8361,2026-09-02T21:23:00.812Z,B24,Paintsville,c49685cc-3281-44bc-a1c2-3be5b1110999,SAMMS-PaintsvilleV5
202609022122571927,202609021903207456,202609021903206075,85,601,Bronze INV,br_AdmissionAssessmentDimensionFour,TASK_COMPLETE,SUCCESS,INFO,171,171,0,,2026-09-02T19:03:39.838Z,2026-09-02T21:23:00.812Z,8361,2026-09-02T21:23:00.812Z,B25,Pikeville,c49685cc-3281-44bc-a1c2-3be5b1110999,SAMMS-PikevilleV5
202609022122571929,202609021903207457,202609021903206075,85,602,Bronze INV,br_AdmissionAssessmentDimensionFour,TASK_COMPLETE,SUCCESS,INFO,492,492,0,,2026-09-02T19:03:39.838Z,2026-09-02T21:23:00.812Z,8361,2026-09-02T21:23:00.812Z,B26,Hazard,c49685cc-3281-44bc-a1c2-3be5b1110999,SAMMS-HazardV5
202609022122571930,202609021903207458,202609021903206075,85,603,Bronze INV,br_AdmissionAssessmentDimensionFour,TASK_COMPLETE,SUCCESS,INFO,188,188,0,,2026-09-02T19:03:39.838Z,2026-09-02T21:23:00.812Z,8361,2026-09-02T21:23:00.812Z,B27,Savannah,c49685cc-3281-44bc-a1c2-3be5b1110999,SAMMS-SavannahV6
202609022122571931,202609021903207459,202609021903206075,85,604,Bronze INV,br_AdmissionAssessmentDimensionFour,TASK_COMPLETE,SUCCESS,INFO,236,236,0,,2026-09-02T19:03:39.838Z,2026-09-02T21:23:00.812Z,8361,2026-09-02T21:23:00.812Z,B28,West Plains,c49685cc-3281-44bc-a1c2-3be5b1110999,SAMMS-WestPlainesV5
202609022122571932,202609021903207460,202609021903206075,85,605,Bronze INV,br_AdmissionAssessmentDimensionFour,TASK_COMPLETE,SUCCESS,INFO,262,262,0,,2026-09-02T19:03:39.838Z,2026-09-02T21:23:00.812Z,8361,2026-09-02T21:23:00.812Z,B29,Poplar Bluff,c49685cc-3281-44bc-a1c2-3be5b1110999,SAMMS-PoplarBluffV5
202609022122571933,202609021903207461,202609021903206075,85,606,Bronze INV,br_AdmissionAssessmentDimensionFour,TASK_COMPLETE,SUCCESS,INFO,141,141,0,,2026-09-02T19:03:39.838Z,2026-09-02T21:23:00.812Z,8361,2026-09-02T21:23:00.812Z,B30,KC North,c49685cc-3281-44bc-a1c2-3be5b1110999,SAMMS-KCNv5
202609022122571934,202609021903207462,202609021903206075,85,607,Bronze INV,br_AdmissionAssessmentDimensionFour,TASK_COMPLETE,SUCCESS,INFO,340,340,0,,2026-09-02T19:03:39.838Z,2026-09-02T21:23:00.812Z,8361,2026-09-02T21:23:00.812Z,B31,Dyersburg,c49685cc-3281-44bc-a1c2-3be5b1110999,SAMMS-DyersburgV5
202609022122571935,202609021903207463,202609021903206075,85,609,Bronze INV,br_AdmissionAssessmentDimensionFour,TASK_COMPLETE,SUCCESS,INFO,212,212,0,,2026-09-02T19:03:39.838Z,2026-09-02T21:23:00.812Z,8361,2026-09-02T21:23:00.812Z,B33,Paducah,c49685cc-3281-44bc-a1c2-3be5b1110999,SAMMS-Paducah
202609022122571936,202609021903207464,202609021903206075,85,610,Bronze INV,br_AdmissionAssessmentDimensionFour,TASK_COMPLETE,SUCCESS,INFO,448,448,0,,2026-09-02T19:03:39.838Z,2026-09-02T21:23:00.812Z,8361,2026-09-02T21:23:00.812Z,B34,Corbin,c49685cc-3281-44bc-a1c2-3be5b1110999,SAMMS-CorbinV5
202609022122571937,202609021903207465,202609021903206075,85,611,Bronze INV,br_AdmissionAssessmentDimensionFour,TASK_COMPLETE,SUCCESS,INFO,715,715,0,,2026-09-02T19:03:39.838Z,2026-09-02T21:23:00.812Z,8361,2026-09-02T21:23:00.812Z,B35,Lexington,c49685cc-3281-44bc-a1c2-3be5b1110999,SAMMS-LexingtonV5
202609022122571938,202609021903207466,202609021903206075,85,612,Bronze INV,br_AdmissionAssessmentDimensionFour,TASK_COMPLETE,SUCCESS,INFO,345,345,0,,2026-09-02T19:03:39.838Z,2026-09-02T21:23:00.812Z,8361,2026-09-02T21:23:00.812Z,B35A,Berea,c49685cc-3281-44bc-a1c2-3be5b1110999,SAMMS-BereaV5
202609022122571939,202609021903207467,202609021903206075,85,613,Bronze INV,br_AdmissionAssessmentDimensionFour,TASK_COMPLETE,SUCCESS,INFO,606,606,0,,2026-09-02T19:03:39.838Z,2026-09-02T21:23:00.812Z,8361,2026-09-02T21:23:00.812Z,B36,Asheville,c49685cc-3281-44bc-a1c2-3be5b1110999,SAMMS-AshevilleV5
202609022122571941,202609021903207468,202609021903206075,85,614,Bronze INV,br_AdmissionAssessmentDimensionFour,TASK_COMPLETE,SUCCESS,INFO,451,451,0,,2026-09-02T19:03:39.838Z,2026-09-02T21:23:00.812Z,8361,2026-09-02T21:23:00.812Z,B37,Clyde,c49685cc-3281-44bc-a1c2-3be5b1110999,SAMMS-ClydeV5
202609022122571942,202609021903207469,202609021903206075,85,615,Bronze INV,br_AdmissionAssessmentDimensionFour,TASK_COMPLETE,SUCCESS,INFO,634,634,0,,2026-09-02T19:03:39.838Z,2026-09-02T21:23:00.812Z,8361,2026-09-02T21:23:00.812Z,B38,Spartanburg,c49685cc-3281-44bc-a1c2-3be5b1110999,SAMMS-SpartanburgV5
202609022122571943,202609021903207470,202609021903206075,85,616,Bronze INV,br_AdmissionAssessmentDimensionFour,TASK_COMPLETE,SUCCESS,INFO,482,482,0,,2026-09-02T19:03:39.838Z,2026-09-02T21:23:00.812Z,8361,2026-09-02T21:23:00.812Z,B39,Aiken,c49685cc-3281-44bc-a1c2-3be5b1110999,SAMMS-AikenV5
202609022122571944,202609021903207471,202609021903206075,85,617,Bronze INV,br_AdmissionAssessmentDimensionFour,TASK_COMPLETE,SUCCESS,INFO,290,290,0,,2026-09-02T19:03:39.838Z,2026-09-02T21:23:00.812Z,8361,2026-09-02T21:23:00.812Z,B41,Chesapeake,c49685cc-3281-44bc-a1c2-3be5b1110999,SAMMS-ChesapeakeV5
202609022122571946,202609021903207472,202609021903206075,85,618,Bronze INV,br_AdmissionAssessmentDimensionFour,TASK_COMPLETE,SUCCESS,INFO,534,534,0,,2026-09-02T19:03:39.838Z,2026-09-02T21:23:00.812Z,8361,2026-09-02T21:23:00.812Z,B42,Virginia Beach,c49685cc-3281-44bc-a1c2-3be5b1110999,SAMMS-VirginiaBeachV5
202609022122571947,202609021903207473,202609021903206075,85,619,Bronze INV,br_AdmissionAssessmentDimensionFour,TASK_COMPLETE,SUCCESS,INFO,165,165,0,,2026-09-02T19:03:39.838Z,2026-09-02T21:23:00.812Z,8361,2026-09-02T21:23:00.812Z,B42A,Newport News,c49685cc-3281-44bc-a1c2-3be5b1110999,SAMMS-NewportNewsV5
202609022122571948,202609021903207474,202609021903206075,85,620,Bronze INV,br_AdmissionAssessmentDimensionFour,TASK_COMPLETE,SUCCESS,INFO,56,56,0,,2026-09-02T19:03:39.838Z,2026-09-02T21:23:00.812Z,8361,2026-09-02T21:23:00.812Z,B42B,Franklin,c49685cc-3281-44bc-a1c2-3be5b1110999,SAMMS-FranklinV5
202609022122571949,202609021903207475,202609021903206075,85,621,Bronze INV,br_AdmissionAssessmentDimensionFour,TASK_COMPLETE,SUCCESS,INFO,334,334,0,,2026-09-02T19:03:39.838Z,2026-09-02T21:23:00.812Z,8361,2026-09-02T21:23:00.812Z,B42C,Glen Allen,c49685cc-3281-44bc-a1c2-3be5b1110999,SAMMS-GlenAllenV5
202609022122571950,202609021903207476,202609021903206075,85,622,Bronze INV,br_AdmissionAssessmentDimensionFour,TASK_COMPLETE,SUCCESS,INFO,169,169,0,,2026-09-02T19:03:39.838Z,2026-09-02T21:23:00.812Z,8361,2026-09-02T21:23:00.812Z,B42D,Chesapeake South,c49685cc-3281-44bc-a1c2-3be5b1110999,SAMMS-ChesapeakeSouthV5
202609022122571951,202609021903207477,202609021903206075,85,623,Bronze INV,br_AdmissionAssessmentDimensionFour,TASK_COMPLETE,SUCCESS,INFO,210,210,0,,2026-09-02T19:03:39.838Z,2026-09-02T21:23:00.812Z,8361,2026-09-02T21:23:00.812Z,B44,Albany,c49685cc-3281-44bc-a1c2-3be5b1110999,SAMMS-AlbanyV5
202609022122571952,202609021903207478,202609021903206075,85,624,Bronze INV,br_AdmissionAssessmentDimensionFour,TASK_COMPLETE,SUCCESS,INFO,308,308,0,,2026-09-02T19:03:39.838Z,2026-09-02T21:23:00.812Z,8361,2026-09-02T21:23:00.812Z,B45,Tifton,c49685cc-3281-44bc-a1c2-3be5b1110999,SAMMS-TiftonV5
202609022122571954,202609021903207479,202609021903206075,85,625,Bronze INV,br_AdmissionAssessmentDimensionFour,TASK_COMPLETE,SUCCESS,INFO,669,669,0,,2026-09-02T19:03:39.838Z,2026-09-02T21:23:00.812Z,8361,2026-09-02T21:23:00.812Z,B46,Washington DC,c49685cc-3281-44bc-a1c2-3be5b1110999,SAMMS-WashingtonDCv5
202609022122571955,202609021903207480,202609021903206075,85,626,Bronze INV,br_AdmissionAssessmentDimensionFour,TASK_COMPLETE,SUCCESS,INFO,352,352,0,,2026-09-02T19:03:39.838Z,2026-09-02T21:23:00.812Z,8361,2026-09-02T21:23:00.812Z,B47,Mobile,c49685cc-3281-44bc-a1c2-3be5b1110999,SAMMS-MobileV5
202609022122571956,202609021903207481,202609021903206075,85,627,Bronze INV,br_AdmissionAssessmentDimensionFour,TASK_COMPLETE,SUCCESS,INFO,455,455,0,,2026-09-02T19:03:39.838Z,2026-09-02T21:23:00.812Z,8361,2026-09-02T21:23:00.812Z,B48,Tuscaloosa,c49685cc-3281-44bc-a1c2-3be5b1110999,SAMMS-TuscaloosaV5
202609022122571957,202609021903207482,202609021903206075,85,636,Bronze INV,br_AdmissionAssessmentDimensionFour,TASK_COMPLETE,SUCCESS,INFO,315,315,0,,2026-09-02T19:03:39.838Z,2026-09-02T21:23:00.812Z,8361,2026-09-02T21:23:00.812Z,B51,N. Little Rock (OTP),c49685cc-3281-44bc-a1c2-3be5b1110999,SAMMS-NorthLittleRockV6
202609022122571958,202609021903207483,202609021903206075,85,637,Bronze INV,br_AdmissionAssessmentDimensionFour,TASK_COMPLETE,SUCCESS,INFO,155,155,0,,2026-09-02T19:03:39.838Z,2026-09-02T21:23:00.812Z,8361,2026-09-02T21:23:00.812Z,B52,Jackson GA,c49685cc-3281-44bc-a1c2-3be5b1110999,SAMMS-JacksonGAV5
202609022122571959,202609021903207484,202609021903206075,85,638,Bronze INV,br_AdmissionAssessmentDimensionFour,TASK_COMPLETE,SUCCESS,INFO,480,480,0,,2026-09-02T19:03:39.838Z,2026-09-02T21:23:00.812Z,8361,2026-09-02T21:23:00.812Z,B54,Gadsden,c49685cc-3281-44bc-a1c2-3be5b1110999,SAMMS-GadsdenV5
202609022122571960,202609021903207485,202609021903206075,85,639,Bronze INV,br_AdmissionAssessmentDimensionFour,TASK_COMPLETE,SUCCESS,INFO,483,483,0,,2026-09-02T19:03:39.838Z,2026-09-02T21:23:00.812Z,8361,2026-09-02T21:23:00.812Z,B55,Shoals,c49685cc-3281-44bc-a1c2-3be5b1110999,SAMMS-ShoalsV5
202609022122571961,202609021903207486,202609021903206075,85,640,Bronze INV,br_AdmissionAssessmentDimensionFour,TASK_COMPLETE,SUCCESS,INFO,171,171,0,,2026-09-02T19:03:39.838Z,2026-09-02T21:23:00.812Z,8361,2026-09-02T21:23:00.812Z,B57,Pawtucket,c49685cc-3281-44bc-a1c2-3be5b1110999,SAMMS-Pawtucket
202609022122571962,202609021903207487,202609021903206075,85,641,Bronze INV,br_AdmissionAssessmentDimensionFour,TASK_COMPLETE,SUCCESS,INFO,168,168,0,,2026-09-02T19:03:39.838Z,2026-09-02T21:23:00.812Z,8361,2026-09-02T21:23:00.812Z,B57A,Johnston,c49685cc-3281-44bc-a1c2-3be5b1110999,SAMMS-Johnston
202609022122571963,202609021903207488,202609021903206075,85,642,Bronze INV,br_AdmissionAssessmentDimensionFour,TASK_COMPLETE,SUCCESS,INFO,87,87,0,,2026-09-02T19:03:39.838Z,2026-09-02T21:23:00.812Z,8361,2026-09-02T21:23:00.812Z,B57B,Middletown,c49685cc-3281-44bc-a1c2-3be5b1110999,SAMMS-Middletown
202609022122571965,202609021903207489,202609021903206075,85,643,Bronze INV,br_AdmissionAssessmentDimensionFour,TASK_COMPLETE,SUCCESS,INFO,176,176,0,,2026-09-02T19:03:39.838Z,2026-09-02T21:23:00.812Z,8361,2026-09-02T21:23:00.812Z,B57C,Providence,c49685cc-3281-44bc-a1c2-3be5b1110999,SAMMS-Providence
202609022122571966,202609021903207490,202609021903206075,85,644,Bronze INV,br_AdmissionAssessmentDimensionFour,TASK_COMPLETE,SUCCESS,INFO,255,255,0,,2026-09-02T19:03:39.838Z,2026-09-02T21:23:00.812Z,8361,2026-09-02T21:23:00.812Z,B57D,Westerly,c49685cc-3281-44bc-a1c2-3be5b1110999,SAMMS-Westerly
202609022122571967,202609021903207491,202609021903206075,85,648,Bronze INV,br_AdmissionAssessmentDimensionFour,TASK_COMPLETE,SUCCESS,INFO,365,365,0,,2026-09-02T19:03:39.838Z,2026-09-02T21:23:00.812Z,8361,2026-09-02T21:23:00.812Z,B66A,Bremen,c49685cc-3281-44bc-a1c2-3be5b1110999,SAMMS-Bremen
202609022122571968,202609021903207492,202609021903206075,85,651,Bronze INV,br_AdmissionAssessmentDimensionFour,TASK_COMPLETE,SUCCESS,INFO,13,13,0,,2026-09-02T19:03:39.838Z,2026-09-02T21:23:00.812Z,8361,2026-09-02T21:23:00.812Z,B72,Mobile (OBOT),c49685cc-3281-44bc-a1c2-3be5b1110999,SAMMS-Mobile-OBOT
202609022122571969,202609021903207493,202609021903206075,85,652,Bronze INV,br_AdmissionAssessmentDimensionFour,TASK_COMPLETE,SUCCESS,INFO,2,2,0,,2026-09-02T19:03:39.838Z,2026-09-02T21:23:00.812Z,8361,2026-09-02T21:23:00.812Z,B73,Montgomery,c49685cc-3281-44bc-a1c2-3be5b1110999,SAMMS-Montgomery
202609022122571970,202609021903207494,202609021903206075,85,653,Bronze INV,br_AdmissionAssessmentDimensionFour,TASK_COMPLETE,SUCCESS,INFO,317,317,0,,2026-09-02T19:03:39.838Z,2026-09-02T21:23:00.812Z,8361,2026-09-02T21:23:00.812Z,B75,Lawrence,c49685cc-3281-44bc-a1c2-3be5b1110999,SAMMS-LawrenceV6
202609022122571971,202609021903207495,202609021903206075,85,654,Bronze INV,br_AdmissionAssessmentDimensionFour,TASK_COMPLETE,SUCCESS,INFO,49,49,0,,2026-09-02T19:03:39.838Z,2026-09-02T21:23:00.812Z,8361,2026-09-02T21:23:00.812Z,B76,Huntsville OBOT,c49685cc-3281-44bc-a1c2-3be5b1110999,SAMMS-Huntsville-OBOT
202609022122571972,202609021903207496,202609021903206075,85,655,Bronze INV,br_AdmissionAssessmentDimensionFour,TASK_COMPLETE,SUCCESS,INFO,304,304,0,,2026-09-02T19:03:39.838Z,2026-09-02T21:23:00.812Z,8361,2026-09-02T21:23:00.812Z,BAT,Batesville,c49685cc-3281-44bc-a1c2-3be5b1110999,SAMMS-Batesville
202609022122571973,202609021903207497,202609021903206075,85,656,Bronze INV,br_AdmissionAssessmentDimensionFour,TASK_COMPLETE,SUCCESS,INFO,234,234,0,,2026-09-02T19:03:39.838Z,2026-09-02T21:23:00.812Z,8361,2026-09-02T21:23:00.812Z,BG,Bowling Green,c49685cc-3281-44bc-a1c2-3be5b1110999,SAMMS-BowlingGreen
202609022122571974,202609021903207498,202609021903206075,85,657,Bronze INV,br_AdmissionAssessmentDimensionFour,TASK_COMPLETE,SUCCESS,INFO,217,217,0,,2026-09-02T19:03:39.838Z,2026-09-02T21:23:00.812Z,8361,2026-09-02T21:23:00.812Z,BOI,Boise,c49685cc-3281-44bc-a1c2-3be5b1110999,SAMMS-Boise
202609022122571976,202609021903207499,202609021903206075,85,664,Bronze INV,br_AdmissionAssessmentDimensionFour,TASK_COMPLETE,SUCCESS,INFO,285,285,0,,2026-09-02T19:03:39.838Z,2026-09-02T21:23:00.812Z,8361,2026-09-02T21:23:00.812Z,CBCO,Coeur dAlene,c49685cc-3281-44bc-a1c2-3be5b1110999,SAMMS-CoeurdAleneV6
202609022122571977,202609021903207500,202609021903206075,85,683,Bronze INV,br_AdmissionAssessmentDimensionFour,TASK_COMPLETE,SUCCESS,INFO,306,306,0,,2026-09-02T19:03:39.838Z,2026-09-02T21:23:00.812Z,8361,2026-09-02T21:23:00.812Z,CON,Conway,c49685cc-3281-44bc-a1c2-3be5b1110999,SAMMS-Conway
202609022122571978,202609021903207501,202609021903206075,85,684,Bronze INV,br_AdmissionAssessmentDimensionFour,TASK_COMPLETE,SUCCESS,INFO,1545,1545,0,,2026-09-02T19:03:39.838Z,2026-09-02T21:23:00.812Z,8361,2026-09-02T21:23:00.812Z,D07,Medical Services Knox TN,c49685cc-3281-44bc-a1c2-3be5b1110999,SAMMS-KnoxvilleV6
202609022122571979,202609021903207502,202609021903206075,85,685,Bronze INV,br_AdmissionAssessmentDimensionFour,TASK_COMPLETE,SUCCESS,INFO,959,959,0,,2026-09-02T19:03:39.838Z,2026-09-02T21:23:00.812Z,8361,2026-09-02T21:23:00.812Z,D08,Madison,c49685cc-3281-44bc-a1c2-3be5b1110999,SAMMS-MadisonV6
202609022122571980,202609021903207503,202609021903206075,85,687,Bronze INV,br_AdmissionAssessmentDimensionFour,TASK_COMPLETE,SUCCESS,INFO,931,931,0,,2026-09-02T19:03:39.838Z,2026-09-02T21:23:00.812Z,8361,2026-09-02T21:23:00.812Z,D09,Murfreesboro,c49685cc-3281-44bc-a1c2-3be5b1110999,SAMMS-MurfreesboroV6
202609022122571981,202609021903207504,202609021903206075,85,688,Bronze INV,br_AdmissionAssessmentDimensionFour,TASK_COMPLETE,SUCCESS,INFO,222,222,0,,2026-09-02T19:03:39.838Z,2026-09-02T21:23:00.812Z,8361,2026-09-02T21:23:00.812Z,DA,Davenport,c49685cc-3281-44bc-a1c2-3be5b1110999,SAMMS-Davenport
202609022122571982,202609021903207505,202609021903206075,85,689,Bronze INV,br_AdmissionAssessmentDimensionFour,TASK_COMPLETE,SUCCESS,INFO,353,353,0,,2026-09-02T19:03:39.838Z,2026-09-02T21:23:00.812Z,8361,2026-09-02T21:23:00.812Z,DM,Des Moines,c49685cc-3281-44bc-a1c2-3be5b1110999,SAMMS-DesMoines
202609022122571983,202609021903207506,202609021903206075,85,691,Bronze INV,br_AdmissionAssessmentDimensionFour,TASK_COMPLETE,SUCCESS,INFO,480,480,0,,2026-09-02T19:03:39.838Z,2026-09-02T21:23:00.812Z,8361,2026-09-02T21:23:00.812Z,DRD-CO,Columbia MO,c49685cc-3281-44bc-a1c2-3be5b1110999,SAMMS-ColumbiaV5
202609022122571984,202609021903207507,202609021903206075,85,692,Bronze INV,br_AdmissionAssessmentDimensionFour,TASK_COMPLETE,SUCCESS,INFO,593,593,0,,2026-09-02T19:03:39.838Z,2026-09-02T21:23:00.812Z,8361,2026-09-02T21:23:00.812Z,DRD-KC,KC,c49685cc-3281-44bc-a1c2-3be5b1110999,SAMMS-KCv5
202609022122571985,202609021903207508,202609021903206075,85,693,Bronze INV,br_AdmissionAssessmentDimensionFour,TASK_COMPLETE,SUCCESS,INFO,951,951,0,,2026-09-02T19:03:39.838Z,2026-09-02T21:23:00.812Z,8361,2026-09-02T21:23:00.812Z,DRD-KVB,KVB,c49685cc-3281-44bc-a1c2-3be5b1110999,SAMMS-KVBv5
202609022122571986,202609021903207509,202609021903206075,85,694,Bronze INV,br_AdmissionAssessmentDimensionFour,TASK_COMPLETE,SUCCESS,INFO,1573,1573,0,,2026-09-02T19:03:39.838Z,2026-09-02T21:23:00.812Z,8361,2026-09-02T21:23:00.812Z,DRD-KVC,KVC,c49685cc-3281-44bc-a1c2-3be5b1110999,SAMMS-KVCv5
202609022122571988,202609021903207510,202609021903206075,85,695,Bronze INV,br_AdmissionAssessmentDimensionFour,TASK_COMPLETE,SUCCESS,INFO,1257,1257,0,,2026-09-02T19:03:39.838Z,2026-09-02T21:23:00.812Z,8361,2026-09-02T21:23:00.812Z,DRD-NOLA,NOLA,c49685cc-3281-44bc-a1c2-3be5b1110999,SAMMS-NOLAv5
202609022122571989,202609021903207511,202609021903206075,85,696,Bronze INV,br_AdmissionAssessmentDimensionFour,TASK_COMPLETE,SUCCESS,INFO,744,744,0,,2026-09-02T19:03:39.838Z,2026-09-02T21:23:00.812Z,8361,2026-09-02T21:23:00.812Z,DRD-SF,Springfield,c49685cc-3281-44bc-a1c2-3be5b1110999,SAMMS-SFv5
202609022122571990,202609021903207512,202609021903206075,85,698,Bronze INV,br_AdmissionAssessmentDimensionFour,TASK_COMPLETE,SUCCESS,INFO,250,250,0,,2026-09-02T19:03:39.838Z,2026-09-02T21:23:00.812Z,8361,2026-09-02T21:23:00.812Z,ELC,Elizabeth City,c49685cc-3281-44bc-a1c2-3be5b1110999,SAMMS-ElizabethCity
202609022122571991,202609021903207513,202609021903206075,85,699,Bronze INV,br_AdmissionAssessmentDimensionFour,TASK_COMPLETE,SUCCESS,INFO,263,263,0,,2026-09-02T19:03:39.838Z,2026-09-02T21:23:00.812Z,8361,2026-09-02T21:23:00.812Z,ET,Elizabethtown,c49685cc-3281-44bc-a1c2-3be5b1110999,SAMMS-Elizabethtown
202609022122571992,202609021903207514,202609021903206075,85,700,Bronze INV,br_AdmissionAssessmentDimensionFour,TASK_COMPLETE,SUCCESS,INFO,230,230,0,,2026-09-02T19:03:39.838Z,2026-09-02T21:23:00.812Z,8361,2026-09-02T21:23:00.812Z,FAY,Fayetteville,c49685cc-3281-44bc-a1c2-3be5b1110999,SAMMS-Fayetteville
202609022122571993,202609021903207515,202609021903206075,85,701,Bronze INV,br_AdmissionAssessmentDimensionFour,TASK_COMPLETE,SUCCESS,INFO,178,178,0,,2026-09-02T19:03:39.838Z,2026-09-02T21:23:00.812Z,8361,2026-09-02T21:23:00.812Z,FR,Frankfort,c49685cc-3281-44bc-a1c2-3be5b1110999,SAMMS-Frankfort
202609022122571994,202609021903207516,202609021903206075,85,702,Bronze INV,br_AdmissionAssessmentDimensionFour,TASK_COMPLETE,SUCCESS,INFO,282,282,0,,2026-09-02T19:03:39.838Z,2026-09-02T21:23:00.812Z,8361,2026-09-02T21:23:00.812Z,FS,Fort Smith,c49685cc-3281-44bc-a1c2-3be5b1110999,SAMMS-FortSmith
202609022122571995,202609021903207517,202609021903206075,85,703,Bronze INV,br_AdmissionAssessmentDimensionFour,TASK_COMPLETE,SUCCESS,INFO,684,684,0,,2026-09-02T19:03:39.838Z,2026-09-02T21:23:00.812Z,8361,2026-09-02T21:23:00.812Z,FW,Fort Wayne,c49685cc-3281-44bc-a1c2-3be5b1110999,SAMMS-FortWayne
202609022122571996,202609021903207518,202609021903206075,85,704,Bronze INV,br_AdmissionAssessmentDimensionFour,TASK_COMPLETE,SUCCESS,INFO,102,102,0,,2026-09-02T19:03:39.838Z,2026-09-02T21:23:00.812Z,8361,2026-09-02T21:23:00.812Z,GAL,Gaylord,c49685cc-3281-44bc-a1c2-3be5b1110999,SAMMS-Gaylord
202609022122571997,202609021903207519,202609021903206075,85,708,Bronze INV,br_AdmissionAssessmentDimensionFour,TASK_COMPLETE,SUCCESS,INFO,620,620,0,,2026-09-02T19:03:39.838Z,2026-09-02T21:23:00.812Z,8361,2026-09-02T21:23:00.812Z,HGT,Hagerstown,c49685cc-3281-44bc-a1c2-3be5b1110999,SAMMS-Hagerstown
202609022122571999,202609021903207520,202609021903206075,85,709,Bronze INV,br_AdmissionAssessmentDimensionFour,TASK_COMPLETE,SUCCESS,INFO,479,479,0,,2026-09-02T19:03:39.838Z,2026-09-02T21:23:00.812Z,8361,2026-09-02T21:23:00.812Z,HNT,Huntsville,c49685cc-3281-44bc-a1c2-3be5b1110999,SAMMS-Huntsville
202609022122572000,202609021903207521,202609021903206075,85,710,Bronze INV,br_AdmissionAssessmentDimensionFour,TASK_COMPLETE,SUCCESS,INFO,308,308,0,,2026-09-02T19:03:39.838Z,2026-09-02T21:23:00.812Z,8361,2026-09-02T21:23:00.812Z,HS,Hot Springs,c49685cc-3281-44bc-a1c2-3be5b1110999,SAMMS-HotSprings
202609022122572001,202609021903207522,202609021903206075,85,711,Bronze INV,br_AdmissionAssessmentDimensionFour,TASK_COMPLETE,SUCCESS,INFO,269,269,0,,2026-09-02T19:03:39.838Z,2026-09-02T21:23:00.812Z,8361,2026-09-02T21:23:00.812Z,JON,Jonesboro,c49685cc-3281-44bc-a1c2-3be5b1110999,SAMMS-Jonesboro
202609022122572002,202609021903207523,202609021903206075,85,713,Bronze INV,br_AdmissionAssessmentDimensionFour,TASK_COMPLETE,SUCCESS,INFO,155,155,0,,2026-09-02T19:03:39.838Z,2026-09-02T21:23:00.812Z,8361,2026-09-02T21:23:00.812Z,LAN,Lansing,c49685cc-3281-44bc-a1c2-3be5b1110999,SAMMS-Lansing
202609022122572003,202609021903207524,202609021903206075,85,714,Bronze INV,br_AdmissionAssessmentDimensionFour,TASK_COMPLETE,SUCCESS,INFO,427,427,0,,2026-09-02T19:03:39.838Z,2026-09-02T21:23:00.812Z,8361,2026-09-02T21:23:00.812Z,LO,Louisville,c49685cc-3281-44bc-a1c2-3be5b1110999,SAMMS-Louisville
202609022122572004,202609021903207525,202609021903206075,85,715,Bronze INV,br_AdmissionAssessmentDimensionFour,TASK_COMPLETE,SUCCESS,INFO,1163,1163,0,,2026-09-02T19:03:39.838Z,2026-09-02T21:23:00.812Z,8361,2026-09-02T21:23:00.812Z,LV1,Cheyenne,c49685cc-3281-44bc-a1c2-3be5b1110999,SAMMS-Cheyenne
202609022122572005,202609021903207526,202609021903206075,85,716,Bronze INV,br_AdmissionAssessmentDimensionFour,TASK_COMPLETE,SUCCESS,INFO,931,931,0,,2026-09-02T19:03:39.838Z,2026-09-02T21:23:00.812Z,8361,2026-09-02T21:23:00.812Z,LV2,Desert Inn,c49685cc-3281-44bc-a1c2-3be5b1110999,SAMMS-DesertInn
202609022122572006,202609021903207527,202609021903206075,85,717,Bronze INV,br_AdmissionAssessmentDimensionFour,TASK_COMPLETE,SUCCESS,INFO,309,309,0,,2026-09-02T19:03:39.838Z,2026-09-02T21:23:00.812Z,8361,2026-09-02T21:23:00.812Z,LV3,McDaniel,c49685cc-3281-44bc-a1c2-3be5b1110999,SAMMS-McDaniel
202609022122572007,202609021903207528,202609021903206075,85,720,Bronze INV,br_AdmissionAssessmentDimensionFour,TASK_COMPLETE,SUCCESS,INFO,269,269,0,,2026-09-02T19:03:39.838Z,2026-09-02T21:23:00.812Z,8361,2026-09-02T21:23:00.812Z,MNRE,Monroe,c49685cc-3281-44bc-a1c2-3be5b1110999,SAMMS-Monroe
202609022122572008,202609021903207529,202609021903206075,85,721,Bronze INV,br_AdmissionAssessmentDimensionFour,TASK_COMPLETE,SUCCESS,INFO,120,120,0,,2026-09-02T19:03:39.838Z,2026-09-02T21:23:00.812Z,8361,2026-09-02T21:23:00.812Z,MP,Mt. Pleasant,c49685cc-3281-44bc-a1c2-3be5b1110999,SAMMS-MtPleasant
202609022122572010,202609021903207530,202609021903206075,85,722,Bronze INV,br_AdmissionAssessmentDimensionFour,TASK_COMPLETE,SUCCESS,INFO,173,173,0,,2026-09-02T19:03:39.838Z,2026-09-02T21:23:00.812Z,8361,2026-09-02T21:23:00.812Z,MRD,Meridian,c49685cc-3281-44bc-a1c2-3be5b1110999,SAMMS-Meridian
202609022122572011,202609021903207531,202609021903206075,85,727,Bronze INV,br_AdmissionAssessmentDimensionFour,TASK_COMPLETE,SUCCESS,INFO,644,644,0,,2026-09-02T19:03:39.838Z,2026-09-02T21:23:00.812Z,8361,2026-09-02T21:23:00.812Z,NC,North Charleston,c49685cc-3281-44bc-a1c2-3be5b1110999,SAMMS-NorthCharleston
202609022122572012,202609021903207532,202609021903206075,85,728,Bronze INV,br_AdmissionAssessmentDimensionFour,TASK_COMPLETE,SUCCESS,INFO,575,575,0,,2026-09-02T19:03:39.838Z,2026-09-02T21:23:00.812Z,8361,2026-09-02T21:23:00.812Z,NLR,N. Little Rock,c49685cc-3281-44bc-a1c2-3be5b1110999,SAMMS-NLROBOT
202609022122572014,202609021903207533,202609021903206075,85,729,Bronze INV,br_AdmissionAssessmentDimensionFour,TASK_COMPLETE,SUCCESS,INFO,234,234,0,,2026-09-02T19:03:39.838Z,2026-09-02T21:23:00.812Z,8361,2026-09-02T21:23:00.812Z,PH,Phoenix,c49685cc-3281-44bc-a1c2-3be5b1110999,SAMMS-Phoenix
202609022122572015,202609021903207534,202609021903206075,85,733,Bronze INV,br_AdmissionAssessmentDimensionFour,TASK_COMPLETE,SUCCESS,INFO,407,407,0,,2026-09-02T19:03:39.838Z,2026-09-02T21:23:00.812Z,8361,2026-09-02T21:23:00.812Z,RE,Reno,c49685cc-3281-44bc-a1c2-3be5b1110999,SAMMS-Reno
202609022122572016,202609021903207535,202609021903206075,85,734,Bronze INV,br_AdmissionAssessmentDimensionFour,TASK_COMPLETE,SUCCESS,INFO,388,388,0,,2026-09-02T19:03:39.838Z,2026-09-02T21:23:00.812Z,8361,2026-09-02T21:23:00.812Z,RMD,Richmond,c49685cc-3281-44bc-a1c2-3be5b1110999,SAMMS-Richmond
202609022122572017,202609021903207536,202609021903206075,85,735,Bronze INV,br_AdmissionAssessmentDimensionFour,TASK_COMPLETE,SUCCESS,INFO,487,487,0,,2026-09-02T19:03:39.838Z,2026-09-02T21:23:00.812Z,8361,2026-09-02T21:23:00.812Z,SFN,Springfield North,c49685cc-3281-44bc-a1c2-3be5b1110999,SAMMS-SFNv5
202609022122572018,202609021903207537,202609021903206075,85,736,Bronze INV,br_AdmissionAssessmentDimensionFour,TASK_COMPLETE,SUCCESS,INFO,446,446,0,,2026-09-02T19:03:39.838Z,2026-09-02T21:23:00.812Z,8361,2026-09-02T21:23:00.812Z,SHP,Shreveport,c49685cc-3281-44bc-a1c2-3be5b1110999,SAMMS-Shreveport
202608312116374153,202608311905654473,202608311905652236,85,3636,Bronze INV,br_ReAssessmentMentalHealth,TASK_COMPLETE,SUCCESS,INFO,347,347,0,,2026-08-31T19:06:18.658Z,2026-08-31T21:16:41.151Z,7823,2026-08-31T21:16:41.151Z,DRD-KC,KC,79f5b39e-d314-4ad3-8050-3ace553d67de,SAMMS-KCv5
202608312116374154,202608311905654474,202608311905652236,85,3637,Bronze INV,br_ReAssessmentMentalHealth,TASK_COMPLETE,SUCCESS,INFO,1555,1555,0,,2026-08-31T19:06:18.658Z,2026-08-31T21:16:41.151Z,7823,2026-08-31T21:16:41.151Z,DRD-KVB,KVB,79f5b39e-d314-4ad3-8050-3ace553d67de,SAMMS-KVBv5
202608312116374156,202608311905654475,202608311905652236,85,3638,Bronze INV,br_ReAssessmentMentalHealth,TASK_COMPLETE,SUCCESS,INFO,1674,1674,0,,2026-08-31T19:06:18.658Z,2026-08-31T21:16:41.151Z,7823,2026-08-31T21:16:41.151Z,DRD-KVC,KVC,79f5b39e-d314-4ad3-8050-3ace553d67de,SAMMS-KVCv5
202608312116374157,202608311905654476,202608311905652236,85,3639,Bronze INV,br_ReAssessmentMentalHealth,TASK_COMPLETE,SUCCESS,INFO,3203,3203,0,,2026-08-31T19:06:18.658Z,2026-08-31T21:16:41.151Z,7823,2026-08-31T21:16:41.151Z,DRD-NOLA,NOLA,79f5b39e-d314-4ad3-8050-3ace553d67de,SAMMS-NOLAv5
202608312116374159,202608311905654477,202608311905652236,85,3640,Bronze INV,br_ReAssessmentMentalHealth,TASK_COMPLETE,SUCCESS,INFO,800,800,0,,2026-08-31T19:06:18.658Z,2026-08-31T21:16:41.151Z,7823,2026-08-31T21:16:41.151Z,DRD-SF,Springfield,79f5b39e-d314-4ad3-8050-3ace553d67de,SAMMS-SFv5
202608312116374160,202608311905654478,202608311905652236,85,3642,Bronze INV,br_ReAssessmentMentalHealth,TASK_COMPLETE,SUCCESS,INFO,260,260,0,,2026-08-31T19:06:18.658Z,2026-08-31T21:16:41.151Z,7823,2026-08-31T21:16:41.151Z,ELC,Elizabeth City,79f5b39e-d314-4ad3-8050-3ace553d67de,SAMMS-ElizabethCity
202608312116374161,202608311905654479,202608311905652236,85,3643,Bronze INV,br_ReAssessmentMentalHealth,TASK_COMPLETE,SUCCESS,INFO,128,128,0,,2026-08-31T19:06:18.658Z,2026-08-31T21:16:41.151Z,7823,2026-08-31T21:16:41.151Z,ET,Elizabethtown,79f5b39e-d314-4ad3-8050-3ace553d67de,SAMMS-Elizabethtown
202608312116374162,202608311905654480,202608311905652236,85,3644,Bronze INV,br_ReAssessmentMentalHealth,TASK_COMPLETE,SUCCESS,INFO,0,0,0,,2026-08-31T19:06:18.658Z,2026-08-31T21:16:41.151Z,7823,2026-08-31T21:16:41.151Z,FAY,Fayetteville,79f5b39e-d314-4ad3-8050-3ace553d67de,SAMMS-Fayetteville
202608312116374163,202608311905654481,202608311905652236,85,3645,Bronze INV,br_ReAssessmentMentalHealth,TASK_COMPLETE,SUCCESS,INFO,156,156,0,,2026-08-31T19:06:18.658Z,2026-08-31T21:16:41.151Z,7823,2026-08-31T21:16:41.151Z,FR,Frankfort,79f5b39e-d314-4ad3-8050-3ace553d67de,SAMMS-Frankfort
202608312116374164,202608311905654482,202608311905652236,85,3646,Bronze INV,br_ReAssessmentMentalHealth,TASK_COMPLETE,SUCCESS,INFO,0,0,0,,2026-08-31T19:06:18.658Z,2026-08-31T21:16:41.151Z,7823,2026-08-31T21:16:41.151Z,FS,Fort Smith,79f5b39e-d314-4ad3-8050-3ace553d67de,SAMMS-FortSmith
202608312116374165,202608311905654483,202608311905652236,85,3647,Bronze INV,br_ReAssessmentMentalHealth,TASK_COMPLETE,SUCCESS,INFO,469,469,0,,2026-08-31T19:06:18.658Z,2026-08-31T21:16:41.151Z,7823,2026-08-31T21:16:41.151Z,FW,Fort Wayne,79f5b39e-d314-4ad3-8050-3ace553d67de,SAMMS-FortWayne
202608312116374166,202608311905654484,202608311905652236,85,3648,Bronze INV,br_ReAssessmentMentalHealth,TASK_COMPLETE,SUCCESS,INFO,276,276,0,,2026-08-31T19:06:18.658Z,2026-08-31T21:16:41.151Z,7823,2026-08-31T21:16:41.151Z,GAL,Gaylord,79f5b39e-d314-4ad3-8050-3ace553d67de,SAMMS-Gaylord
202608312116374167,202608311905654485,202608311905652236,85,3652,Bronze INV,br_ReAssessmentMentalHealth,TASK_COMPLETE,SUCCESS,INFO,100,100,0,,2026-08-31T19:06:18.658Z,2026-08-31T21:16:41.151Z,7823,2026-08-31T21:16:41.151Z,HGT,Hagerstown,79f5b39e-d314-4ad3-8050-3ace553d67de,SAMMS-Hagerstown
202608312116374168,202608311905654486,202608311905652236,85,3653,Bronze INV,br_ReAssessmentMentalHealth,TASK_COMPLETE,SUCCESS,INFO,1724,1724,0,,2026-08-31T19:06:18.658Z,2026-08-31T21:16:41.151Z,7823,2026-08-31T21:16:41.151Z,HNT,Huntsville,79f5b39e-d314-4ad3-8050-3ace553d67de,SAMMS-Huntsville
202608312116374169,202608311905654487,202608311905652236,85,3654,Bronze INV,br_ReAssessmentMentalHealth,TASK_COMPLETE,SUCCESS,INFO,0,0,0,,2026-08-31T19:06:18.658Z,2026-08-31T21:16:41.151Z,7823,2026-08-31T21:16:41.151Z,HS,Hot Springs,79f5b39e-d314-4ad3-8050-3ace553d67de,SAMMS-HotSprings
202608312116374171,202608311905654488,202608311905652236,85,3655,Bronze INV,br_ReAssessmentMentalHealth,TASK_COMPLETE,SUCCESS,INFO,0,0,0,,2026-08-31T19:06:18.658Z,2026-08-31T21:16:41.151Z,7823,2026-08-31T21:16:41.151Z,JON,Jonesboro,79f5b39e-d314-4ad3-8050-3ace553d67de,SAMMS-Jonesboro
202608312116374172,202608311905654489,202608311905652236,85,3657,Bronze INV,br_ReAssessmentMentalHealth,TASK_COMPLETE,SUCCESS,INFO,448,448,0,,2026-08-31T19:06:18.658Z,2026-08-31T21:16:41.151Z,7823,2026-08-31T21:16:41.151Z,LAN,Lansing,79f5b39e-d314-4ad3-8050-3ace553d67de,SAMMS-Lansing
202608312116374173,202608311905654490,202608311905652236,85,3658,Bronze INV,br_ReAssessmentMentalHealth,TASK_COMPLETE,SUCCESS,INFO,1289,1289,0,,2026-08-31T19:06:18.658Z,2026-08-31T21:16:41.151Z,7823,2026-08-31T21:16:41.151Z,LO,Louisville,79f5b39e-d314-4ad3-8050-3ace553d67de,SAMMS-Louisville
202608312116374174,202608311905654491,202608311905652236,85,3659,Bronze INV,br_ReAssessmentMentalHealth,TASK_COMPLETE,SUCCESS,INFO,291,291,0,,2026-08-31T19:06:18.658Z,2026-08-31T21:16:41.151Z,7823,2026-08-31T21:16:41.151Z,LV1,Cheyenne,79f5b39e-d314-4ad3-8050-3ace553d67de,SAMMS-Cheyenne
202608312116374175,202608311905654492,202608311905652236,85,3660,Bronze INV,br_ReAssessmentMentalHealth,TASK_COMPLETE,SUCCESS,INFO,205,205,0,,2026-08-31T19:06:18.658Z,2026-08-31T21:16:41.151Z,7823,2026-08-31T21:16:41.151Z,LV2,Desert Inn,79f5b39e-d314-4ad3-8050-3ace553d67de,SAMMS-DesertInn
202608312116374176,202608311905654493,202608311905652236,85,3661,Bronze INV,br_ReAssessmentMentalHealth,TASK_COMPLETE,SUCCESS,INFO,110,110,0,,2026-08-31T19:06:18.658Z,2026-08-31T21:16:41.151Z,7823,2026-08-31T21:16:41.151Z,LV3,McDaniel,79f5b39e-d314-4ad3-8050-3ace553d67de,SAMMS-McDaniel
202608312116374177,202608311905654494,202608311905652236,85,3664,Bronze INV,br_ReAssessmentMentalHealth,TASK_COMPLETE,SUCCESS,INFO,357,357,0,,2026-08-31T19:06:18.658Z,2026-08-31T21:16:41.151Z,7823,2026-08-31T21:16:41.151Z,MNRE,Monroe,79f5b39e-d314-4ad3-8050-3ace553d67de,SAMMS-Monroe
202608312116374178,202608311905654495,202608311905652236,85,3665,Bronze INV,br_ReAssessmentMentalHealth,TASK_COMPLETE,SUCCESS,INFO,1425,1425,0,,2026-08-31T19:06:18.658Z,2026-08-31T21:16:41.151Z,7823,2026-08-31T21:16:41.151Z,MP,Mt. Pleasant,79f5b39e-d314-4ad3-8050-3ace553d67de,SAMMS-MtPleasant
202608312116374179,202608311905654496,202608311905652236,85,3666,Bronze INV,br_ReAssessmentMentalHealth,TASK_COMPLETE,SUCCESS,INFO,153,153,0,,2026-08-31T19:06:18.658Z,2026-08-31T21:16:41.151Z,7823,2026-08-31T21:16:41.151Z,MRD,Meridian,79f5b39e-d314-4ad3-8050-3ace553d67de,SAMMS-Meridian
202608312116374180,202608311905654497,202608311905652236,85,3671,Bronze INV,br_ReAssessmentMentalHealth,TASK_COMPLETE,SUCCESS,INFO,694,694,0,,2026-08-31T19:06:18.658Z,2026-08-31T21:16:41.151Z,7823,2026-08-31T21:16:41.151Z,NC,North Charleston,79f5b39e-d314-4ad3-8050-3ace553d67de,SAMMS-NorthCharleston
202608312116374182,202608311905654498,202608311905652236,85,3672,Bronze INV,br_ReAssessmentMentalHealth,TASK_COMPLETE,SUCCESS,INFO,0,0,0,,2026-08-31T19:06:18.658Z,2026-08-31T21:16:41.151Z,7823,2026-08-31T21:16:41.151Z,NLR,N. Little Rock,79f5b39e-d314-4ad3-8050-3ace553d67de,SAMMS-NLROBOT
202608312116374183,202608311905654499,202608311905652236,85,3673,Bronze INV,br_ReAssessmentMentalHealth,TASK_COMPLETE,SUCCESS,INFO,111,111,0,,2026-08-31T19:06:18.658Z,2026-08-31T21:16:41.151Z,7823,2026-08-31T21:16:41.151Z,PH,Phoenix,79f5b39e-d314-4ad3-8050-3ace553d67de,SAMMS-Phoenix
202608312116374184,202608311905654500,202608311905652236,85,3677,Bronze INV,br_ReAssessmentMentalHealth,TASK_COMPLETE,SUCCESS,INFO,214,214,0,,2026-08-31T19:06:18.658Z,2026-08-31T21:16:41.151Z,7823,2026-08-31T21:16:41.151Z,RE,Reno,79f5b39e-d314-4ad3-8050-3ace553d67de,SAMMS-Reno
202608312116374185,202608311905654501,202608311905652236,85,3678,Bronze INV,br_ReAssessmentMentalHealth,TASK_COMPLETE,SUCCESS,INFO,88,88,0,,2026-08-31T19:06:18.658Z,2026-08-31T21:16:41.151Z,7823,2026-08-31T21:16:41.151Z,RMD,Richmond,79f5b39e-d314-4ad3-8050-3ace553d67de,SAMMS-Richmond
202608312116374186,202608311905654502,202608311905652236,85,3679,Bronze INV,br_ReAssessmentMentalHealth,TASK_COMPLETE,SUCCESS,INFO,592,592,0,,2026-08-31T19:06:18.658Z,2026-08-31T21:16:41.151Z,7823,2026-08-31T21:16:41.151Z,SFN,Springfield North,79f5b39e-d314-4ad3-8050-3ace553d67de,SAMMS-SFNv5
202608312116374187,202608311905654503,202608311905652236,85,3680,Bronze INV,br_ReAssessmentMentalHealth,TASK_COMPLETE,SUCCESS,INFO,767,767,0,,2026-08-31T19:06:18.658Z,2026-08-31T21:16:41.151Z,7823,2026-08-31T21:16:41.151Z,SHP,Shreveport,79f5b39e-d314-4ad3-8050-3ace553d67de,SAMMS-Shreveport
202608312116374188,202608311905654504,202608311905652236,85,3682,Bronze INV,br_ReAssessmentMentalHealth,TASK_COMPLETE,SUCCESS,INFO,486,486,0,,2026-08-31T19:06:18.658Z,2026-08-31T21:16:41.151Z,7823,2026-08-31T21:16:41.151Z,STN,Staunton,79f5b39e-d314-4ad3-8050-3ace553d67de,SAMMS-Staunton
202608312116374189,202608311905654505,202608311905652236,85,3683,Bronze INV,br_ReAssessmentMentalHealth,TASK_COMPLETE,SUCCESS,INFO,225,225,0,,2026-08-31T19:06:18.658Z,2026-08-31T21:16:41.151Z,7823,2026-08-31T21:16:41.151Z,STVN,Stevenson,79f5b39e-d314-4ad3-8050-3ace553d67de,SAMMS-Stevenson
202608312116374190,202608311905654506,202608311905652236,85,3685,Bronze INV,br_ReAssessmentMentalHealth,TASK_COMPLETE,SUCCESS,INFO,174,174,0,,2026-08-31T19:06:18.658Z,2026-08-31T21:16:41.151Z,7823,2026-08-31T21:16:41.151Z,TE,Tempe,79f5b39e-d314-4ad3-8050-3ace553d67de,SAMMS-Tempe
202608312116374191,202608311905654507,202608311905652236,85,3686,Bronze INV,br_ReAssessmentMentalHealth,TASK_COMPLETE,SUCCESS,INFO,0,0,0,,2026-08-31T19:06:18.658Z,2026-08-31T21:16:41.151Z,7823,2026-08-31T21:16:41.151Z,TEX,Texarkana,79f5b39e-d314-4ad3-8050-3ace553d67de,SAMMS-Texarkana
202608312116374192,202608311905654508,202608311905652236,85,3687,Bronze INV,br_ReAssessmentMentalHealth,TASK_COMPLETE,SUCCESS,INFO,1077,1077,0,,2026-08-31T19:06:18.658Z,2026-08-31T21:16:41.151Z,7823,2026-08-31T21:16:41.151Z,TTCA,Bessemer,79f5b39e-d314-4ad3-8050-3ace553d67de,SAMMS-BessemerV5
202608312116374194,202608311905654509,202608311905652236,85,3688,Bronze INV,br_ReAssessmentMentalHealth,TASK_COMPLETE,SUCCESS,INFO,1316,1316,0,,2026-08-31T19:06:18.658Z,2026-08-31T21:16:41.151Z,7823,2026-08-31T21:16:41.151Z,TTCB,Cullman,79f5b39e-d314-4ad3-8050-3ace553d67de,SAMMS-CullmanV5
202608312116374195,202608311905654510,202608311905652236,85,3689,Bronze INV,br_ReAssessmentMentalHealth,TASK_COMPLETE,SUCCESS,INFO,945,945,0,,2026-08-31T19:06:18.658Z,2026-08-31T21:16:41.151Z,7823,2026-08-31T21:16:41.151Z,TTCC,Grand Bay,79f5b39e-d314-4ad3-8050-3ace553d67de,SAMMS-GrandBay
202608312116374196,202608311905654511,202608311905652236,85,3690,Bronze INV,br_ReAssessmentMentalHealth,TASK_COMPLETE,SUCCESS,INFO,15,15,0,,2026-08-31T19:06:18.658Z,2026-08-31T21:16:41.151Z,7823,2026-08-31T21:16:41.151Z,TU,Tucson,79f5b39e-d314-4ad3-8050-3ace553d67de,SAMMS-Tucson
202608312116374197,202608311905654512,202608311905652236,85,3692,Bronze INV,br_ReAssessmentMentalHealth,TASK_COMPLETE,SUCCESS,INFO,660,660,0,,2026-08-31T19:06:18.658Z,2026-08-31T21:16:41.151Z,7823,2026-08-31T21:16:41.151Z,V1,Memphis South,79f5b39e-d314-4ad3-8050-3ace553d67de,SAMMS-VCPHCS-I-MemphisV5
202608312116374198,202608311905654513,202608311905652236,85,3693,Bronze INV,br_ReAssessmentMentalHealth,TASK_COMPLETE,SUCCESS,INFO,1630,1630,0,,2026-08-31T19:06:18.658Z,2026-08-31T21:16:41.151Z,7823,2026-08-31T21:16:41.151Z,V10,Longmont,79f5b39e-d314-4ad3-8050-3ace553d67de,SAMMS-BoulderV5
202608312116374199,202608311905654514,202608311905652236,85,3694,Bronze INV,br_ReAssessmentMentalHealth,TASK_COMPLETE,SUCCESS,INFO,1516,1516,0,,2026-08-31T19:06:18.658Z,2026-08-31T21:16:41.151Z,7823,2026-08-31T21:16:41.151Z,V10A,Fort Collins,79f5b39e-d314-4ad3-8050-3ace553d67de,SAMMS-FortCollinsV5
202608312116374200,202608311905654515,202608311905652236,85,3695,Bronze INV,br_ReAssessmentMentalHealth,TASK_COMPLETE,SUCCESS,INFO,2871,2871,0,,2026-08-31T19:06:18.658Z,2026-08-31T21:16:41.151Z,7823,2026-08-31T21:16:41.151Z,V11,Westminster,79f5b39e-d314-4ad3-8050-3ace553d67de,SAMMS-VCPHCS-XI-NorthDenverV5
202608312116374201,202608311905654516,202608311905652236,85,3696,Bronze INV,br_ReAssessmentMentalHealth,TASK_COMPLETE,SUCCESS,INFO,3042,3042,0,,2026-08-31T19:06:18.658Z,2026-08-31T21:16:41.151Z,7823,2026-08-31T21:16:41.151Z,V12,Downtown Denver,79f5b39e-d314-4ad3-8050-3ace553d67de,SAMMS-VCPHCS-XII-DowntownDenverV5
202608312116374202,202608311905654517,202608311905652236,85,3697,Bronze INV,br_ReAssessmentMentalHealth,TASK_COMPLETE,SUCCESS,INFO,1143,1143,0,,2026-08-31T19:06:18.658Z,2026-08-31T21:16:41.151Z,7823,2026-08-31T21:16:41.151Z,V12A,Centennial,79f5b39e-d314-4ad3-8050-3ace553d67de,SAMMS-CentennialV5
202608312116374203,202608311905654518,202608311905652236,85,3698,Bronze INV,br_ReAssessmentMentalHealth,TASK_COMPLETE,SUCCESS,INFO,295,295,0,,2026-08-31T19:06:18.658Z,2026-08-31T21:16:41.151Z,7823,2026-08-31T21:16:41.151Z,V14,Overland Park,79f5b39e-d314-4ad3-8050-3ace553d67de,SAMMS-VCPHCS-XIV-BridgewayV5
202608312116374204,202608311905654519,202608311905652236,85,3699,Bronze INV,br_ReAssessmentMentalHealth,TASK_COMPLETE,SUCCESS,INFO,609,609,0,,2026-08-31T19:06:18.658Z,2026-08-31T21:16:41.151Z,7823,2026-08-31T21:16:41.151Z,V15,Joplin,79f5b39e-d314-4ad3-8050-3ace553d67de,SAMMS-JoplinV5
202608312116374206,202608311905654520,202608311905652236,85,3701,Bronze INV,br_ReAssessmentMentalHealth,TASK_COMPLETE,SUCCESS,INFO,906,906,0,,2026-08-31T19:06:18.658Z,2026-08-31T21:16:41.151Z,7823,2026-08-31T21:16:41.151Z,V17,Columbia TN,79f5b39e-d314-4ad3-8050-3ace553d67de,SAMMS-ColumbiaTNv5
202608312116374207,202608311905654521,202608311905652236,85,3703,Bronze INV,br_ReAssessmentMentalHealth,TASK_COMPLETE,SUCCESS,INFO,533,533,0,,2026-08-31T19:06:18.658Z,2026-08-31T21:16:41.151Z,7823,2026-08-31T21:16:41.151Z,V19,Jackson,79f5b39e-d314-4ad3-8050-3ace553d67de,SAMMS-JacksonV5
202608312116374208,202608311905654522,202608311905652236,85,3705,Bronze INV,br_ReAssessmentMentalHealth,TASK_COMPLETE,SUCCESS,INFO,1771,1771,0,,2026-08-31T19:06:18.658Z,2026-08-31T21:16:41.151Z,7823,2026-08-31T21:16:41.151Z,V20,Paris,79f5b39e-d314-4ad3-8050-3ace553d67de,SAMMS-ParisV5
202608312116374209,202608311905654523,202608311905652236,85,3706,Bronze INV,br_ReAssessmentMentalHealth,TASK_COMPLETE,SUCCESS,INFO,726,726,0,,2026-08-31T19:06:18.658Z,2026-08-31T21:16:41.151Z,7823,2026-08-31T21:16:41.151Z,V21,Memphis North,79f5b39e-d314-4ad3-8050-3ace553d67de,SAMMS-RaleighV5
202608312116374210,202608311905654524,202608311905652236,85,3709,Bronze INV,br_ReAssessmentMentalHealth,TASK_COMPLETE,SUCCESS,INFO,1780,1780,0,,2026-08-31T19:06:18.658Z,2026-08-31T21:16:41.151Z,7823,2026-08-31T21:16:41.151Z,V5,West Bank,79f5b39e-d314-4ad3-8050-3ace553d67de,SAMMS-NONTCv5
202608312116374211,202608311905654525,202608311905652236,85,3711,Bronze INV,br_ReAssessmentMentalHealth,TASK_COMPLETE,SUCCESS,INFO,145,145,0,,2026-08-31T19:06:18.658Z,2026-08-31T21:16:41.151Z,7823,2026-08-31T21:16:41.151Z,V5B,Houma,79f5b39e-d314-4ad3-8050-3ace553d67de,SAMMS-HoumaV6
202608312116374212,202608311905654526,202608311905652236,85,3712,Bronze INV,br_ReAssessmentMentalHealth,TASK_COMPLETE,SUCCESS,INFO,1913,1913,0,,2026-08-31T19:06:18.658Z,2026-08-31T21:16:41.151Z,7823,2026-08-31T21:16:41.151Z,V6,Lake Charles,79f5b39e-d314-4ad3-8050-3ace553d67de,SAMMS-LCv5
202608312116374213,202608311905654527,202608311905652236,85,3714,Bronze INV,br_ReAssessmentMentalHealth,TASK_COMPLETE,SUCCESS,INFO,742,742,0,,2026-08-31T19:06:18.658Z,2026-08-31T21:16:41.151Z,7823,2026-08-31T21:16:41.151Z,V8,Memphis Midtown,79f5b39e-d314-4ad3-8050-3ace553d67de,SAMMS-VCPHCS-VIII-MemphisV5
202608312116374214,202608311905654528,202608311905652236,85,3715,Bronze INV,br_ReAssessmentMentalHealth,TASK_COMPLETE,SUCCESS,INFO,1765,1765,0,,2026-08-31T19:06:18.658Z,2026-08-31T21:16:41.151Z,7823,2026-08-31T21:16:41.151Z,V9,Nashville,79f5b39e-d314-4ad3-8050-3ace553d67de,SAMMS-NashvilleV5
202608312116374215,202608311905654529,202608311905652236,85,3716,Bronze INV,br_ReAssessmentMentalHealth,TASK_COMPLETE,SUCCESS,INFO,839,839,0,,2026-08-31T19:06:18.658Z,2026-08-31T21:16:41.151Z,7823,2026-08-31T21:16:41.151Z,VBRA,Brainerd,79f5b39e-d314-4ad3-8050-3ace553d67de,SAMMS-BrainerdV6
202608312116374217,202608311905654530,202608311905652236,85,3717,Bronze INV,br_ReAssessmentMentalHealth,TASK_COMPLETE,SUCCESS,INFO,1961,1961,0,,2026-08-31T19:06:18.658Z,2026-08-31T21:16:41.151Z,7823,2026-08-31T21:16:41.151Z,VBRP,Brooklyn Park,79f5b39e-d314-4ad3-8050-3ace553d67de,SAMMS-BrooklynParkV6
202608312116374218,202608311905654531,202608311905652236,85,3719,Bronze INV,br_ReAssessmentMentalHealth,TASK_COMPLETE,SUCCESS,INFO,747,747,0,,2026-08-31T19:06:18.658Z,2026-08-31T21:16:41.151Z,7823,2026-08-31T21:16:41.151Z,VMIN,Minneapolis,79f5b39e-d314-4ad3-8050-3ace553d67de,SAMMS-MinneapolisV6
202608312116374219,202608311905654532,202608311905652236,85,3720,Bronze INV,br_ReAssessmentMentalHealth,TASK_COMPLETE,SUCCESS,INFO,885,885,0,,2026-08-31T19:06:18.658Z,2026-08-31T21:16:41.151Z,7823,2026-08-31T21:16:41.151Z,VWBY,Woodbury,79f5b39e-d314-4ad3-8050-3ace553d67de,SAMMS-WoodburyV6
202608312116374220,202608311905654533,202608311905652236,85,3722,Bronze INV,br_ReAssessmentMentalHealth,TASK_COMPLETE,SUCCESS,INFO,161,161,0,,2026-08-31T19:06:18.658Z,2026-08-31T21:16:41.151Z,7823,2026-08-31T21:16:41.151Z,WIL,Wilson,79f5b39e-d314-4ad3-8050-3ace553d67de,SAMMS-Wilson
202608312116374221,202608311905654534,202608311905652236,85,3910,Bronze INV,br_ReAssessmentPhysicalHealth,TASK_COMPLETE,SUCCESS,INFO,35,35,0,,2026-08-31T19:06:18.658Z,2026-08-31T21:16:41.151Z,7823,2026-08-31T21:16:41.151Z,AHK,Ahoskie,79f5b39e-d314-4ad3-8050-3ace553d67de,SAMMS-Ahoskie
202608312116374222,202608311905654535,202608311905652236,85,3911,Bronze INV,br_ReAssessmentPhysicalHealth,TASK_COMPLETE,SUCCESS,INFO,662,662,0,,2026-08-31T19:06:18.658Z,2026-08-31T21:16:41.151Z,7823,2026-08-31T21:16:41.151Z,B12B,Colorado Springs,79f5b39e-d314-4ad3-8050-3ace553d67de,SAMMS-ColoradoSpringsV5
202608312116374223,202608311905654536,202608311905652236,85,3912,Bronze INV,br_ReAssessmentPhysicalHealth,TASK_COMPLETE,SUCCESS,INFO,835,835,0,,2026-08-31T19:06:18.658Z,2026-08-31T21:16:41.151Z,7823,2026-08-31T21:16:41.151Z,B24,Paintsville,79f5b39e-d314-4ad3-8050-3ace553d67de,SAMMS-PaintsvilleV5
202608312116374224,202608311905654537,202608311905652236,85,3913,Bronze INV,br_ReAssessmentPhysicalHealth,TASK_COMPLETE,SUCCESS,INFO,646,646,0,,2026-08-31T19:06:18.658Z,2026-08-31T21:16:41.151Z,7823,2026-08-31T21:16:41.151Z,B25,Pikeville,79f5b39e-d314-4ad3-8050-3ace553d67de,SAMMS-PikevilleV5
202608312116374225,202608311905654538,202608311905652236,85,3914,Bronze INV,br_ReAssessmentPhysicalHealth,TASK_COMPLETE,SUCCESS,INFO,970,970,0,,2026-08-31T19:06:18.658Z,2026-08-31T21:16:41.151Z,7823,2026-08-31T21:16:41.151Z,B26,Hazard,79f5b39e-d314-4ad3-8050-3ace553d67de,SAMMS-HazardV5
202608312116374226,202608311905654539,202608311905652236,85,3915,Bronze INV,br_ReAssessmentPhysicalHealth,TASK_COMPLETE,SUCCESS,INFO,532,532,0,,2026-08-31T19:06:18.658Z,2026-08-31T21:16:41.151Z,7823,2026-08-31T21:16:41.151Z,B27,Savannah,79f5b39e-d314-4ad3-8050-3ace553d67de,SAMMS-SavannahV6
202608312116374228,202608311905654540,202608311905652236,85,3916,Bronze INV,br_ReAssessmentPhysicalHealth,TASK_COMPLETE,SUCCESS,INFO,246,246,0,,2026-08-31T19:06:18.658Z,2026-08-31T21:16:41.151Z,7823,2026-08-31T21:16:41.151Z,B28,West Plains,79f5b39e-d314-4ad3-8050-3ace553d67de,SAMMS-WestPlainesV5
202608312116374229,202608311905654541,202608311905652236,85,3917,Bronze INV,br_ReAssessmentPhysicalHealth,TASK_COMPLETE,SUCCESS,INFO,461,461,0,,2026-08-31T19:06:18.658Z,2026-08-31T21:16:41.151Z,7823,2026-08-31T21:16:41.151Z,B29,Poplar Bluff,79f5b39e-d314-4ad3-8050-3ace553d67de,SAMMS-PoplarBluffV5
202608312116374230,202608311905654542,202608311905652236,85,3918,Bronze INV,br_ReAssessmentPhysicalHealth,TASK_COMPLETE,SUCCESS,INFO,80,80,0,,2026-08-31T19:06:18.658Z,2026-08-31T21:16:41.151Z,7823,2026-08-31T21:16:41.151Z,B30,KC North,79f5b39e-d314-4ad3-8050-3ace553d67de,SAMMS-KCNv5
202608312116374231,202608311905654543,202608311905652236,85,3919,Bronze INV,br_ReAssessmentPhysicalHealth,TASK_COMPLETE,SUCCESS,INFO,400,400,0,,2026-08-31T19:06:18.658Z,2026-08-31T21:16:41.151Z,7823,2026-08-31T21:16:41.151Z,B31,Dyersburg,79f5b39e-d314-4ad3-8050-3ace553d67de,SAMMS-DyersburgV5
202608312116374232,202608311905654544,202608311905652236,85,3921,Bronze INV,br_ReAssessmentPhysicalHealth,TASK_COMPLETE,SUCCESS,INFO,488,488,0,,2026-08-31T19:06:18.658Z,2026-08-31T21:16:41.151Z,7823,2026-08-31T21:16:41.151Z,B33,Paducah,79f5b39e-d314-4ad3-8050-3ace553d67de,SAMMS-Paducah
202608312116374233,202608311905654545,202608311905652236,85,3922,Bronze INV,br_ReAssessmentPhysicalHealth,TASK_COMPLETE,SUCCESS,INFO,386,386,0,,2026-08-31T19:06:18.658Z,2026-08-31T21:16:41.151Z,7823,2026-08-31T21:16:41.151Z,B34,Corbin,79f5b39e-d314-4ad3-8050-3ace553d67de,SAMMS-CorbinV5
202608312116374234,202608311905654546,202608311905652236,85,3923,Bronze INV,br_ReAssessmentPhysicalHealth,TASK_COMPLETE,SUCCESS,INFO,243,243,0,,2026-08-31T19:06:18.658Z,2026-08-31T21:16:41.151Z,7823,2026-08-31T21:16:41.151Z,B35,Lexington,79f5b39e-d314-4ad3-8050-3ace553d67de,SAMMS-LexingtonV5
202608312116374235,202608311905654547,202608311905652236,85,3924,Bronze INV,br_ReAssessmentPhysicalHealth,TASK_COMPLETE,SUCCESS,INFO,77,77,0,,2026-08-31T19:06:18.658Z,2026-08-31T21:16:41.151Z,7823,2026-08-31T21:16:41.151Z,B35A,Berea,79f5b39e-d314-4ad3-8050-3ace553d67de,SAMMS-BereaV5
202608312116374236,202608311905654548,202608311905652236,85,3925,Bronze INV,br_ReAssessmentPhysicalHealth,TASK_COMPLETE,SUCCESS,INFO,22,22,0,,2026-08-31T19:06:18.658Z,2026-08-31T21:16:41.151Z,7823,2026-08-31T21:16:41.151Z,B36,Asheville,79f5b39e-d314-4ad3-8050-3ace553d67de,SAMMS-AshevilleV5
202608312116374238,202608311905654549,202608311905652236,85,3926,Bronze INV,br_ReAssessmentPhysicalHealth,TASK_COMPLETE,SUCCESS,INFO,1,1,0,,2026-08-31T19:06:18.658Z,2026-08-31T21:16:41.151Z,7823,2026-08-31T21:16:41.151Z,B37,Clyde,79f5b39e-d314-4ad3-8050-3ace553d67de,SAMMS-ClydeV5
202608312116374239,202608311905654550,202608311905652236,85,3927,Bronze INV,br_ReAssessmentPhysicalHealth,TASK_COMPLETE,SUCCESS,INFO,1189,1189,0,,2026-08-31T19:06:18.658Z,2026-08-31T21:16:41.151Z,7823,2026-08-31T21:16:41.151Z,B38,Spartanburg,79f5b39e-d314-4ad3-8050-3ace553d67de,SAMMS-SpartanburgV5
202608312116374240,202608311905654551,202608311905652236,85,3928,Bronze INV,br_ReAssessmentPhysicalHealth,TASK_COMPLETE,SUCCESS,INFO,362,362,0,,2026-08-31T19:06:18.658Z,2026-08-31T21:16:41.151Z,7823,2026-08-31T21:16:41.151Z,B39,Aiken,79f5b39e-d314-4ad3-8050-3ace553d67de,SAMMS-AikenV5
202608312116374241,202608311905654552,202608311905652236,85,3929,Bronze INV,br_ReAssessmentPhysicalHealth,TASK_COMPLETE,SUCCESS,INFO,1894,1894,0,,2026-08-31T19:06:18.658Z,2026-08-31T21:16:41.151Z,7823,2026-08-31T21:16:41.151Z,B41,Chesapeake,79f5b39e-d314-4ad3-8050-3ace553d67de,SAMMS-ChesapeakeV5
202608312116374242,202608311905654553,202608311905652236,85,3930,Bronze INV,br_ReAssessmentPhysicalHealth,TASK_COMPLETE,SUCCESS,INFO,1922,1922,0,,2026-08-31T19:06:18.658Z,2026-08-31T21:16:41.151Z,7823,2026-08-31T21:16:41.151Z,B42,Virginia Beach,79f5b39e-d314-4ad3-8050-3ace553d67de,SAMMS-VirginiaBeachV5
202608312116374243,202608311905654554,202608311905652236,85,3931,Bronze INV,br_ReAssessmentPhysicalHealth,TASK_COMPLETE,SUCCESS,INFO,936,936,0,,2026-08-31T19:06:18.658Z,2026-08-31T21:16:41.151Z,7823,2026-08-31T21:16:41.151Z,B42A,Newport News,79f5b39e-d314-4ad3-8050-3ace553d67de,SAMMS-NewportNewsV5
202608312116374244,202608311905654555,202608311905652236,85,3932,Bronze INV,br_ReAssessmentPhysicalHealth,TASK_COMPLETE,SUCCESS,INFO,508,508,0,,2026-08-31T19:06:18.658Z,2026-08-31T21:16:41.151Z,7823,2026-08-31T21:16:41.151Z,B42B,Franklin,79f5b39e-d314-4ad3-8050-3ace553d67de,SAMMS-FranklinV5
202608312116374245,202608311905654556,202608311905652236,85,3933,Bronze INV,br_ReAssessmentPhysicalHealth,TASK_COMPLETE,SUCCESS,INFO,346,346,0,,2026-08-31T19:06:18.658Z,2026-08-31T21:16:41.151Z,7823,2026-08-31T21:16:41.151Z,B42C,Glen Allen,79f5b39e-d314-4ad3-8050-3ace553d67de,SAMMS-GlenAllenV5
202608312116374246,202608311905654557,202608311905652236,85,3934,Bronze INV,br_ReAssessmentPhysicalHealth,TASK_COMPLETE,SUCCESS,INFO,1487,1487,0,,2026-08-31T19:06:18.658Z,2026-08-31T21:16:41.151Z,7823,2026-08-31T21:16:41.151Z,B42D,Chesapeake South,79f5b39e-d314-4ad3-8050-3ace553d67de,SAMMS-ChesapeakeSouthV5
202608312116374248,202608311905654558,202608311905652236,85,3935,Bronze INV,br_ReAssessmentPhysicalHealth,TASK_COMPLETE,SUCCESS,INFO,632,632,0,,2026-08-31T19:06:18.658Z,2026-08-31T21:16:41.151Z,7823,2026-08-31T21:16:41.151Z,B44,Albany,79f5b39e-d314-4ad3-8050-3ace553d67de,SAMMS-AlbanyV5
202608292054381537,202608291904436643,202608291904434406,85,3636,Bronze INV,br_ReAssessmentMentalHealth,TASK_COMPLETE,SUCCESS,INFO,347,347,0,,2026-08-29T19:04:49.126Z,2026-08-29T20:54:41.421Z,6592,2026-08-29T20:54:41.421Z,DRD-KC,KC,dd7385f2-fbd4-41a4-afcd-7296aca5e198,SAMMS-KCv5
202608292054381538,202608291904436644,202608291904434406,85,3637,Bronze INV,br_ReAssessmentMentalHealth,TASK_COMPLETE,SUCCESS,INFO,1555,1555,0,,2026-08-29T19:04:49.126Z,2026-08-29T20:54:41.421Z,6592,2026-08-29T20:54:41.421Z,DRD-KVB,KVB,dd7385f2-fbd4-41a4-afcd-7296aca5e198,SAMMS-KVBv5
202608292054381539,202608291904436645,202608291904434406,85,3638,Bronze INV,br_ReAssessmentMentalHealth,TASK_COMPLETE,SUCCESS,INFO,1674,1674,0,,2026-08-29T19:04:49.126Z,2026-08-29T20:54:41.421Z,6592,2026-08-29T20:54:41.421Z,DRD-KVC,KVC,dd7385f2-fbd4-41a4-afcd-7296aca5e198,SAMMS-KVCv5
202608292054381541,202608291904436646,202608291904434406,85,3639,Bronze INV,br_ReAssessmentMentalHealth,TASK_COMPLETE,SUCCESS,INFO,3203,3203,0,,2026-08-29T19:04:49.126Z,2026-08-29T20:54:41.421Z,6592,2026-08-29T20:54:41.421Z,DRD-NOLA,NOLA,dd7385f2-fbd4-41a4-afcd-7296aca5e198,SAMMS-NOLAv5
202608292054381542,202608291904436647,202608291904434406,85,3640,Bronze INV,br_ReAssessmentMentalHealth,TASK_COMPLETE,SUCCESS,INFO,800,800,0,,2026-08-29T19:04:49.126Z,2026-08-29T20:54:41.421Z,6592,2026-08-29T20:54:41.421Z,DRD-SF,Springfield,dd7385f2-fbd4-41a4-afcd-7296aca5e198,SAMMS-SFv5
202608292054381543,202608291904436648,202608291904434406,85,3642,Bronze INV,br_ReAssessmentMentalHealth,TASK_COMPLETE,SUCCESS,INFO,260,260,0,,2026-08-29T19:04:49.126Z,2026-08-29T20:54:41.421Z,6592,2026-08-29T20:54:41.421Z,ELC,Elizabeth City,dd7385f2-fbd4-41a4-afcd-7296aca5e198,SAMMS-ElizabethCity
202608292054381544,202608291904436649,202608291904434406,85,3643,Bronze INV,br_ReAssessmentMentalHealth,TASK_COMPLETE,SUCCESS,INFO,128,128,0,,2026-08-29T19:04:49.126Z,2026-08-29T20:54:41.421Z,6592,2026-08-29T20:54:41.421Z,ET,Elizabethtown,dd7385f2-fbd4-41a4-afcd-7296aca5e198,SAMMS-Elizabethtown
202608292054381545,202608291904436650,202608291904434406,85,3644,Bronze INV,br_ReAssessmentMentalHealth,TASK_COMPLETE,SUCCESS,INFO,0,0,0,,2026-08-29T19:04:49.126Z,2026-08-29T20:54:41.421Z,6592,2026-08-29T20:54:41.421Z,FAY,Fayetteville,dd7385f2-fbd4-41a4-afcd-7296aca5e198,SAMMS-Fayetteville
202608292054381546,202608291904436651,202608291904434406,85,3645,Bronze INV,br_ReAssessmentMentalHealth,TASK_COMPLETE,SUCCESS,INFO,156,156,0,,2026-08-29T19:04:49.126Z,2026-08-29T20:54:41.421Z,6592,2026-08-29T20:54:41.421Z,FR,Frankfort,dd7385f2-fbd4-41a4-afcd-7296aca5e198,SAMMS-Frankfort
202608292054381547,202608291904436652,202608291904434406,85,3646,Bronze INV,br_ReAssessmentMentalHealth,TASK_COMPLETE,SUCCESS,INFO,0,0,0,,2026-08-29T19:04:49.126Z,2026-08-29T20:54:41.421Z,6592,2026-08-29T20:54:41.421Z,FS,Fort Smith,dd7385f2-fbd4-41a4-afcd-7296aca5e198,SAMMS-FortSmith
202608292054381548,202608291904436653,202608291904434406,85,3647,Bronze INV,br_ReAssessmentMentalHealth,TASK_COMPLETE,SUCCESS,INFO,469,469,0,,2026-08-29T19:04:49.126Z,2026-08-29T20:54:41.421Z,6592,2026-08-29T20:54:41.421Z,FW,Fort Wayne,dd7385f2-fbd4-41a4-afcd-7296aca5e198,SAMMS-FortWayne
202608292054381549,202608291904436654,202608291904434406,85,3648,Bronze INV,br_ReAssessmentMentalHealth,TASK_COMPLETE,SUCCESS,INFO,276,276,0,,2026-08-29T19:04:49.126Z,2026-08-29T20:54:41.421Z,6592,2026-08-29T20:54:41.421Z,GAL,Gaylord,dd7385f2-fbd4-41a4-afcd-7296aca5e198,SAMMS-Gaylord
202608292054381550,202608291904436655,202608291904434406,85,3652,Bronze INV,br_ReAssessmentMentalHealth,TASK_COMPLETE,SUCCESS,INFO,100,100,0,,2026-08-29T19:04:49.126Z,2026-08-29T20:54:41.421Z,6592,2026-08-29T20:54:41.421Z,HGT,Hagerstown,dd7385f2-fbd4-41a4-afcd-7296aca5e198,SAMMS-Hagerstown
202608292054381551,202608291904436656,202608291904434406,85,3653,Bronze INV,br_ReAssessmentMentalHealth,TASK_COMPLETE,SUCCESS,INFO,1724,1724,0,,2026-08-29T19:04:49.126Z,2026-08-29T20:54:41.421Z,6592,2026-08-29T20:54:41.421Z,HNT,Huntsville,dd7385f2-fbd4-41a4-afcd-7296aca5e198,SAMMS-Huntsville
202608292054381552,202608291904436657,202608291904434406,85,3654,Bronze INV,br_ReAssessmentMentalHealth,TASK_COMPLETE,SUCCESS,INFO,0,0,0,,2026-08-29T19:04:49.126Z,2026-08-29T20:54:41.421Z,6592,2026-08-29T20:54:41.421Z,HS,Hot Springs,dd7385f2-fbd4-41a4-afcd-7296aca5e198,SAMMS-HotSprings
202608292054381554,202608291904436658,202608291904434406,85,3655,Bronze INV,br_ReAssessmentMentalHealth,TASK_COMPLETE,SUCCESS,INFO,0,0,0,,2026-08-29T19:04:49.126Z,2026-08-29T20:54:41.421Z,6592,2026-08-29T20:54:41.421Z,JON,Jonesboro,dd7385f2-fbd4-41a4-afcd-7296aca5e198,SAMMS-Jonesboro
202608292054381555,202608291904436659,202608291904434406,85,3657,Bronze INV,br_ReAssessmentMentalHealth,TASK_COMPLETE,SUCCESS,INFO,448,448,0,,2026-08-29T19:04:49.126Z,2026-08-29T20:54:41.421Z,6592,2026-08-29T20:54:41.421Z,LAN,Lansing,dd7385f2-fbd4-41a4-afcd-7296aca5e198,SAMMS-Lansing
202608292054381556,202608291904436660,202608291904434406,85,3658,Bronze INV,br_ReAssessmentMentalHealth,TASK_COMPLETE,SUCCESS,INFO,1289,1289,0,,2026-08-29T19:04:49.126Z,2026-08-29T20:54:41.421Z,6592,2026-08-29T20:54:41.421Z,LO,Louisville,dd7385f2-fbd4-41a4-afcd-7296aca5e198,SAMMS-Louisville
202608292054381557,202608291904436661,202608291904434406,85,3659,Bronze INV,br_ReAssessmentMentalHealth,TASK_COMPLETE,SUCCESS,INFO,291,291,0,,2026-08-29T19:04:49.126Z,2026-08-29T20:54:41.421Z,6592,2026-08-29T20:54:41.421Z,LV1,Cheyenne,dd7385f2-fbd4-41a4-afcd-7296aca5e198,SAMMS-Cheyenne
202608292054381558,202608291904436662,202608291904434406,85,3660,Bronze INV,br_ReAssessmentMentalHealth,TASK_COMPLETE,SUCCESS,INFO,205,205,0,,2026-08-29T19:04:49.126Z,2026-08-29T20:54:41.421Z,6592,2026-08-29T20:54:41.421Z,LV2,Desert Inn,dd7385f2-fbd4-41a4-afcd-7296aca5e198,SAMMS-DesertInn
202608292054381559,202608291904436663,202608291904434406,85,3661,Bronze INV,br_ReAssessmentMentalHealth,TASK_COMPLETE,SUCCESS,INFO,110,110,0,,2026-08-29T19:04:49.126Z,2026-08-29T20:54:41.421Z,6592,2026-08-29T20:54:41.421Z,LV3,McDaniel,dd7385f2-fbd4-41a4-afcd-7296aca5e198,SAMMS-McDaniel
202608292054381560,202608291904436664,202608291904434406,85,3664,Bronze INV,br_ReAssessmentMentalHealth,TASK_COMPLETE,SUCCESS,INFO,357,357,0,,2026-08-29T19:04:49.126Z,2026-08-29T20:54:41.421Z,6592,2026-08-29T20:54:41.421Z,MNRE,Monroe,dd7385f2-fbd4-41a4-afcd-7296aca5e198,SAMMS-Monroe
202608292054381561,202608291904436665,202608291904434406,85,3665,Bronze INV,br_ReAssessmentMentalHealth,TASK_COMPLETE,SUCCESS,INFO,1425,1425,0,,2026-08-29T19:04:49.126Z,2026-08-29T20:54:41.421Z,6592,2026-08-29T20:54:41.421Z,MP,Mt. Pleasant,dd7385f2-fbd4-41a4-afcd-7296aca5e198,SAMMS-MtPleasant
202608292054381562,202608291904436666,202608291904434406,85,3666,Bronze INV,br_ReAssessmentMentalHealth,TASK_COMPLETE,SUCCESS,INFO,153,153,0,,2026-08-29T19:04:49.126Z,2026-08-29T20:54:41.421Z,6592,2026-08-29T20:54:41.421Z,MRD,Meridian,dd7385f2-fbd4-41a4-afcd-7296aca5e198,SAMMS-Meridian
202608292054381563,202608291904436667,202608291904434406,85,3671,Bronze INV,br_ReAssessmentMentalHealth,TASK_COMPLETE,SUCCESS,INFO,694,694,0,,2026-08-29T19:04:49.126Z,2026-08-29T20:54:41.421Z,6592,2026-08-29T20:54:41.421Z,NC,North Charleston,dd7385f2-fbd4-41a4-afcd-7296aca5e198,SAMMS-NorthCharleston
202608292054381564,202608291904436668,202608291904434406,85,3672,Bronze INV,br_ReAssessmentMentalHealth,TASK_COMPLETE,SUCCESS,INFO,0,0,0,,2026-08-29T19:04:49.126Z,2026-08-29T20:54:41.421Z,6592,2026-08-29T20:54:41.421Z,NLR,N. Little Rock,dd7385f2-fbd4-41a4-afcd-7296aca5e198,SAMMS-NLROBOT
202608292054381566,202608291904436669,202608291904434406,85,3673,Bronze INV,br_ReAssessmentMentalHealth,TASK_COMPLETE,SUCCESS,INFO,111,111,0,,2026-08-29T19:04:49.126Z,2026-08-29T20:54:41.421Z,6592,2026-08-29T20:54:41.421Z,PH,Phoenix,dd7385f2-fbd4-41a4-afcd-7296aca5e198,SAMMS-Phoenix
202608292054381567,202608291904436670,202608291904434406,85,3677,Bronze INV,br_ReAssessmentMentalHealth,TASK_COMPLETE,SUCCESS,INFO,214,214,0,,2026-08-29T19:04:49.126Z,2026-08-29T20:54:41.421Z,6592,2026-08-29T20:54:41.421Z,RE,Reno,dd7385f2-fbd4-41a4-afcd-7296aca5e198,SAMMS-Reno
202608292054381568,202608291904436671,202608291904434406,85,3678,Bronze INV,br_ReAssessmentMentalHealth,TASK_COMPLETE,SUCCESS,INFO,88,88,0,,2026-08-29T19:04:49.126Z,2026-08-29T20:54:41.421Z,6592,2026-08-29T20:54:41.421Z,RMD,Richmond,dd7385f2-fbd4-41a4-afcd-7296aca5e198,SAMMS-Richmond
202608292054381569,202608291904436672,202608291904434406,85,3679,Bronze INV,br_ReAssessmentMentalHealth,TASK_COMPLETE,SUCCESS,INFO,592,592,0,,2026-08-29T19:04:49.126Z,2026-08-29T20:54:41.421Z,6592,2026-08-29T20:54:41.421Z,SFN,Springfield North,dd7385f2-fbd4-41a4-afcd-7296aca5e198,SAMMS-SFNv5
202608292054381570,202608291904436673,202608291904434406,85,3680,Bronze INV,br_ReAssessmentMentalHealth,TASK_COMPLETE,SUCCESS,INFO,767,767,0,,2026-08-29T19:04:49.126Z,2026-08-29T20:54:41.421Z,6592,2026-08-29T20:54:41.421Z,SHP,Shreveport,dd7385f2-fbd4-41a4-afcd-7296aca5e198,SAMMS-Shreveport
202608292054381571,202608291904436674,202608291904434406,85,3682,Bronze INV,br_ReAssessmentMentalHealth,TASK_COMPLETE,SUCCESS,INFO,486,486,0,,2026-08-29T19:04:49.126Z,2026-08-29T20:54:41.421Z,6592,2026-08-29T20:54:41.421Z,STN,Staunton,dd7385f2-fbd4-41a4-afcd-7296aca5e198,SAMMS-Staunton
202608292054381572,202608291904436675,202608291904434406,85,3683,Bronze INV,br_ReAssessmentMentalHealth,TASK_COMPLETE,SUCCESS,INFO,225,225,0,,2026-08-29T19:04:49.126Z,2026-08-29T20:54:41.421Z,6592,2026-08-29T20:54:41.421Z,STVN,Stevenson,dd7385f2-fbd4-41a4-afcd-7296aca5e198,SAMMS-Stevenson
202608292054381573,202608291904436676,202608291904434406,85,3685,Bronze INV,br_ReAssessmentMentalHealth,TASK_COMPLETE,SUCCESS,INFO,174,174,0,,2026-08-29T19:04:49.126Z,2026-08-29T20:54:41.421Z,6592,2026-08-29T20:54:41.421Z,TE,Tempe,dd7385f2-fbd4-41a4-afcd-7296aca5e198,SAMMS-Tempe
202608292054381574,202608291904436677,202608291904434406,85,3686,Bronze INV,br_ReAssessmentMentalHealth,TASK_COMPLETE,SUCCESS,INFO,0,0,0,,2026-08-29T19:04:49.126Z,2026-08-29T20:54:41.421Z,6592,2026-08-29T20:54:41.421Z,TEX,Texarkana,dd7385f2-fbd4-41a4-afcd-7296aca5e198,SAMMS-Texarkana
202608292054381575,202608291904436678,202608291904434406,85,3687,Bronze INV,br_ReAssessmentMentalHealth,TASK_COMPLETE,SUCCESS,INFO,1077,1077,0,,2026-08-29T19:04:49.126Z,2026-08-29T20:54:41.421Z,6592,2026-08-29T20:54:41.421Z,TTCA,Bessemer,dd7385f2-fbd4-41a4-afcd-7296aca5e198,SAMMS-BessemerV5
202608292054381577,202608291904436679,202608291904434406,85,3688,Bronze INV,br_ReAssessmentMentalHealth,TASK_COMPLETE,SUCCESS,INFO,1316,1316,0,,2026-08-29T19:04:49.126Z,2026-08-29T20:54:41.421Z,6592,2026-08-29T20:54:41.421Z,TTCB,Cullman,dd7385f2-fbd4-41a4-afcd-7296aca5e198,SAMMS-CullmanV5
202608292054381578,202608291904436680,202608291904434406,85,3689,Bronze INV,br_ReAssessmentMentalHealth,TASK_COMPLETE,SUCCESS,INFO,945,945,0,,2026-08-29T19:04:49.126Z,2026-08-29T20:54:41.421Z,6592,2026-08-29T20:54:41.421Z,TTCC,Grand Bay,dd7385f2-fbd4-41a4-afcd-7296aca5e198,SAMMS-GrandBay
202608292054381579,202608291904436681,202608291904434406,85,3690,Bronze INV,br_ReAssessmentMentalHealth,TASK_COMPLETE,SUCCESS,INFO,15,15,0,,2026-08-29T19:04:49.126Z,2026-08-29T20:54:41.421Z,6592,2026-08-29T20:54:41.421Z,TU,Tucson,dd7385f2-fbd4-41a4-afcd-7296aca5e198,SAMMS-Tucson
202608292054381580,202608291904436682,202608291904434406,85,3692,Bronze INV,br_ReAssessmentMentalHealth,TASK_COMPLETE,SUCCESS,INFO,660,660,0,,2026-08-29T19:04:49.126Z,2026-08-29T20:54:41.421Z,6592,2026-08-29T20:54:41.421Z,V1,Memphis South,dd7385f2-fbd4-41a4-afcd-7296aca5e198,SAMMS-VCPHCS-I-MemphisV5
202608292054381581,202608291904436683,202608291904434406,85,3693,Bronze INV,br_ReAssessmentMentalHealth,TASK_COMPLETE,SUCCESS,INFO,1630,1630,0,,2026-08-29T19:04:49.126Z,2026-08-29T20:54:41.421Z,6592,2026-08-29T20:54:41.421Z,V10,Longmont,dd7385f2-fbd4-41a4-afcd-7296aca5e198,SAMMS-BoulderV5
202608292054381582,202608291904436684,202608291904434406,85,3694,Bronze INV,br_ReAssessmentMentalHealth,TASK_COMPLETE,SUCCESS,INFO,1516,1516,0,,2026-08-29T19:04:49.126Z,2026-08-29T20:54:41.421Z,6592,2026-08-29T20:54:41.421Z,V10A,Fort Collins,dd7385f2-fbd4-41a4-afcd-7296aca5e198,SAMMS-FortCollinsV5
202608292054381583,202608291904436685,202608291904434406,85,3695,Bronze INV,br_ReAssessmentMentalHealth,TASK_COMPLETE,SUCCESS,INFO,2871,2871,0,,2026-08-29T19:04:49.126Z,2026-08-29T20:54:41.421Z,6592,2026-08-29T20:54:41.421Z,V11,Westminster,dd7385f2-fbd4-41a4-afcd-7296aca5e198,SAMMS-VCPHCS-XI-NorthDenverV5
202608292054381584,202608291904436686,202608291904434406,85,3696,Bronze INV,br_ReAssessmentMentalHealth,TASK_COMPLETE,SUCCESS,INFO,3042,3042,0,,2026-08-29T19:04:49.126Z,2026-08-29T20:54:41.421Z,6592,2026-08-29T20:54:41.421Z,V12,Downtown Denver,dd7385f2-fbd4-41a4-afcd-7296aca5e198,SAMMS-VCPHCS-XII-DowntownDenverV5
202608292054381586,202608291904436687,202608291904434406,85,3697,Bronze INV,br_ReAssessmentMentalHealth,TASK_COMPLETE,SUCCESS,INFO,1143,1143,0,,2026-08-29T19:04:49.126Z,2026-08-29T20:54:41.421Z,6592,2026-08-29T20:54:41.421Z,V12A,Centennial,dd7385f2-fbd4-41a4-afcd-7296aca5e198,SAMMS-CentennialV5
202608292054381587,202608291904436688,202608291904434406,85,3698,Bronze INV,br_ReAssessmentMentalHealth,TASK_COMPLETE,SUCCESS,INFO,295,295,0,,2026-08-29T19:04:49.126Z,2026-08-29T20:54:41.421Z,6592,2026-08-29T20:54:41.421Z,V14,Overland Park,dd7385f2-fbd4-41a4-afcd-7296aca5e198,SAMMS-VCPHCS-XIV-BridgewayV5
202608292054381588,202608291904436689,202608291904434406,85,3699,Bronze INV,br_ReAssessmentMentalHealth,TASK_COMPLETE,SUCCESS,INFO,609,609,0,,2026-08-29T19:04:49.126Z,2026-08-29T20:54:41.421Z,6592,2026-08-29T20:54:41.421Z,V15,Joplin,dd7385f2-fbd4-41a4-afcd-7296aca5e198,SAMMS-JoplinV5
202608292054381589,202608291904436690,202608291904434406,85,3701,Bronze INV,br_ReAssessmentMentalHealth,TASK_COMPLETE,SUCCESS,INFO,906,906,0,,2026-08-29T19:04:49.126Z,2026-08-29T20:54:41.421Z,6592,2026-08-29T20:54:41.421Z,V17,Columbia TN,dd7385f2-fbd4-41a4-afcd-7296aca5e198,SAMMS-ColumbiaTNv5
202608292054381590,202608291904436691,202608291904434406,85,3703,Bronze INV,br_ReAssessmentMentalHealth,TASK_COMPLETE,SUCCESS,INFO,533,533,0,,2026-08-29T19:04:49.126Z,2026-08-29T20:54:41.421Z,6592,2026-08-29T20:54:41.421Z,V19,Jackson,dd7385f2-fbd4-41a4-afcd-7296aca5e198,SAMMS-JacksonV5
202608292054381591,202608291904436692,202608291904434406,85,3705,Bronze INV,br_ReAssessmentMentalHealth,TASK_COMPLETE,SUCCESS,INFO,1771,1771,0,,2026-08-29T19:04:49.126Z,2026-08-29T20:54:41.421Z,6592,2026-08-29T20:54:41.421Z,V20,Paris,dd7385f2-fbd4-41a4-afcd-7296aca5e198,SAMMS-ParisV5
202608292054381592,202608291904436693,202608291904434406,85,3706,Bronze INV,br_ReAssessmentMentalHealth,TASK_COMPLETE,SUCCESS,INFO,726,726,0,,2026-08-29T19:04:49.126Z,2026-08-29T20:54:41.421Z,6592,2026-08-29T20:54:41.421Z,V21,Memphis North,dd7385f2-fbd4-41a4-afcd-7296aca5e198,SAMMS-RaleighV5
202608292054381593,202608291904436694,202608291904434406,85,3709,Bronze INV,br_ReAssessmentMentalHealth,TASK_COMPLETE,SUCCESS,INFO,1780,1780,0,,2026-08-29T19:04:49.126Z,2026-08-29T20:54:41.421Z,6592,2026-08-29T20:54:41.421Z,V5,West Bank,dd7385f2-fbd4-41a4-afcd-7296aca5e198,SAMMS-NONTCv5
202608292054381594,202608291904436695,202608291904434406,85,3711,Bronze INV,br_ReAssessmentMentalHealth,TASK_COMPLETE,SUCCESS,INFO,145,145,0,,2026-08-29T19:04:49.126Z,2026-08-29T20:54:41.421Z,6592,2026-08-29T20:54:41.421Z,V5B,Houma,dd7385f2-fbd4-41a4-afcd-7296aca5e198,SAMMS-HoumaV6
202608292054381595,202608291904436696,202608291904434406,85,3712,Bronze INV,br_ReAssessmentMentalHealth,TASK_COMPLETE,SUCCESS,INFO,1913,1913,0,,2026-08-29T19:04:49.126Z,2026-08-29T20:54:41.421Z,6592,2026-08-29T20:54:41.421Z,V6,Lake Charles,dd7385f2-fbd4-41a4-afcd-7296aca5e198,SAMMS-LCv5
202608292054381596,202608291904436697,202608291904434406,85,3714,Bronze INV,br_ReAssessmentMentalHealth,TASK_COMPLETE,SUCCESS,INFO,742,742,0,,2026-08-29T19:04:49.126Z,2026-08-29T20:54:41.421Z,6592,2026-08-29T20:54:41.421Z,V8,Memphis Midtown,dd7385f2-fbd4-41a4-afcd-7296aca5e198,SAMMS-VCPHCS-VIII-MemphisV5
202608292054381597,202608291904436698,202608291904434406,85,3715,Bronze INV,br_ReAssessmentMentalHealth,TASK_COMPLETE,SUCCESS,INFO,1765,1765,0,,2026-08-29T19:04:49.126Z,2026-08-29T20:54:41.421Z,6592,2026-08-29T20:54:41.421Z,V9,Nashville,dd7385f2-fbd4-41a4-afcd-7296aca5e198,SAMMS-NashvilleV5
202608292054381599,202608291904436699,202608291904434406,85,3716,Bronze INV,br_ReAssessmentMentalHealth,TASK_COMPLETE,SUCCESS,INFO,839,839,0,,2026-08-29T19:04:49.126Z,2026-08-29T20:54:41.421Z,6592,2026-08-29T20:54:41.421Z,VBRA,Brainerd,dd7385f2-fbd4-41a4-afcd-7296aca5e198,SAMMS-BrainerdV6
202608292054381600,202608291904436700,202608291904434406,85,3717,Bronze INV,br_ReAssessmentMentalHealth,TASK_COMPLETE,SUCCESS,INFO,1961,1961,0,,2026-08-29T19:04:49.126Z,2026-08-29T20:54:41.421Z,6592,2026-08-29T20:54:41.421Z,VBRP,Brooklyn Park,dd7385f2-fbd4-41a4-afcd-7296aca5e198,SAMMS-BrooklynParkV6
202608292054381601,202608291904436701,202608291904434406,85,3719,Bronze INV,br_ReAssessmentMentalHealth,TASK_COMPLETE,SUCCESS,INFO,747,747,0,,2026-08-29T19:04:49.126Z,2026-08-29T20:54:41.421Z,6592,2026-08-29T20:54:41.421Z,VMIN,Minneapolis,dd7385f2-fbd4-41a4-afcd-7296aca5e198,SAMMS-MinneapolisV6
202608292054381602,202608291904436702,202608291904434406,85,3720,Bronze INV,br_ReAssessmentMentalHealth,TASK_COMPLETE,SUCCESS,INFO,885,885,0,,2026-08-29T19:04:49.126Z,2026-08-29T20:54:41.421Z,6592,2026-08-29T20:54:41.421Z,VWBY,Woodbury,dd7385f2-fbd4-41a4-afcd-7296aca5e198,SAMMS-WoodburyV6
202608292054381603,202608291904436703,202608291904434406,85,3722,Bronze INV,br_ReAssessmentMentalHealth,TASK_COMPLETE,SUCCESS,INFO,161,161,0,,2026-08-29T19:04:49.126Z,2026-08-29T20:54:41.421Z,6592,2026-08-29T20:54:41.421Z,WIL,Wilson,dd7385f2-fbd4-41a4-afcd-7296aca5e198,SAMMS-Wilson
202608292054381604,202608291904436704,202608291904434406,85,3910,Bronze INV,br_ReAssessmentPhysicalHealth,TASK_COMPLETE,SUCCESS,INFO,35,35,0,,2026-08-29T19:04:49.126Z,2026-08-29T20:54:41.421Z,6592,2026-08-29T20:54:41.421Z,AHK,Ahoskie,dd7385f2-fbd4-41a4-afcd-7296aca5e198,SAMMS-Ahoskie
202608292054381605,202608291904436705,202608291904434406,85,3911,Bronze INV,br_ReAssessmentPhysicalHealth,TASK_COMPLETE,SUCCESS,INFO,662,662,0,,2026-08-29T19:04:49.126Z,2026-08-29T20:54:41.421Z,6592,2026-08-29T20:54:41.421Z,B12B,Colorado Springs,dd7385f2-fbd4-41a4-afcd-7296aca5e198,SAMMS-ColoradoSpringsV5
202608292054381606,202608291904436706,202608291904434406,85,3912,Bronze INV,br_ReAssessmentPhysicalHealth,TASK_COMPLETE,SUCCESS,INFO,835,835,0,,2026-08-29T19:04:49.126Z,2026-08-29T20:54:41.421Z,6592,2026-08-29T20:54:41.421Z,B24,Paintsville,dd7385f2-fbd4-41a4-afcd-7296aca5e198,SAMMS-PaintsvilleV5
202608292054381607,202608291904436707,202608291904434406,85,3913,Bronze INV,br_ReAssessmentPhysicalHealth,TASK_COMPLETE,SUCCESS,INFO,646,646,0,,2026-08-29T19:04:49.126Z,2026-08-29T20:54:41.421Z,6592,2026-08-29T20:54:41.421Z,B25,Pikeville,dd7385f2-fbd4-41a4-afcd-7296aca5e198,SAMMS-PikevilleV5
202608292054381608,202608291904436708,202608291904434406,85,3914,Bronze INV,br_ReAssessmentPhysicalHealth,TASK_COMPLETE,SUCCESS,INFO,970,970,0,,2026-08-29T19:04:49.126Z,2026-08-29T20:54:41.421Z,6592,2026-08-29T20:54:41.421Z,B26,Hazard,dd7385f2-fbd4-41a4-afcd-7296aca5e198,SAMMS-HazardV5
202608292054381610,202608291904436709,202608291904434406,85,3915,Bronze INV,br_ReAssessmentPhysicalHealth,TASK_COMPLETE,SUCCESS,INFO,532,532,0,,2026-08-29T19:04:49.126Z,2026-08-29T20:54:41.421Z,6592,2026-08-29T20:54:41.421Z,B27,Savannah,dd7385f2-fbd4-41a4-afcd-7296aca5e198,SAMMS-SavannahV6
202608292054381611,202608291904436710,202608291904434406,85,3916,Bronze INV,br_ReAssessmentPhysicalHealth,TASK_COMPLETE,SUCCESS,INFO,246,246,0,,2026-08-29T19:04:49.126Z,2026-08-29T20:54:41.421Z,6592,2026-08-29T20:54:41.421Z,B28,West Plains,dd7385f2-fbd4-41a4-afcd-7296aca5e198,SAMMS-WestPlainesV5
202608292054381612,202608291904436711,202608291904434406,85,3917,Bronze INV,br_ReAssessmentPhysicalHealth,TASK_COMPLETE,SUCCESS,INFO,461,461,0,,2026-08-29T19:04:49.126Z,2026-08-29T20:54:41.421Z,6592,2026-08-29T20:54:41.421Z,B29,Poplar Bluff,dd7385f2-fbd4-41a4-afcd-7296aca5e198,SAMMS-PoplarBluffV5
202608292054381613,202608291904436712,202608291904434406,85,3918,Bronze INV,br_ReAssessmentPhysicalHealth,TASK_COMPLETE,SUCCESS,INFO,80,80,0,,2026-08-29T19:04:49.126Z,2026-08-29T20:54:41.421Z,6592,2026-08-29T20:54:41.421Z,B30,KC North,dd7385f2-fbd4-41a4-afcd-7296aca5e198,SAMMS-KCNv5
202608292054381614,202608291904436713,202608291904434406,85,3919,Bronze INV,br_ReAssessmentPhysicalHealth,TASK_COMPLETE,SUCCESS,INFO,400,400,0,,2026-08-29T19:04:49.126Z,2026-08-29T20:54:41.421Z,6592,2026-08-29T20:54:41.421Z,B31,Dyersburg,dd7385f2-fbd4-41a4-afcd-7296aca5e198,SAMMS-DyersburgV5
202608292054381615,202608291904436714,202608291904434406,85,3921,Bronze INV,br_ReAssessmentPhysicalHealth,TASK_COMPLETE,SUCCESS,INFO,488,488,0,,2026-08-29T19:04:49.126Z,2026-08-29T20:54:41.421Z,6592,2026-08-29T20:54:41.421Z,B33,Paducah,dd7385f2-fbd4-41a4-afcd-7296aca5e198,SAMMS-Paducah
202608292054381616,202608291904436715,202608291904434406,85,3922,Bronze INV,br_ReAssessmentPhysicalHealth,TASK_COMPLETE,SUCCESS,INFO,386,386,0,,2026-08-29T19:04:49.126Z,2026-08-29T20:54:41.421Z,6592,2026-08-29T20:54:41.421Z,B34,Corbin,dd7385f2-fbd4-41a4-afcd-7296aca5e198,SAMMS-CorbinV5
202608292054381617,202608291904436716,202608291904434406,85,3923,Bronze INV,br_ReAssessmentPhysicalHealth,TASK_COMPLETE,SUCCESS,INFO,243,243,0,,2026-08-29T19:04:49.126Z,2026-08-29T20:54:41.421Z,6592,2026-08-29T20:54:41.421Z,B35,Lexington,dd7385f2-fbd4-41a4-afcd-7296aca5e198,SAMMS-LexingtonV5
202608292054381618,202608291904436717,202608291904434406,85,3924,Bronze INV,br_ReAssessmentPhysicalHealth,TASK_COMPLETE,SUCCESS,INFO,77,77,0,,2026-08-29T19:04:49.126Z,2026-08-29T20:54:41.421Z,6592,2026-08-29T20:54:41.421Z,B35A,Berea,dd7385f2-fbd4-41a4-afcd-7296aca5e198,SAMMS-BereaV5
202608292054381619,202608291904436718,202608291904434406,85,3925,Bronze INV,br_ReAssessmentPhysicalHealth,TASK_COMPLETE,SUCCESS,INFO,22,22,0,,2026-08-29T19:04:49.126Z,2026-08-29T20:54:41.421Z,6592,2026-08-29T20:54:41.421Z,B36,Asheville,dd7385f2-fbd4-41a4-afcd-7296aca5e198,SAMMS-AshevilleV5
202608292054381620,202608291904436719,202608291904434406,85,3926,Bronze INV,br_ReAssessmentPhysicalHealth,TASK_COMPLETE,SUCCESS,INFO,1,1,0,,2026-08-29T19:04:49.126Z,2026-08-29T20:54:41.421Z,6592,2026-08-29T20:54:41.421Z,B37,Clyde,dd7385f2-fbd4-41a4-afcd-7296aca5e198,SAMMS-ClydeV5
202608292054381622,202608291904436720,202608291904434406,85,3927,Bronze INV,br_ReAssessmentPhysicalHealth,TASK_COMPLETE,SUCCESS,INFO,1189,1189,0,,2026-08-29T19:04:49.126Z,2026-08-29T20:54:41.421Z,6592,2026-08-29T20:54:41.421Z,B38,Spartanburg,dd7385f2-fbd4-41a4-afcd-7296aca5e198,SAMMS-SpartanburgV5
202608292054381623,202608291904436721,202608291904434406,85,3928,Bronze INV,br_ReAssessmentPhysicalHealth,TASK_COMPLETE,SUCCESS,INFO,362,362,0,,2026-08-29T19:04:49.126Z,2026-08-29T20:54:41.421Z,6592,2026-08-29T20:54:41.421Z,B39,Aiken,dd7385f2-fbd4-41a4-afcd-7296aca5e198,SAMMS-AikenV5
202608292054381624,202608291904436722,202608291904434406,85,3929,Bronze INV,br_ReAssessmentPhysicalHealth,TASK_COMPLETE,SUCCESS,INFO,1894,1894,0,,2026-08-29T19:04:49.126Z,2026-08-29T20:54:41.421Z,6592,2026-08-29T20:54:41.421Z,B41,Chesapeake,dd7385f2-fbd4-41a4-afcd-7296aca5e198,SAMMS-ChesapeakeV5
202608292054381625,202608291904436723,202608291904434406,85,3930,Bronze INV,br_ReAssessmentPhysicalHealth,TASK_COMPLETE,SUCCESS,INFO,1922,1922,0,,2026-08-29T19:04:49.126Z,2026-08-29T20:54:41.421Z,6592,2026-08-29T20:54:41.421Z,B42,Virginia Beach,dd7385f2-fbd4-41a4-afcd-7296aca5e198,SAMMS-VirginiaBeachV5
202608292054381626,202608291904436724,202608291904434406,85,3931,Bronze INV,br_ReAssessmentPhysicalHealth,TASK_COMPLETE,SUCCESS,INFO,936,936,0,,2026-08-29T19:04:49.126Z,2026-08-29T20:54:41.421Z,6592,2026-08-29T20:54:41.421Z,B42A,Newport News,dd7385f2-fbd4-41a4-afcd-7296aca5e198,SAMMS-NewportNewsV5
202608292054381627,202608291904436725,202608291904434406,85,3932,Bronze INV,br_ReAssessmentPhysicalHealth,TASK_COMPLETE,SUCCESS,INFO,508,508,0,,2026-08-29T19:04:49.126Z,2026-08-29T20:54:41.421Z,6592,2026-08-29T20:54:41.421Z,B42B,Franklin,dd7385f2-fbd4-41a4-afcd-7296aca5e198,SAMMS-FranklinV5
202608292054381628,202608291904436726,202608291904434406,85,3933,Bronze INV,br_ReAssessmentPhysicalHealth,TASK_COMPLETE,SUCCESS,INFO,346,346,0,,2026-08-29T19:04:49.126Z,2026-08-29T20:54:41.421Z,6592,2026-08-29T20:54:41.421Z,B42C,Glen Allen,dd7385f2-fbd4-41a4-afcd-7296aca5e198,SAMMS-GlenAllenV5
202608292054381629,202608291904436727,202608291904434406,85,3934,Bronze INV,br_ReAssessmentPhysicalHealth,TASK_COMPLETE,SUCCESS,INFO,1487,1487,0,,2026-08-29T19:04:49.126Z,2026-08-29T20:54:41.421Z,6592,2026-08-29T20:54:41.421Z,B42D,Chesapeake South,dd7385f2-fbd4-41a4-afcd-7296aca5e198,SAMMS-ChesapeakeSouthV5
202608292054381630,202608291904436728,202608291904434406,85,3935,Bronze INV,br_ReAssessmentPhysicalHealth,TASK_COMPLETE,SUCCESS,INFO,632,632,0,,2026-08-29T19:04:49.126Z,2026-08-29T20:54:41.421Z,6592,2026-08-29T20:54:41.421Z,B44,Albany,dd7385f2-fbd4-41a4-afcd-7296aca5e198,SAMMS-AlbanyV5
202609012114521063,202609011903674242,202609011903672005,85,3636,Bronze INV,br_ReAssessmentMentalHealth,TASK_COMPLETE,SUCCESS,INFO,347,347,0,,2026-09-01T19:04:17.664Z,2026-09-01T21:14:55.846Z,7838,2026-09-01T21:14:55.846Z,DRD-KC,KC,0e5f68b5-5669-4bb1-91ce-4b967b620e7d,SAMMS-KCv5
202609012114521064,202609011903674243,202609011903672005,85,3637,Bronze INV,br_ReAssessmentMentalHealth,TASK_COMPLETE,SUCCESS,INFO,1555,1555,0,,2026-09-01T19:04:17.664Z,2026-09-01T21:14:55.846Z,7838,2026-09-01T21:14:55.846Z,DRD-KVB,KVB,0e5f68b5-5669-4bb1-91ce-4b967b620e7d,SAMMS-KVBv5
202609012114521065,202609011903674244,202609011903672005,85,3638,Bronze INV,br_ReAssessmentMentalHealth,TASK_COMPLETE,SUCCESS,INFO,1674,1674,0,,2026-09-01T19:04:17.664Z,2026-09-01T21:14:55.846Z,7838,2026-09-01T21:14:55.846Z,DRD-KVC,KVC,0e5f68b5-5669-4bb1-91ce-4b967b620e7d,SAMMS-KVCv5
202609012114521067,202609011903674245,202609011903672005,85,3639,Bronze INV,br_ReAssessmentMentalHealth,TASK_COMPLETE,SUCCESS,INFO,3203,3203,0,,2026-09-01T19:04:17.664Z,2026-09-01T21:14:55.846Z,7838,2026-09-01T21:14:55.846Z,DRD-NOLA,NOLA,0e5f68b5-5669-4bb1-91ce-4b967b620e7d,SAMMS-NOLAv5
202609012114521068,202609011903674246,202609011903672005,85,3640,Bronze INV,br_ReAssessmentMentalHealth,TASK_COMPLETE,SUCCESS,INFO,800,800,0,,2026-09-01T19:04:17.664Z,2026-09-01T21:14:55.846Z,7838,2026-09-01T21:14:55.846Z,DRD-SF,Springfield,0e5f68b5-5669-4bb1-91ce-4b967b620e7d,SAMMS-SFv5
202609012114521069,202609011903674247,202609011903672005,85,3642,Bronze INV,br_ReAssessmentMentalHealth,TASK_COMPLETE,SUCCESS,INFO,260,260,0,,2026-09-01T19:04:17.664Z,2026-09-01T21:14:55.846Z,7838,2026-09-01T21:14:55.846Z,ELC,Elizabeth City,0e5f68b5-5669-4bb1-91ce-4b967b620e7d,SAMMS-ElizabethCity
202609012114521070,202609011903674248,202609011903672005,85,3643,Bronze INV,br_ReAssessmentMentalHealth,TASK_COMPLETE,SUCCESS,INFO,128,128,0,,2026-09-01T19:04:17.664Z,2026-09-01T21:14:55.846Z,7838,2026-09-01T21:14:55.846Z,ET,Elizabethtown,0e5f68b5-5669-4bb1-91ce-4b967b620e7d,SAMMS-Elizabethtown
202609012114521071,202609011903674249,202609011903672005,85,3644,Bronze INV,br_ReAssessmentMentalHealth,TASK_COMPLETE,SUCCESS,INFO,0,0,0,,2026-09-01T19:04:17.664Z,2026-09-01T21:14:55.846Z,7838,2026-09-01T21:14:55.846Z,FAY,Fayetteville,0e5f68b5-5669-4bb1-91ce-4b967b620e7d,SAMMS-Fayetteville
202609012114521072,202609011903674250,202609011903672005,85,3645,Bronze INV,br_ReAssessmentMentalHealth,TASK_COMPLETE,SUCCESS,INFO,156,156,0,,2026-09-01T19:04:17.664Z,2026-09-01T21:14:55.846Z,7838,2026-09-01T21:14:55.846Z,FR,Frankfort,0e5f68b5-5669-4bb1-91ce-4b967b620e7d,SAMMS-Frankfort
202609012114521073,202609011903674251,202609011903672005,85,3646,Bronze INV,br_ReAssessmentMentalHealth,TASK_COMPLETE,SUCCESS,INFO,0,0,0,,2026-09-01T19:04:17.664Z,2026-09-01T21:14:55.846Z,7838,2026-09-01T21:14:55.846Z,FS,Fort Smith,0e5f68b5-5669-4bb1-91ce-4b967b620e7d,SAMMS-FortSmith
202609012114521074,202609011903674252,202609011903672005,85,3647,Bronze INV,br_ReAssessmentMentalHealth,TASK_COMPLETE,SUCCESS,INFO,469,469,0,,2026-09-01T19:04:17.664Z,2026-09-01T21:14:55.846Z,7838,2026-09-01T21:14:55.846Z,FW,Fort Wayne,0e5f68b5-5669-4bb1-91ce-4b967b620e7d,SAMMS-FortWayne
202609012114521076,202609011903674253,202609011903672005,85,3648,Bronze INV,br_ReAssessmentMentalHealth,TASK_COMPLETE,SUCCESS,INFO,276,276,0,,2026-09-01T19:04:17.664Z,2026-09-01T21:14:55.846Z,7838,2026-09-01T21:14:55.846Z,GAL,Gaylord,0e5f68b5-5669-4bb1-91ce-4b967b620e7d,SAMMS-Gaylord
202609012114521077,202609011903674254,202609011903672005,85,3652,Bronze INV,br_ReAssessmentMentalHealth,TASK_COMPLETE,SUCCESS,INFO,100,100,0,,2026-09-01T19:04:17.664Z,2026-09-01T21:14:55.846Z,7838,2026-09-01T21:14:55.846Z,HGT,Hagerstown,0e5f68b5-5669-4bb1-91ce-4b967b620e7d,SAMMS-Hagerstown
202609012114521078,202609011903674255,202609011903672005,85,3653,Bronze INV,br_ReAssessmentMentalHealth,TASK_COMPLETE,SUCCESS,INFO,1724,1724,0,,2026-09-01T19:04:17.664Z,2026-09-01T21:14:55.846Z,7838,2026-09-01T21:14:55.846Z,HNT,Huntsville,0e5f68b5-5669-4bb1-91ce-4b967b620e7d,SAMMS-Huntsville
202609012114521079,202609011903674256,202609011903672005,85,3654,Bronze INV,br_ReAssessmentMentalHealth,TASK_COMPLETE,SUCCESS,INFO,0,0,0,,2026-09-01T19:04:17.664Z,2026-09-01T21:14:55.846Z,7838,2026-09-01T21:14:55.846Z,HS,Hot Springs,0e5f68b5-5669-4bb1-91ce-4b967b620e7d,SAMMS-HotSprings
202609012114521080,202609011903674257,202609011903672005,85,3655,Bronze INV,br_ReAssessmentMentalHealth,TASK_COMPLETE,SUCCESS,INFO,0,0,0,,2026-09-01T19:04:17.664Z,2026-09-01T21:14:55.846Z,7838,2026-09-01T21:14:55.846Z,JON,Jonesboro,0e5f68b5-5669-4bb1-91ce-4b967b620e7d,SAMMS-Jonesboro
202609012114521081,202609011903674258,202609011903672005,85,3657,Bronze INV,br_ReAssessmentMentalHealth,TASK_COMPLETE,SUCCESS,INFO,448,448,0,,2026-09-01T19:04:17.664Z,2026-09-01T21:14:55.846Z,7838,2026-09-01T21:14:55.846Z,LAN,Lansing,0e5f68b5-5669-4bb1-91ce-4b967b620e7d,SAMMS-Lansing
202609012114521082,202609011903674259,202609011903672005,85,3658,Bronze INV,br_ReAssessmentMentalHealth,TASK_COMPLETE,SUCCESS,INFO,1289,1289,0,,2026-09-01T19:04:17.664Z,2026-09-01T21:14:55.846Z,7838,2026-09-01T21:14:55.846Z,LO,Louisville,0e5f68b5-5669-4bb1-91ce-4b967b620e7d,SAMMS-Louisville
202609012114521083,202609011903674260,202609011903672005,85,3659,Bronze INV,br_ReAssessmentMentalHealth,TASK_COMPLETE,SUCCESS,INFO,291,291,0,,2026-09-01T19:04:17.664Z,2026-09-01T21:14:55.846Z,7838,2026-09-01T21:14:55.846Z,LV1,Cheyenne,0e5f68b5-5669-4bb1-91ce-4b967b620e7d,SAMMS-Cheyenne
202609012114521085,202609011903674261,202609011903672005,85,3660,Bronze INV,br_ReAssessmentMentalHealth,TASK_COMPLETE,SUCCESS,INFO,205,205,0,,2026-09-01T19:04:17.664Z,2026-09-01T21:14:55.846Z,7838,2026-09-01T21:14:55.846Z,LV2,Desert Inn,0e5f68b5-5669-4bb1-91ce-4b967b620e7d,SAMMS-DesertInn
202609012114521086,202609011903674262,202609011903672005,85,3661,Bronze INV,br_ReAssessmentMentalHealth,TASK_COMPLETE,SUCCESS,INFO,110,110,0,,2026-09-01T19:04:17.664Z,2026-09-01T21:14:55.846Z,7838,2026-09-01T21:14:55.846Z,LV3,McDaniel,0e5f68b5-5669-4bb1-91ce-4b967b620e7d,SAMMS-McDaniel
202609012114521087,202609011903674263,202609011903672005,85,3664,Bronze INV,br_ReAssessmentMentalHealth,TASK_COMPLETE,SUCCESS,INFO,357,357,0,,2026-09-01T19:04:17.664Z,2026-09-01T21:14:55.846Z,7838,2026-09-01T21:14:55.846Z,MNRE,Monroe,0e5f68b5-5669-4bb1-91ce-4b967b620e7d,SAMMS-Monroe
202609012114521088,202609011903674264,202609011903672005,85,3665,Bronze INV,br_ReAssessmentMentalHealth,TASK_COMPLETE,SUCCESS,INFO,1425,1425,0,,2026-09-01T19:04:17.664Z,2026-09-01T21:14:55.846Z,7838,2026-09-01T21:14:55.846Z,MP,Mt. Pleasant,0e5f68b5-5669-4bb1-91ce-4b967b620e7d,SAMMS-MtPleasant
202609012114521089,202609011903674265,202609011903672005,85,3666,Bronze INV,br_ReAssessmentMentalHealth,TASK_COMPLETE,SUCCESS,INFO,153,153,0,,2026-09-01T19:04:17.664Z,2026-09-01T21:14:55.846Z,7838,2026-09-01T21:14:55.846Z,MRD,Meridian,0e5f68b5-5669-4bb1-91ce-4b967b620e7d,SAMMS-Meridian
202609012114521090,202609011903674266,202609011903672005,85,3671,Bronze INV,br_ReAssessmentMentalHealth,TASK_COMPLETE,SUCCESS,INFO,694,694,0,,2026-09-01T19:04:17.664Z,2026-09-01T21:14:55.846Z,7838,2026-09-01T21:14:55.846Z,NC,North Charleston,0e5f68b5-5669-4bb1-91ce-4b967b620e7d,SAMMS-NorthCharleston
202609012114521091,202609011903674267,202609011903672005,85,3672,Bronze INV,br_ReAssessmentMentalHealth,TASK_COMPLETE,SUCCESS,INFO,0,0,0,,2026-09-01T19:04:17.664Z,2026-09-01T21:14:55.846Z,7838,2026-09-01T21:14:55.846Z,NLR,N. Little Rock,0e5f68b5-5669-4bb1-91ce-4b967b620e7d,SAMMS-NLROBOT
202609012114521093,202609011903674268,202609011903672005,85,3673,Bronze INV,br_ReAssessmentMentalHealth,TASK_COMPLETE,SUCCESS,INFO,111,111,0,,2026-09-01T19:04:17.664Z,2026-09-01T21:14:55.846Z,7838,2026-09-01T21:14:55.846Z,PH,Phoenix,0e5f68b5-5669-4bb1-91ce-4b967b620e7d,SAMMS-Phoenix
202609012114521094,202609011903674269,202609011903672005,85,3677,Bronze INV,br_ReAssessmentMentalHealth,TASK_COMPLETE,SUCCESS,INFO,214,214,0,,2026-09-01T19:04:17.664Z,2026-09-01T21:14:55.846Z,7838,2026-09-01T21:14:55.846Z,RE,Reno,0e5f68b5-5669-4bb1-91ce-4b967b620e7d,SAMMS-Reno
202609012114521095,202609011903674270,202609011903672005,85,3678,Bronze INV,br_ReAssessmentMentalHealth,TASK_COMPLETE,SUCCESS,INFO,88,88,0,,2026-09-01T19:04:17.664Z,2026-09-01T21:14:55.846Z,7838,2026-09-01T21:14:55.846Z,RMD,Richmond,0e5f68b5-5669-4bb1-91ce-4b967b620e7d,SAMMS-Richmond
202609012114521096,202609011903674271,202609011903672005,85,3679,Bronze INV,br_ReAssessmentMentalHealth,TASK_COMPLETE,SUCCESS,INFO,592,592,0,,2026-09-01T19:04:17.664Z,2026-09-01T21:14:55.846Z,7838,2026-09-01T21:14:55.846Z,SFN,Springfield North,0e5f68b5-5669-4bb1-91ce-4b967b620e7d,SAMMS-SFNv5
202609012114521097,202609011903674272,202609011903672005,85,3680,Bronze INV,br_ReAssessmentMentalHealth,TASK_COMPLETE,SUCCESS,INFO,767,767,0,,2026-09-01T19:04:17.664Z,2026-09-01T21:14:55.846Z,7838,2026-09-01T21:14:55.846Z,SHP,Shreveport,0e5f68b5-5669-4bb1-91ce-4b967b620e7d,SAMMS-Shreveport
202609012114521098,202609011903674273,202609011903672005,85,3682,Bronze INV,br_ReAssessmentMentalHealth,TASK_COMPLETE,SUCCESS,INFO,486,486,0,,2026-09-01T19:04:17.664Z,2026-09-01T21:14:55.846Z,7838,2026-09-01T21:14:55.846Z,STN,Staunton,0e5f68b5-5669-4bb1-91ce-4b967b620e7d,SAMMS-Staunton
202609012114521099,202609011903674274,202609011903672005,85,3683,Bronze INV,br_ReAssessmentMentalHealth,TASK_COMPLETE,SUCCESS,INFO,225,225,0,,2026-09-01T19:04:17.664Z,2026-09-01T21:14:55.846Z,7838,2026-09-01T21:14:55.846Z,STVN,Stevenson,0e5f68b5-5669-4bb1-91ce-4b967b620e7d,SAMMS-Stevenson
202609012114521100,202609011903674275,202609011903672005,85,3685,Bronze INV,br_ReAssessmentMentalHealth,TASK_COMPLETE,SUCCESS,INFO,174,174,0,,2026-09-01T19:04:17.664Z,2026-09-01T21:14:55.846Z,7838,2026-09-01T21:14:55.846Z,TE,Tempe,0e5f68b5-5669-4bb1-91ce-4b967b620e7d,SAMMS-Tempe
202609012114521102,202609011903674276,202609011903672005,85,3686,Bronze INV,br_ReAssessmentMentalHealth,TASK_COMPLETE,SUCCESS,INFO,0,0,0,,2026-09-01T19:04:17.664Z,2026-09-01T21:14:55.846Z,7838,2026-09-01T21:14:55.846Z,TEX,Texarkana,0e5f68b5-5669-4bb1-91ce-4b967b620e7d,SAMMS-Texarkana
202609012114521103,202609011903674277,202609011903672005,85,3687,Bronze INV,br_ReAssessmentMentalHealth,TASK_COMPLETE,SUCCESS,INFO,1077,1077,0,,2026-09-01T19:04:17.664Z,2026-09-01T21:14:55.846Z,7838,2026-09-01T21:14:55.846Z,TTCA,Bessemer,0e5f68b5-5669-4bb1-91ce-4b967b620e7d,SAMMS-BessemerV5
202609012114521104,202609011903674278,202609011903672005,85,3688,Bronze INV,br_ReAssessmentMentalHealth,TASK_COMPLETE,SUCCESS,INFO,1316,1316,0,,2026-09-01T19:04:17.664Z,2026-09-01T21:14:55.846Z,7838,2026-09-01T21:14:55.846Z,TTCB,Cullman,0e5f68b5-5669-4bb1-91ce-4b967b620e7d,SAMMS-CullmanV5
202609012114521105,202609011903674279,202609011903672005,85,3689,Bronze INV,br_ReAssessmentMentalHealth,TASK_COMPLETE,SUCCESS,INFO,945,945,0,,2026-09-01T19:04:17.664Z,2026-09-01T21:14:55.846Z,7838,2026-09-01T21:14:55.846Z,TTCC,Grand Bay,0e5f68b5-5669-4bb1-91ce-4b967b620e7d,SAMMS-GrandBay
202609012114521106,202609011903674280,202609011903672005,85,3690,Bronze INV,br_ReAssessmentMentalHealth,TASK_COMPLETE,SUCCESS,INFO,15,15,0,,2026-09-01T19:04:17.664Z,2026-09-01T21:14:55.846Z,7838,2026-09-01T21:14:55.846Z,TU,Tucson,0e5f68b5-5669-4bb1-91ce-4b967b620e7d,SAMMS-Tucson
202609012114521107,202609011903674281,202609011903672005,85,3692,Bronze INV,br_ReAssessmentMentalHealth,TASK_COMPLETE,SUCCESS,INFO,660,660,0,,2026-09-01T19:04:17.664Z,2026-09-01T21:14:55.846Z,7838,2026-09-01T21:14:55.846Z,V1,Memphis South,0e5f68b5-5669-4bb1-91ce-4b967b620e7d,SAMMS-VCPHCS-I-MemphisV5
202609012114521108,202609011903674282,202609011903672005,85,3693,Bronze INV,br_ReAssessmentMentalHealth,TASK_COMPLETE,SUCCESS,INFO,1630,1630,0,,2026-09-01T19:04:17.664Z,2026-09-01T21:14:55.846Z,7838,2026-09-01T21:14:55.846Z,V10,Longmont,0e5f68b5-5669-4bb1-91ce-4b967b620e7d,SAMMS-BoulderV5
202609012114521110,202609011903674283,202609011903672005,85,3694,Bronze INV,br_ReAssessmentMentalHealth,TASK_COMPLETE,SUCCESS,INFO,1516,1516,0,,2026-09-01T19:04:17.664Z,2026-09-01T21:14:55.846Z,7838,2026-09-01T21:14:55.846Z,V10A,Fort Collins,0e5f68b5-5669-4bb1-91ce-4b967b620e7d,SAMMS-FortCollinsV5
202609012114521111,202609011903674284,202609011903672005,85,3695,Bronze INV,br_ReAssessmentMentalHealth,TASK_COMPLETE,SUCCESS,INFO,2871,2871,0,,2026-09-01T19:04:17.664Z,2026-09-01T21:14:55.846Z,7838,2026-09-01T21:14:55.846Z,V11,Westminster,0e5f68b5-5669-4bb1-91ce-4b967b620e7d,SAMMS-VCPHCS-XI-NorthDenverV5
202609012114521112,202609011903674285,202609011903672005,85,3696,Bronze INV,br_ReAssessmentMentalHealth,TASK_COMPLETE,SUCCESS,INFO,3042,3042,0,,2026-09-01T19:04:17.664Z,2026-09-01T21:14:55.846Z,7838,2026-09-01T21:14:55.846Z,V12,Downtown Denver,0e5f68b5-5669-4bb1-91ce-4b967b620e7d,SAMMS-VCPHCS-XII-DowntownDenverV5
202609012114521113,202609011903674286,202609011903672005,85,3697,Bronze INV,br_ReAssessmentMentalHealth,TASK_COMPLETE,SUCCESS,INFO,1143,1143,0,,2026-09-01T19:04:17.664Z,2026-09-01T21:14:55.846Z,7838,2026-09-01T21:14:55.846Z,V12A,Centennial,0e5f68b5-5669-4bb1-91ce-4b967b620e7d,SAMMS-CentennialV5
202609012114521114,202609011903674287,202609011903672005,85,3698,Bronze INV,br_ReAssessmentMentalHealth,TASK_COMPLETE,SUCCESS,INFO,295,295,0,,2026-09-01T19:04:17.664Z,2026-09-01T21:14:55.846Z,7838,2026-09-01T21:14:55.846Z,V14,Overland Park,0e5f68b5-5669-4bb1-91ce-4b967b620e7d,SAMMS-VCPHCS-XIV-BridgewayV5
202609012114521115,202609011903674288,202609011903672005,85,3699,Bronze INV,br_ReAssessmentMentalHealth,TASK_COMPLETE,SUCCESS,INFO,609,609,0,,2026-09-01T19:04:17.664Z,2026-09-01T21:14:55.846Z,7838,2026-09-01T21:14:55.846Z,V15,Joplin,0e5f68b5-5669-4bb1-91ce-4b967b620e7d,SAMMS-JoplinV5
202609012114521116,202609011903674289,202609011903672005,85,3701,Bronze INV,br_ReAssessmentMentalHealth,TASK_COMPLETE,SUCCESS,INFO,906,906,0,,2026-09-01T19:04:17.664Z,2026-09-01T21:14:55.846Z,7838,2026-09-01T21:14:55.846Z,V17,Columbia TN,0e5f68b5-5669-4bb1-91ce-4b967b620e7d,SAMMS-ColumbiaTNv5
202609012114521117,202609011903674290,202609011903672005,85,3703,Bronze INV,br_ReAssessmentMentalHealth,TASK_COMPLETE,SUCCESS,INFO,533,533,0,,2026-09-01T19:04:17.664Z,2026-09-01T21:14:55.846Z,7838,2026-09-01T21:14:55.846Z,V19,Jackson,0e5f68b5-5669-4bb1-91ce-4b967b620e7d,SAMMS-JacksonV5
202609012114521119,202609011903674291,202609011903672005,85,3705,Bronze INV,br_ReAssessmentMentalHealth,TASK_COMPLETE,SUCCESS,INFO,1771,1771,0,,2026-09-01T19:04:17.664Z,2026-09-01T21:14:55.846Z,7838,2026-09-01T21:14:55.846Z,V20,Paris,0e5f68b5-5669-4bb1-91ce-4b967b620e7d,SAMMS-ParisV5
202609012114521120,202609011903674292,202609011903672005,85,3706,Bronze INV,br_ReAssessmentMentalHealth,TASK_COMPLETE,SUCCESS,INFO,726,726,0,,2026-09-01T19:04:17.664Z,2026-09-01T21:14:55.846Z,7838,2026-09-01T21:14:55.846Z,V21,Memphis North,0e5f68b5-5669-4bb1-91ce-4b967b620e7d,SAMMS-RaleighV5
202609012114521121,202609011903674293,202609011903672005,85,3709,Bronze INV,br_ReAssessmentMentalHealth,TASK_COMPLETE,SUCCESS,INFO,1780,1780,0,,2026-09-01T19:04:17.664Z,2026-09-01T21:14:55.846Z,7838,2026-09-01T21:14:55.846Z,V5,West Bank,0e5f68b5-5669-4bb1-91ce-4b967b620e7d,SAMMS-NONTCv5
202609012114521122,202609011903674294,202609011903672005,85,3711,Bronze INV,br_ReAssessmentMentalHealth,TASK_COMPLETE,SUCCESS,INFO,145,145,0,,2026-09-01T19:04:17.664Z,2026-09-01T21:14:55.846Z,7838,2026-09-01T21:14:55.846Z,V5B,Houma,0e5f68b5-5669-4bb1-91ce-4b967b620e7d,SAMMS-HoumaV6
202609012114521123,202609011903674295,202609011903672005,85,3712,Bronze INV,br_ReAssessmentMentalHealth,TASK_COMPLETE,SUCCESS,INFO,1913,1913,0,,2026-09-01T19:04:17.664Z,2026-09-01T21:14:55.846Z,7838,2026-09-01T21:14:55.846Z,V6,Lake Charles,0e5f68b5-5669-4bb1-91ce-4b967b620e7d,SAMMS-LCv5
202609012114521124,202609011903674296,202609011903672005,85,3714,Bronze INV,br_ReAssessmentMentalHealth,TASK_COMPLETE,SUCCESS,INFO,742,742,0,,2026-09-01T19:04:17.664Z,2026-09-01T21:14:55.846Z,7838,2026-09-01T21:14:55.846Z,V8,Memphis Midtown,0e5f68b5-5669-4bb1-91ce-4b967b620e7d,SAMMS-VCPHCS-VIII-MemphisV5
202609012114521125,202609011903674297,202609011903672005,85,3715,Bronze INV,br_ReAssessmentMentalHealth,TASK_COMPLETE,SUCCESS,INFO,1765,1765,0,,2026-09-01T19:04:17.664Z,2026-09-01T21:14:55.846Z,7838,2026-09-01T21:14:55.846Z,V9,Nashville,0e5f68b5-5669-4bb1-91ce-4b967b620e7d,SAMMS-NashvilleV5
202609012114521127,202609011903674298,202609011903672005,85,3716,Bronze INV,br_ReAssessmentMentalHealth,TASK_COMPLETE,SUCCESS,INFO,839,839,0,,2026-09-01T19:04:17.664Z,2026-09-01T21:14:55.846Z,7838,2026-09-01T21:14:55.846Z,VBRA,Brainerd,0e5f68b5-5669-4bb1-91ce-4b967b620e7d,SAMMS-BrainerdV6
202609012114521128,202609011903674299,202609011903672005,85,3717,Bronze INV,br_ReAssessmentMentalHealth,TASK_COMPLETE,SUCCESS,INFO,1961,1961,0,,2026-09-01T19:04:17.664Z,2026-09-01T21:14:55.846Z,7838,2026-09-01T21:14:55.846Z,VBRP,Brooklyn Park,0e5f68b5-5669-4bb1-91ce-4b967b620e7d,SAMMS-BrooklynParkV6
202609012114521129,202609011903674300,202609011903672005,85,3719,Bronze INV,br_ReAssessmentMentalHealth,TASK_COMPLETE,SUCCESS,INFO,747,747,0,,2026-09-01T19:04:17.664Z,2026-09-01T21:14:55.846Z,7838,2026-09-01T21:14:55.846Z,VMIN,Minneapolis,0e5f68b5-5669-4bb1-91ce-4b967b620e7d,SAMMS-MinneapolisV6
202609012114521130,202609011903674301,202609011903672005,85,3720,Bronze INV,br_ReAssessmentMentalHealth,TASK_COMPLETE,SUCCESS,INFO,885,885,0,,2026-09-01T19:04:17.664Z,2026-09-01T21:14:55.846Z,7838,2026-09-01T21:14:55.846Z,VWBY,Woodbury,0e5f68b5-5669-4bb1-91ce-4b967b620e7d,SAMMS-WoodburyV6
202609012114521131,202609011903674302,202609011903672005,85,3722,Bronze INV,br_ReAssessmentMentalHealth,TASK_COMPLETE,SUCCESS,INFO,161,161,0,,2026-09-01T19:04:17.664Z,2026-09-01T21:14:55.846Z,7838,2026-09-01T21:14:55.846Z,WIL,Wilson,0e5f68b5-5669-4bb1-91ce-4b967b620e7d,SAMMS-Wilson
202609012114521132,202609011903674303,202609011903672005,85,3910,Bronze INV,br_ReAssessmentPhysicalHealth,TASK_COMPLETE,SUCCESS,INFO,35,35,0,,2026-09-01T19:04:17.664Z,2026-09-01T21:14:55.846Z,7838,2026-09-01T21:14:55.846Z,AHK,Ahoskie,0e5f68b5-5669-4bb1-91ce-4b967b620e7d,SAMMS-Ahoskie
202609012114521133,202609011903674304,202609011903672005,85,3911,Bronze INV,br_ReAssessmentPhysicalHealth,TASK_COMPLETE,SUCCESS,INFO,662,662,0,,2026-09-01T19:04:17.664Z,2026-09-01T21:14:55.846Z,7838,2026-09-01T21:14:55.846Z,B12B,Colorado Springs,0e5f68b5-5669-4bb1-91ce-4b967b620e7d,SAMMS-ColoradoSpringsV5
202609012114521135,202609011903674305,202609011903672005,85,3912,Bronze INV,br_ReAssessmentPhysicalHealth,TASK_COMPLETE,SUCCESS,INFO,835,835,0,,2026-09-01T19:04:17.664Z,2026-09-01T21:14:55.846Z,7838,2026-09-01T21:14:55.846Z,B24,Paintsville,0e5f68b5-5669-4bb1-91ce-4b967b620e7d,SAMMS-PaintsvilleV5
202609012114521136,202609011903674306,202609011903672005,85,3913,Bronze INV,br_ReAssessmentPhysicalHealth,TASK_COMPLETE,SUCCESS,INFO,646,646,0,,2026-09-01T19:04:17.664Z,2026-09-01T21:14:55.846Z,7838,2026-09-01T21:14:55.846Z,B25,Pikeville,0e5f68b5-5669-4bb1-91ce-4b967b620e7d,SAMMS-PikevilleV5
202609012114521137,202609011903674307,202609011903672005,85,3914,Bronze INV,br_ReAssessmentPhysicalHealth,TASK_COMPLETE,SUCCESS,INFO,970,970,0,,2026-09-01T19:04:17.664Z,2026-09-01T21:14:55.846Z,7838,2026-09-01T21:14:55.846Z,B26,Hazard,0e5f68b5-5669-4bb1-91ce-4b967b620e7d,SAMMS-HazardV5
202609012114521138,202609011903674308,202609011903672005,85,3915,Bronze INV,br_ReAssessmentPhysicalHealth,TASK_COMPLETE,SUCCESS,INFO,532,532,0,,2026-09-01T19:04:17.664Z,2026-09-01T21:14:55.846Z,7838,2026-09-01T21:14:55.846Z,B27,Savannah,0e5f68b5-5669-4bb1-91ce-4b967b620e7d,SAMMS-SavannahV6
202609012114521139,202609011903674309,202609011903672005,85,3916,Bronze INV,br_ReAssessmentPhysicalHealth,TASK_COMPLETE,SUCCESS,INFO,246,246,0,,2026-09-01T19:04:17.664Z,2026-09-01T21:14:55.846Z,7838,2026-09-01T21:14:55.846Z,B28,West Plains,0e5f68b5-5669-4bb1-91ce-4b967b620e7d,SAMMS-WestPlainesV5
202609012114521140,202609011903674310,202609011903672005,85,3917,Bronze INV,br_ReAssessmentPhysicalHealth,TASK_COMPLETE,SUCCESS,INFO,461,461,0,,2026-09-01T19:04:17.664Z,2026-09-01T21:14:55.846Z,7838,2026-09-01T21:14:55.846Z,B29,Poplar Bluff,0e5f68b5-5669-4bb1-91ce-4b967b620e7d,SAMMS-PoplarBluffV5
202609012114521141,202609011903674311,202609011903672005,85,3918,Bronze INV,br_ReAssessmentPhysicalHealth,TASK_COMPLETE,SUCCESS,INFO,80,80,0,,2026-09-01T19:04:17.664Z,2026-09-01T21:14:55.846Z,7838,2026-09-01T21:14:55.846Z,B30,KC North,0e5f68b5-5669-4bb1-91ce-4b967b620e7d,SAMMS-KCNv5
202609012114521142,202609011903674312,202609011903672005,85,3919,Bronze INV,br_ReAssessmentPhysicalHealth,TASK_COMPLETE,SUCCESS,INFO,400,400,0,,2026-09-01T19:04:17.664Z,2026-09-01T21:14:55.846Z,7838,2026-09-01T21:14:55.846Z,B31,Dyersburg,0e5f68b5-5669-4bb1-91ce-4b967b620e7d,SAMMS-DyersburgV5
202609012114521144,202609011903674313,202609011903672005,85,3921,Bronze INV,br_ReAssessmentPhysicalHealth,TASK_COMPLETE,SUCCESS,INFO,488,488,0,,2026-09-01T19:04:17.664Z,2026-09-01T21:14:55.846Z,7838,2026-09-01T21:14:55.846Z,B33,Paducah,0e5f68b5-5669-4bb1-91ce-4b967b620e7d,SAMMS-Paducah
202609012114521145,202609011903674314,202609011903672005,85,3922,Bronze INV,br_ReAssessmentPhysicalHealth,TASK_COMPLETE,SUCCESS,INFO,386,386,0,,2026-09-01T19:04:17.664Z,2026-09-01T21:14:55.846Z,7838,2026-09-01T21:14:55.846Z,B34,Corbin,0e5f68b5-5669-4bb1-91ce-4b967b620e7d,SAMMS-CorbinV5
202609012114521146,202609011903674315,202609011903672005,85,3923,Bronze INV,br_ReAssessmentPhysicalHealth,TASK_COMPLETE,SUCCESS,INFO,243,243,0,,2026-09-01T19:04:17.664Z,2026-09-01T21:14:55.846Z,7838,2026-09-01T21:14:55.846Z,B35,Lexington,0e5f68b5-5669-4bb1-91ce-4b967b620e7d,SAMMS-LexingtonV5
202609012114521147,202609011903674316,202609011903672005,85,3924,Bronze INV,br_ReAssessmentPhysicalHealth,TASK_COMPLETE,SUCCESS,INFO,77,77,0,,2026-09-01T19:04:17.664Z,2026-09-01T21:14:55.846Z,7838,2026-09-01T21:14:55.846Z,B35A,Berea,0e5f68b5-5669-4bb1-91ce-4b967b620e7d,SAMMS-BereaV5
202609012114521148,202609011903674317,202609011903672005,85,3925,Bronze INV,br_ReAssessmentPhysicalHealth,TASK_COMPLETE,SUCCESS,INFO,22,22,0,,2026-09-01T19:04:17.664Z,2026-09-01T21:14:55.846Z,7838,2026-09-01T21:14:55.846Z,B36,Asheville,0e5f68b5-5669-4bb1-91ce-4b967b620e7d,SAMMS-AshevilleV5
202609012114521149,202609011903674318,202609011903672005,85,3926,Bronze INV,br_ReAssessmentPhysicalHealth,TASK_COMPLETE,SUCCESS,INFO,1,1,0,,2026-09-01T19:04:17.664Z,2026-09-01T21:14:55.846Z,7838,2026-09-01T21:14:55.846Z,B37,Clyde,0e5f68b5-5669-4bb1-91ce-4b967b620e7d,SAMMS-ClydeV5
202609012114521150,202609011903674319,202609011903672005,85,3927,Bronze INV,br_ReAssessmentPhysicalHealth,TASK_COMPLETE,SUCCESS,INFO,1189,1189,0,,2026-09-01T19:04:17.664Z,2026-09-01T21:14:55.846Z,7838,2026-09-01T21:14:55.846Z,B38,Spartanburg,0e5f68b5-5669-4bb1-91ce-4b967b620e7d,SAMMS-SpartanburgV5
202609012114521152,202609011903674320,202609011903672005,85,3928,Bronze INV,br_ReAssessmentPhysicalHealth,TASK_COMPLETE,SUCCESS,INFO,362,362,0,,2026-09-01T19:04:17.664Z,2026-09-01T21:14:55.846Z,7838,2026-09-01T21:14:55.846Z,B39,Aiken,0e5f68b5-5669-4bb1-91ce-4b967b620e7d,SAMMS-AikenV5
202609012114521153,202609011903674321,202609011903672005,85,3929,Bronze INV,br_ReAssessmentPhysicalHealth,TASK_COMPLETE,SUCCESS,INFO,1894,1894,0,,2026-09-01T19:04:17.664Z,2026-09-01T21:14:55.846Z,7838,2026-09-01T21:14:55.846Z,B41,Chesapeake,0e5f68b5-5669-4bb1-91ce-4b967b620e7d,SAMMS-ChesapeakeV5
202609012114521154,202609011903674322,202609011903672005,85,3930,Bronze INV,br_ReAssessmentPhysicalHealth,TASK_COMPLETE,SUCCESS,INFO,1922,1922,0,,2026-09-01T19:04:17.664Z,2026-09-01T21:14:55.846Z,7838,2026-09-01T21:14:55.846Z,B42,Virginia Beach,0e5f68b5-5669-4bb1-91ce-4b967b620e7d,SAMMS-VirginiaBeachV5
202609012114521155,202609011903674323,202609011903672005,85,3931,Bronze INV,br_ReAssessmentPhysicalHealth,TASK_COMPLETE,SUCCESS,INFO,936,936,0,,2026-09-01T19:04:17.664Z,2026-09-01T21:14:55.846Z,7838,2026-09-01T21:14:55.846Z,B42A,Newport News,0e5f68b5-5669-4bb1-91ce-4b967b620e7d,SAMMS-NewportNewsV5
202609012114521156,202609011903674324,202609011903672005,85,3932,Bronze INV,br_ReAssessmentPhysicalHealth,TASK_COMPLETE,SUCCESS,INFO,508,508,0,,2026-09-01T19:04:17.664Z,2026-09-01T21:14:55.846Z,7838,2026-09-01T21:14:55.846Z,B42B,Franklin,0e5f68b5-5669-4bb1-91ce-4b967b620e7d,SAMMS-FranklinV5
202609012114521157,202609011903674325,202609011903672005,85,3933,Bronze INV,br_ReAssessmentPhysicalHealth,TASK_COMPLETE,SUCCESS,INFO,346,346,0,,2026-09-01T19:04:17.664Z,2026-09-01T21:14:55.846Z,7838,2026-09-01T21:14:55.846Z,B42C,Glen Allen,0e5f68b5-5669-4bb1-91ce-4b967b620e7d,SAMMS-GlenAllenV5
202609012114521158,202609011903674326,202609011903672005,85,3934,Bronze INV,br_ReAssessmentPhysicalHealth,TASK_COMPLETE,SUCCESS,INFO,1487,1487,0,,2026-09-01T19:04:17.664Z,2026-09-01T21:14:55.846Z,7838,2026-09-01T21:14:55.846Z,B42D,Chesapeake South,0e5f68b5-5669-4bb1-91ce-4b967b620e7d,SAMMS-ChesapeakeSouthV5
202609012114521160,202609011903674327,202609011903672005,85,3935,Bronze INV,br_ReAssessmentPhysicalHealth,TASK_COMPLETE,SUCCESS,INFO,632,632,0,,2026-09-01T19:04:17.664Z,2026-09-01T21:14:55.846Z,7838,2026-09-01T21:14:55.846Z,B44,Albany,0e5f68b5-5669-4bb1-91ce-4b967b620e7d,SAMMS-AlbanyV5
202609022122572882,202609021903208312,202609021903206075,85,3636,Bronze INV,br_ReAssessmentMentalHealth,TASK_COMPLETE,SUCCESS,INFO,347,347,0,,2026-09-02T19:03:39.838Z,2026-09-02T21:23:00.812Z,8361,2026-09-02T21:23:00.812Z,DRD-KC,KC,c49685cc-3281-44bc-a1c2-3be5b1110999,SAMMS-KCv5
202609022122572883,202609021903208313,202609021903206075,85,3637,Bronze INV,br_ReAssessmentMentalHealth,TASK_COMPLETE,SUCCESS,INFO,1555,1555,0,,2026-09-02T19:03:39.838Z,2026-09-02T21:23:00.812Z,8361,2026-09-02T21:23:00.812Z,DRD-KVB,KVB,c49685cc-3281-44bc-a1c2-3be5b1110999,SAMMS-KVBv5
202609022122572884,202609021903208314,202609021903206075,85,3638,Bronze INV,br_ReAssessmentMentalHealth,TASK_COMPLETE,SUCCESS,INFO,1674,1674,0,,2026-09-02T19:03:39.838Z,2026-09-02T21:23:00.812Z,8361,2026-09-02T21:23:00.812Z,DRD-KVC,KVC,c49685cc-3281-44bc-a1c2-3be5b1110999,SAMMS-KVCv5
202609022122572886,202609021903208315,202609021903206075,85,3639,Bronze INV,br_ReAssessmentMentalHealth,TASK_COMPLETE,SUCCESS,INFO,3203,3203,0,,2026-09-02T19:03:39.838Z,2026-09-02T21:23:00.812Z,8361,2026-09-02T21:23:00.812Z,DRD-NOLA,NOLA,c49685cc-3281-44bc-a1c2-3be5b1110999,SAMMS-NOLAv5
202609022122572887,202609021903208316,202609021903206075,85,3640,Bronze INV,br_ReAssessmentMentalHealth,TASK_COMPLETE,SUCCESS,INFO,800,800,0,,2026-09-02T19:03:39.838Z,2026-09-02T21:23:00.812Z,8361,2026-09-02T21:23:00.812Z,DRD-SF,Springfield,c49685cc-3281-44bc-a1c2-3be5b1110999,SAMMS-SFv5
202609022122572888,202609021903208317,202609021903206075,85,3642,Bronze INV,br_ReAssessmentMentalHealth,TASK_COMPLETE,SUCCESS,INFO,260,260,0,,2026-09-02T19:03:39.838Z,2026-09-02T21:23:00.812Z,8361,2026-09-02T21:23:00.812Z,ELC,Elizabeth City,c49685cc-3281-44bc-a1c2-3be5b1110999,SAMMS-ElizabethCity
202609022122572889,202609021903208318,202609021903206075,85,3643,Bronze INV,br_ReAssessmentMentalHealth,TASK_COMPLETE,SUCCESS,INFO,128,128,0,,2026-09-02T19:03:39.838Z,2026-09-02T21:23:00.812Z,8361,2026-09-02T21:23:00.812Z,ET,Elizabethtown,c49685cc-3281-44bc-a1c2-3be5b1110999,SAMMS-Elizabethtown
202609022122572890,202609021903208319,202609021903206075,85,3644,Bronze INV,br_ReAssessmentMentalHealth,TASK_COMPLETE,SUCCESS,INFO,0,0,0,,2026-09-02T19:03:39.838Z,2026-09-02T21:23:00.812Z,8361,2026-09-02T21:23:00.812Z,FAY,Fayetteville,c49685cc-3281-44bc-a1c2-3be5b1110999,SAMMS-Fayetteville
202609022122572891,202609021903208320,202609021903206075,85,3645,Bronze INV,br_ReAssessmentMentalHealth,TASK_COMPLETE,SUCCESS,INFO,156,156,0,,2026-09-02T19:03:39.838Z,2026-09-02T21:23:00.812Z,8361,2026-09-02T21:23:00.812Z,FR,Frankfort,c49685cc-3281-44bc-a1c2-3be5b1110999,SAMMS-Frankfort
202609022122572892,202609021903208321,202609021903206075,85,3646,Bronze INV,br_ReAssessmentMentalHealth,TASK_COMPLETE,SUCCESS,INFO,0,0,0,,2026-09-02T19:03:39.838Z,2026-09-02T21:23:00.812Z,8361,2026-09-02T21:23:00.812Z,FS,Fort Smith,c49685cc-3281-44bc-a1c2-3be5b1110999,SAMMS-FortSmith
202609022122572893,202609021903208322,202609021903206075,85,3647,Bronze INV,br_ReAssessmentMentalHealth,TASK_COMPLETE,SUCCESS,INFO,469,469,0,,2026-09-02T19:03:39.838Z,2026-09-02T21:23:00.812Z,8361,2026-09-02T21:23:00.812Z,FW,Fort Wayne,c49685cc-3281-44bc-a1c2-3be5b1110999,SAMMS-FortWayne
202609022122572894,202609021903208323,202609021903206075,85,3648,Bronze INV,br_ReAssessmentMentalHealth,TASK_COMPLETE,SUCCESS,INFO,276,276,0,,2026-09-02T19:03:39.838Z,2026-09-02T21:23:00.812Z,8361,2026-09-02T21:23:00.812Z,GAL,Gaylord,c49685cc-3281-44bc-a1c2-3be5b1110999,SAMMS-Gaylord
202609022122572895,202609021903208324,202609021903206075,85,3652,Bronze INV,br_ReAssessmentMentalHealth,TASK_COMPLETE,SUCCESS,INFO,100,100,0,,2026-09-02T19:03:39.838Z,2026-09-02T21:23:00.812Z,8361,2026-09-02T21:23:00.812Z,HGT,Hagerstown,c49685cc-3281-44bc-a1c2-3be5b1110999,SAMMS-Hagerstown
202609022122572897,202609021903208325,202609021903206075,85,3653,Bronze INV,br_ReAssessmentMentalHealth,TASK_COMPLETE,SUCCESS,INFO,1724,1724,0,,2026-09-02T19:03:39.838Z,2026-09-02T21:23:00.812Z,8361,2026-09-02T21:23:00.812Z,HNT,Huntsville,c49685cc-3281-44bc-a1c2-3be5b1110999,SAMMS-Huntsville
202609022122572898,202609021903208326,202609021903206075,85,3654,Bronze INV,br_ReAssessmentMentalHealth,TASK_COMPLETE,SUCCESS,INFO,0,0,0,,2026-09-02T19:03:39.838Z,2026-09-02T21:23:00.812Z,8361,2026-09-02T21:23:00.812Z,HS,Hot Springs,c49685cc-3281-44bc-a1c2-3be5b1110999,SAMMS-HotSprings
202609022122572899,202609021903208327,202609021903206075,85,3655,Bronze INV,br_ReAssessmentMentalHealth,TASK_COMPLETE,SUCCESS,INFO,0,0,0,,2026-09-02T19:03:39.838Z,2026-09-02T21:23:00.812Z,8361,2026-09-02T21:23:00.812Z,JON,Jonesboro,c49685cc-3281-44bc-a1c2-3be5b1110999,SAMMS-Jonesboro
202609022122572900,202609021903208328,202609021903206075,85,3657,Bronze INV,br_ReAssessmentMentalHealth,TASK_COMPLETE,SUCCESS,INFO,448,448,0,,2026-09-02T19:03:39.838Z,2026-09-02T21:23:00.812Z,8361,2026-09-02T21:23:00.812Z,LAN,Lansing,c49685cc-3281-44bc-a1c2-3be5b1110999,SAMMS-Lansing
202609022122572901,202609021903208329,202609021903206075,85,3658,Bronze INV,br_ReAssessmentMentalHealth,TASK_COMPLETE,SUCCESS,INFO,1289,1289,0,,2026-09-02T19:03:39.838Z,2026-09-02T21:23:00.812Z,8361,2026-09-02T21:23:00.812Z,LO,Louisville,c49685cc-3281-44bc-a1c2-3be5b1110999,SAMMS-Louisville
202609022122572902,202609021903208330,202609021903206075,85,3659,Bronze INV,br_ReAssessmentMentalHealth,TASK_COMPLETE,SUCCESS,INFO,291,291,0,,2026-09-02T19:03:39.838Z,2026-09-02T21:23:00.812Z,8361,2026-09-02T21:23:00.812Z,LV1,Cheyenne,c49685cc-3281-44bc-a1c2-3be5b1110999,SAMMS-Cheyenne
202609022122572903,202609021903208331,202609021903206075,85,3660,Bronze INV,br_ReAssessmentMentalHealth,TASK_COMPLETE,SUCCESS,INFO,205,205,0,,2026-09-02T19:03:39.838Z,2026-09-02T21:23:00.812Z,8361,2026-09-02T21:23:00.812Z,LV2,Desert Inn,c49685cc-3281-44bc-a1c2-3be5b1110999,SAMMS-DesertInn
202609022122572904,202609021903208332,202609021903206075,85,3661,Bronze INV,br_ReAssessmentMentalHealth,TASK_COMPLETE,SUCCESS,INFO,110,110,0,,2026-09-02T19:03:39.838Z,2026-09-02T21:23:00.812Z,8361,2026-09-02T21:23:00.812Z,LV3,McDaniel,c49685cc-3281-44bc-a1c2-3be5b1110999,SAMMS-McDaniel
202609022122572905,202609021903208333,202609021903206075,85,3664,Bronze INV,br_ReAssessmentMentalHealth,TASK_COMPLETE,SUCCESS,INFO,357,357,0,,2026-09-02T19:03:39.838Z,2026-09-02T21:23:00.812Z,8361,2026-09-02T21:23:00.812Z,MNRE,Monroe,c49685cc-3281-44bc-a1c2-3be5b1110999,SAMMS-Monroe
202609022122572906,202609021903208334,202609021903206075,85,3665,Bronze INV,br_ReAssessmentMentalHealth,TASK_COMPLETE,SUCCESS,INFO,1425,1425,0,,2026-09-02T19:03:39.838Z,2026-09-02T21:23:00.812Z,8361,2026-09-02T21:23:00.812Z,MP,Mt. Pleasant,c49685cc-3281-44bc-a1c2-3be5b1110999,SAMMS-MtPleasant
202609022122572907,202609021903208335,202609021903206075,85,3666,Bronze INV,br_ReAssessmentMentalHealth,TASK_COMPLETE,SUCCESS,INFO,153,153,0,,2026-09-02T19:03:39.838Z,2026-09-02T21:23:00.812Z,8361,2026-09-02T21:23:00.812Z,MRD,Meridian,c49685cc-3281-44bc-a1c2-3be5b1110999,SAMMS-Meridian
202609022122572909,202609021903208336,202609021903206075,85,3671,Bronze INV,br_ReAssessmentMentalHealth,TASK_COMPLETE,SUCCESS,INFO,694,694,0,,2026-09-02T19:03:39.838Z,2026-09-02T21:23:00.812Z,8361,2026-09-02T21:23:00.812Z,NC,North Charleston,c49685cc-3281-44bc-a1c2-3be5b1110999,SAMMS-NorthCharleston
202609022122572910,202609021903208337,202609021903206075,85,3672,Bronze INV,br_ReAssessmentMentalHealth,TASK_COMPLETE,SUCCESS,INFO,0,0,0,,2026-09-02T19:03:39.838Z,2026-09-02T21:23:00.812Z,8361,2026-09-02T21:23:00.812Z,NLR,N. Little Rock,c49685cc-3281-44bc-a1c2-3be5b1110999,SAMMS-NLROBOT
202609022122572911,202609021903208338,202609021903206075,85,3673,Bronze INV,br_ReAssessmentMentalHealth,TASK_COMPLETE,SUCCESS,INFO,111,111,0,,2026-09-02T19:03:39.838Z,2026-09-02T21:23:00.812Z,8361,2026-09-02T21:23:00.812Z,PH,Phoenix,c49685cc-3281-44bc-a1c2-3be5b1110999,SAMMS-Phoenix
202609022122572912,202609021903208339,202609021903206075,85,3677,Bronze INV,br_ReAssessmentMentalHealth,TASK_COMPLETE,SUCCESS,INFO,214,214,0,,2026-09-02T19:03:39.838Z,2026-09-02T21:23:00.812Z,8361,2026-09-02T21:23:00.812Z,RE,Reno,c49685cc-3281-44bc-a1c2-3be5b1110999,SAMMS-Reno
202609022122572913,202609021903208340,202609021903206075,85,3678,Bronze INV,br_ReAssessmentMentalHealth,TASK_COMPLETE,SUCCESS,INFO,88,88,0,,2026-09-02T19:03:39.838Z,2026-09-02T21:23:00.812Z,8361,2026-09-02T21:23:00.812Z,RMD,Richmond,c49685cc-3281-44bc-a1c2-3be5b1110999,SAMMS-Richmond
202609022122572914,202609021903208341,202609021903206075,85,3679,Bronze INV,br_ReAssessmentMentalHealth,TASK_COMPLETE,SUCCESS,INFO,592,592,0,,2026-09-02T19:03:39.838Z,2026-09-02T21:23:00.812Z,8361,2026-09-02T21:23:00.812Z,SFN,Springfield North,c49685cc-3281-44bc-a1c2-3be5b1110999,SAMMS-SFNv5
202609022122572915,202609021903208342,202609021903206075,85,3680,Bronze INV,br_ReAssessmentMentalHealth,TASK_COMPLETE,SUCCESS,INFO,767,767,0,,2026-09-02T19:03:39.838Z,2026-09-02T21:23:00.812Z,8361,2026-09-02T21:23:00.812Z,SHP,Shreveport,c49685cc-3281-44bc-a1c2-3be5b1110999,SAMMS-Shreveport
202609022122572916,202609021903208343,202609021903206075,85,3682,Bronze INV,br_ReAssessmentMentalHealth,TASK_COMPLETE,SUCCESS,INFO,486,486,0,,2026-09-02T19:03:39.838Z,2026-09-02T21:23:00.812Z,8361,2026-09-02T21:23:00.812Z,STN,Staunton,c49685cc-3281-44bc-a1c2-3be5b1110999,SAMMS-Staunton
202609022122572917,202609021903208344,202609021903206075,85,3683,Bronze INV,br_ReAssessmentMentalHealth,TASK_COMPLETE,SUCCESS,INFO,225,225,0,,2026-09-02T19:03:39.838Z,2026-09-02T21:23:00.812Z,8361,2026-09-02T21:23:00.812Z,STVN,Stevenson,c49685cc-3281-44bc-a1c2-3be5b1110999,SAMMS-Stevenson
202609022122572918,202609021903208345,202609021903206075,85,3685,Bronze INV,br_ReAssessmentMentalHealth,TASK_COMPLETE,SUCCESS,INFO,174,174,0,,2026-09-02T19:03:39.838Z,2026-09-02T21:23:00.812Z,8361,2026-09-02T21:23:00.812Z,TE,Tempe,c49685cc-3281-44bc-a1c2-3be5b1110999,SAMMS-Tempe
202609022122572919,202609021903208346,202609021903206075,85,3686,Bronze INV,br_ReAssessmentMentalHealth,TASK_COMPLETE,SUCCESS,INFO,0,0,0,,2026-09-02T19:03:39.838Z,2026-09-02T21:23:00.812Z,8361,2026-09-02T21:23:00.812Z,TEX,Texarkana,c49685cc-3281-44bc-a1c2-3be5b1110999,SAMMS-Texarkana
202609022122572921,202609021903208347,202609021903206075,85,3687,Bronze INV,br_ReAssessmentMentalHealth,TASK_COMPLETE,SUCCESS,INFO,1077,1077,0,,2026-09-02T19:03:39.838Z,2026-09-02T21:23:00.812Z,8361,2026-09-02T21:23:00.812Z,TTCA,Bessemer,c49685cc-3281-44bc-a1c2-3be5b1110999,SAMMS-BessemerV5
202609022122572922,202609021903208348,202609021903206075,85,3688,Bronze INV,br_ReAssessmentMentalHealth,TASK_COMPLETE,SUCCESS,INFO,1316,1316,0,,2026-09-02T19:03:39.838Z,2026-09-02T21:23:00.812Z,8361,2026-09-02T21:23:00.812Z,TTCB,Cullman,c49685cc-3281-44bc-a1c2-3be5b1110999,SAMMS-CullmanV5
202609022122572923,202609021903208349,202609021903206075,85,3689,Bronze INV,br_ReAssessmentMentalHealth,TASK_COMPLETE,SUCCESS,INFO,945,945,0,,2026-09-02T19:03:39.838Z,2026-09-02T21:23:00.812Z,8361,2026-09-02T21:23:00.812Z,TTCC,Grand Bay,c49685cc-3281-44bc-a1c2-3be5b1110999,SAMMS-GrandBay
202609022122572924,202609021903208350,202609021903206075,85,3690,Bronze INV,br_ReAssessmentMentalHealth,TASK_COMPLETE,SUCCESS,INFO,15,15,0,,2026-09-02T19:03:39.838Z,2026-09-02T21:23:00.812Z,8361,2026-09-02T21:23:00.812Z,TU,Tucson,c49685cc-3281-44bc-a1c2-3be5b1110999,SAMMS-Tucson
202609022122572925,202609021903208351,202609021903206075,85,3692,Bronze INV,br_ReAssessmentMentalHealth,TASK_COMPLETE,SUCCESS,INFO,660,660,0,,2026-09-02T19:03:39.838Z,2026-09-02T21:23:00.812Z,8361,2026-09-02T21:23:00.812Z,V1,Memphis South,c49685cc-3281-44bc-a1c2-3be5b1110999,SAMMS-VCPHCS-I-MemphisV5
202609022122572926,202609021903208352,202609021903206075,85,3693,Bronze INV,br_ReAssessmentMentalHealth,TASK_COMPLETE,SUCCESS,INFO,1630,1630,0,,2026-09-02T19:03:39.838Z,2026-09-02T21:23:00.812Z,8361,2026-09-02T21:23:00.812Z,V10,Longmont,c49685cc-3281-44bc-a1c2-3be5b1110999,SAMMS-BoulderV5
202609022122572927,202609021903208353,202609021903206075,85,3694,Bronze INV,br_ReAssessmentMentalHealth,TASK_COMPLETE,SUCCESS,INFO,1516,1516,0,,2026-09-02T19:03:39.838Z,2026-09-02T21:23:00.812Z,8361,2026-09-02T21:23:00.812Z,V10A,Fort Collins,c49685cc-3281-44bc-a1c2-3be5b1110999,SAMMS-FortCollinsV5
202609022122572928,202609021903208354,202609021903206075,85,3695,Bronze INV,br_ReAssessmentMentalHealth,TASK_COMPLETE,SUCCESS,INFO,2871,2871,0,,2026-09-02T19:03:39.838Z,2026-09-02T21:23:00.812Z,8361,2026-09-02T21:23:00.812Z,V11,Westminster,c49685cc-3281-44bc-a1c2-3be5b1110999,SAMMS-VCPHCS-XI-NorthDenverV5
202609022122572929,202609021903208355,202609021903206075,85,3696,Bronze INV,br_ReAssessmentMentalHealth,TASK_COMPLETE,SUCCESS,INFO,3042,3042,0,,2026-09-02T19:03:39.838Z,2026-09-02T21:23:00.812Z,8361,2026-09-02T21:23:00.812Z,V12,Downtown Denver,c49685cc-3281-44bc-a1c2-3be5b1110999,SAMMS-VCPHCS-XII-DowntownDenverV5
202609022122572931,202609021903208356,202609021903206075,85,3697,Bronze INV,br_ReAssessmentMentalHealth,TASK_COMPLETE,SUCCESS,INFO,1143,1143,0,,2026-09-02T19:03:39.838Z,2026-09-02T21:23:00.812Z,8361,2026-09-02T21:23:00.812Z,V12A,Centennial,c49685cc-3281-44bc-a1c2-3be5b1110999,SAMMS-CentennialV5
202609022122572932,202609021903208357,202609021903206075,85,3698,Bronze INV,br_ReAssessmentMentalHealth,TASK_COMPLETE,SUCCESS,INFO,295,295,0,,2026-09-02T19:03:39.838Z,2026-09-02T21:23:00.812Z,8361,2026-09-02T21:23:00.812Z,V14,Overland Park,c49685cc-3281-44bc-a1c2-3be5b1110999,SAMMS-VCPHCS-XIV-BridgewayV5
202609022122572933,202609021903208358,202609021903206075,85,3699,Bronze INV,br_ReAssessmentMentalHealth,TASK_COMPLETE,SUCCESS,INFO,609,609,0,,2026-09-02T19:03:39.838Z,2026-09-02T21:23:00.812Z,8361,2026-09-02T21:23:00.812Z,V15,Joplin,c49685cc-3281-44bc-a1c2-3be5b1110999,SAMMS-JoplinV5
202609022122572934,202609021903208359,202609021903206075,85,3701,Bronze INV,br_ReAssessmentMentalHealth,TASK_COMPLETE,SUCCESS,INFO,906,906,0,,2026-09-02T19:03:39.838Z,2026-09-02T21:23:00.812Z,8361,2026-09-02T21:23:00.812Z,V17,Columbia TN,c49685cc-3281-44bc-a1c2-3be5b1110999,SAMMS-ColumbiaTNv5
202609022122572935,202609021903208360,202609021903206075,85,3703,Bronze INV,br_ReAssessmentMentalHealth,TASK_COMPLETE,SUCCESS,INFO,533,533,0,,2026-09-02T19:03:39.838Z,2026-09-02T21:23:00.812Z,8361,2026-09-02T21:23:00.812Z,V19,Jackson,c49685cc-3281-44bc-a1c2-3be5b1110999,SAMMS-JacksonV5
202609022122572936,202609021903208361,202609021903206075,85,3705,Bronze INV,br_ReAssessmentMentalHealth,TASK_COMPLETE,SUCCESS,INFO,1771,1771,0,,2026-09-02T19:03:39.838Z,2026-09-02T21:23:00.812Z,8361,2026-09-02T21:23:00.812Z,V20,Paris,c49685cc-3281-44bc-a1c2-3be5b1110999,SAMMS-ParisV5
202609022122572937,202609021903208362,202609021903206075,85,3706,Bronze INV,br_ReAssessmentMentalHealth,TASK_COMPLETE,SUCCESS,INFO,726,726,0,,2026-09-02T19:03:39.838Z,2026-09-02T21:23:00.812Z,8361,2026-09-02T21:23:00.812Z,V21,Memphis North,c49685cc-3281-44bc-a1c2-3be5b1110999,SAMMS-RaleighV5
202609022122572938,202609021903208363,202609021903206075,85,3709,Bronze INV,br_ReAssessmentMentalHealth,TASK_COMPLETE,SUCCESS,INFO,1780,1780,0,,2026-09-02T19:03:39.838Z,2026-09-02T21:23:00.812Z,8361,2026-09-02T21:23:00.812Z,V5,West Bank,c49685cc-3281-44bc-a1c2-3be5b1110999,SAMMS-NONTCv5
202609022122572939,202609021903208364,202609021903206075,85,3711,Bronze INV,br_ReAssessmentMentalHealth,TASK_COMPLETE,SUCCESS,INFO,145,145,0,,2026-09-02T19:03:39.838Z,2026-09-02T21:23:00.812Z,8361,2026-09-02T21:23:00.812Z,V5B,Houma,c49685cc-3281-44bc-a1c2-3be5b1110999,SAMMS-HoumaV6
202609022122572940,202609021903208365,202609021903206075,85,3712,Bronze INV,br_ReAssessmentMentalHealth,TASK_COMPLETE,SUCCESS,INFO,1913,1913,0,,2026-09-02T19:03:39.838Z,2026-09-02T21:23:00.812Z,8361,2026-09-02T21:23:00.812Z,V6,Lake Charles,c49685cc-3281-44bc-a1c2-3be5b1110999,SAMMS-LCv5
202609022122572941,202609021903208366,202609021903206075,85,3714,Bronze INV,br_ReAssessmentMentalHealth,TASK_COMPLETE,SUCCESS,INFO,742,742,0,,2026-09-02T19:03:39.838Z,2026-09-02T21:23:00.812Z,8361,2026-09-02T21:23:00.812Z,V8,Memphis Midtown,c49685cc-3281-44bc-a1c2-3be5b1110999,SAMMS-VCPHCS-VIII-MemphisV5
202609022122572943,202609021903208367,202609021903206075,85,3715,Bronze INV,br_ReAssessmentMentalHealth,TASK_COMPLETE,SUCCESS,INFO,1765,1765,0,,2026-09-02T19:03:39.838Z,2026-09-02T21:23:00.812Z,8361,2026-09-02T21:23:00.812Z,V9,Nashville,c49685cc-3281-44bc-a1c2-3be5b1110999,SAMMS-NashvilleV5
202609022122572944,202609021903208368,202609021903206075,85,3716,Bronze INV,br_ReAssessmentMentalHealth,TASK_COMPLETE,SUCCESS,INFO,839,839,0,,2026-09-02T19:03:39.838Z,2026-09-02T21:23:00.812Z,8361,2026-09-02T21:23:00.812Z,VBRA,Brainerd,c49685cc-3281-44bc-a1c2-3be5b1110999,SAMMS-BrainerdV6
202609022122572945,202609021903208369,202609021903206075,85,3717,Bronze INV,br_ReAssessmentMentalHealth,TASK_COMPLETE,SUCCESS,INFO,1961,1961,0,,2026-09-02T19:03:39.838Z,2026-09-02T21:23:00.812Z,8361,2026-09-02T21:23:00.812Z,VBRP,Brooklyn Park,c49685cc-3281-44bc-a1c2-3be5b1110999,SAMMS-BrooklynParkV6
202609022122572946,202609021903208370,202609021903206075,85,3719,Bronze INV,br_ReAssessmentMentalHealth,TASK_COMPLETE,SUCCESS,INFO,747,747,0,,2026-09-02T19:03:39.838Z,2026-09-02T21:23:00.812Z,8361,2026-09-02T21:23:00.812Z,VMIN,Minneapolis,c49685cc-3281-44bc-a1c2-3be5b1110999,SAMMS-MinneapolisV6
202609022122572947,202609021903208371,202609021903206075,85,3720,Bronze INV,br_ReAssessmentMentalHealth,TASK_COMPLETE,SUCCESS,INFO,885,885,0,,2026-09-02T19:03:39.838Z,2026-09-02T21:23:00.812Z,8361,2026-09-02T21:23:00.812Z,VWBY,Woodbury,c49685cc-3281-44bc-a1c2-3be5b1110999,SAMMS-WoodburyV6
202609022122572948,202609021903208372,202609021903206075,85,3722,Bronze INV,br_ReAssessmentMentalHealth,TASK_COMPLETE,SUCCESS,INFO,161,161,0,,2026-09-02T19:03:39.838Z,2026-09-02T21:23:00.812Z,8361,2026-09-02T21:23:00.812Z,WIL,Wilson,c49685cc-3281-44bc-a1c2-3be5b1110999,SAMMS-Wilson
202609022122572949,202609021903208373,202609021903206075,85,3910,Bronze INV,br_ReAssessmentPhysicalHealth,TASK_COMPLETE,SUCCESS,INFO,35,35,0,,2026-09-02T19:03:39.838Z,2026-09-02T21:23:00.812Z,8361,2026-09-02T21:23:00.812Z,AHK,Ahoskie,c49685cc-3281-44bc-a1c2-3be5b1110999,SAMMS-Ahoskie
202609022122572950,202609021903208374,202609021903206075,85,3911,Bronze INV,br_ReAssessmentPhysicalHealth,TASK_COMPLETE,SUCCESS,INFO,662,662,0,,2026-09-02T19:03:39.838Z,2026-09-02T21:23:00.812Z,8361,2026-09-02T21:23:00.812Z,B12B,Colorado Springs,c49685cc-3281-44bc-a1c2-3be5b1110999,SAMMS-ColoradoSpringsV5
202609022122572952,202609021903208375,202609021903206075,85,3912,Bronze INV,br_ReAssessmentPhysicalHealth,TASK_COMPLETE,SUCCESS,INFO,835,835,0,,2026-09-02T19:03:39.838Z,2026-09-02T21:23:00.812Z,8361,2026-09-02T21:23:00.812Z,B24,Paintsville,c49685cc-3281-44bc-a1c2-3be5b1110999,SAMMS-PaintsvilleV5
202609022122572953,202609021903208376,202609021903206075,85,3913,Bronze INV,br_ReAssessmentPhysicalHealth,TASK_COMPLETE,SUCCESS,INFO,646,646,0,,2026-09-02T19:03:39.838Z,2026-09-02T21:23:00.812Z,8361,2026-09-02T21:23:00.812Z,B25,Pikeville,c49685cc-3281-44bc-a1c2-3be5b1110999,SAMMS-PikevilleV5
202609022122572954,202609021903208377,202609021903206075,85,3914,Bronze INV,br_ReAssessmentPhysicalHealth,TASK_COMPLETE,SUCCESS,INFO,970,970,0,,2026-09-02T19:03:39.838Z,2026-09-02T21:23:00.812Z,8361,2026-09-02T21:23:00.812Z,B26,Hazard,c49685cc-3281-44bc-a1c2-3be5b1110999,SAMMS-HazardV5
202609022122572955,202609021903208378,202609021903206075,85,3915,Bronze INV,br_ReAssessmentPhysicalHealth,TASK_COMPLETE,SUCCESS,INFO,532,532,0,,2026-09-02T19:03:39.838Z,2026-09-02T21:23:00.812Z,8361,2026-09-02T21:23:00.812Z,B27,Savannah,c49685cc-3281-44bc-a1c2-3be5b1110999,SAMMS-SavannahV6
202609022122572956,202609021903208379,202609021903206075,85,3916,Bronze INV,br_ReAssessmentPhysicalHealth,TASK_COMPLETE,SUCCESS,INFO,246,246,0,,2026-09-02T19:03:39.838Z,2026-09-02T21:23:00.812Z,8361,2026-09-02T21:23:00.812Z,B28,West Plains,c49685cc-3281-44bc-a1c2-3be5b1110999,SAMMS-WestPlainesV5
202609022122572957,202609021903208380,202609021903206075,85,3917,Bronze INV,br_ReAssessmentPhysicalHealth,TASK_COMPLETE,SUCCESS,INFO,461,461,0,,2026-09-02T19:03:39.838Z,2026-09-02T21:23:00.812Z,8361,2026-09-02T21:23:00.812Z,B29,Poplar Bluff,c49685cc-3281-44bc-a1c2-3be5b1110999,SAMMS-PoplarBluffV5
202609022122572958,202609021903208381,202609021903206075,85,3918,Bronze INV,br_ReAssessmentPhysicalHealth,TASK_COMPLETE,SUCCESS,INFO,80,80,0,,2026-09-02T19:03:39.838Z,2026-09-02T21:23:00.812Z,8361,2026-09-02T21:23:00.812Z,B30,KC North,c49685cc-3281-44bc-a1c2-3be5b1110999,SAMMS-KCNv5
202609022122572959,202609021903208382,202609021903206075,85,3919,Bronze INV,br_ReAssessmentPhysicalHealth,TASK_COMPLETE,SUCCESS,INFO,400,400,0,,2026-09-02T19:03:39.838Z,2026-09-02T21:23:00.812Z,8361,2026-09-02T21:23:00.812Z,B31,Dyersburg,c49685cc-3281-44bc-a1c2-3be5b1110999,SAMMS-DyersburgV5
202609022122572960,202609021903208383,202609021903206075,85,3921,Bronze INV,br_ReAssessmentPhysicalHealth,TASK_COMPLETE,SUCCESS,INFO,488,488,0,,2026-09-02T19:03:39.838Z,2026-09-02T21:23:00.812Z,8361,2026-09-02T21:23:00.812Z,B33,Paducah,c49685cc-3281-44bc-a1c2-3be5b1110999,SAMMS-Paducah
202609022122572961,202609021903208384,202609021903206075,85,3922,Bronze INV,br_ReAssessmentPhysicalHealth,TASK_COMPLETE,SUCCESS,INFO,386,386,0,,2026-09-02T19:03:39.838Z,2026-09-02T21:23:00.812Z,8361,2026-09-02T21:23:00.812Z,B34,Corbin,c49685cc-3281-44bc-a1c2-3be5b1110999,SAMMS-CorbinV5
202609022122572963,202609021903208385,202609021903206075,85,3923,Bronze INV,br_ReAssessmentPhysicalHealth,TASK_COMPLETE,SUCCESS,INFO,243,243,0,,2026-09-02T19:03:39.838Z,2026-09-02T21:23:00.812Z,8361,2026-09-02T21:23:00.812Z,B35,Lexington,c49685cc-3281-44bc-a1c2-3be5b1110999,SAMMS-LexingtonV5
202609022122572964,202609021903208386,202609021903206075,85,3924,Bronze INV,br_ReAssessmentPhysicalHealth,TASK_COMPLETE,SUCCESS,INFO,77,77,0,,2026-09-02T19:03:39.838Z,2026-09-02T21:23:00.812Z,8361,2026-09-02T21:23:00.812Z,B35A,Berea,c49685cc-3281-44bc-a1c2-3be5b1110999,SAMMS-BereaV5
202609022122572965,202609021903208387,202609021903206075,85,3925,Bronze INV,br_ReAssessmentPhysicalHealth,TASK_COMPLETE,SUCCESS,INFO,22,22,0,,2026-09-02T19:03:39.838Z,2026-09-02T21:23:00.812Z,8361,2026-09-02T21:23:00.812Z,B36,Asheville,c49685cc-3281-44bc-a1c2-3be5b1110999,SAMMS-AshevilleV5
202609022122572966,202609021903208388,202609021903206075,85,3926,Bronze INV,br_ReAssessmentPhysicalHealth,TASK_COMPLETE,SUCCESS,INFO,1,1,0,,2026-09-02T19:03:39.838Z,2026-09-02T21:23:00.812Z,8361,2026-09-02T21:23:00.812Z,B37,Clyde,c49685cc-3281-44bc-a1c2-3be5b1110999,SAMMS-ClydeV5
202609022122572967,202609021903208389,202609021903206075,85,3927,Bronze INV,br_ReAssessmentPhysicalHealth,TASK_COMPLETE,SUCCESS,INFO,1189,1189,0,,2026-09-02T19:03:39.838Z,2026-09-02T21:23:00.812Z,8361,2026-09-02T21:23:00.812Z,B38,Spartanburg,c49685cc-3281-44bc-a1c2-3be5b1110999,SAMMS-SpartanburgV5
202609022122572968,202609021903208390,202609021903206075,85,3928,Bronze INV,br_ReAssessmentPhysicalHealth,TASK_COMPLETE,SUCCESS,INFO,362,362,0,,2026-09-02T19:03:39.838Z,2026-09-02T21:23:00.812Z,8361,2026-09-02T21:23:00.812Z,B39,Aiken,c49685cc-3281-44bc-a1c2-3be5b1110999,SAMMS-AikenV5
202609022122572969,202609021903208391,202609021903206075,85,3929,Bronze INV,br_ReAssessmentPhysicalHealth,TASK_COMPLETE,SUCCESS,INFO,1894,1894,0,,2026-09-02T19:03:39.838Z,2026-09-02T21:23:00.812Z,8361,2026-09-02T21:23:00.812Z,B41,Chesapeake,c49685cc-3281-44bc-a1c2-3be5b1110999,SAMMS-ChesapeakeV5
202609022122572970,202609021903208392,202609021903206075,85,3930,Bronze INV,br_ReAssessmentPhysicalHealth,TASK_COMPLETE,SUCCESS,INFO,1922,1922,0,,2026-09-02T19:03:39.838Z,2026-09-02T21:23:00.812Z,8361,2026-09-02T21:23:00.812Z,B42,Virginia Beach,c49685cc-3281-44bc-a1c2-3be5b1110999,SAMMS-VirginiaBeachV5
202609022122572971,202609021903208393,202609021903206075,85,3931,Bronze INV,br_ReAssessmentPhysicalHealth,TASK_COMPLETE,SUCCESS,INFO,936,936,0,,2026-09-02T19:03:39.838Z,2026-09-02T21:23:00.812Z,8361,2026-09-02T21:23:00.812Z,B42A,Newport News,c49685cc-3281-44bc-a1c2-3be5b1110999,SAMMS-NewportNewsV5
202609022122572973,202609021903208394,202609021903206075,85,3932,Bronze INV,br_ReAssessmentPhysicalHealth,TASK_COMPLETE,SUCCESS,INFO,508,508,0,,2026-09-02T19:03:39.838Z,2026-09-02T21:23:00.812Z,8361,2026-09-02T21:23:00.812Z,B42B,Franklin,c49685cc-3281-44bc-a1c2-3be5b1110999,SAMMS-FranklinV5
202609022122572974,202609021903208395,202609021903206075,85,3933,Bronze INV,br_ReAssessmentPhysicalHealth,TASK_COMPLETE,SUCCESS,INFO,346,346,0,,2026-09-02T19:03:39.838Z,2026-09-02T21:23:00.812Z,8361,2026-09-02T21:23:00.812Z,B42C,Glen Allen,c49685cc-3281-44bc-a1c2-3be5b1110999,SAMMS-GlenAllenV5
202609022122572975,202609021903208396,202609021903206075,85,3934,Bronze INV,br_ReAssessmentPhysicalHealth,TASK_COMPLETE,SUCCESS,INFO,1487,1487,0,,2026-09-02T19:03:39.838Z,2026-09-02T21:23:00.812Z,8361,2026-09-02T21:23:00.812Z,B42D,Chesapeake South,c49685cc-3281-44bc-a1c2-3be5b1110999,SAMMS-ChesapeakeSouthV5
202609022122572976,202609021903208397,202609021903206075,85,3935,Bronze INV,br_ReAssessmentPhysicalHealth,TASK_COMPLETE,SUCCESS,INFO,632,632,0,,2026-09-02T19:03:39.838Z,2026-09-02T21:23:00.812Z,8361,2026-09-02T21:23:00.812Z,B44,Albany,c49685cc-3281-44bc-a1c2-3be5b1110999,SAMMS-AlbanyV5
202609012114519284,202609011903672694,202609011903672005,85,1702,Bronze INV,br_Appointments,TASK_COMPLETE,SUCCESS,INFO,7624,7624,0,,2026-09-01T19:04:17.664Z,2026-09-01T21:14:55.846Z,7838,2026-09-01T21:14:55.846Z,AHK,Ahoskie,0e5f68b5-5669-4bb1-91ce-4b967b620e7d,SAMMS-Ahoskie
202609012114519285,202609011903672695,202609011903672005,85,1703,Bronze INV,br_Appointments,TASK_COMPLETE,SUCCESS,INFO,15029,15029,0,,2026-09-01T19:04:17.664Z,2026-09-01T21:14:55.846Z,7838,2026-09-01T21:14:55.846Z,B12B,Colorado Springs,0e5f68b5-5669-4bb1-91ce-4b967b620e7d,SAMMS-ColoradoSpringsV5
202609012114519286,202609011903672696,202609011903672005,85,1704,Bronze INV,br_Appointments,TASK_COMPLETE,SUCCESS,INFO,20334,20334,0,,2026-09-01T19:04:17.664Z,2026-09-01T21:14:55.846Z,7838,2026-09-01T21:14:55.846Z,B24,Paintsville,0e5f68b5-5669-4bb1-91ce-4b967b620e7d,SAMMS-PaintsvilleV5
202609012114519287,202609011903672697,202609011903672005,85,1705,Bronze INV,br_Appointments,TASK_COMPLETE,SUCCESS,INFO,16091,16091,0,,2026-09-01T19:04:17.664Z,2026-09-01T21:14:55.846Z,7838,2026-09-01T21:14:55.846Z,B25,Pikeville,0e5f68b5-5669-4bb1-91ce-4b967b620e7d,SAMMS-PikevilleV5
202609012114519288,202609011903672698,202609011903672005,85,1706,Bronze INV,br_Appointments,TASK_COMPLETE,SUCCESS,INFO,49624,49624,0,,2026-09-01T19:04:17.664Z,2026-09-01T21:14:55.846Z,7838,2026-09-01T21:14:55.846Z,B26,Hazard,0e5f68b5-5669-4bb1-91ce-4b967b620e7d,SAMMS-HazardV5
202609012114519289,202609011903672699,202609011903672005,85,1707,Bronze INV,br_Appointments,TASK_COMPLETE,SUCCESS,INFO,21843,21843,0,,2026-09-01T19:04:17.664Z,2026-09-01T21:14:55.846Z,7838,2026-09-01T21:14:55.846Z,B27,Savannah,0e5f68b5-5669-4bb1-91ce-4b967b620e7d,SAMMS-SavannahV6
202609012114519290,202609011903672700,202609011903672005,85,1708,Bronze INV,br_Appointments,TASK_COMPLETE,SUCCESS,INFO,6827,6827,0,,2026-09-01T19:04:17.664Z,2026-09-01T21:14:55.846Z,7838,2026-09-01T21:14:55.846Z,B28,West Plains,0e5f68b5-5669-4bb1-91ce-4b967b620e7d,SAMMS-WestPlainesV5
202609012114519292,202609011903672701,202609011903672005,85,1709,Bronze INV,br_Appointments,TASK_COMPLETE,SUCCESS,INFO,8274,8274,0,,2026-09-01T19:04:17.664Z,2026-09-01T21:14:55.846Z,7838,2026-09-01T21:14:55.846Z,B29,Poplar Bluff,0e5f68b5-5669-4bb1-91ce-4b967b620e7d,SAMMS-PoplarBluffV5
202609012114519293,202609011903672702,202609011903672005,85,1710,Bronze INV,br_Appointments,TASK_COMPLETE,SUCCESS,INFO,6920,6920,0,,2026-09-01T19:04:17.664Z,2026-09-01T21:14:55.846Z,7838,2026-09-01T21:14:55.846Z,B30,KC North,0e5f68b5-5669-4bb1-91ce-4b967b620e7d,SAMMS-KCNv5
202609012114519295,202609011903672703,202609011903672005,85,1711,Bronze INV,br_Appointments,TASK_COMPLETE,SUCCESS,INFO,31942,31942,0,,2026-09-01T19:04:17.664Z,2026-09-01T21:14:55.846Z,7838,2026-09-01T21:14:55.846Z,B31,Dyersburg,0e5f68b5-5669-4bb1-91ce-4b967b620e7d,SAMMS-DyersburgV5
202609012114519297,202609011903672704,202609011903672005,85,1713,Bronze INV,br_Appointments,TASK_COMPLETE,SUCCESS,INFO,53283,53283,0,,2026-09-01T19:04:17.664Z,2026-09-01T21:14:55.846Z,7838,2026-09-01T21:14:55.846Z,B33,Paducah,0e5f68b5-5669-4bb1-91ce-4b967b620e7d,SAMMS-Paducah
202609012114519298,202609011903672705,202609011903672005,85,1714,Bronze INV,br_Appointments,TASK_COMPLETE,SUCCESS,INFO,24349,24349,0,,2026-09-01T19:04:17.664Z,2026-09-01T21:14:55.846Z,7838,2026-09-01T21:14:55.846Z,B34,Corbin,0e5f68b5-5669-4bb1-91ce-4b967b620e7d,SAMMS-CorbinV5
202609012114519299,202609011903672706,202609011903672005,85,1715,Bronze INV,br_Appointments,TASK_COMPLETE,SUCCESS,INFO,44495,44495,0,,2026-09-01T19:04:17.664Z,2026-09-01T21:14:55.846Z,7838,2026-09-01T21:14:55.846Z,B35,Lexington,0e5f68b5-5669-4bb1-91ce-4b967b620e7d,SAMMS-LexingtonV5
202609012114519300,202609011903672707,202609011903672005,85,1716,Bronze INV,br_Appointments,TASK_COMPLETE,SUCCESS,INFO,26762,26762,0,,2026-09-01T19:04:17.664Z,2026-09-01T21:14:55.846Z,7838,2026-09-01T21:14:55.846Z,B35A,Berea,0e5f68b5-5669-4bb1-91ce-4b967b620e7d,SAMMS-BereaV5
202609012114519301,202609011903672708,202609011903672005,85,1717,Bronze INV,br_Appointments,TASK_COMPLETE,SUCCESS,INFO,57754,57754,0,,2026-09-01T19:04:17.664Z,2026-09-01T21:14:55.846Z,7838,2026-09-01T21:14:55.846Z,B36,Asheville,0e5f68b5-5669-4bb1-91ce-4b967b620e7d,SAMMS-AshevilleV5
202609012114519302,202609011903672709,202609011903672005,85,1718,Bronze INV,br_Appointments,TASK_COMPLETE,SUCCESS,INFO,40571,40571,0,,2026-09-01T19:04:17.664Z,2026-09-01T21:14:55.846Z,7838,2026-09-01T21:14:55.846Z,B37,Clyde,0e5f68b5-5669-4bb1-91ce-4b967b620e7d,SAMMS-ClydeV5
202609012114519303,202609011903672710,202609011903672005,85,1719,Bronze INV,br_Appointments,TASK_COMPLETE,SUCCESS,INFO,16304,16304,0,,2026-09-01T19:04:17.664Z,2026-09-01T21:14:55.846Z,7838,2026-09-01T21:14:55.846Z,B38,Spartanburg,0e5f68b5-5669-4bb1-91ce-4b967b620e7d,SAMMS-SpartanburgV5
202609012114519304,202609011903672711,202609011903672005,85,1720,Bronze INV,br_Appointments,TASK_COMPLETE,SUCCESS,INFO,20400,20400,0,,2026-09-01T19:04:17.664Z,2026-09-01T21:14:55.846Z,7838,2026-09-01T21:14:55.846Z,B39,Aiken,0e5f68b5-5669-4bb1-91ce-4b967b620e7d,SAMMS-AikenV5
202609012114519306,202609011903672712,202609011903672005,85,1721,Bronze INV,br_Appointments,TASK_COMPLETE,SUCCESS,INFO,20403,20403,0,,2026-09-01T19:04:17.664Z,2026-09-01T21:14:55.846Z,7838,2026-09-01T21:14:55.846Z,B41,Chesapeake,0e5f68b5-5669-4bb1-91ce-4b967b620e7d,SAMMS-ChesapeakeV5
202609012114519307,202609011903672713,202609011903672005,85,1722,Bronze INV,br_Appointments,TASK_COMPLETE,SUCCESS,INFO,19146,19146,0,,2026-09-01T19:04:17.664Z,2026-09-01T21:14:55.846Z,7838,2026-09-01T21:14:55.846Z,B42,Virginia Beach,0e5f68b5-5669-4bb1-91ce-4b967b620e7d,SAMMS-VirginiaBeachV5
202609012114519308,202609011903672714,202609011903672005,85,1723,Bronze INV,br_Appointments,TASK_COMPLETE,SUCCESS,INFO,16014,16014,0,,2026-09-01T19:04:17.664Z,2026-09-01T21:14:55.846Z,7838,2026-09-01T21:14:55.846Z,B42A,Newport News,0e5f68b5-5669-4bb1-91ce-4b967b620e7d,SAMMS-NewportNewsV5
202609012114519309,202609011903672715,202609011903672005,85,1724,Bronze INV,br_Appointments,TASK_COMPLETE,SUCCESS,INFO,4649,4649,0,,2026-09-01T19:04:17.664Z,2026-09-01T21:14:55.846Z,7838,2026-09-01T21:14:55.846Z,B42B,Franklin,0e5f68b5-5669-4bb1-91ce-4b967b620e7d,SAMMS-FranklinV5
202609012114519310,202609011903672716,202609011903672005,85,1725,Bronze INV,br_Appointments,TASK_COMPLETE,SUCCESS,INFO,10331,10331,0,,2026-09-01T19:04:17.664Z,2026-09-01T21:14:55.846Z,7838,2026-09-01T21:14:55.846Z,B42C,Glen Allen,0e5f68b5-5669-4bb1-91ce-4b967b620e7d,SAMMS-GlenAllenV5
202609012114519311,202609011903672717,202609011903672005,85,1726,Bronze INV,br_Appointments,TASK_COMPLETE,SUCCESS,INFO,18562,18562,0,,2026-09-01T19:04:17.664Z,2026-09-01T21:14:55.846Z,7838,2026-09-01T21:14:55.846Z,B42D,Chesapeake South,0e5f68b5-5669-4bb1-91ce-4b967b620e7d,SAMMS-ChesapeakeSouthV5
202609012114519312,202609011903672718,202609011903672005,85,1727,Bronze INV,br_Appointments,TASK_COMPLETE,SUCCESS,INFO,9851,9851,0,,2026-09-01T19:04:17.664Z,2026-09-01T21:14:55.846Z,7838,2026-09-01T21:14:55.846Z,B44,Albany,0e5f68b5-5669-4bb1-91ce-4b967b620e7d,SAMMS-AlbanyV5
202609012114519313,202609011903672719,202609011903672005,85,1728,Bronze INV,br_Appointments,TASK_COMPLETE,SUCCESS,INFO,12430,12430,0,,2026-09-01T19:04:17.664Z,2026-09-01T21:14:55.846Z,7838,2026-09-01T21:14:55.846Z,B45,Tifton,0e5f68b5-5669-4bb1-91ce-4b967b620e7d,SAMMS-TiftonV5
202609012114519315,202609011903672720,202609011903672005,85,1729,Bronze INV,br_Appointments,TASK_COMPLETE,SUCCESS,INFO,18962,18962,0,,2026-09-01T19:04:17.664Z,2026-09-01T21:14:55.846Z,7838,2026-09-01T21:14:55.846Z,B46,Washington DC,0e5f68b5-5669-4bb1-91ce-4b967b620e7d,SAMMS-WashingtonDCv5
202609012114519316,202609011903672721,202609011903672005,85,1730,Bronze INV,br_Appointments,TASK_COMPLETE,SUCCESS,INFO,14746,14746,0,,2026-09-01T19:04:17.664Z,2026-09-01T21:14:55.846Z,7838,2026-09-01T21:14:55.846Z,B47,Mobile,0e5f68b5-5669-4bb1-91ce-4b967b620e7d,SAMMS-MobileV5
202609012114519317,202609011903672722,202609011903672005,85,1731,Bronze INV,br_Appointments,TASK_COMPLETE,SUCCESS,INFO,19071,19071,0,,2026-09-01T19:04:17.664Z,2026-09-01T21:14:55.846Z,7838,2026-09-01T21:14:55.846Z,B48,Tuscaloosa,0e5f68b5-5669-4bb1-91ce-4b967b620e7d,SAMMS-TuscaloosaV5
202609012114519318,202609011903672723,202609011903672005,85,1740,Bronze INV,br_Appointments,TASK_COMPLETE,SUCCESS,INFO,6799,6799,0,,2026-09-01T19:04:17.664Z,2026-09-01T21:14:55.846Z,7838,2026-09-01T21:14:55.846Z,B51,N. Little Rock (OTP),0e5f68b5-5669-4bb1-91ce-4b967b620e7d,SAMMS-NorthLittleRockV6
202609012114519319,202609011903672724,202609011903672005,85,1741,Bronze INV,br_Appointments,TASK_COMPLETE,SUCCESS,INFO,11665,11665,0,,2026-09-01T19:04:17.664Z,2026-09-01T21:14:55.846Z,7838,2026-09-01T21:14:55.846Z,B52,Jackson GA,0e5f68b5-5669-4bb1-91ce-4b967b620e7d,SAMMS-JacksonGAV5
202609012114519320,202609011903672725,202609011903672005,85,1742,Bronze INV,br_Appointments,TASK_COMPLETE,SUCCESS,INFO,9102,9102,0,,2026-09-01T19:04:17.664Z,2026-09-01T21:14:55.846Z,7838,2026-09-01T21:14:55.846Z,B54,Gadsden,0e5f68b5-5669-4bb1-91ce-4b967b620e7d,SAMMS-GadsdenV5
202609012114519321,202609011903672726,202609011903672005,85,1743,Bronze INV,br_Appointments,TASK_COMPLETE,SUCCESS,INFO,14174,14174,0,,2026-09-01T19:04:17.664Z,2026-09-01T21:14:55.846Z,7838,2026-09-01T21:14:55.846Z,B55,Shoals,0e5f68b5-5669-4bb1-91ce-4b967b620e7d,SAMMS-ShoalsV5
202609012114519323,202609011903672727,202609011903672005,85,1744,Bronze INV,br_Appointments,TASK_COMPLETE,SUCCESS,INFO,15751,15751,0,,2026-09-01T19:04:17.664Z,2026-09-01T21:14:55.846Z,7838,2026-09-01T21:14:55.846Z,B57,Pawtucket,0e5f68b5-5669-4bb1-91ce-4b967b620e7d,SAMMS-Pawtucket
202609012114519324,202609011903672728,202609011903672005,85,1745,Bronze INV,br_Appointments,TASK_COMPLETE,SUCCESS,INFO,11908,11908,0,,2026-09-01T19:04:17.664Z,2026-09-01T21:14:55.846Z,7838,2026-09-01T21:14:55.846Z,B57A,Johnston,0e5f68b5-5669-4bb1-91ce-4b967b620e7d,SAMMS-Johnston
202609012114519325,202609011903672729,202609011903672005,85,1746,Bronze INV,br_Appointments,TASK_COMPLETE,SUCCESS,INFO,4094,4094,0,,2026-09-01T19:04:17.664Z,2026-09-01T21:14:55.846Z,7838,2026-09-01T21:14:55.846Z,B57B,Middletown,0e5f68b5-5669-4bb1-91ce-4b967b620e7d,SAMMS-Middletown
202609012114519326,202609011903672730,202609011903672005,85,1747,Bronze INV,br_Appointments,TASK_COMPLETE,SUCCESS,INFO,11721,11721,0,,2026-09-01T19:04:17.664Z,2026-09-01T21:14:55.846Z,7838,2026-09-01T21:14:55.846Z,B57C,Providence,0e5f68b5-5669-4bb1-91ce-4b967b620e7d,SAMMS-Providence
202609012114519327,202609011903672731,202609011903672005,85,1748,Bronze INV,br_Appointments,TASK_COMPLETE,SUCCESS,INFO,21220,21220,0,,2026-09-01T19:04:17.664Z,2026-09-01T21:14:55.846Z,7838,2026-09-01T21:14:55.846Z,B57D,Westerly,0e5f68b5-5669-4bb1-91ce-4b967b620e7d,SAMMS-Westerly
202609012114519328,202609011903672732,202609011903672005,85,1752,Bronze INV,br_Appointments,TASK_COMPLETE,SUCCESS,INFO,15760,15760,0,,2026-09-01T19:04:17.664Z,2026-09-01T21:14:55.846Z,7838,2026-09-01T21:14:55.846Z,B66A,Bremen,0e5f68b5-5669-4bb1-91ce-4b967b620e7d,SAMMS-Bremen
202609012114519329,202609011903672733,202609011903672005,85,1755,Bronze INV,br_Appointments,TASK_COMPLETE,SUCCESS,INFO,38464,38464,0,,2026-09-01T19:04:17.664Z,2026-09-01T21:14:55.846Z,7838,2026-09-01T21:14:55.846Z,B72,Mobile (OBOT),0e5f68b5-5669-4bb1-91ce-4b967b620e7d,SAMMS-Mobile-OBOT
202609012114519330,202609011903672734,202609011903672005,85,1756,Bronze INV,br_Appointments,TASK_COMPLETE,SUCCESS,INFO,15914,15914,0,,2026-09-01T19:04:17.664Z,2026-09-01T21:14:55.846Z,7838,2026-09-01T21:14:55.846Z,B73,Montgomery,0e5f68b5-5669-4bb1-91ce-4b967b620e7d,SAMMS-Montgomery
202609012114519332,202609011903672735,202609011903672005,85,1757,Bronze INV,br_Appointments,TASK_COMPLETE,SUCCESS,INFO,8841,8841,0,,2026-09-01T19:04:17.664Z,2026-09-01T21:14:55.846Z,7838,2026-09-01T21:14:55.846Z,B75,Lawrence,0e5f68b5-5669-4bb1-91ce-4b967b620e7d,SAMMS-LawrenceV6
202609012114519333,202609011903672736,202609011903672005,85,1758,Bronze INV,br_Appointments,TASK_COMPLETE,SUCCESS,INFO,1798,1798,0,,2026-09-01T19:04:17.664Z,2026-09-01T21:14:55.846Z,7838,2026-09-01T21:14:55.846Z,B76,Huntsville OBOT,0e5f68b5-5669-4bb1-91ce-4b967b620e7d,SAMMS-Huntsville-OBOT
202609012114519334,202609011903672737,202609011903672005,85,1759,Bronze INV,br_Appointments,TASK_COMPLETE,SUCCESS,INFO,12268,12268,0,,2026-09-01T19:04:17.664Z,2026-09-01T21:14:55.846Z,7838,2026-09-01T21:14:55.846Z,BAT,Batesville,0e5f68b5-5669-4bb1-91ce-4b967b620e7d,SAMMS-Batesville
202609012114519335,202609011903672738,202609011903672005,85,1760,Bronze INV,br_Appointments,TASK_COMPLETE,SUCCESS,INFO,11396,11396,0,,2026-09-01T19:04:17.664Z,2026-09-01T21:14:55.846Z,7838,2026-09-01T21:14:55.846Z,BG,Bowling Green,0e5f68b5-5669-4bb1-91ce-4b967b620e7d,SAMMS-BowlingGreen
202609012114519336,202609011903672739,202609011903672005,85,1761,Bronze INV,br_Appointments,TASK_COMPLETE,SUCCESS,INFO,10255,10255,0,,2026-09-01T19:04:17.664Z,2026-09-01T21:14:55.846Z,7838,2026-09-01T21:14:55.846Z,BOI,Boise,0e5f68b5-5669-4bb1-91ce-4b967b620e7d,SAMMS-Boise
202609012114519337,202609011903672740,202609011903672005,85,1768,Bronze INV,br_Appointments,TASK_COMPLETE,SUCCESS,INFO,5509,5509,0,,2026-09-01T19:04:17.664Z,2026-09-01T21:14:55.846Z,7838,2026-09-01T21:14:55.846Z,CBCO,Coeur dAlene,0e5f68b5-5669-4bb1-91ce-4b967b620e7d,SAMMS-CoeurdAleneV6
202609012114519338,202609011903672741,202609011903672005,85,1787,Bronze INV,br_Appointments,TASK_COMPLETE,SUCCESS,INFO,18671,18671,0,,2026-09-01T19:04:17.664Z,2026-09-01T21:14:55.846Z,7838,2026-09-01T21:14:55.846Z,CON,Conway,0e5f68b5-5669-4bb1-91ce-4b967b620e7d,SAMMS-Conway
202609012114519339,202609011903672742,202609011903672005,85,1788,Bronze INV,br_Appointments,TASK_COMPLETE,SUCCESS,INFO,99825,99825,0,,2026-09-01T19:04:17.664Z,2026-09-01T21:14:55.846Z,7838,2026-09-01T21:14:55.846Z,D07,Medical Services Knox TN,0e5f68b5-5669-4bb1-91ce-4b967b620e7d,SAMMS-KnoxvilleV6
202609012114519341,202609011903672743,202609011903672005,85,1789,Bronze INV,br_Appointments,TASK_COMPLETE,SUCCESS,INFO,12906,12906,0,,2026-09-01T19:04:17.664Z,2026-09-01T21:14:55.846Z,7838,2026-09-01T21:14:55.846Z,D08,Madison,0e5f68b5-5669-4bb1-91ce-4b967b620e7d,SAMMS-MadisonV6
202609012114519342,202609011903672744,202609011903672005,85,1791,Bronze INV,br_Appointments,TASK_COMPLETE,SUCCESS,INFO,10062,10062,0,,2026-09-01T19:04:17.664Z,2026-09-01T21:14:55.846Z,7838,2026-09-01T21:14:55.846Z,D09,Murfreesboro,0e5f68b5-5669-4bb1-91ce-4b967b620e7d,SAMMS-MurfreesboroV6
202609012114519343,202609011903672745,202609011903672005,85,1792,Bronze INV,br_Appointments,TASK_COMPLETE,SUCCESS,INFO,28152,28152,0,,2026-09-01T19:04:17.664Z,2026-09-01T21:14:55.846Z,7838,2026-09-01T21:14:55.846Z,DA,Davenport,0e5f68b5-5669-4bb1-91ce-4b967b620e7d,SAMMS-Davenport
202609012114519344,202609011903672746,202609011903672005,85,1793,Bronze INV,br_Appointments,TASK_COMPLETE,SUCCESS,INFO,19564,19564,0,,2026-09-01T19:04:17.664Z,2026-09-01T21:14:55.846Z,7838,2026-09-01T21:14:55.846Z,DM,Des Moines,0e5f68b5-5669-4bb1-91ce-4b967b620e7d,SAMMS-DesMoines
202609012114519345,202609011903672747,202609011903672005,85,1795,Bronze INV,br_Appointments,TASK_COMPLETE,SUCCESS,INFO,16500,16500,0,,2026-09-01T19:04:17.664Z,2026-09-01T21:14:55.846Z,7838,2026-09-01T21:14:55.846Z,DRD-CO,Columbia MO,0e5f68b5-5669-4bb1-91ce-4b967b620e7d,SAMMS-ColumbiaV5
202609012114519346,202609011903672748,202609011903672005,85,1796,Bronze INV,br_Appointments,TASK_COMPLETE,SUCCESS,INFO,16196,16196,0,,2026-09-01T19:04:17.664Z,2026-09-01T21:14:55.846Z,7838,2026-09-01T21:14:55.846Z,DRD-KC,KC,0e5f68b5-5669-4bb1-91ce-4b967b620e7d,SAMMS-KCv5
202609012114519347,202609011903672749,202609011903672005,85,1797,Bronze INV,br_Appointments,TASK_COMPLETE,SUCCESS,INFO,41791,41791,0,,2026-09-01T19:04:17.664Z,2026-09-01T21:14:55.846Z,7838,2026-09-01T21:14:55.846Z,DRD-KVB,KVB,0e5f68b5-5669-4bb1-91ce-4b967b620e7d,SAMMS-KVBv5
202609012114519349,202609011903672750,202609011903672005,85,1798,Bronze INV,br_Appointments,TASK_COMPLETE,SUCCESS,INFO,52867,52867,0,,2026-09-01T19:04:17.664Z,2026-09-01T21:14:55.846Z,7838,2026-09-01T21:14:55.846Z,DRD-KVC,KVC,0e5f68b5-5669-4bb1-91ce-4b967b620e7d,SAMMS-KVCv5
202609012114519350,202609011903672751,202609011903672005,85,1799,Bronze INV,br_Appointments,TASK_COMPLETE,SUCCESS,INFO,50892,50892,0,,2026-09-01T19:04:17.664Z,2026-09-01T21:14:55.846Z,7838,2026-09-01T21:14:55.846Z,DRD-NOLA,NOLA,0e5f68b5-5669-4bb1-91ce-4b967b620e7d,SAMMS-NOLAv5
202609012114519351,202609011903672752,202609011903672005,85,1800,Bronze INV,br_Appointments,TASK_COMPLETE,SUCCESS,INFO,16346,16346,0,,2026-09-01T19:04:17.664Z,2026-09-01T21:14:55.846Z,7838,2026-09-01T21:14:55.846Z,DRD-SF,Springfield,0e5f68b5-5669-4bb1-91ce-4b967b620e7d,SAMMS-SFv5
202609012114519352,202609011903672753,202609011903672005,85,1802,Bronze INV,br_Appointments,TASK_COMPLETE,SUCCESS,INFO,21515,21515,0,,2026-09-01T19:04:17.664Z,2026-09-01T21:14:55.846Z,7838,2026-09-01T21:14:55.846Z,ELC,Elizabeth City,0e5f68b5-5669-4bb1-91ce-4b967b620e7d,SAMMS-ElizabethCity
202609012114519353,202609011903672754,202609011903672005,85,1803,Bronze INV,br_Appointments,TASK_COMPLETE,SUCCESS,INFO,13017,13017,0,,2026-09-01T19:04:17.664Z,2026-09-01T21:14:55.846Z,7838,2026-09-01T21:14:55.846Z,ET,Elizabethtown,0e5f68b5-5669-4bb1-91ce-4b967b620e7d,SAMMS-Elizabethtown
202609012114519354,202609011903672755,202609011903672005,85,1804,Bronze INV,br_Appointments,TASK_COMPLETE,SUCCESS,INFO,17653,17653,0,,2026-09-01T19:04:17.664Z,2026-09-01T21:14:55.846Z,7838,2026-09-01T21:14:55.846Z,FAY,Fayetteville,0e5f68b5-5669-4bb1-91ce-4b967b620e7d,SAMMS-Fayetteville
202609012114519355,202609011903672756,202609011903672005,85,1805,Bronze INV,br_Appointments,TASK_COMPLETE,SUCCESS,INFO,2850,2850,0,,2026-09-01T19:04:17.664Z,2026-09-01T21:14:55.846Z,7838,2026-09-01T21:14:55.846Z,FR,Frankfort,0e5f68b5-5669-4bb1-91ce-4b967b620e7d,SAMMS-Frankfort
202609012114519356,202609011903672757,202609011903672005,85,1806,Bronze INV,br_Appointments,TASK_COMPLETE,SUCCESS,INFO,14165,14165,0,,2026-09-01T19:04:17.664Z,2026-09-01T21:14:55.846Z,7838,2026-09-01T21:14:55.846Z,FS,Fort Smith,0e5f68b5-5669-4bb1-91ce-4b967b620e7d,SAMMS-FortSmith
202609012114519358,202609011903672758,202609011903672005,85,1807,Bronze INV,br_Appointments,TASK_COMPLETE,SUCCESS,INFO,25580,25580,0,,2026-09-01T19:04:17.664Z,2026-09-01T21:14:55.846Z,7838,2026-09-01T21:14:55.846Z,FW,Fort Wayne,0e5f68b5-5669-4bb1-91ce-4b967b620e7d,SAMMS-FortWayne
202609012114519359,202609011903672759,202609011903672005,85,1808,Bronze INV,br_Appointments,TASK_COMPLETE,SUCCESS,INFO,24390,24390,0,,2026-09-01T19:04:17.664Z,2026-09-01T21:14:55.846Z,7838,2026-09-01T21:14:55.846Z,GAL,Gaylord,0e5f68b5-5669-4bb1-91ce-4b967b620e7d,SAMMS-Gaylord
202609012114519360,202609011903672760,202609011903672005,85,1812,Bronze INV,br_Appointments,TASK_COMPLETE,SUCCESS,INFO,50203,50203,0,,2026-09-01T19:04:17.664Z,2026-09-01T21:14:55.846Z,7838,2026-09-01T21:14:55.846Z,HGT,Hagerstown,0e5f68b5-5669-4bb1-91ce-4b967b620e7d,SAMMS-Hagerstown
202609012114519361,202609011903672761,202609011903672005,85,1813,Bronze INV,br_Appointments,TASK_COMPLETE,SUCCESS,INFO,16991,16991,0,,2026-09-01T19:04:17.664Z,2026-09-01T21:14:55.846Z,7838,2026-09-01T21:14:55.846Z,HNT,Huntsville,0e5f68b5-5669-4bb1-91ce-4b967b620e7d,SAMMS-Huntsville
202609012114519362,202609011903672762,202609011903672005,85,1814,Bronze INV,br_Appointments,TASK_COMPLETE,SUCCESS,INFO,17539,17539,0,,2026-09-01T19:04:17.664Z,2026-09-01T21:14:55.846Z,7838,2026-09-01T21:14:55.846Z,HS,Hot Springs,0e5f68b5-5669-4bb1-91ce-4b967b620e7d,SAMMS-HotSprings
202609012114519363,202609011903672763,202609011903672005,85,1815,Bronze INV,br_Appointments,TASK_COMPLETE,SUCCESS,INFO,10374,10374,0,,2026-09-01T19:04:17.664Z,2026-09-01T21:14:55.846Z,7838,2026-09-01T21:14:55.846Z,JON,Jonesboro,0e5f68b5-5669-4bb1-91ce-4b967b620e7d,SAMMS-Jonesboro
202609012114519364,202609011903672764,202609011903672005,85,1817,Bronze INV,br_Appointments,TASK_COMPLETE,SUCCESS,INFO,23559,23559,0,,2026-09-01T19:04:17.664Z,2026-09-01T21:14:55.846Z,7838,2026-09-01T21:14:55.846Z,LAN,Lansing,0e5f68b5-5669-4bb1-91ce-4b967b620e7d,SAMMS-Lansing
202609012114519365,202609011903672765,202609011903672005,85,1818,Bronze INV,br_Appointments,TASK_COMPLETE,SUCCESS,INFO,19416,19416,0,,2026-09-01T19:04:17.664Z,2026-09-01T21:14:55.846Z,7838,2026-09-01T21:14:55.846Z,LO,Louisville,0e5f68b5-5669-4bb1-91ce-4b967b620e7d,SAMMS-Louisville
202609012114519367,202609011903672766,202609011903672005,85,1819,Bronze INV,br_Appointments,TASK_COMPLETE,SUCCESS,INFO,13819,13819,0,,2026-09-01T19:04:17.664Z,2026-09-01T21:14:55.846Z,7838,2026-09-01T21:14:55.846Z,LV1,Cheyenne,0e5f68b5-5669-4bb1-91ce-4b967b620e7d,SAMMS-Cheyenne
202609012114519368,202609011903672767,202609011903672005,85,1820,Bronze INV,br_Appointments,TASK_COMPLETE,SUCCESS,INFO,13560,13560,0,,2026-09-01T19:04:17.664Z,2026-09-01T21:14:55.846Z,7838,2026-09-01T21:14:55.846Z,LV2,Desert Inn,0e5f68b5-5669-4bb1-91ce-4b967b620e7d,SAMMS-DesertInn
202609012114519369,202609011903672768,202609011903672005,85,1821,Bronze INV,br_Appointments,TASK_COMPLETE,SUCCESS,INFO,3368,3368,0,,2026-09-01T19:04:17.664Z,2026-09-01T21:14:55.846Z,7838,2026-09-01T21:14:55.846Z,LV3,McDaniel,0e5f68b5-5669-4bb1-91ce-4b967b620e7d,SAMMS-McDaniel
202609012114519370,202609011903672769,202609011903672005,85,1824,Bronze INV,br_Appointments,TASK_COMPLETE,SUCCESS,INFO,8177,8177,0,,2026-09-01T19:04:17.664Z,2026-09-01T21:14:55.846Z,7838,2026-09-01T21:14:55.846Z,MNRE,Monroe,0e5f68b5-5669-4bb1-91ce-4b967b620e7d,SAMMS-Monroe
202609012114519371,202609011903672770,202609011903672005,85,1825,Bronze INV,br_Appointments,TASK_COMPLETE,SUCCESS,INFO,29661,29661,0,,2026-09-01T19:04:17.664Z,2026-09-01T21:14:55.846Z,7838,2026-09-01T21:14:55.846Z,MP,Mt. Pleasant,0e5f68b5-5669-4bb1-91ce-4b967b620e7d,SAMMS-MtPleasant
202609012114519372,202609011903672771,202609011903672005,85,1826,Bronze INV,br_Appointments,TASK_COMPLETE,SUCCESS,INFO,11737,11737,0,,2026-09-01T19:04:17.664Z,2026-09-01T21:14:55.846Z,7838,2026-09-01T21:14:55.846Z,MRD,Meridian,0e5f68b5-5669-4bb1-91ce-4b967b620e7d,SAMMS-Meridian
202609012114519373,202609011903672772,202609011903672005,85,1831,Bronze INV,br_Appointments,TASK_COMPLETE,SUCCESS,INFO,15868,15868,0,,2026-09-01T19:04:17.664Z,2026-09-01T21:14:55.846Z,7838,2026-09-01T21:14:55.846Z,NC,North Charleston,0e5f68b5-5669-4bb1-91ce-4b967b620e7d,SAMMS-NorthCharleston
202609012114519375,202609011903672773,202609011903672005,85,1832,Bronze INV,br_Appointments,TASK_COMPLETE,SUCCESS,INFO,27079,27079,0,,2026-09-01T19:04:17.664Z,2026-09-01T21:14:55.846Z,7838,2026-09-01T21:14:55.846Z,NLR,N. Little Rock,0e5f68b5-5669-4bb1-91ce-4b967b620e7d,SAMMS-NLROBOT
202609012114519376,202609011903672774,202609011903672005,85,1833,Bronze INV,br_Appointments,TASK_COMPLETE,SUCCESS,INFO,3399,3399,0,,2026-09-01T19:04:17.664Z,2026-09-01T21:14:55.846Z,7838,2026-09-01T21:14:55.846Z,PH,Phoenix,0e5f68b5-5669-4bb1-91ce-4b967b620e7d,SAMMS-Phoenix
202609012114519377,202609011903672775,202609011903672005,85,1837,Bronze INV,br_Appointments,TASK_COMPLETE,SUCCESS,INFO,19802,19802,0,,2026-09-01T19:04:17.664Z,2026-09-01T21:14:55.846Z,7838,2026-09-01T21:14:55.846Z,RE,Reno,0e5f68b5-5669-4bb1-91ce-4b967b620e7d,SAMMS-Reno
202609012114519378,202609011903672776,202609011903672005,85,1838,Bronze INV,br_Appointments,TASK_COMPLETE,SUCCESS,INFO,12273,12273,0,,2026-09-01T19:04:17.664Z,2026-09-01T21:14:55.846Z,7838,2026-09-01T21:14:55.846Z,RMD,Richmond,0e5f68b5-5669-4bb1-91ce-4b967b620e7d,SAMMS-Richmond
202609012114519379,202609011903672777,202609011903672005,85,1839,Bronze INV,br_Appointments,TASK_COMPLETE,SUCCESS,INFO,13350,13350,0,,2026-09-01T19:04:17.664Z,2026-09-01T21:14:55.846Z,7838,2026-09-01T21:14:55.846Z,SFN,Springfield North,0e5f68b5-5669-4bb1-91ce-4b967b620e7d,SAMMS-SFNv5
202609012114519380,202609011903672778,202609011903672005,85,1840,Bronze INV,br_Appointments,TASK_COMPLETE,SUCCESS,INFO,13203,13203,0,,2026-09-01T19:04:17.664Z,2026-09-01T21:14:55.846Z,7838,2026-09-01T21:14:55.846Z,SHP,Shreveport,0e5f68b5-5669-4bb1-91ce-4b967b620e7d,SAMMS-Shreveport
202609012114519381,202609011903672779,202609011903672005,85,1842,Bronze INV,br_Appointments,TASK_COMPLETE,SUCCESS,INFO,14221,14221,0,,2026-09-01T19:04:17.664Z,2026-09-01T21:14:55.846Z,7838,2026-09-01T21:14:55.846Z,STN,Staunton,0e5f68b5-5669-4bb1-91ce-4b967b620e7d,SAMMS-Staunton
202608312116374343,202608311905654645,202608311905652236,85,4085,Bronze INV,br_ReAssessmentPhysicalHealth,TASK_COMPLETE,SUCCESS,INFO,1965,1965,0,,2026-08-31T19:06:18.658Z,2026-08-31T21:16:41.151Z,7823,2026-08-31T21:16:41.151Z,VBRP,Brooklyn Park,79f5b39e-d314-4ad3-8050-3ace553d67de,SAMMS-BrooklynParkV6
202608312116374344,202608311905654646,202608311905652236,85,4087,Bronze INV,br_ReAssessmentPhysicalHealth,TASK_COMPLETE,SUCCESS,INFO,746,746,0,,2026-08-31T19:06:18.658Z,2026-08-31T21:16:41.151Z,7823,2026-08-31T21:16:41.151Z,VMIN,Minneapolis,79f5b39e-d314-4ad3-8050-3ace553d67de,SAMMS-MinneapolisV6
202608312116374346,202608311905654647,202608311905652236,85,4088,Bronze INV,br_ReAssessmentPhysicalHealth,TASK_COMPLETE,SUCCESS,INFO,889,889,0,,2026-08-31T19:06:18.658Z,2026-08-31T21:16:41.151Z,7823,2026-08-31T21:16:41.151Z,VWBY,Woodbury,79f5b39e-d314-4ad3-8050-3ace553d67de,SAMMS-WoodburyV6
202608312116374347,202608311905654648,202608311905652236,85,4090,Bronze INV,br_ReAssessmentPhysicalHealth,TASK_COMPLETE,SUCCESS,INFO,161,161,0,,2026-08-31T19:06:18.658Z,2026-08-31T21:16:41.151Z,7823,2026-08-31T21:16:41.151Z,WIL,Wilson,79f5b39e-d314-4ad3-8050-3ace553d67de,SAMMS-Wilson
202608312116374348,202608311905654649,202608311905652236,85,4278,Bronze INV,br_ReAssessmentSubstanceUse,TASK_COMPLETE,SUCCESS,INFO,35,35,0,,2026-08-31T19:06:18.658Z,2026-08-31T21:16:41.151Z,7823,2026-08-31T21:16:41.151Z,AHK,Ahoskie,79f5b39e-d314-4ad3-8050-3ace553d67de,SAMMS-Ahoskie
202608312116374349,202608311905654650,202608311905652236,85,4279,Bronze INV,br_ReAssessmentSubstanceUse,TASK_COMPLETE,SUCCESS,INFO,673,673,0,,2026-08-31T19:06:18.658Z,2026-08-31T21:16:41.151Z,7823,2026-08-31T21:16:41.151Z,B12B,Colorado Springs,79f5b39e-d314-4ad3-8050-3ace553d67de,SAMMS-ColoradoSpringsV5
202608312116374350,202608311905654651,202608311905652236,85,4280,Bronze INV,br_ReAssessmentSubstanceUse,TASK_COMPLETE,SUCCESS,INFO,848,848,0,,2026-08-31T19:06:18.658Z,2026-08-31T21:16:41.151Z,7823,2026-08-31T21:16:41.151Z,B24,Paintsville,79f5b39e-d314-4ad3-8050-3ace553d67de,SAMMS-PaintsvilleV5
202608312116374351,202608311905654652,202608311905652236,85,4281,Bronze INV,br_ReAssessmentSubstanceUse,TASK_COMPLETE,SUCCESS,INFO,649,649,0,,2026-08-31T19:06:18.658Z,2026-08-31T21:16:41.151Z,7823,2026-08-31T21:16:41.151Z,B25,Pikeville,79f5b39e-d314-4ad3-8050-3ace553d67de,SAMMS-PikevilleV5
202608312116374352,202608311905654653,202608311905652236,85,4282,Bronze INV,br_ReAssessmentSubstanceUse,TASK_COMPLETE,SUCCESS,INFO,973,973,0,,2026-08-31T19:06:18.658Z,2026-08-31T21:16:41.151Z,7823,2026-08-31T21:16:41.151Z,B26,Hazard,79f5b39e-d314-4ad3-8050-3ace553d67de,SAMMS-HazardV5
202608312116374353,202608311905654654,202608311905652236,85,4283,Bronze INV,br_ReAssessmentSubstanceUse,TASK_COMPLETE,SUCCESS,INFO,538,538,0,,2026-08-31T19:06:18.658Z,2026-08-31T21:16:41.151Z,7823,2026-08-31T21:16:41.151Z,B27,Savannah,79f5b39e-d314-4ad3-8050-3ace553d67de,SAMMS-SavannahV6
202608312116374354,202608311905654655,202608311905652236,85,4284,Bronze INV,br_ReAssessmentSubstanceUse,TASK_COMPLETE,SUCCESS,INFO,248,248,0,,2026-08-31T19:06:18.658Z,2026-08-31T21:16:41.151Z,7823,2026-08-31T21:16:41.151Z,B28,West Plains,79f5b39e-d314-4ad3-8050-3ace553d67de,SAMMS-WestPlainesV5
202608312116374356,202608311905654656,202608311905652236,85,4285,Bronze INV,br_ReAssessmentSubstanceUse,TASK_COMPLETE,SUCCESS,INFO,464,464,0,,2026-08-31T19:06:18.658Z,2026-08-31T21:16:41.151Z,7823,2026-08-31T21:16:41.151Z,B29,Poplar Bluff,79f5b39e-d314-4ad3-8050-3ace553d67de,SAMMS-PoplarBluffV5
202608312116374357,202608311905654657,202608311905652236,85,4286,Bronze INV,br_ReAssessmentSubstanceUse,TASK_COMPLETE,SUCCESS,INFO,82,82,0,,2026-08-31T19:06:18.658Z,2026-08-31T21:16:41.151Z,7823,2026-08-31T21:16:41.151Z,B30,KC North,79f5b39e-d314-4ad3-8050-3ace553d67de,SAMMS-KCNv5
202608312116374358,202608311905654658,202608311905652236,85,4287,Bronze INV,br_ReAssessmentSubstanceUse,TASK_COMPLETE,SUCCESS,INFO,402,402,0,,2026-08-31T19:06:18.658Z,2026-08-31T21:16:41.151Z,7823,2026-08-31T21:16:41.151Z,B31,Dyersburg,79f5b39e-d314-4ad3-8050-3ace553d67de,SAMMS-DyersburgV5
202608312116374359,202608311905654659,202608311905652236,85,4289,Bronze INV,br_ReAssessmentSubstanceUse,TASK_COMPLETE,SUCCESS,INFO,489,489,0,,2026-08-31T19:06:18.658Z,2026-08-31T21:16:41.151Z,7823,2026-08-31T21:16:41.151Z,B33,Paducah,79f5b39e-d314-4ad3-8050-3ace553d67de,SAMMS-Paducah
202608312116374360,202608311905654660,202608311905652236,85,4290,Bronze INV,br_ReAssessmentSubstanceUse,TASK_COMPLETE,SUCCESS,INFO,388,388,0,,2026-08-31T19:06:18.658Z,2026-08-31T21:16:41.151Z,7823,2026-08-31T21:16:41.151Z,B34,Corbin,79f5b39e-d314-4ad3-8050-3ace553d67de,SAMMS-CorbinV5
202608312116374361,202608311905654661,202608311905652236,85,4291,Bronze INV,br_ReAssessmentSubstanceUse,TASK_COMPLETE,SUCCESS,INFO,243,243,0,,2026-08-31T19:06:18.658Z,2026-08-31T21:16:41.151Z,7823,2026-08-31T21:16:41.151Z,B35,Lexington,79f5b39e-d314-4ad3-8050-3ace553d67de,SAMMS-LexingtonV5
202608312116374362,202608311905654662,202608311905652236,85,4292,Bronze INV,br_ReAssessmentSubstanceUse,TASK_COMPLETE,SUCCESS,INFO,77,77,0,,2026-08-31T19:06:18.658Z,2026-08-31T21:16:41.151Z,7823,2026-08-31T21:16:41.151Z,B35A,Berea,79f5b39e-d314-4ad3-8050-3ace553d67de,SAMMS-BereaV5
202608312116374363,202608311905654663,202608311905652236,85,4293,Bronze INV,br_ReAssessmentSubstanceUse,TASK_COMPLETE,SUCCESS,INFO,22,22,0,,2026-08-31T19:06:18.658Z,2026-08-31T21:16:41.151Z,7823,2026-08-31T21:16:41.151Z,B36,Asheville,79f5b39e-d314-4ad3-8050-3ace553d67de,SAMMS-AshevilleV5
202608312116374365,202608311905654664,202608311905652236,85,4294,Bronze INV,br_ReAssessmentSubstanceUse,TASK_COMPLETE,SUCCESS,INFO,2,2,0,,2026-08-31T19:06:18.658Z,2026-08-31T21:16:41.151Z,7823,2026-08-31T21:16:41.151Z,B37,Clyde,79f5b39e-d314-4ad3-8050-3ace553d67de,SAMMS-ClydeV5
202608312116374366,202608311905654665,202608311905652236,85,4295,Bronze INV,br_ReAssessmentSubstanceUse,TASK_COMPLETE,SUCCESS,INFO,1194,1194,0,,2026-08-31T19:06:18.658Z,2026-08-31T21:16:41.151Z,7823,2026-08-31T21:16:41.151Z,B38,Spartanburg,79f5b39e-d314-4ad3-8050-3ace553d67de,SAMMS-SpartanburgV5
202608312116374367,202608311905654666,202608311905652236,85,4296,Bronze INV,br_ReAssessmentSubstanceUse,TASK_COMPLETE,SUCCESS,INFO,367,367,0,,2026-08-31T19:06:18.658Z,2026-08-31T21:16:41.151Z,7823,2026-08-31T21:16:41.151Z,B39,Aiken,79f5b39e-d314-4ad3-8050-3ace553d67de,SAMMS-AikenV5
202608312116374368,202608311905654667,202608311905652236,85,4297,Bronze INV,br_ReAssessmentSubstanceUse,TASK_COMPLETE,SUCCESS,INFO,1908,1908,0,,2026-08-31T19:06:18.658Z,2026-08-31T21:16:41.151Z,7823,2026-08-31T21:16:41.151Z,B41,Chesapeake,79f5b39e-d314-4ad3-8050-3ace553d67de,SAMMS-ChesapeakeV5
202608312116374369,202608311905654668,202608311905652236,85,4298,Bronze INV,br_ReAssessmentSubstanceUse,TASK_COMPLETE,SUCCESS,INFO,1938,1938,0,,2026-08-31T19:06:18.658Z,2026-08-31T21:16:41.151Z,7823,2026-08-31T21:16:41.151Z,B42,Virginia Beach,79f5b39e-d314-4ad3-8050-3ace553d67de,SAMMS-VirginiaBeachV5
202608312116374370,202608311905654669,202608311905652236,85,4299,Bronze INV,br_ReAssessmentSubstanceUse,TASK_COMPLETE,SUCCESS,INFO,945,945,0,,2026-08-31T19:06:18.658Z,2026-08-31T21:16:41.151Z,7823,2026-08-31T21:16:41.151Z,B42A,Newport News,79f5b39e-d314-4ad3-8050-3ace553d67de,SAMMS-NewportNewsV5
202608312116374371,202608311905654670,202608311905652236,85,4300,Bronze INV,br_ReAssessmentSubstanceUse,TASK_COMPLETE,SUCCESS,INFO,515,515,0,,2026-08-31T19:06:18.658Z,2026-08-31T21:16:41.151Z,7823,2026-08-31T21:16:41.151Z,B42B,Franklin,79f5b39e-d314-4ad3-8050-3ace553d67de,SAMMS-FranklinV5
202608312116374372,202608311905654671,202608311905652236,85,4301,Bronze INV,br_ReAssessmentSubstanceUse,TASK_COMPLETE,SUCCESS,INFO,352,352,0,,2026-08-31T19:06:18.658Z,2026-08-31T21:16:41.151Z,7823,2026-08-31T21:16:41.151Z,B42C,Glen Allen,79f5b39e-d314-4ad3-8050-3ace553d67de,SAMMS-GlenAllenV5
202608312116374373,202608311905654672,202608311905652236,85,4302,Bronze INV,br_ReAssessmentSubstanceUse,TASK_COMPLETE,SUCCESS,INFO,1510,1510,0,,2026-08-31T19:06:18.658Z,2026-08-31T21:16:41.151Z,7823,2026-08-31T21:16:41.151Z,B42D,Chesapeake South,79f5b39e-d314-4ad3-8050-3ace553d67de,SAMMS-ChesapeakeSouthV5
202608312116374374,202608311905654673,202608311905652236,85,4303,Bronze INV,br_ReAssessmentSubstanceUse,TASK_COMPLETE,SUCCESS,INFO,638,638,0,,2026-08-31T19:06:18.658Z,2026-08-31T21:16:41.151Z,7823,2026-08-31T21:16:41.151Z,B44,Albany,79f5b39e-d314-4ad3-8050-3ace553d67de,SAMMS-AlbanyV5
202608312116374375,202608311905654674,202608311905652236,85,4304,Bronze INV,br_ReAssessmentSubstanceUse,TASK_COMPLETE,SUCCESS,INFO,1278,1278,0,,2026-08-31T19:06:18.658Z,2026-08-31T21:16:41.151Z,7823,2026-08-31T21:16:41.151Z,B45,Tifton,79f5b39e-d314-4ad3-8050-3ace553d67de,SAMMS-TiftonV5
202608312116374377,202608311905654675,202608311905652236,85,4305,Bronze INV,br_ReAssessmentSubstanceUse,TASK_COMPLETE,SUCCESS,INFO,605,605,0,,2026-08-31T19:06:18.658Z,2026-08-31T21:16:41.151Z,7823,2026-08-31T21:16:41.151Z,B46,Washington DC,79f5b39e-d314-4ad3-8050-3ace553d67de,SAMMS-WashingtonDCv5
202608312116374378,202608311905654676,202608311905652236,85,4306,Bronze INV,br_ReAssessmentSubstanceUse,TASK_COMPLETE,SUCCESS,INFO,1599,1599,0,,2026-08-31T19:06:18.658Z,2026-08-31T21:16:41.151Z,7823,2026-08-31T21:16:41.151Z,B47,Mobile,79f5b39e-d314-4ad3-8050-3ace553d67de,SAMMS-MobileV5
202608312116374379,202608311905654677,202608311905652236,85,4307,Bronze INV,br_ReAssessmentSubstanceUse,TASK_COMPLETE,SUCCESS,INFO,1307,1307,0,,2026-08-31T19:06:18.658Z,2026-08-31T21:16:41.151Z,7823,2026-08-31T21:16:41.151Z,B48,Tuscaloosa,79f5b39e-d314-4ad3-8050-3ace553d67de,SAMMS-TuscaloosaV5
202608312116374380,202608311905654678,202608311905652236,85,4316,Bronze INV,br_ReAssessmentSubstanceUse,TASK_COMPLETE,SUCCESS,INFO,5,5,0,,2026-08-31T19:06:18.658Z,2026-08-31T21:16:41.151Z,7823,2026-08-31T21:16:41.151Z,B51,N. Little Rock (OTP),79f5b39e-d314-4ad3-8050-3ace553d67de,SAMMS-NorthLittleRockV6
202608312116374381,202608311905654679,202608311905652236,85,4317,Bronze INV,br_ReAssessmentSubstanceUse,TASK_COMPLETE,SUCCESS,INFO,466,466,0,,2026-08-31T19:06:18.658Z,2026-08-31T21:16:41.151Z,7823,2026-08-31T21:16:41.151Z,B52,Jackson GA,79f5b39e-d314-4ad3-8050-3ace553d67de,SAMMS-JacksonGAV5
202608312116374382,202608311905654680,202608311905652236,85,4318,Bronze INV,br_ReAssessmentSubstanceUse,TASK_COMPLETE,SUCCESS,INFO,1711,1711,0,,2026-08-31T19:06:18.658Z,2026-08-31T21:16:41.151Z,7823,2026-08-31T21:16:41.151Z,B54,Gadsden,79f5b39e-d314-4ad3-8050-3ace553d67de,SAMMS-GadsdenV5
202608312116374383,202608311905654681,202608311905652236,85,4319,Bronze INV,br_ReAssessmentSubstanceUse,TASK_COMPLETE,SUCCESS,INFO,968,968,0,,2026-08-31T19:06:18.658Z,2026-08-31T21:16:41.151Z,7823,2026-08-31T21:16:41.151Z,B55,Shoals,79f5b39e-d314-4ad3-8050-3ace553d67de,SAMMS-ShoalsV5
202608312116374384,202608311905654682,202608311905652236,85,4320,Bronze INV,br_ReAssessmentSubstanceUse,TASK_COMPLETE,SUCCESS,INFO,296,296,0,,2026-08-31T19:06:18.658Z,2026-08-31T21:16:41.151Z,7823,2026-08-31T21:16:41.151Z,B57,Pawtucket,79f5b39e-d314-4ad3-8050-3ace553d67de,SAMMS-Pawtucket
202608312116374386,202608311905654683,202608311905652236,85,4321,Bronze INV,br_ReAssessmentSubstanceUse,TASK_COMPLETE,SUCCESS,INFO,559,559,0,,2026-08-31T19:06:18.658Z,2026-08-31T21:16:41.151Z,7823,2026-08-31T21:16:41.151Z,B57A,Johnston,79f5b39e-d314-4ad3-8050-3ace553d67de,SAMMS-Johnston
202608312116374387,202608311905654684,202608311905652236,85,4322,Bronze INV,br_ReAssessmentSubstanceUse,TASK_COMPLETE,SUCCESS,INFO,169,169,0,,2026-08-31T19:06:18.658Z,2026-08-31T21:16:41.151Z,7823,2026-08-31T21:16:41.151Z,B57B,Middletown,79f5b39e-d314-4ad3-8050-3ace553d67de,SAMMS-Middletown
202608312116374388,202608311905654685,202608311905652236,85,4323,Bronze INV,br_ReAssessmentSubstanceUse,TASK_COMPLETE,SUCCESS,INFO,418,418,0,,2026-08-31T19:06:18.658Z,2026-08-31T21:16:41.151Z,7823,2026-08-31T21:16:41.151Z,B57C,Providence,79f5b39e-d314-4ad3-8050-3ace553d67de,SAMMS-Providence
202608312116374389,202608311905654686,202608311905652236,85,4324,Bronze INV,br_ReAssessmentSubstanceUse,TASK_COMPLETE,SUCCESS,INFO,642,642,0,,2026-08-31T19:06:18.658Z,2026-08-31T21:16:41.151Z,7823,2026-08-31T21:16:41.151Z,B57D,Westerly,79f5b39e-d314-4ad3-8050-3ace553d67de,SAMMS-Westerly
202608312116374390,202608311905654687,202608311905652236,85,4328,Bronze INV,br_ReAssessmentSubstanceUse,TASK_COMPLETE,SUCCESS,INFO,4,4,0,,2026-08-31T19:06:18.658Z,2026-08-31T21:16:41.151Z,7823,2026-08-31T21:16:41.151Z,B66A,Bremen,79f5b39e-d314-4ad3-8050-3ace553d67de,SAMMS-Bremen
202608312116374391,202608311905654688,202608311905652236,85,4331,Bronze INV,br_ReAssessmentSubstanceUse,TASK_COMPLETE,SUCCESS,INFO,0,0,0,,2026-08-31T19:06:18.658Z,2026-08-31T21:16:41.151Z,7823,2026-08-31T21:16:41.151Z,B72,Mobile (OBOT),79f5b39e-d314-4ad3-8050-3ace553d67de,SAMMS-Mobile-OBOT
202608312116374392,202608311905654689,202608311905652236,85,4332,Bronze INV,br_ReAssessmentSubstanceUse,TASK_COMPLETE,SUCCESS,INFO,0,0,0,,2026-08-31T19:06:18.658Z,2026-08-31T21:16:41.151Z,7823,2026-08-31T21:16:41.151Z,B73,Montgomery,79f5b39e-d314-4ad3-8050-3ace553d67de,SAMMS-Montgomery
202608312116374393,202608311905654690,202608311905652236,85,4333,Bronze INV,br_ReAssessmentSubstanceUse,TASK_COMPLETE,SUCCESS,INFO,523,523,0,,2026-08-31T19:06:18.658Z,2026-08-31T21:16:41.151Z,7823,2026-08-31T21:16:41.151Z,B75,Lawrence,79f5b39e-d314-4ad3-8050-3ace553d67de,SAMMS-LawrenceV6
202608312116374394,202608311905654691,202608311905652236,85,4334,Bronze INV,br_ReAssessmentSubstanceUse,TASK_COMPLETE,SUCCESS,INFO,0,0,0,,2026-08-31T19:06:18.658Z,2026-08-31T21:16:41.151Z,7823,2026-08-31T21:16:41.151Z,B76,Huntsville OBOT,79f5b39e-d314-4ad3-8050-3ace553d67de,SAMMS-Huntsville-OBOT
202608312116374395,202608311905654692,202608311905652236,85,4335,Bronze INV,br_ReAssessmentSubstanceUse,TASK_COMPLETE,SUCCESS,INFO,0,0,0,,2026-08-31T19:06:18.658Z,2026-08-31T21:16:41.151Z,7823,2026-08-31T21:16:41.151Z,BAT,Batesville,79f5b39e-d314-4ad3-8050-3ace553d67de,SAMMS-Batesville
202608312116374397,202608311905654693,202608311905652236,85,4336,Bronze INV,br_ReAssessmentSubstanceUse,TASK_COMPLETE,SUCCESS,INFO,465,465,0,,2026-08-31T19:06:18.658Z,2026-08-31T21:16:41.151Z,7823,2026-08-31T21:16:41.151Z,BG,Bowling Green,79f5b39e-d314-4ad3-8050-3ace553d67de,SAMMS-BowlingGreen
202608312116374398,202608311905654694,202608311905652236,85,4337,Bronze INV,br_ReAssessmentSubstanceUse,TASK_COMPLETE,SUCCESS,INFO,185,185,0,,2026-08-31T19:06:18.658Z,2026-08-31T21:16:41.151Z,7823,2026-08-31T21:16:41.151Z,BOI,Boise,79f5b39e-d314-4ad3-8050-3ace553d67de,SAMMS-Boise
202608312116374399,202608311905654695,202608311905652236,85,4344,Bronze INV,br_ReAssessmentSubstanceUse,TASK_COMPLETE,SUCCESS,INFO,57,57,0,,2026-08-31T19:06:18.658Z,2026-08-31T21:16:41.151Z,7823,2026-08-31T21:16:41.151Z,CBCO,Coeur dAlene,79f5b39e-d314-4ad3-8050-3ace553d67de,SAMMS-CoeurdAleneV6
202608312116374400,202608311905654696,202608311905652236,85,4363,Bronze INV,br_ReAssessmentSubstanceUse,TASK_COMPLETE,SUCCESS,INFO,0,0,0,,2026-08-31T19:06:18.658Z,2026-08-31T21:16:41.151Z,7823,2026-08-31T21:16:41.151Z,CON,Conway,79f5b39e-d314-4ad3-8050-3ace553d67de,SAMMS-Conway
202608312116374401,202608311905654697,202608311905652236,85,4364,Bronze INV,br_ReAssessmentSubstanceUse,TASK_COMPLETE,SUCCESS,INFO,2630,2630,0,,2026-08-31T19:06:18.658Z,2026-08-31T21:16:41.151Z,7823,2026-08-31T21:16:41.151Z,D07,Medical Services Knox TN,79f5b39e-d314-4ad3-8050-3ace553d67de,SAMMS-KnoxvilleV6
202608312116374402,202608311905654698,202608311905652236,85,4365,Bronze INV,br_ReAssessmentSubstanceUse,TASK_COMPLETE,SUCCESS,INFO,116,116,0,,2026-08-31T19:06:18.658Z,2026-08-31T21:16:41.151Z,7823,2026-08-31T21:16:41.151Z,D08,Madison,79f5b39e-d314-4ad3-8050-3ace553d67de,SAMMS-MadisonV6
202608312116374403,202608311905654699,202608311905652236,85,4367,Bronze INV,br_ReAssessmentSubstanceUse,TASK_COMPLETE,SUCCESS,INFO,137,137,0,,2026-08-31T19:06:18.658Z,2026-08-31T21:16:41.151Z,7823,2026-08-31T21:16:41.151Z,D09,Murfreesboro,79f5b39e-d314-4ad3-8050-3ace553d67de,SAMMS-MurfreesboroV6
202608312116374404,202608311905654700,202608311905652236,85,4368,Bronze INV,br_ReAssessmentSubstanceUse,TASK_COMPLETE,SUCCESS,INFO,340,340,0,,2026-08-31T19:06:18.658Z,2026-08-31T21:16:41.151Z,7823,2026-08-31T21:16:41.151Z,DA,Davenport,79f5b39e-d314-4ad3-8050-3ace553d67de,SAMMS-Davenport
202608312116374405,202608311905654701,202608311905652236,85,4369,Bronze INV,br_ReAssessmentSubstanceUse,TASK_COMPLETE,SUCCESS,INFO,292,292,0,,2026-08-31T19:06:18.658Z,2026-08-31T21:16:41.151Z,7823,2026-08-31T21:16:41.151Z,DM,Des Moines,79f5b39e-d314-4ad3-8050-3ace553d67de,SAMMS-DesMoines
202608312116374406,202608311905654702,202608311905652236,85,4371,Bronze INV,br_ReAssessmentSubstanceUse,TASK_COMPLETE,SUCCESS,INFO,534,534,0,,2026-08-31T19:06:18.658Z,2026-08-31T21:16:41.151Z,7823,2026-08-31T21:16:41.151Z,DRD-CO,Columbia MO,79f5b39e-d314-4ad3-8050-3ace553d67de,SAMMS-ColumbiaV5
202608312116374407,202608311905654703,202608311905652236,85,4372,Bronze INV,br_ReAssessmentSubstanceUse,TASK_COMPLETE,SUCCESS,INFO,348,348,0,,2026-08-31T19:06:18.658Z,2026-08-31T21:16:41.151Z,7823,2026-08-31T21:16:41.151Z,DRD-KC,KC,79f5b39e-d314-4ad3-8050-3ace553d67de,SAMMS-KCv5
202608312116374409,202608311905654704,202608311905652236,85,4373,Bronze INV,br_ReAssessmentSubstanceUse,TASK_COMPLETE,SUCCESS,INFO,1572,1572,0,,2026-08-31T19:06:18.658Z,2026-08-31T21:16:41.151Z,7823,2026-08-31T21:16:41.151Z,DRD-KVB,KVB,79f5b39e-d314-4ad3-8050-3ace553d67de,SAMMS-KVBv5
202608312116374410,202608311905654705,202608311905652236,85,4374,Bronze INV,br_ReAssessmentSubstanceUse,TASK_COMPLETE,SUCCESS,INFO,1688,1688,0,,2026-08-31T19:06:18.658Z,2026-08-31T21:16:41.151Z,7823,2026-08-31T21:16:41.151Z,DRD-KVC,KVC,79f5b39e-d314-4ad3-8050-3ace553d67de,SAMMS-KVCv5
202608312116374411,202608311905654706,202608311905652236,85,4375,Bronze INV,br_ReAssessmentSubstanceUse,TASK_COMPLETE,SUCCESS,INFO,3216,3216,0,,2026-08-31T19:06:18.658Z,2026-08-31T21:16:41.151Z,7823,2026-08-31T21:16:41.151Z,DRD-NOLA,NOLA,79f5b39e-d314-4ad3-8050-3ace553d67de,SAMMS-NOLAv5
202608312116374412,202608311905654707,202608311905652236,85,4376,Bronze INV,br_ReAssessmentSubstanceUse,TASK_COMPLETE,SUCCESS,INFO,817,817,0,,2026-08-31T19:06:18.658Z,2026-08-31T21:16:41.151Z,7823,2026-08-31T21:16:41.151Z,DRD-SF,Springfield,79f5b39e-d314-4ad3-8050-3ace553d67de,SAMMS-SFv5
202608312116374413,202608311905654708,202608311905652236,85,4378,Bronze INV,br_ReAssessmentSubstanceUse,TASK_COMPLETE,SUCCESS,INFO,262,262,0,,2026-08-31T19:06:18.658Z,2026-08-31T21:16:41.151Z,7823,2026-08-31T21:16:41.151Z,ELC,Elizabeth City,79f5b39e-d314-4ad3-8050-3ace553d67de,SAMMS-ElizabethCity
202608312116374414,202608311905654709,202608311905652236,85,4379,Bronze INV,br_ReAssessmentSubstanceUse,TASK_COMPLETE,SUCCESS,INFO,128,128,0,,2026-08-31T19:06:18.658Z,2026-08-31T21:16:41.151Z,7823,2026-08-31T21:16:41.151Z,ET,Elizabethtown,79f5b39e-d314-4ad3-8050-3ace553d67de,SAMMS-Elizabethtown
202608312116374415,202608311905654710,202608311905652236,85,4380,Bronze INV,br_ReAssessmentSubstanceUse,TASK_COMPLETE,SUCCESS,INFO,0,0,0,,2026-08-31T19:06:18.658Z,2026-08-31T21:16:41.151Z,7823,2026-08-31T21:16:41.151Z,FAY,Fayetteville,79f5b39e-d314-4ad3-8050-3ace553d67de,SAMMS-Fayetteville
202608312116374416,202608311905654711,202608311905652236,85,4381,Bronze INV,br_ReAssessmentSubstanceUse,TASK_COMPLETE,SUCCESS,INFO,158,158,0,,2026-08-31T19:06:18.658Z,2026-08-31T21:16:41.151Z,7823,2026-08-31T21:16:41.151Z,FR,Frankfort,79f5b39e-d314-4ad3-8050-3ace553d67de,SAMMS-Frankfort
202608312116374417,202608311905654712,202608311905652236,85,4382,Bronze INV,br_ReAssessmentSubstanceUse,TASK_COMPLETE,SUCCESS,INFO,0,0,0,,2026-08-31T19:06:18.658Z,2026-08-31T21:16:41.151Z,7823,2026-08-31T21:16:41.151Z,FS,Fort Smith,79f5b39e-d314-4ad3-8050-3ace553d67de,SAMMS-FortSmith
202608312116374418,202608311905654713,202608311905652236,85,4383,Bronze INV,br_ReAssessmentSubstanceUse,TASK_COMPLETE,SUCCESS,INFO,472,472,0,,2026-08-31T19:06:18.658Z,2026-08-31T21:16:41.151Z,7823,2026-08-31T21:16:41.151Z,FW,Fort Wayne,79f5b39e-d314-4ad3-8050-3ace553d67de,SAMMS-FortWayne
202608312116374420,202608311905654714,202608311905652236,85,4384,Bronze INV,br_ReAssessmentSubstanceUse,TASK_COMPLETE,SUCCESS,INFO,276,276,0,,2026-08-31T19:06:18.658Z,2026-08-31T21:16:41.151Z,7823,2026-08-31T21:16:41.151Z,GAL,Gaylord,79f5b39e-d314-4ad3-8050-3ace553d67de,SAMMS-Gaylord
202608312116374421,202608311905654715,202608311905652236,85,4388,Bronze INV,br_ReAssessmentSubstanceUse,TASK_COMPLETE,SUCCESS,INFO,102,102,0,,2026-08-31T19:06:18.658Z,2026-08-31T21:16:41.151Z,7823,2026-08-31T21:16:41.151Z,HGT,Hagerstown,79f5b39e-d314-4ad3-8050-3ace553d67de,SAMMS-Hagerstown
202608312116374422,202608311905654716,202608311905652236,85,4389,Bronze INV,br_ReAssessmentSubstanceUse,TASK_COMPLETE,SUCCESS,INFO,1747,1747,0,,2026-08-31T19:06:18.658Z,2026-08-31T21:16:41.151Z,7823,2026-08-31T21:16:41.151Z,HNT,Huntsville,79f5b39e-d314-4ad3-8050-3ace553d67de,SAMMS-Huntsville
202608312116374423,202608311905654717,202608311905652236,85,4390,Bronze INV,br_ReAssessmentSubstanceUse,TASK_COMPLETE,SUCCESS,INFO,0,0,0,,2026-08-31T19:06:18.658Z,2026-08-31T21:16:41.151Z,7823,2026-08-31T21:16:41.151Z,HS,Hot Springs,79f5b39e-d314-4ad3-8050-3ace553d67de,SAMMS-HotSprings
202608312116374424,202608311905654718,202608311905652236,85,4391,Bronze INV,br_ReAssessmentSubstanceUse,TASK_COMPLETE,SUCCESS,INFO,0,0,0,,2026-08-31T19:06:18.658Z,2026-08-31T21:16:41.151Z,7823,2026-08-31T21:16:41.151Z,JON,Jonesboro,79f5b39e-d314-4ad3-8050-3ace553d67de,SAMMS-Jonesboro
202608312116374425,202608311905654719,202608311905652236,85,4393,Bronze INV,br_ReAssessmentSubstanceUse,TASK_COMPLETE,SUCCESS,INFO,455,455,0,,2026-08-31T19:06:18.658Z,2026-08-31T21:16:41.151Z,7823,2026-08-31T21:16:41.151Z,LAN,Lansing,79f5b39e-d314-4ad3-8050-3ace553d67de,SAMMS-Lansing
202608312116374426,202608311905654720,202608311905652236,85,4394,Bronze INV,br_ReAssessmentSubstanceUse,TASK_COMPLETE,SUCCESS,INFO,1293,1293,0,,2026-08-31T19:06:18.658Z,2026-08-31T21:16:41.151Z,7823,2026-08-31T21:16:41.151Z,LO,Louisville,79f5b39e-d314-4ad3-8050-3ace553d67de,SAMMS-Louisville
202608312116374427,202608311905654721,202608311905652236,85,4395,Bronze INV,br_ReAssessmentSubstanceUse,TASK_COMPLETE,SUCCESS,INFO,295,295,0,,2026-08-31T19:06:18.658Z,2026-08-31T21:16:41.151Z,7823,2026-08-31T21:16:41.151Z,LV1,Cheyenne,79f5b39e-d314-4ad3-8050-3ace553d67de,SAMMS-Cheyenne
202608312116374428,202608311905654722,202608311905652236,85,4396,Bronze INV,br_ReAssessmentSubstanceUse,TASK_COMPLETE,SUCCESS,INFO,205,205,0,,2026-08-31T19:06:18.658Z,2026-08-31T21:16:41.151Z,7823,2026-08-31T21:16:41.151Z,LV2,Desert Inn,79f5b39e-d314-4ad3-8050-3ace553d67de,SAMMS-DesertInn
202608312116374429,202608311905654723,202608311905652236,85,4397,Bronze INV,br_ReAssessmentSubstanceUse,TASK_COMPLETE,SUCCESS,INFO,111,111,0,,2026-08-31T19:06:18.658Z,2026-08-31T21:16:41.151Z,7823,2026-08-31T21:16:41.151Z,LV3,McDaniel,79f5b39e-d314-4ad3-8050-3ace553d67de,SAMMS-McDaniel
202608312116374430,202608311905654724,202608311905652236,85,4400,Bronze INV,br_ReAssessmentSubstanceUse,TASK_COMPLETE,SUCCESS,INFO,365,365,0,,2026-08-31T19:06:18.658Z,2026-08-31T21:16:41.151Z,7823,2026-08-31T21:16:41.151Z,MNRE,Monroe,79f5b39e-d314-4ad3-8050-3ace553d67de,SAMMS-Monroe
202608312116374432,202608311905654725,202608311905652236,85,4401,Bronze INV,br_ReAssessmentSubstanceUse,TASK_COMPLETE,SUCCESS,INFO,1437,1437,0,,2026-08-31T19:06:18.658Z,2026-08-31T21:16:41.151Z,7823,2026-08-31T21:16:41.151Z,MP,Mt. Pleasant,79f5b39e-d314-4ad3-8050-3ace553d67de,SAMMS-MtPleasant
202608312116374433,202608311905654726,202608311905652236,85,4402,Bronze INV,br_ReAssessmentSubstanceUse,TASK_COMPLETE,SUCCESS,INFO,156,156,0,,2026-08-31T19:06:18.658Z,2026-08-31T21:16:41.151Z,7823,2026-08-31T21:16:41.151Z,MRD,Meridian,79f5b39e-d314-4ad3-8050-3ace553d67de,SAMMS-Meridian
202608312116374434,202608311905654727,202608311905652236,85,4407,Bronze INV,br_ReAssessmentSubstanceUse,TASK_COMPLETE,SUCCESS,INFO,697,697,0,,2026-08-31T19:06:18.658Z,2026-08-31T21:16:41.151Z,7823,2026-08-31T21:16:41.151Z,NC,North Charleston,79f5b39e-d314-4ad3-8050-3ace553d67de,SAMMS-NorthCharleston
202608312116374435,202608311905654728,202608311905652236,85,4408,Bronze INV,br_ReAssessmentSubstanceUse,TASK_COMPLETE,SUCCESS,INFO,0,0,0,,2026-08-31T19:06:18.658Z,2026-08-31T21:16:41.151Z,7823,2026-08-31T21:16:41.151Z,NLR,N. Little Rock,79f5b39e-d314-4ad3-8050-3ace553d67de,SAMMS-NLROBOT
202608312116374436,202608311905654729,202608311905652236,85,4409,Bronze INV,br_ReAssessmentSubstanceUse,TASK_COMPLETE,SUCCESS,INFO,115,115,0,,2026-08-31T19:06:18.658Z,2026-08-31T21:16:41.151Z,7823,2026-08-31T21:16:41.151Z,PH,Phoenix,79f5b39e-d314-4ad3-8050-3ace553d67de,SAMMS-Phoenix
202608312116374437,202608311905654730,202608311905652236,85,4413,Bronze INV,br_ReAssessmentSubstanceUse,TASK_COMPLETE,SUCCESS,INFO,219,219,0,,2026-08-31T19:06:18.658Z,2026-08-31T21:16:41.151Z,7823,2026-08-31T21:16:41.151Z,RE,Reno,79f5b39e-d314-4ad3-8050-3ace553d67de,SAMMS-Reno
202609012114521258,202609011903674414,202609011903672005,85,4085,Bronze INV,br_ReAssessmentPhysicalHealth,TASK_COMPLETE,SUCCESS,INFO,1965,1965,0,,2026-09-01T19:04:17.664Z,2026-09-01T21:14:55.846Z,7838,2026-09-01T21:14:55.846Z,VBRP,Brooklyn Park,0e5f68b5-5669-4bb1-91ce-4b967b620e7d,SAMMS-BrooklynParkV6
202609012114521259,202609011903674415,202609011903672005,85,4087,Bronze INV,br_ReAssessmentPhysicalHealth,TASK_COMPLETE,SUCCESS,INFO,746,746,0,,2026-09-01T19:04:17.664Z,2026-09-01T21:14:55.846Z,7838,2026-09-01T21:14:55.846Z,VMIN,Minneapolis,0e5f68b5-5669-4bb1-91ce-4b967b620e7d,SAMMS-MinneapolisV6
202609012114521260,202609011903674416,202609011903672005,85,4088,Bronze INV,br_ReAssessmentPhysicalHealth,TASK_COMPLETE,SUCCESS,INFO,889,889,0,,2026-09-01T19:04:17.664Z,2026-09-01T21:14:55.846Z,7838,2026-09-01T21:14:55.846Z,VWBY,Woodbury,0e5f68b5-5669-4bb1-91ce-4b967b620e7d,SAMMS-WoodburyV6
202609012114521262,202609011903674417,202609011903672005,85,4090,Bronze INV,br_ReAssessmentPhysicalHealth,TASK_COMPLETE,SUCCESS,INFO,161,161,0,,2026-09-01T19:04:17.664Z,2026-09-01T21:14:55.846Z,7838,2026-09-01T21:14:55.846Z,WIL,Wilson,0e5f68b5-5669-4bb1-91ce-4b967b620e7d,SAMMS-Wilson
202609012114521263,202609011903674418,202609011903672005,85,4278,Bronze INV,br_ReAssessmentSubstanceUse,TASK_COMPLETE,SUCCESS,INFO,35,35,0,,2026-09-01T19:04:17.664Z,2026-09-01T21:14:55.846Z,7838,2026-09-01T21:14:55.846Z,AHK,Ahoskie,0e5f68b5-5669-4bb1-91ce-4b967b620e7d,SAMMS-Ahoskie
202609012114521264,202609011903674419,202609011903672005,85,4279,Bronze INV,br_ReAssessmentSubstanceUse,TASK_COMPLETE,SUCCESS,INFO,673,673,0,,2026-09-01T19:04:17.664Z,2026-09-01T21:14:55.846Z,7838,2026-09-01T21:14:55.846Z,B12B,Colorado Springs,0e5f68b5-5669-4bb1-91ce-4b967b620e7d,SAMMS-ColoradoSpringsV5
202609012114521265,202609011903674420,202609011903672005,85,4280,Bronze INV,br_ReAssessmentSubstanceUse,TASK_COMPLETE,SUCCESS,INFO,848,848,0,,2026-09-01T19:04:17.664Z,2026-09-01T21:14:55.846Z,7838,2026-09-01T21:14:55.846Z,B24,Paintsville,0e5f68b5-5669-4bb1-91ce-4b967b620e7d,SAMMS-PaintsvilleV5
202609012114521266,202609011903674421,202609011903672005,85,4281,Bronze INV,br_ReAssessmentSubstanceUse,TASK_COMPLETE,SUCCESS,INFO,649,649,0,,2026-09-01T19:04:17.664Z,2026-09-01T21:14:55.846Z,7838,2026-09-01T21:14:55.846Z,B25,Pikeville,0e5f68b5-5669-4bb1-91ce-4b967b620e7d,SAMMS-PikevilleV5
202609012114521267,202609011903674422,202609011903672005,85,4282,Bronze INV,br_ReAssessmentSubstanceUse,TASK_COMPLETE,SUCCESS,INFO,973,973,0,,2026-09-01T19:04:17.664Z,2026-09-01T21:14:55.846Z,7838,2026-09-01T21:14:55.846Z,B26,Hazard,0e5f68b5-5669-4bb1-91ce-4b967b620e7d,SAMMS-HazardV5
202609012114521268,202609011903674423,202609011903672005,85,4283,Bronze INV,br_ReAssessmentSubstanceUse,TASK_COMPLETE,SUCCESS,INFO,538,538,0,,2026-09-01T19:04:17.664Z,2026-09-01T21:14:55.846Z,7838,2026-09-01T21:14:55.846Z,B27,Savannah,0e5f68b5-5669-4bb1-91ce-4b967b620e7d,SAMMS-SavannahV6
202609012114521269,202609011903674424,202609011903672005,85,4284,Bronze INV,br_ReAssessmentSubstanceUse,TASK_COMPLETE,SUCCESS,INFO,248,248,0,,2026-09-01T19:04:17.664Z,2026-09-01T21:14:55.846Z,7838,2026-09-01T21:14:55.846Z,B28,West Plains,0e5f68b5-5669-4bb1-91ce-4b967b620e7d,SAMMS-WestPlainesV5
202609012114521271,202609011903674425,202609011903672005,85,4285,Bronze INV,br_ReAssessmentSubstanceUse,TASK_COMPLETE,SUCCESS,INFO,464,464,0,,2026-09-01T19:04:17.664Z,2026-09-01T21:14:55.846Z,7838,2026-09-01T21:14:55.846Z,B29,Poplar Bluff,0e5f68b5-5669-4bb1-91ce-4b967b620e7d,SAMMS-PoplarBluffV5
202609012114521272,202609011903674426,202609011903672005,85,4286,Bronze INV,br_ReAssessmentSubstanceUse,TASK_COMPLETE,SUCCESS,INFO,82,82,0,,2026-09-01T19:04:17.664Z,2026-09-01T21:14:55.846Z,7838,2026-09-01T21:14:55.846Z,B30,KC North,0e5f68b5-5669-4bb1-91ce-4b967b620e7d,SAMMS-KCNv5
202609012114521273,202609011903674427,202609011903672005,85,4287,Bronze INV,br_ReAssessmentSubstanceUse,TASK_COMPLETE,SUCCESS,INFO,402,402,0,,2026-09-01T19:04:17.664Z,2026-09-01T21:14:55.846Z,7838,2026-09-01T21:14:55.846Z,B31,Dyersburg,0e5f68b5-5669-4bb1-91ce-4b967b620e7d,SAMMS-DyersburgV5
202609012114521274,202609011903674428,202609011903672005,85,4289,Bronze INV,br_ReAssessmentSubstanceUse,TASK_COMPLETE,SUCCESS,INFO,489,489,0,,2026-09-01T19:04:17.664Z,2026-09-01T21:14:55.846Z,7838,2026-09-01T21:14:55.846Z,B33,Paducah,0e5f68b5-5669-4bb1-91ce-4b967b620e7d,SAMMS-Paducah
202609012114521275,202609011903674429,202609011903672005,85,4290,Bronze INV,br_ReAssessmentSubstanceUse,TASK_COMPLETE,SUCCESS,INFO,388,388,0,,2026-09-01T19:04:17.664Z,2026-09-01T21:14:55.846Z,7838,2026-09-01T21:14:55.846Z,B34,Corbin,0e5f68b5-5669-4bb1-91ce-4b967b620e7d,SAMMS-CorbinV5
202609012114521276,202609011903674430,202609011903672005,85,4291,Bronze INV,br_ReAssessmentSubstanceUse,TASK_COMPLETE,SUCCESS,INFO,243,243,0,,2026-09-01T19:04:17.664Z,2026-09-01T21:14:55.846Z,7838,2026-09-01T21:14:55.846Z,B35,Lexington,0e5f68b5-5669-4bb1-91ce-4b967b620e7d,SAMMS-LexingtonV5
202609012114521277,202609011903674431,202609011903672005,85,4292,Bronze INV,br_ReAssessmentSubstanceUse,TASK_COMPLETE,SUCCESS,INFO,77,77,0,,2026-09-01T19:04:17.664Z,2026-09-01T21:14:55.846Z,7838,2026-09-01T21:14:55.846Z,B35A,Berea,0e5f68b5-5669-4bb1-91ce-4b967b620e7d,SAMMS-BereaV5
202609012114521278,202609011903674432,202609011903672005,85,4293,Bronze INV,br_ReAssessmentSubstanceUse,TASK_COMPLETE,SUCCESS,INFO,22,22,0,,2026-09-01T19:04:17.664Z,2026-09-01T21:14:55.846Z,7838,2026-09-01T21:14:55.846Z,B36,Asheville,0e5f68b5-5669-4bb1-91ce-4b967b620e7d,SAMMS-AshevilleV5
202609012114521280,202609011903674433,202609011903672005,85,4294,Bronze INV,br_ReAssessmentSubstanceUse,TASK_COMPLETE,SUCCESS,INFO,2,2,0,,2026-09-01T19:04:17.664Z,2026-09-01T21:14:55.846Z,7838,2026-09-01T21:14:55.846Z,B37,Clyde,0e5f68b5-5669-4bb1-91ce-4b967b620e7d,SAMMS-ClydeV5
202609012114521281,202609011903674434,202609011903672005,85,4295,Bronze INV,br_ReAssessmentSubstanceUse,TASK_COMPLETE,SUCCESS,INFO,1194,1194,0,,2026-09-01T19:04:17.664Z,2026-09-01T21:14:55.846Z,7838,2026-09-01T21:14:55.846Z,B38,Spartanburg,0e5f68b5-5669-4bb1-91ce-4b967b620e7d,SAMMS-SpartanburgV5
202609012114521282,202609011903674435,202609011903672005,85,4296,Bronze INV,br_ReAssessmentSubstanceUse,TASK_COMPLETE,SUCCESS,INFO,367,367,0,,2026-09-01T19:04:17.664Z,2026-09-01T21:14:55.846Z,7838,2026-09-01T21:14:55.846Z,B39,Aiken,0e5f68b5-5669-4bb1-91ce-4b967b620e7d,SAMMS-AikenV5
202609012114521283,202609011903674436,202609011903672005,85,4297,Bronze INV,br_ReAssessmentSubstanceUse,TASK_COMPLETE,SUCCESS,INFO,1908,1908,0,,2026-09-01T19:04:17.664Z,2026-09-01T21:14:55.846Z,7838,2026-09-01T21:14:55.846Z,B41,Chesapeake,0e5f68b5-5669-4bb1-91ce-4b967b620e7d,SAMMS-ChesapeakeV5
202609012114521284,202609011903674437,202609011903672005,85,4298,Bronze INV,br_ReAssessmentSubstanceUse,TASK_COMPLETE,SUCCESS,INFO,1938,1938,0,,2026-09-01T19:04:17.664Z,2026-09-01T21:14:55.846Z,7838,2026-09-01T21:14:55.846Z,B42,Virginia Beach,0e5f68b5-5669-4bb1-91ce-4b967b620e7d,SAMMS-VirginiaBeachV5
202609012114521285,202609011903674438,202609011903672005,85,4299,Bronze INV,br_ReAssessmentSubstanceUse,TASK_COMPLETE,SUCCESS,INFO,945,945,0,,2026-09-01T19:04:17.664Z,2026-09-01T21:14:55.846Z,7838,2026-09-01T21:14:55.846Z,B42A,Newport News,0e5f68b5-5669-4bb1-91ce-4b967b620e7d,SAMMS-NewportNewsV5
202609012114521286,202609011903674439,202609011903672005,85,4300,Bronze INV,br_ReAssessmentSubstanceUse,TASK_COMPLETE,SUCCESS,INFO,515,515,0,,2026-09-01T19:04:17.664Z,2026-09-01T21:14:55.846Z,7838,2026-09-01T21:14:55.846Z,B42B,Franklin,0e5f68b5-5669-4bb1-91ce-4b967b620e7d,SAMMS-FranklinV5
202609012114521288,202609011903674440,202609011903672005,85,4301,Bronze INV,br_ReAssessmentSubstanceUse,TASK_COMPLETE,SUCCESS,INFO,352,352,0,,2026-09-01T19:04:17.664Z,2026-09-01T21:14:55.846Z,7838,2026-09-01T21:14:55.846Z,B42C,Glen Allen,0e5f68b5-5669-4bb1-91ce-4b967b620e7d,SAMMS-GlenAllenV5
202609012114521289,202609011903674441,202609011903672005,85,4302,Bronze INV,br_ReAssessmentSubstanceUse,TASK_COMPLETE,SUCCESS,INFO,1510,1510,0,,2026-09-01T19:04:17.664Z,2026-09-01T21:14:55.846Z,7838,2026-09-01T21:14:55.846Z,B42D,Chesapeake South,0e5f68b5-5669-4bb1-91ce-4b967b620e7d,SAMMS-ChesapeakeSouthV5
202609012114521290,202609011903674442,202609011903672005,85,4303,Bronze INV,br_ReAssessmentSubstanceUse,TASK_COMPLETE,SUCCESS,INFO,638,638,0,,2026-09-01T19:04:17.664Z,2026-09-01T21:14:55.846Z,7838,2026-09-01T21:14:55.846Z,B44,Albany,0e5f68b5-5669-4bb1-91ce-4b967b620e7d,SAMMS-AlbanyV5
202609012114521291,202609011903674443,202609011903672005,85,4304,Bronze INV,br_ReAssessmentSubstanceUse,TASK_COMPLETE,SUCCESS,INFO,1278,1278,0,,2026-09-01T19:04:17.664Z,2026-09-01T21:14:55.846Z,7838,2026-09-01T21:14:55.846Z,B45,Tifton,0e5f68b5-5669-4bb1-91ce-4b967b620e7d,SAMMS-TiftonV5
202609012114521292,202609011903674444,202609011903672005,85,4305,Bronze INV,br_ReAssessmentSubstanceUse,TASK_COMPLETE,SUCCESS,INFO,605,605,0,,2026-09-01T19:04:17.664Z,2026-09-01T21:14:55.846Z,7838,2026-09-01T21:14:55.846Z,B46,Washington DC,0e5f68b5-5669-4bb1-91ce-4b967b620e7d,SAMMS-WashingtonDCv5
202609012114521293,202609011903674445,202609011903672005,85,4306,Bronze INV,br_ReAssessmentSubstanceUse,TASK_COMPLETE,SUCCESS,INFO,1599,1599,0,,2026-09-01T19:04:17.664Z,2026-09-01T21:14:55.846Z,7838,2026-09-01T21:14:55.846Z,B47,Mobile,0e5f68b5-5669-4bb1-91ce-4b967b620e7d,SAMMS-MobileV5
202609012114521294,202609011903674446,202609011903672005,85,4307,Bronze INV,br_ReAssessmentSubstanceUse,TASK_COMPLETE,SUCCESS,INFO,1307,1307,0,,2026-09-01T19:04:17.664Z,2026-09-01T21:14:55.846Z,7838,2026-09-01T21:14:55.846Z,B48,Tuscaloosa,0e5f68b5-5669-4bb1-91ce-4b967b620e7d,SAMMS-TuscaloosaV5
202609012114521295,202609011903674447,202609011903672005,85,4316,Bronze INV,br_ReAssessmentSubstanceUse,TASK_COMPLETE,SUCCESS,INFO,5,5,0,,2026-09-01T19:04:17.664Z,2026-09-01T21:14:55.846Z,7838,2026-09-01T21:14:55.846Z,B51,N. Little Rock (OTP),0e5f68b5-5669-4bb1-91ce-4b967b620e7d,SAMMS-NorthLittleRockV6
202609012114521297,202609011903674448,202609011903672005,85,4317,Bronze INV,br_ReAssessmentSubstanceUse,TASK_COMPLETE,SUCCESS,INFO,466,466,0,,2026-09-01T19:04:17.664Z,2026-09-01T21:14:55.846Z,7838,2026-09-01T21:14:55.846Z,B52,Jackson GA,0e5f68b5-5669-4bb1-91ce-4b967b620e7d,SAMMS-JacksonGAV5
202609012114521298,202609011903674449,202609011903672005,85,4318,Bronze INV,br_ReAssessmentSubstanceUse,TASK_COMPLETE,SUCCESS,INFO,1711,1711,0,,2026-09-01T19:04:17.664Z,2026-09-01T21:14:55.846Z,7838,2026-09-01T21:14:55.846Z,B54,Gadsden,0e5f68b5-5669-4bb1-91ce-4b967b620e7d,SAMMS-GadsdenV5
202609012114521299,202609011903674450,202609011903672005,85,4319,Bronze INV,br_ReAssessmentSubstanceUse,TASK_COMPLETE,SUCCESS,INFO,968,968,0,,2026-09-01T19:04:17.664Z,2026-09-01T21:14:55.846Z,7838,2026-09-01T21:14:55.846Z,B55,Shoals,0e5f68b5-5669-4bb1-91ce-4b967b620e7d,SAMMS-ShoalsV5
202609012114521300,202609011903674451,202609011903672005,85,4320,Bronze INV,br_ReAssessmentSubstanceUse,TASK_COMPLETE,SUCCESS,INFO,296,296,0,,2026-09-01T19:04:17.664Z,2026-09-01T21:14:55.846Z,7838,2026-09-01T21:14:55.846Z,B57,Pawtucket,0e5f68b5-5669-4bb1-91ce-4b967b620e7d,SAMMS-Pawtucket
202609012114521301,202609011903674452,202609011903672005,85,4321,Bronze INV,br_ReAssessmentSubstanceUse,TASK_COMPLETE,SUCCESS,INFO,559,559,0,,2026-09-01T19:04:17.664Z,2026-09-01T21:14:55.846Z,7838,2026-09-01T21:14:55.846Z,B57A,Johnston,0e5f68b5-5669-4bb1-91ce-4b967b620e7d,SAMMS-Johnston
202609012114521302,202609011903674453,202609011903672005,85,4322,Bronze INV,br_ReAssessmentSubstanceUse,TASK_COMPLETE,SUCCESS,INFO,169,169,0,,2026-09-01T19:04:17.664Z,2026-09-01T21:14:55.846Z,7838,2026-09-01T21:14:55.846Z,B57B,Middletown,0e5f68b5-5669-4bb1-91ce-4b967b620e7d,SAMMS-Middletown
202609012114521303,202609011903674454,202609011903672005,85,4323,Bronze INV,br_ReAssessmentSubstanceUse,TASK_COMPLETE,SUCCESS,INFO,418,418,0,,2026-09-01T19:04:17.664Z,2026-09-01T21:14:55.846Z,7838,2026-09-01T21:14:55.846Z,B57C,Providence,0e5f68b5-5669-4bb1-91ce-4b967b620e7d,SAMMS-Providence
202609012114521304,202609011903674455,202609011903672005,85,4324,Bronze INV,br_ReAssessmentSubstanceUse,TASK_COMPLETE,SUCCESS,INFO,642,642,0,,2026-09-01T19:04:17.664Z,2026-09-01T21:14:55.846Z,7838,2026-09-01T21:14:55.846Z,B57D,Westerly,0e5f68b5-5669-4bb1-91ce-4b967b620e7d,SAMMS-Westerly
202609012114521306,202609011903674456,202609011903672005,85,4328,Bronze INV,br_ReAssessmentSubstanceUse,TASK_COMPLETE,SUCCESS,INFO,4,4,0,,2026-09-01T19:04:17.664Z,2026-09-01T21:14:55.846Z,7838,2026-09-01T21:14:55.846Z,B66A,Bremen,0e5f68b5-5669-4bb1-91ce-4b967b620e7d,SAMMS-Bremen
202609012114521307,202609011903674457,202609011903672005,85,4331,Bronze INV,br_ReAssessmentSubstanceUse,TASK_COMPLETE,SUCCESS,INFO,0,0,0,,2026-09-01T19:04:17.664Z,2026-09-01T21:14:55.846Z,7838,2026-09-01T21:14:55.846Z,B72,Mobile (OBOT),0e5f68b5-5669-4bb1-91ce-4b967b620e7d,SAMMS-Mobile-OBOT
202609012114521308,202609011903674458,202609011903672005,85,4332,Bronze INV,br_ReAssessmentSubstanceUse,TASK_COMPLETE,SUCCESS,INFO,0,0,0,,2026-09-01T19:04:17.664Z,2026-09-01T21:14:55.846Z,7838,2026-09-01T21:14:55.846Z,B73,Montgomery,0e5f68b5-5669-4bb1-91ce-4b967b620e7d,SAMMS-Montgomery
202609012114521309,202609011903674459,202609011903672005,85,4333,Bronze INV,br_ReAssessmentSubstanceUse,TASK_COMPLETE,SUCCESS,INFO,523,523,0,,2026-09-01T19:04:17.664Z,2026-09-01T21:14:55.846Z,7838,2026-09-01T21:14:55.846Z,B75,Lawrence,0e5f68b5-5669-4bb1-91ce-4b967b620e7d,SAMMS-LawrenceV6
202609012114521310,202609011903674460,202609011903672005,85,4334,Bronze INV,br_ReAssessmentSubstanceUse,TASK_COMPLETE,SUCCESS,INFO,0,0,0,,2026-09-01T19:04:17.664Z,2026-09-01T21:14:55.846Z,7838,2026-09-01T21:14:55.846Z,B76,Huntsville OBOT,0e5f68b5-5669-4bb1-91ce-4b967b620e7d,SAMMS-Huntsville-OBOT
202609012114521311,202609011903674461,202609011903672005,85,4335,Bronze INV,br_ReAssessmentSubstanceUse,TASK_COMPLETE,SUCCESS,INFO,0,0,0,,2026-09-01T19:04:17.664Z,2026-09-01T21:14:55.846Z,7838,2026-09-01T21:14:55.846Z,BAT,Batesville,0e5f68b5-5669-4bb1-91ce-4b967b620e7d,SAMMS-Batesville
202609012114521312,202609011903674462,202609011903672005,85,4336,Bronze INV,br_ReAssessmentSubstanceUse,TASK_COMPLETE,SUCCESS,INFO,465,465,0,,2026-09-01T19:04:17.664Z,2026-09-01T21:14:55.846Z,7838,2026-09-01T21:14:55.846Z,BG,Bowling Green,0e5f68b5-5669-4bb1-91ce-4b967b620e7d,SAMMS-BowlingGreen
202609012114521313,202609011903674463,202609011903672005,85,4337,Bronze INV,br_ReAssessmentSubstanceUse,TASK_COMPLETE,SUCCESS,INFO,185,185,0,,2026-09-01T19:04:17.664Z,2026-09-01T21:14:55.846Z,7838,2026-09-01T21:14:55.846Z,BOI,Boise,0e5f68b5-5669-4bb1-91ce-4b967b620e7d,SAMMS-Boise
202609012114521315,202609011903674464,202609011903672005,85,4344,Bronze INV,br_ReAssessmentSubstanceUse,TASK_COMPLETE,SUCCESS,INFO,57,57,0,,2026-09-01T19:04:17.664Z,2026-09-01T21:14:55.846Z,7838,2026-09-01T21:14:55.846Z,CBCO,Coeur dAlene,0e5f68b5-5669-4bb1-91ce-4b967b620e7d,SAMMS-CoeurdAleneV6
202609012114521316,202609011903674465,202609011903672005,85,4363,Bronze INV,br_ReAssessmentSubstanceUse,TASK_COMPLETE,SUCCESS,INFO,0,0,0,,2026-09-01T19:04:17.664Z,2026-09-01T21:14:55.846Z,7838,2026-09-01T21:14:55.846Z,CON,Conway,0e5f68b5-5669-4bb1-91ce-4b967b620e7d,SAMMS-Conway
202609012114521317,202609011903674466,202609011903672005,85,4364,Bronze INV,br_ReAssessmentSubstanceUse,TASK_COMPLETE,SUCCESS,INFO,2630,2630,0,,2026-09-01T19:04:17.664Z,2026-09-01T21:14:55.846Z,7838,2026-09-01T21:14:55.846Z,D07,Medical Services Knox TN,0e5f68b5-5669-4bb1-91ce-4b967b620e7d,SAMMS-KnoxvilleV6
202609012114521318,202609011903674467,202609011903672005,85,4365,Bronze INV,br_ReAssessmentSubstanceUse,TASK_COMPLETE,SUCCESS,INFO,116,116,0,,2026-09-01T19:04:17.664Z,2026-09-01T21:14:55.846Z,7838,2026-09-01T21:14:55.846Z,D08,Madison,0e5f68b5-5669-4bb1-91ce-4b967b620e7d,SAMMS-MadisonV6
202609012114521319,202609011903674468,202609011903672005,85,4367,Bronze INV,br_ReAssessmentSubstanceUse,TASK_COMPLETE,SUCCESS,INFO,137,137,0,,2026-09-01T19:04:17.664Z,2026-09-01T21:14:55.846Z,7838,2026-09-01T21:14:55.846Z,D09,Murfreesboro,0e5f68b5-5669-4bb1-91ce-4b967b620e7d,SAMMS-MurfreesboroV6
202609012114521320,202609011903674469,202609011903672005,85,4368,Bronze INV,br_ReAssessmentSubstanceUse,TASK_COMPLETE,SUCCESS,INFO,340,340,0,,2026-09-01T19:04:17.664Z,2026-09-01T21:14:55.846Z,7838,2026-09-01T21:14:55.846Z,DA,Davenport,0e5f68b5-5669-4bb1-91ce-4b967b620e7d,SAMMS-Davenport
202609012114521321,202609011903674470,202609011903672005,85,4369,Bronze INV,br_ReAssessmentSubstanceUse,TASK_COMPLETE,SUCCESS,INFO,292,292,0,,2026-09-01T19:04:17.664Z,2026-09-01T21:14:55.846Z,7838,2026-09-01T21:14:55.846Z,DM,Des Moines,0e5f68b5-5669-4bb1-91ce-4b967b620e7d,SAMMS-DesMoines
202609012114521323,202609011903674471,202609011903672005,85,4371,Bronze INV,br_ReAssessmentSubstanceUse,TASK_COMPLETE,SUCCESS,INFO,534,534,0,,2026-09-01T19:04:17.664Z,2026-09-01T21:14:55.846Z,7838,2026-09-01T21:14:55.846Z,DRD-CO,Columbia MO,0e5f68b5-5669-4bb1-91ce-4b967b620e7d,SAMMS-ColumbiaV5
202609012114521324,202609011903674472,202609011903672005,85,4372,Bronze INV,br_ReAssessmentSubstanceUse,TASK_COMPLETE,SUCCESS,INFO,348,348,0,,2026-09-01T19:04:17.664Z,2026-09-01T21:14:55.846Z,7838,2026-09-01T21:14:55.846Z,DRD-KC,KC,0e5f68b5-5669-4bb1-91ce-4b967b620e7d,SAMMS-KCv5
202609012114521325,202609011903674473,202609011903672005,85,4373,Bronze INV,br_ReAssessmentSubstanceUse,TASK_COMPLETE,SUCCESS,INFO,1572,1572,0,,2026-09-01T19:04:17.664Z,2026-09-01T21:14:55.846Z,7838,2026-09-01T21:14:55.846Z,DRD-KVB,KVB,0e5f68b5-5669-4bb1-91ce-4b967b620e7d,SAMMS-KVBv5
202609012114521326,202609011903674474,202609011903672005,85,4374,Bronze INV,br_ReAssessmentSubstanceUse,TASK_COMPLETE,SUCCESS,INFO,1688,1688,0,,2026-09-01T19:04:17.664Z,2026-09-01T21:14:55.846Z,7838,2026-09-01T21:14:55.846Z,DRD-KVC,KVC,0e5f68b5-5669-4bb1-91ce-4b967b620e7d,SAMMS-KVCv5
202609012114521327,202609011903674475,202609011903672005,85,4375,Bronze INV,br_ReAssessmentSubstanceUse,TASK_COMPLETE,SUCCESS,INFO,3216,3216,0,,2026-09-01T19:04:17.664Z,2026-09-01T21:14:55.846Z,7838,2026-09-01T21:14:55.846Z,DRD-NOLA,NOLA,0e5f68b5-5669-4bb1-91ce-4b967b620e7d,SAMMS-NOLAv5
202609012114521328,202609011903674476,202609011903672005,85,4376,Bronze INV,br_ReAssessmentSubstanceUse,TASK_COMPLETE,SUCCESS,INFO,817,817,0,,2026-09-01T19:04:17.664Z,2026-09-01T21:14:55.846Z,7838,2026-09-01T21:14:55.846Z,DRD-SF,Springfield,0e5f68b5-5669-4bb1-91ce-4b967b620e7d,SAMMS-SFv5
202609012114521329,202609011903674477,202609011903672005,85,4378,Bronze INV,br_ReAssessmentSubstanceUse,TASK_COMPLETE,SUCCESS,INFO,262,262,0,,2026-09-01T19:04:17.664Z,2026-09-01T21:14:55.846Z,7838,2026-09-01T21:14:55.846Z,ELC,Elizabeth City,0e5f68b5-5669-4bb1-91ce-4b967b620e7d,SAMMS-ElizabethCity
202609012114521330,202609011903674478,202609011903672005,85,4379,Bronze INV,br_ReAssessmentSubstanceUse,TASK_COMPLETE,SUCCESS,INFO,128,128,0,,2026-09-01T19:04:17.664Z,2026-09-01T21:14:55.846Z,7838,2026-09-01T21:14:55.846Z,ET,Elizabethtown,0e5f68b5-5669-4bb1-91ce-4b967b620e7d,SAMMS-Elizabethtown
202609012114521332,202609011903674479,202609011903672005,85,4380,Bronze INV,br_ReAssessmentSubstanceUse,TASK_COMPLETE,SUCCESS,INFO,0,0,0,,2026-09-01T19:04:17.664Z,2026-09-01T21:14:55.846Z,7838,2026-09-01T21:14:55.846Z,FAY,Fayetteville,0e5f68b5-5669-4bb1-91ce-4b967b620e7d,SAMMS-Fayetteville
202609012114521333,202609011903674480,202609011903672005,85,4381,Bronze INV,br_ReAssessmentSubstanceUse,TASK_COMPLETE,SUCCESS,INFO,158,158,0,,2026-09-01T19:04:17.664Z,2026-09-01T21:14:55.846Z,7838,2026-09-01T21:14:55.846Z,FR,Frankfort,0e5f68b5-5669-4bb1-91ce-4b967b620e7d,SAMMS-Frankfort
202609012114521334,202609011903674481,202609011903672005,85,4382,Bronze INV,br_ReAssessmentSubstanceUse,TASK_COMPLETE,SUCCESS,INFO,0,0,0,,2026-09-01T19:04:17.664Z,2026-09-01T21:14:55.846Z,7838,2026-09-01T21:14:55.846Z,FS,Fort Smith,0e5f68b5-5669-4bb1-91ce-4b967b620e7d,SAMMS-FortSmith
202609012114521335,202609011903674482,202609011903672005,85,4383,Bronze INV,br_ReAssessmentSubstanceUse,TASK_COMPLETE,SUCCESS,INFO,472,472,0,,2026-09-01T19:04:17.664Z,2026-09-01T21:14:55.846Z,7838,2026-09-01T21:14:55.846Z,FW,Fort Wayne,0e5f68b5-5669-4bb1-91ce-4b967b620e7d,SAMMS-FortWayne
202609012114521336,202609011903674483,202609011903672005,85,4384,Bronze INV,br_ReAssessmentSubstanceUse,TASK_COMPLETE,SUCCESS,INFO,276,276,0,,2026-09-01T19:04:17.664Z,2026-09-01T21:14:55.846Z,7838,2026-09-01T21:14:55.846Z,GAL,Gaylord,0e5f68b5-5669-4bb1-91ce-4b967b620e7d,SAMMS-Gaylord
202609012114521337,202609011903674484,202609011903672005,85,4388,Bronze INV,br_ReAssessmentSubstanceUse,TASK_COMPLETE,SUCCESS,INFO,102,102,0,,2026-09-01T19:04:17.664Z,2026-09-01T21:14:55.846Z,7838,2026-09-01T21:14:55.846Z,HGT,Hagerstown,0e5f68b5-5669-4bb1-91ce-4b967b620e7d,SAMMS-Hagerstown
202609012114521338,202609011903674485,202609011903672005,85,4389,Bronze INV,br_ReAssessmentSubstanceUse,TASK_COMPLETE,SUCCESS,INFO,1747,1747,0,,2026-09-01T19:04:17.664Z,2026-09-01T21:14:55.846Z,7838,2026-09-01T21:14:55.846Z,HNT,Huntsville,0e5f68b5-5669-4bb1-91ce-4b967b620e7d,SAMMS-Huntsville
202609012114521339,202609011903674486,202609011903672005,85,4390,Bronze INV,br_ReAssessmentSubstanceUse,TASK_COMPLETE,SUCCESS,INFO,0,0,0,,2026-09-01T19:04:17.664Z,2026-09-01T21:14:55.846Z,7838,2026-09-01T21:14:55.846Z,HS,Hot Springs,0e5f68b5-5669-4bb1-91ce-4b967b620e7d,SAMMS-HotSprings
202609012114521341,202609011903674487,202609011903672005,85,4391,Bronze INV,br_ReAssessmentSubstanceUse,TASK_COMPLETE,SUCCESS,INFO,0,0,0,,2026-09-01T19:04:17.664Z,2026-09-01T21:14:55.846Z,7838,2026-09-01T21:14:55.846Z,JON,Jonesboro,0e5f68b5-5669-4bb1-91ce-4b967b620e7d,SAMMS-Jonesboro
202609012114521342,202609011903674488,202609011903672005,85,4393,Bronze INV,br_ReAssessmentSubstanceUse,TASK_COMPLETE,SUCCESS,INFO,455,455,0,,2026-09-01T19:04:17.664Z,2026-09-01T21:14:55.846Z,7838,2026-09-01T21:14:55.846Z,LAN,Lansing,0e5f68b5-5669-4bb1-91ce-4b967b620e7d,SAMMS-Lansing
202609012114521343,202609011903674489,202609011903672005,85,4394,Bronze INV,br_ReAssessmentSubstanceUse,TASK_COMPLETE,SUCCESS,INFO,1293,1293,0,,2026-09-01T19:04:17.664Z,2026-09-01T21:14:55.846Z,7838,2026-09-01T21:14:55.846Z,LO,Louisville,0e5f68b5-5669-4bb1-91ce-4b967b620e7d,SAMMS-Louisville
202609012114521344,202609011903674490,202609011903672005,85,4395,Bronze INV,br_ReAssessmentSubstanceUse,TASK_COMPLETE,SUCCESS,INFO,295,295,0,,2026-09-01T19:04:17.664Z,2026-09-01T21:14:55.846Z,7838,2026-09-01T21:14:55.846Z,LV1,Cheyenne,0e5f68b5-5669-4bb1-91ce-4b967b620e7d,SAMMS-Cheyenne
202609012114521345,202609011903674491,202609011903672005,85,4396,Bronze INV,br_ReAssessmentSubstanceUse,TASK_COMPLETE,SUCCESS,INFO,205,205,0,,2026-09-01T19:04:17.664Z,2026-09-01T21:14:55.846Z,7838,2026-09-01T21:14:55.846Z,LV2,Desert Inn,0e5f68b5-5669-4bb1-91ce-4b967b620e7d,SAMMS-DesertInn
202609012114521346,202609011903674492,202609011903672005,85,4397,Bronze INV,br_ReAssessmentSubstanceUse,TASK_COMPLETE,SUCCESS,INFO,111,111,0,,2026-09-01T19:04:17.664Z,2026-09-01T21:14:55.846Z,7838,2026-09-01T21:14:55.846Z,LV3,McDaniel,0e5f68b5-5669-4bb1-91ce-4b967b620e7d,SAMMS-McDaniel
202609012114521347,202609011903674493,202609011903672005,85,4400,Bronze INV,br_ReAssessmentSubstanceUse,TASK_COMPLETE,SUCCESS,INFO,365,365,0,,2026-09-01T19:04:17.664Z,2026-09-01T21:14:55.846Z,7838,2026-09-01T21:14:55.846Z,MNRE,Monroe,0e5f68b5-5669-4bb1-91ce-4b967b620e7d,SAMMS-Monroe
202609012114521348,202609011903674494,202609011903672005,85,4401,Bronze INV,br_ReAssessmentSubstanceUse,TASK_COMPLETE,SUCCESS,INFO,1437,1437,0,,2026-09-01T19:04:17.664Z,2026-09-01T21:14:55.846Z,7838,2026-09-01T21:14:55.846Z,MP,Mt. Pleasant,0e5f68b5-5669-4bb1-91ce-4b967b620e7d,SAMMS-MtPleasant
202609012114521350,202609011903674495,202609011903672005,85,4402,Bronze INV,br_ReAssessmentSubstanceUse,TASK_COMPLETE,SUCCESS,INFO,156,156,0,,2026-09-01T19:04:17.664Z,2026-09-01T21:14:55.846Z,7838,2026-09-01T21:14:55.846Z,MRD,Meridian,0e5f68b5-5669-4bb1-91ce-4b967b620e7d,SAMMS-Meridian
202609012114521351,202609011903674496,202609011903672005,85,4407,Bronze INV,br_ReAssessmentSubstanceUse,TASK_COMPLETE,SUCCESS,INFO,697,697,0,,2026-09-01T19:04:17.664Z,2026-09-01T21:14:55.846Z,7838,2026-09-01T21:14:55.846Z,NC,North Charleston,0e5f68b5-5669-4bb1-91ce-4b967b620e7d,SAMMS-NorthCharleston
202609012114521352,202609011903674497,202609011903672005,85,4408,Bronze INV,br_ReAssessmentSubstanceUse,TASK_COMPLETE,SUCCESS,INFO,0,0,0,,2026-09-01T19:04:17.664Z,2026-09-01T21:14:55.846Z,7838,2026-09-01T21:14:55.846Z,NLR,N. Little Rock,0e5f68b5-5669-4bb1-91ce-4b967b620e7d,SAMMS-NLROBOT
202609012114521353,202609011903674498,202609011903672005,85,4409,Bronze INV,br_ReAssessmentSubstanceUse,TASK_COMPLETE,SUCCESS,INFO,115,115,0,,2026-09-01T19:04:17.664Z,2026-09-01T21:14:55.846Z,7838,2026-09-01T21:14:55.846Z,PH,Phoenix,0e5f68b5-5669-4bb1-91ce-4b967b620e7d,SAMMS-Phoenix
202609012114521354,202609011903674499,202609011903672005,85,4413,Bronze INV,br_ReAssessmentSubstanceUse,TASK_COMPLETE,SUCCESS,INFO,219,219,0,,2026-09-01T19:04:17.664Z,2026-09-01T21:14:55.846Z,7838,2026-09-01T21:14:55.846Z,RE,Reno,0e5f68b5-5669-4bb1-91ce-4b967b620e7d,SAMMS-Reno
202609022122573071,202609021903208484,202609021903206075,85,4085,Bronze INV,br_ReAssessmentPhysicalHealth,TASK_COMPLETE,SUCCESS,INFO,1965,1965,0,,2026-09-02T19:03:39.838Z,2026-09-02T21:23:00.812Z,8361,2026-09-02T21:23:00.812Z,VBRP,Brooklyn Park,c49685cc-3281-44bc-a1c2-3be5b1110999,SAMMS-BrooklynParkV6
202609022122573072,202609021903208485,202609021903206075,85,4087,Bronze INV,br_ReAssessmentPhysicalHealth,TASK_COMPLETE,SUCCESS,INFO,746,746,0,,2026-09-02T19:03:39.838Z,2026-09-02T21:23:00.812Z,8361,2026-09-02T21:23:00.812Z,VMIN,Minneapolis,c49685cc-3281-44bc-a1c2-3be5b1110999,SAMMS-MinneapolisV6
202609022122573073,202609021903208486,202609021903206075,85,4088,Bronze INV,br_ReAssessmentPhysicalHealth,TASK_COMPLETE,SUCCESS,INFO,889,889,0,,2026-09-02T19:03:39.838Z,2026-09-02T21:23:00.812Z,8361,2026-09-02T21:23:00.812Z,VWBY,Woodbury,c49685cc-3281-44bc-a1c2-3be5b1110999,SAMMS-WoodburyV6
202609022122573075,202609021903208487,202609021903206075,85,4090,Bronze INV,br_ReAssessmentPhysicalHealth,TASK_COMPLETE,SUCCESS,INFO,161,161,0,,2026-09-02T19:03:39.838Z,2026-09-02T21:23:00.812Z,8361,2026-09-02T21:23:00.812Z,WIL,Wilson,c49685cc-3281-44bc-a1c2-3be5b1110999,SAMMS-Wilson
202609022122573076,202609021903208488,202609021903206075,85,4278,Bronze INV,br_ReAssessmentSubstanceUse,TASK_COMPLETE,SUCCESS,INFO,35,35,0,,2026-09-02T19:03:39.838Z,2026-09-02T21:23:00.812Z,8361,2026-09-02T21:23:00.812Z,AHK,Ahoskie,c49685cc-3281-44bc-a1c2-3be5b1110999,SAMMS-Ahoskie
202609022122573077,202609021903208489,202609021903206075,85,4279,Bronze INV,br_ReAssessmentSubstanceUse,TASK_COMPLETE,SUCCESS,INFO,673,673,0,,2026-09-02T19:03:39.838Z,2026-09-02T21:23:00.812Z,8361,2026-09-02T21:23:00.812Z,B12B,Colorado Springs,c49685cc-3281-44bc-a1c2-3be5b1110999,SAMMS-ColoradoSpringsV5
202609022122573078,202609021903208490,202609021903206075,85,4280,Bronze INV,br_ReAssessmentSubstanceUse,TASK_COMPLETE,SUCCESS,INFO,848,848,0,,2026-09-02T19:03:39.838Z,2026-09-02T21:23:00.812Z,8361,2026-09-02T21:23:00.812Z,B24,Paintsville,c49685cc-3281-44bc-a1c2-3be5b1110999,SAMMS-PaintsvilleV5
202609022122573079,202609021903208491,202609021903206075,85,4281,Bronze INV,br_ReAssessmentSubstanceUse,TASK_COMPLETE,SUCCESS,INFO,649,649,0,,2026-09-02T19:03:39.838Z,2026-09-02T21:23:00.812Z,8361,2026-09-02T21:23:00.812Z,B25,Pikeville,c49685cc-3281-44bc-a1c2-3be5b1110999,SAMMS-PikevilleV5
202609022122573080,202609021903208492,202609021903206075,85,4282,Bronze INV,br_ReAssessmentSubstanceUse,TASK_COMPLETE,SUCCESS,INFO,973,973,0,,2026-09-02T19:03:39.838Z,2026-09-02T21:23:00.812Z,8361,2026-09-02T21:23:00.812Z,B26,Hazard,c49685cc-3281-44bc-a1c2-3be5b1110999,SAMMS-HazardV5
202609022122573081,202609021903208493,202609021903206075,85,4283,Bronze INV,br_ReAssessmentSubstanceUse,TASK_COMPLETE,SUCCESS,INFO,538,538,0,,2026-09-02T19:03:39.838Z,2026-09-02T21:23:00.812Z,8361,2026-09-02T21:23:00.812Z,B27,Savannah,c49685cc-3281-44bc-a1c2-3be5b1110999,SAMMS-SavannahV6
202609022122573082,202609021903208494,202609021903206075,85,4284,Bronze INV,br_ReAssessmentSubstanceUse,TASK_COMPLETE,SUCCESS,INFO,248,248,0,,2026-09-02T19:03:39.838Z,2026-09-02T21:23:00.812Z,8361,2026-09-02T21:23:00.812Z,B28,West Plains,c49685cc-3281-44bc-a1c2-3be5b1110999,SAMMS-WestPlainesV5
202609022122573083,202609021903208495,202609021903206075,85,4285,Bronze INV,br_ReAssessmentSubstanceUse,TASK_COMPLETE,SUCCESS,INFO,464,464,0,,2026-09-02T19:03:39.838Z,2026-09-02T21:23:00.812Z,8361,2026-09-02T21:23:00.812Z,B29,Poplar Bluff,c49685cc-3281-44bc-a1c2-3be5b1110999,SAMMS-PoplarBluffV5
202609022122573085,202609021903208496,202609021903206075,85,4286,Bronze INV,br_ReAssessmentSubstanceUse,TASK_COMPLETE,SUCCESS,INFO,82,82,0,,2026-09-02T19:03:39.838Z,2026-09-02T21:23:00.812Z,8361,2026-09-02T21:23:00.812Z,B30,KC North,c49685cc-3281-44bc-a1c2-3be5b1110999,SAMMS-KCNv5
202609022122573086,202609021903208497,202609021903206075,85,4287,Bronze INV,br_ReAssessmentSubstanceUse,TASK_COMPLETE,SUCCESS,INFO,402,402,0,,2026-09-02T19:03:39.838Z,2026-09-02T21:23:00.812Z,8361,2026-09-02T21:23:00.812Z,B31,Dyersburg,c49685cc-3281-44bc-a1c2-3be5b1110999,SAMMS-DyersburgV5
202609022122573087,202609021903208498,202609021903206075,85,4289,Bronze INV,br_ReAssessmentSubstanceUse,TASK_COMPLETE,SUCCESS,INFO,489,489,0,,2026-09-02T19:03:39.838Z,2026-09-02T21:23:00.812Z,8361,2026-09-02T21:23:00.812Z,B33,Paducah,c49685cc-3281-44bc-a1c2-3be5b1110999,SAMMS-Paducah
202609022122573088,202609021903208499,202609021903206075,85,4290,Bronze INV,br_ReAssessmentSubstanceUse,TASK_COMPLETE,SUCCESS,INFO,388,388,0,,2026-09-02T19:03:39.838Z,2026-09-02T21:23:00.812Z,8361,2026-09-02T21:23:00.812Z,B34,Corbin,c49685cc-3281-44bc-a1c2-3be5b1110999,SAMMS-CorbinV5
202609022122573089,202609021903208500,202609021903206075,85,4291,Bronze INV,br_ReAssessmentSubstanceUse,TASK_COMPLETE,SUCCESS,INFO,243,243,0,,2026-09-02T19:03:39.838Z,2026-09-02T21:23:00.812Z,8361,2026-09-02T21:23:00.812Z,B35,Lexington,c49685cc-3281-44bc-a1c2-3be5b1110999,SAMMS-LexingtonV5
202609022122573090,202609021903208501,202609021903206075,85,4292,Bronze INV,br_ReAssessmentSubstanceUse,TASK_COMPLETE,SUCCESS,INFO,77,77,0,,2026-09-02T19:03:39.838Z,2026-09-02T21:23:00.812Z,8361,2026-09-02T21:23:00.812Z,B35A,Berea,c49685cc-3281-44bc-a1c2-3be5b1110999,SAMMS-BereaV5
202609022122573091,202609021903208502,202609021903206075,85,4293,Bronze INV,br_ReAssessmentSubstanceUse,TASK_COMPLETE,SUCCESS,INFO,22,22,0,,2026-09-02T19:03:39.838Z,2026-09-02T21:23:00.812Z,8361,2026-09-02T21:23:00.812Z,B36,Asheville,c49685cc-3281-44bc-a1c2-3be5b1110999,SAMMS-AshevilleV5
202609022122573092,202609021903208503,202609021903206075,85,4294,Bronze INV,br_ReAssessmentSubstanceUse,TASK_COMPLETE,SUCCESS,INFO,2,2,0,,2026-09-02T19:03:39.838Z,2026-09-02T21:23:00.812Z,8361,2026-09-02T21:23:00.812Z,B37,Clyde,c49685cc-3281-44bc-a1c2-3be5b1110999,SAMMS-ClydeV5
202609022122573093,202609021903208504,202609021903206075,85,4295,Bronze INV,br_ReAssessmentSubstanceUse,TASK_COMPLETE,SUCCESS,INFO,1194,1194,0,,2026-09-02T19:03:39.838Z,2026-09-02T21:23:00.812Z,8361,2026-09-02T21:23:00.812Z,B38,Spartanburg,c49685cc-3281-44bc-a1c2-3be5b1110999,SAMMS-SpartanburgV5
202609022122573094,202609021903208505,202609021903206075,85,4296,Bronze INV,br_ReAssessmentSubstanceUse,TASK_COMPLETE,SUCCESS,INFO,367,367,0,,2026-09-02T19:03:39.838Z,2026-09-02T21:23:00.812Z,8361,2026-09-02T21:23:00.812Z,B39,Aiken,c49685cc-3281-44bc-a1c2-3be5b1110999,SAMMS-AikenV5
202609022122573095,202609021903208506,202609021903206075,85,4297,Bronze INV,br_ReAssessmentSubstanceUse,TASK_COMPLETE,SUCCESS,INFO,1908,1908,0,,2026-09-02T19:03:39.838Z,2026-09-02T21:23:00.812Z,8361,2026-09-02T21:23:00.812Z,B41,Chesapeake,c49685cc-3281-44bc-a1c2-3be5b1110999,SAMMS-ChesapeakeV5
202609022122573097,202609021903208507,202609021903206075,85,4298,Bronze INV,br_ReAssessmentSubstanceUse,TASK_COMPLETE,SUCCESS,INFO,1938,1938,0,,2026-09-02T19:03:39.838Z,2026-09-02T21:23:00.812Z,8361,2026-09-02T21:23:00.812Z,B42,Virginia Beach,c49685cc-3281-44bc-a1c2-3be5b1110999,SAMMS-VirginiaBeachV5
202609022122573098,202609021903208508,202609021903206075,85,4299,Bronze INV,br_ReAssessmentSubstanceUse,TASK_COMPLETE,SUCCESS,INFO,945,945,0,,2026-09-02T19:03:39.838Z,2026-09-02T21:23:00.812Z,8361,2026-09-02T21:23:00.812Z,B42A,Newport News,c49685cc-3281-44bc-a1c2-3be5b1110999,SAMMS-NewportNewsV5
202609022122573099,202609021903208509,202609021903206075,85,4300,Bronze INV,br_ReAssessmentSubstanceUse,TASK_COMPLETE,SUCCESS,INFO,515,515,0,,2026-09-02T19:03:39.838Z,2026-09-02T21:23:00.812Z,8361,2026-09-02T21:23:00.812Z,B42B,Franklin,c49685cc-3281-44bc-a1c2-3be5b1110999,SAMMS-FranklinV5
202609022122573100,202609021903208510,202609021903206075,85,4301,Bronze INV,br_ReAssessmentSubstanceUse,TASK_COMPLETE,SUCCESS,INFO,352,352,0,,2026-09-02T19:03:39.838Z,2026-09-02T21:23:00.812Z,8361,2026-09-02T21:23:00.812Z,B42C,Glen Allen,c49685cc-3281-44bc-a1c2-3be5b1110999,SAMMS-GlenAllenV5
202609022122573101,202609021903208511,202609021903206075,85,4302,Bronze INV,br_ReAssessmentSubstanceUse,TASK_COMPLETE,SUCCESS,INFO,1510,1510,0,,2026-09-02T19:03:39.838Z,2026-09-02T21:23:00.812Z,8361,2026-09-02T21:23:00.812Z,B42D,Chesapeake South,c49685cc-3281-44bc-a1c2-3be5b1110999,SAMMS-ChesapeakeSouthV5
202609022122573102,202609021903208512,202609021903206075,85,4303,Bronze INV,br_ReAssessmentSubstanceUse,TASK_COMPLETE,SUCCESS,INFO,638,638,0,,2026-09-02T19:03:39.838Z,2026-09-02T21:23:00.812Z,8361,2026-09-02T21:23:00.812Z,B44,Albany,c49685cc-3281-44bc-a1c2-3be5b1110999,SAMMS-AlbanyV5
202609022122573103,202609021903208513,202609021903206075,85,4304,Bronze INV,br_ReAssessmentSubstanceUse,TASK_COMPLETE,SUCCESS,INFO,1278,1278,0,,2026-09-02T19:03:39.838Z,2026-09-02T21:23:00.812Z,8361,2026-09-02T21:23:00.812Z,B45,Tifton,c49685cc-3281-44bc-a1c2-3be5b1110999,SAMMS-TiftonV5
202609022122573104,202609021903208514,202609021903206075,85,4305,Bronze INV,br_ReAssessmentSubstanceUse,TASK_COMPLETE,SUCCESS,INFO,605,605,0,,2026-09-02T19:03:39.838Z,2026-09-02T21:23:00.812Z,8361,2026-09-02T21:23:00.812Z,B46,Washington DC,c49685cc-3281-44bc-a1c2-3be5b1110999,SAMMS-WashingtonDCv5
202609022122573105,202609021903208515,202609021903206075,85,4306,Bronze INV,br_ReAssessmentSubstanceUse,TASK_COMPLETE,SUCCESS,INFO,1599,1599,0,,2026-09-02T19:03:39.838Z,2026-09-02T21:23:00.812Z,8361,2026-09-02T21:23:00.812Z,B47,Mobile,c49685cc-3281-44bc-a1c2-3be5b1110999,SAMMS-MobileV5
202609022122573107,202609021903208516,202609021903206075,85,4307,Bronze INV,br_ReAssessmentSubstanceUse,TASK_COMPLETE,SUCCESS,INFO,1307,1307,0,,2026-09-02T19:03:39.838Z,2026-09-02T21:23:00.812Z,8361,2026-09-02T21:23:00.812Z,B48,Tuscaloosa,c49685cc-3281-44bc-a1c2-3be5b1110999,SAMMS-TuscaloosaV5
202609022122573108,202609021903208517,202609021903206075,85,4316,Bronze INV,br_ReAssessmentSubstanceUse,TASK_COMPLETE,SUCCESS,INFO,5,5,0,,2026-09-02T19:03:39.838Z,2026-09-02T21:23:00.812Z,8361,2026-09-02T21:23:00.812Z,B51,N. Little Rock (OTP),c49685cc-3281-44bc-a1c2-3be5b1110999,SAMMS-NorthLittleRockV6
202609022122573109,202609021903208518,202609021903206075,85,4317,Bronze INV,br_ReAssessmentSubstanceUse,TASK_COMPLETE,SUCCESS,INFO,466,466,0,,2026-09-02T19:03:39.838Z,2026-09-02T21:23:00.812Z,8361,2026-09-02T21:23:00.812Z,B52,Jackson GA,c49685cc-3281-44bc-a1c2-3be5b1110999,SAMMS-JacksonGAV5
202609022122573110,202609021903208519,202609021903206075,85,4318,Bronze INV,br_ReAssessmentSubstanceUse,TASK_COMPLETE,SUCCESS,INFO,1711,1711,0,,2026-09-02T19:03:39.838Z,2026-09-02T21:23:00.812Z,8361,2026-09-02T21:23:00.812Z,B54,Gadsden,c49685cc-3281-44bc-a1c2-3be5b1110999,SAMMS-GadsdenV5
202609022122573111,202609021903208520,202609021903206075,85,4319,Bronze INV,br_ReAssessmentSubstanceUse,TASK_COMPLETE,SUCCESS,INFO,968,968,0,,2026-09-02T19:03:39.838Z,2026-09-02T21:23:00.812Z,8361,2026-09-02T21:23:00.812Z,B55,Shoals,c49685cc-3281-44bc-a1c2-3be5b1110999,SAMMS-ShoalsV5
202609022122573112,202609021903208521,202609021903206075,85,4320,Bronze INV,br_ReAssessmentSubstanceUse,TASK_COMPLETE,SUCCESS,INFO,296,296,0,,2026-09-02T19:03:39.838Z,2026-09-02T21:23:00.812Z,8361,2026-09-02T21:23:00.812Z,B57,Pawtucket,c49685cc-3281-44bc-a1c2-3be5b1110999,SAMMS-Pawtucket
202609022122573113,202609021903208522,202609021903206075,85,4321,Bronze INV,br_ReAssessmentSubstanceUse,TASK_COMPLETE,SUCCESS,INFO,559,559,0,,2026-09-02T19:03:39.838Z,2026-09-02T21:23:00.812Z,8361,2026-09-02T21:23:00.812Z,B57A,Johnston,c49685cc-3281-44bc-a1c2-3be5b1110999,SAMMS-Johnston
202609022122573114,202609021903208523,202609021903206075,85,4322,Bronze INV,br_ReAssessmentSubstanceUse,TASK_COMPLETE,SUCCESS,INFO,169,169,0,,2026-09-02T19:03:39.838Z,2026-09-02T21:23:00.812Z,8361,2026-09-02T21:23:00.812Z,B57B,Middletown,c49685cc-3281-44bc-a1c2-3be5b1110999,SAMMS-Middletown
202609022122573115,202609021903208524,202609021903206075,85,4323,Bronze INV,br_ReAssessmentSubstanceUse,TASK_COMPLETE,SUCCESS,INFO,418,418,0,,2026-09-02T19:03:39.838Z,2026-09-02T21:23:00.812Z,8361,2026-09-02T21:23:00.812Z,B57C,Providence,c49685cc-3281-44bc-a1c2-3be5b1110999,SAMMS-Providence
202609022122573116,202609021903208525,202609021903206075,85,4324,Bronze INV,br_ReAssessmentSubstanceUse,TASK_COMPLETE,SUCCESS,INFO,642,642,0,,2026-09-02T19:03:39.838Z,2026-09-02T21:23:00.812Z,8361,2026-09-02T21:23:00.812Z,B57D,Westerly,c49685cc-3281-44bc-a1c2-3be5b1110999,SAMMS-Westerly
202609022122573117,202609021903208526,202609021903206075,85,4328,Bronze INV,br_ReAssessmentSubstanceUse,TASK_COMPLETE,SUCCESS,INFO,4,4,0,,2026-09-02T19:03:39.838Z,2026-09-02T21:23:00.812Z,8361,2026-09-02T21:23:00.812Z,B66A,Bremen,c49685cc-3281-44bc-a1c2-3be5b1110999,SAMMS-Bremen
202609022122573119,202609021903208527,202609021903206075,85,4331,Bronze INV,br_ReAssessmentSubstanceUse,TASK_COMPLETE,SUCCESS,INFO,0,0,0,,2026-09-02T19:03:39.838Z,2026-09-02T21:23:00.812Z,8361,2026-09-02T21:23:00.812Z,B72,Mobile (OBOT),c49685cc-3281-44bc-a1c2-3be5b1110999,SAMMS-Mobile-OBOT
202609022122573120,202609021903208528,202609021903206075,85,4332,Bronze INV,br_ReAssessmentSubstanceUse,TASK_COMPLETE,SUCCESS,INFO,0,0,0,,2026-09-02T19:03:39.838Z,2026-09-02T21:23:00.812Z,8361,2026-09-02T21:23:00.812Z,B73,Montgomery,c49685cc-3281-44bc-a1c2-3be5b1110999,SAMMS-Montgomery
202609022122573121,202609021903208529,202609021903206075,85,4333,Bronze INV,br_ReAssessmentSubstanceUse,TASK_COMPLETE,SUCCESS,INFO,523,523,0,,2026-09-02T19:03:39.838Z,2026-09-02T21:23:00.812Z,8361,2026-09-02T21:23:00.812Z,B75,Lawrence,c49685cc-3281-44bc-a1c2-3be5b1110999,SAMMS-LawrenceV6
202609022122573122,202609021903208530,202609021903206075,85,4334,Bronze INV,br_ReAssessmentSubstanceUse,TASK_COMPLETE,SUCCESS,INFO,0,0,0,,2026-09-02T19:03:39.838Z,2026-09-02T21:23:00.812Z,8361,2026-09-02T21:23:00.812Z,B76,Huntsville OBOT,c49685cc-3281-44bc-a1c2-3be5b1110999,SAMMS-Huntsville-OBOT
202609022122573123,202609021903208531,202609021903206075,85,4335,Bronze INV,br_ReAssessmentSubstanceUse,TASK_COMPLETE,SUCCESS,INFO,0,0,0,,2026-09-02T19:03:39.838Z,2026-09-02T21:23:00.812Z,8361,2026-09-02T21:23:00.812Z,BAT,Batesville,c49685cc-3281-44bc-a1c2-3be5b1110999,SAMMS-Batesville
202609022122573124,202609021903208532,202609021903206075,85,4336,Bronze INV,br_ReAssessmentSubstanceUse,TASK_COMPLETE,SUCCESS,INFO,465,465,0,,2026-09-02T19:03:39.838Z,2026-09-02T21:23:00.812Z,8361,2026-09-02T21:23:00.812Z,BG,Bowling Green,c49685cc-3281-44bc-a1c2-3be5b1110999,SAMMS-BowlingGreen
202609022122573125,202609021903208533,202609021903206075,85,4337,Bronze INV,br_ReAssessmentSubstanceUse,TASK_COMPLETE,SUCCESS,INFO,185,185,0,,2026-09-02T19:03:39.838Z,2026-09-02T21:23:00.812Z,8361,2026-09-02T21:23:00.812Z,BOI,Boise,c49685cc-3281-44bc-a1c2-3be5b1110999,SAMMS-Boise
202609022122573126,202609021903208534,202609021903206075,85,4344,Bronze INV,br_ReAssessmentSubstanceUse,TASK_COMPLETE,SUCCESS,INFO,57,57,0,,2026-09-02T19:03:39.838Z,2026-09-02T21:23:00.812Z,8361,2026-09-02T21:23:00.812Z,CBCO,Coeur dAlene,c49685cc-3281-44bc-a1c2-3be5b1110999,SAMMS-CoeurdAleneV6
202609022122573127,202609021903208535,202609021903206075,85,4363,Bronze INV,br_ReAssessmentSubstanceUse,TASK_COMPLETE,SUCCESS,INFO,0,0,0,,2026-09-02T19:03:39.838Z,2026-09-02T21:23:00.812Z,8361,2026-09-02T21:23:00.812Z,CON,Conway,c49685cc-3281-44bc-a1c2-3be5b1110999,SAMMS-Conway
202609022122573128,202609021903208536,202609021903206075,85,4364,Bronze INV,br_ReAssessmentSubstanceUse,TASK_COMPLETE,SUCCESS,INFO,2630,2630,0,,2026-09-02T19:03:39.838Z,2026-09-02T21:23:00.812Z,8361,2026-09-02T21:23:00.812Z,D07,Medical Services Knox TN,c49685cc-3281-44bc-a1c2-3be5b1110999,SAMMS-KnoxvilleV6
202609022122573129,202609021903208537,202609021903206075,85,4365,Bronze INV,br_ReAssessmentSubstanceUse,TASK_COMPLETE,SUCCESS,INFO,116,116,0,,2026-09-02T19:03:39.838Z,2026-09-02T21:23:00.812Z,8361,2026-09-02T21:23:00.812Z,D08,Madison,c49685cc-3281-44bc-a1c2-3be5b1110999,SAMMS-MadisonV6
202609022122573131,202609021903208538,202609021903206075,85,4367,Bronze INV,br_ReAssessmentSubstanceUse,TASK_COMPLETE,SUCCESS,INFO,137,137,0,,2026-09-02T19:03:39.838Z,2026-09-02T21:23:00.812Z,8361,2026-09-02T21:23:00.812Z,D09,Murfreesboro,c49685cc-3281-44bc-a1c2-3be5b1110999,SAMMS-MurfreesboroV6
202609022122573132,202609021903208539,202609021903206075,85,4368,Bronze INV,br_ReAssessmentSubstanceUse,TASK_COMPLETE,SUCCESS,INFO,340,340,0,,2026-09-02T19:03:39.838Z,2026-09-02T21:23:00.812Z,8361,2026-09-02T21:23:00.812Z,DA,Davenport,c49685cc-3281-44bc-a1c2-3be5b1110999,SAMMS-Davenport
202609022122573133,202609021903208540,202609021903206075,85,4369,Bronze INV,br_ReAssessmentSubstanceUse,TASK_COMPLETE,SUCCESS,INFO,292,292,0,,2026-09-02T19:03:39.838Z,2026-09-02T21:23:00.812Z,8361,2026-09-02T21:23:00.812Z,DM,Des Moines,c49685cc-3281-44bc-a1c2-3be5b1110999,SAMMS-DesMoines
202609022122573134,202609021903208541,202609021903206075,85,4371,Bronze INV,br_ReAssessmentSubstanceUse,TASK_COMPLETE,SUCCESS,INFO,534,534,0,,2026-09-02T19:03:39.838Z,2026-09-02T21:23:00.812Z,8361,2026-09-02T21:23:00.812Z,DRD-CO,Columbia MO,c49685cc-3281-44bc-a1c2-3be5b1110999,SAMMS-ColumbiaV5
202609022122573135,202609021903208542,202609021903206075,85,4372,Bronze INV,br_ReAssessmentSubstanceUse,TASK_COMPLETE,SUCCESS,INFO,348,348,0,,2026-09-02T19:03:39.838Z,2026-09-02T21:23:00.812Z,8361,2026-09-02T21:23:00.812Z,DRD-KC,KC,c49685cc-3281-44bc-a1c2-3be5b1110999,SAMMS-KCv5
202609022122573136,202609021903208543,202609021903206075,85,4373,Bronze INV,br_ReAssessmentSubstanceUse,TASK_COMPLETE,SUCCESS,INFO,1572,1572,0,,2026-09-02T19:03:39.838Z,2026-09-02T21:23:00.812Z,8361,2026-09-02T21:23:00.812Z,DRD-KVB,KVB,c49685cc-3281-44bc-a1c2-3be5b1110999,SAMMS-KVBv5
202609022122573137,202609021903208544,202609021903206075,85,4374,Bronze INV,br_ReAssessmentSubstanceUse,TASK_COMPLETE,SUCCESS,INFO,1688,1688,0,,2026-09-02T19:03:39.838Z,2026-09-02T21:23:00.812Z,8361,2026-09-02T21:23:00.812Z,DRD-KVC,KVC,c49685cc-3281-44bc-a1c2-3be5b1110999,SAMMS-KVCv5
202609022122573138,202609021903208545,202609021903206075,85,4375,Bronze INV,br_ReAssessmentSubstanceUse,TASK_COMPLETE,SUCCESS,INFO,3216,3216,0,,2026-09-02T19:03:39.838Z,2026-09-02T21:23:00.812Z,8361,2026-09-02T21:23:00.812Z,DRD-NOLA,NOLA,c49685cc-3281-44bc-a1c2-3be5b1110999,SAMMS-NOLAv5
202609022122573139,202609021903208546,202609021903206075,85,4376,Bronze INV,br_ReAssessmentSubstanceUse,TASK_COMPLETE,SUCCESS,INFO,817,817,0,,2026-09-02T19:03:39.838Z,2026-09-02T21:23:00.812Z,8361,2026-09-02T21:23:00.812Z,DRD-SF,Springfield,c49685cc-3281-44bc-a1c2-3be5b1110999,SAMMS-SFv5
202609022122573140,202609021903208547,202609021903206075,85,4378,Bronze INV,br_ReAssessmentSubstanceUse,TASK_COMPLETE,SUCCESS,INFO,262,262,0,,2026-09-02T19:03:39.838Z,2026-09-02T21:23:00.812Z,8361,2026-09-02T21:23:00.812Z,ELC,Elizabeth City,c49685cc-3281-44bc-a1c2-3be5b1110999,SAMMS-ElizabethCity
202609022122573142,202609021903208548,202609021903206075,85,4379,Bronze INV,br_ReAssessmentSubstanceUse,TASK_COMPLETE,SUCCESS,INFO,128,128,0,,2026-09-02T19:03:39.838Z,2026-09-02T21:23:00.812Z,8361,2026-09-02T21:23:00.812Z,ET,Elizabethtown,c49685cc-3281-44bc-a1c2-3be5b1110999,SAMMS-Elizabethtown
202609022122573143,202609021903208549,202609021903206075,85,4380,Bronze INV,br_ReAssessmentSubstanceUse,TASK_COMPLETE,SUCCESS,INFO,0,0,0,,2026-09-02T19:03:39.838Z,2026-09-02T21:23:00.812Z,8361,2026-09-02T21:23:00.812Z,FAY,Fayetteville,c49685cc-3281-44bc-a1c2-3be5b1110999,SAMMS-Fayetteville
202609022122573144,202609021903208550,202609021903206075,85,4381,Bronze INV,br_ReAssessmentSubstanceUse,TASK_COMPLETE,SUCCESS,INFO,158,158,0,,2026-09-02T19:03:39.838Z,2026-09-02T21:23:00.812Z,8361,2026-09-02T21:23:00.812Z,FR,Frankfort,c49685cc-3281-44bc-a1c2-3be5b1110999,SAMMS-Frankfort
202609022122573145,202609021903208551,202609021903206075,85,4382,Bronze INV,br_ReAssessmentSubstanceUse,TASK_COMPLETE,SUCCESS,INFO,0,0,0,,2026-09-02T19:03:39.838Z,2026-09-02T21:23:00.812Z,8361,2026-09-02T21:23:00.812Z,FS,Fort Smith,c49685cc-3281-44bc-a1c2-3be5b1110999,SAMMS-FortSmith
202609022122573146,202609021903208552,202609021903206075,85,4383,Bronze INV,br_ReAssessmentSubstanceUse,TASK_COMPLETE,SUCCESS,INFO,472,472,0,,2026-09-02T19:03:39.838Z,2026-09-02T21:23:00.812Z,8361,2026-09-02T21:23:00.812Z,FW,Fort Wayne,c49685cc-3281-44bc-a1c2-3be5b1110999,SAMMS-FortWayne
202609022122573147,202609021903208553,202609021903206075,85,4384,Bronze INV,br_ReAssessmentSubstanceUse,TASK_COMPLETE,SUCCESS,INFO,276,276,0,,2026-09-02T19:03:39.838Z,2026-09-02T21:23:00.812Z,8361,2026-09-02T21:23:00.812Z,GAL,Gaylord,c49685cc-3281-44bc-a1c2-3be5b1110999,SAMMS-Gaylord
202609022122573148,202609021903208554,202609021903206075,85,4388,Bronze INV,br_ReAssessmentSubstanceUse,TASK_COMPLETE,SUCCESS,INFO,102,102,0,,2026-09-02T19:03:39.838Z,2026-09-02T21:23:00.812Z,8361,2026-09-02T21:23:00.812Z,HGT,Hagerstown,c49685cc-3281-44bc-a1c2-3be5b1110999,SAMMS-Hagerstown
202609022122573149,202609021903208555,202609021903206075,85,4389,Bronze INV,br_ReAssessmentSubstanceUse,TASK_COMPLETE,SUCCESS,INFO,1747,1747,0,,2026-09-02T19:03:39.838Z,2026-09-02T21:23:00.812Z,8361,2026-09-02T21:23:00.812Z,HNT,Huntsville,c49685cc-3281-44bc-a1c2-3be5b1110999,SAMMS-Huntsville
202609022122573150,202609021903208556,202609021903206075,85,4390,Bronze INV,br_ReAssessmentSubstanceUse,TASK_COMPLETE,SUCCESS,INFO,0,0,0,,2026-09-02T19:03:39.838Z,2026-09-02T21:23:00.812Z,8361,2026-09-02T21:23:00.812Z,HS,Hot Springs,c49685cc-3281-44bc-a1c2-3be5b1110999,SAMMS-HotSprings
202609022122573151,202609021903208557,202609021903206075,85,4391,Bronze INV,br_ReAssessmentSubstanceUse,TASK_COMPLETE,SUCCESS,INFO,0,0,0,,2026-09-02T19:03:39.838Z,2026-09-02T21:23:00.812Z,8361,2026-09-02T21:23:00.812Z,JON,Jonesboro,c49685cc-3281-44bc-a1c2-3be5b1110999,SAMMS-Jonesboro
202609022122573152,202609021903208558,202609021903206075,85,4393,Bronze INV,br_ReAssessmentSubstanceUse,TASK_COMPLETE,SUCCESS,INFO,455,455,0,,2026-09-02T19:03:39.838Z,2026-09-02T21:23:00.812Z,8361,2026-09-02T21:23:00.812Z,LAN,Lansing,c49685cc-3281-44bc-a1c2-3be5b1110999,SAMMS-Lansing
202609022122573154,202609021903208559,202609021903206075,85,4394,Bronze INV,br_ReAssessmentSubstanceUse,TASK_COMPLETE,SUCCESS,INFO,1293,1293,0,,2026-09-02T19:03:39.838Z,2026-09-02T21:23:00.812Z,8361,2026-09-02T21:23:00.812Z,LO,Louisville,c49685cc-3281-44bc-a1c2-3be5b1110999,SAMMS-Louisville
202609022122573155,202609021903208560,202609021903206075,85,4395,Bronze INV,br_ReAssessmentSubstanceUse,TASK_COMPLETE,SUCCESS,INFO,295,295,0,,2026-09-02T19:03:39.838Z,2026-09-02T21:23:00.812Z,8361,2026-09-02T21:23:00.812Z,LV1,Cheyenne,c49685cc-3281-44bc-a1c2-3be5b1110999,SAMMS-Cheyenne
202609022122573156,202609021903208561,202609021903206075,85,4396,Bronze INV,br_ReAssessmentSubstanceUse,TASK_COMPLETE,SUCCESS,INFO,205,205,0,,2026-09-02T19:03:39.838Z,2026-09-02T21:23:00.812Z,8361,2026-09-02T21:23:00.812Z,LV2,Desert Inn,c49685cc-3281-44bc-a1c2-3be5b1110999,SAMMS-DesertInn
202609022122573157,202609021903208562,202609021903206075,85,4397,Bronze INV,br_ReAssessmentSubstanceUse,TASK_COMPLETE,SUCCESS,INFO,111,111,0,,2026-09-02T19:03:39.838Z,2026-09-02T21:23:00.812Z,8361,2026-09-02T21:23:00.812Z,LV3,McDaniel,c49685cc-3281-44bc-a1c2-3be5b1110999,SAMMS-McDaniel
202609022122573158,202609021903208563,202609021903206075,85,4400,Bronze INV,br_ReAssessmentSubstanceUse,TASK_COMPLETE,SUCCESS,INFO,365,365,0,,2026-09-02T19:03:39.838Z,2026-09-02T21:23:00.812Z,8361,2026-09-02T21:23:00.812Z,MNRE,Monroe,c49685cc-3281-44bc-a1c2-3be5b1110999,SAMMS-Monroe
202609022122573159,202609021903208564,202609021903206075,85,4401,Bronze INV,br_ReAssessmentSubstanceUse,TASK_COMPLETE,SUCCESS,INFO,1437,1437,0,,2026-09-02T19:03:39.838Z,2026-09-02T21:23:00.812Z,8361,2026-09-02T21:23:00.812Z,MP,Mt. Pleasant,c49685cc-3281-44bc-a1c2-3be5b1110999,SAMMS-MtPleasant
202609022122573160,202609021903208565,202609021903206075,85,4402,Bronze INV,br_ReAssessmentSubstanceUse,TASK_COMPLETE,SUCCESS,INFO,156,156,0,,2026-09-02T19:03:39.838Z,2026-09-02T21:23:00.812Z,8361,2026-09-02T21:23:00.812Z,MRD,Meridian,c49685cc-3281-44bc-a1c2-3be5b1110999,SAMMS-Meridian
202609022122573161,202609021903208566,202609021903206075,85,4407,Bronze INV,br_ReAssessmentSubstanceUse,TASK_COMPLETE,SUCCESS,INFO,697,697,0,,2026-09-02T19:03:39.838Z,2026-09-02T21:23:00.812Z,8361,2026-09-02T21:23:00.812Z,NC,North Charleston,c49685cc-3281-44bc-a1c2-3be5b1110999,SAMMS-NorthCharleston
202609022122573162,202609021903208567,202609021903206075,85,4408,Bronze INV,br_ReAssessmentSubstanceUse,TASK_COMPLETE,SUCCESS,INFO,0,0,0,,2026-09-02T19:03:39.838Z,2026-09-02T21:23:00.812Z,8361,2026-09-02T21:23:00.812Z,NLR,N. Little Rock,c49685cc-3281-44bc-a1c2-3be5b1110999,SAMMS-NLROBOT
202609022122573163,202609021903208568,202609021903206075,85,4409,Bronze INV,br_ReAssessmentSubstanceUse,TASK_COMPLETE,SUCCESS,INFO,115,115,0,,2026-09-02T19:03:39.838Z,2026-09-02T21:23:00.812Z,8361,2026-09-02T21:23:00.812Z,PH,Phoenix,c49685cc-3281-44bc-a1c2-3be5b1110999,SAMMS-Phoenix
202609022122573164,202609021903208569,202609021903206075,85,4413,Bronze INV,br_ReAssessmentSubstanceUse,TASK_COMPLETE,SUCCESS,INFO,219,219,0,,2026-09-02T19:03:39.838Z,2026-09-02T21:23:00.812Z,8361,2026-09-02T21:23:00.812Z,RE,Reno,c49685cc-3281-44bc-a1c2-3be5b1110999,SAMMS-Reno
202608292054381725,202608291904436815,202608291904434406,85,4085,Bronze INV,br_ReAssessmentPhysicalHealth,TASK_COMPLETE,SUCCESS,INFO,1965,1965,0,,2026-08-29T19:04:49.126Z,2026-08-29T20:54:41.421Z,6592,2026-08-29T20:54:41.421Z,VBRP,Brooklyn Park,dd7385f2-fbd4-41a4-afcd-7296aca5e198,SAMMS-BrooklynParkV6
202608292054381726,202608291904436816,202608291904434406,85,4087,Bronze INV,br_ReAssessmentPhysicalHealth,TASK_COMPLETE,SUCCESS,INFO,746,746,0,,2026-08-29T19:04:49.126Z,2026-08-29T20:54:41.421Z,6592,2026-08-29T20:54:41.421Z,VMIN,Minneapolis,dd7385f2-fbd4-41a4-afcd-7296aca5e198,SAMMS-MinneapolisV6
202608292054381727,202608291904436817,202608291904434406,85,4088,Bronze INV,br_ReAssessmentPhysicalHealth,TASK_COMPLETE,SUCCESS,INFO,889,889,0,,2026-08-29T19:04:49.126Z,2026-08-29T20:54:41.421Z,6592,2026-08-29T20:54:41.421Z,VWBY,Woodbury,dd7385f2-fbd4-41a4-afcd-7296aca5e198,SAMMS-WoodburyV6
202608292054381729,202608291904436818,202608291904434406,85,4090,Bronze INV,br_ReAssessmentPhysicalHealth,TASK_COMPLETE,SUCCESS,INFO,161,161,0,,2026-08-29T19:04:49.126Z,2026-08-29T20:54:41.421Z,6592,2026-08-29T20:54:41.421Z,WIL,Wilson,dd7385f2-fbd4-41a4-afcd-7296aca5e198,SAMMS-Wilson
202608292054381730,202608291904436819,202608291904434406,85,4278,Bronze INV,br_ReAssessmentSubstanceUse,TASK_COMPLETE,SUCCESS,INFO,35,35,0,,2026-08-29T19:04:49.126Z,2026-08-29T20:54:41.421Z,6592,2026-08-29T20:54:41.421Z,AHK,Ahoskie,dd7385f2-fbd4-41a4-afcd-7296aca5e198,SAMMS-Ahoskie
202608292054381731,202608291904436820,202608291904434406,85,4279,Bronze INV,br_ReAssessmentSubstanceUse,TASK_COMPLETE,SUCCESS,INFO,673,673,0,,2026-08-29T19:04:49.126Z,2026-08-29T20:54:41.421Z,6592,2026-08-29T20:54:41.421Z,B12B,Colorado Springs,dd7385f2-fbd4-41a4-afcd-7296aca5e198,SAMMS-ColoradoSpringsV5
202608292054381732,202608291904436821,202608291904434406,85,4280,Bronze INV,br_ReAssessmentSubstanceUse,TASK_COMPLETE,SUCCESS,INFO,848,848,0,,2026-08-29T19:04:49.126Z,2026-08-29T20:54:41.421Z,6592,2026-08-29T20:54:41.421Z,B24,Paintsville,dd7385f2-fbd4-41a4-afcd-7296aca5e198,SAMMS-PaintsvilleV5
202608292054381733,202608291904436822,202608291904434406,85,4281,Bronze INV,br_ReAssessmentSubstanceUse,TASK_COMPLETE,SUCCESS,INFO,649,649,0,,2026-08-29T19:04:49.126Z,2026-08-29T20:54:41.421Z,6592,2026-08-29T20:54:41.421Z,B25,Pikeville,dd7385f2-fbd4-41a4-afcd-7296aca5e198,SAMMS-PikevilleV5
202608292054381734,202608291904436823,202608291904434406,85,4282,Bronze INV,br_ReAssessmentSubstanceUse,TASK_COMPLETE,SUCCESS,INFO,973,973,0,,2026-08-29T19:04:49.126Z,2026-08-29T20:54:41.421Z,6592,2026-08-29T20:54:41.421Z,B26,Hazard,dd7385f2-fbd4-41a4-afcd-7296aca5e198,SAMMS-HazardV5
202608292054381735,202608291904436824,202608291904434406,85,4283,Bronze INV,br_ReAssessmentSubstanceUse,TASK_COMPLETE,SUCCESS,INFO,538,538,0,,2026-08-29T19:04:49.126Z,2026-08-29T20:54:41.421Z,6592,2026-08-29T20:54:41.421Z,B27,Savannah,dd7385f2-fbd4-41a4-afcd-7296aca5e198,SAMMS-SavannahV6
202608292054381736,202608291904436825,202608291904434406,85,4284,Bronze INV,br_ReAssessmentSubstanceUse,TASK_COMPLETE,SUCCESS,INFO,248,248,0,,2026-08-29T19:04:49.126Z,2026-08-29T20:54:41.421Z,6592,2026-08-29T20:54:41.421Z,B28,West Plains,dd7385f2-fbd4-41a4-afcd-7296aca5e198,SAMMS-WestPlainesV5
202608292054381738,202608291904436826,202608291904434406,85,4285,Bronze INV,br_ReAssessmentSubstanceUse,TASK_COMPLETE,SUCCESS,INFO,464,464,0,,2026-08-29T19:04:49.126Z,2026-08-29T20:54:41.421Z,6592,2026-08-29T20:54:41.421Z,B29,Poplar Bluff,dd7385f2-fbd4-41a4-afcd-7296aca5e198,SAMMS-PoplarBluffV5
202608292054381739,202608291904436827,202608291904434406,85,4286,Bronze INV,br_ReAssessmentSubstanceUse,TASK_COMPLETE,SUCCESS,INFO,82,82,0,,2026-08-29T19:04:49.126Z,2026-08-29T20:54:41.421Z,6592,2026-08-29T20:54:41.421Z,B30,KC North,dd7385f2-fbd4-41a4-afcd-7296aca5e198,SAMMS-KCNv5
202608292054381740,202608291904436828,202608291904434406,85,4287,Bronze INV,br_ReAssessmentSubstanceUse,TASK_COMPLETE,SUCCESS,INFO,402,402,0,,2026-08-29T19:04:49.126Z,2026-08-29T20:54:41.421Z,6592,2026-08-29T20:54:41.421Z,B31,Dyersburg,dd7385f2-fbd4-41a4-afcd-7296aca5e198,SAMMS-DyersburgV5
202608292054381741,202608291904436829,202608291904434406,85,4289,Bronze INV,br_ReAssessmentSubstanceUse,TASK_COMPLETE,SUCCESS,INFO,489,489,0,,2026-08-29T19:04:49.126Z,2026-08-29T20:54:41.421Z,6592,2026-08-29T20:54:41.421Z,B33,Paducah,dd7385f2-fbd4-41a4-afcd-7296aca5e198,SAMMS-Paducah
202608292054381742,202608291904436830,202608291904434406,85,4290,Bronze INV,br_ReAssessmentSubstanceUse,TASK_COMPLETE,SUCCESS,INFO,388,388,0,,2026-08-29T19:04:49.126Z,2026-08-29T20:54:41.421Z,6592,2026-08-29T20:54:41.421Z,B34,Corbin,dd7385f2-fbd4-41a4-afcd-7296aca5e198,SAMMS-CorbinV5
202608292054381743,202608291904436831,202608291904434406,85,4291,Bronze INV,br_ReAssessmentSubstanceUse,TASK_COMPLETE,SUCCESS,INFO,243,243,0,,2026-08-29T19:04:49.126Z,2026-08-29T20:54:41.421Z,6592,2026-08-29T20:54:41.421Z,B35,Lexington,dd7385f2-fbd4-41a4-afcd-7296aca5e198,SAMMS-LexingtonV5
202608292054381744,202608291904436832,202608291904434406,85,4292,Bronze INV,br_ReAssessmentSubstanceUse,TASK_COMPLETE,SUCCESS,INFO,77,77,0,,2026-08-29T19:04:49.126Z,2026-08-29T20:54:41.421Z,6592,2026-08-29T20:54:41.421Z,B35A,Berea,dd7385f2-fbd4-41a4-afcd-7296aca5e198,SAMMS-BereaV5
202608292054381745,202608291904436833,202608291904434406,85,4293,Bronze INV,br_ReAssessmentSubstanceUse,TASK_COMPLETE,SUCCESS,INFO,22,22,0,,2026-08-29T19:04:49.126Z,2026-08-29T20:54:41.421Z,6592,2026-08-29T20:54:41.421Z,B36,Asheville,dd7385f2-fbd4-41a4-afcd-7296aca5e198,SAMMS-AshevilleV5
202608292054381747,202608291904436834,202608291904434406,85,4294,Bronze INV,br_ReAssessmentSubstanceUse,TASK_COMPLETE,SUCCESS,INFO,2,2,0,,2026-08-29T19:04:49.126Z,2026-08-29T20:54:41.421Z,6592,2026-08-29T20:54:41.421Z,B37,Clyde,dd7385f2-fbd4-41a4-afcd-7296aca5e198,SAMMS-ClydeV5
202608292054381748,202608291904436835,202608291904434406,85,4295,Bronze INV,br_ReAssessmentSubstanceUse,TASK_COMPLETE,SUCCESS,INFO,1194,1194,0,,2026-08-29T19:04:49.126Z,2026-08-29T20:54:41.421Z,6592,2026-08-29T20:54:41.421Z,B38,Spartanburg,dd7385f2-fbd4-41a4-afcd-7296aca5e198,SAMMS-SpartanburgV5
202608292054381749,202608291904436836,202608291904434406,85,4296,Bronze INV,br_ReAssessmentSubstanceUse,TASK_COMPLETE,SUCCESS,INFO,367,367,0,,2026-08-29T19:04:49.126Z,2026-08-29T20:54:41.421Z,6592,2026-08-29T20:54:41.421Z,B39,Aiken,dd7385f2-fbd4-41a4-afcd-7296aca5e198,SAMMS-AikenV5
202608292054381750,202608291904436837,202608291904434406,85,4297,Bronze INV,br_ReAssessmentSubstanceUse,TASK_COMPLETE,SUCCESS,INFO,1908,1908,0,,2026-08-29T19:04:49.126Z,2026-08-29T20:54:41.421Z,6592,2026-08-29T20:54:41.421Z,B41,Chesapeake,dd7385f2-fbd4-41a4-afcd-7296aca5e198,SAMMS-ChesapeakeV5
202608292054381751,202608291904436838,202608291904434406,85,4298,Bronze INV,br_ReAssessmentSubstanceUse,TASK_COMPLETE,SUCCESS,INFO,1938,1938,0,,2026-08-29T19:04:49.126Z,2026-08-29T20:54:41.421Z,6592,2026-08-29T20:54:41.421Z,B42,Virginia Beach,dd7385f2-fbd4-41a4-afcd-7296aca5e198,SAMMS-VirginiaBeachV5
202608292054381752,202608291904436839,202608291904434406,85,4299,Bronze INV,br_ReAssessmentSubstanceUse,TASK_COMPLETE,SUCCESS,INFO,945,945,0,,2026-08-29T19:04:49.126Z,2026-08-29T20:54:41.421Z,6592,2026-08-29T20:54:41.421Z,B42A,Newport News,dd7385f2-fbd4-41a4-afcd-7296aca5e198,SAMMS-NewportNewsV5
202608292054381753,202608291904436840,202608291904434406,85,4300,Bronze INV,br_ReAssessmentSubstanceUse,TASK_COMPLETE,SUCCESS,INFO,515,515,0,,2026-08-29T19:04:49.126Z,2026-08-29T20:54:41.421Z,6592,2026-08-29T20:54:41.421Z,B42B,Franklin,dd7385f2-fbd4-41a4-afcd-7296aca5e198,SAMMS-FranklinV5
202608292054381754,202608291904436841,202608291904434406,85,4301,Bronze INV,br_ReAssessmentSubstanceUse,TASK_COMPLETE,SUCCESS,INFO,352,352,0,,2026-08-29T19:04:49.126Z,2026-08-29T20:54:41.421Z,6592,2026-08-29T20:54:41.421Z,B42C,Glen Allen,dd7385f2-fbd4-41a4-afcd-7296aca5e198,SAMMS-GlenAllenV5
202608292054381755,202608291904436842,202608291904434406,85,4302,Bronze INV,br_ReAssessmentSubstanceUse,TASK_COMPLETE,SUCCESS,INFO,1510,1510,0,,2026-08-29T19:04:49.126Z,2026-08-29T20:54:41.421Z,6592,2026-08-29T20:54:41.421Z,B42D,Chesapeake South,dd7385f2-fbd4-41a4-afcd-7296aca5e198,SAMMS-ChesapeakeSouthV5
202608292054381756,202608291904436843,202608291904434406,85,4303,Bronze INV,br_ReAssessmentSubstanceUse,TASK_COMPLETE,SUCCESS,INFO,638,638,0,,2026-08-29T19:04:49.126Z,2026-08-29T20:54:41.421Z,6592,2026-08-29T20:54:41.421Z,B44,Albany,dd7385f2-fbd4-41a4-afcd-7296aca5e198,SAMMS-AlbanyV5
202608292054381757,202608291904436844,202608291904434406,85,4304,Bronze INV,br_ReAssessmentSubstanceUse,TASK_COMPLETE,SUCCESS,INFO,1278,1278,0,,2026-08-29T19:04:49.126Z,2026-08-29T20:54:41.421Z,6592,2026-08-29T20:54:41.421Z,B45,Tifton,dd7385f2-fbd4-41a4-afcd-7296aca5e198,SAMMS-TiftonV5
202608292054381759,202608291904436845,202608291904434406,85,4305,Bronze INV,br_ReAssessmentSubstanceUse,TASK_COMPLETE,SUCCESS,INFO,605,605,0,,2026-08-29T19:04:49.126Z,2026-08-29T20:54:41.421Z,6592,2026-08-29T20:54:41.421Z,B46,Washington DC,dd7385f2-fbd4-41a4-afcd-7296aca5e198,SAMMS-WashingtonDCv5
202608292054381760,202608291904436846,202608291904434406,85,4306,Bronze INV,br_ReAssessmentSubstanceUse,TASK_COMPLETE,SUCCESS,INFO,1599,1599,0,,2026-08-29T19:04:49.126Z,2026-08-29T20:54:41.421Z,6592,2026-08-29T20:54:41.421Z,B47,Mobile,dd7385f2-fbd4-41a4-afcd-7296aca5e198,SAMMS-MobileV5
202608292054381761,202608291904436847,202608291904434406,85,4307,Bronze INV,br_ReAssessmentSubstanceUse,TASK_COMPLETE,SUCCESS,INFO,1307,1307,0,,2026-08-29T19:04:49.126Z,2026-08-29T20:54:41.421Z,6592,2026-08-29T20:54:41.421Z,B48,Tuscaloosa,dd7385f2-fbd4-41a4-afcd-7296aca5e198,SAMMS-TuscaloosaV5
202608292054381762,202608291904436848,202608291904434406,85,4316,Bronze INV,br_ReAssessmentSubstanceUse,TASK_COMPLETE,SUCCESS,INFO,5,5,0,,2026-08-29T19:04:49.126Z,2026-08-29T20:54:41.421Z,6592,2026-08-29T20:54:41.421Z,B51,N. Little Rock (OTP),dd7385f2-fbd4-41a4-afcd-7296aca5e198,SAMMS-NorthLittleRockV6
202608292054381763,202608291904436849,202608291904434406,85,4317,Bronze INV,br_ReAssessmentSubstanceUse,TASK_COMPLETE,SUCCESS,INFO,466,466,0,,2026-08-29T19:04:49.126Z,2026-08-29T20:54:41.421Z,6592,2026-08-29T20:54:41.421Z,B52,Jackson GA,dd7385f2-fbd4-41a4-afcd-7296aca5e198,SAMMS-JacksonGAV5
202608292054381764,202608291904436850,202608291904434406,85,4318,Bronze INV,br_ReAssessmentSubstanceUse,TASK_COMPLETE,SUCCESS,INFO,1711,1711,0,,2026-08-29T19:04:49.126Z,2026-08-29T20:54:41.421Z,6592,2026-08-29T20:54:41.421Z,B54,Gadsden,dd7385f2-fbd4-41a4-afcd-7296aca5e198,SAMMS-GadsdenV5
202608292054381765,202608291904436851,202608291904434406,85,4319,Bronze INV,br_ReAssessmentSubstanceUse,TASK_COMPLETE,SUCCESS,INFO,968,968,0,,2026-08-29T19:04:49.126Z,2026-08-29T20:54:41.421Z,6592,2026-08-29T20:54:41.421Z,B55,Shoals,dd7385f2-fbd4-41a4-afcd-7296aca5e198,SAMMS-ShoalsV5
202608292054381766,202608291904436852,202608291904434406,85,4320,Bronze INV,br_ReAssessmentSubstanceUse,TASK_COMPLETE,SUCCESS,INFO,296,296,0,,2026-08-29T19:04:49.126Z,2026-08-29T20:54:41.421Z,6592,2026-08-29T20:54:41.421Z,B57,Pawtucket,dd7385f2-fbd4-41a4-afcd-7296aca5e198,SAMMS-Pawtucket
202608292054381767,202608291904436853,202608291904434406,85,4321,Bronze INV,br_ReAssessmentSubstanceUse,TASK_COMPLETE,SUCCESS,INFO,559,559,0,,2026-08-29T19:04:49.126Z,2026-08-29T20:54:41.421Z,6592,2026-08-29T20:54:41.421Z,B57A,Johnston,dd7385f2-fbd4-41a4-afcd-7296aca5e198,SAMMS-Johnston
202608292054381769,202608291904436854,202608291904434406,85,4322,Bronze INV,br_ReAssessmentSubstanceUse,TASK_COMPLETE,SUCCESS,INFO,169,169,0,,2026-08-29T19:04:49.126Z,2026-08-29T20:54:41.421Z,6592,2026-08-29T20:54:41.421Z,B57B,Middletown,dd7385f2-fbd4-41a4-afcd-7296aca5e198,SAMMS-Middletown
202608292054381770,202608291904436855,202608291904434406,85,4323,Bronze INV,br_ReAssessmentSubstanceUse,TASK_COMPLETE,SUCCESS,INFO,418,418,0,,2026-08-29T19:04:49.126Z,2026-08-29T20:54:41.421Z,6592,2026-08-29T20:54:41.421Z,B57C,Providence,dd7385f2-fbd4-41a4-afcd-7296aca5e198,SAMMS-Providence
202608292054381771,202608291904436856,202608291904434406,85,4324,Bronze INV,br_ReAssessmentSubstanceUse,TASK_COMPLETE,SUCCESS,INFO,642,642,0,,2026-08-29T19:04:49.126Z,2026-08-29T20:54:41.421Z,6592,2026-08-29T20:54:41.421Z,B57D,Westerly,dd7385f2-fbd4-41a4-afcd-7296aca5e198,SAMMS-Westerly
202608292054381773,202608291904436857,202608291904434406,85,4328,Bronze INV,br_ReAssessmentSubstanceUse,TASK_COMPLETE,SUCCESS,INFO,4,4,0,,2026-08-29T19:04:49.126Z,2026-08-29T20:54:41.421Z,6592,2026-08-29T20:54:41.421Z,B66A,Bremen,dd7385f2-fbd4-41a4-afcd-7296aca5e198,SAMMS-Bremen
202608292054381774,202608291904436858,202608291904434406,85,4331,Bronze INV,br_ReAssessmentSubstanceUse,TASK_COMPLETE,SUCCESS,INFO,0,0,0,,2026-08-29T19:04:49.126Z,2026-08-29T20:54:41.421Z,6592,2026-08-29T20:54:41.421Z,B72,Mobile (OBOT),dd7385f2-fbd4-41a4-afcd-7296aca5e198,SAMMS-Mobile-OBOT
202608292054381775,202608291904436859,202608291904434406,85,4332,Bronze INV,br_ReAssessmentSubstanceUse,TASK_COMPLETE,SUCCESS,INFO,0,0,0,,2026-08-29T19:04:49.126Z,2026-08-29T20:54:41.421Z,6592,2026-08-29T20:54:41.421Z,B73,Montgomery,dd7385f2-fbd4-41a4-afcd-7296aca5e198,SAMMS-Montgomery
202608292054381776,202608291904436860,202608291904434406,85,4333,Bronze INV,br_ReAssessmentSubstanceUse,TASK_COMPLETE,SUCCESS,INFO,523,523,0,,2026-08-29T19:04:49.126Z,2026-08-29T20:54:41.421Z,6592,2026-08-29T20:54:41.421Z,B75,Lawrence,dd7385f2-fbd4-41a4-afcd-7296aca5e198,SAMMS-LawrenceV6
202608292054381777,202608291904436861,202608291904434406,85,4334,Bronze INV,br_ReAssessmentSubstanceUse,TASK_COMPLETE,SUCCESS,INFO,0,0,0,,2026-08-29T19:04:49.126Z,2026-08-29T20:54:41.421Z,6592,2026-08-29T20:54:41.421Z,B76,Huntsville OBOT,dd7385f2-fbd4-41a4-afcd-7296aca5e198,SAMMS-Huntsville-OBOT
202608292054381778,202608291904436862,202608291904434406,85,4335,Bronze INV,br_ReAssessmentSubstanceUse,TASK_COMPLETE,SUCCESS,INFO,0,0,0,,2026-08-29T19:04:49.126Z,2026-08-29T20:54:41.421Z,6592,2026-08-29T20:54:41.421Z,BAT,Batesville,dd7385f2-fbd4-41a4-afcd-7296aca5e198,SAMMS-Batesville
202608292054381779,202608291904436863,202608291904434406,85,4336,Bronze INV,br_ReAssessmentSubstanceUse,TASK_COMPLETE,SUCCESS,INFO,465,465,0,,2026-08-29T19:04:49.126Z,2026-08-29T20:54:41.421Z,6592,2026-08-29T20:54:41.421Z,BG,Bowling Green,dd7385f2-fbd4-41a4-afcd-7296aca5e198,SAMMS-BowlingGreen
202608292054381780,202608291904436864,202608291904434406,85,4337,Bronze INV,br_ReAssessmentSubstanceUse,TASK_COMPLETE,SUCCESS,INFO,185,185,0,,2026-08-29T19:04:49.126Z,2026-08-29T20:54:41.421Z,6592,2026-08-29T20:54:41.421Z,BOI,Boise,dd7385f2-fbd4-41a4-afcd-7296aca5e198,SAMMS-Boise
202608292054381782,202608291904436865,202608291904434406,85,4344,Bronze INV,br_ReAssessmentSubstanceUse,TASK_COMPLETE,SUCCESS,INFO,57,57,0,,2026-08-29T19:04:49.126Z,2026-08-29T20:54:41.421Z,6592,2026-08-29T20:54:41.421Z,CBCO,Coeur dAlene,dd7385f2-fbd4-41a4-afcd-7296aca5e198,SAMMS-CoeurdAleneV6
202608292054381783,202608291904436866,202608291904434406,85,4363,Bronze INV,br_ReAssessmentSubstanceUse,TASK_COMPLETE,SUCCESS,INFO,0,0,0,,2026-08-29T19:04:49.126Z,2026-08-29T20:54:41.421Z,6592,2026-08-29T20:54:41.421Z,CON,Conway,dd7385f2-fbd4-41a4-afcd-7296aca5e198,SAMMS-Conway
202608292054381784,202608291904436867,202608291904434406,85,4364,Bronze INV,br_ReAssessmentSubstanceUse,TASK_COMPLETE,SUCCESS,INFO,2630,2630,0,,2026-08-29T19:04:49.126Z,2026-08-29T20:54:41.421Z,6592,2026-08-29T20:54:41.421Z,D07,Medical Services Knox TN,dd7385f2-fbd4-41a4-afcd-7296aca5e198,SAMMS-KnoxvilleV6
202608292054381785,202608291904436868,202608291904434406,85,4365,Bronze INV,br_ReAssessmentSubstanceUse,TASK_COMPLETE,SUCCESS,INFO,116,116,0,,2026-08-29T19:04:49.126Z,2026-08-29T20:54:41.421Z,6592,2026-08-29T20:54:41.421Z,D08,Madison,dd7385f2-fbd4-41a4-afcd-7296aca5e198,SAMMS-MadisonV6
202608292054381786,202608291904436869,202608291904434406,85,4367,Bronze INV,br_ReAssessmentSubstanceUse,TASK_COMPLETE,SUCCESS,INFO,137,137,0,,2026-08-29T19:04:49.126Z,2026-08-29T20:54:41.421Z,6592,2026-08-29T20:54:41.421Z,D09,Murfreesboro,dd7385f2-fbd4-41a4-afcd-7296aca5e198,SAMMS-MurfreesboroV6
202608292054381787,202608291904436870,202608291904434406,85,4368,Bronze INV,br_ReAssessmentSubstanceUse,TASK_COMPLETE,SUCCESS,INFO,340,340,0,,2026-08-29T19:04:49.126Z,2026-08-29T20:54:41.421Z,6592,2026-08-29T20:54:41.421Z,DA,Davenport,dd7385f2-fbd4-41a4-afcd-7296aca5e198,SAMMS-Davenport
202608292054381788,202608291904436871,202608291904434406,85,4369,Bronze INV,br_ReAssessmentSubstanceUse,TASK_COMPLETE,SUCCESS,INFO,292,292,0,,2026-08-29T19:04:49.126Z,2026-08-29T20:54:41.421Z,6592,2026-08-29T20:54:41.421Z,DM,Des Moines,dd7385f2-fbd4-41a4-afcd-7296aca5e198,SAMMS-DesMoines
202608292054381789,202608291904436872,202608291904434406,85,4371,Bronze INV,br_ReAssessmentSubstanceUse,TASK_COMPLETE,SUCCESS,INFO,534,534,0,,2026-08-29T19:04:49.126Z,2026-08-29T20:54:41.421Z,6592,2026-08-29T20:54:41.421Z,DRD-CO,Columbia MO,dd7385f2-fbd4-41a4-afcd-7296aca5e198,SAMMS-ColumbiaV5
202608292054381791,202608291904436873,202608291904434406,85,4372,Bronze INV,br_ReAssessmentSubstanceUse,TASK_COMPLETE,SUCCESS,INFO,348,348,0,,2026-08-29T19:04:49.126Z,2026-08-29T20:54:41.421Z,6592,2026-08-29T20:54:41.421Z,DRD-KC,KC,dd7385f2-fbd4-41a4-afcd-7296aca5e198,SAMMS-KCv5
202608292054381792,202608291904436874,202608291904434406,85,4373,Bronze INV,br_ReAssessmentSubstanceUse,TASK_COMPLETE,SUCCESS,INFO,1572,1572,0,,2026-08-29T19:04:49.126Z,2026-08-29T20:54:41.421Z,6592,2026-08-29T20:54:41.421Z,DRD-KVB,KVB,dd7385f2-fbd4-41a4-afcd-7296aca5e198,SAMMS-KVBv5
202608292054381793,202608291904436875,202608291904434406,85,4374,Bronze INV,br_ReAssessmentSubstanceUse,TASK_COMPLETE,SUCCESS,INFO,1688,1688,0,,2026-08-29T19:04:49.126Z,2026-08-29T20:54:41.421Z,6592,2026-08-29T20:54:41.421Z,DRD-KVC,KVC,dd7385f2-fbd4-41a4-afcd-7296aca5e198,SAMMS-KVCv5
202608292054381794,202608291904436876,202608291904434406,85,4375,Bronze INV,br_ReAssessmentSubstanceUse,TASK_COMPLETE,SUCCESS,INFO,3216,3216,0,,2026-08-29T19:04:49.126Z,2026-08-29T20:54:41.421Z,6592,2026-08-29T20:54:41.421Z,DRD-NOLA,NOLA,dd7385f2-fbd4-41a4-afcd-7296aca5e198,SAMMS-NOLAv5
202608292054381795,202608291904436877,202608291904434406,85,4376,Bronze INV,br_ReAssessmentSubstanceUse,TASK_COMPLETE,SUCCESS,INFO,817,817,0,,2026-08-29T19:04:49.126Z,2026-08-29T20:54:41.421Z,6592,2026-08-29T20:54:41.421Z,DRD-SF,Springfield,dd7385f2-fbd4-41a4-afcd-7296aca5e198,SAMMS-SFv5
202608292054381796,202608291904436878,202608291904434406,85,4378,Bronze INV,br_ReAssessmentSubstanceUse,TASK_COMPLETE,SUCCESS,INFO,262,262,0,,2026-08-29T19:04:49.126Z,2026-08-29T20:54:41.421Z,6592,2026-08-29T20:54:41.421Z,ELC,Elizabeth City,dd7385f2-fbd4-41a4-afcd-7296aca5e198,SAMMS-ElizabethCity
202608292054381797,202608291904436879,202608291904434406,85,4379,Bronze INV,br_ReAssessmentSubstanceUse,TASK_COMPLETE,SUCCESS,INFO,128,128,0,,2026-08-29T19:04:49.126Z,2026-08-29T20:54:41.421Z,6592,2026-08-29T20:54:41.421Z,ET,Elizabethtown,dd7385f2-fbd4-41a4-afcd-7296aca5e198,SAMMS-Elizabethtown
202608292054381799,202608291904436880,202608291904434406,85,4380,Bronze INV,br_ReAssessmentSubstanceUse,TASK_COMPLETE,SUCCESS,INFO,0,0,0,,2026-08-29T19:04:49.126Z,2026-08-29T20:54:41.421Z,6592,2026-08-29T20:54:41.421Z,FAY,Fayetteville,dd7385f2-fbd4-41a4-afcd-7296aca5e198,SAMMS-Fayetteville
202608292054381800,202608291904436881,202608291904434406,85,4381,Bronze INV,br_ReAssessmentSubstanceUse,TASK_COMPLETE,SUCCESS,INFO,158,158,0,,2026-08-29T19:04:49.126Z,2026-08-29T20:54:41.421Z,6592,2026-08-29T20:54:41.421Z,FR,Frankfort,dd7385f2-fbd4-41a4-afcd-7296aca5e198,SAMMS-Frankfort
202608292054381801,202608291904436882,202608291904434406,85,4382,Bronze INV,br_ReAssessmentSubstanceUse,TASK_COMPLETE,SUCCESS,INFO,0,0,0,,2026-08-29T19:04:49.126Z,2026-08-29T20:54:41.421Z,6592,2026-08-29T20:54:41.421Z,FS,Fort Smith,dd7385f2-fbd4-41a4-afcd-7296aca5e198,SAMMS-FortSmith
202608292054381802,202608291904436883,202608291904434406,85,4383,Bronze INV,br_ReAssessmentSubstanceUse,TASK_COMPLETE,SUCCESS,INFO,472,472,0,,2026-08-29T19:04:49.126Z,2026-08-29T20:54:41.421Z,6592,2026-08-29T20:54:41.421Z,FW,Fort Wayne,dd7385f2-fbd4-41a4-afcd-7296aca5e198,SAMMS-FortWayne
202608292054381803,202608291904436884,202608291904434406,85,4384,Bronze INV,br_ReAssessmentSubstanceUse,TASK_COMPLETE,SUCCESS,INFO,276,276,0,,2026-08-29T19:04:49.126Z,2026-08-29T20:54:41.421Z,6592,2026-08-29T20:54:41.421Z,GAL,Gaylord,dd7385f2-fbd4-41a4-afcd-7296aca5e198,SAMMS-Gaylord
202608292054381805,202608291904436885,202608291904434406,85,4388,Bronze INV,br_ReAssessmentSubstanceUse,TASK_COMPLETE,SUCCESS,INFO,102,102,0,,2026-08-29T19:04:49.126Z,2026-08-29T20:54:41.421Z,6592,2026-08-29T20:54:41.421Z,HGT,Hagerstown,dd7385f2-fbd4-41a4-afcd-7296aca5e198,SAMMS-Hagerstown
202608292054381806,202608291904436886,202608291904434406,85,4389,Bronze INV,br_ReAssessmentSubstanceUse,TASK_COMPLETE,SUCCESS,INFO,1747,1747,0,,2026-08-29T19:04:49.126Z,2026-08-29T20:54:41.421Z,6592,2026-08-29T20:54:41.421Z,HNT,Huntsville,dd7385f2-fbd4-41a4-afcd-7296aca5e198,SAMMS-Huntsville
202608292054381807,202608291904436887,202608291904434406,85,4390,Bronze INV,br_ReAssessmentSubstanceUse,TASK_COMPLETE,SUCCESS,INFO,0,0,0,,2026-08-29T19:04:49.126Z,2026-08-29T20:54:41.421Z,6592,2026-08-29T20:54:41.421Z,HS,Hot Springs,dd7385f2-fbd4-41a4-afcd-7296aca5e198,SAMMS-HotSprings
202608292054381808,202608291904436888,202608291904434406,85,4391,Bronze INV,br_ReAssessmentSubstanceUse,TASK_COMPLETE,SUCCESS,INFO,0,0,0,,2026-08-29T19:04:49.126Z,2026-08-29T20:54:41.421Z,6592,2026-08-29T20:54:41.421Z,JON,Jonesboro,dd7385f2-fbd4-41a4-afcd-7296aca5e198,SAMMS-Jonesboro
202608292054381810,202608291904436889,202608291904434406,85,4393,Bronze INV,br_ReAssessmentSubstanceUse,TASK_COMPLETE,SUCCESS,INFO,455,455,0,,2026-08-29T19:04:49.126Z,2026-08-29T20:54:41.421Z,6592,2026-08-29T20:54:41.421Z,LAN,Lansing,dd7385f2-fbd4-41a4-afcd-7296aca5e198,SAMMS-Lansing
202608292054381811,202608291904436890,202608291904434406,85,4394,Bronze INV,br_ReAssessmentSubstanceUse,TASK_COMPLETE,SUCCESS,INFO,1293,1293,0,,2026-08-29T19:04:49.126Z,2026-08-29T20:54:41.421Z,6592,2026-08-29T20:54:41.421Z,LO,Louisville,dd7385f2-fbd4-41a4-afcd-7296aca5e198,SAMMS-Louisville
202608292054381812,202608291904436891,202608291904434406,85,4395,Bronze INV,br_ReAssessmentSubstanceUse,TASK_COMPLETE,SUCCESS,INFO,295,295,0,,2026-08-29T19:04:49.126Z,2026-08-29T20:54:41.421Z,6592,2026-08-29T20:54:41.421Z,LV1,Cheyenne,dd7385f2-fbd4-41a4-afcd-7296aca5e198,SAMMS-Cheyenne
202608292054381813,202608291904436892,202608291904434406,85,4396,Bronze INV,br_ReAssessmentSubstanceUse,TASK_COMPLETE,SUCCESS,INFO,205,205,0,,2026-08-29T19:04:49.126Z,2026-08-29T20:54:41.421Z,6592,2026-08-29T20:54:41.421Z,LV2,Desert Inn,dd7385f2-fbd4-41a4-afcd-7296aca5e198,SAMMS-DesertInn
202608292054381814,202608291904436893,202608291904434406,85,4397,Bronze INV,br_ReAssessmentSubstanceUse,TASK_COMPLETE,SUCCESS,INFO,111,111,0,,2026-08-29T19:04:49.126Z,2026-08-29T20:54:41.421Z,6592,2026-08-29T20:54:41.421Z,LV3,McDaniel,dd7385f2-fbd4-41a4-afcd-7296aca5e198,SAMMS-McDaniel
202608292054381815,202608291904436894,202608291904434406,85,4400,Bronze INV,br_ReAssessmentSubstanceUse,TASK_COMPLETE,SUCCESS,INFO,365,365,0,,2026-08-29T19:04:49.126Z,2026-08-29T20:54:41.421Z,6592,2026-08-29T20:54:41.421Z,MNRE,Monroe,dd7385f2-fbd4-41a4-afcd-7296aca5e198,SAMMS-Monroe
202608292054381816,202608291904436895,202608291904434406,85,4401,Bronze INV,br_ReAssessmentSubstanceUse,TASK_COMPLETE,SUCCESS,INFO,1437,1437,0,,2026-08-29T19:04:49.126Z,2026-08-29T20:54:41.421Z,6592,2026-08-29T20:54:41.421Z,MP,Mt. Pleasant,dd7385f2-fbd4-41a4-afcd-7296aca5e198,SAMMS-MtPleasant
202608292054381817,202608291904436896,202608291904434406,85,4402,Bronze INV,br_ReAssessmentSubstanceUse,TASK_COMPLETE,SUCCESS,INFO,156,156,0,,2026-08-29T19:04:49.126Z,2026-08-29T20:54:41.421Z,6592,2026-08-29T20:54:41.421Z,MRD,Meridian,dd7385f2-fbd4-41a4-afcd-7296aca5e198,SAMMS-Meridian
202608292054381818,202608291904436897,202608291904434406,85,4407,Bronze INV,br_ReAssessmentSubstanceUse,TASK_COMPLETE,SUCCESS,INFO,697,697,0,,2026-08-29T19:04:49.126Z,2026-08-29T20:54:41.421Z,6592,2026-08-29T20:54:41.421Z,NC,North Charleston,dd7385f2-fbd4-41a4-afcd-7296aca5e198,SAMMS-NorthCharleston
202608292054381820,202608291904436898,202608291904434406,85,4408,Bronze INV,br_ReAssessmentSubstanceUse,TASK_COMPLETE,SUCCESS,INFO,0,0,0,,2026-08-29T19:04:49.126Z,2026-08-29T20:54:41.421Z,6592,2026-08-29T20:54:41.421Z,NLR,N. Little Rock,dd7385f2-fbd4-41a4-afcd-7296aca5e198,SAMMS-NLROBOT
202608292054381821,202608291904436899,202608291904434406,85,4409,Bronze INV,br_ReAssessmentSubstanceUse,TASK_COMPLETE,SUCCESS,INFO,115,115,0,,2026-08-29T19:04:49.126Z,2026-08-29T20:54:41.421Z,6592,2026-08-29T20:54:41.421Z,PH,Phoenix,dd7385f2-fbd4-41a4-afcd-7296aca5e198,SAMMS-Phoenix
202608292054381822,202608291904436900,202608291904434406,85,4413,Bronze INV,br_ReAssessmentSubstanceUse,TASK_COMPLETE,SUCCESS,INFO,219,219,0,,2026-08-29T19:04:49.126Z,2026-08-29T20:54:41.421Z,6592,2026-08-29T20:54:41.421Z,RE,Reno,dd7385f2-fbd4-41a4-afcd-7296aca5e198,SAMMS-Reno
202609022122570684,202609021903206334,202609021903206075,85,2651,Bronze INV,br_LiquidLog,TASK_COMPLETE,SUCCESS,INFO,262826,262826,0,,2026-09-02T19:03:39.838Z,2026-09-02T21:23:00.812Z,8361,2026-09-02T21:23:00.812Z,B48,Tuscaloosa,c49685cc-3281-44bc-a1c2-3be5b1110999,SAMMS-TuscaloosaV5
202609022122570685,202609021903206335,202609021903206075,85,2660,Bronze INV,br_LiquidLog,TASK_COMPLETE,SUCCESS,INFO,59212,59212,0,,2026-09-02T19:03:39.838Z,2026-09-02T21:23:00.812Z,8361,2026-09-02T21:23:00.812Z,B51,N. Little Rock (OTP),c49685cc-3281-44bc-a1c2-3be5b1110999,SAMMS-NorthLittleRockV6
202609022122570686,202609021903206336,202609021903206075,85,2661,Bronze INV,br_LiquidLog,TASK_COMPLETE,SUCCESS,INFO,95321,95321,0,,2026-09-02T19:03:39.838Z,2026-09-02T21:23:00.812Z,8361,2026-09-02T21:23:00.812Z,B52,Jackson GA,c49685cc-3281-44bc-a1c2-3be5b1110999,SAMMS-JacksonGAV5
202609022122570687,202609021903206337,202609021903206075,85,2662,Bronze INV,br_LiquidLog,TASK_COMPLETE,SUCCESS,INFO,239682,239682,0,,2026-09-02T19:03:39.838Z,2026-09-02T21:23:00.812Z,8361,2026-09-02T21:23:00.812Z,B54,Gadsden,c49685cc-3281-44bc-a1c2-3be5b1110999,SAMMS-GadsdenV5
202609022122570688,202609021903206338,202609021903206075,85,2663,Bronze INV,br_LiquidLog,TASK_COMPLETE,SUCCESS,INFO,225121,225121,0,,2026-09-02T19:03:39.838Z,2026-09-02T21:23:00.812Z,8361,2026-09-02T21:23:00.812Z,B55,Shoals,c49685cc-3281-44bc-a1c2-3be5b1110999,SAMMS-ShoalsV5
202609022122570689,202609021903206339,202609021903206075,85,2664,Bronze INV,br_LiquidLog,TASK_COMPLETE,SUCCESS,INFO,65266,65266,0,,2026-09-02T19:03:39.838Z,2026-09-02T21:23:00.812Z,8361,2026-09-02T21:23:00.812Z,B57,Pawtucket,c49685cc-3281-44bc-a1c2-3be5b1110999,SAMMS-Pawtucket
202609022122570690,202609021903206340,202609021903206075,85,2665,Bronze INV,br_LiquidLog,TASK_COMPLETE,SUCCESS,INFO,73211,73211,0,,2026-09-02T19:03:39.838Z,2026-09-02T21:23:00.812Z,8361,2026-09-02T21:23:00.812Z,B57A,Johnston,c49685cc-3281-44bc-a1c2-3be5b1110999,SAMMS-Johnston
202609022122570691,202609021903206341,202609021903206075,85,2666,Bronze INV,br_LiquidLog,TASK_COMPLETE,SUCCESS,INFO,19057,19057,0,,2026-09-02T19:03:39.838Z,2026-09-02T21:23:00.812Z,8361,2026-09-02T21:23:00.812Z,B57B,Middletown,c49685cc-3281-44bc-a1c2-3be5b1110999,SAMMS-Middletown
202609022122570693,202609021903206342,202609021903206075,85,2667,Bronze INV,br_LiquidLog,TASK_COMPLETE,SUCCESS,INFO,38561,38561,0,,2026-09-02T19:03:39.838Z,2026-09-02T21:23:00.812Z,8361,2026-09-02T21:23:00.812Z,B57C,Providence,c49685cc-3281-44bc-a1c2-3be5b1110999,SAMMS-Providence
202609022122570694,202609021903206343,202609021903206075,85,2668,Bronze INV,br_LiquidLog,TASK_COMPLETE,SUCCESS,INFO,65256,65256,0,,2026-09-02T19:03:39.838Z,2026-09-02T21:23:00.812Z,8361,2026-09-02T21:23:00.812Z,B57D,Westerly,c49685cc-3281-44bc-a1c2-3be5b1110999,SAMMS-Westerly
202609022122570695,202609021903206344,202609021903206075,85,2672,Bronze INV,br_LiquidLog,TASK_COMPLETE,SUCCESS,INFO,0,0,0,,2026-09-02T19:03:39.838Z,2026-09-02T21:23:00.812Z,8361,2026-09-02T21:23:00.812Z,B66A,Bremen,c49685cc-3281-44bc-a1c2-3be5b1110999,SAMMS-Bremen
202609022122570696,202609021903206345,202609021903206075,85,2675,Bronze INV,br_LiquidLog,TASK_COMPLETE,SUCCESS,INFO,0,0,0,,2026-09-02T19:03:39.838Z,2026-09-02T21:23:00.812Z,8361,2026-09-02T21:23:00.812Z,B72,Mobile (OBOT),c49685cc-3281-44bc-a1c2-3be5b1110999,SAMMS-Mobile-OBOT
202609022122570697,202609021903206346,202609021903206075,85,2676,Bronze INV,br_LiquidLog,TASK_COMPLETE,SUCCESS,INFO,0,0,0,,2026-09-02T19:03:39.838Z,2026-09-02T21:23:00.812Z,8361,2026-09-02T21:23:00.812Z,B73,Montgomery,c49685cc-3281-44bc-a1c2-3be5b1110999,SAMMS-Montgomery
202609022122570698,202609021903206347,202609021903206075,85,2677,Bronze INV,br_LiquidLog,TASK_COMPLETE,SUCCESS,INFO,61760,61760,0,,2026-09-02T19:03:39.838Z,2026-09-02T21:23:00.812Z,8361,2026-09-02T21:23:00.812Z,B75,Lawrence,c49685cc-3281-44bc-a1c2-3be5b1110999,SAMMS-LawrenceV6
202609022122570699,202609021903206348,202609021903206075,85,2678,Bronze INV,br_LiquidLog,TASK_COMPLETE,SUCCESS,INFO,0,0,0,,2026-09-02T19:03:39.838Z,2026-09-02T21:23:00.812Z,8361,2026-09-02T21:23:00.812Z,B76,Huntsville OBOT,c49685cc-3281-44bc-a1c2-3be5b1110999,SAMMS-Huntsville-OBOT
202609022122570700,202609021903206349,202609021903206075,85,2679,Bronze INV,br_LiquidLog,TASK_COMPLETE,SUCCESS,INFO,0,0,0,,2026-09-02T19:03:39.838Z,2026-09-02T21:23:00.812Z,8361,2026-09-02T21:23:00.812Z,BAT,Batesville,c49685cc-3281-44bc-a1c2-3be5b1110999,SAMMS-Batesville
202609022122570702,202609021903206350,202609021903206075,85,2680,Bronze INV,br_LiquidLog,TASK_COMPLETE,SUCCESS,INFO,126097,126097,0,,2026-09-02T19:03:39.838Z,2026-09-02T21:23:00.812Z,8361,2026-09-02T21:23:00.812Z,BG,Bowling Green,c49685cc-3281-44bc-a1c2-3be5b1110999,SAMMS-BowlingGreen
202609022122570703,202609021903206351,202609021903206075,85,2681,Bronze INV,br_LiquidLog,TASK_COMPLETE,SUCCESS,INFO,52438,52438,0,,2026-09-02T19:03:39.838Z,2026-09-02T21:23:00.812Z,8361,2026-09-02T21:23:00.812Z,BOI,Boise,c49685cc-3281-44bc-a1c2-3be5b1110999,SAMMS-Boise
202609022122570704,202609021903206352,202609021903206075,85,2688,Bronze INV,br_LiquidLog,TASK_COMPLETE,SUCCESS,INFO,29586,29586,0,,2026-09-02T19:03:39.838Z,2026-09-02T21:23:00.812Z,8361,2026-09-02T21:23:00.812Z,CBCO,Coeur dAlene,c49685cc-3281-44bc-a1c2-3be5b1110999,SAMMS-CoeurdAleneV6
202609022122570705,202609021903206353,202609021903206075,85,2707,Bronze INV,br_LiquidLog,TASK_COMPLETE,SUCCESS,INFO,0,0,0,,2026-09-02T19:03:39.838Z,2026-09-02T21:23:00.812Z,8361,2026-09-02T21:23:00.812Z,CON,Conway,c49685cc-3281-44bc-a1c2-3be5b1110999,SAMMS-Conway
202609022122570706,202609021903206354,202609021903206075,85,2708,Bronze INV,br_LiquidLog,TASK_COMPLETE,SUCCESS,INFO,0,0,0,,2026-09-02T19:03:39.838Z,2026-09-02T21:23:00.812Z,8361,2026-09-02T21:23:00.812Z,D07,Medical Services Knox TN,c49685cc-3281-44bc-a1c2-3be5b1110999,SAMMS-KnoxvilleV6
202609022122570707,202609021903206355,202609021903206075,85,2709,Bronze INV,br_LiquidLog,TASK_COMPLETE,SUCCESS,INFO,93210,93210,0,,2026-09-02T19:03:39.838Z,2026-09-02T21:23:00.812Z,8361,2026-09-02T21:23:00.812Z,D08,Madison,c49685cc-3281-44bc-a1c2-3be5b1110999,SAMMS-MadisonV6
202609022122570708,202609021903206356,202609021903206075,85,2711,Bronze INV,br_LiquidLog,TASK_COMPLETE,SUCCESS,INFO,146398,146398,0,,2026-09-02T19:03:39.838Z,2026-09-02T21:23:00.812Z,8361,2026-09-02T21:23:00.812Z,D09,Murfreesboro,c49685cc-3281-44bc-a1c2-3be5b1110999,SAMMS-MurfreesboroV6
202609022122570709,202609021903206357,202609021903206075,85,2712,Bronze INV,br_LiquidLog,TASK_COMPLETE,SUCCESS,INFO,70887,70887,0,,2026-09-02T19:03:39.838Z,2026-09-02T21:23:00.812Z,8361,2026-09-02T21:23:00.812Z,DA,Davenport,c49685cc-3281-44bc-a1c2-3be5b1110999,SAMMS-Davenport
202609022122570710,202609021903206358,202609021903206075,85,2713,Bronze INV,br_LiquidLog,TASK_COMPLETE,SUCCESS,INFO,65368,65368,0,,2026-09-02T19:03:39.838Z,2026-09-02T21:23:00.812Z,8361,2026-09-02T21:23:00.812Z,DM,Des Moines,c49685cc-3281-44bc-a1c2-3be5b1110999,SAMMS-DesMoines
202609022122570711,202609021903206359,202609021903206075,85,2715,Bronze INV,br_LiquidLog,TASK_COMPLETE,SUCCESS,INFO,155588,155588,0,,2026-09-02T19:03:39.838Z,2026-09-02T21:23:00.812Z,8361,2026-09-02T21:23:00.812Z,DRD-CO,Columbia MO,c49685cc-3281-44bc-a1c2-3be5b1110999,SAMMS-ColumbiaV5
202609022122570713,202609021903206360,202609021903206075,85,2716,Bronze INV,br_LiquidLog,TASK_COMPLETE,SUCCESS,INFO,157541,157541,0,,2026-09-02T19:03:39.838Z,2026-09-02T21:23:00.812Z,8361,2026-09-02T21:23:00.812Z,DRD-KC,KC,c49685cc-3281-44bc-a1c2-3be5b1110999,SAMMS-KCv5
202609022122570714,202609021903206361,202609021903206075,85,2717,Bronze INV,br_LiquidLog,TASK_COMPLETE,SUCCESS,INFO,506464,506464,0,,2026-09-02T19:03:39.838Z,2026-09-02T21:23:00.812Z,8361,2026-09-02T21:23:00.812Z,DRD-KVB,KVB,c49685cc-3281-44bc-a1c2-3be5b1110999,SAMMS-KVBv5
202609022122570715,202609021903206362,202609021903206075,85,2718,Bronze INV,br_LiquidLog,TASK_COMPLETE,SUCCESS,INFO,573551,573551,0,,2026-09-02T19:03:39.838Z,2026-09-02T21:23:00.812Z,8361,2026-09-02T21:23:00.812Z,DRD-KVC,KVC,c49685cc-3281-44bc-a1c2-3be5b1110999,SAMMS-KVCv5
202609022122570716,202609021903206363,202609021903206075,85,2719,Bronze INV,br_LiquidLog,TASK_COMPLETE,SUCCESS,INFO,491156,491156,0,,2026-09-02T19:03:39.838Z,2026-09-02T21:23:00.812Z,8361,2026-09-02T21:23:00.812Z,DRD-NOLA,NOLA,c49685cc-3281-44bc-a1c2-3be5b1110999,SAMMS-NOLAv5
202609022122570717,202609021903206364,202609021903206075,85,2720,Bronze INV,br_LiquidLog,TASK_COMPLETE,SUCCESS,INFO,266988,266988,0,,2026-09-02T19:03:39.838Z,2026-09-02T21:23:00.812Z,8361,2026-09-02T21:23:00.812Z,DRD-SF,Springfield,c49685cc-3281-44bc-a1c2-3be5b1110999,SAMMS-SFv5
202609022122570718,202609021903206365,202609021903206075,85,2722,Bronze INV,br_LiquidLog,TASK_COMPLETE,SUCCESS,INFO,83641,83641,0,,2026-09-02T19:03:39.838Z,2026-09-02T21:23:00.812Z,8361,2026-09-02T21:23:00.812Z,ELC,Elizabeth City,c49685cc-3281-44bc-a1c2-3be5b1110999,SAMMS-ElizabethCity
202609022122570719,202609021903206366,202609021903206075,85,2723,Bronze INV,br_LiquidLog,TASK_COMPLETE,SUCCESS,INFO,94767,94767,0,,2026-09-02T19:03:39.838Z,2026-09-02T21:23:00.812Z,8361,2026-09-02T21:23:00.812Z,ET,Elizabethtown,c49685cc-3281-44bc-a1c2-3be5b1110999,SAMMS-Elizabethtown
202609022122570720,202609021903206367,202609021903206075,85,2724,Bronze INV,br_LiquidLog,TASK_COMPLETE,SUCCESS,INFO,0,0,0,,2026-09-02T19:03:39.838Z,2026-09-02T21:23:00.812Z,8361,2026-09-02T21:23:00.812Z,FAY,Fayetteville,c49685cc-3281-44bc-a1c2-3be5b1110999,SAMMS-Fayetteville
202609022122570721,202609021903206368,202609021903206075,85,2725,Bronze INV,br_LiquidLog,TASK_COMPLETE,SUCCESS,INFO,99324,99324,0,,2026-09-02T19:03:39.838Z,2026-09-02T21:23:00.812Z,8361,2026-09-02T21:23:00.812Z,FR,Frankfort,c49685cc-3281-44bc-a1c2-3be5b1110999,SAMMS-Frankfort
202609022122570722,202609021903206369,202609021903206075,85,2726,Bronze INV,br_LiquidLog,TASK_COMPLETE,SUCCESS,INFO,0,0,0,,2026-09-02T19:03:39.838Z,2026-09-02T21:23:00.812Z,8361,2026-09-02T21:23:00.812Z,FS,Fort Smith,c49685cc-3281-44bc-a1c2-3be5b1110999,SAMMS-FortSmith
202609022122570724,202609021903206370,202609021903206075,85,2727,Bronze INV,br_LiquidLog,TASK_COMPLETE,SUCCESS,INFO,205572,205572,0,,2026-09-02T19:03:39.838Z,2026-09-02T21:23:00.812Z,8361,2026-09-02T21:23:00.812Z,FW,Fort Wayne,c49685cc-3281-44bc-a1c2-3be5b1110999,SAMMS-FortWayne
202609022122570725,202609021903206371,202609021903206075,85,2728,Bronze INV,br_LiquidLog,TASK_COMPLETE,SUCCESS,INFO,83720,83720,0,,2026-09-02T19:03:39.838Z,2026-09-02T21:23:00.812Z,8361,2026-09-02T21:23:00.812Z,GAL,Gaylord,c49685cc-3281-44bc-a1c2-3be5b1110999,SAMMS-Gaylord
202609022122570726,202609021903206372,202609021903206075,85,2732,Bronze INV,br_LiquidLog,TASK_COMPLETE,SUCCESS,INFO,183522,183522,0,,2026-09-02T19:03:39.838Z,2026-09-02T21:23:00.812Z,8361,2026-09-02T21:23:00.812Z,HGT,Hagerstown,c49685cc-3281-44bc-a1c2-3be5b1110999,SAMMS-Hagerstown
202609022122570727,202609021903206373,202609021903206075,85,2733,Bronze INV,br_LiquidLog,TASK_COMPLETE,SUCCESS,INFO,167274,167274,0,,2026-09-02T19:03:39.838Z,2026-09-02T21:23:00.812Z,8361,2026-09-02T21:23:00.812Z,HNT,Huntsville,c49685cc-3281-44bc-a1c2-3be5b1110999,SAMMS-Huntsville
202609022122570728,202609021903206374,202609021903206075,85,2734,Bronze INV,br_LiquidLog,TASK_COMPLETE,SUCCESS,INFO,0,0,0,,2026-09-02T19:03:39.838Z,2026-09-02T21:23:00.812Z,8361,2026-09-02T21:23:00.812Z,HS,Hot Springs,c49685cc-3281-44bc-a1c2-3be5b1110999,SAMMS-HotSprings
202609022122570729,202609021903206375,202609021903206075,85,2735,Bronze INV,br_LiquidLog,TASK_COMPLETE,SUCCESS,INFO,0,0,0,,2026-09-02T19:03:39.838Z,2026-09-02T21:23:00.812Z,8361,2026-09-02T21:23:00.812Z,JON,Jonesboro,c49685cc-3281-44bc-a1c2-3be5b1110999,SAMMS-Jonesboro
202609022122570730,202609021903206376,202609021903206075,85,2737,Bronze INV,br_LiquidLog,TASK_COMPLETE,SUCCESS,INFO,73473,73473,0,,2026-09-02T19:03:39.838Z,2026-09-02T21:23:00.812Z,8361,2026-09-02T21:23:00.812Z,LAN,Lansing,c49685cc-3281-44bc-a1c2-3be5b1110999,SAMMS-Lansing
202609022122570731,202609021903206377,202609021903206075,85,2738,Bronze INV,br_LiquidLog,TASK_COMPLETE,SUCCESS,INFO,238344,238344,0,,2026-09-02T19:03:39.838Z,2026-09-02T21:23:00.812Z,8361,2026-09-02T21:23:00.812Z,LO,Louisville,c49685cc-3281-44bc-a1c2-3be5b1110999,SAMMS-Louisville
202609022122570732,202609021903206378,202609021903206075,85,2739,Bronze INV,br_LiquidLog,TASK_COMPLETE,SUCCESS,INFO,121217,121217,0,,2026-09-02T19:03:39.838Z,2026-09-02T21:23:00.812Z,8361,2026-09-02T21:23:00.812Z,LV1,Cheyenne,c49685cc-3281-44bc-a1c2-3be5b1110999,SAMMS-Cheyenne
202609022122570734,202609021903206379,202609021903206075,85,2740,Bronze INV,br_LiquidLog,TASK_COMPLETE,SUCCESS,INFO,114689,114689,0,,2026-09-02T19:03:39.838Z,2026-09-02T21:23:00.812Z,8361,2026-09-02T21:23:00.812Z,LV2,Desert Inn,c49685cc-3281-44bc-a1c2-3be5b1110999,SAMMS-DesertInn
202609022122570735,202609021903206380,202609021903206075,85,2741,Bronze INV,br_LiquidLog,TASK_COMPLETE,SUCCESS,INFO,60273,60273,0,,2026-09-02T19:03:39.838Z,2026-09-02T21:23:00.812Z,8361,2026-09-02T21:23:00.812Z,LV3,McDaniel,c49685cc-3281-44bc-a1c2-3be5b1110999,SAMMS-McDaniel
202609022122570736,202609021903206381,202609021903206075,85,2744,Bronze INV,br_LiquidLog,TASK_COMPLETE,SUCCESS,INFO,64280,64280,0,,2026-09-02T19:03:39.838Z,2026-09-02T21:23:00.812Z,8361,2026-09-02T21:23:00.812Z,MNRE,Monroe,c49685cc-3281-44bc-a1c2-3be5b1110999,SAMMS-Monroe
202609022122570737,202609021903206382,202609021903206075,85,2745,Bronze INV,br_LiquidLog,TASK_COMPLETE,SUCCESS,INFO,149263,149263,0,,2026-09-02T19:03:39.838Z,2026-09-02T21:23:00.812Z,8361,2026-09-02T21:23:00.812Z,MP,Mt. Pleasant,c49685cc-3281-44bc-a1c2-3be5b1110999,SAMMS-MtPleasant
202609022122570738,202609021903206383,202609021903206075,85,2746,Bronze INV,br_LiquidLog,TASK_COMPLETE,SUCCESS,INFO,48737,48737,0,,2026-09-02T19:03:39.838Z,2026-09-02T21:23:00.812Z,8361,2026-09-02T21:23:00.812Z,MRD,Meridian,c49685cc-3281-44bc-a1c2-3be5b1110999,SAMMS-Meridian
202609022122570739,202609021903206384,202609021903206075,85,2751,Bronze INV,br_LiquidLog,TASK_COMPLETE,SUCCESS,INFO,119149,119149,0,,2026-09-02T19:03:39.838Z,2026-09-02T21:23:00.812Z,8361,2026-09-02T21:23:00.812Z,NC,North Charleston,c49685cc-3281-44bc-a1c2-3be5b1110999,SAMMS-NorthCharleston
202609022122570740,202609021903206385,202609021903206075,85,2752,Bronze INV,br_LiquidLog,TASK_COMPLETE,SUCCESS,INFO,0,0,0,,2026-09-02T19:03:39.838Z,2026-09-02T21:23:00.812Z,8361,2026-09-02T21:23:00.812Z,NLR,N. Little Rock,c49685cc-3281-44bc-a1c2-3be5b1110999,SAMMS-NLROBOT
202609022122570741,202609021903206386,202609021903206075,85,2753,Bronze INV,br_LiquidLog,TASK_COMPLETE,SUCCESS,INFO,415,415,0,,2026-09-02T19:03:39.838Z,2026-09-02T21:23:00.812Z,8361,2026-09-02T21:23:00.812Z,PH,Phoenix,c49685cc-3281-44bc-a1c2-3be5b1110999,SAMMS-Phoenix
202609022122570742,202609021903206387,202609021903206075,85,2757,Bronze INV,br_LiquidLog,TASK_COMPLETE,SUCCESS,INFO,99387,99387,0,,2026-09-02T19:03:39.838Z,2026-09-02T21:23:00.812Z,8361,2026-09-02T21:23:00.812Z,RE,Reno,c49685cc-3281-44bc-a1c2-3be5b1110999,SAMMS-Reno
202609022122570744,202609021903206388,202609021903206075,85,2758,Bronze INV,br_LiquidLog,TASK_COMPLETE,SUCCESS,INFO,135403,135403,0,,2026-09-02T19:03:39.838Z,2026-09-02T21:23:00.812Z,8361,2026-09-02T21:23:00.812Z,RMD,Richmond,c49685cc-3281-44bc-a1c2-3be5b1110999,SAMMS-Richmond
202609022122570745,202609021903206389,202609021903206075,85,2759,Bronze INV,br_LiquidLog,TASK_COMPLETE,SUCCESS,INFO,160725,160725,0,,2026-09-02T19:03:39.838Z,2026-09-02T21:23:00.812Z,8361,2026-09-02T21:23:00.812Z,SFN,Springfield North,c49685cc-3281-44bc-a1c2-3be5b1110999,SAMMS-SFNv5
202609022122570746,202609021903206390,202609021903206075,85,2760,Bronze INV,br_LiquidLog,TASK_COMPLETE,SUCCESS,INFO,187348,187348,0,,2026-09-02T19:03:39.838Z,2026-09-02T21:23:00.812Z,8361,2026-09-02T21:23:00.812Z,SHP,Shreveport,c49685cc-3281-44bc-a1c2-3be5b1110999,SAMMS-Shreveport
202609022122570747,202609021903206391,202609021903206075,85,2762,Bronze INV,br_LiquidLog,TASK_COMPLETE,SUCCESS,INFO,61748,61748,0,,2026-09-02T19:03:39.838Z,2026-09-02T21:23:00.812Z,8361,2026-09-02T21:23:00.812Z,STN,Staunton,c49685cc-3281-44bc-a1c2-3be5b1110999,SAMMS-Staunton
202609022122570748,202609021903206392,202609021903206075,85,2763,Bronze INV,br_LiquidLog,TASK_COMPLETE,SUCCESS,INFO,24778,24778,0,,2026-09-02T19:03:39.838Z,2026-09-02T21:23:00.812Z,8361,2026-09-02T21:23:00.812Z,STVN,Stevenson,c49685cc-3281-44bc-a1c2-3be5b1110999,SAMMS-Stevenson
202609022122570749,202609021903206393,202609021903206075,85,2765,Bronze INV,br_LiquidLog,TASK_COMPLETE,SUCCESS,INFO,258,258,0,,2026-09-02T19:03:39.838Z,2026-09-02T21:23:00.812Z,8361,2026-09-02T21:23:00.812Z,TE,Tempe,c49685cc-3281-44bc-a1c2-3be5b1110999,SAMMS-Tempe
202609022122570750,202609021903206394,202609021903206075,85,2766,Bronze INV,br_LiquidLog,TASK_COMPLETE,SUCCESS,INFO,0,0,0,,2026-09-02T19:03:39.838Z,2026-09-02T21:23:00.812Z,8361,2026-09-02T21:23:00.812Z,TEX,Texarkana,c49685cc-3281-44bc-a1c2-3be5b1110999,SAMMS-Texarkana
202609022122570751,202609021903206395,202609021903206075,85,2767,Bronze INV,br_LiquidLog,TASK_COMPLETE,SUCCESS,INFO,255630,255630,0,,2026-09-02T19:03:39.838Z,2026-09-02T21:23:00.812Z,8361,2026-09-02T21:23:00.812Z,TTCA,Bessemer,c49685cc-3281-44bc-a1c2-3be5b1110999,SAMMS-BessemerV5
202609022122570752,202609021903206396,202609021903206075,85,2768,Bronze INV,br_LiquidLog,TASK_COMPLETE,SUCCESS,INFO,98667,98667,0,,2026-09-02T19:03:39.838Z,2026-09-02T21:23:00.812Z,8361,2026-09-02T21:23:00.812Z,TTCB,Cullman,c49685cc-3281-44bc-a1c2-3be5b1110999,SAMMS-CullmanV5
202609022122570754,202609021903206397,202609021903206075,85,2769,Bronze INV,br_LiquidLog,TASK_COMPLETE,SUCCESS,INFO,232724,232724,0,,2026-09-02T19:03:39.838Z,2026-09-02T21:23:00.812Z,8361,2026-09-02T21:23:00.812Z,TTCC,Grand Bay,c49685cc-3281-44bc-a1c2-3be5b1110999,SAMMS-GrandBay
202609022122570755,202609021903206398,202609021903206075,85,2770,Bronze INV,br_LiquidLog,TASK_COMPLETE,SUCCESS,INFO,2326,2326,0,,2026-09-02T19:03:39.838Z,2026-09-02T21:23:00.812Z,8361,2026-09-02T21:23:00.812Z,TU,Tucson,c49685cc-3281-44bc-a1c2-3be5b1110999,SAMMS-Tucson
202609022122570756,202609021903206399,202609021903206075,85,2772,Bronze INV,br_LiquidLog,TASK_COMPLETE,SUCCESS,INFO,125888,125888,0,,2026-09-02T19:03:39.838Z,2026-09-02T21:23:00.812Z,8361,2026-09-02T21:23:00.812Z,V1,Memphis South,c49685cc-3281-44bc-a1c2-3be5b1110999,SAMMS-VCPHCS-I-MemphisV5
202609022122570757,202609021903206400,202609021903206075,85,2773,Bronze INV,br_LiquidLog,TASK_COMPLETE,SUCCESS,INFO,72243,72243,0,,2026-09-02T19:03:39.838Z,2026-09-02T21:23:00.812Z,8361,2026-09-02T21:23:00.812Z,V10,Longmont,c49685cc-3281-44bc-a1c2-3be5b1110999,SAMMS-BoulderV5
202609022122570758,202609021903206401,202609021903206075,85,2774,Bronze INV,br_LiquidLog,TASK_COMPLETE,SUCCESS,INFO,133946,133946,0,,2026-09-02T19:03:39.838Z,2026-09-02T21:23:00.812Z,8361,2026-09-02T21:23:00.812Z,V10A,Fort Collins,c49685cc-3281-44bc-a1c2-3be5b1110999,SAMMS-FortCollinsV5
202609022122570759,202609021903206402,202609021903206075,85,2775,Bronze INV,br_LiquidLog,TASK_COMPLETE,SUCCESS,INFO,125467,125467,0,,2026-09-02T19:03:39.838Z,2026-09-02T21:23:00.812Z,8361,2026-09-02T21:23:00.812Z,V11,Westminster,c49685cc-3281-44bc-a1c2-3be5b1110999,SAMMS-VCPHCS-XI-NorthDenverV5
202609022122570760,202609021903206403,202609021903206075,85,2776,Bronze INV,br_LiquidLog,TASK_COMPLETE,SUCCESS,INFO,142746,142746,0,,2026-09-02T19:03:39.838Z,2026-09-02T21:23:00.812Z,8361,2026-09-02T21:23:00.812Z,V12,Downtown Denver,c49685cc-3281-44bc-a1c2-3be5b1110999,SAMMS-VCPHCS-XII-DowntownDenverV5
202609022122570761,202609021903206404,202609021903206075,85,2777,Bronze INV,br_LiquidLog,TASK_COMPLETE,SUCCESS,INFO,83590,83590,0,,2026-09-02T19:03:39.838Z,2026-09-02T21:23:00.812Z,8361,2026-09-02T21:23:00.812Z,V12A,Centennial,c49685cc-3281-44bc-a1c2-3be5b1110999,SAMMS-CentennialV5
202609022122570762,202609021903206405,202609021903206075,85,2778,Bronze INV,br_LiquidLog,TASK_COMPLETE,SUCCESS,INFO,68932,68932,0,,2026-09-02T19:03:39.838Z,2026-09-02T21:23:00.812Z,8361,2026-09-02T21:23:00.812Z,V14,Overland Park,c49685cc-3281-44bc-a1c2-3be5b1110999,SAMMS-VCPHCS-XIV-BridgewayV5
202609022122570763,202609021903206406,202609021903206075,85,2779,Bronze INV,br_LiquidLog,TASK_COMPLETE,SUCCESS,INFO,118632,118632,0,,2026-09-02T19:03:39.838Z,2026-09-02T21:23:00.812Z,8361,2026-09-02T21:23:00.812Z,V15,Joplin,c49685cc-3281-44bc-a1c2-3be5b1110999,SAMMS-JoplinV5
202609022122570765,202609021903206407,202609021903206075,85,2781,Bronze INV,br_LiquidLog,TASK_COMPLETE,SUCCESS,INFO,60615,60615,0,,2026-09-02T19:03:39.838Z,2026-09-02T21:23:00.812Z,8361,2026-09-02T21:23:00.812Z,V17,Columbia TN,c49685cc-3281-44bc-a1c2-3be5b1110999,SAMMS-ColumbiaTNv5
202609022122570766,202609021903206408,202609021903206075,85,2783,Bronze INV,br_LiquidLog,TASK_COMPLETE,SUCCESS,INFO,225959,225959,0,,2026-09-02T19:03:39.838Z,2026-09-02T21:23:00.812Z,8361,2026-09-02T21:23:00.812Z,V19,Jackson,c49685cc-3281-44bc-a1c2-3be5b1110999,SAMMS-JacksonV5
202609022122570767,202609021903206409,202609021903206075,85,2785,Bronze INV,br_LiquidLog,TASK_COMPLETE,SUCCESS,INFO,207408,207408,0,,2026-09-02T19:03:39.838Z,2026-09-02T21:23:00.812Z,8361,2026-09-02T21:23:00.812Z,V20,Paris,c49685cc-3281-44bc-a1c2-3be5b1110999,SAMMS-ParisV5
202609022122570768,202609021903206410,202609021903206075,85,2786,Bronze INV,br_LiquidLog,TASK_COMPLETE,SUCCESS,INFO,174115,174115,0,,2026-09-02T19:03:39.838Z,2026-09-02T21:23:00.812Z,8361,2026-09-02T21:23:00.812Z,V21,Memphis North,c49685cc-3281-44bc-a1c2-3be5b1110999,SAMMS-RaleighV5
202609022122570769,202609021903206411,202609021903206075,85,2789,Bronze INV,br_LiquidLog,TASK_COMPLETE,SUCCESS,INFO,338928,338928,0,,2026-09-02T19:03:39.838Z,2026-09-02T21:23:00.812Z,8361,2026-09-02T21:23:00.812Z,V5,West Bank,c49685cc-3281-44bc-a1c2-3be5b1110999,SAMMS-NONTCv5
202609022122570770,202609021903206412,202609021903206075,85,2791,Bronze INV,br_LiquidLog,TASK_COMPLETE,SUCCESS,INFO,31441,31441,0,,2026-09-02T19:03:39.838Z,2026-09-02T21:23:00.812Z,8361,2026-09-02T21:23:00.812Z,V5B,Houma,c49685cc-3281-44bc-a1c2-3be5b1110999,SAMMS-HoumaV6
202609022122570771,202609021903206413,202609021903206075,85,2792,Bronze INV,br_LiquidLog,TASK_COMPLETE,SUCCESS,INFO,259604,259604,0,,2026-09-02T19:03:39.838Z,2026-09-02T21:23:00.812Z,8361,2026-09-02T21:23:00.812Z,V6,Lake Charles,c49685cc-3281-44bc-a1c2-3be5b1110999,SAMMS-LCv5
202609022122570772,202609021903206414,202609021903206075,85,2794,Bronze INV,br_LiquidLog,TASK_COMPLETE,SUCCESS,INFO,166671,166671,0,,2026-09-02T19:03:39.838Z,2026-09-02T21:23:00.812Z,8361,2026-09-02T21:23:00.812Z,V8,Memphis Midtown,c49685cc-3281-44bc-a1c2-3be5b1110999,SAMMS-VCPHCS-VIII-MemphisV5
202609022122570773,202609021903206415,202609021903206075,85,2795,Bronze INV,br_LiquidLog,TASK_COMPLETE,SUCCESS,INFO,311538,311538,0,,2026-09-02T19:03:39.838Z,2026-09-02T21:23:00.812Z,8361,2026-09-02T21:23:00.812Z,V9,Nashville,c49685cc-3281-44bc-a1c2-3be5b1110999,SAMMS-NashvilleV5
202609022122570774,202609021903206416,202609021903206075,85,2796,Bronze INV,br_LiquidLog,TASK_COMPLETE,SUCCESS,INFO,111846,111846,0,,2026-09-02T19:03:39.838Z,2026-09-02T21:23:00.812Z,8361,2026-09-02T21:23:00.812Z,VBRA,Brainerd,c49685cc-3281-44bc-a1c2-3be5b1110999,SAMMS-BrainerdV6
202609022122570776,202609021903206417,202609021903206075,85,2797,Bronze INV,br_LiquidLog,TASK_COMPLETE,SUCCESS,INFO,221816,221816,0,,2026-09-02T19:03:39.838Z,2026-09-02T21:23:00.812Z,8361,2026-09-02T21:23:00.812Z,VBRP,Brooklyn Park,c49685cc-3281-44bc-a1c2-3be5b1110999,SAMMS-BrooklynParkV6
202609022122570777,202609021903206418,202609021903206075,85,2799,Bronze INV,br_LiquidLog,TASK_COMPLETE,SUCCESS,INFO,139246,139246,0,,2026-09-02T19:03:39.838Z,2026-09-02T21:23:00.812Z,8361,2026-09-02T21:23:00.812Z,VMIN,Minneapolis,c49685cc-3281-44bc-a1c2-3be5b1110999,SAMMS-MinneapolisV6
202609022122570778,202609021903206419,202609021903206075,85,2800,Bronze INV,br_LiquidLog,TASK_COMPLETE,SUCCESS,INFO,252126,252126,0,,2026-09-02T19:03:39.838Z,2026-09-02T21:23:00.812Z,8361,2026-09-02T21:23:00.812Z,VWBY,Woodbury,c49685cc-3281-44bc-a1c2-3be5b1110999,SAMMS-WoodburyV6
202609022122572977,202609021903208398,202609021903206075,85,3936,Bronze INV,br_ReAssessmentPhysicalHealth,TASK_COMPLETE,SUCCESS,INFO,1273,1273,0,,2026-09-02T19:03:39.838Z,2026-09-02T21:23:00.812Z,8361,2026-09-02T21:23:00.812Z,B45,Tifton,c49685cc-3281-44bc-a1c2-3be5b1110999,SAMMS-TiftonV5
202609022122572978,202609021903208399,202609021903206075,85,3937,Bronze INV,br_ReAssessmentPhysicalHealth,TASK_COMPLETE,SUCCESS,INFO,591,591,0,,2026-09-02T19:03:39.838Z,2026-09-02T21:23:00.812Z,8361,2026-09-02T21:23:00.812Z,B46,Washington DC,c49685cc-3281-44bc-a1c2-3be5b1110999,SAMMS-WashingtonDCv5
202609022122572979,202609021903208400,202609021903206075,85,3938,Bronze INV,br_ReAssessmentPhysicalHealth,TASK_COMPLETE,SUCCESS,INFO,1575,1575,0,,2026-09-02T19:03:39.838Z,2026-09-02T21:23:00.812Z,8361,2026-09-02T21:23:00.812Z,B47,Mobile,c49685cc-3281-44bc-a1c2-3be5b1110999,SAMMS-MobileV5
202609022122572980,202609021903208401,202609021903206075,85,3939,Bronze INV,br_ReAssessmentPhysicalHealth,TASK_COMPLETE,SUCCESS,INFO,1301,1301,0,,2026-09-02T19:03:39.838Z,2026-09-02T21:23:00.812Z,8361,2026-09-02T21:23:00.812Z,B48,Tuscaloosa,c49685cc-3281-44bc-a1c2-3be5b1110999,SAMMS-TuscaloosaV5
202609022122572981,202609021903208402,202609021903206075,85,3948,Bronze INV,br_ReAssessmentPhysicalHealth,TASK_COMPLETE,SUCCESS,INFO,3,3,0,,2026-09-02T19:03:39.838Z,2026-09-02T21:23:00.812Z,8361,2026-09-02T21:23:00.812Z,B51,N. Little Rock (OTP),c49685cc-3281-44bc-a1c2-3be5b1110999,SAMMS-NorthLittleRockV6
202609022122572982,202609021903208403,202609021903206075,85,3949,Bronze INV,br_ReAssessmentPhysicalHealth,TASK_COMPLETE,SUCCESS,INFO,460,460,0,,2026-09-02T19:03:39.838Z,2026-09-02T21:23:00.812Z,8361,2026-09-02T21:23:00.812Z,B52,Jackson GA,c49685cc-3281-44bc-a1c2-3be5b1110999,SAMMS-JacksonGAV5
202609022122572984,202609021903208404,202609021903206075,85,3950,Bronze INV,br_ReAssessmentPhysicalHealth,TASK_COMPLETE,SUCCESS,INFO,1704,1704,0,,2026-09-02T19:03:39.838Z,2026-09-02T21:23:00.812Z,8361,2026-09-02T21:23:00.812Z,B54,Gadsden,c49685cc-3281-44bc-a1c2-3be5b1110999,SAMMS-GadsdenV5
202609022122572985,202609021903208405,202609021903206075,85,3951,Bronze INV,br_ReAssessmentPhysicalHealth,TASK_COMPLETE,SUCCESS,INFO,956,956,0,,2026-09-02T19:03:39.838Z,2026-09-02T21:23:00.812Z,8361,2026-09-02T21:23:00.812Z,B55,Shoals,c49685cc-3281-44bc-a1c2-3be5b1110999,SAMMS-ShoalsV5
202609022122572986,202609021903208406,202609021903206075,85,3952,Bronze INV,br_ReAssessmentPhysicalHealth,TASK_COMPLETE,SUCCESS,INFO,294,294,0,,2026-09-02T19:03:39.838Z,2026-09-02T21:23:00.812Z,8361,2026-09-02T21:23:00.812Z,B57,Pawtucket,c49685cc-3281-44bc-a1c2-3be5b1110999,SAMMS-Pawtucket
202609022122572987,202609021903208407,202609021903206075,85,3953,Bronze INV,br_ReAssessmentPhysicalHealth,TASK_COMPLETE,SUCCESS,INFO,555,555,0,,2026-09-02T19:03:39.838Z,2026-09-02T21:23:00.812Z,8361,2026-09-02T21:23:00.812Z,B57A,Johnston,c49685cc-3281-44bc-a1c2-3be5b1110999,SAMMS-Johnston
202609022122572988,202609021903208408,202609021903206075,85,3954,Bronze INV,br_ReAssessmentPhysicalHealth,TASK_COMPLETE,SUCCESS,INFO,166,166,0,,2026-09-02T19:03:39.838Z,2026-09-02T21:23:00.812Z,8361,2026-09-02T21:23:00.812Z,B57B,Middletown,c49685cc-3281-44bc-a1c2-3be5b1110999,SAMMS-Middletown
202609022122572989,202609021903208409,202609021903206075,85,3955,Bronze INV,br_ReAssessmentPhysicalHealth,TASK_COMPLETE,SUCCESS,INFO,414,414,0,,2026-09-02T19:03:39.838Z,2026-09-02T21:23:00.812Z,8361,2026-09-02T21:23:00.812Z,B57C,Providence,c49685cc-3281-44bc-a1c2-3be5b1110999,SAMMS-Providence
202609022122572990,202609021903208410,202609021903206075,85,3956,Bronze INV,br_ReAssessmentPhysicalHealth,TASK_COMPLETE,SUCCESS,INFO,631,631,0,,2026-09-02T19:03:39.838Z,2026-09-02T21:23:00.812Z,8361,2026-09-02T21:23:00.812Z,B57D,Westerly,c49685cc-3281-44bc-a1c2-3be5b1110999,SAMMS-Westerly
202609022122572991,202609021903208411,202609021903206075,85,3960,Bronze INV,br_ReAssessmentPhysicalHealth,TASK_COMPLETE,SUCCESS,INFO,4,4,0,,2026-09-02T19:03:39.838Z,2026-09-02T21:23:00.812Z,8361,2026-09-02T21:23:00.812Z,B66A,Bremen,c49685cc-3281-44bc-a1c2-3be5b1110999,SAMMS-Bremen
202609022122572992,202609021903208412,202609021903206075,85,3963,Bronze INV,br_ReAssessmentPhysicalHealth,TASK_COMPLETE,SUCCESS,INFO,0,0,0,,2026-09-02T19:03:39.838Z,2026-09-02T21:23:00.812Z,8361,2026-09-02T21:23:00.812Z,B72,Mobile (OBOT),c49685cc-3281-44bc-a1c2-3be5b1110999,SAMMS-Mobile-OBOT
202609022122572993,202609021903208413,202609021903206075,85,3964,Bronze INV,br_ReAssessmentPhysicalHealth,TASK_COMPLETE,SUCCESS,INFO,0,0,0,,2026-09-02T19:03:39.838Z,2026-09-02T21:23:00.812Z,8361,2026-09-02T21:23:00.812Z,B73,Montgomery,c49685cc-3281-44bc-a1c2-3be5b1110999,SAMMS-Montgomery
202609022122572994,202609021903208414,202609021903206075,85,3965,Bronze INV,br_ReAssessmentPhysicalHealth,TASK_COMPLETE,SUCCESS,INFO,517,517,0,,2026-09-02T19:03:39.838Z,2026-09-02T21:23:00.812Z,8361,2026-09-02T21:23:00.812Z,B75,Lawrence,c49685cc-3281-44bc-a1c2-3be5b1110999,SAMMS-LawrenceV6
202609022122572996,202609021903208415,202609021903206075,85,3966,Bronze INV,br_ReAssessmentPhysicalHealth,TASK_COMPLETE,SUCCESS,INFO,0,0,0,,2026-09-02T19:03:39.838Z,2026-09-02T21:23:00.812Z,8361,2026-09-02T21:23:00.812Z,B76,Huntsville OBOT,c49685cc-3281-44bc-a1c2-3be5b1110999,SAMMS-Huntsville-OBOT
202609022122572997,202609021903208416,202609021903206075,85,3967,Bronze INV,br_ReAssessmentPhysicalHealth,TASK_COMPLETE,SUCCESS,INFO,0,0,0,,2026-09-02T19:03:39.838Z,2026-09-02T21:23:00.812Z,8361,2026-09-02T21:23:00.812Z,BAT,Batesville,c49685cc-3281-44bc-a1c2-3be5b1110999,SAMMS-Batesville
202609022122572998,202609021903208417,202609021903206075,85,3968,Bronze INV,br_ReAssessmentPhysicalHealth,TASK_COMPLETE,SUCCESS,INFO,461,461,0,,2026-09-02T19:03:39.838Z,2026-09-02T21:23:00.812Z,8361,2026-09-02T21:23:00.812Z,BG,Bowling Green,c49685cc-3281-44bc-a1c2-3be5b1110999,SAMMS-BowlingGreen
202609022122572999,202609021903208418,202609021903206075,85,3969,Bronze INV,br_ReAssessmentPhysicalHealth,TASK_COMPLETE,SUCCESS,INFO,179,179,0,,2026-09-02T19:03:39.838Z,2026-09-02T21:23:00.812Z,8361,2026-09-02T21:23:00.812Z,BOI,Boise,c49685cc-3281-44bc-a1c2-3be5b1110999,SAMMS-Boise
202609022122573000,202609021903208419,202609021903206075,85,3976,Bronze INV,br_ReAssessmentPhysicalHealth,TASK_COMPLETE,SUCCESS,INFO,51,51,0,,2026-09-02T19:03:39.838Z,2026-09-02T21:23:00.812Z,8361,2026-09-02T21:23:00.812Z,CBCO,Coeur dAlene,c49685cc-3281-44bc-a1c2-3be5b1110999,SAMMS-CoeurdAleneV6
202609022122573001,202609021903208420,202609021903206075,85,3995,Bronze INV,br_ReAssessmentPhysicalHealth,TASK_COMPLETE,SUCCESS,INFO,0,0,0,,2026-09-02T19:03:39.838Z,2026-09-02T21:23:00.812Z,8361,2026-09-02T21:23:00.812Z,CON,Conway,c49685cc-3281-44bc-a1c2-3be5b1110999,SAMMS-Conway
202609022122573002,202609021903208421,202609021903206075,85,3996,Bronze INV,br_ReAssessmentPhysicalHealth,TASK_COMPLETE,SUCCESS,INFO,2590,2590,0,,2026-09-02T19:03:39.838Z,2026-09-02T21:23:00.812Z,8361,2026-09-02T21:23:00.812Z,D07,Medical Services Knox TN,c49685cc-3281-44bc-a1c2-3be5b1110999,SAMMS-KnoxvilleV6
202609022122573003,202609021903208422,202609021903206075,85,3997,Bronze INV,br_ReAssessmentPhysicalHealth,TASK_COMPLETE,SUCCESS,INFO,116,116,0,,2026-09-02T19:03:39.838Z,2026-09-02T21:23:00.812Z,8361,2026-09-02T21:23:00.812Z,D08,Madison,c49685cc-3281-44bc-a1c2-3be5b1110999,SAMMS-MadisonV6
202609022122573004,202609021903208423,202609021903206075,85,3999,Bronze INV,br_ReAssessmentPhysicalHealth,TASK_COMPLETE,SUCCESS,INFO,123,123,0,,2026-09-02T19:03:39.838Z,2026-09-02T21:23:00.812Z,8361,2026-09-02T21:23:00.812Z,D09,Murfreesboro,c49685cc-3281-44bc-a1c2-3be5b1110999,SAMMS-MurfreesboroV6
202609022122573005,202609021903208424,202609021903206075,85,4000,Bronze INV,br_ReAssessmentPhysicalHealth,TASK_COMPLETE,SUCCESS,INFO,337,337,0,,2026-09-02T19:03:39.838Z,2026-09-02T21:23:00.812Z,8361,2026-09-02T21:23:00.812Z,DA,Davenport,c49685cc-3281-44bc-a1c2-3be5b1110999,SAMMS-Davenport
202609022122573006,202609021903208425,202609021903206075,85,4001,Bronze INV,br_ReAssessmentPhysicalHealth,TASK_COMPLETE,SUCCESS,INFO,292,292,0,,2026-09-02T19:03:39.838Z,2026-09-02T21:23:00.812Z,8361,2026-09-02T21:23:00.812Z,DM,Des Moines,c49685cc-3281-44bc-a1c2-3be5b1110999,SAMMS-DesMoines
202609022122573008,202609021903208426,202609021903206075,85,4003,Bronze INV,br_ReAssessmentPhysicalHealth,TASK_COMPLETE,SUCCESS,INFO,530,530,0,,2026-09-02T19:03:39.838Z,2026-09-02T21:23:00.812Z,8361,2026-09-02T21:23:00.812Z,DRD-CO,Columbia MO,c49685cc-3281-44bc-a1c2-3be5b1110999,SAMMS-ColumbiaV5
202609022122573009,202609021903208427,202609021903206075,85,4004,Bronze INV,br_ReAssessmentPhysicalHealth,TASK_COMPLETE,SUCCESS,INFO,347,347,0,,2026-09-02T19:03:39.838Z,2026-09-02T21:23:00.812Z,8361,2026-09-02T21:23:00.812Z,DRD-KC,KC,c49685cc-3281-44bc-a1c2-3be5b1110999,SAMMS-KCv5
202609022122573010,202609021903208428,202609021903206075,85,4005,Bronze INV,br_ReAssessmentPhysicalHealth,TASK_COMPLETE,SUCCESS,INFO,1556,1556,0,,2026-09-02T19:03:39.838Z,2026-09-02T21:23:00.812Z,8361,2026-09-02T21:23:00.812Z,DRD-KVB,KVB,c49685cc-3281-44bc-a1c2-3be5b1110999,SAMMS-KVBv5
202609022122573011,202609021903208429,202609021903206075,85,4006,Bronze INV,br_ReAssessmentPhysicalHealth,TASK_COMPLETE,SUCCESS,INFO,1676,1676,0,,2026-09-02T19:03:39.838Z,2026-09-02T21:23:00.812Z,8361,2026-09-02T21:23:00.812Z,DRD-KVC,KVC,c49685cc-3281-44bc-a1c2-3be5b1110999,SAMMS-KVCv5
202609022122573012,202609021903208430,202609021903206075,85,4007,Bronze INV,br_ReAssessmentPhysicalHealth,TASK_COMPLETE,SUCCESS,INFO,3205,3205,0,,2026-09-02T19:03:39.838Z,2026-09-02T21:23:00.812Z,8361,2026-09-02T21:23:00.812Z,DRD-NOLA,NOLA,c49685cc-3281-44bc-a1c2-3be5b1110999,SAMMS-NOLAv5
202609022122573013,202609021903208431,202609021903206075,85,4008,Bronze INV,br_ReAssessmentPhysicalHealth,TASK_COMPLETE,SUCCESS,INFO,802,802,0,,2026-09-02T19:03:39.838Z,2026-09-02T21:23:00.812Z,8361,2026-09-02T21:23:00.812Z,DRD-SF,Springfield,c49685cc-3281-44bc-a1c2-3be5b1110999,SAMMS-SFv5
202609022122573014,202609021903208432,202609021903206075,85,4010,Bronze INV,br_ReAssessmentPhysicalHealth,TASK_COMPLETE,SUCCESS,INFO,261,261,0,,2026-09-02T19:03:39.838Z,2026-09-02T21:23:00.812Z,8361,2026-09-02T21:23:00.812Z,ELC,Elizabeth City,c49685cc-3281-44bc-a1c2-3be5b1110999,SAMMS-ElizabethCity
202609022122573015,202609021903208433,202609021903206075,85,4011,Bronze INV,br_ReAssessmentPhysicalHealth,TASK_COMPLETE,SUCCESS,INFO,128,128,0,,2026-09-02T19:03:39.838Z,2026-09-02T21:23:00.812Z,8361,2026-09-02T21:23:00.812Z,ET,Elizabethtown,c49685cc-3281-44bc-a1c2-3be5b1110999,SAMMS-Elizabethtown
202609022122573016,202609021903208434,202609021903206075,85,4012,Bronze INV,br_ReAssessmentPhysicalHealth,TASK_COMPLETE,SUCCESS,INFO,0,0,0,,2026-09-02T19:03:39.838Z,2026-09-02T21:23:00.812Z,8361,2026-09-02T21:23:00.812Z,FAY,Fayetteville,c49685cc-3281-44bc-a1c2-3be5b1110999,SAMMS-Fayetteville
202609022122573017,202609021903208435,202609021903206075,85,4013,Bronze INV,br_ReAssessmentPhysicalHealth,TASK_COMPLETE,SUCCESS,INFO,156,156,0,,2026-09-02T19:03:39.838Z,2026-09-02T21:23:00.812Z,8361,2026-09-02T21:23:00.812Z,FR,Frankfort,c49685cc-3281-44bc-a1c2-3be5b1110999,SAMMS-Frankfort
202609022122573019,202609021903208436,202609021903206075,85,4014,Bronze INV,br_ReAssessmentPhysicalHealth,TASK_COMPLETE,SUCCESS,INFO,0,0,0,,2026-09-02T19:03:39.838Z,2026-09-02T21:23:00.812Z,8361,2026-09-02T21:23:00.812Z,FS,Fort Smith,c49685cc-3281-44bc-a1c2-3be5b1110999,SAMMS-FortSmith
202609022122573020,202609021903208437,202609021903206075,85,4015,Bronze INV,br_ReAssessmentPhysicalHealth,TASK_COMPLETE,SUCCESS,INFO,471,471,0,,2026-09-02T19:03:39.838Z,2026-09-02T21:23:00.812Z,8361,2026-09-02T21:23:00.812Z,FW,Fort Wayne,c49685cc-3281-44bc-a1c2-3be5b1110999,SAMMS-FortWayne
202609022122573021,202609021903208438,202609021903206075,85,4016,Bronze INV,br_ReAssessmentPhysicalHealth,TASK_COMPLETE,SUCCESS,INFO,276,276,0,,2026-09-02T19:03:39.838Z,2026-09-02T21:23:00.812Z,8361,2026-09-02T21:23:00.812Z,GAL,Gaylord,c49685cc-3281-44bc-a1c2-3be5b1110999,SAMMS-Gaylord
202609022122573022,202609021903208439,202609021903206075,85,4020,Bronze INV,br_ReAssessmentPhysicalHealth,TASK_COMPLETE,SUCCESS,INFO,100,100,0,,2026-09-02T19:03:39.838Z,2026-09-02T21:23:00.812Z,8361,2026-09-02T21:23:00.812Z,HGT,Hagerstown,c49685cc-3281-44bc-a1c2-3be5b1110999,SAMMS-Hagerstown
202609022122573023,202609021903208440,202609021903206075,85,4021,Bronze INV,br_ReAssessmentPhysicalHealth,TASK_COMPLETE,SUCCESS,INFO,1727,1727,0,,2026-09-02T19:03:39.838Z,2026-09-02T21:23:00.812Z,8361,2026-09-02T21:23:00.812Z,HNT,Huntsville,c49685cc-3281-44bc-a1c2-3be5b1110999,SAMMS-Huntsville
202609022122573024,202609021903208441,202609021903206075,85,4022,Bronze INV,br_ReAssessmentPhysicalHealth,TASK_COMPLETE,SUCCESS,INFO,0,0,0,,2026-09-02T19:03:39.838Z,2026-09-02T21:23:00.812Z,8361,2026-09-02T21:23:00.812Z,HS,Hot Springs,c49685cc-3281-44bc-a1c2-3be5b1110999,SAMMS-HotSprings
202609022122573025,202609021903208442,202609021903206075,85,4023,Bronze INV,br_ReAssessmentPhysicalHealth,TASK_COMPLETE,SUCCESS,INFO,0,0,0,,2026-09-02T19:03:39.838Z,2026-09-02T21:23:00.812Z,8361,2026-09-02T21:23:00.812Z,JON,Jonesboro,c49685cc-3281-44bc-a1c2-3be5b1110999,SAMMS-Jonesboro
202609022122573026,202609021903208443,202609021903206075,85,4025,Bronze INV,br_ReAssessmentPhysicalHealth,TASK_COMPLETE,SUCCESS,INFO,448,448,0,,2026-09-02T19:03:39.838Z,2026-09-02T21:23:00.812Z,8361,2026-09-02T21:23:00.812Z,LAN,Lansing,c49685cc-3281-44bc-a1c2-3be5b1110999,SAMMS-Lansing
202609022122573027,202609021903208444,202609021903206075,85,4026,Bronze INV,br_ReAssessmentPhysicalHealth,TASK_COMPLETE,SUCCESS,INFO,1290,1290,0,,2026-09-02T19:03:39.838Z,2026-09-02T21:23:00.812Z,8361,2026-09-02T21:23:00.812Z,LO,Louisville,c49685cc-3281-44bc-a1c2-3be5b1110999,SAMMS-Louisville
202609022122573028,202609021903208445,202609021903206075,85,4027,Bronze INV,br_ReAssessmentPhysicalHealth,TASK_COMPLETE,SUCCESS,INFO,292,292,0,,2026-09-02T19:03:39.838Z,2026-09-02T21:23:00.812Z,8361,2026-09-02T21:23:00.812Z,LV1,Cheyenne,c49685cc-3281-44bc-a1c2-3be5b1110999,SAMMS-Cheyenne
202609022122573030,202609021903208446,202609021903206075,85,4028,Bronze INV,br_ReAssessmentPhysicalHealth,TASK_COMPLETE,SUCCESS,INFO,205,205,0,,2026-09-02T19:03:39.838Z,2026-09-02T21:23:00.812Z,8361,2026-09-02T21:23:00.812Z,LV2,Desert Inn,c49685cc-3281-44bc-a1c2-3be5b1110999,SAMMS-DesertInn
202609022122573031,202609021903208447,202609021903206075,85,4029,Bronze INV,br_ReAssessmentPhysicalHealth,TASK_COMPLETE,SUCCESS,INFO,110,110,0,,2026-09-02T19:03:39.838Z,2026-09-02T21:23:00.812Z,8361,2026-09-02T21:23:00.812Z,LV3,McDaniel,c49685cc-3281-44bc-a1c2-3be5b1110999,SAMMS-McDaniel
202609022122573032,202609021903208448,202609021903206075,85,4032,Bronze INV,br_ReAssessmentPhysicalHealth,TASK_COMPLETE,SUCCESS,INFO,358,358,0,,2026-09-02T19:03:39.838Z,2026-09-02T21:23:00.812Z,8361,2026-09-02T21:23:00.812Z,MNRE,Monroe,c49685cc-3281-44bc-a1c2-3be5b1110999,SAMMS-Monroe
202609022122573033,202609021903208449,202609021903206075,85,4033,Bronze INV,br_ReAssessmentPhysicalHealth,TASK_COMPLETE,SUCCESS,INFO,1427,1427,0,,2026-09-02T19:03:39.838Z,2026-09-02T21:23:00.812Z,8361,2026-09-02T21:23:00.812Z,MP,Mt. Pleasant,c49685cc-3281-44bc-a1c2-3be5b1110999,SAMMS-MtPleasant
202609022122573034,202609021903208450,202609021903206075,85,4034,Bronze INV,br_ReAssessmentPhysicalHealth,TASK_COMPLETE,SUCCESS,INFO,153,153,0,,2026-09-02T19:03:39.838Z,2026-09-02T21:23:00.812Z,8361,2026-09-02T21:23:00.812Z,MRD,Meridian,c49685cc-3281-44bc-a1c2-3be5b1110999,SAMMS-Meridian
202609022122573035,202609021903208451,202609021903206075,85,4039,Bronze INV,br_ReAssessmentPhysicalHealth,TASK_COMPLETE,SUCCESS,INFO,694,694,0,,2026-09-02T19:03:39.838Z,2026-09-02T21:23:00.812Z,8361,2026-09-02T21:23:00.812Z,NC,North Charleston,c49685cc-3281-44bc-a1c2-3be5b1110999,SAMMS-NorthCharleston
202609022122573036,202609021903208452,202609021903206075,85,4040,Bronze INV,br_ReAssessmentPhysicalHealth,TASK_COMPLETE,SUCCESS,INFO,0,0,0,,2026-09-02T19:03:39.838Z,2026-09-02T21:23:00.812Z,8361,2026-09-02T21:23:00.812Z,NLR,N. Little Rock,c49685cc-3281-44bc-a1c2-3be5b1110999,SAMMS-NLROBOT
202609022122573037,202609021903208453,202609021903206075,85,4041,Bronze INV,br_ReAssessmentPhysicalHealth,TASK_COMPLETE,SUCCESS,INFO,112,112,0,,2026-09-02T19:03:39.838Z,2026-09-02T21:23:00.812Z,8361,2026-09-02T21:23:00.812Z,PH,Phoenix,c49685cc-3281-44bc-a1c2-3be5b1110999,SAMMS-Phoenix
202609022122573038,202609021903208454,202609021903206075,85,4045,Bronze INV,br_ReAssessmentPhysicalHealth,TASK_COMPLETE,SUCCESS,INFO,216,216,0,,2026-09-02T19:03:39.838Z,2026-09-02T21:23:00.812Z,8361,2026-09-02T21:23:00.812Z,RE,Reno,c49685cc-3281-44bc-a1c2-3be5b1110999,SAMMS-Reno
202609022122573039,202609021903208455,202609021903206075,85,4046,Bronze INV,br_ReAssessmentPhysicalHealth,TASK_COMPLETE,SUCCESS,INFO,88,88,0,,2026-09-02T19:03:39.838Z,2026-09-02T21:23:00.812Z,8361,2026-09-02T21:23:00.812Z,RMD,Richmond,c49685cc-3281-44bc-a1c2-3be5b1110999,SAMMS-Richmond
202609022122573040,202609021903208456,202609021903206075,85,4047,Bronze INV,br_ReAssessmentPhysicalHealth,TASK_COMPLETE,SUCCESS,INFO,589,589,0,,2026-09-02T19:03:39.838Z,2026-09-02T21:23:00.812Z,8361,2026-09-02T21:23:00.812Z,SFN,Springfield North,c49685cc-3281-44bc-a1c2-3be5b1110999,SAMMS-SFNv5
202609022122573041,202609021903208457,202609021903206075,85,4048,Bronze INV,br_ReAssessmentPhysicalHealth,TASK_COMPLETE,SUCCESS,INFO,769,769,0,,2026-09-02T19:03:39.838Z,2026-09-02T21:23:00.812Z,8361,2026-09-02T21:23:00.812Z,SHP,Shreveport,c49685cc-3281-44bc-a1c2-3be5b1110999,SAMMS-Shreveport
202609022122573043,202609021903208458,202609021903206075,85,4050,Bronze INV,br_ReAssessmentPhysicalHealth,TASK_COMPLETE,SUCCESS,INFO,486,486,0,,2026-09-02T19:03:39.838Z,2026-09-02T21:23:00.812Z,8361,2026-09-02T21:23:00.812Z,STN,Staunton,c49685cc-3281-44bc-a1c2-3be5b1110999,SAMMS-Staunton
202609022122573044,202609021903208459,202609021903206075,85,4051,Bronze INV,br_ReAssessmentPhysicalHealth,TASK_COMPLETE,SUCCESS,INFO,225,225,0,,2026-09-02T19:03:39.838Z,2026-09-02T21:23:00.812Z,8361,2026-09-02T21:23:00.812Z,STVN,Stevenson,c49685cc-3281-44bc-a1c2-3be5b1110999,SAMMS-Stevenson
202609022122573045,202609021903208460,202609021903206075,85,4053,Bronze INV,br_ReAssessmentPhysicalHealth,TASK_COMPLETE,SUCCESS,INFO,174,174,0,,2026-09-02T19:03:39.838Z,2026-09-02T21:23:00.812Z,8361,2026-09-02T21:23:00.812Z,TE,Tempe,c49685cc-3281-44bc-a1c2-3be5b1110999,SAMMS-Tempe
202609022122573046,202609021903208461,202609021903206075,85,4054,Bronze INV,br_ReAssessmentPhysicalHealth,TASK_COMPLETE,SUCCESS,INFO,0,0,0,,2026-09-02T19:03:39.838Z,2026-09-02T21:23:00.812Z,8361,2026-09-02T21:23:00.812Z,TEX,Texarkana,c49685cc-3281-44bc-a1c2-3be5b1110999,SAMMS-Texarkana
202609022122573047,202609021903208462,202609021903206075,85,4055,Bronze INV,br_ReAssessmentPhysicalHealth,TASK_COMPLETE,SUCCESS,INFO,1084,1084,0,,2026-09-02T19:03:39.838Z,2026-09-02T21:23:00.812Z,8361,2026-09-02T21:23:00.812Z,TTCA,Bessemer,c49685cc-3281-44bc-a1c2-3be5b1110999,SAMMS-BessemerV5
202609022122573048,202609021903208463,202609021903206075,85,4056,Bronze INV,br_ReAssessmentPhysicalHealth,TASK_COMPLETE,SUCCESS,INFO,1321,1321,0,,2026-09-02T19:03:39.838Z,2026-09-02T21:23:00.812Z,8361,2026-09-02T21:23:00.812Z,TTCB,Cullman,c49685cc-3281-44bc-a1c2-3be5b1110999,SAMMS-CullmanV5
202609022122573049,202609021903208464,202609021903206075,85,4057,Bronze INV,br_ReAssessmentPhysicalHealth,TASK_COMPLETE,SUCCESS,INFO,945,945,0,,2026-09-02T19:03:39.838Z,2026-09-02T21:23:00.812Z,8361,2026-09-02T21:23:00.812Z,TTCC,Grand Bay,c49685cc-3281-44bc-a1c2-3be5b1110999,SAMMS-GrandBay
202609022122573050,202609021903208465,202609021903206075,85,4058,Bronze INV,br_ReAssessmentPhysicalHealth,TASK_COMPLETE,SUCCESS,INFO,15,15,0,,2026-09-02T19:03:39.838Z,2026-09-02T21:23:00.812Z,8361,2026-09-02T21:23:00.812Z,TU,Tucson,c49685cc-3281-44bc-a1c2-3be5b1110999,SAMMS-Tucson
202609022122573051,202609021903208466,202609021903206075,85,4060,Bronze INV,br_ReAssessmentPhysicalHealth,TASK_COMPLETE,SUCCESS,INFO,661,661,0,,2026-09-02T19:03:39.838Z,2026-09-02T21:23:00.812Z,8361,2026-09-02T21:23:00.812Z,V1,Memphis South,c49685cc-3281-44bc-a1c2-3be5b1110999,SAMMS-VCPHCS-I-MemphisV5
202609022122573052,202609021903208467,202609021903206075,85,4061,Bronze INV,br_ReAssessmentPhysicalHealth,TASK_COMPLETE,SUCCESS,INFO,1630,1630,0,,2026-09-02T19:03:39.838Z,2026-09-02T21:23:00.812Z,8361,2026-09-02T21:23:00.812Z,V10,Longmont,c49685cc-3281-44bc-a1c2-3be5b1110999,SAMMS-BoulderV5
202609022122573053,202609021903208468,202609021903206075,85,4062,Bronze INV,br_ReAssessmentPhysicalHealth,TASK_COMPLETE,SUCCESS,INFO,1517,1517,0,,2026-09-02T19:03:39.838Z,2026-09-02T21:23:00.812Z,8361,2026-09-02T21:23:00.812Z,V10A,Fort Collins,c49685cc-3281-44bc-a1c2-3be5b1110999,SAMMS-FortCollinsV5
202609022122573055,202609021903208469,202609021903206075,85,4063,Bronze INV,br_ReAssessmentPhysicalHealth,TASK_COMPLETE,SUCCESS,INFO,2876,2876,0,,2026-09-02T19:03:39.838Z,2026-09-02T21:23:00.812Z,8361,2026-09-02T21:23:00.812Z,V11,Westminster,c49685cc-3281-44bc-a1c2-3be5b1110999,SAMMS-VCPHCS-XI-NorthDenverV5
202609022122573056,202609021903208470,202609021903206075,85,4064,Bronze INV,br_ReAssessmentPhysicalHealth,TASK_COMPLETE,SUCCESS,INFO,3046,3046,0,,2026-09-02T19:03:39.838Z,2026-09-02T21:23:00.812Z,8361,2026-09-02T21:23:00.812Z,V12,Downtown Denver,c49685cc-3281-44bc-a1c2-3be5b1110999,SAMMS-VCPHCS-XII-DowntownDenverV5
202609022122573057,202609021903208471,202609021903206075,85,4065,Bronze INV,br_ReAssessmentPhysicalHealth,TASK_COMPLETE,SUCCESS,INFO,1144,1144,0,,2026-09-02T19:03:39.838Z,2026-09-02T21:23:00.812Z,8361,2026-09-02T21:23:00.812Z,V12A,Centennial,c49685cc-3281-44bc-a1c2-3be5b1110999,SAMMS-CentennialV5
202609022122573058,202609021903208472,202609021903206075,85,4066,Bronze INV,br_ReAssessmentPhysicalHealth,TASK_COMPLETE,SUCCESS,INFO,295,295,0,,2026-09-02T19:03:39.838Z,2026-09-02T21:23:00.812Z,8361,2026-09-02T21:23:00.812Z,V14,Overland Park,c49685cc-3281-44bc-a1c2-3be5b1110999,SAMMS-VCPHCS-XIV-BridgewayV5
202609022122573059,202609021903208473,202609021903206075,85,4067,Bronze INV,br_ReAssessmentPhysicalHealth,TASK_COMPLETE,SUCCESS,INFO,609,609,0,,2026-09-02T19:03:39.838Z,2026-09-02T21:23:00.812Z,8361,2026-09-02T21:23:00.812Z,V15,Joplin,c49685cc-3281-44bc-a1c2-3be5b1110999,SAMMS-JoplinV5
202609022122573060,202609021903208474,202609021903206075,85,4069,Bronze INV,br_ReAssessmentPhysicalHealth,TASK_COMPLETE,SUCCESS,INFO,906,906,0,,2026-09-02T19:03:39.838Z,2026-09-02T21:23:00.812Z,8361,2026-09-02T21:23:00.812Z,V17,Columbia TN,c49685cc-3281-44bc-a1c2-3be5b1110999,SAMMS-ColumbiaTNv5
202609022122573061,202609021903208475,202609021903206075,85,4071,Bronze INV,br_ReAssessmentPhysicalHealth,TASK_COMPLETE,SUCCESS,INFO,534,534,0,,2026-09-02T19:03:39.838Z,2026-09-02T21:23:00.812Z,8361,2026-09-02T21:23:00.812Z,V19,Jackson,c49685cc-3281-44bc-a1c2-3be5b1110999,SAMMS-JacksonV5
202609022122573062,202609021903208476,202609021903206075,85,4073,Bronze INV,br_ReAssessmentPhysicalHealth,TASK_COMPLETE,SUCCESS,INFO,1776,1776,0,,2026-09-02T19:03:39.838Z,2026-09-02T21:23:00.812Z,8361,2026-09-02T21:23:00.812Z,V20,Paris,c49685cc-3281-44bc-a1c2-3be5b1110999,SAMMS-ParisV5
202609022122573063,202609021903208477,202609021903206075,85,4074,Bronze INV,br_ReAssessmentPhysicalHealth,TASK_COMPLETE,SUCCESS,INFO,723,723,0,,2026-09-02T19:03:39.838Z,2026-09-02T21:23:00.812Z,8361,2026-09-02T21:23:00.812Z,V21,Memphis North,c49685cc-3281-44bc-a1c2-3be5b1110999,SAMMS-RaleighV5
202609022122573064,202609021903208478,202609021903206075,85,4077,Bronze INV,br_ReAssessmentPhysicalHealth,TASK_COMPLETE,SUCCESS,INFO,1786,1786,0,,2026-09-02T19:03:39.838Z,2026-09-02T21:23:00.812Z,8361,2026-09-02T21:23:00.812Z,V5,West Bank,c49685cc-3281-44bc-a1c2-3be5b1110999,SAMMS-NONTCv5
202609022122573066,202609021903208479,202609021903206075,85,4079,Bronze INV,br_ReAssessmentPhysicalHealth,TASK_COMPLETE,SUCCESS,INFO,146,146,0,,2026-09-02T19:03:39.838Z,2026-09-02T21:23:00.812Z,8361,2026-09-02T21:23:00.812Z,V5B,Houma,c49685cc-3281-44bc-a1c2-3be5b1110999,SAMMS-HoumaV6
202609022122573067,202609021903208480,202609021903206075,85,4080,Bronze INV,br_ReAssessmentPhysicalHealth,TASK_COMPLETE,SUCCESS,INFO,1917,1917,0,,2026-09-02T19:03:39.838Z,2026-09-02T21:23:00.812Z,8361,2026-09-02T21:23:00.812Z,V6,Lake Charles,c49685cc-3281-44bc-a1c2-3be5b1110999,SAMMS-LCv5
202609022122573068,202609021903208481,202609021903206075,85,4082,Bronze INV,br_ReAssessmentPhysicalHealth,TASK_COMPLETE,SUCCESS,INFO,744,744,0,,2026-09-02T19:03:39.838Z,2026-09-02T21:23:00.812Z,8361,2026-09-02T21:23:00.812Z,V8,Memphis Midtown,c49685cc-3281-44bc-a1c2-3be5b1110999,SAMMS-VCPHCS-VIII-MemphisV5
202609022122573069,202609021903208482,202609021903206075,85,4083,Bronze INV,br_ReAssessmentPhysicalHealth,TASK_COMPLETE,SUCCESS,INFO,1769,1769,0,,2026-09-02T19:03:39.838Z,2026-09-02T21:23:00.812Z,8361,2026-09-02T21:23:00.812Z,V9,Nashville,c49685cc-3281-44bc-a1c2-3be5b1110999,SAMMS-NashvilleV5
202609022122573070,202609021903208483,202609021903206075,85,4084,Bronze INV,br_ReAssessmentPhysicalHealth,TASK_COMPLETE,SUCCESS,INFO,842,842,0,,2026-09-02T19:03:39.838Z,2026-09-02T21:23:00.812Z,8361,2026-09-02T21:23:00.812Z,VBRA,Brainerd,c49685cc-3281-44bc-a1c2-3be5b1110999,SAMMS-BrainerdV6
202609012114521161,202609011903674328,202609011903672005,85,3936,Bronze INV,br_ReAssessmentPhysicalHealth,TASK_COMPLETE,SUCCESS,INFO,1273,1273,0,,2026-09-01T19:04:17.664Z,2026-09-01T21:14:55.846Z,7838,2026-09-01T21:14:55.846Z,B45,Tifton,0e5f68b5-5669-4bb1-91ce-4b967b620e7d,SAMMS-TiftonV5
202609012114521162,202609011903674329,202609011903672005,85,3937,Bronze INV,br_ReAssessmentPhysicalHealth,TASK_COMPLETE,SUCCESS,INFO,591,591,0,,2026-09-01T19:04:17.664Z,2026-09-01T21:14:55.846Z,7838,2026-09-01T21:14:55.846Z,B46,Washington DC,0e5f68b5-5669-4bb1-91ce-4b967b620e7d,SAMMS-WashingtonDCv5
202609012114521163,202609011903674330,202609011903672005,85,3938,Bronze INV,br_ReAssessmentPhysicalHealth,TASK_COMPLETE,SUCCESS,INFO,1575,1575,0,,2026-09-01T19:04:17.664Z,2026-09-01T21:14:55.846Z,7838,2026-09-01T21:14:55.846Z,B47,Mobile,0e5f68b5-5669-4bb1-91ce-4b967b620e7d,SAMMS-MobileV5
202609012114521164,202609011903674331,202609011903672005,85,3939,Bronze INV,br_ReAssessmentPhysicalHealth,TASK_COMPLETE,SUCCESS,INFO,1301,1301,0,,2026-09-01T19:04:17.664Z,2026-09-01T21:14:55.846Z,7838,2026-09-01T21:14:55.846Z,B48,Tuscaloosa,0e5f68b5-5669-4bb1-91ce-4b967b620e7d,SAMMS-TuscaloosaV5
202609012114521165,202609011903674332,202609011903672005,85,3948,Bronze INV,br_ReAssessmentPhysicalHealth,TASK_COMPLETE,SUCCESS,INFO,3,3,0,,2026-09-01T19:04:17.664Z,2026-09-01T21:14:55.846Z,7838,2026-09-01T21:14:55.846Z,B51,N. Little Rock (OTP),0e5f68b5-5669-4bb1-91ce-4b967b620e7d,SAMMS-NorthLittleRockV6
202609012114521166,202609011903674333,202609011903672005,85,3949,Bronze INV,br_ReAssessmentPhysicalHealth,TASK_COMPLETE,SUCCESS,INFO,460,460,0,,2026-09-01T19:04:17.664Z,2026-09-01T21:14:55.846Z,7838,2026-09-01T21:14:55.846Z,B52,Jackson GA,0e5f68b5-5669-4bb1-91ce-4b967b620e7d,SAMMS-JacksonGAV5
202609012114521167,202609011903674334,202609011903672005,85,3950,Bronze INV,br_ReAssessmentPhysicalHealth,TASK_COMPLETE,SUCCESS,INFO,1704,1704,0,,2026-09-01T19:04:17.664Z,2026-09-01T21:14:55.846Z,7838,2026-09-01T21:14:55.846Z,B54,Gadsden,0e5f68b5-5669-4bb1-91ce-4b967b620e7d,SAMMS-GadsdenV5
202609012114521169,202609011903674335,202609011903672005,85,3951,Bronze INV,br_ReAssessmentPhysicalHealth,TASK_COMPLETE,SUCCESS,INFO,956,956,0,,2026-09-01T19:04:17.664Z,2026-09-01T21:14:55.846Z,7838,2026-09-01T21:14:55.846Z,B55,Shoals,0e5f68b5-5669-4bb1-91ce-4b967b620e7d,SAMMS-ShoalsV5
202609012114521170,202609011903674336,202609011903672005,85,3952,Bronze INV,br_ReAssessmentPhysicalHealth,TASK_COMPLETE,SUCCESS,INFO,294,294,0,,2026-09-01T19:04:17.664Z,2026-09-01T21:14:55.846Z,7838,2026-09-01T21:14:55.846Z,B57,Pawtucket,0e5f68b5-5669-4bb1-91ce-4b967b620e7d,SAMMS-Pawtucket
202609012114521171,202609011903674337,202609011903672005,85,3953,Bronze INV,br_ReAssessmentPhysicalHealth,TASK_COMPLETE,SUCCESS,INFO,555,555,0,,2026-09-01T19:04:17.664Z,2026-09-01T21:14:55.846Z,7838,2026-09-01T21:14:55.846Z,B57A,Johnston,0e5f68b5-5669-4bb1-91ce-4b967b620e7d,SAMMS-Johnston
202609012114521172,202609011903674338,202609011903672005,85,3954,Bronze INV,br_ReAssessmentPhysicalHealth,TASK_COMPLETE,SUCCESS,INFO,166,166,0,,2026-09-01T19:04:17.664Z,2026-09-01T21:14:55.846Z,7838,2026-09-01T21:14:55.846Z,B57B,Middletown,0e5f68b5-5669-4bb1-91ce-4b967b620e7d,SAMMS-Middletown
202609012114521173,202609011903674339,202609011903672005,85,3955,Bronze INV,br_ReAssessmentPhysicalHealth,TASK_COMPLETE,SUCCESS,INFO,414,414,0,,2026-09-01T19:04:17.664Z,2026-09-01T21:14:55.846Z,7838,2026-09-01T21:14:55.846Z,B57C,Providence,0e5f68b5-5669-4bb1-91ce-4b967b620e7d,SAMMS-Providence
202609012114521174,202609011903674340,202609011903672005,85,3956,Bronze INV,br_ReAssessmentPhysicalHealth,TASK_COMPLETE,SUCCESS,INFO,631,631,0,,2026-09-01T19:04:17.664Z,2026-09-01T21:14:55.846Z,7838,2026-09-01T21:14:55.846Z,B57D,Westerly,0e5f68b5-5669-4bb1-91ce-4b967b620e7d,SAMMS-Westerly
202609012114521175,202609011903674341,202609011903672005,85,3960,Bronze INV,br_ReAssessmentPhysicalHealth,TASK_COMPLETE,SUCCESS,INFO,4,4,0,,2026-09-01T19:04:17.664Z,2026-09-01T21:14:55.846Z,7838,2026-09-01T21:14:55.846Z,B66A,Bremen,0e5f68b5-5669-4bb1-91ce-4b967b620e7d,SAMMS-Bremen
202609012114521177,202609011903674342,202609011903672005,85,3963,Bronze INV,br_ReAssessmentPhysicalHealth,TASK_COMPLETE,SUCCESS,INFO,0,0,0,,2026-09-01T19:04:17.664Z,2026-09-01T21:14:55.846Z,7838,2026-09-01T21:14:55.846Z,B72,Mobile (OBOT),0e5f68b5-5669-4bb1-91ce-4b967b620e7d,SAMMS-Mobile-OBOT
202609012114521178,202609011903674343,202609011903672005,85,3964,Bronze INV,br_ReAssessmentPhysicalHealth,TASK_COMPLETE,SUCCESS,INFO,0,0,0,,2026-09-01T19:04:17.664Z,2026-09-01T21:14:55.846Z,7838,2026-09-01T21:14:55.846Z,B73,Montgomery,0e5f68b5-5669-4bb1-91ce-4b967b620e7d,SAMMS-Montgomery
202609012114521179,202609011903674344,202609011903672005,85,3965,Bronze INV,br_ReAssessmentPhysicalHealth,TASK_COMPLETE,SUCCESS,INFO,517,517,0,,2026-09-01T19:04:17.664Z,2026-09-01T21:14:55.846Z,7838,2026-09-01T21:14:55.846Z,B75,Lawrence,0e5f68b5-5669-4bb1-91ce-4b967b620e7d,SAMMS-LawrenceV6
202609012114521180,202609011903674345,202609011903672005,85,3966,Bronze INV,br_ReAssessmentPhysicalHealth,TASK_COMPLETE,SUCCESS,INFO,0,0,0,,2026-09-01T19:04:17.664Z,2026-09-01T21:14:55.846Z,7838,2026-09-01T21:14:55.846Z,B76,Huntsville OBOT,0e5f68b5-5669-4bb1-91ce-4b967b620e7d,SAMMS-Huntsville-OBOT
202609012114521181,202609011903674346,202609011903672005,85,3967,Bronze INV,br_ReAssessmentPhysicalHealth,TASK_COMPLETE,SUCCESS,INFO,0,0,0,,2026-09-01T19:04:17.664Z,2026-09-01T21:14:55.846Z,7838,2026-09-01T21:14:55.846Z,BAT,Batesville,0e5f68b5-5669-4bb1-91ce-4b967b620e7d,SAMMS-Batesville
202609012114521182,202609011903674347,202609011903672005,85,3968,Bronze INV,br_ReAssessmentPhysicalHealth,TASK_COMPLETE,SUCCESS,INFO,461,461,0,,2026-09-01T19:04:17.664Z,2026-09-01T21:14:55.846Z,7838,2026-09-01T21:14:55.846Z,BG,Bowling Green,0e5f68b5-5669-4bb1-91ce-4b967b620e7d,SAMMS-BowlingGreen
202609012114521183,202609011903674348,202609011903672005,85,3969,Bronze INV,br_ReAssessmentPhysicalHealth,TASK_COMPLETE,SUCCESS,INFO,179,179,0,,2026-09-01T19:04:17.664Z,2026-09-01T21:14:55.846Z,7838,2026-09-01T21:14:55.846Z,BOI,Boise,0e5f68b5-5669-4bb1-91ce-4b967b620e7d,SAMMS-Boise
202609012114521184,202609011903674349,202609011903672005,85,3976,Bronze INV,br_ReAssessmentPhysicalHealth,TASK_COMPLETE,SUCCESS,INFO,51,51,0,,2026-09-01T19:04:17.664Z,2026-09-01T21:14:55.846Z,7838,2026-09-01T21:14:55.846Z,CBCO,Coeur dAlene,0e5f68b5-5669-4bb1-91ce-4b967b620e7d,SAMMS-CoeurdAleneV6
202609012114521186,202609011903674350,202609011903672005,85,3995,Bronze INV,br_ReAssessmentPhysicalHealth,TASK_COMPLETE,SUCCESS,INFO,0,0,0,,2026-09-01T19:04:17.664Z,2026-09-01T21:14:55.846Z,7838,2026-09-01T21:14:55.846Z,CON,Conway,0e5f68b5-5669-4bb1-91ce-4b967b620e7d,SAMMS-Conway
202609012114521187,202609011903674351,202609011903672005,85,3996,Bronze INV,br_ReAssessmentPhysicalHealth,TASK_COMPLETE,SUCCESS,INFO,2590,2590,0,,2026-09-01T19:04:17.664Z,2026-09-01T21:14:55.846Z,7838,2026-09-01T21:14:55.846Z,D07,Medical Services Knox TN,0e5f68b5-5669-4bb1-91ce-4b967b620e7d,SAMMS-KnoxvilleV6
202609012114521188,202609011903674352,202609011903672005,85,3997,Bronze INV,br_ReAssessmentPhysicalHealth,TASK_COMPLETE,SUCCESS,INFO,116,116,0,,2026-09-01T19:04:17.664Z,2026-09-01T21:14:55.846Z,7838,2026-09-01T21:14:55.846Z,D08,Madison,0e5f68b5-5669-4bb1-91ce-4b967b620e7d,SAMMS-MadisonV6
202609012114521189,202609011903674353,202609011903672005,85,3999,Bronze INV,br_ReAssessmentPhysicalHealth,TASK_COMPLETE,SUCCESS,INFO,123,123,0,,2026-09-01T19:04:17.664Z,2026-09-01T21:14:55.846Z,7838,2026-09-01T21:14:55.846Z,D09,Murfreesboro,0e5f68b5-5669-4bb1-91ce-4b967b620e7d,SAMMS-MurfreesboroV6
202609012114521190,202609011903674354,202609011903672005,85,4000,Bronze INV,br_ReAssessmentPhysicalHealth,TASK_COMPLETE,SUCCESS,INFO,337,337,0,,2026-09-01T19:04:17.664Z,2026-09-01T21:14:55.846Z,7838,2026-09-01T21:14:55.846Z,DA,Davenport,0e5f68b5-5669-4bb1-91ce-4b967b620e7d,SAMMS-Davenport
202609012114521191,202609011903674355,202609011903672005,85,4001,Bronze INV,br_ReAssessmentPhysicalHealth,TASK_COMPLETE,SUCCESS,INFO,292,292,0,,2026-09-01T19:04:17.664Z,2026-09-01T21:14:55.846Z,7838,2026-09-01T21:14:55.846Z,DM,Des Moines,0e5f68b5-5669-4bb1-91ce-4b967b620e7d,SAMMS-DesMoines
202609012114521192,202609011903674356,202609011903672005,85,4003,Bronze INV,br_ReAssessmentPhysicalHealth,TASK_COMPLETE,SUCCESS,INFO,530,530,0,,2026-09-01T19:04:17.664Z,2026-09-01T21:14:55.846Z,7838,2026-09-01T21:14:55.846Z,DRD-CO,Columbia MO,0e5f68b5-5669-4bb1-91ce-4b967b620e7d,SAMMS-ColumbiaV5
202609012114521193,202609011903674357,202609011903672005,85,4004,Bronze INV,br_ReAssessmentPhysicalHealth,TASK_COMPLETE,SUCCESS,INFO,347,347,0,,2026-09-01T19:04:17.664Z,2026-09-01T21:14:55.846Z,7838,2026-09-01T21:14:55.846Z,DRD-KC,KC,0e5f68b5-5669-4bb1-91ce-4b967b620e7d,SAMMS-KCv5
202609012114521195,202609011903674358,202609011903672005,85,4005,Bronze INV,br_ReAssessmentPhysicalHealth,TASK_COMPLETE,SUCCESS,INFO,1556,1556,0,,2026-09-01T19:04:17.664Z,2026-09-01T21:14:55.846Z,7838,2026-09-01T21:14:55.846Z,DRD-KVB,KVB,0e5f68b5-5669-4bb1-91ce-4b967b620e7d,SAMMS-KVBv5
202609012114521196,202609011903674359,202609011903672005,85,4006,Bronze INV,br_ReAssessmentPhysicalHealth,TASK_COMPLETE,SUCCESS,INFO,1676,1676,0,,2026-09-01T19:04:17.664Z,2026-09-01T21:14:55.846Z,7838,2026-09-01T21:14:55.846Z,DRD-KVC,KVC,0e5f68b5-5669-4bb1-91ce-4b967b620e7d,SAMMS-KVCv5
202609012114521197,202609011903674360,202609011903672005,85,4007,Bronze INV,br_ReAssessmentPhysicalHealth,TASK_COMPLETE,SUCCESS,INFO,3205,3205,0,,2026-09-01T19:04:17.664Z,2026-09-01T21:14:55.846Z,7838,2026-09-01T21:14:55.846Z,DRD-NOLA,NOLA,0e5f68b5-5669-4bb1-91ce-4b967b620e7d,SAMMS-NOLAv5
202609012114521198,202609011903674361,202609011903672005,85,4008,Bronze INV,br_ReAssessmentPhysicalHealth,TASK_COMPLETE,SUCCESS,INFO,802,802,0,,2026-09-01T19:04:17.664Z,2026-09-01T21:14:55.846Z,7838,2026-09-01T21:14:55.846Z,DRD-SF,Springfield,0e5f68b5-5669-4bb1-91ce-4b967b620e7d,SAMMS-SFv5
202609012114521199,202609011903674362,202609011903672005,85,4010,Bronze INV,br_ReAssessmentPhysicalHealth,TASK_COMPLETE,SUCCESS,INFO,261,261,0,,2026-09-01T19:04:17.664Z,2026-09-01T21:14:55.846Z,7838,2026-09-01T21:14:55.846Z,ELC,Elizabeth City,0e5f68b5-5669-4bb1-91ce-4b967b620e7d,SAMMS-ElizabethCity
202609012114521200,202609011903674363,202609011903672005,85,4011,Bronze INV,br_ReAssessmentPhysicalHealth,TASK_COMPLETE,SUCCESS,INFO,128,128,0,,2026-09-01T19:04:17.664Z,2026-09-01T21:14:55.846Z,7838,2026-09-01T21:14:55.846Z,ET,Elizabethtown,0e5f68b5-5669-4bb1-91ce-4b967b620e7d,SAMMS-Elizabethtown
202609012114521201,202609011903674364,202609011903672005,85,4012,Bronze INV,br_ReAssessmentPhysicalHealth,TASK_COMPLETE,SUCCESS,INFO,0,0,0,,2026-09-01T19:04:17.664Z,2026-09-01T21:14:55.846Z,7838,2026-09-01T21:14:55.846Z,FAY,Fayetteville,0e5f68b5-5669-4bb1-91ce-4b967b620e7d,SAMMS-Fayetteville
202609012114521203,202609011903674365,202609011903672005,85,4013,Bronze INV,br_ReAssessmentPhysicalHealth,TASK_COMPLETE,SUCCESS,INFO,156,156,0,,2026-09-01T19:04:17.664Z,2026-09-01T21:14:55.846Z,7838,2026-09-01T21:14:55.846Z,FR,Frankfort,0e5f68b5-5669-4bb1-91ce-4b967b620e7d,SAMMS-Frankfort
202609012114521204,202609011903674366,202609011903672005,85,4014,Bronze INV,br_ReAssessmentPhysicalHealth,TASK_COMPLETE,SUCCESS,INFO,0,0,0,,2026-09-01T19:04:17.664Z,2026-09-01T21:14:55.846Z,7838,2026-09-01T21:14:55.846Z,FS,Fort Smith,0e5f68b5-5669-4bb1-91ce-4b967b620e7d,SAMMS-FortSmith
202609012114521205,202609011903674367,202609011903672005,85,4015,Bronze INV,br_ReAssessmentPhysicalHealth,TASK_COMPLETE,SUCCESS,INFO,471,471,0,,2026-09-01T19:04:17.664Z,2026-09-01T21:14:55.846Z,7838,2026-09-01T21:14:55.846Z,FW,Fort Wayne,0e5f68b5-5669-4bb1-91ce-4b967b620e7d,SAMMS-FortWayne
202609012114521206,202609011903674368,202609011903672005,85,4016,Bronze INV,br_ReAssessmentPhysicalHealth,TASK_COMPLETE,SUCCESS,INFO,276,276,0,,2026-09-01T19:04:17.664Z,2026-09-01T21:14:55.846Z,7838,2026-09-01T21:14:55.846Z,GAL,Gaylord,0e5f68b5-5669-4bb1-91ce-4b967b620e7d,SAMMS-Gaylord
202609012114521207,202609011903674369,202609011903672005,85,4020,Bronze INV,br_ReAssessmentPhysicalHealth,TASK_COMPLETE,SUCCESS,INFO,100,100,0,,2026-09-01T19:04:17.664Z,2026-09-01T21:14:55.846Z,7838,2026-09-01T21:14:55.846Z,HGT,Hagerstown,0e5f68b5-5669-4bb1-91ce-4b967b620e7d,SAMMS-Hagerstown
202609012114521208,202609011903674370,202609011903672005,85,4021,Bronze INV,br_ReAssessmentPhysicalHealth,TASK_COMPLETE,SUCCESS,INFO,1727,1727,0,,2026-09-01T19:04:17.664Z,2026-09-01T21:14:55.846Z,7838,2026-09-01T21:14:55.846Z,HNT,Huntsville,0e5f68b5-5669-4bb1-91ce-4b967b620e7d,SAMMS-Huntsville
202609012114521209,202609011903674371,202609011903672005,85,4022,Bronze INV,br_ReAssessmentPhysicalHealth,TASK_COMPLETE,SUCCESS,INFO,0,0,0,,2026-09-01T19:04:17.664Z,2026-09-01T21:14:55.846Z,7838,2026-09-01T21:14:55.846Z,HS,Hot Springs,0e5f68b5-5669-4bb1-91ce-4b967b620e7d,SAMMS-HotSprings
202609012114521210,202609011903674372,202609011903672005,85,4023,Bronze INV,br_ReAssessmentPhysicalHealth,TASK_COMPLETE,SUCCESS,INFO,0,0,0,,2026-09-01T19:04:17.664Z,2026-09-01T21:14:55.846Z,7838,2026-09-01T21:14:55.846Z,JON,Jonesboro,0e5f68b5-5669-4bb1-91ce-4b967b620e7d,SAMMS-Jonesboro
202609012114521212,202609011903674373,202609011903672005,85,4025,Bronze INV,br_ReAssessmentPhysicalHealth,TASK_COMPLETE,SUCCESS,INFO,448,448,0,,2026-09-01T19:04:17.664Z,2026-09-01T21:14:55.846Z,7838,2026-09-01T21:14:55.846Z,LAN,Lansing,0e5f68b5-5669-4bb1-91ce-4b967b620e7d,SAMMS-Lansing
202609012114521213,202609011903674374,202609011903672005,85,4026,Bronze INV,br_ReAssessmentPhysicalHealth,TASK_COMPLETE,SUCCESS,INFO,1290,1290,0,,2026-09-01T19:04:17.664Z,2026-09-01T21:14:55.846Z,7838,2026-09-01T21:14:55.846Z,LO,Louisville,0e5f68b5-5669-4bb1-91ce-4b967b620e7d,SAMMS-Louisville
202609012114521214,202609011903674375,202609011903672005,85,4027,Bronze INV,br_ReAssessmentPhysicalHealth,TASK_COMPLETE,SUCCESS,INFO,292,292,0,,2026-09-01T19:04:17.664Z,2026-09-01T21:14:55.846Z,7838,2026-09-01T21:14:55.846Z,LV1,Cheyenne,0e5f68b5-5669-4bb1-91ce-4b967b620e7d,SAMMS-Cheyenne
202609012114521215,202609011903674376,202609011903672005,85,4028,Bronze INV,br_ReAssessmentPhysicalHealth,TASK_COMPLETE,SUCCESS,INFO,205,205,0,,2026-09-01T19:04:17.664Z,2026-09-01T21:14:55.846Z,7838,2026-09-01T21:14:55.846Z,LV2,Desert Inn,0e5f68b5-5669-4bb1-91ce-4b967b620e7d,SAMMS-DesertInn
202609012114521216,202609011903674377,202609011903672005,85,4029,Bronze INV,br_ReAssessmentPhysicalHealth,TASK_COMPLETE,SUCCESS,INFO,110,110,0,,2026-09-01T19:04:17.664Z,2026-09-01T21:14:55.846Z,7838,2026-09-01T21:14:55.846Z,LV3,McDaniel,0e5f68b5-5669-4bb1-91ce-4b967b620e7d,SAMMS-McDaniel
202609012114521217,202609011903674378,202609011903672005,85,4032,Bronze INV,br_ReAssessmentPhysicalHealth,TASK_COMPLETE,SUCCESS,INFO,358,358,0,,2026-09-01T19:04:17.664Z,2026-09-01T21:14:55.846Z,7838,2026-09-01T21:14:55.846Z,MNRE,Monroe,0e5f68b5-5669-4bb1-91ce-4b967b620e7d,SAMMS-Monroe
202609012114521218,202609011903674379,202609011903672005,85,4033,Bronze INV,br_ReAssessmentPhysicalHealth,TASK_COMPLETE,SUCCESS,INFO,1427,1427,0,,2026-09-01T19:04:17.664Z,2026-09-01T21:14:55.846Z,7838,2026-09-01T21:14:55.846Z,MP,Mt. Pleasant,0e5f68b5-5669-4bb1-91ce-4b967b620e7d,SAMMS-MtPleasant
202609012114521220,202609011903674380,202609011903672005,85,4034,Bronze INV,br_ReAssessmentPhysicalHealth,TASK_COMPLETE,SUCCESS,INFO,153,153,0,,2026-09-01T19:04:17.664Z,2026-09-01T21:14:55.846Z,7838,2026-09-01T21:14:55.846Z,MRD,Meridian,0e5f68b5-5669-4bb1-91ce-4b967b620e7d,SAMMS-Meridian
202609012114521221,202609011903674381,202609011903672005,85,4039,Bronze INV,br_ReAssessmentPhysicalHealth,TASK_COMPLETE,SUCCESS,INFO,694,694,0,,2026-09-01T19:04:17.664Z,2026-09-01T21:14:55.846Z,7838,2026-09-01T21:14:55.846Z,NC,North Charleston,0e5f68b5-5669-4bb1-91ce-4b967b620e7d,SAMMS-NorthCharleston
202609012114521222,202609011903674382,202609011903672005,85,4040,Bronze INV,br_ReAssessmentPhysicalHealth,TASK_COMPLETE,SUCCESS,INFO,0,0,0,,2026-09-01T19:04:17.664Z,2026-09-01T21:14:55.846Z,7838,2026-09-01T21:14:55.846Z,NLR,N. Little Rock,0e5f68b5-5669-4bb1-91ce-4b967b620e7d,SAMMS-NLROBOT
202609012114521223,202609011903674383,202609011903672005,85,4041,Bronze INV,br_ReAssessmentPhysicalHealth,TASK_COMPLETE,SUCCESS,INFO,112,112,0,,2026-09-01T19:04:17.664Z,2026-09-01T21:14:55.846Z,7838,2026-09-01T21:14:55.846Z,PH,Phoenix,0e5f68b5-5669-4bb1-91ce-4b967b620e7d,SAMMS-Phoenix
202609012114521224,202609011903674384,202609011903672005,85,4045,Bronze INV,br_ReAssessmentPhysicalHealth,TASK_COMPLETE,SUCCESS,INFO,216,216,0,,2026-09-01T19:04:17.664Z,2026-09-01T21:14:55.846Z,7838,2026-09-01T21:14:55.846Z,RE,Reno,0e5f68b5-5669-4bb1-91ce-4b967b620e7d,SAMMS-Reno
202609012114521225,202609011903674385,202609011903672005,85,4046,Bronze INV,br_ReAssessmentPhysicalHealth,TASK_COMPLETE,SUCCESS,INFO,88,88,0,,2026-09-01T19:04:17.664Z,2026-09-01T21:14:55.846Z,7838,2026-09-01T21:14:55.846Z,RMD,Richmond,0e5f68b5-5669-4bb1-91ce-4b967b620e7d,SAMMS-Richmond
202609012114521226,202609011903674386,202609011903672005,85,4047,Bronze INV,br_ReAssessmentPhysicalHealth,TASK_COMPLETE,SUCCESS,INFO,589,589,0,,2026-09-01T19:04:17.664Z,2026-09-01T21:14:55.846Z,7838,2026-09-01T21:14:55.846Z,SFN,Springfield North,0e5f68b5-5669-4bb1-91ce-4b967b620e7d,SAMMS-SFNv5
202609012114521227,202609011903674387,202609011903672005,85,4048,Bronze INV,br_ReAssessmentPhysicalHealth,TASK_COMPLETE,SUCCESS,INFO,769,769,0,,2026-09-01T19:04:17.664Z,2026-09-01T21:14:55.846Z,7838,2026-09-01T21:14:55.846Z,SHP,Shreveport,0e5f68b5-5669-4bb1-91ce-4b967b620e7d,SAMMS-Shreveport
202609012114521229,202609011903674388,202609011903672005,85,4050,Bronze INV,br_ReAssessmentPhysicalHealth,TASK_COMPLETE,SUCCESS,INFO,486,486,0,,2026-09-01T19:04:17.664Z,2026-09-01T21:14:55.846Z,7838,2026-09-01T21:14:55.846Z,STN,Staunton,0e5f68b5-5669-4bb1-91ce-4b967b620e7d,SAMMS-Staunton
202609012114521230,202609011903674389,202609011903672005,85,4051,Bronze INV,br_ReAssessmentPhysicalHealth,TASK_COMPLETE,SUCCESS,INFO,225,225,0,,2026-09-01T19:04:17.664Z,2026-09-01T21:14:55.846Z,7838,2026-09-01T21:14:55.846Z,STVN,Stevenson,0e5f68b5-5669-4bb1-91ce-4b967b620e7d,SAMMS-Stevenson
202609012114521231,202609011903674390,202609011903672005,85,4053,Bronze INV,br_ReAssessmentPhysicalHealth,TASK_COMPLETE,SUCCESS,INFO,174,174,0,,2026-09-01T19:04:17.664Z,2026-09-01T21:14:55.846Z,7838,2026-09-01T21:14:55.846Z,TE,Tempe,0e5f68b5-5669-4bb1-91ce-4b967b620e7d,SAMMS-Tempe
202609012114521232,202609011903674391,202609011903672005,85,4054,Bronze INV,br_ReAssessmentPhysicalHealth,TASK_COMPLETE,SUCCESS,INFO,0,0,0,,2026-09-01T19:04:17.664Z,2026-09-01T21:14:55.846Z,7838,2026-09-01T21:14:55.846Z,TEX,Texarkana,0e5f68b5-5669-4bb1-91ce-4b967b620e7d,SAMMS-Texarkana
202609012114521233,202609011903674392,202609011903672005,85,4055,Bronze INV,br_ReAssessmentPhysicalHealth,TASK_COMPLETE,SUCCESS,INFO,1084,1084,0,,2026-09-01T19:04:17.664Z,2026-09-01T21:14:55.846Z,7838,2026-09-01T21:14:55.846Z,TTCA,Bessemer,0e5f68b5-5669-4bb1-91ce-4b967b620e7d,SAMMS-BessemerV5
202609012114521234,202609011903674393,202609011903672005,85,4056,Bronze INV,br_ReAssessmentPhysicalHealth,TASK_COMPLETE,SUCCESS,INFO,1321,1321,0,,2026-09-01T19:04:17.664Z,2026-09-01T21:14:55.846Z,7838,2026-09-01T21:14:55.846Z,TTCB,Cullman,0e5f68b5-5669-4bb1-91ce-4b967b620e7d,SAMMS-CullmanV5
202609012114521236,202609011903674394,202609011903672005,85,4057,Bronze INV,br_ReAssessmentPhysicalHealth,TASK_COMPLETE,SUCCESS,INFO,945,945,0,,2026-09-01T19:04:17.664Z,2026-09-01T21:14:55.846Z,7838,2026-09-01T21:14:55.846Z,TTCC,Grand Bay,0e5f68b5-5669-4bb1-91ce-4b967b620e7d,SAMMS-GrandBay
202609012114521237,202609011903674395,202609011903672005,85,4058,Bronze INV,br_ReAssessmentPhysicalHealth,TASK_COMPLETE,SUCCESS,INFO,15,15,0,,2026-09-01T19:04:17.664Z,2026-09-01T21:14:55.846Z,7838,2026-09-01T21:14:55.846Z,TU,Tucson,0e5f68b5-5669-4bb1-91ce-4b967b620e7d,SAMMS-Tucson
202609012114521238,202609011903674396,202609011903672005,85,4060,Bronze INV,br_ReAssessmentPhysicalHealth,TASK_COMPLETE,SUCCESS,INFO,661,661,0,,2026-09-01T19:04:17.664Z,2026-09-01T21:14:55.846Z,7838,2026-09-01T21:14:55.846Z,V1,Memphis South,0e5f68b5-5669-4bb1-91ce-4b967b620e7d,SAMMS-VCPHCS-I-MemphisV5
202609012114521239,202609011903674397,202609011903672005,85,4061,Bronze INV,br_ReAssessmentPhysicalHealth,TASK_COMPLETE,SUCCESS,INFO,1630,1630,0,,2026-09-01T19:04:17.664Z,2026-09-01T21:14:55.846Z,7838,2026-09-01T21:14:55.846Z,V10,Longmont,0e5f68b5-5669-4bb1-91ce-4b967b620e7d,SAMMS-BoulderV5
202609012114521240,202609011903674398,202609011903672005,85,4062,Bronze INV,br_ReAssessmentPhysicalHealth,TASK_COMPLETE,SUCCESS,INFO,1517,1517,0,,2026-09-01T19:04:17.664Z,2026-09-01T21:14:55.846Z,7838,2026-09-01T21:14:55.846Z,V10A,Fort Collins,0e5f68b5-5669-4bb1-91ce-4b967b620e7d,SAMMS-FortCollinsV5
202609012114521241,202609011903674399,202609011903672005,85,4063,Bronze INV,br_ReAssessmentPhysicalHealth,TASK_COMPLETE,SUCCESS,INFO,2876,2876,0,,2026-09-01T19:04:17.664Z,2026-09-01T21:14:55.846Z,7838,2026-09-01T21:14:55.846Z,V11,Westminster,0e5f68b5-5669-4bb1-91ce-4b967b620e7d,SAMMS-VCPHCS-XI-NorthDenverV5
202609012114521242,202609011903674400,202609011903672005,85,4064,Bronze INV,br_ReAssessmentPhysicalHealth,TASK_COMPLETE,SUCCESS,INFO,3046,3046,0,,2026-09-01T19:04:17.664Z,2026-09-01T21:14:55.846Z,7838,2026-09-01T21:14:55.846Z,V12,Downtown Denver,0e5f68b5-5669-4bb1-91ce-4b967b620e7d,SAMMS-VCPHCS-XII-DowntownDenverV5
202609012114521243,202609011903674401,202609011903672005,85,4065,Bronze INV,br_ReAssessmentPhysicalHealth,TASK_COMPLETE,SUCCESS,INFO,1144,1144,0,,2026-09-01T19:04:17.664Z,2026-09-01T21:14:55.846Z,7838,2026-09-01T21:14:55.846Z,V12A,Centennial,0e5f68b5-5669-4bb1-91ce-4b967b620e7d,SAMMS-CentennialV5
202609012114521245,202609011903674402,202609011903672005,85,4066,Bronze INV,br_ReAssessmentPhysicalHealth,TASK_COMPLETE,SUCCESS,INFO,295,295,0,,2026-09-01T19:04:17.664Z,2026-09-01T21:14:55.846Z,7838,2026-09-01T21:14:55.846Z,V14,Overland Park,0e5f68b5-5669-4bb1-91ce-4b967b620e7d,SAMMS-VCPHCS-XIV-BridgewayV5
202609012114521246,202609011903674403,202609011903672005,85,4067,Bronze INV,br_ReAssessmentPhysicalHealth,TASK_COMPLETE,SUCCESS,INFO,609,609,0,,2026-09-01T19:04:17.664Z,2026-09-01T21:14:55.846Z,7838,2026-09-01T21:14:55.846Z,V15,Joplin,0e5f68b5-5669-4bb1-91ce-4b967b620e7d,SAMMS-JoplinV5
202609012114521247,202609011903674404,202609011903672005,85,4069,Bronze INV,br_ReAssessmentPhysicalHealth,TASK_COMPLETE,SUCCESS,INFO,906,906,0,,2026-09-01T19:04:17.664Z,2026-09-01T21:14:55.846Z,7838,2026-09-01T21:14:55.846Z,V17,Columbia TN,0e5f68b5-5669-4bb1-91ce-4b967b620e7d,SAMMS-ColumbiaTNv5
202609012114521248,202609011903674405,202609011903672005,85,4071,Bronze INV,br_ReAssessmentPhysicalHealth,TASK_COMPLETE,SUCCESS,INFO,534,534,0,,2026-09-01T19:04:17.664Z,2026-09-01T21:14:55.846Z,7838,2026-09-01T21:14:55.846Z,V19,Jackson,0e5f68b5-5669-4bb1-91ce-4b967b620e7d,SAMMS-JacksonV5
202609012114521249,202609011903674406,202609011903672005,85,4073,Bronze INV,br_ReAssessmentPhysicalHealth,TASK_COMPLETE,SUCCESS,INFO,1776,1776,0,,2026-09-01T19:04:17.664Z,2026-09-01T21:14:55.846Z,7838,2026-09-01T21:14:55.846Z,V20,Paris,0e5f68b5-5669-4bb1-91ce-4b967b620e7d,SAMMS-ParisV5
202609012114521250,202609011903674407,202609011903672005,85,4074,Bronze INV,br_ReAssessmentPhysicalHealth,TASK_COMPLETE,SUCCESS,INFO,723,723,0,,2026-09-01T19:04:17.664Z,2026-09-01T21:14:55.846Z,7838,2026-09-01T21:14:55.846Z,V21,Memphis North,0e5f68b5-5669-4bb1-91ce-4b967b620e7d,SAMMS-RaleighV5
202609012114521251,202609011903674408,202609011903672005,85,4077,Bronze INV,br_ReAssessmentPhysicalHealth,TASK_COMPLETE,SUCCESS,INFO,1786,1786,0,,2026-09-01T19:04:17.664Z,2026-09-01T21:14:55.846Z,7838,2026-09-01T21:14:55.846Z,V5,West Bank,0e5f68b5-5669-4bb1-91ce-4b967b620e7d,SAMMS-NONTCv5
202609012114521253,202609011903674409,202609011903672005,85,4079,Bronze INV,br_ReAssessmentPhysicalHealth,TASK_COMPLETE,SUCCESS,INFO,146,146,0,,2026-09-01T19:04:17.664Z,2026-09-01T21:14:55.846Z,7838,2026-09-01T21:14:55.846Z,V5B,Houma,0e5f68b5-5669-4bb1-91ce-4b967b620e7d,SAMMS-HoumaV6
202609012114521254,202609011903674410,202609011903672005,85,4080,Bronze INV,br_ReAssessmentPhysicalHealth,TASK_COMPLETE,SUCCESS,INFO,1917,1917,0,,2026-09-01T19:04:17.664Z,2026-09-01T21:14:55.846Z,7838,2026-09-01T21:14:55.846Z,V6,Lake Charles,0e5f68b5-5669-4bb1-91ce-4b967b620e7d,SAMMS-LCv5
202609012114521255,202609011903674411,202609011903672005,85,4082,Bronze INV,br_ReAssessmentPhysicalHealth,TASK_COMPLETE,SUCCESS,INFO,744,744,0,,2026-09-01T19:04:17.664Z,2026-09-01T21:14:55.846Z,7838,2026-09-01T21:14:55.846Z,V8,Memphis Midtown,0e5f68b5-5669-4bb1-91ce-4b967b620e7d,SAMMS-VCPHCS-VIII-MemphisV5
202609012114521256,202609011903674412,202609011903672005,85,4083,Bronze INV,br_ReAssessmentPhysicalHealth,TASK_COMPLETE,SUCCESS,INFO,1769,1769,0,,2026-09-01T19:04:17.664Z,2026-09-01T21:14:55.846Z,7838,2026-09-01T21:14:55.846Z,V9,Nashville,0e5f68b5-5669-4bb1-91ce-4b967b620e7d,SAMMS-NashvilleV5
202609012114521257,202609011903674413,202609011903672005,85,4084,Bronze INV,br_ReAssessmentPhysicalHealth,TASK_COMPLETE,SUCCESS,INFO,842,842,0,,2026-09-01T19:04:17.664Z,2026-09-01T21:14:55.846Z,7838,2026-09-01T21:14:55.846Z,VBRA,Brainerd,0e5f68b5-5669-4bb1-91ce-4b967b620e7d,SAMMS-BrainerdV6
202608312116374249,202608311905654559,202608311905652236,85,3936,Bronze INV,br_ReAssessmentPhysicalHealth,TASK_COMPLETE,SUCCESS,INFO,1273,1273,0,,2026-08-31T19:06:18.658Z,2026-08-31T21:16:41.151Z,7823,2026-08-31T21:16:41.151Z,B45,Tifton,79f5b39e-d314-4ad3-8050-3ace553d67de,SAMMS-TiftonV5
202608312116374250,202608311905654560,202608311905652236,85,3937,Bronze INV,br_ReAssessmentPhysicalHealth,TASK_COMPLETE,SUCCESS,INFO,591,591,0,,2026-08-31T19:06:18.658Z,2026-08-31T21:16:41.151Z,7823,2026-08-31T21:16:41.151Z,B46,Washington DC,79f5b39e-d314-4ad3-8050-3ace553d67de,SAMMS-WashingtonDCv5
202608312116374251,202608311905654561,202608311905652236,85,3938,Bronze INV,br_ReAssessmentPhysicalHealth,TASK_COMPLETE,SUCCESS,INFO,1575,1575,0,,2026-08-31T19:06:18.658Z,2026-08-31T21:16:41.151Z,7823,2026-08-31T21:16:41.151Z,B47,Mobile,79f5b39e-d314-4ad3-8050-3ace553d67de,SAMMS-MobileV5
202608312116374252,202608311905654562,202608311905652236,85,3939,Bronze INV,br_ReAssessmentPhysicalHealth,TASK_COMPLETE,SUCCESS,INFO,1301,1301,0,,2026-08-31T19:06:18.658Z,2026-08-31T21:16:41.151Z,7823,2026-08-31T21:16:41.151Z,B48,Tuscaloosa,79f5b39e-d314-4ad3-8050-3ace553d67de,SAMMS-TuscaloosaV5
202608312116374253,202608311905654563,202608311905652236,85,3948,Bronze INV,br_ReAssessmentPhysicalHealth,TASK_COMPLETE,SUCCESS,INFO,3,3,0,,2026-08-31T19:06:18.658Z,2026-08-31T21:16:41.151Z,7823,2026-08-31T21:16:41.151Z,B51,N. Little Rock (OTP),79f5b39e-d314-4ad3-8050-3ace553d67de,SAMMS-NorthLittleRockV6
202608312116374254,202608311905654564,202608311905652236,85,3949,Bronze INV,br_ReAssessmentPhysicalHealth,TASK_COMPLETE,SUCCESS,INFO,460,460,0,,2026-08-31T19:06:18.658Z,2026-08-31T21:16:41.151Z,7823,2026-08-31T21:16:41.151Z,B52,Jackson GA,79f5b39e-d314-4ad3-8050-3ace553d67de,SAMMS-JacksonGAV5
202608312116374255,202608311905654565,202608311905652236,85,3950,Bronze INV,br_ReAssessmentPhysicalHealth,TASK_COMPLETE,SUCCESS,INFO,1704,1704,0,,2026-08-31T19:06:18.658Z,2026-08-31T21:16:41.151Z,7823,2026-08-31T21:16:41.151Z,B54,Gadsden,79f5b39e-d314-4ad3-8050-3ace553d67de,SAMMS-GadsdenV5
202608312116374256,202608311905654566,202608311905652236,85,3951,Bronze INV,br_ReAssessmentPhysicalHealth,TASK_COMPLETE,SUCCESS,INFO,956,956,0,,2026-08-31T19:06:18.658Z,2026-08-31T21:16:41.151Z,7823,2026-08-31T21:16:41.151Z,B55,Shoals,79f5b39e-d314-4ad3-8050-3ace553d67de,SAMMS-ShoalsV5
202608312116374257,202608311905654567,202608311905652236,85,3952,Bronze INV,br_ReAssessmentPhysicalHealth,TASK_COMPLETE,SUCCESS,INFO,294,294,0,,2026-08-31T19:06:18.658Z,2026-08-31T21:16:41.151Z,7823,2026-08-31T21:16:41.151Z,B57,Pawtucket,79f5b39e-d314-4ad3-8050-3ace553d67de,SAMMS-Pawtucket
202608312116374258,202608311905654568,202608311905652236,85,3953,Bronze INV,br_ReAssessmentPhysicalHealth,TASK_COMPLETE,SUCCESS,INFO,555,555,0,,2026-08-31T19:06:18.658Z,2026-08-31T21:16:41.151Z,7823,2026-08-31T21:16:41.151Z,B57A,Johnston,79f5b39e-d314-4ad3-8050-3ace553d67de,SAMMS-Johnston
202608312116374260,202608311905654569,202608311905652236,85,3954,Bronze INV,br_ReAssessmentPhysicalHealth,TASK_COMPLETE,SUCCESS,INFO,166,166,0,,2026-08-31T19:06:18.658Z,2026-08-31T21:16:41.151Z,7823,2026-08-31T21:16:41.151Z,B57B,Middletown,79f5b39e-d314-4ad3-8050-3ace553d67de,SAMMS-Middletown
202608312116374261,202608311905654570,202608311905652236,85,3955,Bronze INV,br_ReAssessmentPhysicalHealth,TASK_COMPLETE,SUCCESS,INFO,414,414,0,,2026-08-31T19:06:18.658Z,2026-08-31T21:16:41.151Z,7823,2026-08-31T21:16:41.151Z,B57C,Providence,79f5b39e-d314-4ad3-8050-3ace553d67de,SAMMS-Providence
202608312116374262,202608311905654571,202608311905652236,85,3956,Bronze INV,br_ReAssessmentPhysicalHealth,TASK_COMPLETE,SUCCESS,INFO,631,631,0,,2026-08-31T19:06:18.658Z,2026-08-31T21:16:41.151Z,7823,2026-08-31T21:16:41.151Z,B57D,Westerly,79f5b39e-d314-4ad3-8050-3ace553d67de,SAMMS-Westerly
202608312116374263,202608311905654572,202608311905652236,85,3960,Bronze INV,br_ReAssessmentPhysicalHealth,TASK_COMPLETE,SUCCESS,INFO,4,4,0,,2026-08-31T19:06:18.658Z,2026-08-31T21:16:41.151Z,7823,2026-08-31T21:16:41.151Z,B66A,Bremen,79f5b39e-d314-4ad3-8050-3ace553d67de,SAMMS-Bremen
202608312116374264,202608311905654573,202608311905652236,85,3963,Bronze INV,br_ReAssessmentPhysicalHealth,TASK_COMPLETE,SUCCESS,INFO,0,0,0,,2026-08-31T19:06:18.658Z,2026-08-31T21:16:41.151Z,7823,2026-08-31T21:16:41.151Z,B72,Mobile (OBOT),79f5b39e-d314-4ad3-8050-3ace553d67de,SAMMS-Mobile-OBOT
202608312116374265,202608311905654574,202608311905652236,85,3964,Bronze INV,br_ReAssessmentPhysicalHealth,TASK_COMPLETE,SUCCESS,INFO,0,0,0,,2026-08-31T19:06:18.658Z,2026-08-31T21:16:41.151Z,7823,2026-08-31T21:16:41.151Z,B73,Montgomery,79f5b39e-d314-4ad3-8050-3ace553d67de,SAMMS-Montgomery
202608312116374266,202608311905654575,202608311905652236,85,3965,Bronze INV,br_ReAssessmentPhysicalHealth,TASK_COMPLETE,SUCCESS,INFO,517,517,0,,2026-08-31T19:06:18.658Z,2026-08-31T21:16:41.151Z,7823,2026-08-31T21:16:41.151Z,B75,Lawrence,79f5b39e-d314-4ad3-8050-3ace553d67de,SAMMS-LawrenceV6
202608312116374267,202608311905654576,202608311905652236,85,3966,Bronze INV,br_ReAssessmentPhysicalHealth,TASK_COMPLETE,SUCCESS,INFO,0,0,0,,2026-08-31T19:06:18.658Z,2026-08-31T21:16:41.151Z,7823,2026-08-31T21:16:41.151Z,B76,Huntsville OBOT,79f5b39e-d314-4ad3-8050-3ace553d67de,SAMMS-Huntsville-OBOT
202608312116374268,202608311905654577,202608311905652236,85,3967,Bronze INV,br_ReAssessmentPhysicalHealth,TASK_COMPLETE,SUCCESS,INFO,0,0,0,,2026-08-31T19:06:18.658Z,2026-08-31T21:16:41.151Z,7823,2026-08-31T21:16:41.151Z,BAT,Batesville,79f5b39e-d314-4ad3-8050-3ace553d67de,SAMMS-Batesville
202608312116374270,202608311905654578,202608311905652236,85,3968,Bronze INV,br_ReAssessmentPhysicalHealth,TASK_COMPLETE,SUCCESS,INFO,461,461,0,,2026-08-31T19:06:18.658Z,2026-08-31T21:16:41.151Z,7823,2026-08-31T21:16:41.151Z,BG,Bowling Green,79f5b39e-d314-4ad3-8050-3ace553d67de,SAMMS-BowlingGreen
202608312116374271,202608311905654579,202608311905652236,85,3969,Bronze INV,br_ReAssessmentPhysicalHealth,TASK_COMPLETE,SUCCESS,INFO,179,179,0,,2026-08-31T19:06:18.658Z,2026-08-31T21:16:41.151Z,7823,2026-08-31T21:16:41.151Z,BOI,Boise,79f5b39e-d314-4ad3-8050-3ace553d67de,SAMMS-Boise
202608312116374272,202608311905654580,202608311905652236,85,3976,Bronze INV,br_ReAssessmentPhysicalHealth,TASK_COMPLETE,SUCCESS,INFO,51,51,0,,2026-08-31T19:06:18.658Z,2026-08-31T21:16:41.151Z,7823,2026-08-31T21:16:41.151Z,CBCO,Coeur dAlene,79f5b39e-d314-4ad3-8050-3ace553d67de,SAMMS-CoeurdAleneV6
202608312116374273,202608311905654581,202608311905652236,85,3995,Bronze INV,br_ReAssessmentPhysicalHealth,TASK_COMPLETE,SUCCESS,INFO,0,0,0,,2026-08-31T19:06:18.658Z,2026-08-31T21:16:41.151Z,7823,2026-08-31T21:16:41.151Z,CON,Conway,79f5b39e-d314-4ad3-8050-3ace553d67de,SAMMS-Conway
202608312116374274,202608311905654582,202608311905652236,85,3996,Bronze INV,br_ReAssessmentPhysicalHealth,TASK_COMPLETE,SUCCESS,INFO,2590,2590,0,,2026-08-31T19:06:18.658Z,2026-08-31T21:16:41.151Z,7823,2026-08-31T21:16:41.151Z,D07,Medical Services Knox TN,79f5b39e-d314-4ad3-8050-3ace553d67de,SAMMS-KnoxvilleV6
202608312116374275,202608311905654583,202608311905652236,85,3997,Bronze INV,br_ReAssessmentPhysicalHealth,TASK_COMPLETE,SUCCESS,INFO,116,116,0,,2026-08-31T19:06:18.658Z,2026-08-31T21:16:41.151Z,7823,2026-08-31T21:16:41.151Z,D08,Madison,79f5b39e-d314-4ad3-8050-3ace553d67de,SAMMS-MadisonV6
202608312116374276,202608311905654584,202608311905652236,85,3999,Bronze INV,br_ReAssessmentPhysicalHealth,TASK_COMPLETE,SUCCESS,INFO,123,123,0,,2026-08-31T19:06:18.658Z,2026-08-31T21:16:41.151Z,7823,2026-08-31T21:16:41.151Z,D09,Murfreesboro,79f5b39e-d314-4ad3-8050-3ace553d67de,SAMMS-MurfreesboroV6
202608312116374278,202608311905654585,202608311905652236,85,4000,Bronze INV,br_ReAssessmentPhysicalHealth,TASK_COMPLETE,SUCCESS,INFO,337,337,0,,2026-08-31T19:06:18.658Z,2026-08-31T21:16:41.151Z,7823,2026-08-31T21:16:41.151Z,DA,Davenport,79f5b39e-d314-4ad3-8050-3ace553d67de,SAMMS-Davenport
202608312116374279,202608311905654586,202608311905652236,85,4001,Bronze INV,br_ReAssessmentPhysicalHealth,TASK_COMPLETE,SUCCESS,INFO,292,292,0,,2026-08-31T19:06:18.658Z,2026-08-31T21:16:41.151Z,7823,2026-08-31T21:16:41.151Z,DM,Des Moines,79f5b39e-d314-4ad3-8050-3ace553d67de,SAMMS-DesMoines
202608312116374280,202608311905654587,202608311905652236,85,4003,Bronze INV,br_ReAssessmentPhysicalHealth,TASK_COMPLETE,SUCCESS,INFO,530,530,0,,2026-08-31T19:06:18.658Z,2026-08-31T21:16:41.151Z,7823,2026-08-31T21:16:41.151Z,DRD-CO,Columbia MO,79f5b39e-d314-4ad3-8050-3ace553d67de,SAMMS-ColumbiaV5
202608312116374281,202608311905654588,202608311905652236,85,4004,Bronze INV,br_ReAssessmentPhysicalHealth,TASK_COMPLETE,SUCCESS,INFO,347,347,0,,2026-08-31T19:06:18.658Z,2026-08-31T21:16:41.151Z,7823,2026-08-31T21:16:41.151Z,DRD-KC,KC,79f5b39e-d314-4ad3-8050-3ace553d67de,SAMMS-KCv5
202608312116374282,202608311905654589,202608311905652236,85,4005,Bronze INV,br_ReAssessmentPhysicalHealth,TASK_COMPLETE,SUCCESS,INFO,1556,1556,0,,2026-08-31T19:06:18.658Z,2026-08-31T21:16:41.151Z,7823,2026-08-31T21:16:41.151Z,DRD-KVB,KVB,79f5b39e-d314-4ad3-8050-3ace553d67de,SAMMS-KVBv5
202608312116374283,202608311905654590,202608311905652236,85,4006,Bronze INV,br_ReAssessmentPhysicalHealth,TASK_COMPLETE,SUCCESS,INFO,1676,1676,0,,2026-08-31T19:06:18.658Z,2026-08-31T21:16:41.151Z,7823,2026-08-31T21:16:41.151Z,DRD-KVC,KVC,79f5b39e-d314-4ad3-8050-3ace553d67de,SAMMS-KVCv5
202608312116374284,202608311905654591,202608311905652236,85,4007,Bronze INV,br_ReAssessmentPhysicalHealth,TASK_COMPLETE,SUCCESS,INFO,3205,3205,0,,2026-08-31T19:06:18.658Z,2026-08-31T21:16:41.151Z,7823,2026-08-31T21:16:41.151Z,DRD-NOLA,NOLA,79f5b39e-d314-4ad3-8050-3ace553d67de,SAMMS-NOLAv5
202608312116374285,202608311905654592,202608311905652236,85,4008,Bronze INV,br_ReAssessmentPhysicalHealth,TASK_COMPLETE,SUCCESS,INFO,802,802,0,,2026-08-31T19:06:18.658Z,2026-08-31T21:16:41.151Z,7823,2026-08-31T21:16:41.151Z,DRD-SF,Springfield,79f5b39e-d314-4ad3-8050-3ace553d67de,SAMMS-SFv5
202608312116374286,202608311905654593,202608311905652236,85,4010,Bronze INV,br_ReAssessmentPhysicalHealth,TASK_COMPLETE,SUCCESS,INFO,261,261,0,,2026-08-31T19:06:18.658Z,2026-08-31T21:16:41.151Z,7823,2026-08-31T21:16:41.151Z,ELC,Elizabeth City,79f5b39e-d314-4ad3-8050-3ace553d67de,SAMMS-ElizabethCity
202608312116374287,202608311905654594,202608311905652236,85,4011,Bronze INV,br_ReAssessmentPhysicalHealth,TASK_COMPLETE,SUCCESS,INFO,128,128,0,,2026-08-31T19:06:18.658Z,2026-08-31T21:16:41.151Z,7823,2026-08-31T21:16:41.151Z,ET,Elizabethtown,79f5b39e-d314-4ad3-8050-3ace553d67de,SAMMS-Elizabethtown
202608312116374289,202608311905654595,202608311905652236,85,4012,Bronze INV,br_ReAssessmentPhysicalHealth,TASK_COMPLETE,SUCCESS,INFO,0,0,0,,2026-08-31T19:06:18.658Z,2026-08-31T21:16:41.151Z,7823,2026-08-31T21:16:41.151Z,FAY,Fayetteville,79f5b39e-d314-4ad3-8050-3ace553d67de,SAMMS-Fayetteville
202608312116374290,202608311905654596,202608311905652236,85,4013,Bronze INV,br_ReAssessmentPhysicalHealth,TASK_COMPLETE,SUCCESS,INFO,156,156,0,,2026-08-31T19:06:18.658Z,2026-08-31T21:16:41.151Z,7823,2026-08-31T21:16:41.151Z,FR,Frankfort,79f5b39e-d314-4ad3-8050-3ace553d67de,SAMMS-Frankfort
202608312116374291,202608311905654597,202608311905652236,85,4014,Bronze INV,br_ReAssessmentPhysicalHealth,TASK_COMPLETE,SUCCESS,INFO,0,0,0,,2026-08-31T19:06:18.658Z,2026-08-31T21:16:41.151Z,7823,2026-08-31T21:16:41.151Z,FS,Fort Smith,79f5b39e-d314-4ad3-8050-3ace553d67de,SAMMS-FortSmith
202608312116374292,202608311905654598,202608311905652236,85,4015,Bronze INV,br_ReAssessmentPhysicalHealth,TASK_COMPLETE,SUCCESS,INFO,471,471,0,,2026-08-31T19:06:18.658Z,2026-08-31T21:16:41.151Z,7823,2026-08-31T21:16:41.151Z,FW,Fort Wayne,79f5b39e-d314-4ad3-8050-3ace553d67de,SAMMS-FortWayne
202608312116374293,202608311905654599,202608311905652236,85,4016,Bronze INV,br_ReAssessmentPhysicalHealth,TASK_COMPLETE,SUCCESS,INFO,276,276,0,,2026-08-31T19:06:18.658Z,2026-08-31T21:16:41.151Z,7823,2026-08-31T21:16:41.151Z,GAL,Gaylord,79f5b39e-d314-4ad3-8050-3ace553d67de,SAMMS-Gaylord
202608312116374294,202608311905654600,202608311905652236,85,4020,Bronze INV,br_ReAssessmentPhysicalHealth,TASK_COMPLETE,SUCCESS,INFO,100,100,0,,2026-08-31T19:06:18.658Z,2026-08-31T21:16:41.151Z,7823,2026-08-31T21:16:41.151Z,HGT,Hagerstown,79f5b39e-d314-4ad3-8050-3ace553d67de,SAMMS-Hagerstown
202608312116374295,202608311905654601,202608311905652236,85,4021,Bronze INV,br_ReAssessmentPhysicalHealth,TASK_COMPLETE,SUCCESS,INFO,1727,1727,0,,2026-08-31T19:06:18.658Z,2026-08-31T21:16:41.151Z,7823,2026-08-31T21:16:41.151Z,HNT,Huntsville,79f5b39e-d314-4ad3-8050-3ace553d67de,SAMMS-Huntsville
202608312116374296,202608311905654602,202608311905652236,85,4022,Bronze INV,br_ReAssessmentPhysicalHealth,TASK_COMPLETE,SUCCESS,INFO,0,0,0,,2026-08-31T19:06:18.658Z,2026-08-31T21:16:41.151Z,7823,2026-08-31T21:16:41.151Z,HS,Hot Springs,79f5b39e-d314-4ad3-8050-3ace553d67de,SAMMS-HotSprings
202608312116374297,202608311905654603,202608311905652236,85,4023,Bronze INV,br_ReAssessmentPhysicalHealth,TASK_COMPLETE,SUCCESS,INFO,0,0,0,,2026-08-31T19:06:18.658Z,2026-08-31T21:16:41.151Z,7823,2026-08-31T21:16:41.151Z,JON,Jonesboro,79f5b39e-d314-4ad3-8050-3ace553d67de,SAMMS-Jonesboro
202608312116374299,202608311905654604,202608311905652236,85,4025,Bronze INV,br_ReAssessmentPhysicalHealth,TASK_COMPLETE,SUCCESS,INFO,448,448,0,,2026-08-31T19:06:18.658Z,2026-08-31T21:16:41.151Z,7823,2026-08-31T21:16:41.151Z,LAN,Lansing,79f5b39e-d314-4ad3-8050-3ace553d67de,SAMMS-Lansing
202608312116374300,202608311905654605,202608311905652236,85,4026,Bronze INV,br_ReAssessmentPhysicalHealth,TASK_COMPLETE,SUCCESS,INFO,1290,1290,0,,2026-08-31T19:06:18.658Z,2026-08-31T21:16:41.151Z,7823,2026-08-31T21:16:41.151Z,LO,Louisville,79f5b39e-d314-4ad3-8050-3ace553d67de,SAMMS-Louisville
202608312116374301,202608311905654606,202608311905652236,85,4027,Bronze INV,br_ReAssessmentPhysicalHealth,TASK_COMPLETE,SUCCESS,INFO,292,292,0,,2026-08-31T19:06:18.658Z,2026-08-31T21:16:41.151Z,7823,2026-08-31T21:16:41.151Z,LV1,Cheyenne,79f5b39e-d314-4ad3-8050-3ace553d67de,SAMMS-Cheyenne
202608312116374302,202608311905654607,202608311905652236,85,4028,Bronze INV,br_ReAssessmentPhysicalHealth,TASK_COMPLETE,SUCCESS,INFO,205,205,0,,2026-08-31T19:06:18.658Z,2026-08-31T21:16:41.151Z,7823,2026-08-31T21:16:41.151Z,LV2,Desert Inn,79f5b39e-d314-4ad3-8050-3ace553d67de,SAMMS-DesertInn
202608312116374303,202608311905654608,202608311905652236,85,4029,Bronze INV,br_ReAssessmentPhysicalHealth,TASK_COMPLETE,SUCCESS,INFO,110,110,0,,2026-08-31T19:06:18.658Z,2026-08-31T21:16:41.151Z,7823,2026-08-31T21:16:41.151Z,LV3,McDaniel,79f5b39e-d314-4ad3-8050-3ace553d67de,SAMMS-McDaniel
202608312116374304,202608311905654609,202608311905652236,85,4032,Bronze INV,br_ReAssessmentPhysicalHealth,TASK_COMPLETE,SUCCESS,INFO,358,358,0,,2026-08-31T19:06:18.658Z,2026-08-31T21:16:41.151Z,7823,2026-08-31T21:16:41.151Z,MNRE,Monroe,79f5b39e-d314-4ad3-8050-3ace553d67de,SAMMS-Monroe
202608312116374305,202608311905654610,202608311905652236,85,4033,Bronze INV,br_ReAssessmentPhysicalHealth,TASK_COMPLETE,SUCCESS,INFO,1427,1427,0,,2026-08-31T19:06:18.658Z,2026-08-31T21:16:41.151Z,7823,2026-08-31T21:16:41.151Z,MP,Mt. Pleasant,79f5b39e-d314-4ad3-8050-3ace553d67de,SAMMS-MtPleasant
202608312116374306,202608311905654611,202608311905652236,85,4034,Bronze INV,br_ReAssessmentPhysicalHealth,TASK_COMPLETE,SUCCESS,INFO,153,153,0,,2026-08-31T19:06:18.658Z,2026-08-31T21:16:41.151Z,7823,2026-08-31T21:16:41.151Z,MRD,Meridian,79f5b39e-d314-4ad3-8050-3ace553d67de,SAMMS-Meridian
202608312116374307,202608311905654612,202608311905652236,85,4039,Bronze INV,br_ReAssessmentPhysicalHealth,TASK_COMPLETE,SUCCESS,INFO,694,694,0,,2026-08-31T19:06:18.658Z,2026-08-31T21:16:41.151Z,7823,2026-08-31T21:16:41.151Z,NC,North Charleston,79f5b39e-d314-4ad3-8050-3ace553d67de,SAMMS-NorthCharleston
202608312116374308,202608311905654613,202608311905652236,85,4040,Bronze INV,br_ReAssessmentPhysicalHealth,TASK_COMPLETE,SUCCESS,INFO,0,0,0,,2026-08-31T19:06:18.658Z,2026-08-31T21:16:41.151Z,7823,2026-08-31T21:16:41.151Z,NLR,N. Little Rock,79f5b39e-d314-4ad3-8050-3ace553d67de,SAMMS-NLROBOT
202608312116374309,202608311905654614,202608311905652236,85,4041,Bronze INV,br_ReAssessmentPhysicalHealth,TASK_COMPLETE,SUCCESS,INFO,112,112,0,,2026-08-31T19:06:18.658Z,2026-08-31T21:16:41.151Z,7823,2026-08-31T21:16:41.151Z,PH,Phoenix,79f5b39e-d314-4ad3-8050-3ace553d67de,SAMMS-Phoenix
202608312116374310,202608311905654615,202608311905652236,85,4045,Bronze INV,br_ReAssessmentPhysicalHealth,TASK_COMPLETE,SUCCESS,INFO,216,216,0,,2026-08-31T19:06:18.658Z,2026-08-31T21:16:41.151Z,7823,2026-08-31T21:16:41.151Z,RE,Reno,79f5b39e-d314-4ad3-8050-3ace553d67de,SAMMS-Reno
202608312116374312,202608311905654616,202608311905652236,85,4046,Bronze INV,br_ReAssessmentPhysicalHealth,TASK_COMPLETE,SUCCESS,INFO,88,88,0,,2026-08-31T19:06:18.658Z,2026-08-31T21:16:41.151Z,7823,2026-08-31T21:16:41.151Z,RMD,Richmond,79f5b39e-d314-4ad3-8050-3ace553d67de,SAMMS-Richmond
202608312116374313,202608311905654617,202608311905652236,85,4047,Bronze INV,br_ReAssessmentPhysicalHealth,TASK_COMPLETE,SUCCESS,INFO,589,589,0,,2026-08-31T19:06:18.658Z,2026-08-31T21:16:41.151Z,7823,2026-08-31T21:16:41.151Z,SFN,Springfield North,79f5b39e-d314-4ad3-8050-3ace553d67de,SAMMS-SFNv5
202608312116374314,202608311905654618,202608311905652236,85,4048,Bronze INV,br_ReAssessmentPhysicalHealth,TASK_COMPLETE,SUCCESS,INFO,769,769,0,,2026-08-31T19:06:18.658Z,2026-08-31T21:16:41.151Z,7823,2026-08-31T21:16:41.151Z,SHP,Shreveport,79f5b39e-d314-4ad3-8050-3ace553d67de,SAMMS-Shreveport
202608312116374315,202608311905654619,202608311905652236,85,4050,Bronze INV,br_ReAssessmentPhysicalHealth,TASK_COMPLETE,SUCCESS,INFO,486,486,0,,2026-08-31T19:06:18.658Z,2026-08-31T21:16:41.151Z,7823,2026-08-31T21:16:41.151Z,STN,Staunton,79f5b39e-d314-4ad3-8050-3ace553d67de,SAMMS-Staunton
202608312116374316,202608311905654620,202608311905652236,85,4051,Bronze INV,br_ReAssessmentPhysicalHealth,TASK_COMPLETE,SUCCESS,INFO,225,225,0,,2026-08-31T19:06:18.658Z,2026-08-31T21:16:41.151Z,7823,2026-08-31T21:16:41.151Z,STVN,Stevenson,79f5b39e-d314-4ad3-8050-3ace553d67de,SAMMS-Stevenson
202608312116374317,202608311905654621,202608311905652236,85,4053,Bronze INV,br_ReAssessmentPhysicalHealth,TASK_COMPLETE,SUCCESS,INFO,174,174,0,,2026-08-31T19:06:18.658Z,2026-08-31T21:16:41.151Z,7823,2026-08-31T21:16:41.151Z,TE,Tempe,79f5b39e-d314-4ad3-8050-3ace553d67de,SAMMS-Tempe
202608312116374318,202608311905654622,202608311905652236,85,4054,Bronze INV,br_ReAssessmentPhysicalHealth,TASK_COMPLETE,SUCCESS,INFO,0,0,0,,2026-08-31T19:06:18.658Z,2026-08-31T21:16:41.151Z,7823,2026-08-31T21:16:41.151Z,TEX,Texarkana,79f5b39e-d314-4ad3-8050-3ace553d67de,SAMMS-Texarkana
202608312116374319,202608311905654623,202608311905652236,85,4055,Bronze INV,br_ReAssessmentPhysicalHealth,TASK_COMPLETE,SUCCESS,INFO,1084,1084,0,,2026-08-31T19:06:18.658Z,2026-08-31T21:16:41.151Z,7823,2026-08-31T21:16:41.151Z,TTCA,Bessemer,79f5b39e-d314-4ad3-8050-3ace553d67de,SAMMS-BessemerV5
202608312116374320,202608311905654624,202608311905652236,85,4056,Bronze INV,br_ReAssessmentPhysicalHealth,TASK_COMPLETE,SUCCESS,INFO,1321,1321,0,,2026-08-31T19:06:18.658Z,2026-08-31T21:16:41.151Z,7823,2026-08-31T21:16:41.151Z,TTCB,Cullman,79f5b39e-d314-4ad3-8050-3ace553d67de,SAMMS-CullmanV5
202608312116374322,202608311905654625,202608311905652236,85,4057,Bronze INV,br_ReAssessmentPhysicalHealth,TASK_COMPLETE,SUCCESS,INFO,945,945,0,,2026-08-31T19:06:18.658Z,2026-08-31T21:16:41.151Z,7823,2026-08-31T21:16:41.151Z,TTCC,Grand Bay,79f5b39e-d314-4ad3-8050-3ace553d67de,SAMMS-GrandBay
202608312116374323,202608311905654626,202608311905652236,85,4058,Bronze INV,br_ReAssessmentPhysicalHealth,TASK_COMPLETE,SUCCESS,INFO,15,15,0,,2026-08-31T19:06:18.658Z,2026-08-31T21:16:41.151Z,7823,2026-08-31T21:16:41.151Z,TU,Tucson,79f5b39e-d314-4ad3-8050-3ace553d67de,SAMMS-Tucson
202608312116374324,202608311905654627,202608311905652236,85,4060,Bronze INV,br_ReAssessmentPhysicalHealth,TASK_COMPLETE,SUCCESS,INFO,661,661,0,,2026-08-31T19:06:18.658Z,2026-08-31T21:16:41.151Z,7823,2026-08-31T21:16:41.151Z,V1,Memphis South,79f5b39e-d314-4ad3-8050-3ace553d67de,SAMMS-VCPHCS-I-MemphisV5
202608312116374325,202608311905654628,202608311905652236,85,4061,Bronze INV,br_ReAssessmentPhysicalHealth,TASK_COMPLETE,SUCCESS,INFO,1630,1630,0,,2026-08-31T19:06:18.658Z,2026-08-31T21:16:41.151Z,7823,2026-08-31T21:16:41.151Z,V10,Longmont,79f5b39e-d314-4ad3-8050-3ace553d67de,SAMMS-BoulderV5
202608312116374326,202608311905654629,202608311905652236,85,4062,Bronze INV,br_ReAssessmentPhysicalHealth,TASK_COMPLETE,SUCCESS,INFO,1517,1517,0,,2026-08-31T19:06:18.658Z,2026-08-31T21:16:41.151Z,7823,2026-08-31T21:16:41.151Z,V10A,Fort Collins,79f5b39e-d314-4ad3-8050-3ace553d67de,SAMMS-FortCollinsV5
202608312116374327,202608311905654630,202608311905652236,85,4063,Bronze INV,br_ReAssessmentPhysicalHealth,TASK_COMPLETE,SUCCESS,INFO,2876,2876,0,,2026-08-31T19:06:18.658Z,2026-08-31T21:16:41.151Z,7823,2026-08-31T21:16:41.151Z,V11,Westminster,79f5b39e-d314-4ad3-8050-3ace553d67de,SAMMS-VCPHCS-XI-NorthDenverV5
202608312116374328,202608311905654631,202608311905652236,85,4064,Bronze INV,br_ReAssessmentPhysicalHealth,TASK_COMPLETE,SUCCESS,INFO,3046,3046,0,,2026-08-31T19:06:18.658Z,2026-08-31T21:16:41.151Z,7823,2026-08-31T21:16:41.151Z,V12,Downtown Denver,79f5b39e-d314-4ad3-8050-3ace553d67de,SAMMS-VCPHCS-XII-DowntownDenverV5
202608312116374329,202608311905654632,202608311905652236,85,4065,Bronze INV,br_ReAssessmentPhysicalHealth,TASK_COMPLETE,SUCCESS,INFO,1144,1144,0,,2026-08-31T19:06:18.658Z,2026-08-31T21:16:41.151Z,7823,2026-08-31T21:16:41.151Z,V12A,Centennial,79f5b39e-d314-4ad3-8050-3ace553d67de,SAMMS-CentennialV5
202608312116374330,202608311905654633,202608311905652236,85,4066,Bronze INV,br_ReAssessmentPhysicalHealth,TASK_COMPLETE,SUCCESS,INFO,295,295,0,,2026-08-31T19:06:18.658Z,2026-08-31T21:16:41.151Z,7823,2026-08-31T21:16:41.151Z,V14,Overland Park,79f5b39e-d314-4ad3-8050-3ace553d67de,SAMMS-VCPHCS-XIV-BridgewayV5
202608312116374331,202608311905654634,202608311905652236,85,4067,Bronze INV,br_ReAssessmentPhysicalHealth,TASK_COMPLETE,SUCCESS,INFO,609,609,0,,2026-08-31T19:06:18.658Z,2026-08-31T21:16:41.151Z,7823,2026-08-31T21:16:41.151Z,V15,Joplin,79f5b39e-d314-4ad3-8050-3ace553d67de,SAMMS-JoplinV5
202608312116374332,202608311905654635,202608311905652236,85,4069,Bronze INV,br_ReAssessmentPhysicalHealth,TASK_COMPLETE,SUCCESS,INFO,906,906,0,,2026-08-31T19:06:18.658Z,2026-08-31T21:16:41.151Z,7823,2026-08-31T21:16:41.151Z,V17,Columbia TN,79f5b39e-d314-4ad3-8050-3ace553d67de,SAMMS-ColumbiaTNv5
202608312116374334,202608311905654636,202608311905652236,85,4071,Bronze INV,br_ReAssessmentPhysicalHealth,TASK_COMPLETE,SUCCESS,INFO,534,534,0,,2026-08-31T19:06:18.658Z,2026-08-31T21:16:41.151Z,7823,2026-08-31T21:16:41.151Z,V19,Jackson,79f5b39e-d314-4ad3-8050-3ace553d67de,SAMMS-JacksonV5
202608312116374335,202608311905654637,202608311905652236,85,4073,Bronze INV,br_ReAssessmentPhysicalHealth,TASK_COMPLETE,SUCCESS,INFO,1776,1776,0,,2026-08-31T19:06:18.658Z,2026-08-31T21:16:41.151Z,7823,2026-08-31T21:16:41.151Z,V20,Paris,79f5b39e-d314-4ad3-8050-3ace553d67de,SAMMS-ParisV5
202608312116374336,202608311905654638,202608311905652236,85,4074,Bronze INV,br_ReAssessmentPhysicalHealth,TASK_COMPLETE,SUCCESS,INFO,723,723,0,,2026-08-31T19:06:18.658Z,2026-08-31T21:16:41.151Z,7823,2026-08-31T21:16:41.151Z,V21,Memphis North,79f5b39e-d314-4ad3-8050-3ace553d67de,SAMMS-RaleighV5
202608312116374337,202608311905654639,202608311905652236,85,4077,Bronze INV,br_ReAssessmentPhysicalHealth,TASK_COMPLETE,SUCCESS,INFO,1786,1786,0,,2026-08-31T19:06:18.658Z,2026-08-31T21:16:41.151Z,7823,2026-08-31T21:16:41.151Z,V5,West Bank,79f5b39e-d314-4ad3-8050-3ace553d67de,SAMMS-NONTCv5
202608312116374338,202608311905654640,202608311905652236,85,4079,Bronze INV,br_ReAssessmentPhysicalHealth,TASK_COMPLETE,SUCCESS,INFO,146,146,0,,2026-08-31T19:06:18.658Z,2026-08-31T21:16:41.151Z,7823,2026-08-31T21:16:41.151Z,V5B,Houma,79f5b39e-d314-4ad3-8050-3ace553d67de,SAMMS-HoumaV6
202608312116374339,202608311905654641,202608311905652236,85,4080,Bronze INV,br_ReAssessmentPhysicalHealth,TASK_COMPLETE,SUCCESS,INFO,1917,1917,0,,2026-08-31T19:06:18.658Z,2026-08-31T21:16:41.151Z,7823,2026-08-31T21:16:41.151Z,V6,Lake Charles,79f5b39e-d314-4ad3-8050-3ace553d67de,SAMMS-LCv5
202608312116374340,202608311905654642,202608311905652236,85,4082,Bronze INV,br_ReAssessmentPhysicalHealth,TASK_COMPLETE,SUCCESS,INFO,744,744,0,,2026-08-31T19:06:18.658Z,2026-08-31T21:16:41.151Z,7823,2026-08-31T21:16:41.151Z,V8,Memphis Midtown,79f5b39e-d314-4ad3-8050-3ace553d67de,SAMMS-VCPHCS-VIII-MemphisV5
202608312116374341,202608311905654643,202608311905652236,85,4083,Bronze INV,br_ReAssessmentPhysicalHealth,TASK_COMPLETE,SUCCESS,INFO,1769,1769,0,,2026-08-31T19:06:18.658Z,2026-08-31T21:16:41.151Z,7823,2026-08-31T21:16:41.151Z,V9,Nashville,79f5b39e-d314-4ad3-8050-3ace553d67de,SAMMS-NashvilleV5
202608312116374342,202608311905654644,202608311905652236,85,4084,Bronze INV,br_ReAssessmentPhysicalHealth,TASK_COMPLETE,SUCCESS,INFO,842,842,0,,2026-08-31T19:06:18.658Z,2026-08-31T21:16:41.151Z,7823,2026-08-31T21:16:41.151Z,VBRA,Brainerd,79f5b39e-d314-4ad3-8050-3ace553d67de,SAMMS-BrainerdV6
202608292054381631,202608291904436729,202608291904434406,85,3936,Bronze INV,br_ReAssessmentPhysicalHealth,TASK_COMPLETE,SUCCESS,INFO,1273,1273,0,,2026-08-29T19:04:49.126Z,2026-08-29T20:54:41.421Z,6592,2026-08-29T20:54:41.421Z,B45,Tifton,dd7385f2-fbd4-41a4-afcd-7296aca5e198,SAMMS-TiftonV5
202608292054381632,202608291904436730,202608291904434406,85,3937,Bronze INV,br_ReAssessmentPhysicalHealth,TASK_COMPLETE,SUCCESS,INFO,591,591,0,,2026-08-29T19:04:49.126Z,2026-08-29T20:54:41.421Z,6592,2026-08-29T20:54:41.421Z,B46,Washington DC,dd7385f2-fbd4-41a4-afcd-7296aca5e198,SAMMS-WashingtonDCv5
202608292054381633,202608291904436731,202608291904434406,85,3938,Bronze INV,br_ReAssessmentPhysicalHealth,TASK_COMPLETE,SUCCESS,INFO,1575,1575,0,,2026-08-29T19:04:49.126Z,2026-08-29T20:54:41.421Z,6592,2026-08-29T20:54:41.421Z,B47,Mobile,dd7385f2-fbd4-41a4-afcd-7296aca5e198,SAMMS-MobileV5
202608292054381635,202608291904436732,202608291904434406,85,3939,Bronze INV,br_ReAssessmentPhysicalHealth,TASK_COMPLETE,SUCCESS,INFO,1301,1301,0,,2026-08-29T19:04:49.126Z,2026-08-29T20:54:41.421Z,6592,2026-08-29T20:54:41.421Z,B48,Tuscaloosa,dd7385f2-fbd4-41a4-afcd-7296aca5e198,SAMMS-TuscaloosaV5
202608292054381636,202608291904436733,202608291904434406,85,3948,Bronze INV,br_ReAssessmentPhysicalHealth,TASK_COMPLETE,SUCCESS,INFO,3,3,0,,2026-08-29T19:04:49.126Z,2026-08-29T20:54:41.421Z,6592,2026-08-29T20:54:41.421Z,B51,N. Little Rock (OTP),dd7385f2-fbd4-41a4-afcd-7296aca5e198,SAMMS-NorthLittleRockV6
202608292054381637,202608291904436734,202608291904434406,85,3949,Bronze INV,br_ReAssessmentPhysicalHealth,TASK_COMPLETE,SUCCESS,INFO,460,460,0,,2026-08-29T19:04:49.126Z,2026-08-29T20:54:41.421Z,6592,2026-08-29T20:54:41.421Z,B52,Jackson GA,dd7385f2-fbd4-41a4-afcd-7296aca5e198,SAMMS-JacksonGAV5
202608292054381638,202608291904436735,202608291904434406,85,3950,Bronze INV,br_ReAssessmentPhysicalHealth,TASK_COMPLETE,SUCCESS,INFO,1704,1704,0,,2026-08-29T19:04:49.126Z,2026-08-29T20:54:41.421Z,6592,2026-08-29T20:54:41.421Z,B54,Gadsden,dd7385f2-fbd4-41a4-afcd-7296aca5e198,SAMMS-GadsdenV5
202608292054381639,202608291904436736,202608291904434406,85,3951,Bronze INV,br_ReAssessmentPhysicalHealth,TASK_COMPLETE,SUCCESS,INFO,956,956,0,,2026-08-29T19:04:49.126Z,2026-08-29T20:54:41.421Z,6592,2026-08-29T20:54:41.421Z,B55,Shoals,dd7385f2-fbd4-41a4-afcd-7296aca5e198,SAMMS-ShoalsV5
202608292054381640,202608291904436737,202608291904434406,85,3952,Bronze INV,br_ReAssessmentPhysicalHealth,TASK_COMPLETE,SUCCESS,INFO,294,294,0,,2026-08-29T19:04:49.126Z,2026-08-29T20:54:41.421Z,6592,2026-08-29T20:54:41.421Z,B57,Pawtucket,dd7385f2-fbd4-41a4-afcd-7296aca5e198,SAMMS-Pawtucket
202608292054381641,202608291904436738,202608291904434406,85,3953,Bronze INV,br_ReAssessmentPhysicalHealth,TASK_COMPLETE,SUCCESS,INFO,555,555,0,,2026-08-29T19:04:49.126Z,2026-08-29T20:54:41.421Z,6592,2026-08-29T20:54:41.421Z,B57A,Johnston,dd7385f2-fbd4-41a4-afcd-7296aca5e198,SAMMS-Johnston
202608292054381642,202608291904436739,202608291904434406,85,3954,Bronze INV,br_ReAssessmentPhysicalHealth,TASK_COMPLETE,SUCCESS,INFO,166,166,0,,2026-08-29T19:04:49.126Z,2026-08-29T20:54:41.421Z,6592,2026-08-29T20:54:41.421Z,B57B,Middletown,dd7385f2-fbd4-41a4-afcd-7296aca5e198,SAMMS-Middletown
202608292054381643,202608291904436740,202608291904434406,85,3955,Bronze INV,br_ReAssessmentPhysicalHealth,TASK_COMPLETE,SUCCESS,INFO,414,414,0,,2026-08-29T19:04:49.126Z,2026-08-29T20:54:41.421Z,6592,2026-08-29T20:54:41.421Z,B57C,Providence,dd7385f2-fbd4-41a4-afcd-7296aca5e198,SAMMS-Providence
202608292054381644,202608291904436741,202608291904434406,85,3956,Bronze INV,br_ReAssessmentPhysicalHealth,TASK_COMPLETE,SUCCESS,INFO,631,631,0,,2026-08-29T19:04:49.126Z,2026-08-29T20:54:41.421Z,6592,2026-08-29T20:54:41.421Z,B57D,Westerly,dd7385f2-fbd4-41a4-afcd-7296aca5e198,SAMMS-Westerly
202608292054381645,202608291904436742,202608291904434406,85,3960,Bronze INV,br_ReAssessmentPhysicalHealth,TASK_COMPLETE,SUCCESS,INFO,4,4,0,,2026-08-29T19:04:49.126Z,2026-08-29T20:54:41.421Z,6592,2026-08-29T20:54:41.421Z,B66A,Bremen,dd7385f2-fbd4-41a4-afcd-7296aca5e198,SAMMS-Bremen
202608292054381646,202608291904436743,202608291904434406,85,3963,Bronze INV,br_ReAssessmentPhysicalHealth,TASK_COMPLETE,SUCCESS,INFO,0,0,0,,2026-08-29T19:04:49.126Z,2026-08-29T20:54:41.421Z,6592,2026-08-29T20:54:41.421Z,B72,Mobile (OBOT),dd7385f2-fbd4-41a4-afcd-7296aca5e198,SAMMS-Mobile-OBOT
202608292054381648,202608291904436744,202608291904434406,85,3964,Bronze INV,br_ReAssessmentPhysicalHealth,TASK_COMPLETE,SUCCESS,INFO,0,0,0,,2026-08-29T19:04:49.126Z,2026-08-29T20:54:41.421Z,6592,2026-08-29T20:54:41.421Z,B73,Montgomery,dd7385f2-fbd4-41a4-afcd-7296aca5e198,SAMMS-Montgomery
202608292054381649,202608291904436745,202608291904434406,85,3965,Bronze INV,br_ReAssessmentPhysicalHealth,TASK_COMPLETE,SUCCESS,INFO,517,517,0,,2026-08-29T19:04:49.126Z,2026-08-29T20:54:41.421Z,6592,2026-08-29T20:54:41.421Z,B75,Lawrence,dd7385f2-fbd4-41a4-afcd-7296aca5e198,SAMMS-LawrenceV6
202608292054381650,202608291904436746,202608291904434406,85,3966,Bronze INV,br_ReAssessmentPhysicalHealth,TASK_COMPLETE,SUCCESS,INFO,0,0,0,,2026-08-29T19:04:49.126Z,2026-08-29T20:54:41.421Z,6592,2026-08-29T20:54:41.421Z,B76,Huntsville OBOT,dd7385f2-fbd4-41a4-afcd-7296aca5e198,SAMMS-Huntsville-OBOT
202608292054381651,202608291904436747,202608291904434406,85,3967,Bronze INV,br_ReAssessmentPhysicalHealth,TASK_COMPLETE,SUCCESS,INFO,0,0,0,,2026-08-29T19:04:49.126Z,2026-08-29T20:54:41.421Z,6592,2026-08-29T20:54:41.421Z,BAT,Batesville,dd7385f2-fbd4-41a4-afcd-7296aca5e198,SAMMS-Batesville
202608292054381652,202608291904436748,202608291904434406,85,3968,Bronze INV,br_ReAssessmentPhysicalHealth,TASK_COMPLETE,SUCCESS,INFO,461,461,0,,2026-08-29T19:04:49.126Z,2026-08-29T20:54:41.421Z,6592,2026-08-29T20:54:41.421Z,BG,Bowling Green,dd7385f2-fbd4-41a4-afcd-7296aca5e198,SAMMS-BowlingGreen
202608292054381653,202608291904436749,202608291904434406,85,3969,Bronze INV,br_ReAssessmentPhysicalHealth,TASK_COMPLETE,SUCCESS,INFO,179,179,0,,2026-08-29T19:04:49.126Z,2026-08-29T20:54:41.421Z,6592,2026-08-29T20:54:41.421Z,BOI,Boise,dd7385f2-fbd4-41a4-afcd-7296aca5e198,SAMMS-Boise
202608292054381654,202608291904436750,202608291904434406,85,3976,Bronze INV,br_ReAssessmentPhysicalHealth,TASK_COMPLETE,SUCCESS,INFO,51,51,0,,2026-08-29T19:04:49.126Z,2026-08-29T20:54:41.421Z,6592,2026-08-29T20:54:41.421Z,CBCO,Coeur dAlene,dd7385f2-fbd4-41a4-afcd-7296aca5e198,SAMMS-CoeurdAleneV6
202608292054381655,202608291904436751,202608291904434406,85,3995,Bronze INV,br_ReAssessmentPhysicalHealth,TASK_COMPLETE,SUCCESS,INFO,0,0,0,,2026-08-29T19:04:49.126Z,2026-08-29T20:54:41.421Z,6592,2026-08-29T20:54:41.421Z,CON,Conway,dd7385f2-fbd4-41a4-afcd-7296aca5e198,SAMMS-Conway
202608292054381656,202608291904436752,202608291904434406,85,3996,Bronze INV,br_ReAssessmentPhysicalHealth,TASK_COMPLETE,SUCCESS,INFO,2590,2590,0,,2026-08-29T19:04:49.126Z,2026-08-29T20:54:41.421Z,6592,2026-08-29T20:54:41.421Z,D07,Medical Services Knox TN,dd7385f2-fbd4-41a4-afcd-7296aca5e198,SAMMS-KnoxvilleV6
202608292054381657,202608291904436753,202608291904434406,85,3997,Bronze INV,br_ReAssessmentPhysicalHealth,TASK_COMPLETE,SUCCESS,INFO,116,116,0,,2026-08-29T19:04:49.126Z,2026-08-29T20:54:41.421Z,6592,2026-08-29T20:54:41.421Z,D08,Madison,dd7385f2-fbd4-41a4-afcd-7296aca5e198,SAMMS-MadisonV6
202608292054381658,202608291904436754,202608291904434406,85,3999,Bronze INV,br_ReAssessmentPhysicalHealth,TASK_COMPLETE,SUCCESS,INFO,123,123,0,,2026-08-29T19:04:49.126Z,2026-08-29T20:54:41.421Z,6592,2026-08-29T20:54:41.421Z,D09,Murfreesboro,dd7385f2-fbd4-41a4-afcd-7296aca5e198,SAMMS-MurfreesboroV6
202608292054381659,202608291904436755,202608291904434406,85,4000,Bronze INV,br_ReAssessmentPhysicalHealth,TASK_COMPLETE,SUCCESS,INFO,337,337,0,,2026-08-29T19:04:49.126Z,2026-08-29T20:54:41.421Z,6592,2026-08-29T20:54:41.421Z,DA,Davenport,dd7385f2-fbd4-41a4-afcd-7296aca5e198,SAMMS-Davenport
202608292054381661,202608291904436756,202608291904434406,85,4001,Bronze INV,br_ReAssessmentPhysicalHealth,TASK_COMPLETE,SUCCESS,INFO,292,292,0,,2026-08-29T19:04:49.126Z,2026-08-29T20:54:41.421Z,6592,2026-08-29T20:54:41.421Z,DM,Des Moines,dd7385f2-fbd4-41a4-afcd-7296aca5e198,SAMMS-DesMoines
202608292054381662,202608291904436757,202608291904434406,85,4003,Bronze INV,br_ReAssessmentPhysicalHealth,TASK_COMPLETE,SUCCESS,INFO,530,530,0,,2026-08-29T19:04:49.126Z,2026-08-29T20:54:41.421Z,6592,2026-08-29T20:54:41.421Z,DRD-CO,Columbia MO,dd7385f2-fbd4-41a4-afcd-7296aca5e198,SAMMS-ColumbiaV5
202608292054381663,202608291904436758,202608291904434406,85,4004,Bronze INV,br_ReAssessmentPhysicalHealth,TASK_COMPLETE,SUCCESS,INFO,347,347,0,,2026-08-29T19:04:49.126Z,2026-08-29T20:54:41.421Z,6592,2026-08-29T20:54:41.421Z,DRD-KC,KC,dd7385f2-fbd4-41a4-afcd-7296aca5e198,SAMMS-KCv5
202608292054381664,202608291904436759,202608291904434406,85,4005,Bronze INV,br_ReAssessmentPhysicalHealth,TASK_COMPLETE,SUCCESS,INFO,1556,1556,0,,2026-08-29T19:04:49.126Z,2026-08-29T20:54:41.421Z,6592,2026-08-29T20:54:41.421Z,DRD-KVB,KVB,dd7385f2-fbd4-41a4-afcd-7296aca5e198,SAMMS-KVBv5
202608292054381665,202608291904436760,202608291904434406,85,4006,Bronze INV,br_ReAssessmentPhysicalHealth,TASK_COMPLETE,SUCCESS,INFO,1676,1676,0,,2026-08-29T19:04:49.126Z,2026-08-29T20:54:41.421Z,6592,2026-08-29T20:54:41.421Z,DRD-KVC,KVC,dd7385f2-fbd4-41a4-afcd-7296aca5e198,SAMMS-KVCv5
202608292054381666,202608291904436761,202608291904434406,85,4007,Bronze INV,br_ReAssessmentPhysicalHealth,TASK_COMPLETE,SUCCESS,INFO,3205,3205,0,,2026-08-29T19:04:49.126Z,2026-08-29T20:54:41.421Z,6592,2026-08-29T20:54:41.421Z,DRD-NOLA,NOLA,dd7385f2-fbd4-41a4-afcd-7296aca5e198,SAMMS-NOLAv5
202608292054381667,202608291904436762,202608291904434406,85,4008,Bronze INV,br_ReAssessmentPhysicalHealth,TASK_COMPLETE,SUCCESS,INFO,802,802,0,,2026-08-29T19:04:49.126Z,2026-08-29T20:54:41.421Z,6592,2026-08-29T20:54:41.421Z,DRD-SF,Springfield,dd7385f2-fbd4-41a4-afcd-7296aca5e198,SAMMS-SFv5
202608292054381668,202608291904436763,202608291904434406,85,4010,Bronze INV,br_ReAssessmentPhysicalHealth,TASK_COMPLETE,SUCCESS,INFO,261,261,0,,2026-08-29T19:04:49.126Z,2026-08-29T20:54:41.421Z,6592,2026-08-29T20:54:41.421Z,ELC,Elizabeth City,dd7385f2-fbd4-41a4-afcd-7296aca5e198,SAMMS-ElizabethCity
202608292054381669,202608291904436764,202608291904434406,85,4011,Bronze INV,br_ReAssessmentPhysicalHealth,TASK_COMPLETE,SUCCESS,INFO,128,128,0,,2026-08-29T19:04:49.126Z,2026-08-29T20:54:41.421Z,6592,2026-08-29T20:54:41.421Z,ET,Elizabethtown,dd7385f2-fbd4-41a4-afcd-7296aca5e198,SAMMS-Elizabethtown
202608292054381671,202608291904436765,202608291904434406,85,4012,Bronze INV,br_ReAssessmentPhysicalHealth,TASK_COMPLETE,SUCCESS,INFO,0,0,0,,2026-08-29T19:04:49.126Z,2026-08-29T20:54:41.421Z,6592,2026-08-29T20:54:41.421Z,FAY,Fayetteville,dd7385f2-fbd4-41a4-afcd-7296aca5e198,SAMMS-Fayetteville
202608292054381672,202608291904436766,202608291904434406,85,4013,Bronze INV,br_ReAssessmentPhysicalHealth,TASK_COMPLETE,SUCCESS,INFO,156,156,0,,2026-08-29T19:04:49.126Z,2026-08-29T20:54:41.421Z,6592,2026-08-29T20:54:41.421Z,FR,Frankfort,dd7385f2-fbd4-41a4-afcd-7296aca5e198,SAMMS-Frankfort
202608292054381673,202608291904436767,202608291904434406,85,4014,Bronze INV,br_ReAssessmentPhysicalHealth,TASK_COMPLETE,SUCCESS,INFO,0,0,0,,2026-08-29T19:04:49.126Z,2026-08-29T20:54:41.421Z,6592,2026-08-29T20:54:41.421Z,FS,Fort Smith,dd7385f2-fbd4-41a4-afcd-7296aca5e198,SAMMS-FortSmith
202608292054381674,202608291904436768,202608291904434406,85,4015,Bronze INV,br_ReAssessmentPhysicalHealth,TASK_COMPLETE,SUCCESS,INFO,471,471,0,,2026-08-29T19:04:49.126Z,2026-08-29T20:54:41.421Z,6592,2026-08-29T20:54:41.421Z,FW,Fort Wayne,dd7385f2-fbd4-41a4-afcd-7296aca5e198,SAMMS-FortWayne
202608292054381675,202608291904436769,202608291904434406,85,4016,Bronze INV,br_ReAssessmentPhysicalHealth,TASK_COMPLETE,SUCCESS,INFO,276,276,0,,2026-08-29T19:04:49.126Z,2026-08-29T20:54:41.421Z,6592,2026-08-29T20:54:41.421Z,GAL,Gaylord,dd7385f2-fbd4-41a4-afcd-7296aca5e198,SAMMS-Gaylord
202608292054381676,202608291904436770,202608291904434406,85,4020,Bronze INV,br_ReAssessmentPhysicalHealth,TASK_COMPLETE,SUCCESS,INFO,100,100,0,,2026-08-29T19:04:49.126Z,2026-08-29T20:54:41.421Z,6592,2026-08-29T20:54:41.421Z,HGT,Hagerstown,dd7385f2-fbd4-41a4-afcd-7296aca5e198,SAMMS-Hagerstown
202608292054381677,202608291904436771,202608291904434406,85,4021,Bronze INV,br_ReAssessmentPhysicalHealth,TASK_COMPLETE,SUCCESS,INFO,1727,1727,0,,2026-08-29T19:04:49.126Z,2026-08-29T20:54:41.421Z,6592,2026-08-29T20:54:41.421Z,HNT,Huntsville,dd7385f2-fbd4-41a4-afcd-7296aca5e198,SAMMS-Huntsville
202608292054381678,202608291904436772,202608291904434406,85,4022,Bronze INV,br_ReAssessmentPhysicalHealth,TASK_COMPLETE,SUCCESS,INFO,0,0,0,,2026-08-29T19:04:49.126Z,2026-08-29T20:54:41.421Z,6592,2026-08-29T20:54:41.421Z,HS,Hot Springs,dd7385f2-fbd4-41a4-afcd-7296aca5e198,SAMMS-HotSprings
202608292054381679,202608291904436773,202608291904434406,85,4023,Bronze INV,br_ReAssessmentPhysicalHealth,TASK_COMPLETE,SUCCESS,INFO,0,0,0,,2026-08-29T19:04:49.126Z,2026-08-29T20:54:41.421Z,6592,2026-08-29T20:54:41.421Z,JON,Jonesboro,dd7385f2-fbd4-41a4-afcd-7296aca5e198,SAMMS-Jonesboro
202608292054381680,202608291904436774,202608291904434406,85,4025,Bronze INV,br_ReAssessmentPhysicalHealth,TASK_COMPLETE,SUCCESS,INFO,448,448,0,,2026-08-29T19:04:49.126Z,2026-08-29T20:54:41.421Z,6592,2026-08-29T20:54:41.421Z,LAN,Lansing,dd7385f2-fbd4-41a4-afcd-7296aca5e198,SAMMS-Lansing
202608292054381681,202608291904436775,202608291904434406,85,4026,Bronze INV,br_ReAssessmentPhysicalHealth,TASK_COMPLETE,SUCCESS,INFO,1290,1290,0,,2026-08-29T19:04:49.126Z,2026-08-29T20:54:41.421Z,6592,2026-08-29T20:54:41.421Z,LO,Louisville,dd7385f2-fbd4-41a4-afcd-7296aca5e198,SAMMS-Louisville
202608292054381682,202608291904436776,202608291904434406,85,4027,Bronze INV,br_ReAssessmentPhysicalHealth,TASK_COMPLETE,SUCCESS,INFO,292,292,0,,2026-08-29T19:04:49.126Z,2026-08-29T20:54:41.421Z,6592,2026-08-29T20:54:41.421Z,LV1,Cheyenne,dd7385f2-fbd4-41a4-afcd-7296aca5e198,SAMMS-Cheyenne
202608292054381684,202608291904436777,202608291904434406,85,4028,Bronze INV,br_ReAssessmentPhysicalHealth,TASK_COMPLETE,SUCCESS,INFO,205,205,0,,2026-08-29T19:04:49.126Z,2026-08-29T20:54:41.421Z,6592,2026-08-29T20:54:41.421Z,LV2,Desert Inn,dd7385f2-fbd4-41a4-afcd-7296aca5e198,SAMMS-DesertInn
202608292054381685,202608291904436778,202608291904434406,85,4029,Bronze INV,br_ReAssessmentPhysicalHealth,TASK_COMPLETE,SUCCESS,INFO,110,110,0,,2026-08-29T19:04:49.126Z,2026-08-29T20:54:41.421Z,6592,2026-08-29T20:54:41.421Z,LV3,McDaniel,dd7385f2-fbd4-41a4-afcd-7296aca5e198,SAMMS-McDaniel
202608292054381686,202608291904436779,202608291904434406,85,4032,Bronze INV,br_ReAssessmentPhysicalHealth,TASK_COMPLETE,SUCCESS,INFO,358,358,0,,2026-08-29T19:04:49.126Z,2026-08-29T20:54:41.421Z,6592,2026-08-29T20:54:41.421Z,MNRE,Monroe,dd7385f2-fbd4-41a4-afcd-7296aca5e198,SAMMS-Monroe
202608292054381687,202608291904436780,202608291904434406,85,4033,Bronze INV,br_ReAssessmentPhysicalHealth,TASK_COMPLETE,SUCCESS,INFO,1427,1427,0,,2026-08-29T19:04:49.126Z,2026-08-29T20:54:41.421Z,6592,2026-08-29T20:54:41.421Z,MP,Mt. Pleasant,dd7385f2-fbd4-41a4-afcd-7296aca5e198,SAMMS-MtPleasant
202608292054381688,202608291904436781,202608291904434406,85,4034,Bronze INV,br_ReAssessmentPhysicalHealth,TASK_COMPLETE,SUCCESS,INFO,153,153,0,,2026-08-29T19:04:49.126Z,2026-08-29T20:54:41.421Z,6592,2026-08-29T20:54:41.421Z,MRD,Meridian,dd7385f2-fbd4-41a4-afcd-7296aca5e198,SAMMS-Meridian
202608292054381689,202608291904436782,202608291904434406,85,4039,Bronze INV,br_ReAssessmentPhysicalHealth,TASK_COMPLETE,SUCCESS,INFO,694,694,0,,2026-08-29T19:04:49.126Z,2026-08-29T20:54:41.421Z,6592,2026-08-29T20:54:41.421Z,NC,North Charleston,dd7385f2-fbd4-41a4-afcd-7296aca5e198,SAMMS-NorthCharleston
202608292054381690,202608291904436783,202608291904434406,85,4040,Bronze INV,br_ReAssessmentPhysicalHealth,TASK_COMPLETE,SUCCESS,INFO,0,0,0,,2026-08-29T19:04:49.126Z,2026-08-29T20:54:41.421Z,6592,2026-08-29T20:54:41.421Z,NLR,N. Little Rock,dd7385f2-fbd4-41a4-afcd-7296aca5e198,SAMMS-NLROBOT
202608292054381691,202608291904436784,202608291904434406,85,4041,Bronze INV,br_ReAssessmentPhysicalHealth,TASK_COMPLETE,SUCCESS,INFO,112,112,0,,2026-08-29T19:04:49.126Z,2026-08-29T20:54:41.421Z,6592,2026-08-29T20:54:41.421Z,PH,Phoenix,dd7385f2-fbd4-41a4-afcd-7296aca5e198,SAMMS-Phoenix
202608292054381692,202608291904436785,202608291904434406,85,4045,Bronze INV,br_ReAssessmentPhysicalHealth,TASK_COMPLETE,SUCCESS,INFO,216,216,0,,2026-08-29T19:04:49.126Z,2026-08-29T20:54:41.421Z,6592,2026-08-29T20:54:41.421Z,RE,Reno,dd7385f2-fbd4-41a4-afcd-7296aca5e198,SAMMS-Reno
202608292054381693,202608291904436786,202608291904434406,85,4046,Bronze INV,br_ReAssessmentPhysicalHealth,TASK_COMPLETE,SUCCESS,INFO,88,88,0,,2026-08-29T19:04:49.126Z,2026-08-29T20:54:41.421Z,6592,2026-08-29T20:54:41.421Z,RMD,Richmond,dd7385f2-fbd4-41a4-afcd-7296aca5e198,SAMMS-Richmond
202608292054381694,202608291904436787,202608291904434406,85,4047,Bronze INV,br_ReAssessmentPhysicalHealth,TASK_COMPLETE,SUCCESS,INFO,589,589,0,,2026-08-29T19:04:49.126Z,2026-08-29T20:54:41.421Z,6592,2026-08-29T20:54:41.421Z,SFN,Springfield North,dd7385f2-fbd4-41a4-afcd-7296aca5e198,SAMMS-SFNv5
202608292054381695,202608291904436788,202608291904434406,85,4048,Bronze INV,br_ReAssessmentPhysicalHealth,TASK_COMPLETE,SUCCESS,INFO,769,769,0,,2026-08-29T19:04:49.126Z,2026-08-29T20:54:41.421Z,6592,2026-08-29T20:54:41.421Z,SHP,Shreveport,dd7385f2-fbd4-41a4-afcd-7296aca5e198,SAMMS-Shreveport
202608292054381697,202608291904436789,202608291904434406,85,4050,Bronze INV,br_ReAssessmentPhysicalHealth,TASK_COMPLETE,SUCCESS,INFO,486,486,0,,2026-08-29T19:04:49.126Z,2026-08-29T20:54:41.421Z,6592,2026-08-29T20:54:41.421Z,STN,Staunton,dd7385f2-fbd4-41a4-afcd-7296aca5e198,SAMMS-Staunton
202608292054381698,202608291904436790,202608291904434406,85,4051,Bronze INV,br_ReAssessmentPhysicalHealth,TASK_COMPLETE,SUCCESS,INFO,225,225,0,,2026-08-29T19:04:49.126Z,2026-08-29T20:54:41.421Z,6592,2026-08-29T20:54:41.421Z,STVN,Stevenson,dd7385f2-fbd4-41a4-afcd-7296aca5e198,SAMMS-Stevenson
202608292054381699,202608291904436791,202608291904434406,85,4053,Bronze INV,br_ReAssessmentPhysicalHealth,TASK_COMPLETE,SUCCESS,INFO,174,174,0,,2026-08-29T19:04:49.126Z,2026-08-29T20:54:41.421Z,6592,2026-08-29T20:54:41.421Z,TE,Tempe,dd7385f2-fbd4-41a4-afcd-7296aca5e198,SAMMS-Tempe
202608292054381700,202608291904436792,202608291904434406,85,4054,Bronze INV,br_ReAssessmentPhysicalHealth,TASK_COMPLETE,SUCCESS,INFO,0,0,0,,2026-08-29T19:04:49.126Z,2026-08-29T20:54:41.421Z,6592,2026-08-29T20:54:41.421Z,TEX,Texarkana,dd7385f2-fbd4-41a4-afcd-7296aca5e198,SAMMS-Texarkana
202608292054381701,202608291904436793,202608291904434406,85,4055,Bronze INV,br_ReAssessmentPhysicalHealth,TASK_COMPLETE,SUCCESS,INFO,1084,1084,0,,2026-08-29T19:04:49.126Z,2026-08-29T20:54:41.421Z,6592,2026-08-29T20:54:41.421Z,TTCA,Bessemer,dd7385f2-fbd4-41a4-afcd-7296aca5e198,SAMMS-BessemerV5
202608292054381702,202608291904436794,202608291904434406,85,4056,Bronze INV,br_ReAssessmentPhysicalHealth,TASK_COMPLETE,SUCCESS,INFO,1321,1321,0,,2026-08-29T19:04:49.126Z,2026-08-29T20:54:41.421Z,6592,2026-08-29T20:54:41.421Z,TTCB,Cullman,dd7385f2-fbd4-41a4-afcd-7296aca5e198,SAMMS-CullmanV5
202608292054381703,202608291904436795,202608291904434406,85,4057,Bronze INV,br_ReAssessmentPhysicalHealth,TASK_COMPLETE,SUCCESS,INFO,945,945,0,,2026-08-29T19:04:49.126Z,2026-08-29T20:54:41.421Z,6592,2026-08-29T20:54:41.421Z,TTCC,Grand Bay,dd7385f2-fbd4-41a4-afcd-7296aca5e198,SAMMS-GrandBay
202608292054381704,202608291904436796,202608291904434406,85,4058,Bronze INV,br_ReAssessmentPhysicalHealth,TASK_COMPLETE,SUCCESS,INFO,15,15,0,,2026-08-29T19:04:49.126Z,2026-08-29T20:54:41.421Z,6592,2026-08-29T20:54:41.421Z,TU,Tucson,dd7385f2-fbd4-41a4-afcd-7296aca5e198,SAMMS-Tucson
202608292054381706,202608291904436797,202608291904434406,85,4060,Bronze INV,br_ReAssessmentPhysicalHealth,TASK_COMPLETE,SUCCESS,INFO,661,661,0,,2026-08-29T19:04:49.126Z,2026-08-29T20:54:41.421Z,6592,2026-08-29T20:54:41.421Z,V1,Memphis South,dd7385f2-fbd4-41a4-afcd-7296aca5e198,SAMMS-VCPHCS-I-MemphisV5
202608292054381707,202608291904436798,202608291904434406,85,4061,Bronze INV,br_ReAssessmentPhysicalHealth,TASK_COMPLETE,SUCCESS,INFO,1630,1630,0,,2026-08-29T19:04:49.126Z,2026-08-29T20:54:41.421Z,6592,2026-08-29T20:54:41.421Z,V10,Longmont,dd7385f2-fbd4-41a4-afcd-7296aca5e198,SAMMS-BoulderV5
202608292054381708,202608291904436799,202608291904434406,85,4062,Bronze INV,br_ReAssessmentPhysicalHealth,TASK_COMPLETE,SUCCESS,INFO,1517,1517,0,,2026-08-29T19:04:49.126Z,2026-08-29T20:54:41.421Z,6592,2026-08-29T20:54:41.421Z,V10A,Fort Collins,dd7385f2-fbd4-41a4-afcd-7296aca5e198,SAMMS-FortCollinsV5
202608292054381709,202608291904436800,202608291904434406,85,4063,Bronze INV,br_ReAssessmentPhysicalHealth,TASK_COMPLETE,SUCCESS,INFO,2876,2876,0,,2026-08-29T19:04:49.126Z,2026-08-29T20:54:41.421Z,6592,2026-08-29T20:54:41.421Z,V11,Westminster,dd7385f2-fbd4-41a4-afcd-7296aca5e198,SAMMS-VCPHCS-XI-NorthDenverV5
202608292054381710,202608291904436801,202608291904434406,85,4064,Bronze INV,br_ReAssessmentPhysicalHealth,TASK_COMPLETE,SUCCESS,INFO,3046,3046,0,,2026-08-29T19:04:49.126Z,2026-08-29T20:54:41.421Z,6592,2026-08-29T20:54:41.421Z,V12,Downtown Denver,dd7385f2-fbd4-41a4-afcd-7296aca5e198,SAMMS-VCPHCS-XII-DowntownDenverV5
202608292054381711,202608291904436802,202608291904434406,85,4065,Bronze INV,br_ReAssessmentPhysicalHealth,TASK_COMPLETE,SUCCESS,INFO,1144,1144,0,,2026-08-29T19:04:49.126Z,2026-08-29T20:54:41.421Z,6592,2026-08-29T20:54:41.421Z,V12A,Centennial,dd7385f2-fbd4-41a4-afcd-7296aca5e198,SAMMS-CentennialV5
202608292054381712,202608291904436803,202608291904434406,85,4066,Bronze INV,br_ReAssessmentPhysicalHealth,TASK_COMPLETE,SUCCESS,INFO,295,295,0,,2026-08-29T19:04:49.126Z,2026-08-29T20:54:41.421Z,6592,2026-08-29T20:54:41.421Z,V14,Overland Park,dd7385f2-fbd4-41a4-afcd-7296aca5e198,SAMMS-VCPHCS-XIV-BridgewayV5
202608292054381713,202608291904436804,202608291904434406,85,4067,Bronze INV,br_ReAssessmentPhysicalHealth,TASK_COMPLETE,SUCCESS,INFO,609,609,0,,2026-08-29T19:04:49.126Z,2026-08-29T20:54:41.421Z,6592,2026-08-29T20:54:41.421Z,V15,Joplin,dd7385f2-fbd4-41a4-afcd-7296aca5e198,SAMMS-JoplinV5
202608292054381714,202608291904436805,202608291904434406,85,4069,Bronze INV,br_ReAssessmentPhysicalHealth,TASK_COMPLETE,SUCCESS,INFO,906,906,0,,2026-08-29T19:04:49.126Z,2026-08-29T20:54:41.421Z,6592,2026-08-29T20:54:41.421Z,V17,Columbia TN,dd7385f2-fbd4-41a4-afcd-7296aca5e198,SAMMS-ColumbiaTNv5
202608292054381716,202608291904436806,202608291904434406,85,4071,Bronze INV,br_ReAssessmentPhysicalHealth,TASK_COMPLETE,SUCCESS,INFO,534,534,0,,2026-08-29T19:04:49.126Z,2026-08-29T20:54:41.421Z,6592,2026-08-29T20:54:41.421Z,V19,Jackson,dd7385f2-fbd4-41a4-afcd-7296aca5e198,SAMMS-JacksonV5
202608292054381717,202608291904436807,202608291904434406,85,4073,Bronze INV,br_ReAssessmentPhysicalHealth,TASK_COMPLETE,SUCCESS,INFO,1776,1776,0,,2026-08-29T19:04:49.126Z,2026-08-29T20:54:41.421Z,6592,2026-08-29T20:54:41.421Z,V20,Paris,dd7385f2-fbd4-41a4-afcd-7296aca5e198,SAMMS-ParisV5
202608292054381718,202608291904436808,202608291904434406,85,4074,Bronze INV,br_ReAssessmentPhysicalHealth,TASK_COMPLETE,SUCCESS,INFO,723,723,0,,2026-08-29T19:04:49.126Z,2026-08-29T20:54:41.421Z,6592,2026-08-29T20:54:41.421Z,V21,Memphis North,dd7385f2-fbd4-41a4-afcd-7296aca5e198,SAMMS-RaleighV5
202608292054381719,202608291904436809,202608291904434406,85,4077,Bronze INV,br_ReAssessmentPhysicalHealth,TASK_COMPLETE,SUCCESS,INFO,1786,1786,0,,2026-08-29T19:04:49.126Z,2026-08-29T20:54:41.421Z,6592,2026-08-29T20:54:41.421Z,V5,West Bank,dd7385f2-fbd4-41a4-afcd-7296aca5e198,SAMMS-NONTCv5
202608292054381720,202608291904436810,202608291904434406,85,4079,Bronze INV,br_ReAssessmentPhysicalHealth,TASK_COMPLETE,SUCCESS,INFO,146,146,0,,2026-08-29T19:04:49.126Z,2026-08-29T20:54:41.421Z,6592,2026-08-29T20:54:41.421Z,V5B,Houma,dd7385f2-fbd4-41a4-afcd-7296aca5e198,SAMMS-HoumaV6
202608292054381721,202608291904436811,202608291904434406,85,4080,Bronze INV,br_ReAssessmentPhysicalHealth,TASK_COMPLETE,SUCCESS,INFO,1917,1917,0,,2026-08-29T19:04:49.126Z,2026-08-29T20:54:41.421Z,6592,2026-08-29T20:54:41.421Z,V6,Lake Charles,dd7385f2-fbd4-41a4-afcd-7296aca5e198,SAMMS-LCv5
202608292054381722,202608291904436812,202608291904434406,85,4082,Bronze INV,br_ReAssessmentPhysicalHealth,TASK_COMPLETE,SUCCESS,INFO,744,744,0,,2026-08-29T19:04:49.126Z,2026-08-29T20:54:41.421Z,6592,2026-08-29T20:54:41.421Z,V8,Memphis Midtown,dd7385f2-fbd4-41a4-afcd-7296aca5e198,SAMMS-VCPHCS-VIII-MemphisV5
202608292054381723,202608291904436813,202608291904434406,85,4083,Bronze INV,br_ReAssessmentPhysicalHealth,TASK_COMPLETE,SUCCESS,INFO,1769,1769,0,,2026-08-29T19:04:49.126Z,2026-08-29T20:54:41.421Z,6592,2026-08-29T20:54:41.421Z,V9,Nashville,dd7385f2-fbd4-41a4-afcd-7296aca5e198,SAMMS-NashvilleV5
202608292054381724,202608291904436814,202608291904434406,85,4084,Bronze INV,br_ReAssessmentPhysicalHealth,TASK_COMPLETE,SUCCESS,INFO,842,842,0,,2026-08-29T19:04:49.126Z,2026-08-29T20:54:41.421Z,6592,2026-08-29T20:54:41.421Z,VBRA,Brainerd,dd7385f2-fbd4-41a4-afcd-7296aca5e198,SAMMS-BrainerdV6
202609012114518701,202609011903672178,202609011903672005,85,1983,Bronze INV,br_Bottle,TASK_COMPLETE,SUCCESS,INFO,82086,82086,0,,2026-09-01T19:04:17.664Z,2026-09-01T21:14:55.846Z,7838,2026-09-01T21:14:55.846Z,DRD-NOLA,NOLA,0e5f68b5-5669-4bb1-91ce-4b967b620e7d,SAMMS-NOLAv5
202609012114518702,202609011903672179,202609011903672005,85,1984,Bronze INV,br_Bottle,TASK_COMPLETE,SUCCESS,INFO,65494,65494,0,,2026-09-01T19:04:17.664Z,2026-09-01T21:14:55.846Z,7838,2026-09-01T21:14:55.846Z,DRD-SF,Springfield,0e5f68b5-5669-4bb1-91ce-4b967b620e7d,SAMMS-SFv5
202609012114518703,202609011903672180,202609011903672005,85,1986,Bronze INV,br_Bottle,TASK_COMPLETE,SUCCESS,INFO,4231,4231,0,,2026-09-01T19:04:17.664Z,2026-09-01T21:14:55.846Z,7838,2026-09-01T21:14:55.846Z,ELC,Elizabeth City,0e5f68b5-5669-4bb1-91ce-4b967b620e7d,SAMMS-ElizabethCity
202609012114518704,202609011903672181,202609011903672005,85,1987,Bronze INV,br_Bottle,TASK_COMPLETE,SUCCESS,INFO,3137,3137,0,,2026-09-01T19:04:17.664Z,2026-09-01T21:14:55.846Z,7838,2026-09-01T21:14:55.846Z,ET,Elizabethtown,0e5f68b5-5669-4bb1-91ce-4b967b620e7d,SAMMS-Elizabethtown
202609012114518705,202609011903672182,202609011903672005,85,1988,Bronze INV,br_Bottle,TASK_COMPLETE,SUCCESS,INFO,0,0,0,,2026-09-01T19:04:17.664Z,2026-09-01T21:14:55.846Z,7838,2026-09-01T21:14:55.846Z,FAY,Fayetteville,0e5f68b5-5669-4bb1-91ce-4b967b620e7d,SAMMS-Fayetteville
202609012114518707,202609011903672183,202609011903672005,85,1989,Bronze INV,br_Bottle,TASK_COMPLETE,SUCCESS,INFO,3007,3007,0,,2026-09-01T19:04:17.664Z,2026-09-01T21:14:55.846Z,7838,2026-09-01T21:14:55.846Z,FR,Frankfort,0e5f68b5-5669-4bb1-91ce-4b967b620e7d,SAMMS-Frankfort
202609012114518708,202609011903672184,202609011903672005,85,1990,Bronze INV,br_Bottle,TASK_COMPLETE,SUCCESS,INFO,0,0,0,,2026-09-01T19:04:17.664Z,2026-09-01T21:14:55.846Z,7838,2026-09-01T21:14:55.846Z,FS,Fort Smith,0e5f68b5-5669-4bb1-91ce-4b967b620e7d,SAMMS-FortSmith
202609012114518709,202609011903672185,202609011903672005,85,1991,Bronze INV,br_Bottle,TASK_COMPLETE,SUCCESS,INFO,6231,6231,0,,2026-09-01T19:04:17.664Z,2026-09-01T21:14:55.846Z,7838,2026-09-01T21:14:55.846Z,FW,Fort Wayne,0e5f68b5-5669-4bb1-91ce-4b967b620e7d,SAMMS-FortWayne
202609012114518710,202609011903672186,202609011903672005,85,1992,Bronze INV,br_Bottle,TASK_COMPLETE,SUCCESS,INFO,2969,2969,0,,2026-09-01T19:04:17.664Z,2026-09-01T21:14:55.846Z,7838,2026-09-01T21:14:55.846Z,GAL,Gaylord,0e5f68b5-5669-4bb1-91ce-4b967b620e7d,SAMMS-Gaylord
202609012114518711,202609011903672187,202609011903672005,85,1996,Bronze INV,br_Bottle,TASK_COMPLETE,SUCCESS,INFO,42722,42722,0,,2026-09-01T19:04:17.664Z,2026-09-01T21:14:55.846Z,7838,2026-09-01T21:14:55.846Z,HGT,Hagerstown,0e5f68b5-5669-4bb1-91ce-4b967b620e7d,SAMMS-Hagerstown
202609012114518712,202609011903672188,202609011903672005,85,1997,Bronze INV,br_Bottle,TASK_COMPLETE,SUCCESS,INFO,8069,8069,0,,2026-09-01T19:04:17.664Z,2026-09-01T21:14:55.846Z,7838,2026-09-01T21:14:55.846Z,HNT,Huntsville,0e5f68b5-5669-4bb1-91ce-4b967b620e7d,SAMMS-Huntsville
202609012114518713,202609011903672189,202609011903672005,85,1998,Bronze INV,br_Bottle,TASK_COMPLETE,SUCCESS,INFO,0,0,0,,2026-09-01T19:04:17.664Z,2026-09-01T21:14:55.846Z,7838,2026-09-01T21:14:55.846Z,HS,Hot Springs,0e5f68b5-5669-4bb1-91ce-4b967b620e7d,SAMMS-HotSprings
202609012114518714,202609011903672190,202609011903672005,85,1999,Bronze INV,br_Bottle,TASK_COMPLETE,SUCCESS,INFO,0,0,0,,2026-09-01T19:04:17.664Z,2026-09-01T21:14:55.846Z,7838,2026-09-01T21:14:55.846Z,JON,Jonesboro,0e5f68b5-5669-4bb1-91ce-4b967b620e7d,SAMMS-Jonesboro
202609012114518716,202609011903672191,202609011903672005,85,2001,Bronze INV,br_Bottle,TASK_COMPLETE,SUCCESS,INFO,2646,2646,0,,2026-09-01T19:04:17.664Z,2026-09-01T21:14:55.846Z,7838,2026-09-01T21:14:55.846Z,LAN,Lansing,0e5f68b5-5669-4bb1-91ce-4b967b620e7d,SAMMS-Lansing
202609012114518717,202609011903672192,202609011903672005,85,2002,Bronze INV,br_Bottle,TASK_COMPLETE,SUCCESS,INFO,7510,7510,0,,2026-09-01T19:04:17.664Z,2026-09-01T21:14:55.846Z,7838,2026-09-01T21:14:55.846Z,LO,Louisville,0e5f68b5-5669-4bb1-91ce-4b967b620e7d,SAMMS-Louisville
202609012114518718,202609011903672193,202609011903672005,85,2003,Bronze INV,br_Bottle,TASK_COMPLETE,SUCCESS,INFO,2816,2816,0,,2026-09-01T19:04:17.664Z,2026-09-01T21:14:55.846Z,7838,2026-09-01T21:14:55.846Z,LV1,Cheyenne,0e5f68b5-5669-4bb1-91ce-4b967b620e7d,SAMMS-Cheyenne
202609012114518719,202609011903672194,202609011903672005,85,2004,Bronze INV,br_Bottle,TASK_COMPLETE,SUCCESS,INFO,3017,3017,0,,2026-09-01T19:04:17.664Z,2026-09-01T21:14:55.846Z,7838,2026-09-01T21:14:55.846Z,LV2,Desert Inn,0e5f68b5-5669-4bb1-91ce-4b967b620e7d,SAMMS-DesertInn
202609012114518720,202609011903672195,202609011903672005,85,2005,Bronze INV,br_Bottle,TASK_COMPLETE,SUCCESS,INFO,1631,1631,0,,2026-09-01T19:04:17.664Z,2026-09-01T21:14:55.846Z,7838,2026-09-01T21:14:55.846Z,LV3,McDaniel,0e5f68b5-5669-4bb1-91ce-4b967b620e7d,SAMMS-McDaniel
202609012114518721,202609011903672196,202609011903672005,85,2008,Bronze INV,br_Bottle,TASK_COMPLETE,SUCCESS,INFO,2853,2853,0,,2026-09-01T19:04:17.664Z,2026-09-01T21:14:55.846Z,7838,2026-09-01T21:14:55.846Z,MNRE,Monroe,0e5f68b5-5669-4bb1-91ce-4b967b620e7d,SAMMS-Monroe
202609012114518722,202609011903672197,202609011903672005,85,2009,Bronze INV,br_Bottle,TASK_COMPLETE,SUCCESS,INFO,5224,5224,0,,2026-09-01T19:04:17.664Z,2026-09-01T21:14:55.846Z,7838,2026-09-01T21:14:55.846Z,MP,Mt. Pleasant,0e5f68b5-5669-4bb1-91ce-4b967b620e7d,SAMMS-MtPleasant
202609012114518724,202609011903672198,202609011903672005,85,2010,Bronze INV,br_Bottle,TASK_COMPLETE,SUCCESS,INFO,1381,1381,0,,2026-09-01T19:04:17.664Z,2026-09-01T21:14:55.846Z,7838,2026-09-01T21:14:55.846Z,MRD,Meridian,0e5f68b5-5669-4bb1-91ce-4b967b620e7d,SAMMS-Meridian
202609012114518725,202609011903672199,202609011903672005,85,2015,Bronze INV,br_Bottle,TASK_COMPLETE,SUCCESS,INFO,4315,4315,0,,2026-09-01T19:04:17.664Z,2026-09-01T21:14:55.846Z,7838,2026-09-01T21:14:55.846Z,NC,North Charleston,0e5f68b5-5669-4bb1-91ce-4b967b620e7d,SAMMS-NorthCharleston
202609012114518726,202609011903672200,202609011903672005,85,2016,Bronze INV,br_Bottle,TASK_COMPLETE,SUCCESS,INFO,0,0,0,,2026-09-01T19:04:17.664Z,2026-09-01T21:14:55.846Z,7838,2026-09-01T21:14:55.846Z,NLR,N. Little Rock,0e5f68b5-5669-4bb1-91ce-4b967b620e7d,SAMMS-NLROBOT
202609012114518727,202609011903672201,202609011903672005,85,2017,Bronze INV,br_Bottle,TASK_COMPLETE,SUCCESS,INFO,619,619,0,,2026-09-01T19:04:17.664Z,2026-09-01T21:14:55.846Z,7838,2026-09-01T21:14:55.846Z,PH,Phoenix,0e5f68b5-5669-4bb1-91ce-4b967b620e7d,SAMMS-Phoenix
202609012114518728,202609011903672202,202609011903672005,85,2021,Bronze INV,br_Bottle,TASK_COMPLETE,SUCCESS,INFO,2837,2837,0,,2026-09-01T19:04:17.664Z,2026-09-01T21:14:55.846Z,7838,2026-09-01T21:14:55.846Z,RE,Reno,0e5f68b5-5669-4bb1-91ce-4b967b620e7d,SAMMS-Reno
202609012114518729,202609011903672203,202609011903672005,85,2022,Bronze INV,br_Bottle,TASK_COMPLETE,SUCCESS,INFO,4133,4133,0,,2026-09-01T19:04:17.664Z,2026-09-01T21:14:55.846Z,7838,2026-09-01T21:14:55.846Z,RMD,Richmond,0e5f68b5-5669-4bb1-91ce-4b967b620e7d,SAMMS-Richmond
202609012114518730,202609011903672204,202609011903672005,85,2023,Bronze INV,br_Bottle,TASK_COMPLETE,SUCCESS,INFO,20197,20197,0,,2026-09-01T19:04:17.664Z,2026-09-01T21:14:55.846Z,7838,2026-09-01T21:14:55.846Z,SFN,Springfield North,0e5f68b5-5669-4bb1-91ce-4b967b620e7d,SAMMS-SFNv5
202609012114518731,202609011903672205,202609011903672005,85,2024,Bronze INV,br_Bottle,TASK_COMPLETE,SUCCESS,INFO,7765,7765,0,,2026-09-01T19:04:17.664Z,2026-09-01T21:14:55.846Z,7838,2026-09-01T21:14:55.846Z,SHP,Shreveport,0e5f68b5-5669-4bb1-91ce-4b967b620e7d,SAMMS-Shreveport
202609012114518733,202609011903672206,202609011903672005,85,2026,Bronze INV,br_Bottle,TASK_COMPLETE,SUCCESS,INFO,2611,2611,0,,2026-09-01T19:04:17.664Z,2026-09-01T21:14:55.846Z,7838,2026-09-01T21:14:55.846Z,STN,Staunton,0e5f68b5-5669-4bb1-91ce-4b967b620e7d,SAMMS-Staunton
202609012114518734,202609011903672207,202609011903672005,85,2027,Bronze INV,br_Bottle,TASK_COMPLETE,SUCCESS,INFO,925,925,0,,2026-09-01T19:04:17.664Z,2026-09-01T21:14:55.846Z,7838,2026-09-01T21:14:55.846Z,STVN,Stevenson,0e5f68b5-5669-4bb1-91ce-4b967b620e7d,SAMMS-Stevenson
202609012114518735,202609011903672208,202609011903672005,85,2029,Bronze INV,br_Bottle,TASK_COMPLETE,SUCCESS,INFO,712,712,0,,2026-09-01T19:04:17.664Z,2026-09-01T21:14:55.846Z,7838,2026-09-01T21:14:55.846Z,TE,Tempe,0e5f68b5-5669-4bb1-91ce-4b967b620e7d,SAMMS-Tempe
202609012114518736,202609011903672209,202609011903672005,85,2030,Bronze INV,br_Bottle,TASK_COMPLETE,SUCCESS,INFO,0,0,0,,2026-09-01T19:04:17.664Z,2026-09-01T21:14:55.846Z,7838,2026-09-01T21:14:55.846Z,TEX,Texarkana,0e5f68b5-5669-4bb1-91ce-4b967b620e7d,SAMMS-Texarkana
202609012114518737,202609011903672210,202609011903672005,85,2031,Bronze INV,br_Bottle,TASK_COMPLETE,SUCCESS,INFO,38677,38677,0,,2026-09-01T19:04:17.664Z,2026-09-01T21:14:55.846Z,7838,2026-09-01T21:14:55.846Z,TTCA,Bessemer,0e5f68b5-5669-4bb1-91ce-4b967b620e7d,SAMMS-BessemerV5
202609012114518738,202609011903672211,202609011903672005,85,2032,Bronze INV,br_Bottle,TASK_COMPLETE,SUCCESS,INFO,9680,9680,0,,2026-09-01T19:04:17.664Z,2026-09-01T21:14:55.846Z,7838,2026-09-01T21:14:55.846Z,TTCB,Cullman,0e5f68b5-5669-4bb1-91ce-4b967b620e7d,SAMMS-CullmanV5
202609012114518739,202609011903672212,202609011903672005,85,2033,Bronze INV,br_Bottle,TASK_COMPLETE,SUCCESS,INFO,12009,12009,0,,2026-09-01T19:04:17.664Z,2026-09-01T21:14:55.846Z,7838,2026-09-01T21:14:55.846Z,TTCC,Grand Bay,0e5f68b5-5669-4bb1-91ce-4b967b620e7d,SAMMS-GrandBay
202609012114518740,202609011903672213,202609011903672005,85,2034,Bronze INV,br_Bottle,TASK_COMPLETE,SUCCESS,INFO,581,581,0,,2026-09-01T19:04:17.664Z,2026-09-01T21:14:55.846Z,7838,2026-09-01T21:14:55.846Z,TU,Tucson,0e5f68b5-5669-4bb1-91ce-4b967b620e7d,SAMMS-Tucson
202609012114518742,202609011903672214,202609011903672005,85,2036,Bronze INV,br_Bottle,TASK_COMPLETE,SUCCESS,INFO,36471,36471,0,,2026-09-01T19:04:17.664Z,2026-09-01T21:14:55.846Z,7838,2026-09-01T21:14:55.846Z,V1,Memphis South,0e5f68b5-5669-4bb1-91ce-4b967b620e7d,SAMMS-VCPHCS-I-MemphisV5
202609012114518743,202609011903672215,202609011903672005,85,2037,Bronze INV,br_Bottle,TASK_COMPLETE,SUCCESS,INFO,11386,11386,0,,2026-09-01T19:04:17.664Z,2026-09-01T21:14:55.846Z,7838,2026-09-01T21:14:55.846Z,V10,Longmont,0e5f68b5-5669-4bb1-91ce-4b967b620e7d,SAMMS-BoulderV5
202609012114518744,202609011903672216,202609011903672005,85,2038,Bronze INV,br_Bottle,TASK_COMPLETE,SUCCESS,INFO,10742,10742,0,,2026-09-01T19:04:17.664Z,2026-09-01T21:14:55.846Z,7838,2026-09-01T21:14:55.846Z,V10A,Fort Collins,0e5f68b5-5669-4bb1-91ce-4b967b620e7d,SAMMS-FortCollinsV5
202609012114518745,202609011903672217,202609011903672005,85,2039,Bronze INV,br_Bottle,TASK_COMPLETE,SUCCESS,INFO,21449,21449,0,,2026-09-01T19:04:17.664Z,2026-09-01T21:14:55.846Z,7838,2026-09-01T21:14:55.846Z,V11,Westminster,0e5f68b5-5669-4bb1-91ce-4b967b620e7d,SAMMS-VCPHCS-XI-NorthDenverV5
202609012114518746,202609011903672218,202609011903672005,85,2040,Bronze INV,br_Bottle,TASK_COMPLETE,SUCCESS,INFO,26177,26177,0,,2026-09-01T19:04:17.664Z,2026-09-01T21:14:55.846Z,7838,2026-09-01T21:14:55.846Z,V12,Downtown Denver,0e5f68b5-5669-4bb1-91ce-4b967b620e7d,SAMMS-VCPHCS-XII-DowntownDenverV5
202609012114518747,202609011903672219,202609011903672005,85,2041,Bronze INV,br_Bottle,TASK_COMPLETE,SUCCESS,INFO,6434,6434,0,,2026-09-01T19:04:17.664Z,2026-09-01T21:14:55.846Z,7838,2026-09-01T21:14:55.846Z,V12A,Centennial,0e5f68b5-5669-4bb1-91ce-4b967b620e7d,SAMMS-CentennialV5
202609012114518748,202609011903672220,202609011903672005,85,2042,Bronze INV,br_Bottle,TASK_COMPLETE,SUCCESS,INFO,12731,12731,0,,2026-09-01T19:04:17.664Z,2026-09-01T21:14:55.846Z,7838,2026-09-01T21:14:55.846Z,V14,Overland Park,0e5f68b5-5669-4bb1-91ce-4b967b620e7d,SAMMS-VCPHCS-XIV-BridgewayV5
202609012114518749,202609011903672221,202609011903672005,85,2043,Bronze INV,br_Bottle,TASK_COMPLETE,SUCCESS,INFO,14966,14966,0,,2026-09-01T19:04:17.664Z,2026-09-01T21:14:55.846Z,7838,2026-09-01T21:14:55.846Z,V15,Joplin,0e5f68b5-5669-4bb1-91ce-4b967b620e7d,SAMMS-JoplinV5
202609012114518751,202609011903672222,202609011903672005,85,2045,Bronze INV,br_Bottle,TASK_COMPLETE,SUCCESS,INFO,7060,7060,0,,2026-09-01T19:04:17.664Z,2026-09-01T21:14:55.846Z,7838,2026-09-01T21:14:55.846Z,V17,Columbia TN,0e5f68b5-5669-4bb1-91ce-4b967b620e7d,SAMMS-ColumbiaTNv5
202609012114518752,202609011903672223,202609011903672005,85,2047,Bronze INV,br_Bottle,TASK_COMPLETE,SUCCESS,INFO,38858,38858,0,,2026-09-01T19:04:17.664Z,2026-09-01T21:14:55.846Z,7838,2026-09-01T21:14:55.846Z,V19,Jackson,0e5f68b5-5669-4bb1-91ce-4b967b620e7d,SAMMS-JacksonV5
202609012114518753,202609011903672224,202609011903672005,85,2049,Bronze INV,br_Bottle,TASK_COMPLETE,SUCCESS,INFO,50518,50518,0,,2026-09-01T19:04:17.664Z,2026-09-01T21:14:55.846Z,7838,2026-09-01T21:14:55.846Z,V20,Paris,0e5f68b5-5669-4bb1-91ce-4b967b620e7d,SAMMS-ParisV5
202609012114518754,202609011903672225,202609011903672005,85,2050,Bronze INV,br_Bottle,TASK_COMPLETE,SUCCESS,INFO,36119,36119,0,,2026-09-01T19:04:17.664Z,2026-09-01T21:14:55.846Z,7838,2026-09-01T21:14:55.846Z,V21,Memphis North,0e5f68b5-5669-4bb1-91ce-4b967b620e7d,SAMMS-RaleighV5
202609012114518755,202609011903672226,202609011903672005,85,2053,Bronze INV,br_Bottle,TASK_COMPLETE,SUCCESS,INFO,67535,67535,0,,2026-09-01T19:04:17.664Z,2026-09-01T21:14:55.846Z,7838,2026-09-01T21:14:55.846Z,V5,West Bank,0e5f68b5-5669-4bb1-91ce-4b967b620e7d,SAMMS-NONTCv5
202609012114518756,202609011903672227,202609011903672005,85,2055,Bronze INV,br_Bottle,TASK_COMPLETE,SUCCESS,INFO,740,740,0,,2026-09-01T19:04:17.664Z,2026-09-01T21:14:55.846Z,7838,2026-09-01T21:14:55.846Z,V5B,Houma,0e5f68b5-5669-4bb1-91ce-4b967b620e7d,SAMMS-HoumaV6
202609012114518757,202609011903672228,202609011903672005,85,2056,Bronze INV,br_Bottle,TASK_COMPLETE,SUCCESS,INFO,40211,40211,0,,2026-09-01T19:04:17.664Z,2026-09-01T21:14:55.846Z,7838,2026-09-01T21:14:55.846Z,V6,Lake Charles,0e5f68b5-5669-4bb1-91ce-4b967b620e7d,SAMMS-LCv5
202609012114518758,202609011903672229,202609011903672005,85,2058,Bronze INV,br_Bottle,TASK_COMPLETE,SUCCESS,INFO,41828,41828,0,,2026-09-01T19:04:17.664Z,2026-09-01T21:14:55.846Z,7838,2026-09-01T21:14:55.846Z,V8,Memphis Midtown,0e5f68b5-5669-4bb1-91ce-4b967b620e7d,SAMMS-VCPHCS-VIII-MemphisV5
202609012114518760,202609011903672230,202609011903672005,85,2059,Bronze INV,br_Bottle,TASK_COMPLETE,SUCCESS,INFO,86805,86805,0,,2026-09-01T19:04:17.664Z,2026-09-01T21:14:55.846Z,7838,2026-09-01T21:14:55.846Z,V9,Nashville,0e5f68b5-5669-4bb1-91ce-4b967b620e7d,SAMMS-NashvilleV5
202609012114518761,202609011903672231,202609011903672005,85,2060,Bronze INV,br_Bottle,TASK_COMPLETE,SUCCESS,INFO,5563,5563,0,,2026-09-01T19:04:17.664Z,2026-09-01T21:14:55.846Z,7838,2026-09-01T21:14:55.846Z,VBRA,Brainerd,0e5f68b5-5669-4bb1-91ce-4b967b620e7d,SAMMS-BrainerdV6
202609012114518762,202609011903672232,202609011903672005,85,2061,Bronze INV,br_Bottle,TASK_COMPLETE,SUCCESS,INFO,12687,12687,0,,2026-09-01T19:04:17.664Z,2026-09-01T21:14:55.846Z,7838,2026-09-01T21:14:55.846Z,VBRP,Brooklyn Park,0e5f68b5-5669-4bb1-91ce-4b967b620e7d,SAMMS-BrooklynParkV6
202609012114518763,202609011903672233,202609011903672005,85,2063,Bronze INV,br_Bottle,TASK_COMPLETE,SUCCESS,INFO,7146,7146,0,,2026-09-01T19:04:17.664Z,2026-09-01T21:14:55.846Z,7838,2026-09-01T21:14:55.846Z,VMIN,Minneapolis,0e5f68b5-5669-4bb1-91ce-4b967b620e7d,SAMMS-MinneapolisV6
202609012114518764,202609011903672234,202609011903672005,85,2064,Bronze INV,br_Bottle,TASK_COMPLETE,SUCCESS,INFO,14990,14990,0,,2026-09-01T19:04:17.664Z,2026-09-01T21:14:55.846Z,7838,2026-09-01T21:14:55.846Z,VWBY,Woodbury,0e5f68b5-5669-4bb1-91ce-4b967b620e7d,SAMMS-WoodburyV6
202609012114518765,202609011903672235,202609011903672005,85,2066,Bronze INV,br_Bottle,TASK_COMPLETE,SUCCESS,INFO,6940,6940,0,,2026-09-01T19:04:17.664Z,2026-09-01T21:14:55.846Z,7838,2026-09-01T21:14:55.846Z,WIL,Wilson,0e5f68b5-5669-4bb1-91ce-4b967b620e7d,SAMMS-Wilson
202609012114518766,202609011903672236,202609011903672005,85,2622,Bronze INV,br_LiquidLog,TASK_COMPLETE,SUCCESS,INFO,32107,32107,0,,2026-09-01T19:04:17.664Z,2026-09-01T21:14:55.846Z,7838,2026-09-01T21:14:55.846Z,AHK,Ahoskie,0e5f68b5-5669-4bb1-91ce-4b967b620e7d,SAMMS-Ahoskie
202609012114518767,202609011903672237,202609011903672005,85,2623,Bronze INV,br_LiquidLog,TASK_COMPLETE,SUCCESS,INFO,63214,63214,0,,2026-09-01T19:04:17.664Z,2026-09-01T21:14:55.846Z,7838,2026-09-01T21:14:55.846Z,B12B,Colorado Springs,0e5f68b5-5669-4bb1-91ce-4b967b620e7d,SAMMS-ColoradoSpringsV5
202609012114518769,202609011903672238,202609011903672005,85,2624,Bronze INV,br_LiquidLog,TASK_COMPLETE,SUCCESS,INFO,268198,268198,0,,2026-09-01T19:04:17.664Z,2026-09-01T21:14:55.846Z,7838,2026-09-01T21:14:55.846Z,B24,Paintsville,0e5f68b5-5669-4bb1-91ce-4b967b620e7d,SAMMS-PaintsvilleV5
202609012114518770,202609011903672239,202609011903672005,85,2625,Bronze INV,br_LiquidLog,TASK_COMPLETE,SUCCESS,INFO,199851,199851,0,,2026-09-01T19:04:17.664Z,2026-09-01T21:14:55.846Z,7838,2026-09-01T21:14:55.846Z,B25,Pikeville,0e5f68b5-5669-4bb1-91ce-4b967b620e7d,SAMMS-PikevilleV5
202609012114518771,202609011903672240,202609011903672005,85,2626,Bronze INV,br_LiquidLog,TASK_COMPLETE,SUCCESS,INFO,477744,477744,0,,2026-09-01T19:04:17.664Z,2026-09-01T21:14:55.846Z,7838,2026-09-01T21:14:55.846Z,B26,Hazard,0e5f68b5-5669-4bb1-91ce-4b967b620e7d,SAMMS-HazardV5
202609012114518772,202609011903672241,202609011903672005,85,2627,Bronze INV,br_LiquidLog,TASK_COMPLETE,SUCCESS,INFO,50829,50829,0,,2026-09-01T19:04:17.664Z,2026-09-01T21:14:55.846Z,7838,2026-09-01T21:14:55.846Z,B27,Savannah,0e5f68b5-5669-4bb1-91ce-4b967b620e7d,SAMMS-SavannahV6
202609012114518773,202609011903672242,202609011903672005,85,2628,Bronze INV,br_LiquidLog,TASK_COMPLETE,SUCCESS,INFO,135246,135246,0,,2026-09-01T19:04:17.664Z,2026-09-01T21:14:55.846Z,7838,2026-09-01T21:14:55.846Z,B28,West Plains,0e5f68b5-5669-4bb1-91ce-4b967b620e7d,SAMMS-WestPlainesV5
202609012114518774,202609011903672243,202609011903672005,85,2629,Bronze INV,br_LiquidLog,TASK_COMPLETE,SUCCESS,INFO,93345,93345,0,,2026-09-01T19:04:17.664Z,2026-09-01T21:14:55.846Z,7838,2026-09-01T21:14:55.846Z,B29,Poplar Bluff,0e5f68b5-5669-4bb1-91ce-4b967b620e7d,SAMMS-PoplarBluffV5
202609012114518775,202609011903672244,202609011903672005,85,2630,Bronze INV,br_LiquidLog,TASK_COMPLETE,SUCCESS,INFO,50638,50638,0,,2026-09-01T19:04:17.664Z,2026-09-01T21:14:55.846Z,7838,2026-09-01T21:14:55.846Z,B30,KC North,0e5f68b5-5669-4bb1-91ce-4b967b620e7d,SAMMS-KCNv5
202609012114518776,202609011903672245,202609011903672005,85,2631,Bronze INV,br_LiquidLog,TASK_COMPLETE,SUCCESS,INFO,237410,237410,0,,2026-09-01T19:04:17.664Z,2026-09-01T21:14:55.846Z,7838,2026-09-01T21:14:55.846Z,B31,Dyersburg,0e5f68b5-5669-4bb1-91ce-4b967b620e7d,SAMMS-DyersburgV5
202609012114518778,202609011903672246,202609011903672005,85,2633,Bronze INV,br_LiquidLog,TASK_COMPLETE,SUCCESS,INFO,175434,175434,0,,2026-09-01T19:04:17.664Z,2026-09-01T21:14:55.846Z,7838,2026-09-01T21:14:55.846Z,B33,Paducah,0e5f68b5-5669-4bb1-91ce-4b967b620e7d,SAMMS-Paducah
202609012114518779,202609011903672247,202609011903672005,85,2634,Bronze INV,br_LiquidLog,TASK_COMPLETE,SUCCESS,INFO,281108,281108,0,,2026-09-01T19:04:17.664Z,2026-09-01T21:14:55.846Z,7838,2026-09-01T21:14:55.846Z,B34,Corbin,0e5f68b5-5669-4bb1-91ce-4b967b620e7d,SAMMS-CorbinV5
202609012114518780,202609011903672248,202609011903672005,85,2635,Bronze INV,br_LiquidLog,TASK_COMPLETE,SUCCESS,INFO,545368,545368,0,,2026-09-01T19:04:17.664Z,2026-09-01T21:14:55.846Z,7838,2026-09-01T21:14:55.846Z,B35,Lexington,0e5f68b5-5669-4bb1-91ce-4b967b620e7d,SAMMS-LexingtonV5
202609012114518781,202609011903672249,202609011903672005,85,2636,Bronze INV,br_LiquidLog,TASK_COMPLETE,SUCCESS,INFO,182089,182089,0,,2026-09-01T19:04:17.664Z,2026-09-01T21:14:55.846Z,7838,2026-09-01T21:14:55.846Z,B35A,Berea,0e5f68b5-5669-4bb1-91ce-4b967b620e7d,SAMMS-BereaV5
202609012114518782,202609011903672250,202609011903672005,85,2637,Bronze INV,br_LiquidLog,TASK_COMPLETE,SUCCESS,INFO,169371,169371,0,,2026-09-01T19:04:17.664Z,2026-09-01T21:14:55.846Z,7838,2026-09-01T21:14:55.846Z,B36,Asheville,0e5f68b5-5669-4bb1-91ce-4b967b620e7d,SAMMS-AshevilleV5
202609012114518783,202609011903672251,202609011903672005,85,2638,Bronze INV,br_LiquidLog,TASK_COMPLETE,SUCCESS,INFO,126476,126476,0,,2026-09-01T19:04:17.664Z,2026-09-01T21:14:55.846Z,7838,2026-09-01T21:14:55.846Z,B37,Clyde,0e5f68b5-5669-4bb1-91ce-4b967b620e7d,SAMMS-ClydeV5
202609012114518784,202609011903672252,202609011903672005,85,2639,Bronze INV,br_LiquidLog,TASK_COMPLETE,SUCCESS,INFO,195136,195136,0,,2026-09-01T19:04:17.664Z,2026-09-01T21:14:55.846Z,7838,2026-09-01T21:14:55.846Z,B38,Spartanburg,0e5f68b5-5669-4bb1-91ce-4b967b620e7d,SAMMS-SpartanburgV5
202609012114518786,202609011903672253,202609011903672005,85,2640,Bronze INV,br_LiquidLog,TASK_COMPLETE,SUCCESS,INFO,76955,76955,0,,2026-09-01T19:04:17.664Z,2026-09-01T21:14:55.846Z,7838,2026-09-01T21:14:55.846Z,B39,Aiken,0e5f68b5-5669-4bb1-91ce-4b967b620e7d,SAMMS-AikenV5
202609012114518787,202609011903672254,202609011903672005,85,2641,Bronze INV,br_LiquidLog,TASK_COMPLETE,SUCCESS,INFO,124448,124448,0,,2026-09-01T19:04:17.664Z,2026-09-01T21:14:55.846Z,7838,2026-09-01T21:14:55.846Z,B41,Chesapeake,0e5f68b5-5669-4bb1-91ce-4b967b620e7d,SAMMS-ChesapeakeV5
202609012114518788,202609011903672255,202609011903672005,85,2642,Bronze INV,br_LiquidLog,TASK_COMPLETE,SUCCESS,INFO,169498,169498,0,,2026-09-01T19:04:17.664Z,2026-09-01T21:14:55.846Z,7838,2026-09-01T21:14:55.846Z,B42,Virginia Beach,0e5f68b5-5669-4bb1-91ce-4b967b620e7d,SAMMS-VirginiaBeachV5
202609012114518789,202609011903672256,202609011903672005,85,2643,Bronze INV,br_LiquidLog,TASK_COMPLETE,SUCCESS,INFO,101898,101898,0,,2026-09-01T19:04:17.664Z,2026-09-01T21:14:55.846Z,7838,2026-09-01T21:14:55.846Z,B42A,Newport News,0e5f68b5-5669-4bb1-91ce-4b967b620e7d,SAMMS-NewportNewsV5
202609012114518790,202609011903672257,202609011903672005,85,2644,Bronze INV,br_LiquidLog,TASK_COMPLETE,SUCCESS,INFO,23639,23639,0,,2026-09-01T19:04:17.664Z,2026-09-01T21:14:55.846Z,7838,2026-09-01T21:14:55.846Z,B42B,Franklin,0e5f68b5-5669-4bb1-91ce-4b967b620e7d,SAMMS-FranklinV5
202609012114518791,202609011903672258,202609011903672005,85,2645,Bronze INV,br_LiquidLog,TASK_COMPLETE,SUCCESS,INFO,125620,125620,0,,2026-09-01T19:04:17.664Z,2026-09-01T21:14:55.846Z,7838,2026-09-01T21:14:55.846Z,B42C,Glen Allen,0e5f68b5-5669-4bb1-91ce-4b967b620e7d,SAMMS-GlenAllenV5
202609012114518792,202609011903672259,202609011903672005,85,2646,Bronze INV,br_LiquidLog,TASK_COMPLETE,SUCCESS,INFO,88816,88816,0,,2026-09-01T19:04:17.664Z,2026-09-01T21:14:55.846Z,7838,2026-09-01T21:14:55.846Z,B42D,Chesapeake South,0e5f68b5-5669-4bb1-91ce-4b967b620e7d,SAMMS-ChesapeakeSouthV5
202609012114518793,202609011903672260,202609011903672005,85,2647,Bronze INV,br_LiquidLog,TASK_COMPLETE,SUCCESS,INFO,79458,79458,0,,2026-09-01T19:04:17.664Z,2026-09-01T21:14:55.846Z,7838,2026-09-01T21:14:55.846Z,B44,Albany,0e5f68b5-5669-4bb1-91ce-4b967b620e7d,SAMMS-AlbanyV5
202609012114518795,202609011903672261,202609011903672005,85,2648,Bronze INV,br_LiquidLog,TASK_COMPLETE,SUCCESS,INFO,138412,138412,0,,2026-09-01T19:04:17.664Z,2026-09-01T21:14:55.846Z,7838,2026-09-01T21:14:55.846Z,B45,Tifton,0e5f68b5-5669-4bb1-91ce-4b967b620e7d,SAMMS-TiftonV5
202609012114518796,202609011903672262,202609011903672005,85,2649,Bronze INV,br_LiquidLog,TASK_COMPLETE,SUCCESS,INFO,134876,134876,0,,2026-09-01T19:04:17.664Z,2026-09-01T21:14:55.846Z,7838,2026-09-01T21:14:55.846Z,B46,Washington DC,0e5f68b5-5669-4bb1-91ce-4b967b620e7d,SAMMS-WashingtonDCv5
202609012114518797,202609011903672263,202609011903672005,85,2650,Bronze INV,br_LiquidLog,TASK_COMPLETE,SUCCESS,INFO,136484,136484,0,,2026-09-01T19:04:17.664Z,2026-09-01T21:14:55.846Z,7838,2026-09-01T21:14:55.846Z,B47,Mobile,0e5f68b5-5669-4bb1-91ce-4b967b620e7d,SAMMS-MobileV5
202608292054379120,202608291904434579,202608291904434406,85,1983,Bronze INV,br_Bottle,TASK_COMPLETE,SUCCESS,INFO,82086,82086,0,,2026-08-29T19:04:49.126Z,2026-08-29T20:54:41.421Z,6592,2026-08-29T20:54:41.421Z,DRD-NOLA,NOLA,dd7385f2-fbd4-41a4-afcd-7296aca5e198,SAMMS-NOLAv5
202608292054379121,202608291904434580,202608291904434406,85,1984,Bronze INV,br_Bottle,TASK_COMPLETE,SUCCESS,INFO,65494,65494,0,,2026-08-29T19:04:49.126Z,2026-08-29T20:54:41.421Z,6592,2026-08-29T20:54:41.421Z,DRD-SF,Springfield,dd7385f2-fbd4-41a4-afcd-7296aca5e198,SAMMS-SFv5
202608292054379122,202608291904434581,202608291904434406,85,1986,Bronze INV,br_Bottle,TASK_COMPLETE,SUCCESS,INFO,4231,4231,0,,2026-08-29T19:04:49.126Z,2026-08-29T20:54:41.421Z,6592,2026-08-29T20:54:41.421Z,ELC,Elizabeth City,dd7385f2-fbd4-41a4-afcd-7296aca5e198,SAMMS-ElizabethCity
202608292054379123,202608291904434582,202608291904434406,85,1987,Bronze INV,br_Bottle,TASK_COMPLETE,SUCCESS,INFO,3137,3137,0,,2026-08-29T19:04:49.126Z,2026-08-29T20:54:41.421Z,6592,2026-08-29T20:54:41.421Z,ET,Elizabethtown,dd7385f2-fbd4-41a4-afcd-7296aca5e198,SAMMS-Elizabethtown
202608292054379124,202608291904434583,202608291904434406,85,1988,Bronze INV,br_Bottle,TASK_COMPLETE,SUCCESS,INFO,0,0,0,,2026-08-29T19:04:49.126Z,2026-08-29T20:54:41.421Z,6592,2026-08-29T20:54:41.421Z,FAY,Fayetteville,dd7385f2-fbd4-41a4-afcd-7296aca5e198,SAMMS-Fayetteville
202608292054379126,202608291904434584,202608291904434406,85,1989,Bronze INV,br_Bottle,TASK_COMPLETE,SUCCESS,INFO,3007,3007,0,,2026-08-29T19:04:49.126Z,2026-08-29T20:54:41.421Z,6592,2026-08-29T20:54:41.421Z,FR,Frankfort,dd7385f2-fbd4-41a4-afcd-7296aca5e198,SAMMS-Frankfort
202608292054379127,202608291904434585,202608291904434406,85,1990,Bronze INV,br_Bottle,TASK_COMPLETE,SUCCESS,INFO,0,0,0,,2026-08-29T19:04:49.126Z,2026-08-29T20:54:41.421Z,6592,2026-08-29T20:54:41.421Z,FS,Fort Smith,dd7385f2-fbd4-41a4-afcd-7296aca5e198,SAMMS-FortSmith
202608292054379128,202608291904434586,202608291904434406,85,1991,Bronze INV,br_Bottle,TASK_COMPLETE,SUCCESS,INFO,6145,6145,0,,2026-08-29T19:04:49.126Z,2026-08-29T20:54:41.421Z,6592,2026-08-29T20:54:41.421Z,FW,Fort Wayne,dd7385f2-fbd4-41a4-afcd-7296aca5e198,SAMMS-FortWayne
202608292054379129,202608291904434587,202608291904434406,85,1992,Bronze INV,br_Bottle,TASK_COMPLETE,SUCCESS,INFO,2899,2899,0,,2026-08-29T19:04:49.126Z,2026-08-29T20:54:41.421Z,6592,2026-08-29T20:54:41.421Z,GAL,Gaylord,dd7385f2-fbd4-41a4-afcd-7296aca5e198,SAMMS-Gaylord
202608292054379130,202608291904434588,202608291904434406,85,1996,Bronze INV,br_Bottle,TASK_COMPLETE,SUCCESS,INFO,42722,42722,0,,2026-08-29T19:04:49.126Z,2026-08-29T20:54:41.421Z,6592,2026-08-29T20:54:41.421Z,HGT,Hagerstown,dd7385f2-fbd4-41a4-afcd-7296aca5e198,SAMMS-Hagerstown
202608292054379131,202608291904434589,202608291904434406,85,1997,Bronze INV,br_Bottle,TASK_COMPLETE,SUCCESS,INFO,8069,8069,0,,2026-08-29T19:04:49.126Z,2026-08-29T20:54:41.421Z,6592,2026-08-29T20:54:41.421Z,HNT,Huntsville,dd7385f2-fbd4-41a4-afcd-7296aca5e198,SAMMS-Huntsville
202608292054379133,202608291904434590,202608291904434406,85,1998,Bronze INV,br_Bottle,TASK_COMPLETE,SUCCESS,INFO,0,0,0,,2026-08-29T19:04:49.126Z,2026-08-29T20:54:41.421Z,6592,2026-08-29T20:54:41.421Z,HS,Hot Springs,dd7385f2-fbd4-41a4-afcd-7296aca5e198,SAMMS-HotSprings
202608292054379134,202608291904434591,202608291904434406,85,1999,Bronze INV,br_Bottle,TASK_COMPLETE,SUCCESS,INFO,0,0,0,,2026-08-29T19:04:49.126Z,2026-08-29T20:54:41.421Z,6592,2026-08-29T20:54:41.421Z,JON,Jonesboro,dd7385f2-fbd4-41a4-afcd-7296aca5e198,SAMMS-Jonesboro
202608292054379135,202608291904434592,202608291904434406,85,2001,Bronze INV,br_Bottle,TASK_COMPLETE,SUCCESS,INFO,2646,2646,0,,2026-08-29T19:04:49.126Z,2026-08-29T20:54:41.421Z,6592,2026-08-29T20:54:41.421Z,LAN,Lansing,dd7385f2-fbd4-41a4-afcd-7296aca5e198,SAMMS-Lansing
202608292054379136,202608291904434593,202608291904434406,85,2002,Bronze INV,br_Bottle,TASK_COMPLETE,SUCCESS,INFO,7360,7360,0,,2026-08-29T19:04:49.126Z,2026-08-29T20:54:41.421Z,6592,2026-08-29T20:54:41.421Z,LO,Louisville,dd7385f2-fbd4-41a4-afcd-7296aca5e198,SAMMS-Louisville
202608292054379137,202608291904434594,202608291904434406,85,2003,Bronze INV,br_Bottle,TASK_COMPLETE,SUCCESS,INFO,2816,2816,0,,2026-08-29T19:04:49.126Z,2026-08-29T20:54:41.421Z,6592,2026-08-29T20:54:41.421Z,LV1,Cheyenne,dd7385f2-fbd4-41a4-afcd-7296aca5e198,SAMMS-Cheyenne
202608292054379138,202608291904434595,202608291904434406,85,2004,Bronze INV,br_Bottle,TASK_COMPLETE,SUCCESS,INFO,3017,3017,0,,2026-08-29T19:04:49.126Z,2026-08-29T20:54:41.421Z,6592,2026-08-29T20:54:41.421Z,LV2,Desert Inn,dd7385f2-fbd4-41a4-afcd-7296aca5e198,SAMMS-DesertInn
202608292054379139,202608291904434596,202608291904434406,85,2005,Bronze INV,br_Bottle,TASK_COMPLETE,SUCCESS,INFO,1591,1591,0,,2026-08-29T19:04:49.126Z,2026-08-29T20:54:41.421Z,6592,2026-08-29T20:54:41.421Z,LV3,McDaniel,dd7385f2-fbd4-41a4-afcd-7296aca5e198,SAMMS-McDaniel
202608292054379141,202608291904434597,202608291904434406,85,2008,Bronze INV,br_Bottle,TASK_COMPLETE,SUCCESS,INFO,2853,2853,0,,2026-08-29T19:04:49.126Z,2026-08-29T20:54:41.421Z,6592,2026-08-29T20:54:41.421Z,MNRE,Monroe,dd7385f2-fbd4-41a4-afcd-7296aca5e198,SAMMS-Monroe
202608292054379142,202608291904434598,202608291904434406,85,2009,Bronze INV,br_Bottle,TASK_COMPLETE,SUCCESS,INFO,5224,5224,0,,2026-08-29T19:04:49.126Z,2026-08-29T20:54:41.421Z,6592,2026-08-29T20:54:41.421Z,MP,Mt. Pleasant,dd7385f2-fbd4-41a4-afcd-7296aca5e198,SAMMS-MtPleasant
202608292054379143,202608291904434599,202608291904434406,85,2010,Bronze INV,br_Bottle,TASK_COMPLETE,SUCCESS,INFO,1312,1312,0,,2026-08-29T19:04:49.126Z,2026-08-29T20:54:41.421Z,6592,2026-08-29T20:54:41.421Z,MRD,Meridian,dd7385f2-fbd4-41a4-afcd-7296aca5e198,SAMMS-Meridian
202608292054379144,202608291904434600,202608291904434406,85,2015,Bronze INV,br_Bottle,TASK_COMPLETE,SUCCESS,INFO,4315,4315,0,,2026-08-29T19:04:49.126Z,2026-08-29T20:54:41.421Z,6592,2026-08-29T20:54:41.421Z,NC,North Charleston,dd7385f2-fbd4-41a4-afcd-7296aca5e198,SAMMS-NorthCharleston
202608292054379145,202608291904434601,202608291904434406,85,2016,Bronze INV,br_Bottle,TASK_COMPLETE,SUCCESS,INFO,0,0,0,,2026-08-29T19:04:49.126Z,2026-08-29T20:54:41.421Z,6592,2026-08-29T20:54:41.421Z,NLR,N. Little Rock,dd7385f2-fbd4-41a4-afcd-7296aca5e198,SAMMS-NLROBOT
202608292054379146,202608291904434602,202608291904434406,85,2017,Bronze INV,br_Bottle,TASK_COMPLETE,SUCCESS,INFO,619,619,0,,2026-08-29T19:04:49.126Z,2026-08-29T20:54:41.421Z,6592,2026-08-29T20:54:41.421Z,PH,Phoenix,dd7385f2-fbd4-41a4-afcd-7296aca5e198,SAMMS-Phoenix
202608292054379147,202608291904434603,202608291904434406,85,2021,Bronze INV,br_Bottle,TASK_COMPLETE,SUCCESS,INFO,2837,2837,0,,2026-08-29T19:04:49.126Z,2026-08-29T20:54:41.421Z,6592,2026-08-29T20:54:41.421Z,RE,Reno,dd7385f2-fbd4-41a4-afcd-7296aca5e198,SAMMS-Reno
202608292054379149,202608291904434604,202608291904434406,85,2022,Bronze INV,br_Bottle,TASK_COMPLETE,SUCCESS,INFO,4133,4133,0,,2026-08-29T19:04:49.126Z,2026-08-29T20:54:41.421Z,6592,2026-08-29T20:54:41.421Z,RMD,Richmond,dd7385f2-fbd4-41a4-afcd-7296aca5e198,SAMMS-Richmond
202608292054379150,202608291904434605,202608291904434406,85,2023,Bronze INV,br_Bottle,TASK_COMPLETE,SUCCESS,INFO,20197,20197,0,,2026-08-29T19:04:49.126Z,2026-08-29T20:54:41.421Z,6592,2026-08-29T20:54:41.421Z,SFN,Springfield North,dd7385f2-fbd4-41a4-afcd-7296aca5e198,SAMMS-SFNv5
202608292054379151,202608291904434606,202608291904434406,85,2024,Bronze INV,br_Bottle,TASK_COMPLETE,SUCCESS,INFO,7765,7765,0,,2026-08-29T19:04:49.126Z,2026-08-29T20:54:41.421Z,6592,2026-08-29T20:54:41.421Z,SHP,Shreveport,dd7385f2-fbd4-41a4-afcd-7296aca5e198,SAMMS-Shreveport
202608292054379152,202608291904434607,202608291904434406,85,2026,Bronze INV,br_Bottle,TASK_COMPLETE,SUCCESS,INFO,2611,2611,0,,2026-08-29T19:04:49.126Z,2026-08-29T20:54:41.421Z,6592,2026-08-29T20:54:41.421Z,STN,Staunton,dd7385f2-fbd4-41a4-afcd-7296aca5e198,SAMMS-Staunton
202608292054379153,202608291904434608,202608291904434406,85,2027,Bronze INV,br_Bottle,TASK_COMPLETE,SUCCESS,INFO,925,925,0,,2026-08-29T19:04:49.126Z,2026-08-29T20:54:41.421Z,6592,2026-08-29T20:54:41.421Z,STVN,Stevenson,dd7385f2-fbd4-41a4-afcd-7296aca5e198,SAMMS-Stevenson
202608292054379154,202608291904434609,202608291904434406,85,2029,Bronze INV,br_Bottle,TASK_COMPLETE,SUCCESS,INFO,712,712,0,,2026-08-29T19:04:49.126Z,2026-08-29T20:54:41.421Z,6592,2026-08-29T20:54:41.421Z,TE,Tempe,dd7385f2-fbd4-41a4-afcd-7296aca5e198,SAMMS-Tempe
202608292054379156,202608291904434610,202608291904434406,85,2030,Bronze INV,br_Bottle,TASK_COMPLETE,SUCCESS,INFO,0,0,0,,2026-08-29T19:04:49.126Z,2026-08-29T20:54:41.421Z,6592,2026-08-29T20:54:41.421Z,TEX,Texarkana,dd7385f2-fbd4-41a4-afcd-7296aca5e198,SAMMS-Texarkana
202608292054379157,202608291904434611,202608291904434406,85,2031,Bronze INV,br_Bottle,TASK_COMPLETE,SUCCESS,INFO,38677,38677,0,,2026-08-29T19:04:49.126Z,2026-08-29T20:54:41.421Z,6592,2026-08-29T20:54:41.421Z,TTCA,Bessemer,dd7385f2-fbd4-41a4-afcd-7296aca5e198,SAMMS-BessemerV5
202608292054379158,202608291904434612,202608291904434406,85,2032,Bronze INV,br_Bottle,TASK_COMPLETE,SUCCESS,INFO,9680,9680,0,,2026-08-29T19:04:49.126Z,2026-08-29T20:54:41.421Z,6592,2026-08-29T20:54:41.421Z,TTCB,Cullman,dd7385f2-fbd4-41a4-afcd-7296aca5e198,SAMMS-CullmanV5
202608292054379159,202608291904434613,202608291904434406,85,2033,Bronze INV,br_Bottle,TASK_COMPLETE,SUCCESS,INFO,11509,11509,0,,2026-08-29T19:04:49.126Z,2026-08-29T20:54:41.421Z,6592,2026-08-29T20:54:41.421Z,TTCC,Grand Bay,dd7385f2-fbd4-41a4-afcd-7296aca5e198,SAMMS-GrandBay
202608292054379160,202608291904434614,202608291904434406,85,2034,Bronze INV,br_Bottle,TASK_COMPLETE,SUCCESS,INFO,581,581,0,,2026-08-29T19:04:49.126Z,2026-08-29T20:54:41.421Z,6592,2026-08-29T20:54:41.421Z,TU,Tucson,dd7385f2-fbd4-41a4-afcd-7296aca5e198,SAMMS-Tucson
202608292054379161,202608291904434615,202608291904434406,85,2036,Bronze INV,br_Bottle,TASK_COMPLETE,SUCCESS,INFO,36471,36471,0,,2026-08-29T19:04:49.126Z,2026-08-29T20:54:41.421Z,6592,2026-08-29T20:54:41.421Z,V1,Memphis South,dd7385f2-fbd4-41a4-afcd-7296aca5e198,SAMMS-VCPHCS-I-MemphisV5
202608292054379162,202608291904434616,202608291904434406,85,2037,Bronze INV,br_Bottle,TASK_COMPLETE,SUCCESS,INFO,11386,11386,0,,2026-08-29T19:04:49.126Z,2026-08-29T20:54:41.421Z,6592,2026-08-29T20:54:41.421Z,V10,Longmont,dd7385f2-fbd4-41a4-afcd-7296aca5e198,SAMMS-BoulderV5
202608292054379164,202608291904434617,202608291904434406,85,2038,Bronze INV,br_Bottle,TASK_COMPLETE,SUCCESS,INFO,10742,10742,0,,2026-08-29T19:04:49.126Z,2026-08-29T20:54:41.421Z,6592,2026-08-29T20:54:41.421Z,V10A,Fort Collins,dd7385f2-fbd4-41a4-afcd-7296aca5e198,SAMMS-FortCollinsV5
202608292054379165,202608291904434618,202608291904434406,85,2039,Bronze INV,br_Bottle,TASK_COMPLETE,SUCCESS,INFO,21449,21449,0,,2026-08-29T19:04:49.126Z,2026-08-29T20:54:41.421Z,6592,2026-08-29T20:54:41.421Z,V11,Westminster,dd7385f2-fbd4-41a4-afcd-7296aca5e198,SAMMS-VCPHCS-XI-NorthDenverV5
202608292054379166,202608291904434619,202608291904434406,85,2040,Bronze INV,br_Bottle,TASK_COMPLETE,SUCCESS,INFO,26177,26177,0,,2026-08-29T19:04:49.126Z,2026-08-29T20:54:41.421Z,6592,2026-08-29T20:54:41.421Z,V12,Downtown Denver,dd7385f2-fbd4-41a4-afcd-7296aca5e198,SAMMS-VCPHCS-XII-DowntownDenverV5
202608292054379167,202608291904434620,202608291904434406,85,2041,Bronze INV,br_Bottle,TASK_COMPLETE,SUCCESS,INFO,6434,6434,0,,2026-08-29T19:04:49.126Z,2026-08-29T20:54:41.421Z,6592,2026-08-29T20:54:41.421Z,V12A,Centennial,dd7385f2-fbd4-41a4-afcd-7296aca5e198,SAMMS-CentennialV5
202608292054379168,202608291904434621,202608291904434406,85,2042,Bronze INV,br_Bottle,TASK_COMPLETE,SUCCESS,INFO,12731,12731,0,,2026-08-29T19:04:49.126Z,2026-08-29T20:54:41.421Z,6592,2026-08-29T20:54:41.421Z,V14,Overland Park,dd7385f2-fbd4-41a4-afcd-7296aca5e198,SAMMS-VCPHCS-XIV-BridgewayV5
202608292054379170,202608291904434622,202608291904434406,85,2043,Bronze INV,br_Bottle,TASK_COMPLETE,SUCCESS,INFO,14966,14966,0,,2026-08-29T19:04:49.126Z,2026-08-29T20:54:41.421Z,6592,2026-08-29T20:54:41.421Z,V15,Joplin,dd7385f2-fbd4-41a4-afcd-7296aca5e198,SAMMS-JoplinV5
202608292054379171,202608291904434623,202608291904434406,85,2045,Bronze INV,br_Bottle,TASK_COMPLETE,SUCCESS,INFO,7060,7060,0,,2026-08-29T19:04:49.126Z,2026-08-29T20:54:41.421Z,6592,2026-08-29T20:54:41.421Z,V17,Columbia TN,dd7385f2-fbd4-41a4-afcd-7296aca5e198,SAMMS-ColumbiaTNv5
202608292054379172,202608291904434624,202608291904434406,85,2047,Bronze INV,br_Bottle,TASK_COMPLETE,SUCCESS,INFO,38858,38858,0,,2026-08-29T19:04:49.126Z,2026-08-29T20:54:41.421Z,6592,2026-08-29T20:54:41.421Z,V19,Jackson,dd7385f2-fbd4-41a4-afcd-7296aca5e198,SAMMS-JacksonV5
202608292054379173,202608291904434625,202608291904434406,85,2049,Bronze INV,br_Bottle,TASK_COMPLETE,SUCCESS,INFO,50518,50518,0,,2026-08-29T19:04:49.126Z,2026-08-29T20:54:41.421Z,6592,2026-08-29T20:54:41.421Z,V20,Paris,dd7385f2-fbd4-41a4-afcd-7296aca5e198,SAMMS-ParisV5
202608292054379174,202608291904434626,202608291904434406,85,2050,Bronze INV,br_Bottle,TASK_COMPLETE,SUCCESS,INFO,36119,36119,0,,2026-08-29T19:04:49.126Z,2026-08-29T20:54:41.421Z,6592,2026-08-29T20:54:41.421Z,V21,Memphis North,dd7385f2-fbd4-41a4-afcd-7296aca5e198,SAMMS-RaleighV5
202608292054379176,202608291904434627,202608291904434406,85,2053,Bronze INV,br_Bottle,TASK_COMPLETE,SUCCESS,INFO,67535,67535,0,,2026-08-29T19:04:49.126Z,2026-08-29T20:54:41.421Z,6592,2026-08-29T20:54:41.421Z,V5,West Bank,dd7385f2-fbd4-41a4-afcd-7296aca5e198,SAMMS-NONTCv5
202608292054379177,202608291904434628,202608291904434406,85,2055,Bronze INV,br_Bottle,TASK_COMPLETE,SUCCESS,INFO,740,740,0,,2026-08-29T19:04:49.126Z,2026-08-29T20:54:41.421Z,6592,2026-08-29T20:54:41.421Z,V5B,Houma,dd7385f2-fbd4-41a4-afcd-7296aca5e198,SAMMS-HoumaV6
202608292054379178,202608291904434629,202608291904434406,85,2056,Bronze INV,br_Bottle,TASK_COMPLETE,SUCCESS,INFO,40211,40211,0,,2026-08-29T19:04:49.126Z,2026-08-29T20:54:41.421Z,6592,2026-08-29T20:54:41.421Z,V6,Lake Charles,dd7385f2-fbd4-41a4-afcd-7296aca5e198,SAMMS-LCv5
202608292054379179,202608291904434630,202608291904434406,85,2058,Bronze INV,br_Bottle,TASK_COMPLETE,SUCCESS,INFO,41828,41828,0,,2026-08-29T19:04:49.126Z,2026-08-29T20:54:41.421Z,6592,2026-08-29T20:54:41.421Z,V8,Memphis Midtown,dd7385f2-fbd4-41a4-afcd-7296aca5e198,SAMMS-VCPHCS-VIII-MemphisV5
202608292054379180,202608291904434631,202608291904434406,85,2059,Bronze INV,br_Bottle,TASK_COMPLETE,SUCCESS,INFO,86805,86805,0,,2026-08-29T19:04:49.126Z,2026-08-29T20:54:41.421Z,6592,2026-08-29T20:54:41.421Z,V9,Nashville,dd7385f2-fbd4-41a4-afcd-7296aca5e198,SAMMS-NashvilleV5
202608292054379181,202608291904434632,202608291904434406,85,2060,Bronze INV,br_Bottle,TASK_COMPLETE,SUCCESS,INFO,5563,5563,0,,2026-08-29T19:04:49.126Z,2026-08-29T20:54:41.421Z,6592,2026-08-29T20:54:41.421Z,VBRA,Brainerd,dd7385f2-fbd4-41a4-afcd-7296aca5e198,SAMMS-BrainerdV6
202608292054379183,202608291904434633,202608291904434406,85,2061,Bronze INV,br_Bottle,TASK_COMPLETE,SUCCESS,INFO,12687,12687,0,,2026-08-29T19:04:49.126Z,2026-08-29T20:54:41.421Z,6592,2026-08-29T20:54:41.421Z,VBRP,Brooklyn Park,dd7385f2-fbd4-41a4-afcd-7296aca5e198,SAMMS-BrooklynParkV6
202608292054379184,202608291904434634,202608291904434406,85,2063,Bronze INV,br_Bottle,TASK_COMPLETE,SUCCESS,INFO,7146,7146,0,,2026-08-29T19:04:49.126Z,2026-08-29T20:54:41.421Z,6592,2026-08-29T20:54:41.421Z,VMIN,Minneapolis,dd7385f2-fbd4-41a4-afcd-7296aca5e198,SAMMS-MinneapolisV6
202608292054379185,202608291904434635,202608291904434406,85,2064,Bronze INV,br_Bottle,TASK_COMPLETE,SUCCESS,INFO,14990,14990,0,,2026-08-29T19:04:49.126Z,2026-08-29T20:54:41.421Z,6592,2026-08-29T20:54:41.421Z,VWBY,Woodbury,dd7385f2-fbd4-41a4-afcd-7296aca5e198,SAMMS-WoodburyV6
202608292054379186,202608291904434636,202608291904434406,85,2066,Bronze INV,br_Bottle,TASK_COMPLETE,SUCCESS,INFO,6940,6940,0,,2026-08-29T19:04:49.126Z,2026-08-29T20:54:41.421Z,6592,2026-08-29T20:54:41.421Z,WIL,Wilson,dd7385f2-fbd4-41a4-afcd-7296aca5e198,SAMMS-Wilson
202608292054379187,202608291904434637,202608291904434406,85,2622,Bronze INV,br_LiquidLog,TASK_COMPLETE,SUCCESS,INFO,31942,31942,0,,2026-08-29T19:04:49.126Z,2026-08-29T20:54:41.421Z,6592,2026-08-29T20:54:41.421Z,AHK,Ahoskie,dd7385f2-fbd4-41a4-afcd-7296aca5e198,SAMMS-Ahoskie
202608292054379188,202608291904434638,202608291904434406,85,2623,Bronze INV,br_LiquidLog,TASK_COMPLETE,SUCCESS,INFO,62823,62823,0,,2026-08-29T19:04:49.126Z,2026-08-29T20:54:41.421Z,6592,2026-08-29T20:54:41.421Z,B12B,Colorado Springs,dd7385f2-fbd4-41a4-afcd-7296aca5e198,SAMMS-ColoradoSpringsV5
202608292054379189,202608291904434639,202608291904434406,85,2624,Bronze INV,br_LiquidLog,TASK_COMPLETE,SUCCESS,INFO,268168,268168,0,,2026-08-29T19:04:49.126Z,2026-08-29T20:54:41.421Z,6592,2026-08-29T20:54:41.421Z,B24,Paintsville,dd7385f2-fbd4-41a4-afcd-7296aca5e198,SAMMS-PaintsvilleV5
202608292054379191,202608291904434640,202608291904434406,85,2625,Bronze INV,br_LiquidLog,TASK_COMPLETE,SUCCESS,INFO,198955,198955,0,,2026-08-29T19:04:49.126Z,2026-08-29T20:54:41.421Z,6592,2026-08-29T20:54:41.421Z,B25,Pikeville,dd7385f2-fbd4-41a4-afcd-7296aca5e198,SAMMS-PikevilleV5
202608292054379192,202608291904434641,202608291904434406,85,2626,Bronze INV,br_LiquidLog,TASK_COMPLETE,SUCCESS,INFO,478012,478012,0,,2026-08-29T19:04:49.126Z,2026-08-29T20:54:41.421Z,6592,2026-08-29T20:54:41.421Z,B26,Hazard,dd7385f2-fbd4-41a4-afcd-7296aca5e198,SAMMS-HazardV5
202608292054379193,202608291904434642,202608291904434406,85,2627,Bronze INV,br_LiquidLog,TASK_COMPLETE,SUCCESS,INFO,50851,50851,0,,2026-08-29T19:04:49.126Z,2026-08-29T20:54:41.421Z,6592,2026-08-29T20:54:41.421Z,B27,Savannah,dd7385f2-fbd4-41a4-afcd-7296aca5e198,SAMMS-SavannahV6
202608292054379194,202608291904434643,202608291904434406,85,2628,Bronze INV,br_LiquidLog,TASK_COMPLETE,SUCCESS,INFO,134811,134811,0,,2026-08-29T19:04:49.126Z,2026-08-29T20:54:41.421Z,6592,2026-08-29T20:54:41.421Z,B28,West Plains,dd7385f2-fbd4-41a4-afcd-7296aca5e198,SAMMS-WestPlainesV5
202608292054379196,202608291904434644,202608291904434406,85,2629,Bronze INV,br_LiquidLog,TASK_COMPLETE,SUCCESS,INFO,92718,92718,0,,2026-08-29T19:04:49.126Z,2026-08-29T20:54:41.421Z,6592,2026-08-29T20:54:41.421Z,B29,Poplar Bluff,dd7385f2-fbd4-41a4-afcd-7296aca5e198,SAMMS-PoplarBluffV5
202608292054379197,202608291904434645,202608291904434406,85,2630,Bronze INV,br_LiquidLog,TASK_COMPLETE,SUCCESS,INFO,50449,50449,0,,2026-08-29T19:04:49.126Z,2026-08-29T20:54:41.421Z,6592,2026-08-29T20:54:41.421Z,B30,KC North,dd7385f2-fbd4-41a4-afcd-7296aca5e198,SAMMS-KCNv5
202608292054379198,202608291904434646,202608291904434406,85,2631,Bronze INV,br_LiquidLog,TASK_COMPLETE,SUCCESS,INFO,237665,237665,0,,2026-08-29T19:04:49.126Z,2026-08-29T20:54:41.421Z,6592,2026-08-29T20:54:41.421Z,B31,Dyersburg,dd7385f2-fbd4-41a4-afcd-7296aca5e198,SAMMS-DyersburgV5
202608292054379199,202608291904434647,202608291904434406,85,2633,Bronze INV,br_LiquidLog,TASK_COMPLETE,SUCCESS,INFO,175088,175088,0,,2026-08-29T19:04:49.126Z,2026-08-29T20:54:41.421Z,6592,2026-08-29T20:54:41.421Z,B33,Paducah,dd7385f2-fbd4-41a4-afcd-7296aca5e198,SAMMS-Paducah
202608292054379200,202608291904434648,202608291904434406,85,2634,Bronze INV,br_LiquidLog,TASK_COMPLETE,SUCCESS,INFO,281215,281215,0,,2026-08-29T19:04:49.126Z,2026-08-29T20:54:41.421Z,6592,2026-08-29T20:54:41.421Z,B34,Corbin,dd7385f2-fbd4-41a4-afcd-7296aca5e198,SAMMS-CorbinV5
202608292054379201,202608291904434649,202608291904434406,85,2635,Bronze INV,br_LiquidLog,TASK_COMPLETE,SUCCESS,INFO,546265,546265,0,,2026-08-29T19:04:49.126Z,2026-08-29T20:54:41.421Z,6592,2026-08-29T20:54:41.421Z,B35,Lexington,dd7385f2-fbd4-41a4-afcd-7296aca5e198,SAMMS-LexingtonV5
202608292054379202,202608291904434650,202608291904434406,85,2636,Bronze INV,br_LiquidLog,TASK_COMPLETE,SUCCESS,INFO,181449,181449,0,,2026-08-29T19:04:49.126Z,2026-08-29T20:54:41.421Z,6592,2026-08-29T20:54:41.421Z,B35A,Berea,dd7385f2-fbd4-41a4-afcd-7296aca5e198,SAMMS-BereaV5
202608292054379204,202608291904434651,202608291904434406,85,2637,Bronze INV,br_LiquidLog,TASK_COMPLETE,SUCCESS,INFO,168827,168827,0,,2026-08-29T19:04:49.126Z,2026-08-29T20:54:41.421Z,6592,2026-08-29T20:54:41.421Z,B36,Asheville,dd7385f2-fbd4-41a4-afcd-7296aca5e198,SAMMS-AshevilleV5
202608292054379205,202608291904434652,202608291904434406,85,2638,Bronze INV,br_LiquidLog,TASK_COMPLETE,SUCCESS,INFO,126383,126383,0,,2026-08-29T19:04:49.126Z,2026-08-29T20:54:41.421Z,6592,2026-08-29T20:54:41.421Z,B37,Clyde,dd7385f2-fbd4-41a4-afcd-7296aca5e198,SAMMS-ClydeV5
202608292054379206,202608291904434653,202608291904434406,85,2639,Bronze INV,br_LiquidLog,TASK_COMPLETE,SUCCESS,INFO,195415,195415,0,,2026-08-29T19:04:49.126Z,2026-08-29T20:54:41.421Z,6592,2026-08-29T20:54:41.421Z,B38,Spartanburg,dd7385f2-fbd4-41a4-afcd-7296aca5e198,SAMMS-SpartanburgV5
202608292054379207,202608291904434654,202608291904434406,85,2640,Bronze INV,br_LiquidLog,TASK_COMPLETE,SUCCESS,INFO,76884,76884,0,,2026-08-29T19:04:49.126Z,2026-08-29T20:54:41.421Z,6592,2026-08-29T20:54:41.421Z,B39,Aiken,dd7385f2-fbd4-41a4-afcd-7296aca5e198,SAMMS-AikenV5
202608292054379208,202608291904434655,202608291904434406,85,2641,Bronze INV,br_LiquidLog,TASK_COMPLETE,SUCCESS,INFO,124887,124887,0,,2026-08-29T19:04:49.126Z,2026-08-29T20:54:41.421Z,6592,2026-08-29T20:54:41.421Z,B41,Chesapeake,dd7385f2-fbd4-41a4-afcd-7296aca5e198,SAMMS-ChesapeakeV5
202608292054379209,202608291904434656,202608291904434406,85,2642,Bronze INV,br_LiquidLog,TASK_COMPLETE,SUCCESS,INFO,169372,169372,0,,2026-08-29T19:04:49.126Z,2026-08-29T20:54:41.421Z,6592,2026-08-29T20:54:41.421Z,B42,Virginia Beach,dd7385f2-fbd4-41a4-afcd-7296aca5e198,SAMMS-VirginiaBeachV5
202608292054379211,202608291904434657,202608291904434406,85,2643,Bronze INV,br_LiquidLog,TASK_COMPLETE,SUCCESS,INFO,102139,102139,0,,2026-08-29T19:04:49.126Z,2026-08-29T20:54:41.421Z,6592,2026-08-29T20:54:41.421Z,B42A,Newport News,dd7385f2-fbd4-41a4-afcd-7296aca5e198,SAMMS-NewportNewsV5
202608292054379212,202608291904434658,202608291904434406,85,2644,Bronze INV,br_LiquidLog,TASK_COMPLETE,SUCCESS,INFO,23885,23885,0,,2026-08-29T19:04:49.126Z,2026-08-29T20:54:41.421Z,6592,2026-08-29T20:54:41.421Z,B42B,Franklin,dd7385f2-fbd4-41a4-afcd-7296aca5e198,SAMMS-FranklinV5
202608292054379213,202608291904434659,202608291904434406,85,2645,Bronze INV,br_LiquidLog,TASK_COMPLETE,SUCCESS,INFO,125338,125338,0,,2026-08-29T19:04:49.126Z,2026-08-29T20:54:41.421Z,6592,2026-08-29T20:54:41.421Z,B42C,Glen Allen,dd7385f2-fbd4-41a4-afcd-7296aca5e198,SAMMS-GlenAllenV5
202608292054379214,202608291904434660,202608291904434406,85,2646,Bronze INV,br_LiquidLog,TASK_COMPLETE,SUCCESS,INFO,89132,89132,0,,2026-08-29T19:04:49.126Z,2026-08-29T20:54:41.421Z,6592,2026-08-29T20:54:41.421Z,B42D,Chesapeake South,dd7385f2-fbd4-41a4-afcd-7296aca5e198,SAMMS-ChesapeakeSouthV5
202608292054379215,202608291904434661,202608291904434406,85,2647,Bronze INV,br_LiquidLog,TASK_COMPLETE,SUCCESS,INFO,79125,79125,0,,2026-08-29T19:04:49.126Z,2026-08-29T20:54:41.421Z,6592,2026-08-29T20:54:41.421Z,B44,Albany,dd7385f2-fbd4-41a4-afcd-7296aca5e198,SAMMS-AlbanyV5
202608292054379216,202608291904434662,202608291904434406,85,2648,Bronze INV,br_LiquidLog,TASK_COMPLETE,SUCCESS,INFO,140475,140475,0,,2026-08-29T19:04:49.126Z,2026-08-29T20:54:41.421Z,6592,2026-08-29T20:54:41.421Z,B45,Tifton,dd7385f2-fbd4-41a4-afcd-7296aca5e198,SAMMS-TiftonV5
202608292054379217,202608291904434663,202608291904434406,85,2649,Bronze INV,br_LiquidLog,TASK_COMPLETE,SUCCESS,INFO,134553,134553,0,,2026-08-29T19:04:49.126Z,2026-08-29T20:54:41.421Z,6592,2026-08-29T20:54:41.421Z,B46,Washington DC,dd7385f2-fbd4-41a4-afcd-7296aca5e198,SAMMS-WashingtonDCv5
202608292054379219,202608291904434664,202608291904434406,85,2650,Bronze INV,br_LiquidLog,TASK_COMPLETE,SUCCESS,INFO,136173,136173,0,,2026-08-29T19:04:49.126Z,2026-08-29T20:54:41.421Z,6592,2026-08-29T20:54:41.421Z,B47,Mobile,dd7385f2-fbd4-41a4-afcd-7296aca5e198,SAMMS-MobileV5
202609012114518798,202609011903672264,202609011903672005,85,2651,Bronze INV,br_LiquidLog,TASK_COMPLETE,SUCCESS,INFO,264234,264234,0,,2026-09-01T19:04:17.664Z,2026-09-01T21:14:55.846Z,7838,2026-09-01T21:14:55.846Z,B48,Tuscaloosa,0e5f68b5-5669-4bb1-91ce-4b967b620e7d,SAMMS-TuscaloosaV5
202609012114518799,202609011903672265,202609011903672005,85,2660,Bronze INV,br_LiquidLog,TASK_COMPLETE,SUCCESS,INFO,59459,59459,0,,2026-09-01T19:04:17.664Z,2026-09-01T21:14:55.846Z,7838,2026-09-01T21:14:55.846Z,B51,N. Little Rock (OTP),0e5f68b5-5669-4bb1-91ce-4b967b620e7d,SAMMS-NorthLittleRockV6
202609012114518800,202609011903672266,202609011903672005,85,2661,Bronze INV,br_LiquidLog,TASK_COMPLETE,SUCCESS,INFO,95811,95811,0,,2026-09-01T19:04:17.664Z,2026-09-01T21:14:55.846Z,7838,2026-09-01T21:14:55.846Z,B52,Jackson GA,0e5f68b5-5669-4bb1-91ce-4b967b620e7d,SAMMS-JacksonGAV5
202609012114518801,202609011903672267,202609011903672005,85,2662,Bronze INV,br_LiquidLog,TASK_COMPLETE,SUCCESS,INFO,239936,239936,0,,2026-09-01T19:04:17.664Z,2026-09-01T21:14:55.846Z,7838,2026-09-01T21:14:55.846Z,B54,Gadsden,0e5f68b5-5669-4bb1-91ce-4b967b620e7d,SAMMS-GadsdenV5
202609012114518803,202609011903672268,202609011903672005,85,2663,Bronze INV,br_LiquidLog,TASK_COMPLETE,SUCCESS,INFO,224933,224933,0,,2026-09-01T19:04:17.664Z,2026-09-01T21:14:55.846Z,7838,2026-09-01T21:14:55.846Z,B55,Shoals,0e5f68b5-5669-4bb1-91ce-4b967b620e7d,SAMMS-ShoalsV5
202609012114518804,202609011903672269,202609011903672005,85,2664,Bronze INV,br_LiquidLog,TASK_COMPLETE,SUCCESS,INFO,65051,65051,0,,2026-09-01T19:04:17.664Z,2026-09-01T21:14:55.846Z,7838,2026-09-01T21:14:55.846Z,B57,Pawtucket,0e5f68b5-5669-4bb1-91ce-4b967b620e7d,SAMMS-Pawtucket
202609012114518805,202609011903672270,202609011903672005,85,2665,Bronze INV,br_LiquidLog,TASK_COMPLETE,SUCCESS,INFO,73180,73180,0,,2026-09-01T19:04:17.664Z,2026-09-01T21:14:55.846Z,7838,2026-09-01T21:14:55.846Z,B57A,Johnston,0e5f68b5-5669-4bb1-91ce-4b967b620e7d,SAMMS-Johnston
202609012114518806,202609011903672271,202609011903672005,85,2666,Bronze INV,br_LiquidLog,TASK_COMPLETE,SUCCESS,INFO,19081,19081,0,,2026-09-01T19:04:17.664Z,2026-09-01T21:14:55.846Z,7838,2026-09-01T21:14:55.846Z,B57B,Middletown,0e5f68b5-5669-4bb1-91ce-4b967b620e7d,SAMMS-Middletown
202609012114518807,202609011903672272,202609011903672005,85,2667,Bronze INV,br_LiquidLog,TASK_COMPLETE,SUCCESS,INFO,38656,38656,0,,2026-09-01T19:04:17.664Z,2026-09-01T21:14:55.846Z,7838,2026-09-01T21:14:55.846Z,B57C,Providence,0e5f68b5-5669-4bb1-91ce-4b967b620e7d,SAMMS-Providence
202609012114518808,202609011903672273,202609011903672005,85,2668,Bronze INV,br_LiquidLog,TASK_COMPLETE,SUCCESS,INFO,65450,65450,0,,2026-09-01T19:04:17.664Z,2026-09-01T21:14:55.846Z,7838,2026-09-01T21:14:55.846Z,B57D,Westerly,0e5f68b5-5669-4bb1-91ce-4b967b620e7d,SAMMS-Westerly
202609012114518809,202609011903672274,202609011903672005,85,2672,Bronze INV,br_LiquidLog,TASK_COMPLETE,SUCCESS,INFO,0,0,0,,2026-09-01T19:04:17.664Z,2026-09-01T21:14:55.846Z,7838,2026-09-01T21:14:55.846Z,B66A,Bremen,0e5f68b5-5669-4bb1-91ce-4b967b620e7d,SAMMS-Bremen
202609012114518810,202609011903672275,202609011903672005,85,2675,Bronze INV,br_LiquidLog,TASK_COMPLETE,SUCCESS,INFO,0,0,0,,2026-09-01T19:04:17.664Z,2026-09-01T21:14:55.846Z,7838,2026-09-01T21:14:55.846Z,B72,Mobile (OBOT),0e5f68b5-5669-4bb1-91ce-4b967b620e7d,SAMMS-Mobile-OBOT
202609012114518812,202609011903672276,202609011903672005,85,2676,Bronze INV,br_LiquidLog,TASK_COMPLETE,SUCCESS,INFO,0,0,0,,2026-09-01T19:04:17.664Z,2026-09-01T21:14:55.846Z,7838,2026-09-01T21:14:55.846Z,B73,Montgomery,0e5f68b5-5669-4bb1-91ce-4b967b620e7d,SAMMS-Montgomery
202609012114518813,202609011903672277,202609011903672005,85,2677,Bronze INV,br_LiquidLog,TASK_COMPLETE,SUCCESS,INFO,61760,61760,0,,2026-09-01T19:04:17.664Z,2026-09-01T21:14:55.846Z,7838,2026-09-01T21:14:55.846Z,B75,Lawrence,0e5f68b5-5669-4bb1-91ce-4b967b620e7d,SAMMS-LawrenceV6
202609012114518814,202609011903672278,202609011903672005,85,2678,Bronze INV,br_LiquidLog,TASK_COMPLETE,SUCCESS,INFO,0,0,0,,2026-09-01T19:04:17.664Z,2026-09-01T21:14:55.846Z,7838,2026-09-01T21:14:55.846Z,B76,Huntsville OBOT,0e5f68b5-5669-4bb1-91ce-4b967b620e7d,SAMMS-Huntsville-OBOT
202609012114518815,202609011903672279,202609011903672005,85,2679,Bronze INV,br_LiquidLog,TASK_COMPLETE,SUCCESS,INFO,0,0,0,,2026-09-01T19:04:17.664Z,2026-09-01T21:14:55.846Z,7838,2026-09-01T21:14:55.846Z,BAT,Batesville,0e5f68b5-5669-4bb1-91ce-4b967b620e7d,SAMMS-Batesville
202609012114518816,202609011903672280,202609011903672005,85,2680,Bronze INV,br_LiquidLog,TASK_COMPLETE,SUCCESS,INFO,126052,126052,0,,2026-09-01T19:04:17.664Z,2026-09-01T21:14:55.846Z,7838,2026-09-01T21:14:55.846Z,BG,Bowling Green,0e5f68b5-5669-4bb1-91ce-4b967b620e7d,SAMMS-BowlingGreen
202609012114518817,202609011903672281,202609011903672005,85,2681,Bronze INV,br_LiquidLog,TASK_COMPLETE,SUCCESS,INFO,52305,52305,0,,2026-09-01T19:04:17.664Z,2026-09-01T21:14:55.846Z,7838,2026-09-01T21:14:55.846Z,BOI,Boise,0e5f68b5-5669-4bb1-91ce-4b967b620e7d,SAMMS-Boise
202609012114518818,202609011903672282,202609011903672005,85,2688,Bronze INV,br_LiquidLog,TASK_COMPLETE,SUCCESS,INFO,29537,29537,0,,2026-09-01T19:04:17.664Z,2026-09-01T21:14:55.846Z,7838,2026-09-01T21:14:55.846Z,CBCO,Coeur dAlene,0e5f68b5-5669-4bb1-91ce-4b967b620e7d,SAMMS-CoeurdAleneV6
202609012114518819,202609011903672283,202609011903672005,85,2707,Bronze INV,br_LiquidLog,TASK_COMPLETE,SUCCESS,INFO,0,0,0,,2026-09-01T19:04:17.664Z,2026-09-01T21:14:55.846Z,7838,2026-09-01T21:14:55.846Z,CON,Conway,0e5f68b5-5669-4bb1-91ce-4b967b620e7d,SAMMS-Conway
202609012114518821,202609011903672284,202609011903672005,85,2708,Bronze INV,br_LiquidLog,TASK_COMPLETE,SUCCESS,INFO,0,0,0,,2026-09-01T19:04:17.664Z,2026-09-01T21:14:55.846Z,7838,2026-09-01T21:14:55.846Z,D07,Medical Services Knox TN,0e5f68b5-5669-4bb1-91ce-4b967b620e7d,SAMMS-KnoxvilleV6
202609012114518822,202609011903672285,202609011903672005,85,2709,Bronze INV,br_LiquidLog,TASK_COMPLETE,SUCCESS,INFO,93246,93246,0,,2026-09-01T19:04:17.664Z,2026-09-01T21:14:55.846Z,7838,2026-09-01T21:14:55.846Z,D08,Madison,0e5f68b5-5669-4bb1-91ce-4b967b620e7d,SAMMS-MadisonV6
202609012114518823,202609011903672286,202609011903672005,85,2711,Bronze INV,br_LiquidLog,TASK_COMPLETE,SUCCESS,INFO,146314,146314,0,,2026-09-01T19:04:17.664Z,2026-09-01T21:14:55.846Z,7838,2026-09-01T21:14:55.846Z,D09,Murfreesboro,0e5f68b5-5669-4bb1-91ce-4b967b620e7d,SAMMS-MurfreesboroV6
202609012114518824,202609011903672287,202609011903672005,85,2712,Bronze INV,br_LiquidLog,TASK_COMPLETE,SUCCESS,INFO,70928,70928,0,,2026-09-01T19:04:17.664Z,2026-09-01T21:14:55.846Z,7838,2026-09-01T21:14:55.846Z,DA,Davenport,0e5f68b5-5669-4bb1-91ce-4b967b620e7d,SAMMS-Davenport
202609012114518825,202609011903672288,202609011903672005,85,2713,Bronze INV,br_LiquidLog,TASK_COMPLETE,SUCCESS,INFO,65074,65074,0,,2026-09-01T19:04:17.664Z,2026-09-01T21:14:55.846Z,7838,2026-09-01T21:14:55.846Z,DM,Des Moines,0e5f68b5-5669-4bb1-91ce-4b967b620e7d,SAMMS-DesMoines
202609012114518826,202609011903672289,202609011903672005,85,2715,Bronze INV,br_LiquidLog,TASK_COMPLETE,SUCCESS,INFO,155631,155631,0,,2026-09-01T19:04:17.664Z,2026-09-01T21:14:55.846Z,7838,2026-09-01T21:14:55.846Z,DRD-CO,Columbia MO,0e5f68b5-5669-4bb1-91ce-4b967b620e7d,SAMMS-ColumbiaV5
202609012114518827,202609011903672290,202609011903672005,85,2716,Bronze INV,br_LiquidLog,TASK_COMPLETE,SUCCESS,INFO,157597,157597,0,,2026-09-01T19:04:17.664Z,2026-09-01T21:14:55.846Z,7838,2026-09-01T21:14:55.846Z,DRD-KC,KC,0e5f68b5-5669-4bb1-91ce-4b967b620e7d,SAMMS-KCv5
202609012114518828,202609011903672291,202609011903672005,85,2717,Bronze INV,br_LiquidLog,TASK_COMPLETE,SUCCESS,INFO,506223,506223,0,,2026-09-01T19:04:17.664Z,2026-09-01T21:14:55.846Z,7838,2026-09-01T21:14:55.846Z,DRD-KVB,KVB,0e5f68b5-5669-4bb1-91ce-4b967b620e7d,SAMMS-KVBv5
202609012114518830,202609011903672292,202609011903672005,85,2718,Bronze INV,br_LiquidLog,TASK_COMPLETE,SUCCESS,INFO,572901,572901,0,,2026-09-01T19:04:17.664Z,2026-09-01T21:14:55.846Z,7838,2026-09-01T21:14:55.846Z,DRD-KVC,KVC,0e5f68b5-5669-4bb1-91ce-4b967b620e7d,SAMMS-KVCv5
202609012114518831,202609011903672293,202609011903672005,85,2719,Bronze INV,br_LiquidLog,TASK_COMPLETE,SUCCESS,INFO,490312,490312,0,,2026-09-01T19:04:17.664Z,2026-09-01T21:14:55.846Z,7838,2026-09-01T21:14:55.846Z,DRD-NOLA,NOLA,0e5f68b5-5669-4bb1-91ce-4b967b620e7d,SAMMS-NOLAv5
202609012114518832,202609011903672294,202609011903672005,85,2720,Bronze INV,br_LiquidLog,TASK_COMPLETE,SUCCESS,INFO,266614,266614,0,,2026-09-01T19:04:17.664Z,2026-09-01T21:14:55.846Z,7838,2026-09-01T21:14:55.846Z,DRD-SF,Springfield,0e5f68b5-5669-4bb1-91ce-4b967b620e7d,SAMMS-SFv5
202609012114518833,202609011903672295,202609011903672005,85,2722,Bronze INV,br_LiquidLog,TASK_COMPLETE,SUCCESS,INFO,83497,83497,0,,2026-09-01T19:04:17.664Z,2026-09-01T21:14:55.846Z,7838,2026-09-01T21:14:55.846Z,ELC,Elizabeth City,0e5f68b5-5669-4bb1-91ce-4b967b620e7d,SAMMS-ElizabethCity
202609012114518834,202609011903672296,202609011903672005,85,2723,Bronze INV,br_LiquidLog,TASK_COMPLETE,SUCCESS,INFO,94748,94748,0,,2026-09-01T19:04:17.664Z,2026-09-01T21:14:55.846Z,7838,2026-09-01T21:14:55.846Z,ET,Elizabethtown,0e5f68b5-5669-4bb1-91ce-4b967b620e7d,SAMMS-Elizabethtown
202609012114518835,202609011903672297,202609011903672005,85,2724,Bronze INV,br_LiquidLog,TASK_COMPLETE,SUCCESS,INFO,0,0,0,,2026-09-01T19:04:17.664Z,2026-09-01T21:14:55.846Z,7838,2026-09-01T21:14:55.846Z,FAY,Fayetteville,0e5f68b5-5669-4bb1-91ce-4b967b620e7d,SAMMS-Fayetteville
202609012114518836,202609011903672298,202609011903672005,85,2725,Bronze INV,br_LiquidLog,TASK_COMPLETE,SUCCESS,INFO,99321,99321,0,,2026-09-01T19:04:17.664Z,2026-09-01T21:14:55.846Z,7838,2026-09-01T21:14:55.846Z,FR,Frankfort,0e5f68b5-5669-4bb1-91ce-4b967b620e7d,SAMMS-Frankfort
202609012114518837,202609011903672299,202609011903672005,85,2726,Bronze INV,br_LiquidLog,TASK_COMPLETE,SUCCESS,INFO,0,0,0,,2026-09-01T19:04:17.664Z,2026-09-01T21:14:55.846Z,7838,2026-09-01T21:14:55.846Z,FS,Fort Smith,0e5f68b5-5669-4bb1-91ce-4b967b620e7d,SAMMS-FortSmith
202609012114518839,202609011903672300,202609011903672005,85,2727,Bronze INV,br_LiquidLog,TASK_COMPLETE,SUCCESS,INFO,205435,205435,0,,2026-09-01T19:04:17.664Z,2026-09-01T21:14:55.846Z,7838,2026-09-01T21:14:55.846Z,FW,Fort Wayne,0e5f68b5-5669-4bb1-91ce-4b967b620e7d,SAMMS-FortWayne
202609012114518840,202609011903672301,202609011903672005,85,2728,Bronze INV,br_LiquidLog,TASK_COMPLETE,SUCCESS,INFO,83968,83968,0,,2026-09-01T19:04:17.664Z,2026-09-01T21:14:55.846Z,7838,2026-09-01T21:14:55.846Z,GAL,Gaylord,0e5f68b5-5669-4bb1-91ce-4b967b620e7d,SAMMS-Gaylord
202609012114518841,202609011903672302,202609011903672005,85,2732,Bronze INV,br_LiquidLog,TASK_COMPLETE,SUCCESS,INFO,183626,183626,0,,2026-09-01T19:04:17.664Z,2026-09-01T21:14:55.846Z,7838,2026-09-01T21:14:55.846Z,HGT,Hagerstown,0e5f68b5-5669-4bb1-91ce-4b967b620e7d,SAMMS-Hagerstown
202609012114518842,202609011903672303,202609011903672005,85,2733,Bronze INV,br_LiquidLog,TASK_COMPLETE,SUCCESS,INFO,167481,167481,0,,2026-09-01T19:04:17.664Z,2026-09-01T21:14:55.846Z,7838,2026-09-01T21:14:55.846Z,HNT,Huntsville,0e5f68b5-5669-4bb1-91ce-4b967b620e7d,SAMMS-Huntsville
202609012114518843,202609011903672304,202609011903672005,85,2734,Bronze INV,br_LiquidLog,TASK_COMPLETE,SUCCESS,INFO,0,0,0,,2026-09-01T19:04:17.664Z,2026-09-01T21:14:55.846Z,7838,2026-09-01T21:14:55.846Z,HS,Hot Springs,0e5f68b5-5669-4bb1-91ce-4b967b620e7d,SAMMS-HotSprings
202609012114518844,202609011903672305,202609011903672005,85,2735,Bronze INV,br_LiquidLog,TASK_COMPLETE,SUCCESS,INFO,0,0,0,,2026-09-01T19:04:17.664Z,2026-09-01T21:14:55.846Z,7838,2026-09-01T21:14:55.846Z,JON,Jonesboro,0e5f68b5-5669-4bb1-91ce-4b967b620e7d,SAMMS-Jonesboro
202609012114518845,202609011903672306,202609011903672005,85,2737,Bronze INV,br_LiquidLog,TASK_COMPLETE,SUCCESS,INFO,73505,73505,0,,2026-09-01T19:04:17.664Z,2026-09-01T21:14:55.846Z,7838,2026-09-01T21:14:55.846Z,LAN,Lansing,0e5f68b5-5669-4bb1-91ce-4b967b620e7d,SAMMS-Lansing
202609012114518846,202609011903672307,202609011903672005,85,2738,Bronze INV,br_LiquidLog,TASK_COMPLETE,SUCCESS,INFO,238350,238350,0,,2026-09-01T19:04:17.664Z,2026-09-01T21:14:55.846Z,7838,2026-09-01T21:14:55.846Z,LO,Louisville,0e5f68b5-5669-4bb1-91ce-4b967b620e7d,SAMMS-Louisville
202609012114518848,202609011903672308,202609011903672005,85,2739,Bronze INV,br_LiquidLog,TASK_COMPLETE,SUCCESS,INFO,120960,120960,0,,2026-09-01T19:04:17.664Z,2026-09-01T21:14:55.846Z,7838,2026-09-01T21:14:55.846Z,LV1,Cheyenne,0e5f68b5-5669-4bb1-91ce-4b967b620e7d,SAMMS-Cheyenne
202609012114518849,202609011903672309,202609011903672005,85,2740,Bronze INV,br_LiquidLog,TASK_COMPLETE,SUCCESS,INFO,114662,114662,0,,2026-09-01T19:04:17.664Z,2026-09-01T21:14:55.846Z,7838,2026-09-01T21:14:55.846Z,LV2,Desert Inn,0e5f68b5-5669-4bb1-91ce-4b967b620e7d,SAMMS-DesertInn
202609012114518850,202609011903672310,202609011903672005,85,2741,Bronze INV,br_LiquidLog,TASK_COMPLETE,SUCCESS,INFO,60031,60031,0,,2026-09-01T19:04:17.664Z,2026-09-01T21:14:55.846Z,7838,2026-09-01T21:14:55.846Z,LV3,McDaniel,0e5f68b5-5669-4bb1-91ce-4b967b620e7d,SAMMS-McDaniel
202609012114518851,202609011903672311,202609011903672005,85,2744,Bronze INV,br_LiquidLog,TASK_COMPLETE,SUCCESS,INFO,64189,64189,0,,2026-09-01T19:04:17.664Z,2026-09-01T21:14:55.846Z,7838,2026-09-01T21:14:55.846Z,MNRE,Monroe,0e5f68b5-5669-4bb1-91ce-4b967b620e7d,SAMMS-Monroe
202609012114518852,202609011903672312,202609011903672005,85,2745,Bronze INV,br_LiquidLog,TASK_COMPLETE,SUCCESS,INFO,149008,149008,0,,2026-09-01T19:04:17.664Z,2026-09-01T21:14:55.846Z,7838,2026-09-01T21:14:55.846Z,MP,Mt. Pleasant,0e5f68b5-5669-4bb1-91ce-4b967b620e7d,SAMMS-MtPleasant
202609012114518853,202609011903672313,202609011903672005,85,2746,Bronze INV,br_LiquidLog,TASK_COMPLETE,SUCCESS,INFO,48721,48721,0,,2026-09-01T19:04:17.664Z,2026-09-01T21:14:55.846Z,7838,2026-09-01T21:14:55.846Z,MRD,Meridian,0e5f68b5-5669-4bb1-91ce-4b967b620e7d,SAMMS-Meridian
202609012114518854,202609011903672314,202609011903672005,85,2751,Bronze INV,br_LiquidLog,TASK_COMPLETE,SUCCESS,INFO,119632,119632,0,,2026-09-01T19:04:17.664Z,2026-09-01T21:14:55.846Z,7838,2026-09-01T21:14:55.846Z,NC,North Charleston,0e5f68b5-5669-4bb1-91ce-4b967b620e7d,SAMMS-NorthCharleston
202609012114518855,202609011903672315,202609011903672005,85,2752,Bronze INV,br_LiquidLog,TASK_COMPLETE,SUCCESS,INFO,0,0,0,,2026-09-01T19:04:17.664Z,2026-09-01T21:14:55.846Z,7838,2026-09-01T21:14:55.846Z,NLR,N. Little Rock,0e5f68b5-5669-4bb1-91ce-4b967b620e7d,SAMMS-NLROBOT
202609012114518857,202609011903672316,202609011903672005,85,2753,Bronze INV,br_LiquidLog,TASK_COMPLETE,SUCCESS,INFO,506,506,0,,2026-09-01T19:04:17.664Z,2026-09-01T21:14:55.846Z,7838,2026-09-01T21:14:55.846Z,PH,Phoenix,0e5f68b5-5669-4bb1-91ce-4b967b620e7d,SAMMS-Phoenix
202609012114518858,202609011903672317,202609011903672005,85,2757,Bronze INV,br_LiquidLog,TASK_COMPLETE,SUCCESS,INFO,99451,99451,0,,2026-09-01T19:04:17.664Z,2026-09-01T21:14:55.846Z,7838,2026-09-01T21:14:55.846Z,RE,Reno,0e5f68b5-5669-4bb1-91ce-4b967b620e7d,SAMMS-Reno
202609012114518859,202609011903672318,202609011903672005,85,2758,Bronze INV,br_LiquidLog,TASK_COMPLETE,SUCCESS,INFO,135555,135555,0,,2026-09-01T19:04:17.664Z,2026-09-01T21:14:55.846Z,7838,2026-09-01T21:14:55.846Z,RMD,Richmond,0e5f68b5-5669-4bb1-91ce-4b967b620e7d,SAMMS-Richmond
202609012114518860,202609011903672319,202609011903672005,85,2759,Bronze INV,br_LiquidLog,TASK_COMPLETE,SUCCESS,INFO,160332,160332,0,,2026-09-01T19:04:17.664Z,2026-09-01T21:14:55.846Z,7838,2026-09-01T21:14:55.846Z,SFN,Springfield North,0e5f68b5-5669-4bb1-91ce-4b967b620e7d,SAMMS-SFNv5
202609012114518861,202609011903672320,202609011903672005,85,2760,Bronze INV,br_LiquidLog,TASK_COMPLETE,SUCCESS,INFO,187493,187493,0,,2026-09-01T19:04:17.664Z,2026-09-01T21:14:55.846Z,7838,2026-09-01T21:14:55.846Z,SHP,Shreveport,0e5f68b5-5669-4bb1-91ce-4b967b620e7d,SAMMS-Shreveport
202609012114518862,202609011903672321,202609011903672005,85,2762,Bronze INV,br_LiquidLog,TASK_COMPLETE,SUCCESS,INFO,61738,61738,0,,2026-09-01T19:04:17.664Z,2026-09-01T21:14:55.846Z,7838,2026-09-01T21:14:55.846Z,STN,Staunton,0e5f68b5-5669-4bb1-91ce-4b967b620e7d,SAMMS-Staunton
202609012114518863,202609011903672322,202609011903672005,85,2763,Bronze INV,br_LiquidLog,TASK_COMPLETE,SUCCESS,INFO,24783,24783,0,,2026-09-01T19:04:17.664Z,2026-09-01T21:14:55.846Z,7838,2026-09-01T21:14:55.846Z,STVN,Stevenson,0e5f68b5-5669-4bb1-91ce-4b967b620e7d,SAMMS-Stevenson
202609012114518864,202609011903672323,202609011903672005,85,2765,Bronze INV,br_LiquidLog,TASK_COMPLETE,SUCCESS,INFO,299,299,0,,2026-09-01T19:04:17.664Z,2026-09-01T21:14:55.846Z,7838,2026-09-01T21:14:55.846Z,TE,Tempe,0e5f68b5-5669-4bb1-91ce-4b967b620e7d,SAMMS-Tempe
202609012114518866,202609011903672324,202609011903672005,85,2766,Bronze INV,br_LiquidLog,TASK_COMPLETE,SUCCESS,INFO,0,0,0,,2026-09-01T19:04:17.664Z,2026-09-01T21:14:55.846Z,7838,2026-09-01T21:14:55.846Z,TEX,Texarkana,0e5f68b5-5669-4bb1-91ce-4b967b620e7d,SAMMS-Texarkana
202609012114518867,202609011903672325,202609011903672005,85,2767,Bronze INV,br_LiquidLog,TASK_COMPLETE,SUCCESS,INFO,255536,255536,0,,2026-09-01T19:04:17.664Z,2026-09-01T21:14:55.846Z,7838,2026-09-01T21:14:55.846Z,TTCA,Bessemer,0e5f68b5-5669-4bb1-91ce-4b967b620e7d,SAMMS-BessemerV5
202609012114518868,202609011903672326,202609011903672005,85,2768,Bronze INV,br_LiquidLog,TASK_COMPLETE,SUCCESS,INFO,98871,98871,0,,2026-09-01T19:04:17.664Z,2026-09-01T21:14:55.846Z,7838,2026-09-01T21:14:55.846Z,TTCB,Cullman,0e5f68b5-5669-4bb1-91ce-4b967b620e7d,SAMMS-CullmanV5
202609012114518869,202609011903672327,202609011903672005,85,2769,Bronze INV,br_LiquidLog,TASK_COMPLETE,SUCCESS,INFO,232632,232632,0,,2026-09-01T19:04:17.664Z,2026-09-01T21:14:55.846Z,7838,2026-09-01T21:14:55.846Z,TTCC,Grand Bay,0e5f68b5-5669-4bb1-91ce-4b967b620e7d,SAMMS-GrandBay
202609012114518870,202609011903672328,202609011903672005,85,2770,Bronze INV,br_LiquidLog,TASK_COMPLETE,SUCCESS,INFO,2462,2462,0,,2026-09-01T19:04:17.664Z,2026-09-01T21:14:55.846Z,7838,2026-09-01T21:14:55.846Z,TU,Tucson,0e5f68b5-5669-4bb1-91ce-4b967b620e7d,SAMMS-Tucson
202609012114518871,202609011903672329,202609011903672005,85,2772,Bronze INV,br_LiquidLog,TASK_COMPLETE,SUCCESS,INFO,125610,125610,0,,2026-09-01T19:04:17.664Z,2026-09-01T21:14:55.846Z,7838,2026-09-01T21:14:55.846Z,V1,Memphis South,0e5f68b5-5669-4bb1-91ce-4b967b620e7d,SAMMS-VCPHCS-I-MemphisV5
202609012114518872,202609011903672330,202609011903672005,85,2773,Bronze INV,br_LiquidLog,TASK_COMPLETE,SUCCESS,INFO,72228,72228,0,,2026-09-01T19:04:17.664Z,2026-09-01T21:14:55.846Z,7838,2026-09-01T21:14:55.846Z,V10,Longmont,0e5f68b5-5669-4bb1-91ce-4b967b620e7d,SAMMS-BoulderV5
202609012114518873,202609011903672331,202609011903672005,85,2774,Bronze INV,br_LiquidLog,TASK_COMPLETE,SUCCESS,INFO,133933,133933,0,,2026-09-01T19:04:17.664Z,2026-09-01T21:14:55.846Z,7838,2026-09-01T21:14:55.846Z,V10A,Fort Collins,0e5f68b5-5669-4bb1-91ce-4b967b620e7d,SAMMS-FortCollinsV5
202609012114518875,202609011903672332,202609011903672005,85,2775,Bronze INV,br_LiquidLog,TASK_COMPLETE,SUCCESS,INFO,125567,125567,0,,2026-09-01T19:04:17.664Z,2026-09-01T21:14:55.846Z,7838,2026-09-01T21:14:55.846Z,V11,Westminster,0e5f68b5-5669-4bb1-91ce-4b967b620e7d,SAMMS-VCPHCS-XI-NorthDenverV5
202609012114518876,202609011903672333,202609011903672005,85,2776,Bronze INV,br_LiquidLog,TASK_COMPLETE,SUCCESS,INFO,142856,142856,0,,2026-09-01T19:04:17.664Z,2026-09-01T21:14:55.846Z,7838,2026-09-01T21:14:55.846Z,V12,Downtown Denver,0e5f68b5-5669-4bb1-91ce-4b967b620e7d,SAMMS-VCPHCS-XII-DowntownDenverV5
202609012114518877,202609011903672334,202609011903672005,85,2777,Bronze INV,br_LiquidLog,TASK_COMPLETE,SUCCESS,INFO,83661,83661,0,,2026-09-01T19:04:17.664Z,2026-09-01T21:14:55.846Z,7838,2026-09-01T21:14:55.846Z,V12A,Centennial,0e5f68b5-5669-4bb1-91ce-4b967b620e7d,SAMMS-CentennialV5
202609012114518878,202609011903672335,202609011903672005,85,2778,Bronze INV,br_LiquidLog,TASK_COMPLETE,SUCCESS,INFO,68793,68793,0,,2026-09-01T19:04:17.664Z,2026-09-01T21:14:55.846Z,7838,2026-09-01T21:14:55.846Z,V14,Overland Park,0e5f68b5-5669-4bb1-91ce-4b967b620e7d,SAMMS-VCPHCS-XIV-BridgewayV5
202609012114518879,202609011903672336,202609011903672005,85,2779,Bronze INV,br_LiquidLog,TASK_COMPLETE,SUCCESS,INFO,118723,118723,0,,2026-09-01T19:04:17.664Z,2026-09-01T21:14:55.846Z,7838,2026-09-01T21:14:55.846Z,V15,Joplin,0e5f68b5-5669-4bb1-91ce-4b967b620e7d,SAMMS-JoplinV5
202609012114518880,202609011903672337,202609011903672005,85,2781,Bronze INV,br_LiquidLog,TASK_COMPLETE,SUCCESS,INFO,60613,60613,0,,2026-09-01T19:04:17.664Z,2026-09-01T21:14:55.846Z,7838,2026-09-01T21:14:55.846Z,V17,Columbia TN,0e5f68b5-5669-4bb1-91ce-4b967b620e7d,SAMMS-ColumbiaTNv5
202609012114518881,202609011903672338,202609011903672005,85,2783,Bronze INV,br_LiquidLog,TASK_COMPLETE,SUCCESS,INFO,225915,225915,0,,2026-09-01T19:04:17.664Z,2026-09-01T21:14:55.846Z,7838,2026-09-01T21:14:55.846Z,V19,Jackson,0e5f68b5-5669-4bb1-91ce-4b967b620e7d,SAMMS-JacksonV5
202609012114518882,202609011903672339,202609011903672005,85,2785,Bronze INV,br_LiquidLog,TASK_COMPLETE,SUCCESS,INFO,207719,207719,0,,2026-09-01T19:04:17.664Z,2026-09-01T21:14:55.846Z,7838,2026-09-01T21:14:55.846Z,V20,Paris,0e5f68b5-5669-4bb1-91ce-4b967b620e7d,SAMMS-ParisV5
202609012114518884,202609011903672340,202609011903672005,85,2786,Bronze INV,br_LiquidLog,TASK_COMPLETE,SUCCESS,INFO,174262,174262,0,,2026-09-01T19:04:17.664Z,2026-09-01T21:14:55.846Z,7838,2026-09-01T21:14:55.846Z,V21,Memphis North,0e5f68b5-5669-4bb1-91ce-4b967b620e7d,SAMMS-RaleighV5
202609012114518885,202609011903672341,202609011903672005,85,2789,Bronze INV,br_LiquidLog,TASK_COMPLETE,SUCCESS,INFO,341217,341217,0,,2026-09-01T19:04:17.664Z,2026-09-01T21:14:55.846Z,7838,2026-09-01T21:14:55.846Z,V5,West Bank,0e5f68b5-5669-4bb1-91ce-4b967b620e7d,SAMMS-NONTCv5
202609012114518886,202609011903672342,202609011903672005,85,2791,Bronze INV,br_LiquidLog,TASK_COMPLETE,SUCCESS,INFO,31389,31389,0,,2026-09-01T19:04:17.664Z,2026-09-01T21:14:55.846Z,7838,2026-09-01T21:14:55.846Z,V5B,Houma,0e5f68b5-5669-4bb1-91ce-4b967b620e7d,SAMMS-HoumaV6
202609012114518887,202609011903672343,202609011903672005,85,2792,Bronze INV,br_LiquidLog,TASK_COMPLETE,SUCCESS,INFO,259622,259622,0,,2026-09-01T19:04:17.664Z,2026-09-01T21:14:55.846Z,7838,2026-09-01T21:14:55.846Z,V6,Lake Charles,0e5f68b5-5669-4bb1-91ce-4b967b620e7d,SAMMS-LCv5
202609012114518888,202609011903672344,202609011903672005,85,2794,Bronze INV,br_LiquidLog,TASK_COMPLETE,SUCCESS,INFO,166660,166660,0,,2026-09-01T19:04:17.664Z,2026-09-01T21:14:55.846Z,7838,2026-09-01T21:14:55.846Z,V8,Memphis Midtown,0e5f68b5-5669-4bb1-91ce-4b967b620e7d,SAMMS-VCPHCS-VIII-MemphisV5
202609012114518889,202609011903672345,202609011903672005,85,2795,Bronze INV,br_LiquidLog,TASK_COMPLETE,SUCCESS,INFO,309308,309308,0,,2026-09-01T19:04:17.664Z,2026-09-01T21:14:55.846Z,7838,2026-09-01T21:14:55.846Z,V9,Nashville,0e5f68b5-5669-4bb1-91ce-4b967b620e7d,SAMMS-NashvilleV5
202609012114518890,202609011903672346,202609011903672005,85,2796,Bronze INV,br_LiquidLog,TASK_COMPLETE,SUCCESS,INFO,111925,111925,0,,2026-09-01T19:04:17.664Z,2026-09-01T21:14:55.846Z,7838,2026-09-01T21:14:55.846Z,VBRA,Brainerd,0e5f68b5-5669-4bb1-91ce-4b967b620e7d,SAMMS-BrainerdV6
202609012114518892,202609011903672347,202609011903672005,85,2797,Bronze INV,br_LiquidLog,TASK_COMPLETE,SUCCESS,INFO,221914,221914,0,,2026-09-01T19:04:17.664Z,2026-09-01T21:14:55.846Z,7838,2026-09-01T21:14:55.846Z,VBRP,Brooklyn Park,0e5f68b5-5669-4bb1-91ce-4b967b620e7d,SAMMS-BrooklynParkV6
202609012114518893,202609011903672348,202609011903672005,85,2799,Bronze INV,br_LiquidLog,TASK_COMPLETE,SUCCESS,INFO,139133,139133,0,,2026-09-01T19:04:17.664Z,2026-09-01T21:14:55.846Z,7838,2026-09-01T21:14:55.846Z,VMIN,Minneapolis,0e5f68b5-5669-4bb1-91ce-4b967b620e7d,SAMMS-MinneapolisV6
202609012114518894,202609011903672349,202609011903672005,85,2800,Bronze INV,br_LiquidLog,TASK_COMPLETE,SUCCESS,INFO,252206,252206,0,,2026-09-01T19:04:17.664Z,2026-09-01T21:14:55.846Z,7838,2026-09-01T21:14:55.846Z,VWBY,Woodbury,0e5f68b5-5669-4bb1-91ce-4b967b620e7d,SAMMS-WoodburyV6
202608312116371943,202608311905652495,202608311905652236,85,2651,Bronze INV,br_LiquidLog,TASK_COMPLETE,SUCCESS,INFO,262655,262655,0,,2026-08-31T19:06:18.658Z,2026-08-31T21:16:41.151Z,7823,2026-08-31T21:16:41.151Z,B48,Tuscaloosa,79f5b39e-d314-4ad3-8050-3ace553d67de,SAMMS-TuscaloosaV5
202608312116371944,202608311905652496,202608311905652236,85,2660,Bronze INV,br_LiquidLog,TASK_COMPLETE,SUCCESS,INFO,59457,59457,0,,2026-08-31T19:06:18.658Z,2026-08-31T21:16:41.151Z,7823,2026-08-31T21:16:41.151Z,B51,N. Little Rock (OTP),79f5b39e-d314-4ad3-8050-3ace553d67de,SAMMS-NorthLittleRockV6
202608312116371946,202608311905652497,202608311905652236,85,2661,Bronze INV,br_LiquidLog,TASK_COMPLETE,SUCCESS,INFO,95444,95444,0,,2026-08-31T19:06:18.658Z,2026-08-31T21:16:41.151Z,7823,2026-08-31T21:16:41.151Z,B52,Jackson GA,79f5b39e-d314-4ad3-8050-3ace553d67de,SAMMS-JacksonGAV5
202608312116371947,202608311905652498,202608311905652236,85,2662,Bronze INV,br_LiquidLog,TASK_COMPLETE,SUCCESS,INFO,240126,240126,0,,2026-08-31T19:06:18.658Z,2026-08-31T21:16:41.151Z,7823,2026-08-31T21:16:41.151Z,B54,Gadsden,79f5b39e-d314-4ad3-8050-3ace553d67de,SAMMS-GadsdenV5
202608312116371948,202608311905652499,202608311905652236,85,2663,Bronze INV,br_LiquidLog,TASK_COMPLETE,SUCCESS,INFO,225025,225025,0,,2026-08-31T19:06:18.658Z,2026-08-31T21:16:41.151Z,7823,2026-08-31T21:16:41.151Z,B55,Shoals,79f5b39e-d314-4ad3-8050-3ace553d67de,SAMMS-ShoalsV5
202608312116371949,202608311905652500,202608311905652236,85,2664,Bronze INV,br_LiquidLog,TASK_COMPLETE,SUCCESS,INFO,65151,65151,0,,2026-08-31T19:06:18.658Z,2026-08-31T21:16:41.151Z,7823,2026-08-31T21:16:41.151Z,B57,Pawtucket,79f5b39e-d314-4ad3-8050-3ace553d67de,SAMMS-Pawtucket
202608312116371950,202608311905652501,202608311905652236,85,2665,Bronze INV,br_LiquidLog,TASK_COMPLETE,SUCCESS,INFO,73289,73289,0,,2026-08-31T19:06:18.658Z,2026-08-31T21:16:41.151Z,7823,2026-08-31T21:16:41.151Z,B57A,Johnston,79f5b39e-d314-4ad3-8050-3ace553d67de,SAMMS-Johnston
202608312116371951,202608311905652502,202608311905652236,85,2666,Bronze INV,br_LiquidLog,TASK_COMPLETE,SUCCESS,INFO,19107,19107,0,,2026-08-31T19:06:18.658Z,2026-08-31T21:16:41.151Z,7823,2026-08-31T21:16:41.151Z,B57B,Middletown,79f5b39e-d314-4ad3-8050-3ace553d67de,SAMMS-Middletown
202608312116371952,202608311905652503,202608311905652236,85,2667,Bronze INV,br_LiquidLog,TASK_COMPLETE,SUCCESS,INFO,38777,38777,0,,2026-08-31T19:06:18.658Z,2026-08-31T21:16:41.151Z,7823,2026-08-31T21:16:41.151Z,B57C,Providence,79f5b39e-d314-4ad3-8050-3ace553d67de,SAMMS-Providence
202608312116371953,202608311905652504,202608311905652236,85,2668,Bronze INV,br_LiquidLog,TASK_COMPLETE,SUCCESS,INFO,64935,64935,0,,2026-08-31T19:06:18.658Z,2026-08-31T21:16:41.151Z,7823,2026-08-31T21:16:41.151Z,B57D,Westerly,79f5b39e-d314-4ad3-8050-3ace553d67de,SAMMS-Westerly
202608312116371954,202608311905652505,202608311905652236,85,2672,Bronze INV,br_LiquidLog,TASK_COMPLETE,SUCCESS,INFO,0,0,0,,2026-08-31T19:06:18.658Z,2026-08-31T21:16:41.151Z,7823,2026-08-31T21:16:41.151Z,B66A,Bremen,79f5b39e-d314-4ad3-8050-3ace553d67de,SAMMS-Bremen
202608312116371955,202608311905652506,202608311905652236,85,2675,Bronze INV,br_LiquidLog,TASK_COMPLETE,SUCCESS,INFO,0,0,0,,2026-08-31T19:06:18.658Z,2026-08-31T21:16:41.151Z,7823,2026-08-31T21:16:41.151Z,B72,Mobile (OBOT),79f5b39e-d314-4ad3-8050-3ace553d67de,SAMMS-Mobile-OBOT
202608312116371956,202608311905652507,202608311905652236,85,2676,Bronze INV,br_LiquidLog,TASK_COMPLETE,SUCCESS,INFO,0,0,0,,2026-08-31T19:06:18.658Z,2026-08-31T21:16:41.151Z,7823,2026-08-31T21:16:41.151Z,B73,Montgomery,79f5b39e-d314-4ad3-8050-3ace553d67de,SAMMS-Montgomery
202608312116371958,202608311905652508,202608311905652236,85,2677,Bronze INV,br_LiquidLog,TASK_COMPLETE,SUCCESS,INFO,61842,61842,0,,2026-08-31T19:06:18.658Z,2026-08-31T21:16:41.151Z,7823,2026-08-31T21:16:41.151Z,B75,Lawrence,79f5b39e-d314-4ad3-8050-3ace553d67de,SAMMS-LawrenceV6
202608312116371959,202608311905652509,202608311905652236,85,2678,Bronze INV,br_LiquidLog,TASK_COMPLETE,SUCCESS,INFO,0,0,0,,2026-08-31T19:06:18.658Z,2026-08-31T21:16:41.151Z,7823,2026-08-31T21:16:41.151Z,B76,Huntsville OBOT,79f5b39e-d314-4ad3-8050-3ace553d67de,SAMMS-Huntsville-OBOT
202608312116371960,202608311905652510,202608311905652236,85,2679,Bronze INV,br_LiquidLog,TASK_COMPLETE,SUCCESS,INFO,0,0,0,,2026-08-31T19:06:18.658Z,2026-08-31T21:16:41.151Z,7823,2026-08-31T21:16:41.151Z,BAT,Batesville,79f5b39e-d314-4ad3-8050-3ace553d67de,SAMMS-Batesville
202608312116371961,202608311905652511,202608311905652236,85,2680,Bronze INV,br_LiquidLog,TASK_COMPLETE,SUCCESS,INFO,125971,125971,0,,2026-08-31T19:06:18.658Z,2026-08-31T21:16:41.151Z,7823,2026-08-31T21:16:41.151Z,BG,Bowling Green,79f5b39e-d314-4ad3-8050-3ace553d67de,SAMMS-BowlingGreen
202608312116371962,202608311905652512,202608311905652236,85,2681,Bronze INV,br_LiquidLog,TASK_COMPLETE,SUCCESS,INFO,52051,52051,0,,2026-08-31T19:06:18.658Z,2026-08-31T21:16:41.151Z,7823,2026-08-31T21:16:41.151Z,BOI,Boise,79f5b39e-d314-4ad3-8050-3ace553d67de,SAMMS-Boise
202608312116371963,202608311905652513,202608311905652236,85,2688,Bronze INV,br_LiquidLog,TASK_COMPLETE,SUCCESS,INFO,29571,29571,0,,2026-08-31T19:06:18.658Z,2026-08-31T21:16:41.151Z,7823,2026-08-31T21:16:41.151Z,CBCO,Coeur dAlene,79f5b39e-d314-4ad3-8050-3ace553d67de,SAMMS-CoeurdAleneV6
202608312116371964,202608311905652514,202608311905652236,85,2707,Bronze INV,br_LiquidLog,TASK_COMPLETE,SUCCESS,INFO,0,0,0,,2026-08-31T19:06:18.658Z,2026-08-31T21:16:41.151Z,7823,2026-08-31T21:16:41.151Z,CON,Conway,79f5b39e-d314-4ad3-8050-3ace553d67de,SAMMS-Conway
202608312116371965,202608311905652515,202608311905652236,85,2708,Bronze INV,br_LiquidLog,TASK_COMPLETE,SUCCESS,INFO,0,0,0,,2026-08-31T19:06:18.658Z,2026-08-31T21:16:41.151Z,7823,2026-08-31T21:16:41.151Z,D07,Medical Services Knox TN,79f5b39e-d314-4ad3-8050-3ace553d67de,SAMMS-KnoxvilleV6
202608312116371966,202608311905652516,202608311905652236,85,2709,Bronze INV,br_LiquidLog,TASK_COMPLETE,SUCCESS,INFO,92859,92859,0,,2026-08-31T19:06:18.658Z,2026-08-31T21:16:41.151Z,7823,2026-08-31T21:16:41.151Z,D08,Madison,79f5b39e-d314-4ad3-8050-3ace553d67de,SAMMS-MadisonV6
202608312116371967,202608311905652517,202608311905652236,85,2711,Bronze INV,br_LiquidLog,TASK_COMPLETE,SUCCESS,INFO,146250,146250,0,,2026-08-31T19:06:18.658Z,2026-08-31T21:16:41.151Z,7823,2026-08-31T21:16:41.151Z,D09,Murfreesboro,79f5b39e-d314-4ad3-8050-3ace553d67de,SAMMS-MurfreesboroV6
202608312116371969,202608311905652518,202608311905652236,85,2712,Bronze INV,br_LiquidLog,TASK_COMPLETE,SUCCESS,INFO,70976,70976,0,,2026-08-31T19:06:18.658Z,2026-08-31T21:16:41.151Z,7823,2026-08-31T21:16:41.151Z,DA,Davenport,79f5b39e-d314-4ad3-8050-3ace553d67de,SAMMS-Davenport
202608312116371970,202608311905652519,202608311905652236,85,2713,Bronze INV,br_LiquidLog,TASK_COMPLETE,SUCCESS,INFO,64876,64876,0,,2026-08-31T19:06:18.658Z,2026-08-31T21:16:41.151Z,7823,2026-08-31T21:16:41.151Z,DM,Des Moines,79f5b39e-d314-4ad3-8050-3ace553d67de,SAMMS-DesMoines
202608312116371971,202608311905652520,202608311905652236,85,2715,Bronze INV,br_LiquidLog,TASK_COMPLETE,SUCCESS,INFO,155973,155973,0,,2026-08-31T19:06:18.658Z,2026-08-31T21:16:41.151Z,7823,2026-08-31T21:16:41.151Z,DRD-CO,Columbia MO,79f5b39e-d314-4ad3-8050-3ace553d67de,SAMMS-ColumbiaV5
202608312116371972,202608311905652521,202608311905652236,85,2716,Bronze INV,br_LiquidLog,TASK_COMPLETE,SUCCESS,INFO,158028,158028,0,,2026-08-31T19:06:18.658Z,2026-08-31T21:16:41.151Z,7823,2026-08-31T21:16:41.151Z,DRD-KC,KC,79f5b39e-d314-4ad3-8050-3ace553d67de,SAMMS-KCv5
202608312116371973,202608311905652522,202608311905652236,85,2717,Bronze INV,br_LiquidLog,TASK_COMPLETE,SUCCESS,INFO,507256,507256,0,,2026-08-31T19:06:18.658Z,2026-08-31T21:16:41.151Z,7823,2026-08-31T21:16:41.151Z,DRD-KVB,KVB,79f5b39e-d314-4ad3-8050-3ace553d67de,SAMMS-KVBv5
202608312116371974,202608311905652523,202608311905652236,85,2718,Bronze INV,br_LiquidLog,TASK_COMPLETE,SUCCESS,INFO,572920,572920,0,,2026-08-31T19:06:18.658Z,2026-08-31T21:16:41.151Z,7823,2026-08-31T21:16:41.151Z,DRD-KVC,KVC,79f5b39e-d314-4ad3-8050-3ace553d67de,SAMMS-KVCv5
202608312116371975,202608311905652524,202608311905652236,85,2719,Bronze INV,br_LiquidLog,TASK_COMPLETE,SUCCESS,INFO,489251,489251,0,,2026-08-31T19:06:18.658Z,2026-08-31T21:16:41.151Z,7823,2026-08-31T21:16:41.151Z,DRD-NOLA,NOLA,79f5b39e-d314-4ad3-8050-3ace553d67de,SAMMS-NOLAv5
202608312116371976,202608311905652525,202608311905652236,85,2720,Bronze INV,br_LiquidLog,TASK_COMPLETE,SUCCESS,INFO,267512,267512,0,,2026-08-31T19:06:18.658Z,2026-08-31T21:16:41.151Z,7823,2026-08-31T21:16:41.151Z,DRD-SF,Springfield,79f5b39e-d314-4ad3-8050-3ace553d67de,SAMMS-SFv5
202608312116371978,202608311905652526,202608311905652236,85,2722,Bronze INV,br_LiquidLog,TASK_COMPLETE,SUCCESS,INFO,83657,83657,0,,2026-08-31T19:06:18.658Z,2026-08-31T21:16:41.151Z,7823,2026-08-31T21:16:41.151Z,ELC,Elizabeth City,79f5b39e-d314-4ad3-8050-3ace553d67de,SAMMS-ElizabethCity
202608312116371979,202608311905652527,202608311905652236,85,2723,Bronze INV,br_LiquidLog,TASK_COMPLETE,SUCCESS,INFO,94880,94880,0,,2026-08-31T19:06:18.658Z,2026-08-31T21:16:41.151Z,7823,2026-08-31T21:16:41.151Z,ET,Elizabethtown,79f5b39e-d314-4ad3-8050-3ace553d67de,SAMMS-Elizabethtown
202608312116371980,202608311905652528,202608311905652236,85,2724,Bronze INV,br_LiquidLog,TASK_COMPLETE,SUCCESS,INFO,0,0,0,,2026-08-31T19:06:18.658Z,2026-08-31T21:16:41.151Z,7823,2026-08-31T21:16:41.151Z,FAY,Fayetteville,79f5b39e-d314-4ad3-8050-3ace553d67de,SAMMS-Fayetteville
202608312116371981,202608311905652529,202608311905652236,85,2725,Bronze INV,br_LiquidLog,TASK_COMPLETE,SUCCESS,INFO,99496,99496,0,,2026-08-31T19:06:18.658Z,2026-08-31T21:16:41.151Z,7823,2026-08-31T21:16:41.151Z,FR,Frankfort,79f5b39e-d314-4ad3-8050-3ace553d67de,SAMMS-Frankfort
202608312116371982,202608311905652530,202608311905652236,85,2726,Bronze INV,br_LiquidLog,TASK_COMPLETE,SUCCESS,INFO,0,0,0,,2026-08-31T19:06:18.658Z,2026-08-31T21:16:41.151Z,7823,2026-08-31T21:16:41.151Z,FS,Fort Smith,79f5b39e-d314-4ad3-8050-3ace553d67de,SAMMS-FortSmith
202608312116371983,202608311905652531,202608311905652236,85,2727,Bronze INV,br_LiquidLog,TASK_COMPLETE,SUCCESS,INFO,205559,205559,0,,2026-08-31T19:06:18.658Z,2026-08-31T21:16:41.151Z,7823,2026-08-31T21:16:41.151Z,FW,Fort Wayne,79f5b39e-d314-4ad3-8050-3ace553d67de,SAMMS-FortWayne
202608312116371984,202608311905652532,202608311905652236,85,2728,Bronze INV,br_LiquidLog,TASK_COMPLETE,SUCCESS,INFO,83796,83796,0,,2026-08-31T19:06:18.658Z,2026-08-31T21:16:41.151Z,7823,2026-08-31T21:16:41.151Z,GAL,Gaylord,79f5b39e-d314-4ad3-8050-3ace553d67de,SAMMS-Gaylord
202608312116371986,202608311905652533,202608311905652236,85,2732,Bronze INV,br_LiquidLog,TASK_COMPLETE,SUCCESS,INFO,183850,183850,0,,2026-08-31T19:06:18.658Z,2026-08-31T21:16:41.151Z,7823,2026-08-31T21:16:41.151Z,HGT,Hagerstown,79f5b39e-d314-4ad3-8050-3ace553d67de,SAMMS-Hagerstown
202608312116371987,202608311905652534,202608311905652236,85,2733,Bronze INV,br_LiquidLog,TASK_COMPLETE,SUCCESS,INFO,167705,167705,0,,2026-08-31T19:06:18.658Z,2026-08-31T21:16:41.151Z,7823,2026-08-31T21:16:41.151Z,HNT,Huntsville,79f5b39e-d314-4ad3-8050-3ace553d67de,SAMMS-Huntsville
202608312116371988,202608311905652535,202608311905652236,85,2734,Bronze INV,br_LiquidLog,TASK_COMPLETE,SUCCESS,INFO,0,0,0,,2026-08-31T19:06:18.658Z,2026-08-31T21:16:41.151Z,7823,2026-08-31T21:16:41.151Z,HS,Hot Springs,79f5b39e-d314-4ad3-8050-3ace553d67de,SAMMS-HotSprings
202608312116371989,202608311905652536,202608311905652236,85,2735,Bronze INV,br_LiquidLog,TASK_COMPLETE,SUCCESS,INFO,0,0,0,,2026-08-31T19:06:18.658Z,2026-08-31T21:16:41.151Z,7823,2026-08-31T21:16:41.151Z,JON,Jonesboro,79f5b39e-d314-4ad3-8050-3ace553d67de,SAMMS-Jonesboro
202608312116371990,202608311905652537,202608311905652236,85,2737,Bronze INV,br_LiquidLog,TASK_COMPLETE,SUCCESS,INFO,73524,73524,0,,2026-08-31T19:06:18.658Z,2026-08-31T21:16:41.151Z,7823,2026-08-31T21:16:41.151Z,LAN,Lansing,79f5b39e-d314-4ad3-8050-3ace553d67de,SAMMS-Lansing
202608312116371991,202608311905652538,202608311905652236,85,2738,Bronze INV,br_LiquidLog,TASK_COMPLETE,SUCCESS,INFO,238481,238481,0,,2026-08-31T19:06:18.658Z,2026-08-31T21:16:41.151Z,7823,2026-08-31T21:16:41.151Z,LO,Louisville,79f5b39e-d314-4ad3-8050-3ace553d67de,SAMMS-Louisville
202608312116371992,202608311905652539,202608311905652236,85,2739,Bronze INV,br_LiquidLog,TASK_COMPLETE,SUCCESS,INFO,120833,120833,0,,2026-08-31T19:06:18.658Z,2026-08-31T21:16:41.151Z,7823,2026-08-31T21:16:41.151Z,LV1,Cheyenne,79f5b39e-d314-4ad3-8050-3ace553d67de,SAMMS-Cheyenne
202608312116371993,202608311905652540,202608311905652236,85,2740,Bronze INV,br_LiquidLog,TASK_COMPLETE,SUCCESS,INFO,114536,114536,0,,2026-08-31T19:06:18.658Z,2026-08-31T21:16:41.151Z,7823,2026-08-31T21:16:41.151Z,LV2,Desert Inn,79f5b39e-d314-4ad3-8050-3ace553d67de,SAMMS-DesertInn
202608312116371995,202608311905652541,202608311905652236,85,2741,Bronze INV,br_LiquidLog,TASK_COMPLETE,SUCCESS,INFO,60072,60072,0,,2026-08-31T19:06:18.658Z,2026-08-31T21:16:41.151Z,7823,2026-08-31T21:16:41.151Z,LV3,McDaniel,79f5b39e-d314-4ad3-8050-3ace553d67de,SAMMS-McDaniel
202608312116371996,202608311905652542,202608311905652236,85,2744,Bronze INV,br_LiquidLog,TASK_COMPLETE,SUCCESS,INFO,63752,63752,0,,2026-08-31T19:06:18.658Z,2026-08-31T21:16:41.151Z,7823,2026-08-31T21:16:41.151Z,MNRE,Monroe,79f5b39e-d314-4ad3-8050-3ace553d67de,SAMMS-Monroe
202608312116371997,202608311905652543,202608311905652236,85,2745,Bronze INV,br_LiquidLog,TASK_COMPLETE,SUCCESS,INFO,148766,148766,0,,2026-08-31T19:06:18.658Z,2026-08-31T21:16:41.151Z,7823,2026-08-31T21:16:41.151Z,MP,Mt. Pleasant,79f5b39e-d314-4ad3-8050-3ace553d67de,SAMMS-MtPleasant
202608312116371998,202608311905652544,202608311905652236,85,2746,Bronze INV,br_LiquidLog,TASK_COMPLETE,SUCCESS,INFO,48559,48559,0,,2026-08-31T19:06:18.658Z,2026-08-31T21:16:41.151Z,7823,2026-08-31T21:16:41.151Z,MRD,Meridian,79f5b39e-d314-4ad3-8050-3ace553d67de,SAMMS-Meridian
202608312116371999,202608311905652545,202608311905652236,85,2751,Bronze INV,br_LiquidLog,TASK_COMPLETE,SUCCESS,INFO,120003,120003,0,,2026-08-31T19:06:18.658Z,2026-08-31T21:16:41.151Z,7823,2026-08-31T21:16:41.151Z,NC,North Charleston,79f5b39e-d314-4ad3-8050-3ace553d67de,SAMMS-NorthCharleston
202608312116372000,202608311905652546,202608311905652236,85,2752,Bronze INV,br_LiquidLog,TASK_COMPLETE,SUCCESS,INFO,0,0,0,,2026-08-31T19:06:18.658Z,2026-08-31T21:16:41.151Z,7823,2026-08-31T21:16:41.151Z,NLR,N. Little Rock,79f5b39e-d314-4ad3-8050-3ace553d67de,SAMMS-NLROBOT
202608312116372001,202608311905652547,202608311905652236,85,2753,Bronze INV,br_LiquidLog,TASK_COMPLETE,SUCCESS,INFO,605,605,0,,2026-08-31T19:06:18.658Z,2026-08-31T21:16:41.151Z,7823,2026-08-31T21:16:41.151Z,PH,Phoenix,79f5b39e-d314-4ad3-8050-3ace553d67de,SAMMS-Phoenix
202608312116372002,202608311905652548,202608311905652236,85,2757,Bronze INV,br_LiquidLog,TASK_COMPLETE,SUCCESS,INFO,99663,99663,0,,2026-08-31T19:06:18.658Z,2026-08-31T21:16:41.151Z,7823,2026-08-31T21:16:41.151Z,RE,Reno,79f5b39e-d314-4ad3-8050-3ace553d67de,SAMMS-Reno
202608312116372004,202608311905652549,202608311905652236,85,2758,Bronze INV,br_LiquidLog,TASK_COMPLETE,SUCCESS,INFO,135529,135529,0,,2026-08-31T19:06:18.658Z,2026-08-31T21:16:41.151Z,7823,2026-08-31T21:16:41.151Z,RMD,Richmond,79f5b39e-d314-4ad3-8050-3ace553d67de,SAMMS-Richmond
202608312116372005,202608311905652550,202608311905652236,85,2759,Bronze INV,br_LiquidLog,TASK_COMPLETE,SUCCESS,INFO,160635,160635,0,,2026-08-31T19:06:18.658Z,2026-08-31T21:16:41.151Z,7823,2026-08-31T21:16:41.151Z,SFN,Springfield North,79f5b39e-d314-4ad3-8050-3ace553d67de,SAMMS-SFNv5
202608312116372006,202608311905652551,202608311905652236,85,2760,Bronze INV,br_LiquidLog,TASK_COMPLETE,SUCCESS,INFO,188059,188059,0,,2026-08-31T19:06:18.658Z,2026-08-31T21:16:41.151Z,7823,2026-08-31T21:16:41.151Z,SHP,Shreveport,79f5b39e-d314-4ad3-8050-3ace553d67de,SAMMS-Shreveport
202608312116372007,202608311905652552,202608311905652236,85,2762,Bronze INV,br_LiquidLog,TASK_COMPLETE,SUCCESS,INFO,61379,61379,0,,2026-08-31T19:06:18.658Z,2026-08-31T21:16:41.151Z,7823,2026-08-31T21:16:41.151Z,STN,Staunton,79f5b39e-d314-4ad3-8050-3ace553d67de,SAMMS-Staunton
202608312116372008,202608311905652553,202608311905652236,85,2763,Bronze INV,br_LiquidLog,TASK_COMPLETE,SUCCESS,INFO,24805,24805,0,,2026-08-31T19:06:18.658Z,2026-08-31T21:16:41.151Z,7823,2026-08-31T21:16:41.151Z,STVN,Stevenson,79f5b39e-d314-4ad3-8050-3ace553d67de,SAMMS-Stevenson
202608312116372009,202608311905652554,202608311905652236,85,2765,Bronze INV,br_LiquidLog,TASK_COMPLETE,SUCCESS,INFO,310,310,0,,2026-08-31T19:06:18.658Z,2026-08-31T21:16:41.151Z,7823,2026-08-31T21:16:41.151Z,TE,Tempe,79f5b39e-d314-4ad3-8050-3ace553d67de,SAMMS-Tempe
202608312116372010,202608311905652555,202608311905652236,85,2766,Bronze INV,br_LiquidLog,TASK_COMPLETE,SUCCESS,INFO,0,0,0,,2026-08-31T19:06:18.658Z,2026-08-31T21:16:41.151Z,7823,2026-08-31T21:16:41.151Z,TEX,Texarkana,79f5b39e-d314-4ad3-8050-3ace553d67de,SAMMS-Texarkana
202608312116372012,202608311905652556,202608311905652236,85,2767,Bronze INV,br_LiquidLog,TASK_COMPLETE,SUCCESS,INFO,255076,255076,0,,2026-08-31T19:06:18.658Z,2026-08-31T21:16:41.151Z,7823,2026-08-31T21:16:41.151Z,TTCA,Bessemer,79f5b39e-d314-4ad3-8050-3ace553d67de,SAMMS-BessemerV5
202608312116372013,202608311905652557,202608311905652236,85,2768,Bronze INV,br_LiquidLog,TASK_COMPLETE,SUCCESS,INFO,98584,98584,0,,2026-08-31T19:06:18.658Z,2026-08-31T21:16:41.151Z,7823,2026-08-31T21:16:41.151Z,TTCB,Cullman,79f5b39e-d314-4ad3-8050-3ace553d67de,SAMMS-CullmanV5
202608312116372014,202608311905652558,202608311905652236,85,2769,Bronze INV,br_LiquidLog,TASK_COMPLETE,SUCCESS,INFO,231961,231961,0,,2026-08-31T19:06:18.658Z,2026-08-31T21:16:41.151Z,7823,2026-08-31T21:16:41.151Z,TTCC,Grand Bay,79f5b39e-d314-4ad3-8050-3ace553d67de,SAMMS-GrandBay
202608312116372015,202608311905652559,202608311905652236,85,2770,Bronze INV,br_LiquidLog,TASK_COMPLETE,SUCCESS,INFO,2561,2561,0,,2026-08-31T19:06:18.658Z,2026-08-31T21:16:41.151Z,7823,2026-08-31T21:16:41.151Z,TU,Tucson,79f5b39e-d314-4ad3-8050-3ace553d67de,SAMMS-Tucson
202608312116372016,202608311905652560,202608311905652236,85,2772,Bronze INV,br_LiquidLog,TASK_COMPLETE,SUCCESS,INFO,126184,126184,0,,2026-08-31T19:06:18.658Z,2026-08-31T21:16:41.151Z,7823,2026-08-31T21:16:41.151Z,V1,Memphis South,79f5b39e-d314-4ad3-8050-3ace553d67de,SAMMS-VCPHCS-I-MemphisV5
202608312116372017,202608311905652561,202608311905652236,85,2773,Bronze INV,br_LiquidLog,TASK_COMPLETE,SUCCESS,INFO,72102,72102,0,,2026-08-31T19:06:18.658Z,2026-08-31T21:16:41.151Z,7823,2026-08-31T21:16:41.151Z,V10,Longmont,79f5b39e-d314-4ad3-8050-3ace553d67de,SAMMS-BoulderV5
202608312116372018,202608311905652562,202608311905652236,85,2774,Bronze INV,br_LiquidLog,TASK_COMPLETE,SUCCESS,INFO,133771,133771,0,,2026-08-31T19:06:18.658Z,2026-08-31T21:16:41.151Z,7823,2026-08-31T21:16:41.151Z,V10A,Fort Collins,79f5b39e-d314-4ad3-8050-3ace553d67de,SAMMS-FortCollinsV5
202608312116372020,202608311905652563,202608311905652236,85,2775,Bronze INV,br_LiquidLog,TASK_COMPLETE,SUCCESS,INFO,125593,125593,0,,2026-08-31T19:06:18.658Z,2026-08-31T21:16:41.151Z,7823,2026-08-31T21:16:41.151Z,V11,Westminster,79f5b39e-d314-4ad3-8050-3ace553d67de,SAMMS-VCPHCS-XI-NorthDenverV5
202608312116372021,202608311905652564,202608311905652236,85,2776,Bronze INV,br_LiquidLog,TASK_COMPLETE,SUCCESS,INFO,143088,143088,0,,2026-08-31T19:06:18.658Z,2026-08-31T21:16:41.151Z,7823,2026-08-31T21:16:41.151Z,V12,Downtown Denver,79f5b39e-d314-4ad3-8050-3ace553d67de,SAMMS-VCPHCS-XII-DowntownDenverV5
202608312116372022,202608311905652565,202608311905652236,85,2777,Bronze INV,br_LiquidLog,TASK_COMPLETE,SUCCESS,INFO,83626,83626,0,,2026-08-31T19:06:18.658Z,2026-08-31T21:16:41.151Z,7823,2026-08-31T21:16:41.151Z,V12A,Centennial,79f5b39e-d314-4ad3-8050-3ace553d67de,SAMMS-CentennialV5
202608312116372023,202608311905652566,202608311905652236,85,2778,Bronze INV,br_LiquidLog,TASK_COMPLETE,SUCCESS,INFO,68934,68934,0,,2026-08-31T19:06:18.658Z,2026-08-31T21:16:41.151Z,7823,2026-08-31T21:16:41.151Z,V14,Overland Park,79f5b39e-d314-4ad3-8050-3ace553d67de,SAMMS-VCPHCS-XIV-BridgewayV5
202608312116372024,202608311905652567,202608311905652236,85,2779,Bronze INV,br_LiquidLog,TASK_COMPLETE,SUCCESS,INFO,118554,118554,0,,2026-08-31T19:06:18.658Z,2026-08-31T21:16:41.151Z,7823,2026-08-31T21:16:41.151Z,V15,Joplin,79f5b39e-d314-4ad3-8050-3ace553d67de,SAMMS-JoplinV5
202608312116372025,202608311905652568,202608311905652236,85,2781,Bronze INV,br_LiquidLog,TASK_COMPLETE,SUCCESS,INFO,60551,60551,0,,2026-08-31T19:06:18.658Z,2026-08-31T21:16:41.151Z,7823,2026-08-31T21:16:41.151Z,V17,Columbia TN,79f5b39e-d314-4ad3-8050-3ace553d67de,SAMMS-ColumbiaTNv5
202608312116372026,202608311905652569,202608311905652236,85,2783,Bronze INV,br_LiquidLog,TASK_COMPLETE,SUCCESS,INFO,226838,226838,0,,2026-08-31T19:06:18.658Z,2026-08-31T21:16:41.151Z,7823,2026-08-31T21:16:41.151Z,V19,Jackson,79f5b39e-d314-4ad3-8050-3ace553d67de,SAMMS-JacksonV5
202608312116372028,202608311905652570,202608311905652236,85,2785,Bronze INV,br_LiquidLog,TASK_COMPLETE,SUCCESS,INFO,207605,207605,0,,2026-08-31T19:06:18.658Z,2026-08-31T21:16:41.151Z,7823,2026-08-31T21:16:41.151Z,V20,Paris,79f5b39e-d314-4ad3-8050-3ace553d67de,SAMMS-ParisV5
202608312116372029,202608311905652571,202608311905652236,85,2786,Bronze INV,br_LiquidLog,TASK_COMPLETE,SUCCESS,INFO,175017,175017,0,,2026-08-31T19:06:18.658Z,2026-08-31T21:16:41.151Z,7823,2026-08-31T21:16:41.151Z,V21,Memphis North,79f5b39e-d314-4ad3-8050-3ace553d67de,SAMMS-RaleighV5
202608312116372030,202608311905652572,202608311905652236,85,2789,Bronze INV,br_LiquidLog,TASK_COMPLETE,SUCCESS,INFO,340962,340962,0,,2026-08-31T19:06:18.658Z,2026-08-31T21:16:41.151Z,7823,2026-08-31T21:16:41.151Z,V5,West Bank,79f5b39e-d314-4ad3-8050-3ace553d67de,SAMMS-NONTCv5
202608312116372031,202608311905652573,202608311905652236,85,2791,Bronze INV,br_LiquidLog,TASK_COMPLETE,SUCCESS,INFO,31548,31548,0,,2026-08-31T19:06:18.658Z,2026-08-31T21:16:41.151Z,7823,2026-08-31T21:16:41.151Z,V5B,Houma,79f5b39e-d314-4ad3-8050-3ace553d67de,SAMMS-HoumaV6
202608312116372032,202608311905652574,202608311905652236,85,2792,Bronze INV,br_LiquidLog,TASK_COMPLETE,SUCCESS,INFO,259496,259496,0,,2026-08-31T19:06:18.658Z,2026-08-31T21:16:41.151Z,7823,2026-08-31T21:16:41.151Z,V6,Lake Charles,79f5b39e-d314-4ad3-8050-3ace553d67de,SAMMS-LCv5
202608312116372033,202608311905652575,202608311905652236,85,2794,Bronze INV,br_LiquidLog,TASK_COMPLETE,SUCCESS,INFO,166454,166454,0,,2026-08-31T19:06:18.658Z,2026-08-31T21:16:41.151Z,7823,2026-08-31T21:16:41.151Z,V8,Memphis Midtown,79f5b39e-d314-4ad3-8050-3ace553d67de,SAMMS-VCPHCS-VIII-MemphisV5
202608312116372034,202608311905652576,202608311905652236,85,2795,Bronze INV,br_LiquidLog,TASK_COMPLETE,SUCCESS,INFO,309659,309659,0,,2026-08-31T19:06:18.658Z,2026-08-31T21:16:41.151Z,7823,2026-08-31T21:16:41.151Z,V9,Nashville,79f5b39e-d314-4ad3-8050-3ace553d67de,SAMMS-NashvilleV5
202608312116372035,202608311905652577,202608311905652236,85,2796,Bronze INV,br_LiquidLog,TASK_COMPLETE,SUCCESS,INFO,111895,111895,0,,2026-08-31T19:06:18.658Z,2026-08-31T21:16:41.151Z,7823,2026-08-31T21:16:41.151Z,VBRA,Brainerd,79f5b39e-d314-4ad3-8050-3ace553d67de,SAMMS-BrainerdV6
202608312116372037,202608311905652578,202608311905652236,85,2797,Bronze INV,br_LiquidLog,TASK_COMPLETE,SUCCESS,INFO,222075,222075,0,,2026-08-31T19:06:18.658Z,2026-08-31T21:16:41.151Z,7823,2026-08-31T21:16:41.151Z,VBRP,Brooklyn Park,79f5b39e-d314-4ad3-8050-3ace553d67de,SAMMS-BrooklynParkV6
202608312116372038,202608311905652579,202608311905652236,85,2799,Bronze INV,br_LiquidLog,TASK_COMPLETE,SUCCESS,INFO,139589,139589,0,,2026-08-31T19:06:18.658Z,2026-08-31T21:16:41.151Z,7823,2026-08-31T21:16:41.151Z,VMIN,Minneapolis,79f5b39e-d314-4ad3-8050-3ace553d67de,SAMMS-MinneapolisV6
202608312116372039,202608311905652580,202608311905652236,85,2800,Bronze INV,br_LiquidLog,TASK_COMPLETE,SUCCESS,INFO,251050,251050,0,,2026-08-31T19:06:18.658Z,2026-08-31T21:16:41.151Z,7823,2026-08-31T21:16:41.151Z,VWBY,Woodbury,79f5b39e-d314-4ad3-8050-3ace553d67de,SAMMS-WoodburyV6
202608312116371847,202608311905652409,202608311905652236,85,1983,Bronze INV,br_Bottle,TASK_COMPLETE,SUCCESS,INFO,82086,82086,0,,2026-08-31T19:06:18.658Z,2026-08-31T21:16:41.151Z,7823,2026-08-31T21:16:41.151Z,DRD-NOLA,NOLA,79f5b39e-d314-4ad3-8050-3ace553d67de,SAMMS-NOLAv5
202608312116371848,202608311905652410,202608311905652236,85,1984,Bronze INV,br_Bottle,TASK_COMPLETE,SUCCESS,INFO,65494,65494,0,,2026-08-31T19:06:18.658Z,2026-08-31T21:16:41.151Z,7823,2026-08-31T21:16:41.151Z,DRD-SF,Springfield,79f5b39e-d314-4ad3-8050-3ace553d67de,SAMMS-SFv5
202608312116371850,202608311905652411,202608311905652236,85,1986,Bronze INV,br_Bottle,TASK_COMPLETE,SUCCESS,INFO,4231,4231,0,,2026-08-31T19:06:18.658Z,2026-08-31T21:16:41.151Z,7823,2026-08-31T21:16:41.151Z,ELC,Elizabeth City,79f5b39e-d314-4ad3-8050-3ace553d67de,SAMMS-ElizabethCity
202608312116371851,202608311905652412,202608311905652236,85,1987,Bronze INV,br_Bottle,TASK_COMPLETE,SUCCESS,INFO,3137,3137,0,,2026-08-31T19:06:18.658Z,2026-08-31T21:16:41.151Z,7823,2026-08-31T21:16:41.151Z,ET,Elizabethtown,79f5b39e-d314-4ad3-8050-3ace553d67de,SAMMS-Elizabethtown
202608312116371852,202608311905652413,202608311905652236,85,1988,Bronze INV,br_Bottle,TASK_COMPLETE,SUCCESS,INFO,0,0,0,,2026-08-31T19:06:18.658Z,2026-08-31T21:16:41.151Z,7823,2026-08-31T21:16:41.151Z,FAY,Fayetteville,79f5b39e-d314-4ad3-8050-3ace553d67de,SAMMS-Fayetteville
202608312116371853,202608311905652414,202608311905652236,85,1989,Bronze INV,br_Bottle,TASK_COMPLETE,SUCCESS,INFO,3007,3007,0,,2026-08-31T19:06:18.658Z,2026-08-31T21:16:41.151Z,7823,2026-08-31T21:16:41.151Z,FR,Frankfort,79f5b39e-d314-4ad3-8050-3ace553d67de,SAMMS-Frankfort
202608312116371854,202608311905652415,202608311905652236,85,1990,Bronze INV,br_Bottle,TASK_COMPLETE,SUCCESS,INFO,0,0,0,,2026-08-31T19:06:18.658Z,2026-08-31T21:16:41.151Z,7823,2026-08-31T21:16:41.151Z,FS,Fort Smith,79f5b39e-d314-4ad3-8050-3ace553d67de,SAMMS-FortSmith
202608312116371855,202608311905652416,202608311905652236,85,1991,Bronze INV,br_Bottle,TASK_COMPLETE,SUCCESS,INFO,6145,6145,0,,2026-08-31T19:06:18.658Z,2026-08-31T21:16:41.151Z,7823,2026-08-31T21:16:41.151Z,FW,Fort Wayne,79f5b39e-d314-4ad3-8050-3ace553d67de,SAMMS-FortWayne
202608312116371856,202608311905652417,202608311905652236,85,1992,Bronze INV,br_Bottle,TASK_COMPLETE,SUCCESS,INFO,2969,2969,0,,2026-08-31T19:06:18.658Z,2026-08-31T21:16:41.151Z,7823,2026-08-31T21:16:41.151Z,GAL,Gaylord,79f5b39e-d314-4ad3-8050-3ace553d67de,SAMMS-Gaylord
202608312116371857,202608311905652418,202608311905652236,85,1996,Bronze INV,br_Bottle,TASK_COMPLETE,SUCCESS,INFO,42722,42722,0,,2026-08-31T19:06:18.658Z,2026-08-31T21:16:41.151Z,7823,2026-08-31T21:16:41.151Z,HGT,Hagerstown,79f5b39e-d314-4ad3-8050-3ace553d67de,SAMMS-Hagerstown
202608312116371858,202608311905652419,202608311905652236,85,1997,Bronze INV,br_Bottle,TASK_COMPLETE,SUCCESS,INFO,8069,8069,0,,2026-08-31T19:06:18.658Z,2026-08-31T21:16:41.151Z,7823,2026-08-31T21:16:41.151Z,HNT,Huntsville,79f5b39e-d314-4ad3-8050-3ace553d67de,SAMMS-Huntsville
202608312116371859,202608311905652420,202608311905652236,85,1998,Bronze INV,br_Bottle,TASK_COMPLETE,SUCCESS,INFO,0,0,0,,2026-08-31T19:06:18.658Z,2026-08-31T21:16:41.151Z,7823,2026-08-31T21:16:41.151Z,HS,Hot Springs,79f5b39e-d314-4ad3-8050-3ace553d67de,SAMMS-HotSprings
202608312116371860,202608311905652421,202608311905652236,85,1999,Bronze INV,br_Bottle,TASK_COMPLETE,SUCCESS,INFO,0,0,0,,2026-08-31T19:06:18.658Z,2026-08-31T21:16:41.151Z,7823,2026-08-31T21:16:41.151Z,JON,Jonesboro,79f5b39e-d314-4ad3-8050-3ace553d67de,SAMMS-Jonesboro
202608312116371862,202608311905652422,202608311905652236,85,2001,Bronze INV,br_Bottle,TASK_COMPLETE,SUCCESS,INFO,2646,2646,0,,2026-08-31T19:06:18.658Z,2026-08-31T21:16:41.151Z,7823,2026-08-31T21:16:41.151Z,LAN,Lansing,79f5b39e-d314-4ad3-8050-3ace553d67de,SAMMS-Lansing
202608312116371863,202608311905652423,202608311905652236,85,2002,Bronze INV,br_Bottle,TASK_COMPLETE,SUCCESS,INFO,7510,7510,0,,2026-08-31T19:06:18.658Z,2026-08-31T21:16:41.151Z,7823,2026-08-31T21:16:41.151Z,LO,Louisville,79f5b39e-d314-4ad3-8050-3ace553d67de,SAMMS-Louisville
202608312116371864,202608311905652424,202608311905652236,85,2003,Bronze INV,br_Bottle,TASK_COMPLETE,SUCCESS,INFO,2816,2816,0,,2026-08-31T19:06:18.658Z,2026-08-31T21:16:41.151Z,7823,2026-08-31T21:16:41.151Z,LV1,Cheyenne,79f5b39e-d314-4ad3-8050-3ace553d67de,SAMMS-Cheyenne
202608312116371865,202608311905652425,202608311905652236,85,2004,Bronze INV,br_Bottle,TASK_COMPLETE,SUCCESS,INFO,3017,3017,0,,2026-08-31T19:06:18.658Z,2026-08-31T21:16:41.151Z,7823,2026-08-31T21:16:41.151Z,LV2,Desert Inn,79f5b39e-d314-4ad3-8050-3ace553d67de,SAMMS-DesertInn
202608312116371866,202608311905652426,202608311905652236,85,2005,Bronze INV,br_Bottle,TASK_COMPLETE,SUCCESS,INFO,1591,1591,0,,2026-08-31T19:06:18.658Z,2026-08-31T21:16:41.151Z,7823,2026-08-31T21:16:41.151Z,LV3,McDaniel,79f5b39e-d314-4ad3-8050-3ace553d67de,SAMMS-McDaniel
202608312116371867,202608311905652427,202608311905652236,85,2008,Bronze INV,br_Bottle,TASK_COMPLETE,SUCCESS,INFO,2853,2853,0,,2026-08-31T19:06:18.658Z,2026-08-31T21:16:41.151Z,7823,2026-08-31T21:16:41.151Z,MNRE,Monroe,79f5b39e-d314-4ad3-8050-3ace553d67de,SAMMS-Monroe
202608312116371868,202608311905652428,202608311905652236,85,2009,Bronze INV,br_Bottle,TASK_COMPLETE,SUCCESS,INFO,5224,5224,0,,2026-08-31T19:06:18.658Z,2026-08-31T21:16:41.151Z,7823,2026-08-31T21:16:41.151Z,MP,Mt. Pleasant,79f5b39e-d314-4ad3-8050-3ace553d67de,SAMMS-MtPleasant
202608312116371869,202608311905652429,202608311905652236,85,2010,Bronze INV,br_Bottle,TASK_COMPLETE,SUCCESS,INFO,1312,1312,0,,2026-08-31T19:06:18.658Z,2026-08-31T21:16:41.151Z,7823,2026-08-31T21:16:41.151Z,MRD,Meridian,79f5b39e-d314-4ad3-8050-3ace553d67de,SAMMS-Meridian
202608312116371870,202608311905652430,202608311905652236,85,2015,Bronze INV,br_Bottle,TASK_COMPLETE,SUCCESS,INFO,4315,4315,0,,2026-08-31T19:06:18.658Z,2026-08-31T21:16:41.151Z,7823,2026-08-31T21:16:41.151Z,NC,North Charleston,79f5b39e-d314-4ad3-8050-3ace553d67de,SAMMS-NorthCharleston
202608312116371872,202608311905652431,202608311905652236,85,2016,Bronze INV,br_Bottle,TASK_COMPLETE,SUCCESS,INFO,0,0,0,,2026-08-31T19:06:18.658Z,2026-08-31T21:16:41.151Z,7823,2026-08-31T21:16:41.151Z,NLR,N. Little Rock,79f5b39e-d314-4ad3-8050-3ace553d67de,SAMMS-NLROBOT
202608312116371873,202608311905652432,202608311905652236,85,2017,Bronze INV,br_Bottle,TASK_COMPLETE,SUCCESS,INFO,619,619,0,,2026-08-31T19:06:18.658Z,2026-08-31T21:16:41.151Z,7823,2026-08-31T21:16:41.151Z,PH,Phoenix,79f5b39e-d314-4ad3-8050-3ace553d67de,SAMMS-Phoenix
202608312116371874,202608311905652433,202608311905652236,85,2021,Bronze INV,br_Bottle,TASK_COMPLETE,SUCCESS,INFO,2837,2837,0,,2026-08-31T19:06:18.658Z,2026-08-31T21:16:41.151Z,7823,2026-08-31T21:16:41.151Z,RE,Reno,79f5b39e-d314-4ad3-8050-3ace553d67de,SAMMS-Reno
202608312116371875,202608311905652434,202608311905652236,85,2022,Bronze INV,br_Bottle,TASK_COMPLETE,SUCCESS,INFO,4133,4133,0,,2026-08-31T19:06:18.658Z,2026-08-31T21:16:41.151Z,7823,2026-08-31T21:16:41.151Z,RMD,Richmond,79f5b39e-d314-4ad3-8050-3ace553d67de,SAMMS-Richmond
202608312116371876,202608311905652435,202608311905652236,85,2023,Bronze INV,br_Bottle,TASK_COMPLETE,SUCCESS,INFO,20197,20197,0,,2026-08-31T19:06:18.658Z,2026-08-31T21:16:41.151Z,7823,2026-08-31T21:16:41.151Z,SFN,Springfield North,79f5b39e-d314-4ad3-8050-3ace553d67de,SAMMS-SFNv5
202608312116371877,202608311905652436,202608311905652236,85,2024,Bronze INV,br_Bottle,TASK_COMPLETE,SUCCESS,INFO,7765,7765,0,,2026-08-31T19:06:18.658Z,2026-08-31T21:16:41.151Z,7823,2026-08-31T21:16:41.151Z,SHP,Shreveport,79f5b39e-d314-4ad3-8050-3ace553d67de,SAMMS-Shreveport
202608312116371878,202608311905652437,202608311905652236,85,2026,Bronze INV,br_Bottle,TASK_COMPLETE,SUCCESS,INFO,2611,2611,0,,2026-08-31T19:06:18.658Z,2026-08-31T21:16:41.151Z,7823,2026-08-31T21:16:41.151Z,STN,Staunton,79f5b39e-d314-4ad3-8050-3ace553d67de,SAMMS-Staunton
202608312116371880,202608311905652438,202608311905652236,85,2027,Bronze INV,br_Bottle,TASK_COMPLETE,SUCCESS,INFO,925,925,0,,2026-08-31T19:06:18.658Z,2026-08-31T21:16:41.151Z,7823,2026-08-31T21:16:41.151Z,STVN,Stevenson,79f5b39e-d314-4ad3-8050-3ace553d67de,SAMMS-Stevenson
202608312116371881,202608311905652439,202608311905652236,85,2029,Bronze INV,br_Bottle,TASK_COMPLETE,SUCCESS,INFO,712,712,0,,2026-08-31T19:06:18.658Z,2026-08-31T21:16:41.151Z,7823,2026-08-31T21:16:41.151Z,TE,Tempe,79f5b39e-d314-4ad3-8050-3ace553d67de,SAMMS-Tempe
202608312116371882,202608311905652440,202608311905652236,85,2030,Bronze INV,br_Bottle,TASK_COMPLETE,SUCCESS,INFO,0,0,0,,2026-08-31T19:06:18.658Z,2026-08-31T21:16:41.151Z,7823,2026-08-31T21:16:41.151Z,TEX,Texarkana,79f5b39e-d314-4ad3-8050-3ace553d67de,SAMMS-Texarkana
202608312116371883,202608311905652441,202608311905652236,85,2031,Bronze INV,br_Bottle,TASK_COMPLETE,SUCCESS,INFO,38677,38677,0,,2026-08-31T19:06:18.658Z,2026-08-31T21:16:41.151Z,7823,2026-08-31T21:16:41.151Z,TTCA,Bessemer,79f5b39e-d314-4ad3-8050-3ace553d67de,SAMMS-BessemerV5
202608312116371884,202608311905652442,202608311905652236,85,2032,Bronze INV,br_Bottle,TASK_COMPLETE,SUCCESS,INFO,9680,9680,0,,2026-08-31T19:06:18.658Z,2026-08-31T21:16:41.151Z,7823,2026-08-31T21:16:41.151Z,TTCB,Cullman,79f5b39e-d314-4ad3-8050-3ace553d67de,SAMMS-CullmanV5
202608312116371885,202608311905652443,202608311905652236,85,2033,Bronze INV,br_Bottle,TASK_COMPLETE,SUCCESS,INFO,12009,12009,0,,2026-08-31T19:06:18.658Z,2026-08-31T21:16:41.151Z,7823,2026-08-31T21:16:41.151Z,TTCC,Grand Bay,79f5b39e-d314-4ad3-8050-3ace553d67de,SAMMS-GrandBay
202608312116371886,202608311905652444,202608311905652236,85,2034,Bronze INV,br_Bottle,TASK_COMPLETE,SUCCESS,INFO,581,581,0,,2026-08-31T19:06:18.658Z,2026-08-31T21:16:41.151Z,7823,2026-08-31T21:16:41.151Z,TU,Tucson,79f5b39e-d314-4ad3-8050-3ace553d67de,SAMMS-Tucson
202608312116371887,202608311905652445,202608311905652236,85,2036,Bronze INV,br_Bottle,TASK_COMPLETE,SUCCESS,INFO,36471,36471,0,,2026-08-31T19:06:18.658Z,2026-08-31T21:16:41.151Z,7823,2026-08-31T21:16:41.151Z,V1,Memphis South,79f5b39e-d314-4ad3-8050-3ace553d67de,SAMMS-VCPHCS-I-MemphisV5
202608312116371889,202608311905652446,202608311905652236,85,2037,Bronze INV,br_Bottle,TASK_COMPLETE,SUCCESS,INFO,11386,11386,0,,2026-08-31T19:06:18.658Z,2026-08-31T21:16:41.151Z,7823,2026-08-31T21:16:41.151Z,V10,Longmont,79f5b39e-d314-4ad3-8050-3ace553d67de,SAMMS-BoulderV5
202608312116371890,202608311905652447,202608311905652236,85,2038,Bronze INV,br_Bottle,TASK_COMPLETE,SUCCESS,INFO,10742,10742,0,,2026-08-31T19:06:18.658Z,2026-08-31T21:16:41.151Z,7823,2026-08-31T21:16:41.151Z,V10A,Fort Collins,79f5b39e-d314-4ad3-8050-3ace553d67de,SAMMS-FortCollinsV5
202608312116371891,202608311905652448,202608311905652236,85,2039,Bronze INV,br_Bottle,TASK_COMPLETE,SUCCESS,INFO,21449,21449,0,,2026-08-31T19:06:18.658Z,2026-08-31T21:16:41.151Z,7823,2026-08-31T21:16:41.151Z,V11,Westminster,79f5b39e-d314-4ad3-8050-3ace553d67de,SAMMS-VCPHCS-XI-NorthDenverV5
202608312116371892,202608311905652449,202608311905652236,85,2040,Bronze INV,br_Bottle,TASK_COMPLETE,SUCCESS,INFO,26177,26177,0,,2026-08-31T19:06:18.658Z,2026-08-31T21:16:41.151Z,7823,2026-08-31T21:16:41.151Z,V12,Downtown Denver,79f5b39e-d314-4ad3-8050-3ace553d67de,SAMMS-VCPHCS-XII-DowntownDenverV5
202608312116371893,202608311905652450,202608311905652236,85,2041,Bronze INV,br_Bottle,TASK_COMPLETE,SUCCESS,INFO,6434,6434,0,,2026-08-31T19:06:18.658Z,2026-08-31T21:16:41.151Z,7823,2026-08-31T21:16:41.151Z,V12A,Centennial,79f5b39e-d314-4ad3-8050-3ace553d67de,SAMMS-CentennialV5
202608312116371894,202608311905652451,202608311905652236,85,2042,Bronze INV,br_Bottle,TASK_COMPLETE,SUCCESS,INFO,12731,12731,0,,2026-08-31T19:06:18.658Z,2026-08-31T21:16:41.151Z,7823,2026-08-31T21:16:41.151Z,V14,Overland Park,79f5b39e-d314-4ad3-8050-3ace553d67de,SAMMS-VCPHCS-XIV-BridgewayV5
202608312116371896,202608311905652452,202608311905652236,85,2043,Bronze INV,br_Bottle,TASK_COMPLETE,SUCCESS,INFO,14966,14966,0,,2026-08-31T19:06:18.658Z,2026-08-31T21:16:41.151Z,7823,2026-08-31T21:16:41.151Z,V15,Joplin,79f5b39e-d314-4ad3-8050-3ace553d67de,SAMMS-JoplinV5
202608312116371897,202608311905652453,202608311905652236,85,2045,Bronze INV,br_Bottle,TASK_COMPLETE,SUCCESS,INFO,7060,7060,0,,2026-08-31T19:06:18.658Z,2026-08-31T21:16:41.151Z,7823,2026-08-31T21:16:41.151Z,V17,Columbia TN,79f5b39e-d314-4ad3-8050-3ace553d67de,SAMMS-ColumbiaTNv5
202608312116371898,202608311905652454,202608311905652236,85,2047,Bronze INV,br_Bottle,TASK_COMPLETE,SUCCESS,INFO,38858,38858,0,,2026-08-31T19:06:18.658Z,2026-08-31T21:16:41.151Z,7823,2026-08-31T21:16:41.151Z,V19,Jackson,79f5b39e-d314-4ad3-8050-3ace553d67de,SAMMS-JacksonV5
202608312116371899,202608311905652455,202608311905652236,85,2049,Bronze INV,br_Bottle,TASK_COMPLETE,SUCCESS,INFO,50518,50518,0,,2026-08-31T19:06:18.658Z,2026-08-31T21:16:41.151Z,7823,2026-08-31T21:16:41.151Z,V20,Paris,79f5b39e-d314-4ad3-8050-3ace553d67de,SAMMS-ParisV5
202608312116371900,202608311905652456,202608311905652236,85,2050,Bronze INV,br_Bottle,TASK_COMPLETE,SUCCESS,INFO,36119,36119,0,,2026-08-31T19:06:18.658Z,2026-08-31T21:16:41.151Z,7823,2026-08-31T21:16:41.151Z,V21,Memphis North,79f5b39e-d314-4ad3-8050-3ace553d67de,SAMMS-RaleighV5
202608312116371901,202608311905652457,202608311905652236,85,2053,Bronze INV,br_Bottle,TASK_COMPLETE,SUCCESS,INFO,67535,67535,0,,2026-08-31T19:06:18.658Z,2026-08-31T21:16:41.151Z,7823,2026-08-31T21:16:41.151Z,V5,West Bank,79f5b39e-d314-4ad3-8050-3ace553d67de,SAMMS-NONTCv5
202608312116371902,202608311905652458,202608311905652236,85,2055,Bronze INV,br_Bottle,TASK_COMPLETE,SUCCESS,INFO,740,740,0,,2026-08-31T19:06:18.658Z,2026-08-31T21:16:41.151Z,7823,2026-08-31T21:16:41.151Z,V5B,Houma,79f5b39e-d314-4ad3-8050-3ace553d67de,SAMMS-HoumaV6
202608312116371903,202608311905652459,202608311905652236,85,2056,Bronze INV,br_Bottle,TASK_COMPLETE,SUCCESS,INFO,40211,40211,0,,2026-08-31T19:06:18.658Z,2026-08-31T21:16:41.151Z,7823,2026-08-31T21:16:41.151Z,V6,Lake Charles,79f5b39e-d314-4ad3-8050-3ace553d67de,SAMMS-LCv5
202608312116371905,202608311905652460,202608311905652236,85,2058,Bronze INV,br_Bottle,TASK_COMPLETE,SUCCESS,INFO,41828,41828,0,,2026-08-31T19:06:18.658Z,2026-08-31T21:16:41.151Z,7823,2026-08-31T21:16:41.151Z,V8,Memphis Midtown,79f5b39e-d314-4ad3-8050-3ace553d67de,SAMMS-VCPHCS-VIII-MemphisV5
202608312116371906,202608311905652461,202608311905652236,85,2059,Bronze INV,br_Bottle,TASK_COMPLETE,SUCCESS,INFO,86805,86805,0,,2026-08-31T19:06:18.658Z,2026-08-31T21:16:41.151Z,7823,2026-08-31T21:16:41.151Z,V9,Nashville,79f5b39e-d314-4ad3-8050-3ace553d67de,SAMMS-NashvilleV5
202608312116371907,202608311905652462,202608311905652236,85,2060,Bronze INV,br_Bottle,TASK_COMPLETE,SUCCESS,INFO,5563,5563,0,,2026-08-31T19:06:18.658Z,2026-08-31T21:16:41.151Z,7823,2026-08-31T21:16:41.151Z,VBRA,Brainerd,79f5b39e-d314-4ad3-8050-3ace553d67de,SAMMS-BrainerdV6
202608312116371908,202608311905652463,202608311905652236,85,2061,Bronze INV,br_Bottle,TASK_COMPLETE,SUCCESS,INFO,12687,12687,0,,2026-08-31T19:06:18.658Z,2026-08-31T21:16:41.151Z,7823,2026-08-31T21:16:41.151Z,VBRP,Brooklyn Park,79f5b39e-d314-4ad3-8050-3ace553d67de,SAMMS-BrooklynParkV6
202608312116371909,202608311905652464,202608311905652236,85,2063,Bronze INV,br_Bottle,TASK_COMPLETE,SUCCESS,INFO,7146,7146,0,,2026-08-31T19:06:18.658Z,2026-08-31T21:16:41.151Z,7823,2026-08-31T21:16:41.151Z,VMIN,Minneapolis,79f5b39e-d314-4ad3-8050-3ace553d67de,SAMMS-MinneapolisV6
202608312116371910,202608311905652465,202608311905652236,85,2064,Bronze INV,br_Bottle,TASK_COMPLETE,SUCCESS,INFO,14990,14990,0,,2026-08-31T19:06:18.658Z,2026-08-31T21:16:41.151Z,7823,2026-08-31T21:16:41.151Z,VWBY,Woodbury,79f5b39e-d314-4ad3-8050-3ace553d67de,SAMMS-WoodburyV6
202608312116371911,202608311905652466,202608311905652236,85,2066,Bronze INV,br_Bottle,TASK_COMPLETE,SUCCESS,INFO,6940,6940,0,,2026-08-31T19:06:18.658Z,2026-08-31T21:16:41.151Z,7823,2026-08-31T21:16:41.151Z,WIL,Wilson,79f5b39e-d314-4ad3-8050-3ace553d67de,SAMMS-Wilson
202608312116371912,202608311905652467,202608311905652236,85,2622,Bronze INV,br_LiquidLog,TASK_COMPLETE,SUCCESS,INFO,32087,32087,0,,2026-08-31T19:06:18.658Z,2026-08-31T21:16:41.151Z,7823,2026-08-31T21:16:41.151Z,AHK,Ahoskie,79f5b39e-d314-4ad3-8050-3ace553d67de,SAMMS-Ahoskie
202608312116371914,202608311905652468,202608311905652236,85,2623,Bronze INV,br_LiquidLog,TASK_COMPLETE,SUCCESS,INFO,63017,63017,0,,2026-08-31T19:06:18.658Z,2026-08-31T21:16:41.151Z,7823,2026-08-31T21:16:41.151Z,B12B,Colorado Springs,79f5b39e-d314-4ad3-8050-3ace553d67de,SAMMS-ColoradoSpringsV5
202608312116371915,202608311905652469,202608311905652236,85,2624,Bronze INV,br_LiquidLog,TASK_COMPLETE,SUCCESS,INFO,267852,267852,0,,2026-08-31T19:06:18.658Z,2026-08-31T21:16:41.151Z,7823,2026-08-31T21:16:41.151Z,B24,Paintsville,79f5b39e-d314-4ad3-8050-3ace553d67de,SAMMS-PaintsvilleV5
202608312116371916,202608311905652470,202608311905652236,85,2625,Bronze INV,br_LiquidLog,TASK_COMPLETE,SUCCESS,INFO,199269,199269,0,,2026-08-31T19:06:18.658Z,2026-08-31T21:16:41.151Z,7823,2026-08-31T21:16:41.151Z,B25,Pikeville,79f5b39e-d314-4ad3-8050-3ace553d67de,SAMMS-PikevilleV5
202608312116371917,202608311905652471,202608311905652236,85,2626,Bronze INV,br_LiquidLog,TASK_COMPLETE,SUCCESS,INFO,479202,479202,0,,2026-08-31T19:06:18.658Z,2026-08-31T21:16:41.151Z,7823,2026-08-31T21:16:41.151Z,B26,Hazard,79f5b39e-d314-4ad3-8050-3ace553d67de,SAMMS-HazardV5
202608312116371918,202608311905652472,202608311905652236,85,2627,Bronze INV,br_LiquidLog,TASK_COMPLETE,SUCCESS,INFO,50872,50872,0,,2026-08-31T19:06:18.658Z,2026-08-31T21:16:41.151Z,7823,2026-08-31T21:16:41.151Z,B27,Savannah,79f5b39e-d314-4ad3-8050-3ace553d67de,SAMMS-SavannahV6
202608312116371919,202608311905652473,202608311905652236,85,2628,Bronze INV,br_LiquidLog,TASK_COMPLETE,SUCCESS,INFO,134781,134781,0,,2026-08-31T19:06:18.658Z,2026-08-31T21:16:41.151Z,7823,2026-08-31T21:16:41.151Z,B28,West Plains,79f5b39e-d314-4ad3-8050-3ace553d67de,SAMMS-WestPlainesV5
202608312116371920,202608311905652474,202608311905652236,85,2629,Bronze INV,br_LiquidLog,TASK_COMPLETE,SUCCESS,INFO,92824,92824,0,,2026-08-31T19:06:18.658Z,2026-08-31T21:16:41.151Z,7823,2026-08-31T21:16:41.151Z,B29,Poplar Bluff,79f5b39e-d314-4ad3-8050-3ace553d67de,SAMMS-PoplarBluffV5
202608312116371921,202608311905652475,202608311905652236,85,2630,Bronze INV,br_LiquidLog,TASK_COMPLETE,SUCCESS,INFO,50602,50602,0,,2026-08-31T19:06:18.658Z,2026-08-31T21:16:41.151Z,7823,2026-08-31T21:16:41.151Z,B30,KC North,79f5b39e-d314-4ad3-8050-3ace553d67de,SAMMS-KCNv5
202608312116371923,202608311905652476,202608311905652236,85,2631,Bronze INV,br_LiquidLog,TASK_COMPLETE,SUCCESS,INFO,237593,237593,0,,2026-08-31T19:06:18.658Z,2026-08-31T21:16:41.151Z,7823,2026-08-31T21:16:41.151Z,B31,Dyersburg,79f5b39e-d314-4ad3-8050-3ace553d67de,SAMMS-DyersburgV5
202608312116371924,202608311905652477,202608311905652236,85,2633,Bronze INV,br_LiquidLog,TASK_COMPLETE,SUCCESS,INFO,175332,175332,0,,2026-08-31T19:06:18.658Z,2026-08-31T21:16:41.151Z,7823,2026-08-31T21:16:41.151Z,B33,Paducah,79f5b39e-d314-4ad3-8050-3ace553d67de,SAMMS-Paducah
202608312116371925,202608311905652478,202608311905652236,85,2634,Bronze INV,br_LiquidLog,TASK_COMPLETE,SUCCESS,INFO,281244,281244,0,,2026-08-31T19:06:18.658Z,2026-08-31T21:16:41.151Z,7823,2026-08-31T21:16:41.151Z,B34,Corbin,79f5b39e-d314-4ad3-8050-3ace553d67de,SAMMS-CorbinV5
202608312116371926,202608311905652479,202608311905652236,85,2635,Bronze INV,br_LiquidLog,TASK_COMPLETE,SUCCESS,INFO,545761,545761,0,,2026-08-31T19:06:18.658Z,2026-08-31T21:16:41.151Z,7823,2026-08-31T21:16:41.151Z,B35,Lexington,79f5b39e-d314-4ad3-8050-3ace553d67de,SAMMS-LexingtonV5
202608312116371927,202608311905652480,202608311905652236,85,2636,Bronze INV,br_LiquidLog,TASK_COMPLETE,SUCCESS,INFO,181819,181819,0,,2026-08-31T19:06:18.658Z,2026-08-31T21:16:41.151Z,7823,2026-08-31T21:16:41.151Z,B35A,Berea,79f5b39e-d314-4ad3-8050-3ace553d67de,SAMMS-BereaV5
202608312116371928,202608311905652481,202608311905652236,85,2637,Bronze INV,br_LiquidLog,TASK_COMPLETE,SUCCESS,INFO,168026,168026,0,,2026-08-31T19:06:18.658Z,2026-08-31T21:16:41.151Z,7823,2026-08-31T21:16:41.151Z,B36,Asheville,79f5b39e-d314-4ad3-8050-3ace553d67de,SAMMS-AshevilleV5
202608312116371929,202608311905652482,202608311905652236,85,2638,Bronze INV,br_LiquidLog,TASK_COMPLETE,SUCCESS,INFO,126285,126285,0,,2026-08-31T19:06:18.658Z,2026-08-31T21:16:41.151Z,7823,2026-08-31T21:16:41.151Z,B37,Clyde,79f5b39e-d314-4ad3-8050-3ace553d67de,SAMMS-ClydeV5
202608312116371930,202608311905652483,202608311905652236,85,2639,Bronze INV,br_LiquidLog,TASK_COMPLETE,SUCCESS,INFO,195140,195140,0,,2026-08-31T19:06:18.658Z,2026-08-31T21:16:41.151Z,7823,2026-08-31T21:16:41.151Z,B38,Spartanburg,79f5b39e-d314-4ad3-8050-3ace553d67de,SAMMS-SpartanburgV5
202608312116371931,202608311905652484,202608311905652236,85,2640,Bronze INV,br_LiquidLog,TASK_COMPLETE,SUCCESS,INFO,76985,76985,0,,2026-08-31T19:06:18.658Z,2026-08-31T21:16:41.151Z,7823,2026-08-31T21:16:41.151Z,B39,Aiken,79f5b39e-d314-4ad3-8050-3ace553d67de,SAMMS-AikenV5
202608312116371932,202608311905652485,202608311905652236,85,2641,Bronze INV,br_LiquidLog,TASK_COMPLETE,SUCCESS,INFO,124189,124189,0,,2026-08-31T19:06:18.658Z,2026-08-31T21:16:41.151Z,7823,2026-08-31T21:16:41.151Z,B41,Chesapeake,79f5b39e-d314-4ad3-8050-3ace553d67de,SAMMS-ChesapeakeV5
202608312116371933,202608311905652486,202608311905652236,85,2642,Bronze INV,br_LiquidLog,TASK_COMPLETE,SUCCESS,INFO,170434,170434,0,,2026-08-31T19:06:18.658Z,2026-08-31T21:16:41.151Z,7823,2026-08-31T21:16:41.151Z,B42,Virginia Beach,79f5b39e-d314-4ad3-8050-3ace553d67de,SAMMS-VirginiaBeachV5
202608312116371934,202608311905652487,202608311905652236,85,2643,Bronze INV,br_LiquidLog,TASK_COMPLETE,SUCCESS,INFO,101658,101658,0,,2026-08-31T19:06:18.658Z,2026-08-31T21:16:41.151Z,7823,2026-08-31T21:16:41.151Z,B42A,Newport News,79f5b39e-d314-4ad3-8050-3ace553d67de,SAMMS-NewportNewsV5
202608312116371936,202608311905652488,202608311905652236,85,2644,Bronze INV,br_LiquidLog,TASK_COMPLETE,SUCCESS,INFO,23874,23874,0,,2026-08-31T19:06:18.658Z,2026-08-31T21:16:41.151Z,7823,2026-08-31T21:16:41.151Z,B42B,Franklin,79f5b39e-d314-4ad3-8050-3ace553d67de,SAMMS-FranklinV5
202608312116371937,202608311905652489,202608311905652236,85,2645,Bronze INV,br_LiquidLog,TASK_COMPLETE,SUCCESS,INFO,125354,125354,0,,2026-08-31T19:06:18.658Z,2026-08-31T21:16:41.151Z,7823,2026-08-31T21:16:41.151Z,B42C,Glen Allen,79f5b39e-d314-4ad3-8050-3ace553d67de,SAMMS-GlenAllenV5
202608312116371938,202608311905652490,202608311905652236,85,2646,Bronze INV,br_LiquidLog,TASK_COMPLETE,SUCCESS,INFO,89216,89216,0,,2026-08-31T19:06:18.658Z,2026-08-31T21:16:41.151Z,7823,2026-08-31T21:16:41.151Z,B42D,Chesapeake South,79f5b39e-d314-4ad3-8050-3ace553d67de,SAMMS-ChesapeakeSouthV5
202608312116371939,202608311905652491,202608311905652236,85,2647,Bronze INV,br_LiquidLog,TASK_COMPLETE,SUCCESS,INFO,79172,79172,0,,2026-08-31T19:06:18.658Z,2026-08-31T21:16:41.151Z,7823,2026-08-31T21:16:41.151Z,B44,Albany,79f5b39e-d314-4ad3-8050-3ace553d67de,SAMMS-AlbanyV5
202608312116371940,202608311905652492,202608311905652236,85,2648,Bronze INV,br_LiquidLog,TASK_COMPLETE,SUCCESS,INFO,138394,138394,0,,2026-08-31T19:06:18.658Z,2026-08-31T21:16:41.151Z,7823,2026-08-31T21:16:41.151Z,B45,Tifton,79f5b39e-d314-4ad3-8050-3ace553d67de,SAMMS-TiftonV5
202608312116371941,202608311905652493,202608311905652236,85,2649,Bronze INV,br_LiquidLog,TASK_COMPLETE,SUCCESS,INFO,134854,134854,0,,2026-08-31T19:06:18.658Z,2026-08-31T21:16:41.151Z,7823,2026-08-31T21:16:41.151Z,B46,Washington DC,79f5b39e-d314-4ad3-8050-3ace553d67de,SAMMS-WashingtonDCv5
202608312116371942,202608311905652494,202608311905652236,85,2650,Bronze INV,br_LiquidLog,TASK_COMPLETE,SUCCESS,INFO,136336,136336,0,,2026-08-31T19:06:18.658Z,2026-08-31T21:16:41.151Z,7823,2026-08-31T21:16:41.151Z,B47,Mobile,79f5b39e-d314-4ad3-8050-3ace553d67de,SAMMS-MobileV5
202609022122570589,202609021903206248,202609021903206075,85,1983,Bronze INV,br_Bottle,TASK_COMPLETE,SUCCESS,INFO,82086,82086,0,,2026-09-02T19:03:39.838Z,2026-09-02T21:23:00.812Z,8361,2026-09-02T21:23:00.812Z,DRD-NOLA,NOLA,c49685cc-3281-44bc-a1c2-3be5b1110999,SAMMS-NOLAv5
202609022122570590,202609021903206249,202609021903206075,85,1984,Bronze INV,br_Bottle,TASK_COMPLETE,SUCCESS,INFO,65494,65494,0,,2026-09-02T19:03:39.838Z,2026-09-02T21:23:00.812Z,8361,2026-09-02T21:23:00.812Z,DRD-SF,Springfield,c49685cc-3281-44bc-a1c2-3be5b1110999,SAMMS-SFv5
202609022122570591,202609021903206250,202609021903206075,85,1986,Bronze INV,br_Bottle,TASK_COMPLETE,SUCCESS,INFO,4231,4231,0,,2026-09-02T19:03:39.838Z,2026-09-02T21:23:00.812Z,8361,2026-09-02T21:23:00.812Z,ELC,Elizabeth City,c49685cc-3281-44bc-a1c2-3be5b1110999,SAMMS-ElizabethCity
202609022122570593,202609021903206251,202609021903206075,85,1987,Bronze INV,br_Bottle,TASK_COMPLETE,SUCCESS,INFO,3137,3137,0,,2026-09-02T19:03:39.838Z,2026-09-02T21:23:00.812Z,8361,2026-09-02T21:23:00.812Z,ET,Elizabethtown,c49685cc-3281-44bc-a1c2-3be5b1110999,SAMMS-Elizabethtown
202609022122570594,202609021903206252,202609021903206075,85,1988,Bronze INV,br_Bottle,TASK_COMPLETE,SUCCESS,INFO,0,0,0,,2026-09-02T19:03:39.838Z,2026-09-02T21:23:00.812Z,8361,2026-09-02T21:23:00.812Z,FAY,Fayetteville,c49685cc-3281-44bc-a1c2-3be5b1110999,SAMMS-Fayetteville
202609022122570595,202609021903206253,202609021903206075,85,1989,Bronze INV,br_Bottle,TASK_COMPLETE,SUCCESS,INFO,3007,3007,0,,2026-09-02T19:03:39.838Z,2026-09-02T21:23:00.812Z,8361,2026-09-02T21:23:00.812Z,FR,Frankfort,c49685cc-3281-44bc-a1c2-3be5b1110999,SAMMS-Frankfort
202609022122570596,202609021903206254,202609021903206075,85,1990,Bronze INV,br_Bottle,TASK_COMPLETE,SUCCESS,INFO,0,0,0,,2026-09-02T19:03:39.838Z,2026-09-02T21:23:00.812Z,8361,2026-09-02T21:23:00.812Z,FS,Fort Smith,c49685cc-3281-44bc-a1c2-3be5b1110999,SAMMS-FortSmith
202609022122570597,202609021903206255,202609021903206075,85,1991,Bronze INV,br_Bottle,TASK_COMPLETE,SUCCESS,INFO,6231,6231,0,,2026-09-02T19:03:39.838Z,2026-09-02T21:23:00.812Z,8361,2026-09-02T21:23:00.812Z,FW,Fort Wayne,c49685cc-3281-44bc-a1c2-3be5b1110999,SAMMS-FortWayne
202609022122570598,202609021903206256,202609021903206075,85,1992,Bronze INV,br_Bottle,TASK_COMPLETE,SUCCESS,INFO,2969,2969,0,,2026-09-02T19:03:39.838Z,2026-09-02T21:23:00.812Z,8361,2026-09-02T21:23:00.812Z,GAL,Gaylord,c49685cc-3281-44bc-a1c2-3be5b1110999,SAMMS-Gaylord
202609022122570599,202609021903206257,202609021903206075,85,1996,Bronze INV,br_Bottle,TASK_COMPLETE,SUCCESS,INFO,42722,42722,0,,2026-09-02T19:03:39.838Z,2026-09-02T21:23:00.812Z,8361,2026-09-02T21:23:00.812Z,HGT,Hagerstown,c49685cc-3281-44bc-a1c2-3be5b1110999,SAMMS-Hagerstown
202609022122570600,202609021903206258,202609021903206075,85,1997,Bronze INV,br_Bottle,TASK_COMPLETE,SUCCESS,INFO,8319,8319,0,,2026-09-02T19:03:39.838Z,2026-09-02T21:23:00.812Z,8361,2026-09-02T21:23:00.812Z,HNT,Huntsville,c49685cc-3281-44bc-a1c2-3be5b1110999,SAMMS-Huntsville
202609022122570601,202609021903206259,202609021903206075,85,1998,Bronze INV,br_Bottle,TASK_COMPLETE,SUCCESS,INFO,0,0,0,,2026-09-02T19:03:39.838Z,2026-09-02T21:23:00.812Z,8361,2026-09-02T21:23:00.812Z,HS,Hot Springs,c49685cc-3281-44bc-a1c2-3be5b1110999,SAMMS-HotSprings
202609022122570602,202609021903206260,202609021903206075,85,1999,Bronze INV,br_Bottle,TASK_COMPLETE,SUCCESS,INFO,0,0,0,,2026-09-02T19:03:39.838Z,2026-09-02T21:23:00.812Z,8361,2026-09-02T21:23:00.812Z,JON,Jonesboro,c49685cc-3281-44bc-a1c2-3be5b1110999,SAMMS-Jonesboro
202609022122570604,202609021903206261,202609021903206075,85,2001,Bronze INV,br_Bottle,TASK_COMPLETE,SUCCESS,INFO,2726,2726,0,,2026-09-02T19:03:39.838Z,2026-09-02T21:23:00.812Z,8361,2026-09-02T21:23:00.812Z,LAN,Lansing,c49685cc-3281-44bc-a1c2-3be5b1110999,SAMMS-Lansing
202609022122570605,202609021903206262,202609021903206075,85,2002,Bronze INV,br_Bottle,TASK_COMPLETE,SUCCESS,INFO,7510,7510,0,,2026-09-02T19:03:39.838Z,2026-09-02T21:23:00.812Z,8361,2026-09-02T21:23:00.812Z,LO,Louisville,c49685cc-3281-44bc-a1c2-3be5b1110999,SAMMS-Louisville
202609022122570606,202609021903206263,202609021903206075,85,2003,Bronze INV,br_Bottle,TASK_COMPLETE,SUCCESS,INFO,2816,2816,0,,2026-09-02T19:03:39.838Z,2026-09-02T21:23:00.812Z,8361,2026-09-02T21:23:00.812Z,LV1,Cheyenne,c49685cc-3281-44bc-a1c2-3be5b1110999,SAMMS-Cheyenne
202609022122570607,202609021903206264,202609021903206075,85,2004,Bronze INV,br_Bottle,TASK_COMPLETE,SUCCESS,INFO,3098,3098,0,,2026-09-02T19:03:39.838Z,2026-09-02T21:23:00.812Z,8361,2026-09-02T21:23:00.812Z,LV2,Desert Inn,c49685cc-3281-44bc-a1c2-3be5b1110999,SAMMS-DesertInn
202609022122570608,202609021903206265,202609021903206075,85,2005,Bronze INV,br_Bottle,TASK_COMPLETE,SUCCESS,INFO,1631,1631,0,,2026-09-02T19:03:39.838Z,2026-09-02T21:23:00.812Z,8361,2026-09-02T21:23:00.812Z,LV3,McDaniel,c49685cc-3281-44bc-a1c2-3be5b1110999,SAMMS-McDaniel
202609022122570609,202609021903206266,202609021903206075,85,2008,Bronze INV,br_Bottle,TASK_COMPLETE,SUCCESS,INFO,2853,2853,0,,2026-09-02T19:03:39.838Z,2026-09-02T21:23:00.812Z,8361,2026-09-02T21:23:00.812Z,MNRE,Monroe,c49685cc-3281-44bc-a1c2-3be5b1110999,SAMMS-Monroe
202609022122570610,202609021903206267,202609021903206075,85,2009,Bronze INV,br_Bottle,TASK_COMPLETE,SUCCESS,INFO,5224,5224,0,,2026-09-02T19:03:39.838Z,2026-09-02T21:23:00.812Z,8361,2026-09-02T21:23:00.812Z,MP,Mt. Pleasant,c49685cc-3281-44bc-a1c2-3be5b1110999,SAMMS-MtPleasant
202609022122570611,202609021903206268,202609021903206075,85,2010,Bronze INV,br_Bottle,TASK_COMPLETE,SUCCESS,INFO,1381,1381,0,,2026-09-02T19:03:39.838Z,2026-09-02T21:23:00.812Z,8361,2026-09-02T21:23:00.812Z,MRD,Meridian,c49685cc-3281-44bc-a1c2-3be5b1110999,SAMMS-Meridian
202609022122570612,202609021903206269,202609021903206075,85,2015,Bronze INV,br_Bottle,TASK_COMPLETE,SUCCESS,INFO,4315,4315,0,,2026-09-02T19:03:39.838Z,2026-09-02T21:23:00.812Z,8361,2026-09-02T21:23:00.812Z,NC,North Charleston,c49685cc-3281-44bc-a1c2-3be5b1110999,SAMMS-NorthCharleston
202609022122570613,202609021903206270,202609021903206075,85,2016,Bronze INV,br_Bottle,TASK_COMPLETE,SUCCESS,INFO,0,0,0,,2026-09-02T19:03:39.838Z,2026-09-02T21:23:00.812Z,8361,2026-09-02T21:23:00.812Z,NLR,N. Little Rock,c49685cc-3281-44bc-a1c2-3be5b1110999,SAMMS-NLROBOT
202609022122570614,202609021903206271,202609021903206075,85,2017,Bronze INV,br_Bottle,TASK_COMPLETE,SUCCESS,INFO,619,619,0,,2026-09-02T19:03:39.838Z,2026-09-02T21:23:00.812Z,8361,2026-09-02T21:23:00.812Z,PH,Phoenix,c49685cc-3281-44bc-a1c2-3be5b1110999,SAMMS-Phoenix
202609022122570616,202609021903206272,202609021903206075,85,2021,Bronze INV,br_Bottle,TASK_COMPLETE,SUCCESS,INFO,2837,2837,0,,2026-09-02T19:03:39.838Z,2026-09-02T21:23:00.812Z,8361,2026-09-02T21:23:00.812Z,RE,Reno,c49685cc-3281-44bc-a1c2-3be5b1110999,SAMMS-Reno
202609022122570617,202609021903206273,202609021903206075,85,2022,Bronze INV,br_Bottle,TASK_COMPLETE,SUCCESS,INFO,4235,4235,0,,2026-09-02T19:03:39.838Z,2026-09-02T21:23:00.812Z,8361,2026-09-02T21:23:00.812Z,RMD,Richmond,c49685cc-3281-44bc-a1c2-3be5b1110999,SAMMS-Richmond
202609022122570618,202609021903206274,202609021903206075,85,2023,Bronze INV,br_Bottle,TASK_COMPLETE,SUCCESS,INFO,20197,20197,0,,2026-09-02T19:03:39.838Z,2026-09-02T21:23:00.812Z,8361,2026-09-02T21:23:00.812Z,SFN,Springfield North,c49685cc-3281-44bc-a1c2-3be5b1110999,SAMMS-SFNv5
202609022122570619,202609021903206275,202609021903206075,85,2024,Bronze INV,br_Bottle,TASK_COMPLETE,SUCCESS,INFO,7765,7765,0,,2026-09-02T19:03:39.838Z,2026-09-02T21:23:00.812Z,8361,2026-09-02T21:23:00.812Z,SHP,Shreveport,c49685cc-3281-44bc-a1c2-3be5b1110999,SAMMS-Shreveport
202609022122570620,202609021903206276,202609021903206075,85,2026,Bronze INV,br_Bottle,TASK_COMPLETE,SUCCESS,INFO,2611,2611,0,,2026-09-02T19:03:39.838Z,2026-09-02T21:23:00.812Z,8361,2026-09-02T21:23:00.812Z,STN,Staunton,c49685cc-3281-44bc-a1c2-3be5b1110999,SAMMS-Staunton
202609022122570621,202609021903206277,202609021903206075,85,2027,Bronze INV,br_Bottle,TASK_COMPLETE,SUCCESS,INFO,925,925,0,,2026-09-02T19:03:39.838Z,2026-09-02T21:23:00.812Z,8361,2026-09-02T21:23:00.812Z,STVN,Stevenson,c49685cc-3281-44bc-a1c2-3be5b1110999,SAMMS-Stevenson
202609022122570622,202609021903206278,202609021903206075,85,2029,Bronze INV,br_Bottle,TASK_COMPLETE,SUCCESS,INFO,712,712,0,,2026-09-02T19:03:39.838Z,2026-09-02T21:23:00.812Z,8361,2026-09-02T21:23:00.812Z,TE,Tempe,c49685cc-3281-44bc-a1c2-3be5b1110999,SAMMS-Tempe
202609022122570623,202609021903206279,202609021903206075,85,2030,Bronze INV,br_Bottle,TASK_COMPLETE,SUCCESS,INFO,0,0,0,,2026-09-02T19:03:39.838Z,2026-09-02T21:23:00.812Z,8361,2026-09-02T21:23:00.812Z,TEX,Texarkana,c49685cc-3281-44bc-a1c2-3be5b1110999,SAMMS-Texarkana
202609022122570624,202609021903206280,202609021903206075,85,2031,Bronze INV,br_Bottle,TASK_COMPLETE,SUCCESS,INFO,38677,38677,0,,2026-09-02T19:03:39.838Z,2026-09-02T21:23:00.812Z,8361,2026-09-02T21:23:00.812Z,TTCA,Bessemer,c49685cc-3281-44bc-a1c2-3be5b1110999,SAMMS-BessemerV5
202609022122570626,202609021903206281,202609021903206075,85,2032,Bronze INV,br_Bottle,TASK_COMPLETE,SUCCESS,INFO,9712,9712,0,,2026-09-02T19:03:39.838Z,2026-09-02T21:23:00.812Z,8361,2026-09-02T21:23:00.812Z,TTCB,Cullman,c49685cc-3281-44bc-a1c2-3be5b1110999,SAMMS-CullmanV5
202609022122570627,202609021903206282,202609021903206075,85,2033,Bronze INV,br_Bottle,TASK_COMPLETE,SUCCESS,INFO,12009,12009,0,,2026-09-02T19:03:39.838Z,2026-09-02T21:23:00.812Z,8361,2026-09-02T21:23:00.812Z,TTCC,Grand Bay,c49685cc-3281-44bc-a1c2-3be5b1110999,SAMMS-GrandBay
202609022122570628,202609021903206283,202609021903206075,85,2034,Bronze INV,br_Bottle,TASK_COMPLETE,SUCCESS,INFO,581,581,0,,2026-09-02T19:03:39.838Z,2026-09-02T21:23:00.812Z,8361,2026-09-02T21:23:00.812Z,TU,Tucson,c49685cc-3281-44bc-a1c2-3be5b1110999,SAMMS-Tucson
202609022122570629,202609021903206284,202609021903206075,85,2036,Bronze INV,br_Bottle,TASK_COMPLETE,SUCCESS,INFO,36471,36471,0,,2026-09-02T19:03:39.838Z,2026-09-02T21:23:00.812Z,8361,2026-09-02T21:23:00.812Z,V1,Memphis South,c49685cc-3281-44bc-a1c2-3be5b1110999,SAMMS-VCPHCS-I-MemphisV5
202609022122570630,202609021903206285,202609021903206075,85,2037,Bronze INV,br_Bottle,TASK_COMPLETE,SUCCESS,INFO,11386,11386,0,,2026-09-02T19:03:39.838Z,2026-09-02T21:23:00.812Z,8361,2026-09-02T21:23:00.812Z,V10,Longmont,c49685cc-3281-44bc-a1c2-3be5b1110999,SAMMS-BoulderV5
202609022122570631,202609021903206286,202609021903206075,85,2038,Bronze INV,br_Bottle,TASK_COMPLETE,SUCCESS,INFO,10742,10742,0,,2026-09-02T19:03:39.838Z,2026-09-02T21:23:00.812Z,8361,2026-09-02T21:23:00.812Z,V10A,Fort Collins,c49685cc-3281-44bc-a1c2-3be5b1110999,SAMMS-FortCollinsV5
202609022122570632,202609021903206287,202609021903206075,85,2039,Bronze INV,br_Bottle,TASK_COMPLETE,SUCCESS,INFO,21449,21449,0,,2026-09-02T19:03:39.838Z,2026-09-02T21:23:00.812Z,8361,2026-09-02T21:23:00.812Z,V11,Westminster,c49685cc-3281-44bc-a1c2-3be5b1110999,SAMMS-VCPHCS-XI-NorthDenverV5
202609022122570633,202609021903206288,202609021903206075,85,2040,Bronze INV,br_Bottle,TASK_COMPLETE,SUCCESS,INFO,26177,26177,0,,2026-09-02T19:03:39.838Z,2026-09-02T21:23:00.812Z,8361,2026-09-02T21:23:00.812Z,V12,Downtown Denver,c49685cc-3281-44bc-a1c2-3be5b1110999,SAMMS-VCPHCS-XII-DowntownDenverV5
202609022122570635,202609021903206289,202609021903206075,85,2041,Bronze INV,br_Bottle,TASK_COMPLETE,SUCCESS,INFO,6434,6434,0,,2026-09-02T19:03:39.838Z,2026-09-02T21:23:00.812Z,8361,2026-09-02T21:23:00.812Z,V12A,Centennial,c49685cc-3281-44bc-a1c2-3be5b1110999,SAMMS-CentennialV5
202609022122570636,202609021903206290,202609021903206075,85,2042,Bronze INV,br_Bottle,TASK_COMPLETE,SUCCESS,INFO,12731,12731,0,,2026-09-02T19:03:39.838Z,2026-09-02T21:23:00.812Z,8361,2026-09-02T21:23:00.812Z,V14,Overland Park,c49685cc-3281-44bc-a1c2-3be5b1110999,SAMMS-VCPHCS-XIV-BridgewayV5
202609022122570637,202609021903206291,202609021903206075,85,2043,Bronze INV,br_Bottle,TASK_COMPLETE,SUCCESS,INFO,14966,14966,0,,2026-09-02T19:03:39.838Z,2026-09-02T21:23:00.812Z,8361,2026-09-02T21:23:00.812Z,V15,Joplin,c49685cc-3281-44bc-a1c2-3be5b1110999,SAMMS-JoplinV5
202609022122570638,202609021903206292,202609021903206075,85,2045,Bronze INV,br_Bottle,TASK_COMPLETE,SUCCESS,INFO,7060,7060,0,,2026-09-02T19:03:39.838Z,2026-09-02T21:23:00.812Z,8361,2026-09-02T21:23:00.812Z,V17,Columbia TN,c49685cc-3281-44bc-a1c2-3be5b1110999,SAMMS-ColumbiaTNv5
202609022122570639,202609021903206293,202609021903206075,85,2047,Bronze INV,br_Bottle,TASK_COMPLETE,SUCCESS,INFO,38858,38858,0,,2026-09-02T19:03:39.838Z,2026-09-02T21:23:00.812Z,8361,2026-09-02T21:23:00.812Z,V19,Jackson,c49685cc-3281-44bc-a1c2-3be5b1110999,SAMMS-JacksonV5
202609022122570640,202609021903206294,202609021903206075,85,2049,Bronze INV,br_Bottle,TASK_COMPLETE,SUCCESS,INFO,50518,50518,0,,2026-09-02T19:03:39.838Z,2026-09-02T21:23:00.812Z,8361,2026-09-02T21:23:00.812Z,V20,Paris,c49685cc-3281-44bc-a1c2-3be5b1110999,SAMMS-ParisV5
202609022122570641,202609021903206295,202609021903206075,85,2050,Bronze INV,br_Bottle,TASK_COMPLETE,SUCCESS,INFO,36239,36239,0,,2026-09-02T19:03:39.838Z,2026-09-02T21:23:00.812Z,8361,2026-09-02T21:23:00.812Z,V21,Memphis North,c49685cc-3281-44bc-a1c2-3be5b1110999,SAMMS-RaleighV5
202609022122570642,202609021903206296,202609021903206075,85,2053,Bronze INV,br_Bottle,TASK_COMPLETE,SUCCESS,INFO,67553,67553,0,,2026-09-02T19:03:39.838Z,2026-09-02T21:23:00.812Z,8361,2026-09-02T21:23:00.812Z,V5,West Bank,c49685cc-3281-44bc-a1c2-3be5b1110999,SAMMS-NONTCv5
202609022122570643,202609021903206297,202609021903206075,85,2055,Bronze INV,br_Bottle,TASK_COMPLETE,SUCCESS,INFO,740,740,0,,2026-09-02T19:03:39.838Z,2026-09-02T21:23:00.812Z,8361,2026-09-02T21:23:00.812Z,V5B,Houma,c49685cc-3281-44bc-a1c2-3be5b1110999,SAMMS-HoumaV6
202609022122570644,202609021903206298,202609021903206075,85,2056,Bronze INV,br_Bottle,TASK_COMPLETE,SUCCESS,INFO,40211,40211,0,,2026-09-02T19:03:39.838Z,2026-09-02T21:23:00.812Z,8361,2026-09-02T21:23:00.812Z,V6,Lake Charles,c49685cc-3281-44bc-a1c2-3be5b1110999,SAMMS-LCv5
202609022122570646,202609021903206299,202609021903206075,85,2058,Bronze INV,br_Bottle,TASK_COMPLETE,SUCCESS,INFO,42008,42008,0,,2026-09-02T19:03:39.838Z,2026-09-02T21:23:00.812Z,8361,2026-09-02T21:23:00.812Z,V8,Memphis Midtown,c49685cc-3281-44bc-a1c2-3be5b1110999,SAMMS-VCPHCS-VIII-MemphisV5
202609022122570647,202609021903206300,202609021903206075,85,2059,Bronze INV,br_Bottle,TASK_COMPLETE,SUCCESS,INFO,86805,86805,0,,2026-09-02T19:03:39.838Z,2026-09-02T21:23:00.812Z,8361,2026-09-02T21:23:00.812Z,V9,Nashville,c49685cc-3281-44bc-a1c2-3be5b1110999,SAMMS-NashvilleV5
202609022122570648,202609021903206301,202609021903206075,85,2060,Bronze INV,br_Bottle,TASK_COMPLETE,SUCCESS,INFO,5563,5563,0,,2026-09-02T19:03:39.838Z,2026-09-02T21:23:00.812Z,8361,2026-09-02T21:23:00.812Z,VBRA,Brainerd,c49685cc-3281-44bc-a1c2-3be5b1110999,SAMMS-BrainerdV6
202609022122570649,202609021903206302,202609021903206075,85,2061,Bronze INV,br_Bottle,TASK_COMPLETE,SUCCESS,INFO,12687,12687,0,,2026-09-02T19:03:39.838Z,2026-09-02T21:23:00.812Z,8361,2026-09-02T21:23:00.812Z,VBRP,Brooklyn Park,c49685cc-3281-44bc-a1c2-3be5b1110999,SAMMS-BrooklynParkV6
202609022122570650,202609021903206303,202609021903206075,85,2063,Bronze INV,br_Bottle,TASK_COMPLETE,SUCCESS,INFO,7146,7146,0,,2026-09-02T19:03:39.838Z,2026-09-02T21:23:00.812Z,8361,2026-09-02T21:23:00.812Z,VMIN,Minneapolis,c49685cc-3281-44bc-a1c2-3be5b1110999,SAMMS-MinneapolisV6
202609022122570651,202609021903206304,202609021903206075,85,2064,Bronze INV,br_Bottle,TASK_COMPLETE,SUCCESS,INFO,14990,14990,0,,2026-09-02T19:03:39.838Z,2026-09-02T21:23:00.812Z,8361,2026-09-02T21:23:00.812Z,VWBY,Woodbury,c49685cc-3281-44bc-a1c2-3be5b1110999,SAMMS-WoodburyV6
202609022122570652,202609021903206305,202609021903206075,85,2066,Bronze INV,br_Bottle,TASK_COMPLETE,SUCCESS,INFO,6940,6940,0,,2026-09-02T19:03:39.838Z,2026-09-02T21:23:00.812Z,8361,2026-09-02T21:23:00.812Z,WIL,Wilson,c49685cc-3281-44bc-a1c2-3be5b1110999,SAMMS-Wilson
202609022122570653,202609021903206306,202609021903206075,85,2622,Bronze INV,br_LiquidLog,TASK_COMPLETE,SUCCESS,INFO,32135,32135,0,,2026-09-02T19:03:39.838Z,2026-09-02T21:23:00.812Z,8361,2026-09-02T21:23:00.812Z,AHK,Ahoskie,c49685cc-3281-44bc-a1c2-3be5b1110999,SAMMS-Ahoskie
202609022122570654,202609021903206307,202609021903206075,85,2623,Bronze INV,br_LiquidLog,TASK_COMPLETE,SUCCESS,INFO,63174,63174,0,,2026-09-02T19:03:39.838Z,2026-09-02T21:23:00.812Z,8361,2026-09-02T21:23:00.812Z,B12B,Colorado Springs,c49685cc-3281-44bc-a1c2-3be5b1110999,SAMMS-ColoradoSpringsV5
202609022122570655,202609021903206308,202609021903206075,85,2624,Bronze INV,br_LiquidLog,TASK_COMPLETE,SUCCESS,INFO,266580,266580,0,,2026-09-02T19:03:39.838Z,2026-09-02T21:23:00.812Z,8361,2026-09-02T21:23:00.812Z,B24,Paintsville,c49685cc-3281-44bc-a1c2-3be5b1110999,SAMMS-PaintsvilleV5
202609022122570657,202609021903206309,202609021903206075,85,2625,Bronze INV,br_LiquidLog,TASK_COMPLETE,SUCCESS,INFO,199854,199854,0,,2026-09-02T19:03:39.838Z,2026-09-02T21:23:00.812Z,8361,2026-09-02T21:23:00.812Z,B25,Pikeville,c49685cc-3281-44bc-a1c2-3be5b1110999,SAMMS-PikevilleV5
202609022122570658,202609021903206310,202609021903206075,85,2626,Bronze INV,br_LiquidLog,TASK_COMPLETE,SUCCESS,INFO,477870,477870,0,,2026-09-02T19:03:39.838Z,2026-09-02T21:23:00.812Z,8361,2026-09-02T21:23:00.812Z,B26,Hazard,c49685cc-3281-44bc-a1c2-3be5b1110999,SAMMS-HazardV5
202609022122570659,202609021903206311,202609021903206075,85,2627,Bronze INV,br_LiquidLog,TASK_COMPLETE,SUCCESS,INFO,50769,50769,0,,2026-09-02T19:03:39.838Z,2026-09-02T21:23:00.812Z,8361,2026-09-02T21:23:00.812Z,B27,Savannah,c49685cc-3281-44bc-a1c2-3be5b1110999,SAMMS-SavannahV6
202609022122570660,202609021903206312,202609021903206075,85,2628,Bronze INV,br_LiquidLog,TASK_COMPLETE,SUCCESS,INFO,135307,135307,0,,2026-09-02T19:03:39.838Z,2026-09-02T21:23:00.812Z,8361,2026-09-02T21:23:00.812Z,B28,West Plains,c49685cc-3281-44bc-a1c2-3be5b1110999,SAMMS-WestPlainesV5
202609022122570661,202609021903206313,202609021903206075,85,2629,Bronze INV,br_LiquidLog,TASK_COMPLETE,SUCCESS,INFO,93678,93678,0,,2026-09-02T19:03:39.838Z,2026-09-02T21:23:00.812Z,8361,2026-09-02T21:23:00.812Z,B29,Poplar Bluff,c49685cc-3281-44bc-a1c2-3be5b1110999,SAMMS-PoplarBluffV5
202609022122570662,202609021903206314,202609021903206075,85,2630,Bronze INV,br_LiquidLog,TASK_COMPLETE,SUCCESS,INFO,50459,50459,0,,2026-09-02T19:03:39.838Z,2026-09-02T21:23:00.812Z,8361,2026-09-02T21:23:00.812Z,B30,KC North,c49685cc-3281-44bc-a1c2-3be5b1110999,SAMMS-KCNv5
202609022122570663,202609021903206315,202609021903206075,85,2631,Bronze INV,br_LiquidLog,TASK_COMPLETE,SUCCESS,INFO,237514,237514,0,,2026-09-02T19:03:39.838Z,2026-09-02T21:23:00.812Z,8361,2026-09-02T21:23:00.812Z,B31,Dyersburg,c49685cc-3281-44bc-a1c2-3be5b1110999,SAMMS-DyersburgV5
202609022122570664,202609021903206316,202609021903206075,85,2633,Bronze INV,br_LiquidLog,TASK_COMPLETE,SUCCESS,INFO,175468,175468,0,,2026-09-02T19:03:39.838Z,2026-09-02T21:23:00.812Z,8361,2026-09-02T21:23:00.812Z,B33,Paducah,c49685cc-3281-44bc-a1c2-3be5b1110999,SAMMS-Paducah
202609022122570665,202609021903206317,202609021903206075,85,2634,Bronze INV,br_LiquidLog,TASK_COMPLETE,SUCCESS,INFO,281056,281056,0,,2026-09-02T19:03:39.838Z,2026-09-02T21:23:00.812Z,8361,2026-09-02T21:23:00.812Z,B34,Corbin,c49685cc-3281-44bc-a1c2-3be5b1110999,SAMMS-CorbinV5
202609022122570666,202609021903206318,202609021903206075,85,2635,Bronze INV,br_LiquidLog,TASK_COMPLETE,SUCCESS,INFO,546153,546153,0,,2026-09-02T19:03:39.838Z,2026-09-02T21:23:00.812Z,8361,2026-09-02T21:23:00.812Z,B35,Lexington,c49685cc-3281-44bc-a1c2-3be5b1110999,SAMMS-LexingtonV5
202609022122570668,202609021903206319,202609021903206075,85,2636,Bronze INV,br_LiquidLog,TASK_COMPLETE,SUCCESS,INFO,182489,182489,0,,2026-09-02T19:03:39.838Z,2026-09-02T21:23:00.812Z,8361,2026-09-02T21:23:00.812Z,B35A,Berea,c49685cc-3281-44bc-a1c2-3be5b1110999,SAMMS-BereaV5
202609022122570669,202609021903206320,202609021903206075,85,2637,Bronze INV,br_LiquidLog,TASK_COMPLETE,SUCCESS,INFO,169374,169374,0,,2026-09-02T19:03:39.838Z,2026-09-02T21:23:00.812Z,8361,2026-09-02T21:23:00.812Z,B36,Asheville,c49685cc-3281-44bc-a1c2-3be5b1110999,SAMMS-AshevilleV5
202609022122570670,202609021903206321,202609021903206075,85,2638,Bronze INV,br_LiquidLog,TASK_COMPLETE,SUCCESS,INFO,126607,126607,0,,2026-09-02T19:03:39.838Z,2026-09-02T21:23:00.812Z,8361,2026-09-02T21:23:00.812Z,B37,Clyde,c49685cc-3281-44bc-a1c2-3be5b1110999,SAMMS-ClydeV5
202609022122570671,202609021903206322,202609021903206075,85,2639,Bronze INV,br_LiquidLog,TASK_COMPLETE,SUCCESS,INFO,195272,195272,0,,2026-09-02T19:03:39.838Z,2026-09-02T21:23:00.812Z,8361,2026-09-02T21:23:00.812Z,B38,Spartanburg,c49685cc-3281-44bc-a1c2-3be5b1110999,SAMMS-SpartanburgV5
202609022122570672,202609021903206323,202609021903206075,85,2640,Bronze INV,br_LiquidLog,TASK_COMPLETE,SUCCESS,INFO,77005,77005,0,,2026-09-02T19:03:39.838Z,2026-09-02T21:23:00.812Z,8361,2026-09-02T21:23:00.812Z,B39,Aiken,c49685cc-3281-44bc-a1c2-3be5b1110999,SAMMS-AikenV5
202609022122570673,202609021903206324,202609021903206075,85,2641,Bronze INV,br_LiquidLog,TASK_COMPLETE,SUCCESS,INFO,124280,124280,0,,2026-09-02T19:03:39.838Z,2026-09-02T21:23:00.812Z,8361,2026-09-02T21:23:00.812Z,B41,Chesapeake,c49685cc-3281-44bc-a1c2-3be5b1110999,SAMMS-ChesapeakeV5
202609022122570674,202609021903206325,202609021903206075,85,2642,Bronze INV,br_LiquidLog,TASK_COMPLETE,SUCCESS,INFO,169599,169599,0,,2026-09-02T19:03:39.838Z,2026-09-02T21:23:00.812Z,8361,2026-09-02T21:23:00.812Z,B42,Virginia Beach,c49685cc-3281-44bc-a1c2-3be5b1110999,SAMMS-VirginiaBeachV5
202609022122570675,202609021903206326,202609021903206075,85,2643,Bronze INV,br_LiquidLog,TASK_COMPLETE,SUCCESS,INFO,101718,101718,0,,2026-09-02T19:03:39.838Z,2026-09-02T21:23:00.812Z,8361,2026-09-02T21:23:00.812Z,B42A,Newport News,c49685cc-3281-44bc-a1c2-3be5b1110999,SAMMS-NewportNewsV5
202609022122570676,202609021903206327,202609021903206075,85,2644,Bronze INV,br_LiquidLog,TASK_COMPLETE,SUCCESS,INFO,23898,23898,0,,2026-09-02T19:03:39.838Z,2026-09-02T21:23:00.812Z,8361,2026-09-02T21:23:00.812Z,B42B,Franklin,c49685cc-3281-44bc-a1c2-3be5b1110999,SAMMS-FranklinV5
202609022122570677,202609021903206328,202609021903206075,85,2645,Bronze INV,br_LiquidLog,TASK_COMPLETE,SUCCESS,INFO,125359,125359,0,,2026-09-02T19:03:39.838Z,2026-09-02T21:23:00.812Z,8361,2026-09-02T21:23:00.812Z,B42C,Glen Allen,c49685cc-3281-44bc-a1c2-3be5b1110999,SAMMS-GlenAllenV5
202609022122570678,202609021903206329,202609021903206075,85,2646,Bronze INV,br_LiquidLog,TASK_COMPLETE,SUCCESS,INFO,88640,88640,0,,2026-09-02T19:03:39.838Z,2026-09-02T21:23:00.812Z,8361,2026-09-02T21:23:00.812Z,B42D,Chesapeake South,c49685cc-3281-44bc-a1c2-3be5b1110999,SAMMS-ChesapeakeSouthV5
202609022122570679,202609021903206330,202609021903206075,85,2647,Bronze INV,br_LiquidLog,TASK_COMPLETE,SUCCESS,INFO,79454,79454,0,,2026-09-02T19:03:39.838Z,2026-09-02T21:23:00.812Z,8361,2026-09-02T21:23:00.812Z,B44,Albany,c49685cc-3281-44bc-a1c2-3be5b1110999,SAMMS-AlbanyV5
202609022122570681,202609021903206331,202609021903206075,85,2648,Bronze INV,br_LiquidLog,TASK_COMPLETE,SUCCESS,INFO,137266,137266,0,,2026-09-02T19:03:39.838Z,2026-09-02T21:23:00.812Z,8361,2026-09-02T21:23:00.812Z,B45,Tifton,c49685cc-3281-44bc-a1c2-3be5b1110999,SAMMS-TiftonV5
202609022122570682,202609021903206332,202609021903206075,85,2649,Bronze INV,br_LiquidLog,TASK_COMPLETE,SUCCESS,INFO,135096,135096,0,,2026-09-02T19:03:39.838Z,2026-09-02T21:23:00.812Z,8361,2026-09-02T21:23:00.812Z,B46,Washington DC,c49685cc-3281-44bc-a1c2-3be5b1110999,SAMMS-WashingtonDCv5
202609022122570683,202609021903206333,202609021903206075,85,2650,Bronze INV,br_LiquidLog,TASK_COMPLETE,SUCCESS,INFO,136611,136611,0,,2026-09-02T19:03:39.838Z,2026-09-02T21:23:00.812Z,8361,2026-09-02T21:23:00.812Z,B47,Mobile,c49685cc-3281-44bc-a1c2-3be5b1110999,SAMMS-MobileV5
202608292054379220,202608291904434665,202608291904434406,85,2651,Bronze INV,br_LiquidLog,TASK_COMPLETE,SUCCESS,INFO,261129,261129,0,,2026-08-29T19:04:49.126Z,2026-08-29T20:54:41.421Z,6592,2026-08-29T20:54:41.421Z,B48,Tuscaloosa,dd7385f2-fbd4-41a4-afcd-7296aca5e198,SAMMS-TuscaloosaV5
202608292054379221,202608291904434666,202608291904434406,85,2660,Bronze INV,br_LiquidLog,TASK_COMPLETE,SUCCESS,INFO,59459,59459,0,,2026-08-29T19:04:49.126Z,2026-08-29T20:54:41.421Z,6592,2026-08-29T20:54:41.421Z,B51,N. Little Rock (OTP),dd7385f2-fbd4-41a4-afcd-7296aca5e198,SAMMS-NorthLittleRockV6
202608292054379222,202608291904434667,202608291904434406,85,2661,Bronze INV,br_LiquidLog,TASK_COMPLETE,SUCCESS,INFO,96101,96101,0,,2026-08-29T19:04:49.126Z,2026-08-29T20:54:41.421Z,6592,2026-08-29T20:54:41.421Z,B52,Jackson GA,dd7385f2-fbd4-41a4-afcd-7296aca5e198,SAMMS-JacksonGAV5
202608292054379223,202608291904434668,202608291904434406,85,2662,Bronze INV,br_LiquidLog,TASK_COMPLETE,SUCCESS,INFO,240707,240707,0,,2026-08-29T19:04:49.126Z,2026-08-29T20:54:41.421Z,6592,2026-08-29T20:54:41.421Z,B54,Gadsden,dd7385f2-fbd4-41a4-afcd-7296aca5e198,SAMMS-GadsdenV5
202608292054379224,202608291904434669,202608291904434406,85,2663,Bronze INV,br_LiquidLog,TASK_COMPLETE,SUCCESS,INFO,225171,225171,0,,2026-08-29T19:04:49.126Z,2026-08-29T20:54:41.421Z,6592,2026-08-29T20:54:41.421Z,B55,Shoals,dd7385f2-fbd4-41a4-afcd-7296aca5e198,SAMMS-ShoalsV5
202608292054379226,202608291904434670,202608291904434406,85,2664,Bronze INV,br_LiquidLog,TASK_COMPLETE,SUCCESS,INFO,65320,65320,0,,2026-08-29T19:04:49.126Z,2026-08-29T20:54:41.421Z,6592,2026-08-29T20:54:41.421Z,B57,Pawtucket,dd7385f2-fbd4-41a4-afcd-7296aca5e198,SAMMS-Pawtucket
202608292054379227,202608291904434671,202608291904434406,85,2665,Bronze INV,br_LiquidLog,TASK_COMPLETE,SUCCESS,INFO,73284,73284,0,,2026-08-29T19:04:49.126Z,2026-08-29T20:54:41.421Z,6592,2026-08-29T20:54:41.421Z,B57A,Johnston,dd7385f2-fbd4-41a4-afcd-7296aca5e198,SAMMS-Johnston
202608292054379228,202608291904434672,202608291904434406,85,2666,Bronze INV,br_LiquidLog,TASK_COMPLETE,SUCCESS,INFO,19108,19108,0,,2026-08-29T19:04:49.126Z,2026-08-29T20:54:41.421Z,6592,2026-08-29T20:54:41.421Z,B57B,Middletown,dd7385f2-fbd4-41a4-afcd-7296aca5e198,SAMMS-Middletown
202608292054379229,202608291904434673,202608291904434406,85,2667,Bronze INV,br_LiquidLog,TASK_COMPLETE,SUCCESS,INFO,38904,38904,0,,2026-08-29T19:04:49.126Z,2026-08-29T20:54:41.421Z,6592,2026-08-29T20:54:41.421Z,B57C,Providence,dd7385f2-fbd4-41a4-afcd-7296aca5e198,SAMMS-Providence
202608292054379230,202608291904434674,202608291904434406,85,2668,Bronze INV,br_LiquidLog,TASK_COMPLETE,SUCCESS,INFO,65017,65017,0,,2026-08-29T19:04:49.126Z,2026-08-29T20:54:41.421Z,6592,2026-08-29T20:54:41.421Z,B57D,Westerly,dd7385f2-fbd4-41a4-afcd-7296aca5e198,SAMMS-Westerly
202608292054379231,202608291904434675,202608291904434406,85,2672,Bronze INV,br_LiquidLog,TASK_COMPLETE,SUCCESS,INFO,0,0,0,,2026-08-29T19:04:49.126Z,2026-08-29T20:54:41.421Z,6592,2026-08-29T20:54:41.421Z,B66A,Bremen,dd7385f2-fbd4-41a4-afcd-7296aca5e198,SAMMS-Bremen
202608292054379232,202608291904434676,202608291904434406,85,2675,Bronze INV,br_LiquidLog,TASK_COMPLETE,SUCCESS,INFO,0,0,0,,2026-08-29T19:04:49.126Z,2026-08-29T20:54:41.421Z,6592,2026-08-29T20:54:41.421Z,B72,Mobile (OBOT),dd7385f2-fbd4-41a4-afcd-7296aca5e198,SAMMS-Mobile-OBOT
202608292054379234,202608291904434677,202608291904434406,85,2676,Bronze INV,br_LiquidLog,TASK_COMPLETE,SUCCESS,INFO,0,0,0,,2026-08-29T19:04:49.126Z,2026-08-29T20:54:41.421Z,6592,2026-08-29T20:54:41.421Z,B73,Montgomery,dd7385f2-fbd4-41a4-afcd-7296aca5e198,SAMMS-Montgomery
202608292054379235,202608291904434678,202608291904434406,85,2677,Bronze INV,br_LiquidLog,TASK_COMPLETE,SUCCESS,INFO,61742,61742,0,,2026-08-29T19:04:49.126Z,2026-08-29T20:54:41.421Z,6592,2026-08-29T20:54:41.421Z,B75,Lawrence,dd7385f2-fbd4-41a4-afcd-7296aca5e198,SAMMS-LawrenceV6
202608292054379236,202608291904434679,202608291904434406,85,2678,Bronze INV,br_LiquidLog,TASK_COMPLETE,SUCCESS,INFO,0,0,0,,2026-08-29T19:04:49.126Z,2026-08-29T20:54:41.421Z,6592,2026-08-29T20:54:41.421Z,B76,Huntsville OBOT,dd7385f2-fbd4-41a4-afcd-7296aca5e198,SAMMS-Huntsville-OBOT
202608292054379237,202608291904434680,202608291904434406,85,2679,Bronze INV,br_LiquidLog,TASK_COMPLETE,SUCCESS,INFO,0,0,0,,2026-08-29T19:04:49.126Z,2026-08-29T20:54:41.421Z,6592,2026-08-29T20:54:41.421Z,BAT,Batesville,dd7385f2-fbd4-41a4-afcd-7296aca5e198,SAMMS-Batesville
202608292054379238,202608291904434681,202608291904434406,85,2680,Bronze INV,br_LiquidLog,TASK_COMPLETE,SUCCESS,INFO,126006,126006,0,,2026-08-29T19:04:49.126Z,2026-08-29T20:54:41.421Z,6592,2026-08-29T20:54:41.421Z,BG,Bowling Green,dd7385f2-fbd4-41a4-afcd-7296aca5e198,SAMMS-BowlingGreen
202608292054379239,202608291904434682,202608291904434406,85,2681,Bronze INV,br_LiquidLog,TASK_COMPLETE,SUCCESS,INFO,52076,52076,0,,2026-08-29T19:04:49.126Z,2026-08-29T20:54:41.421Z,6592,2026-08-29T20:54:41.421Z,BOI,Boise,dd7385f2-fbd4-41a4-afcd-7296aca5e198,SAMMS-Boise
202608292054379241,202608291904434683,202608291904434406,85,2688,Bronze INV,br_LiquidLog,TASK_COMPLETE,SUCCESS,INFO,29526,29526,0,,2026-08-29T19:04:49.126Z,2026-08-29T20:54:41.421Z,6592,2026-08-29T20:54:41.421Z,CBCO,Coeur dAlene,dd7385f2-fbd4-41a4-afcd-7296aca5e198,SAMMS-CoeurdAleneV6
202608292054379242,202608291904434684,202608291904434406,85,2707,Bronze INV,br_LiquidLog,TASK_COMPLETE,SUCCESS,INFO,0,0,0,,2026-08-29T19:04:49.126Z,2026-08-29T20:54:41.421Z,6592,2026-08-29T20:54:41.421Z,CON,Conway,dd7385f2-fbd4-41a4-afcd-7296aca5e198,SAMMS-Conway
202608292054379243,202608291904434685,202608291904434406,85,2708,Bronze INV,br_LiquidLog,TASK_COMPLETE,SUCCESS,INFO,0,0,0,,2026-08-29T19:04:49.126Z,2026-08-29T20:54:41.421Z,6592,2026-08-29T20:54:41.421Z,D07,Medical Services Knox TN,dd7385f2-fbd4-41a4-afcd-7296aca5e198,SAMMS-KnoxvilleV6
202608292054379244,202608291904434686,202608291904434406,85,2709,Bronze INV,br_LiquidLog,TASK_COMPLETE,SUCCESS,INFO,93701,93701,0,,2026-08-29T19:04:49.126Z,2026-08-29T20:54:41.421Z,6592,2026-08-29T20:54:41.421Z,D08,Madison,dd7385f2-fbd4-41a4-afcd-7296aca5e198,SAMMS-MadisonV6
202608292054379245,202608291904434687,202608291904434406,85,2711,Bronze INV,br_LiquidLog,TASK_COMPLETE,SUCCESS,INFO,146216,146216,0,,2026-08-29T19:04:49.126Z,2026-08-29T20:54:41.421Z,6592,2026-08-29T20:54:41.421Z,D09,Murfreesboro,dd7385f2-fbd4-41a4-afcd-7296aca5e198,SAMMS-MurfreesboroV6
202608292054379247,202608291904434688,202608291904434406,85,2712,Bronze INV,br_LiquidLog,TASK_COMPLETE,SUCCESS,INFO,71052,71052,0,,2026-08-29T19:04:49.126Z,2026-08-29T20:54:41.421Z,6592,2026-08-29T20:54:41.421Z,DA,Davenport,dd7385f2-fbd4-41a4-afcd-7296aca5e198,SAMMS-Davenport
202608292054379248,202608291904434689,202608291904434406,85,2713,Bronze INV,br_LiquidLog,TASK_COMPLETE,SUCCESS,INFO,64930,64930,0,,2026-08-29T19:04:49.126Z,2026-08-29T20:54:41.421Z,6592,2026-08-29T20:54:41.421Z,DM,Des Moines,dd7385f2-fbd4-41a4-afcd-7296aca5e198,SAMMS-DesMoines
202608292054379249,202608291904434690,202608291904434406,85,2715,Bronze INV,br_LiquidLog,TASK_COMPLETE,SUCCESS,INFO,156057,156057,0,,2026-08-29T19:04:49.126Z,2026-08-29T20:54:41.421Z,6592,2026-08-29T20:54:41.421Z,DRD-CO,Columbia MO,dd7385f2-fbd4-41a4-afcd-7296aca5e198,SAMMS-ColumbiaV5
202608292054379250,202608291904434691,202608291904434406,85,2716,Bronze INV,br_LiquidLog,TASK_COMPLETE,SUCCESS,INFO,158576,158576,0,,2026-08-29T19:04:49.126Z,2026-08-29T20:54:41.421Z,6592,2026-08-29T20:54:41.421Z,DRD-KC,KC,dd7385f2-fbd4-41a4-afcd-7296aca5e198,SAMMS-KCv5
202608292054379251,202608291904434692,202608291904434406,85,2717,Bronze INV,br_LiquidLog,TASK_COMPLETE,SUCCESS,INFO,507982,507982,0,,2026-08-29T19:04:49.126Z,2026-08-29T20:54:41.421Z,6592,2026-08-29T20:54:41.421Z,DRD-KVB,KVB,dd7385f2-fbd4-41a4-afcd-7296aca5e198,SAMMS-KVBv5
202608292054379253,202608291904434693,202608291904434406,85,2718,Bronze INV,br_LiquidLog,TASK_COMPLETE,SUCCESS,INFO,572831,572831,0,,2026-08-29T19:04:49.126Z,2026-08-29T20:54:41.421Z,6592,2026-08-29T20:54:41.421Z,DRD-KVC,KVC,dd7385f2-fbd4-41a4-afcd-7296aca5e198,SAMMS-KVCv5
202608292054379254,202608291904434694,202608291904434406,85,2719,Bronze INV,br_LiquidLog,TASK_COMPLETE,SUCCESS,INFO,489064,489064,0,,2026-08-29T19:04:49.126Z,2026-08-29T20:54:41.421Z,6592,2026-08-29T20:54:41.421Z,DRD-NOLA,NOLA,dd7385f2-fbd4-41a4-afcd-7296aca5e198,SAMMS-NOLAv5
202608292054379255,202608291904434695,202608291904434406,85,2720,Bronze INV,br_LiquidLog,TASK_COMPLETE,SUCCESS,INFO,267966,267966,0,,2026-08-29T19:04:49.126Z,2026-08-29T20:54:41.421Z,6592,2026-08-29T20:54:41.421Z,DRD-SF,Springfield,dd7385f2-fbd4-41a4-afcd-7296aca5e198,SAMMS-SFv5
202608292054379256,202608291904434696,202608291904434406,85,2722,Bronze INV,br_LiquidLog,TASK_COMPLETE,SUCCESS,INFO,83367,83367,0,,2026-08-29T19:04:49.126Z,2026-08-29T20:54:41.421Z,6592,2026-08-29T20:54:41.421Z,ELC,Elizabeth City,dd7385f2-fbd4-41a4-afcd-7296aca5e198,SAMMS-ElizabethCity
202608292054379257,202608291904434697,202608291904434406,85,2723,Bronze INV,br_LiquidLog,TASK_COMPLETE,SUCCESS,INFO,94591,94591,0,,2026-08-29T19:04:49.126Z,2026-08-29T20:54:41.421Z,6592,2026-08-29T20:54:41.421Z,ET,Elizabethtown,dd7385f2-fbd4-41a4-afcd-7296aca5e198,SAMMS-Elizabethtown
202608292054379258,202608291904434698,202608291904434406,85,2724,Bronze INV,br_LiquidLog,TASK_COMPLETE,SUCCESS,INFO,0,0,0,,2026-08-29T19:04:49.126Z,2026-08-29T20:54:41.421Z,6592,2026-08-29T20:54:41.421Z,FAY,Fayetteville,dd7385f2-fbd4-41a4-afcd-7296aca5e198,SAMMS-Fayetteville
202608292054379259,202608291904434699,202608291904434406,85,2725,Bronze INV,br_LiquidLog,TASK_COMPLETE,SUCCESS,INFO,99357,99357,0,,2026-08-29T19:04:49.126Z,2026-08-29T20:54:41.421Z,6592,2026-08-29T20:54:41.421Z,FR,Frankfort,dd7385f2-fbd4-41a4-afcd-7296aca5e198,SAMMS-Frankfort
202608292054379261,202608291904434700,202608291904434406,85,2726,Bronze INV,br_LiquidLog,TASK_COMPLETE,SUCCESS,INFO,0,0,0,,2026-08-29T19:04:49.126Z,2026-08-29T20:54:41.421Z,6592,2026-08-29T20:54:41.421Z,FS,Fort Smith,dd7385f2-fbd4-41a4-afcd-7296aca5e198,SAMMS-FortSmith
202608292054379262,202608291904434701,202608291904434406,85,2727,Bronze INV,br_LiquidLog,TASK_COMPLETE,SUCCESS,INFO,205561,205561,0,,2026-08-29T19:04:49.126Z,2026-08-29T20:54:41.421Z,6592,2026-08-29T20:54:41.421Z,FW,Fort Wayne,dd7385f2-fbd4-41a4-afcd-7296aca5e198,SAMMS-FortWayne
202608292054379263,202608291904434702,202608291904434406,85,2728,Bronze INV,br_LiquidLog,TASK_COMPLETE,SUCCESS,INFO,83715,83715,0,,2026-08-29T19:04:49.126Z,2026-08-29T20:54:41.421Z,6592,2026-08-29T20:54:41.421Z,GAL,Gaylord,dd7385f2-fbd4-41a4-afcd-7296aca5e198,SAMMS-Gaylord
202608292054379264,202608291904434703,202608291904434406,85,2732,Bronze INV,br_LiquidLog,TASK_COMPLETE,SUCCESS,INFO,183814,183814,0,,2026-08-29T19:04:49.126Z,2026-08-29T20:54:41.421Z,6592,2026-08-29T20:54:41.421Z,HGT,Hagerstown,dd7385f2-fbd4-41a4-afcd-7296aca5e198,SAMMS-Hagerstown
202608292054379265,202608291904434704,202608291904434406,85,2733,Bronze INV,br_LiquidLog,TASK_COMPLETE,SUCCESS,INFO,168034,168034,0,,2026-08-29T19:04:49.126Z,2026-08-29T20:54:41.421Z,6592,2026-08-29T20:54:41.421Z,HNT,Huntsville,dd7385f2-fbd4-41a4-afcd-7296aca5e198,SAMMS-Huntsville
202608292054379266,202608291904434705,202608291904434406,85,2734,Bronze INV,br_LiquidLog,TASK_COMPLETE,SUCCESS,INFO,0,0,0,,2026-08-29T19:04:49.126Z,2026-08-29T20:54:41.421Z,6592,2026-08-29T20:54:41.421Z,HS,Hot Springs,dd7385f2-fbd4-41a4-afcd-7296aca5e198,SAMMS-HotSprings
202608292054379268,202608291904434706,202608291904434406,85,2735,Bronze INV,br_LiquidLog,TASK_COMPLETE,SUCCESS,INFO,0,0,0,,2026-08-29T19:04:49.126Z,2026-08-29T20:54:41.421Z,6592,2026-08-29T20:54:41.421Z,JON,Jonesboro,dd7385f2-fbd4-41a4-afcd-7296aca5e198,SAMMS-Jonesboro
202608292054379269,202608291904434707,202608291904434406,85,2737,Bronze INV,br_LiquidLog,TASK_COMPLETE,SUCCESS,INFO,73447,73447,0,,2026-08-29T19:04:49.126Z,2026-08-29T20:54:41.421Z,6592,2026-08-29T20:54:41.421Z,LAN,Lansing,dd7385f2-fbd4-41a4-afcd-7296aca5e198,SAMMS-Lansing
202608292054379270,202608291904434708,202608291904434406,85,2738,Bronze INV,br_LiquidLog,TASK_COMPLETE,SUCCESS,INFO,238203,238203,0,,2026-08-29T19:04:49.126Z,2026-08-29T20:54:41.421Z,6592,2026-08-29T20:54:41.421Z,LO,Louisville,dd7385f2-fbd4-41a4-afcd-7296aca5e198,SAMMS-Louisville
202608292054379271,202608291904434709,202608291904434406,85,2739,Bronze INV,br_LiquidLog,TASK_COMPLETE,SUCCESS,INFO,120438,120438,0,,2026-08-29T19:04:49.126Z,2026-08-29T20:54:41.421Z,6592,2026-08-29T20:54:41.421Z,LV1,Cheyenne,dd7385f2-fbd4-41a4-afcd-7296aca5e198,SAMMS-Cheyenne
202608292054379272,202608291904434710,202608291904434406,85,2740,Bronze INV,br_LiquidLog,TASK_COMPLETE,SUCCESS,INFO,114745,114745,0,,2026-08-29T19:04:49.126Z,2026-08-29T20:54:41.421Z,6592,2026-08-29T20:54:41.421Z,LV2,Desert Inn,dd7385f2-fbd4-41a4-afcd-7296aca5e198,SAMMS-DesertInn
202608292054379274,202608291904434711,202608291904434406,85,2741,Bronze INV,br_LiquidLog,TASK_COMPLETE,SUCCESS,INFO,60186,60186,0,,2026-08-29T19:04:49.126Z,2026-08-29T20:54:41.421Z,6592,2026-08-29T20:54:41.421Z,LV3,McDaniel,dd7385f2-fbd4-41a4-afcd-7296aca5e198,SAMMS-McDaniel
202608292054379275,202608291904434712,202608291904434406,85,2744,Bronze INV,br_LiquidLog,TASK_COMPLETE,SUCCESS,INFO,63851,63851,0,,2026-08-29T19:04:49.126Z,2026-08-29T20:54:41.421Z,6592,2026-08-29T20:54:41.421Z,MNRE,Monroe,dd7385f2-fbd4-41a4-afcd-7296aca5e198,SAMMS-Monroe
202608292054379276,202608291904434713,202608291904434406,85,2745,Bronze INV,br_LiquidLog,TASK_COMPLETE,SUCCESS,INFO,148430,148430,0,,2026-08-29T19:04:49.126Z,2026-08-29T20:54:41.421Z,6592,2026-08-29T20:54:41.421Z,MP,Mt. Pleasant,dd7385f2-fbd4-41a4-afcd-7296aca5e198,SAMMS-MtPleasant
202608292054379277,202608291904434714,202608291904434406,85,2746,Bronze INV,br_LiquidLog,TASK_COMPLETE,SUCCESS,INFO,48469,48469,0,,2026-08-29T19:04:49.126Z,2026-08-29T20:54:41.421Z,6592,2026-08-29T20:54:41.421Z,MRD,Meridian,dd7385f2-fbd4-41a4-afcd-7296aca5e198,SAMMS-Meridian
202608292054379278,202608291904434715,202608291904434406,85,2751,Bronze INV,br_LiquidLog,TASK_COMPLETE,SUCCESS,INFO,120344,120344,0,,2026-08-29T19:04:49.126Z,2026-08-29T20:54:41.421Z,6592,2026-08-29T20:54:41.421Z,NC,North Charleston,dd7385f2-fbd4-41a4-afcd-7296aca5e198,SAMMS-NorthCharleston
202608292054379279,202608291904434716,202608291904434406,85,2752,Bronze INV,br_LiquidLog,TASK_COMPLETE,SUCCESS,INFO,0,0,0,,2026-08-29T19:04:49.126Z,2026-08-29T20:54:41.421Z,6592,2026-08-29T20:54:41.421Z,NLR,N. Little Rock,dd7385f2-fbd4-41a4-afcd-7296aca5e198,SAMMS-NLROBOT
202608292054379280,202608291904434717,202608291904434406,85,2753,Bronze INV,br_LiquidLog,TASK_COMPLETE,SUCCESS,INFO,654,654,0,,2026-08-29T19:04:49.126Z,2026-08-29T20:54:41.421Z,6592,2026-08-29T20:54:41.421Z,PH,Phoenix,dd7385f2-fbd4-41a4-afcd-7296aca5e198,SAMMS-Phoenix
202608292054379282,202608291904434718,202608291904434406,85,2757,Bronze INV,br_LiquidLog,TASK_COMPLETE,SUCCESS,INFO,99700,99700,0,,2026-08-29T19:04:49.126Z,2026-08-29T20:54:41.421Z,6592,2026-08-29T20:54:41.421Z,RE,Reno,dd7385f2-fbd4-41a4-afcd-7296aca5e198,SAMMS-Reno
202608292054379283,202608291904434719,202608291904434406,85,2758,Bronze INV,br_LiquidLog,TASK_COMPLETE,SUCCESS,INFO,135238,135238,0,,2026-08-29T19:04:49.126Z,2026-08-29T20:54:41.421Z,6592,2026-08-29T20:54:41.421Z,RMD,Richmond,dd7385f2-fbd4-41a4-afcd-7296aca5e198,SAMMS-Richmond
202608292054379284,202608291904434720,202608291904434406,85,2759,Bronze INV,br_LiquidLog,TASK_COMPLETE,SUCCESS,INFO,160856,160856,0,,2026-08-29T19:04:49.126Z,2026-08-29T20:54:41.421Z,6592,2026-08-29T20:54:41.421Z,SFN,Springfield North,dd7385f2-fbd4-41a4-afcd-7296aca5e198,SAMMS-SFNv5
202608292054379285,202608291904434721,202608291904434406,85,2760,Bronze INV,br_LiquidLog,TASK_COMPLETE,SUCCESS,INFO,186973,186973,0,,2026-08-29T19:04:49.126Z,2026-08-29T20:54:41.421Z,6592,2026-08-29T20:54:41.421Z,SHP,Shreveport,dd7385f2-fbd4-41a4-afcd-7296aca5e198,SAMMS-Shreveport
202608292054379286,202608291904434722,202608291904434406,85,2762,Bronze INV,br_LiquidLog,TASK_COMPLETE,SUCCESS,INFO,61613,61613,0,,2026-08-29T19:04:49.126Z,2026-08-29T20:54:41.421Z,6592,2026-08-29T20:54:41.421Z,STN,Staunton,dd7385f2-fbd4-41a4-afcd-7296aca5e198,SAMMS-Staunton
202608292054379287,202608291904434723,202608291904434406,85,2763,Bronze INV,br_LiquidLog,TASK_COMPLETE,SUCCESS,INFO,24810,24810,0,,2026-08-29T19:04:49.126Z,2026-08-29T20:54:41.421Z,6592,2026-08-29T20:54:41.421Z,STVN,Stevenson,dd7385f2-fbd4-41a4-afcd-7296aca5e198,SAMMS-Stevenson
202608292054379288,202608291904434724,202608291904434406,85,2765,Bronze INV,br_LiquidLog,TASK_COMPLETE,SUCCESS,INFO,407,407,0,,2026-08-29T19:04:49.126Z,2026-08-29T20:54:41.421Z,6592,2026-08-29T20:54:41.421Z,TE,Tempe,dd7385f2-fbd4-41a4-afcd-7296aca5e198,SAMMS-Tempe
202608292054379290,202608291904434725,202608291904434406,85,2766,Bronze INV,br_LiquidLog,TASK_COMPLETE,SUCCESS,INFO,0,0,0,,2026-08-29T19:04:49.126Z,2026-08-29T20:54:41.421Z,6592,2026-08-29T20:54:41.421Z,TEX,Texarkana,dd7385f2-fbd4-41a4-afcd-7296aca5e198,SAMMS-Texarkana
202608292054379291,202608291904434726,202608291904434406,85,2767,Bronze INV,br_LiquidLog,TASK_COMPLETE,SUCCESS,INFO,255848,255848,0,,2026-08-29T19:04:49.126Z,2026-08-29T20:54:41.421Z,6592,2026-08-29T20:54:41.421Z,TTCA,Bessemer,dd7385f2-fbd4-41a4-afcd-7296aca5e198,SAMMS-BessemerV5
202608292054379292,202608291904434727,202608291904434406,85,2768,Bronze INV,br_LiquidLog,TASK_COMPLETE,SUCCESS,INFO,98798,98798,0,,2026-08-29T19:04:49.126Z,2026-08-29T20:54:41.421Z,6592,2026-08-29T20:54:41.421Z,TTCB,Cullman,dd7385f2-fbd4-41a4-afcd-7296aca5e198,SAMMS-CullmanV5
202608292054379293,202608291904434728,202608291904434406,85,2769,Bronze INV,br_LiquidLog,TASK_COMPLETE,SUCCESS,INFO,231585,231585,0,,2026-08-29T19:04:49.126Z,2026-08-29T20:54:41.421Z,6592,2026-08-29T20:54:41.421Z,TTCC,Grand Bay,dd7385f2-fbd4-41a4-afcd-7296aca5e198,SAMMS-GrandBay
202608292054379294,202608291904434729,202608291904434406,85,2770,Bronze INV,br_LiquidLog,TASK_COMPLETE,SUCCESS,INFO,2652,2652,0,,2026-08-29T19:04:49.126Z,2026-08-29T20:54:41.421Z,6592,2026-08-29T20:54:41.421Z,TU,Tucson,dd7385f2-fbd4-41a4-afcd-7296aca5e198,SAMMS-Tucson
202608292054379295,202608291904434730,202608291904434406,85,2772,Bronze INV,br_LiquidLog,TASK_COMPLETE,SUCCESS,INFO,125923,125923,0,,2026-08-29T19:04:49.126Z,2026-08-29T20:54:41.421Z,6592,2026-08-29T20:54:41.421Z,V1,Memphis South,dd7385f2-fbd4-41a4-afcd-7296aca5e198,SAMMS-VCPHCS-I-MemphisV5
202608292054379297,202608291904434731,202608291904434406,85,2773,Bronze INV,br_LiquidLog,TASK_COMPLETE,SUCCESS,INFO,71975,71975,0,,2026-08-29T19:04:49.126Z,2026-08-29T20:54:41.421Z,6592,2026-08-29T20:54:41.421Z,V10,Longmont,dd7385f2-fbd4-41a4-afcd-7296aca5e198,SAMMS-BoulderV5
202608292054379298,202608291904434732,202608291904434406,85,2774,Bronze INV,br_LiquidLog,TASK_COMPLETE,SUCCESS,INFO,133994,133994,0,,2026-08-29T19:04:49.126Z,2026-08-29T20:54:41.421Z,6592,2026-08-29T20:54:41.421Z,V10A,Fort Collins,dd7385f2-fbd4-41a4-afcd-7296aca5e198,SAMMS-FortCollinsV5
202608292054379299,202608291904434733,202608291904434406,85,2775,Bronze INV,br_LiquidLog,TASK_COMPLETE,SUCCESS,INFO,125973,125973,0,,2026-08-29T19:04:49.126Z,2026-08-29T20:54:41.421Z,6592,2026-08-29T20:54:41.421Z,V11,Westminster,dd7385f2-fbd4-41a4-afcd-7296aca5e198,SAMMS-VCPHCS-XI-NorthDenverV5
202608292054379300,202608291904434734,202608291904434406,85,2776,Bronze INV,br_LiquidLog,TASK_COMPLETE,SUCCESS,INFO,143299,143299,0,,2026-08-29T19:04:49.126Z,2026-08-29T20:54:41.421Z,6592,2026-08-29T20:54:41.421Z,V12,Downtown Denver,dd7385f2-fbd4-41a4-afcd-7296aca5e198,SAMMS-VCPHCS-XII-DowntownDenverV5
202608292054379301,202608291904434735,202608291904434406,85,2777,Bronze INV,br_LiquidLog,TASK_COMPLETE,SUCCESS,INFO,83697,83697,0,,2026-08-29T19:04:49.126Z,2026-08-29T20:54:41.421Z,6592,2026-08-29T20:54:41.421Z,V12A,Centennial,dd7385f2-fbd4-41a4-afcd-7296aca5e198,SAMMS-CentennialV5
202608292054379302,202608291904434736,202608291904434406,85,2778,Bronze INV,br_LiquidLog,TASK_COMPLETE,SUCCESS,INFO,68826,68826,0,,2026-08-29T19:04:49.126Z,2026-08-29T20:54:41.421Z,6592,2026-08-29T20:54:41.421Z,V14,Overland Park,dd7385f2-fbd4-41a4-afcd-7296aca5e198,SAMMS-VCPHCS-XIV-BridgewayV5
202608292054379303,202608291904434737,202608291904434406,85,2779,Bronze INV,br_LiquidLog,TASK_COMPLETE,SUCCESS,INFO,118237,118237,0,,2026-08-29T19:04:49.126Z,2026-08-29T20:54:41.421Z,6592,2026-08-29T20:54:41.421Z,V15,Joplin,dd7385f2-fbd4-41a4-afcd-7296aca5e198,SAMMS-JoplinV5
202608292054379305,202608291904434738,202608291904434406,85,2781,Bronze INV,br_LiquidLog,TASK_COMPLETE,SUCCESS,INFO,60599,60599,0,,2026-08-29T19:04:49.126Z,2026-08-29T20:54:41.421Z,6592,2026-08-29T20:54:41.421Z,V17,Columbia TN,dd7385f2-fbd4-41a4-afcd-7296aca5e198,SAMMS-ColumbiaTNv5
202608292054379306,202608291904434739,202608291904434406,85,2783,Bronze INV,br_LiquidLog,TASK_COMPLETE,SUCCESS,INFO,227133,227133,0,,2026-08-29T19:04:49.126Z,2026-08-29T20:54:41.421Z,6592,2026-08-29T20:54:41.421Z,V19,Jackson,dd7385f2-fbd4-41a4-afcd-7296aca5e198,SAMMS-JacksonV5
202608292054379307,202608291904434740,202608291904434406,85,2785,Bronze INV,br_LiquidLog,TASK_COMPLETE,SUCCESS,INFO,207809,207809,0,,2026-08-29T19:04:49.126Z,2026-08-29T20:54:41.421Z,6592,2026-08-29T20:54:41.421Z,V20,Paris,dd7385f2-fbd4-41a4-afcd-7296aca5e198,SAMMS-ParisV5
202608292054379308,202608291904434741,202608291904434406,85,2786,Bronze INV,br_LiquidLog,TASK_COMPLETE,SUCCESS,INFO,175439,175439,0,,2026-08-29T19:04:49.126Z,2026-08-29T20:54:41.421Z,6592,2026-08-29T20:54:41.421Z,V21,Memphis North,dd7385f2-fbd4-41a4-afcd-7296aca5e198,SAMMS-RaleighV5
202608292054379309,202608291904434742,202608291904434406,85,2789,Bronze INV,br_LiquidLog,TASK_COMPLETE,SUCCESS,INFO,342731,342731,0,,2026-08-29T19:04:49.126Z,2026-08-29T20:54:41.421Z,6592,2026-08-29T20:54:41.421Z,V5,West Bank,dd7385f2-fbd4-41a4-afcd-7296aca5e198,SAMMS-NONTCv5
202608292054379310,202608291904434743,202608291904434406,85,2791,Bronze INV,br_LiquidLog,TASK_COMPLETE,SUCCESS,INFO,31337,31337,0,,2026-08-29T19:04:49.126Z,2026-08-29T20:54:41.421Z,6592,2026-08-29T20:54:41.421Z,V5B,Houma,dd7385f2-fbd4-41a4-afcd-7296aca5e198,SAMMS-HoumaV6
202608292054379311,202608291904434744,202608291904434406,85,2792,Bronze INV,br_LiquidLog,TASK_COMPLETE,SUCCESS,INFO,260226,260226,0,,2026-08-29T19:04:49.126Z,2026-08-29T20:54:41.421Z,6592,2026-08-29T20:54:41.421Z,V6,Lake Charles,dd7385f2-fbd4-41a4-afcd-7296aca5e198,SAMMS-LCv5
202608292054379313,202608291904434745,202608291904434406,85,2794,Bronze INV,br_LiquidLog,TASK_COMPLETE,SUCCESS,INFO,166200,166200,0,,2026-08-29T19:04:49.126Z,2026-08-29T20:54:41.421Z,6592,2026-08-29T20:54:41.421Z,V8,Memphis Midtown,dd7385f2-fbd4-41a4-afcd-7296aca5e198,SAMMS-VCPHCS-VIII-MemphisV5
202608292054379314,202608291904434746,202608291904434406,85,2795,Bronze INV,br_LiquidLog,TASK_COMPLETE,SUCCESS,INFO,309290,309290,0,,2026-08-29T19:04:49.126Z,2026-08-29T20:54:41.421Z,6592,2026-08-29T20:54:41.421Z,V9,Nashville,dd7385f2-fbd4-41a4-afcd-7296aca5e198,SAMMS-NashvilleV5
202608292054379315,202608291904434747,202608291904434406,85,2796,Bronze INV,br_LiquidLog,TASK_COMPLETE,SUCCESS,INFO,112005,112005,0,,2026-08-29T19:04:49.126Z,2026-08-29T20:54:41.421Z,6592,2026-08-29T20:54:41.421Z,VBRA,Brainerd,dd7385f2-fbd4-41a4-afcd-7296aca5e198,SAMMS-BrainerdV6
202608292054379316,202608291904434748,202608291904434406,85,2797,Bronze INV,br_LiquidLog,TASK_COMPLETE,SUCCESS,INFO,222312,222312,0,,2026-08-29T19:04:49.126Z,2026-08-29T20:54:41.421Z,6592,2026-08-29T20:54:41.421Z,VBRP,Brooklyn Park,dd7385f2-fbd4-41a4-afcd-7296aca5e198,SAMMS-BrooklynParkV6
202608292054379318,202608291904434749,202608291904434406,85,2799,Bronze INV,br_LiquidLog,TASK_COMPLETE,SUCCESS,INFO,139751,139751,0,,2026-08-29T19:04:49.126Z,2026-08-29T20:54:41.421Z,6592,2026-08-29T20:54:41.421Z,VMIN,Minneapolis,dd7385f2-fbd4-41a4-afcd-7296aca5e198,SAMMS-MinneapolisV6
202608292054379319,202608291904434750,202608291904434406,85,2800,Bronze INV,br_LiquidLog,TASK_COMPLETE,SUCCESS,INFO,251332,251332,0,,2026-08-29T19:04:49.126Z,2026-08-29T20:54:41.421Z,6592,2026-08-29T20:54:41.421Z,VWBY,Woodbury,dd7385f2-fbd4-41a4-afcd-7296aca5e198,SAMMS-WoodburyV6
202608292054379420,202608291904434837,202608291904434406,85,2947,Bronze INV,br_OrientationChecklistNew,TASK_COMPLETE,SUCCESS,INFO,26,26,0,,2026-08-29T19:04:49.126Z,2026-08-29T20:54:41.421Z,6592,2026-08-29T20:54:41.421Z,STVN,Stevenson,dd7385f2-fbd4-41a4-afcd-7296aca5e198,SAMMS-Stevenson
202608292054379421,202608291904434838,202608291904434406,85,2950,Bronze INV,br_OrientationChecklistNew,TASK_COMPLETE,SUCCESS,INFO,0,0,0,,2026-08-29T19:04:49.126Z,2026-08-29T20:54:41.421Z,6592,2026-08-29T20:54:41.421Z,TEX,Texarkana,dd7385f2-fbd4-41a4-afcd-7296aca5e198,SAMMS-Texarkana
202608292054379423,202608291904434839,202608291904434406,85,2951,Bronze INV,br_OrientationChecklistNew,TASK_COMPLETE,SUCCESS,INFO,102,102,0,,2026-08-29T19:04:49.126Z,2026-08-29T20:54:41.421Z,6592,2026-08-29T20:54:41.421Z,TTCA,Bessemer,dd7385f2-fbd4-41a4-afcd-7296aca5e198,SAMMS-BessemerV5
202608292054379424,202608291904434840,202608291904434406,85,2952,Bronze INV,br_OrientationChecklistNew,TASK_COMPLETE,SUCCESS,INFO,73,73,0,,2026-08-29T19:04:49.126Z,2026-08-29T20:54:41.421Z,6592,2026-08-29T20:54:41.421Z,TTCB,Cullman,dd7385f2-fbd4-41a4-afcd-7296aca5e198,SAMMS-CullmanV5
202608292054379425,202608291904434841,202608291904434406,85,2953,Bronze INV,br_OrientationChecklistNew,TASK_COMPLETE,SUCCESS,INFO,70,70,0,,2026-08-29T19:04:49.126Z,2026-08-29T20:54:41.421Z,6592,2026-08-29T20:54:41.421Z,TTCC,Grand Bay,dd7385f2-fbd4-41a4-afcd-7296aca5e198,SAMMS-GrandBay
202608292054379426,202608291904434842,202608291904434406,85,2956,Bronze INV,br_OrientationChecklistNew,TASK_COMPLETE,SUCCESS,INFO,103,103,0,,2026-08-29T19:04:49.126Z,2026-08-29T20:54:41.421Z,6592,2026-08-29T20:54:41.421Z,V1,Memphis South,dd7385f2-fbd4-41a4-afcd-7296aca5e198,SAMMS-VCPHCS-I-MemphisV5
202608292054379427,202608291904434843,202608291904434406,85,2957,Bronze INV,br_OrientationChecklistNew,TASK_COMPLETE,SUCCESS,INFO,120,120,0,,2026-08-29T19:04:49.126Z,2026-08-29T20:54:41.421Z,6592,2026-08-29T20:54:41.421Z,V10,Longmont,dd7385f2-fbd4-41a4-afcd-7296aca5e198,SAMMS-BoulderV5
202608292054379428,202608291904434844,202608291904434406,85,2958,Bronze INV,br_OrientationChecklistNew,TASK_COMPLETE,SUCCESS,INFO,222,222,0,,2026-08-29T19:04:49.126Z,2026-08-29T20:54:41.421Z,6592,2026-08-29T20:54:41.421Z,V10A,Fort Collins,dd7385f2-fbd4-41a4-afcd-7296aca5e198,SAMMS-FortCollinsV5
202608292054379430,202608291904434845,202608291904434406,85,2959,Bronze INV,br_OrientationChecklistNew,TASK_COMPLETE,SUCCESS,INFO,114,114,0,,2026-08-29T19:04:49.126Z,2026-08-29T20:54:41.421Z,6592,2026-08-29T20:54:41.421Z,V11,Westminster,dd7385f2-fbd4-41a4-afcd-7296aca5e198,SAMMS-VCPHCS-XI-NorthDenverV5
202608292054379431,202608291904434846,202608291904434406,85,2960,Bronze INV,br_OrientationChecklistNew,TASK_COMPLETE,SUCCESS,INFO,122,122,0,,2026-08-29T19:04:49.126Z,2026-08-29T20:54:41.421Z,6592,2026-08-29T20:54:41.421Z,V12,Downtown Denver,dd7385f2-fbd4-41a4-afcd-7296aca5e198,SAMMS-VCPHCS-XII-DowntownDenverV5
202608292054379432,202608291904434847,202608291904434406,85,2961,Bronze INV,br_OrientationChecklistNew,TASK_COMPLETE,SUCCESS,INFO,64,64,0,,2026-08-29T19:04:49.126Z,2026-08-29T20:54:41.421Z,6592,2026-08-29T20:54:41.421Z,V12A,Centennial,dd7385f2-fbd4-41a4-afcd-7296aca5e198,SAMMS-CentennialV5
202608292054379433,202608291904434848,202608291904434406,85,2962,Bronze INV,br_OrientationChecklistNew,TASK_COMPLETE,SUCCESS,INFO,112,112,0,,2026-08-29T19:04:49.126Z,2026-08-29T20:54:41.421Z,6592,2026-08-29T20:54:41.421Z,V14,Overland Park,dd7385f2-fbd4-41a4-afcd-7296aca5e198,SAMMS-VCPHCS-XIV-BridgewayV5
202608292054379434,202608291904434849,202608291904434406,85,2963,Bronze INV,br_OrientationChecklistNew,TASK_COMPLETE,SUCCESS,INFO,159,159,0,,2026-08-29T19:04:49.126Z,2026-08-29T20:54:41.421Z,6592,2026-08-29T20:54:41.421Z,V15,Joplin,dd7385f2-fbd4-41a4-afcd-7296aca5e198,SAMMS-JoplinV5
202608292054379435,202608291904434850,202608291904434406,85,2965,Bronze INV,br_OrientationChecklistNew,TASK_COMPLETE,SUCCESS,INFO,59,59,0,,2026-08-29T19:04:49.126Z,2026-08-29T20:54:41.421Z,6592,2026-08-29T20:54:41.421Z,V17,Columbia TN,dd7385f2-fbd4-41a4-afcd-7296aca5e198,SAMMS-ColumbiaTNv5
202608292054379436,202608291904434851,202608291904434406,85,2967,Bronze INV,br_OrientationChecklistNew,TASK_COMPLETE,SUCCESS,INFO,90,90,0,,2026-08-29T19:04:49.126Z,2026-08-29T20:54:41.421Z,6592,2026-08-29T20:54:41.421Z,V19,Jackson,dd7385f2-fbd4-41a4-afcd-7296aca5e198,SAMMS-JacksonV5
202608292054379438,202608291904434852,202608291904434406,85,2969,Bronze INV,br_OrientationChecklistNew,TASK_COMPLETE,SUCCESS,INFO,71,71,0,,2026-08-29T19:04:49.126Z,2026-08-29T20:54:41.421Z,6592,2026-08-29T20:54:41.421Z,V20,Paris,dd7385f2-fbd4-41a4-afcd-7296aca5e198,SAMMS-ParisV5
202608292054379439,202608291904434853,202608291904434406,85,2970,Bronze INV,br_OrientationChecklistNew,TASK_COMPLETE,SUCCESS,INFO,45,45,0,,2026-08-29T19:04:49.126Z,2026-08-29T20:54:41.421Z,6592,2026-08-29T20:54:41.421Z,V21,Memphis North,dd7385f2-fbd4-41a4-afcd-7296aca5e198,SAMMS-RaleighV5
202608292054379440,202608291904434854,202608291904434406,85,2973,Bronze INV,br_OrientationChecklistNew,TASK_COMPLETE,SUCCESS,INFO,154,154,0,,2026-08-29T19:04:49.126Z,2026-08-29T20:54:41.421Z,6592,2026-08-29T20:54:41.421Z,V5,West Bank,dd7385f2-fbd4-41a4-afcd-7296aca5e198,SAMMS-NONTCv5
202608292054379441,202608291904434855,202608291904434406,85,2975,Bronze INV,br_OrientationChecklistNew,TASK_COMPLETE,SUCCESS,INFO,64,64,0,,2026-08-29T19:04:49.126Z,2026-08-29T20:54:41.421Z,6592,2026-08-29T20:54:41.421Z,V5B,Houma,dd7385f2-fbd4-41a4-afcd-7296aca5e198,SAMMS-HoumaV6
202608292054379442,202608291904434856,202608291904434406,85,2976,Bronze INV,br_OrientationChecklistNew,TASK_COMPLETE,SUCCESS,INFO,197,197,0,,2026-08-29T19:04:49.126Z,2026-08-29T20:54:41.421Z,6592,2026-08-29T20:54:41.421Z,V6,Lake Charles,dd7385f2-fbd4-41a4-afcd-7296aca5e198,SAMMS-LCv5
202608292054379443,202608291904434857,202608291904434406,85,2978,Bronze INV,br_OrientationChecklistNew,TASK_COMPLETE,SUCCESS,INFO,129,129,0,,2026-08-29T19:04:49.126Z,2026-08-29T20:54:41.421Z,6592,2026-08-29T20:54:41.421Z,V8,Memphis Midtown,dd7385f2-fbd4-41a4-afcd-7296aca5e198,SAMMS-VCPHCS-VIII-MemphisV5
202608292054379445,202608291904434858,202608291904434406,85,2979,Bronze INV,br_OrientationChecklistNew,TASK_COMPLETE,SUCCESS,INFO,188,188,0,,2026-08-29T19:04:49.126Z,2026-08-29T20:54:41.421Z,6592,2026-08-29T20:54:41.421Z,V9,Nashville,dd7385f2-fbd4-41a4-afcd-7296aca5e198,SAMMS-NashvilleV5
202608292054379446,202608291904434859,202608291904434406,85,2980,Bronze INV,br_OrientationChecklistNew,TASK_COMPLETE,SUCCESS,INFO,152,152,0,,2026-08-29T19:04:49.126Z,2026-08-29T20:54:41.421Z,6592,2026-08-29T20:54:41.421Z,VBRA,Brainerd,dd7385f2-fbd4-41a4-afcd-7296aca5e198,SAMMS-BrainerdV6
202608292054379447,202608291904434860,202608291904434406,85,2981,Bronze INV,br_OrientationChecklistNew,TASK_COMPLETE,SUCCESS,INFO,168,168,0,,2026-08-29T19:04:49.126Z,2026-08-29T20:54:41.421Z,6592,2026-08-29T20:54:41.421Z,VBRP,Brooklyn Park,dd7385f2-fbd4-41a4-afcd-7296aca5e198,SAMMS-BrooklynParkV6
202608292054379448,202608291904434861,202608291904434406,85,2983,Bronze INV,br_OrientationChecklistNew,TASK_COMPLETE,SUCCESS,INFO,127,127,0,,2026-08-29T19:04:49.126Z,2026-08-29T20:54:41.421Z,6592,2026-08-29T20:54:41.421Z,VMIN,Minneapolis,dd7385f2-fbd4-41a4-afcd-7296aca5e198,SAMMS-MinneapolisV6
202608292054379449,202608291904434862,202608291904434406,85,2984,Bronze INV,br_OrientationChecklistNew,TASK_COMPLETE,SUCCESS,INFO,190,190,0,,2026-08-29T19:04:49.126Z,2026-08-29T20:54:41.421Z,6592,2026-08-29T20:54:41.421Z,VWBY,Woodbury,dd7385f2-fbd4-41a4-afcd-7296aca5e198,SAMMS-WoodburyV6
202608292054379450,202608291904434863,202608291904434406,85,2986,Bronze INV,br_OrientationChecklistNew,TASK_COMPLETE,SUCCESS,INFO,108,108,0,,2026-08-29T19:04:49.126Z,2026-08-29T20:54:41.421Z,6592,2026-08-29T20:54:41.421Z,WIL,Wilson,dd7385f2-fbd4-41a4-afcd-7296aca5e198,SAMMS-Wilson
202608292054379451,202608291904434864,202608291904434406,85,2254,Bronze INV,br_LabResult,TASK_COMPLETE,SUCCESS,INFO,1693,1693,0,,2026-08-29T19:04:49.126Z,2026-08-29T20:54:41.421Z,6592,2026-08-29T20:54:41.421Z,AHK,Ahoskie,dd7385f2-fbd4-41a4-afcd-7296aca5e198,SAMMS-Ahoskie
202608292054379453,202608291904434865,202608291904434406,85,2255,Bronze INV,br_LabResult,TASK_COMPLETE,SUCCESS,INFO,1260,1260,0,,2026-08-29T19:04:49.126Z,2026-08-29T20:54:41.421Z,6592,2026-08-29T20:54:41.421Z,B12B,Colorado Springs,dd7385f2-fbd4-41a4-afcd-7296aca5e198,SAMMS-ColoradoSpringsV5
202608292054379454,202608291904434866,202608291904434406,85,2256,Bronze INV,br_LabResult,TASK_COMPLETE,SUCCESS,INFO,1833,1833,0,,2026-08-29T19:04:49.126Z,2026-08-29T20:54:41.421Z,6592,2026-08-29T20:54:41.421Z,B24,Paintsville,dd7385f2-fbd4-41a4-afcd-7296aca5e198,SAMMS-PaintsvilleV5
202608292054379455,202608291904434867,202608291904434406,85,2257,Bronze INV,br_LabResult,TASK_COMPLETE,SUCCESS,INFO,2286,2286,0,,2026-08-29T19:04:49.126Z,2026-08-29T20:54:41.421Z,6592,2026-08-29T20:54:41.421Z,B25,Pikeville,dd7385f2-fbd4-41a4-afcd-7296aca5e198,SAMMS-PikevilleV5
202608292054379456,202608291904434868,202608291904434406,85,2258,Bronze INV,br_LabResult,TASK_COMPLETE,SUCCESS,INFO,2742,2742,0,,2026-08-29T19:04:49.126Z,2026-08-29T20:54:41.421Z,6592,2026-08-29T20:54:41.421Z,B26,Hazard,dd7385f2-fbd4-41a4-afcd-7296aca5e198,SAMMS-HazardV5
202608292054379457,202608291904434869,202608291904434406,85,2259,Bronze INV,br_LabResult,TASK_COMPLETE,SUCCESS,INFO,3,3,0,,2026-08-29T19:04:49.126Z,2026-08-29T20:54:41.421Z,6592,2026-08-29T20:54:41.421Z,B27,Savannah,dd7385f2-fbd4-41a4-afcd-7296aca5e198,SAMMS-SavannahV6
202608292054379458,202608291904434870,202608291904434406,85,2260,Bronze INV,br_LabResult,TASK_COMPLETE,SUCCESS,INFO,1556,1556,0,,2026-08-29T19:04:49.126Z,2026-08-29T20:54:41.421Z,6592,2026-08-29T20:54:41.421Z,B28,West Plains,dd7385f2-fbd4-41a4-afcd-7296aca5e198,SAMMS-WestPlainesV5
202608292054379459,202608291904434871,202608291904434406,85,2261,Bronze INV,br_LabResult,TASK_COMPLETE,SUCCESS,INFO,1885,1885,0,,2026-08-29T19:04:49.126Z,2026-08-29T20:54:41.421Z,6592,2026-08-29T20:54:41.421Z,B29,Poplar Bluff,dd7385f2-fbd4-41a4-afcd-7296aca5e198,SAMMS-PoplarBluffV5
202608292054379461,202608291904434872,202608291904434406,85,2262,Bronze INV,br_LabResult,TASK_COMPLETE,SUCCESS,INFO,1515,1515,0,,2026-08-29T19:04:49.126Z,2026-08-29T20:54:41.421Z,6592,2026-08-29T20:54:41.421Z,B30,KC North,dd7385f2-fbd4-41a4-afcd-7296aca5e198,SAMMS-KCNv5
202608292054379462,202608291904434873,202608291904434406,85,2263,Bronze INV,br_LabResult,TASK_COMPLETE,SUCCESS,INFO,5381,5381,0,,2026-08-29T19:04:49.126Z,2026-08-29T20:54:41.421Z,6592,2026-08-29T20:54:41.421Z,B31,Dyersburg,dd7385f2-fbd4-41a4-afcd-7296aca5e198,SAMMS-DyersburgV5
202608292054379463,202608291904434874,202608291904434406,85,2265,Bronze INV,br_LabResult,TASK_COMPLETE,SUCCESS,INFO,4144,4144,0,,2026-08-29T19:04:49.126Z,2026-08-29T20:54:41.421Z,6592,2026-08-29T20:54:41.421Z,B33,Paducah,dd7385f2-fbd4-41a4-afcd-7296aca5e198,SAMMS-Paducah
202608292054379464,202608291904434875,202608291904434406,85,2266,Bronze INV,br_LabResult,TASK_COMPLETE,SUCCESS,INFO,2294,2294,0,,2026-08-29T19:04:49.126Z,2026-08-29T20:54:41.421Z,6592,2026-08-29T20:54:41.421Z,B34,Corbin,dd7385f2-fbd4-41a4-afcd-7296aca5e198,SAMMS-CorbinV5
202608292054379465,202608291904434876,202608291904434406,85,2267,Bronze INV,br_LabResult,TASK_COMPLETE,SUCCESS,INFO,11700,11700,0,,2026-08-29T19:04:49.126Z,2026-08-29T20:54:41.421Z,6592,2026-08-29T20:54:41.421Z,B35,Lexington,dd7385f2-fbd4-41a4-afcd-7296aca5e198,SAMMS-LexingtonV5
202608292054379466,202608291904434877,202608291904434406,85,2268,Bronze INV,br_LabResult,TASK_COMPLETE,SUCCESS,INFO,2396,2396,0,,2026-08-29T19:04:49.126Z,2026-08-29T20:54:41.421Z,6592,2026-08-29T20:54:41.421Z,B35A,Berea,dd7385f2-fbd4-41a4-afcd-7296aca5e198,SAMMS-BereaV5
202608292054379468,202608291904434878,202608291904434406,85,2269,Bronze INV,br_LabResult,TASK_COMPLETE,SUCCESS,INFO,1174,1174,0,,2026-08-29T19:04:49.126Z,2026-08-29T20:54:41.421Z,6592,2026-08-29T20:54:41.421Z,B36,Asheville,dd7385f2-fbd4-41a4-afcd-7296aca5e198,SAMMS-AshevilleV5
202608292054379469,202608291904434879,202608291904434406,85,2270,Bronze INV,br_LabResult,TASK_COMPLETE,SUCCESS,INFO,1697,1697,0,,2026-08-29T19:04:49.126Z,2026-08-29T20:54:41.421Z,6592,2026-08-29T20:54:41.421Z,B37,Clyde,dd7385f2-fbd4-41a4-afcd-7296aca5e198,SAMMS-ClydeV5
202608292054379470,202608291904434880,202608291904434406,85,2271,Bronze INV,br_LabResult,TASK_COMPLETE,SUCCESS,INFO,5937,5937,0,,2026-08-29T19:04:49.126Z,2026-08-29T20:54:41.421Z,6592,2026-08-29T20:54:41.421Z,B38,Spartanburg,dd7385f2-fbd4-41a4-afcd-7296aca5e198,SAMMS-SpartanburgV5
202608292054379471,202608291904434881,202608291904434406,85,2272,Bronze INV,br_LabResult,TASK_COMPLETE,SUCCESS,INFO,1795,1795,0,,2026-08-29T19:04:49.126Z,2026-08-29T20:54:41.421Z,6592,2026-08-29T20:54:41.421Z,B39,Aiken,dd7385f2-fbd4-41a4-afcd-7296aca5e198,SAMMS-AikenV5
202608292054379472,202608291904434882,202608291904434406,85,2273,Bronze INV,br_LabResult,TASK_COMPLETE,SUCCESS,INFO,4047,4047,0,,2026-08-29T19:04:49.126Z,2026-08-29T20:54:41.421Z,6592,2026-08-29T20:54:41.421Z,B41,Chesapeake,dd7385f2-fbd4-41a4-afcd-7296aca5e198,SAMMS-ChesapeakeV5
202608292054379474,202608291904434883,202608291904434406,85,2274,Bronze INV,br_LabResult,TASK_COMPLETE,SUCCESS,INFO,14378,14378,0,,2026-08-29T19:04:49.126Z,2026-08-29T20:54:41.421Z,6592,2026-08-29T20:54:41.421Z,B42,Virginia Beach,dd7385f2-fbd4-41a4-afcd-7296aca5e198,SAMMS-VirginiaBeachV5
202608292054379475,202608291904434884,202608291904434406,85,2275,Bronze INV,br_LabResult,TASK_COMPLETE,SUCCESS,INFO,1422,1422,0,,2026-08-29T19:04:49.126Z,2026-08-29T20:54:41.421Z,6592,2026-08-29T20:54:41.421Z,B42A,Newport News,dd7385f2-fbd4-41a4-afcd-7296aca5e198,SAMMS-NewportNewsV5
202608292054379476,202608291904434885,202608291904434406,85,2276,Bronze INV,br_LabResult,TASK_COMPLETE,SUCCESS,INFO,752,752,0,,2026-08-29T19:04:49.126Z,2026-08-29T20:54:41.421Z,6592,2026-08-29T20:54:41.421Z,B42B,Franklin,dd7385f2-fbd4-41a4-afcd-7296aca5e198,SAMMS-FranklinV5
202608292054379478,202608291904434886,202608291904434406,85,2277,Bronze INV,br_LabResult,TASK_COMPLETE,SUCCESS,INFO,1481,1481,0,,2026-08-29T19:04:49.126Z,2026-08-29T20:54:41.421Z,6592,2026-08-29T20:54:41.421Z,B42C,Glen Allen,dd7385f2-fbd4-41a4-afcd-7296aca5e198,SAMMS-GlenAllenV5
202608292054379479,202608291904434887,202608291904434406,85,2278,Bronze INV,br_LabResult,TASK_COMPLETE,SUCCESS,INFO,1330,1330,0,,2026-08-29T19:04:49.126Z,2026-08-29T20:54:41.421Z,6592,2026-08-29T20:54:41.421Z,B42D,Chesapeake South,dd7385f2-fbd4-41a4-afcd-7296aca5e198,SAMMS-ChesapeakeSouthV5
202608292054379480,202608291904434888,202608291904434406,85,2279,Bronze INV,br_LabResult,TASK_COMPLETE,SUCCESS,INFO,2936,2936,0,,2026-08-29T19:04:49.126Z,2026-08-29T20:54:41.421Z,6592,2026-08-29T20:54:41.421Z,B44,Albany,dd7385f2-fbd4-41a4-afcd-7296aca5e198,SAMMS-AlbanyV5
202608292054379481,202608291904434889,202608291904434406,85,2280,Bronze INV,br_LabResult,TASK_COMPLETE,SUCCESS,INFO,2420,2420,0,,2026-08-29T19:04:49.126Z,2026-08-29T20:54:41.421Z,6592,2026-08-29T20:54:41.421Z,B45,Tifton,dd7385f2-fbd4-41a4-afcd-7296aca5e198,SAMMS-TiftonV5
202608292054379482,202608291904434890,202608291904434406,85,2281,Bronze INV,br_LabResult,TASK_COMPLETE,SUCCESS,INFO,623,623,0,,2026-08-29T19:04:49.126Z,2026-08-29T20:54:41.421Z,6592,2026-08-29T20:54:41.421Z,B46,Washington DC,dd7385f2-fbd4-41a4-afcd-7296aca5e198,SAMMS-WashingtonDCv5
202608292054379483,202608291904434891,202608291904434406,85,2282,Bronze INV,br_LabResult,TASK_COMPLETE,SUCCESS,INFO,334,334,0,,2026-08-29T19:04:49.126Z,2026-08-29T20:54:41.421Z,6592,2026-08-29T20:54:41.421Z,B47,Mobile,dd7385f2-fbd4-41a4-afcd-7296aca5e198,SAMMS-MobileV5
202608292054379485,202608291904434892,202608291904434406,85,2283,Bronze INV,br_LabResult,TASK_COMPLETE,SUCCESS,INFO,3367,3367,0,,2026-08-29T19:04:49.126Z,2026-08-29T20:54:41.421Z,6592,2026-08-29T20:54:41.421Z,B48,Tuscaloosa,dd7385f2-fbd4-41a4-afcd-7296aca5e198,SAMMS-TuscaloosaV5
202608292054379486,202608291904434893,202608291904434406,85,2292,Bronze INV,br_LabResult,TASK_COMPLETE,SUCCESS,INFO,5,5,0,,2026-08-29T19:04:49.126Z,2026-08-29T20:54:41.421Z,6592,2026-08-29T20:54:41.421Z,B51,N. Little Rock (OTP),dd7385f2-fbd4-41a4-afcd-7296aca5e198,SAMMS-NorthLittleRockV6
202608292054379487,202608291904434894,202608291904434406,85,2293,Bronze INV,br_LabResult,TASK_COMPLETE,SUCCESS,INFO,256,256,0,,2026-08-29T19:04:49.126Z,2026-08-29T20:54:41.421Z,6592,2026-08-29T20:54:41.421Z,B52,Jackson GA,dd7385f2-fbd4-41a4-afcd-7296aca5e198,SAMMS-JacksonGAV5
202608292054379488,202608291904434895,202608291904434406,85,2294,Bronze INV,br_LabResult,TASK_COMPLETE,SUCCESS,INFO,2660,2660,0,,2026-08-29T19:04:49.126Z,2026-08-29T20:54:41.421Z,6592,2026-08-29T20:54:41.421Z,B54,Gadsden,dd7385f2-fbd4-41a4-afcd-7296aca5e198,SAMMS-GadsdenV5
202608292054379489,202608291904434896,202608291904434406,85,2295,Bronze INV,br_LabResult,TASK_COMPLETE,SUCCESS,INFO,491,491,0,,2026-08-29T19:04:49.126Z,2026-08-29T20:54:41.421Z,6592,2026-08-29T20:54:41.421Z,B55,Shoals,dd7385f2-fbd4-41a4-afcd-7296aca5e198,SAMMS-ShoalsV5
202608292054379490,202608291904434897,202608291904434406,85,2296,Bronze INV,br_LabResult,TASK_COMPLETE,SUCCESS,INFO,3,3,0,,2026-08-29T19:04:49.126Z,2026-08-29T20:54:41.421Z,6592,2026-08-29T20:54:41.421Z,B57,Pawtucket,dd7385f2-fbd4-41a4-afcd-7296aca5e198,SAMMS-Pawtucket
202608292054379491,202608291904434898,202608291904434406,85,2297,Bronze INV,br_LabResult,TASK_COMPLETE,SUCCESS,INFO,6,6,0,,2026-08-29T19:04:49.126Z,2026-08-29T20:54:41.421Z,6592,2026-08-29T20:54:41.421Z,B57A,Johnston,dd7385f2-fbd4-41a4-afcd-7296aca5e198,SAMMS-Johnston
202608292054379493,202608291904434899,202608291904434406,85,2298,Bronze INV,br_LabResult,TASK_COMPLETE,SUCCESS,INFO,9,9,0,,2026-08-29T19:04:49.126Z,2026-08-29T20:54:41.421Z,6592,2026-08-29T20:54:41.421Z,B57B,Middletown,dd7385f2-fbd4-41a4-afcd-7296aca5e198,SAMMS-Middletown
202608292054379494,202608291904434900,202608291904434406,85,2299,Bronze INV,br_LabResult,TASK_COMPLETE,SUCCESS,INFO,2,2,0,,2026-08-29T19:04:49.126Z,2026-08-29T20:54:41.421Z,6592,2026-08-29T20:54:41.421Z,B57C,Providence,dd7385f2-fbd4-41a4-afcd-7296aca5e198,SAMMS-Providence
202608292054379495,202608291904434901,202608291904434406,85,2300,Bronze INV,br_LabResult,TASK_COMPLETE,SUCCESS,INFO,3,3,0,,2026-08-29T19:04:49.126Z,2026-08-29T20:54:41.421Z,6592,2026-08-29T20:54:41.421Z,B57D,Westerly,dd7385f2-fbd4-41a4-afcd-7296aca5e198,SAMMS-Westerly
202608292054379496,202608291904434902,202608291904434406,85,2304,Bronze INV,br_LabResult,TASK_COMPLETE,SUCCESS,INFO,2,2,0,,2026-08-29T19:04:49.126Z,2026-08-29T20:54:41.421Z,6592,2026-08-29T20:54:41.421Z,B66A,Bremen,dd7385f2-fbd4-41a4-afcd-7296aca5e198,SAMMS-Bremen
202608292054379498,202608291904434903,202608291904434406,85,2307,Bronze INV,br_LabResult,TASK_COMPLETE,SUCCESS,INFO,3,3,0,,2026-08-29T19:04:49.126Z,2026-08-29T20:54:41.421Z,6592,2026-08-29T20:54:41.421Z,B72,Mobile (OBOT),dd7385f2-fbd4-41a4-afcd-7296aca5e198,SAMMS-Mobile-OBOT
202608292054379499,202608291904434904,202608291904434406,85,2308,Bronze INV,br_LabResult,TASK_COMPLETE,SUCCESS,INFO,1,1,0,,2026-08-29T19:04:49.126Z,2026-08-29T20:54:41.421Z,6592,2026-08-29T20:54:41.421Z,B73,Montgomery,dd7385f2-fbd4-41a4-afcd-7296aca5e198,SAMMS-Montgomery
202608292054379500,202608291904434905,202608291904434406,85,2309,Bronze INV,br_LabResult,TASK_COMPLETE,SUCCESS,INFO,508,508,0,,2026-08-29T19:04:49.126Z,2026-08-29T20:54:41.421Z,6592,2026-08-29T20:54:41.421Z,B75,Lawrence,dd7385f2-fbd4-41a4-afcd-7296aca5e198,SAMMS-LawrenceV6
202608292054379501,202608291904434906,202608291904434406,85,2310,Bronze INV,br_LabResult,TASK_COMPLETE,SUCCESS,INFO,1,1,0,,2026-08-29T19:04:49.126Z,2026-08-29T20:54:41.421Z,6592,2026-08-29T20:54:41.421Z,B76,Huntsville OBOT,dd7385f2-fbd4-41a4-afcd-7296aca5e198,SAMMS-Huntsville-OBOT
202608292054379502,202608291904434907,202608291904434406,85,2311,Bronze INV,br_LabResult,TASK_COMPLETE,SUCCESS,INFO,4,4,0,,2026-08-29T19:04:49.126Z,2026-08-29T20:54:41.421Z,6592,2026-08-29T20:54:41.421Z,BAT,Batesville,dd7385f2-fbd4-41a4-afcd-7296aca5e198,SAMMS-Batesville
202608292054379503,202608291904434908,202608291904434406,85,2312,Bronze INV,br_LabResult,TASK_COMPLETE,SUCCESS,INFO,2692,2692,0,,2026-08-29T19:04:49.126Z,2026-08-29T20:54:41.421Z,6592,2026-08-29T20:54:41.421Z,BG,Bowling Green,dd7385f2-fbd4-41a4-afcd-7296aca5e198,SAMMS-BowlingGreen
202608292054379504,202608291904434909,202608291904434406,85,2313,Bronze INV,br_LabResult,TASK_COMPLETE,SUCCESS,INFO,191,191,0,,2026-08-29T19:04:49.126Z,2026-08-29T20:54:41.421Z,6592,2026-08-29T20:54:41.421Z,BOI,Boise,dd7385f2-fbd4-41a4-afcd-7296aca5e198,SAMMS-Boise
202608292054379506,202608291904434910,202608291904434406,85,2320,Bronze INV,br_LabResult,TASK_COMPLETE,SUCCESS,INFO,234,234,0,,2026-08-29T19:04:49.126Z,2026-08-29T20:54:41.421Z,6592,2026-08-29T20:54:41.421Z,CBCO,Coeur dAlene,dd7385f2-fbd4-41a4-afcd-7296aca5e198,SAMMS-CoeurdAleneV6
202608292054379507,202608291904434911,202608291904434406,85,2339,Bronze INV,br_LabResult,TASK_COMPLETE,SUCCESS,INFO,1,1,0,,2026-08-29T19:04:49.126Z,2026-08-29T20:54:41.421Z,6592,2026-08-29T20:54:41.421Z,CON,Conway,dd7385f2-fbd4-41a4-afcd-7296aca5e198,SAMMS-Conway
202608292054379508,202608291904434912,202608291904434406,85,2340,Bronze INV,br_LabResult,TASK_COMPLETE,SUCCESS,INFO,11,11,0,,2026-08-29T19:04:49.126Z,2026-08-29T20:54:41.421Z,6592,2026-08-29T20:54:41.421Z,D07,Medical Services Knox TN,dd7385f2-fbd4-41a4-afcd-7296aca5e198,SAMMS-KnoxvilleV6
202608292054379509,202608291904434913,202608291904434406,85,2341,Bronze INV,br_LabResult,TASK_COMPLETE,SUCCESS,INFO,996,996,0,,2026-08-29T19:04:49.126Z,2026-08-29T20:54:41.421Z,6592,2026-08-29T20:54:41.421Z,D08,Madison,dd7385f2-fbd4-41a4-afcd-7296aca5e198,SAMMS-MadisonV6
202608292054379510,202608291904434914,202608291904434406,85,2343,Bronze INV,br_LabResult,TASK_COMPLETE,SUCCESS,INFO,705,705,0,,2026-08-29T19:04:49.126Z,2026-08-29T20:54:41.421Z,6592,2026-08-29T20:54:41.421Z,D09,Murfreesboro,dd7385f2-fbd4-41a4-afcd-7296aca5e198,SAMMS-MurfreesboroV6
202608292054379511,202608291904434915,202608291904434406,85,2344,Bronze INV,br_LabResult,TASK_COMPLETE,SUCCESS,INFO,5,5,0,,2026-08-29T19:04:49.126Z,2026-08-29T20:54:41.421Z,6592,2026-08-29T20:54:41.421Z,DA,Davenport,dd7385f2-fbd4-41a4-afcd-7296aca5e198,SAMMS-Davenport
202608292054379512,202608291904434916,202608291904434406,85,2345,Bronze INV,br_LabResult,TASK_COMPLETE,SUCCESS,INFO,2652,2652,0,,2026-08-29T19:04:49.126Z,2026-08-29T20:54:41.421Z,6592,2026-08-29T20:54:41.421Z,DM,Des Moines,dd7385f2-fbd4-41a4-afcd-7296aca5e198,SAMMS-DesMoines
202608292054379514,202608291904434917,202608291904434406,85,2347,Bronze INV,br_LabResult,TASK_COMPLETE,SUCCESS,INFO,3024,3024,0,,2026-08-29T19:04:49.126Z,2026-08-29T20:54:41.421Z,6592,2026-08-29T20:54:41.421Z,DRD-CO,Columbia MO,dd7385f2-fbd4-41a4-afcd-7296aca5e198,SAMMS-ColumbiaV5
202608292054379515,202608291904434918,202608291904434406,85,2348,Bronze INV,br_LabResult,TASK_COMPLETE,SUCCESS,INFO,3302,3302,0,,2026-08-29T19:04:49.126Z,2026-08-29T20:54:41.421Z,6592,2026-08-29T20:54:41.421Z,DRD-KC,KC,dd7385f2-fbd4-41a4-afcd-7296aca5e198,SAMMS-KCv5
202608292054379516,202608291904434919,202608291904434406,85,2349,Bronze INV,br_LabResult,TASK_COMPLETE,SUCCESS,INFO,19425,19425,0,,2026-08-29T19:04:49.126Z,2026-08-29T20:54:41.421Z,6592,2026-08-29T20:54:41.421Z,DRD-KVB,KVB,dd7385f2-fbd4-41a4-afcd-7296aca5e198,SAMMS-KVBv5
202608292054379517,202608291904434920,202608291904434406,85,2350,Bronze INV,br_LabResult,TASK_COMPLETE,SUCCESS,INFO,23701,23701,0,,2026-08-29T19:04:49.126Z,2026-08-29T20:54:41.421Z,6592,2026-08-29T20:54:41.421Z,DRD-KVC,KVC,dd7385f2-fbd4-41a4-afcd-7296aca5e198,SAMMS-KVCv5
202608292054379518,202608291904434921,202608291904434406,85,2351,Bronze INV,br_LabResult,TASK_COMPLETE,SUCCESS,INFO,6445,6445,0,,2026-08-29T19:04:49.126Z,2026-08-29T20:54:41.421Z,6592,2026-08-29T20:54:41.421Z,DRD-NOLA,NOLA,dd7385f2-fbd4-41a4-afcd-7296aca5e198,SAMMS-NOLAv5
202608292054379519,202608291904434922,202608291904434406,85,2352,Bronze INV,br_LabResult,TASK_COMPLETE,SUCCESS,INFO,5693,5693,0,,2026-08-29T19:04:49.126Z,2026-08-29T20:54:41.421Z,6592,2026-08-29T20:54:41.421Z,DRD-SF,Springfield,dd7385f2-fbd4-41a4-afcd-7296aca5e198,SAMMS-SFv5
202609012114520670,202609011903673898,202609011903672005,85,3821,Bronze INV,br_ReAssessmentOccupational,TASK_COMPLETE,SUCCESS,INFO,1550,1550,0,,2026-09-01T19:04:17.664Z,2026-09-01T21:14:55.846Z,7838,2026-09-01T21:14:55.846Z,DRD-KVB,KVB,0e5f68b5-5669-4bb1-91ce-4b967b620e7d,SAMMS-KVBv5
202609012114520671,202609011903673899,202609011903672005,85,3822,Bronze INV,br_ReAssessmentOccupational,TASK_COMPLETE,SUCCESS,INFO,1672,1672,0,,2026-09-01T19:04:17.664Z,2026-09-01T21:14:55.846Z,7838,2026-09-01T21:14:55.846Z,DRD-KVC,KVC,0e5f68b5-5669-4bb1-91ce-4b967b620e7d,SAMMS-KVCv5
202609012114520673,202609011903673900,202609011903672005,85,3823,Bronze INV,br_ReAssessmentOccupational,TASK_COMPLETE,SUCCESS,INFO,3204,3204,0,,2026-09-01T19:04:17.664Z,2026-09-01T21:14:55.846Z,7838,2026-09-01T21:14:55.846Z,DRD-NOLA,NOLA,0e5f68b5-5669-4bb1-91ce-4b967b620e7d,SAMMS-NOLAv5
202609012114520674,202609011903673901,202609011903672005,85,3824,Bronze INV,br_ReAssessmentOccupational,TASK_COMPLETE,SUCCESS,INFO,801,801,0,,2026-09-01T19:04:17.664Z,2026-09-01T21:14:55.846Z,7838,2026-09-01T21:14:55.846Z,DRD-SF,Springfield,0e5f68b5-5669-4bb1-91ce-4b967b620e7d,SAMMS-SFv5
202609012114520675,202609011903673902,202609011903672005,85,3826,Bronze INV,br_ReAssessmentOccupational,TASK_COMPLETE,SUCCESS,INFO,260,260,0,,2026-09-01T19:04:17.664Z,2026-09-01T21:14:55.846Z,7838,2026-09-01T21:14:55.846Z,ELC,Elizabeth City,0e5f68b5-5669-4bb1-91ce-4b967b620e7d,SAMMS-ElizabethCity
202609012114520676,202609011903673903,202609011903672005,85,3827,Bronze INV,br_ReAssessmentOccupational,TASK_COMPLETE,SUCCESS,INFO,128,128,0,,2026-09-01T19:04:17.664Z,2026-09-01T21:14:55.846Z,7838,2026-09-01T21:14:55.846Z,ET,Elizabethtown,0e5f68b5-5669-4bb1-91ce-4b967b620e7d,SAMMS-Elizabethtown
202609012114520677,202609011903673904,202609011903672005,85,3828,Bronze INV,br_ReAssessmentOccupational,TASK_COMPLETE,SUCCESS,INFO,0,0,0,,2026-09-01T19:04:17.664Z,2026-09-01T21:14:55.846Z,7838,2026-09-01T21:14:55.846Z,FAY,Fayetteville,0e5f68b5-5669-4bb1-91ce-4b967b620e7d,SAMMS-Fayetteville
202609012114520678,202609011903673905,202609011903672005,85,3829,Bronze INV,br_ReAssessmentOccupational,TASK_COMPLETE,SUCCESS,INFO,156,156,0,,2026-09-01T19:04:17.664Z,2026-09-01T21:14:55.846Z,7838,2026-09-01T21:14:55.846Z,FR,Frankfort,0e5f68b5-5669-4bb1-91ce-4b967b620e7d,SAMMS-Frankfort
202609012114520679,202609011903673906,202609011903672005,85,3830,Bronze INV,br_ReAssessmentOccupational,TASK_COMPLETE,SUCCESS,INFO,0,0,0,,2026-09-01T19:04:17.664Z,2026-09-01T21:14:55.846Z,7838,2026-09-01T21:14:55.846Z,FS,Fort Smith,0e5f68b5-5669-4bb1-91ce-4b967b620e7d,SAMMS-FortSmith
202609012114520681,202609011903673907,202609011903672005,85,3831,Bronze INV,br_ReAssessmentOccupational,TASK_COMPLETE,SUCCESS,INFO,467,467,0,,2026-09-01T19:04:17.664Z,2026-09-01T21:14:55.846Z,7838,2026-09-01T21:14:55.846Z,FW,Fort Wayne,0e5f68b5-5669-4bb1-91ce-4b967b620e7d,SAMMS-FortWayne
202609012114520682,202609011903673908,202609011903672005,85,3832,Bronze INV,br_ReAssessmentOccupational,TASK_COMPLETE,SUCCESS,INFO,275,275,0,,2026-09-01T19:04:17.664Z,2026-09-01T21:14:55.846Z,7838,2026-09-01T21:14:55.846Z,GAL,Gaylord,0e5f68b5-5669-4bb1-91ce-4b967b620e7d,SAMMS-Gaylord
202609012114520683,202609011903673909,202609011903672005,85,3836,Bronze INV,br_ReAssessmentOccupational,TASK_COMPLETE,SUCCESS,INFO,100,100,0,,2026-09-01T19:04:17.664Z,2026-09-01T21:14:55.846Z,7838,2026-09-01T21:14:55.846Z,HGT,Hagerstown,0e5f68b5-5669-4bb1-91ce-4b967b620e7d,SAMMS-Hagerstown
202609012114520684,202609011903673910,202609011903672005,85,3837,Bronze INV,br_ReAssessmentOccupational,TASK_COMPLETE,SUCCESS,INFO,1723,1723,0,,2026-09-01T19:04:17.664Z,2026-09-01T21:14:55.846Z,7838,2026-09-01T21:14:55.846Z,HNT,Huntsville,0e5f68b5-5669-4bb1-91ce-4b967b620e7d,SAMMS-Huntsville
202609012114520685,202609011903673911,202609011903672005,85,3838,Bronze INV,br_ReAssessmentOccupational,TASK_COMPLETE,SUCCESS,INFO,0,0,0,,2026-09-01T19:04:17.664Z,2026-09-01T21:14:55.846Z,7838,2026-09-01T21:14:55.846Z,HS,Hot Springs,0e5f68b5-5669-4bb1-91ce-4b967b620e7d,SAMMS-HotSprings
202609012114520686,202609011903673912,202609011903672005,85,3839,Bronze INV,br_ReAssessmentOccupational,TASK_COMPLETE,SUCCESS,INFO,0,0,0,,2026-09-01T19:04:17.664Z,2026-09-01T21:14:55.846Z,7838,2026-09-01T21:14:55.846Z,JON,Jonesboro,0e5f68b5-5669-4bb1-91ce-4b967b620e7d,SAMMS-Jonesboro
202609012114520687,202609011903673913,202609011903672005,85,3841,Bronze INV,br_ReAssessmentOccupational,TASK_COMPLETE,SUCCESS,INFO,446,446,0,,2026-09-01T19:04:17.664Z,2026-09-01T21:14:55.846Z,7838,2026-09-01T21:14:55.846Z,LAN,Lansing,0e5f68b5-5669-4bb1-91ce-4b967b620e7d,SAMMS-Lansing
202609012114520689,202609011903673914,202609011903672005,85,3842,Bronze INV,br_ReAssessmentOccupational,TASK_COMPLETE,SUCCESS,INFO,1287,1287,0,,2026-09-01T19:04:17.664Z,2026-09-01T21:14:55.846Z,7838,2026-09-01T21:14:55.846Z,LO,Louisville,0e5f68b5-5669-4bb1-91ce-4b967b620e7d,SAMMS-Louisville
202609012114520690,202609011903673915,202609011903672005,85,3843,Bronze INV,br_ReAssessmentOccupational,TASK_COMPLETE,SUCCESS,INFO,291,291,0,,2026-09-01T19:04:17.664Z,2026-09-01T21:14:55.846Z,7838,2026-09-01T21:14:55.846Z,LV1,Cheyenne,0e5f68b5-5669-4bb1-91ce-4b967b620e7d,SAMMS-Cheyenne
202609012114520691,202609011903673916,202609011903672005,85,3844,Bronze INV,br_ReAssessmentOccupational,TASK_COMPLETE,SUCCESS,INFO,204,204,0,,2026-09-01T19:04:17.664Z,2026-09-01T21:14:55.846Z,7838,2026-09-01T21:14:55.846Z,LV2,Desert Inn,0e5f68b5-5669-4bb1-91ce-4b967b620e7d,SAMMS-DesertInn
202609012114520692,202609011903673917,202609011903672005,85,3845,Bronze INV,br_ReAssessmentOccupational,TASK_COMPLETE,SUCCESS,INFO,110,110,0,,2026-09-01T19:04:17.664Z,2026-09-01T21:14:55.846Z,7838,2026-09-01T21:14:55.846Z,LV3,McDaniel,0e5f68b5-5669-4bb1-91ce-4b967b620e7d,SAMMS-McDaniel
202609012114520693,202609011903673918,202609011903672005,85,3848,Bronze INV,br_ReAssessmentOccupational,TASK_COMPLETE,SUCCESS,INFO,358,358,0,,2026-09-01T19:04:17.664Z,2026-09-01T21:14:55.846Z,7838,2026-09-01T21:14:55.846Z,MNRE,Monroe,0e5f68b5-5669-4bb1-91ce-4b967b620e7d,SAMMS-Monroe
202609012114520695,202609011903673919,202609011903672005,85,3849,Bronze INV,br_ReAssessmentOccupational,TASK_COMPLETE,SUCCESS,INFO,1423,1423,0,,2026-09-01T19:04:17.664Z,2026-09-01T21:14:55.846Z,7838,2026-09-01T21:14:55.846Z,MP,Mt. Pleasant,0e5f68b5-5669-4bb1-91ce-4b967b620e7d,SAMMS-MtPleasant
202609012114520696,202609011903673920,202609011903672005,85,3850,Bronze INV,br_ReAssessmentOccupational,TASK_COMPLETE,SUCCESS,INFO,153,153,0,,2026-09-01T19:04:17.664Z,2026-09-01T21:14:55.846Z,7838,2026-09-01T21:14:55.846Z,MRD,Meridian,0e5f68b5-5669-4bb1-91ce-4b967b620e7d,SAMMS-Meridian
202609012114520697,202609011903673921,202609011903672005,85,3855,Bronze INV,br_ReAssessmentOccupational,TASK_COMPLETE,SUCCESS,INFO,693,693,0,,2026-09-01T19:04:17.664Z,2026-09-01T21:14:55.846Z,7838,2026-09-01T21:14:55.846Z,NC,North Charleston,0e5f68b5-5669-4bb1-91ce-4b967b620e7d,SAMMS-NorthCharleston
202609012114520698,202609011903673922,202609011903672005,85,3856,Bronze INV,br_ReAssessmentOccupational,TASK_COMPLETE,SUCCESS,INFO,0,0,0,,2026-09-01T19:04:17.664Z,2026-09-01T21:14:55.846Z,7838,2026-09-01T21:14:55.846Z,NLR,N. Little Rock,0e5f68b5-5669-4bb1-91ce-4b967b620e7d,SAMMS-NLROBOT
202609012114520699,202609011903673923,202609011903672005,85,3857,Bronze INV,br_ReAssessmentOccupational,TASK_COMPLETE,SUCCESS,INFO,112,112,0,,2026-09-01T19:04:17.664Z,2026-09-01T21:14:55.846Z,7838,2026-09-01T21:14:55.846Z,PH,Phoenix,0e5f68b5-5669-4bb1-91ce-4b967b620e7d,SAMMS-Phoenix
202609012114520701,202609011903673924,202609011903672005,85,3861,Bronze INV,br_ReAssessmentOccupational,TASK_COMPLETE,SUCCESS,INFO,213,213,0,,2026-09-01T19:04:17.664Z,2026-09-01T21:14:55.846Z,7838,2026-09-01T21:14:55.846Z,RE,Reno,0e5f68b5-5669-4bb1-91ce-4b967b620e7d,SAMMS-Reno
202609012114520702,202609011903673925,202609011903672005,85,3862,Bronze INV,br_ReAssessmentOccupational,TASK_COMPLETE,SUCCESS,INFO,87,87,0,,2026-09-01T19:04:17.664Z,2026-09-01T21:14:55.846Z,7838,2026-09-01T21:14:55.846Z,RMD,Richmond,0e5f68b5-5669-4bb1-91ce-4b967b620e7d,SAMMS-Richmond
202609012114520703,202609011903673926,202609011903672005,85,3863,Bronze INV,br_ReAssessmentOccupational,TASK_COMPLETE,SUCCESS,INFO,589,589,0,,2026-09-01T19:04:17.664Z,2026-09-01T21:14:55.846Z,7838,2026-09-01T21:14:55.846Z,SFN,Springfield North,0e5f68b5-5669-4bb1-91ce-4b967b620e7d,SAMMS-SFNv5
202609012114520704,202609011903673927,202609011903672005,85,3864,Bronze INV,br_ReAssessmentOccupational,TASK_COMPLETE,SUCCESS,INFO,762,762,0,,2026-09-01T19:04:17.664Z,2026-09-01T21:14:55.846Z,7838,2026-09-01T21:14:55.846Z,SHP,Shreveport,0e5f68b5-5669-4bb1-91ce-4b967b620e7d,SAMMS-Shreveport
202609012114520705,202609011903673928,202609011903672005,85,3866,Bronze INV,br_ReAssessmentOccupational,TASK_COMPLETE,SUCCESS,INFO,484,484,0,,2026-09-01T19:04:17.664Z,2026-09-01T21:14:55.846Z,7838,2026-09-01T21:14:55.846Z,STN,Staunton,0e5f68b5-5669-4bb1-91ce-4b967b620e7d,SAMMS-Staunton
202609012114520706,202609011903673929,202609011903672005,85,3867,Bronze INV,br_ReAssessmentOccupational,TASK_COMPLETE,SUCCESS,INFO,226,226,0,,2026-09-01T19:04:17.664Z,2026-09-01T21:14:55.846Z,7838,2026-09-01T21:14:55.846Z,STVN,Stevenson,0e5f68b5-5669-4bb1-91ce-4b967b620e7d,SAMMS-Stevenson
202609012114520707,202609011903673930,202609011903672005,85,3869,Bronze INV,br_ReAssessmentOccupational,TASK_COMPLETE,SUCCESS,INFO,173,173,0,,2026-09-01T19:04:17.664Z,2026-09-01T21:14:55.846Z,7838,2026-09-01T21:14:55.846Z,TE,Tempe,0e5f68b5-5669-4bb1-91ce-4b967b620e7d,SAMMS-Tempe
202609012114520709,202609011903673931,202609011903672005,85,3870,Bronze INV,br_ReAssessmentOccupational,TASK_COMPLETE,SUCCESS,INFO,0,0,0,,2026-09-01T19:04:17.664Z,2026-09-01T21:14:55.846Z,7838,2026-09-01T21:14:55.846Z,TEX,Texarkana,0e5f68b5-5669-4bb1-91ce-4b967b620e7d,SAMMS-Texarkana
202609012114520710,202609011903673932,202609011903672005,85,3871,Bronze INV,br_ReAssessmentOccupational,TASK_COMPLETE,SUCCESS,INFO,1073,1073,0,,2026-09-01T19:04:17.664Z,2026-09-01T21:14:55.846Z,7838,2026-09-01T21:14:55.846Z,TTCA,Bessemer,0e5f68b5-5669-4bb1-91ce-4b967b620e7d,SAMMS-BessemerV5
202609012114520711,202609011903673933,202609011903672005,85,3872,Bronze INV,br_ReAssessmentOccupational,TASK_COMPLETE,SUCCESS,INFO,1317,1317,0,,2026-09-01T19:04:17.664Z,2026-09-01T21:14:55.846Z,7838,2026-09-01T21:14:55.846Z,TTCB,Cullman,0e5f68b5-5669-4bb1-91ce-4b967b620e7d,SAMMS-CullmanV5
202609012114520712,202609011903673934,202609011903672005,85,3873,Bronze INV,br_ReAssessmentOccupational,TASK_COMPLETE,SUCCESS,INFO,938,938,0,,2026-09-01T19:04:17.664Z,2026-09-01T21:14:55.846Z,7838,2026-09-01T21:14:55.846Z,TTCC,Grand Bay,0e5f68b5-5669-4bb1-91ce-4b967b620e7d,SAMMS-GrandBay
202609012114520713,202609011903673935,202609011903672005,85,3874,Bronze INV,br_ReAssessmentOccupational,TASK_COMPLETE,SUCCESS,INFO,15,15,0,,2026-09-01T19:04:17.664Z,2026-09-01T21:14:55.846Z,7838,2026-09-01T21:14:55.846Z,TU,Tucson,0e5f68b5-5669-4bb1-91ce-4b967b620e7d,SAMMS-Tucson
202609012114520714,202609011903673936,202609011903672005,85,3876,Bronze INV,br_ReAssessmentOccupational,TASK_COMPLETE,SUCCESS,INFO,661,661,0,,2026-09-01T19:04:17.664Z,2026-09-01T21:14:55.846Z,7838,2026-09-01T21:14:55.846Z,V1,Memphis South,0e5f68b5-5669-4bb1-91ce-4b967b620e7d,SAMMS-VCPHCS-I-MemphisV5
202609012114520715,202609011903673937,202609011903672005,85,3877,Bronze INV,br_ReAssessmentOccupational,TASK_COMPLETE,SUCCESS,INFO,1627,1627,0,,2026-09-01T19:04:17.664Z,2026-09-01T21:14:55.846Z,7838,2026-09-01T21:14:55.846Z,V10,Longmont,0e5f68b5-5669-4bb1-91ce-4b967b620e7d,SAMMS-BoulderV5
202609012114520717,202609011903673938,202609011903672005,85,3878,Bronze INV,br_ReAssessmentOccupational,TASK_COMPLETE,SUCCESS,INFO,1513,1513,0,,2026-09-01T19:04:17.664Z,2026-09-01T21:14:55.846Z,7838,2026-09-01T21:14:55.846Z,V10A,Fort Collins,0e5f68b5-5669-4bb1-91ce-4b967b620e7d,SAMMS-FortCollinsV5
202609012114520718,202609011903673939,202609011903672005,85,3879,Bronze INV,br_ReAssessmentOccupational,TASK_COMPLETE,SUCCESS,INFO,2864,2864,0,,2026-09-01T19:04:17.664Z,2026-09-01T21:14:55.846Z,7838,2026-09-01T21:14:55.846Z,V11,Westminster,0e5f68b5-5669-4bb1-91ce-4b967b620e7d,SAMMS-VCPHCS-XI-NorthDenverV5
202609012114520719,202609011903673940,202609011903672005,85,3880,Bronze INV,br_ReAssessmentOccupational,TASK_COMPLETE,SUCCESS,INFO,3036,3036,0,,2026-09-01T19:04:17.664Z,2026-09-01T21:14:55.846Z,7838,2026-09-01T21:14:55.846Z,V12,Downtown Denver,0e5f68b5-5669-4bb1-91ce-4b967b620e7d,SAMMS-VCPHCS-XII-DowntownDenverV5
202609012114520720,202609011903673941,202609011903672005,85,3881,Bronze INV,br_ReAssessmentOccupational,TASK_COMPLETE,SUCCESS,INFO,1136,1136,0,,2026-09-01T19:04:17.664Z,2026-09-01T21:14:55.846Z,7838,2026-09-01T21:14:55.846Z,V12A,Centennial,0e5f68b5-5669-4bb1-91ce-4b967b620e7d,SAMMS-CentennialV5
202609012114520721,202609011903673942,202609011903672005,85,3882,Bronze INV,br_ReAssessmentOccupational,TASK_COMPLETE,SUCCESS,INFO,295,295,0,,2026-09-01T19:04:17.664Z,2026-09-01T21:14:55.846Z,7838,2026-09-01T21:14:55.846Z,V14,Overland Park,0e5f68b5-5669-4bb1-91ce-4b967b620e7d,SAMMS-VCPHCS-XIV-BridgewayV5
202609012114520722,202609011903673943,202609011903672005,85,3883,Bronze INV,br_ReAssessmentOccupational,TASK_COMPLETE,SUCCESS,INFO,609,609,0,,2026-09-01T19:04:17.664Z,2026-09-01T21:14:55.846Z,7838,2026-09-01T21:14:55.846Z,V15,Joplin,0e5f68b5-5669-4bb1-91ce-4b967b620e7d,SAMMS-JoplinV5
202609012114520723,202609011903673944,202609011903672005,85,3885,Bronze INV,br_ReAssessmentOccupational,TASK_COMPLETE,SUCCESS,INFO,904,904,0,,2026-09-01T19:04:17.664Z,2026-09-01T21:14:55.846Z,7838,2026-09-01T21:14:55.846Z,V17,Columbia TN,0e5f68b5-5669-4bb1-91ce-4b967b620e7d,SAMMS-ColumbiaTNv5
202609012114520725,202609011903673945,202609011903672005,85,3887,Bronze INV,br_ReAssessmentOccupational,TASK_COMPLETE,SUCCESS,INFO,533,533,0,,2026-09-01T19:04:17.664Z,2026-09-01T21:14:55.846Z,7838,2026-09-01T21:14:55.846Z,V19,Jackson,0e5f68b5-5669-4bb1-91ce-4b967b620e7d,SAMMS-JacksonV5
202609012114520726,202609011903673946,202609011903672005,85,3889,Bronze INV,br_ReAssessmentOccupational,TASK_COMPLETE,SUCCESS,INFO,1766,1766,0,,2026-09-01T19:04:17.664Z,2026-09-01T21:14:55.846Z,7838,2026-09-01T21:14:55.846Z,V20,Paris,0e5f68b5-5669-4bb1-91ce-4b967b620e7d,SAMMS-ParisV5
202609012114520727,202609011903673947,202609011903672005,85,3890,Bronze INV,br_ReAssessmentOccupational,TASK_COMPLETE,SUCCESS,INFO,723,723,0,,2026-09-01T19:04:17.664Z,2026-09-01T21:14:55.846Z,7838,2026-09-01T21:14:55.846Z,V21,Memphis North,0e5f68b5-5669-4bb1-91ce-4b967b620e7d,SAMMS-RaleighV5
202609012114520728,202609011903673948,202609011903672005,85,3893,Bronze INV,br_ReAssessmentOccupational,TASK_COMPLETE,SUCCESS,INFO,1778,1778,0,,2026-09-01T19:04:17.664Z,2026-09-01T21:14:55.846Z,7838,2026-09-01T21:14:55.846Z,V5,West Bank,0e5f68b5-5669-4bb1-91ce-4b967b620e7d,SAMMS-NONTCv5
202609012114520729,202609011903673949,202609011903672005,85,3895,Bronze INV,br_ReAssessmentOccupational,TASK_COMPLETE,SUCCESS,INFO,144,144,0,,2026-09-01T19:04:17.664Z,2026-09-01T21:14:55.846Z,7838,2026-09-01T21:14:55.846Z,V5B,Houma,0e5f68b5-5669-4bb1-91ce-4b967b620e7d,SAMMS-HoumaV6
202609012114520730,202609011903673950,202609011903672005,85,3896,Bronze INV,br_ReAssessmentOccupational,TASK_COMPLETE,SUCCESS,INFO,1907,1907,0,,2026-09-01T19:04:17.664Z,2026-09-01T21:14:55.846Z,7838,2026-09-01T21:14:55.846Z,V6,Lake Charles,0e5f68b5-5669-4bb1-91ce-4b967b620e7d,SAMMS-LCv5
202609012114520732,202609011903673951,202609011903672005,85,3898,Bronze INV,br_ReAssessmentOccupational,TASK_COMPLETE,SUCCESS,INFO,741,741,0,,2026-09-01T19:04:17.664Z,2026-09-01T21:14:55.846Z,7838,2026-09-01T21:14:55.846Z,V8,Memphis Midtown,0e5f68b5-5669-4bb1-91ce-4b967b620e7d,SAMMS-VCPHCS-VIII-MemphisV5
202609012114520733,202609011903673952,202609011903672005,85,3899,Bronze INV,br_ReAssessmentOccupational,TASK_COMPLETE,SUCCESS,INFO,1761,1761,0,,2026-09-01T19:04:17.664Z,2026-09-01T21:14:55.846Z,7838,2026-09-01T21:14:55.846Z,V9,Nashville,0e5f68b5-5669-4bb1-91ce-4b967b620e7d,SAMMS-NashvilleV5
202609012114520734,202609011903673953,202609011903672005,85,3900,Bronze INV,br_ReAssessmentOccupational,TASK_COMPLETE,SUCCESS,INFO,837,837,0,,2026-09-01T19:04:17.664Z,2026-09-01T21:14:55.846Z,7838,2026-09-01T21:14:55.846Z,VBRA,Brainerd,0e5f68b5-5669-4bb1-91ce-4b967b620e7d,SAMMS-BrainerdV6
202609012114520735,202609011903673954,202609011903672005,85,3901,Bronze INV,br_ReAssessmentOccupational,TASK_COMPLETE,SUCCESS,INFO,1955,1955,0,,2026-09-01T19:04:17.664Z,2026-09-01T21:14:55.846Z,7838,2026-09-01T21:14:55.846Z,VBRP,Brooklyn Park,0e5f68b5-5669-4bb1-91ce-4b967b620e7d,SAMMS-BrooklynParkV6
202609012114520736,202609011903673955,202609011903672005,85,3903,Bronze INV,br_ReAssessmentOccupational,TASK_COMPLETE,SUCCESS,INFO,742,742,0,,2026-09-01T19:04:17.664Z,2026-09-01T21:14:55.846Z,7838,2026-09-01T21:14:55.846Z,VMIN,Minneapolis,0e5f68b5-5669-4bb1-91ce-4b967b620e7d,SAMMS-MinneapolisV6
202609012114520737,202609011903673956,202609011903672005,85,3904,Bronze INV,br_ReAssessmentOccupational,TASK_COMPLETE,SUCCESS,INFO,881,881,0,,2026-09-01T19:04:17.664Z,2026-09-01T21:14:55.846Z,7838,2026-09-01T21:14:55.846Z,VWBY,Woodbury,0e5f68b5-5669-4bb1-91ce-4b967b620e7d,SAMMS-WoodburyV6
202609012114520738,202609011903673957,202609011903672005,85,3906,Bronze INV,br_ReAssessmentOccupational,TASK_COMPLETE,SUCCESS,INFO,161,161,0,,2026-09-01T19:04:17.664Z,2026-09-01T21:14:55.846Z,7838,2026-09-01T21:14:55.846Z,WIL,Wilson,0e5f68b5-5669-4bb1-91ce-4b967b620e7d,SAMMS-Wilson
202609012114520740,202609011903673958,202609011903672005,85,3174,Bronze INV,br_ReAssessmentFamily,TASK_COMPLETE,SUCCESS,INFO,35,35,0,,2026-09-01T19:04:17.664Z,2026-09-01T21:14:55.846Z,7838,2026-09-01T21:14:55.846Z,AHK,Ahoskie,0e5f68b5-5669-4bb1-91ce-4b967b620e7d,SAMMS-Ahoskie
202609012114520741,202609011903673959,202609011903672005,85,3175,Bronze INV,br_ReAssessmentFamily,TASK_COMPLETE,SUCCESS,INFO,662,662,0,,2026-09-01T19:04:17.664Z,2026-09-01T21:14:55.846Z,7838,2026-09-01T21:14:55.846Z,B12B,Colorado Springs,0e5f68b5-5669-4bb1-91ce-4b967b620e7d,SAMMS-ColoradoSpringsV5
202609012114520742,202609011903673960,202609011903672005,85,3176,Bronze INV,br_ReAssessmentFamily,TASK_COMPLETE,SUCCESS,INFO,834,834,0,,2026-09-01T19:04:17.664Z,2026-09-01T21:14:55.846Z,7838,2026-09-01T21:14:55.846Z,B24,Paintsville,0e5f68b5-5669-4bb1-91ce-4b967b620e7d,SAMMS-PaintsvilleV5
202609012114520743,202609011903673961,202609011903672005,85,3177,Bronze INV,br_ReAssessmentFamily,TASK_COMPLETE,SUCCESS,INFO,645,645,0,,2026-09-01T19:04:17.664Z,2026-09-01T21:14:55.846Z,7838,2026-09-01T21:14:55.846Z,B25,Pikeville,0e5f68b5-5669-4bb1-91ce-4b967b620e7d,SAMMS-PikevilleV5
202609012114520744,202609011903673962,202609011903672005,85,3178,Bronze INV,br_ReAssessmentFamily,TASK_COMPLETE,SUCCESS,INFO,971,971,0,,2026-09-01T19:04:17.664Z,2026-09-01T21:14:55.846Z,7838,2026-09-01T21:14:55.846Z,B26,Hazard,0e5f68b5-5669-4bb1-91ce-4b967b620e7d,SAMMS-HazardV5
202609012114520745,202609011903673963,202609011903672005,85,3179,Bronze INV,br_ReAssessmentFamily,TASK_COMPLETE,SUCCESS,INFO,530,530,0,,2026-09-01T19:04:17.664Z,2026-09-01T21:14:55.846Z,7838,2026-09-01T21:14:55.846Z,B27,Savannah,0e5f68b5-5669-4bb1-91ce-4b967b620e7d,SAMMS-SavannahV6
202609012114520747,202609011903673964,202609011903672005,85,3180,Bronze INV,br_ReAssessmentFamily,TASK_COMPLETE,SUCCESS,INFO,246,246,0,,2026-09-01T19:04:17.664Z,2026-09-01T21:14:55.846Z,7838,2026-09-01T21:14:55.846Z,B28,West Plains,0e5f68b5-5669-4bb1-91ce-4b967b620e7d,SAMMS-WestPlainesV5
202609012114520748,202609011903673965,202609011903672005,85,3181,Bronze INV,br_ReAssessmentFamily,TASK_COMPLETE,SUCCESS,INFO,461,461,0,,2026-09-01T19:04:17.664Z,2026-09-01T21:14:55.846Z,7838,2026-09-01T21:14:55.846Z,B29,Poplar Bluff,0e5f68b5-5669-4bb1-91ce-4b967b620e7d,SAMMS-PoplarBluffV5
202609012114520749,202609011903673966,202609011903672005,85,3182,Bronze INV,br_ReAssessmentFamily,TASK_COMPLETE,SUCCESS,INFO,78,78,0,,2026-09-01T19:04:17.664Z,2026-09-01T21:14:55.846Z,7838,2026-09-01T21:14:55.846Z,B30,KC North,0e5f68b5-5669-4bb1-91ce-4b967b620e7d,SAMMS-KCNv5
202609012114520750,202609011903673967,202609011903672005,85,3183,Bronze INV,br_ReAssessmentFamily,TASK_COMPLETE,SUCCESS,INFO,400,400,0,,2026-09-01T19:04:17.664Z,2026-09-01T21:14:55.846Z,7838,2026-09-01T21:14:55.846Z,B31,Dyersburg,0e5f68b5-5669-4bb1-91ce-4b967b620e7d,SAMMS-DyersburgV5
202609012114520751,202609011903673968,202609011903672005,85,3185,Bronze INV,br_ReAssessmentFamily,TASK_COMPLETE,SUCCESS,INFO,487,487,0,,2026-09-01T19:04:17.664Z,2026-09-01T21:14:55.846Z,7838,2026-09-01T21:14:55.846Z,B33,Paducah,0e5f68b5-5669-4bb1-91ce-4b967b620e7d,SAMMS-Paducah
202609012114520752,202609011903673969,202609011903672005,85,3186,Bronze INV,br_ReAssessmentFamily,TASK_COMPLETE,SUCCESS,INFO,383,383,0,,2026-09-01T19:04:17.664Z,2026-09-01T21:14:55.846Z,7838,2026-09-01T21:14:55.846Z,B34,Corbin,0e5f68b5-5669-4bb1-91ce-4b967b620e7d,SAMMS-CorbinV5
202609012114520753,202609011903673970,202609011903672005,85,3187,Bronze INV,br_ReAssessmentFamily,TASK_COMPLETE,SUCCESS,INFO,240,240,0,,2026-09-01T19:04:17.664Z,2026-09-01T21:14:55.846Z,7838,2026-09-01T21:14:55.846Z,B35,Lexington,0e5f68b5-5669-4bb1-91ce-4b967b620e7d,SAMMS-LexingtonV5
202609012114520755,202609011903673971,202609011903672005,85,3188,Bronze INV,br_ReAssessmentFamily,TASK_COMPLETE,SUCCESS,INFO,77,77,0,,2026-09-01T19:04:17.664Z,2026-09-01T21:14:55.846Z,7838,2026-09-01T21:14:55.846Z,B35A,Berea,0e5f68b5-5669-4bb1-91ce-4b967b620e7d,SAMMS-BereaV5
202609012114520756,202609011903673972,202609011903672005,85,3189,Bronze INV,br_ReAssessmentFamily,TASK_COMPLETE,SUCCESS,INFO,20,20,0,,2026-09-01T19:04:17.664Z,2026-09-01T21:14:55.846Z,7838,2026-09-01T21:14:55.846Z,B36,Asheville,0e5f68b5-5669-4bb1-91ce-4b967b620e7d,SAMMS-AshevilleV5
202609012114520757,202609011903673973,202609011903672005,85,3190,Bronze INV,br_ReAssessmentFamily,TASK_COMPLETE,SUCCESS,INFO,1,1,0,,2026-09-01T19:04:17.664Z,2026-09-01T21:14:55.846Z,7838,2026-09-01T21:14:55.846Z,B37,Clyde,0e5f68b5-5669-4bb1-91ce-4b967b620e7d,SAMMS-ClydeV5
202609012114520758,202609011903673974,202609011903672005,85,3191,Bronze INV,br_ReAssessmentFamily,TASK_COMPLETE,SUCCESS,INFO,1186,1186,0,,2026-09-01T19:04:17.664Z,2026-09-01T21:14:55.846Z,7838,2026-09-01T21:14:55.846Z,B38,Spartanburg,0e5f68b5-5669-4bb1-91ce-4b967b620e7d,SAMMS-SpartanburgV5
202609012114520759,202609011903673975,202609011903672005,85,3192,Bronze INV,br_ReAssessmentFamily,TASK_COMPLETE,SUCCESS,INFO,362,362,0,,2026-09-01T19:04:17.664Z,2026-09-01T21:14:55.846Z,7838,2026-09-01T21:14:55.846Z,B39,Aiken,0e5f68b5-5669-4bb1-91ce-4b967b620e7d,SAMMS-AikenV5
202609012114520760,202609011903673976,202609011903672005,85,3193,Bronze INV,br_ReAssessmentFamily,TASK_COMPLETE,SUCCESS,INFO,1888,1888,0,,2026-09-01T19:04:17.664Z,2026-09-01T21:14:55.846Z,7838,2026-09-01T21:14:55.846Z,B41,Chesapeake,0e5f68b5-5669-4bb1-91ce-4b967b620e7d,SAMMS-ChesapeakeV5
202609012114520762,202609011903673977,202609011903672005,85,3194,Bronze INV,br_ReAssessmentFamily,TASK_COMPLETE,SUCCESS,INFO,1917,1917,0,,2026-09-01T19:04:17.664Z,2026-09-01T21:14:55.846Z,7838,2026-09-01T21:14:55.846Z,B42,Virginia Beach,0e5f68b5-5669-4bb1-91ce-4b967b620e7d,SAMMS-VirginiaBeachV5
202609012114520763,202609011903673978,202609011903672005,85,3195,Bronze INV,br_ReAssessmentFamily,TASK_COMPLETE,SUCCESS,INFO,926,926,0,,2026-09-01T19:04:17.664Z,2026-09-01T21:14:55.846Z,7838,2026-09-01T21:14:55.846Z,B42A,Newport News,0e5f68b5-5669-4bb1-91ce-4b967b620e7d,SAMMS-NewportNewsV5
202609012114520764,202609011903673979,202609011903672005,85,3196,Bronze INV,br_ReAssessmentFamily,TASK_COMPLETE,SUCCESS,INFO,507,507,0,,2026-09-01T19:04:17.664Z,2026-09-01T21:14:55.846Z,7838,2026-09-01T21:14:55.846Z,B42B,Franklin,0e5f68b5-5669-4bb1-91ce-4b967b620e7d,SAMMS-FranklinV5
202609012114520765,202609011903673980,202609011903672005,85,3197,Bronze INV,br_ReAssessmentFamily,TASK_COMPLETE,SUCCESS,INFO,342,342,0,,2026-09-01T19:04:17.664Z,2026-09-01T21:14:55.846Z,7838,2026-09-01T21:14:55.846Z,B42C,Glen Allen,0e5f68b5-5669-4bb1-91ce-4b967b620e7d,SAMMS-GlenAllenV5
202609012114520766,202609011903673981,202609011903672005,85,3198,Bronze INV,br_ReAssessmentFamily,TASK_COMPLETE,SUCCESS,INFO,1481,1481,0,,2026-09-01T19:04:17.664Z,2026-09-01T21:14:55.846Z,7838,2026-09-01T21:14:55.846Z,B42D,Chesapeake South,0e5f68b5-5669-4bb1-91ce-4b967b620e7d,SAMMS-ChesapeakeSouthV5
202609012114520767,202609011903673982,202609011903672005,85,3199,Bronze INV,br_ReAssessmentFamily,TASK_COMPLETE,SUCCESS,INFO,632,632,0,,2026-09-01T19:04:17.664Z,2026-09-01T21:14:55.846Z,7838,2026-09-01T21:14:55.846Z,B44,Albany,0e5f68b5-5669-4bb1-91ce-4b967b620e7d,SAMMS-AlbanyV5
202609012114520768,202609011903673983,202609011903672005,85,3200,Bronze INV,br_ReAssessmentFamily,TASK_COMPLETE,SUCCESS,INFO,1270,1270,0,,2026-09-01T19:04:17.664Z,2026-09-01T21:14:55.846Z,7838,2026-09-01T21:14:55.846Z,B45,Tifton,0e5f68b5-5669-4bb1-91ce-4b967b620e7d,SAMMS-TiftonV5
202609022122572492,202609021903207968,202609021903206075,85,3821,Bronze INV,br_ReAssessmentOccupational,TASK_COMPLETE,SUCCESS,INFO,1550,1550,0,,2026-09-02T19:03:39.838Z,2026-09-02T21:23:00.812Z,8361,2026-09-02T21:23:00.812Z,DRD-KVB,KVB,c49685cc-3281-44bc-a1c2-3be5b1110999,SAMMS-KVBv5
202609022122572493,202609021903207969,202609021903206075,85,3822,Bronze INV,br_ReAssessmentOccupational,TASK_COMPLETE,SUCCESS,INFO,1672,1672,0,,2026-09-02T19:03:39.838Z,2026-09-02T21:23:00.812Z,8361,2026-09-02T21:23:00.812Z,DRD-KVC,KVC,c49685cc-3281-44bc-a1c2-3be5b1110999,SAMMS-KVCv5
202609022122572494,202609021903207970,202609021903206075,85,3823,Bronze INV,br_ReAssessmentOccupational,TASK_COMPLETE,SUCCESS,INFO,3204,3204,0,,2026-09-02T19:03:39.838Z,2026-09-02T21:23:00.812Z,8361,2026-09-02T21:23:00.812Z,DRD-NOLA,NOLA,c49685cc-3281-44bc-a1c2-3be5b1110999,SAMMS-NOLAv5
202609022122572495,202609021903207971,202609021903206075,85,3824,Bronze INV,br_ReAssessmentOccupational,TASK_COMPLETE,SUCCESS,INFO,801,801,0,,2026-09-02T19:03:39.838Z,2026-09-02T21:23:00.812Z,8361,2026-09-02T21:23:00.812Z,DRD-SF,Springfield,c49685cc-3281-44bc-a1c2-3be5b1110999,SAMMS-SFv5
202609022122572496,202609021903207972,202609021903206075,85,3826,Bronze INV,br_ReAssessmentOccupational,TASK_COMPLETE,SUCCESS,INFO,260,260,0,,2026-09-02T19:03:39.838Z,2026-09-02T21:23:00.812Z,8361,2026-09-02T21:23:00.812Z,ELC,Elizabeth City,c49685cc-3281-44bc-a1c2-3be5b1110999,SAMMS-ElizabethCity
202609022122572497,202609021903207973,202609021903206075,85,3827,Bronze INV,br_ReAssessmentOccupational,TASK_COMPLETE,SUCCESS,INFO,128,128,0,,2026-09-02T19:03:39.838Z,2026-09-02T21:23:00.812Z,8361,2026-09-02T21:23:00.812Z,ET,Elizabethtown,c49685cc-3281-44bc-a1c2-3be5b1110999,SAMMS-Elizabethtown
202609022122572499,202609021903207974,202609021903206075,85,3828,Bronze INV,br_ReAssessmentOccupational,TASK_COMPLETE,SUCCESS,INFO,0,0,0,,2026-09-02T19:03:39.838Z,2026-09-02T21:23:00.812Z,8361,2026-09-02T21:23:00.812Z,FAY,Fayetteville,c49685cc-3281-44bc-a1c2-3be5b1110999,SAMMS-Fayetteville
202609022122572500,202609021903207975,202609021903206075,85,3829,Bronze INV,br_ReAssessmentOccupational,TASK_COMPLETE,SUCCESS,INFO,156,156,0,,2026-09-02T19:03:39.838Z,2026-09-02T21:23:00.812Z,8361,2026-09-02T21:23:00.812Z,FR,Frankfort,c49685cc-3281-44bc-a1c2-3be5b1110999,SAMMS-Frankfort
202609022122572501,202609021903207976,202609021903206075,85,3830,Bronze INV,br_ReAssessmentOccupational,TASK_COMPLETE,SUCCESS,INFO,0,0,0,,2026-09-02T19:03:39.838Z,2026-09-02T21:23:00.812Z,8361,2026-09-02T21:23:00.812Z,FS,Fort Smith,c49685cc-3281-44bc-a1c2-3be5b1110999,SAMMS-FortSmith
202609022122572502,202609021903207977,202609021903206075,85,3831,Bronze INV,br_ReAssessmentOccupational,TASK_COMPLETE,SUCCESS,INFO,467,467,0,,2026-09-02T19:03:39.838Z,2026-09-02T21:23:00.812Z,8361,2026-09-02T21:23:00.812Z,FW,Fort Wayne,c49685cc-3281-44bc-a1c2-3be5b1110999,SAMMS-FortWayne
202609022122572503,202609021903207978,202609021903206075,85,3832,Bronze INV,br_ReAssessmentOccupational,TASK_COMPLETE,SUCCESS,INFO,275,275,0,,2026-09-02T19:03:39.838Z,2026-09-02T21:23:00.812Z,8361,2026-09-02T21:23:00.812Z,GAL,Gaylord,c49685cc-3281-44bc-a1c2-3be5b1110999,SAMMS-Gaylord
202609022122572504,202609021903207979,202609021903206075,85,3836,Bronze INV,br_ReAssessmentOccupational,TASK_COMPLETE,SUCCESS,INFO,100,100,0,,2026-09-02T19:03:39.838Z,2026-09-02T21:23:00.812Z,8361,2026-09-02T21:23:00.812Z,HGT,Hagerstown,c49685cc-3281-44bc-a1c2-3be5b1110999,SAMMS-Hagerstown
202609022122572505,202609021903207980,202609021903206075,85,3837,Bronze INV,br_ReAssessmentOccupational,TASK_COMPLETE,SUCCESS,INFO,1723,1723,0,,2026-09-02T19:03:39.838Z,2026-09-02T21:23:00.812Z,8361,2026-09-02T21:23:00.812Z,HNT,Huntsville,c49685cc-3281-44bc-a1c2-3be5b1110999,SAMMS-Huntsville
202609022122572506,202609021903207981,202609021903206075,85,3838,Bronze INV,br_ReAssessmentOccupational,TASK_COMPLETE,SUCCESS,INFO,0,0,0,,2026-09-02T19:03:39.838Z,2026-09-02T21:23:00.812Z,8361,2026-09-02T21:23:00.812Z,HS,Hot Springs,c49685cc-3281-44bc-a1c2-3be5b1110999,SAMMS-HotSprings
202609022122572507,202609021903207982,202609021903206075,85,3839,Bronze INV,br_ReAssessmentOccupational,TASK_COMPLETE,SUCCESS,INFO,0,0,0,,2026-09-02T19:03:39.838Z,2026-09-02T21:23:00.812Z,8361,2026-09-02T21:23:00.812Z,JON,Jonesboro,c49685cc-3281-44bc-a1c2-3be5b1110999,SAMMS-Jonesboro
202609022122572508,202609021903207983,202609021903206075,85,3841,Bronze INV,br_ReAssessmentOccupational,TASK_COMPLETE,SUCCESS,INFO,446,446,0,,2026-09-02T19:03:39.838Z,2026-09-02T21:23:00.812Z,8361,2026-09-02T21:23:00.812Z,LAN,Lansing,c49685cc-3281-44bc-a1c2-3be5b1110999,SAMMS-Lansing
202609022122572509,202609021903207984,202609021903206075,85,3842,Bronze INV,br_ReAssessmentOccupational,TASK_COMPLETE,SUCCESS,INFO,1287,1287,0,,2026-09-02T19:03:39.838Z,2026-09-02T21:23:00.812Z,8361,2026-09-02T21:23:00.812Z,LO,Louisville,c49685cc-3281-44bc-a1c2-3be5b1110999,SAMMS-Louisville
202609022122572511,202609021903207985,202609021903206075,85,3843,Bronze INV,br_ReAssessmentOccupational,TASK_COMPLETE,SUCCESS,INFO,291,291,0,,2026-09-02T19:03:39.838Z,2026-09-02T21:23:00.812Z,8361,2026-09-02T21:23:00.812Z,LV1,Cheyenne,c49685cc-3281-44bc-a1c2-3be5b1110999,SAMMS-Cheyenne
202609022122572512,202609021903207986,202609021903206075,85,3844,Bronze INV,br_ReAssessmentOccupational,TASK_COMPLETE,SUCCESS,INFO,204,204,0,,2026-09-02T19:03:39.838Z,2026-09-02T21:23:00.812Z,8361,2026-09-02T21:23:00.812Z,LV2,Desert Inn,c49685cc-3281-44bc-a1c2-3be5b1110999,SAMMS-DesertInn
202609022122572513,202609021903207987,202609021903206075,85,3845,Bronze INV,br_ReAssessmentOccupational,TASK_COMPLETE,SUCCESS,INFO,110,110,0,,2026-09-02T19:03:39.838Z,2026-09-02T21:23:00.812Z,8361,2026-09-02T21:23:00.812Z,LV3,McDaniel,c49685cc-3281-44bc-a1c2-3be5b1110999,SAMMS-McDaniel
202609022122572514,202609021903207988,202609021903206075,85,3848,Bronze INV,br_ReAssessmentOccupational,TASK_COMPLETE,SUCCESS,INFO,358,358,0,,2026-09-02T19:03:39.838Z,2026-09-02T21:23:00.812Z,8361,2026-09-02T21:23:00.812Z,MNRE,Monroe,c49685cc-3281-44bc-a1c2-3be5b1110999,SAMMS-Monroe
202609022122572515,202609021903207989,202609021903206075,85,3849,Bronze INV,br_ReAssessmentOccupational,TASK_COMPLETE,SUCCESS,INFO,1423,1423,0,,2026-09-02T19:03:39.838Z,2026-09-02T21:23:00.812Z,8361,2026-09-02T21:23:00.812Z,MP,Mt. Pleasant,c49685cc-3281-44bc-a1c2-3be5b1110999,SAMMS-MtPleasant
202609022122572516,202609021903207990,202609021903206075,85,3850,Bronze INV,br_ReAssessmentOccupational,TASK_COMPLETE,SUCCESS,INFO,153,153,0,,2026-09-02T19:03:39.838Z,2026-09-02T21:23:00.812Z,8361,2026-09-02T21:23:00.812Z,MRD,Meridian,c49685cc-3281-44bc-a1c2-3be5b1110999,SAMMS-Meridian
202609022122572517,202609021903207991,202609021903206075,85,3855,Bronze INV,br_ReAssessmentOccupational,TASK_COMPLETE,SUCCESS,INFO,693,693,0,,2026-09-02T19:03:39.838Z,2026-09-02T21:23:00.812Z,8361,2026-09-02T21:23:00.812Z,NC,North Charleston,c49685cc-3281-44bc-a1c2-3be5b1110999,SAMMS-NorthCharleston
202609022122572518,202609021903207992,202609021903206075,85,3856,Bronze INV,br_ReAssessmentOccupational,TASK_COMPLETE,SUCCESS,INFO,0,0,0,,2026-09-02T19:03:39.838Z,2026-09-02T21:23:00.812Z,8361,2026-09-02T21:23:00.812Z,NLR,N. Little Rock,c49685cc-3281-44bc-a1c2-3be5b1110999,SAMMS-NLROBOT
202609022122572519,202609021903207993,202609021903206075,85,3857,Bronze INV,br_ReAssessmentOccupational,TASK_COMPLETE,SUCCESS,INFO,112,112,0,,2026-09-02T19:03:39.838Z,2026-09-02T21:23:00.812Z,8361,2026-09-02T21:23:00.812Z,PH,Phoenix,c49685cc-3281-44bc-a1c2-3be5b1110999,SAMMS-Phoenix
202609022122572520,202609021903207994,202609021903206075,85,3861,Bronze INV,br_ReAssessmentOccupational,TASK_COMPLETE,SUCCESS,INFO,213,213,0,,2026-09-02T19:03:39.838Z,2026-09-02T21:23:00.812Z,8361,2026-09-02T21:23:00.812Z,RE,Reno,c49685cc-3281-44bc-a1c2-3be5b1110999,SAMMS-Reno
202609022122572522,202609021903207995,202609021903206075,85,3862,Bronze INV,br_ReAssessmentOccupational,TASK_COMPLETE,SUCCESS,INFO,87,87,0,,2026-09-02T19:03:39.838Z,2026-09-02T21:23:00.812Z,8361,2026-09-02T21:23:00.812Z,RMD,Richmond,c49685cc-3281-44bc-a1c2-3be5b1110999,SAMMS-Richmond
202609022122572523,202609021903207996,202609021903206075,85,3863,Bronze INV,br_ReAssessmentOccupational,TASK_COMPLETE,SUCCESS,INFO,589,589,0,,2026-09-02T19:03:39.838Z,2026-09-02T21:23:00.812Z,8361,2026-09-02T21:23:00.812Z,SFN,Springfield North,c49685cc-3281-44bc-a1c2-3be5b1110999,SAMMS-SFNv5
202609022122572524,202609021903207997,202609021903206075,85,3864,Bronze INV,br_ReAssessmentOccupational,TASK_COMPLETE,SUCCESS,INFO,762,762,0,,2026-09-02T19:03:39.838Z,2026-09-02T21:23:00.812Z,8361,2026-09-02T21:23:00.812Z,SHP,Shreveport,c49685cc-3281-44bc-a1c2-3be5b1110999,SAMMS-Shreveport
202609022122572525,202609021903207998,202609021903206075,85,3866,Bronze INV,br_ReAssessmentOccupational,TASK_COMPLETE,SUCCESS,INFO,484,484,0,,2026-09-02T19:03:39.838Z,2026-09-02T21:23:00.812Z,8361,2026-09-02T21:23:00.812Z,STN,Staunton,c49685cc-3281-44bc-a1c2-3be5b1110999,SAMMS-Staunton
202609022122572526,202609021903207999,202609021903206075,85,3867,Bronze INV,br_ReAssessmentOccupational,TASK_COMPLETE,SUCCESS,INFO,226,226,0,,2026-09-02T19:03:39.838Z,2026-09-02T21:23:00.812Z,8361,2026-09-02T21:23:00.812Z,STVN,Stevenson,c49685cc-3281-44bc-a1c2-3be5b1110999,SAMMS-Stevenson
202609022122572527,202609021903208000,202609021903206075,85,3869,Bronze INV,br_ReAssessmentOccupational,TASK_COMPLETE,SUCCESS,INFO,173,173,0,,2026-09-02T19:03:39.838Z,2026-09-02T21:23:00.812Z,8361,2026-09-02T21:23:00.812Z,TE,Tempe,c49685cc-3281-44bc-a1c2-3be5b1110999,SAMMS-Tempe
202609022122572528,202609021903208001,202609021903206075,85,3870,Bronze INV,br_ReAssessmentOccupational,TASK_COMPLETE,SUCCESS,INFO,0,0,0,,2026-09-02T19:03:39.838Z,2026-09-02T21:23:00.812Z,8361,2026-09-02T21:23:00.812Z,TEX,Texarkana,c49685cc-3281-44bc-a1c2-3be5b1110999,SAMMS-Texarkana
202609022122572529,202609021903208002,202609021903206075,85,3871,Bronze INV,br_ReAssessmentOccupational,TASK_COMPLETE,SUCCESS,INFO,1073,1073,0,,2026-09-02T19:03:39.838Z,2026-09-02T21:23:00.812Z,8361,2026-09-02T21:23:00.812Z,TTCA,Bessemer,c49685cc-3281-44bc-a1c2-3be5b1110999,SAMMS-BessemerV5
202609022122572530,202609021903208003,202609021903206075,85,3872,Bronze INV,br_ReAssessmentOccupational,TASK_COMPLETE,SUCCESS,INFO,1317,1317,0,,2026-09-02T19:03:39.838Z,2026-09-02T21:23:00.812Z,8361,2026-09-02T21:23:00.812Z,TTCB,Cullman,c49685cc-3281-44bc-a1c2-3be5b1110999,SAMMS-CullmanV5
202609022122572531,202609021903208004,202609021903206075,85,3873,Bronze INV,br_ReAssessmentOccupational,TASK_COMPLETE,SUCCESS,INFO,938,938,0,,2026-09-02T19:03:39.838Z,2026-09-02T21:23:00.812Z,8361,2026-09-02T21:23:00.812Z,TTCC,Grand Bay,c49685cc-3281-44bc-a1c2-3be5b1110999,SAMMS-GrandBay
202609022122572532,202609021903208005,202609021903206075,85,3874,Bronze INV,br_ReAssessmentOccupational,TASK_COMPLETE,SUCCESS,INFO,15,15,0,,2026-09-02T19:03:39.838Z,2026-09-02T21:23:00.812Z,8361,2026-09-02T21:23:00.812Z,TU,Tucson,c49685cc-3281-44bc-a1c2-3be5b1110999,SAMMS-Tucson
202609022122572534,202609021903208006,202609021903206075,85,3876,Bronze INV,br_ReAssessmentOccupational,TASK_COMPLETE,SUCCESS,INFO,661,661,0,,2026-09-02T19:03:39.838Z,2026-09-02T21:23:00.812Z,8361,2026-09-02T21:23:00.812Z,V1,Memphis South,c49685cc-3281-44bc-a1c2-3be5b1110999,SAMMS-VCPHCS-I-MemphisV5
202609022122572535,202609021903208007,202609021903206075,85,3877,Bronze INV,br_ReAssessmentOccupational,TASK_COMPLETE,SUCCESS,INFO,1627,1627,0,,2026-09-02T19:03:39.838Z,2026-09-02T21:23:00.812Z,8361,2026-09-02T21:23:00.812Z,V10,Longmont,c49685cc-3281-44bc-a1c2-3be5b1110999,SAMMS-BoulderV5
202609022122572536,202609021903208008,202609021903206075,85,3878,Bronze INV,br_ReAssessmentOccupational,TASK_COMPLETE,SUCCESS,INFO,1513,1513,0,,2026-09-02T19:03:39.838Z,2026-09-02T21:23:00.812Z,8361,2026-09-02T21:23:00.812Z,V10A,Fort Collins,c49685cc-3281-44bc-a1c2-3be5b1110999,SAMMS-FortCollinsV5
202609022122572537,202609021903208009,202609021903206075,85,3879,Bronze INV,br_ReAssessmentOccupational,TASK_COMPLETE,SUCCESS,INFO,2864,2864,0,,2026-09-02T19:03:39.838Z,2026-09-02T21:23:00.812Z,8361,2026-09-02T21:23:00.812Z,V11,Westminster,c49685cc-3281-44bc-a1c2-3be5b1110999,SAMMS-VCPHCS-XI-NorthDenverV5
202609022122572538,202609021903208010,202609021903206075,85,3880,Bronze INV,br_ReAssessmentOccupational,TASK_COMPLETE,SUCCESS,INFO,3036,3036,0,,2026-09-02T19:03:39.838Z,2026-09-02T21:23:00.812Z,8361,2026-09-02T21:23:00.812Z,V12,Downtown Denver,c49685cc-3281-44bc-a1c2-3be5b1110999,SAMMS-VCPHCS-XII-DowntownDenverV5
202609022122572539,202609021903208011,202609021903206075,85,3881,Bronze INV,br_ReAssessmentOccupational,TASK_COMPLETE,SUCCESS,INFO,1136,1136,0,,2026-09-02T19:03:39.838Z,2026-09-02T21:23:00.812Z,8361,2026-09-02T21:23:00.812Z,V12A,Centennial,c49685cc-3281-44bc-a1c2-3be5b1110999,SAMMS-CentennialV5
202609022122572540,202609021903208012,202609021903206075,85,3882,Bronze INV,br_ReAssessmentOccupational,TASK_COMPLETE,SUCCESS,INFO,295,295,0,,2026-09-02T19:03:39.838Z,2026-09-02T21:23:00.812Z,8361,2026-09-02T21:23:00.812Z,V14,Overland Park,c49685cc-3281-44bc-a1c2-3be5b1110999,SAMMS-VCPHCS-XIV-BridgewayV5
202609022122572541,202609021903208013,202609021903206075,85,3883,Bronze INV,br_ReAssessmentOccupational,TASK_COMPLETE,SUCCESS,INFO,609,609,0,,2026-09-02T19:03:39.838Z,2026-09-02T21:23:00.812Z,8361,2026-09-02T21:23:00.812Z,V15,Joplin,c49685cc-3281-44bc-a1c2-3be5b1110999,SAMMS-JoplinV5
202609022122572542,202609021903208014,202609021903206075,85,3885,Bronze INV,br_ReAssessmentOccupational,TASK_COMPLETE,SUCCESS,INFO,904,904,0,,2026-09-02T19:03:39.838Z,2026-09-02T21:23:00.812Z,8361,2026-09-02T21:23:00.812Z,V17,Columbia TN,c49685cc-3281-44bc-a1c2-3be5b1110999,SAMMS-ColumbiaTNv5
202609022122572543,202609021903208015,202609021903206075,85,3887,Bronze INV,br_ReAssessmentOccupational,TASK_COMPLETE,SUCCESS,INFO,533,533,0,,2026-09-02T19:03:39.838Z,2026-09-02T21:23:00.812Z,8361,2026-09-02T21:23:00.812Z,V19,Jackson,c49685cc-3281-44bc-a1c2-3be5b1110999,SAMMS-JacksonV5
202609022122572544,202609021903208016,202609021903206075,85,3889,Bronze INV,br_ReAssessmentOccupational,TASK_COMPLETE,SUCCESS,INFO,1766,1766,0,,2026-09-02T19:03:39.838Z,2026-09-02T21:23:00.812Z,8361,2026-09-02T21:23:00.812Z,V20,Paris,c49685cc-3281-44bc-a1c2-3be5b1110999,SAMMS-ParisV5
202609022122572546,202609021903208017,202609021903206075,85,3890,Bronze INV,br_ReAssessmentOccupational,TASK_COMPLETE,SUCCESS,INFO,723,723,0,,2026-09-02T19:03:39.838Z,2026-09-02T21:23:00.812Z,8361,2026-09-02T21:23:00.812Z,V21,Memphis North,c49685cc-3281-44bc-a1c2-3be5b1110999,SAMMS-RaleighV5
202609022122572547,202609021903208018,202609021903206075,85,3893,Bronze INV,br_ReAssessmentOccupational,TASK_COMPLETE,SUCCESS,INFO,1778,1778,0,,2026-09-02T19:03:39.838Z,2026-09-02T21:23:00.812Z,8361,2026-09-02T21:23:00.812Z,V5,West Bank,c49685cc-3281-44bc-a1c2-3be5b1110999,SAMMS-NONTCv5
202609022122572548,202609021903208019,202609021903206075,85,3895,Bronze INV,br_ReAssessmentOccupational,TASK_COMPLETE,SUCCESS,INFO,144,144,0,,2026-09-02T19:03:39.838Z,2026-09-02T21:23:00.812Z,8361,2026-09-02T21:23:00.812Z,V5B,Houma,c49685cc-3281-44bc-a1c2-3be5b1110999,SAMMS-HoumaV6
202609022122572549,202609021903208020,202609021903206075,85,3896,Bronze INV,br_ReAssessmentOccupational,TASK_COMPLETE,SUCCESS,INFO,1907,1907,0,,2026-09-02T19:03:39.838Z,2026-09-02T21:23:00.812Z,8361,2026-09-02T21:23:00.812Z,V6,Lake Charles,c49685cc-3281-44bc-a1c2-3be5b1110999,SAMMS-LCv5
202609022122572550,202609021903208021,202609021903206075,85,3898,Bronze INV,br_ReAssessmentOccupational,TASK_COMPLETE,SUCCESS,INFO,741,741,0,,2026-09-02T19:03:39.838Z,2026-09-02T21:23:00.812Z,8361,2026-09-02T21:23:00.812Z,V8,Memphis Midtown,c49685cc-3281-44bc-a1c2-3be5b1110999,SAMMS-VCPHCS-VIII-MemphisV5
202609022122572551,202609021903208022,202609021903206075,85,3899,Bronze INV,br_ReAssessmentOccupational,TASK_COMPLETE,SUCCESS,INFO,1761,1761,0,,2026-09-02T19:03:39.838Z,2026-09-02T21:23:00.812Z,8361,2026-09-02T21:23:00.812Z,V9,Nashville,c49685cc-3281-44bc-a1c2-3be5b1110999,SAMMS-NashvilleV5
202609022122572552,202609021903208023,202609021903206075,85,3900,Bronze INV,br_ReAssessmentOccupational,TASK_COMPLETE,SUCCESS,INFO,837,837,0,,2026-09-02T19:03:39.838Z,2026-09-02T21:23:00.812Z,8361,2026-09-02T21:23:00.812Z,VBRA,Brainerd,c49685cc-3281-44bc-a1c2-3be5b1110999,SAMMS-BrainerdV6
202609022122572553,202609021903208024,202609021903206075,85,3901,Bronze INV,br_ReAssessmentOccupational,TASK_COMPLETE,SUCCESS,INFO,1955,1955,0,,2026-09-02T19:03:39.838Z,2026-09-02T21:23:00.812Z,8361,2026-09-02T21:23:00.812Z,VBRP,Brooklyn Park,c49685cc-3281-44bc-a1c2-3be5b1110999,SAMMS-BrooklynParkV6
202609022122572554,202609021903208025,202609021903206075,85,3903,Bronze INV,br_ReAssessmentOccupational,TASK_COMPLETE,SUCCESS,INFO,742,742,0,,2026-09-02T19:03:39.838Z,2026-09-02T21:23:00.812Z,8361,2026-09-02T21:23:00.812Z,VMIN,Minneapolis,c49685cc-3281-44bc-a1c2-3be5b1110999,SAMMS-MinneapolisV6
202609022122572555,202609021903208026,202609021903206075,85,3904,Bronze INV,br_ReAssessmentOccupational,TASK_COMPLETE,SUCCESS,INFO,881,881,0,,2026-09-02T19:03:39.838Z,2026-09-02T21:23:00.812Z,8361,2026-09-02T21:23:00.812Z,VWBY,Woodbury,c49685cc-3281-44bc-a1c2-3be5b1110999,SAMMS-WoodburyV6
202609022122572557,202609021903208027,202609021903206075,85,3906,Bronze INV,br_ReAssessmentOccupational,TASK_COMPLETE,SUCCESS,INFO,161,161,0,,2026-09-02T19:03:39.838Z,2026-09-02T21:23:00.812Z,8361,2026-09-02T21:23:00.812Z,WIL,Wilson,c49685cc-3281-44bc-a1c2-3be5b1110999,SAMMS-Wilson
202609022122572558,202609021903208028,202609021903206075,85,3174,Bronze INV,br_ReAssessmentFamily,TASK_COMPLETE,SUCCESS,INFO,35,35,0,,2026-09-02T19:03:39.838Z,2026-09-02T21:23:00.812Z,8361,2026-09-02T21:23:00.812Z,AHK,Ahoskie,c49685cc-3281-44bc-a1c2-3be5b1110999,SAMMS-Ahoskie
202609022122572559,202609021903208029,202609021903206075,85,3175,Bronze INV,br_ReAssessmentFamily,TASK_COMPLETE,SUCCESS,INFO,662,662,0,,2026-09-02T19:03:39.838Z,2026-09-02T21:23:00.812Z,8361,2026-09-02T21:23:00.812Z,B12B,Colorado Springs,c49685cc-3281-44bc-a1c2-3be5b1110999,SAMMS-ColoradoSpringsV5
202609022122572560,202609021903208030,202609021903206075,85,3176,Bronze INV,br_ReAssessmentFamily,TASK_COMPLETE,SUCCESS,INFO,834,834,0,,2026-09-02T19:03:39.838Z,2026-09-02T21:23:00.812Z,8361,2026-09-02T21:23:00.812Z,B24,Paintsville,c49685cc-3281-44bc-a1c2-3be5b1110999,SAMMS-PaintsvilleV5
202609022122572561,202609021903208031,202609021903206075,85,3177,Bronze INV,br_ReAssessmentFamily,TASK_COMPLETE,SUCCESS,INFO,645,645,0,,2026-09-02T19:03:39.838Z,2026-09-02T21:23:00.812Z,8361,2026-09-02T21:23:00.812Z,B25,Pikeville,c49685cc-3281-44bc-a1c2-3be5b1110999,SAMMS-PikevilleV5
202609022122572562,202609021903208032,202609021903206075,85,3178,Bronze INV,br_ReAssessmentFamily,TASK_COMPLETE,SUCCESS,INFO,971,971,0,,2026-09-02T19:03:39.838Z,2026-09-02T21:23:00.812Z,8361,2026-09-02T21:23:00.812Z,B26,Hazard,c49685cc-3281-44bc-a1c2-3be5b1110999,SAMMS-HazardV5
202609022122572563,202609021903208033,202609021903206075,85,3179,Bronze INV,br_ReAssessmentFamily,TASK_COMPLETE,SUCCESS,INFO,530,530,0,,2026-09-02T19:03:39.838Z,2026-09-02T21:23:00.812Z,8361,2026-09-02T21:23:00.812Z,B27,Savannah,c49685cc-3281-44bc-a1c2-3be5b1110999,SAMMS-SavannahV6
202609022122572564,202609021903208034,202609021903206075,85,3180,Bronze INV,br_ReAssessmentFamily,TASK_COMPLETE,SUCCESS,INFO,246,246,0,,2026-09-02T19:03:39.838Z,2026-09-02T21:23:00.812Z,8361,2026-09-02T21:23:00.812Z,B28,West Plains,c49685cc-3281-44bc-a1c2-3be5b1110999,SAMMS-WestPlainesV5
202609022122572565,202609021903208035,202609021903206075,85,3181,Bronze INV,br_ReAssessmentFamily,TASK_COMPLETE,SUCCESS,INFO,461,461,0,,2026-09-02T19:03:39.838Z,2026-09-02T21:23:00.812Z,8361,2026-09-02T21:23:00.812Z,B29,Poplar Bluff,c49685cc-3281-44bc-a1c2-3be5b1110999,SAMMS-PoplarBluffV5
202609022122572566,202609021903208036,202609021903206075,85,3182,Bronze INV,br_ReAssessmentFamily,TASK_COMPLETE,SUCCESS,INFO,78,78,0,,2026-09-02T19:03:39.838Z,2026-09-02T21:23:00.812Z,8361,2026-09-02T21:23:00.812Z,B30,KC North,c49685cc-3281-44bc-a1c2-3be5b1110999,SAMMS-KCNv5
202609022122572567,202609021903208037,202609021903206075,85,3183,Bronze INV,br_ReAssessmentFamily,TASK_COMPLETE,SUCCESS,INFO,400,400,0,,2026-09-02T19:03:39.838Z,2026-09-02T21:23:00.812Z,8361,2026-09-02T21:23:00.812Z,B31,Dyersburg,c49685cc-3281-44bc-a1c2-3be5b1110999,SAMMS-DyersburgV5
202609022122572569,202609021903208038,202609021903206075,85,3185,Bronze INV,br_ReAssessmentFamily,TASK_COMPLETE,SUCCESS,INFO,487,487,0,,2026-09-02T19:03:39.838Z,2026-09-02T21:23:00.812Z,8361,2026-09-02T21:23:00.812Z,B33,Paducah,c49685cc-3281-44bc-a1c2-3be5b1110999,SAMMS-Paducah
202609022122572570,202609021903208039,202609021903206075,85,3186,Bronze INV,br_ReAssessmentFamily,TASK_COMPLETE,SUCCESS,INFO,383,383,0,,2026-09-02T19:03:39.838Z,2026-09-02T21:23:00.812Z,8361,2026-09-02T21:23:00.812Z,B34,Corbin,c49685cc-3281-44bc-a1c2-3be5b1110999,SAMMS-CorbinV5
202609022122572571,202609021903208040,202609021903206075,85,3187,Bronze INV,br_ReAssessmentFamily,TASK_COMPLETE,SUCCESS,INFO,240,240,0,,2026-09-02T19:03:39.838Z,2026-09-02T21:23:00.812Z,8361,2026-09-02T21:23:00.812Z,B35,Lexington,c49685cc-3281-44bc-a1c2-3be5b1110999,SAMMS-LexingtonV5
202609022122572572,202609021903208041,202609021903206075,85,3188,Bronze INV,br_ReAssessmentFamily,TASK_COMPLETE,SUCCESS,INFO,77,77,0,,2026-09-02T19:03:39.838Z,2026-09-02T21:23:00.812Z,8361,2026-09-02T21:23:00.812Z,B35A,Berea,c49685cc-3281-44bc-a1c2-3be5b1110999,SAMMS-BereaV5
202609022122572573,202609021903208042,202609021903206075,85,3189,Bronze INV,br_ReAssessmentFamily,TASK_COMPLETE,SUCCESS,INFO,20,20,0,,2026-09-02T19:03:39.838Z,2026-09-02T21:23:00.812Z,8361,2026-09-02T21:23:00.812Z,B36,Asheville,c49685cc-3281-44bc-a1c2-3be5b1110999,SAMMS-AshevilleV5
202609022122572574,202609021903208043,202609021903206075,85,3190,Bronze INV,br_ReAssessmentFamily,TASK_COMPLETE,SUCCESS,INFO,1,1,0,,2026-09-02T19:03:39.838Z,2026-09-02T21:23:00.812Z,8361,2026-09-02T21:23:00.812Z,B37,Clyde,c49685cc-3281-44bc-a1c2-3be5b1110999,SAMMS-ClydeV5
202609022122572575,202609021903208044,202609021903206075,85,3191,Bronze INV,br_ReAssessmentFamily,TASK_COMPLETE,SUCCESS,INFO,1186,1186,0,,2026-09-02T19:03:39.838Z,2026-09-02T21:23:00.812Z,8361,2026-09-02T21:23:00.812Z,B38,Spartanburg,c49685cc-3281-44bc-a1c2-3be5b1110999,SAMMS-SpartanburgV5
202609022122572576,202609021903208045,202609021903206075,85,3192,Bronze INV,br_ReAssessmentFamily,TASK_COMPLETE,SUCCESS,INFO,362,362,0,,2026-09-02T19:03:39.838Z,2026-09-02T21:23:00.812Z,8361,2026-09-02T21:23:00.812Z,B39,Aiken,c49685cc-3281-44bc-a1c2-3be5b1110999,SAMMS-AikenV5
202609022122572577,202609021903208046,202609021903206075,85,3193,Bronze INV,br_ReAssessmentFamily,TASK_COMPLETE,SUCCESS,INFO,1888,1888,0,,2026-09-02T19:03:39.838Z,2026-09-02T21:23:00.812Z,8361,2026-09-02T21:23:00.812Z,B41,Chesapeake,c49685cc-3281-44bc-a1c2-3be5b1110999,SAMMS-ChesapeakeV5
202609022122572578,202609021903208047,202609021903206075,85,3194,Bronze INV,br_ReAssessmentFamily,TASK_COMPLETE,SUCCESS,INFO,1917,1917,0,,2026-09-02T19:03:39.838Z,2026-09-02T21:23:00.812Z,8361,2026-09-02T21:23:00.812Z,B42,Virginia Beach,c49685cc-3281-44bc-a1c2-3be5b1110999,SAMMS-VirginiaBeachV5
202609022122572580,202609021903208048,202609021903206075,85,3195,Bronze INV,br_ReAssessmentFamily,TASK_COMPLETE,SUCCESS,INFO,926,926,0,,2026-09-02T19:03:39.838Z,2026-09-02T21:23:00.812Z,8361,2026-09-02T21:23:00.812Z,B42A,Newport News,c49685cc-3281-44bc-a1c2-3be5b1110999,SAMMS-NewportNewsV5
202609022122572581,202609021903208049,202609021903206075,85,3196,Bronze INV,br_ReAssessmentFamily,TASK_COMPLETE,SUCCESS,INFO,507,507,0,,2026-09-02T19:03:39.838Z,2026-09-02T21:23:00.812Z,8361,2026-09-02T21:23:00.812Z,B42B,Franklin,c49685cc-3281-44bc-a1c2-3be5b1110999,SAMMS-FranklinV5
202609022122572582,202609021903208050,202609021903206075,85,3197,Bronze INV,br_ReAssessmentFamily,TASK_COMPLETE,SUCCESS,INFO,342,342,0,,2026-09-02T19:03:39.838Z,2026-09-02T21:23:00.812Z,8361,2026-09-02T21:23:00.812Z,B42C,Glen Allen,c49685cc-3281-44bc-a1c2-3be5b1110999,SAMMS-GlenAllenV5
202609022122572583,202609021903208051,202609021903206075,85,3198,Bronze INV,br_ReAssessmentFamily,TASK_COMPLETE,SUCCESS,INFO,1481,1481,0,,2026-09-02T19:03:39.838Z,2026-09-02T21:23:00.812Z,8361,2026-09-02T21:23:00.812Z,B42D,Chesapeake South,c49685cc-3281-44bc-a1c2-3be5b1110999,SAMMS-ChesapeakeSouthV5
202609022122572584,202609021903208052,202609021903206075,85,3199,Bronze INV,br_ReAssessmentFamily,TASK_COMPLETE,SUCCESS,INFO,632,632,0,,2026-09-02T19:03:39.838Z,2026-09-02T21:23:00.812Z,8361,2026-09-02T21:23:00.812Z,B44,Albany,c49685cc-3281-44bc-a1c2-3be5b1110999,SAMMS-AlbanyV5
202609022122572585,202609021903208053,202609021903206075,85,3200,Bronze INV,br_ReAssessmentFamily,TASK_COMPLETE,SUCCESS,INFO,1270,1270,0,,2026-09-02T19:03:39.838Z,2026-09-02T21:23:00.812Z,8361,2026-09-02T21:23:00.812Z,B45,Tifton,c49685cc-3281-44bc-a1c2-3be5b1110999,SAMMS-TiftonV5
202608312116373761,202608311905654129,202608311905652236,85,3821,Bronze INV,br_ReAssessmentOccupational,TASK_COMPLETE,SUCCESS,INFO,1550,1550,0,,2026-08-31T19:06:18.658Z,2026-08-31T21:16:41.151Z,7823,2026-08-31T21:16:41.151Z,DRD-KVB,KVB,79f5b39e-d314-4ad3-8050-3ace553d67de,SAMMS-KVBv5
202608312116373762,202608311905654130,202608311905652236,85,3822,Bronze INV,br_ReAssessmentOccupational,TASK_COMPLETE,SUCCESS,INFO,1672,1672,0,,2026-08-31T19:06:18.658Z,2026-08-31T21:16:41.151Z,7823,2026-08-31T21:16:41.151Z,DRD-KVC,KVC,79f5b39e-d314-4ad3-8050-3ace553d67de,SAMMS-KVCv5
202608312116373763,202608311905654131,202608311905652236,85,3823,Bronze INV,br_ReAssessmentOccupational,TASK_COMPLETE,SUCCESS,INFO,3204,3204,0,,2026-08-31T19:06:18.658Z,2026-08-31T21:16:41.151Z,7823,2026-08-31T21:16:41.151Z,DRD-NOLA,NOLA,79f5b39e-d314-4ad3-8050-3ace553d67de,SAMMS-NOLAv5
202608312116373764,202608311905654132,202608311905652236,85,3824,Bronze INV,br_ReAssessmentOccupational,TASK_COMPLETE,SUCCESS,INFO,801,801,0,,2026-08-31T19:06:18.658Z,2026-08-31T21:16:41.151Z,7823,2026-08-31T21:16:41.151Z,DRD-SF,Springfield,79f5b39e-d314-4ad3-8050-3ace553d67de,SAMMS-SFv5
202608312116373765,202608311905654133,202608311905652236,85,3826,Bronze INV,br_ReAssessmentOccupational,TASK_COMPLETE,SUCCESS,INFO,260,260,0,,2026-08-31T19:06:18.658Z,2026-08-31T21:16:41.151Z,7823,2026-08-31T21:16:41.151Z,ELC,Elizabeth City,79f5b39e-d314-4ad3-8050-3ace553d67de,SAMMS-ElizabethCity
202608312116373766,202608311905654134,202608311905652236,85,3827,Bronze INV,br_ReAssessmentOccupational,TASK_COMPLETE,SUCCESS,INFO,128,128,0,,2026-08-31T19:06:18.658Z,2026-08-31T21:16:41.151Z,7823,2026-08-31T21:16:41.151Z,ET,Elizabethtown,79f5b39e-d314-4ad3-8050-3ace553d67de,SAMMS-Elizabethtown
202608312116373767,202608311905654135,202608311905652236,85,3828,Bronze INV,br_ReAssessmentOccupational,TASK_COMPLETE,SUCCESS,INFO,0,0,0,,2026-08-31T19:06:18.658Z,2026-08-31T21:16:41.151Z,7823,2026-08-31T21:16:41.151Z,FAY,Fayetteville,79f5b39e-d314-4ad3-8050-3ace553d67de,SAMMS-Fayetteville
202608312116373768,202608311905654136,202608311905652236,85,3829,Bronze INV,br_ReAssessmentOccupational,TASK_COMPLETE,SUCCESS,INFO,156,156,0,,2026-08-31T19:06:18.658Z,2026-08-31T21:16:41.151Z,7823,2026-08-31T21:16:41.151Z,FR,Frankfort,79f5b39e-d314-4ad3-8050-3ace553d67de,SAMMS-Frankfort
202608312116373769,202608311905654137,202608311905652236,85,3830,Bronze INV,br_ReAssessmentOccupational,TASK_COMPLETE,SUCCESS,INFO,0,0,0,,2026-08-31T19:06:18.658Z,2026-08-31T21:16:41.151Z,7823,2026-08-31T21:16:41.151Z,FS,Fort Smith,79f5b39e-d314-4ad3-8050-3ace553d67de,SAMMS-FortSmith
202608312116373771,202608311905654138,202608311905652236,85,3831,Bronze INV,br_ReAssessmentOccupational,TASK_COMPLETE,SUCCESS,INFO,467,467,0,,2026-08-31T19:06:18.658Z,2026-08-31T21:16:41.151Z,7823,2026-08-31T21:16:41.151Z,FW,Fort Wayne,79f5b39e-d314-4ad3-8050-3ace553d67de,SAMMS-FortWayne
202608312116373772,202608311905654139,202608311905652236,85,3832,Bronze INV,br_ReAssessmentOccupational,TASK_COMPLETE,SUCCESS,INFO,275,275,0,,2026-08-31T19:06:18.658Z,2026-08-31T21:16:41.151Z,7823,2026-08-31T21:16:41.151Z,GAL,Gaylord,79f5b39e-d314-4ad3-8050-3ace553d67de,SAMMS-Gaylord
202608312116373773,202608311905654140,202608311905652236,85,3836,Bronze INV,br_ReAssessmentOccupational,TASK_COMPLETE,SUCCESS,INFO,100,100,0,,2026-08-31T19:06:18.658Z,2026-08-31T21:16:41.151Z,7823,2026-08-31T21:16:41.151Z,HGT,Hagerstown,79f5b39e-d314-4ad3-8050-3ace553d67de,SAMMS-Hagerstown
202608312116373774,202608311905654141,202608311905652236,85,3837,Bronze INV,br_ReAssessmentOccupational,TASK_COMPLETE,SUCCESS,INFO,1723,1723,0,,2026-08-31T19:06:18.658Z,2026-08-31T21:16:41.151Z,7823,2026-08-31T21:16:41.151Z,HNT,Huntsville,79f5b39e-d314-4ad3-8050-3ace553d67de,SAMMS-Huntsville
202608312116373775,202608311905654142,202608311905652236,85,3838,Bronze INV,br_ReAssessmentOccupational,TASK_COMPLETE,SUCCESS,INFO,0,0,0,,2026-08-31T19:06:18.658Z,2026-08-31T21:16:41.151Z,7823,2026-08-31T21:16:41.151Z,HS,Hot Springs,79f5b39e-d314-4ad3-8050-3ace553d67de,SAMMS-HotSprings
202608312116373776,202608311905654143,202608311905652236,85,3839,Bronze INV,br_ReAssessmentOccupational,TASK_COMPLETE,SUCCESS,INFO,0,0,0,,2026-08-31T19:06:18.658Z,2026-08-31T21:16:41.151Z,7823,2026-08-31T21:16:41.151Z,JON,Jonesboro,79f5b39e-d314-4ad3-8050-3ace553d67de,SAMMS-Jonesboro
202608312116373777,202608311905654144,202608311905652236,85,3841,Bronze INV,br_ReAssessmentOccupational,TASK_COMPLETE,SUCCESS,INFO,446,446,0,,2026-08-31T19:06:18.658Z,2026-08-31T21:16:41.151Z,7823,2026-08-31T21:16:41.151Z,LAN,Lansing,79f5b39e-d314-4ad3-8050-3ace553d67de,SAMMS-Lansing
202608312116373778,202608311905654145,202608311905652236,85,3842,Bronze INV,br_ReAssessmentOccupational,TASK_COMPLETE,SUCCESS,INFO,1287,1287,0,,2026-08-31T19:06:18.658Z,2026-08-31T21:16:41.151Z,7823,2026-08-31T21:16:41.151Z,LO,Louisville,79f5b39e-d314-4ad3-8050-3ace553d67de,SAMMS-Louisville
202608312116373779,202608311905654146,202608311905652236,85,3843,Bronze INV,br_ReAssessmentOccupational,TASK_COMPLETE,SUCCESS,INFO,291,291,0,,2026-08-31T19:06:18.658Z,2026-08-31T21:16:41.151Z,7823,2026-08-31T21:16:41.151Z,LV1,Cheyenne,79f5b39e-d314-4ad3-8050-3ace553d67de,SAMMS-Cheyenne
202608312116373780,202608311905654147,202608311905652236,85,3844,Bronze INV,br_ReAssessmentOccupational,TASK_COMPLETE,SUCCESS,INFO,204,204,0,,2026-08-31T19:06:18.658Z,2026-08-31T21:16:41.151Z,7823,2026-08-31T21:16:41.151Z,LV2,Desert Inn,79f5b39e-d314-4ad3-8050-3ace553d67de,SAMMS-DesertInn
202608312116373781,202608311905654148,202608311905652236,85,3845,Bronze INV,br_ReAssessmentOccupational,TASK_COMPLETE,SUCCESS,INFO,110,110,0,,2026-08-31T19:06:18.658Z,2026-08-31T21:16:41.151Z,7823,2026-08-31T21:16:41.151Z,LV3,McDaniel,79f5b39e-d314-4ad3-8050-3ace553d67de,SAMMS-McDaniel
202608312116373783,202608311905654149,202608311905652236,85,3848,Bronze INV,br_ReAssessmentOccupational,TASK_COMPLETE,SUCCESS,INFO,358,358,0,,2026-08-31T19:06:18.658Z,2026-08-31T21:16:41.151Z,7823,2026-08-31T21:16:41.151Z,MNRE,Monroe,79f5b39e-d314-4ad3-8050-3ace553d67de,SAMMS-Monroe
202608312116373784,202608311905654150,202608311905652236,85,3849,Bronze INV,br_ReAssessmentOccupational,TASK_COMPLETE,SUCCESS,INFO,1423,1423,0,,2026-08-31T19:06:18.658Z,2026-08-31T21:16:41.151Z,7823,2026-08-31T21:16:41.151Z,MP,Mt. Pleasant,79f5b39e-d314-4ad3-8050-3ace553d67de,SAMMS-MtPleasant
202608312116373785,202608311905654151,202608311905652236,85,3850,Bronze INV,br_ReAssessmentOccupational,TASK_COMPLETE,SUCCESS,INFO,153,153,0,,2026-08-31T19:06:18.658Z,2026-08-31T21:16:41.151Z,7823,2026-08-31T21:16:41.151Z,MRD,Meridian,79f5b39e-d314-4ad3-8050-3ace553d67de,SAMMS-Meridian
202608312116373786,202608311905654152,202608311905652236,85,3855,Bronze INV,br_ReAssessmentOccupational,TASK_COMPLETE,SUCCESS,INFO,693,693,0,,2026-08-31T19:06:18.658Z,2026-08-31T21:16:41.151Z,7823,2026-08-31T21:16:41.151Z,NC,North Charleston,79f5b39e-d314-4ad3-8050-3ace553d67de,SAMMS-NorthCharleston
202608312116373787,202608311905654153,202608311905652236,85,3856,Bronze INV,br_ReAssessmentOccupational,TASK_COMPLETE,SUCCESS,INFO,0,0,0,,2026-08-31T19:06:18.658Z,2026-08-31T21:16:41.151Z,7823,2026-08-31T21:16:41.151Z,NLR,N. Little Rock,79f5b39e-d314-4ad3-8050-3ace553d67de,SAMMS-NLROBOT
202608312116373788,202608311905654154,202608311905652236,85,3857,Bronze INV,br_ReAssessmentOccupational,TASK_COMPLETE,SUCCESS,INFO,112,112,0,,2026-08-31T19:06:18.658Z,2026-08-31T21:16:41.151Z,7823,2026-08-31T21:16:41.151Z,PH,Phoenix,79f5b39e-d314-4ad3-8050-3ace553d67de,SAMMS-Phoenix
202608312116373789,202608311905654155,202608311905652236,85,3861,Bronze INV,br_ReAssessmentOccupational,TASK_COMPLETE,SUCCESS,INFO,213,213,0,,2026-08-31T19:06:18.658Z,2026-08-31T21:16:41.151Z,7823,2026-08-31T21:16:41.151Z,RE,Reno,79f5b39e-d314-4ad3-8050-3ace553d67de,SAMMS-Reno
202608312116373790,202608311905654156,202608311905652236,85,3862,Bronze INV,br_ReAssessmentOccupational,TASK_COMPLETE,SUCCESS,INFO,87,87,0,,2026-08-31T19:06:18.658Z,2026-08-31T21:16:41.151Z,7823,2026-08-31T21:16:41.151Z,RMD,Richmond,79f5b39e-d314-4ad3-8050-3ace553d67de,SAMMS-Richmond
202608312116373791,202608311905654157,202608311905652236,85,3863,Bronze INV,br_ReAssessmentOccupational,TASK_COMPLETE,SUCCESS,INFO,589,589,0,,2026-08-31T19:06:18.658Z,2026-08-31T21:16:41.151Z,7823,2026-08-31T21:16:41.151Z,SFN,Springfield North,79f5b39e-d314-4ad3-8050-3ace553d67de,SAMMS-SFNv5
202608312116373792,202608311905654158,202608311905652236,85,3864,Bronze INV,br_ReAssessmentOccupational,TASK_COMPLETE,SUCCESS,INFO,762,762,0,,2026-08-31T19:06:18.658Z,2026-08-31T21:16:41.151Z,7823,2026-08-31T21:16:41.151Z,SHP,Shreveport,79f5b39e-d314-4ad3-8050-3ace553d67de,SAMMS-Shreveport
202608312116373794,202608311905654159,202608311905652236,85,3866,Bronze INV,br_ReAssessmentOccupational,TASK_COMPLETE,SUCCESS,INFO,484,484,0,,2026-08-31T19:06:18.658Z,2026-08-31T21:16:41.151Z,7823,2026-08-31T21:16:41.151Z,STN,Staunton,79f5b39e-d314-4ad3-8050-3ace553d67de,SAMMS-Staunton
202608312116373795,202608311905654160,202608311905652236,85,3867,Bronze INV,br_ReAssessmentOccupational,TASK_COMPLETE,SUCCESS,INFO,226,226,0,,2026-08-31T19:06:18.658Z,2026-08-31T21:16:41.151Z,7823,2026-08-31T21:16:41.151Z,STVN,Stevenson,79f5b39e-d314-4ad3-8050-3ace553d67de,SAMMS-Stevenson
202608312116373796,202608311905654161,202608311905652236,85,3869,Bronze INV,br_ReAssessmentOccupational,TASK_COMPLETE,SUCCESS,INFO,173,173,0,,2026-08-31T19:06:18.658Z,2026-08-31T21:16:41.151Z,7823,2026-08-31T21:16:41.151Z,TE,Tempe,79f5b39e-d314-4ad3-8050-3ace553d67de,SAMMS-Tempe
202608312116373797,202608311905654162,202608311905652236,85,3870,Bronze INV,br_ReAssessmentOccupational,TASK_COMPLETE,SUCCESS,INFO,0,0,0,,2026-08-31T19:06:18.658Z,2026-08-31T21:16:41.151Z,7823,2026-08-31T21:16:41.151Z,TEX,Texarkana,79f5b39e-d314-4ad3-8050-3ace553d67de,SAMMS-Texarkana
202608312116373798,202608311905654163,202608311905652236,85,3871,Bronze INV,br_ReAssessmentOccupational,TASK_COMPLETE,SUCCESS,INFO,1073,1073,0,,2026-08-31T19:06:18.658Z,2026-08-31T21:16:41.151Z,7823,2026-08-31T21:16:41.151Z,TTCA,Bessemer,79f5b39e-d314-4ad3-8050-3ace553d67de,SAMMS-BessemerV5
202608312116373799,202608311905654164,202608311905652236,85,3872,Bronze INV,br_ReAssessmentOccupational,TASK_COMPLETE,SUCCESS,INFO,1317,1317,0,,2026-08-31T19:06:18.658Z,2026-08-31T21:16:41.151Z,7823,2026-08-31T21:16:41.151Z,TTCB,Cullman,79f5b39e-d314-4ad3-8050-3ace553d67de,SAMMS-CullmanV5
202608312116373800,202608311905654165,202608311905652236,85,3873,Bronze INV,br_ReAssessmentOccupational,TASK_COMPLETE,SUCCESS,INFO,938,938,0,,2026-08-31T19:06:18.658Z,2026-08-31T21:16:41.151Z,7823,2026-08-31T21:16:41.151Z,TTCC,Grand Bay,79f5b39e-d314-4ad3-8050-3ace553d67de,SAMMS-GrandBay
202608312116373801,202608311905654166,202608311905652236,85,3874,Bronze INV,br_ReAssessmentOccupational,TASK_COMPLETE,SUCCESS,INFO,15,15,0,,2026-08-31T19:06:18.658Z,2026-08-31T21:16:41.151Z,7823,2026-08-31T21:16:41.151Z,TU,Tucson,79f5b39e-d314-4ad3-8050-3ace553d67de,SAMMS-Tucson
202608312116373802,202608311905654167,202608311905652236,85,3876,Bronze INV,br_ReAssessmentOccupational,TASK_COMPLETE,SUCCESS,INFO,661,661,0,,2026-08-31T19:06:18.658Z,2026-08-31T21:16:41.151Z,7823,2026-08-31T21:16:41.151Z,V1,Memphis South,79f5b39e-d314-4ad3-8050-3ace553d67de,SAMMS-VCPHCS-I-MemphisV5
202608312116373804,202608311905654168,202608311905652236,85,3877,Bronze INV,br_ReAssessmentOccupational,TASK_COMPLETE,SUCCESS,INFO,1627,1627,0,,2026-08-31T19:06:18.658Z,2026-08-31T21:16:41.151Z,7823,2026-08-31T21:16:41.151Z,V10,Longmont,79f5b39e-d314-4ad3-8050-3ace553d67de,SAMMS-BoulderV5
202608312116373805,202608311905654169,202608311905652236,85,3878,Bronze INV,br_ReAssessmentOccupational,TASK_COMPLETE,SUCCESS,INFO,1513,1513,0,,2026-08-31T19:06:18.658Z,2026-08-31T21:16:41.151Z,7823,2026-08-31T21:16:41.151Z,V10A,Fort Collins,79f5b39e-d314-4ad3-8050-3ace553d67de,SAMMS-FortCollinsV5
202608312116373806,202608311905654170,202608311905652236,85,3879,Bronze INV,br_ReAssessmentOccupational,TASK_COMPLETE,SUCCESS,INFO,2864,2864,0,,2026-08-31T19:06:18.658Z,2026-08-31T21:16:41.151Z,7823,2026-08-31T21:16:41.151Z,V11,Westminster,79f5b39e-d314-4ad3-8050-3ace553d67de,SAMMS-VCPHCS-XI-NorthDenverV5
202608312116373807,202608311905654171,202608311905652236,85,3880,Bronze INV,br_ReAssessmentOccupational,TASK_COMPLETE,SUCCESS,INFO,3036,3036,0,,2026-08-31T19:06:18.658Z,2026-08-31T21:16:41.151Z,7823,2026-08-31T21:16:41.151Z,V12,Downtown Denver,79f5b39e-d314-4ad3-8050-3ace553d67de,SAMMS-VCPHCS-XII-DowntownDenverV5
202608312116373808,202608311905654172,202608311905652236,85,3881,Bronze INV,br_ReAssessmentOccupational,TASK_COMPLETE,SUCCESS,INFO,1136,1136,0,,2026-08-31T19:06:18.658Z,2026-08-31T21:16:41.151Z,7823,2026-08-31T21:16:41.151Z,V12A,Centennial,79f5b39e-d314-4ad3-8050-3ace553d67de,SAMMS-CentennialV5
202608312116373809,202608311905654173,202608311905652236,85,3882,Bronze INV,br_ReAssessmentOccupational,TASK_COMPLETE,SUCCESS,INFO,295,295,0,,2026-08-31T19:06:18.658Z,2026-08-31T21:16:41.151Z,7823,2026-08-31T21:16:41.151Z,V14,Overland Park,79f5b39e-d314-4ad3-8050-3ace553d67de,SAMMS-VCPHCS-XIV-BridgewayV5
202608312116373810,202608311905654174,202608311905652236,85,3883,Bronze INV,br_ReAssessmentOccupational,TASK_COMPLETE,SUCCESS,INFO,609,609,0,,2026-08-31T19:06:18.658Z,2026-08-31T21:16:41.151Z,7823,2026-08-31T21:16:41.151Z,V15,Joplin,79f5b39e-d314-4ad3-8050-3ace553d67de,SAMMS-JoplinV5
202608312116373811,202608311905654175,202608311905652236,85,3885,Bronze INV,br_ReAssessmentOccupational,TASK_COMPLETE,SUCCESS,INFO,904,904,0,,2026-08-31T19:06:18.658Z,2026-08-31T21:16:41.151Z,7823,2026-08-31T21:16:41.151Z,V17,Columbia TN,79f5b39e-d314-4ad3-8050-3ace553d67de,SAMMS-ColumbiaTNv5
202608312116373812,202608311905654176,202608311905652236,85,3887,Bronze INV,br_ReAssessmentOccupational,TASK_COMPLETE,SUCCESS,INFO,533,533,0,,2026-08-31T19:06:18.658Z,2026-08-31T21:16:41.151Z,7823,2026-08-31T21:16:41.151Z,V19,Jackson,79f5b39e-d314-4ad3-8050-3ace553d67de,SAMMS-JacksonV5
202608312116373813,202608311905654177,202608311905652236,85,3889,Bronze INV,br_ReAssessmentOccupational,TASK_COMPLETE,SUCCESS,INFO,1766,1766,0,,2026-08-31T19:06:18.658Z,2026-08-31T21:16:41.151Z,7823,2026-08-31T21:16:41.151Z,V20,Paris,79f5b39e-d314-4ad3-8050-3ace553d67de,SAMMS-ParisV5
202608312116373815,202608311905654178,202608311905652236,85,3890,Bronze INV,br_ReAssessmentOccupational,TASK_COMPLETE,SUCCESS,INFO,723,723,0,,2026-08-31T19:06:18.658Z,2026-08-31T21:16:41.151Z,7823,2026-08-31T21:16:41.151Z,V21,Memphis North,79f5b39e-d314-4ad3-8050-3ace553d67de,SAMMS-RaleighV5
202608312116373816,202608311905654179,202608311905652236,85,3893,Bronze INV,br_ReAssessmentOccupational,TASK_COMPLETE,SUCCESS,INFO,1778,1778,0,,2026-08-31T19:06:18.658Z,2026-08-31T21:16:41.151Z,7823,2026-08-31T21:16:41.151Z,V5,West Bank,79f5b39e-d314-4ad3-8050-3ace553d67de,SAMMS-NONTCv5
202608312116373817,202608311905654180,202608311905652236,85,3895,Bronze INV,br_ReAssessmentOccupational,TASK_COMPLETE,SUCCESS,INFO,144,144,0,,2026-08-31T19:06:18.658Z,2026-08-31T21:16:41.151Z,7823,2026-08-31T21:16:41.151Z,V5B,Houma,79f5b39e-d314-4ad3-8050-3ace553d67de,SAMMS-HoumaV6
202608312116373818,202608311905654181,202608311905652236,85,3896,Bronze INV,br_ReAssessmentOccupational,TASK_COMPLETE,SUCCESS,INFO,1907,1907,0,,2026-08-31T19:06:18.658Z,2026-08-31T21:16:41.151Z,7823,2026-08-31T21:16:41.151Z,V6,Lake Charles,79f5b39e-d314-4ad3-8050-3ace553d67de,SAMMS-LCv5
202608312116373819,202608311905654182,202608311905652236,85,3898,Bronze INV,br_ReAssessmentOccupational,TASK_COMPLETE,SUCCESS,INFO,741,741,0,,2026-08-31T19:06:18.658Z,2026-08-31T21:16:41.151Z,7823,2026-08-31T21:16:41.151Z,V8,Memphis Midtown,79f5b39e-d314-4ad3-8050-3ace553d67de,SAMMS-VCPHCS-VIII-MemphisV5
202608312116373820,202608311905654183,202608311905652236,85,3899,Bronze INV,br_ReAssessmentOccupational,TASK_COMPLETE,SUCCESS,INFO,1761,1761,0,,2026-08-31T19:06:18.658Z,2026-08-31T21:16:41.151Z,7823,2026-08-31T21:16:41.151Z,V9,Nashville,79f5b39e-d314-4ad3-8050-3ace553d67de,SAMMS-NashvilleV5
202608312116373821,202608311905654184,202608311905652236,85,3900,Bronze INV,br_ReAssessmentOccupational,TASK_COMPLETE,SUCCESS,INFO,837,837,0,,2026-08-31T19:06:18.658Z,2026-08-31T21:16:41.151Z,7823,2026-08-31T21:16:41.151Z,VBRA,Brainerd,79f5b39e-d314-4ad3-8050-3ace553d67de,SAMMS-BrainerdV6
202608312116373822,202608311905654185,202608311905652236,85,3901,Bronze INV,br_ReAssessmentOccupational,TASK_COMPLETE,SUCCESS,INFO,1955,1955,0,,2026-08-31T19:06:18.658Z,2026-08-31T21:16:41.151Z,7823,2026-08-31T21:16:41.151Z,VBRP,Brooklyn Park,79f5b39e-d314-4ad3-8050-3ace553d67de,SAMMS-BrooklynParkV6
202608312116373823,202608311905654186,202608311905652236,85,3903,Bronze INV,br_ReAssessmentOccupational,TASK_COMPLETE,SUCCESS,INFO,742,742,0,,2026-08-31T19:06:18.658Z,2026-08-31T21:16:41.151Z,7823,2026-08-31T21:16:41.151Z,VMIN,Minneapolis,79f5b39e-d314-4ad3-8050-3ace553d67de,SAMMS-MinneapolisV6
202608312116373825,202608311905654187,202608311905652236,85,3904,Bronze INV,br_ReAssessmentOccupational,TASK_COMPLETE,SUCCESS,INFO,881,881,0,,2026-08-31T19:06:18.658Z,2026-08-31T21:16:41.151Z,7823,2026-08-31T21:16:41.151Z,VWBY,Woodbury,79f5b39e-d314-4ad3-8050-3ace553d67de,SAMMS-WoodburyV6
202608312116373826,202608311905654188,202608311905652236,85,3906,Bronze INV,br_ReAssessmentOccupational,TASK_COMPLETE,SUCCESS,INFO,161,161,0,,2026-08-31T19:06:18.658Z,2026-08-31T21:16:41.151Z,7823,2026-08-31T21:16:41.151Z,WIL,Wilson,79f5b39e-d314-4ad3-8050-3ace553d67de,SAMMS-Wilson
202608312116373827,202608311905654189,202608311905652236,85,3174,Bronze INV,br_ReAssessmentFamily,TASK_COMPLETE,SUCCESS,INFO,35,35,0,,2026-08-31T19:06:18.658Z,2026-08-31T21:16:41.151Z,7823,2026-08-31T21:16:41.151Z,AHK,Ahoskie,79f5b39e-d314-4ad3-8050-3ace553d67de,SAMMS-Ahoskie
202608312116373828,202608311905654190,202608311905652236,85,3175,Bronze INV,br_ReAssessmentFamily,TASK_COMPLETE,SUCCESS,INFO,662,662,0,,2026-08-31T19:06:18.658Z,2026-08-31T21:16:41.151Z,7823,2026-08-31T21:16:41.151Z,B12B,Colorado Springs,79f5b39e-d314-4ad3-8050-3ace553d67de,SAMMS-ColoradoSpringsV5
202608312116373829,202608311905654191,202608311905652236,85,3176,Bronze INV,br_ReAssessmentFamily,TASK_COMPLETE,SUCCESS,INFO,834,834,0,,2026-08-31T19:06:18.658Z,2026-08-31T21:16:41.151Z,7823,2026-08-31T21:16:41.151Z,B24,Paintsville,79f5b39e-d314-4ad3-8050-3ace553d67de,SAMMS-PaintsvilleV5
202608312116373830,202608311905654192,202608311905652236,85,3177,Bronze INV,br_ReAssessmentFamily,TASK_COMPLETE,SUCCESS,INFO,645,645,0,,2026-08-31T19:06:18.658Z,2026-08-31T21:16:41.151Z,7823,2026-08-31T21:16:41.151Z,B25,Pikeville,79f5b39e-d314-4ad3-8050-3ace553d67de,SAMMS-PikevilleV5
202608312116373832,202608311905654193,202608311905652236,85,3178,Bronze INV,br_ReAssessmentFamily,TASK_COMPLETE,SUCCESS,INFO,971,971,0,,2026-08-31T19:06:18.658Z,2026-08-31T21:16:41.151Z,7823,2026-08-31T21:16:41.151Z,B26,Hazard,79f5b39e-d314-4ad3-8050-3ace553d67de,SAMMS-HazardV5
202608312116373833,202608311905654194,202608311905652236,85,3179,Bronze INV,br_ReAssessmentFamily,TASK_COMPLETE,SUCCESS,INFO,530,530,0,,2026-08-31T19:06:18.658Z,2026-08-31T21:16:41.151Z,7823,2026-08-31T21:16:41.151Z,B27,Savannah,79f5b39e-d314-4ad3-8050-3ace553d67de,SAMMS-SavannahV6
202608312116373834,202608311905654195,202608311905652236,85,3180,Bronze INV,br_ReAssessmentFamily,TASK_COMPLETE,SUCCESS,INFO,246,246,0,,2026-08-31T19:06:18.658Z,2026-08-31T21:16:41.151Z,7823,2026-08-31T21:16:41.151Z,B28,West Plains,79f5b39e-d314-4ad3-8050-3ace553d67de,SAMMS-WestPlainesV5
202608312116373835,202608311905654196,202608311905652236,85,3181,Bronze INV,br_ReAssessmentFamily,TASK_COMPLETE,SUCCESS,INFO,461,461,0,,2026-08-31T19:06:18.658Z,2026-08-31T21:16:41.151Z,7823,2026-08-31T21:16:41.151Z,B29,Poplar Bluff,79f5b39e-d314-4ad3-8050-3ace553d67de,SAMMS-PoplarBluffV5
202608312116373836,202608311905654197,202608311905652236,85,3182,Bronze INV,br_ReAssessmentFamily,TASK_COMPLETE,SUCCESS,INFO,78,78,0,,2026-08-31T19:06:18.658Z,2026-08-31T21:16:41.151Z,7823,2026-08-31T21:16:41.151Z,B30,KC North,79f5b39e-d314-4ad3-8050-3ace553d67de,SAMMS-KCNv5
202608312116373837,202608311905654198,202608311905652236,85,3183,Bronze INV,br_ReAssessmentFamily,TASK_COMPLETE,SUCCESS,INFO,400,400,0,,2026-08-31T19:06:18.658Z,2026-08-31T21:16:41.151Z,7823,2026-08-31T21:16:41.151Z,B31,Dyersburg,79f5b39e-d314-4ad3-8050-3ace553d67de,SAMMS-DyersburgV5
202608312116373838,202608311905654199,202608311905652236,85,3185,Bronze INV,br_ReAssessmentFamily,TASK_COMPLETE,SUCCESS,INFO,487,487,0,,2026-08-31T19:06:18.658Z,2026-08-31T21:16:41.151Z,7823,2026-08-31T21:16:41.151Z,B33,Paducah,79f5b39e-d314-4ad3-8050-3ace553d67de,SAMMS-Paducah
202608312116373839,202608311905654200,202608311905652236,85,3186,Bronze INV,br_ReAssessmentFamily,TASK_COMPLETE,SUCCESS,INFO,383,383,0,,2026-08-31T19:06:18.658Z,2026-08-31T21:16:41.151Z,7823,2026-08-31T21:16:41.151Z,B34,Corbin,79f5b39e-d314-4ad3-8050-3ace553d67de,SAMMS-CorbinV5
202608312116373840,202608311905654201,202608311905652236,85,3187,Bronze INV,br_ReAssessmentFamily,TASK_COMPLETE,SUCCESS,INFO,240,240,0,,2026-08-31T19:06:18.658Z,2026-08-31T21:16:41.151Z,7823,2026-08-31T21:16:41.151Z,B35,Lexington,79f5b39e-d314-4ad3-8050-3ace553d67de,SAMMS-LexingtonV5
202608312116373841,202608311905654202,202608311905652236,85,3188,Bronze INV,br_ReAssessmentFamily,TASK_COMPLETE,SUCCESS,INFO,77,77,0,,2026-08-31T19:06:18.658Z,2026-08-31T21:16:41.151Z,7823,2026-08-31T21:16:41.151Z,B35A,Berea,79f5b39e-d314-4ad3-8050-3ace553d67de,SAMMS-BereaV5
202608312116373842,202608311905654203,202608311905652236,85,3189,Bronze INV,br_ReAssessmentFamily,TASK_COMPLETE,SUCCESS,INFO,20,20,0,,2026-08-31T19:06:18.658Z,2026-08-31T21:16:41.151Z,7823,2026-08-31T21:16:41.151Z,B36,Asheville,79f5b39e-d314-4ad3-8050-3ace553d67de,SAMMS-AshevilleV5
202608312116373844,202608311905654204,202608311905652236,85,3190,Bronze INV,br_ReAssessmentFamily,TASK_COMPLETE,SUCCESS,INFO,1,1,0,,2026-08-31T19:06:18.658Z,2026-08-31T21:16:41.151Z,7823,2026-08-31T21:16:41.151Z,B37,Clyde,79f5b39e-d314-4ad3-8050-3ace553d67de,SAMMS-ClydeV5
202608312116373845,202608311905654205,202608311905652236,85,3191,Bronze INV,br_ReAssessmentFamily,TASK_COMPLETE,SUCCESS,INFO,1186,1186,0,,2026-08-31T19:06:18.658Z,2026-08-31T21:16:41.151Z,7823,2026-08-31T21:16:41.151Z,B38,Spartanburg,79f5b39e-d314-4ad3-8050-3ace553d67de,SAMMS-SpartanburgV5
202608312116373846,202608311905654206,202608311905652236,85,3192,Bronze INV,br_ReAssessmentFamily,TASK_COMPLETE,SUCCESS,INFO,362,362,0,,2026-08-31T19:06:18.658Z,2026-08-31T21:16:41.151Z,7823,2026-08-31T21:16:41.151Z,B39,Aiken,79f5b39e-d314-4ad3-8050-3ace553d67de,SAMMS-AikenV5
202608312116373847,202608311905654207,202608311905652236,85,3193,Bronze INV,br_ReAssessmentFamily,TASK_COMPLETE,SUCCESS,INFO,1888,1888,0,,2026-08-31T19:06:18.658Z,2026-08-31T21:16:41.151Z,7823,2026-08-31T21:16:41.151Z,B41,Chesapeake,79f5b39e-d314-4ad3-8050-3ace553d67de,SAMMS-ChesapeakeV5
202608312116373848,202608311905654208,202608311905652236,85,3194,Bronze INV,br_ReAssessmentFamily,TASK_COMPLETE,SUCCESS,INFO,1917,1917,0,,2026-08-31T19:06:18.658Z,2026-08-31T21:16:41.151Z,7823,2026-08-31T21:16:41.151Z,B42,Virginia Beach,79f5b39e-d314-4ad3-8050-3ace553d67de,SAMMS-VirginiaBeachV5
202608312116373849,202608311905654209,202608311905652236,85,3195,Bronze INV,br_ReAssessmentFamily,TASK_COMPLETE,SUCCESS,INFO,926,926,0,,2026-08-31T19:06:18.658Z,2026-08-31T21:16:41.151Z,7823,2026-08-31T21:16:41.151Z,B42A,Newport News,79f5b39e-d314-4ad3-8050-3ace553d67de,SAMMS-NewportNewsV5
202608312116373850,202608311905654210,202608311905652236,85,3196,Bronze INV,br_ReAssessmentFamily,TASK_COMPLETE,SUCCESS,INFO,507,507,0,,2026-08-31T19:06:18.658Z,2026-08-31T21:16:41.151Z,7823,2026-08-31T21:16:41.151Z,B42B,Franklin,79f5b39e-d314-4ad3-8050-3ace553d67de,SAMMS-FranklinV5
202608312116373851,202608311905654211,202608311905652236,85,3197,Bronze INV,br_ReAssessmentFamily,TASK_COMPLETE,SUCCESS,INFO,342,342,0,,2026-08-31T19:06:18.658Z,2026-08-31T21:16:41.151Z,7823,2026-08-31T21:16:41.151Z,B42C,Glen Allen,79f5b39e-d314-4ad3-8050-3ace553d67de,SAMMS-GlenAllenV5
202608312116373852,202608311905654212,202608311905652236,85,3198,Bronze INV,br_ReAssessmentFamily,TASK_COMPLETE,SUCCESS,INFO,1481,1481,0,,2026-08-31T19:06:18.658Z,2026-08-31T21:16:41.151Z,7823,2026-08-31T21:16:41.151Z,B42D,Chesapeake South,79f5b39e-d314-4ad3-8050-3ace553d67de,SAMMS-ChesapeakeSouthV5
202608312116373854,202608311905654213,202608311905652236,85,3199,Bronze INV,br_ReAssessmentFamily,TASK_COMPLETE,SUCCESS,INFO,632,632,0,,2026-08-31T19:06:18.658Z,2026-08-31T21:16:41.151Z,7823,2026-08-31T21:16:41.151Z,B44,Albany,79f5b39e-d314-4ad3-8050-3ace553d67de,SAMMS-AlbanyV5
202608312116373855,202608311905654214,202608311905652236,85,3200,Bronze INV,br_ReAssessmentFamily,TASK_COMPLETE,SUCCESS,INFO,1270,1270,0,,2026-08-31T19:06:18.658Z,2026-08-31T21:16:41.151Z,7823,2026-08-31T21:16:41.151Z,B45,Tifton,79f5b39e-d314-4ad3-8050-3ace553d67de,SAMMS-TiftonV5
202608292054381132,202608291904436299,202608291904434406,85,3821,Bronze INV,br_ReAssessmentOccupational,TASK_COMPLETE,SUCCESS,INFO,1550,1550,0,,2026-08-29T19:04:49.126Z,2026-08-29T20:54:41.421Z,6592,2026-08-29T20:54:41.421Z,DRD-KVB,KVB,dd7385f2-fbd4-41a4-afcd-7296aca5e198,SAMMS-KVBv5
202608292054381133,202608291904436300,202608291904434406,85,3822,Bronze INV,br_ReAssessmentOccupational,TASK_COMPLETE,SUCCESS,INFO,1672,1672,0,,2026-08-29T19:04:49.126Z,2026-08-29T20:54:41.421Z,6592,2026-08-29T20:54:41.421Z,DRD-KVC,KVC,dd7385f2-fbd4-41a4-afcd-7296aca5e198,SAMMS-KVCv5
202608292054381134,202608291904436301,202608291904434406,85,3823,Bronze INV,br_ReAssessmentOccupational,TASK_COMPLETE,SUCCESS,INFO,3204,3204,0,,2026-08-29T19:04:49.126Z,2026-08-29T20:54:41.421Z,6592,2026-08-29T20:54:41.421Z,DRD-NOLA,NOLA,dd7385f2-fbd4-41a4-afcd-7296aca5e198,SAMMS-NOLAv5
202608292054381135,202608291904436302,202608291904434406,85,3824,Bronze INV,br_ReAssessmentOccupational,TASK_COMPLETE,SUCCESS,INFO,801,801,0,,2026-08-29T19:04:49.126Z,2026-08-29T20:54:41.421Z,6592,2026-08-29T20:54:41.421Z,DRD-SF,Springfield,dd7385f2-fbd4-41a4-afcd-7296aca5e198,SAMMS-SFv5
202608292054381137,202608291904436303,202608291904434406,85,3826,Bronze INV,br_ReAssessmentOccupational,TASK_COMPLETE,SUCCESS,INFO,260,260,0,,2026-08-29T19:04:49.126Z,2026-08-29T20:54:41.421Z,6592,2026-08-29T20:54:41.421Z,ELC,Elizabeth City,dd7385f2-fbd4-41a4-afcd-7296aca5e198,SAMMS-ElizabethCity
202608292054381138,202608291904436304,202608291904434406,85,3827,Bronze INV,br_ReAssessmentOccupational,TASK_COMPLETE,SUCCESS,INFO,128,128,0,,2026-08-29T19:04:49.126Z,2026-08-29T20:54:41.421Z,6592,2026-08-29T20:54:41.421Z,ET,Elizabethtown,dd7385f2-fbd4-41a4-afcd-7296aca5e198,SAMMS-Elizabethtown
202608292054381139,202608291904436305,202608291904434406,85,3828,Bronze INV,br_ReAssessmentOccupational,TASK_COMPLETE,SUCCESS,INFO,0,0,0,,2026-08-29T19:04:49.126Z,2026-08-29T20:54:41.421Z,6592,2026-08-29T20:54:41.421Z,FAY,Fayetteville,dd7385f2-fbd4-41a4-afcd-7296aca5e198,SAMMS-Fayetteville
202608292054381140,202608291904436306,202608291904434406,85,3829,Bronze INV,br_ReAssessmentOccupational,TASK_COMPLETE,SUCCESS,INFO,156,156,0,,2026-08-29T19:04:49.126Z,2026-08-29T20:54:41.421Z,6592,2026-08-29T20:54:41.421Z,FR,Frankfort,dd7385f2-fbd4-41a4-afcd-7296aca5e198,SAMMS-Frankfort
202608292054381141,202608291904436307,202608291904434406,85,3830,Bronze INV,br_ReAssessmentOccupational,TASK_COMPLETE,SUCCESS,INFO,0,0,0,,2026-08-29T19:04:49.126Z,2026-08-29T20:54:41.421Z,6592,2026-08-29T20:54:41.421Z,FS,Fort Smith,dd7385f2-fbd4-41a4-afcd-7296aca5e198,SAMMS-FortSmith
202608292054381143,202608291904436308,202608291904434406,85,3831,Bronze INV,br_ReAssessmentOccupational,TASK_COMPLETE,SUCCESS,INFO,467,467,0,,2026-08-29T19:04:49.126Z,2026-08-29T20:54:41.421Z,6592,2026-08-29T20:54:41.421Z,FW,Fort Wayne,dd7385f2-fbd4-41a4-afcd-7296aca5e198,SAMMS-FortWayne
202608292054381144,202608291904436309,202608291904434406,85,3832,Bronze INV,br_ReAssessmentOccupational,TASK_COMPLETE,SUCCESS,INFO,275,275,0,,2026-08-29T19:04:49.126Z,2026-08-29T20:54:41.421Z,6592,2026-08-29T20:54:41.421Z,GAL,Gaylord,dd7385f2-fbd4-41a4-afcd-7296aca5e198,SAMMS-Gaylord
202608292054381145,202608291904436310,202608291904434406,85,3836,Bronze INV,br_ReAssessmentOccupational,TASK_COMPLETE,SUCCESS,INFO,100,100,0,,2026-08-29T19:04:49.126Z,2026-08-29T20:54:41.421Z,6592,2026-08-29T20:54:41.421Z,HGT,Hagerstown,dd7385f2-fbd4-41a4-afcd-7296aca5e198,SAMMS-Hagerstown
202608292054381146,202608291904436311,202608291904434406,85,3837,Bronze INV,br_ReAssessmentOccupational,TASK_COMPLETE,SUCCESS,INFO,1723,1723,0,,2026-08-29T19:04:49.126Z,2026-08-29T20:54:41.421Z,6592,2026-08-29T20:54:41.421Z,HNT,Huntsville,dd7385f2-fbd4-41a4-afcd-7296aca5e198,SAMMS-Huntsville
202608292054381147,202608291904436312,202608291904434406,85,3838,Bronze INV,br_ReAssessmentOccupational,TASK_COMPLETE,SUCCESS,INFO,0,0,0,,2026-08-29T19:04:49.126Z,2026-08-29T20:54:41.421Z,6592,2026-08-29T20:54:41.421Z,HS,Hot Springs,dd7385f2-fbd4-41a4-afcd-7296aca5e198,SAMMS-HotSprings
202608292054381149,202608291904436313,202608291904434406,85,3839,Bronze INV,br_ReAssessmentOccupational,TASK_COMPLETE,SUCCESS,INFO,0,0,0,,2026-08-29T19:04:49.126Z,2026-08-29T20:54:41.421Z,6592,2026-08-29T20:54:41.421Z,JON,Jonesboro,dd7385f2-fbd4-41a4-afcd-7296aca5e198,SAMMS-Jonesboro
202608292054381150,202608291904436314,202608291904434406,85,3841,Bronze INV,br_ReAssessmentOccupational,TASK_COMPLETE,SUCCESS,INFO,446,446,0,,2026-08-29T19:04:49.126Z,2026-08-29T20:54:41.421Z,6592,2026-08-29T20:54:41.421Z,LAN,Lansing,dd7385f2-fbd4-41a4-afcd-7296aca5e198,SAMMS-Lansing
202608292054381151,202608291904436315,202608291904434406,85,3842,Bronze INV,br_ReAssessmentOccupational,TASK_COMPLETE,SUCCESS,INFO,1287,1287,0,,2026-08-29T19:04:49.126Z,2026-08-29T20:54:41.421Z,6592,2026-08-29T20:54:41.421Z,LO,Louisville,dd7385f2-fbd4-41a4-afcd-7296aca5e198,SAMMS-Louisville
202608292054381152,202608291904436316,202608291904434406,85,3843,Bronze INV,br_ReAssessmentOccupational,TASK_COMPLETE,SUCCESS,INFO,291,291,0,,2026-08-29T19:04:49.126Z,2026-08-29T20:54:41.421Z,6592,2026-08-29T20:54:41.421Z,LV1,Cheyenne,dd7385f2-fbd4-41a4-afcd-7296aca5e198,SAMMS-Cheyenne
202608292054381153,202608291904436317,202608291904434406,85,3844,Bronze INV,br_ReAssessmentOccupational,TASK_COMPLETE,SUCCESS,INFO,204,204,0,,2026-08-29T19:04:49.126Z,2026-08-29T20:54:41.421Z,6592,2026-08-29T20:54:41.421Z,LV2,Desert Inn,dd7385f2-fbd4-41a4-afcd-7296aca5e198,SAMMS-DesertInn
202608292054381154,202608291904436318,202608291904434406,85,3845,Bronze INV,br_ReAssessmentOccupational,TASK_COMPLETE,SUCCESS,INFO,110,110,0,,2026-08-29T19:04:49.126Z,2026-08-29T20:54:41.421Z,6592,2026-08-29T20:54:41.421Z,LV3,McDaniel,dd7385f2-fbd4-41a4-afcd-7296aca5e198,SAMMS-McDaniel
202608292054381155,202608291904436319,202608291904434406,85,3848,Bronze INV,br_ReAssessmentOccupational,TASK_COMPLETE,SUCCESS,INFO,358,358,0,,2026-08-29T19:04:49.126Z,2026-08-29T20:54:41.421Z,6592,2026-08-29T20:54:41.421Z,MNRE,Monroe,dd7385f2-fbd4-41a4-afcd-7296aca5e198,SAMMS-Monroe
202608292054381157,202608291904436320,202608291904434406,85,3849,Bronze INV,br_ReAssessmentOccupational,TASK_COMPLETE,SUCCESS,INFO,1423,1423,0,,2026-08-29T19:04:49.126Z,2026-08-29T20:54:41.421Z,6592,2026-08-29T20:54:41.421Z,MP,Mt. Pleasant,dd7385f2-fbd4-41a4-afcd-7296aca5e198,SAMMS-MtPleasant
202608292054381158,202608291904436321,202608291904434406,85,3850,Bronze INV,br_ReAssessmentOccupational,TASK_COMPLETE,SUCCESS,INFO,153,153,0,,2026-08-29T19:04:49.126Z,2026-08-29T20:54:41.421Z,6592,2026-08-29T20:54:41.421Z,MRD,Meridian,dd7385f2-fbd4-41a4-afcd-7296aca5e198,SAMMS-Meridian
202608292054381159,202608291904436322,202608291904434406,85,3855,Bronze INV,br_ReAssessmentOccupational,TASK_COMPLETE,SUCCESS,INFO,693,693,0,,2026-08-29T19:04:49.126Z,2026-08-29T20:54:41.421Z,6592,2026-08-29T20:54:41.421Z,NC,North Charleston,dd7385f2-fbd4-41a4-afcd-7296aca5e198,SAMMS-NorthCharleston
202608292054381160,202608291904436323,202608291904434406,85,3856,Bronze INV,br_ReAssessmentOccupational,TASK_COMPLETE,SUCCESS,INFO,0,0,0,,2026-08-29T19:04:49.126Z,2026-08-29T20:54:41.421Z,6592,2026-08-29T20:54:41.421Z,NLR,N. Little Rock,dd7385f2-fbd4-41a4-afcd-7296aca5e198,SAMMS-NLROBOT
202608292054381161,202608291904436324,202608291904434406,85,3857,Bronze INV,br_ReAssessmentOccupational,TASK_COMPLETE,SUCCESS,INFO,112,112,0,,2026-08-29T19:04:49.126Z,2026-08-29T20:54:41.421Z,6592,2026-08-29T20:54:41.421Z,PH,Phoenix,dd7385f2-fbd4-41a4-afcd-7296aca5e198,SAMMS-Phoenix
202608292054381162,202608291904436325,202608291904434406,85,3861,Bronze INV,br_ReAssessmentOccupational,TASK_COMPLETE,SUCCESS,INFO,213,213,0,,2026-08-29T19:04:49.126Z,2026-08-29T20:54:41.421Z,6592,2026-08-29T20:54:41.421Z,RE,Reno,dd7385f2-fbd4-41a4-afcd-7296aca5e198,SAMMS-Reno
202608292054381164,202608291904436326,202608291904434406,85,3862,Bronze INV,br_ReAssessmentOccupational,TASK_COMPLETE,SUCCESS,INFO,87,87,0,,2026-08-29T19:04:49.126Z,2026-08-29T20:54:41.421Z,6592,2026-08-29T20:54:41.421Z,RMD,Richmond,dd7385f2-fbd4-41a4-afcd-7296aca5e198,SAMMS-Richmond
202608292054381165,202608291904436327,202608291904434406,85,3863,Bronze INV,br_ReAssessmentOccupational,TASK_COMPLETE,SUCCESS,INFO,589,589,0,,2026-08-29T19:04:49.126Z,2026-08-29T20:54:41.421Z,6592,2026-08-29T20:54:41.421Z,SFN,Springfield North,dd7385f2-fbd4-41a4-afcd-7296aca5e198,SAMMS-SFNv5
202608292054381166,202608291904436328,202608291904434406,85,3864,Bronze INV,br_ReAssessmentOccupational,TASK_COMPLETE,SUCCESS,INFO,762,762,0,,2026-08-29T19:04:49.126Z,2026-08-29T20:54:41.421Z,6592,2026-08-29T20:54:41.421Z,SHP,Shreveport,dd7385f2-fbd4-41a4-afcd-7296aca5e198,SAMMS-Shreveport
202608292054381167,202608291904436329,202608291904434406,85,3866,Bronze INV,br_ReAssessmentOccupational,TASK_COMPLETE,SUCCESS,INFO,484,484,0,,2026-08-29T19:04:49.126Z,2026-08-29T20:54:41.421Z,6592,2026-08-29T20:54:41.421Z,STN,Staunton,dd7385f2-fbd4-41a4-afcd-7296aca5e198,SAMMS-Staunton
202608292054381168,202608291904436330,202608291904434406,85,3867,Bronze INV,br_ReAssessmentOccupational,TASK_COMPLETE,SUCCESS,INFO,226,226,0,,2026-08-29T19:04:49.126Z,2026-08-29T20:54:41.421Z,6592,2026-08-29T20:54:41.421Z,STVN,Stevenson,dd7385f2-fbd4-41a4-afcd-7296aca5e198,SAMMS-Stevenson
202608292054381169,202608291904436331,202608291904434406,85,3869,Bronze INV,br_ReAssessmentOccupational,TASK_COMPLETE,SUCCESS,INFO,173,173,0,,2026-08-29T19:04:49.126Z,2026-08-29T20:54:41.421Z,6592,2026-08-29T20:54:41.421Z,TE,Tempe,dd7385f2-fbd4-41a4-afcd-7296aca5e198,SAMMS-Tempe
202608292054381171,202608291904436332,202608291904434406,85,3870,Bronze INV,br_ReAssessmentOccupational,TASK_COMPLETE,SUCCESS,INFO,0,0,0,,2026-08-29T19:04:49.126Z,2026-08-29T20:54:41.421Z,6592,2026-08-29T20:54:41.421Z,TEX,Texarkana,dd7385f2-fbd4-41a4-afcd-7296aca5e198,SAMMS-Texarkana
202608292054381172,202608291904436333,202608291904434406,85,3871,Bronze INV,br_ReAssessmentOccupational,TASK_COMPLETE,SUCCESS,INFO,1073,1073,0,,2026-08-29T19:04:49.126Z,2026-08-29T20:54:41.421Z,6592,2026-08-29T20:54:41.421Z,TTCA,Bessemer,dd7385f2-fbd4-41a4-afcd-7296aca5e198,SAMMS-BessemerV5
202608292054381173,202608291904436334,202608291904434406,85,3872,Bronze INV,br_ReAssessmentOccupational,TASK_COMPLETE,SUCCESS,INFO,1317,1317,0,,2026-08-29T19:04:49.126Z,2026-08-29T20:54:41.421Z,6592,2026-08-29T20:54:41.421Z,TTCB,Cullman,dd7385f2-fbd4-41a4-afcd-7296aca5e198,SAMMS-CullmanV5
202608292054381174,202608291904436335,202608291904434406,85,3873,Bronze INV,br_ReAssessmentOccupational,TASK_COMPLETE,SUCCESS,INFO,938,938,0,,2026-08-29T19:04:49.126Z,2026-08-29T20:54:41.421Z,6592,2026-08-29T20:54:41.421Z,TTCC,Grand Bay,dd7385f2-fbd4-41a4-afcd-7296aca5e198,SAMMS-GrandBay
202608292054381175,202608291904436336,202608291904434406,85,3874,Bronze INV,br_ReAssessmentOccupational,TASK_COMPLETE,SUCCESS,INFO,15,15,0,,2026-08-29T19:04:49.126Z,2026-08-29T20:54:41.421Z,6592,2026-08-29T20:54:41.421Z,TU,Tucson,dd7385f2-fbd4-41a4-afcd-7296aca5e198,SAMMS-Tucson
202608292054381176,202608291904436337,202608291904434406,85,3876,Bronze INV,br_ReAssessmentOccupational,TASK_COMPLETE,SUCCESS,INFO,661,661,0,,2026-08-29T19:04:49.126Z,2026-08-29T20:54:41.421Z,6592,2026-08-29T20:54:41.421Z,V1,Memphis South,dd7385f2-fbd4-41a4-afcd-7296aca5e198,SAMMS-VCPHCS-I-MemphisV5
202608292054381177,202608291904436338,202608291904434406,85,3877,Bronze INV,br_ReAssessmentOccupational,TASK_COMPLETE,SUCCESS,INFO,1627,1627,0,,2026-08-29T19:04:49.126Z,2026-08-29T20:54:41.421Z,6592,2026-08-29T20:54:41.421Z,V10,Longmont,dd7385f2-fbd4-41a4-afcd-7296aca5e198,SAMMS-BoulderV5
202608292054381179,202608291904436339,202608291904434406,85,3878,Bronze INV,br_ReAssessmentOccupational,TASK_COMPLETE,SUCCESS,INFO,1513,1513,0,,2026-08-29T19:04:49.126Z,2026-08-29T20:54:41.421Z,6592,2026-08-29T20:54:41.421Z,V10A,Fort Collins,dd7385f2-fbd4-41a4-afcd-7296aca5e198,SAMMS-FortCollinsV5
202608292054381180,202608291904436340,202608291904434406,85,3879,Bronze INV,br_ReAssessmentOccupational,TASK_COMPLETE,SUCCESS,INFO,2864,2864,0,,2026-08-29T19:04:49.126Z,2026-08-29T20:54:41.421Z,6592,2026-08-29T20:54:41.421Z,V11,Westminster,dd7385f2-fbd4-41a4-afcd-7296aca5e198,SAMMS-VCPHCS-XI-NorthDenverV5
202608292054381181,202608291904436341,202608291904434406,85,3880,Bronze INV,br_ReAssessmentOccupational,TASK_COMPLETE,SUCCESS,INFO,3036,3036,0,,2026-08-29T19:04:49.126Z,2026-08-29T20:54:41.421Z,6592,2026-08-29T20:54:41.421Z,V12,Downtown Denver,dd7385f2-fbd4-41a4-afcd-7296aca5e198,SAMMS-VCPHCS-XII-DowntownDenverV5
202608292054381182,202608291904436342,202608291904434406,85,3881,Bronze INV,br_ReAssessmentOccupational,TASK_COMPLETE,SUCCESS,INFO,1136,1136,0,,2026-08-29T19:04:49.126Z,2026-08-29T20:54:41.421Z,6592,2026-08-29T20:54:41.421Z,V12A,Centennial,dd7385f2-fbd4-41a4-afcd-7296aca5e198,SAMMS-CentennialV5
202608292054381183,202608291904436343,202608291904434406,85,3882,Bronze INV,br_ReAssessmentOccupational,TASK_COMPLETE,SUCCESS,INFO,295,295,0,,2026-08-29T19:04:49.126Z,2026-08-29T20:54:41.421Z,6592,2026-08-29T20:54:41.421Z,V14,Overland Park,dd7385f2-fbd4-41a4-afcd-7296aca5e198,SAMMS-VCPHCS-XIV-BridgewayV5
202608292054381184,202608291904436344,202608291904434406,85,3883,Bronze INV,br_ReAssessmentOccupational,TASK_COMPLETE,SUCCESS,INFO,609,609,0,,2026-08-29T19:04:49.126Z,2026-08-29T20:54:41.421Z,6592,2026-08-29T20:54:41.421Z,V15,Joplin,dd7385f2-fbd4-41a4-afcd-7296aca5e198,SAMMS-JoplinV5
202608292054381186,202608291904436345,202608291904434406,85,3885,Bronze INV,br_ReAssessmentOccupational,TASK_COMPLETE,SUCCESS,INFO,904,904,0,,2026-08-29T19:04:49.126Z,2026-08-29T20:54:41.421Z,6592,2026-08-29T20:54:41.421Z,V17,Columbia TN,dd7385f2-fbd4-41a4-afcd-7296aca5e198,SAMMS-ColumbiaTNv5
202608292054381187,202608291904436346,202608291904434406,85,3887,Bronze INV,br_ReAssessmentOccupational,TASK_COMPLETE,SUCCESS,INFO,533,533,0,,2026-08-29T19:04:49.126Z,2026-08-29T20:54:41.421Z,6592,2026-08-29T20:54:41.421Z,V19,Jackson,dd7385f2-fbd4-41a4-afcd-7296aca5e198,SAMMS-JacksonV5
202608292054381188,202608291904436347,202608291904434406,85,3889,Bronze INV,br_ReAssessmentOccupational,TASK_COMPLETE,SUCCESS,INFO,1766,1766,0,,2026-08-29T19:04:49.126Z,2026-08-29T20:54:41.421Z,6592,2026-08-29T20:54:41.421Z,V20,Paris,dd7385f2-fbd4-41a4-afcd-7296aca5e198,SAMMS-ParisV5
202608292054381189,202608291904436348,202608291904434406,85,3890,Bronze INV,br_ReAssessmentOccupational,TASK_COMPLETE,SUCCESS,INFO,723,723,0,,2026-08-29T19:04:49.126Z,2026-08-29T20:54:41.421Z,6592,2026-08-29T20:54:41.421Z,V21,Memphis North,dd7385f2-fbd4-41a4-afcd-7296aca5e198,SAMMS-RaleighV5
202608292054381190,202608291904436349,202608291904434406,85,3893,Bronze INV,br_ReAssessmentOccupational,TASK_COMPLETE,SUCCESS,INFO,1778,1778,0,,2026-08-29T19:04:49.126Z,2026-08-29T20:54:41.421Z,6592,2026-08-29T20:54:41.421Z,V5,West Bank,dd7385f2-fbd4-41a4-afcd-7296aca5e198,SAMMS-NONTCv5
202608292054381191,202608291904436350,202608291904434406,85,3895,Bronze INV,br_ReAssessmentOccupational,TASK_COMPLETE,SUCCESS,INFO,144,144,0,,2026-08-29T19:04:49.126Z,2026-08-29T20:54:41.421Z,6592,2026-08-29T20:54:41.421Z,V5B,Houma,dd7385f2-fbd4-41a4-afcd-7296aca5e198,SAMMS-HoumaV6
202608292054381192,202608291904436351,202608291904434406,85,3896,Bronze INV,br_ReAssessmentOccupational,TASK_COMPLETE,SUCCESS,INFO,1907,1907,0,,2026-08-29T19:04:49.126Z,2026-08-29T20:54:41.421Z,6592,2026-08-29T20:54:41.421Z,V6,Lake Charles,dd7385f2-fbd4-41a4-afcd-7296aca5e198,SAMMS-LCv5
202608292054381194,202608291904436352,202608291904434406,85,3898,Bronze INV,br_ReAssessmentOccupational,TASK_COMPLETE,SUCCESS,INFO,741,741,0,,2026-08-29T19:04:49.126Z,2026-08-29T20:54:41.421Z,6592,2026-08-29T20:54:41.421Z,V8,Memphis Midtown,dd7385f2-fbd4-41a4-afcd-7296aca5e198,SAMMS-VCPHCS-VIII-MemphisV5
202608292054381195,202608291904436353,202608291904434406,85,3899,Bronze INV,br_ReAssessmentOccupational,TASK_COMPLETE,SUCCESS,INFO,1761,1761,0,,2026-08-29T19:04:49.126Z,2026-08-29T20:54:41.421Z,6592,2026-08-29T20:54:41.421Z,V9,Nashville,dd7385f2-fbd4-41a4-afcd-7296aca5e198,SAMMS-NashvilleV5
202608292054381196,202608291904436354,202608291904434406,85,3900,Bronze INV,br_ReAssessmentOccupational,TASK_COMPLETE,SUCCESS,INFO,837,837,0,,2026-08-29T19:04:49.126Z,2026-08-29T20:54:41.421Z,6592,2026-08-29T20:54:41.421Z,VBRA,Brainerd,dd7385f2-fbd4-41a4-afcd-7296aca5e198,SAMMS-BrainerdV6
202608292054381198,202608291904436355,202608291904434406,85,3901,Bronze INV,br_ReAssessmentOccupational,TASK_COMPLETE,SUCCESS,INFO,1955,1955,0,,2026-08-29T19:04:49.126Z,2026-08-29T20:54:41.421Z,6592,2026-08-29T20:54:41.421Z,VBRP,Brooklyn Park,dd7385f2-fbd4-41a4-afcd-7296aca5e198,SAMMS-BrooklynParkV6
202608292054381199,202608291904436356,202608291904434406,85,3903,Bronze INV,br_ReAssessmentOccupational,TASK_COMPLETE,SUCCESS,INFO,742,742,0,,2026-08-29T19:04:49.126Z,2026-08-29T20:54:41.421Z,6592,2026-08-29T20:54:41.421Z,VMIN,Minneapolis,dd7385f2-fbd4-41a4-afcd-7296aca5e198,SAMMS-MinneapolisV6
202608292054381200,202608291904436357,202608291904434406,85,3904,Bronze INV,br_ReAssessmentOccupational,TASK_COMPLETE,SUCCESS,INFO,881,881,0,,2026-08-29T19:04:49.126Z,2026-08-29T20:54:41.421Z,6592,2026-08-29T20:54:41.421Z,VWBY,Woodbury,dd7385f2-fbd4-41a4-afcd-7296aca5e198,SAMMS-WoodburyV6
202608292054381201,202608291904436358,202608291904434406,85,3906,Bronze INV,br_ReAssessmentOccupational,TASK_COMPLETE,SUCCESS,INFO,161,161,0,,2026-08-29T19:04:49.126Z,2026-08-29T20:54:41.421Z,6592,2026-08-29T20:54:41.421Z,WIL,Wilson,dd7385f2-fbd4-41a4-afcd-7296aca5e198,SAMMS-Wilson
202608292054381202,202608291904436359,202608291904434406,85,3174,Bronze INV,br_ReAssessmentFamily,TASK_COMPLETE,SUCCESS,INFO,35,35,0,,2026-08-29T19:04:49.126Z,2026-08-29T20:54:41.421Z,6592,2026-08-29T20:54:41.421Z,AHK,Ahoskie,dd7385f2-fbd4-41a4-afcd-7296aca5e198,SAMMS-Ahoskie
202608292054381203,202608291904436360,202608291904434406,85,3175,Bronze INV,br_ReAssessmentFamily,TASK_COMPLETE,SUCCESS,INFO,662,662,0,,2026-08-29T19:04:49.126Z,2026-08-29T20:54:41.421Z,6592,2026-08-29T20:54:41.421Z,B12B,Colorado Springs,dd7385f2-fbd4-41a4-afcd-7296aca5e198,SAMMS-ColoradoSpringsV5
202608292054381205,202608291904436361,202608291904434406,85,3176,Bronze INV,br_ReAssessmentFamily,TASK_COMPLETE,SUCCESS,INFO,834,834,0,,2026-08-29T19:04:49.126Z,2026-08-29T20:54:41.421Z,6592,2026-08-29T20:54:41.421Z,B24,Paintsville,dd7385f2-fbd4-41a4-afcd-7296aca5e198,SAMMS-PaintsvilleV5
202608292054381206,202608291904436362,202608291904434406,85,3177,Bronze INV,br_ReAssessmentFamily,TASK_COMPLETE,SUCCESS,INFO,645,645,0,,2026-08-29T19:04:49.126Z,2026-08-29T20:54:41.421Z,6592,2026-08-29T20:54:41.421Z,B25,Pikeville,dd7385f2-fbd4-41a4-afcd-7296aca5e198,SAMMS-PikevilleV5
202608292054381207,202608291904436363,202608291904434406,85,3178,Bronze INV,br_ReAssessmentFamily,TASK_COMPLETE,SUCCESS,INFO,971,971,0,,2026-08-29T19:04:49.126Z,2026-08-29T20:54:41.421Z,6592,2026-08-29T20:54:41.421Z,B26,Hazard,dd7385f2-fbd4-41a4-afcd-7296aca5e198,SAMMS-HazardV5
202608292054381208,202608291904436364,202608291904434406,85,3179,Bronze INV,br_ReAssessmentFamily,TASK_COMPLETE,SUCCESS,INFO,530,530,0,,2026-08-29T19:04:49.126Z,2026-08-29T20:54:41.421Z,6592,2026-08-29T20:54:41.421Z,B27,Savannah,dd7385f2-fbd4-41a4-afcd-7296aca5e198,SAMMS-SavannahV6
202608292054381209,202608291904436365,202608291904434406,85,3180,Bronze INV,br_ReAssessmentFamily,TASK_COMPLETE,SUCCESS,INFO,246,246,0,,2026-08-29T19:04:49.126Z,2026-08-29T20:54:41.421Z,6592,2026-08-29T20:54:41.421Z,B28,West Plains,dd7385f2-fbd4-41a4-afcd-7296aca5e198,SAMMS-WestPlainesV5
202608292054381210,202608291904436366,202608291904434406,85,3181,Bronze INV,br_ReAssessmentFamily,TASK_COMPLETE,SUCCESS,INFO,461,461,0,,2026-08-29T19:04:49.126Z,2026-08-29T20:54:41.421Z,6592,2026-08-29T20:54:41.421Z,B29,Poplar Bluff,dd7385f2-fbd4-41a4-afcd-7296aca5e198,SAMMS-PoplarBluffV5
202608292054381211,202608291904436367,202608291904434406,85,3182,Bronze INV,br_ReAssessmentFamily,TASK_COMPLETE,SUCCESS,INFO,78,78,0,,2026-08-29T19:04:49.126Z,2026-08-29T20:54:41.421Z,6592,2026-08-29T20:54:41.421Z,B30,KC North,dd7385f2-fbd4-41a4-afcd-7296aca5e198,SAMMS-KCNv5
202608292054381213,202608291904436368,202608291904434406,85,3183,Bronze INV,br_ReAssessmentFamily,TASK_COMPLETE,SUCCESS,INFO,400,400,0,,2026-08-29T19:04:49.126Z,2026-08-29T20:54:41.421Z,6592,2026-08-29T20:54:41.421Z,B31,Dyersburg,dd7385f2-fbd4-41a4-afcd-7296aca5e198,SAMMS-DyersburgV5
202608292054381214,202608291904436369,202608291904434406,85,3185,Bronze INV,br_ReAssessmentFamily,TASK_COMPLETE,SUCCESS,INFO,487,487,0,,2026-08-29T19:04:49.126Z,2026-08-29T20:54:41.421Z,6592,2026-08-29T20:54:41.421Z,B33,Paducah,dd7385f2-fbd4-41a4-afcd-7296aca5e198,SAMMS-Paducah
202608292054381215,202608291904436370,202608291904434406,85,3186,Bronze INV,br_ReAssessmentFamily,TASK_COMPLETE,SUCCESS,INFO,383,383,0,,2026-08-29T19:04:49.126Z,2026-08-29T20:54:41.421Z,6592,2026-08-29T20:54:41.421Z,B34,Corbin,dd7385f2-fbd4-41a4-afcd-7296aca5e198,SAMMS-CorbinV5
202608292054381217,202608291904436371,202608291904434406,85,3187,Bronze INV,br_ReAssessmentFamily,TASK_COMPLETE,SUCCESS,INFO,240,240,0,,2026-08-29T19:04:49.126Z,2026-08-29T20:54:41.421Z,6592,2026-08-29T20:54:41.421Z,B35,Lexington,dd7385f2-fbd4-41a4-afcd-7296aca5e198,SAMMS-LexingtonV5
202608292054381218,202608291904436372,202608291904434406,85,3188,Bronze INV,br_ReAssessmentFamily,TASK_COMPLETE,SUCCESS,INFO,77,77,0,,2026-08-29T19:04:49.126Z,2026-08-29T20:54:41.421Z,6592,2026-08-29T20:54:41.421Z,B35A,Berea,dd7385f2-fbd4-41a4-afcd-7296aca5e198,SAMMS-BereaV5
202608292054381219,202608291904436373,202608291904434406,85,3189,Bronze INV,br_ReAssessmentFamily,TASK_COMPLETE,SUCCESS,INFO,20,20,0,,2026-08-29T19:04:49.126Z,2026-08-29T20:54:41.421Z,6592,2026-08-29T20:54:41.421Z,B36,Asheville,dd7385f2-fbd4-41a4-afcd-7296aca5e198,SAMMS-AshevilleV5
202608292054381220,202608291904436374,202608291904434406,85,3190,Bronze INV,br_ReAssessmentFamily,TASK_COMPLETE,SUCCESS,INFO,1,1,0,,2026-08-29T19:04:49.126Z,2026-08-29T20:54:41.421Z,6592,2026-08-29T20:54:41.421Z,B37,Clyde,dd7385f2-fbd4-41a4-afcd-7296aca5e198,SAMMS-ClydeV5
202608292054381222,202608291904436375,202608291904434406,85,3191,Bronze INV,br_ReAssessmentFamily,TASK_COMPLETE,SUCCESS,INFO,1186,1186,0,,2026-08-29T19:04:49.126Z,2026-08-29T20:54:41.421Z,6592,2026-08-29T20:54:41.421Z,B38,Spartanburg,dd7385f2-fbd4-41a4-afcd-7296aca5e198,SAMMS-SpartanburgV5
202608292054381223,202608291904436376,202608291904434406,85,3192,Bronze INV,br_ReAssessmentFamily,TASK_COMPLETE,SUCCESS,INFO,362,362,0,,2026-08-29T19:04:49.126Z,2026-08-29T20:54:41.421Z,6592,2026-08-29T20:54:41.421Z,B39,Aiken,dd7385f2-fbd4-41a4-afcd-7296aca5e198,SAMMS-AikenV5
202608292054381224,202608291904436377,202608291904434406,85,3193,Bronze INV,br_ReAssessmentFamily,TASK_COMPLETE,SUCCESS,INFO,1888,1888,0,,2026-08-29T19:04:49.126Z,2026-08-29T20:54:41.421Z,6592,2026-08-29T20:54:41.421Z,B41,Chesapeake,dd7385f2-fbd4-41a4-afcd-7296aca5e198,SAMMS-ChesapeakeV5
202608292054381225,202608291904436378,202608291904434406,85,3194,Bronze INV,br_ReAssessmentFamily,TASK_COMPLETE,SUCCESS,INFO,1917,1917,0,,2026-08-29T19:04:49.126Z,2026-08-29T20:54:41.421Z,6592,2026-08-29T20:54:41.421Z,B42,Virginia Beach,dd7385f2-fbd4-41a4-afcd-7296aca5e198,SAMMS-VirginiaBeachV5
202608292054381226,202608291904436379,202608291904434406,85,3195,Bronze INV,br_ReAssessmentFamily,TASK_COMPLETE,SUCCESS,INFO,926,926,0,,2026-08-29T19:04:49.126Z,2026-08-29T20:54:41.421Z,6592,2026-08-29T20:54:41.421Z,B42A,Newport News,dd7385f2-fbd4-41a4-afcd-7296aca5e198,SAMMS-NewportNewsV5
202608292054381227,202608291904436380,202608291904434406,85,3196,Bronze INV,br_ReAssessmentFamily,TASK_COMPLETE,SUCCESS,INFO,507,507,0,,2026-08-29T19:04:49.126Z,2026-08-29T20:54:41.421Z,6592,2026-08-29T20:54:41.421Z,B42B,Franklin,dd7385f2-fbd4-41a4-afcd-7296aca5e198,SAMMS-FranklinV5
202608292054381228,202608291904436381,202608291904434406,85,3197,Bronze INV,br_ReAssessmentFamily,TASK_COMPLETE,SUCCESS,INFO,342,342,0,,2026-08-29T19:04:49.126Z,2026-08-29T20:54:41.421Z,6592,2026-08-29T20:54:41.421Z,B42C,Glen Allen,dd7385f2-fbd4-41a4-afcd-7296aca5e198,SAMMS-GlenAllenV5
202608292054381230,202608291904436382,202608291904434406,85,3198,Bronze INV,br_ReAssessmentFamily,TASK_COMPLETE,SUCCESS,INFO,1481,1481,0,,2026-08-29T19:04:49.126Z,2026-08-29T20:54:41.421Z,6592,2026-08-29T20:54:41.421Z,B42D,Chesapeake South,dd7385f2-fbd4-41a4-afcd-7296aca5e198,SAMMS-ChesapeakeSouthV5
202608292054381231,202608291904436383,202608291904434406,85,3199,Bronze INV,br_ReAssessmentFamily,TASK_COMPLETE,SUCCESS,INFO,632,632,0,,2026-08-29T19:04:49.126Z,2026-08-29T20:54:41.421Z,6592,2026-08-29T20:54:41.421Z,B44,Albany,dd7385f2-fbd4-41a4-afcd-7296aca5e198,SAMMS-AlbanyV5
202608292054381232,202608291904436384,202608291904434406,85,3200,Bronze INV,br_ReAssessmentFamily,TASK_COMPLETE,SUCCESS,INFO,1270,1270,0,,2026-08-29T19:04:49.126Z,2026-08-29T20:54:41.421Z,6592,2026-08-29T20:54:41.421Z,B45,Tifton,dd7385f2-fbd4-41a4-afcd-7296aca5e198,SAMMS-TiftonV5
202609012114518992,202609011903672436,202609011903672005,85,2947,Bronze INV,br_OrientationChecklistNew,TASK_COMPLETE,SUCCESS,INFO,26,26,0,,2026-09-01T19:04:17.664Z,2026-09-01T21:14:55.846Z,7838,2026-09-01T21:14:55.846Z,STVN,Stevenson,0e5f68b5-5669-4bb1-91ce-4b967b620e7d,SAMMS-Stevenson
202609012114518993,202609011903672437,202609011903672005,85,2950,Bronze INV,br_OrientationChecklistNew,TASK_COMPLETE,SUCCESS,INFO,0,0,0,,2026-09-01T19:04:17.664Z,2026-09-01T21:14:55.846Z,7838,2026-09-01T21:14:55.846Z,TEX,Texarkana,0e5f68b5-5669-4bb1-91ce-4b967b620e7d,SAMMS-Texarkana
202609012114518994,202609011903672438,202609011903672005,85,2951,Bronze INV,br_OrientationChecklistNew,TASK_COMPLETE,SUCCESS,INFO,100,100,0,,2026-09-01T19:04:17.664Z,2026-09-01T21:14:55.846Z,7838,2026-09-01T21:14:55.846Z,TTCA,Bessemer,0e5f68b5-5669-4bb1-91ce-4b967b620e7d,SAMMS-BessemerV5
202609012114518996,202609011903672439,202609011903672005,85,2952,Bronze INV,br_OrientationChecklistNew,TASK_COMPLETE,SUCCESS,INFO,72,72,0,,2026-09-01T19:04:17.664Z,2026-09-01T21:14:55.846Z,7838,2026-09-01T21:14:55.846Z,TTCB,Cullman,0e5f68b5-5669-4bb1-91ce-4b967b620e7d,SAMMS-CullmanV5
202609012114518997,202609011903672440,202609011903672005,85,2953,Bronze INV,br_OrientationChecklistNew,TASK_COMPLETE,SUCCESS,INFO,70,70,0,,2026-09-01T19:04:17.664Z,2026-09-01T21:14:55.846Z,7838,2026-09-01T21:14:55.846Z,TTCC,Grand Bay,0e5f68b5-5669-4bb1-91ce-4b967b620e7d,SAMMS-GrandBay
202609012114518998,202609011903672441,202609011903672005,85,2956,Bronze INV,br_OrientationChecklistNew,TASK_COMPLETE,SUCCESS,INFO,103,103,0,,2026-09-01T19:04:17.664Z,2026-09-01T21:14:55.846Z,7838,2026-09-01T21:14:55.846Z,V1,Memphis South,0e5f68b5-5669-4bb1-91ce-4b967b620e7d,SAMMS-VCPHCS-I-MemphisV5
202609012114518999,202609011903672442,202609011903672005,85,2957,Bronze INV,br_OrientationChecklistNew,TASK_COMPLETE,SUCCESS,INFO,123,123,0,,2026-09-01T19:04:17.664Z,2026-09-01T21:14:55.846Z,7838,2026-09-01T21:14:55.846Z,V10,Longmont,0e5f68b5-5669-4bb1-91ce-4b967b620e7d,SAMMS-BoulderV5
202609012114519000,202609011903672443,202609011903672005,85,2958,Bronze INV,br_OrientationChecklistNew,TASK_COMPLETE,SUCCESS,INFO,221,221,0,,2026-09-01T19:04:17.664Z,2026-09-01T21:14:55.846Z,7838,2026-09-01T21:14:55.846Z,V10A,Fort Collins,0e5f68b5-5669-4bb1-91ce-4b967b620e7d,SAMMS-FortCollinsV5
202609012114519001,202609011903672444,202609011903672005,85,2959,Bronze INV,br_OrientationChecklistNew,TASK_COMPLETE,SUCCESS,INFO,113,113,0,,2026-09-01T19:04:17.664Z,2026-09-01T21:14:55.846Z,7838,2026-09-01T21:14:55.846Z,V11,Westminster,0e5f68b5-5669-4bb1-91ce-4b967b620e7d,SAMMS-VCPHCS-XI-NorthDenverV5
202609012114519002,202609011903672445,202609011903672005,85,2960,Bronze INV,br_OrientationChecklistNew,TASK_COMPLETE,SUCCESS,INFO,121,121,0,,2026-09-01T19:04:17.664Z,2026-09-01T21:14:55.846Z,7838,2026-09-01T21:14:55.846Z,V12,Downtown Denver,0e5f68b5-5669-4bb1-91ce-4b967b620e7d,SAMMS-VCPHCS-XII-DowntownDenverV5
202609012114519003,202609011903672446,202609011903672005,85,2961,Bronze INV,br_OrientationChecklistNew,TASK_COMPLETE,SUCCESS,INFO,64,64,0,,2026-09-01T19:04:17.664Z,2026-09-01T21:14:55.846Z,7838,2026-09-01T21:14:55.846Z,V12A,Centennial,0e5f68b5-5669-4bb1-91ce-4b967b620e7d,SAMMS-CentennialV5
202609012114519005,202609011903672447,202609011903672005,85,2962,Bronze INV,br_OrientationChecklistNew,TASK_COMPLETE,SUCCESS,INFO,115,115,0,,2026-09-01T19:04:17.664Z,2026-09-01T21:14:55.846Z,7838,2026-09-01T21:14:55.846Z,V14,Overland Park,0e5f68b5-5669-4bb1-91ce-4b967b620e7d,SAMMS-VCPHCS-XIV-BridgewayV5
202609012114519006,202609011903672448,202609011903672005,85,2963,Bronze INV,br_OrientationChecklistNew,TASK_COMPLETE,SUCCESS,INFO,160,160,0,,2026-09-01T19:04:17.664Z,2026-09-01T21:14:55.846Z,7838,2026-09-01T21:14:55.846Z,V15,Joplin,0e5f68b5-5669-4bb1-91ce-4b967b620e7d,SAMMS-JoplinV5
202609012114519007,202609011903672449,202609011903672005,85,2965,Bronze INV,br_OrientationChecklistNew,TASK_COMPLETE,SUCCESS,INFO,59,59,0,,2026-09-01T19:04:17.664Z,2026-09-01T21:14:55.846Z,7838,2026-09-01T21:14:55.846Z,V17,Columbia TN,0e5f68b5-5669-4bb1-91ce-4b967b620e7d,SAMMS-ColumbiaTNv5
202609012114519008,202609011903672450,202609011903672005,85,2967,Bronze INV,br_OrientationChecklistNew,TASK_COMPLETE,SUCCESS,INFO,92,92,0,,2026-09-01T19:04:17.664Z,2026-09-01T21:14:55.846Z,7838,2026-09-01T21:14:55.846Z,V19,Jackson,0e5f68b5-5669-4bb1-91ce-4b967b620e7d,SAMMS-JacksonV5
202609012114519009,202609011903672451,202609011903672005,85,2969,Bronze INV,br_OrientationChecklistNew,TASK_COMPLETE,SUCCESS,INFO,71,71,0,,2026-09-01T19:04:17.664Z,2026-09-01T21:14:55.846Z,7838,2026-09-01T21:14:55.846Z,V20,Paris,0e5f68b5-5669-4bb1-91ce-4b967b620e7d,SAMMS-ParisV5
202609012114519010,202609011903672452,202609011903672005,85,2970,Bronze INV,br_OrientationChecklistNew,TASK_COMPLETE,SUCCESS,INFO,45,45,0,,2026-09-01T19:04:17.664Z,2026-09-01T21:14:55.846Z,7838,2026-09-01T21:14:55.846Z,V21,Memphis North,0e5f68b5-5669-4bb1-91ce-4b967b620e7d,SAMMS-RaleighV5
202609012114519011,202609011903672453,202609011903672005,85,2973,Bronze INV,br_OrientationChecklistNew,TASK_COMPLETE,SUCCESS,INFO,152,152,0,,2026-09-01T19:04:17.664Z,2026-09-01T21:14:55.846Z,7838,2026-09-01T21:14:55.846Z,V5,West Bank,0e5f68b5-5669-4bb1-91ce-4b967b620e7d,SAMMS-NONTCv5
202609012114519012,202609011903672454,202609011903672005,85,2975,Bronze INV,br_OrientationChecklistNew,TASK_COMPLETE,SUCCESS,INFO,64,64,0,,2026-09-01T19:04:17.664Z,2026-09-01T21:14:55.846Z,7838,2026-09-01T21:14:55.846Z,V5B,Houma,0e5f68b5-5669-4bb1-91ce-4b967b620e7d,SAMMS-HoumaV6
202609012114519014,202609011903672455,202609011903672005,85,2976,Bronze INV,br_OrientationChecklistNew,TASK_COMPLETE,SUCCESS,INFO,197,197,0,,2026-09-01T19:04:17.664Z,2026-09-01T21:14:55.846Z,7838,2026-09-01T21:14:55.846Z,V6,Lake Charles,0e5f68b5-5669-4bb1-91ce-4b967b620e7d,SAMMS-LCv5
202609012114519015,202609011903672456,202609011903672005,85,2978,Bronze INV,br_OrientationChecklistNew,TASK_COMPLETE,SUCCESS,INFO,130,130,0,,2026-09-01T19:04:17.664Z,2026-09-01T21:14:55.846Z,7838,2026-09-01T21:14:55.846Z,V8,Memphis Midtown,0e5f68b5-5669-4bb1-91ce-4b967b620e7d,SAMMS-VCPHCS-VIII-MemphisV5
202609012114519016,202609011903672457,202609011903672005,85,2979,Bronze INV,br_OrientationChecklistNew,TASK_COMPLETE,SUCCESS,INFO,190,190,0,,2026-09-01T19:04:17.664Z,2026-09-01T21:14:55.846Z,7838,2026-09-01T21:14:55.846Z,V9,Nashville,0e5f68b5-5669-4bb1-91ce-4b967b620e7d,SAMMS-NashvilleV5
202609012114519017,202609011903672458,202609011903672005,85,2980,Bronze INV,br_OrientationChecklistNew,TASK_COMPLETE,SUCCESS,INFO,150,150,0,,2026-09-01T19:04:17.664Z,2026-09-01T21:14:55.846Z,7838,2026-09-01T21:14:55.846Z,VBRA,Brainerd,0e5f68b5-5669-4bb1-91ce-4b967b620e7d,SAMMS-BrainerdV6
202609012114519018,202609011903672459,202609011903672005,85,2981,Bronze INV,br_OrientationChecklistNew,TASK_COMPLETE,SUCCESS,INFO,167,167,0,,2026-09-01T19:04:17.664Z,2026-09-01T21:14:55.846Z,7838,2026-09-01T21:14:55.846Z,VBRP,Brooklyn Park,0e5f68b5-5669-4bb1-91ce-4b967b620e7d,SAMMS-BrooklynParkV6
202609012114519019,202609011903672460,202609011903672005,85,2983,Bronze INV,br_OrientationChecklistNew,TASK_COMPLETE,SUCCESS,INFO,130,130,0,,2026-09-01T19:04:17.664Z,2026-09-01T21:14:55.846Z,7838,2026-09-01T21:14:55.846Z,VMIN,Minneapolis,0e5f68b5-5669-4bb1-91ce-4b967b620e7d,SAMMS-MinneapolisV6
202609012114519020,202609011903672461,202609011903672005,85,2984,Bronze INV,br_OrientationChecklistNew,TASK_COMPLETE,SUCCESS,INFO,189,189,0,,2026-09-01T19:04:17.664Z,2026-09-01T21:14:55.846Z,7838,2026-09-01T21:14:55.846Z,VWBY,Woodbury,0e5f68b5-5669-4bb1-91ce-4b967b620e7d,SAMMS-WoodburyV6
202609012114519022,202609011903672462,202609011903672005,85,2986,Bronze INV,br_OrientationChecklistNew,TASK_COMPLETE,SUCCESS,INFO,109,109,0,,2026-09-01T19:04:17.664Z,2026-09-01T21:14:55.846Z,7838,2026-09-01T21:14:55.846Z,WIL,Wilson,0e5f68b5-5669-4bb1-91ce-4b967b620e7d,SAMMS-Wilson
202609012114519023,202609011903672463,202609011903672005,85,2254,Bronze INV,br_LabResult,TASK_COMPLETE,SUCCESS,INFO,1693,1693,0,,2026-09-01T19:04:17.664Z,2026-09-01T21:14:55.846Z,7838,2026-09-01T21:14:55.846Z,AHK,Ahoskie,0e5f68b5-5669-4bb1-91ce-4b967b620e7d,SAMMS-Ahoskie
202609012114519024,202609011903672464,202609011903672005,85,2255,Bronze INV,br_LabResult,TASK_COMPLETE,SUCCESS,INFO,1260,1260,0,,2026-09-01T19:04:17.664Z,2026-09-01T21:14:55.846Z,7838,2026-09-01T21:14:55.846Z,B12B,Colorado Springs,0e5f68b5-5669-4bb1-91ce-4b967b620e7d,SAMMS-ColoradoSpringsV5
202609012114519025,202609011903672465,202609011903672005,85,2256,Bronze INV,br_LabResult,TASK_COMPLETE,SUCCESS,INFO,1833,1833,0,,2026-09-01T19:04:17.664Z,2026-09-01T21:14:55.846Z,7838,2026-09-01T21:14:55.846Z,B24,Paintsville,0e5f68b5-5669-4bb1-91ce-4b967b620e7d,SAMMS-PaintsvilleV5
202609012114519026,202609011903672466,202609011903672005,85,2257,Bronze INV,br_LabResult,TASK_COMPLETE,SUCCESS,INFO,2287,2287,0,,2026-09-01T19:04:17.664Z,2026-09-01T21:14:55.846Z,7838,2026-09-01T21:14:55.846Z,B25,Pikeville,0e5f68b5-5669-4bb1-91ce-4b967b620e7d,SAMMS-PikevilleV5
202609012114519027,202609011903672467,202609011903672005,85,2258,Bronze INV,br_LabResult,TASK_COMPLETE,SUCCESS,INFO,2746,2746,0,,2026-09-01T19:04:17.664Z,2026-09-01T21:14:55.846Z,7838,2026-09-01T21:14:55.846Z,B26,Hazard,0e5f68b5-5669-4bb1-91ce-4b967b620e7d,SAMMS-HazardV5
202609012114519028,202609011903672468,202609011903672005,85,2259,Bronze INV,br_LabResult,TASK_COMPLETE,SUCCESS,INFO,3,3,0,,2026-09-01T19:04:17.664Z,2026-09-01T21:14:55.846Z,7838,2026-09-01T21:14:55.846Z,B27,Savannah,0e5f68b5-5669-4bb1-91ce-4b967b620e7d,SAMMS-SavannahV6
202609012114519029,202609011903672469,202609011903672005,85,2260,Bronze INV,br_LabResult,TASK_COMPLETE,SUCCESS,INFO,1556,1556,0,,2026-09-01T19:04:17.664Z,2026-09-01T21:14:55.846Z,7838,2026-09-01T21:14:55.846Z,B28,West Plains,0e5f68b5-5669-4bb1-91ce-4b967b620e7d,SAMMS-WestPlainesV5
202609012114519031,202609011903672470,202609011903672005,85,2261,Bronze INV,br_LabResult,TASK_COMPLETE,SUCCESS,INFO,1891,1891,0,,2026-09-01T19:04:17.664Z,2026-09-01T21:14:55.846Z,7838,2026-09-01T21:14:55.846Z,B29,Poplar Bluff,0e5f68b5-5669-4bb1-91ce-4b967b620e7d,SAMMS-PoplarBluffV5
202609012114519032,202609011903672471,202609011903672005,85,2262,Bronze INV,br_LabResult,TASK_COMPLETE,SUCCESS,INFO,1518,1518,0,,2026-09-01T19:04:17.664Z,2026-09-01T21:14:55.846Z,7838,2026-09-01T21:14:55.846Z,B30,KC North,0e5f68b5-5669-4bb1-91ce-4b967b620e7d,SAMMS-KCNv5
202609012114519033,202609011903672472,202609011903672005,85,2263,Bronze INV,br_LabResult,TASK_COMPLETE,SUCCESS,INFO,5383,5383,0,,2026-09-01T19:04:17.664Z,2026-09-01T21:14:55.846Z,7838,2026-09-01T21:14:55.846Z,B31,Dyersburg,0e5f68b5-5669-4bb1-91ce-4b967b620e7d,SAMMS-DyersburgV5
202609012114519034,202609011903672473,202609011903672005,85,2265,Bronze INV,br_LabResult,TASK_COMPLETE,SUCCESS,INFO,4150,4150,0,,2026-09-01T19:04:17.664Z,2026-09-01T21:14:55.846Z,7838,2026-09-01T21:14:55.846Z,B33,Paducah,0e5f68b5-5669-4bb1-91ce-4b967b620e7d,SAMMS-Paducah
202609012114519035,202609011903672474,202609011903672005,85,2266,Bronze INV,br_LabResult,TASK_COMPLETE,SUCCESS,INFO,2294,2294,0,,2026-09-01T19:04:17.664Z,2026-09-01T21:14:55.846Z,7838,2026-09-01T21:14:55.846Z,B34,Corbin,0e5f68b5-5669-4bb1-91ce-4b967b620e7d,SAMMS-CorbinV5
202609012114519036,202609011903672475,202609011903672005,85,2267,Bronze INV,br_LabResult,TASK_COMPLETE,SUCCESS,INFO,11732,11732,0,,2026-09-01T19:04:17.664Z,2026-09-01T21:14:55.846Z,7838,2026-09-01T21:14:55.846Z,B35,Lexington,0e5f68b5-5669-4bb1-91ce-4b967b620e7d,SAMMS-LexingtonV5
202609012114519037,202609011903672476,202609011903672005,85,2268,Bronze INV,br_LabResult,TASK_COMPLETE,SUCCESS,INFO,2396,2396,0,,2026-09-01T19:04:17.664Z,2026-09-01T21:14:55.846Z,7838,2026-09-01T21:14:55.846Z,B35A,Berea,0e5f68b5-5669-4bb1-91ce-4b967b620e7d,SAMMS-BereaV5
202609012114519039,202609011903672477,202609011903672005,85,2269,Bronze INV,br_LabResult,TASK_COMPLETE,SUCCESS,INFO,1174,1174,0,,2026-09-01T19:04:17.664Z,2026-09-01T21:14:55.846Z,7838,2026-09-01T21:14:55.846Z,B36,Asheville,0e5f68b5-5669-4bb1-91ce-4b967b620e7d,SAMMS-AshevilleV5
202609012114519040,202609011903672478,202609011903672005,85,2270,Bronze INV,br_LabResult,TASK_COMPLETE,SUCCESS,INFO,1697,1697,0,,2026-09-01T19:04:17.664Z,2026-09-01T21:14:55.846Z,7838,2026-09-01T21:14:55.846Z,B37,Clyde,0e5f68b5-5669-4bb1-91ce-4b967b620e7d,SAMMS-ClydeV5
202609012114519041,202609011903672479,202609011903672005,85,2271,Bronze INV,br_LabResult,TASK_COMPLETE,SUCCESS,INFO,5941,5941,0,,2026-09-01T19:04:17.664Z,2026-09-01T21:14:55.846Z,7838,2026-09-01T21:14:55.846Z,B38,Spartanburg,0e5f68b5-5669-4bb1-91ce-4b967b620e7d,SAMMS-SpartanburgV5
202609012114519042,202609011903672480,202609011903672005,85,2272,Bronze INV,br_LabResult,TASK_COMPLETE,SUCCESS,INFO,1795,1795,0,,2026-09-01T19:04:17.664Z,2026-09-01T21:14:55.846Z,7838,2026-09-01T21:14:55.846Z,B39,Aiken,0e5f68b5-5669-4bb1-91ce-4b967b620e7d,SAMMS-AikenV5
202609012114519043,202609011903672481,202609011903672005,85,2273,Bronze INV,br_LabResult,TASK_COMPLETE,SUCCESS,INFO,4052,4052,0,,2026-09-01T19:04:17.664Z,2026-09-01T21:14:55.846Z,7838,2026-09-01T21:14:55.846Z,B41,Chesapeake,0e5f68b5-5669-4bb1-91ce-4b967b620e7d,SAMMS-ChesapeakeV5
202609012114519044,202609011903672482,202609011903672005,85,2274,Bronze INV,br_LabResult,TASK_COMPLETE,SUCCESS,INFO,14380,14380,0,,2026-09-01T19:04:17.664Z,2026-09-01T21:14:55.846Z,7838,2026-09-01T21:14:55.846Z,B42,Virginia Beach,0e5f68b5-5669-4bb1-91ce-4b967b620e7d,SAMMS-VirginiaBeachV5
202609012114519045,202609011903672483,202609011903672005,85,2275,Bronze INV,br_LabResult,TASK_COMPLETE,SUCCESS,INFO,1422,1422,0,,2026-09-01T19:04:17.664Z,2026-09-01T21:14:55.846Z,7838,2026-09-01T21:14:55.846Z,B42A,Newport News,0e5f68b5-5669-4bb1-91ce-4b967b620e7d,SAMMS-NewportNewsV5
202609012114519047,202609011903672484,202609011903672005,85,2276,Bronze INV,br_LabResult,TASK_COMPLETE,SUCCESS,INFO,752,752,0,,2026-09-01T19:04:17.664Z,2026-09-01T21:14:55.846Z,7838,2026-09-01T21:14:55.846Z,B42B,Franklin,0e5f68b5-5669-4bb1-91ce-4b967b620e7d,SAMMS-FranklinV5
202609012114519048,202609011903672485,202609011903672005,85,2277,Bronze INV,br_LabResult,TASK_COMPLETE,SUCCESS,INFO,1483,1483,0,,2026-09-01T19:04:17.664Z,2026-09-01T21:14:55.846Z,7838,2026-09-01T21:14:55.846Z,B42C,Glen Allen,0e5f68b5-5669-4bb1-91ce-4b967b620e7d,SAMMS-GlenAllenV5
202609012114519049,202609011903672486,202609011903672005,85,2278,Bronze INV,br_LabResult,TASK_COMPLETE,SUCCESS,INFO,1333,1333,0,,2026-09-01T19:04:17.664Z,2026-09-01T21:14:55.846Z,7838,2026-09-01T21:14:55.846Z,B42D,Chesapeake South,0e5f68b5-5669-4bb1-91ce-4b967b620e7d,SAMMS-ChesapeakeSouthV5
202609012114519050,202609011903672487,202609011903672005,85,2279,Bronze INV,br_LabResult,TASK_COMPLETE,SUCCESS,INFO,2942,2942,0,,2026-09-01T19:04:17.664Z,2026-09-01T21:14:55.846Z,7838,2026-09-01T21:14:55.846Z,B44,Albany,0e5f68b5-5669-4bb1-91ce-4b967b620e7d,SAMMS-AlbanyV5
202609012114519051,202609011903672488,202609011903672005,85,2280,Bronze INV,br_LabResult,TASK_COMPLETE,SUCCESS,INFO,2428,2428,0,,2026-09-01T19:04:17.664Z,2026-09-01T21:14:55.846Z,7838,2026-09-01T21:14:55.846Z,B45,Tifton,0e5f68b5-5669-4bb1-91ce-4b967b620e7d,SAMMS-TiftonV5
202609012114519052,202609011903672489,202609011903672005,85,2281,Bronze INV,br_LabResult,TASK_COMPLETE,SUCCESS,INFO,628,628,0,,2026-09-01T19:04:17.664Z,2026-09-01T21:14:55.846Z,7838,2026-09-01T21:14:55.846Z,B46,Washington DC,0e5f68b5-5669-4bb1-91ce-4b967b620e7d,SAMMS-WashingtonDCv5
202609012114519053,202609011903672490,202609011903672005,85,2282,Bronze INV,br_LabResult,TASK_COMPLETE,SUCCESS,INFO,334,334,0,,2026-09-01T19:04:17.664Z,2026-09-01T21:14:55.846Z,7838,2026-09-01T21:14:55.846Z,B47,Mobile,0e5f68b5-5669-4bb1-91ce-4b967b620e7d,SAMMS-MobileV5
202609012114519054,202609011903672491,202609011903672005,85,2283,Bronze INV,br_LabResult,TASK_COMPLETE,SUCCESS,INFO,3374,3374,0,,2026-09-01T19:04:17.664Z,2026-09-01T21:14:55.846Z,7838,2026-09-01T21:14:55.846Z,B48,Tuscaloosa,0e5f68b5-5669-4bb1-91ce-4b967b620e7d,SAMMS-TuscaloosaV5
202609012114519056,202609011903672492,202609011903672005,85,2292,Bronze INV,br_LabResult,TASK_COMPLETE,SUCCESS,INFO,5,5,0,,2026-09-01T19:04:17.664Z,2026-09-01T21:14:55.846Z,7838,2026-09-01T21:14:55.846Z,B51,N. Little Rock (OTP),0e5f68b5-5669-4bb1-91ce-4b967b620e7d,SAMMS-NorthLittleRockV6
202609012114519057,202609011903672493,202609011903672005,85,2293,Bronze INV,br_LabResult,TASK_COMPLETE,SUCCESS,INFO,258,258,0,,2026-09-01T19:04:17.664Z,2026-09-01T21:14:55.846Z,7838,2026-09-01T21:14:55.846Z,B52,Jackson GA,0e5f68b5-5669-4bb1-91ce-4b967b620e7d,SAMMS-JacksonGAV5
202609012114519058,202609011903672494,202609011903672005,85,2294,Bronze INV,br_LabResult,TASK_COMPLETE,SUCCESS,INFO,2660,2660,0,,2026-09-01T19:04:17.664Z,2026-09-01T21:14:55.846Z,7838,2026-09-01T21:14:55.846Z,B54,Gadsden,0e5f68b5-5669-4bb1-91ce-4b967b620e7d,SAMMS-GadsdenV5
202609012114519059,202609011903672495,202609011903672005,85,2295,Bronze INV,br_LabResult,TASK_COMPLETE,SUCCESS,INFO,491,491,0,,2026-09-01T19:04:17.664Z,2026-09-01T21:14:55.846Z,7838,2026-09-01T21:14:55.846Z,B55,Shoals,0e5f68b5-5669-4bb1-91ce-4b967b620e7d,SAMMS-ShoalsV5
202609012114519060,202609011903672496,202609011903672005,85,2296,Bronze INV,br_LabResult,TASK_COMPLETE,SUCCESS,INFO,3,3,0,,2026-09-01T19:04:17.664Z,2026-09-01T21:14:55.846Z,7838,2026-09-01T21:14:55.846Z,B57,Pawtucket,0e5f68b5-5669-4bb1-91ce-4b967b620e7d,SAMMS-Pawtucket
202609012114519061,202609011903672497,202609011903672005,85,2297,Bronze INV,br_LabResult,TASK_COMPLETE,SUCCESS,INFO,6,6,0,,2026-09-01T19:04:17.664Z,2026-09-01T21:14:55.846Z,7838,2026-09-01T21:14:55.846Z,B57A,Johnston,0e5f68b5-5669-4bb1-91ce-4b967b620e7d,SAMMS-Johnston
202609012114519062,202609011903672498,202609011903672005,85,2298,Bronze INV,br_LabResult,TASK_COMPLETE,SUCCESS,INFO,9,9,0,,2026-09-01T19:04:17.664Z,2026-09-01T21:14:55.846Z,7838,2026-09-01T21:14:55.846Z,B57B,Middletown,0e5f68b5-5669-4bb1-91ce-4b967b620e7d,SAMMS-Middletown
202609012114519063,202609011903672499,202609011903672005,85,2299,Bronze INV,br_LabResult,TASK_COMPLETE,SUCCESS,INFO,2,2,0,,2026-09-01T19:04:17.664Z,2026-09-01T21:14:55.846Z,7838,2026-09-01T21:14:55.846Z,B57C,Providence,0e5f68b5-5669-4bb1-91ce-4b967b620e7d,SAMMS-Providence
202609012114519065,202609011903672500,202609011903672005,85,2300,Bronze INV,br_LabResult,TASK_COMPLETE,SUCCESS,INFO,3,3,0,,2026-09-01T19:04:17.664Z,2026-09-01T21:14:55.846Z,7838,2026-09-01T21:14:55.846Z,B57D,Westerly,0e5f68b5-5669-4bb1-91ce-4b967b620e7d,SAMMS-Westerly
202609012114519066,202609011903672501,202609011903672005,85,2304,Bronze INV,br_LabResult,TASK_COMPLETE,SUCCESS,INFO,2,2,0,,2026-09-01T19:04:17.664Z,2026-09-01T21:14:55.846Z,7838,2026-09-01T21:14:55.846Z,B66A,Bremen,0e5f68b5-5669-4bb1-91ce-4b967b620e7d,SAMMS-Bremen
202609012114519067,202609011903672502,202609011903672005,85,2307,Bronze INV,br_LabResult,TASK_COMPLETE,SUCCESS,INFO,3,3,0,,2026-09-01T19:04:17.664Z,2026-09-01T21:14:55.846Z,7838,2026-09-01T21:14:55.846Z,B72,Mobile (OBOT),0e5f68b5-5669-4bb1-91ce-4b967b620e7d,SAMMS-Mobile-OBOT
202609012114519068,202609011903672503,202609011903672005,85,2308,Bronze INV,br_LabResult,TASK_COMPLETE,SUCCESS,INFO,1,1,0,,2026-09-01T19:04:17.664Z,2026-09-01T21:14:55.846Z,7838,2026-09-01T21:14:55.846Z,B73,Montgomery,0e5f68b5-5669-4bb1-91ce-4b967b620e7d,SAMMS-Montgomery
202609012114519069,202609011903672504,202609011903672005,85,2309,Bronze INV,br_LabResult,TASK_COMPLETE,SUCCESS,INFO,511,511,0,,2026-09-01T19:04:17.664Z,2026-09-01T21:14:55.846Z,7838,2026-09-01T21:14:55.846Z,B75,Lawrence,0e5f68b5-5669-4bb1-91ce-4b967b620e7d,SAMMS-LawrenceV6
202609012114519070,202609011903672505,202609011903672005,85,2310,Bronze INV,br_LabResult,TASK_COMPLETE,SUCCESS,INFO,1,1,0,,2026-09-01T19:04:17.664Z,2026-09-01T21:14:55.846Z,7838,2026-09-01T21:14:55.846Z,B76,Huntsville OBOT,0e5f68b5-5669-4bb1-91ce-4b967b620e7d,SAMMS-Huntsville-OBOT
202609012114519071,202609011903672506,202609011903672005,85,2311,Bronze INV,br_LabResult,TASK_COMPLETE,SUCCESS,INFO,4,4,0,,2026-09-01T19:04:17.664Z,2026-09-01T21:14:55.846Z,7838,2026-09-01T21:14:55.846Z,BAT,Batesville,0e5f68b5-5669-4bb1-91ce-4b967b620e7d,SAMMS-Batesville
202609012114519072,202609011903672507,202609011903672005,85,2312,Bronze INV,br_LabResult,TASK_COMPLETE,SUCCESS,INFO,2692,2692,0,,2026-09-01T19:04:17.664Z,2026-09-01T21:14:55.846Z,7838,2026-09-01T21:14:55.846Z,BG,Bowling Green,0e5f68b5-5669-4bb1-91ce-4b967b620e7d,SAMMS-BowlingGreen
202609012114519074,202609011903672508,202609011903672005,85,2313,Bronze INV,br_LabResult,TASK_COMPLETE,SUCCESS,INFO,191,191,0,,2026-09-01T19:04:17.664Z,2026-09-01T21:14:55.846Z,7838,2026-09-01T21:14:55.846Z,BOI,Boise,0e5f68b5-5669-4bb1-91ce-4b967b620e7d,SAMMS-Boise
202609012114519075,202609011903672509,202609011903672005,85,2320,Bronze INV,br_LabResult,TASK_COMPLETE,SUCCESS,INFO,234,234,0,,2026-09-01T19:04:17.664Z,2026-09-01T21:14:55.846Z,7838,2026-09-01T21:14:55.846Z,CBCO,Coeur dAlene,0e5f68b5-5669-4bb1-91ce-4b967b620e7d,SAMMS-CoeurdAleneV6
202609012114519076,202609011903672510,202609011903672005,85,2339,Bronze INV,br_LabResult,TASK_COMPLETE,SUCCESS,INFO,1,1,0,,2026-09-01T19:04:17.664Z,2026-09-01T21:14:55.846Z,7838,2026-09-01T21:14:55.846Z,CON,Conway,0e5f68b5-5669-4bb1-91ce-4b967b620e7d,SAMMS-Conway
202609012114519077,202609011903672511,202609011903672005,85,2340,Bronze INV,br_LabResult,TASK_COMPLETE,SUCCESS,INFO,11,11,0,,2026-09-01T19:04:17.664Z,2026-09-01T21:14:55.846Z,7838,2026-09-01T21:14:55.846Z,D07,Medical Services Knox TN,0e5f68b5-5669-4bb1-91ce-4b967b620e7d,SAMMS-KnoxvilleV6
202609012114519078,202609011903672512,202609011903672005,85,2341,Bronze INV,br_LabResult,TASK_COMPLETE,SUCCESS,INFO,996,996,0,,2026-09-01T19:04:17.664Z,2026-09-01T21:14:55.846Z,7838,2026-09-01T21:14:55.846Z,D08,Madison,0e5f68b5-5669-4bb1-91ce-4b967b620e7d,SAMMS-MadisonV6
202609012114519079,202609011903672513,202609011903672005,85,2343,Bronze INV,br_LabResult,TASK_COMPLETE,SUCCESS,INFO,708,708,0,,2026-09-01T19:04:17.664Z,2026-09-01T21:14:55.846Z,7838,2026-09-01T21:14:55.846Z,D09,Murfreesboro,0e5f68b5-5669-4bb1-91ce-4b967b620e7d,SAMMS-MurfreesboroV6
202609012114519080,202609011903672514,202609011903672005,85,2344,Bronze INV,br_LabResult,TASK_COMPLETE,SUCCESS,INFO,5,5,0,,2026-09-01T19:04:17.664Z,2026-09-01T21:14:55.846Z,7838,2026-09-01T21:14:55.846Z,DA,Davenport,0e5f68b5-5669-4bb1-91ce-4b967b620e7d,SAMMS-Davenport
202609012114519082,202609011903672515,202609011903672005,85,2345,Bronze INV,br_LabResult,TASK_COMPLETE,SUCCESS,INFO,2652,2652,0,,2026-09-01T19:04:17.664Z,2026-09-01T21:14:55.846Z,7838,2026-09-01T21:14:55.846Z,DM,Des Moines,0e5f68b5-5669-4bb1-91ce-4b967b620e7d,SAMMS-DesMoines
202609012114519083,202609011903672516,202609011903672005,85,2347,Bronze INV,br_LabResult,TASK_COMPLETE,SUCCESS,INFO,3024,3024,0,,2026-09-01T19:04:17.664Z,2026-09-01T21:14:55.846Z,7838,2026-09-01T21:14:55.846Z,DRD-CO,Columbia MO,0e5f68b5-5669-4bb1-91ce-4b967b620e7d,SAMMS-ColumbiaV5
202609012114519084,202609011903672517,202609011903672005,85,2348,Bronze INV,br_LabResult,TASK_COMPLETE,SUCCESS,INFO,3302,3302,0,,2026-09-01T19:04:17.664Z,2026-09-01T21:14:55.846Z,7838,2026-09-01T21:14:55.846Z,DRD-KC,KC,0e5f68b5-5669-4bb1-91ce-4b967b620e7d,SAMMS-KCv5
202609012114519085,202609011903672518,202609011903672005,85,2349,Bronze INV,br_LabResult,TASK_COMPLETE,SUCCESS,INFO,19459,19459,0,,2026-09-01T19:04:17.664Z,2026-09-01T21:14:55.846Z,7838,2026-09-01T21:14:55.846Z,DRD-KVB,KVB,0e5f68b5-5669-4bb1-91ce-4b967b620e7d,SAMMS-KVBv5
202609012114519086,202609011903672519,202609011903672005,85,2350,Bronze INV,br_LabResult,TASK_COMPLETE,SUCCESS,INFO,23717,23717,0,,2026-09-01T19:04:17.664Z,2026-09-01T21:14:55.846Z,7838,2026-09-01T21:14:55.846Z,DRD-KVC,KVC,0e5f68b5-5669-4bb1-91ce-4b967b620e7d,SAMMS-KVCv5
202609012114519087,202609011903672520,202609011903672005,85,2351,Bronze INV,br_LabResult,TASK_COMPLETE,SUCCESS,INFO,6445,6445,0,,2026-09-01T19:04:17.664Z,2026-09-01T21:14:55.846Z,7838,2026-09-01T21:14:55.846Z,DRD-NOLA,NOLA,0e5f68b5-5669-4bb1-91ce-4b967b620e7d,SAMMS-NOLAv5
202609012114519088,202609011903672521,202609011903672005,85,2352,Bronze INV,br_LabResult,TASK_COMPLETE,SUCCESS,INFO,5707,5707,0,,2026-09-01T19:04:17.664Z,2026-09-01T21:14:55.846Z,7838,2026-09-01T21:14:55.846Z,DRD-SF,Springfield,0e5f68b5-5669-4bb1-91ce-4b967b620e7d,SAMMS-SFv5
202608312116372139,202608311905652667,202608311905652236,85,2947,Bronze INV,br_OrientationChecklistNew,TASK_COMPLETE,SUCCESS,INFO,26,26,0,,2026-08-31T19:06:18.658Z,2026-08-31T21:16:41.151Z,7823,2026-08-31T21:16:41.151Z,STVN,Stevenson,79f5b39e-d314-4ad3-8050-3ace553d67de,SAMMS-Stevenson
202608312116372140,202608311905652668,202608311905652236,85,2950,Bronze INV,br_OrientationChecklistNew,TASK_COMPLETE,SUCCESS,INFO,0,0,0,,2026-08-31T19:06:18.658Z,2026-08-31T21:16:41.151Z,7823,2026-08-31T21:16:41.151Z,TEX,Texarkana,79f5b39e-d314-4ad3-8050-3ace553d67de,SAMMS-Texarkana
202608312116372141,202608311905652669,202608311905652236,85,2951,Bronze INV,br_OrientationChecklistNew,TASK_COMPLETE,SUCCESS,INFO,101,101,0,,2026-08-31T19:06:18.658Z,2026-08-31T21:16:41.151Z,7823,2026-08-31T21:16:41.151Z,TTCA,Bessemer,79f5b39e-d314-4ad3-8050-3ace553d67de,SAMMS-BessemerV5
202608312116372143,202608311905652670,202608311905652236,85,2952,Bronze INV,br_OrientationChecklistNew,TASK_COMPLETE,SUCCESS,INFO,72,72,0,,2026-08-31T19:06:18.658Z,2026-08-31T21:16:41.151Z,7823,2026-08-31T21:16:41.151Z,TTCB,Cullman,79f5b39e-d314-4ad3-8050-3ace553d67de,SAMMS-CullmanV5
202608312116372144,202608311905652671,202608311905652236,85,2953,Bronze INV,br_OrientationChecklistNew,TASK_COMPLETE,SUCCESS,INFO,70,70,0,,2026-08-31T19:06:18.658Z,2026-08-31T21:16:41.151Z,7823,2026-08-31T21:16:41.151Z,TTCC,Grand Bay,79f5b39e-d314-4ad3-8050-3ace553d67de,SAMMS-GrandBay
202608312116372145,202608311905652672,202608311905652236,85,2956,Bronze INV,br_OrientationChecklistNew,TASK_COMPLETE,SUCCESS,INFO,103,103,0,,2026-08-31T19:06:18.658Z,2026-08-31T21:16:41.151Z,7823,2026-08-31T21:16:41.151Z,V1,Memphis South,79f5b39e-d314-4ad3-8050-3ace553d67de,SAMMS-VCPHCS-I-MemphisV5
202608312116372146,202608311905652673,202608311905652236,85,2957,Bronze INV,br_OrientationChecklistNew,TASK_COMPLETE,SUCCESS,INFO,121,121,0,,2026-08-31T19:06:18.658Z,2026-08-31T21:16:41.151Z,7823,2026-08-31T21:16:41.151Z,V10,Longmont,79f5b39e-d314-4ad3-8050-3ace553d67de,SAMMS-BoulderV5
202608312116372147,202608311905652674,202608311905652236,85,2958,Bronze INV,br_OrientationChecklistNew,TASK_COMPLETE,SUCCESS,INFO,222,222,0,,2026-08-31T19:06:18.658Z,2026-08-31T21:16:41.151Z,7823,2026-08-31T21:16:41.151Z,V10A,Fort Collins,79f5b39e-d314-4ad3-8050-3ace553d67de,SAMMS-FortCollinsV5
202608312116372148,202608311905652675,202608311905652236,85,2959,Bronze INV,br_OrientationChecklistNew,TASK_COMPLETE,SUCCESS,INFO,113,113,0,,2026-08-31T19:06:18.658Z,2026-08-31T21:16:41.151Z,7823,2026-08-31T21:16:41.151Z,V11,Westminster,79f5b39e-d314-4ad3-8050-3ace553d67de,SAMMS-VCPHCS-XI-NorthDenverV5
202608312116372149,202608311905652676,202608311905652236,85,2960,Bronze INV,br_OrientationChecklistNew,TASK_COMPLETE,SUCCESS,INFO,122,122,0,,2026-08-31T19:06:18.658Z,2026-08-31T21:16:41.151Z,7823,2026-08-31T21:16:41.151Z,V12,Downtown Denver,79f5b39e-d314-4ad3-8050-3ace553d67de,SAMMS-VCPHCS-XII-DowntownDenverV5
202608312116372151,202608311905652677,202608311905652236,85,2961,Bronze INV,br_OrientationChecklistNew,TASK_COMPLETE,SUCCESS,INFO,64,64,0,,2026-08-31T19:06:18.658Z,2026-08-31T21:16:41.151Z,7823,2026-08-31T21:16:41.151Z,V12A,Centennial,79f5b39e-d314-4ad3-8050-3ace553d67de,SAMMS-CentennialV5
202608312116372152,202608311905652678,202608311905652236,85,2962,Bronze INV,br_OrientationChecklistNew,TASK_COMPLETE,SUCCESS,INFO,113,113,0,,2026-08-31T19:06:18.658Z,2026-08-31T21:16:41.151Z,7823,2026-08-31T21:16:41.151Z,V14,Overland Park,79f5b39e-d314-4ad3-8050-3ace553d67de,SAMMS-VCPHCS-XIV-BridgewayV5
202608312116372153,202608311905652679,202608311905652236,85,2963,Bronze INV,br_OrientationChecklistNew,TASK_COMPLETE,SUCCESS,INFO,160,160,0,,2026-08-31T19:06:18.658Z,2026-08-31T21:16:41.151Z,7823,2026-08-31T21:16:41.151Z,V15,Joplin,79f5b39e-d314-4ad3-8050-3ace553d67de,SAMMS-JoplinV5
202608312116372154,202608311905652680,202608311905652236,85,2965,Bronze INV,br_OrientationChecklistNew,TASK_COMPLETE,SUCCESS,INFO,59,59,0,,2026-08-31T19:06:18.658Z,2026-08-31T21:16:41.151Z,7823,2026-08-31T21:16:41.151Z,V17,Columbia TN,79f5b39e-d314-4ad3-8050-3ace553d67de,SAMMS-ColumbiaTNv5
202608312116372155,202608311905652681,202608311905652236,85,2967,Bronze INV,br_OrientationChecklistNew,TASK_COMPLETE,SUCCESS,INFO,91,91,0,,2026-08-31T19:06:18.658Z,2026-08-31T21:16:41.151Z,7823,2026-08-31T21:16:41.151Z,V19,Jackson,79f5b39e-d314-4ad3-8050-3ace553d67de,SAMMS-JacksonV5
202608312116372156,202608311905652682,202608311905652236,85,2969,Bronze INV,br_OrientationChecklistNew,TASK_COMPLETE,SUCCESS,INFO,71,71,0,,2026-08-31T19:06:18.658Z,2026-08-31T21:16:41.151Z,7823,2026-08-31T21:16:41.151Z,V20,Paris,79f5b39e-d314-4ad3-8050-3ace553d67de,SAMMS-ParisV5
202608312116372158,202608311905652683,202608311905652236,85,2970,Bronze INV,br_OrientationChecklistNew,TASK_COMPLETE,SUCCESS,INFO,45,45,0,,2026-08-31T19:06:18.658Z,2026-08-31T21:16:41.151Z,7823,2026-08-31T21:16:41.151Z,V21,Memphis North,79f5b39e-d314-4ad3-8050-3ace553d67de,SAMMS-RaleighV5
202608312116372159,202608311905652684,202608311905652236,85,2973,Bronze INV,br_OrientationChecklistNew,TASK_COMPLETE,SUCCESS,INFO,155,155,0,,2026-08-31T19:06:18.658Z,2026-08-31T21:16:41.151Z,7823,2026-08-31T21:16:41.151Z,V5,West Bank,79f5b39e-d314-4ad3-8050-3ace553d67de,SAMMS-NONTCv5
202608312116372160,202608311905652685,202608311905652236,85,2975,Bronze INV,br_OrientationChecklistNew,TASK_COMPLETE,SUCCESS,INFO,64,64,0,,2026-08-31T19:06:18.658Z,2026-08-31T21:16:41.151Z,7823,2026-08-31T21:16:41.151Z,V5B,Houma,79f5b39e-d314-4ad3-8050-3ace553d67de,SAMMS-HoumaV6
202608312116372161,202608311905652686,202608311905652236,85,2976,Bronze INV,br_OrientationChecklistNew,TASK_COMPLETE,SUCCESS,INFO,197,197,0,,2026-08-31T19:06:18.658Z,2026-08-31T21:16:41.151Z,7823,2026-08-31T21:16:41.151Z,V6,Lake Charles,79f5b39e-d314-4ad3-8050-3ace553d67de,SAMMS-LCv5
202608312116372162,202608311905652687,202608311905652236,85,2978,Bronze INV,br_OrientationChecklistNew,TASK_COMPLETE,SUCCESS,INFO,130,130,0,,2026-08-31T19:06:18.658Z,2026-08-31T21:16:41.151Z,7823,2026-08-31T21:16:41.151Z,V8,Memphis Midtown,79f5b39e-d314-4ad3-8050-3ace553d67de,SAMMS-VCPHCS-VIII-MemphisV5
202608312116372163,202608311905652688,202608311905652236,85,2979,Bronze INV,br_OrientationChecklistNew,TASK_COMPLETE,SUCCESS,INFO,189,189,0,,2026-08-31T19:06:18.658Z,2026-08-31T21:16:41.151Z,7823,2026-08-31T21:16:41.151Z,V9,Nashville,79f5b39e-d314-4ad3-8050-3ace553d67de,SAMMS-NashvilleV5
202608312116372164,202608311905652689,202608311905652236,85,2980,Bronze INV,br_OrientationChecklistNew,TASK_COMPLETE,SUCCESS,INFO,151,151,0,,2026-08-31T19:06:18.658Z,2026-08-31T21:16:41.151Z,7823,2026-08-31T21:16:41.151Z,VBRA,Brainerd,79f5b39e-d314-4ad3-8050-3ace553d67de,SAMMS-BrainerdV6
202608312116372166,202608311905652690,202608311905652236,85,2981,Bronze INV,br_OrientationChecklistNew,TASK_COMPLETE,SUCCESS,INFO,168,168,0,,2026-08-31T19:06:18.658Z,2026-08-31T21:16:41.151Z,7823,2026-08-31T21:16:41.151Z,VBRP,Brooklyn Park,79f5b39e-d314-4ad3-8050-3ace553d67de,SAMMS-BrooklynParkV6
202608312116372167,202608311905652691,202608311905652236,85,2983,Bronze INV,br_OrientationChecklistNew,TASK_COMPLETE,SUCCESS,INFO,127,127,0,,2026-08-31T19:06:18.658Z,2026-08-31T21:16:41.151Z,7823,2026-08-31T21:16:41.151Z,VMIN,Minneapolis,79f5b39e-d314-4ad3-8050-3ace553d67de,SAMMS-MinneapolisV6
202608312116372168,202608311905652692,202608311905652236,85,2984,Bronze INV,br_OrientationChecklistNew,TASK_COMPLETE,SUCCESS,INFO,189,189,0,,2026-08-31T19:06:18.658Z,2026-08-31T21:16:41.151Z,7823,2026-08-31T21:16:41.151Z,VWBY,Woodbury,79f5b39e-d314-4ad3-8050-3ace553d67de,SAMMS-WoodburyV6
202608312116372169,202608311905652693,202608311905652236,85,2986,Bronze INV,br_OrientationChecklistNew,TASK_COMPLETE,SUCCESS,INFO,109,109,0,,2026-08-31T19:06:18.658Z,2026-08-31T21:16:41.151Z,7823,2026-08-31T21:16:41.151Z,WIL,Wilson,79f5b39e-d314-4ad3-8050-3ace553d67de,SAMMS-Wilson
202608312116372170,202608311905652694,202608311905652236,85,2254,Bronze INV,br_LabResult,TASK_COMPLETE,SUCCESS,INFO,1693,1693,0,,2026-08-31T19:06:18.658Z,2026-08-31T21:16:41.151Z,7823,2026-08-31T21:16:41.151Z,AHK,Ahoskie,79f5b39e-d314-4ad3-8050-3ace553d67de,SAMMS-Ahoskie
202608312116372171,202608311905652695,202608311905652236,85,2255,Bronze INV,br_LabResult,TASK_COMPLETE,SUCCESS,INFO,1260,1260,0,,2026-08-31T19:06:18.658Z,2026-08-31T21:16:41.151Z,7823,2026-08-31T21:16:41.151Z,B12B,Colorado Springs,79f5b39e-d314-4ad3-8050-3ace553d67de,SAMMS-ColoradoSpringsV5
202608312116372172,202608311905652696,202608311905652236,85,2256,Bronze INV,br_LabResult,TASK_COMPLETE,SUCCESS,INFO,1833,1833,0,,2026-08-31T19:06:18.658Z,2026-08-31T21:16:41.151Z,7823,2026-08-31T21:16:41.151Z,B24,Paintsville,79f5b39e-d314-4ad3-8050-3ace553d67de,SAMMS-PaintsvilleV5
202608312116372174,202608311905652697,202608311905652236,85,2257,Bronze INV,br_LabResult,TASK_COMPLETE,SUCCESS,INFO,2286,2286,0,,2026-08-31T19:06:18.658Z,2026-08-31T21:16:41.151Z,7823,2026-08-31T21:16:41.151Z,B25,Pikeville,79f5b39e-d314-4ad3-8050-3ace553d67de,SAMMS-PikevilleV5
202608312116372175,202608311905652698,202608311905652236,85,2258,Bronze INV,br_LabResult,TASK_COMPLETE,SUCCESS,INFO,2745,2745,0,,2026-08-31T19:06:18.658Z,2026-08-31T21:16:41.151Z,7823,2026-08-31T21:16:41.151Z,B26,Hazard,79f5b39e-d314-4ad3-8050-3ace553d67de,SAMMS-HazardV5
202608312116372176,202608311905652699,202608311905652236,85,2259,Bronze INV,br_LabResult,TASK_COMPLETE,SUCCESS,INFO,3,3,0,,2026-08-31T19:06:18.658Z,2026-08-31T21:16:41.151Z,7823,2026-08-31T21:16:41.151Z,B27,Savannah,79f5b39e-d314-4ad3-8050-3ace553d67de,SAMMS-SavannahV6
202608312116372177,202608311905652700,202608311905652236,85,2260,Bronze INV,br_LabResult,TASK_COMPLETE,SUCCESS,INFO,1556,1556,0,,2026-08-31T19:06:18.658Z,2026-08-31T21:16:41.151Z,7823,2026-08-31T21:16:41.151Z,B28,West Plains,79f5b39e-d314-4ad3-8050-3ace553d67de,SAMMS-WestPlainesV5
202608312116372178,202608311905652701,202608311905652236,85,2261,Bronze INV,br_LabResult,TASK_COMPLETE,SUCCESS,INFO,1887,1887,0,,2026-08-31T19:06:18.658Z,2026-08-31T21:16:41.151Z,7823,2026-08-31T21:16:41.151Z,B29,Poplar Bluff,79f5b39e-d314-4ad3-8050-3ace553d67de,SAMMS-PoplarBluffV5
202608312116372179,202608311905652702,202608311905652236,85,2262,Bronze INV,br_LabResult,TASK_COMPLETE,SUCCESS,INFO,1517,1517,0,,2026-08-31T19:06:18.658Z,2026-08-31T21:16:41.151Z,7823,2026-08-31T21:16:41.151Z,B30,KC North,79f5b39e-d314-4ad3-8050-3ace553d67de,SAMMS-KCNv5
202608312116372181,202608311905652703,202608311905652236,85,2263,Bronze INV,br_LabResult,TASK_COMPLETE,SUCCESS,INFO,5383,5383,0,,2026-08-31T19:06:18.658Z,2026-08-31T21:16:41.151Z,7823,2026-08-31T21:16:41.151Z,B31,Dyersburg,79f5b39e-d314-4ad3-8050-3ace553d67de,SAMMS-DyersburgV5
202608312116372182,202608311905652704,202608311905652236,85,2265,Bronze INV,br_LabResult,TASK_COMPLETE,SUCCESS,INFO,4146,4146,0,,2026-08-31T19:06:18.658Z,2026-08-31T21:16:41.151Z,7823,2026-08-31T21:16:41.151Z,B33,Paducah,79f5b39e-d314-4ad3-8050-3ace553d67de,SAMMS-Paducah
202608312116372183,202608311905652705,202608311905652236,85,2266,Bronze INV,br_LabResult,TASK_COMPLETE,SUCCESS,INFO,2294,2294,0,,2026-08-31T19:06:18.658Z,2026-08-31T21:16:41.151Z,7823,2026-08-31T21:16:41.151Z,B34,Corbin,79f5b39e-d314-4ad3-8050-3ace553d67de,SAMMS-CorbinV5
202608312116372184,202608311905652706,202608311905652236,85,2267,Bronze INV,br_LabResult,TASK_COMPLETE,SUCCESS,INFO,11720,11720,0,,2026-08-31T19:06:18.658Z,2026-08-31T21:16:41.151Z,7823,2026-08-31T21:16:41.151Z,B35,Lexington,79f5b39e-d314-4ad3-8050-3ace553d67de,SAMMS-LexingtonV5
202608312116372185,202608311905652707,202608311905652236,85,2268,Bronze INV,br_LabResult,TASK_COMPLETE,SUCCESS,INFO,2396,2396,0,,2026-08-31T19:06:18.658Z,2026-08-31T21:16:41.151Z,7823,2026-08-31T21:16:41.151Z,B35A,Berea,79f5b39e-d314-4ad3-8050-3ace553d67de,SAMMS-BereaV5
202608312116372186,202608311905652708,202608311905652236,85,2269,Bronze INV,br_LabResult,TASK_COMPLETE,SUCCESS,INFO,1174,1174,0,,2026-08-31T19:06:18.658Z,2026-08-31T21:16:41.151Z,7823,2026-08-31T21:16:41.151Z,B36,Asheville,79f5b39e-d314-4ad3-8050-3ace553d67de,SAMMS-AshevilleV5
202608312116372187,202608311905652709,202608311905652236,85,2270,Bronze INV,br_LabResult,TASK_COMPLETE,SUCCESS,INFO,1697,1697,0,,2026-08-31T19:06:18.658Z,2026-08-31T21:16:41.151Z,7823,2026-08-31T21:16:41.151Z,B37,Clyde,79f5b39e-d314-4ad3-8050-3ace553d67de,SAMMS-ClydeV5
202608312116372189,202608311905652710,202608311905652236,85,2271,Bronze INV,br_LabResult,TASK_COMPLETE,SUCCESS,INFO,5940,5940,0,,2026-08-31T19:06:18.658Z,2026-08-31T21:16:41.151Z,7823,2026-08-31T21:16:41.151Z,B38,Spartanburg,79f5b39e-d314-4ad3-8050-3ace553d67de,SAMMS-SpartanburgV5
202608312116372190,202608311905652711,202608311905652236,85,2272,Bronze INV,br_LabResult,TASK_COMPLETE,SUCCESS,INFO,1795,1795,0,,2026-08-31T19:06:18.658Z,2026-08-31T21:16:41.151Z,7823,2026-08-31T21:16:41.151Z,B39,Aiken,79f5b39e-d314-4ad3-8050-3ace553d67de,SAMMS-AikenV5
202608312116372191,202608311905652712,202608311905652236,85,2273,Bronze INV,br_LabResult,TASK_COMPLETE,SUCCESS,INFO,4050,4050,0,,2026-08-31T19:06:18.658Z,2026-08-31T21:16:41.151Z,7823,2026-08-31T21:16:41.151Z,B41,Chesapeake,79f5b39e-d314-4ad3-8050-3ace553d67de,SAMMS-ChesapeakeV5
202608312116372192,202608311905652713,202608311905652236,85,2274,Bronze INV,br_LabResult,TASK_COMPLETE,SUCCESS,INFO,14379,14379,0,,2026-08-31T19:06:18.658Z,2026-08-31T21:16:41.151Z,7823,2026-08-31T21:16:41.151Z,B42,Virginia Beach,79f5b39e-d314-4ad3-8050-3ace553d67de,SAMMS-VirginiaBeachV5
202608312116372193,202608311905652714,202608311905652236,85,2275,Bronze INV,br_LabResult,TASK_COMPLETE,SUCCESS,INFO,1422,1422,0,,2026-08-31T19:06:18.658Z,2026-08-31T21:16:41.151Z,7823,2026-08-31T21:16:41.151Z,B42A,Newport News,79f5b39e-d314-4ad3-8050-3ace553d67de,SAMMS-NewportNewsV5
202608312116372194,202608311905652715,202608311905652236,85,2276,Bronze INV,br_LabResult,TASK_COMPLETE,SUCCESS,INFO,752,752,0,,2026-08-31T19:06:18.658Z,2026-08-31T21:16:41.151Z,7823,2026-08-31T21:16:41.151Z,B42B,Franklin,79f5b39e-d314-4ad3-8050-3ace553d67de,SAMMS-FranklinV5
202608312116372195,202608311905652716,202608311905652236,85,2277,Bronze INV,br_LabResult,TASK_COMPLETE,SUCCESS,INFO,1482,1482,0,,2026-08-31T19:06:18.658Z,2026-08-31T21:16:41.151Z,7823,2026-08-31T21:16:41.151Z,B42C,Glen Allen,79f5b39e-d314-4ad3-8050-3ace553d67de,SAMMS-GlenAllenV5
202608312116372197,202608311905652717,202608311905652236,85,2278,Bronze INV,br_LabResult,TASK_COMPLETE,SUCCESS,INFO,1330,1330,0,,2026-08-31T19:06:18.658Z,2026-08-31T21:16:41.151Z,7823,2026-08-31T21:16:41.151Z,B42D,Chesapeake South,79f5b39e-d314-4ad3-8050-3ace553d67de,SAMMS-ChesapeakeSouthV5
202608312116372198,202608311905652718,202608311905652236,85,2279,Bronze INV,br_LabResult,TASK_COMPLETE,SUCCESS,INFO,2936,2936,0,,2026-08-31T19:06:18.658Z,2026-08-31T21:16:41.151Z,7823,2026-08-31T21:16:41.151Z,B44,Albany,79f5b39e-d314-4ad3-8050-3ace553d67de,SAMMS-AlbanyV5
202608312116372199,202608311905652719,202608311905652236,85,2280,Bronze INV,br_LabResult,TASK_COMPLETE,SUCCESS,INFO,2420,2420,0,,2026-08-31T19:06:18.658Z,2026-08-31T21:16:41.151Z,7823,2026-08-31T21:16:41.151Z,B45,Tifton,79f5b39e-d314-4ad3-8050-3ace553d67de,SAMMS-TiftonV5
202608312116372200,202608311905652720,202608311905652236,85,2281,Bronze INV,br_LabResult,TASK_COMPLETE,SUCCESS,INFO,626,626,0,,2026-08-31T19:06:18.658Z,2026-08-31T21:16:41.151Z,7823,2026-08-31T21:16:41.151Z,B46,Washington DC,79f5b39e-d314-4ad3-8050-3ace553d67de,SAMMS-WashingtonDCv5
202608312116372201,202608311905652721,202608311905652236,85,2282,Bronze INV,br_LabResult,TASK_COMPLETE,SUCCESS,INFO,334,334,0,,2026-08-31T19:06:18.658Z,2026-08-31T21:16:41.151Z,7823,2026-08-31T21:16:41.151Z,B47,Mobile,79f5b39e-d314-4ad3-8050-3ace553d67de,SAMMS-MobileV5
202608312116372202,202608311905652722,202608311905652236,85,2283,Bronze INV,br_LabResult,TASK_COMPLETE,SUCCESS,INFO,3372,3372,0,,2026-08-31T19:06:18.658Z,2026-08-31T21:16:41.151Z,7823,2026-08-31T21:16:41.151Z,B48,Tuscaloosa,79f5b39e-d314-4ad3-8050-3ace553d67de,SAMMS-TuscaloosaV5
202608312116372204,202608311905652723,202608311905652236,85,2292,Bronze INV,br_LabResult,TASK_COMPLETE,SUCCESS,INFO,5,5,0,,2026-08-31T19:06:18.658Z,2026-08-31T21:16:41.151Z,7823,2026-08-31T21:16:41.151Z,B51,N. Little Rock (OTP),79f5b39e-d314-4ad3-8050-3ace553d67de,SAMMS-NorthLittleRockV6
202608312116372205,202608311905652724,202608311905652236,85,2293,Bronze INV,br_LabResult,TASK_COMPLETE,SUCCESS,INFO,258,258,0,,2026-08-31T19:06:18.658Z,2026-08-31T21:16:41.151Z,7823,2026-08-31T21:16:41.151Z,B52,Jackson GA,79f5b39e-d314-4ad3-8050-3ace553d67de,SAMMS-JacksonGAV5
202608312116372206,202608311905652725,202608311905652236,85,2294,Bronze INV,br_LabResult,TASK_COMPLETE,SUCCESS,INFO,2660,2660,0,,2026-08-31T19:06:18.658Z,2026-08-31T21:16:41.151Z,7823,2026-08-31T21:16:41.151Z,B54,Gadsden,79f5b39e-d314-4ad3-8050-3ace553d67de,SAMMS-GadsdenV5
202608312116372207,202608311905652726,202608311905652236,85,2295,Bronze INV,br_LabResult,TASK_COMPLETE,SUCCESS,INFO,491,491,0,,2026-08-31T19:06:18.658Z,2026-08-31T21:16:41.151Z,7823,2026-08-31T21:16:41.151Z,B55,Shoals,79f5b39e-d314-4ad3-8050-3ace553d67de,SAMMS-ShoalsV5
202608312116372208,202608311905652727,202608311905652236,85,2296,Bronze INV,br_LabResult,TASK_COMPLETE,SUCCESS,INFO,3,3,0,,2026-08-31T19:06:18.658Z,2026-08-31T21:16:41.151Z,7823,2026-08-31T21:16:41.151Z,B57,Pawtucket,79f5b39e-d314-4ad3-8050-3ace553d67de,SAMMS-Pawtucket
202608312116372209,202608311905652728,202608311905652236,85,2297,Bronze INV,br_LabResult,TASK_COMPLETE,SUCCESS,INFO,6,6,0,,2026-08-31T19:06:18.658Z,2026-08-31T21:16:41.151Z,7823,2026-08-31T21:16:41.151Z,B57A,Johnston,79f5b39e-d314-4ad3-8050-3ace553d67de,SAMMS-Johnston
202608312116372210,202608311905652729,202608311905652236,85,2298,Bronze INV,br_LabResult,TASK_COMPLETE,SUCCESS,INFO,9,9,0,,2026-08-31T19:06:18.658Z,2026-08-31T21:16:41.151Z,7823,2026-08-31T21:16:41.151Z,B57B,Middletown,79f5b39e-d314-4ad3-8050-3ace553d67de,SAMMS-Middletown
202608312116372211,202608311905652730,202608311905652236,85,2299,Bronze INV,br_LabResult,TASK_COMPLETE,SUCCESS,INFO,2,2,0,,2026-08-31T19:06:18.658Z,2026-08-31T21:16:41.151Z,7823,2026-08-31T21:16:41.151Z,B57C,Providence,79f5b39e-d314-4ad3-8050-3ace553d67de,SAMMS-Providence
202608312116372212,202608311905652731,202608311905652236,85,2300,Bronze INV,br_LabResult,TASK_COMPLETE,SUCCESS,INFO,3,3,0,,2026-08-31T19:06:18.658Z,2026-08-31T21:16:41.151Z,7823,2026-08-31T21:16:41.151Z,B57D,Westerly,79f5b39e-d314-4ad3-8050-3ace553d67de,SAMMS-Westerly
202608312116372213,202608311905652732,202608311905652236,85,2304,Bronze INV,br_LabResult,TASK_COMPLETE,SUCCESS,INFO,2,2,0,,2026-08-31T19:06:18.658Z,2026-08-31T21:16:41.151Z,7823,2026-08-31T21:16:41.151Z,B66A,Bremen,79f5b39e-d314-4ad3-8050-3ace553d67de,SAMMS-Bremen
202608312116372214,202608311905652733,202608311905652236,85,2307,Bronze INV,br_LabResult,TASK_COMPLETE,SUCCESS,INFO,3,3,0,,2026-08-31T19:06:18.658Z,2026-08-31T21:16:41.151Z,7823,2026-08-31T21:16:41.151Z,B72,Mobile (OBOT),79f5b39e-d314-4ad3-8050-3ace553d67de,SAMMS-Mobile-OBOT
202608312116372216,202608311905652734,202608311905652236,85,2308,Bronze INV,br_LabResult,TASK_COMPLETE,SUCCESS,INFO,1,1,0,,2026-08-31T19:06:18.658Z,2026-08-31T21:16:41.151Z,7823,2026-08-31T21:16:41.151Z,B73,Montgomery,79f5b39e-d314-4ad3-8050-3ace553d67de,SAMMS-Montgomery
202608312116372217,202608311905652735,202608311905652236,85,2309,Bronze INV,br_LabResult,TASK_COMPLETE,SUCCESS,INFO,509,509,0,,2026-08-31T19:06:18.658Z,2026-08-31T21:16:41.151Z,7823,2026-08-31T21:16:41.151Z,B75,Lawrence,79f5b39e-d314-4ad3-8050-3ace553d67de,SAMMS-LawrenceV6
202608312116372218,202608311905652736,202608311905652236,85,2310,Bronze INV,br_LabResult,TASK_COMPLETE,SUCCESS,INFO,1,1,0,,2026-08-31T19:06:18.658Z,2026-08-31T21:16:41.151Z,7823,2026-08-31T21:16:41.151Z,B76,Huntsville OBOT,79f5b39e-d314-4ad3-8050-3ace553d67de,SAMMS-Huntsville-OBOT
202608312116372219,202608311905652737,202608311905652236,85,2311,Bronze INV,br_LabResult,TASK_COMPLETE,SUCCESS,INFO,4,4,0,,2026-08-31T19:06:18.658Z,2026-08-31T21:16:41.151Z,7823,2026-08-31T21:16:41.151Z,BAT,Batesville,79f5b39e-d314-4ad3-8050-3ace553d67de,SAMMS-Batesville
202608312116372220,202608311905652738,202608311905652236,85,2312,Bronze INV,br_LabResult,TASK_COMPLETE,SUCCESS,INFO,2692,2692,0,,2026-08-31T19:06:18.658Z,2026-08-31T21:16:41.151Z,7823,2026-08-31T21:16:41.151Z,BG,Bowling Green,79f5b39e-d314-4ad3-8050-3ace553d67de,SAMMS-BowlingGreen
202608312116372221,202608311905652739,202608311905652236,85,2313,Bronze INV,br_LabResult,TASK_COMPLETE,SUCCESS,INFO,191,191,0,,2026-08-31T19:06:18.658Z,2026-08-31T21:16:41.151Z,7823,2026-08-31T21:16:41.151Z,BOI,Boise,79f5b39e-d314-4ad3-8050-3ace553d67de,SAMMS-Boise
202608312116372222,202608311905652740,202608311905652236,85,2320,Bronze INV,br_LabResult,TASK_COMPLETE,SUCCESS,INFO,234,234,0,,2026-08-31T19:06:18.658Z,2026-08-31T21:16:41.151Z,7823,2026-08-31T21:16:41.151Z,CBCO,Coeur dAlene,79f5b39e-d314-4ad3-8050-3ace553d67de,SAMMS-CoeurdAleneV6
202608312116372223,202608311905652741,202608311905652236,85,2339,Bronze INV,br_LabResult,TASK_COMPLETE,SUCCESS,INFO,1,1,0,,2026-08-31T19:06:18.658Z,2026-08-31T21:16:41.151Z,7823,2026-08-31T21:16:41.151Z,CON,Conway,79f5b39e-d314-4ad3-8050-3ace553d67de,SAMMS-Conway
202608312116372224,202608311905652742,202608311905652236,85,2340,Bronze INV,br_LabResult,TASK_COMPLETE,SUCCESS,INFO,11,11,0,,2026-08-31T19:06:18.658Z,2026-08-31T21:16:41.151Z,7823,2026-08-31T21:16:41.151Z,D07,Medical Services Knox TN,79f5b39e-d314-4ad3-8050-3ace553d67de,SAMMS-KnoxvilleV6
202608312116372225,202608311905652743,202608311905652236,85,2341,Bronze INV,br_LabResult,TASK_COMPLETE,SUCCESS,INFO,996,996,0,,2026-08-31T19:06:18.658Z,2026-08-31T21:16:41.151Z,7823,2026-08-31T21:16:41.151Z,D08,Madison,79f5b39e-d314-4ad3-8050-3ace553d67de,SAMMS-MadisonV6
202608312116372226,202608311905652744,202608311905652236,85,2343,Bronze INV,br_LabResult,TASK_COMPLETE,SUCCESS,INFO,708,708,0,,2026-08-31T19:06:18.658Z,2026-08-31T21:16:41.151Z,7823,2026-08-31T21:16:41.151Z,D09,Murfreesboro,79f5b39e-d314-4ad3-8050-3ace553d67de,SAMMS-MurfreesboroV6
202608312116372227,202608311905652745,202608311905652236,85,2344,Bronze INV,br_LabResult,TASK_COMPLETE,SUCCESS,INFO,5,5,0,,2026-08-31T19:06:18.658Z,2026-08-31T21:16:41.151Z,7823,2026-08-31T21:16:41.151Z,DA,Davenport,79f5b39e-d314-4ad3-8050-3ace553d67de,SAMMS-Davenport
202608312116372229,202608311905652746,202608311905652236,85,2345,Bronze INV,br_LabResult,TASK_COMPLETE,SUCCESS,INFO,2652,2652,0,,2026-08-31T19:06:18.658Z,2026-08-31T21:16:41.151Z,7823,2026-08-31T21:16:41.151Z,DM,Des Moines,79f5b39e-d314-4ad3-8050-3ace553d67de,SAMMS-DesMoines
202608312116372230,202608311905652747,202608311905652236,85,2347,Bronze INV,br_LabResult,TASK_COMPLETE,SUCCESS,INFO,3024,3024,0,,2026-08-31T19:06:18.658Z,2026-08-31T21:16:41.151Z,7823,2026-08-31T21:16:41.151Z,DRD-CO,Columbia MO,79f5b39e-d314-4ad3-8050-3ace553d67de,SAMMS-ColumbiaV5
202608312116372231,202608311905652748,202608311905652236,85,2348,Bronze INV,br_LabResult,TASK_COMPLETE,SUCCESS,INFO,3302,3302,0,,2026-08-31T19:06:18.658Z,2026-08-31T21:16:41.151Z,7823,2026-08-31T21:16:41.151Z,DRD-KC,KC,79f5b39e-d314-4ad3-8050-3ace553d67de,SAMMS-KCv5
202608312116372232,202608311905652749,202608311905652236,85,2349,Bronze INV,br_LabResult,TASK_COMPLETE,SUCCESS,INFO,19442,19442,0,,2026-08-31T19:06:18.658Z,2026-08-31T21:16:41.151Z,7823,2026-08-31T21:16:41.151Z,DRD-KVB,KVB,79f5b39e-d314-4ad3-8050-3ace553d67de,SAMMS-KVBv5
202608312116372233,202608311905652750,202608311905652236,85,2350,Bronze INV,br_LabResult,TASK_COMPLETE,SUCCESS,INFO,23716,23716,0,,2026-08-31T19:06:18.658Z,2026-08-31T21:16:41.151Z,7823,2026-08-31T21:16:41.151Z,DRD-KVC,KVC,79f5b39e-d314-4ad3-8050-3ace553d67de,SAMMS-KVCv5
202608312116372234,202608311905652751,202608311905652236,85,2351,Bronze INV,br_LabResult,TASK_COMPLETE,SUCCESS,INFO,6445,6445,0,,2026-08-31T19:06:18.658Z,2026-08-31T21:16:41.151Z,7823,2026-08-31T21:16:41.151Z,DRD-NOLA,NOLA,79f5b39e-d314-4ad3-8050-3ace553d67de,SAMMS-NOLAv5
202608312116372235,202608311905652752,202608311905652236,85,2352,Bronze INV,br_LabResult,TASK_COMPLETE,SUCCESS,INFO,5700,5700,0,,2026-08-31T19:06:18.658Z,2026-08-31T21:16:41.151Z,7823,2026-08-31T21:16:41.151Z,DRD-SF,Springfield,79f5b39e-d314-4ad3-8050-3ace553d67de,SAMMS-SFv5
202609022122570874,202609021903206506,202609021903206075,85,2947,Bronze INV,br_OrientationChecklistNew,TASK_COMPLETE,SUCCESS,INFO,28,28,0,,2026-09-02T19:03:39.838Z,2026-09-02T21:23:00.812Z,8361,2026-09-02T21:23:00.812Z,STVN,Stevenson,c49685cc-3281-44bc-a1c2-3be5b1110999,SAMMS-Stevenson
202609022122570875,202609021903206507,202609021903206075,85,2950,Bronze INV,br_OrientationChecklistNew,TASK_COMPLETE,SUCCESS,INFO,0,0,0,,2026-09-02T19:03:39.838Z,2026-09-02T21:23:00.812Z,8361,2026-09-02T21:23:00.812Z,TEX,Texarkana,c49685cc-3281-44bc-a1c2-3be5b1110999,SAMMS-Texarkana
202609022122570876,202609021903206508,202609021903206075,85,2951,Bronze INV,br_OrientationChecklistNew,TASK_COMPLETE,SUCCESS,INFO,101,101,0,,2026-09-02T19:03:39.838Z,2026-09-02T21:23:00.812Z,8361,2026-09-02T21:23:00.812Z,TTCA,Bessemer,c49685cc-3281-44bc-a1c2-3be5b1110999,SAMMS-BessemerV5
202609022122570877,202609021903206509,202609021903206075,85,2952,Bronze INV,br_OrientationChecklistNew,TASK_COMPLETE,SUCCESS,INFO,71,71,0,,2026-09-02T19:03:39.838Z,2026-09-02T21:23:00.812Z,8361,2026-09-02T21:23:00.812Z,TTCB,Cullman,c49685cc-3281-44bc-a1c2-3be5b1110999,SAMMS-CullmanV5
202609022122570879,202609021903206510,202609021903206075,85,2953,Bronze INV,br_OrientationChecklistNew,TASK_COMPLETE,SUCCESS,INFO,71,71,0,,2026-09-02T19:03:39.838Z,2026-09-02T21:23:00.812Z,8361,2026-09-02T21:23:00.812Z,TTCC,Grand Bay,c49685cc-3281-44bc-a1c2-3be5b1110999,SAMMS-GrandBay
202609022122570880,202609021903206511,202609021903206075,85,2956,Bronze INV,br_OrientationChecklistNew,TASK_COMPLETE,SUCCESS,INFO,103,103,0,,2026-09-02T19:03:39.838Z,2026-09-02T21:23:00.812Z,8361,2026-09-02T21:23:00.812Z,V1,Memphis South,c49685cc-3281-44bc-a1c2-3be5b1110999,SAMMS-VCPHCS-I-MemphisV5
202609022122570881,202609021903206512,202609021903206075,85,2957,Bronze INV,br_OrientationChecklistNew,TASK_COMPLETE,SUCCESS,INFO,122,122,0,,2026-09-02T19:03:39.838Z,2026-09-02T21:23:00.812Z,8361,2026-09-02T21:23:00.812Z,V10,Longmont,c49685cc-3281-44bc-a1c2-3be5b1110999,SAMMS-BoulderV5
202609022122570882,202609021903206513,202609021903206075,85,2958,Bronze INV,br_OrientationChecklistNew,TASK_COMPLETE,SUCCESS,INFO,219,219,0,,2026-09-02T19:03:39.838Z,2026-09-02T21:23:00.812Z,8361,2026-09-02T21:23:00.812Z,V10A,Fort Collins,c49685cc-3281-44bc-a1c2-3be5b1110999,SAMMS-FortCollinsV5
202609022122570883,202609021903206514,202609021903206075,85,2959,Bronze INV,br_OrientationChecklistNew,TASK_COMPLETE,SUCCESS,INFO,113,113,0,,2026-09-02T19:03:39.838Z,2026-09-02T21:23:00.812Z,8361,2026-09-02T21:23:00.812Z,V11,Westminster,c49685cc-3281-44bc-a1c2-3be5b1110999,SAMMS-VCPHCS-XI-NorthDenverV5
202609022122570884,202609021903206515,202609021903206075,85,2960,Bronze INV,br_OrientationChecklistNew,TASK_COMPLETE,SUCCESS,INFO,123,123,0,,2026-09-02T19:03:39.838Z,2026-09-02T21:23:00.812Z,8361,2026-09-02T21:23:00.812Z,V12,Downtown Denver,c49685cc-3281-44bc-a1c2-3be5b1110999,SAMMS-VCPHCS-XII-DowntownDenverV5
202609022122570885,202609021903206516,202609021903206075,85,2961,Bronze INV,br_OrientationChecklistNew,TASK_COMPLETE,SUCCESS,INFO,63,63,0,,2026-09-02T19:03:39.838Z,2026-09-02T21:23:00.812Z,8361,2026-09-02T21:23:00.812Z,V12A,Centennial,c49685cc-3281-44bc-a1c2-3be5b1110999,SAMMS-CentennialV5
202609022122570886,202609021903206517,202609021903206075,85,2962,Bronze INV,br_OrientationChecklistNew,TASK_COMPLETE,SUCCESS,INFO,116,116,0,,2026-09-02T19:03:39.838Z,2026-09-02T21:23:00.812Z,8361,2026-09-02T21:23:00.812Z,V14,Overland Park,c49685cc-3281-44bc-a1c2-3be5b1110999,SAMMS-VCPHCS-XIV-BridgewayV5
202609022122570887,202609021903206518,202609021903206075,85,2963,Bronze INV,br_OrientationChecklistNew,TASK_COMPLETE,SUCCESS,INFO,161,161,0,,2026-09-02T19:03:39.838Z,2026-09-02T21:23:00.812Z,8361,2026-09-02T21:23:00.812Z,V15,Joplin,c49685cc-3281-44bc-a1c2-3be5b1110999,SAMMS-JoplinV5
202609022122570888,202609021903206519,202609021903206075,85,2965,Bronze INV,br_OrientationChecklistNew,TASK_COMPLETE,SUCCESS,INFO,59,59,0,,2026-09-02T19:03:39.838Z,2026-09-02T21:23:00.812Z,8361,2026-09-02T21:23:00.812Z,V17,Columbia TN,c49685cc-3281-44bc-a1c2-3be5b1110999,SAMMS-ColumbiaTNv5
202609022122570889,202609021903206520,202609021903206075,85,2967,Bronze INV,br_OrientationChecklistNew,TASK_COMPLETE,SUCCESS,INFO,93,93,0,,2026-09-02T19:03:39.838Z,2026-09-02T21:23:00.812Z,8361,2026-09-02T21:23:00.812Z,V19,Jackson,c49685cc-3281-44bc-a1c2-3be5b1110999,SAMMS-JacksonV5
202609022122570891,202609021903206521,202609021903206075,85,2969,Bronze INV,br_OrientationChecklistNew,TASK_COMPLETE,SUCCESS,INFO,71,71,0,,2026-09-02T19:03:39.838Z,2026-09-02T21:23:00.812Z,8361,2026-09-02T21:23:00.812Z,V20,Paris,c49685cc-3281-44bc-a1c2-3be5b1110999,SAMMS-ParisV5
202609022122570892,202609021903206522,202609021903206075,85,2970,Bronze INV,br_OrientationChecklistNew,TASK_COMPLETE,SUCCESS,INFO,45,45,0,,2026-09-02T19:03:39.838Z,2026-09-02T21:23:00.812Z,8361,2026-09-02T21:23:00.812Z,V21,Memphis North,c49685cc-3281-44bc-a1c2-3be5b1110999,SAMMS-RaleighV5
202609022122570893,202609021903206523,202609021903206075,85,2973,Bronze INV,br_OrientationChecklistNew,TASK_COMPLETE,SUCCESS,INFO,151,151,0,,2026-09-02T19:03:39.838Z,2026-09-02T21:23:00.812Z,8361,2026-09-02T21:23:00.812Z,V5,West Bank,c49685cc-3281-44bc-a1c2-3be5b1110999,SAMMS-NONTCv5
202609022122570894,202609021903206524,202609021903206075,85,2975,Bronze INV,br_OrientationChecklistNew,TASK_COMPLETE,SUCCESS,INFO,64,64,0,,2026-09-02T19:03:39.838Z,2026-09-02T21:23:00.812Z,8361,2026-09-02T21:23:00.812Z,V5B,Houma,c49685cc-3281-44bc-a1c2-3be5b1110999,SAMMS-HoumaV6
202609022122570895,202609021903206525,202609021903206075,85,2976,Bronze INV,br_OrientationChecklistNew,TASK_COMPLETE,SUCCESS,INFO,196,196,0,,2026-09-02T19:03:39.838Z,2026-09-02T21:23:00.812Z,8361,2026-09-02T21:23:00.812Z,V6,Lake Charles,c49685cc-3281-44bc-a1c2-3be5b1110999,SAMMS-LCv5
202609022122570896,202609021903206526,202609021903206075,85,2978,Bronze INV,br_OrientationChecklistNew,TASK_COMPLETE,SUCCESS,INFO,129,129,0,,2026-09-02T19:03:39.838Z,2026-09-02T21:23:00.812Z,8361,2026-09-02T21:23:00.812Z,V8,Memphis Midtown,c49685cc-3281-44bc-a1c2-3be5b1110999,SAMMS-VCPHCS-VIII-MemphisV5
202609022122570897,202609021903206527,202609021903206075,85,2979,Bronze INV,br_OrientationChecklistNew,TASK_COMPLETE,SUCCESS,INFO,192,192,0,,2026-09-02T19:03:39.838Z,2026-09-02T21:23:00.812Z,8361,2026-09-02T21:23:00.812Z,V9,Nashville,c49685cc-3281-44bc-a1c2-3be5b1110999,SAMMS-NashvilleV5
202609022122570898,202609021903206528,202609021903206075,85,2980,Bronze INV,br_OrientationChecklistNew,TASK_COMPLETE,SUCCESS,INFO,151,151,0,,2026-09-02T19:03:39.838Z,2026-09-02T21:23:00.812Z,8361,2026-09-02T21:23:00.812Z,VBRA,Brainerd,c49685cc-3281-44bc-a1c2-3be5b1110999,SAMMS-BrainerdV6
202609022122570899,202609021903206529,202609021903206075,85,2981,Bronze INV,br_OrientationChecklistNew,TASK_COMPLETE,SUCCESS,INFO,166,166,0,,2026-09-02T19:03:39.838Z,2026-09-02T21:23:00.812Z,8361,2026-09-02T21:23:00.812Z,VBRP,Brooklyn Park,c49685cc-3281-44bc-a1c2-3be5b1110999,SAMMS-BrooklynParkV6
202609022122570900,202609021903206530,202609021903206075,85,2983,Bronze INV,br_OrientationChecklistNew,TASK_COMPLETE,SUCCESS,INFO,130,130,0,,2026-09-02T19:03:39.838Z,2026-09-02T21:23:00.812Z,8361,2026-09-02T21:23:00.812Z,VMIN,Minneapolis,c49685cc-3281-44bc-a1c2-3be5b1110999,SAMMS-MinneapolisV6
202609022122570901,202609021903206531,202609021903206075,85,2984,Bronze INV,br_OrientationChecklistNew,TASK_COMPLETE,SUCCESS,INFO,188,188,0,,2026-09-02T19:03:39.838Z,2026-09-02T21:23:00.812Z,8361,2026-09-02T21:23:00.812Z,VWBY,Woodbury,c49685cc-3281-44bc-a1c2-3be5b1110999,SAMMS-WoodburyV6
202609022122570903,202609021903206532,202609021903206075,85,2986,Bronze INV,br_OrientationChecklistNew,TASK_COMPLETE,SUCCESS,INFO,109,109,0,,2026-09-02T19:03:39.838Z,2026-09-02T21:23:00.812Z,8361,2026-09-02T21:23:00.812Z,WIL,Wilson,c49685cc-3281-44bc-a1c2-3be5b1110999,SAMMS-Wilson
202609022122570904,202609021903206533,202609021903206075,85,2254,Bronze INV,br_LabResult,TASK_COMPLETE,SUCCESS,INFO,1693,1693,0,,2026-09-02T19:03:39.838Z,2026-09-02T21:23:00.812Z,8361,2026-09-02T21:23:00.812Z,AHK,Ahoskie,c49685cc-3281-44bc-a1c2-3be5b1110999,SAMMS-Ahoskie
202609022122570905,202609021903206534,202609021903206075,85,2255,Bronze INV,br_LabResult,TASK_COMPLETE,SUCCESS,INFO,1260,1260,0,,2026-09-02T19:03:39.838Z,2026-09-02T21:23:00.812Z,8361,2026-09-02T21:23:00.812Z,B12B,Colorado Springs,c49685cc-3281-44bc-a1c2-3be5b1110999,SAMMS-ColoradoSpringsV5
202609022122570906,202609021903206535,202609021903206075,85,2256,Bronze INV,br_LabResult,TASK_COMPLETE,SUCCESS,INFO,1833,1833,0,,2026-09-02T19:03:39.838Z,2026-09-02T21:23:00.812Z,8361,2026-09-02T21:23:00.812Z,B24,Paintsville,c49685cc-3281-44bc-a1c2-3be5b1110999,SAMMS-PaintsvilleV5
202609022122570907,202609021903206536,202609021903206075,85,2257,Bronze INV,br_LabResult,TASK_COMPLETE,SUCCESS,INFO,2288,2288,0,,2026-09-02T19:03:39.838Z,2026-09-02T21:23:00.812Z,8361,2026-09-02T21:23:00.812Z,B25,Pikeville,c49685cc-3281-44bc-a1c2-3be5b1110999,SAMMS-PikevilleV5
202609022122570908,202609021903206537,202609021903206075,85,2258,Bronze INV,br_LabResult,TASK_COMPLETE,SUCCESS,INFO,2747,2747,0,,2026-09-02T19:03:39.838Z,2026-09-02T21:23:00.812Z,8361,2026-09-02T21:23:00.812Z,B26,Hazard,c49685cc-3281-44bc-a1c2-3be5b1110999,SAMMS-HazardV5
202609022122570909,202609021903206538,202609021903206075,85,2259,Bronze INV,br_LabResult,TASK_COMPLETE,SUCCESS,INFO,3,3,0,,2026-09-02T19:03:39.838Z,2026-09-02T21:23:00.812Z,8361,2026-09-02T21:23:00.812Z,B27,Savannah,c49685cc-3281-44bc-a1c2-3be5b1110999,SAMMS-SavannahV6
202609022122570910,202609021903206539,202609021903206075,85,2260,Bronze INV,br_LabResult,TASK_COMPLETE,SUCCESS,INFO,1556,1556,0,,2026-09-02T19:03:39.838Z,2026-09-02T21:23:00.812Z,8361,2026-09-02T21:23:00.812Z,B28,West Plains,c49685cc-3281-44bc-a1c2-3be5b1110999,SAMMS-WestPlainesV5
202609022122570911,202609021903206540,202609021903206075,85,2261,Bronze INV,br_LabResult,TASK_COMPLETE,SUCCESS,INFO,1893,1893,0,,2026-09-02T19:03:39.838Z,2026-09-02T21:23:00.812Z,8361,2026-09-02T21:23:00.812Z,B29,Poplar Bluff,c49685cc-3281-44bc-a1c2-3be5b1110999,SAMMS-PoplarBluffV5
202609022122570912,202609021903206541,202609021903206075,85,2262,Bronze INV,br_LabResult,TASK_COMPLETE,SUCCESS,INFO,1518,1518,0,,2026-09-02T19:03:39.838Z,2026-09-02T21:23:00.812Z,8361,2026-09-02T21:23:00.812Z,B30,KC North,c49685cc-3281-44bc-a1c2-3be5b1110999,SAMMS-KCNv5
202609022122570914,202609021903206542,202609021903206075,85,2263,Bronze INV,br_LabResult,TASK_COMPLETE,SUCCESS,INFO,5384,5384,0,,2026-09-02T19:03:39.838Z,2026-09-02T21:23:00.812Z,8361,2026-09-02T21:23:00.812Z,B31,Dyersburg,c49685cc-3281-44bc-a1c2-3be5b1110999,SAMMS-DyersburgV5
202609022122570915,202609021903206543,202609021903206075,85,2265,Bronze INV,br_LabResult,TASK_COMPLETE,SUCCESS,INFO,4154,4154,0,,2026-09-02T19:03:39.838Z,2026-09-02T21:23:00.812Z,8361,2026-09-02T21:23:00.812Z,B33,Paducah,c49685cc-3281-44bc-a1c2-3be5b1110999,SAMMS-Paducah
202609022122570916,202609021903206544,202609021903206075,85,2266,Bronze INV,br_LabResult,TASK_COMPLETE,SUCCESS,INFO,2294,2294,0,,2026-09-02T19:03:39.838Z,2026-09-02T21:23:00.812Z,8361,2026-09-02T21:23:00.812Z,B34,Corbin,c49685cc-3281-44bc-a1c2-3be5b1110999,SAMMS-CorbinV5
202609022122570917,202609021903206545,202609021903206075,85,2267,Bronze INV,br_LabResult,TASK_COMPLETE,SUCCESS,INFO,11741,11741,0,,2026-09-02T19:03:39.838Z,2026-09-02T21:23:00.812Z,8361,2026-09-02T21:23:00.812Z,B35,Lexington,c49685cc-3281-44bc-a1c2-3be5b1110999,SAMMS-LexingtonV5
202609022122570918,202609021903206546,202609021903206075,85,2268,Bronze INV,br_LabResult,TASK_COMPLETE,SUCCESS,INFO,2396,2396,0,,2026-09-02T19:03:39.838Z,2026-09-02T21:23:00.812Z,8361,2026-09-02T21:23:00.812Z,B35A,Berea,c49685cc-3281-44bc-a1c2-3be5b1110999,SAMMS-BereaV5
202609022122570919,202609021903206547,202609021903206075,85,2269,Bronze INV,br_LabResult,TASK_COMPLETE,SUCCESS,INFO,1174,1174,0,,2026-09-02T19:03:39.838Z,2026-09-02T21:23:00.812Z,8361,2026-09-02T21:23:00.812Z,B36,Asheville,c49685cc-3281-44bc-a1c2-3be5b1110999,SAMMS-AshevilleV5
202609022122570920,202609021903206548,202609021903206075,85,2270,Bronze INV,br_LabResult,TASK_COMPLETE,SUCCESS,INFO,1697,1697,0,,2026-09-02T19:03:39.838Z,2026-09-02T21:23:00.812Z,8361,2026-09-02T21:23:00.812Z,B37,Clyde,c49685cc-3281-44bc-a1c2-3be5b1110999,SAMMS-ClydeV5
202609022122570921,202609021903206549,202609021903206075,85,2271,Bronze INV,br_LabResult,TASK_COMPLETE,SUCCESS,INFO,5941,5941,0,,2026-09-02T19:03:39.838Z,2026-09-02T21:23:00.812Z,8361,2026-09-02T21:23:00.812Z,B38,Spartanburg,c49685cc-3281-44bc-a1c2-3be5b1110999,SAMMS-SpartanburgV5
202609022122570923,202609021903206550,202609021903206075,85,2272,Bronze INV,br_LabResult,TASK_COMPLETE,SUCCESS,INFO,1795,1795,0,,2026-09-02T19:03:39.838Z,2026-09-02T21:23:00.812Z,8361,2026-09-02T21:23:00.812Z,B39,Aiken,c49685cc-3281-44bc-a1c2-3be5b1110999,SAMMS-AikenV5
202609022122570924,202609021903206551,202609021903206075,85,2273,Bronze INV,br_LabResult,TASK_COMPLETE,SUCCESS,INFO,4052,4052,0,,2026-09-02T19:03:39.838Z,2026-09-02T21:23:00.812Z,8361,2026-09-02T21:23:00.812Z,B41,Chesapeake,c49685cc-3281-44bc-a1c2-3be5b1110999,SAMMS-ChesapeakeV5
202609022122570925,202609021903206552,202609021903206075,85,2274,Bronze INV,br_LabResult,TASK_COMPLETE,SUCCESS,INFO,14383,14383,0,,2026-09-02T19:03:39.838Z,2026-09-02T21:23:00.812Z,8361,2026-09-02T21:23:00.812Z,B42,Virginia Beach,c49685cc-3281-44bc-a1c2-3be5b1110999,SAMMS-VirginiaBeachV5
202609022122570926,202609021903206553,202609021903206075,85,2275,Bronze INV,br_LabResult,TASK_COMPLETE,SUCCESS,INFO,1422,1422,0,,2026-09-02T19:03:39.838Z,2026-09-02T21:23:00.812Z,8361,2026-09-02T21:23:00.812Z,B42A,Newport News,c49685cc-3281-44bc-a1c2-3be5b1110999,SAMMS-NewportNewsV5
202609022122570927,202609021903206554,202609021903206075,85,2276,Bronze INV,br_LabResult,TASK_COMPLETE,SUCCESS,INFO,753,753,0,,2026-09-02T19:03:39.838Z,2026-09-02T21:23:00.812Z,8361,2026-09-02T21:23:00.812Z,B42B,Franklin,c49685cc-3281-44bc-a1c2-3be5b1110999,SAMMS-FranklinV5
202609022122570928,202609021903206555,202609021903206075,85,2277,Bronze INV,br_LabResult,TASK_COMPLETE,SUCCESS,INFO,1483,1483,0,,2026-09-02T19:03:39.838Z,2026-09-02T21:23:00.812Z,8361,2026-09-02T21:23:00.812Z,B42C,Glen Allen,c49685cc-3281-44bc-a1c2-3be5b1110999,SAMMS-GlenAllenV5
202609022122570929,202609021903206556,202609021903206075,85,2278,Bronze INV,br_LabResult,TASK_COMPLETE,SUCCESS,INFO,1333,1333,0,,2026-09-02T19:03:39.838Z,2026-09-02T21:23:00.812Z,8361,2026-09-02T21:23:00.812Z,B42D,Chesapeake South,c49685cc-3281-44bc-a1c2-3be5b1110999,SAMMS-ChesapeakeSouthV5
202609022122570930,202609021903206557,202609021903206075,85,2279,Bronze INV,br_LabResult,TASK_COMPLETE,SUCCESS,INFO,2944,2944,0,,2026-09-02T19:03:39.838Z,2026-09-02T21:23:00.812Z,8361,2026-09-02T21:23:00.812Z,B44,Albany,c49685cc-3281-44bc-a1c2-3be5b1110999,SAMMS-AlbanyV5
202609022122570932,202609021903206558,202609021903206075,85,2280,Bronze INV,br_LabResult,TASK_COMPLETE,SUCCESS,INFO,2433,2433,0,,2026-09-02T19:03:39.838Z,2026-09-02T21:23:00.812Z,8361,2026-09-02T21:23:00.812Z,B45,Tifton,c49685cc-3281-44bc-a1c2-3be5b1110999,SAMMS-TiftonV5
202609022122570933,202609021903206559,202609021903206075,85,2281,Bronze INV,br_LabResult,TASK_COMPLETE,SUCCESS,INFO,628,628,0,,2026-09-02T19:03:39.838Z,2026-09-02T21:23:00.812Z,8361,2026-09-02T21:23:00.812Z,B46,Washington DC,c49685cc-3281-44bc-a1c2-3be5b1110999,SAMMS-WashingtonDCv5
202609022122570934,202609021903206560,202609021903206075,85,2282,Bronze INV,br_LabResult,TASK_COMPLETE,SUCCESS,INFO,334,334,0,,2026-09-02T19:03:39.838Z,2026-09-02T21:23:00.812Z,8361,2026-09-02T21:23:00.812Z,B47,Mobile,c49685cc-3281-44bc-a1c2-3be5b1110999,SAMMS-MobileV5
202609022122570935,202609021903206561,202609021903206075,85,2283,Bronze INV,br_LabResult,TASK_COMPLETE,SUCCESS,INFO,3374,3374,0,,2026-09-02T19:03:39.838Z,2026-09-02T21:23:00.812Z,8361,2026-09-02T21:23:00.812Z,B48,Tuscaloosa,c49685cc-3281-44bc-a1c2-3be5b1110999,SAMMS-TuscaloosaV5
202609022122570936,202609021903206562,202609021903206075,85,2292,Bronze INV,br_LabResult,TASK_COMPLETE,SUCCESS,INFO,5,5,0,,2026-09-02T19:03:39.838Z,2026-09-02T21:23:00.812Z,8361,2026-09-02T21:23:00.812Z,B51,N. Little Rock (OTP),c49685cc-3281-44bc-a1c2-3be5b1110999,SAMMS-NorthLittleRockV6
202609022122570937,202609021903206563,202609021903206075,85,2293,Bronze INV,br_LabResult,TASK_COMPLETE,SUCCESS,INFO,258,258,0,,2026-09-02T19:03:39.838Z,2026-09-02T21:23:00.812Z,8361,2026-09-02T21:23:00.812Z,B52,Jackson GA,c49685cc-3281-44bc-a1c2-3be5b1110999,SAMMS-JacksonGAV5
202609022122570938,202609021903206564,202609021903206075,85,2294,Bronze INV,br_LabResult,TASK_COMPLETE,SUCCESS,INFO,2660,2660,0,,2026-09-02T19:03:39.838Z,2026-09-02T21:23:00.812Z,8361,2026-09-02T21:23:00.812Z,B54,Gadsden,c49685cc-3281-44bc-a1c2-3be5b1110999,SAMMS-GadsdenV5
202609022122570939,202609021903206565,202609021903206075,85,2295,Bronze INV,br_LabResult,TASK_COMPLETE,SUCCESS,INFO,491,491,0,,2026-09-02T19:03:39.838Z,2026-09-02T21:23:00.812Z,8361,2026-09-02T21:23:00.812Z,B55,Shoals,c49685cc-3281-44bc-a1c2-3be5b1110999,SAMMS-ShoalsV5
202609022122570940,202609021903206566,202609021903206075,85,2296,Bronze INV,br_LabResult,TASK_COMPLETE,SUCCESS,INFO,3,3,0,,2026-09-02T19:03:39.838Z,2026-09-02T21:23:00.812Z,8361,2026-09-02T21:23:00.812Z,B57,Pawtucket,c49685cc-3281-44bc-a1c2-3be5b1110999,SAMMS-Pawtucket
202609022122570941,202609021903206567,202609021903206075,85,2297,Bronze INV,br_LabResult,TASK_COMPLETE,SUCCESS,INFO,6,6,0,,2026-09-02T19:03:39.838Z,2026-09-02T21:23:00.812Z,8361,2026-09-02T21:23:00.812Z,B57A,Johnston,c49685cc-3281-44bc-a1c2-3be5b1110999,SAMMS-Johnston
202609022122570943,202609021903206568,202609021903206075,85,2298,Bronze INV,br_LabResult,TASK_COMPLETE,SUCCESS,INFO,9,9,0,,2026-09-02T19:03:39.838Z,2026-09-02T21:23:00.812Z,8361,2026-09-02T21:23:00.812Z,B57B,Middletown,c49685cc-3281-44bc-a1c2-3be5b1110999,SAMMS-Middletown
202609022122570944,202609021903206569,202609021903206075,85,2299,Bronze INV,br_LabResult,TASK_COMPLETE,SUCCESS,INFO,2,2,0,,2026-09-02T19:03:39.838Z,2026-09-02T21:23:00.812Z,8361,2026-09-02T21:23:00.812Z,B57C,Providence,c49685cc-3281-44bc-a1c2-3be5b1110999,SAMMS-Providence
202609022122570945,202609021903206570,202609021903206075,85,2300,Bronze INV,br_LabResult,TASK_COMPLETE,SUCCESS,INFO,3,3,0,,2026-09-02T19:03:39.838Z,2026-09-02T21:23:00.812Z,8361,2026-09-02T21:23:00.812Z,B57D,Westerly,c49685cc-3281-44bc-a1c2-3be5b1110999,SAMMS-Westerly
202609022122570946,202609021903206571,202609021903206075,85,2304,Bronze INV,br_LabResult,TASK_COMPLETE,SUCCESS,INFO,2,2,0,,2026-09-02T19:03:39.838Z,2026-09-02T21:23:00.812Z,8361,2026-09-02T21:23:00.812Z,B66A,Bremen,c49685cc-3281-44bc-a1c2-3be5b1110999,SAMMS-Bremen
202609022122570947,202609021903206572,202609021903206075,85,2307,Bronze INV,br_LabResult,TASK_COMPLETE,SUCCESS,INFO,3,3,0,,2026-09-02T19:03:39.838Z,2026-09-02T21:23:00.812Z,8361,2026-09-02T21:23:00.812Z,B72,Mobile (OBOT),c49685cc-3281-44bc-a1c2-3be5b1110999,SAMMS-Mobile-OBOT
202609022122570948,202609021903206573,202609021903206075,85,2308,Bronze INV,br_LabResult,TASK_COMPLETE,SUCCESS,INFO,1,1,0,,2026-09-02T19:03:39.838Z,2026-09-02T21:23:00.812Z,8361,2026-09-02T21:23:00.812Z,B73,Montgomery,c49685cc-3281-44bc-a1c2-3be5b1110999,SAMMS-Montgomery
202609022122570949,202609021903206574,202609021903206075,85,2309,Bronze INV,br_LabResult,TASK_COMPLETE,SUCCESS,INFO,513,513,0,,2026-09-02T19:03:39.838Z,2026-09-02T21:23:00.812Z,8361,2026-09-02T21:23:00.812Z,B75,Lawrence,c49685cc-3281-44bc-a1c2-3be5b1110999,SAMMS-LawrenceV6
202609022122570950,202609021903206575,202609021903206075,85,2310,Bronze INV,br_LabResult,TASK_COMPLETE,SUCCESS,INFO,1,1,0,,2026-09-02T19:03:39.838Z,2026-09-02T21:23:00.812Z,8361,2026-09-02T21:23:00.812Z,B76,Huntsville OBOT,c49685cc-3281-44bc-a1c2-3be5b1110999,SAMMS-Huntsville-OBOT
202609022122570951,202609021903206576,202609021903206075,85,2311,Bronze INV,br_LabResult,TASK_COMPLETE,SUCCESS,INFO,4,4,0,,2026-09-02T19:03:39.838Z,2026-09-02T21:23:00.812Z,8361,2026-09-02T21:23:00.812Z,BAT,Batesville,c49685cc-3281-44bc-a1c2-3be5b1110999,SAMMS-Batesville
202609022122570952,202609021903206577,202609021903206075,85,2312,Bronze INV,br_LabResult,TASK_COMPLETE,SUCCESS,INFO,2692,2692,0,,2026-09-02T19:03:39.838Z,2026-09-02T21:23:00.812Z,8361,2026-09-02T21:23:00.812Z,BG,Bowling Green,c49685cc-3281-44bc-a1c2-3be5b1110999,SAMMS-BowlingGreen
202609022122570953,202609021903206578,202609021903206075,85,2313,Bronze INV,br_LabResult,TASK_COMPLETE,SUCCESS,INFO,192,192,0,,2026-09-02T19:03:39.838Z,2026-09-02T21:23:00.812Z,8361,2026-09-02T21:23:00.812Z,BOI,Boise,c49685cc-3281-44bc-a1c2-3be5b1110999,SAMMS-Boise
202609022122570955,202609021903206579,202609021903206075,85,2320,Bronze INV,br_LabResult,TASK_COMPLETE,SUCCESS,INFO,234,234,0,,2026-09-02T19:03:39.838Z,2026-09-02T21:23:00.812Z,8361,2026-09-02T21:23:00.812Z,CBCO,Coeur dAlene,c49685cc-3281-44bc-a1c2-3be5b1110999,SAMMS-CoeurdAleneV6
202609022122570956,202609021903206580,202609021903206075,85,2339,Bronze INV,br_LabResult,TASK_COMPLETE,SUCCESS,INFO,1,1,0,,2026-09-02T19:03:39.838Z,2026-09-02T21:23:00.812Z,8361,2026-09-02T21:23:00.812Z,CON,Conway,c49685cc-3281-44bc-a1c2-3be5b1110999,SAMMS-Conway
202609022122570957,202609021903206581,202609021903206075,85,2340,Bronze INV,br_LabResult,TASK_COMPLETE,SUCCESS,INFO,11,11,0,,2026-09-02T19:03:39.838Z,2026-09-02T21:23:00.812Z,8361,2026-09-02T21:23:00.812Z,D07,Medical Services Knox TN,c49685cc-3281-44bc-a1c2-3be5b1110999,SAMMS-KnoxvilleV6
202609022122570958,202609021903206582,202609021903206075,85,2341,Bronze INV,br_LabResult,TASK_COMPLETE,SUCCESS,INFO,996,996,0,,2026-09-02T19:03:39.838Z,2026-09-02T21:23:00.812Z,8361,2026-09-02T21:23:00.812Z,D08,Madison,c49685cc-3281-44bc-a1c2-3be5b1110999,SAMMS-MadisonV6
202609022122570959,202609021903206583,202609021903206075,85,2343,Bronze INV,br_LabResult,TASK_COMPLETE,SUCCESS,INFO,708,708,0,,2026-09-02T19:03:39.838Z,2026-09-02T21:23:00.812Z,8361,2026-09-02T21:23:00.812Z,D09,Murfreesboro,c49685cc-3281-44bc-a1c2-3be5b1110999,SAMMS-MurfreesboroV6
202609022122570960,202609021903206584,202609021903206075,85,2344,Bronze INV,br_LabResult,TASK_COMPLETE,SUCCESS,INFO,5,5,0,,2026-09-02T19:03:39.838Z,2026-09-02T21:23:00.812Z,8361,2026-09-02T21:23:00.812Z,DA,Davenport,c49685cc-3281-44bc-a1c2-3be5b1110999,SAMMS-Davenport
202609022122570961,202609021903206585,202609021903206075,85,2345,Bronze INV,br_LabResult,TASK_COMPLETE,SUCCESS,INFO,2652,2652,0,,2026-09-02T19:03:39.838Z,2026-09-02T21:23:00.812Z,8361,2026-09-02T21:23:00.812Z,DM,Des Moines,c49685cc-3281-44bc-a1c2-3be5b1110999,SAMMS-DesMoines
202609022122570962,202609021903206586,202609021903206075,85,2347,Bronze INV,br_LabResult,TASK_COMPLETE,SUCCESS,INFO,3025,3025,0,,2026-09-02T19:03:39.838Z,2026-09-02T21:23:00.812Z,8361,2026-09-02T21:23:00.812Z,DRD-CO,Columbia MO,c49685cc-3281-44bc-a1c2-3be5b1110999,SAMMS-ColumbiaV5
202609022122570963,202609021903206587,202609021903206075,85,2348,Bronze INV,br_LabResult,TASK_COMPLETE,SUCCESS,INFO,3302,3302,0,,2026-09-02T19:03:39.838Z,2026-09-02T21:23:00.812Z,8361,2026-09-02T21:23:00.812Z,DRD-KC,KC,c49685cc-3281-44bc-a1c2-3be5b1110999,SAMMS-KCv5
202609022122570964,202609021903206588,202609021903206075,85,2349,Bronze INV,br_LabResult,TASK_COMPLETE,SUCCESS,INFO,19474,19474,0,,2026-09-02T19:03:39.838Z,2026-09-02T21:23:00.812Z,8361,2026-09-02T21:23:00.812Z,DRD-KVB,KVB,c49685cc-3281-44bc-a1c2-3be5b1110999,SAMMS-KVBv5
202609022122570966,202609021903206589,202609021903206075,85,2350,Bronze INV,br_LabResult,TASK_COMPLETE,SUCCESS,INFO,23719,23719,0,,2026-09-02T19:03:39.838Z,2026-09-02T21:23:00.812Z,8361,2026-09-02T21:23:00.812Z,DRD-KVC,KVC,c49685cc-3281-44bc-a1c2-3be5b1110999,SAMMS-KVCv5
202609022122570967,202609021903206590,202609021903206075,85,2351,Bronze INV,br_LabResult,TASK_COMPLETE,SUCCESS,INFO,6445,6445,0,,2026-09-02T19:03:39.838Z,2026-09-02T21:23:00.812Z,8361,2026-09-02T21:23:00.812Z,DRD-NOLA,NOLA,c49685cc-3281-44bc-a1c2-3be5b1110999,SAMMS-NOLAv5
202609022122570968,202609021903206591,202609021903206075,85,2352,Bronze INV,br_LabResult,TASK_COMPLETE,SUCCESS,INFO,5709,5709,0,,2026-09-02T19:03:39.838Z,2026-09-02T21:23:00.812Z,8361,2026-09-02T21:23:00.812Z,DRD-SF,Springfield,c49685cc-3281-44bc-a1c2-3be5b1110999,SAMMS-SFv5
202609022122573261,202609021903208656,202609021903206075,85,4187,Bronze INV,br_ReAssessmentSocial,TASK_COMPLETE,SUCCESS,INFO,529,529,0,,2026-09-02T19:03:39.838Z,2026-09-02T21:23:00.812Z,8361,2026-09-02T21:23:00.812Z,DRD-CO,Columbia MO,c49685cc-3281-44bc-a1c2-3be5b1110999,SAMMS-ColumbiaV5
202609022122573262,202609021903208657,202609021903206075,85,4188,Bronze INV,br_ReAssessmentSocial,TASK_COMPLETE,SUCCESS,INFO,347,347,0,,2026-09-02T19:03:39.838Z,2026-09-02T21:23:00.812Z,8361,2026-09-02T21:23:00.812Z,DRD-KC,KC,c49685cc-3281-44bc-a1c2-3be5b1110999,SAMMS-KCv5
202609022122573263,202609021903208658,202609021903206075,85,4189,Bronze INV,br_ReAssessmentSocial,TASK_COMPLETE,SUCCESS,INFO,1551,1551,0,,2026-09-02T19:03:39.838Z,2026-09-02T21:23:00.812Z,8361,2026-09-02T21:23:00.812Z,DRD-KVB,KVB,c49685cc-3281-44bc-a1c2-3be5b1110999,SAMMS-KVBv5
202609022122573264,202609021903208659,202609021903206075,85,4190,Bronze INV,br_ReAssessmentSocial,TASK_COMPLETE,SUCCESS,INFO,1669,1669,0,,2026-09-02T19:03:39.838Z,2026-09-02T21:23:00.812Z,8361,2026-09-02T21:23:00.812Z,DRD-KVC,KVC,c49685cc-3281-44bc-a1c2-3be5b1110999,SAMMS-KVCv5
202609022122573265,202609021903208660,202609021903206075,85,4191,Bronze INV,br_ReAssessmentSocial,TASK_COMPLETE,SUCCESS,INFO,3201,3201,0,,2026-09-02T19:03:39.838Z,2026-09-02T21:23:00.812Z,8361,2026-09-02T21:23:00.812Z,DRD-NOLA,NOLA,c49685cc-3281-44bc-a1c2-3be5b1110999,SAMMS-NOLAv5
202609022122573266,202609021903208661,202609021903206075,85,4192,Bronze INV,br_ReAssessmentSocial,TASK_COMPLETE,SUCCESS,INFO,798,798,0,,2026-09-02T19:03:39.838Z,2026-09-02T21:23:00.812Z,8361,2026-09-02T21:23:00.812Z,DRD-SF,Springfield,c49685cc-3281-44bc-a1c2-3be5b1110999,SAMMS-SFv5
202609022122573267,202609021903208662,202609021903206075,85,4194,Bronze INV,br_ReAssessmentSocial,TASK_COMPLETE,SUCCESS,INFO,260,260,0,,2026-09-02T19:03:39.838Z,2026-09-02T21:23:00.812Z,8361,2026-09-02T21:23:00.812Z,ELC,Elizabeth City,c49685cc-3281-44bc-a1c2-3be5b1110999,SAMMS-ElizabethCity
202609022122573268,202609021903208663,202609021903206075,85,4195,Bronze INV,br_ReAssessmentSocial,TASK_COMPLETE,SUCCESS,INFO,128,128,0,,2026-09-02T19:03:39.838Z,2026-09-02T21:23:00.812Z,8361,2026-09-02T21:23:00.812Z,ET,Elizabethtown,c49685cc-3281-44bc-a1c2-3be5b1110999,SAMMS-Elizabethtown
202609022122573269,202609021903208664,202609021903206075,85,4196,Bronze INV,br_ReAssessmentSocial,TASK_COMPLETE,SUCCESS,INFO,0,0,0,,2026-09-02T19:03:39.838Z,2026-09-02T21:23:00.812Z,8361,2026-09-02T21:23:00.812Z,FAY,Fayetteville,c49685cc-3281-44bc-a1c2-3be5b1110999,SAMMS-Fayetteville
202609022122573270,202609021903208665,202609021903206075,85,4197,Bronze INV,br_ReAssessmentSocial,TASK_COMPLETE,SUCCESS,INFO,156,156,0,,2026-09-02T19:03:39.838Z,2026-09-02T21:23:00.812Z,8361,2026-09-02T21:23:00.812Z,FR,Frankfort,c49685cc-3281-44bc-a1c2-3be5b1110999,SAMMS-Frankfort
202609022122573271,202609021903208666,202609021903206075,85,4198,Bronze INV,br_ReAssessmentSocial,TASK_COMPLETE,SUCCESS,INFO,0,0,0,,2026-09-02T19:03:39.838Z,2026-09-02T21:23:00.812Z,8361,2026-09-02T21:23:00.812Z,FS,Fort Smith,c49685cc-3281-44bc-a1c2-3be5b1110999,SAMMS-FortSmith
202609022122573273,202609021903208667,202609021903206075,85,4199,Bronze INV,br_ReAssessmentSocial,TASK_COMPLETE,SUCCESS,INFO,465,465,0,,2026-09-02T19:03:39.838Z,2026-09-02T21:23:00.812Z,8361,2026-09-02T21:23:00.812Z,FW,Fort Wayne,c49685cc-3281-44bc-a1c2-3be5b1110999,SAMMS-FortWayne
202609022122573274,202609021903208668,202609021903206075,85,4200,Bronze INV,br_ReAssessmentSocial,TASK_COMPLETE,SUCCESS,INFO,273,273,0,,2026-09-02T19:03:39.838Z,2026-09-02T21:23:00.812Z,8361,2026-09-02T21:23:00.812Z,GAL,Gaylord,c49685cc-3281-44bc-a1c2-3be5b1110999,SAMMS-Gaylord
202609022122573275,202609021903208669,202609021903206075,85,4204,Bronze INV,br_ReAssessmentSocial,TASK_COMPLETE,SUCCESS,INFO,100,100,0,,2026-09-02T19:03:39.838Z,2026-09-02T21:23:00.812Z,8361,2026-09-02T21:23:00.812Z,HGT,Hagerstown,c49685cc-3281-44bc-a1c2-3be5b1110999,SAMMS-Hagerstown
202609022122573276,202609021903208670,202609021903206075,85,4205,Bronze INV,br_ReAssessmentSocial,TASK_COMPLETE,SUCCESS,INFO,1718,1718,0,,2026-09-02T19:03:39.838Z,2026-09-02T21:23:00.812Z,8361,2026-09-02T21:23:00.812Z,HNT,Huntsville,c49685cc-3281-44bc-a1c2-3be5b1110999,SAMMS-Huntsville
202609022122573277,202609021903208671,202609021903206075,85,4206,Bronze INV,br_ReAssessmentSocial,TASK_COMPLETE,SUCCESS,INFO,0,0,0,,2026-09-02T19:03:39.838Z,2026-09-02T21:23:00.812Z,8361,2026-09-02T21:23:00.812Z,HS,Hot Springs,c49685cc-3281-44bc-a1c2-3be5b1110999,SAMMS-HotSprings
202609022122573278,202609021903208672,202609021903206075,85,4207,Bronze INV,br_ReAssessmentSocial,TASK_COMPLETE,SUCCESS,INFO,0,0,0,,2026-09-02T19:03:39.838Z,2026-09-02T21:23:00.812Z,8361,2026-09-02T21:23:00.812Z,JON,Jonesboro,c49685cc-3281-44bc-a1c2-3be5b1110999,SAMMS-Jonesboro
202609022122573279,202609021903208673,202609021903206075,85,4209,Bronze INV,br_ReAssessmentSocial,TASK_COMPLETE,SUCCESS,INFO,444,444,0,,2026-09-02T19:03:39.838Z,2026-09-02T21:23:00.812Z,8361,2026-09-02T21:23:00.812Z,LAN,Lansing,c49685cc-3281-44bc-a1c2-3be5b1110999,SAMMS-Lansing
202609022122573280,202609021903208674,202609021903206075,85,4210,Bronze INV,br_ReAssessmentSocial,TASK_COMPLETE,SUCCESS,INFO,1286,1286,0,,2026-09-02T19:03:39.838Z,2026-09-02T21:23:00.812Z,8361,2026-09-02T21:23:00.812Z,LO,Louisville,c49685cc-3281-44bc-a1c2-3be5b1110999,SAMMS-Louisville
202609022122573281,202609021903208675,202609021903206075,85,4211,Bronze INV,br_ReAssessmentSocial,TASK_COMPLETE,SUCCESS,INFO,291,291,0,,2026-09-02T19:03:39.838Z,2026-09-02T21:23:00.812Z,8361,2026-09-02T21:23:00.812Z,LV1,Cheyenne,c49685cc-3281-44bc-a1c2-3be5b1110999,SAMMS-Cheyenne
202609022122573282,202609021903208676,202609021903206075,85,4212,Bronze INV,br_ReAssessmentSocial,TASK_COMPLETE,SUCCESS,INFO,204,204,0,,2026-09-02T19:03:39.838Z,2026-09-02T21:23:00.812Z,8361,2026-09-02T21:23:00.812Z,LV2,Desert Inn,c49685cc-3281-44bc-a1c2-3be5b1110999,SAMMS-DesertInn
202609022122573283,202609021903208677,202609021903206075,85,4213,Bronze INV,br_ReAssessmentSocial,TASK_COMPLETE,SUCCESS,INFO,110,110,0,,2026-09-02T19:03:39.838Z,2026-09-02T21:23:00.812Z,8361,2026-09-02T21:23:00.812Z,LV3,McDaniel,c49685cc-3281-44bc-a1c2-3be5b1110999,SAMMS-McDaniel
202609022122573285,202609021903208678,202609021903206075,85,4216,Bronze INV,br_ReAssessmentSocial,TASK_COMPLETE,SUCCESS,INFO,358,358,0,,2026-09-02T19:03:39.838Z,2026-09-02T21:23:00.812Z,8361,2026-09-02T21:23:00.812Z,MNRE,Monroe,c49685cc-3281-44bc-a1c2-3be5b1110999,SAMMS-Monroe
202609022122573286,202609021903208679,202609021903206075,85,4217,Bronze INV,br_ReAssessmentSocial,TASK_COMPLETE,SUCCESS,INFO,1422,1422,0,,2026-09-02T19:03:39.838Z,2026-09-02T21:23:00.812Z,8361,2026-09-02T21:23:00.812Z,MP,Mt. Pleasant,c49685cc-3281-44bc-a1c2-3be5b1110999,SAMMS-MtPleasant
202609022122573287,202609021903208680,202609021903206075,85,4218,Bronze INV,br_ReAssessmentSocial,TASK_COMPLETE,SUCCESS,INFO,153,153,0,,2026-09-02T19:03:39.838Z,2026-09-02T21:23:00.812Z,8361,2026-09-02T21:23:00.812Z,MRD,Meridian,c49685cc-3281-44bc-a1c2-3be5b1110999,SAMMS-Meridian
202609022122573288,202609021903208681,202609021903206075,85,4223,Bronze INV,br_ReAssessmentSocial,TASK_COMPLETE,SUCCESS,INFO,693,693,0,,2026-09-02T19:03:39.838Z,2026-09-02T21:23:00.812Z,8361,2026-09-02T21:23:00.812Z,NC,North Charleston,c49685cc-3281-44bc-a1c2-3be5b1110999,SAMMS-NorthCharleston
202609022122573289,202609021903208682,202609021903206075,85,4224,Bronze INV,br_ReAssessmentSocial,TASK_COMPLETE,SUCCESS,INFO,0,0,0,,2026-09-02T19:03:39.838Z,2026-09-02T21:23:00.812Z,8361,2026-09-02T21:23:00.812Z,NLR,N. Little Rock,c49685cc-3281-44bc-a1c2-3be5b1110999,SAMMS-NLROBOT
202609022122573290,202609021903208683,202609021903206075,85,4225,Bronze INV,br_ReAssessmentSocial,TASK_COMPLETE,SUCCESS,INFO,111,111,0,,2026-09-02T19:03:39.838Z,2026-09-02T21:23:00.812Z,8361,2026-09-02T21:23:00.812Z,PH,Phoenix,c49685cc-3281-44bc-a1c2-3be5b1110999,SAMMS-Phoenix
202609022122573291,202609021903208684,202609021903206075,85,4229,Bronze INV,br_ReAssessmentSocial,TASK_COMPLETE,SUCCESS,INFO,213,213,0,,2026-09-02T19:03:39.838Z,2026-09-02T21:23:00.812Z,8361,2026-09-02T21:23:00.812Z,RE,Reno,c49685cc-3281-44bc-a1c2-3be5b1110999,SAMMS-Reno
202609022122573292,202609021903208685,202609021903206075,85,4230,Bronze INV,br_ReAssessmentSocial,TASK_COMPLETE,SUCCESS,INFO,87,87,0,,2026-09-02T19:03:39.838Z,2026-09-02T21:23:00.812Z,8361,2026-09-02T21:23:00.812Z,RMD,Richmond,c49685cc-3281-44bc-a1c2-3be5b1110999,SAMMS-Richmond
202609022122573293,202609021903208686,202609021903206075,85,4231,Bronze INV,br_ReAssessmentSocial,TASK_COMPLETE,SUCCESS,INFO,589,589,0,,2026-09-02T19:03:39.838Z,2026-09-02T21:23:00.812Z,8361,2026-09-02T21:23:00.812Z,SFN,Springfield North,c49685cc-3281-44bc-a1c2-3be5b1110999,SAMMS-SFNv5
202609022122573294,202609021903208687,202609021903206075,85,4232,Bronze INV,br_ReAssessmentSocial,TASK_COMPLETE,SUCCESS,INFO,762,762,0,,2026-09-02T19:03:39.838Z,2026-09-02T21:23:00.812Z,8361,2026-09-02T21:23:00.812Z,SHP,Shreveport,c49685cc-3281-44bc-a1c2-3be5b1110999,SAMMS-Shreveport
202609022122573295,202609021903208688,202609021903206075,85,4234,Bronze INV,br_ReAssessmentSocial,TASK_COMPLETE,SUCCESS,INFO,483,483,0,,2026-09-02T19:03:39.838Z,2026-09-02T21:23:00.812Z,8361,2026-09-02T21:23:00.812Z,STN,Staunton,c49685cc-3281-44bc-a1c2-3be5b1110999,SAMMS-Staunton
202609022122573297,202609021903208689,202609021903206075,85,4235,Bronze INV,br_ReAssessmentSocial,TASK_COMPLETE,SUCCESS,INFO,225,225,0,,2026-09-02T19:03:39.838Z,2026-09-02T21:23:00.812Z,8361,2026-09-02T21:23:00.812Z,STVN,Stevenson,c49685cc-3281-44bc-a1c2-3be5b1110999,SAMMS-Stevenson
202609022122573298,202609021903208690,202609021903206075,85,4237,Bronze INV,br_ReAssessmentSocial,TASK_COMPLETE,SUCCESS,INFO,173,173,0,,2026-09-02T19:03:39.838Z,2026-09-02T21:23:00.812Z,8361,2026-09-02T21:23:00.812Z,TE,Tempe,c49685cc-3281-44bc-a1c2-3be5b1110999,SAMMS-Tempe
202609022122573299,202609021903208691,202609021903206075,85,4238,Bronze INV,br_ReAssessmentSocial,TASK_COMPLETE,SUCCESS,INFO,0,0,0,,2026-09-02T19:03:39.838Z,2026-09-02T21:23:00.812Z,8361,2026-09-02T21:23:00.812Z,TEX,Texarkana,c49685cc-3281-44bc-a1c2-3be5b1110999,SAMMS-Texarkana
202609022122573300,202609021903208692,202609021903206075,85,4239,Bronze INV,br_ReAssessmentSocial,TASK_COMPLETE,SUCCESS,INFO,1069,1069,0,,2026-09-02T19:03:39.838Z,2026-09-02T21:23:00.812Z,8361,2026-09-02T21:23:00.812Z,TTCA,Bessemer,c49685cc-3281-44bc-a1c2-3be5b1110999,SAMMS-BessemerV5
202609022122573301,202609021903208693,202609021903206075,85,4240,Bronze INV,br_ReAssessmentSocial,TASK_COMPLETE,SUCCESS,INFO,1315,1315,0,,2026-09-02T19:03:39.838Z,2026-09-02T21:23:00.812Z,8361,2026-09-02T21:23:00.812Z,TTCB,Cullman,c49685cc-3281-44bc-a1c2-3be5b1110999,SAMMS-CullmanV5
202609022122573302,202609021903208694,202609021903206075,85,4241,Bronze INV,br_ReAssessmentSocial,TASK_COMPLETE,SUCCESS,INFO,939,939,0,,2026-09-02T19:03:39.838Z,2026-09-02T21:23:00.812Z,8361,2026-09-02T21:23:00.812Z,TTCC,Grand Bay,c49685cc-3281-44bc-a1c2-3be5b1110999,SAMMS-GrandBay
202609022122573303,202609021903208695,202609021903206075,85,4242,Bronze INV,br_ReAssessmentSocial,TASK_COMPLETE,SUCCESS,INFO,15,15,0,,2026-09-02T19:03:39.838Z,2026-09-02T21:23:00.812Z,8361,2026-09-02T21:23:00.812Z,TU,Tucson,c49685cc-3281-44bc-a1c2-3be5b1110999,SAMMS-Tucson
202609022122573304,202609021903208696,202609021903206075,85,4244,Bronze INV,br_ReAssessmentSocial,TASK_COMPLETE,SUCCESS,INFO,660,660,0,,2026-09-02T19:03:39.838Z,2026-09-02T21:23:00.812Z,8361,2026-09-02T21:23:00.812Z,V1,Memphis South,c49685cc-3281-44bc-a1c2-3be5b1110999,SAMMS-VCPHCS-I-MemphisV5
202609022122573306,202609021903208697,202609021903206075,85,4245,Bronze INV,br_ReAssessmentSocial,TASK_COMPLETE,SUCCESS,INFO,1626,1626,0,,2026-09-02T19:03:39.838Z,2026-09-02T21:23:00.812Z,8361,2026-09-02T21:23:00.812Z,V10,Longmont,c49685cc-3281-44bc-a1c2-3be5b1110999,SAMMS-BoulderV5
202609022122573307,202609021903208698,202609021903206075,85,4246,Bronze INV,br_ReAssessmentSocial,TASK_COMPLETE,SUCCESS,INFO,1511,1511,0,,2026-09-02T19:03:39.838Z,2026-09-02T21:23:00.812Z,8361,2026-09-02T21:23:00.812Z,V10A,Fort Collins,c49685cc-3281-44bc-a1c2-3be5b1110999,SAMMS-FortCollinsV5
202609022122573308,202609021903208699,202609021903206075,85,4247,Bronze INV,br_ReAssessmentSocial,TASK_COMPLETE,SUCCESS,INFO,2864,2864,0,,2026-09-02T19:03:39.838Z,2026-09-02T21:23:00.812Z,8361,2026-09-02T21:23:00.812Z,V11,Westminster,c49685cc-3281-44bc-a1c2-3be5b1110999,SAMMS-VCPHCS-XI-NorthDenverV5
202609022122573309,202609021903208700,202609021903206075,85,4248,Bronze INV,br_ReAssessmentSocial,TASK_COMPLETE,SUCCESS,INFO,3024,3024,0,,2026-09-02T19:03:39.838Z,2026-09-02T21:23:00.812Z,8361,2026-09-02T21:23:00.812Z,V12,Downtown Denver,c49685cc-3281-44bc-a1c2-3be5b1110999,SAMMS-VCPHCS-XII-DowntownDenverV5
202609022122573310,202609021903208701,202609021903206075,85,4249,Bronze INV,br_ReAssessmentSocial,TASK_COMPLETE,SUCCESS,INFO,1132,1132,0,,2026-09-02T19:03:39.838Z,2026-09-02T21:23:00.812Z,8361,2026-09-02T21:23:00.812Z,V12A,Centennial,c49685cc-3281-44bc-a1c2-3be5b1110999,SAMMS-CentennialV5
202609022122573311,202609021903208702,202609021903206075,85,4250,Bronze INV,br_ReAssessmentSocial,TASK_COMPLETE,SUCCESS,INFO,293,293,0,,2026-09-02T19:03:39.838Z,2026-09-02T21:23:00.812Z,8361,2026-09-02T21:23:00.812Z,V14,Overland Park,c49685cc-3281-44bc-a1c2-3be5b1110999,SAMMS-VCPHCS-XIV-BridgewayV5
202609022122573312,202609021903208703,202609021903206075,85,4251,Bronze INV,br_ReAssessmentSocial,TASK_COMPLETE,SUCCESS,INFO,608,608,0,,2026-09-02T19:03:39.838Z,2026-09-02T21:23:00.812Z,8361,2026-09-02T21:23:00.812Z,V15,Joplin,c49685cc-3281-44bc-a1c2-3be5b1110999,SAMMS-JoplinV5
202609022122573313,202609021903208704,202609021903206075,85,4253,Bronze INV,br_ReAssessmentSocial,TASK_COMPLETE,SUCCESS,INFO,901,901,0,,2026-09-02T19:03:39.838Z,2026-09-02T21:23:00.812Z,8361,2026-09-02T21:23:00.812Z,V17,Columbia TN,c49685cc-3281-44bc-a1c2-3be5b1110999,SAMMS-ColumbiaTNv5
202609022122573314,202609021903208705,202609021903206075,85,4255,Bronze INV,br_ReAssessmentSocial,TASK_COMPLETE,SUCCESS,INFO,533,533,0,,2026-09-02T19:03:39.838Z,2026-09-02T21:23:00.812Z,8361,2026-09-02T21:23:00.812Z,V19,Jackson,c49685cc-3281-44bc-a1c2-3be5b1110999,SAMMS-JacksonV5
202609022122573315,202609021903208706,202609021903206075,85,4257,Bronze INV,br_ReAssessmentSocial,TASK_COMPLETE,SUCCESS,INFO,1758,1758,0,,2026-09-02T19:03:39.838Z,2026-09-02T21:23:00.812Z,8361,2026-09-02T21:23:00.812Z,V20,Paris,c49685cc-3281-44bc-a1c2-3be5b1110999,SAMMS-ParisV5
202609022122573317,202609021903208707,202609021903206075,85,4258,Bronze INV,br_ReAssessmentSocial,TASK_COMPLETE,SUCCESS,INFO,723,723,0,,2026-09-02T19:03:39.838Z,2026-09-02T21:23:00.812Z,8361,2026-09-02T21:23:00.812Z,V21,Memphis North,c49685cc-3281-44bc-a1c2-3be5b1110999,SAMMS-RaleighV5
202609022122573318,202609021903208708,202609021903206075,85,4261,Bronze INV,br_ReAssessmentSocial,TASK_COMPLETE,SUCCESS,INFO,1770,1770,0,,2026-09-02T19:03:39.838Z,2026-09-02T21:23:00.812Z,8361,2026-09-02T21:23:00.812Z,V5,West Bank,c49685cc-3281-44bc-a1c2-3be5b1110999,SAMMS-NONTCv5
202609022122573319,202609021903208709,202609021903206075,85,4263,Bronze INV,br_ReAssessmentSocial,TASK_COMPLETE,SUCCESS,INFO,144,144,0,,2026-09-02T19:03:39.838Z,2026-09-02T21:23:00.812Z,8361,2026-09-02T21:23:00.812Z,V5B,Houma,c49685cc-3281-44bc-a1c2-3be5b1110999,SAMMS-HoumaV6
202609022122573320,202609021903208710,202609021903206075,85,4264,Bronze INV,br_ReAssessmentSocial,TASK_COMPLETE,SUCCESS,INFO,1906,1906,0,,2026-09-02T19:03:39.838Z,2026-09-02T21:23:00.812Z,8361,2026-09-02T21:23:00.812Z,V6,Lake Charles,c49685cc-3281-44bc-a1c2-3be5b1110999,SAMMS-LCv5
202609022122573321,202609021903208711,202609021903206075,85,4266,Bronze INV,br_ReAssessmentSocial,TASK_COMPLETE,SUCCESS,INFO,739,739,0,,2026-09-02T19:03:39.838Z,2026-09-02T21:23:00.812Z,8361,2026-09-02T21:23:00.812Z,V8,Memphis Midtown,c49685cc-3281-44bc-a1c2-3be5b1110999,SAMMS-VCPHCS-VIII-MemphisV5
202609022122573322,202609021903208712,202609021903206075,85,4267,Bronze INV,br_ReAssessmentSocial,TASK_COMPLETE,SUCCESS,INFO,1760,1760,0,,2026-09-02T19:03:39.838Z,2026-09-02T21:23:00.812Z,8361,2026-09-02T21:23:00.812Z,V9,Nashville,c49685cc-3281-44bc-a1c2-3be5b1110999,SAMMS-NashvilleV5
202609022122573323,202609021903208713,202609021903206075,85,4268,Bronze INV,br_ReAssessmentSocial,TASK_COMPLETE,SUCCESS,INFO,838,838,0,,2026-09-02T19:03:39.838Z,2026-09-02T21:23:00.812Z,8361,2026-09-02T21:23:00.812Z,VBRA,Brainerd,c49685cc-3281-44bc-a1c2-3be5b1110999,SAMMS-BrainerdV6
202609022122573324,202609021903208714,202609021903206075,85,4269,Bronze INV,br_ReAssessmentSocial,TASK_COMPLETE,SUCCESS,INFO,1957,1957,0,,2026-09-02T19:03:39.838Z,2026-09-02T21:23:00.812Z,8361,2026-09-02T21:23:00.812Z,VBRP,Brooklyn Park,c49685cc-3281-44bc-a1c2-3be5b1110999,SAMMS-BrooklynParkV6
202609022122573325,202609021903208715,202609021903206075,85,4271,Bronze INV,br_ReAssessmentSocial,TASK_COMPLETE,SUCCESS,INFO,740,740,0,,2026-09-02T19:03:39.838Z,2026-09-02T21:23:00.812Z,8361,2026-09-02T21:23:00.812Z,VMIN,Minneapolis,c49685cc-3281-44bc-a1c2-3be5b1110999,SAMMS-MinneapolisV6
202609022122573327,202609021903208716,202609021903206075,85,4272,Bronze INV,br_ReAssessmentSocial,TASK_COMPLETE,SUCCESS,INFO,876,876,0,,2026-09-02T19:03:39.838Z,2026-09-02T21:23:00.812Z,8361,2026-09-02T21:23:00.812Z,VWBY,Woodbury,c49685cc-3281-44bc-a1c2-3be5b1110999,SAMMS-WoodburyV6
202609022122573328,202609021903208717,202609021903206075,85,4274,Bronze INV,br_ReAssessmentSocial,TASK_COMPLETE,SUCCESS,INFO,161,161,0,,2026-09-02T19:03:39.838Z,2026-09-02T21:23:00.812Z,8361,2026-09-02T21:23:00.812Z,WIL,Wilson,c49685cc-3281-44bc-a1c2-3be5b1110999,SAMMS-Wilson
202609022122573329,202609021903208718,202609021903206075,85,4462,Bronze INV,br_ReAssessmentTreatment,TASK_COMPLETE,SUCCESS,INFO,35,35,0,,2026-09-02T19:03:39.838Z,2026-09-02T21:23:00.812Z,8361,2026-09-02T21:23:00.812Z,AHK,Ahoskie,c49685cc-3281-44bc-a1c2-3be5b1110999,SAMMS-Ahoskie
202609022122573330,202609021903208719,202609021903206075,85,4463,Bronze INV,br_ReAssessmentTreatment,TASK_COMPLETE,SUCCESS,INFO,662,662,0,,2026-09-02T19:03:39.838Z,2026-09-02T21:23:00.812Z,8361,2026-09-02T21:23:00.812Z,B12B,Colorado Springs,c49685cc-3281-44bc-a1c2-3be5b1110999,SAMMS-ColoradoSpringsV5
202609022122573331,202609021903208720,202609021903206075,85,4464,Bronze INV,br_ReAssessmentTreatment,TASK_COMPLETE,SUCCESS,INFO,828,828,0,,2026-09-02T19:03:39.838Z,2026-09-02T21:23:00.812Z,8361,2026-09-02T21:23:00.812Z,B24,Paintsville,c49685cc-3281-44bc-a1c2-3be5b1110999,SAMMS-PaintsvilleV5
202609022122573332,202609021903208721,202609021903206075,85,4465,Bronze INV,br_ReAssessmentTreatment,TASK_COMPLETE,SUCCESS,INFO,646,646,0,,2026-09-02T19:03:39.838Z,2026-09-02T21:23:00.812Z,8361,2026-09-02T21:23:00.812Z,B25,Pikeville,c49685cc-3281-44bc-a1c2-3be5b1110999,SAMMS-PikevilleV5
202609022122573333,202609021903208722,202609021903206075,85,4466,Bronze INV,br_ReAssessmentTreatment,TASK_COMPLETE,SUCCESS,INFO,973,973,0,,2026-09-02T19:03:39.838Z,2026-09-02T21:23:00.812Z,8361,2026-09-02T21:23:00.812Z,B26,Hazard,c49685cc-3281-44bc-a1c2-3be5b1110999,SAMMS-HazardV5
202609022122573334,202609021903208723,202609021903206075,85,4467,Bronze INV,br_ReAssessmentTreatment,TASK_COMPLETE,SUCCESS,INFO,532,532,0,,2026-09-02T19:03:39.838Z,2026-09-02T21:23:00.812Z,8361,2026-09-02T21:23:00.812Z,B27,Savannah,c49685cc-3281-44bc-a1c2-3be5b1110999,SAMMS-SavannahV6
202609022122573335,202609021903208724,202609021903206075,85,4468,Bronze INV,br_ReAssessmentTreatment,TASK_COMPLETE,SUCCESS,INFO,247,247,0,,2026-09-02T19:03:39.838Z,2026-09-02T21:23:00.812Z,8361,2026-09-02T21:23:00.812Z,B28,West Plains,c49685cc-3281-44bc-a1c2-3be5b1110999,SAMMS-WestPlainesV5
202609022122573336,202609021903208725,202609021903206075,85,4469,Bronze INV,br_ReAssessmentTreatment,TASK_COMPLETE,SUCCESS,INFO,460,460,0,,2026-09-02T19:03:39.838Z,2026-09-02T21:23:00.812Z,8361,2026-09-02T21:23:00.812Z,B29,Poplar Bluff,c49685cc-3281-44bc-a1c2-3be5b1110999,SAMMS-PoplarBluffV5
202609022122573338,202609021903208726,202609021903206075,85,4470,Bronze INV,br_ReAssessmentTreatment,TASK_COMPLETE,SUCCESS,INFO,78,78,0,,2026-09-02T19:03:39.838Z,2026-09-02T21:23:00.812Z,8361,2026-09-02T21:23:00.812Z,B30,KC North,c49685cc-3281-44bc-a1c2-3be5b1110999,SAMMS-KCNv5
202609022122573339,202609021903208727,202609021903206075,85,4471,Bronze INV,br_ReAssessmentTreatment,TASK_COMPLETE,SUCCESS,INFO,400,400,0,,2026-09-02T19:03:39.838Z,2026-09-02T21:23:00.812Z,8361,2026-09-02T21:23:00.812Z,B31,Dyersburg,c49685cc-3281-44bc-a1c2-3be5b1110999,SAMMS-DyersburgV5
202609022122573340,202609021903208728,202609021903206075,85,4473,Bronze INV,br_ReAssessmentTreatment,TASK_COMPLETE,SUCCESS,INFO,488,488,0,,2026-09-02T19:03:39.838Z,2026-09-02T21:23:00.812Z,8361,2026-09-02T21:23:00.812Z,B33,Paducah,c49685cc-3281-44bc-a1c2-3be5b1110999,SAMMS-Paducah
202609022122573341,202609021903208729,202609021903206075,85,4474,Bronze INV,br_ReAssessmentTreatment,TASK_COMPLETE,SUCCESS,INFO,382,382,0,,2026-09-02T19:03:39.838Z,2026-09-02T21:23:00.812Z,8361,2026-09-02T21:23:00.812Z,B34,Corbin,c49685cc-3281-44bc-a1c2-3be5b1110999,SAMMS-CorbinV5
202609022122573342,202609021903208730,202609021903206075,85,4475,Bronze INV,br_ReAssessmentTreatment,TASK_COMPLETE,SUCCESS,INFO,239,239,0,,2026-09-02T19:03:39.838Z,2026-09-02T21:23:00.812Z,8361,2026-09-02T21:23:00.812Z,B35,Lexington,c49685cc-3281-44bc-a1c2-3be5b1110999,SAMMS-LexingtonV5
202609022122573343,202609021903208731,202609021903206075,85,4476,Bronze INV,br_ReAssessmentTreatment,TASK_COMPLETE,SUCCESS,INFO,77,77,0,,2026-09-02T19:03:39.838Z,2026-09-02T21:23:00.812Z,8361,2026-09-02T21:23:00.812Z,B35A,Berea,c49685cc-3281-44bc-a1c2-3be5b1110999,SAMMS-BereaV5
202609022122573344,202609021903208732,202609021903206075,85,4477,Bronze INV,br_ReAssessmentTreatment,TASK_COMPLETE,SUCCESS,INFO,21,21,0,,2026-09-02T19:03:39.838Z,2026-09-02T21:23:00.812Z,8361,2026-09-02T21:23:00.812Z,B36,Asheville,c49685cc-3281-44bc-a1c2-3be5b1110999,SAMMS-AshevilleV5
202609022122573345,202609021903208733,202609021903206075,85,4478,Bronze INV,br_ReAssessmentTreatment,TASK_COMPLETE,SUCCESS,INFO,1,1,0,,2026-09-02T19:03:39.838Z,2026-09-02T21:23:00.812Z,8361,2026-09-02T21:23:00.812Z,B37,Clyde,c49685cc-3281-44bc-a1c2-3be5b1110999,SAMMS-ClydeV5
202609022122573346,202609021903208734,202609021903206075,85,4479,Bronze INV,br_ReAssessmentTreatment,TASK_COMPLETE,SUCCESS,INFO,1185,1185,0,,2026-09-02T19:03:39.838Z,2026-09-02T21:23:00.812Z,8361,2026-09-02T21:23:00.812Z,B38,Spartanburg,c49685cc-3281-44bc-a1c2-3be5b1110999,SAMMS-SpartanburgV5
202609022122573347,202609021903208735,202609021903206075,85,4480,Bronze INV,br_ReAssessmentTreatment,TASK_COMPLETE,SUCCESS,INFO,361,361,0,,2026-09-02T19:03:39.838Z,2026-09-02T21:23:00.812Z,8361,2026-09-02T21:23:00.812Z,B39,Aiken,c49685cc-3281-44bc-a1c2-3be5b1110999,SAMMS-AikenV5
202609022122573349,202609021903208736,202609021903206075,85,4481,Bronze INV,br_ReAssessmentTreatment,TASK_COMPLETE,SUCCESS,INFO,1886,1886,0,,2026-09-02T19:03:39.838Z,2026-09-02T21:23:00.812Z,8361,2026-09-02T21:23:00.812Z,B41,Chesapeake,c49685cc-3281-44bc-a1c2-3be5b1110999,SAMMS-ChesapeakeV5
202609022122573350,202609021903208737,202609021903206075,85,4482,Bronze INV,br_ReAssessmentTreatment,TASK_COMPLETE,SUCCESS,INFO,1911,1911,0,,2026-09-02T19:03:39.838Z,2026-09-02T21:23:00.812Z,8361,2026-09-02T21:23:00.812Z,B42,Virginia Beach,c49685cc-3281-44bc-a1c2-3be5b1110999,SAMMS-VirginiaBeachV5
202609022122573351,202609021903208738,202609021903206075,85,4483,Bronze INV,br_ReAssessmentTreatment,TASK_COMPLETE,SUCCESS,INFO,925,925,0,,2026-09-02T19:03:39.838Z,2026-09-02T21:23:00.812Z,8361,2026-09-02T21:23:00.812Z,B42A,Newport News,c49685cc-3281-44bc-a1c2-3be5b1110999,SAMMS-NewportNewsV5
202609022122573352,202609021903208739,202609021903206075,85,4484,Bronze INV,br_ReAssessmentTreatment,TASK_COMPLETE,SUCCESS,INFO,507,507,0,,2026-09-02T19:03:39.838Z,2026-09-02T21:23:00.812Z,8361,2026-09-02T21:23:00.812Z,B42B,Franklin,c49685cc-3281-44bc-a1c2-3be5b1110999,SAMMS-FranklinV5
202609022122573353,202609021903208740,202609021903206075,85,4485,Bronze INV,br_ReAssessmentTreatment,TASK_COMPLETE,SUCCESS,INFO,340,340,0,,2026-09-02T19:03:39.838Z,2026-09-02T21:23:00.812Z,8361,2026-09-02T21:23:00.812Z,B42C,Glen Allen,c49685cc-3281-44bc-a1c2-3be5b1110999,SAMMS-GlenAllenV5
202609022122573354,202609021903208741,202609021903206075,85,4486,Bronze INV,br_ReAssessmentTreatment,TASK_COMPLETE,SUCCESS,INFO,1481,1481,0,,2026-09-02T19:03:39.838Z,2026-09-02T21:23:00.812Z,8361,2026-09-02T21:23:00.812Z,B42D,Chesapeake South,c49685cc-3281-44bc-a1c2-3be5b1110999,SAMMS-ChesapeakeSouthV5
202608292054381916,202608291904436987,202608291904434406,85,4187,Bronze INV,br_ReAssessmentSocial,TASK_COMPLETE,SUCCESS,INFO,529,529,0,,2026-08-29T19:04:49.126Z,2026-08-29T20:54:41.421Z,6592,2026-08-29T20:54:41.421Z,DRD-CO,Columbia MO,dd7385f2-fbd4-41a4-afcd-7296aca5e198,SAMMS-ColumbiaV5
202608292054381917,202608291904436988,202608291904434406,85,4188,Bronze INV,br_ReAssessmentSocial,TASK_COMPLETE,SUCCESS,INFO,347,347,0,,2026-08-29T19:04:49.126Z,2026-08-29T20:54:41.421Z,6592,2026-08-29T20:54:41.421Z,DRD-KC,KC,dd7385f2-fbd4-41a4-afcd-7296aca5e198,SAMMS-KCv5
202608292054381919,202608291904436989,202608291904434406,85,4189,Bronze INV,br_ReAssessmentSocial,TASK_COMPLETE,SUCCESS,INFO,1551,1551,0,,2026-08-29T19:04:49.126Z,2026-08-29T20:54:41.421Z,6592,2026-08-29T20:54:41.421Z,DRD-KVB,KVB,dd7385f2-fbd4-41a4-afcd-7296aca5e198,SAMMS-KVBv5
202608292054381920,202608291904436990,202608291904434406,85,4190,Bronze INV,br_ReAssessmentSocial,TASK_COMPLETE,SUCCESS,INFO,1669,1669,0,,2026-08-29T19:04:49.126Z,2026-08-29T20:54:41.421Z,6592,2026-08-29T20:54:41.421Z,DRD-KVC,KVC,dd7385f2-fbd4-41a4-afcd-7296aca5e198,SAMMS-KVCv5
202608292054381921,202608291904436991,202608291904434406,85,4191,Bronze INV,br_ReAssessmentSocial,TASK_COMPLETE,SUCCESS,INFO,3201,3201,0,,2026-08-29T19:04:49.126Z,2026-08-29T20:54:41.421Z,6592,2026-08-29T20:54:41.421Z,DRD-NOLA,NOLA,dd7385f2-fbd4-41a4-afcd-7296aca5e198,SAMMS-NOLAv5
202608292054381922,202608291904436992,202608291904434406,85,4192,Bronze INV,br_ReAssessmentSocial,TASK_COMPLETE,SUCCESS,INFO,798,798,0,,2026-08-29T19:04:49.126Z,2026-08-29T20:54:41.421Z,6592,2026-08-29T20:54:41.421Z,DRD-SF,Springfield,dd7385f2-fbd4-41a4-afcd-7296aca5e198,SAMMS-SFv5
202608292054381923,202608291904436993,202608291904434406,85,4194,Bronze INV,br_ReAssessmentSocial,TASK_COMPLETE,SUCCESS,INFO,260,260,0,,2026-08-29T19:04:49.126Z,2026-08-29T20:54:41.421Z,6592,2026-08-29T20:54:41.421Z,ELC,Elizabeth City,dd7385f2-fbd4-41a4-afcd-7296aca5e198,SAMMS-ElizabethCity
202608292054381924,202608291904436994,202608291904434406,85,4195,Bronze INV,br_ReAssessmentSocial,TASK_COMPLETE,SUCCESS,INFO,128,128,0,,2026-08-29T19:04:49.126Z,2026-08-29T20:54:41.421Z,6592,2026-08-29T20:54:41.421Z,ET,Elizabethtown,dd7385f2-fbd4-41a4-afcd-7296aca5e198,SAMMS-Elizabethtown
202608292054381925,202608291904436995,202608291904434406,85,4196,Bronze INV,br_ReAssessmentSocial,TASK_COMPLETE,SUCCESS,INFO,0,0,0,,2026-08-29T19:04:49.126Z,2026-08-29T20:54:41.421Z,6592,2026-08-29T20:54:41.421Z,FAY,Fayetteville,dd7385f2-fbd4-41a4-afcd-7296aca5e198,SAMMS-Fayetteville
202608292054381927,202608291904436996,202608291904434406,85,4197,Bronze INV,br_ReAssessmentSocial,TASK_COMPLETE,SUCCESS,INFO,156,156,0,,2026-08-29T19:04:49.126Z,2026-08-29T20:54:41.421Z,6592,2026-08-29T20:54:41.421Z,FR,Frankfort,dd7385f2-fbd4-41a4-afcd-7296aca5e198,SAMMS-Frankfort
202608292054381928,202608291904436997,202608291904434406,85,4198,Bronze INV,br_ReAssessmentSocial,TASK_COMPLETE,SUCCESS,INFO,0,0,0,,2026-08-29T19:04:49.126Z,2026-08-29T20:54:41.421Z,6592,2026-08-29T20:54:41.421Z,FS,Fort Smith,dd7385f2-fbd4-41a4-afcd-7296aca5e198,SAMMS-FortSmith
202608292054381929,202608291904436998,202608291904434406,85,4199,Bronze INV,br_ReAssessmentSocial,TASK_COMPLETE,SUCCESS,INFO,465,465,0,,2026-08-29T19:04:49.126Z,2026-08-29T20:54:41.421Z,6592,2026-08-29T20:54:41.421Z,FW,Fort Wayne,dd7385f2-fbd4-41a4-afcd-7296aca5e198,SAMMS-FortWayne
202608292054381930,202608291904436999,202608291904434406,85,4200,Bronze INV,br_ReAssessmentSocial,TASK_COMPLETE,SUCCESS,INFO,273,273,0,,2026-08-29T19:04:49.126Z,2026-08-29T20:54:41.421Z,6592,2026-08-29T20:54:41.421Z,GAL,Gaylord,dd7385f2-fbd4-41a4-afcd-7296aca5e198,SAMMS-Gaylord
202608292054381931,202608291904437000,202608291904434406,85,4204,Bronze INV,br_ReAssessmentSocial,TASK_COMPLETE,SUCCESS,INFO,100,100,0,,2026-08-29T19:04:49.126Z,2026-08-29T20:54:41.421Z,6592,2026-08-29T20:54:41.421Z,HGT,Hagerstown,dd7385f2-fbd4-41a4-afcd-7296aca5e198,SAMMS-Hagerstown
202608292054381932,202608291904437001,202608291904434406,85,4205,Bronze INV,br_ReAssessmentSocial,TASK_COMPLETE,SUCCESS,INFO,1718,1718,0,,2026-08-29T19:04:49.126Z,2026-08-29T20:54:41.421Z,6592,2026-08-29T20:54:41.421Z,HNT,Huntsville,dd7385f2-fbd4-41a4-afcd-7296aca5e198,SAMMS-Huntsville
202608292054381933,202608291904437002,202608291904434406,85,4206,Bronze INV,br_ReAssessmentSocial,TASK_COMPLETE,SUCCESS,INFO,0,0,0,,2026-08-29T19:04:49.126Z,2026-08-29T20:54:41.421Z,6592,2026-08-29T20:54:41.421Z,HS,Hot Springs,dd7385f2-fbd4-41a4-afcd-7296aca5e198,SAMMS-HotSprings
202608292054381934,202608291904437003,202608291904434406,85,4207,Bronze INV,br_ReAssessmentSocial,TASK_COMPLETE,SUCCESS,INFO,0,0,0,,2026-08-29T19:04:49.126Z,2026-08-29T20:54:41.421Z,6592,2026-08-29T20:54:41.421Z,JON,Jonesboro,dd7385f2-fbd4-41a4-afcd-7296aca5e198,SAMMS-Jonesboro
202608292054381935,202608291904437004,202608291904434406,85,4209,Bronze INV,br_ReAssessmentSocial,TASK_COMPLETE,SUCCESS,INFO,444,444,0,,2026-08-29T19:04:49.126Z,2026-08-29T20:54:41.421Z,6592,2026-08-29T20:54:41.421Z,LAN,Lansing,dd7385f2-fbd4-41a4-afcd-7296aca5e198,SAMMS-Lansing
202608292054381936,202608291904437005,202608291904434406,85,4210,Bronze INV,br_ReAssessmentSocial,TASK_COMPLETE,SUCCESS,INFO,1286,1286,0,,2026-08-29T19:04:49.126Z,2026-08-29T20:54:41.421Z,6592,2026-08-29T20:54:41.421Z,LO,Louisville,dd7385f2-fbd4-41a4-afcd-7296aca5e198,SAMMS-Louisville
202608292054381937,202608291904437006,202608291904434406,85,4211,Bronze INV,br_ReAssessmentSocial,TASK_COMPLETE,SUCCESS,INFO,291,291,0,,2026-08-29T19:04:49.126Z,2026-08-29T20:54:41.421Z,6592,2026-08-29T20:54:41.421Z,LV1,Cheyenne,dd7385f2-fbd4-41a4-afcd-7296aca5e198,SAMMS-Cheyenne
202608292054381938,202608291904437007,202608291904434406,85,4212,Bronze INV,br_ReAssessmentSocial,TASK_COMPLETE,SUCCESS,INFO,204,204,0,,2026-08-29T19:04:49.126Z,2026-08-29T20:54:41.421Z,6592,2026-08-29T20:54:41.421Z,LV2,Desert Inn,dd7385f2-fbd4-41a4-afcd-7296aca5e198,SAMMS-DesertInn
202608292054381940,202608291904437008,202608291904434406,85,4213,Bronze INV,br_ReAssessmentSocial,TASK_COMPLETE,SUCCESS,INFO,110,110,0,,2026-08-29T19:04:49.126Z,2026-08-29T20:54:41.421Z,6592,2026-08-29T20:54:41.421Z,LV3,McDaniel,dd7385f2-fbd4-41a4-afcd-7296aca5e198,SAMMS-McDaniel
202608292054381941,202608291904437009,202608291904434406,85,4216,Bronze INV,br_ReAssessmentSocial,TASK_COMPLETE,SUCCESS,INFO,358,358,0,,2026-08-29T19:04:49.126Z,2026-08-29T20:54:41.421Z,6592,2026-08-29T20:54:41.421Z,MNRE,Monroe,dd7385f2-fbd4-41a4-afcd-7296aca5e198,SAMMS-Monroe
202608292054381942,202608291904437010,202608291904434406,85,4217,Bronze INV,br_ReAssessmentSocial,TASK_COMPLETE,SUCCESS,INFO,1422,1422,0,,2026-08-29T19:04:49.126Z,2026-08-29T20:54:41.421Z,6592,2026-08-29T20:54:41.421Z,MP,Mt. Pleasant,dd7385f2-fbd4-41a4-afcd-7296aca5e198,SAMMS-MtPleasant
202608292054381943,202608291904437011,202608291904434406,85,4218,Bronze INV,br_ReAssessmentSocial,TASK_COMPLETE,SUCCESS,INFO,153,153,0,,2026-08-29T19:04:49.126Z,2026-08-29T20:54:41.421Z,6592,2026-08-29T20:54:41.421Z,MRD,Meridian,dd7385f2-fbd4-41a4-afcd-7296aca5e198,SAMMS-Meridian
202608292054381944,202608291904437012,202608291904434406,85,4223,Bronze INV,br_ReAssessmentSocial,TASK_COMPLETE,SUCCESS,INFO,693,693,0,,2026-08-29T19:04:49.126Z,2026-08-29T20:54:41.421Z,6592,2026-08-29T20:54:41.421Z,NC,North Charleston,dd7385f2-fbd4-41a4-afcd-7296aca5e198,SAMMS-NorthCharleston
202608292054381945,202608291904437013,202608291904434406,85,4224,Bronze INV,br_ReAssessmentSocial,TASK_COMPLETE,SUCCESS,INFO,0,0,0,,2026-08-29T19:04:49.126Z,2026-08-29T20:54:41.421Z,6592,2026-08-29T20:54:41.421Z,NLR,N. Little Rock,dd7385f2-fbd4-41a4-afcd-7296aca5e198,SAMMS-NLROBOT
202608292054381946,202608291904437014,202608291904434406,85,4225,Bronze INV,br_ReAssessmentSocial,TASK_COMPLETE,SUCCESS,INFO,111,111,0,,2026-08-29T19:04:49.126Z,2026-08-29T20:54:41.421Z,6592,2026-08-29T20:54:41.421Z,PH,Phoenix,dd7385f2-fbd4-41a4-afcd-7296aca5e198,SAMMS-Phoenix
202608292054381947,202608291904437015,202608291904434406,85,4229,Bronze INV,br_ReAssessmentSocial,TASK_COMPLETE,SUCCESS,INFO,213,213,0,,2026-08-29T19:04:49.126Z,2026-08-29T20:54:41.421Z,6592,2026-08-29T20:54:41.421Z,RE,Reno,dd7385f2-fbd4-41a4-afcd-7296aca5e198,SAMMS-Reno
202608292054381948,202608291904437016,202608291904434406,85,4230,Bronze INV,br_ReAssessmentSocial,TASK_COMPLETE,SUCCESS,INFO,87,87,0,,2026-08-29T19:04:49.126Z,2026-08-29T20:54:41.421Z,6592,2026-08-29T20:54:41.421Z,RMD,Richmond,dd7385f2-fbd4-41a4-afcd-7296aca5e198,SAMMS-Richmond
202608292054381949,202608291904437017,202608291904434406,85,4231,Bronze INV,br_ReAssessmentSocial,TASK_COMPLETE,SUCCESS,INFO,589,589,0,,2026-08-29T19:04:49.126Z,2026-08-29T20:54:41.421Z,6592,2026-08-29T20:54:41.421Z,SFN,Springfield North,dd7385f2-fbd4-41a4-afcd-7296aca5e198,SAMMS-SFNv5
202608292054381950,202608291904437018,202608291904434406,85,4232,Bronze INV,br_ReAssessmentSocial,TASK_COMPLETE,SUCCESS,INFO,762,762,0,,2026-08-29T19:04:49.126Z,2026-08-29T20:54:41.421Z,6592,2026-08-29T20:54:41.421Z,SHP,Shreveport,dd7385f2-fbd4-41a4-afcd-7296aca5e198,SAMMS-Shreveport
202608292054381952,202608291904437019,202608291904434406,85,4234,Bronze INV,br_ReAssessmentSocial,TASK_COMPLETE,SUCCESS,INFO,483,483,0,,2026-08-29T19:04:49.126Z,2026-08-29T20:54:41.421Z,6592,2026-08-29T20:54:41.421Z,STN,Staunton,dd7385f2-fbd4-41a4-afcd-7296aca5e198,SAMMS-Staunton
202608292054381953,202608291904437020,202608291904434406,85,4235,Bronze INV,br_ReAssessmentSocial,TASK_COMPLETE,SUCCESS,INFO,225,225,0,,2026-08-29T19:04:49.126Z,2026-08-29T20:54:41.421Z,6592,2026-08-29T20:54:41.421Z,STVN,Stevenson,dd7385f2-fbd4-41a4-afcd-7296aca5e198,SAMMS-Stevenson
202608292054381954,202608291904437021,202608291904434406,85,4237,Bronze INV,br_ReAssessmentSocial,TASK_COMPLETE,SUCCESS,INFO,173,173,0,,2026-08-29T19:04:49.126Z,2026-08-29T20:54:41.421Z,6592,2026-08-29T20:54:41.421Z,TE,Tempe,dd7385f2-fbd4-41a4-afcd-7296aca5e198,SAMMS-Tempe
202608292054381955,202608291904437022,202608291904434406,85,4238,Bronze INV,br_ReAssessmentSocial,TASK_COMPLETE,SUCCESS,INFO,0,0,0,,2026-08-29T19:04:49.126Z,2026-08-29T20:54:41.421Z,6592,2026-08-29T20:54:41.421Z,TEX,Texarkana,dd7385f2-fbd4-41a4-afcd-7296aca5e198,SAMMS-Texarkana
202608292054381956,202608291904437023,202608291904434406,85,4239,Bronze INV,br_ReAssessmentSocial,TASK_COMPLETE,SUCCESS,INFO,1069,1069,0,,2026-08-29T19:04:49.126Z,2026-08-29T20:54:41.421Z,6592,2026-08-29T20:54:41.421Z,TTCA,Bessemer,dd7385f2-fbd4-41a4-afcd-7296aca5e198,SAMMS-BessemerV5
202608292054381957,202608291904437024,202608291904434406,85,4240,Bronze INV,br_ReAssessmentSocial,TASK_COMPLETE,SUCCESS,INFO,1315,1315,0,,2026-08-29T19:04:49.126Z,2026-08-29T20:54:41.421Z,6592,2026-08-29T20:54:41.421Z,TTCB,Cullman,dd7385f2-fbd4-41a4-afcd-7296aca5e198,SAMMS-CullmanV5
202608292054381958,202608291904437025,202608291904434406,85,4241,Bronze INV,br_ReAssessmentSocial,TASK_COMPLETE,SUCCESS,INFO,939,939,0,,2026-08-29T19:04:49.126Z,2026-08-29T20:54:41.421Z,6592,2026-08-29T20:54:41.421Z,TTCC,Grand Bay,dd7385f2-fbd4-41a4-afcd-7296aca5e198,SAMMS-GrandBay
202608292054381959,202608291904437026,202608291904434406,85,4242,Bronze INV,br_ReAssessmentSocial,TASK_COMPLETE,SUCCESS,INFO,15,15,0,,2026-08-29T19:04:49.126Z,2026-08-29T20:54:41.421Z,6592,2026-08-29T20:54:41.421Z,TU,Tucson,dd7385f2-fbd4-41a4-afcd-7296aca5e198,SAMMS-Tucson
202608292054381960,202608291904437027,202608291904434406,85,4244,Bronze INV,br_ReAssessmentSocial,TASK_COMPLETE,SUCCESS,INFO,660,660,0,,2026-08-29T19:04:49.126Z,2026-08-29T20:54:41.421Z,6592,2026-08-29T20:54:41.421Z,V1,Memphis South,dd7385f2-fbd4-41a4-afcd-7296aca5e198,SAMMS-VCPHCS-I-MemphisV5
202608292054381961,202608291904437028,202608291904434406,85,4245,Bronze INV,br_ReAssessmentSocial,TASK_COMPLETE,SUCCESS,INFO,1626,1626,0,,2026-08-29T19:04:49.126Z,2026-08-29T20:54:41.421Z,6592,2026-08-29T20:54:41.421Z,V10,Longmont,dd7385f2-fbd4-41a4-afcd-7296aca5e198,SAMMS-BoulderV5
202608292054381962,202608291904437029,202608291904434406,85,4246,Bronze INV,br_ReAssessmentSocial,TASK_COMPLETE,SUCCESS,INFO,1511,1511,0,,2026-08-29T19:04:49.126Z,2026-08-29T20:54:41.421Z,6592,2026-08-29T20:54:41.421Z,V10A,Fort Collins,dd7385f2-fbd4-41a4-afcd-7296aca5e198,SAMMS-FortCollinsV5
202608292054381963,202608291904437030,202608291904434406,85,4247,Bronze INV,br_ReAssessmentSocial,TASK_COMPLETE,SUCCESS,INFO,2864,2864,0,,2026-08-29T19:04:49.126Z,2026-08-29T20:54:41.421Z,6592,2026-08-29T20:54:41.421Z,V11,Westminster,dd7385f2-fbd4-41a4-afcd-7296aca5e198,SAMMS-VCPHCS-XI-NorthDenverV5
202608292054381965,202608291904437031,202608291904434406,85,4248,Bronze INV,br_ReAssessmentSocial,TASK_COMPLETE,SUCCESS,INFO,3024,3024,0,,2026-08-29T19:04:49.126Z,2026-08-29T20:54:41.421Z,6592,2026-08-29T20:54:41.421Z,V12,Downtown Denver,dd7385f2-fbd4-41a4-afcd-7296aca5e198,SAMMS-VCPHCS-XII-DowntownDenverV5
202608292054381966,202608291904437032,202608291904434406,85,4249,Bronze INV,br_ReAssessmentSocial,TASK_COMPLETE,SUCCESS,INFO,1132,1132,0,,2026-08-29T19:04:49.126Z,2026-08-29T20:54:41.421Z,6592,2026-08-29T20:54:41.421Z,V12A,Centennial,dd7385f2-fbd4-41a4-afcd-7296aca5e198,SAMMS-CentennialV5
202608292054381967,202608291904437033,202608291904434406,85,4250,Bronze INV,br_ReAssessmentSocial,TASK_COMPLETE,SUCCESS,INFO,293,293,0,,2026-08-29T19:04:49.126Z,2026-08-29T20:54:41.421Z,6592,2026-08-29T20:54:41.421Z,V14,Overland Park,dd7385f2-fbd4-41a4-afcd-7296aca5e198,SAMMS-VCPHCS-XIV-BridgewayV5
202608292054381968,202608291904437034,202608291904434406,85,4251,Bronze INV,br_ReAssessmentSocial,TASK_COMPLETE,SUCCESS,INFO,608,608,0,,2026-08-29T19:04:49.126Z,2026-08-29T20:54:41.421Z,6592,2026-08-29T20:54:41.421Z,V15,Joplin,dd7385f2-fbd4-41a4-afcd-7296aca5e198,SAMMS-JoplinV5
202608292054381969,202608291904437035,202608291904434406,85,4253,Bronze INV,br_ReAssessmentSocial,TASK_COMPLETE,SUCCESS,INFO,901,901,0,,2026-08-29T19:04:49.126Z,2026-08-29T20:54:41.421Z,6592,2026-08-29T20:54:41.421Z,V17,Columbia TN,dd7385f2-fbd4-41a4-afcd-7296aca5e198,SAMMS-ColumbiaTNv5
202608292054381970,202608291904437036,202608291904434406,85,4255,Bronze INV,br_ReAssessmentSocial,TASK_COMPLETE,SUCCESS,INFO,533,533,0,,2026-08-29T19:04:49.126Z,2026-08-29T20:54:41.421Z,6592,2026-08-29T20:54:41.421Z,V19,Jackson,dd7385f2-fbd4-41a4-afcd-7296aca5e198,SAMMS-JacksonV5
202608292054381971,202608291904437037,202608291904434406,85,4257,Bronze INV,br_ReAssessmentSocial,TASK_COMPLETE,SUCCESS,INFO,1758,1758,0,,2026-08-29T19:04:49.126Z,2026-08-29T20:54:41.421Z,6592,2026-08-29T20:54:41.421Z,V20,Paris,dd7385f2-fbd4-41a4-afcd-7296aca5e198,SAMMS-ParisV5
202608292054381972,202608291904437038,202608291904434406,85,4258,Bronze INV,br_ReAssessmentSocial,TASK_COMPLETE,SUCCESS,INFO,723,723,0,,2026-08-29T19:04:49.126Z,2026-08-29T20:54:41.421Z,6592,2026-08-29T20:54:41.421Z,V21,Memphis North,dd7385f2-fbd4-41a4-afcd-7296aca5e198,SAMMS-RaleighV5
202608292054381973,202608291904437039,202608291904434406,85,4261,Bronze INV,br_ReAssessmentSocial,TASK_COMPLETE,SUCCESS,INFO,1770,1770,0,,2026-08-29T19:04:49.126Z,2026-08-29T20:54:41.421Z,6592,2026-08-29T20:54:41.421Z,V5,West Bank,dd7385f2-fbd4-41a4-afcd-7296aca5e198,SAMMS-NONTCv5
202608292054381974,202608291904437040,202608291904434406,85,4263,Bronze INV,br_ReAssessmentSocial,TASK_COMPLETE,SUCCESS,INFO,144,144,0,,2026-08-29T19:04:49.126Z,2026-08-29T20:54:41.421Z,6592,2026-08-29T20:54:41.421Z,V5B,Houma,dd7385f2-fbd4-41a4-afcd-7296aca5e198,SAMMS-HoumaV6
202608292054381975,202608291904437041,202608291904434406,85,4264,Bronze INV,br_ReAssessmentSocial,TASK_COMPLETE,SUCCESS,INFO,1906,1906,0,,2026-08-29T19:04:49.126Z,2026-08-29T20:54:41.421Z,6592,2026-08-29T20:54:41.421Z,V6,Lake Charles,dd7385f2-fbd4-41a4-afcd-7296aca5e198,SAMMS-LCv5
202608292054381977,202608291904437042,202608291904434406,85,4266,Bronze INV,br_ReAssessmentSocial,TASK_COMPLETE,SUCCESS,INFO,739,739,0,,2026-08-29T19:04:49.126Z,2026-08-29T20:54:41.421Z,6592,2026-08-29T20:54:41.421Z,V8,Memphis Midtown,dd7385f2-fbd4-41a4-afcd-7296aca5e198,SAMMS-VCPHCS-VIII-MemphisV5
202608292054381978,202608291904437043,202608291904434406,85,4267,Bronze INV,br_ReAssessmentSocial,TASK_COMPLETE,SUCCESS,INFO,1760,1760,0,,2026-08-29T19:04:49.126Z,2026-08-29T20:54:41.421Z,6592,2026-08-29T20:54:41.421Z,V9,Nashville,dd7385f2-fbd4-41a4-afcd-7296aca5e198,SAMMS-NashvilleV5
202608292054381979,202608291904437044,202608291904434406,85,4268,Bronze INV,br_ReAssessmentSocial,TASK_COMPLETE,SUCCESS,INFO,838,838,0,,2026-08-29T19:04:49.126Z,2026-08-29T20:54:41.421Z,6592,2026-08-29T20:54:41.421Z,VBRA,Brainerd,dd7385f2-fbd4-41a4-afcd-7296aca5e198,SAMMS-BrainerdV6
202608292054381980,202608291904437045,202608291904434406,85,4269,Bronze INV,br_ReAssessmentSocial,TASK_COMPLETE,SUCCESS,INFO,1957,1957,0,,2026-08-29T19:04:49.126Z,2026-08-29T20:54:41.421Z,6592,2026-08-29T20:54:41.421Z,VBRP,Brooklyn Park,dd7385f2-fbd4-41a4-afcd-7296aca5e198,SAMMS-BrooklynParkV6
202608292054381981,202608291904437046,202608291904434406,85,4271,Bronze INV,br_ReAssessmentSocial,TASK_COMPLETE,SUCCESS,INFO,740,740,0,,2026-08-29T19:04:49.126Z,2026-08-29T20:54:41.421Z,6592,2026-08-29T20:54:41.421Z,VMIN,Minneapolis,dd7385f2-fbd4-41a4-afcd-7296aca5e198,SAMMS-MinneapolisV6
202608292054381982,202608291904437047,202608291904434406,85,4272,Bronze INV,br_ReAssessmentSocial,TASK_COMPLETE,SUCCESS,INFO,876,876,0,,2026-08-29T19:04:49.126Z,2026-08-29T20:54:41.421Z,6592,2026-08-29T20:54:41.421Z,VWBY,Woodbury,dd7385f2-fbd4-41a4-afcd-7296aca5e198,SAMMS-WoodburyV6
202608292054381983,202608291904437048,202608291904434406,85,4274,Bronze INV,br_ReAssessmentSocial,TASK_COMPLETE,SUCCESS,INFO,161,161,0,,2026-08-29T19:04:49.126Z,2026-08-29T20:54:41.421Z,6592,2026-08-29T20:54:41.421Z,WIL,Wilson,dd7385f2-fbd4-41a4-afcd-7296aca5e198,SAMMS-Wilson
202608292054381984,202608291904437049,202608291904434406,85,4462,Bronze INV,br_ReAssessmentTreatment,TASK_COMPLETE,SUCCESS,INFO,35,35,0,,2026-08-29T19:04:49.126Z,2026-08-29T20:54:41.421Z,6592,2026-08-29T20:54:41.421Z,AHK,Ahoskie,dd7385f2-fbd4-41a4-afcd-7296aca5e198,SAMMS-Ahoskie
202608292054381985,202608291904437050,202608291904434406,85,4463,Bronze INV,br_ReAssessmentTreatment,TASK_COMPLETE,SUCCESS,INFO,662,662,0,,2026-08-29T19:04:49.126Z,2026-08-29T20:54:41.421Z,6592,2026-08-29T20:54:41.421Z,B12B,Colorado Springs,dd7385f2-fbd4-41a4-afcd-7296aca5e198,SAMMS-ColoradoSpringsV5
202608292054381986,202608291904437051,202608291904434406,85,4464,Bronze INV,br_ReAssessmentTreatment,TASK_COMPLETE,SUCCESS,INFO,828,828,0,,2026-08-29T19:04:49.126Z,2026-08-29T20:54:41.421Z,6592,2026-08-29T20:54:41.421Z,B24,Paintsville,dd7385f2-fbd4-41a4-afcd-7296aca5e198,SAMMS-PaintsvilleV5
202608292054381987,202608291904437052,202608291904434406,85,4465,Bronze INV,br_ReAssessmentTreatment,TASK_COMPLETE,SUCCESS,INFO,646,646,0,,2026-08-29T19:04:49.126Z,2026-08-29T20:54:41.421Z,6592,2026-08-29T20:54:41.421Z,B25,Pikeville,dd7385f2-fbd4-41a4-afcd-7296aca5e198,SAMMS-PikevilleV5
202608292054381988,202608291904437053,202608291904434406,85,4466,Bronze INV,br_ReAssessmentTreatment,TASK_COMPLETE,SUCCESS,INFO,973,973,0,,2026-08-29T19:04:49.126Z,2026-08-29T20:54:41.421Z,6592,2026-08-29T20:54:41.421Z,B26,Hazard,dd7385f2-fbd4-41a4-afcd-7296aca5e198,SAMMS-HazardV5
202608292054381990,202608291904437054,202608291904434406,85,4467,Bronze INV,br_ReAssessmentTreatment,TASK_COMPLETE,SUCCESS,INFO,532,532,0,,2026-08-29T19:04:49.126Z,2026-08-29T20:54:41.421Z,6592,2026-08-29T20:54:41.421Z,B27,Savannah,dd7385f2-fbd4-41a4-afcd-7296aca5e198,SAMMS-SavannahV6
202608292054381991,202608291904437055,202608291904434406,85,4468,Bronze INV,br_ReAssessmentTreatment,TASK_COMPLETE,SUCCESS,INFO,247,247,0,,2026-08-29T19:04:49.126Z,2026-08-29T20:54:41.421Z,6592,2026-08-29T20:54:41.421Z,B28,West Plains,dd7385f2-fbd4-41a4-afcd-7296aca5e198,SAMMS-WestPlainesV5
202608292054381992,202608291904437056,202608291904434406,85,4469,Bronze INV,br_ReAssessmentTreatment,TASK_COMPLETE,SUCCESS,INFO,460,460,0,,2026-08-29T19:04:49.126Z,2026-08-29T20:54:41.421Z,6592,2026-08-29T20:54:41.421Z,B29,Poplar Bluff,dd7385f2-fbd4-41a4-afcd-7296aca5e198,SAMMS-PoplarBluffV5
202608292054381993,202608291904437057,202608291904434406,85,4470,Bronze INV,br_ReAssessmentTreatment,TASK_COMPLETE,SUCCESS,INFO,78,78,0,,2026-08-29T19:04:49.126Z,2026-08-29T20:54:41.421Z,6592,2026-08-29T20:54:41.421Z,B30,KC North,dd7385f2-fbd4-41a4-afcd-7296aca5e198,SAMMS-KCNv5
202608292054381994,202608291904437058,202608291904434406,85,4471,Bronze INV,br_ReAssessmentTreatment,TASK_COMPLETE,SUCCESS,INFO,400,400,0,,2026-08-29T19:04:49.126Z,2026-08-29T20:54:41.421Z,6592,2026-08-29T20:54:41.421Z,B31,Dyersburg,dd7385f2-fbd4-41a4-afcd-7296aca5e198,SAMMS-DyersburgV5
202608292054381995,202608291904437059,202608291904434406,85,4473,Bronze INV,br_ReAssessmentTreatment,TASK_COMPLETE,SUCCESS,INFO,488,488,0,,2026-08-29T19:04:49.126Z,2026-08-29T20:54:41.421Z,6592,2026-08-29T20:54:41.421Z,B33,Paducah,dd7385f2-fbd4-41a4-afcd-7296aca5e198,SAMMS-Paducah
202608292054381996,202608291904437060,202608291904434406,85,4474,Bronze INV,br_ReAssessmentTreatment,TASK_COMPLETE,SUCCESS,INFO,382,382,0,,2026-08-29T19:04:49.126Z,2026-08-29T20:54:41.421Z,6592,2026-08-29T20:54:41.421Z,B34,Corbin,dd7385f2-fbd4-41a4-afcd-7296aca5e198,SAMMS-CorbinV5
202608292054381997,202608291904437061,202608291904434406,85,4475,Bronze INV,br_ReAssessmentTreatment,TASK_COMPLETE,SUCCESS,INFO,239,239,0,,2026-08-29T19:04:49.126Z,2026-08-29T20:54:41.421Z,6592,2026-08-29T20:54:41.421Z,B35,Lexington,dd7385f2-fbd4-41a4-afcd-7296aca5e198,SAMMS-LexingtonV5
202608292054381998,202608291904437062,202608291904434406,85,4476,Bronze INV,br_ReAssessmentTreatment,TASK_COMPLETE,SUCCESS,INFO,77,77,0,,2026-08-29T19:04:49.126Z,2026-08-29T20:54:41.421Z,6592,2026-08-29T20:54:41.421Z,B35A,Berea,dd7385f2-fbd4-41a4-afcd-7296aca5e198,SAMMS-BereaV5
202608292054381999,202608291904437063,202608291904434406,85,4477,Bronze INV,br_ReAssessmentTreatment,TASK_COMPLETE,SUCCESS,INFO,21,21,0,,2026-08-29T19:04:49.126Z,2026-08-29T20:54:41.421Z,6592,2026-08-29T20:54:41.421Z,B36,Asheville,dd7385f2-fbd4-41a4-afcd-7296aca5e198,SAMMS-AshevilleV5
202608292054382000,202608291904437064,202608291904434406,85,4478,Bronze INV,br_ReAssessmentTreatment,TASK_COMPLETE,SUCCESS,INFO,1,1,0,,2026-08-29T19:04:49.126Z,2026-08-29T20:54:41.421Z,6592,2026-08-29T20:54:41.421Z,B37,Clyde,dd7385f2-fbd4-41a4-afcd-7296aca5e198,SAMMS-ClydeV5
202608292054382002,202608291904437065,202608291904434406,85,4479,Bronze INV,br_ReAssessmentTreatment,TASK_COMPLETE,SUCCESS,INFO,1185,1185,0,,2026-08-29T19:04:49.126Z,2026-08-29T20:54:41.421Z,6592,2026-08-29T20:54:41.421Z,B38,Spartanburg,dd7385f2-fbd4-41a4-afcd-7296aca5e198,SAMMS-SpartanburgV5
202608292054382003,202608291904437066,202608291904434406,85,4480,Bronze INV,br_ReAssessmentTreatment,TASK_COMPLETE,SUCCESS,INFO,361,361,0,,2026-08-29T19:04:49.126Z,2026-08-29T20:54:41.421Z,6592,2026-08-29T20:54:41.421Z,B39,Aiken,dd7385f2-fbd4-41a4-afcd-7296aca5e198,SAMMS-AikenV5
202608292054382004,202608291904437067,202608291904434406,85,4481,Bronze INV,br_ReAssessmentTreatment,TASK_COMPLETE,SUCCESS,INFO,1886,1886,0,,2026-08-29T19:04:49.126Z,2026-08-29T20:54:41.421Z,6592,2026-08-29T20:54:41.421Z,B41,Chesapeake,dd7385f2-fbd4-41a4-afcd-7296aca5e198,SAMMS-ChesapeakeV5
202608292054382005,202608291904437068,202608291904434406,85,4482,Bronze INV,br_ReAssessmentTreatment,TASK_COMPLETE,SUCCESS,INFO,1911,1911,0,,2026-08-29T19:04:49.126Z,2026-08-29T20:54:41.421Z,6592,2026-08-29T20:54:41.421Z,B42,Virginia Beach,dd7385f2-fbd4-41a4-afcd-7296aca5e198,SAMMS-VirginiaBeachV5
202608292054382006,202608291904437069,202608291904434406,85,4483,Bronze INV,br_ReAssessmentTreatment,TASK_COMPLETE,SUCCESS,INFO,925,925,0,,2026-08-29T19:04:49.126Z,2026-08-29T20:54:41.421Z,6592,2026-08-29T20:54:41.421Z,B42A,Newport News,dd7385f2-fbd4-41a4-afcd-7296aca5e198,SAMMS-NewportNewsV5
202608292054382007,202608291904437070,202608291904434406,85,4484,Bronze INV,br_ReAssessmentTreatment,TASK_COMPLETE,SUCCESS,INFO,507,507,0,,2026-08-29T19:04:49.126Z,2026-08-29T20:54:41.421Z,6592,2026-08-29T20:54:41.421Z,B42B,Franklin,dd7385f2-fbd4-41a4-afcd-7296aca5e198,SAMMS-FranklinV5
202608292054382008,202608291904437071,202608291904434406,85,4485,Bronze INV,br_ReAssessmentTreatment,TASK_COMPLETE,SUCCESS,INFO,340,340,0,,2026-08-29T19:04:49.126Z,2026-08-29T20:54:41.421Z,6592,2026-08-29T20:54:41.421Z,B42C,Glen Allen,dd7385f2-fbd4-41a4-afcd-7296aca5e198,SAMMS-GlenAllenV5
202608292054382009,202608291904437072,202608291904434406,85,4486,Bronze INV,br_ReAssessmentTreatment,TASK_COMPLETE,SUCCESS,INFO,1481,1481,0,,2026-08-29T19:04:49.126Z,2026-08-29T20:54:41.421Z,6592,2026-08-29T20:54:41.421Z,B42D,Chesapeake South,dd7385f2-fbd4-41a4-afcd-7296aca5e198,SAMMS-ChesapeakeSouthV5
202609012114521452,202609011903674586,202609011903672005,85,4187,Bronze INV,br_ReAssessmentSocial,TASK_COMPLETE,SUCCESS,INFO,529,529,0,,2026-09-01T19:04:17.664Z,2026-09-01T21:14:55.846Z,7838,2026-09-01T21:14:55.846Z,DRD-CO,Columbia MO,0e5f68b5-5669-4bb1-91ce-4b967b620e7d,SAMMS-ColumbiaV5
202609012114521453,202609011903674587,202609011903672005,85,4188,Bronze INV,br_ReAssessmentSocial,TASK_COMPLETE,SUCCESS,INFO,347,347,0,,2026-09-01T19:04:17.664Z,2026-09-01T21:14:55.846Z,7838,2026-09-01T21:14:55.846Z,DRD-KC,KC,0e5f68b5-5669-4bb1-91ce-4b967b620e7d,SAMMS-KCv5
202609012114521455,202609011903674588,202609011903672005,85,4189,Bronze INV,br_ReAssessmentSocial,TASK_COMPLETE,SUCCESS,INFO,1551,1551,0,,2026-09-01T19:04:17.664Z,2026-09-01T21:14:55.846Z,7838,2026-09-01T21:14:55.846Z,DRD-KVB,KVB,0e5f68b5-5669-4bb1-91ce-4b967b620e7d,SAMMS-KVBv5
202609012114521456,202609011903674589,202609011903672005,85,4190,Bronze INV,br_ReAssessmentSocial,TASK_COMPLETE,SUCCESS,INFO,1669,1669,0,,2026-09-01T19:04:17.664Z,2026-09-01T21:14:55.846Z,7838,2026-09-01T21:14:55.846Z,DRD-KVC,KVC,0e5f68b5-5669-4bb1-91ce-4b967b620e7d,SAMMS-KVCv5
202609012114521457,202609011903674590,202609011903672005,85,4191,Bronze INV,br_ReAssessmentSocial,TASK_COMPLETE,SUCCESS,INFO,3201,3201,0,,2026-09-01T19:04:17.664Z,2026-09-01T21:14:55.846Z,7838,2026-09-01T21:14:55.846Z,DRD-NOLA,NOLA,0e5f68b5-5669-4bb1-91ce-4b967b620e7d,SAMMS-NOLAv5
202609012114521458,202609011903674591,202609011903672005,85,4192,Bronze INV,br_ReAssessmentSocial,TASK_COMPLETE,SUCCESS,INFO,798,798,0,,2026-09-01T19:04:17.664Z,2026-09-01T21:14:55.846Z,7838,2026-09-01T21:14:55.846Z,DRD-SF,Springfield,0e5f68b5-5669-4bb1-91ce-4b967b620e7d,SAMMS-SFv5
202609012114521459,202609011903674592,202609011903672005,85,4194,Bronze INV,br_ReAssessmentSocial,TASK_COMPLETE,SUCCESS,INFO,260,260,0,,2026-09-01T19:04:17.664Z,2026-09-01T21:14:55.846Z,7838,2026-09-01T21:14:55.846Z,ELC,Elizabeth City,0e5f68b5-5669-4bb1-91ce-4b967b620e7d,SAMMS-ElizabethCity
202609012114521460,202609011903674593,202609011903672005,85,4195,Bronze INV,br_ReAssessmentSocial,TASK_COMPLETE,SUCCESS,INFO,128,128,0,,2026-09-01T19:04:17.664Z,2026-09-01T21:14:55.846Z,7838,2026-09-01T21:14:55.846Z,ET,Elizabethtown,0e5f68b5-5669-4bb1-91ce-4b967b620e7d,SAMMS-Elizabethtown
202609012114521461,202609011903674594,202609011903672005,85,4196,Bronze INV,br_ReAssessmentSocial,TASK_COMPLETE,SUCCESS,INFO,0,0,0,,2026-09-01T19:04:17.664Z,2026-09-01T21:14:55.846Z,7838,2026-09-01T21:14:55.846Z,FAY,Fayetteville,0e5f68b5-5669-4bb1-91ce-4b967b620e7d,SAMMS-Fayetteville
202609012114521463,202609011903674595,202609011903672005,85,4197,Bronze INV,br_ReAssessmentSocial,TASK_COMPLETE,SUCCESS,INFO,156,156,0,,2026-09-01T19:04:17.664Z,2026-09-01T21:14:55.846Z,7838,2026-09-01T21:14:55.846Z,FR,Frankfort,0e5f68b5-5669-4bb1-91ce-4b967b620e7d,SAMMS-Frankfort
202609012114521464,202609011903674596,202609011903672005,85,4198,Bronze INV,br_ReAssessmentSocial,TASK_COMPLETE,SUCCESS,INFO,0,0,0,,2026-09-01T19:04:17.664Z,2026-09-01T21:14:55.846Z,7838,2026-09-01T21:14:55.846Z,FS,Fort Smith,0e5f68b5-5669-4bb1-91ce-4b967b620e7d,SAMMS-FortSmith
202609012114521465,202609011903674597,202609011903672005,85,4199,Bronze INV,br_ReAssessmentSocial,TASK_COMPLETE,SUCCESS,INFO,465,465,0,,2026-09-01T19:04:17.664Z,2026-09-01T21:14:55.846Z,7838,2026-09-01T21:14:55.846Z,FW,Fort Wayne,0e5f68b5-5669-4bb1-91ce-4b967b620e7d,SAMMS-FortWayne
202609012114521466,202609011903674598,202609011903672005,85,4200,Bronze INV,br_ReAssessmentSocial,TASK_COMPLETE,SUCCESS,INFO,273,273,0,,2026-09-01T19:04:17.664Z,2026-09-01T21:14:55.846Z,7838,2026-09-01T21:14:55.846Z,GAL,Gaylord,0e5f68b5-5669-4bb1-91ce-4b967b620e7d,SAMMS-Gaylord
202609012114521467,202609011903674599,202609011903672005,85,4204,Bronze INV,br_ReAssessmentSocial,TASK_COMPLETE,SUCCESS,INFO,100,100,0,,2026-09-01T19:04:17.664Z,2026-09-01T21:14:55.846Z,7838,2026-09-01T21:14:55.846Z,HGT,Hagerstown,0e5f68b5-5669-4bb1-91ce-4b967b620e7d,SAMMS-Hagerstown
202609012114521468,202609011903674600,202609011903672005,85,4205,Bronze INV,br_ReAssessmentSocial,TASK_COMPLETE,SUCCESS,INFO,1718,1718,0,,2026-09-01T19:04:17.664Z,2026-09-01T21:14:55.846Z,7838,2026-09-01T21:14:55.846Z,HNT,Huntsville,0e5f68b5-5669-4bb1-91ce-4b967b620e7d,SAMMS-Huntsville
202609012114521469,202609011903674601,202609011903672005,85,4206,Bronze INV,br_ReAssessmentSocial,TASK_COMPLETE,SUCCESS,INFO,0,0,0,,2026-09-01T19:04:17.664Z,2026-09-01T21:14:55.846Z,7838,2026-09-01T21:14:55.846Z,HS,Hot Springs,0e5f68b5-5669-4bb1-91ce-4b967b620e7d,SAMMS-HotSprings
202609012114521470,202609011903674602,202609011903672005,85,4207,Bronze INV,br_ReAssessmentSocial,TASK_COMPLETE,SUCCESS,INFO,0,0,0,,2026-09-01T19:04:17.664Z,2026-09-01T21:14:55.846Z,7838,2026-09-01T21:14:55.846Z,JON,Jonesboro,0e5f68b5-5669-4bb1-91ce-4b967b620e7d,SAMMS-Jonesboro
202609012114521472,202609011903674603,202609011903672005,85,4209,Bronze INV,br_ReAssessmentSocial,TASK_COMPLETE,SUCCESS,INFO,444,444,0,,2026-09-01T19:04:17.664Z,2026-09-01T21:14:55.846Z,7838,2026-09-01T21:14:55.846Z,LAN,Lansing,0e5f68b5-5669-4bb1-91ce-4b967b620e7d,SAMMS-Lansing
202609012114521473,202609011903674604,202609011903672005,85,4210,Bronze INV,br_ReAssessmentSocial,TASK_COMPLETE,SUCCESS,INFO,1286,1286,0,,2026-09-01T19:04:17.664Z,2026-09-01T21:14:55.846Z,7838,2026-09-01T21:14:55.846Z,LO,Louisville,0e5f68b5-5669-4bb1-91ce-4b967b620e7d,SAMMS-Louisville
202609012114521474,202609011903674605,202609011903672005,85,4211,Bronze INV,br_ReAssessmentSocial,TASK_COMPLETE,SUCCESS,INFO,291,291,0,,2026-09-01T19:04:17.664Z,2026-09-01T21:14:55.846Z,7838,2026-09-01T21:14:55.846Z,LV1,Cheyenne,0e5f68b5-5669-4bb1-91ce-4b967b620e7d,SAMMS-Cheyenne
202609012114521475,202609011903674606,202609011903672005,85,4212,Bronze INV,br_ReAssessmentSocial,TASK_COMPLETE,SUCCESS,INFO,204,204,0,,2026-09-01T19:04:17.664Z,2026-09-01T21:14:55.846Z,7838,2026-09-01T21:14:55.846Z,LV2,Desert Inn,0e5f68b5-5669-4bb1-91ce-4b967b620e7d,SAMMS-DesertInn
202609012114521476,202609011903674607,202609011903672005,85,4213,Bronze INV,br_ReAssessmentSocial,TASK_COMPLETE,SUCCESS,INFO,110,110,0,,2026-09-01T19:04:17.664Z,2026-09-01T21:14:55.846Z,7838,2026-09-01T21:14:55.846Z,LV3,McDaniel,0e5f68b5-5669-4bb1-91ce-4b967b620e7d,SAMMS-McDaniel
202609012114521477,202609011903674608,202609011903672005,85,4216,Bronze INV,br_ReAssessmentSocial,TASK_COMPLETE,SUCCESS,INFO,358,358,0,,2026-09-01T19:04:17.664Z,2026-09-01T21:14:55.846Z,7838,2026-09-01T21:14:55.846Z,MNRE,Monroe,0e5f68b5-5669-4bb1-91ce-4b967b620e7d,SAMMS-Monroe
202609012114521478,202609011903674609,202609011903672005,85,4217,Bronze INV,br_ReAssessmentSocial,TASK_COMPLETE,SUCCESS,INFO,1422,1422,0,,2026-09-01T19:04:17.664Z,2026-09-01T21:14:55.846Z,7838,2026-09-01T21:14:55.846Z,MP,Mt. Pleasant,0e5f68b5-5669-4bb1-91ce-4b967b620e7d,SAMMS-MtPleasant
202609012114521479,202609011903674610,202609011903672005,85,4218,Bronze INV,br_ReAssessmentSocial,TASK_COMPLETE,SUCCESS,INFO,153,153,0,,2026-09-01T19:04:17.664Z,2026-09-01T21:14:55.846Z,7838,2026-09-01T21:14:55.846Z,MRD,Meridian,0e5f68b5-5669-4bb1-91ce-4b967b620e7d,SAMMS-Meridian
202609012114521481,202609011903674611,202609011903672005,85,4223,Bronze INV,br_ReAssessmentSocial,TASK_COMPLETE,SUCCESS,INFO,693,693,0,,2026-09-01T19:04:17.664Z,2026-09-01T21:14:55.846Z,7838,2026-09-01T21:14:55.846Z,NC,North Charleston,0e5f68b5-5669-4bb1-91ce-4b967b620e7d,SAMMS-NorthCharleston
202609012114521482,202609011903674612,202609011903672005,85,4224,Bronze INV,br_ReAssessmentSocial,TASK_COMPLETE,SUCCESS,INFO,0,0,0,,2026-09-01T19:04:17.664Z,2026-09-01T21:14:55.846Z,7838,2026-09-01T21:14:55.846Z,NLR,N. Little Rock,0e5f68b5-5669-4bb1-91ce-4b967b620e7d,SAMMS-NLROBOT
202609012114521483,202609011903674613,202609011903672005,85,4225,Bronze INV,br_ReAssessmentSocial,TASK_COMPLETE,SUCCESS,INFO,111,111,0,,2026-09-01T19:04:17.664Z,2026-09-01T21:14:55.846Z,7838,2026-09-01T21:14:55.846Z,PH,Phoenix,0e5f68b5-5669-4bb1-91ce-4b967b620e7d,SAMMS-Phoenix
202609012114521484,202609011903674614,202609011903672005,85,4229,Bronze INV,br_ReAssessmentSocial,TASK_COMPLETE,SUCCESS,INFO,213,213,0,,2026-09-01T19:04:17.664Z,2026-09-01T21:14:55.846Z,7838,2026-09-01T21:14:55.846Z,RE,Reno,0e5f68b5-5669-4bb1-91ce-4b967b620e7d,SAMMS-Reno
202609012114521485,202609011903674615,202609011903672005,85,4230,Bronze INV,br_ReAssessmentSocial,TASK_COMPLETE,SUCCESS,INFO,87,87,0,,2026-09-01T19:04:17.664Z,2026-09-01T21:14:55.846Z,7838,2026-09-01T21:14:55.846Z,RMD,Richmond,0e5f68b5-5669-4bb1-91ce-4b967b620e7d,SAMMS-Richmond
202609012114521486,202609011903674616,202609011903672005,85,4231,Bronze INV,br_ReAssessmentSocial,TASK_COMPLETE,SUCCESS,INFO,589,589,0,,2026-09-01T19:04:17.664Z,2026-09-01T21:14:55.846Z,7838,2026-09-01T21:14:55.846Z,SFN,Springfield North,0e5f68b5-5669-4bb1-91ce-4b967b620e7d,SAMMS-SFNv5
202609012114521487,202609011903674617,202609011903672005,85,4232,Bronze INV,br_ReAssessmentSocial,TASK_COMPLETE,SUCCESS,INFO,762,762,0,,2026-09-01T19:04:17.664Z,2026-09-01T21:14:55.846Z,7838,2026-09-01T21:14:55.846Z,SHP,Shreveport,0e5f68b5-5669-4bb1-91ce-4b967b620e7d,SAMMS-Shreveport
202609012114521488,202609011903674618,202609011903672005,85,4234,Bronze INV,br_ReAssessmentSocial,TASK_COMPLETE,SUCCESS,INFO,483,483,0,,2026-09-01T19:04:17.664Z,2026-09-01T21:14:55.846Z,7838,2026-09-01T21:14:55.846Z,STN,Staunton,0e5f68b5-5669-4bb1-91ce-4b967b620e7d,SAMMS-Staunton
202609012114521490,202609011903674619,202609011903672005,85,4235,Bronze INV,br_ReAssessmentSocial,TASK_COMPLETE,SUCCESS,INFO,225,225,0,,2026-09-01T19:04:17.664Z,2026-09-01T21:14:55.846Z,7838,2026-09-01T21:14:55.846Z,STVN,Stevenson,0e5f68b5-5669-4bb1-91ce-4b967b620e7d,SAMMS-Stevenson
202609012114521491,202609011903674620,202609011903672005,85,4237,Bronze INV,br_ReAssessmentSocial,TASK_COMPLETE,SUCCESS,INFO,173,173,0,,2026-09-01T19:04:17.664Z,2026-09-01T21:14:55.846Z,7838,2026-09-01T21:14:55.846Z,TE,Tempe,0e5f68b5-5669-4bb1-91ce-4b967b620e7d,SAMMS-Tempe
202609012114521492,202609011903674621,202609011903672005,85,4238,Bronze INV,br_ReAssessmentSocial,TASK_COMPLETE,SUCCESS,INFO,0,0,0,,2026-09-01T19:04:17.664Z,2026-09-01T21:14:55.846Z,7838,2026-09-01T21:14:55.846Z,TEX,Texarkana,0e5f68b5-5669-4bb1-91ce-4b967b620e7d,SAMMS-Texarkana
202609012114521493,202609011903674622,202609011903672005,85,4239,Bronze INV,br_ReAssessmentSocial,TASK_COMPLETE,SUCCESS,INFO,1069,1069,0,,2026-09-01T19:04:17.664Z,2026-09-01T21:14:55.846Z,7838,2026-09-01T21:14:55.846Z,TTCA,Bessemer,0e5f68b5-5669-4bb1-91ce-4b967b620e7d,SAMMS-BessemerV5
202609012114521494,202609011903674623,202609011903672005,85,4240,Bronze INV,br_ReAssessmentSocial,TASK_COMPLETE,SUCCESS,INFO,1315,1315,0,,2026-09-01T19:04:17.664Z,2026-09-01T21:14:55.846Z,7838,2026-09-01T21:14:55.846Z,TTCB,Cullman,0e5f68b5-5669-4bb1-91ce-4b967b620e7d,SAMMS-CullmanV5
202609012114521495,202609011903674624,202609011903672005,85,4241,Bronze INV,br_ReAssessmentSocial,TASK_COMPLETE,SUCCESS,INFO,939,939,0,,2026-09-01T19:04:17.664Z,2026-09-01T21:14:55.846Z,7838,2026-09-01T21:14:55.846Z,TTCC,Grand Bay,0e5f68b5-5669-4bb1-91ce-4b967b620e7d,SAMMS-GrandBay
202609012114521496,202609011903674625,202609011903672005,85,4242,Bronze INV,br_ReAssessmentSocial,TASK_COMPLETE,SUCCESS,INFO,15,15,0,,2026-09-01T19:04:17.664Z,2026-09-01T21:14:55.846Z,7838,2026-09-01T21:14:55.846Z,TU,Tucson,0e5f68b5-5669-4bb1-91ce-4b967b620e7d,SAMMS-Tucson
202609012114521497,202609011903674626,202609011903672005,85,4244,Bronze INV,br_ReAssessmentSocial,TASK_COMPLETE,SUCCESS,INFO,660,660,0,,2026-09-01T19:04:17.664Z,2026-09-01T21:14:55.846Z,7838,2026-09-01T21:14:55.846Z,V1,Memphis South,0e5f68b5-5669-4bb1-91ce-4b967b620e7d,SAMMS-VCPHCS-I-MemphisV5
202609012114521499,202609011903674627,202609011903672005,85,4245,Bronze INV,br_ReAssessmentSocial,TASK_COMPLETE,SUCCESS,INFO,1626,1626,0,,2026-09-01T19:04:17.664Z,2026-09-01T21:14:55.846Z,7838,2026-09-01T21:14:55.846Z,V10,Longmont,0e5f68b5-5669-4bb1-91ce-4b967b620e7d,SAMMS-BoulderV5
202609012114521500,202609011903674628,202609011903672005,85,4246,Bronze INV,br_ReAssessmentSocial,TASK_COMPLETE,SUCCESS,INFO,1511,1511,0,,2026-09-01T19:04:17.664Z,2026-09-01T21:14:55.846Z,7838,2026-09-01T21:14:55.846Z,V10A,Fort Collins,0e5f68b5-5669-4bb1-91ce-4b967b620e7d,SAMMS-FortCollinsV5
202609012114521501,202609011903674629,202609011903672005,85,4247,Bronze INV,br_ReAssessmentSocial,TASK_COMPLETE,SUCCESS,INFO,2864,2864,0,,2026-09-01T19:04:17.664Z,2026-09-01T21:14:55.846Z,7838,2026-09-01T21:14:55.846Z,V11,Westminster,0e5f68b5-5669-4bb1-91ce-4b967b620e7d,SAMMS-VCPHCS-XI-NorthDenverV5
202609012114521502,202609011903674630,202609011903672005,85,4248,Bronze INV,br_ReAssessmentSocial,TASK_COMPLETE,SUCCESS,INFO,3024,3024,0,,2026-09-01T19:04:17.664Z,2026-09-01T21:14:55.846Z,7838,2026-09-01T21:14:55.846Z,V12,Downtown Denver,0e5f68b5-5669-4bb1-91ce-4b967b620e7d,SAMMS-VCPHCS-XII-DowntownDenverV5
202609012114521503,202609011903674631,202609011903672005,85,4249,Bronze INV,br_ReAssessmentSocial,TASK_COMPLETE,SUCCESS,INFO,1132,1132,0,,2026-09-01T19:04:17.664Z,2026-09-01T21:14:55.846Z,7838,2026-09-01T21:14:55.846Z,V12A,Centennial,0e5f68b5-5669-4bb1-91ce-4b967b620e7d,SAMMS-CentennialV5
202609012114521504,202609011903674632,202609011903672005,85,4250,Bronze INV,br_ReAssessmentSocial,TASK_COMPLETE,SUCCESS,INFO,293,293,0,,2026-09-01T19:04:17.664Z,2026-09-01T21:14:55.846Z,7838,2026-09-01T21:14:55.846Z,V14,Overland Park,0e5f68b5-5669-4bb1-91ce-4b967b620e7d,SAMMS-VCPHCS-XIV-BridgewayV5
202609012114521505,202609011903674633,202609011903672005,85,4251,Bronze INV,br_ReAssessmentSocial,TASK_COMPLETE,SUCCESS,INFO,608,608,0,,2026-09-01T19:04:17.664Z,2026-09-01T21:14:55.846Z,7838,2026-09-01T21:14:55.846Z,V15,Joplin,0e5f68b5-5669-4bb1-91ce-4b967b620e7d,SAMMS-JoplinV5
202609012114521506,202609011903674634,202609011903672005,85,4253,Bronze INV,br_ReAssessmentSocial,TASK_COMPLETE,SUCCESS,INFO,901,901,0,,2026-09-01T19:04:17.664Z,2026-09-01T21:14:55.846Z,7838,2026-09-01T21:14:55.846Z,V17,Columbia TN,0e5f68b5-5669-4bb1-91ce-4b967b620e7d,SAMMS-ColumbiaTNv5
202609012114521508,202609011903674635,202609011903672005,85,4255,Bronze INV,br_ReAssessmentSocial,TASK_COMPLETE,SUCCESS,INFO,533,533,0,,2026-09-01T19:04:17.664Z,2026-09-01T21:14:55.846Z,7838,2026-09-01T21:14:55.846Z,V19,Jackson,0e5f68b5-5669-4bb1-91ce-4b967b620e7d,SAMMS-JacksonV5
202609012114521509,202609011903674636,202609011903672005,85,4257,Bronze INV,br_ReAssessmentSocial,TASK_COMPLETE,SUCCESS,INFO,1758,1758,0,,2026-09-01T19:04:17.664Z,2026-09-01T21:14:55.846Z,7838,2026-09-01T21:14:55.846Z,V20,Paris,0e5f68b5-5669-4bb1-91ce-4b967b620e7d,SAMMS-ParisV5
202609012114521510,202609011903674637,202609011903672005,85,4258,Bronze INV,br_ReAssessmentSocial,TASK_COMPLETE,SUCCESS,INFO,723,723,0,,2026-09-01T19:04:17.664Z,2026-09-01T21:14:55.846Z,7838,2026-09-01T21:14:55.846Z,V21,Memphis North,0e5f68b5-5669-4bb1-91ce-4b967b620e7d,SAMMS-RaleighV5
202609012114521511,202609011903674638,202609011903672005,85,4261,Bronze INV,br_ReAssessmentSocial,TASK_COMPLETE,SUCCESS,INFO,1770,1770,0,,2026-09-01T19:04:17.664Z,2026-09-01T21:14:55.846Z,7838,2026-09-01T21:14:55.846Z,V5,West Bank,0e5f68b5-5669-4bb1-91ce-4b967b620e7d,SAMMS-NONTCv5
202609012114521512,202609011903674639,202609011903672005,85,4263,Bronze INV,br_ReAssessmentSocial,TASK_COMPLETE,SUCCESS,INFO,144,144,0,,2026-09-01T19:04:17.664Z,2026-09-01T21:14:55.846Z,7838,2026-09-01T21:14:55.846Z,V5B,Houma,0e5f68b5-5669-4bb1-91ce-4b967b620e7d,SAMMS-HoumaV6
202609012114521513,202609011903674640,202609011903672005,85,4264,Bronze INV,br_ReAssessmentSocial,TASK_COMPLETE,SUCCESS,INFO,1906,1906,0,,2026-09-01T19:04:17.664Z,2026-09-01T21:14:55.846Z,7838,2026-09-01T21:14:55.846Z,V6,Lake Charles,0e5f68b5-5669-4bb1-91ce-4b967b620e7d,SAMMS-LCv5
202609012114521514,202609011903674641,202609011903672005,85,4266,Bronze INV,br_ReAssessmentSocial,TASK_COMPLETE,SUCCESS,INFO,739,739,0,,2026-09-01T19:04:17.664Z,2026-09-01T21:14:55.846Z,7838,2026-09-01T21:14:55.846Z,V8,Memphis Midtown,0e5f68b5-5669-4bb1-91ce-4b967b620e7d,SAMMS-VCPHCS-VIII-MemphisV5
202609012114521515,202609011903674642,202609011903672005,85,4267,Bronze INV,br_ReAssessmentSocial,TASK_COMPLETE,SUCCESS,INFO,1760,1760,0,,2026-09-01T19:04:17.664Z,2026-09-01T21:14:55.846Z,7838,2026-09-01T21:14:55.846Z,V9,Nashville,0e5f68b5-5669-4bb1-91ce-4b967b620e7d,SAMMS-NashvilleV5
202609012114521517,202609011903674643,202609011903672005,85,4268,Bronze INV,br_ReAssessmentSocial,TASK_COMPLETE,SUCCESS,INFO,838,838,0,,2026-09-01T19:04:17.664Z,2026-09-01T21:14:55.846Z,7838,2026-09-01T21:14:55.846Z,VBRA,Brainerd,0e5f68b5-5669-4bb1-91ce-4b967b620e7d,SAMMS-BrainerdV6
202609012114521518,202609011903674644,202609011903672005,85,4269,Bronze INV,br_ReAssessmentSocial,TASK_COMPLETE,SUCCESS,INFO,1957,1957,0,,2026-09-01T19:04:17.664Z,2026-09-01T21:14:55.846Z,7838,2026-09-01T21:14:55.846Z,VBRP,Brooklyn Park,0e5f68b5-5669-4bb1-91ce-4b967b620e7d,SAMMS-BrooklynParkV6
202609012114521519,202609011903674645,202609011903672005,85,4271,Bronze INV,br_ReAssessmentSocial,TASK_COMPLETE,SUCCESS,INFO,740,740,0,,2026-09-01T19:04:17.664Z,2026-09-01T21:14:55.846Z,7838,2026-09-01T21:14:55.846Z,VMIN,Minneapolis,0e5f68b5-5669-4bb1-91ce-4b967b620e7d,SAMMS-MinneapolisV6
202609012114521520,202609011903674646,202609011903672005,85,4272,Bronze INV,br_ReAssessmentSocial,TASK_COMPLETE,SUCCESS,INFO,876,876,0,,2026-09-01T19:04:17.664Z,2026-09-01T21:14:55.846Z,7838,2026-09-01T21:14:55.846Z,VWBY,Woodbury,0e5f68b5-5669-4bb1-91ce-4b967b620e7d,SAMMS-WoodburyV6
202609012114521521,202609011903674647,202609011903672005,85,4274,Bronze INV,br_ReAssessmentSocial,TASK_COMPLETE,SUCCESS,INFO,161,161,0,,2026-09-01T19:04:17.664Z,2026-09-01T21:14:55.846Z,7838,2026-09-01T21:14:55.846Z,WIL,Wilson,0e5f68b5-5669-4bb1-91ce-4b967b620e7d,SAMMS-Wilson
202609012114521522,202609011903674648,202609011903672005,85,4462,Bronze INV,br_ReAssessmentTreatment,TASK_COMPLETE,SUCCESS,INFO,35,35,0,,2026-09-01T19:04:17.664Z,2026-09-01T21:14:55.846Z,7838,2026-09-01T21:14:55.846Z,AHK,Ahoskie,0e5f68b5-5669-4bb1-91ce-4b967b620e7d,SAMMS-Ahoskie
202609012114521523,202609011903674649,202609011903672005,85,4463,Bronze INV,br_ReAssessmentTreatment,TASK_COMPLETE,SUCCESS,INFO,662,662,0,,2026-09-01T19:04:17.664Z,2026-09-01T21:14:55.846Z,7838,2026-09-01T21:14:55.846Z,B12B,Colorado Springs,0e5f68b5-5669-4bb1-91ce-4b967b620e7d,SAMMS-ColoradoSpringsV5
202609012114521524,202609011903674650,202609011903672005,85,4464,Bronze INV,br_ReAssessmentTreatment,TASK_COMPLETE,SUCCESS,INFO,828,828,0,,2026-09-01T19:04:17.664Z,2026-09-01T21:14:55.846Z,7838,2026-09-01T21:14:55.846Z,B24,Paintsville,0e5f68b5-5669-4bb1-91ce-4b967b620e7d,SAMMS-PaintsvilleV5
202609012114521526,202609011903674651,202609011903672005,85,4465,Bronze INV,br_ReAssessmentTreatment,TASK_COMPLETE,SUCCESS,INFO,646,646,0,,2026-09-01T19:04:17.664Z,2026-09-01T21:14:55.846Z,7838,2026-09-01T21:14:55.846Z,B25,Pikeville,0e5f68b5-5669-4bb1-91ce-4b967b620e7d,SAMMS-PikevilleV5
202609012114521527,202609011903674652,202609011903672005,85,4466,Bronze INV,br_ReAssessmentTreatment,TASK_COMPLETE,SUCCESS,INFO,973,973,0,,2026-09-01T19:04:17.664Z,2026-09-01T21:14:55.846Z,7838,2026-09-01T21:14:55.846Z,B26,Hazard,0e5f68b5-5669-4bb1-91ce-4b967b620e7d,SAMMS-HazardV5
202609012114521528,202609011903674653,202609011903672005,85,4467,Bronze INV,br_ReAssessmentTreatment,TASK_COMPLETE,SUCCESS,INFO,532,532,0,,2026-09-01T19:04:17.664Z,2026-09-01T21:14:55.846Z,7838,2026-09-01T21:14:55.846Z,B27,Savannah,0e5f68b5-5669-4bb1-91ce-4b967b620e7d,SAMMS-SavannahV6
202609012114521529,202609011903674654,202609011903672005,85,4468,Bronze INV,br_ReAssessmentTreatment,TASK_COMPLETE,SUCCESS,INFO,247,247,0,,2026-09-01T19:04:17.664Z,2026-09-01T21:14:55.846Z,7838,2026-09-01T21:14:55.846Z,B28,West Plains,0e5f68b5-5669-4bb1-91ce-4b967b620e7d,SAMMS-WestPlainesV5
202609012114521530,202609011903674655,202609011903672005,85,4469,Bronze INV,br_ReAssessmentTreatment,TASK_COMPLETE,SUCCESS,INFO,460,460,0,,2026-09-01T19:04:17.664Z,2026-09-01T21:14:55.846Z,7838,2026-09-01T21:14:55.846Z,B29,Poplar Bluff,0e5f68b5-5669-4bb1-91ce-4b967b620e7d,SAMMS-PoplarBluffV5
202609012114521531,202609011903674656,202609011903672005,85,4470,Bronze INV,br_ReAssessmentTreatment,TASK_COMPLETE,SUCCESS,INFO,78,78,0,,2026-09-01T19:04:17.664Z,2026-09-01T21:14:55.846Z,7838,2026-09-01T21:14:55.846Z,B30,KC North,0e5f68b5-5669-4bb1-91ce-4b967b620e7d,SAMMS-KCNv5
202609012114521532,202609011903674657,202609011903672005,85,4471,Bronze INV,br_ReAssessmentTreatment,TASK_COMPLETE,SUCCESS,INFO,400,400,0,,2026-09-01T19:04:17.664Z,2026-09-01T21:14:55.846Z,7838,2026-09-01T21:14:55.846Z,B31,Dyersburg,0e5f68b5-5669-4bb1-91ce-4b967b620e7d,SAMMS-DyersburgV5
202609012114521534,202609011903674658,202609011903672005,85,4473,Bronze INV,br_ReAssessmentTreatment,TASK_COMPLETE,SUCCESS,INFO,488,488,0,,2026-09-01T19:04:17.664Z,2026-09-01T21:14:55.846Z,7838,2026-09-01T21:14:55.846Z,B33,Paducah,0e5f68b5-5669-4bb1-91ce-4b967b620e7d,SAMMS-Paducah
202609012114521535,202609011903674659,202609011903672005,85,4474,Bronze INV,br_ReAssessmentTreatment,TASK_COMPLETE,SUCCESS,INFO,382,382,0,,2026-09-01T19:04:17.664Z,2026-09-01T21:14:55.846Z,7838,2026-09-01T21:14:55.846Z,B34,Corbin,0e5f68b5-5669-4bb1-91ce-4b967b620e7d,SAMMS-CorbinV5
202609012114521536,202609011903674660,202609011903672005,85,4475,Bronze INV,br_ReAssessmentTreatment,TASK_COMPLETE,SUCCESS,INFO,239,239,0,,2026-09-01T19:04:17.664Z,2026-09-01T21:14:55.846Z,7838,2026-09-01T21:14:55.846Z,B35,Lexington,0e5f68b5-5669-4bb1-91ce-4b967b620e7d,SAMMS-LexingtonV5
202609012114521537,202609011903674661,202609011903672005,85,4476,Bronze INV,br_ReAssessmentTreatment,TASK_COMPLETE,SUCCESS,INFO,77,77,0,,2026-09-01T19:04:17.664Z,2026-09-01T21:14:55.846Z,7838,2026-09-01T21:14:55.846Z,B35A,Berea,0e5f68b5-5669-4bb1-91ce-4b967b620e7d,SAMMS-BereaV5
202609012114521538,202609011903674662,202609011903672005,85,4477,Bronze INV,br_ReAssessmentTreatment,TASK_COMPLETE,SUCCESS,INFO,21,21,0,,2026-09-01T19:04:17.664Z,2026-09-01T21:14:55.846Z,7838,2026-09-01T21:14:55.846Z,B36,Asheville,0e5f68b5-5669-4bb1-91ce-4b967b620e7d,SAMMS-AshevilleV5
202609012114521539,202609011903674663,202609011903672005,85,4478,Bronze INV,br_ReAssessmentTreatment,TASK_COMPLETE,SUCCESS,INFO,1,1,0,,2026-09-01T19:04:17.664Z,2026-09-01T21:14:55.846Z,7838,2026-09-01T21:14:55.846Z,B37,Clyde,0e5f68b5-5669-4bb1-91ce-4b967b620e7d,SAMMS-ClydeV5
202609012114521540,202609011903674664,202609011903672005,85,4479,Bronze INV,br_ReAssessmentTreatment,TASK_COMPLETE,SUCCESS,INFO,1185,1185,0,,2026-09-01T19:04:17.664Z,2026-09-01T21:14:55.846Z,7838,2026-09-01T21:14:55.846Z,B38,Spartanburg,0e5f68b5-5669-4bb1-91ce-4b967b620e7d,SAMMS-SpartanburgV5
202609012114521541,202609011903674665,202609011903672005,85,4480,Bronze INV,br_ReAssessmentTreatment,TASK_COMPLETE,SUCCESS,INFO,361,361,0,,2026-09-01T19:04:17.664Z,2026-09-01T21:14:55.846Z,7838,2026-09-01T21:14:55.846Z,B39,Aiken,0e5f68b5-5669-4bb1-91ce-4b967b620e7d,SAMMS-AikenV5
202609012114521543,202609011903674666,202609011903672005,85,4481,Bronze INV,br_ReAssessmentTreatment,TASK_COMPLETE,SUCCESS,INFO,1886,1886,0,,2026-09-01T19:04:17.664Z,2026-09-01T21:14:55.846Z,7838,2026-09-01T21:14:55.846Z,B41,Chesapeake,0e5f68b5-5669-4bb1-91ce-4b967b620e7d,SAMMS-ChesapeakeV5
202609012114521544,202609011903674667,202609011903672005,85,4482,Bronze INV,br_ReAssessmentTreatment,TASK_COMPLETE,SUCCESS,INFO,1911,1911,0,,2026-09-01T19:04:17.664Z,2026-09-01T21:14:55.846Z,7838,2026-09-01T21:14:55.846Z,B42,Virginia Beach,0e5f68b5-5669-4bb1-91ce-4b967b620e7d,SAMMS-VirginiaBeachV5
202609012114521545,202609011903674668,202609011903672005,85,4483,Bronze INV,br_ReAssessmentTreatment,TASK_COMPLETE,SUCCESS,INFO,925,925,0,,2026-09-01T19:04:17.664Z,2026-09-01T21:14:55.846Z,7838,2026-09-01T21:14:55.846Z,B42A,Newport News,0e5f68b5-5669-4bb1-91ce-4b967b620e7d,SAMMS-NewportNewsV5
202609012114521546,202609011903674669,202609011903672005,85,4484,Bronze INV,br_ReAssessmentTreatment,TASK_COMPLETE,SUCCESS,INFO,507,507,0,,2026-09-01T19:04:17.664Z,2026-09-01T21:14:55.846Z,7838,2026-09-01T21:14:55.846Z,B42B,Franklin,0e5f68b5-5669-4bb1-91ce-4b967b620e7d,SAMMS-FranklinV5
202609012114521547,202609011903674670,202609011903672005,85,4485,Bronze INV,br_ReAssessmentTreatment,TASK_COMPLETE,SUCCESS,INFO,340,340,0,,2026-09-01T19:04:17.664Z,2026-09-01T21:14:55.846Z,7838,2026-09-01T21:14:55.846Z,B42C,Glen Allen,0e5f68b5-5669-4bb1-91ce-4b967b620e7d,SAMMS-GlenAllenV5
202609012114521548,202609011903674671,202609011903672005,85,4486,Bronze INV,br_ReAssessmentTreatment,TASK_COMPLETE,SUCCESS,INFO,1481,1481,0,,2026-09-01T19:04:17.664Z,2026-09-01T21:14:55.846Z,7838,2026-09-01T21:14:55.846Z,B42D,Chesapeake South,0e5f68b5-5669-4bb1-91ce-4b967b620e7d,SAMMS-ChesapeakeSouthV5
202608312116374533,202608311905654817,202608311905652236,85,4187,Bronze INV,br_ReAssessmentSocial,TASK_COMPLETE,SUCCESS,INFO,529,529,0,,2026-08-31T19:06:18.658Z,2026-08-31T21:16:41.151Z,7823,2026-08-31T21:16:41.151Z,DRD-CO,Columbia MO,79f5b39e-d314-4ad3-8050-3ace553d67de,SAMMS-ColumbiaV5
202608312116374534,202608311905654818,202608311905652236,85,4188,Bronze INV,br_ReAssessmentSocial,TASK_COMPLETE,SUCCESS,INFO,347,347,0,,2026-08-31T19:06:18.658Z,2026-08-31T21:16:41.151Z,7823,2026-08-31T21:16:41.151Z,DRD-KC,KC,79f5b39e-d314-4ad3-8050-3ace553d67de,SAMMS-KCv5
202608312116374535,202608311905654819,202608311905652236,85,4189,Bronze INV,br_ReAssessmentSocial,TASK_COMPLETE,SUCCESS,INFO,1551,1551,0,,2026-08-31T19:06:18.658Z,2026-08-31T21:16:41.151Z,7823,2026-08-31T21:16:41.151Z,DRD-KVB,KVB,79f5b39e-d314-4ad3-8050-3ace553d67de,SAMMS-KVBv5
202608312116374536,202608311905654820,202608311905652236,85,4190,Bronze INV,br_ReAssessmentSocial,TASK_COMPLETE,SUCCESS,INFO,1669,1669,0,,2026-08-31T19:06:18.658Z,2026-08-31T21:16:41.151Z,7823,2026-08-31T21:16:41.151Z,DRD-KVC,KVC,79f5b39e-d314-4ad3-8050-3ace553d67de,SAMMS-KVCv5
202608312116374538,202608311905654821,202608311905652236,85,4191,Bronze INV,br_ReAssessmentSocial,TASK_COMPLETE,SUCCESS,INFO,3201,3201,0,,2026-08-31T19:06:18.658Z,2026-08-31T21:16:41.151Z,7823,2026-08-31T21:16:41.151Z,DRD-NOLA,NOLA,79f5b39e-d314-4ad3-8050-3ace553d67de,SAMMS-NOLAv5
202608312116374539,202608311905654822,202608311905652236,85,4192,Bronze INV,br_ReAssessmentSocial,TASK_COMPLETE,SUCCESS,INFO,798,798,0,,2026-08-31T19:06:18.658Z,2026-08-31T21:16:41.151Z,7823,2026-08-31T21:16:41.151Z,DRD-SF,Springfield,79f5b39e-d314-4ad3-8050-3ace553d67de,SAMMS-SFv5
202608312116374540,202608311905654823,202608311905652236,85,4194,Bronze INV,br_ReAssessmentSocial,TASK_COMPLETE,SUCCESS,INFO,260,260,0,,2026-08-31T19:06:18.658Z,2026-08-31T21:16:41.151Z,7823,2026-08-31T21:16:41.151Z,ELC,Elizabeth City,79f5b39e-d314-4ad3-8050-3ace553d67de,SAMMS-ElizabethCity
202608312116374541,202608311905654824,202608311905652236,85,4195,Bronze INV,br_ReAssessmentSocial,TASK_COMPLETE,SUCCESS,INFO,128,128,0,,2026-08-31T19:06:18.658Z,2026-08-31T21:16:41.151Z,7823,2026-08-31T21:16:41.151Z,ET,Elizabethtown,79f5b39e-d314-4ad3-8050-3ace553d67de,SAMMS-Elizabethtown
202608312116374542,202608311905654825,202608311905652236,85,4196,Bronze INV,br_ReAssessmentSocial,TASK_COMPLETE,SUCCESS,INFO,0,0,0,,2026-08-31T19:06:18.658Z,2026-08-31T21:16:41.151Z,7823,2026-08-31T21:16:41.151Z,FAY,Fayetteville,79f5b39e-d314-4ad3-8050-3ace553d67de,SAMMS-Fayetteville
202608312116374543,202608311905654826,202608311905652236,85,4197,Bronze INV,br_ReAssessmentSocial,TASK_COMPLETE,SUCCESS,INFO,156,156,0,,2026-08-31T19:06:18.658Z,2026-08-31T21:16:41.151Z,7823,2026-08-31T21:16:41.151Z,FR,Frankfort,79f5b39e-d314-4ad3-8050-3ace553d67de,SAMMS-Frankfort
202608312116374544,202608311905654827,202608311905652236,85,4198,Bronze INV,br_ReAssessmentSocial,TASK_COMPLETE,SUCCESS,INFO,0,0,0,,2026-08-31T19:06:18.658Z,2026-08-31T21:16:41.151Z,7823,2026-08-31T21:16:41.151Z,FS,Fort Smith,79f5b39e-d314-4ad3-8050-3ace553d67de,SAMMS-FortSmith
202608312116374545,202608311905654828,202608311905652236,85,4199,Bronze INV,br_ReAssessmentSocial,TASK_COMPLETE,SUCCESS,INFO,465,465,0,,2026-08-31T19:06:18.658Z,2026-08-31T21:16:41.151Z,7823,2026-08-31T21:16:41.151Z,FW,Fort Wayne,79f5b39e-d314-4ad3-8050-3ace553d67de,SAMMS-FortWayne
202608312116374546,202608311905654829,202608311905652236,85,4200,Bronze INV,br_ReAssessmentSocial,TASK_COMPLETE,SUCCESS,INFO,273,273,0,,2026-08-31T19:06:18.658Z,2026-08-31T21:16:41.151Z,7823,2026-08-31T21:16:41.151Z,GAL,Gaylord,79f5b39e-d314-4ad3-8050-3ace553d67de,SAMMS-Gaylord
202608312116374547,202608311905654830,202608311905652236,85,4204,Bronze INV,br_ReAssessmentSocial,TASK_COMPLETE,SUCCESS,INFO,100,100,0,,2026-08-31T19:06:18.658Z,2026-08-31T21:16:41.151Z,7823,2026-08-31T21:16:41.151Z,HGT,Hagerstown,79f5b39e-d314-4ad3-8050-3ace553d67de,SAMMS-Hagerstown
202608312116374549,202608311905654831,202608311905652236,85,4205,Bronze INV,br_ReAssessmentSocial,TASK_COMPLETE,SUCCESS,INFO,1718,1718,0,,2026-08-31T19:06:18.658Z,2026-08-31T21:16:41.151Z,7823,2026-08-31T21:16:41.151Z,HNT,Huntsville,79f5b39e-d314-4ad3-8050-3ace553d67de,SAMMS-Huntsville
202608312116374550,202608311905654832,202608311905652236,85,4206,Bronze INV,br_ReAssessmentSocial,TASK_COMPLETE,SUCCESS,INFO,0,0,0,,2026-08-31T19:06:18.658Z,2026-08-31T21:16:41.151Z,7823,2026-08-31T21:16:41.151Z,HS,Hot Springs,79f5b39e-d314-4ad3-8050-3ace553d67de,SAMMS-HotSprings
202608312116374551,202608311905654833,202608311905652236,85,4207,Bronze INV,br_ReAssessmentSocial,TASK_COMPLETE,SUCCESS,INFO,0,0,0,,2026-08-31T19:06:18.658Z,2026-08-31T21:16:41.151Z,7823,2026-08-31T21:16:41.151Z,JON,Jonesboro,79f5b39e-d314-4ad3-8050-3ace553d67de,SAMMS-Jonesboro
202608312116374552,202608311905654834,202608311905652236,85,4209,Bronze INV,br_ReAssessmentSocial,TASK_COMPLETE,SUCCESS,INFO,444,444,0,,2026-08-31T19:06:18.658Z,2026-08-31T21:16:41.151Z,7823,2026-08-31T21:16:41.151Z,LAN,Lansing,79f5b39e-d314-4ad3-8050-3ace553d67de,SAMMS-Lansing
202608312116374553,202608311905654835,202608311905652236,85,4210,Bronze INV,br_ReAssessmentSocial,TASK_COMPLETE,SUCCESS,INFO,1286,1286,0,,2026-08-31T19:06:18.658Z,2026-08-31T21:16:41.151Z,7823,2026-08-31T21:16:41.151Z,LO,Louisville,79f5b39e-d314-4ad3-8050-3ace553d67de,SAMMS-Louisville
202608312116374554,202608311905654836,202608311905652236,85,4211,Bronze INV,br_ReAssessmentSocial,TASK_COMPLETE,SUCCESS,INFO,291,291,0,,2026-08-31T19:06:18.658Z,2026-08-31T21:16:41.151Z,7823,2026-08-31T21:16:41.151Z,LV1,Cheyenne,79f5b39e-d314-4ad3-8050-3ace553d67de,SAMMS-Cheyenne
202608312116374555,202608311905654837,202608311905652236,85,4212,Bronze INV,br_ReAssessmentSocial,TASK_COMPLETE,SUCCESS,INFO,204,204,0,,2026-08-31T19:06:18.658Z,2026-08-31T21:16:41.151Z,7823,2026-08-31T21:16:41.151Z,LV2,Desert Inn,79f5b39e-d314-4ad3-8050-3ace553d67de,SAMMS-DesertInn
202608312116374556,202608311905654838,202608311905652236,85,4213,Bronze INV,br_ReAssessmentSocial,TASK_COMPLETE,SUCCESS,INFO,110,110,0,,2026-08-31T19:06:18.658Z,2026-08-31T21:16:41.151Z,7823,2026-08-31T21:16:41.151Z,LV3,McDaniel,79f5b39e-d314-4ad3-8050-3ace553d67de,SAMMS-McDaniel
202608312116374557,202608311905654839,202608311905652236,85,4216,Bronze INV,br_ReAssessmentSocial,TASK_COMPLETE,SUCCESS,INFO,358,358,0,,2026-08-31T19:06:18.658Z,2026-08-31T21:16:41.151Z,7823,2026-08-31T21:16:41.151Z,MNRE,Monroe,79f5b39e-d314-4ad3-8050-3ace553d67de,SAMMS-Monroe
202608312116374558,202608311905654840,202608311905652236,85,4217,Bronze INV,br_ReAssessmentSocial,TASK_COMPLETE,SUCCESS,INFO,1422,1422,0,,2026-08-31T19:06:18.658Z,2026-08-31T21:16:41.151Z,7823,2026-08-31T21:16:41.151Z,MP,Mt. Pleasant,79f5b39e-d314-4ad3-8050-3ace553d67de,SAMMS-MtPleasant
202608312116374560,202608311905654841,202608311905652236,85,4218,Bronze INV,br_ReAssessmentSocial,TASK_COMPLETE,SUCCESS,INFO,153,153,0,,2026-08-31T19:06:18.658Z,2026-08-31T21:16:41.151Z,7823,2026-08-31T21:16:41.151Z,MRD,Meridian,79f5b39e-d314-4ad3-8050-3ace553d67de,SAMMS-Meridian
202608312116374561,202608311905654842,202608311905652236,85,4223,Bronze INV,br_ReAssessmentSocial,TASK_COMPLETE,SUCCESS,INFO,693,693,0,,2026-08-31T19:06:18.658Z,2026-08-31T21:16:41.151Z,7823,2026-08-31T21:16:41.151Z,NC,North Charleston,79f5b39e-d314-4ad3-8050-3ace553d67de,SAMMS-NorthCharleston
202608312116374562,202608311905654843,202608311905652236,85,4224,Bronze INV,br_ReAssessmentSocial,TASK_COMPLETE,SUCCESS,INFO,0,0,0,,2026-08-31T19:06:18.658Z,2026-08-31T21:16:41.151Z,7823,2026-08-31T21:16:41.151Z,NLR,N. Little Rock,79f5b39e-d314-4ad3-8050-3ace553d67de,SAMMS-NLROBOT
202608312116374563,202608311905654844,202608311905652236,85,4225,Bronze INV,br_ReAssessmentSocial,TASK_COMPLETE,SUCCESS,INFO,111,111,0,,2026-08-31T19:06:18.658Z,2026-08-31T21:16:41.151Z,7823,2026-08-31T21:16:41.151Z,PH,Phoenix,79f5b39e-d314-4ad3-8050-3ace553d67de,SAMMS-Phoenix
202608312116374564,202608311905654845,202608311905652236,85,4229,Bronze INV,br_ReAssessmentSocial,TASK_COMPLETE,SUCCESS,INFO,213,213,0,,2026-08-31T19:06:18.658Z,2026-08-31T21:16:41.151Z,7823,2026-08-31T21:16:41.151Z,RE,Reno,79f5b39e-d314-4ad3-8050-3ace553d67de,SAMMS-Reno
202608312116374565,202608311905654846,202608311905652236,85,4230,Bronze INV,br_ReAssessmentSocial,TASK_COMPLETE,SUCCESS,INFO,87,87,0,,2026-08-31T19:06:18.658Z,2026-08-31T21:16:41.151Z,7823,2026-08-31T21:16:41.151Z,RMD,Richmond,79f5b39e-d314-4ad3-8050-3ace553d67de,SAMMS-Richmond
202608312116374566,202608311905654847,202608311905652236,85,4231,Bronze INV,br_ReAssessmentSocial,TASK_COMPLETE,SUCCESS,INFO,589,589,0,,2026-08-31T19:06:18.658Z,2026-08-31T21:16:41.151Z,7823,2026-08-31T21:16:41.151Z,SFN,Springfield North,79f5b39e-d314-4ad3-8050-3ace553d67de,SAMMS-SFNv5
202608312116374567,202608311905654848,202608311905652236,85,4232,Bronze INV,br_ReAssessmentSocial,TASK_COMPLETE,SUCCESS,INFO,762,762,0,,2026-08-31T19:06:18.658Z,2026-08-31T21:16:41.151Z,7823,2026-08-31T21:16:41.151Z,SHP,Shreveport,79f5b39e-d314-4ad3-8050-3ace553d67de,SAMMS-Shreveport
202608312116374568,202608311905654849,202608311905652236,85,4234,Bronze INV,br_ReAssessmentSocial,TASK_COMPLETE,SUCCESS,INFO,483,483,0,,2026-08-31T19:06:18.658Z,2026-08-31T21:16:41.151Z,7823,2026-08-31T21:16:41.151Z,STN,Staunton,79f5b39e-d314-4ad3-8050-3ace553d67de,SAMMS-Staunton
202608312116374569,202608311905654850,202608311905652236,85,4235,Bronze INV,br_ReAssessmentSocial,TASK_COMPLETE,SUCCESS,INFO,225,225,0,,2026-08-31T19:06:18.658Z,2026-08-31T21:16:41.151Z,7823,2026-08-31T21:16:41.151Z,STVN,Stevenson,79f5b39e-d314-4ad3-8050-3ace553d67de,SAMMS-Stevenson
202608312116374570,202608311905654851,202608311905652236,85,4237,Bronze INV,br_ReAssessmentSocial,TASK_COMPLETE,SUCCESS,INFO,173,173,0,,2026-08-31T19:06:18.658Z,2026-08-31T21:16:41.151Z,7823,2026-08-31T21:16:41.151Z,TE,Tempe,79f5b39e-d314-4ad3-8050-3ace553d67de,SAMMS-Tempe
202608312116374572,202608311905654852,202608311905652236,85,4238,Bronze INV,br_ReAssessmentSocial,TASK_COMPLETE,SUCCESS,INFO,0,0,0,,2026-08-31T19:06:18.658Z,2026-08-31T21:16:41.151Z,7823,2026-08-31T21:16:41.151Z,TEX,Texarkana,79f5b39e-d314-4ad3-8050-3ace553d67de,SAMMS-Texarkana
202608312116374573,202608311905654853,202608311905652236,85,4239,Bronze INV,br_ReAssessmentSocial,TASK_COMPLETE,SUCCESS,INFO,1069,1069,0,,2026-08-31T19:06:18.658Z,2026-08-31T21:16:41.151Z,7823,2026-08-31T21:16:41.151Z,TTCA,Bessemer,79f5b39e-d314-4ad3-8050-3ace553d67de,SAMMS-BessemerV5
202608312116374574,202608311905654854,202608311905652236,85,4240,Bronze INV,br_ReAssessmentSocial,TASK_COMPLETE,SUCCESS,INFO,1315,1315,0,,2026-08-31T19:06:18.658Z,2026-08-31T21:16:41.151Z,7823,2026-08-31T21:16:41.151Z,TTCB,Cullman,79f5b39e-d314-4ad3-8050-3ace553d67de,SAMMS-CullmanV5
202608312116374575,202608311905654855,202608311905652236,85,4241,Bronze INV,br_ReAssessmentSocial,TASK_COMPLETE,SUCCESS,INFO,939,939,0,,2026-08-31T19:06:18.658Z,2026-08-31T21:16:41.151Z,7823,2026-08-31T21:16:41.151Z,TTCC,Grand Bay,79f5b39e-d314-4ad3-8050-3ace553d67de,SAMMS-GrandBay
202608312116374576,202608311905654856,202608311905652236,85,4242,Bronze INV,br_ReAssessmentSocial,TASK_COMPLETE,SUCCESS,INFO,15,15,0,,2026-08-31T19:06:18.658Z,2026-08-31T21:16:41.151Z,7823,2026-08-31T21:16:41.151Z,TU,Tucson,79f5b39e-d314-4ad3-8050-3ace553d67de,SAMMS-Tucson
202608312116374577,202608311905654857,202608311905652236,85,4244,Bronze INV,br_ReAssessmentSocial,TASK_COMPLETE,SUCCESS,INFO,660,660,0,,2026-08-31T19:06:18.658Z,2026-08-31T21:16:41.151Z,7823,2026-08-31T21:16:41.151Z,V1,Memphis South,79f5b39e-d314-4ad3-8050-3ace553d67de,SAMMS-VCPHCS-I-MemphisV5
202608312116374578,202608311905654858,202608311905652236,85,4245,Bronze INV,br_ReAssessmentSocial,TASK_COMPLETE,SUCCESS,INFO,1626,1626,0,,2026-08-31T19:06:18.658Z,2026-08-31T21:16:41.151Z,7823,2026-08-31T21:16:41.151Z,V10,Longmont,79f5b39e-d314-4ad3-8050-3ace553d67de,SAMMS-BoulderV5
202608312116374579,202608311905654859,202608311905652236,85,4246,Bronze INV,br_ReAssessmentSocial,TASK_COMPLETE,SUCCESS,INFO,1511,1511,0,,2026-08-31T19:06:18.658Z,2026-08-31T21:16:41.151Z,7823,2026-08-31T21:16:41.151Z,V10A,Fort Collins,79f5b39e-d314-4ad3-8050-3ace553d67de,SAMMS-FortCollinsV5
202608312116374580,202608311905654860,202608311905652236,85,4247,Bronze INV,br_ReAssessmentSocial,TASK_COMPLETE,SUCCESS,INFO,2864,2864,0,,2026-08-31T19:06:18.658Z,2026-08-31T21:16:41.151Z,7823,2026-08-31T21:16:41.151Z,V11,Westminster,79f5b39e-d314-4ad3-8050-3ace553d67de,SAMMS-VCPHCS-XI-NorthDenverV5
202608312116374581,202608311905654861,202608311905652236,85,4248,Bronze INV,br_ReAssessmentSocial,TASK_COMPLETE,SUCCESS,INFO,3024,3024,0,,2026-08-31T19:06:18.658Z,2026-08-31T21:16:41.151Z,7823,2026-08-31T21:16:41.151Z,V12,Downtown Denver,79f5b39e-d314-4ad3-8050-3ace553d67de,SAMMS-VCPHCS-XII-DowntownDenverV5
202608312116374583,202608311905654862,202608311905652236,85,4249,Bronze INV,br_ReAssessmentSocial,TASK_COMPLETE,SUCCESS,INFO,1132,1132,0,,2026-08-31T19:06:18.658Z,2026-08-31T21:16:41.151Z,7823,2026-08-31T21:16:41.151Z,V12A,Centennial,79f5b39e-d314-4ad3-8050-3ace553d67de,SAMMS-CentennialV5
202608312116374584,202608311905654863,202608311905652236,85,4250,Bronze INV,br_ReAssessmentSocial,TASK_COMPLETE,SUCCESS,INFO,293,293,0,,2026-08-31T19:06:18.658Z,2026-08-31T21:16:41.151Z,7823,2026-08-31T21:16:41.151Z,V14,Overland Park,79f5b39e-d314-4ad3-8050-3ace553d67de,SAMMS-VCPHCS-XIV-BridgewayV5
202608312116374585,202608311905654864,202608311905652236,85,4251,Bronze INV,br_ReAssessmentSocial,TASK_COMPLETE,SUCCESS,INFO,608,608,0,,2026-08-31T19:06:18.658Z,2026-08-31T21:16:41.151Z,7823,2026-08-31T21:16:41.151Z,V15,Joplin,79f5b39e-d314-4ad3-8050-3ace553d67de,SAMMS-JoplinV5
202608312116374586,202608311905654865,202608311905652236,85,4253,Bronze INV,br_ReAssessmentSocial,TASK_COMPLETE,SUCCESS,INFO,901,901,0,,2026-08-31T19:06:18.658Z,2026-08-31T21:16:41.151Z,7823,2026-08-31T21:16:41.151Z,V17,Columbia TN,79f5b39e-d314-4ad3-8050-3ace553d67de,SAMMS-ColumbiaTNv5
202608312116374587,202608311905654866,202608311905652236,85,4255,Bronze INV,br_ReAssessmentSocial,TASK_COMPLETE,SUCCESS,INFO,533,533,0,,2026-08-31T19:06:18.658Z,2026-08-31T21:16:41.151Z,7823,2026-08-31T21:16:41.151Z,V19,Jackson,79f5b39e-d314-4ad3-8050-3ace553d67de,SAMMS-JacksonV5
202608312116374588,202608311905654867,202608311905652236,85,4257,Bronze INV,br_ReAssessmentSocial,TASK_COMPLETE,SUCCESS,INFO,1758,1758,0,,2026-08-31T19:06:18.658Z,2026-08-31T21:16:41.151Z,7823,2026-08-31T21:16:41.151Z,V20,Paris,79f5b39e-d314-4ad3-8050-3ace553d67de,SAMMS-ParisV5
202608312116374589,202608311905654868,202608311905652236,85,4258,Bronze INV,br_ReAssessmentSocial,TASK_COMPLETE,SUCCESS,INFO,723,723,0,,2026-08-31T19:06:18.658Z,2026-08-31T21:16:41.151Z,7823,2026-08-31T21:16:41.151Z,V21,Memphis North,79f5b39e-d314-4ad3-8050-3ace553d67de,SAMMS-RaleighV5
202608312116374591,202608311905654869,202608311905652236,85,4261,Bronze INV,br_ReAssessmentSocial,TASK_COMPLETE,SUCCESS,INFO,1770,1770,0,,2026-08-31T19:06:18.658Z,2026-08-31T21:16:41.151Z,7823,2026-08-31T21:16:41.151Z,V5,West Bank,79f5b39e-d314-4ad3-8050-3ace553d67de,SAMMS-NONTCv5
202608312116374592,202608311905654870,202608311905652236,85,4263,Bronze INV,br_ReAssessmentSocial,TASK_COMPLETE,SUCCESS,INFO,144,144,0,,2026-08-31T19:06:18.658Z,2026-08-31T21:16:41.151Z,7823,2026-08-31T21:16:41.151Z,V5B,Houma,79f5b39e-d314-4ad3-8050-3ace553d67de,SAMMS-HoumaV6
202608312116374593,202608311905654871,202608311905652236,85,4264,Bronze INV,br_ReAssessmentSocial,TASK_COMPLETE,SUCCESS,INFO,1906,1906,0,,2026-08-31T19:06:18.658Z,2026-08-31T21:16:41.151Z,7823,2026-08-31T21:16:41.151Z,V6,Lake Charles,79f5b39e-d314-4ad3-8050-3ace553d67de,SAMMS-LCv5
202608312116374594,202608311905654872,202608311905652236,85,4266,Bronze INV,br_ReAssessmentSocial,TASK_COMPLETE,SUCCESS,INFO,739,739,0,,2026-08-31T19:06:18.658Z,2026-08-31T21:16:41.151Z,7823,2026-08-31T21:16:41.151Z,V8,Memphis Midtown,79f5b39e-d314-4ad3-8050-3ace553d67de,SAMMS-VCPHCS-VIII-MemphisV5
202608312116374595,202608311905654873,202608311905652236,85,4267,Bronze INV,br_ReAssessmentSocial,TASK_COMPLETE,SUCCESS,INFO,1760,1760,0,,2026-08-31T19:06:18.658Z,2026-08-31T21:16:41.151Z,7823,2026-08-31T21:16:41.151Z,V9,Nashville,79f5b39e-d314-4ad3-8050-3ace553d67de,SAMMS-NashvilleV5
202608312116374596,202608311905654874,202608311905652236,85,4268,Bronze INV,br_ReAssessmentSocial,TASK_COMPLETE,SUCCESS,INFO,838,838,0,,2026-08-31T19:06:18.658Z,2026-08-31T21:16:41.151Z,7823,2026-08-31T21:16:41.151Z,VBRA,Brainerd,79f5b39e-d314-4ad3-8050-3ace553d67de,SAMMS-BrainerdV6
202608312116374597,202608311905654875,202608311905652236,85,4269,Bronze INV,br_ReAssessmentSocial,TASK_COMPLETE,SUCCESS,INFO,1957,1957,0,,2026-08-31T19:06:18.658Z,2026-08-31T21:16:41.151Z,7823,2026-08-31T21:16:41.151Z,VBRP,Brooklyn Park,79f5b39e-d314-4ad3-8050-3ace553d67de,SAMMS-BrooklynParkV6
202608312116374598,202608311905654876,202608311905652236,85,4271,Bronze INV,br_ReAssessmentSocial,TASK_COMPLETE,SUCCESS,INFO,740,740,0,,2026-08-31T19:06:18.658Z,2026-08-31T21:16:41.151Z,7823,2026-08-31T21:16:41.151Z,VMIN,Minneapolis,79f5b39e-d314-4ad3-8050-3ace553d67de,SAMMS-MinneapolisV6
202608312116374599,202608311905654877,202608311905652236,85,4272,Bronze INV,br_ReAssessmentSocial,TASK_COMPLETE,SUCCESS,INFO,876,876,0,,2026-08-31T19:06:18.658Z,2026-08-31T21:16:41.151Z,7823,2026-08-31T21:16:41.151Z,VWBY,Woodbury,79f5b39e-d314-4ad3-8050-3ace553d67de,SAMMS-WoodburyV6
202608312116374600,202608311905654878,202608311905652236,85,4274,Bronze INV,br_ReAssessmentSocial,TASK_COMPLETE,SUCCESS,INFO,161,161,0,,2026-08-31T19:06:18.658Z,2026-08-31T21:16:41.151Z,7823,2026-08-31T21:16:41.151Z,WIL,Wilson,79f5b39e-d314-4ad3-8050-3ace553d67de,SAMMS-Wilson
202608312116374602,202608311905654879,202608311905652236,85,4462,Bronze INV,br_ReAssessmentTreatment,TASK_COMPLETE,SUCCESS,INFO,35,35,0,,2026-08-31T19:06:18.658Z,2026-08-31T21:16:41.151Z,7823,2026-08-31T21:16:41.151Z,AHK,Ahoskie,79f5b39e-d314-4ad3-8050-3ace553d67de,SAMMS-Ahoskie
202608312116374603,202608311905654880,202608311905652236,85,4463,Bronze INV,br_ReAssessmentTreatment,TASK_COMPLETE,SUCCESS,INFO,662,662,0,,2026-08-31T19:06:18.658Z,2026-08-31T21:16:41.151Z,7823,2026-08-31T21:16:41.151Z,B12B,Colorado Springs,79f5b39e-d314-4ad3-8050-3ace553d67de,SAMMS-ColoradoSpringsV5
202608312116374604,202608311905654881,202608311905652236,85,4464,Bronze INV,br_ReAssessmentTreatment,TASK_COMPLETE,SUCCESS,INFO,828,828,0,,2026-08-31T19:06:18.658Z,2026-08-31T21:16:41.151Z,7823,2026-08-31T21:16:41.151Z,B24,Paintsville,79f5b39e-d314-4ad3-8050-3ace553d67de,SAMMS-PaintsvilleV5
202608312116374605,202608311905654882,202608311905652236,85,4465,Bronze INV,br_ReAssessmentTreatment,TASK_COMPLETE,SUCCESS,INFO,646,646,0,,2026-08-31T19:06:18.658Z,2026-08-31T21:16:41.151Z,7823,2026-08-31T21:16:41.151Z,B25,Pikeville,79f5b39e-d314-4ad3-8050-3ace553d67de,SAMMS-PikevilleV5
202608312116374606,202608311905654883,202608311905652236,85,4466,Bronze INV,br_ReAssessmentTreatment,TASK_COMPLETE,SUCCESS,INFO,973,973,0,,2026-08-31T19:06:18.658Z,2026-08-31T21:16:41.151Z,7823,2026-08-31T21:16:41.151Z,B26,Hazard,79f5b39e-d314-4ad3-8050-3ace553d67de,SAMMS-HazardV5
202608312116374607,202608311905654884,202608311905652236,85,4467,Bronze INV,br_ReAssessmentTreatment,TASK_COMPLETE,SUCCESS,INFO,532,532,0,,2026-08-31T19:06:18.658Z,2026-08-31T21:16:41.151Z,7823,2026-08-31T21:16:41.151Z,B27,Savannah,79f5b39e-d314-4ad3-8050-3ace553d67de,SAMMS-SavannahV6
202608312116374608,202608311905654885,202608311905652236,85,4468,Bronze INV,br_ReAssessmentTreatment,TASK_COMPLETE,SUCCESS,INFO,247,247,0,,2026-08-31T19:06:18.658Z,2026-08-31T21:16:41.151Z,7823,2026-08-31T21:16:41.151Z,B28,West Plains,79f5b39e-d314-4ad3-8050-3ace553d67de,SAMMS-WestPlainesV5
202608312116374609,202608311905654886,202608311905652236,85,4469,Bronze INV,br_ReAssessmentTreatment,TASK_COMPLETE,SUCCESS,INFO,460,460,0,,2026-08-31T19:06:18.658Z,2026-08-31T21:16:41.151Z,7823,2026-08-31T21:16:41.151Z,B29,Poplar Bluff,79f5b39e-d314-4ad3-8050-3ace553d67de,SAMMS-PoplarBluffV5
202608312116374610,202608311905654887,202608311905652236,85,4470,Bronze INV,br_ReAssessmentTreatment,TASK_COMPLETE,SUCCESS,INFO,78,78,0,,2026-08-31T19:06:18.658Z,2026-08-31T21:16:41.151Z,7823,2026-08-31T21:16:41.151Z,B30,KC North,79f5b39e-d314-4ad3-8050-3ace553d67de,SAMMS-KCNv5
202608312116374611,202608311905654888,202608311905652236,85,4471,Bronze INV,br_ReAssessmentTreatment,TASK_COMPLETE,SUCCESS,INFO,400,400,0,,2026-08-31T19:06:18.658Z,2026-08-31T21:16:41.151Z,7823,2026-08-31T21:16:41.151Z,B31,Dyersburg,79f5b39e-d314-4ad3-8050-3ace553d67de,SAMMS-DyersburgV5
202608312116374613,202608311905654889,202608311905652236,85,4473,Bronze INV,br_ReAssessmentTreatment,TASK_COMPLETE,SUCCESS,INFO,488,488,0,,2026-08-31T19:06:18.658Z,2026-08-31T21:16:41.151Z,7823,2026-08-31T21:16:41.151Z,B33,Paducah,79f5b39e-d314-4ad3-8050-3ace553d67de,SAMMS-Paducah
202608312116374614,202608311905654890,202608311905652236,85,4474,Bronze INV,br_ReAssessmentTreatment,TASK_COMPLETE,SUCCESS,INFO,382,382,0,,2026-08-31T19:06:18.658Z,2026-08-31T21:16:41.151Z,7823,2026-08-31T21:16:41.151Z,B34,Corbin,79f5b39e-d314-4ad3-8050-3ace553d67de,SAMMS-CorbinV5
202608312116374615,202608311905654891,202608311905652236,85,4475,Bronze INV,br_ReAssessmentTreatment,TASK_COMPLETE,SUCCESS,INFO,239,239,0,,2026-08-31T19:06:18.658Z,2026-08-31T21:16:41.151Z,7823,2026-08-31T21:16:41.151Z,B35,Lexington,79f5b39e-d314-4ad3-8050-3ace553d67de,SAMMS-LexingtonV5
202608312116374616,202608311905654892,202608311905652236,85,4476,Bronze INV,br_ReAssessmentTreatment,TASK_COMPLETE,SUCCESS,INFO,77,77,0,,2026-08-31T19:06:18.658Z,2026-08-31T21:16:41.151Z,7823,2026-08-31T21:16:41.151Z,B35A,Berea,79f5b39e-d314-4ad3-8050-3ace553d67de,SAMMS-BereaV5
202608312116374617,202608311905654893,202608311905652236,85,4477,Bronze INV,br_ReAssessmentTreatment,TASK_COMPLETE,SUCCESS,INFO,21,21,0,,2026-08-31T19:06:18.658Z,2026-08-31T21:16:41.151Z,7823,2026-08-31T21:16:41.151Z,B36,Asheville,79f5b39e-d314-4ad3-8050-3ace553d67de,SAMMS-AshevilleV5
202608312116374618,202608311905654894,202608311905652236,85,4478,Bronze INV,br_ReAssessmentTreatment,TASK_COMPLETE,SUCCESS,INFO,1,1,0,,2026-08-31T19:06:18.658Z,2026-08-31T21:16:41.151Z,7823,2026-08-31T21:16:41.151Z,B37,Clyde,79f5b39e-d314-4ad3-8050-3ace553d67de,SAMMS-ClydeV5
202608312116374619,202608311905654895,202608311905652236,85,4479,Bronze INV,br_ReAssessmentTreatment,TASK_COMPLETE,SUCCESS,INFO,1185,1185,0,,2026-08-31T19:06:18.658Z,2026-08-31T21:16:41.151Z,7823,2026-08-31T21:16:41.151Z,B38,Spartanburg,79f5b39e-d314-4ad3-8050-3ace553d67de,SAMMS-SpartanburgV5
202608312116374621,202608311905654896,202608311905652236,85,4480,Bronze INV,br_ReAssessmentTreatment,TASK_COMPLETE,SUCCESS,INFO,361,361,0,,2026-08-31T19:06:18.658Z,2026-08-31T21:16:41.151Z,7823,2026-08-31T21:16:41.151Z,B39,Aiken,79f5b39e-d314-4ad3-8050-3ace553d67de,SAMMS-AikenV5
202608312116374622,202608311905654897,202608311905652236,85,4481,Bronze INV,br_ReAssessmentTreatment,TASK_COMPLETE,SUCCESS,INFO,1886,1886,0,,2026-08-31T19:06:18.658Z,2026-08-31T21:16:41.151Z,7823,2026-08-31T21:16:41.151Z,B41,Chesapeake,79f5b39e-d314-4ad3-8050-3ace553d67de,SAMMS-ChesapeakeV5
202608312116374623,202608311905654898,202608311905652236,85,4482,Bronze INV,br_ReAssessmentTreatment,TASK_COMPLETE,SUCCESS,INFO,1911,1911,0,,2026-08-31T19:06:18.658Z,2026-08-31T21:16:41.151Z,7823,2026-08-31T21:16:41.151Z,B42,Virginia Beach,79f5b39e-d314-4ad3-8050-3ace553d67de,SAMMS-VirginiaBeachV5
202608312116374624,202608311905654899,202608311905652236,85,4483,Bronze INV,br_ReAssessmentTreatment,TASK_COMPLETE,SUCCESS,INFO,925,925,0,,2026-08-31T19:06:18.658Z,2026-08-31T21:16:41.151Z,7823,2026-08-31T21:16:41.151Z,B42A,Newport News,79f5b39e-d314-4ad3-8050-3ace553d67de,SAMMS-NewportNewsV5
202608312116374625,202608311905654900,202608311905652236,85,4484,Bronze INV,br_ReAssessmentTreatment,TASK_COMPLETE,SUCCESS,INFO,507,507,0,,2026-08-31T19:06:18.658Z,2026-08-31T21:16:41.151Z,7823,2026-08-31T21:16:41.151Z,B42B,Franklin,79f5b39e-d314-4ad3-8050-3ace553d67de,SAMMS-FranklinV5
202608312116374626,202608311905654901,202608311905652236,85,4485,Bronze INV,br_ReAssessmentTreatment,TASK_COMPLETE,SUCCESS,INFO,340,340,0,,2026-08-31T19:06:18.658Z,2026-08-31T21:16:41.151Z,7823,2026-08-31T21:16:41.151Z,B42C,Glen Allen,79f5b39e-d314-4ad3-8050-3ace553d67de,SAMMS-GlenAllenV5
202608312116374627,202608311905654902,202608311905652236,85,4486,Bronze INV,br_ReAssessmentTreatment,TASK_COMPLETE,SUCCESS,INFO,1481,1481,0,,2026-08-31T19:06:18.658Z,2026-08-31T21:16:41.151Z,7823,2026-08-31T21:16:41.151Z,B42D,Chesapeake South,79f5b39e-d314-4ad3-8050-3ace553d67de,SAMMS-ChesapeakeSouthV5
202608292054379824,202608291904435181,202608291904434406,85,1843,Bronze INV,br_Appointments,TASK_COMPLETE,SUCCESS,INFO,1855,1855,0,,2026-08-29T19:04:49.126Z,2026-08-29T20:54:41.421Z,6592,2026-08-29T20:54:41.421Z,STVN,Stevenson,dd7385f2-fbd4-41a4-afcd-7296aca5e198,SAMMS-Stevenson
202608292054379825,202608291904435182,202608291904434406,85,1845,Bronze INV,br_Appointments,TASK_COMPLETE,SUCCESS,INFO,5535,5535,0,,2026-08-29T19:04:49.126Z,2026-08-29T20:54:41.421Z,6592,2026-08-29T20:54:41.421Z,TE,Tempe,dd7385f2-fbd4-41a4-afcd-7296aca5e198,SAMMS-Tempe
202608292054379826,202608291904435183,202608291904434406,85,1846,Bronze INV,br_Appointments,TASK_COMPLETE,SUCCESS,INFO,15270,15270,0,,2026-08-29T19:04:49.126Z,2026-08-29T20:54:41.421Z,6592,2026-08-29T20:54:41.421Z,TEX,Texarkana,dd7385f2-fbd4-41a4-afcd-7296aca5e198,SAMMS-Texarkana
202608292054379827,202608291904435184,202608291904434406,85,1847,Bronze INV,br_Appointments,TASK_COMPLETE,SUCCESS,INFO,7738,7738,0,,2026-08-29T19:04:49.126Z,2026-08-29T20:54:41.421Z,6592,2026-08-29T20:54:41.421Z,TTCA,Bessemer,dd7385f2-fbd4-41a4-afcd-7296aca5e198,SAMMS-BessemerV5
202608292054379829,202608291904435185,202608291904434406,85,1848,Bronze INV,br_Appointments,TASK_COMPLETE,SUCCESS,INFO,22982,22982,0,,2026-08-29T19:04:49.126Z,2026-08-29T20:54:41.421Z,6592,2026-08-29T20:54:41.421Z,TTCB,Cullman,dd7385f2-fbd4-41a4-afcd-7296aca5e198,SAMMS-CullmanV5
202608292054379830,202608291904435186,202608291904434406,85,1849,Bronze INV,br_Appointments,TASK_COMPLETE,SUCCESS,INFO,12601,12601,0,,2026-08-29T19:04:49.126Z,2026-08-29T20:54:41.421Z,6592,2026-08-29T20:54:41.421Z,TTCC,Grand Bay,dd7385f2-fbd4-41a4-afcd-7296aca5e198,SAMMS-GrandBay
202608292054379831,202608291904435187,202608291904434406,85,1850,Bronze INV,br_Appointments,TASK_COMPLETE,SUCCESS,INFO,1300,1300,0,,2026-08-29T19:04:49.126Z,2026-08-29T20:54:41.421Z,6592,2026-08-29T20:54:41.421Z,TU,Tucson,dd7385f2-fbd4-41a4-afcd-7296aca5e198,SAMMS-Tucson
202608292054379832,202608291904435188,202608291904434406,85,1852,Bronze INV,br_Appointments,TASK_COMPLETE,SUCCESS,INFO,8520,8520,0,,2026-08-29T19:04:49.126Z,2026-08-29T20:54:41.421Z,6592,2026-08-29T20:54:41.421Z,V1,Memphis South,dd7385f2-fbd4-41a4-afcd-7296aca5e198,SAMMS-VCPHCS-I-MemphisV5
202608292054379833,202608291904435189,202608291904434406,85,1853,Bronze INV,br_Appointments,TASK_COMPLETE,SUCCESS,INFO,18173,18173,0,,2026-08-29T19:04:49.126Z,2026-08-29T20:54:41.421Z,6592,2026-08-29T20:54:41.421Z,V10,Longmont,dd7385f2-fbd4-41a4-afcd-7296aca5e198,SAMMS-BoulderV5
202608292054379835,202608291904435190,202608291904434406,85,1854,Bronze INV,br_Appointments,TASK_COMPLETE,SUCCESS,INFO,43649,43649,0,,2026-08-29T19:04:49.126Z,2026-08-29T20:54:41.421Z,6592,2026-08-29T20:54:41.421Z,V10A,Fort Collins,dd7385f2-fbd4-41a4-afcd-7296aca5e198,SAMMS-FortCollinsV5
202608292054379836,202608291904435191,202608291904434406,85,1855,Bronze INV,br_Appointments,TASK_COMPLETE,SUCCESS,INFO,47298,47298,0,,2026-08-29T19:04:49.126Z,2026-08-29T20:54:41.421Z,6592,2026-08-29T20:54:41.421Z,V11,Westminster,dd7385f2-fbd4-41a4-afcd-7296aca5e198,SAMMS-VCPHCS-XI-NorthDenverV5
202608292054379837,202608291904435192,202608291904434406,85,1856,Bronze INV,br_Appointments,TASK_COMPLETE,SUCCESS,INFO,44899,44899,0,,2026-08-29T19:04:49.126Z,2026-08-29T20:54:41.421Z,6592,2026-08-29T20:54:41.421Z,V12,Downtown Denver,dd7385f2-fbd4-41a4-afcd-7296aca5e198,SAMMS-VCPHCS-XII-DowntownDenverV5
202608292054379838,202608291904435193,202608291904434406,85,1857,Bronze INV,br_Appointments,TASK_COMPLETE,SUCCESS,INFO,18913,18913,0,,2026-08-29T19:04:49.126Z,2026-08-29T20:54:41.421Z,6592,2026-08-29T20:54:41.421Z,V12A,Centennial,dd7385f2-fbd4-41a4-afcd-7296aca5e198,SAMMS-CentennialV5
202608292054379839,202608291904435194,202608291904434406,85,1858,Bronze INV,br_Appointments,TASK_COMPLETE,SUCCESS,INFO,9735,9735,0,,2026-08-29T19:04:49.126Z,2026-08-29T20:54:41.421Z,6592,2026-08-29T20:54:41.421Z,V14,Overland Park,dd7385f2-fbd4-41a4-afcd-7296aca5e198,SAMMS-VCPHCS-XIV-BridgewayV5
202608292054379840,202608291904435195,202608291904434406,85,1859,Bronze INV,br_Appointments,TASK_COMPLETE,SUCCESS,INFO,5424,5424,0,,2026-08-29T19:04:49.126Z,2026-08-29T20:54:41.421Z,6592,2026-08-29T20:54:41.421Z,V15,Joplin,dd7385f2-fbd4-41a4-afcd-7296aca5e198,SAMMS-JoplinV5
202608292054379841,202608291904435196,202608291904434406,85,1861,Bronze INV,br_Appointments,TASK_COMPLETE,SUCCESS,INFO,9006,9006,0,,2026-08-29T19:04:49.126Z,2026-08-29T20:54:41.421Z,6592,2026-08-29T20:54:41.421Z,V17,Columbia TN,dd7385f2-fbd4-41a4-afcd-7296aca5e198,SAMMS-ColumbiaTNv5
202608292054379843,202608291904435197,202608291904434406,85,1863,Bronze INV,br_Appointments,TASK_COMPLETE,SUCCESS,INFO,31203,31203,0,,2026-08-29T19:04:49.126Z,2026-08-29T20:54:41.421Z,6592,2026-08-29T20:54:41.421Z,V19,Jackson,dd7385f2-fbd4-41a4-afcd-7296aca5e198,SAMMS-JacksonV5
202608292054379844,202608291904435198,202608291904434406,85,1865,Bronze INV,br_Appointments,TASK_COMPLETE,SUCCESS,INFO,30595,30595,0,,2026-08-29T19:04:49.126Z,2026-08-29T20:54:41.421Z,6592,2026-08-29T20:54:41.421Z,V20,Paris,dd7385f2-fbd4-41a4-afcd-7296aca5e198,SAMMS-ParisV5
202608292054379845,202608291904435199,202608291904434406,85,1866,Bronze INV,br_Appointments,TASK_COMPLETE,SUCCESS,INFO,38464,38464,0,,2026-08-29T19:04:49.126Z,2026-08-29T20:54:41.421Z,6592,2026-08-29T20:54:41.421Z,V21,Memphis North,dd7385f2-fbd4-41a4-afcd-7296aca5e198,SAMMS-RaleighV5
202608292054379846,202608291904435200,202608291904434406,85,1869,Bronze INV,br_Appointments,TASK_COMPLETE,SUCCESS,INFO,25258,25258,0,,2026-08-29T19:04:49.126Z,2026-08-29T20:54:41.421Z,6592,2026-08-29T20:54:41.421Z,V5,West Bank,dd7385f2-fbd4-41a4-afcd-7296aca5e198,SAMMS-NONTCv5
202608292054379847,202608291904435201,202608291904434406,85,1871,Bronze INV,br_Appointments,TASK_COMPLETE,SUCCESS,INFO,4742,4742,0,,2026-08-29T19:04:49.126Z,2026-08-29T20:54:41.421Z,6592,2026-08-29T20:54:41.421Z,V5B,Houma,dd7385f2-fbd4-41a4-afcd-7296aca5e198,SAMMS-HoumaV6
202608292054379848,202608291904435202,202608291904434406,85,1872,Bronze INV,br_Appointments,TASK_COMPLETE,SUCCESS,INFO,44157,44157,0,,2026-08-29T19:04:49.126Z,2026-08-29T20:54:41.421Z,6592,2026-08-29T20:54:41.421Z,V6,Lake Charles,dd7385f2-fbd4-41a4-afcd-7296aca5e198,SAMMS-LCv5
202608292054379850,202608291904435203,202608291904434406,85,1874,Bronze INV,br_Appointments,TASK_COMPLETE,SUCCESS,INFO,13403,13403,0,,2026-08-29T19:04:49.126Z,2026-08-29T20:54:41.421Z,6592,2026-08-29T20:54:41.421Z,V8,Memphis Midtown,dd7385f2-fbd4-41a4-afcd-7296aca5e198,SAMMS-VCPHCS-VIII-MemphisV5
202608292054379851,202608291904435204,202608291904434406,85,1875,Bronze INV,br_Appointments,TASK_COMPLETE,SUCCESS,INFO,56950,56950,0,,2026-08-29T19:04:49.126Z,2026-08-29T20:54:41.421Z,6592,2026-08-29T20:54:41.421Z,V9,Nashville,dd7385f2-fbd4-41a4-afcd-7296aca5e198,SAMMS-NashvilleV5
202608292054379852,202608291904435205,202608291904434406,85,1876,Bronze INV,br_Appointments,TASK_COMPLETE,SUCCESS,INFO,20595,20595,0,,2026-08-29T19:04:49.126Z,2026-08-29T20:54:41.421Z,6592,2026-08-29T20:54:41.421Z,VBRA,Brainerd,dd7385f2-fbd4-41a4-afcd-7296aca5e198,SAMMS-BrainerdV6
202608292054379853,202608291904435206,202608291904434406,85,1877,Bronze INV,br_Appointments,TASK_COMPLETE,SUCCESS,INFO,79047,79047,0,,2026-08-29T19:04:49.126Z,2026-08-29T20:54:41.421Z,6592,2026-08-29T20:54:41.421Z,VBRP,Brooklyn Park,dd7385f2-fbd4-41a4-afcd-7296aca5e198,SAMMS-BrooklynParkV6
202608292054379855,202608291904435207,202608291904434406,85,1879,Bronze INV,br_Appointments,TASK_COMPLETE,SUCCESS,INFO,40952,40952,0,,2026-08-29T19:04:49.126Z,2026-08-29T20:54:41.421Z,6592,2026-08-29T20:54:41.421Z,VMIN,Minneapolis,dd7385f2-fbd4-41a4-afcd-7296aca5e198,SAMMS-MinneapolisV6
202608292054379856,202608291904435208,202608291904434406,85,1880,Bronze INV,br_Appointments,TASK_COMPLETE,SUCCESS,INFO,89466,89466,0,,2026-08-29T19:04:49.126Z,2026-08-29T20:54:41.421Z,6592,2026-08-29T20:54:41.421Z,VWBY,Woodbury,dd7385f2-fbd4-41a4-afcd-7296aca5e198,SAMMS-WoodburyV6
202608292054379857,202608291904435209,202608291904434406,85,1882,Bronze INV,br_Appointments,TASK_COMPLETE,SUCCESS,INFO,12772,12772,0,,2026-08-29T19:04:49.126Z,2026-08-29T20:54:41.421Z,6592,2026-08-29T20:54:41.421Z,WIL,Wilson,dd7385f2-fbd4-41a4-afcd-7296aca5e198,SAMMS-Wilson
202608292054379858,202608291904435210,202608291904434406,85,231,Bronze INV,br_AdmissionAssessment,TASK_COMPLETE,SUCCESS,INFO,237,237,0,,2026-08-29T19:04:49.126Z,2026-08-29T20:54:41.421Z,6592,2026-08-29T20:54:41.421Z,B12B,Colorado Springs,dd7385f2-fbd4-41a4-afcd-7296aca5e198,SAMMS-ColoradoSpringsV5
202608292054379859,202608291904435211,202608291904434406,85,232,Bronze INV,br_AdmissionAssessment,TASK_COMPLETE,SUCCESS,INFO,8,8,0,,2026-08-29T19:04:49.126Z,2026-08-29T20:54:41.421Z,6592,2026-08-29T20:54:41.421Z,B24,Paintsville,dd7385f2-fbd4-41a4-afcd-7296aca5e198,SAMMS-PaintsvilleV5
202608292054379860,202608291904435212,202608291904434406,85,233,Bronze INV,br_AdmissionAssessment,TASK_COMPLETE,SUCCESS,INFO,1,1,0,,2026-08-29T19:04:49.126Z,2026-08-29T20:54:41.421Z,6592,2026-08-29T20:54:41.421Z,B25,Pikeville,dd7385f2-fbd4-41a4-afcd-7296aca5e198,SAMMS-PikevilleV5
202608292054379862,202608291904435213,202608291904434406,85,234,Bronze INV,br_AdmissionAssessment,TASK_COMPLETE,SUCCESS,INFO,0,0,0,,2026-08-29T19:04:49.126Z,2026-08-29T20:54:41.421Z,6592,2026-08-29T20:54:41.421Z,B26,Hazard,dd7385f2-fbd4-41a4-afcd-7296aca5e198,SAMMS-HazardV5
202608292054379863,202608291904435214,202608291904434406,85,235,Bronze INV,br_AdmissionAssessment,TASK_COMPLETE,SUCCESS,INFO,51,51,0,,2026-08-29T19:04:49.126Z,2026-08-29T20:54:41.421Z,6592,2026-08-29T20:54:41.421Z,B27,Savannah,dd7385f2-fbd4-41a4-afcd-7296aca5e198,SAMMS-SavannahV6
202608292054379864,202608291904435215,202608291904434406,85,236,Bronze INV,br_AdmissionAssessment,TASK_COMPLETE,SUCCESS,INFO,99,99,0,,2026-08-29T19:04:49.126Z,2026-08-29T20:54:41.421Z,6592,2026-08-29T20:54:41.421Z,B28,West Plains,dd7385f2-fbd4-41a4-afcd-7296aca5e198,SAMMS-WestPlainesV5
202608292054379865,202608291904435216,202608291904434406,85,237,Bronze INV,br_AdmissionAssessment,TASK_COMPLETE,SUCCESS,INFO,81,81,0,,2026-08-29T19:04:49.126Z,2026-08-29T20:54:41.421Z,6592,2026-08-29T20:54:41.421Z,B29,Poplar Bluff,dd7385f2-fbd4-41a4-afcd-7296aca5e198,SAMMS-PoplarBluffV5
202608292054379866,202608291904435217,202608291904434406,85,238,Bronze INV,br_AdmissionAssessment,TASK_COMPLETE,SUCCESS,INFO,75,75,0,,2026-08-29T19:04:49.126Z,2026-08-29T20:54:41.421Z,6592,2026-08-29T20:54:41.421Z,B30,KC North,dd7385f2-fbd4-41a4-afcd-7296aca5e198,SAMMS-KCNv5
202608292054379867,202608291904435218,202608291904434406,85,239,Bronze INV,br_AdmissionAssessment,TASK_COMPLETE,SUCCESS,INFO,114,114,0,,2026-08-29T19:04:49.126Z,2026-08-29T20:54:41.421Z,6592,2026-08-29T20:54:41.421Z,B31,Dyersburg,dd7385f2-fbd4-41a4-afcd-7296aca5e198,SAMMS-DyersburgV5
202608292054379869,202608291904435219,202608291904434406,85,241,Bronze INV,br_AdmissionAssessment,TASK_COMPLETE,SUCCESS,INFO,1,1,0,,2026-08-29T19:04:49.126Z,2026-08-29T20:54:41.421Z,6592,2026-08-29T20:54:41.421Z,B33,Paducah,dd7385f2-fbd4-41a4-afcd-7296aca5e198,SAMMS-Paducah
202608292054379870,202608291904435220,202608291904434406,85,242,Bronze INV,br_AdmissionAssessment,TASK_COMPLETE,SUCCESS,INFO,1,1,0,,2026-08-29T19:04:49.126Z,2026-08-29T20:54:41.421Z,6592,2026-08-29T20:54:41.421Z,B34,Corbin,dd7385f2-fbd4-41a4-afcd-7296aca5e198,SAMMS-CorbinV5
202608292054379871,202608291904435221,202608291904434406,85,243,Bronze INV,br_AdmissionAssessment,TASK_COMPLETE,SUCCESS,INFO,5,5,0,,2026-08-29T19:04:49.126Z,2026-08-29T20:54:41.421Z,6592,2026-08-29T20:54:41.421Z,B35,Lexington,dd7385f2-fbd4-41a4-afcd-7296aca5e198,SAMMS-LexingtonV5
202608292054379872,202608291904435222,202608291904434406,85,244,Bronze INV,br_AdmissionAssessment,TASK_COMPLETE,SUCCESS,INFO,4,4,0,,2026-08-29T19:04:49.126Z,2026-08-29T20:54:41.421Z,6592,2026-08-29T20:54:41.421Z,B35A,Berea,dd7385f2-fbd4-41a4-afcd-7296aca5e198,SAMMS-BereaV5
202608292054379873,202608291904435223,202608291904434406,85,245,Bronze INV,br_AdmissionAssessment,TASK_COMPLETE,SUCCESS,INFO,186,186,0,,2026-08-29T19:04:49.126Z,2026-08-29T20:54:41.421Z,6592,2026-08-29T20:54:41.421Z,B36,Asheville,dd7385f2-fbd4-41a4-afcd-7296aca5e198,SAMMS-AshevilleV5
202608292054379874,202608291904435224,202608291904434406,85,246,Bronze INV,br_AdmissionAssessment,TASK_COMPLETE,SUCCESS,INFO,141,141,0,,2026-08-29T19:04:49.126Z,2026-08-29T20:54:41.421Z,6592,2026-08-29T20:54:41.421Z,B37,Clyde,dd7385f2-fbd4-41a4-afcd-7296aca5e198,SAMMS-ClydeV5
202608292054379875,202608291904435225,202608291904434406,85,247,Bronze INV,br_AdmissionAssessment,TASK_COMPLETE,SUCCESS,INFO,188,188,0,,2026-08-29T19:04:49.126Z,2026-08-29T20:54:41.421Z,6592,2026-08-29T20:54:41.421Z,B38,Spartanburg,dd7385f2-fbd4-41a4-afcd-7296aca5e198,SAMMS-SpartanburgV5
202608292054379877,202608291904435226,202608291904434406,85,248,Bronze INV,br_AdmissionAssessment,TASK_COMPLETE,SUCCESS,INFO,165,165,0,,2026-08-29T19:04:49.126Z,2026-08-29T20:54:41.421Z,6592,2026-08-29T20:54:41.421Z,B39,Aiken,dd7385f2-fbd4-41a4-afcd-7296aca5e198,SAMMS-AikenV5
202608292054379878,202608291904435227,202608291904434406,85,249,Bronze INV,br_AdmissionAssessment,TASK_COMPLETE,SUCCESS,INFO,2,2,0,,2026-08-29T19:04:49.126Z,2026-08-29T20:54:41.421Z,6592,2026-08-29T20:54:41.421Z,B41,Chesapeake,dd7385f2-fbd4-41a4-afcd-7296aca5e198,SAMMS-ChesapeakeV5
202608292054379879,202608291904435228,202608291904434406,85,250,Bronze INV,br_AdmissionAssessment,TASK_COMPLETE,SUCCESS,INFO,1,1,0,,2026-08-29T19:04:49.126Z,2026-08-29T20:54:41.421Z,6592,2026-08-29T20:54:41.421Z,B42,Virginia Beach,dd7385f2-fbd4-41a4-afcd-7296aca5e198,SAMMS-VirginiaBeachV5
202608292054379880,202608291904435229,202608291904434406,85,251,Bronze INV,br_AdmissionAssessment,TASK_COMPLETE,SUCCESS,INFO,1,1,0,,2026-08-29T19:04:49.126Z,2026-08-29T20:54:41.421Z,6592,2026-08-29T20:54:41.421Z,B42A,Newport News,dd7385f2-fbd4-41a4-afcd-7296aca5e198,SAMMS-NewportNewsV5
202608292054379881,202608291904435230,202608291904434406,85,252,Bronze INV,br_AdmissionAssessment,TASK_COMPLETE,SUCCESS,INFO,0,0,0,,2026-08-29T19:04:49.126Z,2026-08-29T20:54:41.421Z,6592,2026-08-29T20:54:41.421Z,B42B,Franklin,dd7385f2-fbd4-41a4-afcd-7296aca5e198,SAMMS-FranklinV5
202608292054379882,202608291904435231,202608291904434406,85,253,Bronze INV,br_AdmissionAssessment,TASK_COMPLETE,SUCCESS,INFO,2,2,0,,2026-08-29T19:04:49.126Z,2026-08-29T20:54:41.421Z,6592,2026-08-29T20:54:41.421Z,B42C,Glen Allen,dd7385f2-fbd4-41a4-afcd-7296aca5e198,SAMMS-GlenAllenV5
202608292054379884,202608291904435232,202608291904434406,85,254,Bronze INV,br_AdmissionAssessment,TASK_COMPLETE,SUCCESS,INFO,1,1,0,,2026-08-29T19:04:49.126Z,2026-08-29T20:54:41.421Z,6592,2026-08-29T20:54:41.421Z,B42D,Chesapeake South,dd7385f2-fbd4-41a4-afcd-7296aca5e198,SAMMS-ChesapeakeSouthV5
202608292054379885,202608291904435233,202608291904434406,85,255,Bronze INV,br_AdmissionAssessment,TASK_COMPLETE,SUCCESS,INFO,54,54,0,,2026-08-29T19:04:49.126Z,2026-08-29T20:54:41.421Z,6592,2026-08-29T20:54:41.421Z,B44,Albany,dd7385f2-fbd4-41a4-afcd-7296aca5e198,SAMMS-AlbanyV5
202608292054379886,202608291904435234,202608291904434406,85,256,Bronze INV,br_AdmissionAssessment,TASK_COMPLETE,SUCCESS,INFO,64,64,0,,2026-08-29T19:04:49.126Z,2026-08-29T20:54:41.421Z,6592,2026-08-29T20:54:41.421Z,B45,Tifton,dd7385f2-fbd4-41a4-afcd-7296aca5e198,SAMMS-TiftonV5
202608292054379887,202608291904435235,202608291904434406,85,257,Bronze INV,br_AdmissionAssessment,TASK_COMPLETE,SUCCESS,INFO,340,340,0,,2026-08-29T19:04:49.126Z,2026-08-29T20:54:41.421Z,6592,2026-08-29T20:54:41.421Z,B46,Washington DC,dd7385f2-fbd4-41a4-afcd-7296aca5e198,SAMMS-WashingtonDCv5
202608292054379888,202608291904435236,202608291904434406,85,258,Bronze INV,br_AdmissionAssessment,TASK_COMPLETE,SUCCESS,INFO,95,95,0,,2026-08-29T19:04:49.126Z,2026-08-29T20:54:41.421Z,6592,2026-08-29T20:54:41.421Z,B47,Mobile,dd7385f2-fbd4-41a4-afcd-7296aca5e198,SAMMS-MobileV5
202608292054379889,202608291904435237,202608291904434406,85,259,Bronze INV,br_AdmissionAssessment,TASK_COMPLETE,SUCCESS,INFO,154,154,0,,2026-08-29T19:04:49.126Z,2026-08-29T20:54:41.421Z,6592,2026-08-29T20:54:41.421Z,B48,Tuscaloosa,dd7385f2-fbd4-41a4-afcd-7296aca5e198,SAMMS-TuscaloosaV5
202608292054379890,202608291904435238,202608291904434406,85,268,Bronze INV,br_AdmissionAssessment,TASK_COMPLETE,SUCCESS,INFO,78,78,0,,2026-08-29T19:04:49.126Z,2026-08-29T20:54:41.421Z,6592,2026-08-29T20:54:41.421Z,B51,N. Little Rock (OTP),dd7385f2-fbd4-41a4-afcd-7296aca5e198,SAMMS-NorthLittleRockV6
202608292054379892,202608291904435239,202608291904434406,85,269,Bronze INV,br_AdmissionAssessment,TASK_COMPLETE,SUCCESS,INFO,48,48,0,,2026-08-29T19:04:49.126Z,2026-08-29T20:54:41.421Z,6592,2026-08-29T20:54:41.421Z,B52,Jackson GA,dd7385f2-fbd4-41a4-afcd-7296aca5e198,SAMMS-JacksonGAV5
202608292054379893,202608291904435240,202608291904434406,85,270,Bronze INV,br_AdmissionAssessment,TASK_COMPLETE,SUCCESS,INFO,162,162,0,,2026-08-29T19:04:49.126Z,2026-08-29T20:54:41.421Z,6592,2026-08-29T20:54:41.421Z,B54,Gadsden,dd7385f2-fbd4-41a4-afcd-7296aca5e198,SAMMS-GadsdenV5
202608292054379894,202608291904435241,202608291904434406,85,271,Bronze INV,br_AdmissionAssessment,TASK_COMPLETE,SUCCESS,INFO,157,157,0,,2026-08-29T19:04:49.126Z,2026-08-29T20:54:41.421Z,6592,2026-08-29T20:54:41.421Z,B55,Shoals,dd7385f2-fbd4-41a4-afcd-7296aca5e198,SAMMS-ShoalsV5
202608292054379895,202608291904435242,202608291904434406,85,272,Bronze INV,br_AdmissionAssessment,TASK_COMPLETE,SUCCESS,INFO,39,39,0,,2026-08-29T19:04:49.126Z,2026-08-29T20:54:41.421Z,6592,2026-08-29T20:54:41.421Z,B57,Pawtucket,dd7385f2-fbd4-41a4-afcd-7296aca5e198,SAMMS-Pawtucket
202608292054379896,202608291904435243,202608291904434406,85,273,Bronze INV,br_AdmissionAssessment,TASK_COMPLETE,SUCCESS,INFO,82,82,0,,2026-08-29T19:04:49.126Z,2026-08-29T20:54:41.421Z,6592,2026-08-29T20:54:41.421Z,B57A,Johnston,dd7385f2-fbd4-41a4-afcd-7296aca5e198,SAMMS-Johnston
202608292054379897,202608291904435244,202608291904434406,85,274,Bronze INV,br_AdmissionAssessment,TASK_COMPLETE,SUCCESS,INFO,41,41,0,,2026-08-29T19:04:49.126Z,2026-08-29T20:54:41.421Z,6592,2026-08-29T20:54:41.421Z,B57B,Middletown,dd7385f2-fbd4-41a4-afcd-7296aca5e198,SAMMS-Middletown
202608292054379899,202608291904435245,202608291904434406,85,275,Bronze INV,br_AdmissionAssessment,TASK_COMPLETE,SUCCESS,INFO,74,74,0,,2026-08-29T19:04:49.126Z,2026-08-29T20:54:41.421Z,6592,2026-08-29T20:54:41.421Z,B57C,Providence,dd7385f2-fbd4-41a4-afcd-7296aca5e198,SAMMS-Providence
202608292054379900,202608291904435246,202608291904434406,85,276,Bronze INV,br_AdmissionAssessment,TASK_COMPLETE,SUCCESS,INFO,80,80,0,,2026-08-29T19:04:49.126Z,2026-08-29T20:54:41.421Z,6592,2026-08-29T20:54:41.421Z,B57D,Westerly,dd7385f2-fbd4-41a4-afcd-7296aca5e198,SAMMS-Westerly
202608292054379901,202608291904435247,202608291904434406,85,280,Bronze INV,br_AdmissionAssessment,TASK_COMPLETE,SUCCESS,INFO,84,84,0,,2026-08-29T19:04:49.126Z,2026-08-29T20:54:41.421Z,6592,2026-08-29T20:54:41.421Z,B66A,Bremen,dd7385f2-fbd4-41a4-afcd-7296aca5e198,SAMMS-Bremen
202608292054379902,202608291904435248,202608291904434406,85,283,Bronze INV,br_AdmissionAssessment,TASK_COMPLETE,SUCCESS,INFO,26,26,0,,2026-08-29T19:04:49.126Z,2026-08-29T20:54:41.421Z,6592,2026-08-29T20:54:41.421Z,B72,Mobile (OBOT),dd7385f2-fbd4-41a4-afcd-7296aca5e198,SAMMS-Mobile-OBOT
202608292054379903,202608291904435249,202608291904434406,85,284,Bronze INV,br_AdmissionAssessment,TASK_COMPLETE,SUCCESS,INFO,2,2,0,,2026-08-29T19:04:49.126Z,2026-08-29T20:54:41.421Z,6592,2026-08-29T20:54:41.421Z,B73,Montgomery,dd7385f2-fbd4-41a4-afcd-7296aca5e198,SAMMS-Montgomery
202608292054379905,202608291904435250,202608291904434406,85,285,Bronze INV,br_AdmissionAssessment,TASK_COMPLETE,SUCCESS,INFO,103,103,0,,2026-08-29T19:04:49.126Z,2026-08-29T20:54:41.421Z,6592,2026-08-29T20:54:41.421Z,B75,Lawrence,dd7385f2-fbd4-41a4-afcd-7296aca5e198,SAMMS-LawrenceV6
202608292054379906,202608291904435251,202608291904434406,85,286,Bronze INV,br_AdmissionAssessment,TASK_COMPLETE,SUCCESS,INFO,50,50,0,,2026-08-29T19:04:49.126Z,2026-08-29T20:54:41.421Z,6592,2026-08-29T20:54:41.421Z,B76,Huntsville OBOT,dd7385f2-fbd4-41a4-afcd-7296aca5e198,SAMMS-Huntsville-OBOT
202608292054379907,202608291904435252,202608291904434406,85,287,Bronze INV,br_AdmissionAssessment,TASK_COMPLETE,SUCCESS,INFO,129,129,0,,2026-08-29T19:04:49.126Z,2026-08-29T20:54:41.421Z,6592,2026-08-29T20:54:41.421Z,BAT,Batesville,dd7385f2-fbd4-41a4-afcd-7296aca5e198,SAMMS-Batesville
202608292054379908,202608291904435253,202608291904434406,85,288,Bronze INV,br_AdmissionAssessment,TASK_COMPLETE,SUCCESS,INFO,0,0,0,,2026-08-29T19:04:49.126Z,2026-08-29T20:54:41.421Z,6592,2026-08-29T20:54:41.421Z,BG,Bowling Green,dd7385f2-fbd4-41a4-afcd-7296aca5e198,SAMMS-BowlingGreen
202608292054379909,202608291904435254,202608291904434406,85,289,Bronze INV,br_AdmissionAssessment,TASK_COMPLETE,SUCCESS,INFO,86,86,0,,2026-08-29T19:04:49.126Z,2026-08-29T20:54:41.421Z,6592,2026-08-29T20:54:41.421Z,BOI,Boise,dd7385f2-fbd4-41a4-afcd-7296aca5e198,SAMMS-Boise
202608292054379911,202608291904435255,202608291904434406,85,296,Bronze INV,br_AdmissionAssessment,TASK_COMPLETE,SUCCESS,INFO,56,56,0,,2026-08-29T19:04:49.126Z,2026-08-29T20:54:41.421Z,6592,2026-08-29T20:54:41.421Z,CBCO,Coeur dAlene,dd7385f2-fbd4-41a4-afcd-7296aca5e198,SAMMS-CoeurdAleneV6
202608292054379912,202608291904435256,202608291904434406,85,315,Bronze INV,br_AdmissionAssessment,TASK_COMPLETE,SUCCESS,INFO,126,126,0,,2026-08-29T19:04:49.126Z,2026-08-29T20:54:41.421Z,6592,2026-08-29T20:54:41.421Z,CON,Conway,dd7385f2-fbd4-41a4-afcd-7296aca5e198,SAMMS-Conway
202608292054379913,202608291904435257,202608291904434406,85,316,Bronze INV,br_AdmissionAssessment,TASK_COMPLETE,SUCCESS,INFO,148,148,0,,2026-08-29T19:04:49.126Z,2026-08-29T20:54:41.421Z,6592,2026-08-29T20:54:41.421Z,D07,Medical Services Knox TN,dd7385f2-fbd4-41a4-afcd-7296aca5e198,SAMMS-KnoxvilleV6
202608292054379914,202608291904435258,202608291904434406,85,317,Bronze INV,br_AdmissionAssessment,TASK_COMPLETE,SUCCESS,INFO,176,176,0,,2026-08-29T19:04:49.126Z,2026-08-29T20:54:41.421Z,6592,2026-08-29T20:54:41.421Z,D08,Madison,dd7385f2-fbd4-41a4-afcd-7296aca5e198,SAMMS-MadisonV6
202608292054379915,202608291904435259,202608291904434406,85,319,Bronze INV,br_AdmissionAssessment,TASK_COMPLETE,SUCCESS,INFO,205,205,0,,2026-08-29T19:04:49.126Z,2026-08-29T20:54:41.421Z,6592,2026-08-29T20:54:41.421Z,D09,Murfreesboro,dd7385f2-fbd4-41a4-afcd-7296aca5e198,SAMMS-MurfreesboroV6
202608292054379916,202608291904435260,202608291904434406,85,320,Bronze INV,br_AdmissionAssessment,TASK_COMPLETE,SUCCESS,INFO,81,81,0,,2026-08-29T19:04:49.126Z,2026-08-29T20:54:41.421Z,6592,2026-08-29T20:54:41.421Z,DA,Davenport,dd7385f2-fbd4-41a4-afcd-7296aca5e198,SAMMS-Davenport
202608292054379917,202608291904435261,202608291904434406,85,321,Bronze INV,br_AdmissionAssessment,TASK_COMPLETE,SUCCESS,INFO,138,138,0,,2026-08-29T19:04:49.126Z,2026-08-29T20:54:41.421Z,6592,2026-08-29T20:54:41.421Z,DM,Des Moines,dd7385f2-fbd4-41a4-afcd-7296aca5e198,SAMMS-DesMoines
202608292054379919,202608291904435262,202608291904434406,85,323,Bronze INV,br_AdmissionAssessment,TASK_COMPLETE,SUCCESS,INFO,145,145,0,,2026-08-29T19:04:49.126Z,2026-08-29T20:54:41.421Z,6592,2026-08-29T20:54:41.421Z,DRD-CO,Columbia MO,dd7385f2-fbd4-41a4-afcd-7296aca5e198,SAMMS-ColumbiaV5
202608292054379920,202608291904435263,202608291904434406,85,324,Bronze INV,br_AdmissionAssessment,TASK_COMPLETE,SUCCESS,INFO,159,159,0,,2026-08-29T19:04:49.126Z,2026-08-29T20:54:41.421Z,6592,2026-08-29T20:54:41.421Z,DRD-KC,KC,dd7385f2-fbd4-41a4-afcd-7296aca5e198,SAMMS-KCv5
202608292054379921,202608291904435264,202608291904434406,85,325,Bronze INV,br_AdmissionAssessment,TASK_COMPLETE,SUCCESS,INFO,122,122,0,,2026-08-29T19:04:49.126Z,2026-08-29T20:54:41.421Z,6592,2026-08-29T20:54:41.421Z,DRD-KVB,KVB,dd7385f2-fbd4-41a4-afcd-7296aca5e198,SAMMS-KVBv5
202608292054379922,202608291904435265,202608291904434406,85,326,Bronze INV,br_AdmissionAssessment,TASK_COMPLETE,SUCCESS,INFO,367,367,0,,2026-08-29T19:04:49.126Z,2026-08-29T20:54:41.421Z,6592,2026-08-29T20:54:41.421Z,DRD-KVC,KVC,dd7385f2-fbd4-41a4-afcd-7296aca5e198,SAMMS-KVCv5
202608292054379923,202608291904435266,202608291904434406,85,327,Bronze INV,br_AdmissionAssessment,TASK_COMPLETE,SUCCESS,INFO,327,327,0,,2026-08-29T19:04:49.126Z,2026-08-29T20:54:41.421Z,6592,2026-08-29T20:54:41.421Z,DRD-NOLA,NOLA,dd7385f2-fbd4-41a4-afcd-7296aca5e198,SAMMS-NOLAv5
202609022122571355,202609021903206936,202609021903206075,85,328,Bronze INV,br_AdmissionAssessment,TASK_COMPLETE,SUCCESS,INFO,250,250,0,,2026-09-02T19:03:39.838Z,2026-09-02T21:23:00.812Z,8361,2026-09-02T21:23:00.812Z,DRD-SF,Springfield,c49685cc-3281-44bc-a1c2-3be5b1110999,SAMMS-SFv5
202609022122571357,202609021903206937,202609021903206075,85,330,Bronze INV,br_AdmissionAssessment,TASK_COMPLETE,SUCCESS,INFO,90,90,0,,2026-09-02T19:03:39.838Z,2026-09-02T21:23:00.812Z,8361,2026-09-02T21:23:00.812Z,ELC,Elizabeth City,c49685cc-3281-44bc-a1c2-3be5b1110999,SAMMS-ElizabethCity
202609022122571358,202609021903206938,202609021903206075,85,331,Bronze INV,br_AdmissionAssessment,TASK_COMPLETE,SUCCESS,INFO,4,4,0,,2026-09-02T19:03:39.838Z,2026-09-02T21:23:00.812Z,8361,2026-09-02T21:23:00.812Z,ET,Elizabethtown,c49685cc-3281-44bc-a1c2-3be5b1110999,SAMMS-Elizabethtown
202609022122571359,202609021903206939,202609021903206075,85,332,Bronze INV,br_AdmissionAssessment,TASK_COMPLETE,SUCCESS,INFO,117,117,0,,2026-09-02T19:03:39.838Z,2026-09-02T21:23:00.812Z,8361,2026-09-02T21:23:00.812Z,FAY,Fayetteville,c49685cc-3281-44bc-a1c2-3be5b1110999,SAMMS-Fayetteville
202609022122571360,202609021903206940,202609021903206075,85,333,Bronze INV,br_AdmissionAssessment,TASK_COMPLETE,SUCCESS,INFO,2,2,0,,2026-09-02T19:03:39.838Z,2026-09-02T21:23:00.812Z,8361,2026-09-02T21:23:00.812Z,FR,Frankfort,c49685cc-3281-44bc-a1c2-3be5b1110999,SAMMS-Frankfort
202609022122571361,202609021903206941,202609021903206075,85,334,Bronze INV,br_AdmissionAssessment,TASK_COMPLETE,SUCCESS,INFO,110,110,0,,2026-09-02T19:03:39.838Z,2026-09-02T21:23:00.812Z,8361,2026-09-02T21:23:00.812Z,FS,Fort Smith,c49685cc-3281-44bc-a1c2-3be5b1110999,SAMMS-FortSmith
202609022122571362,202609021903206942,202609021903206075,85,335,Bronze INV,br_AdmissionAssessment,TASK_COMPLETE,SUCCESS,INFO,207,207,0,,2026-09-02T19:03:39.838Z,2026-09-02T21:23:00.812Z,8361,2026-09-02T21:23:00.812Z,FW,Fort Wayne,c49685cc-3281-44bc-a1c2-3be5b1110999,SAMMS-FortWayne
202609022122571363,202609021903206943,202609021903206075,85,336,Bronze INV,br_AdmissionAssessment,TASK_COMPLETE,SUCCESS,INFO,35,35,0,,2026-09-02T19:03:39.838Z,2026-09-02T21:23:00.812Z,8361,2026-09-02T21:23:00.812Z,GAL,Gaylord,c49685cc-3281-44bc-a1c2-3be5b1110999,SAMMS-Gaylord
202609022122571364,202609021903206944,202609021903206075,85,340,Bronze INV,br_AdmissionAssessment,TASK_COMPLETE,SUCCESS,INFO,164,164,0,,2026-09-02T19:03:39.838Z,2026-09-02T21:23:00.812Z,8361,2026-09-02T21:23:00.812Z,HGT,Hagerstown,c49685cc-3281-44bc-a1c2-3be5b1110999,SAMMS-Hagerstown
202609022122571366,202609021903206945,202609021903206075,85,341,Bronze INV,br_AdmissionAssessment,TASK_COMPLETE,SUCCESS,INFO,133,133,0,,2026-09-02T19:03:39.838Z,2026-09-02T21:23:00.812Z,8361,2026-09-02T21:23:00.812Z,HNT,Huntsville,c49685cc-3281-44bc-a1c2-3be5b1110999,SAMMS-Huntsville
202609022122571367,202609021903206946,202609021903206075,85,342,Bronze INV,br_AdmissionAssessment,TASK_COMPLETE,SUCCESS,INFO,154,154,0,,2026-09-02T19:03:39.838Z,2026-09-02T21:23:00.812Z,8361,2026-09-02T21:23:00.812Z,HS,Hot Springs,c49685cc-3281-44bc-a1c2-3be5b1110999,SAMMS-HotSprings
202609022122571368,202609021903206947,202609021903206075,85,343,Bronze INV,br_AdmissionAssessment,TASK_COMPLETE,SUCCESS,INFO,78,78,0,,2026-09-02T19:03:39.838Z,2026-09-02T21:23:00.812Z,8361,2026-09-02T21:23:00.812Z,JON,Jonesboro,c49685cc-3281-44bc-a1c2-3be5b1110999,SAMMS-Jonesboro
202609022122571369,202609021903206948,202609021903206075,85,345,Bronze INV,br_AdmissionAssessment,TASK_COMPLETE,SUCCESS,INFO,75,75,0,,2026-09-02T19:03:39.838Z,2026-09-02T21:23:00.812Z,8361,2026-09-02T21:23:00.812Z,LAN,Lansing,c49685cc-3281-44bc-a1c2-3be5b1110999,SAMMS-Lansing
202609022122571370,202609021903206949,202609021903206075,85,346,Bronze INV,br_AdmissionAssessment,TASK_COMPLETE,SUCCESS,INFO,2,2,0,,2026-09-02T19:03:39.838Z,2026-09-02T21:23:00.812Z,8361,2026-09-02T21:23:00.812Z,LO,Louisville,c49685cc-3281-44bc-a1c2-3be5b1110999,SAMMS-Louisville
202609022122571371,202609021903206950,202609021903206075,85,347,Bronze INV,br_AdmissionAssessment,TASK_COMPLETE,SUCCESS,INFO,372,372,0,,2026-09-02T19:03:39.838Z,2026-09-02T21:23:00.812Z,8361,2026-09-02T21:23:00.812Z,LV1,Cheyenne,c49685cc-3281-44bc-a1c2-3be5b1110999,SAMMS-Cheyenne
202609022122571372,202609021903206951,202609021903206075,85,348,Bronze INV,br_AdmissionAssessment,TASK_COMPLETE,SUCCESS,INFO,348,348,0,,2026-09-02T19:03:39.838Z,2026-09-02T21:23:00.812Z,8361,2026-09-02T21:23:00.812Z,LV2,Desert Inn,c49685cc-3281-44bc-a1c2-3be5b1110999,SAMMS-DesertInn
202609022122571373,202609021903206952,202609021903206075,85,349,Bronze INV,br_AdmissionAssessment,TASK_COMPLETE,SUCCESS,INFO,106,106,0,,2026-09-02T19:03:39.838Z,2026-09-02T21:23:00.812Z,8361,2026-09-02T21:23:00.812Z,LV3,McDaniel,c49685cc-3281-44bc-a1c2-3be5b1110999,SAMMS-McDaniel
202609022122571374,202609021903206953,202609021903206075,85,352,Bronze INV,br_AdmissionAssessment,TASK_COMPLETE,SUCCESS,INFO,84,84,0,,2026-09-02T19:03:39.838Z,2026-09-02T21:23:00.812Z,8361,2026-09-02T21:23:00.812Z,MNRE,Monroe,c49685cc-3281-44bc-a1c2-3be5b1110999,SAMMS-Monroe
202609022122571375,202609021903206954,202609021903206075,85,353,Bronze INV,br_AdmissionAssessment,TASK_COMPLETE,SUCCESS,INFO,64,64,0,,2026-09-02T19:03:39.838Z,2026-09-02T21:23:00.812Z,8361,2026-09-02T21:23:00.812Z,MP,Mt. Pleasant,c49685cc-3281-44bc-a1c2-3be5b1110999,SAMMS-MtPleasant
202609022122571376,202609021903206955,202609021903206075,85,354,Bronze INV,br_AdmissionAssessment,TASK_COMPLETE,SUCCESS,INFO,56,56,0,,2026-09-02T19:03:39.838Z,2026-09-02T21:23:00.812Z,8361,2026-09-02T21:23:00.812Z,MRD,Meridian,c49685cc-3281-44bc-a1c2-3be5b1110999,SAMMS-Meridian
202609022122571377,202609021903206956,202609021903206075,85,359,Bronze INV,br_AdmissionAssessment,TASK_COMPLETE,SUCCESS,INFO,201,201,0,,2026-09-02T19:03:39.838Z,2026-09-02T21:23:00.812Z,8361,2026-09-02T21:23:00.812Z,NC,North Charleston,c49685cc-3281-44bc-a1c2-3be5b1110999,SAMMS-NorthCharleston
202609022122571379,202609021903206957,202609021903206075,85,360,Bronze INV,br_AdmissionAssessment,TASK_COMPLETE,SUCCESS,INFO,287,287,0,,2026-09-02T19:03:39.838Z,2026-09-02T21:23:00.812Z,8361,2026-09-02T21:23:00.812Z,NLR,N. Little Rock,c49685cc-3281-44bc-a1c2-3be5b1110999,SAMMS-NLROBOT
202609022122571380,202609021903206958,202609021903206075,85,361,Bronze INV,br_AdmissionAssessment,TASK_COMPLETE,SUCCESS,INFO,0,0,0,,2026-09-02T19:03:39.838Z,2026-09-02T21:23:00.812Z,8361,2026-09-02T21:23:00.812Z,PH,Phoenix,c49685cc-3281-44bc-a1c2-3be5b1110999,SAMMS-Phoenix
202609022122571381,202609021903206959,202609021903206075,85,365,Bronze INV,br_AdmissionAssessment,TASK_COMPLETE,SUCCESS,INFO,202,202,0,,2026-09-02T19:03:39.838Z,2026-09-02T21:23:00.812Z,8361,2026-09-02T21:23:00.812Z,RE,Reno,c49685cc-3281-44bc-a1c2-3be5b1110999,SAMMS-Reno
202609022122571382,202609021903206960,202609021903206075,85,366,Bronze INV,br_AdmissionAssessment,TASK_COMPLETE,SUCCESS,INFO,1,1,0,,2026-09-02T19:03:39.838Z,2026-09-02T21:23:00.812Z,8361,2026-09-02T21:23:00.812Z,RMD,Richmond,c49685cc-3281-44bc-a1c2-3be5b1110999,SAMMS-Richmond
202609022122571383,202609021903206961,202609021903206075,85,367,Bronze INV,br_AdmissionAssessment,TASK_COMPLETE,SUCCESS,INFO,186,186,0,,2026-09-02T19:03:39.838Z,2026-09-02T21:23:00.812Z,8361,2026-09-02T21:23:00.812Z,SFN,Springfield North,c49685cc-3281-44bc-a1c2-3be5b1110999,SAMMS-SFNv5
202609022122571384,202609021903206962,202609021903206075,85,368,Bronze INV,br_AdmissionAssessment,TASK_COMPLETE,SUCCESS,INFO,154,154,0,,2026-09-02T19:03:39.838Z,2026-09-02T21:23:00.812Z,8361,2026-09-02T21:23:00.812Z,SHP,Shreveport,c49685cc-3281-44bc-a1c2-3be5b1110999,SAMMS-Shreveport
202609022122571385,202609021903206963,202609021903206075,85,370,Bronze INV,br_AdmissionAssessment,TASK_COMPLETE,SUCCESS,INFO,0,0,0,,2026-09-02T19:03:39.838Z,2026-09-02T21:23:00.812Z,8361,2026-09-02T21:23:00.812Z,STN,Staunton,c49685cc-3281-44bc-a1c2-3be5b1110999,SAMMS-Staunton
202609022122571386,202609021903206964,202609021903206075,85,371,Bronze INV,br_AdmissionAssessment,TASK_COMPLETE,SUCCESS,INFO,26,26,0,,2026-09-02T19:03:39.838Z,2026-09-02T21:23:00.812Z,8361,2026-09-02T21:23:00.812Z,STVN,Stevenson,c49685cc-3281-44bc-a1c2-3be5b1110999,SAMMS-Stevenson
202609022122571387,202609021903206965,202609021903206075,85,373,Bronze INV,br_AdmissionAssessment,TASK_COMPLETE,SUCCESS,INFO,0,0,0,,2026-09-02T19:03:39.838Z,2026-09-02T21:23:00.812Z,8361,2026-09-02T21:23:00.812Z,TE,Tempe,c49685cc-3281-44bc-a1c2-3be5b1110999,SAMMS-Tempe
202609022122571389,202609021903206966,202609021903206075,85,374,Bronze INV,br_AdmissionAssessment,TASK_COMPLETE,SUCCESS,INFO,165,165,0,,2026-09-02T19:03:39.838Z,2026-09-02T21:23:00.812Z,8361,2026-09-02T21:23:00.812Z,TEX,Texarkana,c49685cc-3281-44bc-a1c2-3be5b1110999,SAMMS-Texarkana
202609022122571390,202609021903206967,202609021903206075,85,375,Bronze INV,br_AdmissionAssessment,TASK_COMPLETE,SUCCESS,INFO,137,137,0,,2026-09-02T19:03:39.838Z,2026-09-02T21:23:00.812Z,8361,2026-09-02T21:23:00.812Z,TTCA,Bessemer,c49685cc-3281-44bc-a1c2-3be5b1110999,SAMMS-BessemerV5
202609022122571391,202609021903206968,202609021903206075,85,376,Bronze INV,br_AdmissionAssessment,TASK_COMPLETE,SUCCESS,INFO,157,157,0,,2026-09-02T19:03:39.838Z,2026-09-02T21:23:00.812Z,8361,2026-09-02T21:23:00.812Z,TTCB,Cullman,c49685cc-3281-44bc-a1c2-3be5b1110999,SAMMS-CullmanV5
202609022122571392,202609021903206969,202609021903206075,85,377,Bronze INV,br_AdmissionAssessment,TASK_COMPLETE,SUCCESS,INFO,77,77,0,,2026-09-02T19:03:39.838Z,2026-09-02T21:23:00.812Z,8361,2026-09-02T21:23:00.812Z,TTCC,Grand Bay,c49685cc-3281-44bc-a1c2-3be5b1110999,SAMMS-GrandBay
202609022122571393,202609021903206970,202609021903206075,85,378,Bronze INV,br_AdmissionAssessment,TASK_COMPLETE,SUCCESS,INFO,0,0,0,,2026-09-02T19:03:39.838Z,2026-09-02T21:23:00.812Z,8361,2026-09-02T21:23:00.812Z,TU,Tucson,c49685cc-3281-44bc-a1c2-3be5b1110999,SAMMS-Tucson
202609022122571394,202609021903206971,202609021903206075,85,380,Bronze INV,br_AdmissionAssessment,TASK_COMPLETE,SUCCESS,INFO,59,59,0,,2026-09-02T19:03:39.838Z,2026-09-02T21:23:00.812Z,8361,2026-09-02T21:23:00.812Z,V1,Memphis South,c49685cc-3281-44bc-a1c2-3be5b1110999,SAMMS-VCPHCS-I-MemphisV5
202609022122571395,202609021903206972,202609021903206075,85,381,Bronze INV,br_AdmissionAssessment,TASK_COMPLETE,SUCCESS,INFO,131,131,0,,2026-09-02T19:03:39.838Z,2026-09-02T21:23:00.812Z,8361,2026-09-02T21:23:00.812Z,V10,Longmont,c49685cc-3281-44bc-a1c2-3be5b1110999,SAMMS-BoulderV5
202609022122571396,202609021903206973,202609021903206075,85,382,Bronze INV,br_AdmissionAssessment,TASK_COMPLETE,SUCCESS,INFO,274,274,0,,2026-09-02T19:03:39.838Z,2026-09-02T21:23:00.812Z,8361,2026-09-02T21:23:00.812Z,V10A,Fort Collins,c49685cc-3281-44bc-a1c2-3be5b1110999,SAMMS-FortCollinsV5
202609022122571397,202609021903206974,202609021903206075,85,383,Bronze INV,br_AdmissionAssessment,TASK_COMPLETE,SUCCESS,INFO,205,205,0,,2026-09-02T19:03:39.838Z,2026-09-02T21:23:00.812Z,8361,2026-09-02T21:23:00.812Z,V11,Westminster,c49685cc-3281-44bc-a1c2-3be5b1110999,SAMMS-VCPHCS-XI-NorthDenverV5
202609022122571398,202609021903206975,202609021903206075,85,384,Bronze INV,br_AdmissionAssessment,TASK_COMPLETE,SUCCESS,INFO,332,332,0,,2026-09-02T19:03:39.838Z,2026-09-02T21:23:00.812Z,8361,2026-09-02T21:23:00.812Z,V12,Downtown Denver,c49685cc-3281-44bc-a1c2-3be5b1110999,SAMMS-VCPHCS-XII-DowntownDenverV5
202609022122571399,202609021903206976,202609021903206075,85,385,Bronze INV,br_AdmissionAssessment,TASK_COMPLETE,SUCCESS,INFO,82,82,0,,2026-09-02T19:03:39.838Z,2026-09-02T21:23:00.812Z,8361,2026-09-02T21:23:00.812Z,V12A,Centennial,c49685cc-3281-44bc-a1c2-3be5b1110999,SAMMS-CentennialV5
202609022122571400,202609021903206977,202609021903206075,85,386,Bronze INV,br_AdmissionAssessment,TASK_COMPLETE,SUCCESS,INFO,120,120,0,,2026-09-02T19:03:39.838Z,2026-09-02T21:23:00.812Z,8361,2026-09-02T21:23:00.812Z,V14,Overland Park,c49685cc-3281-44bc-a1c2-3be5b1110999,SAMMS-VCPHCS-XIV-BridgewayV5
202609022122571402,202609021903206978,202609021903206075,85,387,Bronze INV,br_AdmissionAssessment,TASK_COMPLETE,SUCCESS,INFO,197,197,0,,2026-09-02T19:03:39.838Z,2026-09-02T21:23:00.812Z,8361,2026-09-02T21:23:00.812Z,V15,Joplin,c49685cc-3281-44bc-a1c2-3be5b1110999,SAMMS-JoplinV5
202609022122571403,202609021903206979,202609021903206075,85,389,Bronze INV,br_AdmissionAssessment,TASK_COMPLETE,SUCCESS,INFO,123,123,0,,2026-09-02T19:03:39.838Z,2026-09-02T21:23:00.812Z,8361,2026-09-02T21:23:00.812Z,V17,Columbia TN,c49685cc-3281-44bc-a1c2-3be5b1110999,SAMMS-ColumbiaTNv5
202609022122571404,202609021903206980,202609021903206075,85,391,Bronze INV,br_AdmissionAssessment,TASK_COMPLETE,SUCCESS,INFO,148,148,0,,2026-09-02T19:03:39.838Z,2026-09-02T21:23:00.812Z,8361,2026-09-02T21:23:00.812Z,V19,Jackson,c49685cc-3281-44bc-a1c2-3be5b1110999,SAMMS-JacksonV5
202609022122571405,202609021903206981,202609021903206075,85,393,Bronze INV,br_AdmissionAssessment,TASK_COMPLETE,SUCCESS,INFO,103,103,0,,2026-09-02T19:03:39.838Z,2026-09-02T21:23:00.812Z,8361,2026-09-02T21:23:00.812Z,V20,Paris,c49685cc-3281-44bc-a1c2-3be5b1110999,SAMMS-ParisV5
202609022122571406,202609021903206982,202609021903206075,85,394,Bronze INV,br_AdmissionAssessment,TASK_COMPLETE,SUCCESS,INFO,67,67,0,,2026-09-02T19:03:39.838Z,2026-09-02T21:23:00.812Z,8361,2026-09-02T21:23:00.812Z,V21,Memphis North,c49685cc-3281-44bc-a1c2-3be5b1110999,SAMMS-RaleighV5
202609022122571407,202609021903206983,202609021903206075,85,397,Bronze INV,br_AdmissionAssessment,TASK_COMPLETE,SUCCESS,INFO,184,184,0,,2026-09-02T19:03:39.838Z,2026-09-02T21:23:00.812Z,8361,2026-09-02T21:23:00.812Z,V5,West Bank,c49685cc-3281-44bc-a1c2-3be5b1110999,SAMMS-NONTCv5
202609022122571408,202609021903206984,202609021903206075,85,399,Bronze INV,br_AdmissionAssessment,TASK_COMPLETE,SUCCESS,INFO,82,82,0,,2026-09-02T19:03:39.838Z,2026-09-02T21:23:00.812Z,8361,2026-09-02T21:23:00.812Z,V5B,Houma,c49685cc-3281-44bc-a1c2-3be5b1110999,SAMMS-HoumaV6
202609022122571409,202609021903206985,202609021903206075,85,400,Bronze INV,br_AdmissionAssessment,TASK_COMPLETE,SUCCESS,INFO,229,229,0,,2026-09-02T19:03:39.838Z,2026-09-02T21:23:00.812Z,8361,2026-09-02T21:23:00.812Z,V6,Lake Charles,c49685cc-3281-44bc-a1c2-3be5b1110999,SAMMS-LCv5
202609022122571410,202609021903206986,202609021903206075,85,402,Bronze INV,br_AdmissionAssessment,TASK_COMPLETE,SUCCESS,INFO,155,155,0,,2026-09-02T19:03:39.838Z,2026-09-02T21:23:00.812Z,8361,2026-09-02T21:23:00.812Z,V8,Memphis Midtown,c49685cc-3281-44bc-a1c2-3be5b1110999,SAMMS-VCPHCS-VIII-MemphisV5
202609022122571411,202609021903206987,202609021903206075,85,403,Bronze INV,br_AdmissionAssessment,TASK_COMPLETE,SUCCESS,INFO,313,313,0,,2026-09-02T19:03:39.838Z,2026-09-02T21:23:00.812Z,8361,2026-09-02T21:23:00.812Z,V9,Nashville,c49685cc-3281-44bc-a1c2-3be5b1110999,SAMMS-NashvilleV5
202609022122571412,202609021903206988,202609021903206075,85,404,Bronze INV,br_AdmissionAssessment,TASK_COMPLETE,SUCCESS,INFO,0,0,0,,2026-09-02T19:03:39.838Z,2026-09-02T21:23:00.812Z,8361,2026-09-02T21:23:00.812Z,VBRA,Brainerd,c49685cc-3281-44bc-a1c2-3be5b1110999,SAMMS-BrainerdV6
202609022122571414,202609021903206989,202609021903206075,85,405,Bronze INV,br_AdmissionAssessment,TASK_COMPLETE,SUCCESS,INFO,2,2,0,,2026-09-02T19:03:39.838Z,2026-09-02T21:23:00.812Z,8361,2026-09-02T21:23:00.812Z,VBRP,Brooklyn Park,c49685cc-3281-44bc-a1c2-3be5b1110999,SAMMS-BrooklynParkV6
202609022122571415,202609021903206990,202609021903206075,85,407,Bronze INV,br_AdmissionAssessment,TASK_COMPLETE,SUCCESS,INFO,3,3,0,,2026-09-02T19:03:39.838Z,2026-09-02T21:23:00.812Z,8361,2026-09-02T21:23:00.812Z,VMIN,Minneapolis,c49685cc-3281-44bc-a1c2-3be5b1110999,SAMMS-MinneapolisV6
202609022122571416,202609021903206991,202609021903206075,85,408,Bronze INV,br_AdmissionAssessment,TASK_COMPLETE,SUCCESS,INFO,1,1,0,,2026-09-02T19:03:39.838Z,2026-09-02T21:23:00.812Z,8361,2026-09-02T21:23:00.812Z,VWBY,Woodbury,c49685cc-3281-44bc-a1c2-3be5b1110999,SAMMS-WoodburyV6
202609022122571417,202609021903206992,202609021903206075,85,410,Bronze INV,br_AdmissionAssessment,TASK_COMPLETE,SUCCESS,INFO,117,117,0,,2026-09-02T19:03:39.838Z,2026-09-02T21:23:00.812Z,8361,2026-09-02T21:23:00.812Z,WIL,Wilson,c49685cc-3281-44bc-a1c2-3be5b1110999,SAMMS-Wilson
202609022122571418,202609021903206993,202609021903206075,85,1518,Bronze INV,br_AdmissionAssessmentSummary,TASK_COMPLETE,SUCCESS,INFO,118,118,0,,2026-09-02T19:03:39.838Z,2026-09-02T21:23:00.812Z,8361,2026-09-02T21:23:00.812Z,AHK,Ahoskie,c49685cc-3281-44bc-a1c2-3be5b1110999,SAMMS-Ahoskie
202609022122571419,202609021903206994,202609021903206075,85,1519,Bronze INV,br_AdmissionAssessmentSummary,TASK_COMPLETE,SUCCESS,INFO,812,812,0,,2026-09-02T19:03:39.838Z,2026-09-02T21:23:00.812Z,8361,2026-09-02T21:23:00.812Z,B12B,Colorado Springs,c49685cc-3281-44bc-a1c2-3be5b1110999,SAMMS-ColoradoSpringsV5
202609022122571420,202609021903206995,202609021903206075,85,1520,Bronze INV,br_AdmissionAssessmentSummary,TASK_COMPLETE,SUCCESS,INFO,435,435,0,,2026-09-02T19:03:39.838Z,2026-09-02T21:23:00.812Z,8361,2026-09-02T21:23:00.812Z,B24,Paintsville,c49685cc-3281-44bc-a1c2-3be5b1110999,SAMMS-PaintsvilleV5
202609022122571421,202609021903206996,202609021903206075,85,1521,Bronze INV,br_AdmissionAssessmentSummary,TASK_COMPLETE,SUCCESS,INFO,174,174,0,,2026-09-02T19:03:39.838Z,2026-09-02T21:23:00.812Z,8361,2026-09-02T21:23:00.812Z,B25,Pikeville,c49685cc-3281-44bc-a1c2-3be5b1110999,SAMMS-PikevilleV5
202609022122571422,202609021903206997,202609021903206075,85,1522,Bronze INV,br_AdmissionAssessmentSummary,TASK_COMPLETE,SUCCESS,INFO,501,501,0,,2026-09-02T19:03:39.838Z,2026-09-02T21:23:00.812Z,8361,2026-09-02T21:23:00.812Z,B26,Hazard,c49685cc-3281-44bc-a1c2-3be5b1110999,SAMMS-HazardV5
202609022122571423,202609021903206998,202609021903206075,85,1523,Bronze INV,br_AdmissionAssessmentSummary,TASK_COMPLETE,SUCCESS,INFO,199,199,0,,2026-09-02T19:03:39.838Z,2026-09-02T21:23:00.812Z,8361,2026-09-02T21:23:00.812Z,B27,Savannah,c49685cc-3281-44bc-a1c2-3be5b1110999,SAMMS-SavannahV6
202609022122571425,202609021903206999,202609021903206075,85,1524,Bronze INV,br_AdmissionAssessmentSummary,TASK_COMPLETE,SUCCESS,INFO,241,241,0,,2026-09-02T19:03:39.838Z,2026-09-02T21:23:00.812Z,8361,2026-09-02T21:23:00.812Z,B28,West Plains,c49685cc-3281-44bc-a1c2-3be5b1110999,SAMMS-WestPlainesV5
202609022122571426,202609021903207000,202609021903206075,85,1525,Bronze INV,br_AdmissionAssessmentSummary,TASK_COMPLETE,SUCCESS,INFO,265,265,0,,2026-09-02T19:03:39.838Z,2026-09-02T21:23:00.812Z,8361,2026-09-02T21:23:00.812Z,B29,Poplar Bluff,c49685cc-3281-44bc-a1c2-3be5b1110999,SAMMS-PoplarBluffV5
202609022122571427,202609021903207001,202609021903206075,85,1526,Bronze INV,br_AdmissionAssessmentSummary,TASK_COMPLETE,SUCCESS,INFO,167,167,0,,2026-09-02T19:03:39.838Z,2026-09-02T21:23:00.812Z,8361,2026-09-02T21:23:00.812Z,B30,KC North,c49685cc-3281-44bc-a1c2-3be5b1110999,SAMMS-KCNv5
202609022122571428,202609021903207002,202609021903206075,85,1527,Bronze INV,br_AdmissionAssessmentSummary,TASK_COMPLETE,SUCCESS,INFO,387,387,0,,2026-09-02T19:03:39.838Z,2026-09-02T21:23:00.812Z,8361,2026-09-02T21:23:00.812Z,B31,Dyersburg,c49685cc-3281-44bc-a1c2-3be5b1110999,SAMMS-DyersburgV5
202609022122571429,202609021903207003,202609021903206075,85,1529,Bronze INV,br_AdmissionAssessmentSummary,TASK_COMPLETE,SUCCESS,INFO,217,217,0,,2026-09-02T19:03:39.838Z,2026-09-02T21:23:00.812Z,8361,2026-09-02T21:23:00.812Z,B33,Paducah,c49685cc-3281-44bc-a1c2-3be5b1110999,SAMMS-Paducah
202609022122571430,202609021903207004,202609021903206075,85,1530,Bronze INV,br_AdmissionAssessmentSummary,TASK_COMPLETE,SUCCESS,INFO,461,461,0,,2026-09-02T19:03:39.838Z,2026-09-02T21:23:00.812Z,8361,2026-09-02T21:23:00.812Z,B34,Corbin,c49685cc-3281-44bc-a1c2-3be5b1110999,SAMMS-CorbinV5
202609022122571431,202609021903207005,202609021903206075,85,1531,Bronze INV,br_AdmissionAssessmentSummary,TASK_COMPLETE,SUCCESS,INFO,738,738,0,,2026-09-02T19:03:39.838Z,2026-09-02T21:23:00.812Z,8361,2026-09-02T21:23:00.812Z,B35,Lexington,c49685cc-3281-44bc-a1c2-3be5b1110999,SAMMS-LexingtonV5
202609022122571432,202609021903207006,202609021903206075,85,1532,Bronze INV,br_AdmissionAssessmentSummary,TASK_COMPLETE,SUCCESS,INFO,358,358,0,,2026-09-02T19:03:39.838Z,2026-09-02T21:23:00.812Z,8361,2026-09-02T21:23:00.812Z,B35A,Berea,c49685cc-3281-44bc-a1c2-3be5b1110999,SAMMS-BereaV5
202609022122571433,202609021903207007,202609021903206075,85,1533,Bronze INV,br_AdmissionAssessmentSummary,TASK_COMPLETE,SUCCESS,INFO,637,637,0,,2026-09-02T19:03:39.838Z,2026-09-02T21:23:00.812Z,8361,2026-09-02T21:23:00.812Z,B36,Asheville,c49685cc-3281-44bc-a1c2-3be5b1110999,SAMMS-AshevilleV5
202609022122571435,202609021903207008,202609021903206075,85,1534,Bronze INV,br_AdmissionAssessmentSummary,TASK_COMPLETE,SUCCESS,INFO,474,474,0,,2026-09-02T19:03:39.838Z,2026-09-02T21:23:00.812Z,8361,2026-09-02T21:23:00.812Z,B37,Clyde,c49685cc-3281-44bc-a1c2-3be5b1110999,SAMMS-ClydeV5
202609022122571436,202609021903207009,202609021903206075,85,1535,Bronze INV,br_AdmissionAssessmentSummary,TASK_COMPLETE,SUCCESS,INFO,645,645,0,,2026-09-02T19:03:39.838Z,2026-09-02T21:23:00.812Z,8361,2026-09-02T21:23:00.812Z,B38,Spartanburg,c49685cc-3281-44bc-a1c2-3be5b1110999,SAMMS-SpartanburgV5
202609022122571437,202609021903207010,202609021903206075,85,1536,Bronze INV,br_AdmissionAssessmentSummary,TASK_COMPLETE,SUCCESS,INFO,499,499,0,,2026-09-02T19:03:39.838Z,2026-09-02T21:23:00.812Z,8361,2026-09-02T21:23:00.812Z,B39,Aiken,c49685cc-3281-44bc-a1c2-3be5b1110999,SAMMS-AikenV5
202609022122571438,202609021903207011,202609021903206075,85,1537,Bronze INV,br_AdmissionAssessmentSummary,TASK_COMPLETE,SUCCESS,INFO,329,329,0,,2026-09-02T19:03:39.838Z,2026-09-02T21:23:00.812Z,8361,2026-09-02T21:23:00.812Z,B41,Chesapeake,c49685cc-3281-44bc-a1c2-3be5b1110999,SAMMS-ChesapeakeV5
202609022122571439,202609021903207012,202609021903206075,85,1538,Bronze INV,br_AdmissionAssessmentSummary,TASK_COMPLETE,SUCCESS,INFO,568,568,0,,2026-09-02T19:03:39.838Z,2026-09-02T21:23:00.812Z,8361,2026-09-02T21:23:00.812Z,B42,Virginia Beach,c49685cc-3281-44bc-a1c2-3be5b1110999,SAMMS-VirginiaBeachV5
202609022122571440,202609021903207013,202609021903206075,85,1539,Bronze INV,br_AdmissionAssessmentSummary,TASK_COMPLETE,SUCCESS,INFO,175,175,0,,2026-09-02T19:03:39.838Z,2026-09-02T21:23:00.812Z,8361,2026-09-02T21:23:00.812Z,B42A,Newport News,c49685cc-3281-44bc-a1c2-3be5b1110999,SAMMS-NewportNewsV5
202609022122571441,202609021903207014,202609021903206075,85,1540,Bronze INV,br_AdmissionAssessmentSummary,TASK_COMPLETE,SUCCESS,INFO,61,61,0,,2026-09-02T19:03:39.838Z,2026-09-02T21:23:00.812Z,8361,2026-09-02T21:23:00.812Z,B42B,Franklin,c49685cc-3281-44bc-a1c2-3be5b1110999,SAMMS-FranklinV5
202609022122571442,202609021903207015,202609021903206075,85,1541,Bronze INV,br_AdmissionAssessmentSummary,TASK_COMPLETE,SUCCESS,INFO,352,352,0,,2026-09-02T19:03:39.838Z,2026-09-02T21:23:00.812Z,8361,2026-09-02T21:23:00.812Z,B42C,Glen Allen,c49685cc-3281-44bc-a1c2-3be5b1110999,SAMMS-GlenAllenV5
202609022122571444,202609021903207016,202609021903206075,85,1542,Bronze INV,br_AdmissionAssessmentSummary,TASK_COMPLETE,SUCCESS,INFO,176,176,0,,2026-09-02T19:03:39.838Z,2026-09-02T21:23:00.812Z,8361,2026-09-02T21:23:00.812Z,B42D,Chesapeake South,c49685cc-3281-44bc-a1c2-3be5b1110999,SAMMS-ChesapeakeSouthV5
202609022122571445,202609021903207017,202609021903206075,85,1543,Bronze INV,br_AdmissionAssessmentSummary,TASK_COMPLETE,SUCCESS,INFO,221,221,0,,2026-09-02T19:03:39.838Z,2026-09-02T21:23:00.812Z,8361,2026-09-02T21:23:00.812Z,B44,Albany,c49685cc-3281-44bc-a1c2-3be5b1110999,SAMMS-AlbanyV5
202609022122571446,202609021903207018,202609021903206075,85,1544,Bronze INV,br_AdmissionAssessmentSummary,TASK_COMPLETE,SUCCESS,INFO,315,315,0,,2026-09-02T19:03:39.838Z,2026-09-02T21:23:00.812Z,8361,2026-09-02T21:23:00.812Z,B45,Tifton,c49685cc-3281-44bc-a1c2-3be5b1110999,SAMMS-TiftonV5
202609022122571447,202609021903207019,202609021903206075,85,1545,Bronze INV,br_AdmissionAssessmentSummary,TASK_COMPLETE,SUCCESS,INFO,720,720,0,,2026-09-02T19:03:39.838Z,2026-09-02T21:23:00.812Z,8361,2026-09-02T21:23:00.812Z,B46,Washington DC,c49685cc-3281-44bc-a1c2-3be5b1110999,SAMMS-WashingtonDCv5
202609022122571448,202609021903207020,202609021903206075,85,1546,Bronze INV,br_AdmissionAssessmentSummary,TASK_COMPLETE,SUCCESS,INFO,413,413,0,,2026-09-02T19:03:39.838Z,2026-09-02T21:23:00.812Z,8361,2026-09-02T21:23:00.812Z,B47,Mobile,c49685cc-3281-44bc-a1c2-3be5b1110999,SAMMS-MobileV5
202609022122571449,202609021903207021,202609021903206075,85,1547,Bronze INV,br_AdmissionAssessmentSummary,TASK_COMPLETE,SUCCESS,INFO,482,482,0,,2026-09-02T19:03:39.838Z,2026-09-02T21:23:00.812Z,8361,2026-09-02T21:23:00.812Z,B48,Tuscaloosa,c49685cc-3281-44bc-a1c2-3be5b1110999,SAMMS-TuscaloosaV5
202609012114518895,202609011903672350,202609011903672005,85,2802,Bronze INV,br_LiquidLog,TASK_COMPLETE,SUCCESS,INFO,115832,115832,0,,2026-09-01T19:04:17.664Z,2026-09-01T21:14:55.846Z,7838,2026-09-01T21:14:55.846Z,WIL,Wilson,0e5f68b5-5669-4bb1-91ce-4b967b620e7d,SAMMS-Wilson
202609012114518896,202609011903672351,202609011903672005,85,2806,Bronze INV,br_OrientationChecklistNew,TASK_COMPLETE,SUCCESS,INFO,57,57,0,,2026-09-01T19:04:17.664Z,2026-09-01T21:14:55.846Z,7838,2026-09-01T21:14:55.846Z,AHK,Ahoskie,0e5f68b5-5669-4bb1-91ce-4b967b620e7d,SAMMS-Ahoskie
202609012114518897,202609011903672352,202609011903672005,85,2807,Bronze INV,br_OrientationChecklistNew,TASK_COMPLETE,SUCCESS,INFO,157,157,0,,2026-09-01T19:04:17.664Z,2026-09-01T21:14:55.846Z,7838,2026-09-01T21:14:55.846Z,B12B,Colorado Springs,0e5f68b5-5669-4bb1-91ce-4b967b620e7d,SAMMS-ColoradoSpringsV5
202609012114518898,202609011903672353,202609011903672005,85,2808,Bronze INV,br_OrientationChecklistNew,TASK_COMPLETE,SUCCESS,INFO,169,169,0,,2026-09-01T19:04:17.664Z,2026-09-01T21:14:55.846Z,7838,2026-09-01T21:14:55.846Z,B24,Paintsville,0e5f68b5-5669-4bb1-91ce-4b967b620e7d,SAMMS-PaintsvilleV5
202609012114518899,202609011903672354,202609011903672005,85,2809,Bronze INV,br_OrientationChecklistNew,TASK_COMPLETE,SUCCESS,INFO,86,86,0,,2026-09-01T19:04:17.664Z,2026-09-01T21:14:55.846Z,7838,2026-09-01T21:14:55.846Z,B25,Pikeville,0e5f68b5-5669-4bb1-91ce-4b967b620e7d,SAMMS-PikevilleV5
202609012114518901,202609011903672355,202609011903672005,85,2810,Bronze INV,br_OrientationChecklistNew,TASK_COMPLETE,SUCCESS,INFO,268,268,0,,2026-09-01T19:04:17.664Z,2026-09-01T21:14:55.846Z,7838,2026-09-01T21:14:55.846Z,B26,Hazard,0e5f68b5-5669-4bb1-91ce-4b967b620e7d,SAMMS-HazardV5
202609012114518902,202609011903672356,202609011903672005,85,2811,Bronze INV,br_OrientationChecklistNew,TASK_COMPLETE,SUCCESS,INFO,28,28,0,,2026-09-01T19:04:17.664Z,2026-09-01T21:14:55.846Z,7838,2026-09-01T21:14:55.846Z,B27,Savannah,0e5f68b5-5669-4bb1-91ce-4b967b620e7d,SAMMS-SavannahV6
202609012114518903,202609011903672357,202609011903672005,85,2812,Bronze INV,br_OrientationChecklistNew,TASK_COMPLETE,SUCCESS,INFO,98,98,0,,2026-09-01T19:04:17.664Z,2026-09-01T21:14:55.846Z,7838,2026-09-01T21:14:55.846Z,B28,West Plains,0e5f68b5-5669-4bb1-91ce-4b967b620e7d,SAMMS-WestPlainesV5
202609012114518904,202609011903672358,202609011903672005,85,2813,Bronze INV,br_OrientationChecklistNew,TASK_COMPLETE,SUCCESS,INFO,77,77,0,,2026-09-01T19:04:17.664Z,2026-09-01T21:14:55.846Z,7838,2026-09-01T21:14:55.846Z,B29,Poplar Bluff,0e5f68b5-5669-4bb1-91ce-4b967b620e7d,SAMMS-PoplarBluffV5
202609012114518905,202609011903672359,202609011903672005,85,2814,Bronze INV,br_OrientationChecklistNew,TASK_COMPLETE,SUCCESS,INFO,54,54,0,,2026-09-01T19:04:17.664Z,2026-09-01T21:14:55.846Z,7838,2026-09-01T21:14:55.846Z,B30,KC North,0e5f68b5-5669-4bb1-91ce-4b967b620e7d,SAMMS-KCNv5
202609012114518906,202609011903672360,202609011903672005,85,2815,Bronze INV,br_OrientationChecklistNew,TASK_COMPLETE,SUCCESS,INFO,75,75,0,,2026-09-01T19:04:17.664Z,2026-09-01T21:14:55.846Z,7838,2026-09-01T21:14:55.846Z,B31,Dyersburg,0e5f68b5-5669-4bb1-91ce-4b967b620e7d,SAMMS-DyersburgV5
202609012114518907,202609011903672361,202609011903672005,85,2817,Bronze INV,br_OrientationChecklistNew,TASK_COMPLETE,SUCCESS,INFO,71,71,0,,2026-09-01T19:04:17.664Z,2026-09-01T21:14:55.846Z,7838,2026-09-01T21:14:55.846Z,B33,Paducah,0e5f68b5-5669-4bb1-91ce-4b967b620e7d,SAMMS-Paducah
202609012114518909,202609011903672362,202609011903672005,85,2818,Bronze INV,br_OrientationChecklistNew,TASK_COMPLETE,SUCCESS,INFO,155,155,0,,2026-09-01T19:04:17.664Z,2026-09-01T21:14:55.846Z,7838,2026-09-01T21:14:55.846Z,B34,Corbin,0e5f68b5-5669-4bb1-91ce-4b967b620e7d,SAMMS-CorbinV5
202609012114518910,202609011903672363,202609011903672005,85,2819,Bronze INV,br_OrientationChecklistNew,TASK_COMPLETE,SUCCESS,INFO,389,389,0,,2026-09-01T19:04:17.664Z,2026-09-01T21:14:55.846Z,7838,2026-09-01T21:14:55.846Z,B35,Lexington,0e5f68b5-5669-4bb1-91ce-4b967b620e7d,SAMMS-LexingtonV5
202609012114518911,202609011903672364,202609011903672005,85,2820,Bronze INV,br_OrientationChecklistNew,TASK_COMPLETE,SUCCESS,INFO,139,139,0,,2026-09-01T19:04:17.664Z,2026-09-01T21:14:55.846Z,7838,2026-09-01T21:14:55.846Z,B35A,Berea,0e5f68b5-5669-4bb1-91ce-4b967b620e7d,SAMMS-BereaV5
202609012114518912,202609011903672365,202609011903672005,85,2821,Bronze INV,br_OrientationChecklistNew,TASK_COMPLETE,SUCCESS,INFO,153,153,0,,2026-09-01T19:04:17.664Z,2026-09-01T21:14:55.846Z,7838,2026-09-01T21:14:55.846Z,B36,Asheville,0e5f68b5-5669-4bb1-91ce-4b967b620e7d,SAMMS-AshevilleV5
202609012114518913,202609011903672366,202609011903672005,85,2822,Bronze INV,br_OrientationChecklistNew,TASK_COMPLETE,SUCCESS,INFO,115,115,0,,2026-09-01T19:04:17.664Z,2026-09-01T21:14:55.846Z,7838,2026-09-01T21:14:55.846Z,B37,Clyde,0e5f68b5-5669-4bb1-91ce-4b967b620e7d,SAMMS-ClydeV5
202609012114518914,202609011903672367,202609011903672005,85,2823,Bronze INV,br_OrientationChecklistNew,TASK_COMPLETE,SUCCESS,INFO,158,158,0,,2026-09-01T19:04:17.664Z,2026-09-01T21:14:55.846Z,7838,2026-09-01T21:14:55.846Z,B38,Spartanburg,0e5f68b5-5669-4bb1-91ce-4b967b620e7d,SAMMS-SpartanburgV5
202609012114518915,202609011903672368,202609011903672005,85,2824,Bronze INV,br_OrientationChecklistNew,TASK_COMPLETE,SUCCESS,INFO,130,130,0,,2026-09-01T19:04:17.664Z,2026-09-01T21:14:55.846Z,7838,2026-09-01T21:14:55.846Z,B39,Aiken,0e5f68b5-5669-4bb1-91ce-4b967b620e7d,SAMMS-AikenV5
202609012114518916,202609011903672369,202609011903672005,85,2825,Bronze INV,br_OrientationChecklistNew,TASK_COMPLETE,SUCCESS,INFO,146,146,0,,2026-09-01T19:04:17.664Z,2026-09-01T21:14:55.846Z,7838,2026-09-01T21:14:55.846Z,B41,Chesapeake,0e5f68b5-5669-4bb1-91ce-4b967b620e7d,SAMMS-ChesapeakeV5
202609012114518918,202609011903672370,202609011903672005,85,2826,Bronze INV,br_OrientationChecklistNew,TASK_COMPLETE,SUCCESS,INFO,200,200,0,,2026-09-01T19:04:17.664Z,2026-09-01T21:14:55.846Z,7838,2026-09-01T21:14:55.846Z,B42,Virginia Beach,0e5f68b5-5669-4bb1-91ce-4b967b620e7d,SAMMS-VirginiaBeachV5
202609012114518919,202609011903672371,202609011903672005,85,2827,Bronze INV,br_OrientationChecklistNew,TASK_COMPLETE,SUCCESS,INFO,135,135,0,,2026-09-01T19:04:17.664Z,2026-09-01T21:14:55.846Z,7838,2026-09-01T21:14:55.846Z,B42A,Newport News,0e5f68b5-5669-4bb1-91ce-4b967b620e7d,SAMMS-NewportNewsV5
202609012114518920,202609011903672372,202609011903672005,85,2828,Bronze INV,br_OrientationChecklistNew,TASK_COMPLETE,SUCCESS,INFO,28,28,0,,2026-09-01T19:04:17.664Z,2026-09-01T21:14:55.846Z,7838,2026-09-01T21:14:55.846Z,B42B,Franklin,0e5f68b5-5669-4bb1-91ce-4b967b620e7d,SAMMS-FranklinV5
202609012114518921,202609011903672373,202609011903672005,85,2829,Bronze INV,br_OrientationChecklistNew,TASK_COMPLETE,SUCCESS,INFO,199,199,0,,2026-09-01T19:04:17.664Z,2026-09-01T21:14:55.846Z,7838,2026-09-01T21:14:55.846Z,B42C,Glen Allen,0e5f68b5-5669-4bb1-91ce-4b967b620e7d,SAMMS-GlenAllenV5
202609012114518922,202609011903672374,202609011903672005,85,2830,Bronze INV,br_OrientationChecklistNew,TASK_COMPLETE,SUCCESS,INFO,76,76,0,,2026-09-01T19:04:17.664Z,2026-09-01T21:14:55.846Z,7838,2026-09-01T21:14:55.846Z,B42D,Chesapeake South,0e5f68b5-5669-4bb1-91ce-4b967b620e7d,SAMMS-ChesapeakeSouthV5
202609012114518923,202609011903672375,202609011903672005,85,2831,Bronze INV,br_OrientationChecklistNew,TASK_COMPLETE,SUCCESS,INFO,56,56,0,,2026-09-01T19:04:17.664Z,2026-09-01T21:14:55.846Z,7838,2026-09-01T21:14:55.846Z,B44,Albany,0e5f68b5-5669-4bb1-91ce-4b967b620e7d,SAMMS-AlbanyV5
202609012114518924,202609011903672376,202609011903672005,85,2832,Bronze INV,br_OrientationChecklistNew,TASK_COMPLETE,SUCCESS,INFO,53,53,0,,2026-09-01T19:04:17.664Z,2026-09-01T21:14:55.846Z,7838,2026-09-01T21:14:55.846Z,B45,Tifton,0e5f68b5-5669-4bb1-91ce-4b967b620e7d,SAMMS-TiftonV5
202609012114518925,202609011903672377,202609011903672005,85,2833,Bronze INV,br_OrientationChecklistNew,TASK_COMPLETE,SUCCESS,INFO,268,268,0,,2026-09-01T19:04:17.664Z,2026-09-01T21:14:55.846Z,7838,2026-09-01T21:14:55.846Z,B46,Washington DC,0e5f68b5-5669-4bb1-91ce-4b967b620e7d,SAMMS-WashingtonDCv5
202609012114518927,202609011903672378,202609011903672005,85,2834,Bronze INV,br_OrientationChecklistNew,TASK_COMPLETE,SUCCESS,INFO,98,98,0,,2026-09-01T19:04:17.664Z,2026-09-01T21:14:55.846Z,7838,2026-09-01T21:14:55.846Z,B47,Mobile,0e5f68b5-5669-4bb1-91ce-4b967b620e7d,SAMMS-MobileV5
202609012114518928,202609011903672379,202609011903672005,85,2835,Bronze INV,br_OrientationChecklistNew,TASK_COMPLETE,SUCCESS,INFO,125,125,0,,2026-09-01T19:04:17.664Z,2026-09-01T21:14:55.846Z,7838,2026-09-01T21:14:55.846Z,B48,Tuscaloosa,0e5f68b5-5669-4bb1-91ce-4b967b620e7d,SAMMS-TuscaloosaV5
202609012114518929,202609011903672380,202609011903672005,85,2844,Bronze INV,br_OrientationChecklistNew,TASK_COMPLETE,SUCCESS,INFO,78,78,0,,2026-09-01T19:04:17.664Z,2026-09-01T21:14:55.846Z,7838,2026-09-01T21:14:55.846Z,B51,N. Little Rock (OTP),0e5f68b5-5669-4bb1-91ce-4b967b620e7d,SAMMS-NorthLittleRockV6
202609012114518930,202609011903672381,202609011903672005,85,2845,Bronze INV,br_OrientationChecklistNew,TASK_COMPLETE,SUCCESS,INFO,13,13,0,,2026-09-01T19:04:17.664Z,2026-09-01T21:14:55.846Z,7838,2026-09-01T21:14:55.846Z,B52,Jackson GA,0e5f68b5-5669-4bb1-91ce-4b967b620e7d,SAMMS-JacksonGAV5
202609012114518931,202609011903672382,202609011903672005,85,2846,Bronze INV,br_OrientationChecklistNew,TASK_COMPLETE,SUCCESS,INFO,132,132,0,,2026-09-01T19:04:17.664Z,2026-09-01T21:14:55.846Z,7838,2026-09-01T21:14:55.846Z,B54,Gadsden,0e5f68b5-5669-4bb1-91ce-4b967b620e7d,SAMMS-GadsdenV5
202609012114518932,202609011903672383,202609011903672005,85,2847,Bronze INV,br_OrientationChecklistNew,TASK_COMPLETE,SUCCESS,INFO,70,70,0,,2026-09-01T19:04:17.664Z,2026-09-01T21:14:55.846Z,7838,2026-09-01T21:14:55.846Z,B55,Shoals,0e5f68b5-5669-4bb1-91ce-4b967b620e7d,SAMMS-ShoalsV5
202609012114518933,202609011903672384,202609011903672005,85,2848,Bronze INV,br_OrientationChecklistNew,TASK_COMPLETE,SUCCESS,INFO,32,32,0,,2026-09-01T19:04:17.664Z,2026-09-01T21:14:55.846Z,7838,2026-09-01T21:14:55.846Z,B57,Pawtucket,0e5f68b5-5669-4bb1-91ce-4b967b620e7d,SAMMS-Pawtucket
202609012114518935,202609011903672385,202609011903672005,85,2849,Bronze INV,br_OrientationChecklistNew,TASK_COMPLETE,SUCCESS,INFO,76,76,0,,2026-09-01T19:04:17.664Z,2026-09-01T21:14:55.846Z,7838,2026-09-01T21:14:55.846Z,B57A,Johnston,0e5f68b5-5669-4bb1-91ce-4b967b620e7d,SAMMS-Johnston
202609012114518936,202609011903672386,202609011903672005,85,2850,Bronze INV,br_OrientationChecklistNew,TASK_COMPLETE,SUCCESS,INFO,17,17,0,,2026-09-01T19:04:17.664Z,2026-09-01T21:14:55.846Z,7838,2026-09-01T21:14:55.846Z,B57B,Middletown,0e5f68b5-5669-4bb1-91ce-4b967b620e7d,SAMMS-Middletown
202609012114518937,202609011903672387,202609011903672005,85,2851,Bronze INV,br_OrientationChecklistNew,TASK_COMPLETE,SUCCESS,INFO,29,29,0,,2026-09-01T19:04:17.664Z,2026-09-01T21:14:55.846Z,7838,2026-09-01T21:14:55.846Z,B57C,Providence,0e5f68b5-5669-4bb1-91ce-4b967b620e7d,SAMMS-Providence
202609012114518938,202609011903672388,202609011903672005,85,2852,Bronze INV,br_OrientationChecklistNew,TASK_COMPLETE,SUCCESS,INFO,31,31,0,,2026-09-01T19:04:17.664Z,2026-09-01T21:14:55.846Z,7838,2026-09-01T21:14:55.846Z,B57D,Westerly,0e5f68b5-5669-4bb1-91ce-4b967b620e7d,SAMMS-Westerly
202609012114518939,202609011903672389,202609011903672005,85,2856,Bronze INV,br_OrientationChecklistNew,TASK_COMPLETE,SUCCESS,INFO,0,0,0,,2026-09-01T19:04:17.664Z,2026-09-01T21:14:55.846Z,7838,2026-09-01T21:14:55.846Z,B66A,Bremen,0e5f68b5-5669-4bb1-91ce-4b967b620e7d,SAMMS-Bremen
202609012114518940,202609011903672390,202609011903672005,85,2859,Bronze INV,br_OrientationChecklistNew,TASK_COMPLETE,SUCCESS,INFO,0,0,0,,2026-09-01T19:04:17.664Z,2026-09-01T21:14:55.846Z,7838,2026-09-01T21:14:55.846Z,B72,Mobile (OBOT),0e5f68b5-5669-4bb1-91ce-4b967b620e7d,SAMMS-Mobile-OBOT
202609012114518941,202609011903672391,202609011903672005,85,2860,Bronze INV,br_OrientationChecklistNew,TASK_COMPLETE,SUCCESS,INFO,0,0,0,,2026-09-01T19:04:17.664Z,2026-09-01T21:14:55.846Z,7838,2026-09-01T21:14:55.846Z,B73,Montgomery,0e5f68b5-5669-4bb1-91ce-4b967b620e7d,SAMMS-Montgomery
202609012114518942,202609011903672392,202609011903672005,85,2861,Bronze INV,br_OrientationChecklistNew,TASK_COMPLETE,SUCCESS,INFO,93,93,0,,2026-09-01T19:04:17.664Z,2026-09-01T21:14:55.846Z,7838,2026-09-01T21:14:55.846Z,B75,Lawrence,0e5f68b5-5669-4bb1-91ce-4b967b620e7d,SAMMS-LawrenceV6
202609012114518944,202609011903672393,202609011903672005,85,2862,Bronze INV,br_OrientationChecklistNew,TASK_COMPLETE,SUCCESS,INFO,0,0,0,,2026-09-01T19:04:17.664Z,2026-09-01T21:14:55.846Z,7838,2026-09-01T21:14:55.846Z,B76,Huntsville OBOT,0e5f68b5-5669-4bb1-91ce-4b967b620e7d,SAMMS-Huntsville-OBOT
202609012114518945,202609011903672394,202609011903672005,85,2863,Bronze INV,br_OrientationChecklistNew,TASK_COMPLETE,SUCCESS,INFO,0,0,0,,2026-09-01T19:04:17.664Z,2026-09-01T21:14:55.846Z,7838,2026-09-01T21:14:55.846Z,BAT,Batesville,0e5f68b5-5669-4bb1-91ce-4b967b620e7d,SAMMS-Batesville
202609012114518946,202609011903672395,202609011903672005,85,2864,Bronze INV,br_OrientationChecklistNew,TASK_COMPLETE,SUCCESS,INFO,175,175,0,,2026-09-01T19:04:17.664Z,2026-09-01T21:14:55.846Z,7838,2026-09-01T21:14:55.846Z,BG,Bowling Green,0e5f68b5-5669-4bb1-91ce-4b967b620e7d,SAMMS-BowlingGreen
202609012114518947,202609011903672396,202609011903672005,85,2865,Bronze INV,br_OrientationChecklistNew,TASK_COMPLETE,SUCCESS,INFO,65,65,0,,2026-09-01T19:04:17.664Z,2026-09-01T21:14:55.846Z,7838,2026-09-01T21:14:55.846Z,BOI,Boise,0e5f68b5-5669-4bb1-91ce-4b967b620e7d,SAMMS-Boise
202609012114518948,202609011903672397,202609011903672005,85,2872,Bronze INV,br_OrientationChecklistNew,TASK_COMPLETE,SUCCESS,INFO,69,69,0,,2026-09-01T19:04:17.664Z,2026-09-01T21:14:55.846Z,7838,2026-09-01T21:14:55.846Z,CBCO,Coeur dAlene,0e5f68b5-5669-4bb1-91ce-4b967b620e7d,SAMMS-CoeurdAleneV6
202609012114518949,202609011903672398,202609011903672005,85,2891,Bronze INV,br_OrientationChecklistNew,TASK_COMPLETE,SUCCESS,INFO,0,0,0,,2026-09-01T19:04:17.664Z,2026-09-01T21:14:55.846Z,7838,2026-09-01T21:14:55.846Z,CON,Conway,0e5f68b5-5669-4bb1-91ce-4b967b620e7d,SAMMS-Conway
202609012114518950,202609011903672399,202609011903672005,85,2892,Bronze INV,br_OrientationChecklistNew,TASK_COMPLETE,SUCCESS,INFO,0,0,0,,2026-09-01T19:04:17.664Z,2026-09-01T21:14:55.846Z,7838,2026-09-01T21:14:55.846Z,D07,Medical Services Knox TN,0e5f68b5-5669-4bb1-91ce-4b967b620e7d,SAMMS-KnoxvilleV6
202609012114518951,202609011903672400,202609011903672005,85,2893,Bronze INV,br_OrientationChecklistNew,TASK_COMPLETE,SUCCESS,INFO,139,139,0,,2026-09-01T19:04:17.664Z,2026-09-01T21:14:55.846Z,7838,2026-09-01T21:14:55.846Z,D08,Madison,0e5f68b5-5669-4bb1-91ce-4b967b620e7d,SAMMS-MadisonV6
202609012114518953,202609011903672401,202609011903672005,85,2895,Bronze INV,br_OrientationChecklistNew,TASK_COMPLETE,SUCCESS,INFO,204,204,0,,2026-09-01T19:04:17.664Z,2026-09-01T21:14:55.846Z,7838,2026-09-01T21:14:55.846Z,D09,Murfreesboro,0e5f68b5-5669-4bb1-91ce-4b967b620e7d,SAMMS-MurfreesboroV6
202609012114518954,202609011903672402,202609011903672005,85,2896,Bronze INV,br_OrientationChecklistNew,TASK_COMPLETE,SUCCESS,INFO,51,51,0,,2026-09-01T19:04:17.664Z,2026-09-01T21:14:55.846Z,7838,2026-09-01T21:14:55.846Z,DA,Davenport,0e5f68b5-5669-4bb1-91ce-4b967b620e7d,SAMMS-Davenport
202609012114518955,202609011903672403,202609011903672005,85,2897,Bronze INV,br_OrientationChecklistNew,TASK_COMPLETE,SUCCESS,INFO,87,87,0,,2026-09-01T19:04:17.664Z,2026-09-01T21:14:55.846Z,7838,2026-09-01T21:14:55.846Z,DM,Des Moines,0e5f68b5-5669-4bb1-91ce-4b967b620e7d,SAMMS-DesMoines
202609012114518956,202609011903672404,202609011903672005,85,2899,Bronze INV,br_OrientationChecklistNew,TASK_COMPLETE,SUCCESS,INFO,132,132,0,,2026-09-01T19:04:17.664Z,2026-09-01T21:14:55.846Z,7838,2026-09-01T21:14:55.846Z,DRD-CO,Columbia MO,0e5f68b5-5669-4bb1-91ce-4b967b620e7d,SAMMS-ColumbiaV5
202609012114518957,202609011903672405,202609011903672005,85,2900,Bronze INV,br_OrientationChecklistNew,TASK_COMPLETE,SUCCESS,INFO,159,159,0,,2026-09-01T19:04:17.664Z,2026-09-01T21:14:55.846Z,7838,2026-09-01T21:14:55.846Z,DRD-KC,KC,0e5f68b5-5669-4bb1-91ce-4b967b620e7d,SAMMS-KCv5
202609012114518958,202609011903672406,202609011903672005,85,2901,Bronze INV,br_OrientationChecklistNew,TASK_COMPLETE,SUCCESS,INFO,121,121,0,,2026-09-01T19:04:17.664Z,2026-09-01T21:14:55.846Z,7838,2026-09-01T21:14:55.846Z,DRD-KVB,KVB,0e5f68b5-5669-4bb1-91ce-4b967b620e7d,SAMMS-KVBv5
202609012114518959,202609011903672407,202609011903672005,85,2902,Bronze INV,br_OrientationChecklistNew,TASK_COMPLETE,SUCCESS,INFO,338,338,0,,2026-09-01T19:04:17.664Z,2026-09-01T21:14:55.846Z,7838,2026-09-01T21:14:55.846Z,DRD-KVC,KVC,0e5f68b5-5669-4bb1-91ce-4b967b620e7d,SAMMS-KVCv5
202609012114518961,202609011903672408,202609011903672005,85,2903,Bronze INV,br_OrientationChecklistNew,TASK_COMPLETE,SUCCESS,INFO,346,346,0,,2026-09-01T19:04:17.664Z,2026-09-01T21:14:55.846Z,7838,2026-09-01T21:14:55.846Z,DRD-NOLA,NOLA,0e5f68b5-5669-4bb1-91ce-4b967b620e7d,SAMMS-NOLAv5
202609012114518962,202609011903672409,202609011903672005,85,2904,Bronze INV,br_OrientationChecklistNew,TASK_COMPLETE,SUCCESS,INFO,236,236,0,,2026-09-01T19:04:17.664Z,2026-09-01T21:14:55.846Z,7838,2026-09-01T21:14:55.846Z,DRD-SF,Springfield,0e5f68b5-5669-4bb1-91ce-4b967b620e7d,SAMMS-SFv5
202609012114518963,202609011903672410,202609011903672005,85,2906,Bronze INV,br_OrientationChecklistNew,TASK_COMPLETE,SUCCESS,INFO,103,103,0,,2026-09-01T19:04:17.664Z,2026-09-01T21:14:55.846Z,7838,2026-09-01T21:14:55.846Z,ELC,Elizabeth City,0e5f68b5-5669-4bb1-91ce-4b967b620e7d,SAMMS-ElizabethCity
202609012114518964,202609011903672411,202609011903672005,85,2907,Bronze INV,br_OrientationChecklistNew,TASK_COMPLETE,SUCCESS,INFO,120,120,0,,2026-09-01T19:04:17.664Z,2026-09-01T21:14:55.846Z,7838,2026-09-01T21:14:55.846Z,ET,Elizabethtown,0e5f68b5-5669-4bb1-91ce-4b967b620e7d,SAMMS-Elizabethtown
202609012114518965,202609011903672412,202609011903672005,85,2908,Bronze INV,br_OrientationChecklistNew,TASK_COMPLETE,SUCCESS,INFO,0,0,0,,2026-09-01T19:04:17.664Z,2026-09-01T21:14:55.846Z,7838,2026-09-01T21:14:55.846Z,FAY,Fayetteville,0e5f68b5-5669-4bb1-91ce-4b967b620e7d,SAMMS-Fayetteville
202609012114518966,202609011903672413,202609011903672005,85,2909,Bronze INV,br_OrientationChecklistNew,TASK_COMPLETE,SUCCESS,INFO,112,112,0,,2026-09-01T19:04:17.664Z,2026-09-01T21:14:55.846Z,7838,2026-09-01T21:14:55.846Z,FR,Frankfort,0e5f68b5-5669-4bb1-91ce-4b967b620e7d,SAMMS-Frankfort
202609012114518967,202609011903672414,202609011903672005,85,2910,Bronze INV,br_OrientationChecklistNew,TASK_COMPLETE,SUCCESS,INFO,0,0,0,,2026-09-01T19:04:17.664Z,2026-09-01T21:14:55.846Z,7838,2026-09-01T21:14:55.846Z,FS,Fort Smith,0e5f68b5-5669-4bb1-91ce-4b967b620e7d,SAMMS-FortSmith
202609012114518968,202609011903672415,202609011903672005,85,2911,Bronze INV,br_OrientationChecklistNew,TASK_COMPLETE,SUCCESS,INFO,201,201,0,,2026-09-01T19:04:17.664Z,2026-09-01T21:14:55.846Z,7838,2026-09-01T21:14:55.846Z,FW,Fort Wayne,0e5f68b5-5669-4bb1-91ce-4b967b620e7d,SAMMS-FortWayne
202609012114518970,202609011903672416,202609011903672005,85,2912,Bronze INV,br_OrientationChecklistNew,TASK_COMPLETE,SUCCESS,INFO,17,17,0,,2026-09-01T19:04:17.664Z,2026-09-01T21:14:55.846Z,7838,2026-09-01T21:14:55.846Z,GAL,Gaylord,0e5f68b5-5669-4bb1-91ce-4b967b620e7d,SAMMS-Gaylord
202609012114518971,202609011903672417,202609011903672005,85,2916,Bronze INV,br_OrientationChecklistNew,TASK_COMPLETE,SUCCESS,INFO,128,128,0,,2026-09-01T19:04:17.664Z,2026-09-01T21:14:55.846Z,7838,2026-09-01T21:14:55.846Z,HGT,Hagerstown,0e5f68b5-5669-4bb1-91ce-4b967b620e7d,SAMMS-Hagerstown
202609012114518972,202609011903672418,202609011903672005,85,2917,Bronze INV,br_OrientationChecklistNew,TASK_COMPLETE,SUCCESS,INFO,102,102,0,,2026-09-01T19:04:17.664Z,2026-09-01T21:14:55.846Z,7838,2026-09-01T21:14:55.846Z,HNT,Huntsville,0e5f68b5-5669-4bb1-91ce-4b967b620e7d,SAMMS-Huntsville
202609012114518973,202609011903672419,202609011903672005,85,2918,Bronze INV,br_OrientationChecklistNew,TASK_COMPLETE,SUCCESS,INFO,0,0,0,,2026-09-01T19:04:17.664Z,2026-09-01T21:14:55.846Z,7838,2026-09-01T21:14:55.846Z,HS,Hot Springs,0e5f68b5-5669-4bb1-91ce-4b967b620e7d,SAMMS-HotSprings
202609012114518974,202609011903672420,202609011903672005,85,2919,Bronze INV,br_OrientationChecklistNew,TASK_COMPLETE,SUCCESS,INFO,0,0,0,,2026-09-01T19:04:17.664Z,2026-09-01T21:14:55.846Z,7838,2026-09-01T21:14:55.846Z,JON,Jonesboro,0e5f68b5-5669-4bb1-91ce-4b967b620e7d,SAMMS-Jonesboro
202609012114518975,202609011903672421,202609011903672005,85,2921,Bronze INV,br_OrientationChecklistNew,TASK_COMPLETE,SUCCESS,INFO,13,13,0,,2026-09-01T19:04:17.664Z,2026-09-01T21:14:55.846Z,7838,2026-09-01T21:14:55.846Z,LAN,Lansing,0e5f68b5-5669-4bb1-91ce-4b967b620e7d,SAMMS-Lansing
202609012114518976,202609011903672422,202609011903672005,85,2922,Bronze INV,br_OrientationChecklistNew,TASK_COMPLETE,SUCCESS,INFO,184,184,0,,2026-09-01T19:04:17.664Z,2026-09-01T21:14:55.846Z,7838,2026-09-01T21:14:55.846Z,LO,Louisville,0e5f68b5-5669-4bb1-91ce-4b967b620e7d,SAMMS-Louisville
202609012114518977,202609011903672423,202609011903672005,85,2923,Bronze INV,br_OrientationChecklistNew,TASK_COMPLETE,SUCCESS,INFO,343,343,0,,2026-09-01T19:04:17.664Z,2026-09-01T21:14:55.846Z,7838,2026-09-01T21:14:55.846Z,LV1,Cheyenne,0e5f68b5-5669-4bb1-91ce-4b967b620e7d,SAMMS-Cheyenne
202609012114518979,202609011903672424,202609011903672005,85,2924,Bronze INV,br_OrientationChecklistNew,TASK_COMPLETE,SUCCESS,INFO,189,189,0,,2026-09-01T19:04:17.664Z,2026-09-01T21:14:55.846Z,7838,2026-09-01T21:14:55.846Z,LV2,Desert Inn,0e5f68b5-5669-4bb1-91ce-4b967b620e7d,SAMMS-DesertInn
202609012114518980,202609011903672425,202609011903672005,85,2925,Bronze INV,br_OrientationChecklistNew,TASK_COMPLETE,SUCCESS,INFO,87,87,0,,2026-09-01T19:04:17.664Z,2026-09-01T21:14:55.846Z,7838,2026-09-01T21:14:55.846Z,LV3,McDaniel,0e5f68b5-5669-4bb1-91ce-4b967b620e7d,SAMMS-McDaniel
202609012114518981,202609011903672426,202609011903672005,85,2928,Bronze INV,br_OrientationChecklistNew,TASK_COMPLETE,SUCCESS,INFO,92,92,0,,2026-09-01T19:04:17.664Z,2026-09-01T21:14:55.846Z,7838,2026-09-01T21:14:55.846Z,MNRE,Monroe,0e5f68b5-5669-4bb1-91ce-4b967b620e7d,SAMMS-Monroe
202609012114518982,202609011903672427,202609011903672005,85,2929,Bronze INV,br_OrientationChecklistNew,TASK_COMPLETE,SUCCESS,INFO,8,8,0,,2026-09-01T19:04:17.664Z,2026-09-01T21:14:55.846Z,7838,2026-09-01T21:14:55.846Z,MP,Mt. Pleasant,0e5f68b5-5669-4bb1-91ce-4b967b620e7d,SAMMS-MtPleasant
202609012114518983,202609011903672428,202609011903672005,85,2930,Bronze INV,br_OrientationChecklistNew,TASK_COMPLETE,SUCCESS,INFO,73,73,0,,2026-09-01T19:04:17.664Z,2026-09-01T21:14:55.846Z,7838,2026-09-01T21:14:55.846Z,MRD,Meridian,0e5f68b5-5669-4bb1-91ce-4b967b620e7d,SAMMS-Meridian
202609012114518984,202609011903672429,202609011903672005,85,2935,Bronze INV,br_OrientationChecklistNew,TASK_COMPLETE,SUCCESS,INFO,156,156,0,,2026-09-01T19:04:17.664Z,2026-09-01T21:14:55.846Z,7838,2026-09-01T21:14:55.846Z,NC,North Charleston,0e5f68b5-5669-4bb1-91ce-4b967b620e7d,SAMMS-NorthCharleston
202609012114518985,202609011903672430,202609011903672005,85,2936,Bronze INV,br_OrientationChecklistNew,TASK_COMPLETE,SUCCESS,INFO,0,0,0,,2026-09-01T19:04:17.664Z,2026-09-01T21:14:55.846Z,7838,2026-09-01T21:14:55.846Z,NLR,N. Little Rock,0e5f68b5-5669-4bb1-91ce-4b967b620e7d,SAMMS-NLROBOT
202609012114518987,202609011903672431,202609011903672005,85,2941,Bronze INV,br_OrientationChecklistNew,TASK_COMPLETE,SUCCESS,INFO,124,124,0,,2026-09-01T19:04:17.664Z,2026-09-01T21:14:55.846Z,7838,2026-09-01T21:14:55.846Z,RE,Reno,0e5f68b5-5669-4bb1-91ce-4b967b620e7d,SAMMS-Reno
202609012114518988,202609011903672432,202609011903672005,85,2942,Bronze INV,br_OrientationChecklistNew,TASK_COMPLETE,SUCCESS,INFO,215,215,0,,2026-09-01T19:04:17.664Z,2026-09-01T21:14:55.846Z,7838,2026-09-01T21:14:55.846Z,RMD,Richmond,0e5f68b5-5669-4bb1-91ce-4b967b620e7d,SAMMS-Richmond
202609012114518989,202609011903672433,202609011903672005,85,2943,Bronze INV,br_OrientationChecklistNew,TASK_COMPLETE,SUCCESS,INFO,182,182,0,,2026-09-01T19:04:17.664Z,2026-09-01T21:14:55.846Z,7838,2026-09-01T21:14:55.846Z,SFN,Springfield North,0e5f68b5-5669-4bb1-91ce-4b967b620e7d,SAMMS-SFNv5
202609012114518990,202609011903672434,202609011903672005,85,2944,Bronze INV,br_OrientationChecklistNew,TASK_COMPLETE,SUCCESS,INFO,145,145,0,,2026-09-01T19:04:17.664Z,2026-09-01T21:14:55.846Z,7838,2026-09-01T21:14:55.846Z,SHP,Shreveport,0e5f68b5-5669-4bb1-91ce-4b967b620e7d,SAMMS-Shreveport
202609012114518991,202609011903672435,202609011903672005,85,2946,Bronze INV,br_OrientationChecklistNew,TASK_COMPLETE,SUCCESS,INFO,105,105,0,,2026-09-01T19:04:17.664Z,2026-09-01T21:14:55.846Z,7838,2026-09-01T21:14:55.846Z,STN,Staunton,0e5f68b5-5669-4bb1-91ce-4b967b620e7d,SAMMS-Staunton
202609012114519382,202609011903672780,202609011903672005,85,1843,Bronze INV,br_Appointments,TASK_COMPLETE,SUCCESS,INFO,1861,1861,0,,2026-09-01T19:04:17.664Z,2026-09-01T21:14:55.846Z,7838,2026-09-01T21:14:55.846Z,STVN,Stevenson,0e5f68b5-5669-4bb1-91ce-4b967b620e7d,SAMMS-Stevenson
202609012114519384,202609011903672781,202609011903672005,85,1845,Bronze INV,br_Appointments,TASK_COMPLETE,SUCCESS,INFO,5535,5535,0,,2026-09-01T19:04:17.664Z,2026-09-01T21:14:55.846Z,7838,2026-09-01T21:14:55.846Z,TE,Tempe,0e5f68b5-5669-4bb1-91ce-4b967b620e7d,SAMMS-Tempe
202609012114519385,202609011903672782,202609011903672005,85,1846,Bronze INV,br_Appointments,TASK_COMPLETE,SUCCESS,INFO,15363,15363,0,,2026-09-01T19:04:17.664Z,2026-09-01T21:14:55.846Z,7838,2026-09-01T21:14:55.846Z,TEX,Texarkana,0e5f68b5-5669-4bb1-91ce-4b967b620e7d,SAMMS-Texarkana
202609012114519386,202609011903672783,202609011903672005,85,1847,Bronze INV,br_Appointments,TASK_COMPLETE,SUCCESS,INFO,7768,7768,0,,2026-09-01T19:04:17.664Z,2026-09-01T21:14:55.846Z,7838,2026-09-01T21:14:55.846Z,TTCA,Bessemer,0e5f68b5-5669-4bb1-91ce-4b967b620e7d,SAMMS-BessemerV5
202609012114519387,202609011903672784,202609011903672005,85,1848,Bronze INV,br_Appointments,TASK_COMPLETE,SUCCESS,INFO,23115,23115,0,,2026-09-01T19:04:17.664Z,2026-09-01T21:14:55.846Z,7838,2026-09-01T21:14:55.846Z,TTCB,Cullman,0e5f68b5-5669-4bb1-91ce-4b967b620e7d,SAMMS-CullmanV5
202609012114519388,202609011903672785,202609011903672005,85,1849,Bronze INV,br_Appointments,TASK_COMPLETE,SUCCESS,INFO,12666,12666,0,,2026-09-01T19:04:17.664Z,2026-09-01T21:14:55.846Z,7838,2026-09-01T21:14:55.846Z,TTCC,Grand Bay,0e5f68b5-5669-4bb1-91ce-4b967b620e7d,SAMMS-GrandBay
202609012114519389,202609011903672786,202609011903672005,85,1850,Bronze INV,br_Appointments,TASK_COMPLETE,SUCCESS,INFO,1300,1300,0,,2026-09-01T19:04:17.664Z,2026-09-01T21:14:55.846Z,7838,2026-09-01T21:14:55.846Z,TU,Tucson,0e5f68b5-5669-4bb1-91ce-4b967b620e7d,SAMMS-Tucson
202609012114519390,202609011903672787,202609011903672005,85,1852,Bronze INV,br_Appointments,TASK_COMPLETE,SUCCESS,INFO,8621,8621,0,,2026-09-01T19:04:17.664Z,2026-09-01T21:14:55.846Z,7838,2026-09-01T21:14:55.846Z,V1,Memphis South,0e5f68b5-5669-4bb1-91ce-4b967b620e7d,SAMMS-VCPHCS-I-MemphisV5
202609012114519392,202609011903672788,202609011903672005,85,1853,Bronze INV,br_Appointments,TASK_COMPLETE,SUCCESS,INFO,18255,18255,0,,2026-09-01T19:04:17.664Z,2026-09-01T21:14:55.846Z,7838,2026-09-01T21:14:55.846Z,V10,Longmont,0e5f68b5-5669-4bb1-91ce-4b967b620e7d,SAMMS-BoulderV5
202609012114519393,202609011903672789,202609011903672005,85,1854,Bronze INV,br_Appointments,TASK_COMPLETE,SUCCESS,INFO,43864,43864,0,,2026-09-01T19:04:17.664Z,2026-09-01T21:14:55.846Z,7838,2026-09-01T21:14:55.846Z,V10A,Fort Collins,0e5f68b5-5669-4bb1-91ce-4b967b620e7d,SAMMS-FortCollinsV5
202609012114519394,202609011903672790,202609011903672005,85,1855,Bronze INV,br_Appointments,TASK_COMPLETE,SUCCESS,INFO,47422,47422,0,,2026-09-01T19:04:17.664Z,2026-09-01T21:14:55.846Z,7838,2026-09-01T21:14:55.846Z,V11,Westminster,0e5f68b5-5669-4bb1-91ce-4b967b620e7d,SAMMS-VCPHCS-XI-NorthDenverV5
202609012114519395,202609011903672791,202609011903672005,85,1856,Bronze INV,br_Appointments,TASK_COMPLETE,SUCCESS,INFO,44958,44958,0,,2026-09-01T19:04:17.664Z,2026-09-01T21:14:55.846Z,7838,2026-09-01T21:14:55.846Z,V12,Downtown Denver,0e5f68b5-5669-4bb1-91ce-4b967b620e7d,SAMMS-VCPHCS-XII-DowntownDenverV5
202609012114519396,202609011903672792,202609011903672005,85,1857,Bronze INV,br_Appointments,TASK_COMPLETE,SUCCESS,INFO,18970,18970,0,,2026-09-01T19:04:17.664Z,2026-09-01T21:14:55.846Z,7838,2026-09-01T21:14:55.846Z,V12A,Centennial,0e5f68b5-5669-4bb1-91ce-4b967b620e7d,SAMMS-CentennialV5
202609012114519397,202609011903672793,202609011903672005,85,1858,Bronze INV,br_Appointments,TASK_COMPLETE,SUCCESS,INFO,9769,9769,0,,2026-09-01T19:04:17.664Z,2026-09-01T21:14:55.846Z,7838,2026-09-01T21:14:55.846Z,V14,Overland Park,0e5f68b5-5669-4bb1-91ce-4b967b620e7d,SAMMS-VCPHCS-XIV-BridgewayV5
202609012114519398,202609011903672794,202609011903672005,85,1859,Bronze INV,br_Appointments,TASK_COMPLETE,SUCCESS,INFO,5431,5431,0,,2026-09-01T19:04:17.664Z,2026-09-01T21:14:55.846Z,7838,2026-09-01T21:14:55.846Z,V15,Joplin,0e5f68b5-5669-4bb1-91ce-4b967b620e7d,SAMMS-JoplinV5
202609012114519399,202609011903672795,202609011903672005,85,1861,Bronze INV,br_Appointments,TASK_COMPLETE,SUCCESS,INFO,9041,9041,0,,2026-09-01T19:04:17.664Z,2026-09-01T21:14:55.846Z,7838,2026-09-01T21:14:55.846Z,V17,Columbia TN,0e5f68b5-5669-4bb1-91ce-4b967b620e7d,SAMMS-ColumbiaTNv5
202609012114519401,202609011903672796,202609011903672005,85,1863,Bronze INV,br_Appointments,TASK_COMPLETE,SUCCESS,INFO,31311,31311,0,,2026-09-01T19:04:17.664Z,2026-09-01T21:14:55.846Z,7838,2026-09-01T21:14:55.846Z,V19,Jackson,0e5f68b5-5669-4bb1-91ce-4b967b620e7d,SAMMS-JacksonV5
202609012114519402,202609011903672797,202609011903672005,85,1865,Bronze INV,br_Appointments,TASK_COMPLETE,SUCCESS,INFO,30633,30633,0,,2026-09-01T19:04:17.664Z,2026-09-01T21:14:55.846Z,7838,2026-09-01T21:14:55.846Z,V20,Paris,0e5f68b5-5669-4bb1-91ce-4b967b620e7d,SAMMS-ParisV5
202609012114519403,202609011903672798,202609011903672005,85,1866,Bronze INV,br_Appointments,TASK_COMPLETE,SUCCESS,INFO,38514,38514,0,,2026-09-01T19:04:17.664Z,2026-09-01T21:14:55.846Z,7838,2026-09-01T21:14:55.846Z,V21,Memphis North,0e5f68b5-5669-4bb1-91ce-4b967b620e7d,SAMMS-RaleighV5
202609012114519404,202609011903672799,202609011903672005,85,1869,Bronze INV,br_Appointments,TASK_COMPLETE,SUCCESS,INFO,25393,25393,0,,2026-09-01T19:04:17.664Z,2026-09-01T21:14:55.846Z,7838,2026-09-01T21:14:55.846Z,V5,West Bank,0e5f68b5-5669-4bb1-91ce-4b967b620e7d,SAMMS-NONTCv5
202609012114519405,202609011903672800,202609011903672005,85,1871,Bronze INV,br_Appointments,TASK_COMPLETE,SUCCESS,INFO,4759,4759,0,,2026-09-01T19:04:17.664Z,2026-09-01T21:14:55.846Z,7838,2026-09-01T21:14:55.846Z,V5B,Houma,0e5f68b5-5669-4bb1-91ce-4b967b620e7d,SAMMS-HoumaV6
202609012114519406,202609011903672801,202609011903672005,85,1872,Bronze INV,br_Appointments,TASK_COMPLETE,SUCCESS,INFO,44328,44328,0,,2026-09-01T19:04:17.664Z,2026-09-01T21:14:55.846Z,7838,2026-09-01T21:14:55.846Z,V6,Lake Charles,0e5f68b5-5669-4bb1-91ce-4b967b620e7d,SAMMS-LCv5
202609012114519407,202609011903672802,202609011903672005,85,1874,Bronze INV,br_Appointments,TASK_COMPLETE,SUCCESS,INFO,13445,13445,0,,2026-09-01T19:04:17.664Z,2026-09-01T21:14:55.846Z,7838,2026-09-01T21:14:55.846Z,V8,Memphis Midtown,0e5f68b5-5669-4bb1-91ce-4b967b620e7d,SAMMS-VCPHCS-VIII-MemphisV5
202609012114519408,202609011903672803,202609011903672005,85,1875,Bronze INV,br_Appointments,TASK_COMPLETE,SUCCESS,INFO,57083,57083,0,,2026-09-01T19:04:17.664Z,2026-09-01T21:14:55.846Z,7838,2026-09-01T21:14:55.846Z,V9,Nashville,0e5f68b5-5669-4bb1-91ce-4b967b620e7d,SAMMS-NashvilleV5
202609012114519410,202609011903672804,202609011903672005,85,1876,Bronze INV,br_Appointments,TASK_COMPLETE,SUCCESS,INFO,20693,20693,0,,2026-09-01T19:04:17.664Z,2026-09-01T21:14:55.846Z,7838,2026-09-01T21:14:55.846Z,VBRA,Brainerd,0e5f68b5-5669-4bb1-91ce-4b967b620e7d,SAMMS-BrainerdV6
202609012114519411,202609011903672805,202609011903672005,85,1877,Bronze INV,br_Appointments,TASK_COMPLETE,SUCCESS,INFO,79186,79186,0,,2026-09-01T19:04:17.664Z,2026-09-01T21:14:55.846Z,7838,2026-09-01T21:14:55.846Z,VBRP,Brooklyn Park,0e5f68b5-5669-4bb1-91ce-4b967b620e7d,SAMMS-BrooklynParkV6
202609012114519412,202609011903672806,202609011903672005,85,1879,Bronze INV,br_Appointments,TASK_COMPLETE,SUCCESS,INFO,41064,41064,0,,2026-09-01T19:04:17.664Z,2026-09-01T21:14:55.846Z,7838,2026-09-01T21:14:55.846Z,VMIN,Minneapolis,0e5f68b5-5669-4bb1-91ce-4b967b620e7d,SAMMS-MinneapolisV6
202609012114519413,202609011903672807,202609011903672005,85,1880,Bronze INV,br_Appointments,TASK_COMPLETE,SUCCESS,INFO,89717,89717,0,,2026-09-01T19:04:17.664Z,2026-09-01T21:14:55.846Z,7838,2026-09-01T21:14:55.846Z,VWBY,Woodbury,0e5f68b5-5669-4bb1-91ce-4b967b620e7d,SAMMS-WoodburyV6
202609012114519414,202609011903672808,202609011903672005,85,1882,Bronze INV,br_Appointments,TASK_COMPLETE,SUCCESS,INFO,12941,12941,0,,2026-09-01T19:04:17.664Z,2026-09-01T21:14:55.846Z,7838,2026-09-01T21:14:55.846Z,WIL,Wilson,0e5f68b5-5669-4bb1-91ce-4b967b620e7d,SAMMS-Wilson
202609012114519415,202609011903672809,202609011903672005,85,231,Bronze INV,br_AdmissionAssessment,TASK_COMPLETE,SUCCESS,INFO,242,242,0,,2026-09-01T19:04:17.664Z,2026-09-01T21:14:55.846Z,7838,2026-09-01T21:14:55.846Z,B12B,Colorado Springs,0e5f68b5-5669-4bb1-91ce-4b967b620e7d,SAMMS-ColoradoSpringsV5
202609012114519416,202609011903672810,202609011903672005,85,232,Bronze INV,br_AdmissionAssessment,TASK_COMPLETE,SUCCESS,INFO,8,8,0,,2026-09-01T19:04:17.664Z,2026-09-01T21:14:55.846Z,7838,2026-09-01T21:14:55.846Z,B24,Paintsville,0e5f68b5-5669-4bb1-91ce-4b967b620e7d,SAMMS-PaintsvilleV5
202609012114519418,202609011903672811,202609011903672005,85,233,Bronze INV,br_AdmissionAssessment,TASK_COMPLETE,SUCCESS,INFO,2,2,0,,2026-09-01T19:04:17.664Z,2026-09-01T21:14:55.846Z,7838,2026-09-01T21:14:55.846Z,B25,Pikeville,0e5f68b5-5669-4bb1-91ce-4b967b620e7d,SAMMS-PikevilleV5
202609012114519419,202609011903672812,202609011903672005,85,234,Bronze INV,br_AdmissionAssessment,TASK_COMPLETE,SUCCESS,INFO,0,0,0,,2026-09-01T19:04:17.664Z,2026-09-01T21:14:55.846Z,7838,2026-09-01T21:14:55.846Z,B26,Hazard,0e5f68b5-5669-4bb1-91ce-4b967b620e7d,SAMMS-HazardV5
202609012114519420,202609011903672813,202609011903672005,85,235,Bronze INV,br_AdmissionAssessment,TASK_COMPLETE,SUCCESS,INFO,51,51,0,,2026-09-01T19:04:17.664Z,2026-09-01T21:14:55.846Z,7838,2026-09-01T21:14:55.846Z,B27,Savannah,0e5f68b5-5669-4bb1-91ce-4b967b620e7d,SAMMS-SavannahV6
202609012114519421,202609011903672814,202609011903672005,85,236,Bronze INV,br_AdmissionAssessment,TASK_COMPLETE,SUCCESS,INFO,99,99,0,,2026-09-01T19:04:17.664Z,2026-09-01T21:14:55.846Z,7838,2026-09-01T21:14:55.846Z,B28,West Plains,0e5f68b5-5669-4bb1-91ce-4b967b620e7d,SAMMS-WestPlainesV5
202609012114519422,202609011903672815,202609011903672005,85,237,Bronze INV,br_AdmissionAssessment,TASK_COMPLETE,SUCCESS,INFO,81,81,0,,2026-09-01T19:04:17.664Z,2026-09-01T21:14:55.846Z,7838,2026-09-01T21:14:55.846Z,B29,Poplar Bluff,0e5f68b5-5669-4bb1-91ce-4b967b620e7d,SAMMS-PoplarBluffV5
202609012114519423,202609011903672816,202609011903672005,85,238,Bronze INV,br_AdmissionAssessment,TASK_COMPLETE,SUCCESS,INFO,76,76,0,,2026-09-01T19:04:17.664Z,2026-09-01T21:14:55.846Z,7838,2026-09-01T21:14:55.846Z,B30,KC North,0e5f68b5-5669-4bb1-91ce-4b967b620e7d,SAMMS-KCNv5
202609012114519424,202609011903672817,202609011903672005,85,239,Bronze INV,br_AdmissionAssessment,TASK_COMPLETE,SUCCESS,INFO,113,113,0,,2026-09-01T19:04:17.664Z,2026-09-01T21:14:55.846Z,7838,2026-09-01T21:14:55.846Z,B31,Dyersburg,0e5f68b5-5669-4bb1-91ce-4b967b620e7d,SAMMS-DyersburgV5
202609012114519425,202609011903672818,202609011903672005,85,241,Bronze INV,br_AdmissionAssessment,TASK_COMPLETE,SUCCESS,INFO,1,1,0,,2026-09-01T19:04:17.664Z,2026-09-01T21:14:55.846Z,7838,2026-09-01T21:14:55.846Z,B33,Paducah,0e5f68b5-5669-4bb1-91ce-4b967b620e7d,SAMMS-Paducah
202609012114519427,202609011903672819,202609011903672005,85,242,Bronze INV,br_AdmissionAssessment,TASK_COMPLETE,SUCCESS,INFO,1,1,0,,2026-09-01T19:04:17.664Z,2026-09-01T21:14:55.846Z,7838,2026-09-01T21:14:55.846Z,B34,Corbin,0e5f68b5-5669-4bb1-91ce-4b967b620e7d,SAMMS-CorbinV5
202609012114519428,202609011903672820,202609011903672005,85,243,Bronze INV,br_AdmissionAssessment,TASK_COMPLETE,SUCCESS,INFO,5,5,0,,2026-09-01T19:04:17.664Z,2026-09-01T21:14:55.846Z,7838,2026-09-01T21:14:55.846Z,B35,Lexington,0e5f68b5-5669-4bb1-91ce-4b967b620e7d,SAMMS-LexingtonV5
202609012114519429,202609011903672821,202609011903672005,85,244,Bronze INV,br_AdmissionAssessment,TASK_COMPLETE,SUCCESS,INFO,4,4,0,,2026-09-01T19:04:17.664Z,2026-09-01T21:14:55.846Z,7838,2026-09-01T21:14:55.846Z,B35A,Berea,0e5f68b5-5669-4bb1-91ce-4b967b620e7d,SAMMS-BereaV5
202609012114519430,202609011903672822,202609011903672005,85,245,Bronze INV,br_AdmissionAssessment,TASK_COMPLETE,SUCCESS,INFO,187,187,0,,2026-09-01T19:04:17.664Z,2026-09-01T21:14:55.846Z,7838,2026-09-01T21:14:55.846Z,B36,Asheville,0e5f68b5-5669-4bb1-91ce-4b967b620e7d,SAMMS-AshevilleV5
202609012114519431,202609011903672823,202609011903672005,85,246,Bronze INV,br_AdmissionAssessment,TASK_COMPLETE,SUCCESS,INFO,140,140,0,,2026-09-01T19:04:17.664Z,2026-09-01T21:14:55.846Z,7838,2026-09-01T21:14:55.846Z,B37,Clyde,0e5f68b5-5669-4bb1-91ce-4b967b620e7d,SAMMS-ClydeV5
202609012114519432,202609011903672824,202609011903672005,85,247,Bronze INV,br_AdmissionAssessment,TASK_COMPLETE,SUCCESS,INFO,188,188,0,,2026-09-01T19:04:17.664Z,2026-09-01T21:14:55.846Z,7838,2026-09-01T21:14:55.846Z,B38,Spartanburg,0e5f68b5-5669-4bb1-91ce-4b967b620e7d,SAMMS-SpartanburgV5
202609012114519433,202609011903672825,202609011903672005,85,248,Bronze INV,br_AdmissionAssessment,TASK_COMPLETE,SUCCESS,INFO,166,166,0,,2026-09-01T19:04:17.664Z,2026-09-01T21:14:55.846Z,7838,2026-09-01T21:14:55.846Z,B39,Aiken,0e5f68b5-5669-4bb1-91ce-4b967b620e7d,SAMMS-AikenV5
202609012114519434,202609011903672826,202609011903672005,85,249,Bronze INV,br_AdmissionAssessment,TASK_COMPLETE,SUCCESS,INFO,2,2,0,,2026-09-01T19:04:17.664Z,2026-09-01T21:14:55.846Z,7838,2026-09-01T21:14:55.846Z,B41,Chesapeake,0e5f68b5-5669-4bb1-91ce-4b967b620e7d,SAMMS-ChesapeakeV5
202609012114519436,202609011903672827,202609011903672005,85,250,Bronze INV,br_AdmissionAssessment,TASK_COMPLETE,SUCCESS,INFO,1,1,0,,2026-09-01T19:04:17.664Z,2026-09-01T21:14:55.846Z,7838,2026-09-01T21:14:55.846Z,B42,Virginia Beach,0e5f68b5-5669-4bb1-91ce-4b967b620e7d,SAMMS-VirginiaBeachV5
202609012114519437,202609011903672828,202609011903672005,85,251,Bronze INV,br_AdmissionAssessment,TASK_COMPLETE,SUCCESS,INFO,1,1,0,,2026-09-01T19:04:17.664Z,2026-09-01T21:14:55.846Z,7838,2026-09-01T21:14:55.846Z,B42A,Newport News,0e5f68b5-5669-4bb1-91ce-4b967b620e7d,SAMMS-NewportNewsV5
202609012114519438,202609011903672829,202609011903672005,85,252,Bronze INV,br_AdmissionAssessment,TASK_COMPLETE,SUCCESS,INFO,0,0,0,,2026-09-01T19:04:17.664Z,2026-09-01T21:14:55.846Z,7838,2026-09-01T21:14:55.846Z,B42B,Franklin,0e5f68b5-5669-4bb1-91ce-4b967b620e7d,SAMMS-FranklinV5
202609012114519439,202609011903672830,202609011903672005,85,253,Bronze INV,br_AdmissionAssessment,TASK_COMPLETE,SUCCESS,INFO,2,2,0,,2026-09-01T19:04:17.664Z,2026-09-01T21:14:55.846Z,7838,2026-09-01T21:14:55.846Z,B42C,Glen Allen,0e5f68b5-5669-4bb1-91ce-4b967b620e7d,SAMMS-GlenAllenV5
202609012114519440,202609011903672831,202609011903672005,85,254,Bronze INV,br_AdmissionAssessment,TASK_COMPLETE,SUCCESS,INFO,1,1,0,,2026-09-01T19:04:17.664Z,2026-09-01T21:14:55.846Z,7838,2026-09-01T21:14:55.846Z,B42D,Chesapeake South,0e5f68b5-5669-4bb1-91ce-4b967b620e7d,SAMMS-ChesapeakeSouthV5
202609012114519441,202609011903672832,202609011903672005,85,255,Bronze INV,br_AdmissionAssessment,TASK_COMPLETE,SUCCESS,INFO,54,54,0,,2026-09-01T19:04:17.664Z,2026-09-01T21:14:55.846Z,7838,2026-09-01T21:14:55.846Z,B44,Albany,0e5f68b5-5669-4bb1-91ce-4b967b620e7d,SAMMS-AlbanyV5
202609012114519442,202609011903672833,202609011903672005,85,256,Bronze INV,br_AdmissionAssessment,TASK_COMPLETE,SUCCESS,INFO,65,65,0,,2026-09-01T19:04:17.664Z,2026-09-01T21:14:55.846Z,7838,2026-09-01T21:14:55.846Z,B45,Tifton,0e5f68b5-5669-4bb1-91ce-4b967b620e7d,SAMMS-TiftonV5
202609012114519444,202609011903672834,202609011903672005,85,257,Bronze INV,br_AdmissionAssessment,TASK_COMPLETE,SUCCESS,INFO,343,343,0,,2026-09-01T19:04:17.664Z,2026-09-01T21:14:55.846Z,7838,2026-09-01T21:14:55.846Z,B46,Washington DC,0e5f68b5-5669-4bb1-91ce-4b967b620e7d,SAMMS-WashingtonDCv5
202609012114519445,202609011903672835,202609011903672005,85,258,Bronze INV,br_AdmissionAssessment,TASK_COMPLETE,SUCCESS,INFO,95,95,0,,2026-09-01T19:04:17.664Z,2026-09-01T21:14:55.846Z,7838,2026-09-01T21:14:55.846Z,B47,Mobile,0e5f68b5-5669-4bb1-91ce-4b967b620e7d,SAMMS-MobileV5
202609012114519446,202609011903672836,202609011903672005,85,259,Bronze INV,br_AdmissionAssessment,TASK_COMPLETE,SUCCESS,INFO,154,154,0,,2026-09-01T19:04:17.664Z,2026-09-01T21:14:55.846Z,7838,2026-09-01T21:14:55.846Z,B48,Tuscaloosa,0e5f68b5-5669-4bb1-91ce-4b967b620e7d,SAMMS-TuscaloosaV5
202609012114519447,202609011903672837,202609011903672005,85,268,Bronze INV,br_AdmissionAssessment,TASK_COMPLETE,SUCCESS,INFO,81,81,0,,2026-09-01T19:04:17.664Z,2026-09-01T21:14:55.846Z,7838,2026-09-01T21:14:55.846Z,B51,N. Little Rock (OTP),0e5f68b5-5669-4bb1-91ce-4b967b620e7d,SAMMS-NorthLittleRockV6
202609012114519448,202609011903672838,202609011903672005,85,269,Bronze INV,br_AdmissionAssessment,TASK_COMPLETE,SUCCESS,INFO,48,48,0,,2026-09-01T19:04:17.664Z,2026-09-01T21:14:55.846Z,7838,2026-09-01T21:14:55.846Z,B52,Jackson GA,0e5f68b5-5669-4bb1-91ce-4b967b620e7d,SAMMS-JacksonGAV5
202609012114519449,202609011903672839,202609011903672005,85,270,Bronze INV,br_AdmissionAssessment,TASK_COMPLETE,SUCCESS,INFO,167,167,0,,2026-09-01T19:04:17.664Z,2026-09-01T21:14:55.846Z,7838,2026-09-01T21:14:55.846Z,B54,Gadsden,0e5f68b5-5669-4bb1-91ce-4b967b620e7d,SAMMS-GadsdenV5
202609012114519450,202609011903672840,202609011903672005,85,271,Bronze INV,br_AdmissionAssessment,TASK_COMPLETE,SUCCESS,INFO,157,157,0,,2026-09-01T19:04:17.664Z,2026-09-01T21:14:55.846Z,7838,2026-09-01T21:14:55.846Z,B55,Shoals,0e5f68b5-5669-4bb1-91ce-4b967b620e7d,SAMMS-ShoalsV5
202609012114519451,202609011903672841,202609011903672005,85,272,Bronze INV,br_AdmissionAssessment,TASK_COMPLETE,SUCCESS,INFO,40,40,0,,2026-09-01T19:04:17.664Z,2026-09-01T21:14:55.846Z,7838,2026-09-01T21:14:55.846Z,B57,Pawtucket,0e5f68b5-5669-4bb1-91ce-4b967b620e7d,SAMMS-Pawtucket
202609012114519453,202609011903672842,202609011903672005,85,273,Bronze INV,br_AdmissionAssessment,TASK_COMPLETE,SUCCESS,INFO,82,82,0,,2026-09-01T19:04:17.664Z,2026-09-01T21:14:55.846Z,7838,2026-09-01T21:14:55.846Z,B57A,Johnston,0e5f68b5-5669-4bb1-91ce-4b967b620e7d,SAMMS-Johnston
202609012114519454,202609011903672843,202609011903672005,85,274,Bronze INV,br_AdmissionAssessment,TASK_COMPLETE,SUCCESS,INFO,41,41,0,,2026-09-01T19:04:17.664Z,2026-09-01T21:14:55.846Z,7838,2026-09-01T21:14:55.846Z,B57B,Middletown,0e5f68b5-5669-4bb1-91ce-4b967b620e7d,SAMMS-Middletown
202609012114519455,202609011903672844,202609011903672005,85,275,Bronze INV,br_AdmissionAssessment,TASK_COMPLETE,SUCCESS,INFO,74,74,0,,2026-09-01T19:04:17.664Z,2026-09-01T21:14:55.846Z,7838,2026-09-01T21:14:55.846Z,B57C,Providence,0e5f68b5-5669-4bb1-91ce-4b967b620e7d,SAMMS-Providence
202609012114519456,202609011903672845,202609011903672005,85,276,Bronze INV,br_AdmissionAssessment,TASK_COMPLETE,SUCCESS,INFO,80,80,0,,2026-09-01T19:04:17.664Z,2026-09-01T21:14:55.846Z,7838,2026-09-01T21:14:55.846Z,B57D,Westerly,0e5f68b5-5669-4bb1-91ce-4b967b620e7d,SAMMS-Westerly
202609012114519457,202609011903672846,202609011903672005,85,280,Bronze INV,br_AdmissionAssessment,TASK_COMPLETE,SUCCESS,INFO,81,81,0,,2026-09-01T19:04:17.664Z,2026-09-01T21:14:55.846Z,7838,2026-09-01T21:14:55.846Z,B66A,Bremen,0e5f68b5-5669-4bb1-91ce-4b967b620e7d,SAMMS-Bremen
202609012114519458,202609011903672847,202609011903672005,85,283,Bronze INV,br_AdmissionAssessment,TASK_COMPLETE,SUCCESS,INFO,25,25,0,,2026-09-01T19:04:17.664Z,2026-09-01T21:14:55.846Z,7838,2026-09-01T21:14:55.846Z,B72,Mobile (OBOT),0e5f68b5-5669-4bb1-91ce-4b967b620e7d,SAMMS-Mobile-OBOT
202609012114519459,202609011903672848,202609011903672005,85,284,Bronze INV,br_AdmissionAssessment,TASK_COMPLETE,SUCCESS,INFO,2,2,0,,2026-09-01T19:04:17.664Z,2026-09-01T21:14:55.846Z,7838,2026-09-01T21:14:55.846Z,B73,Montgomery,0e5f68b5-5669-4bb1-91ce-4b967b620e7d,SAMMS-Montgomery
202609012114519460,202609011903672849,202609011903672005,85,285,Bronze INV,br_AdmissionAssessment,TASK_COMPLETE,SUCCESS,INFO,104,104,0,,2026-09-01T19:04:17.664Z,2026-09-01T21:14:55.846Z,7838,2026-09-01T21:14:55.846Z,B75,Lawrence,0e5f68b5-5669-4bb1-91ce-4b967b620e7d,SAMMS-LawrenceV6
202609012114519462,202609011903672850,202609011903672005,85,286,Bronze INV,br_AdmissionAssessment,TASK_COMPLETE,SUCCESS,INFO,50,50,0,,2026-09-01T19:04:17.664Z,2026-09-01T21:14:55.846Z,7838,2026-09-01T21:14:55.846Z,B76,Huntsville OBOT,0e5f68b5-5669-4bb1-91ce-4b967b620e7d,SAMMS-Huntsville-OBOT
202609012114519463,202609011903672851,202609011903672005,85,287,Bronze INV,br_AdmissionAssessment,TASK_COMPLETE,SUCCESS,INFO,131,131,0,,2026-09-01T19:04:17.664Z,2026-09-01T21:14:55.846Z,7838,2026-09-01T21:14:55.846Z,BAT,Batesville,0e5f68b5-5669-4bb1-91ce-4b967b620e7d,SAMMS-Batesville
202609012114519464,202609011903672852,202609011903672005,85,288,Bronze INV,br_AdmissionAssessment,TASK_COMPLETE,SUCCESS,INFO,0,0,0,,2026-09-01T19:04:17.664Z,2026-09-01T21:14:55.846Z,7838,2026-09-01T21:14:55.846Z,BG,Bowling Green,0e5f68b5-5669-4bb1-91ce-4b967b620e7d,SAMMS-BowlingGreen
202609012114519465,202609011903672853,202609011903672005,85,289,Bronze INV,br_AdmissionAssessment,TASK_COMPLETE,SUCCESS,INFO,87,87,0,,2026-09-01T19:04:17.664Z,2026-09-01T21:14:55.846Z,7838,2026-09-01T21:14:55.846Z,BOI,Boise,0e5f68b5-5669-4bb1-91ce-4b967b620e7d,SAMMS-Boise
202609012114519466,202609011903672854,202609011903672005,85,296,Bronze INV,br_AdmissionAssessment,TASK_COMPLETE,SUCCESS,INFO,58,58,0,,2026-09-01T19:04:17.664Z,2026-09-01T21:14:55.846Z,7838,2026-09-01T21:14:55.846Z,CBCO,Coeur dAlene,0e5f68b5-5669-4bb1-91ce-4b967b620e7d,SAMMS-CoeurdAleneV6
202609012114519467,202609011903672855,202609011903672005,85,315,Bronze INV,br_AdmissionAssessment,TASK_COMPLETE,SUCCESS,INFO,126,126,0,,2026-09-01T19:04:17.664Z,2026-09-01T21:14:55.846Z,7838,2026-09-01T21:14:55.846Z,CON,Conway,0e5f68b5-5669-4bb1-91ce-4b967b620e7d,SAMMS-Conway
202609012114519468,202609011903672856,202609011903672005,85,316,Bronze INV,br_AdmissionAssessment,TASK_COMPLETE,SUCCESS,INFO,149,149,0,,2026-09-01T19:04:17.664Z,2026-09-01T21:14:55.846Z,7838,2026-09-01T21:14:55.846Z,D07,Medical Services Knox TN,0e5f68b5-5669-4bb1-91ce-4b967b620e7d,SAMMS-KnoxvilleV6
202609012114519469,202609011903672857,202609011903672005,85,317,Bronze INV,br_AdmissionAssessment,TASK_COMPLETE,SUCCESS,INFO,179,179,0,,2026-09-01T19:04:17.664Z,2026-09-01T21:14:55.846Z,7838,2026-09-01T21:14:55.846Z,D08,Madison,0e5f68b5-5669-4bb1-91ce-4b967b620e7d,SAMMS-MadisonV6
202609012114519471,202609011903672858,202609011903672005,85,319,Bronze INV,br_AdmissionAssessment,TASK_COMPLETE,SUCCESS,INFO,205,205,0,,2026-09-01T19:04:17.664Z,2026-09-01T21:14:55.846Z,7838,2026-09-01T21:14:55.846Z,D09,Murfreesboro,0e5f68b5-5669-4bb1-91ce-4b967b620e7d,SAMMS-MurfreesboroV6
202609012114519472,202609011903672859,202609011903672005,85,320,Bronze INV,br_AdmissionAssessment,TASK_COMPLETE,SUCCESS,INFO,81,81,0,,2026-09-01T19:04:17.664Z,2026-09-01T21:14:55.846Z,7838,2026-09-01T21:14:55.846Z,DA,Davenport,0e5f68b5-5669-4bb1-91ce-4b967b620e7d,SAMMS-Davenport
202609012114519473,202609011903672860,202609011903672005,85,321,Bronze INV,br_AdmissionAssessment,TASK_COMPLETE,SUCCESS,INFO,138,138,0,,2026-09-01T19:04:17.664Z,2026-09-01T21:14:55.846Z,7838,2026-09-01T21:14:55.846Z,DM,Des Moines,0e5f68b5-5669-4bb1-91ce-4b967b620e7d,SAMMS-DesMoines
202609012114519474,202609011903672861,202609011903672005,85,323,Bronze INV,br_AdmissionAssessment,TASK_COMPLETE,SUCCESS,INFO,146,146,0,,2026-09-01T19:04:17.664Z,2026-09-01T21:14:55.846Z,7838,2026-09-01T21:14:55.846Z,DRD-CO,Columbia MO,0e5f68b5-5669-4bb1-91ce-4b967b620e7d,SAMMS-ColumbiaV5
202609012114519475,202609011903672862,202609011903672005,85,324,Bronze INV,br_AdmissionAssessment,TASK_COMPLETE,SUCCESS,INFO,159,159,0,,2026-09-01T19:04:17.664Z,2026-09-01T21:14:55.846Z,7838,2026-09-01T21:14:55.846Z,DRD-KC,KC,0e5f68b5-5669-4bb1-91ce-4b967b620e7d,SAMMS-KCv5
202609012114519476,202609011903672863,202609011903672005,85,325,Bronze INV,br_AdmissionAssessment,TASK_COMPLETE,SUCCESS,INFO,120,120,0,,2026-09-01T19:04:17.664Z,2026-09-01T21:14:55.846Z,7838,2026-09-01T21:14:55.846Z,DRD-KVB,KVB,0e5f68b5-5669-4bb1-91ce-4b967b620e7d,SAMMS-KVBv5
202609012114519477,202609011903672864,202609011903672005,85,326,Bronze INV,br_AdmissionAssessment,TASK_COMPLETE,SUCCESS,INFO,367,367,0,,2026-09-01T19:04:17.664Z,2026-09-01T21:14:55.846Z,7838,2026-09-01T21:14:55.846Z,DRD-KVC,KVC,0e5f68b5-5669-4bb1-91ce-4b967b620e7d,SAMMS-KVCv5
202609012114519478,202609011903672865,202609011903672005,85,327,Bronze INV,br_AdmissionAssessment,TASK_COMPLETE,SUCCESS,INFO,324,324,0,,2026-09-01T19:04:17.664Z,2026-09-01T21:14:55.846Z,7838,2026-09-01T21:14:55.846Z,DRD-NOLA,NOLA,0e5f68b5-5669-4bb1-91ce-4b967b620e7d,SAMMS-NOLAv5
202608312116372522,202608311905653011,202608311905652236,85,1843,Bronze INV,br_Appointments,TASK_COMPLETE,SUCCESS,INFO,1861,1861,0,,2026-08-31T19:06:18.658Z,2026-08-31T21:16:41.151Z,7823,2026-08-31T21:16:41.151Z,STVN,Stevenson,79f5b39e-d314-4ad3-8050-3ace553d67de,SAMMS-Stevenson
202608312116372523,202608311905653012,202608311905652236,85,1845,Bronze INV,br_Appointments,TASK_COMPLETE,SUCCESS,INFO,5535,5535,0,,2026-08-31T19:06:18.658Z,2026-08-31T21:16:41.151Z,7823,2026-08-31T21:16:41.151Z,TE,Tempe,79f5b39e-d314-4ad3-8050-3ace553d67de,SAMMS-Tempe
202608312116372524,202608311905653013,202608311905652236,85,1846,Bronze INV,br_Appointments,TASK_COMPLETE,SUCCESS,INFO,15312,15312,0,,2026-08-31T19:06:18.658Z,2026-08-31T21:16:41.151Z,7823,2026-08-31T21:16:41.151Z,TEX,Texarkana,79f5b39e-d314-4ad3-8050-3ace553d67de,SAMMS-Texarkana
202608312116372525,202608311905653014,202608311905652236,85,1847,Bronze INV,br_Appointments,TASK_COMPLETE,SUCCESS,INFO,7758,7758,0,,2026-08-31T19:06:18.658Z,2026-08-31T21:16:41.151Z,7823,2026-08-31T21:16:41.151Z,TTCA,Bessemer,79f5b39e-d314-4ad3-8050-3ace553d67de,SAMMS-BessemerV5
202608312116372526,202608311905653015,202608311905652236,85,1848,Bronze INV,br_Appointments,TASK_COMPLETE,SUCCESS,INFO,23063,23063,0,,2026-08-31T19:06:18.658Z,2026-08-31T21:16:41.151Z,7823,2026-08-31T21:16:41.151Z,TTCB,Cullman,79f5b39e-d314-4ad3-8050-3ace553d67de,SAMMS-CullmanV5
202608312116372527,202608311905653016,202608311905652236,85,1849,Bronze INV,br_Appointments,TASK_COMPLETE,SUCCESS,INFO,12621,12621,0,,2026-08-31T19:06:18.658Z,2026-08-31T21:16:41.151Z,7823,2026-08-31T21:16:41.151Z,TTCC,Grand Bay,79f5b39e-d314-4ad3-8050-3ace553d67de,SAMMS-GrandBay
202608312116372528,202608311905653017,202608311905652236,85,1850,Bronze INV,br_Appointments,TASK_COMPLETE,SUCCESS,INFO,1300,1300,0,,2026-08-31T19:06:18.658Z,2026-08-31T21:16:41.151Z,7823,2026-08-31T21:16:41.151Z,TU,Tucson,79f5b39e-d314-4ad3-8050-3ace553d67de,SAMMS-Tucson
202608312116372529,202608311905653018,202608311905652236,85,1852,Bronze INV,br_Appointments,TASK_COMPLETE,SUCCESS,INFO,8548,8548,0,,2026-08-31T19:06:18.658Z,2026-08-31T21:16:41.151Z,7823,2026-08-31T21:16:41.151Z,V1,Memphis South,79f5b39e-d314-4ad3-8050-3ace553d67de,SAMMS-VCPHCS-I-MemphisV5
202608312116372530,202608311905653019,202608311905652236,85,1853,Bronze INV,br_Appointments,TASK_COMPLETE,SUCCESS,INFO,18207,18207,0,,2026-08-31T19:06:18.658Z,2026-08-31T21:16:41.151Z,7823,2026-08-31T21:16:41.151Z,V10,Longmont,79f5b39e-d314-4ad3-8050-3ace553d67de,SAMMS-BoulderV5
202608312116372531,202608311905653020,202608311905652236,85,1854,Bronze INV,br_Appointments,TASK_COMPLETE,SUCCESS,INFO,43757,43757,0,,2026-08-31T19:06:18.658Z,2026-08-31T21:16:41.151Z,7823,2026-08-31T21:16:41.151Z,V10A,Fort Collins,79f5b39e-d314-4ad3-8050-3ace553d67de,SAMMS-FortCollinsV5
202608312116372532,202608311905653021,202608311905652236,85,1855,Bronze INV,br_Appointments,TASK_COMPLETE,SUCCESS,INFO,47375,47375,0,,2026-08-31T19:06:18.658Z,2026-08-31T21:16:41.151Z,7823,2026-08-31T21:16:41.151Z,V11,Westminster,79f5b39e-d314-4ad3-8050-3ace553d67de,SAMMS-VCPHCS-XI-NorthDenverV5
202608312116372533,202608311905653022,202608311905652236,85,1856,Bronze INV,br_Appointments,TASK_COMPLETE,SUCCESS,INFO,44925,44925,0,,2026-08-31T19:06:18.658Z,2026-08-31T21:16:41.151Z,7823,2026-08-31T21:16:41.151Z,V12,Downtown Denver,79f5b39e-d314-4ad3-8050-3ace553d67de,SAMMS-VCPHCS-XII-DowntownDenverV5
202608312116372535,202608311905653023,202608311905652236,85,1857,Bronze INV,br_Appointments,TASK_COMPLETE,SUCCESS,INFO,18939,18939,0,,2026-08-31T19:06:18.658Z,2026-08-31T21:16:41.151Z,7823,2026-08-31T21:16:41.151Z,V12A,Centennial,79f5b39e-d314-4ad3-8050-3ace553d67de,SAMMS-CentennialV5
202608312116372536,202608311905653024,202608311905652236,85,1858,Bronze INV,br_Appointments,TASK_COMPLETE,SUCCESS,INFO,9770,9770,0,,2026-08-31T19:06:18.658Z,2026-08-31T21:16:41.151Z,7823,2026-08-31T21:16:41.151Z,V14,Overland Park,79f5b39e-d314-4ad3-8050-3ace553d67de,SAMMS-VCPHCS-XIV-BridgewayV5
202608312116372537,202608311905653025,202608311905652236,85,1859,Bronze INV,br_Appointments,TASK_COMPLETE,SUCCESS,INFO,5422,5422,0,,2026-08-31T19:06:18.658Z,2026-08-31T21:16:41.151Z,7823,2026-08-31T21:16:41.151Z,V15,Joplin,79f5b39e-d314-4ad3-8050-3ace553d67de,SAMMS-JoplinV5
202608312116372538,202608311905653026,202608311905652236,85,1861,Bronze INV,br_Appointments,TASK_COMPLETE,SUCCESS,INFO,9017,9017,0,,2026-08-31T19:06:18.658Z,2026-08-31T21:16:41.151Z,7823,2026-08-31T21:16:41.151Z,V17,Columbia TN,79f5b39e-d314-4ad3-8050-3ace553d67de,SAMMS-ColumbiaTNv5
202608312116372539,202608311905653027,202608311905652236,85,1863,Bronze INV,br_Appointments,TASK_COMPLETE,SUCCESS,INFO,31243,31243,0,,2026-08-31T19:06:18.658Z,2026-08-31T21:16:41.151Z,7823,2026-08-31T21:16:41.151Z,V19,Jackson,79f5b39e-d314-4ad3-8050-3ace553d67de,SAMMS-JacksonV5
202608312116372540,202608311905653028,202608311905652236,85,1865,Bronze INV,br_Appointments,TASK_COMPLETE,SUCCESS,INFO,30616,30616,0,,2026-08-31T19:06:18.658Z,2026-08-31T21:16:41.151Z,7823,2026-08-31T21:16:41.151Z,V20,Paris,79f5b39e-d314-4ad3-8050-3ace553d67de,SAMMS-ParisV5
202608312116372541,202608311905653029,202608311905652236,85,1866,Bronze INV,br_Appointments,TASK_COMPLETE,SUCCESS,INFO,38493,38493,0,,2026-08-31T19:06:18.658Z,2026-08-31T21:16:41.151Z,7823,2026-08-31T21:16:41.151Z,V21,Memphis North,79f5b39e-d314-4ad3-8050-3ace553d67de,SAMMS-RaleighV5
202608312116372542,202608311905653030,202608311905652236,85,1869,Bronze INV,br_Appointments,TASK_COMPLETE,SUCCESS,INFO,25328,25328,0,,2026-08-31T19:06:18.658Z,2026-08-31T21:16:41.151Z,7823,2026-08-31T21:16:41.151Z,V5,West Bank,79f5b39e-d314-4ad3-8050-3ace553d67de,SAMMS-NONTCv5
202608312116372544,202608311905653031,202608311905652236,85,1871,Bronze INV,br_Appointments,TASK_COMPLETE,SUCCESS,INFO,4753,4753,0,,2026-08-31T19:06:18.658Z,2026-08-31T21:16:41.151Z,7823,2026-08-31T21:16:41.151Z,V5B,Houma,79f5b39e-d314-4ad3-8050-3ace553d67de,SAMMS-HoumaV6
202608312116372545,202608311905653032,202608311905652236,85,1872,Bronze INV,br_Appointments,TASK_COMPLETE,SUCCESS,INFO,44236,44236,0,,2026-08-31T19:06:18.658Z,2026-08-31T21:16:41.151Z,7823,2026-08-31T21:16:41.151Z,V6,Lake Charles,79f5b39e-d314-4ad3-8050-3ace553d67de,SAMMS-LCv5
202608312116372546,202608311905653033,202608311905652236,85,1874,Bronze INV,br_Appointments,TASK_COMPLETE,SUCCESS,INFO,13430,13430,0,,2026-08-31T19:06:18.658Z,2026-08-31T21:16:41.151Z,7823,2026-08-31T21:16:41.151Z,V8,Memphis Midtown,79f5b39e-d314-4ad3-8050-3ace553d67de,SAMMS-VCPHCS-VIII-MemphisV5
202608312116372547,202608311905653034,202608311905652236,85,1875,Bronze INV,br_Appointments,TASK_COMPLETE,SUCCESS,INFO,57008,57008,0,,2026-08-31T19:06:18.658Z,2026-08-31T21:16:41.151Z,7823,2026-08-31T21:16:41.151Z,V9,Nashville,79f5b39e-d314-4ad3-8050-3ace553d67de,SAMMS-NashvilleV5
202608312116372548,202608311905653035,202608311905652236,85,1876,Bronze INV,br_Appointments,TASK_COMPLETE,SUCCESS,INFO,20652,20652,0,,2026-08-31T19:06:18.658Z,2026-08-31T21:16:41.151Z,7823,2026-08-31T21:16:41.151Z,VBRA,Brainerd,79f5b39e-d314-4ad3-8050-3ace553d67de,SAMMS-BrainerdV6
202608312116372549,202608311905653036,202608311905652236,85,1877,Bronze INV,br_Appointments,TASK_COMPLETE,SUCCESS,INFO,79124,79124,0,,2026-08-31T19:06:18.658Z,2026-08-31T21:16:41.151Z,7823,2026-08-31T21:16:41.151Z,VBRP,Brooklyn Park,79f5b39e-d314-4ad3-8050-3ace553d67de,SAMMS-BrooklynParkV6
202608312116372550,202608311905653037,202608311905652236,85,1879,Bronze INV,br_Appointments,TASK_COMPLETE,SUCCESS,INFO,41013,41013,0,,2026-08-31T19:06:18.658Z,2026-08-31T21:16:41.151Z,7823,2026-08-31T21:16:41.151Z,VMIN,Minneapolis,79f5b39e-d314-4ad3-8050-3ace553d67de,SAMMS-MinneapolisV6
202608312116372551,202608311905653038,202608311905652236,85,1880,Bronze INV,br_Appointments,TASK_COMPLETE,SUCCESS,INFO,89560,89560,0,,2026-08-31T19:06:18.658Z,2026-08-31T21:16:41.151Z,7823,2026-08-31T21:16:41.151Z,VWBY,Woodbury,79f5b39e-d314-4ad3-8050-3ace553d67de,SAMMS-WoodburyV6
202608312116372552,202608311905653039,202608311905652236,85,1882,Bronze INV,br_Appointments,TASK_COMPLETE,SUCCESS,INFO,12803,12803,0,,2026-08-31T19:06:18.658Z,2026-08-31T21:16:41.151Z,7823,2026-08-31T21:16:41.151Z,WIL,Wilson,79f5b39e-d314-4ad3-8050-3ace553d67de,SAMMS-Wilson
202608312116372553,202608311905653040,202608311905652236,85,231,Bronze INV,br_AdmissionAssessment,TASK_COMPLETE,SUCCESS,INFO,239,239,0,,2026-08-31T19:06:18.658Z,2026-08-31T21:16:41.151Z,7823,2026-08-31T21:16:41.151Z,B12B,Colorado Springs,79f5b39e-d314-4ad3-8050-3ace553d67de,SAMMS-ColoradoSpringsV5
202608312116372554,202608311905653041,202608311905652236,85,232,Bronze INV,br_AdmissionAssessment,TASK_COMPLETE,SUCCESS,INFO,8,8,0,,2026-08-31T19:06:18.658Z,2026-08-31T21:16:41.151Z,7823,2026-08-31T21:16:41.151Z,B24,Paintsville,79f5b39e-d314-4ad3-8050-3ace553d67de,SAMMS-PaintsvilleV5
202608312116372556,202608311905653042,202608311905652236,85,233,Bronze INV,br_AdmissionAssessment,TASK_COMPLETE,SUCCESS,INFO,2,2,0,,2026-08-31T19:06:18.658Z,2026-08-31T21:16:41.151Z,7823,2026-08-31T21:16:41.151Z,B25,Pikeville,79f5b39e-d314-4ad3-8050-3ace553d67de,SAMMS-PikevilleV5
202608312116372557,202608311905653043,202608311905652236,85,234,Bronze INV,br_AdmissionAssessment,TASK_COMPLETE,SUCCESS,INFO,0,0,0,,2026-08-31T19:06:18.658Z,2026-08-31T21:16:41.151Z,7823,2026-08-31T21:16:41.151Z,B26,Hazard,79f5b39e-d314-4ad3-8050-3ace553d67de,SAMMS-HazardV5
202608312116372558,202608311905653044,202608311905652236,85,235,Bronze INV,br_AdmissionAssessment,TASK_COMPLETE,SUCCESS,INFO,51,51,0,,2026-08-31T19:06:18.658Z,2026-08-31T21:16:41.151Z,7823,2026-08-31T21:16:41.151Z,B27,Savannah,79f5b39e-d314-4ad3-8050-3ace553d67de,SAMMS-SavannahV6
202608312116372559,202608311905653045,202608311905652236,85,236,Bronze INV,br_AdmissionAssessment,TASK_COMPLETE,SUCCESS,INFO,98,98,0,,2026-08-31T19:06:18.658Z,2026-08-31T21:16:41.151Z,7823,2026-08-31T21:16:41.151Z,B28,West Plains,79f5b39e-d314-4ad3-8050-3ace553d67de,SAMMS-WestPlainesV5
202608312116372560,202608311905653046,202608311905652236,85,237,Bronze INV,br_AdmissionAssessment,TASK_COMPLETE,SUCCESS,INFO,81,81,0,,2026-08-31T19:06:18.658Z,2026-08-31T21:16:41.151Z,7823,2026-08-31T21:16:41.151Z,B29,Poplar Bluff,79f5b39e-d314-4ad3-8050-3ace553d67de,SAMMS-PoplarBluffV5
202608312116372561,202608311905653047,202608311905652236,85,238,Bronze INV,br_AdmissionAssessment,TASK_COMPLETE,SUCCESS,INFO,76,76,0,,2026-08-31T19:06:18.658Z,2026-08-31T21:16:41.151Z,7823,2026-08-31T21:16:41.151Z,B30,KC North,79f5b39e-d314-4ad3-8050-3ace553d67de,SAMMS-KCNv5
202608312116372562,202608311905653048,202608311905652236,85,239,Bronze INV,br_AdmissionAssessment,TASK_COMPLETE,SUCCESS,INFO,114,114,0,,2026-08-31T19:06:18.658Z,2026-08-31T21:16:41.151Z,7823,2026-08-31T21:16:41.151Z,B31,Dyersburg,79f5b39e-d314-4ad3-8050-3ace553d67de,SAMMS-DyersburgV5
202608312116372563,202608311905653049,202608311905652236,85,241,Bronze INV,br_AdmissionAssessment,TASK_COMPLETE,SUCCESS,INFO,1,1,0,,2026-08-31T19:06:18.658Z,2026-08-31T21:16:41.151Z,7823,2026-08-31T21:16:41.151Z,B33,Paducah,79f5b39e-d314-4ad3-8050-3ace553d67de,SAMMS-Paducah
202608312116372564,202608311905653050,202608311905652236,85,242,Bronze INV,br_AdmissionAssessment,TASK_COMPLETE,SUCCESS,INFO,1,1,0,,2026-08-31T19:06:18.658Z,2026-08-31T21:16:41.151Z,7823,2026-08-31T21:16:41.151Z,B34,Corbin,79f5b39e-d314-4ad3-8050-3ace553d67de,SAMMS-CorbinV5
202608312116372565,202608311905653051,202608311905652236,85,243,Bronze INV,br_AdmissionAssessment,TASK_COMPLETE,SUCCESS,INFO,5,5,0,,2026-08-31T19:06:18.658Z,2026-08-31T21:16:41.151Z,7823,2026-08-31T21:16:41.151Z,B35,Lexington,79f5b39e-d314-4ad3-8050-3ace553d67de,SAMMS-LexingtonV5
202608312116372566,202608311905653052,202608311905652236,85,244,Bronze INV,br_AdmissionAssessment,TASK_COMPLETE,SUCCESS,INFO,4,4,0,,2026-08-31T19:06:18.658Z,2026-08-31T21:16:41.151Z,7823,2026-08-31T21:16:41.151Z,B35A,Berea,79f5b39e-d314-4ad3-8050-3ace553d67de,SAMMS-BereaV5
202608312116372567,202608311905653053,202608311905652236,85,245,Bronze INV,br_AdmissionAssessment,TASK_COMPLETE,SUCCESS,INFO,187,187,0,,2026-08-31T19:06:18.658Z,2026-08-31T21:16:41.151Z,7823,2026-08-31T21:16:41.151Z,B36,Asheville,79f5b39e-d314-4ad3-8050-3ace553d67de,SAMMS-AshevilleV5
202608312116372569,202608311905653054,202608311905652236,85,246,Bronze INV,br_AdmissionAssessment,TASK_COMPLETE,SUCCESS,INFO,140,140,0,,2026-08-31T19:06:18.658Z,2026-08-31T21:16:41.151Z,7823,2026-08-31T21:16:41.151Z,B37,Clyde,79f5b39e-d314-4ad3-8050-3ace553d67de,SAMMS-ClydeV5
202608312116372570,202608311905653055,202608311905652236,85,247,Bronze INV,br_AdmissionAssessment,TASK_COMPLETE,SUCCESS,INFO,188,188,0,,2026-08-31T19:06:18.658Z,2026-08-31T21:16:41.151Z,7823,2026-08-31T21:16:41.151Z,B38,Spartanburg,79f5b39e-d314-4ad3-8050-3ace553d67de,SAMMS-SpartanburgV5
202608312116372571,202608311905653056,202608311905652236,85,248,Bronze INV,br_AdmissionAssessment,TASK_COMPLETE,SUCCESS,INFO,165,165,0,,2026-08-31T19:06:18.658Z,2026-08-31T21:16:41.151Z,7823,2026-08-31T21:16:41.151Z,B39,Aiken,79f5b39e-d314-4ad3-8050-3ace553d67de,SAMMS-AikenV5
202608312116372572,202608311905653057,202608311905652236,85,249,Bronze INV,br_AdmissionAssessment,TASK_COMPLETE,SUCCESS,INFO,2,2,0,,2026-08-31T19:06:18.658Z,2026-08-31T21:16:41.151Z,7823,2026-08-31T21:16:41.151Z,B41,Chesapeake,79f5b39e-d314-4ad3-8050-3ace553d67de,SAMMS-ChesapeakeV5
202608312116372573,202608311905653058,202608311905652236,85,250,Bronze INV,br_AdmissionAssessment,TASK_COMPLETE,SUCCESS,INFO,1,1,0,,2026-08-31T19:06:18.658Z,2026-08-31T21:16:41.151Z,7823,2026-08-31T21:16:41.151Z,B42,Virginia Beach,79f5b39e-d314-4ad3-8050-3ace553d67de,SAMMS-VirginiaBeachV5
202608312116372574,202608311905653059,202608311905652236,85,251,Bronze INV,br_AdmissionAssessment,TASK_COMPLETE,SUCCESS,INFO,1,1,0,,2026-08-31T19:06:18.658Z,2026-08-31T21:16:41.151Z,7823,2026-08-31T21:16:41.151Z,B42A,Newport News,79f5b39e-d314-4ad3-8050-3ace553d67de,SAMMS-NewportNewsV5
202608312116372575,202608311905653060,202608311905652236,85,252,Bronze INV,br_AdmissionAssessment,TASK_COMPLETE,SUCCESS,INFO,0,0,0,,2026-08-31T19:06:18.658Z,2026-08-31T21:16:41.151Z,7823,2026-08-31T21:16:41.151Z,B42B,Franklin,79f5b39e-d314-4ad3-8050-3ace553d67de,SAMMS-FranklinV5
202608312116372576,202608311905653061,202608311905652236,85,253,Bronze INV,br_AdmissionAssessment,TASK_COMPLETE,SUCCESS,INFO,2,2,0,,2026-08-31T19:06:18.658Z,2026-08-31T21:16:41.151Z,7823,2026-08-31T21:16:41.151Z,B42C,Glen Allen,79f5b39e-d314-4ad3-8050-3ace553d67de,SAMMS-GlenAllenV5
202608312116372577,202608311905653062,202608311905652236,85,254,Bronze INV,br_AdmissionAssessment,TASK_COMPLETE,SUCCESS,INFO,1,1,0,,2026-08-31T19:06:18.658Z,2026-08-31T21:16:41.151Z,7823,2026-08-31T21:16:41.151Z,B42D,Chesapeake South,79f5b39e-d314-4ad3-8050-3ace553d67de,SAMMS-ChesapeakeSouthV5
202608312116372578,202608311905653063,202608311905652236,85,255,Bronze INV,br_AdmissionAssessment,TASK_COMPLETE,SUCCESS,INFO,54,54,0,,2026-08-31T19:06:18.658Z,2026-08-31T21:16:41.151Z,7823,2026-08-31T21:16:41.151Z,B44,Albany,79f5b39e-d314-4ad3-8050-3ace553d67de,SAMMS-AlbanyV5
202608312116372579,202608311905653064,202608311905652236,85,256,Bronze INV,br_AdmissionAssessment,TASK_COMPLETE,SUCCESS,INFO,64,64,0,,2026-08-31T19:06:18.658Z,2026-08-31T21:16:41.151Z,7823,2026-08-31T21:16:41.151Z,B45,Tifton,79f5b39e-d314-4ad3-8050-3ace553d67de,SAMMS-TiftonV5
202608312116372581,202608311905653065,202608311905652236,85,257,Bronze INV,br_AdmissionAssessment,TASK_COMPLETE,SUCCESS,INFO,342,342,0,,2026-08-31T19:06:18.658Z,2026-08-31T21:16:41.151Z,7823,2026-08-31T21:16:41.151Z,B46,Washington DC,79f5b39e-d314-4ad3-8050-3ace553d67de,SAMMS-WashingtonDCv5
202608312116372582,202608311905653066,202608311905652236,85,258,Bronze INV,br_AdmissionAssessment,TASK_COMPLETE,SUCCESS,INFO,94,94,0,,2026-08-31T19:06:18.658Z,2026-08-31T21:16:41.151Z,7823,2026-08-31T21:16:41.151Z,B47,Mobile,79f5b39e-d314-4ad3-8050-3ace553d67de,SAMMS-MobileV5
202608312116372583,202608311905653067,202608311905652236,85,259,Bronze INV,br_AdmissionAssessment,TASK_COMPLETE,SUCCESS,INFO,154,154,0,,2026-08-31T19:06:18.658Z,2026-08-31T21:16:41.151Z,7823,2026-08-31T21:16:41.151Z,B48,Tuscaloosa,79f5b39e-d314-4ad3-8050-3ace553d67de,SAMMS-TuscaloosaV5
202608312116372584,202608311905653068,202608311905652236,85,268,Bronze INV,br_AdmissionAssessment,TASK_COMPLETE,SUCCESS,INFO,80,80,0,,2026-08-31T19:06:18.658Z,2026-08-31T21:16:41.151Z,7823,2026-08-31T21:16:41.151Z,B51,N. Little Rock (OTP),79f5b39e-d314-4ad3-8050-3ace553d67de,SAMMS-NorthLittleRockV6
202608312116372585,202608311905653069,202608311905652236,85,269,Bronze INV,br_AdmissionAssessment,TASK_COMPLETE,SUCCESS,INFO,48,48,0,,2026-08-31T19:06:18.658Z,2026-08-31T21:16:41.151Z,7823,2026-08-31T21:16:41.151Z,B52,Jackson GA,79f5b39e-d314-4ad3-8050-3ace553d67de,SAMMS-JacksonGAV5
202608312116372586,202608311905653070,202608311905652236,85,270,Bronze INV,br_AdmissionAssessment,TASK_COMPLETE,SUCCESS,INFO,164,164,0,,2026-08-31T19:06:18.658Z,2026-08-31T21:16:41.151Z,7823,2026-08-31T21:16:41.151Z,B54,Gadsden,79f5b39e-d314-4ad3-8050-3ace553d67de,SAMMS-GadsdenV5
202608312116372587,202608311905653071,202608311905652236,85,271,Bronze INV,br_AdmissionAssessment,TASK_COMPLETE,SUCCESS,INFO,157,157,0,,2026-08-31T19:06:18.658Z,2026-08-31T21:16:41.151Z,7823,2026-08-31T21:16:41.151Z,B55,Shoals,79f5b39e-d314-4ad3-8050-3ace553d67de,SAMMS-ShoalsV5
202608312116372588,202608311905653072,202608311905652236,85,272,Bronze INV,br_AdmissionAssessment,TASK_COMPLETE,SUCCESS,INFO,40,40,0,,2026-08-31T19:06:18.658Z,2026-08-31T21:16:41.151Z,7823,2026-08-31T21:16:41.151Z,B57,Pawtucket,79f5b39e-d314-4ad3-8050-3ace553d67de,SAMMS-Pawtucket
202608312116372589,202608311905653073,202608311905652236,85,273,Bronze INV,br_AdmissionAssessment,TASK_COMPLETE,SUCCESS,INFO,82,82,0,,2026-08-31T19:06:18.658Z,2026-08-31T21:16:41.151Z,7823,2026-08-31T21:16:41.151Z,B57A,Johnston,79f5b39e-d314-4ad3-8050-3ace553d67de,SAMMS-Johnston
202608312116372590,202608311905653074,202608311905652236,85,274,Bronze INV,br_AdmissionAssessment,TASK_COMPLETE,SUCCESS,INFO,41,41,0,,2026-08-31T19:06:18.658Z,2026-08-31T21:16:41.151Z,7823,2026-08-31T21:16:41.151Z,B57B,Middletown,79f5b39e-d314-4ad3-8050-3ace553d67de,SAMMS-Middletown
202608312116372591,202608311905653075,202608311905652236,85,275,Bronze INV,br_AdmissionAssessment,TASK_COMPLETE,SUCCESS,INFO,74,74,0,,2026-08-31T19:06:18.658Z,2026-08-31T21:16:41.151Z,7823,2026-08-31T21:16:41.151Z,B57C,Providence,79f5b39e-d314-4ad3-8050-3ace553d67de,SAMMS-Providence
202608312116372593,202608311905653076,202608311905652236,85,276,Bronze INV,br_AdmissionAssessment,TASK_COMPLETE,SUCCESS,INFO,80,80,0,,2026-08-31T19:06:18.658Z,2026-08-31T21:16:41.151Z,7823,2026-08-31T21:16:41.151Z,B57D,Westerly,79f5b39e-d314-4ad3-8050-3ace553d67de,SAMMS-Westerly
202608312116372594,202608311905653077,202608311905652236,85,280,Bronze INV,br_AdmissionAssessment,TASK_COMPLETE,SUCCESS,INFO,82,82,0,,2026-08-31T19:06:18.658Z,2026-08-31T21:16:41.151Z,7823,2026-08-31T21:16:41.151Z,B66A,Bremen,79f5b39e-d314-4ad3-8050-3ace553d67de,SAMMS-Bremen
202608312116372595,202608311905653078,202608311905652236,85,283,Bronze INV,br_AdmissionAssessment,TASK_COMPLETE,SUCCESS,INFO,26,26,0,,2026-08-31T19:06:18.658Z,2026-08-31T21:16:41.151Z,7823,2026-08-31T21:16:41.151Z,B72,Mobile (OBOT),79f5b39e-d314-4ad3-8050-3ace553d67de,SAMMS-Mobile-OBOT
202608312116372596,202608311905653079,202608311905652236,85,284,Bronze INV,br_AdmissionAssessment,TASK_COMPLETE,SUCCESS,INFO,2,2,0,,2026-08-31T19:06:18.658Z,2026-08-31T21:16:41.151Z,7823,2026-08-31T21:16:41.151Z,B73,Montgomery,79f5b39e-d314-4ad3-8050-3ace553d67de,SAMMS-Montgomery
202608312116372597,202608311905653080,202608311905652236,85,285,Bronze INV,br_AdmissionAssessment,TASK_COMPLETE,SUCCESS,INFO,104,104,0,,2026-08-31T19:06:18.658Z,2026-08-31T21:16:41.151Z,7823,2026-08-31T21:16:41.151Z,B75,Lawrence,79f5b39e-d314-4ad3-8050-3ace553d67de,SAMMS-LawrenceV6
202608312116372598,202608311905653081,202608311905652236,85,286,Bronze INV,br_AdmissionAssessment,TASK_COMPLETE,SUCCESS,INFO,50,50,0,,2026-08-31T19:06:18.658Z,2026-08-31T21:16:41.151Z,7823,2026-08-31T21:16:41.151Z,B76,Huntsville OBOT,79f5b39e-d314-4ad3-8050-3ace553d67de,SAMMS-Huntsville-OBOT
202608312116372599,202608311905653082,202608311905652236,85,287,Bronze INV,br_AdmissionAssessment,TASK_COMPLETE,SUCCESS,INFO,129,129,0,,2026-08-31T19:06:18.658Z,2026-08-31T21:16:41.151Z,7823,2026-08-31T21:16:41.151Z,BAT,Batesville,79f5b39e-d314-4ad3-8050-3ace553d67de,SAMMS-Batesville
202608312116372601,202608311905653083,202608311905652236,85,288,Bronze INV,br_AdmissionAssessment,TASK_COMPLETE,SUCCESS,INFO,0,0,0,,2026-08-31T19:06:18.658Z,2026-08-31T21:16:41.151Z,7823,2026-08-31T21:16:41.151Z,BG,Bowling Green,79f5b39e-d314-4ad3-8050-3ace553d67de,SAMMS-BowlingGreen
202608312116372602,202608311905653084,202608311905652236,85,289,Bronze INV,br_AdmissionAssessment,TASK_COMPLETE,SUCCESS,INFO,86,86,0,,2026-08-31T19:06:18.658Z,2026-08-31T21:16:41.151Z,7823,2026-08-31T21:16:41.151Z,BOI,Boise,79f5b39e-d314-4ad3-8050-3ace553d67de,SAMMS-Boise
202608312116372603,202608311905653085,202608311905652236,85,296,Bronze INV,br_AdmissionAssessment,TASK_COMPLETE,SUCCESS,INFO,58,58,0,,2026-08-31T19:06:18.658Z,2026-08-31T21:16:41.151Z,7823,2026-08-31T21:16:41.151Z,CBCO,Coeur dAlene,79f5b39e-d314-4ad3-8050-3ace553d67de,SAMMS-CoeurdAleneV6
202608312116372604,202608311905653086,202608311905652236,85,315,Bronze INV,br_AdmissionAssessment,TASK_COMPLETE,SUCCESS,INFO,126,126,0,,2026-08-31T19:06:18.658Z,2026-08-31T21:16:41.151Z,7823,2026-08-31T21:16:41.151Z,CON,Conway,79f5b39e-d314-4ad3-8050-3ace553d67de,SAMMS-Conway
202608312116372605,202608311905653087,202608311905652236,85,316,Bronze INV,br_AdmissionAssessment,TASK_COMPLETE,SUCCESS,INFO,149,149,0,,2026-08-31T19:06:18.658Z,2026-08-31T21:16:41.151Z,7823,2026-08-31T21:16:41.151Z,D07,Medical Services Knox TN,79f5b39e-d314-4ad3-8050-3ace553d67de,SAMMS-KnoxvilleV6
202608312116372606,202608311905653088,202608311905652236,85,317,Bronze INV,br_AdmissionAssessment,TASK_COMPLETE,SUCCESS,INFO,179,179,0,,2026-08-31T19:06:18.658Z,2026-08-31T21:16:41.151Z,7823,2026-08-31T21:16:41.151Z,D08,Madison,79f5b39e-d314-4ad3-8050-3ace553d67de,SAMMS-MadisonV6
202608312116372607,202608311905653089,202608311905652236,85,319,Bronze INV,br_AdmissionAssessment,TASK_COMPLETE,SUCCESS,INFO,205,205,0,,2026-08-31T19:06:18.658Z,2026-08-31T21:16:41.151Z,7823,2026-08-31T21:16:41.151Z,D09,Murfreesboro,79f5b39e-d314-4ad3-8050-3ace553d67de,SAMMS-MurfreesboroV6
202608312116372608,202608311905653090,202608311905652236,85,320,Bronze INV,br_AdmissionAssessment,TASK_COMPLETE,SUCCESS,INFO,80,80,0,,2026-08-31T19:06:18.658Z,2026-08-31T21:16:41.151Z,7823,2026-08-31T21:16:41.151Z,DA,Davenport,79f5b39e-d314-4ad3-8050-3ace553d67de,SAMMS-Davenport
202608312116372609,202608311905653091,202608311905652236,85,321,Bronze INV,br_AdmissionAssessment,TASK_COMPLETE,SUCCESS,INFO,137,137,0,,2026-08-31T19:06:18.658Z,2026-08-31T21:16:41.151Z,7823,2026-08-31T21:16:41.151Z,DM,Des Moines,79f5b39e-d314-4ad3-8050-3ace553d67de,SAMMS-DesMoines
202608312116372611,202608311905653092,202608311905652236,85,323,Bronze INV,br_AdmissionAssessment,TASK_COMPLETE,SUCCESS,INFO,145,145,0,,2026-08-31T19:06:18.658Z,2026-08-31T21:16:41.151Z,7823,2026-08-31T21:16:41.151Z,DRD-CO,Columbia MO,79f5b39e-d314-4ad3-8050-3ace553d67de,SAMMS-ColumbiaV5
202608312116372612,202608311905653093,202608311905652236,85,324,Bronze INV,br_AdmissionAssessment,TASK_COMPLETE,SUCCESS,INFO,159,159,0,,2026-08-31T19:06:18.658Z,2026-08-31T21:16:41.151Z,7823,2026-08-31T21:16:41.151Z,DRD-KC,KC,79f5b39e-d314-4ad3-8050-3ace553d67de,SAMMS-KCv5
202608312116372613,202608311905653094,202608311905652236,85,325,Bronze INV,br_AdmissionAssessment,TASK_COMPLETE,SUCCESS,INFO,122,122,0,,2026-08-31T19:06:18.658Z,2026-08-31T21:16:41.151Z,7823,2026-08-31T21:16:41.151Z,DRD-KVB,KVB,79f5b39e-d314-4ad3-8050-3ace553d67de,SAMMS-KVBv5
202608312116372614,202608311905653095,202608311905652236,85,326,Bronze INV,br_AdmissionAssessment,TASK_COMPLETE,SUCCESS,INFO,367,367,0,,2026-08-31T19:06:18.658Z,2026-08-31T21:16:41.151Z,7823,2026-08-31T21:16:41.151Z,DRD-KVC,KVC,79f5b39e-d314-4ad3-8050-3ace553d67de,SAMMS-KVCv5
202608312116372615,202608311905653096,202608311905652236,85,327,Bronze INV,br_AdmissionAssessment,TASK_COMPLETE,SUCCESS,INFO,324,324,0,,2026-08-31T19:06:18.658Z,2026-08-31T21:16:41.151Z,7823,2026-08-31T21:16:41.151Z,DRD-NOLA,NOLA,79f5b39e-d314-4ad3-8050-3ace553d67de,SAMMS-NOLAv5
202608292054379521,202608291904434923,202608291904434406,85,2354,Bronze INV,br_LabResult,TASK_COMPLETE,SUCCESS,INFO,9546,9546,0,,2026-08-29T19:04:49.126Z,2026-08-29T20:54:41.421Z,6592,2026-08-29T20:54:41.421Z,ELC,Elizabeth City,dd7385f2-fbd4-41a4-afcd-7296aca5e198,SAMMS-ElizabethCity
202608292054379522,202608291904434924,202608291904434406,85,2355,Bronze INV,br_LabResult,TASK_COMPLETE,SUCCESS,INFO,2231,2231,0,,2026-08-29T19:04:49.126Z,2026-08-29T20:54:41.421Z,6592,2026-08-29T20:54:41.421Z,ET,Elizabethtown,dd7385f2-fbd4-41a4-afcd-7296aca5e198,SAMMS-Elizabethtown
202608292054379523,202608291904434925,202608291904434406,85,2356,Bronze INV,br_LabResult,TASK_COMPLETE,SUCCESS,INFO,1,1,0,,2026-08-29T19:04:49.126Z,2026-08-29T20:54:41.421Z,6592,2026-08-29T20:54:41.421Z,FAY,Fayetteville,dd7385f2-fbd4-41a4-afcd-7296aca5e198,SAMMS-Fayetteville
202608292054379524,202608291904434926,202608291904434406,85,2357,Bronze INV,br_LabResult,TASK_COMPLETE,SUCCESS,INFO,5345,5345,0,,2026-08-29T19:04:49.126Z,2026-08-29T20:54:41.421Z,6592,2026-08-29T20:54:41.421Z,FR,Frankfort,dd7385f2-fbd4-41a4-afcd-7296aca5e198,SAMMS-Frankfort
202608292054379525,202608291904434927,202608291904434406,85,2358,Bronze INV,br_LabResult,TASK_COMPLETE,SUCCESS,INFO,2,2,0,,2026-08-29T19:04:49.126Z,2026-08-29T20:54:41.421Z,6592,2026-08-29T20:54:41.421Z,FS,Fort Smith,dd7385f2-fbd4-41a4-afcd-7296aca5e198,SAMMS-FortSmith
202608292054379526,202608291904434928,202608291904434406,85,2359,Bronze INV,br_LabResult,TASK_COMPLETE,SUCCESS,INFO,9167,9167,0,,2026-08-29T19:04:49.126Z,2026-08-29T20:54:41.421Z,6592,2026-08-29T20:54:41.421Z,FW,Fort Wayne,dd7385f2-fbd4-41a4-afcd-7296aca5e198,SAMMS-FortWayne
202608292054379527,202608291904434929,202608291904434406,85,2360,Bronze INV,br_LabResult,TASK_COMPLETE,SUCCESS,INFO,2,2,0,,2026-08-29T19:04:49.126Z,2026-08-29T20:54:41.421Z,6592,2026-08-29T20:54:41.421Z,GAL,Gaylord,dd7385f2-fbd4-41a4-afcd-7296aca5e198,SAMMS-Gaylord
202608292054379529,202608291904434930,202608291904434406,85,2364,Bronze INV,br_LabResult,TASK_COMPLETE,SUCCESS,INFO,4667,4667,0,,2026-08-29T19:04:49.126Z,2026-08-29T20:54:41.421Z,6592,2026-08-29T20:54:41.421Z,HGT,Hagerstown,dd7385f2-fbd4-41a4-afcd-7296aca5e198,SAMMS-Hagerstown
202608292054379530,202608291904434931,202608291904434406,85,2365,Bronze INV,br_LabResult,TASK_COMPLETE,SUCCESS,INFO,645,645,0,,2026-08-29T19:04:49.126Z,2026-08-29T20:54:41.421Z,6592,2026-08-29T20:54:41.421Z,HNT,Huntsville,dd7385f2-fbd4-41a4-afcd-7296aca5e198,SAMMS-Huntsville
202608292054379531,202608291904434932,202608291904434406,85,2366,Bronze INV,br_LabResult,TASK_COMPLETE,SUCCESS,INFO,1,1,0,,2026-08-29T19:04:49.126Z,2026-08-29T20:54:41.421Z,6592,2026-08-29T20:54:41.421Z,HS,Hot Springs,dd7385f2-fbd4-41a4-afcd-7296aca5e198,SAMMS-HotSprings
202608292054379532,202608291904434933,202608291904434406,85,2367,Bronze INV,br_LabResult,TASK_COMPLETE,SUCCESS,INFO,2,2,0,,2026-08-29T19:04:49.126Z,2026-08-29T20:54:41.421Z,6592,2026-08-29T20:54:41.421Z,JON,Jonesboro,dd7385f2-fbd4-41a4-afcd-7296aca5e198,SAMMS-Jonesboro
202608292054379533,202608291904434934,202608291904434406,85,2369,Bronze INV,br_LabResult,TASK_COMPLETE,SUCCESS,INFO,3,3,0,,2026-08-29T19:04:49.126Z,2026-08-29T20:54:41.421Z,6592,2026-08-29T20:54:41.421Z,LAN,Lansing,dd7385f2-fbd4-41a4-afcd-7296aca5e198,SAMMS-Lansing
202608292054379534,202608291904434935,202608291904434406,85,2370,Bronze INV,br_LabResult,TASK_COMPLETE,SUCCESS,INFO,27824,27824,0,,2026-08-29T19:04:49.126Z,2026-08-29T20:54:41.421Z,6592,2026-08-29T20:54:41.421Z,LO,Louisville,dd7385f2-fbd4-41a4-afcd-7296aca5e198,SAMMS-Louisville
202608292054379536,202608291904434936,202608291904434406,85,2371,Bronze INV,br_LabResult,TASK_COMPLETE,SUCCESS,INFO,6521,6521,0,,2026-08-29T19:04:49.126Z,2026-08-29T20:54:41.421Z,6592,2026-08-29T20:54:41.421Z,LV1,Cheyenne,dd7385f2-fbd4-41a4-afcd-7296aca5e198,SAMMS-Cheyenne
202608292054379537,202608291904434937,202608291904434406,85,2372,Bronze INV,br_LabResult,TASK_COMPLETE,SUCCESS,INFO,9268,9268,0,,2026-08-29T19:04:49.126Z,2026-08-29T20:54:41.421Z,6592,2026-08-29T20:54:41.421Z,LV2,Desert Inn,dd7385f2-fbd4-41a4-afcd-7296aca5e198,SAMMS-DesertInn
202608292054379538,202608291904434938,202608291904434406,85,2373,Bronze INV,br_LabResult,TASK_COMPLETE,SUCCESS,INFO,1876,1876,0,,2026-08-29T19:04:49.126Z,2026-08-29T20:54:41.421Z,6592,2026-08-29T20:54:41.421Z,LV3,McDaniel,dd7385f2-fbd4-41a4-afcd-7296aca5e198,SAMMS-McDaniel
202608292054379539,202608291904434939,202608291904434406,85,2376,Bronze INV,br_LabResult,TASK_COMPLETE,SUCCESS,INFO,2,2,0,,2026-08-29T19:04:49.126Z,2026-08-29T20:54:41.421Z,6592,2026-08-29T20:54:41.421Z,MNRE,Monroe,dd7385f2-fbd4-41a4-afcd-7296aca5e198,SAMMS-Monroe
202608292054379540,202608291904434940,202608291904434406,85,2377,Bronze INV,br_LabResult,TASK_COMPLETE,SUCCESS,INFO,1,1,0,,2026-08-29T19:04:49.126Z,2026-08-29T20:54:41.421Z,6592,2026-08-29T20:54:41.421Z,MP,Mt. Pleasant,dd7385f2-fbd4-41a4-afcd-7296aca5e198,SAMMS-MtPleasant
202608292054379542,202608291904434941,202608291904434406,85,2378,Bronze INV,br_LabResult,TASK_COMPLETE,SUCCESS,INFO,255,255,0,,2026-08-29T19:04:49.126Z,2026-08-29T20:54:41.421Z,6592,2026-08-29T20:54:41.421Z,MRD,Meridian,dd7385f2-fbd4-41a4-afcd-7296aca5e198,SAMMS-Meridian
202608292054379543,202608291904434942,202608291904434406,85,2383,Bronze INV,br_LabResult,TASK_COMPLETE,SUCCESS,INFO,7508,7508,0,,2026-08-29T19:04:49.126Z,2026-08-29T20:54:41.421Z,6592,2026-08-29T20:54:41.421Z,NC,North Charleston,dd7385f2-fbd4-41a4-afcd-7296aca5e198,SAMMS-NorthCharleston
202608292054379544,202608291904434943,202608291904434406,85,2384,Bronze INV,br_LabResult,TASK_COMPLETE,SUCCESS,INFO,2,2,0,,2026-08-29T19:04:49.126Z,2026-08-29T20:54:41.421Z,6592,2026-08-29T20:54:41.421Z,NLR,N. Little Rock,dd7385f2-fbd4-41a4-afcd-7296aca5e198,SAMMS-NLROBOT
202608292054379546,202608291904434944,202608291904434406,85,2385,Bronze INV,br_LabResult,TASK_COMPLETE,SUCCESS,INFO,1914,1914,0,,2026-08-29T19:04:49.126Z,2026-08-29T20:54:41.421Z,6592,2026-08-29T20:54:41.421Z,PH,Phoenix,dd7385f2-fbd4-41a4-afcd-7296aca5e198,SAMMS-Phoenix
202608292054379547,202608291904434945,202608291904434406,85,2389,Bronze INV,br_LabResult,TASK_COMPLETE,SUCCESS,INFO,18872,18872,0,,2026-08-29T19:04:49.126Z,2026-08-29T20:54:41.421Z,6592,2026-08-29T20:54:41.421Z,RE,Reno,dd7385f2-fbd4-41a4-afcd-7296aca5e198,SAMMS-Reno
202608292054379548,202608291904434946,202608291904434406,85,2390,Bronze INV,br_LabResult,TASK_COMPLETE,SUCCESS,INFO,2006,2006,0,,2026-08-29T19:04:49.126Z,2026-08-29T20:54:41.421Z,6592,2026-08-29T20:54:41.421Z,RMD,Richmond,dd7385f2-fbd4-41a4-afcd-7296aca5e198,SAMMS-Richmond
202608292054379549,202608291904434947,202608291904434406,85,2391,Bronze INV,br_LabResult,TASK_COMPLETE,SUCCESS,INFO,3672,3672,0,,2026-08-29T19:04:49.126Z,2026-08-29T20:54:41.421Z,6592,2026-08-29T20:54:41.421Z,SFN,Springfield North,dd7385f2-fbd4-41a4-afcd-7296aca5e198,SAMMS-SFNv5
202608292054379550,202608291904434948,202608291904434406,85,2392,Bronze INV,br_LabResult,TASK_COMPLETE,SUCCESS,INFO,156,156,0,,2026-08-29T19:04:49.126Z,2026-08-29T20:54:41.421Z,6592,2026-08-29T20:54:41.421Z,SHP,Shreveport,dd7385f2-fbd4-41a4-afcd-7296aca5e198,SAMMS-Shreveport
202608292054379551,202608291904434949,202608291904434406,85,2394,Bronze INV,br_LabResult,TASK_COMPLETE,SUCCESS,INFO,4,4,0,,2026-08-29T19:04:49.126Z,2026-08-29T20:54:41.421Z,6592,2026-08-29T20:54:41.421Z,STN,Staunton,dd7385f2-fbd4-41a4-afcd-7296aca5e198,SAMMS-Staunton
202608292054379552,202608291904434950,202608291904434406,85,2395,Bronze INV,br_LabResult,TASK_COMPLETE,SUCCESS,INFO,245,245,0,,2026-08-29T19:04:49.126Z,2026-08-29T20:54:41.421Z,6592,2026-08-29T20:54:41.421Z,STVN,Stevenson,dd7385f2-fbd4-41a4-afcd-7296aca5e198,SAMMS-Stevenson
202608292054379554,202608291904434951,202608291904434406,85,2397,Bronze INV,br_LabResult,TASK_COMPLETE,SUCCESS,INFO,5278,5278,0,,2026-08-29T19:04:49.126Z,2026-08-29T20:54:41.421Z,6592,2026-08-29T20:54:41.421Z,TE,Tempe,dd7385f2-fbd4-41a4-afcd-7296aca5e198,SAMMS-Tempe
202608292054379555,202608291904434952,202608291904434406,85,2398,Bronze INV,br_LabResult,TASK_COMPLETE,SUCCESS,INFO,2,2,0,,2026-08-29T19:04:49.126Z,2026-08-29T20:54:41.421Z,6592,2026-08-29T20:54:41.421Z,TEX,Texarkana,dd7385f2-fbd4-41a4-afcd-7296aca5e198,SAMMS-Texarkana
202608292054379556,202608291904434953,202608291904434406,85,2399,Bronze INV,br_LabResult,TASK_COMPLETE,SUCCESS,INFO,1672,1672,0,,2026-08-29T19:04:49.126Z,2026-08-29T20:54:41.421Z,6592,2026-08-29T20:54:41.421Z,TTCA,Bessemer,dd7385f2-fbd4-41a4-afcd-7296aca5e198,SAMMS-BessemerV5
202608292054379557,202608291904434954,202608291904434406,85,2400,Bronze INV,br_LabResult,TASK_COMPLETE,SUCCESS,INFO,2101,2101,0,,2026-08-29T19:04:49.126Z,2026-08-29T20:54:41.421Z,6592,2026-08-29T20:54:41.421Z,TTCB,Cullman,dd7385f2-fbd4-41a4-afcd-7296aca5e198,SAMMS-CullmanV5
202608292054379558,202608291904434955,202608291904434406,85,2401,Bronze INV,br_LabResult,TASK_COMPLETE,SUCCESS,INFO,4,4,0,,2026-08-29T19:04:49.126Z,2026-08-29T20:54:41.421Z,6592,2026-08-29T20:54:41.421Z,TTCC,Grand Bay,dd7385f2-fbd4-41a4-afcd-7296aca5e198,SAMMS-GrandBay
202608292054379559,202608291904434956,202608291904434406,85,2402,Bronze INV,br_LabResult,TASK_COMPLETE,SUCCESS,INFO,717,717,0,,2026-08-29T19:04:49.126Z,2026-08-29T20:54:41.421Z,6592,2026-08-29T20:54:41.421Z,TU,Tucson,dd7385f2-fbd4-41a4-afcd-7296aca5e198,SAMMS-Tucson
202608292054379561,202608291904434957,202608291904434406,85,2404,Bronze INV,br_LabResult,TASK_COMPLETE,SUCCESS,INFO,4984,4984,0,,2026-08-29T19:04:49.126Z,2026-08-29T20:54:41.421Z,6592,2026-08-29T20:54:41.421Z,V1,Memphis South,dd7385f2-fbd4-41a4-afcd-7296aca5e198,SAMMS-VCPHCS-I-MemphisV5
202608292054379562,202608291904434958,202608291904434406,85,2405,Bronze INV,br_LabResult,TASK_COMPLETE,SUCCESS,INFO,6252,6252,0,,2026-08-29T19:04:49.126Z,2026-08-29T20:54:41.421Z,6592,2026-08-29T20:54:41.421Z,V10,Longmont,dd7385f2-fbd4-41a4-afcd-7296aca5e198,SAMMS-BoulderV5
202608292054379563,202608291904434959,202608291904434406,85,2406,Bronze INV,br_LabResult,TASK_COMPLETE,SUCCESS,INFO,3562,3562,0,,2026-08-29T19:04:49.126Z,2026-08-29T20:54:41.421Z,6592,2026-08-29T20:54:41.421Z,V10A,Fort Collins,dd7385f2-fbd4-41a4-afcd-7296aca5e198,SAMMS-FortCollinsV5
202608292054379564,202608291904434960,202608291904434406,85,2407,Bronze INV,br_LabResult,TASK_COMPLETE,SUCCESS,INFO,7574,7574,0,,2026-08-29T19:04:49.126Z,2026-08-29T20:54:41.421Z,6592,2026-08-29T20:54:41.421Z,V11,Westminster,dd7385f2-fbd4-41a4-afcd-7296aca5e198,SAMMS-VCPHCS-XI-NorthDenverV5
202608292054379565,202608291904434961,202608291904434406,85,2408,Bronze INV,br_LabResult,TASK_COMPLETE,SUCCESS,INFO,10262,10262,0,,2026-08-29T19:04:49.126Z,2026-08-29T20:54:41.421Z,6592,2026-08-29T20:54:41.421Z,V12,Downtown Denver,dd7385f2-fbd4-41a4-afcd-7296aca5e198,SAMMS-VCPHCS-XII-DowntownDenverV5
202608292054379566,202608291904434962,202608291904434406,85,2409,Bronze INV,br_LabResult,TASK_COMPLETE,SUCCESS,INFO,4818,4818,0,,2026-08-29T19:04:49.126Z,2026-08-29T20:54:41.421Z,6592,2026-08-29T20:54:41.421Z,V12A,Centennial,dd7385f2-fbd4-41a4-afcd-7296aca5e198,SAMMS-CentennialV5
202608292054379567,202608291904434963,202608291904434406,85,2410,Bronze INV,br_LabResult,TASK_COMPLETE,SUCCESS,INFO,3271,3271,0,,2026-08-29T19:04:49.126Z,2026-08-29T20:54:41.421Z,6592,2026-08-29T20:54:41.421Z,V14,Overland Park,dd7385f2-fbd4-41a4-afcd-7296aca5e198,SAMMS-VCPHCS-XIV-BridgewayV5
202608292054379569,202608291904434964,202608291904434406,85,2411,Bronze INV,br_LabResult,TASK_COMPLETE,SUCCESS,INFO,2521,2521,0,,2026-08-29T19:04:49.126Z,2026-08-29T20:54:41.421Z,6592,2026-08-29T20:54:41.421Z,V15,Joplin,dd7385f2-fbd4-41a4-afcd-7296aca5e198,SAMMS-JoplinV5
202608292054379570,202608291904434965,202608291904434406,85,2413,Bronze INV,br_LabResult,TASK_COMPLETE,SUCCESS,INFO,905,905,0,,2026-08-29T19:04:49.126Z,2026-08-29T20:54:41.421Z,6592,2026-08-29T20:54:41.421Z,V17,Columbia TN,dd7385f2-fbd4-41a4-afcd-7296aca5e198,SAMMS-ColumbiaTNv5
202608292054379571,202608291904434966,202608291904434406,85,2415,Bronze INV,br_LabResult,TASK_COMPLETE,SUCCESS,INFO,4897,4897,0,,2026-08-29T19:04:49.126Z,2026-08-29T20:54:41.421Z,6592,2026-08-29T20:54:41.421Z,V19,Jackson,dd7385f2-fbd4-41a4-afcd-7296aca5e198,SAMMS-JacksonV5
202608292054379572,202608291904434967,202608291904434406,85,2417,Bronze INV,br_LabResult,TASK_COMPLETE,SUCCESS,INFO,6731,6731,0,,2026-08-29T19:04:49.126Z,2026-08-29T20:54:41.421Z,6592,2026-08-29T20:54:41.421Z,V20,Paris,dd7385f2-fbd4-41a4-afcd-7296aca5e198,SAMMS-ParisV5
202608292054379573,202608291904434968,202608291904434406,85,2418,Bronze INV,br_LabResult,TASK_COMPLETE,SUCCESS,INFO,6046,6046,0,,2026-08-29T19:04:49.126Z,2026-08-29T20:54:41.421Z,6592,2026-08-29T20:54:41.421Z,V21,Memphis North,dd7385f2-fbd4-41a4-afcd-7296aca5e198,SAMMS-RaleighV5
202608292054379575,202608291904434969,202608291904434406,85,2421,Bronze INV,br_LabResult,TASK_COMPLETE,SUCCESS,INFO,7023,7023,0,,2026-08-29T19:04:49.126Z,2026-08-29T20:54:41.421Z,6592,2026-08-29T20:54:41.421Z,V5,West Bank,dd7385f2-fbd4-41a4-afcd-7296aca5e198,SAMMS-NONTCv5
202608292054379576,202608291904434970,202608291904434406,85,2423,Bronze INV,br_LabResult,TASK_COMPLETE,SUCCESS,INFO,214,214,0,,2026-08-29T19:04:49.126Z,2026-08-29T20:54:41.421Z,6592,2026-08-29T20:54:41.421Z,V5B,Houma,dd7385f2-fbd4-41a4-afcd-7296aca5e198,SAMMS-HoumaV6
202608292054379577,202608291904434971,202608291904434406,85,2424,Bronze INV,br_LabResult,TASK_COMPLETE,SUCCESS,INFO,4809,4809,0,,2026-08-29T19:04:49.126Z,2026-08-29T20:54:41.421Z,6592,2026-08-29T20:54:41.421Z,V6,Lake Charles,dd7385f2-fbd4-41a4-afcd-7296aca5e198,SAMMS-LCv5
202608292054379578,202608291904434972,202608291904434406,85,2426,Bronze INV,br_LabResult,TASK_COMPLETE,SUCCESS,INFO,19760,19760,0,,2026-08-29T19:04:49.126Z,2026-08-29T20:54:41.421Z,6592,2026-08-29T20:54:41.421Z,V8,Memphis Midtown,dd7385f2-fbd4-41a4-afcd-7296aca5e198,SAMMS-VCPHCS-VIII-MemphisV5
202608292054379579,202608291904434973,202608291904434406,85,2427,Bronze INV,br_LabResult,TASK_COMPLETE,SUCCESS,INFO,17534,17534,0,,2026-08-29T19:04:49.126Z,2026-08-29T20:54:41.421Z,6592,2026-08-29T20:54:41.421Z,V9,Nashville,dd7385f2-fbd4-41a4-afcd-7296aca5e198,SAMMS-NashvilleV5
202608292054379580,202608291904434974,202608291904434406,85,2428,Bronze INV,br_LabResult,TASK_COMPLETE,SUCCESS,INFO,922,922,0,,2026-08-29T19:04:49.126Z,2026-08-29T20:54:41.421Z,6592,2026-08-29T20:54:41.421Z,VBRA,Brainerd,dd7385f2-fbd4-41a4-afcd-7296aca5e198,SAMMS-BrainerdV6
202608292054379582,202608291904434975,202608291904434406,85,2429,Bronze INV,br_LabResult,TASK_COMPLETE,SUCCESS,INFO,17,17,0,,2026-08-29T19:04:49.126Z,2026-08-29T20:54:41.421Z,6592,2026-08-29T20:54:41.421Z,VBRP,Brooklyn Park,dd7385f2-fbd4-41a4-afcd-7296aca5e198,SAMMS-BrooklynParkV6
202608292054379583,202608291904434976,202608291904434406,85,2431,Bronze INV,br_LabResult,TASK_COMPLETE,SUCCESS,INFO,2,2,0,,2026-08-29T19:04:49.126Z,2026-08-29T20:54:41.421Z,6592,2026-08-29T20:54:41.421Z,VMIN,Minneapolis,dd7385f2-fbd4-41a4-afcd-7296aca5e198,SAMMS-MinneapolisV6
202608292054379584,202608291904434977,202608291904434406,85,2432,Bronze INV,br_LabResult,TASK_COMPLETE,SUCCESS,INFO,6,6,0,,2026-08-29T19:04:49.126Z,2026-08-29T20:54:41.421Z,6592,2026-08-29T20:54:41.421Z,VWBY,Woodbury,dd7385f2-fbd4-41a4-afcd-7296aca5e198,SAMMS-WoodburyV6
202608292054379585,202608291904434978,202608291904434406,85,2434,Bronze INV,br_LabResult,TASK_COMPLETE,SUCCESS,INFO,3355,3355,0,,2026-08-29T19:04:49.126Z,2026-08-29T20:54:41.421Z,6592,2026-08-29T20:54:41.421Z,WIL,Wilson,dd7385f2-fbd4-41a4-afcd-7296aca5e198,SAMMS-Wilson
202608292054379586,202608291904434979,202608291904434406,85,2438,Bronze INV,br_LabResultDetail,TASK_COMPLETE,SUCCESS,INFO,9628,9628,0,,2026-08-29T19:04:49.126Z,2026-08-29T20:54:41.421Z,6592,2026-08-29T20:54:41.421Z,AHK,Ahoskie,dd7385f2-fbd4-41a4-afcd-7296aca5e198,SAMMS-Ahoskie
202608292054379587,202608291904434980,202608291904434406,85,2439,Bronze INV,br_LabResultDetail,TASK_COMPLETE,SUCCESS,INFO,1390,1390,0,,2026-08-29T19:04:49.126Z,2026-08-29T20:54:41.421Z,6592,2026-08-29T20:54:41.421Z,B12B,Colorado Springs,dd7385f2-fbd4-41a4-afcd-7296aca5e198,SAMMS-ColoradoSpringsV5
202608292054379588,202608291904434981,202608291904434406,85,2440,Bronze INV,br_LabResultDetail,TASK_COMPLETE,SUCCESS,INFO,1855,1855,0,,2026-08-29T19:04:49.126Z,2026-08-29T20:54:41.421Z,6592,2026-08-29T20:54:41.421Z,B24,Paintsville,dd7385f2-fbd4-41a4-afcd-7296aca5e198,SAMMS-PaintsvilleV5
202608292054379590,202608291904434982,202608291904434406,85,2441,Bronze INV,br_LabResultDetail,TASK_COMPLETE,SUCCESS,INFO,2317,2317,0,,2026-08-29T19:04:49.126Z,2026-08-29T20:54:41.421Z,6592,2026-08-29T20:54:41.421Z,B25,Pikeville,dd7385f2-fbd4-41a4-afcd-7296aca5e198,SAMMS-PikevilleV5
202608292054379591,202608291904434983,202608291904434406,85,2442,Bronze INV,br_LabResultDetail,TASK_COMPLETE,SUCCESS,INFO,3177,3177,0,,2026-08-29T19:04:49.126Z,2026-08-29T20:54:41.421Z,6592,2026-08-29T20:54:41.421Z,B26,Hazard,dd7385f2-fbd4-41a4-afcd-7296aca5e198,SAMMS-HazardV5
202608292054379592,202608291904434984,202608291904434406,85,2443,Bronze INV,br_LabResultDetail,TASK_COMPLETE,SUCCESS,INFO,6,6,0,,2026-08-29T19:04:49.126Z,2026-08-29T20:54:41.421Z,6592,2026-08-29T20:54:41.421Z,B27,Savannah,dd7385f2-fbd4-41a4-afcd-7296aca5e198,SAMMS-SavannahV6
202608292054379593,202608291904434985,202608291904434406,85,2444,Bronze INV,br_LabResultDetail,TASK_COMPLETE,SUCCESS,INFO,1599,1599,0,,2026-08-29T19:04:49.126Z,2026-08-29T20:54:41.421Z,6592,2026-08-29T20:54:41.421Z,B28,West Plains,dd7385f2-fbd4-41a4-afcd-7296aca5e198,SAMMS-WestPlainesV5
202608292054379594,202608291904434986,202608291904434406,85,2445,Bronze INV,br_LabResultDetail,TASK_COMPLETE,SUCCESS,INFO,1898,1898,0,,2026-08-29T19:04:49.126Z,2026-08-29T20:54:41.421Z,6592,2026-08-29T20:54:41.421Z,B29,Poplar Bluff,dd7385f2-fbd4-41a4-afcd-7296aca5e198,SAMMS-PoplarBluffV5
202608292054379595,202608291904434987,202608291904434406,85,2446,Bronze INV,br_LabResultDetail,TASK_COMPLETE,SUCCESS,INFO,1520,1520,0,,2026-08-29T19:04:49.126Z,2026-08-29T20:54:41.421Z,6592,2026-08-29T20:54:41.421Z,B30,KC North,dd7385f2-fbd4-41a4-afcd-7296aca5e198,SAMMS-KCNv5
202608292054379596,202608291904434988,202608291904434406,85,2447,Bronze INV,br_LabResultDetail,TASK_COMPLETE,SUCCESS,INFO,5447,5447,0,,2026-08-29T19:04:49.126Z,2026-08-29T20:54:41.421Z,6592,2026-08-29T20:54:41.421Z,B31,Dyersburg,dd7385f2-fbd4-41a4-afcd-7296aca5e198,SAMMS-DyersburgV5
202608292054379598,202608291904434989,202608291904434406,85,2449,Bronze INV,br_LabResultDetail,TASK_COMPLETE,SUCCESS,INFO,4158,4158,0,,2026-08-29T19:04:49.126Z,2026-08-29T20:54:41.421Z,6592,2026-08-29T20:54:41.421Z,B33,Paducah,dd7385f2-fbd4-41a4-afcd-7296aca5e198,SAMMS-Paducah
202608292054379599,202608291904434990,202608291904434406,85,2450,Bronze INV,br_LabResultDetail,TASK_COMPLETE,SUCCESS,INFO,2361,2361,0,,2026-08-29T19:04:49.126Z,2026-08-29T20:54:41.421Z,6592,2026-08-29T20:54:41.421Z,B34,Corbin,dd7385f2-fbd4-41a4-afcd-7296aca5e198,SAMMS-CorbinV5
202608292054379600,202608291904434991,202608291904434406,85,2451,Bronze INV,br_LabResultDetail,TASK_COMPLETE,SUCCESS,INFO,12006,12006,0,,2026-08-29T19:04:49.126Z,2026-08-29T20:54:41.421Z,6592,2026-08-29T20:54:41.421Z,B35,Lexington,dd7385f2-fbd4-41a4-afcd-7296aca5e198,SAMMS-LexingtonV5
202608292054379601,202608291904434992,202608291904434406,85,2452,Bronze INV,br_LabResultDetail,TASK_COMPLETE,SUCCESS,INFO,2559,2559,0,,2026-08-29T19:04:49.126Z,2026-08-29T20:54:41.421Z,6592,2026-08-29T20:54:41.421Z,B35A,Berea,dd7385f2-fbd4-41a4-afcd-7296aca5e198,SAMMS-BereaV5
202608292054379602,202608291904434993,202608291904434406,85,2453,Bronze INV,br_LabResultDetail,TASK_COMPLETE,SUCCESS,INFO,1240,1240,0,,2026-08-29T19:04:49.126Z,2026-08-29T20:54:41.421Z,6592,2026-08-29T20:54:41.421Z,B36,Asheville,dd7385f2-fbd4-41a4-afcd-7296aca5e198,SAMMS-AshevilleV5
202608292054379603,202608291904434994,202608291904434406,85,2454,Bronze INV,br_LabResultDetail,TASK_COMPLETE,SUCCESS,INFO,1865,1865,0,,2026-08-29T19:04:49.126Z,2026-08-29T20:54:41.421Z,6592,2026-08-29T20:54:41.421Z,B37,Clyde,dd7385f2-fbd4-41a4-afcd-7296aca5e198,SAMMS-ClydeV5
202608292054379605,202608291904434995,202608291904434406,85,2455,Bronze INV,br_LabResultDetail,TASK_COMPLETE,SUCCESS,INFO,6359,6359,0,,2026-08-29T19:04:49.126Z,2026-08-29T20:54:41.421Z,6592,2026-08-29T20:54:41.421Z,B38,Spartanburg,dd7385f2-fbd4-41a4-afcd-7296aca5e198,SAMMS-SpartanburgV5
202608292054379606,202608291904434996,202608291904434406,85,2456,Bronze INV,br_LabResultDetail,TASK_COMPLETE,SUCCESS,INFO,2215,2215,0,,2026-08-29T19:04:49.126Z,2026-08-29T20:54:41.421Z,6592,2026-08-29T20:54:41.421Z,B39,Aiken,dd7385f2-fbd4-41a4-afcd-7296aca5e198,SAMMS-AikenV5
202608292054379607,202608291904434997,202608291904434406,85,2457,Bronze INV,br_LabResultDetail,TASK_COMPLETE,SUCCESS,INFO,4485,4485,0,,2026-08-29T19:04:49.126Z,2026-08-29T20:54:41.421Z,6592,2026-08-29T20:54:41.421Z,B41,Chesapeake,dd7385f2-fbd4-41a4-afcd-7296aca5e198,SAMMS-ChesapeakeV5
202608292054379608,202608291904434998,202608291904434406,85,2458,Bronze INV,br_LabResultDetail,TASK_COMPLETE,SUCCESS,INFO,14515,14515,0,,2026-08-29T19:04:49.126Z,2026-08-29T20:54:41.421Z,6592,2026-08-29T20:54:41.421Z,B42,Virginia Beach,dd7385f2-fbd4-41a4-afcd-7296aca5e198,SAMMS-VirginiaBeachV5
202608292054379609,202608291904434999,202608291904434406,85,2459,Bronze INV,br_LabResultDetail,TASK_COMPLETE,SUCCESS,INFO,1430,1430,0,,2026-08-29T19:04:49.126Z,2026-08-29T20:54:41.421Z,6592,2026-08-29T20:54:41.421Z,B42A,Newport News,dd7385f2-fbd4-41a4-afcd-7296aca5e198,SAMMS-NewportNewsV5
202608292054379610,202608291904435000,202608291904434406,85,2460,Bronze INV,br_LabResultDetail,TASK_COMPLETE,SUCCESS,INFO,757,757,0,,2026-08-29T19:04:49.126Z,2026-08-29T20:54:41.421Z,6592,2026-08-29T20:54:41.421Z,B42B,Franklin,dd7385f2-fbd4-41a4-afcd-7296aca5e198,SAMMS-FranklinV5
202608292054379611,202608291904435001,202608291904434406,85,2461,Bronze INV,br_LabResultDetail,TASK_COMPLETE,SUCCESS,INFO,1484,1484,0,,2026-08-29T19:04:49.126Z,2026-08-29T20:54:41.421Z,6592,2026-08-29T20:54:41.421Z,B42C,Glen Allen,dd7385f2-fbd4-41a4-afcd-7296aca5e198,SAMMS-GlenAllenV5
202608292054379613,202608291904435002,202608291904434406,85,2462,Bronze INV,br_LabResultDetail,TASK_COMPLETE,SUCCESS,INFO,1332,1332,0,,2026-08-29T19:04:49.126Z,2026-08-29T20:54:41.421Z,6592,2026-08-29T20:54:41.421Z,B42D,Chesapeake South,dd7385f2-fbd4-41a4-afcd-7296aca5e198,SAMMS-ChesapeakeSouthV5
202608292054379614,202608291904435003,202608291904434406,85,2463,Bronze INV,br_LabResultDetail,TASK_COMPLETE,SUCCESS,INFO,3349,3349,0,,2026-08-29T19:04:49.126Z,2026-08-29T20:54:41.421Z,6592,2026-08-29T20:54:41.421Z,B44,Albany,dd7385f2-fbd4-41a4-afcd-7296aca5e198,SAMMS-AlbanyV5
202608292054379615,202608291904435004,202608291904434406,85,2464,Bronze INV,br_LabResultDetail,TASK_COMPLETE,SUCCESS,INFO,4783,4783,0,,2026-08-29T19:04:49.126Z,2026-08-29T20:54:41.421Z,6592,2026-08-29T20:54:41.421Z,B45,Tifton,dd7385f2-fbd4-41a4-afcd-7296aca5e198,SAMMS-TiftonV5
202608292054379616,202608291904435005,202608291904434406,85,2465,Bronze INV,br_LabResultDetail,TASK_COMPLETE,SUCCESS,INFO,681,681,0,,2026-08-29T19:04:49.126Z,2026-08-29T20:54:41.421Z,6592,2026-08-29T20:54:41.421Z,B46,Washington DC,dd7385f2-fbd4-41a4-afcd-7296aca5e198,SAMMS-WashingtonDCv5
202608292054379618,202608291904435006,202608291904434406,85,2466,Bronze INV,br_LabResultDetail,TASK_COMPLETE,SUCCESS,INFO,770,770,0,,2026-08-29T19:04:49.126Z,2026-08-29T20:54:41.421Z,6592,2026-08-29T20:54:41.421Z,B47,Mobile,dd7385f2-fbd4-41a4-afcd-7296aca5e198,SAMMS-MobileV5
202608292054379619,202608291904435007,202608291904434406,85,2467,Bronze INV,br_LabResultDetail,TASK_COMPLETE,SUCCESS,INFO,3377,3377,0,,2026-08-29T19:04:49.126Z,2026-08-29T20:54:41.421Z,6592,2026-08-29T20:54:41.421Z,B48,Tuscaloosa,dd7385f2-fbd4-41a4-afcd-7296aca5e198,SAMMS-TuscaloosaV5
202608292054379620,202608291904435008,202608291904434406,85,2476,Bronze INV,br_LabResultDetail,TASK_COMPLETE,SUCCESS,INFO,9,9,0,,2026-08-29T19:04:49.126Z,2026-08-29T20:54:41.421Z,6592,2026-08-29T20:54:41.421Z,B51,N. Little Rock (OTP),dd7385f2-fbd4-41a4-afcd-7296aca5e198,SAMMS-NorthLittleRockV6
202609022122570969,202609021903206592,202609021903206075,85,2354,Bronze INV,br_LabResult,TASK_COMPLETE,SUCCESS,INFO,9548,9548,0,,2026-09-02T19:03:39.838Z,2026-09-02T21:23:00.812Z,8361,2026-09-02T21:23:00.812Z,ELC,Elizabeth City,c49685cc-3281-44bc-a1c2-3be5b1110999,SAMMS-ElizabethCity
202609022122570970,202609021903206593,202609021903206075,85,2355,Bronze INV,br_LabResult,TASK_COMPLETE,SUCCESS,INFO,2231,2231,0,,2026-09-02T19:03:39.838Z,2026-09-02T21:23:00.812Z,8361,2026-09-02T21:23:00.812Z,ET,Elizabethtown,c49685cc-3281-44bc-a1c2-3be5b1110999,SAMMS-Elizabethtown
202609022122570971,202609021903206594,202609021903206075,85,2356,Bronze INV,br_LabResult,TASK_COMPLETE,SUCCESS,INFO,1,1,0,,2026-09-02T19:03:39.838Z,2026-09-02T21:23:00.812Z,8361,2026-09-02T21:23:00.812Z,FAY,Fayetteville,c49685cc-3281-44bc-a1c2-3be5b1110999,SAMMS-Fayetteville
202609022122570972,202609021903206595,202609021903206075,85,2357,Bronze INV,br_LabResult,TASK_COMPLETE,SUCCESS,INFO,5345,5345,0,,2026-09-02T19:03:39.838Z,2026-09-02T21:23:00.812Z,8361,2026-09-02T21:23:00.812Z,FR,Frankfort,c49685cc-3281-44bc-a1c2-3be5b1110999,SAMMS-Frankfort
202609022122570973,202609021903206596,202609021903206075,85,2358,Bronze INV,br_LabResult,TASK_COMPLETE,SUCCESS,INFO,2,2,0,,2026-09-02T19:03:39.838Z,2026-09-02T21:23:00.812Z,8361,2026-09-02T21:23:00.812Z,FS,Fort Smith,c49685cc-3281-44bc-a1c2-3be5b1110999,SAMMS-FortSmith
202609022122570974,202609021903206597,202609021903206075,85,2359,Bronze INV,br_LabResult,TASK_COMPLETE,SUCCESS,INFO,9175,9175,0,,2026-09-02T19:03:39.838Z,2026-09-02T21:23:00.812Z,8361,2026-09-02T21:23:00.812Z,FW,Fort Wayne,c49685cc-3281-44bc-a1c2-3be5b1110999,SAMMS-FortWayne
202609022122570976,202609021903206598,202609021903206075,85,2360,Bronze INV,br_LabResult,TASK_COMPLETE,SUCCESS,INFO,2,2,0,,2026-09-02T19:03:39.838Z,2026-09-02T21:23:00.812Z,8361,2026-09-02T21:23:00.812Z,GAL,Gaylord,c49685cc-3281-44bc-a1c2-3be5b1110999,SAMMS-Gaylord
202609022122570977,202609021903206599,202609021903206075,85,2364,Bronze INV,br_LabResult,TASK_COMPLETE,SUCCESS,INFO,4675,4675,0,,2026-09-02T19:03:39.838Z,2026-09-02T21:23:00.812Z,8361,2026-09-02T21:23:00.812Z,HGT,Hagerstown,c49685cc-3281-44bc-a1c2-3be5b1110999,SAMMS-Hagerstown
202609022122570978,202609021903206600,202609021903206075,85,2365,Bronze INV,br_LabResult,TASK_COMPLETE,SUCCESS,INFO,645,645,0,,2026-09-02T19:03:39.838Z,2026-09-02T21:23:00.812Z,8361,2026-09-02T21:23:00.812Z,HNT,Huntsville,c49685cc-3281-44bc-a1c2-3be5b1110999,SAMMS-Huntsville
202609022122570979,202609021903206601,202609021903206075,85,2366,Bronze INV,br_LabResult,TASK_COMPLETE,SUCCESS,INFO,1,1,0,,2026-09-02T19:03:39.838Z,2026-09-02T21:23:00.812Z,8361,2026-09-02T21:23:00.812Z,HS,Hot Springs,c49685cc-3281-44bc-a1c2-3be5b1110999,SAMMS-HotSprings
202609022122570980,202609021903206602,202609021903206075,85,2367,Bronze INV,br_LabResult,TASK_COMPLETE,SUCCESS,INFO,2,2,0,,2026-09-02T19:03:39.838Z,2026-09-02T21:23:00.812Z,8361,2026-09-02T21:23:00.812Z,JON,Jonesboro,c49685cc-3281-44bc-a1c2-3be5b1110999,SAMMS-Jonesboro
202609022122570981,202609021903206603,202609021903206075,85,2369,Bronze INV,br_LabResult,TASK_COMPLETE,SUCCESS,INFO,3,3,0,,2026-09-02T19:03:39.838Z,2026-09-02T21:23:00.812Z,8361,2026-09-02T21:23:00.812Z,LAN,Lansing,c49685cc-3281-44bc-a1c2-3be5b1110999,SAMMS-Lansing
202609022122570982,202609021903206604,202609021903206075,85,2370,Bronze INV,br_LabResult,TASK_COMPLETE,SUCCESS,INFO,27824,27824,0,,2026-09-02T19:03:39.838Z,2026-09-02T21:23:00.812Z,8361,2026-09-02T21:23:00.812Z,LO,Louisville,c49685cc-3281-44bc-a1c2-3be5b1110999,SAMMS-Louisville
202609022122570983,202609021903206605,202609021903206075,85,2371,Bronze INV,br_LabResult,TASK_COMPLETE,SUCCESS,INFO,6521,6521,0,,2026-09-02T19:03:39.838Z,2026-09-02T21:23:00.812Z,8361,2026-09-02T21:23:00.812Z,LV1,Cheyenne,c49685cc-3281-44bc-a1c2-3be5b1110999,SAMMS-Cheyenne
202609022122570984,202609021903206606,202609021903206075,85,2372,Bronze INV,br_LabResult,TASK_COMPLETE,SUCCESS,INFO,9268,9268,0,,2026-09-02T19:03:39.838Z,2026-09-02T21:23:00.812Z,8361,2026-09-02T21:23:00.812Z,LV2,Desert Inn,c49685cc-3281-44bc-a1c2-3be5b1110999,SAMMS-DesertInn
202609022122570986,202609021903206607,202609021903206075,85,2373,Bronze INV,br_LabResult,TASK_COMPLETE,SUCCESS,INFO,1876,1876,0,,2026-09-02T19:03:39.838Z,2026-09-02T21:23:00.812Z,8361,2026-09-02T21:23:00.812Z,LV3,McDaniel,c49685cc-3281-44bc-a1c2-3be5b1110999,SAMMS-McDaniel
202609022122570987,202609021903206608,202609021903206075,85,2376,Bronze INV,br_LabResult,TASK_COMPLETE,SUCCESS,INFO,2,2,0,,2026-09-02T19:03:39.838Z,2026-09-02T21:23:00.812Z,8361,2026-09-02T21:23:00.812Z,MNRE,Monroe,c49685cc-3281-44bc-a1c2-3be5b1110999,SAMMS-Monroe
202609022122570988,202609021903206609,202609021903206075,85,2377,Bronze INV,br_LabResult,TASK_COMPLETE,SUCCESS,INFO,1,1,0,,2026-09-02T19:03:39.838Z,2026-09-02T21:23:00.812Z,8361,2026-09-02T21:23:00.812Z,MP,Mt. Pleasant,c49685cc-3281-44bc-a1c2-3be5b1110999,SAMMS-MtPleasant
202609022122570989,202609021903206610,202609021903206075,85,2378,Bronze INV,br_LabResult,TASK_COMPLETE,SUCCESS,INFO,258,258,0,,2026-09-02T19:03:39.838Z,2026-09-02T21:23:00.812Z,8361,2026-09-02T21:23:00.812Z,MRD,Meridian,c49685cc-3281-44bc-a1c2-3be5b1110999,SAMMS-Meridian
202609022122570990,202609021903206611,202609021903206075,85,2383,Bronze INV,br_LabResult,TASK_COMPLETE,SUCCESS,INFO,7508,7508,0,,2026-09-02T19:03:39.838Z,2026-09-02T21:23:00.812Z,8361,2026-09-02T21:23:00.812Z,NC,North Charleston,c49685cc-3281-44bc-a1c2-3be5b1110999,SAMMS-NorthCharleston
202609022122570991,202609021903206612,202609021903206075,85,2384,Bronze INV,br_LabResult,TASK_COMPLETE,SUCCESS,INFO,2,2,0,,2026-09-02T19:03:39.838Z,2026-09-02T21:23:00.812Z,8361,2026-09-02T21:23:00.812Z,NLR,N. Little Rock,c49685cc-3281-44bc-a1c2-3be5b1110999,SAMMS-NLROBOT
202609022122570992,202609021903206613,202609021903206075,85,2385,Bronze INV,br_LabResult,TASK_COMPLETE,SUCCESS,INFO,1914,1914,0,,2026-09-02T19:03:39.838Z,2026-09-02T21:23:00.812Z,8361,2026-09-02T21:23:00.812Z,PH,Phoenix,c49685cc-3281-44bc-a1c2-3be5b1110999,SAMMS-Phoenix
202609022122570993,202609021903206614,202609021903206075,85,2389,Bronze INV,br_LabResult,TASK_COMPLETE,SUCCESS,INFO,18872,18872,0,,2026-09-02T19:03:39.838Z,2026-09-02T21:23:00.812Z,8361,2026-09-02T21:23:00.812Z,RE,Reno,c49685cc-3281-44bc-a1c2-3be5b1110999,SAMMS-Reno
202609022122570995,202609021903206615,202609021903206075,85,2390,Bronze INV,br_LabResult,TASK_COMPLETE,SUCCESS,INFO,2009,2009,0,,2026-09-02T19:03:39.838Z,2026-09-02T21:23:00.812Z,8361,2026-09-02T21:23:00.812Z,RMD,Richmond,c49685cc-3281-44bc-a1c2-3be5b1110999,SAMMS-Richmond
202609022122570996,202609021903206616,202609021903206075,85,2391,Bronze INV,br_LabResult,TASK_COMPLETE,SUCCESS,INFO,3674,3674,0,,2026-09-02T19:03:39.838Z,2026-09-02T21:23:00.812Z,8361,2026-09-02T21:23:00.812Z,SFN,Springfield North,c49685cc-3281-44bc-a1c2-3be5b1110999,SAMMS-SFNv5
202609022122570997,202609021903206617,202609021903206075,85,2392,Bronze INV,br_LabResult,TASK_COMPLETE,SUCCESS,INFO,156,156,0,,2026-09-02T19:03:39.838Z,2026-09-02T21:23:00.812Z,8361,2026-09-02T21:23:00.812Z,SHP,Shreveport,c49685cc-3281-44bc-a1c2-3be5b1110999,SAMMS-Shreveport
202609022122570998,202609021903206618,202609021903206075,85,2394,Bronze INV,br_LabResult,TASK_COMPLETE,SUCCESS,INFO,4,4,0,,2026-09-02T19:03:39.838Z,2026-09-02T21:23:00.812Z,8361,2026-09-02T21:23:00.812Z,STN,Staunton,c49685cc-3281-44bc-a1c2-3be5b1110999,SAMMS-Staunton
202609022122570999,202609021903206619,202609021903206075,85,2395,Bronze INV,br_LabResult,TASK_COMPLETE,SUCCESS,INFO,246,246,0,,2026-09-02T19:03:39.838Z,2026-09-02T21:23:00.812Z,8361,2026-09-02T21:23:00.812Z,STVN,Stevenson,c49685cc-3281-44bc-a1c2-3be5b1110999,SAMMS-Stevenson
202609022122571000,202609021903206620,202609021903206075,85,2397,Bronze INV,br_LabResult,TASK_COMPLETE,SUCCESS,INFO,5278,5278,0,,2026-09-02T19:03:39.838Z,2026-09-02T21:23:00.812Z,8361,2026-09-02T21:23:00.812Z,TE,Tempe,c49685cc-3281-44bc-a1c2-3be5b1110999,SAMMS-Tempe
202609022122571001,202609021903206621,202609021903206075,85,2398,Bronze INV,br_LabResult,TASK_COMPLETE,SUCCESS,INFO,2,2,0,,2026-09-02T19:03:39.838Z,2026-09-02T21:23:00.812Z,8361,2026-09-02T21:23:00.812Z,TEX,Texarkana,c49685cc-3281-44bc-a1c2-3be5b1110999,SAMMS-Texarkana
202609022122571002,202609021903206622,202609021903206075,85,2399,Bronze INV,br_LabResult,TASK_COMPLETE,SUCCESS,INFO,1676,1676,0,,2026-09-02T19:03:39.838Z,2026-09-02T21:23:00.812Z,8361,2026-09-02T21:23:00.812Z,TTCA,Bessemer,c49685cc-3281-44bc-a1c2-3be5b1110999,SAMMS-BessemerV5
202609022122571003,202609021903206623,202609021903206075,85,2400,Bronze INV,br_LabResult,TASK_COMPLETE,SUCCESS,INFO,2102,2102,0,,2026-09-02T19:03:39.838Z,2026-09-02T21:23:00.812Z,8361,2026-09-02T21:23:00.812Z,TTCB,Cullman,c49685cc-3281-44bc-a1c2-3be5b1110999,SAMMS-CullmanV5
202609022122571004,202609021903206624,202609021903206075,85,2401,Bronze INV,br_LabResult,TASK_COMPLETE,SUCCESS,INFO,4,4,0,,2026-09-02T19:03:39.838Z,2026-09-02T21:23:00.812Z,8361,2026-09-02T21:23:00.812Z,TTCC,Grand Bay,c49685cc-3281-44bc-a1c2-3be5b1110999,SAMMS-GrandBay
202609022122571005,202609021903206625,202609021903206075,85,2402,Bronze INV,br_LabResult,TASK_COMPLETE,SUCCESS,INFO,717,717,0,,2026-09-02T19:03:39.838Z,2026-09-02T21:23:00.812Z,8361,2026-09-02T21:23:00.812Z,TU,Tucson,c49685cc-3281-44bc-a1c2-3be5b1110999,SAMMS-Tucson
202609022122571007,202609021903206626,202609021903206075,85,2404,Bronze INV,br_LabResult,TASK_COMPLETE,SUCCESS,INFO,4985,4985,0,,2026-09-02T19:03:39.838Z,2026-09-02T21:23:00.812Z,8361,2026-09-02T21:23:00.812Z,V1,Memphis South,c49685cc-3281-44bc-a1c2-3be5b1110999,SAMMS-VCPHCS-I-MemphisV5
202609022122571008,202609021903206627,202609021903206075,85,2405,Bronze INV,br_LabResult,TASK_COMPLETE,SUCCESS,INFO,6265,6265,0,,2026-09-02T19:03:39.838Z,2026-09-02T21:23:00.812Z,8361,2026-09-02T21:23:00.812Z,V10,Longmont,c49685cc-3281-44bc-a1c2-3be5b1110999,SAMMS-BoulderV5
202609022122571009,202609021903206628,202609021903206075,85,2406,Bronze INV,br_LabResult,TASK_COMPLETE,SUCCESS,INFO,3568,3568,0,,2026-09-02T19:03:39.838Z,2026-09-02T21:23:00.812Z,8361,2026-09-02T21:23:00.812Z,V10A,Fort Collins,c49685cc-3281-44bc-a1c2-3be5b1110999,SAMMS-FortCollinsV5
202609022122571010,202609021903206629,202609021903206075,85,2407,Bronze INV,br_LabResult,TASK_COMPLETE,SUCCESS,INFO,7585,7585,0,,2026-09-02T19:03:39.838Z,2026-09-02T21:23:00.812Z,8361,2026-09-02T21:23:00.812Z,V11,Westminster,c49685cc-3281-44bc-a1c2-3be5b1110999,SAMMS-VCPHCS-XI-NorthDenverV5
202609022122571011,202609021903206630,202609021903206075,85,2408,Bronze INV,br_LabResult,TASK_COMPLETE,SUCCESS,INFO,10263,10263,0,,2026-09-02T19:03:39.838Z,2026-09-02T21:23:00.812Z,8361,2026-09-02T21:23:00.812Z,V12,Downtown Denver,c49685cc-3281-44bc-a1c2-3be5b1110999,SAMMS-VCPHCS-XII-DowntownDenverV5
202609022122571012,202609021903206631,202609021903206075,85,2409,Bronze INV,br_LabResult,TASK_COMPLETE,SUCCESS,INFO,4831,4831,0,,2026-09-02T19:03:39.838Z,2026-09-02T21:23:00.812Z,8361,2026-09-02T21:23:00.812Z,V12A,Centennial,c49685cc-3281-44bc-a1c2-3be5b1110999,SAMMS-CentennialV5
202609022122571013,202609021903206632,202609021903206075,85,2410,Bronze INV,br_LabResult,TASK_COMPLETE,SUCCESS,INFO,3274,3274,0,,2026-09-02T19:03:39.838Z,2026-09-02T21:23:00.812Z,8361,2026-09-02T21:23:00.812Z,V14,Overland Park,c49685cc-3281-44bc-a1c2-3be5b1110999,SAMMS-VCPHCS-XIV-BridgewayV5
202609022122571014,202609021903206633,202609021903206075,85,2411,Bronze INV,br_LabResult,TASK_COMPLETE,SUCCESS,INFO,2524,2524,0,,2026-09-02T19:03:39.838Z,2026-09-02T21:23:00.812Z,8361,2026-09-02T21:23:00.812Z,V15,Joplin,c49685cc-3281-44bc-a1c2-3be5b1110999,SAMMS-JoplinV5
202609022122571016,202609021903206634,202609021903206075,85,2413,Bronze INV,br_LabResult,TASK_COMPLETE,SUCCESS,INFO,910,910,0,,2026-09-02T19:03:39.838Z,2026-09-02T21:23:00.812Z,8361,2026-09-02T21:23:00.812Z,V17,Columbia TN,c49685cc-3281-44bc-a1c2-3be5b1110999,SAMMS-ColumbiaTNv5
202609022122571017,202609021903206635,202609021903206075,85,2415,Bronze INV,br_LabResult,TASK_COMPLETE,SUCCESS,INFO,4898,4898,0,,2026-09-02T19:03:39.838Z,2026-09-02T21:23:00.812Z,8361,2026-09-02T21:23:00.812Z,V19,Jackson,c49685cc-3281-44bc-a1c2-3be5b1110999,SAMMS-JacksonV5
202609022122571018,202609021903206636,202609021903206075,85,2417,Bronze INV,br_LabResult,TASK_COMPLETE,SUCCESS,INFO,6734,6734,0,,2026-09-02T19:03:39.838Z,2026-09-02T21:23:00.812Z,8361,2026-09-02T21:23:00.812Z,V20,Paris,c49685cc-3281-44bc-a1c2-3be5b1110999,SAMMS-ParisV5
202609022122571019,202609021903206637,202609021903206075,85,2418,Bronze INV,br_LabResult,TASK_COMPLETE,SUCCESS,INFO,6054,6054,0,,2026-09-02T19:03:39.838Z,2026-09-02T21:23:00.812Z,8361,2026-09-02T21:23:00.812Z,V21,Memphis North,c49685cc-3281-44bc-a1c2-3be5b1110999,SAMMS-RaleighV5
202609022122571020,202609021903206638,202609021903206075,85,2421,Bronze INV,br_LabResult,TASK_COMPLETE,SUCCESS,INFO,7028,7028,0,,2026-09-02T19:03:39.838Z,2026-09-02T21:23:00.812Z,8361,2026-09-02T21:23:00.812Z,V5,West Bank,c49685cc-3281-44bc-a1c2-3be5b1110999,SAMMS-NONTCv5
202609022122571021,202609021903206639,202609021903206075,85,2423,Bronze INV,br_LabResult,TASK_COMPLETE,SUCCESS,INFO,215,215,0,,2026-09-02T19:03:39.838Z,2026-09-02T21:23:00.812Z,8361,2026-09-02T21:23:00.812Z,V5B,Houma,c49685cc-3281-44bc-a1c2-3be5b1110999,SAMMS-HoumaV6
202609022122571022,202609021903206640,202609021903206075,85,2424,Bronze INV,br_LabResult,TASK_COMPLETE,SUCCESS,INFO,4815,4815,0,,2026-09-02T19:03:39.838Z,2026-09-02T21:23:00.812Z,8361,2026-09-02T21:23:00.812Z,V6,Lake Charles,c49685cc-3281-44bc-a1c2-3be5b1110999,SAMMS-LCv5
202609022122571023,202609021903206641,202609021903206075,85,2426,Bronze INV,br_LabResult,TASK_COMPLETE,SUCCESS,INFO,19770,19770,0,,2026-09-02T19:03:39.838Z,2026-09-02T21:23:00.812Z,8361,2026-09-02T21:23:00.812Z,V8,Memphis Midtown,c49685cc-3281-44bc-a1c2-3be5b1110999,SAMMS-VCPHCS-VIII-MemphisV5
202609022122571024,202609021903206642,202609021903206075,85,2427,Bronze INV,br_LabResult,TASK_COMPLETE,SUCCESS,INFO,17544,17544,0,,2026-09-02T19:03:39.838Z,2026-09-02T21:23:00.812Z,8361,2026-09-02T21:23:00.812Z,V9,Nashville,c49685cc-3281-44bc-a1c2-3be5b1110999,SAMMS-NashvilleV5
202609022122571026,202609021903206643,202609021903206075,85,2428,Bronze INV,br_LabResult,TASK_COMPLETE,SUCCESS,INFO,922,922,0,,2026-09-02T19:03:39.838Z,2026-09-02T21:23:00.812Z,8361,2026-09-02T21:23:00.812Z,VBRA,Brainerd,c49685cc-3281-44bc-a1c2-3be5b1110999,SAMMS-BrainerdV6
202609022122571027,202609021903206644,202609021903206075,85,2429,Bronze INV,br_LabResult,TASK_COMPLETE,SUCCESS,INFO,17,17,0,,2026-09-02T19:03:39.838Z,2026-09-02T21:23:00.812Z,8361,2026-09-02T21:23:00.812Z,VBRP,Brooklyn Park,c49685cc-3281-44bc-a1c2-3be5b1110999,SAMMS-BrooklynParkV6
202609022122571028,202609021903206645,202609021903206075,85,2431,Bronze INV,br_LabResult,TASK_COMPLETE,SUCCESS,INFO,2,2,0,,2026-09-02T19:03:39.838Z,2026-09-02T21:23:00.812Z,8361,2026-09-02T21:23:00.812Z,VMIN,Minneapolis,c49685cc-3281-44bc-a1c2-3be5b1110999,SAMMS-MinneapolisV6
202609022122571029,202609021903206646,202609021903206075,85,2432,Bronze INV,br_LabResult,TASK_COMPLETE,SUCCESS,INFO,6,6,0,,2026-09-02T19:03:39.838Z,2026-09-02T21:23:00.812Z,8361,2026-09-02T21:23:00.812Z,VWBY,Woodbury,c49685cc-3281-44bc-a1c2-3be5b1110999,SAMMS-WoodburyV6
202609022122571030,202609021903206647,202609021903206075,85,2434,Bronze INV,br_LabResult,TASK_COMPLETE,SUCCESS,INFO,3357,3357,0,,2026-09-02T19:03:39.838Z,2026-09-02T21:23:00.812Z,8361,2026-09-02T21:23:00.812Z,WIL,Wilson,c49685cc-3281-44bc-a1c2-3be5b1110999,SAMMS-Wilson
202609022122571031,202609021903206648,202609021903206075,85,2438,Bronze INV,br_LabResultDetail,TASK_COMPLETE,SUCCESS,INFO,9628,9628,0,,2026-09-02T19:03:39.838Z,2026-09-02T21:23:00.812Z,8361,2026-09-02T21:23:00.812Z,AHK,Ahoskie,c49685cc-3281-44bc-a1c2-3be5b1110999,SAMMS-Ahoskie
202609022122571032,202609021903206649,202609021903206075,85,2439,Bronze INV,br_LabResultDetail,TASK_COMPLETE,SUCCESS,INFO,1390,1390,0,,2026-09-02T19:03:39.838Z,2026-09-02T21:23:00.812Z,8361,2026-09-02T21:23:00.812Z,B12B,Colorado Springs,c49685cc-3281-44bc-a1c2-3be5b1110999,SAMMS-ColoradoSpringsV5
202609022122571034,202609021903206650,202609021903206075,85,2440,Bronze INV,br_LabResultDetail,TASK_COMPLETE,SUCCESS,INFO,1855,1855,0,,2026-09-02T19:03:39.838Z,2026-09-02T21:23:00.812Z,8361,2026-09-02T21:23:00.812Z,B24,Paintsville,c49685cc-3281-44bc-a1c2-3be5b1110999,SAMMS-PaintsvilleV5
202609022122571035,202609021903206651,202609021903206075,85,2441,Bronze INV,br_LabResultDetail,TASK_COMPLETE,SUCCESS,INFO,2319,2319,0,,2026-09-02T19:03:39.838Z,2026-09-02T21:23:00.812Z,8361,2026-09-02T21:23:00.812Z,B25,Pikeville,c49685cc-3281-44bc-a1c2-3be5b1110999,SAMMS-PikevilleV5
202609022122571036,202609021903206652,202609021903206075,85,2442,Bronze INV,br_LabResultDetail,TASK_COMPLETE,SUCCESS,INFO,3182,3182,0,,2026-09-02T19:03:39.838Z,2026-09-02T21:23:00.812Z,8361,2026-09-02T21:23:00.812Z,B26,Hazard,c49685cc-3281-44bc-a1c2-3be5b1110999,SAMMS-HazardV5
202609022122571037,202609021903206653,202609021903206075,85,2443,Bronze INV,br_LabResultDetail,TASK_COMPLETE,SUCCESS,INFO,6,6,0,,2026-09-02T19:03:39.838Z,2026-09-02T21:23:00.812Z,8361,2026-09-02T21:23:00.812Z,B27,Savannah,c49685cc-3281-44bc-a1c2-3be5b1110999,SAMMS-SavannahV6
202609022122571038,202609021903206654,202609021903206075,85,2444,Bronze INV,br_LabResultDetail,TASK_COMPLETE,SUCCESS,INFO,1599,1599,0,,2026-09-02T19:03:39.838Z,2026-09-02T21:23:00.812Z,8361,2026-09-02T21:23:00.812Z,B28,West Plains,c49685cc-3281-44bc-a1c2-3be5b1110999,SAMMS-WestPlainesV5
202609022122571039,202609021903206655,202609021903206075,85,2445,Bronze INV,br_LabResultDetail,TASK_COMPLETE,SUCCESS,INFO,1906,1906,0,,2026-09-02T19:03:39.838Z,2026-09-02T21:23:00.812Z,8361,2026-09-02T21:23:00.812Z,B29,Poplar Bluff,c49685cc-3281-44bc-a1c2-3be5b1110999,SAMMS-PoplarBluffV5
202609022122571040,202609021903206656,202609021903206075,85,2446,Bronze INV,br_LabResultDetail,TASK_COMPLETE,SUCCESS,INFO,1523,1523,0,,2026-09-02T19:03:39.838Z,2026-09-02T21:23:00.812Z,8361,2026-09-02T21:23:00.812Z,B30,KC North,c49685cc-3281-44bc-a1c2-3be5b1110999,SAMMS-KCNv5
202609022122571041,202609021903206657,202609021903206075,85,2447,Bronze INV,br_LabResultDetail,TASK_COMPLETE,SUCCESS,INFO,5450,5450,0,,2026-09-02T19:03:39.838Z,2026-09-02T21:23:00.812Z,8361,2026-09-02T21:23:00.812Z,B31,Dyersburg,c49685cc-3281-44bc-a1c2-3be5b1110999,SAMMS-DyersburgV5
202609022122571043,202609021903206658,202609021903206075,85,2449,Bronze INV,br_LabResultDetail,TASK_COMPLETE,SUCCESS,INFO,4168,4168,0,,2026-09-02T19:03:39.838Z,2026-09-02T21:23:00.812Z,8361,2026-09-02T21:23:00.812Z,B33,Paducah,c49685cc-3281-44bc-a1c2-3be5b1110999,SAMMS-Paducah
202609022122571044,202609021903206659,202609021903206075,85,2450,Bronze INV,br_LabResultDetail,TASK_COMPLETE,SUCCESS,INFO,2361,2361,0,,2026-09-02T19:03:39.838Z,2026-09-02T21:23:00.812Z,8361,2026-09-02T21:23:00.812Z,B34,Corbin,c49685cc-3281-44bc-a1c2-3be5b1110999,SAMMS-CorbinV5
202609022122571045,202609021903206660,202609021903206075,85,2451,Bronze INV,br_LabResultDetail,TASK_COMPLETE,SUCCESS,INFO,12047,12047,0,,2026-09-02T19:03:39.838Z,2026-09-02T21:23:00.812Z,8361,2026-09-02T21:23:00.812Z,B35,Lexington,c49685cc-3281-44bc-a1c2-3be5b1110999,SAMMS-LexingtonV5
202609022122571046,202609021903206661,202609021903206075,85,2452,Bronze INV,br_LabResultDetail,TASK_COMPLETE,SUCCESS,INFO,2559,2559,0,,2026-09-02T19:03:39.838Z,2026-09-02T21:23:00.812Z,8361,2026-09-02T21:23:00.812Z,B35A,Berea,c49685cc-3281-44bc-a1c2-3be5b1110999,SAMMS-BereaV5
202609022122571047,202609021903206662,202609021903206075,85,2453,Bronze INV,br_LabResultDetail,TASK_COMPLETE,SUCCESS,INFO,1240,1240,0,,2026-09-02T19:03:39.838Z,2026-09-02T21:23:00.812Z,8361,2026-09-02T21:23:00.812Z,B36,Asheville,c49685cc-3281-44bc-a1c2-3be5b1110999,SAMMS-AshevilleV5
202609022122571048,202609021903206663,202609021903206075,85,2454,Bronze INV,br_LabResultDetail,TASK_COMPLETE,SUCCESS,INFO,1865,1865,0,,2026-09-02T19:03:39.838Z,2026-09-02T21:23:00.812Z,8361,2026-09-02T21:23:00.812Z,B37,Clyde,c49685cc-3281-44bc-a1c2-3be5b1110999,SAMMS-ClydeV5
202609022122571049,202609021903206664,202609021903206075,85,2455,Bronze INV,br_LabResultDetail,TASK_COMPLETE,SUCCESS,INFO,6363,6363,0,,2026-09-02T19:03:39.838Z,2026-09-02T21:23:00.812Z,8361,2026-09-02T21:23:00.812Z,B38,Spartanburg,c49685cc-3281-44bc-a1c2-3be5b1110999,SAMMS-SpartanburgV5
202609022122571050,202609021903206665,202609021903206075,85,2456,Bronze INV,br_LabResultDetail,TASK_COMPLETE,SUCCESS,INFO,2215,2215,0,,2026-09-02T19:03:39.838Z,2026-09-02T21:23:00.812Z,8361,2026-09-02T21:23:00.812Z,B39,Aiken,c49685cc-3281-44bc-a1c2-3be5b1110999,SAMMS-AikenV5
202609022122571052,202609021903206666,202609021903206075,85,2457,Bronze INV,br_LabResultDetail,TASK_COMPLETE,SUCCESS,INFO,4490,4490,0,,2026-09-02T19:03:39.838Z,2026-09-02T21:23:00.812Z,8361,2026-09-02T21:23:00.812Z,B41,Chesapeake,c49685cc-3281-44bc-a1c2-3be5b1110999,SAMMS-ChesapeakeV5
202609022122571053,202609021903206667,202609021903206075,85,2458,Bronze INV,br_LabResultDetail,TASK_COMPLETE,SUCCESS,INFO,14520,14520,0,,2026-09-02T19:03:39.838Z,2026-09-02T21:23:00.812Z,8361,2026-09-02T21:23:00.812Z,B42,Virginia Beach,c49685cc-3281-44bc-a1c2-3be5b1110999,SAMMS-VirginiaBeachV5
202609022122571054,202609021903206668,202609021903206075,85,2459,Bronze INV,br_LabResultDetail,TASK_COMPLETE,SUCCESS,INFO,1430,1430,0,,2026-09-02T19:03:39.838Z,2026-09-02T21:23:00.812Z,8361,2026-09-02T21:23:00.812Z,B42A,Newport News,c49685cc-3281-44bc-a1c2-3be5b1110999,SAMMS-NewportNewsV5
202609022122571055,202609021903206669,202609021903206075,85,2460,Bronze INV,br_LabResultDetail,TASK_COMPLETE,SUCCESS,INFO,758,758,0,,2026-09-02T19:03:39.838Z,2026-09-02T21:23:00.812Z,8361,2026-09-02T21:23:00.812Z,B42B,Franklin,c49685cc-3281-44bc-a1c2-3be5b1110999,SAMMS-FranklinV5
202609022122571056,202609021903206670,202609021903206075,85,2461,Bronze INV,br_LabResultDetail,TASK_COMPLETE,SUCCESS,INFO,1486,1486,0,,2026-09-02T19:03:39.838Z,2026-09-02T21:23:00.812Z,8361,2026-09-02T21:23:00.812Z,B42C,Glen Allen,c49685cc-3281-44bc-a1c2-3be5b1110999,SAMMS-GlenAllenV5
202609022122571057,202609021903206671,202609021903206075,85,2462,Bronze INV,br_LabResultDetail,TASK_COMPLETE,SUCCESS,INFO,1335,1335,0,,2026-09-02T19:03:39.838Z,2026-09-02T21:23:00.812Z,8361,2026-09-02T21:23:00.812Z,B42D,Chesapeake South,c49685cc-3281-44bc-a1c2-3be5b1110999,SAMMS-ChesapeakeSouthV5
202609022122571058,202609021903206672,202609021903206075,85,2463,Bronze INV,br_LabResultDetail,TASK_COMPLETE,SUCCESS,INFO,3365,3365,0,,2026-09-02T19:03:39.838Z,2026-09-02T21:23:00.812Z,8361,2026-09-02T21:23:00.812Z,B44,Albany,c49685cc-3281-44bc-a1c2-3be5b1110999,SAMMS-AlbanyV5
202609022122571060,202609021903206673,202609021903206075,85,2464,Bronze INV,br_LabResultDetail,TASK_COMPLETE,SUCCESS,INFO,4809,4809,0,,2026-09-02T19:03:39.838Z,2026-09-02T21:23:00.812Z,8361,2026-09-02T21:23:00.812Z,B45,Tifton,c49685cc-3281-44bc-a1c2-3be5b1110999,SAMMS-TiftonV5
202609022122571061,202609021903206674,202609021903206075,85,2465,Bronze INV,br_LabResultDetail,TASK_COMPLETE,SUCCESS,INFO,686,686,0,,2026-09-02T19:03:39.838Z,2026-09-02T21:23:00.812Z,8361,2026-09-02T21:23:00.812Z,B46,Washington DC,c49685cc-3281-44bc-a1c2-3be5b1110999,SAMMS-WashingtonDCv5
202609022122571062,202609021903206675,202609021903206075,85,2466,Bronze INV,br_LabResultDetail,TASK_COMPLETE,SUCCESS,INFO,770,770,0,,2026-09-02T19:03:39.838Z,2026-09-02T21:23:00.812Z,8361,2026-09-02T21:23:00.812Z,B47,Mobile,c49685cc-3281-44bc-a1c2-3be5b1110999,SAMMS-MobileV5
202609022122571063,202609021903206676,202609021903206075,85,2467,Bronze INV,br_LabResultDetail,TASK_COMPLETE,SUCCESS,INFO,3384,3384,0,,2026-09-02T19:03:39.838Z,2026-09-02T21:23:00.812Z,8361,2026-09-02T21:23:00.812Z,B48,Tuscaloosa,c49685cc-3281-44bc-a1c2-3be5b1110999,SAMMS-TuscaloosaV5
202609022122571064,202609021903206677,202609021903206075,85,2476,Bronze INV,br_LabResultDetail,TASK_COMPLETE,SUCCESS,INFO,9,9,0,,2026-09-02T19:03:39.838Z,2026-09-02T21:23:00.812Z,8361,2026-09-02T21:23:00.812Z,B51,N. Little Rock (OTP),c49685cc-3281-44bc-a1c2-3be5b1110999,SAMMS-NorthLittleRockV6
202609012114519479,202609011903672866,202609011903672005,85,328,Bronze INV,br_AdmissionAssessment,TASK_COMPLETE,SUCCESS,INFO,249,249,0,,2026-09-01T19:04:17.664Z,2026-09-01T21:14:55.846Z,7838,2026-09-01T21:14:55.846Z,DRD-SF,Springfield,0e5f68b5-5669-4bb1-91ce-4b967b620e7d,SAMMS-SFv5
202609012114519481,202609011903672867,202609011903672005,85,330,Bronze INV,br_AdmissionAssessment,TASK_COMPLETE,SUCCESS,INFO,89,89,0,,2026-09-01T19:04:17.664Z,2026-09-01T21:14:55.846Z,7838,2026-09-01T21:14:55.846Z,ELC,Elizabeth City,0e5f68b5-5669-4bb1-91ce-4b967b620e7d,SAMMS-ElizabethCity
202609012114519482,202609011903672868,202609011903672005,85,331,Bronze INV,br_AdmissionAssessment,TASK_COMPLETE,SUCCESS,INFO,4,4,0,,2026-09-01T19:04:17.664Z,2026-09-01T21:14:55.846Z,7838,2026-09-01T21:14:55.846Z,ET,Elizabethtown,0e5f68b5-5669-4bb1-91ce-4b967b620e7d,SAMMS-Elizabethtown
202609012114519483,202609011903672869,202609011903672005,85,332,Bronze INV,br_AdmissionAssessment,TASK_COMPLETE,SUCCESS,INFO,117,117,0,,2026-09-01T19:04:17.664Z,2026-09-01T21:14:55.846Z,7838,2026-09-01T21:14:55.846Z,FAY,Fayetteville,0e5f68b5-5669-4bb1-91ce-4b967b620e7d,SAMMS-Fayetteville
202609012114519484,202609011903672870,202609011903672005,85,333,Bronze INV,br_AdmissionAssessment,TASK_COMPLETE,SUCCESS,INFO,2,2,0,,2026-09-01T19:04:17.664Z,2026-09-01T21:14:55.846Z,7838,2026-09-01T21:14:55.846Z,FR,Frankfort,0e5f68b5-5669-4bb1-91ce-4b967b620e7d,SAMMS-Frankfort
202609012114519485,202609011903672871,202609011903672005,85,334,Bronze INV,br_AdmissionAssessment,TASK_COMPLETE,SUCCESS,INFO,111,111,0,,2026-09-01T19:04:17.664Z,2026-09-01T21:14:55.846Z,7838,2026-09-01T21:14:55.846Z,FS,Fort Smith,0e5f68b5-5669-4bb1-91ce-4b967b620e7d,SAMMS-FortSmith
202609012114519486,202609011903672872,202609011903672005,85,335,Bronze INV,br_AdmissionAssessment,TASK_COMPLETE,SUCCESS,INFO,208,208,0,,2026-09-01T19:04:17.664Z,2026-09-01T21:14:55.846Z,7838,2026-09-01T21:14:55.846Z,FW,Fort Wayne,0e5f68b5-5669-4bb1-91ce-4b967b620e7d,SAMMS-FortWayne
202609012114519487,202609011903672873,202609011903672005,85,336,Bronze INV,br_AdmissionAssessment,TASK_COMPLETE,SUCCESS,INFO,35,35,0,,2026-09-01T19:04:17.664Z,2026-09-01T21:14:55.846Z,7838,2026-09-01T21:14:55.846Z,GAL,Gaylord,0e5f68b5-5669-4bb1-91ce-4b967b620e7d,SAMMS-Gaylord
202609012114519489,202609011903672874,202609011903672005,85,340,Bronze INV,br_AdmissionAssessment,TASK_COMPLETE,SUCCESS,INFO,165,165,0,,2026-09-01T19:04:17.664Z,2026-09-01T21:14:55.846Z,7838,2026-09-01T21:14:55.846Z,HGT,Hagerstown,0e5f68b5-5669-4bb1-91ce-4b967b620e7d,SAMMS-Hagerstown
202609012114519490,202609011903672875,202609011903672005,85,341,Bronze INV,br_AdmissionAssessment,TASK_COMPLETE,SUCCESS,INFO,130,130,0,,2026-09-01T19:04:17.664Z,2026-09-01T21:14:55.846Z,7838,2026-09-01T21:14:55.846Z,HNT,Huntsville,0e5f68b5-5669-4bb1-91ce-4b967b620e7d,SAMMS-Huntsville
202609012114519491,202609011903672876,202609011903672005,85,342,Bronze INV,br_AdmissionAssessment,TASK_COMPLETE,SUCCESS,INFO,153,153,0,,2026-09-01T19:04:17.664Z,2026-09-01T21:14:55.846Z,7838,2026-09-01T21:14:55.846Z,HS,Hot Springs,0e5f68b5-5669-4bb1-91ce-4b967b620e7d,SAMMS-HotSprings
202609012114519492,202609011903672877,202609011903672005,85,343,Bronze INV,br_AdmissionAssessment,TASK_COMPLETE,SUCCESS,INFO,78,78,0,,2026-09-01T19:04:17.664Z,2026-09-01T21:14:55.846Z,7838,2026-09-01T21:14:55.846Z,JON,Jonesboro,0e5f68b5-5669-4bb1-91ce-4b967b620e7d,SAMMS-Jonesboro
202609012114519493,202609011903672878,202609011903672005,85,345,Bronze INV,br_AdmissionAssessment,TASK_COMPLETE,SUCCESS,INFO,75,75,0,,2026-09-01T19:04:17.664Z,2026-09-01T21:14:55.846Z,7838,2026-09-01T21:14:55.846Z,LAN,Lansing,0e5f68b5-5669-4bb1-91ce-4b967b620e7d,SAMMS-Lansing
202609012114519494,202609011903672879,202609011903672005,85,346,Bronze INV,br_AdmissionAssessment,TASK_COMPLETE,SUCCESS,INFO,2,2,0,,2026-09-01T19:04:17.664Z,2026-09-01T21:14:55.846Z,7838,2026-09-01T21:14:55.846Z,LO,Louisville,0e5f68b5-5669-4bb1-91ce-4b967b620e7d,SAMMS-Louisville
202609012114519495,202609011903672880,202609011903672005,85,347,Bronze INV,br_AdmissionAssessment,TASK_COMPLETE,SUCCESS,INFO,379,379,0,,2026-09-01T19:04:17.664Z,2026-09-01T21:14:55.846Z,7838,2026-09-01T21:14:55.846Z,LV1,Cheyenne,0e5f68b5-5669-4bb1-91ce-4b967b620e7d,SAMMS-Cheyenne
202609012114519497,202609011903672881,202609011903672005,85,348,Bronze INV,br_AdmissionAssessment,TASK_COMPLETE,SUCCESS,INFO,348,348,0,,2026-09-01T19:04:17.664Z,2026-09-01T21:14:55.846Z,7838,2026-09-01T21:14:55.846Z,LV2,Desert Inn,0e5f68b5-5669-4bb1-91ce-4b967b620e7d,SAMMS-DesertInn
202609012114519498,202609011903672882,202609011903672005,85,349,Bronze INV,br_AdmissionAssessment,TASK_COMPLETE,SUCCESS,INFO,106,106,0,,2026-09-01T19:04:17.664Z,2026-09-01T21:14:55.846Z,7838,2026-09-01T21:14:55.846Z,LV3,McDaniel,0e5f68b5-5669-4bb1-91ce-4b967b620e7d,SAMMS-McDaniel
202609012114519499,202609011903672883,202609011903672005,85,352,Bronze INV,br_AdmissionAssessment,TASK_COMPLETE,SUCCESS,INFO,87,87,0,,2026-09-01T19:04:17.664Z,2026-09-01T21:14:55.846Z,7838,2026-09-01T21:14:55.846Z,MNRE,Monroe,0e5f68b5-5669-4bb1-91ce-4b967b620e7d,SAMMS-Monroe
202609012114519500,202609011903672884,202609011903672005,85,353,Bronze INV,br_AdmissionAssessment,TASK_COMPLETE,SUCCESS,INFO,62,62,0,,2026-09-01T19:04:17.664Z,2026-09-01T21:14:55.846Z,7838,2026-09-01T21:14:55.846Z,MP,Mt. Pleasant,0e5f68b5-5669-4bb1-91ce-4b967b620e7d,SAMMS-MtPleasant
202609012114519501,202609011903672885,202609011903672005,85,354,Bronze INV,br_AdmissionAssessment,TASK_COMPLETE,SUCCESS,INFO,55,55,0,,2026-09-01T19:04:17.664Z,2026-09-01T21:14:55.846Z,7838,2026-09-01T21:14:55.846Z,MRD,Meridian,0e5f68b5-5669-4bb1-91ce-4b967b620e7d,SAMMS-Meridian
202609012114519502,202609011903672886,202609011903672005,85,359,Bronze INV,br_AdmissionAssessment,TASK_COMPLETE,SUCCESS,INFO,199,199,0,,2026-09-01T19:04:17.664Z,2026-09-01T21:14:55.846Z,7838,2026-09-01T21:14:55.846Z,NC,North Charleston,0e5f68b5-5669-4bb1-91ce-4b967b620e7d,SAMMS-NorthCharleston
202609012114519503,202609011903672887,202609011903672005,85,360,Bronze INV,br_AdmissionAssessment,TASK_COMPLETE,SUCCESS,INFO,287,287,0,,2026-09-01T19:04:17.664Z,2026-09-01T21:14:55.846Z,7838,2026-09-01T21:14:55.846Z,NLR,N. Little Rock,0e5f68b5-5669-4bb1-91ce-4b967b620e7d,SAMMS-NLROBOT
202609012114519504,202609011903672888,202609011903672005,85,361,Bronze INV,br_AdmissionAssessment,TASK_COMPLETE,SUCCESS,INFO,0,0,0,,2026-09-01T19:04:17.664Z,2026-09-01T21:14:55.846Z,7838,2026-09-01T21:14:55.846Z,PH,Phoenix,0e5f68b5-5669-4bb1-91ce-4b967b620e7d,SAMMS-Phoenix
202609012114519506,202609011903672889,202609011903672005,85,365,Bronze INV,br_AdmissionAssessment,TASK_COMPLETE,SUCCESS,INFO,203,203,0,,2026-09-01T19:04:17.664Z,2026-09-01T21:14:55.846Z,7838,2026-09-01T21:14:55.846Z,RE,Reno,0e5f68b5-5669-4bb1-91ce-4b967b620e7d,SAMMS-Reno
202609012114519507,202609011903672890,202609011903672005,85,366,Bronze INV,br_AdmissionAssessment,TASK_COMPLETE,SUCCESS,INFO,1,1,0,,2026-09-01T19:04:17.664Z,2026-09-01T21:14:55.846Z,7838,2026-09-01T21:14:55.846Z,RMD,Richmond,0e5f68b5-5669-4bb1-91ce-4b967b620e7d,SAMMS-Richmond
202609012114519508,202609011903672891,202609011903672005,85,367,Bronze INV,br_AdmissionAssessment,TASK_COMPLETE,SUCCESS,INFO,184,184,0,,2026-09-01T19:04:17.664Z,2026-09-01T21:14:55.846Z,7838,2026-09-01T21:14:55.846Z,SFN,Springfield North,0e5f68b5-5669-4bb1-91ce-4b967b620e7d,SAMMS-SFNv5
202609012114519509,202609011903672892,202609011903672005,85,368,Bronze INV,br_AdmissionAssessment,TASK_COMPLETE,SUCCESS,INFO,154,154,0,,2026-09-01T19:04:17.664Z,2026-09-01T21:14:55.846Z,7838,2026-09-01T21:14:55.846Z,SHP,Shreveport,0e5f68b5-5669-4bb1-91ce-4b967b620e7d,SAMMS-Shreveport
202609012114519510,202609011903672893,202609011903672005,85,370,Bronze INV,br_AdmissionAssessment,TASK_COMPLETE,SUCCESS,INFO,0,0,0,,2026-09-01T19:04:17.664Z,2026-09-01T21:14:55.846Z,7838,2026-09-01T21:14:55.846Z,STN,Staunton,0e5f68b5-5669-4bb1-91ce-4b967b620e7d,SAMMS-Staunton
202609012114519511,202609011903672894,202609011903672005,85,371,Bronze INV,br_AdmissionAssessment,TASK_COMPLETE,SUCCESS,INFO,25,25,0,,2026-09-01T19:04:17.664Z,2026-09-01T21:14:55.846Z,7838,2026-09-01T21:14:55.846Z,STVN,Stevenson,0e5f68b5-5669-4bb1-91ce-4b967b620e7d,SAMMS-Stevenson
202609012114519512,202609011903672895,202609011903672005,85,373,Bronze INV,br_AdmissionAssessment,TASK_COMPLETE,SUCCESS,INFO,0,0,0,,2026-09-01T19:04:17.664Z,2026-09-01T21:14:55.846Z,7838,2026-09-01T21:14:55.846Z,TE,Tempe,0e5f68b5-5669-4bb1-91ce-4b967b620e7d,SAMMS-Tempe
202609012114519514,202609011903672896,202609011903672005,85,374,Bronze INV,br_AdmissionAssessment,TASK_COMPLETE,SUCCESS,INFO,164,164,0,,2026-09-01T19:04:17.664Z,2026-09-01T21:14:55.846Z,7838,2026-09-01T21:14:55.846Z,TEX,Texarkana,0e5f68b5-5669-4bb1-91ce-4b967b620e7d,SAMMS-Texarkana
202609012114519515,202609011903672897,202609011903672005,85,375,Bronze INV,br_AdmissionAssessment,TASK_COMPLETE,SUCCESS,INFO,135,135,0,,2026-09-01T19:04:17.664Z,2026-09-01T21:14:55.846Z,7838,2026-09-01T21:14:55.846Z,TTCA,Bessemer,0e5f68b5-5669-4bb1-91ce-4b967b620e7d,SAMMS-BessemerV5
202609012114519516,202609011903672898,202609011903672005,85,376,Bronze INV,br_AdmissionAssessment,TASK_COMPLETE,SUCCESS,INFO,156,156,0,,2026-09-01T19:04:17.664Z,2026-09-01T21:14:55.846Z,7838,2026-09-01T21:14:55.846Z,TTCB,Cullman,0e5f68b5-5669-4bb1-91ce-4b967b620e7d,SAMMS-CullmanV5
202609012114519517,202609011903672899,202609011903672005,85,377,Bronze INV,br_AdmissionAssessment,TASK_COMPLETE,SUCCESS,INFO,76,76,0,,2026-09-01T19:04:17.664Z,2026-09-01T21:14:55.846Z,7838,2026-09-01T21:14:55.846Z,TTCC,Grand Bay,0e5f68b5-5669-4bb1-91ce-4b967b620e7d,SAMMS-GrandBay
202609012114519518,202609011903672900,202609011903672005,85,378,Bronze INV,br_AdmissionAssessment,TASK_COMPLETE,SUCCESS,INFO,0,0,0,,2026-09-01T19:04:17.664Z,2026-09-01T21:14:55.846Z,7838,2026-09-01T21:14:55.846Z,TU,Tucson,0e5f68b5-5669-4bb1-91ce-4b967b620e7d,SAMMS-Tucson
202609012114519519,202609011903672901,202609011903672005,85,380,Bronze INV,br_AdmissionAssessment,TASK_COMPLETE,SUCCESS,INFO,58,58,0,,2026-09-01T19:04:17.664Z,2026-09-01T21:14:55.846Z,7838,2026-09-01T21:14:55.846Z,V1,Memphis South,0e5f68b5-5669-4bb1-91ce-4b967b620e7d,SAMMS-VCPHCS-I-MemphisV5
202609012114519520,202609011903672902,202609011903672005,85,381,Bronze INV,br_AdmissionAssessment,TASK_COMPLETE,SUCCESS,INFO,131,131,0,,2026-09-01T19:04:17.664Z,2026-09-01T21:14:55.846Z,7838,2026-09-01T21:14:55.846Z,V10,Longmont,0e5f68b5-5669-4bb1-91ce-4b967b620e7d,SAMMS-BoulderV5
202609012114519522,202609011903672903,202609011903672005,85,382,Bronze INV,br_AdmissionAssessment,TASK_COMPLETE,SUCCESS,INFO,274,274,0,,2026-09-01T19:04:17.664Z,2026-09-01T21:14:55.846Z,7838,2026-09-01T21:14:55.846Z,V10A,Fort Collins,0e5f68b5-5669-4bb1-91ce-4b967b620e7d,SAMMS-FortCollinsV5
202609012114519523,202609011903672904,202609011903672005,85,383,Bronze INV,br_AdmissionAssessment,TASK_COMPLETE,SUCCESS,INFO,205,205,0,,2026-09-01T19:04:17.664Z,2026-09-01T21:14:55.846Z,7838,2026-09-01T21:14:55.846Z,V11,Westminster,0e5f68b5-5669-4bb1-91ce-4b967b620e7d,SAMMS-VCPHCS-XI-NorthDenverV5
202609012114519524,202609011903672905,202609011903672005,85,384,Bronze INV,br_AdmissionAssessment,TASK_COMPLETE,SUCCESS,INFO,331,331,0,,2026-09-01T19:04:17.664Z,2026-09-01T21:14:55.846Z,7838,2026-09-01T21:14:55.846Z,V12,Downtown Denver,0e5f68b5-5669-4bb1-91ce-4b967b620e7d,SAMMS-VCPHCS-XII-DowntownDenverV5
202609012114519525,202609011903672906,202609011903672005,85,385,Bronze INV,br_AdmissionAssessment,TASK_COMPLETE,SUCCESS,INFO,82,82,0,,2026-09-01T19:04:17.664Z,2026-09-01T21:14:55.846Z,7838,2026-09-01T21:14:55.846Z,V12A,Centennial,0e5f68b5-5669-4bb1-91ce-4b967b620e7d,SAMMS-CentennialV5
202609012114519526,202609011903672907,202609011903672005,85,386,Bronze INV,br_AdmissionAssessment,TASK_COMPLETE,SUCCESS,INFO,119,119,0,,2026-09-01T19:04:17.664Z,2026-09-01T21:14:55.846Z,7838,2026-09-01T21:14:55.846Z,V14,Overland Park,0e5f68b5-5669-4bb1-91ce-4b967b620e7d,SAMMS-VCPHCS-XIV-BridgewayV5
202609012114519527,202609011903672908,202609011903672005,85,387,Bronze INV,br_AdmissionAssessment,TASK_COMPLETE,SUCCESS,INFO,197,197,0,,2026-09-01T19:04:17.664Z,2026-09-01T21:14:55.846Z,7838,2026-09-01T21:14:55.846Z,V15,Joplin,0e5f68b5-5669-4bb1-91ce-4b967b620e7d,SAMMS-JoplinV5
202609012114519528,202609011903672909,202609011903672005,85,389,Bronze INV,br_AdmissionAssessment,TASK_COMPLETE,SUCCESS,INFO,123,123,0,,2026-09-01T19:04:17.664Z,2026-09-01T21:14:55.846Z,7838,2026-09-01T21:14:55.846Z,V17,Columbia TN,0e5f68b5-5669-4bb1-91ce-4b967b620e7d,SAMMS-ColumbiaTNv5
202609012114519530,202609011903672910,202609011903672005,85,391,Bronze INV,br_AdmissionAssessment,TASK_COMPLETE,SUCCESS,INFO,146,146,0,,2026-09-01T19:04:17.664Z,2026-09-01T21:14:55.846Z,7838,2026-09-01T21:14:55.846Z,V19,Jackson,0e5f68b5-5669-4bb1-91ce-4b967b620e7d,SAMMS-JacksonV5
202609012114519531,202609011903672911,202609011903672005,85,393,Bronze INV,br_AdmissionAssessment,TASK_COMPLETE,SUCCESS,INFO,103,103,0,,2026-09-01T19:04:17.664Z,2026-09-01T21:14:55.846Z,7838,2026-09-01T21:14:55.846Z,V20,Paris,0e5f68b5-5669-4bb1-91ce-4b967b620e7d,SAMMS-ParisV5
202609012114519532,202609011903672912,202609011903672005,85,394,Bronze INV,br_AdmissionAssessment,TASK_COMPLETE,SUCCESS,INFO,61,61,0,,2026-09-01T19:04:17.664Z,2026-09-01T21:14:55.846Z,7838,2026-09-01T21:14:55.846Z,V21,Memphis North,0e5f68b5-5669-4bb1-91ce-4b967b620e7d,SAMMS-RaleighV5
202609012114519533,202609011903672913,202609011903672005,85,397,Bronze INV,br_AdmissionAssessment,TASK_COMPLETE,SUCCESS,INFO,189,189,0,,2026-09-01T19:04:17.664Z,2026-09-01T21:14:55.846Z,7838,2026-09-01T21:14:55.846Z,V5,West Bank,0e5f68b5-5669-4bb1-91ce-4b967b620e7d,SAMMS-NONTCv5
202609012114519534,202609011903672914,202609011903672005,85,399,Bronze INV,br_AdmissionAssessment,TASK_COMPLETE,SUCCESS,INFO,82,82,0,,2026-09-01T19:04:17.664Z,2026-09-01T21:14:55.846Z,7838,2026-09-01T21:14:55.846Z,V5B,Houma,0e5f68b5-5669-4bb1-91ce-4b967b620e7d,SAMMS-HoumaV6
202609012114519535,202609011903672915,202609011903672005,85,400,Bronze INV,br_AdmissionAssessment,TASK_COMPLETE,SUCCESS,INFO,233,233,0,,2026-09-01T19:04:17.664Z,2026-09-01T21:14:55.846Z,7838,2026-09-01T21:14:55.846Z,V6,Lake Charles,0e5f68b5-5669-4bb1-91ce-4b967b620e7d,SAMMS-LCv5
202609012114519536,202609011903672916,202609011903672005,85,402,Bronze INV,br_AdmissionAssessment,TASK_COMPLETE,SUCCESS,INFO,156,156,0,,2026-09-01T19:04:17.664Z,2026-09-01T21:14:55.846Z,7838,2026-09-01T21:14:55.846Z,V8,Memphis Midtown,0e5f68b5-5669-4bb1-91ce-4b967b620e7d,SAMMS-VCPHCS-VIII-MemphisV5
202609012114519538,202609011903672917,202609011903672005,85,403,Bronze INV,br_AdmissionAssessment,TASK_COMPLETE,SUCCESS,INFO,311,311,0,,2026-09-01T19:04:17.664Z,2026-09-01T21:14:55.846Z,7838,2026-09-01T21:14:55.846Z,V9,Nashville,0e5f68b5-5669-4bb1-91ce-4b967b620e7d,SAMMS-NashvilleV5
202609012114519539,202609011903672918,202609011903672005,85,404,Bronze INV,br_AdmissionAssessment,TASK_COMPLETE,SUCCESS,INFO,0,0,0,,2026-09-01T19:04:17.664Z,2026-09-01T21:14:55.846Z,7838,2026-09-01T21:14:55.846Z,VBRA,Brainerd,0e5f68b5-5669-4bb1-91ce-4b967b620e7d,SAMMS-BrainerdV6
202609012114519540,202609011903672919,202609011903672005,85,405,Bronze INV,br_AdmissionAssessment,TASK_COMPLETE,SUCCESS,INFO,2,2,0,,2026-09-01T19:04:17.664Z,2026-09-01T21:14:55.846Z,7838,2026-09-01T21:14:55.846Z,VBRP,Brooklyn Park,0e5f68b5-5669-4bb1-91ce-4b967b620e7d,SAMMS-BrooklynParkV6
202609012114519541,202609011903672920,202609011903672005,85,407,Bronze INV,br_AdmissionAssessment,TASK_COMPLETE,SUCCESS,INFO,3,3,0,,2026-09-01T19:04:17.664Z,2026-09-01T21:14:55.846Z,7838,2026-09-01T21:14:55.846Z,VMIN,Minneapolis,0e5f68b5-5669-4bb1-91ce-4b967b620e7d,SAMMS-MinneapolisV6
202609012114519542,202609011903672921,202609011903672005,85,408,Bronze INV,br_AdmissionAssessment,TASK_COMPLETE,SUCCESS,INFO,1,1,0,,2026-09-01T19:04:17.664Z,2026-09-01T21:14:55.846Z,7838,2026-09-01T21:14:55.846Z,VWBY,Woodbury,0e5f68b5-5669-4bb1-91ce-4b967b620e7d,SAMMS-WoodburyV6
202609012114519543,202609011903672922,202609011903672005,85,410,Bronze INV,br_AdmissionAssessment,TASK_COMPLETE,SUCCESS,INFO,116,116,0,,2026-09-01T19:04:17.664Z,2026-09-01T21:14:55.846Z,7838,2026-09-01T21:14:55.846Z,WIL,Wilson,0e5f68b5-5669-4bb1-91ce-4b967b620e7d,SAMMS-Wilson
202609012114519544,202609011903672923,202609011903672005,85,1518,Bronze INV,br_AdmissionAssessmentSummary,TASK_COMPLETE,SUCCESS,INFO,117,117,0,,2026-09-01T19:04:17.664Z,2026-09-01T21:14:55.846Z,7838,2026-09-01T21:14:55.846Z,AHK,Ahoskie,0e5f68b5-5669-4bb1-91ce-4b967b620e7d,SAMMS-Ahoskie
202609012114519546,202609011903672924,202609011903672005,85,1519,Bronze INV,br_AdmissionAssessmentSummary,TASK_COMPLETE,SUCCESS,INFO,811,811,0,,2026-09-01T19:04:17.664Z,2026-09-01T21:14:55.846Z,7838,2026-09-01T21:14:55.846Z,B12B,Colorado Springs,0e5f68b5-5669-4bb1-91ce-4b967b620e7d,SAMMS-ColoradoSpringsV5
202609012114519547,202609011903672925,202609011903672005,85,1520,Bronze INV,br_AdmissionAssessmentSummary,TASK_COMPLETE,SUCCESS,INFO,435,435,0,,2026-09-01T19:04:17.664Z,2026-09-01T21:14:55.846Z,7838,2026-09-01T21:14:55.846Z,B24,Paintsville,0e5f68b5-5669-4bb1-91ce-4b967b620e7d,SAMMS-PaintsvilleV5
202609012114519548,202609011903672926,202609011903672005,85,1521,Bronze INV,br_AdmissionAssessmentSummary,TASK_COMPLETE,SUCCESS,INFO,174,174,0,,2026-09-01T19:04:17.664Z,2026-09-01T21:14:55.846Z,7838,2026-09-01T21:14:55.846Z,B25,Pikeville,0e5f68b5-5669-4bb1-91ce-4b967b620e7d,SAMMS-PikevilleV5
202609012114519549,202609011903672927,202609011903672005,85,1522,Bronze INV,br_AdmissionAssessmentSummary,TASK_COMPLETE,SUCCESS,INFO,501,501,0,,2026-09-01T19:04:17.664Z,2026-09-01T21:14:55.846Z,7838,2026-09-01T21:14:55.846Z,B26,Hazard,0e5f68b5-5669-4bb1-91ce-4b967b620e7d,SAMMS-HazardV5
202609012114519550,202609011903672928,202609011903672005,85,1523,Bronze INV,br_AdmissionAssessmentSummary,TASK_COMPLETE,SUCCESS,INFO,199,199,0,,2026-09-01T19:04:17.664Z,2026-09-01T21:14:55.846Z,7838,2026-09-01T21:14:55.846Z,B27,Savannah,0e5f68b5-5669-4bb1-91ce-4b967b620e7d,SAMMS-SavannahV6
202609012114519551,202609011903672929,202609011903672005,85,1524,Bronze INV,br_AdmissionAssessmentSummary,TASK_COMPLETE,SUCCESS,INFO,241,241,0,,2026-09-01T19:04:17.664Z,2026-09-01T21:14:55.846Z,7838,2026-09-01T21:14:55.846Z,B28,West Plains,0e5f68b5-5669-4bb1-91ce-4b967b620e7d,SAMMS-WestPlainesV5
202609012114519552,202609011903672930,202609011903672005,85,1525,Bronze INV,br_AdmissionAssessmentSummary,TASK_COMPLETE,SUCCESS,INFO,264,264,0,,2026-09-01T19:04:17.664Z,2026-09-01T21:14:55.846Z,7838,2026-09-01T21:14:55.846Z,B29,Poplar Bluff,0e5f68b5-5669-4bb1-91ce-4b967b620e7d,SAMMS-PoplarBluffV5
202609012114519554,202609011903672931,202609011903672005,85,1526,Bronze INV,br_AdmissionAssessmentSummary,TASK_COMPLETE,SUCCESS,INFO,167,167,0,,2026-09-01T19:04:17.664Z,2026-09-01T21:14:55.846Z,7838,2026-09-01T21:14:55.846Z,B30,KC North,0e5f68b5-5669-4bb1-91ce-4b967b620e7d,SAMMS-KCNv5
202609012114519555,202609011903672932,202609011903672005,85,1527,Bronze INV,br_AdmissionAssessmentSummary,TASK_COMPLETE,SUCCESS,INFO,387,387,0,,2026-09-01T19:04:17.664Z,2026-09-01T21:14:55.846Z,7838,2026-09-01T21:14:55.846Z,B31,Dyersburg,0e5f68b5-5669-4bb1-91ce-4b967b620e7d,SAMMS-DyersburgV5
202609012114519556,202609011903672933,202609011903672005,85,1529,Bronze INV,br_AdmissionAssessmentSummary,TASK_COMPLETE,SUCCESS,INFO,217,217,0,,2026-09-01T19:04:17.664Z,2026-09-01T21:14:55.846Z,7838,2026-09-01T21:14:55.846Z,B33,Paducah,0e5f68b5-5669-4bb1-91ce-4b967b620e7d,SAMMS-Paducah
202609012114519557,202609011903672934,202609011903672005,85,1530,Bronze INV,br_AdmissionAssessmentSummary,TASK_COMPLETE,SUCCESS,INFO,461,461,0,,2026-09-01T19:04:17.664Z,2026-09-01T21:14:55.846Z,7838,2026-09-01T21:14:55.846Z,B34,Corbin,0e5f68b5-5669-4bb1-91ce-4b967b620e7d,SAMMS-CorbinV5
202609012114519558,202609011903672935,202609011903672005,85,1531,Bronze INV,br_AdmissionAssessmentSummary,TASK_COMPLETE,SUCCESS,INFO,738,738,0,,2026-09-01T19:04:17.664Z,2026-09-01T21:14:55.846Z,7838,2026-09-01T21:14:55.846Z,B35,Lexington,0e5f68b5-5669-4bb1-91ce-4b967b620e7d,SAMMS-LexingtonV5
202609012114519559,202609011903672936,202609011903672005,85,1532,Bronze INV,br_AdmissionAssessmentSummary,TASK_COMPLETE,SUCCESS,INFO,358,358,0,,2026-09-01T19:04:17.664Z,2026-09-01T21:14:55.846Z,7838,2026-09-01T21:14:55.846Z,B35A,Berea,0e5f68b5-5669-4bb1-91ce-4b967b620e7d,SAMMS-BereaV5
202609012114519560,202609011903672937,202609011903672005,85,1533,Bronze INV,br_AdmissionAssessmentSummary,TASK_COMPLETE,SUCCESS,INFO,636,636,0,,2026-09-01T19:04:17.664Z,2026-09-01T21:14:55.846Z,7838,2026-09-01T21:14:55.846Z,B36,Asheville,0e5f68b5-5669-4bb1-91ce-4b967b620e7d,SAMMS-AshevilleV5
202609012114519562,202609011903672938,202609011903672005,85,1534,Bronze INV,br_AdmissionAssessmentSummary,TASK_COMPLETE,SUCCESS,INFO,474,474,0,,2026-09-01T19:04:17.664Z,2026-09-01T21:14:55.846Z,7838,2026-09-01T21:14:55.846Z,B37,Clyde,0e5f68b5-5669-4bb1-91ce-4b967b620e7d,SAMMS-ClydeV5
202609012114519563,202609011903672939,202609011903672005,85,1535,Bronze INV,br_AdmissionAssessmentSummary,TASK_COMPLETE,SUCCESS,INFO,645,645,0,,2026-09-01T19:04:17.664Z,2026-09-01T21:14:55.846Z,7838,2026-09-01T21:14:55.846Z,B38,Spartanburg,0e5f68b5-5669-4bb1-91ce-4b967b620e7d,SAMMS-SpartanburgV5
202609012114519564,202609011903672940,202609011903672005,85,1536,Bronze INV,br_AdmissionAssessmentSummary,TASK_COMPLETE,SUCCESS,INFO,499,499,0,,2026-09-01T19:04:17.664Z,2026-09-01T21:14:55.846Z,7838,2026-09-01T21:14:55.846Z,B39,Aiken,0e5f68b5-5669-4bb1-91ce-4b967b620e7d,SAMMS-AikenV5
202609012114519565,202609011903672941,202609011903672005,85,1537,Bronze INV,br_AdmissionAssessmentSummary,TASK_COMPLETE,SUCCESS,INFO,329,329,0,,2026-09-01T19:04:17.664Z,2026-09-01T21:14:55.846Z,7838,2026-09-01T21:14:55.846Z,B41,Chesapeake,0e5f68b5-5669-4bb1-91ce-4b967b620e7d,SAMMS-ChesapeakeV5
202609012114519566,202609011903672942,202609011903672005,85,1538,Bronze INV,br_AdmissionAssessmentSummary,TASK_COMPLETE,SUCCESS,INFO,568,568,0,,2026-09-01T19:04:17.664Z,2026-09-01T21:14:55.846Z,7838,2026-09-01T21:14:55.846Z,B42,Virginia Beach,0e5f68b5-5669-4bb1-91ce-4b967b620e7d,SAMMS-VirginiaBeachV5
202609012114519567,202609011903672943,202609011903672005,85,1539,Bronze INV,br_AdmissionAssessmentSummary,TASK_COMPLETE,SUCCESS,INFO,175,175,0,,2026-09-01T19:04:17.664Z,2026-09-01T21:14:55.846Z,7838,2026-09-01T21:14:55.846Z,B42A,Newport News,0e5f68b5-5669-4bb1-91ce-4b967b620e7d,SAMMS-NewportNewsV5
202609012114519568,202609011903672944,202609011903672005,85,1540,Bronze INV,br_AdmissionAssessmentSummary,TASK_COMPLETE,SUCCESS,INFO,61,61,0,,2026-09-01T19:04:17.664Z,2026-09-01T21:14:55.846Z,7838,2026-09-01T21:14:55.846Z,B42B,Franklin,0e5f68b5-5669-4bb1-91ce-4b967b620e7d,SAMMS-FranklinV5
202609012114519570,202609011903672945,202609011903672005,85,1541,Bronze INV,br_AdmissionAssessmentSummary,TASK_COMPLETE,SUCCESS,INFO,352,352,0,,2026-09-01T19:04:17.664Z,2026-09-01T21:14:55.846Z,7838,2026-09-01T21:14:55.846Z,B42C,Glen Allen,0e5f68b5-5669-4bb1-91ce-4b967b620e7d,SAMMS-GlenAllenV5
202609012114519571,202609011903672946,202609011903672005,85,1542,Bronze INV,br_AdmissionAssessmentSummary,TASK_COMPLETE,SUCCESS,INFO,176,176,0,,2026-09-01T19:04:17.664Z,2026-09-01T21:14:55.846Z,7838,2026-09-01T21:14:55.846Z,B42D,Chesapeake South,0e5f68b5-5669-4bb1-91ce-4b967b620e7d,SAMMS-ChesapeakeSouthV5
202609012114519572,202609011903672947,202609011903672005,85,1543,Bronze INV,br_AdmissionAssessmentSummary,TASK_COMPLETE,SUCCESS,INFO,221,221,0,,2026-09-01T19:04:17.664Z,2026-09-01T21:14:55.846Z,7838,2026-09-01T21:14:55.846Z,B44,Albany,0e5f68b5-5669-4bb1-91ce-4b967b620e7d,SAMMS-AlbanyV5
202609012114519573,202609011903672948,202609011903672005,85,1544,Bronze INV,br_AdmissionAssessmentSummary,TASK_COMPLETE,SUCCESS,INFO,314,314,0,,2026-09-01T19:04:17.664Z,2026-09-01T21:14:55.846Z,7838,2026-09-01T21:14:55.846Z,B45,Tifton,0e5f68b5-5669-4bb1-91ce-4b967b620e7d,SAMMS-TiftonV5
202609012114519574,202609011903672949,202609011903672005,85,1545,Bronze INV,br_AdmissionAssessmentSummary,TASK_COMPLETE,SUCCESS,INFO,719,719,0,,2026-09-01T19:04:17.664Z,2026-09-01T21:14:55.846Z,7838,2026-09-01T21:14:55.846Z,B46,Washington DC,0e5f68b5-5669-4bb1-91ce-4b967b620e7d,SAMMS-WashingtonDCv5
202609012114519575,202609011903672950,202609011903672005,85,1546,Bronze INV,br_AdmissionAssessmentSummary,TASK_COMPLETE,SUCCESS,INFO,413,413,0,,2026-09-01T19:04:17.664Z,2026-09-01T21:14:55.846Z,7838,2026-09-01T21:14:55.846Z,B47,Mobile,0e5f68b5-5669-4bb1-91ce-4b967b620e7d,SAMMS-MobileV5
202609012114519576,202609011903672951,202609011903672005,85,1547,Bronze INV,br_AdmissionAssessmentSummary,TASK_COMPLETE,SUCCESS,INFO,481,481,0,,2026-09-01T19:04:17.664Z,2026-09-01T21:14:55.846Z,7838,2026-09-01T21:14:55.846Z,B48,Tuscaloosa,0e5f68b5-5669-4bb1-91ce-4b967b620e7d,SAMMS-TuscaloosaV5
202609022122571260,202609021903206850,202609021903206075,85,1843,Bronze INV,br_Appointments,TASK_COMPLETE,SUCCESS,INFO,1861,1861,0,,2026-09-02T19:03:39.838Z,2026-09-02T21:23:00.812Z,8361,2026-09-02T21:23:00.812Z,STVN,Stevenson,c49685cc-3281-44bc-a1c2-3be5b1110999,SAMMS-Stevenson
202609022122571261,202609021903206851,202609021903206075,85,1845,Bronze INV,br_Appointments,TASK_COMPLETE,SUCCESS,INFO,5535,5535,0,,2026-09-02T19:03:39.838Z,2026-09-02T21:23:00.812Z,8361,2026-09-02T21:23:00.812Z,TE,Tempe,c49685cc-3281-44bc-a1c2-3be5b1110999,SAMMS-Tempe
202609022122571262,202609021903206852,202609021903206075,85,1846,Bronze INV,br_Appointments,TASK_COMPLETE,SUCCESS,INFO,15365,15365,0,,2026-09-02T19:03:39.838Z,2026-09-02T21:23:00.812Z,8361,2026-09-02T21:23:00.812Z,TEX,Texarkana,c49685cc-3281-44bc-a1c2-3be5b1110999,SAMMS-Texarkana
202609022122571263,202609021903206853,202609021903206075,85,1847,Bronze INV,br_Appointments,TASK_COMPLETE,SUCCESS,INFO,7781,7781,0,,2026-09-02T19:03:39.838Z,2026-09-02T21:23:00.812Z,8361,2026-09-02T21:23:00.812Z,TTCA,Bessemer,c49685cc-3281-44bc-a1c2-3be5b1110999,SAMMS-BessemerV5
202609022122571264,202609021903206854,202609021903206075,85,1848,Bronze INV,br_Appointments,TASK_COMPLETE,SUCCESS,INFO,23143,23143,0,,2026-09-02T19:03:39.838Z,2026-09-02T21:23:00.812Z,8361,2026-09-02T21:23:00.812Z,TTCB,Cullman,c49685cc-3281-44bc-a1c2-3be5b1110999,SAMMS-CullmanV5
202609022122571265,202609021903206855,202609021903206075,85,1849,Bronze INV,br_Appointments,TASK_COMPLETE,SUCCESS,INFO,12675,12675,0,,2026-09-02T19:03:39.838Z,2026-09-02T21:23:00.812Z,8361,2026-09-02T21:23:00.812Z,TTCC,Grand Bay,c49685cc-3281-44bc-a1c2-3be5b1110999,SAMMS-GrandBay
202609022122571266,202609021903206856,202609021903206075,85,1850,Bronze INV,br_Appointments,TASK_COMPLETE,SUCCESS,INFO,1300,1300,0,,2026-09-02T19:03:39.838Z,2026-09-02T21:23:00.812Z,8361,2026-09-02T21:23:00.812Z,TU,Tucson,c49685cc-3281-44bc-a1c2-3be5b1110999,SAMMS-Tucson
202609022122571267,202609021903206857,202609021903206075,85,1852,Bronze INV,br_Appointments,TASK_COMPLETE,SUCCESS,INFO,8621,8621,0,,2026-09-02T19:03:39.838Z,2026-09-02T21:23:00.812Z,8361,2026-09-02T21:23:00.812Z,V1,Memphis South,c49685cc-3281-44bc-a1c2-3be5b1110999,SAMMS-VCPHCS-I-MemphisV5
202609022122571268,202609021903206858,202609021903206075,85,1853,Bronze INV,br_Appointments,TASK_COMPLETE,SUCCESS,INFO,17750,17750,0,,2026-09-02T19:03:39.838Z,2026-09-02T21:23:00.812Z,8361,2026-09-02T21:23:00.812Z,V10,Longmont,c49685cc-3281-44bc-a1c2-3be5b1110999,SAMMS-BoulderV5
202609022122571270,202609021903206859,202609021903206075,85,1854,Bronze INV,br_Appointments,TASK_COMPLETE,SUCCESS,INFO,43980,43980,0,,2026-09-02T19:03:39.838Z,2026-09-02T21:23:00.812Z,8361,2026-09-02T21:23:00.812Z,V10A,Fort Collins,c49685cc-3281-44bc-a1c2-3be5b1110999,SAMMS-FortCollinsV5
202609022122571271,202609021903206860,202609021903206075,85,1855,Bronze INV,br_Appointments,TASK_COMPLETE,SUCCESS,INFO,47314,47314,0,,2026-09-02T19:03:39.838Z,2026-09-02T21:23:00.812Z,8361,2026-09-02T21:23:00.812Z,V11,Westminster,c49685cc-3281-44bc-a1c2-3be5b1110999,SAMMS-VCPHCS-XI-NorthDenverV5
202609022122571272,202609021903206861,202609021903206075,85,1856,Bronze INV,br_Appointments,TASK_COMPLETE,SUCCESS,INFO,45000,45000,0,,2026-09-02T19:03:39.838Z,2026-09-02T21:23:00.812Z,8361,2026-09-02T21:23:00.812Z,V12,Downtown Denver,c49685cc-3281-44bc-a1c2-3be5b1110999,SAMMS-VCPHCS-XII-DowntownDenverV5
202609022122571273,202609021903206862,202609021903206075,85,1857,Bronze INV,br_Appointments,TASK_COMPLETE,SUCCESS,INFO,19005,19005,0,,2026-09-02T19:03:39.838Z,2026-09-02T21:23:00.812Z,8361,2026-09-02T21:23:00.812Z,V12A,Centennial,c49685cc-3281-44bc-a1c2-3be5b1110999,SAMMS-CentennialV5
202609022122571274,202609021903206863,202609021903206075,85,1858,Bronze INV,br_Appointments,TASK_COMPLETE,SUCCESS,INFO,9791,9791,0,,2026-09-02T19:03:39.838Z,2026-09-02T21:23:00.812Z,8361,2026-09-02T21:23:00.812Z,V14,Overland Park,c49685cc-3281-44bc-a1c2-3be5b1110999,SAMMS-VCPHCS-XIV-BridgewayV5
202609022122571275,202609021903206864,202609021903206075,85,1859,Bronze INV,br_Appointments,TASK_COMPLETE,SUCCESS,INFO,5448,5448,0,,2026-09-02T19:03:39.838Z,2026-09-02T21:23:00.812Z,8361,2026-09-02T21:23:00.812Z,V15,Joplin,c49685cc-3281-44bc-a1c2-3be5b1110999,SAMMS-JoplinV5
202609022122571276,202609021903206865,202609021903206075,85,1861,Bronze INV,br_Appointments,TASK_COMPLETE,SUCCESS,INFO,9062,9062,0,,2026-09-02T19:03:39.838Z,2026-09-02T21:23:00.812Z,8361,2026-09-02T21:23:00.812Z,V17,Columbia TN,c49685cc-3281-44bc-a1c2-3be5b1110999,SAMMS-ColumbiaTNv5
202609022122571277,202609021903206866,202609021903206075,85,1863,Bronze INV,br_Appointments,TASK_COMPLETE,SUCCESS,INFO,31359,31359,0,,2026-09-02T19:03:39.838Z,2026-09-02T21:23:00.812Z,8361,2026-09-02T21:23:00.812Z,V19,Jackson,c49685cc-3281-44bc-a1c2-3be5b1110999,SAMMS-JacksonV5
202609022122571278,202609021903206867,202609021903206075,85,1865,Bronze INV,br_Appointments,TASK_COMPLETE,SUCCESS,INFO,30649,30649,0,,2026-09-02T19:03:39.838Z,2026-09-02T21:23:00.812Z,8361,2026-09-02T21:23:00.812Z,V20,Paris,c49685cc-3281-44bc-a1c2-3be5b1110999,SAMMS-ParisV5
202609022122571280,202609021903206868,202609021903206075,85,1866,Bronze INV,br_Appointments,TASK_COMPLETE,SUCCESS,INFO,38537,38537,0,,2026-09-02T19:03:39.838Z,2026-09-02T21:23:00.812Z,8361,2026-09-02T21:23:00.812Z,V21,Memphis North,c49685cc-3281-44bc-a1c2-3be5b1110999,SAMMS-RaleighV5
202609022122571281,202609021903206869,202609021903206075,85,1869,Bronze INV,br_Appointments,TASK_COMPLETE,SUCCESS,INFO,25436,25436,0,,2026-09-02T19:03:39.838Z,2026-09-02T21:23:00.812Z,8361,2026-09-02T21:23:00.812Z,V5,West Bank,c49685cc-3281-44bc-a1c2-3be5b1110999,SAMMS-NONTCv5
202609022122571282,202609021903206870,202609021903206075,85,1871,Bronze INV,br_Appointments,TASK_COMPLETE,SUCCESS,INFO,4761,4761,0,,2026-09-02T19:03:39.838Z,2026-09-02T21:23:00.812Z,8361,2026-09-02T21:23:00.812Z,V5B,Houma,c49685cc-3281-44bc-a1c2-3be5b1110999,SAMMS-HoumaV6
202609022122571283,202609021903206871,202609021903206075,85,1872,Bronze INV,br_Appointments,TASK_COMPLETE,SUCCESS,INFO,44386,44386,0,,2026-09-02T19:03:39.838Z,2026-09-02T21:23:00.812Z,8361,2026-09-02T21:23:00.812Z,V6,Lake Charles,c49685cc-3281-44bc-a1c2-3be5b1110999,SAMMS-LCv5
202609022122571284,202609021903206872,202609021903206075,85,1874,Bronze INV,br_Appointments,TASK_COMPLETE,SUCCESS,INFO,13462,13462,0,,2026-09-02T19:03:39.838Z,2026-09-02T21:23:00.812Z,8361,2026-09-02T21:23:00.812Z,V8,Memphis Midtown,c49685cc-3281-44bc-a1c2-3be5b1110999,SAMMS-VCPHCS-VIII-MemphisV5
202609022122571285,202609021903206873,202609021903206075,85,1875,Bronze INV,br_Appointments,TASK_COMPLETE,SUCCESS,INFO,57137,57137,0,,2026-09-02T19:03:39.838Z,2026-09-02T21:23:00.812Z,8361,2026-09-02T21:23:00.812Z,V9,Nashville,c49685cc-3281-44bc-a1c2-3be5b1110999,SAMMS-NashvilleV5
202609022122571286,202609021903206874,202609021903206075,85,1876,Bronze INV,br_Appointments,TASK_COMPLETE,SUCCESS,INFO,20722,20722,0,,2026-09-02T19:03:39.838Z,2026-09-02T21:23:00.812Z,8361,2026-09-02T21:23:00.812Z,VBRA,Brainerd,c49685cc-3281-44bc-a1c2-3be5b1110999,SAMMS-BrainerdV6
202609022122571287,202609021903206875,202609021903206075,85,1877,Bronze INV,br_Appointments,TASK_COMPLETE,SUCCESS,INFO,79328,79328,0,,2026-09-02T19:03:39.838Z,2026-09-02T21:23:00.812Z,8361,2026-09-02T21:23:00.812Z,VBRP,Brooklyn Park,c49685cc-3281-44bc-a1c2-3be5b1110999,SAMMS-BrooklynParkV6
202609022122571289,202609021903206876,202609021903206075,85,1879,Bronze INV,br_Appointments,TASK_COMPLETE,SUCCESS,INFO,41148,41148,0,,2026-09-02T19:03:39.838Z,2026-09-02T21:23:00.812Z,8361,2026-09-02T21:23:00.812Z,VMIN,Minneapolis,c49685cc-3281-44bc-a1c2-3be5b1110999,SAMMS-MinneapolisV6
202609022122571290,202609021903206877,202609021903206075,85,1880,Bronze INV,br_Appointments,TASK_COMPLETE,SUCCESS,INFO,89822,89822,0,,2026-09-02T19:03:39.838Z,2026-09-02T21:23:00.812Z,8361,2026-09-02T21:23:00.812Z,VWBY,Woodbury,c49685cc-3281-44bc-a1c2-3be5b1110999,SAMMS-WoodburyV6
202609022122571291,202609021903206878,202609021903206075,85,1882,Bronze INV,br_Appointments,TASK_COMPLETE,SUCCESS,INFO,12961,12961,0,,2026-09-02T19:03:39.838Z,2026-09-02T21:23:00.812Z,8361,2026-09-02T21:23:00.812Z,WIL,Wilson,c49685cc-3281-44bc-a1c2-3be5b1110999,SAMMS-Wilson
202609022122571292,202609021903206879,202609021903206075,85,231,Bronze INV,br_AdmissionAssessment,TASK_COMPLETE,SUCCESS,INFO,243,243,0,,2026-09-02T19:03:39.838Z,2026-09-02T21:23:00.812Z,8361,2026-09-02T21:23:00.812Z,B12B,Colorado Springs,c49685cc-3281-44bc-a1c2-3be5b1110999,SAMMS-ColoradoSpringsV5
202609022122571293,202609021903206880,202609021903206075,85,232,Bronze INV,br_AdmissionAssessment,TASK_COMPLETE,SUCCESS,INFO,8,8,0,,2026-09-02T19:03:39.838Z,2026-09-02T21:23:00.812Z,8361,2026-09-02T21:23:00.812Z,B24,Paintsville,c49685cc-3281-44bc-a1c2-3be5b1110999,SAMMS-PaintsvilleV5
202609022122571294,202609021903206881,202609021903206075,85,233,Bronze INV,br_AdmissionAssessment,TASK_COMPLETE,SUCCESS,INFO,2,2,0,,2026-09-02T19:03:39.838Z,2026-09-02T21:23:00.812Z,8361,2026-09-02T21:23:00.812Z,B25,Pikeville,c49685cc-3281-44bc-a1c2-3be5b1110999,SAMMS-PikevilleV5
202609022122571295,202609021903206882,202609021903206075,85,234,Bronze INV,br_AdmissionAssessment,TASK_COMPLETE,SUCCESS,INFO,0,0,0,,2026-09-02T19:03:39.838Z,2026-09-02T21:23:00.812Z,8361,2026-09-02T21:23:00.812Z,B26,Hazard,c49685cc-3281-44bc-a1c2-3be5b1110999,SAMMS-HazardV5
202609022122571296,202609021903206883,202609021903206075,85,235,Bronze INV,br_AdmissionAssessment,TASK_COMPLETE,SUCCESS,INFO,50,50,0,,2026-09-02T19:03:39.838Z,2026-09-02T21:23:00.812Z,8361,2026-09-02T21:23:00.812Z,B27,Savannah,c49685cc-3281-44bc-a1c2-3be5b1110999,SAMMS-SavannahV6
202609022122571298,202609021903206884,202609021903206075,85,236,Bronze INV,br_AdmissionAssessment,TASK_COMPLETE,SUCCESS,INFO,99,99,0,,2026-09-02T19:03:39.838Z,2026-09-02T21:23:00.812Z,8361,2026-09-02T21:23:00.812Z,B28,West Plains,c49685cc-3281-44bc-a1c2-3be5b1110999,SAMMS-WestPlainesV5
202609022122571299,202609021903206885,202609021903206075,85,237,Bronze INV,br_AdmissionAssessment,TASK_COMPLETE,SUCCESS,INFO,80,80,0,,2026-09-02T19:03:39.838Z,2026-09-02T21:23:00.812Z,8361,2026-09-02T21:23:00.812Z,B29,Poplar Bluff,c49685cc-3281-44bc-a1c2-3be5b1110999,SAMMS-PoplarBluffV5
202609022122571300,202609021903206886,202609021903206075,85,238,Bronze INV,br_AdmissionAssessment,TASK_COMPLETE,SUCCESS,INFO,76,76,0,,2026-09-02T19:03:39.838Z,2026-09-02T21:23:00.812Z,8361,2026-09-02T21:23:00.812Z,B30,KC North,c49685cc-3281-44bc-a1c2-3be5b1110999,SAMMS-KCNv5
202609022122571301,202609021903206887,202609021903206075,85,239,Bronze INV,br_AdmissionAssessment,TASK_COMPLETE,SUCCESS,INFO,113,113,0,,2026-09-02T19:03:39.838Z,2026-09-02T21:23:00.812Z,8361,2026-09-02T21:23:00.812Z,B31,Dyersburg,c49685cc-3281-44bc-a1c2-3be5b1110999,SAMMS-DyersburgV5
202609022122571302,202609021903206888,202609021903206075,85,241,Bronze INV,br_AdmissionAssessment,TASK_COMPLETE,SUCCESS,INFO,1,1,0,,2026-09-02T19:03:39.838Z,2026-09-02T21:23:00.812Z,8361,2026-09-02T21:23:00.812Z,B33,Paducah,c49685cc-3281-44bc-a1c2-3be5b1110999,SAMMS-Paducah
202609022122571303,202609021903206889,202609021903206075,85,242,Bronze INV,br_AdmissionAssessment,TASK_COMPLETE,SUCCESS,INFO,1,1,0,,2026-09-02T19:03:39.838Z,2026-09-02T21:23:00.812Z,8361,2026-09-02T21:23:00.812Z,B34,Corbin,c49685cc-3281-44bc-a1c2-3be5b1110999,SAMMS-CorbinV5
202609022122571304,202609021903206890,202609021903206075,85,243,Bronze INV,br_AdmissionAssessment,TASK_COMPLETE,SUCCESS,INFO,5,5,0,,2026-09-02T19:03:39.838Z,2026-09-02T21:23:00.812Z,8361,2026-09-02T21:23:00.812Z,B35,Lexington,c49685cc-3281-44bc-a1c2-3be5b1110999,SAMMS-LexingtonV5
202609022122571305,202609021903206891,202609021903206075,85,244,Bronze INV,br_AdmissionAssessment,TASK_COMPLETE,SUCCESS,INFO,4,4,0,,2026-09-02T19:03:39.838Z,2026-09-02T21:23:00.812Z,8361,2026-09-02T21:23:00.812Z,B35A,Berea,c49685cc-3281-44bc-a1c2-3be5b1110999,SAMMS-BereaV5
202609022122571306,202609021903206892,202609021903206075,85,245,Bronze INV,br_AdmissionAssessment,TASK_COMPLETE,SUCCESS,INFO,188,188,0,,2026-09-02T19:03:39.838Z,2026-09-02T21:23:00.812Z,8361,2026-09-02T21:23:00.812Z,B36,Asheville,c49685cc-3281-44bc-a1c2-3be5b1110999,SAMMS-AshevilleV5
202609022122571308,202609021903206893,202609021903206075,85,246,Bronze INV,br_AdmissionAssessment,TASK_COMPLETE,SUCCESS,INFO,140,140,0,,2026-09-02T19:03:39.838Z,2026-09-02T21:23:00.812Z,8361,2026-09-02T21:23:00.812Z,B37,Clyde,c49685cc-3281-44bc-a1c2-3be5b1110999,SAMMS-ClydeV5
202609022122571309,202609021903206894,202609021903206075,85,247,Bronze INV,br_AdmissionAssessment,TASK_COMPLETE,SUCCESS,INFO,188,188,0,,2026-09-02T19:03:39.838Z,2026-09-02T21:23:00.812Z,8361,2026-09-02T21:23:00.812Z,B38,Spartanburg,c49685cc-3281-44bc-a1c2-3be5b1110999,SAMMS-SpartanburgV5
202609022122571310,202609021903206895,202609021903206075,85,248,Bronze INV,br_AdmissionAssessment,TASK_COMPLETE,SUCCESS,INFO,164,164,0,,2026-09-02T19:03:39.838Z,2026-09-02T21:23:00.812Z,8361,2026-09-02T21:23:00.812Z,B39,Aiken,c49685cc-3281-44bc-a1c2-3be5b1110999,SAMMS-AikenV5
202609022122571311,202609021903206896,202609021903206075,85,249,Bronze INV,br_AdmissionAssessment,TASK_COMPLETE,SUCCESS,INFO,2,2,0,,2026-09-02T19:03:39.838Z,2026-09-02T21:23:00.812Z,8361,2026-09-02T21:23:00.812Z,B41,Chesapeake,c49685cc-3281-44bc-a1c2-3be5b1110999,SAMMS-ChesapeakeV5
202609022122571312,202609021903206897,202609021903206075,85,250,Bronze INV,br_AdmissionAssessment,TASK_COMPLETE,SUCCESS,INFO,1,1,0,,2026-09-02T19:03:39.838Z,2026-09-02T21:23:00.812Z,8361,2026-09-02T21:23:00.812Z,B42,Virginia Beach,c49685cc-3281-44bc-a1c2-3be5b1110999,SAMMS-VirginiaBeachV5
202609022122571313,202609021903206898,202609021903206075,85,251,Bronze INV,br_AdmissionAssessment,TASK_COMPLETE,SUCCESS,INFO,1,1,0,,2026-09-02T19:03:39.838Z,2026-09-02T21:23:00.812Z,8361,2026-09-02T21:23:00.812Z,B42A,Newport News,c49685cc-3281-44bc-a1c2-3be5b1110999,SAMMS-NewportNewsV5
202609022122571314,202609021903206899,202609021903206075,85,252,Bronze INV,br_AdmissionAssessment,TASK_COMPLETE,SUCCESS,INFO,0,0,0,,2026-09-02T19:03:39.838Z,2026-09-02T21:23:00.812Z,8361,2026-09-02T21:23:00.812Z,B42B,Franklin,c49685cc-3281-44bc-a1c2-3be5b1110999,SAMMS-FranklinV5
202609022122571315,202609021903206900,202609021903206075,85,253,Bronze INV,br_AdmissionAssessment,TASK_COMPLETE,SUCCESS,INFO,2,2,0,,2026-09-02T19:03:39.838Z,2026-09-02T21:23:00.812Z,8361,2026-09-02T21:23:00.812Z,B42C,Glen Allen,c49685cc-3281-44bc-a1c2-3be5b1110999,SAMMS-GlenAllenV5
202609022122571317,202609021903206901,202609021903206075,85,254,Bronze INV,br_AdmissionAssessment,TASK_COMPLETE,SUCCESS,INFO,1,1,0,,2026-09-02T19:03:39.838Z,2026-09-02T21:23:00.812Z,8361,2026-09-02T21:23:00.812Z,B42D,Chesapeake South,c49685cc-3281-44bc-a1c2-3be5b1110999,SAMMS-ChesapeakeSouthV5
202609022122571318,202609021903206902,202609021903206075,85,255,Bronze INV,br_AdmissionAssessment,TASK_COMPLETE,SUCCESS,INFO,54,54,0,,2026-09-02T19:03:39.838Z,2026-09-02T21:23:00.812Z,8361,2026-09-02T21:23:00.812Z,B44,Albany,c49685cc-3281-44bc-a1c2-3be5b1110999,SAMMS-AlbanyV5
202609022122571319,202609021903206903,202609021903206075,85,256,Bronze INV,br_AdmissionAssessment,TASK_COMPLETE,SUCCESS,INFO,65,65,0,,2026-09-02T19:03:39.838Z,2026-09-02T21:23:00.812Z,8361,2026-09-02T21:23:00.812Z,B45,Tifton,c49685cc-3281-44bc-a1c2-3be5b1110999,SAMMS-TiftonV5
202609022122571320,202609021903206904,202609021903206075,85,257,Bronze INV,br_AdmissionAssessment,TASK_COMPLETE,SUCCESS,INFO,344,344,0,,2026-09-02T19:03:39.838Z,2026-09-02T21:23:00.812Z,8361,2026-09-02T21:23:00.812Z,B46,Washington DC,c49685cc-3281-44bc-a1c2-3be5b1110999,SAMMS-WashingtonDCv5
202609022122571321,202609021903206905,202609021903206075,85,258,Bronze INV,br_AdmissionAssessment,TASK_COMPLETE,SUCCESS,INFO,95,95,0,,2026-09-02T19:03:39.838Z,2026-09-02T21:23:00.812Z,8361,2026-09-02T21:23:00.812Z,B47,Mobile,c49685cc-3281-44bc-a1c2-3be5b1110999,SAMMS-MobileV5
202609022122571322,202609021903206906,202609021903206075,85,259,Bronze INV,br_AdmissionAssessment,TASK_COMPLETE,SUCCESS,INFO,154,154,0,,2026-09-02T19:03:39.838Z,2026-09-02T21:23:00.812Z,8361,2026-09-02T21:23:00.812Z,B48,Tuscaloosa,c49685cc-3281-44bc-a1c2-3be5b1110999,SAMMS-TuscaloosaV5
202609022122571323,202609021903206907,202609021903206075,85,268,Bronze INV,br_AdmissionAssessment,TASK_COMPLETE,SUCCESS,INFO,82,82,0,,2026-09-02T19:03:39.838Z,2026-09-02T21:23:00.812Z,8361,2026-09-02T21:23:00.812Z,B51,N. Little Rock (OTP),c49685cc-3281-44bc-a1c2-3be5b1110999,SAMMS-NorthLittleRockV6
202609022122571324,202609021903206908,202609021903206075,85,269,Bronze INV,br_AdmissionAssessment,TASK_COMPLETE,SUCCESS,INFO,48,48,0,,2026-09-02T19:03:39.838Z,2026-09-02T21:23:00.812Z,8361,2026-09-02T21:23:00.812Z,B52,Jackson GA,c49685cc-3281-44bc-a1c2-3be5b1110999,SAMMS-JacksonGAV5
202609022122571325,202609021903206909,202609021903206075,85,270,Bronze INV,br_AdmissionAssessment,TASK_COMPLETE,SUCCESS,INFO,167,167,0,,2026-09-02T19:03:39.838Z,2026-09-02T21:23:00.812Z,8361,2026-09-02T21:23:00.812Z,B54,Gadsden,c49685cc-3281-44bc-a1c2-3be5b1110999,SAMMS-GadsdenV5
202609022122571327,202609021903206910,202609021903206075,85,271,Bronze INV,br_AdmissionAssessment,TASK_COMPLETE,SUCCESS,INFO,156,156,0,,2026-09-02T19:03:39.838Z,2026-09-02T21:23:00.812Z,8361,2026-09-02T21:23:00.812Z,B55,Shoals,c49685cc-3281-44bc-a1c2-3be5b1110999,SAMMS-ShoalsV5
202609022122571328,202609021903206911,202609021903206075,85,272,Bronze INV,br_AdmissionAssessment,TASK_COMPLETE,SUCCESS,INFO,40,40,0,,2026-09-02T19:03:39.838Z,2026-09-02T21:23:00.812Z,8361,2026-09-02T21:23:00.812Z,B57,Pawtucket,c49685cc-3281-44bc-a1c2-3be5b1110999,SAMMS-Pawtucket
202609022122571329,202609021903206912,202609021903206075,85,273,Bronze INV,br_AdmissionAssessment,TASK_COMPLETE,SUCCESS,INFO,82,82,0,,2026-09-02T19:03:39.838Z,2026-09-02T21:23:00.812Z,8361,2026-09-02T21:23:00.812Z,B57A,Johnston,c49685cc-3281-44bc-a1c2-3be5b1110999,SAMMS-Johnston
202609022122571330,202609021903206913,202609021903206075,85,274,Bronze INV,br_AdmissionAssessment,TASK_COMPLETE,SUCCESS,INFO,41,41,0,,2026-09-02T19:03:39.838Z,2026-09-02T21:23:00.812Z,8361,2026-09-02T21:23:00.812Z,B57B,Middletown,c49685cc-3281-44bc-a1c2-3be5b1110999,SAMMS-Middletown
202609022122571331,202609021903206914,202609021903206075,85,275,Bronze INV,br_AdmissionAssessment,TASK_COMPLETE,SUCCESS,INFO,75,75,0,,2026-09-02T19:03:39.838Z,2026-09-02T21:23:00.812Z,8361,2026-09-02T21:23:00.812Z,B57C,Providence,c49685cc-3281-44bc-a1c2-3be5b1110999,SAMMS-Providence
202609022122571332,202609021903206915,202609021903206075,85,276,Bronze INV,br_AdmissionAssessment,TASK_COMPLETE,SUCCESS,INFO,81,81,0,,2026-09-02T19:03:39.838Z,2026-09-02T21:23:00.812Z,8361,2026-09-02T21:23:00.812Z,B57D,Westerly,c49685cc-3281-44bc-a1c2-3be5b1110999,SAMMS-Westerly
202609022122571333,202609021903206916,202609021903206075,85,280,Bronze INV,br_AdmissionAssessment,TASK_COMPLETE,SUCCESS,INFO,80,80,0,,2026-09-02T19:03:39.838Z,2026-09-02T21:23:00.812Z,8361,2026-09-02T21:23:00.812Z,B66A,Bremen,c49685cc-3281-44bc-a1c2-3be5b1110999,SAMMS-Bremen
202609022122571334,202609021903206917,202609021903206075,85,283,Bronze INV,br_AdmissionAssessment,TASK_COMPLETE,SUCCESS,INFO,25,25,0,,2026-09-02T19:03:39.838Z,2026-09-02T21:23:00.812Z,8361,2026-09-02T21:23:00.812Z,B72,Mobile (OBOT),c49685cc-3281-44bc-a1c2-3be5b1110999,SAMMS-Mobile-OBOT
202609022122571336,202609021903206918,202609021903206075,85,284,Bronze INV,br_AdmissionAssessment,TASK_COMPLETE,SUCCESS,INFO,2,2,0,,2026-09-02T19:03:39.838Z,2026-09-02T21:23:00.812Z,8361,2026-09-02T21:23:00.812Z,B73,Montgomery,c49685cc-3281-44bc-a1c2-3be5b1110999,SAMMS-Montgomery
202609022122571337,202609021903206919,202609021903206075,85,285,Bronze INV,br_AdmissionAssessment,TASK_COMPLETE,SUCCESS,INFO,102,102,0,,2026-09-02T19:03:39.838Z,2026-09-02T21:23:00.812Z,8361,2026-09-02T21:23:00.812Z,B75,Lawrence,c49685cc-3281-44bc-a1c2-3be5b1110999,SAMMS-LawrenceV6
202609022122571338,202609021903206920,202609021903206075,85,286,Bronze INV,br_AdmissionAssessment,TASK_COMPLETE,SUCCESS,INFO,50,50,0,,2026-09-02T19:03:39.838Z,2026-09-02T21:23:00.812Z,8361,2026-09-02T21:23:00.812Z,B76,Huntsville OBOT,c49685cc-3281-44bc-a1c2-3be5b1110999,SAMMS-Huntsville-OBOT
202609022122571339,202609021903206921,202609021903206075,85,287,Bronze INV,br_AdmissionAssessment,TASK_COMPLETE,SUCCESS,INFO,131,131,0,,2026-09-02T19:03:39.838Z,2026-09-02T21:23:00.812Z,8361,2026-09-02T21:23:00.812Z,BAT,Batesville,c49685cc-3281-44bc-a1c2-3be5b1110999,SAMMS-Batesville
202609022122571340,202609021903206922,202609021903206075,85,288,Bronze INV,br_AdmissionAssessment,TASK_COMPLETE,SUCCESS,INFO,0,0,0,,2026-09-02T19:03:39.838Z,2026-09-02T21:23:00.812Z,8361,2026-09-02T21:23:00.812Z,BG,Bowling Green,c49685cc-3281-44bc-a1c2-3be5b1110999,SAMMS-BowlingGreen
202609022122571341,202609021903206923,202609021903206075,85,289,Bronze INV,br_AdmissionAssessment,TASK_COMPLETE,SUCCESS,INFO,87,87,0,,2026-09-02T19:03:39.838Z,2026-09-02T21:23:00.812Z,8361,2026-09-02T21:23:00.812Z,BOI,Boise,c49685cc-3281-44bc-a1c2-3be5b1110999,SAMMS-Boise
202609022122571342,202609021903206924,202609021903206075,85,296,Bronze INV,br_AdmissionAssessment,TASK_COMPLETE,SUCCESS,INFO,58,58,0,,2026-09-02T19:03:39.838Z,2026-09-02T21:23:00.812Z,8361,2026-09-02T21:23:00.812Z,CBCO,Coeur dAlene,c49685cc-3281-44bc-a1c2-3be5b1110999,SAMMS-CoeurdAleneV6
202609022122571343,202609021903206925,202609021903206075,85,315,Bronze INV,br_AdmissionAssessment,TASK_COMPLETE,SUCCESS,INFO,127,127,0,,2026-09-02T19:03:39.838Z,2026-09-02T21:23:00.812Z,8361,2026-09-02T21:23:00.812Z,CON,Conway,c49685cc-3281-44bc-a1c2-3be5b1110999,SAMMS-Conway
202609022122571344,202609021903206926,202609021903206075,85,316,Bronze INV,br_AdmissionAssessment,TASK_COMPLETE,SUCCESS,INFO,149,149,0,,2026-09-02T19:03:39.838Z,2026-09-02T21:23:00.812Z,8361,2026-09-02T21:23:00.812Z,D07,Medical Services Knox TN,c49685cc-3281-44bc-a1c2-3be5b1110999,SAMMS-KnoxvilleV6
202609022122571346,202609021903206927,202609021903206075,85,317,Bronze INV,br_AdmissionAssessment,TASK_COMPLETE,SUCCESS,INFO,172,172,0,,2026-09-02T19:03:39.838Z,2026-09-02T21:23:00.812Z,8361,2026-09-02T21:23:00.812Z,D08,Madison,c49685cc-3281-44bc-a1c2-3be5b1110999,SAMMS-MadisonV6
202609022122571347,202609021903206928,202609021903206075,85,319,Bronze INV,br_AdmissionAssessment,TASK_COMPLETE,SUCCESS,INFO,207,207,0,,2026-09-02T19:03:39.838Z,2026-09-02T21:23:00.812Z,8361,2026-09-02T21:23:00.812Z,D09,Murfreesboro,c49685cc-3281-44bc-a1c2-3be5b1110999,SAMMS-MurfreesboroV6
202609022122571348,202609021903206929,202609021903206075,85,320,Bronze INV,br_AdmissionAssessment,TASK_COMPLETE,SUCCESS,INFO,82,82,0,,2026-09-02T19:03:39.838Z,2026-09-02T21:23:00.812Z,8361,2026-09-02T21:23:00.812Z,DA,Davenport,c49685cc-3281-44bc-a1c2-3be5b1110999,SAMMS-Davenport
202609022122571349,202609021903206930,202609021903206075,85,321,Bronze INV,br_AdmissionAssessment,TASK_COMPLETE,SUCCESS,INFO,138,138,0,,2026-09-02T19:03:39.838Z,2026-09-02T21:23:00.812Z,8361,2026-09-02T21:23:00.812Z,DM,Des Moines,c49685cc-3281-44bc-a1c2-3be5b1110999,SAMMS-DesMoines
202609022122571350,202609021903206931,202609021903206075,85,323,Bronze INV,br_AdmissionAssessment,TASK_COMPLETE,SUCCESS,INFO,143,143,0,,2026-09-02T19:03:39.838Z,2026-09-02T21:23:00.812Z,8361,2026-09-02T21:23:00.812Z,DRD-CO,Columbia MO,c49685cc-3281-44bc-a1c2-3be5b1110999,SAMMS-ColumbiaV5
202609022122571351,202609021903206932,202609021903206075,85,324,Bronze INV,br_AdmissionAssessment,TASK_COMPLETE,SUCCESS,INFO,159,159,0,,2026-09-02T19:03:39.838Z,2026-09-02T21:23:00.812Z,8361,2026-09-02T21:23:00.812Z,DRD-KC,KC,c49685cc-3281-44bc-a1c2-3be5b1110999,SAMMS-KCv5
202609022122571352,202609021903206933,202609021903206075,85,325,Bronze INV,br_AdmissionAssessment,TASK_COMPLETE,SUCCESS,INFO,120,120,0,,2026-09-02T19:03:39.838Z,2026-09-02T21:23:00.812Z,8361,2026-09-02T21:23:00.812Z,DRD-KVB,KVB,c49685cc-3281-44bc-a1c2-3be5b1110999,SAMMS-KVBv5
202609022122571353,202609021903206934,202609021903206075,85,326,Bronze INV,br_AdmissionAssessment,TASK_COMPLETE,SUCCESS,INFO,366,366,0,,2026-09-02T19:03:39.838Z,2026-09-02T21:23:00.812Z,8361,2026-09-02T21:23:00.812Z,DRD-KVC,KVC,c49685cc-3281-44bc-a1c2-3be5b1110999,SAMMS-KVCv5
202609022122571354,202609021903206935,202609021903206075,85,327,Bronze INV,br_AdmissionAssessment,TASK_COMPLETE,SUCCESS,INFO,320,320,0,,2026-09-02T19:03:39.838Z,2026-09-02T21:23:00.812Z,8361,2026-09-02T21:23:00.812Z,DRD-NOLA,NOLA,c49685cc-3281-44bc-a1c2-3be5b1110999,SAMMS-NOLAv5
202608312116372616,202608311905653097,202608311905652236,85,328,Bronze INV,br_AdmissionAssessment,TASK_COMPLETE,SUCCESS,INFO,255,255,0,,2026-08-31T19:06:18.658Z,2026-08-31T21:16:41.151Z,7823,2026-08-31T21:16:41.151Z,DRD-SF,Springfield,79f5b39e-d314-4ad3-8050-3ace553d67de,SAMMS-SFv5
202608312116372617,202608311905653098,202608311905652236,85,330,Bronze INV,br_AdmissionAssessment,TASK_COMPLETE,SUCCESS,INFO,89,89,0,,2026-08-31T19:06:18.658Z,2026-08-31T21:16:41.151Z,7823,2026-08-31T21:16:41.151Z,ELC,Elizabeth City,79f5b39e-d314-4ad3-8050-3ace553d67de,SAMMS-ElizabethCity
202608312116372618,202608311905653099,202608311905652236,85,331,Bronze INV,br_AdmissionAssessment,TASK_COMPLETE,SUCCESS,INFO,4,4,0,,2026-08-31T19:06:18.658Z,2026-08-31T21:16:41.151Z,7823,2026-08-31T21:16:41.151Z,ET,Elizabethtown,79f5b39e-d314-4ad3-8050-3ace553d67de,SAMMS-Elizabethtown
202608312116372619,202608311905653100,202608311905652236,85,332,Bronze INV,br_AdmissionAssessment,TASK_COMPLETE,SUCCESS,INFO,117,117,0,,2026-08-31T19:06:18.658Z,2026-08-31T21:16:41.151Z,7823,2026-08-31T21:16:41.151Z,FAY,Fayetteville,79f5b39e-d314-4ad3-8050-3ace553d67de,SAMMS-Fayetteville
202608312116372620,202608311905653101,202608311905652236,85,333,Bronze INV,br_AdmissionAssessment,TASK_COMPLETE,SUCCESS,INFO,3,3,0,,2026-08-31T19:06:18.658Z,2026-08-31T21:16:41.151Z,7823,2026-08-31T21:16:41.151Z,FR,Frankfort,79f5b39e-d314-4ad3-8050-3ace553d67de,SAMMS-Frankfort
202608312116372622,202608311905653102,202608311905652236,85,334,Bronze INV,br_AdmissionAssessment,TASK_COMPLETE,SUCCESS,INFO,111,111,0,,2026-08-31T19:06:18.658Z,2026-08-31T21:16:41.151Z,7823,2026-08-31T21:16:41.151Z,FS,Fort Smith,79f5b39e-d314-4ad3-8050-3ace553d67de,SAMMS-FortSmith
202608312116372623,202608311905653103,202608311905652236,85,335,Bronze INV,br_AdmissionAssessment,TASK_COMPLETE,SUCCESS,INFO,208,208,0,,2026-08-31T19:06:18.658Z,2026-08-31T21:16:41.151Z,7823,2026-08-31T21:16:41.151Z,FW,Fort Wayne,79f5b39e-d314-4ad3-8050-3ace553d67de,SAMMS-FortWayne
202608312116372624,202608311905653104,202608311905652236,85,336,Bronze INV,br_AdmissionAssessment,TASK_COMPLETE,SUCCESS,INFO,35,35,0,,2026-08-31T19:06:18.658Z,2026-08-31T21:16:41.151Z,7823,2026-08-31T21:16:41.151Z,GAL,Gaylord,79f5b39e-d314-4ad3-8050-3ace553d67de,SAMMS-Gaylord
202608312116372625,202608311905653105,202608311905652236,85,340,Bronze INV,br_AdmissionAssessment,TASK_COMPLETE,SUCCESS,INFO,165,165,0,,2026-08-31T19:06:18.658Z,2026-08-31T21:16:41.151Z,7823,2026-08-31T21:16:41.151Z,HGT,Hagerstown,79f5b39e-d314-4ad3-8050-3ace553d67de,SAMMS-Hagerstown
202608312116372626,202608311905653106,202608311905652236,85,341,Bronze INV,br_AdmissionAssessment,TASK_COMPLETE,SUCCESS,INFO,125,125,0,,2026-08-31T19:06:18.658Z,2026-08-31T21:16:41.151Z,7823,2026-08-31T21:16:41.151Z,HNT,Huntsville,79f5b39e-d314-4ad3-8050-3ace553d67de,SAMMS-Huntsville
202608312116372627,202608311905653107,202608311905652236,85,342,Bronze INV,br_AdmissionAssessment,TASK_COMPLETE,SUCCESS,INFO,152,152,0,,2026-08-31T19:06:18.658Z,2026-08-31T21:16:41.151Z,7823,2026-08-31T21:16:41.151Z,HS,Hot Springs,79f5b39e-d314-4ad3-8050-3ace553d67de,SAMMS-HotSprings
202608312116372629,202608311905653108,202608311905652236,85,343,Bronze INV,br_AdmissionAssessment,TASK_COMPLETE,SUCCESS,INFO,78,78,0,,2026-08-31T19:06:18.658Z,2026-08-31T21:16:41.151Z,7823,2026-08-31T21:16:41.151Z,JON,Jonesboro,79f5b39e-d314-4ad3-8050-3ace553d67de,SAMMS-Jonesboro
202608312116372630,202608311905653109,202608311905652236,85,345,Bronze INV,br_AdmissionAssessment,TASK_COMPLETE,SUCCESS,INFO,74,74,0,,2026-08-31T19:06:18.658Z,2026-08-31T21:16:41.151Z,7823,2026-08-31T21:16:41.151Z,LAN,Lansing,79f5b39e-d314-4ad3-8050-3ace553d67de,SAMMS-Lansing
202608312116372631,202608311905653110,202608311905652236,85,346,Bronze INV,br_AdmissionAssessment,TASK_COMPLETE,SUCCESS,INFO,2,2,0,,2026-08-31T19:06:18.658Z,2026-08-31T21:16:41.151Z,7823,2026-08-31T21:16:41.151Z,LO,Louisville,79f5b39e-d314-4ad3-8050-3ace553d67de,SAMMS-Louisville
202608312116372632,202608311905653111,202608311905652236,85,347,Bronze INV,br_AdmissionAssessment,TASK_COMPLETE,SUCCESS,INFO,379,379,0,,2026-08-31T19:06:18.658Z,2026-08-31T21:16:41.151Z,7823,2026-08-31T21:16:41.151Z,LV1,Cheyenne,79f5b39e-d314-4ad3-8050-3ace553d67de,SAMMS-Cheyenne
202608312116372633,202608311905653112,202608311905652236,85,348,Bronze INV,br_AdmissionAssessment,TASK_COMPLETE,SUCCESS,INFO,350,350,0,,2026-08-31T19:06:18.658Z,2026-08-31T21:16:41.151Z,7823,2026-08-31T21:16:41.151Z,LV2,Desert Inn,79f5b39e-d314-4ad3-8050-3ace553d67de,SAMMS-DesertInn
202608312116372634,202608311905653113,202608311905652236,85,349,Bronze INV,br_AdmissionAssessment,TASK_COMPLETE,SUCCESS,INFO,106,106,0,,2026-08-31T19:06:18.658Z,2026-08-31T21:16:41.151Z,7823,2026-08-31T21:16:41.151Z,LV3,McDaniel,79f5b39e-d314-4ad3-8050-3ace553d67de,SAMMS-McDaniel
202608312116372635,202608311905653114,202608311905652236,85,352,Bronze INV,br_AdmissionAssessment,TASK_COMPLETE,SUCCESS,INFO,88,88,0,,2026-08-31T19:06:18.658Z,2026-08-31T21:16:41.151Z,7823,2026-08-31T21:16:41.151Z,MNRE,Monroe,79f5b39e-d314-4ad3-8050-3ace553d67de,SAMMS-Monroe
202608312116372636,202608311905653115,202608311905652236,85,353,Bronze INV,br_AdmissionAssessment,TASK_COMPLETE,SUCCESS,INFO,62,62,0,,2026-08-31T19:06:18.658Z,2026-08-31T21:16:41.151Z,7823,2026-08-31T21:16:41.151Z,MP,Mt. Pleasant,79f5b39e-d314-4ad3-8050-3ace553d67de,SAMMS-MtPleasant
202608312116372638,202608311905653116,202608311905652236,85,354,Bronze INV,br_AdmissionAssessment,TASK_COMPLETE,SUCCESS,INFO,56,56,0,,2026-08-31T19:06:18.658Z,2026-08-31T21:16:41.151Z,7823,2026-08-31T21:16:41.151Z,MRD,Meridian,79f5b39e-d314-4ad3-8050-3ace553d67de,SAMMS-Meridian
202608312116372639,202608311905653117,202608311905652236,85,359,Bronze INV,br_AdmissionAssessment,TASK_COMPLETE,SUCCESS,INFO,199,199,0,,2026-08-31T19:06:18.658Z,2026-08-31T21:16:41.151Z,7823,2026-08-31T21:16:41.151Z,NC,North Charleston,79f5b39e-d314-4ad3-8050-3ace553d67de,SAMMS-NorthCharleston
202608312116372640,202608311905653118,202608311905652236,85,360,Bronze INV,br_AdmissionAssessment,TASK_COMPLETE,SUCCESS,INFO,287,287,0,,2026-08-31T19:06:18.658Z,2026-08-31T21:16:41.151Z,7823,2026-08-31T21:16:41.151Z,NLR,N. Little Rock,79f5b39e-d314-4ad3-8050-3ace553d67de,SAMMS-NLROBOT
202608312116372641,202608311905653119,202608311905652236,85,361,Bronze INV,br_AdmissionAssessment,TASK_COMPLETE,SUCCESS,INFO,0,0,0,,2026-08-31T19:06:18.658Z,2026-08-31T21:16:41.151Z,7823,2026-08-31T21:16:41.151Z,PH,Phoenix,79f5b39e-d314-4ad3-8050-3ace553d67de,SAMMS-Phoenix
202608312116372642,202608311905653120,202608311905652236,85,365,Bronze INV,br_AdmissionAssessment,TASK_COMPLETE,SUCCESS,INFO,203,203,0,,2026-08-31T19:06:18.658Z,2026-08-31T21:16:41.151Z,7823,2026-08-31T21:16:41.151Z,RE,Reno,79f5b39e-d314-4ad3-8050-3ace553d67de,SAMMS-Reno
202608312116372643,202608311905653121,202608311905652236,85,366,Bronze INV,br_AdmissionAssessment,TASK_COMPLETE,SUCCESS,INFO,2,2,0,,2026-08-31T19:06:18.658Z,2026-08-31T21:16:41.151Z,7823,2026-08-31T21:16:41.151Z,RMD,Richmond,79f5b39e-d314-4ad3-8050-3ace553d67de,SAMMS-Richmond
202608312116372645,202608311905653122,202608311905652236,85,367,Bronze INV,br_AdmissionAssessment,TASK_COMPLETE,SUCCESS,INFO,183,183,0,,2026-08-31T19:06:18.658Z,2026-08-31T21:16:41.151Z,7823,2026-08-31T21:16:41.151Z,SFN,Springfield North,79f5b39e-d314-4ad3-8050-3ace553d67de,SAMMS-SFNv5
202608312116372646,202608311905653123,202608311905652236,85,368,Bronze INV,br_AdmissionAssessment,TASK_COMPLETE,SUCCESS,INFO,154,154,0,,2026-08-31T19:06:18.658Z,2026-08-31T21:16:41.151Z,7823,2026-08-31T21:16:41.151Z,SHP,Shreveport,79f5b39e-d314-4ad3-8050-3ace553d67de,SAMMS-Shreveport
202608312116372647,202608311905653124,202608311905652236,85,370,Bronze INV,br_AdmissionAssessment,TASK_COMPLETE,SUCCESS,INFO,0,0,0,,2026-08-31T19:06:18.658Z,2026-08-31T21:16:41.151Z,7823,2026-08-31T21:16:41.151Z,STN,Staunton,79f5b39e-d314-4ad3-8050-3ace553d67de,SAMMS-Staunton
202608312116372648,202608311905653125,202608311905652236,85,371,Bronze INV,br_AdmissionAssessment,TASK_COMPLETE,SUCCESS,INFO,25,25,0,,2026-08-31T19:06:18.658Z,2026-08-31T21:16:41.151Z,7823,2026-08-31T21:16:41.151Z,STVN,Stevenson,79f5b39e-d314-4ad3-8050-3ace553d67de,SAMMS-Stevenson
202608312116372649,202608311905653126,202608311905652236,85,373,Bronze INV,br_AdmissionAssessment,TASK_COMPLETE,SUCCESS,INFO,0,0,0,,2026-08-31T19:06:18.658Z,2026-08-31T21:16:41.151Z,7823,2026-08-31T21:16:41.151Z,TE,Tempe,79f5b39e-d314-4ad3-8050-3ace553d67de,SAMMS-Tempe
202608312116372650,202608311905653127,202608311905652236,85,374,Bronze INV,br_AdmissionAssessment,TASK_COMPLETE,SUCCESS,INFO,167,167,0,,2026-08-31T19:06:18.658Z,2026-08-31T21:16:41.151Z,7823,2026-08-31T21:16:41.151Z,TEX,Texarkana,79f5b39e-d314-4ad3-8050-3ace553d67de,SAMMS-Texarkana
202608312116372651,202608311905653128,202608311905652236,85,375,Bronze INV,br_AdmissionAssessment,TASK_COMPLETE,SUCCESS,INFO,135,135,0,,2026-08-31T19:06:18.658Z,2026-08-31T21:16:41.151Z,7823,2026-08-31T21:16:41.151Z,TTCA,Bessemer,79f5b39e-d314-4ad3-8050-3ace553d67de,SAMMS-BessemerV5
202608312116372653,202608311905653129,202608311905652236,85,376,Bronze INV,br_AdmissionAssessment,TASK_COMPLETE,SUCCESS,INFO,156,156,0,,2026-08-31T19:06:18.658Z,2026-08-31T21:16:41.151Z,7823,2026-08-31T21:16:41.151Z,TTCB,Cullman,79f5b39e-d314-4ad3-8050-3ace553d67de,SAMMS-CullmanV5
202608312116372654,202608311905653130,202608311905652236,85,377,Bronze INV,br_AdmissionAssessment,TASK_COMPLETE,SUCCESS,INFO,75,75,0,,2026-08-31T19:06:18.658Z,2026-08-31T21:16:41.151Z,7823,2026-08-31T21:16:41.151Z,TTCC,Grand Bay,79f5b39e-d314-4ad3-8050-3ace553d67de,SAMMS-GrandBay
202608312116372655,202608311905653131,202608311905652236,85,378,Bronze INV,br_AdmissionAssessment,TASK_COMPLETE,SUCCESS,INFO,0,0,0,,2026-08-31T19:06:18.658Z,2026-08-31T21:16:41.151Z,7823,2026-08-31T21:16:41.151Z,TU,Tucson,79f5b39e-d314-4ad3-8050-3ace553d67de,SAMMS-Tucson
202608312116372656,202608311905653132,202608311905652236,85,380,Bronze INV,br_AdmissionAssessment,TASK_COMPLETE,SUCCESS,INFO,58,58,0,,2026-08-31T19:06:18.658Z,2026-08-31T21:16:41.151Z,7823,2026-08-31T21:16:41.151Z,V1,Memphis South,79f5b39e-d314-4ad3-8050-3ace553d67de,SAMMS-VCPHCS-I-MemphisV5
202608312116372657,202608311905653133,202608311905652236,85,381,Bronze INV,br_AdmissionAssessment,TASK_COMPLETE,SUCCESS,INFO,130,130,0,,2026-08-31T19:06:18.658Z,2026-08-31T21:16:41.151Z,7823,2026-08-31T21:16:41.151Z,V10,Longmont,79f5b39e-d314-4ad3-8050-3ace553d67de,SAMMS-BoulderV5
202608312116372658,202608311905653134,202608311905652236,85,382,Bronze INV,br_AdmissionAssessment,TASK_COMPLETE,SUCCESS,INFO,274,274,0,,2026-08-31T19:06:18.658Z,2026-08-31T21:16:41.151Z,7823,2026-08-31T21:16:41.151Z,V10A,Fort Collins,79f5b39e-d314-4ad3-8050-3ace553d67de,SAMMS-FortCollinsV5
202608312116372659,202608311905653135,202608311905652236,85,383,Bronze INV,br_AdmissionAssessment,TASK_COMPLETE,SUCCESS,INFO,205,205,0,,2026-08-31T19:06:18.658Z,2026-08-31T21:16:41.151Z,7823,2026-08-31T21:16:41.151Z,V11,Westminster,79f5b39e-d314-4ad3-8050-3ace553d67de,SAMMS-VCPHCS-XI-NorthDenverV5
202608312116372661,202608311905653136,202608311905652236,85,384,Bronze INV,br_AdmissionAssessment,TASK_COMPLETE,SUCCESS,INFO,330,330,0,,2026-08-31T19:06:18.658Z,2026-08-31T21:16:41.151Z,7823,2026-08-31T21:16:41.151Z,V12,Downtown Denver,79f5b39e-d314-4ad3-8050-3ace553d67de,SAMMS-VCPHCS-XII-DowntownDenverV5
202608312116372662,202608311905653137,202608311905652236,85,385,Bronze INV,br_AdmissionAssessment,TASK_COMPLETE,SUCCESS,INFO,82,82,0,,2026-08-31T19:06:18.658Z,2026-08-31T21:16:41.151Z,7823,2026-08-31T21:16:41.151Z,V12A,Centennial,79f5b39e-d314-4ad3-8050-3ace553d67de,SAMMS-CentennialV5
202608312116372663,202608311905653138,202608311905652236,85,386,Bronze INV,br_AdmissionAssessment,TASK_COMPLETE,SUCCESS,INFO,117,117,0,,2026-08-31T19:06:18.658Z,2026-08-31T21:16:41.151Z,7823,2026-08-31T21:16:41.151Z,V14,Overland Park,79f5b39e-d314-4ad3-8050-3ace553d67de,SAMMS-VCPHCS-XIV-BridgewayV5
202608312116372664,202608311905653139,202608311905652236,85,387,Bronze INV,br_AdmissionAssessment,TASK_COMPLETE,SUCCESS,INFO,200,200,0,,2026-08-31T19:06:18.658Z,2026-08-31T21:16:41.151Z,7823,2026-08-31T21:16:41.151Z,V15,Joplin,79f5b39e-d314-4ad3-8050-3ace553d67de,SAMMS-JoplinV5
202608312116372665,202608311905653140,202608311905652236,85,389,Bronze INV,br_AdmissionAssessment,TASK_COMPLETE,SUCCESS,INFO,122,122,0,,2026-08-31T19:06:18.658Z,2026-08-31T21:16:41.151Z,7823,2026-08-31T21:16:41.151Z,V17,Columbia TN,79f5b39e-d314-4ad3-8050-3ace553d67de,SAMMS-ColumbiaTNv5
202608312116372666,202608311905653141,202608311905652236,85,391,Bronze INV,br_AdmissionAssessment,TASK_COMPLETE,SUCCESS,INFO,145,145,0,,2026-08-31T19:06:18.658Z,2026-08-31T21:16:41.151Z,7823,2026-08-31T21:16:41.151Z,V19,Jackson,79f5b39e-d314-4ad3-8050-3ace553d67de,SAMMS-JacksonV5
202608312116372667,202608311905653142,202608311905652236,85,393,Bronze INV,br_AdmissionAssessment,TASK_COMPLETE,SUCCESS,INFO,104,104,0,,2026-08-31T19:06:18.658Z,2026-08-31T21:16:41.151Z,7823,2026-08-31T21:16:41.151Z,V20,Paris,79f5b39e-d314-4ad3-8050-3ace553d67de,SAMMS-ParisV5
202608312116372669,202608311905653143,202608311905652236,85,394,Bronze INV,br_AdmissionAssessment,TASK_COMPLETE,SUCCESS,INFO,61,61,0,,2026-08-31T19:06:18.658Z,2026-08-31T21:16:41.151Z,7823,2026-08-31T21:16:41.151Z,V21,Memphis North,79f5b39e-d314-4ad3-8050-3ace553d67de,SAMMS-RaleighV5
202608312116372670,202608311905653144,202608311905652236,85,397,Bronze INV,br_AdmissionAssessment,TASK_COMPLETE,SUCCESS,INFO,189,189,0,,2026-08-31T19:06:18.658Z,2026-08-31T21:16:41.151Z,7823,2026-08-31T21:16:41.151Z,V5,West Bank,79f5b39e-d314-4ad3-8050-3ace553d67de,SAMMS-NONTCv5
202608312116372671,202608311905653145,202608311905652236,85,399,Bronze INV,br_AdmissionAssessment,TASK_COMPLETE,SUCCESS,INFO,83,83,0,,2026-08-31T19:06:18.658Z,2026-08-31T21:16:41.151Z,7823,2026-08-31T21:16:41.151Z,V5B,Houma,79f5b39e-d314-4ad3-8050-3ace553d67de,SAMMS-HoumaV6
202608312116372672,202608311905653146,202608311905652236,85,400,Bronze INV,br_AdmissionAssessment,TASK_COMPLETE,SUCCESS,INFO,233,233,0,,2026-08-31T19:06:18.658Z,2026-08-31T21:16:41.151Z,7823,2026-08-31T21:16:41.151Z,V6,Lake Charles,79f5b39e-d314-4ad3-8050-3ace553d67de,SAMMS-LCv5
202608312116372673,202608311905653147,202608311905652236,85,402,Bronze INV,br_AdmissionAssessment,TASK_COMPLETE,SUCCESS,INFO,155,155,0,,2026-08-31T19:06:18.658Z,2026-08-31T21:16:41.151Z,7823,2026-08-31T21:16:41.151Z,V8,Memphis Midtown,79f5b39e-d314-4ad3-8050-3ace553d67de,SAMMS-VCPHCS-VIII-MemphisV5
202608312116372674,202608311905653148,202608311905652236,85,403,Bronze INV,br_AdmissionAssessment,TASK_COMPLETE,SUCCESS,INFO,309,309,0,,2026-08-31T19:06:18.658Z,2026-08-31T21:16:41.151Z,7823,2026-08-31T21:16:41.151Z,V9,Nashville,79f5b39e-d314-4ad3-8050-3ace553d67de,SAMMS-NashvilleV5
202608312116372675,202608311905653149,202608311905652236,85,404,Bronze INV,br_AdmissionAssessment,TASK_COMPLETE,SUCCESS,INFO,0,0,0,,2026-08-31T19:06:18.658Z,2026-08-31T21:16:41.151Z,7823,2026-08-31T21:16:41.151Z,VBRA,Brainerd,79f5b39e-d314-4ad3-8050-3ace553d67de,SAMMS-BrainerdV6
202608312116372677,202608311905653150,202608311905652236,85,405,Bronze INV,br_AdmissionAssessment,TASK_COMPLETE,SUCCESS,INFO,2,2,0,,2026-08-31T19:06:18.658Z,2026-08-31T21:16:41.151Z,7823,2026-08-31T21:16:41.151Z,VBRP,Brooklyn Park,79f5b39e-d314-4ad3-8050-3ace553d67de,SAMMS-BrooklynParkV6
202608312116372678,202608311905653151,202608311905652236,85,407,Bronze INV,br_AdmissionAssessment,TASK_COMPLETE,SUCCESS,INFO,3,3,0,,2026-08-31T19:06:18.658Z,2026-08-31T21:16:41.151Z,7823,2026-08-31T21:16:41.151Z,VMIN,Minneapolis,79f5b39e-d314-4ad3-8050-3ace553d67de,SAMMS-MinneapolisV6
202608312116372679,202608311905653152,202608311905652236,85,408,Bronze INV,br_AdmissionAssessment,TASK_COMPLETE,SUCCESS,INFO,1,1,0,,2026-08-31T19:06:18.658Z,2026-08-31T21:16:41.151Z,7823,2026-08-31T21:16:41.151Z,VWBY,Woodbury,79f5b39e-d314-4ad3-8050-3ace553d67de,SAMMS-WoodburyV6
202608312116372680,202608311905653153,202608311905652236,85,410,Bronze INV,br_AdmissionAssessment,TASK_COMPLETE,SUCCESS,INFO,116,116,0,,2026-08-31T19:06:18.658Z,2026-08-31T21:16:41.151Z,7823,2026-08-31T21:16:41.151Z,WIL,Wilson,79f5b39e-d314-4ad3-8050-3ace553d67de,SAMMS-Wilson
202608312116372681,202608311905653154,202608311905652236,85,1518,Bronze INV,br_AdmissionAssessmentSummary,TASK_COMPLETE,SUCCESS,INFO,117,117,0,,2026-08-31T19:06:18.658Z,2026-08-31T21:16:41.151Z,7823,2026-08-31T21:16:41.151Z,AHK,Ahoskie,79f5b39e-d314-4ad3-8050-3ace553d67de,SAMMS-Ahoskie
202608312116372682,202608311905653155,202608311905652236,85,1519,Bronze INV,br_AdmissionAssessmentSummary,TASK_COMPLETE,SUCCESS,INFO,808,808,0,,2026-08-31T19:06:18.658Z,2026-08-31T21:16:41.151Z,7823,2026-08-31T21:16:41.151Z,B12B,Colorado Springs,79f5b39e-d314-4ad3-8050-3ace553d67de,SAMMS-ColoradoSpringsV5
202608312116372683,202608311905653156,202608311905652236,85,1520,Bronze INV,br_AdmissionAssessmentSummary,TASK_COMPLETE,SUCCESS,INFO,435,435,0,,2026-08-31T19:06:18.658Z,2026-08-31T21:16:41.151Z,7823,2026-08-31T21:16:41.151Z,B24,Paintsville,79f5b39e-d314-4ad3-8050-3ace553d67de,SAMMS-PaintsvilleV5
202608312116372684,202608311905653157,202608311905652236,85,1521,Bronze INV,br_AdmissionAssessmentSummary,TASK_COMPLETE,SUCCESS,INFO,174,174,0,,2026-08-31T19:06:18.658Z,2026-08-31T21:16:41.151Z,7823,2026-08-31T21:16:41.151Z,B25,Pikeville,79f5b39e-d314-4ad3-8050-3ace553d67de,SAMMS-PikevilleV5
202608312116372685,202608311905653158,202608311905652236,85,1522,Bronze INV,br_AdmissionAssessmentSummary,TASK_COMPLETE,SUCCESS,INFO,501,501,0,,2026-08-31T19:06:18.658Z,2026-08-31T21:16:41.151Z,7823,2026-08-31T21:16:41.151Z,B26,Hazard,79f5b39e-d314-4ad3-8050-3ace553d67de,SAMMS-HazardV5
202608312116372687,202608311905653159,202608311905652236,85,1523,Bronze INV,br_AdmissionAssessmentSummary,TASK_COMPLETE,SUCCESS,INFO,199,199,0,,2026-08-31T19:06:18.658Z,2026-08-31T21:16:41.151Z,7823,2026-08-31T21:16:41.151Z,B27,Savannah,79f5b39e-d314-4ad3-8050-3ace553d67de,SAMMS-SavannahV6
202608312116372688,202608311905653160,202608311905652236,85,1524,Bronze INV,br_AdmissionAssessmentSummary,TASK_COMPLETE,SUCCESS,INFO,240,240,0,,2026-08-31T19:06:18.658Z,2026-08-31T21:16:41.151Z,7823,2026-08-31T21:16:41.151Z,B28,West Plains,79f5b39e-d314-4ad3-8050-3ace553d67de,SAMMS-WestPlainesV5
202608312116372689,202608311905653161,202608311905652236,85,1525,Bronze INV,br_AdmissionAssessmentSummary,TASK_COMPLETE,SUCCESS,INFO,264,264,0,,2026-08-31T19:06:18.658Z,2026-08-31T21:16:41.151Z,7823,2026-08-31T21:16:41.151Z,B29,Poplar Bluff,79f5b39e-d314-4ad3-8050-3ace553d67de,SAMMS-PoplarBluffV5
202608312116372690,202608311905653162,202608311905652236,85,1526,Bronze INV,br_AdmissionAssessmentSummary,TASK_COMPLETE,SUCCESS,INFO,167,167,0,,2026-08-31T19:06:18.658Z,2026-08-31T21:16:41.151Z,7823,2026-08-31T21:16:41.151Z,B30,KC North,79f5b39e-d314-4ad3-8050-3ace553d67de,SAMMS-KCNv5
202608312116372691,202608311905653163,202608311905652236,85,1527,Bronze INV,br_AdmissionAssessmentSummary,TASK_COMPLETE,SUCCESS,INFO,387,387,0,,2026-08-31T19:06:18.658Z,2026-08-31T21:16:41.151Z,7823,2026-08-31T21:16:41.151Z,B31,Dyersburg,79f5b39e-d314-4ad3-8050-3ace553d67de,SAMMS-DyersburgV5
202608312116372692,202608311905653164,202608311905652236,85,1529,Bronze INV,br_AdmissionAssessmentSummary,TASK_COMPLETE,SUCCESS,INFO,217,217,0,,2026-08-31T19:06:18.658Z,2026-08-31T21:16:41.151Z,7823,2026-08-31T21:16:41.151Z,B33,Paducah,79f5b39e-d314-4ad3-8050-3ace553d67de,SAMMS-Paducah
202608312116372693,202608311905653165,202608311905652236,85,1530,Bronze INV,br_AdmissionAssessmentSummary,TASK_COMPLETE,SUCCESS,INFO,461,461,0,,2026-08-31T19:06:18.658Z,2026-08-31T21:16:41.151Z,7823,2026-08-31T21:16:41.151Z,B34,Corbin,79f5b39e-d314-4ad3-8050-3ace553d67de,SAMMS-CorbinV5
202608312116372694,202608311905653166,202608311905652236,85,1531,Bronze INV,br_AdmissionAssessmentSummary,TASK_COMPLETE,SUCCESS,INFO,738,738,0,,2026-08-31T19:06:18.658Z,2026-08-31T21:16:41.151Z,7823,2026-08-31T21:16:41.151Z,B35,Lexington,79f5b39e-d314-4ad3-8050-3ace553d67de,SAMMS-LexingtonV5
202608312116372695,202608311905653167,202608311905652236,85,1532,Bronze INV,br_AdmissionAssessmentSummary,TASK_COMPLETE,SUCCESS,INFO,358,358,0,,2026-08-31T19:06:18.658Z,2026-08-31T21:16:41.151Z,7823,2026-08-31T21:16:41.151Z,B35A,Berea,79f5b39e-d314-4ad3-8050-3ace553d67de,SAMMS-BereaV5
202608312116372697,202608311905653168,202608311905652236,85,1533,Bronze INV,br_AdmissionAssessmentSummary,TASK_COMPLETE,SUCCESS,INFO,636,636,0,,2026-08-31T19:06:18.658Z,2026-08-31T21:16:41.151Z,7823,2026-08-31T21:16:41.151Z,B36,Asheville,79f5b39e-d314-4ad3-8050-3ace553d67de,SAMMS-AshevilleV5
202608312116372698,202608311905653169,202608311905652236,85,1534,Bronze INV,br_AdmissionAssessmentSummary,TASK_COMPLETE,SUCCESS,INFO,474,474,0,,2026-08-31T19:06:18.658Z,2026-08-31T21:16:41.151Z,7823,2026-08-31T21:16:41.151Z,B37,Clyde,79f5b39e-d314-4ad3-8050-3ace553d67de,SAMMS-ClydeV5
202608312116372699,202608311905653170,202608311905652236,85,1535,Bronze INV,br_AdmissionAssessmentSummary,TASK_COMPLETE,SUCCESS,INFO,645,645,0,,2026-08-31T19:06:18.658Z,2026-08-31T21:16:41.151Z,7823,2026-08-31T21:16:41.151Z,B38,Spartanburg,79f5b39e-d314-4ad3-8050-3ace553d67de,SAMMS-SpartanburgV5
202608312116372700,202608311905653171,202608311905652236,85,1536,Bronze INV,br_AdmissionAssessmentSummary,TASK_COMPLETE,SUCCESS,INFO,498,498,0,,2026-08-31T19:06:18.658Z,2026-08-31T21:16:41.151Z,7823,2026-08-31T21:16:41.151Z,B39,Aiken,79f5b39e-d314-4ad3-8050-3ace553d67de,SAMMS-AikenV5
202608312116372701,202608311905653172,202608311905652236,85,1537,Bronze INV,br_AdmissionAssessmentSummary,TASK_COMPLETE,SUCCESS,INFO,329,329,0,,2026-08-31T19:06:18.658Z,2026-08-31T21:16:41.151Z,7823,2026-08-31T21:16:41.151Z,B41,Chesapeake,79f5b39e-d314-4ad3-8050-3ace553d67de,SAMMS-ChesapeakeV5
202608312116372702,202608311905653173,202608311905652236,85,1538,Bronze INV,br_AdmissionAssessmentSummary,TASK_COMPLETE,SUCCESS,INFO,568,568,0,,2026-08-31T19:06:18.658Z,2026-08-31T21:16:41.151Z,7823,2026-08-31T21:16:41.151Z,B42,Virginia Beach,79f5b39e-d314-4ad3-8050-3ace553d67de,SAMMS-VirginiaBeachV5
202608312116372703,202608311905653174,202608311905652236,85,1539,Bronze INV,br_AdmissionAssessmentSummary,TASK_COMPLETE,SUCCESS,INFO,175,175,0,,2026-08-31T19:06:18.658Z,2026-08-31T21:16:41.151Z,7823,2026-08-31T21:16:41.151Z,B42A,Newport News,79f5b39e-d314-4ad3-8050-3ace553d67de,SAMMS-NewportNewsV5
202608312116372704,202608311905653175,202608311905652236,85,1540,Bronze INV,br_AdmissionAssessmentSummary,TASK_COMPLETE,SUCCESS,INFO,61,61,0,,2026-08-31T19:06:18.658Z,2026-08-31T21:16:41.151Z,7823,2026-08-31T21:16:41.151Z,B42B,Franklin,79f5b39e-d314-4ad3-8050-3ace553d67de,SAMMS-FranklinV5
202608312116372705,202608311905653176,202608311905652236,85,1541,Bronze INV,br_AdmissionAssessmentSummary,TASK_COMPLETE,SUCCESS,INFO,352,352,0,,2026-08-31T19:06:18.658Z,2026-08-31T21:16:41.151Z,7823,2026-08-31T21:16:41.151Z,B42C,Glen Allen,79f5b39e-d314-4ad3-8050-3ace553d67de,SAMMS-GlenAllenV5
202608312116372707,202608311905653177,202608311905652236,85,1542,Bronze INV,br_AdmissionAssessmentSummary,TASK_COMPLETE,SUCCESS,INFO,176,176,0,,2026-08-31T19:06:18.658Z,2026-08-31T21:16:41.151Z,7823,2026-08-31T21:16:41.151Z,B42D,Chesapeake South,79f5b39e-d314-4ad3-8050-3ace553d67de,SAMMS-ChesapeakeSouthV5
202608312116372708,202608311905653178,202608311905652236,85,1543,Bronze INV,br_AdmissionAssessmentSummary,TASK_COMPLETE,SUCCESS,INFO,220,220,0,,2026-08-31T19:06:18.658Z,2026-08-31T21:16:41.151Z,7823,2026-08-31T21:16:41.151Z,B44,Albany,79f5b39e-d314-4ad3-8050-3ace553d67de,SAMMS-AlbanyV5
202608312116372709,202608311905653179,202608311905652236,85,1544,Bronze INV,br_AdmissionAssessmentSummary,TASK_COMPLETE,SUCCESS,INFO,313,313,0,,2026-08-31T19:06:18.658Z,2026-08-31T21:16:41.151Z,7823,2026-08-31T21:16:41.151Z,B45,Tifton,79f5b39e-d314-4ad3-8050-3ace553d67de,SAMMS-TiftonV5
202608312116372710,202608311905653180,202608311905652236,85,1545,Bronze INV,br_AdmissionAssessmentSummary,TASK_COMPLETE,SUCCESS,INFO,717,717,0,,2026-08-31T19:06:18.658Z,2026-08-31T21:16:41.151Z,7823,2026-08-31T21:16:41.151Z,B46,Washington DC,79f5b39e-d314-4ad3-8050-3ace553d67de,SAMMS-WashingtonDCv5
202608312116372711,202608311905653181,202608311905652236,85,1546,Bronze INV,br_AdmissionAssessmentSummary,TASK_COMPLETE,SUCCESS,INFO,412,412,0,,2026-08-31T19:06:18.658Z,2026-08-31T21:16:41.151Z,7823,2026-08-31T21:16:41.151Z,B47,Mobile,79f5b39e-d314-4ad3-8050-3ace553d67de,SAMMS-MobileV5
202608312116372712,202608311905653182,202608311905652236,85,1547,Bronze INV,br_AdmissionAssessmentSummary,TASK_COMPLETE,SUCCESS,INFO,481,481,0,,2026-08-31T19:06:18.658Z,2026-08-31T21:16:41.151Z,7823,2026-08-31T21:16:41.151Z,B48,Tuscaloosa,79f5b39e-d314-4ad3-8050-3ace553d67de,SAMMS-TuscaloosaV5
202608292054381233,202608291904436385,202608291904434406,85,3201,Bronze INV,br_ReAssessmentFamily,TASK_COMPLETE,SUCCESS,INFO,587,587,0,,2026-08-29T19:04:49.126Z,2026-08-29T20:54:41.421Z,6592,2026-08-29T20:54:41.421Z,B46,Washington DC,dd7385f2-fbd4-41a4-afcd-7296aca5e198,SAMMS-WashingtonDCv5
202608292054381234,202608291904436386,202608291904434406,85,3202,Bronze INV,br_ReAssessmentFamily,TASK_COMPLETE,SUCCESS,INFO,1570,1570,0,,2026-08-29T19:04:49.126Z,2026-08-29T20:54:41.421Z,6592,2026-08-29T20:54:41.421Z,B47,Mobile,dd7385f2-fbd4-41a4-afcd-7296aca5e198,SAMMS-MobileV5
202608292054381235,202608291904436387,202608291904434406,85,3203,Bronze INV,br_ReAssessmentFamily,TASK_COMPLETE,SUCCESS,INFO,1297,1297,0,,2026-08-29T19:04:49.126Z,2026-08-29T20:54:41.421Z,6592,2026-08-29T20:54:41.421Z,B48,Tuscaloosa,dd7385f2-fbd4-41a4-afcd-7296aca5e198,SAMMS-TuscaloosaV5
202608292054381237,202608291904436388,202608291904434406,85,3212,Bronze INV,br_ReAssessmentFamily,TASK_COMPLETE,SUCCESS,INFO,2,2,0,,2026-08-29T19:04:49.126Z,2026-08-29T20:54:41.421Z,6592,2026-08-29T20:54:41.421Z,B51,N. Little Rock (OTP),dd7385f2-fbd4-41a4-afcd-7296aca5e198,SAMMS-NorthLittleRockV6
202608292054381238,202608291904436389,202608291904434406,85,3213,Bronze INV,br_ReAssessmentFamily,TASK_COMPLETE,SUCCESS,INFO,456,456,0,,2026-08-29T19:04:49.126Z,2026-08-29T20:54:41.421Z,6592,2026-08-29T20:54:41.421Z,B52,Jackson GA,dd7385f2-fbd4-41a4-afcd-7296aca5e198,SAMMS-JacksonGAV5
202608292054381239,202608291904436390,202608291904434406,85,3214,Bronze INV,br_ReAssessmentFamily,TASK_COMPLETE,SUCCESS,INFO,1708,1708,0,,2026-08-29T19:04:49.126Z,2026-08-29T20:54:41.421Z,6592,2026-08-29T20:54:41.421Z,B54,Gadsden,dd7385f2-fbd4-41a4-afcd-7296aca5e198,SAMMS-GadsdenV5
202608292054381240,202608291904436391,202608291904434406,85,3215,Bronze INV,br_ReAssessmentFamily,TASK_COMPLETE,SUCCESS,INFO,950,950,0,,2026-08-29T19:04:49.126Z,2026-08-29T20:54:41.421Z,6592,2026-08-29T20:54:41.421Z,B55,Shoals,dd7385f2-fbd4-41a4-afcd-7296aca5e198,SAMMS-ShoalsV5
202608292054381241,202608291904436392,202608291904434406,85,3216,Bronze INV,br_ReAssessmentFamily,TASK_COMPLETE,SUCCESS,INFO,294,294,0,,2026-08-29T19:04:49.126Z,2026-08-29T20:54:41.421Z,6592,2026-08-29T20:54:41.421Z,B57,Pawtucket,dd7385f2-fbd4-41a4-afcd-7296aca5e198,SAMMS-Pawtucket
202608292054381242,202608291904436393,202608291904434406,85,3217,Bronze INV,br_ReAssessmentFamily,TASK_COMPLETE,SUCCESS,INFO,551,551,0,,2026-08-29T19:04:49.126Z,2026-08-29T20:54:41.421Z,6592,2026-08-29T20:54:41.421Z,B57A,Johnston,dd7385f2-fbd4-41a4-afcd-7296aca5e198,SAMMS-Johnston
202608292054381244,202608291904436394,202608291904434406,85,3218,Bronze INV,br_ReAssessmentFamily,TASK_COMPLETE,SUCCESS,INFO,166,166,0,,2026-08-29T19:04:49.126Z,2026-08-29T20:54:41.421Z,6592,2026-08-29T20:54:41.421Z,B57B,Middletown,dd7385f2-fbd4-41a4-afcd-7296aca5e198,SAMMS-Middletown
202608292054381245,202608291904436395,202608291904434406,85,3219,Bronze INV,br_ReAssessmentFamily,TASK_COMPLETE,SUCCESS,INFO,413,413,0,,2026-08-29T19:04:49.126Z,2026-08-29T20:54:41.421Z,6592,2026-08-29T20:54:41.421Z,B57C,Providence,dd7385f2-fbd4-41a4-afcd-7296aca5e198,SAMMS-Providence
202608292054381246,202608291904436396,202608291904434406,85,3220,Bronze INV,br_ReAssessmentFamily,TASK_COMPLETE,SUCCESS,INFO,623,623,0,,2026-08-29T19:04:49.126Z,2026-08-29T20:54:41.421Z,6592,2026-08-29T20:54:41.421Z,B57D,Westerly,dd7385f2-fbd4-41a4-afcd-7296aca5e198,SAMMS-Westerly
202608292054381247,202608291904436397,202608291904434406,85,3224,Bronze INV,br_ReAssessmentFamily,TASK_COMPLETE,SUCCESS,INFO,4,4,0,,2026-08-29T19:04:49.126Z,2026-08-29T20:54:41.421Z,6592,2026-08-29T20:54:41.421Z,B66A,Bremen,dd7385f2-fbd4-41a4-afcd-7296aca5e198,SAMMS-Bremen
202608292054381248,202608291904436398,202608291904434406,85,3227,Bronze INV,br_ReAssessmentFamily,TASK_COMPLETE,SUCCESS,INFO,0,0,0,,2026-08-29T19:04:49.126Z,2026-08-29T20:54:41.421Z,6592,2026-08-29T20:54:41.421Z,B72,Mobile (OBOT),dd7385f2-fbd4-41a4-afcd-7296aca5e198,SAMMS-Mobile-OBOT
202608292054381249,202608291904436399,202608291904434406,85,3228,Bronze INV,br_ReAssessmentFamily,TASK_COMPLETE,SUCCESS,INFO,0,0,0,,2026-08-29T19:04:49.126Z,2026-08-29T20:54:41.421Z,6592,2026-08-29T20:54:41.421Z,B73,Montgomery,dd7385f2-fbd4-41a4-afcd-7296aca5e198,SAMMS-Montgomery
202608292054381251,202608291904436400,202608291904434406,85,3229,Bronze INV,br_ReAssessmentFamily,TASK_COMPLETE,SUCCESS,INFO,517,517,0,,2026-08-29T19:04:49.126Z,2026-08-29T20:54:41.421Z,6592,2026-08-29T20:54:41.421Z,B75,Lawrence,dd7385f2-fbd4-41a4-afcd-7296aca5e198,SAMMS-LawrenceV6
202608292054381252,202608291904436401,202608291904434406,85,3230,Bronze INV,br_ReAssessmentFamily,TASK_COMPLETE,SUCCESS,INFO,0,0,0,,2026-08-29T19:04:49.126Z,2026-08-29T20:54:41.421Z,6592,2026-08-29T20:54:41.421Z,B76,Huntsville OBOT,dd7385f2-fbd4-41a4-afcd-7296aca5e198,SAMMS-Huntsville-OBOT
202608292054381253,202608291904436402,202608291904434406,85,3231,Bronze INV,br_ReAssessmentFamily,TASK_COMPLETE,SUCCESS,INFO,0,0,0,,2026-08-29T19:04:49.126Z,2026-08-29T20:54:41.421Z,6592,2026-08-29T20:54:41.421Z,BAT,Batesville,dd7385f2-fbd4-41a4-afcd-7296aca5e198,SAMMS-Batesville
202608292054381254,202608291904436403,202608291904434406,85,3232,Bronze INV,br_ReAssessmentFamily,TASK_COMPLETE,SUCCESS,INFO,461,461,0,,2026-08-29T19:04:49.126Z,2026-08-29T20:54:41.421Z,6592,2026-08-29T20:54:41.421Z,BG,Bowling Green,dd7385f2-fbd4-41a4-afcd-7296aca5e198,SAMMS-BowlingGreen
202608292054381255,202608291904436404,202608291904434406,85,3233,Bronze INV,br_ReAssessmentFamily,TASK_COMPLETE,SUCCESS,INFO,181,181,0,,2026-08-29T19:04:49.126Z,2026-08-29T20:54:41.421Z,6592,2026-08-29T20:54:41.421Z,BOI,Boise,dd7385f2-fbd4-41a4-afcd-7296aca5e198,SAMMS-Boise
202608292054381256,202608291904436405,202608291904434406,85,3240,Bronze INV,br_ReAssessmentFamily,TASK_COMPLETE,SUCCESS,INFO,51,51,0,,2026-08-29T19:04:49.126Z,2026-08-29T20:54:41.421Z,6592,2026-08-29T20:54:41.421Z,CBCO,Coeur dAlene,dd7385f2-fbd4-41a4-afcd-7296aca5e198,SAMMS-CoeurdAleneV6
202608292054381257,202608291904436406,202608291904434406,85,3259,Bronze INV,br_ReAssessmentFamily,TASK_COMPLETE,SUCCESS,INFO,0,0,0,,2026-08-29T19:04:49.126Z,2026-08-29T20:54:41.421Z,6592,2026-08-29T20:54:41.421Z,CON,Conway,dd7385f2-fbd4-41a4-afcd-7296aca5e198,SAMMS-Conway
202608292054381259,202608291904436407,202608291904434406,85,3260,Bronze INV,br_ReAssessmentFamily,TASK_COMPLETE,SUCCESS,INFO,2575,2575,0,,2026-08-29T19:04:49.126Z,2026-08-29T20:54:41.421Z,6592,2026-08-29T20:54:41.421Z,D07,Medical Services Knox TN,dd7385f2-fbd4-41a4-afcd-7296aca5e198,SAMMS-KnoxvilleV6
202608292054381260,202608291904436408,202608291904434406,85,3261,Bronze INV,br_ReAssessmentFamily,TASK_COMPLETE,SUCCESS,INFO,111,111,0,,2026-08-29T19:04:49.126Z,2026-08-29T20:54:41.421Z,6592,2026-08-29T20:54:41.421Z,D08,Madison,dd7385f2-fbd4-41a4-afcd-7296aca5e198,SAMMS-MadisonV6
202608292054381261,202608291904436409,202608291904434406,85,3263,Bronze INV,br_ReAssessmentFamily,TASK_COMPLETE,SUCCESS,INFO,121,121,0,,2026-08-29T19:04:49.126Z,2026-08-29T20:54:41.421Z,6592,2026-08-29T20:54:41.421Z,D09,Murfreesboro,dd7385f2-fbd4-41a4-afcd-7296aca5e198,SAMMS-MurfreesboroV6
202608292054381262,202608291904436410,202608291904434406,85,3264,Bronze INV,br_ReAssessmentFamily,TASK_COMPLETE,SUCCESS,INFO,335,335,0,,2026-08-29T19:04:49.126Z,2026-08-29T20:54:41.421Z,6592,2026-08-29T20:54:41.421Z,DA,Davenport,dd7385f2-fbd4-41a4-afcd-7296aca5e198,SAMMS-Davenport
202608292054381263,202608291904436411,202608291904434406,85,3265,Bronze INV,br_ReAssessmentFamily,TASK_COMPLETE,SUCCESS,INFO,288,288,0,,2026-08-29T19:04:49.126Z,2026-08-29T20:54:41.421Z,6592,2026-08-29T20:54:41.421Z,DM,Des Moines,dd7385f2-fbd4-41a4-afcd-7296aca5e198,SAMMS-DesMoines
202608292054381264,202608291904436412,202608291904434406,85,3267,Bronze INV,br_ReAssessmentFamily,TASK_COMPLETE,SUCCESS,INFO,530,530,0,,2026-08-29T19:04:49.126Z,2026-08-29T20:54:41.421Z,6592,2026-08-29T20:54:41.421Z,DRD-CO,Columbia MO,dd7385f2-fbd4-41a4-afcd-7296aca5e198,SAMMS-ColumbiaV5
202608292054381266,202608291904436413,202608291904434406,85,3268,Bronze INV,br_ReAssessmentFamily,TASK_COMPLETE,SUCCESS,INFO,348,348,0,,2026-08-29T19:04:49.126Z,2026-08-29T20:54:41.421Z,6592,2026-08-29T20:54:41.421Z,DRD-KC,KC,dd7385f2-fbd4-41a4-afcd-7296aca5e198,SAMMS-KCv5
202608292054381267,202608291904436414,202608291904434406,85,3269,Bronze INV,br_ReAssessmentFamily,TASK_COMPLETE,SUCCESS,INFO,1549,1549,0,,2026-08-29T19:04:49.126Z,2026-08-29T20:54:41.421Z,6592,2026-08-29T20:54:41.421Z,DRD-KVB,KVB,dd7385f2-fbd4-41a4-afcd-7296aca5e198,SAMMS-KVBv5
202608292054381268,202608291904436415,202608291904434406,85,3270,Bronze INV,br_ReAssessmentFamily,TASK_COMPLETE,SUCCESS,INFO,1674,1674,0,,2026-08-29T19:04:49.126Z,2026-08-29T20:54:41.421Z,6592,2026-08-29T20:54:41.421Z,DRD-KVC,KVC,dd7385f2-fbd4-41a4-afcd-7296aca5e198,SAMMS-KVCv5
202608292054381269,202608291904436416,202608291904434406,85,3271,Bronze INV,br_ReAssessmentFamily,TASK_COMPLETE,SUCCESS,INFO,3205,3205,0,,2026-08-29T19:04:49.126Z,2026-08-29T20:54:41.421Z,6592,2026-08-29T20:54:41.421Z,DRD-NOLA,NOLA,dd7385f2-fbd4-41a4-afcd-7296aca5e198,SAMMS-NOLAv5
202608292054381270,202608291904436417,202608291904434406,85,3272,Bronze INV,br_ReAssessmentFamily,TASK_COMPLETE,SUCCESS,INFO,800,800,0,,2026-08-29T19:04:49.126Z,2026-08-29T20:54:41.421Z,6592,2026-08-29T20:54:41.421Z,DRD-SF,Springfield,dd7385f2-fbd4-41a4-afcd-7296aca5e198,SAMMS-SFv5
202608292054381271,202608291904436418,202608291904434406,85,3274,Bronze INV,br_ReAssessmentFamily,TASK_COMPLETE,SUCCESS,INFO,260,260,0,,2026-08-29T19:04:49.126Z,2026-08-29T20:54:41.421Z,6592,2026-08-29T20:54:41.421Z,ELC,Elizabeth City,dd7385f2-fbd4-41a4-afcd-7296aca5e198,SAMMS-ElizabethCity
202608292054381273,202608291904436419,202608291904434406,85,3275,Bronze INV,br_ReAssessmentFamily,TASK_COMPLETE,SUCCESS,INFO,128,128,0,,2026-08-29T19:04:49.126Z,2026-08-29T20:54:41.421Z,6592,2026-08-29T20:54:41.421Z,ET,Elizabethtown,dd7385f2-fbd4-41a4-afcd-7296aca5e198,SAMMS-Elizabethtown
202608292054381274,202608291904436420,202608291904434406,85,3276,Bronze INV,br_ReAssessmentFamily,TASK_COMPLETE,SUCCESS,INFO,0,0,0,,2026-08-29T19:04:49.126Z,2026-08-29T20:54:41.421Z,6592,2026-08-29T20:54:41.421Z,FAY,Fayetteville,dd7385f2-fbd4-41a4-afcd-7296aca5e198,SAMMS-Fayetteville
202608292054381275,202608291904436421,202608291904434406,85,3277,Bronze INV,br_ReAssessmentFamily,TASK_COMPLETE,SUCCESS,INFO,156,156,0,,2026-08-29T19:04:49.126Z,2026-08-29T20:54:41.421Z,6592,2026-08-29T20:54:41.421Z,FR,Frankfort,dd7385f2-fbd4-41a4-afcd-7296aca5e198,SAMMS-Frankfort
202608292054381276,202608291904436422,202608291904434406,85,3278,Bronze INV,br_ReAssessmentFamily,TASK_COMPLETE,SUCCESS,INFO,0,0,0,,2026-08-29T19:04:49.126Z,2026-08-29T20:54:41.421Z,6592,2026-08-29T20:54:41.421Z,FS,Fort Smith,dd7385f2-fbd4-41a4-afcd-7296aca5e198,SAMMS-FortSmith
202608292054381277,202608291904436423,202608291904434406,85,3279,Bronze INV,br_ReAssessmentFamily,TASK_COMPLETE,SUCCESS,INFO,467,467,0,,2026-08-29T19:04:49.126Z,2026-08-29T20:54:41.421Z,6592,2026-08-29T20:54:41.421Z,FW,Fort Wayne,dd7385f2-fbd4-41a4-afcd-7296aca5e198,SAMMS-FortWayne
202608292054381278,202608291904436424,202608291904434406,85,3280,Bronze INV,br_ReAssessmentFamily,TASK_COMPLETE,SUCCESS,INFO,276,276,0,,2026-08-29T19:04:49.126Z,2026-08-29T20:54:41.421Z,6592,2026-08-29T20:54:41.421Z,GAL,Gaylord,dd7385f2-fbd4-41a4-afcd-7296aca5e198,SAMMS-Gaylord
202608292054381279,202608291904436425,202608291904434406,85,3284,Bronze INV,br_ReAssessmentFamily,TASK_COMPLETE,SUCCESS,INFO,100,100,0,,2026-08-29T19:04:49.126Z,2026-08-29T20:54:41.421Z,6592,2026-08-29T20:54:41.421Z,HGT,Hagerstown,dd7385f2-fbd4-41a4-afcd-7296aca5e198,SAMMS-Hagerstown
202608292054381281,202608291904436426,202608291904434406,85,3285,Bronze INV,br_ReAssessmentFamily,TASK_COMPLETE,SUCCESS,INFO,1725,1725,0,,2026-08-29T19:04:49.126Z,2026-08-29T20:54:41.421Z,6592,2026-08-29T20:54:41.421Z,HNT,Huntsville,dd7385f2-fbd4-41a4-afcd-7296aca5e198,SAMMS-Huntsville
202608292054381282,202608291904436427,202608291904434406,85,3286,Bronze INV,br_ReAssessmentFamily,TASK_COMPLETE,SUCCESS,INFO,0,0,0,,2026-08-29T19:04:49.126Z,2026-08-29T20:54:41.421Z,6592,2026-08-29T20:54:41.421Z,HS,Hot Springs,dd7385f2-fbd4-41a4-afcd-7296aca5e198,SAMMS-HotSprings
202608292054381283,202608291904436428,202608291904434406,85,3287,Bronze INV,br_ReAssessmentFamily,TASK_COMPLETE,SUCCESS,INFO,0,0,0,,2026-08-29T19:04:49.126Z,2026-08-29T20:54:41.421Z,6592,2026-08-29T20:54:41.421Z,JON,Jonesboro,dd7385f2-fbd4-41a4-afcd-7296aca5e198,SAMMS-Jonesboro
202608292054381284,202608291904436429,202608291904434406,85,3289,Bronze INV,br_ReAssessmentFamily,TASK_COMPLETE,SUCCESS,INFO,447,447,0,,2026-08-29T19:04:49.126Z,2026-08-29T20:54:41.421Z,6592,2026-08-29T20:54:41.421Z,LAN,Lansing,dd7385f2-fbd4-41a4-afcd-7296aca5e198,SAMMS-Lansing
202608292054381285,202608291904436430,202608291904434406,85,3290,Bronze INV,br_ReAssessmentFamily,TASK_COMPLETE,SUCCESS,INFO,1287,1287,0,,2026-08-29T19:04:49.126Z,2026-08-29T20:54:41.421Z,6592,2026-08-29T20:54:41.421Z,LO,Louisville,dd7385f2-fbd4-41a4-afcd-7296aca5e198,SAMMS-Louisville
202608292054381286,202608291904436431,202608291904434406,85,3291,Bronze INV,br_ReAssessmentFamily,TASK_COMPLETE,SUCCESS,INFO,291,291,0,,2026-08-29T19:04:49.126Z,2026-08-29T20:54:41.421Z,6592,2026-08-29T20:54:41.421Z,LV1,Cheyenne,dd7385f2-fbd4-41a4-afcd-7296aca5e198,SAMMS-Cheyenne
202608292054381287,202608291904436432,202608291904434406,85,3292,Bronze INV,br_ReAssessmentFamily,TASK_COMPLETE,SUCCESS,INFO,205,205,0,,2026-08-29T19:04:49.126Z,2026-08-29T20:54:41.421Z,6592,2026-08-29T20:54:41.421Z,LV2,Desert Inn,dd7385f2-fbd4-41a4-afcd-7296aca5e198,SAMMS-DesertInn
202608292054381289,202608291904436433,202608291904434406,85,3293,Bronze INV,br_ReAssessmentFamily,TASK_COMPLETE,SUCCESS,INFO,110,110,0,,2026-08-29T19:04:49.126Z,2026-08-29T20:54:41.421Z,6592,2026-08-29T20:54:41.421Z,LV3,McDaniel,dd7385f2-fbd4-41a4-afcd-7296aca5e198,SAMMS-McDaniel
202608292054381290,202608291904436434,202608291904434406,85,3296,Bronze INV,br_ReAssessmentFamily,TASK_COMPLETE,SUCCESS,INFO,356,356,0,,2026-08-29T19:04:49.126Z,2026-08-29T20:54:41.421Z,6592,2026-08-29T20:54:41.421Z,MNRE,Monroe,dd7385f2-fbd4-41a4-afcd-7296aca5e198,SAMMS-Monroe
202608292054381291,202608291904436435,202608291904434406,85,3297,Bronze INV,br_ReAssessmentFamily,TASK_COMPLETE,SUCCESS,INFO,1423,1423,0,,2026-08-29T19:04:49.126Z,2026-08-29T20:54:41.421Z,6592,2026-08-29T20:54:41.421Z,MP,Mt. Pleasant,dd7385f2-fbd4-41a4-afcd-7296aca5e198,SAMMS-MtPleasant
202608292054381292,202608291904436436,202608291904434406,85,3298,Bronze INV,br_ReAssessmentFamily,TASK_COMPLETE,SUCCESS,INFO,153,153,0,,2026-08-29T19:04:49.126Z,2026-08-29T20:54:41.421Z,6592,2026-08-29T20:54:41.421Z,MRD,Meridian,dd7385f2-fbd4-41a4-afcd-7296aca5e198,SAMMS-Meridian
202608292054381294,202608291904436437,202608291904434406,85,3303,Bronze INV,br_ReAssessmentFamily,TASK_COMPLETE,SUCCESS,INFO,693,693,0,,2026-08-29T19:04:49.126Z,2026-08-29T20:54:41.421Z,6592,2026-08-29T20:54:41.421Z,NC,North Charleston,dd7385f2-fbd4-41a4-afcd-7296aca5e198,SAMMS-NorthCharleston
202608292054381295,202608291904436438,202608291904434406,85,3304,Bronze INV,br_ReAssessmentFamily,TASK_COMPLETE,SUCCESS,INFO,0,0,0,,2026-08-29T19:04:49.126Z,2026-08-29T20:54:41.421Z,6592,2026-08-29T20:54:41.421Z,NLR,N. Little Rock,dd7385f2-fbd4-41a4-afcd-7296aca5e198,SAMMS-NLROBOT
202608292054381296,202608291904436439,202608291904434406,85,3305,Bronze INV,br_ReAssessmentFamily,TASK_COMPLETE,SUCCESS,INFO,112,112,0,,2026-08-29T19:04:49.126Z,2026-08-29T20:54:41.421Z,6592,2026-08-29T20:54:41.421Z,PH,Phoenix,dd7385f2-fbd4-41a4-afcd-7296aca5e198,SAMMS-Phoenix
202608292054381297,202608291904436440,202608291904434406,85,3309,Bronze INV,br_ReAssessmentFamily,TASK_COMPLETE,SUCCESS,INFO,214,214,0,,2026-08-29T19:04:49.126Z,2026-08-29T20:54:41.421Z,6592,2026-08-29T20:54:41.421Z,RE,Reno,dd7385f2-fbd4-41a4-afcd-7296aca5e198,SAMMS-Reno
202608292054381298,202608291904436441,202608291904434406,85,3310,Bronze INV,br_ReAssessmentFamily,TASK_COMPLETE,SUCCESS,INFO,88,88,0,,2026-08-29T19:04:49.126Z,2026-08-29T20:54:41.421Z,6592,2026-08-29T20:54:41.421Z,RMD,Richmond,dd7385f2-fbd4-41a4-afcd-7296aca5e198,SAMMS-Richmond
202608292054381299,202608291904436442,202608291904434406,85,3311,Bronze INV,br_ReAssessmentFamily,TASK_COMPLETE,SUCCESS,INFO,589,589,0,,2026-08-29T19:04:49.126Z,2026-08-29T20:54:41.421Z,6592,2026-08-29T20:54:41.421Z,SFN,Springfield North,dd7385f2-fbd4-41a4-afcd-7296aca5e198,SAMMS-SFNv5
202608292054381300,202608291904436443,202608291904434406,85,3312,Bronze INV,br_ReAssessmentFamily,TASK_COMPLETE,SUCCESS,INFO,763,763,0,,2026-08-29T19:04:49.126Z,2026-08-29T20:54:41.421Z,6592,2026-08-29T20:54:41.421Z,SHP,Shreveport,dd7385f2-fbd4-41a4-afcd-7296aca5e198,SAMMS-Shreveport
202608292054381302,202608291904436444,202608291904434406,85,3314,Bronze INV,br_ReAssessmentFamily,TASK_COMPLETE,SUCCESS,INFO,484,484,0,,2026-08-29T19:04:49.126Z,2026-08-29T20:54:41.421Z,6592,2026-08-29T20:54:41.421Z,STN,Staunton,dd7385f2-fbd4-41a4-afcd-7296aca5e198,SAMMS-Staunton
202608292054381303,202608291904436445,202608291904434406,85,3315,Bronze INV,br_ReAssessmentFamily,TASK_COMPLETE,SUCCESS,INFO,225,225,0,,2026-08-29T19:04:49.126Z,2026-08-29T20:54:41.421Z,6592,2026-08-29T20:54:41.421Z,STVN,Stevenson,dd7385f2-fbd4-41a4-afcd-7296aca5e198,SAMMS-Stevenson
202608292054381304,202608291904436446,202608291904434406,85,3317,Bronze INV,br_ReAssessmentFamily,TASK_COMPLETE,SUCCESS,INFO,173,173,0,,2026-08-29T19:04:49.126Z,2026-08-29T20:54:41.421Z,6592,2026-08-29T20:54:41.421Z,TE,Tempe,dd7385f2-fbd4-41a4-afcd-7296aca5e198,SAMMS-Tempe
202608292054381305,202608291904436447,202608291904434406,85,3318,Bronze INV,br_ReAssessmentFamily,TASK_COMPLETE,SUCCESS,INFO,0,0,0,,2026-08-29T19:04:49.126Z,2026-08-29T20:54:41.421Z,6592,2026-08-29T20:54:41.421Z,TEX,Texarkana,dd7385f2-fbd4-41a4-afcd-7296aca5e198,SAMMS-Texarkana
202608292054381306,202608291904436448,202608291904434406,85,3319,Bronze INV,br_ReAssessmentFamily,TASK_COMPLETE,SUCCESS,INFO,1079,1079,0,,2026-08-29T19:04:49.126Z,2026-08-29T20:54:41.421Z,6592,2026-08-29T20:54:41.421Z,TTCA,Bessemer,dd7385f2-fbd4-41a4-afcd-7296aca5e198,SAMMS-BessemerV5
202608292054381307,202608291904436449,202608291904434406,85,3320,Bronze INV,br_ReAssessmentFamily,TASK_COMPLETE,SUCCESS,INFO,1317,1317,0,,2026-08-29T19:04:49.126Z,2026-08-29T20:54:41.421Z,6592,2026-08-29T20:54:41.421Z,TTCB,Cullman,dd7385f2-fbd4-41a4-afcd-7296aca5e198,SAMMS-CullmanV5
202608292054381308,202608291904436450,202608291904434406,85,3321,Bronze INV,br_ReAssessmentFamily,TASK_COMPLETE,SUCCESS,INFO,944,944,0,,2026-08-29T19:04:49.126Z,2026-08-29T20:54:41.421Z,6592,2026-08-29T20:54:41.421Z,TTCC,Grand Bay,dd7385f2-fbd4-41a4-afcd-7296aca5e198,SAMMS-GrandBay
202608292054381310,202608291904436451,202608291904434406,85,3322,Bronze INV,br_ReAssessmentFamily,TASK_COMPLETE,SUCCESS,INFO,15,15,0,,2026-08-29T19:04:49.126Z,2026-08-29T20:54:41.421Z,6592,2026-08-29T20:54:41.421Z,TU,Tucson,dd7385f2-fbd4-41a4-afcd-7296aca5e198,SAMMS-Tucson
202608292054381311,202608291904436452,202608291904434406,85,3324,Bronze INV,br_ReAssessmentFamily,TASK_COMPLETE,SUCCESS,INFO,660,660,0,,2026-08-29T19:04:49.126Z,2026-08-29T20:54:41.421Z,6592,2026-08-29T20:54:41.421Z,V1,Memphis South,dd7385f2-fbd4-41a4-afcd-7296aca5e198,SAMMS-VCPHCS-I-MemphisV5
202608292054381312,202608291904436453,202608291904434406,85,3325,Bronze INV,br_ReAssessmentFamily,TASK_COMPLETE,SUCCESS,INFO,1628,1628,0,,2026-08-29T19:04:49.126Z,2026-08-29T20:54:41.421Z,6592,2026-08-29T20:54:41.421Z,V10,Longmont,dd7385f2-fbd4-41a4-afcd-7296aca5e198,SAMMS-BoulderV5
202608292054381313,202608291904436454,202608291904434406,85,3326,Bronze INV,br_ReAssessmentFamily,TASK_COMPLETE,SUCCESS,INFO,1513,1513,0,,2026-08-29T19:04:49.126Z,2026-08-29T20:54:41.421Z,6592,2026-08-29T20:54:41.421Z,V10A,Fort Collins,dd7385f2-fbd4-41a4-afcd-7296aca5e198,SAMMS-FortCollinsV5
202608292054381314,202608291904436455,202608291904434406,85,3327,Bronze INV,br_ReAssessmentFamily,TASK_COMPLETE,SUCCESS,INFO,2870,2870,0,,2026-08-29T19:04:49.126Z,2026-08-29T20:54:41.421Z,6592,2026-08-29T20:54:41.421Z,V11,Westminster,dd7385f2-fbd4-41a4-afcd-7296aca5e198,SAMMS-VCPHCS-XI-NorthDenverV5
202608292054381315,202608291904436456,202608291904434406,85,3328,Bronze INV,br_ReAssessmentFamily,TASK_COMPLETE,SUCCESS,INFO,3037,3037,0,,2026-08-29T19:04:49.126Z,2026-08-29T20:54:41.421Z,6592,2026-08-29T20:54:41.421Z,V12,Downtown Denver,dd7385f2-fbd4-41a4-afcd-7296aca5e198,SAMMS-VCPHCS-XII-DowntownDenverV5
202608292054381316,202608291904436457,202608291904434406,85,3329,Bronze INV,br_ReAssessmentFamily,TASK_COMPLETE,SUCCESS,INFO,1141,1141,0,,2026-08-29T19:04:49.126Z,2026-08-29T20:54:41.421Z,6592,2026-08-29T20:54:41.421Z,V12A,Centennial,dd7385f2-fbd4-41a4-afcd-7296aca5e198,SAMMS-CentennialV5
202608292054381318,202608291904436458,202608291904434406,85,3330,Bronze INV,br_ReAssessmentFamily,TASK_COMPLETE,SUCCESS,INFO,294,294,0,,2026-08-29T19:04:49.126Z,2026-08-29T20:54:41.421Z,6592,2026-08-29T20:54:41.421Z,V14,Overland Park,dd7385f2-fbd4-41a4-afcd-7296aca5e198,SAMMS-VCPHCS-XIV-BridgewayV5
202608292054381319,202608291904436459,202608291904434406,85,3331,Bronze INV,br_ReAssessmentFamily,TASK_COMPLETE,SUCCESS,INFO,610,610,0,,2026-08-29T19:04:49.126Z,2026-08-29T20:54:41.421Z,6592,2026-08-29T20:54:41.421Z,V15,Joplin,dd7385f2-fbd4-41a4-afcd-7296aca5e198,SAMMS-JoplinV5
202608292054381320,202608291904436460,202608291904434406,85,3333,Bronze INV,br_ReAssessmentFamily,TASK_COMPLETE,SUCCESS,INFO,903,903,0,,2026-08-29T19:04:49.126Z,2026-08-29T20:54:41.421Z,6592,2026-08-29T20:54:41.421Z,V17,Columbia TN,dd7385f2-fbd4-41a4-afcd-7296aca5e198,SAMMS-ColumbiaTNv5
202608292054381321,202608291904436461,202608291904434406,85,3335,Bronze INV,br_ReAssessmentFamily,TASK_COMPLETE,SUCCESS,INFO,533,533,0,,2026-08-29T19:04:49.126Z,2026-08-29T20:54:41.421Z,6592,2026-08-29T20:54:41.421Z,V19,Jackson,dd7385f2-fbd4-41a4-afcd-7296aca5e198,SAMMS-JacksonV5
202608292054381322,202608291904436462,202608291904434406,85,3337,Bronze INV,br_ReAssessmentFamily,TASK_COMPLETE,SUCCESS,INFO,1768,1768,0,,2026-08-29T19:04:49.126Z,2026-08-29T20:54:41.421Z,6592,2026-08-29T20:54:41.421Z,V20,Paris,dd7385f2-fbd4-41a4-afcd-7296aca5e198,SAMMS-ParisV5
202608292054381323,202608291904436463,202608291904434406,85,3338,Bronze INV,br_ReAssessmentFamily,TASK_COMPLETE,SUCCESS,INFO,723,723,0,,2026-08-29T19:04:49.126Z,2026-08-29T20:54:41.421Z,6592,2026-08-29T20:54:41.421Z,V21,Memphis North,dd7385f2-fbd4-41a4-afcd-7296aca5e198,SAMMS-RaleighV5
202608292054381324,202608291904436464,202608291904434406,85,3341,Bronze INV,br_ReAssessmentFamily,TASK_COMPLETE,SUCCESS,INFO,1780,1780,0,,2026-08-29T19:04:49.126Z,2026-08-29T20:54:41.421Z,6592,2026-08-29T20:54:41.421Z,V5,West Bank,dd7385f2-fbd4-41a4-afcd-7296aca5e198,SAMMS-NONTCv5
202608292054381326,202608291904436465,202608291904434406,85,3343,Bronze INV,br_ReAssessmentFamily,TASK_COMPLETE,SUCCESS,INFO,144,144,0,,2026-08-29T19:04:49.126Z,2026-08-29T20:54:41.421Z,6592,2026-08-29T20:54:41.421Z,V5B,Houma,dd7385f2-fbd4-41a4-afcd-7296aca5e198,SAMMS-HoumaV6
202608292054381327,202608291904436466,202608291904434406,85,3344,Bronze INV,br_ReAssessmentFamily,TASK_COMPLETE,SUCCESS,INFO,1910,1910,0,,2026-08-29T19:04:49.126Z,2026-08-29T20:54:41.421Z,6592,2026-08-29T20:54:41.421Z,V6,Lake Charles,dd7385f2-fbd4-41a4-afcd-7296aca5e198,SAMMS-LCv5
202608292054381328,202608291904436467,202608291904434406,85,3346,Bronze INV,br_ReAssessmentFamily,TASK_COMPLETE,SUCCESS,INFO,741,741,0,,2026-08-29T19:04:49.126Z,2026-08-29T20:54:41.421Z,6592,2026-08-29T20:54:41.421Z,V8,Memphis Midtown,dd7385f2-fbd4-41a4-afcd-7296aca5e198,SAMMS-VCPHCS-VIII-MemphisV5
202608292054381329,202608291904436468,202608291904434406,85,3347,Bronze INV,br_ReAssessmentFamily,TASK_COMPLETE,SUCCESS,INFO,1763,1763,0,,2026-08-29T19:04:49.126Z,2026-08-29T20:54:41.421Z,6592,2026-08-29T20:54:41.421Z,V9,Nashville,dd7385f2-fbd4-41a4-afcd-7296aca5e198,SAMMS-NashvilleV5
202608292054381330,202608291904436469,202608291904434406,85,3348,Bronze INV,br_ReAssessmentFamily,TASK_COMPLETE,SUCCESS,INFO,838,838,0,,2026-08-29T19:04:49.126Z,2026-08-29T20:54:41.421Z,6592,2026-08-29T20:54:41.421Z,VBRA,Brainerd,dd7385f2-fbd4-41a4-afcd-7296aca5e198,SAMMS-BrainerdV6
202608292054381331,202608291904436470,202608291904434406,85,3349,Bronze INV,br_ReAssessmentFamily,TASK_COMPLETE,SUCCESS,INFO,1958,1958,0,,2026-08-29T19:04:49.126Z,2026-08-29T20:54:41.421Z,6592,2026-08-29T20:54:41.421Z,VBRP,Brooklyn Park,dd7385f2-fbd4-41a4-afcd-7296aca5e198,SAMMS-BrooklynParkV6
202609012114520770,202609011903673984,202609011903672005,85,3201,Bronze INV,br_ReAssessmentFamily,TASK_COMPLETE,SUCCESS,INFO,587,587,0,,2026-09-01T19:04:17.664Z,2026-09-01T21:14:55.846Z,7838,2026-09-01T21:14:55.846Z,B46,Washington DC,0e5f68b5-5669-4bb1-91ce-4b967b620e7d,SAMMS-WashingtonDCv5
202609012114520771,202609011903673985,202609011903672005,85,3202,Bronze INV,br_ReAssessmentFamily,TASK_COMPLETE,SUCCESS,INFO,1570,1570,0,,2026-09-01T19:04:17.664Z,2026-09-01T21:14:55.846Z,7838,2026-09-01T21:14:55.846Z,B47,Mobile,0e5f68b5-5669-4bb1-91ce-4b967b620e7d,SAMMS-MobileV5
202609012114520772,202609011903673986,202609011903672005,85,3203,Bronze INV,br_ReAssessmentFamily,TASK_COMPLETE,SUCCESS,INFO,1297,1297,0,,2026-09-01T19:04:17.664Z,2026-09-01T21:14:55.846Z,7838,2026-09-01T21:14:55.846Z,B48,Tuscaloosa,0e5f68b5-5669-4bb1-91ce-4b967b620e7d,SAMMS-TuscaloosaV5
202609012114520773,202609011903673987,202609011903672005,85,3212,Bronze INV,br_ReAssessmentFamily,TASK_COMPLETE,SUCCESS,INFO,2,2,0,,2026-09-01T19:04:17.664Z,2026-09-01T21:14:55.846Z,7838,2026-09-01T21:14:55.846Z,B51,N. Little Rock (OTP),0e5f68b5-5669-4bb1-91ce-4b967b620e7d,SAMMS-NorthLittleRockV6
202609012114520774,202609011903673988,202609011903672005,85,3213,Bronze INV,br_ReAssessmentFamily,TASK_COMPLETE,SUCCESS,INFO,456,456,0,,2026-09-01T19:04:17.664Z,2026-09-01T21:14:55.846Z,7838,2026-09-01T21:14:55.846Z,B52,Jackson GA,0e5f68b5-5669-4bb1-91ce-4b967b620e7d,SAMMS-JacksonGAV5
202609012114520775,202609011903673989,202609011903672005,85,3214,Bronze INV,br_ReAssessmentFamily,TASK_COMPLETE,SUCCESS,INFO,1708,1708,0,,2026-09-01T19:04:17.664Z,2026-09-01T21:14:55.846Z,7838,2026-09-01T21:14:55.846Z,B54,Gadsden,0e5f68b5-5669-4bb1-91ce-4b967b620e7d,SAMMS-GadsdenV5
202609012114520777,202609011903673990,202609011903672005,85,3215,Bronze INV,br_ReAssessmentFamily,TASK_COMPLETE,SUCCESS,INFO,950,950,0,,2026-09-01T19:04:17.664Z,2026-09-01T21:14:55.846Z,7838,2026-09-01T21:14:55.846Z,B55,Shoals,0e5f68b5-5669-4bb1-91ce-4b967b620e7d,SAMMS-ShoalsV5
202609012114520778,202609011903673991,202609011903672005,85,3216,Bronze INV,br_ReAssessmentFamily,TASK_COMPLETE,SUCCESS,INFO,294,294,0,,2026-09-01T19:04:17.664Z,2026-09-01T21:14:55.846Z,7838,2026-09-01T21:14:55.846Z,B57,Pawtucket,0e5f68b5-5669-4bb1-91ce-4b967b620e7d,SAMMS-Pawtucket
202609012114520779,202609011903673992,202609011903672005,85,3217,Bronze INV,br_ReAssessmentFamily,TASK_COMPLETE,SUCCESS,INFO,551,551,0,,2026-09-01T19:04:17.664Z,2026-09-01T21:14:55.846Z,7838,2026-09-01T21:14:55.846Z,B57A,Johnston,0e5f68b5-5669-4bb1-91ce-4b967b620e7d,SAMMS-Johnston
202609012114520780,202609011903673993,202609011903672005,85,3218,Bronze INV,br_ReAssessmentFamily,TASK_COMPLETE,SUCCESS,INFO,166,166,0,,2026-09-01T19:04:17.664Z,2026-09-01T21:14:55.846Z,7838,2026-09-01T21:14:55.846Z,B57B,Middletown,0e5f68b5-5669-4bb1-91ce-4b967b620e7d,SAMMS-Middletown
202609012114520781,202609011903673994,202609011903672005,85,3219,Bronze INV,br_ReAssessmentFamily,TASK_COMPLETE,SUCCESS,INFO,413,413,0,,2026-09-01T19:04:17.664Z,2026-09-01T21:14:55.846Z,7838,2026-09-01T21:14:55.846Z,B57C,Providence,0e5f68b5-5669-4bb1-91ce-4b967b620e7d,SAMMS-Providence
202609012114520782,202609011903673995,202609011903672005,85,3220,Bronze INV,br_ReAssessmentFamily,TASK_COMPLETE,SUCCESS,INFO,623,623,0,,2026-09-01T19:04:17.664Z,2026-09-01T21:14:55.846Z,7838,2026-09-01T21:14:55.846Z,B57D,Westerly,0e5f68b5-5669-4bb1-91ce-4b967b620e7d,SAMMS-Westerly
202609012114520783,202609011903673996,202609011903672005,85,3224,Bronze INV,br_ReAssessmentFamily,TASK_COMPLETE,SUCCESS,INFO,4,4,0,,2026-09-01T19:04:17.664Z,2026-09-01T21:14:55.846Z,7838,2026-09-01T21:14:55.846Z,B66A,Bremen,0e5f68b5-5669-4bb1-91ce-4b967b620e7d,SAMMS-Bremen
202609012114520785,202609011903673997,202609011903672005,85,3227,Bronze INV,br_ReAssessmentFamily,TASK_COMPLETE,SUCCESS,INFO,0,0,0,,2026-09-01T19:04:17.664Z,2026-09-01T21:14:55.846Z,7838,2026-09-01T21:14:55.846Z,B72,Mobile (OBOT),0e5f68b5-5669-4bb1-91ce-4b967b620e7d,SAMMS-Mobile-OBOT
202609012114520786,202609011903673998,202609011903672005,85,3228,Bronze INV,br_ReAssessmentFamily,TASK_COMPLETE,SUCCESS,INFO,0,0,0,,2026-09-01T19:04:17.664Z,2026-09-01T21:14:55.846Z,7838,2026-09-01T21:14:55.846Z,B73,Montgomery,0e5f68b5-5669-4bb1-91ce-4b967b620e7d,SAMMS-Montgomery
202609012114520787,202609011903673999,202609011903672005,85,3229,Bronze INV,br_ReAssessmentFamily,TASK_COMPLETE,SUCCESS,INFO,517,517,0,,2026-09-01T19:04:17.664Z,2026-09-01T21:14:55.846Z,7838,2026-09-01T21:14:55.846Z,B75,Lawrence,0e5f68b5-5669-4bb1-91ce-4b967b620e7d,SAMMS-LawrenceV6
202609012114520788,202609011903674000,202609011903672005,85,3230,Bronze INV,br_ReAssessmentFamily,TASK_COMPLETE,SUCCESS,INFO,0,0,0,,2026-09-01T19:04:17.664Z,2026-09-01T21:14:55.846Z,7838,2026-09-01T21:14:55.846Z,B76,Huntsville OBOT,0e5f68b5-5669-4bb1-91ce-4b967b620e7d,SAMMS-Huntsville-OBOT
202609012114520789,202609011903674001,202609011903672005,85,3231,Bronze INV,br_ReAssessmentFamily,TASK_COMPLETE,SUCCESS,INFO,0,0,0,,2026-09-01T19:04:17.664Z,2026-09-01T21:14:55.846Z,7838,2026-09-01T21:14:55.846Z,BAT,Batesville,0e5f68b5-5669-4bb1-91ce-4b967b620e7d,SAMMS-Batesville
202609012114520790,202609011903674002,202609011903672005,85,3232,Bronze INV,br_ReAssessmentFamily,TASK_COMPLETE,SUCCESS,INFO,461,461,0,,2026-09-01T19:04:17.664Z,2026-09-01T21:14:55.846Z,7838,2026-09-01T21:14:55.846Z,BG,Bowling Green,0e5f68b5-5669-4bb1-91ce-4b967b620e7d,SAMMS-BowlingGreen
202609012114520791,202609011903674003,202609011903672005,85,3233,Bronze INV,br_ReAssessmentFamily,TASK_COMPLETE,SUCCESS,INFO,181,181,0,,2026-09-01T19:04:17.664Z,2026-09-01T21:14:55.846Z,7838,2026-09-01T21:14:55.846Z,BOI,Boise,0e5f68b5-5669-4bb1-91ce-4b967b620e7d,SAMMS-Boise
202609012114520793,202609011903674004,202609011903672005,85,3240,Bronze INV,br_ReAssessmentFamily,TASK_COMPLETE,SUCCESS,INFO,51,51,0,,2026-09-01T19:04:17.664Z,2026-09-01T21:14:55.846Z,7838,2026-09-01T21:14:55.846Z,CBCO,Coeur dAlene,0e5f68b5-5669-4bb1-91ce-4b967b620e7d,SAMMS-CoeurdAleneV6
202609012114520794,202609011903674005,202609011903672005,85,3259,Bronze INV,br_ReAssessmentFamily,TASK_COMPLETE,SUCCESS,INFO,0,0,0,,2026-09-01T19:04:17.664Z,2026-09-01T21:14:55.846Z,7838,2026-09-01T21:14:55.846Z,CON,Conway,0e5f68b5-5669-4bb1-91ce-4b967b620e7d,SAMMS-Conway
202609012114520795,202609011903674006,202609011903672005,85,3260,Bronze INV,br_ReAssessmentFamily,TASK_COMPLETE,SUCCESS,INFO,2575,2575,0,,2026-09-01T19:04:17.664Z,2026-09-01T21:14:55.846Z,7838,2026-09-01T21:14:55.846Z,D07,Medical Services Knox TN,0e5f68b5-5669-4bb1-91ce-4b967b620e7d,SAMMS-KnoxvilleV6
202609012114520796,202609011903674007,202609011903672005,85,3261,Bronze INV,br_ReAssessmentFamily,TASK_COMPLETE,SUCCESS,INFO,111,111,0,,2026-09-01T19:04:17.664Z,2026-09-01T21:14:55.846Z,7838,2026-09-01T21:14:55.846Z,D08,Madison,0e5f68b5-5669-4bb1-91ce-4b967b620e7d,SAMMS-MadisonV6
202609012114520797,202609011903674008,202609011903672005,85,3263,Bronze INV,br_ReAssessmentFamily,TASK_COMPLETE,SUCCESS,INFO,121,121,0,,2026-09-01T19:04:17.664Z,2026-09-01T21:14:55.846Z,7838,2026-09-01T21:14:55.846Z,D09,Murfreesboro,0e5f68b5-5669-4bb1-91ce-4b967b620e7d,SAMMS-MurfreesboroV6
202609012114520798,202609011903674009,202609011903672005,85,3264,Bronze INV,br_ReAssessmentFamily,TASK_COMPLETE,SUCCESS,INFO,335,335,0,,2026-09-01T19:04:17.664Z,2026-09-01T21:14:55.846Z,7838,2026-09-01T21:14:55.846Z,DA,Davenport,0e5f68b5-5669-4bb1-91ce-4b967b620e7d,SAMMS-Davenport
202609012114520799,202609011903674010,202609011903672005,85,3265,Bronze INV,br_ReAssessmentFamily,TASK_COMPLETE,SUCCESS,INFO,288,288,0,,2026-09-01T19:04:17.664Z,2026-09-01T21:14:55.846Z,7838,2026-09-01T21:14:55.846Z,DM,Des Moines,0e5f68b5-5669-4bb1-91ce-4b967b620e7d,SAMMS-DesMoines
202609012114520800,202609011903674011,202609011903672005,85,3267,Bronze INV,br_ReAssessmentFamily,TASK_COMPLETE,SUCCESS,INFO,530,530,0,,2026-09-01T19:04:17.664Z,2026-09-01T21:14:55.846Z,7838,2026-09-01T21:14:55.846Z,DRD-CO,Columbia MO,0e5f68b5-5669-4bb1-91ce-4b967b620e7d,SAMMS-ColumbiaV5
202609012114520802,202609011903674012,202609011903672005,85,3268,Bronze INV,br_ReAssessmentFamily,TASK_COMPLETE,SUCCESS,INFO,348,348,0,,2026-09-01T19:04:17.664Z,2026-09-01T21:14:55.846Z,7838,2026-09-01T21:14:55.846Z,DRD-KC,KC,0e5f68b5-5669-4bb1-91ce-4b967b620e7d,SAMMS-KCv5
202609012114520803,202609011903674013,202609011903672005,85,3269,Bronze INV,br_ReAssessmentFamily,TASK_COMPLETE,SUCCESS,INFO,1549,1549,0,,2026-09-01T19:04:17.664Z,2026-09-01T21:14:55.846Z,7838,2026-09-01T21:14:55.846Z,DRD-KVB,KVB,0e5f68b5-5669-4bb1-91ce-4b967b620e7d,SAMMS-KVBv5
202609012114520804,202609011903674014,202609011903672005,85,3270,Bronze INV,br_ReAssessmentFamily,TASK_COMPLETE,SUCCESS,INFO,1674,1674,0,,2026-09-01T19:04:17.664Z,2026-09-01T21:14:55.846Z,7838,2026-09-01T21:14:55.846Z,DRD-KVC,KVC,0e5f68b5-5669-4bb1-91ce-4b967b620e7d,SAMMS-KVCv5
202609012114520805,202609011903674015,202609011903672005,85,3271,Bronze INV,br_ReAssessmentFamily,TASK_COMPLETE,SUCCESS,INFO,3205,3205,0,,2026-09-01T19:04:17.664Z,2026-09-01T21:14:55.846Z,7838,2026-09-01T21:14:55.846Z,DRD-NOLA,NOLA,0e5f68b5-5669-4bb1-91ce-4b967b620e7d,SAMMS-NOLAv5
202609012114520806,202609011903674016,202609011903672005,85,3272,Bronze INV,br_ReAssessmentFamily,TASK_COMPLETE,SUCCESS,INFO,800,800,0,,2026-09-01T19:04:17.664Z,2026-09-01T21:14:55.846Z,7838,2026-09-01T21:14:55.846Z,DRD-SF,Springfield,0e5f68b5-5669-4bb1-91ce-4b967b620e7d,SAMMS-SFv5
202609012114520807,202609011903674017,202609011903672005,85,3274,Bronze INV,br_ReAssessmentFamily,TASK_COMPLETE,SUCCESS,INFO,260,260,0,,2026-09-01T19:04:17.664Z,2026-09-01T21:14:55.846Z,7838,2026-09-01T21:14:55.846Z,ELC,Elizabeth City,0e5f68b5-5669-4bb1-91ce-4b967b620e7d,SAMMS-ElizabethCity
202609012114520808,202609011903674018,202609011903672005,85,3275,Bronze INV,br_ReAssessmentFamily,TASK_COMPLETE,SUCCESS,INFO,128,128,0,,2026-09-01T19:04:17.664Z,2026-09-01T21:14:55.846Z,7838,2026-09-01T21:14:55.846Z,ET,Elizabethtown,0e5f68b5-5669-4bb1-91ce-4b967b620e7d,SAMMS-Elizabethtown
202609012114520810,202609011903674019,202609011903672005,85,3276,Bronze INV,br_ReAssessmentFamily,TASK_COMPLETE,SUCCESS,INFO,0,0,0,,2026-09-01T19:04:17.664Z,2026-09-01T21:14:55.846Z,7838,2026-09-01T21:14:55.846Z,FAY,Fayetteville,0e5f68b5-5669-4bb1-91ce-4b967b620e7d,SAMMS-Fayetteville
202609012114520811,202609011903674020,202609011903672005,85,3277,Bronze INV,br_ReAssessmentFamily,TASK_COMPLETE,SUCCESS,INFO,156,156,0,,2026-09-01T19:04:17.664Z,2026-09-01T21:14:55.846Z,7838,2026-09-01T21:14:55.846Z,FR,Frankfort,0e5f68b5-5669-4bb1-91ce-4b967b620e7d,SAMMS-Frankfort
202609012114520812,202609011903674021,202609011903672005,85,3278,Bronze INV,br_ReAssessmentFamily,TASK_COMPLETE,SUCCESS,INFO,0,0,0,,2026-09-01T19:04:17.664Z,2026-09-01T21:14:55.846Z,7838,2026-09-01T21:14:55.846Z,FS,Fort Smith,0e5f68b5-5669-4bb1-91ce-4b967b620e7d,SAMMS-FortSmith
202609012114520813,202609011903674022,202609011903672005,85,3279,Bronze INV,br_ReAssessmentFamily,TASK_COMPLETE,SUCCESS,INFO,467,467,0,,2026-09-01T19:04:17.664Z,2026-09-01T21:14:55.846Z,7838,2026-09-01T21:14:55.846Z,FW,Fort Wayne,0e5f68b5-5669-4bb1-91ce-4b967b620e7d,SAMMS-FortWayne
202609012114520814,202609011903674023,202609011903672005,85,3280,Bronze INV,br_ReAssessmentFamily,TASK_COMPLETE,SUCCESS,INFO,276,276,0,,2026-09-01T19:04:17.664Z,2026-09-01T21:14:55.846Z,7838,2026-09-01T21:14:55.846Z,GAL,Gaylord,0e5f68b5-5669-4bb1-91ce-4b967b620e7d,SAMMS-Gaylord
202609012114520815,202609011903674024,202609011903672005,85,3284,Bronze INV,br_ReAssessmentFamily,TASK_COMPLETE,SUCCESS,INFO,100,100,0,,2026-09-01T19:04:17.664Z,2026-09-01T21:14:55.846Z,7838,2026-09-01T21:14:55.846Z,HGT,Hagerstown,0e5f68b5-5669-4bb1-91ce-4b967b620e7d,SAMMS-Hagerstown
202609012114520816,202609011903674025,202609011903672005,85,3285,Bronze INV,br_ReAssessmentFamily,TASK_COMPLETE,SUCCESS,INFO,1725,1725,0,,2026-09-01T19:04:17.664Z,2026-09-01T21:14:55.846Z,7838,2026-09-01T21:14:55.846Z,HNT,Huntsville,0e5f68b5-5669-4bb1-91ce-4b967b620e7d,SAMMS-Huntsville
202609012114520817,202609011903674026,202609011903672005,85,3286,Bronze INV,br_ReAssessmentFamily,TASK_COMPLETE,SUCCESS,INFO,0,0,0,,2026-09-01T19:04:17.664Z,2026-09-01T21:14:55.846Z,7838,2026-09-01T21:14:55.846Z,HS,Hot Springs,0e5f68b5-5669-4bb1-91ce-4b967b620e7d,SAMMS-HotSprings
202609012114520819,202609011903674027,202609011903672005,85,3287,Bronze INV,br_ReAssessmentFamily,TASK_COMPLETE,SUCCESS,INFO,0,0,0,,2026-09-01T19:04:17.664Z,2026-09-01T21:14:55.846Z,7838,2026-09-01T21:14:55.846Z,JON,Jonesboro,0e5f68b5-5669-4bb1-91ce-4b967b620e7d,SAMMS-Jonesboro
202609012114520820,202609011903674028,202609011903672005,85,3289,Bronze INV,br_ReAssessmentFamily,TASK_COMPLETE,SUCCESS,INFO,447,447,0,,2026-09-01T19:04:17.664Z,2026-09-01T21:14:55.846Z,7838,2026-09-01T21:14:55.846Z,LAN,Lansing,0e5f68b5-5669-4bb1-91ce-4b967b620e7d,SAMMS-Lansing
202609012114520821,202609011903674029,202609011903672005,85,3290,Bronze INV,br_ReAssessmentFamily,TASK_COMPLETE,SUCCESS,INFO,1287,1287,0,,2026-09-01T19:04:17.664Z,2026-09-01T21:14:55.846Z,7838,2026-09-01T21:14:55.846Z,LO,Louisville,0e5f68b5-5669-4bb1-91ce-4b967b620e7d,SAMMS-Louisville
202609012114520822,202609011903674030,202609011903672005,85,3291,Bronze INV,br_ReAssessmentFamily,TASK_COMPLETE,SUCCESS,INFO,291,291,0,,2026-09-01T19:04:17.664Z,2026-09-01T21:14:55.846Z,7838,2026-09-01T21:14:55.846Z,LV1,Cheyenne,0e5f68b5-5669-4bb1-91ce-4b967b620e7d,SAMMS-Cheyenne
202609012114520823,202609011903674031,202609011903672005,85,3292,Bronze INV,br_ReAssessmentFamily,TASK_COMPLETE,SUCCESS,INFO,205,205,0,,2026-09-01T19:04:17.664Z,2026-09-01T21:14:55.846Z,7838,2026-09-01T21:14:55.846Z,LV2,Desert Inn,0e5f68b5-5669-4bb1-91ce-4b967b620e7d,SAMMS-DesertInn
202609012114520824,202609011903674032,202609011903672005,85,3293,Bronze INV,br_ReAssessmentFamily,TASK_COMPLETE,SUCCESS,INFO,110,110,0,,2026-09-01T19:04:17.664Z,2026-09-01T21:14:55.846Z,7838,2026-09-01T21:14:55.846Z,LV3,McDaniel,0e5f68b5-5669-4bb1-91ce-4b967b620e7d,SAMMS-McDaniel
202609012114520825,202609011903674033,202609011903672005,85,3296,Bronze INV,br_ReAssessmentFamily,TASK_COMPLETE,SUCCESS,INFO,356,356,0,,2026-09-01T19:04:17.664Z,2026-09-01T21:14:55.846Z,7838,2026-09-01T21:14:55.846Z,MNRE,Monroe,0e5f68b5-5669-4bb1-91ce-4b967b620e7d,SAMMS-Monroe
202609012114520826,202609011903674034,202609011903672005,85,3297,Bronze INV,br_ReAssessmentFamily,TASK_COMPLETE,SUCCESS,INFO,1423,1423,0,,2026-09-01T19:04:17.664Z,2026-09-01T21:14:55.846Z,7838,2026-09-01T21:14:55.846Z,MP,Mt. Pleasant,0e5f68b5-5669-4bb1-91ce-4b967b620e7d,SAMMS-MtPleasant
202609012114520828,202609011903674035,202609011903672005,85,3298,Bronze INV,br_ReAssessmentFamily,TASK_COMPLETE,SUCCESS,INFO,153,153,0,,2026-09-01T19:04:17.664Z,2026-09-01T21:14:55.846Z,7838,2026-09-01T21:14:55.846Z,MRD,Meridian,0e5f68b5-5669-4bb1-91ce-4b967b620e7d,SAMMS-Meridian
202609012114520829,202609011903674036,202609011903672005,85,3303,Bronze INV,br_ReAssessmentFamily,TASK_COMPLETE,SUCCESS,INFO,693,693,0,,2026-09-01T19:04:17.664Z,2026-09-01T21:14:55.846Z,7838,2026-09-01T21:14:55.846Z,NC,North Charleston,0e5f68b5-5669-4bb1-91ce-4b967b620e7d,SAMMS-NorthCharleston
202609012114520830,202609011903674037,202609011903672005,85,3304,Bronze INV,br_ReAssessmentFamily,TASK_COMPLETE,SUCCESS,INFO,0,0,0,,2026-09-01T19:04:17.664Z,2026-09-01T21:14:55.846Z,7838,2026-09-01T21:14:55.846Z,NLR,N. Little Rock,0e5f68b5-5669-4bb1-91ce-4b967b620e7d,SAMMS-NLROBOT
202609012114520831,202609011903674038,202609011903672005,85,3305,Bronze INV,br_ReAssessmentFamily,TASK_COMPLETE,SUCCESS,INFO,112,112,0,,2026-09-01T19:04:17.664Z,2026-09-01T21:14:55.846Z,7838,2026-09-01T21:14:55.846Z,PH,Phoenix,0e5f68b5-5669-4bb1-91ce-4b967b620e7d,SAMMS-Phoenix
202609012114520832,202609011903674039,202609011903672005,85,3309,Bronze INV,br_ReAssessmentFamily,TASK_COMPLETE,SUCCESS,INFO,214,214,0,,2026-09-01T19:04:17.664Z,2026-09-01T21:14:55.846Z,7838,2026-09-01T21:14:55.846Z,RE,Reno,0e5f68b5-5669-4bb1-91ce-4b967b620e7d,SAMMS-Reno
202609012114520833,202609011903674040,202609011903672005,85,3310,Bronze INV,br_ReAssessmentFamily,TASK_COMPLETE,SUCCESS,INFO,88,88,0,,2026-09-01T19:04:17.664Z,2026-09-01T21:14:55.846Z,7838,2026-09-01T21:14:55.846Z,RMD,Richmond,0e5f68b5-5669-4bb1-91ce-4b967b620e7d,SAMMS-Richmond
202609012114520834,202609011903674041,202609011903672005,85,3311,Bronze INV,br_ReAssessmentFamily,TASK_COMPLETE,SUCCESS,INFO,589,589,0,,2026-09-01T19:04:17.664Z,2026-09-01T21:14:55.846Z,7838,2026-09-01T21:14:55.846Z,SFN,Springfield North,0e5f68b5-5669-4bb1-91ce-4b967b620e7d,SAMMS-SFNv5
202609012114520835,202609011903674042,202609011903672005,85,3312,Bronze INV,br_ReAssessmentFamily,TASK_COMPLETE,SUCCESS,INFO,763,763,0,,2026-09-01T19:04:17.664Z,2026-09-01T21:14:55.846Z,7838,2026-09-01T21:14:55.846Z,SHP,Shreveport,0e5f68b5-5669-4bb1-91ce-4b967b620e7d,SAMMS-Shreveport
202609012114520837,202609011903674043,202609011903672005,85,3314,Bronze INV,br_ReAssessmentFamily,TASK_COMPLETE,SUCCESS,INFO,484,484,0,,2026-09-01T19:04:17.664Z,2026-09-01T21:14:55.846Z,7838,2026-09-01T21:14:55.846Z,STN,Staunton,0e5f68b5-5669-4bb1-91ce-4b967b620e7d,SAMMS-Staunton
202609012114520838,202609011903674044,202609011903672005,85,3315,Bronze INV,br_ReAssessmentFamily,TASK_COMPLETE,SUCCESS,INFO,225,225,0,,2026-09-01T19:04:17.664Z,2026-09-01T21:14:55.846Z,7838,2026-09-01T21:14:55.846Z,STVN,Stevenson,0e5f68b5-5669-4bb1-91ce-4b967b620e7d,SAMMS-Stevenson
202609012114520839,202609011903674045,202609011903672005,85,3317,Bronze INV,br_ReAssessmentFamily,TASK_COMPLETE,SUCCESS,INFO,173,173,0,,2026-09-01T19:04:17.664Z,2026-09-01T21:14:55.846Z,7838,2026-09-01T21:14:55.846Z,TE,Tempe,0e5f68b5-5669-4bb1-91ce-4b967b620e7d,SAMMS-Tempe
202609012114520840,202609011903674046,202609011903672005,85,3318,Bronze INV,br_ReAssessmentFamily,TASK_COMPLETE,SUCCESS,INFO,0,0,0,,2026-09-01T19:04:17.664Z,2026-09-01T21:14:55.846Z,7838,2026-09-01T21:14:55.846Z,TEX,Texarkana,0e5f68b5-5669-4bb1-91ce-4b967b620e7d,SAMMS-Texarkana
202609012114520841,202609011903674047,202609011903672005,85,3319,Bronze INV,br_ReAssessmentFamily,TASK_COMPLETE,SUCCESS,INFO,1079,1079,0,,2026-09-01T19:04:17.664Z,2026-09-01T21:14:55.846Z,7838,2026-09-01T21:14:55.846Z,TTCA,Bessemer,0e5f68b5-5669-4bb1-91ce-4b967b620e7d,SAMMS-BessemerV5
202609012114520842,202609011903674048,202609011903672005,85,3320,Bronze INV,br_ReAssessmentFamily,TASK_COMPLETE,SUCCESS,INFO,1317,1317,0,,2026-09-01T19:04:17.664Z,2026-09-01T21:14:55.846Z,7838,2026-09-01T21:14:55.846Z,TTCB,Cullman,0e5f68b5-5669-4bb1-91ce-4b967b620e7d,SAMMS-CullmanV5
202609012114520843,202609011903674049,202609011903672005,85,3321,Bronze INV,br_ReAssessmentFamily,TASK_COMPLETE,SUCCESS,INFO,944,944,0,,2026-09-01T19:04:17.664Z,2026-09-01T21:14:55.846Z,7838,2026-09-01T21:14:55.846Z,TTCC,Grand Bay,0e5f68b5-5669-4bb1-91ce-4b967b620e7d,SAMMS-GrandBay
202609012114520845,202609011903674050,202609011903672005,85,3322,Bronze INV,br_ReAssessmentFamily,TASK_COMPLETE,SUCCESS,INFO,15,15,0,,2026-09-01T19:04:17.664Z,2026-09-01T21:14:55.846Z,7838,2026-09-01T21:14:55.846Z,TU,Tucson,0e5f68b5-5669-4bb1-91ce-4b967b620e7d,SAMMS-Tucson
202609012114520846,202609011903674051,202609011903672005,85,3324,Bronze INV,br_ReAssessmentFamily,TASK_COMPLETE,SUCCESS,INFO,660,660,0,,2026-09-01T19:04:17.664Z,2026-09-01T21:14:55.846Z,7838,2026-09-01T21:14:55.846Z,V1,Memphis South,0e5f68b5-5669-4bb1-91ce-4b967b620e7d,SAMMS-VCPHCS-I-MemphisV5
202609012114520847,202609011903674052,202609011903672005,85,3325,Bronze INV,br_ReAssessmentFamily,TASK_COMPLETE,SUCCESS,INFO,1628,1628,0,,2026-09-01T19:04:17.664Z,2026-09-01T21:14:55.846Z,7838,2026-09-01T21:14:55.846Z,V10,Longmont,0e5f68b5-5669-4bb1-91ce-4b967b620e7d,SAMMS-BoulderV5
202609012114520848,202609011903674053,202609011903672005,85,3326,Bronze INV,br_ReAssessmentFamily,TASK_COMPLETE,SUCCESS,INFO,1513,1513,0,,2026-09-01T19:04:17.664Z,2026-09-01T21:14:55.846Z,7838,2026-09-01T21:14:55.846Z,V10A,Fort Collins,0e5f68b5-5669-4bb1-91ce-4b967b620e7d,SAMMS-FortCollinsV5
202609012114520849,202609011903674054,202609011903672005,85,3327,Bronze INV,br_ReAssessmentFamily,TASK_COMPLETE,SUCCESS,INFO,2870,2870,0,,2026-09-01T19:04:17.664Z,2026-09-01T21:14:55.846Z,7838,2026-09-01T21:14:55.846Z,V11,Westminster,0e5f68b5-5669-4bb1-91ce-4b967b620e7d,SAMMS-VCPHCS-XI-NorthDenverV5
202609012114520850,202609011903674055,202609011903672005,85,3328,Bronze INV,br_ReAssessmentFamily,TASK_COMPLETE,SUCCESS,INFO,3037,3037,0,,2026-09-01T19:04:17.664Z,2026-09-01T21:14:55.846Z,7838,2026-09-01T21:14:55.846Z,V12,Downtown Denver,0e5f68b5-5669-4bb1-91ce-4b967b620e7d,SAMMS-VCPHCS-XII-DowntownDenverV5
202609012114520851,202609011903674056,202609011903672005,85,3329,Bronze INV,br_ReAssessmentFamily,TASK_COMPLETE,SUCCESS,INFO,1141,1141,0,,2026-09-01T19:04:17.664Z,2026-09-01T21:14:55.846Z,7838,2026-09-01T21:14:55.846Z,V12A,Centennial,0e5f68b5-5669-4bb1-91ce-4b967b620e7d,SAMMS-CentennialV5
202609012114520852,202609011903674057,202609011903672005,85,3330,Bronze INV,br_ReAssessmentFamily,TASK_COMPLETE,SUCCESS,INFO,294,294,0,,2026-09-01T19:04:17.664Z,2026-09-01T21:14:55.846Z,7838,2026-09-01T21:14:55.846Z,V14,Overland Park,0e5f68b5-5669-4bb1-91ce-4b967b620e7d,SAMMS-VCPHCS-XIV-BridgewayV5
202609012114520854,202609011903674058,202609011903672005,85,3331,Bronze INV,br_ReAssessmentFamily,TASK_COMPLETE,SUCCESS,INFO,610,610,0,,2026-09-01T19:04:17.664Z,2026-09-01T21:14:55.846Z,7838,2026-09-01T21:14:55.846Z,V15,Joplin,0e5f68b5-5669-4bb1-91ce-4b967b620e7d,SAMMS-JoplinV5
202609012114520855,202609011903674059,202609011903672005,85,3333,Bronze INV,br_ReAssessmentFamily,TASK_COMPLETE,SUCCESS,INFO,903,903,0,,2026-09-01T19:04:17.664Z,2026-09-01T21:14:55.846Z,7838,2026-09-01T21:14:55.846Z,V17,Columbia TN,0e5f68b5-5669-4bb1-91ce-4b967b620e7d,SAMMS-ColumbiaTNv5
202609012114520856,202609011903674060,202609011903672005,85,3335,Bronze INV,br_ReAssessmentFamily,TASK_COMPLETE,SUCCESS,INFO,533,533,0,,2026-09-01T19:04:17.664Z,2026-09-01T21:14:55.846Z,7838,2026-09-01T21:14:55.846Z,V19,Jackson,0e5f68b5-5669-4bb1-91ce-4b967b620e7d,SAMMS-JacksonV5
202609012114520857,202609011903674061,202609011903672005,85,3337,Bronze INV,br_ReAssessmentFamily,TASK_COMPLETE,SUCCESS,INFO,1768,1768,0,,2026-09-01T19:04:17.664Z,2026-09-01T21:14:55.846Z,7838,2026-09-01T21:14:55.846Z,V20,Paris,0e5f68b5-5669-4bb1-91ce-4b967b620e7d,SAMMS-ParisV5
202609012114520858,202609011903674062,202609011903672005,85,3338,Bronze INV,br_ReAssessmentFamily,TASK_COMPLETE,SUCCESS,INFO,723,723,0,,2026-09-01T19:04:17.664Z,2026-09-01T21:14:55.846Z,7838,2026-09-01T21:14:55.846Z,V21,Memphis North,0e5f68b5-5669-4bb1-91ce-4b967b620e7d,SAMMS-RaleighV5
202609012114520859,202609011903674063,202609011903672005,85,3341,Bronze INV,br_ReAssessmentFamily,TASK_COMPLETE,SUCCESS,INFO,1780,1780,0,,2026-09-01T19:04:17.664Z,2026-09-01T21:14:55.846Z,7838,2026-09-01T21:14:55.846Z,V5,West Bank,0e5f68b5-5669-4bb1-91ce-4b967b620e7d,SAMMS-NONTCv5
202609012114520860,202609011903674064,202609011903672005,85,3343,Bronze INV,br_ReAssessmentFamily,TASK_COMPLETE,SUCCESS,INFO,144,144,0,,2026-09-01T19:04:17.664Z,2026-09-01T21:14:55.846Z,7838,2026-09-01T21:14:55.846Z,V5B,Houma,0e5f68b5-5669-4bb1-91ce-4b967b620e7d,SAMMS-HoumaV6
202609012114520861,202609011903674065,202609011903672005,85,3344,Bronze INV,br_ReAssessmentFamily,TASK_COMPLETE,SUCCESS,INFO,1910,1910,0,,2026-09-01T19:04:17.664Z,2026-09-01T21:14:55.846Z,7838,2026-09-01T21:14:55.846Z,V6,Lake Charles,0e5f68b5-5669-4bb1-91ce-4b967b620e7d,SAMMS-LCv5
202609012114520863,202609011903674066,202609011903672005,85,3346,Bronze INV,br_ReAssessmentFamily,TASK_COMPLETE,SUCCESS,INFO,741,741,0,,2026-09-01T19:04:17.664Z,2026-09-01T21:14:55.846Z,7838,2026-09-01T21:14:55.846Z,V8,Memphis Midtown,0e5f68b5-5669-4bb1-91ce-4b967b620e7d,SAMMS-VCPHCS-VIII-MemphisV5
202609012114520864,202609011903674067,202609011903672005,85,3347,Bronze INV,br_ReAssessmentFamily,TASK_COMPLETE,SUCCESS,INFO,1763,1763,0,,2026-09-01T19:04:17.664Z,2026-09-01T21:14:55.846Z,7838,2026-09-01T21:14:55.846Z,V9,Nashville,0e5f68b5-5669-4bb1-91ce-4b967b620e7d,SAMMS-NashvilleV5
202609012114520865,202609011903674068,202609011903672005,85,3348,Bronze INV,br_ReAssessmentFamily,TASK_COMPLETE,SUCCESS,INFO,838,838,0,,2026-09-01T19:04:17.664Z,2026-09-01T21:14:55.846Z,7838,2026-09-01T21:14:55.846Z,VBRA,Brainerd,0e5f68b5-5669-4bb1-91ce-4b967b620e7d,SAMMS-BrainerdV6
202609012114520866,202609011903674069,202609011903672005,85,3349,Bronze INV,br_ReAssessmentFamily,TASK_COMPLETE,SUCCESS,INFO,1958,1958,0,,2026-09-01T19:04:17.664Z,2026-09-01T21:14:55.846Z,7838,2026-09-01T21:14:55.846Z,VBRP,Brooklyn Park,0e5f68b5-5669-4bb1-91ce-4b967b620e7d,SAMMS-BrooklynParkV6
202608312116373856,202608311905654215,202608311905652236,85,3201,Bronze INV,br_ReAssessmentFamily,TASK_COMPLETE,SUCCESS,INFO,587,587,0,,2026-08-31T19:06:18.658Z,2026-08-31T21:16:41.151Z,7823,2026-08-31T21:16:41.151Z,B46,Washington DC,79f5b39e-d314-4ad3-8050-3ace553d67de,SAMMS-WashingtonDCv5
202608312116373857,202608311905654216,202608311905652236,85,3202,Bronze INV,br_ReAssessmentFamily,TASK_COMPLETE,SUCCESS,INFO,1570,1570,0,,2026-08-31T19:06:18.658Z,2026-08-31T21:16:41.151Z,7823,2026-08-31T21:16:41.151Z,B47,Mobile,79f5b39e-d314-4ad3-8050-3ace553d67de,SAMMS-MobileV5
202608312116373858,202608311905654217,202608311905652236,85,3203,Bronze INV,br_ReAssessmentFamily,TASK_COMPLETE,SUCCESS,INFO,1297,1297,0,,2026-08-31T19:06:18.658Z,2026-08-31T21:16:41.151Z,7823,2026-08-31T21:16:41.151Z,B48,Tuscaloosa,79f5b39e-d314-4ad3-8050-3ace553d67de,SAMMS-TuscaloosaV5
202608312116373859,202608311905654218,202608311905652236,85,3212,Bronze INV,br_ReAssessmentFamily,TASK_COMPLETE,SUCCESS,INFO,2,2,0,,2026-08-31T19:06:18.658Z,2026-08-31T21:16:41.151Z,7823,2026-08-31T21:16:41.151Z,B51,N. Little Rock (OTP),79f5b39e-d314-4ad3-8050-3ace553d67de,SAMMS-NorthLittleRockV6
202608312116373860,202608311905654219,202608311905652236,85,3213,Bronze INV,br_ReAssessmentFamily,TASK_COMPLETE,SUCCESS,INFO,456,456,0,,2026-08-31T19:06:18.658Z,2026-08-31T21:16:41.151Z,7823,2026-08-31T21:16:41.151Z,B52,Jackson GA,79f5b39e-d314-4ad3-8050-3ace553d67de,SAMMS-JacksonGAV5
202608312116373861,202608311905654220,202608311905652236,85,3214,Bronze INV,br_ReAssessmentFamily,TASK_COMPLETE,SUCCESS,INFO,1708,1708,0,,2026-08-31T19:06:18.658Z,2026-08-31T21:16:41.151Z,7823,2026-08-31T21:16:41.151Z,B54,Gadsden,79f5b39e-d314-4ad3-8050-3ace553d67de,SAMMS-GadsdenV5
202608312116373862,202608311905654221,202608311905652236,85,3215,Bronze INV,br_ReAssessmentFamily,TASK_COMPLETE,SUCCESS,INFO,950,950,0,,2026-08-31T19:06:18.658Z,2026-08-31T21:16:41.151Z,7823,2026-08-31T21:16:41.151Z,B55,Shoals,79f5b39e-d314-4ad3-8050-3ace553d67de,SAMMS-ShoalsV5
202608312116373863,202608311905654222,202608311905652236,85,3216,Bronze INV,br_ReAssessmentFamily,TASK_COMPLETE,SUCCESS,INFO,294,294,0,,2026-08-31T19:06:18.658Z,2026-08-31T21:16:41.151Z,7823,2026-08-31T21:16:41.151Z,B57,Pawtucket,79f5b39e-d314-4ad3-8050-3ace553d67de,SAMMS-Pawtucket
202608312116373865,202608311905654223,202608311905652236,85,3217,Bronze INV,br_ReAssessmentFamily,TASK_COMPLETE,SUCCESS,INFO,551,551,0,,2026-08-31T19:06:18.658Z,2026-08-31T21:16:41.151Z,7823,2026-08-31T21:16:41.151Z,B57A,Johnston,79f5b39e-d314-4ad3-8050-3ace553d67de,SAMMS-Johnston
202608312116373866,202608311905654224,202608311905652236,85,3218,Bronze INV,br_ReAssessmentFamily,TASK_COMPLETE,SUCCESS,INFO,166,166,0,,2026-08-31T19:06:18.658Z,2026-08-31T21:16:41.151Z,7823,2026-08-31T21:16:41.151Z,B57B,Middletown,79f5b39e-d314-4ad3-8050-3ace553d67de,SAMMS-Middletown
202608312116373867,202608311905654225,202608311905652236,85,3219,Bronze INV,br_ReAssessmentFamily,TASK_COMPLETE,SUCCESS,INFO,413,413,0,,2026-08-31T19:06:18.658Z,2026-08-31T21:16:41.151Z,7823,2026-08-31T21:16:41.151Z,B57C,Providence,79f5b39e-d314-4ad3-8050-3ace553d67de,SAMMS-Providence
202608312116373868,202608311905654226,202608311905652236,85,3220,Bronze INV,br_ReAssessmentFamily,TASK_COMPLETE,SUCCESS,INFO,623,623,0,,2026-08-31T19:06:18.658Z,2026-08-31T21:16:41.151Z,7823,2026-08-31T21:16:41.151Z,B57D,Westerly,79f5b39e-d314-4ad3-8050-3ace553d67de,SAMMS-Westerly
202608312116373869,202608311905654227,202608311905652236,85,3224,Bronze INV,br_ReAssessmentFamily,TASK_COMPLETE,SUCCESS,INFO,4,4,0,,2026-08-31T19:06:18.658Z,2026-08-31T21:16:41.151Z,7823,2026-08-31T21:16:41.151Z,B66A,Bremen,79f5b39e-d314-4ad3-8050-3ace553d67de,SAMMS-Bremen
202608312116373870,202608311905654228,202608311905652236,85,3227,Bronze INV,br_ReAssessmentFamily,TASK_COMPLETE,SUCCESS,INFO,0,0,0,,2026-08-31T19:06:18.658Z,2026-08-31T21:16:41.151Z,7823,2026-08-31T21:16:41.151Z,B72,Mobile (OBOT),79f5b39e-d314-4ad3-8050-3ace553d67de,SAMMS-Mobile-OBOT
202608312116373871,202608311905654229,202608311905652236,85,3228,Bronze INV,br_ReAssessmentFamily,TASK_COMPLETE,SUCCESS,INFO,0,0,0,,2026-08-31T19:06:18.658Z,2026-08-31T21:16:41.151Z,7823,2026-08-31T21:16:41.151Z,B73,Montgomery,79f5b39e-d314-4ad3-8050-3ace553d67de,SAMMS-Montgomery
202608312116373872,202608311905654230,202608311905652236,85,3229,Bronze INV,br_ReAssessmentFamily,TASK_COMPLETE,SUCCESS,INFO,517,517,0,,2026-08-31T19:06:18.658Z,2026-08-31T21:16:41.151Z,7823,2026-08-31T21:16:41.151Z,B75,Lawrence,79f5b39e-d314-4ad3-8050-3ace553d67de,SAMMS-LawrenceV6
202608312116373873,202608311905654231,202608311905652236,85,3230,Bronze INV,br_ReAssessmentFamily,TASK_COMPLETE,SUCCESS,INFO,0,0,0,,2026-08-31T19:06:18.658Z,2026-08-31T21:16:41.151Z,7823,2026-08-31T21:16:41.151Z,B76,Huntsville OBOT,79f5b39e-d314-4ad3-8050-3ace553d67de,SAMMS-Huntsville-OBOT
202608312116373874,202608311905654232,202608311905652236,85,3231,Bronze INV,br_ReAssessmentFamily,TASK_COMPLETE,SUCCESS,INFO,0,0,0,,2026-08-31T19:06:18.658Z,2026-08-31T21:16:41.151Z,7823,2026-08-31T21:16:41.151Z,BAT,Batesville,79f5b39e-d314-4ad3-8050-3ace553d67de,SAMMS-Batesville
202608312116373875,202608311905654233,202608311905652236,85,3232,Bronze INV,br_ReAssessmentFamily,TASK_COMPLETE,SUCCESS,INFO,461,461,0,,2026-08-31T19:06:18.658Z,2026-08-31T21:16:41.151Z,7823,2026-08-31T21:16:41.151Z,BG,Bowling Green,79f5b39e-d314-4ad3-8050-3ace553d67de,SAMMS-BowlingGreen
202608312116373876,202608311905654234,202608311905652236,85,3233,Bronze INV,br_ReAssessmentFamily,TASK_COMPLETE,SUCCESS,INFO,181,181,0,,2026-08-31T19:06:18.658Z,2026-08-31T21:16:41.151Z,7823,2026-08-31T21:16:41.151Z,BOI,Boise,79f5b39e-d314-4ad3-8050-3ace553d67de,SAMMS-Boise
202608312116373878,202608311905654235,202608311905652236,85,3240,Bronze INV,br_ReAssessmentFamily,TASK_COMPLETE,SUCCESS,INFO,51,51,0,,2026-08-31T19:06:18.658Z,2026-08-31T21:16:41.151Z,7823,2026-08-31T21:16:41.151Z,CBCO,Coeur dAlene,79f5b39e-d314-4ad3-8050-3ace553d67de,SAMMS-CoeurdAleneV6
202608312116373879,202608311905654236,202608311905652236,85,3259,Bronze INV,br_ReAssessmentFamily,TASK_COMPLETE,SUCCESS,INFO,0,0,0,,2026-08-31T19:06:18.658Z,2026-08-31T21:16:41.151Z,7823,2026-08-31T21:16:41.151Z,CON,Conway,79f5b39e-d314-4ad3-8050-3ace553d67de,SAMMS-Conway
202608312116373880,202608311905654237,202608311905652236,85,3260,Bronze INV,br_ReAssessmentFamily,TASK_COMPLETE,SUCCESS,INFO,2575,2575,0,,2026-08-31T19:06:18.658Z,2026-08-31T21:16:41.151Z,7823,2026-08-31T21:16:41.151Z,D07,Medical Services Knox TN,79f5b39e-d314-4ad3-8050-3ace553d67de,SAMMS-KnoxvilleV6
202608312116373881,202608311905654238,202608311905652236,85,3261,Bronze INV,br_ReAssessmentFamily,TASK_COMPLETE,SUCCESS,INFO,111,111,0,,2026-08-31T19:06:18.658Z,2026-08-31T21:16:41.151Z,7823,2026-08-31T21:16:41.151Z,D08,Madison,79f5b39e-d314-4ad3-8050-3ace553d67de,SAMMS-MadisonV6
202608312116373882,202608311905654239,202608311905652236,85,3263,Bronze INV,br_ReAssessmentFamily,TASK_COMPLETE,SUCCESS,INFO,121,121,0,,2026-08-31T19:06:18.658Z,2026-08-31T21:16:41.151Z,7823,2026-08-31T21:16:41.151Z,D09,Murfreesboro,79f5b39e-d314-4ad3-8050-3ace553d67de,SAMMS-MurfreesboroV6
202608312116373883,202608311905654240,202608311905652236,85,3264,Bronze INV,br_ReAssessmentFamily,TASK_COMPLETE,SUCCESS,INFO,335,335,0,,2026-08-31T19:06:18.658Z,2026-08-31T21:16:41.151Z,7823,2026-08-31T21:16:41.151Z,DA,Davenport,79f5b39e-d314-4ad3-8050-3ace553d67de,SAMMS-Davenport
202608312116373884,202608311905654241,202608311905652236,85,3265,Bronze INV,br_ReAssessmentFamily,TASK_COMPLETE,SUCCESS,INFO,288,288,0,,2026-08-31T19:06:18.658Z,2026-08-31T21:16:41.151Z,7823,2026-08-31T21:16:41.151Z,DM,Des Moines,79f5b39e-d314-4ad3-8050-3ace553d67de,SAMMS-DesMoines
202608312116373885,202608311905654242,202608311905652236,85,3267,Bronze INV,br_ReAssessmentFamily,TASK_COMPLETE,SUCCESS,INFO,530,530,0,,2026-08-31T19:06:18.658Z,2026-08-31T21:16:41.151Z,7823,2026-08-31T21:16:41.151Z,DRD-CO,Columbia MO,79f5b39e-d314-4ad3-8050-3ace553d67de,SAMMS-ColumbiaV5
202608312116373886,202608311905654243,202608311905652236,85,3268,Bronze INV,br_ReAssessmentFamily,TASK_COMPLETE,SUCCESS,INFO,348,348,0,,2026-08-31T19:06:18.658Z,2026-08-31T21:16:41.151Z,7823,2026-08-31T21:16:41.151Z,DRD-KC,KC,79f5b39e-d314-4ad3-8050-3ace553d67de,SAMMS-KCv5
202608312116373887,202608311905654244,202608311905652236,85,3269,Bronze INV,br_ReAssessmentFamily,TASK_COMPLETE,SUCCESS,INFO,1549,1549,0,,2026-08-31T19:06:18.658Z,2026-08-31T21:16:41.151Z,7823,2026-08-31T21:16:41.151Z,DRD-KVB,KVB,79f5b39e-d314-4ad3-8050-3ace553d67de,SAMMS-KVBv5
202608312116373888,202608311905654245,202608311905652236,85,3270,Bronze INV,br_ReAssessmentFamily,TASK_COMPLETE,SUCCESS,INFO,1674,1674,0,,2026-08-31T19:06:18.658Z,2026-08-31T21:16:41.151Z,7823,2026-08-31T21:16:41.151Z,DRD-KVC,KVC,79f5b39e-d314-4ad3-8050-3ace553d67de,SAMMS-KVCv5
202608312116373889,202608311905654246,202608311905652236,85,3271,Bronze INV,br_ReAssessmentFamily,TASK_COMPLETE,SUCCESS,INFO,3205,3205,0,,2026-08-31T19:06:18.658Z,2026-08-31T21:16:41.151Z,7823,2026-08-31T21:16:41.151Z,DRD-NOLA,NOLA,79f5b39e-d314-4ad3-8050-3ace553d67de,SAMMS-NOLAv5
202608312116373891,202608311905654247,202608311905652236,85,3272,Bronze INV,br_ReAssessmentFamily,TASK_COMPLETE,SUCCESS,INFO,800,800,0,,2026-08-31T19:06:18.658Z,2026-08-31T21:16:41.151Z,7823,2026-08-31T21:16:41.151Z,DRD-SF,Springfield,79f5b39e-d314-4ad3-8050-3ace553d67de,SAMMS-SFv5
202608312116373892,202608311905654248,202608311905652236,85,3274,Bronze INV,br_ReAssessmentFamily,TASK_COMPLETE,SUCCESS,INFO,260,260,0,,2026-08-31T19:06:18.658Z,2026-08-31T21:16:41.151Z,7823,2026-08-31T21:16:41.151Z,ELC,Elizabeth City,79f5b39e-d314-4ad3-8050-3ace553d67de,SAMMS-ElizabethCity
202608312116373893,202608311905654249,202608311905652236,85,3275,Bronze INV,br_ReAssessmentFamily,TASK_COMPLETE,SUCCESS,INFO,128,128,0,,2026-08-31T19:06:18.658Z,2026-08-31T21:16:41.151Z,7823,2026-08-31T21:16:41.151Z,ET,Elizabethtown,79f5b39e-d314-4ad3-8050-3ace553d67de,SAMMS-Elizabethtown
202608312116373894,202608311905654250,202608311905652236,85,3276,Bronze INV,br_ReAssessmentFamily,TASK_COMPLETE,SUCCESS,INFO,0,0,0,,2026-08-31T19:06:18.658Z,2026-08-31T21:16:41.151Z,7823,2026-08-31T21:16:41.151Z,FAY,Fayetteville,79f5b39e-d314-4ad3-8050-3ace553d67de,SAMMS-Fayetteville
202608312116373895,202608311905654251,202608311905652236,85,3277,Bronze INV,br_ReAssessmentFamily,TASK_COMPLETE,SUCCESS,INFO,156,156,0,,2026-08-31T19:06:18.658Z,2026-08-31T21:16:41.151Z,7823,2026-08-31T21:16:41.151Z,FR,Frankfort,79f5b39e-d314-4ad3-8050-3ace553d67de,SAMMS-Frankfort
202608312116373896,202608311905654252,202608311905652236,85,3278,Bronze INV,br_ReAssessmentFamily,TASK_COMPLETE,SUCCESS,INFO,0,0,0,,2026-08-31T19:06:18.658Z,2026-08-31T21:16:41.151Z,7823,2026-08-31T21:16:41.151Z,FS,Fort Smith,79f5b39e-d314-4ad3-8050-3ace553d67de,SAMMS-FortSmith
202608312116373897,202608311905654253,202608311905652236,85,3279,Bronze INV,br_ReAssessmentFamily,TASK_COMPLETE,SUCCESS,INFO,467,467,0,,2026-08-31T19:06:18.658Z,2026-08-31T21:16:41.151Z,7823,2026-08-31T21:16:41.151Z,FW,Fort Wayne,79f5b39e-d314-4ad3-8050-3ace553d67de,SAMMS-FortWayne
202608312116373898,202608311905654254,202608311905652236,85,3280,Bronze INV,br_ReAssessmentFamily,TASK_COMPLETE,SUCCESS,INFO,276,276,0,,2026-08-31T19:06:18.658Z,2026-08-31T21:16:41.151Z,7823,2026-08-31T21:16:41.151Z,GAL,Gaylord,79f5b39e-d314-4ad3-8050-3ace553d67de,SAMMS-Gaylord
202608312116373899,202608311905654255,202608311905652236,85,3284,Bronze INV,br_ReAssessmentFamily,TASK_COMPLETE,SUCCESS,INFO,100,100,0,,2026-08-31T19:06:18.658Z,2026-08-31T21:16:41.151Z,7823,2026-08-31T21:16:41.151Z,HGT,Hagerstown,79f5b39e-d314-4ad3-8050-3ace553d67de,SAMMS-Hagerstown
202608312116373900,202608311905654256,202608311905652236,85,3285,Bronze INV,br_ReAssessmentFamily,TASK_COMPLETE,SUCCESS,INFO,1725,1725,0,,2026-08-31T19:06:18.658Z,2026-08-31T21:16:41.151Z,7823,2026-08-31T21:16:41.151Z,HNT,Huntsville,79f5b39e-d314-4ad3-8050-3ace553d67de,SAMMS-Huntsville
202608312116373902,202608311905654257,202608311905652236,85,3286,Bronze INV,br_ReAssessmentFamily,TASK_COMPLETE,SUCCESS,INFO,0,0,0,,2026-08-31T19:06:18.658Z,2026-08-31T21:16:41.151Z,7823,2026-08-31T21:16:41.151Z,HS,Hot Springs,79f5b39e-d314-4ad3-8050-3ace553d67de,SAMMS-HotSprings
202608312116373903,202608311905654258,202608311905652236,85,3287,Bronze INV,br_ReAssessmentFamily,TASK_COMPLETE,SUCCESS,INFO,0,0,0,,2026-08-31T19:06:18.658Z,2026-08-31T21:16:41.151Z,7823,2026-08-31T21:16:41.151Z,JON,Jonesboro,79f5b39e-d314-4ad3-8050-3ace553d67de,SAMMS-Jonesboro
202608312116373904,202608311905654259,202608311905652236,85,3289,Bronze INV,br_ReAssessmentFamily,TASK_COMPLETE,SUCCESS,INFO,447,447,0,,2026-08-31T19:06:18.658Z,2026-08-31T21:16:41.151Z,7823,2026-08-31T21:16:41.151Z,LAN,Lansing,79f5b39e-d314-4ad3-8050-3ace553d67de,SAMMS-Lansing
202608312116373905,202608311905654260,202608311905652236,85,3290,Bronze INV,br_ReAssessmentFamily,TASK_COMPLETE,SUCCESS,INFO,1287,1287,0,,2026-08-31T19:06:18.658Z,2026-08-31T21:16:41.151Z,7823,2026-08-31T21:16:41.151Z,LO,Louisville,79f5b39e-d314-4ad3-8050-3ace553d67de,SAMMS-Louisville
202608312116373906,202608311905654261,202608311905652236,85,3291,Bronze INV,br_ReAssessmentFamily,TASK_COMPLETE,SUCCESS,INFO,291,291,0,,2026-08-31T19:06:18.658Z,2026-08-31T21:16:41.151Z,7823,2026-08-31T21:16:41.151Z,LV1,Cheyenne,79f5b39e-d314-4ad3-8050-3ace553d67de,SAMMS-Cheyenne
202608312116373907,202608311905654262,202608311905652236,85,3292,Bronze INV,br_ReAssessmentFamily,TASK_COMPLETE,SUCCESS,INFO,205,205,0,,2026-08-31T19:06:18.658Z,2026-08-31T21:16:41.151Z,7823,2026-08-31T21:16:41.151Z,LV2,Desert Inn,79f5b39e-d314-4ad3-8050-3ace553d67de,SAMMS-DesertInn
202608312116373908,202608311905654263,202608311905652236,85,3293,Bronze INV,br_ReAssessmentFamily,TASK_COMPLETE,SUCCESS,INFO,110,110,0,,2026-08-31T19:06:18.658Z,2026-08-31T21:16:41.151Z,7823,2026-08-31T21:16:41.151Z,LV3,McDaniel,79f5b39e-d314-4ad3-8050-3ace553d67de,SAMMS-McDaniel
202608312116373909,202608311905654264,202608311905652236,85,3296,Bronze INV,br_ReAssessmentFamily,TASK_COMPLETE,SUCCESS,INFO,356,356,0,,2026-08-31T19:06:18.658Z,2026-08-31T21:16:41.151Z,7823,2026-08-31T21:16:41.151Z,MNRE,Monroe,79f5b39e-d314-4ad3-8050-3ace553d67de,SAMMS-Monroe
202608312116373910,202608311905654265,202608311905652236,85,3297,Bronze INV,br_ReAssessmentFamily,TASK_COMPLETE,SUCCESS,INFO,1423,1423,0,,2026-08-31T19:06:18.658Z,2026-08-31T21:16:41.151Z,7823,2026-08-31T21:16:41.151Z,MP,Mt. Pleasant,79f5b39e-d314-4ad3-8050-3ace553d67de,SAMMS-MtPleasant
202608312116373911,202608311905654266,202608311905652236,85,3298,Bronze INV,br_ReAssessmentFamily,TASK_COMPLETE,SUCCESS,INFO,153,153,0,,2026-08-31T19:06:18.658Z,2026-08-31T21:16:41.151Z,7823,2026-08-31T21:16:41.151Z,MRD,Meridian,79f5b39e-d314-4ad3-8050-3ace553d67de,SAMMS-Meridian
202608312116373913,202608311905654267,202608311905652236,85,3303,Bronze INV,br_ReAssessmentFamily,TASK_COMPLETE,SUCCESS,INFO,693,693,0,,2026-08-31T19:06:18.658Z,2026-08-31T21:16:41.151Z,7823,2026-08-31T21:16:41.151Z,NC,North Charleston,79f5b39e-d314-4ad3-8050-3ace553d67de,SAMMS-NorthCharleston
202608312116373914,202608311905654268,202608311905652236,85,3304,Bronze INV,br_ReAssessmentFamily,TASK_COMPLETE,SUCCESS,INFO,0,0,0,,2026-08-31T19:06:18.658Z,2026-08-31T21:16:41.151Z,7823,2026-08-31T21:16:41.151Z,NLR,N. Little Rock,79f5b39e-d314-4ad3-8050-3ace553d67de,SAMMS-NLROBOT
202608312116373915,202608311905654269,202608311905652236,85,3305,Bronze INV,br_ReAssessmentFamily,TASK_COMPLETE,SUCCESS,INFO,112,112,0,,2026-08-31T19:06:18.658Z,2026-08-31T21:16:41.151Z,7823,2026-08-31T21:16:41.151Z,PH,Phoenix,79f5b39e-d314-4ad3-8050-3ace553d67de,SAMMS-Phoenix
202608312116373916,202608311905654270,202608311905652236,85,3309,Bronze INV,br_ReAssessmentFamily,TASK_COMPLETE,SUCCESS,INFO,214,214,0,,2026-08-31T19:06:18.658Z,2026-08-31T21:16:41.151Z,7823,2026-08-31T21:16:41.151Z,RE,Reno,79f5b39e-d314-4ad3-8050-3ace553d67de,SAMMS-Reno
202608312116373917,202608311905654271,202608311905652236,85,3310,Bronze INV,br_ReAssessmentFamily,TASK_COMPLETE,SUCCESS,INFO,88,88,0,,2026-08-31T19:06:18.658Z,2026-08-31T21:16:41.151Z,7823,2026-08-31T21:16:41.151Z,RMD,Richmond,79f5b39e-d314-4ad3-8050-3ace553d67de,SAMMS-Richmond
202608312116373918,202608311905654272,202608311905652236,85,3311,Bronze INV,br_ReAssessmentFamily,TASK_COMPLETE,SUCCESS,INFO,589,589,0,,2026-08-31T19:06:18.658Z,2026-08-31T21:16:41.151Z,7823,2026-08-31T21:16:41.151Z,SFN,Springfield North,79f5b39e-d314-4ad3-8050-3ace553d67de,SAMMS-SFNv5
202608312116373919,202608311905654273,202608311905652236,85,3312,Bronze INV,br_ReAssessmentFamily,TASK_COMPLETE,SUCCESS,INFO,763,763,0,,2026-08-31T19:06:18.658Z,2026-08-31T21:16:41.151Z,7823,2026-08-31T21:16:41.151Z,SHP,Shreveport,79f5b39e-d314-4ad3-8050-3ace553d67de,SAMMS-Shreveport
202608312116373920,202608311905654274,202608311905652236,85,3314,Bronze INV,br_ReAssessmentFamily,TASK_COMPLETE,SUCCESS,INFO,484,484,0,,2026-08-31T19:06:18.658Z,2026-08-31T21:16:41.151Z,7823,2026-08-31T21:16:41.151Z,STN,Staunton,79f5b39e-d314-4ad3-8050-3ace553d67de,SAMMS-Staunton
202608312116373922,202608311905654275,202608311905652236,85,3315,Bronze INV,br_ReAssessmentFamily,TASK_COMPLETE,SUCCESS,INFO,225,225,0,,2026-08-31T19:06:18.658Z,2026-08-31T21:16:41.151Z,7823,2026-08-31T21:16:41.151Z,STVN,Stevenson,79f5b39e-d314-4ad3-8050-3ace553d67de,SAMMS-Stevenson
202608312116373923,202608311905654276,202608311905652236,85,3317,Bronze INV,br_ReAssessmentFamily,TASK_COMPLETE,SUCCESS,INFO,173,173,0,,2026-08-31T19:06:18.658Z,2026-08-31T21:16:41.151Z,7823,2026-08-31T21:16:41.151Z,TE,Tempe,79f5b39e-d314-4ad3-8050-3ace553d67de,SAMMS-Tempe
202608312116373924,202608311905654277,202608311905652236,85,3318,Bronze INV,br_ReAssessmentFamily,TASK_COMPLETE,SUCCESS,INFO,0,0,0,,2026-08-31T19:06:18.658Z,2026-08-31T21:16:41.151Z,7823,2026-08-31T21:16:41.151Z,TEX,Texarkana,79f5b39e-d314-4ad3-8050-3ace553d67de,SAMMS-Texarkana
202608312116373925,202608311905654278,202608311905652236,85,3319,Bronze INV,br_ReAssessmentFamily,TASK_COMPLETE,SUCCESS,INFO,1079,1079,0,,2026-08-31T19:06:18.658Z,2026-08-31T21:16:41.151Z,7823,2026-08-31T21:16:41.151Z,TTCA,Bessemer,79f5b39e-d314-4ad3-8050-3ace553d67de,SAMMS-BessemerV5
202608312116373926,202608311905654279,202608311905652236,85,3320,Bronze INV,br_ReAssessmentFamily,TASK_COMPLETE,SUCCESS,INFO,1317,1317,0,,2026-08-31T19:06:18.658Z,2026-08-31T21:16:41.151Z,7823,2026-08-31T21:16:41.151Z,TTCB,Cullman,79f5b39e-d314-4ad3-8050-3ace553d67de,SAMMS-CullmanV5
202608312116373927,202608311905654280,202608311905652236,85,3321,Bronze INV,br_ReAssessmentFamily,TASK_COMPLETE,SUCCESS,INFO,944,944,0,,2026-08-31T19:06:18.658Z,2026-08-31T21:16:41.151Z,7823,2026-08-31T21:16:41.151Z,TTCC,Grand Bay,79f5b39e-d314-4ad3-8050-3ace553d67de,SAMMS-GrandBay
202608312116373928,202608311905654281,202608311905652236,85,3322,Bronze INV,br_ReAssessmentFamily,TASK_COMPLETE,SUCCESS,INFO,15,15,0,,2026-08-31T19:06:18.658Z,2026-08-31T21:16:41.151Z,7823,2026-08-31T21:16:41.151Z,TU,Tucson,79f5b39e-d314-4ad3-8050-3ace553d67de,SAMMS-Tucson
202608312116373929,202608311905654282,202608311905652236,85,3324,Bronze INV,br_ReAssessmentFamily,TASK_COMPLETE,SUCCESS,INFO,660,660,0,,2026-08-31T19:06:18.658Z,2026-08-31T21:16:41.151Z,7823,2026-08-31T21:16:41.151Z,V1,Memphis South,79f5b39e-d314-4ad3-8050-3ace553d67de,SAMMS-VCPHCS-I-MemphisV5
202608312116373931,202608311905654283,202608311905652236,85,3325,Bronze INV,br_ReAssessmentFamily,TASK_COMPLETE,SUCCESS,INFO,1628,1628,0,,2026-08-31T19:06:18.658Z,2026-08-31T21:16:41.151Z,7823,2026-08-31T21:16:41.151Z,V10,Longmont,79f5b39e-d314-4ad3-8050-3ace553d67de,SAMMS-BoulderV5
202608312116373932,202608311905654284,202608311905652236,85,3326,Bronze INV,br_ReAssessmentFamily,TASK_COMPLETE,SUCCESS,INFO,1513,1513,0,,2026-08-31T19:06:18.658Z,2026-08-31T21:16:41.151Z,7823,2026-08-31T21:16:41.151Z,V10A,Fort Collins,79f5b39e-d314-4ad3-8050-3ace553d67de,SAMMS-FortCollinsV5
202608312116373933,202608311905654285,202608311905652236,85,3327,Bronze INV,br_ReAssessmentFamily,TASK_COMPLETE,SUCCESS,INFO,2870,2870,0,,2026-08-31T19:06:18.658Z,2026-08-31T21:16:41.151Z,7823,2026-08-31T21:16:41.151Z,V11,Westminster,79f5b39e-d314-4ad3-8050-3ace553d67de,SAMMS-VCPHCS-XI-NorthDenverV5
202608312116373934,202608311905654286,202608311905652236,85,3328,Bronze INV,br_ReAssessmentFamily,TASK_COMPLETE,SUCCESS,INFO,3037,3037,0,,2026-08-31T19:06:18.658Z,2026-08-31T21:16:41.151Z,7823,2026-08-31T21:16:41.151Z,V12,Downtown Denver,79f5b39e-d314-4ad3-8050-3ace553d67de,SAMMS-VCPHCS-XII-DowntownDenverV5
202608312116373935,202608311905654287,202608311905652236,85,3329,Bronze INV,br_ReAssessmentFamily,TASK_COMPLETE,SUCCESS,INFO,1141,1141,0,,2026-08-31T19:06:18.658Z,2026-08-31T21:16:41.151Z,7823,2026-08-31T21:16:41.151Z,V12A,Centennial,79f5b39e-d314-4ad3-8050-3ace553d67de,SAMMS-CentennialV5
202608312116373936,202608311905654288,202608311905652236,85,3330,Bronze INV,br_ReAssessmentFamily,TASK_COMPLETE,SUCCESS,INFO,294,294,0,,2026-08-31T19:06:18.658Z,2026-08-31T21:16:41.151Z,7823,2026-08-31T21:16:41.151Z,V14,Overland Park,79f5b39e-d314-4ad3-8050-3ace553d67de,SAMMS-VCPHCS-XIV-BridgewayV5
202608312116373937,202608311905654289,202608311905652236,85,3331,Bronze INV,br_ReAssessmentFamily,TASK_COMPLETE,SUCCESS,INFO,610,610,0,,2026-08-31T19:06:18.658Z,2026-08-31T21:16:41.151Z,7823,2026-08-31T21:16:41.151Z,V15,Joplin,79f5b39e-d314-4ad3-8050-3ace553d67de,SAMMS-JoplinV5
202608312116373938,202608311905654290,202608311905652236,85,3333,Bronze INV,br_ReAssessmentFamily,TASK_COMPLETE,SUCCESS,INFO,903,903,0,,2026-08-31T19:06:18.658Z,2026-08-31T21:16:41.151Z,7823,2026-08-31T21:16:41.151Z,V17,Columbia TN,79f5b39e-d314-4ad3-8050-3ace553d67de,SAMMS-ColumbiaTNv5
202608312116373939,202608311905654291,202608311905652236,85,3335,Bronze INV,br_ReAssessmentFamily,TASK_COMPLETE,SUCCESS,INFO,533,533,0,,2026-08-31T19:06:18.658Z,2026-08-31T21:16:41.151Z,7823,2026-08-31T21:16:41.151Z,V19,Jackson,79f5b39e-d314-4ad3-8050-3ace553d67de,SAMMS-JacksonV5
202608312116373940,202608311905654292,202608311905652236,85,3337,Bronze INV,br_ReAssessmentFamily,TASK_COMPLETE,SUCCESS,INFO,1768,1768,0,,2026-08-31T19:06:18.658Z,2026-08-31T21:16:41.151Z,7823,2026-08-31T21:16:41.151Z,V20,Paris,79f5b39e-d314-4ad3-8050-3ace553d67de,SAMMS-ParisV5
202608312116373942,202608311905654293,202608311905652236,85,3338,Bronze INV,br_ReAssessmentFamily,TASK_COMPLETE,SUCCESS,INFO,723,723,0,,2026-08-31T19:06:18.658Z,2026-08-31T21:16:41.151Z,7823,2026-08-31T21:16:41.151Z,V21,Memphis North,79f5b39e-d314-4ad3-8050-3ace553d67de,SAMMS-RaleighV5
202608312116373943,202608311905654294,202608311905652236,85,3341,Bronze INV,br_ReAssessmentFamily,TASK_COMPLETE,SUCCESS,INFO,1780,1780,0,,2026-08-31T19:06:18.658Z,2026-08-31T21:16:41.151Z,7823,2026-08-31T21:16:41.151Z,V5,West Bank,79f5b39e-d314-4ad3-8050-3ace553d67de,SAMMS-NONTCv5
202608312116373944,202608311905654295,202608311905652236,85,3343,Bronze INV,br_ReAssessmentFamily,TASK_COMPLETE,SUCCESS,INFO,144,144,0,,2026-08-31T19:06:18.658Z,2026-08-31T21:16:41.151Z,7823,2026-08-31T21:16:41.151Z,V5B,Houma,79f5b39e-d314-4ad3-8050-3ace553d67de,SAMMS-HoumaV6
202608312116373945,202608311905654296,202608311905652236,85,3344,Bronze INV,br_ReAssessmentFamily,TASK_COMPLETE,SUCCESS,INFO,1910,1910,0,,2026-08-31T19:06:18.658Z,2026-08-31T21:16:41.151Z,7823,2026-08-31T21:16:41.151Z,V6,Lake Charles,79f5b39e-d314-4ad3-8050-3ace553d67de,SAMMS-LCv5
202608312116373946,202608311905654297,202608311905652236,85,3346,Bronze INV,br_ReAssessmentFamily,TASK_COMPLETE,SUCCESS,INFO,741,741,0,,2026-08-31T19:06:18.658Z,2026-08-31T21:16:41.151Z,7823,2026-08-31T21:16:41.151Z,V8,Memphis Midtown,79f5b39e-d314-4ad3-8050-3ace553d67de,SAMMS-VCPHCS-VIII-MemphisV5
202608312116373947,202608311905654298,202608311905652236,85,3347,Bronze INV,br_ReAssessmentFamily,TASK_COMPLETE,SUCCESS,INFO,1763,1763,0,,2026-08-31T19:06:18.658Z,2026-08-31T21:16:41.151Z,7823,2026-08-31T21:16:41.151Z,V9,Nashville,79f5b39e-d314-4ad3-8050-3ace553d67de,SAMMS-NashvilleV5
202608312116373948,202608311905654299,202608311905652236,85,3348,Bronze INV,br_ReAssessmentFamily,TASK_COMPLETE,SUCCESS,INFO,838,838,0,,2026-08-31T19:06:18.658Z,2026-08-31T21:16:41.151Z,7823,2026-08-31T21:16:41.151Z,VBRA,Brainerd,79f5b39e-d314-4ad3-8050-3ace553d67de,SAMMS-BrainerdV6
202608312116373949,202608311905654300,202608311905652236,85,3349,Bronze INV,br_ReAssessmentFamily,TASK_COMPLETE,SUCCESS,INFO,1958,1958,0,,2026-08-31T19:06:18.658Z,2026-08-31T21:16:41.151Z,7823,2026-08-31T21:16:41.151Z,VBRP,Brooklyn Park,79f5b39e-d314-4ad3-8050-3ace553d67de,SAMMS-BrooklynParkV6
202609022122572586,202609021903208054,202609021903206075,85,3201,Bronze INV,br_ReAssessmentFamily,TASK_COMPLETE,SUCCESS,INFO,587,587,0,,2026-09-02T19:03:39.838Z,2026-09-02T21:23:00.812Z,8361,2026-09-02T21:23:00.812Z,B46,Washington DC,c49685cc-3281-44bc-a1c2-3be5b1110999,SAMMS-WashingtonDCv5
202609022122572587,202609021903208055,202609021903206075,85,3202,Bronze INV,br_ReAssessmentFamily,TASK_COMPLETE,SUCCESS,INFO,1570,1570,0,,2026-09-02T19:03:39.838Z,2026-09-02T21:23:00.812Z,8361,2026-09-02T21:23:00.812Z,B47,Mobile,c49685cc-3281-44bc-a1c2-3be5b1110999,SAMMS-MobileV5
202609022122572588,202609021903208056,202609021903206075,85,3203,Bronze INV,br_ReAssessmentFamily,TASK_COMPLETE,SUCCESS,INFO,1297,1297,0,,2026-09-02T19:03:39.838Z,2026-09-02T21:23:00.812Z,8361,2026-09-02T21:23:00.812Z,B48,Tuscaloosa,c49685cc-3281-44bc-a1c2-3be5b1110999,SAMMS-TuscaloosaV5
202609022122572589,202609021903208057,202609021903206075,85,3212,Bronze INV,br_ReAssessmentFamily,TASK_COMPLETE,SUCCESS,INFO,2,2,0,,2026-09-02T19:03:39.838Z,2026-09-02T21:23:00.812Z,8361,2026-09-02T21:23:00.812Z,B51,N. Little Rock (OTP),c49685cc-3281-44bc-a1c2-3be5b1110999,SAMMS-NorthLittleRockV6
202609022122572590,202609021903208058,202609021903206075,85,3213,Bronze INV,br_ReAssessmentFamily,TASK_COMPLETE,SUCCESS,INFO,456,456,0,,2026-09-02T19:03:39.838Z,2026-09-02T21:23:00.812Z,8361,2026-09-02T21:23:00.812Z,B52,Jackson GA,c49685cc-3281-44bc-a1c2-3be5b1110999,SAMMS-JacksonGAV5
202609022122572592,202609021903208059,202609021903206075,85,3214,Bronze INV,br_ReAssessmentFamily,TASK_COMPLETE,SUCCESS,INFO,1708,1708,0,,2026-09-02T19:03:39.838Z,2026-09-02T21:23:00.812Z,8361,2026-09-02T21:23:00.812Z,B54,Gadsden,c49685cc-3281-44bc-a1c2-3be5b1110999,SAMMS-GadsdenV5
202609022122572593,202609021903208060,202609021903206075,85,3215,Bronze INV,br_ReAssessmentFamily,TASK_COMPLETE,SUCCESS,INFO,950,950,0,,2026-09-02T19:03:39.838Z,2026-09-02T21:23:00.812Z,8361,2026-09-02T21:23:00.812Z,B55,Shoals,c49685cc-3281-44bc-a1c2-3be5b1110999,SAMMS-ShoalsV5
202609022122572594,202609021903208061,202609021903206075,85,3216,Bronze INV,br_ReAssessmentFamily,TASK_COMPLETE,SUCCESS,INFO,294,294,0,,2026-09-02T19:03:39.838Z,2026-09-02T21:23:00.812Z,8361,2026-09-02T21:23:00.812Z,B57,Pawtucket,c49685cc-3281-44bc-a1c2-3be5b1110999,SAMMS-Pawtucket
202609022122572595,202609021903208062,202609021903206075,85,3217,Bronze INV,br_ReAssessmentFamily,TASK_COMPLETE,SUCCESS,INFO,551,551,0,,2026-09-02T19:03:39.838Z,2026-09-02T21:23:00.812Z,8361,2026-09-02T21:23:00.812Z,B57A,Johnston,c49685cc-3281-44bc-a1c2-3be5b1110999,SAMMS-Johnston
202609022122572596,202609021903208063,202609021903206075,85,3218,Bronze INV,br_ReAssessmentFamily,TASK_COMPLETE,SUCCESS,INFO,166,166,0,,2026-09-02T19:03:39.838Z,2026-09-02T21:23:00.812Z,8361,2026-09-02T21:23:00.812Z,B57B,Middletown,c49685cc-3281-44bc-a1c2-3be5b1110999,SAMMS-Middletown
202609022122572597,202609021903208064,202609021903206075,85,3219,Bronze INV,br_ReAssessmentFamily,TASK_COMPLETE,SUCCESS,INFO,413,413,0,,2026-09-02T19:03:39.838Z,2026-09-02T21:23:00.812Z,8361,2026-09-02T21:23:00.812Z,B57C,Providence,c49685cc-3281-44bc-a1c2-3be5b1110999,SAMMS-Providence
202609022122572598,202609021903208065,202609021903206075,85,3220,Bronze INV,br_ReAssessmentFamily,TASK_COMPLETE,SUCCESS,INFO,623,623,0,,2026-09-02T19:03:39.838Z,2026-09-02T21:23:00.812Z,8361,2026-09-02T21:23:00.812Z,B57D,Westerly,c49685cc-3281-44bc-a1c2-3be5b1110999,SAMMS-Westerly
202609022122572599,202609021903208066,202609021903206075,85,3224,Bronze INV,br_ReAssessmentFamily,TASK_COMPLETE,SUCCESS,INFO,4,4,0,,2026-09-02T19:03:39.838Z,2026-09-02T21:23:00.812Z,8361,2026-09-02T21:23:00.812Z,B66A,Bremen,c49685cc-3281-44bc-a1c2-3be5b1110999,SAMMS-Bremen
202609022122572601,202609021903208067,202609021903206075,85,3227,Bronze INV,br_ReAssessmentFamily,TASK_COMPLETE,SUCCESS,INFO,0,0,0,,2026-09-02T19:03:39.838Z,2026-09-02T21:23:00.812Z,8361,2026-09-02T21:23:00.812Z,B72,Mobile (OBOT),c49685cc-3281-44bc-a1c2-3be5b1110999,SAMMS-Mobile-OBOT
202609022122572602,202609021903208068,202609021903206075,85,3228,Bronze INV,br_ReAssessmentFamily,TASK_COMPLETE,SUCCESS,INFO,0,0,0,,2026-09-02T19:03:39.838Z,2026-09-02T21:23:00.812Z,8361,2026-09-02T21:23:00.812Z,B73,Montgomery,c49685cc-3281-44bc-a1c2-3be5b1110999,SAMMS-Montgomery
202609022122572603,202609021903208069,202609021903206075,85,3229,Bronze INV,br_ReAssessmentFamily,TASK_COMPLETE,SUCCESS,INFO,517,517,0,,2026-09-02T19:03:39.838Z,2026-09-02T21:23:00.812Z,8361,2026-09-02T21:23:00.812Z,B75,Lawrence,c49685cc-3281-44bc-a1c2-3be5b1110999,SAMMS-LawrenceV6
202609022122572604,202609021903208070,202609021903206075,85,3230,Bronze INV,br_ReAssessmentFamily,TASK_COMPLETE,SUCCESS,INFO,0,0,0,,2026-09-02T19:03:39.838Z,2026-09-02T21:23:00.812Z,8361,2026-09-02T21:23:00.812Z,B76,Huntsville OBOT,c49685cc-3281-44bc-a1c2-3be5b1110999,SAMMS-Huntsville-OBOT
202609022122572605,202609021903208071,202609021903206075,85,3231,Bronze INV,br_ReAssessmentFamily,TASK_COMPLETE,SUCCESS,INFO,0,0,0,,2026-09-02T19:03:39.838Z,2026-09-02T21:23:00.812Z,8361,2026-09-02T21:23:00.812Z,BAT,Batesville,c49685cc-3281-44bc-a1c2-3be5b1110999,SAMMS-Batesville
202609022122572606,202609021903208072,202609021903206075,85,3232,Bronze INV,br_ReAssessmentFamily,TASK_COMPLETE,SUCCESS,INFO,461,461,0,,2026-09-02T19:03:39.838Z,2026-09-02T21:23:00.812Z,8361,2026-09-02T21:23:00.812Z,BG,Bowling Green,c49685cc-3281-44bc-a1c2-3be5b1110999,SAMMS-BowlingGreen
202609022122572607,202609021903208073,202609021903206075,85,3233,Bronze INV,br_ReAssessmentFamily,TASK_COMPLETE,SUCCESS,INFO,181,181,0,,2026-09-02T19:03:39.838Z,2026-09-02T21:23:00.812Z,8361,2026-09-02T21:23:00.812Z,BOI,Boise,c49685cc-3281-44bc-a1c2-3be5b1110999,SAMMS-Boise
202609022122572608,202609021903208074,202609021903206075,85,3240,Bronze INV,br_ReAssessmentFamily,TASK_COMPLETE,SUCCESS,INFO,51,51,0,,2026-09-02T19:03:39.838Z,2026-09-02T21:23:00.812Z,8361,2026-09-02T21:23:00.812Z,CBCO,Coeur dAlene,c49685cc-3281-44bc-a1c2-3be5b1110999,SAMMS-CoeurdAleneV6
202609022122572609,202609021903208075,202609021903206075,85,3259,Bronze INV,br_ReAssessmentFamily,TASK_COMPLETE,SUCCESS,INFO,0,0,0,,2026-09-02T19:03:39.838Z,2026-09-02T21:23:00.812Z,8361,2026-09-02T21:23:00.812Z,CON,Conway,c49685cc-3281-44bc-a1c2-3be5b1110999,SAMMS-Conway
202609022122572610,202609021903208076,202609021903206075,85,3260,Bronze INV,br_ReAssessmentFamily,TASK_COMPLETE,SUCCESS,INFO,2575,2575,0,,2026-09-02T19:03:39.838Z,2026-09-02T21:23:00.812Z,8361,2026-09-02T21:23:00.812Z,D07,Medical Services Knox TN,c49685cc-3281-44bc-a1c2-3be5b1110999,SAMMS-KnoxvilleV6
202609022122572611,202609021903208077,202609021903206075,85,3261,Bronze INV,br_ReAssessmentFamily,TASK_COMPLETE,SUCCESS,INFO,111,111,0,,2026-09-02T19:03:39.838Z,2026-09-02T21:23:00.812Z,8361,2026-09-02T21:23:00.812Z,D08,Madison,c49685cc-3281-44bc-a1c2-3be5b1110999,SAMMS-MadisonV6
202609022122572613,202609021903208078,202609021903206075,85,3263,Bronze INV,br_ReAssessmentFamily,TASK_COMPLETE,SUCCESS,INFO,121,121,0,,2026-09-02T19:03:39.838Z,2026-09-02T21:23:00.812Z,8361,2026-09-02T21:23:00.812Z,D09,Murfreesboro,c49685cc-3281-44bc-a1c2-3be5b1110999,SAMMS-MurfreesboroV6
202609022122572614,202609021903208079,202609021903206075,85,3264,Bronze INV,br_ReAssessmentFamily,TASK_COMPLETE,SUCCESS,INFO,335,335,0,,2026-09-02T19:03:39.838Z,2026-09-02T21:23:00.812Z,8361,2026-09-02T21:23:00.812Z,DA,Davenport,c49685cc-3281-44bc-a1c2-3be5b1110999,SAMMS-Davenport
202609022122572615,202609021903208080,202609021903206075,85,3265,Bronze INV,br_ReAssessmentFamily,TASK_COMPLETE,SUCCESS,INFO,288,288,0,,2026-09-02T19:03:39.838Z,2026-09-02T21:23:00.812Z,8361,2026-09-02T21:23:00.812Z,DM,Des Moines,c49685cc-3281-44bc-a1c2-3be5b1110999,SAMMS-DesMoines
202609022122572616,202609021903208081,202609021903206075,85,3267,Bronze INV,br_ReAssessmentFamily,TASK_COMPLETE,SUCCESS,INFO,530,530,0,,2026-09-02T19:03:39.838Z,2026-09-02T21:23:00.812Z,8361,2026-09-02T21:23:00.812Z,DRD-CO,Columbia MO,c49685cc-3281-44bc-a1c2-3be5b1110999,SAMMS-ColumbiaV5
202609022122572617,202609021903208082,202609021903206075,85,3268,Bronze INV,br_ReAssessmentFamily,TASK_COMPLETE,SUCCESS,INFO,348,348,0,,2026-09-02T19:03:39.838Z,2026-09-02T21:23:00.812Z,8361,2026-09-02T21:23:00.812Z,DRD-KC,KC,c49685cc-3281-44bc-a1c2-3be5b1110999,SAMMS-KCv5
202609022122572618,202609021903208083,202609021903206075,85,3269,Bronze INV,br_ReAssessmentFamily,TASK_COMPLETE,SUCCESS,INFO,1549,1549,0,,2026-09-02T19:03:39.838Z,2026-09-02T21:23:00.812Z,8361,2026-09-02T21:23:00.812Z,DRD-KVB,KVB,c49685cc-3281-44bc-a1c2-3be5b1110999,SAMMS-KVBv5
202609022122572619,202609021903208084,202609021903206075,85,3270,Bronze INV,br_ReAssessmentFamily,TASK_COMPLETE,SUCCESS,INFO,1674,1674,0,,2026-09-02T19:03:39.838Z,2026-09-02T21:23:00.812Z,8361,2026-09-02T21:23:00.812Z,DRD-KVC,KVC,c49685cc-3281-44bc-a1c2-3be5b1110999,SAMMS-KVCv5
202609022122572620,202609021903208085,202609021903206075,85,3271,Bronze INV,br_ReAssessmentFamily,TASK_COMPLETE,SUCCESS,INFO,3205,3205,0,,2026-09-02T19:03:39.838Z,2026-09-02T21:23:00.812Z,8361,2026-09-02T21:23:00.812Z,DRD-NOLA,NOLA,c49685cc-3281-44bc-a1c2-3be5b1110999,SAMMS-NOLAv5
202609022122572622,202609021903208086,202609021903206075,85,3272,Bronze INV,br_ReAssessmentFamily,TASK_COMPLETE,SUCCESS,INFO,800,800,0,,2026-09-02T19:03:39.838Z,2026-09-02T21:23:00.812Z,8361,2026-09-02T21:23:00.812Z,DRD-SF,Springfield,c49685cc-3281-44bc-a1c2-3be5b1110999,SAMMS-SFv5
202609022122572623,202609021903208087,202609021903206075,85,3274,Bronze INV,br_ReAssessmentFamily,TASK_COMPLETE,SUCCESS,INFO,260,260,0,,2026-09-02T19:03:39.838Z,2026-09-02T21:23:00.812Z,8361,2026-09-02T21:23:00.812Z,ELC,Elizabeth City,c49685cc-3281-44bc-a1c2-3be5b1110999,SAMMS-ElizabethCity
202609022122572624,202609021903208088,202609021903206075,85,3275,Bronze INV,br_ReAssessmentFamily,TASK_COMPLETE,SUCCESS,INFO,128,128,0,,2026-09-02T19:03:39.838Z,2026-09-02T21:23:00.812Z,8361,2026-09-02T21:23:00.812Z,ET,Elizabethtown,c49685cc-3281-44bc-a1c2-3be5b1110999,SAMMS-Elizabethtown
202609022122572625,202609021903208089,202609021903206075,85,3276,Bronze INV,br_ReAssessmentFamily,TASK_COMPLETE,SUCCESS,INFO,0,0,0,,2026-09-02T19:03:39.838Z,2026-09-02T21:23:00.812Z,8361,2026-09-02T21:23:00.812Z,FAY,Fayetteville,c49685cc-3281-44bc-a1c2-3be5b1110999,SAMMS-Fayetteville
202609022122572626,202609021903208090,202609021903206075,85,3277,Bronze INV,br_ReAssessmentFamily,TASK_COMPLETE,SUCCESS,INFO,156,156,0,,2026-09-02T19:03:39.838Z,2026-09-02T21:23:00.812Z,8361,2026-09-02T21:23:00.812Z,FR,Frankfort,c49685cc-3281-44bc-a1c2-3be5b1110999,SAMMS-Frankfort
202609022122572627,202609021903208091,202609021903206075,85,3278,Bronze INV,br_ReAssessmentFamily,TASK_COMPLETE,SUCCESS,INFO,0,0,0,,2026-09-02T19:03:39.838Z,2026-09-02T21:23:00.812Z,8361,2026-09-02T21:23:00.812Z,FS,Fort Smith,c49685cc-3281-44bc-a1c2-3be5b1110999,SAMMS-FortSmith
202609022122572628,202609021903208092,202609021903206075,85,3279,Bronze INV,br_ReAssessmentFamily,TASK_COMPLETE,SUCCESS,INFO,467,467,0,,2026-09-02T19:03:39.838Z,2026-09-02T21:23:00.812Z,8361,2026-09-02T21:23:00.812Z,FW,Fort Wayne,c49685cc-3281-44bc-a1c2-3be5b1110999,SAMMS-FortWayne
202609022122572629,202609021903208093,202609021903206075,85,3280,Bronze INV,br_ReAssessmentFamily,TASK_COMPLETE,SUCCESS,INFO,276,276,0,,2026-09-02T19:03:39.838Z,2026-09-02T21:23:00.812Z,8361,2026-09-02T21:23:00.812Z,GAL,Gaylord,c49685cc-3281-44bc-a1c2-3be5b1110999,SAMMS-Gaylord
202609022122572630,202609021903208094,202609021903206075,85,3284,Bronze INV,br_ReAssessmentFamily,TASK_COMPLETE,SUCCESS,INFO,100,100,0,,2026-09-02T19:03:39.838Z,2026-09-02T21:23:00.812Z,8361,2026-09-02T21:23:00.812Z,HGT,Hagerstown,c49685cc-3281-44bc-a1c2-3be5b1110999,SAMMS-Hagerstown
202609022122572631,202609021903208095,202609021903206075,85,3285,Bronze INV,br_ReAssessmentFamily,TASK_COMPLETE,SUCCESS,INFO,1725,1725,0,,2026-09-02T19:03:39.838Z,2026-09-02T21:23:00.812Z,8361,2026-09-02T21:23:00.812Z,HNT,Huntsville,c49685cc-3281-44bc-a1c2-3be5b1110999,SAMMS-Huntsville
202609022122572632,202609021903208096,202609021903206075,85,3286,Bronze INV,br_ReAssessmentFamily,TASK_COMPLETE,SUCCESS,INFO,0,0,0,,2026-09-02T19:03:39.838Z,2026-09-02T21:23:00.812Z,8361,2026-09-02T21:23:00.812Z,HS,Hot Springs,c49685cc-3281-44bc-a1c2-3be5b1110999,SAMMS-HotSprings
202609022122572634,202609021903208097,202609021903206075,85,3287,Bronze INV,br_ReAssessmentFamily,TASK_COMPLETE,SUCCESS,INFO,0,0,0,,2026-09-02T19:03:39.838Z,2026-09-02T21:23:00.812Z,8361,2026-09-02T21:23:00.812Z,JON,Jonesboro,c49685cc-3281-44bc-a1c2-3be5b1110999,SAMMS-Jonesboro
202609022122572635,202609021903208098,202609021903206075,85,3289,Bronze INV,br_ReAssessmentFamily,TASK_COMPLETE,SUCCESS,INFO,447,447,0,,2026-09-02T19:03:39.838Z,2026-09-02T21:23:00.812Z,8361,2026-09-02T21:23:00.812Z,LAN,Lansing,c49685cc-3281-44bc-a1c2-3be5b1110999,SAMMS-Lansing
202609022122572636,202609021903208099,202609021903206075,85,3290,Bronze INV,br_ReAssessmentFamily,TASK_COMPLETE,SUCCESS,INFO,1287,1287,0,,2026-09-02T19:03:39.838Z,2026-09-02T21:23:00.812Z,8361,2026-09-02T21:23:00.812Z,LO,Louisville,c49685cc-3281-44bc-a1c2-3be5b1110999,SAMMS-Louisville
202609022122572637,202609021903208100,202609021903206075,85,3291,Bronze INV,br_ReAssessmentFamily,TASK_COMPLETE,SUCCESS,INFO,291,291,0,,2026-09-02T19:03:39.838Z,2026-09-02T21:23:00.812Z,8361,2026-09-02T21:23:00.812Z,LV1,Cheyenne,c49685cc-3281-44bc-a1c2-3be5b1110999,SAMMS-Cheyenne
202609022122572638,202609021903208101,202609021903206075,85,3292,Bronze INV,br_ReAssessmentFamily,TASK_COMPLETE,SUCCESS,INFO,205,205,0,,2026-09-02T19:03:39.838Z,2026-09-02T21:23:00.812Z,8361,2026-09-02T21:23:00.812Z,LV2,Desert Inn,c49685cc-3281-44bc-a1c2-3be5b1110999,SAMMS-DesertInn
202609022122572639,202609021903208102,202609021903206075,85,3293,Bronze INV,br_ReAssessmentFamily,TASK_COMPLETE,SUCCESS,INFO,110,110,0,,2026-09-02T19:03:39.838Z,2026-09-02T21:23:00.812Z,8361,2026-09-02T21:23:00.812Z,LV3,McDaniel,c49685cc-3281-44bc-a1c2-3be5b1110999,SAMMS-McDaniel
202609022122572640,202609021903208103,202609021903206075,85,3296,Bronze INV,br_ReAssessmentFamily,TASK_COMPLETE,SUCCESS,INFO,356,356,0,,2026-09-02T19:03:39.838Z,2026-09-02T21:23:00.812Z,8361,2026-09-02T21:23:00.812Z,MNRE,Monroe,c49685cc-3281-44bc-a1c2-3be5b1110999,SAMMS-Monroe
202609022122572641,202609021903208104,202609021903206075,85,3297,Bronze INV,br_ReAssessmentFamily,TASK_COMPLETE,SUCCESS,INFO,1423,1423,0,,2026-09-02T19:03:39.838Z,2026-09-02T21:23:00.812Z,8361,2026-09-02T21:23:00.812Z,MP,Mt. Pleasant,c49685cc-3281-44bc-a1c2-3be5b1110999,SAMMS-MtPleasant
202609022122572642,202609021903208105,202609021903206075,85,3298,Bronze INV,br_ReAssessmentFamily,TASK_COMPLETE,SUCCESS,INFO,153,153,0,,2026-09-02T19:03:39.838Z,2026-09-02T21:23:00.812Z,8361,2026-09-02T21:23:00.812Z,MRD,Meridian,c49685cc-3281-44bc-a1c2-3be5b1110999,SAMMS-Meridian
202609022122572643,202609021903208106,202609021903206075,85,3303,Bronze INV,br_ReAssessmentFamily,TASK_COMPLETE,SUCCESS,INFO,693,693,0,,2026-09-02T19:03:39.838Z,2026-09-02T21:23:00.812Z,8361,2026-09-02T21:23:00.812Z,NC,North Charleston,c49685cc-3281-44bc-a1c2-3be5b1110999,SAMMS-NorthCharleston
202609022122572645,202609021903208107,202609021903206075,85,3304,Bronze INV,br_ReAssessmentFamily,TASK_COMPLETE,SUCCESS,INFO,0,0,0,,2026-09-02T19:03:39.838Z,2026-09-02T21:23:00.812Z,8361,2026-09-02T21:23:00.812Z,NLR,N. Little Rock,c49685cc-3281-44bc-a1c2-3be5b1110999,SAMMS-NLROBOT
202609022122572646,202609021903208108,202609021903206075,85,3305,Bronze INV,br_ReAssessmentFamily,TASK_COMPLETE,SUCCESS,INFO,112,112,0,,2026-09-02T19:03:39.838Z,2026-09-02T21:23:00.812Z,8361,2026-09-02T21:23:00.812Z,PH,Phoenix,c49685cc-3281-44bc-a1c2-3be5b1110999,SAMMS-Phoenix
202609022122572647,202609021903208109,202609021903206075,85,3309,Bronze INV,br_ReAssessmentFamily,TASK_COMPLETE,SUCCESS,INFO,214,214,0,,2026-09-02T19:03:39.838Z,2026-09-02T21:23:00.812Z,8361,2026-09-02T21:23:00.812Z,RE,Reno,c49685cc-3281-44bc-a1c2-3be5b1110999,SAMMS-Reno
202609022122572648,202609021903208110,202609021903206075,85,3310,Bronze INV,br_ReAssessmentFamily,TASK_COMPLETE,SUCCESS,INFO,88,88,0,,2026-09-02T19:03:39.838Z,2026-09-02T21:23:00.812Z,8361,2026-09-02T21:23:00.812Z,RMD,Richmond,c49685cc-3281-44bc-a1c2-3be5b1110999,SAMMS-Richmond
202609022122572649,202609021903208111,202609021903206075,85,3311,Bronze INV,br_ReAssessmentFamily,TASK_COMPLETE,SUCCESS,INFO,589,589,0,,2026-09-02T19:03:39.838Z,2026-09-02T21:23:00.812Z,8361,2026-09-02T21:23:00.812Z,SFN,Springfield North,c49685cc-3281-44bc-a1c2-3be5b1110999,SAMMS-SFNv5
202609022122572650,202609021903208112,202609021903206075,85,3312,Bronze INV,br_ReAssessmentFamily,TASK_COMPLETE,SUCCESS,INFO,763,763,0,,2026-09-02T19:03:39.838Z,2026-09-02T21:23:00.812Z,8361,2026-09-02T21:23:00.812Z,SHP,Shreveport,c49685cc-3281-44bc-a1c2-3be5b1110999,SAMMS-Shreveport
202609022122572651,202609021903208113,202609021903206075,85,3314,Bronze INV,br_ReAssessmentFamily,TASK_COMPLETE,SUCCESS,INFO,484,484,0,,2026-09-02T19:03:39.838Z,2026-09-02T21:23:00.812Z,8361,2026-09-02T21:23:00.812Z,STN,Staunton,c49685cc-3281-44bc-a1c2-3be5b1110999,SAMMS-Staunton
202609022122572652,202609021903208114,202609021903206075,85,3315,Bronze INV,br_ReAssessmentFamily,TASK_COMPLETE,SUCCESS,INFO,225,225,0,,2026-09-02T19:03:39.838Z,2026-09-02T21:23:00.812Z,8361,2026-09-02T21:23:00.812Z,STVN,Stevenson,c49685cc-3281-44bc-a1c2-3be5b1110999,SAMMS-Stevenson
202609022122572653,202609021903208115,202609021903206075,85,3317,Bronze INV,br_ReAssessmentFamily,TASK_COMPLETE,SUCCESS,INFO,173,173,0,,2026-09-02T19:03:39.838Z,2026-09-02T21:23:00.812Z,8361,2026-09-02T21:23:00.812Z,TE,Tempe,c49685cc-3281-44bc-a1c2-3be5b1110999,SAMMS-Tempe
202609022122572654,202609021903208116,202609021903206075,85,3318,Bronze INV,br_ReAssessmentFamily,TASK_COMPLETE,SUCCESS,INFO,0,0,0,,2026-09-02T19:03:39.838Z,2026-09-02T21:23:00.812Z,8361,2026-09-02T21:23:00.812Z,TEX,Texarkana,c49685cc-3281-44bc-a1c2-3be5b1110999,SAMMS-Texarkana
202609022122572655,202609021903208117,202609021903206075,85,3319,Bronze INV,br_ReAssessmentFamily,TASK_COMPLETE,SUCCESS,INFO,1079,1079,0,,2026-09-02T19:03:39.838Z,2026-09-02T21:23:00.812Z,8361,2026-09-02T21:23:00.812Z,TTCA,Bessemer,c49685cc-3281-44bc-a1c2-3be5b1110999,SAMMS-BessemerV5
202609022122572657,202609021903208118,202609021903206075,85,3320,Bronze INV,br_ReAssessmentFamily,TASK_COMPLETE,SUCCESS,INFO,1317,1317,0,,2026-09-02T19:03:39.838Z,2026-09-02T21:23:00.812Z,8361,2026-09-02T21:23:00.812Z,TTCB,Cullman,c49685cc-3281-44bc-a1c2-3be5b1110999,SAMMS-CullmanV5
202609022122572658,202609021903208119,202609021903206075,85,3321,Bronze INV,br_ReAssessmentFamily,TASK_COMPLETE,SUCCESS,INFO,944,944,0,,2026-09-02T19:03:39.838Z,2026-09-02T21:23:00.812Z,8361,2026-09-02T21:23:00.812Z,TTCC,Grand Bay,c49685cc-3281-44bc-a1c2-3be5b1110999,SAMMS-GrandBay
202609022122572659,202609021903208120,202609021903206075,85,3322,Bronze INV,br_ReAssessmentFamily,TASK_COMPLETE,SUCCESS,INFO,15,15,0,,2026-09-02T19:03:39.838Z,2026-09-02T21:23:00.812Z,8361,2026-09-02T21:23:00.812Z,TU,Tucson,c49685cc-3281-44bc-a1c2-3be5b1110999,SAMMS-Tucson
202609022122572660,202609021903208121,202609021903206075,85,3324,Bronze INV,br_ReAssessmentFamily,TASK_COMPLETE,SUCCESS,INFO,660,660,0,,2026-09-02T19:03:39.838Z,2026-09-02T21:23:00.812Z,8361,2026-09-02T21:23:00.812Z,V1,Memphis South,c49685cc-3281-44bc-a1c2-3be5b1110999,SAMMS-VCPHCS-I-MemphisV5
202609022122572661,202609021903208122,202609021903206075,85,3325,Bronze INV,br_ReAssessmentFamily,TASK_COMPLETE,SUCCESS,INFO,1628,1628,0,,2026-09-02T19:03:39.838Z,2026-09-02T21:23:00.812Z,8361,2026-09-02T21:23:00.812Z,V10,Longmont,c49685cc-3281-44bc-a1c2-3be5b1110999,SAMMS-BoulderV5
202609022122572662,202609021903208123,202609021903206075,85,3326,Bronze INV,br_ReAssessmentFamily,TASK_COMPLETE,SUCCESS,INFO,1513,1513,0,,2026-09-02T19:03:39.838Z,2026-09-02T21:23:00.812Z,8361,2026-09-02T21:23:00.812Z,V10A,Fort Collins,c49685cc-3281-44bc-a1c2-3be5b1110999,SAMMS-FortCollinsV5
202609022122572663,202609021903208124,202609021903206075,85,3327,Bronze INV,br_ReAssessmentFamily,TASK_COMPLETE,SUCCESS,INFO,2870,2870,0,,2026-09-02T19:03:39.838Z,2026-09-02T21:23:00.812Z,8361,2026-09-02T21:23:00.812Z,V11,Westminster,c49685cc-3281-44bc-a1c2-3be5b1110999,SAMMS-VCPHCS-XI-NorthDenverV5
202609022122572664,202609021903208125,202609021903206075,85,3328,Bronze INV,br_ReAssessmentFamily,TASK_COMPLETE,SUCCESS,INFO,3037,3037,0,,2026-09-02T19:03:39.838Z,2026-09-02T21:23:00.812Z,8361,2026-09-02T21:23:00.812Z,V12,Downtown Denver,c49685cc-3281-44bc-a1c2-3be5b1110999,SAMMS-VCPHCS-XII-DowntownDenverV5
202609022122572665,202609021903208126,202609021903206075,85,3329,Bronze INV,br_ReAssessmentFamily,TASK_COMPLETE,SUCCESS,INFO,1141,1141,0,,2026-09-02T19:03:39.838Z,2026-09-02T21:23:00.812Z,8361,2026-09-02T21:23:00.812Z,V12A,Centennial,c49685cc-3281-44bc-a1c2-3be5b1110999,SAMMS-CentennialV5
202609022122572666,202609021903208127,202609021903206075,85,3330,Bronze INV,br_ReAssessmentFamily,TASK_COMPLETE,SUCCESS,INFO,294,294,0,,2026-09-02T19:03:39.838Z,2026-09-02T21:23:00.812Z,8361,2026-09-02T21:23:00.812Z,V14,Overland Park,c49685cc-3281-44bc-a1c2-3be5b1110999,SAMMS-VCPHCS-XIV-BridgewayV5
202609022122572668,202609021903208128,202609021903206075,85,3331,Bronze INV,br_ReAssessmentFamily,TASK_COMPLETE,SUCCESS,INFO,610,610,0,,2026-09-02T19:03:39.838Z,2026-09-02T21:23:00.812Z,8361,2026-09-02T21:23:00.812Z,V15,Joplin,c49685cc-3281-44bc-a1c2-3be5b1110999,SAMMS-JoplinV5
202609022122572669,202609021903208129,202609021903206075,85,3333,Bronze INV,br_ReAssessmentFamily,TASK_COMPLETE,SUCCESS,INFO,903,903,0,,2026-09-02T19:03:39.838Z,2026-09-02T21:23:00.812Z,8361,2026-09-02T21:23:00.812Z,V17,Columbia TN,c49685cc-3281-44bc-a1c2-3be5b1110999,SAMMS-ColumbiaTNv5
202609022122572670,202609021903208130,202609021903206075,85,3335,Bronze INV,br_ReAssessmentFamily,TASK_COMPLETE,SUCCESS,INFO,533,533,0,,2026-09-02T19:03:39.838Z,2026-09-02T21:23:00.812Z,8361,2026-09-02T21:23:00.812Z,V19,Jackson,c49685cc-3281-44bc-a1c2-3be5b1110999,SAMMS-JacksonV5
202609022122572671,202609021903208131,202609021903206075,85,3337,Bronze INV,br_ReAssessmentFamily,TASK_COMPLETE,SUCCESS,INFO,1768,1768,0,,2026-09-02T19:03:39.838Z,2026-09-02T21:23:00.812Z,8361,2026-09-02T21:23:00.812Z,V20,Paris,c49685cc-3281-44bc-a1c2-3be5b1110999,SAMMS-ParisV5
202609022122572672,202609021903208132,202609021903206075,85,3338,Bronze INV,br_ReAssessmentFamily,TASK_COMPLETE,SUCCESS,INFO,723,723,0,,2026-09-02T19:03:39.838Z,2026-09-02T21:23:00.812Z,8361,2026-09-02T21:23:00.812Z,V21,Memphis North,c49685cc-3281-44bc-a1c2-3be5b1110999,SAMMS-RaleighV5
202609022122572673,202609021903208133,202609021903206075,85,3341,Bronze INV,br_ReAssessmentFamily,TASK_COMPLETE,SUCCESS,INFO,1780,1780,0,,2026-09-02T19:03:39.838Z,2026-09-02T21:23:00.812Z,8361,2026-09-02T21:23:00.812Z,V5,West Bank,c49685cc-3281-44bc-a1c2-3be5b1110999,SAMMS-NONTCv5
202609022122572674,202609021903208134,202609021903206075,85,3343,Bronze INV,br_ReAssessmentFamily,TASK_COMPLETE,SUCCESS,INFO,144,144,0,,2026-09-02T19:03:39.838Z,2026-09-02T21:23:00.812Z,8361,2026-09-02T21:23:00.812Z,V5B,Houma,c49685cc-3281-44bc-a1c2-3be5b1110999,SAMMS-HoumaV6
202609022122572675,202609021903208135,202609021903206075,85,3344,Bronze INV,br_ReAssessmentFamily,TASK_COMPLETE,SUCCESS,INFO,1910,1910,0,,2026-09-02T19:03:39.838Z,2026-09-02T21:23:00.812Z,8361,2026-09-02T21:23:00.812Z,V6,Lake Charles,c49685cc-3281-44bc-a1c2-3be5b1110999,SAMMS-LCv5
202609022122572676,202609021903208136,202609021903206075,85,3346,Bronze INV,br_ReAssessmentFamily,TASK_COMPLETE,SUCCESS,INFO,741,741,0,,2026-09-02T19:03:39.838Z,2026-09-02T21:23:00.812Z,8361,2026-09-02T21:23:00.812Z,V8,Memphis Midtown,c49685cc-3281-44bc-a1c2-3be5b1110999,SAMMS-VCPHCS-VIII-MemphisV5
202609022122572677,202609021903208137,202609021903206075,85,3347,Bronze INV,br_ReAssessmentFamily,TASK_COMPLETE,SUCCESS,INFO,1763,1763,0,,2026-09-02T19:03:39.838Z,2026-09-02T21:23:00.812Z,8361,2026-09-02T21:23:00.812Z,V9,Nashville,c49685cc-3281-44bc-a1c2-3be5b1110999,SAMMS-NashvilleV5
202609022122572679,202609021903208138,202609021903206075,85,3348,Bronze INV,br_ReAssessmentFamily,TASK_COMPLETE,SUCCESS,INFO,838,838,0,,2026-09-02T19:03:39.838Z,2026-09-02T21:23:00.812Z,8361,2026-09-02T21:23:00.812Z,VBRA,Brainerd,c49685cc-3281-44bc-a1c2-3be5b1110999,SAMMS-BrainerdV6
202609022122572680,202609021903208139,202609021903206075,85,3349,Bronze INV,br_ReAssessmentFamily,TASK_COMPLETE,SUCCESS,INFO,1958,1958,0,,2026-09-02T19:03:39.838Z,2026-09-02T21:23:00.812Z,8361,2026-09-02T21:23:00.812Z,VBRP,Brooklyn Park,c49685cc-3281-44bc-a1c2-3be5b1110999,SAMMS-BrooklynParkV6
202608312116372236,202608311905652753,202608311905652236,85,2354,Bronze INV,br_LabResult,TASK_COMPLETE,SUCCESS,INFO,9546,9546,0,,2026-08-31T19:06:18.658Z,2026-08-31T21:16:41.151Z,7823,2026-08-31T21:16:41.151Z,ELC,Elizabeth City,79f5b39e-d314-4ad3-8050-3ace553d67de,SAMMS-ElizabethCity
202608312116372237,202608311905652754,202608311905652236,85,2355,Bronze INV,br_LabResult,TASK_COMPLETE,SUCCESS,INFO,2231,2231,0,,2026-08-31T19:06:18.658Z,2026-08-31T21:16:41.151Z,7823,2026-08-31T21:16:41.151Z,ET,Elizabethtown,79f5b39e-d314-4ad3-8050-3ace553d67de,SAMMS-Elizabethtown
202608312116372238,202608311905652755,202608311905652236,85,2356,Bronze INV,br_LabResult,TASK_COMPLETE,SUCCESS,INFO,1,1,0,,2026-08-31T19:06:18.658Z,2026-08-31T21:16:41.151Z,7823,2026-08-31T21:16:41.151Z,FAY,Fayetteville,79f5b39e-d314-4ad3-8050-3ace553d67de,SAMMS-Fayetteville
202608312116372239,202608311905652756,202608311905652236,85,2357,Bronze INV,br_LabResult,TASK_COMPLETE,SUCCESS,INFO,5345,5345,0,,2026-08-31T19:06:18.658Z,2026-08-31T21:16:41.151Z,7823,2026-08-31T21:16:41.151Z,FR,Frankfort,79f5b39e-d314-4ad3-8050-3ace553d67de,SAMMS-Frankfort
202608312116372241,202608311905652757,202608311905652236,85,2358,Bronze INV,br_LabResult,TASK_COMPLETE,SUCCESS,INFO,2,2,0,,2026-08-31T19:06:18.658Z,2026-08-31T21:16:41.151Z,7823,2026-08-31T21:16:41.151Z,FS,Fort Smith,79f5b39e-d314-4ad3-8050-3ace553d67de,SAMMS-FortSmith
202608312116372242,202608311905652758,202608311905652236,85,2359,Bronze INV,br_LabResult,TASK_COMPLETE,SUCCESS,INFO,9172,9172,0,,2026-08-31T19:06:18.658Z,2026-08-31T21:16:41.151Z,7823,2026-08-31T21:16:41.151Z,FW,Fort Wayne,79f5b39e-d314-4ad3-8050-3ace553d67de,SAMMS-FortWayne
202608312116372243,202608311905652759,202608311905652236,85,2360,Bronze INV,br_LabResult,TASK_COMPLETE,SUCCESS,INFO,2,2,0,,2026-08-31T19:06:18.658Z,2026-08-31T21:16:41.151Z,7823,2026-08-31T21:16:41.151Z,GAL,Gaylord,79f5b39e-d314-4ad3-8050-3ace553d67de,SAMMS-Gaylord
202608312116372244,202608311905652760,202608311905652236,85,2364,Bronze INV,br_LabResult,TASK_COMPLETE,SUCCESS,INFO,4668,4668,0,,2026-08-31T19:06:18.658Z,2026-08-31T21:16:41.151Z,7823,2026-08-31T21:16:41.151Z,HGT,Hagerstown,79f5b39e-d314-4ad3-8050-3ace553d67de,SAMMS-Hagerstown
202608312116372245,202608311905652761,202608311905652236,85,2365,Bronze INV,br_LabResult,TASK_COMPLETE,SUCCESS,INFO,645,645,0,,2026-08-31T19:06:18.658Z,2026-08-31T21:16:41.151Z,7823,2026-08-31T21:16:41.151Z,HNT,Huntsville,79f5b39e-d314-4ad3-8050-3ace553d67de,SAMMS-Huntsville
202608312116372246,202608311905652762,202608311905652236,85,2366,Bronze INV,br_LabResult,TASK_COMPLETE,SUCCESS,INFO,1,1,0,,2026-08-31T19:06:18.658Z,2026-08-31T21:16:41.151Z,7823,2026-08-31T21:16:41.151Z,HS,Hot Springs,79f5b39e-d314-4ad3-8050-3ace553d67de,SAMMS-HotSprings
202608312116372247,202608311905652763,202608311905652236,85,2367,Bronze INV,br_LabResult,TASK_COMPLETE,SUCCESS,INFO,2,2,0,,2026-08-31T19:06:18.658Z,2026-08-31T21:16:41.151Z,7823,2026-08-31T21:16:41.151Z,JON,Jonesboro,79f5b39e-d314-4ad3-8050-3ace553d67de,SAMMS-Jonesboro
202608312116372248,202608311905652764,202608311905652236,85,2369,Bronze INV,br_LabResult,TASK_COMPLETE,SUCCESS,INFO,3,3,0,,2026-08-31T19:06:18.658Z,2026-08-31T21:16:41.151Z,7823,2026-08-31T21:16:41.151Z,LAN,Lansing,79f5b39e-d314-4ad3-8050-3ace553d67de,SAMMS-Lansing
202608312116372249,202608311905652765,202608311905652236,85,2370,Bronze INV,br_LabResult,TASK_COMPLETE,SUCCESS,INFO,27824,27824,0,,2026-08-31T19:06:18.658Z,2026-08-31T21:16:41.151Z,7823,2026-08-31T21:16:41.151Z,LO,Louisville,79f5b39e-d314-4ad3-8050-3ace553d67de,SAMMS-Louisville
202608312116372250,202608311905652766,202608311905652236,85,2371,Bronze INV,br_LabResult,TASK_COMPLETE,SUCCESS,INFO,6521,6521,0,,2026-08-31T19:06:18.658Z,2026-08-31T21:16:41.151Z,7823,2026-08-31T21:16:41.151Z,LV1,Cheyenne,79f5b39e-d314-4ad3-8050-3ace553d67de,SAMMS-Cheyenne
202608312116372251,202608311905652767,202608311905652236,85,2372,Bronze INV,br_LabResult,TASK_COMPLETE,SUCCESS,INFO,9268,9268,0,,2026-08-31T19:06:18.658Z,2026-08-31T21:16:41.151Z,7823,2026-08-31T21:16:41.151Z,LV2,Desert Inn,79f5b39e-d314-4ad3-8050-3ace553d67de,SAMMS-DesertInn
202608312116372252,202608311905652768,202608311905652236,85,2373,Bronze INV,br_LabResult,TASK_COMPLETE,SUCCESS,INFO,1876,1876,0,,2026-08-31T19:06:18.658Z,2026-08-31T21:16:41.151Z,7823,2026-08-31T21:16:41.151Z,LV3,McDaniel,79f5b39e-d314-4ad3-8050-3ace553d67de,SAMMS-McDaniel
202608312116372254,202608311905652769,202608311905652236,85,2376,Bronze INV,br_LabResult,TASK_COMPLETE,SUCCESS,INFO,2,2,0,,2026-08-31T19:06:18.658Z,2026-08-31T21:16:41.151Z,7823,2026-08-31T21:16:41.151Z,MNRE,Monroe,79f5b39e-d314-4ad3-8050-3ace553d67de,SAMMS-Monroe
202608312116372255,202608311905652770,202608311905652236,85,2377,Bronze INV,br_LabResult,TASK_COMPLETE,SUCCESS,INFO,1,1,0,,2026-08-31T19:06:18.658Z,2026-08-31T21:16:41.151Z,7823,2026-08-31T21:16:41.151Z,MP,Mt. Pleasant,79f5b39e-d314-4ad3-8050-3ace553d67de,SAMMS-MtPleasant
202608312116372256,202608311905652771,202608311905652236,85,2378,Bronze INV,br_LabResult,TASK_COMPLETE,SUCCESS,INFO,256,256,0,,2026-08-31T19:06:18.658Z,2026-08-31T21:16:41.151Z,7823,2026-08-31T21:16:41.151Z,MRD,Meridian,79f5b39e-d314-4ad3-8050-3ace553d67de,SAMMS-Meridian
202608312116372257,202608311905652772,202608311905652236,85,2383,Bronze INV,br_LabResult,TASK_COMPLETE,SUCCESS,INFO,7508,7508,0,,2026-08-31T19:06:18.658Z,2026-08-31T21:16:41.151Z,7823,2026-08-31T21:16:41.151Z,NC,North Charleston,79f5b39e-d314-4ad3-8050-3ace553d67de,SAMMS-NorthCharleston
202608312116372258,202608311905652773,202608311905652236,85,2384,Bronze INV,br_LabResult,TASK_COMPLETE,SUCCESS,INFO,2,2,0,,2026-08-31T19:06:18.658Z,2026-08-31T21:16:41.151Z,7823,2026-08-31T21:16:41.151Z,NLR,N. Little Rock,79f5b39e-d314-4ad3-8050-3ace553d67de,SAMMS-NLROBOT
202608312116372259,202608311905652774,202608311905652236,85,2385,Bronze INV,br_LabResult,TASK_COMPLETE,SUCCESS,INFO,1914,1914,0,,2026-08-31T19:06:18.658Z,2026-08-31T21:16:41.151Z,7823,2026-08-31T21:16:41.151Z,PH,Phoenix,79f5b39e-d314-4ad3-8050-3ace553d67de,SAMMS-Phoenix
202608312116372260,202608311905652775,202608311905652236,85,2389,Bronze INV,br_LabResult,TASK_COMPLETE,SUCCESS,INFO,18872,18872,0,,2026-08-31T19:06:18.658Z,2026-08-31T21:16:41.151Z,7823,2026-08-31T21:16:41.151Z,RE,Reno,79f5b39e-d314-4ad3-8050-3ace553d67de,SAMMS-Reno
202608312116372261,202608311905652776,202608311905652236,85,2390,Bronze INV,br_LabResult,TASK_COMPLETE,SUCCESS,INFO,2006,2006,0,,2026-08-31T19:06:18.658Z,2026-08-31T21:16:41.151Z,7823,2026-08-31T21:16:41.151Z,RMD,Richmond,79f5b39e-d314-4ad3-8050-3ace553d67de,SAMMS-Richmond
202608312116372263,202608311905652777,202608311905652236,85,2391,Bronze INV,br_LabResult,TASK_COMPLETE,SUCCESS,INFO,3672,3672,0,,2026-08-31T19:06:18.658Z,2026-08-31T21:16:41.151Z,7823,2026-08-31T21:16:41.151Z,SFN,Springfield North,79f5b39e-d314-4ad3-8050-3ace553d67de,SAMMS-SFNv5
202608312116372264,202608311905652778,202608311905652236,85,2392,Bronze INV,br_LabResult,TASK_COMPLETE,SUCCESS,INFO,156,156,0,,2026-08-31T19:06:18.658Z,2026-08-31T21:16:41.151Z,7823,2026-08-31T21:16:41.151Z,SHP,Shreveport,79f5b39e-d314-4ad3-8050-3ace553d67de,SAMMS-Shreveport
202608312116372265,202608311905652779,202608311905652236,85,2394,Bronze INV,br_LabResult,TASK_COMPLETE,SUCCESS,INFO,4,4,0,,2026-08-31T19:06:18.658Z,2026-08-31T21:16:41.151Z,7823,2026-08-31T21:16:41.151Z,STN,Staunton,79f5b39e-d314-4ad3-8050-3ace553d67de,SAMMS-Staunton
202608312116372266,202608311905652780,202608311905652236,85,2395,Bronze INV,br_LabResult,TASK_COMPLETE,SUCCESS,INFO,245,245,0,,2026-08-31T19:06:18.658Z,2026-08-31T21:16:41.151Z,7823,2026-08-31T21:16:41.151Z,STVN,Stevenson,79f5b39e-d314-4ad3-8050-3ace553d67de,SAMMS-Stevenson
202608312116372267,202608311905652781,202608311905652236,85,2397,Bronze INV,br_LabResult,TASK_COMPLETE,SUCCESS,INFO,5278,5278,0,,2026-08-31T19:06:18.658Z,2026-08-31T21:16:41.151Z,7823,2026-08-31T21:16:41.151Z,TE,Tempe,79f5b39e-d314-4ad3-8050-3ace553d67de,SAMMS-Tempe
202608312116372268,202608311905652782,202608311905652236,85,2398,Bronze INV,br_LabResult,TASK_COMPLETE,SUCCESS,INFO,2,2,0,,2026-08-31T19:06:18.658Z,2026-08-31T21:16:41.151Z,7823,2026-08-31T21:16:41.151Z,TEX,Texarkana,79f5b39e-d314-4ad3-8050-3ace553d67de,SAMMS-Texarkana
202608312116372269,202608311905652783,202608311905652236,85,2399,Bronze INV,br_LabResult,TASK_COMPLETE,SUCCESS,INFO,1672,1672,0,,2026-08-31T19:06:18.658Z,2026-08-31T21:16:41.151Z,7823,2026-08-31T21:16:41.151Z,TTCA,Bessemer,79f5b39e-d314-4ad3-8050-3ace553d67de,SAMMS-BessemerV5
202608312116372270,202608311905652784,202608311905652236,85,2400,Bronze INV,br_LabResult,TASK_COMPLETE,SUCCESS,INFO,2101,2101,0,,2026-08-31T19:06:18.658Z,2026-08-31T21:16:41.151Z,7823,2026-08-31T21:16:41.151Z,TTCB,Cullman,79f5b39e-d314-4ad3-8050-3ace553d67de,SAMMS-CullmanV5
202608312116372271,202608311905652785,202608311905652236,85,2401,Bronze INV,br_LabResult,TASK_COMPLETE,SUCCESS,INFO,4,4,0,,2026-08-31T19:06:18.658Z,2026-08-31T21:16:41.151Z,7823,2026-08-31T21:16:41.151Z,TTCC,Grand Bay,79f5b39e-d314-4ad3-8050-3ace553d67de,SAMMS-GrandBay
202608312116372273,202608311905652786,202608311905652236,85,2402,Bronze INV,br_LabResult,TASK_COMPLETE,SUCCESS,INFO,717,717,0,,2026-08-31T19:06:18.658Z,2026-08-31T21:16:41.151Z,7823,2026-08-31T21:16:41.151Z,TU,Tucson,79f5b39e-d314-4ad3-8050-3ace553d67de,SAMMS-Tucson
202608312116372274,202608311905652787,202608311905652236,85,2404,Bronze INV,br_LabResult,TASK_COMPLETE,SUCCESS,INFO,4985,4985,0,,2026-08-31T19:06:18.658Z,2026-08-31T21:16:41.151Z,7823,2026-08-31T21:16:41.151Z,V1,Memphis South,79f5b39e-d314-4ad3-8050-3ace553d67de,SAMMS-VCPHCS-I-MemphisV5
202608312116372275,202608311905652788,202608311905652236,85,2405,Bronze INV,br_LabResult,TASK_COMPLETE,SUCCESS,INFO,6256,6256,0,,2026-08-31T19:06:18.658Z,2026-08-31T21:16:41.151Z,7823,2026-08-31T21:16:41.151Z,V10,Longmont,79f5b39e-d314-4ad3-8050-3ace553d67de,SAMMS-BoulderV5
202608312116372276,202608311905652789,202608311905652236,85,2406,Bronze INV,br_LabResult,TASK_COMPLETE,SUCCESS,INFO,3565,3565,0,,2026-08-31T19:06:18.658Z,2026-08-31T21:16:41.151Z,7823,2026-08-31T21:16:41.151Z,V10A,Fort Collins,79f5b39e-d314-4ad3-8050-3ace553d67de,SAMMS-FortCollinsV5
202608312116372277,202608311905652790,202608311905652236,85,2407,Bronze INV,br_LabResult,TASK_COMPLETE,SUCCESS,INFO,7580,7580,0,,2026-08-31T19:06:18.658Z,2026-08-31T21:16:41.151Z,7823,2026-08-31T21:16:41.151Z,V11,Westminster,79f5b39e-d314-4ad3-8050-3ace553d67de,SAMMS-VCPHCS-XI-NorthDenverV5
202608312116372278,202608311905652791,202608311905652236,85,2408,Bronze INV,br_LabResult,TASK_COMPLETE,SUCCESS,INFO,10263,10263,0,,2026-08-31T19:06:18.658Z,2026-08-31T21:16:41.151Z,7823,2026-08-31T21:16:41.151Z,V12,Downtown Denver,79f5b39e-d314-4ad3-8050-3ace553d67de,SAMMS-VCPHCS-XII-DowntownDenverV5
202608312116372279,202608311905652792,202608311905652236,85,2409,Bronze INV,br_LabResult,TASK_COMPLETE,SUCCESS,INFO,4824,4824,0,,2026-08-31T19:06:18.658Z,2026-08-31T21:16:41.151Z,7823,2026-08-31T21:16:41.151Z,V12A,Centennial,79f5b39e-d314-4ad3-8050-3ace553d67de,SAMMS-CentennialV5
202608312116372280,202608311905652793,202608311905652236,85,2410,Bronze INV,br_LabResult,TASK_COMPLETE,SUCCESS,INFO,3271,3271,0,,2026-08-31T19:06:18.658Z,2026-08-31T21:16:41.151Z,7823,2026-08-31T21:16:41.151Z,V14,Overland Park,79f5b39e-d314-4ad3-8050-3ace553d67de,SAMMS-VCPHCS-XIV-BridgewayV5
202608312116372281,202608311905652794,202608311905652236,85,2411,Bronze INV,br_LabResult,TASK_COMPLETE,SUCCESS,INFO,2521,2521,0,,2026-08-31T19:06:18.658Z,2026-08-31T21:16:41.151Z,7823,2026-08-31T21:16:41.151Z,V15,Joplin,79f5b39e-d314-4ad3-8050-3ace553d67de,SAMMS-JoplinV5
202608312116372282,202608311905652795,202608311905652236,85,2413,Bronze INV,br_LabResult,TASK_COMPLETE,SUCCESS,INFO,906,906,0,,2026-08-31T19:06:18.658Z,2026-08-31T21:16:41.151Z,7823,2026-08-31T21:16:41.151Z,V17,Columbia TN,79f5b39e-d314-4ad3-8050-3ace553d67de,SAMMS-ColumbiaTNv5
202608312116372283,202608311905652796,202608311905652236,85,2415,Bronze INV,br_LabResult,TASK_COMPLETE,SUCCESS,INFO,4897,4897,0,,2026-08-31T19:06:18.658Z,2026-08-31T21:16:41.151Z,7823,2026-08-31T21:16:41.151Z,V19,Jackson,79f5b39e-d314-4ad3-8050-3ace553d67de,SAMMS-JacksonV5
202608312116372284,202608311905652797,202608311905652236,85,2417,Bronze INV,br_LabResult,TASK_COMPLETE,SUCCESS,INFO,6732,6732,0,,2026-08-31T19:06:18.658Z,2026-08-31T21:16:41.151Z,7823,2026-08-31T21:16:41.151Z,V20,Paris,79f5b39e-d314-4ad3-8050-3ace553d67de,SAMMS-ParisV5
202608312116372286,202608311905652798,202608311905652236,85,2418,Bronze INV,br_LabResult,TASK_COMPLETE,SUCCESS,INFO,6047,6047,0,,2026-08-31T19:06:18.658Z,2026-08-31T21:16:41.151Z,7823,2026-08-31T21:16:41.151Z,V21,Memphis North,79f5b39e-d314-4ad3-8050-3ace553d67de,SAMMS-RaleighV5
202608312116372287,202608311905652799,202608311905652236,85,2421,Bronze INV,br_LabResult,TASK_COMPLETE,SUCCESS,INFO,7025,7025,0,,2026-08-31T19:06:18.658Z,2026-08-31T21:16:41.151Z,7823,2026-08-31T21:16:41.151Z,V5,West Bank,79f5b39e-d314-4ad3-8050-3ace553d67de,SAMMS-NONTCv5
202608312116372288,202608311905652800,202608311905652236,85,2423,Bronze INV,br_LabResult,TASK_COMPLETE,SUCCESS,INFO,215,215,0,,2026-08-31T19:06:18.658Z,2026-08-31T21:16:41.151Z,7823,2026-08-31T21:16:41.151Z,V5B,Houma,79f5b39e-d314-4ad3-8050-3ace553d67de,SAMMS-HoumaV6
202608312116372289,202608311905652801,202608311905652236,85,2424,Bronze INV,br_LabResult,TASK_COMPLETE,SUCCESS,INFO,4809,4809,0,,2026-08-31T19:06:18.658Z,2026-08-31T21:16:41.151Z,7823,2026-08-31T21:16:41.151Z,V6,Lake Charles,79f5b39e-d314-4ad3-8050-3ace553d67de,SAMMS-LCv5
202608312116372290,202608311905652802,202608311905652236,85,2426,Bronze INV,br_LabResult,TASK_COMPLETE,SUCCESS,INFO,19763,19763,0,,2026-08-31T19:06:18.658Z,2026-08-31T21:16:41.151Z,7823,2026-08-31T21:16:41.151Z,V8,Memphis Midtown,79f5b39e-d314-4ad3-8050-3ace553d67de,SAMMS-VCPHCS-VIII-MemphisV5
202608312116372291,202608311905652803,202608311905652236,85,2427,Bronze INV,br_LabResult,TASK_COMPLETE,SUCCESS,INFO,17535,17535,0,,2026-08-31T19:06:18.658Z,2026-08-31T21:16:41.151Z,7823,2026-08-31T21:16:41.151Z,V9,Nashville,79f5b39e-d314-4ad3-8050-3ace553d67de,SAMMS-NashvilleV5
202608312116372292,202608311905652804,202608311905652236,85,2428,Bronze INV,br_LabResult,TASK_COMPLETE,SUCCESS,INFO,922,922,0,,2026-08-31T19:06:18.658Z,2026-08-31T21:16:41.151Z,7823,2026-08-31T21:16:41.151Z,VBRA,Brainerd,79f5b39e-d314-4ad3-8050-3ace553d67de,SAMMS-BrainerdV6
202608312116372294,202608311905652805,202608311905652236,85,2429,Bronze INV,br_LabResult,TASK_COMPLETE,SUCCESS,INFO,17,17,0,,2026-08-31T19:06:18.658Z,2026-08-31T21:16:41.151Z,7823,2026-08-31T21:16:41.151Z,VBRP,Brooklyn Park,79f5b39e-d314-4ad3-8050-3ace553d67de,SAMMS-BrooklynParkV6
202608312116372295,202608311905652806,202608311905652236,85,2431,Bronze INV,br_LabResult,TASK_COMPLETE,SUCCESS,INFO,2,2,0,,2026-08-31T19:06:18.658Z,2026-08-31T21:16:41.151Z,7823,2026-08-31T21:16:41.151Z,VMIN,Minneapolis,79f5b39e-d314-4ad3-8050-3ace553d67de,SAMMS-MinneapolisV6
202608312116372296,202608311905652807,202608311905652236,85,2432,Bronze INV,br_LabResult,TASK_COMPLETE,SUCCESS,INFO,6,6,0,,2026-08-31T19:06:18.658Z,2026-08-31T21:16:41.151Z,7823,2026-08-31T21:16:41.151Z,VWBY,Woodbury,79f5b39e-d314-4ad3-8050-3ace553d67de,SAMMS-WoodburyV6
202608312116372297,202608311905652808,202608311905652236,85,2434,Bronze INV,br_LabResult,TASK_COMPLETE,SUCCESS,INFO,3357,3357,0,,2026-08-31T19:06:18.658Z,2026-08-31T21:16:41.151Z,7823,2026-08-31T21:16:41.151Z,WIL,Wilson,79f5b39e-d314-4ad3-8050-3ace553d67de,SAMMS-Wilson
202608312116372298,202608311905652809,202608311905652236,85,2438,Bronze INV,br_LabResultDetail,TASK_COMPLETE,SUCCESS,INFO,9628,9628,0,,2026-08-31T19:06:18.658Z,2026-08-31T21:16:41.151Z,7823,2026-08-31T21:16:41.151Z,AHK,Ahoskie,79f5b39e-d314-4ad3-8050-3ace553d67de,SAMMS-Ahoskie
202608312116372299,202608311905652810,202608311905652236,85,2439,Bronze INV,br_LabResultDetail,TASK_COMPLETE,SUCCESS,INFO,1390,1390,0,,2026-08-31T19:06:18.658Z,2026-08-31T21:16:41.151Z,7823,2026-08-31T21:16:41.151Z,B12B,Colorado Springs,79f5b39e-d314-4ad3-8050-3ace553d67de,SAMMS-ColoradoSpringsV5
202608312116372300,202608311905652811,202608311905652236,85,2440,Bronze INV,br_LabResultDetail,TASK_COMPLETE,SUCCESS,INFO,1855,1855,0,,2026-08-31T19:06:18.658Z,2026-08-31T21:16:41.151Z,7823,2026-08-31T21:16:41.151Z,B24,Paintsville,79f5b39e-d314-4ad3-8050-3ace553d67de,SAMMS-PaintsvilleV5
202608312116372301,202608311905652812,202608311905652236,85,2441,Bronze INV,br_LabResultDetail,TASK_COMPLETE,SUCCESS,INFO,2317,2317,0,,2026-08-31T19:06:18.658Z,2026-08-31T21:16:41.151Z,7823,2026-08-31T21:16:41.151Z,B25,Pikeville,79f5b39e-d314-4ad3-8050-3ace553d67de,SAMMS-PikevilleV5
202608312116372302,202608311905652813,202608311905652236,85,2442,Bronze INV,br_LabResultDetail,TASK_COMPLETE,SUCCESS,INFO,3180,3180,0,,2026-08-31T19:06:18.658Z,2026-08-31T21:16:41.151Z,7823,2026-08-31T21:16:41.151Z,B26,Hazard,79f5b39e-d314-4ad3-8050-3ace553d67de,SAMMS-HazardV5
202608312116372303,202608311905652814,202608311905652236,85,2443,Bronze INV,br_LabResultDetail,TASK_COMPLETE,SUCCESS,INFO,6,6,0,,2026-08-31T19:06:18.658Z,2026-08-31T21:16:41.151Z,7823,2026-08-31T21:16:41.151Z,B27,Savannah,79f5b39e-d314-4ad3-8050-3ace553d67de,SAMMS-SavannahV6
202608312116372304,202608311905652815,202608311905652236,85,2444,Bronze INV,br_LabResultDetail,TASK_COMPLETE,SUCCESS,INFO,1599,1599,0,,2026-08-31T19:06:18.658Z,2026-08-31T21:16:41.151Z,7823,2026-08-31T21:16:41.151Z,B28,West Plains,79f5b39e-d314-4ad3-8050-3ace553d67de,SAMMS-WestPlainesV5
202608312116372305,202608311905652816,202608311905652236,85,2445,Bronze INV,br_LabResultDetail,TASK_COMPLETE,SUCCESS,INFO,1900,1900,0,,2026-08-31T19:06:18.658Z,2026-08-31T21:16:41.151Z,7823,2026-08-31T21:16:41.151Z,B29,Poplar Bluff,79f5b39e-d314-4ad3-8050-3ace553d67de,SAMMS-PoplarBluffV5
202608312116372307,202608311905652817,202608311905652236,85,2446,Bronze INV,br_LabResultDetail,TASK_COMPLETE,SUCCESS,INFO,1522,1522,0,,2026-08-31T19:06:18.658Z,2026-08-31T21:16:41.151Z,7823,2026-08-31T21:16:41.151Z,B30,KC North,79f5b39e-d314-4ad3-8050-3ace553d67de,SAMMS-KCNv5
202608312116372308,202608311905652818,202608311905652236,85,2447,Bronze INV,br_LabResultDetail,TASK_COMPLETE,SUCCESS,INFO,5449,5449,0,,2026-08-31T19:06:18.658Z,2026-08-31T21:16:41.151Z,7823,2026-08-31T21:16:41.151Z,B31,Dyersburg,79f5b39e-d314-4ad3-8050-3ace553d67de,SAMMS-DyersburgV5
202608312116372309,202608311905652819,202608311905652236,85,2449,Bronze INV,br_LabResultDetail,TASK_COMPLETE,SUCCESS,INFO,4160,4160,0,,2026-08-31T19:06:18.658Z,2026-08-31T21:16:41.151Z,7823,2026-08-31T21:16:41.151Z,B33,Paducah,79f5b39e-d314-4ad3-8050-3ace553d67de,SAMMS-Paducah
202608312116372310,202608311905652820,202608311905652236,85,2450,Bronze INV,br_LabResultDetail,TASK_COMPLETE,SUCCESS,INFO,2361,2361,0,,2026-08-31T19:06:18.658Z,2026-08-31T21:16:41.151Z,7823,2026-08-31T21:16:41.151Z,B34,Corbin,79f5b39e-d314-4ad3-8050-3ace553d67de,SAMMS-CorbinV5
202608312116372311,202608311905652821,202608311905652236,85,2451,Bronze INV,br_LabResultDetail,TASK_COMPLETE,SUCCESS,INFO,12026,12026,0,,2026-08-31T19:06:18.658Z,2026-08-31T21:16:41.151Z,7823,2026-08-31T21:16:41.151Z,B35,Lexington,79f5b39e-d314-4ad3-8050-3ace553d67de,SAMMS-LexingtonV5
202608312116372312,202608311905652822,202608311905652236,85,2452,Bronze INV,br_LabResultDetail,TASK_COMPLETE,SUCCESS,INFO,2559,2559,0,,2026-08-31T19:06:18.658Z,2026-08-31T21:16:41.151Z,7823,2026-08-31T21:16:41.151Z,B35A,Berea,79f5b39e-d314-4ad3-8050-3ace553d67de,SAMMS-BereaV5
202608312116372313,202608311905652823,202608311905652236,85,2453,Bronze INV,br_LabResultDetail,TASK_COMPLETE,SUCCESS,INFO,1240,1240,0,,2026-08-31T19:06:18.658Z,2026-08-31T21:16:41.151Z,7823,2026-08-31T21:16:41.151Z,B36,Asheville,79f5b39e-d314-4ad3-8050-3ace553d67de,SAMMS-AshevilleV5
202608312116372314,202608311905652824,202608311905652236,85,2454,Bronze INV,br_LabResultDetail,TASK_COMPLETE,SUCCESS,INFO,1865,1865,0,,2026-08-31T19:06:18.658Z,2026-08-31T21:16:41.151Z,7823,2026-08-31T21:16:41.151Z,B37,Clyde,79f5b39e-d314-4ad3-8050-3ace553d67de,SAMMS-ClydeV5
202608312116372316,202608311905652825,202608311905652236,85,2455,Bronze INV,br_LabResultDetail,TASK_COMPLETE,SUCCESS,INFO,6362,6362,0,,2026-08-31T19:06:18.658Z,2026-08-31T21:16:41.151Z,7823,2026-08-31T21:16:41.151Z,B38,Spartanburg,79f5b39e-d314-4ad3-8050-3ace553d67de,SAMMS-SpartanburgV5
202608312116372317,202608311905652826,202608311905652236,85,2456,Bronze INV,br_LabResultDetail,TASK_COMPLETE,SUCCESS,INFO,2215,2215,0,,2026-08-31T19:06:18.658Z,2026-08-31T21:16:41.151Z,7823,2026-08-31T21:16:41.151Z,B39,Aiken,79f5b39e-d314-4ad3-8050-3ace553d67de,SAMMS-AikenV5
202608312116372318,202608311905652827,202608311905652236,85,2457,Bronze INV,br_LabResultDetail,TASK_COMPLETE,SUCCESS,INFO,4488,4488,0,,2026-08-31T19:06:18.658Z,2026-08-31T21:16:41.151Z,7823,2026-08-31T21:16:41.151Z,B41,Chesapeake,79f5b39e-d314-4ad3-8050-3ace553d67de,SAMMS-ChesapeakeV5
202608312116372319,202608311905652828,202608311905652236,85,2458,Bronze INV,br_LabResultDetail,TASK_COMPLETE,SUCCESS,INFO,14516,14516,0,,2026-08-31T19:06:18.658Z,2026-08-31T21:16:41.151Z,7823,2026-08-31T21:16:41.151Z,B42,Virginia Beach,79f5b39e-d314-4ad3-8050-3ace553d67de,SAMMS-VirginiaBeachV5
202608312116372320,202608311905652829,202608311905652236,85,2459,Bronze INV,br_LabResultDetail,TASK_COMPLETE,SUCCESS,INFO,1430,1430,0,,2026-08-31T19:06:18.658Z,2026-08-31T21:16:41.151Z,7823,2026-08-31T21:16:41.151Z,B42A,Newport News,79f5b39e-d314-4ad3-8050-3ace553d67de,SAMMS-NewportNewsV5
202608312116372321,202608311905652830,202608311905652236,85,2460,Bronze INV,br_LabResultDetail,TASK_COMPLETE,SUCCESS,INFO,757,757,0,,2026-08-31T19:06:18.658Z,2026-08-31T21:16:41.151Z,7823,2026-08-31T21:16:41.151Z,B42B,Franklin,79f5b39e-d314-4ad3-8050-3ace553d67de,SAMMS-FranklinV5
202608312116372322,202608311905652831,202608311905652236,85,2461,Bronze INV,br_LabResultDetail,TASK_COMPLETE,SUCCESS,INFO,1485,1485,0,,2026-08-31T19:06:18.658Z,2026-08-31T21:16:41.151Z,7823,2026-08-31T21:16:41.151Z,B42C,Glen Allen,79f5b39e-d314-4ad3-8050-3ace553d67de,SAMMS-GlenAllenV5
202608312116372323,202608311905652832,202608311905652236,85,2462,Bronze INV,br_LabResultDetail,TASK_COMPLETE,SUCCESS,INFO,1332,1332,0,,2026-08-31T19:06:18.658Z,2026-08-31T21:16:41.151Z,7823,2026-08-31T21:16:41.151Z,B42D,Chesapeake South,79f5b39e-d314-4ad3-8050-3ace553d67de,SAMMS-ChesapeakeSouthV5
202608312116372324,202608311905652833,202608311905652236,85,2463,Bronze INV,br_LabResultDetail,TASK_COMPLETE,SUCCESS,INFO,3349,3349,0,,2026-08-31T19:06:18.658Z,2026-08-31T21:16:41.151Z,7823,2026-08-31T21:16:41.151Z,B44,Albany,79f5b39e-d314-4ad3-8050-3ace553d67de,SAMMS-AlbanyV5
202608312116372325,202608311905652834,202608311905652236,85,2464,Bronze INV,br_LabResultDetail,TASK_COMPLETE,SUCCESS,INFO,4783,4783,0,,2026-08-31T19:06:18.658Z,2026-08-31T21:16:41.151Z,7823,2026-08-31T21:16:41.151Z,B45,Tifton,79f5b39e-d314-4ad3-8050-3ace553d67de,SAMMS-TiftonV5
202608312116372327,202608311905652835,202608311905652236,85,2465,Bronze INV,br_LabResultDetail,TASK_COMPLETE,SUCCESS,INFO,684,684,0,,2026-08-31T19:06:18.658Z,2026-08-31T21:16:41.151Z,7823,2026-08-31T21:16:41.151Z,B46,Washington DC,79f5b39e-d314-4ad3-8050-3ace553d67de,SAMMS-WashingtonDCv5
202608312116372328,202608311905652836,202608311905652236,85,2466,Bronze INV,br_LabResultDetail,TASK_COMPLETE,SUCCESS,INFO,770,770,0,,2026-08-31T19:06:18.658Z,2026-08-31T21:16:41.151Z,7823,2026-08-31T21:16:41.151Z,B47,Mobile,79f5b39e-d314-4ad3-8050-3ace553d67de,SAMMS-MobileV5
202608312116372329,202608311905652837,202608311905652236,85,2467,Bronze INV,br_LabResultDetail,TASK_COMPLETE,SUCCESS,INFO,3382,3382,0,,2026-08-31T19:06:18.658Z,2026-08-31T21:16:41.151Z,7823,2026-08-31T21:16:41.151Z,B48,Tuscaloosa,79f5b39e-d314-4ad3-8050-3ace553d67de,SAMMS-TuscaloosaV5
202608312116372330,202608311905652838,202608311905652236,85,2476,Bronze INV,br_LabResultDetail,TASK_COMPLETE,SUCCESS,INFO,9,9,0,,2026-08-31T19:06:18.658Z,2026-08-31T21:16:41.151Z,7823,2026-08-31T21:16:41.151Z,B51,N. Little Rock (OTP),79f5b39e-d314-4ad3-8050-3ace553d67de,SAMMS-NorthLittleRockV6
202609012114519089,202609011903672522,202609011903672005,85,2354,Bronze INV,br_LabResult,TASK_COMPLETE,SUCCESS,INFO,9547,9547,0,,2026-09-01T19:04:17.664Z,2026-09-01T21:14:55.846Z,7838,2026-09-01T21:14:55.846Z,ELC,Elizabeth City,0e5f68b5-5669-4bb1-91ce-4b967b620e7d,SAMMS-ElizabethCity
202609012114519091,202609011903672523,202609011903672005,85,2355,Bronze INV,br_LabResult,TASK_COMPLETE,SUCCESS,INFO,2231,2231,0,,2026-09-01T19:04:17.664Z,2026-09-01T21:14:55.846Z,7838,2026-09-01T21:14:55.846Z,ET,Elizabethtown,0e5f68b5-5669-4bb1-91ce-4b967b620e7d,SAMMS-Elizabethtown
202609012114519092,202609011903672524,202609011903672005,85,2356,Bronze INV,br_LabResult,TASK_COMPLETE,SUCCESS,INFO,1,1,0,,2026-09-01T19:04:17.664Z,2026-09-01T21:14:55.846Z,7838,2026-09-01T21:14:55.846Z,FAY,Fayetteville,0e5f68b5-5669-4bb1-91ce-4b967b620e7d,SAMMS-Fayetteville
202609012114519093,202609011903672525,202609011903672005,85,2357,Bronze INV,br_LabResult,TASK_COMPLETE,SUCCESS,INFO,5345,5345,0,,2026-09-01T19:04:17.664Z,2026-09-01T21:14:55.846Z,7838,2026-09-01T21:14:55.846Z,FR,Frankfort,0e5f68b5-5669-4bb1-91ce-4b967b620e7d,SAMMS-Frankfort
202609012114519094,202609011903672526,202609011903672005,85,2358,Bronze INV,br_LabResult,TASK_COMPLETE,SUCCESS,INFO,2,2,0,,2026-09-01T19:04:17.664Z,2026-09-01T21:14:55.846Z,7838,2026-09-01T21:14:55.846Z,FS,Fort Smith,0e5f68b5-5669-4bb1-91ce-4b967b620e7d,SAMMS-FortSmith
202609012114519095,202609011903672527,202609011903672005,85,2359,Bronze INV,br_LabResult,TASK_COMPLETE,SUCCESS,INFO,9173,9173,0,,2026-09-01T19:04:17.664Z,2026-09-01T21:14:55.846Z,7838,2026-09-01T21:14:55.846Z,FW,Fort Wayne,0e5f68b5-5669-4bb1-91ce-4b967b620e7d,SAMMS-FortWayne
202609012114519096,202609011903672528,202609011903672005,85,2360,Bronze INV,br_LabResult,TASK_COMPLETE,SUCCESS,INFO,2,2,0,,2026-09-01T19:04:17.664Z,2026-09-01T21:14:55.846Z,7838,2026-09-01T21:14:55.846Z,GAL,Gaylord,0e5f68b5-5669-4bb1-91ce-4b967b620e7d,SAMMS-Gaylord
202609012114519097,202609011903672529,202609011903672005,85,2364,Bronze INV,br_LabResult,TASK_COMPLETE,SUCCESS,INFO,4670,4670,0,,2026-09-01T19:04:17.664Z,2026-09-01T21:14:55.846Z,7838,2026-09-01T21:14:55.846Z,HGT,Hagerstown,0e5f68b5-5669-4bb1-91ce-4b967b620e7d,SAMMS-Hagerstown
202609012114519098,202609011903672530,202609011903672005,85,2365,Bronze INV,br_LabResult,TASK_COMPLETE,SUCCESS,INFO,645,645,0,,2026-09-01T19:04:17.664Z,2026-09-01T21:14:55.846Z,7838,2026-09-01T21:14:55.846Z,HNT,Huntsville,0e5f68b5-5669-4bb1-91ce-4b967b620e7d,SAMMS-Huntsville
202609012114519100,202609011903672531,202609011903672005,85,2366,Bronze INV,br_LabResult,TASK_COMPLETE,SUCCESS,INFO,1,1,0,,2026-09-01T19:04:17.664Z,2026-09-01T21:14:55.846Z,7838,2026-09-01T21:14:55.846Z,HS,Hot Springs,0e5f68b5-5669-4bb1-91ce-4b967b620e7d,SAMMS-HotSprings
202609012114519101,202609011903672532,202609011903672005,85,2367,Bronze INV,br_LabResult,TASK_COMPLETE,SUCCESS,INFO,2,2,0,,2026-09-01T19:04:17.664Z,2026-09-01T21:14:55.846Z,7838,2026-09-01T21:14:55.846Z,JON,Jonesboro,0e5f68b5-5669-4bb1-91ce-4b967b620e7d,SAMMS-Jonesboro
202609012114519102,202609011903672533,202609011903672005,85,2369,Bronze INV,br_LabResult,TASK_COMPLETE,SUCCESS,INFO,3,3,0,,2026-09-01T19:04:17.664Z,2026-09-01T21:14:55.846Z,7838,2026-09-01T21:14:55.846Z,LAN,Lansing,0e5f68b5-5669-4bb1-91ce-4b967b620e7d,SAMMS-Lansing
202609012114519103,202609011903672534,202609011903672005,85,2370,Bronze INV,br_LabResult,TASK_COMPLETE,SUCCESS,INFO,27824,27824,0,,2026-09-01T19:04:17.664Z,2026-09-01T21:14:55.846Z,7838,2026-09-01T21:14:55.846Z,LO,Louisville,0e5f68b5-5669-4bb1-91ce-4b967b620e7d,SAMMS-Louisville
202609012114519104,202609011903672535,202609011903672005,85,2371,Bronze INV,br_LabResult,TASK_COMPLETE,SUCCESS,INFO,6521,6521,0,,2026-09-01T19:04:17.664Z,2026-09-01T21:14:55.846Z,7838,2026-09-01T21:14:55.846Z,LV1,Cheyenne,0e5f68b5-5669-4bb1-91ce-4b967b620e7d,SAMMS-Cheyenne
202609012114519105,202609011903672536,202609011903672005,85,2372,Bronze INV,br_LabResult,TASK_COMPLETE,SUCCESS,INFO,9268,9268,0,,2026-09-01T19:04:17.664Z,2026-09-01T21:14:55.846Z,7838,2026-09-01T21:14:55.846Z,LV2,Desert Inn,0e5f68b5-5669-4bb1-91ce-4b967b620e7d,SAMMS-DesertInn
202609012114519106,202609011903672537,202609011903672005,85,2373,Bronze INV,br_LabResult,TASK_COMPLETE,SUCCESS,INFO,1876,1876,0,,2026-09-01T19:04:17.664Z,2026-09-01T21:14:55.846Z,7838,2026-09-01T21:14:55.846Z,LV3,McDaniel,0e5f68b5-5669-4bb1-91ce-4b967b620e7d,SAMMS-McDaniel
202609012114519107,202609011903672538,202609011903672005,85,2376,Bronze INV,br_LabResult,TASK_COMPLETE,SUCCESS,INFO,2,2,0,,2026-09-01T19:04:17.664Z,2026-09-01T21:14:55.846Z,7838,2026-09-01T21:14:55.846Z,MNRE,Monroe,0e5f68b5-5669-4bb1-91ce-4b967b620e7d,SAMMS-Monroe
202609012114519109,202609011903672539,202609011903672005,85,2377,Bronze INV,br_LabResult,TASK_COMPLETE,SUCCESS,INFO,1,1,0,,2026-09-01T19:04:17.664Z,2026-09-01T21:14:55.846Z,7838,2026-09-01T21:14:55.846Z,MP,Mt. Pleasant,0e5f68b5-5669-4bb1-91ce-4b967b620e7d,SAMMS-MtPleasant
202609012114519110,202609011903672540,202609011903672005,85,2378,Bronze INV,br_LabResult,TASK_COMPLETE,SUCCESS,INFO,256,256,0,,2026-09-01T19:04:17.664Z,2026-09-01T21:14:55.846Z,7838,2026-09-01T21:14:55.846Z,MRD,Meridian,0e5f68b5-5669-4bb1-91ce-4b967b620e7d,SAMMS-Meridian
202609012114519111,202609011903672541,202609011903672005,85,2383,Bronze INV,br_LabResult,TASK_COMPLETE,SUCCESS,INFO,7508,7508,0,,2026-09-01T19:04:17.664Z,2026-09-01T21:14:55.846Z,7838,2026-09-01T21:14:55.846Z,NC,North Charleston,0e5f68b5-5669-4bb1-91ce-4b967b620e7d,SAMMS-NorthCharleston
202609012114519112,202609011903672542,202609011903672005,85,2384,Bronze INV,br_LabResult,TASK_COMPLETE,SUCCESS,INFO,2,2,0,,2026-09-01T19:04:17.664Z,2026-09-01T21:14:55.846Z,7838,2026-09-01T21:14:55.846Z,NLR,N. Little Rock,0e5f68b5-5669-4bb1-91ce-4b967b620e7d,SAMMS-NLROBOT
202609012114519113,202609011903672543,202609011903672005,85,2385,Bronze INV,br_LabResult,TASK_COMPLETE,SUCCESS,INFO,1914,1914,0,,2026-09-01T19:04:17.664Z,2026-09-01T21:14:55.846Z,7838,2026-09-01T21:14:55.846Z,PH,Phoenix,0e5f68b5-5669-4bb1-91ce-4b967b620e7d,SAMMS-Phoenix
202609012114519114,202609011903672544,202609011903672005,85,2389,Bronze INV,br_LabResult,TASK_COMPLETE,SUCCESS,INFO,18872,18872,0,,2026-09-01T19:04:17.664Z,2026-09-01T21:14:55.846Z,7838,2026-09-01T21:14:55.846Z,RE,Reno,0e5f68b5-5669-4bb1-91ce-4b967b620e7d,SAMMS-Reno
202609012114519115,202609011903672545,202609011903672005,85,2390,Bronze INV,br_LabResult,TASK_COMPLETE,SUCCESS,INFO,2009,2009,0,,2026-09-01T19:04:17.664Z,2026-09-01T21:14:55.846Z,7838,2026-09-01T21:14:55.846Z,RMD,Richmond,0e5f68b5-5669-4bb1-91ce-4b967b620e7d,SAMMS-Richmond
202609012114519117,202609011903672546,202609011903672005,85,2391,Bronze INV,br_LabResult,TASK_COMPLETE,SUCCESS,INFO,3672,3672,0,,2026-09-01T19:04:17.664Z,2026-09-01T21:14:55.846Z,7838,2026-09-01T21:14:55.846Z,SFN,Springfield North,0e5f68b5-5669-4bb1-91ce-4b967b620e7d,SAMMS-SFNv5
202609012114519118,202609011903672547,202609011903672005,85,2392,Bronze INV,br_LabResult,TASK_COMPLETE,SUCCESS,INFO,156,156,0,,2026-09-01T19:04:17.664Z,2026-09-01T21:14:55.846Z,7838,2026-09-01T21:14:55.846Z,SHP,Shreveport,0e5f68b5-5669-4bb1-91ce-4b967b620e7d,SAMMS-Shreveport
202609012114519119,202609011903672548,202609011903672005,85,2394,Bronze INV,br_LabResult,TASK_COMPLETE,SUCCESS,INFO,4,4,0,,2026-09-01T19:04:17.664Z,2026-09-01T21:14:55.846Z,7838,2026-09-01T21:14:55.846Z,STN,Staunton,0e5f68b5-5669-4bb1-91ce-4b967b620e7d,SAMMS-Staunton
202609012114519120,202609011903672549,202609011903672005,85,2395,Bronze INV,br_LabResult,TASK_COMPLETE,SUCCESS,INFO,245,245,0,,2026-09-01T19:04:17.664Z,2026-09-01T21:14:55.846Z,7838,2026-09-01T21:14:55.846Z,STVN,Stevenson,0e5f68b5-5669-4bb1-91ce-4b967b620e7d,SAMMS-Stevenson
202609012114519121,202609011903672550,202609011903672005,85,2397,Bronze INV,br_LabResult,TASK_COMPLETE,SUCCESS,INFO,5278,5278,0,,2026-09-01T19:04:17.664Z,2026-09-01T21:14:55.846Z,7838,2026-09-01T21:14:55.846Z,TE,Tempe,0e5f68b5-5669-4bb1-91ce-4b967b620e7d,SAMMS-Tempe
202609012114519122,202609011903672551,202609011903672005,85,2398,Bronze INV,br_LabResult,TASK_COMPLETE,SUCCESS,INFO,2,2,0,,2026-09-01T19:04:17.664Z,2026-09-01T21:14:55.846Z,7838,2026-09-01T21:14:55.846Z,TEX,Texarkana,0e5f68b5-5669-4bb1-91ce-4b967b620e7d,SAMMS-Texarkana
202609012114519123,202609011903672552,202609011903672005,85,2399,Bronze INV,br_LabResult,TASK_COMPLETE,SUCCESS,INFO,1672,1672,0,,2026-09-01T19:04:17.664Z,2026-09-01T21:14:55.846Z,7838,2026-09-01T21:14:55.846Z,TTCA,Bessemer,0e5f68b5-5669-4bb1-91ce-4b967b620e7d,SAMMS-BessemerV5
202609012114519124,202609011903672553,202609011903672005,85,2400,Bronze INV,br_LabResult,TASK_COMPLETE,SUCCESS,INFO,2101,2101,0,,2026-09-01T19:04:17.664Z,2026-09-01T21:14:55.846Z,7838,2026-09-01T21:14:55.846Z,TTCB,Cullman,0e5f68b5-5669-4bb1-91ce-4b967b620e7d,SAMMS-CullmanV5
202609012114519126,202609011903672554,202609011903672005,85,2401,Bronze INV,br_LabResult,TASK_COMPLETE,SUCCESS,INFO,4,4,0,,2026-09-01T19:04:17.664Z,2026-09-01T21:14:55.846Z,7838,2026-09-01T21:14:55.846Z,TTCC,Grand Bay,0e5f68b5-5669-4bb1-91ce-4b967b620e7d,SAMMS-GrandBay
202609012114519127,202609011903672555,202609011903672005,85,2402,Bronze INV,br_LabResult,TASK_COMPLETE,SUCCESS,INFO,717,717,0,,2026-09-01T19:04:17.664Z,2026-09-01T21:14:55.846Z,7838,2026-09-01T21:14:55.846Z,TU,Tucson,0e5f68b5-5669-4bb1-91ce-4b967b620e7d,SAMMS-Tucson
202609012114519128,202609011903672556,202609011903672005,85,2404,Bronze INV,br_LabResult,TASK_COMPLETE,SUCCESS,INFO,4985,4985,0,,2026-09-01T19:04:17.664Z,2026-09-01T21:14:55.846Z,7838,2026-09-01T21:14:55.846Z,V1,Memphis South,0e5f68b5-5669-4bb1-91ce-4b967b620e7d,SAMMS-VCPHCS-I-MemphisV5
202609012114519129,202609011903672557,202609011903672005,85,2405,Bronze INV,br_LabResult,TASK_COMPLETE,SUCCESS,INFO,6263,6263,0,,2026-09-01T19:04:17.664Z,2026-09-01T21:14:55.846Z,7838,2026-09-01T21:14:55.846Z,V10,Longmont,0e5f68b5-5669-4bb1-91ce-4b967b620e7d,SAMMS-BoulderV5
202609012114519130,202609011903672558,202609011903672005,85,2406,Bronze INV,br_LabResult,TASK_COMPLETE,SUCCESS,INFO,3567,3567,0,,2026-09-01T19:04:17.664Z,2026-09-01T21:14:55.846Z,7838,2026-09-01T21:14:55.846Z,V10A,Fort Collins,0e5f68b5-5669-4bb1-91ce-4b967b620e7d,SAMMS-FortCollinsV5
202609012114519131,202609011903672559,202609011903672005,85,2407,Bronze INV,br_LabResult,TASK_COMPLETE,SUCCESS,INFO,7580,7580,0,,2026-09-01T19:04:17.664Z,2026-09-01T21:14:55.846Z,7838,2026-09-01T21:14:55.846Z,V11,Westminster,0e5f68b5-5669-4bb1-91ce-4b967b620e7d,SAMMS-VCPHCS-XI-NorthDenverV5
202609012114519132,202609011903672560,202609011903672005,85,2408,Bronze INV,br_LabResult,TASK_COMPLETE,SUCCESS,INFO,10263,10263,0,,2026-09-01T19:04:17.664Z,2026-09-01T21:14:55.846Z,7838,2026-09-01T21:14:55.846Z,V12,Downtown Denver,0e5f68b5-5669-4bb1-91ce-4b967b620e7d,SAMMS-VCPHCS-XII-DowntownDenverV5
202609012114519133,202609011903672561,202609011903672005,85,2409,Bronze INV,br_LabResult,TASK_COMPLETE,SUCCESS,INFO,4824,4824,0,,2026-09-01T19:04:17.664Z,2026-09-01T21:14:55.846Z,7838,2026-09-01T21:14:55.846Z,V12A,Centennial,0e5f68b5-5669-4bb1-91ce-4b967b620e7d,SAMMS-CentennialV5
202609012114519135,202609011903672562,202609011903672005,85,2410,Bronze INV,br_LabResult,TASK_COMPLETE,SUCCESS,INFO,3273,3273,0,,2026-09-01T19:04:17.664Z,2026-09-01T21:14:55.846Z,7838,2026-09-01T21:14:55.846Z,V14,Overland Park,0e5f68b5-5669-4bb1-91ce-4b967b620e7d,SAMMS-VCPHCS-XIV-BridgewayV5
202609012114519136,202609011903672563,202609011903672005,85,2411,Bronze INV,br_LabResult,TASK_COMPLETE,SUCCESS,INFO,2523,2523,0,,2026-09-01T19:04:17.664Z,2026-09-01T21:14:55.846Z,7838,2026-09-01T21:14:55.846Z,V15,Joplin,0e5f68b5-5669-4bb1-91ce-4b967b620e7d,SAMMS-JoplinV5
202609012114519137,202609011903672564,202609011903672005,85,2413,Bronze INV,br_LabResult,TASK_COMPLETE,SUCCESS,INFO,910,910,0,,2026-09-01T19:04:17.664Z,2026-09-01T21:14:55.846Z,7838,2026-09-01T21:14:55.846Z,V17,Columbia TN,0e5f68b5-5669-4bb1-91ce-4b967b620e7d,SAMMS-ColumbiaTNv5
202609012114519138,202609011903672565,202609011903672005,85,2415,Bronze INV,br_LabResult,TASK_COMPLETE,SUCCESS,INFO,4898,4898,0,,2026-09-01T19:04:17.664Z,2026-09-01T21:14:55.846Z,7838,2026-09-01T21:14:55.846Z,V19,Jackson,0e5f68b5-5669-4bb1-91ce-4b967b620e7d,SAMMS-JacksonV5
202609012114519139,202609011903672566,202609011903672005,85,2417,Bronze INV,br_LabResult,TASK_COMPLETE,SUCCESS,INFO,6732,6732,0,,2026-09-01T19:04:17.664Z,2026-09-01T21:14:55.846Z,7838,2026-09-01T21:14:55.846Z,V20,Paris,0e5f68b5-5669-4bb1-91ce-4b967b620e7d,SAMMS-ParisV5
202609012114519140,202609011903672567,202609011903672005,85,2418,Bronze INV,br_LabResult,TASK_COMPLETE,SUCCESS,INFO,6048,6048,0,,2026-09-01T19:04:17.664Z,2026-09-01T21:14:55.846Z,7838,2026-09-01T21:14:55.846Z,V21,Memphis North,0e5f68b5-5669-4bb1-91ce-4b967b620e7d,SAMMS-RaleighV5
202609012114519141,202609011903672568,202609011903672005,85,2421,Bronze INV,br_LabResult,TASK_COMPLETE,SUCCESS,INFO,7027,7027,0,,2026-09-01T19:04:17.664Z,2026-09-01T21:14:55.846Z,7838,2026-09-01T21:14:55.846Z,V5,West Bank,0e5f68b5-5669-4bb1-91ce-4b967b620e7d,SAMMS-NONTCv5
202609012114519142,202609011903672569,202609011903672005,85,2423,Bronze INV,br_LabResult,TASK_COMPLETE,SUCCESS,INFO,215,215,0,,2026-09-01T19:04:17.664Z,2026-09-01T21:14:55.846Z,7838,2026-09-01T21:14:55.846Z,V5B,Houma,0e5f68b5-5669-4bb1-91ce-4b967b620e7d,SAMMS-HoumaV6
202609012114519144,202609011903672570,202609011903672005,85,2424,Bronze INV,br_LabResult,TASK_COMPLETE,SUCCESS,INFO,4811,4811,0,,2026-09-01T19:04:17.664Z,2026-09-01T21:14:55.846Z,7838,2026-09-01T21:14:55.846Z,V6,Lake Charles,0e5f68b5-5669-4bb1-91ce-4b967b620e7d,SAMMS-LCv5
202609012114519145,202609011903672571,202609011903672005,85,2426,Bronze INV,br_LabResult,TASK_COMPLETE,SUCCESS,INFO,19769,19769,0,,2026-09-01T19:04:17.664Z,2026-09-01T21:14:55.846Z,7838,2026-09-01T21:14:55.846Z,V8,Memphis Midtown,0e5f68b5-5669-4bb1-91ce-4b967b620e7d,SAMMS-VCPHCS-VIII-MemphisV5
202609012114519146,202609011903672572,202609011903672005,85,2427,Bronze INV,br_LabResult,TASK_COMPLETE,SUCCESS,INFO,17536,17536,0,,2026-09-01T19:04:17.664Z,2026-09-01T21:14:55.846Z,7838,2026-09-01T21:14:55.846Z,V9,Nashville,0e5f68b5-5669-4bb1-91ce-4b967b620e7d,SAMMS-NashvilleV5
202609012114519147,202609011903672573,202609011903672005,85,2428,Bronze INV,br_LabResult,TASK_COMPLETE,SUCCESS,INFO,922,922,0,,2026-09-01T19:04:17.664Z,2026-09-01T21:14:55.846Z,7838,2026-09-01T21:14:55.846Z,VBRA,Brainerd,0e5f68b5-5669-4bb1-91ce-4b967b620e7d,SAMMS-BrainerdV6
202609012114519148,202609011903672574,202609011903672005,85,2429,Bronze INV,br_LabResult,TASK_COMPLETE,SUCCESS,INFO,17,17,0,,2026-09-01T19:04:17.664Z,2026-09-01T21:14:55.846Z,7838,2026-09-01T21:14:55.846Z,VBRP,Brooklyn Park,0e5f68b5-5669-4bb1-91ce-4b967b620e7d,SAMMS-BrooklynParkV6
202609012114519149,202609011903672575,202609011903672005,85,2431,Bronze INV,br_LabResult,TASK_COMPLETE,SUCCESS,INFO,2,2,0,,2026-09-01T19:04:17.664Z,2026-09-01T21:14:55.846Z,7838,2026-09-01T21:14:55.846Z,VMIN,Minneapolis,0e5f68b5-5669-4bb1-91ce-4b967b620e7d,SAMMS-MinneapolisV6
202609012114519150,202609011903672576,202609011903672005,85,2432,Bronze INV,br_LabResult,TASK_COMPLETE,SUCCESS,INFO,6,6,0,,2026-09-01T19:04:17.664Z,2026-09-01T21:14:55.846Z,7838,2026-09-01T21:14:55.846Z,VWBY,Woodbury,0e5f68b5-5669-4bb1-91ce-4b967b620e7d,SAMMS-WoodburyV6
202609012114519151,202609011903672577,202609011903672005,85,2434,Bronze INV,br_LabResult,TASK_COMPLETE,SUCCESS,INFO,3357,3357,0,,2026-09-01T19:04:17.664Z,2026-09-01T21:14:55.846Z,7838,2026-09-01T21:14:55.846Z,WIL,Wilson,0e5f68b5-5669-4bb1-91ce-4b967b620e7d,SAMMS-Wilson
202609012114519153,202609011903672578,202609011903672005,85,2438,Bronze INV,br_LabResultDetail,TASK_COMPLETE,SUCCESS,INFO,9628,9628,0,,2026-09-01T19:04:17.664Z,2026-09-01T21:14:55.846Z,7838,2026-09-01T21:14:55.846Z,AHK,Ahoskie,0e5f68b5-5669-4bb1-91ce-4b967b620e7d,SAMMS-Ahoskie
202609012114519154,202609011903672579,202609011903672005,85,2439,Bronze INV,br_LabResultDetail,TASK_COMPLETE,SUCCESS,INFO,1390,1390,0,,2026-09-01T19:04:17.664Z,2026-09-01T21:14:55.846Z,7838,2026-09-01T21:14:55.846Z,B12B,Colorado Springs,0e5f68b5-5669-4bb1-91ce-4b967b620e7d,SAMMS-ColoradoSpringsV5
202609012114519155,202609011903672580,202609011903672005,85,2440,Bronze INV,br_LabResultDetail,TASK_COMPLETE,SUCCESS,INFO,1855,1855,0,,2026-09-01T19:04:17.664Z,2026-09-01T21:14:55.846Z,7838,2026-09-01T21:14:55.846Z,B24,Paintsville,0e5f68b5-5669-4bb1-91ce-4b967b620e7d,SAMMS-PaintsvilleV5
202609012114519156,202609011903672581,202609011903672005,85,2441,Bronze INV,br_LabResultDetail,TASK_COMPLETE,SUCCESS,INFO,2318,2318,0,,2026-09-01T19:04:17.664Z,2026-09-01T21:14:55.846Z,7838,2026-09-01T21:14:55.846Z,B25,Pikeville,0e5f68b5-5669-4bb1-91ce-4b967b620e7d,SAMMS-PikevilleV5
202609012114519157,202609011903672582,202609011903672005,85,2442,Bronze INV,br_LabResultDetail,TASK_COMPLETE,SUCCESS,INFO,3181,3181,0,,2026-09-01T19:04:17.664Z,2026-09-01T21:14:55.846Z,7838,2026-09-01T21:14:55.846Z,B26,Hazard,0e5f68b5-5669-4bb1-91ce-4b967b620e7d,SAMMS-HazardV5
202609012114519158,202609011903672583,202609011903672005,85,2443,Bronze INV,br_LabResultDetail,TASK_COMPLETE,SUCCESS,INFO,6,6,0,,2026-09-01T19:04:17.664Z,2026-09-01T21:14:55.846Z,7838,2026-09-01T21:14:55.846Z,B27,Savannah,0e5f68b5-5669-4bb1-91ce-4b967b620e7d,SAMMS-SavannahV6
202609012114519159,202609011903672584,202609011903672005,85,2444,Bronze INV,br_LabResultDetail,TASK_COMPLETE,SUCCESS,INFO,1599,1599,0,,2026-09-01T19:04:17.664Z,2026-09-01T21:14:55.846Z,7838,2026-09-01T21:14:55.846Z,B28,West Plains,0e5f68b5-5669-4bb1-91ce-4b967b620e7d,SAMMS-WestPlainesV5
202609012114519160,202609011903672585,202609011903672005,85,2445,Bronze INV,br_LabResultDetail,TASK_COMPLETE,SUCCESS,INFO,1904,1904,0,,2026-09-01T19:04:17.664Z,2026-09-01T21:14:55.846Z,7838,2026-09-01T21:14:55.846Z,B29,Poplar Bluff,0e5f68b5-5669-4bb1-91ce-4b967b620e7d,SAMMS-PoplarBluffV5
202609012114519162,202609011903672586,202609011903672005,85,2446,Bronze INV,br_LabResultDetail,TASK_COMPLETE,SUCCESS,INFO,1523,1523,0,,2026-09-01T19:04:17.664Z,2026-09-01T21:14:55.846Z,7838,2026-09-01T21:14:55.846Z,B30,KC North,0e5f68b5-5669-4bb1-91ce-4b967b620e7d,SAMMS-KCNv5
202609012114519163,202609011903672587,202609011903672005,85,2447,Bronze INV,br_LabResultDetail,TASK_COMPLETE,SUCCESS,INFO,5449,5449,0,,2026-09-01T19:04:17.664Z,2026-09-01T21:14:55.846Z,7838,2026-09-01T21:14:55.846Z,B31,Dyersburg,0e5f68b5-5669-4bb1-91ce-4b967b620e7d,SAMMS-DyersburgV5
202609012114519164,202609011903672588,202609011903672005,85,2449,Bronze INV,br_LabResultDetail,TASK_COMPLETE,SUCCESS,INFO,4164,4164,0,,2026-09-01T19:04:17.664Z,2026-09-01T21:14:55.846Z,7838,2026-09-01T21:14:55.846Z,B33,Paducah,0e5f68b5-5669-4bb1-91ce-4b967b620e7d,SAMMS-Paducah
202609012114519165,202609011903672589,202609011903672005,85,2450,Bronze INV,br_LabResultDetail,TASK_COMPLETE,SUCCESS,INFO,2361,2361,0,,2026-09-01T19:04:17.664Z,2026-09-01T21:14:55.846Z,7838,2026-09-01T21:14:55.846Z,B34,Corbin,0e5f68b5-5669-4bb1-91ce-4b967b620e7d,SAMMS-CorbinV5
202609012114519166,202609011903672590,202609011903672005,85,2451,Bronze INV,br_LabResultDetail,TASK_COMPLETE,SUCCESS,INFO,12038,12038,0,,2026-09-01T19:04:17.664Z,2026-09-01T21:14:55.846Z,7838,2026-09-01T21:14:55.846Z,B35,Lexington,0e5f68b5-5669-4bb1-91ce-4b967b620e7d,SAMMS-LexingtonV5
202609012114519167,202609011903672591,202609011903672005,85,2452,Bronze INV,br_LabResultDetail,TASK_COMPLETE,SUCCESS,INFO,2559,2559,0,,2026-09-01T19:04:17.664Z,2026-09-01T21:14:55.846Z,7838,2026-09-01T21:14:55.846Z,B35A,Berea,0e5f68b5-5669-4bb1-91ce-4b967b620e7d,SAMMS-BereaV5
202609012114519168,202609011903672592,202609011903672005,85,2453,Bronze INV,br_LabResultDetail,TASK_COMPLETE,SUCCESS,INFO,1240,1240,0,,2026-09-01T19:04:17.664Z,2026-09-01T21:14:55.846Z,7838,2026-09-01T21:14:55.846Z,B36,Asheville,0e5f68b5-5669-4bb1-91ce-4b967b620e7d,SAMMS-AshevilleV5
202609012114519170,202609011903672593,202609011903672005,85,2454,Bronze INV,br_LabResultDetail,TASK_COMPLETE,SUCCESS,INFO,1865,1865,0,,2026-09-01T19:04:17.664Z,2026-09-01T21:14:55.846Z,7838,2026-09-01T21:14:55.846Z,B37,Clyde,0e5f68b5-5669-4bb1-91ce-4b967b620e7d,SAMMS-ClydeV5
202609012114519171,202609011903672594,202609011903672005,85,2455,Bronze INV,br_LabResultDetail,TASK_COMPLETE,SUCCESS,INFO,6363,6363,0,,2026-09-01T19:04:17.664Z,2026-09-01T21:14:55.846Z,7838,2026-09-01T21:14:55.846Z,B38,Spartanburg,0e5f68b5-5669-4bb1-91ce-4b967b620e7d,SAMMS-SpartanburgV5
202609012114519172,202609011903672595,202609011903672005,85,2456,Bronze INV,br_LabResultDetail,TASK_COMPLETE,SUCCESS,INFO,2215,2215,0,,2026-09-01T19:04:17.664Z,2026-09-01T21:14:55.846Z,7838,2026-09-01T21:14:55.846Z,B39,Aiken,0e5f68b5-5669-4bb1-91ce-4b967b620e7d,SAMMS-AikenV5
202609012114519173,202609011903672596,202609011903672005,85,2457,Bronze INV,br_LabResultDetail,TASK_COMPLETE,SUCCESS,INFO,4490,4490,0,,2026-09-01T19:04:17.664Z,2026-09-01T21:14:55.846Z,7838,2026-09-01T21:14:55.846Z,B41,Chesapeake,0e5f68b5-5669-4bb1-91ce-4b967b620e7d,SAMMS-ChesapeakeV5
202609012114519174,202609011903672597,202609011903672005,85,2458,Bronze INV,br_LabResultDetail,TASK_COMPLETE,SUCCESS,INFO,14517,14517,0,,2026-09-01T19:04:17.664Z,2026-09-01T21:14:55.846Z,7838,2026-09-01T21:14:55.846Z,B42,Virginia Beach,0e5f68b5-5669-4bb1-91ce-4b967b620e7d,SAMMS-VirginiaBeachV5
202609012114519175,202609011903672598,202609011903672005,85,2459,Bronze INV,br_LabResultDetail,TASK_COMPLETE,SUCCESS,INFO,1430,1430,0,,2026-09-01T19:04:17.664Z,2026-09-01T21:14:55.846Z,7838,2026-09-01T21:14:55.846Z,B42A,Newport News,0e5f68b5-5669-4bb1-91ce-4b967b620e7d,SAMMS-NewportNewsV5
202609012114519176,202609011903672599,202609011903672005,85,2460,Bronze INV,br_LabResultDetail,TASK_COMPLETE,SUCCESS,INFO,757,757,0,,2026-09-01T19:04:17.664Z,2026-09-01T21:14:55.846Z,7838,2026-09-01T21:14:55.846Z,B42B,Franklin,0e5f68b5-5669-4bb1-91ce-4b967b620e7d,SAMMS-FranklinV5
202609012114519177,202609011903672600,202609011903672005,85,2461,Bronze INV,br_LabResultDetail,TASK_COMPLETE,SUCCESS,INFO,1486,1486,0,,2026-09-01T19:04:17.664Z,2026-09-01T21:14:55.846Z,7838,2026-09-01T21:14:55.846Z,B42C,Glen Allen,0e5f68b5-5669-4bb1-91ce-4b967b620e7d,SAMMS-GlenAllenV5
202609012114519179,202609011903672601,202609011903672005,85,2462,Bronze INV,br_LabResultDetail,TASK_COMPLETE,SUCCESS,INFO,1335,1335,0,,2026-09-01T19:04:17.664Z,2026-09-01T21:14:55.846Z,7838,2026-09-01T21:14:55.846Z,B42D,Chesapeake South,0e5f68b5-5669-4bb1-91ce-4b967b620e7d,SAMMS-ChesapeakeSouthV5
202609012114519180,202609011903672602,202609011903672005,85,2463,Bronze INV,br_LabResultDetail,TASK_COMPLETE,SUCCESS,INFO,3361,3361,0,,2026-09-01T19:04:17.664Z,2026-09-01T21:14:55.846Z,7838,2026-09-01T21:14:55.846Z,B44,Albany,0e5f68b5-5669-4bb1-91ce-4b967b620e7d,SAMMS-AlbanyV5
202609012114519181,202609011903672603,202609011903672005,85,2464,Bronze INV,br_LabResultDetail,TASK_COMPLETE,SUCCESS,INFO,4799,4799,0,,2026-09-01T19:04:17.664Z,2026-09-01T21:14:55.846Z,7838,2026-09-01T21:14:55.846Z,B45,Tifton,0e5f68b5-5669-4bb1-91ce-4b967b620e7d,SAMMS-TiftonV5
202609012114519182,202609011903672604,202609011903672005,85,2465,Bronze INV,br_LabResultDetail,TASK_COMPLETE,SUCCESS,INFO,686,686,0,,2026-09-01T19:04:17.664Z,2026-09-01T21:14:55.846Z,7838,2026-09-01T21:14:55.846Z,B46,Washington DC,0e5f68b5-5669-4bb1-91ce-4b967b620e7d,SAMMS-WashingtonDCv5
202609012114519183,202609011903672605,202609011903672005,85,2466,Bronze INV,br_LabResultDetail,TASK_COMPLETE,SUCCESS,INFO,770,770,0,,2026-09-01T19:04:17.664Z,2026-09-01T21:14:55.846Z,7838,2026-09-01T21:14:55.846Z,B47,Mobile,0e5f68b5-5669-4bb1-91ce-4b967b620e7d,SAMMS-MobileV5
202609012114519184,202609011903672606,202609011903672005,85,2467,Bronze INV,br_LabResultDetail,TASK_COMPLETE,SUCCESS,INFO,3384,3384,0,,2026-09-01T19:04:17.664Z,2026-09-01T21:14:55.846Z,7838,2026-09-01T21:14:55.846Z,B48,Tuscaloosa,0e5f68b5-5669-4bb1-91ce-4b967b620e7d,SAMMS-TuscaloosaV5
202609012114519185,202609011903672607,202609011903672005,85,2476,Bronze INV,br_LabResultDetail,TASK_COMPLETE,SUCCESS,INFO,9,9,0,,2026-09-01T19:04:17.664Z,2026-09-01T21:14:55.846Z,7838,2026-09-01T21:14:55.846Z,B51,N. Little Rock (OTP),0e5f68b5-5669-4bb1-91ce-4b967b620e7d,SAMMS-NorthLittleRockV6
202608292054379924,202608291904435267,202608291904434406,85,328,Bronze INV,br_AdmissionAssessment,TASK_COMPLETE,SUCCESS,INFO,251,251,0,,2026-08-29T19:04:49.126Z,2026-08-29T20:54:41.421Z,6592,2026-08-29T20:54:41.421Z,DRD-SF,Springfield,dd7385f2-fbd4-41a4-afcd-7296aca5e198,SAMMS-SFv5
202608292054379925,202608291904435268,202608291904434406,85,330,Bronze INV,br_AdmissionAssessment,TASK_COMPLETE,SUCCESS,INFO,88,88,0,,2026-08-29T19:04:49.126Z,2026-08-29T20:54:41.421Z,6592,2026-08-29T20:54:41.421Z,ELC,Elizabeth City,dd7385f2-fbd4-41a4-afcd-7296aca5e198,SAMMS-ElizabethCity
202608292054379927,202608291904435269,202608291904434406,85,331,Bronze INV,br_AdmissionAssessment,TASK_COMPLETE,SUCCESS,INFO,4,4,0,,2026-08-29T19:04:49.126Z,2026-08-29T20:54:41.421Z,6592,2026-08-29T20:54:41.421Z,ET,Elizabethtown,dd7385f2-fbd4-41a4-afcd-7296aca5e198,SAMMS-Elizabethtown
202608292054379928,202608291904435270,202608291904434406,85,332,Bronze INV,br_AdmissionAssessment,TASK_COMPLETE,SUCCESS,INFO,117,117,0,,2026-08-29T19:04:49.126Z,2026-08-29T20:54:41.421Z,6592,2026-08-29T20:54:41.421Z,FAY,Fayetteville,dd7385f2-fbd4-41a4-afcd-7296aca5e198,SAMMS-Fayetteville
202608292054379929,202608291904435271,202608291904434406,85,333,Bronze INV,br_AdmissionAssessment,TASK_COMPLETE,SUCCESS,INFO,3,3,0,,2026-08-29T19:04:49.126Z,2026-08-29T20:54:41.421Z,6592,2026-08-29T20:54:41.421Z,FR,Frankfort,dd7385f2-fbd4-41a4-afcd-7296aca5e198,SAMMS-Frankfort
202608292054379930,202608291904435272,202608291904434406,85,334,Bronze INV,br_AdmissionAssessment,TASK_COMPLETE,SUCCESS,INFO,111,111,0,,2026-08-29T19:04:49.126Z,2026-08-29T20:54:41.421Z,6592,2026-08-29T20:54:41.421Z,FS,Fort Smith,dd7385f2-fbd4-41a4-afcd-7296aca5e198,SAMMS-FortSmith
202608292054379932,202608291904435273,202608291904434406,85,335,Bronze INV,br_AdmissionAssessment,TASK_COMPLETE,SUCCESS,INFO,207,207,0,,2026-08-29T19:04:49.126Z,2026-08-29T20:54:41.421Z,6592,2026-08-29T20:54:41.421Z,FW,Fort Wayne,dd7385f2-fbd4-41a4-afcd-7296aca5e198,SAMMS-FortWayne
202608292054379933,202608291904435274,202608291904434406,85,336,Bronze INV,br_AdmissionAssessment,TASK_COMPLETE,SUCCESS,INFO,35,35,0,,2026-08-29T19:04:49.126Z,2026-08-29T20:54:41.421Z,6592,2026-08-29T20:54:41.421Z,GAL,Gaylord,dd7385f2-fbd4-41a4-afcd-7296aca5e198,SAMMS-Gaylord
202608292054379934,202608291904435275,202608291904434406,85,340,Bronze INV,br_AdmissionAssessment,TASK_COMPLETE,SUCCESS,INFO,166,166,0,,2026-08-29T19:04:49.126Z,2026-08-29T20:54:41.421Z,6592,2026-08-29T20:54:41.421Z,HGT,Hagerstown,dd7385f2-fbd4-41a4-afcd-7296aca5e198,SAMMS-Hagerstown
202608292054379935,202608291904435276,202608291904434406,85,341,Bronze INV,br_AdmissionAssessment,TASK_COMPLETE,SUCCESS,INFO,124,124,0,,2026-08-29T19:04:49.126Z,2026-08-29T20:54:41.421Z,6592,2026-08-29T20:54:41.421Z,HNT,Huntsville,dd7385f2-fbd4-41a4-afcd-7296aca5e198,SAMMS-Huntsville
202608292054379936,202608291904435277,202608291904434406,85,342,Bronze INV,br_AdmissionAssessment,TASK_COMPLETE,SUCCESS,INFO,151,151,0,,2026-08-29T19:04:49.126Z,2026-08-29T20:54:41.421Z,6592,2026-08-29T20:54:41.421Z,HS,Hot Springs,dd7385f2-fbd4-41a4-afcd-7296aca5e198,SAMMS-HotSprings
202608292054379937,202608291904435278,202608291904434406,85,343,Bronze INV,br_AdmissionAssessment,TASK_COMPLETE,SUCCESS,INFO,78,78,0,,2026-08-29T19:04:49.126Z,2026-08-29T20:54:41.421Z,6592,2026-08-29T20:54:41.421Z,JON,Jonesboro,dd7385f2-fbd4-41a4-afcd-7296aca5e198,SAMMS-Jonesboro
202608292054379938,202608291904435279,202608291904434406,85,345,Bronze INV,br_AdmissionAssessment,TASK_COMPLETE,SUCCESS,INFO,72,72,0,,2026-08-29T19:04:49.126Z,2026-08-29T20:54:41.421Z,6592,2026-08-29T20:54:41.421Z,LAN,Lansing,dd7385f2-fbd4-41a4-afcd-7296aca5e198,SAMMS-Lansing
202608292054379940,202608291904435280,202608291904434406,85,346,Bronze INV,br_AdmissionAssessment,TASK_COMPLETE,SUCCESS,INFO,2,2,0,,2026-08-29T19:04:49.126Z,2026-08-29T20:54:41.421Z,6592,2026-08-29T20:54:41.421Z,LO,Louisville,dd7385f2-fbd4-41a4-afcd-7296aca5e198,SAMMS-Louisville
202608292054379941,202608291904435281,202608291904434406,85,347,Bronze INV,br_AdmissionAssessment,TASK_COMPLETE,SUCCESS,INFO,379,379,0,,2026-08-29T19:04:49.126Z,2026-08-29T20:54:41.421Z,6592,2026-08-29T20:54:41.421Z,LV1,Cheyenne,dd7385f2-fbd4-41a4-afcd-7296aca5e198,SAMMS-Cheyenne
202608292054379942,202608291904435282,202608291904434406,85,348,Bronze INV,br_AdmissionAssessment,TASK_COMPLETE,SUCCESS,INFO,353,353,0,,2026-08-29T19:04:49.126Z,2026-08-29T20:54:41.421Z,6592,2026-08-29T20:54:41.421Z,LV2,Desert Inn,dd7385f2-fbd4-41a4-afcd-7296aca5e198,SAMMS-DesertInn
202608292054379943,202608291904435283,202608291904434406,85,349,Bronze INV,br_AdmissionAssessment,TASK_COMPLETE,SUCCESS,INFO,107,107,0,,2026-08-29T19:04:49.126Z,2026-08-29T20:54:41.421Z,6592,2026-08-29T20:54:41.421Z,LV3,McDaniel,dd7385f2-fbd4-41a4-afcd-7296aca5e198,SAMMS-McDaniel
202608292054379944,202608291904435284,202608291904434406,85,352,Bronze INV,br_AdmissionAssessment,TASK_COMPLETE,SUCCESS,INFO,89,89,0,,2026-08-29T19:04:49.126Z,2026-08-29T20:54:41.421Z,6592,2026-08-29T20:54:41.421Z,MNRE,Monroe,dd7385f2-fbd4-41a4-afcd-7296aca5e198,SAMMS-Monroe
202608292054379945,202608291904435285,202608291904434406,85,353,Bronze INV,br_AdmissionAssessment,TASK_COMPLETE,SUCCESS,INFO,62,62,0,,2026-08-29T19:04:49.126Z,2026-08-29T20:54:41.421Z,6592,2026-08-29T20:54:41.421Z,MP,Mt. Pleasant,dd7385f2-fbd4-41a4-afcd-7296aca5e198,SAMMS-MtPleasant
202608292054379947,202608291904435286,202608291904434406,85,354,Bronze INV,br_AdmissionAssessment,TASK_COMPLETE,SUCCESS,INFO,55,55,0,,2026-08-29T19:04:49.126Z,2026-08-29T20:54:41.421Z,6592,2026-08-29T20:54:41.421Z,MRD,Meridian,dd7385f2-fbd4-41a4-afcd-7296aca5e198,SAMMS-Meridian
202608292054379948,202608291904435287,202608291904434406,85,359,Bronze INV,br_AdmissionAssessment,TASK_COMPLETE,SUCCESS,INFO,199,199,0,,2026-08-29T19:04:49.126Z,2026-08-29T20:54:41.421Z,6592,2026-08-29T20:54:41.421Z,NC,North Charleston,dd7385f2-fbd4-41a4-afcd-7296aca5e198,SAMMS-NorthCharleston
202608292054379949,202608291904435288,202608291904434406,85,360,Bronze INV,br_AdmissionAssessment,TASK_COMPLETE,SUCCESS,INFO,287,287,0,,2026-08-29T19:04:49.126Z,2026-08-29T20:54:41.421Z,6592,2026-08-29T20:54:41.421Z,NLR,N. Little Rock,dd7385f2-fbd4-41a4-afcd-7296aca5e198,SAMMS-NLROBOT
202608292054379950,202608291904435289,202608291904434406,85,361,Bronze INV,br_AdmissionAssessment,TASK_COMPLETE,SUCCESS,INFO,0,0,0,,2026-08-29T19:04:49.126Z,2026-08-29T20:54:41.421Z,6592,2026-08-29T20:54:41.421Z,PH,Phoenix,dd7385f2-fbd4-41a4-afcd-7296aca5e198,SAMMS-Phoenix
202608292054379951,202608291904435290,202608291904434406,85,365,Bronze INV,br_AdmissionAssessment,TASK_COMPLETE,SUCCESS,INFO,203,203,0,,2026-08-29T19:04:49.126Z,2026-08-29T20:54:41.421Z,6592,2026-08-29T20:54:41.421Z,RE,Reno,dd7385f2-fbd4-41a4-afcd-7296aca5e198,SAMMS-Reno
202608292054379952,202608291904435291,202608291904434406,85,366,Bronze INV,br_AdmissionAssessment,TASK_COMPLETE,SUCCESS,INFO,2,2,0,,2026-08-29T19:04:49.126Z,2026-08-29T20:54:41.421Z,6592,2026-08-29T20:54:41.421Z,RMD,Richmond,dd7385f2-fbd4-41a4-afcd-7296aca5e198,SAMMS-Richmond
202608292054379953,202608291904435292,202608291904434406,85,367,Bronze INV,br_AdmissionAssessment,TASK_COMPLETE,SUCCESS,INFO,184,184,0,,2026-08-29T19:04:49.126Z,2026-08-29T20:54:41.421Z,6592,2026-08-29T20:54:41.421Z,SFN,Springfield North,dd7385f2-fbd4-41a4-afcd-7296aca5e198,SAMMS-SFNv5
202608292054379955,202608291904435293,202608291904434406,85,368,Bronze INV,br_AdmissionAssessment,TASK_COMPLETE,SUCCESS,INFO,158,158,0,,2026-08-29T19:04:49.126Z,2026-08-29T20:54:41.421Z,6592,2026-08-29T20:54:41.421Z,SHP,Shreveport,dd7385f2-fbd4-41a4-afcd-7296aca5e198,SAMMS-Shreveport
202608292054379956,202608291904435294,202608291904434406,85,370,Bronze INV,br_AdmissionAssessment,TASK_COMPLETE,SUCCESS,INFO,0,0,0,,2026-08-29T19:04:49.126Z,2026-08-29T20:54:41.421Z,6592,2026-08-29T20:54:41.421Z,STN,Staunton,dd7385f2-fbd4-41a4-afcd-7296aca5e198,SAMMS-Staunton
202608292054379957,202608291904435295,202608291904434406,85,371,Bronze INV,br_AdmissionAssessment,TASK_COMPLETE,SUCCESS,INFO,25,25,0,,2026-08-29T19:04:49.126Z,2026-08-29T20:54:41.421Z,6592,2026-08-29T20:54:41.421Z,STVN,Stevenson,dd7385f2-fbd4-41a4-afcd-7296aca5e198,SAMMS-Stevenson
202608292054379958,202608291904435296,202608291904434406,85,373,Bronze INV,br_AdmissionAssessment,TASK_COMPLETE,SUCCESS,INFO,0,0,0,,2026-08-29T19:04:49.126Z,2026-08-29T20:54:41.421Z,6592,2026-08-29T20:54:41.421Z,TE,Tempe,dd7385f2-fbd4-41a4-afcd-7296aca5e198,SAMMS-Tempe
202608292054379959,202608291904435297,202608291904434406,85,374,Bronze INV,br_AdmissionAssessment,TASK_COMPLETE,SUCCESS,INFO,167,167,0,,2026-08-29T19:04:49.126Z,2026-08-29T20:54:41.421Z,6592,2026-08-29T20:54:41.421Z,TEX,Texarkana,dd7385f2-fbd4-41a4-afcd-7296aca5e198,SAMMS-Texarkana
202608292054379960,202608291904435298,202608291904434406,85,375,Bronze INV,br_AdmissionAssessment,TASK_COMPLETE,SUCCESS,INFO,135,135,0,,2026-08-29T19:04:49.126Z,2026-08-29T20:54:41.421Z,6592,2026-08-29T20:54:41.421Z,TTCA,Bessemer,dd7385f2-fbd4-41a4-afcd-7296aca5e198,SAMMS-BessemerV5
202608292054379961,202608291904435299,202608291904434406,85,376,Bronze INV,br_AdmissionAssessment,TASK_COMPLETE,SUCCESS,INFO,157,157,0,,2026-08-29T19:04:49.126Z,2026-08-29T20:54:41.421Z,6592,2026-08-29T20:54:41.421Z,TTCB,Cullman,dd7385f2-fbd4-41a4-afcd-7296aca5e198,SAMMS-CullmanV5
202608292054379963,202608291904435300,202608291904434406,85,377,Bronze INV,br_AdmissionAssessment,TASK_COMPLETE,SUCCESS,INFO,74,74,0,,2026-08-29T19:04:49.126Z,2026-08-29T20:54:41.421Z,6592,2026-08-29T20:54:41.421Z,TTCC,Grand Bay,dd7385f2-fbd4-41a4-afcd-7296aca5e198,SAMMS-GrandBay
202608292054379964,202608291904435301,202608291904434406,85,378,Bronze INV,br_AdmissionAssessment,TASK_COMPLETE,SUCCESS,INFO,1,1,0,,2026-08-29T19:04:49.126Z,2026-08-29T20:54:41.421Z,6592,2026-08-29T20:54:41.421Z,TU,Tucson,dd7385f2-fbd4-41a4-afcd-7296aca5e198,SAMMS-Tucson
202608292054379965,202608291904435302,202608291904434406,85,380,Bronze INV,br_AdmissionAssessment,TASK_COMPLETE,SUCCESS,INFO,58,58,0,,2026-08-29T19:04:49.126Z,2026-08-29T20:54:41.421Z,6592,2026-08-29T20:54:41.421Z,V1,Memphis South,dd7385f2-fbd4-41a4-afcd-7296aca5e198,SAMMS-VCPHCS-I-MemphisV5
202608292054379966,202608291904435303,202608291904434406,85,381,Bronze INV,br_AdmissionAssessment,TASK_COMPLETE,SUCCESS,INFO,130,130,0,,2026-08-29T19:04:49.126Z,2026-08-29T20:54:41.421Z,6592,2026-08-29T20:54:41.421Z,V10,Longmont,dd7385f2-fbd4-41a4-afcd-7296aca5e198,SAMMS-BoulderV5
202608292054379967,202608291904435304,202608291904434406,85,382,Bronze INV,br_AdmissionAssessment,TASK_COMPLETE,SUCCESS,INFO,273,273,0,,2026-08-29T19:04:49.126Z,2026-08-29T20:54:41.421Z,6592,2026-08-29T20:54:41.421Z,V10A,Fort Collins,dd7385f2-fbd4-41a4-afcd-7296aca5e198,SAMMS-FortCollinsV5
202608292054379968,202608291904435305,202608291904434406,85,383,Bronze INV,br_AdmissionAssessment,TASK_COMPLETE,SUCCESS,INFO,203,203,0,,2026-08-29T19:04:49.126Z,2026-08-29T20:54:41.421Z,6592,2026-08-29T20:54:41.421Z,V11,Westminster,dd7385f2-fbd4-41a4-afcd-7296aca5e198,SAMMS-VCPHCS-XI-NorthDenverV5
202608292054379969,202608291904435306,202608291904434406,85,384,Bronze INV,br_AdmissionAssessment,TASK_COMPLETE,SUCCESS,INFO,330,330,0,,2026-08-29T19:04:49.126Z,2026-08-29T20:54:41.421Z,6592,2026-08-29T20:54:41.421Z,V12,Downtown Denver,dd7385f2-fbd4-41a4-afcd-7296aca5e198,SAMMS-VCPHCS-XII-DowntownDenverV5
202608292054379971,202608291904435307,202608291904434406,85,385,Bronze INV,br_AdmissionAssessment,TASK_COMPLETE,SUCCESS,INFO,82,82,0,,2026-08-29T19:04:49.126Z,2026-08-29T20:54:41.421Z,6592,2026-08-29T20:54:41.421Z,V12A,Centennial,dd7385f2-fbd4-41a4-afcd-7296aca5e198,SAMMS-CentennialV5
202608292054379972,202608291904435308,202608291904434406,85,386,Bronze INV,br_AdmissionAssessment,TASK_COMPLETE,SUCCESS,INFO,116,116,0,,2026-08-29T19:04:49.126Z,2026-08-29T20:54:41.421Z,6592,2026-08-29T20:54:41.421Z,V14,Overland Park,dd7385f2-fbd4-41a4-afcd-7296aca5e198,SAMMS-VCPHCS-XIV-BridgewayV5
202608292054379973,202608291904435309,202608291904434406,85,387,Bronze INV,br_AdmissionAssessment,TASK_COMPLETE,SUCCESS,INFO,199,199,0,,2026-08-29T19:04:49.126Z,2026-08-29T20:54:41.421Z,6592,2026-08-29T20:54:41.421Z,V15,Joplin,dd7385f2-fbd4-41a4-afcd-7296aca5e198,SAMMS-JoplinV5
202608292054379974,202608291904435310,202608291904434406,85,389,Bronze INV,br_AdmissionAssessment,TASK_COMPLETE,SUCCESS,INFO,120,120,0,,2026-08-29T19:04:49.126Z,2026-08-29T20:54:41.421Z,6592,2026-08-29T20:54:41.421Z,V17,Columbia TN,dd7385f2-fbd4-41a4-afcd-7296aca5e198,SAMMS-ColumbiaTNv5
202608292054379975,202608291904435311,202608291904434406,85,391,Bronze INV,br_AdmissionAssessment,TASK_COMPLETE,SUCCESS,INFO,145,145,0,,2026-08-29T19:04:49.126Z,2026-08-29T20:54:41.421Z,6592,2026-08-29T20:54:41.421Z,V19,Jackson,dd7385f2-fbd4-41a4-afcd-7296aca5e198,SAMMS-JacksonV5
202608292054379976,202608291904435312,202608291904434406,85,393,Bronze INV,br_AdmissionAssessment,TASK_COMPLETE,SUCCESS,INFO,104,104,0,,2026-08-29T19:04:49.126Z,2026-08-29T20:54:41.421Z,6592,2026-08-29T20:54:41.421Z,V20,Paris,dd7385f2-fbd4-41a4-afcd-7296aca5e198,SAMMS-ParisV5
202608292054379978,202608291904435313,202608291904434406,85,394,Bronze INV,br_AdmissionAssessment,TASK_COMPLETE,SUCCESS,INFO,62,62,0,,2026-08-29T19:04:49.126Z,2026-08-29T20:54:41.421Z,6592,2026-08-29T20:54:41.421Z,V21,Memphis North,dd7385f2-fbd4-41a4-afcd-7296aca5e198,SAMMS-RaleighV5
202608292054379979,202608291904435314,202608291904434406,85,397,Bronze INV,br_AdmissionAssessment,TASK_COMPLETE,SUCCESS,INFO,189,189,0,,2026-08-29T19:04:49.126Z,2026-08-29T20:54:41.421Z,6592,2026-08-29T20:54:41.421Z,V5,West Bank,dd7385f2-fbd4-41a4-afcd-7296aca5e198,SAMMS-NONTCv5
202608292054379980,202608291904435315,202608291904434406,85,399,Bronze INV,br_AdmissionAssessment,TASK_COMPLETE,SUCCESS,INFO,83,83,0,,2026-08-29T19:04:49.126Z,2026-08-29T20:54:41.421Z,6592,2026-08-29T20:54:41.421Z,V5B,Houma,dd7385f2-fbd4-41a4-afcd-7296aca5e198,SAMMS-HoumaV6
202608292054379981,202608291904435316,202608291904434406,85,400,Bronze INV,br_AdmissionAssessment,TASK_COMPLETE,SUCCESS,INFO,235,235,0,,2026-08-29T19:04:49.126Z,2026-08-29T20:54:41.421Z,6592,2026-08-29T20:54:41.421Z,V6,Lake Charles,dd7385f2-fbd4-41a4-afcd-7296aca5e198,SAMMS-LCv5
202608292054379983,202608291904435317,202608291904434406,85,402,Bronze INV,br_AdmissionAssessment,TASK_COMPLETE,SUCCESS,INFO,155,155,0,,2026-08-29T19:04:49.126Z,2026-08-29T20:54:41.421Z,6592,2026-08-29T20:54:41.421Z,V8,Memphis Midtown,dd7385f2-fbd4-41a4-afcd-7296aca5e198,SAMMS-VCPHCS-VIII-MemphisV5
202608292054379984,202608291904435318,202608291904434406,85,403,Bronze INV,br_AdmissionAssessment,TASK_COMPLETE,SUCCESS,INFO,312,312,0,,2026-08-29T19:04:49.126Z,2026-08-29T20:54:41.421Z,6592,2026-08-29T20:54:41.421Z,V9,Nashville,dd7385f2-fbd4-41a4-afcd-7296aca5e198,SAMMS-NashvilleV5
202608292054379985,202608291904435319,202608291904434406,85,404,Bronze INV,br_AdmissionAssessment,TASK_COMPLETE,SUCCESS,INFO,0,0,0,,2026-08-29T19:04:49.126Z,2026-08-29T20:54:41.421Z,6592,2026-08-29T20:54:41.421Z,VBRA,Brainerd,dd7385f2-fbd4-41a4-afcd-7296aca5e198,SAMMS-BrainerdV6
202608292054379986,202608291904435320,202608291904434406,85,405,Bronze INV,br_AdmissionAssessment,TASK_COMPLETE,SUCCESS,INFO,2,2,0,,2026-08-29T19:04:49.126Z,2026-08-29T20:54:41.421Z,6592,2026-08-29T20:54:41.421Z,VBRP,Brooklyn Park,dd7385f2-fbd4-41a4-afcd-7296aca5e198,SAMMS-BrooklynParkV6
202608292054379987,202608291904435321,202608291904434406,85,407,Bronze INV,br_AdmissionAssessment,TASK_COMPLETE,SUCCESS,INFO,3,3,0,,2026-08-29T19:04:49.126Z,2026-08-29T20:54:41.421Z,6592,2026-08-29T20:54:41.421Z,VMIN,Minneapolis,dd7385f2-fbd4-41a4-afcd-7296aca5e198,SAMMS-MinneapolisV6
202608292054379988,202608291904435322,202608291904434406,85,408,Bronze INV,br_AdmissionAssessment,TASK_COMPLETE,SUCCESS,INFO,1,1,0,,2026-08-29T19:04:49.126Z,2026-08-29T20:54:41.421Z,6592,2026-08-29T20:54:41.421Z,VWBY,Woodbury,dd7385f2-fbd4-41a4-afcd-7296aca5e198,SAMMS-WoodburyV6
202608292054379989,202608291904435323,202608291904434406,85,410,Bronze INV,br_AdmissionAssessment,TASK_COMPLETE,SUCCESS,INFO,118,118,0,,2026-08-29T19:04:49.126Z,2026-08-29T20:54:41.421Z,6592,2026-08-29T20:54:41.421Z,WIL,Wilson,dd7385f2-fbd4-41a4-afcd-7296aca5e198,SAMMS-Wilson
202608292054379991,202608291904435324,202608291904434406,85,1518,Bronze INV,br_AdmissionAssessmentSummary,TASK_COMPLETE,SUCCESS,INFO,117,117,0,,2026-08-29T19:04:49.126Z,2026-08-29T20:54:41.421Z,6592,2026-08-29T20:54:41.421Z,AHK,Ahoskie,dd7385f2-fbd4-41a4-afcd-7296aca5e198,SAMMS-Ahoskie
202608292054379992,202608291904435325,202608291904434406,85,1519,Bronze INV,br_AdmissionAssessmentSummary,TASK_COMPLETE,SUCCESS,INFO,806,806,0,,2026-08-29T19:04:49.126Z,2026-08-29T20:54:41.421Z,6592,2026-08-29T20:54:41.421Z,B12B,Colorado Springs,dd7385f2-fbd4-41a4-afcd-7296aca5e198,SAMMS-ColoradoSpringsV5
202608292054379993,202608291904435326,202608291904434406,85,1520,Bronze INV,br_AdmissionAssessmentSummary,TASK_COMPLETE,SUCCESS,INFO,435,435,0,,2026-08-29T19:04:49.126Z,2026-08-29T20:54:41.421Z,6592,2026-08-29T20:54:41.421Z,B24,Paintsville,dd7385f2-fbd4-41a4-afcd-7296aca5e198,SAMMS-PaintsvilleV5
202608292054379994,202608291904435327,202608291904434406,85,1521,Bronze INV,br_AdmissionAssessmentSummary,TASK_COMPLETE,SUCCESS,INFO,174,174,0,,2026-08-29T19:04:49.126Z,2026-08-29T20:54:41.421Z,6592,2026-08-29T20:54:41.421Z,B25,Pikeville,dd7385f2-fbd4-41a4-afcd-7296aca5e198,SAMMS-PikevilleV5
202608292054379995,202608291904435328,202608291904434406,85,1522,Bronze INV,br_AdmissionAssessmentSummary,TASK_COMPLETE,SUCCESS,INFO,501,501,0,,2026-08-29T19:04:49.126Z,2026-08-29T20:54:41.421Z,6592,2026-08-29T20:54:41.421Z,B26,Hazard,dd7385f2-fbd4-41a4-afcd-7296aca5e198,SAMMS-HazardV5
202608292054379996,202608291904435329,202608291904434406,85,1523,Bronze INV,br_AdmissionAssessmentSummary,TASK_COMPLETE,SUCCESS,INFO,199,199,0,,2026-08-29T19:04:49.126Z,2026-08-29T20:54:41.421Z,6592,2026-08-29T20:54:41.421Z,B27,Savannah,dd7385f2-fbd4-41a4-afcd-7296aca5e198,SAMMS-SavannahV6
202608292054379997,202608291904435330,202608291904434406,85,1524,Bronze INV,br_AdmissionAssessmentSummary,TASK_COMPLETE,SUCCESS,INFO,239,239,0,,2026-08-29T19:04:49.126Z,2026-08-29T20:54:41.421Z,6592,2026-08-29T20:54:41.421Z,B28,West Plains,dd7385f2-fbd4-41a4-afcd-7296aca5e198,SAMMS-WestPlainesV5
202608292054379999,202608291904435331,202608291904434406,85,1525,Bronze INV,br_AdmissionAssessmentSummary,TASK_COMPLETE,SUCCESS,INFO,264,264,0,,2026-08-29T19:04:49.126Z,2026-08-29T20:54:41.421Z,6592,2026-08-29T20:54:41.421Z,B29,Poplar Bluff,dd7385f2-fbd4-41a4-afcd-7296aca5e198,SAMMS-PoplarBluffV5
202608292054380000,202608291904435332,202608291904434406,85,1526,Bronze INV,br_AdmissionAssessmentSummary,TASK_COMPLETE,SUCCESS,INFO,166,166,0,,2026-08-29T19:04:49.126Z,2026-08-29T20:54:41.421Z,6592,2026-08-29T20:54:41.421Z,B30,KC North,dd7385f2-fbd4-41a4-afcd-7296aca5e198,SAMMS-KCNv5
202608292054380001,202608291904435333,202608291904434406,85,1527,Bronze INV,br_AdmissionAssessmentSummary,TASK_COMPLETE,SUCCESS,INFO,387,387,0,,2026-08-29T19:04:49.126Z,2026-08-29T20:54:41.421Z,6592,2026-08-29T20:54:41.421Z,B31,Dyersburg,dd7385f2-fbd4-41a4-afcd-7296aca5e198,SAMMS-DyersburgV5
202608292054380002,202608291904435334,202608291904434406,85,1529,Bronze INV,br_AdmissionAssessmentSummary,TASK_COMPLETE,SUCCESS,INFO,217,217,0,,2026-08-29T19:04:49.126Z,2026-08-29T20:54:41.421Z,6592,2026-08-29T20:54:41.421Z,B33,Paducah,dd7385f2-fbd4-41a4-afcd-7296aca5e198,SAMMS-Paducah
202608292054380003,202608291904435335,202608291904434406,85,1530,Bronze INV,br_AdmissionAssessmentSummary,TASK_COMPLETE,SUCCESS,INFO,461,461,0,,2026-08-29T19:04:49.126Z,2026-08-29T20:54:41.421Z,6592,2026-08-29T20:54:41.421Z,B34,Corbin,dd7385f2-fbd4-41a4-afcd-7296aca5e198,SAMMS-CorbinV5
202608292054380004,202608291904435336,202608291904434406,85,1531,Bronze INV,br_AdmissionAssessmentSummary,TASK_COMPLETE,SUCCESS,INFO,738,738,0,,2026-08-29T19:04:49.126Z,2026-08-29T20:54:41.421Z,6592,2026-08-29T20:54:41.421Z,B35,Lexington,dd7385f2-fbd4-41a4-afcd-7296aca5e198,SAMMS-LexingtonV5
202608292054380005,202608291904435337,202608291904434406,85,1532,Bronze INV,br_AdmissionAssessmentSummary,TASK_COMPLETE,SUCCESS,INFO,358,358,0,,2026-08-29T19:04:49.126Z,2026-08-29T20:54:41.421Z,6592,2026-08-29T20:54:41.421Z,B35A,Berea,dd7385f2-fbd4-41a4-afcd-7296aca5e198,SAMMS-BereaV5
202608292054380007,202608291904435338,202608291904434406,85,1533,Bronze INV,br_AdmissionAssessmentSummary,TASK_COMPLETE,SUCCESS,INFO,634,634,0,,2026-08-29T19:04:49.126Z,2026-08-29T20:54:41.421Z,6592,2026-08-29T20:54:41.421Z,B36,Asheville,dd7385f2-fbd4-41a4-afcd-7296aca5e198,SAMMS-AshevilleV5
202608292054380008,202608291904435339,202608291904434406,85,1534,Bronze INV,br_AdmissionAssessmentSummary,TASK_COMPLETE,SUCCESS,INFO,474,474,0,,2026-08-29T19:04:49.126Z,2026-08-29T20:54:41.421Z,6592,2026-08-29T20:54:41.421Z,B37,Clyde,dd7385f2-fbd4-41a4-afcd-7296aca5e198,SAMMS-ClydeV5
202608292054380009,202608291904435340,202608291904434406,85,1535,Bronze INV,br_AdmissionAssessmentSummary,TASK_COMPLETE,SUCCESS,INFO,645,645,0,,2026-08-29T19:04:49.126Z,2026-08-29T20:54:41.421Z,6592,2026-08-29T20:54:41.421Z,B38,Spartanburg,dd7385f2-fbd4-41a4-afcd-7296aca5e198,SAMMS-SpartanburgV5
202608292054380010,202608291904435341,202608291904434406,85,1536,Bronze INV,br_AdmissionAssessmentSummary,TASK_COMPLETE,SUCCESS,INFO,497,497,0,,2026-08-29T19:04:49.126Z,2026-08-29T20:54:41.421Z,6592,2026-08-29T20:54:41.421Z,B39,Aiken,dd7385f2-fbd4-41a4-afcd-7296aca5e198,SAMMS-AikenV5
202608292054380011,202608291904435342,202608291904434406,85,1537,Bronze INV,br_AdmissionAssessmentSummary,TASK_COMPLETE,SUCCESS,INFO,329,329,0,,2026-08-29T19:04:49.126Z,2026-08-29T20:54:41.421Z,6592,2026-08-29T20:54:41.421Z,B41,Chesapeake,dd7385f2-fbd4-41a4-afcd-7296aca5e198,SAMMS-ChesapeakeV5
202608292054380013,202608291904435343,202608291904434406,85,1538,Bronze INV,br_AdmissionAssessmentSummary,TASK_COMPLETE,SUCCESS,INFO,568,568,0,,2026-08-29T19:04:49.126Z,2026-08-29T20:54:41.421Z,6592,2026-08-29T20:54:41.421Z,B42,Virginia Beach,dd7385f2-fbd4-41a4-afcd-7296aca5e198,SAMMS-VirginiaBeachV5
202608292054380014,202608291904435344,202608291904434406,85,1539,Bronze INV,br_AdmissionAssessmentSummary,TASK_COMPLETE,SUCCESS,INFO,175,175,0,,2026-08-29T19:04:49.126Z,2026-08-29T20:54:41.421Z,6592,2026-08-29T20:54:41.421Z,B42A,Newport News,dd7385f2-fbd4-41a4-afcd-7296aca5e198,SAMMS-NewportNewsV5
202608292054380015,202608291904435345,202608291904434406,85,1540,Bronze INV,br_AdmissionAssessmentSummary,TASK_COMPLETE,SUCCESS,INFO,61,61,0,,2026-08-29T19:04:49.126Z,2026-08-29T20:54:41.421Z,6592,2026-08-29T20:54:41.421Z,B42B,Franklin,dd7385f2-fbd4-41a4-afcd-7296aca5e198,SAMMS-FranklinV5
202608292054380016,202608291904435346,202608291904434406,85,1541,Bronze INV,br_AdmissionAssessmentSummary,TASK_COMPLETE,SUCCESS,INFO,352,352,0,,2026-08-29T19:04:49.126Z,2026-08-29T20:54:41.421Z,6592,2026-08-29T20:54:41.421Z,B42C,Glen Allen,dd7385f2-fbd4-41a4-afcd-7296aca5e198,SAMMS-GlenAllenV5
202608292054380017,202608291904435347,202608291904434406,85,1542,Bronze INV,br_AdmissionAssessmentSummary,TASK_COMPLETE,SUCCESS,INFO,176,176,0,,2026-08-29T19:04:49.126Z,2026-08-29T20:54:41.421Z,6592,2026-08-29T20:54:41.421Z,B42D,Chesapeake South,dd7385f2-fbd4-41a4-afcd-7296aca5e198,SAMMS-ChesapeakeSouthV5
202608292054380018,202608291904435348,202608291904434406,85,1543,Bronze INV,br_AdmissionAssessmentSummary,TASK_COMPLETE,SUCCESS,INFO,220,220,0,,2026-08-29T19:04:49.126Z,2026-08-29T20:54:41.421Z,6592,2026-08-29T20:54:41.421Z,B44,Albany,dd7385f2-fbd4-41a4-afcd-7296aca5e198,SAMMS-AlbanyV5
202608292054380019,202608291904435349,202608291904434406,85,1544,Bronze INV,br_AdmissionAssessmentSummary,TASK_COMPLETE,SUCCESS,INFO,313,313,0,,2026-08-29T19:04:49.126Z,2026-08-29T20:54:41.421Z,6592,2026-08-29T20:54:41.421Z,B45,Tifton,dd7385f2-fbd4-41a4-afcd-7296aca5e198,SAMMS-TiftonV5
202608292054380020,202608291904435350,202608291904434406,85,1545,Bronze INV,br_AdmissionAssessmentSummary,TASK_COMPLETE,SUCCESS,INFO,714,714,0,,2026-08-29T19:04:49.126Z,2026-08-29T20:54:41.421Z,6592,2026-08-29T20:54:41.421Z,B46,Washington DC,dd7385f2-fbd4-41a4-afcd-7296aca5e198,SAMMS-WashingtonDCv5
202608292054380022,202608291904435351,202608291904434406,85,1546,Bronze INV,br_AdmissionAssessmentSummary,TASK_COMPLETE,SUCCESS,INFO,412,412,0,,2026-08-29T19:04:49.126Z,2026-08-29T20:54:41.421Z,6592,2026-08-29T20:54:41.421Z,B47,Mobile,dd7385f2-fbd4-41a4-afcd-7296aca5e198,SAMMS-MobileV5
202608292054380023,202608291904435352,202608291904434406,85,1547,Bronze INV,br_AdmissionAssessmentSummary,TASK_COMPLETE,SUCCESS,INFO,481,481,0,,2026-08-29T19:04:49.126Z,2026-08-29T20:54:41.421Z,6592,2026-08-29T20:54:41.421Z,B48,Tuscaloosa,dd7385f2-fbd4-41a4-afcd-7296aca5e198,SAMMS-TuscaloosaV5
202609022122571065,202609021903206678,202609021903206075,85,2477,Bronze INV,br_LabResultDetail,TASK_COMPLETE,SUCCESS,INFO,262,262,0,,2026-09-02T19:03:39.838Z,2026-09-02T21:23:00.812Z,8361,2026-09-02T21:23:00.812Z,B52,Jackson GA,c49685cc-3281-44bc-a1c2-3be5b1110999,SAMMS-JacksonGAV5
202609022122571066,202609021903206679,202609021903206075,85,2478,Bronze INV,br_LabResultDetail,TASK_COMPLETE,SUCCESS,INFO,2682,2682,0,,2026-09-02T19:03:39.838Z,2026-09-02T21:23:00.812Z,8361,2026-09-02T21:23:00.812Z,B54,Gadsden,c49685cc-3281-44bc-a1c2-3be5b1110999,SAMMS-GadsdenV5
202609022122571067,202609021903206680,202609021903206075,85,2479,Bronze INV,br_LabResultDetail,TASK_COMPLETE,SUCCESS,INFO,683,683,0,,2026-09-02T19:03:39.838Z,2026-09-02T21:23:00.812Z,8361,2026-09-02T21:23:00.812Z,B55,Shoals,c49685cc-3281-44bc-a1c2-3be5b1110999,SAMMS-ShoalsV5
202609022122571069,202609021903206681,202609021903206075,85,2480,Bronze INV,br_LabResultDetail,TASK_COMPLETE,SUCCESS,INFO,4,4,0,,2026-09-02T19:03:39.838Z,2026-09-02T21:23:00.812Z,8361,2026-09-02T21:23:00.812Z,B57,Pawtucket,c49685cc-3281-44bc-a1c2-3be5b1110999,SAMMS-Pawtucket
202609022122571070,202609021903206682,202609021903206075,85,2481,Bronze INV,br_LabResultDetail,TASK_COMPLETE,SUCCESS,INFO,6,6,0,,2026-09-02T19:03:39.838Z,2026-09-02T21:23:00.812Z,8361,2026-09-02T21:23:00.812Z,B57A,Johnston,c49685cc-3281-44bc-a1c2-3be5b1110999,SAMMS-Johnston
202609022122571071,202609021903206683,202609021903206075,85,2482,Bronze INV,br_LabResultDetail,TASK_COMPLETE,SUCCESS,INFO,9,9,0,,2026-09-02T19:03:39.838Z,2026-09-02T21:23:00.812Z,8361,2026-09-02T21:23:00.812Z,B57B,Middletown,c49685cc-3281-44bc-a1c2-3be5b1110999,SAMMS-Middletown
202609022122571072,202609021903206684,202609021903206075,85,2483,Bronze INV,br_LabResultDetail,TASK_COMPLETE,SUCCESS,INFO,3,3,0,,2026-09-02T19:03:39.838Z,2026-09-02T21:23:00.812Z,8361,2026-09-02T21:23:00.812Z,B57C,Providence,c49685cc-3281-44bc-a1c2-3be5b1110999,SAMMS-Providence
202609022122571073,202609021903206685,202609021903206075,85,2484,Bronze INV,br_LabResultDetail,TASK_COMPLETE,SUCCESS,INFO,3,3,0,,2026-09-02T19:03:39.838Z,2026-09-02T21:23:00.812Z,8361,2026-09-02T21:23:00.812Z,B57D,Westerly,c49685cc-3281-44bc-a1c2-3be5b1110999,SAMMS-Westerly
202609022122571074,202609021903206686,202609021903206075,85,2488,Bronze INV,br_LabResultDetail,TASK_COMPLETE,SUCCESS,INFO,4,4,0,,2026-09-02T19:03:39.838Z,2026-09-02T21:23:00.812Z,8361,2026-09-02T21:23:00.812Z,B66A,Bremen,c49685cc-3281-44bc-a1c2-3be5b1110999,SAMMS-Bremen
202609022122571075,202609021903206687,202609021903206075,85,2491,Bronze INV,br_LabResultDetail,TASK_COMPLETE,SUCCESS,INFO,6,6,0,,2026-09-02T19:03:39.838Z,2026-09-02T21:23:00.812Z,8361,2026-09-02T21:23:00.812Z,B72,Mobile (OBOT),c49685cc-3281-44bc-a1c2-3be5b1110999,SAMMS-Mobile-OBOT
202609022122571077,202609021903206688,202609021903206075,85,2492,Bronze INV,br_LabResultDetail,TASK_COMPLETE,SUCCESS,INFO,2,2,0,,2026-09-02T19:03:39.838Z,2026-09-02T21:23:00.812Z,8361,2026-09-02T21:23:00.812Z,B73,Montgomery,c49685cc-3281-44bc-a1c2-3be5b1110999,SAMMS-Montgomery
202609022122571078,202609021903206689,202609021903206075,85,2493,Bronze INV,br_LabResultDetail,TASK_COMPLETE,SUCCESS,INFO,516,516,0,,2026-09-02T19:03:39.838Z,2026-09-02T21:23:00.812Z,8361,2026-09-02T21:23:00.812Z,B75,Lawrence,c49685cc-3281-44bc-a1c2-3be5b1110999,SAMMS-LawrenceV6
202609022122571079,202609021903206690,202609021903206075,85,2494,Bronze INV,br_LabResultDetail,TASK_COMPLETE,SUCCESS,INFO,1,1,0,,2026-09-02T19:03:39.838Z,2026-09-02T21:23:00.812Z,8361,2026-09-02T21:23:00.812Z,B76,Huntsville OBOT,c49685cc-3281-44bc-a1c2-3be5b1110999,SAMMS-Huntsville-OBOT
202609022122571080,202609021903206691,202609021903206075,85,2495,Bronze INV,br_LabResultDetail,TASK_COMPLETE,SUCCESS,INFO,8,8,0,,2026-09-02T19:03:39.838Z,2026-09-02T21:23:00.812Z,8361,2026-09-02T21:23:00.812Z,BAT,Batesville,c49685cc-3281-44bc-a1c2-3be5b1110999,SAMMS-Batesville
202609022122571081,202609021903206692,202609021903206075,85,2496,Bronze INV,br_LabResultDetail,TASK_COMPLETE,SUCCESS,INFO,2977,2977,0,,2026-09-02T19:03:39.838Z,2026-09-02T21:23:00.812Z,8361,2026-09-02T21:23:00.812Z,BG,Bowling Green,c49685cc-3281-44bc-a1c2-3be5b1110999,SAMMS-BowlingGreen
202609022122571082,202609021903206693,202609021903206075,85,2497,Bronze INV,br_LabResultDetail,TASK_COMPLETE,SUCCESS,INFO,192,192,0,,2026-09-02T19:03:39.838Z,2026-09-02T21:23:00.812Z,8361,2026-09-02T21:23:00.812Z,BOI,Boise,c49685cc-3281-44bc-a1c2-3be5b1110999,SAMMS-Boise
202609022122571083,202609021903206694,202609021903206075,85,2504,Bronze INV,br_LabResultDetail,TASK_COMPLETE,SUCCESS,INFO,239,239,0,,2026-09-02T19:03:39.838Z,2026-09-02T21:23:00.812Z,8361,2026-09-02T21:23:00.812Z,CBCO,Coeur dAlene,c49685cc-3281-44bc-a1c2-3be5b1110999,SAMMS-CoeurdAleneV6
202609022122571084,202609021903206695,202609021903206075,85,2523,Bronze INV,br_LabResultDetail,TASK_COMPLETE,SUCCESS,INFO,2,2,0,,2026-09-02T19:03:39.838Z,2026-09-02T21:23:00.812Z,8361,2026-09-02T21:23:00.812Z,CON,Conway,c49685cc-3281-44bc-a1c2-3be5b1110999,SAMMS-Conway
202609022122571086,202609021903206696,202609021903206075,85,2524,Bronze INV,br_LabResultDetail,TASK_COMPLETE,SUCCESS,INFO,15,15,0,,2026-09-02T19:03:39.838Z,2026-09-02T21:23:00.812Z,8361,2026-09-02T21:23:00.812Z,D07,Medical Services Knox TN,c49685cc-3281-44bc-a1c2-3be5b1110999,SAMMS-KnoxvilleV6
202609022122571087,202609021903206697,202609021903206075,85,2525,Bronze INV,br_LabResultDetail,TASK_COMPLETE,SUCCESS,INFO,1002,1002,0,,2026-09-02T19:03:39.838Z,2026-09-02T21:23:00.812Z,8361,2026-09-02T21:23:00.812Z,D08,Madison,c49685cc-3281-44bc-a1c2-3be5b1110999,SAMMS-MadisonV6
202609022122571088,202609021903206698,202609021903206075,85,2527,Bronze INV,br_LabResultDetail,TASK_COMPLETE,SUCCESS,INFO,720,720,0,,2026-09-02T19:03:39.838Z,2026-09-02T21:23:00.812Z,8361,2026-09-02T21:23:00.812Z,D09,Murfreesboro,c49685cc-3281-44bc-a1c2-3be5b1110999,SAMMS-MurfreesboroV6
202609022122571089,202609021903206699,202609021903206075,85,2528,Bronze INV,br_LabResultDetail,TASK_COMPLETE,SUCCESS,INFO,7,7,0,,2026-09-02T19:03:39.838Z,2026-09-02T21:23:00.812Z,8361,2026-09-02T21:23:00.812Z,DA,Davenport,c49685cc-3281-44bc-a1c2-3be5b1110999,SAMMS-Davenport
202609022122571090,202609021903206700,202609021903206075,85,2529,Bronze INV,br_LabResultDetail,TASK_COMPLETE,SUCCESS,INFO,2759,2759,0,,2026-09-02T19:03:39.838Z,2026-09-02T21:23:00.812Z,8361,2026-09-02T21:23:00.812Z,DM,Des Moines,c49685cc-3281-44bc-a1c2-3be5b1110999,SAMMS-DesMoines
202609022122571091,202609021903206701,202609021903206075,85,2531,Bronze INV,br_LabResultDetail,TASK_COMPLETE,SUCCESS,INFO,3524,3524,0,,2026-09-02T19:03:39.838Z,2026-09-02T21:23:00.812Z,8361,2026-09-02T21:23:00.812Z,DRD-CO,Columbia MO,c49685cc-3281-44bc-a1c2-3be5b1110999,SAMMS-ColumbiaV5
202609022122571092,202609021903206702,202609021903206075,85,2532,Bronze INV,br_LabResultDetail,TASK_COMPLETE,SUCCESS,INFO,3426,3426,0,,2026-09-02T19:03:39.838Z,2026-09-02T21:23:00.812Z,8361,2026-09-02T21:23:00.812Z,DRD-KC,KC,c49685cc-3281-44bc-a1c2-3be5b1110999,SAMMS-KCv5
202609022122571093,202609021903206703,202609021903206075,85,2533,Bronze INV,br_LabResultDetail,TASK_COMPLETE,SUCCESS,INFO,19669,19669,0,,2026-09-02T19:03:39.838Z,2026-09-02T21:23:00.812Z,8361,2026-09-02T21:23:00.812Z,DRD-KVB,KVB,c49685cc-3281-44bc-a1c2-3be5b1110999,SAMMS-KVBv5
202609022122571095,202609021903206704,202609021903206075,85,2534,Bronze INV,br_LabResultDetail,TASK_COMPLETE,SUCCESS,INFO,23769,23769,0,,2026-09-02T19:03:39.838Z,2026-09-02T21:23:00.812Z,8361,2026-09-02T21:23:00.812Z,DRD-KVC,KVC,c49685cc-3281-44bc-a1c2-3be5b1110999,SAMMS-KVCv5
202609022122571096,202609021903206705,202609021903206075,85,2535,Bronze INV,br_LabResultDetail,TASK_COMPLETE,SUCCESS,INFO,6438,6438,0,,2026-09-02T19:03:39.838Z,2026-09-02T21:23:00.812Z,8361,2026-09-02T21:23:00.812Z,DRD-NOLA,NOLA,c49685cc-3281-44bc-a1c2-3be5b1110999,SAMMS-NOLAv5
202609022122571097,202609021903206706,202609021903206075,85,2536,Bronze INV,br_LabResultDetail,TASK_COMPLETE,SUCCESS,INFO,5744,5744,0,,2026-09-02T19:03:39.838Z,2026-09-02T21:23:00.812Z,8361,2026-09-02T21:23:00.812Z,DRD-SF,Springfield,c49685cc-3281-44bc-a1c2-3be5b1110999,SAMMS-SFv5
202609022122571098,202609021903206707,202609021903206075,85,2538,Bronze INV,br_LabResultDetail,TASK_COMPLETE,SUCCESS,INFO,16778,16778,0,,2026-09-02T19:03:39.838Z,2026-09-02T21:23:00.812Z,8361,2026-09-02T21:23:00.812Z,ELC,Elizabeth City,c49685cc-3281-44bc-a1c2-3be5b1110999,SAMMS-ElizabethCity
202609022122571099,202609021903206708,202609021903206075,85,2539,Bronze INV,br_LabResultDetail,TASK_COMPLETE,SUCCESS,INFO,3113,3113,0,,2026-09-02T19:03:39.838Z,2026-09-02T21:23:00.812Z,8361,2026-09-02T21:23:00.812Z,ET,Elizabethtown,c49685cc-3281-44bc-a1c2-3be5b1110999,SAMMS-Elizabethtown
202609022122571100,202609021903206709,202609021903206075,85,2540,Bronze INV,br_LabResultDetail,TASK_COMPLETE,SUCCESS,INFO,2,2,0,,2026-09-02T19:03:39.838Z,2026-09-02T21:23:00.812Z,8361,2026-09-02T21:23:00.812Z,FAY,Fayetteville,c49685cc-3281-44bc-a1c2-3be5b1110999,SAMMS-Fayetteville
202609022122571101,202609021903206710,202609021903206075,85,2541,Bronze INV,br_LabResultDetail,TASK_COMPLETE,SUCCESS,INFO,14063,14063,0,,2026-09-02T19:03:39.838Z,2026-09-02T21:23:00.812Z,8361,2026-09-02T21:23:00.812Z,FR,Frankfort,c49685cc-3281-44bc-a1c2-3be5b1110999,SAMMS-Frankfort
202609022122571102,202609021903206711,202609021903206075,85,2542,Bronze INV,br_LabResultDetail,TASK_COMPLETE,SUCCESS,INFO,3,3,0,,2026-09-02T19:03:39.838Z,2026-09-02T21:23:00.812Z,8361,2026-09-02T21:23:00.812Z,FS,Fort Smith,c49685cc-3281-44bc-a1c2-3be5b1110999,SAMMS-FortSmith
202609022122571103,202609021903206712,202609021903206075,85,2543,Bronze INV,br_LabResultDetail,TASK_COMPLETE,SUCCESS,INFO,9190,9190,0,,2026-09-02T19:03:39.838Z,2026-09-02T21:23:00.812Z,8361,2026-09-02T21:23:00.812Z,FW,Fort Wayne,c49685cc-3281-44bc-a1c2-3be5b1110999,SAMMS-FortWayne
202609022122571105,202609021903206713,202609021903206075,85,2544,Bronze INV,br_LabResultDetail,TASK_COMPLETE,SUCCESS,INFO,4,4,0,,2026-09-02T19:03:39.838Z,2026-09-02T21:23:00.812Z,8361,2026-09-02T21:23:00.812Z,GAL,Gaylord,c49685cc-3281-44bc-a1c2-3be5b1110999,SAMMS-Gaylord
202609022122571106,202609021903206714,202609021903206075,85,2548,Bronze INV,br_LabResultDetail,TASK_COMPLETE,SUCCESS,INFO,4789,4789,0,,2026-09-02T19:03:39.838Z,2026-09-02T21:23:00.812Z,8361,2026-09-02T21:23:00.812Z,HGT,Hagerstown,c49685cc-3281-44bc-a1c2-3be5b1110999,SAMMS-Hagerstown
202609022122571107,202609021903206715,202609021903206075,85,2549,Bronze INV,br_LabResultDetail,TASK_COMPLETE,SUCCESS,INFO,647,647,0,,2026-09-02T19:03:39.838Z,2026-09-02T21:23:00.812Z,8361,2026-09-02T21:23:00.812Z,HNT,Huntsville,c49685cc-3281-44bc-a1c2-3be5b1110999,SAMMS-Huntsville
202609022122571108,202609021903206716,202609021903206075,85,2550,Bronze INV,br_LabResultDetail,TASK_COMPLETE,SUCCESS,INFO,2,2,0,,2026-09-02T19:03:39.838Z,2026-09-02T21:23:00.812Z,8361,2026-09-02T21:23:00.812Z,HS,Hot Springs,c49685cc-3281-44bc-a1c2-3be5b1110999,SAMMS-HotSprings
202609022122571109,202609021903206717,202609021903206075,85,2551,Bronze INV,br_LabResultDetail,TASK_COMPLETE,SUCCESS,INFO,4,4,0,,2026-09-02T19:03:39.838Z,2026-09-02T21:23:00.812Z,8361,2026-09-02T21:23:00.812Z,JON,Jonesboro,c49685cc-3281-44bc-a1c2-3be5b1110999,SAMMS-Jonesboro
202609022122571110,202609021903206718,202609021903206075,85,2553,Bronze INV,br_LabResultDetail,TASK_COMPLETE,SUCCESS,INFO,4,4,0,,2026-09-02T19:03:39.838Z,2026-09-02T21:23:00.812Z,8361,2026-09-02T21:23:00.812Z,LAN,Lansing,c49685cc-3281-44bc-a1c2-3be5b1110999,SAMMS-Lansing
202609022122571111,202609021903206719,202609021903206075,85,2554,Bronze INV,br_LabResultDetail,TASK_COMPLETE,SUCCESS,INFO,88941,88941,0,,2026-09-02T19:03:39.838Z,2026-09-02T21:23:00.812Z,8361,2026-09-02T21:23:00.812Z,LO,Louisville,c49685cc-3281-44bc-a1c2-3be5b1110999,SAMMS-Louisville
202609022122571112,202609021903206720,202609021903206075,85,2555,Bronze INV,br_LabResultDetail,TASK_COMPLETE,SUCCESS,INFO,6536,6536,0,,2026-09-02T19:03:39.838Z,2026-09-02T21:23:00.812Z,8361,2026-09-02T21:23:00.812Z,LV1,Cheyenne,c49685cc-3281-44bc-a1c2-3be5b1110999,SAMMS-Cheyenne
202609022122571114,202609021903206721,202609021903206075,85,2556,Bronze INV,br_LabResultDetail,TASK_COMPLETE,SUCCESS,INFO,9491,9491,0,,2026-09-02T19:03:39.838Z,2026-09-02T21:23:00.812Z,8361,2026-09-02T21:23:00.812Z,LV2,Desert Inn,c49685cc-3281-44bc-a1c2-3be5b1110999,SAMMS-DesertInn
202609022122571115,202609021903206722,202609021903206075,85,2557,Bronze INV,br_LabResultDetail,TASK_COMPLETE,SUCCESS,INFO,1882,1882,0,,2026-09-02T19:03:39.838Z,2026-09-02T21:23:00.812Z,8361,2026-09-02T21:23:00.812Z,LV3,McDaniel,c49685cc-3281-44bc-a1c2-3be5b1110999,SAMMS-McDaniel
202609022122571116,202609021903206723,202609021903206075,85,2560,Bronze INV,br_LabResultDetail,TASK_COMPLETE,SUCCESS,INFO,3,3,0,,2026-09-02T19:03:39.838Z,2026-09-02T21:23:00.812Z,8361,2026-09-02T21:23:00.812Z,MNRE,Monroe,c49685cc-3281-44bc-a1c2-3be5b1110999,SAMMS-Monroe
202609022122571117,202609021903206724,202609021903206075,85,2561,Bronze INV,br_LabResultDetail,TASK_COMPLETE,SUCCESS,INFO,2,2,0,,2026-09-02T19:03:39.838Z,2026-09-02T21:23:00.812Z,8361,2026-09-02T21:23:00.812Z,MP,Mt. Pleasant,c49685cc-3281-44bc-a1c2-3be5b1110999,SAMMS-MtPleasant
202609022122571118,202609021903206725,202609021903206075,85,2562,Bronze INV,br_LabResultDetail,TASK_COMPLETE,SUCCESS,INFO,263,263,0,,2026-09-02T19:03:39.838Z,2026-09-02T21:23:00.812Z,8361,2026-09-02T21:23:00.812Z,MRD,Meridian,c49685cc-3281-44bc-a1c2-3be5b1110999,SAMMS-Meridian
202609022122571119,202609021903206726,202609021903206075,85,2567,Bronze INV,br_LabResultDetail,TASK_COMPLETE,SUCCESS,INFO,15250,15250,0,,2026-09-02T19:03:39.838Z,2026-09-02T21:23:00.812Z,8361,2026-09-02T21:23:00.812Z,NC,North Charleston,c49685cc-3281-44bc-a1c2-3be5b1110999,SAMMS-NorthCharleston
202609022122571120,202609021903206727,202609021903206075,85,2568,Bronze INV,br_LabResultDetail,TASK_COMPLETE,SUCCESS,INFO,3,3,0,,2026-09-02T19:03:39.838Z,2026-09-02T21:23:00.812Z,8361,2026-09-02T21:23:00.812Z,NLR,N. Little Rock,c49685cc-3281-44bc-a1c2-3be5b1110999,SAMMS-NLROBOT
202609022122571121,202609021903206728,202609021903206075,85,2569,Bronze INV,br_LabResultDetail,TASK_COMPLETE,SUCCESS,INFO,4833,4833,0,,2026-09-02T19:03:39.838Z,2026-09-02T21:23:00.812Z,8361,2026-09-02T21:23:00.812Z,PH,Phoenix,c49685cc-3281-44bc-a1c2-3be5b1110999,SAMMS-Phoenix
202609022122571122,202609021903206729,202609021903206075,85,2573,Bronze INV,br_LabResultDetail,TASK_COMPLETE,SUCCESS,INFO,62967,62967,0,,2026-09-02T19:03:39.838Z,2026-09-02T21:23:00.812Z,8361,2026-09-02T21:23:00.812Z,RE,Reno,c49685cc-3281-44bc-a1c2-3be5b1110999,SAMMS-Reno
202609022122571124,202609021903206730,202609021903206075,85,2574,Bronze INV,br_LabResultDetail,TASK_COMPLETE,SUCCESS,INFO,2439,2439,0,,2026-09-02T19:03:39.838Z,2026-09-02T21:23:00.812Z,8361,2026-09-02T21:23:00.812Z,RMD,Richmond,c49685cc-3281-44bc-a1c2-3be5b1110999,SAMMS-Richmond
202609022122571125,202609021903206731,202609021903206075,85,2575,Bronze INV,br_LabResultDetail,TASK_COMPLETE,SUCCESS,INFO,3714,3714,0,,2026-09-02T19:03:39.838Z,2026-09-02T21:23:00.812Z,8361,2026-09-02T21:23:00.812Z,SFN,Springfield North,c49685cc-3281-44bc-a1c2-3be5b1110999,SAMMS-SFNv5
202609022122571126,202609021903206732,202609021903206075,85,2576,Bronze INV,br_LabResultDetail,TASK_COMPLETE,SUCCESS,INFO,331,331,0,,2026-09-02T19:03:39.838Z,2026-09-02T21:23:00.812Z,8361,2026-09-02T21:23:00.812Z,SHP,Shreveport,c49685cc-3281-44bc-a1c2-3be5b1110999,SAMMS-Shreveport
202609022122571127,202609021903206733,202609021903206075,85,2578,Bronze INV,br_LabResultDetail,TASK_COMPLETE,SUCCESS,INFO,6,6,0,,2026-09-02T19:03:39.838Z,2026-09-02T21:23:00.812Z,8361,2026-09-02T21:23:00.812Z,STN,Staunton,c49685cc-3281-44bc-a1c2-3be5b1110999,SAMMS-Staunton
202609022122571128,202609021903206734,202609021903206075,85,2579,Bronze INV,br_LabResultDetail,TASK_COMPLETE,SUCCESS,INFO,463,463,0,,2026-09-02T19:03:39.838Z,2026-09-02T21:23:00.812Z,8361,2026-09-02T21:23:00.812Z,STVN,Stevenson,c49685cc-3281-44bc-a1c2-3be5b1110999,SAMMS-Stevenson
202609022122571129,202609021903206735,202609021903206075,85,2581,Bronze INV,br_LabResultDetail,TASK_COMPLETE,SUCCESS,INFO,18155,18155,0,,2026-09-02T19:03:39.838Z,2026-09-02T21:23:00.812Z,8361,2026-09-02T21:23:00.812Z,TE,Tempe,c49685cc-3281-44bc-a1c2-3be5b1110999,SAMMS-Tempe
202609022122571130,202609021903206736,202609021903206075,85,2582,Bronze INV,br_LabResultDetail,TASK_COMPLETE,SUCCESS,INFO,4,4,0,,2026-09-02T19:03:39.838Z,2026-09-02T21:23:00.812Z,8361,2026-09-02T21:23:00.812Z,TEX,Texarkana,c49685cc-3281-44bc-a1c2-3be5b1110999,SAMMS-Texarkana
202609022122571131,202609021903206737,202609021903206075,85,2583,Bronze INV,br_LabResultDetail,TASK_COMPLETE,SUCCESS,INFO,1725,1725,0,,2026-09-02T19:03:39.838Z,2026-09-02T21:23:00.812Z,8361,2026-09-02T21:23:00.812Z,TTCA,Bessemer,c49685cc-3281-44bc-a1c2-3be5b1110999,SAMMS-BessemerV5
202609022122571133,202609021903206738,202609021903206075,85,2584,Bronze INV,br_LabResultDetail,TASK_COMPLETE,SUCCESS,INFO,2150,2150,0,,2026-09-02T19:03:39.838Z,2026-09-02T21:23:00.812Z,8361,2026-09-02T21:23:00.812Z,TTCB,Cullman,c49685cc-3281-44bc-a1c2-3be5b1110999,SAMMS-CullmanV5
202609022122571134,202609021903206739,202609021903206075,85,2585,Bronze INV,br_LabResultDetail,TASK_COMPLETE,SUCCESS,INFO,4,4,0,,2026-09-02T19:03:39.838Z,2026-09-02T21:23:00.812Z,8361,2026-09-02T21:23:00.812Z,TTCC,Grand Bay,c49685cc-3281-44bc-a1c2-3be5b1110999,SAMMS-GrandBay
202609022122571135,202609021903206740,202609021903206075,85,2586,Bronze INV,br_LabResultDetail,TASK_COMPLETE,SUCCESS,INFO,1162,1162,0,,2026-09-02T19:03:39.838Z,2026-09-02T21:23:00.812Z,8361,2026-09-02T21:23:00.812Z,TU,Tucson,c49685cc-3281-44bc-a1c2-3be5b1110999,SAMMS-Tucson
202609022122571136,202609021903206741,202609021903206075,85,2588,Bronze INV,br_LabResultDetail,TASK_COMPLETE,SUCCESS,INFO,5377,5377,0,,2026-09-02T19:03:39.838Z,2026-09-02T21:23:00.812Z,8361,2026-09-02T21:23:00.812Z,V1,Memphis South,c49685cc-3281-44bc-a1c2-3be5b1110999,SAMMS-VCPHCS-I-MemphisV5
202609022122571137,202609021903206742,202609021903206075,85,2589,Bronze INV,br_LabResultDetail,TASK_COMPLETE,SUCCESS,INFO,6292,6292,0,,2026-09-02T19:03:39.838Z,2026-09-02T21:23:00.812Z,8361,2026-09-02T21:23:00.812Z,V10,Longmont,c49685cc-3281-44bc-a1c2-3be5b1110999,SAMMS-BoulderV5
202609022122571138,202609021903206743,202609021903206075,85,2590,Bronze INV,br_LabResultDetail,TASK_COMPLETE,SUCCESS,INFO,3585,3585,0,,2026-09-02T19:03:39.838Z,2026-09-02T21:23:00.812Z,8361,2026-09-02T21:23:00.812Z,V10A,Fort Collins,c49685cc-3281-44bc-a1c2-3be5b1110999,SAMMS-FortCollinsV5
202609022122571139,202609021903206744,202609021903206075,85,2591,Bronze INV,br_LabResultDetail,TASK_COMPLETE,SUCCESS,INFO,7593,7593,0,,2026-09-02T19:03:39.838Z,2026-09-02T21:23:00.812Z,8361,2026-09-02T21:23:00.812Z,V11,Westminster,c49685cc-3281-44bc-a1c2-3be5b1110999,SAMMS-VCPHCS-XI-NorthDenverV5
202609022122571141,202609021903206745,202609021903206075,85,2592,Bronze INV,br_LabResultDetail,TASK_COMPLETE,SUCCESS,INFO,10352,10352,0,,2026-09-02T19:03:39.838Z,2026-09-02T21:23:00.812Z,8361,2026-09-02T21:23:00.812Z,V12,Downtown Denver,c49685cc-3281-44bc-a1c2-3be5b1110999,SAMMS-VCPHCS-XII-DowntownDenverV5
202609022122571142,202609021903206746,202609021903206075,85,2593,Bronze INV,br_LabResultDetail,TASK_COMPLETE,SUCCESS,INFO,4857,4857,0,,2026-09-02T19:03:39.838Z,2026-09-02T21:23:00.812Z,8361,2026-09-02T21:23:00.812Z,V12A,Centennial,c49685cc-3281-44bc-a1c2-3be5b1110999,SAMMS-CentennialV5
202609022122571143,202609021903206747,202609021903206075,85,2594,Bronze INV,br_LabResultDetail,TASK_COMPLETE,SUCCESS,INFO,3391,3391,0,,2026-09-02T19:03:39.838Z,2026-09-02T21:23:00.812Z,8361,2026-09-02T21:23:00.812Z,V14,Overland Park,c49685cc-3281-44bc-a1c2-3be5b1110999,SAMMS-VCPHCS-XIV-BridgewayV5
202609022122571144,202609021903206748,202609021903206075,85,2595,Bronze INV,br_LabResultDetail,TASK_COMPLETE,SUCCESS,INFO,2921,2921,0,,2026-09-02T19:03:39.838Z,2026-09-02T21:23:00.812Z,8361,2026-09-02T21:23:00.812Z,V15,Joplin,c49685cc-3281-44bc-a1c2-3be5b1110999,SAMMS-JoplinV5
202609022122571145,202609021903206749,202609021903206075,85,2597,Bronze INV,br_LabResultDetail,TASK_COMPLETE,SUCCESS,INFO,1345,1345,0,,2026-09-02T19:03:39.838Z,2026-09-02T21:23:00.812Z,8361,2026-09-02T21:23:00.812Z,V17,Columbia TN,c49685cc-3281-44bc-a1c2-3be5b1110999,SAMMS-ColumbiaTNv5
202609022122571146,202609021903206750,202609021903206075,85,2599,Bronze INV,br_LabResultDetail,TASK_COMPLETE,SUCCESS,INFO,5132,5132,0,,2026-09-02T19:03:39.838Z,2026-09-02T21:23:00.812Z,8361,2026-09-02T21:23:00.812Z,V19,Jackson,c49685cc-3281-44bc-a1c2-3be5b1110999,SAMMS-JacksonV5
202609022122571147,202609021903206751,202609021903206075,85,2601,Bronze INV,br_LabResultDetail,TASK_COMPLETE,SUCCESS,INFO,7055,7055,0,,2026-09-02T19:03:39.838Z,2026-09-02T21:23:00.812Z,8361,2026-09-02T21:23:00.812Z,V20,Paris,c49685cc-3281-44bc-a1c2-3be5b1110999,SAMMS-ParisV5
202609022122571148,202609021903206752,202609021903206075,85,2602,Bronze INV,br_LabResultDetail,TASK_COMPLETE,SUCCESS,INFO,6088,6088,0,,2026-09-02T19:03:39.838Z,2026-09-02T21:23:00.812Z,8361,2026-09-02T21:23:00.812Z,V21,Memphis North,c49685cc-3281-44bc-a1c2-3be5b1110999,SAMMS-RaleighV5
202609022122571149,202609021903206753,202609021903206075,85,2605,Bronze INV,br_LabResultDetail,TASK_COMPLETE,SUCCESS,INFO,7051,7051,0,,2026-09-02T19:03:39.838Z,2026-09-02T21:23:00.812Z,8361,2026-09-02T21:23:00.812Z,V5,West Bank,c49685cc-3281-44bc-a1c2-3be5b1110999,SAMMS-NONTCv5
202609022122571151,202609021903206754,202609021903206075,85,2607,Bronze INV,br_LabResultDetail,TASK_COMPLETE,SUCCESS,INFO,534,534,0,,2026-09-02T19:03:39.838Z,2026-09-02T21:23:00.812Z,8361,2026-09-02T21:23:00.812Z,V5B,Houma,c49685cc-3281-44bc-a1c2-3be5b1110999,SAMMS-HoumaV6
202609022122571152,202609021903206755,202609021903206075,85,2608,Bronze INV,br_LabResultDetail,TASK_COMPLETE,SUCCESS,INFO,4817,4817,0,,2026-09-02T19:03:39.838Z,2026-09-02T21:23:00.812Z,8361,2026-09-02T21:23:00.812Z,V6,Lake Charles,c49685cc-3281-44bc-a1c2-3be5b1110999,SAMMS-LCv5
202609022122571153,202609021903206756,202609021903206075,85,2610,Bronze INV,br_LabResultDetail,TASK_COMPLETE,SUCCESS,INFO,19830,19830,0,,2026-09-02T19:03:39.838Z,2026-09-02T21:23:00.812Z,8361,2026-09-02T21:23:00.812Z,V8,Memphis Midtown,c49685cc-3281-44bc-a1c2-3be5b1110999,SAMMS-VCPHCS-VIII-MemphisV5
202609022122571154,202609021903206757,202609021903206075,85,2611,Bronze INV,br_LabResultDetail,TASK_COMPLETE,SUCCESS,INFO,17657,17657,0,,2026-09-02T19:03:39.838Z,2026-09-02T21:23:00.812Z,8361,2026-09-02T21:23:00.812Z,V9,Nashville,c49685cc-3281-44bc-a1c2-3be5b1110999,SAMMS-NashvilleV5
202609022122571155,202609021903206758,202609021903206075,85,2612,Bronze INV,br_LabResultDetail,TASK_COMPLETE,SUCCESS,INFO,1095,1095,0,,2026-09-02T19:03:39.838Z,2026-09-02T21:23:00.812Z,8361,2026-09-02T21:23:00.812Z,VBRA,Brainerd,c49685cc-3281-44bc-a1c2-3be5b1110999,SAMMS-BrainerdV6
202609022122571156,202609021903206759,202609021903206075,85,2613,Bronze INV,br_LabResultDetail,TASK_COMPLETE,SUCCESS,INFO,18,18,0,,2026-09-02T19:03:39.838Z,2026-09-02T21:23:00.812Z,8361,2026-09-02T21:23:00.812Z,VBRP,Brooklyn Park,c49685cc-3281-44bc-a1c2-3be5b1110999,SAMMS-BrooklynParkV6
202609022122571157,202609021903206760,202609021903206075,85,2615,Bronze INV,br_LabResultDetail,TASK_COMPLETE,SUCCESS,INFO,3,3,0,,2026-09-02T19:03:39.838Z,2026-09-02T21:23:00.812Z,8361,2026-09-02T21:23:00.812Z,VMIN,Minneapolis,c49685cc-3281-44bc-a1c2-3be5b1110999,SAMMS-MinneapolisV6
202609022122571158,202609021903206761,202609021903206075,85,2616,Bronze INV,br_LabResultDetail,TASK_COMPLETE,SUCCESS,INFO,8,8,0,,2026-09-02T19:03:39.838Z,2026-09-02T21:23:00.812Z,8361,2026-09-02T21:23:00.812Z,VWBY,Woodbury,c49685cc-3281-44bc-a1c2-3be5b1110999,SAMMS-WoodburyV6
202609022122571160,202609021903206762,202609021903206075,85,2618,Bronze INV,br_LabResultDetail,TASK_COMPLETE,SUCCESS,INFO,8649,8649,0,,2026-09-02T19:03:39.838Z,2026-09-02T21:23:00.812Z,8361,2026-09-02T21:23:00.812Z,WIL,Wilson,c49685cc-3281-44bc-a1c2-3be5b1110999,SAMMS-Wilson
202609022122571161,202609021903206763,202609021903206075,85,230,Bronze INV,br_AdmissionAssessment,TASK_COMPLETE,SUCCESS,INFO,29,29,0,,2026-09-02T19:03:39.838Z,2026-09-02T21:23:00.812Z,8361,2026-09-02T21:23:00.812Z,AHK,Ahoskie,c49685cc-3281-44bc-a1c2-3be5b1110999,SAMMS-Ahoskie
202609012114519186,202609011903672608,202609011903672005,85,2477,Bronze INV,br_LabResultDetail,TASK_COMPLETE,SUCCESS,INFO,262,262,0,,2026-09-01T19:04:17.664Z,2026-09-01T21:14:55.846Z,7838,2026-09-01T21:14:55.846Z,B52,Jackson GA,0e5f68b5-5669-4bb1-91ce-4b967b620e7d,SAMMS-JacksonGAV5
202609012114519188,202609011903672609,202609011903672005,85,2478,Bronze INV,br_LabResultDetail,TASK_COMPLETE,SUCCESS,INFO,2682,2682,0,,2026-09-01T19:04:17.664Z,2026-09-01T21:14:55.846Z,7838,2026-09-01T21:14:55.846Z,B54,Gadsden,0e5f68b5-5669-4bb1-91ce-4b967b620e7d,SAMMS-GadsdenV5
202609012114519189,202609011903672610,202609011903672005,85,2479,Bronze INV,br_LabResultDetail,TASK_COMPLETE,SUCCESS,INFO,683,683,0,,2026-09-01T19:04:17.664Z,2026-09-01T21:14:55.846Z,7838,2026-09-01T21:14:55.846Z,B55,Shoals,0e5f68b5-5669-4bb1-91ce-4b967b620e7d,SAMMS-ShoalsV5
202609012114519190,202609011903672611,202609011903672005,85,2480,Bronze INV,br_LabResultDetail,TASK_COMPLETE,SUCCESS,INFO,4,4,0,,2026-09-01T19:04:17.664Z,2026-09-01T21:14:55.846Z,7838,2026-09-01T21:14:55.846Z,B57,Pawtucket,0e5f68b5-5669-4bb1-91ce-4b967b620e7d,SAMMS-Pawtucket
202609012114519191,202609011903672612,202609011903672005,85,2481,Bronze INV,br_LabResultDetail,TASK_COMPLETE,SUCCESS,INFO,6,6,0,,2026-09-01T19:04:17.664Z,2026-09-01T21:14:55.846Z,7838,2026-09-01T21:14:55.846Z,B57A,Johnston,0e5f68b5-5669-4bb1-91ce-4b967b620e7d,SAMMS-Johnston
202609012114519192,202609011903672613,202609011903672005,85,2482,Bronze INV,br_LabResultDetail,TASK_COMPLETE,SUCCESS,INFO,9,9,0,,2026-09-01T19:04:17.664Z,2026-09-01T21:14:55.846Z,7838,2026-09-01T21:14:55.846Z,B57B,Middletown,0e5f68b5-5669-4bb1-91ce-4b967b620e7d,SAMMS-Middletown
202609012114519193,202609011903672614,202609011903672005,85,2483,Bronze INV,br_LabResultDetail,TASK_COMPLETE,SUCCESS,INFO,3,3,0,,2026-09-01T19:04:17.664Z,2026-09-01T21:14:55.846Z,7838,2026-09-01T21:14:55.846Z,B57C,Providence,0e5f68b5-5669-4bb1-91ce-4b967b620e7d,SAMMS-Providence
202609012114519194,202609011903672615,202609011903672005,85,2484,Bronze INV,br_LabResultDetail,TASK_COMPLETE,SUCCESS,INFO,3,3,0,,2026-09-01T19:04:17.664Z,2026-09-01T21:14:55.846Z,7838,2026-09-01T21:14:55.846Z,B57D,Westerly,0e5f68b5-5669-4bb1-91ce-4b967b620e7d,SAMMS-Westerly
202609012114519196,202609011903672616,202609011903672005,85,2488,Bronze INV,br_LabResultDetail,TASK_COMPLETE,SUCCESS,INFO,4,4,0,,2026-09-01T19:04:17.664Z,2026-09-01T21:14:55.846Z,7838,2026-09-01T21:14:55.846Z,B66A,Bremen,0e5f68b5-5669-4bb1-91ce-4b967b620e7d,SAMMS-Bremen
202609012114519197,202609011903672617,202609011903672005,85,2491,Bronze INV,br_LabResultDetail,TASK_COMPLETE,SUCCESS,INFO,6,6,0,,2026-09-01T19:04:17.664Z,2026-09-01T21:14:55.846Z,7838,2026-09-01T21:14:55.846Z,B72,Mobile (OBOT),0e5f68b5-5669-4bb1-91ce-4b967b620e7d,SAMMS-Mobile-OBOT
202609012114519198,202609011903672618,202609011903672005,85,2492,Bronze INV,br_LabResultDetail,TASK_COMPLETE,SUCCESS,INFO,2,2,0,,2026-09-01T19:04:17.664Z,2026-09-01T21:14:55.846Z,7838,2026-09-01T21:14:55.846Z,B73,Montgomery,0e5f68b5-5669-4bb1-91ce-4b967b620e7d,SAMMS-Montgomery
202609012114519199,202609011903672619,202609011903672005,85,2493,Bronze INV,br_LabResultDetail,TASK_COMPLETE,SUCCESS,INFO,514,514,0,,2026-09-01T19:04:17.664Z,2026-09-01T21:14:55.846Z,7838,2026-09-01T21:14:55.846Z,B75,Lawrence,0e5f68b5-5669-4bb1-91ce-4b967b620e7d,SAMMS-LawrenceV6
202609012114519200,202609011903672620,202609011903672005,85,2494,Bronze INV,br_LabResultDetail,TASK_COMPLETE,SUCCESS,INFO,1,1,0,,2026-09-01T19:04:17.664Z,2026-09-01T21:14:55.846Z,7838,2026-09-01T21:14:55.846Z,B76,Huntsville OBOT,0e5f68b5-5669-4bb1-91ce-4b967b620e7d,SAMMS-Huntsville-OBOT
202609012114519201,202609011903672621,202609011903672005,85,2495,Bronze INV,br_LabResultDetail,TASK_COMPLETE,SUCCESS,INFO,8,8,0,,2026-09-01T19:04:17.664Z,2026-09-01T21:14:55.846Z,7838,2026-09-01T21:14:55.846Z,BAT,Batesville,0e5f68b5-5669-4bb1-91ce-4b967b620e7d,SAMMS-Batesville
202609012114519202,202609011903672622,202609011903672005,85,2496,Bronze INV,br_LabResultDetail,TASK_COMPLETE,SUCCESS,INFO,2977,2977,0,,2026-09-01T19:04:17.664Z,2026-09-01T21:14:55.846Z,7838,2026-09-01T21:14:55.846Z,BG,Bowling Green,0e5f68b5-5669-4bb1-91ce-4b967b620e7d,SAMMS-BowlingGreen
202609012114519203,202609011903672623,202609011903672005,85,2497,Bronze INV,br_LabResultDetail,TASK_COMPLETE,SUCCESS,INFO,191,191,0,,2026-09-01T19:04:17.664Z,2026-09-01T21:14:55.846Z,7838,2026-09-01T21:14:55.846Z,BOI,Boise,0e5f68b5-5669-4bb1-91ce-4b967b620e7d,SAMMS-Boise
202609012114519205,202609011903672624,202609011903672005,85,2504,Bronze INV,br_LabResultDetail,TASK_COMPLETE,SUCCESS,INFO,239,239,0,,2026-09-01T19:04:17.664Z,2026-09-01T21:14:55.846Z,7838,2026-09-01T21:14:55.846Z,CBCO,Coeur dAlene,0e5f68b5-5669-4bb1-91ce-4b967b620e7d,SAMMS-CoeurdAleneV6
202609012114519206,202609011903672625,202609011903672005,85,2523,Bronze INV,br_LabResultDetail,TASK_COMPLETE,SUCCESS,INFO,2,2,0,,2026-09-01T19:04:17.664Z,2026-09-01T21:14:55.846Z,7838,2026-09-01T21:14:55.846Z,CON,Conway,0e5f68b5-5669-4bb1-91ce-4b967b620e7d,SAMMS-Conway
202609012114519207,202609011903672626,202609011903672005,85,2524,Bronze INV,br_LabResultDetail,TASK_COMPLETE,SUCCESS,INFO,15,15,0,,2026-09-01T19:04:17.664Z,2026-09-01T21:14:55.846Z,7838,2026-09-01T21:14:55.846Z,D07,Medical Services Knox TN,0e5f68b5-5669-4bb1-91ce-4b967b620e7d,SAMMS-KnoxvilleV6
202609012114519208,202609011903672627,202609011903672005,85,2525,Bronze INV,br_LabResultDetail,TASK_COMPLETE,SUCCESS,INFO,1002,1002,0,,2026-09-01T19:04:17.664Z,2026-09-01T21:14:55.846Z,7838,2026-09-01T21:14:55.846Z,D08,Madison,0e5f68b5-5669-4bb1-91ce-4b967b620e7d,SAMMS-MadisonV6
202609012114519209,202609011903672628,202609011903672005,85,2527,Bronze INV,br_LabResultDetail,TASK_COMPLETE,SUCCESS,INFO,720,720,0,,2026-09-01T19:04:17.664Z,2026-09-01T21:14:55.846Z,7838,2026-09-01T21:14:55.846Z,D09,Murfreesboro,0e5f68b5-5669-4bb1-91ce-4b967b620e7d,SAMMS-MurfreesboroV6
202609012114519210,202609011903672629,202609011903672005,85,2528,Bronze INV,br_LabResultDetail,TASK_COMPLETE,SUCCESS,INFO,7,7,0,,2026-09-01T19:04:17.664Z,2026-09-01T21:14:55.846Z,7838,2026-09-01T21:14:55.846Z,DA,Davenport,0e5f68b5-5669-4bb1-91ce-4b967b620e7d,SAMMS-Davenport
202609012114519211,202609011903672630,202609011903672005,85,2529,Bronze INV,br_LabResultDetail,TASK_COMPLETE,SUCCESS,INFO,2759,2759,0,,2026-09-01T19:04:17.664Z,2026-09-01T21:14:55.846Z,7838,2026-09-01T21:14:55.846Z,DM,Des Moines,0e5f68b5-5669-4bb1-91ce-4b967b620e7d,SAMMS-DesMoines
202609012114519212,202609011903672631,202609011903672005,85,2531,Bronze INV,br_LabResultDetail,TASK_COMPLETE,SUCCESS,INFO,3523,3523,0,,2026-09-01T19:04:17.664Z,2026-09-01T21:14:55.846Z,7838,2026-09-01T21:14:55.846Z,DRD-CO,Columbia MO,0e5f68b5-5669-4bb1-91ce-4b967b620e7d,SAMMS-ColumbiaV5
202609012114519214,202609011903672632,202609011903672005,85,2532,Bronze INV,br_LabResultDetail,TASK_COMPLETE,SUCCESS,INFO,3426,3426,0,,2026-09-01T19:04:17.664Z,2026-09-01T21:14:55.846Z,7838,2026-09-01T21:14:55.846Z,DRD-KC,KC,0e5f68b5-5669-4bb1-91ce-4b967b620e7d,SAMMS-KCv5
202609012114519215,202609011903672633,202609011903672005,85,2533,Bronze INV,br_LabResultDetail,TASK_COMPLETE,SUCCESS,INFO,19654,19654,0,,2026-09-01T19:04:17.664Z,2026-09-01T21:14:55.846Z,7838,2026-09-01T21:14:55.846Z,DRD-KVB,KVB,0e5f68b5-5669-4bb1-91ce-4b967b620e7d,SAMMS-KVBv5
202609012114519216,202609011903672634,202609011903672005,85,2534,Bronze INV,br_LabResultDetail,TASK_COMPLETE,SUCCESS,INFO,23767,23767,0,,2026-09-01T19:04:17.664Z,2026-09-01T21:14:55.846Z,7838,2026-09-01T21:14:55.846Z,DRD-KVC,KVC,0e5f68b5-5669-4bb1-91ce-4b967b620e7d,SAMMS-KVCv5
202609012114519217,202609011903672635,202609011903672005,85,2535,Bronze INV,br_LabResultDetail,TASK_COMPLETE,SUCCESS,INFO,6438,6438,0,,2026-09-01T19:04:17.664Z,2026-09-01T21:14:55.846Z,7838,2026-09-01T21:14:55.846Z,DRD-NOLA,NOLA,0e5f68b5-5669-4bb1-91ce-4b967b620e7d,SAMMS-NOLAv5
202609012114519218,202609011903672636,202609011903672005,85,2536,Bronze INV,br_LabResultDetail,TASK_COMPLETE,SUCCESS,INFO,5742,5742,0,,2026-09-01T19:04:17.664Z,2026-09-01T21:14:55.846Z,7838,2026-09-01T21:14:55.846Z,DRD-SF,Springfield,0e5f68b5-5669-4bb1-91ce-4b967b620e7d,SAMMS-SFv5
202609012114519219,202609011903672637,202609011903672005,85,2538,Bronze INV,br_LabResultDetail,TASK_COMPLETE,SUCCESS,INFO,16777,16777,0,,2026-09-01T19:04:17.664Z,2026-09-01T21:14:55.846Z,7838,2026-09-01T21:14:55.846Z,ELC,Elizabeth City,0e5f68b5-5669-4bb1-91ce-4b967b620e7d,SAMMS-ElizabethCity
202609012114519220,202609011903672638,202609011903672005,85,2539,Bronze INV,br_LabResultDetail,TASK_COMPLETE,SUCCESS,INFO,3113,3113,0,,2026-09-01T19:04:17.664Z,2026-09-01T21:14:55.846Z,7838,2026-09-01T21:14:55.846Z,ET,Elizabethtown,0e5f68b5-5669-4bb1-91ce-4b967b620e7d,SAMMS-Elizabethtown
202609012114519221,202609011903672639,202609011903672005,85,2540,Bronze INV,br_LabResultDetail,TASK_COMPLETE,SUCCESS,INFO,2,2,0,,2026-09-01T19:04:17.664Z,2026-09-01T21:14:55.846Z,7838,2026-09-01T21:14:55.846Z,FAY,Fayetteville,0e5f68b5-5669-4bb1-91ce-4b967b620e7d,SAMMS-Fayetteville
202609012114519223,202609011903672640,202609011903672005,85,2541,Bronze INV,br_LabResultDetail,TASK_COMPLETE,SUCCESS,INFO,14063,14063,0,,2026-09-01T19:04:17.664Z,2026-09-01T21:14:55.846Z,7838,2026-09-01T21:14:55.846Z,FR,Frankfort,0e5f68b5-5669-4bb1-91ce-4b967b620e7d,SAMMS-Frankfort
202609012114519224,202609011903672641,202609011903672005,85,2542,Bronze INV,br_LabResultDetail,TASK_COMPLETE,SUCCESS,INFO,3,3,0,,2026-09-01T19:04:17.664Z,2026-09-01T21:14:55.846Z,7838,2026-09-01T21:14:55.846Z,FS,Fort Smith,0e5f68b5-5669-4bb1-91ce-4b967b620e7d,SAMMS-FortSmith
202609012114519225,202609011903672642,202609011903672005,85,2543,Bronze INV,br_LabResultDetail,TASK_COMPLETE,SUCCESS,INFO,9188,9188,0,,2026-09-01T19:04:17.664Z,2026-09-01T21:14:55.846Z,7838,2026-09-01T21:14:55.846Z,FW,Fort Wayne,0e5f68b5-5669-4bb1-91ce-4b967b620e7d,SAMMS-FortWayne
202609012114519226,202609011903672643,202609011903672005,85,2544,Bronze INV,br_LabResultDetail,TASK_COMPLETE,SUCCESS,INFO,4,4,0,,2026-09-01T19:04:17.664Z,2026-09-01T21:14:55.846Z,7838,2026-09-01T21:14:55.846Z,GAL,Gaylord,0e5f68b5-5669-4bb1-91ce-4b967b620e7d,SAMMS-Gaylord
202609012114519227,202609011903672644,202609011903672005,85,2548,Bronze INV,br_LabResultDetail,TASK_COMPLETE,SUCCESS,INFO,4784,4784,0,,2026-09-01T19:04:17.664Z,2026-09-01T21:14:55.846Z,7838,2026-09-01T21:14:55.846Z,HGT,Hagerstown,0e5f68b5-5669-4bb1-91ce-4b967b620e7d,SAMMS-Hagerstown
202609012114519228,202609011903672645,202609011903672005,85,2549,Bronze INV,br_LabResultDetail,TASK_COMPLETE,SUCCESS,INFO,647,647,0,,2026-09-01T19:04:17.664Z,2026-09-01T21:14:55.846Z,7838,2026-09-01T21:14:55.846Z,HNT,Huntsville,0e5f68b5-5669-4bb1-91ce-4b967b620e7d,SAMMS-Huntsville
202609012114519229,202609011903672646,202609011903672005,85,2550,Bronze INV,br_LabResultDetail,TASK_COMPLETE,SUCCESS,INFO,2,2,0,,2026-09-01T19:04:17.664Z,2026-09-01T21:14:55.846Z,7838,2026-09-01T21:14:55.846Z,HS,Hot Springs,0e5f68b5-5669-4bb1-91ce-4b967b620e7d,SAMMS-HotSprings
202609012114519231,202609011903672647,202609011903672005,85,2551,Bronze INV,br_LabResultDetail,TASK_COMPLETE,SUCCESS,INFO,4,4,0,,2026-09-01T19:04:17.664Z,2026-09-01T21:14:55.846Z,7838,2026-09-01T21:14:55.846Z,JON,Jonesboro,0e5f68b5-5669-4bb1-91ce-4b967b620e7d,SAMMS-Jonesboro
202609012114519232,202609011903672648,202609011903672005,85,2553,Bronze INV,br_LabResultDetail,TASK_COMPLETE,SUCCESS,INFO,4,4,0,,2026-09-01T19:04:17.664Z,2026-09-01T21:14:55.846Z,7838,2026-09-01T21:14:55.846Z,LAN,Lansing,0e5f68b5-5669-4bb1-91ce-4b967b620e7d,SAMMS-Lansing
202609012114519233,202609011903672649,202609011903672005,85,2554,Bronze INV,br_LabResultDetail,TASK_COMPLETE,SUCCESS,INFO,88941,88941,0,,2026-09-01T19:04:17.664Z,2026-09-01T21:14:55.846Z,7838,2026-09-01T21:14:55.846Z,LO,Louisville,0e5f68b5-5669-4bb1-91ce-4b967b620e7d,SAMMS-Louisville
202609012114519234,202609011903672650,202609011903672005,85,2555,Bronze INV,br_LabResultDetail,TASK_COMPLETE,SUCCESS,INFO,6536,6536,0,,2026-09-01T19:04:17.664Z,2026-09-01T21:14:55.846Z,7838,2026-09-01T21:14:55.846Z,LV1,Cheyenne,0e5f68b5-5669-4bb1-91ce-4b967b620e7d,SAMMS-Cheyenne
202609012114519235,202609011903672651,202609011903672005,85,2556,Bronze INV,br_LabResultDetail,TASK_COMPLETE,SUCCESS,INFO,9491,9491,0,,2026-09-01T19:04:17.664Z,2026-09-01T21:14:55.846Z,7838,2026-09-01T21:14:55.846Z,LV2,Desert Inn,0e5f68b5-5669-4bb1-91ce-4b967b620e7d,SAMMS-DesertInn
202609012114519236,202609011903672652,202609011903672005,85,2557,Bronze INV,br_LabResultDetail,TASK_COMPLETE,SUCCESS,INFO,1882,1882,0,,2026-09-01T19:04:17.664Z,2026-09-01T21:14:55.846Z,7838,2026-09-01T21:14:55.846Z,LV3,McDaniel,0e5f68b5-5669-4bb1-91ce-4b967b620e7d,SAMMS-McDaniel
202609012114519237,202609011903672653,202609011903672005,85,2560,Bronze INV,br_LabResultDetail,TASK_COMPLETE,SUCCESS,INFO,3,3,0,,2026-09-01T19:04:17.664Z,2026-09-01T21:14:55.846Z,7838,2026-09-01T21:14:55.846Z,MNRE,Monroe,0e5f68b5-5669-4bb1-91ce-4b967b620e7d,SAMMS-Monroe
202609012114519238,202609011903672654,202609011903672005,85,2561,Bronze INV,br_LabResultDetail,TASK_COMPLETE,SUCCESS,INFO,2,2,0,,2026-09-01T19:04:17.664Z,2026-09-01T21:14:55.846Z,7838,2026-09-01T21:14:55.846Z,MP,Mt. Pleasant,0e5f68b5-5669-4bb1-91ce-4b967b620e7d,SAMMS-MtPleasant
202609012114519240,202609011903672655,202609011903672005,85,2562,Bronze INV,br_LabResultDetail,TASK_COMPLETE,SUCCESS,INFO,261,261,0,,2026-09-01T19:04:17.664Z,2026-09-01T21:14:55.846Z,7838,2026-09-01T21:14:55.846Z,MRD,Meridian,0e5f68b5-5669-4bb1-91ce-4b967b620e7d,SAMMS-Meridian
202609012114519241,202609011903672656,202609011903672005,85,2567,Bronze INV,br_LabResultDetail,TASK_COMPLETE,SUCCESS,INFO,15250,15250,0,,2026-09-01T19:04:17.664Z,2026-09-01T21:14:55.846Z,7838,2026-09-01T21:14:55.846Z,NC,North Charleston,0e5f68b5-5669-4bb1-91ce-4b967b620e7d,SAMMS-NorthCharleston
202609012114519242,202609011903672657,202609011903672005,85,2568,Bronze INV,br_LabResultDetail,TASK_COMPLETE,SUCCESS,INFO,3,3,0,,2026-09-01T19:04:17.664Z,2026-09-01T21:14:55.846Z,7838,2026-09-01T21:14:55.846Z,NLR,N. Little Rock,0e5f68b5-5669-4bb1-91ce-4b967b620e7d,SAMMS-NLROBOT
202609012114519243,202609011903672658,202609011903672005,85,2569,Bronze INV,br_LabResultDetail,TASK_COMPLETE,SUCCESS,INFO,4833,4833,0,,2026-09-01T19:04:17.664Z,2026-09-01T21:14:55.846Z,7838,2026-09-01T21:14:55.846Z,PH,Phoenix,0e5f68b5-5669-4bb1-91ce-4b967b620e7d,SAMMS-Phoenix
202609012114519244,202609011903672659,202609011903672005,85,2573,Bronze INV,br_LabResultDetail,TASK_COMPLETE,SUCCESS,INFO,62967,62967,0,,2026-09-01T19:04:17.664Z,2026-09-01T21:14:55.846Z,7838,2026-09-01T21:14:55.846Z,RE,Reno,0e5f68b5-5669-4bb1-91ce-4b967b620e7d,SAMMS-Reno
202609012114519245,202609011903672660,202609011903672005,85,2574,Bronze INV,br_LabResultDetail,TASK_COMPLETE,SUCCESS,INFO,2439,2439,0,,2026-09-01T19:04:17.664Z,2026-09-01T21:14:55.846Z,7838,2026-09-01T21:14:55.846Z,RMD,Richmond,0e5f68b5-5669-4bb1-91ce-4b967b620e7d,SAMMS-Richmond
202609012114519246,202609011903672661,202609011903672005,85,2575,Bronze INV,br_LabResultDetail,TASK_COMPLETE,SUCCESS,INFO,3712,3712,0,,2026-09-01T19:04:17.664Z,2026-09-01T21:14:55.846Z,7838,2026-09-01T21:14:55.846Z,SFN,Springfield North,0e5f68b5-5669-4bb1-91ce-4b967b620e7d,SAMMS-SFNv5
202609012114519247,202609011903672662,202609011903672005,85,2576,Bronze INV,br_LabResultDetail,TASK_COMPLETE,SUCCESS,INFO,331,331,0,,2026-09-01T19:04:17.664Z,2026-09-01T21:14:55.846Z,7838,2026-09-01T21:14:55.846Z,SHP,Shreveport,0e5f68b5-5669-4bb1-91ce-4b967b620e7d,SAMMS-Shreveport
202609012114519249,202609011903672663,202609011903672005,85,2578,Bronze INV,br_LabResultDetail,TASK_COMPLETE,SUCCESS,INFO,6,6,0,,2026-09-01T19:04:17.664Z,2026-09-01T21:14:55.846Z,7838,2026-09-01T21:14:55.846Z,STN,Staunton,0e5f68b5-5669-4bb1-91ce-4b967b620e7d,SAMMS-Staunton
202609012114519250,202609011903672664,202609011903672005,85,2579,Bronze INV,br_LabResultDetail,TASK_COMPLETE,SUCCESS,INFO,462,462,0,,2026-09-01T19:04:17.664Z,2026-09-01T21:14:55.846Z,7838,2026-09-01T21:14:55.846Z,STVN,Stevenson,0e5f68b5-5669-4bb1-91ce-4b967b620e7d,SAMMS-Stevenson
202609012114519251,202609011903672665,202609011903672005,85,2581,Bronze INV,br_LabResultDetail,TASK_COMPLETE,SUCCESS,INFO,18155,18155,0,,2026-09-01T19:04:17.664Z,2026-09-01T21:14:55.846Z,7838,2026-09-01T21:14:55.846Z,TE,Tempe,0e5f68b5-5669-4bb1-91ce-4b967b620e7d,SAMMS-Tempe
202609012114519252,202609011903672666,202609011903672005,85,2582,Bronze INV,br_LabResultDetail,TASK_COMPLETE,SUCCESS,INFO,4,4,0,,2026-09-01T19:04:17.664Z,2026-09-01T21:14:55.846Z,7838,2026-09-01T21:14:55.846Z,TEX,Texarkana,0e5f68b5-5669-4bb1-91ce-4b967b620e7d,SAMMS-Texarkana
202609012114519253,202609011903672667,202609011903672005,85,2583,Bronze INV,br_LabResultDetail,TASK_COMPLETE,SUCCESS,INFO,1721,1721,0,,2026-09-01T19:04:17.664Z,2026-09-01T21:14:55.846Z,7838,2026-09-01T21:14:55.846Z,TTCA,Bessemer,0e5f68b5-5669-4bb1-91ce-4b967b620e7d,SAMMS-BessemerV5
202609012114519254,202609011903672668,202609011903672005,85,2584,Bronze INV,br_LabResultDetail,TASK_COMPLETE,SUCCESS,INFO,2149,2149,0,,2026-09-01T19:04:17.664Z,2026-09-01T21:14:55.846Z,7838,2026-09-01T21:14:55.846Z,TTCB,Cullman,0e5f68b5-5669-4bb1-91ce-4b967b620e7d,SAMMS-CullmanV5
202609012114519255,202609011903672669,202609011903672005,85,2585,Bronze INV,br_LabResultDetail,TASK_COMPLETE,SUCCESS,INFO,4,4,0,,2026-09-01T19:04:17.664Z,2026-09-01T21:14:55.846Z,7838,2026-09-01T21:14:55.846Z,TTCC,Grand Bay,0e5f68b5-5669-4bb1-91ce-4b967b620e7d,SAMMS-GrandBay
202609012114519256,202609011903672670,202609011903672005,85,2586,Bronze INV,br_LabResultDetail,TASK_COMPLETE,SUCCESS,INFO,1162,1162,0,,2026-09-01T19:04:17.664Z,2026-09-01T21:14:55.846Z,7838,2026-09-01T21:14:55.846Z,TU,Tucson,0e5f68b5-5669-4bb1-91ce-4b967b620e7d,SAMMS-Tucson
202609012114519258,202609011903672671,202609011903672005,85,2588,Bronze INV,br_LabResultDetail,TASK_COMPLETE,SUCCESS,INFO,5377,5377,0,,2026-09-01T19:04:17.664Z,2026-09-01T21:14:55.846Z,7838,2026-09-01T21:14:55.846Z,V1,Memphis South,0e5f68b5-5669-4bb1-91ce-4b967b620e7d,SAMMS-VCPHCS-I-MemphisV5
202609012114519259,202609011903672672,202609011903672005,85,2589,Bronze INV,br_LabResultDetail,TASK_COMPLETE,SUCCESS,INFO,6290,6290,0,,2026-09-01T19:04:17.664Z,2026-09-01T21:14:55.846Z,7838,2026-09-01T21:14:55.846Z,V10,Longmont,0e5f68b5-5669-4bb1-91ce-4b967b620e7d,SAMMS-BoulderV5
202609012114519260,202609011903672673,202609011903672005,85,2590,Bronze INV,br_LabResultDetail,TASK_COMPLETE,SUCCESS,INFO,3584,3584,0,,2026-09-01T19:04:17.664Z,2026-09-01T21:14:55.846Z,7838,2026-09-01T21:14:55.846Z,V10A,Fort Collins,0e5f68b5-5669-4bb1-91ce-4b967b620e7d,SAMMS-FortCollinsV5
202609012114519261,202609011903672674,202609011903672005,85,2591,Bronze INV,br_LabResultDetail,TASK_COMPLETE,SUCCESS,INFO,7588,7588,0,,2026-09-01T19:04:17.664Z,2026-09-01T21:14:55.846Z,7838,2026-09-01T21:14:55.846Z,V11,Westminster,0e5f68b5-5669-4bb1-91ce-4b967b620e7d,SAMMS-VCPHCS-XI-NorthDenverV5
202609012114519262,202609011903672675,202609011903672005,85,2592,Bronze INV,br_LabResultDetail,TASK_COMPLETE,SUCCESS,INFO,10352,10352,0,,2026-09-01T19:04:17.664Z,2026-09-01T21:14:55.846Z,7838,2026-09-01T21:14:55.846Z,V12,Downtown Denver,0e5f68b5-5669-4bb1-91ce-4b967b620e7d,SAMMS-VCPHCS-XII-DowntownDenverV5
202609012114519263,202609011903672676,202609011903672005,85,2593,Bronze INV,br_LabResultDetail,TASK_COMPLETE,SUCCESS,INFO,4850,4850,0,,2026-09-01T19:04:17.664Z,2026-09-01T21:14:55.846Z,7838,2026-09-01T21:14:55.846Z,V12A,Centennial,0e5f68b5-5669-4bb1-91ce-4b967b620e7d,SAMMS-CentennialV5
202609012114519264,202609011903672677,202609011903672005,85,2594,Bronze INV,br_LabResultDetail,TASK_COMPLETE,SUCCESS,INFO,3390,3390,0,,2026-09-01T19:04:17.664Z,2026-09-01T21:14:55.846Z,7838,2026-09-01T21:14:55.846Z,V14,Overland Park,0e5f68b5-5669-4bb1-91ce-4b967b620e7d,SAMMS-VCPHCS-XIV-BridgewayV5
202609012114519266,202609011903672678,202609011903672005,85,2595,Bronze INV,br_LabResultDetail,TASK_COMPLETE,SUCCESS,INFO,2920,2920,0,,2026-09-01T19:04:17.664Z,2026-09-01T21:14:55.846Z,7838,2026-09-01T21:14:55.846Z,V15,Joplin,0e5f68b5-5669-4bb1-91ce-4b967b620e7d,SAMMS-JoplinV5
202609012114519267,202609011903672679,202609011903672005,85,2597,Bronze INV,br_LabResultDetail,TASK_COMPLETE,SUCCESS,INFO,1345,1345,0,,2026-09-01T19:04:17.664Z,2026-09-01T21:14:55.846Z,7838,2026-09-01T21:14:55.846Z,V17,Columbia TN,0e5f68b5-5669-4bb1-91ce-4b967b620e7d,SAMMS-ColumbiaTNv5
202609012114519268,202609011903672680,202609011903672005,85,2599,Bronze INV,br_LabResultDetail,TASK_COMPLETE,SUCCESS,INFO,5132,5132,0,,2026-09-01T19:04:17.664Z,2026-09-01T21:14:55.846Z,7838,2026-09-01T21:14:55.846Z,V19,Jackson,0e5f68b5-5669-4bb1-91ce-4b967b620e7d,SAMMS-JacksonV5
202609012114519269,202609011903672681,202609011903672005,85,2601,Bronze INV,br_LabResultDetail,TASK_COMPLETE,SUCCESS,INFO,7053,7053,0,,2026-09-01T19:04:17.664Z,2026-09-01T21:14:55.846Z,7838,2026-09-01T21:14:55.846Z,V20,Paris,0e5f68b5-5669-4bb1-91ce-4b967b620e7d,SAMMS-ParisV5
202609012114519270,202609011903672682,202609011903672005,85,2602,Bronze INV,br_LabResultDetail,TASK_COMPLETE,SUCCESS,INFO,6082,6082,0,,2026-09-01T19:04:17.664Z,2026-09-01T21:14:55.846Z,7838,2026-09-01T21:14:55.846Z,V21,Memphis North,0e5f68b5-5669-4bb1-91ce-4b967b620e7d,SAMMS-RaleighV5
202609012114519271,202609011903672683,202609011903672005,85,2605,Bronze INV,br_LabResultDetail,TASK_COMPLETE,SUCCESS,INFO,7050,7050,0,,2026-09-01T19:04:17.664Z,2026-09-01T21:14:55.846Z,7838,2026-09-01T21:14:55.846Z,V5,West Bank,0e5f68b5-5669-4bb1-91ce-4b967b620e7d,SAMMS-NONTCv5
202609012114519272,202609011903672684,202609011903672005,85,2607,Bronze INV,br_LabResultDetail,TASK_COMPLETE,SUCCESS,INFO,534,534,0,,2026-09-01T19:04:17.664Z,2026-09-01T21:14:55.846Z,7838,2026-09-01T21:14:55.846Z,V5B,Houma,0e5f68b5-5669-4bb1-91ce-4b967b620e7d,SAMMS-HoumaV6
202609012114519273,202609011903672685,202609011903672005,85,2608,Bronze INV,br_LabResultDetail,TASK_COMPLETE,SUCCESS,INFO,4813,4813,0,,2026-09-01T19:04:17.664Z,2026-09-01T21:14:55.846Z,7838,2026-09-01T21:14:55.846Z,V6,Lake Charles,0e5f68b5-5669-4bb1-91ce-4b967b620e7d,SAMMS-LCv5
202609012114519275,202609011903672686,202609011903672005,85,2610,Bronze INV,br_LabResultDetail,TASK_COMPLETE,SUCCESS,INFO,19829,19829,0,,2026-09-01T19:04:17.664Z,2026-09-01T21:14:55.846Z,7838,2026-09-01T21:14:55.846Z,V8,Memphis Midtown,0e5f68b5-5669-4bb1-91ce-4b967b620e7d,SAMMS-VCPHCS-VIII-MemphisV5
202609012114519276,202609011903672687,202609011903672005,85,2611,Bronze INV,br_LabResultDetail,TASK_COMPLETE,SUCCESS,INFO,17649,17649,0,,2026-09-01T19:04:17.664Z,2026-09-01T21:14:55.846Z,7838,2026-09-01T21:14:55.846Z,V9,Nashville,0e5f68b5-5669-4bb1-91ce-4b967b620e7d,SAMMS-NashvilleV5
202609012114519277,202609011903672688,202609011903672005,85,2612,Bronze INV,br_LabResultDetail,TASK_COMPLETE,SUCCESS,INFO,1095,1095,0,,2026-09-01T19:04:17.664Z,2026-09-01T21:14:55.846Z,7838,2026-09-01T21:14:55.846Z,VBRA,Brainerd,0e5f68b5-5669-4bb1-91ce-4b967b620e7d,SAMMS-BrainerdV6
202609012114519278,202609011903672689,202609011903672005,85,2613,Bronze INV,br_LabResultDetail,TASK_COMPLETE,SUCCESS,INFO,18,18,0,,2026-09-01T19:04:17.664Z,2026-09-01T21:14:55.846Z,7838,2026-09-01T21:14:55.846Z,VBRP,Brooklyn Park,0e5f68b5-5669-4bb1-91ce-4b967b620e7d,SAMMS-BrooklynParkV6
202609012114519279,202609011903672690,202609011903672005,85,2615,Bronze INV,br_LabResultDetail,TASK_COMPLETE,SUCCESS,INFO,3,3,0,,2026-09-01T19:04:17.664Z,2026-09-01T21:14:55.846Z,7838,2026-09-01T21:14:55.846Z,VMIN,Minneapolis,0e5f68b5-5669-4bb1-91ce-4b967b620e7d,SAMMS-MinneapolisV6
202609012114519280,202609011903672691,202609011903672005,85,2616,Bronze INV,br_LabResultDetail,TASK_COMPLETE,SUCCESS,INFO,8,8,0,,2026-09-01T19:04:17.664Z,2026-09-01T21:14:55.846Z,7838,2026-09-01T21:14:55.846Z,VWBY,Woodbury,0e5f68b5-5669-4bb1-91ce-4b967b620e7d,SAMMS-WoodburyV6
202609012114519281,202609011903672692,202609011903672005,85,2618,Bronze INV,br_LabResultDetail,TASK_COMPLETE,SUCCESS,INFO,8649,8649,0,,2026-09-01T19:04:17.664Z,2026-09-01T21:14:55.846Z,7838,2026-09-01T21:14:55.846Z,WIL,Wilson,0e5f68b5-5669-4bb1-91ce-4b967b620e7d,SAMMS-Wilson
202609012114519282,202609011903672693,202609011903672005,85,230,Bronze INV,br_AdmissionAssessment,TASK_COMPLETE,SUCCESS,INFO,28,28,0,,2026-09-01T19:04:17.664Z,2026-09-01T21:14:55.846Z,7838,2026-09-01T21:14:55.846Z,AHK,Ahoskie,0e5f68b5-5669-4bb1-91ce-4b967b620e7d,SAMMS-Ahoskie
202608292054381332,202608291904436471,202608291904434406,85,3351,Bronze INV,br_ReAssessmentFamily,TASK_COMPLETE,SUCCESS,INFO,745,745,0,,2026-08-29T19:04:49.126Z,2026-08-29T20:54:41.421Z,6592,2026-08-29T20:54:41.421Z,VMIN,Minneapolis,dd7385f2-fbd4-41a4-afcd-7296aca5e198,SAMMS-MinneapolisV6
202608292054381334,202608291904436472,202608291904434406,85,3352,Bronze INV,br_ReAssessmentFamily,TASK_COMPLETE,SUCCESS,INFO,884,884,0,,2026-08-29T19:04:49.126Z,2026-08-29T20:54:41.421Z,6592,2026-08-29T20:54:41.421Z,VWBY,Woodbury,dd7385f2-fbd4-41a4-afcd-7296aca5e198,SAMMS-WoodburyV6
202608292054381335,202608291904436473,202608291904434406,85,3354,Bronze INV,br_ReAssessmentFamily,TASK_COMPLETE,SUCCESS,INFO,161,161,0,,2026-08-29T19:04:49.126Z,2026-08-29T20:54:41.421Z,6592,2026-08-29T20:54:41.421Z,WIL,Wilson,dd7385f2-fbd4-41a4-afcd-7296aca5e198,SAMMS-Wilson
202608292054381336,202608291904436474,202608291904434406,85,3358,Bronze INV,br_ReAssessmentLegal,TASK_COMPLETE,SUCCESS,INFO,35,35,0,,2026-08-29T19:04:49.126Z,2026-08-29T20:54:41.421Z,6592,2026-08-29T20:54:41.421Z,AHK,Ahoskie,dd7385f2-fbd4-41a4-afcd-7296aca5e198,SAMMS-Ahoskie
202608292054381337,202608291904436475,202608291904434406,85,3359,Bronze INV,br_ReAssessmentLegal,TASK_COMPLETE,SUCCESS,INFO,661,661,0,,2026-08-29T19:04:49.126Z,2026-08-29T20:54:41.421Z,6592,2026-08-29T20:54:41.421Z,B12B,Colorado Springs,dd7385f2-fbd4-41a4-afcd-7296aca5e198,SAMMS-ColoradoSpringsV5
202608292054381338,202608291904436476,202608291904434406,85,3360,Bronze INV,br_ReAssessmentLegal,TASK_COMPLETE,SUCCESS,INFO,828,828,0,,2026-08-29T19:04:49.126Z,2026-08-29T20:54:41.421Z,6592,2026-08-29T20:54:41.421Z,B24,Paintsville,dd7385f2-fbd4-41a4-afcd-7296aca5e198,SAMMS-PaintsvilleV5
202608292054381339,202608291904436477,202608291904434406,85,3361,Bronze INV,br_ReAssessmentLegal,TASK_COMPLETE,SUCCESS,INFO,646,646,0,,2026-08-29T19:04:49.126Z,2026-08-29T20:54:41.421Z,6592,2026-08-29T20:54:41.421Z,B25,Pikeville,dd7385f2-fbd4-41a4-afcd-7296aca5e198,SAMMS-PikevilleV5
202608292054381340,202608291904436478,202608291904434406,85,3362,Bronze INV,br_ReAssessmentLegal,TASK_COMPLETE,SUCCESS,INFO,971,971,0,,2026-08-29T19:04:49.126Z,2026-08-29T20:54:41.421Z,6592,2026-08-29T20:54:41.421Z,B26,Hazard,dd7385f2-fbd4-41a4-afcd-7296aca5e198,SAMMS-HazardV5
202608292054381342,202608291904436479,202608291904434406,85,3363,Bronze INV,br_ReAssessmentLegal,TASK_COMPLETE,SUCCESS,INFO,530,530,0,,2026-08-29T19:04:49.126Z,2026-08-29T20:54:41.421Z,6592,2026-08-29T20:54:41.421Z,B27,Savannah,dd7385f2-fbd4-41a4-afcd-7296aca5e198,SAMMS-SavannahV6
202608292054381343,202608291904436480,202608291904434406,85,3364,Bronze INV,br_ReAssessmentLegal,TASK_COMPLETE,SUCCESS,INFO,245,245,0,,2026-08-29T19:04:49.126Z,2026-08-29T20:54:41.421Z,6592,2026-08-29T20:54:41.421Z,B28,West Plains,dd7385f2-fbd4-41a4-afcd-7296aca5e198,SAMMS-WestPlainesV5
202608292054381344,202608291904436481,202608291904434406,85,3365,Bronze INV,br_ReAssessmentLegal,TASK_COMPLETE,SUCCESS,INFO,460,460,0,,2026-08-29T19:04:49.126Z,2026-08-29T20:54:41.421Z,6592,2026-08-29T20:54:41.421Z,B29,Poplar Bluff,dd7385f2-fbd4-41a4-afcd-7296aca5e198,SAMMS-PoplarBluffV5
202608292054381345,202608291904436482,202608291904434406,85,3366,Bronze INV,br_ReAssessmentLegal,TASK_COMPLETE,SUCCESS,INFO,77,77,0,,2026-08-29T19:04:49.126Z,2026-08-29T20:54:41.421Z,6592,2026-08-29T20:54:41.421Z,B30,KC North,dd7385f2-fbd4-41a4-afcd-7296aca5e198,SAMMS-KCNv5
202608292054381346,202608291904436483,202608291904434406,85,3367,Bronze INV,br_ReAssessmentLegal,TASK_COMPLETE,SUCCESS,INFO,400,400,0,,2026-08-29T19:04:49.126Z,2026-08-29T20:54:41.421Z,6592,2026-08-29T20:54:41.421Z,B31,Dyersburg,dd7385f2-fbd4-41a4-afcd-7296aca5e198,SAMMS-DyersburgV5
202608292054381347,202608291904436484,202608291904434406,85,3369,Bronze INV,br_ReAssessmentLegal,TASK_COMPLETE,SUCCESS,INFO,487,487,0,,2026-08-29T19:04:49.126Z,2026-08-29T20:54:41.421Z,6592,2026-08-29T20:54:41.421Z,B33,Paducah,dd7385f2-fbd4-41a4-afcd-7296aca5e198,SAMMS-Paducah
202608292054381348,202608291904436485,202608291904434406,85,3370,Bronze INV,br_ReAssessmentLegal,TASK_COMPLETE,SUCCESS,INFO,385,385,0,,2026-08-29T19:04:49.126Z,2026-08-29T20:54:41.421Z,6592,2026-08-29T20:54:41.421Z,B34,Corbin,dd7385f2-fbd4-41a4-afcd-7296aca5e198,SAMMS-CorbinV5
202608292054381350,202608291904436486,202608291904434406,85,3371,Bronze INV,br_ReAssessmentLegal,TASK_COMPLETE,SUCCESS,INFO,239,239,0,,2026-08-29T19:04:49.126Z,2026-08-29T20:54:41.421Z,6592,2026-08-29T20:54:41.421Z,B35,Lexington,dd7385f2-fbd4-41a4-afcd-7296aca5e198,SAMMS-LexingtonV5
202608292054381351,202608291904436487,202608291904434406,85,3372,Bronze INV,br_ReAssessmentLegal,TASK_COMPLETE,SUCCESS,INFO,77,77,0,,2026-08-29T19:04:49.126Z,2026-08-29T20:54:41.421Z,6592,2026-08-29T20:54:41.421Z,B35A,Berea,dd7385f2-fbd4-41a4-afcd-7296aca5e198,SAMMS-BereaV5
202608292054381352,202608291904436488,202608291904434406,85,3373,Bronze INV,br_ReAssessmentLegal,TASK_COMPLETE,SUCCESS,INFO,20,20,0,,2026-08-29T19:04:49.126Z,2026-08-29T20:54:41.421Z,6592,2026-08-29T20:54:41.421Z,B36,Asheville,dd7385f2-fbd4-41a4-afcd-7296aca5e198,SAMMS-AshevilleV5
202608292054381353,202608291904436489,202608291904434406,85,3374,Bronze INV,br_ReAssessmentLegal,TASK_COMPLETE,SUCCESS,INFO,1,1,0,,2026-08-29T19:04:49.126Z,2026-08-29T20:54:41.421Z,6592,2026-08-29T20:54:41.421Z,B37,Clyde,dd7385f2-fbd4-41a4-afcd-7296aca5e198,SAMMS-ClydeV5
202608292054381354,202608291904436490,202608291904434406,85,3375,Bronze INV,br_ReAssessmentLegal,TASK_COMPLETE,SUCCESS,INFO,1188,1188,0,,2026-08-29T19:04:49.126Z,2026-08-29T20:54:41.421Z,6592,2026-08-29T20:54:41.421Z,B38,Spartanburg,dd7385f2-fbd4-41a4-afcd-7296aca5e198,SAMMS-SpartanburgV5
202608292054381355,202608291904436491,202608291904434406,85,3376,Bronze INV,br_ReAssessmentLegal,TASK_COMPLETE,SUCCESS,INFO,362,362,0,,2026-08-29T19:04:49.126Z,2026-08-29T20:54:41.421Z,6592,2026-08-29T20:54:41.421Z,B39,Aiken,dd7385f2-fbd4-41a4-afcd-7296aca5e198,SAMMS-AikenV5
202608292054381357,202608291904436492,202608291904434406,85,3377,Bronze INV,br_ReAssessmentLegal,TASK_COMPLETE,SUCCESS,INFO,1887,1887,0,,2026-08-29T19:04:49.126Z,2026-08-29T20:54:41.421Z,6592,2026-08-29T20:54:41.421Z,B41,Chesapeake,dd7385f2-fbd4-41a4-afcd-7296aca5e198,SAMMS-ChesapeakeV5
202608292054381358,202608291904436493,202608291904434406,85,3378,Bronze INV,br_ReAssessmentLegal,TASK_COMPLETE,SUCCESS,INFO,1912,1912,0,,2026-08-29T19:04:49.126Z,2026-08-29T20:54:41.421Z,6592,2026-08-29T20:54:41.421Z,B42,Virginia Beach,dd7385f2-fbd4-41a4-afcd-7296aca5e198,SAMMS-VirginiaBeachV5
202608292054381359,202608291904436494,202608291904434406,85,3379,Bronze INV,br_ReAssessmentLegal,TASK_COMPLETE,SUCCESS,INFO,923,923,0,,2026-08-29T19:04:49.126Z,2026-08-29T20:54:41.421Z,6592,2026-08-29T20:54:41.421Z,B42A,Newport News,dd7385f2-fbd4-41a4-afcd-7296aca5e198,SAMMS-NewportNewsV5
202608292054381360,202608291904436495,202608291904434406,85,3380,Bronze INV,br_ReAssessmentLegal,TASK_COMPLETE,SUCCESS,INFO,507,507,0,,2026-08-29T19:04:49.126Z,2026-08-29T20:54:41.421Z,6592,2026-08-29T20:54:41.421Z,B42B,Franklin,dd7385f2-fbd4-41a4-afcd-7296aca5e198,SAMMS-FranklinV5
202608292054381361,202608291904436496,202608291904434406,85,3381,Bronze INV,br_ReAssessmentLegal,TASK_COMPLETE,SUCCESS,INFO,340,340,0,,2026-08-29T19:04:49.126Z,2026-08-29T20:54:41.421Z,6592,2026-08-29T20:54:41.421Z,B42C,Glen Allen,dd7385f2-fbd4-41a4-afcd-7296aca5e198,SAMMS-GlenAllenV5
202608292054381362,202608291904436497,202608291904434406,85,3382,Bronze INV,br_ReAssessmentLegal,TASK_COMPLETE,SUCCESS,INFO,1479,1479,0,,2026-08-29T19:04:49.126Z,2026-08-29T20:54:41.421Z,6592,2026-08-29T20:54:41.421Z,B42D,Chesapeake South,dd7385f2-fbd4-41a4-afcd-7296aca5e198,SAMMS-ChesapeakeSouthV5
202608292054381363,202608291904436498,202608291904434406,85,3383,Bronze INV,br_ReAssessmentLegal,TASK_COMPLETE,SUCCESS,INFO,633,633,0,,2026-08-29T19:04:49.126Z,2026-08-29T20:54:41.421Z,6592,2026-08-29T20:54:41.421Z,B44,Albany,dd7385f2-fbd4-41a4-afcd-7296aca5e198,SAMMS-AlbanyV5
202608292054381365,202608291904436499,202608291904434406,85,3384,Bronze INV,br_ReAssessmentLegal,TASK_COMPLETE,SUCCESS,INFO,1267,1267,0,,2026-08-29T19:04:49.126Z,2026-08-29T20:54:41.421Z,6592,2026-08-29T20:54:41.421Z,B45,Tifton,dd7385f2-fbd4-41a4-afcd-7296aca5e198,SAMMS-TiftonV5
202608292054381366,202608291904436500,202608291904434406,85,3385,Bronze INV,br_ReAssessmentLegal,TASK_COMPLETE,SUCCESS,INFO,588,588,0,,2026-08-29T19:04:49.126Z,2026-08-29T20:54:41.421Z,6592,2026-08-29T20:54:41.421Z,B46,Washington DC,dd7385f2-fbd4-41a4-afcd-7296aca5e198,SAMMS-WashingtonDCv5
202608292054381367,202608291904436501,202608291904434406,85,3386,Bronze INV,br_ReAssessmentLegal,TASK_COMPLETE,SUCCESS,INFO,1557,1557,0,,2026-08-29T19:04:49.126Z,2026-08-29T20:54:41.421Z,6592,2026-08-29T20:54:41.421Z,B47,Mobile,dd7385f2-fbd4-41a4-afcd-7296aca5e198,SAMMS-MobileV5
202608292054381368,202608291904436502,202608291904434406,85,3387,Bronze INV,br_ReAssessmentLegal,TASK_COMPLETE,SUCCESS,INFO,1296,1296,0,,2026-08-29T19:04:49.126Z,2026-08-29T20:54:41.421Z,6592,2026-08-29T20:54:41.421Z,B48,Tuscaloosa,dd7385f2-fbd4-41a4-afcd-7296aca5e198,SAMMS-TuscaloosaV5
202608292054381369,202608291904436503,202608291904434406,85,3396,Bronze INV,br_ReAssessmentLegal,TASK_COMPLETE,SUCCESS,INFO,2,2,0,,2026-08-29T19:04:49.126Z,2026-08-29T20:54:41.421Z,6592,2026-08-29T20:54:41.421Z,B51,N. Little Rock (OTP),dd7385f2-fbd4-41a4-afcd-7296aca5e198,SAMMS-NorthLittleRockV6
202608292054381385,202608291904436504,202608291904434406,85,3397,Bronze INV,br_ReAssessmentLegal,TASK_COMPLETE,SUCCESS,INFO,454,454,0,,2026-08-29T19:04:49.126Z,2026-08-29T20:54:41.421Z,6592,2026-08-29T20:54:41.421Z,B52,Jackson GA,dd7385f2-fbd4-41a4-afcd-7296aca5e198,SAMMS-JacksonGAV5
202608292054381387,202608291904436505,202608291904434406,85,3398,Bronze INV,br_ReAssessmentLegal,TASK_COMPLETE,SUCCESS,INFO,1702,1702,0,,2026-08-29T19:04:49.126Z,2026-08-29T20:54:41.421Z,6592,2026-08-29T20:54:41.421Z,B54,Gadsden,dd7385f2-fbd4-41a4-afcd-7296aca5e198,SAMMS-GadsdenV5
202608292054381388,202608291904436506,202608291904434406,85,3399,Bronze INV,br_ReAssessmentLegal,TASK_COMPLETE,SUCCESS,INFO,946,946,0,,2026-08-29T19:04:49.126Z,2026-08-29T20:54:41.421Z,6592,2026-08-29T20:54:41.421Z,B55,Shoals,dd7385f2-fbd4-41a4-afcd-7296aca5e198,SAMMS-ShoalsV5
202608292054381389,202608291904436507,202608291904434406,85,3400,Bronze INV,br_ReAssessmentLegal,TASK_COMPLETE,SUCCESS,INFO,294,294,0,,2026-08-29T19:04:49.126Z,2026-08-29T20:54:41.421Z,6592,2026-08-29T20:54:41.421Z,B57,Pawtucket,dd7385f2-fbd4-41a4-afcd-7296aca5e198,SAMMS-Pawtucket
202608292054381390,202608291904436508,202608291904434406,85,3401,Bronze INV,br_ReAssessmentLegal,TASK_COMPLETE,SUCCESS,INFO,550,550,0,,2026-08-29T19:04:49.126Z,2026-08-29T20:54:41.421Z,6592,2026-08-29T20:54:41.421Z,B57A,Johnston,dd7385f2-fbd4-41a4-afcd-7296aca5e198,SAMMS-Johnston
202608292054381391,202608291904436509,202608291904434406,85,3402,Bronze INV,br_ReAssessmentLegal,TASK_COMPLETE,SUCCESS,INFO,164,164,0,,2026-08-29T19:04:49.126Z,2026-08-29T20:54:41.421Z,6592,2026-08-29T20:54:41.421Z,B57B,Middletown,dd7385f2-fbd4-41a4-afcd-7296aca5e198,SAMMS-Middletown
202608292054381392,202608291904436510,202608291904434406,85,3403,Bronze INV,br_ReAssessmentLegal,TASK_COMPLETE,SUCCESS,INFO,411,411,0,,2026-08-29T19:04:49.126Z,2026-08-29T20:54:41.421Z,6592,2026-08-29T20:54:41.421Z,B57C,Providence,dd7385f2-fbd4-41a4-afcd-7296aca5e198,SAMMS-Providence
202608292054381393,202608291904436511,202608291904434406,85,3404,Bronze INV,br_ReAssessmentLegal,TASK_COMPLETE,SUCCESS,INFO,622,622,0,,2026-08-29T19:04:49.126Z,2026-08-29T20:54:41.421Z,6592,2026-08-29T20:54:41.421Z,B57D,Westerly,dd7385f2-fbd4-41a4-afcd-7296aca5e198,SAMMS-Westerly
202608292054381394,202608291904436512,202608291904434406,85,3408,Bronze INV,br_ReAssessmentLegal,TASK_COMPLETE,SUCCESS,INFO,4,4,0,,2026-08-29T19:04:49.126Z,2026-08-29T20:54:41.421Z,6592,2026-08-29T20:54:41.421Z,B66A,Bremen,dd7385f2-fbd4-41a4-afcd-7296aca5e198,SAMMS-Bremen
202608292054381395,202608291904436513,202608291904434406,85,3411,Bronze INV,br_ReAssessmentLegal,TASK_COMPLETE,SUCCESS,INFO,0,0,0,,2026-08-29T19:04:49.126Z,2026-08-29T20:54:41.421Z,6592,2026-08-29T20:54:41.421Z,B72,Mobile (OBOT),dd7385f2-fbd4-41a4-afcd-7296aca5e198,SAMMS-Mobile-OBOT
202608292054381396,202608291904436514,202608291904434406,85,3412,Bronze INV,br_ReAssessmentLegal,TASK_COMPLETE,SUCCESS,INFO,0,0,0,,2026-08-29T19:04:49.126Z,2026-08-29T20:54:41.421Z,6592,2026-08-29T20:54:41.421Z,B73,Montgomery,dd7385f2-fbd4-41a4-afcd-7296aca5e198,SAMMS-Montgomery
202608292054381398,202608291904436515,202608291904434406,85,3413,Bronze INV,br_ReAssessmentLegal,TASK_COMPLETE,SUCCESS,INFO,516,516,0,,2026-08-29T19:04:49.126Z,2026-08-29T20:54:41.421Z,6592,2026-08-29T20:54:41.421Z,B75,Lawrence,dd7385f2-fbd4-41a4-afcd-7296aca5e198,SAMMS-LawrenceV6
202608292054381399,202608291904436516,202608291904434406,85,3414,Bronze INV,br_ReAssessmentLegal,TASK_COMPLETE,SUCCESS,INFO,0,0,0,,2026-08-29T19:04:49.126Z,2026-08-29T20:54:41.421Z,6592,2026-08-29T20:54:41.421Z,B76,Huntsville OBOT,dd7385f2-fbd4-41a4-afcd-7296aca5e198,SAMMS-Huntsville-OBOT
202608292054381400,202608291904436517,202608291904434406,85,3415,Bronze INV,br_ReAssessmentLegal,TASK_COMPLETE,SUCCESS,INFO,0,0,0,,2026-08-29T19:04:49.126Z,2026-08-29T20:54:41.421Z,6592,2026-08-29T20:54:41.421Z,BAT,Batesville,dd7385f2-fbd4-41a4-afcd-7296aca5e198,SAMMS-Batesville
202608292054381401,202608291904436518,202608291904434406,85,3416,Bronze INV,br_ReAssessmentLegal,TASK_COMPLETE,SUCCESS,INFO,460,460,0,,2026-08-29T19:04:49.126Z,2026-08-29T20:54:41.421Z,6592,2026-08-29T20:54:41.421Z,BG,Bowling Green,dd7385f2-fbd4-41a4-afcd-7296aca5e198,SAMMS-BowlingGreen
202608292054381402,202608291904436519,202608291904434406,85,3417,Bronze INV,br_ReAssessmentLegal,TASK_COMPLETE,SUCCESS,INFO,180,180,0,,2026-08-29T19:04:49.126Z,2026-08-29T20:54:41.421Z,6592,2026-08-29T20:54:41.421Z,BOI,Boise,dd7385f2-fbd4-41a4-afcd-7296aca5e198,SAMMS-Boise
202608292054381403,202608291904436520,202608291904434406,85,3424,Bronze INV,br_ReAssessmentLegal,TASK_COMPLETE,SUCCESS,INFO,51,51,0,,2026-08-29T19:04:49.126Z,2026-08-29T20:54:41.421Z,6592,2026-08-29T20:54:41.421Z,CBCO,Coeur dAlene,dd7385f2-fbd4-41a4-afcd-7296aca5e198,SAMMS-CoeurdAleneV6
202608292054381404,202608291904436521,202608291904434406,85,3443,Bronze INV,br_ReAssessmentLegal,TASK_COMPLETE,SUCCESS,INFO,0,0,0,,2026-08-29T19:04:49.126Z,2026-08-29T20:54:41.421Z,6592,2026-08-29T20:54:41.421Z,CON,Conway,dd7385f2-fbd4-41a4-afcd-7296aca5e198,SAMMS-Conway
202608292054381405,202608291904436522,202608291904434406,85,3444,Bronze INV,br_ReAssessmentLegal,TASK_COMPLETE,SUCCESS,INFO,2568,2568,0,,2026-08-29T19:04:49.126Z,2026-08-29T20:54:41.421Z,6592,2026-08-29T20:54:41.421Z,D07,Medical Services Knox TN,dd7385f2-fbd4-41a4-afcd-7296aca5e198,SAMMS-KnoxvilleV6
202608292054381406,202608291904436523,202608291904434406,85,3445,Bronze INV,br_ReAssessmentLegal,TASK_COMPLETE,SUCCESS,INFO,111,111,0,,2026-08-29T19:04:49.126Z,2026-08-29T20:54:41.421Z,6592,2026-08-29T20:54:41.421Z,D08,Madison,dd7385f2-fbd4-41a4-afcd-7296aca5e198,SAMMS-MadisonV6
202608292054381407,202608291904436524,202608291904434406,85,3447,Bronze INV,br_ReAssessmentLegal,TASK_COMPLETE,SUCCESS,INFO,117,117,0,,2026-08-29T19:04:49.126Z,2026-08-29T20:54:41.421Z,6592,2026-08-29T20:54:41.421Z,D09,Murfreesboro,dd7385f2-fbd4-41a4-afcd-7296aca5e198,SAMMS-MurfreesboroV6
202608292054381408,202608291904436525,202608291904434406,85,3448,Bronze INV,br_ReAssessmentLegal,TASK_COMPLETE,SUCCESS,INFO,335,335,0,,2026-08-29T19:04:49.126Z,2026-08-29T20:54:41.421Z,6592,2026-08-29T20:54:41.421Z,DA,Davenport,dd7385f2-fbd4-41a4-afcd-7296aca5e198,SAMMS-Davenport
202608292054381410,202608291904436526,202608291904434406,85,3449,Bronze INV,br_ReAssessmentLegal,TASK_COMPLETE,SUCCESS,INFO,287,287,0,,2026-08-29T19:04:49.126Z,2026-08-29T20:54:41.421Z,6592,2026-08-29T20:54:41.421Z,DM,Des Moines,dd7385f2-fbd4-41a4-afcd-7296aca5e198,SAMMS-DesMoines
202608292054381411,202608291904436527,202608291904434406,85,3451,Bronze INV,br_ReAssessmentLegal,TASK_COMPLETE,SUCCESS,INFO,529,529,0,,2026-08-29T19:04:49.126Z,2026-08-29T20:54:41.421Z,6592,2026-08-29T20:54:41.421Z,DRD-CO,Columbia MO,dd7385f2-fbd4-41a4-afcd-7296aca5e198,SAMMS-ColumbiaV5
202608292054381412,202608291904436528,202608291904434406,85,3452,Bronze INV,br_ReAssessmentLegal,TASK_COMPLETE,SUCCESS,INFO,346,346,0,,2026-08-29T19:04:49.126Z,2026-08-29T20:54:41.421Z,6592,2026-08-29T20:54:41.421Z,DRD-KC,KC,dd7385f2-fbd4-41a4-afcd-7296aca5e198,SAMMS-KCv5
202608292054381413,202608291904436529,202608291904434406,85,3453,Bronze INV,br_ReAssessmentLegal,TASK_COMPLETE,SUCCESS,INFO,1551,1551,0,,2026-08-29T19:04:49.126Z,2026-08-29T20:54:41.421Z,6592,2026-08-29T20:54:41.421Z,DRD-KVB,KVB,dd7385f2-fbd4-41a4-afcd-7296aca5e198,SAMMS-KVBv5
202608292054381414,202608291904436530,202608291904434406,85,3454,Bronze INV,br_ReAssessmentLegal,TASK_COMPLETE,SUCCESS,INFO,1672,1672,0,,2026-08-29T19:04:49.126Z,2026-08-29T20:54:41.421Z,6592,2026-08-29T20:54:41.421Z,DRD-KVC,KVC,dd7385f2-fbd4-41a4-afcd-7296aca5e198,SAMMS-KVCv5
202608292054381415,202608291904436531,202608291904434406,85,3455,Bronze INV,br_ReAssessmentLegal,TASK_COMPLETE,SUCCESS,INFO,3202,3202,0,,2026-08-29T19:04:49.126Z,2026-08-29T20:54:41.421Z,6592,2026-08-29T20:54:41.421Z,DRD-NOLA,NOLA,dd7385f2-fbd4-41a4-afcd-7296aca5e198,SAMMS-NOLAv5
202608292054381416,202608291904436532,202608291904434406,85,3456,Bronze INV,br_ReAssessmentLegal,TASK_COMPLETE,SUCCESS,INFO,798,798,0,,2026-08-29T19:04:49.126Z,2026-08-29T20:54:41.421Z,6592,2026-08-29T20:54:41.421Z,DRD-SF,Springfield,dd7385f2-fbd4-41a4-afcd-7296aca5e198,SAMMS-SFv5
202608292054381417,202608291904436533,202608291904434406,85,3458,Bronze INV,br_ReAssessmentLegal,TASK_COMPLETE,SUCCESS,INFO,260,260,0,,2026-08-29T19:04:49.126Z,2026-08-29T20:54:41.421Z,6592,2026-08-29T20:54:41.421Z,ELC,Elizabeth City,dd7385f2-fbd4-41a4-afcd-7296aca5e198,SAMMS-ElizabethCity
202608292054381418,202608291904436534,202608291904434406,85,3459,Bronze INV,br_ReAssessmentLegal,TASK_COMPLETE,SUCCESS,INFO,128,128,0,,2026-08-29T19:04:49.126Z,2026-08-29T20:54:41.421Z,6592,2026-08-29T20:54:41.421Z,ET,Elizabethtown,dd7385f2-fbd4-41a4-afcd-7296aca5e198,SAMMS-Elizabethtown
202608292054381419,202608291904436535,202608291904434406,85,3460,Bronze INV,br_ReAssessmentLegal,TASK_COMPLETE,SUCCESS,INFO,0,0,0,,2026-08-29T19:04:49.126Z,2026-08-29T20:54:41.421Z,6592,2026-08-29T20:54:41.421Z,FAY,Fayetteville,dd7385f2-fbd4-41a4-afcd-7296aca5e198,SAMMS-Fayetteville
202608292054381420,202608291904436536,202608291904434406,85,3461,Bronze INV,br_ReAssessmentLegal,TASK_COMPLETE,SUCCESS,INFO,156,156,0,,2026-08-29T19:04:49.126Z,2026-08-29T20:54:41.421Z,6592,2026-08-29T20:54:41.421Z,FR,Frankfort,dd7385f2-fbd4-41a4-afcd-7296aca5e198,SAMMS-Frankfort
202608292054381421,202608291904436537,202608291904434406,85,3462,Bronze INV,br_ReAssessmentLegal,TASK_COMPLETE,SUCCESS,INFO,0,0,0,,2026-08-29T19:04:49.126Z,2026-08-29T20:54:41.421Z,6592,2026-08-29T20:54:41.421Z,FS,Fort Smith,dd7385f2-fbd4-41a4-afcd-7296aca5e198,SAMMS-FortSmith
202608292054381423,202608291904436538,202608291904434406,85,3463,Bronze INV,br_ReAssessmentLegal,TASK_COMPLETE,SUCCESS,INFO,466,466,0,,2026-08-29T19:04:49.126Z,2026-08-29T20:54:41.421Z,6592,2026-08-29T20:54:41.421Z,FW,Fort Wayne,dd7385f2-fbd4-41a4-afcd-7296aca5e198,SAMMS-FortWayne
202608292054381424,202608291904436539,202608291904434406,85,3464,Bronze INV,br_ReAssessmentLegal,TASK_COMPLETE,SUCCESS,INFO,273,273,0,,2026-08-29T19:04:49.126Z,2026-08-29T20:54:41.421Z,6592,2026-08-29T20:54:41.421Z,GAL,Gaylord,dd7385f2-fbd4-41a4-afcd-7296aca5e198,SAMMS-Gaylord
202608292054381425,202608291904436540,202608291904434406,85,3468,Bronze INV,br_ReAssessmentLegal,TASK_COMPLETE,SUCCESS,INFO,100,100,0,,2026-08-29T19:04:49.126Z,2026-08-29T20:54:41.421Z,6592,2026-08-29T20:54:41.421Z,HGT,Hagerstown,dd7385f2-fbd4-41a4-afcd-7296aca5e198,SAMMS-Hagerstown
202608292054381426,202608291904436541,202608291904434406,85,3469,Bronze INV,br_ReAssessmentLegal,TASK_COMPLETE,SUCCESS,INFO,1723,1723,0,,2026-08-29T19:04:49.126Z,2026-08-29T20:54:41.421Z,6592,2026-08-29T20:54:41.421Z,HNT,Huntsville,dd7385f2-fbd4-41a4-afcd-7296aca5e198,SAMMS-Huntsville
202608292054381427,202608291904436542,202608291904434406,85,3470,Bronze INV,br_ReAssessmentLegal,TASK_COMPLETE,SUCCESS,INFO,0,0,0,,2026-08-29T19:04:49.126Z,2026-08-29T20:54:41.421Z,6592,2026-08-29T20:54:41.421Z,HS,Hot Springs,dd7385f2-fbd4-41a4-afcd-7296aca5e198,SAMMS-HotSprings
202608292054381428,202608291904436543,202608291904434406,85,3471,Bronze INV,br_ReAssessmentLegal,TASK_COMPLETE,SUCCESS,INFO,0,0,0,,2026-08-29T19:04:49.126Z,2026-08-29T20:54:41.421Z,6592,2026-08-29T20:54:41.421Z,JON,Jonesboro,dd7385f2-fbd4-41a4-afcd-7296aca5e198,SAMMS-Jonesboro
202608292054381429,202608291904436544,202608291904434406,85,3473,Bronze INV,br_ReAssessmentLegal,TASK_COMPLETE,SUCCESS,INFO,445,445,0,,2026-08-29T19:04:49.126Z,2026-08-29T20:54:41.421Z,6592,2026-08-29T20:54:41.421Z,LAN,Lansing,dd7385f2-fbd4-41a4-afcd-7296aca5e198,SAMMS-Lansing
202608292054381430,202608291904436545,202608291904434406,85,3474,Bronze INV,br_ReAssessmentLegal,TASK_COMPLETE,SUCCESS,INFO,1286,1286,0,,2026-08-29T19:04:49.126Z,2026-08-29T20:54:41.421Z,6592,2026-08-29T20:54:41.421Z,LO,Louisville,dd7385f2-fbd4-41a4-afcd-7296aca5e198,SAMMS-Louisville
202608292054381431,202608291904436546,202608291904434406,85,3475,Bronze INV,br_ReAssessmentLegal,TASK_COMPLETE,SUCCESS,INFO,291,291,0,,2026-08-29T19:04:49.126Z,2026-08-29T20:54:41.421Z,6592,2026-08-29T20:54:41.421Z,LV1,Cheyenne,dd7385f2-fbd4-41a4-afcd-7296aca5e198,SAMMS-Cheyenne
202608292054381432,202608291904436547,202608291904434406,85,3476,Bronze INV,br_ReAssessmentLegal,TASK_COMPLETE,SUCCESS,INFO,204,204,0,,2026-08-29T19:04:49.126Z,2026-08-29T20:54:41.421Z,6592,2026-08-29T20:54:41.421Z,LV2,Desert Inn,dd7385f2-fbd4-41a4-afcd-7296aca5e198,SAMMS-DesertInn
202608292054381433,202608291904436548,202608291904434406,85,3477,Bronze INV,br_ReAssessmentLegal,TASK_COMPLETE,SUCCESS,INFO,109,109,0,,2026-08-29T19:04:49.126Z,2026-08-29T20:54:41.421Z,6592,2026-08-29T20:54:41.421Z,LV3,McDaniel,dd7385f2-fbd4-41a4-afcd-7296aca5e198,SAMMS-McDaniel
202608292054381434,202608291904436549,202608291904434406,85,3480,Bronze INV,br_ReAssessmentLegal,TASK_COMPLETE,SUCCESS,INFO,358,358,0,,2026-08-29T19:04:49.126Z,2026-08-29T20:54:41.421Z,6592,2026-08-29T20:54:41.421Z,MNRE,Monroe,dd7385f2-fbd4-41a4-afcd-7296aca5e198,SAMMS-Monroe
202608292054381436,202608291904436550,202608291904434406,85,3481,Bronze INV,br_ReAssessmentLegal,TASK_COMPLETE,SUCCESS,INFO,1420,1420,0,,2026-08-29T19:04:49.126Z,2026-08-29T20:54:41.421Z,6592,2026-08-29T20:54:41.421Z,MP,Mt. Pleasant,dd7385f2-fbd4-41a4-afcd-7296aca5e198,SAMMS-MtPleasant
202608292054381437,202608291904436551,202608291904434406,85,3482,Bronze INV,br_ReAssessmentLegal,TASK_COMPLETE,SUCCESS,INFO,153,153,0,,2026-08-29T19:04:49.126Z,2026-08-29T20:54:41.421Z,6592,2026-08-29T20:54:41.421Z,MRD,Meridian,dd7385f2-fbd4-41a4-afcd-7296aca5e198,SAMMS-Meridian
202608292054381438,202608291904436552,202608291904434406,85,3487,Bronze INV,br_ReAssessmentLegal,TASK_COMPLETE,SUCCESS,INFO,693,693,0,,2026-08-29T19:04:49.126Z,2026-08-29T20:54:41.421Z,6592,2026-08-29T20:54:41.421Z,NC,North Charleston,dd7385f2-fbd4-41a4-afcd-7296aca5e198,SAMMS-NorthCharleston
202608292054381439,202608291904436553,202608291904434406,85,3488,Bronze INV,br_ReAssessmentLegal,TASK_COMPLETE,SUCCESS,INFO,0,0,0,,2026-08-29T19:04:49.126Z,2026-08-29T20:54:41.421Z,6592,2026-08-29T20:54:41.421Z,NLR,N. Little Rock,dd7385f2-fbd4-41a4-afcd-7296aca5e198,SAMMS-NLROBOT
202608292054381440,202608291904436554,202608291904434406,85,3489,Bronze INV,br_ReAssessmentLegal,TASK_COMPLETE,SUCCESS,INFO,111,111,0,,2026-08-29T19:04:49.126Z,2026-08-29T20:54:41.421Z,6592,2026-08-29T20:54:41.421Z,PH,Phoenix,dd7385f2-fbd4-41a4-afcd-7296aca5e198,SAMMS-Phoenix
202608292054381441,202608291904436555,202608291904434406,85,3493,Bronze INV,br_ReAssessmentLegal,TASK_COMPLETE,SUCCESS,INFO,212,212,0,,2026-08-29T19:04:49.126Z,2026-08-29T20:54:41.421Z,6592,2026-08-29T20:54:41.421Z,RE,Reno,dd7385f2-fbd4-41a4-afcd-7296aca5e198,SAMMS-Reno
202608292054381442,202608291904436556,202608291904434406,85,3494,Bronze INV,br_ReAssessmentLegal,TASK_COMPLETE,SUCCESS,INFO,88,88,0,,2026-08-29T19:04:49.126Z,2026-08-29T20:54:41.421Z,6592,2026-08-29T20:54:41.421Z,RMD,Richmond,dd7385f2-fbd4-41a4-afcd-7296aca5e198,SAMMS-Richmond
202609012114520867,202609011903674070,202609011903672005,85,3351,Bronze INV,br_ReAssessmentFamily,TASK_COMPLETE,SUCCESS,INFO,745,745,0,,2026-09-01T19:04:17.664Z,2026-09-01T21:14:55.846Z,7838,2026-09-01T21:14:55.846Z,VMIN,Minneapolis,0e5f68b5-5669-4bb1-91ce-4b967b620e7d,SAMMS-MinneapolisV6
202609012114520868,202609011903674071,202609011903672005,85,3352,Bronze INV,br_ReAssessmentFamily,TASK_COMPLETE,SUCCESS,INFO,884,884,0,,2026-09-01T19:04:17.664Z,2026-09-01T21:14:55.846Z,7838,2026-09-01T21:14:55.846Z,VWBY,Woodbury,0e5f68b5-5669-4bb1-91ce-4b967b620e7d,SAMMS-WoodburyV6
202609012114520869,202609011903674072,202609011903672005,85,3354,Bronze INV,br_ReAssessmentFamily,TASK_COMPLETE,SUCCESS,INFO,161,161,0,,2026-09-01T19:04:17.664Z,2026-09-01T21:14:55.846Z,7838,2026-09-01T21:14:55.846Z,WIL,Wilson,0e5f68b5-5669-4bb1-91ce-4b967b620e7d,SAMMS-Wilson
202609012114520870,202609011903674073,202609011903672005,85,3358,Bronze INV,br_ReAssessmentLegal,TASK_COMPLETE,SUCCESS,INFO,35,35,0,,2026-09-01T19:04:17.664Z,2026-09-01T21:14:55.846Z,7838,2026-09-01T21:14:55.846Z,AHK,Ahoskie,0e5f68b5-5669-4bb1-91ce-4b967b620e7d,SAMMS-Ahoskie
202609012114520872,202609011903674074,202609011903672005,85,3359,Bronze INV,br_ReAssessmentLegal,TASK_COMPLETE,SUCCESS,INFO,661,661,0,,2026-09-01T19:04:17.664Z,2026-09-01T21:14:55.846Z,7838,2026-09-01T21:14:55.846Z,B12B,Colorado Springs,0e5f68b5-5669-4bb1-91ce-4b967b620e7d,SAMMS-ColoradoSpringsV5
202609012114520873,202609011903674075,202609011903672005,85,3360,Bronze INV,br_ReAssessmentLegal,TASK_COMPLETE,SUCCESS,INFO,828,828,0,,2026-09-01T19:04:17.664Z,2026-09-01T21:14:55.846Z,7838,2026-09-01T21:14:55.846Z,B24,Paintsville,0e5f68b5-5669-4bb1-91ce-4b967b620e7d,SAMMS-PaintsvilleV5
202609012114520874,202609011903674076,202609011903672005,85,3361,Bronze INV,br_ReAssessmentLegal,TASK_COMPLETE,SUCCESS,INFO,646,646,0,,2026-09-01T19:04:17.664Z,2026-09-01T21:14:55.846Z,7838,2026-09-01T21:14:55.846Z,B25,Pikeville,0e5f68b5-5669-4bb1-91ce-4b967b620e7d,SAMMS-PikevilleV5
202609012114520875,202609011903674077,202609011903672005,85,3362,Bronze INV,br_ReAssessmentLegal,TASK_COMPLETE,SUCCESS,INFO,971,971,0,,2026-09-01T19:04:17.664Z,2026-09-01T21:14:55.846Z,7838,2026-09-01T21:14:55.846Z,B26,Hazard,0e5f68b5-5669-4bb1-91ce-4b967b620e7d,SAMMS-HazardV5
202609012114520876,202609011903674078,202609011903672005,85,3363,Bronze INV,br_ReAssessmentLegal,TASK_COMPLETE,SUCCESS,INFO,530,530,0,,2026-09-01T19:04:17.664Z,2026-09-01T21:14:55.846Z,7838,2026-09-01T21:14:55.846Z,B27,Savannah,0e5f68b5-5669-4bb1-91ce-4b967b620e7d,SAMMS-SavannahV6
202609012114520877,202609011903674079,202609011903672005,85,3364,Bronze INV,br_ReAssessmentLegal,TASK_COMPLETE,SUCCESS,INFO,245,245,0,,2026-09-01T19:04:17.664Z,2026-09-01T21:14:55.846Z,7838,2026-09-01T21:14:55.846Z,B28,West Plains,0e5f68b5-5669-4bb1-91ce-4b967b620e7d,SAMMS-WestPlainesV5
202609012114520878,202609011903674080,202609011903672005,85,3365,Bronze INV,br_ReAssessmentLegal,TASK_COMPLETE,SUCCESS,INFO,460,460,0,,2026-09-01T19:04:17.664Z,2026-09-01T21:14:55.846Z,7838,2026-09-01T21:14:55.846Z,B29,Poplar Bluff,0e5f68b5-5669-4bb1-91ce-4b967b620e7d,SAMMS-PoplarBluffV5
202609012114520880,202609011903674081,202609011903672005,85,3366,Bronze INV,br_ReAssessmentLegal,TASK_COMPLETE,SUCCESS,INFO,77,77,0,,2026-09-01T19:04:17.664Z,2026-09-01T21:14:55.846Z,7838,2026-09-01T21:14:55.846Z,B30,KC North,0e5f68b5-5669-4bb1-91ce-4b967b620e7d,SAMMS-KCNv5
202609012114520881,202609011903674082,202609011903672005,85,3367,Bronze INV,br_ReAssessmentLegal,TASK_COMPLETE,SUCCESS,INFO,400,400,0,,2026-09-01T19:04:17.664Z,2026-09-01T21:14:55.846Z,7838,2026-09-01T21:14:55.846Z,B31,Dyersburg,0e5f68b5-5669-4bb1-91ce-4b967b620e7d,SAMMS-DyersburgV5
202609012114520882,202609011903674083,202609011903672005,85,3369,Bronze INV,br_ReAssessmentLegal,TASK_COMPLETE,SUCCESS,INFO,487,487,0,,2026-09-01T19:04:17.664Z,2026-09-01T21:14:55.846Z,7838,2026-09-01T21:14:55.846Z,B33,Paducah,0e5f68b5-5669-4bb1-91ce-4b967b620e7d,SAMMS-Paducah
202609012114520883,202609011903674084,202609011903672005,85,3370,Bronze INV,br_ReAssessmentLegal,TASK_COMPLETE,SUCCESS,INFO,385,385,0,,2026-09-01T19:04:17.664Z,2026-09-01T21:14:55.846Z,7838,2026-09-01T21:14:55.846Z,B34,Corbin,0e5f68b5-5669-4bb1-91ce-4b967b620e7d,SAMMS-CorbinV5
202609012114520884,202609011903674085,202609011903672005,85,3371,Bronze INV,br_ReAssessmentLegal,TASK_COMPLETE,SUCCESS,INFO,239,239,0,,2026-09-01T19:04:17.664Z,2026-09-01T21:14:55.846Z,7838,2026-09-01T21:14:55.846Z,B35,Lexington,0e5f68b5-5669-4bb1-91ce-4b967b620e7d,SAMMS-LexingtonV5
202609012114520885,202609011903674086,202609011903672005,85,3372,Bronze INV,br_ReAssessmentLegal,TASK_COMPLETE,SUCCESS,INFO,77,77,0,,2026-09-01T19:04:17.664Z,2026-09-01T21:14:55.846Z,7838,2026-09-01T21:14:55.846Z,B35A,Berea,0e5f68b5-5669-4bb1-91ce-4b967b620e7d,SAMMS-BereaV5
202609012114520886,202609011903674087,202609011903672005,85,3373,Bronze INV,br_ReAssessmentLegal,TASK_COMPLETE,SUCCESS,INFO,20,20,0,,2026-09-01T19:04:17.664Z,2026-09-01T21:14:55.846Z,7838,2026-09-01T21:14:55.846Z,B36,Asheville,0e5f68b5-5669-4bb1-91ce-4b967b620e7d,SAMMS-AshevilleV5
202609012114520887,202609011903674088,202609011903672005,85,3374,Bronze INV,br_ReAssessmentLegal,TASK_COMPLETE,SUCCESS,INFO,1,1,0,,2026-09-01T19:04:17.664Z,2026-09-01T21:14:55.846Z,7838,2026-09-01T21:14:55.846Z,B37,Clyde,0e5f68b5-5669-4bb1-91ce-4b967b620e7d,SAMMS-ClydeV5
202609012114520889,202609011903674089,202609011903672005,85,3375,Bronze INV,br_ReAssessmentLegal,TASK_COMPLETE,SUCCESS,INFO,1188,1188,0,,2026-09-01T19:04:17.664Z,2026-09-01T21:14:55.846Z,7838,2026-09-01T21:14:55.846Z,B38,Spartanburg,0e5f68b5-5669-4bb1-91ce-4b967b620e7d,SAMMS-SpartanburgV5
202609012114520890,202609011903674090,202609011903672005,85,3376,Bronze INV,br_ReAssessmentLegal,TASK_COMPLETE,SUCCESS,INFO,362,362,0,,2026-09-01T19:04:17.664Z,2026-09-01T21:14:55.846Z,7838,2026-09-01T21:14:55.846Z,B39,Aiken,0e5f68b5-5669-4bb1-91ce-4b967b620e7d,SAMMS-AikenV5
202609012114520891,202609011903674091,202609011903672005,85,3377,Bronze INV,br_ReAssessmentLegal,TASK_COMPLETE,SUCCESS,INFO,1887,1887,0,,2026-09-01T19:04:17.664Z,2026-09-01T21:14:55.846Z,7838,2026-09-01T21:14:55.846Z,B41,Chesapeake,0e5f68b5-5669-4bb1-91ce-4b967b620e7d,SAMMS-ChesapeakeV5
202609012114520892,202609011903674092,202609011903672005,85,3378,Bronze INV,br_ReAssessmentLegal,TASK_COMPLETE,SUCCESS,INFO,1912,1912,0,,2026-09-01T19:04:17.664Z,2026-09-01T21:14:55.846Z,7838,2026-09-01T21:14:55.846Z,B42,Virginia Beach,0e5f68b5-5669-4bb1-91ce-4b967b620e7d,SAMMS-VirginiaBeachV5
202609012114520893,202609011903674093,202609011903672005,85,3379,Bronze INV,br_ReAssessmentLegal,TASK_COMPLETE,SUCCESS,INFO,923,923,0,,2026-09-01T19:04:17.664Z,2026-09-01T21:14:55.846Z,7838,2026-09-01T21:14:55.846Z,B42A,Newport News,0e5f68b5-5669-4bb1-91ce-4b967b620e7d,SAMMS-NewportNewsV5
202609012114520894,202609011903674094,202609011903672005,85,3380,Bronze INV,br_ReAssessmentLegal,TASK_COMPLETE,SUCCESS,INFO,507,507,0,,2026-09-01T19:04:17.664Z,2026-09-01T21:14:55.846Z,7838,2026-09-01T21:14:55.846Z,B42B,Franklin,0e5f68b5-5669-4bb1-91ce-4b967b620e7d,SAMMS-FranklinV5
202609012114520895,202609011903674095,202609011903672005,85,3381,Bronze INV,br_ReAssessmentLegal,TASK_COMPLETE,SUCCESS,INFO,340,340,0,,2026-09-01T19:04:17.664Z,2026-09-01T21:14:55.846Z,7838,2026-09-01T21:14:55.846Z,B42C,Glen Allen,0e5f68b5-5669-4bb1-91ce-4b967b620e7d,SAMMS-GlenAllenV5
202609012114520896,202609011903674096,202609011903672005,85,3382,Bronze INV,br_ReAssessmentLegal,TASK_COMPLETE,SUCCESS,INFO,1479,1479,0,,2026-09-01T19:04:17.664Z,2026-09-01T21:14:55.846Z,7838,2026-09-01T21:14:55.846Z,B42D,Chesapeake South,0e5f68b5-5669-4bb1-91ce-4b967b620e7d,SAMMS-ChesapeakeSouthV5
202609012114520898,202609011903674097,202609011903672005,85,3383,Bronze INV,br_ReAssessmentLegal,TASK_COMPLETE,SUCCESS,INFO,633,633,0,,2026-09-01T19:04:17.664Z,2026-09-01T21:14:55.846Z,7838,2026-09-01T21:14:55.846Z,B44,Albany,0e5f68b5-5669-4bb1-91ce-4b967b620e7d,SAMMS-AlbanyV5
202609012114520899,202609011903674098,202609011903672005,85,3384,Bronze INV,br_ReAssessmentLegal,TASK_COMPLETE,SUCCESS,INFO,1267,1267,0,,2026-09-01T19:04:17.664Z,2026-09-01T21:14:55.846Z,7838,2026-09-01T21:14:55.846Z,B45,Tifton,0e5f68b5-5669-4bb1-91ce-4b967b620e7d,SAMMS-TiftonV5
202609012114520900,202609011903674099,202609011903672005,85,3385,Bronze INV,br_ReAssessmentLegal,TASK_COMPLETE,SUCCESS,INFO,588,588,0,,2026-09-01T19:04:17.664Z,2026-09-01T21:14:55.846Z,7838,2026-09-01T21:14:55.846Z,B46,Washington DC,0e5f68b5-5669-4bb1-91ce-4b967b620e7d,SAMMS-WashingtonDCv5
202609012114520901,202609011903674100,202609011903672005,85,3386,Bronze INV,br_ReAssessmentLegal,TASK_COMPLETE,SUCCESS,INFO,1557,1557,0,,2026-09-01T19:04:17.664Z,2026-09-01T21:14:55.846Z,7838,2026-09-01T21:14:55.846Z,B47,Mobile,0e5f68b5-5669-4bb1-91ce-4b967b620e7d,SAMMS-MobileV5
202609012114520902,202609011903674101,202609011903672005,85,3387,Bronze INV,br_ReAssessmentLegal,TASK_COMPLETE,SUCCESS,INFO,1296,1296,0,,2026-09-01T19:04:17.664Z,2026-09-01T21:14:55.846Z,7838,2026-09-01T21:14:55.846Z,B48,Tuscaloosa,0e5f68b5-5669-4bb1-91ce-4b967b620e7d,SAMMS-TuscaloosaV5
202609012114520903,202609011903674102,202609011903672005,85,3396,Bronze INV,br_ReAssessmentLegal,TASK_COMPLETE,SUCCESS,INFO,2,2,0,,2026-09-01T19:04:17.664Z,2026-09-01T21:14:55.846Z,7838,2026-09-01T21:14:55.846Z,B51,N. Little Rock (OTP),0e5f68b5-5669-4bb1-91ce-4b967b620e7d,SAMMS-NorthLittleRockV6
202609012114520906,202609011903674103,202609011903672005,85,3397,Bronze INV,br_ReAssessmentLegal,TASK_COMPLETE,SUCCESS,INFO,454,454,0,,2026-09-01T19:04:17.664Z,2026-09-01T21:14:55.846Z,7838,2026-09-01T21:14:55.846Z,B52,Jackson GA,0e5f68b5-5669-4bb1-91ce-4b967b620e7d,SAMMS-JacksonGAV5
202609012114520907,202609011903674104,202609011903672005,85,3398,Bronze INV,br_ReAssessmentLegal,TASK_COMPLETE,SUCCESS,INFO,1702,1702,0,,2026-09-01T19:04:17.664Z,2026-09-01T21:14:55.846Z,7838,2026-09-01T21:14:55.846Z,B54,Gadsden,0e5f68b5-5669-4bb1-91ce-4b967b620e7d,SAMMS-GadsdenV5
202609012114520908,202609011903674105,202609011903672005,85,3399,Bronze INV,br_ReAssessmentLegal,TASK_COMPLETE,SUCCESS,INFO,946,946,0,,2026-09-01T19:04:17.664Z,2026-09-01T21:14:55.846Z,7838,2026-09-01T21:14:55.846Z,B55,Shoals,0e5f68b5-5669-4bb1-91ce-4b967b620e7d,SAMMS-ShoalsV5
202609012114520909,202609011903674106,202609011903672005,85,3400,Bronze INV,br_ReAssessmentLegal,TASK_COMPLETE,SUCCESS,INFO,294,294,0,,2026-09-01T19:04:17.664Z,2026-09-01T21:14:55.846Z,7838,2026-09-01T21:14:55.846Z,B57,Pawtucket,0e5f68b5-5669-4bb1-91ce-4b967b620e7d,SAMMS-Pawtucket
202609012114520911,202609011903674107,202609011903672005,85,3401,Bronze INV,br_ReAssessmentLegal,TASK_COMPLETE,SUCCESS,INFO,550,550,0,,2026-09-01T19:04:17.664Z,2026-09-01T21:14:55.846Z,7838,2026-09-01T21:14:55.846Z,B57A,Johnston,0e5f68b5-5669-4bb1-91ce-4b967b620e7d,SAMMS-Johnston
202609012114520912,202609011903674108,202609011903672005,85,3402,Bronze INV,br_ReAssessmentLegal,TASK_COMPLETE,SUCCESS,INFO,164,164,0,,2026-09-01T19:04:17.664Z,2026-09-01T21:14:55.846Z,7838,2026-09-01T21:14:55.846Z,B57B,Middletown,0e5f68b5-5669-4bb1-91ce-4b967b620e7d,SAMMS-Middletown
202609012114520913,202609011903674109,202609011903672005,85,3403,Bronze INV,br_ReAssessmentLegal,TASK_COMPLETE,SUCCESS,INFO,411,411,0,,2026-09-01T19:04:17.664Z,2026-09-01T21:14:55.846Z,7838,2026-09-01T21:14:55.846Z,B57C,Providence,0e5f68b5-5669-4bb1-91ce-4b967b620e7d,SAMMS-Providence
202609012114520914,202609011903674110,202609011903672005,85,3404,Bronze INV,br_ReAssessmentLegal,TASK_COMPLETE,SUCCESS,INFO,622,622,0,,2026-09-01T19:04:17.664Z,2026-09-01T21:14:55.846Z,7838,2026-09-01T21:14:55.846Z,B57D,Westerly,0e5f68b5-5669-4bb1-91ce-4b967b620e7d,SAMMS-Westerly
202609012114520915,202609011903674111,202609011903672005,85,3408,Bronze INV,br_ReAssessmentLegal,TASK_COMPLETE,SUCCESS,INFO,4,4,0,,2026-09-01T19:04:17.664Z,2026-09-01T21:14:55.846Z,7838,2026-09-01T21:14:55.846Z,B66A,Bremen,0e5f68b5-5669-4bb1-91ce-4b967b620e7d,SAMMS-Bremen
202609012114520916,202609011903674112,202609011903672005,85,3411,Bronze INV,br_ReAssessmentLegal,TASK_COMPLETE,SUCCESS,INFO,0,0,0,,2026-09-01T19:04:17.664Z,2026-09-01T21:14:55.846Z,7838,2026-09-01T21:14:55.846Z,B72,Mobile (OBOT),0e5f68b5-5669-4bb1-91ce-4b967b620e7d,SAMMS-Mobile-OBOT
202609012114520917,202609011903674113,202609011903672005,85,3412,Bronze INV,br_ReAssessmentLegal,TASK_COMPLETE,SUCCESS,INFO,0,0,0,,2026-09-01T19:04:17.664Z,2026-09-01T21:14:55.846Z,7838,2026-09-01T21:14:55.846Z,B73,Montgomery,0e5f68b5-5669-4bb1-91ce-4b967b620e7d,SAMMS-Montgomery
202609012114520918,202609011903674114,202609011903672005,85,3413,Bronze INV,br_ReAssessmentLegal,TASK_COMPLETE,SUCCESS,INFO,516,516,0,,2026-09-01T19:04:17.664Z,2026-09-01T21:14:55.846Z,7838,2026-09-01T21:14:55.846Z,B75,Lawrence,0e5f68b5-5669-4bb1-91ce-4b967b620e7d,SAMMS-LawrenceV6
202609012114520920,202609011903674115,202609011903672005,85,3414,Bronze INV,br_ReAssessmentLegal,TASK_COMPLETE,SUCCESS,INFO,0,0,0,,2026-09-01T19:04:17.664Z,2026-09-01T21:14:55.846Z,7838,2026-09-01T21:14:55.846Z,B76,Huntsville OBOT,0e5f68b5-5669-4bb1-91ce-4b967b620e7d,SAMMS-Huntsville-OBOT
202609012114520921,202609011903674116,202609011903672005,85,3415,Bronze INV,br_ReAssessmentLegal,TASK_COMPLETE,SUCCESS,INFO,0,0,0,,2026-09-01T19:04:17.664Z,2026-09-01T21:14:55.846Z,7838,2026-09-01T21:14:55.846Z,BAT,Batesville,0e5f68b5-5669-4bb1-91ce-4b967b620e7d,SAMMS-Batesville
202609012114520922,202609011903674117,202609011903672005,85,3416,Bronze INV,br_ReAssessmentLegal,TASK_COMPLETE,SUCCESS,INFO,460,460,0,,2026-09-01T19:04:17.664Z,2026-09-01T21:14:55.846Z,7838,2026-09-01T21:14:55.846Z,BG,Bowling Green,0e5f68b5-5669-4bb1-91ce-4b967b620e7d,SAMMS-BowlingGreen
202609012114520923,202609011903674118,202609011903672005,85,3417,Bronze INV,br_ReAssessmentLegal,TASK_COMPLETE,SUCCESS,INFO,180,180,0,,2026-09-01T19:04:17.664Z,2026-09-01T21:14:55.846Z,7838,2026-09-01T21:14:55.846Z,BOI,Boise,0e5f68b5-5669-4bb1-91ce-4b967b620e7d,SAMMS-Boise
202609012114520924,202609011903674119,202609011903672005,85,3424,Bronze INV,br_ReAssessmentLegal,TASK_COMPLETE,SUCCESS,INFO,51,51,0,,2026-09-01T19:04:17.664Z,2026-09-01T21:14:55.846Z,7838,2026-09-01T21:14:55.846Z,CBCO,Coeur dAlene,0e5f68b5-5669-4bb1-91ce-4b967b620e7d,SAMMS-CoeurdAleneV6
202609012114520925,202609011903674120,202609011903672005,85,3443,Bronze INV,br_ReAssessmentLegal,TASK_COMPLETE,SUCCESS,INFO,0,0,0,,2026-09-01T19:04:17.664Z,2026-09-01T21:14:55.846Z,7838,2026-09-01T21:14:55.846Z,CON,Conway,0e5f68b5-5669-4bb1-91ce-4b967b620e7d,SAMMS-Conway
202609012114520926,202609011903674121,202609011903672005,85,3444,Bronze INV,br_ReAssessmentLegal,TASK_COMPLETE,SUCCESS,INFO,2568,2568,0,,2026-09-01T19:04:17.664Z,2026-09-01T21:14:55.846Z,7838,2026-09-01T21:14:55.846Z,D07,Medical Services Knox TN,0e5f68b5-5669-4bb1-91ce-4b967b620e7d,SAMMS-KnoxvilleV6
202609012114520928,202609011903674122,202609011903672005,85,3445,Bronze INV,br_ReAssessmentLegal,TASK_COMPLETE,SUCCESS,INFO,111,111,0,,2026-09-01T19:04:17.664Z,2026-09-01T21:14:55.846Z,7838,2026-09-01T21:14:55.846Z,D08,Madison,0e5f68b5-5669-4bb1-91ce-4b967b620e7d,SAMMS-MadisonV6
202609012114520929,202609011903674123,202609011903672005,85,3447,Bronze INV,br_ReAssessmentLegal,TASK_COMPLETE,SUCCESS,INFO,117,117,0,,2026-09-01T19:04:17.664Z,2026-09-01T21:14:55.846Z,7838,2026-09-01T21:14:55.846Z,D09,Murfreesboro,0e5f68b5-5669-4bb1-91ce-4b967b620e7d,SAMMS-MurfreesboroV6
202609012114520930,202609011903674124,202609011903672005,85,3448,Bronze INV,br_ReAssessmentLegal,TASK_COMPLETE,SUCCESS,INFO,335,335,0,,2026-09-01T19:04:17.664Z,2026-09-01T21:14:55.846Z,7838,2026-09-01T21:14:55.846Z,DA,Davenport,0e5f68b5-5669-4bb1-91ce-4b967b620e7d,SAMMS-Davenport
202609012114520931,202609011903674125,202609011903672005,85,3449,Bronze INV,br_ReAssessmentLegal,TASK_COMPLETE,SUCCESS,INFO,287,287,0,,2026-09-01T19:04:17.664Z,2026-09-01T21:14:55.846Z,7838,2026-09-01T21:14:55.846Z,DM,Des Moines,0e5f68b5-5669-4bb1-91ce-4b967b620e7d,SAMMS-DesMoines
202609012114520932,202609011903674126,202609011903672005,85,3451,Bronze INV,br_ReAssessmentLegal,TASK_COMPLETE,SUCCESS,INFO,529,529,0,,2026-09-01T19:04:17.664Z,2026-09-01T21:14:55.846Z,7838,2026-09-01T21:14:55.846Z,DRD-CO,Columbia MO,0e5f68b5-5669-4bb1-91ce-4b967b620e7d,SAMMS-ColumbiaV5
202609012114520933,202609011903674127,202609011903672005,85,3452,Bronze INV,br_ReAssessmentLegal,TASK_COMPLETE,SUCCESS,INFO,346,346,0,,2026-09-01T19:04:17.664Z,2026-09-01T21:14:55.846Z,7838,2026-09-01T21:14:55.846Z,DRD-KC,KC,0e5f68b5-5669-4bb1-91ce-4b967b620e7d,SAMMS-KCv5
202609012114520934,202609011903674128,202609011903672005,85,3453,Bronze INV,br_ReAssessmentLegal,TASK_COMPLETE,SUCCESS,INFO,1551,1551,0,,2026-09-01T19:04:17.664Z,2026-09-01T21:14:55.846Z,7838,2026-09-01T21:14:55.846Z,DRD-KVB,KVB,0e5f68b5-5669-4bb1-91ce-4b967b620e7d,SAMMS-KVBv5
202609012114520935,202609011903674129,202609011903672005,85,3454,Bronze INV,br_ReAssessmentLegal,TASK_COMPLETE,SUCCESS,INFO,1672,1672,0,,2026-09-01T19:04:17.664Z,2026-09-01T21:14:55.846Z,7838,2026-09-01T21:14:55.846Z,DRD-KVC,KVC,0e5f68b5-5669-4bb1-91ce-4b967b620e7d,SAMMS-KVCv5
202609012114520937,202609011903674130,202609011903672005,85,3455,Bronze INV,br_ReAssessmentLegal,TASK_COMPLETE,SUCCESS,INFO,3202,3202,0,,2026-09-01T19:04:17.664Z,2026-09-01T21:14:55.846Z,7838,2026-09-01T21:14:55.846Z,DRD-NOLA,NOLA,0e5f68b5-5669-4bb1-91ce-4b967b620e7d,SAMMS-NOLAv5
202609012114520938,202609011903674131,202609011903672005,85,3456,Bronze INV,br_ReAssessmentLegal,TASK_COMPLETE,SUCCESS,INFO,798,798,0,,2026-09-01T19:04:17.664Z,2026-09-01T21:14:55.846Z,7838,2026-09-01T21:14:55.846Z,DRD-SF,Springfield,0e5f68b5-5669-4bb1-91ce-4b967b620e7d,SAMMS-SFv5
202609012114520939,202609011903674132,202609011903672005,85,3458,Bronze INV,br_ReAssessmentLegal,TASK_COMPLETE,SUCCESS,INFO,260,260,0,,2026-09-01T19:04:17.664Z,2026-09-01T21:14:55.846Z,7838,2026-09-01T21:14:55.846Z,ELC,Elizabeth City,0e5f68b5-5669-4bb1-91ce-4b967b620e7d,SAMMS-ElizabethCity
202609012114520940,202609011903674133,202609011903672005,85,3459,Bronze INV,br_ReAssessmentLegal,TASK_COMPLETE,SUCCESS,INFO,128,128,0,,2026-09-01T19:04:17.664Z,2026-09-01T21:14:55.846Z,7838,2026-09-01T21:14:55.846Z,ET,Elizabethtown,0e5f68b5-5669-4bb1-91ce-4b967b620e7d,SAMMS-Elizabethtown
202609012114520941,202609011903674134,202609011903672005,85,3460,Bronze INV,br_ReAssessmentLegal,TASK_COMPLETE,SUCCESS,INFO,0,0,0,,2026-09-01T19:04:17.664Z,2026-09-01T21:14:55.846Z,7838,2026-09-01T21:14:55.846Z,FAY,Fayetteville,0e5f68b5-5669-4bb1-91ce-4b967b620e7d,SAMMS-Fayetteville
202609012114520942,202609011903674135,202609011903672005,85,3461,Bronze INV,br_ReAssessmentLegal,TASK_COMPLETE,SUCCESS,INFO,156,156,0,,2026-09-01T19:04:17.664Z,2026-09-01T21:14:55.846Z,7838,2026-09-01T21:14:55.846Z,FR,Frankfort,0e5f68b5-5669-4bb1-91ce-4b967b620e7d,SAMMS-Frankfort
202609012114520943,202609011903674136,202609011903672005,85,3462,Bronze INV,br_ReAssessmentLegal,TASK_COMPLETE,SUCCESS,INFO,0,0,0,,2026-09-01T19:04:17.664Z,2026-09-01T21:14:55.846Z,7838,2026-09-01T21:14:55.846Z,FS,Fort Smith,0e5f68b5-5669-4bb1-91ce-4b967b620e7d,SAMMS-FortSmith
202609012114520944,202609011903674137,202609011903672005,85,3463,Bronze INV,br_ReAssessmentLegal,TASK_COMPLETE,SUCCESS,INFO,466,466,0,,2026-09-01T19:04:17.664Z,2026-09-01T21:14:55.846Z,7838,2026-09-01T21:14:55.846Z,FW,Fort Wayne,0e5f68b5-5669-4bb1-91ce-4b967b620e7d,SAMMS-FortWayne
202609012114520946,202609011903674138,202609011903672005,85,3464,Bronze INV,br_ReAssessmentLegal,TASK_COMPLETE,SUCCESS,INFO,273,273,0,,2026-09-01T19:04:17.664Z,2026-09-01T21:14:55.846Z,7838,2026-09-01T21:14:55.846Z,GAL,Gaylord,0e5f68b5-5669-4bb1-91ce-4b967b620e7d,SAMMS-Gaylord
202609012114520947,202609011903674139,202609011903672005,85,3468,Bronze INV,br_ReAssessmentLegal,TASK_COMPLETE,SUCCESS,INFO,100,100,0,,2026-09-01T19:04:17.664Z,2026-09-01T21:14:55.846Z,7838,2026-09-01T21:14:55.846Z,HGT,Hagerstown,0e5f68b5-5669-4bb1-91ce-4b967b620e7d,SAMMS-Hagerstown
202609012114520948,202609011903674140,202609011903672005,85,3469,Bronze INV,br_ReAssessmentLegal,TASK_COMPLETE,SUCCESS,INFO,1723,1723,0,,2026-09-01T19:04:17.664Z,2026-09-01T21:14:55.846Z,7838,2026-09-01T21:14:55.846Z,HNT,Huntsville,0e5f68b5-5669-4bb1-91ce-4b967b620e7d,SAMMS-Huntsville
202609012114520949,202609011903674141,202609011903672005,85,3470,Bronze INV,br_ReAssessmentLegal,TASK_COMPLETE,SUCCESS,INFO,0,0,0,,2026-09-01T19:04:17.664Z,2026-09-01T21:14:55.846Z,7838,2026-09-01T21:14:55.846Z,HS,Hot Springs,0e5f68b5-5669-4bb1-91ce-4b967b620e7d,SAMMS-HotSprings
202609012114520950,202609011903674142,202609011903672005,85,3471,Bronze INV,br_ReAssessmentLegal,TASK_COMPLETE,SUCCESS,INFO,0,0,0,,2026-09-01T19:04:17.664Z,2026-09-01T21:14:55.846Z,7838,2026-09-01T21:14:55.846Z,JON,Jonesboro,0e5f68b5-5669-4bb1-91ce-4b967b620e7d,SAMMS-Jonesboro
202609012114520951,202609011903674143,202609011903672005,85,3473,Bronze INV,br_ReAssessmentLegal,TASK_COMPLETE,SUCCESS,INFO,445,445,0,,2026-09-01T19:04:17.664Z,2026-09-01T21:14:55.846Z,7838,2026-09-01T21:14:55.846Z,LAN,Lansing,0e5f68b5-5669-4bb1-91ce-4b967b620e7d,SAMMS-Lansing
202609012114520952,202609011903674144,202609011903672005,85,3474,Bronze INV,br_ReAssessmentLegal,TASK_COMPLETE,SUCCESS,INFO,1286,1286,0,,2026-09-01T19:04:17.664Z,2026-09-01T21:14:55.846Z,7838,2026-09-01T21:14:55.846Z,LO,Louisville,0e5f68b5-5669-4bb1-91ce-4b967b620e7d,SAMMS-Louisville
202609012114520953,202609011903674145,202609011903672005,85,3475,Bronze INV,br_ReAssessmentLegal,TASK_COMPLETE,SUCCESS,INFO,291,291,0,,2026-09-01T19:04:17.664Z,2026-09-01T21:14:55.846Z,7838,2026-09-01T21:14:55.846Z,LV1,Cheyenne,0e5f68b5-5669-4bb1-91ce-4b967b620e7d,SAMMS-Cheyenne
202609012114520955,202609011903674146,202609011903672005,85,3476,Bronze INV,br_ReAssessmentLegal,TASK_COMPLETE,SUCCESS,INFO,204,204,0,,2026-09-01T19:04:17.664Z,2026-09-01T21:14:55.846Z,7838,2026-09-01T21:14:55.846Z,LV2,Desert Inn,0e5f68b5-5669-4bb1-91ce-4b967b620e7d,SAMMS-DesertInn
202609012114520956,202609011903674147,202609011903672005,85,3477,Bronze INV,br_ReAssessmentLegal,TASK_COMPLETE,SUCCESS,INFO,109,109,0,,2026-09-01T19:04:17.664Z,2026-09-01T21:14:55.846Z,7838,2026-09-01T21:14:55.846Z,LV3,McDaniel,0e5f68b5-5669-4bb1-91ce-4b967b620e7d,SAMMS-McDaniel
202609012114520957,202609011903674148,202609011903672005,85,3480,Bronze INV,br_ReAssessmentLegal,TASK_COMPLETE,SUCCESS,INFO,358,358,0,,2026-09-01T19:04:17.664Z,2026-09-01T21:14:55.846Z,7838,2026-09-01T21:14:55.846Z,MNRE,Monroe,0e5f68b5-5669-4bb1-91ce-4b967b620e7d,SAMMS-Monroe
202609012114520958,202609011903674149,202609011903672005,85,3481,Bronze INV,br_ReAssessmentLegal,TASK_COMPLETE,SUCCESS,INFO,1420,1420,0,,2026-09-01T19:04:17.664Z,2026-09-01T21:14:55.846Z,7838,2026-09-01T21:14:55.846Z,MP,Mt. Pleasant,0e5f68b5-5669-4bb1-91ce-4b967b620e7d,SAMMS-MtPleasant
202609012114520959,202609011903674150,202609011903672005,85,3482,Bronze INV,br_ReAssessmentLegal,TASK_COMPLETE,SUCCESS,INFO,153,153,0,,2026-09-01T19:04:17.664Z,2026-09-01T21:14:55.846Z,7838,2026-09-01T21:14:55.846Z,MRD,Meridian,0e5f68b5-5669-4bb1-91ce-4b967b620e7d,SAMMS-Meridian
202609012114520960,202609011903674151,202609011903672005,85,3487,Bronze INV,br_ReAssessmentLegal,TASK_COMPLETE,SUCCESS,INFO,693,693,0,,2026-09-01T19:04:17.664Z,2026-09-01T21:14:55.846Z,7838,2026-09-01T21:14:55.846Z,NC,North Charleston,0e5f68b5-5669-4bb1-91ce-4b967b620e7d,SAMMS-NorthCharleston
202609012114520961,202609011903674152,202609011903672005,85,3488,Bronze INV,br_ReAssessmentLegal,TASK_COMPLETE,SUCCESS,INFO,0,0,0,,2026-09-01T19:04:17.664Z,2026-09-01T21:14:55.846Z,7838,2026-09-01T21:14:55.846Z,NLR,N. Little Rock,0e5f68b5-5669-4bb1-91ce-4b967b620e7d,SAMMS-NLROBOT
202609012114520962,202609011903674153,202609011903672005,85,3489,Bronze INV,br_ReAssessmentLegal,TASK_COMPLETE,SUCCESS,INFO,111,111,0,,2026-09-01T19:04:17.664Z,2026-09-01T21:14:55.846Z,7838,2026-09-01T21:14:55.846Z,PH,Phoenix,0e5f68b5-5669-4bb1-91ce-4b967b620e7d,SAMMS-Phoenix
202609012114520964,202609011903674154,202609011903672005,85,3493,Bronze INV,br_ReAssessmentLegal,TASK_COMPLETE,SUCCESS,INFO,212,212,0,,2026-09-01T19:04:17.664Z,2026-09-01T21:14:55.846Z,7838,2026-09-01T21:14:55.846Z,RE,Reno,0e5f68b5-5669-4bb1-91ce-4b967b620e7d,SAMMS-Reno
202609012114520965,202609011903674155,202609011903672005,85,3494,Bronze INV,br_ReAssessmentLegal,TASK_COMPLETE,SUCCESS,INFO,88,88,0,,2026-09-01T19:04:17.664Z,2026-09-01T21:14:55.846Z,7838,2026-09-01T21:14:55.846Z,RMD,Richmond,0e5f68b5-5669-4bb1-91ce-4b967b620e7d,SAMMS-Richmond
202608312116373951,202608311905654301,202608311905652236,85,3351,Bronze INV,br_ReAssessmentFamily,TASK_COMPLETE,SUCCESS,INFO,745,745,0,,2026-08-31T19:06:18.658Z,2026-08-31T21:16:41.151Z,7823,2026-08-31T21:16:41.151Z,VMIN,Minneapolis,79f5b39e-d314-4ad3-8050-3ace553d67de,SAMMS-MinneapolisV6
202608312116373952,202608311905654302,202608311905652236,85,3352,Bronze INV,br_ReAssessmentFamily,TASK_COMPLETE,SUCCESS,INFO,884,884,0,,2026-08-31T19:06:18.658Z,2026-08-31T21:16:41.151Z,7823,2026-08-31T21:16:41.151Z,VWBY,Woodbury,79f5b39e-d314-4ad3-8050-3ace553d67de,SAMMS-WoodburyV6
202608312116373953,202608311905654303,202608311905652236,85,3354,Bronze INV,br_ReAssessmentFamily,TASK_COMPLETE,SUCCESS,INFO,161,161,0,,2026-08-31T19:06:18.658Z,2026-08-31T21:16:41.151Z,7823,2026-08-31T21:16:41.151Z,WIL,Wilson,79f5b39e-d314-4ad3-8050-3ace553d67de,SAMMS-Wilson
202608312116373954,202608311905654304,202608311905652236,85,3358,Bronze INV,br_ReAssessmentLegal,TASK_COMPLETE,SUCCESS,INFO,35,35,0,,2026-08-31T19:06:18.658Z,2026-08-31T21:16:41.151Z,7823,2026-08-31T21:16:41.151Z,AHK,Ahoskie,79f5b39e-d314-4ad3-8050-3ace553d67de,SAMMS-Ahoskie
202608312116373955,202608311905654305,202608311905652236,85,3359,Bronze INV,br_ReAssessmentLegal,TASK_COMPLETE,SUCCESS,INFO,661,661,0,,2026-08-31T19:06:18.658Z,2026-08-31T21:16:41.151Z,7823,2026-08-31T21:16:41.151Z,B12B,Colorado Springs,79f5b39e-d314-4ad3-8050-3ace553d67de,SAMMS-ColoradoSpringsV5
202608312116373956,202608311905654306,202608311905652236,85,3360,Bronze INV,br_ReAssessmentLegal,TASK_COMPLETE,SUCCESS,INFO,828,828,0,,2026-08-31T19:06:18.658Z,2026-08-31T21:16:41.151Z,7823,2026-08-31T21:16:41.151Z,B24,Paintsville,79f5b39e-d314-4ad3-8050-3ace553d67de,SAMMS-PaintsvilleV5
202608312116373957,202608311905654307,202608311905652236,85,3361,Bronze INV,br_ReAssessmentLegal,TASK_COMPLETE,SUCCESS,INFO,646,646,0,,2026-08-31T19:06:18.658Z,2026-08-31T21:16:41.151Z,7823,2026-08-31T21:16:41.151Z,B25,Pikeville,79f5b39e-d314-4ad3-8050-3ace553d67de,SAMMS-PikevilleV5
202608312116373958,202608311905654308,202608311905652236,85,3362,Bronze INV,br_ReAssessmentLegal,TASK_COMPLETE,SUCCESS,INFO,971,971,0,,2026-08-31T19:06:18.658Z,2026-08-31T21:16:41.151Z,7823,2026-08-31T21:16:41.151Z,B26,Hazard,79f5b39e-d314-4ad3-8050-3ace553d67de,SAMMS-HazardV5
202608312116373959,202608311905654309,202608311905652236,85,3363,Bronze INV,br_ReAssessmentLegal,TASK_COMPLETE,SUCCESS,INFO,530,530,0,,2026-08-31T19:06:18.658Z,2026-08-31T21:16:41.151Z,7823,2026-08-31T21:16:41.151Z,B27,Savannah,79f5b39e-d314-4ad3-8050-3ace553d67de,SAMMS-SavannahV6
202608312116373960,202608311905654310,202608311905652236,85,3364,Bronze INV,br_ReAssessmentLegal,TASK_COMPLETE,SUCCESS,INFO,245,245,0,,2026-08-31T19:06:18.658Z,2026-08-31T21:16:41.151Z,7823,2026-08-31T21:16:41.151Z,B28,West Plains,79f5b39e-d314-4ad3-8050-3ace553d67de,SAMMS-WestPlainesV5
202608312116373961,202608311905654311,202608311905652236,85,3365,Bronze INV,br_ReAssessmentLegal,TASK_COMPLETE,SUCCESS,INFO,460,460,0,,2026-08-31T19:06:18.658Z,2026-08-31T21:16:41.151Z,7823,2026-08-31T21:16:41.151Z,B29,Poplar Bluff,79f5b39e-d314-4ad3-8050-3ace553d67de,SAMMS-PoplarBluffV5
202608312116373963,202608311905654312,202608311905652236,85,3366,Bronze INV,br_ReAssessmentLegal,TASK_COMPLETE,SUCCESS,INFO,77,77,0,,2026-08-31T19:06:18.658Z,2026-08-31T21:16:41.151Z,7823,2026-08-31T21:16:41.151Z,B30,KC North,79f5b39e-d314-4ad3-8050-3ace553d67de,SAMMS-KCNv5
202608312116373964,202608311905654313,202608311905652236,85,3367,Bronze INV,br_ReAssessmentLegal,TASK_COMPLETE,SUCCESS,INFO,400,400,0,,2026-08-31T19:06:18.658Z,2026-08-31T21:16:41.151Z,7823,2026-08-31T21:16:41.151Z,B31,Dyersburg,79f5b39e-d314-4ad3-8050-3ace553d67de,SAMMS-DyersburgV5
202608312116373965,202608311905654314,202608311905652236,85,3369,Bronze INV,br_ReAssessmentLegal,TASK_COMPLETE,SUCCESS,INFO,487,487,0,,2026-08-31T19:06:18.658Z,2026-08-31T21:16:41.151Z,7823,2026-08-31T21:16:41.151Z,B33,Paducah,79f5b39e-d314-4ad3-8050-3ace553d67de,SAMMS-Paducah
202608312116373966,202608311905654315,202608311905652236,85,3370,Bronze INV,br_ReAssessmentLegal,TASK_COMPLETE,SUCCESS,INFO,385,385,0,,2026-08-31T19:06:18.658Z,2026-08-31T21:16:41.151Z,7823,2026-08-31T21:16:41.151Z,B34,Corbin,79f5b39e-d314-4ad3-8050-3ace553d67de,SAMMS-CorbinV5
202608312116373967,202608311905654316,202608311905652236,85,3371,Bronze INV,br_ReAssessmentLegal,TASK_COMPLETE,SUCCESS,INFO,239,239,0,,2026-08-31T19:06:18.658Z,2026-08-31T21:16:41.151Z,7823,2026-08-31T21:16:41.151Z,B35,Lexington,79f5b39e-d314-4ad3-8050-3ace553d67de,SAMMS-LexingtonV5
202608312116373968,202608311905654317,202608311905652236,85,3372,Bronze INV,br_ReAssessmentLegal,TASK_COMPLETE,SUCCESS,INFO,77,77,0,,2026-08-31T19:06:18.658Z,2026-08-31T21:16:41.151Z,7823,2026-08-31T21:16:41.151Z,B35A,Berea,79f5b39e-d314-4ad3-8050-3ace553d67de,SAMMS-BereaV5
202608312116373969,202608311905654318,202608311905652236,85,3373,Bronze INV,br_ReAssessmentLegal,TASK_COMPLETE,SUCCESS,INFO,20,20,0,,2026-08-31T19:06:18.658Z,2026-08-31T21:16:41.151Z,7823,2026-08-31T21:16:41.151Z,B36,Asheville,79f5b39e-d314-4ad3-8050-3ace553d67de,SAMMS-AshevilleV5
202608312116373970,202608311905654319,202608311905652236,85,3374,Bronze INV,br_ReAssessmentLegal,TASK_COMPLETE,SUCCESS,INFO,1,1,0,,2026-08-31T19:06:18.658Z,2026-08-31T21:16:41.151Z,7823,2026-08-31T21:16:41.151Z,B37,Clyde,79f5b39e-d314-4ad3-8050-3ace553d67de,SAMMS-ClydeV5
202608312116373971,202608311905654320,202608311905652236,85,3375,Bronze INV,br_ReAssessmentLegal,TASK_COMPLETE,SUCCESS,INFO,1188,1188,0,,2026-08-31T19:06:18.658Z,2026-08-31T21:16:41.151Z,7823,2026-08-31T21:16:41.151Z,B38,Spartanburg,79f5b39e-d314-4ad3-8050-3ace553d67de,SAMMS-SpartanburgV5
202608312116373973,202608311905654321,202608311905652236,85,3376,Bronze INV,br_ReAssessmentLegal,TASK_COMPLETE,SUCCESS,INFO,362,362,0,,2026-08-31T19:06:18.658Z,2026-08-31T21:16:41.151Z,7823,2026-08-31T21:16:41.151Z,B39,Aiken,79f5b39e-d314-4ad3-8050-3ace553d67de,SAMMS-AikenV5
202608312116373974,202608311905654322,202608311905652236,85,3377,Bronze INV,br_ReAssessmentLegal,TASK_COMPLETE,SUCCESS,INFO,1887,1887,0,,2026-08-31T19:06:18.658Z,2026-08-31T21:16:41.151Z,7823,2026-08-31T21:16:41.151Z,B41,Chesapeake,79f5b39e-d314-4ad3-8050-3ace553d67de,SAMMS-ChesapeakeV5
202608312116373975,202608311905654323,202608311905652236,85,3378,Bronze INV,br_ReAssessmentLegal,TASK_COMPLETE,SUCCESS,INFO,1912,1912,0,,2026-08-31T19:06:18.658Z,2026-08-31T21:16:41.151Z,7823,2026-08-31T21:16:41.151Z,B42,Virginia Beach,79f5b39e-d314-4ad3-8050-3ace553d67de,SAMMS-VirginiaBeachV5
202608312116373976,202608311905654324,202608311905652236,85,3379,Bronze INV,br_ReAssessmentLegal,TASK_COMPLETE,SUCCESS,INFO,923,923,0,,2026-08-31T19:06:18.658Z,2026-08-31T21:16:41.151Z,7823,2026-08-31T21:16:41.151Z,B42A,Newport News,79f5b39e-d314-4ad3-8050-3ace553d67de,SAMMS-NewportNewsV5
202608312116373977,202608311905654325,202608311905652236,85,3380,Bronze INV,br_ReAssessmentLegal,TASK_COMPLETE,SUCCESS,INFO,507,507,0,,2026-08-31T19:06:18.658Z,2026-08-31T21:16:41.151Z,7823,2026-08-31T21:16:41.151Z,B42B,Franklin,79f5b39e-d314-4ad3-8050-3ace553d67de,SAMMS-FranklinV5
202608312116373978,202608311905654326,202608311905652236,85,3381,Bronze INV,br_ReAssessmentLegal,TASK_COMPLETE,SUCCESS,INFO,340,340,0,,2026-08-31T19:06:18.658Z,2026-08-31T21:16:41.151Z,7823,2026-08-31T21:16:41.151Z,B42C,Glen Allen,79f5b39e-d314-4ad3-8050-3ace553d67de,SAMMS-GlenAllenV5
202608312116373979,202608311905654327,202608311905652236,85,3382,Bronze INV,br_ReAssessmentLegal,TASK_COMPLETE,SUCCESS,INFO,1479,1479,0,,2026-08-31T19:06:18.658Z,2026-08-31T21:16:41.151Z,7823,2026-08-31T21:16:41.151Z,B42D,Chesapeake South,79f5b39e-d314-4ad3-8050-3ace553d67de,SAMMS-ChesapeakeSouthV5
202608312116373980,202608311905654328,202608311905652236,85,3383,Bronze INV,br_ReAssessmentLegal,TASK_COMPLETE,SUCCESS,INFO,633,633,0,,2026-08-31T19:06:18.658Z,2026-08-31T21:16:41.151Z,7823,2026-08-31T21:16:41.151Z,B44,Albany,79f5b39e-d314-4ad3-8050-3ace553d67de,SAMMS-AlbanyV5
202608312116373981,202608311905654329,202608311905652236,85,3384,Bronze INV,br_ReAssessmentLegal,TASK_COMPLETE,SUCCESS,INFO,1267,1267,0,,2026-08-31T19:06:18.658Z,2026-08-31T21:16:41.151Z,7823,2026-08-31T21:16:41.151Z,B45,Tifton,79f5b39e-d314-4ad3-8050-3ace553d67de,SAMMS-TiftonV5
202608312116373982,202608311905654330,202608311905652236,85,3385,Bronze INV,br_ReAssessmentLegal,TASK_COMPLETE,SUCCESS,INFO,588,588,0,,2026-08-31T19:06:18.658Z,2026-08-31T21:16:41.151Z,7823,2026-08-31T21:16:41.151Z,B46,Washington DC,79f5b39e-d314-4ad3-8050-3ace553d67de,SAMMS-WashingtonDCv5
202608312116373983,202608311905654331,202608311905652236,85,3386,Bronze INV,br_ReAssessmentLegal,TASK_COMPLETE,SUCCESS,INFO,1557,1557,0,,2026-08-31T19:06:18.658Z,2026-08-31T21:16:41.151Z,7823,2026-08-31T21:16:41.151Z,B47,Mobile,79f5b39e-d314-4ad3-8050-3ace553d67de,SAMMS-MobileV5
202608312116373985,202608311905654332,202608311905652236,85,3387,Bronze INV,br_ReAssessmentLegal,TASK_COMPLETE,SUCCESS,INFO,1296,1296,0,,2026-08-31T19:06:18.658Z,2026-08-31T21:16:41.151Z,7823,2026-08-31T21:16:41.151Z,B48,Tuscaloosa,79f5b39e-d314-4ad3-8050-3ace553d67de,SAMMS-TuscaloosaV5
202608312116373986,202608311905654333,202608311905652236,85,3396,Bronze INV,br_ReAssessmentLegal,TASK_COMPLETE,SUCCESS,INFO,2,2,0,,2026-08-31T19:06:18.658Z,2026-08-31T21:16:41.151Z,7823,2026-08-31T21:16:41.151Z,B51,N. Little Rock (OTP),79f5b39e-d314-4ad3-8050-3ace553d67de,SAMMS-NorthLittleRockV6
202608312116373999,202608311905654334,202608311905652236,85,3397,Bronze INV,br_ReAssessmentLegal,TASK_COMPLETE,SUCCESS,INFO,454,454,0,,2026-08-31T19:06:18.658Z,2026-08-31T21:16:41.151Z,7823,2026-08-31T21:16:41.151Z,B52,Jackson GA,79f5b39e-d314-4ad3-8050-3ace553d67de,SAMMS-JacksonGAV5
202608312116374000,202608311905654335,202608311905652236,85,3398,Bronze INV,br_ReAssessmentLegal,TASK_COMPLETE,SUCCESS,INFO,1702,1702,0,,2026-08-31T19:06:18.658Z,2026-08-31T21:16:41.151Z,7823,2026-08-31T21:16:41.151Z,B54,Gadsden,79f5b39e-d314-4ad3-8050-3ace553d67de,SAMMS-GadsdenV5
202608312116374001,202608311905654336,202608311905652236,85,3399,Bronze INV,br_ReAssessmentLegal,TASK_COMPLETE,SUCCESS,INFO,946,946,0,,2026-08-31T19:06:18.658Z,2026-08-31T21:16:41.151Z,7823,2026-08-31T21:16:41.151Z,B55,Shoals,79f5b39e-d314-4ad3-8050-3ace553d67de,SAMMS-ShoalsV5
202608312116374002,202608311905654337,202608311905652236,85,3400,Bronze INV,br_ReAssessmentLegal,TASK_COMPLETE,SUCCESS,INFO,294,294,0,,2026-08-31T19:06:18.658Z,2026-08-31T21:16:41.151Z,7823,2026-08-31T21:16:41.151Z,B57,Pawtucket,79f5b39e-d314-4ad3-8050-3ace553d67de,SAMMS-Pawtucket
202608312116374003,202608311905654338,202608311905652236,85,3401,Bronze INV,br_ReAssessmentLegal,TASK_COMPLETE,SUCCESS,INFO,550,550,0,,2026-08-31T19:06:18.658Z,2026-08-31T21:16:41.151Z,7823,2026-08-31T21:16:41.151Z,B57A,Johnston,79f5b39e-d314-4ad3-8050-3ace553d67de,SAMMS-Johnston
202608312116374004,202608311905654339,202608311905652236,85,3402,Bronze INV,br_ReAssessmentLegal,TASK_COMPLETE,SUCCESS,INFO,164,164,0,,2026-08-31T19:06:18.658Z,2026-08-31T21:16:41.151Z,7823,2026-08-31T21:16:41.151Z,B57B,Middletown,79f5b39e-d314-4ad3-8050-3ace553d67de,SAMMS-Middletown
202608312116374006,202608311905654340,202608311905652236,85,3403,Bronze INV,br_ReAssessmentLegal,TASK_COMPLETE,SUCCESS,INFO,411,411,0,,2026-08-31T19:06:18.658Z,2026-08-31T21:16:41.151Z,7823,2026-08-31T21:16:41.151Z,B57C,Providence,79f5b39e-d314-4ad3-8050-3ace553d67de,SAMMS-Providence
202608312116374007,202608311905654341,202608311905652236,85,3404,Bronze INV,br_ReAssessmentLegal,TASK_COMPLETE,SUCCESS,INFO,622,622,0,,2026-08-31T19:06:18.658Z,2026-08-31T21:16:41.151Z,7823,2026-08-31T21:16:41.151Z,B57D,Westerly,79f5b39e-d314-4ad3-8050-3ace553d67de,SAMMS-Westerly
202608312116374008,202608311905654342,202608311905652236,85,3408,Bronze INV,br_ReAssessmentLegal,TASK_COMPLETE,SUCCESS,INFO,4,4,0,,2026-08-31T19:06:18.658Z,2026-08-31T21:16:41.151Z,7823,2026-08-31T21:16:41.151Z,B66A,Bremen,79f5b39e-d314-4ad3-8050-3ace553d67de,SAMMS-Bremen
202608312116374009,202608311905654343,202608311905652236,85,3411,Bronze INV,br_ReAssessmentLegal,TASK_COMPLETE,SUCCESS,INFO,0,0,0,,2026-08-31T19:06:18.658Z,2026-08-31T21:16:41.151Z,7823,2026-08-31T21:16:41.151Z,B72,Mobile (OBOT),79f5b39e-d314-4ad3-8050-3ace553d67de,SAMMS-Mobile-OBOT
202608312116374010,202608311905654344,202608311905652236,85,3412,Bronze INV,br_ReAssessmentLegal,TASK_COMPLETE,SUCCESS,INFO,0,0,0,,2026-08-31T19:06:18.658Z,2026-08-31T21:16:41.151Z,7823,2026-08-31T21:16:41.151Z,B73,Montgomery,79f5b39e-d314-4ad3-8050-3ace553d67de,SAMMS-Montgomery
202608312116374011,202608311905654345,202608311905652236,85,3413,Bronze INV,br_ReAssessmentLegal,TASK_COMPLETE,SUCCESS,INFO,516,516,0,,2026-08-31T19:06:18.658Z,2026-08-31T21:16:41.151Z,7823,2026-08-31T21:16:41.151Z,B75,Lawrence,79f5b39e-d314-4ad3-8050-3ace553d67de,SAMMS-LawrenceV6
202608312116374012,202608311905654346,202608311905652236,85,3414,Bronze INV,br_ReAssessmentLegal,TASK_COMPLETE,SUCCESS,INFO,0,0,0,,2026-08-31T19:06:18.658Z,2026-08-31T21:16:41.151Z,7823,2026-08-31T21:16:41.151Z,B76,Huntsville OBOT,79f5b39e-d314-4ad3-8050-3ace553d67de,SAMMS-Huntsville-OBOT
202608312116374013,202608311905654347,202608311905652236,85,3415,Bronze INV,br_ReAssessmentLegal,TASK_COMPLETE,SUCCESS,INFO,0,0,0,,2026-08-31T19:06:18.658Z,2026-08-31T21:16:41.151Z,7823,2026-08-31T21:16:41.151Z,BAT,Batesville,79f5b39e-d314-4ad3-8050-3ace553d67de,SAMMS-Batesville
202608312116374014,202608311905654348,202608311905652236,85,3416,Bronze INV,br_ReAssessmentLegal,TASK_COMPLETE,SUCCESS,INFO,460,460,0,,2026-08-31T19:06:18.658Z,2026-08-31T21:16:41.151Z,7823,2026-08-31T21:16:41.151Z,BG,Bowling Green,79f5b39e-d314-4ad3-8050-3ace553d67de,SAMMS-BowlingGreen
202608312116374015,202608311905654349,202608311905652236,85,3417,Bronze INV,br_ReAssessmentLegal,TASK_COMPLETE,SUCCESS,INFO,180,180,0,,2026-08-31T19:06:18.658Z,2026-08-31T21:16:41.151Z,7823,2026-08-31T21:16:41.151Z,BOI,Boise,79f5b39e-d314-4ad3-8050-3ace553d67de,SAMMS-Boise
202608312116374017,202608311905654350,202608311905652236,85,3424,Bronze INV,br_ReAssessmentLegal,TASK_COMPLETE,SUCCESS,INFO,51,51,0,,2026-08-31T19:06:18.658Z,2026-08-31T21:16:41.151Z,7823,2026-08-31T21:16:41.151Z,CBCO,Coeur dAlene,79f5b39e-d314-4ad3-8050-3ace553d67de,SAMMS-CoeurdAleneV6
202608312116374018,202608311905654351,202608311905652236,85,3443,Bronze INV,br_ReAssessmentLegal,TASK_COMPLETE,SUCCESS,INFO,0,0,0,,2026-08-31T19:06:18.658Z,2026-08-31T21:16:41.151Z,7823,2026-08-31T21:16:41.151Z,CON,Conway,79f5b39e-d314-4ad3-8050-3ace553d67de,SAMMS-Conway
202608312116374019,202608311905654352,202608311905652236,85,3444,Bronze INV,br_ReAssessmentLegal,TASK_COMPLETE,SUCCESS,INFO,2568,2568,0,,2026-08-31T19:06:18.658Z,2026-08-31T21:16:41.151Z,7823,2026-08-31T21:16:41.151Z,D07,Medical Services Knox TN,79f5b39e-d314-4ad3-8050-3ace553d67de,SAMMS-KnoxvilleV6
202608312116374020,202608311905654353,202608311905652236,85,3445,Bronze INV,br_ReAssessmentLegal,TASK_COMPLETE,SUCCESS,INFO,111,111,0,,2026-08-31T19:06:18.658Z,2026-08-31T21:16:41.151Z,7823,2026-08-31T21:16:41.151Z,D08,Madison,79f5b39e-d314-4ad3-8050-3ace553d67de,SAMMS-MadisonV6
202608312116374021,202608311905654354,202608311905652236,85,3447,Bronze INV,br_ReAssessmentLegal,TASK_COMPLETE,SUCCESS,INFO,117,117,0,,2026-08-31T19:06:18.658Z,2026-08-31T21:16:41.151Z,7823,2026-08-31T21:16:41.151Z,D09,Murfreesboro,79f5b39e-d314-4ad3-8050-3ace553d67de,SAMMS-MurfreesboroV6
202608312116374022,202608311905654355,202608311905652236,85,3448,Bronze INV,br_ReAssessmentLegal,TASK_COMPLETE,SUCCESS,INFO,335,335,0,,2026-08-31T19:06:18.658Z,2026-08-31T21:16:41.151Z,7823,2026-08-31T21:16:41.151Z,DA,Davenport,79f5b39e-d314-4ad3-8050-3ace553d67de,SAMMS-Davenport
202608312116374024,202608311905654356,202608311905652236,85,3449,Bronze INV,br_ReAssessmentLegal,TASK_COMPLETE,SUCCESS,INFO,287,287,0,,2026-08-31T19:06:18.658Z,2026-08-31T21:16:41.151Z,7823,2026-08-31T21:16:41.151Z,DM,Des Moines,79f5b39e-d314-4ad3-8050-3ace553d67de,SAMMS-DesMoines
202608312116374025,202608311905654357,202608311905652236,85,3451,Bronze INV,br_ReAssessmentLegal,TASK_COMPLETE,SUCCESS,INFO,529,529,0,,2026-08-31T19:06:18.658Z,2026-08-31T21:16:41.151Z,7823,2026-08-31T21:16:41.151Z,DRD-CO,Columbia MO,79f5b39e-d314-4ad3-8050-3ace553d67de,SAMMS-ColumbiaV5
202608312116374026,202608311905654358,202608311905652236,85,3452,Bronze INV,br_ReAssessmentLegal,TASK_COMPLETE,SUCCESS,INFO,346,346,0,,2026-08-31T19:06:18.658Z,2026-08-31T21:16:41.151Z,7823,2026-08-31T21:16:41.151Z,DRD-KC,KC,79f5b39e-d314-4ad3-8050-3ace553d67de,SAMMS-KCv5
202608312116374027,202608311905654359,202608311905652236,85,3453,Bronze INV,br_ReAssessmentLegal,TASK_COMPLETE,SUCCESS,INFO,1551,1551,0,,2026-08-31T19:06:18.658Z,2026-08-31T21:16:41.151Z,7823,2026-08-31T21:16:41.151Z,DRD-KVB,KVB,79f5b39e-d314-4ad3-8050-3ace553d67de,SAMMS-KVBv5
202608312116374028,202608311905654360,202608311905652236,85,3454,Bronze INV,br_ReAssessmentLegal,TASK_COMPLETE,SUCCESS,INFO,1672,1672,0,,2026-08-31T19:06:18.658Z,2026-08-31T21:16:41.151Z,7823,2026-08-31T21:16:41.151Z,DRD-KVC,KVC,79f5b39e-d314-4ad3-8050-3ace553d67de,SAMMS-KVCv5
202608312116374029,202608311905654361,202608311905652236,85,3455,Bronze INV,br_ReAssessmentLegal,TASK_COMPLETE,SUCCESS,INFO,3202,3202,0,,2026-08-31T19:06:18.658Z,2026-08-31T21:16:41.151Z,7823,2026-08-31T21:16:41.151Z,DRD-NOLA,NOLA,79f5b39e-d314-4ad3-8050-3ace553d67de,SAMMS-NOLAv5
202608312116374030,202608311905654362,202608311905652236,85,3456,Bronze INV,br_ReAssessmentLegal,TASK_COMPLETE,SUCCESS,INFO,798,798,0,,2026-08-31T19:06:18.658Z,2026-08-31T21:16:41.151Z,7823,2026-08-31T21:16:41.151Z,DRD-SF,Springfield,79f5b39e-d314-4ad3-8050-3ace553d67de,SAMMS-SFv5
202608312116374032,202608311905654363,202608311905652236,85,3458,Bronze INV,br_ReAssessmentLegal,TASK_COMPLETE,SUCCESS,INFO,260,260,0,,2026-08-31T19:06:18.658Z,2026-08-31T21:16:41.151Z,7823,2026-08-31T21:16:41.151Z,ELC,Elizabeth City,79f5b39e-d314-4ad3-8050-3ace553d67de,SAMMS-ElizabethCity
202608312116374033,202608311905654364,202608311905652236,85,3459,Bronze INV,br_ReAssessmentLegal,TASK_COMPLETE,SUCCESS,INFO,128,128,0,,2026-08-31T19:06:18.658Z,2026-08-31T21:16:41.151Z,7823,2026-08-31T21:16:41.151Z,ET,Elizabethtown,79f5b39e-d314-4ad3-8050-3ace553d67de,SAMMS-Elizabethtown
202608312116374034,202608311905654365,202608311905652236,85,3460,Bronze INV,br_ReAssessmentLegal,TASK_COMPLETE,SUCCESS,INFO,0,0,0,,2026-08-31T19:06:18.658Z,2026-08-31T21:16:41.151Z,7823,2026-08-31T21:16:41.151Z,FAY,Fayetteville,79f5b39e-d314-4ad3-8050-3ace553d67de,SAMMS-Fayetteville
202608312116374035,202608311905654366,202608311905652236,85,3461,Bronze INV,br_ReAssessmentLegal,TASK_COMPLETE,SUCCESS,INFO,156,156,0,,2026-08-31T19:06:18.658Z,2026-08-31T21:16:41.151Z,7823,2026-08-31T21:16:41.151Z,FR,Frankfort,79f5b39e-d314-4ad3-8050-3ace553d67de,SAMMS-Frankfort
202608312116374036,202608311905654367,202608311905652236,85,3462,Bronze INV,br_ReAssessmentLegal,TASK_COMPLETE,SUCCESS,INFO,0,0,0,,2026-08-31T19:06:18.658Z,2026-08-31T21:16:41.151Z,7823,2026-08-31T21:16:41.151Z,FS,Fort Smith,79f5b39e-d314-4ad3-8050-3ace553d67de,SAMMS-FortSmith
202608312116374037,202608311905654368,202608311905652236,85,3463,Bronze INV,br_ReAssessmentLegal,TASK_COMPLETE,SUCCESS,INFO,466,466,0,,2026-08-31T19:06:18.658Z,2026-08-31T21:16:41.151Z,7823,2026-08-31T21:16:41.151Z,FW,Fort Wayne,79f5b39e-d314-4ad3-8050-3ace553d67de,SAMMS-FortWayne
202608312116374038,202608311905654369,202608311905652236,85,3464,Bronze INV,br_ReAssessmentLegal,TASK_COMPLETE,SUCCESS,INFO,273,273,0,,2026-08-31T19:06:18.658Z,2026-08-31T21:16:41.151Z,7823,2026-08-31T21:16:41.151Z,GAL,Gaylord,79f5b39e-d314-4ad3-8050-3ace553d67de,SAMMS-Gaylord
202608312116374039,202608311905654370,202608311905652236,85,3468,Bronze INV,br_ReAssessmentLegal,TASK_COMPLETE,SUCCESS,INFO,100,100,0,,2026-08-31T19:06:18.658Z,2026-08-31T21:16:41.151Z,7823,2026-08-31T21:16:41.151Z,HGT,Hagerstown,79f5b39e-d314-4ad3-8050-3ace553d67de,SAMMS-Hagerstown
202608312116374040,202608311905654371,202608311905652236,85,3469,Bronze INV,br_ReAssessmentLegal,TASK_COMPLETE,SUCCESS,INFO,1723,1723,0,,2026-08-31T19:06:18.658Z,2026-08-31T21:16:41.151Z,7823,2026-08-31T21:16:41.151Z,HNT,Huntsville,79f5b39e-d314-4ad3-8050-3ace553d67de,SAMMS-Huntsville
202608312116374041,202608311905654372,202608311905652236,85,3470,Bronze INV,br_ReAssessmentLegal,TASK_COMPLETE,SUCCESS,INFO,0,0,0,,2026-08-31T19:06:18.658Z,2026-08-31T21:16:41.151Z,7823,2026-08-31T21:16:41.151Z,HS,Hot Springs,79f5b39e-d314-4ad3-8050-3ace553d67de,SAMMS-HotSprings
202608312116374043,202608311905654373,202608311905652236,85,3471,Bronze INV,br_ReAssessmentLegal,TASK_COMPLETE,SUCCESS,INFO,0,0,0,,2026-08-31T19:06:18.658Z,2026-08-31T21:16:41.151Z,7823,2026-08-31T21:16:41.151Z,JON,Jonesboro,79f5b39e-d314-4ad3-8050-3ace553d67de,SAMMS-Jonesboro
202608312116374044,202608311905654374,202608311905652236,85,3473,Bronze INV,br_ReAssessmentLegal,TASK_COMPLETE,SUCCESS,INFO,445,445,0,,2026-08-31T19:06:18.658Z,2026-08-31T21:16:41.151Z,7823,2026-08-31T21:16:41.151Z,LAN,Lansing,79f5b39e-d314-4ad3-8050-3ace553d67de,SAMMS-Lansing
202608312116374045,202608311905654375,202608311905652236,85,3474,Bronze INV,br_ReAssessmentLegal,TASK_COMPLETE,SUCCESS,INFO,1286,1286,0,,2026-08-31T19:06:18.658Z,2026-08-31T21:16:41.151Z,7823,2026-08-31T21:16:41.151Z,LO,Louisville,79f5b39e-d314-4ad3-8050-3ace553d67de,SAMMS-Louisville
202608312116374046,202608311905654376,202608311905652236,85,3475,Bronze INV,br_ReAssessmentLegal,TASK_COMPLETE,SUCCESS,INFO,291,291,0,,2026-08-31T19:06:18.658Z,2026-08-31T21:16:41.151Z,7823,2026-08-31T21:16:41.151Z,LV1,Cheyenne,79f5b39e-d314-4ad3-8050-3ace553d67de,SAMMS-Cheyenne
202608312116374047,202608311905654377,202608311905652236,85,3476,Bronze INV,br_ReAssessmentLegal,TASK_COMPLETE,SUCCESS,INFO,204,204,0,,2026-08-31T19:06:18.658Z,2026-08-31T21:16:41.151Z,7823,2026-08-31T21:16:41.151Z,LV2,Desert Inn,79f5b39e-d314-4ad3-8050-3ace553d67de,SAMMS-DesertInn
202608312116374049,202608311905654378,202608311905652236,85,3477,Bronze INV,br_ReAssessmentLegal,TASK_COMPLETE,SUCCESS,INFO,109,109,0,,2026-08-31T19:06:18.658Z,2026-08-31T21:16:41.151Z,7823,2026-08-31T21:16:41.151Z,LV3,McDaniel,79f5b39e-d314-4ad3-8050-3ace553d67de,SAMMS-McDaniel
202608312116374050,202608311905654379,202608311905652236,85,3480,Bronze INV,br_ReAssessmentLegal,TASK_COMPLETE,SUCCESS,INFO,358,358,0,,2026-08-31T19:06:18.658Z,2026-08-31T21:16:41.151Z,7823,2026-08-31T21:16:41.151Z,MNRE,Monroe,79f5b39e-d314-4ad3-8050-3ace553d67de,SAMMS-Monroe
202608312116374051,202608311905654380,202608311905652236,85,3481,Bronze INV,br_ReAssessmentLegal,TASK_COMPLETE,SUCCESS,INFO,1420,1420,0,,2026-08-31T19:06:18.658Z,2026-08-31T21:16:41.151Z,7823,2026-08-31T21:16:41.151Z,MP,Mt. Pleasant,79f5b39e-d314-4ad3-8050-3ace553d67de,SAMMS-MtPleasant
202608312116374052,202608311905654381,202608311905652236,85,3482,Bronze INV,br_ReAssessmentLegal,TASK_COMPLETE,SUCCESS,INFO,153,153,0,,2026-08-31T19:06:18.658Z,2026-08-31T21:16:41.151Z,7823,2026-08-31T21:16:41.151Z,MRD,Meridian,79f5b39e-d314-4ad3-8050-3ace553d67de,SAMMS-Meridian
202608312116374053,202608311905654382,202608311905652236,85,3487,Bronze INV,br_ReAssessmentLegal,TASK_COMPLETE,SUCCESS,INFO,693,693,0,,2026-08-31T19:06:18.658Z,2026-08-31T21:16:41.151Z,7823,2026-08-31T21:16:41.151Z,NC,North Charleston,79f5b39e-d314-4ad3-8050-3ace553d67de,SAMMS-NorthCharleston
202608312116374054,202608311905654383,202608311905652236,85,3488,Bronze INV,br_ReAssessmentLegal,TASK_COMPLETE,SUCCESS,INFO,0,0,0,,2026-08-31T19:06:18.658Z,2026-08-31T21:16:41.151Z,7823,2026-08-31T21:16:41.151Z,NLR,N. Little Rock,79f5b39e-d314-4ad3-8050-3ace553d67de,SAMMS-NLROBOT
202608312116374055,202608311905654384,202608311905652236,85,3489,Bronze INV,br_ReAssessmentLegal,TASK_COMPLETE,SUCCESS,INFO,111,111,0,,2026-08-31T19:06:18.658Z,2026-08-31T21:16:41.151Z,7823,2026-08-31T21:16:41.151Z,PH,Phoenix,79f5b39e-d314-4ad3-8050-3ace553d67de,SAMMS-Phoenix
202608312116374056,202608311905654385,202608311905652236,85,3493,Bronze INV,br_ReAssessmentLegal,TASK_COMPLETE,SUCCESS,INFO,212,212,0,,2026-08-31T19:06:18.658Z,2026-08-31T21:16:41.151Z,7823,2026-08-31T21:16:41.151Z,RE,Reno,79f5b39e-d314-4ad3-8050-3ace553d67de,SAMMS-Reno
202608312116374058,202608311905654386,202608311905652236,85,3494,Bronze INV,br_ReAssessmentLegal,TASK_COMPLETE,SUCCESS,INFO,88,88,0,,2026-08-31T19:06:18.658Z,2026-08-31T21:16:41.151Z,7823,2026-08-31T21:16:41.151Z,RMD,Richmond,79f5b39e-d314-4ad3-8050-3ace553d67de,SAMMS-Richmond
202608312116372331,202608311905652839,202608311905652236,85,2477,Bronze INV,br_LabResultDetail,TASK_COMPLETE,SUCCESS,INFO,262,262,0,,2026-08-31T19:06:18.658Z,2026-08-31T21:16:41.151Z,7823,2026-08-31T21:16:41.151Z,B52,Jackson GA,79f5b39e-d314-4ad3-8050-3ace553d67de,SAMMS-JacksonGAV5
202608312116372332,202608311905652840,202608311905652236,85,2478,Bronze INV,br_LabResultDetail,TASK_COMPLETE,SUCCESS,INFO,2682,2682,0,,2026-08-31T19:06:18.658Z,2026-08-31T21:16:41.151Z,7823,2026-08-31T21:16:41.151Z,B54,Gadsden,79f5b39e-d314-4ad3-8050-3ace553d67de,SAMMS-GadsdenV5
202608312116372333,202608311905652841,202608311905652236,85,2479,Bronze INV,br_LabResultDetail,TASK_COMPLETE,SUCCESS,INFO,683,683,0,,2026-08-31T19:06:18.658Z,2026-08-31T21:16:41.151Z,7823,2026-08-31T21:16:41.151Z,B55,Shoals,79f5b39e-d314-4ad3-8050-3ace553d67de,SAMMS-ShoalsV5
202608312116372334,202608311905652842,202608311905652236,85,2480,Bronze INV,br_LabResultDetail,TASK_COMPLETE,SUCCESS,INFO,4,4,0,,2026-08-31T19:06:18.658Z,2026-08-31T21:16:41.151Z,7823,2026-08-31T21:16:41.151Z,B57,Pawtucket,79f5b39e-d314-4ad3-8050-3ace553d67de,SAMMS-Pawtucket
202608312116372335,202608311905652843,202608311905652236,85,2481,Bronze INV,br_LabResultDetail,TASK_COMPLETE,SUCCESS,INFO,6,6,0,,2026-08-31T19:06:18.658Z,2026-08-31T21:16:41.151Z,7823,2026-08-31T21:16:41.151Z,B57A,Johnston,79f5b39e-d314-4ad3-8050-3ace553d67de,SAMMS-Johnston
202608312116372336,202608311905652844,202608311905652236,85,2482,Bronze INV,br_LabResultDetail,TASK_COMPLETE,SUCCESS,INFO,9,9,0,,2026-08-31T19:06:18.658Z,2026-08-31T21:16:41.151Z,7823,2026-08-31T21:16:41.151Z,B57B,Middletown,79f5b39e-d314-4ad3-8050-3ace553d67de,SAMMS-Middletown
202608312116372337,202608311905652845,202608311905652236,85,2483,Bronze INV,br_LabResultDetail,TASK_COMPLETE,SUCCESS,INFO,3,3,0,,2026-08-31T19:06:18.658Z,2026-08-31T21:16:41.151Z,7823,2026-08-31T21:16:41.151Z,B57C,Providence,79f5b39e-d314-4ad3-8050-3ace553d67de,SAMMS-Providence
202608312116372338,202608311905652846,202608311905652236,85,2484,Bronze INV,br_LabResultDetail,TASK_COMPLETE,SUCCESS,INFO,3,3,0,,2026-08-31T19:06:18.658Z,2026-08-31T21:16:41.151Z,7823,2026-08-31T21:16:41.151Z,B57D,Westerly,79f5b39e-d314-4ad3-8050-3ace553d67de,SAMMS-Westerly
202608312116372340,202608311905652847,202608311905652236,85,2488,Bronze INV,br_LabResultDetail,TASK_COMPLETE,SUCCESS,INFO,4,4,0,,2026-08-31T19:06:18.658Z,2026-08-31T21:16:41.151Z,7823,2026-08-31T21:16:41.151Z,B66A,Bremen,79f5b39e-d314-4ad3-8050-3ace553d67de,SAMMS-Bremen
202608312116372341,202608311905652848,202608311905652236,85,2491,Bronze INV,br_LabResultDetail,TASK_COMPLETE,SUCCESS,INFO,6,6,0,,2026-08-31T19:06:18.658Z,2026-08-31T21:16:41.151Z,7823,2026-08-31T21:16:41.151Z,B72,Mobile (OBOT),79f5b39e-d314-4ad3-8050-3ace553d67de,SAMMS-Mobile-OBOT
202608312116372342,202608311905652849,202608311905652236,85,2492,Bronze INV,br_LabResultDetail,TASK_COMPLETE,SUCCESS,INFO,2,2,0,,2026-08-31T19:06:18.658Z,2026-08-31T21:16:41.151Z,7823,2026-08-31T21:16:41.151Z,B73,Montgomery,79f5b39e-d314-4ad3-8050-3ace553d67de,SAMMS-Montgomery
202608312116372343,202608311905652850,202608311905652236,85,2493,Bronze INV,br_LabResultDetail,TASK_COMPLETE,SUCCESS,INFO,512,512,0,,2026-08-31T19:06:18.658Z,2026-08-31T21:16:41.151Z,7823,2026-08-31T21:16:41.151Z,B75,Lawrence,79f5b39e-d314-4ad3-8050-3ace553d67de,SAMMS-LawrenceV6
202608312116372344,202608311905652851,202608311905652236,85,2494,Bronze INV,br_LabResultDetail,TASK_COMPLETE,SUCCESS,INFO,1,1,0,,2026-08-31T19:06:18.658Z,2026-08-31T21:16:41.151Z,7823,2026-08-31T21:16:41.151Z,B76,Huntsville OBOT,79f5b39e-d314-4ad3-8050-3ace553d67de,SAMMS-Huntsville-OBOT
202608312116372345,202608311905652852,202608311905652236,85,2495,Bronze INV,br_LabResultDetail,TASK_COMPLETE,SUCCESS,INFO,8,8,0,,2026-08-31T19:06:18.658Z,2026-08-31T21:16:41.151Z,7823,2026-08-31T21:16:41.151Z,BAT,Batesville,79f5b39e-d314-4ad3-8050-3ace553d67de,SAMMS-Batesville
202608312116372346,202608311905652853,202608311905652236,85,2496,Bronze INV,br_LabResultDetail,TASK_COMPLETE,SUCCESS,INFO,2977,2977,0,,2026-08-31T19:06:18.658Z,2026-08-31T21:16:41.151Z,7823,2026-08-31T21:16:41.151Z,BG,Bowling Green,79f5b39e-d314-4ad3-8050-3ace553d67de,SAMMS-BowlingGreen
202608312116372347,202608311905652854,202608311905652236,85,2497,Bronze INV,br_LabResultDetail,TASK_COMPLETE,SUCCESS,INFO,191,191,0,,2026-08-31T19:06:18.658Z,2026-08-31T21:16:41.151Z,7823,2026-08-31T21:16:41.151Z,BOI,Boise,79f5b39e-d314-4ad3-8050-3ace553d67de,SAMMS-Boise
202608312116372348,202608311905652855,202608311905652236,85,2504,Bronze INV,br_LabResultDetail,TASK_COMPLETE,SUCCESS,INFO,239,239,0,,2026-08-31T19:06:18.658Z,2026-08-31T21:16:41.151Z,7823,2026-08-31T21:16:41.151Z,CBCO,Coeur dAlene,79f5b39e-d314-4ad3-8050-3ace553d67de,SAMMS-CoeurdAleneV6
202608312116372349,202608311905652856,202608311905652236,85,2523,Bronze INV,br_LabResultDetail,TASK_COMPLETE,SUCCESS,INFO,2,2,0,,2026-08-31T19:06:18.658Z,2026-08-31T21:16:41.151Z,7823,2026-08-31T21:16:41.151Z,CON,Conway,79f5b39e-d314-4ad3-8050-3ace553d67de,SAMMS-Conway
202608312116372350,202608311905652857,202608311905652236,85,2524,Bronze INV,br_LabResultDetail,TASK_COMPLETE,SUCCESS,INFO,15,15,0,,2026-08-31T19:06:18.658Z,2026-08-31T21:16:41.151Z,7823,2026-08-31T21:16:41.151Z,D07,Medical Services Knox TN,79f5b39e-d314-4ad3-8050-3ace553d67de,SAMMS-KnoxvilleV6
202608312116372352,202608311905652858,202608311905652236,85,2525,Bronze INV,br_LabResultDetail,TASK_COMPLETE,SUCCESS,INFO,1002,1002,0,,2026-08-31T19:06:18.658Z,2026-08-31T21:16:41.151Z,7823,2026-08-31T21:16:41.151Z,D08,Madison,79f5b39e-d314-4ad3-8050-3ace553d67de,SAMMS-MadisonV6
202608312116372353,202608311905652859,202608311905652236,85,2527,Bronze INV,br_LabResultDetail,TASK_COMPLETE,SUCCESS,INFO,720,720,0,,2026-08-31T19:06:18.658Z,2026-08-31T21:16:41.151Z,7823,2026-08-31T21:16:41.151Z,D09,Murfreesboro,79f5b39e-d314-4ad3-8050-3ace553d67de,SAMMS-MurfreesboroV6
202608312116372354,202608311905652860,202608311905652236,85,2528,Bronze INV,br_LabResultDetail,TASK_COMPLETE,SUCCESS,INFO,7,7,0,,2026-08-31T19:06:18.658Z,2026-08-31T21:16:41.151Z,7823,2026-08-31T21:16:41.151Z,DA,Davenport,79f5b39e-d314-4ad3-8050-3ace553d67de,SAMMS-Davenport
202608312116372355,202608311905652861,202608311905652236,85,2529,Bronze INV,br_LabResultDetail,TASK_COMPLETE,SUCCESS,INFO,2759,2759,0,,2026-08-31T19:06:18.658Z,2026-08-31T21:16:41.151Z,7823,2026-08-31T21:16:41.151Z,DM,Des Moines,79f5b39e-d314-4ad3-8050-3ace553d67de,SAMMS-DesMoines
202608312116372356,202608311905652862,202608311905652236,85,2531,Bronze INV,br_LabResultDetail,TASK_COMPLETE,SUCCESS,INFO,3523,3523,0,,2026-08-31T19:06:18.658Z,2026-08-31T21:16:41.151Z,7823,2026-08-31T21:16:41.151Z,DRD-CO,Columbia MO,79f5b39e-d314-4ad3-8050-3ace553d67de,SAMMS-ColumbiaV5
202608312116372357,202608311905652863,202608311905652236,85,2532,Bronze INV,br_LabResultDetail,TASK_COMPLETE,SUCCESS,INFO,3426,3426,0,,2026-08-31T19:06:18.658Z,2026-08-31T21:16:41.151Z,7823,2026-08-31T21:16:41.151Z,DRD-KC,KC,79f5b39e-d314-4ad3-8050-3ace553d67de,SAMMS-KCv5
202608312116372358,202608311905652864,202608311905652236,85,2533,Bronze INV,br_LabResultDetail,TASK_COMPLETE,SUCCESS,INFO,19637,19637,0,,2026-08-31T19:06:18.658Z,2026-08-31T21:16:41.151Z,7823,2026-08-31T21:16:41.151Z,DRD-KVB,KVB,79f5b39e-d314-4ad3-8050-3ace553d67de,SAMMS-KVBv5
202608312116372359,202608311905652865,202608311905652236,85,2534,Bronze INV,br_LabResultDetail,TASK_COMPLETE,SUCCESS,INFO,23766,23766,0,,2026-08-31T19:06:18.658Z,2026-08-31T21:16:41.151Z,7823,2026-08-31T21:16:41.151Z,DRD-KVC,KVC,79f5b39e-d314-4ad3-8050-3ace553d67de,SAMMS-KVCv5
202608312116372360,202608311905652866,202608311905652236,85,2535,Bronze INV,br_LabResultDetail,TASK_COMPLETE,SUCCESS,INFO,6438,6438,0,,2026-08-31T19:06:18.658Z,2026-08-31T21:16:41.151Z,7823,2026-08-31T21:16:41.151Z,DRD-NOLA,NOLA,79f5b39e-d314-4ad3-8050-3ace553d67de,SAMMS-NOLAv5
202608312116372361,202608311905652867,202608311905652236,85,2536,Bronze INV,br_LabResultDetail,TASK_COMPLETE,SUCCESS,INFO,5735,5735,0,,2026-08-31T19:06:18.658Z,2026-08-31T21:16:41.151Z,7823,2026-08-31T21:16:41.151Z,DRD-SF,Springfield,79f5b39e-d314-4ad3-8050-3ace553d67de,SAMMS-SFv5
202608312116372362,202608311905652868,202608311905652236,85,2538,Bronze INV,br_LabResultDetail,TASK_COMPLETE,SUCCESS,INFO,16776,16776,0,,2026-08-31T19:06:18.658Z,2026-08-31T21:16:41.151Z,7823,2026-08-31T21:16:41.151Z,ELC,Elizabeth City,79f5b39e-d314-4ad3-8050-3ace553d67de,SAMMS-ElizabethCity
202608312116372363,202608311905652869,202608311905652236,85,2539,Bronze INV,br_LabResultDetail,TASK_COMPLETE,SUCCESS,INFO,3113,3113,0,,2026-08-31T19:06:18.658Z,2026-08-31T21:16:41.151Z,7823,2026-08-31T21:16:41.151Z,ET,Elizabethtown,79f5b39e-d314-4ad3-8050-3ace553d67de,SAMMS-Elizabethtown
202608312116372365,202608311905652870,202608311905652236,85,2540,Bronze INV,br_LabResultDetail,TASK_COMPLETE,SUCCESS,INFO,2,2,0,,2026-08-31T19:06:18.658Z,2026-08-31T21:16:41.151Z,7823,2026-08-31T21:16:41.151Z,FAY,Fayetteville,79f5b39e-d314-4ad3-8050-3ace553d67de,SAMMS-Fayetteville
202608312116372366,202608311905652871,202608311905652236,85,2541,Bronze INV,br_LabResultDetail,TASK_COMPLETE,SUCCESS,INFO,14063,14063,0,,2026-08-31T19:06:18.658Z,2026-08-31T21:16:41.151Z,7823,2026-08-31T21:16:41.151Z,FR,Frankfort,79f5b39e-d314-4ad3-8050-3ace553d67de,SAMMS-Frankfort
202608312116372367,202608311905652872,202608311905652236,85,2542,Bronze INV,br_LabResultDetail,TASK_COMPLETE,SUCCESS,INFO,3,3,0,,2026-08-31T19:06:18.658Z,2026-08-31T21:16:41.151Z,7823,2026-08-31T21:16:41.151Z,FS,Fort Smith,79f5b39e-d314-4ad3-8050-3ace553d67de,SAMMS-FortSmith
202608312116372368,202608311905652873,202608311905652236,85,2543,Bronze INV,br_LabResultDetail,TASK_COMPLETE,SUCCESS,INFO,9187,9187,0,,2026-08-31T19:06:18.658Z,2026-08-31T21:16:41.151Z,7823,2026-08-31T21:16:41.151Z,FW,Fort Wayne,79f5b39e-d314-4ad3-8050-3ace553d67de,SAMMS-FortWayne
202608312116372369,202608311905652874,202608311905652236,85,2544,Bronze INV,br_LabResultDetail,TASK_COMPLETE,SUCCESS,INFO,4,4,0,,2026-08-31T19:06:18.658Z,2026-08-31T21:16:41.151Z,7823,2026-08-31T21:16:41.151Z,GAL,Gaylord,79f5b39e-d314-4ad3-8050-3ace553d67de,SAMMS-Gaylord
202608312116372370,202608311905652875,202608311905652236,85,2548,Bronze INV,br_LabResultDetail,TASK_COMPLETE,SUCCESS,INFO,4782,4782,0,,2026-08-31T19:06:18.658Z,2026-08-31T21:16:41.151Z,7823,2026-08-31T21:16:41.151Z,HGT,Hagerstown,79f5b39e-d314-4ad3-8050-3ace553d67de,SAMMS-Hagerstown
202608312116372371,202608311905652876,202608311905652236,85,2549,Bronze INV,br_LabResultDetail,TASK_COMPLETE,SUCCESS,INFO,647,647,0,,2026-08-31T19:06:18.658Z,2026-08-31T21:16:41.151Z,7823,2026-08-31T21:16:41.151Z,HNT,Huntsville,79f5b39e-d314-4ad3-8050-3ace553d67de,SAMMS-Huntsville
202608312116372372,202608311905652877,202608311905652236,85,2550,Bronze INV,br_LabResultDetail,TASK_COMPLETE,SUCCESS,INFO,2,2,0,,2026-08-31T19:06:18.658Z,2026-08-31T21:16:41.151Z,7823,2026-08-31T21:16:41.151Z,HS,Hot Springs,79f5b39e-d314-4ad3-8050-3ace553d67de,SAMMS-HotSprings
202608312116372373,202608311905652878,202608311905652236,85,2551,Bronze INV,br_LabResultDetail,TASK_COMPLETE,SUCCESS,INFO,4,4,0,,2026-08-31T19:06:18.658Z,2026-08-31T21:16:41.151Z,7823,2026-08-31T21:16:41.151Z,JON,Jonesboro,79f5b39e-d314-4ad3-8050-3ace553d67de,SAMMS-Jonesboro
202608312116372374,202608311905652879,202608311905652236,85,2553,Bronze INV,br_LabResultDetail,TASK_COMPLETE,SUCCESS,INFO,4,4,0,,2026-08-31T19:06:18.658Z,2026-08-31T21:16:41.151Z,7823,2026-08-31T21:16:41.151Z,LAN,Lansing,79f5b39e-d314-4ad3-8050-3ace553d67de,SAMMS-Lansing
202608312116372375,202608311905652880,202608311905652236,85,2554,Bronze INV,br_LabResultDetail,TASK_COMPLETE,SUCCESS,INFO,88941,88941,0,,2026-08-31T19:06:18.658Z,2026-08-31T21:16:41.151Z,7823,2026-08-31T21:16:41.151Z,LO,Louisville,79f5b39e-d314-4ad3-8050-3ace553d67de,SAMMS-Louisville
202608312116372377,202608311905652881,202608311905652236,85,2555,Bronze INV,br_LabResultDetail,TASK_COMPLETE,SUCCESS,INFO,6536,6536,0,,2026-08-31T19:06:18.658Z,2026-08-31T21:16:41.151Z,7823,2026-08-31T21:16:41.151Z,LV1,Cheyenne,79f5b39e-d314-4ad3-8050-3ace553d67de,SAMMS-Cheyenne
202608312116372378,202608311905652882,202608311905652236,85,2556,Bronze INV,br_LabResultDetail,TASK_COMPLETE,SUCCESS,INFO,9491,9491,0,,2026-08-31T19:06:18.658Z,2026-08-31T21:16:41.151Z,7823,2026-08-31T21:16:41.151Z,LV2,Desert Inn,79f5b39e-d314-4ad3-8050-3ace553d67de,SAMMS-DesertInn
202608312116372379,202608311905652883,202608311905652236,85,2557,Bronze INV,br_LabResultDetail,TASK_COMPLETE,SUCCESS,INFO,1882,1882,0,,2026-08-31T19:06:18.658Z,2026-08-31T21:16:41.151Z,7823,2026-08-31T21:16:41.151Z,LV3,McDaniel,79f5b39e-d314-4ad3-8050-3ace553d67de,SAMMS-McDaniel
202608312116372380,202608311905652884,202608311905652236,85,2560,Bronze INV,br_LabResultDetail,TASK_COMPLETE,SUCCESS,INFO,3,3,0,,2026-08-31T19:06:18.658Z,2026-08-31T21:16:41.151Z,7823,2026-08-31T21:16:41.151Z,MNRE,Monroe,79f5b39e-d314-4ad3-8050-3ace553d67de,SAMMS-Monroe
202608312116372381,202608311905652885,202608311905652236,85,2561,Bronze INV,br_LabResultDetail,TASK_COMPLETE,SUCCESS,INFO,2,2,0,,2026-08-31T19:06:18.658Z,2026-08-31T21:16:41.151Z,7823,2026-08-31T21:16:41.151Z,MP,Mt. Pleasant,79f5b39e-d314-4ad3-8050-3ace553d67de,SAMMS-MtPleasant
202608312116372382,202608311905652886,202608311905652236,85,2562,Bronze INV,br_LabResultDetail,TASK_COMPLETE,SUCCESS,INFO,261,261,0,,2026-08-31T19:06:18.658Z,2026-08-31T21:16:41.151Z,7823,2026-08-31T21:16:41.151Z,MRD,Meridian,79f5b39e-d314-4ad3-8050-3ace553d67de,SAMMS-Meridian
202608312116372383,202608311905652887,202608311905652236,85,2567,Bronze INV,br_LabResultDetail,TASK_COMPLETE,SUCCESS,INFO,15250,15250,0,,2026-08-31T19:06:18.658Z,2026-08-31T21:16:41.151Z,7823,2026-08-31T21:16:41.151Z,NC,North Charleston,79f5b39e-d314-4ad3-8050-3ace553d67de,SAMMS-NorthCharleston
202608312116372384,202608311905652888,202608311905652236,85,2568,Bronze INV,br_LabResultDetail,TASK_COMPLETE,SUCCESS,INFO,3,3,0,,2026-08-31T19:06:18.658Z,2026-08-31T21:16:41.151Z,7823,2026-08-31T21:16:41.151Z,NLR,N. Little Rock,79f5b39e-d314-4ad3-8050-3ace553d67de,SAMMS-NLROBOT
202608312116372386,202608311905652889,202608311905652236,85,2569,Bronze INV,br_LabResultDetail,TASK_COMPLETE,SUCCESS,INFO,4833,4833,0,,2026-08-31T19:06:18.658Z,2026-08-31T21:16:41.151Z,7823,2026-08-31T21:16:41.151Z,PH,Phoenix,79f5b39e-d314-4ad3-8050-3ace553d67de,SAMMS-Phoenix
202608312116372387,202608311905652890,202608311905652236,85,2573,Bronze INV,br_LabResultDetail,TASK_COMPLETE,SUCCESS,INFO,62967,62967,0,,2026-08-31T19:06:18.658Z,2026-08-31T21:16:41.151Z,7823,2026-08-31T21:16:41.151Z,RE,Reno,79f5b39e-d314-4ad3-8050-3ace553d67de,SAMMS-Reno
202608312116372388,202608311905652891,202608311905652236,85,2574,Bronze INV,br_LabResultDetail,TASK_COMPLETE,SUCCESS,INFO,2436,2436,0,,2026-08-31T19:06:18.658Z,2026-08-31T21:16:41.151Z,7823,2026-08-31T21:16:41.151Z,RMD,Richmond,79f5b39e-d314-4ad3-8050-3ace553d67de,SAMMS-Richmond
202608312116372389,202608311905652892,202608311905652236,85,2575,Bronze INV,br_LabResultDetail,TASK_COMPLETE,SUCCESS,INFO,3712,3712,0,,2026-08-31T19:06:18.658Z,2026-08-31T21:16:41.151Z,7823,2026-08-31T21:16:41.151Z,SFN,Springfield North,79f5b39e-d314-4ad3-8050-3ace553d67de,SAMMS-SFNv5
202608312116372390,202608311905652893,202608311905652236,85,2576,Bronze INV,br_LabResultDetail,TASK_COMPLETE,SUCCESS,INFO,331,331,0,,2026-08-31T19:06:18.658Z,2026-08-31T21:16:41.151Z,7823,2026-08-31T21:16:41.151Z,SHP,Shreveport,79f5b39e-d314-4ad3-8050-3ace553d67de,SAMMS-Shreveport
202608312116372391,202608311905652894,202608311905652236,85,2578,Bronze INV,br_LabResultDetail,TASK_COMPLETE,SUCCESS,INFO,6,6,0,,2026-08-31T19:06:18.658Z,2026-08-31T21:16:41.151Z,7823,2026-08-31T21:16:41.151Z,STN,Staunton,79f5b39e-d314-4ad3-8050-3ace553d67de,SAMMS-Staunton
202608312116372392,202608311905652895,202608311905652236,85,2579,Bronze INV,br_LabResultDetail,TASK_COMPLETE,SUCCESS,INFO,462,462,0,,2026-08-31T19:06:18.658Z,2026-08-31T21:16:41.151Z,7823,2026-08-31T21:16:41.151Z,STVN,Stevenson,79f5b39e-d314-4ad3-8050-3ace553d67de,SAMMS-Stevenson
202608312116372394,202608311905652896,202608311905652236,85,2581,Bronze INV,br_LabResultDetail,TASK_COMPLETE,SUCCESS,INFO,18155,18155,0,,2026-08-31T19:06:18.658Z,2026-08-31T21:16:41.151Z,7823,2026-08-31T21:16:41.151Z,TE,Tempe,79f5b39e-d314-4ad3-8050-3ace553d67de,SAMMS-Tempe
202608312116372395,202608311905652897,202608311905652236,85,2582,Bronze INV,br_LabResultDetail,TASK_COMPLETE,SUCCESS,INFO,4,4,0,,2026-08-31T19:06:18.658Z,2026-08-31T21:16:41.151Z,7823,2026-08-31T21:16:41.151Z,TEX,Texarkana,79f5b39e-d314-4ad3-8050-3ace553d67de,SAMMS-Texarkana
202608312116372396,202608311905652898,202608311905652236,85,2583,Bronze INV,br_LabResultDetail,TASK_COMPLETE,SUCCESS,INFO,1721,1721,0,,2026-08-31T19:06:18.658Z,2026-08-31T21:16:41.151Z,7823,2026-08-31T21:16:41.151Z,TTCA,Bessemer,79f5b39e-d314-4ad3-8050-3ace553d67de,SAMMS-BessemerV5
202608312116372397,202608311905652899,202608311905652236,85,2584,Bronze INV,br_LabResultDetail,TASK_COMPLETE,SUCCESS,INFO,2149,2149,0,,2026-08-31T19:06:18.658Z,2026-08-31T21:16:41.151Z,7823,2026-08-31T21:16:41.151Z,TTCB,Cullman,79f5b39e-d314-4ad3-8050-3ace553d67de,SAMMS-CullmanV5
202608312116372398,202608311905652900,202608311905652236,85,2585,Bronze INV,br_LabResultDetail,TASK_COMPLETE,SUCCESS,INFO,4,4,0,,2026-08-31T19:06:18.658Z,2026-08-31T21:16:41.151Z,7823,2026-08-31T21:16:41.151Z,TTCC,Grand Bay,79f5b39e-d314-4ad3-8050-3ace553d67de,SAMMS-GrandBay
202608312116372399,202608311905652901,202608311905652236,85,2586,Bronze INV,br_LabResultDetail,TASK_COMPLETE,SUCCESS,INFO,1162,1162,0,,2026-08-31T19:06:18.658Z,2026-08-31T21:16:41.151Z,7823,2026-08-31T21:16:41.151Z,TU,Tucson,79f5b39e-d314-4ad3-8050-3ace553d67de,SAMMS-Tucson
202608312116372400,202608311905652902,202608311905652236,85,2588,Bronze INV,br_LabResultDetail,TASK_COMPLETE,SUCCESS,INFO,5377,5377,0,,2026-08-31T19:06:18.658Z,2026-08-31T21:16:41.151Z,7823,2026-08-31T21:16:41.151Z,V1,Memphis South,79f5b39e-d314-4ad3-8050-3ace553d67de,SAMMS-VCPHCS-I-MemphisV5
202608312116372401,202608311905652903,202608311905652236,85,2589,Bronze INV,br_LabResultDetail,TASK_COMPLETE,SUCCESS,INFO,6283,6283,0,,2026-08-31T19:06:18.658Z,2026-08-31T21:16:41.151Z,7823,2026-08-31T21:16:41.151Z,V10,Longmont,79f5b39e-d314-4ad3-8050-3ace553d67de,SAMMS-BoulderV5
202608312116372402,202608311905652904,202608311905652236,85,2590,Bronze INV,br_LabResultDetail,TASK_COMPLETE,SUCCESS,INFO,3582,3582,0,,2026-08-31T19:06:18.658Z,2026-08-31T21:16:41.151Z,7823,2026-08-31T21:16:41.151Z,V10A,Fort Collins,79f5b39e-d314-4ad3-8050-3ace553d67de,SAMMS-FortCollinsV5
202608312116372404,202608311905652905,202608311905652236,85,2591,Bronze INV,br_LabResultDetail,TASK_COMPLETE,SUCCESS,INFO,7588,7588,0,,2026-08-31T19:06:18.658Z,2026-08-31T21:16:41.151Z,7823,2026-08-31T21:16:41.151Z,V11,Westminster,79f5b39e-d314-4ad3-8050-3ace553d67de,SAMMS-VCPHCS-XI-NorthDenverV5
202608312116372405,202608311905652906,202608311905652236,85,2592,Bronze INV,br_LabResultDetail,TASK_COMPLETE,SUCCESS,INFO,10352,10352,0,,2026-08-31T19:06:18.658Z,2026-08-31T21:16:41.151Z,7823,2026-08-31T21:16:41.151Z,V12,Downtown Denver,79f5b39e-d314-4ad3-8050-3ace553d67de,SAMMS-VCPHCS-XII-DowntownDenverV5
202608312116372406,202608311905652907,202608311905652236,85,2593,Bronze INV,br_LabResultDetail,TASK_COMPLETE,SUCCESS,INFO,4850,4850,0,,2026-08-31T19:06:18.658Z,2026-08-31T21:16:41.151Z,7823,2026-08-31T21:16:41.151Z,V12A,Centennial,79f5b39e-d314-4ad3-8050-3ace553d67de,SAMMS-CentennialV5
202608312116372407,202608311905652908,202608311905652236,85,2594,Bronze INV,br_LabResultDetail,TASK_COMPLETE,SUCCESS,INFO,3388,3388,0,,2026-08-31T19:06:18.658Z,2026-08-31T21:16:41.151Z,7823,2026-08-31T21:16:41.151Z,V14,Overland Park,79f5b39e-d314-4ad3-8050-3ace553d67de,SAMMS-VCPHCS-XIV-BridgewayV5
202608312116372408,202608311905652909,202608311905652236,85,2595,Bronze INV,br_LabResultDetail,TASK_COMPLETE,SUCCESS,INFO,2918,2918,0,,2026-08-31T19:06:18.658Z,2026-08-31T21:16:41.151Z,7823,2026-08-31T21:16:41.151Z,V15,Joplin,79f5b39e-d314-4ad3-8050-3ace553d67de,SAMMS-JoplinV5
202608312116372409,202608311905652910,202608311905652236,85,2597,Bronze INV,br_LabResultDetail,TASK_COMPLETE,SUCCESS,INFO,1340,1340,0,,2026-08-31T19:06:18.658Z,2026-08-31T21:16:41.151Z,7823,2026-08-31T21:16:41.151Z,V17,Columbia TN,79f5b39e-d314-4ad3-8050-3ace553d67de,SAMMS-ColumbiaTNv5
202608312116372410,202608311905652911,202608311905652236,85,2599,Bronze INV,br_LabResultDetail,TASK_COMPLETE,SUCCESS,INFO,5131,5131,0,,2026-08-31T19:06:18.658Z,2026-08-31T21:16:41.151Z,7823,2026-08-31T21:16:41.151Z,V19,Jackson,79f5b39e-d314-4ad3-8050-3ace553d67de,SAMMS-JacksonV5
202608312116372411,202608311905652912,202608311905652236,85,2601,Bronze INV,br_LabResultDetail,TASK_COMPLETE,SUCCESS,INFO,7053,7053,0,,2026-08-31T19:06:18.658Z,2026-08-31T21:16:41.151Z,7823,2026-08-31T21:16:41.151Z,V20,Paris,79f5b39e-d314-4ad3-8050-3ace553d67de,SAMMS-ParisV5
202608312116372413,202608311905652913,202608311905652236,85,2602,Bronze INV,br_LabResultDetail,TASK_COMPLETE,SUCCESS,INFO,6081,6081,0,,2026-08-31T19:06:18.658Z,2026-08-31T21:16:41.151Z,7823,2026-08-31T21:16:41.151Z,V21,Memphis North,79f5b39e-d314-4ad3-8050-3ace553d67de,SAMMS-RaleighV5
202608312116372414,202608311905652914,202608311905652236,85,2605,Bronze INV,br_LabResultDetail,TASK_COMPLETE,SUCCESS,INFO,7048,7048,0,,2026-08-31T19:06:18.658Z,2026-08-31T21:16:41.151Z,7823,2026-08-31T21:16:41.151Z,V5,West Bank,79f5b39e-d314-4ad3-8050-3ace553d67de,SAMMS-NONTCv5
202608312116372415,202608311905652915,202608311905652236,85,2607,Bronze INV,br_LabResultDetail,TASK_COMPLETE,SUCCESS,INFO,534,534,0,,2026-08-31T19:06:18.658Z,2026-08-31T21:16:41.151Z,7823,2026-08-31T21:16:41.151Z,V5B,Houma,79f5b39e-d314-4ad3-8050-3ace553d67de,SAMMS-HoumaV6
202608312116372416,202608311905652916,202608311905652236,85,2608,Bronze INV,br_LabResultDetail,TASK_COMPLETE,SUCCESS,INFO,4811,4811,0,,2026-08-31T19:06:18.658Z,2026-08-31T21:16:41.151Z,7823,2026-08-31T21:16:41.151Z,V6,Lake Charles,79f5b39e-d314-4ad3-8050-3ace553d67de,SAMMS-LCv5
202608312116372417,202608311905652917,202608311905652236,85,2610,Bronze INV,br_LabResultDetail,TASK_COMPLETE,SUCCESS,INFO,19823,19823,0,,2026-08-31T19:06:18.658Z,2026-08-31T21:16:41.151Z,7823,2026-08-31T21:16:41.151Z,V8,Memphis Midtown,79f5b39e-d314-4ad3-8050-3ace553d67de,SAMMS-VCPHCS-VIII-MemphisV5
202608312116372418,202608311905652918,202608311905652236,85,2611,Bronze INV,br_LabResultDetail,TASK_COMPLETE,SUCCESS,INFO,17648,17648,0,,2026-08-31T19:06:18.658Z,2026-08-31T21:16:41.151Z,7823,2026-08-31T21:16:41.151Z,V9,Nashville,79f5b39e-d314-4ad3-8050-3ace553d67de,SAMMS-NashvilleV5
202608312116372419,202608311905652919,202608311905652236,85,2612,Bronze INV,br_LabResultDetail,TASK_COMPLETE,SUCCESS,INFO,1095,1095,0,,2026-08-31T19:06:18.658Z,2026-08-31T21:16:41.151Z,7823,2026-08-31T21:16:41.151Z,VBRA,Brainerd,79f5b39e-d314-4ad3-8050-3ace553d67de,SAMMS-BrainerdV6
202608312116372420,202608311905652920,202608311905652236,85,2613,Bronze INV,br_LabResultDetail,TASK_COMPLETE,SUCCESS,INFO,18,18,0,,2026-08-31T19:06:18.658Z,2026-08-31T21:16:41.151Z,7823,2026-08-31T21:16:41.151Z,VBRP,Brooklyn Park,79f5b39e-d314-4ad3-8050-3ace553d67de,SAMMS-BrooklynParkV6
202608312116372421,202608311905652921,202608311905652236,85,2615,Bronze INV,br_LabResultDetail,TASK_COMPLETE,SUCCESS,INFO,3,3,0,,2026-08-31T19:06:18.658Z,2026-08-31T21:16:41.151Z,7823,2026-08-31T21:16:41.151Z,VMIN,Minneapolis,79f5b39e-d314-4ad3-8050-3ace553d67de,SAMMS-MinneapolisV6
202608312116372422,202608311905652922,202608311905652236,85,2616,Bronze INV,br_LabResultDetail,TASK_COMPLETE,SUCCESS,INFO,8,8,0,,2026-08-31T19:06:18.658Z,2026-08-31T21:16:41.151Z,7823,2026-08-31T21:16:41.151Z,VWBY,Woodbury,79f5b39e-d314-4ad3-8050-3ace553d67de,SAMMS-WoodburyV6
202608312116372423,202608311905652923,202608311905652236,85,2618,Bronze INV,br_LabResultDetail,TASK_COMPLETE,SUCCESS,INFO,8649,8649,0,,2026-08-31T19:06:18.658Z,2026-08-31T21:16:41.151Z,7823,2026-08-31T21:16:41.151Z,WIL,Wilson,79f5b39e-d314-4ad3-8050-3ace553d67de,SAMMS-Wilson
202608312116372424,202608311905652924,202608311905652236,85,230,Bronze INV,br_AdmissionAssessment,TASK_COMPLETE,SUCCESS,INFO,28,28,0,,2026-08-31T19:06:18.658Z,2026-08-31T21:16:41.151Z,7823,2026-08-31T21:16:41.151Z,AHK,Ahoskie,79f5b39e-d314-4ad3-8050-3ace553d67de,SAMMS-Ahoskie
202609022122572681,202609021903208140,202609021903206075,85,3351,Bronze INV,br_ReAssessmentFamily,TASK_COMPLETE,SUCCESS,INFO,745,745,0,,2026-09-02T19:03:39.838Z,2026-09-02T21:23:00.812Z,8361,2026-09-02T21:23:00.812Z,VMIN,Minneapolis,c49685cc-3281-44bc-a1c2-3be5b1110999,SAMMS-MinneapolisV6
202609022122572682,202609021903208141,202609021903206075,85,3352,Bronze INV,br_ReAssessmentFamily,TASK_COMPLETE,SUCCESS,INFO,884,884,0,,2026-09-02T19:03:39.838Z,2026-09-02T21:23:00.812Z,8361,2026-09-02T21:23:00.812Z,VWBY,Woodbury,c49685cc-3281-44bc-a1c2-3be5b1110999,SAMMS-WoodburyV6
202609022122572683,202609021903208142,202609021903206075,85,3354,Bronze INV,br_ReAssessmentFamily,TASK_COMPLETE,SUCCESS,INFO,161,161,0,,2026-09-02T19:03:39.838Z,2026-09-02T21:23:00.812Z,8361,2026-09-02T21:23:00.812Z,WIL,Wilson,c49685cc-3281-44bc-a1c2-3be5b1110999,SAMMS-Wilson
202609022122572684,202609021903208143,202609021903206075,85,3358,Bronze INV,br_ReAssessmentLegal,TASK_COMPLETE,SUCCESS,INFO,35,35,0,,2026-09-02T19:03:39.838Z,2026-09-02T21:23:00.812Z,8361,2026-09-02T21:23:00.812Z,AHK,Ahoskie,c49685cc-3281-44bc-a1c2-3be5b1110999,SAMMS-Ahoskie
202609022122572685,202609021903208144,202609021903206075,85,3359,Bronze INV,br_ReAssessmentLegal,TASK_COMPLETE,SUCCESS,INFO,661,661,0,,2026-09-02T19:03:39.838Z,2026-09-02T21:23:00.812Z,8361,2026-09-02T21:23:00.812Z,B12B,Colorado Springs,c49685cc-3281-44bc-a1c2-3be5b1110999,SAMMS-ColoradoSpringsV5
202609022122572686,202609021903208145,202609021903206075,85,3360,Bronze INV,br_ReAssessmentLegal,TASK_COMPLETE,SUCCESS,INFO,828,828,0,,2026-09-02T19:03:39.838Z,2026-09-02T21:23:00.812Z,8361,2026-09-02T21:23:00.812Z,B24,Paintsville,c49685cc-3281-44bc-a1c2-3be5b1110999,SAMMS-PaintsvilleV5
202609022122572687,202609021903208146,202609021903206075,85,3361,Bronze INV,br_ReAssessmentLegal,TASK_COMPLETE,SUCCESS,INFO,646,646,0,,2026-09-02T19:03:39.838Z,2026-09-02T21:23:00.812Z,8361,2026-09-02T21:23:00.812Z,B25,Pikeville,c49685cc-3281-44bc-a1c2-3be5b1110999,SAMMS-PikevilleV5
202609022122572688,202609021903208147,202609021903206075,85,3362,Bronze INV,br_ReAssessmentLegal,TASK_COMPLETE,SUCCESS,INFO,971,971,0,,2026-09-02T19:03:39.838Z,2026-09-02T21:23:00.812Z,8361,2026-09-02T21:23:00.812Z,B26,Hazard,c49685cc-3281-44bc-a1c2-3be5b1110999,SAMMS-HazardV5
202609022122572689,202609021903208148,202609021903206075,85,3363,Bronze INV,br_ReAssessmentLegal,TASK_COMPLETE,SUCCESS,INFO,530,530,0,,2026-09-02T19:03:39.838Z,2026-09-02T21:23:00.812Z,8361,2026-09-02T21:23:00.812Z,B27,Savannah,c49685cc-3281-44bc-a1c2-3be5b1110999,SAMMS-SavannahV6
202609022122572691,202609021903208149,202609021903206075,85,3364,Bronze INV,br_ReAssessmentLegal,TASK_COMPLETE,SUCCESS,INFO,245,245,0,,2026-09-02T19:03:39.838Z,2026-09-02T21:23:00.812Z,8361,2026-09-02T21:23:00.812Z,B28,West Plains,c49685cc-3281-44bc-a1c2-3be5b1110999,SAMMS-WestPlainesV5
202609022122572692,202609021903208150,202609021903206075,85,3365,Bronze INV,br_ReAssessmentLegal,TASK_COMPLETE,SUCCESS,INFO,460,460,0,,2026-09-02T19:03:39.838Z,2026-09-02T21:23:00.812Z,8361,2026-09-02T21:23:00.812Z,B29,Poplar Bluff,c49685cc-3281-44bc-a1c2-3be5b1110999,SAMMS-PoplarBluffV5
202609022122572693,202609021903208151,202609021903206075,85,3366,Bronze INV,br_ReAssessmentLegal,TASK_COMPLETE,SUCCESS,INFO,77,77,0,,2026-09-02T19:03:39.838Z,2026-09-02T21:23:00.812Z,8361,2026-09-02T21:23:00.812Z,B30,KC North,c49685cc-3281-44bc-a1c2-3be5b1110999,SAMMS-KCNv5
202609022122572694,202609021903208152,202609021903206075,85,3367,Bronze INV,br_ReAssessmentLegal,TASK_COMPLETE,SUCCESS,INFO,400,400,0,,2026-09-02T19:03:39.838Z,2026-09-02T21:23:00.812Z,8361,2026-09-02T21:23:00.812Z,B31,Dyersburg,c49685cc-3281-44bc-a1c2-3be5b1110999,SAMMS-DyersburgV5
202609022122572695,202609021903208153,202609021903206075,85,3369,Bronze INV,br_ReAssessmentLegal,TASK_COMPLETE,SUCCESS,INFO,487,487,0,,2026-09-02T19:03:39.838Z,2026-09-02T21:23:00.812Z,8361,2026-09-02T21:23:00.812Z,B33,Paducah,c49685cc-3281-44bc-a1c2-3be5b1110999,SAMMS-Paducah
202609022122572696,202609021903208154,202609021903206075,85,3370,Bronze INV,br_ReAssessmentLegal,TASK_COMPLETE,SUCCESS,INFO,385,385,0,,2026-09-02T19:03:39.838Z,2026-09-02T21:23:00.812Z,8361,2026-09-02T21:23:00.812Z,B34,Corbin,c49685cc-3281-44bc-a1c2-3be5b1110999,SAMMS-CorbinV5
202609022122572697,202609021903208155,202609021903206075,85,3371,Bronze INV,br_ReAssessmentLegal,TASK_COMPLETE,SUCCESS,INFO,239,239,0,,2026-09-02T19:03:39.838Z,2026-09-02T21:23:00.812Z,8361,2026-09-02T21:23:00.812Z,B35,Lexington,c49685cc-3281-44bc-a1c2-3be5b1110999,SAMMS-LexingtonV5
202609022122572698,202609021903208156,202609021903206075,85,3372,Bronze INV,br_ReAssessmentLegal,TASK_COMPLETE,SUCCESS,INFO,77,77,0,,2026-09-02T19:03:39.838Z,2026-09-02T21:23:00.812Z,8361,2026-09-02T21:23:00.812Z,B35A,Berea,c49685cc-3281-44bc-a1c2-3be5b1110999,SAMMS-BereaV5
202609022122572699,202609021903208157,202609021903206075,85,3373,Bronze INV,br_ReAssessmentLegal,TASK_COMPLETE,SUCCESS,INFO,20,20,0,,2026-09-02T19:03:39.838Z,2026-09-02T21:23:00.812Z,8361,2026-09-02T21:23:00.812Z,B36,Asheville,c49685cc-3281-44bc-a1c2-3be5b1110999,SAMMS-AshevilleV5
202609022122572700,202609021903208158,202609021903206075,85,3374,Bronze INV,br_ReAssessmentLegal,TASK_COMPLETE,SUCCESS,INFO,1,1,0,,2026-09-02T19:03:39.838Z,2026-09-02T21:23:00.812Z,8361,2026-09-02T21:23:00.812Z,B37,Clyde,c49685cc-3281-44bc-a1c2-3be5b1110999,SAMMS-ClydeV5
202609022122572702,202609021903208159,202609021903206075,85,3375,Bronze INV,br_ReAssessmentLegal,TASK_COMPLETE,SUCCESS,INFO,1188,1188,0,,2026-09-02T19:03:39.838Z,2026-09-02T21:23:00.812Z,8361,2026-09-02T21:23:00.812Z,B38,Spartanburg,c49685cc-3281-44bc-a1c2-3be5b1110999,SAMMS-SpartanburgV5
202609022122572703,202609021903208160,202609021903206075,85,3376,Bronze INV,br_ReAssessmentLegal,TASK_COMPLETE,SUCCESS,INFO,362,362,0,,2026-09-02T19:03:39.838Z,2026-09-02T21:23:00.812Z,8361,2026-09-02T21:23:00.812Z,B39,Aiken,c49685cc-3281-44bc-a1c2-3be5b1110999,SAMMS-AikenV5
202609022122572704,202609021903208161,202609021903206075,85,3377,Bronze INV,br_ReAssessmentLegal,TASK_COMPLETE,SUCCESS,INFO,1887,1887,0,,2026-09-02T19:03:39.838Z,2026-09-02T21:23:00.812Z,8361,2026-09-02T21:23:00.812Z,B41,Chesapeake,c49685cc-3281-44bc-a1c2-3be5b1110999,SAMMS-ChesapeakeV5
202609022122572705,202609021903208162,202609021903206075,85,3378,Bronze INV,br_ReAssessmentLegal,TASK_COMPLETE,SUCCESS,INFO,1912,1912,0,,2026-09-02T19:03:39.838Z,2026-09-02T21:23:00.812Z,8361,2026-09-02T21:23:00.812Z,B42,Virginia Beach,c49685cc-3281-44bc-a1c2-3be5b1110999,SAMMS-VirginiaBeachV5
202609022122572706,202609021903208163,202609021903206075,85,3379,Bronze INV,br_ReAssessmentLegal,TASK_COMPLETE,SUCCESS,INFO,923,923,0,,2026-09-02T19:03:39.838Z,2026-09-02T21:23:00.812Z,8361,2026-09-02T21:23:00.812Z,B42A,Newport News,c49685cc-3281-44bc-a1c2-3be5b1110999,SAMMS-NewportNewsV5
202609022122572707,202609021903208164,202609021903206075,85,3380,Bronze INV,br_ReAssessmentLegal,TASK_COMPLETE,SUCCESS,INFO,507,507,0,,2026-09-02T19:03:39.838Z,2026-09-02T21:23:00.812Z,8361,2026-09-02T21:23:00.812Z,B42B,Franklin,c49685cc-3281-44bc-a1c2-3be5b1110999,SAMMS-FranklinV5
202609022122572708,202609021903208165,202609021903206075,85,3381,Bronze INV,br_ReAssessmentLegal,TASK_COMPLETE,SUCCESS,INFO,340,340,0,,2026-09-02T19:03:39.838Z,2026-09-02T21:23:00.812Z,8361,2026-09-02T21:23:00.812Z,B42C,Glen Allen,c49685cc-3281-44bc-a1c2-3be5b1110999,SAMMS-GlenAllenV5
202609022122572709,202609021903208166,202609021903206075,85,3382,Bronze INV,br_ReAssessmentLegal,TASK_COMPLETE,SUCCESS,INFO,1479,1479,0,,2026-09-02T19:03:39.838Z,2026-09-02T21:23:00.812Z,8361,2026-09-02T21:23:00.812Z,B42D,Chesapeake South,c49685cc-3281-44bc-a1c2-3be5b1110999,SAMMS-ChesapeakeSouthV5
202609022122572710,202609021903208167,202609021903206075,85,3383,Bronze INV,br_ReAssessmentLegal,TASK_COMPLETE,SUCCESS,INFO,633,633,0,,2026-09-02T19:03:39.838Z,2026-09-02T21:23:00.812Z,8361,2026-09-02T21:23:00.812Z,B44,Albany,c49685cc-3281-44bc-a1c2-3be5b1110999,SAMMS-AlbanyV5
202609022122572711,202609021903208168,202609021903206075,85,3384,Bronze INV,br_ReAssessmentLegal,TASK_COMPLETE,SUCCESS,INFO,1267,1267,0,,2026-09-02T19:03:39.838Z,2026-09-02T21:23:00.812Z,8361,2026-09-02T21:23:00.812Z,B45,Tifton,c49685cc-3281-44bc-a1c2-3be5b1110999,SAMMS-TiftonV5
202609022122572713,202609021903208169,202609021903206075,85,3385,Bronze INV,br_ReAssessmentLegal,TASK_COMPLETE,SUCCESS,INFO,588,588,0,,2026-09-02T19:03:39.838Z,2026-09-02T21:23:00.812Z,8361,2026-09-02T21:23:00.812Z,B46,Washington DC,c49685cc-3281-44bc-a1c2-3be5b1110999,SAMMS-WashingtonDCv5
202609022122572714,202609021903208170,202609021903206075,85,3386,Bronze INV,br_ReAssessmentLegal,TASK_COMPLETE,SUCCESS,INFO,1557,1557,0,,2026-09-02T19:03:39.838Z,2026-09-02T21:23:00.812Z,8361,2026-09-02T21:23:00.812Z,B47,Mobile,c49685cc-3281-44bc-a1c2-3be5b1110999,SAMMS-MobileV5
202609022122572715,202609021903208171,202609021903206075,85,3387,Bronze INV,br_ReAssessmentLegal,TASK_COMPLETE,SUCCESS,INFO,1296,1296,0,,2026-09-02T19:03:39.838Z,2026-09-02T21:23:00.812Z,8361,2026-09-02T21:23:00.812Z,B48,Tuscaloosa,c49685cc-3281-44bc-a1c2-3be5b1110999,SAMMS-TuscaloosaV5
202609022122572728,202609021903208172,202609021903206075,85,3396,Bronze INV,br_ReAssessmentLegal,TASK_COMPLETE,SUCCESS,INFO,2,2,0,,2026-09-02T19:03:39.838Z,2026-09-02T21:23:00.812Z,8361,2026-09-02T21:23:00.812Z,B51,N. Little Rock (OTP),c49685cc-3281-44bc-a1c2-3be5b1110999,SAMMS-NorthLittleRockV6
202609022122572729,202609021903208173,202609021903206075,85,3397,Bronze INV,br_ReAssessmentLegal,TASK_COMPLETE,SUCCESS,INFO,454,454,0,,2026-09-02T19:03:39.838Z,2026-09-02T21:23:00.812Z,8361,2026-09-02T21:23:00.812Z,B52,Jackson GA,c49685cc-3281-44bc-a1c2-3be5b1110999,SAMMS-JacksonGAV5
202609022122572730,202609021903208174,202609021903206075,85,3398,Bronze INV,br_ReAssessmentLegal,TASK_COMPLETE,SUCCESS,INFO,1702,1702,0,,2026-09-02T19:03:39.838Z,2026-09-02T21:23:00.812Z,8361,2026-09-02T21:23:00.812Z,B54,Gadsden,c49685cc-3281-44bc-a1c2-3be5b1110999,SAMMS-GadsdenV5
202609022122572731,202609021903208175,202609021903206075,85,3399,Bronze INV,br_ReAssessmentLegal,TASK_COMPLETE,SUCCESS,INFO,946,946,0,,2026-09-02T19:03:39.838Z,2026-09-02T21:23:00.812Z,8361,2026-09-02T21:23:00.812Z,B55,Shoals,c49685cc-3281-44bc-a1c2-3be5b1110999,SAMMS-ShoalsV5
202609022122572733,202609021903208176,202609021903206075,85,3400,Bronze INV,br_ReAssessmentLegal,TASK_COMPLETE,SUCCESS,INFO,294,294,0,,2026-09-02T19:03:39.838Z,2026-09-02T21:23:00.812Z,8361,2026-09-02T21:23:00.812Z,B57,Pawtucket,c49685cc-3281-44bc-a1c2-3be5b1110999,SAMMS-Pawtucket
202609022122572734,202609021903208177,202609021903206075,85,3401,Bronze INV,br_ReAssessmentLegal,TASK_COMPLETE,SUCCESS,INFO,550,550,0,,2026-09-02T19:03:39.838Z,2026-09-02T21:23:00.812Z,8361,2026-09-02T21:23:00.812Z,B57A,Johnston,c49685cc-3281-44bc-a1c2-3be5b1110999,SAMMS-Johnston
202609022122572735,202609021903208178,202609021903206075,85,3402,Bronze INV,br_ReAssessmentLegal,TASK_COMPLETE,SUCCESS,INFO,164,164,0,,2026-09-02T19:03:39.838Z,2026-09-02T21:23:00.812Z,8361,2026-09-02T21:23:00.812Z,B57B,Middletown,c49685cc-3281-44bc-a1c2-3be5b1110999,SAMMS-Middletown
202609022122572736,202609021903208179,202609021903206075,85,3403,Bronze INV,br_ReAssessmentLegal,TASK_COMPLETE,SUCCESS,INFO,411,411,0,,2026-09-02T19:03:39.838Z,2026-09-02T21:23:00.812Z,8361,2026-09-02T21:23:00.812Z,B57C,Providence,c49685cc-3281-44bc-a1c2-3be5b1110999,SAMMS-Providence
202609022122572737,202609021903208180,202609021903206075,85,3404,Bronze INV,br_ReAssessmentLegal,TASK_COMPLETE,SUCCESS,INFO,622,622,0,,2026-09-02T19:03:39.838Z,2026-09-02T21:23:00.812Z,8361,2026-09-02T21:23:00.812Z,B57D,Westerly,c49685cc-3281-44bc-a1c2-3be5b1110999,SAMMS-Westerly
202609022122572738,202609021903208181,202609021903206075,85,3408,Bronze INV,br_ReAssessmentLegal,TASK_COMPLETE,SUCCESS,INFO,4,4,0,,2026-09-02T19:03:39.838Z,2026-09-02T21:23:00.812Z,8361,2026-09-02T21:23:00.812Z,B66A,Bremen,c49685cc-3281-44bc-a1c2-3be5b1110999,SAMMS-Bremen
202609022122572739,202609021903208182,202609021903206075,85,3411,Bronze INV,br_ReAssessmentLegal,TASK_COMPLETE,SUCCESS,INFO,0,0,0,,2026-09-02T19:03:39.838Z,2026-09-02T21:23:00.812Z,8361,2026-09-02T21:23:00.812Z,B72,Mobile (OBOT),c49685cc-3281-44bc-a1c2-3be5b1110999,SAMMS-Mobile-OBOT
202609022122572740,202609021903208183,202609021903206075,85,3412,Bronze INV,br_ReAssessmentLegal,TASK_COMPLETE,SUCCESS,INFO,0,0,0,,2026-09-02T19:03:39.838Z,2026-09-02T21:23:00.812Z,8361,2026-09-02T21:23:00.812Z,B73,Montgomery,c49685cc-3281-44bc-a1c2-3be5b1110999,SAMMS-Montgomery
202609022122572741,202609021903208184,202609021903206075,85,3413,Bronze INV,br_ReAssessmentLegal,TASK_COMPLETE,SUCCESS,INFO,516,516,0,,2026-09-02T19:03:39.838Z,2026-09-02T21:23:00.812Z,8361,2026-09-02T21:23:00.812Z,B75,Lawrence,c49685cc-3281-44bc-a1c2-3be5b1110999,SAMMS-LawrenceV6
202609022122572742,202609021903208185,202609021903206075,85,3414,Bronze INV,br_ReAssessmentLegal,TASK_COMPLETE,SUCCESS,INFO,0,0,0,,2026-09-02T19:03:39.838Z,2026-09-02T21:23:00.812Z,8361,2026-09-02T21:23:00.812Z,B76,Huntsville OBOT,c49685cc-3281-44bc-a1c2-3be5b1110999,SAMMS-Huntsville-OBOT
202609022122572744,202609021903208186,202609021903206075,85,3415,Bronze INV,br_ReAssessmentLegal,TASK_COMPLETE,SUCCESS,INFO,0,0,0,,2026-09-02T19:03:39.838Z,2026-09-02T21:23:00.812Z,8361,2026-09-02T21:23:00.812Z,BAT,Batesville,c49685cc-3281-44bc-a1c2-3be5b1110999,SAMMS-Batesville
202609022122572745,202609021903208187,202609021903206075,85,3416,Bronze INV,br_ReAssessmentLegal,TASK_COMPLETE,SUCCESS,INFO,460,460,0,,2026-09-02T19:03:39.838Z,2026-09-02T21:23:00.812Z,8361,2026-09-02T21:23:00.812Z,BG,Bowling Green,c49685cc-3281-44bc-a1c2-3be5b1110999,SAMMS-BowlingGreen
202609022122572746,202609021903208188,202609021903206075,85,3417,Bronze INV,br_ReAssessmentLegal,TASK_COMPLETE,SUCCESS,INFO,180,180,0,,2026-09-02T19:03:39.838Z,2026-09-02T21:23:00.812Z,8361,2026-09-02T21:23:00.812Z,BOI,Boise,c49685cc-3281-44bc-a1c2-3be5b1110999,SAMMS-Boise
202609022122572747,202609021903208189,202609021903206075,85,3424,Bronze INV,br_ReAssessmentLegal,TASK_COMPLETE,SUCCESS,INFO,51,51,0,,2026-09-02T19:03:39.838Z,2026-09-02T21:23:00.812Z,8361,2026-09-02T21:23:00.812Z,CBCO,Coeur dAlene,c49685cc-3281-44bc-a1c2-3be5b1110999,SAMMS-CoeurdAleneV6
202609022122572748,202609021903208190,202609021903206075,85,3443,Bronze INV,br_ReAssessmentLegal,TASK_COMPLETE,SUCCESS,INFO,0,0,0,,2026-09-02T19:03:39.838Z,2026-09-02T21:23:00.812Z,8361,2026-09-02T21:23:00.812Z,CON,Conway,c49685cc-3281-44bc-a1c2-3be5b1110999,SAMMS-Conway
202609022122572749,202609021903208191,202609021903206075,85,3444,Bronze INV,br_ReAssessmentLegal,TASK_COMPLETE,SUCCESS,INFO,2568,2568,0,,2026-09-02T19:03:39.838Z,2026-09-02T21:23:00.812Z,8361,2026-09-02T21:23:00.812Z,D07,Medical Services Knox TN,c49685cc-3281-44bc-a1c2-3be5b1110999,SAMMS-KnoxvilleV6
202609022122572750,202609021903208192,202609021903206075,85,3445,Bronze INV,br_ReAssessmentLegal,TASK_COMPLETE,SUCCESS,INFO,111,111,0,,2026-09-02T19:03:39.838Z,2026-09-02T21:23:00.812Z,8361,2026-09-02T21:23:00.812Z,D08,Madison,c49685cc-3281-44bc-a1c2-3be5b1110999,SAMMS-MadisonV6
202609022122572751,202609021903208193,202609021903206075,85,3447,Bronze INV,br_ReAssessmentLegal,TASK_COMPLETE,SUCCESS,INFO,117,117,0,,2026-09-02T19:03:39.838Z,2026-09-02T21:23:00.812Z,8361,2026-09-02T21:23:00.812Z,D09,Murfreesboro,c49685cc-3281-44bc-a1c2-3be5b1110999,SAMMS-MurfreesboroV6
202609022122572752,202609021903208194,202609021903206075,85,3448,Bronze INV,br_ReAssessmentLegal,TASK_COMPLETE,SUCCESS,INFO,335,335,0,,2026-09-02T19:03:39.838Z,2026-09-02T21:23:00.812Z,8361,2026-09-02T21:23:00.812Z,DA,Davenport,c49685cc-3281-44bc-a1c2-3be5b1110999,SAMMS-Davenport
202609022122572753,202609021903208195,202609021903206075,85,3449,Bronze INV,br_ReAssessmentLegal,TASK_COMPLETE,SUCCESS,INFO,287,287,0,,2026-09-02T19:03:39.838Z,2026-09-02T21:23:00.812Z,8361,2026-09-02T21:23:00.812Z,DM,Des Moines,c49685cc-3281-44bc-a1c2-3be5b1110999,SAMMS-DesMoines
202609022122572755,202609021903208196,202609021903206075,85,3451,Bronze INV,br_ReAssessmentLegal,TASK_COMPLETE,SUCCESS,INFO,529,529,0,,2026-09-02T19:03:39.838Z,2026-09-02T21:23:00.812Z,8361,2026-09-02T21:23:00.812Z,DRD-CO,Columbia MO,c49685cc-3281-44bc-a1c2-3be5b1110999,SAMMS-ColumbiaV5
202609022122572756,202609021903208197,202609021903206075,85,3452,Bronze INV,br_ReAssessmentLegal,TASK_COMPLETE,SUCCESS,INFO,346,346,0,,2026-09-02T19:03:39.838Z,2026-09-02T21:23:00.812Z,8361,2026-09-02T21:23:00.812Z,DRD-KC,KC,c49685cc-3281-44bc-a1c2-3be5b1110999,SAMMS-KCv5
202609022122572757,202609021903208198,202609021903206075,85,3453,Bronze INV,br_ReAssessmentLegal,TASK_COMPLETE,SUCCESS,INFO,1551,1551,0,,2026-09-02T19:03:39.838Z,2026-09-02T21:23:00.812Z,8361,2026-09-02T21:23:00.812Z,DRD-KVB,KVB,c49685cc-3281-44bc-a1c2-3be5b1110999,SAMMS-KVBv5
202609022122572758,202609021903208199,202609021903206075,85,3454,Bronze INV,br_ReAssessmentLegal,TASK_COMPLETE,SUCCESS,INFO,1672,1672,0,,2026-09-02T19:03:39.838Z,2026-09-02T21:23:00.812Z,8361,2026-09-02T21:23:00.812Z,DRD-KVC,KVC,c49685cc-3281-44bc-a1c2-3be5b1110999,SAMMS-KVCv5
202609022122572759,202609021903208200,202609021903206075,85,3455,Bronze INV,br_ReAssessmentLegal,TASK_COMPLETE,SUCCESS,INFO,3202,3202,0,,2026-09-02T19:03:39.838Z,2026-09-02T21:23:00.812Z,8361,2026-09-02T21:23:00.812Z,DRD-NOLA,NOLA,c49685cc-3281-44bc-a1c2-3be5b1110999,SAMMS-NOLAv5
202609022122572760,202609021903208201,202609021903206075,85,3456,Bronze INV,br_ReAssessmentLegal,TASK_COMPLETE,SUCCESS,INFO,798,798,0,,2026-09-02T19:03:39.838Z,2026-09-02T21:23:00.812Z,8361,2026-09-02T21:23:00.812Z,DRD-SF,Springfield,c49685cc-3281-44bc-a1c2-3be5b1110999,SAMMS-SFv5
202609022122572761,202609021903208202,202609021903206075,85,3458,Bronze INV,br_ReAssessmentLegal,TASK_COMPLETE,SUCCESS,INFO,260,260,0,,2026-09-02T19:03:39.838Z,2026-09-02T21:23:00.812Z,8361,2026-09-02T21:23:00.812Z,ELC,Elizabeth City,c49685cc-3281-44bc-a1c2-3be5b1110999,SAMMS-ElizabethCity
202609022122572762,202609021903208203,202609021903206075,85,3459,Bronze INV,br_ReAssessmentLegal,TASK_COMPLETE,SUCCESS,INFO,128,128,0,,2026-09-02T19:03:39.838Z,2026-09-02T21:23:00.812Z,8361,2026-09-02T21:23:00.812Z,ET,Elizabethtown,c49685cc-3281-44bc-a1c2-3be5b1110999,SAMMS-Elizabethtown
202609022122572763,202609021903208204,202609021903206075,85,3460,Bronze INV,br_ReAssessmentLegal,TASK_COMPLETE,SUCCESS,INFO,0,0,0,,2026-09-02T19:03:39.838Z,2026-09-02T21:23:00.812Z,8361,2026-09-02T21:23:00.812Z,FAY,Fayetteville,c49685cc-3281-44bc-a1c2-3be5b1110999,SAMMS-Fayetteville
202609022122572764,202609021903208205,202609021903206075,85,3461,Bronze INV,br_ReAssessmentLegal,TASK_COMPLETE,SUCCESS,INFO,156,156,0,,2026-09-02T19:03:39.838Z,2026-09-02T21:23:00.812Z,8361,2026-09-02T21:23:00.812Z,FR,Frankfort,c49685cc-3281-44bc-a1c2-3be5b1110999,SAMMS-Frankfort
202609022122572766,202609021903208206,202609021903206075,85,3462,Bronze INV,br_ReAssessmentLegal,TASK_COMPLETE,SUCCESS,INFO,0,0,0,,2026-09-02T19:03:39.838Z,2026-09-02T21:23:00.812Z,8361,2026-09-02T21:23:00.812Z,FS,Fort Smith,c49685cc-3281-44bc-a1c2-3be5b1110999,SAMMS-FortSmith
202609022122572767,202609021903208207,202609021903206075,85,3463,Bronze INV,br_ReAssessmentLegal,TASK_COMPLETE,SUCCESS,INFO,466,466,0,,2026-09-02T19:03:39.838Z,2026-09-02T21:23:00.812Z,8361,2026-09-02T21:23:00.812Z,FW,Fort Wayne,c49685cc-3281-44bc-a1c2-3be5b1110999,SAMMS-FortWayne
202609022122572768,202609021903208208,202609021903206075,85,3464,Bronze INV,br_ReAssessmentLegal,TASK_COMPLETE,SUCCESS,INFO,273,273,0,,2026-09-02T19:03:39.838Z,2026-09-02T21:23:00.812Z,8361,2026-09-02T21:23:00.812Z,GAL,Gaylord,c49685cc-3281-44bc-a1c2-3be5b1110999,SAMMS-Gaylord
202609022122572769,202609021903208209,202609021903206075,85,3468,Bronze INV,br_ReAssessmentLegal,TASK_COMPLETE,SUCCESS,INFO,100,100,0,,2026-09-02T19:03:39.838Z,2026-09-02T21:23:00.812Z,8361,2026-09-02T21:23:00.812Z,HGT,Hagerstown,c49685cc-3281-44bc-a1c2-3be5b1110999,SAMMS-Hagerstown
202609022122572770,202609021903208210,202609021903206075,85,3469,Bronze INV,br_ReAssessmentLegal,TASK_COMPLETE,SUCCESS,INFO,1723,1723,0,,2026-09-02T19:03:39.838Z,2026-09-02T21:23:00.812Z,8361,2026-09-02T21:23:00.812Z,HNT,Huntsville,c49685cc-3281-44bc-a1c2-3be5b1110999,SAMMS-Huntsville
202609022122572771,202609021903208211,202609021903206075,85,3470,Bronze INV,br_ReAssessmentLegal,TASK_COMPLETE,SUCCESS,INFO,0,0,0,,2026-09-02T19:03:39.838Z,2026-09-02T21:23:00.812Z,8361,2026-09-02T21:23:00.812Z,HS,Hot Springs,c49685cc-3281-44bc-a1c2-3be5b1110999,SAMMS-HotSprings
202609022122572772,202609021903208212,202609021903206075,85,3471,Bronze INV,br_ReAssessmentLegal,TASK_COMPLETE,SUCCESS,INFO,0,0,0,,2026-09-02T19:03:39.838Z,2026-09-02T21:23:00.812Z,8361,2026-09-02T21:23:00.812Z,JON,Jonesboro,c49685cc-3281-44bc-a1c2-3be5b1110999,SAMMS-Jonesboro
202609022122572773,202609021903208213,202609021903206075,85,3473,Bronze INV,br_ReAssessmentLegal,TASK_COMPLETE,SUCCESS,INFO,445,445,0,,2026-09-02T19:03:39.838Z,2026-09-02T21:23:00.812Z,8361,2026-09-02T21:23:00.812Z,LAN,Lansing,c49685cc-3281-44bc-a1c2-3be5b1110999,SAMMS-Lansing
202609022122572775,202609021903208214,202609021903206075,85,3474,Bronze INV,br_ReAssessmentLegal,TASK_COMPLETE,SUCCESS,INFO,1286,1286,0,,2026-09-02T19:03:39.838Z,2026-09-02T21:23:00.812Z,8361,2026-09-02T21:23:00.812Z,LO,Louisville,c49685cc-3281-44bc-a1c2-3be5b1110999,SAMMS-Louisville
202609022122572776,202609021903208215,202609021903206075,85,3475,Bronze INV,br_ReAssessmentLegal,TASK_COMPLETE,SUCCESS,INFO,291,291,0,,2026-09-02T19:03:39.838Z,2026-09-02T21:23:00.812Z,8361,2026-09-02T21:23:00.812Z,LV1,Cheyenne,c49685cc-3281-44bc-a1c2-3be5b1110999,SAMMS-Cheyenne
202609022122572777,202609021903208216,202609021903206075,85,3476,Bronze INV,br_ReAssessmentLegal,TASK_COMPLETE,SUCCESS,INFO,204,204,0,,2026-09-02T19:03:39.838Z,2026-09-02T21:23:00.812Z,8361,2026-09-02T21:23:00.812Z,LV2,Desert Inn,c49685cc-3281-44bc-a1c2-3be5b1110999,SAMMS-DesertInn
202609022122572778,202609021903208217,202609021903206075,85,3477,Bronze INV,br_ReAssessmentLegal,TASK_COMPLETE,SUCCESS,INFO,109,109,0,,2026-09-02T19:03:39.838Z,2026-09-02T21:23:00.812Z,8361,2026-09-02T21:23:00.812Z,LV3,McDaniel,c49685cc-3281-44bc-a1c2-3be5b1110999,SAMMS-McDaniel
202609022122572779,202609021903208218,202609021903206075,85,3480,Bronze INV,br_ReAssessmentLegal,TASK_COMPLETE,SUCCESS,INFO,358,358,0,,2026-09-02T19:03:39.838Z,2026-09-02T21:23:00.812Z,8361,2026-09-02T21:23:00.812Z,MNRE,Monroe,c49685cc-3281-44bc-a1c2-3be5b1110999,SAMMS-Monroe
202609022122572780,202609021903208219,202609021903206075,85,3481,Bronze INV,br_ReAssessmentLegal,TASK_COMPLETE,SUCCESS,INFO,1420,1420,0,,2026-09-02T19:03:39.838Z,2026-09-02T21:23:00.812Z,8361,2026-09-02T21:23:00.812Z,MP,Mt. Pleasant,c49685cc-3281-44bc-a1c2-3be5b1110999,SAMMS-MtPleasant
202609022122572781,202609021903208220,202609021903206075,85,3482,Bronze INV,br_ReAssessmentLegal,TASK_COMPLETE,SUCCESS,INFO,153,153,0,,2026-09-02T19:03:39.838Z,2026-09-02T21:23:00.812Z,8361,2026-09-02T21:23:00.812Z,MRD,Meridian,c49685cc-3281-44bc-a1c2-3be5b1110999,SAMMS-Meridian
202609022122572782,202609021903208221,202609021903206075,85,3487,Bronze INV,br_ReAssessmentLegal,TASK_COMPLETE,SUCCESS,INFO,693,693,0,,2026-09-02T19:03:39.838Z,2026-09-02T21:23:00.812Z,8361,2026-09-02T21:23:00.812Z,NC,North Charleston,c49685cc-3281-44bc-a1c2-3be5b1110999,SAMMS-NorthCharleston
202609022122572783,202609021903208222,202609021903206075,85,3488,Bronze INV,br_ReAssessmentLegal,TASK_COMPLETE,SUCCESS,INFO,0,0,0,,2026-09-02T19:03:39.838Z,2026-09-02T21:23:00.812Z,8361,2026-09-02T21:23:00.812Z,NLR,N. Little Rock,c49685cc-3281-44bc-a1c2-3be5b1110999,SAMMS-NLROBOT
202609022122572784,202609021903208223,202609021903206075,85,3489,Bronze INV,br_ReAssessmentLegal,TASK_COMPLETE,SUCCESS,INFO,111,111,0,,2026-09-02T19:03:39.838Z,2026-09-02T21:23:00.812Z,8361,2026-09-02T21:23:00.812Z,PH,Phoenix,c49685cc-3281-44bc-a1c2-3be5b1110999,SAMMS-Phoenix
202609022122572786,202609021903208224,202609021903206075,85,3493,Bronze INV,br_ReAssessmentLegal,TASK_COMPLETE,SUCCESS,INFO,212,212,0,,2026-09-02T19:03:39.838Z,2026-09-02T21:23:00.812Z,8361,2026-09-02T21:23:00.812Z,RE,Reno,c49685cc-3281-44bc-a1c2-3be5b1110999,SAMMS-Reno
202609022122572787,202609021903208225,202609021903206075,85,3494,Bronze INV,br_ReAssessmentLegal,TASK_COMPLETE,SUCCESS,INFO,88,88,0,,2026-09-02T19:03:39.838Z,2026-09-02T21:23:00.812Z,8361,2026-09-02T21:23:00.812Z,RMD,Richmond,c49685cc-3281-44bc-a1c2-3be5b1110999,SAMMS-Richmond
202608292054379621,202608291904435009,202608291904434406,85,2477,Bronze INV,br_LabResultDetail,TASK_COMPLETE,SUCCESS,INFO,260,260,0,,2026-08-29T19:04:49.126Z,2026-08-29T20:54:41.421Z,6592,2026-08-29T20:54:41.421Z,B52,Jackson GA,dd7385f2-fbd4-41a4-afcd-7296aca5e198,SAMMS-JacksonGAV5
202608292054379623,202608291904435010,202608291904434406,85,2478,Bronze INV,br_LabResultDetail,TASK_COMPLETE,SUCCESS,INFO,2682,2682,0,,2026-08-29T19:04:49.126Z,2026-08-29T20:54:41.421Z,6592,2026-08-29T20:54:41.421Z,B54,Gadsden,dd7385f2-fbd4-41a4-afcd-7296aca5e198,SAMMS-GadsdenV5
202608292054379624,202608291904435011,202608291904434406,85,2479,Bronze INV,br_LabResultDetail,TASK_COMPLETE,SUCCESS,INFO,683,683,0,,2026-08-29T19:04:49.126Z,2026-08-29T20:54:41.421Z,6592,2026-08-29T20:54:41.421Z,B55,Shoals,dd7385f2-fbd4-41a4-afcd-7296aca5e198,SAMMS-ShoalsV5
202608292054379625,202608291904435012,202608291904434406,85,2480,Bronze INV,br_LabResultDetail,TASK_COMPLETE,SUCCESS,INFO,4,4,0,,2026-08-29T19:04:49.126Z,2026-08-29T20:54:41.421Z,6592,2026-08-29T20:54:41.421Z,B57,Pawtucket,dd7385f2-fbd4-41a4-afcd-7296aca5e198,SAMMS-Pawtucket
202608292054379626,202608291904435013,202608291904434406,85,2481,Bronze INV,br_LabResultDetail,TASK_COMPLETE,SUCCESS,INFO,6,6,0,,2026-08-29T19:04:49.126Z,2026-08-29T20:54:41.421Z,6592,2026-08-29T20:54:41.421Z,B57A,Johnston,dd7385f2-fbd4-41a4-afcd-7296aca5e198,SAMMS-Johnston
202608292054379627,202608291904435014,202608291904434406,85,2482,Bronze INV,br_LabResultDetail,TASK_COMPLETE,SUCCESS,INFO,9,9,0,,2026-08-29T19:04:49.126Z,2026-08-29T20:54:41.421Z,6592,2026-08-29T20:54:41.421Z,B57B,Middletown,dd7385f2-fbd4-41a4-afcd-7296aca5e198,SAMMS-Middletown
202608292054379629,202608291904435015,202608291904434406,85,2483,Bronze INV,br_LabResultDetail,TASK_COMPLETE,SUCCESS,INFO,3,3,0,,2026-08-29T19:04:49.126Z,2026-08-29T20:54:41.421Z,6592,2026-08-29T20:54:41.421Z,B57C,Providence,dd7385f2-fbd4-41a4-afcd-7296aca5e198,SAMMS-Providence
202608292054379630,202608291904435016,202608291904434406,85,2484,Bronze INV,br_LabResultDetail,TASK_COMPLETE,SUCCESS,INFO,3,3,0,,2026-08-29T19:04:49.126Z,2026-08-29T20:54:41.421Z,6592,2026-08-29T20:54:41.421Z,B57D,Westerly,dd7385f2-fbd4-41a4-afcd-7296aca5e198,SAMMS-Westerly
202608292054379631,202608291904435017,202608291904434406,85,2488,Bronze INV,br_LabResultDetail,TASK_COMPLETE,SUCCESS,INFO,4,4,0,,2026-08-29T19:04:49.126Z,2026-08-29T20:54:41.421Z,6592,2026-08-29T20:54:41.421Z,B66A,Bremen,dd7385f2-fbd4-41a4-afcd-7296aca5e198,SAMMS-Bremen
202608292054379632,202608291904435018,202608291904434406,85,2491,Bronze INV,br_LabResultDetail,TASK_COMPLETE,SUCCESS,INFO,6,6,0,,2026-08-29T19:04:49.126Z,2026-08-29T20:54:41.421Z,6592,2026-08-29T20:54:41.421Z,B72,Mobile (OBOT),dd7385f2-fbd4-41a4-afcd-7296aca5e198,SAMMS-Mobile-OBOT
202608292054379633,202608291904435019,202608291904434406,85,2492,Bronze INV,br_LabResultDetail,TASK_COMPLETE,SUCCESS,INFO,2,2,0,,2026-08-29T19:04:49.126Z,2026-08-29T20:54:41.421Z,6592,2026-08-29T20:54:41.421Z,B73,Montgomery,dd7385f2-fbd4-41a4-afcd-7296aca5e198,SAMMS-Montgomery
202608292054379634,202608291904435020,202608291904434406,85,2493,Bronze INV,br_LabResultDetail,TASK_COMPLETE,SUCCESS,INFO,511,511,0,,2026-08-29T19:04:49.126Z,2026-08-29T20:54:41.421Z,6592,2026-08-29T20:54:41.421Z,B75,Lawrence,dd7385f2-fbd4-41a4-afcd-7296aca5e198,SAMMS-LawrenceV6
202608292054379636,202608291904435021,202608291904434406,85,2494,Bronze INV,br_LabResultDetail,TASK_COMPLETE,SUCCESS,INFO,1,1,0,,2026-08-29T19:04:49.126Z,2026-08-29T20:54:41.421Z,6592,2026-08-29T20:54:41.421Z,B76,Huntsville OBOT,dd7385f2-fbd4-41a4-afcd-7296aca5e198,SAMMS-Huntsville-OBOT
202608292054379637,202608291904435022,202608291904434406,85,2495,Bronze INV,br_LabResultDetail,TASK_COMPLETE,SUCCESS,INFO,8,8,0,,2026-08-29T19:04:49.126Z,2026-08-29T20:54:41.421Z,6592,2026-08-29T20:54:41.421Z,BAT,Batesville,dd7385f2-fbd4-41a4-afcd-7296aca5e198,SAMMS-Batesville
202608292054379638,202608291904435023,202608291904434406,85,2496,Bronze INV,br_LabResultDetail,TASK_COMPLETE,SUCCESS,INFO,2977,2977,0,,2026-08-29T19:04:49.126Z,2026-08-29T20:54:41.421Z,6592,2026-08-29T20:54:41.421Z,BG,Bowling Green,dd7385f2-fbd4-41a4-afcd-7296aca5e198,SAMMS-BowlingGreen
202608292054379639,202608291904435024,202608291904434406,85,2497,Bronze INV,br_LabResultDetail,TASK_COMPLETE,SUCCESS,INFO,191,191,0,,2026-08-29T19:04:49.126Z,2026-08-29T20:54:41.421Z,6592,2026-08-29T20:54:41.421Z,BOI,Boise,dd7385f2-fbd4-41a4-afcd-7296aca5e198,SAMMS-Boise
202608292054379640,202608291904435025,202608291904434406,85,2504,Bronze INV,br_LabResultDetail,TASK_COMPLETE,SUCCESS,INFO,239,239,0,,2026-08-29T19:04:49.126Z,2026-08-29T20:54:41.421Z,6592,2026-08-29T20:54:41.421Z,CBCO,Coeur dAlene,dd7385f2-fbd4-41a4-afcd-7296aca5e198,SAMMS-CoeurdAleneV6
202608292054379642,202608291904435026,202608291904434406,85,2523,Bronze INV,br_LabResultDetail,TASK_COMPLETE,SUCCESS,INFO,2,2,0,,2026-08-29T19:04:49.126Z,2026-08-29T20:54:41.421Z,6592,2026-08-29T20:54:41.421Z,CON,Conway,dd7385f2-fbd4-41a4-afcd-7296aca5e198,SAMMS-Conway
202608292054379643,202608291904435027,202608291904434406,85,2524,Bronze INV,br_LabResultDetail,TASK_COMPLETE,SUCCESS,INFO,15,15,0,,2026-08-29T19:04:49.126Z,2026-08-29T20:54:41.421Z,6592,2026-08-29T20:54:41.421Z,D07,Medical Services Knox TN,dd7385f2-fbd4-41a4-afcd-7296aca5e198,SAMMS-KnoxvilleV6
202608292054379644,202608291904435028,202608291904434406,85,2525,Bronze INV,br_LabResultDetail,TASK_COMPLETE,SUCCESS,INFO,1002,1002,0,,2026-08-29T19:04:49.126Z,2026-08-29T20:54:41.421Z,6592,2026-08-29T20:54:41.421Z,D08,Madison,dd7385f2-fbd4-41a4-afcd-7296aca5e198,SAMMS-MadisonV6
202608292054379645,202608291904435029,202608291904434406,85,2527,Bronze INV,br_LabResultDetail,TASK_COMPLETE,SUCCESS,INFO,717,717,0,,2026-08-29T19:04:49.126Z,2026-08-29T20:54:41.421Z,6592,2026-08-29T20:54:41.421Z,D09,Murfreesboro,dd7385f2-fbd4-41a4-afcd-7296aca5e198,SAMMS-MurfreesboroV6
202608292054379646,202608291904435030,202608291904434406,85,2528,Bronze INV,br_LabResultDetail,TASK_COMPLETE,SUCCESS,INFO,7,7,0,,2026-08-29T19:04:49.126Z,2026-08-29T20:54:41.421Z,6592,2026-08-29T20:54:41.421Z,DA,Davenport,dd7385f2-fbd4-41a4-afcd-7296aca5e198,SAMMS-Davenport
202608292054379647,202608291904435031,202608291904434406,85,2529,Bronze INV,br_LabResultDetail,TASK_COMPLETE,SUCCESS,INFO,2759,2759,0,,2026-08-29T19:04:49.126Z,2026-08-29T20:54:41.421Z,6592,2026-08-29T20:54:41.421Z,DM,Des Moines,dd7385f2-fbd4-41a4-afcd-7296aca5e198,SAMMS-DesMoines
202608292054379649,202608291904435032,202608291904434406,85,2531,Bronze INV,br_LabResultDetail,TASK_COMPLETE,SUCCESS,INFO,3523,3523,0,,2026-08-29T19:04:49.126Z,2026-08-29T20:54:41.421Z,6592,2026-08-29T20:54:41.421Z,DRD-CO,Columbia MO,dd7385f2-fbd4-41a4-afcd-7296aca5e198,SAMMS-ColumbiaV5
202608292054379650,202608291904435033,202608291904434406,85,2532,Bronze INV,br_LabResultDetail,TASK_COMPLETE,SUCCESS,INFO,3426,3426,0,,2026-08-29T19:04:49.126Z,2026-08-29T20:54:41.421Z,6592,2026-08-29T20:54:41.421Z,DRD-KC,KC,dd7385f2-fbd4-41a4-afcd-7296aca5e198,SAMMS-KCv5
202608292054379651,202608291904435034,202608291904434406,85,2533,Bronze INV,br_LabResultDetail,TASK_COMPLETE,SUCCESS,INFO,19620,19620,0,,2026-08-29T19:04:49.126Z,2026-08-29T20:54:41.421Z,6592,2026-08-29T20:54:41.421Z,DRD-KVB,KVB,dd7385f2-fbd4-41a4-afcd-7296aca5e198,SAMMS-KVBv5
202608292054379652,202608291904435035,202608291904434406,85,2534,Bronze INV,br_LabResultDetail,TASK_COMPLETE,SUCCESS,INFO,23750,23750,0,,2026-08-29T19:04:49.126Z,2026-08-29T20:54:41.421Z,6592,2026-08-29T20:54:41.421Z,DRD-KVC,KVC,dd7385f2-fbd4-41a4-afcd-7296aca5e198,SAMMS-KVCv5
202608292054379653,202608291904435036,202608291904434406,85,2535,Bronze INV,br_LabResultDetail,TASK_COMPLETE,SUCCESS,INFO,6438,6438,0,,2026-08-29T19:04:49.126Z,2026-08-29T20:54:41.421Z,6592,2026-08-29T20:54:41.421Z,DRD-NOLA,NOLA,dd7385f2-fbd4-41a4-afcd-7296aca5e198,SAMMS-NOLAv5
202608292054379654,202608291904435037,202608291904434406,85,2536,Bronze INV,br_LabResultDetail,TASK_COMPLETE,SUCCESS,INFO,5728,5728,0,,2026-08-29T19:04:49.126Z,2026-08-29T20:54:41.421Z,6592,2026-08-29T20:54:41.421Z,DRD-SF,Springfield,dd7385f2-fbd4-41a4-afcd-7296aca5e198,SAMMS-SFv5
202608292054379655,202608291904435038,202608291904434406,85,2538,Bronze INV,br_LabResultDetail,TASK_COMPLETE,SUCCESS,INFO,16776,16776,0,,2026-08-29T19:04:49.126Z,2026-08-29T20:54:41.421Z,6592,2026-08-29T20:54:41.421Z,ELC,Elizabeth City,dd7385f2-fbd4-41a4-afcd-7296aca5e198,SAMMS-ElizabethCity
202608292054379657,202608291904435039,202608291904434406,85,2539,Bronze INV,br_LabResultDetail,TASK_COMPLETE,SUCCESS,INFO,3113,3113,0,,2026-08-29T19:04:49.126Z,2026-08-29T20:54:41.421Z,6592,2026-08-29T20:54:41.421Z,ET,Elizabethtown,dd7385f2-fbd4-41a4-afcd-7296aca5e198,SAMMS-Elizabethtown
202608292054379658,202608291904435040,202608291904434406,85,2540,Bronze INV,br_LabResultDetail,TASK_COMPLETE,SUCCESS,INFO,2,2,0,,2026-08-29T19:04:49.126Z,2026-08-29T20:54:41.421Z,6592,2026-08-29T20:54:41.421Z,FAY,Fayetteville,dd7385f2-fbd4-41a4-afcd-7296aca5e198,SAMMS-Fayetteville
202608292054379659,202608291904435041,202608291904434406,85,2541,Bronze INV,br_LabResultDetail,TASK_COMPLETE,SUCCESS,INFO,14063,14063,0,,2026-08-29T19:04:49.126Z,2026-08-29T20:54:41.421Z,6592,2026-08-29T20:54:41.421Z,FR,Frankfort,dd7385f2-fbd4-41a4-afcd-7296aca5e198,SAMMS-Frankfort
202608292054379660,202608291904435042,202608291904434406,85,2542,Bronze INV,br_LabResultDetail,TASK_COMPLETE,SUCCESS,INFO,3,3,0,,2026-08-29T19:04:49.126Z,2026-08-29T20:54:41.421Z,6592,2026-08-29T20:54:41.421Z,FS,Fort Smith,dd7385f2-fbd4-41a4-afcd-7296aca5e198,SAMMS-FortSmith
202608292054379661,202608291904435043,202608291904434406,85,2543,Bronze INV,br_LabResultDetail,TASK_COMPLETE,SUCCESS,INFO,9182,9182,0,,2026-08-29T19:04:49.126Z,2026-08-29T20:54:41.421Z,6592,2026-08-29T20:54:41.421Z,FW,Fort Wayne,dd7385f2-fbd4-41a4-afcd-7296aca5e198,SAMMS-FortWayne
202608292054379662,202608291904435044,202608291904434406,85,2544,Bronze INV,br_LabResultDetail,TASK_COMPLETE,SUCCESS,INFO,4,4,0,,2026-08-29T19:04:49.126Z,2026-08-29T20:54:41.421Z,6592,2026-08-29T20:54:41.421Z,GAL,Gaylord,dd7385f2-fbd4-41a4-afcd-7296aca5e198,SAMMS-Gaylord
202608292054379664,202608291904435045,202608291904434406,85,2548,Bronze INV,br_LabResultDetail,TASK_COMPLETE,SUCCESS,INFO,4781,4781,0,,2026-08-29T19:04:49.126Z,2026-08-29T20:54:41.421Z,6592,2026-08-29T20:54:41.421Z,HGT,Hagerstown,dd7385f2-fbd4-41a4-afcd-7296aca5e198,SAMMS-Hagerstown
202608292054379665,202608291904435046,202608291904434406,85,2549,Bronze INV,br_LabResultDetail,TASK_COMPLETE,SUCCESS,INFO,647,647,0,,2026-08-29T19:04:49.126Z,2026-08-29T20:54:41.421Z,6592,2026-08-29T20:54:41.421Z,HNT,Huntsville,dd7385f2-fbd4-41a4-afcd-7296aca5e198,SAMMS-Huntsville
202608292054379666,202608291904435047,202608291904434406,85,2550,Bronze INV,br_LabResultDetail,TASK_COMPLETE,SUCCESS,INFO,2,2,0,,2026-08-29T19:04:49.126Z,2026-08-29T20:54:41.421Z,6592,2026-08-29T20:54:41.421Z,HS,Hot Springs,dd7385f2-fbd4-41a4-afcd-7296aca5e198,SAMMS-HotSprings
202608292054379667,202608291904435048,202608291904434406,85,2551,Bronze INV,br_LabResultDetail,TASK_COMPLETE,SUCCESS,INFO,4,4,0,,2026-08-29T19:04:49.126Z,2026-08-29T20:54:41.421Z,6592,2026-08-29T20:54:41.421Z,JON,Jonesboro,dd7385f2-fbd4-41a4-afcd-7296aca5e198,SAMMS-Jonesboro
202608292054379668,202608291904435049,202608291904434406,85,2553,Bronze INV,br_LabResultDetail,TASK_COMPLETE,SUCCESS,INFO,4,4,0,,2026-08-29T19:04:49.126Z,2026-08-29T20:54:41.421Z,6592,2026-08-29T20:54:41.421Z,LAN,Lansing,dd7385f2-fbd4-41a4-afcd-7296aca5e198,SAMMS-Lansing
202608292054379669,202608291904435050,202608291904434406,85,2554,Bronze INV,br_LabResultDetail,TASK_COMPLETE,SUCCESS,INFO,88941,88941,0,,2026-08-29T19:04:49.126Z,2026-08-29T20:54:41.421Z,6592,2026-08-29T20:54:41.421Z,LO,Louisville,dd7385f2-fbd4-41a4-afcd-7296aca5e198,SAMMS-Louisville
202608292054379670,202608291904435051,202608291904434406,85,2555,Bronze INV,br_LabResultDetail,TASK_COMPLETE,SUCCESS,INFO,6536,6536,0,,2026-08-29T19:04:49.126Z,2026-08-29T20:54:41.421Z,6592,2026-08-29T20:54:41.421Z,LV1,Cheyenne,dd7385f2-fbd4-41a4-afcd-7296aca5e198,SAMMS-Cheyenne
202608292054379672,202608291904435052,202608291904434406,85,2556,Bronze INV,br_LabResultDetail,TASK_COMPLETE,SUCCESS,INFO,9491,9491,0,,2026-08-29T19:04:49.126Z,2026-08-29T20:54:41.421Z,6592,2026-08-29T20:54:41.421Z,LV2,Desert Inn,dd7385f2-fbd4-41a4-afcd-7296aca5e198,SAMMS-DesertInn
202608292054379673,202608291904435053,202608291904434406,85,2557,Bronze INV,br_LabResultDetail,TASK_COMPLETE,SUCCESS,INFO,1882,1882,0,,2026-08-29T19:04:49.126Z,2026-08-29T20:54:41.421Z,6592,2026-08-29T20:54:41.421Z,LV3,McDaniel,dd7385f2-fbd4-41a4-afcd-7296aca5e198,SAMMS-McDaniel
202608292054379674,202608291904435054,202608291904434406,85,2560,Bronze INV,br_LabResultDetail,TASK_COMPLETE,SUCCESS,INFO,3,3,0,,2026-08-29T19:04:49.126Z,2026-08-29T20:54:41.421Z,6592,2026-08-29T20:54:41.421Z,MNRE,Monroe,dd7385f2-fbd4-41a4-afcd-7296aca5e198,SAMMS-Monroe
202608292054379675,202608291904435055,202608291904434406,85,2561,Bronze INV,br_LabResultDetail,TASK_COMPLETE,SUCCESS,INFO,2,2,0,,2026-08-29T19:04:49.126Z,2026-08-29T20:54:41.421Z,6592,2026-08-29T20:54:41.421Z,MP,Mt. Pleasant,dd7385f2-fbd4-41a4-afcd-7296aca5e198,SAMMS-MtPleasant
202608292054379676,202608291904435056,202608291904434406,85,2562,Bronze INV,br_LabResultDetail,TASK_COMPLETE,SUCCESS,INFO,260,260,0,,2026-08-29T19:04:49.126Z,2026-08-29T20:54:41.421Z,6592,2026-08-29T20:54:41.421Z,MRD,Meridian,dd7385f2-fbd4-41a4-afcd-7296aca5e198,SAMMS-Meridian
202608292054379677,202608291904435057,202608291904434406,85,2567,Bronze INV,br_LabResultDetail,TASK_COMPLETE,SUCCESS,INFO,15250,15250,0,,2026-08-29T19:04:49.126Z,2026-08-29T20:54:41.421Z,6592,2026-08-29T20:54:41.421Z,NC,North Charleston,dd7385f2-fbd4-41a4-afcd-7296aca5e198,SAMMS-NorthCharleston
202608292054379678,202608291904435058,202608291904434406,85,2568,Bronze INV,br_LabResultDetail,TASK_COMPLETE,SUCCESS,INFO,3,3,0,,2026-08-29T19:04:49.126Z,2026-08-29T20:54:41.421Z,6592,2026-08-29T20:54:41.421Z,NLR,N. Little Rock,dd7385f2-fbd4-41a4-afcd-7296aca5e198,SAMMS-NLROBOT
202608292054379680,202608291904435059,202608291904434406,85,2569,Bronze INV,br_LabResultDetail,TASK_COMPLETE,SUCCESS,INFO,4833,4833,0,,2026-08-29T19:04:49.126Z,2026-08-29T20:54:41.421Z,6592,2026-08-29T20:54:41.421Z,PH,Phoenix,dd7385f2-fbd4-41a4-afcd-7296aca5e198,SAMMS-Phoenix
202608292054379681,202608291904435060,202608291904434406,85,2573,Bronze INV,br_LabResultDetail,TASK_COMPLETE,SUCCESS,INFO,62967,62967,0,,2026-08-29T19:04:49.126Z,2026-08-29T20:54:41.421Z,6592,2026-08-29T20:54:41.421Z,RE,Reno,dd7385f2-fbd4-41a4-afcd-7296aca5e198,SAMMS-Reno
202608292054379682,202608291904435061,202608291904434406,85,2574,Bronze INV,br_LabResultDetail,TASK_COMPLETE,SUCCESS,INFO,2436,2436,0,,2026-08-29T19:04:49.126Z,2026-08-29T20:54:41.421Z,6592,2026-08-29T20:54:41.421Z,RMD,Richmond,dd7385f2-fbd4-41a4-afcd-7296aca5e198,SAMMS-Richmond
202608292054379683,202608291904435062,202608291904434406,85,2575,Bronze INV,br_LabResultDetail,TASK_COMPLETE,SUCCESS,INFO,3712,3712,0,,2026-08-29T19:04:49.126Z,2026-08-29T20:54:41.421Z,6592,2026-08-29T20:54:41.421Z,SFN,Springfield North,dd7385f2-fbd4-41a4-afcd-7296aca5e198,SAMMS-SFNv5
202608292054379684,202608291904435063,202608291904434406,85,2576,Bronze INV,br_LabResultDetail,TASK_COMPLETE,SUCCESS,INFO,331,331,0,,2026-08-29T19:04:49.126Z,2026-08-29T20:54:41.421Z,6592,2026-08-29T20:54:41.421Z,SHP,Shreveport,dd7385f2-fbd4-41a4-afcd-7296aca5e198,SAMMS-Shreveport
202608292054379685,202608291904435064,202608291904434406,85,2578,Bronze INV,br_LabResultDetail,TASK_COMPLETE,SUCCESS,INFO,6,6,0,,2026-08-29T19:04:49.126Z,2026-08-29T20:54:41.421Z,6592,2026-08-29T20:54:41.421Z,STN,Staunton,dd7385f2-fbd4-41a4-afcd-7296aca5e198,SAMMS-Staunton
202608292054379687,202608291904435065,202608291904434406,85,2579,Bronze INV,br_LabResultDetail,TASK_COMPLETE,SUCCESS,INFO,462,462,0,,2026-08-29T19:04:49.126Z,2026-08-29T20:54:41.421Z,6592,2026-08-29T20:54:41.421Z,STVN,Stevenson,dd7385f2-fbd4-41a4-afcd-7296aca5e198,SAMMS-Stevenson
202608292054379688,202608291904435066,202608291904434406,85,2581,Bronze INV,br_LabResultDetail,TASK_COMPLETE,SUCCESS,INFO,18155,18155,0,,2026-08-29T19:04:49.126Z,2026-08-29T20:54:41.421Z,6592,2026-08-29T20:54:41.421Z,TE,Tempe,dd7385f2-fbd4-41a4-afcd-7296aca5e198,SAMMS-Tempe
202608292054379689,202608291904435067,202608291904434406,85,2582,Bronze INV,br_LabResultDetail,TASK_COMPLETE,SUCCESS,INFO,4,4,0,,2026-08-29T19:04:49.126Z,2026-08-29T20:54:41.421Z,6592,2026-08-29T20:54:41.421Z,TEX,Texarkana,dd7385f2-fbd4-41a4-afcd-7296aca5e198,SAMMS-Texarkana
202608292054379690,202608291904435068,202608291904434406,85,2583,Bronze INV,br_LabResultDetail,TASK_COMPLETE,SUCCESS,INFO,1721,1721,0,,2026-08-29T19:04:49.126Z,2026-08-29T20:54:41.421Z,6592,2026-08-29T20:54:41.421Z,TTCA,Bessemer,dd7385f2-fbd4-41a4-afcd-7296aca5e198,SAMMS-BessemerV5
202608292054379692,202608291904435069,202608291904434406,85,2584,Bronze INV,br_LabResultDetail,TASK_COMPLETE,SUCCESS,INFO,2149,2149,0,,2026-08-29T19:04:49.126Z,2026-08-29T20:54:41.421Z,6592,2026-08-29T20:54:41.421Z,TTCB,Cullman,dd7385f2-fbd4-41a4-afcd-7296aca5e198,SAMMS-CullmanV5
202608292054379693,202608291904435070,202608291904434406,85,2585,Bronze INV,br_LabResultDetail,TASK_COMPLETE,SUCCESS,INFO,4,4,0,,2026-08-29T19:04:49.126Z,2026-08-29T20:54:41.421Z,6592,2026-08-29T20:54:41.421Z,TTCC,Grand Bay,dd7385f2-fbd4-41a4-afcd-7296aca5e198,SAMMS-GrandBay
202608292054379694,202608291904435071,202608291904434406,85,2586,Bronze INV,br_LabResultDetail,TASK_COMPLETE,SUCCESS,INFO,1162,1162,0,,2026-08-29T19:04:49.126Z,2026-08-29T20:54:41.421Z,6592,2026-08-29T20:54:41.421Z,TU,Tucson,dd7385f2-fbd4-41a4-afcd-7296aca5e198,SAMMS-Tucson
202608292054379695,202608291904435072,202608291904434406,85,2588,Bronze INV,br_LabResultDetail,TASK_COMPLETE,SUCCESS,INFO,5376,5376,0,,2026-08-29T19:04:49.126Z,2026-08-29T20:54:41.421Z,6592,2026-08-29T20:54:41.421Z,V1,Memphis South,dd7385f2-fbd4-41a4-afcd-7296aca5e198,SAMMS-VCPHCS-I-MemphisV5
202608292054379696,202608291904435073,202608291904434406,85,2589,Bronze INV,br_LabResultDetail,TASK_COMPLETE,SUCCESS,INFO,6279,6279,0,,2026-08-29T19:04:49.126Z,2026-08-29T20:54:41.421Z,6592,2026-08-29T20:54:41.421Z,V10,Longmont,dd7385f2-fbd4-41a4-afcd-7296aca5e198,SAMMS-BoulderV5
202608292054379697,202608291904435074,202608291904434406,85,2590,Bronze INV,br_LabResultDetail,TASK_COMPLETE,SUCCESS,INFO,3579,3579,0,,2026-08-29T19:04:49.126Z,2026-08-29T20:54:41.421Z,6592,2026-08-29T20:54:41.421Z,V10A,Fort Collins,dd7385f2-fbd4-41a4-afcd-7296aca5e198,SAMMS-FortCollinsV5
202608292054379699,202608291904435075,202608291904434406,85,2591,Bronze INV,br_LabResultDetail,TASK_COMPLETE,SUCCESS,INFO,7582,7582,0,,2026-08-29T19:04:49.126Z,2026-08-29T20:54:41.421Z,6592,2026-08-29T20:54:41.421Z,V11,Westminster,dd7385f2-fbd4-41a4-afcd-7296aca5e198,SAMMS-VCPHCS-XI-NorthDenverV5
202608292054379700,202608291904435076,202608291904434406,85,2592,Bronze INV,br_LabResultDetail,TASK_COMPLETE,SUCCESS,INFO,10351,10351,0,,2026-08-29T19:04:49.126Z,2026-08-29T20:54:41.421Z,6592,2026-08-29T20:54:41.421Z,V12,Downtown Denver,dd7385f2-fbd4-41a4-afcd-7296aca5e198,SAMMS-VCPHCS-XII-DowntownDenverV5
202608292054379701,202608291904435077,202608291904434406,85,2593,Bronze INV,br_LabResultDetail,TASK_COMPLETE,SUCCESS,INFO,4844,4844,0,,2026-08-29T19:04:49.126Z,2026-08-29T20:54:41.421Z,6592,2026-08-29T20:54:41.421Z,V12A,Centennial,dd7385f2-fbd4-41a4-afcd-7296aca5e198,SAMMS-CentennialV5
202608292054379702,202608291904435078,202608291904434406,85,2594,Bronze INV,br_LabResultDetail,TASK_COMPLETE,SUCCESS,INFO,3388,3388,0,,2026-08-29T19:04:49.126Z,2026-08-29T20:54:41.421Z,6592,2026-08-29T20:54:41.421Z,V14,Overland Park,dd7385f2-fbd4-41a4-afcd-7296aca5e198,SAMMS-VCPHCS-XIV-BridgewayV5
202608292054379703,202608291904435079,202608291904434406,85,2595,Bronze INV,br_LabResultDetail,TASK_COMPLETE,SUCCESS,INFO,2918,2918,0,,2026-08-29T19:04:49.126Z,2026-08-29T20:54:41.421Z,6592,2026-08-29T20:54:41.421Z,V15,Joplin,dd7385f2-fbd4-41a4-afcd-7296aca5e198,SAMMS-JoplinV5
202608292054379704,202608291904435080,202608291904434406,85,2597,Bronze INV,br_LabResultDetail,TASK_COMPLETE,SUCCESS,INFO,1339,1339,0,,2026-08-29T19:04:49.126Z,2026-08-29T20:54:41.421Z,6592,2026-08-29T20:54:41.421Z,V17,Columbia TN,dd7385f2-fbd4-41a4-afcd-7296aca5e198,SAMMS-ColumbiaTNv5
202608292054379706,202608291904435081,202608291904434406,85,2599,Bronze INV,br_LabResultDetail,TASK_COMPLETE,SUCCESS,INFO,5131,5131,0,,2026-08-29T19:04:49.126Z,2026-08-29T20:54:41.421Z,6592,2026-08-29T20:54:41.421Z,V19,Jackson,dd7385f2-fbd4-41a4-afcd-7296aca5e198,SAMMS-JacksonV5
202608292054379707,202608291904435082,202608291904434406,85,2601,Bronze INV,br_LabResultDetail,TASK_COMPLETE,SUCCESS,INFO,7052,7052,0,,2026-08-29T19:04:49.126Z,2026-08-29T20:54:41.421Z,6592,2026-08-29T20:54:41.421Z,V20,Paris,dd7385f2-fbd4-41a4-afcd-7296aca5e198,SAMMS-ParisV5
202608292054379708,202608291904435083,202608291904434406,85,2602,Bronze INV,br_LabResultDetail,TASK_COMPLETE,SUCCESS,INFO,6080,6080,0,,2026-08-29T19:04:49.126Z,2026-08-29T20:54:41.421Z,6592,2026-08-29T20:54:41.421Z,V21,Memphis North,dd7385f2-fbd4-41a4-afcd-7296aca5e198,SAMMS-RaleighV5
202608292054379709,202608291904435084,202608291904434406,85,2605,Bronze INV,br_LabResultDetail,TASK_COMPLETE,SUCCESS,INFO,7046,7046,0,,2026-08-29T19:04:49.126Z,2026-08-29T20:54:41.421Z,6592,2026-08-29T20:54:41.421Z,V5,West Bank,dd7385f2-fbd4-41a4-afcd-7296aca5e198,SAMMS-NONTCv5
202608292054379710,202608291904435085,202608291904434406,85,2607,Bronze INV,br_LabResultDetail,TASK_COMPLETE,SUCCESS,INFO,533,533,0,,2026-08-29T19:04:49.126Z,2026-08-29T20:54:41.421Z,6592,2026-08-29T20:54:41.421Z,V5B,Houma,dd7385f2-fbd4-41a4-afcd-7296aca5e198,SAMMS-HoumaV6
202608292054379711,202608291904435086,202608291904434406,85,2608,Bronze INV,br_LabResultDetail,TASK_COMPLETE,SUCCESS,INFO,4811,4811,0,,2026-08-29T19:04:49.126Z,2026-08-29T20:54:41.421Z,6592,2026-08-29T20:54:41.421Z,V6,Lake Charles,dd7385f2-fbd4-41a4-afcd-7296aca5e198,SAMMS-LCv5
202608292054379712,202608291904435087,202608291904434406,85,2610,Bronze INV,br_LabResultDetail,TASK_COMPLETE,SUCCESS,INFO,19820,19820,0,,2026-08-29T19:04:49.126Z,2026-08-29T20:54:41.421Z,6592,2026-08-29T20:54:41.421Z,V8,Memphis Midtown,dd7385f2-fbd4-41a4-afcd-7296aca5e198,SAMMS-VCPHCS-VIII-MemphisV5
202608292054379714,202608291904435088,202608291904434406,85,2611,Bronze INV,br_LabResultDetail,TASK_COMPLETE,SUCCESS,INFO,17647,17647,0,,2026-08-29T19:04:49.126Z,2026-08-29T20:54:41.421Z,6592,2026-08-29T20:54:41.421Z,V9,Nashville,dd7385f2-fbd4-41a4-afcd-7296aca5e198,SAMMS-NashvilleV5
202608292054379715,202608291904435089,202608291904434406,85,2612,Bronze INV,br_LabResultDetail,TASK_COMPLETE,SUCCESS,INFO,1095,1095,0,,2026-08-29T19:04:49.126Z,2026-08-29T20:54:41.421Z,6592,2026-08-29T20:54:41.421Z,VBRA,Brainerd,dd7385f2-fbd4-41a4-afcd-7296aca5e198,SAMMS-BrainerdV6
202608292054379716,202608291904435090,202608291904434406,85,2613,Bronze INV,br_LabResultDetail,TASK_COMPLETE,SUCCESS,INFO,18,18,0,,2026-08-29T19:04:49.126Z,2026-08-29T20:54:41.421Z,6592,2026-08-29T20:54:41.421Z,VBRP,Brooklyn Park,dd7385f2-fbd4-41a4-afcd-7296aca5e198,SAMMS-BrooklynParkV6
202608292054379717,202608291904435091,202608291904434406,85,2615,Bronze INV,br_LabResultDetail,TASK_COMPLETE,SUCCESS,INFO,3,3,0,,2026-08-29T19:04:49.126Z,2026-08-29T20:54:41.421Z,6592,2026-08-29T20:54:41.421Z,VMIN,Minneapolis,dd7385f2-fbd4-41a4-afcd-7296aca5e198,SAMMS-MinneapolisV6
202608292054379718,202608291904435092,202608291904434406,85,2616,Bronze INV,br_LabResultDetail,TASK_COMPLETE,SUCCESS,INFO,8,8,0,,2026-08-29T19:04:49.126Z,2026-08-29T20:54:41.421Z,6592,2026-08-29T20:54:41.421Z,VWBY,Woodbury,dd7385f2-fbd4-41a4-afcd-7296aca5e198,SAMMS-WoodburyV6
202608292054379720,202608291904435093,202608291904434406,85,2618,Bronze INV,br_LabResultDetail,TASK_COMPLETE,SUCCESS,INFO,8647,8647,0,,2026-08-29T19:04:49.126Z,2026-08-29T20:54:41.421Z,6592,2026-08-29T20:54:41.421Z,WIL,Wilson,dd7385f2-fbd4-41a4-afcd-7296aca5e198,SAMMS-Wilson
202608292054379721,202608291904435094,202608291904434406,85,230,Bronze INV,br_AdmissionAssessment,TASK_COMPLETE,SUCCESS,INFO,28,28,0,,2026-08-29T19:04:49.126Z,2026-08-29T20:54:41.421Z,6592,2026-08-29T20:54:41.421Z,AHK,Ahoskie,dd7385f2-fbd4-41a4-afcd-7296aca5e198,SAMMS-Ahoskie
202608292054379320,202608291904434751,202608291904434406,85,2802,Bronze INV,br_LiquidLog,TASK_COMPLETE,SUCCESS,INFO,115893,115893,0,,2026-08-29T19:04:49.126Z,2026-08-29T20:54:41.421Z,6592,2026-08-29T20:54:41.421Z,WIL,Wilson,dd7385f2-fbd4-41a4-afcd-7296aca5e198,SAMMS-Wilson
202608292054379321,202608291904434752,202608291904434406,85,2806,Bronze INV,br_OrientationChecklistNew,TASK_COMPLETE,SUCCESS,INFO,58,58,0,,2026-08-29T19:04:49.126Z,2026-08-29T20:54:41.421Z,6592,2026-08-29T20:54:41.421Z,AHK,Ahoskie,dd7385f2-fbd4-41a4-afcd-7296aca5e198,SAMMS-Ahoskie
202608292054379322,202608291904434753,202608291904434406,85,2807,Bronze INV,br_OrientationChecklistNew,TASK_COMPLETE,SUCCESS,INFO,154,154,0,,2026-08-29T19:04:49.126Z,2026-08-29T20:54:41.421Z,6592,2026-08-29T20:54:41.421Z,B12B,Colorado Springs,dd7385f2-fbd4-41a4-afcd-7296aca5e198,SAMMS-ColoradoSpringsV5
202608292054379323,202608291904434754,202608291904434406,85,2808,Bronze INV,br_OrientationChecklistNew,TASK_COMPLETE,SUCCESS,INFO,170,170,0,,2026-08-29T19:04:49.126Z,2026-08-29T20:54:41.421Z,6592,2026-08-29T20:54:41.421Z,B24,Paintsville,dd7385f2-fbd4-41a4-afcd-7296aca5e198,SAMMS-PaintsvilleV5
202608292054379325,202608291904434755,202608291904434406,85,2809,Bronze INV,br_OrientationChecklistNew,TASK_COMPLETE,SUCCESS,INFO,87,87,0,,2026-08-29T19:04:49.126Z,2026-08-29T20:54:41.421Z,6592,2026-08-29T20:54:41.421Z,B25,Pikeville,dd7385f2-fbd4-41a4-afcd-7296aca5e198,SAMMS-PikevilleV5
202608292054379326,202608291904434756,202608291904434406,85,2810,Bronze INV,br_OrientationChecklistNew,TASK_COMPLETE,SUCCESS,INFO,269,269,0,,2026-08-29T19:04:49.126Z,2026-08-29T20:54:41.421Z,6592,2026-08-29T20:54:41.421Z,B26,Hazard,dd7385f2-fbd4-41a4-afcd-7296aca5e198,SAMMS-HazardV5
202608292054379327,202608291904434757,202608291904434406,85,2811,Bronze INV,br_OrientationChecklistNew,TASK_COMPLETE,SUCCESS,INFO,28,28,0,,2026-08-29T19:04:49.126Z,2026-08-29T20:54:41.421Z,6592,2026-08-29T20:54:41.421Z,B27,Savannah,dd7385f2-fbd4-41a4-afcd-7296aca5e198,SAMMS-SavannahV6
202608292054379328,202608291904434758,202608291904434406,85,2812,Bronze INV,br_OrientationChecklistNew,TASK_COMPLETE,SUCCESS,INFO,98,98,0,,2026-08-29T19:04:49.126Z,2026-08-29T20:54:41.421Z,6592,2026-08-29T20:54:41.421Z,B28,West Plains,dd7385f2-fbd4-41a4-afcd-7296aca5e198,SAMMS-WestPlainesV5
202608292054379329,202608291904434759,202608291904434406,85,2813,Bronze INV,br_OrientationChecklistNew,TASK_COMPLETE,SUCCESS,INFO,77,77,0,,2026-08-29T19:04:49.126Z,2026-08-29T20:54:41.421Z,6592,2026-08-29T20:54:41.421Z,B29,Poplar Bluff,dd7385f2-fbd4-41a4-afcd-7296aca5e198,SAMMS-PoplarBluffV5
202608292054379331,202608291904434760,202608291904434406,85,2814,Bronze INV,br_OrientationChecklistNew,TASK_COMPLETE,SUCCESS,INFO,55,55,0,,2026-08-29T19:04:49.126Z,2026-08-29T20:54:41.421Z,6592,2026-08-29T20:54:41.421Z,B30,KC North,dd7385f2-fbd4-41a4-afcd-7296aca5e198,SAMMS-KCNv5
202608292054379332,202608291904434761,202608291904434406,85,2815,Bronze INV,br_OrientationChecklistNew,TASK_COMPLETE,SUCCESS,INFO,77,77,0,,2026-08-29T19:04:49.126Z,2026-08-29T20:54:41.421Z,6592,2026-08-29T20:54:41.421Z,B31,Dyersburg,dd7385f2-fbd4-41a4-afcd-7296aca5e198,SAMMS-DyersburgV5
202608292054379333,202608291904434762,202608291904434406,85,2817,Bronze INV,br_OrientationChecklistNew,TASK_COMPLETE,SUCCESS,INFO,70,70,0,,2026-08-29T19:04:49.126Z,2026-08-29T20:54:41.421Z,6592,2026-08-29T20:54:41.421Z,B33,Paducah,dd7385f2-fbd4-41a4-afcd-7296aca5e198,SAMMS-Paducah
202608292054379334,202608291904434763,202608291904434406,85,2818,Bronze INV,br_OrientationChecklistNew,TASK_COMPLETE,SUCCESS,INFO,157,157,0,,2026-08-29T19:04:49.126Z,2026-08-29T20:54:41.421Z,6592,2026-08-29T20:54:41.421Z,B34,Corbin,dd7385f2-fbd4-41a4-afcd-7296aca5e198,SAMMS-CorbinV5
202608292054379335,202608291904434764,202608291904434406,85,2819,Bronze INV,br_OrientationChecklistNew,TASK_COMPLETE,SUCCESS,INFO,388,388,0,,2026-08-29T19:04:49.126Z,2026-08-29T20:54:41.421Z,6592,2026-08-29T20:54:41.421Z,B35,Lexington,dd7385f2-fbd4-41a4-afcd-7296aca5e198,SAMMS-LexingtonV5
202608292054379336,202608291904434765,202608291904434406,85,2820,Bronze INV,br_OrientationChecklistNew,TASK_COMPLETE,SUCCESS,INFO,143,143,0,,2026-08-29T19:04:49.126Z,2026-08-29T20:54:41.421Z,6592,2026-08-29T20:54:41.421Z,B35A,Berea,dd7385f2-fbd4-41a4-afcd-7296aca5e198,SAMMS-BereaV5
202608292054379337,202608291904434766,202608291904434406,85,2821,Bronze INV,br_OrientationChecklistNew,TASK_COMPLETE,SUCCESS,INFO,149,149,0,,2026-08-29T19:04:49.126Z,2026-08-29T20:54:41.421Z,6592,2026-08-29T20:54:41.421Z,B36,Asheville,dd7385f2-fbd4-41a4-afcd-7296aca5e198,SAMMS-AshevilleV5
202608292054379339,202608291904434767,202608291904434406,85,2822,Bronze INV,br_OrientationChecklistNew,TASK_COMPLETE,SUCCESS,INFO,118,118,0,,2026-08-29T19:04:49.126Z,2026-08-29T20:54:41.421Z,6592,2026-08-29T20:54:41.421Z,B37,Clyde,dd7385f2-fbd4-41a4-afcd-7296aca5e198,SAMMS-ClydeV5
202608292054379340,202608291904434768,202608291904434406,85,2823,Bronze INV,br_OrientationChecklistNew,TASK_COMPLETE,SUCCESS,INFO,160,160,0,,2026-08-29T19:04:49.126Z,2026-08-29T20:54:41.421Z,6592,2026-08-29T20:54:41.421Z,B38,Spartanburg,dd7385f2-fbd4-41a4-afcd-7296aca5e198,SAMMS-SpartanburgV5
202608292054379341,202608291904434769,202608291904434406,85,2824,Bronze INV,br_OrientationChecklistNew,TASK_COMPLETE,SUCCESS,INFO,131,131,0,,2026-08-29T19:04:49.126Z,2026-08-29T20:54:41.421Z,6592,2026-08-29T20:54:41.421Z,B39,Aiken,dd7385f2-fbd4-41a4-afcd-7296aca5e198,SAMMS-AikenV5
202608292054379342,202608291904434770,202608291904434406,85,2825,Bronze INV,br_OrientationChecklistNew,TASK_COMPLETE,SUCCESS,INFO,149,149,0,,2026-08-29T19:04:49.126Z,2026-08-29T20:54:41.421Z,6592,2026-08-29T20:54:41.421Z,B41,Chesapeake,dd7385f2-fbd4-41a4-afcd-7296aca5e198,SAMMS-ChesapeakeV5
202608292054379343,202608291904434771,202608291904434406,85,2826,Bronze INV,br_OrientationChecklistNew,TASK_COMPLETE,SUCCESS,INFO,201,201,0,,2026-08-29T19:04:49.126Z,2026-08-29T20:54:41.421Z,6592,2026-08-29T20:54:41.421Z,B42,Virginia Beach,dd7385f2-fbd4-41a4-afcd-7296aca5e198,SAMMS-VirginiaBeachV5
202608292054379344,202608291904434772,202608291904434406,85,2827,Bronze INV,br_OrientationChecklistNew,TASK_COMPLETE,SUCCESS,INFO,134,134,0,,2026-08-29T19:04:49.126Z,2026-08-29T20:54:41.421Z,6592,2026-08-29T20:54:41.421Z,B42A,Newport News,dd7385f2-fbd4-41a4-afcd-7296aca5e198,SAMMS-NewportNewsV5
202608292054379345,202608291904434773,202608291904434406,85,2828,Bronze INV,br_OrientationChecklistNew,TASK_COMPLETE,SUCCESS,INFO,28,28,0,,2026-08-29T19:04:49.126Z,2026-08-29T20:54:41.421Z,6592,2026-08-29T20:54:41.421Z,B42B,Franklin,dd7385f2-fbd4-41a4-afcd-7296aca5e198,SAMMS-FranklinV5
202608292054379347,202608291904434774,202608291904434406,85,2829,Bronze INV,br_OrientationChecklistNew,TASK_COMPLETE,SUCCESS,INFO,196,196,0,,2026-08-29T19:04:49.126Z,2026-08-29T20:54:41.421Z,6592,2026-08-29T20:54:41.421Z,B42C,Glen Allen,dd7385f2-fbd4-41a4-afcd-7296aca5e198,SAMMS-GlenAllenV5
202608292054379348,202608291904434775,202608291904434406,85,2830,Bronze INV,br_OrientationChecklistNew,TASK_COMPLETE,SUCCESS,INFO,74,74,0,,2026-08-29T19:04:49.126Z,2026-08-29T20:54:41.421Z,6592,2026-08-29T20:54:41.421Z,B42D,Chesapeake South,dd7385f2-fbd4-41a4-afcd-7296aca5e198,SAMMS-ChesapeakeSouthV5
202608292054379349,202608291904434776,202608291904434406,85,2831,Bronze INV,br_OrientationChecklistNew,TASK_COMPLETE,SUCCESS,INFO,56,56,0,,2026-08-29T19:04:49.126Z,2026-08-29T20:54:41.421Z,6592,2026-08-29T20:54:41.421Z,B44,Albany,dd7385f2-fbd4-41a4-afcd-7296aca5e198,SAMMS-AlbanyV5
202608292054379350,202608291904434777,202608291904434406,85,2832,Bronze INV,br_OrientationChecklistNew,TASK_COMPLETE,SUCCESS,INFO,55,55,0,,2026-08-29T19:04:49.126Z,2026-08-29T20:54:41.421Z,6592,2026-08-29T20:54:41.421Z,B45,Tifton,dd7385f2-fbd4-41a4-afcd-7296aca5e198,SAMMS-TiftonV5
202608292054379352,202608291904434778,202608291904434406,85,2833,Bronze INV,br_OrientationChecklistNew,TASK_COMPLETE,SUCCESS,INFO,264,264,0,,2026-08-29T19:04:49.126Z,2026-08-29T20:54:41.421Z,6592,2026-08-29T20:54:41.421Z,B46,Washington DC,dd7385f2-fbd4-41a4-afcd-7296aca5e198,SAMMS-WashingtonDCv5
202608292054379353,202608291904434779,202608291904434406,85,2834,Bronze INV,br_OrientationChecklistNew,TASK_COMPLETE,SUCCESS,INFO,97,97,0,,2026-08-29T19:04:49.126Z,2026-08-29T20:54:41.421Z,6592,2026-08-29T20:54:41.421Z,B47,Mobile,dd7385f2-fbd4-41a4-afcd-7296aca5e198,SAMMS-MobileV5
202608292054379354,202608291904434780,202608291904434406,85,2835,Bronze INV,br_OrientationChecklistNew,TASK_COMPLETE,SUCCESS,INFO,125,125,0,,2026-08-29T19:04:49.126Z,2026-08-29T20:54:41.421Z,6592,2026-08-29T20:54:41.421Z,B48,Tuscaloosa,dd7385f2-fbd4-41a4-afcd-7296aca5e198,SAMMS-TuscaloosaV5
202608292054379355,202608291904434781,202608291904434406,85,2844,Bronze INV,br_OrientationChecklistNew,TASK_COMPLETE,SUCCESS,INFO,75,75,0,,2026-08-29T19:04:49.126Z,2026-08-29T20:54:41.421Z,6592,2026-08-29T20:54:41.421Z,B51,N. Little Rock (OTP),dd7385f2-fbd4-41a4-afcd-7296aca5e198,SAMMS-NorthLittleRockV6
202608292054379356,202608291904434782,202608291904434406,85,2845,Bronze INV,br_OrientationChecklistNew,TASK_COMPLETE,SUCCESS,INFO,13,13,0,,2026-08-29T19:04:49.126Z,2026-08-29T20:54:41.421Z,6592,2026-08-29T20:54:41.421Z,B52,Jackson GA,dd7385f2-fbd4-41a4-afcd-7296aca5e198,SAMMS-JacksonGAV5
202608292054379357,202608291904434783,202608291904434406,85,2846,Bronze INV,br_OrientationChecklistNew,TASK_COMPLETE,SUCCESS,INFO,131,131,0,,2026-08-29T19:04:49.126Z,2026-08-29T20:54:41.421Z,6592,2026-08-29T20:54:41.421Z,B54,Gadsden,dd7385f2-fbd4-41a4-afcd-7296aca5e198,SAMMS-GadsdenV5
202608292054379358,202608291904434784,202608291904434406,85,2847,Bronze INV,br_OrientationChecklistNew,TASK_COMPLETE,SUCCESS,INFO,70,70,0,,2026-08-29T19:04:49.126Z,2026-08-29T20:54:41.421Z,6592,2026-08-29T20:54:41.421Z,B55,Shoals,dd7385f2-fbd4-41a4-afcd-7296aca5e198,SAMMS-ShoalsV5
202608292054379360,202608291904434785,202608291904434406,85,2848,Bronze INV,br_OrientationChecklistNew,TASK_COMPLETE,SUCCESS,INFO,33,33,0,,2026-08-29T19:04:49.126Z,2026-08-29T20:54:41.421Z,6592,2026-08-29T20:54:41.421Z,B57,Pawtucket,dd7385f2-fbd4-41a4-afcd-7296aca5e198,SAMMS-Pawtucket
202608292054379361,202608291904434786,202608291904434406,85,2849,Bronze INV,br_OrientationChecklistNew,TASK_COMPLETE,SUCCESS,INFO,76,76,0,,2026-08-29T19:04:49.126Z,2026-08-29T20:54:41.421Z,6592,2026-08-29T20:54:41.421Z,B57A,Johnston,dd7385f2-fbd4-41a4-afcd-7296aca5e198,SAMMS-Johnston
202608292054379362,202608291904434787,202608291904434406,85,2850,Bronze INV,br_OrientationChecklistNew,TASK_COMPLETE,SUCCESS,INFO,17,17,0,,2026-08-29T19:04:49.126Z,2026-08-29T20:54:41.421Z,6592,2026-08-29T20:54:41.421Z,B57B,Middletown,dd7385f2-fbd4-41a4-afcd-7296aca5e198,SAMMS-Middletown
202608292054379363,202608291904434788,202608291904434406,85,2851,Bronze INV,br_OrientationChecklistNew,TASK_COMPLETE,SUCCESS,INFO,29,29,0,,2026-08-29T19:04:49.126Z,2026-08-29T20:54:41.421Z,6592,2026-08-29T20:54:41.421Z,B57C,Providence,dd7385f2-fbd4-41a4-afcd-7296aca5e198,SAMMS-Providence
202608292054379364,202608291904434789,202608291904434406,85,2852,Bronze INV,br_OrientationChecklistNew,TASK_COMPLETE,SUCCESS,INFO,31,31,0,,2026-08-29T19:04:49.126Z,2026-08-29T20:54:41.421Z,6592,2026-08-29T20:54:41.421Z,B57D,Westerly,dd7385f2-fbd4-41a4-afcd-7296aca5e198,SAMMS-Westerly
202608292054379365,202608291904434790,202608291904434406,85,2856,Bronze INV,br_OrientationChecklistNew,TASK_COMPLETE,SUCCESS,INFO,0,0,0,,2026-08-29T19:04:49.126Z,2026-08-29T20:54:41.421Z,6592,2026-08-29T20:54:41.421Z,B66A,Bremen,dd7385f2-fbd4-41a4-afcd-7296aca5e198,SAMMS-Bremen
202608292054379367,202608291904434791,202608291904434406,85,2859,Bronze INV,br_OrientationChecklistNew,TASK_COMPLETE,SUCCESS,INFO,0,0,0,,2026-08-29T19:04:49.126Z,2026-08-29T20:54:41.421Z,6592,2026-08-29T20:54:41.421Z,B72,Mobile (OBOT),dd7385f2-fbd4-41a4-afcd-7296aca5e198,SAMMS-Mobile-OBOT
202608292054379368,202608291904434792,202608291904434406,85,2860,Bronze INV,br_OrientationChecklistNew,TASK_COMPLETE,SUCCESS,INFO,0,0,0,,2026-08-29T19:04:49.126Z,2026-08-29T20:54:41.421Z,6592,2026-08-29T20:54:41.421Z,B73,Montgomery,dd7385f2-fbd4-41a4-afcd-7296aca5e198,SAMMS-Montgomery
202608292054379369,202608291904434793,202608291904434406,85,2861,Bronze INV,br_OrientationChecklistNew,TASK_COMPLETE,SUCCESS,INFO,95,95,0,,2026-08-29T19:04:49.126Z,2026-08-29T20:54:41.421Z,6592,2026-08-29T20:54:41.421Z,B75,Lawrence,dd7385f2-fbd4-41a4-afcd-7296aca5e198,SAMMS-LawrenceV6
202608292054379370,202608291904434794,202608291904434406,85,2862,Bronze INV,br_OrientationChecklistNew,TASK_COMPLETE,SUCCESS,INFO,0,0,0,,2026-08-29T19:04:49.126Z,2026-08-29T20:54:41.421Z,6592,2026-08-29T20:54:41.421Z,B76,Huntsville OBOT,dd7385f2-fbd4-41a4-afcd-7296aca5e198,SAMMS-Huntsville-OBOT
202608292054379371,202608291904434795,202608291904434406,85,2863,Bronze INV,br_OrientationChecklistNew,TASK_COMPLETE,SUCCESS,INFO,0,0,0,,2026-08-29T19:04:49.126Z,2026-08-29T20:54:41.421Z,6592,2026-08-29T20:54:41.421Z,BAT,Batesville,dd7385f2-fbd4-41a4-afcd-7296aca5e198,SAMMS-Batesville
202608292054379372,202608291904434796,202608291904434406,85,2864,Bronze INV,br_OrientationChecklistNew,TASK_COMPLETE,SUCCESS,INFO,175,175,0,,2026-08-29T19:04:49.126Z,2026-08-29T20:54:41.421Z,6592,2026-08-29T20:54:41.421Z,BG,Bowling Green,dd7385f2-fbd4-41a4-afcd-7296aca5e198,SAMMS-BowlingGreen
202608292054379373,202608291904434797,202608291904434406,85,2865,Bronze INV,br_OrientationChecklistNew,TASK_COMPLETE,SUCCESS,INFO,67,67,0,,2026-08-29T19:04:49.126Z,2026-08-29T20:54:41.421Z,6592,2026-08-29T20:54:41.421Z,BOI,Boise,dd7385f2-fbd4-41a4-afcd-7296aca5e198,SAMMS-Boise
202608292054379375,202608291904434798,202608291904434406,85,2872,Bronze INV,br_OrientationChecklistNew,TASK_COMPLETE,SUCCESS,INFO,68,68,0,,2026-08-29T19:04:49.126Z,2026-08-29T20:54:41.421Z,6592,2026-08-29T20:54:41.421Z,CBCO,Coeur dAlene,dd7385f2-fbd4-41a4-afcd-7296aca5e198,SAMMS-CoeurdAleneV6
202608292054379376,202608291904434799,202608291904434406,85,2891,Bronze INV,br_OrientationChecklistNew,TASK_COMPLETE,SUCCESS,INFO,0,0,0,,2026-08-29T19:04:49.126Z,2026-08-29T20:54:41.421Z,6592,2026-08-29T20:54:41.421Z,CON,Conway,dd7385f2-fbd4-41a4-afcd-7296aca5e198,SAMMS-Conway
202608292054379377,202608291904434800,202608291904434406,85,2892,Bronze INV,br_OrientationChecklistNew,TASK_COMPLETE,SUCCESS,INFO,0,0,0,,2026-08-29T19:04:49.126Z,2026-08-29T20:54:41.421Z,6592,2026-08-29T20:54:41.421Z,D07,Medical Services Knox TN,dd7385f2-fbd4-41a4-afcd-7296aca5e198,SAMMS-KnoxvilleV6
202608292054379378,202608291904434801,202608291904434406,85,2893,Bronze INV,br_OrientationChecklistNew,TASK_COMPLETE,SUCCESS,INFO,140,140,0,,2026-08-29T19:04:49.126Z,2026-08-29T20:54:41.421Z,6592,2026-08-29T20:54:41.421Z,D08,Madison,dd7385f2-fbd4-41a4-afcd-7296aca5e198,SAMMS-MadisonV6
202608292054379379,202608291904434802,202608291904434406,85,2895,Bronze INV,br_OrientationChecklistNew,TASK_COMPLETE,SUCCESS,INFO,204,204,0,,2026-08-29T19:04:49.126Z,2026-08-29T20:54:41.421Z,6592,2026-08-29T20:54:41.421Z,D09,Murfreesboro,dd7385f2-fbd4-41a4-afcd-7296aca5e198,SAMMS-MurfreesboroV6
202608292054379380,202608291904434803,202608291904434406,85,2896,Bronze INV,br_OrientationChecklistNew,TASK_COMPLETE,SUCCESS,INFO,52,52,0,,2026-08-29T19:04:49.126Z,2026-08-29T20:54:41.421Z,6592,2026-08-29T20:54:41.421Z,DA,Davenport,dd7385f2-fbd4-41a4-afcd-7296aca5e198,SAMMS-Davenport
202608292054379382,202608291904434804,202608291904434406,85,2897,Bronze INV,br_OrientationChecklistNew,TASK_COMPLETE,SUCCESS,INFO,87,87,0,,2026-08-29T19:04:49.126Z,2026-08-29T20:54:41.421Z,6592,2026-08-29T20:54:41.421Z,DM,Des Moines,dd7385f2-fbd4-41a4-afcd-7296aca5e198,SAMMS-DesMoines
202608292054379383,202608291904434805,202608291904434406,85,2899,Bronze INV,br_OrientationChecklistNew,TASK_COMPLETE,SUCCESS,INFO,132,132,0,,2026-08-29T19:04:49.126Z,2026-08-29T20:54:41.421Z,6592,2026-08-29T20:54:41.421Z,DRD-CO,Columbia MO,dd7385f2-fbd4-41a4-afcd-7296aca5e198,SAMMS-ColumbiaV5
202608292054379384,202608291904434806,202608291904434406,85,2900,Bronze INV,br_OrientationChecklistNew,TASK_COMPLETE,SUCCESS,INFO,161,161,0,,2026-08-29T19:04:49.126Z,2026-08-29T20:54:41.421Z,6592,2026-08-29T20:54:41.421Z,DRD-KC,KC,dd7385f2-fbd4-41a4-afcd-7296aca5e198,SAMMS-KCv5
202608292054379385,202608291904434807,202608291904434406,85,2901,Bronze INV,br_OrientationChecklistNew,TASK_COMPLETE,SUCCESS,INFO,122,122,0,,2026-08-29T19:04:49.126Z,2026-08-29T20:54:41.421Z,6592,2026-08-29T20:54:41.421Z,DRD-KVB,KVB,dd7385f2-fbd4-41a4-afcd-7296aca5e198,SAMMS-KVBv5
202608292054379386,202608291904434808,202608291904434406,85,2902,Bronze INV,br_OrientationChecklistNew,TASK_COMPLETE,SUCCESS,INFO,337,337,0,,2026-08-29T19:04:49.126Z,2026-08-29T20:54:41.421Z,6592,2026-08-29T20:54:41.421Z,DRD-KVC,KVC,dd7385f2-fbd4-41a4-afcd-7296aca5e198,SAMMS-KVCv5
202608292054379387,202608291904434809,202608291904434406,85,2903,Bronze INV,br_OrientationChecklistNew,TASK_COMPLETE,SUCCESS,INFO,346,346,0,,2026-08-29T19:04:49.126Z,2026-08-29T20:54:41.421Z,6592,2026-08-29T20:54:41.421Z,DRD-NOLA,NOLA,dd7385f2-fbd4-41a4-afcd-7296aca5e198,SAMMS-NOLAv5
202608292054379388,202608291904434810,202608291904434406,85,2904,Bronze INV,br_OrientationChecklistNew,TASK_COMPLETE,SUCCESS,INFO,231,231,0,,2026-08-29T19:04:49.126Z,2026-08-29T20:54:41.421Z,6592,2026-08-29T20:54:41.421Z,DRD-SF,Springfield,dd7385f2-fbd4-41a4-afcd-7296aca5e198,SAMMS-SFv5
202608292054379390,202608291904434811,202608291904434406,85,2906,Bronze INV,br_OrientationChecklistNew,TASK_COMPLETE,SUCCESS,INFO,104,104,0,,2026-08-29T19:04:49.126Z,2026-08-29T20:54:41.421Z,6592,2026-08-29T20:54:41.421Z,ELC,Elizabeth City,dd7385f2-fbd4-41a4-afcd-7296aca5e198,SAMMS-ElizabethCity
202608292054379391,202608291904434812,202608291904434406,85,2907,Bronze INV,br_OrientationChecklistNew,TASK_COMPLETE,SUCCESS,INFO,120,120,0,,2026-08-29T19:04:49.126Z,2026-08-29T20:54:41.421Z,6592,2026-08-29T20:54:41.421Z,ET,Elizabethtown,dd7385f2-fbd4-41a4-afcd-7296aca5e198,SAMMS-Elizabethtown
202608292054379392,202608291904434813,202608291904434406,85,2908,Bronze INV,br_OrientationChecklistNew,TASK_COMPLETE,SUCCESS,INFO,0,0,0,,2026-08-29T19:04:49.126Z,2026-08-29T20:54:41.421Z,6592,2026-08-29T20:54:41.421Z,FAY,Fayetteville,dd7385f2-fbd4-41a4-afcd-7296aca5e198,SAMMS-Fayetteville
202608292054379393,202608291904434814,202608291904434406,85,2909,Bronze INV,br_OrientationChecklistNew,TASK_COMPLETE,SUCCESS,INFO,111,111,0,,2026-08-29T19:04:49.126Z,2026-08-29T20:54:41.421Z,6592,2026-08-29T20:54:41.421Z,FR,Frankfort,dd7385f2-fbd4-41a4-afcd-7296aca5e198,SAMMS-Frankfort
202608292054379394,202608291904434815,202608291904434406,85,2910,Bronze INV,br_OrientationChecklistNew,TASK_COMPLETE,SUCCESS,INFO,0,0,0,,2026-08-29T19:04:49.126Z,2026-08-29T20:54:41.421Z,6592,2026-08-29T20:54:41.421Z,FS,Fort Smith,dd7385f2-fbd4-41a4-afcd-7296aca5e198,SAMMS-FortSmith
202608292054379396,202608291904434816,202608291904434406,85,2911,Bronze INV,br_OrientationChecklistNew,TASK_COMPLETE,SUCCESS,INFO,200,200,0,,2026-08-29T19:04:49.126Z,2026-08-29T20:54:41.421Z,6592,2026-08-29T20:54:41.421Z,FW,Fort Wayne,dd7385f2-fbd4-41a4-afcd-7296aca5e198,SAMMS-FortWayne
202608292054379397,202608291904434817,202608291904434406,85,2912,Bronze INV,br_OrientationChecklistNew,TASK_COMPLETE,SUCCESS,INFO,17,17,0,,2026-08-29T19:04:49.126Z,2026-08-29T20:54:41.421Z,6592,2026-08-29T20:54:41.421Z,GAL,Gaylord,dd7385f2-fbd4-41a4-afcd-7296aca5e198,SAMMS-Gaylord
202608292054379398,202608291904434818,202608291904434406,85,2916,Bronze INV,br_OrientationChecklistNew,TASK_COMPLETE,SUCCESS,INFO,128,128,0,,2026-08-29T19:04:49.126Z,2026-08-29T20:54:41.421Z,6592,2026-08-29T20:54:41.421Z,HGT,Hagerstown,dd7385f2-fbd4-41a4-afcd-7296aca5e198,SAMMS-Hagerstown
202608292054379399,202608291904434819,202608291904434406,85,2917,Bronze INV,br_OrientationChecklistNew,TASK_COMPLETE,SUCCESS,INFO,94,94,0,,2026-08-29T19:04:49.126Z,2026-08-29T20:54:41.421Z,6592,2026-08-29T20:54:41.421Z,HNT,Huntsville,dd7385f2-fbd4-41a4-afcd-7296aca5e198,SAMMS-Huntsville
202608292054379401,202608291904434820,202608291904434406,85,2918,Bronze INV,br_OrientationChecklistNew,TASK_COMPLETE,SUCCESS,INFO,0,0,0,,2026-08-29T19:04:49.126Z,2026-08-29T20:54:41.421Z,6592,2026-08-29T20:54:41.421Z,HS,Hot Springs,dd7385f2-fbd4-41a4-afcd-7296aca5e198,SAMMS-HotSprings
202608292054379402,202608291904434821,202608291904434406,85,2919,Bronze INV,br_OrientationChecklistNew,TASK_COMPLETE,SUCCESS,INFO,0,0,0,,2026-08-29T19:04:49.126Z,2026-08-29T20:54:41.421Z,6592,2026-08-29T20:54:41.421Z,JON,Jonesboro,dd7385f2-fbd4-41a4-afcd-7296aca5e198,SAMMS-Jonesboro
202608292054379403,202608291904434822,202608291904434406,85,2921,Bronze INV,br_OrientationChecklistNew,TASK_COMPLETE,SUCCESS,INFO,13,13,0,,2026-08-29T19:04:49.126Z,2026-08-29T20:54:41.421Z,6592,2026-08-29T20:54:41.421Z,LAN,Lansing,dd7385f2-fbd4-41a4-afcd-7296aca5e198,SAMMS-Lansing
202608292054379404,202608291904434823,202608291904434406,85,2922,Bronze INV,br_OrientationChecklistNew,TASK_COMPLETE,SUCCESS,INFO,184,184,0,,2026-08-29T19:04:49.126Z,2026-08-29T20:54:41.421Z,6592,2026-08-29T20:54:41.421Z,LO,Louisville,dd7385f2-fbd4-41a4-afcd-7296aca5e198,SAMMS-Louisville
202608292054379405,202608291904434824,202608291904434406,85,2923,Bronze INV,br_OrientationChecklistNew,TASK_COMPLETE,SUCCESS,INFO,345,345,0,,2026-08-29T19:04:49.126Z,2026-08-29T20:54:41.421Z,6592,2026-08-29T20:54:41.421Z,LV1,Cheyenne,dd7385f2-fbd4-41a4-afcd-7296aca5e198,SAMMS-Cheyenne
202608292054379406,202608291904434825,202608291904434406,85,2924,Bronze INV,br_OrientationChecklistNew,TASK_COMPLETE,SUCCESS,INFO,188,188,0,,2026-08-29T19:04:49.126Z,2026-08-29T20:54:41.421Z,6592,2026-08-29T20:54:41.421Z,LV2,Desert Inn,dd7385f2-fbd4-41a4-afcd-7296aca5e198,SAMMS-DesertInn
202608292054379407,202608291904434826,202608291904434406,85,2925,Bronze INV,br_OrientationChecklistNew,TASK_COMPLETE,SUCCESS,INFO,88,88,0,,2026-08-29T19:04:49.126Z,2026-08-29T20:54:41.421Z,6592,2026-08-29T20:54:41.421Z,LV3,McDaniel,dd7385f2-fbd4-41a4-afcd-7296aca5e198,SAMMS-McDaniel
202608292054379409,202608291904434827,202608291904434406,85,2928,Bronze INV,br_OrientationChecklistNew,TASK_COMPLETE,SUCCESS,INFO,90,90,0,,2026-08-29T19:04:49.126Z,2026-08-29T20:54:41.421Z,6592,2026-08-29T20:54:41.421Z,MNRE,Monroe,dd7385f2-fbd4-41a4-afcd-7296aca5e198,SAMMS-Monroe
202608292054379410,202608291904434828,202608291904434406,85,2929,Bronze INV,br_OrientationChecklistNew,TASK_COMPLETE,SUCCESS,INFO,9,9,0,,2026-08-29T19:04:49.126Z,2026-08-29T20:54:41.421Z,6592,2026-08-29T20:54:41.421Z,MP,Mt. Pleasant,dd7385f2-fbd4-41a4-afcd-7296aca5e198,SAMMS-MtPleasant
202608292054379411,202608291904434829,202608291904434406,85,2930,Bronze INV,br_OrientationChecklistNew,TASK_COMPLETE,SUCCESS,INFO,73,73,0,,2026-08-29T19:04:49.126Z,2026-08-29T20:54:41.421Z,6592,2026-08-29T20:54:41.421Z,MRD,Meridian,dd7385f2-fbd4-41a4-afcd-7296aca5e198,SAMMS-Meridian
202608292054379412,202608291904434830,202608291904434406,85,2935,Bronze INV,br_OrientationChecklistNew,TASK_COMPLETE,SUCCESS,INFO,156,156,0,,2026-08-29T19:04:49.126Z,2026-08-29T20:54:41.421Z,6592,2026-08-29T20:54:41.421Z,NC,North Charleston,dd7385f2-fbd4-41a4-afcd-7296aca5e198,SAMMS-NorthCharleston
202608292054379413,202608291904434831,202608291904434406,85,2936,Bronze INV,br_OrientationChecklistNew,TASK_COMPLETE,SUCCESS,INFO,0,0,0,,2026-08-29T19:04:49.126Z,2026-08-29T20:54:41.421Z,6592,2026-08-29T20:54:41.421Z,NLR,N. Little Rock,dd7385f2-fbd4-41a4-afcd-7296aca5e198,SAMMS-NLROBOT
202608292054379414,202608291904434832,202608291904434406,85,2941,Bronze INV,br_OrientationChecklistNew,TASK_COMPLETE,SUCCESS,INFO,125,125,0,,2026-08-29T19:04:49.126Z,2026-08-29T20:54:41.421Z,6592,2026-08-29T20:54:41.421Z,RE,Reno,dd7385f2-fbd4-41a4-afcd-7296aca5e198,SAMMS-Reno
202608292054379416,202608291904434833,202608291904434406,85,2942,Bronze INV,br_OrientationChecklistNew,TASK_COMPLETE,SUCCESS,INFO,215,215,0,,2026-08-29T19:04:49.126Z,2026-08-29T20:54:41.421Z,6592,2026-08-29T20:54:41.421Z,RMD,Richmond,dd7385f2-fbd4-41a4-afcd-7296aca5e198,SAMMS-Richmond
202608292054379417,202608291904434834,202608291904434406,85,2943,Bronze INV,br_OrientationChecklistNew,TASK_COMPLETE,SUCCESS,INFO,181,181,0,,2026-08-29T19:04:49.126Z,2026-08-29T20:54:41.421Z,6592,2026-08-29T20:54:41.421Z,SFN,Springfield North,dd7385f2-fbd4-41a4-afcd-7296aca5e198,SAMMS-SFNv5
202608292054379418,202608291904434835,202608291904434406,85,2944,Bronze INV,br_OrientationChecklistNew,TASK_COMPLETE,SUCCESS,INFO,142,142,0,,2026-08-29T19:04:49.126Z,2026-08-29T20:54:41.421Z,6592,2026-08-29T20:54:41.421Z,SHP,Shreveport,dd7385f2-fbd4-41a4-afcd-7296aca5e198,SAMMS-Shreveport
202608292054379419,202608291904434836,202608291904434406,85,2946,Bronze INV,br_OrientationChecklistNew,TASK_COMPLETE,SUCCESS,INFO,105,105,0,,2026-08-29T19:04:49.126Z,2026-08-29T20:54:41.421Z,6592,2026-08-29T20:54:41.421Z,STN,Staunton,dd7385f2-fbd4-41a4-afcd-7296aca5e198,SAMMS-Staunton
202608312116372040,202608311905652581,202608311905652236,85,2802,Bronze INV,br_LiquidLog,TASK_COMPLETE,SUCCESS,INFO,116048,116048,0,,2026-08-31T19:06:18.658Z,2026-08-31T21:16:41.151Z,7823,2026-08-31T21:16:41.151Z,WIL,Wilson,79f5b39e-d314-4ad3-8050-3ace553d67de,SAMMS-Wilson
202608312116372041,202608311905652582,202608311905652236,85,2806,Bronze INV,br_OrientationChecklistNew,TASK_COMPLETE,SUCCESS,INFO,57,57,0,,2026-08-31T19:06:18.658Z,2026-08-31T21:16:41.151Z,7823,2026-08-31T21:16:41.151Z,AHK,Ahoskie,79f5b39e-d314-4ad3-8050-3ace553d67de,SAMMS-Ahoskie
202608312116372042,202608311905652583,202608311905652236,85,2807,Bronze INV,br_OrientationChecklistNew,TASK_COMPLETE,SUCCESS,INFO,156,156,0,,2026-08-31T19:06:18.658Z,2026-08-31T21:16:41.151Z,7823,2026-08-31T21:16:41.151Z,B12B,Colorado Springs,79f5b39e-d314-4ad3-8050-3ace553d67de,SAMMS-ColoradoSpringsV5
202608312116372043,202608311905652584,202608311905652236,85,2808,Bronze INV,br_OrientationChecklistNew,TASK_COMPLETE,SUCCESS,INFO,169,169,0,,2026-08-31T19:06:18.658Z,2026-08-31T21:16:41.151Z,7823,2026-08-31T21:16:41.151Z,B24,Paintsville,79f5b39e-d314-4ad3-8050-3ace553d67de,SAMMS-PaintsvilleV5
202608312116372045,202608311905652585,202608311905652236,85,2809,Bronze INV,br_OrientationChecklistNew,TASK_COMPLETE,SUCCESS,INFO,87,87,0,,2026-08-31T19:06:18.658Z,2026-08-31T21:16:41.151Z,7823,2026-08-31T21:16:41.151Z,B25,Pikeville,79f5b39e-d314-4ad3-8050-3ace553d67de,SAMMS-PikevilleV5
202608312116372046,202608311905652586,202608311905652236,85,2810,Bronze INV,br_OrientationChecklistNew,TASK_COMPLETE,SUCCESS,INFO,270,270,0,,2026-08-31T19:06:18.658Z,2026-08-31T21:16:41.151Z,7823,2026-08-31T21:16:41.151Z,B26,Hazard,79f5b39e-d314-4ad3-8050-3ace553d67de,SAMMS-HazardV5
202608312116372047,202608311905652587,202608311905652236,85,2811,Bronze INV,br_OrientationChecklistNew,TASK_COMPLETE,SUCCESS,INFO,28,28,0,,2026-08-31T19:06:18.658Z,2026-08-31T21:16:41.151Z,7823,2026-08-31T21:16:41.151Z,B27,Savannah,79f5b39e-d314-4ad3-8050-3ace553d67de,SAMMS-SavannahV6
202608312116372048,202608311905652588,202608311905652236,85,2812,Bronze INV,br_OrientationChecklistNew,TASK_COMPLETE,SUCCESS,INFO,99,99,0,,2026-08-31T19:06:18.658Z,2026-08-31T21:16:41.151Z,7823,2026-08-31T21:16:41.151Z,B28,West Plains,79f5b39e-d314-4ad3-8050-3ace553d67de,SAMMS-WestPlainesV5
202608312116372049,202608311905652589,202608311905652236,85,2813,Bronze INV,br_OrientationChecklistNew,TASK_COMPLETE,SUCCESS,INFO,77,77,0,,2026-08-31T19:06:18.658Z,2026-08-31T21:16:41.151Z,7823,2026-08-31T21:16:41.151Z,B29,Poplar Bluff,79f5b39e-d314-4ad3-8050-3ace553d67de,SAMMS-PoplarBluffV5
202608312116372050,202608311905652590,202608311905652236,85,2814,Bronze INV,br_OrientationChecklistNew,TASK_COMPLETE,SUCCESS,INFO,55,55,0,,2026-08-31T19:06:18.658Z,2026-08-31T21:16:41.151Z,7823,2026-08-31T21:16:41.151Z,B30,KC North,79f5b39e-d314-4ad3-8050-3ace553d67de,SAMMS-KCNv5
202608312116372052,202608311905652591,202608311905652236,85,2815,Bronze INV,br_OrientationChecklistNew,TASK_COMPLETE,SUCCESS,INFO,76,76,0,,2026-08-31T19:06:18.658Z,2026-08-31T21:16:41.151Z,7823,2026-08-31T21:16:41.151Z,B31,Dyersburg,79f5b39e-d314-4ad3-8050-3ace553d67de,SAMMS-DyersburgV5
202608312116372053,202608311905652592,202608311905652236,85,2817,Bronze INV,br_OrientationChecklistNew,TASK_COMPLETE,SUCCESS,INFO,70,70,0,,2026-08-31T19:06:18.658Z,2026-08-31T21:16:41.151Z,7823,2026-08-31T21:16:41.151Z,B33,Paducah,79f5b39e-d314-4ad3-8050-3ace553d67de,SAMMS-Paducah
202608312116372054,202608311905652593,202608311905652236,85,2818,Bronze INV,br_OrientationChecklistNew,TASK_COMPLETE,SUCCESS,INFO,155,155,0,,2026-08-31T19:06:18.658Z,2026-08-31T21:16:41.151Z,7823,2026-08-31T21:16:41.151Z,B34,Corbin,79f5b39e-d314-4ad3-8050-3ace553d67de,SAMMS-CorbinV5
202608312116372055,202608311905652594,202608311905652236,85,2819,Bronze INV,br_OrientationChecklistNew,TASK_COMPLETE,SUCCESS,INFO,389,389,0,,2026-08-31T19:06:18.658Z,2026-08-31T21:16:41.151Z,7823,2026-08-31T21:16:41.151Z,B35,Lexington,79f5b39e-d314-4ad3-8050-3ace553d67de,SAMMS-LexingtonV5
202608312116372056,202608311905652595,202608311905652236,85,2820,Bronze INV,br_OrientationChecklistNew,TASK_COMPLETE,SUCCESS,INFO,141,141,0,,2026-08-31T19:06:18.658Z,2026-08-31T21:16:41.151Z,7823,2026-08-31T21:16:41.151Z,B35A,Berea,79f5b39e-d314-4ad3-8050-3ace553d67de,SAMMS-BereaV5
202608312116372057,202608311905652596,202608311905652236,85,2821,Bronze INV,br_OrientationChecklistNew,TASK_COMPLETE,SUCCESS,INFO,150,150,0,,2026-08-31T19:06:18.658Z,2026-08-31T21:16:41.151Z,7823,2026-08-31T21:16:41.151Z,B36,Asheville,79f5b39e-d314-4ad3-8050-3ace553d67de,SAMMS-AshevilleV5
202608312116372058,202608311905652597,202608311905652236,85,2822,Bronze INV,br_OrientationChecklistNew,TASK_COMPLETE,SUCCESS,INFO,116,116,0,,2026-08-31T19:06:18.658Z,2026-08-31T21:16:41.151Z,7823,2026-08-31T21:16:41.151Z,B37,Clyde,79f5b39e-d314-4ad3-8050-3ace553d67de,SAMMS-ClydeV5
202608312116372060,202608311905652598,202608311905652236,85,2823,Bronze INV,br_OrientationChecklistNew,TASK_COMPLETE,SUCCESS,INFO,160,160,0,,2026-08-31T19:06:18.658Z,2026-08-31T21:16:41.151Z,7823,2026-08-31T21:16:41.151Z,B38,Spartanburg,79f5b39e-d314-4ad3-8050-3ace553d67de,SAMMS-SpartanburgV5
202608312116372061,202608311905652599,202608311905652236,85,2824,Bronze INV,br_OrientationChecklistNew,TASK_COMPLETE,SUCCESS,INFO,130,130,0,,2026-08-31T19:06:18.658Z,2026-08-31T21:16:41.151Z,7823,2026-08-31T21:16:41.151Z,B39,Aiken,79f5b39e-d314-4ad3-8050-3ace553d67de,SAMMS-AikenV5
202608312116372062,202608311905652600,202608311905652236,85,2825,Bronze INV,br_OrientationChecklistNew,TASK_COMPLETE,SUCCESS,INFO,148,148,0,,2026-08-31T19:06:18.658Z,2026-08-31T21:16:41.151Z,7823,2026-08-31T21:16:41.151Z,B41,Chesapeake,79f5b39e-d314-4ad3-8050-3ace553d67de,SAMMS-ChesapeakeV5
202608312116372063,202608311905652601,202608311905652236,85,2826,Bronze INV,br_OrientationChecklistNew,TASK_COMPLETE,SUCCESS,INFO,200,200,0,,2026-08-31T19:06:18.658Z,2026-08-31T21:16:41.151Z,7823,2026-08-31T21:16:41.151Z,B42,Virginia Beach,79f5b39e-d314-4ad3-8050-3ace553d67de,SAMMS-VirginiaBeachV5
202608312116372064,202608311905652602,202608311905652236,85,2827,Bronze INV,br_OrientationChecklistNew,TASK_COMPLETE,SUCCESS,INFO,135,135,0,,2026-08-31T19:06:18.658Z,2026-08-31T21:16:41.151Z,7823,2026-08-31T21:16:41.151Z,B42A,Newport News,79f5b39e-d314-4ad3-8050-3ace553d67de,SAMMS-NewportNewsV5
202608312116372065,202608311905652603,202608311905652236,85,2828,Bronze INV,br_OrientationChecklistNew,TASK_COMPLETE,SUCCESS,INFO,28,28,0,,2026-08-31T19:06:18.658Z,2026-08-31T21:16:41.151Z,7823,2026-08-31T21:16:41.151Z,B42B,Franklin,79f5b39e-d314-4ad3-8050-3ace553d67de,SAMMS-FranklinV5
202608312116372066,202608311905652604,202608311905652236,85,2829,Bronze INV,br_OrientationChecklistNew,TASK_COMPLETE,SUCCESS,INFO,198,198,0,,2026-08-31T19:06:18.658Z,2026-08-31T21:16:41.151Z,7823,2026-08-31T21:16:41.151Z,B42C,Glen Allen,79f5b39e-d314-4ad3-8050-3ace553d67de,SAMMS-GlenAllenV5
202608312116372068,202608311905652605,202608311905652236,85,2830,Bronze INV,br_OrientationChecklistNew,TASK_COMPLETE,SUCCESS,INFO,75,75,0,,2026-08-31T19:06:18.658Z,2026-08-31T21:16:41.151Z,7823,2026-08-31T21:16:41.151Z,B42D,Chesapeake South,79f5b39e-d314-4ad3-8050-3ace553d67de,SAMMS-ChesapeakeSouthV5
202608312116372069,202608311905652606,202608311905652236,85,2831,Bronze INV,br_OrientationChecklistNew,TASK_COMPLETE,SUCCESS,INFO,55,55,0,,2026-08-31T19:06:18.658Z,2026-08-31T21:16:41.151Z,7823,2026-08-31T21:16:41.151Z,B44,Albany,79f5b39e-d314-4ad3-8050-3ace553d67de,SAMMS-AlbanyV5
202608312116372070,202608311905652607,202608311905652236,85,2832,Bronze INV,br_OrientationChecklistNew,TASK_COMPLETE,SUCCESS,INFO,55,55,0,,2026-08-31T19:06:18.658Z,2026-08-31T21:16:41.151Z,7823,2026-08-31T21:16:41.151Z,B45,Tifton,79f5b39e-d314-4ad3-8050-3ace553d67de,SAMMS-TiftonV5
202608312116372071,202608311905652608,202608311905652236,85,2833,Bronze INV,br_OrientationChecklistNew,TASK_COMPLETE,SUCCESS,INFO,267,267,0,,2026-08-31T19:06:18.658Z,2026-08-31T21:16:41.151Z,7823,2026-08-31T21:16:41.151Z,B46,Washington DC,79f5b39e-d314-4ad3-8050-3ace553d67de,SAMMS-WashingtonDCv5
202608312116372072,202608311905652609,202608311905652236,85,2834,Bronze INV,br_OrientationChecklistNew,TASK_COMPLETE,SUCCESS,INFO,97,97,0,,2026-08-31T19:06:18.658Z,2026-08-31T21:16:41.151Z,7823,2026-08-31T21:16:41.151Z,B47,Mobile,79f5b39e-d314-4ad3-8050-3ace553d67de,SAMMS-MobileV5
202608312116372073,202608311905652610,202608311905652236,85,2835,Bronze INV,br_OrientationChecklistNew,TASK_COMPLETE,SUCCESS,INFO,125,125,0,,2026-08-31T19:06:18.658Z,2026-08-31T21:16:41.151Z,7823,2026-08-31T21:16:41.151Z,B48,Tuscaloosa,79f5b39e-d314-4ad3-8050-3ace553d67de,SAMMS-TuscaloosaV5
202608312116372075,202608311905652611,202608311905652236,85,2844,Bronze INV,br_OrientationChecklistNew,TASK_COMPLETE,SUCCESS,INFO,77,77,0,,2026-08-31T19:06:18.658Z,2026-08-31T21:16:41.151Z,7823,2026-08-31T21:16:41.151Z,B51,N. Little Rock (OTP),79f5b39e-d314-4ad3-8050-3ace553d67de,SAMMS-NorthLittleRockV6
202608312116372076,202608311905652612,202608311905652236,85,2845,Bronze INV,br_OrientationChecklistNew,TASK_COMPLETE,SUCCESS,INFO,13,13,0,,2026-08-31T19:06:18.658Z,2026-08-31T21:16:41.151Z,7823,2026-08-31T21:16:41.151Z,B52,Jackson GA,79f5b39e-d314-4ad3-8050-3ace553d67de,SAMMS-JacksonGAV5
202608312116372077,202608311905652613,202608311905652236,85,2846,Bronze INV,br_OrientationChecklistNew,TASK_COMPLETE,SUCCESS,INFO,133,133,0,,2026-08-31T19:06:18.658Z,2026-08-31T21:16:41.151Z,7823,2026-08-31T21:16:41.151Z,B54,Gadsden,79f5b39e-d314-4ad3-8050-3ace553d67de,SAMMS-GadsdenV5
202608312116372078,202608311905652614,202608311905652236,85,2847,Bronze INV,br_OrientationChecklistNew,TASK_COMPLETE,SUCCESS,INFO,70,70,0,,2026-08-31T19:06:18.658Z,2026-08-31T21:16:41.151Z,7823,2026-08-31T21:16:41.151Z,B55,Shoals,79f5b39e-d314-4ad3-8050-3ace553d67de,SAMMS-ShoalsV5
202608312116372079,202608311905652615,202608311905652236,85,2848,Bronze INV,br_OrientationChecklistNew,TASK_COMPLETE,SUCCESS,INFO,33,33,0,,2026-08-31T19:06:18.658Z,2026-08-31T21:16:41.151Z,7823,2026-08-31T21:16:41.151Z,B57,Pawtucket,79f5b39e-d314-4ad3-8050-3ace553d67de,SAMMS-Pawtucket
202608312116372080,202608311905652616,202608311905652236,85,2849,Bronze INV,br_OrientationChecklistNew,TASK_COMPLETE,SUCCESS,INFO,76,76,0,,2026-08-31T19:06:18.658Z,2026-08-31T21:16:41.151Z,7823,2026-08-31T21:16:41.151Z,B57A,Johnston,79f5b39e-d314-4ad3-8050-3ace553d67de,SAMMS-Johnston
202608312116372081,202608311905652617,202608311905652236,85,2850,Bronze INV,br_OrientationChecklistNew,TASK_COMPLETE,SUCCESS,INFO,17,17,0,,2026-08-31T19:06:18.658Z,2026-08-31T21:16:41.151Z,7823,2026-08-31T21:16:41.151Z,B57B,Middletown,79f5b39e-d314-4ad3-8050-3ace553d67de,SAMMS-Middletown
202608312116372082,202608311905652618,202608311905652236,85,2851,Bronze INV,br_OrientationChecklistNew,TASK_COMPLETE,SUCCESS,INFO,29,29,0,,2026-08-31T19:06:18.658Z,2026-08-31T21:16:41.151Z,7823,2026-08-31T21:16:41.151Z,B57C,Providence,79f5b39e-d314-4ad3-8050-3ace553d67de,SAMMS-Providence
202608312116372084,202608311905652619,202608311905652236,85,2852,Bronze INV,br_OrientationChecklistNew,TASK_COMPLETE,SUCCESS,INFO,31,31,0,,2026-08-31T19:06:18.658Z,2026-08-31T21:16:41.151Z,7823,2026-08-31T21:16:41.151Z,B57D,Westerly,79f5b39e-d314-4ad3-8050-3ace553d67de,SAMMS-Westerly
202608312116372085,202608311905652620,202608311905652236,85,2856,Bronze INV,br_OrientationChecklistNew,TASK_COMPLETE,SUCCESS,INFO,0,0,0,,2026-08-31T19:06:18.658Z,2026-08-31T21:16:41.151Z,7823,2026-08-31T21:16:41.151Z,B66A,Bremen,79f5b39e-d314-4ad3-8050-3ace553d67de,SAMMS-Bremen
202608312116372086,202608311905652621,202608311905652236,85,2859,Bronze INV,br_OrientationChecklistNew,TASK_COMPLETE,SUCCESS,INFO,0,0,0,,2026-08-31T19:06:18.658Z,2026-08-31T21:16:41.151Z,7823,2026-08-31T21:16:41.151Z,B72,Mobile (OBOT),79f5b39e-d314-4ad3-8050-3ace553d67de,SAMMS-Mobile-OBOT
202608312116372087,202608311905652622,202608311905652236,85,2860,Bronze INV,br_OrientationChecklistNew,TASK_COMPLETE,SUCCESS,INFO,0,0,0,,2026-08-31T19:06:18.658Z,2026-08-31T21:16:41.151Z,7823,2026-08-31T21:16:41.151Z,B73,Montgomery,79f5b39e-d314-4ad3-8050-3ace553d67de,SAMMS-Montgomery
202608312116372088,202608311905652623,202608311905652236,85,2861,Bronze INV,br_OrientationChecklistNew,TASK_COMPLETE,SUCCESS,INFO,95,95,0,,2026-08-31T19:06:18.658Z,2026-08-31T21:16:41.151Z,7823,2026-08-31T21:16:41.151Z,B75,Lawrence,79f5b39e-d314-4ad3-8050-3ace553d67de,SAMMS-LawrenceV6
202608312116372089,202608311905652624,202608311905652236,85,2862,Bronze INV,br_OrientationChecklistNew,TASK_COMPLETE,SUCCESS,INFO,0,0,0,,2026-08-31T19:06:18.658Z,2026-08-31T21:16:41.151Z,7823,2026-08-31T21:16:41.151Z,B76,Huntsville OBOT,79f5b39e-d314-4ad3-8050-3ace553d67de,SAMMS-Huntsville-OBOT
202608312116372091,202608311905652625,202608311905652236,85,2863,Bronze INV,br_OrientationChecklistNew,TASK_COMPLETE,SUCCESS,INFO,0,0,0,,2026-08-31T19:06:18.658Z,2026-08-31T21:16:41.151Z,7823,2026-08-31T21:16:41.151Z,BAT,Batesville,79f5b39e-d314-4ad3-8050-3ace553d67de,SAMMS-Batesville
202608312116372092,202608311905652626,202608311905652236,85,2864,Bronze INV,br_OrientationChecklistNew,TASK_COMPLETE,SUCCESS,INFO,175,175,0,,2026-08-31T19:06:18.658Z,2026-08-31T21:16:41.151Z,7823,2026-08-31T21:16:41.151Z,BG,Bowling Green,79f5b39e-d314-4ad3-8050-3ace553d67de,SAMMS-BowlingGreen
202608312116372093,202608311905652627,202608311905652236,85,2865,Bronze INV,br_OrientationChecklistNew,TASK_COMPLETE,SUCCESS,INFO,67,67,0,,2026-08-31T19:06:18.658Z,2026-08-31T21:16:41.151Z,7823,2026-08-31T21:16:41.151Z,BOI,Boise,79f5b39e-d314-4ad3-8050-3ace553d67de,SAMMS-Boise
202608312116372094,202608311905652628,202608311905652236,85,2872,Bronze INV,br_OrientationChecklistNew,TASK_COMPLETE,SUCCESS,INFO,68,68,0,,2026-08-31T19:06:18.658Z,2026-08-31T21:16:41.151Z,7823,2026-08-31T21:16:41.151Z,CBCO,Coeur dAlene,79f5b39e-d314-4ad3-8050-3ace553d67de,SAMMS-CoeurdAleneV6
202608312116372095,202608311905652629,202608311905652236,85,2891,Bronze INV,br_OrientationChecklistNew,TASK_COMPLETE,SUCCESS,INFO,0,0,0,,2026-08-31T19:06:18.658Z,2026-08-31T21:16:41.151Z,7823,2026-08-31T21:16:41.151Z,CON,Conway,79f5b39e-d314-4ad3-8050-3ace553d67de,SAMMS-Conway
202608312116372096,202608311905652630,202608311905652236,85,2892,Bronze INV,br_OrientationChecklistNew,TASK_COMPLETE,SUCCESS,INFO,0,0,0,,2026-08-31T19:06:18.658Z,2026-08-31T21:16:41.151Z,7823,2026-08-31T21:16:41.151Z,D07,Medical Services Knox TN,79f5b39e-d314-4ad3-8050-3ace553d67de,SAMMS-KnoxvilleV6
202608312116372098,202608311905652631,202608311905652236,85,2893,Bronze INV,br_OrientationChecklistNew,TASK_COMPLETE,SUCCESS,INFO,140,140,0,,2026-08-31T19:06:18.658Z,2026-08-31T21:16:41.151Z,7823,2026-08-31T21:16:41.151Z,D08,Madison,79f5b39e-d314-4ad3-8050-3ace553d67de,SAMMS-MadisonV6
202608312116372099,202608311905652632,202608311905652236,85,2895,Bronze INV,br_OrientationChecklistNew,TASK_COMPLETE,SUCCESS,INFO,204,204,0,,2026-08-31T19:06:18.658Z,2026-08-31T21:16:41.151Z,7823,2026-08-31T21:16:41.151Z,D09,Murfreesboro,79f5b39e-d314-4ad3-8050-3ace553d67de,SAMMS-MurfreesboroV6
202608312116372100,202608311905652633,202608311905652236,85,2896,Bronze INV,br_OrientationChecklistNew,TASK_COMPLETE,SUCCESS,INFO,51,51,0,,2026-08-31T19:06:18.658Z,2026-08-31T21:16:41.151Z,7823,2026-08-31T21:16:41.151Z,DA,Davenport,79f5b39e-d314-4ad3-8050-3ace553d67de,SAMMS-Davenport
202608312116372101,202608311905652634,202608311905652236,85,2897,Bronze INV,br_OrientationChecklistNew,TASK_COMPLETE,SUCCESS,INFO,87,87,0,,2026-08-31T19:06:18.658Z,2026-08-31T21:16:41.151Z,7823,2026-08-31T21:16:41.151Z,DM,Des Moines,79f5b39e-d314-4ad3-8050-3ace553d67de,SAMMS-DesMoines
202608312116372102,202608311905652635,202608311905652236,85,2899,Bronze INV,br_OrientationChecklistNew,TASK_COMPLETE,SUCCESS,INFO,132,132,0,,2026-08-31T19:06:18.658Z,2026-08-31T21:16:41.151Z,7823,2026-08-31T21:16:41.151Z,DRD-CO,Columbia MO,79f5b39e-d314-4ad3-8050-3ace553d67de,SAMMS-ColumbiaV5
202608312116372103,202608311905652636,202608311905652236,85,2900,Bronze INV,br_OrientationChecklistNew,TASK_COMPLETE,SUCCESS,INFO,160,160,0,,2026-08-31T19:06:18.658Z,2026-08-31T21:16:41.151Z,7823,2026-08-31T21:16:41.151Z,DRD-KC,KC,79f5b39e-d314-4ad3-8050-3ace553d67de,SAMMS-KCv5
202608312116372104,202608311905652637,202608311905652236,85,2901,Bronze INV,br_OrientationChecklistNew,TASK_COMPLETE,SUCCESS,INFO,122,122,0,,2026-08-31T19:06:18.658Z,2026-08-31T21:16:41.151Z,7823,2026-08-31T21:16:41.151Z,DRD-KVB,KVB,79f5b39e-d314-4ad3-8050-3ace553d67de,SAMMS-KVBv5
202608312116372106,202608311905652638,202608311905652236,85,2902,Bronze INV,br_OrientationChecklistNew,TASK_COMPLETE,SUCCESS,INFO,340,340,0,,2026-08-31T19:06:18.658Z,2026-08-31T21:16:41.151Z,7823,2026-08-31T21:16:41.151Z,DRD-KVC,KVC,79f5b39e-d314-4ad3-8050-3ace553d67de,SAMMS-KVCv5
202608312116372107,202608311905652639,202608311905652236,85,2903,Bronze INV,br_OrientationChecklistNew,TASK_COMPLETE,SUCCESS,INFO,346,346,0,,2026-08-31T19:06:18.658Z,2026-08-31T21:16:41.151Z,7823,2026-08-31T21:16:41.151Z,DRD-NOLA,NOLA,79f5b39e-d314-4ad3-8050-3ace553d67de,SAMMS-NOLAv5
202608312116372108,202608311905652640,202608311905652236,85,2904,Bronze INV,br_OrientationChecklistNew,TASK_COMPLETE,SUCCESS,INFO,235,235,0,,2026-08-31T19:06:18.658Z,2026-08-31T21:16:41.151Z,7823,2026-08-31T21:16:41.151Z,DRD-SF,Springfield,79f5b39e-d314-4ad3-8050-3ace553d67de,SAMMS-SFv5
202608312116372109,202608311905652641,202608311905652236,85,2906,Bronze INV,br_OrientationChecklistNew,TASK_COMPLETE,SUCCESS,INFO,104,104,0,,2026-08-31T19:06:18.658Z,2026-08-31T21:16:41.151Z,7823,2026-08-31T21:16:41.151Z,ELC,Elizabeth City,79f5b39e-d314-4ad3-8050-3ace553d67de,SAMMS-ElizabethCity
202608312116372110,202608311905652642,202608311905652236,85,2907,Bronze INV,br_OrientationChecklistNew,TASK_COMPLETE,SUCCESS,INFO,120,120,0,,2026-08-31T19:06:18.658Z,2026-08-31T21:16:41.151Z,7823,2026-08-31T21:16:41.151Z,ET,Elizabethtown,79f5b39e-d314-4ad3-8050-3ace553d67de,SAMMS-Elizabethtown
202608312116372111,202608311905652643,202608311905652236,85,2908,Bronze INV,br_OrientationChecklistNew,TASK_COMPLETE,SUCCESS,INFO,0,0,0,,2026-08-31T19:06:18.658Z,2026-08-31T21:16:41.151Z,7823,2026-08-31T21:16:41.151Z,FAY,Fayetteville,79f5b39e-d314-4ad3-8050-3ace553d67de,SAMMS-Fayetteville
202608312116372113,202608311905652644,202608311905652236,85,2909,Bronze INV,br_OrientationChecklistNew,TASK_COMPLETE,SUCCESS,INFO,112,112,0,,2026-08-31T19:06:18.658Z,2026-08-31T21:16:41.151Z,7823,2026-08-31T21:16:41.151Z,FR,Frankfort,79f5b39e-d314-4ad3-8050-3ace553d67de,SAMMS-Frankfort
202608312116372114,202608311905652645,202608311905652236,85,2910,Bronze INV,br_OrientationChecklistNew,TASK_COMPLETE,SUCCESS,INFO,0,0,0,,2026-08-31T19:06:18.658Z,2026-08-31T21:16:41.151Z,7823,2026-08-31T21:16:41.151Z,FS,Fort Smith,79f5b39e-d314-4ad3-8050-3ace553d67de,SAMMS-FortSmith
202608312116372115,202608311905652646,202608311905652236,85,2911,Bronze INV,br_OrientationChecklistNew,TASK_COMPLETE,SUCCESS,INFO,200,200,0,,2026-08-31T19:06:18.658Z,2026-08-31T21:16:41.151Z,7823,2026-08-31T21:16:41.151Z,FW,Fort Wayne,79f5b39e-d314-4ad3-8050-3ace553d67de,SAMMS-FortWayne
202608312116372116,202608311905652647,202608311905652236,85,2912,Bronze INV,br_OrientationChecklistNew,TASK_COMPLETE,SUCCESS,INFO,17,17,0,,2026-08-31T19:06:18.658Z,2026-08-31T21:16:41.151Z,7823,2026-08-31T21:16:41.151Z,GAL,Gaylord,79f5b39e-d314-4ad3-8050-3ace553d67de,SAMMS-Gaylord
202608312116372117,202608311905652648,202608311905652236,85,2916,Bronze INV,br_OrientationChecklistNew,TASK_COMPLETE,SUCCESS,INFO,128,128,0,,2026-08-31T19:06:18.658Z,2026-08-31T21:16:41.151Z,7823,2026-08-31T21:16:41.151Z,HGT,Hagerstown,79f5b39e-d314-4ad3-8050-3ace553d67de,SAMMS-Hagerstown
202608312116372118,202608311905652649,202608311905652236,85,2917,Bronze INV,br_OrientationChecklistNew,TASK_COMPLETE,SUCCESS,INFO,97,97,0,,2026-08-31T19:06:18.658Z,2026-08-31T21:16:41.151Z,7823,2026-08-31T21:16:41.151Z,HNT,Huntsville,79f5b39e-d314-4ad3-8050-3ace553d67de,SAMMS-Huntsville
202608312116372119,202608311905652650,202608311905652236,85,2918,Bronze INV,br_OrientationChecklistNew,TASK_COMPLETE,SUCCESS,INFO,0,0,0,,2026-08-31T19:06:18.658Z,2026-08-31T21:16:41.151Z,7823,2026-08-31T21:16:41.151Z,HS,Hot Springs,79f5b39e-d314-4ad3-8050-3ace553d67de,SAMMS-HotSprings
202608312116372121,202608311905652651,202608311905652236,85,2919,Bronze INV,br_OrientationChecklistNew,TASK_COMPLETE,SUCCESS,INFO,0,0,0,,2026-08-31T19:06:18.658Z,2026-08-31T21:16:41.151Z,7823,2026-08-31T21:16:41.151Z,JON,Jonesboro,79f5b39e-d314-4ad3-8050-3ace553d67de,SAMMS-Jonesboro
202608312116372122,202608311905652652,202608311905652236,85,2921,Bronze INV,br_OrientationChecklistNew,TASK_COMPLETE,SUCCESS,INFO,13,13,0,,2026-08-31T19:06:18.658Z,2026-08-31T21:16:41.151Z,7823,2026-08-31T21:16:41.151Z,LAN,Lansing,79f5b39e-d314-4ad3-8050-3ace553d67de,SAMMS-Lansing
202608312116372123,202608311905652653,202608311905652236,85,2922,Bronze INV,br_OrientationChecklistNew,TASK_COMPLETE,SUCCESS,INFO,185,185,0,,2026-08-31T19:06:18.658Z,2026-08-31T21:16:41.151Z,7823,2026-08-31T21:16:41.151Z,LO,Louisville,79f5b39e-d314-4ad3-8050-3ace553d67de,SAMMS-Louisville
202608312116372124,202608311905652654,202608311905652236,85,2923,Bronze INV,br_OrientationChecklistNew,TASK_COMPLETE,SUCCESS,INFO,343,343,0,,2026-08-31T19:06:18.658Z,2026-08-31T21:16:41.151Z,7823,2026-08-31T21:16:41.151Z,LV1,Cheyenne,79f5b39e-d314-4ad3-8050-3ace553d67de,SAMMS-Cheyenne
202608312116372125,202608311905652655,202608311905652236,85,2924,Bronze INV,br_OrientationChecklistNew,TASK_COMPLETE,SUCCESS,INFO,189,189,0,,2026-08-31T19:06:18.658Z,2026-08-31T21:16:41.151Z,7823,2026-08-31T21:16:41.151Z,LV2,Desert Inn,79f5b39e-d314-4ad3-8050-3ace553d67de,SAMMS-DesertInn
202608312116372126,202608311905652656,202608311905652236,85,2925,Bronze INV,br_OrientationChecklistNew,TASK_COMPLETE,SUCCESS,INFO,88,88,0,,2026-08-31T19:06:18.658Z,2026-08-31T21:16:41.151Z,7823,2026-08-31T21:16:41.151Z,LV3,McDaniel,79f5b39e-d314-4ad3-8050-3ace553d67de,SAMMS-McDaniel
202608312116372128,202608311905652657,202608311905652236,85,2928,Bronze INV,br_OrientationChecklistNew,TASK_COMPLETE,SUCCESS,INFO,90,90,0,,2026-08-31T19:06:18.658Z,2026-08-31T21:16:41.151Z,7823,2026-08-31T21:16:41.151Z,MNRE,Monroe,79f5b39e-d314-4ad3-8050-3ace553d67de,SAMMS-Monroe
202608312116372129,202608311905652658,202608311905652236,85,2929,Bronze INV,br_OrientationChecklistNew,TASK_COMPLETE,SUCCESS,INFO,9,9,0,,2026-08-31T19:06:18.658Z,2026-08-31T21:16:41.151Z,7823,2026-08-31T21:16:41.151Z,MP,Mt. Pleasant,79f5b39e-d314-4ad3-8050-3ace553d67de,SAMMS-MtPleasant
202608312116372130,202608311905652659,202608311905652236,85,2930,Bronze INV,br_OrientationChecklistNew,TASK_COMPLETE,SUCCESS,INFO,73,73,0,,2026-08-31T19:06:18.658Z,2026-08-31T21:16:41.151Z,7823,2026-08-31T21:16:41.151Z,MRD,Meridian,79f5b39e-d314-4ad3-8050-3ace553d67de,SAMMS-Meridian
202608312116372131,202608311905652660,202608311905652236,85,2935,Bronze INV,br_OrientationChecklistNew,TASK_COMPLETE,SUCCESS,INFO,156,156,0,,2026-08-31T19:06:18.658Z,2026-08-31T21:16:41.151Z,7823,2026-08-31T21:16:41.151Z,NC,North Charleston,79f5b39e-d314-4ad3-8050-3ace553d67de,SAMMS-NorthCharleston
202608312116372132,202608311905652661,202608311905652236,85,2936,Bronze INV,br_OrientationChecklistNew,TASK_COMPLETE,SUCCESS,INFO,0,0,0,,2026-08-31T19:06:18.658Z,2026-08-31T21:16:41.151Z,7823,2026-08-31T21:16:41.151Z,NLR,N. Little Rock,79f5b39e-d314-4ad3-8050-3ace553d67de,SAMMS-NLROBOT
202608312116372133,202608311905652662,202608311905652236,85,2941,Bronze INV,br_OrientationChecklistNew,TASK_COMPLETE,SUCCESS,INFO,124,124,0,,2026-08-31T19:06:18.658Z,2026-08-31T21:16:41.151Z,7823,2026-08-31T21:16:41.151Z,RE,Reno,79f5b39e-d314-4ad3-8050-3ace553d67de,SAMMS-Reno
202608312116372134,202608311905652663,202608311905652236,85,2942,Bronze INV,br_OrientationChecklistNew,TASK_COMPLETE,SUCCESS,INFO,216,216,0,,2026-08-31T19:06:18.658Z,2026-08-31T21:16:41.151Z,7823,2026-08-31T21:16:41.151Z,RMD,Richmond,79f5b39e-d314-4ad3-8050-3ace553d67de,SAMMS-Richmond
202608312116372136,202608311905652664,202608311905652236,85,2943,Bronze INV,br_OrientationChecklistNew,TASK_COMPLETE,SUCCESS,INFO,181,181,0,,2026-08-31T19:06:18.658Z,2026-08-31T21:16:41.151Z,7823,2026-08-31T21:16:41.151Z,SFN,Springfield North,79f5b39e-d314-4ad3-8050-3ace553d67de,SAMMS-SFNv5
202608312116372137,202608311905652665,202608311905652236,85,2944,Bronze INV,br_OrientationChecklistNew,TASK_COMPLETE,SUCCESS,INFO,146,146,0,,2026-08-31T19:06:18.658Z,2026-08-31T21:16:41.151Z,7823,2026-08-31T21:16:41.151Z,SHP,Shreveport,79f5b39e-d314-4ad3-8050-3ace553d67de,SAMMS-Shreveport
202608312116372138,202608311905652666,202608311905652236,85,2946,Bronze INV,br_OrientationChecklistNew,TASK_COMPLETE,SUCCESS,INFO,105,105,0,,2026-08-31T19:06:18.658Z,2026-08-31T21:16:41.151Z,7823,2026-08-31T21:16:41.151Z,STN,Staunton,79f5b39e-d314-4ad3-8050-3ace553d67de,SAMMS-Staunton
202609022122570779,202609021903206420,202609021903206075,85,2802,Bronze INV,br_LiquidLog,TASK_COMPLETE,SUCCESS,INFO,115716,115716,0,,2026-09-02T19:03:39.838Z,2026-09-02T21:23:00.812Z,8361,2026-09-02T21:23:00.812Z,WIL,Wilson,c49685cc-3281-44bc-a1c2-3be5b1110999,SAMMS-Wilson
202609022122570780,202609021903206421,202609021903206075,85,2806,Bronze INV,br_OrientationChecklistNew,TASK_COMPLETE,SUCCESS,INFO,59,59,0,,2026-09-02T19:03:39.838Z,2026-09-02T21:23:00.812Z,8361,2026-09-02T21:23:00.812Z,AHK,Ahoskie,c49685cc-3281-44bc-a1c2-3be5b1110999,SAMMS-Ahoskie
202609022122570781,202609021903206422,202609021903206075,85,2807,Bronze INV,br_OrientationChecklistNew,TASK_COMPLETE,SUCCESS,INFO,158,158,0,,2026-09-02T19:03:39.838Z,2026-09-02T21:23:00.812Z,8361,2026-09-02T21:23:00.812Z,B12B,Colorado Springs,c49685cc-3281-44bc-a1c2-3be5b1110999,SAMMS-ColoradoSpringsV5
202609022122570782,202609021903206423,202609021903206075,85,2808,Bronze INV,br_OrientationChecklistNew,TASK_COMPLETE,SUCCESS,INFO,169,169,0,,2026-09-02T19:03:39.838Z,2026-09-02T21:23:00.812Z,8361,2026-09-02T21:23:00.812Z,B24,Paintsville,c49685cc-3281-44bc-a1c2-3be5b1110999,SAMMS-PaintsvilleV5
202609022122570783,202609021903206424,202609021903206075,85,2809,Bronze INV,br_OrientationChecklistNew,TASK_COMPLETE,SUCCESS,INFO,86,86,0,,2026-09-02T19:03:39.838Z,2026-09-02T21:23:00.812Z,8361,2026-09-02T21:23:00.812Z,B25,Pikeville,c49685cc-3281-44bc-a1c2-3be5b1110999,SAMMS-PikevilleV5
202609022122570784,202609021903206425,202609021903206075,85,2810,Bronze INV,br_OrientationChecklistNew,TASK_COMPLETE,SUCCESS,INFO,270,270,0,,2026-09-02T19:03:39.838Z,2026-09-02T21:23:00.812Z,8361,2026-09-02T21:23:00.812Z,B26,Hazard,c49685cc-3281-44bc-a1c2-3be5b1110999,SAMMS-HazardV5
202609022122570785,202609021903206426,202609021903206075,85,2811,Bronze INV,br_OrientationChecklistNew,TASK_COMPLETE,SUCCESS,INFO,28,28,0,,2026-09-02T19:03:39.838Z,2026-09-02T21:23:00.812Z,8361,2026-09-02T21:23:00.812Z,B27,Savannah,c49685cc-3281-44bc-a1c2-3be5b1110999,SAMMS-SavannahV6
202609022122570786,202609021903206427,202609021903206075,85,2812,Bronze INV,br_OrientationChecklistNew,TASK_COMPLETE,SUCCESS,INFO,97,97,0,,2026-09-02T19:03:39.838Z,2026-09-02T21:23:00.812Z,8361,2026-09-02T21:23:00.812Z,B28,West Plains,c49685cc-3281-44bc-a1c2-3be5b1110999,SAMMS-WestPlainesV5
202609022122570788,202609021903206428,202609021903206075,85,2813,Bronze INV,br_OrientationChecklistNew,TASK_COMPLETE,SUCCESS,INFO,78,78,0,,2026-09-02T19:03:39.838Z,2026-09-02T21:23:00.812Z,8361,2026-09-02T21:23:00.812Z,B29,Poplar Bluff,c49685cc-3281-44bc-a1c2-3be5b1110999,SAMMS-PoplarBluffV5
202609022122570789,202609021903206429,202609021903206075,85,2814,Bronze INV,br_OrientationChecklistNew,TASK_COMPLETE,SUCCESS,INFO,54,54,0,,2026-09-02T19:03:39.838Z,2026-09-02T21:23:00.812Z,8361,2026-09-02T21:23:00.812Z,B30,KC North,c49685cc-3281-44bc-a1c2-3be5b1110999,SAMMS-KCNv5
202609022122570790,202609021903206430,202609021903206075,85,2815,Bronze INV,br_OrientationChecklistNew,TASK_COMPLETE,SUCCESS,INFO,72,72,0,,2026-09-02T19:03:39.838Z,2026-09-02T21:23:00.812Z,8361,2026-09-02T21:23:00.812Z,B31,Dyersburg,c49685cc-3281-44bc-a1c2-3be5b1110999,SAMMS-DyersburgV5
202609022122570791,202609021903206431,202609021903206075,85,2817,Bronze INV,br_OrientationChecklistNew,TASK_COMPLETE,SUCCESS,INFO,71,71,0,,2026-09-02T19:03:39.838Z,2026-09-02T21:23:00.812Z,8361,2026-09-02T21:23:00.812Z,B33,Paducah,c49685cc-3281-44bc-a1c2-3be5b1110999,SAMMS-Paducah
202609022122570792,202609021903206432,202609021903206075,85,2818,Bronze INV,br_OrientationChecklistNew,TASK_COMPLETE,SUCCESS,INFO,155,155,0,,2026-09-02T19:03:39.838Z,2026-09-02T21:23:00.812Z,8361,2026-09-02T21:23:00.812Z,B34,Corbin,c49685cc-3281-44bc-a1c2-3be5b1110999,SAMMS-CorbinV5
202609022122570793,202609021903206433,202609021903206075,85,2819,Bronze INV,br_OrientationChecklistNew,TASK_COMPLETE,SUCCESS,INFO,388,388,0,,2026-09-02T19:03:39.838Z,2026-09-02T21:23:00.812Z,8361,2026-09-02T21:23:00.812Z,B35,Lexington,c49685cc-3281-44bc-a1c2-3be5b1110999,SAMMS-LexingtonV5
202609022122570794,202609021903206434,202609021903206075,85,2820,Bronze INV,br_OrientationChecklistNew,TASK_COMPLETE,SUCCESS,INFO,139,139,0,,2026-09-02T19:03:39.838Z,2026-09-02T21:23:00.812Z,8361,2026-09-02T21:23:00.812Z,B35A,Berea,c49685cc-3281-44bc-a1c2-3be5b1110999,SAMMS-BereaV5
202609022122570796,202609021903206435,202609021903206075,85,2821,Bronze INV,br_OrientationChecklistNew,TASK_COMPLETE,SUCCESS,INFO,154,154,0,,2026-09-02T19:03:39.838Z,2026-09-02T21:23:00.812Z,8361,2026-09-02T21:23:00.812Z,B36,Asheville,c49685cc-3281-44bc-a1c2-3be5b1110999,SAMMS-AshevilleV5
202609022122570797,202609021903206436,202609021903206075,85,2822,Bronze INV,br_OrientationChecklistNew,TASK_COMPLETE,SUCCESS,INFO,115,115,0,,2026-09-02T19:03:39.838Z,2026-09-02T21:23:00.812Z,8361,2026-09-02T21:23:00.812Z,B37,Clyde,c49685cc-3281-44bc-a1c2-3be5b1110999,SAMMS-ClydeV5
202609022122570798,202609021903206437,202609021903206075,85,2823,Bronze INV,br_OrientationChecklistNew,TASK_COMPLETE,SUCCESS,INFO,157,157,0,,2026-09-02T19:03:39.838Z,2026-09-02T21:23:00.812Z,8361,2026-09-02T21:23:00.812Z,B38,Spartanburg,c49685cc-3281-44bc-a1c2-3be5b1110999,SAMMS-SpartanburgV5
202609022122570799,202609021903206438,202609021903206075,85,2824,Bronze INV,br_OrientationChecklistNew,TASK_COMPLETE,SUCCESS,INFO,129,129,0,,2026-09-02T19:03:39.838Z,2026-09-02T21:23:00.812Z,8361,2026-09-02T21:23:00.812Z,B39,Aiken,c49685cc-3281-44bc-a1c2-3be5b1110999,SAMMS-AikenV5
202609022122570800,202609021903206439,202609021903206075,85,2825,Bronze INV,br_OrientationChecklistNew,TASK_COMPLETE,SUCCESS,INFO,146,146,0,,2026-09-02T19:03:39.838Z,2026-09-02T21:23:00.812Z,8361,2026-09-02T21:23:00.812Z,B41,Chesapeake,c49685cc-3281-44bc-a1c2-3be5b1110999,SAMMS-ChesapeakeV5
202609022122570801,202609021903206440,202609021903206075,85,2826,Bronze INV,br_OrientationChecklistNew,TASK_COMPLETE,SUCCESS,INFO,201,201,0,,2026-09-02T19:03:39.838Z,2026-09-02T21:23:00.812Z,8361,2026-09-02T21:23:00.812Z,B42,Virginia Beach,c49685cc-3281-44bc-a1c2-3be5b1110999,SAMMS-VirginiaBeachV5
202609022122570802,202609021903206441,202609021903206075,85,2827,Bronze INV,br_OrientationChecklistNew,TASK_COMPLETE,SUCCESS,INFO,135,135,0,,2026-09-02T19:03:39.838Z,2026-09-02T21:23:00.812Z,8361,2026-09-02T21:23:00.812Z,B42A,Newport News,c49685cc-3281-44bc-a1c2-3be5b1110999,SAMMS-NewportNewsV5
202609022122570803,202609021903206442,202609021903206075,85,2828,Bronze INV,br_OrientationChecklistNew,TASK_COMPLETE,SUCCESS,INFO,28,28,0,,2026-09-02T19:03:39.838Z,2026-09-02T21:23:00.812Z,8361,2026-09-02T21:23:00.812Z,B42B,Franklin,c49685cc-3281-44bc-a1c2-3be5b1110999,SAMMS-FranklinV5
202609022122570804,202609021903206443,202609021903206075,85,2829,Bronze INV,br_OrientationChecklistNew,TASK_COMPLETE,SUCCESS,INFO,198,198,0,,2026-09-02T19:03:39.838Z,2026-09-02T21:23:00.812Z,8361,2026-09-02T21:23:00.812Z,B42C,Glen Allen,c49685cc-3281-44bc-a1c2-3be5b1110999,SAMMS-GlenAllenV5
202609022122570805,202609021903206444,202609021903206075,85,2830,Bronze INV,br_OrientationChecklistNew,TASK_COMPLETE,SUCCESS,INFO,76,76,0,,2026-09-02T19:03:39.838Z,2026-09-02T21:23:00.812Z,8361,2026-09-02T21:23:00.812Z,B42D,Chesapeake South,c49685cc-3281-44bc-a1c2-3be5b1110999,SAMMS-ChesapeakeSouthV5
202609022122570806,202609021903206445,202609021903206075,85,2831,Bronze INV,br_OrientationChecklistNew,TASK_COMPLETE,SUCCESS,INFO,56,56,0,,2026-09-02T19:03:39.838Z,2026-09-02T21:23:00.812Z,8361,2026-09-02T21:23:00.812Z,B44,Albany,c49685cc-3281-44bc-a1c2-3be5b1110999,SAMMS-AlbanyV5
202609022122570808,202609021903206446,202609021903206075,85,2832,Bronze INV,br_OrientationChecklistNew,TASK_COMPLETE,SUCCESS,INFO,53,53,0,,2026-09-02T19:03:39.838Z,2026-09-02T21:23:00.812Z,8361,2026-09-02T21:23:00.812Z,B45,Tifton,c49685cc-3281-44bc-a1c2-3be5b1110999,SAMMS-TiftonV5
202609022122570809,202609021903206447,202609021903206075,85,2833,Bronze INV,br_OrientationChecklistNew,TASK_COMPLETE,SUCCESS,INFO,268,268,0,,2026-09-02T19:03:39.838Z,2026-09-02T21:23:00.812Z,8361,2026-09-02T21:23:00.812Z,B46,Washington DC,c49685cc-3281-44bc-a1c2-3be5b1110999,SAMMS-WashingtonDCv5
202609022122570810,202609021903206448,202609021903206075,85,2834,Bronze INV,br_OrientationChecklistNew,TASK_COMPLETE,SUCCESS,INFO,97,97,0,,2026-09-02T19:03:39.838Z,2026-09-02T21:23:00.812Z,8361,2026-09-02T21:23:00.812Z,B47,Mobile,c49685cc-3281-44bc-a1c2-3be5b1110999,SAMMS-MobileV5
202609022122570811,202609021903206449,202609021903206075,85,2835,Bronze INV,br_OrientationChecklistNew,TASK_COMPLETE,SUCCESS,INFO,125,125,0,,2026-09-02T19:03:39.838Z,2026-09-02T21:23:00.812Z,8361,2026-09-02T21:23:00.812Z,B48,Tuscaloosa,c49685cc-3281-44bc-a1c2-3be5b1110999,SAMMS-TuscaloosaV5
202609022122570812,202609021903206450,202609021903206075,85,2844,Bronze INV,br_OrientationChecklistNew,TASK_COMPLETE,SUCCESS,INFO,79,79,0,,2026-09-02T19:03:39.838Z,2026-09-02T21:23:00.812Z,8361,2026-09-02T21:23:00.812Z,B51,N. Little Rock (OTP),c49685cc-3281-44bc-a1c2-3be5b1110999,SAMMS-NorthLittleRockV6
202609022122570813,202609021903206451,202609021903206075,85,2845,Bronze INV,br_OrientationChecklistNew,TASK_COMPLETE,SUCCESS,INFO,13,13,0,,2026-09-02T19:03:39.838Z,2026-09-02T21:23:00.812Z,8361,2026-09-02T21:23:00.812Z,B52,Jackson GA,c49685cc-3281-44bc-a1c2-3be5b1110999,SAMMS-JacksonGAV5
202609022122570814,202609021903206452,202609021903206075,85,2846,Bronze INV,br_OrientationChecklistNew,TASK_COMPLETE,SUCCESS,INFO,134,134,0,,2026-09-02T19:03:39.838Z,2026-09-02T21:23:00.812Z,8361,2026-09-02T21:23:00.812Z,B54,Gadsden,c49685cc-3281-44bc-a1c2-3be5b1110999,SAMMS-GadsdenV5
202609022122570816,202609021903206453,202609021903206075,85,2847,Bronze INV,br_OrientationChecklistNew,TASK_COMPLETE,SUCCESS,INFO,69,69,0,,2026-09-02T19:03:39.838Z,2026-09-02T21:23:00.812Z,8361,2026-09-02T21:23:00.812Z,B55,Shoals,c49685cc-3281-44bc-a1c2-3be5b1110999,SAMMS-ShoalsV5
202609022122570817,202609021903206454,202609021903206075,85,2848,Bronze INV,br_OrientationChecklistNew,TASK_COMPLETE,SUCCESS,INFO,32,32,0,,2026-09-02T19:03:39.838Z,2026-09-02T21:23:00.812Z,8361,2026-09-02T21:23:00.812Z,B57,Pawtucket,c49685cc-3281-44bc-a1c2-3be5b1110999,SAMMS-Pawtucket
202609022122570818,202609021903206455,202609021903206075,85,2849,Bronze INV,br_OrientationChecklistNew,TASK_COMPLETE,SUCCESS,INFO,76,76,0,,2026-09-02T19:03:39.838Z,2026-09-02T21:23:00.812Z,8361,2026-09-02T21:23:00.812Z,B57A,Johnston,c49685cc-3281-44bc-a1c2-3be5b1110999,SAMMS-Johnston
202609022122570819,202609021903206456,202609021903206075,85,2850,Bronze INV,br_OrientationChecklistNew,TASK_COMPLETE,SUCCESS,INFO,17,17,0,,2026-09-02T19:03:39.838Z,2026-09-02T21:23:00.812Z,8361,2026-09-02T21:23:00.812Z,B57B,Middletown,c49685cc-3281-44bc-a1c2-3be5b1110999,SAMMS-Middletown
202609022122570820,202609021903206457,202609021903206075,85,2851,Bronze INV,br_OrientationChecklistNew,TASK_COMPLETE,SUCCESS,INFO,29,29,0,,2026-09-02T19:03:39.838Z,2026-09-02T21:23:00.812Z,8361,2026-09-02T21:23:00.812Z,B57C,Providence,c49685cc-3281-44bc-a1c2-3be5b1110999,SAMMS-Providence
202609022122570821,202609021903206458,202609021903206075,85,2852,Bronze INV,br_OrientationChecklistNew,TASK_COMPLETE,SUCCESS,INFO,32,32,0,,2026-09-02T19:03:39.838Z,2026-09-02T21:23:00.812Z,8361,2026-09-02T21:23:00.812Z,B57D,Westerly,c49685cc-3281-44bc-a1c2-3be5b1110999,SAMMS-Westerly
202609022122570822,202609021903206459,202609021903206075,85,2856,Bronze INV,br_OrientationChecklistNew,TASK_COMPLETE,SUCCESS,INFO,0,0,0,,2026-09-02T19:03:39.838Z,2026-09-02T21:23:00.812Z,8361,2026-09-02T21:23:00.812Z,B66A,Bremen,c49685cc-3281-44bc-a1c2-3be5b1110999,SAMMS-Bremen
202609022122570823,202609021903206460,202609021903206075,85,2859,Bronze INV,br_OrientationChecklistNew,TASK_COMPLETE,SUCCESS,INFO,0,0,0,,2026-09-02T19:03:39.838Z,2026-09-02T21:23:00.812Z,8361,2026-09-02T21:23:00.812Z,B72,Mobile (OBOT),c49685cc-3281-44bc-a1c2-3be5b1110999,SAMMS-Mobile-OBOT
202609022122570825,202609021903206461,202609021903206075,85,2860,Bronze INV,br_OrientationChecklistNew,TASK_COMPLETE,SUCCESS,INFO,0,0,0,,2026-09-02T19:03:39.838Z,2026-09-02T21:23:00.812Z,8361,2026-09-02T21:23:00.812Z,B73,Montgomery,c49685cc-3281-44bc-a1c2-3be5b1110999,SAMMS-Montgomery
202609022122570826,202609021903206462,202609021903206075,85,2861,Bronze INV,br_OrientationChecklistNew,TASK_COMPLETE,SUCCESS,INFO,94,94,0,,2026-09-02T19:03:39.838Z,2026-09-02T21:23:00.812Z,8361,2026-09-02T21:23:00.812Z,B75,Lawrence,c49685cc-3281-44bc-a1c2-3be5b1110999,SAMMS-LawrenceV6
202609022122570827,202609021903206463,202609021903206075,85,2862,Bronze INV,br_OrientationChecklistNew,TASK_COMPLETE,SUCCESS,INFO,0,0,0,,2026-09-02T19:03:39.838Z,2026-09-02T21:23:00.812Z,8361,2026-09-02T21:23:00.812Z,B76,Huntsville OBOT,c49685cc-3281-44bc-a1c2-3be5b1110999,SAMMS-Huntsville-OBOT
202609022122570828,202609021903206464,202609021903206075,85,2863,Bronze INV,br_OrientationChecklistNew,TASK_COMPLETE,SUCCESS,INFO,0,0,0,,2026-09-02T19:03:39.838Z,2026-09-02T21:23:00.812Z,8361,2026-09-02T21:23:00.812Z,BAT,Batesville,c49685cc-3281-44bc-a1c2-3be5b1110999,SAMMS-Batesville
202609022122570829,202609021903206465,202609021903206075,85,2864,Bronze INV,br_OrientationChecklistNew,TASK_COMPLETE,SUCCESS,INFO,176,176,0,,2026-09-02T19:03:39.838Z,2026-09-02T21:23:00.812Z,8361,2026-09-02T21:23:00.812Z,BG,Bowling Green,c49685cc-3281-44bc-a1c2-3be5b1110999,SAMMS-BowlingGreen
202609022122570830,202609021903206466,202609021903206075,85,2865,Bronze INV,br_OrientationChecklistNew,TASK_COMPLETE,SUCCESS,INFO,64,64,0,,2026-09-02T19:03:39.838Z,2026-09-02T21:23:00.812Z,8361,2026-09-02T21:23:00.812Z,BOI,Boise,c49685cc-3281-44bc-a1c2-3be5b1110999,SAMMS-Boise
202609022122570831,202609021903206467,202609021903206075,85,2872,Bronze INV,br_OrientationChecklistNew,TASK_COMPLETE,SUCCESS,INFO,69,69,0,,2026-09-02T19:03:39.838Z,2026-09-02T21:23:00.812Z,8361,2026-09-02T21:23:00.812Z,CBCO,Coeur dAlene,c49685cc-3281-44bc-a1c2-3be5b1110999,SAMMS-CoeurdAleneV6
202609022122570832,202609021903206468,202609021903206075,85,2891,Bronze INV,br_OrientationChecklistNew,TASK_COMPLETE,SUCCESS,INFO,0,0,0,,2026-09-02T19:03:39.838Z,2026-09-02T21:23:00.812Z,8361,2026-09-02T21:23:00.812Z,CON,Conway,c49685cc-3281-44bc-a1c2-3be5b1110999,SAMMS-Conway
202609022122570833,202609021903206469,202609021903206075,85,2892,Bronze INV,br_OrientationChecklistNew,TASK_COMPLETE,SUCCESS,INFO,0,0,0,,2026-09-02T19:03:39.838Z,2026-09-02T21:23:00.812Z,8361,2026-09-02T21:23:00.812Z,D07,Medical Services Knox TN,c49685cc-3281-44bc-a1c2-3be5b1110999,SAMMS-KnoxvilleV6
202609022122570834,202609021903206470,202609021903206075,85,2893,Bronze INV,br_OrientationChecklistNew,TASK_COMPLETE,SUCCESS,INFO,138,138,0,,2026-09-02T19:03:39.838Z,2026-09-02T21:23:00.812Z,8361,2026-09-02T21:23:00.812Z,D08,Madison,c49685cc-3281-44bc-a1c2-3be5b1110999,SAMMS-MadisonV6
202609022122570835,202609021903206471,202609021903206075,85,2895,Bronze INV,br_OrientationChecklistNew,TASK_COMPLETE,SUCCESS,INFO,205,205,0,,2026-09-02T19:03:39.838Z,2026-09-02T21:23:00.812Z,8361,2026-09-02T21:23:00.812Z,D09,Murfreesboro,c49685cc-3281-44bc-a1c2-3be5b1110999,SAMMS-MurfreesboroV6
202609022122570837,202609021903206472,202609021903206075,85,2896,Bronze INV,br_OrientationChecklistNew,TASK_COMPLETE,SUCCESS,INFO,51,51,0,,2026-09-02T19:03:39.838Z,2026-09-02T21:23:00.812Z,8361,2026-09-02T21:23:00.812Z,DA,Davenport,c49685cc-3281-44bc-a1c2-3be5b1110999,SAMMS-Davenport
202609022122570838,202609021903206473,202609021903206075,85,2897,Bronze INV,br_OrientationChecklistNew,TASK_COMPLETE,SUCCESS,INFO,87,87,0,,2026-09-02T19:03:39.838Z,2026-09-02T21:23:00.812Z,8361,2026-09-02T21:23:00.812Z,DM,Des Moines,c49685cc-3281-44bc-a1c2-3be5b1110999,SAMMS-DesMoines
202609022122570839,202609021903206474,202609021903206075,85,2899,Bronze INV,br_OrientationChecklistNew,TASK_COMPLETE,SUCCESS,INFO,131,131,0,,2026-09-02T19:03:39.838Z,2026-09-02T21:23:00.812Z,8361,2026-09-02T21:23:00.812Z,DRD-CO,Columbia MO,c49685cc-3281-44bc-a1c2-3be5b1110999,SAMMS-ColumbiaV5
202609022122570840,202609021903206475,202609021903206075,85,2900,Bronze INV,br_OrientationChecklistNew,TASK_COMPLETE,SUCCESS,INFO,158,158,0,,2026-09-02T19:03:39.838Z,2026-09-02T21:23:00.812Z,8361,2026-09-02T21:23:00.812Z,DRD-KC,KC,c49685cc-3281-44bc-a1c2-3be5b1110999,SAMMS-KCv5
202609022122570841,202609021903206476,202609021903206075,85,2901,Bronze INV,br_OrientationChecklistNew,TASK_COMPLETE,SUCCESS,INFO,121,121,0,,2026-09-02T19:03:39.838Z,2026-09-02T21:23:00.812Z,8361,2026-09-02T21:23:00.812Z,DRD-KVB,KVB,c49685cc-3281-44bc-a1c2-3be5b1110999,SAMMS-KVBv5
202609022122570842,202609021903206477,202609021903206075,85,2902,Bronze INV,br_OrientationChecklistNew,TASK_COMPLETE,SUCCESS,INFO,338,338,0,,2026-09-02T19:03:39.838Z,2026-09-02T21:23:00.812Z,8361,2026-09-02T21:23:00.812Z,DRD-KVC,KVC,c49685cc-3281-44bc-a1c2-3be5b1110999,SAMMS-KVCv5
202609022122570843,202609021903206478,202609021903206075,85,2903,Bronze INV,br_OrientationChecklistNew,TASK_COMPLETE,SUCCESS,INFO,345,345,0,,2026-09-02T19:03:39.838Z,2026-09-02T21:23:00.812Z,8361,2026-09-02T21:23:00.812Z,DRD-NOLA,NOLA,c49685cc-3281-44bc-a1c2-3be5b1110999,SAMMS-NOLAv5
202609022122570844,202609021903206479,202609021903206075,85,2904,Bronze INV,br_OrientationChecklistNew,TASK_COMPLETE,SUCCESS,INFO,235,235,0,,2026-09-02T19:03:39.838Z,2026-09-02T21:23:00.812Z,8361,2026-09-02T21:23:00.812Z,DRD-SF,Springfield,c49685cc-3281-44bc-a1c2-3be5b1110999,SAMMS-SFv5
202609022122570845,202609021903206480,202609021903206075,85,2906,Bronze INV,br_OrientationChecklistNew,TASK_COMPLETE,SUCCESS,INFO,104,104,0,,2026-09-02T19:03:39.838Z,2026-09-02T21:23:00.812Z,8361,2026-09-02T21:23:00.812Z,ELC,Elizabeth City,c49685cc-3281-44bc-a1c2-3be5b1110999,SAMMS-ElizabethCity
202609022122570847,202609021903206481,202609021903206075,85,2907,Bronze INV,br_OrientationChecklistNew,TASK_COMPLETE,SUCCESS,INFO,120,120,0,,2026-09-02T19:03:39.838Z,2026-09-02T21:23:00.812Z,8361,2026-09-02T21:23:00.812Z,ET,Elizabethtown,c49685cc-3281-44bc-a1c2-3be5b1110999,SAMMS-Elizabethtown
202609022122570848,202609021903206482,202609021903206075,85,2908,Bronze INV,br_OrientationChecklistNew,TASK_COMPLETE,SUCCESS,INFO,0,0,0,,2026-09-02T19:03:39.838Z,2026-09-02T21:23:00.812Z,8361,2026-09-02T21:23:00.812Z,FAY,Fayetteville,c49685cc-3281-44bc-a1c2-3be5b1110999,SAMMS-Fayetteville
202609022122570849,202609021903206483,202609021903206075,85,2909,Bronze INV,br_OrientationChecklistNew,TASK_COMPLETE,SUCCESS,INFO,107,107,0,,2026-09-02T19:03:39.838Z,2026-09-02T21:23:00.812Z,8361,2026-09-02T21:23:00.812Z,FR,Frankfort,c49685cc-3281-44bc-a1c2-3be5b1110999,SAMMS-Frankfort
202609022122570850,202609021903206484,202609021903206075,85,2910,Bronze INV,br_OrientationChecklistNew,TASK_COMPLETE,SUCCESS,INFO,0,0,0,,2026-09-02T19:03:39.838Z,2026-09-02T21:23:00.812Z,8361,2026-09-02T21:23:00.812Z,FS,Fort Smith,c49685cc-3281-44bc-a1c2-3be5b1110999,SAMMS-FortSmith
202609022122570851,202609021903206485,202609021903206075,85,2911,Bronze INV,br_OrientationChecklistNew,TASK_COMPLETE,SUCCESS,INFO,198,198,0,,2026-09-02T19:03:39.838Z,2026-09-02T21:23:00.812Z,8361,2026-09-02T21:23:00.812Z,FW,Fort Wayne,c49685cc-3281-44bc-a1c2-3be5b1110999,SAMMS-FortWayne
202609022122570852,202609021903206486,202609021903206075,85,2912,Bronze INV,br_OrientationChecklistNew,TASK_COMPLETE,SUCCESS,INFO,17,17,0,,2026-09-02T19:03:39.838Z,2026-09-02T21:23:00.812Z,8361,2026-09-02T21:23:00.812Z,GAL,Gaylord,c49685cc-3281-44bc-a1c2-3be5b1110999,SAMMS-Gaylord
202609022122570853,202609021903206487,202609021903206075,85,2916,Bronze INV,br_OrientationChecklistNew,TASK_COMPLETE,SUCCESS,INFO,128,128,0,,2026-09-02T19:03:39.838Z,2026-09-02T21:23:00.812Z,8361,2026-09-02T21:23:00.812Z,HGT,Hagerstown,c49685cc-3281-44bc-a1c2-3be5b1110999,SAMMS-Hagerstown
202609022122570854,202609021903206488,202609021903206075,85,2917,Bronze INV,br_OrientationChecklistNew,TASK_COMPLETE,SUCCESS,INFO,103,103,0,,2026-09-02T19:03:39.838Z,2026-09-02T21:23:00.812Z,8361,2026-09-02T21:23:00.812Z,HNT,Huntsville,c49685cc-3281-44bc-a1c2-3be5b1110999,SAMMS-Huntsville
202609022122570855,202609021903206489,202609021903206075,85,2918,Bronze INV,br_OrientationChecklistNew,TASK_COMPLETE,SUCCESS,INFO,0,0,0,,2026-09-02T19:03:39.838Z,2026-09-02T21:23:00.812Z,8361,2026-09-02T21:23:00.812Z,HS,Hot Springs,c49685cc-3281-44bc-a1c2-3be5b1110999,SAMMS-HotSprings
202609022122570856,202609021903206490,202609021903206075,85,2919,Bronze INV,br_OrientationChecklistNew,TASK_COMPLETE,SUCCESS,INFO,0,0,0,,2026-09-02T19:03:39.838Z,2026-09-02T21:23:00.812Z,8361,2026-09-02T21:23:00.812Z,JON,Jonesboro,c49685cc-3281-44bc-a1c2-3be5b1110999,SAMMS-Jonesboro
202609022122570858,202609021903206491,202609021903206075,85,2921,Bronze INV,br_OrientationChecklistNew,TASK_COMPLETE,SUCCESS,INFO,13,13,0,,2026-09-02T19:03:39.838Z,2026-09-02T21:23:00.812Z,8361,2026-09-02T21:23:00.812Z,LAN,Lansing,c49685cc-3281-44bc-a1c2-3be5b1110999,SAMMS-Lansing
202609022122570859,202609021903206492,202609021903206075,85,2922,Bronze INV,br_OrientationChecklistNew,TASK_COMPLETE,SUCCESS,INFO,183,183,0,,2026-09-02T19:03:39.838Z,2026-09-02T21:23:00.812Z,8361,2026-09-02T21:23:00.812Z,LO,Louisville,c49685cc-3281-44bc-a1c2-3be5b1110999,SAMMS-Louisville
202609022122570860,202609021903206493,202609021903206075,85,2923,Bronze INV,br_OrientationChecklistNew,TASK_COMPLETE,SUCCESS,INFO,341,341,0,,2026-09-02T19:03:39.838Z,2026-09-02T21:23:00.812Z,8361,2026-09-02T21:23:00.812Z,LV1,Cheyenne,c49685cc-3281-44bc-a1c2-3be5b1110999,SAMMS-Cheyenne
202609022122570861,202609021903206494,202609021903206075,85,2924,Bronze INV,br_OrientationChecklistNew,TASK_COMPLETE,SUCCESS,INFO,189,189,0,,2026-09-02T19:03:39.838Z,2026-09-02T21:23:00.812Z,8361,2026-09-02T21:23:00.812Z,LV2,Desert Inn,c49685cc-3281-44bc-a1c2-3be5b1110999,SAMMS-DesertInn
202609022122570862,202609021903206495,202609021903206075,85,2925,Bronze INV,br_OrientationChecklistNew,TASK_COMPLETE,SUCCESS,INFO,87,87,0,,2026-09-02T19:03:39.838Z,2026-09-02T21:23:00.812Z,8361,2026-09-02T21:23:00.812Z,LV3,McDaniel,c49685cc-3281-44bc-a1c2-3be5b1110999,SAMMS-McDaniel
202609022122570863,202609021903206496,202609021903206075,85,2928,Bronze INV,br_OrientationChecklistNew,TASK_COMPLETE,SUCCESS,INFO,91,91,0,,2026-09-02T19:03:39.838Z,2026-09-02T21:23:00.812Z,8361,2026-09-02T21:23:00.812Z,MNRE,Monroe,c49685cc-3281-44bc-a1c2-3be5b1110999,SAMMS-Monroe
202609022122570864,202609021903206497,202609021903206075,85,2929,Bronze INV,br_OrientationChecklistNew,TASK_COMPLETE,SUCCESS,INFO,8,8,0,,2026-09-02T19:03:39.838Z,2026-09-02T21:23:00.812Z,8361,2026-09-02T21:23:00.812Z,MP,Mt. Pleasant,c49685cc-3281-44bc-a1c2-3be5b1110999,SAMMS-MtPleasant
202609022122570865,202609021903206498,202609021903206075,85,2930,Bronze INV,br_OrientationChecklistNew,TASK_COMPLETE,SUCCESS,INFO,73,73,0,,2026-09-02T19:03:39.838Z,2026-09-02T21:23:00.812Z,8361,2026-09-02T21:23:00.812Z,MRD,Meridian,c49685cc-3281-44bc-a1c2-3be5b1110999,SAMMS-Meridian
202609022122570866,202609021903206499,202609021903206075,85,2935,Bronze INV,br_OrientationChecklistNew,TASK_COMPLETE,SUCCESS,INFO,159,159,0,,2026-09-02T19:03:39.838Z,2026-09-02T21:23:00.812Z,8361,2026-09-02T21:23:00.812Z,NC,North Charleston,c49685cc-3281-44bc-a1c2-3be5b1110999,SAMMS-NorthCharleston
202609022122570867,202609021903206500,202609021903206075,85,2936,Bronze INV,br_OrientationChecklistNew,TASK_COMPLETE,SUCCESS,INFO,0,0,0,,2026-09-02T19:03:39.838Z,2026-09-02T21:23:00.812Z,8361,2026-09-02T21:23:00.812Z,NLR,N. Little Rock,c49685cc-3281-44bc-a1c2-3be5b1110999,SAMMS-NLROBOT
202609022122570869,202609021903206501,202609021903206075,85,2941,Bronze INV,br_OrientationChecklistNew,TASK_COMPLETE,SUCCESS,INFO,126,126,0,,2026-09-02T19:03:39.838Z,2026-09-02T21:23:00.812Z,8361,2026-09-02T21:23:00.812Z,RE,Reno,c49685cc-3281-44bc-a1c2-3be5b1110999,SAMMS-Reno
202609022122570870,202609021903206502,202609021903206075,85,2942,Bronze INV,br_OrientationChecklistNew,TASK_COMPLETE,SUCCESS,INFO,215,215,0,,2026-09-02T19:03:39.838Z,2026-09-02T21:23:00.812Z,8361,2026-09-02T21:23:00.812Z,RMD,Richmond,c49685cc-3281-44bc-a1c2-3be5b1110999,SAMMS-Richmond
202609022122570871,202609021903206503,202609021903206075,85,2943,Bronze INV,br_OrientationChecklistNew,TASK_COMPLETE,SUCCESS,INFO,183,183,0,,2026-09-02T19:03:39.838Z,2026-09-02T21:23:00.812Z,8361,2026-09-02T21:23:00.812Z,SFN,Springfield North,c49685cc-3281-44bc-a1c2-3be5b1110999,SAMMS-SFNv5
202609022122570872,202609021903206504,202609021903206075,85,2944,Bronze INV,br_OrientationChecklistNew,TASK_COMPLETE,SUCCESS,INFO,145,145,0,,2026-09-02T19:03:39.838Z,2026-09-02T21:23:00.812Z,8361,2026-09-02T21:23:00.812Z,SHP,Shreveport,c49685cc-3281-44bc-a1c2-3be5b1110999,SAMMS-Shreveport
202609022122570873,202609021903206505,202609021903206075,85,2946,Bronze INV,br_OrientationChecklistNew,TASK_COMPLETE,SUCCESS,INFO,104,104,0,,2026-09-02T19:03:39.838Z,2026-09-02T21:23:00.812Z,8361,2026-09-02T21:23:00.812Z,STN,Staunton,c49685cc-3281-44bc-a1c2-3be5b1110999,SAMMS-Staunton
202609012114520571,202609011903673812,202609011903672005,85,3128,Bronze INV,br_ReAssessment,TASK_COMPLETE,SUCCESS,INFO,0,0,0,,2026-09-01T19:04:17.664Z,2026-09-01T21:14:55.846Z,7838,2026-09-01T21:14:55.846Z,SHP,Shreveport,0e5f68b5-5669-4bb1-91ce-4b967b620e7d,SAMMS-Shreveport
202609012114520572,202609011903673813,202609011903672005,85,3130,Bronze INV,br_ReAssessment,TASK_COMPLETE,SUCCESS,INFO,0,0,0,,2026-09-01T19:04:17.664Z,2026-09-01T21:14:55.846Z,7838,2026-09-01T21:14:55.846Z,STN,Staunton,0e5f68b5-5669-4bb1-91ce-4b967b620e7d,SAMMS-Staunton
202609012114520573,202609011903673814,202609011903672005,85,3131,Bronze INV,br_ReAssessment,TASK_COMPLETE,SUCCESS,INFO,0,0,0,,2026-09-01T19:04:17.664Z,2026-09-01T21:14:55.846Z,7838,2026-09-01T21:14:55.846Z,STVN,Stevenson,0e5f68b5-5669-4bb1-91ce-4b967b620e7d,SAMMS-Stevenson
202609012114520574,202609011903673815,202609011903672005,85,3133,Bronze INV,br_ReAssessment,TASK_COMPLETE,SUCCESS,INFO,0,0,0,,2026-09-01T19:04:17.664Z,2026-09-01T21:14:55.846Z,7838,2026-09-01T21:14:55.846Z,TE,Tempe,0e5f68b5-5669-4bb1-91ce-4b967b620e7d,SAMMS-Tempe
202609012114520576,202609011903673816,202609011903672005,85,3134,Bronze INV,br_ReAssessment,TASK_COMPLETE,SUCCESS,INFO,0,0,0,,2026-09-01T19:04:17.664Z,2026-09-01T21:14:55.846Z,7838,2026-09-01T21:14:55.846Z,TEX,Texarkana,0e5f68b5-5669-4bb1-91ce-4b967b620e7d,SAMMS-Texarkana
202609012114520577,202609011903673817,202609011903672005,85,3135,Bronze INV,br_ReAssessment,TASK_COMPLETE,SUCCESS,INFO,1,1,0,,2026-09-01T19:04:17.664Z,2026-09-01T21:14:55.846Z,7838,2026-09-01T21:14:55.846Z,TTCA,Bessemer,0e5f68b5-5669-4bb1-91ce-4b967b620e7d,SAMMS-BessemerV5
202609012114520578,202609011903673818,202609011903672005,85,3136,Bronze INV,br_ReAssessment,TASK_COMPLETE,SUCCESS,INFO,0,0,0,,2026-09-01T19:04:17.664Z,2026-09-01T21:14:55.846Z,7838,2026-09-01T21:14:55.846Z,TTCB,Cullman,0e5f68b5-5669-4bb1-91ce-4b967b620e7d,SAMMS-CullmanV5
202609012114520579,202609011903673819,202609011903672005,85,3137,Bronze INV,br_ReAssessment,TASK_COMPLETE,SUCCESS,INFO,0,0,0,,2026-09-01T19:04:17.664Z,2026-09-01T21:14:55.846Z,7838,2026-09-01T21:14:55.846Z,TTCC,Grand Bay,0e5f68b5-5669-4bb1-91ce-4b967b620e7d,SAMMS-GrandBay
202609012114520580,202609011903673820,202609011903672005,85,3138,Bronze INV,br_ReAssessment,TASK_COMPLETE,SUCCESS,INFO,0,0,0,,2026-09-01T19:04:17.664Z,2026-09-01T21:14:55.846Z,7838,2026-09-01T21:14:55.846Z,TU,Tucson,0e5f68b5-5669-4bb1-91ce-4b967b620e7d,SAMMS-Tucson
202609012114520581,202609011903673821,202609011903672005,85,3140,Bronze INV,br_ReAssessment,TASK_COMPLETE,SUCCESS,INFO,0,0,0,,2026-09-01T19:04:17.664Z,2026-09-01T21:14:55.846Z,7838,2026-09-01T21:14:55.846Z,V1,Memphis South,0e5f68b5-5669-4bb1-91ce-4b967b620e7d,SAMMS-VCPHCS-I-MemphisV5
202609012114520583,202609011903673822,202609011903672005,85,3141,Bronze INV,br_ReAssessment,TASK_COMPLETE,SUCCESS,INFO,0,0,0,,2026-09-01T19:04:17.664Z,2026-09-01T21:14:55.846Z,7838,2026-09-01T21:14:55.846Z,V10,Longmont,0e5f68b5-5669-4bb1-91ce-4b967b620e7d,SAMMS-BoulderV5
202609012114520584,202609011903673823,202609011903672005,85,3142,Bronze INV,br_ReAssessment,TASK_COMPLETE,SUCCESS,INFO,113,113,0,,2026-09-01T19:04:17.664Z,2026-09-01T21:14:55.846Z,7838,2026-09-01T21:14:55.846Z,V10A,Fort Collins,0e5f68b5-5669-4bb1-91ce-4b967b620e7d,SAMMS-FortCollinsV5
202609012114520585,202609011903673824,202609011903672005,85,3143,Bronze INV,br_ReAssessment,TASK_COMPLETE,SUCCESS,INFO,0,0,0,,2026-09-01T19:04:17.664Z,2026-09-01T21:14:55.846Z,7838,2026-09-01T21:14:55.846Z,V11,Westminster,0e5f68b5-5669-4bb1-91ce-4b967b620e7d,SAMMS-VCPHCS-XI-NorthDenverV5
202609012114520586,202609011903673825,202609011903672005,85,3144,Bronze INV,br_ReAssessment,TASK_COMPLETE,SUCCESS,INFO,80,80,0,,2026-09-01T19:04:17.664Z,2026-09-01T21:14:55.846Z,7838,2026-09-01T21:14:55.846Z,V12,Downtown Denver,0e5f68b5-5669-4bb1-91ce-4b967b620e7d,SAMMS-VCPHCS-XII-DowntownDenverV5
202609012114520587,202609011903673826,202609011903672005,85,3145,Bronze INV,br_ReAssessment,TASK_COMPLETE,SUCCESS,INFO,0,0,0,,2026-09-01T19:04:17.664Z,2026-09-01T21:14:55.846Z,7838,2026-09-01T21:14:55.846Z,V12A,Centennial,0e5f68b5-5669-4bb1-91ce-4b967b620e7d,SAMMS-CentennialV5
202609012114520588,202609011903673827,202609011903672005,85,3146,Bronze INV,br_ReAssessment,TASK_COMPLETE,SUCCESS,INFO,0,0,0,,2026-09-01T19:04:17.664Z,2026-09-01T21:14:55.846Z,7838,2026-09-01T21:14:55.846Z,V14,Overland Park,0e5f68b5-5669-4bb1-91ce-4b967b620e7d,SAMMS-VCPHCS-XIV-BridgewayV5
202609012114520590,202609011903673828,202609011903672005,85,3147,Bronze INV,br_ReAssessment,TASK_COMPLETE,SUCCESS,INFO,0,0,0,,2026-09-01T19:04:17.664Z,2026-09-01T21:14:55.846Z,7838,2026-09-01T21:14:55.846Z,V15,Joplin,0e5f68b5-5669-4bb1-91ce-4b967b620e7d,SAMMS-JoplinV5
202609012114520591,202609011903673829,202609011903672005,85,3149,Bronze INV,br_ReAssessment,TASK_COMPLETE,SUCCESS,INFO,0,0,0,,2026-09-01T19:04:17.664Z,2026-09-01T21:14:55.846Z,7838,2026-09-01T21:14:55.846Z,V17,Columbia TN,0e5f68b5-5669-4bb1-91ce-4b967b620e7d,SAMMS-ColumbiaTNv5
202609012114520592,202609011903673830,202609011903672005,85,3151,Bronze INV,br_ReAssessment,TASK_COMPLETE,SUCCESS,INFO,0,0,0,,2026-09-01T19:04:17.664Z,2026-09-01T21:14:55.846Z,7838,2026-09-01T21:14:55.846Z,V19,Jackson,0e5f68b5-5669-4bb1-91ce-4b967b620e7d,SAMMS-JacksonV5
202609012114520593,202609011903673831,202609011903672005,85,3153,Bronze INV,br_ReAssessment,TASK_COMPLETE,SUCCESS,INFO,0,0,0,,2026-09-01T19:04:17.664Z,2026-09-01T21:14:55.846Z,7838,2026-09-01T21:14:55.846Z,V20,Paris,0e5f68b5-5669-4bb1-91ce-4b967b620e7d,SAMMS-ParisV5
202609012114520594,202609011903673832,202609011903672005,85,3154,Bronze INV,br_ReAssessment,TASK_COMPLETE,SUCCESS,INFO,0,0,0,,2026-09-01T19:04:17.664Z,2026-09-01T21:14:55.846Z,7838,2026-09-01T21:14:55.846Z,V21,Memphis North,0e5f68b5-5669-4bb1-91ce-4b967b620e7d,SAMMS-RaleighV5
202609012114520595,202609011903673833,202609011903672005,85,3157,Bronze INV,br_ReAssessment,TASK_COMPLETE,SUCCESS,INFO,0,0,0,,2026-09-01T19:04:17.664Z,2026-09-01T21:14:55.846Z,7838,2026-09-01T21:14:55.846Z,V5,West Bank,0e5f68b5-5669-4bb1-91ce-4b967b620e7d,SAMMS-NONTCv5
202609012114520596,202609011903673834,202609011903672005,85,3159,Bronze INV,br_ReAssessment,TASK_COMPLETE,SUCCESS,INFO,0,0,0,,2026-09-01T19:04:17.664Z,2026-09-01T21:14:55.846Z,7838,2026-09-01T21:14:55.846Z,V5B,Houma,0e5f68b5-5669-4bb1-91ce-4b967b620e7d,SAMMS-HoumaV6
202609012114520598,202609011903673835,202609011903672005,85,3160,Bronze INV,br_ReAssessment,TASK_COMPLETE,SUCCESS,INFO,0,0,0,,2026-09-01T19:04:17.664Z,2026-09-01T21:14:55.846Z,7838,2026-09-01T21:14:55.846Z,V6,Lake Charles,0e5f68b5-5669-4bb1-91ce-4b967b620e7d,SAMMS-LCv5
202609012114520599,202609011903673836,202609011903672005,85,3162,Bronze INV,br_ReAssessment,TASK_COMPLETE,SUCCESS,INFO,0,0,0,,2026-09-01T19:04:17.664Z,2026-09-01T21:14:55.846Z,7838,2026-09-01T21:14:55.846Z,V8,Memphis Midtown,0e5f68b5-5669-4bb1-91ce-4b967b620e7d,SAMMS-VCPHCS-VIII-MemphisV5
202609012114520600,202609011903673837,202609011903672005,85,3163,Bronze INV,br_ReAssessment,TASK_COMPLETE,SUCCESS,INFO,0,0,0,,2026-09-01T19:04:17.664Z,2026-09-01T21:14:55.846Z,7838,2026-09-01T21:14:55.846Z,V9,Nashville,0e5f68b5-5669-4bb1-91ce-4b967b620e7d,SAMMS-NashvilleV5
202609012114520601,202609011903673838,202609011903672005,85,3164,Bronze INV,br_ReAssessment,TASK_COMPLETE,SUCCESS,INFO,0,0,0,,2026-09-01T19:04:17.664Z,2026-09-01T21:14:55.846Z,7838,2026-09-01T21:14:55.846Z,VBRA,Brainerd,0e5f68b5-5669-4bb1-91ce-4b967b620e7d,SAMMS-BrainerdV6
202609012114520602,202609011903673839,202609011903672005,85,3165,Bronze INV,br_ReAssessment,TASK_COMPLETE,SUCCESS,INFO,0,0,0,,2026-09-01T19:04:17.664Z,2026-09-01T21:14:55.846Z,7838,2026-09-01T21:14:55.846Z,VBRP,Brooklyn Park,0e5f68b5-5669-4bb1-91ce-4b967b620e7d,SAMMS-BrooklynParkV6
202609012114520603,202609011903673840,202609011903672005,85,3167,Bronze INV,br_ReAssessment,TASK_COMPLETE,SUCCESS,INFO,0,0,0,,2026-09-01T19:04:17.664Z,2026-09-01T21:14:55.846Z,7838,2026-09-01T21:14:55.846Z,VMIN,Minneapolis,0e5f68b5-5669-4bb1-91ce-4b967b620e7d,SAMMS-MinneapolisV6
202609012114520604,202609011903673841,202609011903672005,85,3168,Bronze INV,br_ReAssessment,TASK_COMPLETE,SUCCESS,INFO,0,0,0,,2026-09-01T19:04:17.664Z,2026-09-01T21:14:55.846Z,7838,2026-09-01T21:14:55.846Z,VWBY,Woodbury,0e5f68b5-5669-4bb1-91ce-4b967b620e7d,SAMMS-WoodburyV6
202609012114520606,202609011903673842,202609011903672005,85,3170,Bronze INV,br_ReAssessment,TASK_COMPLETE,SUCCESS,INFO,0,0,0,,2026-09-01T19:04:17.664Z,2026-09-01T21:14:55.846Z,7838,2026-09-01T21:14:55.846Z,WIL,Wilson,0e5f68b5-5669-4bb1-91ce-4b967b620e7d,SAMMS-Wilson
202609012114520607,202609011903673843,202609011903672005,85,3726,Bronze INV,br_ReAssessmentOccupational,TASK_COMPLETE,SUCCESS,INFO,35,35,0,,2026-09-01T19:04:17.664Z,2026-09-01T21:14:55.846Z,7838,2026-09-01T21:14:55.846Z,AHK,Ahoskie,0e5f68b5-5669-4bb1-91ce-4b967b620e7d,SAMMS-Ahoskie
202609012114520608,202609011903673844,202609011903672005,85,3727,Bronze INV,br_ReAssessmentOccupational,TASK_COMPLETE,SUCCESS,INFO,663,663,0,,2026-09-01T19:04:17.664Z,2026-09-01T21:14:55.846Z,7838,2026-09-01T21:14:55.846Z,B12B,Colorado Springs,0e5f68b5-5669-4bb1-91ce-4b967b620e7d,SAMMS-ColoradoSpringsV5
202609012114520609,202609011903673845,202609011903672005,85,3728,Bronze INV,br_ReAssessmentOccupational,TASK_COMPLETE,SUCCESS,INFO,829,829,0,,2026-09-01T19:04:17.664Z,2026-09-01T21:14:55.846Z,7838,2026-09-01T21:14:55.846Z,B24,Paintsville,0e5f68b5-5669-4bb1-91ce-4b967b620e7d,SAMMS-PaintsvilleV5
202609012114520610,202609011903673846,202609011903672005,85,3729,Bronze INV,br_ReAssessmentOccupational,TASK_COMPLETE,SUCCESS,INFO,646,646,0,,2026-09-01T19:04:17.664Z,2026-09-01T21:14:55.846Z,7838,2026-09-01T21:14:55.846Z,B25,Pikeville,0e5f68b5-5669-4bb1-91ce-4b967b620e7d,SAMMS-PikevilleV5
202609012114520611,202609011903673847,202609011903672005,85,3730,Bronze INV,br_ReAssessmentOccupational,TASK_COMPLETE,SUCCESS,INFO,970,970,0,,2026-09-01T19:04:17.664Z,2026-09-01T21:14:55.846Z,7838,2026-09-01T21:14:55.846Z,B26,Hazard,0e5f68b5-5669-4bb1-91ce-4b967b620e7d,SAMMS-HazardV5
202609012114520613,202609011903673848,202609011903672005,85,3731,Bronze INV,br_ReAssessmentOccupational,TASK_COMPLETE,SUCCESS,INFO,531,531,0,,2026-09-01T19:04:17.664Z,2026-09-01T21:14:55.846Z,7838,2026-09-01T21:14:55.846Z,B27,Savannah,0e5f68b5-5669-4bb1-91ce-4b967b620e7d,SAMMS-SavannahV6
202609012114520614,202609011903673849,202609011903672005,85,3732,Bronze INV,br_ReAssessmentOccupational,TASK_COMPLETE,SUCCESS,INFO,245,245,0,,2026-09-01T19:04:17.664Z,2026-09-01T21:14:55.846Z,7838,2026-09-01T21:14:55.846Z,B28,West Plains,0e5f68b5-5669-4bb1-91ce-4b967b620e7d,SAMMS-WestPlainesV5
202609012114520615,202609011903673850,202609011903672005,85,3733,Bronze INV,br_ReAssessmentOccupational,TASK_COMPLETE,SUCCESS,INFO,461,461,0,,2026-09-01T19:04:17.664Z,2026-09-01T21:14:55.846Z,7838,2026-09-01T21:14:55.846Z,B29,Poplar Bluff,0e5f68b5-5669-4bb1-91ce-4b967b620e7d,SAMMS-PoplarBluffV5
202609012114520616,202609011903673851,202609011903672005,85,3734,Bronze INV,br_ReAssessmentOccupational,TASK_COMPLETE,SUCCESS,INFO,78,78,0,,2026-09-01T19:04:17.664Z,2026-09-01T21:14:55.846Z,7838,2026-09-01T21:14:55.846Z,B30,KC North,0e5f68b5-5669-4bb1-91ce-4b967b620e7d,SAMMS-KCNv5
202609012114520617,202609011903673852,202609011903672005,85,3735,Bronze INV,br_ReAssessmentOccupational,TASK_COMPLETE,SUCCESS,INFO,400,400,0,,2026-09-01T19:04:17.664Z,2026-09-01T21:14:55.846Z,7838,2026-09-01T21:14:55.846Z,B31,Dyersburg,0e5f68b5-5669-4bb1-91ce-4b967b620e7d,SAMMS-DyersburgV5
202609012114520618,202609011903673853,202609011903672005,85,3737,Bronze INV,br_ReAssessmentOccupational,TASK_COMPLETE,SUCCESS,INFO,487,487,0,,2026-09-01T19:04:17.664Z,2026-09-01T21:14:55.846Z,7838,2026-09-01T21:14:55.846Z,B33,Paducah,0e5f68b5-5669-4bb1-91ce-4b967b620e7d,SAMMS-Paducah
202609012114520620,202609011903673854,202609011903672005,85,3738,Bronze INV,br_ReAssessmentOccupational,TASK_COMPLETE,SUCCESS,INFO,385,385,0,,2026-09-01T19:04:17.664Z,2026-09-01T21:14:55.846Z,7838,2026-09-01T21:14:55.846Z,B34,Corbin,0e5f68b5-5669-4bb1-91ce-4b967b620e7d,SAMMS-CorbinV5
202609012114520621,202609011903673855,202609011903672005,85,3739,Bronze INV,br_ReAssessmentOccupational,TASK_COMPLETE,SUCCESS,INFO,239,239,0,,2026-09-01T19:04:17.664Z,2026-09-01T21:14:55.846Z,7838,2026-09-01T21:14:55.846Z,B35,Lexington,0e5f68b5-5669-4bb1-91ce-4b967b620e7d,SAMMS-LexingtonV5
202609012114520622,202609011903673856,202609011903672005,85,3740,Bronze INV,br_ReAssessmentOccupational,TASK_COMPLETE,SUCCESS,INFO,77,77,0,,2026-09-01T19:04:17.664Z,2026-09-01T21:14:55.846Z,7838,2026-09-01T21:14:55.846Z,B35A,Berea,0e5f68b5-5669-4bb1-91ce-4b967b620e7d,SAMMS-BereaV5
202609012114520623,202609011903673857,202609011903672005,85,3741,Bronze INV,br_ReAssessmentOccupational,TASK_COMPLETE,SUCCESS,INFO,21,21,0,,2026-09-01T19:04:17.664Z,2026-09-01T21:14:55.846Z,7838,2026-09-01T21:14:55.846Z,B36,Asheville,0e5f68b5-5669-4bb1-91ce-4b967b620e7d,SAMMS-AshevilleV5
202609012114520624,202609011903673858,202609011903672005,85,3742,Bronze INV,br_ReAssessmentOccupational,TASK_COMPLETE,SUCCESS,INFO,1,1,0,,2026-09-01T19:04:17.664Z,2026-09-01T21:14:55.846Z,7838,2026-09-01T21:14:55.846Z,B37,Clyde,0e5f68b5-5669-4bb1-91ce-4b967b620e7d,SAMMS-ClydeV5
202609012114520625,202609011903673859,202609011903672005,85,3743,Bronze INV,br_ReAssessmentOccupational,TASK_COMPLETE,SUCCESS,INFO,1187,1187,0,,2026-09-01T19:04:17.664Z,2026-09-01T21:14:55.846Z,7838,2026-09-01T21:14:55.846Z,B38,Spartanburg,0e5f68b5-5669-4bb1-91ce-4b967b620e7d,SAMMS-SpartanburgV5
202609012114520626,202609011903673860,202609011903672005,85,3744,Bronze INV,br_ReAssessmentOccupational,TASK_COMPLETE,SUCCESS,INFO,362,362,0,,2026-09-01T19:04:17.664Z,2026-09-01T21:14:55.846Z,7838,2026-09-01T21:14:55.846Z,B39,Aiken,0e5f68b5-5669-4bb1-91ce-4b967b620e7d,SAMMS-AikenV5
202609012114520628,202609011903673861,202609011903672005,85,3745,Bronze INV,br_ReAssessmentOccupational,TASK_COMPLETE,SUCCESS,INFO,1887,1887,0,,2026-09-01T19:04:17.664Z,2026-09-01T21:14:55.846Z,7838,2026-09-01T21:14:55.846Z,B41,Chesapeake,0e5f68b5-5669-4bb1-91ce-4b967b620e7d,SAMMS-ChesapeakeV5
202609012114520629,202609011903673862,202609011903672005,85,3746,Bronze INV,br_ReAssessmentOccupational,TASK_COMPLETE,SUCCESS,INFO,1914,1914,0,,2026-09-01T19:04:17.664Z,2026-09-01T21:14:55.846Z,7838,2026-09-01T21:14:55.846Z,B42,Virginia Beach,0e5f68b5-5669-4bb1-91ce-4b967b620e7d,SAMMS-VirginiaBeachV5
202609012114520630,202609011903673863,202609011903672005,85,3747,Bronze INV,br_ReAssessmentOccupational,TASK_COMPLETE,SUCCESS,INFO,924,924,0,,2026-09-01T19:04:17.664Z,2026-09-01T21:14:55.846Z,7838,2026-09-01T21:14:55.846Z,B42A,Newport News,0e5f68b5-5669-4bb1-91ce-4b967b620e7d,SAMMS-NewportNewsV5
202609012114520631,202609011903673864,202609011903672005,85,3748,Bronze INV,br_ReAssessmentOccupational,TASK_COMPLETE,SUCCESS,INFO,507,507,0,,2026-09-01T19:04:17.664Z,2026-09-01T21:14:55.846Z,7838,2026-09-01T21:14:55.846Z,B42B,Franklin,0e5f68b5-5669-4bb1-91ce-4b967b620e7d,SAMMS-FranklinV5
202609012114520632,202609011903673865,202609011903672005,85,3749,Bronze INV,br_ReAssessmentOccupational,TASK_COMPLETE,SUCCESS,INFO,343,343,0,,2026-09-01T19:04:17.664Z,2026-09-01T21:14:55.846Z,7838,2026-09-01T21:14:55.846Z,B42C,Glen Allen,0e5f68b5-5669-4bb1-91ce-4b967b620e7d,SAMMS-GlenAllenV5
202609012114520633,202609011903673866,202609011903672005,85,3750,Bronze INV,br_ReAssessmentOccupational,TASK_COMPLETE,SUCCESS,INFO,1481,1481,0,,2026-09-01T19:04:17.664Z,2026-09-01T21:14:55.846Z,7838,2026-09-01T21:14:55.846Z,B42D,Chesapeake South,0e5f68b5-5669-4bb1-91ce-4b967b620e7d,SAMMS-ChesapeakeSouthV5
202609012114520635,202609011903673867,202609011903672005,85,3751,Bronze INV,br_ReAssessmentOccupational,TASK_COMPLETE,SUCCESS,INFO,631,631,0,,2026-09-01T19:04:17.664Z,2026-09-01T21:14:55.846Z,7838,2026-09-01T21:14:55.846Z,B44,Albany,0e5f68b5-5669-4bb1-91ce-4b967b620e7d,SAMMS-AlbanyV5
202609012114520636,202609011903673868,202609011903672005,85,3752,Bronze INV,br_ReAssessmentOccupational,TASK_COMPLETE,SUCCESS,INFO,1268,1268,0,,2026-09-01T19:04:17.664Z,2026-09-01T21:14:55.846Z,7838,2026-09-01T21:14:55.846Z,B45,Tifton,0e5f68b5-5669-4bb1-91ce-4b967b620e7d,SAMMS-TiftonV5
202609012114520637,202609011903673869,202609011903672005,85,3753,Bronze INV,br_ReAssessmentOccupational,TASK_COMPLETE,SUCCESS,INFO,590,590,0,,2026-09-01T19:04:17.664Z,2026-09-01T21:14:55.846Z,7838,2026-09-01T21:14:55.846Z,B46,Washington DC,0e5f68b5-5669-4bb1-91ce-4b967b620e7d,SAMMS-WashingtonDCv5
202609012114520638,202609011903673870,202609011903672005,85,3754,Bronze INV,br_ReAssessmentOccupational,TASK_COMPLETE,SUCCESS,INFO,1564,1564,0,,2026-09-01T19:04:17.664Z,2026-09-01T21:14:55.846Z,7838,2026-09-01T21:14:55.846Z,B47,Mobile,0e5f68b5-5669-4bb1-91ce-4b967b620e7d,SAMMS-MobileV5
202609012114520639,202609011903673871,202609011903672005,85,3755,Bronze INV,br_ReAssessmentOccupational,TASK_COMPLETE,SUCCESS,INFO,1296,1296,0,,2026-09-01T19:04:17.664Z,2026-09-01T21:14:55.846Z,7838,2026-09-01T21:14:55.846Z,B48,Tuscaloosa,0e5f68b5-5669-4bb1-91ce-4b967b620e7d,SAMMS-TuscaloosaV5
202609012114520640,202609011903673872,202609011903672005,85,3764,Bronze INV,br_ReAssessmentOccupational,TASK_COMPLETE,SUCCESS,INFO,2,2,0,,2026-09-01T19:04:17.664Z,2026-09-01T21:14:55.846Z,7838,2026-09-01T21:14:55.846Z,B51,N. Little Rock (OTP),0e5f68b5-5669-4bb1-91ce-4b967b620e7d,SAMMS-NorthLittleRockV6
202609012114520641,202609011903673873,202609011903672005,85,3765,Bronze INV,br_ReAssessmentOccupational,TASK_COMPLETE,SUCCESS,INFO,455,455,0,,2026-09-01T19:04:17.664Z,2026-09-01T21:14:55.846Z,7838,2026-09-01T21:14:55.846Z,B52,Jackson GA,0e5f68b5-5669-4bb1-91ce-4b967b620e7d,SAMMS-JacksonGAV5
202609012114520643,202609011903673874,202609011903672005,85,3766,Bronze INV,br_ReAssessmentOccupational,TASK_COMPLETE,SUCCESS,INFO,1701,1701,0,,2026-09-01T19:04:17.664Z,2026-09-01T21:14:55.846Z,7838,2026-09-01T21:14:55.846Z,B54,Gadsden,0e5f68b5-5669-4bb1-91ce-4b967b620e7d,SAMMS-GadsdenV5
202609012114520644,202609011903673875,202609011903672005,85,3767,Bronze INV,br_ReAssessmentOccupational,TASK_COMPLETE,SUCCESS,INFO,947,947,0,,2026-09-01T19:04:17.664Z,2026-09-01T21:14:55.846Z,7838,2026-09-01T21:14:55.846Z,B55,Shoals,0e5f68b5-5669-4bb1-91ce-4b967b620e7d,SAMMS-ShoalsV5
202609012114520645,202609011903673876,202609011903672005,85,3768,Bronze INV,br_ReAssessmentOccupational,TASK_COMPLETE,SUCCESS,INFO,294,294,0,,2026-09-01T19:04:17.664Z,2026-09-01T21:14:55.846Z,7838,2026-09-01T21:14:55.846Z,B57,Pawtucket,0e5f68b5-5669-4bb1-91ce-4b967b620e7d,SAMMS-Pawtucket
202609012114520646,202609011903673877,202609011903672005,85,3769,Bronze INV,br_ReAssessmentOccupational,TASK_COMPLETE,SUCCESS,INFO,555,555,0,,2026-09-01T19:04:17.664Z,2026-09-01T21:14:55.846Z,7838,2026-09-01T21:14:55.846Z,B57A,Johnston,0e5f68b5-5669-4bb1-91ce-4b967b620e7d,SAMMS-Johnston
202609012114520647,202609011903673878,202609011903672005,85,3770,Bronze INV,br_ReAssessmentOccupational,TASK_COMPLETE,SUCCESS,INFO,165,165,0,,2026-09-01T19:04:17.664Z,2026-09-01T21:14:55.846Z,7838,2026-09-01T21:14:55.846Z,B57B,Middletown,0e5f68b5-5669-4bb1-91ce-4b967b620e7d,SAMMS-Middletown
202609012114520648,202609011903673879,202609011903672005,85,3771,Bronze INV,br_ReAssessmentOccupational,TASK_COMPLETE,SUCCESS,INFO,412,412,0,,2026-09-01T19:04:17.664Z,2026-09-01T21:14:55.846Z,7838,2026-09-01T21:14:55.846Z,B57C,Providence,0e5f68b5-5669-4bb1-91ce-4b967b620e7d,SAMMS-Providence
202609012114520649,202609011903673880,202609011903672005,85,3772,Bronze INV,br_ReAssessmentOccupational,TASK_COMPLETE,SUCCESS,INFO,623,623,0,,2026-09-01T19:04:17.664Z,2026-09-01T21:14:55.846Z,7838,2026-09-01T21:14:55.846Z,B57D,Westerly,0e5f68b5-5669-4bb1-91ce-4b967b620e7d,SAMMS-Westerly
202609012114520651,202609011903673881,202609011903672005,85,3776,Bronze INV,br_ReAssessmentOccupational,TASK_COMPLETE,SUCCESS,INFO,4,4,0,,2026-09-01T19:04:17.664Z,2026-09-01T21:14:55.846Z,7838,2026-09-01T21:14:55.846Z,B66A,Bremen,0e5f68b5-5669-4bb1-91ce-4b967b620e7d,SAMMS-Bremen
202609012114520652,202609011903673882,202609011903672005,85,3779,Bronze INV,br_ReAssessmentOccupational,TASK_COMPLETE,SUCCESS,INFO,0,0,0,,2026-09-01T19:04:17.664Z,2026-09-01T21:14:55.846Z,7838,2026-09-01T21:14:55.846Z,B72,Mobile (OBOT),0e5f68b5-5669-4bb1-91ce-4b967b620e7d,SAMMS-Mobile-OBOT
202609012114520653,202609011903673883,202609011903672005,85,3780,Bronze INV,br_ReAssessmentOccupational,TASK_COMPLETE,SUCCESS,INFO,0,0,0,,2026-09-01T19:04:17.664Z,2026-09-01T21:14:55.846Z,7838,2026-09-01T21:14:55.846Z,B73,Montgomery,0e5f68b5-5669-4bb1-91ce-4b967b620e7d,SAMMS-Montgomery
202609012114520654,202609011903673884,202609011903672005,85,3781,Bronze INV,br_ReAssessmentOccupational,TASK_COMPLETE,SUCCESS,INFO,515,515,0,,2026-09-01T19:04:17.664Z,2026-09-01T21:14:55.846Z,7838,2026-09-01T21:14:55.846Z,B75,Lawrence,0e5f68b5-5669-4bb1-91ce-4b967b620e7d,SAMMS-LawrenceV6
202609012114520655,202609011903673885,202609011903672005,85,3782,Bronze INV,br_ReAssessmentOccupational,TASK_COMPLETE,SUCCESS,INFO,0,0,0,,2026-09-01T19:04:17.664Z,2026-09-01T21:14:55.846Z,7838,2026-09-01T21:14:55.846Z,B76,Huntsville OBOT,0e5f68b5-5669-4bb1-91ce-4b967b620e7d,SAMMS-Huntsville-OBOT
202609012114520656,202609011903673886,202609011903672005,85,3783,Bronze INV,br_ReAssessmentOccupational,TASK_COMPLETE,SUCCESS,INFO,0,0,0,,2026-09-01T19:04:17.664Z,2026-09-01T21:14:55.846Z,7838,2026-09-01T21:14:55.846Z,BAT,Batesville,0e5f68b5-5669-4bb1-91ce-4b967b620e7d,SAMMS-Batesville
202609012114520657,202609011903673887,202609011903672005,85,3784,Bronze INV,br_ReAssessmentOccupational,TASK_COMPLETE,SUCCESS,INFO,460,460,0,,2026-09-01T19:04:17.664Z,2026-09-01T21:14:55.846Z,7838,2026-09-01T21:14:55.846Z,BG,Bowling Green,0e5f68b5-5669-4bb1-91ce-4b967b620e7d,SAMMS-BowlingGreen
202609012114520659,202609011903673888,202609011903672005,85,3785,Bronze INV,br_ReAssessmentOccupational,TASK_COMPLETE,SUCCESS,INFO,180,180,0,,2026-09-01T19:04:17.664Z,2026-09-01T21:14:55.846Z,7838,2026-09-01T21:14:55.846Z,BOI,Boise,0e5f68b5-5669-4bb1-91ce-4b967b620e7d,SAMMS-Boise
202609012114520660,202609011903673889,202609011903672005,85,3792,Bronze INV,br_ReAssessmentOccupational,TASK_COMPLETE,SUCCESS,INFO,51,51,0,,2026-09-01T19:04:17.664Z,2026-09-01T21:14:55.846Z,7838,2026-09-01T21:14:55.846Z,CBCO,Coeur dAlene,0e5f68b5-5669-4bb1-91ce-4b967b620e7d,SAMMS-CoeurdAleneV6
202609012114520661,202609011903673890,202609011903672005,85,3811,Bronze INV,br_ReAssessmentOccupational,TASK_COMPLETE,SUCCESS,INFO,0,0,0,,2026-09-01T19:04:17.664Z,2026-09-01T21:14:55.846Z,7838,2026-09-01T21:14:55.846Z,CON,Conway,0e5f68b5-5669-4bb1-91ce-4b967b620e7d,SAMMS-Conway
202609012114520662,202609011903673891,202609011903672005,85,3812,Bronze INV,br_ReAssessmentOccupational,TASK_COMPLETE,SUCCESS,INFO,2573,2573,0,,2026-09-01T19:04:17.664Z,2026-09-01T21:14:55.846Z,7838,2026-09-01T21:14:55.846Z,D07,Medical Services Knox TN,0e5f68b5-5669-4bb1-91ce-4b967b620e7d,SAMMS-KnoxvilleV6
202609012114520663,202609011903673892,202609011903672005,85,3813,Bronze INV,br_ReAssessmentOccupational,TASK_COMPLETE,SUCCESS,INFO,111,111,0,,2026-09-01T19:04:17.664Z,2026-09-01T21:14:55.846Z,7838,2026-09-01T21:14:55.846Z,D08,Madison,0e5f68b5-5669-4bb1-91ce-4b967b620e7d,SAMMS-MadisonV6
202609012114520664,202609011903673893,202609011903672005,85,3815,Bronze INV,br_ReAssessmentOccupational,TASK_COMPLETE,SUCCESS,INFO,120,120,0,,2026-09-01T19:04:17.664Z,2026-09-01T21:14:55.846Z,7838,2026-09-01T21:14:55.846Z,D09,Murfreesboro,0e5f68b5-5669-4bb1-91ce-4b967b620e7d,SAMMS-MurfreesboroV6
202609012114520666,202609011903673894,202609011903672005,85,3816,Bronze INV,br_ReAssessmentOccupational,TASK_COMPLETE,SUCCESS,INFO,336,336,0,,2026-09-01T19:04:17.664Z,2026-09-01T21:14:55.846Z,7838,2026-09-01T21:14:55.846Z,DA,Davenport,0e5f68b5-5669-4bb1-91ce-4b967b620e7d,SAMMS-Davenport
202609012114520667,202609011903673895,202609011903672005,85,3817,Bronze INV,br_ReAssessmentOccupational,TASK_COMPLETE,SUCCESS,INFO,287,287,0,,2026-09-01T19:04:17.664Z,2026-09-01T21:14:55.846Z,7838,2026-09-01T21:14:55.846Z,DM,Des Moines,0e5f68b5-5669-4bb1-91ce-4b967b620e7d,SAMMS-DesMoines
202609012114520668,202609011903673896,202609011903672005,85,3819,Bronze INV,br_ReAssessmentOccupational,TASK_COMPLETE,SUCCESS,INFO,530,530,0,,2026-09-01T19:04:17.664Z,2026-09-01T21:14:55.846Z,7838,2026-09-01T21:14:55.846Z,DRD-CO,Columbia MO,0e5f68b5-5669-4bb1-91ce-4b967b620e7d,SAMMS-ColumbiaV5
202609012114520669,202609011903673897,202609011903672005,85,3820,Bronze INV,br_ReAssessmentOccupational,TASK_COMPLETE,SUCCESS,INFO,347,347,0,,2026-09-01T19:04:17.664Z,2026-09-01T21:14:55.846Z,7838,2026-09-01T21:14:55.846Z,DRD-KC,KC,0e5f68b5-5669-4bb1-91ce-4b967b620e7d,SAMMS-KCv5
202608292054381034,202608291904436213,202608291904434406,85,3128,Bronze INV,br_ReAssessment,TASK_COMPLETE,SUCCESS,INFO,0,0,0,,2026-08-29T19:04:49.126Z,2026-08-29T20:54:41.421Z,6592,2026-08-29T20:54:41.421Z,SHP,Shreveport,dd7385f2-fbd4-41a4-afcd-7296aca5e198,SAMMS-Shreveport
202608292054381035,202608291904436214,202608291904434406,85,3130,Bronze INV,br_ReAssessment,TASK_COMPLETE,SUCCESS,INFO,0,0,0,,2026-08-29T19:04:49.126Z,2026-08-29T20:54:41.421Z,6592,2026-08-29T20:54:41.421Z,STN,Staunton,dd7385f2-fbd4-41a4-afcd-7296aca5e198,SAMMS-Staunton
202608292054381039,202608291904436215,202608291904434406,85,3131,Bronze INV,br_ReAssessment,TASK_COMPLETE,SUCCESS,INFO,0,0,0,,2026-08-29T19:04:49.126Z,2026-08-29T20:54:41.421Z,6592,2026-08-29T20:54:41.421Z,STVN,Stevenson,dd7385f2-fbd4-41a4-afcd-7296aca5e198,SAMMS-Stevenson
202608292054381040,202608291904436216,202608291904434406,85,3133,Bronze INV,br_ReAssessment,TASK_COMPLETE,SUCCESS,INFO,0,0,0,,2026-08-29T19:04:49.126Z,2026-08-29T20:54:41.421Z,6592,2026-08-29T20:54:41.421Z,TE,Tempe,dd7385f2-fbd4-41a4-afcd-7296aca5e198,SAMMS-Tempe
202608292054381041,202608291904436217,202608291904434406,85,3134,Bronze INV,br_ReAssessment,TASK_COMPLETE,SUCCESS,INFO,0,0,0,,2026-08-29T19:04:49.126Z,2026-08-29T20:54:41.421Z,6592,2026-08-29T20:54:41.421Z,TEX,Texarkana,dd7385f2-fbd4-41a4-afcd-7296aca5e198,SAMMS-Texarkana
202608292054381042,202608291904436218,202608291904434406,85,3135,Bronze INV,br_ReAssessment,TASK_COMPLETE,SUCCESS,INFO,1,1,0,,2026-08-29T19:04:49.126Z,2026-08-29T20:54:41.421Z,6592,2026-08-29T20:54:41.421Z,TTCA,Bessemer,dd7385f2-fbd4-41a4-afcd-7296aca5e198,SAMMS-BessemerV5
202608292054381043,202608291904436219,202608291904434406,85,3136,Bronze INV,br_ReAssessment,TASK_COMPLETE,SUCCESS,INFO,0,0,0,,2026-08-29T19:04:49.126Z,2026-08-29T20:54:41.421Z,6592,2026-08-29T20:54:41.421Z,TTCB,Cullman,dd7385f2-fbd4-41a4-afcd-7296aca5e198,SAMMS-CullmanV5
202608292054381044,202608291904436220,202608291904434406,85,3137,Bronze INV,br_ReAssessment,TASK_COMPLETE,SUCCESS,INFO,0,0,0,,2026-08-29T19:04:49.126Z,2026-08-29T20:54:41.421Z,6592,2026-08-29T20:54:41.421Z,TTCC,Grand Bay,dd7385f2-fbd4-41a4-afcd-7296aca5e198,SAMMS-GrandBay
202608292054381046,202608291904436221,202608291904434406,85,3138,Bronze INV,br_ReAssessment,TASK_COMPLETE,SUCCESS,INFO,0,0,0,,2026-08-29T19:04:49.126Z,2026-08-29T20:54:41.421Z,6592,2026-08-29T20:54:41.421Z,TU,Tucson,dd7385f2-fbd4-41a4-afcd-7296aca5e198,SAMMS-Tucson
202608292054381047,202608291904436222,202608291904434406,85,3140,Bronze INV,br_ReAssessment,TASK_COMPLETE,SUCCESS,INFO,0,0,0,,2026-08-29T19:04:49.126Z,2026-08-29T20:54:41.421Z,6592,2026-08-29T20:54:41.421Z,V1,Memphis South,dd7385f2-fbd4-41a4-afcd-7296aca5e198,SAMMS-VCPHCS-I-MemphisV5
202608292054381048,202608291904436223,202608291904434406,85,3141,Bronze INV,br_ReAssessment,TASK_COMPLETE,SUCCESS,INFO,0,0,0,,2026-08-29T19:04:49.126Z,2026-08-29T20:54:41.421Z,6592,2026-08-29T20:54:41.421Z,V10,Longmont,dd7385f2-fbd4-41a4-afcd-7296aca5e198,SAMMS-BoulderV5
202608292054381049,202608291904436224,202608291904434406,85,3142,Bronze INV,br_ReAssessment,TASK_COMPLETE,SUCCESS,INFO,113,113,0,,2026-08-29T19:04:49.126Z,2026-08-29T20:54:41.421Z,6592,2026-08-29T20:54:41.421Z,V10A,Fort Collins,dd7385f2-fbd4-41a4-afcd-7296aca5e198,SAMMS-FortCollinsV5
202608292054381050,202608291904436225,202608291904434406,85,3143,Bronze INV,br_ReAssessment,TASK_COMPLETE,SUCCESS,INFO,0,0,0,,2026-08-29T19:04:49.126Z,2026-08-29T20:54:41.421Z,6592,2026-08-29T20:54:41.421Z,V11,Westminster,dd7385f2-fbd4-41a4-afcd-7296aca5e198,SAMMS-VCPHCS-XI-NorthDenverV5
202608292054381051,202608291904436226,202608291904434406,85,3144,Bronze INV,br_ReAssessment,TASK_COMPLETE,SUCCESS,INFO,80,80,0,,2026-08-29T19:04:49.126Z,2026-08-29T20:54:41.421Z,6592,2026-08-29T20:54:41.421Z,V12,Downtown Denver,dd7385f2-fbd4-41a4-afcd-7296aca5e198,SAMMS-VCPHCS-XII-DowntownDenverV5
202608292054381052,202608291904436227,202608291904434406,85,3145,Bronze INV,br_ReAssessment,TASK_COMPLETE,SUCCESS,INFO,0,0,0,,2026-08-29T19:04:49.126Z,2026-08-29T20:54:41.421Z,6592,2026-08-29T20:54:41.421Z,V12A,Centennial,dd7385f2-fbd4-41a4-afcd-7296aca5e198,SAMMS-CentennialV5
202608292054381053,202608291904436228,202608291904434406,85,3146,Bronze INV,br_ReAssessment,TASK_COMPLETE,SUCCESS,INFO,0,0,0,,2026-08-29T19:04:49.126Z,2026-08-29T20:54:41.421Z,6592,2026-08-29T20:54:41.421Z,V14,Overland Park,dd7385f2-fbd4-41a4-afcd-7296aca5e198,SAMMS-VCPHCS-XIV-BridgewayV5
202608292054381054,202608291904436229,202608291904434406,85,3147,Bronze INV,br_ReAssessment,TASK_COMPLETE,SUCCESS,INFO,0,0,0,,2026-08-29T19:04:49.126Z,2026-08-29T20:54:41.421Z,6592,2026-08-29T20:54:41.421Z,V15,Joplin,dd7385f2-fbd4-41a4-afcd-7296aca5e198,SAMMS-JoplinV5
202608292054381055,202608291904436230,202608291904434406,85,3149,Bronze INV,br_ReAssessment,TASK_COMPLETE,SUCCESS,INFO,0,0,0,,2026-08-29T19:04:49.126Z,2026-08-29T20:54:41.421Z,6592,2026-08-29T20:54:41.421Z,V17,Columbia TN,dd7385f2-fbd4-41a4-afcd-7296aca5e198,SAMMS-ColumbiaTNv5
202608292054381056,202608291904436231,202608291904434406,85,3151,Bronze INV,br_ReAssessment,TASK_COMPLETE,SUCCESS,INFO,0,0,0,,2026-08-29T19:04:49.126Z,2026-08-29T20:54:41.421Z,6592,2026-08-29T20:54:41.421Z,V19,Jackson,dd7385f2-fbd4-41a4-afcd-7296aca5e198,SAMMS-JacksonV5
202608292054381058,202608291904436232,202608291904434406,85,3153,Bronze INV,br_ReAssessment,TASK_COMPLETE,SUCCESS,INFO,0,0,0,,2026-08-29T19:04:49.126Z,2026-08-29T20:54:41.421Z,6592,2026-08-29T20:54:41.421Z,V20,Paris,dd7385f2-fbd4-41a4-afcd-7296aca5e198,SAMMS-ParisV5
202608292054381059,202608291904436233,202608291904434406,85,3154,Bronze INV,br_ReAssessment,TASK_COMPLETE,SUCCESS,INFO,0,0,0,,2026-08-29T19:04:49.126Z,2026-08-29T20:54:41.421Z,6592,2026-08-29T20:54:41.421Z,V21,Memphis North,dd7385f2-fbd4-41a4-afcd-7296aca5e198,SAMMS-RaleighV5
202608292054381060,202608291904436234,202608291904434406,85,3157,Bronze INV,br_ReAssessment,TASK_COMPLETE,SUCCESS,INFO,0,0,0,,2026-08-29T19:04:49.126Z,2026-08-29T20:54:41.421Z,6592,2026-08-29T20:54:41.421Z,V5,West Bank,dd7385f2-fbd4-41a4-afcd-7296aca5e198,SAMMS-NONTCv5
202608292054381061,202608291904436235,202608291904434406,85,3159,Bronze INV,br_ReAssessment,TASK_COMPLETE,SUCCESS,INFO,0,0,0,,2026-08-29T19:04:49.126Z,2026-08-29T20:54:41.421Z,6592,2026-08-29T20:54:41.421Z,V5B,Houma,dd7385f2-fbd4-41a4-afcd-7296aca5e198,SAMMS-HoumaV6
202608292054381062,202608291904436236,202608291904434406,85,3160,Bronze INV,br_ReAssessment,TASK_COMPLETE,SUCCESS,INFO,0,0,0,,2026-08-29T19:04:49.126Z,2026-08-29T20:54:41.421Z,6592,2026-08-29T20:54:41.421Z,V6,Lake Charles,dd7385f2-fbd4-41a4-afcd-7296aca5e198,SAMMS-LCv5
202608292054381063,202608291904436237,202608291904434406,85,3162,Bronze INV,br_ReAssessment,TASK_COMPLETE,SUCCESS,INFO,0,0,0,,2026-08-29T19:04:49.126Z,2026-08-29T20:54:41.421Z,6592,2026-08-29T20:54:41.421Z,V8,Memphis Midtown,dd7385f2-fbd4-41a4-afcd-7296aca5e198,SAMMS-VCPHCS-VIII-MemphisV5
202608292054381064,202608291904436238,202608291904434406,85,3163,Bronze INV,br_ReAssessment,TASK_COMPLETE,SUCCESS,INFO,0,0,0,,2026-08-29T19:04:49.126Z,2026-08-29T20:54:41.421Z,6592,2026-08-29T20:54:41.421Z,V9,Nashville,dd7385f2-fbd4-41a4-afcd-7296aca5e198,SAMMS-NashvilleV5
202608292054381065,202608291904436239,202608291904434406,85,3164,Bronze INV,br_ReAssessment,TASK_COMPLETE,SUCCESS,INFO,0,0,0,,2026-08-29T19:04:49.126Z,2026-08-29T20:54:41.421Z,6592,2026-08-29T20:54:41.421Z,VBRA,Brainerd,dd7385f2-fbd4-41a4-afcd-7296aca5e198,SAMMS-BrainerdV6
202608292054381066,202608291904436240,202608291904434406,85,3165,Bronze INV,br_ReAssessment,TASK_COMPLETE,SUCCESS,INFO,0,0,0,,2026-08-29T19:04:49.126Z,2026-08-29T20:54:41.421Z,6592,2026-08-29T20:54:41.421Z,VBRP,Brooklyn Park,dd7385f2-fbd4-41a4-afcd-7296aca5e198,SAMMS-BrooklynParkV6
202608292054381067,202608291904436241,202608291904434406,85,3167,Bronze INV,br_ReAssessment,TASK_COMPLETE,SUCCESS,INFO,0,0,0,,2026-08-29T19:04:49.126Z,2026-08-29T20:54:41.421Z,6592,2026-08-29T20:54:41.421Z,VMIN,Minneapolis,dd7385f2-fbd4-41a4-afcd-7296aca5e198,SAMMS-MinneapolisV6
202608292054381068,202608291904436242,202608291904434406,85,3168,Bronze INV,br_ReAssessment,TASK_COMPLETE,SUCCESS,INFO,0,0,0,,2026-08-29T19:04:49.126Z,2026-08-29T20:54:41.421Z,6592,2026-08-29T20:54:41.421Z,VWBY,Woodbury,dd7385f2-fbd4-41a4-afcd-7296aca5e198,SAMMS-WoodburyV6
202608292054381069,202608291904436243,202608291904434406,85,3170,Bronze INV,br_ReAssessment,TASK_COMPLETE,SUCCESS,INFO,0,0,0,,2026-08-29T19:04:49.126Z,2026-08-29T20:54:41.421Z,6592,2026-08-29T20:54:41.421Z,WIL,Wilson,dd7385f2-fbd4-41a4-afcd-7296aca5e198,SAMMS-Wilson
202608292054381071,202608291904436244,202608291904434406,85,3726,Bronze INV,br_ReAssessmentOccupational,TASK_COMPLETE,SUCCESS,INFO,35,35,0,,2026-08-29T19:04:49.126Z,2026-08-29T20:54:41.421Z,6592,2026-08-29T20:54:41.421Z,AHK,Ahoskie,dd7385f2-fbd4-41a4-afcd-7296aca5e198,SAMMS-Ahoskie
202608292054381072,202608291904436245,202608291904434406,85,3727,Bronze INV,br_ReAssessmentOccupational,TASK_COMPLETE,SUCCESS,INFO,663,663,0,,2026-08-29T19:04:49.126Z,2026-08-29T20:54:41.421Z,6592,2026-08-29T20:54:41.421Z,B12B,Colorado Springs,dd7385f2-fbd4-41a4-afcd-7296aca5e198,SAMMS-ColoradoSpringsV5
202608292054381073,202608291904436246,202608291904434406,85,3728,Bronze INV,br_ReAssessmentOccupational,TASK_COMPLETE,SUCCESS,INFO,829,829,0,,2026-08-29T19:04:49.126Z,2026-08-29T20:54:41.421Z,6592,2026-08-29T20:54:41.421Z,B24,Paintsville,dd7385f2-fbd4-41a4-afcd-7296aca5e198,SAMMS-PaintsvilleV5
202608292054381074,202608291904436247,202608291904434406,85,3729,Bronze INV,br_ReAssessmentOccupational,TASK_COMPLETE,SUCCESS,INFO,646,646,0,,2026-08-29T19:04:49.126Z,2026-08-29T20:54:41.421Z,6592,2026-08-29T20:54:41.421Z,B25,Pikeville,dd7385f2-fbd4-41a4-afcd-7296aca5e198,SAMMS-PikevilleV5
202608292054381075,202608291904436248,202608291904434406,85,3730,Bronze INV,br_ReAssessmentOccupational,TASK_COMPLETE,SUCCESS,INFO,970,970,0,,2026-08-29T19:04:49.126Z,2026-08-29T20:54:41.421Z,6592,2026-08-29T20:54:41.421Z,B26,Hazard,dd7385f2-fbd4-41a4-afcd-7296aca5e198,SAMMS-HazardV5
202608292054381076,202608291904436249,202608291904434406,85,3731,Bronze INV,br_ReAssessmentOccupational,TASK_COMPLETE,SUCCESS,INFO,531,531,0,,2026-08-29T19:04:49.126Z,2026-08-29T20:54:41.421Z,6592,2026-08-29T20:54:41.421Z,B27,Savannah,dd7385f2-fbd4-41a4-afcd-7296aca5e198,SAMMS-SavannahV6
202608292054381077,202608291904436250,202608291904434406,85,3732,Bronze INV,br_ReAssessmentOccupational,TASK_COMPLETE,SUCCESS,INFO,245,245,0,,2026-08-29T19:04:49.126Z,2026-08-29T20:54:41.421Z,6592,2026-08-29T20:54:41.421Z,B28,West Plains,dd7385f2-fbd4-41a4-afcd-7296aca5e198,SAMMS-WestPlainesV5
202608292054381078,202608291904436251,202608291904434406,85,3733,Bronze INV,br_ReAssessmentOccupational,TASK_COMPLETE,SUCCESS,INFO,461,461,0,,2026-08-29T19:04:49.126Z,2026-08-29T20:54:41.421Z,6592,2026-08-29T20:54:41.421Z,B29,Poplar Bluff,dd7385f2-fbd4-41a4-afcd-7296aca5e198,SAMMS-PoplarBluffV5
202608292054381080,202608291904436252,202608291904434406,85,3734,Bronze INV,br_ReAssessmentOccupational,TASK_COMPLETE,SUCCESS,INFO,78,78,0,,2026-08-29T19:04:49.126Z,2026-08-29T20:54:41.421Z,6592,2026-08-29T20:54:41.421Z,B30,KC North,dd7385f2-fbd4-41a4-afcd-7296aca5e198,SAMMS-KCNv5
202608292054381081,202608291904436253,202608291904434406,85,3735,Bronze INV,br_ReAssessmentOccupational,TASK_COMPLETE,SUCCESS,INFO,400,400,0,,2026-08-29T19:04:49.126Z,2026-08-29T20:54:41.421Z,6592,2026-08-29T20:54:41.421Z,B31,Dyersburg,dd7385f2-fbd4-41a4-afcd-7296aca5e198,SAMMS-DyersburgV5
202608292054381082,202608291904436254,202608291904434406,85,3737,Bronze INV,br_ReAssessmentOccupational,TASK_COMPLETE,SUCCESS,INFO,487,487,0,,2026-08-29T19:04:49.126Z,2026-08-29T20:54:41.421Z,6592,2026-08-29T20:54:41.421Z,B33,Paducah,dd7385f2-fbd4-41a4-afcd-7296aca5e198,SAMMS-Paducah
202608292054381083,202608291904436255,202608291904434406,85,3738,Bronze INV,br_ReAssessmentOccupational,TASK_COMPLETE,SUCCESS,INFO,385,385,0,,2026-08-29T19:04:49.126Z,2026-08-29T20:54:41.421Z,6592,2026-08-29T20:54:41.421Z,B34,Corbin,dd7385f2-fbd4-41a4-afcd-7296aca5e198,SAMMS-CorbinV5
202608292054381084,202608291904436256,202608291904434406,85,3739,Bronze INV,br_ReAssessmentOccupational,TASK_COMPLETE,SUCCESS,INFO,239,239,0,,2026-08-29T19:04:49.126Z,2026-08-29T20:54:41.421Z,6592,2026-08-29T20:54:41.421Z,B35,Lexington,dd7385f2-fbd4-41a4-afcd-7296aca5e198,SAMMS-LexingtonV5
202608292054381085,202608291904436257,202608291904434406,85,3740,Bronze INV,br_ReAssessmentOccupational,TASK_COMPLETE,SUCCESS,INFO,77,77,0,,2026-08-29T19:04:49.126Z,2026-08-29T20:54:41.421Z,6592,2026-08-29T20:54:41.421Z,B35A,Berea,dd7385f2-fbd4-41a4-afcd-7296aca5e198,SAMMS-BereaV5
202608292054381086,202608291904436258,202608291904434406,85,3741,Bronze INV,br_ReAssessmentOccupational,TASK_COMPLETE,SUCCESS,INFO,21,21,0,,2026-08-29T19:04:49.126Z,2026-08-29T20:54:41.421Z,6592,2026-08-29T20:54:41.421Z,B36,Asheville,dd7385f2-fbd4-41a4-afcd-7296aca5e198,SAMMS-AshevilleV5
202608292054381087,202608291904436259,202608291904434406,85,3742,Bronze INV,br_ReAssessmentOccupational,TASK_COMPLETE,SUCCESS,INFO,1,1,0,,2026-08-29T19:04:49.126Z,2026-08-29T20:54:41.421Z,6592,2026-08-29T20:54:41.421Z,B37,Clyde,dd7385f2-fbd4-41a4-afcd-7296aca5e198,SAMMS-ClydeV5
202608292054381088,202608291904436260,202608291904434406,85,3743,Bronze INV,br_ReAssessmentOccupational,TASK_COMPLETE,SUCCESS,INFO,1187,1187,0,,2026-08-29T19:04:49.126Z,2026-08-29T20:54:41.421Z,6592,2026-08-29T20:54:41.421Z,B38,Spartanburg,dd7385f2-fbd4-41a4-afcd-7296aca5e198,SAMMS-SpartanburgV5
202608292054381089,202608291904436261,202608291904434406,85,3744,Bronze INV,br_ReAssessmentOccupational,TASK_COMPLETE,SUCCESS,INFO,362,362,0,,2026-08-29T19:04:49.126Z,2026-08-29T20:54:41.421Z,6592,2026-08-29T20:54:41.421Z,B39,Aiken,dd7385f2-fbd4-41a4-afcd-7296aca5e198,SAMMS-AikenV5
202608292054381090,202608291904436262,202608291904434406,85,3745,Bronze INV,br_ReAssessmentOccupational,TASK_COMPLETE,SUCCESS,INFO,1887,1887,0,,2026-08-29T19:04:49.126Z,2026-08-29T20:54:41.421Z,6592,2026-08-29T20:54:41.421Z,B41,Chesapeake,dd7385f2-fbd4-41a4-afcd-7296aca5e198,SAMMS-ChesapeakeV5
202608292054381091,202608291904436263,202608291904434406,85,3746,Bronze INV,br_ReAssessmentOccupational,TASK_COMPLETE,SUCCESS,INFO,1914,1914,0,,2026-08-29T19:04:49.126Z,2026-08-29T20:54:41.421Z,6592,2026-08-29T20:54:41.421Z,B42,Virginia Beach,dd7385f2-fbd4-41a4-afcd-7296aca5e198,SAMMS-VirginiaBeachV5
202608292054381093,202608291904436264,202608291904434406,85,3747,Bronze INV,br_ReAssessmentOccupational,TASK_COMPLETE,SUCCESS,INFO,924,924,0,,2026-08-29T19:04:49.126Z,2026-08-29T20:54:41.421Z,6592,2026-08-29T20:54:41.421Z,B42A,Newport News,dd7385f2-fbd4-41a4-afcd-7296aca5e198,SAMMS-NewportNewsV5
202608292054381094,202608291904436265,202608291904434406,85,3748,Bronze INV,br_ReAssessmentOccupational,TASK_COMPLETE,SUCCESS,INFO,507,507,0,,2026-08-29T19:04:49.126Z,2026-08-29T20:54:41.421Z,6592,2026-08-29T20:54:41.421Z,B42B,Franklin,dd7385f2-fbd4-41a4-afcd-7296aca5e198,SAMMS-FranklinV5
202608292054381095,202608291904436266,202608291904434406,85,3749,Bronze INV,br_ReAssessmentOccupational,TASK_COMPLETE,SUCCESS,INFO,343,343,0,,2026-08-29T19:04:49.126Z,2026-08-29T20:54:41.421Z,6592,2026-08-29T20:54:41.421Z,B42C,Glen Allen,dd7385f2-fbd4-41a4-afcd-7296aca5e198,SAMMS-GlenAllenV5
202608292054381096,202608291904436267,202608291904434406,85,3750,Bronze INV,br_ReAssessmentOccupational,TASK_COMPLETE,SUCCESS,INFO,1481,1481,0,,2026-08-29T19:04:49.126Z,2026-08-29T20:54:41.421Z,6592,2026-08-29T20:54:41.421Z,B42D,Chesapeake South,dd7385f2-fbd4-41a4-afcd-7296aca5e198,SAMMS-ChesapeakeSouthV5
202608292054381097,202608291904436268,202608291904434406,85,3751,Bronze INV,br_ReAssessmentOccupational,TASK_COMPLETE,SUCCESS,INFO,631,631,0,,2026-08-29T19:04:49.126Z,2026-08-29T20:54:41.421Z,6592,2026-08-29T20:54:41.421Z,B44,Albany,dd7385f2-fbd4-41a4-afcd-7296aca5e198,SAMMS-AlbanyV5
202608292054381098,202608291904436269,202608291904434406,85,3752,Bronze INV,br_ReAssessmentOccupational,TASK_COMPLETE,SUCCESS,INFO,1268,1268,0,,2026-08-29T19:04:49.126Z,2026-08-29T20:54:41.421Z,6592,2026-08-29T20:54:41.421Z,B45,Tifton,dd7385f2-fbd4-41a4-afcd-7296aca5e198,SAMMS-TiftonV5
202608292054381099,202608291904436270,202608291904434406,85,3753,Bronze INV,br_ReAssessmentOccupational,TASK_COMPLETE,SUCCESS,INFO,590,590,0,,2026-08-29T19:04:49.126Z,2026-08-29T20:54:41.421Z,6592,2026-08-29T20:54:41.421Z,B46,Washington DC,dd7385f2-fbd4-41a4-afcd-7296aca5e198,SAMMS-WashingtonDCv5
202608292054381100,202608291904436271,202608291904434406,85,3754,Bronze INV,br_ReAssessmentOccupational,TASK_COMPLETE,SUCCESS,INFO,1564,1564,0,,2026-08-29T19:04:49.126Z,2026-08-29T20:54:41.421Z,6592,2026-08-29T20:54:41.421Z,B47,Mobile,dd7385f2-fbd4-41a4-afcd-7296aca5e198,SAMMS-MobileV5
202608292054381101,202608291904436272,202608291904434406,85,3755,Bronze INV,br_ReAssessmentOccupational,TASK_COMPLETE,SUCCESS,INFO,1296,1296,0,,2026-08-29T19:04:49.126Z,2026-08-29T20:54:41.421Z,6592,2026-08-29T20:54:41.421Z,B48,Tuscaloosa,dd7385f2-fbd4-41a4-afcd-7296aca5e198,SAMMS-TuscaloosaV5
202608292054381102,202608291904436273,202608291904434406,85,3764,Bronze INV,br_ReAssessmentOccupational,TASK_COMPLETE,SUCCESS,INFO,2,2,0,,2026-08-29T19:04:49.126Z,2026-08-29T20:54:41.421Z,6592,2026-08-29T20:54:41.421Z,B51,N. Little Rock (OTP),dd7385f2-fbd4-41a4-afcd-7296aca5e198,SAMMS-NorthLittleRockV6
202608292054381103,202608291904436274,202608291904434406,85,3765,Bronze INV,br_ReAssessmentOccupational,TASK_COMPLETE,SUCCESS,INFO,455,455,0,,2026-08-29T19:04:49.126Z,2026-08-29T20:54:41.421Z,6592,2026-08-29T20:54:41.421Z,B52,Jackson GA,dd7385f2-fbd4-41a4-afcd-7296aca5e198,SAMMS-JacksonGAV5
202608292054381104,202608291904436275,202608291904434406,85,3766,Bronze INV,br_ReAssessmentOccupational,TASK_COMPLETE,SUCCESS,INFO,1701,1701,0,,2026-08-29T19:04:49.126Z,2026-08-29T20:54:41.421Z,6592,2026-08-29T20:54:41.421Z,B54,Gadsden,dd7385f2-fbd4-41a4-afcd-7296aca5e198,SAMMS-GadsdenV5
202608292054381106,202608291904436276,202608291904434406,85,3767,Bronze INV,br_ReAssessmentOccupational,TASK_COMPLETE,SUCCESS,INFO,947,947,0,,2026-08-29T19:04:49.126Z,2026-08-29T20:54:41.421Z,6592,2026-08-29T20:54:41.421Z,B55,Shoals,dd7385f2-fbd4-41a4-afcd-7296aca5e198,SAMMS-ShoalsV5
202608292054381107,202608291904436277,202608291904434406,85,3768,Bronze INV,br_ReAssessmentOccupational,TASK_COMPLETE,SUCCESS,INFO,294,294,0,,2026-08-29T19:04:49.126Z,2026-08-29T20:54:41.421Z,6592,2026-08-29T20:54:41.421Z,B57,Pawtucket,dd7385f2-fbd4-41a4-afcd-7296aca5e198,SAMMS-Pawtucket
202608292054381108,202608291904436278,202608291904434406,85,3769,Bronze INV,br_ReAssessmentOccupational,TASK_COMPLETE,SUCCESS,INFO,555,555,0,,2026-08-29T19:04:49.126Z,2026-08-29T20:54:41.421Z,6592,2026-08-29T20:54:41.421Z,B57A,Johnston,dd7385f2-fbd4-41a4-afcd-7296aca5e198,SAMMS-Johnston
202608292054381109,202608291904436279,202608291904434406,85,3770,Bronze INV,br_ReAssessmentOccupational,TASK_COMPLETE,SUCCESS,INFO,165,165,0,,2026-08-29T19:04:49.126Z,2026-08-29T20:54:41.421Z,6592,2026-08-29T20:54:41.421Z,B57B,Middletown,dd7385f2-fbd4-41a4-afcd-7296aca5e198,SAMMS-Middletown
202608292054381110,202608291904436280,202608291904434406,85,3771,Bronze INV,br_ReAssessmentOccupational,TASK_COMPLETE,SUCCESS,INFO,412,412,0,,2026-08-29T19:04:49.126Z,2026-08-29T20:54:41.421Z,6592,2026-08-29T20:54:41.421Z,B57C,Providence,dd7385f2-fbd4-41a4-afcd-7296aca5e198,SAMMS-Providence
202608292054381111,202608291904436281,202608291904434406,85,3772,Bronze INV,br_ReAssessmentOccupational,TASK_COMPLETE,SUCCESS,INFO,623,623,0,,2026-08-29T19:04:49.126Z,2026-08-29T20:54:41.421Z,6592,2026-08-29T20:54:41.421Z,B57D,Westerly,dd7385f2-fbd4-41a4-afcd-7296aca5e198,SAMMS-Westerly
202608292054381112,202608291904436282,202608291904434406,85,3776,Bronze INV,br_ReAssessmentOccupational,TASK_COMPLETE,SUCCESS,INFO,4,4,0,,2026-08-29T19:04:49.126Z,2026-08-29T20:54:41.421Z,6592,2026-08-29T20:54:41.421Z,B66A,Bremen,dd7385f2-fbd4-41a4-afcd-7296aca5e198,SAMMS-Bremen
202608292054381113,202608291904436283,202608291904434406,85,3779,Bronze INV,br_ReAssessmentOccupational,TASK_COMPLETE,SUCCESS,INFO,0,0,0,,2026-08-29T19:04:49.126Z,2026-08-29T20:54:41.421Z,6592,2026-08-29T20:54:41.421Z,B72,Mobile (OBOT),dd7385f2-fbd4-41a4-afcd-7296aca5e198,SAMMS-Mobile-OBOT
202608292054381114,202608291904436284,202608291904434406,85,3780,Bronze INV,br_ReAssessmentOccupational,TASK_COMPLETE,SUCCESS,INFO,0,0,0,,2026-08-29T19:04:49.126Z,2026-08-29T20:54:41.421Z,6592,2026-08-29T20:54:41.421Z,B73,Montgomery,dd7385f2-fbd4-41a4-afcd-7296aca5e198,SAMMS-Montgomery
202608292054381115,202608291904436285,202608291904434406,85,3781,Bronze INV,br_ReAssessmentOccupational,TASK_COMPLETE,SUCCESS,INFO,515,515,0,,2026-08-29T19:04:49.126Z,2026-08-29T20:54:41.421Z,6592,2026-08-29T20:54:41.421Z,B75,Lawrence,dd7385f2-fbd4-41a4-afcd-7296aca5e198,SAMMS-LawrenceV6
202608292054381116,202608291904436286,202608291904434406,85,3782,Bronze INV,br_ReAssessmentOccupational,TASK_COMPLETE,SUCCESS,INFO,0,0,0,,2026-08-29T19:04:49.126Z,2026-08-29T20:54:41.421Z,6592,2026-08-29T20:54:41.421Z,B76,Huntsville OBOT,dd7385f2-fbd4-41a4-afcd-7296aca5e198,SAMMS-Huntsville-OBOT
202608292054381117,202608291904436287,202608291904434406,85,3783,Bronze INV,br_ReAssessmentOccupational,TASK_COMPLETE,SUCCESS,INFO,0,0,0,,2026-08-29T19:04:49.126Z,2026-08-29T20:54:41.421Z,6592,2026-08-29T20:54:41.421Z,BAT,Batesville,dd7385f2-fbd4-41a4-afcd-7296aca5e198,SAMMS-Batesville
202608292054381119,202608291904436288,202608291904434406,85,3784,Bronze INV,br_ReAssessmentOccupational,TASK_COMPLETE,SUCCESS,INFO,460,460,0,,2026-08-29T19:04:49.126Z,2026-08-29T20:54:41.421Z,6592,2026-08-29T20:54:41.421Z,BG,Bowling Green,dd7385f2-fbd4-41a4-afcd-7296aca5e198,SAMMS-BowlingGreen
202608292054381120,202608291904436289,202608291904434406,85,3785,Bronze INV,br_ReAssessmentOccupational,TASK_COMPLETE,SUCCESS,INFO,180,180,0,,2026-08-29T19:04:49.126Z,2026-08-29T20:54:41.421Z,6592,2026-08-29T20:54:41.421Z,BOI,Boise,dd7385f2-fbd4-41a4-afcd-7296aca5e198,SAMMS-Boise
202608292054381121,202608291904436290,202608291904434406,85,3792,Bronze INV,br_ReAssessmentOccupational,TASK_COMPLETE,SUCCESS,INFO,51,51,0,,2026-08-29T19:04:49.126Z,2026-08-29T20:54:41.421Z,6592,2026-08-29T20:54:41.421Z,CBCO,Coeur dAlene,dd7385f2-fbd4-41a4-afcd-7296aca5e198,SAMMS-CoeurdAleneV6
202608292054381122,202608291904436291,202608291904434406,85,3811,Bronze INV,br_ReAssessmentOccupational,TASK_COMPLETE,SUCCESS,INFO,0,0,0,,2026-08-29T19:04:49.126Z,2026-08-29T20:54:41.421Z,6592,2026-08-29T20:54:41.421Z,CON,Conway,dd7385f2-fbd4-41a4-afcd-7296aca5e198,SAMMS-Conway
202608292054381123,202608291904436292,202608291904434406,85,3812,Bronze INV,br_ReAssessmentOccupational,TASK_COMPLETE,SUCCESS,INFO,2573,2573,0,,2026-08-29T19:04:49.126Z,2026-08-29T20:54:41.421Z,6592,2026-08-29T20:54:41.421Z,D07,Medical Services Knox TN,dd7385f2-fbd4-41a4-afcd-7296aca5e198,SAMMS-KnoxvilleV6
202608292054381124,202608291904436293,202608291904434406,85,3813,Bronze INV,br_ReAssessmentOccupational,TASK_COMPLETE,SUCCESS,INFO,111,111,0,,2026-08-29T19:04:49.126Z,2026-08-29T20:54:41.421Z,6592,2026-08-29T20:54:41.421Z,D08,Madison,dd7385f2-fbd4-41a4-afcd-7296aca5e198,SAMMS-MadisonV6
202608292054381125,202608291904436294,202608291904434406,85,3815,Bronze INV,br_ReAssessmentOccupational,TASK_COMPLETE,SUCCESS,INFO,120,120,0,,2026-08-29T19:04:49.126Z,2026-08-29T20:54:41.421Z,6592,2026-08-29T20:54:41.421Z,D09,Murfreesboro,dd7385f2-fbd4-41a4-afcd-7296aca5e198,SAMMS-MurfreesboroV6
202608292054381127,202608291904436295,202608291904434406,85,3816,Bronze INV,br_ReAssessmentOccupational,TASK_COMPLETE,SUCCESS,INFO,336,336,0,,2026-08-29T19:04:49.126Z,2026-08-29T20:54:41.421Z,6592,2026-08-29T20:54:41.421Z,DA,Davenport,dd7385f2-fbd4-41a4-afcd-7296aca5e198,SAMMS-Davenport
202608292054381128,202608291904436296,202608291904434406,85,3817,Bronze INV,br_ReAssessmentOccupational,TASK_COMPLETE,SUCCESS,INFO,287,287,0,,2026-08-29T19:04:49.126Z,2026-08-29T20:54:41.421Z,6592,2026-08-29T20:54:41.421Z,DM,Des Moines,dd7385f2-fbd4-41a4-afcd-7296aca5e198,SAMMS-DesMoines
202608292054381129,202608291904436297,202608291904434406,85,3819,Bronze INV,br_ReAssessmentOccupational,TASK_COMPLETE,SUCCESS,INFO,530,530,0,,2026-08-29T19:04:49.126Z,2026-08-29T20:54:41.421Z,6592,2026-08-29T20:54:41.421Z,DRD-CO,Columbia MO,dd7385f2-fbd4-41a4-afcd-7296aca5e198,SAMMS-ColumbiaV5
202608292054381131,202608291904436298,202608291904434406,85,3820,Bronze INV,br_ReAssessmentOccupational,TASK_COMPLETE,SUCCESS,INFO,347,347,0,,2026-08-29T19:04:49.126Z,2026-08-29T20:54:41.421Z,6592,2026-08-29T20:54:41.421Z,DRD-KC,KC,dd7385f2-fbd4-41a4-afcd-7296aca5e198,SAMMS-KCv5
202609022122572397,202609021903207882,202609021903206075,85,3128,Bronze INV,br_ReAssessment,TASK_COMPLETE,SUCCESS,INFO,0,0,0,,2026-09-02T19:03:39.838Z,2026-09-02T21:23:00.812Z,8361,2026-09-02T21:23:00.812Z,SHP,Shreveport,c49685cc-3281-44bc-a1c2-3be5b1110999,SAMMS-Shreveport
202609022122572398,202609021903207883,202609021903206075,85,3130,Bronze INV,br_ReAssessment,TASK_COMPLETE,SUCCESS,INFO,0,0,0,,2026-09-02T19:03:39.838Z,2026-09-02T21:23:00.812Z,8361,2026-09-02T21:23:00.812Z,STN,Staunton,c49685cc-3281-44bc-a1c2-3be5b1110999,SAMMS-Staunton
202609022122572400,202609021903207884,202609021903206075,85,3131,Bronze INV,br_ReAssessment,TASK_COMPLETE,SUCCESS,INFO,0,0,0,,2026-09-02T19:03:39.838Z,2026-09-02T21:23:00.812Z,8361,2026-09-02T21:23:00.812Z,STVN,Stevenson,c49685cc-3281-44bc-a1c2-3be5b1110999,SAMMS-Stevenson
202609022122572401,202609021903207885,202609021903206075,85,3133,Bronze INV,br_ReAssessment,TASK_COMPLETE,SUCCESS,INFO,0,0,0,,2026-09-02T19:03:39.838Z,2026-09-02T21:23:00.812Z,8361,2026-09-02T21:23:00.812Z,TE,Tempe,c49685cc-3281-44bc-a1c2-3be5b1110999,SAMMS-Tempe
202609022122572402,202609021903207886,202609021903206075,85,3134,Bronze INV,br_ReAssessment,TASK_COMPLETE,SUCCESS,INFO,0,0,0,,2026-09-02T19:03:39.838Z,2026-09-02T21:23:00.812Z,8361,2026-09-02T21:23:00.812Z,TEX,Texarkana,c49685cc-3281-44bc-a1c2-3be5b1110999,SAMMS-Texarkana
202609022122572403,202609021903207887,202609021903206075,85,3135,Bronze INV,br_ReAssessment,TASK_COMPLETE,SUCCESS,INFO,1,1,0,,2026-09-02T19:03:39.838Z,2026-09-02T21:23:00.812Z,8361,2026-09-02T21:23:00.812Z,TTCA,Bessemer,c49685cc-3281-44bc-a1c2-3be5b1110999,SAMMS-BessemerV5
202609022122572404,202609021903207888,202609021903206075,85,3136,Bronze INV,br_ReAssessment,TASK_COMPLETE,SUCCESS,INFO,0,0,0,,2026-09-02T19:03:39.838Z,2026-09-02T21:23:00.812Z,8361,2026-09-02T21:23:00.812Z,TTCB,Cullman,c49685cc-3281-44bc-a1c2-3be5b1110999,SAMMS-CullmanV5
202609022122572405,202609021903207889,202609021903206075,85,3137,Bronze INV,br_ReAssessment,TASK_COMPLETE,SUCCESS,INFO,0,0,0,,2026-09-02T19:03:39.838Z,2026-09-02T21:23:00.812Z,8361,2026-09-02T21:23:00.812Z,TTCC,Grand Bay,c49685cc-3281-44bc-a1c2-3be5b1110999,SAMMS-GrandBay
202609022122572406,202609021903207890,202609021903206075,85,3138,Bronze INV,br_ReAssessment,TASK_COMPLETE,SUCCESS,INFO,0,0,0,,2026-09-02T19:03:39.838Z,2026-09-02T21:23:00.812Z,8361,2026-09-02T21:23:00.812Z,TU,Tucson,c49685cc-3281-44bc-a1c2-3be5b1110999,SAMMS-Tucson
202609022122572407,202609021903207891,202609021903206075,85,3140,Bronze INV,br_ReAssessment,TASK_COMPLETE,SUCCESS,INFO,0,0,0,,2026-09-02T19:03:39.838Z,2026-09-02T21:23:00.812Z,8361,2026-09-02T21:23:00.812Z,V1,Memphis South,c49685cc-3281-44bc-a1c2-3be5b1110999,SAMMS-VCPHCS-I-MemphisV5
202609022122572408,202609021903207892,202609021903206075,85,3141,Bronze INV,br_ReAssessment,TASK_COMPLETE,SUCCESS,INFO,0,0,0,,2026-09-02T19:03:39.838Z,2026-09-02T21:23:00.812Z,8361,2026-09-02T21:23:00.812Z,V10,Longmont,c49685cc-3281-44bc-a1c2-3be5b1110999,SAMMS-BoulderV5
202609022122572409,202609021903207893,202609021903206075,85,3142,Bronze INV,br_ReAssessment,TASK_COMPLETE,SUCCESS,INFO,113,113,0,,2026-09-02T19:03:39.838Z,2026-09-02T21:23:00.812Z,8361,2026-09-02T21:23:00.812Z,V10A,Fort Collins,c49685cc-3281-44bc-a1c2-3be5b1110999,SAMMS-FortCollinsV5
202609022122572410,202609021903207894,202609021903206075,85,3143,Bronze INV,br_ReAssessment,TASK_COMPLETE,SUCCESS,INFO,0,0,0,,2026-09-02T19:03:39.838Z,2026-09-02T21:23:00.812Z,8361,2026-09-02T21:23:00.812Z,V11,Westminster,c49685cc-3281-44bc-a1c2-3be5b1110999,SAMMS-VCPHCS-XI-NorthDenverV5
202609022122572412,202609021903207895,202609021903206075,85,3144,Bronze INV,br_ReAssessment,TASK_COMPLETE,SUCCESS,INFO,80,80,0,,2026-09-02T19:03:39.838Z,2026-09-02T21:23:00.812Z,8361,2026-09-02T21:23:00.812Z,V12,Downtown Denver,c49685cc-3281-44bc-a1c2-3be5b1110999,SAMMS-VCPHCS-XII-DowntownDenverV5
202609022122572413,202609021903207896,202609021903206075,85,3145,Bronze INV,br_ReAssessment,TASK_COMPLETE,SUCCESS,INFO,0,0,0,,2026-09-02T19:03:39.838Z,2026-09-02T21:23:00.812Z,8361,2026-09-02T21:23:00.812Z,V12A,Centennial,c49685cc-3281-44bc-a1c2-3be5b1110999,SAMMS-CentennialV5
202609022122572414,202609021903207897,202609021903206075,85,3146,Bronze INV,br_ReAssessment,TASK_COMPLETE,SUCCESS,INFO,0,0,0,,2026-09-02T19:03:39.838Z,2026-09-02T21:23:00.812Z,8361,2026-09-02T21:23:00.812Z,V14,Overland Park,c49685cc-3281-44bc-a1c2-3be5b1110999,SAMMS-VCPHCS-XIV-BridgewayV5
202609022122572415,202609021903207898,202609021903206075,85,3147,Bronze INV,br_ReAssessment,TASK_COMPLETE,SUCCESS,INFO,0,0,0,,2026-09-02T19:03:39.838Z,2026-09-02T21:23:00.812Z,8361,2026-09-02T21:23:00.812Z,V15,Joplin,c49685cc-3281-44bc-a1c2-3be5b1110999,SAMMS-JoplinV5
202609022122572416,202609021903207899,202609021903206075,85,3149,Bronze INV,br_ReAssessment,TASK_COMPLETE,SUCCESS,INFO,0,0,0,,2026-09-02T19:03:39.838Z,2026-09-02T21:23:00.812Z,8361,2026-09-02T21:23:00.812Z,V17,Columbia TN,c49685cc-3281-44bc-a1c2-3be5b1110999,SAMMS-ColumbiaTNv5
202609022122572417,202609021903207900,202609021903206075,85,3151,Bronze INV,br_ReAssessment,TASK_COMPLETE,SUCCESS,INFO,0,0,0,,2026-09-02T19:03:39.838Z,2026-09-02T21:23:00.812Z,8361,2026-09-02T21:23:00.812Z,V19,Jackson,c49685cc-3281-44bc-a1c2-3be5b1110999,SAMMS-JacksonV5
202609022122572418,202609021903207901,202609021903206075,85,3153,Bronze INV,br_ReAssessment,TASK_COMPLETE,SUCCESS,INFO,0,0,0,,2026-09-02T19:03:39.838Z,2026-09-02T21:23:00.812Z,8361,2026-09-02T21:23:00.812Z,V20,Paris,c49685cc-3281-44bc-a1c2-3be5b1110999,SAMMS-ParisV5
202609022122572419,202609021903207902,202609021903206075,85,3154,Bronze INV,br_ReAssessment,TASK_COMPLETE,SUCCESS,INFO,0,0,0,,2026-09-02T19:03:39.838Z,2026-09-02T21:23:00.812Z,8361,2026-09-02T21:23:00.812Z,V21,Memphis North,c49685cc-3281-44bc-a1c2-3be5b1110999,SAMMS-RaleighV5
202609022122572420,202609021903207903,202609021903206075,85,3157,Bronze INV,br_ReAssessment,TASK_COMPLETE,SUCCESS,INFO,0,0,0,,2026-09-02T19:03:39.838Z,2026-09-02T21:23:00.812Z,8361,2026-09-02T21:23:00.812Z,V5,West Bank,c49685cc-3281-44bc-a1c2-3be5b1110999,SAMMS-NONTCv5
202609022122572421,202609021903207904,202609021903206075,85,3159,Bronze INV,br_ReAssessment,TASK_COMPLETE,SUCCESS,INFO,0,0,0,,2026-09-02T19:03:39.838Z,2026-09-02T21:23:00.812Z,8361,2026-09-02T21:23:00.812Z,V5B,Houma,c49685cc-3281-44bc-a1c2-3be5b1110999,SAMMS-HoumaV6
202609022122572422,202609021903207905,202609021903206075,85,3160,Bronze INV,br_ReAssessment,TASK_COMPLETE,SUCCESS,INFO,0,0,0,,2026-09-02T19:03:39.838Z,2026-09-02T21:23:00.812Z,8361,2026-09-02T21:23:00.812Z,V6,Lake Charles,c49685cc-3281-44bc-a1c2-3be5b1110999,SAMMS-LCv5
202609022122572424,202609021903207906,202609021903206075,85,3162,Bronze INV,br_ReAssessment,TASK_COMPLETE,SUCCESS,INFO,0,0,0,,2026-09-02T19:03:39.838Z,2026-09-02T21:23:00.812Z,8361,2026-09-02T21:23:00.812Z,V8,Memphis Midtown,c49685cc-3281-44bc-a1c2-3be5b1110999,SAMMS-VCPHCS-VIII-MemphisV5
202609022122572425,202609021903207907,202609021903206075,85,3163,Bronze INV,br_ReAssessment,TASK_COMPLETE,SUCCESS,INFO,0,0,0,,2026-09-02T19:03:39.838Z,2026-09-02T21:23:00.812Z,8361,2026-09-02T21:23:00.812Z,V9,Nashville,c49685cc-3281-44bc-a1c2-3be5b1110999,SAMMS-NashvilleV5
202609022122572426,202609021903207908,202609021903206075,85,3164,Bronze INV,br_ReAssessment,TASK_COMPLETE,SUCCESS,INFO,0,0,0,,2026-09-02T19:03:39.838Z,2026-09-02T21:23:00.812Z,8361,2026-09-02T21:23:00.812Z,VBRA,Brainerd,c49685cc-3281-44bc-a1c2-3be5b1110999,SAMMS-BrainerdV6
202609022122572427,202609021903207909,202609021903206075,85,3165,Bronze INV,br_ReAssessment,TASK_COMPLETE,SUCCESS,INFO,0,0,0,,2026-09-02T19:03:39.838Z,2026-09-02T21:23:00.812Z,8361,2026-09-02T21:23:00.812Z,VBRP,Brooklyn Park,c49685cc-3281-44bc-a1c2-3be5b1110999,SAMMS-BrooklynParkV6
202609022122572428,202609021903207910,202609021903206075,85,3167,Bronze INV,br_ReAssessment,TASK_COMPLETE,SUCCESS,INFO,0,0,0,,2026-09-02T19:03:39.838Z,2026-09-02T21:23:00.812Z,8361,2026-09-02T21:23:00.812Z,VMIN,Minneapolis,c49685cc-3281-44bc-a1c2-3be5b1110999,SAMMS-MinneapolisV6
202609022122572429,202609021903207911,202609021903206075,85,3168,Bronze INV,br_ReAssessment,TASK_COMPLETE,SUCCESS,INFO,0,0,0,,2026-09-02T19:03:39.838Z,2026-09-02T21:23:00.812Z,8361,2026-09-02T21:23:00.812Z,VWBY,Woodbury,c49685cc-3281-44bc-a1c2-3be5b1110999,SAMMS-WoodburyV6
202609022122572430,202609021903207912,202609021903206075,85,3170,Bronze INV,br_ReAssessment,TASK_COMPLETE,SUCCESS,INFO,0,0,0,,2026-09-02T19:03:39.838Z,2026-09-02T21:23:00.812Z,8361,2026-09-02T21:23:00.812Z,WIL,Wilson,c49685cc-3281-44bc-a1c2-3be5b1110999,SAMMS-Wilson
202609022122572431,202609021903207913,202609021903206075,85,3726,Bronze INV,br_ReAssessmentOccupational,TASK_COMPLETE,SUCCESS,INFO,35,35,0,,2026-09-02T19:03:39.838Z,2026-09-02T21:23:00.812Z,8361,2026-09-02T21:23:00.812Z,AHK,Ahoskie,c49685cc-3281-44bc-a1c2-3be5b1110999,SAMMS-Ahoskie
202609022122572432,202609021903207914,202609021903206075,85,3727,Bronze INV,br_ReAssessmentOccupational,TASK_COMPLETE,SUCCESS,INFO,663,663,0,,2026-09-02T19:03:39.838Z,2026-09-02T21:23:00.812Z,8361,2026-09-02T21:23:00.812Z,B12B,Colorado Springs,c49685cc-3281-44bc-a1c2-3be5b1110999,SAMMS-ColoradoSpringsV5
202609022122572433,202609021903207915,202609021903206075,85,3728,Bronze INV,br_ReAssessmentOccupational,TASK_COMPLETE,SUCCESS,INFO,829,829,0,,2026-09-02T19:03:39.838Z,2026-09-02T21:23:00.812Z,8361,2026-09-02T21:23:00.812Z,B24,Paintsville,c49685cc-3281-44bc-a1c2-3be5b1110999,SAMMS-PaintsvilleV5
202609022122572434,202609021903207916,202609021903206075,85,3729,Bronze INV,br_ReAssessmentOccupational,TASK_COMPLETE,SUCCESS,INFO,646,646,0,,2026-09-02T19:03:39.838Z,2026-09-02T21:23:00.812Z,8361,2026-09-02T21:23:00.812Z,B25,Pikeville,c49685cc-3281-44bc-a1c2-3be5b1110999,SAMMS-PikevilleV5
202609022122572436,202609021903207917,202609021903206075,85,3730,Bronze INV,br_ReAssessmentOccupational,TASK_COMPLETE,SUCCESS,INFO,970,970,0,,2026-09-02T19:03:39.838Z,2026-09-02T21:23:00.812Z,8361,2026-09-02T21:23:00.812Z,B26,Hazard,c49685cc-3281-44bc-a1c2-3be5b1110999,SAMMS-HazardV5
202609022122572437,202609021903207918,202609021903206075,85,3731,Bronze INV,br_ReAssessmentOccupational,TASK_COMPLETE,SUCCESS,INFO,531,531,0,,2026-09-02T19:03:39.838Z,2026-09-02T21:23:00.812Z,8361,2026-09-02T21:23:00.812Z,B27,Savannah,c49685cc-3281-44bc-a1c2-3be5b1110999,SAMMS-SavannahV6
202609022122572438,202609021903207919,202609021903206075,85,3732,Bronze INV,br_ReAssessmentOccupational,TASK_COMPLETE,SUCCESS,INFO,245,245,0,,2026-09-02T19:03:39.838Z,2026-09-02T21:23:00.812Z,8361,2026-09-02T21:23:00.812Z,B28,West Plains,c49685cc-3281-44bc-a1c2-3be5b1110999,SAMMS-WestPlainesV5
202609022122572439,202609021903207920,202609021903206075,85,3733,Bronze INV,br_ReAssessmentOccupational,TASK_COMPLETE,SUCCESS,INFO,461,461,0,,2026-09-02T19:03:39.838Z,2026-09-02T21:23:00.812Z,8361,2026-09-02T21:23:00.812Z,B29,Poplar Bluff,c49685cc-3281-44bc-a1c2-3be5b1110999,SAMMS-PoplarBluffV5
202609022122572440,202609021903207921,202609021903206075,85,3734,Bronze INV,br_ReAssessmentOccupational,TASK_COMPLETE,SUCCESS,INFO,78,78,0,,2026-09-02T19:03:39.838Z,2026-09-02T21:23:00.812Z,8361,2026-09-02T21:23:00.812Z,B30,KC North,c49685cc-3281-44bc-a1c2-3be5b1110999,SAMMS-KCNv5
202609022122572441,202609021903207922,202609021903206075,85,3735,Bronze INV,br_ReAssessmentOccupational,TASK_COMPLETE,SUCCESS,INFO,400,400,0,,2026-09-02T19:03:39.838Z,2026-09-02T21:23:00.812Z,8361,2026-09-02T21:23:00.812Z,B31,Dyersburg,c49685cc-3281-44bc-a1c2-3be5b1110999,SAMMS-DyersburgV5
202609022122572442,202609021903207923,202609021903206075,85,3737,Bronze INV,br_ReAssessmentOccupational,TASK_COMPLETE,SUCCESS,INFO,487,487,0,,2026-09-02T19:03:39.838Z,2026-09-02T21:23:00.812Z,8361,2026-09-02T21:23:00.812Z,B33,Paducah,c49685cc-3281-44bc-a1c2-3be5b1110999,SAMMS-Paducah
202609022122572443,202609021903207924,202609021903206075,85,3738,Bronze INV,br_ReAssessmentOccupational,TASK_COMPLETE,SUCCESS,INFO,385,385,0,,2026-09-02T19:03:39.838Z,2026-09-02T21:23:00.812Z,8361,2026-09-02T21:23:00.812Z,B34,Corbin,c49685cc-3281-44bc-a1c2-3be5b1110999,SAMMS-CorbinV5
202609022122572444,202609021903207925,202609021903206075,85,3739,Bronze INV,br_ReAssessmentOccupational,TASK_COMPLETE,SUCCESS,INFO,239,239,0,,2026-09-02T19:03:39.838Z,2026-09-02T21:23:00.812Z,8361,2026-09-02T21:23:00.812Z,B35,Lexington,c49685cc-3281-44bc-a1c2-3be5b1110999,SAMMS-LexingtonV5
202609022122572445,202609021903207926,202609021903206075,85,3740,Bronze INV,br_ReAssessmentOccupational,TASK_COMPLETE,SUCCESS,INFO,77,77,0,,2026-09-02T19:03:39.838Z,2026-09-02T21:23:00.812Z,8361,2026-09-02T21:23:00.812Z,B35A,Berea,c49685cc-3281-44bc-a1c2-3be5b1110999,SAMMS-BereaV5
202609022122572447,202609021903207927,202609021903206075,85,3741,Bronze INV,br_ReAssessmentOccupational,TASK_COMPLETE,SUCCESS,INFO,21,21,0,,2026-09-02T19:03:39.838Z,2026-09-02T21:23:00.812Z,8361,2026-09-02T21:23:00.812Z,B36,Asheville,c49685cc-3281-44bc-a1c2-3be5b1110999,SAMMS-AshevilleV5
202609022122572448,202609021903207928,202609021903206075,85,3742,Bronze INV,br_ReAssessmentOccupational,TASK_COMPLETE,SUCCESS,INFO,1,1,0,,2026-09-02T19:03:39.838Z,2026-09-02T21:23:00.812Z,8361,2026-09-02T21:23:00.812Z,B37,Clyde,c49685cc-3281-44bc-a1c2-3be5b1110999,SAMMS-ClydeV5
202609022122572449,202609021903207929,202609021903206075,85,3743,Bronze INV,br_ReAssessmentOccupational,TASK_COMPLETE,SUCCESS,INFO,1187,1187,0,,2026-09-02T19:03:39.838Z,2026-09-02T21:23:00.812Z,8361,2026-09-02T21:23:00.812Z,B38,Spartanburg,c49685cc-3281-44bc-a1c2-3be5b1110999,SAMMS-SpartanburgV5
202609022122572450,202609021903207930,202609021903206075,85,3744,Bronze INV,br_ReAssessmentOccupational,TASK_COMPLETE,SUCCESS,INFO,362,362,0,,2026-09-02T19:03:39.838Z,2026-09-02T21:23:00.812Z,8361,2026-09-02T21:23:00.812Z,B39,Aiken,c49685cc-3281-44bc-a1c2-3be5b1110999,SAMMS-AikenV5
202609022122572451,202609021903207931,202609021903206075,85,3745,Bronze INV,br_ReAssessmentOccupational,TASK_COMPLETE,SUCCESS,INFO,1887,1887,0,,2026-09-02T19:03:39.838Z,2026-09-02T21:23:00.812Z,8361,2026-09-02T21:23:00.812Z,B41,Chesapeake,c49685cc-3281-44bc-a1c2-3be5b1110999,SAMMS-ChesapeakeV5
202609022122572452,202609021903207932,202609021903206075,85,3746,Bronze INV,br_ReAssessmentOccupational,TASK_COMPLETE,SUCCESS,INFO,1914,1914,0,,2026-09-02T19:03:39.838Z,2026-09-02T21:23:00.812Z,8361,2026-09-02T21:23:00.812Z,B42,Virginia Beach,c49685cc-3281-44bc-a1c2-3be5b1110999,SAMMS-VirginiaBeachV5
202609022122572453,202609021903207933,202609021903206075,85,3747,Bronze INV,br_ReAssessmentOccupational,TASK_COMPLETE,SUCCESS,INFO,924,924,0,,2026-09-02T19:03:39.838Z,2026-09-02T21:23:00.812Z,8361,2026-09-02T21:23:00.812Z,B42A,Newport News,c49685cc-3281-44bc-a1c2-3be5b1110999,SAMMS-NewportNewsV5
202609022122572454,202609021903207934,202609021903206075,85,3748,Bronze INV,br_ReAssessmentOccupational,TASK_COMPLETE,SUCCESS,INFO,507,507,0,,2026-09-02T19:03:39.838Z,2026-09-02T21:23:00.812Z,8361,2026-09-02T21:23:00.812Z,B42B,Franklin,c49685cc-3281-44bc-a1c2-3be5b1110999,SAMMS-FranklinV5
202609022122572455,202609021903207935,202609021903206075,85,3749,Bronze INV,br_ReAssessmentOccupational,TASK_COMPLETE,SUCCESS,INFO,343,343,0,,2026-09-02T19:03:39.838Z,2026-09-02T21:23:00.812Z,8361,2026-09-02T21:23:00.812Z,B42C,Glen Allen,c49685cc-3281-44bc-a1c2-3be5b1110999,SAMMS-GlenAllenV5
202609022122572456,202609021903207936,202609021903206075,85,3750,Bronze INV,br_ReAssessmentOccupational,TASK_COMPLETE,SUCCESS,INFO,1481,1481,0,,2026-09-02T19:03:39.838Z,2026-09-02T21:23:00.812Z,8361,2026-09-02T21:23:00.812Z,B42D,Chesapeake South,c49685cc-3281-44bc-a1c2-3be5b1110999,SAMMS-ChesapeakeSouthV5
202609022122572458,202609021903207937,202609021903206075,85,3751,Bronze INV,br_ReAssessmentOccupational,TASK_COMPLETE,SUCCESS,INFO,631,631,0,,2026-09-02T19:03:39.838Z,2026-09-02T21:23:00.812Z,8361,2026-09-02T21:23:00.812Z,B44,Albany,c49685cc-3281-44bc-a1c2-3be5b1110999,SAMMS-AlbanyV5
202609022122572459,202609021903207938,202609021903206075,85,3752,Bronze INV,br_ReAssessmentOccupational,TASK_COMPLETE,SUCCESS,INFO,1268,1268,0,,2026-09-02T19:03:39.838Z,2026-09-02T21:23:00.812Z,8361,2026-09-02T21:23:00.812Z,B45,Tifton,c49685cc-3281-44bc-a1c2-3be5b1110999,SAMMS-TiftonV5
202609022122572460,202609021903207939,202609021903206075,85,3753,Bronze INV,br_ReAssessmentOccupational,TASK_COMPLETE,SUCCESS,INFO,590,590,0,,2026-09-02T19:03:39.838Z,2026-09-02T21:23:00.812Z,8361,2026-09-02T21:23:00.812Z,B46,Washington DC,c49685cc-3281-44bc-a1c2-3be5b1110999,SAMMS-WashingtonDCv5
202609022122572461,202609021903207940,202609021903206075,85,3754,Bronze INV,br_ReAssessmentOccupational,TASK_COMPLETE,SUCCESS,INFO,1564,1564,0,,2026-09-02T19:03:39.838Z,2026-09-02T21:23:00.812Z,8361,2026-09-02T21:23:00.812Z,B47,Mobile,c49685cc-3281-44bc-a1c2-3be5b1110999,SAMMS-MobileV5
202609022122572462,202609021903207941,202609021903206075,85,3755,Bronze INV,br_ReAssessmentOccupational,TASK_COMPLETE,SUCCESS,INFO,1296,1296,0,,2026-09-02T19:03:39.838Z,2026-09-02T21:23:00.812Z,8361,2026-09-02T21:23:00.812Z,B48,Tuscaloosa,c49685cc-3281-44bc-a1c2-3be5b1110999,SAMMS-TuscaloosaV5
202609022122572463,202609021903207942,202609021903206075,85,3764,Bronze INV,br_ReAssessmentOccupational,TASK_COMPLETE,SUCCESS,INFO,2,2,0,,2026-09-02T19:03:39.838Z,2026-09-02T21:23:00.812Z,8361,2026-09-02T21:23:00.812Z,B51,N. Little Rock (OTP),c49685cc-3281-44bc-a1c2-3be5b1110999,SAMMS-NorthLittleRockV6
202609022122572464,202609021903207943,202609021903206075,85,3765,Bronze INV,br_ReAssessmentOccupational,TASK_COMPLETE,SUCCESS,INFO,455,455,0,,2026-09-02T19:03:39.838Z,2026-09-02T21:23:00.812Z,8361,2026-09-02T21:23:00.812Z,B52,Jackson GA,c49685cc-3281-44bc-a1c2-3be5b1110999,SAMMS-JacksonGAV5
202609022122572465,202609021903207944,202609021903206075,85,3766,Bronze INV,br_ReAssessmentOccupational,TASK_COMPLETE,SUCCESS,INFO,1701,1701,0,,2026-09-02T19:03:39.838Z,2026-09-02T21:23:00.812Z,8361,2026-09-02T21:23:00.812Z,B54,Gadsden,c49685cc-3281-44bc-a1c2-3be5b1110999,SAMMS-GadsdenV5
202609022122572466,202609021903207945,202609021903206075,85,3767,Bronze INV,br_ReAssessmentOccupational,TASK_COMPLETE,SUCCESS,INFO,947,947,0,,2026-09-02T19:03:39.838Z,2026-09-02T21:23:00.812Z,8361,2026-09-02T21:23:00.812Z,B55,Shoals,c49685cc-3281-44bc-a1c2-3be5b1110999,SAMMS-ShoalsV5
202609022122572468,202609021903207946,202609021903206075,85,3768,Bronze INV,br_ReAssessmentOccupational,TASK_COMPLETE,SUCCESS,INFO,294,294,0,,2026-09-02T19:03:39.838Z,2026-09-02T21:23:00.812Z,8361,2026-09-02T21:23:00.812Z,B57,Pawtucket,c49685cc-3281-44bc-a1c2-3be5b1110999,SAMMS-Pawtucket
202609022122572469,202609021903207947,202609021903206075,85,3769,Bronze INV,br_ReAssessmentOccupational,TASK_COMPLETE,SUCCESS,INFO,555,555,0,,2026-09-02T19:03:39.838Z,2026-09-02T21:23:00.812Z,8361,2026-09-02T21:23:00.812Z,B57A,Johnston,c49685cc-3281-44bc-a1c2-3be5b1110999,SAMMS-Johnston
202609022122572470,202609021903207948,202609021903206075,85,3770,Bronze INV,br_ReAssessmentOccupational,TASK_COMPLETE,SUCCESS,INFO,165,165,0,,2026-09-02T19:03:39.838Z,2026-09-02T21:23:00.812Z,8361,2026-09-02T21:23:00.812Z,B57B,Middletown,c49685cc-3281-44bc-a1c2-3be5b1110999,SAMMS-Middletown
202609022122572471,202609021903207949,202609021903206075,85,3771,Bronze INV,br_ReAssessmentOccupational,TASK_COMPLETE,SUCCESS,INFO,412,412,0,,2026-09-02T19:03:39.838Z,2026-09-02T21:23:00.812Z,8361,2026-09-02T21:23:00.812Z,B57C,Providence,c49685cc-3281-44bc-a1c2-3be5b1110999,SAMMS-Providence
202609022122572472,202609021903207950,202609021903206075,85,3772,Bronze INV,br_ReAssessmentOccupational,TASK_COMPLETE,SUCCESS,INFO,623,623,0,,2026-09-02T19:03:39.838Z,2026-09-02T21:23:00.812Z,8361,2026-09-02T21:23:00.812Z,B57D,Westerly,c49685cc-3281-44bc-a1c2-3be5b1110999,SAMMS-Westerly
202609022122572473,202609021903207951,202609021903206075,85,3776,Bronze INV,br_ReAssessmentOccupational,TASK_COMPLETE,SUCCESS,INFO,4,4,0,,2026-09-02T19:03:39.838Z,2026-09-02T21:23:00.812Z,8361,2026-09-02T21:23:00.812Z,B66A,Bremen,c49685cc-3281-44bc-a1c2-3be5b1110999,SAMMS-Bremen
202609022122572474,202609021903207952,202609021903206075,85,3779,Bronze INV,br_ReAssessmentOccupational,TASK_COMPLETE,SUCCESS,INFO,0,0,0,,2026-09-02T19:03:39.838Z,2026-09-02T21:23:00.812Z,8361,2026-09-02T21:23:00.812Z,B72,Mobile (OBOT),c49685cc-3281-44bc-a1c2-3be5b1110999,SAMMS-Mobile-OBOT
202609022122572475,202609021903207953,202609021903206075,85,3780,Bronze INV,br_ReAssessmentOccupational,TASK_COMPLETE,SUCCESS,INFO,0,0,0,,2026-09-02T19:03:39.838Z,2026-09-02T21:23:00.812Z,8361,2026-09-02T21:23:00.812Z,B73,Montgomery,c49685cc-3281-44bc-a1c2-3be5b1110999,SAMMS-Montgomery
202609022122572476,202609021903207954,202609021903206075,85,3781,Bronze INV,br_ReAssessmentOccupational,TASK_COMPLETE,SUCCESS,INFO,515,515,0,,2026-09-02T19:03:39.838Z,2026-09-02T21:23:00.812Z,8361,2026-09-02T21:23:00.812Z,B75,Lawrence,c49685cc-3281-44bc-a1c2-3be5b1110999,SAMMS-LawrenceV6
202609022122572477,202609021903207955,202609021903206075,85,3782,Bronze INV,br_ReAssessmentOccupational,TASK_COMPLETE,SUCCESS,INFO,0,0,0,,2026-09-02T19:03:39.838Z,2026-09-02T21:23:00.812Z,8361,2026-09-02T21:23:00.812Z,B76,Huntsville OBOT,c49685cc-3281-44bc-a1c2-3be5b1110999,SAMMS-Huntsville-OBOT
202609022122572479,202609021903207956,202609021903206075,85,3783,Bronze INV,br_ReAssessmentOccupational,TASK_COMPLETE,SUCCESS,INFO,0,0,0,,2026-09-02T19:03:39.838Z,2026-09-02T21:23:00.812Z,8361,2026-09-02T21:23:00.812Z,BAT,Batesville,c49685cc-3281-44bc-a1c2-3be5b1110999,SAMMS-Batesville
202609022122572480,202609021903207957,202609021903206075,85,3784,Bronze INV,br_ReAssessmentOccupational,TASK_COMPLETE,SUCCESS,INFO,460,460,0,,2026-09-02T19:03:39.838Z,2026-09-02T21:23:00.812Z,8361,2026-09-02T21:23:00.812Z,BG,Bowling Green,c49685cc-3281-44bc-a1c2-3be5b1110999,SAMMS-BowlingGreen
202609022122572481,202609021903207958,202609021903206075,85,3785,Bronze INV,br_ReAssessmentOccupational,TASK_COMPLETE,SUCCESS,INFO,180,180,0,,2026-09-02T19:03:39.838Z,2026-09-02T21:23:00.812Z,8361,2026-09-02T21:23:00.812Z,BOI,Boise,c49685cc-3281-44bc-a1c2-3be5b1110999,SAMMS-Boise
202609022122572482,202609021903207959,202609021903206075,85,3792,Bronze INV,br_ReAssessmentOccupational,TASK_COMPLETE,SUCCESS,INFO,51,51,0,,2026-09-02T19:03:39.838Z,2026-09-02T21:23:00.812Z,8361,2026-09-02T21:23:00.812Z,CBCO,Coeur dAlene,c49685cc-3281-44bc-a1c2-3be5b1110999,SAMMS-CoeurdAleneV6
202609022122572483,202609021903207960,202609021903206075,85,3811,Bronze INV,br_ReAssessmentOccupational,TASK_COMPLETE,SUCCESS,INFO,0,0,0,,2026-09-02T19:03:39.838Z,2026-09-02T21:23:00.812Z,8361,2026-09-02T21:23:00.812Z,CON,Conway,c49685cc-3281-44bc-a1c2-3be5b1110999,SAMMS-Conway
202609022122572484,202609021903207961,202609021903206075,85,3812,Bronze INV,br_ReAssessmentOccupational,TASK_COMPLETE,SUCCESS,INFO,2573,2573,0,,2026-09-02T19:03:39.838Z,2026-09-02T21:23:00.812Z,8361,2026-09-02T21:23:00.812Z,D07,Medical Services Knox TN,c49685cc-3281-44bc-a1c2-3be5b1110999,SAMMS-KnoxvilleV6
202609022122572485,202609021903207962,202609021903206075,85,3813,Bronze INV,br_ReAssessmentOccupational,TASK_COMPLETE,SUCCESS,INFO,111,111,0,,2026-09-02T19:03:39.838Z,2026-09-02T21:23:00.812Z,8361,2026-09-02T21:23:00.812Z,D08,Madison,c49685cc-3281-44bc-a1c2-3be5b1110999,SAMMS-MadisonV6
202609022122572486,202609021903207963,202609021903206075,85,3815,Bronze INV,br_ReAssessmentOccupational,TASK_COMPLETE,SUCCESS,INFO,120,120,0,,2026-09-02T19:03:39.838Z,2026-09-02T21:23:00.812Z,8361,2026-09-02T21:23:00.812Z,D09,Murfreesboro,c49685cc-3281-44bc-a1c2-3be5b1110999,SAMMS-MurfreesboroV6
202609022122572487,202609021903207964,202609021903206075,85,3816,Bronze INV,br_ReAssessmentOccupational,TASK_COMPLETE,SUCCESS,INFO,336,336,0,,2026-09-02T19:03:39.838Z,2026-09-02T21:23:00.812Z,8361,2026-09-02T21:23:00.812Z,DA,Davenport,c49685cc-3281-44bc-a1c2-3be5b1110999,SAMMS-Davenport
202609022122572488,202609021903207965,202609021903206075,85,3817,Bronze INV,br_ReAssessmentOccupational,TASK_COMPLETE,SUCCESS,INFO,287,287,0,,2026-09-02T19:03:39.838Z,2026-09-02T21:23:00.812Z,8361,2026-09-02T21:23:00.812Z,DM,Des Moines,c49685cc-3281-44bc-a1c2-3be5b1110999,SAMMS-DesMoines
202609022122572490,202609021903207966,202609021903206075,85,3819,Bronze INV,br_ReAssessmentOccupational,TASK_COMPLETE,SUCCESS,INFO,530,530,0,,2026-09-02T19:03:39.838Z,2026-09-02T21:23:00.812Z,8361,2026-09-02T21:23:00.812Z,DRD-CO,Columbia MO,c49685cc-3281-44bc-a1c2-3be5b1110999,SAMMS-ColumbiaV5
202609022122572491,202609021903207967,202609021903206075,85,3820,Bronze INV,br_ReAssessmentOccupational,TASK_COMPLETE,SUCCESS,INFO,347,347,0,,2026-09-02T19:03:39.838Z,2026-09-02T21:23:00.812Z,8361,2026-09-02T21:23:00.812Z,DRD-KC,KC,c49685cc-3281-44bc-a1c2-3be5b1110999,SAMMS-KCv5
202608312116373666,202608311905654043,202608311905652236,85,3128,Bronze INV,br_ReAssessment,TASK_COMPLETE,SUCCESS,INFO,0,0,0,,2026-08-31T19:06:18.658Z,2026-08-31T21:16:41.151Z,7823,2026-08-31T21:16:41.151Z,SHP,Shreveport,79f5b39e-d314-4ad3-8050-3ace553d67de,SAMMS-Shreveport
202608312116373667,202608311905654044,202608311905652236,85,3130,Bronze INV,br_ReAssessment,TASK_COMPLETE,SUCCESS,INFO,0,0,0,,2026-08-31T19:06:18.658Z,2026-08-31T21:16:41.151Z,7823,2026-08-31T21:16:41.151Z,STN,Staunton,79f5b39e-d314-4ad3-8050-3ace553d67de,SAMMS-Staunton
202608312116373668,202608311905654045,202608311905652236,85,3131,Bronze INV,br_ReAssessment,TASK_COMPLETE,SUCCESS,INFO,0,0,0,,2026-08-31T19:06:18.658Z,2026-08-31T21:16:41.151Z,7823,2026-08-31T21:16:41.151Z,STVN,Stevenson,79f5b39e-d314-4ad3-8050-3ace553d67de,SAMMS-Stevenson
202608312116373669,202608311905654046,202608311905652236,85,3133,Bronze INV,br_ReAssessment,TASK_COMPLETE,SUCCESS,INFO,0,0,0,,2026-08-31T19:06:18.658Z,2026-08-31T21:16:41.151Z,7823,2026-08-31T21:16:41.151Z,TE,Tempe,79f5b39e-d314-4ad3-8050-3ace553d67de,SAMMS-Tempe
202608312116373670,202608311905654047,202608311905652236,85,3134,Bronze INV,br_ReAssessment,TASK_COMPLETE,SUCCESS,INFO,0,0,0,,2026-08-31T19:06:18.658Z,2026-08-31T21:16:41.151Z,7823,2026-08-31T21:16:41.151Z,TEX,Texarkana,79f5b39e-d314-4ad3-8050-3ace553d67de,SAMMS-Texarkana
202608312116373671,202608311905654048,202608311905652236,85,3135,Bronze INV,br_ReAssessment,TASK_COMPLETE,SUCCESS,INFO,1,1,0,,2026-08-31T19:06:18.658Z,2026-08-31T21:16:41.151Z,7823,2026-08-31T21:16:41.151Z,TTCA,Bessemer,79f5b39e-d314-4ad3-8050-3ace553d67de,SAMMS-BessemerV5
202608312116373672,202608311905654049,202608311905652236,85,3136,Bronze INV,br_ReAssessment,TASK_COMPLETE,SUCCESS,INFO,0,0,0,,2026-08-31T19:06:18.658Z,2026-08-31T21:16:41.151Z,7823,2026-08-31T21:16:41.151Z,TTCB,Cullman,79f5b39e-d314-4ad3-8050-3ace553d67de,SAMMS-CullmanV5
202608312116373673,202608311905654050,202608311905652236,85,3137,Bronze INV,br_ReAssessment,TASK_COMPLETE,SUCCESS,INFO,0,0,0,,2026-08-31T19:06:18.658Z,2026-08-31T21:16:41.151Z,7823,2026-08-31T21:16:41.151Z,TTCC,Grand Bay,79f5b39e-d314-4ad3-8050-3ace553d67de,SAMMS-GrandBay
202608312116373674,202608311905654051,202608311905652236,85,3138,Bronze INV,br_ReAssessment,TASK_COMPLETE,SUCCESS,INFO,0,0,0,,2026-08-31T19:06:18.658Z,2026-08-31T21:16:41.151Z,7823,2026-08-31T21:16:41.151Z,TU,Tucson,79f5b39e-d314-4ad3-8050-3ace553d67de,SAMMS-Tucson
202608312116373676,202608311905654052,202608311905652236,85,3140,Bronze INV,br_ReAssessment,TASK_COMPLETE,SUCCESS,INFO,0,0,0,,2026-08-31T19:06:18.658Z,2026-08-31T21:16:41.151Z,7823,2026-08-31T21:16:41.151Z,V1,Memphis South,79f5b39e-d314-4ad3-8050-3ace553d67de,SAMMS-VCPHCS-I-MemphisV5
202608312116373677,202608311905654053,202608311905652236,85,3141,Bronze INV,br_ReAssessment,TASK_COMPLETE,SUCCESS,INFO,0,0,0,,2026-08-31T19:06:18.658Z,2026-08-31T21:16:41.151Z,7823,2026-08-31T21:16:41.151Z,V10,Longmont,79f5b39e-d314-4ad3-8050-3ace553d67de,SAMMS-BoulderV5
202608312116373678,202608311905654054,202608311905652236,85,3142,Bronze INV,br_ReAssessment,TASK_COMPLETE,SUCCESS,INFO,113,113,0,,2026-08-31T19:06:18.658Z,2026-08-31T21:16:41.151Z,7823,2026-08-31T21:16:41.151Z,V10A,Fort Collins,79f5b39e-d314-4ad3-8050-3ace553d67de,SAMMS-FortCollinsV5
202608312116373679,202608311905654055,202608311905652236,85,3143,Bronze INV,br_ReAssessment,TASK_COMPLETE,SUCCESS,INFO,0,0,0,,2026-08-31T19:06:18.658Z,2026-08-31T21:16:41.151Z,7823,2026-08-31T21:16:41.151Z,V11,Westminster,79f5b39e-d314-4ad3-8050-3ace553d67de,SAMMS-VCPHCS-XI-NorthDenverV5
202608312116373680,202608311905654056,202608311905652236,85,3144,Bronze INV,br_ReAssessment,TASK_COMPLETE,SUCCESS,INFO,80,80,0,,2026-08-31T19:06:18.658Z,2026-08-31T21:16:41.151Z,7823,2026-08-31T21:16:41.151Z,V12,Downtown Denver,79f5b39e-d314-4ad3-8050-3ace553d67de,SAMMS-VCPHCS-XII-DowntownDenverV5
202608312116373681,202608311905654057,202608311905652236,85,3145,Bronze INV,br_ReAssessment,TASK_COMPLETE,SUCCESS,INFO,0,0,0,,2026-08-31T19:06:18.658Z,2026-08-31T21:16:41.151Z,7823,2026-08-31T21:16:41.151Z,V12A,Centennial,79f5b39e-d314-4ad3-8050-3ace553d67de,SAMMS-CentennialV5
202608312116373682,202608311905654058,202608311905652236,85,3146,Bronze INV,br_ReAssessment,TASK_COMPLETE,SUCCESS,INFO,0,0,0,,2026-08-31T19:06:18.658Z,2026-08-31T21:16:41.151Z,7823,2026-08-31T21:16:41.151Z,V14,Overland Park,79f5b39e-d314-4ad3-8050-3ace553d67de,SAMMS-VCPHCS-XIV-BridgewayV5
202608312116373683,202608311905654059,202608311905652236,85,3147,Bronze INV,br_ReAssessment,TASK_COMPLETE,SUCCESS,INFO,0,0,0,,2026-08-31T19:06:18.658Z,2026-08-31T21:16:41.151Z,7823,2026-08-31T21:16:41.151Z,V15,Joplin,79f5b39e-d314-4ad3-8050-3ace553d67de,SAMMS-JoplinV5
202608312116373684,202608311905654060,202608311905652236,85,3149,Bronze INV,br_ReAssessment,TASK_COMPLETE,SUCCESS,INFO,0,0,0,,2026-08-31T19:06:18.658Z,2026-08-31T21:16:41.151Z,7823,2026-08-31T21:16:41.151Z,V17,Columbia TN,79f5b39e-d314-4ad3-8050-3ace553d67de,SAMMS-ColumbiaTNv5
202608312116373686,202608311905654061,202608311905652236,85,3151,Bronze INV,br_ReAssessment,TASK_COMPLETE,SUCCESS,INFO,0,0,0,,2026-08-31T19:06:18.658Z,2026-08-31T21:16:41.151Z,7823,2026-08-31T21:16:41.151Z,V19,Jackson,79f5b39e-d314-4ad3-8050-3ace553d67de,SAMMS-JacksonV5
202608312116373687,202608311905654062,202608311905652236,85,3153,Bronze INV,br_ReAssessment,TASK_COMPLETE,SUCCESS,INFO,0,0,0,,2026-08-31T19:06:18.658Z,2026-08-31T21:16:41.151Z,7823,2026-08-31T21:16:41.151Z,V20,Paris,79f5b39e-d314-4ad3-8050-3ace553d67de,SAMMS-ParisV5
202608312116373688,202608311905654063,202608311905652236,85,3154,Bronze INV,br_ReAssessment,TASK_COMPLETE,SUCCESS,INFO,0,0,0,,2026-08-31T19:06:18.658Z,2026-08-31T21:16:41.151Z,7823,2026-08-31T21:16:41.151Z,V21,Memphis North,79f5b39e-d314-4ad3-8050-3ace553d67de,SAMMS-RaleighV5
202608312116373689,202608311905654064,202608311905652236,85,3157,Bronze INV,br_ReAssessment,TASK_COMPLETE,SUCCESS,INFO,0,0,0,,2026-08-31T19:06:18.658Z,2026-08-31T21:16:41.151Z,7823,2026-08-31T21:16:41.151Z,V5,West Bank,79f5b39e-d314-4ad3-8050-3ace553d67de,SAMMS-NONTCv5
202608312116373690,202608311905654065,202608311905652236,85,3159,Bronze INV,br_ReAssessment,TASK_COMPLETE,SUCCESS,INFO,0,0,0,,2026-08-31T19:06:18.658Z,2026-08-31T21:16:41.151Z,7823,2026-08-31T21:16:41.151Z,V5B,Houma,79f5b39e-d314-4ad3-8050-3ace553d67de,SAMMS-HoumaV6
202608312116373691,202608311905654066,202608311905652236,85,3160,Bronze INV,br_ReAssessment,TASK_COMPLETE,SUCCESS,INFO,0,0,0,,2026-08-31T19:06:18.658Z,2026-08-31T21:16:41.151Z,7823,2026-08-31T21:16:41.151Z,V6,Lake Charles,79f5b39e-d314-4ad3-8050-3ace553d67de,SAMMS-LCv5
202608312116373692,202608311905654067,202608311905652236,85,3162,Bronze INV,br_ReAssessment,TASK_COMPLETE,SUCCESS,INFO,0,0,0,,2026-08-31T19:06:18.658Z,2026-08-31T21:16:41.151Z,7823,2026-08-31T21:16:41.151Z,V8,Memphis Midtown,79f5b39e-d314-4ad3-8050-3ace553d67de,SAMMS-VCPHCS-VIII-MemphisV5
202608312116373693,202608311905654068,202608311905652236,85,3163,Bronze INV,br_ReAssessment,TASK_COMPLETE,SUCCESS,INFO,0,0,0,,2026-08-31T19:06:18.658Z,2026-08-31T21:16:41.151Z,7823,2026-08-31T21:16:41.151Z,V9,Nashville,79f5b39e-d314-4ad3-8050-3ace553d67de,SAMMS-NashvilleV5
202608312116373694,202608311905654069,202608311905652236,85,3164,Bronze INV,br_ReAssessment,TASK_COMPLETE,SUCCESS,INFO,0,0,0,,2026-08-31T19:06:18.658Z,2026-08-31T21:16:41.151Z,7823,2026-08-31T21:16:41.151Z,VBRA,Brainerd,79f5b39e-d314-4ad3-8050-3ace553d67de,SAMMS-BrainerdV6
202608312116373696,202608311905654070,202608311905652236,85,3165,Bronze INV,br_ReAssessment,TASK_COMPLETE,SUCCESS,INFO,0,0,0,,2026-08-31T19:06:18.658Z,2026-08-31T21:16:41.151Z,7823,2026-08-31T21:16:41.151Z,VBRP,Brooklyn Park,79f5b39e-d314-4ad3-8050-3ace553d67de,SAMMS-BrooklynParkV6
202608312116373697,202608311905654071,202608311905652236,85,3167,Bronze INV,br_ReAssessment,TASK_COMPLETE,SUCCESS,INFO,0,0,0,,2026-08-31T19:06:18.658Z,2026-08-31T21:16:41.151Z,7823,2026-08-31T21:16:41.151Z,VMIN,Minneapolis,79f5b39e-d314-4ad3-8050-3ace553d67de,SAMMS-MinneapolisV6
202608312116373698,202608311905654072,202608311905652236,85,3168,Bronze INV,br_ReAssessment,TASK_COMPLETE,SUCCESS,INFO,0,0,0,,2026-08-31T19:06:18.658Z,2026-08-31T21:16:41.151Z,7823,2026-08-31T21:16:41.151Z,VWBY,Woodbury,79f5b39e-d314-4ad3-8050-3ace553d67de,SAMMS-WoodburyV6
202608312116373699,202608311905654073,202608311905652236,85,3170,Bronze INV,br_ReAssessment,TASK_COMPLETE,SUCCESS,INFO,0,0,0,,2026-08-31T19:06:18.658Z,2026-08-31T21:16:41.151Z,7823,2026-08-31T21:16:41.151Z,WIL,Wilson,79f5b39e-d314-4ad3-8050-3ace553d67de,SAMMS-Wilson
202608312116373700,202608311905654074,202608311905652236,85,3726,Bronze INV,br_ReAssessmentOccupational,TASK_COMPLETE,SUCCESS,INFO,35,35,0,,2026-08-31T19:06:18.658Z,2026-08-31T21:16:41.151Z,7823,2026-08-31T21:16:41.151Z,AHK,Ahoskie,79f5b39e-d314-4ad3-8050-3ace553d67de,SAMMS-Ahoskie
202608312116373701,202608311905654075,202608311905652236,85,3727,Bronze INV,br_ReAssessmentOccupational,TASK_COMPLETE,SUCCESS,INFO,663,663,0,,2026-08-31T19:06:18.658Z,2026-08-31T21:16:41.151Z,7823,2026-08-31T21:16:41.151Z,B12B,Colorado Springs,79f5b39e-d314-4ad3-8050-3ace553d67de,SAMMS-ColoradoSpringsV5
202608312116373702,202608311905654076,202608311905652236,85,3728,Bronze INV,br_ReAssessmentOccupational,TASK_COMPLETE,SUCCESS,INFO,829,829,0,,2026-08-31T19:06:18.658Z,2026-08-31T21:16:41.151Z,7823,2026-08-31T21:16:41.151Z,B24,Paintsville,79f5b39e-d314-4ad3-8050-3ace553d67de,SAMMS-PaintsvilleV5
202608312116373704,202608311905654077,202608311905652236,85,3729,Bronze INV,br_ReAssessmentOccupational,TASK_COMPLETE,SUCCESS,INFO,646,646,0,,2026-08-31T19:06:18.658Z,2026-08-31T21:16:41.151Z,7823,2026-08-31T21:16:41.151Z,B25,Pikeville,79f5b39e-d314-4ad3-8050-3ace553d67de,SAMMS-PikevilleV5
202608312116373705,202608311905654078,202608311905652236,85,3730,Bronze INV,br_ReAssessmentOccupational,TASK_COMPLETE,SUCCESS,INFO,970,970,0,,2026-08-31T19:06:18.658Z,2026-08-31T21:16:41.151Z,7823,2026-08-31T21:16:41.151Z,B26,Hazard,79f5b39e-d314-4ad3-8050-3ace553d67de,SAMMS-HazardV5
202608312116373706,202608311905654079,202608311905652236,85,3731,Bronze INV,br_ReAssessmentOccupational,TASK_COMPLETE,SUCCESS,INFO,531,531,0,,2026-08-31T19:06:18.658Z,2026-08-31T21:16:41.151Z,7823,2026-08-31T21:16:41.151Z,B27,Savannah,79f5b39e-d314-4ad3-8050-3ace553d67de,SAMMS-SavannahV6
202608312116373707,202608311905654080,202608311905652236,85,3732,Bronze INV,br_ReAssessmentOccupational,TASK_COMPLETE,SUCCESS,INFO,245,245,0,,2026-08-31T19:06:18.658Z,2026-08-31T21:16:41.151Z,7823,2026-08-31T21:16:41.151Z,B28,West Plains,79f5b39e-d314-4ad3-8050-3ace553d67de,SAMMS-WestPlainesV5
202608312116373708,202608311905654081,202608311905652236,85,3733,Bronze INV,br_ReAssessmentOccupational,TASK_COMPLETE,SUCCESS,INFO,461,461,0,,2026-08-31T19:06:18.658Z,2026-08-31T21:16:41.151Z,7823,2026-08-31T21:16:41.151Z,B29,Poplar Bluff,79f5b39e-d314-4ad3-8050-3ace553d67de,SAMMS-PoplarBluffV5
202608312116373709,202608311905654082,202608311905652236,85,3734,Bronze INV,br_ReAssessmentOccupational,TASK_COMPLETE,SUCCESS,INFO,78,78,0,,2026-08-31T19:06:18.658Z,2026-08-31T21:16:41.151Z,7823,2026-08-31T21:16:41.151Z,B30,KC North,79f5b39e-d314-4ad3-8050-3ace553d67de,SAMMS-KCNv5
202608312116373710,202608311905654083,202608311905652236,85,3735,Bronze INV,br_ReAssessmentOccupational,TASK_COMPLETE,SUCCESS,INFO,400,400,0,,2026-08-31T19:06:18.658Z,2026-08-31T21:16:41.151Z,7823,2026-08-31T21:16:41.151Z,B31,Dyersburg,79f5b39e-d314-4ad3-8050-3ace553d67de,SAMMS-DyersburgV5
202608312116373711,202608311905654084,202608311905652236,85,3737,Bronze INV,br_ReAssessmentOccupational,TASK_COMPLETE,SUCCESS,INFO,487,487,0,,2026-08-31T19:06:18.658Z,2026-08-31T21:16:41.151Z,7823,2026-08-31T21:16:41.151Z,B33,Paducah,79f5b39e-d314-4ad3-8050-3ace553d67de,SAMMS-Paducah
202608312116373713,202608311905654085,202608311905652236,85,3738,Bronze INV,br_ReAssessmentOccupational,TASK_COMPLETE,SUCCESS,INFO,385,385,0,,2026-08-31T19:06:18.658Z,2026-08-31T21:16:41.151Z,7823,2026-08-31T21:16:41.151Z,B34,Corbin,79f5b39e-d314-4ad3-8050-3ace553d67de,SAMMS-CorbinV5
202608312116373714,202608311905654086,202608311905652236,85,3739,Bronze INV,br_ReAssessmentOccupational,TASK_COMPLETE,SUCCESS,INFO,239,239,0,,2026-08-31T19:06:18.658Z,2026-08-31T21:16:41.151Z,7823,2026-08-31T21:16:41.151Z,B35,Lexington,79f5b39e-d314-4ad3-8050-3ace553d67de,SAMMS-LexingtonV5
202608312116373715,202608311905654087,202608311905652236,85,3740,Bronze INV,br_ReAssessmentOccupational,TASK_COMPLETE,SUCCESS,INFO,77,77,0,,2026-08-31T19:06:18.658Z,2026-08-31T21:16:41.151Z,7823,2026-08-31T21:16:41.151Z,B35A,Berea,79f5b39e-d314-4ad3-8050-3ace553d67de,SAMMS-BereaV5
202608312116373716,202608311905654088,202608311905652236,85,3741,Bronze INV,br_ReAssessmentOccupational,TASK_COMPLETE,SUCCESS,INFO,21,21,0,,2026-08-31T19:06:18.658Z,2026-08-31T21:16:41.151Z,7823,2026-08-31T21:16:41.151Z,B36,Asheville,79f5b39e-d314-4ad3-8050-3ace553d67de,SAMMS-AshevilleV5
202608312116373717,202608311905654089,202608311905652236,85,3742,Bronze INV,br_ReAssessmentOccupational,TASK_COMPLETE,SUCCESS,INFO,1,1,0,,2026-08-31T19:06:18.658Z,2026-08-31T21:16:41.151Z,7823,2026-08-31T21:16:41.151Z,B37,Clyde,79f5b39e-d314-4ad3-8050-3ace553d67de,SAMMS-ClydeV5
202608312116373718,202608311905654090,202608311905652236,85,3743,Bronze INV,br_ReAssessmentOccupational,TASK_COMPLETE,SUCCESS,INFO,1187,1187,0,,2026-08-31T19:06:18.658Z,2026-08-31T21:16:41.151Z,7823,2026-08-31T21:16:41.151Z,B38,Spartanburg,79f5b39e-d314-4ad3-8050-3ace553d67de,SAMMS-SpartanburgV5
202608312116373719,202608311905654091,202608311905652236,85,3744,Bronze INV,br_ReAssessmentOccupational,TASK_COMPLETE,SUCCESS,INFO,362,362,0,,2026-08-31T19:06:18.658Z,2026-08-31T21:16:41.151Z,7823,2026-08-31T21:16:41.151Z,B39,Aiken,79f5b39e-d314-4ad3-8050-3ace553d67de,SAMMS-AikenV5
202608312116373720,202608311905654092,202608311905652236,85,3745,Bronze INV,br_ReAssessmentOccupational,TASK_COMPLETE,SUCCESS,INFO,1887,1887,0,,2026-08-31T19:06:18.658Z,2026-08-31T21:16:41.151Z,7823,2026-08-31T21:16:41.151Z,B41,Chesapeake,79f5b39e-d314-4ad3-8050-3ace553d67de,SAMMS-ChesapeakeV5
202608312116373721,202608311905654093,202608311905652236,85,3746,Bronze INV,br_ReAssessmentOccupational,TASK_COMPLETE,SUCCESS,INFO,1914,1914,0,,2026-08-31T19:06:18.658Z,2026-08-31T21:16:41.151Z,7823,2026-08-31T21:16:41.151Z,B42,Virginia Beach,79f5b39e-d314-4ad3-8050-3ace553d67de,SAMMS-VirginiaBeachV5
202608312116373723,202608311905654094,202608311905652236,85,3747,Bronze INV,br_ReAssessmentOccupational,TASK_COMPLETE,SUCCESS,INFO,924,924,0,,2026-08-31T19:06:18.658Z,2026-08-31T21:16:41.151Z,7823,2026-08-31T21:16:41.151Z,B42A,Newport News,79f5b39e-d314-4ad3-8050-3ace553d67de,SAMMS-NewportNewsV5
202608312116373724,202608311905654095,202608311905652236,85,3748,Bronze INV,br_ReAssessmentOccupational,TASK_COMPLETE,SUCCESS,INFO,507,507,0,,2026-08-31T19:06:18.658Z,2026-08-31T21:16:41.151Z,7823,2026-08-31T21:16:41.151Z,B42B,Franklin,79f5b39e-d314-4ad3-8050-3ace553d67de,SAMMS-FranklinV5
202608312116373725,202608311905654096,202608311905652236,85,3749,Bronze INV,br_ReAssessmentOccupational,TASK_COMPLETE,SUCCESS,INFO,343,343,0,,2026-08-31T19:06:18.658Z,2026-08-31T21:16:41.151Z,7823,2026-08-31T21:16:41.151Z,B42C,Glen Allen,79f5b39e-d314-4ad3-8050-3ace553d67de,SAMMS-GlenAllenV5
202608312116373726,202608311905654097,202608311905652236,85,3750,Bronze INV,br_ReAssessmentOccupational,TASK_COMPLETE,SUCCESS,INFO,1481,1481,0,,2026-08-31T19:06:18.658Z,2026-08-31T21:16:41.151Z,7823,2026-08-31T21:16:41.151Z,B42D,Chesapeake South,79f5b39e-d314-4ad3-8050-3ace553d67de,SAMMS-ChesapeakeSouthV5
202608312116373727,202608311905654098,202608311905652236,85,3751,Bronze INV,br_ReAssessmentOccupational,TASK_COMPLETE,SUCCESS,INFO,631,631,0,,2026-08-31T19:06:18.658Z,2026-08-31T21:16:41.151Z,7823,2026-08-31T21:16:41.151Z,B44,Albany,79f5b39e-d314-4ad3-8050-3ace553d67de,SAMMS-AlbanyV5
202608312116373728,202608311905654099,202608311905652236,85,3752,Bronze INV,br_ReAssessmentOccupational,TASK_COMPLETE,SUCCESS,INFO,1268,1268,0,,2026-08-31T19:06:18.658Z,2026-08-31T21:16:41.151Z,7823,2026-08-31T21:16:41.151Z,B45,Tifton,79f5b39e-d314-4ad3-8050-3ace553d67de,SAMMS-TiftonV5
202608312116373729,202608311905654100,202608311905652236,85,3753,Bronze INV,br_ReAssessmentOccupational,TASK_COMPLETE,SUCCESS,INFO,590,590,0,,2026-08-31T19:06:18.658Z,2026-08-31T21:16:41.151Z,7823,2026-08-31T21:16:41.151Z,B46,Washington DC,79f5b39e-d314-4ad3-8050-3ace553d67de,SAMMS-WashingtonDCv5
202608312116373730,202608311905654101,202608311905652236,85,3754,Bronze INV,br_ReAssessmentOccupational,TASK_COMPLETE,SUCCESS,INFO,1564,1564,0,,2026-08-31T19:06:18.658Z,2026-08-31T21:16:41.151Z,7823,2026-08-31T21:16:41.151Z,B47,Mobile,79f5b39e-d314-4ad3-8050-3ace553d67de,SAMMS-MobileV5
202608312116373731,202608311905654102,202608311905652236,85,3755,Bronze INV,br_ReAssessmentOccupational,TASK_COMPLETE,SUCCESS,INFO,1296,1296,0,,2026-08-31T19:06:18.658Z,2026-08-31T21:16:41.151Z,7823,2026-08-31T21:16:41.151Z,B48,Tuscaloosa,79f5b39e-d314-4ad3-8050-3ace553d67de,SAMMS-TuscaloosaV5
202608312116373732,202608311905654103,202608311905652236,85,3764,Bronze INV,br_ReAssessmentOccupational,TASK_COMPLETE,SUCCESS,INFO,2,2,0,,2026-08-31T19:06:18.658Z,2026-08-31T21:16:41.151Z,7823,2026-08-31T21:16:41.151Z,B51,N. Little Rock (OTP),79f5b39e-d314-4ad3-8050-3ace553d67de,SAMMS-NorthLittleRockV6
202608312116373733,202608311905654104,202608311905652236,85,3765,Bronze INV,br_ReAssessmentOccupational,TASK_COMPLETE,SUCCESS,INFO,455,455,0,,2026-08-31T19:06:18.658Z,2026-08-31T21:16:41.151Z,7823,2026-08-31T21:16:41.151Z,B52,Jackson GA,79f5b39e-d314-4ad3-8050-3ace553d67de,SAMMS-JacksonGAV5
202608312116373735,202608311905654105,202608311905652236,85,3766,Bronze INV,br_ReAssessmentOccupational,TASK_COMPLETE,SUCCESS,INFO,1701,1701,0,,2026-08-31T19:06:18.658Z,2026-08-31T21:16:41.151Z,7823,2026-08-31T21:16:41.151Z,B54,Gadsden,79f5b39e-d314-4ad3-8050-3ace553d67de,SAMMS-GadsdenV5
202608312116373736,202608311905654106,202608311905652236,85,3767,Bronze INV,br_ReAssessmentOccupational,TASK_COMPLETE,SUCCESS,INFO,947,947,0,,2026-08-31T19:06:18.658Z,2026-08-31T21:16:41.151Z,7823,2026-08-31T21:16:41.151Z,B55,Shoals,79f5b39e-d314-4ad3-8050-3ace553d67de,SAMMS-ShoalsV5
202608312116373737,202608311905654107,202608311905652236,85,3768,Bronze INV,br_ReAssessmentOccupational,TASK_COMPLETE,SUCCESS,INFO,294,294,0,,2026-08-31T19:06:18.658Z,2026-08-31T21:16:41.151Z,7823,2026-08-31T21:16:41.151Z,B57,Pawtucket,79f5b39e-d314-4ad3-8050-3ace553d67de,SAMMS-Pawtucket
202608312116373738,202608311905654108,202608311905652236,85,3769,Bronze INV,br_ReAssessmentOccupational,TASK_COMPLETE,SUCCESS,INFO,555,555,0,,2026-08-31T19:06:18.658Z,2026-08-31T21:16:41.151Z,7823,2026-08-31T21:16:41.151Z,B57A,Johnston,79f5b39e-d314-4ad3-8050-3ace553d67de,SAMMS-Johnston
202608312116373739,202608311905654109,202608311905652236,85,3770,Bronze INV,br_ReAssessmentOccupational,TASK_COMPLETE,SUCCESS,INFO,165,165,0,,2026-08-31T19:06:18.658Z,2026-08-31T21:16:41.151Z,7823,2026-08-31T21:16:41.151Z,B57B,Middletown,79f5b39e-d314-4ad3-8050-3ace553d67de,SAMMS-Middletown
202608312116373740,202608311905654110,202608311905652236,85,3771,Bronze INV,br_ReAssessmentOccupational,TASK_COMPLETE,SUCCESS,INFO,412,412,0,,2026-08-31T19:06:18.658Z,2026-08-31T21:16:41.151Z,7823,2026-08-31T21:16:41.151Z,B57C,Providence,79f5b39e-d314-4ad3-8050-3ace553d67de,SAMMS-Providence
202608312116373741,202608311905654111,202608311905652236,85,3772,Bronze INV,br_ReAssessmentOccupational,TASK_COMPLETE,SUCCESS,INFO,623,623,0,,2026-08-31T19:06:18.658Z,2026-08-31T21:16:41.151Z,7823,2026-08-31T21:16:41.151Z,B57D,Westerly,79f5b39e-d314-4ad3-8050-3ace553d67de,SAMMS-Westerly
202608312116373742,202608311905654112,202608311905652236,85,3776,Bronze INV,br_ReAssessmentOccupational,TASK_COMPLETE,SUCCESS,INFO,4,4,0,,2026-08-31T19:06:18.658Z,2026-08-31T21:16:41.151Z,7823,2026-08-31T21:16:41.151Z,B66A,Bremen,79f5b39e-d314-4ad3-8050-3ace553d67de,SAMMS-Bremen
202608312116373743,202608311905654113,202608311905652236,85,3779,Bronze INV,br_ReAssessmentOccupational,TASK_COMPLETE,SUCCESS,INFO,0,0,0,,2026-08-31T19:06:18.658Z,2026-08-31T21:16:41.151Z,7823,2026-08-31T21:16:41.151Z,B72,Mobile (OBOT),79f5b39e-d314-4ad3-8050-3ace553d67de,SAMMS-Mobile-OBOT
202608312116373744,202608311905654114,202608311905652236,85,3780,Bronze INV,br_ReAssessmentOccupational,TASK_COMPLETE,SUCCESS,INFO,0,0,0,,2026-08-31T19:06:18.658Z,2026-08-31T21:16:41.151Z,7823,2026-08-31T21:16:41.151Z,B73,Montgomery,79f5b39e-d314-4ad3-8050-3ace553d67de,SAMMS-Montgomery
202608312116373746,202608311905654115,202608311905652236,85,3781,Bronze INV,br_ReAssessmentOccupational,TASK_COMPLETE,SUCCESS,INFO,515,515,0,,2026-08-31T19:06:18.658Z,2026-08-31T21:16:41.151Z,7823,2026-08-31T21:16:41.151Z,B75,Lawrence,79f5b39e-d314-4ad3-8050-3ace553d67de,SAMMS-LawrenceV6
202608312116373747,202608311905654116,202608311905652236,85,3782,Bronze INV,br_ReAssessmentOccupational,TASK_COMPLETE,SUCCESS,INFO,0,0,0,,2026-08-31T19:06:18.658Z,2026-08-31T21:16:41.151Z,7823,2026-08-31T21:16:41.151Z,B76,Huntsville OBOT,79f5b39e-d314-4ad3-8050-3ace553d67de,SAMMS-Huntsville-OBOT
202608312116373748,202608311905654117,202608311905652236,85,3783,Bronze INV,br_ReAssessmentOccupational,TASK_COMPLETE,SUCCESS,INFO,0,0,0,,2026-08-31T19:06:18.658Z,2026-08-31T21:16:41.151Z,7823,2026-08-31T21:16:41.151Z,BAT,Batesville,79f5b39e-d314-4ad3-8050-3ace553d67de,SAMMS-Batesville
202608312116373749,202608311905654118,202608311905652236,85,3784,Bronze INV,br_ReAssessmentOccupational,TASK_COMPLETE,SUCCESS,INFO,460,460,0,,2026-08-31T19:06:18.658Z,2026-08-31T21:16:41.151Z,7823,2026-08-31T21:16:41.151Z,BG,Bowling Green,79f5b39e-d314-4ad3-8050-3ace553d67de,SAMMS-BowlingGreen
202608312116373750,202608311905654119,202608311905652236,85,3785,Bronze INV,br_ReAssessmentOccupational,TASK_COMPLETE,SUCCESS,INFO,180,180,0,,2026-08-31T19:06:18.658Z,2026-08-31T21:16:41.151Z,7823,2026-08-31T21:16:41.151Z,BOI,Boise,79f5b39e-d314-4ad3-8050-3ace553d67de,SAMMS-Boise
202608312116373751,202608311905654120,202608311905652236,85,3792,Bronze INV,br_ReAssessmentOccupational,TASK_COMPLETE,SUCCESS,INFO,51,51,0,,2026-08-31T19:06:18.658Z,2026-08-31T21:16:41.151Z,7823,2026-08-31T21:16:41.151Z,CBCO,Coeur dAlene,79f5b39e-d314-4ad3-8050-3ace553d67de,SAMMS-CoeurdAleneV6
202608312116373752,202608311905654121,202608311905652236,85,3811,Bronze INV,br_ReAssessmentOccupational,TASK_COMPLETE,SUCCESS,INFO,0,0,0,,2026-08-31T19:06:18.658Z,2026-08-31T21:16:41.151Z,7823,2026-08-31T21:16:41.151Z,CON,Conway,79f5b39e-d314-4ad3-8050-3ace553d67de,SAMMS-Conway
202608312116373753,202608311905654122,202608311905652236,85,3812,Bronze INV,br_ReAssessmentOccupational,TASK_COMPLETE,SUCCESS,INFO,2573,2573,0,,2026-08-31T19:06:18.658Z,2026-08-31T21:16:41.151Z,7823,2026-08-31T21:16:41.151Z,D07,Medical Services Knox TN,79f5b39e-d314-4ad3-8050-3ace553d67de,SAMMS-KnoxvilleV6
202608312116373754,202608311905654123,202608311905652236,85,3813,Bronze INV,br_ReAssessmentOccupational,TASK_COMPLETE,SUCCESS,INFO,111,111,0,,2026-08-31T19:06:18.658Z,2026-08-31T21:16:41.151Z,7823,2026-08-31T21:16:41.151Z,D08,Madison,79f5b39e-d314-4ad3-8050-3ace553d67de,SAMMS-MadisonV6
202608312116373755,202608311905654124,202608311905652236,85,3815,Bronze INV,br_ReAssessmentOccupational,TASK_COMPLETE,SUCCESS,INFO,120,120,0,,2026-08-31T19:06:18.658Z,2026-08-31T21:16:41.151Z,7823,2026-08-31T21:16:41.151Z,D09,Murfreesboro,79f5b39e-d314-4ad3-8050-3ace553d67de,SAMMS-MurfreesboroV6
202608312116373756,202608311905654125,202608311905652236,85,3816,Bronze INV,br_ReAssessmentOccupational,TASK_COMPLETE,SUCCESS,INFO,336,336,0,,2026-08-31T19:06:18.658Z,2026-08-31T21:16:41.151Z,7823,2026-08-31T21:16:41.151Z,DA,Davenport,79f5b39e-d314-4ad3-8050-3ace553d67de,SAMMS-Davenport
202608312116373758,202608311905654126,202608311905652236,85,3817,Bronze INV,br_ReAssessmentOccupational,TASK_COMPLETE,SUCCESS,INFO,287,287,0,,2026-08-31T19:06:18.658Z,2026-08-31T21:16:41.151Z,7823,2026-08-31T21:16:41.151Z,DM,Des Moines,79f5b39e-d314-4ad3-8050-3ace553d67de,SAMMS-DesMoines
202608312116373759,202608311905654127,202608311905652236,85,3819,Bronze INV,br_ReAssessmentOccupational,TASK_COMPLETE,SUCCESS,INFO,530,530,0,,2026-08-31T19:06:18.658Z,2026-08-31T21:16:41.151Z,7823,2026-08-31T21:16:41.151Z,DRD-CO,Columbia MO,79f5b39e-d314-4ad3-8050-3ace553d67de,SAMMS-ColumbiaV5
202608312116373760,202608311905654128,202608311905652236,85,3820,Bronze INV,br_ReAssessmentOccupational,TASK_COMPLETE,SUCCESS,INFO,347,347,0,,2026-08-31T19:06:18.658Z,2026-08-31T21:16:41.151Z,7823,2026-08-31T21:16:41.151Z,DRD-KC,KC,79f5b39e-d314-4ad3-8050-3ace553d67de,SAMMS-KCv5
202609070445128353,202609070445128353,20260907044512,146,0,"@if(equals(activity(Pre_Execute)?.status, Failed), Pre_Execute, if(equals(activity(Src_to_brz)?.status, Failed), Src_to_brz, if(equals(activity(Post_Execute)?.status, Failed), Post_Execute, if(equals(activity(Brz_to_Slv)?.status, Failed), Brz_to_Slv, if(equals(activity(Slv_to_Gld)?.status, Failed), Slv_to_Gld, Pipeline_Activity)))))","@if(equals(activity(Pre_Execute)?.status, Failed), Pre_Execute, if(equals(activity(Src_to_brz)?.status, Failed), Src_to_brz, if(equals(activity(Post_Execute)?.status, Failed), Post_Execute, if(equals(activity(Brz_to_Slv)?.status, Failed), Brz_to_Slv, if(equals(activity(Slv_to_Gld)?.status, Failed), Slv_to_Gld, Pipeline_Activity)))))",ACTIVITY_FAILED,FAILED,ERROR,0,0,0,The function json expects its parameter to be a string or an XML. The provided value is of type Null.,2026-09-07T04:34:32.679Z,2026-09-07T04:42:01.170Z,0,2026-09-07T04:45:25.747Z,,,acca3f49-8748-439d-815f-e2c1c6454e7e,
202609031813231301,202609031729278506,202609031729277737,97,6524,P1 Forms Take Home Agreement And Diversion Control Bronze - NC,br_samms_take_home_agreement_diversion_control,TASK_COMPLETE,SUCCESS,INFO,68,68,0,,2026-09-03T17:29:32.843Z,2026-09-03T18:13:30.795Z,2638,2026-09-03T18:13:30.795Z,NC,NorthCharleston,94249231-24a1-492e-97bf-dcd504ea599a,SAMMS-NorthCharleston
202609031813231302,202609031729278507,202609031729277737,97,6525,P1 Forms Take Home Agreement And Diversion Control Bronze - NLR,br_samms_take_home_agreement_diversion_control,TASK_COMPLETE,SUCCESS,INFO,0,0,0,,2026-09-03T17:29:32.843Z,2026-09-03T18:13:30.795Z,2638,2026-09-03T18:13:30.795Z,NLR,NLROBOT,94249231-24a1-492e-97bf-dcd504ea599a,SAMMS-NLROBOT
202609031813231304,202609031729278508,202609031729277737,97,6526,P1 Forms Take Home Agreement And Diversion Control Bronze - PH,br_samms_take_home_agreement_diversion_control,TASK_COMPLETE,SUCCESS,INFO,0,0,0,,2026-09-03T17:29:32.843Z,2026-09-03T18:13:30.795Z,2638,2026-09-03T18:13:30.795Z,PH,Phoenix,94249231-24a1-492e-97bf-dcd504ea599a,SAMMS-Phoenix
202609031813231305,202609031729278509,202609031729277737,97,6527,P1 Forms Take Home Agreement And Diversion Control Bronze - RE,br_samms_take_home_agreement_diversion_control,TASK_COMPLETE,SUCCESS,INFO,123,123,0,,2026-09-03T17:29:32.843Z,2026-09-03T18:13:30.795Z,2638,2026-09-03T18:13:30.795Z,RE,Reno,94249231-24a1-492e-97bf-dcd504ea599a,SAMMS-Reno
202609031813231306,202609031729278510,202609031729277737,97,6528,P1 Forms Take Home Agreement And Diversion Control Bronze - RMD,br_samms_take_home_agreement_diversion_control,TASK_COMPLETE,SUCCESS,INFO,269,269,0,,2026-09-03T17:29:32.843Z,2026-09-03T18:13:30.795Z,2638,2026-09-03T18:13:30.795Z,RMD,Richmond,94249231-24a1-492e-97bf-dcd504ea599a,SAMMS-Richmond
202609031813231307,202609031729278511,202609031729277737,97,6529,P1 Forms Take Home Agreement And Diversion Control Bronze - SFN,br_samms_take_home_agreement_diversion_control,TASK_COMPLETE,SUCCESS,INFO,181,181,0,,2026-09-03T17:29:32.843Z,2026-09-03T18:13:30.795Z,2638,2026-09-03T18:13:30.795Z,SFN,SFN,94249231-24a1-492e-97bf-dcd504ea599a,SAMMS-SFNv5
202609031813231308,202609031729278512,202609031729277737,97,6530,P1 Forms Take Home Agreement And Diversion Control Bronze - SHP,br_samms_take_home_agreement_diversion_control,TASK_COMPLETE,SUCCESS,INFO,657,657,0,,2026-09-03T17:29:32.843Z,2026-09-03T18:13:30.795Z,2638,2026-09-03T18:13:30.795Z,SHP,Shreveport,94249231-24a1-492e-97bf-dcd504ea599a,SAMMS-Shreveport
202609031813231309,202609031729278513,202609031729277737,97,6531,P1 Forms Take Home Agreement And Diversion Control Bronze - STN,br_samms_take_home_agreement_diversion_control,TASK_COMPLETE,SUCCESS,INFO,174,174,0,,2026-09-03T17:29:32.843Z,2026-09-03T18:13:30.795Z,2638,2026-09-03T18:13:30.795Z,STN,Staunton,94249231-24a1-492e-97bf-dcd504ea599a,SAMMS-Staunton
202609031813231310,202609031729278514,202609031729277737,97,6532,P1 Forms Take Home Agreement And Diversion Control Bronze - STVN,br_samms_take_home_agreement_diversion_control,TASK_COMPLETE,SUCCESS,INFO,51,51,0,,2026-09-03T17:29:32.843Z,2026-09-03T18:13:30.795Z,2638,2026-09-03T18:13:30.795Z,STVN,Stevenson,94249231-24a1-492e-97bf-dcd504ea599a,SAMMS-Stevenson
202609031813231311,202609031729278515,202609031729277737,97,6533,P1 Forms Take Home Agreement And Diversion Control Bronze - TE,br_samms_take_home_agreement_diversion_control,TASK_COMPLETE,SUCCESS,INFO,0,0,0,,2026-09-03T17:29:32.843Z,2026-09-03T18:13:30.795Z,2638,2026-09-03T18:13:30.795Z,TE,Tempe,94249231-24a1-492e-97bf-dcd504ea599a,SAMMS-Tempe
202609031813231312,202609031729278516,202609031729277737,97,6534,P1 Forms Take Home Agreement And Diversion Control Bronze - TEX,br_samms_take_home_agreement_diversion_control,TASK_COMPLETE,SUCCESS,INFO,0,0,0,,2026-09-03T17:29:32.843Z,2026-09-03T18:13:30.795Z,2638,2026-09-03T18:13:30.795Z,TEX,Texarkana,94249231-24a1-492e-97bf-dcd504ea599a,SAMMS-Texarkana
202609031813231314,202609031729278517,202609031729277737,97,6535,P1 Forms Take Home Agreement And Diversion Control Bronze - TTCA,br_samms_take_home_agreement_diversion_control,TASK_COMPLETE,SUCCESS,INFO,44,44,0,,2026-09-03T17:29:32.843Z,2026-09-03T18:13:30.795Z,2638,2026-09-03T18:13:30.795Z,TTCA,Bessemer,94249231-24a1-492e-97bf-dcd504ea599a,SAMMS-BessemerV5
202609031813231315,202609031729278518,202609031729277737,97,6536,P1 Forms Take Home Agreement And Diversion Control Bronze - TTCB,br_samms_take_home_agreement_diversion_control,TASK_COMPLETE,SUCCESS,INFO,120,120,0,,2026-09-03T17:29:32.843Z,2026-09-03T18:13:30.795Z,2638,2026-09-03T18:13:30.795Z,TTCB,Cullman,94249231-24a1-492e-97bf-dcd504ea599a,SAMMS-CullmanV5
202609031813231316,202609031729278519,202609031729277737,97,6537,P1 Forms Take Home Agreement And Diversion Control Bronze - TTCC,br_samms_take_home_agreement_diversion_control,TASK_COMPLETE,SUCCESS,INFO,296,296,0,,2026-09-03T17:29:32.843Z,2026-09-03T18:13:30.795Z,2638,2026-09-03T18:13:30.795Z,TTCC,GrandBay,94249231-24a1-492e-97bf-dcd504ea599a,SAMMS-GrandBay
202609031813231317,202609031729278520,202609031729277737,97,6538,P1 Forms Take Home Agreement And Diversion Control Bronze - TU,br_samms_take_home_agreement_diversion_control,TASK_COMPLETE,SUCCESS,INFO,0,0,0,,2026-09-03T17:29:32.843Z,2026-09-03T18:13:30.795Z,2638,2026-09-03T18:13:30.795Z,TU,Tucson,94249231-24a1-492e-97bf-dcd504ea599a,SAMMS-Tucson
202609031813231318,202609031729278521,202609031729277737,97,6539,P1 Forms Take Home Agreement And Diversion Control Bronze - V1,br_samms_take_home_agreement_diversion_control,TASK_COMPLETE,SUCCESS,INFO,124,124,0,,2026-09-03T17:29:32.843Z,2026-09-03T18:13:30.795Z,2638,2026-09-03T18:13:30.795Z,V1,VCPHCS-I-Memphis,94249231-24a1-492e-97bf-dcd504ea599a,SAMMS-VCPHCS-I-MemphisV5
202609031813231319,202609031729278522,202609031729277737,97,6540,P1 Forms Take Home Agreement And Diversion Control Bronze - V10,br_samms_take_home_agreement_diversion_control,TASK_COMPLETE,SUCCESS,INFO,67,67,0,,2026-09-03T17:29:32.843Z,2026-09-03T18:13:30.795Z,2638,2026-09-03T18:13:30.795Z,V10,Boulder,94249231-24a1-492e-97bf-dcd504ea599a,SAMMS-BoulderV5
202609031813231320,202609031729278523,202609031729277737,97,6541,P1 Forms Take Home Agreement And Diversion Control Bronze - V10A,br_samms_take_home_agreement_diversion_control,TASK_COMPLETE,SUCCESS,INFO,85,85,0,,2026-09-03T17:29:32.843Z,2026-09-03T18:13:30.795Z,2638,2026-09-03T18:13:30.795Z,V10A,FortCollins,94249231-24a1-492e-97bf-dcd504ea599a,SAMMS-FortCollinsV5
202609031813231321,202609031729278524,202609031729277737,97,6542,P1 Forms Take Home Agreement And Diversion Control Bronze - V11,br_samms_take_home_agreement_diversion_control,TASK_COMPLETE,SUCCESS,INFO,71,71,0,,2026-09-03T17:29:32.843Z,2026-09-03T18:13:30.795Z,2638,2026-09-03T18:13:30.795Z,V11,VCPHCS-XI-NorthDenver,94249231-24a1-492e-97bf-dcd504ea599a,SAMMS-VCPHCS-XI-NorthDenverV5
202609031813231322,202609031729278525,202609031729277737,97,6543,P1 Forms Take Home Agreement And Diversion Control Bronze - V12,br_samms_take_home_agreement_diversion_control,TASK_COMPLETE,SUCCESS,INFO,35,35,0,,2026-09-03T17:29:32.843Z,2026-09-03T18:13:30.795Z,2638,2026-09-03T18:13:30.795Z,V12,VCPHCS-XII-DowntownDenver,94249231-24a1-492e-97bf-dcd504ea599a,SAMMS-VCPHCS-XII-DowntownDenverV5
202609031813231324,202609031729278526,202609031729277737,97,6544,P1 Forms Take Home Agreement And Diversion Control Bronze - V12A,br_samms_take_home_agreement_diversion_control,TASK_COMPLETE,SUCCESS,INFO,164,164,0,,2026-09-03T17:29:32.843Z,2026-09-03T18:13:30.795Z,2638,2026-09-03T18:13:30.795Z,V12A,Centennial,94249231-24a1-492e-97bf-dcd504ea599a,SAMMS-CentennialV5
202609031813231325,202609031729278527,202609031729277737,97,6545,P1 Forms Take Home Agreement And Diversion Control Bronze - V14,br_samms_take_home_agreement_diversion_control,TASK_COMPLETE,SUCCESS,INFO,28,28,0,,2026-09-03T17:29:32.843Z,2026-09-03T18:13:30.795Z,2638,2026-09-03T18:13:30.795Z,V14,VCPHCS-XIV-Bridgeway,94249231-24a1-492e-97bf-dcd504ea599a,SAMMS-VCPHCS-XIV-BridgewayV5
202609031813231326,202609031729278528,202609031729277737,97,6546,P1 Forms Take Home Agreement And Diversion Control Bronze - V15,br_samms_take_home_agreement_diversion_control,TASK_COMPLETE,SUCCESS,INFO,188,188,0,,2026-09-03T17:29:32.843Z,2026-09-03T18:13:30.795Z,2638,2026-09-03T18:13:30.795Z,V15,Joplin,94249231-24a1-492e-97bf-dcd504ea599a,SAMMS-JoplinV5
202609031813231327,202609031729278529,202609031729277737,97,6547,P1 Forms Take Home Agreement And Diversion Control Bronze - V17,br_samms_take_home_agreement_diversion_control,TASK_COMPLETE,SUCCESS,INFO,48,48,0,,2026-09-03T17:29:32.843Z,2026-09-03T18:13:30.795Z,2638,2026-09-03T18:13:30.795Z,V17,ColumbiaTN,94249231-24a1-492e-97bf-dcd504ea599a,SAMMS-ColumbiaTNv5
202609031813231328,202609031729278530,202609031729277737,97,6548,P1 Forms Take Home Agreement And Diversion Control Bronze - V19,br_samms_take_home_agreement_diversion_control,TASK_COMPLETE,SUCCESS,INFO,155,155,0,,2026-09-03T17:29:32.843Z,2026-09-03T18:13:30.795Z,2638,2026-09-03T18:13:30.795Z,V19,Jackson,94249231-24a1-492e-97bf-dcd504ea599a,SAMMS-JacksonV5
202609031813231329,202609031729278531,202609031729277737,97,6549,P1 Forms Take Home Agreement And Diversion Control Bronze - V20,br_samms_take_home_agreement_diversion_control,TASK_COMPLETE,SUCCESS,INFO,21,21,0,,2026-09-03T17:29:32.843Z,2026-09-03T18:13:30.795Z,2638,2026-09-03T18:13:30.795Z,V20,Paris,94249231-24a1-492e-97bf-dcd504ea599a,SAMMS-ParisV5
202609031813231330,202609031729278532,202609031729277737,97,6550,P1 Forms Take Home Agreement And Diversion Control Bronze - V21,br_samms_take_home_agreement_diversion_control,TASK_COMPLETE,SUCCESS,INFO,128,128,0,,2026-09-03T17:29:32.843Z,2026-09-03T18:13:30.795Z,2638,2026-09-03T18:13:30.795Z,V21,Raleigh,94249231-24a1-492e-97bf-dcd504ea599a,SAMMS-RaleighV5
202609031813231331,202609031729278533,202609031729277737,97,6551,P1 Forms Take Home Agreement And Diversion Control Bronze - V5,br_samms_take_home_agreement_diversion_control,TASK_COMPLETE,SUCCESS,INFO,321,321,0,,2026-09-03T17:29:32.843Z,2026-09-03T18:13:30.795Z,2638,2026-09-03T18:13:30.795Z,V5,NONTC,94249231-24a1-492e-97bf-dcd504ea599a,SAMMS-NONTCv5
202609031813231332,202609031729278534,202609031729277737,97,6552,P1 Forms Take Home Agreement And Diversion Control Bronze - V5B,br_samms_take_home_agreement_diversion_control,TASK_COMPLETE,SUCCESS,INFO,70,70,0,,2026-09-03T17:29:32.843Z,2026-09-03T18:13:30.795Z,2638,2026-09-03T18:13:30.795Z,V5B,Houma,94249231-24a1-492e-97bf-dcd504ea599a,SAMMS-HoumaV6
202609031813231334,202609031729278535,202609031729277737,97,6553,P1 Forms Take Home Agreement And Diversion Control Bronze - V6,br_samms_take_home_agreement_diversion_control,TASK_COMPLETE,SUCCESS,INFO,143,143,0,,2026-09-03T17:29:32.843Z,2026-09-03T18:13:30.795Z,2638,2026-09-03T18:13:30.795Z,V6,LC,94249231-24a1-492e-97bf-dcd504ea599a,SAMMS-LCv5
202609031813231335,202609031729278536,202609031729277737,97,6554,P1 Forms Take Home Agreement And Diversion Control Bronze - V8,br_samms_take_home_agreement_diversion_control,TASK_COMPLETE,SUCCESS,INFO,176,176,0,,2026-09-03T17:29:32.843Z,2026-09-03T18:13:30.795Z,2638,2026-09-03T18:13:30.795Z,V8,VCPHCS-VIII-Memphis,94249231-24a1-492e-97bf-dcd504ea599a,SAMMS-VCPHCS-VIII-MemphisV5
202609031813231336,202609031729278537,202609031729277737,97,6555,P1 Forms Take Home Agreement And Diversion Control Bronze - V9,br_samms_take_home_agreement_diversion_control,TASK_COMPLETE,SUCCESS,INFO,89,89,0,,2026-09-03T17:29:32.843Z,2026-09-03T18:13:30.795Z,2638,2026-09-03T18:13:30.795Z,V9,Nashville,94249231-24a1-492e-97bf-dcd504ea599a,SAMMS-NashvilleV5
202609031813231337,202609031729278538,202609031729277737,97,6556,P1 Forms Take Home Agreement And Diversion Control Bronze - VBRA,br_samms_take_home_agreement_diversion_control,TASK_COMPLETE,SUCCESS,INFO,162,162,0,,2026-09-03T17:29:32.843Z,2026-09-03T18:13:30.795Z,2638,2026-09-03T18:13:30.795Z,VBRA,Brainerd,94249231-24a1-492e-97bf-dcd504ea599a,SAMMS-BrainerdV6
202609031813231338,202609031729278539,202609031729277737,97,6557,P1 Forms Take Home Agreement And Diversion Control Bronze - VBRP,br_samms_take_home_agreement_diversion_control,TASK_COMPLETE,SUCCESS,INFO,287,287,0,,2026-09-03T17:29:32.843Z,2026-09-03T18:13:30.795Z,2638,2026-09-03T18:13:30.795Z,VBRP,BrooklynPark,94249231-24a1-492e-97bf-dcd504ea599a,SAMMS-BrooklynParkV6
202609031813231339,202609031729278540,202609031729277737,97,6558,P1 Forms Take Home Agreement And Diversion Control Bronze - VMIN,br_samms_take_home_agreement_diversion_control,TASK_COMPLETE,SUCCESS,INFO,75,75,0,,2026-09-03T17:29:32.843Z,2026-09-03T18:13:30.795Z,2638,2026-09-03T18:13:30.795Z,VMIN,Minneapolis,94249231-24a1-492e-97bf-dcd504ea599a,SAMMS-MinneapolisV6
202609031813231340,202609031729278541,202609031729277737,97,6559,P1 Forms Take Home Agreement And Diversion Control Bronze - VWBY,br_samms_take_home_agreement_diversion_control,TASK_COMPLETE,SUCCESS,INFO,270,270,0,,2026-09-03T17:29:32.843Z,2026-09-03T18:13:30.795Z,2638,2026-09-03T18:13:30.795Z,VWBY,Woodbury,94249231-24a1-492e-97bf-dcd504ea599a,SAMMS-WoodburyV6
202609031813231341,202609031729278542,202609031729277737,97,6560,P1 Forms Take Home Agreement And Diversion Control Bronze - WIL,br_samms_take_home_agreement_diversion_control,TASK_COMPLETE,SUCCESS,INFO,201,201,0,,2026-09-03T17:29:32.843Z,2026-09-03T18:13:30.795Z,2638,2026-09-03T18:13:30.795Z,WIL,Wilson,94249231-24a1-492e-97bf-dcd504ea599a,SAMMS-Wilson
202609031813231343,202609031729278543,202609031729277737,97,6563,P1 Forms Take Home Risk Assessment Bronze - AHK,br_samms_take_home_risk_assessment,TASK_COMPLETE,SUCCESS,INFO,246,246,0,,2026-09-03T17:29:32.843Z,2026-09-03T18:13:30.795Z,2638,2026-09-03T18:13:30.795Z,AHK,Ahoskie,94249231-24a1-492e-97bf-dcd504ea599a,SAMMS-Ahoskie
202609031813231344,202609031729278544,202609031729277737,97,6564,P1 Forms Take Home Risk Assessment Bronze - B12B,br_samms_take_home_risk_assessment,TASK_COMPLETE,SUCCESS,INFO,506,506,0,,2026-09-03T17:29:32.843Z,2026-09-03T18:13:30.795Z,2638,2026-09-03T18:13:30.795Z,B12B,ColoradoSprings,94249231-24a1-492e-97bf-dcd504ea599a,SAMMS-ColoradoSpringsV5
202609031813231345,202609031729278545,202609031729277737,97,6565,P1 Forms Take Home Risk Assessment Bronze - B24,br_samms_take_home_risk_assessment,TASK_COMPLETE,SUCCESS,INFO,713,713,0,,2026-09-03T17:29:32.843Z,2026-09-03T18:13:30.795Z,2638,2026-09-03T18:13:30.795Z,B24,Paintsville,94249231-24a1-492e-97bf-dcd504ea599a,SAMMS-PaintsvilleV5
202609031813231346,202609031729278546,202609031729277737,97,6566,P1 Forms Take Home Risk Assessment Bronze - B25,br_samms_take_home_risk_assessment,TASK_COMPLETE,SUCCESS,INFO,1802,1802,0,,2026-09-03T17:29:32.843Z,2026-09-03T18:13:30.795Z,2638,2026-09-03T18:13:30.795Z,B25,Pikeville,94249231-24a1-492e-97bf-dcd504ea599a,SAMMS-PikevilleV5
202609031813231347,202609031729278547,202609031729277737,97,6567,P1 Forms Take Home Risk Assessment Bronze - B26,br_samms_take_home_risk_assessment,TASK_COMPLETE,SUCCESS,INFO,589,589,0,,2026-09-03T17:29:32.843Z,2026-09-03T18:13:30.795Z,2638,2026-09-03T18:13:30.795Z,B26,Hazard,94249231-24a1-492e-97bf-dcd504ea599a,SAMMS-HazardV5
202609031813231348,202609031729278548,202609031729277737,97,6568,P1 Forms Take Home Risk Assessment Bronze - B27,br_samms_take_home_risk_assessment,TASK_COMPLETE,SUCCESS,INFO,459,459,0,,2026-09-03T17:29:32.843Z,2026-09-03T18:13:30.795Z,2638,2026-09-03T18:13:30.795Z,B27,Savannah,94249231-24a1-492e-97bf-dcd504ea599a,SAMMS-SavannahV6
202609031813231349,202609031729278549,202609031729277737,97,6569,P1 Forms Take Home Risk Assessment Bronze - B28,br_samms_take_home_risk_assessment,TASK_COMPLETE,SUCCESS,INFO,270,270,0,,2026-09-03T17:29:32.843Z,2026-09-03T18:13:30.795Z,2638,2026-09-03T18:13:30.795Z,B28,WestPlaines,94249231-24a1-492e-97bf-dcd504ea599a,SAMMS-WestPlainesV5
202609031813231350,202609031729278550,202609031729277737,97,6570,P1 Forms Take Home Risk Assessment Bronze - B29,br_samms_take_home_risk_assessment,TASK_COMPLETE,SUCCESS,INFO,519,519,0,,2026-09-03T17:29:32.843Z,2026-09-03T18:13:30.795Z,2638,2026-09-03T18:13:30.795Z,B29,PoplarBluff,94249231-24a1-492e-97bf-dcd504ea599a,SAMMS-PoplarBluffV5
202609031813231351,202609031729278551,202609031729277737,97,6571,P1 Forms Take Home Risk Assessment Bronze - B30,br_samms_take_home_risk_assessment,TASK_COMPLETE,SUCCESS,INFO,3,3,0,,2026-09-03T17:29:32.843Z,2026-09-03T18:13:30.795Z,2638,2026-09-03T18:13:30.795Z,B30,KCN,94249231-24a1-492e-97bf-dcd504ea599a,SAMMS-KCNv5
202609031813231353,202609031729278552,202609031729277737,97,6572,P1 Forms Take Home Risk Assessment Bronze - B31,br_samms_take_home_risk_assessment,TASK_COMPLETE,SUCCESS,INFO,1060,1060,0,,2026-09-03T17:29:32.843Z,2026-09-03T18:13:30.795Z,2638,2026-09-03T18:13:30.795Z,B31,Dyersburg,94249231-24a1-492e-97bf-dcd504ea599a,SAMMS-DyersburgV5
202609031813231354,202609031729278553,202609031729277737,97,6573,P1 Forms Take Home Risk Assessment Bronze - B33,br_samms_take_home_risk_assessment,TASK_COMPLETE,SUCCESS,INFO,537,537,0,,2026-09-03T17:29:32.843Z,2026-09-03T18:13:30.795Z,2638,2026-09-03T18:13:30.795Z,B33,Paducah,94249231-24a1-492e-97bf-dcd504ea599a,SAMMS-Paducah
202609031813231355,202609031729278554,202609031729277737,97,6574,P1 Forms Take Home Risk Assessment Bronze - B34,br_samms_take_home_risk_assessment,TASK_COMPLETE,SUCCESS,INFO,838,838,0,,2026-09-03T17:29:32.843Z,2026-09-03T18:13:30.795Z,2638,2026-09-03T18:13:30.795Z,B34,Corbin,94249231-24a1-492e-97bf-dcd504ea599a,SAMMS-CorbinV5
202609031813231356,202609031729278555,202609031729277737,97,6575,P1 Forms Take Home Risk Assessment Bronze - B35,br_samms_take_home_risk_assessment,TASK_COMPLETE,SUCCESS,INFO,2163,2163,0,,2026-09-03T17:29:32.843Z,2026-09-03T18:13:30.795Z,2638,2026-09-03T18:13:30.795Z,B35,Lexington,94249231-24a1-492e-97bf-dcd504ea599a,SAMMS-LexingtonV5
202609031813231357,202609031729278556,202609031729277737,97,6576,P1 Forms Take Home Risk Assessment Bronze - B35A,br_samms_take_home_risk_assessment,TASK_COMPLETE,SUCCESS,INFO,395,395,0,,2026-09-03T17:29:32.843Z,2026-09-03T18:13:30.795Z,2638,2026-09-03T18:13:30.795Z,B35A,Berea,94249231-24a1-492e-97bf-dcd504ea599a,SAMMS-BereaV5
202609031813231358,202609031729278557,202609031729277737,97,6577,P1 Forms Take Home Risk Assessment Bronze - B36,br_samms_take_home_risk_assessment,TASK_COMPLETE,SUCCESS,INFO,930,930,0,,2026-09-03T17:29:32.843Z,2026-09-03T18:13:30.795Z,2638,2026-09-03T18:13:30.795Z,B36,Asheville,94249231-24a1-492e-97bf-dcd504ea599a,SAMMS-AshevilleV5
202609031813231359,202609031729278558,202609031729277737,97,6578,P1 Forms Take Home Risk Assessment Bronze - B37,br_samms_take_home_risk_assessment,TASK_COMPLETE,SUCCESS,INFO,560,560,0,,2026-09-03T17:29:32.843Z,2026-09-03T18:13:30.795Z,2638,2026-09-03T18:13:30.795Z,B37,Clyde,94249231-24a1-492e-97bf-dcd504ea599a,SAMMS-ClydeV5
202609031813231360,202609031729278559,202609031729277737,97,6579,P1 Forms Take Home Risk Assessment Bronze - B38,br_samms_take_home_risk_assessment,TASK_COMPLETE,SUCCESS,INFO,1344,1344,0,,2026-09-03T17:29:32.843Z,2026-09-03T18:13:30.795Z,2638,2026-09-03T18:13:30.795Z,B38,Spartanburg,94249231-24a1-492e-97bf-dcd504ea599a,SAMMS-SpartanburgV5
202609031813231361,202609031729278560,202609031729277737,97,6580,P1 Forms Take Home Risk Assessment Bronze - B39,br_samms_take_home_risk_assessment,TASK_COMPLETE,SUCCESS,INFO,486,486,0,,2026-09-03T17:29:32.843Z,2026-09-03T18:13:30.795Z,2638,2026-09-03T18:13:30.795Z,B39,Aiken,94249231-24a1-492e-97bf-dcd504ea599a,SAMMS-AikenV5
202609031813231363,202609031729278561,202609031729277737,97,6581,P1 Forms Take Home Risk Assessment Bronze - B41,br_samms_take_home_risk_assessment,TASK_COMPLETE,SUCCESS,INFO,678,678,0,,2026-09-03T17:29:32.843Z,2026-09-03T18:13:30.795Z,2638,2026-09-03T18:13:30.795Z,B41,Chesapeake,94249231-24a1-492e-97bf-dcd504ea599a,SAMMS-ChesapeakeV5
202609031813231364,202609031729278562,202609031729277737,97,6582,P1 Forms Take Home Risk Assessment Bronze - B42,br_samms_take_home_risk_assessment,TASK_COMPLETE,SUCCESS,INFO,226,226,0,,2026-09-03T17:29:32.843Z,2026-09-03T18:13:30.795Z,2638,2026-09-03T18:13:30.795Z,B42,VirginiaBeach,94249231-24a1-492e-97bf-dcd504ea599a,SAMMS-VirginiaBeachV5
202609031813231365,202609031729278563,202609031729277737,97,6583,P1 Forms Take Home Risk Assessment Bronze - B42A,br_samms_take_home_risk_assessment,TASK_COMPLETE,SUCCESS,INFO,433,433,0,,2026-09-03T17:29:32.843Z,2026-09-03T18:13:30.795Z,2638,2026-09-03T18:13:30.795Z,B42A,NewportNews,94249231-24a1-492e-97bf-dcd504ea599a,SAMMS-NewportNewsV5
202609031813231366,202609031729278564,202609031729277737,97,6584,P1 Forms Take Home Risk Assessment Bronze - B42B,br_samms_take_home_risk_assessment,TASK_COMPLETE,SUCCESS,INFO,60,60,0,,2026-09-03T17:29:32.843Z,2026-09-03T18:13:30.795Z,2638,2026-09-03T18:13:30.795Z,B42B,Franklin,94249231-24a1-492e-97bf-dcd504ea599a,SAMMS-FranklinV5
202609031813231367,202609031729278565,202609031729277737,97,6585,P1 Forms Take Home Risk Assessment Bronze - B42C,br_samms_take_home_risk_assessment,TASK_COMPLETE,SUCCESS,INFO,344,344,0,,2026-09-03T17:29:32.843Z,2026-09-03T18:13:30.795Z,2638,2026-09-03T18:13:30.795Z,B42C,GlenAllen,94249231-24a1-492e-97bf-dcd504ea599a,SAMMS-GlenAllenV5
202609031813231368,202609031729278566,202609031729277737,97,6586,P1 Forms Take Home Risk Assessment Bronze - B42D,br_samms_take_home_risk_assessment,TASK_COMPLETE,SUCCESS,INFO,906,906,0,,2026-09-03T17:29:32.843Z,2026-09-03T18:13:30.795Z,2638,2026-09-03T18:13:30.795Z,B42D,ChesapeakeSouth,94249231-24a1-492e-97bf-dcd504ea599a,SAMMS-ChesapeakeSouthV5
202609031813231369,202609031729278567,202609031729277737,97,6587,P1 Forms Take Home Risk Assessment Bronze - B44,br_samms_take_home_risk_assessment,TASK_COMPLETE,SUCCESS,INFO,314,314,0,,2026-09-03T17:29:32.843Z,2026-09-03T18:13:30.795Z,2638,2026-09-03T18:13:30.795Z,B44,Albany,94249231-24a1-492e-97bf-dcd504ea599a,SAMMS-AlbanyV5
202609031813231370,202609031729278568,202609031729277737,97,6588,P1 Forms Take Home Risk Assessment Bronze - B45,br_samms_take_home_risk_assessment,TASK_COMPLETE,SUCCESS,INFO,748,748,0,,2026-09-03T17:29:32.843Z,2026-09-03T18:13:30.795Z,2638,2026-09-03T18:13:30.795Z,B45,Tifton,94249231-24a1-492e-97bf-dcd504ea599a,SAMMS-TiftonV5
202609031813231371,202609031729278569,202609031729277737,97,6589,P1 Forms Take Home Risk Assessment Bronze - B46,br_samms_take_home_risk_assessment,TASK_COMPLETE,SUCCESS,INFO,741,741,0,,2026-09-03T17:29:32.843Z,2026-09-03T18:13:30.795Z,2638,2026-09-03T18:13:30.795Z,B46,WashingtonDC,94249231-24a1-492e-97bf-dcd504ea599a,SAMMS-WashingtonDCv5
202608312116371752,202608311905652323,202608311905652236,85,2211,Bronze INV,br_InvType,TASK_COMPLETE,SUCCESS,INFO,8,8,0,,2026-08-31T19:06:18.658Z,2026-08-31T21:16:41.151Z,7823,2026-08-31T21:16:41.151Z,STVN,Stevenson,79f5b39e-d314-4ad3-8050-3ace553d67de,SAMMS-Stevenson
202608312116371753,202608311905652324,202608311905652236,85,2213,Bronze INV,br_InvType,TASK_COMPLETE,SUCCESS,INFO,7,7,0,,2026-08-31T19:06:18.658Z,2026-08-31T21:16:41.151Z,7823,2026-08-31T21:16:41.151Z,TE,Tempe,79f5b39e-d314-4ad3-8050-3ace553d67de,SAMMS-Tempe
202608312116371754,202608311905652325,202608311905652236,85,2214,Bronze INV,br_InvType,TASK_COMPLETE,SUCCESS,INFO,7,7,0,,2026-08-31T19:06:18.658Z,2026-08-31T21:16:41.151Z,7823,2026-08-31T21:16:41.151Z,TEX,Texarkana,79f5b39e-d314-4ad3-8050-3ace553d67de,SAMMS-Texarkana
202608312116371755,202608311905652326,202608311905652236,85,2215,Bronze INV,br_InvType,TASK_COMPLETE,SUCCESS,INFO,6,6,0,,2026-08-31T19:06:18.658Z,2026-08-31T21:16:41.151Z,7823,2026-08-31T21:16:41.151Z,TTCA,Bessemer,79f5b39e-d314-4ad3-8050-3ace553d67de,SAMMS-BessemerV5
202608312116371757,202608311905652327,202608311905652236,85,2216,Bronze INV,br_InvType,TASK_COMPLETE,SUCCESS,INFO,6,6,0,,2026-08-31T19:06:18.658Z,2026-08-31T21:16:41.151Z,7823,2026-08-31T21:16:41.151Z,TTCB,Cullman,79f5b39e-d314-4ad3-8050-3ace553d67de,SAMMS-CullmanV5
202608312116371758,202608311905652328,202608311905652236,85,2217,Bronze INV,br_InvType,TASK_COMPLETE,SUCCESS,INFO,7,7,0,,2026-08-31T19:06:18.658Z,2026-08-31T21:16:41.151Z,7823,2026-08-31T21:16:41.151Z,TTCC,Grand Bay,79f5b39e-d314-4ad3-8050-3ace553d67de,SAMMS-GrandBay
202608312116371759,202608311905652329,202608311905652236,85,2218,Bronze INV,br_InvType,TASK_COMPLETE,SUCCESS,INFO,7,7,0,,2026-08-31T19:06:18.658Z,2026-08-31T21:16:41.151Z,7823,2026-08-31T21:16:41.151Z,TU,Tucson,79f5b39e-d314-4ad3-8050-3ace553d67de,SAMMS-Tucson
202608312116371760,202608311905652330,202608311905652236,85,2220,Bronze INV,br_InvType,TASK_COMPLETE,SUCCESS,INFO,6,6,0,,2026-08-31T19:06:18.658Z,2026-08-31T21:16:41.151Z,7823,2026-08-31T21:16:41.151Z,V1,Memphis South,79f5b39e-d314-4ad3-8050-3ace553d67de,SAMMS-VCPHCS-I-MemphisV5
202608312116371761,202608311905652331,202608311905652236,85,2221,Bronze INV,br_InvType,TASK_COMPLETE,SUCCESS,INFO,8,8,0,,2026-08-31T19:06:18.658Z,2026-08-31T21:16:41.151Z,7823,2026-08-31T21:16:41.151Z,V10,Longmont,79f5b39e-d314-4ad3-8050-3ace553d67de,SAMMS-BoulderV5
202608312116371762,202608311905652332,202608311905652236,85,2222,Bronze INV,br_InvType,TASK_COMPLETE,SUCCESS,INFO,8,8,0,,2026-08-31T19:06:18.658Z,2026-08-31T21:16:41.151Z,7823,2026-08-31T21:16:41.151Z,V10A,Fort Collins,79f5b39e-d314-4ad3-8050-3ace553d67de,SAMMS-FortCollinsV5
202608312116371763,202608311905652333,202608311905652236,85,2223,Bronze INV,br_InvType,TASK_COMPLETE,SUCCESS,INFO,8,8,0,,2026-08-31T19:06:18.658Z,2026-08-31T21:16:41.151Z,7823,2026-08-31T21:16:41.151Z,V11,Westminster,79f5b39e-d314-4ad3-8050-3ace553d67de,SAMMS-VCPHCS-XI-NorthDenverV5
202608312116371764,202608311905652334,202608311905652236,85,2224,Bronze INV,br_InvType,TASK_COMPLETE,SUCCESS,INFO,7,7,0,,2026-08-31T19:06:18.658Z,2026-08-31T21:16:41.151Z,7823,2026-08-31T21:16:41.151Z,V12,Downtown Denver,79f5b39e-d314-4ad3-8050-3ace553d67de,SAMMS-VCPHCS-XII-DowntownDenverV5
202608312116371765,202608311905652335,202608311905652236,85,2225,Bronze INV,br_InvType,TASK_COMPLETE,SUCCESS,INFO,8,8,0,,2026-08-31T19:06:18.658Z,2026-08-31T21:16:41.151Z,7823,2026-08-31T21:16:41.151Z,V12A,Centennial,79f5b39e-d314-4ad3-8050-3ace553d67de,SAMMS-CentennialV5
202608312116371766,202608311905652336,202608311905652236,85,2226,Bronze INV,br_InvType,TASK_COMPLETE,SUCCESS,INFO,7,7,0,,2026-08-31T19:06:18.658Z,2026-08-31T21:16:41.151Z,7823,2026-08-31T21:16:41.151Z,V14,Overland Park,79f5b39e-d314-4ad3-8050-3ace553d67de,SAMMS-VCPHCS-XIV-BridgewayV5
202608312116371768,202608311905652337,202608311905652236,85,2227,Bronze INV,br_InvType,TASK_COMPLETE,SUCCESS,INFO,5,5,0,,2026-08-31T19:06:18.658Z,2026-08-31T21:16:41.151Z,7823,2026-08-31T21:16:41.151Z,V15,Joplin,79f5b39e-d314-4ad3-8050-3ace553d67de,SAMMS-JoplinV5
202608312116371769,202608311905652338,202608311905652236,85,2229,Bronze INV,br_InvType,TASK_COMPLETE,SUCCESS,INFO,8,8,0,,2026-08-31T19:06:18.658Z,2026-08-31T21:16:41.151Z,7823,2026-08-31T21:16:41.151Z,V17,Columbia TN,79f5b39e-d314-4ad3-8050-3ace553d67de,SAMMS-ColumbiaTNv5
202608312116371770,202608311905652339,202608311905652236,85,2231,Bronze INV,br_InvType,TASK_COMPLETE,SUCCESS,INFO,7,7,0,,2026-08-31T19:06:18.658Z,2026-08-31T21:16:41.151Z,7823,2026-08-31T21:16:41.151Z,V19,Jackson,79f5b39e-d314-4ad3-8050-3ace553d67de,SAMMS-JacksonV5
202608312116371771,202608311905652340,202608311905652236,85,2233,Bronze INV,br_InvType,TASK_COMPLETE,SUCCESS,INFO,7,7,0,,2026-08-31T19:06:18.658Z,2026-08-31T21:16:41.151Z,7823,2026-08-31T21:16:41.151Z,V20,Paris,79f5b39e-d314-4ad3-8050-3ace553d67de,SAMMS-ParisV5
202608312116371772,202608311905652341,202608311905652236,85,2234,Bronze INV,br_InvType,TASK_COMPLETE,SUCCESS,INFO,8,8,0,,2026-08-31T19:06:18.658Z,2026-08-31T21:16:41.151Z,7823,2026-08-31T21:16:41.151Z,V21,Memphis North,79f5b39e-d314-4ad3-8050-3ace553d67de,SAMMS-RaleighV5
202608312116371773,202608311905652342,202608311905652236,85,2237,Bronze INV,br_InvType,TASK_COMPLETE,SUCCESS,INFO,7,7,0,,2026-08-31T19:06:18.658Z,2026-08-31T21:16:41.151Z,7823,2026-08-31T21:16:41.151Z,V5,West Bank,79f5b39e-d314-4ad3-8050-3ace553d67de,SAMMS-NONTCv5
202608312116371774,202608311905652343,202608311905652236,85,2239,Bronze INV,br_InvType,TASK_COMPLETE,SUCCESS,INFO,7,7,0,,2026-08-31T19:06:18.658Z,2026-08-31T21:16:41.151Z,7823,2026-08-31T21:16:41.151Z,V5B,Houma,79f5b39e-d314-4ad3-8050-3ace553d67de,SAMMS-HoumaV6
202608312116371775,202608311905652344,202608311905652236,85,2240,Bronze INV,br_InvType,TASK_COMPLETE,SUCCESS,INFO,8,8,0,,2026-08-31T19:06:18.658Z,2026-08-31T21:16:41.151Z,7823,2026-08-31T21:16:41.151Z,V6,Lake Charles,79f5b39e-d314-4ad3-8050-3ace553d67de,SAMMS-LCv5
202608312116371776,202608311905652345,202608311905652236,85,2242,Bronze INV,br_InvType,TASK_COMPLETE,SUCCESS,INFO,7,7,0,,2026-08-31T19:06:18.658Z,2026-08-31T21:16:41.151Z,7823,2026-08-31T21:16:41.151Z,V8,Memphis Midtown,79f5b39e-d314-4ad3-8050-3ace553d67de,SAMMS-VCPHCS-VIII-MemphisV5
202608312116371777,202608311905652346,202608311905652236,85,2243,Bronze INV,br_InvType,TASK_COMPLETE,SUCCESS,INFO,7,7,0,,2026-08-31T19:06:18.658Z,2026-08-31T21:16:41.151Z,7823,2026-08-31T21:16:41.151Z,V9,Nashville,79f5b39e-d314-4ad3-8050-3ace553d67de,SAMMS-NashvilleV5
202608312116371779,202608311905652347,202608311905652236,85,2244,Bronze INV,br_InvType,TASK_COMPLETE,SUCCESS,INFO,7,7,0,,2026-08-31T19:06:18.658Z,2026-08-31T21:16:41.151Z,7823,2026-08-31T21:16:41.151Z,VBRA,Brainerd,79f5b39e-d314-4ad3-8050-3ace553d67de,SAMMS-BrainerdV6
202608312116371780,202608311905652348,202608311905652236,85,2245,Bronze INV,br_InvType,TASK_COMPLETE,SUCCESS,INFO,7,7,0,,2026-08-31T19:06:18.658Z,2026-08-31T21:16:41.151Z,7823,2026-08-31T21:16:41.151Z,VBRP,Brooklyn Park,79f5b39e-d314-4ad3-8050-3ace553d67de,SAMMS-BrooklynParkV6
202608312116371781,202608311905652349,202608311905652236,85,2247,Bronze INV,br_InvType,TASK_COMPLETE,SUCCESS,INFO,7,7,0,,2026-08-31T19:06:18.658Z,2026-08-31T21:16:41.151Z,7823,2026-08-31T21:16:41.151Z,VMIN,Minneapolis,79f5b39e-d314-4ad3-8050-3ace553d67de,SAMMS-MinneapolisV6
202608312116371782,202608311905652350,202608311905652236,85,2248,Bronze INV,br_InvType,TASK_COMPLETE,SUCCESS,INFO,7,7,0,,2026-08-31T19:06:18.658Z,2026-08-31T21:16:41.151Z,7823,2026-08-31T21:16:41.151Z,VWBY,Woodbury,79f5b39e-d314-4ad3-8050-3ace553d67de,SAMMS-WoodburyV6
202608312116371783,202608311905652351,202608311905652236,85,2250,Bronze INV,br_InvType,TASK_COMPLETE,SUCCESS,INFO,7,7,0,,2026-08-31T19:06:18.658Z,2026-08-31T21:16:41.151Z,7823,2026-08-31T21:16:41.151Z,WIL,Wilson,79f5b39e-d314-4ad3-8050-3ace553d67de,SAMMS-Wilson
202608312116371784,202608311905652352,202608311905652236,85,1886,Bronze INV,br_Bottle,TASK_COMPLETE,SUCCESS,INFO,1857,1857,0,,2026-08-31T19:06:18.658Z,2026-08-31T21:16:41.151Z,7823,2026-08-31T21:16:41.151Z,AHK,Ahoskie,79f5b39e-d314-4ad3-8050-3ace553d67de,SAMMS-Ahoskie
202608312116371785,202608311905652353,202608311905652236,85,1887,Bronze INV,br_Bottle,TASK_COMPLETE,SUCCESS,INFO,2832,2832,0,,2026-08-31T19:06:18.658Z,2026-08-31T21:16:41.151Z,7823,2026-08-31T21:16:41.151Z,B12B,Colorado Springs,79f5b39e-d314-4ad3-8050-3ace553d67de,SAMMS-ColoradoSpringsV5
202608312116371786,202608311905652354,202608311905652236,85,1888,Bronze INV,br_Bottle,TASK_COMPLETE,SUCCESS,INFO,25839,25839,0,,2026-08-31T19:06:18.658Z,2026-08-31T21:16:41.151Z,7823,2026-08-31T21:16:41.151Z,B24,Paintsville,79f5b39e-d314-4ad3-8050-3ace553d67de,SAMMS-PaintsvilleV5
202608312116371788,202608311905652355,202608311905652236,85,1889,Bronze INV,br_Bottle,TASK_COMPLETE,SUCCESS,INFO,28172,28172,0,,2026-08-31T19:06:18.658Z,2026-08-31T21:16:41.151Z,7823,2026-08-31T21:16:41.151Z,B25,Pikeville,79f5b39e-d314-4ad3-8050-3ace553d67de,SAMMS-PikevilleV5
202608312116371789,202608311905652356,202608311905652236,85,1890,Bronze INV,br_Bottle,TASK_COMPLETE,SUCCESS,INFO,51690,51690,0,,2026-08-31T19:06:18.658Z,2026-08-31T21:16:41.151Z,7823,2026-08-31T21:16:41.151Z,B26,Hazard,79f5b39e-d314-4ad3-8050-3ace553d67de,SAMMS-HazardV5
202608312116371790,202608311905652357,202608311905652236,85,1891,Bronze INV,br_Bottle,TASK_COMPLETE,SUCCESS,INFO,1857,1857,0,,2026-08-31T19:06:18.658Z,2026-08-31T21:16:41.151Z,7823,2026-08-31T21:16:41.151Z,B27,Savannah,79f5b39e-d314-4ad3-8050-3ace553d67de,SAMMS-SavannahV6
202608312116371791,202608311905652358,202608311905652236,85,1892,Bronze INV,br_Bottle,TASK_COMPLETE,SUCCESS,INFO,20161,20161,0,,2026-08-31T19:06:18.658Z,2026-08-31T21:16:41.151Z,7823,2026-08-31T21:16:41.151Z,B28,West Plains,79f5b39e-d314-4ad3-8050-3ace553d67de,SAMMS-WestPlainesV5
202608312116371792,202608311905652359,202608311905652236,85,1893,Bronze INV,br_Bottle,TASK_COMPLETE,SUCCESS,INFO,16959,16959,0,,2026-08-31T19:06:18.658Z,2026-08-31T21:16:41.151Z,7823,2026-08-31T21:16:41.151Z,B29,Poplar Bluff,79f5b39e-d314-4ad3-8050-3ace553d67de,SAMMS-PoplarBluffV5
202608312116371793,202608311905652360,202608311905652236,85,1894,Bronze INV,br_Bottle,TASK_COMPLETE,SUCCESS,INFO,7547,7547,0,,2026-08-31T19:06:18.658Z,2026-08-31T21:16:41.151Z,7823,2026-08-31T21:16:41.151Z,B30,KC North,79f5b39e-d314-4ad3-8050-3ace553d67de,SAMMS-KCNv5
202608312116371794,202608311905652361,202608311905652236,85,1895,Bronze INV,br_Bottle,TASK_COMPLETE,SUCCESS,INFO,42598,42598,0,,2026-08-31T19:06:18.658Z,2026-08-31T21:16:41.151Z,7823,2026-08-31T21:16:41.151Z,B31,Dyersburg,79f5b39e-d314-4ad3-8050-3ace553d67de,SAMMS-DyersburgV5
202608312116371795,202608311905652362,202608311905652236,85,1897,Bronze INV,br_Bottle,TASK_COMPLETE,SUCCESS,INFO,25121,25121,0,,2026-08-31T19:06:18.658Z,2026-08-31T21:16:41.151Z,7823,2026-08-31T21:16:41.151Z,B33,Paducah,79f5b39e-d314-4ad3-8050-3ace553d67de,SAMMS-Paducah
202608312116371796,202608311905652363,202608311905652236,85,1898,Bronze INV,br_Bottle,TASK_COMPLETE,SUCCESS,INFO,31969,31969,0,,2026-08-31T19:06:18.658Z,2026-08-31T21:16:41.151Z,7823,2026-08-31T21:16:41.151Z,B34,Corbin,79f5b39e-d314-4ad3-8050-3ace553d67de,SAMMS-CorbinV5
202608312116371798,202608311905652364,202608311905652236,85,1899,Bronze INV,br_Bottle,TASK_COMPLETE,SUCCESS,INFO,57967,57967,0,,2026-08-31T19:06:18.658Z,2026-08-31T21:16:41.151Z,7823,2026-08-31T21:16:41.151Z,B35,Lexington,79f5b39e-d314-4ad3-8050-3ace553d67de,SAMMS-LexingtonV5
202608312116371799,202608311905652365,202608311905652236,85,1900,Bronze INV,br_Bottle,TASK_COMPLETE,SUCCESS,INFO,11498,11498,0,,2026-08-31T19:06:18.658Z,2026-08-31T21:16:41.151Z,7823,2026-08-31T21:16:41.151Z,B35A,Berea,79f5b39e-d314-4ad3-8050-3ace553d67de,SAMMS-BereaV5
202608312116371800,202608311905652366,202608311905652236,85,1901,Bronze INV,br_Bottle,TASK_COMPLETE,SUCCESS,INFO,34242,34242,0,,2026-08-31T19:06:18.658Z,2026-08-31T21:16:41.151Z,7823,2026-08-31T21:16:41.151Z,B36,Asheville,79f5b39e-d314-4ad3-8050-3ace553d67de,SAMMS-AshevilleV5
202608312116371801,202608311905652367,202608311905652236,85,1902,Bronze INV,br_Bottle,TASK_COMPLETE,SUCCESS,INFO,20557,20557,0,,2026-08-31T19:06:18.658Z,2026-08-31T21:16:41.151Z,7823,2026-08-31T21:16:41.151Z,B37,Clyde,79f5b39e-d314-4ad3-8050-3ace553d67de,SAMMS-ClydeV5
202608312116371802,202608311905652368,202608311905652236,85,1903,Bronze INV,br_Bottle,TASK_COMPLETE,SUCCESS,INFO,24915,24915,0,,2026-08-31T19:06:18.658Z,2026-08-31T21:16:41.151Z,7823,2026-08-31T21:16:41.151Z,B38,Spartanburg,79f5b39e-d314-4ad3-8050-3ace553d67de,SAMMS-SpartanburgV5
202608312116371803,202608311905652369,202608311905652236,85,1904,Bronze INV,br_Bottle,TASK_COMPLETE,SUCCESS,INFO,6533,6533,0,,2026-08-31T19:06:18.658Z,2026-08-31T21:16:41.151Z,7823,2026-08-31T21:16:41.151Z,B39,Aiken,79f5b39e-d314-4ad3-8050-3ace553d67de,SAMMS-AikenV5
202608312116371804,202608311905652370,202608311905652236,85,1905,Bronze INV,br_Bottle,TASK_COMPLETE,SUCCESS,INFO,12822,12822,0,,2026-08-31T19:06:18.658Z,2026-08-31T21:16:41.151Z,7823,2026-08-31T21:16:41.151Z,B41,Chesapeake,79f5b39e-d314-4ad3-8050-3ace553d67de,SAMMS-ChesapeakeV5
202608312116371805,202608311905652371,202608311905652236,85,1906,Bronze INV,br_Bottle,TASK_COMPLETE,SUCCESS,INFO,19474,19474,0,,2026-08-31T19:06:18.658Z,2026-08-31T21:16:41.151Z,7823,2026-08-31T21:16:41.151Z,B42,Virginia Beach,79f5b39e-d314-4ad3-8050-3ace553d67de,SAMMS-VirginiaBeachV5
202608312116371807,202608311905652372,202608311905652236,85,1907,Bronze INV,br_Bottle,TASK_COMPLETE,SUCCESS,INFO,8680,8680,0,,2026-08-31T19:06:18.658Z,2026-08-31T21:16:41.151Z,7823,2026-08-31T21:16:41.151Z,B42A,Newport News,79f5b39e-d314-4ad3-8050-3ace553d67de,SAMMS-NewportNewsV5
202608312116371808,202608311905652373,202608311905652236,85,1908,Bronze INV,br_Bottle,TASK_COMPLETE,SUCCESS,INFO,2855,2855,0,,2026-08-31T19:06:18.658Z,2026-08-31T21:16:41.151Z,7823,2026-08-31T21:16:41.151Z,B42B,Franklin,79f5b39e-d314-4ad3-8050-3ace553d67de,SAMMS-FranklinV5
202608312116371809,202608311905652374,202608311905652236,85,1909,Bronze INV,br_Bottle,TASK_COMPLETE,SUCCESS,INFO,9628,9628,0,,2026-08-31T19:06:18.658Z,2026-08-31T21:16:41.151Z,7823,2026-08-31T21:16:41.151Z,B42C,Glen Allen,79f5b39e-d314-4ad3-8050-3ace553d67de,SAMMS-GlenAllenV5
202608312116371810,202608311905652375,202608311905652236,85,1910,Bronze INV,br_Bottle,TASK_COMPLETE,SUCCESS,INFO,7750,7750,0,,2026-08-31T19:06:18.658Z,2026-08-31T21:16:41.151Z,7823,2026-08-31T21:16:41.151Z,B42D,Chesapeake South,79f5b39e-d314-4ad3-8050-3ace553d67de,SAMMS-ChesapeakeSouthV5
202608312116371811,202608311905652376,202608311905652236,85,1911,Bronze INV,br_Bottle,TASK_COMPLETE,SUCCESS,INFO,11314,11314,0,,2026-08-31T19:06:18.658Z,2026-08-31T21:16:41.151Z,7823,2026-08-31T21:16:41.151Z,B44,Albany,79f5b39e-d314-4ad3-8050-3ace553d67de,SAMMS-AlbanyV5
202608312116371812,202608311905652377,202608311905652236,85,1912,Bronze INV,br_Bottle,TASK_COMPLETE,SUCCESS,INFO,14696,14696,0,,2026-08-31T19:06:18.658Z,2026-08-31T21:16:41.151Z,7823,2026-08-31T21:16:41.151Z,B45,Tifton,79f5b39e-d314-4ad3-8050-3ace553d67de,SAMMS-TiftonV5
202608312116371813,202608311905652378,202608311905652236,85,1913,Bronze INV,br_Bottle,TASK_COMPLETE,SUCCESS,INFO,8475,8475,0,,2026-08-31T19:06:18.658Z,2026-08-31T21:16:41.151Z,7823,2026-08-31T21:16:41.151Z,B46,Washington DC,79f5b39e-d314-4ad3-8050-3ace553d67de,SAMMS-WashingtonDCv5
202608312116371814,202608311905652379,202608311905652236,85,1914,Bronze INV,br_Bottle,TASK_COMPLETE,SUCCESS,INFO,11042,11042,0,,2026-08-31T19:06:18.658Z,2026-08-31T21:16:41.151Z,7823,2026-08-31T21:16:41.151Z,B47,Mobile,79f5b39e-d314-4ad3-8050-3ace553d67de,SAMMS-MobileV5
202608312116371816,202608311905652380,202608311905652236,85,1915,Bronze INV,br_Bottle,TASK_COMPLETE,SUCCESS,INFO,32023,32023,0,,2026-08-31T19:06:18.658Z,2026-08-31T21:16:41.151Z,7823,2026-08-31T21:16:41.151Z,B48,Tuscaloosa,79f5b39e-d314-4ad3-8050-3ace553d67de,SAMMS-TuscaloosaV5
202608312116371817,202608311905652381,202608311905652236,85,1924,Bronze INV,br_Bottle,TASK_COMPLETE,SUCCESS,INFO,2335,2335,0,,2026-08-31T19:06:18.658Z,2026-08-31T21:16:41.151Z,7823,2026-08-31T21:16:41.151Z,B51,N. Little Rock (OTP),79f5b39e-d314-4ad3-8050-3ace553d67de,SAMMS-NorthLittleRockV6
202608312116371818,202608311905652382,202608311905652236,85,1925,Bronze INV,br_Bottle,TASK_COMPLETE,SUCCESS,INFO,9415,9415,0,,2026-08-31T19:06:18.658Z,2026-08-31T21:16:41.151Z,7823,2026-08-31T21:16:41.151Z,B52,Jackson GA,79f5b39e-d314-4ad3-8050-3ace553d67de,SAMMS-JacksonGAV5
202608312116371819,202608311905652383,202608311905652236,85,1926,Bronze INV,br_Bottle,TASK_COMPLETE,SUCCESS,INFO,23474,23474,0,,2026-08-31T19:06:18.658Z,2026-08-31T21:16:41.151Z,7823,2026-08-31T21:16:41.151Z,B54,Gadsden,79f5b39e-d314-4ad3-8050-3ace553d67de,SAMMS-GadsdenV5
202608312116371820,202608311905652384,202608311905652236,85,1927,Bronze INV,br_Bottle,TASK_COMPLETE,SUCCESS,INFO,23846,23846,0,,2026-08-31T19:06:18.658Z,2026-08-31T21:16:41.151Z,7823,2026-08-31T21:16:41.151Z,B55,Shoals,79f5b39e-d314-4ad3-8050-3ace553d67de,SAMMS-ShoalsV5
202608312116371821,202608311905652385,202608311905652236,85,1928,Bronze INV,br_Bottle,TASK_COMPLETE,SUCCESS,INFO,2825,2825,0,,2026-08-31T19:06:18.658Z,2026-08-31T21:16:41.151Z,7823,2026-08-31T21:16:41.151Z,B57,Pawtucket,79f5b39e-d314-4ad3-8050-3ace553d67de,SAMMS-Pawtucket
202608312116371822,202608311905652386,202608311905652236,85,1929,Bronze INV,br_Bottle,TASK_COMPLETE,SUCCESS,INFO,2993,2993,0,,2026-08-31T19:06:18.658Z,2026-08-31T21:16:41.151Z,7823,2026-08-31T21:16:41.151Z,B57A,Johnston,79f5b39e-d314-4ad3-8050-3ace553d67de,SAMMS-Johnston
202608312116371823,202608311905652387,202608311905652236,85,1930,Bronze INV,br_Bottle,TASK_COMPLETE,SUCCESS,INFO,760,760,0,,2026-08-31T19:06:18.658Z,2026-08-31T21:16:41.151Z,7823,2026-08-31T21:16:41.151Z,B57B,Middletown,79f5b39e-d314-4ad3-8050-3ace553d67de,SAMMS-Middletown
202608312116371824,202608311905652388,202608311905652236,85,1931,Bronze INV,br_Bottle,TASK_COMPLETE,SUCCESS,INFO,1559,1559,0,,2026-08-31T19:06:18.658Z,2026-08-31T21:16:41.151Z,7823,2026-08-31T21:16:41.151Z,B57C,Providence,79f5b39e-d314-4ad3-8050-3ace553d67de,SAMMS-Providence
202608312116371825,202608311905652389,202608311905652236,85,1932,Bronze INV,br_Bottle,TASK_COMPLETE,SUCCESS,INFO,2542,2542,0,,2026-08-31T19:06:18.658Z,2026-08-31T21:16:41.151Z,7823,2026-08-31T21:16:41.151Z,B57D,Westerly,79f5b39e-d314-4ad3-8050-3ace553d67de,SAMMS-Westerly
202608312116371826,202608311905652390,202608311905652236,85,1936,Bronze INV,br_Bottle,TASK_COMPLETE,SUCCESS,INFO,0,0,0,,2026-08-31T19:06:18.658Z,2026-08-31T21:16:41.151Z,7823,2026-08-31T21:16:41.151Z,B66A,Bremen,79f5b39e-d314-4ad3-8050-3ace553d67de,SAMMS-Bremen
202608312116371828,202608311905652391,202608311905652236,85,1939,Bronze INV,br_Bottle,TASK_COMPLETE,SUCCESS,INFO,0,0,0,,2026-08-31T19:06:18.658Z,2026-08-31T21:16:41.151Z,7823,2026-08-31T21:16:41.151Z,B72,Mobile (OBOT),79f5b39e-d314-4ad3-8050-3ace553d67de,SAMMS-Mobile-OBOT
202608312116371829,202608311905652392,202608311905652236,85,1940,Bronze INV,br_Bottle,TASK_COMPLETE,SUCCESS,INFO,0,0,0,,2026-08-31T19:06:18.658Z,2026-08-31T21:16:41.151Z,7823,2026-08-31T21:16:41.151Z,B73,Montgomery,79f5b39e-d314-4ad3-8050-3ace553d67de,SAMMS-Montgomery
202608312116371830,202608311905652393,202608311905652236,85,1941,Bronze INV,br_Bottle,TASK_COMPLETE,SUCCESS,INFO,2258,2258,0,,2026-08-31T19:06:18.658Z,2026-08-31T21:16:41.151Z,7823,2026-08-31T21:16:41.151Z,B75,Lawrence,79f5b39e-d314-4ad3-8050-3ace553d67de,SAMMS-LawrenceV6
202608312116371831,202608311905652394,202608311905652236,85,1942,Bronze INV,br_Bottle,TASK_COMPLETE,SUCCESS,INFO,0,0,0,,2026-08-31T19:06:18.658Z,2026-08-31T21:16:41.151Z,7823,2026-08-31T21:16:41.151Z,B76,Huntsville OBOT,79f5b39e-d314-4ad3-8050-3ace553d67de,SAMMS-Huntsville-OBOT
202608312116371832,202608311905652395,202608311905652236,85,1943,Bronze INV,br_Bottle,TASK_COMPLETE,SUCCESS,INFO,0,0,0,,2026-08-31T19:06:18.658Z,2026-08-31T21:16:41.151Z,7823,2026-08-31T21:16:41.151Z,BAT,Batesville,79f5b39e-d314-4ad3-8050-3ace553d67de,SAMMS-Batesville
202608312116371833,202608311905652396,202608311905652236,85,1944,Bronze INV,br_Bottle,TASK_COMPLETE,SUCCESS,INFO,4200,4200,0,,2026-08-31T19:06:18.658Z,2026-08-31T21:16:41.151Z,7823,2026-08-31T21:16:41.151Z,BG,Bowling Green,79f5b39e-d314-4ad3-8050-3ace553d67de,SAMMS-BowlingGreen
202608312116371834,202608311905652397,202608311905652236,85,1945,Bronze INV,br_Bottle,TASK_COMPLETE,SUCCESS,INFO,2070,2070,0,,2026-08-31T19:06:18.658Z,2026-08-31T21:16:41.151Z,7823,2026-08-31T21:16:41.151Z,BOI,Boise,79f5b39e-d314-4ad3-8050-3ace553d67de,SAMMS-Boise
202608312116371835,202608311905652398,202608311905652236,85,1952,Bronze INV,br_Bottle,TASK_COMPLETE,SUCCESS,INFO,1116,1116,0,,2026-08-31T19:06:18.658Z,2026-08-31T21:16:41.151Z,7823,2026-08-31T21:16:41.151Z,CBCO,Coeur dAlene,79f5b39e-d314-4ad3-8050-3ace553d67de,SAMMS-CoeurdAleneV6
202608312116371837,202608311905652399,202608311905652236,85,1971,Bronze INV,br_Bottle,TASK_COMPLETE,SUCCESS,INFO,0,0,0,,2026-08-31T19:06:18.658Z,2026-08-31T21:16:41.151Z,7823,2026-08-31T21:16:41.151Z,CON,Conway,79f5b39e-d314-4ad3-8050-3ace553d67de,SAMMS-Conway
202608312116371838,202608311905652400,202608311905652236,85,1972,Bronze INV,br_Bottle,TASK_COMPLETE,SUCCESS,INFO,0,0,0,,2026-08-31T19:06:18.658Z,2026-08-31T21:16:41.151Z,7823,2026-08-31T21:16:41.151Z,D07,Medical Services Knox TN,79f5b39e-d314-4ad3-8050-3ace553d67de,SAMMS-KnoxvilleV6
202608312116371839,202608311905652401,202608311905652236,85,1973,Bronze INV,br_Bottle,TASK_COMPLETE,SUCCESS,INFO,5134,5134,0,,2026-08-31T19:06:18.658Z,2026-08-31T21:16:41.151Z,7823,2026-08-31T21:16:41.151Z,D08,Madison,79f5b39e-d314-4ad3-8050-3ace553d67de,SAMMS-MadisonV6
202608312116371840,202608311905652402,202608311905652236,85,1975,Bronze INV,br_Bottle,TASK_COMPLETE,SUCCESS,INFO,7037,7037,0,,2026-08-31T19:06:18.658Z,2026-08-31T21:16:41.151Z,7823,2026-08-31T21:16:41.151Z,D09,Murfreesboro,79f5b39e-d314-4ad3-8050-3ace553d67de,SAMMS-MurfreesboroV6
202608312116371841,202608311905652403,202608311905652236,85,1976,Bronze INV,br_Bottle,TASK_COMPLETE,SUCCESS,INFO,2227,2227,0,,2026-08-31T19:06:18.658Z,2026-08-31T21:16:41.151Z,7823,2026-08-31T21:16:41.151Z,DA,Davenport,79f5b39e-d314-4ad3-8050-3ace553d67de,SAMMS-Davenport
202608312116371842,202608311905652404,202608311905652236,85,1977,Bronze INV,br_Bottle,TASK_COMPLETE,SUCCESS,INFO,1673,1673,0,,2026-08-31T19:06:18.658Z,2026-08-31T21:16:41.151Z,7823,2026-08-31T21:16:41.151Z,DM,Des Moines,79f5b39e-d314-4ad3-8050-3ace553d67de,SAMMS-DesMoines
202608312116371843,202608311905652405,202608311905652236,85,1979,Bronze INV,br_Bottle,TASK_COMPLETE,SUCCESS,INFO,25636,25636,0,,2026-08-31T19:06:18.658Z,2026-08-31T21:16:41.151Z,7823,2026-08-31T21:16:41.151Z,DRD-CO,Columbia MO,79f5b39e-d314-4ad3-8050-3ace553d67de,SAMMS-ColumbiaV5
202608312116371844,202608311905652406,202608311905652236,85,1980,Bronze INV,br_Bottle,TASK_COMPLETE,SUCCESS,INFO,24789,24789,0,,2026-08-31T19:06:18.658Z,2026-08-31T21:16:41.151Z,7823,2026-08-31T21:16:41.151Z,DRD-KC,KC,79f5b39e-d314-4ad3-8050-3ace553d67de,SAMMS-KCv5
202608312116371845,202608311905652407,202608311905652236,85,1981,Bronze INV,br_Bottle,TASK_COMPLETE,SUCCESS,INFO,114755,114755,0,,2026-08-31T19:06:18.658Z,2026-08-31T21:16:41.151Z,7823,2026-08-31T21:16:41.151Z,DRD-KVB,KVB,79f5b39e-d314-4ad3-8050-3ace553d67de,SAMMS-KVBv5
202608312116371846,202608311905652408,202608311905652236,85,1982,Bronze INV,br_Bottle,TASK_COMPLETE,SUCCESS,INFO,112922,112922,0,,2026-08-31T19:06:18.658Z,2026-08-31T21:16:41.151Z,7823,2026-08-31T21:16:41.151Z,DRD-KVC,KVC,79f5b39e-d314-4ad3-8050-3ace553d67de,SAMMS-KVCv5
202609012114518604,202609011903672092,202609011903672005,85,2211,Bronze INV,br_InvType,TASK_COMPLETE,SUCCESS,INFO,8,8,0,,2026-09-01T19:04:17.664Z,2026-09-01T21:14:55.846Z,7838,2026-09-01T21:14:55.846Z,STVN,Stevenson,0e5f68b5-5669-4bb1-91ce-4b967b620e7d,SAMMS-Stevenson
202609012114518605,202609011903672093,202609011903672005,85,2213,Bronze INV,br_InvType,TASK_COMPLETE,SUCCESS,INFO,7,7,0,,2026-09-01T19:04:17.664Z,2026-09-01T21:14:55.846Z,7838,2026-09-01T21:14:55.846Z,TE,Tempe,0e5f68b5-5669-4bb1-91ce-4b967b620e7d,SAMMS-Tempe
202609012114518606,202609011903672094,202609011903672005,85,2214,Bronze INV,br_InvType,TASK_COMPLETE,SUCCESS,INFO,7,7,0,,2026-09-01T19:04:17.664Z,2026-09-01T21:14:55.846Z,7838,2026-09-01T21:14:55.846Z,TEX,Texarkana,0e5f68b5-5669-4bb1-91ce-4b967b620e7d,SAMMS-Texarkana
202609012114518607,202609011903672095,202609011903672005,85,2215,Bronze INV,br_InvType,TASK_COMPLETE,SUCCESS,INFO,6,6,0,,2026-09-01T19:04:17.664Z,2026-09-01T21:14:55.846Z,7838,2026-09-01T21:14:55.846Z,TTCA,Bessemer,0e5f68b5-5669-4bb1-91ce-4b967b620e7d,SAMMS-BessemerV5
202609012114518608,202609011903672096,202609011903672005,85,2216,Bronze INV,br_InvType,TASK_COMPLETE,SUCCESS,INFO,6,6,0,,2026-09-01T19:04:17.664Z,2026-09-01T21:14:55.846Z,7838,2026-09-01T21:14:55.846Z,TTCB,Cullman,0e5f68b5-5669-4bb1-91ce-4b967b620e7d,SAMMS-CullmanV5
202609012114518609,202609011903672097,202609011903672005,85,2217,Bronze INV,br_InvType,TASK_COMPLETE,SUCCESS,INFO,7,7,0,,2026-09-01T19:04:17.664Z,2026-09-01T21:14:55.846Z,7838,2026-09-01T21:14:55.846Z,TTCC,Grand Bay,0e5f68b5-5669-4bb1-91ce-4b967b620e7d,SAMMS-GrandBay
202609012114518610,202609011903672098,202609011903672005,85,2218,Bronze INV,br_InvType,TASK_COMPLETE,SUCCESS,INFO,7,7,0,,2026-09-01T19:04:17.664Z,2026-09-01T21:14:55.846Z,7838,2026-09-01T21:14:55.846Z,TU,Tucson,0e5f68b5-5669-4bb1-91ce-4b967b620e7d,SAMMS-Tucson
202609012114518612,202609011903672099,202609011903672005,85,2220,Bronze INV,br_InvType,TASK_COMPLETE,SUCCESS,INFO,6,6,0,,2026-09-01T19:04:17.664Z,2026-09-01T21:14:55.846Z,7838,2026-09-01T21:14:55.846Z,V1,Memphis South,0e5f68b5-5669-4bb1-91ce-4b967b620e7d,SAMMS-VCPHCS-I-MemphisV5
202609012114518613,202609011903672100,202609011903672005,85,2221,Bronze INV,br_InvType,TASK_COMPLETE,SUCCESS,INFO,8,8,0,,2026-09-01T19:04:17.664Z,2026-09-01T21:14:55.846Z,7838,2026-09-01T21:14:55.846Z,V10,Longmont,0e5f68b5-5669-4bb1-91ce-4b967b620e7d,SAMMS-BoulderV5
202609012114518614,202609011903672101,202609011903672005,85,2222,Bronze INV,br_InvType,TASK_COMPLETE,SUCCESS,INFO,8,8,0,,2026-09-01T19:04:17.664Z,2026-09-01T21:14:55.846Z,7838,2026-09-01T21:14:55.846Z,V10A,Fort Collins,0e5f68b5-5669-4bb1-91ce-4b967b620e7d,SAMMS-FortCollinsV5
202609012114518615,202609011903672102,202609011903672005,85,2223,Bronze INV,br_InvType,TASK_COMPLETE,SUCCESS,INFO,8,8,0,,2026-09-01T19:04:17.664Z,2026-09-01T21:14:55.846Z,7838,2026-09-01T21:14:55.846Z,V11,Westminster,0e5f68b5-5669-4bb1-91ce-4b967b620e7d,SAMMS-VCPHCS-XI-NorthDenverV5
202609012114518616,202609011903672103,202609011903672005,85,2224,Bronze INV,br_InvType,TASK_COMPLETE,SUCCESS,INFO,7,7,0,,2026-09-01T19:04:17.664Z,2026-09-01T21:14:55.846Z,7838,2026-09-01T21:14:55.846Z,V12,Downtown Denver,0e5f68b5-5669-4bb1-91ce-4b967b620e7d,SAMMS-VCPHCS-XII-DowntownDenverV5
202609012114518617,202609011903672104,202609011903672005,85,2225,Bronze INV,br_InvType,TASK_COMPLETE,SUCCESS,INFO,8,8,0,,2026-09-01T19:04:17.664Z,2026-09-01T21:14:55.846Z,7838,2026-09-01T21:14:55.846Z,V12A,Centennial,0e5f68b5-5669-4bb1-91ce-4b967b620e7d,SAMMS-CentennialV5
202609012114518618,202609011903672105,202609011903672005,85,2226,Bronze INV,br_InvType,TASK_COMPLETE,SUCCESS,INFO,7,7,0,,2026-09-01T19:04:17.664Z,2026-09-01T21:14:55.846Z,7838,2026-09-01T21:14:55.846Z,V14,Overland Park,0e5f68b5-5669-4bb1-91ce-4b967b620e7d,SAMMS-VCPHCS-XIV-BridgewayV5
202609012114518620,202609011903672106,202609011903672005,85,2227,Bronze INV,br_InvType,TASK_COMPLETE,SUCCESS,INFO,5,5,0,,2026-09-01T19:04:17.664Z,2026-09-01T21:14:55.846Z,7838,2026-09-01T21:14:55.846Z,V15,Joplin,0e5f68b5-5669-4bb1-91ce-4b967b620e7d,SAMMS-JoplinV5
202609012114518621,202609011903672107,202609011903672005,85,2229,Bronze INV,br_InvType,TASK_COMPLETE,SUCCESS,INFO,8,8,0,,2026-09-01T19:04:17.664Z,2026-09-01T21:14:55.846Z,7838,2026-09-01T21:14:55.846Z,V17,Columbia TN,0e5f68b5-5669-4bb1-91ce-4b967b620e7d,SAMMS-ColumbiaTNv5
202609012114518622,202609011903672108,202609011903672005,85,2231,Bronze INV,br_InvType,TASK_COMPLETE,SUCCESS,INFO,7,7,0,,2026-09-01T19:04:17.664Z,2026-09-01T21:14:55.846Z,7838,2026-09-01T21:14:55.846Z,V19,Jackson,0e5f68b5-5669-4bb1-91ce-4b967b620e7d,SAMMS-JacksonV5
202609012114518623,202609011903672109,202609011903672005,85,2233,Bronze INV,br_InvType,TASK_COMPLETE,SUCCESS,INFO,7,7,0,,2026-09-01T19:04:17.664Z,2026-09-01T21:14:55.846Z,7838,2026-09-01T21:14:55.846Z,V20,Paris,0e5f68b5-5669-4bb1-91ce-4b967b620e7d,SAMMS-ParisV5
202609012114518624,202609011903672110,202609011903672005,85,2234,Bronze INV,br_InvType,TASK_COMPLETE,SUCCESS,INFO,8,8,0,,2026-09-01T19:04:17.664Z,2026-09-01T21:14:55.846Z,7838,2026-09-01T21:14:55.846Z,V21,Memphis North,0e5f68b5-5669-4bb1-91ce-4b967b620e7d,SAMMS-RaleighV5
202609012114518625,202609011903672111,202609011903672005,85,2237,Bronze INV,br_InvType,TASK_COMPLETE,SUCCESS,INFO,7,7,0,,2026-09-01T19:04:17.664Z,2026-09-01T21:14:55.846Z,7838,2026-09-01T21:14:55.846Z,V5,West Bank,0e5f68b5-5669-4bb1-91ce-4b967b620e7d,SAMMS-NONTCv5
202609012114518626,202609011903672112,202609011903672005,85,2239,Bronze INV,br_InvType,TASK_COMPLETE,SUCCESS,INFO,7,7,0,,2026-09-01T19:04:17.664Z,2026-09-01T21:14:55.846Z,7838,2026-09-01T21:14:55.846Z,V5B,Houma,0e5f68b5-5669-4bb1-91ce-4b967b620e7d,SAMMS-HoumaV6
202609012114518627,202609011903672113,202609011903672005,85,2240,Bronze INV,br_InvType,TASK_COMPLETE,SUCCESS,INFO,8,8,0,,2026-09-01T19:04:17.664Z,2026-09-01T21:14:55.846Z,7838,2026-09-01T21:14:55.846Z,V6,Lake Charles,0e5f68b5-5669-4bb1-91ce-4b967b620e7d,SAMMS-LCv5
202609012114518629,202609011903672114,202609011903672005,85,2242,Bronze INV,br_InvType,TASK_COMPLETE,SUCCESS,INFO,7,7,0,,2026-09-01T19:04:17.664Z,2026-09-01T21:14:55.846Z,7838,2026-09-01T21:14:55.846Z,V8,Memphis Midtown,0e5f68b5-5669-4bb1-91ce-4b967b620e7d,SAMMS-VCPHCS-VIII-MemphisV5
202609012114518630,202609011903672115,202609011903672005,85,2243,Bronze INV,br_InvType,TASK_COMPLETE,SUCCESS,INFO,7,7,0,,2026-09-01T19:04:17.664Z,2026-09-01T21:14:55.846Z,7838,2026-09-01T21:14:55.846Z,V9,Nashville,0e5f68b5-5669-4bb1-91ce-4b967b620e7d,SAMMS-NashvilleV5
202609012114518631,202609011903672116,202609011903672005,85,2244,Bronze INV,br_InvType,TASK_COMPLETE,SUCCESS,INFO,7,7,0,,2026-09-01T19:04:17.664Z,2026-09-01T21:14:55.846Z,7838,2026-09-01T21:14:55.846Z,VBRA,Brainerd,0e5f68b5-5669-4bb1-91ce-4b967b620e7d,SAMMS-BrainerdV6
202609012114518632,202609011903672117,202609011903672005,85,2245,Bronze INV,br_InvType,TASK_COMPLETE,SUCCESS,INFO,7,7,0,,2026-09-01T19:04:17.664Z,2026-09-01T21:14:55.846Z,7838,2026-09-01T21:14:55.846Z,VBRP,Brooklyn Park,0e5f68b5-5669-4bb1-91ce-4b967b620e7d,SAMMS-BrooklynParkV6
202609012114518633,202609011903672118,202609011903672005,85,2247,Bronze INV,br_InvType,TASK_COMPLETE,SUCCESS,INFO,7,7,0,,2026-09-01T19:04:17.664Z,2026-09-01T21:14:55.846Z,7838,2026-09-01T21:14:55.846Z,VMIN,Minneapolis,0e5f68b5-5669-4bb1-91ce-4b967b620e7d,SAMMS-MinneapolisV6
202609012114518634,202609011903672119,202609011903672005,85,2248,Bronze INV,br_InvType,TASK_COMPLETE,SUCCESS,INFO,7,7,0,,2026-09-01T19:04:17.664Z,2026-09-01T21:14:55.846Z,7838,2026-09-01T21:14:55.846Z,VWBY,Woodbury,0e5f68b5-5669-4bb1-91ce-4b967b620e7d,SAMMS-WoodburyV6
202609012114518635,202609011903672120,202609011903672005,85,2250,Bronze INV,br_InvType,TASK_COMPLETE,SUCCESS,INFO,7,7,0,,2026-09-01T19:04:17.664Z,2026-09-01T21:14:55.846Z,7838,2026-09-01T21:14:55.846Z,WIL,Wilson,0e5f68b5-5669-4bb1-91ce-4b967b620e7d,SAMMS-Wilson
202609012114518637,202609011903672121,202609011903672005,85,1886,Bronze INV,br_Bottle,TASK_COMPLETE,SUCCESS,INFO,1857,1857,0,,2026-09-01T19:04:17.664Z,2026-09-01T21:14:55.846Z,7838,2026-09-01T21:14:55.846Z,AHK,Ahoskie,0e5f68b5-5669-4bb1-91ce-4b967b620e7d,SAMMS-Ahoskie
202609012114518638,202609011903672122,202609011903672005,85,1887,Bronze INV,br_Bottle,TASK_COMPLETE,SUCCESS,INFO,2832,2832,0,,2026-09-01T19:04:17.664Z,2026-09-01T21:14:55.846Z,7838,2026-09-01T21:14:55.846Z,B12B,Colorado Springs,0e5f68b5-5669-4bb1-91ce-4b967b620e7d,SAMMS-ColoradoSpringsV5
202609012114518639,202609011903672123,202609011903672005,85,1888,Bronze INV,br_Bottle,TASK_COMPLETE,SUCCESS,INFO,25839,25839,0,,2026-09-01T19:04:17.664Z,2026-09-01T21:14:55.846Z,7838,2026-09-01T21:14:55.846Z,B24,Paintsville,0e5f68b5-5669-4bb1-91ce-4b967b620e7d,SAMMS-PaintsvilleV5
202609012114518640,202609011903672124,202609011903672005,85,1889,Bronze INV,br_Bottle,TASK_COMPLETE,SUCCESS,INFO,28172,28172,0,,2026-09-01T19:04:17.664Z,2026-09-01T21:14:55.846Z,7838,2026-09-01T21:14:55.846Z,B25,Pikeville,0e5f68b5-5669-4bb1-91ce-4b967b620e7d,SAMMS-PikevilleV5
202609012114518641,202609011903672125,202609011903672005,85,1890,Bronze INV,br_Bottle,TASK_COMPLETE,SUCCESS,INFO,51695,51695,0,,2026-09-01T19:04:17.664Z,2026-09-01T21:14:55.846Z,7838,2026-09-01T21:14:55.846Z,B26,Hazard,0e5f68b5-5669-4bb1-91ce-4b967b620e7d,SAMMS-HazardV5
202609012114518642,202609011903672126,202609011903672005,85,1891,Bronze INV,br_Bottle,TASK_COMPLETE,SUCCESS,INFO,1857,1857,0,,2026-09-01T19:04:17.664Z,2026-09-01T21:14:55.846Z,7838,2026-09-01T21:14:55.846Z,B27,Savannah,0e5f68b5-5669-4bb1-91ce-4b967b620e7d,SAMMS-SavannahV6
202609012114518643,202609011903672127,202609011903672005,85,1892,Bronze INV,br_Bottle,TASK_COMPLETE,SUCCESS,INFO,20161,20161,0,,2026-09-01T19:04:17.664Z,2026-09-01T21:14:55.846Z,7838,2026-09-01T21:14:55.846Z,B28,West Plains,0e5f68b5-5669-4bb1-91ce-4b967b620e7d,SAMMS-WestPlainesV5
202609012114518644,202609011903672128,202609011903672005,85,1893,Bronze INV,br_Bottle,TASK_COMPLETE,SUCCESS,INFO,16959,16959,0,,2026-09-01T19:04:17.664Z,2026-09-01T21:14:55.846Z,7838,2026-09-01T21:14:55.846Z,B29,Poplar Bluff,0e5f68b5-5669-4bb1-91ce-4b967b620e7d,SAMMS-PoplarBluffV5
202609012114518646,202609011903672129,202609011903672005,85,1894,Bronze INV,br_Bottle,TASK_COMPLETE,SUCCESS,INFO,7547,7547,0,,2026-09-01T19:04:17.664Z,2026-09-01T21:14:55.846Z,7838,2026-09-01T21:14:55.846Z,B30,KC North,0e5f68b5-5669-4bb1-91ce-4b967b620e7d,SAMMS-KCNv5
202609012114518647,202609011903672130,202609011903672005,85,1895,Bronze INV,br_Bottle,TASK_COMPLETE,SUCCESS,INFO,42598,42598,0,,2026-09-01T19:04:17.664Z,2026-09-01T21:14:55.846Z,7838,2026-09-01T21:14:55.846Z,B31,Dyersburg,0e5f68b5-5669-4bb1-91ce-4b967b620e7d,SAMMS-DyersburgV5
202609012114518648,202609011903672131,202609011903672005,85,1897,Bronze INV,br_Bottle,TASK_COMPLETE,SUCCESS,INFO,25121,25121,0,,2026-09-01T19:04:17.664Z,2026-09-01T21:14:55.846Z,7838,2026-09-01T21:14:55.846Z,B33,Paducah,0e5f68b5-5669-4bb1-91ce-4b967b620e7d,SAMMS-Paducah
202609012114518649,202609011903672132,202609011903672005,85,1898,Bronze INV,br_Bottle,TASK_COMPLETE,SUCCESS,INFO,31969,31969,0,,2026-09-01T19:04:17.664Z,2026-09-01T21:14:55.846Z,7838,2026-09-01T21:14:55.846Z,B34,Corbin,0e5f68b5-5669-4bb1-91ce-4b967b620e7d,SAMMS-CorbinV5
202609012114518650,202609011903672133,202609011903672005,85,1899,Bronze INV,br_Bottle,TASK_COMPLETE,SUCCESS,INFO,58167,58167,0,,2026-09-01T19:04:17.664Z,2026-09-01T21:14:55.846Z,7838,2026-09-01T21:14:55.846Z,B35,Lexington,0e5f68b5-5669-4bb1-91ce-4b967b620e7d,SAMMS-LexingtonV5
202609012114518651,202609011903672134,202609011903672005,85,1900,Bronze INV,br_Bottle,TASK_COMPLETE,SUCCESS,INFO,11498,11498,0,,2026-09-01T19:04:17.664Z,2026-09-01T21:14:55.846Z,7838,2026-09-01T21:14:55.846Z,B35A,Berea,0e5f68b5-5669-4bb1-91ce-4b967b620e7d,SAMMS-BereaV5
202609012114518652,202609011903672135,202609011903672005,85,1901,Bronze INV,br_Bottle,TASK_COMPLETE,SUCCESS,INFO,34242,34242,0,,2026-09-01T19:04:17.664Z,2026-09-01T21:14:55.846Z,7838,2026-09-01T21:14:55.846Z,B36,Asheville,0e5f68b5-5669-4bb1-91ce-4b967b620e7d,SAMMS-AshevilleV5
202609012114518653,202609011903672136,202609011903672005,85,1902,Bronze INV,br_Bottle,TASK_COMPLETE,SUCCESS,INFO,20557,20557,0,,2026-09-01T19:04:17.664Z,2026-09-01T21:14:55.846Z,7838,2026-09-01T21:14:55.846Z,B37,Clyde,0e5f68b5-5669-4bb1-91ce-4b967b620e7d,SAMMS-ClydeV5
202609012114518655,202609011903672137,202609011903672005,85,1903,Bronze INV,br_Bottle,TASK_COMPLETE,SUCCESS,INFO,24915,24915,0,,2026-09-01T19:04:17.664Z,2026-09-01T21:14:55.846Z,7838,2026-09-01T21:14:55.846Z,B38,Spartanburg,0e5f68b5-5669-4bb1-91ce-4b967b620e7d,SAMMS-SpartanburgV5
202609012114518656,202609011903672138,202609011903672005,85,1904,Bronze INV,br_Bottle,TASK_COMPLETE,SUCCESS,INFO,6553,6553,0,,2026-09-01T19:04:17.664Z,2026-09-01T21:14:55.846Z,7838,2026-09-01T21:14:55.846Z,B39,Aiken,0e5f68b5-5669-4bb1-91ce-4b967b620e7d,SAMMS-AikenV5
202609012114518657,202609011903672139,202609011903672005,85,1905,Bronze INV,br_Bottle,TASK_COMPLETE,SUCCESS,INFO,12822,12822,0,,2026-09-01T19:04:17.664Z,2026-09-01T21:14:55.846Z,7838,2026-09-01T21:14:55.846Z,B41,Chesapeake,0e5f68b5-5669-4bb1-91ce-4b967b620e7d,SAMMS-ChesapeakeV5
202609012114518658,202609011903672140,202609011903672005,85,1906,Bronze INV,br_Bottle,TASK_COMPLETE,SUCCESS,INFO,19534,19534,0,,2026-09-01T19:04:17.664Z,2026-09-01T21:14:55.846Z,7838,2026-09-01T21:14:55.846Z,B42,Virginia Beach,0e5f68b5-5669-4bb1-91ce-4b967b620e7d,SAMMS-VirginiaBeachV5
202609012114518659,202609011903672141,202609011903672005,85,1907,Bronze INV,br_Bottle,TASK_COMPLETE,SUCCESS,INFO,8680,8680,0,,2026-09-01T19:04:17.664Z,2026-09-01T21:14:55.846Z,7838,2026-09-01T21:14:55.846Z,B42A,Newport News,0e5f68b5-5669-4bb1-91ce-4b967b620e7d,SAMMS-NewportNewsV5
202609012114518660,202609011903672142,202609011903672005,85,1908,Bronze INV,br_Bottle,TASK_COMPLETE,SUCCESS,INFO,2865,2865,0,,2026-09-01T19:04:17.664Z,2026-09-01T21:14:55.846Z,7838,2026-09-01T21:14:55.846Z,B42B,Franklin,0e5f68b5-5669-4bb1-91ce-4b967b620e7d,SAMMS-FranklinV5
202609012114518661,202609011903672143,202609011903672005,85,1909,Bronze INV,br_Bottle,TASK_COMPLETE,SUCCESS,INFO,9628,9628,0,,2026-09-01T19:04:17.664Z,2026-09-01T21:14:55.846Z,7838,2026-09-01T21:14:55.846Z,B42C,Glen Allen,0e5f68b5-5669-4bb1-91ce-4b967b620e7d,SAMMS-GlenAllenV5
202609012114518662,202609011903672144,202609011903672005,85,1910,Bronze INV,br_Bottle,TASK_COMPLETE,SUCCESS,INFO,7750,7750,0,,2026-09-01T19:04:17.664Z,2026-09-01T21:14:55.846Z,7838,2026-09-01T21:14:55.846Z,B42D,Chesapeake South,0e5f68b5-5669-4bb1-91ce-4b967b620e7d,SAMMS-ChesapeakeSouthV5
202609012114518664,202609011903672145,202609011903672005,85,1911,Bronze INV,br_Bottle,TASK_COMPLETE,SUCCESS,INFO,11314,11314,0,,2026-09-01T19:04:17.664Z,2026-09-01T21:14:55.846Z,7838,2026-09-01T21:14:55.846Z,B44,Albany,0e5f68b5-5669-4bb1-91ce-4b967b620e7d,SAMMS-AlbanyV5
202609012114518665,202609011903672146,202609011903672005,85,1912,Bronze INV,br_Bottle,TASK_COMPLETE,SUCCESS,INFO,14696,14696,0,,2026-09-01T19:04:17.664Z,2026-09-01T21:14:55.846Z,7838,2026-09-01T21:14:55.846Z,B45,Tifton,0e5f68b5-5669-4bb1-91ce-4b967b620e7d,SAMMS-TiftonV5
202609012114518666,202609011903672147,202609011903672005,85,1913,Bronze INV,br_Bottle,TASK_COMPLETE,SUCCESS,INFO,8475,8475,0,,2026-09-01T19:04:17.664Z,2026-09-01T21:14:55.846Z,7838,2026-09-01T21:14:55.846Z,B46,Washington DC,0e5f68b5-5669-4bb1-91ce-4b967b620e7d,SAMMS-WashingtonDCv5
202609012114518667,202609011903672148,202609011903672005,85,1914,Bronze INV,br_Bottle,TASK_COMPLETE,SUCCESS,INFO,11042,11042,0,,2026-09-01T19:04:17.664Z,2026-09-01T21:14:55.846Z,7838,2026-09-01T21:14:55.846Z,B47,Mobile,0e5f68b5-5669-4bb1-91ce-4b967b620e7d,SAMMS-MobileV5
202609012114518668,202609011903672149,202609011903672005,85,1915,Bronze INV,br_Bottle,TASK_COMPLETE,SUCCESS,INFO,32023,32023,0,,2026-09-01T19:04:17.664Z,2026-09-01T21:14:55.846Z,7838,2026-09-01T21:14:55.846Z,B48,Tuscaloosa,0e5f68b5-5669-4bb1-91ce-4b967b620e7d,SAMMS-TuscaloosaV5
202609012114518669,202609011903672150,202609011903672005,85,1924,Bronze INV,br_Bottle,TASK_COMPLETE,SUCCESS,INFO,2335,2335,0,,2026-09-01T19:04:17.664Z,2026-09-01T21:14:55.846Z,7838,2026-09-01T21:14:55.846Z,B51,N. Little Rock (OTP),0e5f68b5-5669-4bb1-91ce-4b967b620e7d,SAMMS-NorthLittleRockV6
202609012114518670,202609011903672151,202609011903672005,85,1925,Bronze INV,br_Bottle,TASK_COMPLETE,SUCCESS,INFO,9415,9415,0,,2026-09-01T19:04:17.664Z,2026-09-01T21:14:55.846Z,7838,2026-09-01T21:14:55.846Z,B52,Jackson GA,0e5f68b5-5669-4bb1-91ce-4b967b620e7d,SAMMS-JacksonGAV5
202609012114518671,202609011903672152,202609011903672005,85,1926,Bronze INV,br_Bottle,TASK_COMPLETE,SUCCESS,INFO,23474,23474,0,,2026-09-01T19:04:17.664Z,2026-09-01T21:14:55.846Z,7838,2026-09-01T21:14:55.846Z,B54,Gadsden,0e5f68b5-5669-4bb1-91ce-4b967b620e7d,SAMMS-GadsdenV5
202609012114518673,202609011903672153,202609011903672005,85,1927,Bronze INV,br_Bottle,TASK_COMPLETE,SUCCESS,INFO,23846,23846,0,,2026-09-01T19:04:17.664Z,2026-09-01T21:14:55.846Z,7838,2026-09-01T21:14:55.846Z,B55,Shoals,0e5f68b5-5669-4bb1-91ce-4b967b620e7d,SAMMS-ShoalsV5
202609012114518674,202609011903672154,202609011903672005,85,1928,Bronze INV,br_Bottle,TASK_COMPLETE,SUCCESS,INFO,2825,2825,0,,2026-09-01T19:04:17.664Z,2026-09-01T21:14:55.846Z,7838,2026-09-01T21:14:55.846Z,B57,Pawtucket,0e5f68b5-5669-4bb1-91ce-4b967b620e7d,SAMMS-Pawtucket
202609012114518675,202609011903672155,202609011903672005,85,1929,Bronze INV,br_Bottle,TASK_COMPLETE,SUCCESS,INFO,2993,2993,0,,2026-09-01T19:04:17.664Z,2026-09-01T21:14:55.846Z,7838,2026-09-01T21:14:55.846Z,B57A,Johnston,0e5f68b5-5669-4bb1-91ce-4b967b620e7d,SAMMS-Johnston
202609012114518676,202609011903672156,202609011903672005,85,1930,Bronze INV,br_Bottle,TASK_COMPLETE,SUCCESS,INFO,760,760,0,,2026-09-01T19:04:17.664Z,2026-09-01T21:14:55.846Z,7838,2026-09-01T21:14:55.846Z,B57B,Middletown,0e5f68b5-5669-4bb1-91ce-4b967b620e7d,SAMMS-Middletown
202609012114518677,202609011903672157,202609011903672005,85,1931,Bronze INV,br_Bottle,TASK_COMPLETE,SUCCESS,INFO,1559,1559,0,,2026-09-01T19:04:17.664Z,2026-09-01T21:14:55.846Z,7838,2026-09-01T21:14:55.846Z,B57C,Providence,0e5f68b5-5669-4bb1-91ce-4b967b620e7d,SAMMS-Providence
202609012114518678,202609011903672158,202609011903672005,85,1932,Bronze INV,br_Bottle,TASK_COMPLETE,SUCCESS,INFO,2542,2542,0,,2026-09-01T19:04:17.664Z,2026-09-01T21:14:55.846Z,7838,2026-09-01T21:14:55.846Z,B57D,Westerly,0e5f68b5-5669-4bb1-91ce-4b967b620e7d,SAMMS-Westerly
202609012114518679,202609011903672159,202609011903672005,85,1936,Bronze INV,br_Bottle,TASK_COMPLETE,SUCCESS,INFO,0,0,0,,2026-09-01T19:04:17.664Z,2026-09-01T21:14:55.846Z,7838,2026-09-01T21:14:55.846Z,B66A,Bremen,0e5f68b5-5669-4bb1-91ce-4b967b620e7d,SAMMS-Bremen
202609012114518681,202609011903672160,202609011903672005,85,1939,Bronze INV,br_Bottle,TASK_COMPLETE,SUCCESS,INFO,0,0,0,,2026-09-01T19:04:17.664Z,2026-09-01T21:14:55.846Z,7838,2026-09-01T21:14:55.846Z,B72,Mobile (OBOT),0e5f68b5-5669-4bb1-91ce-4b967b620e7d,SAMMS-Mobile-OBOT
202609012114518682,202609011903672161,202609011903672005,85,1940,Bronze INV,br_Bottle,TASK_COMPLETE,SUCCESS,INFO,0,0,0,,2026-09-01T19:04:17.664Z,2026-09-01T21:14:55.846Z,7838,2026-09-01T21:14:55.846Z,B73,Montgomery,0e5f68b5-5669-4bb1-91ce-4b967b620e7d,SAMMS-Montgomery
202609012114518683,202609011903672162,202609011903672005,85,1941,Bronze INV,br_Bottle,TASK_COMPLETE,SUCCESS,INFO,2258,2258,0,,2026-09-01T19:04:17.664Z,2026-09-01T21:14:55.846Z,7838,2026-09-01T21:14:55.846Z,B75,Lawrence,0e5f68b5-5669-4bb1-91ce-4b967b620e7d,SAMMS-LawrenceV6
202609012114518684,202609011903672163,202609011903672005,85,1942,Bronze INV,br_Bottle,TASK_COMPLETE,SUCCESS,INFO,0,0,0,,2026-09-01T19:04:17.664Z,2026-09-01T21:14:55.846Z,7838,2026-09-01T21:14:55.846Z,B76,Huntsville OBOT,0e5f68b5-5669-4bb1-91ce-4b967b620e7d,SAMMS-Huntsville-OBOT
202609012114518685,202609011903672164,202609011903672005,85,1943,Bronze INV,br_Bottle,TASK_COMPLETE,SUCCESS,INFO,0,0,0,,2026-09-01T19:04:17.664Z,2026-09-01T21:14:55.846Z,7838,2026-09-01T21:14:55.846Z,BAT,Batesville,0e5f68b5-5669-4bb1-91ce-4b967b620e7d,SAMMS-Batesville
202609012114518686,202609011903672165,202609011903672005,85,1944,Bronze INV,br_Bottle,TASK_COMPLETE,SUCCESS,INFO,4200,4200,0,,2026-09-01T19:04:17.664Z,2026-09-01T21:14:55.846Z,7838,2026-09-01T21:14:55.846Z,BG,Bowling Green,0e5f68b5-5669-4bb1-91ce-4b967b620e7d,SAMMS-BowlingGreen
202609012114518687,202609011903672166,202609011903672005,85,1945,Bronze INV,br_Bottle,TASK_COMPLETE,SUCCESS,INFO,2070,2070,0,,2026-09-01T19:04:17.664Z,2026-09-01T21:14:55.846Z,7838,2026-09-01T21:14:55.846Z,BOI,Boise,0e5f68b5-5669-4bb1-91ce-4b967b620e7d,SAMMS-Boise
202609012114518689,202609011903672167,202609011903672005,85,1952,Bronze INV,br_Bottle,TASK_COMPLETE,SUCCESS,INFO,1116,1116,0,,2026-09-01T19:04:17.664Z,2026-09-01T21:14:55.846Z,7838,2026-09-01T21:14:55.846Z,CBCO,Coeur dAlene,0e5f68b5-5669-4bb1-91ce-4b967b620e7d,SAMMS-CoeurdAleneV6
202609012114518690,202609011903672168,202609011903672005,85,1971,Bronze INV,br_Bottle,TASK_COMPLETE,SUCCESS,INFO,0,0,0,,2026-09-01T19:04:17.664Z,2026-09-01T21:14:55.846Z,7838,2026-09-01T21:14:55.846Z,CON,Conway,0e5f68b5-5669-4bb1-91ce-4b967b620e7d,SAMMS-Conway
202609012114518691,202609011903672169,202609011903672005,85,1972,Bronze INV,br_Bottle,TASK_COMPLETE,SUCCESS,INFO,0,0,0,,2026-09-01T19:04:17.664Z,2026-09-01T21:14:55.846Z,7838,2026-09-01T21:14:55.846Z,D07,Medical Services Knox TN,0e5f68b5-5669-4bb1-91ce-4b967b620e7d,SAMMS-KnoxvilleV6
202609012114518692,202609011903672170,202609011903672005,85,1973,Bronze INV,br_Bottle,TASK_COMPLETE,SUCCESS,INFO,5134,5134,0,,2026-09-01T19:04:17.664Z,2026-09-01T21:14:55.846Z,7838,2026-09-01T21:14:55.846Z,D08,Madison,0e5f68b5-5669-4bb1-91ce-4b967b620e7d,SAMMS-MadisonV6
202609012114518693,202609011903672171,202609011903672005,85,1975,Bronze INV,br_Bottle,TASK_COMPLETE,SUCCESS,INFO,7037,7037,0,,2026-09-01T19:04:17.664Z,2026-09-01T21:14:55.846Z,7838,2026-09-01T21:14:55.846Z,D09,Murfreesboro,0e5f68b5-5669-4bb1-91ce-4b967b620e7d,SAMMS-MurfreesboroV6
202609012114518694,202609011903672172,202609011903672005,85,1976,Bronze INV,br_Bottle,TASK_COMPLETE,SUCCESS,INFO,2227,2227,0,,2026-09-01T19:04:17.664Z,2026-09-01T21:14:55.846Z,7838,2026-09-01T21:14:55.846Z,DA,Davenport,0e5f68b5-5669-4bb1-91ce-4b967b620e7d,SAMMS-Davenport
202609012114518695,202609011903672173,202609011903672005,85,1977,Bronze INV,br_Bottle,TASK_COMPLETE,SUCCESS,INFO,1673,1673,0,,2026-09-01T19:04:17.664Z,2026-09-01T21:14:55.846Z,7838,2026-09-01T21:14:55.846Z,DM,Des Moines,0e5f68b5-5669-4bb1-91ce-4b967b620e7d,SAMMS-DesMoines
202609012114518696,202609011903672174,202609011903672005,85,1979,Bronze INV,br_Bottle,TASK_COMPLETE,SUCCESS,INFO,25636,25636,0,,2026-09-01T19:04:17.664Z,2026-09-01T21:14:55.846Z,7838,2026-09-01T21:14:55.846Z,DRD-CO,Columbia MO,0e5f68b5-5669-4bb1-91ce-4b967b620e7d,SAMMS-ColumbiaV5
202609012114518698,202609011903672175,202609011903672005,85,1980,Bronze INV,br_Bottle,TASK_COMPLETE,SUCCESS,INFO,24789,24789,0,,2026-09-01T19:04:17.664Z,2026-09-01T21:14:55.846Z,7838,2026-09-01T21:14:55.846Z,DRD-KC,KC,0e5f68b5-5669-4bb1-91ce-4b967b620e7d,SAMMS-KCv5
202609012114518699,202609011903672176,202609011903672005,85,1981,Bronze INV,br_Bottle,TASK_COMPLETE,SUCCESS,INFO,114755,114755,0,,2026-09-01T19:04:17.664Z,2026-09-01T21:14:55.846Z,7838,2026-09-01T21:14:55.846Z,DRD-KVB,KVB,0e5f68b5-5669-4bb1-91ce-4b967b620e7d,SAMMS-KVBv5
202609012114518700,202609011903672177,202609011903672005,85,1982,Bronze INV,br_Bottle,TASK_COMPLETE,SUCCESS,INFO,112922,112922,0,,2026-09-01T19:04:17.664Z,2026-09-01T21:14:55.846Z,7838,2026-09-01T21:14:55.846Z,DRD-KVC,KVC,0e5f68b5-5669-4bb1-91ce-4b967b620e7d,SAMMS-KVCv5
202608292054379019,202608291904434493,202608291904434406,85,2211,Bronze INV,br_InvType,TASK_COMPLETE,SUCCESS,INFO,8,8,0,,2026-08-29T19:04:49.126Z,2026-08-29T20:54:41.421Z,6592,2026-08-29T20:54:41.421Z,STVN,Stevenson,dd7385f2-fbd4-41a4-afcd-7296aca5e198,SAMMS-Stevenson
202608292054379021,202608291904434494,202608291904434406,85,2213,Bronze INV,br_InvType,TASK_COMPLETE,SUCCESS,INFO,7,7,0,,2026-08-29T19:04:49.126Z,2026-08-29T20:54:41.421Z,6592,2026-08-29T20:54:41.421Z,TE,Tempe,dd7385f2-fbd4-41a4-afcd-7296aca5e198,SAMMS-Tempe
202608292054379022,202608291904434495,202608291904434406,85,2214,Bronze INV,br_InvType,TASK_COMPLETE,SUCCESS,INFO,7,7,0,,2026-08-29T19:04:49.126Z,2026-08-29T20:54:41.421Z,6592,2026-08-29T20:54:41.421Z,TEX,Texarkana,dd7385f2-fbd4-41a4-afcd-7296aca5e198,SAMMS-Texarkana
202608292054379023,202608291904434496,202608291904434406,85,2215,Bronze INV,br_InvType,TASK_COMPLETE,SUCCESS,INFO,6,6,0,,2026-08-29T19:04:49.126Z,2026-08-29T20:54:41.421Z,6592,2026-08-29T20:54:41.421Z,TTCA,Bessemer,dd7385f2-fbd4-41a4-afcd-7296aca5e198,SAMMS-BessemerV5
202608292054379024,202608291904434497,202608291904434406,85,2216,Bronze INV,br_InvType,TASK_COMPLETE,SUCCESS,INFO,6,6,0,,2026-08-29T19:04:49.126Z,2026-08-29T20:54:41.421Z,6592,2026-08-29T20:54:41.421Z,TTCB,Cullman,dd7385f2-fbd4-41a4-afcd-7296aca5e198,SAMMS-CullmanV5
202608292054379025,202608291904434498,202608291904434406,85,2217,Bronze INV,br_InvType,TASK_COMPLETE,SUCCESS,INFO,7,7,0,,2026-08-29T19:04:49.126Z,2026-08-29T20:54:41.421Z,6592,2026-08-29T20:54:41.421Z,TTCC,Grand Bay,dd7385f2-fbd4-41a4-afcd-7296aca5e198,SAMMS-GrandBay
202608292054379027,202608291904434499,202608291904434406,85,2218,Bronze INV,br_InvType,TASK_COMPLETE,SUCCESS,INFO,7,7,0,,2026-08-29T19:04:49.126Z,2026-08-29T20:54:41.421Z,6592,2026-08-29T20:54:41.421Z,TU,Tucson,dd7385f2-fbd4-41a4-afcd-7296aca5e198,SAMMS-Tucson
202608292054379028,202608291904434500,202608291904434406,85,2220,Bronze INV,br_InvType,TASK_COMPLETE,SUCCESS,INFO,6,6,0,,2026-08-29T19:04:49.126Z,2026-08-29T20:54:41.421Z,6592,2026-08-29T20:54:41.421Z,V1,Memphis South,dd7385f2-fbd4-41a4-afcd-7296aca5e198,SAMMS-VCPHCS-I-MemphisV5
202608292054379029,202608291904434501,202608291904434406,85,2221,Bronze INV,br_InvType,TASK_COMPLETE,SUCCESS,INFO,8,8,0,,2026-08-29T19:04:49.126Z,2026-08-29T20:54:41.421Z,6592,2026-08-29T20:54:41.421Z,V10,Longmont,dd7385f2-fbd4-41a4-afcd-7296aca5e198,SAMMS-BoulderV5
202608292054379030,202608291904434502,202608291904434406,85,2222,Bronze INV,br_InvType,TASK_COMPLETE,SUCCESS,INFO,8,8,0,,2026-08-29T19:04:49.126Z,2026-08-29T20:54:41.421Z,6592,2026-08-29T20:54:41.421Z,V10A,Fort Collins,dd7385f2-fbd4-41a4-afcd-7296aca5e198,SAMMS-FortCollinsV5
202608292054379031,202608291904434503,202608291904434406,85,2223,Bronze INV,br_InvType,TASK_COMPLETE,SUCCESS,INFO,8,8,0,,2026-08-29T19:04:49.126Z,2026-08-29T20:54:41.421Z,6592,2026-08-29T20:54:41.421Z,V11,Westminster,dd7385f2-fbd4-41a4-afcd-7296aca5e198,SAMMS-VCPHCS-XI-NorthDenverV5
202608292054379032,202608291904434504,202608291904434406,85,2224,Bronze INV,br_InvType,TASK_COMPLETE,SUCCESS,INFO,7,7,0,,2026-08-29T19:04:49.126Z,2026-08-29T20:54:41.421Z,6592,2026-08-29T20:54:41.421Z,V12,Downtown Denver,dd7385f2-fbd4-41a4-afcd-7296aca5e198,SAMMS-VCPHCS-XII-DowntownDenverV5
202608292054379034,202608291904434505,202608291904434406,85,2225,Bronze INV,br_InvType,TASK_COMPLETE,SUCCESS,INFO,8,8,0,,2026-08-29T19:04:49.126Z,2026-08-29T20:54:41.421Z,6592,2026-08-29T20:54:41.421Z,V12A,Centennial,dd7385f2-fbd4-41a4-afcd-7296aca5e198,SAMMS-CentennialV5
202608292054379035,202608291904434506,202608291904434406,85,2226,Bronze INV,br_InvType,TASK_COMPLETE,SUCCESS,INFO,7,7,0,,2026-08-29T19:04:49.126Z,2026-08-29T20:54:41.421Z,6592,2026-08-29T20:54:41.421Z,V14,Overland Park,dd7385f2-fbd4-41a4-afcd-7296aca5e198,SAMMS-VCPHCS-XIV-BridgewayV5
202608292054379036,202608291904434507,202608291904434406,85,2227,Bronze INV,br_InvType,TASK_COMPLETE,SUCCESS,INFO,5,5,0,,2026-08-29T19:04:49.126Z,2026-08-29T20:54:41.421Z,6592,2026-08-29T20:54:41.421Z,V15,Joplin,dd7385f2-fbd4-41a4-afcd-7296aca5e198,SAMMS-JoplinV5
202608292054379037,202608291904434508,202608291904434406,85,2229,Bronze INV,br_InvType,TASK_COMPLETE,SUCCESS,INFO,8,8,0,,2026-08-29T19:04:49.126Z,2026-08-29T20:54:41.421Z,6592,2026-08-29T20:54:41.421Z,V17,Columbia TN,dd7385f2-fbd4-41a4-afcd-7296aca5e198,SAMMS-ColumbiaTNv5
202608292054379038,202608291904434509,202608291904434406,85,2231,Bronze INV,br_InvType,TASK_COMPLETE,SUCCESS,INFO,7,7,0,,2026-08-29T19:04:49.126Z,2026-08-29T20:54:41.421Z,6592,2026-08-29T20:54:41.421Z,V19,Jackson,dd7385f2-fbd4-41a4-afcd-7296aca5e198,SAMMS-JacksonV5
202608292054379039,202608291904434510,202608291904434406,85,2233,Bronze INV,br_InvType,TASK_COMPLETE,SUCCESS,INFO,7,7,0,,2026-08-29T19:04:49.126Z,2026-08-29T20:54:41.421Z,6592,2026-08-29T20:54:41.421Z,V20,Paris,dd7385f2-fbd4-41a4-afcd-7296aca5e198,SAMMS-ParisV5
202608292054379040,202608291904434511,202608291904434406,85,2234,Bronze INV,br_InvType,TASK_COMPLETE,SUCCESS,INFO,8,8,0,,2026-08-29T19:04:49.126Z,2026-08-29T20:54:41.421Z,6592,2026-08-29T20:54:41.421Z,V21,Memphis North,dd7385f2-fbd4-41a4-afcd-7296aca5e198,SAMMS-RaleighV5
202608292054379042,202608291904434512,202608291904434406,85,2237,Bronze INV,br_InvType,TASK_COMPLETE,SUCCESS,INFO,7,7,0,,2026-08-29T19:04:49.126Z,2026-08-29T20:54:41.421Z,6592,2026-08-29T20:54:41.421Z,V5,West Bank,dd7385f2-fbd4-41a4-afcd-7296aca5e198,SAMMS-NONTCv5
202608292054379043,202608291904434513,202608291904434406,85,2239,Bronze INV,br_InvType,TASK_COMPLETE,SUCCESS,INFO,7,7,0,,2026-08-29T19:04:49.126Z,2026-08-29T20:54:41.421Z,6592,2026-08-29T20:54:41.421Z,V5B,Houma,dd7385f2-fbd4-41a4-afcd-7296aca5e198,SAMMS-HoumaV6
202608292054379044,202608291904434514,202608291904434406,85,2240,Bronze INV,br_InvType,TASK_COMPLETE,SUCCESS,INFO,8,8,0,,2026-08-29T19:04:49.126Z,2026-08-29T20:54:41.421Z,6592,2026-08-29T20:54:41.421Z,V6,Lake Charles,dd7385f2-fbd4-41a4-afcd-7296aca5e198,SAMMS-LCv5
202608292054379045,202608291904434515,202608291904434406,85,2242,Bronze INV,br_InvType,TASK_COMPLETE,SUCCESS,INFO,7,7,0,,2026-08-29T19:04:49.126Z,2026-08-29T20:54:41.421Z,6592,2026-08-29T20:54:41.421Z,V8,Memphis Midtown,dd7385f2-fbd4-41a4-afcd-7296aca5e198,SAMMS-VCPHCS-VIII-MemphisV5
202608292054379046,202608291904434516,202608291904434406,85,2243,Bronze INV,br_InvType,TASK_COMPLETE,SUCCESS,INFO,7,7,0,,2026-08-29T19:04:49.126Z,2026-08-29T20:54:41.421Z,6592,2026-08-29T20:54:41.421Z,V9,Nashville,dd7385f2-fbd4-41a4-afcd-7296aca5e198,SAMMS-NashvilleV5
202608292054379048,202608291904434517,202608291904434406,85,2244,Bronze INV,br_InvType,TASK_COMPLETE,SUCCESS,INFO,7,7,0,,2026-08-29T19:04:49.126Z,2026-08-29T20:54:41.421Z,6592,2026-08-29T20:54:41.421Z,VBRA,Brainerd,dd7385f2-fbd4-41a4-afcd-7296aca5e198,SAMMS-BrainerdV6
202608292054379049,202608291904434518,202608291904434406,85,2245,Bronze INV,br_InvType,TASK_COMPLETE,SUCCESS,INFO,7,7,0,,2026-08-29T19:04:49.126Z,2026-08-29T20:54:41.421Z,6592,2026-08-29T20:54:41.421Z,VBRP,Brooklyn Park,dd7385f2-fbd4-41a4-afcd-7296aca5e198,SAMMS-BrooklynParkV6
202608292054379050,202608291904434519,202608291904434406,85,2247,Bronze INV,br_InvType,TASK_COMPLETE,SUCCESS,INFO,7,7,0,,2026-08-29T19:04:49.126Z,2026-08-29T20:54:41.421Z,6592,2026-08-29T20:54:41.421Z,VMIN,Minneapolis,dd7385f2-fbd4-41a4-afcd-7296aca5e198,SAMMS-MinneapolisV6
202608292054379051,202608291904434520,202608291904434406,85,2248,Bronze INV,br_InvType,TASK_COMPLETE,SUCCESS,INFO,7,7,0,,2026-08-29T19:04:49.126Z,2026-08-29T20:54:41.421Z,6592,2026-08-29T20:54:41.421Z,VWBY,Woodbury,dd7385f2-fbd4-41a4-afcd-7296aca5e198,SAMMS-WoodburyV6
202608292054379052,202608291904434521,202608291904434406,85,2250,Bronze INV,br_InvType,TASK_COMPLETE,SUCCESS,INFO,7,7,0,,2026-08-29T19:04:49.126Z,2026-08-29T20:54:41.421Z,6592,2026-08-29T20:54:41.421Z,WIL,Wilson,dd7385f2-fbd4-41a4-afcd-7296aca5e198,SAMMS-Wilson
202608292054379053,202608291904434522,202608291904434406,85,1886,Bronze INV,br_Bottle,TASK_COMPLETE,SUCCESS,INFO,1857,1857,0,,2026-08-29T19:04:49.126Z,2026-08-29T20:54:41.421Z,6592,2026-08-29T20:54:41.421Z,AHK,Ahoskie,dd7385f2-fbd4-41a4-afcd-7296aca5e198,SAMMS-Ahoskie
202608292054379055,202608291904434523,202608291904434406,85,1887,Bronze INV,br_Bottle,TASK_COMPLETE,SUCCESS,INFO,2832,2832,0,,2026-08-29T19:04:49.126Z,2026-08-29T20:54:41.421Z,6592,2026-08-29T20:54:41.421Z,B12B,Colorado Springs,dd7385f2-fbd4-41a4-afcd-7296aca5e198,SAMMS-ColoradoSpringsV5
202608292054379056,202608291904434524,202608291904434406,85,1888,Bronze INV,br_Bottle,TASK_COMPLETE,SUCCESS,INFO,25839,25839,0,,2026-08-29T19:04:49.126Z,2026-08-29T20:54:41.421Z,6592,2026-08-29T20:54:41.421Z,B24,Paintsville,dd7385f2-fbd4-41a4-afcd-7296aca5e198,SAMMS-PaintsvilleV5
202608292054379057,202608291904434525,202608291904434406,85,1889,Bronze INV,br_Bottle,TASK_COMPLETE,SUCCESS,INFO,28172,28172,0,,2026-08-29T19:04:49.126Z,2026-08-29T20:54:41.421Z,6592,2026-08-29T20:54:41.421Z,B25,Pikeville,dd7385f2-fbd4-41a4-afcd-7296aca5e198,SAMMS-PikevilleV5
202608292054379058,202608291904434526,202608291904434406,85,1890,Bronze INV,br_Bottle,TASK_COMPLETE,SUCCESS,INFO,51690,51690,0,,2026-08-29T19:04:49.126Z,2026-08-29T20:54:41.421Z,6592,2026-08-29T20:54:41.421Z,B26,Hazard,dd7385f2-fbd4-41a4-afcd-7296aca5e198,SAMMS-HazardV5
202608292054379059,202608291904434527,202608291904434406,85,1891,Bronze INV,br_Bottle,TASK_COMPLETE,SUCCESS,INFO,1857,1857,0,,2026-08-29T19:04:49.126Z,2026-08-29T20:54:41.421Z,6592,2026-08-29T20:54:41.421Z,B27,Savannah,dd7385f2-fbd4-41a4-afcd-7296aca5e198,SAMMS-SavannahV6
202608292054379060,202608291904434528,202608291904434406,85,1892,Bronze INV,br_Bottle,TASK_COMPLETE,SUCCESS,INFO,20161,20161,0,,2026-08-29T19:04:49.126Z,2026-08-29T20:54:41.421Z,6592,2026-08-29T20:54:41.421Z,B28,West Plains,dd7385f2-fbd4-41a4-afcd-7296aca5e198,SAMMS-WestPlainesV5
202608292054379061,202608291904434529,202608291904434406,85,1893,Bronze INV,br_Bottle,TASK_COMPLETE,SUCCESS,INFO,16959,16959,0,,2026-08-29T19:04:49.126Z,2026-08-29T20:54:41.421Z,6592,2026-08-29T20:54:41.421Z,B29,Poplar Bluff,dd7385f2-fbd4-41a4-afcd-7296aca5e198,SAMMS-PoplarBluffV5
202608292054379063,202608291904434530,202608291904434406,85,1894,Bronze INV,br_Bottle,TASK_COMPLETE,SUCCESS,INFO,7547,7547,0,,2026-08-29T19:04:49.126Z,2026-08-29T20:54:41.421Z,6592,2026-08-29T20:54:41.421Z,B30,KC North,dd7385f2-fbd4-41a4-afcd-7296aca5e198,SAMMS-KCNv5
202608292054379064,202608291904434531,202608291904434406,85,1895,Bronze INV,br_Bottle,TASK_COMPLETE,SUCCESS,INFO,42588,42588,0,,2026-08-29T19:04:49.126Z,2026-08-29T20:54:41.421Z,6592,2026-08-29T20:54:41.421Z,B31,Dyersburg,dd7385f2-fbd4-41a4-afcd-7296aca5e198,SAMMS-DyersburgV5
202608292054379065,202608291904434532,202608291904434406,85,1897,Bronze INV,br_Bottle,TASK_COMPLETE,SUCCESS,INFO,25121,25121,0,,2026-08-29T19:04:49.126Z,2026-08-29T20:54:41.421Z,6592,2026-08-29T20:54:41.421Z,B33,Paducah,dd7385f2-fbd4-41a4-afcd-7296aca5e198,SAMMS-Paducah
202608292054379066,202608291904434533,202608291904434406,85,1898,Bronze INV,br_Bottle,TASK_COMPLETE,SUCCESS,INFO,31969,31969,0,,2026-08-29T19:04:49.126Z,2026-08-29T20:54:41.421Z,6592,2026-08-29T20:54:41.421Z,B34,Corbin,dd7385f2-fbd4-41a4-afcd-7296aca5e198,SAMMS-CorbinV5
202608292054379067,202608291904434534,202608291904434406,85,1899,Bronze INV,br_Bottle,TASK_COMPLETE,SUCCESS,INFO,57967,57967,0,,2026-08-29T19:04:49.126Z,2026-08-29T20:54:41.421Z,6592,2026-08-29T20:54:41.421Z,B35,Lexington,dd7385f2-fbd4-41a4-afcd-7296aca5e198,SAMMS-LexingtonV5
202608292054379068,202608291904434535,202608291904434406,85,1900,Bronze INV,br_Bottle,TASK_COMPLETE,SUCCESS,INFO,11498,11498,0,,2026-08-29T19:04:49.126Z,2026-08-29T20:54:41.421Z,6592,2026-08-29T20:54:41.421Z,B35A,Berea,dd7385f2-fbd4-41a4-afcd-7296aca5e198,SAMMS-BereaV5
202608292054379069,202608291904434536,202608291904434406,85,1901,Bronze INV,br_Bottle,TASK_COMPLETE,SUCCESS,INFO,34242,34242,0,,2026-08-29T19:04:49.126Z,2026-08-29T20:54:41.421Z,6592,2026-08-29T20:54:41.421Z,B36,Asheville,dd7385f2-fbd4-41a4-afcd-7296aca5e198,SAMMS-AshevilleV5
202608292054379071,202608291904434537,202608291904434406,85,1902,Bronze INV,br_Bottle,TASK_COMPLETE,SUCCESS,INFO,20547,20547,0,,2026-08-29T19:04:49.126Z,2026-08-29T20:54:41.421Z,6592,2026-08-29T20:54:41.421Z,B37,Clyde,dd7385f2-fbd4-41a4-afcd-7296aca5e198,SAMMS-ClydeV5
202608292054379072,202608291904434538,202608291904434406,85,1903,Bronze INV,br_Bottle,TASK_COMPLETE,SUCCESS,INFO,24720,24720,0,,2026-08-29T19:04:49.126Z,2026-08-29T20:54:41.421Z,6592,2026-08-29T20:54:41.421Z,B38,Spartanburg,dd7385f2-fbd4-41a4-afcd-7296aca5e198,SAMMS-SpartanburgV5
202608292054379073,202608291904434539,202608291904434406,85,1904,Bronze INV,br_Bottle,TASK_COMPLETE,SUCCESS,INFO,6533,6533,0,,2026-08-29T19:04:49.126Z,2026-08-29T20:54:41.421Z,6592,2026-08-29T20:54:41.421Z,B39,Aiken,dd7385f2-fbd4-41a4-afcd-7296aca5e198,SAMMS-AikenV5
202608292054379074,202608291904434540,202608291904434406,85,1905,Bronze INV,br_Bottle,TASK_COMPLETE,SUCCESS,INFO,12822,12822,0,,2026-08-29T19:04:49.126Z,2026-08-29T20:54:41.421Z,6592,2026-08-29T20:54:41.421Z,B41,Chesapeake,dd7385f2-fbd4-41a4-afcd-7296aca5e198,SAMMS-ChesapeakeV5
202608292054379075,202608291904434541,202608291904434406,85,1906,Bronze INV,br_Bottle,TASK_COMPLETE,SUCCESS,INFO,19474,19474,0,,2026-08-29T19:04:49.126Z,2026-08-29T20:54:41.421Z,6592,2026-08-29T20:54:41.421Z,B42,Virginia Beach,dd7385f2-fbd4-41a4-afcd-7296aca5e198,SAMMS-VirginiaBeachV5
202608292054379076,202608291904434542,202608291904434406,85,1907,Bronze INV,br_Bottle,TASK_COMPLETE,SUCCESS,INFO,8680,8680,0,,2026-08-29T19:04:49.126Z,2026-08-29T20:54:41.421Z,6592,2026-08-29T20:54:41.421Z,B42A,Newport News,dd7385f2-fbd4-41a4-afcd-7296aca5e198,SAMMS-NewportNewsV5
202608292054379078,202608291904434543,202608291904434406,85,1908,Bronze INV,br_Bottle,TASK_COMPLETE,SUCCESS,INFO,2855,2855,0,,2026-08-29T19:04:49.126Z,2026-08-29T20:54:41.421Z,6592,2026-08-29T20:54:41.421Z,B42B,Franklin,dd7385f2-fbd4-41a4-afcd-7296aca5e198,SAMMS-FranklinV5
202608292054379079,202608291904434544,202608291904434406,85,1909,Bronze INV,br_Bottle,TASK_COMPLETE,SUCCESS,INFO,9628,9628,0,,2026-08-29T19:04:49.126Z,2026-08-29T20:54:41.421Z,6592,2026-08-29T20:54:41.421Z,B42C,Glen Allen,dd7385f2-fbd4-41a4-afcd-7296aca5e198,SAMMS-GlenAllenV5
202608292054379080,202608291904434545,202608291904434406,85,1910,Bronze INV,br_Bottle,TASK_COMPLETE,SUCCESS,INFO,7750,7750,0,,2026-08-29T19:04:49.126Z,2026-08-29T20:54:41.421Z,6592,2026-08-29T20:54:41.421Z,B42D,Chesapeake South,dd7385f2-fbd4-41a4-afcd-7296aca5e198,SAMMS-ChesapeakeSouthV5
202608292054379081,202608291904434546,202608291904434406,85,1911,Bronze INV,br_Bottle,TASK_COMPLETE,SUCCESS,INFO,11274,11274,0,,2026-08-29T19:04:49.126Z,2026-08-29T20:54:41.421Z,6592,2026-08-29T20:54:41.421Z,B44,Albany,dd7385f2-fbd4-41a4-afcd-7296aca5e198,SAMMS-AlbanyV5
202608292054379082,202608291904434547,202608291904434406,85,1912,Bronze INV,br_Bottle,TASK_COMPLETE,SUCCESS,INFO,14696,14696,0,,2026-08-29T19:04:49.126Z,2026-08-29T20:54:41.421Z,6592,2026-08-29T20:54:41.421Z,B45,Tifton,dd7385f2-fbd4-41a4-afcd-7296aca5e198,SAMMS-TiftonV5
202608292054379083,202608291904434548,202608291904434406,85,1913,Bronze INV,br_Bottle,TASK_COMPLETE,SUCCESS,INFO,8475,8475,0,,2026-08-29T19:04:49.126Z,2026-08-29T20:54:41.421Z,6592,2026-08-29T20:54:41.421Z,B46,Washington DC,dd7385f2-fbd4-41a4-afcd-7296aca5e198,SAMMS-WashingtonDCv5
202608292054379084,202608291904434549,202608291904434406,85,1914,Bronze INV,br_Bottle,TASK_COMPLETE,SUCCESS,INFO,11042,11042,0,,2026-08-29T19:04:49.126Z,2026-08-29T20:54:41.421Z,6592,2026-08-29T20:54:41.421Z,B47,Mobile,dd7385f2-fbd4-41a4-afcd-7296aca5e198,SAMMS-MobileV5
202608292054379086,202608291904434550,202608291904434406,85,1915,Bronze INV,br_Bottle,TASK_COMPLETE,SUCCESS,INFO,32023,32023,0,,2026-08-29T19:04:49.126Z,2026-08-29T20:54:41.421Z,6592,2026-08-29T20:54:41.421Z,B48,Tuscaloosa,dd7385f2-fbd4-41a4-afcd-7296aca5e198,SAMMS-TuscaloosaV5
202608292054379087,202608291904434551,202608291904434406,85,1924,Bronze INV,br_Bottle,TASK_COMPLETE,SUCCESS,INFO,2335,2335,0,,2026-08-29T19:04:49.126Z,2026-08-29T20:54:41.421Z,6592,2026-08-29T20:54:41.421Z,B51,N. Little Rock (OTP),dd7385f2-fbd4-41a4-afcd-7296aca5e198,SAMMS-NorthLittleRockV6
202608292054379088,202608291904434552,202608291904434406,85,1925,Bronze INV,br_Bottle,TASK_COMPLETE,SUCCESS,INFO,9415,9415,0,,2026-08-29T19:04:49.126Z,2026-08-29T20:54:41.421Z,6592,2026-08-29T20:54:41.421Z,B52,Jackson GA,dd7385f2-fbd4-41a4-afcd-7296aca5e198,SAMMS-JacksonGAV5
202608292054379089,202608291904434553,202608291904434406,85,1926,Bronze INV,br_Bottle,TASK_COMPLETE,SUCCESS,INFO,23194,23194,0,,2026-08-29T19:04:49.126Z,2026-08-29T20:54:41.421Z,6592,2026-08-29T20:54:41.421Z,B54,Gadsden,dd7385f2-fbd4-41a4-afcd-7296aca5e198,SAMMS-GadsdenV5
202608292054379091,202608291904434554,202608291904434406,85,1927,Bronze INV,br_Bottle,TASK_COMPLETE,SUCCESS,INFO,23846,23846,0,,2026-08-29T19:04:49.126Z,2026-08-29T20:54:41.421Z,6592,2026-08-29T20:54:41.421Z,B55,Shoals,dd7385f2-fbd4-41a4-afcd-7296aca5e198,SAMMS-ShoalsV5
202608292054379092,202608291904434555,202608291904434406,85,1928,Bronze INV,br_Bottle,TASK_COMPLETE,SUCCESS,INFO,2825,2825,0,,2026-08-29T19:04:49.126Z,2026-08-29T20:54:41.421Z,6592,2026-08-29T20:54:41.421Z,B57,Pawtucket,dd7385f2-fbd4-41a4-afcd-7296aca5e198,SAMMS-Pawtucket
202608292054379093,202608291904434556,202608291904434406,85,1929,Bronze INV,br_Bottle,TASK_COMPLETE,SUCCESS,INFO,2993,2993,0,,2026-08-29T19:04:49.126Z,2026-08-29T20:54:41.421Z,6592,2026-08-29T20:54:41.421Z,B57A,Johnston,dd7385f2-fbd4-41a4-afcd-7296aca5e198,SAMMS-Johnston
202608292054379094,202608291904434557,202608291904434406,85,1930,Bronze INV,br_Bottle,TASK_COMPLETE,SUCCESS,INFO,750,750,0,,2026-08-29T19:04:49.126Z,2026-08-29T20:54:41.421Z,6592,2026-08-29T20:54:41.421Z,B57B,Middletown,dd7385f2-fbd4-41a4-afcd-7296aca5e198,SAMMS-Middletown
202608292054379095,202608291904434558,202608291904434406,85,1931,Bronze INV,br_Bottle,TASK_COMPLETE,SUCCESS,INFO,1559,1559,0,,2026-08-29T19:04:49.126Z,2026-08-29T20:54:41.421Z,6592,2026-08-29T20:54:41.421Z,B57C,Providence,dd7385f2-fbd4-41a4-afcd-7296aca5e198,SAMMS-Providence
202608292054379096,202608291904434559,202608291904434406,85,1932,Bronze INV,br_Bottle,TASK_COMPLETE,SUCCESS,INFO,2542,2542,0,,2026-08-29T19:04:49.126Z,2026-08-29T20:54:41.421Z,6592,2026-08-29T20:54:41.421Z,B57D,Westerly,dd7385f2-fbd4-41a4-afcd-7296aca5e198,SAMMS-Westerly
202608292054379098,202608291904434560,202608291904434406,85,1936,Bronze INV,br_Bottle,TASK_COMPLETE,SUCCESS,INFO,0,0,0,,2026-08-29T19:04:49.126Z,2026-08-29T20:54:41.421Z,6592,2026-08-29T20:54:41.421Z,B66A,Bremen,dd7385f2-fbd4-41a4-afcd-7296aca5e198,SAMMS-Bremen
202608292054379099,202608291904434561,202608291904434406,85,1939,Bronze INV,br_Bottle,TASK_COMPLETE,SUCCESS,INFO,0,0,0,,2026-08-29T19:04:49.126Z,2026-08-29T20:54:41.421Z,6592,2026-08-29T20:54:41.421Z,B72,Mobile (OBOT),dd7385f2-fbd4-41a4-afcd-7296aca5e198,SAMMS-Mobile-OBOT
202608292054379100,202608291904434562,202608291904434406,85,1940,Bronze INV,br_Bottle,TASK_COMPLETE,SUCCESS,INFO,0,0,0,,2026-08-29T19:04:49.126Z,2026-08-29T20:54:41.421Z,6592,2026-08-29T20:54:41.421Z,B73,Montgomery,dd7385f2-fbd4-41a4-afcd-7296aca5e198,SAMMS-Montgomery
202608292054379101,202608291904434563,202608291904434406,85,1941,Bronze INV,br_Bottle,TASK_COMPLETE,SUCCESS,INFO,2258,2258,0,,2026-08-29T19:04:49.126Z,2026-08-29T20:54:41.421Z,6592,2026-08-29T20:54:41.421Z,B75,Lawrence,dd7385f2-fbd4-41a4-afcd-7296aca5e198,SAMMS-LawrenceV6
202608292054379102,202608291904434564,202608291904434406,85,1942,Bronze INV,br_Bottle,TASK_COMPLETE,SUCCESS,INFO,0,0,0,,2026-08-29T19:04:49.126Z,2026-08-29T20:54:41.421Z,6592,2026-08-29T20:54:41.421Z,B76,Huntsville OBOT,dd7385f2-fbd4-41a4-afcd-7296aca5e198,SAMMS-Huntsville-OBOT
202608292054379103,202608291904434565,202608291904434406,85,1943,Bronze INV,br_Bottle,TASK_COMPLETE,SUCCESS,INFO,0,0,0,,2026-08-29T19:04:49.126Z,2026-08-29T20:54:41.421Z,6592,2026-08-29T20:54:41.421Z,BAT,Batesville,dd7385f2-fbd4-41a4-afcd-7296aca5e198,SAMMS-Batesville
202608292054379105,202608291904434566,202608291904434406,85,1944,Bronze INV,br_Bottle,TASK_COMPLETE,SUCCESS,INFO,4200,4200,0,,2026-08-29T19:04:49.126Z,2026-08-29T20:54:41.421Z,6592,2026-08-29T20:54:41.421Z,BG,Bowling Green,dd7385f2-fbd4-41a4-afcd-7296aca5e198,SAMMS-BowlingGreen
202608292054379106,202608291904434567,202608291904434406,85,1945,Bronze INV,br_Bottle,TASK_COMPLETE,SUCCESS,INFO,2070,2070,0,,2026-08-29T19:04:49.126Z,2026-08-29T20:54:41.421Z,6592,2026-08-29T20:54:41.421Z,BOI,Boise,dd7385f2-fbd4-41a4-afcd-7296aca5e198,SAMMS-Boise
202608292054379107,202608291904434568,202608291904434406,85,1952,Bronze INV,br_Bottle,TASK_COMPLETE,SUCCESS,INFO,1116,1116,0,,2026-08-29T19:04:49.126Z,2026-08-29T20:54:41.421Z,6592,2026-08-29T20:54:41.421Z,CBCO,Coeur dAlene,dd7385f2-fbd4-41a4-afcd-7296aca5e198,SAMMS-CoeurdAleneV6
202608292054379108,202608291904434569,202608291904434406,85,1971,Bronze INV,br_Bottle,TASK_COMPLETE,SUCCESS,INFO,0,0,0,,2026-08-29T19:04:49.126Z,2026-08-29T20:54:41.421Z,6592,2026-08-29T20:54:41.421Z,CON,Conway,dd7385f2-fbd4-41a4-afcd-7296aca5e198,SAMMS-Conway
202608292054379109,202608291904434570,202608291904434406,85,1972,Bronze INV,br_Bottle,TASK_COMPLETE,SUCCESS,INFO,0,0,0,,2026-08-29T19:04:49.126Z,2026-08-29T20:54:41.421Z,6592,2026-08-29T20:54:41.421Z,D07,Medical Services Knox TN,dd7385f2-fbd4-41a4-afcd-7296aca5e198,SAMMS-KnoxvilleV6
202608292054379110,202608291904434571,202608291904434406,85,1973,Bronze INV,br_Bottle,TASK_COMPLETE,SUCCESS,INFO,5134,5134,0,,2026-08-29T19:04:49.126Z,2026-08-29T20:54:41.421Z,6592,2026-08-29T20:54:41.421Z,D08,Madison,dd7385f2-fbd4-41a4-afcd-7296aca5e198,SAMMS-MadisonV6
202608292054379112,202608291904434572,202608291904434406,85,1975,Bronze INV,br_Bottle,TASK_COMPLETE,SUCCESS,INFO,7037,7037,0,,2026-08-29T19:04:49.126Z,2026-08-29T20:54:41.421Z,6592,2026-08-29T20:54:41.421Z,D09,Murfreesboro,dd7385f2-fbd4-41a4-afcd-7296aca5e198,SAMMS-MurfreesboroV6
202608292054379113,202608291904434573,202608291904434406,85,1976,Bronze INV,br_Bottle,TASK_COMPLETE,SUCCESS,INFO,2227,2227,0,,2026-08-29T19:04:49.126Z,2026-08-29T20:54:41.421Z,6592,2026-08-29T20:54:41.421Z,DA,Davenport,dd7385f2-fbd4-41a4-afcd-7296aca5e198,SAMMS-Davenport
202608292054379114,202608291904434574,202608291904434406,85,1977,Bronze INV,br_Bottle,TASK_COMPLETE,SUCCESS,INFO,1673,1673,0,,2026-08-29T19:04:49.126Z,2026-08-29T20:54:41.421Z,6592,2026-08-29T20:54:41.421Z,DM,Des Moines,dd7385f2-fbd4-41a4-afcd-7296aca5e198,SAMMS-DesMoines
202608292054379115,202608291904434575,202608291904434406,85,1979,Bronze INV,br_Bottle,TASK_COMPLETE,SUCCESS,INFO,25636,25636,0,,2026-08-29T19:04:49.126Z,2026-08-29T20:54:41.421Z,6592,2026-08-29T20:54:41.421Z,DRD-CO,Columbia MO,dd7385f2-fbd4-41a4-afcd-7296aca5e198,SAMMS-ColumbiaV5
202608292054379116,202608291904434576,202608291904434406,85,1980,Bronze INV,br_Bottle,TASK_COMPLETE,SUCCESS,INFO,24789,24789,0,,2026-08-29T19:04:49.126Z,2026-08-29T20:54:41.421Z,6592,2026-08-29T20:54:41.421Z,DRD-KC,KC,dd7385f2-fbd4-41a4-afcd-7296aca5e198,SAMMS-KCv5
202608292054379117,202608291904434577,202608291904434406,85,1981,Bronze INV,br_Bottle,TASK_COMPLETE,SUCCESS,INFO,114755,114755,0,,2026-08-29T19:04:49.126Z,2026-08-29T20:54:41.421Z,6592,2026-08-29T20:54:41.421Z,DRD-KVB,KVB,dd7385f2-fbd4-41a4-afcd-7296aca5e198,SAMMS-KVBv5
202608292054379118,202608291904434578,202608291904434406,85,1982,Bronze INV,br_Bottle,TASK_COMPLETE,SUCCESS,INFO,112922,112922,0,,2026-08-29T19:04:49.126Z,2026-08-29T20:54:41.421Z,6592,2026-08-29T20:54:41.421Z,DRD-KVC,KVC,dd7385f2-fbd4-41a4-afcd-7296aca5e198,SAMMS-KVCv5
202609022122570494,202609021903206162,202609021903206075,85,2211,Bronze INV,br_InvType,TASK_COMPLETE,SUCCESS,INFO,8,8,0,,2026-09-02T19:03:39.838Z,2026-09-02T21:23:00.812Z,8361,2026-09-02T21:23:00.812Z,STVN,Stevenson,c49685cc-3281-44bc-a1c2-3be5b1110999,SAMMS-Stevenson
202609022122570496,202609021903206163,202609021903206075,85,2213,Bronze INV,br_InvType,TASK_COMPLETE,SUCCESS,INFO,7,7,0,,2026-09-02T19:03:39.838Z,2026-09-02T21:23:00.812Z,8361,2026-09-02T21:23:00.812Z,TE,Tempe,c49685cc-3281-44bc-a1c2-3be5b1110999,SAMMS-Tempe
202609022122570497,202609021903206164,202609021903206075,85,2214,Bronze INV,br_InvType,TASK_COMPLETE,SUCCESS,INFO,7,7,0,,2026-09-02T19:03:39.838Z,2026-09-02T21:23:00.812Z,8361,2026-09-02T21:23:00.812Z,TEX,Texarkana,c49685cc-3281-44bc-a1c2-3be5b1110999,SAMMS-Texarkana
202609022122570498,202609021903206165,202609021903206075,85,2215,Bronze INV,br_InvType,TASK_COMPLETE,SUCCESS,INFO,6,6,0,,2026-09-02T19:03:39.838Z,2026-09-02T21:23:00.812Z,8361,2026-09-02T21:23:00.812Z,TTCA,Bessemer,c49685cc-3281-44bc-a1c2-3be5b1110999,SAMMS-BessemerV5
202609022122570499,202609021903206166,202609021903206075,85,2216,Bronze INV,br_InvType,TASK_COMPLETE,SUCCESS,INFO,6,6,0,,2026-09-02T19:03:39.838Z,2026-09-02T21:23:00.812Z,8361,2026-09-02T21:23:00.812Z,TTCB,Cullman,c49685cc-3281-44bc-a1c2-3be5b1110999,SAMMS-CullmanV5
202609022122570500,202609021903206167,202609021903206075,85,2217,Bronze INV,br_InvType,TASK_COMPLETE,SUCCESS,INFO,7,7,0,,2026-09-02T19:03:39.838Z,2026-09-02T21:23:00.812Z,8361,2026-09-02T21:23:00.812Z,TTCC,Grand Bay,c49685cc-3281-44bc-a1c2-3be5b1110999,SAMMS-GrandBay
202609022122570501,202609021903206168,202609021903206075,85,2218,Bronze INV,br_InvType,TASK_COMPLETE,SUCCESS,INFO,7,7,0,,2026-09-02T19:03:39.838Z,2026-09-02T21:23:00.812Z,8361,2026-09-02T21:23:00.812Z,TU,Tucson,c49685cc-3281-44bc-a1c2-3be5b1110999,SAMMS-Tucson
202609022122570502,202609021903206169,202609021903206075,85,2220,Bronze INV,br_InvType,TASK_COMPLETE,SUCCESS,INFO,6,6,0,,2026-09-02T19:03:39.838Z,2026-09-02T21:23:00.812Z,8361,2026-09-02T21:23:00.812Z,V1,Memphis South,c49685cc-3281-44bc-a1c2-3be5b1110999,SAMMS-VCPHCS-I-MemphisV5
202609022122570503,202609021903206170,202609021903206075,85,2221,Bronze INV,br_InvType,TASK_COMPLETE,SUCCESS,INFO,8,8,0,,2026-09-02T19:03:39.838Z,2026-09-02T21:23:00.812Z,8361,2026-09-02T21:23:00.812Z,V10,Longmont,c49685cc-3281-44bc-a1c2-3be5b1110999,SAMMS-BoulderV5
202609022122570504,202609021903206171,202609021903206075,85,2222,Bronze INV,br_InvType,TASK_COMPLETE,SUCCESS,INFO,8,8,0,,2026-09-02T19:03:39.838Z,2026-09-02T21:23:00.812Z,8361,2026-09-02T21:23:00.812Z,V10A,Fort Collins,c49685cc-3281-44bc-a1c2-3be5b1110999,SAMMS-FortCollinsV5
202609022122570505,202609021903206172,202609021903206075,85,2223,Bronze INV,br_InvType,TASK_COMPLETE,SUCCESS,INFO,8,8,0,,2026-09-02T19:03:39.838Z,2026-09-02T21:23:00.812Z,8361,2026-09-02T21:23:00.812Z,V11,Westminster,c49685cc-3281-44bc-a1c2-3be5b1110999,SAMMS-VCPHCS-XI-NorthDenverV5
202609022122570506,202609021903206173,202609021903206075,85,2224,Bronze INV,br_InvType,TASK_COMPLETE,SUCCESS,INFO,7,7,0,,2026-09-02T19:03:39.838Z,2026-09-02T21:23:00.812Z,8361,2026-09-02T21:23:00.812Z,V12,Downtown Denver,c49685cc-3281-44bc-a1c2-3be5b1110999,SAMMS-VCPHCS-XII-DowntownDenverV5
202609022122570508,202609021903206174,202609021903206075,85,2225,Bronze INV,br_InvType,TASK_COMPLETE,SUCCESS,INFO,8,8,0,,2026-09-02T19:03:39.838Z,2026-09-02T21:23:00.812Z,8361,2026-09-02T21:23:00.812Z,V12A,Centennial,c49685cc-3281-44bc-a1c2-3be5b1110999,SAMMS-CentennialV5
202609022122570509,202609021903206175,202609021903206075,85,2226,Bronze INV,br_InvType,TASK_COMPLETE,SUCCESS,INFO,7,7,0,,2026-09-02T19:03:39.838Z,2026-09-02T21:23:00.812Z,8361,2026-09-02T21:23:00.812Z,V14,Overland Park,c49685cc-3281-44bc-a1c2-3be5b1110999,SAMMS-VCPHCS-XIV-BridgewayV5
202609022122570510,202609021903206176,202609021903206075,85,2227,Bronze INV,br_InvType,TASK_COMPLETE,SUCCESS,INFO,5,5,0,,2026-09-02T19:03:39.838Z,2026-09-02T21:23:00.812Z,8361,2026-09-02T21:23:00.812Z,V15,Joplin,c49685cc-3281-44bc-a1c2-3be5b1110999,SAMMS-JoplinV5
202609022122570511,202609021903206177,202609021903206075,85,2229,Bronze INV,br_InvType,TASK_COMPLETE,SUCCESS,INFO,8,8,0,,2026-09-02T19:03:39.838Z,2026-09-02T21:23:00.812Z,8361,2026-09-02T21:23:00.812Z,V17,Columbia TN,c49685cc-3281-44bc-a1c2-3be5b1110999,SAMMS-ColumbiaTNv5
202609022122570512,202609021903206178,202609021903206075,85,2231,Bronze INV,br_InvType,TASK_COMPLETE,SUCCESS,INFO,7,7,0,,2026-09-02T19:03:39.838Z,2026-09-02T21:23:00.812Z,8361,2026-09-02T21:23:00.812Z,V19,Jackson,c49685cc-3281-44bc-a1c2-3be5b1110999,SAMMS-JacksonV5
202609022122570513,202609021903206179,202609021903206075,85,2233,Bronze INV,br_InvType,TASK_COMPLETE,SUCCESS,INFO,7,7,0,,2026-09-02T19:03:39.838Z,2026-09-02T21:23:00.812Z,8361,2026-09-02T21:23:00.812Z,V20,Paris,c49685cc-3281-44bc-a1c2-3be5b1110999,SAMMS-ParisV5
202609022122570514,202609021903206180,202609021903206075,85,2234,Bronze INV,br_InvType,TASK_COMPLETE,SUCCESS,INFO,8,8,0,,2026-09-02T19:03:39.838Z,2026-09-02T21:23:00.812Z,8361,2026-09-02T21:23:00.812Z,V21,Memphis North,c49685cc-3281-44bc-a1c2-3be5b1110999,SAMMS-RaleighV5
202609022122570515,202609021903206181,202609021903206075,85,2237,Bronze INV,br_InvType,TASK_COMPLETE,SUCCESS,INFO,7,7,0,,2026-09-02T19:03:39.838Z,2026-09-02T21:23:00.812Z,8361,2026-09-02T21:23:00.812Z,V5,West Bank,c49685cc-3281-44bc-a1c2-3be5b1110999,SAMMS-NONTCv5
202609022122570517,202609021903206182,202609021903206075,85,2239,Bronze INV,br_InvType,TASK_COMPLETE,SUCCESS,INFO,7,7,0,,2026-09-02T19:03:39.838Z,2026-09-02T21:23:00.812Z,8361,2026-09-02T21:23:00.812Z,V5B,Houma,c49685cc-3281-44bc-a1c2-3be5b1110999,SAMMS-HoumaV6
202609022122570518,202609021903206183,202609021903206075,85,2240,Bronze INV,br_InvType,TASK_COMPLETE,SUCCESS,INFO,8,8,0,,2026-09-02T19:03:39.838Z,2026-09-02T21:23:00.812Z,8361,2026-09-02T21:23:00.812Z,V6,Lake Charles,c49685cc-3281-44bc-a1c2-3be5b1110999,SAMMS-LCv5
202609022122570519,202609021903206184,202609021903206075,85,2242,Bronze INV,br_InvType,TASK_COMPLETE,SUCCESS,INFO,7,7,0,,2026-09-02T19:03:39.838Z,2026-09-02T21:23:00.812Z,8361,2026-09-02T21:23:00.812Z,V8,Memphis Midtown,c49685cc-3281-44bc-a1c2-3be5b1110999,SAMMS-VCPHCS-VIII-MemphisV5
202609022122570520,202609021903206185,202609021903206075,85,2243,Bronze INV,br_InvType,TASK_COMPLETE,SUCCESS,INFO,7,7,0,,2026-09-02T19:03:39.838Z,2026-09-02T21:23:00.812Z,8361,2026-09-02T21:23:00.812Z,V9,Nashville,c49685cc-3281-44bc-a1c2-3be5b1110999,SAMMS-NashvilleV5
202609022122570521,202609021903206186,202609021903206075,85,2244,Bronze INV,br_InvType,TASK_COMPLETE,SUCCESS,INFO,7,7,0,,2026-09-02T19:03:39.838Z,2026-09-02T21:23:00.812Z,8361,2026-09-02T21:23:00.812Z,VBRA,Brainerd,c49685cc-3281-44bc-a1c2-3be5b1110999,SAMMS-BrainerdV6
202609022122570522,202609021903206187,202609021903206075,85,2245,Bronze INV,br_InvType,TASK_COMPLETE,SUCCESS,INFO,7,7,0,,2026-09-02T19:03:39.838Z,2026-09-02T21:23:00.812Z,8361,2026-09-02T21:23:00.812Z,VBRP,Brooklyn Park,c49685cc-3281-44bc-a1c2-3be5b1110999,SAMMS-BrooklynParkV6
202609022122570523,202609021903206188,202609021903206075,85,2247,Bronze INV,br_InvType,TASK_COMPLETE,SUCCESS,INFO,7,7,0,,2026-09-02T19:03:39.838Z,2026-09-02T21:23:00.812Z,8361,2026-09-02T21:23:00.812Z,VMIN,Minneapolis,c49685cc-3281-44bc-a1c2-3be5b1110999,SAMMS-MinneapolisV6
202609022122570524,202609021903206189,202609021903206075,85,2248,Bronze INV,br_InvType,TASK_COMPLETE,SUCCESS,INFO,7,7,0,,2026-09-02T19:03:39.838Z,2026-09-02T21:23:00.812Z,8361,2026-09-02T21:23:00.812Z,VWBY,Woodbury,c49685cc-3281-44bc-a1c2-3be5b1110999,SAMMS-WoodburyV6
202609022122570525,202609021903206190,202609021903206075,85,2250,Bronze INV,br_InvType,TASK_COMPLETE,SUCCESS,INFO,7,7,0,,2026-09-02T19:03:39.838Z,2026-09-02T21:23:00.812Z,8361,2026-09-02T21:23:00.812Z,WIL,Wilson,c49685cc-3281-44bc-a1c2-3be5b1110999,SAMMS-Wilson
202609022122570527,202609021903206191,202609021903206075,85,1886,Bronze INV,br_Bottle,TASK_COMPLETE,SUCCESS,INFO,1857,1857,0,,2026-09-02T19:03:39.838Z,2026-09-02T21:23:00.812Z,8361,2026-09-02T21:23:00.812Z,AHK,Ahoskie,c49685cc-3281-44bc-a1c2-3be5b1110999,SAMMS-Ahoskie
202609022122570528,202609021903206192,202609021903206075,85,1887,Bronze INV,br_Bottle,TASK_COMPLETE,SUCCESS,INFO,2832,2832,0,,2026-09-02T19:03:39.838Z,2026-09-02T21:23:00.812Z,8361,2026-09-02T21:23:00.812Z,B12B,Colorado Springs,c49685cc-3281-44bc-a1c2-3be5b1110999,SAMMS-ColoradoSpringsV5
202609022122570529,202609021903206193,202609021903206075,85,1888,Bronze INV,br_Bottle,TASK_COMPLETE,SUCCESS,INFO,25839,25839,0,,2026-09-02T19:03:39.838Z,2026-09-02T21:23:00.812Z,8361,2026-09-02T21:23:00.812Z,B24,Paintsville,c49685cc-3281-44bc-a1c2-3be5b1110999,SAMMS-PaintsvilleV5
202609022122570530,202609021903206194,202609021903206075,85,1889,Bronze INV,br_Bottle,TASK_COMPLETE,SUCCESS,INFO,28172,28172,0,,2026-09-02T19:03:39.838Z,2026-09-02T21:23:00.812Z,8361,2026-09-02T21:23:00.812Z,B25,Pikeville,c49685cc-3281-44bc-a1c2-3be5b1110999,SAMMS-PikevilleV5
202609022122570531,202609021903206195,202609021903206075,85,1890,Bronze INV,br_Bottle,TASK_COMPLETE,SUCCESS,INFO,51695,51695,0,,2026-09-02T19:03:39.838Z,2026-09-02T21:23:00.812Z,8361,2026-09-02T21:23:00.812Z,B26,Hazard,c49685cc-3281-44bc-a1c2-3be5b1110999,SAMMS-HazardV5
202609022122570532,202609021903206196,202609021903206075,85,1891,Bronze INV,br_Bottle,TASK_COMPLETE,SUCCESS,INFO,1897,1897,0,,2026-09-02T19:03:39.838Z,2026-09-02T21:23:00.812Z,8361,2026-09-02T21:23:00.812Z,B27,Savannah,c49685cc-3281-44bc-a1c2-3be5b1110999,SAMMS-SavannahV6
202609022122570533,202609021903206197,202609021903206075,85,1892,Bronze INV,br_Bottle,TASK_COMPLETE,SUCCESS,INFO,20161,20161,0,,2026-09-02T19:03:39.838Z,2026-09-02T21:23:00.812Z,8361,2026-09-02T21:23:00.812Z,B28,West Plains,c49685cc-3281-44bc-a1c2-3be5b1110999,SAMMS-WestPlainesV5
202609022122570534,202609021903206198,202609021903206075,85,1893,Bronze INV,br_Bottle,TASK_COMPLETE,SUCCESS,INFO,16959,16959,0,,2026-09-02T19:03:39.838Z,2026-09-02T21:23:00.812Z,8361,2026-09-02T21:23:00.812Z,B29,Poplar Bluff,c49685cc-3281-44bc-a1c2-3be5b1110999,SAMMS-PoplarBluffV5
202609022122570535,202609021903206199,202609021903206075,85,1894,Bronze INV,br_Bottle,TASK_COMPLETE,SUCCESS,INFO,7547,7547,0,,2026-09-02T19:03:39.838Z,2026-09-02T21:23:00.812Z,8361,2026-09-02T21:23:00.812Z,B30,KC North,c49685cc-3281-44bc-a1c2-3be5b1110999,SAMMS-KCNv5
202609022122570537,202609021903206200,202609021903206075,85,1895,Bronze INV,br_Bottle,TASK_COMPLETE,SUCCESS,INFO,42598,42598,0,,2026-09-02T19:03:39.838Z,2026-09-02T21:23:00.812Z,8361,2026-09-02T21:23:00.812Z,B31,Dyersburg,c49685cc-3281-44bc-a1c2-3be5b1110999,SAMMS-DyersburgV5
202609022122570538,202609021903206201,202609021903206075,85,1897,Bronze INV,br_Bottle,TASK_COMPLETE,SUCCESS,INFO,25121,25121,0,,2026-09-02T19:03:39.838Z,2026-09-02T21:23:00.812Z,8361,2026-09-02T21:23:00.812Z,B33,Paducah,c49685cc-3281-44bc-a1c2-3be5b1110999,SAMMS-Paducah
202609022122570539,202609021903206202,202609021903206075,85,1898,Bronze INV,br_Bottle,TASK_COMPLETE,SUCCESS,INFO,31969,31969,0,,2026-09-02T19:03:39.838Z,2026-09-02T21:23:00.812Z,8361,2026-09-02T21:23:00.812Z,B34,Corbin,c49685cc-3281-44bc-a1c2-3be5b1110999,SAMMS-CorbinV5
202609022122570540,202609021903206203,202609021903206075,85,1899,Bronze INV,br_Bottle,TASK_COMPLETE,SUCCESS,INFO,58167,58167,0,,2026-09-02T19:03:39.838Z,2026-09-02T21:23:00.812Z,8361,2026-09-02T21:23:00.812Z,B35,Lexington,c49685cc-3281-44bc-a1c2-3be5b1110999,SAMMS-LexingtonV5
202609022122570541,202609021903206204,202609021903206075,85,1900,Bronze INV,br_Bottle,TASK_COMPLETE,SUCCESS,INFO,11498,11498,0,,2026-09-02T19:03:39.838Z,2026-09-02T21:23:00.812Z,8361,2026-09-02T21:23:00.812Z,B35A,Berea,c49685cc-3281-44bc-a1c2-3be5b1110999,SAMMS-BereaV5
202609022122570542,202609021903206205,202609021903206075,85,1901,Bronze INV,br_Bottle,TASK_COMPLETE,SUCCESS,INFO,34242,34242,0,,2026-09-02T19:03:39.838Z,2026-09-02T21:23:00.812Z,8361,2026-09-02T21:23:00.812Z,B36,Asheville,c49685cc-3281-44bc-a1c2-3be5b1110999,SAMMS-AshevilleV5
202609022122570543,202609021903206206,202609021903206075,85,1902,Bronze INV,br_Bottle,TASK_COMPLETE,SUCCESS,INFO,20557,20557,0,,2026-09-02T19:03:39.838Z,2026-09-02T21:23:00.812Z,8361,2026-09-02T21:23:00.812Z,B37,Clyde,c49685cc-3281-44bc-a1c2-3be5b1110999,SAMMS-ClydeV5
202609022122570544,202609021903206207,202609021903206075,85,1903,Bronze INV,br_Bottle,TASK_COMPLETE,SUCCESS,INFO,24915,24915,0,,2026-09-02T19:03:39.838Z,2026-09-02T21:23:00.812Z,8361,2026-09-02T21:23:00.812Z,B38,Spartanburg,c49685cc-3281-44bc-a1c2-3be5b1110999,SAMMS-SpartanburgV5
202609022122570545,202609021903206208,202609021903206075,85,1904,Bronze INV,br_Bottle,TASK_COMPLETE,SUCCESS,INFO,6553,6553,0,,2026-09-02T19:03:39.838Z,2026-09-02T21:23:00.812Z,8361,2026-09-02T21:23:00.812Z,B39,Aiken,c49685cc-3281-44bc-a1c2-3be5b1110999,SAMMS-AikenV5
202609022122570546,202609021903206209,202609021903206075,85,1905,Bronze INV,br_Bottle,TASK_COMPLETE,SUCCESS,INFO,12822,12822,0,,2026-09-02T19:03:39.838Z,2026-09-02T21:23:00.812Z,8361,2026-09-02T21:23:00.812Z,B41,Chesapeake,c49685cc-3281-44bc-a1c2-3be5b1110999,SAMMS-ChesapeakeV5
202609022122570547,202609021903206210,202609021903206075,85,1906,Bronze INV,br_Bottle,TASK_COMPLETE,SUCCESS,INFO,19534,19534,0,,2026-09-02T19:03:39.838Z,2026-09-02T21:23:00.812Z,8361,2026-09-02T21:23:00.812Z,B42,Virginia Beach,c49685cc-3281-44bc-a1c2-3be5b1110999,SAMMS-VirginiaBeachV5
202609022122570549,202609021903206211,202609021903206075,85,1907,Bronze INV,br_Bottle,TASK_COMPLETE,SUCCESS,INFO,8680,8680,0,,2026-09-02T19:03:39.838Z,2026-09-02T21:23:00.812Z,8361,2026-09-02T21:23:00.812Z,B42A,Newport News,c49685cc-3281-44bc-a1c2-3be5b1110999,SAMMS-NewportNewsV5
202609022122570550,202609021903206212,202609021903206075,85,1908,Bronze INV,br_Bottle,TASK_COMPLETE,SUCCESS,INFO,2865,2865,0,,2026-09-02T19:03:39.838Z,2026-09-02T21:23:00.812Z,8361,2026-09-02T21:23:00.812Z,B42B,Franklin,c49685cc-3281-44bc-a1c2-3be5b1110999,SAMMS-FranklinV5
202609022122570551,202609021903206213,202609021903206075,85,1909,Bronze INV,br_Bottle,TASK_COMPLETE,SUCCESS,INFO,9628,9628,0,,2026-09-02T19:03:39.838Z,2026-09-02T21:23:00.812Z,8361,2026-09-02T21:23:00.812Z,B42C,Glen Allen,c49685cc-3281-44bc-a1c2-3be5b1110999,SAMMS-GlenAllenV5
202609022122570552,202609021903206214,202609021903206075,85,1910,Bronze INV,br_Bottle,TASK_COMPLETE,SUCCESS,INFO,7750,7750,0,,2026-09-02T19:03:39.838Z,2026-09-02T21:23:00.812Z,8361,2026-09-02T21:23:00.812Z,B42D,Chesapeake South,c49685cc-3281-44bc-a1c2-3be5b1110999,SAMMS-ChesapeakeSouthV5
202609022122570553,202609021903206215,202609021903206075,85,1911,Bronze INV,br_Bottle,TASK_COMPLETE,SUCCESS,INFO,11314,11314,0,,2026-09-02T19:03:39.838Z,2026-09-02T21:23:00.812Z,8361,2026-09-02T21:23:00.812Z,B44,Albany,c49685cc-3281-44bc-a1c2-3be5b1110999,SAMMS-AlbanyV5
202609022122570554,202609021903206216,202609021903206075,85,1912,Bronze INV,br_Bottle,TASK_COMPLETE,SUCCESS,INFO,14696,14696,0,,2026-09-02T19:03:39.838Z,2026-09-02T21:23:00.812Z,8361,2026-09-02T21:23:00.812Z,B45,Tifton,c49685cc-3281-44bc-a1c2-3be5b1110999,SAMMS-TiftonV5
202609022122570555,202609021903206217,202609021903206075,85,1913,Bronze INV,br_Bottle,TASK_COMPLETE,SUCCESS,INFO,8475,8475,0,,2026-09-02T19:03:39.838Z,2026-09-02T21:23:00.812Z,8361,2026-09-02T21:23:00.812Z,B46,Washington DC,c49685cc-3281-44bc-a1c2-3be5b1110999,SAMMS-WashingtonDCv5
202609022122570556,202609021903206218,202609021903206075,85,1914,Bronze INV,br_Bottle,TASK_COMPLETE,SUCCESS,INFO,11152,11152,0,,2026-09-02T19:03:39.838Z,2026-09-02T21:23:00.812Z,8361,2026-09-02T21:23:00.812Z,B47,Mobile,c49685cc-3281-44bc-a1c2-3be5b1110999,SAMMS-MobileV5
202609022122570557,202609021903206219,202609021903206075,85,1915,Bronze INV,br_Bottle,TASK_COMPLETE,SUCCESS,INFO,32023,32023,0,,2026-09-02T19:03:39.838Z,2026-09-02T21:23:00.812Z,8361,2026-09-02T21:23:00.812Z,B48,Tuscaloosa,c49685cc-3281-44bc-a1c2-3be5b1110999,SAMMS-TuscaloosaV5
202609022122570558,202609021903206220,202609021903206075,85,1924,Bronze INV,br_Bottle,TASK_COMPLETE,SUCCESS,INFO,2335,2335,0,,2026-09-02T19:03:39.838Z,2026-09-02T21:23:00.812Z,8361,2026-09-02T21:23:00.812Z,B51,N. Little Rock (OTP),c49685cc-3281-44bc-a1c2-3be5b1110999,SAMMS-NorthLittleRockV6
202609022122570559,202609021903206221,202609021903206075,85,1925,Bronze INV,br_Bottle,TASK_COMPLETE,SUCCESS,INFO,9415,9415,0,,2026-09-02T19:03:39.838Z,2026-09-02T21:23:00.812Z,8361,2026-09-02T21:23:00.812Z,B52,Jackson GA,c49685cc-3281-44bc-a1c2-3be5b1110999,SAMMS-JacksonGAV5
202609022122570561,202609021903206222,202609021903206075,85,1926,Bronze INV,br_Bottle,TASK_COMPLETE,SUCCESS,INFO,23474,23474,0,,2026-09-02T19:03:39.838Z,2026-09-02T21:23:00.812Z,8361,2026-09-02T21:23:00.812Z,B54,Gadsden,c49685cc-3281-44bc-a1c2-3be5b1110999,SAMMS-GadsdenV5
202609022122570562,202609021903206223,202609021903206075,85,1927,Bronze INV,br_Bottle,TASK_COMPLETE,SUCCESS,INFO,23846,23846,0,,2026-09-02T19:03:39.838Z,2026-09-02T21:23:00.812Z,8361,2026-09-02T21:23:00.812Z,B55,Shoals,c49685cc-3281-44bc-a1c2-3be5b1110999,SAMMS-ShoalsV5
202609022122570563,202609021903206224,202609021903206075,85,1928,Bronze INV,br_Bottle,TASK_COMPLETE,SUCCESS,INFO,2865,2865,0,,2026-09-02T19:03:39.838Z,2026-09-02T21:23:00.812Z,8361,2026-09-02T21:23:00.812Z,B57,Pawtucket,c49685cc-3281-44bc-a1c2-3be5b1110999,SAMMS-Pawtucket
202609022122570564,202609021903206225,202609021903206075,85,1929,Bronze INV,br_Bottle,TASK_COMPLETE,SUCCESS,INFO,2993,2993,0,,2026-09-02T19:03:39.838Z,2026-09-02T21:23:00.812Z,8361,2026-09-02T21:23:00.812Z,B57A,Johnston,c49685cc-3281-44bc-a1c2-3be5b1110999,SAMMS-Johnston
202609022122570565,202609021903206226,202609021903206075,85,1930,Bronze INV,br_Bottle,TASK_COMPLETE,SUCCESS,INFO,760,760,0,,2026-09-02T19:03:39.838Z,2026-09-02T21:23:00.812Z,8361,2026-09-02T21:23:00.812Z,B57B,Middletown,c49685cc-3281-44bc-a1c2-3be5b1110999,SAMMS-Middletown
202609022122570566,202609021903206227,202609021903206075,85,1931,Bronze INV,br_Bottle,TASK_COMPLETE,SUCCESS,INFO,1559,1559,0,,2026-09-02T19:03:39.838Z,2026-09-02T21:23:00.812Z,8361,2026-09-02T21:23:00.812Z,B57C,Providence,c49685cc-3281-44bc-a1c2-3be5b1110999,SAMMS-Providence
202609022122570567,202609021903206228,202609021903206075,85,1932,Bronze INV,br_Bottle,TASK_COMPLETE,SUCCESS,INFO,2542,2542,0,,2026-09-02T19:03:39.838Z,2026-09-02T21:23:00.812Z,8361,2026-09-02T21:23:00.812Z,B57D,Westerly,c49685cc-3281-44bc-a1c2-3be5b1110999,SAMMS-Westerly
202609022122570568,202609021903206229,202609021903206075,85,1936,Bronze INV,br_Bottle,TASK_COMPLETE,SUCCESS,INFO,0,0,0,,2026-09-02T19:03:39.838Z,2026-09-02T21:23:00.812Z,8361,2026-09-02T21:23:00.812Z,B66A,Bremen,c49685cc-3281-44bc-a1c2-3be5b1110999,SAMMS-Bremen
202609022122570569,202609021903206230,202609021903206075,85,1939,Bronze INV,br_Bottle,TASK_COMPLETE,SUCCESS,INFO,0,0,0,,2026-09-02T19:03:39.838Z,2026-09-02T21:23:00.812Z,8361,2026-09-02T21:23:00.812Z,B72,Mobile (OBOT),c49685cc-3281-44bc-a1c2-3be5b1110999,SAMMS-Mobile-OBOT
202609022122570570,202609021903206231,202609021903206075,85,1940,Bronze INV,br_Bottle,TASK_COMPLETE,SUCCESS,INFO,0,0,0,,2026-09-02T19:03:39.838Z,2026-09-02T21:23:00.812Z,8361,2026-09-02T21:23:00.812Z,B73,Montgomery,c49685cc-3281-44bc-a1c2-3be5b1110999,SAMMS-Montgomery
202609022122570571,202609021903206232,202609021903206075,85,1941,Bronze INV,br_Bottle,TASK_COMPLETE,SUCCESS,INFO,2258,2258,0,,2026-09-02T19:03:39.838Z,2026-09-02T21:23:00.812Z,8361,2026-09-02T21:23:00.812Z,B75,Lawrence,c49685cc-3281-44bc-a1c2-3be5b1110999,SAMMS-LawrenceV6
202609022122570573,202609021903206233,202609021903206075,85,1942,Bronze INV,br_Bottle,TASK_COMPLETE,SUCCESS,INFO,0,0,0,,2026-09-02T19:03:39.838Z,2026-09-02T21:23:00.812Z,8361,2026-09-02T21:23:00.812Z,B76,Huntsville OBOT,c49685cc-3281-44bc-a1c2-3be5b1110999,SAMMS-Huntsville-OBOT
202609022122570574,202609021903206234,202609021903206075,85,1943,Bronze INV,br_Bottle,TASK_COMPLETE,SUCCESS,INFO,0,0,0,,2026-09-02T19:03:39.838Z,2026-09-02T21:23:00.812Z,8361,2026-09-02T21:23:00.812Z,BAT,Batesville,c49685cc-3281-44bc-a1c2-3be5b1110999,SAMMS-Batesville
202609022122570575,202609021903206235,202609021903206075,85,1944,Bronze INV,br_Bottle,TASK_COMPLETE,SUCCESS,INFO,4200,4200,0,,2026-09-02T19:03:39.838Z,2026-09-02T21:23:00.812Z,8361,2026-09-02T21:23:00.812Z,BG,Bowling Green,c49685cc-3281-44bc-a1c2-3be5b1110999,SAMMS-BowlingGreen
202609022122570576,202609021903206236,202609021903206075,85,1945,Bronze INV,br_Bottle,TASK_COMPLETE,SUCCESS,INFO,2130,2130,0,,2026-09-02T19:03:39.838Z,2026-09-02T21:23:00.812Z,8361,2026-09-02T21:23:00.812Z,BOI,Boise,c49685cc-3281-44bc-a1c2-3be5b1110999,SAMMS-Boise
202609022122570577,202609021903206237,202609021903206075,85,1952,Bronze INV,br_Bottle,TASK_COMPLETE,SUCCESS,INFO,1116,1116,0,,2026-09-02T19:03:39.838Z,2026-09-02T21:23:00.812Z,8361,2026-09-02T21:23:00.812Z,CBCO,Coeur dAlene,c49685cc-3281-44bc-a1c2-3be5b1110999,SAMMS-CoeurdAleneV6
202609022122570578,202609021903206238,202609021903206075,85,1971,Bronze INV,br_Bottle,TASK_COMPLETE,SUCCESS,INFO,0,0,0,,2026-09-02T19:03:39.838Z,2026-09-02T21:23:00.812Z,8361,2026-09-02T21:23:00.812Z,CON,Conway,c49685cc-3281-44bc-a1c2-3be5b1110999,SAMMS-Conway
202609022122570579,202609021903206239,202609021903206075,85,1972,Bronze INV,br_Bottle,TASK_COMPLETE,SUCCESS,INFO,0,0,0,,2026-09-02T19:03:39.838Z,2026-09-02T21:23:00.812Z,8361,2026-09-02T21:23:00.812Z,D07,Medical Services Knox TN,c49685cc-3281-44bc-a1c2-3be5b1110999,SAMMS-KnoxvilleV6
202609022122570580,202609021903206240,202609021903206075,85,1973,Bronze INV,br_Bottle,TASK_COMPLETE,SUCCESS,INFO,5134,5134,0,,2026-09-02T19:03:39.838Z,2026-09-02T21:23:00.812Z,8361,2026-09-02T21:23:00.812Z,D08,Madison,c49685cc-3281-44bc-a1c2-3be5b1110999,SAMMS-MadisonV6
202609022122570581,202609021903206241,202609021903206075,85,1975,Bronze INV,br_Bottle,TASK_COMPLETE,SUCCESS,INFO,7037,7037,0,,2026-09-02T19:03:39.838Z,2026-09-02T21:23:00.812Z,8361,2026-09-02T21:23:00.812Z,D09,Murfreesboro,c49685cc-3281-44bc-a1c2-3be5b1110999,SAMMS-MurfreesboroV6
202609022122570582,202609021903206242,202609021903206075,85,1976,Bronze INV,br_Bottle,TASK_COMPLETE,SUCCESS,INFO,2227,2227,0,,2026-09-02T19:03:39.838Z,2026-09-02T21:23:00.812Z,8361,2026-09-02T21:23:00.812Z,DA,Davenport,c49685cc-3281-44bc-a1c2-3be5b1110999,SAMMS-Davenport
202609022122570584,202609021903206243,202609021903206075,85,1977,Bronze INV,br_Bottle,TASK_COMPLETE,SUCCESS,INFO,1673,1673,0,,2026-09-02T19:03:39.838Z,2026-09-02T21:23:00.812Z,8361,2026-09-02T21:23:00.812Z,DM,Des Moines,c49685cc-3281-44bc-a1c2-3be5b1110999,SAMMS-DesMoines
202609022122570585,202609021903206244,202609021903206075,85,1979,Bronze INV,br_Bottle,TASK_COMPLETE,SUCCESS,INFO,25636,25636,0,,2026-09-02T19:03:39.838Z,2026-09-02T21:23:00.812Z,8361,2026-09-02T21:23:00.812Z,DRD-CO,Columbia MO,c49685cc-3281-44bc-a1c2-3be5b1110999,SAMMS-ColumbiaV5
202609022122570586,202609021903206245,202609021903206075,85,1980,Bronze INV,br_Bottle,TASK_COMPLETE,SUCCESS,INFO,24859,24859,0,,2026-09-02T19:03:39.838Z,2026-09-02T21:23:00.812Z,8361,2026-09-02T21:23:00.812Z,DRD-KC,KC,c49685cc-3281-44bc-a1c2-3be5b1110999,SAMMS-KCv5
202609022122570587,202609021903206246,202609021903206075,85,1981,Bronze INV,br_Bottle,TASK_COMPLETE,SUCCESS,INFO,114755,114755,0,,2026-09-02T19:03:39.838Z,2026-09-02T21:23:00.812Z,8361,2026-09-02T21:23:00.812Z,DRD-KVB,KVB,c49685cc-3281-44bc-a1c2-3be5b1110999,SAMMS-KVBv5
202609022122570588,202609021903206247,202609021903206075,85,1982,Bronze INV,br_Bottle,TASK_COMPLETE,SUCCESS,INFO,112922,112922,0,,2026-09-02T19:03:39.838Z,2026-09-02T21:23:00.812Z,8361,2026-09-02T21:23:00.812Z,DRD-KVC,KVC,c49685cc-3281-44bc-a1c2-3be5b1110999,SAMMS-KVCv5
202609031813231230,202609031729278442,202609031729277737,97,6460,P1 Forms Take Home Agreement And Diversion Control Bronze - B36,br_samms_take_home_agreement_diversion_control,TASK_COMPLETE,SUCCESS,INFO,172,172,0,,2026-09-03T17:29:32.843Z,2026-09-03T18:13:30.795Z,2638,2026-09-03T18:13:30.795Z,B36,Asheville,94249231-24a1-492e-97bf-dcd504ea599a,SAMMS-AshevilleV5
202609031813231231,202609031729278443,202609031729277737,97,6461,P1 Forms Take Home Agreement And Diversion Control Bronze - B37,br_samms_take_home_agreement_diversion_control,TASK_COMPLETE,SUCCESS,INFO,90,90,0,,2026-09-03T17:29:32.843Z,2026-09-03T18:13:30.795Z,2638,2026-09-03T18:13:30.795Z,B37,Clyde,94249231-24a1-492e-97bf-dcd504ea599a,SAMMS-ClydeV5
202609031813231232,202609031729278444,202609031729277737,97,6462,P1 Forms Take Home Agreement And Diversion Control Bronze - B38,br_samms_take_home_agreement_diversion_control,TASK_COMPLETE,SUCCESS,INFO,267,267,0,,2026-09-03T17:29:32.843Z,2026-09-03T18:13:30.795Z,2638,2026-09-03T18:13:30.795Z,B38,Spartanburg,94249231-24a1-492e-97bf-dcd504ea599a,SAMMS-SpartanburgV5
202609031813231233,202609031729278445,202609031729277737,97,6463,P1 Forms Take Home Agreement And Diversion Control Bronze - B39,br_samms_take_home_agreement_diversion_control,TASK_COMPLETE,SUCCESS,INFO,81,81,0,,2026-09-03T17:29:32.843Z,2026-09-03T18:13:30.795Z,2638,2026-09-03T18:13:30.795Z,B39,Aiken,94249231-24a1-492e-97bf-dcd504ea599a,SAMMS-AikenV5
202609031813231235,202609031729278446,202609031729277737,97,6464,P1 Forms Take Home Agreement And Diversion Control Bronze - B41,br_samms_take_home_agreement_diversion_control,TASK_COMPLETE,SUCCESS,INFO,165,165,0,,2026-09-03T17:29:32.843Z,2026-09-03T18:13:30.795Z,2638,2026-09-03T18:13:30.795Z,B41,Chesapeake,94249231-24a1-492e-97bf-dcd504ea599a,SAMMS-ChesapeakeV5
202609031813231236,202609031729278447,202609031729277737,97,6465,P1 Forms Take Home Agreement And Diversion Control Bronze - B42,br_samms_take_home_agreement_diversion_control,TASK_COMPLETE,SUCCESS,INFO,220,220,0,,2026-09-03T17:29:32.843Z,2026-09-03T18:13:30.795Z,2638,2026-09-03T18:13:30.795Z,B42,VirginiaBeach,94249231-24a1-492e-97bf-dcd504ea599a,SAMMS-VirginiaBeachV5
202609031813231237,202609031729278448,202609031729277737,97,6466,P1 Forms Take Home Agreement And Diversion Control Bronze - B42A,br_samms_take_home_agreement_diversion_control,TASK_COMPLETE,SUCCESS,INFO,137,137,0,,2026-09-03T17:29:32.843Z,2026-09-03T18:13:30.795Z,2638,2026-09-03T18:13:30.795Z,B42A,NewportNews,94249231-24a1-492e-97bf-dcd504ea599a,SAMMS-NewportNewsV5
202609031813231238,202609031729278449,202609031729277737,97,6467,P1 Forms Take Home Agreement And Diversion Control Bronze - B42B,br_samms_take_home_agreement_diversion_control,TASK_COMPLETE,SUCCESS,INFO,56,56,0,,2026-09-03T17:29:32.843Z,2026-09-03T18:13:30.795Z,2638,2026-09-03T18:13:30.795Z,B42B,Franklin,94249231-24a1-492e-97bf-dcd504ea599a,SAMMS-FranklinV5
202609031813231239,202609031729278450,202609031729277737,97,6468,P1 Forms Take Home Agreement And Diversion Control Bronze - B42C,br_samms_take_home_agreement_diversion_control,TASK_COMPLETE,SUCCESS,INFO,117,117,0,,2026-09-03T17:29:32.843Z,2026-09-03T18:13:30.795Z,2638,2026-09-03T18:13:30.795Z,B42C,GlenAllen,94249231-24a1-492e-97bf-dcd504ea599a,SAMMS-GlenAllenV5
202609031813231240,202609031729278451,202609031729277737,97,6469,P1 Forms Take Home Agreement And Diversion Control Bronze - B42D,br_samms_take_home_agreement_diversion_control,TASK_COMPLETE,SUCCESS,INFO,116,116,0,,2026-09-03T17:29:32.843Z,2026-09-03T18:13:30.795Z,2638,2026-09-03T18:13:30.795Z,B42D,ChesapeakeSouth,94249231-24a1-492e-97bf-dcd504ea599a,SAMMS-ChesapeakeSouthV5
202609031813231241,202609031729278452,202609031729277737,97,6470,P1 Forms Take Home Agreement And Diversion Control Bronze - B44,br_samms_take_home_agreement_diversion_control,TASK_COMPLETE,SUCCESS,INFO,91,91,0,,2026-09-03T17:29:32.843Z,2026-09-03T18:13:30.795Z,2638,2026-09-03T18:13:30.795Z,B44,Albany,94249231-24a1-492e-97bf-dcd504ea599a,SAMMS-AlbanyV5
202609031813231242,202609031729278453,202609031729277737,97,6471,P1 Forms Take Home Agreement And Diversion Control Bronze - B45,br_samms_take_home_agreement_diversion_control,TASK_COMPLETE,SUCCESS,INFO,217,217,0,,2026-09-03T17:29:32.843Z,2026-09-03T18:13:30.795Z,2638,2026-09-03T18:13:30.795Z,B45,Tifton,94249231-24a1-492e-97bf-dcd504ea599a,SAMMS-TiftonV5
202609031813231243,202609031729278454,202609031729277737,97,6472,P1 Forms Take Home Agreement And Diversion Control Bronze - B46,br_samms_take_home_agreement_diversion_control,TASK_COMPLETE,SUCCESS,INFO,62,62,0,,2026-09-03T17:29:32.843Z,2026-09-03T18:13:30.795Z,2638,2026-09-03T18:13:30.795Z,B46,WashingtonDC,94249231-24a1-492e-97bf-dcd504ea599a,SAMMS-WashingtonDCv5
202609031813231245,202609031729278455,202609031729277737,97,6473,P1 Forms Take Home Agreement And Diversion Control Bronze - B47,br_samms_take_home_agreement_diversion_control,TASK_COMPLETE,SUCCESS,INFO,284,284,0,,2026-09-03T17:29:32.843Z,2026-09-03T18:13:30.795Z,2638,2026-09-03T18:13:30.795Z,B47,Mobile,94249231-24a1-492e-97bf-dcd504ea599a,SAMMS-MobileV5
202609031813231246,202609031729278456,202609031729277737,97,6474,P1 Forms Take Home Agreement And Diversion Control Bronze - B48,br_samms_take_home_agreement_diversion_control,TASK_COMPLETE,SUCCESS,INFO,170,170,0,,2026-09-03T17:29:32.843Z,2026-09-03T18:13:30.795Z,2638,2026-09-03T18:13:30.795Z,B48,Tuscaloosa,94249231-24a1-492e-97bf-dcd504ea599a,SAMMS-TuscaloosaV5
202609031813231247,202609031729278457,202609031729277737,97,6475,P1 Forms Take Home Agreement And Diversion Control Bronze - B51,br_samms_take_home_agreement_diversion_control,TASK_COMPLETE,SUCCESS,INFO,122,122,0,,2026-09-03T17:29:32.843Z,2026-09-03T18:13:30.795Z,2638,2026-09-03T18:13:30.795Z,B51,NorthLittleRock,94249231-24a1-492e-97bf-dcd504ea599a,SAMMS-NorthLittleRockV6
202609031813231248,202609031729278458,202609031729277737,97,6476,P1 Forms Take Home Agreement And Diversion Control Bronze - B52,br_samms_take_home_agreement_diversion_control,TASK_COMPLETE,SUCCESS,INFO,86,86,0,,2026-09-03T17:29:32.843Z,2026-09-03T18:13:30.795Z,2638,2026-09-03T18:13:30.795Z,B52,JacksonGA,94249231-24a1-492e-97bf-dcd504ea599a,SAMMS-JacksonGAV5
202609031813231249,202609031729278459,202609031729277737,97,6477,P1 Forms Take Home Agreement And Diversion Control Bronze - B54,br_samms_take_home_agreement_diversion_control,TASK_COMPLETE,SUCCESS,INFO,76,76,0,,2026-09-03T17:29:32.843Z,2026-09-03T18:13:30.795Z,2638,2026-09-03T18:13:30.795Z,B54,Gadsden,94249231-24a1-492e-97bf-dcd504ea599a,SAMMS-GadsdenV5
202609031813231250,202609031729278460,202609031729277737,97,6478,P1 Forms Take Home Agreement And Diversion Control Bronze - B55,br_samms_take_home_agreement_diversion_control,TASK_COMPLETE,SUCCESS,INFO,211,211,0,,2026-09-03T17:29:32.843Z,2026-09-03T18:13:30.795Z,2638,2026-09-03T18:13:30.795Z,B55,Shoals,94249231-24a1-492e-97bf-dcd504ea599a,SAMMS-ShoalsV5
202609031813231251,202609031729278461,202609031729277737,97,6479,P1 Forms Take Home Agreement And Diversion Control Bronze - B57,br_samms_take_home_agreement_diversion_control,TASK_COMPLETE,SUCCESS,INFO,87,87,0,,2026-09-03T17:29:32.843Z,2026-09-03T18:13:30.795Z,2638,2026-09-03T18:13:30.795Z,B57,Pawtucket,94249231-24a1-492e-97bf-dcd504ea599a,SAMMS-Pawtucket
202609031813231252,202609031729278462,202609031729277737,97,6480,P1 Forms Take Home Agreement And Diversion Control Bronze - B57A,br_samms_take_home_agreement_diversion_control,TASK_COMPLETE,SUCCESS,INFO,75,75,0,,2026-09-03T17:29:32.843Z,2026-09-03T18:13:30.795Z,2638,2026-09-03T18:13:30.795Z,B57A,Johnston,94249231-24a1-492e-97bf-dcd504ea599a,SAMMS-Johnston
202609031813231253,202609031729278463,202609031729277737,97,6481,P1 Forms Take Home Agreement And Diversion Control Bronze - B57B,br_samms_take_home_agreement_diversion_control,TASK_COMPLETE,SUCCESS,INFO,41,41,0,,2026-09-03T17:29:32.843Z,2026-09-03T18:13:30.795Z,2638,2026-09-03T18:13:30.795Z,B57B,Middletown,94249231-24a1-492e-97bf-dcd504ea599a,SAMMS-Middletown
202609031813231255,202609031729278464,202609031729277737,97,6482,P1 Forms Take Home Agreement And Diversion Control Bronze - B57C,br_samms_take_home_agreement_diversion_control,TASK_COMPLETE,SUCCESS,INFO,83,83,0,,2026-09-03T17:29:32.843Z,2026-09-03T18:13:30.795Z,2638,2026-09-03T18:13:30.795Z,B57C,Providence,94249231-24a1-492e-97bf-dcd504ea599a,SAMMS-Providence
202609031813231256,202609031729278465,202609031729277737,97,6483,P1 Forms Take Home Agreement And Diversion Control Bronze - B57D,br_samms_take_home_agreement_diversion_control,TASK_COMPLETE,SUCCESS,INFO,120,120,0,,2026-09-03T17:29:32.843Z,2026-09-03T18:13:30.795Z,2638,2026-09-03T18:13:30.795Z,B57D,Westerly,94249231-24a1-492e-97bf-dcd504ea599a,SAMMS-Westerly
202609031813231257,202609031729278466,202609031729277737,97,6484,P1 Forms Take Home Agreement And Diversion Control Bronze - B66A,br_samms_take_home_agreement_diversion_control,TASK_COMPLETE,SUCCESS,INFO,0,0,0,,2026-09-03T17:29:32.843Z,2026-09-03T18:13:30.795Z,2638,2026-09-03T18:13:30.795Z,B66A,Bremen,94249231-24a1-492e-97bf-dcd504ea599a,SAMMS-Bremen
202609031813231258,202609031729278467,202609031729277737,97,6485,P1 Forms Take Home Agreement And Diversion Control Bronze - B72,br_samms_take_home_agreement_diversion_control,TASK_COMPLETE,SUCCESS,INFO,0,0,0,,2026-09-03T17:29:32.843Z,2026-09-03T18:13:30.795Z,2638,2026-09-03T18:13:30.795Z,B72,Mobile-OBOT,94249231-24a1-492e-97bf-dcd504ea599a,SAMMS-Mobile-OBOT
202609031813231259,202609031729278468,202609031729277737,97,6486,P1 Forms Take Home Agreement And Diversion Control Bronze - B73,br_samms_take_home_agreement_diversion_control,TASK_COMPLETE,SUCCESS,INFO,0,0,0,,2026-09-03T17:29:32.843Z,2026-09-03T18:13:30.795Z,2638,2026-09-03T18:13:30.795Z,B73,Montgomery,94249231-24a1-492e-97bf-dcd504ea599a,SAMMS-Montgomery
202609031813231260,202609031729278469,202609031729277737,97,6487,P1 Forms Take Home Agreement And Diversion Control Bronze - B75,br_samms_take_home_agreement_diversion_control,TASK_COMPLETE,SUCCESS,INFO,92,92,0,,2026-09-03T17:29:32.843Z,2026-09-03T18:13:30.795Z,2638,2026-09-03T18:13:30.795Z,B75,Lawrence,94249231-24a1-492e-97bf-dcd504ea599a,SAMMS-LawrenceV6
202609031813231261,202609031729278470,202609031729277737,97,6488,P1 Forms Take Home Agreement And Diversion Control Bronze - B76,br_samms_take_home_agreement_diversion_control,TASK_COMPLETE,SUCCESS,INFO,0,0,0,,2026-09-03T17:29:32.843Z,2026-09-03T18:13:30.795Z,2638,2026-09-03T18:13:30.795Z,B76,Huntsville-OBOT,94249231-24a1-492e-97bf-dcd504ea599a,SAMMS-Huntsville-OBOT
202609031813231262,202609031729278471,202609031729277737,97,6489,P1 Forms Take Home Agreement And Diversion Control Bronze - BAT,br_samms_take_home_agreement_diversion_control,TASK_COMPLETE,SUCCESS,INFO,0,0,0,,2026-09-03T17:29:32.843Z,2026-09-03T18:13:30.795Z,2638,2026-09-03T18:13:30.795Z,BAT,Batesville,94249231-24a1-492e-97bf-dcd504ea599a,SAMMS-Batesville
202609031813231263,202609031729278472,202609031729277737,97,6490,P1 Forms Take Home Agreement And Diversion Control Bronze - BG,br_samms_take_home_agreement_diversion_control,TASK_COMPLETE,SUCCESS,INFO,120,120,0,,2026-09-03T17:29:32.843Z,2026-09-03T18:13:30.795Z,2638,2026-09-03T18:13:30.795Z,BG,BowlingGreen,94249231-24a1-492e-97bf-dcd504ea599a,SAMMS-BowlingGreen
202609031813231265,202609031729278473,202609031729277737,97,6491,P1 Forms Take Home Agreement And Diversion Control Bronze - BOI,br_samms_take_home_agreement_diversion_control,TASK_COMPLETE,SUCCESS,INFO,128,128,0,,2026-09-03T17:29:32.843Z,2026-09-03T18:13:30.795Z,2638,2026-09-03T18:13:30.795Z,BOI,Boise,94249231-24a1-492e-97bf-dcd504ea599a,SAMMS-Boise
202609031813231266,202609031729278474,202609031729277737,97,6492,P1 Forms Take Home Agreement And Diversion Control Bronze - CBCO,br_samms_take_home_agreement_diversion_control,TASK_COMPLETE,SUCCESS,INFO,93,93,0,,2026-09-03T17:29:32.843Z,2026-09-03T18:13:30.795Z,2638,2026-09-03T18:13:30.795Z,CBCO,CoeurdAlene,94249231-24a1-492e-97bf-dcd504ea599a,SAMMS-CoeurdAleneV6
202609031813231267,202609031729278475,202609031729277737,97,6493,P1 Forms Take Home Agreement And Diversion Control Bronze - CON,br_samms_take_home_agreement_diversion_control,TASK_COMPLETE,SUCCESS,INFO,0,0,0,,2026-09-03T17:29:32.843Z,2026-09-03T18:13:30.795Z,2638,2026-09-03T18:13:30.795Z,CON,Conway,94249231-24a1-492e-97bf-dcd504ea599a,SAMMS-Conway
202609031813231268,202609031729278476,202609031729277737,97,6494,P1 Forms Take Home Agreement And Diversion Control Bronze - D07,br_samms_take_home_agreement_diversion_control,TASK_COMPLETE,SUCCESS,INFO,0,0,0,,2026-09-03T17:29:32.843Z,2026-09-03T18:13:30.795Z,2638,2026-09-03T18:13:30.795Z,D07,Knoxville,94249231-24a1-492e-97bf-dcd504ea599a,SAMMS-KnoxvilleV6
202609031813231269,202609031729278477,202609031729277737,97,6495,P1 Forms Take Home Agreement And Diversion Control Bronze - D08,br_samms_take_home_agreement_diversion_control,TASK_COMPLETE,SUCCESS,INFO,39,39,0,,2026-09-03T17:29:32.843Z,2026-09-03T18:13:30.795Z,2638,2026-09-03T18:13:30.795Z,D08,Madison,94249231-24a1-492e-97bf-dcd504ea599a,SAMMS-MadisonV6
202609031813231270,202609031729278478,202609031729277737,97,6496,P1 Forms Take Home Agreement And Diversion Control Bronze - D09,br_samms_take_home_agreement_diversion_control,TASK_COMPLETE,SUCCESS,INFO,159,159,0,,2026-09-03T17:29:32.843Z,2026-09-03T18:13:30.795Z,2638,2026-09-03T18:13:30.795Z,D09,Murfreesboro,94249231-24a1-492e-97bf-dcd504ea599a,SAMMS-MurfreesboroV6
202609031813231271,202609031729278479,202609031729277737,97,6497,P1 Forms Take Home Agreement And Diversion Control Bronze - DA,br_samms_take_home_agreement_diversion_control,TASK_COMPLETE,SUCCESS,INFO,166,166,0,,2026-09-03T17:29:32.843Z,2026-09-03T18:13:30.795Z,2638,2026-09-03T18:13:30.795Z,DA,Davenport,94249231-24a1-492e-97bf-dcd504ea599a,SAMMS-Davenport
202609031813231272,202609031729278480,202609031729277737,97,6498,P1 Forms Take Home Agreement And Diversion Control Bronze - DM,br_samms_take_home_agreement_diversion_control,TASK_COMPLETE,SUCCESS,INFO,150,150,0,,2026-09-03T17:29:32.843Z,2026-09-03T18:13:30.795Z,2638,2026-09-03T18:13:30.795Z,DM,DesMoines,94249231-24a1-492e-97bf-dcd504ea599a,SAMMS-DesMoines
202609031813231273,202609031729278481,202609031729277737,97,6499,P1 Forms Take Home Agreement And Diversion Control Bronze - DRD-CO,br_samms_take_home_agreement_diversion_control,TASK_COMPLETE,SUCCESS,INFO,56,56,0,,2026-09-03T17:29:32.843Z,2026-09-03T18:13:30.795Z,2638,2026-09-03T18:13:30.795Z,DRD-CO,Columbia,94249231-24a1-492e-97bf-dcd504ea599a,SAMMS-ColumbiaV5
202609031813231275,202609031729278482,202609031729277737,97,6500,P1 Forms Take Home Agreement And Diversion Control Bronze - DRD-KC,br_samms_take_home_agreement_diversion_control,TASK_COMPLETE,SUCCESS,INFO,143,143,0,,2026-09-03T17:29:32.843Z,2026-09-03T18:13:30.795Z,2638,2026-09-03T18:13:30.795Z,DRD-KC,KC,94249231-24a1-492e-97bf-dcd504ea599a,SAMMS-KCv5
202609031813231276,202609031729278483,202609031729277737,97,6501,P1 Forms Take Home Agreement And Diversion Control Bronze - DRD-KVB,br_samms_take_home_agreement_diversion_control,TASK_COMPLETE,SUCCESS,INFO,318,318,0,,2026-09-03T17:29:32.843Z,2026-09-03T18:13:30.795Z,2638,2026-09-03T18:13:30.795Z,DRD-KVB,KVB,94249231-24a1-492e-97bf-dcd504ea599a,SAMMS-KVBv5
202609031813231277,202609031729278484,202609031729277737,97,6502,P1 Forms Take Home Agreement And Diversion Control Bronze - DRD-KVC,br_samms_take_home_agreement_diversion_control,TASK_COMPLETE,SUCCESS,INFO,400,400,0,,2026-09-03T17:29:32.843Z,2026-09-03T18:13:30.795Z,2638,2026-09-03T18:13:30.795Z,DRD-KVC,KVC,94249231-24a1-492e-97bf-dcd504ea599a,SAMMS-KVCv5
202609031813231278,202609031729278485,202609031729277737,97,6503,P1 Forms Take Home Agreement And Diversion Control Bronze - DRD-NOLA,br_samms_take_home_agreement_diversion_control,TASK_COMPLETE,SUCCESS,INFO,563,563,0,,2026-09-03T17:29:32.843Z,2026-09-03T18:13:30.795Z,2638,2026-09-03T18:13:30.795Z,DRD-NOLA,NOLA,94249231-24a1-492e-97bf-dcd504ea599a,SAMMS-NOLAv5
202609031813231279,202609031729278486,202609031729277737,97,6504,P1 Forms Take Home Agreement And Diversion Control Bronze - DRD-SF,br_samms_take_home_agreement_diversion_control,TASK_COMPLETE,SUCCESS,INFO,363,363,0,,2026-09-03T17:29:32.843Z,2026-09-03T18:13:30.795Z,2638,2026-09-03T18:13:30.795Z,DRD-SF,SF,94249231-24a1-492e-97bf-dcd504ea599a,SAMMS-SFv5
202609031813231280,202609031729278487,202609031729277737,97,6505,P1 Forms Take Home Agreement And Diversion Control Bronze - ELC,br_samms_take_home_agreement_diversion_control,TASK_COMPLETE,SUCCESS,INFO,189,189,0,,2026-09-03T17:29:32.843Z,2026-09-03T18:13:30.795Z,2638,2026-09-03T18:13:30.795Z,ELC,ElizabethCity,94249231-24a1-492e-97bf-dcd504ea599a,SAMMS-ElizabethCity
202609031813231281,202609031729278488,202609031729277737,97,6506,P1 Forms Take Home Agreement And Diversion Control Bronze - ET,br_samms_take_home_agreement_diversion_control,TASK_COMPLETE,SUCCESS,INFO,178,178,0,,2026-09-03T17:29:32.843Z,2026-09-03T18:13:30.795Z,2638,2026-09-03T18:13:30.795Z,ET,Elizabethtown,94249231-24a1-492e-97bf-dcd504ea599a,SAMMS-Elizabethtown
202609031813231282,202609031729278489,202609031729277737,97,6507,P1 Forms Take Home Agreement And Diversion Control Bronze - FAY,br_samms_take_home_agreement_diversion_control,TASK_COMPLETE,SUCCESS,INFO,0,0,0,,2026-09-03T17:29:32.843Z,2026-09-03T18:13:30.795Z,2638,2026-09-03T18:13:30.795Z,FAY,Fayetteville,94249231-24a1-492e-97bf-dcd504ea599a,SAMMS-Fayetteville
202609031813231283,202609031729278490,202609031729277737,97,6508,P1 Forms Take Home Agreement And Diversion Control Bronze - FR,br_samms_take_home_agreement_diversion_control,TASK_COMPLETE,SUCCESS,INFO,220,220,0,,2026-09-03T17:29:32.843Z,2026-09-03T18:13:30.795Z,2638,2026-09-03T18:13:30.795Z,FR,Frankfort,94249231-24a1-492e-97bf-dcd504ea599a,SAMMS-Frankfort
202609031813231285,202609031729278491,202609031729277737,97,6509,P1 Forms Take Home Agreement And Diversion Control Bronze - FS,br_samms_take_home_agreement_diversion_control,TASK_COMPLETE,SUCCESS,INFO,0,0,0,,2026-09-03T17:29:32.843Z,2026-09-03T18:13:30.795Z,2638,2026-09-03T18:13:30.795Z,FS,FortSmith,94249231-24a1-492e-97bf-dcd504ea599a,SAMMS-FortSmith
202609031813231286,202609031729278492,202609031729277737,97,6510,P1 Forms Take Home Agreement And Diversion Control Bronze - FW,br_samms_take_home_agreement_diversion_control,TASK_COMPLETE,SUCCESS,INFO,230,230,0,,2026-09-03T17:29:32.843Z,2026-09-03T18:13:30.795Z,2638,2026-09-03T18:13:30.795Z,FW,FortWayne,94249231-24a1-492e-97bf-dcd504ea599a,SAMMS-FortWayne
202609031813231287,202609031729278493,202609031729277737,97,6511,P1 Forms Take Home Agreement And Diversion Control Bronze - GAL,br_samms_take_home_agreement_diversion_control,TASK_COMPLETE,SUCCESS,INFO,156,156,0,,2026-09-03T17:29:32.843Z,2026-09-03T18:13:30.795Z,2638,2026-09-03T18:13:30.795Z,GAL,Gaylord,94249231-24a1-492e-97bf-dcd504ea599a,SAMMS-Gaylord
202609031813231288,202609031729278494,202609031729277737,97,6512,P1 Forms Take Home Agreement And Diversion Control Bronze - HGT,br_samms_take_home_agreement_diversion_control,TASK_COMPLETE,SUCCESS,INFO,362,362,0,,2026-09-03T17:29:32.843Z,2026-09-03T18:13:30.795Z,2638,2026-09-03T18:13:30.795Z,HGT,Hagerstown,94249231-24a1-492e-97bf-dcd504ea599a,SAMMS-Hagerstown
202609031813231289,202609031729278495,202609031729277737,97,6513,P1 Forms Take Home Agreement And Diversion Control Bronze - HNT,br_samms_take_home_agreement_diversion_control,TASK_COMPLETE,SUCCESS,INFO,327,327,0,,2026-09-03T17:29:32.843Z,2026-09-03T18:13:30.795Z,2638,2026-09-03T18:13:30.795Z,HNT,Huntsville,94249231-24a1-492e-97bf-dcd504ea599a,SAMMS-Huntsville
202609031813231290,202609031729278496,202609031729277737,97,6514,P1 Forms Take Home Agreement And Diversion Control Bronze - HS,br_samms_take_home_agreement_diversion_control,TASK_COMPLETE,SUCCESS,INFO,0,0,0,,2026-09-03T17:29:32.843Z,2026-09-03T18:13:30.795Z,2638,2026-09-03T18:13:30.795Z,HS,HotSprings,94249231-24a1-492e-97bf-dcd504ea599a,SAMMS-HotSprings
202609031813231291,202609031729278497,202609031729277737,97,6515,P1 Forms Take Home Agreement And Diversion Control Bronze - JON,br_samms_take_home_agreement_diversion_control,TASK_COMPLETE,SUCCESS,INFO,0,0,0,,2026-09-03T17:29:32.843Z,2026-09-03T18:13:30.795Z,2638,2026-09-03T18:13:30.795Z,JON,Jonesboro,94249231-24a1-492e-97bf-dcd504ea599a,SAMMS-Jonesboro
202609031813231292,202609031729278498,202609031729277737,97,6516,P1 Forms Take Home Agreement And Diversion Control Bronze - LAN,br_samms_take_home_agreement_diversion_control,TASK_COMPLETE,SUCCESS,INFO,91,91,0,,2026-09-03T17:29:32.843Z,2026-09-03T18:13:30.795Z,2638,2026-09-03T18:13:30.795Z,LAN,Lansing,94249231-24a1-492e-97bf-dcd504ea599a,SAMMS-Lansing
202609031813231293,202609031729278499,202609031729277737,97,6517,P1 Forms Take Home Agreement And Diversion Control Bronze - LO,br_samms_take_home_agreement_diversion_control,TASK_COMPLETE,SUCCESS,INFO,518,518,0,,2026-09-03T17:29:32.843Z,2026-09-03T18:13:30.795Z,2638,2026-09-03T18:13:30.795Z,LO,Louisville,94249231-24a1-492e-97bf-dcd504ea599a,SAMMS-Louisville
202609031813231295,202609031729278500,202609031729277737,97,6518,P1 Forms Take Home Agreement And Diversion Control Bronze - LV1,br_samms_take_home_agreement_diversion_control,TASK_COMPLETE,SUCCESS,INFO,299,299,0,,2026-09-03T17:29:32.843Z,2026-09-03T18:13:30.795Z,2638,2026-09-03T18:13:30.795Z,LV1,Cheyenne,94249231-24a1-492e-97bf-dcd504ea599a,SAMMS-Cheyenne
202609031813231296,202609031729278501,202609031729277737,97,6519,P1 Forms Take Home Agreement And Diversion Control Bronze - LV2,br_samms_take_home_agreement_diversion_control,TASK_COMPLETE,SUCCESS,INFO,47,47,0,,2026-09-03T17:29:32.843Z,2026-09-03T18:13:30.795Z,2638,2026-09-03T18:13:30.795Z,LV2,DesertInn,94249231-24a1-492e-97bf-dcd504ea599a,SAMMS-DesertInn
202609031813231297,202609031729278502,202609031729277737,97,6520,P1 Forms Take Home Agreement And Diversion Control Bronze - LV3,br_samms_take_home_agreement_diversion_control,TASK_COMPLETE,SUCCESS,INFO,65,65,0,,2026-09-03T17:29:32.843Z,2026-09-03T18:13:30.795Z,2638,2026-09-03T18:13:30.795Z,LV3,McDaniel,94249231-24a1-492e-97bf-dcd504ea599a,SAMMS-McDaniel
202609031813231298,202609031729278503,202609031729277737,97,6521,P1 Forms Take Home Agreement And Diversion Control Bronze - MNRE,br_samms_take_home_agreement_diversion_control,TASK_COMPLETE,SUCCESS,INFO,251,251,0,,2026-09-03T17:29:32.843Z,2026-09-03T18:13:30.795Z,2638,2026-09-03T18:13:30.795Z,MNRE,Monroe,94249231-24a1-492e-97bf-dcd504ea599a,SAMMS-Monroe
202609031813231299,202609031729278504,202609031729277737,97,6522,P1 Forms Take Home Agreement And Diversion Control Bronze - MP,br_samms_take_home_agreement_diversion_control,TASK_COMPLETE,SUCCESS,INFO,203,203,0,,2026-09-03T17:29:32.843Z,2026-09-03T18:13:30.795Z,2638,2026-09-03T18:13:30.795Z,MP,MtPleasant,94249231-24a1-492e-97bf-dcd504ea599a,SAMMS-MtPleasant
202609031813231300,202609031729278505,202609031729277737,97,6523,P1 Forms Take Home Agreement And Diversion Control Bronze - MRD,br_samms_take_home_agreement_diversion_control,TASK_COMPLETE,SUCCESS,INFO,194,194,0,,2026-09-03T17:29:32.843Z,2026-09-03T18:13:30.795Z,2638,2026-09-03T18:13:30.795Z,MRD,Meridian,94249231-24a1-492e-97bf-dcd504ea599a,SAMMS-Meridian
202609031813231444,202609031729278634,202609031729277737,97,6654,P1 Forms Take Home Risk Assessment Bronze - TTCC,br_samms_take_home_risk_assessment,TASK_COMPLETE,SUCCESS,INFO,1106,1106,0,,2026-09-03T17:29:32.843Z,2026-09-03T18:13:30.795Z,2638,2026-09-03T18:13:30.795Z,TTCC,GrandBay,94249231-24a1-492e-97bf-dcd504ea599a,SAMMS-GrandBay
202609031813231445,202609031729278635,202609031729277737,97,6655,P1 Forms Take Home Risk Assessment Bronze - TU,br_samms_take_home_risk_assessment,TASK_COMPLETE,SUCCESS,INFO,39,39,0,,2026-09-03T17:29:32.843Z,2026-09-03T18:13:30.795Z,2638,2026-09-03T18:13:30.795Z,TU,Tucson,94249231-24a1-492e-97bf-dcd504ea599a,SAMMS-Tucson
202609031813231446,202609031729278636,202609031729277737,97,6656,P1 Forms Take Home Risk Assessment Bronze - V1,br_samms_take_home_risk_assessment,TASK_COMPLETE,SUCCESS,INFO,1673,1673,0,,2026-09-03T17:29:32.843Z,2026-09-03T18:13:30.795Z,2638,2026-09-03T18:13:30.795Z,V1,VCPHCS-I-Memphis,94249231-24a1-492e-97bf-dcd504ea599a,SAMMS-VCPHCS-I-MemphisV5
202609031813231447,202609031729278637,202609031729277737,97,6657,P1 Forms Take Home Risk Assessment Bronze - V10,br_samms_take_home_risk_assessment,TASK_COMPLETE,SUCCESS,INFO,559,559,0,,2026-09-03T17:29:32.843Z,2026-09-03T18:13:30.795Z,2638,2026-09-03T18:13:30.795Z,V10,Boulder,94249231-24a1-492e-97bf-dcd504ea599a,SAMMS-BoulderV5
202609031813231448,202609031729278638,202609031729277737,97,6658,P1 Forms Take Home Risk Assessment Bronze - V10A,br_samms_take_home_risk_assessment,TASK_COMPLETE,SUCCESS,INFO,572,572,0,,2026-09-03T17:29:32.843Z,2026-09-03T18:13:30.795Z,2638,2026-09-03T18:13:30.795Z,V10A,FortCollins,94249231-24a1-492e-97bf-dcd504ea599a,SAMMS-FortCollinsV5
202609031813231449,202609031729278639,202609031729277737,97,6659,P1 Forms Take Home Risk Assessment Bronze - V11,br_samms_take_home_risk_assessment,TASK_COMPLETE,SUCCESS,INFO,1452,1452,0,,2026-09-03T17:29:32.843Z,2026-09-03T18:13:30.795Z,2638,2026-09-03T18:13:30.795Z,V11,VCPHCS-XI-NorthDenver,94249231-24a1-492e-97bf-dcd504ea599a,SAMMS-VCPHCS-XI-NorthDenverV5
202609031813231450,202609031729278640,202609031729277737,97,6660,P1 Forms Take Home Risk Assessment Bronze - V12,br_samms_take_home_risk_assessment,TASK_COMPLETE,SUCCESS,INFO,512,512,0,,2026-09-03T17:29:32.843Z,2026-09-03T18:13:30.795Z,2638,2026-09-03T18:13:30.795Z,V12,VCPHCS-XII-DowntownDenver,94249231-24a1-492e-97bf-dcd504ea599a,SAMMS-VCPHCS-XII-DowntownDenverV5
202609031813231451,202609031729278641,202609031729277737,97,6661,P1 Forms Take Home Risk Assessment Bronze - V12A,br_samms_take_home_risk_assessment,TASK_COMPLETE,SUCCESS,INFO,370,370,0,,2026-09-03T17:29:32.843Z,2026-09-03T18:13:30.795Z,2638,2026-09-03T18:13:30.795Z,V12A,Centennial,94249231-24a1-492e-97bf-dcd504ea599a,SAMMS-CentennialV5
202609031813231452,202609031729278642,202609031729277737,97,6662,P1 Forms Take Home Risk Assessment Bronze - V14,br_samms_take_home_risk_assessment,TASK_COMPLETE,SUCCESS,INFO,7,7,0,,2026-09-03T17:29:32.843Z,2026-09-03T18:13:30.795Z,2638,2026-09-03T18:13:30.795Z,V14,VCPHCS-XIV-Bridgeway,94249231-24a1-492e-97bf-dcd504ea599a,SAMMS-VCPHCS-XIV-BridgewayV5
202609031813231454,202609031729278643,202609031729277737,97,6663,P1 Forms Take Home Risk Assessment Bronze - V15,br_samms_take_home_risk_assessment,TASK_COMPLETE,SUCCESS,INFO,2233,2233,0,,2026-09-03T17:29:32.843Z,2026-09-03T18:13:30.795Z,2638,2026-09-03T18:13:30.795Z,V15,Joplin,94249231-24a1-492e-97bf-dcd504ea599a,SAMMS-JoplinV5
202609031813231455,202609031729278644,202609031729277737,97,6664,P1 Forms Take Home Risk Assessment Bronze - V17,br_samms_take_home_risk_assessment,TASK_COMPLETE,SUCCESS,INFO,409,409,0,,2026-09-03T17:29:32.843Z,2026-09-03T18:13:30.795Z,2638,2026-09-03T18:13:30.795Z,V17,ColumbiaTN,94249231-24a1-492e-97bf-dcd504ea599a,SAMMS-ColumbiaTNv5
202609031813231456,202609031729278645,202609031729277737,97,6665,P1 Forms Take Home Risk Assessment Bronze - V19,br_samms_take_home_risk_assessment,TASK_COMPLETE,SUCCESS,INFO,829,829,0,,2026-09-03T17:29:32.843Z,2026-09-03T18:13:30.795Z,2638,2026-09-03T18:13:30.795Z,V19,Jackson,94249231-24a1-492e-97bf-dcd504ea599a,SAMMS-JacksonV5
202609031813231457,202609031729278646,202609031729277737,97,6666,P1 Forms Take Home Risk Assessment Bronze - V20,br_samms_take_home_risk_assessment,TASK_COMPLETE,SUCCESS,INFO,302,302,0,,2026-09-03T17:29:32.843Z,2026-09-03T18:13:30.795Z,2638,2026-09-03T18:13:30.795Z,V20,Paris,94249231-24a1-492e-97bf-dcd504ea599a,SAMMS-ParisV5
202609031813231458,202609031729278647,202609031729277737,97,6667,P1 Forms Take Home Risk Assessment Bronze - V21,br_samms_take_home_risk_assessment,TASK_COMPLETE,SUCCESS,INFO,819,819,0,,2026-09-03T17:29:32.843Z,2026-09-03T18:13:30.795Z,2638,2026-09-03T18:13:30.795Z,V21,Raleigh,94249231-24a1-492e-97bf-dcd504ea599a,SAMMS-RaleighV5
202609031813231459,202609031729278648,202609031729277737,97,6668,P1 Forms Take Home Risk Assessment Bronze - V5,br_samms_take_home_risk_assessment,TASK_COMPLETE,SUCCESS,INFO,1947,1947,0,,2026-09-03T17:29:32.843Z,2026-09-03T18:13:30.795Z,2638,2026-09-03T18:13:30.795Z,V5,NONTC,94249231-24a1-492e-97bf-dcd504ea599a,SAMMS-NONTCv5
202609031813231460,202609031729278649,202609031729277737,97,6669,P1 Forms Take Home Risk Assessment Bronze - V5B,br_samms_take_home_risk_assessment,TASK_COMPLETE,SUCCESS,INFO,44,44,0,,2026-09-03T17:29:32.843Z,2026-09-03T18:13:30.795Z,2638,2026-09-03T18:13:30.795Z,V5B,Houma,94249231-24a1-492e-97bf-dcd504ea599a,SAMMS-HoumaV6
202609031813231461,202609031729278650,202609031729277737,97,6670,P1 Forms Take Home Risk Assessment Bronze - V6,br_samms_take_home_risk_assessment,TASK_COMPLETE,SUCCESS,INFO,1373,1373,0,,2026-09-03T17:29:32.843Z,2026-09-03T18:13:30.795Z,2638,2026-09-03T18:13:30.795Z,V6,LC,94249231-24a1-492e-97bf-dcd504ea599a,SAMMS-LCv5
202609031813231462,202609031729278651,202609031729277737,97,6671,P1 Forms Take Home Risk Assessment Bronze - V8,br_samms_take_home_risk_assessment,TASK_COMPLETE,SUCCESS,INFO,471,471,0,,2026-09-03T17:29:32.843Z,2026-09-03T18:13:30.795Z,2638,2026-09-03T18:13:30.795Z,V8,VCPHCS-VIII-Memphis,94249231-24a1-492e-97bf-dcd504ea599a,SAMMS-VCPHCS-VIII-MemphisV5
202609031813231463,202609031729278652,202609031729277737,97,6672,P1 Forms Take Home Risk Assessment Bronze - V9,br_samms_take_home_risk_assessment,TASK_COMPLETE,SUCCESS,INFO,1562,1562,0,,2026-09-03T17:29:32.843Z,2026-09-03T18:13:30.795Z,2638,2026-09-03T18:13:30.795Z,V9,Nashville,94249231-24a1-492e-97bf-dcd504ea599a,SAMMS-NashvilleV5
202609031813231465,202609031729278653,202609031729277737,97,6673,P1 Forms Take Home Risk Assessment Bronze - VBRA,br_samms_take_home_risk_assessment,TASK_COMPLETE,SUCCESS,INFO,1389,1389,0,,2026-09-03T17:29:32.843Z,2026-09-03T18:13:30.795Z,2638,2026-09-03T18:13:30.795Z,VBRA,Brainerd,94249231-24a1-492e-97bf-dcd504ea599a,SAMMS-BrainerdV6
202609031813231466,202609031729278654,202609031729277737,97,6674,P1 Forms Take Home Risk Assessment Bronze - VBRP,br_samms_take_home_risk_assessment,TASK_COMPLETE,SUCCESS,INFO,2553,2553,0,,2026-09-03T17:29:32.843Z,2026-09-03T18:13:30.795Z,2638,2026-09-03T18:13:30.795Z,VBRP,BrooklynPark,94249231-24a1-492e-97bf-dcd504ea599a,SAMMS-BrooklynParkV6
202609031813231467,202609031729278655,202609031729277737,97,6675,P1 Forms Take Home Risk Assessment Bronze - VMIN,br_samms_take_home_risk_assessment,TASK_COMPLETE,SUCCESS,INFO,1210,1210,0,,2026-09-03T17:29:32.843Z,2026-09-03T18:13:30.795Z,2638,2026-09-03T18:13:30.795Z,VMIN,Minneapolis,94249231-24a1-492e-97bf-dcd504ea599a,SAMMS-MinneapolisV6
202609031813231468,202609031729278656,202609031729277737,97,6676,P1 Forms Take Home Risk Assessment Bronze - VWBY,br_samms_take_home_risk_assessment,TASK_COMPLETE,SUCCESS,INFO,2104,2104,0,,2026-09-03T17:29:32.843Z,2026-09-03T18:13:30.795Z,2638,2026-09-03T18:13:30.795Z,VWBY,Woodbury,94249231-24a1-492e-97bf-dcd504ea599a,SAMMS-WoodburyV6
202609031813231469,202609031729278657,202609031729277737,97,6677,P1 Forms Take Home Risk Assessment Bronze - WIL,br_samms_take_home_risk_assessment,TASK_COMPLETE,SUCCESS,INFO,923,923,0,,2026-09-03T17:29:32.843Z,2026-09-03T18:13:30.795Z,2638,2026-09-03T18:13:30.795Z,WIL,Wilson,94249231-24a1-492e-97bf-dcd504ea599a,SAMMS-Wilson
202609031813231470,202609031729278658,202609031729277737,97,6680,P1 Forms New Discharge Transfer Plan Form Bronze - AHK,br_samms_new_discharge_transfer_plan_form,TASK_COMPLETE,SUCCESS,INFO,26,26,0,,2026-09-03T17:29:32.843Z,2026-09-03T18:13:30.795Z,2638,2026-09-03T18:13:30.795Z,AHK,Ahoskie,94249231-24a1-492e-97bf-dcd504ea599a,SAMMS-Ahoskie
202609031813231471,202609031729278659,202609031729277737,97,6681,P1 Forms New Discharge Transfer Plan Form Bronze - B12B,br_samms_new_discharge_transfer_plan_form,TASK_COMPLETE,SUCCESS,INFO,151,151,0,,2026-09-03T17:29:32.843Z,2026-09-03T18:13:30.795Z,2638,2026-09-03T18:13:30.795Z,B12B,ColoradoSprings,94249231-24a1-492e-97bf-dcd504ea599a,SAMMS-ColoradoSpringsV5
202609031813231472,202609031729278660,202609031729277737,97,6682,P1 Forms New Discharge Transfer Plan Form Bronze - B24,br_samms_new_discharge_transfer_plan_form,TASK_COMPLETE,SUCCESS,INFO,152,152,0,,2026-09-03T17:29:32.843Z,2026-09-03T18:13:30.795Z,2638,2026-09-03T18:13:30.795Z,B24,Paintsville,94249231-24a1-492e-97bf-dcd504ea599a,SAMMS-PaintsvilleV5
202609031813231473,202609031729278661,202609031729277737,97,6683,P1 Forms New Discharge Transfer Plan Form Bronze - B25,br_samms_new_discharge_transfer_plan_form,TASK_COMPLETE,SUCCESS,INFO,148,148,0,,2026-09-03T17:29:32.843Z,2026-09-03T18:13:30.795Z,2638,2026-09-03T18:13:30.795Z,B25,Pikeville,94249231-24a1-492e-97bf-dcd504ea599a,SAMMS-PikevilleV5
202609031813231475,202609031729278662,202609031729277737,97,6684,P1 Forms New Discharge Transfer Plan Form Bronze - B26,br_samms_new_discharge_transfer_plan_form,TASK_COMPLETE,SUCCESS,INFO,227,227,0,,2026-09-03T17:29:32.843Z,2026-09-03T18:13:30.795Z,2638,2026-09-03T18:13:30.795Z,B26,Hazard,94249231-24a1-492e-97bf-dcd504ea599a,SAMMS-HazardV5
202609031813231476,202609031729278663,202609031729277737,97,6685,P1 Forms New Discharge Transfer Plan Form Bronze - B27,br_samms_new_discharge_transfer_plan_form,TASK_COMPLETE,SUCCESS,INFO,56,56,0,,2026-09-03T17:29:32.843Z,2026-09-03T18:13:30.795Z,2638,2026-09-03T18:13:30.795Z,B27,Savannah,94249231-24a1-492e-97bf-dcd504ea599a,SAMMS-SavannahV6
202609031813231477,202609031729278664,202609031729277737,97,6686,P1 Forms New Discharge Transfer Plan Form Bronze - B28,br_samms_new_discharge_transfer_plan_form,TASK_COMPLETE,SUCCESS,INFO,66,66,0,,2026-09-03T17:29:32.843Z,2026-09-03T18:13:30.795Z,2638,2026-09-03T18:13:30.795Z,B28,WestPlaines,94249231-24a1-492e-97bf-dcd504ea599a,SAMMS-WestPlainesV5
202609031813231478,202609031729278665,202609031729277737,97,6687,P1 Forms New Discharge Transfer Plan Form Bronze - B29,br_samms_new_discharge_transfer_plan_form,TASK_COMPLETE,SUCCESS,INFO,79,79,0,,2026-09-03T17:29:32.843Z,2026-09-03T18:13:30.795Z,2638,2026-09-03T18:13:30.795Z,B29,PoplarBluff,94249231-24a1-492e-97bf-dcd504ea599a,SAMMS-PoplarBluffV5
202609031813231479,202609031729278666,202609031729277737,97,6688,P1 Forms New Discharge Transfer Plan Form Bronze - B30,br_samms_new_discharge_transfer_plan_form,TASK_COMPLETE,SUCCESS,INFO,71,71,0,,2026-09-03T17:29:32.843Z,2026-09-03T18:13:30.795Z,2638,2026-09-03T18:13:30.795Z,B30,KCN,94249231-24a1-492e-97bf-dcd504ea599a,SAMMS-KCNv5
202609031813231480,202609031729278667,202609031729277737,97,6689,P1 Forms New Discharge Transfer Plan Form Bronze - B31,br_samms_new_discharge_transfer_plan_form,TASK_COMPLETE,SUCCESS,INFO,77,77,0,,2026-09-03T17:29:32.843Z,2026-09-03T18:13:30.795Z,2638,2026-09-03T18:13:30.795Z,B31,Dyersburg,94249231-24a1-492e-97bf-dcd504ea599a,SAMMS-DyersburgV5
202609031813231481,202609031729278668,202609031729277737,97,6690,P1 Forms New Discharge Transfer Plan Form Bronze - B33,br_samms_new_discharge_transfer_plan_form,TASK_COMPLETE,SUCCESS,INFO,118,118,0,,2026-09-03T17:29:32.843Z,2026-09-03T18:13:30.795Z,2638,2026-09-03T18:13:30.795Z,B33,Paducah,94249231-24a1-492e-97bf-dcd504ea599a,SAMMS-Paducah
202609031813231482,202609031729278669,202609031729277737,97,6691,P1 Forms New Discharge Transfer Plan Form Bronze - B34,br_samms_new_discharge_transfer_plan_form,TASK_COMPLETE,SUCCESS,INFO,249,249,0,,2026-09-03T17:29:32.843Z,2026-09-03T18:13:30.795Z,2638,2026-09-03T18:13:30.795Z,B34,Corbin,94249231-24a1-492e-97bf-dcd504ea599a,SAMMS-CorbinV5
202609031813231484,202609031729278670,202609031729277737,97,6692,P1 Forms New Discharge Transfer Plan Form Bronze - B35,br_samms_new_discharge_transfer_plan_form,TASK_COMPLETE,SUCCESS,INFO,394,394,0,,2026-09-03T17:29:32.843Z,2026-09-03T18:13:30.795Z,2638,2026-09-03T18:13:30.795Z,B35,Lexington,94249231-24a1-492e-97bf-dcd504ea599a,SAMMS-LexingtonV5
202609031813231485,202609031729278671,202609031729277737,97,6693,P1 Forms New Discharge Transfer Plan Form Bronze - B35A,br_samms_new_discharge_transfer_plan_form,TASK_COMPLETE,SUCCESS,INFO,148,148,0,,2026-09-03T17:29:32.843Z,2026-09-03T18:13:30.795Z,2638,2026-09-03T18:13:30.795Z,B35A,Berea,94249231-24a1-492e-97bf-dcd504ea599a,SAMMS-BereaV5
202609031813231486,202609031729278672,202609031729277737,97,6694,P1 Forms New Discharge Transfer Plan Form Bronze - B36,br_samms_new_discharge_transfer_plan_form,TASK_COMPLETE,SUCCESS,INFO,136,136,0,,2026-09-03T17:29:32.843Z,2026-09-03T18:13:30.795Z,2638,2026-09-03T18:13:30.795Z,B36,Asheville,94249231-24a1-492e-97bf-dcd504ea599a,SAMMS-AshevilleV5
202609031813231487,202609031729278673,202609031729277737,97,6695,P1 Forms New Discharge Transfer Plan Form Bronze - B37,br_samms_new_discharge_transfer_plan_form,TASK_COMPLETE,SUCCESS,INFO,82,82,0,,2026-09-03T17:29:32.843Z,2026-09-03T18:13:30.795Z,2638,2026-09-03T18:13:30.795Z,B37,Clyde,94249231-24a1-492e-97bf-dcd504ea599a,SAMMS-ClydeV5
202609031813231488,202609031729278674,202609031729277737,97,6696,P1 Forms New Discharge Transfer Plan Form Bronze - B38,br_samms_new_discharge_transfer_plan_form,TASK_COMPLETE,SUCCESS,INFO,140,140,0,,2026-09-03T17:29:32.843Z,2026-09-03T18:13:30.795Z,2638,2026-09-03T18:13:30.795Z,B38,Spartanburg,94249231-24a1-492e-97bf-dcd504ea599a,SAMMS-SpartanburgV5
202609031813231489,202609031729278675,202609031729277737,97,6697,P1 Forms New Discharge Transfer Plan Form Bronze - B39,br_samms_new_discharge_transfer_plan_form,TASK_COMPLETE,SUCCESS,INFO,139,139,0,,2026-09-03T17:29:32.843Z,2026-09-03T18:13:30.795Z,2638,2026-09-03T18:13:30.795Z,B39,Aiken,94249231-24a1-492e-97bf-dcd504ea599a,SAMMS-AikenV5
202609031813231490,202609031729278676,202609031729277737,97,6698,P1 Forms New Discharge Transfer Plan Form Bronze - B41,br_samms_new_discharge_transfer_plan_form,TASK_COMPLETE,SUCCESS,INFO,155,155,0,,2026-09-03T17:29:32.843Z,2026-09-03T18:13:30.795Z,2638,2026-09-03T18:13:30.795Z,B41,Chesapeake,94249231-24a1-492e-97bf-dcd504ea599a,SAMMS-ChesapeakeV5
202609031813231491,202609031729278677,202609031729277737,97,6699,P1 Forms New Discharge Transfer Plan Form Bronze - B42,br_samms_new_discharge_transfer_plan_form,TASK_COMPLETE,SUCCESS,INFO,292,292,0,,2026-09-03T17:29:32.843Z,2026-09-03T18:13:30.795Z,2638,2026-09-03T18:13:30.795Z,B42,VirginiaBeach,94249231-24a1-492e-97bf-dcd504ea599a,SAMMS-VirginiaBeachV5
202609031813231492,202609031729278678,202609031729277737,97,6700,P1 Forms New Discharge Transfer Plan Form Bronze - B42A,br_samms_new_discharge_transfer_plan_form,TASK_COMPLETE,SUCCESS,INFO,162,162,0,,2026-09-03T17:29:32.843Z,2026-09-03T18:13:30.795Z,2638,2026-09-03T18:13:30.795Z,B42A,NewportNews,94249231-24a1-492e-97bf-dcd504ea599a,SAMMS-NewportNewsV5
202609031813231494,202609031729278679,202609031729277737,97,6701,P1 Forms New Discharge Transfer Plan Form Bronze - B42B,br_samms_new_discharge_transfer_plan_form,TASK_COMPLETE,SUCCESS,INFO,25,25,0,,2026-09-03T17:29:32.843Z,2026-09-03T18:13:30.795Z,2638,2026-09-03T18:13:30.795Z,B42B,Franklin,94249231-24a1-492e-97bf-dcd504ea599a,SAMMS-FranklinV5
202609031813231495,202609031729278680,202609031729277737,97,6702,P1 Forms New Discharge Transfer Plan Form Bronze - B42C,br_samms_new_discharge_transfer_plan_form,TASK_COMPLETE,SUCCESS,INFO,152,152,0,,2026-09-03T17:29:32.843Z,2026-09-03T18:13:30.795Z,2638,2026-09-03T18:13:30.795Z,B42C,GlenAllen,94249231-24a1-492e-97bf-dcd504ea599a,SAMMS-GlenAllenV5
202609031813231496,202609031729278681,202609031729277737,97,6703,P1 Forms New Discharge Transfer Plan Form Bronze - B42D,br_samms_new_discharge_transfer_plan_form,TASK_COMPLETE,SUCCESS,INFO,74,74,0,,2026-09-03T17:29:32.843Z,2026-09-03T18:13:30.795Z,2638,2026-09-03T18:13:30.795Z,B42D,ChesapeakeSouth,94249231-24a1-492e-97bf-dcd504ea599a,SAMMS-ChesapeakeSouthV5
202609031813231497,202609031729278682,202609031729277737,97,6704,P1 Forms New Discharge Transfer Plan Form Bronze - B44,br_samms_new_discharge_transfer_plan_form,TASK_COMPLETE,SUCCESS,INFO,36,36,0,,2026-09-03T17:29:32.843Z,2026-09-03T18:13:30.795Z,2638,2026-09-03T18:13:30.795Z,B44,Albany,94249231-24a1-492e-97bf-dcd504ea599a,SAMMS-AlbanyV5
202609031813231498,202609031729278683,202609031729277737,97,6705,P1 Forms New Discharge Transfer Plan Form Bronze - B45,br_samms_new_discharge_transfer_plan_form,TASK_COMPLETE,SUCCESS,INFO,126,126,0,,2026-09-03T17:29:32.843Z,2026-09-03T18:13:30.795Z,2638,2026-09-03T18:13:30.795Z,B45,Tifton,94249231-24a1-492e-97bf-dcd504ea599a,SAMMS-TiftonV5
202609031813231499,202609031729278684,202609031729277737,97,6706,P1 Forms New Discharge Transfer Plan Form Bronze - B46,br_samms_new_discharge_transfer_plan_form,TASK_COMPLETE,SUCCESS,INFO,201,201,0,,2026-09-03T17:29:32.843Z,2026-09-03T18:13:30.795Z,2638,2026-09-03T18:13:30.795Z,B46,WashingtonDC,94249231-24a1-492e-97bf-dcd504ea599a,SAMMS-WashingtonDCv5
202609031813231500,202609031729278685,202609031729277737,97,6707,P1 Forms New Discharge Transfer Plan Form Bronze - B47,br_samms_new_discharge_transfer_plan_form,TASK_COMPLETE,SUCCESS,INFO,95,95,0,,2026-09-03T17:29:32.843Z,2026-09-03T18:13:30.795Z,2638,2026-09-03T18:13:30.795Z,B47,Mobile,94249231-24a1-492e-97bf-dcd504ea599a,SAMMS-MobileV5
202609031813231501,202609031729278686,202609031729277737,97,6708,P1 Forms New Discharge Transfer Plan Form Bronze - B48,br_samms_new_discharge_transfer_plan_form,TASK_COMPLETE,SUCCESS,INFO,126,126,0,,2026-09-03T17:29:32.843Z,2026-09-03T18:13:30.795Z,2638,2026-09-03T18:13:30.795Z,B48,Tuscaloosa,94249231-24a1-492e-97bf-dcd504ea599a,SAMMS-TuscaloosaV5
202609031813231502,202609031729278687,202609031729277737,97,6709,P1 Forms New Discharge Transfer Plan Form Bronze - B51,br_samms_new_discharge_transfer_plan_form,TASK_COMPLETE,SUCCESS,INFO,76,76,0,,2026-09-03T17:29:32.843Z,2026-09-03T18:13:30.795Z,2638,2026-09-03T18:13:30.795Z,B51,NorthLittleRock,94249231-24a1-492e-97bf-dcd504ea599a,SAMMS-NorthLittleRockV6
202609031813231504,202609031729278688,202609031729277737,97,6710,P1 Forms New Discharge Transfer Plan Form Bronze - B52,br_samms_new_discharge_transfer_plan_form,TASK_COMPLETE,SUCCESS,INFO,71,71,0,,2026-09-03T17:29:32.843Z,2026-09-03T18:13:30.795Z,2638,2026-09-03T18:13:30.795Z,B52,JacksonGA,94249231-24a1-492e-97bf-dcd504ea599a,SAMMS-JacksonGAV5
202609031813231505,202609031729278689,202609031729277737,97,6711,P1 Forms New Discharge Transfer Plan Form Bronze - B54,br_samms_new_discharge_transfer_plan_form,TASK_COMPLETE,SUCCESS,INFO,145,145,0,,2026-09-03T17:29:32.843Z,2026-09-03T18:13:30.795Z,2638,2026-09-03T18:13:30.795Z,B54,Gadsden,94249231-24a1-492e-97bf-dcd504ea599a,SAMMS-GadsdenV5
202609031813231506,202609031729278690,202609031729277737,97,6712,P1 Forms New Discharge Transfer Plan Form Bronze - B55,br_samms_new_discharge_transfer_plan_form,TASK_COMPLETE,SUCCESS,INFO,182,182,0,,2026-09-03T17:29:32.843Z,2026-09-03T18:13:30.795Z,2638,2026-09-03T18:13:30.795Z,B55,Shoals,94249231-24a1-492e-97bf-dcd504ea599a,SAMMS-ShoalsV5
202609031813231507,202609031729278691,202609031729277737,97,6713,P1 Forms New Discharge Transfer Plan Form Bronze - B57,br_samms_new_discharge_transfer_plan_form,TASK_COMPLETE,SUCCESS,INFO,93,93,0,,2026-09-03T17:29:32.843Z,2026-09-03T18:13:30.795Z,2638,2026-09-03T18:13:30.795Z,B57,Pawtucket,94249231-24a1-492e-97bf-dcd504ea599a,SAMMS-Pawtucket
202609031813231508,202609031729278692,202609031729277737,97,6714,P1 Forms New Discharge Transfer Plan Form Bronze - B57A,br_samms_new_discharge_transfer_plan_form,TASK_COMPLETE,SUCCESS,INFO,139,139,0,,2026-09-03T17:29:32.843Z,2026-09-03T18:13:30.795Z,2638,2026-09-03T18:13:30.795Z,B57A,Johnston,94249231-24a1-492e-97bf-dcd504ea599a,SAMMS-Johnston
202609031813231509,202609031729278693,202609031729277737,97,6715,P1 Forms New Discharge Transfer Plan Form Bronze - B57B,br_samms_new_discharge_transfer_plan_form,TASK_COMPLETE,SUCCESS,INFO,32,32,0,,2026-09-03T17:29:32.843Z,2026-09-03T18:13:30.795Z,2638,2026-09-03T18:13:30.795Z,B57B,Middletown,94249231-24a1-492e-97bf-dcd504ea599a,SAMMS-Middletown
202609031813231510,202609031729278694,202609031729277737,97,6716,P1 Forms New Discharge Transfer Plan Form Bronze - B57C,br_samms_new_discharge_transfer_plan_form,TASK_COMPLETE,SUCCESS,INFO,160,160,0,,2026-09-03T17:29:32.843Z,2026-09-03T18:13:30.795Z,2638,2026-09-03T18:13:30.795Z,B57C,Providence,94249231-24a1-492e-97bf-dcd504ea599a,SAMMS-Providence
202609031813231511,202609031729278695,202609031729277737,97,6717,P1 Forms New Discharge Transfer Plan Form Bronze - B57D,br_samms_new_discharge_transfer_plan_form,TASK_COMPLETE,SUCCESS,INFO,186,186,0,,2026-09-03T17:29:32.843Z,2026-09-03T18:13:30.795Z,2638,2026-09-03T18:13:30.795Z,B57D,Westerly,94249231-24a1-492e-97bf-dcd504ea599a,SAMMS-Westerly
202609031813231512,202609031729278696,202609031729277737,97,6718,P1 Forms New Discharge Transfer Plan Form Bronze - B66A,br_samms_new_discharge_transfer_plan_form,TASK_COMPLETE,SUCCESS,INFO,101,101,0,,2026-09-03T17:29:32.843Z,2026-09-03T18:13:30.795Z,2638,2026-09-03T18:13:30.795Z,B66A,Bremen,94249231-24a1-492e-97bf-dcd504ea599a,SAMMS-Bremen
202609031813231513,202609031729278697,202609031729277737,97,6719,P1 Forms New Discharge Transfer Plan Form Bronze - B72,br_samms_new_discharge_transfer_plan_form,TASK_COMPLETE,SUCCESS,INFO,208,208,0,,2026-09-03T17:29:32.843Z,2026-09-03T18:13:30.795Z,2638,2026-09-03T18:13:30.795Z,B72,Mobile-OBOT,94249231-24a1-492e-97bf-dcd504ea599a,SAMMS-Mobile-OBOT
202609031813230516,202609031729277802,202609031729277737,97,5808,P1 Forms Comprehensive Assessment Form Bronze - FW,br_samms_comprehensive_assessment_form,TASK_COMPLETE,SUCCESS,INFO,684,684,0,,2026-09-03T17:29:32.843Z,2026-09-03T18:13:30.795Z,2638,2026-09-03T18:13:30.795Z,FW,FortWayne,94249231-24a1-492e-97bf-dcd504ea599a,SAMMS-FortWayne
202609031813230517,202609031729277803,202609031729277737,97,5809,P1 Forms Comprehensive Assessment Form Bronze - GAL,br_samms_comprehensive_assessment_form,TASK_COMPLETE,SUCCESS,INFO,175,175,0,,2026-09-03T17:29:32.843Z,2026-09-03T18:13:30.795Z,2638,2026-09-03T18:13:30.795Z,GAL,Gaylord,94249231-24a1-492e-97bf-dcd504ea599a,SAMMS-Gaylord
202609031813230518,202609031729277804,202609031729277737,97,5810,P1 Forms Comprehensive Assessment Form Bronze - HGT,br_samms_comprehensive_assessment_form,TASK_COMPLETE,SUCCESS,INFO,591,591,0,,2026-09-03T17:29:32.843Z,2026-09-03T18:13:30.795Z,2638,2026-09-03T18:13:30.795Z,HGT,Hagerstown,94249231-24a1-492e-97bf-dcd504ea599a,SAMMS-Hagerstown
202609031813230519,202609031729277805,202609031729277737,97,5811,P1 Forms Comprehensive Assessment Form Bronze - HNT,br_samms_comprehensive_assessment_form,TASK_COMPLETE,SUCCESS,INFO,463,463,0,,2026-09-03T17:29:32.843Z,2026-09-03T18:13:30.795Z,2638,2026-09-03T18:13:30.795Z,HNT,Huntsville,94249231-24a1-492e-97bf-dcd504ea599a,SAMMS-Huntsville
202609031813230520,202609031729277806,202609031729277737,97,5812,P1 Forms Comprehensive Assessment Form Bronze - HS,br_samms_comprehensive_assessment_form,TASK_COMPLETE,SUCCESS,INFO,308,308,0,,2026-09-03T17:29:32.843Z,2026-09-03T18:13:30.795Z,2638,2026-09-03T18:13:30.795Z,HS,HotSprings,94249231-24a1-492e-97bf-dcd504ea599a,SAMMS-HotSprings
202609031813230521,202609031729277807,202609031729277737,97,5813,P1 Forms Comprehensive Assessment Form Bronze - JON,br_samms_comprehensive_assessment_form,TASK_COMPLETE,SUCCESS,INFO,265,265,0,,2026-09-03T17:29:32.843Z,2026-09-03T18:13:30.795Z,2638,2026-09-03T18:13:30.795Z,JON,Jonesboro,94249231-24a1-492e-97bf-dcd504ea599a,SAMMS-Jonesboro
202609031813230522,202609031729277808,202609031729277737,97,5814,P1 Forms Comprehensive Assessment Form Bronze - LAN,br_samms_comprehensive_assessment_form,TASK_COMPLETE,SUCCESS,INFO,211,211,0,,2026-09-03T17:29:32.843Z,2026-09-03T18:13:30.795Z,2638,2026-09-03T18:13:30.795Z,LAN,Lansing,94249231-24a1-492e-97bf-dcd504ea599a,SAMMS-Lansing
202609031813230524,202609031729277809,202609031729277737,97,5815,P1 Forms Comprehensive Assessment Form Bronze - LO,br_samms_comprehensive_assessment_form,TASK_COMPLETE,SUCCESS,INFO,691,691,0,,2026-09-03T17:29:32.843Z,2026-09-03T18:13:30.795Z,2638,2026-09-03T18:13:30.795Z,LO,Louisville,94249231-24a1-492e-97bf-dcd504ea599a,SAMMS-Louisville
202609031813230525,202609031729277810,202609031729277737,97,5816,P1 Forms Comprehensive Assessment Form Bronze - LV1,br_samms_comprehensive_assessment_form,TASK_COMPLETE,SUCCESS,INFO,1177,1177,0,,2026-09-03T17:29:32.843Z,2026-09-03T18:13:30.795Z,2638,2026-09-03T18:13:30.795Z,LV1,Cheyenne,94249231-24a1-492e-97bf-dcd504ea599a,SAMMS-Cheyenne
202609031813230526,202609031729277811,202609031729277737,97,5817,P1 Forms Comprehensive Assessment Form Bronze - LV2,br_samms_comprehensive_assessment_form,TASK_COMPLETE,SUCCESS,INFO,943,943,0,,2026-09-03T17:29:32.843Z,2026-09-03T18:13:30.795Z,2638,2026-09-03T18:13:30.795Z,LV2,DesertInn,94249231-24a1-492e-97bf-dcd504ea599a,SAMMS-DesertInn
202609031813230527,202609031729277812,202609031729277737,97,5818,P1 Forms Comprehensive Assessment Form Bronze - LV3,br_samms_comprehensive_assessment_form,TASK_COMPLETE,SUCCESS,INFO,315,315,0,,2026-09-03T17:29:32.843Z,2026-09-03T18:13:30.795Z,2638,2026-09-03T18:13:30.795Z,LV3,McDaniel,94249231-24a1-492e-97bf-dcd504ea599a,SAMMS-McDaniel
202609031813230528,202609031729277813,202609031729277737,97,5819,P1 Forms Comprehensive Assessment Form Bronze - MNRE,br_samms_comprehensive_assessment_form,TASK_COMPLETE,SUCCESS,INFO,257,257,0,,2026-09-03T17:29:32.843Z,2026-09-03T18:13:30.795Z,2638,2026-09-03T18:13:30.795Z,MNRE,Monroe,94249231-24a1-492e-97bf-dcd504ea599a,SAMMS-Monroe
202609031813230529,202609031729277814,202609031729277737,97,5820,P1 Forms Comprehensive Assessment Form Bronze - MP,br_samms_comprehensive_assessment_form,TASK_COMPLETE,SUCCESS,INFO,286,286,0,,2026-09-03T17:29:32.843Z,2026-09-03T18:13:30.795Z,2638,2026-09-03T18:13:30.795Z,MP,MtPleasant,94249231-24a1-492e-97bf-dcd504ea599a,SAMMS-MtPleasant
202609031813230530,202609031729277815,202609031729277737,97,5821,P1 Forms Comprehensive Assessment Form Bronze - MRD,br_samms_comprehensive_assessment_form,TASK_COMPLETE,SUCCESS,INFO,169,169,0,,2026-09-03T17:29:32.843Z,2026-09-03T18:13:30.795Z,2638,2026-09-03T18:13:30.795Z,MRD,Meridian,94249231-24a1-492e-97bf-dcd504ea599a,SAMMS-Meridian
202609031813230531,202609031729277816,202609031729277737,97,5822,P1 Forms Comprehensive Assessment Form Bronze - NC,br_samms_comprehensive_assessment_form,TASK_COMPLETE,SUCCESS,INFO,566,566,0,,2026-09-03T17:29:32.843Z,2026-09-03T18:13:30.795Z,2638,2026-09-03T18:13:30.795Z,NC,NorthCharleston,94249231-24a1-492e-97bf-dcd504ea599a,SAMMS-NorthCharleston
202609031813230533,202609031729277817,202609031729277737,97,5823,P1 Forms Comprehensive Assessment Form Bronze - NLR,br_samms_comprehensive_assessment_form,TASK_COMPLETE,SUCCESS,INFO,576,576,0,,2026-09-03T17:29:32.843Z,2026-09-03T18:13:30.795Z,2638,2026-09-03T18:13:30.795Z,NLR,NLROBOT,94249231-24a1-492e-97bf-dcd504ea599a,SAMMS-NLROBOT
202609031813230534,202609031729277818,202609031729277737,97,5824,P1 Forms Comprehensive Assessment Form Bronze - PH,br_samms_comprehensive_assessment_form,TASK_COMPLETE,SUCCESS,INFO,258,258,0,,2026-09-03T17:29:32.843Z,2026-09-03T18:13:30.795Z,2638,2026-09-03T18:13:30.795Z,PH,Phoenix,94249231-24a1-492e-97bf-dcd504ea599a,SAMMS-Phoenix
202609031813230535,202609031729277819,202609031729277737,97,5825,P1 Forms Comprehensive Assessment Form Bronze - RE,br_samms_comprehensive_assessment_form,TASK_COMPLETE,SUCCESS,INFO,385,385,0,,2026-09-03T17:29:32.843Z,2026-09-03T18:13:30.795Z,2638,2026-09-03T18:13:30.795Z,RE,Reno,94249231-24a1-492e-97bf-dcd504ea599a,SAMMS-Reno
202609031813230536,202609031729277820,202609031729277737,97,5826,P1 Forms Comprehensive Assessment Form Bronze - RMD,br_samms_comprehensive_assessment_form,TASK_COMPLETE,SUCCESS,INFO,689,689,0,,2026-09-03T17:29:32.843Z,2026-09-03T18:13:30.795Z,2638,2026-09-03T18:13:30.795Z,RMD,Richmond,94249231-24a1-492e-97bf-dcd504ea599a,SAMMS-Richmond
202609031813230537,202609031729277821,202609031729277737,97,5827,P1 Forms Comprehensive Assessment Form Bronze - SFN,br_samms_comprehensive_assessment_form,TASK_COMPLETE,SUCCESS,INFO,505,505,0,,2026-09-03T17:29:32.843Z,2026-09-03T18:13:30.795Z,2638,2026-09-03T18:13:30.795Z,SFN,SFN,94249231-24a1-492e-97bf-dcd504ea599a,SAMMS-SFNv5
202609031813230538,202609031729277822,202609031729277737,97,5828,P1 Forms Comprehensive Assessment Form Bronze - SHP,br_samms_comprehensive_assessment_form,TASK_COMPLETE,SUCCESS,INFO,422,422,0,,2026-09-03T17:29:32.843Z,2026-09-03T18:13:30.795Z,2638,2026-09-03T18:13:30.795Z,SHP,Shreveport,94249231-24a1-492e-97bf-dcd504ea599a,SAMMS-Shreveport
202609031813230539,202609031729277823,202609031729277737,97,5829,P1 Forms Comprehensive Assessment Form Bronze - STN,br_samms_comprehensive_assessment_form,TASK_COMPLETE,SUCCESS,INFO,80,80,0,,2026-09-03T17:29:32.843Z,2026-09-03T18:13:30.795Z,2638,2026-09-03T18:13:30.795Z,STN,Staunton,94249231-24a1-492e-97bf-dcd504ea599a,SAMMS-Staunton
202609031813230540,202609031729277824,202609031729277737,97,5830,P1 Forms Comprehensive Assessment Form Bronze - STVN,br_samms_comprehensive_assessment_form,TASK_COMPLETE,SUCCESS,INFO,83,83,0,,2026-09-03T17:29:32.843Z,2026-09-03T18:13:30.795Z,2638,2026-09-03T18:13:30.795Z,STVN,Stevenson,94249231-24a1-492e-97bf-dcd504ea599a,SAMMS-Stevenson
202609031813230541,202609031729277825,202609031729277737,97,5831,P1 Forms Comprehensive Assessment Form Bronze - TE,br_samms_comprehensive_assessment_form,TASK_COMPLETE,SUCCESS,INFO,107,107,0,,2026-09-03T17:29:32.843Z,2026-09-03T18:13:30.795Z,2638,2026-09-03T18:13:30.795Z,TE,Tempe,94249231-24a1-492e-97bf-dcd504ea599a,SAMMS-Tempe
202609031813230543,202609031729277826,202609031729277737,97,5832,P1 Forms Comprehensive Assessment Form Bronze - TEX,br_samms_comprehensive_assessment_form,TASK_COMPLETE,SUCCESS,INFO,391,391,0,,2026-09-03T17:29:32.843Z,2026-09-03T18:13:30.795Z,2638,2026-09-03T18:13:30.795Z,TEX,Texarkana,94249231-24a1-492e-97bf-dcd504ea599a,SAMMS-Texarkana
202609031813230544,202609031729277827,202609031729277737,97,5833,P1 Forms Comprehensive Assessment Form Bronze - TTCA,br_samms_comprehensive_assessment_form,TASK_COMPLETE,SUCCESS,INFO,412,412,0,,2026-09-03T17:29:32.843Z,2026-09-03T18:13:30.795Z,2638,2026-09-03T18:13:30.795Z,TTCA,Bessemer,94249231-24a1-492e-97bf-dcd504ea599a,SAMMS-BessemerV5
202609031813230545,202609031729277828,202609031729277737,97,5834,P1 Forms Comprehensive Assessment Form Bronze - TTCB,br_samms_comprehensive_assessment_form,TASK_COMPLETE,SUCCESS,INFO,486,486,0,,2026-09-03T17:29:32.843Z,2026-09-03T18:13:30.795Z,2638,2026-09-03T18:13:30.795Z,TTCB,Cullman,94249231-24a1-492e-97bf-dcd504ea599a,SAMMS-CullmanV5
202609031813230546,202609031729277829,202609031729277737,97,5835,P1 Forms Comprehensive Assessment Form Bronze - TTCC,br_samms_comprehensive_assessment_form,TASK_COMPLETE,SUCCESS,INFO,299,299,0,,2026-09-03T17:29:32.843Z,2026-09-03T18:13:30.795Z,2638,2026-09-03T18:13:30.795Z,TTCC,GrandBay,94249231-24a1-492e-97bf-dcd504ea599a,SAMMS-GrandBay
202609031813230547,202609031729277830,202609031729277737,97,5836,P1 Forms Comprehensive Assessment Form Bronze - TU,br_samms_comprehensive_assessment_form,TASK_COMPLETE,SUCCESS,INFO,26,26,0,,2026-09-03T17:29:32.843Z,2026-09-03T18:13:30.795Z,2638,2026-09-03T18:13:30.795Z,TU,Tucson,94249231-24a1-492e-97bf-dcd504ea599a,SAMMS-Tucson
202609031813230548,202609031729277831,202609031729277737,97,5837,P1 Forms Comprehensive Assessment Form Bronze - V1,br_samms_comprehensive_assessment_form,TASK_COMPLETE,SUCCESS,INFO,235,235,0,,2026-09-03T17:29:32.843Z,2026-09-03T18:13:30.795Z,2638,2026-09-03T18:13:30.795Z,V1,VCPHCS-I-Memphis,94249231-24a1-492e-97bf-dcd504ea599a,SAMMS-VCPHCS-I-MemphisV5
202609031813230549,202609031729277832,202609031729277737,97,5838,P1 Forms Comprehensive Assessment Form Bronze - V10,br_samms_comprehensive_assessment_form,TASK_COMPLETE,SUCCESS,INFO,656,656,0,,2026-09-03T17:29:32.843Z,2026-09-03T18:13:30.795Z,2638,2026-09-03T18:13:30.795Z,V10,Boulder,94249231-24a1-492e-97bf-dcd504ea599a,SAMMS-BoulderV5
202609031813230550,202609031729277833,202609031729277737,97,5839,P1 Forms Comprehensive Assessment Form Bronze - V10A,br_samms_comprehensive_assessment_form,TASK_COMPLETE,SUCCESS,INFO,1111,1111,0,,2026-09-03T17:29:32.843Z,2026-09-03T18:13:30.795Z,2638,2026-09-03T18:13:30.795Z,V10A,FortCollins,94249231-24a1-492e-97bf-dcd504ea599a,SAMMS-FortCollinsV5
202609031813230552,202609031729277834,202609031729277737,97,5840,P1 Forms Comprehensive Assessment Form Bronze - V11,br_samms_comprehensive_assessment_form,TASK_COMPLETE,SUCCESS,INFO,897,897,0,,2026-09-03T17:29:32.843Z,2026-09-03T18:13:30.795Z,2638,2026-09-03T18:13:30.795Z,V11,VCPHCS-XI-NorthDenver,94249231-24a1-492e-97bf-dcd504ea599a,SAMMS-VCPHCS-XI-NorthDenverV5
202609031813230553,202609031729277835,202609031729277737,97,5841,P1 Forms Comprehensive Assessment Form Bronze - V12,br_samms_comprehensive_assessment_form,TASK_COMPLETE,SUCCESS,INFO,952,952,0,,2026-09-03T17:29:32.843Z,2026-09-03T18:13:30.795Z,2638,2026-09-03T18:13:30.795Z,V12,VCPHCS-XII-DowntownDenver,94249231-24a1-492e-97bf-dcd504ea599a,SAMMS-VCPHCS-XII-DowntownDenverV5
202609031813230554,202609031729277836,202609031729277737,97,5842,P1 Forms Comprehensive Assessment Form Bronze - V12A,br_samms_comprehensive_assessment_form,TASK_COMPLETE,SUCCESS,INFO,453,453,0,,2026-09-03T17:29:32.843Z,2026-09-03T18:13:30.795Z,2638,2026-09-03T18:13:30.795Z,V12A,Centennial,94249231-24a1-492e-97bf-dcd504ea599a,SAMMS-CentennialV5
202609031813230555,202609031729277837,202609031729277737,97,5843,P1 Forms Comprehensive Assessment Form Bronze - V14,br_samms_comprehensive_assessment_form,TASK_COMPLETE,SUCCESS,INFO,245,245,0,,2026-09-03T17:29:32.843Z,2026-09-03T18:13:30.795Z,2638,2026-09-03T18:13:30.795Z,V14,VCPHCS-XIV-Bridgeway,94249231-24a1-492e-97bf-dcd504ea599a,SAMMS-VCPHCS-XIV-BridgewayV5
202609031813230556,202609031729277838,202609031729277737,97,5844,P1 Forms Comprehensive Assessment Form Bronze - V15,br_samms_comprehensive_assessment_form,TASK_COMPLETE,SUCCESS,INFO,576,576,0,,2026-09-03T17:29:32.843Z,2026-09-03T18:13:30.795Z,2638,2026-09-03T18:13:30.795Z,V15,Joplin,94249231-24a1-492e-97bf-dcd504ea599a,SAMMS-JoplinV5
202609031813230557,202609031729277839,202609031729277737,97,5845,P1 Forms Comprehensive Assessment Form Bronze - V17,br_samms_comprehensive_assessment_form,TASK_COMPLETE,SUCCESS,INFO,374,374,0,,2026-09-03T17:29:32.843Z,2026-09-03T18:13:30.795Z,2638,2026-09-03T18:13:30.795Z,V17,ColumbiaTN,94249231-24a1-492e-97bf-dcd504ea599a,SAMMS-ColumbiaTNv5
202609031813230558,202609031729277840,202609031729277737,97,5846,P1 Forms Comprehensive Assessment Form Bronze - V19,br_samms_comprehensive_assessment_form,TASK_COMPLETE,SUCCESS,INFO,365,365,0,,2026-09-03T17:29:32.843Z,2026-09-03T18:13:30.795Z,2638,2026-09-03T18:13:30.795Z,V19,Jackson,94249231-24a1-492e-97bf-dcd504ea599a,SAMMS-JacksonV5
202609031813230559,202609031729277841,202609031729277737,97,5847,P1 Forms Comprehensive Assessment Form Bronze - V20,br_samms_comprehensive_assessment_form,TASK_COMPLETE,SUCCESS,INFO,460,460,0,,2026-09-03T17:29:32.843Z,2026-09-03T18:13:30.795Z,2638,2026-09-03T18:13:30.795Z,V20,Paris,94249231-24a1-492e-97bf-dcd504ea599a,SAMMS-ParisV5
202609031813230560,202609031729277842,202609031729277737,97,5848,P1 Forms Comprehensive Assessment Form Bronze - V21,br_samms_comprehensive_assessment_form,TASK_COMPLETE,SUCCESS,INFO,275,275,0,,2026-09-03T17:29:32.843Z,2026-09-03T18:13:30.795Z,2638,2026-09-03T18:13:30.795Z,V21,Raleigh,94249231-24a1-492e-97bf-dcd504ea599a,SAMMS-RaleighV5
202609031813230562,202609031729277843,202609031729277737,97,5849,P1 Forms Comprehensive Assessment Form Bronze - V5,br_samms_comprehensive_assessment_form,TASK_COMPLETE,SUCCESS,INFO,636,636,0,,2026-09-03T17:29:32.843Z,2026-09-03T18:13:30.795Z,2638,2026-09-03T18:13:30.795Z,V5,NONTC,94249231-24a1-492e-97bf-dcd504ea599a,SAMMS-NONTCv5
202609031813230563,202609031729277844,202609031729277737,97,5850,P1 Forms Comprehensive Assessment Form Bronze - V5B,br_samms_comprehensive_assessment_form,TASK_COMPLETE,SUCCESS,INFO,213,213,0,,2026-09-03T17:29:32.843Z,2026-09-03T18:13:30.795Z,2638,2026-09-03T18:13:30.795Z,V5B,Houma,94249231-24a1-492e-97bf-dcd504ea599a,SAMMS-HoumaV6
202609031813230564,202609031729277845,202609031729277737,97,5851,P1 Forms Comprehensive Assessment Form Bronze - V6,br_samms_comprehensive_assessment_form,TASK_COMPLETE,SUCCESS,INFO,945,945,0,,2026-09-03T17:29:32.843Z,2026-09-03T18:13:30.795Z,2638,2026-09-03T18:13:30.795Z,V6,LC,94249231-24a1-492e-97bf-dcd504ea599a,SAMMS-LCv5
202609031813230565,202609031729277846,202609031729277737,97,5852,P1 Forms Comprehensive Assessment Form Bronze - V8,br_samms_comprehensive_assessment_form,TASK_COMPLETE,SUCCESS,INFO,477,477,0,,2026-09-03T17:29:32.843Z,2026-09-03T18:13:30.795Z,2638,2026-09-03T18:13:30.795Z,V8,VCPHCS-VIII-Memphis,94249231-24a1-492e-97bf-dcd504ea599a,SAMMS-VCPHCS-VIII-MemphisV5
202609031813230566,202609031729277847,202609031729277737,97,5853,P1 Forms Comprehensive Assessment Form Bronze - V9,br_samms_comprehensive_assessment_form,TASK_COMPLETE,SUCCESS,INFO,930,930,0,,2026-09-03T17:29:32.843Z,2026-09-03T18:13:30.795Z,2638,2026-09-03T18:13:30.795Z,V9,Nashville,94249231-24a1-492e-97bf-dcd504ea599a,SAMMS-NashvilleV5
202609031813230567,202609031729277848,202609031729277737,97,5854,P1 Forms Comprehensive Assessment Form Bronze - VBRA,br_samms_comprehensive_assessment_form,TASK_COMPLETE,SUCCESS,INFO,298,298,0,,2026-09-03T17:29:32.843Z,2026-09-03T18:13:30.795Z,2638,2026-09-03T18:13:30.795Z,VBRA,Brainerd,94249231-24a1-492e-97bf-dcd504ea599a,SAMMS-BrainerdV6
202609031813230568,202609031729277849,202609031729277737,97,5855,P1 Forms Comprehensive Assessment Form Bronze - VBRP,br_samms_comprehensive_assessment_form,TASK_COMPLETE,SUCCESS,INFO,515,515,0,,2026-09-03T17:29:32.843Z,2026-09-03T18:13:30.795Z,2638,2026-09-03T18:13:30.795Z,VBRP,BrooklynPark,94249231-24a1-492e-97bf-dcd504ea599a,SAMMS-BrooklynParkV6
202609031813230569,202609031729277850,202609031729277737,97,5856,P1 Forms Comprehensive Assessment Form Bronze - VMIN,br_samms_comprehensive_assessment_form,TASK_COMPLETE,SUCCESS,INFO,588,588,0,,2026-09-03T17:29:32.843Z,2026-09-03T18:13:30.795Z,2638,2026-09-03T18:13:30.795Z,VMIN,Minneapolis,94249231-24a1-492e-97bf-dcd504ea599a,SAMMS-MinneapolisV6
202609031813230570,202609031729277851,202609031729277737,97,5857,P1 Forms Comprehensive Assessment Form Bronze - VWBY,br_samms_comprehensive_assessment_form,TASK_COMPLETE,SUCCESS,INFO,863,863,0,,2026-09-03T17:29:32.843Z,2026-09-03T18:13:30.795Z,2638,2026-09-03T18:13:30.795Z,VWBY,Woodbury,94249231-24a1-492e-97bf-dcd504ea599a,SAMMS-WoodburyV6
202609031813230572,202609031729277852,202609031729277737,97,5858,P1 Forms Comprehensive Assessment Form Bronze - WIL,br_samms_comprehensive_assessment_form,TASK_COMPLETE,SUCCESS,INFO,436,436,0,,2026-09-03T17:29:32.843Z,2026-09-03T18:13:30.795Z,2638,2026-09-03T18:13:30.795Z,WIL,Wilson,94249231-24a1-492e-97bf-dcd504ea599a,SAMMS-Wilson
202609031813230573,202609031729277853,202609031729277737,97,5861,P1 Forms E&M Form Pregnancy Bronze - AHK,br_samms_eandm_form_pregnancy,TASK_COMPLETE,SUCCESS,INFO,127,127,0,,2026-09-03T17:29:32.843Z,2026-09-03T18:13:30.795Z,2638,2026-09-03T18:13:30.795Z,AHK,Ahoskie,94249231-24a1-492e-97bf-dcd504ea599a,SAMMS-Ahoskie
202609031813230574,202609031729277854,202609031729277737,97,5862,P1 Forms E&M Form Pregnancy Bronze - B12B,br_samms_eandm_form_pregnancy,TASK_COMPLETE,SUCCESS,INFO,838,838,0,,2026-09-03T17:29:32.843Z,2026-09-03T18:13:30.795Z,2638,2026-09-03T18:13:30.795Z,B12B,ColoradoSprings,94249231-24a1-492e-97bf-dcd504ea599a,SAMMS-ColoradoSpringsV5
202609031813230575,202609031729277855,202609031729277737,97,5863,P1 Forms E&M Form Pregnancy Bronze - B24,br_samms_eandm_form_pregnancy,TASK_COMPLETE,SUCCESS,INFO,742,742,0,,2026-09-03T17:29:32.843Z,2026-09-03T18:13:30.795Z,2638,2026-09-03T18:13:30.795Z,B24,Paintsville,94249231-24a1-492e-97bf-dcd504ea599a,SAMMS-PaintsvilleV5
202609031813230576,202609031729277856,202609031729277737,97,5864,P1 Forms E&M Form Pregnancy Bronze - B25,br_samms_eandm_form_pregnancy,TASK_COMPLETE,SUCCESS,INFO,311,311,0,,2026-09-03T17:29:32.843Z,2026-09-03T18:13:30.795Z,2638,2026-09-03T18:13:30.795Z,B25,Pikeville,94249231-24a1-492e-97bf-dcd504ea599a,SAMMS-PikevilleV5
202609031813230577,202609031729277857,202609031729277737,97,5865,P1 Forms E&M Form Pregnancy Bronze - B26,br_samms_eandm_form_pregnancy,TASK_COMPLETE,SUCCESS,INFO,970,970,0,,2026-09-03T17:29:32.843Z,2026-09-03T18:13:30.795Z,2638,2026-09-03T18:13:30.795Z,B26,Hazard,94249231-24a1-492e-97bf-dcd504ea599a,SAMMS-HazardV5
202609031813230578,202609031729277858,202609031729277737,97,5866,P1 Forms E&M Form Pregnancy Bronze - B27,br_samms_eandm_form_pregnancy,TASK_COMPLETE,SUCCESS,INFO,270,270,0,,2026-09-03T17:29:32.843Z,2026-09-03T18:13:30.795Z,2638,2026-09-03T18:13:30.795Z,B27,Savannah,94249231-24a1-492e-97bf-dcd504ea599a,SAMMS-SavannahV6
202609031813230579,202609031729277859,202609031729277737,97,5867,P1 Forms E&M Form Pregnancy Bronze - B28,br_samms_eandm_form_pregnancy,TASK_COMPLETE,SUCCESS,INFO,271,271,0,,2026-09-03T17:29:32.843Z,2026-09-03T18:13:30.795Z,2638,2026-09-03T18:13:30.795Z,B28,WestPlaines,94249231-24a1-492e-97bf-dcd504ea599a,SAMMS-WestPlainesV5
202609031813230580,202609031729277860,202609031729277737,97,5868,P1 Forms E&M Form Pregnancy Bronze - B29,br_samms_eandm_form_pregnancy,TASK_COMPLETE,SUCCESS,INFO,318,318,0,,2026-09-03T17:29:32.843Z,2026-09-03T18:13:30.795Z,2638,2026-09-03T18:13:30.795Z,B29,PoplarBluff,94249231-24a1-492e-97bf-dcd504ea599a,SAMMS-PoplarBluffV5
202609031813230582,202609031729277861,202609031729277737,97,5869,P1 Forms E&M Form Pregnancy Bronze - B30,br_samms_eandm_form_pregnancy,TASK_COMPLETE,SUCCESS,INFO,186,186,0,,2026-09-03T17:29:32.843Z,2026-09-03T18:13:30.795Z,2638,2026-09-03T18:13:30.795Z,B30,KCN,94249231-24a1-492e-97bf-dcd504ea599a,SAMMS-KCNv5
202609031813230583,202609031729277862,202609031729277737,97,5870,P1 Forms E&M Form Pregnancy Bronze - B31,br_samms_eandm_form_pregnancy,TASK_COMPLETE,SUCCESS,INFO,471,471,0,,2026-09-03T17:29:32.843Z,2026-09-03T18:13:30.795Z,2638,2026-09-03T18:13:30.795Z,B31,Dyersburg,94249231-24a1-492e-97bf-dcd504ea599a,SAMMS-DyersburgV5
202609031813230584,202609031729277863,202609031729277737,97,5871,P1 Forms E&M Form Pregnancy Bronze - B33,br_samms_eandm_form_pregnancy,TASK_COMPLETE,SUCCESS,INFO,463,463,0,,2026-09-03T17:29:32.843Z,2026-09-03T18:13:30.795Z,2638,2026-09-03T18:13:30.795Z,B33,Paducah,94249231-24a1-492e-97bf-dcd504ea599a,SAMMS-Paducah
202609031813230585,202609031729277864,202609031729277737,97,5872,P1 Forms E&M Form Pregnancy Bronze - B34,br_samms_eandm_form_pregnancy,TASK_COMPLETE,SUCCESS,INFO,788,788,0,,2026-09-03T17:29:32.843Z,2026-09-03T18:13:30.795Z,2638,2026-09-03T18:13:30.795Z,B34,Corbin,94249231-24a1-492e-97bf-dcd504ea599a,SAMMS-CorbinV5
202609031813230586,202609031729277865,202609031729277737,97,5873,P1 Forms E&M Form Pregnancy Bronze - B35,br_samms_eandm_form_pregnancy,TASK_COMPLETE,SUCCESS,INFO,1440,1440,0,,2026-09-03T17:29:32.843Z,2026-09-03T18:13:30.795Z,2638,2026-09-03T18:13:30.795Z,B35,Lexington,94249231-24a1-492e-97bf-dcd504ea599a,SAMMS-LexingtonV5
202609031813231156,202609031729278378,202609031729277737,97,6394,P1 Forms Consent To Marketing Bronze - GAL,br_samms_consent_to_marketing,TASK_COMPLETE,SUCCESS,INFO,34,34,0,,2026-09-03T17:29:32.843Z,2026-09-03T18:13:30.795Z,2638,2026-09-03T18:13:30.795Z,GAL,Gaylord,94249231-24a1-492e-97bf-dcd504ea599a,SAMMS-Gaylord
202609031813231157,202609031729278379,202609031729277737,97,6395,P1 Forms Consent To Marketing Bronze - HGT,br_samms_consent_to_marketing,TASK_COMPLETE,SUCCESS,INFO,61,61,0,,2026-09-03T17:29:32.843Z,2026-09-03T18:13:30.795Z,2638,2026-09-03T18:13:30.795Z,HGT,Hagerstown,94249231-24a1-492e-97bf-dcd504ea599a,SAMMS-Hagerstown
202609031813231158,202609031729278380,202609031729277737,97,6396,P1 Forms Consent To Marketing Bronze - HNT,br_samms_consent_to_marketing,TASK_COMPLETE,SUCCESS,INFO,68,68,0,,2026-09-03T17:29:32.843Z,2026-09-03T18:13:30.795Z,2638,2026-09-03T18:13:30.795Z,HNT,Huntsville,94249231-24a1-492e-97bf-dcd504ea599a,SAMMS-Huntsville
202609031813231159,202609031729278381,202609031729277737,97,6397,P1 Forms Consent To Marketing Bronze - HS,br_samms_consent_to_marketing,TASK_COMPLETE,SUCCESS,INFO,74,74,0,,2026-09-03T17:29:32.843Z,2026-09-03T18:13:30.795Z,2638,2026-09-03T18:13:30.795Z,HS,HotSprings,94249231-24a1-492e-97bf-dcd504ea599a,SAMMS-HotSprings
202609031813231161,202609031729278382,202609031729277737,97,6398,P1 Forms Consent To Marketing Bronze - JON,br_samms_consent_to_marketing,TASK_COMPLETE,SUCCESS,INFO,36,36,0,,2026-09-03T17:29:32.843Z,2026-09-03T18:13:30.795Z,2638,2026-09-03T18:13:30.795Z,JON,Jonesboro,94249231-24a1-492e-97bf-dcd504ea599a,SAMMS-Jonesboro
202609031813231162,202609031729278383,202609031729277737,97,6399,P1 Forms Consent To Marketing Bronze - LAN,br_samms_consent_to_marketing,TASK_COMPLETE,SUCCESS,INFO,53,53,0,,2026-09-03T17:29:32.843Z,2026-09-03T18:13:30.795Z,2638,2026-09-03T18:13:30.795Z,LAN,Lansing,94249231-24a1-492e-97bf-dcd504ea599a,SAMMS-Lansing
202609031813231163,202609031729278384,202609031729277737,97,6400,P1 Forms Consent To Marketing Bronze - LO,br_samms_consent_to_marketing,TASK_COMPLETE,SUCCESS,INFO,106,106,0,,2026-09-03T17:29:32.843Z,2026-09-03T18:13:30.795Z,2638,2026-09-03T18:13:30.795Z,LO,Louisville,94249231-24a1-492e-97bf-dcd504ea599a,SAMMS-Louisville
202609031813231164,202609031729278385,202609031729277737,97,6401,P1 Forms Consent To Marketing Bronze - LV1,br_samms_consent_to_marketing,TASK_COMPLETE,SUCCESS,INFO,162,162,0,,2026-09-03T17:29:32.843Z,2026-09-03T18:13:30.795Z,2638,2026-09-03T18:13:30.795Z,LV1,Cheyenne,94249231-24a1-492e-97bf-dcd504ea599a,SAMMS-Cheyenne
202609031813231165,202609031729278386,202609031729277737,97,6402,P1 Forms Consent To Marketing Bronze - LV2,br_samms_consent_to_marketing,TASK_COMPLETE,SUCCESS,INFO,140,140,0,,2026-09-03T17:29:32.843Z,2026-09-03T18:13:30.795Z,2638,2026-09-03T18:13:30.795Z,LV2,DesertInn,94249231-24a1-492e-97bf-dcd504ea599a,SAMMS-DesertInn
202609031813231166,202609031729278387,202609031729277737,97,6403,P1 Forms Consent To Marketing Bronze - LV3,br_samms_consent_to_marketing,TASK_COMPLETE,SUCCESS,INFO,57,57,0,,2026-09-03T17:29:32.843Z,2026-09-03T18:13:30.795Z,2638,2026-09-03T18:13:30.795Z,LV3,McDaniel,94249231-24a1-492e-97bf-dcd504ea599a,SAMMS-McDaniel
202609031813231167,202609031729278388,202609031729277737,97,6404,P1 Forms Consent To Marketing Bronze - MNRE,br_samms_consent_to_marketing,TASK_COMPLETE,SUCCESS,INFO,34,34,0,,2026-09-03T17:29:32.843Z,2026-09-03T18:13:30.795Z,2638,2026-09-03T18:13:30.795Z,MNRE,Monroe,94249231-24a1-492e-97bf-dcd504ea599a,SAMMS-Monroe
202609031813231168,202609031729278389,202609031729277737,97,6405,P1 Forms Consent To Marketing Bronze - MP,br_samms_consent_to_marketing,TASK_COMPLETE,SUCCESS,INFO,64,64,0,,2026-09-03T17:29:32.843Z,2026-09-03T18:13:30.795Z,2638,2026-09-03T18:13:30.795Z,MP,MtPleasant,94249231-24a1-492e-97bf-dcd504ea599a,SAMMS-MtPleasant
202609031813231169,202609031729278390,202609031729277737,97,6406,P1 Forms Consent To Marketing Bronze - MRD,br_samms_consent_to_marketing,TASK_COMPLETE,SUCCESS,INFO,69,69,0,,2026-09-03T17:29:32.843Z,2026-09-03T18:13:30.795Z,2638,2026-09-03T18:13:30.795Z,MRD,Meridian,94249231-24a1-492e-97bf-dcd504ea599a,SAMMS-Meridian
202609031813231171,202609031729278391,202609031729277737,97,6407,P1 Forms Consent To Marketing Bronze - NC,br_samms_consent_to_marketing,TASK_COMPLETE,SUCCESS,INFO,83,83,0,,2026-09-03T17:29:32.843Z,2026-09-03T18:13:30.795Z,2638,2026-09-03T18:13:30.795Z,NC,NorthCharleston,94249231-24a1-492e-97bf-dcd504ea599a,SAMMS-NorthCharleston
202609031813231172,202609031729278392,202609031729277737,97,6408,P1 Forms Consent To Marketing Bronze - NLR,br_samms_consent_to_marketing,TASK_COMPLETE,SUCCESS,INFO,100,100,0,,2026-09-03T17:29:32.843Z,2026-09-03T18:13:30.795Z,2638,2026-09-03T18:13:30.795Z,NLR,NLROBOT,94249231-24a1-492e-97bf-dcd504ea599a,SAMMS-NLROBOT
202609031813231173,202609031729278393,202609031729277737,97,6409,P1 Forms Consent To Marketing Bronze - PH,br_samms_consent_to_marketing,TASK_COMPLETE,SUCCESS,INFO,0,0,0,,2026-09-03T17:29:32.843Z,2026-09-03T18:13:30.795Z,2638,2026-09-03T18:13:30.795Z,PH,Phoenix,94249231-24a1-492e-97bf-dcd504ea599a,SAMMS-Phoenix
202609031813231174,202609031729278394,202609031729277737,97,6410,P1 Forms Consent To Marketing Bronze - RE,br_samms_consent_to_marketing,TASK_COMPLETE,SUCCESS,INFO,70,70,0,,2026-09-03T17:29:32.843Z,2026-09-03T18:13:30.795Z,2638,2026-09-03T18:13:30.795Z,RE,Reno,94249231-24a1-492e-97bf-dcd504ea599a,SAMMS-Reno
202609031813231175,202609031729278395,202609031729277737,97,6411,P1 Forms Consent To Marketing Bronze - RMD,br_samms_consent_to_marketing,TASK_COMPLETE,SUCCESS,INFO,79,79,0,,2026-09-03T17:29:32.843Z,2026-09-03T18:13:30.795Z,2638,2026-09-03T18:13:30.795Z,RMD,Richmond,94249231-24a1-492e-97bf-dcd504ea599a,SAMMS-Richmond
202609031813231176,202609031729278396,202609031729277737,97,6412,P1 Forms Consent To Marketing Bronze - SFN,br_samms_consent_to_marketing,TASK_COMPLETE,SUCCESS,INFO,94,94,0,,2026-09-03T17:29:32.843Z,2026-09-03T18:13:30.795Z,2638,2026-09-03T18:13:30.795Z,SFN,SFN,94249231-24a1-492e-97bf-dcd504ea599a,SAMMS-SFNv5
202609031813231177,202609031729278397,202609031729277737,97,6413,P1 Forms Consent To Marketing Bronze - SHP,br_samms_consent_to_marketing,TASK_COMPLETE,SUCCESS,INFO,60,60,0,,2026-09-03T17:29:32.843Z,2026-09-03T18:13:30.795Z,2638,2026-09-03T18:13:30.795Z,SHP,Shreveport,94249231-24a1-492e-97bf-dcd504ea599a,SAMMS-Shreveport
202609031813231178,202609031729278398,202609031729277737,97,6414,P1 Forms Consent To Marketing Bronze - STN,br_samms_consent_to_marketing,TASK_COMPLETE,SUCCESS,INFO,79,79,0,,2026-09-03T17:29:32.843Z,2026-09-03T18:13:30.795Z,2638,2026-09-03T18:13:30.795Z,STN,Staunton,94249231-24a1-492e-97bf-dcd504ea599a,SAMMS-Staunton
202609031813231179,202609031729278399,202609031729277737,97,6415,P1 Forms Consent To Marketing Bronze - STVN,br_samms_consent_to_marketing,TASK_COMPLETE,SUCCESS,INFO,7,7,0,,2026-09-03T17:29:32.843Z,2026-09-03T18:13:30.795Z,2638,2026-09-03T18:13:30.795Z,STVN,Stevenson,94249231-24a1-492e-97bf-dcd504ea599a,SAMMS-Stevenson
202609031813231181,202609031729278400,202609031729277737,97,6416,P1 Forms Consent To Marketing Bronze - TE,br_samms_consent_to_marketing,TASK_COMPLETE,SUCCESS,INFO,0,0,0,,2026-09-03T17:29:32.843Z,2026-09-03T18:13:30.795Z,2638,2026-09-03T18:13:30.795Z,TE,Tempe,94249231-24a1-492e-97bf-dcd504ea599a,SAMMS-Tempe
202609031813231182,202609031729278401,202609031729277737,97,6417,P1 Forms Consent To Marketing Bronze - TEX,br_samms_consent_to_marketing,TASK_COMPLETE,SUCCESS,INFO,70,70,0,,2026-09-03T17:29:32.843Z,2026-09-03T18:13:30.795Z,2638,2026-09-03T18:13:30.795Z,TEX,Texarkana,94249231-24a1-492e-97bf-dcd504ea599a,SAMMS-Texarkana
202609031813231183,202609031729278402,202609031729277737,97,6418,P1 Forms Consent To Marketing Bronze - TTCA,br_samms_consent_to_marketing,TASK_COMPLETE,SUCCESS,INFO,45,45,0,,2026-09-03T17:29:32.843Z,2026-09-03T18:13:30.795Z,2638,2026-09-03T18:13:30.795Z,TTCA,Bessemer,94249231-24a1-492e-97bf-dcd504ea599a,SAMMS-BessemerV5
202609031813231184,202609031729278403,202609031729277737,97,6419,P1 Forms Consent To Marketing Bronze - TTCB,br_samms_consent_to_marketing,TASK_COMPLETE,SUCCESS,INFO,66,66,0,,2026-09-03T17:29:32.843Z,2026-09-03T18:13:30.795Z,2638,2026-09-03T18:13:30.795Z,TTCB,Cullman,94249231-24a1-492e-97bf-dcd504ea599a,SAMMS-CullmanV5
202609031813231185,202609031729278404,202609031729277737,97,6420,P1 Forms Consent To Marketing Bronze - TTCC,br_samms_consent_to_marketing,TASK_COMPLETE,SUCCESS,INFO,8,8,0,,2026-09-03T17:29:32.843Z,2026-09-03T18:13:30.795Z,2638,2026-09-03T18:13:30.795Z,TTCC,GrandBay,94249231-24a1-492e-97bf-dcd504ea599a,SAMMS-GrandBay
202609031813231186,202609031729278405,202609031729277737,97,6421,P1 Forms Consent To Marketing Bronze - TU,br_samms_consent_to_marketing,TASK_COMPLETE,SUCCESS,INFO,0,0,0,,2026-09-03T17:29:32.843Z,2026-09-03T18:13:30.795Z,2638,2026-09-03T18:13:30.795Z,TU,Tucson,94249231-24a1-492e-97bf-dcd504ea599a,SAMMS-Tucson
202609031813231187,202609031729278406,202609031729277737,97,6422,P1 Forms Consent To Marketing Bronze - V1,br_samms_consent_to_marketing,TASK_COMPLETE,SUCCESS,INFO,25,25,0,,2026-09-03T17:29:32.843Z,2026-09-03T18:13:30.795Z,2638,2026-09-03T18:13:30.795Z,V1,VCPHCS-I-Memphis,94249231-24a1-492e-97bf-dcd504ea599a,SAMMS-VCPHCS-I-MemphisV5
202609031813231188,202609031729278407,202609031729277737,97,6423,P1 Forms Consent To Marketing Bronze - V10,br_samms_consent_to_marketing,TASK_COMPLETE,SUCCESS,INFO,43,43,0,,2026-09-03T17:29:32.843Z,2026-09-03T18:13:30.795Z,2638,2026-09-03T18:13:30.795Z,V10,Boulder,94249231-24a1-492e-97bf-dcd504ea599a,SAMMS-BoulderV5
202609031813231189,202609031729278408,202609031729277737,97,6424,P1 Forms Consent To Marketing Bronze - V10A,br_samms_consent_to_marketing,TASK_COMPLETE,SUCCESS,INFO,99,99,0,,2026-09-03T17:29:32.843Z,2026-09-03T18:13:30.795Z,2638,2026-09-03T18:13:30.795Z,V10A,FortCollins,94249231-24a1-492e-97bf-dcd504ea599a,SAMMS-FortCollinsV5
202609031813231191,202609031729278409,202609031729277737,97,6425,P1 Forms Consent To Marketing Bronze - V11,br_samms_consent_to_marketing,TASK_COMPLETE,SUCCESS,INFO,44,44,0,,2026-09-03T17:29:32.843Z,2026-09-03T18:13:30.795Z,2638,2026-09-03T18:13:30.795Z,V11,VCPHCS-XI-NorthDenver,94249231-24a1-492e-97bf-dcd504ea599a,SAMMS-VCPHCS-XI-NorthDenverV5
202609031813231192,202609031729278410,202609031729277737,97,6426,P1 Forms Consent To Marketing Bronze - V12,br_samms_consent_to_marketing,TASK_COMPLETE,SUCCESS,INFO,79,79,0,,2026-09-03T17:29:32.843Z,2026-09-03T18:13:30.795Z,2638,2026-09-03T18:13:30.795Z,V12,VCPHCS-XII-DowntownDenver,94249231-24a1-492e-97bf-dcd504ea599a,SAMMS-VCPHCS-XII-DowntownDenverV5
202609031813231193,202609031729278411,202609031729277737,97,6427,P1 Forms Consent To Marketing Bronze - V12A,br_samms_consent_to_marketing,TASK_COMPLETE,SUCCESS,INFO,29,29,0,,2026-09-03T17:29:32.843Z,2026-09-03T18:13:30.795Z,2638,2026-09-03T18:13:30.795Z,V12A,Centennial,94249231-24a1-492e-97bf-dcd504ea599a,SAMMS-CentennialV5
202609031813231194,202609031729278412,202609031729277737,97,6428,P1 Forms Consent To Marketing Bronze - V14,br_samms_consent_to_marketing,TASK_COMPLETE,SUCCESS,INFO,32,32,0,,2026-09-03T17:29:32.843Z,2026-09-03T18:13:30.795Z,2638,2026-09-03T18:13:30.795Z,V14,VCPHCS-XIV-Bridgeway,94249231-24a1-492e-97bf-dcd504ea599a,SAMMS-VCPHCS-XIV-BridgewayV5
202609031813231195,202609031729278413,202609031729277737,97,6429,P1 Forms Consent To Marketing Bronze - V15,br_samms_consent_to_marketing,TASK_COMPLETE,SUCCESS,INFO,86,86,0,,2026-09-03T17:29:32.843Z,2026-09-03T18:13:30.795Z,2638,2026-09-03T18:13:30.795Z,V15,Joplin,94249231-24a1-492e-97bf-dcd504ea599a,SAMMS-JoplinV5
202609031813231196,202609031729278414,202609031729277737,97,6430,P1 Forms Consent To Marketing Bronze - V17,br_samms_consent_to_marketing,TASK_COMPLETE,SUCCESS,INFO,45,45,0,,2026-09-03T17:29:32.843Z,2026-09-03T18:13:30.795Z,2638,2026-09-03T18:13:30.795Z,V17,ColumbiaTN,94249231-24a1-492e-97bf-dcd504ea599a,SAMMS-ColumbiaTNv5
202609031813231197,202609031729278415,202609031729277737,97,6431,P1 Forms Consent To Marketing Bronze - V19,br_samms_consent_to_marketing,TASK_COMPLETE,SUCCESS,INFO,73,73,0,,2026-09-03T17:29:32.843Z,2026-09-03T18:13:30.795Z,2638,2026-09-03T18:13:30.795Z,V19,Jackson,94249231-24a1-492e-97bf-dcd504ea599a,SAMMS-JacksonV5
202609031813231198,202609031729278416,202609031729277737,97,6432,P1 Forms Consent To Marketing Bronze - V20,br_samms_consent_to_marketing,TASK_COMPLETE,SUCCESS,INFO,44,44,0,,2026-09-03T17:29:32.843Z,2026-09-03T18:13:30.795Z,2638,2026-09-03T18:13:30.795Z,V20,Paris,94249231-24a1-492e-97bf-dcd504ea599a,SAMMS-ParisV5
202609031813231199,202609031729278417,202609031729277737,97,6433,P1 Forms Consent To Marketing Bronze - V21,br_samms_consent_to_marketing,TASK_COMPLETE,SUCCESS,INFO,47,47,0,,2026-09-03T17:29:32.843Z,2026-09-03T18:13:30.795Z,2638,2026-09-03T18:13:30.795Z,V21,Raleigh,94249231-24a1-492e-97bf-dcd504ea599a,SAMMS-RaleighV5
202609031813231201,202609031729278418,202609031729277737,97,6434,P1 Forms Consent To Marketing Bronze - V5,br_samms_consent_to_marketing,TASK_COMPLETE,SUCCESS,INFO,71,71,0,,2026-09-03T17:29:32.843Z,2026-09-03T18:13:30.795Z,2638,2026-09-03T18:13:30.795Z,V5,NONTC,94249231-24a1-492e-97bf-dcd504ea599a,SAMMS-NONTCv5
202609031813231202,202609031729278419,202609031729277737,97,6435,P1 Forms Consent To Marketing Bronze - V5B,br_samms_consent_to_marketing,TASK_COMPLETE,SUCCESS,INFO,40,40,0,,2026-09-03T17:29:32.843Z,2026-09-03T18:13:30.795Z,2638,2026-09-03T18:13:30.795Z,V5B,Houma,94249231-24a1-492e-97bf-dcd504ea599a,SAMMS-HoumaV6
202609031813231203,202609031729278420,202609031729277737,97,6436,P1 Forms Consent To Marketing Bronze - V6,br_samms_consent_to_marketing,TASK_COMPLETE,SUCCESS,INFO,83,83,0,,2026-09-03T17:29:32.843Z,2026-09-03T18:13:30.795Z,2638,2026-09-03T18:13:30.795Z,V6,LC,94249231-24a1-492e-97bf-dcd504ea599a,SAMMS-LCv5
202609031813231204,202609031729278421,202609031729277737,97,6437,P1 Forms Consent To Marketing Bronze - V8,br_samms_consent_to_marketing,TASK_COMPLETE,SUCCESS,INFO,56,56,0,,2026-09-03T17:29:32.843Z,2026-09-03T18:13:30.795Z,2638,2026-09-03T18:13:30.795Z,V8,VCPHCS-VIII-Memphis,94249231-24a1-492e-97bf-dcd504ea599a,SAMMS-VCPHCS-VIII-MemphisV5
202609031813231205,202609031729278422,202609031729277737,97,6438,P1 Forms Consent To Marketing Bronze - V9,br_samms_consent_to_marketing,TASK_COMPLETE,SUCCESS,INFO,129,129,0,,2026-09-03T17:29:32.843Z,2026-09-03T18:13:30.795Z,2638,2026-09-03T18:13:30.795Z,V9,Nashville,94249231-24a1-492e-97bf-dcd504ea599a,SAMMS-NashvilleV5
202609031813231206,202609031729278423,202609031729277737,97,6439,P1 Forms Consent To Marketing Bronze - VBRA,br_samms_consent_to_marketing,TASK_COMPLETE,SUCCESS,INFO,89,89,0,,2026-09-03T17:29:32.843Z,2026-09-03T18:13:30.795Z,2638,2026-09-03T18:13:30.795Z,VBRA,Brainerd,94249231-24a1-492e-97bf-dcd504ea599a,SAMMS-BrainerdV6
202609031813231207,202609031729278424,202609031729277737,97,6440,P1 Forms Consent To Marketing Bronze - VBRP,br_samms_consent_to_marketing,TASK_COMPLETE,SUCCESS,INFO,68,68,0,,2026-09-03T17:29:32.843Z,2026-09-03T18:13:30.795Z,2638,2026-09-03T18:13:30.795Z,VBRP,BrooklynPark,94249231-24a1-492e-97bf-dcd504ea599a,SAMMS-BrooklynParkV6
202609031813231208,202609031729278425,202609031729277737,97,6441,P1 Forms Consent To Marketing Bronze - VMIN,br_samms_consent_to_marketing,TASK_COMPLETE,SUCCESS,INFO,64,64,0,,2026-09-03T17:29:32.843Z,2026-09-03T18:13:30.795Z,2638,2026-09-03T18:13:30.795Z,VMIN,Minneapolis,94249231-24a1-492e-97bf-dcd504ea599a,SAMMS-MinneapolisV6
202609031813231209,202609031729278426,202609031729277737,97,6442,P1 Forms Consent To Marketing Bronze - VWBY,br_samms_consent_to_marketing,TASK_COMPLETE,SUCCESS,INFO,54,54,0,,2026-09-03T17:29:32.843Z,2026-09-03T18:13:30.795Z,2638,2026-09-03T18:13:30.795Z,VWBY,Woodbury,94249231-24a1-492e-97bf-dcd504ea599a,SAMMS-WoodburyV6
202609031813231211,202609031729278427,202609031729277737,97,6443,P1 Forms Consent To Marketing Bronze - WIL,br_samms_consent_to_marketing,TASK_COMPLETE,SUCCESS,INFO,126,126,0,,2026-09-03T17:29:32.843Z,2026-09-03T18:13:30.795Z,2638,2026-09-03T18:13:30.795Z,WIL,Wilson,94249231-24a1-492e-97bf-dcd504ea599a,SAMMS-Wilson
202609031813231212,202609031729278428,202609031729277737,97,6446,P1 Forms Take Home Agreement And Diversion Control Bronze - AHK,br_samms_take_home_agreement_diversion_control,TASK_COMPLETE,SUCCESS,INFO,44,44,0,,2026-09-03T17:29:32.843Z,2026-09-03T18:13:30.795Z,2638,2026-09-03T18:13:30.795Z,AHK,Ahoskie,94249231-24a1-492e-97bf-dcd504ea599a,SAMMS-Ahoskie
202609031813231213,202609031729278429,202609031729277737,97,6447,P1 Forms Take Home Agreement And Diversion Control Bronze - B12B,br_samms_take_home_agreement_diversion_control,TASK_COMPLETE,SUCCESS,INFO,40,40,0,,2026-09-03T17:29:32.843Z,2026-09-03T18:13:30.795Z,2638,2026-09-03T18:13:30.795Z,B12B,ColoradoSprings,94249231-24a1-492e-97bf-dcd504ea599a,SAMMS-ColoradoSpringsV5
202609031813231214,202609031729278430,202609031729277737,97,6448,P1 Forms Take Home Agreement And Diversion Control Bronze - B24,br_samms_take_home_agreement_diversion_control,TASK_COMPLETE,SUCCESS,INFO,159,159,0,,2026-09-03T17:29:32.843Z,2026-09-03T18:13:30.795Z,2638,2026-09-03T18:13:30.795Z,B24,Paintsville,94249231-24a1-492e-97bf-dcd504ea599a,SAMMS-PaintsvilleV5
202609031813231215,202609031729278431,202609031729277737,97,6449,P1 Forms Take Home Agreement And Diversion Control Bronze - B25,br_samms_take_home_agreement_diversion_control,TASK_COMPLETE,SUCCESS,INFO,268,268,0,,2026-09-03T17:29:32.843Z,2026-09-03T18:13:30.795Z,2638,2026-09-03T18:13:30.795Z,B25,Pikeville,94249231-24a1-492e-97bf-dcd504ea599a,SAMMS-PikevilleV5
202609031813231219,202609031729278432,202609031729277737,97,6450,P1 Forms Take Home Agreement And Diversion Control Bronze - B26,br_samms_take_home_agreement_diversion_control,TASK_COMPLETE,SUCCESS,INFO,98,98,0,,2026-09-03T17:29:32.843Z,2026-09-03T18:13:30.795Z,2638,2026-09-03T18:13:30.795Z,B26,Hazard,94249231-24a1-492e-97bf-dcd504ea599a,SAMMS-HazardV5
202609031813231220,202609031729278433,202609031729277737,97,6451,P1 Forms Take Home Agreement And Diversion Control Bronze - B27,br_samms_take_home_agreement_diversion_control,TASK_COMPLETE,SUCCESS,INFO,98,98,0,,2026-09-03T17:29:32.843Z,2026-09-03T18:13:30.795Z,2638,2026-09-03T18:13:30.795Z,B27,Savannah,94249231-24a1-492e-97bf-dcd504ea599a,SAMMS-SavannahV6
202609031813231221,202609031729278434,202609031729277737,97,6452,P1 Forms Take Home Agreement And Diversion Control Bronze - B28,br_samms_take_home_agreement_diversion_control,TASK_COMPLETE,SUCCESS,INFO,103,103,0,,2026-09-03T17:29:32.843Z,2026-09-03T18:13:30.795Z,2638,2026-09-03T18:13:30.795Z,B28,WestPlaines,94249231-24a1-492e-97bf-dcd504ea599a,SAMMS-WestPlainesV5
202609031813231222,202609031729278435,202609031729277737,97,6453,P1 Forms Take Home Agreement And Diversion Control Bronze - B29,br_samms_take_home_agreement_diversion_control,TASK_COMPLETE,SUCCESS,INFO,63,63,0,,2026-09-03T17:29:32.843Z,2026-09-03T18:13:30.795Z,2638,2026-09-03T18:13:30.795Z,B29,PoplarBluff,94249231-24a1-492e-97bf-dcd504ea599a,SAMMS-PoplarBluffV5
202609031813231223,202609031729278436,202609031729277737,97,6454,P1 Forms Take Home Agreement And Diversion Control Bronze - B30,br_samms_take_home_agreement_diversion_control,TASK_COMPLETE,SUCCESS,INFO,45,45,0,,2026-09-03T17:29:32.843Z,2026-09-03T18:13:30.795Z,2638,2026-09-03T18:13:30.795Z,B30,KCN,94249231-24a1-492e-97bf-dcd504ea599a,SAMMS-KCNv5
202609031813231224,202609031729278437,202609031729277737,97,6455,P1 Forms Take Home Agreement And Diversion Control Bronze - B31,br_samms_take_home_agreement_diversion_control,TASK_COMPLETE,SUCCESS,INFO,46,46,0,,2026-09-03T17:29:32.843Z,2026-09-03T18:13:30.795Z,2638,2026-09-03T18:13:30.795Z,B31,Dyersburg,94249231-24a1-492e-97bf-dcd504ea599a,SAMMS-DyersburgV5
202609031813231226,202609031729278438,202609031729277737,97,6456,P1 Forms Take Home Agreement And Diversion Control Bronze - B33,br_samms_take_home_agreement_diversion_control,TASK_COMPLETE,SUCCESS,INFO,131,131,0,,2026-09-03T17:29:32.843Z,2026-09-03T18:13:30.795Z,2638,2026-09-03T18:13:30.795Z,B33,Paducah,94249231-24a1-492e-97bf-dcd504ea599a,SAMMS-Paducah
202609031813231227,202609031729278439,202609031729277737,97,6457,P1 Forms Take Home Agreement And Diversion Control Bronze - B34,br_samms_take_home_agreement_diversion_control,TASK_COMPLETE,SUCCESS,INFO,78,78,0,,2026-09-03T17:29:32.843Z,2026-09-03T18:13:30.795Z,2638,2026-09-03T18:13:30.795Z,B34,Corbin,94249231-24a1-492e-97bf-dcd504ea599a,SAMMS-CorbinV5
202609031813231228,202609031729278440,202609031729277737,97,6458,P1 Forms Take Home Agreement And Diversion Control Bronze - B35,br_samms_take_home_agreement_diversion_control,TASK_COMPLETE,SUCCESS,INFO,126,126,0,,2026-09-03T17:29:32.843Z,2026-09-03T18:13:30.795Z,2638,2026-09-03T18:13:30.795Z,B35,Lexington,94249231-24a1-492e-97bf-dcd504ea599a,SAMMS-LexingtonV5
202609031813231229,202609031729278441,202609031729277737,97,6459,P1 Forms Take Home Agreement And Diversion Control Bronze - B35A,br_samms_take_home_agreement_diversion_control,TASK_COMPLETE,SUCCESS,INFO,128,128,0,,2026-09-03T17:29:32.843Z,2026-09-03T18:13:30.795Z,2638,2026-09-03T18:13:30.795Z,B35A,Berea,94249231-24a1-492e-97bf-dcd504ea599a,SAMMS-BereaV5
202609031813230443,202609031729277738,202609031729277737,97,5744,P1 Forms Comprehensive Assessment Form Bronze - AHK,br_samms_comprehensive_assessment_form,TASK_COMPLETE,SUCCESS,INFO,62,62,0,,2026-09-03T17:29:32.843Z,2026-09-03T18:13:30.795Z,2638,2026-09-03T18:13:30.795Z,AHK,Ahoskie,94249231-24a1-492e-97bf-dcd504ea599a,SAMMS-Ahoskie
202609031813230445,202609031729277739,202609031729277737,97,5745,P1 Forms Comprehensive Assessment Form Bronze - B12B,br_samms_comprehensive_assessment_form,TASK_COMPLETE,SUCCESS,INFO,723,723,0,,2026-09-03T17:29:32.843Z,2026-09-03T18:13:30.795Z,2638,2026-09-03T18:13:30.795Z,B12B,ColoradoSprings,94249231-24a1-492e-97bf-dcd504ea599a,SAMMS-ColoradoSpringsV5
202609031813230446,202609031729277740,202609031729277737,97,5746,P1 Forms Comprehensive Assessment Form Bronze - B24,br_samms_comprehensive_assessment_form,TASK_COMPLETE,SUCCESS,INFO,671,671,0,,2026-09-03T17:29:32.843Z,2026-09-03T18:13:30.795Z,2638,2026-09-03T18:13:30.795Z,B24,Paintsville,94249231-24a1-492e-97bf-dcd504ea599a,SAMMS-PaintsvilleV5
202609031813230447,202609031729277741,202609031729277737,97,5747,P1 Forms Comprehensive Assessment Form Bronze - B25,br_samms_comprehensive_assessment_form,TASK_COMPLETE,SUCCESS,INFO,303,303,0,,2026-09-03T17:29:32.843Z,2026-09-03T18:13:30.795Z,2638,2026-09-03T18:13:30.795Z,B25,Pikeville,94249231-24a1-492e-97bf-dcd504ea599a,SAMMS-PikevilleV5
202609031813230448,202609031729277742,202609031729277737,97,5748,P1 Forms Comprehensive Assessment Form Bronze - B26,br_samms_comprehensive_assessment_form,TASK_COMPLETE,SUCCESS,INFO,922,922,0,,2026-09-03T17:29:32.843Z,2026-09-03T18:13:30.795Z,2638,2026-09-03T18:13:30.795Z,B26,Hazard,94249231-24a1-492e-97bf-dcd504ea599a,SAMMS-HazardV5
202609031813230449,202609031729277743,202609031729277737,97,5749,P1 Forms Comprehensive Assessment Form Bronze - B27,br_samms_comprehensive_assessment_form,TASK_COMPLETE,SUCCESS,INFO,163,163,0,,2026-09-03T17:29:32.843Z,2026-09-03T18:13:30.795Z,2638,2026-09-03T18:13:30.795Z,B27,Savannah,94249231-24a1-492e-97bf-dcd504ea599a,SAMMS-SavannahV6
202609031813230450,202609031729277744,202609031729277737,97,5750,P1 Forms Comprehensive Assessment Form Bronze - B28,br_samms_comprehensive_assessment_form,TASK_COMPLETE,SUCCESS,INFO,233,233,0,,2026-09-03T17:29:32.843Z,2026-09-03T18:13:30.795Z,2638,2026-09-03T18:13:30.795Z,B28,WestPlaines,94249231-24a1-492e-97bf-dcd504ea599a,SAMMS-WestPlainesV5
202609031813230452,202609031729277745,202609031729277737,97,5751,P1 Forms Comprehensive Assessment Form Bronze - B29,br_samms_comprehensive_assessment_form,TASK_COMPLETE,SUCCESS,INFO,264,264,0,,2026-09-03T17:29:32.843Z,2026-09-03T18:13:30.795Z,2638,2026-09-03T18:13:30.795Z,B29,PoplarBluff,94249231-24a1-492e-97bf-dcd504ea599a,SAMMS-PoplarBluffV5
202609031813230453,202609031729277746,202609031729277737,97,5752,P1 Forms Comprehensive Assessment Form Bronze - B30,br_samms_comprehensive_assessment_form,TASK_COMPLETE,SUCCESS,INFO,120,120,0,,2026-09-03T17:29:32.843Z,2026-09-03T18:13:30.795Z,2638,2026-09-03T18:13:30.795Z,B30,KCN,94249231-24a1-492e-97bf-dcd504ea599a,SAMMS-KCNv5
202609031813230454,202609031729277747,202609031729277737,97,5753,P1 Forms Comprehensive Assessment Form Bronze - B31,br_samms_comprehensive_assessment_form,TASK_COMPLETE,SUCCESS,INFO,336,336,0,,2026-09-03T17:29:32.843Z,2026-09-03T18:13:30.795Z,2638,2026-09-03T18:13:30.795Z,B31,Dyersburg,94249231-24a1-492e-97bf-dcd504ea599a,SAMMS-DyersburgV5
202609031813230455,202609031729277748,202609031729277737,97,5754,P1 Forms Comprehensive Assessment Form Bronze - B33,br_samms_comprehensive_assessment_form,TASK_COMPLETE,SUCCESS,INFO,355,355,0,,2026-09-03T17:29:32.843Z,2026-09-03T18:13:30.795Z,2638,2026-09-03T18:13:30.795Z,B33,Paducah,94249231-24a1-492e-97bf-dcd504ea599a,SAMMS-Paducah
202609031813230456,202609031729277749,202609031729277737,97,5755,P1 Forms Comprehensive Assessment Form Bronze - B34,br_samms_comprehensive_assessment_form,TASK_COMPLETE,SUCCESS,INFO,693,693,0,,2026-09-03T17:29:32.843Z,2026-09-03T18:13:30.795Z,2638,2026-09-03T18:13:30.795Z,B34,Corbin,94249231-24a1-492e-97bf-dcd504ea599a,SAMMS-CorbinV5
202609031813230457,202609031729277750,202609031729277737,97,5756,P1 Forms Comprehensive Assessment Form Bronze - B35,br_samms_comprehensive_assessment_form,TASK_COMPLETE,SUCCESS,INFO,1337,1337,0,,2026-09-03T17:29:32.843Z,2026-09-03T18:13:30.795Z,2638,2026-09-03T18:13:30.795Z,B35,Lexington,94249231-24a1-492e-97bf-dcd504ea599a,SAMMS-LexingtonV5
202609031813230458,202609031729277751,202609031729277737,97,5757,P1 Forms Comprehensive Assessment Form Bronze - B35A,br_samms_comprehensive_assessment_form,TASK_COMPLETE,SUCCESS,INFO,592,592,0,,2026-09-03T17:29:32.843Z,2026-09-03T18:13:30.795Z,2638,2026-09-03T18:13:30.795Z,B35A,Berea,94249231-24a1-492e-97bf-dcd504ea599a,SAMMS-BereaV5
202609031813230460,202609031729277752,202609031729277737,97,5758,P1 Forms Comprehensive Assessment Form Bronze - B36,br_samms_comprehensive_assessment_form,TASK_COMPLETE,SUCCESS,INFO,433,433,0,,2026-09-03T17:29:32.843Z,2026-09-03T18:13:30.795Z,2638,2026-09-03T18:13:30.795Z,B36,Asheville,94249231-24a1-492e-97bf-dcd504ea599a,SAMMS-AshevilleV5
202609031813230461,202609031729277753,202609031729277737,97,5759,P1 Forms Comprehensive Assessment Form Bronze - B37,br_samms_comprehensive_assessment_form,TASK_COMPLETE,SUCCESS,INFO,302,302,0,,2026-09-03T17:29:32.843Z,2026-09-03T18:13:30.795Z,2638,2026-09-03T18:13:30.795Z,B37,Clyde,94249231-24a1-492e-97bf-dcd504ea599a,SAMMS-ClydeV5
202609031813230462,202609031729277754,202609031729277737,97,5760,P1 Forms Comprehensive Assessment Form Bronze - B38,br_samms_comprehensive_assessment_form,TASK_COMPLETE,SUCCESS,INFO,616,616,0,,2026-09-03T17:29:32.843Z,2026-09-03T18:13:30.795Z,2638,2026-09-03T18:13:30.795Z,B38,Spartanburg,94249231-24a1-492e-97bf-dcd504ea599a,SAMMS-SpartanburgV5
202609031813230463,202609031729277755,202609031729277737,97,5761,P1 Forms Comprehensive Assessment Form Bronze - B39,br_samms_comprehensive_assessment_form,TASK_COMPLETE,SUCCESS,INFO,411,411,0,,2026-09-03T17:29:32.843Z,2026-09-03T18:13:30.795Z,2638,2026-09-03T18:13:30.795Z,B39,Aiken,94249231-24a1-492e-97bf-dcd504ea599a,SAMMS-AikenV5
202609031813230464,202609031729277756,202609031729277737,97,5762,P1 Forms Comprehensive Assessment Form Bronze - B41,br_samms_comprehensive_assessment_form,TASK_COMPLETE,SUCCESS,INFO,278,278,0,,2026-09-03T17:29:32.843Z,2026-09-03T18:13:30.795Z,2638,2026-09-03T18:13:30.795Z,B41,Chesapeake,94249231-24a1-492e-97bf-dcd504ea599a,SAMMS-ChesapeakeV5
202609031813230465,202609031729277757,202609031729277737,97,5763,P1 Forms Comprehensive Assessment Form Bronze - B42,br_samms_comprehensive_assessment_form,TASK_COMPLETE,SUCCESS,INFO,515,515,0,,2026-09-03T17:29:32.843Z,2026-09-03T18:13:30.795Z,2638,2026-09-03T18:13:30.795Z,B42,VirginiaBeach,94249231-24a1-492e-97bf-dcd504ea599a,SAMMS-VirginiaBeachV5
202609031813230466,202609031729277758,202609031729277737,97,5764,P1 Forms Comprehensive Assessment Form Bronze - B42A,br_samms_comprehensive_assessment_form,TASK_COMPLETE,SUCCESS,INFO,144,144,0,,2026-09-03T17:29:32.843Z,2026-09-03T18:13:30.795Z,2638,2026-09-03T18:13:30.795Z,B42A,NewportNews,94249231-24a1-492e-97bf-dcd504ea599a,SAMMS-NewportNewsV5
202609031813230467,202609031729277759,202609031729277737,97,5765,P1 Forms Comprehensive Assessment Form Bronze - B42B,br_samms_comprehensive_assessment_form,TASK_COMPLETE,SUCCESS,INFO,45,45,0,,2026-09-03T17:29:32.843Z,2026-09-03T18:13:30.795Z,2638,2026-09-03T18:13:30.795Z,B42B,Franklin,94249231-24a1-492e-97bf-dcd504ea599a,SAMMS-FranklinV5
202609031813230468,202609031729277760,202609031729277737,97,5766,P1 Forms Comprehensive Assessment Form Bronze - B42C,br_samms_comprehensive_assessment_form,TASK_COMPLETE,SUCCESS,INFO,332,332,0,,2026-09-03T17:29:32.843Z,2026-09-03T18:13:30.795Z,2638,2026-09-03T18:13:30.795Z,B42C,GlenAllen,94249231-24a1-492e-97bf-dcd504ea599a,SAMMS-GlenAllenV5
202609031813230470,202609031729277761,202609031729277737,97,5767,P1 Forms Comprehensive Assessment Form Bronze - B42D,br_samms_comprehensive_assessment_form,TASK_COMPLETE,SUCCESS,INFO,166,166,0,,2026-09-03T17:29:32.843Z,2026-09-03T18:13:30.795Z,2638,2026-09-03T18:13:30.795Z,B42D,ChesapeakeSouth,94249231-24a1-492e-97bf-dcd504ea599a,SAMMS-ChesapeakeSouthV5
202609031813230471,202609031729277762,202609031729277737,97,5768,P1 Forms Comprehensive Assessment Form Bronze - B44,br_samms_comprehensive_assessment_form,TASK_COMPLETE,SUCCESS,INFO,207,207,0,,2026-09-03T17:29:32.843Z,2026-09-03T18:13:30.795Z,2638,2026-09-03T18:13:30.795Z,B44,Albany,94249231-24a1-492e-97bf-dcd504ea599a,SAMMS-AlbanyV5
202609031813230472,202609031729277763,202609031729277737,97,5769,P1 Forms Comprehensive Assessment Form Bronze - B45,br_samms_comprehensive_assessment_form,TASK_COMPLETE,SUCCESS,INFO,305,305,0,,2026-09-03T17:29:32.843Z,2026-09-03T18:13:30.795Z,2638,2026-09-03T18:13:30.795Z,B45,Tifton,94249231-24a1-492e-97bf-dcd504ea599a,SAMMS-TiftonV5
202609031813230473,202609031729277764,202609031729277737,97,5770,P1 Forms Comprehensive Assessment Form Bronze - B46,br_samms_comprehensive_assessment_form,TASK_COMPLETE,SUCCESS,INFO,608,608,0,,2026-09-03T17:29:32.843Z,2026-09-03T18:13:30.795Z,2638,2026-09-03T18:13:30.795Z,B46,WashingtonDC,94249231-24a1-492e-97bf-dcd504ea599a,SAMMS-WashingtonDCv5
202609031813230474,202609031729277765,202609031729277737,97,5771,P1 Forms Comprehensive Assessment Form Bronze - B47,br_samms_comprehensive_assessment_form,TASK_COMPLETE,SUCCESS,INFO,325,325,0,,2026-09-03T17:29:32.843Z,2026-09-03T18:13:30.795Z,2638,2026-09-03T18:13:30.795Z,B47,Mobile,94249231-24a1-492e-97bf-dcd504ea599a,SAMMS-MobileV5
202609031813230475,202609031729277766,202609031729277737,97,5772,P1 Forms Comprehensive Assessment Form Bronze - B48,br_samms_comprehensive_assessment_form,TASK_COMPLETE,SUCCESS,INFO,414,414,0,,2026-09-03T17:29:32.843Z,2026-09-03T18:13:30.795Z,2638,2026-09-03T18:13:30.795Z,B48,Tuscaloosa,94249231-24a1-492e-97bf-dcd504ea599a,SAMMS-TuscaloosaV5
202609031813230476,202609031729277767,202609031729277737,97,5773,P1 Forms Comprehensive Assessment Form Bronze - B51,br_samms_comprehensive_assessment_form,TASK_COMPLETE,SUCCESS,INFO,315,315,0,,2026-09-03T17:29:32.843Z,2026-09-03T18:13:30.795Z,2638,2026-09-03T18:13:30.795Z,B51,NorthLittleRock,94249231-24a1-492e-97bf-dcd504ea599a,SAMMS-NorthLittleRockV6
202609031813230478,202609031729277768,202609031729277737,97,5774,P1 Forms Comprehensive Assessment Form Bronze - B52,br_samms_comprehensive_assessment_form,TASK_COMPLETE,SUCCESS,INFO,152,152,0,,2026-09-03T17:29:32.843Z,2026-09-03T18:13:30.795Z,2638,2026-09-03T18:13:30.795Z,B52,JacksonGA,94249231-24a1-492e-97bf-dcd504ea599a,SAMMS-JacksonGAV5
202609031813230479,202609031729277769,202609031729277737,97,5775,P1 Forms Comprehensive Assessment Form Bronze - B54,br_samms_comprehensive_assessment_form,TASK_COMPLETE,SUCCESS,INFO,450,450,0,,2026-09-03T17:29:32.843Z,2026-09-03T18:13:30.795Z,2638,2026-09-03T18:13:30.795Z,B54,Gadsden,94249231-24a1-492e-97bf-dcd504ea599a,SAMMS-GadsdenV5
202609031813230480,202609031729277770,202609031729277737,97,5776,P1 Forms Comprehensive Assessment Form Bronze - B55,br_samms_comprehensive_assessment_form,TASK_COMPLETE,SUCCESS,INFO,352,352,0,,2026-09-03T17:29:32.843Z,2026-09-03T18:13:30.795Z,2638,2026-09-03T18:13:30.795Z,B55,Shoals,94249231-24a1-492e-97bf-dcd504ea599a,SAMMS-ShoalsV5
202609031813230481,202609031729277771,202609031729277737,97,5777,P1 Forms Comprehensive Assessment Form Bronze - B57,br_samms_comprehensive_assessment_form,TASK_COMPLETE,SUCCESS,INFO,159,159,0,,2026-09-03T17:29:32.843Z,2026-09-03T18:13:30.795Z,2638,2026-09-03T18:13:30.795Z,B57,Pawtucket,94249231-24a1-492e-97bf-dcd504ea599a,SAMMS-Pawtucket
202609031813230482,202609031729277772,202609031729277737,97,5778,P1 Forms Comprehensive Assessment Form Bronze - B57A,br_samms_comprehensive_assessment_form,TASK_COMPLETE,SUCCESS,INFO,123,123,0,,2026-09-03T17:29:32.843Z,2026-09-03T18:13:30.795Z,2638,2026-09-03T18:13:30.795Z,B57A,Johnston,94249231-24a1-492e-97bf-dcd504ea599a,SAMMS-Johnston
202609031813230483,202609031729277773,202609031729277737,97,5779,P1 Forms Comprehensive Assessment Form Bronze - B57B,br_samms_comprehensive_assessment_form,TASK_COMPLETE,SUCCESS,INFO,82,82,0,,2026-09-03T17:29:32.843Z,2026-09-03T18:13:30.795Z,2638,2026-09-03T18:13:30.795Z,B57B,Middletown,94249231-24a1-492e-97bf-dcd504ea599a,SAMMS-Middletown
202609031813230484,202609031729277774,202609031729277737,97,5780,P1 Forms Comprehensive Assessment Form Bronze - B57C,br_samms_comprehensive_assessment_form,TASK_COMPLETE,SUCCESS,INFO,129,129,0,,2026-09-03T17:29:32.843Z,2026-09-03T18:13:30.795Z,2638,2026-09-03T18:13:30.795Z,B57C,Providence,94249231-24a1-492e-97bf-dcd504ea599a,SAMMS-Providence
202609031813230485,202609031729277775,202609031729277737,97,5781,P1 Forms Comprehensive Assessment Form Bronze - B57D,br_samms_comprehensive_assessment_form,TASK_COMPLETE,SUCCESS,INFO,277,277,0,,2026-09-03T17:29:32.843Z,2026-09-03T18:13:30.795Z,2638,2026-09-03T18:13:30.795Z,B57D,Westerly,94249231-24a1-492e-97bf-dcd504ea599a,SAMMS-Westerly
202609031813230487,202609031729277776,202609031729277737,97,5782,P1 Forms Comprehensive Assessment Form Bronze - B66A,br_samms_comprehensive_assessment_form,TASK_COMPLETE,SUCCESS,INFO,365,365,0,,2026-09-03T17:29:32.843Z,2026-09-03T18:13:30.795Z,2638,2026-09-03T18:13:30.795Z,B66A,Bremen,94249231-24a1-492e-97bf-dcd504ea599a,SAMMS-Bremen
202609031813230488,202609031729277777,202609031729277737,97,5783,P1 Forms Comprehensive Assessment Form Bronze - B72,br_samms_comprehensive_assessment_form,TASK_COMPLETE,SUCCESS,INFO,50,50,0,,2026-09-03T17:29:32.843Z,2026-09-03T18:13:30.795Z,2638,2026-09-03T18:13:30.795Z,B72,Mobile-OBOT,94249231-24a1-492e-97bf-dcd504ea599a,SAMMS-Mobile-OBOT
202609031813230489,202609031729277778,202609031729277737,97,5784,P1 Forms Comprehensive Assessment Form Bronze - B73,br_samms_comprehensive_assessment_form,TASK_COMPLETE,SUCCESS,INFO,2,2,0,,2026-09-03T17:29:32.843Z,2026-09-03T18:13:30.795Z,2638,2026-09-03T18:13:30.795Z,B73,Montgomery,94249231-24a1-492e-97bf-dcd504ea599a,SAMMS-Montgomery
202609031813230490,202609031729277779,202609031729277737,97,5785,P1 Forms Comprehensive Assessment Form Bronze - B75,br_samms_comprehensive_assessment_form,TASK_COMPLETE,SUCCESS,INFO,311,311,0,,2026-09-03T17:29:32.843Z,2026-09-03T18:13:30.795Z,2638,2026-09-03T18:13:30.795Z,B75,Lawrence,94249231-24a1-492e-97bf-dcd504ea599a,SAMMS-LawrenceV6
202609031813230491,202609031729277780,202609031729277737,97,5786,P1 Forms Comprehensive Assessment Form Bronze - B76,br_samms_comprehensive_assessment_form,TASK_COMPLETE,SUCCESS,INFO,33,33,0,,2026-09-03T17:29:32.843Z,2026-09-03T18:13:30.795Z,2638,2026-09-03T18:13:30.795Z,B76,Huntsville-OBOT,94249231-24a1-492e-97bf-dcd504ea599a,SAMMS-Huntsville-OBOT
202609031813230492,202609031729277781,202609031729277737,97,5787,P1 Forms Comprehensive Assessment Form Bronze - BAT,br_samms_comprehensive_assessment_form,TASK_COMPLETE,SUCCESS,INFO,307,307,0,,2026-09-03T17:29:32.843Z,2026-09-03T18:13:30.795Z,2638,2026-09-03T18:13:30.795Z,BAT,Batesville,94249231-24a1-492e-97bf-dcd504ea599a,SAMMS-Batesville
202609031813230493,202609031729277782,202609031729277737,97,5788,P1 Forms Comprehensive Assessment Form Bronze - BG,br_samms_comprehensive_assessment_form,TASK_COMPLETE,SUCCESS,INFO,435,435,0,,2026-09-03T17:29:32.843Z,2026-09-03T18:13:30.795Z,2638,2026-09-03T18:13:30.795Z,BG,BowlingGreen,94249231-24a1-492e-97bf-dcd504ea599a,SAMMS-BowlingGreen
202609031813230495,202609031729277783,202609031729277737,97,5789,P1 Forms Comprehensive Assessment Form Bronze - BOI,br_samms_comprehensive_assessment_form,TASK_COMPLETE,SUCCESS,INFO,158,158,0,,2026-09-03T17:29:32.843Z,2026-09-03T18:13:30.795Z,2638,2026-09-03T18:13:30.795Z,BOI,Boise,94249231-24a1-492e-97bf-dcd504ea599a,SAMMS-Boise
202609031813230496,202609031729277784,202609031729277737,97,5790,P1 Forms Comprehensive Assessment Form Bronze - CBCO,br_samms_comprehensive_assessment_form,TASK_COMPLETE,SUCCESS,INFO,293,293,0,,2026-09-03T17:29:32.843Z,2026-09-03T18:13:30.795Z,2638,2026-09-03T18:13:30.795Z,CBCO,CoeurdAlene,94249231-24a1-492e-97bf-dcd504ea599a,SAMMS-CoeurdAleneV6
202609031813230497,202609031729277785,202609031729277737,97,5791,P1 Forms Comprehensive Assessment Form Bronze - CON,br_samms_comprehensive_assessment_form,TASK_COMPLETE,SUCCESS,INFO,351,351,0,,2026-09-03T17:29:32.843Z,2026-09-03T18:13:30.795Z,2638,2026-09-03T18:13:30.795Z,CON,Conway,94249231-24a1-492e-97bf-dcd504ea599a,SAMMS-Conway
202609031813230498,202609031729277786,202609031729277737,97,5792,P1 Forms Comprehensive Assessment Form Bronze - D07,br_samms_comprehensive_assessment_form,TASK_COMPLETE,SUCCESS,INFO,1221,1221,0,,2026-09-03T17:29:32.843Z,2026-09-03T18:13:30.795Z,2638,2026-09-03T18:13:30.795Z,D07,Knoxville,94249231-24a1-492e-97bf-dcd504ea599a,SAMMS-KnoxvilleV6
202609031813230499,202609031729277787,202609031729277737,97,5793,P1 Forms Comprehensive Assessment Form Bronze - D08,br_samms_comprehensive_assessment_form,TASK_COMPLETE,SUCCESS,INFO,774,774,0,,2026-09-03T17:29:32.843Z,2026-09-03T18:13:30.795Z,2638,2026-09-03T18:13:30.795Z,D08,Madison,94249231-24a1-492e-97bf-dcd504ea599a,SAMMS-MadisonV6
202609031813230500,202609031729277788,202609031729277737,97,5794,P1 Forms Comprehensive Assessment Form Bronze - D09,br_samms_comprehensive_assessment_form,TASK_COMPLETE,SUCCESS,INFO,788,788,0,,2026-09-03T17:29:32.843Z,2026-09-03T18:13:30.795Z,2638,2026-09-03T18:13:30.795Z,D09,Murfreesboro,94249231-24a1-492e-97bf-dcd504ea599a,SAMMS-MurfreesboroV6
202609031813230501,202609031729277789,202609031729277737,97,5795,P1 Forms Comprehensive Assessment Form Bronze - DA,br_samms_comprehensive_assessment_form,TASK_COMPLETE,SUCCESS,INFO,215,215,0,,2026-09-03T17:29:32.843Z,2026-09-03T18:13:30.795Z,2638,2026-09-03T18:13:30.795Z,DA,Davenport,94249231-24a1-492e-97bf-dcd504ea599a,SAMMS-Davenport
202609031813230502,202609031729277790,202609031729277737,97,5796,P1 Forms Comprehensive Assessment Form Bronze - DM,br_samms_comprehensive_assessment_form,TASK_COMPLETE,SUCCESS,INFO,251,251,0,,2026-09-03T17:29:32.843Z,2026-09-03T18:13:30.795Z,2638,2026-09-03T18:13:30.795Z,DM,DesMoines,94249231-24a1-492e-97bf-dcd504ea599a,SAMMS-DesMoines
202609031813230503,202609031729277791,202609031729277737,97,5797,P1 Forms Comprehensive Assessment Form Bronze - DRD-CO,br_samms_comprehensive_assessment_form,TASK_COMPLETE,SUCCESS,INFO,480,480,0,,2026-09-03T17:29:32.843Z,2026-09-03T18:13:30.795Z,2638,2026-09-03T18:13:30.795Z,DRD-CO,Columbia,94249231-24a1-492e-97bf-dcd504ea599a,SAMMS-ColumbiaV5
202609031813230505,202609031729277792,202609031729277737,97,5798,P1 Forms Comprehensive Assessment Form Bronze - DRD-KC,br_samms_comprehensive_assessment_form,TASK_COMPLETE,SUCCESS,INFO,596,596,0,,2026-09-03T17:29:32.843Z,2026-09-03T18:13:30.795Z,2638,2026-09-03T18:13:30.795Z,DRD-KC,KC,94249231-24a1-492e-97bf-dcd504ea599a,SAMMS-KCv5
202609031813230506,202609031729277793,202609031729277737,97,5799,P1 Forms Comprehensive Assessment Form Bronze - DRD-KVB,br_samms_comprehensive_assessment_form,TASK_COMPLETE,SUCCESS,INFO,815,815,0,,2026-09-03T17:29:32.843Z,2026-09-03T18:13:30.795Z,2638,2026-09-03T18:13:30.795Z,DRD-KVB,KVB,94249231-24a1-492e-97bf-dcd504ea599a,SAMMS-KVBv5
202609031813230507,202609031729277794,202609031729277737,97,5800,P1 Forms Comprehensive Assessment Form Bronze - DRD-KVC,br_samms_comprehensive_assessment_form,TASK_COMPLETE,SUCCESS,INFO,1329,1329,0,,2026-09-03T17:29:32.843Z,2026-09-03T18:13:30.795Z,2638,2026-09-03T18:13:30.795Z,DRD-KVC,KVC,94249231-24a1-492e-97bf-dcd504ea599a,SAMMS-KVCv5
202609031813230508,202609031729277795,202609031729277737,97,5801,P1 Forms Comprehensive Assessment Form Bronze - DRD-NOLA,br_samms_comprehensive_assessment_form,TASK_COMPLETE,SUCCESS,INFO,1159,1159,0,,2026-09-03T17:29:32.843Z,2026-09-03T18:13:30.795Z,2638,2026-09-03T18:13:30.795Z,DRD-NOLA,NOLA,94249231-24a1-492e-97bf-dcd504ea599a,SAMMS-NOLAv5
202609031813230509,202609031729277796,202609031729277737,97,5802,P1 Forms Comprehensive Assessment Form Bronze - DRD-SF,br_samms_comprehensive_assessment_form,TASK_COMPLETE,SUCCESS,INFO,722,722,0,,2026-09-03T17:29:32.843Z,2026-09-03T18:13:30.795Z,2638,2026-09-03T18:13:30.795Z,DRD-SF,SF,94249231-24a1-492e-97bf-dcd504ea599a,SAMMS-SFv5
202609031813230510,202609031729277797,202609031729277737,97,5803,P1 Forms Comprehensive Assessment Form Bronze - ELC,br_samms_comprehensive_assessment_form,TASK_COMPLETE,SUCCESS,INFO,261,261,0,,2026-09-03T17:29:32.843Z,2026-09-03T18:13:30.795Z,2638,2026-09-03T18:13:30.795Z,ELC,ElizabethCity,94249231-24a1-492e-97bf-dcd504ea599a,SAMMS-ElizabethCity
202609031813230511,202609031729277798,202609031729277737,97,5804,P1 Forms Comprehensive Assessment Form Bronze - ET,br_samms_comprehensive_assessment_form,TASK_COMPLETE,SUCCESS,INFO,400,400,0,,2026-09-03T17:29:32.843Z,2026-09-03T18:13:30.795Z,2638,2026-09-03T18:13:30.795Z,ET,Elizabethtown,94249231-24a1-492e-97bf-dcd504ea599a,SAMMS-Elizabethtown
202609031813230512,202609031729277799,202609031729277737,97,5805,P1 Forms Comprehensive Assessment Form Bronze - FAY,br_samms_comprehensive_assessment_form,TASK_COMPLETE,SUCCESS,INFO,232,232,0,,2026-09-03T17:29:32.843Z,2026-09-03T18:13:30.795Z,2638,2026-09-03T18:13:30.795Z,FAY,Fayetteville,94249231-24a1-492e-97bf-dcd504ea599a,SAMMS-Fayetteville
202609031813230514,202609031729277800,202609031729277737,97,5806,P1 Forms Comprehensive Assessment Form Bronze - FR,br_samms_comprehensive_assessment_form,TASK_COMPLETE,SUCCESS,INFO,307,307,0,,2026-09-03T17:29:32.843Z,2026-09-03T18:13:30.795Z,2638,2026-09-03T18:13:30.795Z,FR,Frankfort,94249231-24a1-492e-97bf-dcd504ea599a,SAMMS-Frankfort
202609031813230515,202609031729277801,202609031729277737,97,5807,P1 Forms Comprehensive Assessment Form Bronze - FS,br_samms_comprehensive_assessment_form,TASK_COMPLETE,SUCCESS,INFO,292,292,0,,2026-09-03T17:29:32.843Z,2026-09-03T18:13:30.795Z,2638,2026-09-03T18:13:30.795Z,FS,FortSmith,94249231-24a1-492e-97bf-dcd504ea599a,SAMMS-FortSmith
202609031813230872,202609031729278122,202609031729277737,97,6134,P1 Forms SF Data Forms Bronze - B72,br_samms_sf_data_forms,TASK_COMPLETE,SUCCESS,INFO,225,225,0,,2026-09-03T17:29:32.843Z,2026-09-03T18:13:30.795Z,2638,2026-09-03T18:13:30.795Z,B72,Mobile-OBOT,94249231-24a1-492e-97bf-dcd504ea599a,SAMMS-Mobile-OBOT
202609031813230873,202609031729278123,202609031729277737,97,6135,P1 Forms SF Data Forms Bronze - B73,br_samms_sf_data_forms,TASK_COMPLETE,SUCCESS,INFO,137,137,0,,2026-09-03T17:29:32.843Z,2026-09-03T18:13:30.795Z,2638,2026-09-03T18:13:30.795Z,B73,Montgomery,94249231-24a1-492e-97bf-dcd504ea599a,SAMMS-Montgomery
202609031813230874,202609031729278124,202609031729277737,97,6136,P1 Forms SF Data Forms Bronze - B75,br_samms_sf_data_forms,TASK_COMPLETE,SUCCESS,INFO,3065,3065,0,,2026-09-03T17:29:32.843Z,2026-09-03T18:13:30.795Z,2638,2026-09-03T18:13:30.795Z,B75,Lawrence,94249231-24a1-492e-97bf-dcd504ea599a,SAMMS-LawrenceV6
202609031813230875,202609031729278125,202609031729277737,97,6137,P1 Forms SF Data Forms Bronze - B76,br_samms_sf_data_forms,TASK_COMPLETE,SUCCESS,INFO,507,507,0,,2026-09-03T17:29:32.843Z,2026-09-03T18:13:30.795Z,2638,2026-09-03T18:13:30.795Z,B76,Huntsville-OBOT,94249231-24a1-492e-97bf-dcd504ea599a,SAMMS-Huntsville-OBOT
202609031813230876,202609031729278126,202609031729277737,97,6138,P1 Forms SF Data Forms Bronze - BAT,br_samms_sf_data_forms,TASK_COMPLETE,SUCCESS,INFO,186,186,0,,2026-09-03T17:29:32.843Z,2026-09-03T18:13:30.795Z,2638,2026-09-03T18:13:30.795Z,BAT,Batesville,94249231-24a1-492e-97bf-dcd504ea599a,SAMMS-Batesville
202609031813230877,202609031729278127,202609031729277737,97,6139,P1 Forms SF Data Forms Bronze - BG,br_samms_sf_data_forms,TASK_COMPLETE,SUCCESS,INFO,5883,5883,0,,2026-09-03T17:29:32.843Z,2026-09-03T18:13:30.795Z,2638,2026-09-03T18:13:30.795Z,BG,BowlingGreen,94249231-24a1-492e-97bf-dcd504ea599a,SAMMS-BowlingGreen
202609031813230878,202609031729278128,202609031729277737,97,6140,P1 Forms SF Data Forms Bronze - BOI,br_samms_sf_data_forms,TASK_COMPLETE,SUCCESS,INFO,2387,2387,0,,2026-09-03T17:29:32.843Z,2026-09-03T18:13:30.795Z,2638,2026-09-03T18:13:30.795Z,BOI,Boise,94249231-24a1-492e-97bf-dcd504ea599a,SAMMS-Boise
202609031813230880,202609031729278129,202609031729277737,97,6141,P1 Forms SF Data Forms Bronze - CBCO,br_samms_sf_data_forms,TASK_COMPLETE,SUCCESS,INFO,2304,2304,0,,2026-09-03T17:29:32.843Z,2026-09-03T18:13:30.795Z,2638,2026-09-03T18:13:30.795Z,CBCO,CoeurdAlene,94249231-24a1-492e-97bf-dcd504ea599a,SAMMS-CoeurdAleneV6
202609031813230881,202609031729278130,202609031729277737,97,6142,P1 Forms SF Data Forms Bronze - CON,br_samms_sf_data_forms,TASK_COMPLETE,SUCCESS,INFO,161,161,0,,2026-09-03T17:29:32.843Z,2026-09-03T18:13:30.795Z,2638,2026-09-03T18:13:30.795Z,CON,Conway,94249231-24a1-492e-97bf-dcd504ea599a,SAMMS-Conway
202609031813230882,202609031729278131,202609031729277737,97,6143,P1 Forms SF Data Forms Bronze - D07,br_samms_sf_data_forms,TASK_COMPLETE,SUCCESS,INFO,5537,5537,0,,2026-09-03T17:29:32.843Z,2026-09-03T18:13:30.795Z,2638,2026-09-03T18:13:30.795Z,D07,Knoxville,94249231-24a1-492e-97bf-dcd504ea599a,SAMMS-KnoxvilleV6
202609031813230883,202609031729278132,202609031729277737,97,6144,P1 Forms SF Data Forms Bronze - D08,br_samms_sf_data_forms,TASK_COMPLETE,SUCCESS,INFO,2217,2217,0,,2026-09-03T17:29:32.843Z,2026-09-03T18:13:30.795Z,2638,2026-09-03T18:13:30.795Z,D08,Madison,94249231-24a1-492e-97bf-dcd504ea599a,SAMMS-MadisonV6
202609031813230884,202609031729278133,202609031729277737,97,6145,P1 Forms SF Data Forms Bronze - D09,br_samms_sf_data_forms,TASK_COMPLETE,SUCCESS,INFO,6126,6126,0,,2026-09-03T17:29:32.843Z,2026-09-03T18:13:30.795Z,2638,2026-09-03T18:13:30.795Z,D09,Murfreesboro,94249231-24a1-492e-97bf-dcd504ea599a,SAMMS-MurfreesboroV6
202609031813230885,202609031729278134,202609031729277737,97,6146,P1 Forms SF Data Forms Bronze - DA,br_samms_sf_data_forms,TASK_COMPLETE,SUCCESS,INFO,4589,4589,0,,2026-09-03T17:29:32.843Z,2026-09-03T18:13:30.795Z,2638,2026-09-03T18:13:30.795Z,DA,Davenport,94249231-24a1-492e-97bf-dcd504ea599a,SAMMS-Davenport
202609031813230886,202609031729278135,202609031729277737,97,6147,P1 Forms SF Data Forms Bronze - DM,br_samms_sf_data_forms,TASK_COMPLETE,SUCCESS,INFO,2610,2610,0,,2026-09-03T17:29:32.843Z,2026-09-03T18:13:30.795Z,2638,2026-09-03T18:13:30.795Z,DM,DesMoines,94249231-24a1-492e-97bf-dcd504ea599a,SAMMS-DesMoines
202609031813230887,202609031729278136,202609031729277737,97,6148,P1 Forms SF Data Forms Bronze - DRD-CO,br_samms_sf_data_forms,TASK_COMPLETE,SUCCESS,INFO,3968,3968,0,,2026-09-03T17:29:32.843Z,2026-09-03T18:13:30.795Z,2638,2026-09-03T18:13:30.795Z,DRD-CO,Columbia,94249231-24a1-492e-97bf-dcd504ea599a,SAMMS-ColumbiaV5
202609031813230888,202609031729278137,202609031729277737,97,6149,P1 Forms SF Data Forms Bronze - DRD-KC,br_samms_sf_data_forms,TASK_COMPLETE,SUCCESS,INFO,5375,5375,0,,2026-09-03T17:29:32.843Z,2026-09-03T18:13:30.795Z,2638,2026-09-03T18:13:30.795Z,DRD-KC,KC,94249231-24a1-492e-97bf-dcd504ea599a,SAMMS-KCv5
202609031813230890,202609031729278138,202609031729277737,97,6150,P1 Forms SF Data Forms Bronze - DRD-KVB,br_samms_sf_data_forms,TASK_COMPLETE,SUCCESS,INFO,8843,8843,0,,2026-09-03T17:29:32.843Z,2026-09-03T18:13:30.795Z,2638,2026-09-03T18:13:30.795Z,DRD-KVB,KVB,94249231-24a1-492e-97bf-dcd504ea599a,SAMMS-KVBv5
202609031813230891,202609031729278139,202609031729277737,97,6151,P1 Forms SF Data Forms Bronze - DRD-KVC,br_samms_sf_data_forms,TASK_COMPLETE,SUCCESS,INFO,10763,10763,0,,2026-09-03T17:29:32.843Z,2026-09-03T18:13:30.795Z,2638,2026-09-03T18:13:30.795Z,DRD-KVC,KVC,94249231-24a1-492e-97bf-dcd504ea599a,SAMMS-KVCv5
202609031813230892,202609031729278140,202609031729277737,97,6152,P1 Forms SF Data Forms Bronze - DRD-NOLA,br_samms_sf_data_forms,TASK_COMPLETE,SUCCESS,INFO,13049,13049,0,,2026-09-03T17:29:32.843Z,2026-09-03T18:13:30.795Z,2638,2026-09-03T18:13:30.795Z,DRD-NOLA,NOLA,94249231-24a1-492e-97bf-dcd504ea599a,SAMMS-NOLAv5
202609031813230893,202609031729278141,202609031729277737,97,6153,P1 Forms SF Data Forms Bronze - DRD-SF,br_samms_sf_data_forms,TASK_COMPLETE,SUCCESS,INFO,8869,8869,0,,2026-09-03T17:29:32.843Z,2026-09-03T18:13:30.795Z,2638,2026-09-03T18:13:30.795Z,DRD-SF,SF,94249231-24a1-492e-97bf-dcd504ea599a,SAMMS-SFv5
202609031813230894,202609031729278142,202609031729277737,97,6154,P1 Forms SF Data Forms Bronze - ELC,br_samms_sf_data_forms,TASK_COMPLETE,SUCCESS,INFO,3342,3342,0,,2026-09-03T17:29:32.843Z,2026-09-03T18:13:30.795Z,2638,2026-09-03T18:13:30.795Z,ELC,ElizabethCity,94249231-24a1-492e-97bf-dcd504ea599a,SAMMS-ElizabethCity
202609031813230895,202609031729278143,202609031729277737,97,6155,P1 Forms SF Data Forms Bronze - ET,br_samms_sf_data_forms,TASK_COMPLETE,SUCCESS,INFO,4706,4706,0,,2026-09-03T17:29:32.843Z,2026-09-03T18:13:30.795Z,2638,2026-09-03T18:13:30.795Z,ET,Elizabethtown,94249231-24a1-492e-97bf-dcd504ea599a,SAMMS-Elizabethtown
202609031813230896,202609031729278144,202609031729277737,97,6156,P1 Forms SF Data Forms Bronze - FAY,br_samms_sf_data_forms,TASK_COMPLETE,SUCCESS,INFO,125,125,0,,2026-09-03T17:29:32.843Z,2026-09-03T18:13:30.795Z,2638,2026-09-03T18:13:30.795Z,FAY,Fayetteville,94249231-24a1-492e-97bf-dcd504ea599a,SAMMS-Fayetteville
202609031813230897,202609031729278145,202609031729277737,97,6157,P1 Forms SF Data Forms Bronze - FR,br_samms_sf_data_forms,TASK_COMPLETE,SUCCESS,INFO,4372,4372,0,,2026-09-03T17:29:32.843Z,2026-09-03T18:13:30.795Z,2638,2026-09-03T18:13:30.795Z,FR,Frankfort,94249231-24a1-492e-97bf-dcd504ea599a,SAMMS-Frankfort
202609031813230898,202609031729278146,202609031729277737,97,6158,P1 Forms SF Data Forms Bronze - FS,br_samms_sf_data_forms,TASK_COMPLETE,SUCCESS,INFO,364,364,0,,2026-09-03T17:29:32.843Z,2026-09-03T18:13:30.795Z,2638,2026-09-03T18:13:30.795Z,FS,FortSmith,94249231-24a1-492e-97bf-dcd504ea599a,SAMMS-FortSmith
202609031813230900,202609031729278147,202609031729277737,97,6159,P1 Forms SF Data Forms Bronze - FW,br_samms_sf_data_forms,TASK_COMPLETE,SUCCESS,INFO,8669,8669,0,,2026-09-03T17:29:32.843Z,2026-09-03T18:13:30.795Z,2638,2026-09-03T18:13:30.795Z,FW,FortWayne,94249231-24a1-492e-97bf-dcd504ea599a,SAMMS-FortWayne
202609031813230901,202609031729278148,202609031729277737,97,6160,P1 Forms SF Data Forms Bronze - GAL,br_samms_sf_data_forms,TASK_COMPLETE,SUCCESS,INFO,3460,3460,0,,2026-09-03T17:29:32.843Z,2026-09-03T18:13:30.795Z,2638,2026-09-03T18:13:30.795Z,GAL,Gaylord,94249231-24a1-492e-97bf-dcd504ea599a,SAMMS-Gaylord
202609031813230902,202609031729278149,202609031729277737,97,6161,P1 Forms SF Data Forms Bronze - HGT,br_samms_sf_data_forms,TASK_COMPLETE,SUCCESS,INFO,7660,7660,0,,2026-09-03T17:29:32.843Z,2026-09-03T18:13:30.795Z,2638,2026-09-03T18:13:30.795Z,HGT,Hagerstown,94249231-24a1-492e-97bf-dcd504ea599a,SAMMS-Hagerstown
202609031813230903,202609031729278150,202609031729277737,97,6162,P1 Forms SF Data Forms Bronze - HNT,br_samms_sf_data_forms,TASK_COMPLETE,SUCCESS,INFO,5979,5979,0,,2026-09-03T17:29:32.843Z,2026-09-03T18:13:30.795Z,2638,2026-09-03T18:13:30.795Z,HNT,Huntsville,94249231-24a1-492e-97bf-dcd504ea599a,SAMMS-Huntsville
202609031813230904,202609031729278151,202609031729277737,97,6163,P1 Forms SF Data Forms Bronze - HS,br_samms_sf_data_forms,TASK_COMPLETE,SUCCESS,INFO,162,162,0,,2026-09-03T17:29:32.843Z,2026-09-03T18:13:30.795Z,2638,2026-09-03T18:13:30.795Z,HS,HotSprings,94249231-24a1-492e-97bf-dcd504ea599a,SAMMS-HotSprings
202609031813230905,202609031729278152,202609031729277737,97,6164,P1 Forms SF Data Forms Bronze - JON,br_samms_sf_data_forms,TASK_COMPLETE,SUCCESS,INFO,186,186,0,,2026-09-03T17:29:32.843Z,2026-09-03T18:13:30.795Z,2638,2026-09-03T18:13:30.795Z,JON,Jonesboro,94249231-24a1-492e-97bf-dcd504ea599a,SAMMS-Jonesboro
202609031813230906,202609031729278153,202609031729277737,97,6165,P1 Forms SF Data Forms Bronze - LAN,br_samms_sf_data_forms,TASK_COMPLETE,SUCCESS,INFO,2896,2896,0,,2026-09-03T17:29:32.843Z,2026-09-03T18:13:30.795Z,2638,2026-09-03T18:13:30.795Z,LAN,Lansing,94249231-24a1-492e-97bf-dcd504ea599a,SAMMS-Lansing
202609031813230907,202609031729278154,202609031729277737,97,6166,P1 Forms SF Data Forms Bronze - LO,br_samms_sf_data_forms,TASK_COMPLETE,SUCCESS,INFO,13287,13287,0,,2026-09-03T17:29:32.843Z,2026-09-03T18:13:30.795Z,2638,2026-09-03T18:13:30.795Z,LO,Louisville,94249231-24a1-492e-97bf-dcd504ea599a,SAMMS-Louisville
202609031813230908,202609031729278155,202609031729277737,97,6167,P1 Forms SF Data Forms Bronze - LV1,br_samms_sf_data_forms,TASK_COMPLETE,SUCCESS,INFO,5343,5343,0,,2026-09-03T17:29:32.843Z,2026-09-03T18:13:30.795Z,2638,2026-09-03T18:13:30.795Z,LV1,Cheyenne,94249231-24a1-492e-97bf-dcd504ea599a,SAMMS-Cheyenne
202609031813230910,202609031729278156,202609031729277737,97,6168,P1 Forms SF Data Forms Bronze - LV2,br_samms_sf_data_forms,TASK_COMPLETE,SUCCESS,INFO,5487,5487,0,,2026-09-03T17:29:32.843Z,2026-09-03T18:13:30.795Z,2638,2026-09-03T18:13:30.795Z,LV2,DesertInn,94249231-24a1-492e-97bf-dcd504ea599a,SAMMS-DesertInn
202609031813230911,202609031729278157,202609031729277737,97,6169,P1 Forms SF Data Forms Bronze - LV3,br_samms_sf_data_forms,TASK_COMPLETE,SUCCESS,INFO,2382,2382,0,,2026-09-03T17:29:32.843Z,2026-09-03T18:13:30.795Z,2638,2026-09-03T18:13:30.795Z,LV3,McDaniel,94249231-24a1-492e-97bf-dcd504ea599a,SAMMS-McDaniel
202609031813230912,202609031729278158,202609031729277737,97,6170,P1 Forms SF Data Forms Bronze - MNRE,br_samms_sf_data_forms,TASK_COMPLETE,SUCCESS,INFO,3915,3915,0,,2026-09-03T17:29:32.843Z,2026-09-03T18:13:30.795Z,2638,2026-09-03T18:13:30.795Z,MNRE,Monroe,94249231-24a1-492e-97bf-dcd504ea599a,SAMMS-Monroe
202609031813230913,202609031729278159,202609031729277737,97,6171,P1 Forms SF Data Forms Bronze - MP,br_samms_sf_data_forms,TASK_COMPLETE,SUCCESS,INFO,5441,5441,0,,2026-09-03T17:29:32.843Z,2026-09-03T18:13:30.795Z,2638,2026-09-03T18:13:30.795Z,MP,MtPleasant,94249231-24a1-492e-97bf-dcd504ea599a,SAMMS-MtPleasant
202609031813230914,202609031729278160,202609031729277737,97,6172,P1 Forms SF Data Forms Bronze - MRD,br_samms_sf_data_forms,TASK_COMPLETE,SUCCESS,INFO,2819,2819,0,,2026-09-03T17:29:32.843Z,2026-09-03T18:13:30.795Z,2638,2026-09-03T18:13:30.795Z,MRD,Meridian,94249231-24a1-492e-97bf-dcd504ea599a,SAMMS-Meridian
202609031813230915,202609031729278161,202609031729277737,97,6173,P1 Forms SF Data Forms Bronze - NC,br_samms_sf_data_forms,TASK_COMPLETE,SUCCESS,INFO,4593,4593,0,,2026-09-03T17:29:32.843Z,2026-09-03T18:13:30.795Z,2638,2026-09-03T18:13:30.795Z,NC,NorthCharleston,94249231-24a1-492e-97bf-dcd504ea599a,SAMMS-NorthCharleston
202609031813230916,202609031729278162,202609031729277737,97,6174,P1 Forms SF Data Forms Bronze - NLR,br_samms_sf_data_forms,TASK_COMPLETE,SUCCESS,INFO,368,368,0,,2026-09-03T17:29:32.843Z,2026-09-03T18:13:30.795Z,2638,2026-09-03T18:13:30.795Z,NLR,NLROBOT,94249231-24a1-492e-97bf-dcd504ea599a,SAMMS-NLROBOT
202609031813230917,202609031729278163,202609031729277737,97,6175,P1 Forms SF Data Forms Bronze - PH,br_samms_sf_data_forms,TASK_COMPLETE,SUCCESS,INFO,4,4,0,,2026-09-03T17:29:32.843Z,2026-09-03T18:13:30.795Z,2638,2026-09-03T18:13:30.795Z,PH,Phoenix,94249231-24a1-492e-97bf-dcd504ea599a,SAMMS-Phoenix
202609031813230918,202609031729278164,202609031729277737,97,6176,P1 Forms SF Data Forms Bronze - RE,br_samms_sf_data_forms,TASK_COMPLETE,SUCCESS,INFO,3558,3558,0,,2026-09-03T17:29:32.843Z,2026-09-03T18:13:30.795Z,2638,2026-09-03T18:13:30.795Z,RE,Reno,94249231-24a1-492e-97bf-dcd504ea599a,SAMMS-Reno
202609031813230920,202609031729278165,202609031729277737,97,6177,P1 Forms SF Data Forms Bronze - RMD,br_samms_sf_data_forms,TASK_COMPLETE,SUCCESS,INFO,8099,8099,0,,2026-09-03T17:29:32.843Z,2026-09-03T18:13:30.795Z,2638,2026-09-03T18:13:30.795Z,RMD,Richmond,94249231-24a1-492e-97bf-dcd504ea599a,SAMMS-Richmond
202609031813230921,202609031729278166,202609031729277737,97,6178,P1 Forms SF Data Forms Bronze - SFN,br_samms_sf_data_forms,TASK_COMPLETE,SUCCESS,INFO,3946,3946,0,,2026-09-03T17:29:32.843Z,2026-09-03T18:13:30.795Z,2638,2026-09-03T18:13:30.795Z,SFN,SFN,94249231-24a1-492e-97bf-dcd504ea599a,SAMMS-SFNv5
202609031813230922,202609031729278167,202609031729277737,97,6179,P1 Forms SF Data Forms Bronze - SHP,br_samms_sf_data_forms,TASK_COMPLETE,SUCCESS,INFO,7327,7327,0,,2026-09-03T17:29:32.843Z,2026-09-03T18:13:30.795Z,2638,2026-09-03T18:13:30.795Z,SHP,Shreveport,94249231-24a1-492e-97bf-dcd504ea599a,SAMMS-Shreveport
202609031813230923,202609031729278168,202609031729277737,97,6180,P1 Forms SF Data Forms Bronze - STN,br_samms_sf_data_forms,TASK_COMPLETE,SUCCESS,INFO,4565,4565,0,,2026-09-03T17:29:32.843Z,2026-09-03T18:13:30.795Z,2638,2026-09-03T18:13:30.795Z,STN,Staunton,94249231-24a1-492e-97bf-dcd504ea599a,SAMMS-Staunton
202609031813230924,202609031729278169,202609031729277737,97,6181,P1 Forms SF Data Forms Bronze - STVN,br_samms_sf_data_forms,TASK_COMPLETE,SUCCESS,INFO,1132,1132,0,,2026-09-03T17:29:32.843Z,2026-09-03T18:13:30.795Z,2638,2026-09-03T18:13:30.795Z,STVN,Stevenson,94249231-24a1-492e-97bf-dcd504ea599a,SAMMS-Stevenson
202609031813230925,202609031729278170,202609031729277737,97,6182,P1 Forms SF Data Forms Bronze - TE,br_samms_sf_data_forms,TASK_COMPLETE,SUCCESS,INFO,0,0,0,,2026-09-03T17:29:32.843Z,2026-09-03T18:13:30.795Z,2638,2026-09-03T18:13:30.795Z,TE,Tempe,94249231-24a1-492e-97bf-dcd504ea599a,SAMMS-Tempe
202609031813230926,202609031729278171,202609031729277737,97,6183,P1 Forms SF Data Forms Bronze - TEX,br_samms_sf_data_forms,TASK_COMPLETE,SUCCESS,INFO,306,306,0,,2026-09-03T17:29:32.843Z,2026-09-03T18:13:30.795Z,2638,2026-09-03T18:13:30.795Z,TEX,Texarkana,94249231-24a1-492e-97bf-dcd504ea599a,SAMMS-Texarkana
202609031813230927,202609031729278172,202609031729277737,97,6184,P1 Forms SF Data Forms Bronze - TTCA,br_samms_sf_data_forms,TASK_COMPLETE,SUCCESS,INFO,4755,4755,0,,2026-09-03T17:29:32.843Z,2026-09-03T18:13:30.795Z,2638,2026-09-03T18:13:30.795Z,TTCA,Bessemer,94249231-24a1-492e-97bf-dcd504ea599a,SAMMS-BessemerV5
202609031813230928,202609031729278173,202609031729277737,97,6185,P1 Forms SF Data Forms Bronze - TTCB,br_samms_sf_data_forms,TASK_COMPLETE,SUCCESS,INFO,5643,5643,0,,2026-09-03T17:29:32.843Z,2026-09-03T18:13:30.795Z,2638,2026-09-03T18:13:30.795Z,TTCB,Cullman,94249231-24a1-492e-97bf-dcd504ea599a,SAMMS-CullmanV5
202609031813230929,202609031729278174,202609031729277737,97,6186,P1 Forms SF Data Forms Bronze - TTCC,br_samms_sf_data_forms,TASK_COMPLETE,SUCCESS,INFO,7190,7190,0,,2026-09-03T17:29:32.843Z,2026-09-03T18:13:30.795Z,2638,2026-09-03T18:13:30.795Z,TTCC,GrandBay,94249231-24a1-492e-97bf-dcd504ea599a,SAMMS-GrandBay
202609031813230931,202609031729278175,202609031729277737,97,6187,P1 Forms SF Data Forms Bronze - TU,br_samms_sf_data_forms,TASK_COMPLETE,SUCCESS,INFO,0,0,0,,2026-09-03T17:29:32.843Z,2026-09-03T18:13:30.795Z,2638,2026-09-03T18:13:30.795Z,TU,Tucson,94249231-24a1-492e-97bf-dcd504ea599a,SAMMS-Tucson
202609031813230932,202609031729278176,202609031729277737,97,6188,P1 Forms SF Data Forms Bronze - V1,br_samms_sf_data_forms,TASK_COMPLETE,SUCCESS,INFO,3388,3388,0,,2026-09-03T17:29:32.843Z,2026-09-03T18:13:30.795Z,2638,2026-09-03T18:13:30.795Z,V1,VCPHCS-I-Memphis,94249231-24a1-492e-97bf-dcd504ea599a,SAMMS-VCPHCS-I-MemphisV5
202609031813230933,202609031729278177,202609031729277737,97,6189,P1 Forms SF Data Forms Bronze - V10,br_samms_sf_data_forms,TASK_COMPLETE,SUCCESS,INFO,4046,4046,0,,2026-09-03T17:29:32.843Z,2026-09-03T18:13:30.795Z,2638,2026-09-03T18:13:30.795Z,V10,Boulder,94249231-24a1-492e-97bf-dcd504ea599a,SAMMS-BoulderV5
202609031813230934,202609031729278178,202609031729277737,97,6190,P1 Forms SF Data Forms Bronze - V10A,br_samms_sf_data_forms,TASK_COMPLETE,SUCCESS,INFO,6941,6941,0,,2026-09-03T17:29:32.843Z,2026-09-03T18:13:30.795Z,2638,2026-09-03T18:13:30.795Z,V10A,FortCollins,94249231-24a1-492e-97bf-dcd504ea599a,SAMMS-FortCollinsV5
202609031813230935,202609031729278179,202609031729277737,97,6191,P1 Forms SF Data Forms Bronze - V11,br_samms_sf_data_forms,TASK_COMPLETE,SUCCESS,INFO,5639,5639,0,,2026-09-03T17:29:32.843Z,2026-09-03T18:13:30.795Z,2638,2026-09-03T18:13:30.795Z,V11,VCPHCS-XI-NorthDenver,94249231-24a1-492e-97bf-dcd504ea599a,SAMMS-VCPHCS-XI-NorthDenverV5
202609031813230936,202609031729278180,202609031729277737,97,6192,P1 Forms SF Data Forms Bronze - V12,br_samms_sf_data_forms,TASK_COMPLETE,SUCCESS,INFO,5060,5060,0,,2026-09-03T17:29:32.843Z,2026-09-03T18:13:30.795Z,2638,2026-09-03T18:13:30.795Z,V12,VCPHCS-XII-DowntownDenver,94249231-24a1-492e-97bf-dcd504ea599a,SAMMS-VCPHCS-XII-DowntownDenverV5
202609031813230937,202609031729278181,202609031729277737,97,6193,P1 Forms SF Data Forms Bronze - V12A,br_samms_sf_data_forms,TASK_COMPLETE,SUCCESS,INFO,3319,3319,0,,2026-09-03T17:29:32.843Z,2026-09-03T18:13:30.795Z,2638,2026-09-03T18:13:30.795Z,V12A,Centennial,94249231-24a1-492e-97bf-dcd504ea599a,SAMMS-CentennialV5
202609031813230938,202609031729278182,202609031729277737,97,6194,P1 Forms SF Data Forms Bronze - V14,br_samms_sf_data_forms,TASK_COMPLETE,SUCCESS,INFO,2248,2248,0,,2026-09-03T17:29:32.843Z,2026-09-03T18:13:30.795Z,2638,2026-09-03T18:13:30.795Z,V14,VCPHCS-XIV-Bridgeway,94249231-24a1-492e-97bf-dcd504ea599a,SAMMS-VCPHCS-XIV-BridgewayV5
202609031813230939,202609031729278183,202609031729277737,97,6195,P1 Forms SF Data Forms Bronze - V15,br_samms_sf_data_forms,TASK_COMPLETE,SUCCESS,INFO,6738,6738,0,,2026-09-03T17:29:32.843Z,2026-09-03T18:13:30.795Z,2638,2026-09-03T18:13:30.795Z,V15,Joplin,94249231-24a1-492e-97bf-dcd504ea599a,SAMMS-JoplinV5
202609031813230941,202609031729278184,202609031729277737,97,6196,P1 Forms SF Data Forms Bronze - V17,br_samms_sf_data_forms,TASK_COMPLETE,SUCCESS,INFO,2848,2848,0,,2026-09-03T17:29:32.843Z,2026-09-03T18:13:30.795Z,2638,2026-09-03T18:13:30.795Z,V17,ColumbiaTN,94249231-24a1-492e-97bf-dcd504ea599a,SAMMS-ColumbiaTNv5
202609031813230942,202609031729278185,202609031729277737,97,6197,P1 Forms SF Data Forms Bronze - V19,br_samms_sf_data_forms,TASK_COMPLETE,SUCCESS,INFO,5362,5362,0,,2026-09-03T17:29:32.843Z,2026-09-03T18:13:30.795Z,2638,2026-09-03T18:13:30.795Z,V19,Jackson,94249231-24a1-492e-97bf-dcd504ea599a,SAMMS-JacksonV5
202609031813230658,202609031729277930,202609031729277737,97,5938,P1 Forms E&M Form Pregnancy Bronze - MRD,br_samms_eandm_form_pregnancy,TASK_COMPLETE,SUCCESS,INFO,213,213,0,,2026-09-03T17:29:32.843Z,2026-09-03T18:13:30.795Z,2638,2026-09-03T18:13:30.795Z,MRD,Meridian,94249231-24a1-492e-97bf-dcd504ea599a,SAMMS-Meridian
202609031813230659,202609031729277931,202609031729277737,97,5939,P1 Forms E&M Form Pregnancy Bronze - NC,br_samms_eandm_form_pregnancy,TASK_COMPLETE,SUCCESS,INFO,614,614,0,,2026-09-03T17:29:32.843Z,2026-09-03T18:13:30.795Z,2638,2026-09-03T18:13:30.795Z,NC,NorthCharleston,94249231-24a1-492e-97bf-dcd504ea599a,SAMMS-NorthCharleston
202609031813230661,202609031729277932,202609031729277737,97,5940,P1 Forms E&M Form Pregnancy Bronze - NLR,br_samms_eandm_form_pregnancy,TASK_COMPLETE,SUCCESS,INFO,603,603,0,,2026-09-03T17:29:32.843Z,2026-09-03T18:13:30.795Z,2638,2026-09-03T18:13:30.795Z,NLR,NLROBOT,94249231-24a1-492e-97bf-dcd504ea599a,SAMMS-NLROBOT
202609031813230662,202609031729277933,202609031729277737,97,5941,P1 Forms E&M Form Pregnancy Bronze - PH,br_samms_eandm_form_pregnancy,TASK_COMPLETE,SUCCESS,INFO,93,93,0,,2026-09-03T17:29:32.843Z,2026-09-03T18:13:30.795Z,2638,2026-09-03T18:13:30.795Z,PH,Phoenix,94249231-24a1-492e-97bf-dcd504ea599a,SAMMS-Phoenix
202609031813230663,202609031729277934,202609031729277737,97,5942,P1 Forms E&M Form Pregnancy Bronze - RE,br_samms_eandm_form_pregnancy,TASK_COMPLETE,SUCCESS,INFO,489,489,0,,2026-09-03T17:29:32.843Z,2026-09-03T18:13:30.795Z,2638,2026-09-03T18:13:30.795Z,RE,Reno,94249231-24a1-492e-97bf-dcd504ea599a,SAMMS-Reno
202609031813230664,202609031729277935,202609031729277737,97,5943,P1 Forms E&M Form Pregnancy Bronze - RMD,br_samms_eandm_form_pregnancy,TASK_COMPLETE,SUCCESS,INFO,742,742,0,,2026-09-03T17:29:32.843Z,2026-09-03T18:13:30.795Z,2638,2026-09-03T18:13:30.795Z,RMD,Richmond,94249231-24a1-492e-97bf-dcd504ea599a,SAMMS-Richmond
202609031813230665,202609031729277936,202609031729277737,97,5944,P1 Forms E&M Form Pregnancy Bronze - SFN,br_samms_eandm_form_pregnancy,TASK_COMPLETE,SUCCESS,INFO,517,517,0,,2026-09-03T17:29:32.843Z,2026-09-03T18:13:30.795Z,2638,2026-09-03T18:13:30.795Z,SFN,SFN,94249231-24a1-492e-97bf-dcd504ea599a,SAMMS-SFNv5
202609031813230666,202609031729277937,202609031729277737,97,5945,P1 Forms E&M Form Pregnancy Bronze - SHP,br_samms_eandm_form_pregnancy,TASK_COMPLETE,SUCCESS,INFO,505,505,0,,2026-09-03T17:29:32.843Z,2026-09-03T18:13:30.795Z,2638,2026-09-03T18:13:30.795Z,SHP,Shreveport,94249231-24a1-492e-97bf-dcd504ea599a,SAMMS-Shreveport
202609031813230667,202609031729277938,202609031729277737,97,5946,P1 Forms E&M Form Pregnancy Bronze - STN,br_samms_eandm_form_pregnancy,TASK_COMPLETE,SUCCESS,INFO,217,217,0,,2026-09-03T17:29:32.843Z,2026-09-03T18:13:30.795Z,2638,2026-09-03T18:13:30.795Z,STN,Staunton,94249231-24a1-492e-97bf-dcd504ea599a,SAMMS-Staunton
202609031813230668,202609031729277939,202609031729277737,97,5947,P1 Forms E&M Form Pregnancy Bronze - STVN,br_samms_eandm_form_pregnancy,TASK_COMPLETE,SUCCESS,INFO,55,55,0,,2026-09-03T17:29:32.843Z,2026-09-03T18:13:30.795Z,2638,2026-09-03T18:13:30.795Z,STVN,Stevenson,94249231-24a1-492e-97bf-dcd504ea599a,SAMMS-Stevenson
202609031813230669,202609031729277940,202609031729277737,97,5948,P1 Forms E&M Form Pregnancy Bronze - TE,br_samms_eandm_form_pregnancy,TASK_COMPLETE,SUCCESS,INFO,74,74,0,,2026-09-03T17:29:32.843Z,2026-09-03T18:13:30.795Z,2638,2026-09-03T18:13:30.795Z,TE,Tempe,94249231-24a1-492e-97bf-dcd504ea599a,SAMMS-Tempe
202609031813230671,202609031729277941,202609031729277737,97,5949,P1 Forms E&M Form Pregnancy Bronze - TEX,br_samms_eandm_form_pregnancy,TASK_COMPLETE,SUCCESS,INFO,415,415,0,,2026-09-03T17:29:32.843Z,2026-09-03T18:13:30.795Z,2638,2026-09-03T18:13:30.795Z,TEX,Texarkana,94249231-24a1-492e-97bf-dcd504ea599a,SAMMS-Texarkana
202609031813230672,202609031729277942,202609031729277737,97,5950,P1 Forms E&M Form Pregnancy Bronze - TTCA,br_samms_eandm_form_pregnancy,TASK_COMPLETE,SUCCESS,INFO,547,547,0,,2026-09-03T17:29:32.843Z,2026-09-03T18:13:30.795Z,2638,2026-09-03T18:13:30.795Z,TTCA,Bessemer,94249231-24a1-492e-97bf-dcd504ea599a,SAMMS-BessemerV5
202609031813230673,202609031729277943,202609031729277737,97,5951,P1 Forms E&M Form Pregnancy Bronze - TTCB,br_samms_eandm_form_pregnancy,TASK_COMPLETE,SUCCESS,INFO,512,512,0,,2026-09-03T17:29:32.843Z,2026-09-03T18:13:30.795Z,2638,2026-09-03T18:13:30.795Z,TTCB,Cullman,94249231-24a1-492e-97bf-dcd504ea599a,SAMMS-CullmanV5
202609031813230674,202609031729277944,202609031729277737,97,5952,P1 Forms E&M Form Pregnancy Bronze - TTCC,br_samms_eandm_form_pregnancy,TASK_COMPLETE,SUCCESS,INFO,400,400,0,,2026-09-03T17:29:32.843Z,2026-09-03T18:13:30.795Z,2638,2026-09-03T18:13:30.795Z,TTCC,GrandBay,94249231-24a1-492e-97bf-dcd504ea599a,SAMMS-GrandBay
202609031813230675,202609031729277945,202609031729277737,97,5953,P1 Forms E&M Form Pregnancy Bronze - TU,br_samms_eandm_form_pregnancy,TASK_COMPLETE,SUCCESS,INFO,40,40,0,,2026-09-03T17:29:32.843Z,2026-09-03T18:13:30.795Z,2638,2026-09-03T18:13:30.795Z,TU,Tucson,94249231-24a1-492e-97bf-dcd504ea599a,SAMMS-Tucson
202609031813230676,202609031729277946,202609031729277737,97,5954,P1 Forms E&M Form Pregnancy Bronze - V1,br_samms_eandm_form_pregnancy,TASK_COMPLETE,SUCCESS,INFO,272,272,0,,2026-09-03T17:29:32.843Z,2026-09-03T18:13:30.795Z,2638,2026-09-03T18:13:30.795Z,V1,VCPHCS-I-Memphis,94249231-24a1-492e-97bf-dcd504ea599a,SAMMS-VCPHCS-I-MemphisV5
202609031813230677,202609031729277947,202609031729277737,97,5955,P1 Forms E&M Form Pregnancy Bronze - V10,br_samms_eandm_form_pregnancy,TASK_COMPLETE,SUCCESS,INFO,694,694,0,,2026-09-03T17:29:32.843Z,2026-09-03T18:13:30.795Z,2638,2026-09-03T18:13:30.795Z,V10,Boulder,94249231-24a1-492e-97bf-dcd504ea599a,SAMMS-BoulderV5
202609031813230678,202609031729277948,202609031729277737,97,5956,P1 Forms E&M Form Pregnancy Bronze - V10A,br_samms_eandm_form_pregnancy,TASK_COMPLETE,SUCCESS,INFO,1171,1171,0,,2026-09-03T17:29:32.843Z,2026-09-03T18:13:30.795Z,2638,2026-09-03T18:13:30.795Z,V10A,FortCollins,94249231-24a1-492e-97bf-dcd504ea599a,SAMMS-FortCollinsV5
202609031813230679,202609031729277949,202609031729277737,97,5957,P1 Forms E&M Form Pregnancy Bronze - V11,br_samms_eandm_form_pregnancy,TASK_COMPLETE,SUCCESS,INFO,1011,1011,0,,2026-09-03T17:29:32.843Z,2026-09-03T18:13:30.795Z,2638,2026-09-03T18:13:30.795Z,V11,VCPHCS-XI-NorthDenver,94249231-24a1-492e-97bf-dcd504ea599a,SAMMS-VCPHCS-XI-NorthDenverV5
202609031813230681,202609031729277950,202609031729277737,97,5958,P1 Forms E&M Form Pregnancy Bronze - V12,br_samms_eandm_form_pregnancy,TASK_COMPLETE,SUCCESS,INFO,1049,1049,0,,2026-09-03T17:29:32.843Z,2026-09-03T18:13:30.795Z,2638,2026-09-03T18:13:30.795Z,V12,VCPHCS-XII-DowntownDenver,94249231-24a1-492e-97bf-dcd504ea599a,SAMMS-VCPHCS-XII-DowntownDenverV5
202609031813230682,202609031729277951,202609031729277737,97,5959,P1 Forms E&M Form Pregnancy Bronze - V12A,br_samms_eandm_form_pregnancy,TASK_COMPLETE,SUCCESS,INFO,514,514,0,,2026-09-03T17:29:32.843Z,2026-09-03T18:13:30.795Z,2638,2026-09-03T18:13:30.795Z,V12A,Centennial,94249231-24a1-492e-97bf-dcd504ea599a,SAMMS-CentennialV5
202609031813230683,202609031729277952,202609031729277737,97,5960,P1 Forms E&M Form Pregnancy Bronze - V14,br_samms_eandm_form_pregnancy,TASK_COMPLETE,SUCCESS,INFO,346,346,0,,2026-09-03T17:29:32.843Z,2026-09-03T18:13:30.795Z,2638,2026-09-03T18:13:30.795Z,V14,VCPHCS-XIV-Bridgeway,94249231-24a1-492e-97bf-dcd504ea599a,SAMMS-VCPHCS-XIV-BridgewayV5
202609031813230684,202609031729277953,202609031729277737,97,5961,P1 Forms E&M Form Pregnancy Bronze - V15,br_samms_eandm_form_pregnancy,TASK_COMPLETE,SUCCESS,INFO,612,612,0,,2026-09-03T17:29:32.843Z,2026-09-03T18:13:30.795Z,2638,2026-09-03T18:13:30.795Z,V15,Joplin,94249231-24a1-492e-97bf-dcd504ea599a,SAMMS-JoplinV5
202609031813230685,202609031729277954,202609031729277737,97,5962,P1 Forms E&M Form Pregnancy Bronze - V17,br_samms_eandm_form_pregnancy,TASK_COMPLETE,SUCCESS,INFO,563,563,0,,2026-09-03T17:29:32.843Z,2026-09-03T18:13:30.795Z,2638,2026-09-03T18:13:30.795Z,V17,ColumbiaTN,94249231-24a1-492e-97bf-dcd504ea599a,SAMMS-ColumbiaTNv5
202609031813230686,202609031729277955,202609031729277737,97,5963,P1 Forms E&M Form Pregnancy Bronze - V19,br_samms_eandm_form_pregnancy,TASK_COMPLETE,SUCCESS,INFO,515,515,0,,2026-09-03T17:29:32.843Z,2026-09-03T18:13:30.795Z,2638,2026-09-03T18:13:30.795Z,V19,Jackson,94249231-24a1-492e-97bf-dcd504ea599a,SAMMS-JacksonV5
202609031813230687,202609031729277956,202609031729277737,97,5964,P1 Forms E&M Form Pregnancy Bronze - V20,br_samms_eandm_form_pregnancy,TASK_COMPLETE,SUCCESS,INFO,477,477,0,,2026-09-03T17:29:32.843Z,2026-09-03T18:13:30.795Z,2638,2026-09-03T18:13:30.795Z,V20,Paris,94249231-24a1-492e-97bf-dcd504ea599a,SAMMS-ParisV5
202609031813230688,202609031729277957,202609031729277737,97,5965,P1 Forms E&M Form Pregnancy Bronze - V21,br_samms_eandm_form_pregnancy,TASK_COMPLETE,SUCCESS,INFO,411,411,0,,2026-09-03T17:29:32.843Z,2026-09-03T18:13:30.795Z,2638,2026-09-03T18:13:30.795Z,V21,Raleigh,94249231-24a1-492e-97bf-dcd504ea599a,SAMMS-RaleighV5
202609031813230689,202609031729277958,202609031729277737,97,5966,P1 Forms E&M Form Pregnancy Bronze - V5,br_samms_eandm_form_pregnancy,TASK_COMPLETE,SUCCESS,INFO,708,708,0,,2026-09-03T17:29:32.843Z,2026-09-03T18:13:30.795Z,2638,2026-09-03T18:13:30.795Z,V5,NONTC,94249231-24a1-492e-97bf-dcd504ea599a,SAMMS-NONTCv5
202609031813230690,202609031729277959,202609031729277737,97,5967,P1 Forms E&M Form Pregnancy Bronze - V5B,br_samms_eandm_form_pregnancy,TASK_COMPLETE,SUCCESS,INFO,252,252,0,,2026-09-03T17:29:32.843Z,2026-09-03T18:13:30.795Z,2638,2026-09-03T18:13:30.795Z,V5B,Houma,94249231-24a1-492e-97bf-dcd504ea599a,SAMMS-HoumaV6
202609031813230692,202609031729277960,202609031729277737,97,5968,P1 Forms E&M Form Pregnancy Bronze - V6,br_samms_eandm_form_pregnancy,TASK_COMPLETE,SUCCESS,INFO,915,915,0,,2026-09-03T17:29:32.843Z,2026-09-03T18:13:30.795Z,2638,2026-09-03T18:13:30.795Z,V6,LC,94249231-24a1-492e-97bf-dcd504ea599a,SAMMS-LCv5
202609031813230693,202609031729277961,202609031729277737,97,5969,P1 Forms E&M Form Pregnancy Bronze - V8,br_samms_eandm_form_pregnancy,TASK_COMPLETE,SUCCESS,INFO,839,839,0,,2026-09-03T17:29:32.843Z,2026-09-03T18:13:30.795Z,2638,2026-09-03T18:13:30.795Z,V8,VCPHCS-VIII-Memphis,94249231-24a1-492e-97bf-dcd504ea599a,SAMMS-VCPHCS-VIII-MemphisV5
202609031813230694,202609031729277962,202609031729277737,97,5970,P1 Forms E&M Form Pregnancy Bronze - V9,br_samms_eandm_form_pregnancy,TASK_COMPLETE,SUCCESS,INFO,1836,1836,0,,2026-09-03T17:29:32.843Z,2026-09-03T18:13:30.795Z,2638,2026-09-03T18:13:30.795Z,V9,Nashville,94249231-24a1-492e-97bf-dcd504ea599a,SAMMS-NashvilleV5
202609031813230695,202609031729277963,202609031729277737,97,5971,P1 Forms E&M Form Pregnancy Bronze - VBRA,br_samms_eandm_form_pregnancy,TASK_COMPLETE,SUCCESS,INFO,576,576,0,,2026-09-03T17:29:32.843Z,2026-09-03T18:13:30.795Z,2638,2026-09-03T18:13:30.795Z,VBRA,Brainerd,94249231-24a1-492e-97bf-dcd504ea599a,SAMMS-BrainerdV6
202609031813230696,202609031729277964,202609031729277737,97,5972,P1 Forms E&M Form Pregnancy Bronze - VBRP,br_samms_eandm_form_pregnancy,TASK_COMPLETE,SUCCESS,INFO,1095,1095,0,,2026-09-03T17:29:32.843Z,2026-09-03T18:13:30.795Z,2638,2026-09-03T18:13:30.795Z,VBRP,BrooklynPark,94249231-24a1-492e-97bf-dcd504ea599a,SAMMS-BrooklynParkV6
202609031813230697,202609031729277965,202609031729277737,97,5973,P1 Forms E&M Form Pregnancy Bronze - VMIN,br_samms_eandm_form_pregnancy,TASK_COMPLETE,SUCCESS,INFO,989,989,0,,2026-09-03T17:29:32.843Z,2026-09-03T18:13:30.795Z,2638,2026-09-03T18:13:30.795Z,VMIN,Minneapolis,94249231-24a1-492e-97bf-dcd504ea599a,SAMMS-MinneapolisV6
202609031813230698,202609031729277966,202609031729277737,97,5974,P1 Forms E&M Form Pregnancy Bronze - VWBY,br_samms_eandm_form_pregnancy,TASK_COMPLETE,SUCCESS,INFO,1609,1609,0,,2026-09-03T17:29:32.843Z,2026-09-03T18:13:30.795Z,2638,2026-09-03T18:13:30.795Z,VWBY,Woodbury,94249231-24a1-492e-97bf-dcd504ea599a,SAMMS-WoodburyV6
202609031813230699,202609031729277967,202609031729277737,97,5975,P1 Forms E&M Form Pregnancy Bronze - WIL,br_samms_eandm_form_pregnancy,TASK_COMPLETE,SUCCESS,INFO,495,495,0,,2026-09-03T17:29:32.843Z,2026-09-03T18:13:30.795Z,2638,2026-09-03T18:13:30.795Z,WIL,Wilson,94249231-24a1-492e-97bf-dcd504ea599a,SAMMS-Wilson
202609031813230700,202609031729277968,202609031729277737,97,5978,P1 Forms E&M Form MDM Bronze - AHK,br_samms_eandm_form_mdm,TASK_COMPLETE,SUCCESS,INFO,473,473,0,,2026-09-03T17:29:32.843Z,2026-09-03T18:13:30.795Z,2638,2026-09-03T18:13:30.795Z,AHK,Ahoskie,94249231-24a1-492e-97bf-dcd504ea599a,SAMMS-Ahoskie
202609031813230702,202609031729277969,202609031729277737,97,5979,P1 Forms E&M Form MDM Bronze - B12B,br_samms_eandm_form_mdm,TASK_COMPLETE,SUCCESS,INFO,2947,2947,0,,2026-09-03T17:29:32.843Z,2026-09-03T18:13:30.795Z,2638,2026-09-03T18:13:30.795Z,B12B,ColoradoSprings,94249231-24a1-492e-97bf-dcd504ea599a,SAMMS-ColoradoSpringsV5
202609031813230703,202609031729277970,202609031729277737,97,5980,P1 Forms E&M Form MDM Bronze - B24,br_samms_eandm_form_mdm,TASK_COMPLETE,SUCCESS,INFO,12596,12596,0,,2026-09-03T17:29:32.843Z,2026-09-03T18:13:30.795Z,2638,2026-09-03T18:13:30.795Z,B24,Paintsville,94249231-24a1-492e-97bf-dcd504ea599a,SAMMS-PaintsvilleV5
202609031813230704,202609031729277971,202609031729277737,97,5981,P1 Forms E&M Form MDM Bronze - B25,br_samms_eandm_form_mdm,TASK_COMPLETE,SUCCESS,INFO,2480,2480,0,,2026-09-03T17:29:32.843Z,2026-09-03T18:13:30.795Z,2638,2026-09-03T18:13:30.795Z,B25,Pikeville,94249231-24a1-492e-97bf-dcd504ea599a,SAMMS-PikevilleV5
202609031813230705,202609031729277972,202609031729277737,97,5982,P1 Forms E&M Form MDM Bronze - B26,br_samms_eandm_form_mdm,TASK_COMPLETE,SUCCESS,INFO,6909,6909,0,,2026-09-03T17:29:32.843Z,2026-09-03T18:13:30.795Z,2638,2026-09-03T18:13:30.795Z,B26,Hazard,94249231-24a1-492e-97bf-dcd504ea599a,SAMMS-HazardV5
202609031813230706,202609031729277973,202609031729277737,97,5983,P1 Forms E&M Form MDM Bronze - B27,br_samms_eandm_form_mdm,TASK_COMPLETE,SUCCESS,INFO,3026,3026,0,,2026-09-03T17:29:32.843Z,2026-09-03T18:13:30.795Z,2638,2026-09-03T18:13:30.795Z,B27,Savannah,94249231-24a1-492e-97bf-dcd504ea599a,SAMMS-SavannahV6
202609031813230707,202609031729277974,202609031729277737,97,5984,P1 Forms E&M Form MDM Bronze - B28,br_samms_eandm_form_mdm,TASK_COMPLETE,SUCCESS,INFO,1062,1062,0,,2026-09-03T17:29:32.843Z,2026-09-03T18:13:30.795Z,2638,2026-09-03T18:13:30.795Z,B28,WestPlaines,94249231-24a1-492e-97bf-dcd504ea599a,SAMMS-WestPlainesV5
202609031813230708,202609031729277975,202609031729277737,97,5985,P1 Forms E&M Form MDM Bronze - B29,br_samms_eandm_form_mdm,TASK_COMPLETE,SUCCESS,INFO,1269,1269,0,,2026-09-03T17:29:32.843Z,2026-09-03T18:13:30.795Z,2638,2026-09-03T18:13:30.795Z,B29,PoplarBluff,94249231-24a1-492e-97bf-dcd504ea599a,SAMMS-PoplarBluffV5
202609031813230709,202609031729277976,202609031729277737,97,5986,P1 Forms E&M Form MDM Bronze - B30,br_samms_eandm_form_mdm,TASK_COMPLETE,SUCCESS,INFO,791,791,0,,2026-09-03T17:29:32.843Z,2026-09-03T18:13:30.795Z,2638,2026-09-03T18:13:30.795Z,B30,KCN,94249231-24a1-492e-97bf-dcd504ea599a,SAMMS-KCNv5
202609031813230711,202609031729277977,202609031729277737,97,5987,P1 Forms E&M Form MDM Bronze - B31,br_samms_eandm_form_mdm,TASK_COMPLETE,SUCCESS,INFO,5866,5866,0,,2026-09-03T17:29:32.843Z,2026-09-03T18:13:30.795Z,2638,2026-09-03T18:13:30.795Z,B31,Dyersburg,94249231-24a1-492e-97bf-dcd504ea599a,SAMMS-DyersburgV5
202609031813230712,202609031729277978,202609031729277737,97,5988,P1 Forms E&M Form MDM Bronze - B33,br_samms_eandm_form_mdm,TASK_COMPLETE,SUCCESS,INFO,7361,7361,0,,2026-09-03T17:29:32.843Z,2026-09-03T18:13:30.795Z,2638,2026-09-03T18:13:30.795Z,B33,Paducah,94249231-24a1-492e-97bf-dcd504ea599a,SAMMS-Paducah
202609031813230713,202609031729277979,202609031729277737,97,5989,P1 Forms E&M Form MDM Bronze - B34,br_samms_eandm_form_mdm,TASK_COMPLETE,SUCCESS,INFO,5239,5239,0,,2026-09-03T17:29:32.843Z,2026-09-03T18:13:30.795Z,2638,2026-09-03T18:13:30.795Z,B34,Corbin,94249231-24a1-492e-97bf-dcd504ea599a,SAMMS-CorbinV5
202609031813230714,202609031729277980,202609031729277737,97,5990,P1 Forms E&M Form MDM Bronze - B35,br_samms_eandm_form_mdm,TASK_COMPLETE,SUCCESS,INFO,6838,6838,0,,2026-09-03T17:29:32.843Z,2026-09-03T18:13:30.795Z,2638,2026-09-03T18:13:30.795Z,B35,Lexington,94249231-24a1-492e-97bf-dcd504ea599a,SAMMS-LexingtonV5
202609031813230715,202609031729277981,202609031729277737,97,5991,P1 Forms E&M Form MDM Bronze - B35A,br_samms_eandm_form_mdm,TASK_COMPLETE,SUCCESS,INFO,2982,2982,0,,2026-09-03T17:29:32.843Z,2026-09-03T18:13:30.795Z,2638,2026-09-03T18:13:30.795Z,B35A,Berea,94249231-24a1-492e-97bf-dcd504ea599a,SAMMS-BereaV5
202609031813230716,202609031729277982,202609031729277737,97,5992,P1 Forms E&M Form MDM Bronze - B36,br_samms_eandm_form_mdm,TASK_COMPLETE,SUCCESS,INFO,4102,4102,0,,2026-09-03T17:29:32.843Z,2026-09-03T18:13:30.795Z,2638,2026-09-03T18:13:30.795Z,B36,Asheville,94249231-24a1-492e-97bf-dcd504ea599a,SAMMS-AshevilleV5
202609031813230717,202609031729277983,202609031729277737,97,5993,P1 Forms E&M Form MDM Bronze - B37,br_samms_eandm_form_mdm,TASK_COMPLETE,SUCCESS,INFO,4944,4944,0,,2026-09-03T17:29:32.843Z,2026-09-03T18:13:30.795Z,2638,2026-09-03T18:13:30.795Z,B37,Clyde,94249231-24a1-492e-97bf-dcd504ea599a,SAMMS-ClydeV5
202609031813230718,202609031729277984,202609031729277737,97,5994,P1 Forms E&M Form MDM Bronze - B38,br_samms_eandm_form_mdm,TASK_COMPLETE,SUCCESS,INFO,4560,4560,0,,2026-09-03T17:29:32.843Z,2026-09-03T18:13:30.795Z,2638,2026-09-03T18:13:30.795Z,B38,Spartanburg,94249231-24a1-492e-97bf-dcd504ea599a,SAMMS-SpartanburgV5
202609031813230719,202609031729277985,202609031729277737,97,5995,P1 Forms E&M Form MDM Bronze - B39,br_samms_eandm_form_mdm,TASK_COMPLETE,SUCCESS,INFO,1315,1315,0,,2026-09-03T17:29:32.843Z,2026-09-03T18:13:30.795Z,2638,2026-09-03T18:13:30.795Z,B39,Aiken,94249231-24a1-492e-97bf-dcd504ea599a,SAMMS-AikenV5
202609031813230721,202609031729277986,202609031729277737,97,5996,P1 Forms E&M Form MDM Bronze - B41,br_samms_eandm_form_mdm,TASK_COMPLETE,SUCCESS,INFO,3744,3744,0,,2026-09-03T17:29:32.843Z,2026-09-03T18:13:30.795Z,2638,2026-09-03T18:13:30.795Z,B41,Chesapeake,94249231-24a1-492e-97bf-dcd504ea599a,SAMMS-ChesapeakeV5
202609031813230722,202609031729277987,202609031729277737,97,5997,P1 Forms E&M Form MDM Bronze - B42,br_samms_eandm_form_mdm,TASK_COMPLETE,SUCCESS,INFO,7132,7132,0,,2026-09-03T17:29:32.843Z,2026-09-03T18:13:30.795Z,2638,2026-09-03T18:13:30.795Z,B42,VirginiaBeach,94249231-24a1-492e-97bf-dcd504ea599a,SAMMS-VirginiaBeachV5
202609031813230723,202609031729277988,202609031729277737,97,5998,P1 Forms E&M Form MDM Bronze - B42A,br_samms_eandm_form_mdm,TASK_COMPLETE,SUCCESS,INFO,2030,2030,0,,2026-09-03T17:29:32.843Z,2026-09-03T18:13:30.795Z,2638,2026-09-03T18:13:30.795Z,B42A,NewportNews,94249231-24a1-492e-97bf-dcd504ea599a,SAMMS-NewportNewsV5
202609031813230724,202609031729277989,202609031729277737,97,5999,P1 Forms E&M Form MDM Bronze - B42B,br_samms_eandm_form_mdm,TASK_COMPLETE,SUCCESS,INFO,455,455,0,,2026-09-03T17:29:32.843Z,2026-09-03T18:13:30.795Z,2638,2026-09-03T18:13:30.795Z,B42B,Franklin,94249231-24a1-492e-97bf-dcd504ea599a,SAMMS-FranklinV5
202609031813230725,202609031729277990,202609031729277737,97,6000,P1 Forms E&M Form MDM Bronze - B42C,br_samms_eandm_form_mdm,TASK_COMPLETE,SUCCESS,INFO,1335,1335,0,,2026-09-03T17:29:32.843Z,2026-09-03T18:13:30.795Z,2638,2026-09-03T18:13:30.795Z,B42C,GlenAllen,94249231-24a1-492e-97bf-dcd504ea599a,SAMMS-GlenAllenV5
202609031813230726,202609031729277991,202609031729277737,97,6001,P1 Forms E&M Form MDM Bronze - B42D,br_samms_eandm_form_mdm,TASK_COMPLETE,SUCCESS,INFO,2039,2039,0,,2026-09-03T17:29:32.843Z,2026-09-03T18:13:30.795Z,2638,2026-09-03T18:13:30.795Z,B42D,ChesapeakeSouth,94249231-24a1-492e-97bf-dcd504ea599a,SAMMS-ChesapeakeSouthV5
202609031813230727,202609031729277992,202609031729277737,97,6002,P1 Forms E&M Form MDM Bronze - B44,br_samms_eandm_form_mdm,TASK_COMPLETE,SUCCESS,INFO,496,496,0,,2026-09-03T17:29:32.843Z,2026-09-03T18:13:30.795Z,2638,2026-09-03T18:13:30.795Z,B44,Albany,94249231-24a1-492e-97bf-dcd504ea599a,SAMMS-AlbanyV5
202609031813230728,202609031729277993,202609031729277737,97,6003,P1 Forms E&M Form MDM Bronze - B45,br_samms_eandm_form_mdm,TASK_COMPLETE,SUCCESS,INFO,1342,1342,0,,2026-09-03T17:29:32.843Z,2026-09-03T18:13:30.795Z,2638,2026-09-03T18:13:30.795Z,B45,Tifton,94249231-24a1-492e-97bf-dcd504ea599a,SAMMS-TiftonV5
202609031813230800,202609031729278058,202609031729277737,97,6068,P1 Forms E&M Form MDM Bronze - TTCB,br_samms_eandm_form_mdm,TASK_COMPLETE,SUCCESS,INFO,4997,4997,0,,2026-09-03T17:29:32.843Z,2026-09-03T18:13:30.795Z,2638,2026-09-03T18:13:30.795Z,TTCB,Cullman,94249231-24a1-492e-97bf-dcd504ea599a,SAMMS-CullmanV5
202609031813230802,202609031729278059,202609031729277737,97,6069,P1 Forms E&M Form MDM Bronze - TTCC,br_samms_eandm_form_mdm,TASK_COMPLETE,SUCCESS,INFO,1442,1442,0,,2026-09-03T17:29:32.843Z,2026-09-03T18:13:30.795Z,2638,2026-09-03T18:13:30.795Z,TTCC,GrandBay,94249231-24a1-492e-97bf-dcd504ea599a,SAMMS-GrandBay
202609031813230803,202609031729278060,202609031729277737,97,6070,P1 Forms E&M Form MDM Bronze - TU,br_samms_eandm_form_mdm,TASK_COMPLETE,SUCCESS,INFO,342,342,0,,2026-09-03T17:29:32.843Z,2026-09-03T18:13:30.795Z,2638,2026-09-03T18:13:30.795Z,TU,Tucson,94249231-24a1-492e-97bf-dcd504ea599a,SAMMS-Tucson
202609031813230804,202609031729278061,202609031729277737,97,6071,P1 Forms E&M Form MDM Bronze - V1,br_samms_eandm_form_mdm,TASK_COMPLETE,SUCCESS,INFO,2802,2802,0,,2026-09-03T17:29:32.843Z,2026-09-03T18:13:30.795Z,2638,2026-09-03T18:13:30.795Z,V1,VCPHCS-I-Memphis,94249231-24a1-492e-97bf-dcd504ea599a,SAMMS-VCPHCS-I-MemphisV5
202609031813230805,202609031729278062,202609031729277737,97,6072,P1 Forms E&M Form MDM Bronze - V10,br_samms_eandm_form_mdm,TASK_COMPLETE,SUCCESS,INFO,6477,6477,0,,2026-09-03T17:29:32.843Z,2026-09-03T18:13:30.795Z,2638,2026-09-03T18:13:30.795Z,V10,Boulder,94249231-24a1-492e-97bf-dcd504ea599a,SAMMS-BoulderV5
202609031813230806,202609031729278063,202609031729277737,97,6073,P1 Forms E&M Form MDM Bronze - V10A,br_samms_eandm_form_mdm,TASK_COMPLETE,SUCCESS,INFO,9260,9260,0,,2026-09-03T17:29:32.843Z,2026-09-03T18:13:30.795Z,2638,2026-09-03T18:13:30.795Z,V10A,FortCollins,94249231-24a1-492e-97bf-dcd504ea599a,SAMMS-FortCollinsV5
202609031813230807,202609031729278064,202609031729277737,97,6074,P1 Forms E&M Form MDM Bronze - V11,br_samms_eandm_form_mdm,TASK_COMPLETE,SUCCESS,INFO,6842,6842,0,,2026-09-03T17:29:32.843Z,2026-09-03T18:13:30.795Z,2638,2026-09-03T18:13:30.795Z,V11,VCPHCS-XI-NorthDenver,94249231-24a1-492e-97bf-dcd504ea599a,SAMMS-VCPHCS-XI-NorthDenverV5
202609031813230808,202609031729278065,202609031729277737,97,6075,P1 Forms E&M Form MDM Bronze - V12,br_samms_eandm_form_mdm,TASK_COMPLETE,SUCCESS,INFO,8228,8228,0,,2026-09-03T17:29:32.843Z,2026-09-03T18:13:30.795Z,2638,2026-09-03T18:13:30.795Z,V12,VCPHCS-XII-DowntownDenver,94249231-24a1-492e-97bf-dcd504ea599a,SAMMS-VCPHCS-XII-DowntownDenverV5
202609031813230809,202609031729278066,202609031729277737,97,6076,P1 Forms E&M Form MDM Bronze - V12A,br_samms_eandm_form_mdm,TASK_COMPLETE,SUCCESS,INFO,3841,3841,0,,2026-09-03T17:29:32.843Z,2026-09-03T18:13:30.795Z,2638,2026-09-03T18:13:30.795Z,V12A,Centennial,94249231-24a1-492e-97bf-dcd504ea599a,SAMMS-CentennialV5
202609031813230810,202609031729278067,202609031729277737,97,6077,P1 Forms E&M Form MDM Bronze - V14,br_samms_eandm_form_mdm,TASK_COMPLETE,SUCCESS,INFO,1143,1143,0,,2026-09-03T17:29:32.843Z,2026-09-03T18:13:30.795Z,2638,2026-09-03T18:13:30.795Z,V14,VCPHCS-XIV-Bridgeway,94249231-24a1-492e-97bf-dcd504ea599a,SAMMS-VCPHCS-XIV-BridgewayV5
202609031813230812,202609031729278068,202609031729277737,97,6078,P1 Forms E&M Form MDM Bronze - V15,br_samms_eandm_form_mdm,TASK_COMPLETE,SUCCESS,INFO,2675,2675,0,,2026-09-03T17:29:32.843Z,2026-09-03T18:13:30.795Z,2638,2026-09-03T18:13:30.795Z,V15,Joplin,94249231-24a1-492e-97bf-dcd504ea599a,SAMMS-JoplinV5
202609031813230813,202609031729278069,202609031729277737,97,6079,P1 Forms E&M Form MDM Bronze - V17,br_samms_eandm_form_mdm,TASK_COMPLETE,SUCCESS,INFO,3611,3611,0,,2026-09-03T17:29:32.843Z,2026-09-03T18:13:30.795Z,2638,2026-09-03T18:13:30.795Z,V17,ColumbiaTN,94249231-24a1-492e-97bf-dcd504ea599a,SAMMS-ColumbiaTNv5
202609031813230814,202609031729278070,202609031729277737,97,6080,P1 Forms E&M Form MDM Bronze - V19,br_samms_eandm_form_mdm,TASK_COMPLETE,SUCCESS,INFO,4325,4325,0,,2026-09-03T17:29:32.843Z,2026-09-03T18:13:30.795Z,2638,2026-09-03T18:13:30.795Z,V19,Jackson,94249231-24a1-492e-97bf-dcd504ea599a,SAMMS-JacksonV5
202609031813230815,202609031729278071,202609031729277737,97,6081,P1 Forms E&M Form MDM Bronze - V20,br_samms_eandm_form_mdm,TASK_COMPLETE,SUCCESS,INFO,5855,5855,0,,2026-09-03T17:29:32.843Z,2026-09-03T18:13:30.795Z,2638,2026-09-03T18:13:30.795Z,V20,Paris,94249231-24a1-492e-97bf-dcd504ea599a,SAMMS-ParisV5
202609031813230816,202609031729278072,202609031729277737,97,6082,P1 Forms E&M Form MDM Bronze - V21,br_samms_eandm_form_mdm,TASK_COMPLETE,SUCCESS,INFO,5022,5022,0,,2026-09-03T17:29:32.843Z,2026-09-03T18:13:30.795Z,2638,2026-09-03T18:13:30.795Z,V21,Raleigh,94249231-24a1-492e-97bf-dcd504ea599a,SAMMS-RaleighV5
202609031813230817,202609031729278073,202609031729277737,97,6083,P1 Forms E&M Form MDM Bronze - V5,br_samms_eandm_form_mdm,TASK_COMPLETE,SUCCESS,INFO,1135,1135,0,,2026-09-03T17:29:32.843Z,2026-09-03T18:13:30.795Z,2638,2026-09-03T18:13:30.795Z,V5,NONTC,94249231-24a1-492e-97bf-dcd504ea599a,SAMMS-NONTCv5
202609031813230818,202609031729278074,202609031729277737,97,6084,P1 Forms E&M Form MDM Bronze - V5B,br_samms_eandm_form_mdm,TASK_COMPLETE,SUCCESS,INFO,937,937,0,,2026-09-03T17:29:32.843Z,2026-09-03T18:13:30.795Z,2638,2026-09-03T18:13:30.795Z,V5B,Houma,94249231-24a1-492e-97bf-dcd504ea599a,SAMMS-HoumaV6
202609031813230819,202609031729278075,202609031729277737,97,6085,P1 Forms E&M Form MDM Bronze - V6,br_samms_eandm_form_mdm,TASK_COMPLETE,SUCCESS,INFO,5218,5218,0,,2026-09-03T17:29:32.843Z,2026-09-03T18:13:30.795Z,2638,2026-09-03T18:13:30.795Z,V6,LC,94249231-24a1-492e-97bf-dcd504ea599a,SAMMS-LCv5
202609031813230821,202609031729278076,202609031729277737,97,6086,P1 Forms E&M Form MDM Bronze - V8,br_samms_eandm_form_mdm,TASK_COMPLETE,SUCCESS,INFO,7483,7483,0,,2026-09-03T17:29:32.843Z,2026-09-03T18:13:30.795Z,2638,2026-09-03T18:13:30.795Z,V8,VCPHCS-VIII-Memphis,94249231-24a1-492e-97bf-dcd504ea599a,SAMMS-VCPHCS-VIII-MemphisV5
202609031813230822,202609031729278077,202609031729277737,97,6087,P1 Forms E&M Form MDM Bronze - V9,br_samms_eandm_form_mdm,TASK_COMPLETE,SUCCESS,INFO,9448,9448,0,,2026-09-03T17:29:32.843Z,2026-09-03T18:13:30.795Z,2638,2026-09-03T18:13:30.795Z,V9,Nashville,94249231-24a1-492e-97bf-dcd504ea599a,SAMMS-NashvilleV5
202609031813230823,202609031729278078,202609031729277737,97,6088,P1 Forms E&M Form MDM Bronze - VBRA,br_samms_eandm_form_mdm,TASK_COMPLETE,SUCCESS,INFO,1750,1750,0,,2026-09-03T17:29:32.843Z,2026-09-03T18:13:30.795Z,2638,2026-09-03T18:13:30.795Z,VBRA,Brainerd,94249231-24a1-492e-97bf-dcd504ea599a,SAMMS-BrainerdV6
202609031813230824,202609031729278079,202609031729277737,97,6089,P1 Forms E&M Form MDM Bronze - VBRP,br_samms_eandm_form_mdm,TASK_COMPLETE,SUCCESS,INFO,4700,4700,0,,2026-09-03T17:29:32.843Z,2026-09-03T18:13:30.795Z,2638,2026-09-03T18:13:30.795Z,VBRP,BrooklynPark,94249231-24a1-492e-97bf-dcd504ea599a,SAMMS-BrooklynParkV6
202609031813230825,202609031729278080,202609031729277737,97,6090,P1 Forms E&M Form MDM Bronze - VMIN,br_samms_eandm_form_mdm,TASK_COMPLETE,SUCCESS,INFO,3089,3089,0,,2026-09-03T17:29:32.843Z,2026-09-03T18:13:30.795Z,2638,2026-09-03T18:13:30.795Z,VMIN,Minneapolis,94249231-24a1-492e-97bf-dcd504ea599a,SAMMS-MinneapolisV6
202609031813230826,202609031729278081,202609031729277737,97,6091,P1 Forms E&M Form MDM Bronze - VWBY,br_samms_eandm_form_mdm,TASK_COMPLETE,SUCCESS,INFO,8508,8508,0,,2026-09-03T17:29:32.843Z,2026-09-03T18:13:30.795Z,2638,2026-09-03T18:13:30.795Z,VWBY,Woodbury,94249231-24a1-492e-97bf-dcd504ea599a,SAMMS-WoodburyV6
202609031813230827,202609031729278082,202609031729277737,97,6092,P1 Forms E&M Form MDM Bronze - WIL,br_samms_eandm_form_mdm,TASK_COMPLETE,SUCCESS,INFO,2600,2600,0,,2026-09-03T17:29:32.843Z,2026-09-03T18:13:30.795Z,2638,2026-09-03T18:13:30.795Z,WIL,Wilson,94249231-24a1-492e-97bf-dcd504ea599a,SAMMS-Wilson
202609031813230828,202609031729278083,202609031729277737,97,6095,P1 Forms SF Data Forms Bronze - AHK,br_samms_sf_data_forms,TASK_COMPLETE,SUCCESS,INFO,967,967,0,,2026-09-03T17:29:32.843Z,2026-09-03T18:13:30.795Z,2638,2026-09-03T18:13:30.795Z,AHK,Ahoskie,94249231-24a1-492e-97bf-dcd504ea599a,SAMMS-Ahoskie
202609031813230830,202609031729278084,202609031729277737,97,6096,P1 Forms SF Data Forms Bronze - B12B,br_samms_sf_data_forms,TASK_COMPLETE,SUCCESS,INFO,2692,2692,0,,2026-09-03T17:29:32.843Z,2026-09-03T18:13:30.795Z,2638,2026-09-03T18:13:30.795Z,B12B,ColoradoSprings,94249231-24a1-492e-97bf-dcd504ea599a,SAMMS-ColoradoSpringsV5
202609031813230831,202609031729278085,202609031729277737,97,6097,P1 Forms SF Data Forms Bronze - B24,br_samms_sf_data_forms,TASK_COMPLETE,SUCCESS,INFO,6242,6242,0,,2026-09-03T17:29:32.843Z,2026-09-03T18:13:30.795Z,2638,2026-09-03T18:13:30.795Z,B24,Paintsville,94249231-24a1-492e-97bf-dcd504ea599a,SAMMS-PaintsvilleV5
202609031813230832,202609031729278086,202609031729277737,97,6098,P1 Forms SF Data Forms Bronze - B25,br_samms_sf_data_forms,TASK_COMPLETE,SUCCESS,INFO,6212,6212,0,,2026-09-03T17:29:32.843Z,2026-09-03T18:13:30.795Z,2638,2026-09-03T18:13:30.795Z,B25,Pikeville,94249231-24a1-492e-97bf-dcd504ea599a,SAMMS-PikevilleV5
202609031813230833,202609031729278087,202609031729277737,97,6099,P1 Forms SF Data Forms Bronze - B26,br_samms_sf_data_forms,TASK_COMPLETE,SUCCESS,INFO,16993,16993,0,,2026-09-03T17:29:32.843Z,2026-09-03T18:13:30.795Z,2638,2026-09-03T18:13:30.795Z,B26,Hazard,94249231-24a1-492e-97bf-dcd504ea599a,SAMMS-HazardV5
202609031813230834,202609031729278088,202609031729277737,97,6100,P1 Forms SF Data Forms Bronze - B27,br_samms_sf_data_forms,TASK_COMPLETE,SUCCESS,INFO,2818,2818,0,,2026-09-03T17:29:32.843Z,2026-09-03T18:13:30.795Z,2638,2026-09-03T18:13:30.795Z,B27,Savannah,94249231-24a1-492e-97bf-dcd504ea599a,SAMMS-SavannahV6
202609031813230835,202609031729278089,202609031729277737,97,6101,P1 Forms SF Data Forms Bronze - B28,br_samms_sf_data_forms,TASK_COMPLETE,SUCCESS,INFO,2028,2028,0,,2026-09-03T17:29:32.843Z,2026-09-03T18:13:30.795Z,2638,2026-09-03T18:13:30.795Z,B28,WestPlaines,94249231-24a1-492e-97bf-dcd504ea599a,SAMMS-WestPlainesV5
202609031813230836,202609031729278090,202609031729277737,97,6102,P1 Forms SF Data Forms Bronze - B29,br_samms_sf_data_forms,TASK_COMPLETE,SUCCESS,INFO,3174,3174,0,,2026-09-03T17:29:32.843Z,2026-09-03T18:13:30.795Z,2638,2026-09-03T18:13:30.795Z,B29,PoplarBluff,94249231-24a1-492e-97bf-dcd504ea599a,SAMMS-PoplarBluffV5
202609031813230837,202609031729278091,202609031729277737,97,6103,P1 Forms SF Data Forms Bronze - B30,br_samms_sf_data_forms,TASK_COMPLETE,SUCCESS,INFO,1914,1914,0,,2026-09-03T17:29:32.843Z,2026-09-03T18:13:30.795Z,2638,2026-09-03T18:13:30.795Z,B30,KCN,94249231-24a1-492e-97bf-dcd504ea599a,SAMMS-KCNv5
202609031813230838,202609031729278092,202609031729277737,97,6104,P1 Forms SF Data Forms Bronze - B31,br_samms_sf_data_forms,TASK_COMPLETE,SUCCESS,INFO,6055,6055,0,,2026-09-03T17:29:32.843Z,2026-09-03T18:13:30.795Z,2638,2026-09-03T18:13:30.795Z,B31,Dyersburg,94249231-24a1-492e-97bf-dcd504ea599a,SAMMS-DyersburgV5
202609031813230840,202609031729278093,202609031729277737,97,6105,P1 Forms SF Data Forms Bronze - B33,br_samms_sf_data_forms,TASK_COMPLETE,SUCCESS,INFO,5415,5415,0,,2026-09-03T17:29:32.843Z,2026-09-03T18:13:30.795Z,2638,2026-09-03T18:13:30.795Z,B33,Paducah,94249231-24a1-492e-97bf-dcd504ea599a,SAMMS-Paducah
202609031813230841,202609031729278094,202609031729277737,97,6106,P1 Forms SF Data Forms Bronze - B34,br_samms_sf_data_forms,TASK_COMPLETE,SUCCESS,INFO,8588,8588,0,,2026-09-03T17:29:32.843Z,2026-09-03T18:13:30.795Z,2638,2026-09-03T18:13:30.795Z,B34,Corbin,94249231-24a1-492e-97bf-dcd504ea599a,SAMMS-CorbinV5
202609031813230842,202609031729278095,202609031729277737,97,6107,P1 Forms SF Data Forms Bronze - B35,br_samms_sf_data_forms,TASK_COMPLETE,SUCCESS,INFO,12327,12327,0,,2026-09-03T17:29:32.843Z,2026-09-03T18:13:30.795Z,2638,2026-09-03T18:13:30.795Z,B35,Lexington,94249231-24a1-492e-97bf-dcd504ea599a,SAMMS-LexingtonV5
202609031813230843,202609031729278096,202609031729277737,97,6108,P1 Forms SF Data Forms Bronze - B35A,br_samms_sf_data_forms,TASK_COMPLETE,SUCCESS,INFO,2928,2928,0,,2026-09-03T17:29:32.843Z,2026-09-03T18:13:30.795Z,2638,2026-09-03T18:13:30.795Z,B35A,Berea,94249231-24a1-492e-97bf-dcd504ea599a,SAMMS-BereaV5
202609031813230844,202609031729278097,202609031729277737,97,6109,P1 Forms SF Data Forms Bronze - B36,br_samms_sf_data_forms,TASK_COMPLETE,SUCCESS,INFO,4969,4969,0,,2026-09-03T17:29:32.843Z,2026-09-03T18:13:30.795Z,2638,2026-09-03T18:13:30.795Z,B36,Asheville,94249231-24a1-492e-97bf-dcd504ea599a,SAMMS-AshevilleV5
202609031813230845,202609031729278098,202609031729277737,97,6110,P1 Forms SF Data Forms Bronze - B37,br_samms_sf_data_forms,TASK_COMPLETE,SUCCESS,INFO,3164,3164,0,,2026-09-03T17:29:32.843Z,2026-09-03T18:13:30.795Z,2638,2026-09-03T18:13:30.795Z,B37,Clyde,94249231-24a1-492e-97bf-dcd504ea599a,SAMMS-ClydeV5
202609031813230846,202609031729278099,202609031729277737,97,6111,P1 Forms SF Data Forms Bronze - B38,br_samms_sf_data_forms,TASK_COMPLETE,SUCCESS,INFO,6285,6285,0,,2026-09-03T17:29:32.843Z,2026-09-03T18:13:30.795Z,2638,2026-09-03T18:13:30.795Z,B38,Spartanburg,94249231-24a1-492e-97bf-dcd504ea599a,SAMMS-SpartanburgV5
202609031813230847,202609031729278100,202609031729277737,97,6112,P1 Forms SF Data Forms Bronze - B39,br_samms_sf_data_forms,TASK_COMPLETE,SUCCESS,INFO,3169,3169,0,,2026-09-03T17:29:32.843Z,2026-09-03T18:13:30.795Z,2638,2026-09-03T18:13:30.795Z,B39,Aiken,94249231-24a1-492e-97bf-dcd504ea599a,SAMMS-AikenV5
202609031813230849,202609031729278101,202609031729277737,97,6113,P1 Forms SF Data Forms Bronze - B41,br_samms_sf_data_forms,TASK_COMPLETE,SUCCESS,INFO,6241,6241,0,,2026-09-03T17:29:32.843Z,2026-09-03T18:13:30.795Z,2638,2026-09-03T18:13:30.795Z,B41,Chesapeake,94249231-24a1-492e-97bf-dcd504ea599a,SAMMS-ChesapeakeV5
202609031813230850,202609031729278102,202609031729277737,97,6114,P1 Forms SF Data Forms Bronze - B42,br_samms_sf_data_forms,TASK_COMPLETE,SUCCESS,INFO,8245,8245,0,,2026-09-03T17:29:32.843Z,2026-09-03T18:13:30.795Z,2638,2026-09-03T18:13:30.795Z,B42,VirginiaBeach,94249231-24a1-492e-97bf-dcd504ea599a,SAMMS-VirginiaBeachV5
202609031813230851,202609031729278103,202609031729277737,97,6115,P1 Forms SF Data Forms Bronze - B42A,br_samms_sf_data_forms,TASK_COMPLETE,SUCCESS,INFO,5148,5148,0,,2026-09-03T17:29:32.843Z,2026-09-03T18:13:30.795Z,2638,2026-09-03T18:13:30.795Z,B42A,NewportNews,94249231-24a1-492e-97bf-dcd504ea599a,SAMMS-NewportNewsV5
202609031813230852,202609031729278104,202609031729277737,97,6116,P1 Forms SF Data Forms Bronze - B42B,br_samms_sf_data_forms,TASK_COMPLETE,SUCCESS,INFO,1230,1230,0,,2026-09-03T17:29:32.843Z,2026-09-03T18:13:30.795Z,2638,2026-09-03T18:13:30.795Z,B42B,Franklin,94249231-24a1-492e-97bf-dcd504ea599a,SAMMS-FranklinV5
202609031813230853,202609031729278105,202609031729277737,97,6117,P1 Forms SF Data Forms Bronze - B42C,br_samms_sf_data_forms,TASK_COMPLETE,SUCCESS,INFO,5691,5691,0,,2026-09-03T17:29:32.843Z,2026-09-03T18:13:30.795Z,2638,2026-09-03T18:13:30.795Z,B42C,GlenAllen,94249231-24a1-492e-97bf-dcd504ea599a,SAMMS-GlenAllenV5
202609031813230854,202609031729278106,202609031729277737,97,6118,P1 Forms SF Data Forms Bronze - B42D,br_samms_sf_data_forms,TASK_COMPLETE,SUCCESS,INFO,4543,4543,0,,2026-09-03T17:29:32.843Z,2026-09-03T18:13:30.795Z,2638,2026-09-03T18:13:30.795Z,B42D,ChesapeakeSouth,94249231-24a1-492e-97bf-dcd504ea599a,SAMMS-ChesapeakeSouthV5
202609031813230855,202609031729278107,202609031729277737,97,6119,P1 Forms SF Data Forms Bronze - B44,br_samms_sf_data_forms,TASK_COMPLETE,SUCCESS,INFO,2553,2553,0,,2026-09-03T17:29:32.843Z,2026-09-03T18:13:30.795Z,2638,2026-09-03T18:13:30.795Z,B44,Albany,94249231-24a1-492e-97bf-dcd504ea599a,SAMMS-AlbanyV5
202609031813230856,202609031729278108,202609031729277737,97,6120,P1 Forms SF Data Forms Bronze - B45,br_samms_sf_data_forms,TASK_COMPLETE,SUCCESS,INFO,5021,5021,0,,2026-09-03T17:29:32.843Z,2026-09-03T18:13:30.795Z,2638,2026-09-03T18:13:30.795Z,B45,Tifton,94249231-24a1-492e-97bf-dcd504ea599a,SAMMS-TiftonV5
202609031813230857,202609031729278109,202609031729277737,97,6121,P1 Forms SF Data Forms Bronze - B46,br_samms_sf_data_forms,TASK_COMPLETE,SUCCESS,INFO,8963,8963,0,,2026-09-03T17:29:32.843Z,2026-09-03T18:13:30.795Z,2638,2026-09-03T18:13:30.795Z,B46,WashingtonDC,94249231-24a1-492e-97bf-dcd504ea599a,SAMMS-WashingtonDCv5
202609031813230858,202609031729278110,202609031729277737,97,6122,P1 Forms SF Data Forms Bronze - B47,br_samms_sf_data_forms,TASK_COMPLETE,SUCCESS,INFO,7039,7039,0,,2026-09-03T17:29:32.843Z,2026-09-03T18:13:30.795Z,2638,2026-09-03T18:13:30.795Z,B47,Mobile,94249231-24a1-492e-97bf-dcd504ea599a,SAMMS-MobileV5
202609031813230860,202609031729278111,202609031729277737,97,6123,P1 Forms SF Data Forms Bronze - B48,br_samms_sf_data_forms,TASK_COMPLETE,SUCCESS,INFO,5379,5379,0,,2026-09-03T17:29:32.843Z,2026-09-03T18:13:30.795Z,2638,2026-09-03T18:13:30.795Z,B48,Tuscaloosa,94249231-24a1-492e-97bf-dcd504ea599a,SAMMS-TuscaloosaV5
202609031813230861,202609031729278112,202609031729277737,97,6124,P1 Forms SF Data Forms Bronze - B51,br_samms_sf_data_forms,TASK_COMPLETE,SUCCESS,INFO,2898,2898,0,,2026-09-03T17:29:32.843Z,2026-09-03T18:13:30.795Z,2638,2026-09-03T18:13:30.795Z,B51,NorthLittleRock,94249231-24a1-492e-97bf-dcd504ea599a,SAMMS-NorthLittleRockV6
202609031813230862,202609031729278113,202609031729277737,97,6125,P1 Forms SF Data Forms Bronze - B52,br_samms_sf_data_forms,TASK_COMPLETE,SUCCESS,INFO,3042,3042,0,,2026-09-03T17:29:32.843Z,2026-09-03T18:13:30.795Z,2638,2026-09-03T18:13:30.795Z,B52,JacksonGA,94249231-24a1-492e-97bf-dcd504ea599a,SAMMS-JacksonGAV5
202609031813230863,202609031729278114,202609031729277737,97,6126,P1 Forms SF Data Forms Bronze - B54,br_samms_sf_data_forms,TASK_COMPLETE,SUCCESS,INFO,4809,4809,0,,2026-09-03T17:29:32.843Z,2026-09-03T18:13:30.795Z,2638,2026-09-03T18:13:30.795Z,B54,Gadsden,94249231-24a1-492e-97bf-dcd504ea599a,SAMMS-GadsdenV5
202609031813230864,202609031729278115,202609031729277737,97,6127,P1 Forms SF Data Forms Bronze - B55,br_samms_sf_data_forms,TASK_COMPLETE,SUCCESS,INFO,6750,6750,0,,2026-09-03T17:29:32.843Z,2026-09-03T18:13:30.795Z,2638,2026-09-03T18:13:30.795Z,B55,Shoals,94249231-24a1-492e-97bf-dcd504ea599a,SAMMS-ShoalsV5
202609031813230865,202609031729278116,202609031729277737,97,6128,P1 Forms SF Data Forms Bronze - B57,br_samms_sf_data_forms,TASK_COMPLETE,SUCCESS,INFO,2567,2567,0,,2026-09-03T17:29:32.843Z,2026-09-03T18:13:30.795Z,2638,2026-09-03T18:13:30.795Z,B57,Pawtucket,94249231-24a1-492e-97bf-dcd504ea599a,SAMMS-Pawtucket
202609031813230866,202609031729278117,202609031729277737,97,6129,P1 Forms SF Data Forms Bronze - B57A,br_samms_sf_data_forms,TASK_COMPLETE,SUCCESS,INFO,3814,3814,0,,2026-09-03T17:29:32.843Z,2026-09-03T18:13:30.795Z,2638,2026-09-03T18:13:30.795Z,B57A,Johnston,94249231-24a1-492e-97bf-dcd504ea599a,SAMMS-Johnston
202609031813230867,202609031729278118,202609031729277737,97,6130,P1 Forms SF Data Forms Bronze - B57B,br_samms_sf_data_forms,TASK_COMPLETE,SUCCESS,INFO,1286,1286,0,,2026-09-03T17:29:32.843Z,2026-09-03T18:13:30.795Z,2638,2026-09-03T18:13:30.795Z,B57B,Middletown,94249231-24a1-492e-97bf-dcd504ea599a,SAMMS-Middletown
202609031813230868,202609031729278119,202609031729277737,97,6131,P1 Forms SF Data Forms Bronze - B57C,br_samms_sf_data_forms,TASK_COMPLETE,SUCCESS,INFO,2708,2708,0,,2026-09-03T17:29:32.843Z,2026-09-03T18:13:30.795Z,2638,2026-09-03T18:13:30.795Z,B57C,Providence,94249231-24a1-492e-97bf-dcd504ea599a,SAMMS-Providence
202609031813230870,202609031729278120,202609031729277737,97,6132,P1 Forms SF Data Forms Bronze - B57D,br_samms_sf_data_forms,TASK_COMPLETE,SUCCESS,INFO,2707,2707,0,,2026-09-03T17:29:32.843Z,2026-09-03T18:13:30.795Z,2638,2026-09-03T18:13:30.795Z,B57D,Westerly,94249231-24a1-492e-97bf-dcd504ea599a,SAMMS-Westerly
202609031813230871,202609031729278121,202609031729277737,97,6133,P1 Forms SF Data Forms Bronze - B66A,br_samms_sf_data_forms,TASK_COMPLETE,SUCCESS,INFO,2571,2571,0,,2026-09-03T17:29:32.843Z,2026-09-03T18:13:30.795Z,2638,2026-09-03T18:13:30.795Z,B66A,Bremen,94249231-24a1-492e-97bf-dcd504ea599a,SAMMS-Bremen
202609031813231373,202609031729278570,202609031729277737,97,6590,P1 Forms Take Home Risk Assessment Bronze - B47,br_samms_take_home_risk_assessment,TASK_COMPLETE,SUCCESS,INFO,1027,1027,0,,2026-09-03T17:29:32.843Z,2026-09-03T18:13:30.795Z,2638,2026-09-03T18:13:30.795Z,B47,Mobile,94249231-24a1-492e-97bf-dcd504ea599a,SAMMS-MobileV5
202609031813231374,202609031729278571,202609031729277737,97,6591,P1 Forms Take Home Risk Assessment Bronze - B48,br_samms_take_home_risk_assessment,TASK_COMPLETE,SUCCESS,INFO,1273,1273,0,,2026-09-03T17:29:32.843Z,2026-09-03T18:13:30.795Z,2638,2026-09-03T18:13:30.795Z,B48,Tuscaloosa,94249231-24a1-492e-97bf-dcd504ea599a,SAMMS-TuscaloosaV5
202609031813231375,202609031729278572,202609031729277737,97,6592,P1 Forms Take Home Risk Assessment Bronze - B51,br_samms_take_home_risk_assessment,TASK_COMPLETE,SUCCESS,INFO,1,1,0,,2026-09-03T17:29:32.843Z,2026-09-03T18:13:30.795Z,2638,2026-09-03T18:13:30.795Z,B51,NorthLittleRock,94249231-24a1-492e-97bf-dcd504ea599a,SAMMS-NorthLittleRockV6
202609031813231376,202609031729278573,202609031729277737,97,6593,P1 Forms Take Home Risk Assessment Bronze - B52,br_samms_take_home_risk_assessment,TASK_COMPLETE,SUCCESS,INFO,680,680,0,,2026-09-03T17:29:32.843Z,2026-09-03T18:13:30.795Z,2638,2026-09-03T18:13:30.795Z,B52,JacksonGA,94249231-24a1-492e-97bf-dcd504ea599a,SAMMS-JacksonGAV5
202609031813231377,202609031729278574,202609031729277737,97,6594,P1 Forms Take Home Risk Assessment Bronze - B54,br_samms_take_home_risk_assessment,TASK_COMPLETE,SUCCESS,INFO,1561,1561,0,,2026-09-03T17:29:32.843Z,2026-09-03T18:13:30.795Z,2638,2026-09-03T18:13:30.795Z,B54,Gadsden,94249231-24a1-492e-97bf-dcd504ea599a,SAMMS-GadsdenV5
202609031813231378,202609031729278575,202609031729277737,97,6595,P1 Forms Take Home Risk Assessment Bronze - B55,br_samms_take_home_risk_assessment,TASK_COMPLETE,SUCCESS,INFO,8552,8552,0,,2026-09-03T17:29:32.843Z,2026-09-03T18:13:30.795Z,2638,2026-09-03T18:13:30.795Z,B55,Shoals,94249231-24a1-492e-97bf-dcd504ea599a,SAMMS-ShoalsV5
202609031813231379,202609031729278576,202609031729277737,97,6596,P1 Forms Take Home Risk Assessment Bronze - B57,br_samms_take_home_risk_assessment,TASK_COMPLETE,SUCCESS,INFO,247,247,0,,2026-09-03T17:29:32.843Z,2026-09-03T18:13:30.795Z,2638,2026-09-03T18:13:30.795Z,B57,Pawtucket,94249231-24a1-492e-97bf-dcd504ea599a,SAMMS-Pawtucket
202609031813231380,202609031729278577,202609031729277737,97,6597,P1 Forms Take Home Risk Assessment Bronze - B57A,br_samms_take_home_risk_assessment,TASK_COMPLETE,SUCCESS,INFO,291,291,0,,2026-09-03T17:29:32.843Z,2026-09-03T18:13:30.795Z,2638,2026-09-03T18:13:30.795Z,B57A,Johnston,94249231-24a1-492e-97bf-dcd504ea599a,SAMMS-Johnston
202609031813231381,202609031729278578,202609031729277737,97,6598,P1 Forms Take Home Risk Assessment Bronze - B57B,br_samms_take_home_risk_assessment,TASK_COMPLETE,SUCCESS,INFO,61,61,0,,2026-09-03T17:29:32.843Z,2026-09-03T18:13:30.795Z,2638,2026-09-03T18:13:30.795Z,B57B,Middletown,94249231-24a1-492e-97bf-dcd504ea599a,SAMMS-Middletown
202609031813231383,202609031729278579,202609031729277737,97,6599,P1 Forms Take Home Risk Assessment Bronze - B57C,br_samms_take_home_risk_assessment,TASK_COMPLETE,SUCCESS,INFO,218,218,0,,2026-09-03T17:29:32.843Z,2026-09-03T18:13:30.795Z,2638,2026-09-03T18:13:30.795Z,B57C,Providence,94249231-24a1-492e-97bf-dcd504ea599a,SAMMS-Providence
202609031813231384,202609031729278580,202609031729277737,97,6600,P1 Forms Take Home Risk Assessment Bronze - B57D,br_samms_take_home_risk_assessment,TASK_COMPLETE,SUCCESS,INFO,427,427,0,,2026-09-03T17:29:32.843Z,2026-09-03T18:13:30.795Z,2638,2026-09-03T18:13:30.795Z,B57D,Westerly,94249231-24a1-492e-97bf-dcd504ea599a,SAMMS-Westerly
202609031813231385,202609031729278581,202609031729277737,97,6601,P1 Forms Take Home Risk Assessment Bronze - B66A,br_samms_take_home_risk_assessment,TASK_COMPLETE,SUCCESS,INFO,0,0,0,,2026-09-03T17:29:32.843Z,2026-09-03T18:13:30.795Z,2638,2026-09-03T18:13:30.795Z,B66A,Bremen,94249231-24a1-492e-97bf-dcd504ea599a,SAMMS-Bremen
202609031813231386,202609031729278582,202609031729277737,97,6602,P1 Forms Take Home Risk Assessment Bronze - B72,br_samms_take_home_risk_assessment,TASK_COMPLETE,SUCCESS,INFO,0,0,0,,2026-09-03T17:29:32.843Z,2026-09-03T18:13:30.795Z,2638,2026-09-03T18:13:30.795Z,B72,Mobile-OBOT,94249231-24a1-492e-97bf-dcd504ea599a,SAMMS-Mobile-OBOT
202609031813231387,202609031729278583,202609031729277737,97,6603,P1 Forms Take Home Risk Assessment Bronze - B73,br_samms_take_home_risk_assessment,TASK_COMPLETE,SUCCESS,INFO,0,0,0,,2026-09-03T17:29:32.843Z,2026-09-03T18:13:30.795Z,2638,2026-09-03T18:13:30.795Z,B73,Montgomery,94249231-24a1-492e-97bf-dcd504ea599a,SAMMS-Montgomery
202609031813231388,202609031729278584,202609031729277737,97,6604,P1 Forms Take Home Risk Assessment Bronze - B75,br_samms_take_home_risk_assessment,TASK_COMPLETE,SUCCESS,INFO,3,3,0,,2026-09-03T17:29:32.843Z,2026-09-03T18:13:30.795Z,2638,2026-09-03T18:13:30.795Z,B75,Lawrence,94249231-24a1-492e-97bf-dcd504ea599a,SAMMS-LawrenceV6
202609031813231389,202609031729278585,202609031729277737,97,6605,P1 Forms Take Home Risk Assessment Bronze - B76,br_samms_take_home_risk_assessment,TASK_COMPLETE,SUCCESS,INFO,0,0,0,,2026-09-03T17:29:32.843Z,2026-09-03T18:13:30.795Z,2638,2026-09-03T18:13:30.795Z,B76,Huntsville-OBOT,94249231-24a1-492e-97bf-dcd504ea599a,SAMMS-Huntsville-OBOT
202609031813231390,202609031729278586,202609031729277737,97,6606,P1 Forms Take Home Risk Assessment Bronze - BAT,br_samms_take_home_risk_assessment,TASK_COMPLETE,SUCCESS,INFO,0,0,0,,2026-09-03T17:29:32.843Z,2026-09-03T18:13:30.795Z,2638,2026-09-03T18:13:30.795Z,BAT,Batesville,94249231-24a1-492e-97bf-dcd504ea599a,SAMMS-Batesville
202609031813231391,202609031729278587,202609031729277737,97,6607,P1 Forms Take Home Risk Assessment Bronze - BG,br_samms_take_home_risk_assessment,TASK_COMPLETE,SUCCESS,INFO,1470,1470,0,,2026-09-03T17:29:32.843Z,2026-09-03T18:13:30.795Z,2638,2026-09-03T18:13:30.795Z,BG,BowlingGreen,94249231-24a1-492e-97bf-dcd504ea599a,SAMMS-BowlingGreen
202609031813231393,202609031729278588,202609031729277737,97,6608,P1 Forms Take Home Risk Assessment Bronze - BOI,br_samms_take_home_risk_assessment,TASK_COMPLETE,SUCCESS,INFO,98,98,0,,2026-09-03T17:29:32.843Z,2026-09-03T18:13:30.795Z,2638,2026-09-03T18:13:30.795Z,BOI,Boise,94249231-24a1-492e-97bf-dcd504ea599a,SAMMS-Boise
202609031813231394,202609031729278589,202609031729277737,97,6609,P1 Forms Take Home Risk Assessment Bronze - CBCO,br_samms_take_home_risk_assessment,TASK_COMPLETE,SUCCESS,INFO,119,119,0,,2026-09-03T17:29:32.843Z,2026-09-03T18:13:30.795Z,2638,2026-09-03T18:13:30.795Z,CBCO,CoeurdAlene,94249231-24a1-492e-97bf-dcd504ea599a,SAMMS-CoeurdAleneV6
202609031813231395,202609031729278590,202609031729277737,97,6610,P1 Forms Take Home Risk Assessment Bronze - CON,br_samms_take_home_risk_assessment,TASK_COMPLETE,SUCCESS,INFO,0,0,0,,2026-09-03T17:29:32.843Z,2026-09-03T18:13:30.795Z,2638,2026-09-03T18:13:30.795Z,CON,Conway,94249231-24a1-492e-97bf-dcd504ea599a,SAMMS-Conway
202609031813231396,202609031729278591,202609031729277737,97,6611,P1 Forms Take Home Risk Assessment Bronze - D07,br_samms_take_home_risk_assessment,TASK_COMPLETE,SUCCESS,INFO,0,0,0,,2026-09-03T17:29:32.843Z,2026-09-03T18:13:30.795Z,2638,2026-09-03T18:13:30.795Z,D07,Knoxville,94249231-24a1-492e-97bf-dcd504ea599a,SAMMS-KnoxvilleV6
202609031813231397,202609031729278592,202609031729277737,97,6612,P1 Forms Take Home Risk Assessment Bronze - D08,br_samms_take_home_risk_assessment,TASK_COMPLETE,SUCCESS,INFO,328,328,0,,2026-09-03T17:29:32.843Z,2026-09-03T18:13:30.795Z,2638,2026-09-03T18:13:30.795Z,D08,Madison,94249231-24a1-492e-97bf-dcd504ea599a,SAMMS-MadisonV6
202609031813231398,202609031729278593,202609031729277737,97,6613,P1 Forms Take Home Risk Assessment Bronze - D09,br_samms_take_home_risk_assessment,TASK_COMPLETE,SUCCESS,INFO,308,308,0,,2026-09-03T17:29:32.843Z,2026-09-03T18:13:30.795Z,2638,2026-09-03T18:13:30.795Z,D09,Murfreesboro,94249231-24a1-492e-97bf-dcd504ea599a,SAMMS-MurfreesboroV6
202609031813231399,202609031729278594,202609031729277737,97,6614,P1 Forms Take Home Risk Assessment Bronze - DA,br_samms_take_home_risk_assessment,TASK_COMPLETE,SUCCESS,INFO,1658,1658,0,,2026-09-03T17:29:32.843Z,2026-09-03T18:13:30.795Z,2638,2026-09-03T18:13:30.795Z,DA,Davenport,94249231-24a1-492e-97bf-dcd504ea599a,SAMMS-Davenport
202609031813231400,202609031729278595,202609031729277737,97,6615,P1 Forms Take Home Risk Assessment Bronze - DM,br_samms_take_home_risk_assessment,TASK_COMPLETE,SUCCESS,INFO,443,443,0,,2026-09-03T17:29:32.843Z,2026-09-03T18:13:30.795Z,2638,2026-09-03T18:13:30.795Z,DM,DesMoines,94249231-24a1-492e-97bf-dcd504ea599a,SAMMS-DesMoines
202609031813231401,202609031729278596,202609031729277737,97,6616,P1 Forms Take Home Risk Assessment Bronze - DRD-CO,br_samms_take_home_risk_assessment,TASK_COMPLETE,SUCCESS,INFO,439,439,0,,2026-09-03T17:29:32.843Z,2026-09-03T18:13:30.795Z,2638,2026-09-03T18:13:30.795Z,DRD-CO,Columbia,94249231-24a1-492e-97bf-dcd504ea599a,SAMMS-ColumbiaV5
202609031813231403,202609031729278597,202609031729277737,97,6617,P1 Forms Take Home Risk Assessment Bronze - DRD-KC,br_samms_take_home_risk_assessment,TASK_COMPLETE,SUCCESS,INFO,1394,1394,0,,2026-09-03T17:29:32.843Z,2026-09-03T18:13:30.795Z,2638,2026-09-03T18:13:30.795Z,DRD-KC,KC,94249231-24a1-492e-97bf-dcd504ea599a,SAMMS-KCv5
202609031813231404,202609031729278598,202609031729277737,97,6618,P1 Forms Take Home Risk Assessment Bronze - DRD-KVB,br_samms_take_home_risk_assessment,TASK_COMPLETE,SUCCESS,INFO,2925,2925,0,,2026-09-03T17:29:32.843Z,2026-09-03T18:13:30.795Z,2638,2026-09-03T18:13:30.795Z,DRD-KVB,KVB,94249231-24a1-492e-97bf-dcd504ea599a,SAMMS-KVBv5
202609031813231405,202609031729278599,202609031729277737,97,6619,P1 Forms Take Home Risk Assessment Bronze - DRD-KVC,br_samms_take_home_risk_assessment,TASK_COMPLETE,SUCCESS,INFO,3961,3961,0,,2026-09-03T17:29:32.843Z,2026-09-03T18:13:30.795Z,2638,2026-09-03T18:13:30.795Z,DRD-KVC,KVC,94249231-24a1-492e-97bf-dcd504ea599a,SAMMS-KVCv5
202609031813231406,202609031729278600,202609031729277737,97,6620,P1 Forms Take Home Risk Assessment Bronze - DRD-NOLA,br_samms_take_home_risk_assessment,TASK_COMPLETE,SUCCESS,INFO,4290,4290,0,,2026-09-03T17:29:32.843Z,2026-09-03T18:13:30.795Z,2638,2026-09-03T18:13:30.795Z,DRD-NOLA,NOLA,94249231-24a1-492e-97bf-dcd504ea599a,SAMMS-NOLAv5
202609031813231407,202609031729278601,202609031729277737,97,6621,P1 Forms Take Home Risk Assessment Bronze - DRD-SF,br_samms_take_home_risk_assessment,TASK_COMPLETE,SUCCESS,INFO,1996,1996,0,,2026-09-03T17:29:32.843Z,2026-09-03T18:13:30.795Z,2638,2026-09-03T18:13:30.795Z,DRD-SF,SF,94249231-24a1-492e-97bf-dcd504ea599a,SAMMS-SFv5
202609031813231408,202609031729278602,202609031729277737,97,6622,P1 Forms Take Home Risk Assessment Bronze - ELC,br_samms_take_home_risk_assessment,TASK_COMPLETE,SUCCESS,INFO,1543,1543,0,,2026-09-03T17:29:32.843Z,2026-09-03T18:13:30.795Z,2638,2026-09-03T18:13:30.795Z,ELC,ElizabethCity,94249231-24a1-492e-97bf-dcd504ea599a,SAMMS-ElizabethCity
202609031813231409,202609031729278603,202609031729277737,97,6623,P1 Forms Take Home Risk Assessment Bronze - ET,br_samms_take_home_risk_assessment,TASK_COMPLETE,SUCCESS,INFO,998,998,0,,2026-09-03T17:29:32.843Z,2026-09-03T18:13:30.795Z,2638,2026-09-03T18:13:30.795Z,ET,Elizabethtown,94249231-24a1-492e-97bf-dcd504ea599a,SAMMS-Elizabethtown
202609031813231410,202609031729278604,202609031729277737,97,6624,P1 Forms Take Home Risk Assessment Bronze - FAY,br_samms_take_home_risk_assessment,TASK_COMPLETE,SUCCESS,INFO,0,0,0,,2026-09-03T17:29:32.843Z,2026-09-03T18:13:30.795Z,2638,2026-09-03T18:13:30.795Z,FAY,Fayetteville,94249231-24a1-492e-97bf-dcd504ea599a,SAMMS-Fayetteville
202609031813231411,202609031729278605,202609031729277737,97,6625,P1 Forms Take Home Risk Assessment Bronze - FR,br_samms_take_home_risk_assessment,TASK_COMPLETE,SUCCESS,INFO,1070,1070,0,,2026-09-03T17:29:32.843Z,2026-09-03T18:13:30.795Z,2638,2026-09-03T18:13:30.795Z,FR,Frankfort,94249231-24a1-492e-97bf-dcd504ea599a,SAMMS-Frankfort
202609031813231413,202609031729278606,202609031729277737,97,6626,P1 Forms Take Home Risk Assessment Bronze - FS,br_samms_take_home_risk_assessment,TASK_COMPLETE,SUCCESS,INFO,0,0,0,,2026-09-03T17:29:32.843Z,2026-09-03T18:13:30.795Z,2638,2026-09-03T18:13:30.795Z,FS,FortSmith,94249231-24a1-492e-97bf-dcd504ea599a,SAMMS-FortSmith
202609031813231414,202609031729278607,202609031729277737,97,6627,P1 Forms Take Home Risk Assessment Bronze - FW,br_samms_take_home_risk_assessment,TASK_COMPLETE,SUCCESS,INFO,1210,1210,0,,2026-09-03T17:29:32.843Z,2026-09-03T18:13:30.795Z,2638,2026-09-03T18:13:30.795Z,FW,FortWayne,94249231-24a1-492e-97bf-dcd504ea599a,SAMMS-FortWayne
202609031813231415,202609031729278608,202609031729277737,97,6628,P1 Forms Take Home Risk Assessment Bronze - GAL,br_samms_take_home_risk_assessment,TASK_COMPLETE,SUCCESS,INFO,241,241,0,,2026-09-03T17:29:32.843Z,2026-09-03T18:13:30.795Z,2638,2026-09-03T18:13:30.795Z,GAL,Gaylord,94249231-24a1-492e-97bf-dcd504ea599a,SAMMS-Gaylord
202609031813231416,202609031729278609,202609031729277737,97,6629,P1 Forms Take Home Risk Assessment Bronze - HGT,br_samms_take_home_risk_assessment,TASK_COMPLETE,SUCCESS,INFO,1492,1492,0,,2026-09-03T17:29:32.843Z,2026-09-03T18:13:30.795Z,2638,2026-09-03T18:13:30.795Z,HGT,Hagerstown,94249231-24a1-492e-97bf-dcd504ea599a,SAMMS-Hagerstown
202609031813231417,202609031729278610,202609031729277737,97,6630,P1 Forms Take Home Risk Assessment Bronze - HNT,br_samms_take_home_risk_assessment,TASK_COMPLETE,SUCCESS,INFO,1684,1684,0,,2026-09-03T17:29:32.843Z,2026-09-03T18:13:30.795Z,2638,2026-09-03T18:13:30.795Z,HNT,Huntsville,94249231-24a1-492e-97bf-dcd504ea599a,SAMMS-Huntsville
202609031813231418,202609031729278611,202609031729277737,97,6631,P1 Forms Take Home Risk Assessment Bronze - HS,br_samms_take_home_risk_assessment,TASK_COMPLETE,SUCCESS,INFO,0,0,0,,2026-09-03T17:29:32.843Z,2026-09-03T18:13:30.795Z,2638,2026-09-03T18:13:30.795Z,HS,HotSprings,94249231-24a1-492e-97bf-dcd504ea599a,SAMMS-HotSprings
202609031813231419,202609031729278612,202609031729277737,97,6632,P1 Forms Take Home Risk Assessment Bronze - JON,br_samms_take_home_risk_assessment,TASK_COMPLETE,SUCCESS,INFO,0,0,0,,2026-09-03T17:29:32.843Z,2026-09-03T18:13:30.795Z,2638,2026-09-03T18:13:30.795Z,JON,Jonesboro,94249231-24a1-492e-97bf-dcd504ea599a,SAMMS-Jonesboro
202609031813231420,202609031729278613,202609031729277737,97,6633,P1 Forms Take Home Risk Assessment Bronze - LAN,br_samms_take_home_risk_assessment,TASK_COMPLETE,SUCCESS,INFO,949,949,0,,2026-09-03T17:29:32.843Z,2026-09-03T18:13:30.795Z,2638,2026-09-03T18:13:30.795Z,LAN,Lansing,94249231-24a1-492e-97bf-dcd504ea599a,SAMMS-Lansing
202609031813231421,202609031729278614,202609031729277737,97,6634,P1 Forms Take Home Risk Assessment Bronze - LO,br_samms_take_home_risk_assessment,TASK_COMPLETE,SUCCESS,INFO,1219,1219,0,,2026-09-03T17:29:32.843Z,2026-09-03T18:13:30.795Z,2638,2026-09-03T18:13:30.795Z,LO,Louisville,94249231-24a1-492e-97bf-dcd504ea599a,SAMMS-Louisville
202609031813231422,202609031729278615,202609031729277737,97,6635,P1 Forms Take Home Risk Assessment Bronze - LV1,br_samms_take_home_risk_assessment,TASK_COMPLETE,SUCCESS,INFO,544,544,0,,2026-09-03T17:29:32.843Z,2026-09-03T18:13:30.795Z,2638,2026-09-03T18:13:30.795Z,LV1,Cheyenne,94249231-24a1-492e-97bf-dcd504ea599a,SAMMS-Cheyenne
202609031813231424,202609031729278616,202609031729277737,97,6636,P1 Forms Take Home Risk Assessment Bronze - LV2,br_samms_take_home_risk_assessment,TASK_COMPLETE,SUCCESS,INFO,531,531,0,,2026-09-03T17:29:32.843Z,2026-09-03T18:13:30.795Z,2638,2026-09-03T18:13:30.795Z,LV2,DesertInn,94249231-24a1-492e-97bf-dcd504ea599a,SAMMS-DesertInn
202609031813231425,202609031729278617,202609031729277737,97,6637,P1 Forms Take Home Risk Assessment Bronze - LV3,br_samms_take_home_risk_assessment,TASK_COMPLETE,SUCCESS,INFO,437,437,0,,2026-09-03T17:29:32.843Z,2026-09-03T18:13:30.795Z,2638,2026-09-03T18:13:30.795Z,LV3,McDaniel,94249231-24a1-492e-97bf-dcd504ea599a,SAMMS-McDaniel
202609031813231426,202609031729278618,202609031729277737,97,6638,P1 Forms Take Home Risk Assessment Bronze - MNRE,br_samms_take_home_risk_assessment,TASK_COMPLETE,SUCCESS,INFO,1546,1546,0,,2026-09-03T17:29:32.843Z,2026-09-03T18:13:30.795Z,2638,2026-09-03T18:13:30.795Z,MNRE,Monroe,94249231-24a1-492e-97bf-dcd504ea599a,SAMMS-Monroe
202609031813231427,202609031729278619,202609031729277737,97,6639,P1 Forms Take Home Risk Assessment Bronze - MP,br_samms_take_home_risk_assessment,TASK_COMPLETE,SUCCESS,INFO,900,900,0,,2026-09-03T17:29:32.843Z,2026-09-03T18:13:30.795Z,2638,2026-09-03T18:13:30.795Z,MP,MtPleasant,94249231-24a1-492e-97bf-dcd504ea599a,SAMMS-MtPleasant
202609031813231428,202609031729278620,202609031729277737,97,6640,P1 Forms Take Home Risk Assessment Bronze - MRD,br_samms_take_home_risk_assessment,TASK_COMPLETE,SUCCESS,INFO,269,269,0,,2026-09-03T17:29:32.843Z,2026-09-03T18:13:30.795Z,2638,2026-09-03T18:13:30.795Z,MRD,Meridian,94249231-24a1-492e-97bf-dcd504ea599a,SAMMS-Meridian
202609031813231429,202609031729278621,202609031729277737,97,6641,P1 Forms Take Home Risk Assessment Bronze - NC,br_samms_take_home_risk_assessment,TASK_COMPLETE,SUCCESS,INFO,773,773,0,,2026-09-03T17:29:32.843Z,2026-09-03T18:13:30.795Z,2638,2026-09-03T18:13:30.795Z,NC,NorthCharleston,94249231-24a1-492e-97bf-dcd504ea599a,SAMMS-NorthCharleston
202609031813231430,202609031729278622,202609031729277737,97,6642,P1 Forms Take Home Risk Assessment Bronze - NLR,br_samms_take_home_risk_assessment,TASK_COMPLETE,SUCCESS,INFO,0,0,0,,2026-09-03T17:29:32.843Z,2026-09-03T18:13:30.795Z,2638,2026-09-03T18:13:30.795Z,NLR,NLROBOT,94249231-24a1-492e-97bf-dcd504ea599a,SAMMS-NLROBOT
202609031813231431,202609031729278623,202609031729277737,97,6643,P1 Forms Take Home Risk Assessment Bronze - PH,br_samms_take_home_risk_assessment,TASK_COMPLETE,SUCCESS,INFO,224,224,0,,2026-09-03T17:29:32.843Z,2026-09-03T18:13:30.795Z,2638,2026-09-03T18:13:30.795Z,PH,Phoenix,94249231-24a1-492e-97bf-dcd504ea599a,SAMMS-Phoenix
202609031813231432,202609031729278624,202609031729277737,97,6644,P1 Forms Take Home Risk Assessment Bronze - RE,br_samms_take_home_risk_assessment,TASK_COMPLETE,SUCCESS,INFO,472,472,0,,2026-09-03T17:29:32.843Z,2026-09-03T18:13:30.795Z,2638,2026-09-03T18:13:30.795Z,RE,Reno,94249231-24a1-492e-97bf-dcd504ea599a,SAMMS-Reno
202609031813231434,202609031729278625,202609031729277737,97,6645,P1 Forms Take Home Risk Assessment Bronze - RMD,br_samms_take_home_risk_assessment,TASK_COMPLETE,SUCCESS,INFO,952,952,0,,2026-09-03T17:29:32.843Z,2026-09-03T18:13:30.795Z,2638,2026-09-03T18:13:30.795Z,RMD,Richmond,94249231-24a1-492e-97bf-dcd504ea599a,SAMMS-Richmond
202609031813231435,202609031729278626,202609031729277737,97,6646,P1 Forms Take Home Risk Assessment Bronze - SFN,br_samms_take_home_risk_assessment,TASK_COMPLETE,SUCCESS,INFO,750,750,0,,2026-09-03T17:29:32.843Z,2026-09-03T18:13:30.795Z,2638,2026-09-03T18:13:30.795Z,SFN,SFN,94249231-24a1-492e-97bf-dcd504ea599a,SAMMS-SFNv5
202609031813231436,202609031729278627,202609031729277737,97,6647,P1 Forms Take Home Risk Assessment Bronze - SHP,br_samms_take_home_risk_assessment,TASK_COMPLETE,SUCCESS,INFO,2225,2225,0,,2026-09-03T17:29:32.843Z,2026-09-03T18:13:30.795Z,2638,2026-09-03T18:13:30.795Z,SHP,Shreveport,94249231-24a1-492e-97bf-dcd504ea599a,SAMMS-Shreveport
202609031813231437,202609031729278628,202609031729277737,97,6648,P1 Forms Take Home Risk Assessment Bronze - STN,br_samms_take_home_risk_assessment,TASK_COMPLETE,SUCCESS,INFO,394,394,0,,2026-09-03T17:29:32.843Z,2026-09-03T18:13:30.795Z,2638,2026-09-03T18:13:30.795Z,STN,Staunton,94249231-24a1-492e-97bf-dcd504ea599a,SAMMS-Staunton
202609031813231438,202609031729278629,202609031729277737,97,6649,P1 Forms Take Home Risk Assessment Bronze - STVN,br_samms_take_home_risk_assessment,TASK_COMPLETE,SUCCESS,INFO,202,202,0,,2026-09-03T17:29:32.843Z,2026-09-03T18:13:30.795Z,2638,2026-09-03T18:13:30.795Z,STVN,Stevenson,94249231-24a1-492e-97bf-dcd504ea599a,SAMMS-Stevenson
202609031813231439,202609031729278630,202609031729277737,97,6650,P1 Forms Take Home Risk Assessment Bronze - TE,br_samms_take_home_risk_assessment,TASK_COMPLETE,SUCCESS,INFO,277,277,0,,2026-09-03T17:29:32.843Z,2026-09-03T18:13:30.795Z,2638,2026-09-03T18:13:30.795Z,TE,Tempe,94249231-24a1-492e-97bf-dcd504ea599a,SAMMS-Tempe
202609031813231440,202609031729278631,202609031729277737,97,6651,P1 Forms Take Home Risk Assessment Bronze - TEX,br_samms_take_home_risk_assessment,TASK_COMPLETE,SUCCESS,INFO,0,0,0,,2026-09-03T17:29:32.843Z,2026-09-03T18:13:30.795Z,2638,2026-09-03T18:13:30.795Z,TEX,Texarkana,94249231-24a1-492e-97bf-dcd504ea599a,SAMMS-Texarkana
202609031813231441,202609031729278632,202609031729277737,97,6652,P1 Forms Take Home Risk Assessment Bronze - TTCA,br_samms_take_home_risk_assessment,TASK_COMPLETE,SUCCESS,INFO,1372,1372,0,,2026-09-03T17:29:32.843Z,2026-09-03T18:13:30.795Z,2638,2026-09-03T18:13:30.795Z,TTCA,Bessemer,94249231-24a1-492e-97bf-dcd504ea599a,SAMMS-BessemerV5
202609031813231442,202609031729278633,202609031729277737,97,6653,P1 Forms Take Home Risk Assessment Bronze - TTCB,br_samms_take_home_risk_assessment,TASK_COMPLETE,SUCCESS,INFO,2298,2298,0,,2026-09-03T17:29:32.843Z,2026-09-03T18:13:30.795Z,2638,2026-09-03T18:13:30.795Z,TTCB,Cullman,94249231-24a1-492e-97bf-dcd504ea599a,SAMMS-CullmanV5
202609031813230943,202609031729278186,202609031729277737,97,6198,P1 Forms SF Data Forms Bronze - V20,br_samms_sf_data_forms,TASK_COMPLETE,SUCCESS,INFO,5260,5260,0,,2026-09-03T17:29:32.843Z,2026-09-03T18:13:30.795Z,2638,2026-09-03T18:13:30.795Z,V20,Paris,94249231-24a1-492e-97bf-dcd504ea599a,SAMMS-ParisV5
202609031813230944,202609031729278187,202609031729277737,97,6199,P1 Forms SF Data Forms Bronze - V21,br_samms_sf_data_forms,TASK_COMPLETE,SUCCESS,INFO,3579,3579,0,,2026-09-03T17:29:32.843Z,2026-09-03T18:13:30.795Z,2638,2026-09-03T18:13:30.795Z,V21,Raleigh,94249231-24a1-492e-97bf-dcd504ea599a,SAMMS-RaleighV5
202609031813230945,202609031729278188,202609031729277737,97,6200,P1 Forms SF Data Forms Bronze - V5,br_samms_sf_data_forms,TASK_COMPLETE,SUCCESS,INFO,7497,7497,0,,2026-09-03T17:29:32.843Z,2026-09-03T18:13:30.795Z,2638,2026-09-03T18:13:30.795Z,V5,NONTC,94249231-24a1-492e-97bf-dcd504ea599a,SAMMS-NONTCv5
202609031813230946,202609031729278189,202609031729277737,97,6201,P1 Forms SF Data Forms Bronze - V5B,br_samms_sf_data_forms,TASK_COMPLETE,SUCCESS,INFO,1670,1670,0,,2026-09-03T17:29:32.843Z,2026-09-03T18:13:30.795Z,2638,2026-09-03T18:13:30.795Z,V5B,Houma,94249231-24a1-492e-97bf-dcd504ea599a,SAMMS-HoumaV6
202609031813230947,202609031729278190,202609031729277737,97,6202,P1 Forms SF Data Forms Bronze - V6,br_samms_sf_data_forms,TASK_COMPLETE,SUCCESS,INFO,6950,6950,0,,2026-09-03T17:29:32.843Z,2026-09-03T18:13:30.795Z,2638,2026-09-03T18:13:30.795Z,V6,LC,94249231-24a1-492e-97bf-dcd504ea599a,SAMMS-LCv5
202609031813230948,202609031729278191,202609031729277737,97,6203,P1 Forms SF Data Forms Bronze - V8,br_samms_sf_data_forms,TASK_COMPLETE,SUCCESS,INFO,4920,4920,0,,2026-09-03T17:29:32.843Z,2026-09-03T18:13:30.795Z,2638,2026-09-03T18:13:30.795Z,V8,VCPHCS-VIII-Memphis,94249231-24a1-492e-97bf-dcd504ea599a,SAMMS-VCPHCS-VIII-MemphisV5
202609031813230949,202609031729278192,202609031729277737,97,6204,P1 Forms SF Data Forms Bronze - V9,br_samms_sf_data_forms,TASK_COMPLETE,SUCCESS,INFO,6913,6913,0,,2026-09-03T17:29:32.843Z,2026-09-03T18:13:30.795Z,2638,2026-09-03T18:13:30.795Z,V9,Nashville,94249231-24a1-492e-97bf-dcd504ea599a,SAMMS-NashvilleV5
202609031813230951,202609031729278193,202609031729277737,97,6205,P1 Forms SF Data Forms Bronze - VBRA,br_samms_sf_data_forms,TASK_COMPLETE,SUCCESS,INFO,8166,8166,0,,2026-09-03T17:29:32.843Z,2026-09-03T18:13:30.795Z,2638,2026-09-03T18:13:30.795Z,VBRA,Brainerd,94249231-24a1-492e-97bf-dcd504ea599a,SAMMS-BrainerdV6
202609031813230952,202609031729278194,202609031729277737,97,6206,P1 Forms SF Data Forms Bronze - VBRP,br_samms_sf_data_forms,TASK_COMPLETE,SUCCESS,INFO,13018,13018,0,,2026-09-03T17:29:32.843Z,2026-09-03T18:13:30.795Z,2638,2026-09-03T18:13:30.795Z,VBRP,BrooklynPark,94249231-24a1-492e-97bf-dcd504ea599a,SAMMS-BrooklynParkV6
202609031813230953,202609031729278195,202609031729277737,97,6207,P1 Forms SF Data Forms Bronze - VMIN,br_samms_sf_data_forms,TASK_COMPLETE,SUCCESS,INFO,6889,6889,0,,2026-09-03T17:29:32.843Z,2026-09-03T18:13:30.795Z,2638,2026-09-03T18:13:30.795Z,VMIN,Minneapolis,94249231-24a1-492e-97bf-dcd504ea599a,SAMMS-MinneapolisV6
202609031813230954,202609031729278196,202609031729277737,97,6208,P1 Forms SF Data Forms Bronze - VWBY,br_samms_sf_data_forms,TASK_COMPLETE,SUCCESS,INFO,13860,13860,0,,2026-09-03T17:29:32.843Z,2026-09-03T18:13:30.795Z,2638,2026-09-03T18:13:30.795Z,VWBY,Woodbury,94249231-24a1-492e-97bf-dcd504ea599a,SAMMS-WoodburyV6
202609031813230955,202609031729278197,202609031729277737,97,6209,P1 Forms SF Data Forms Bronze - WIL,br_samms_sf_data_forms,TASK_COMPLETE,SUCCESS,INFO,3857,3857,0,,2026-09-03T17:29:32.843Z,2026-09-03T18:13:30.795Z,2638,2026-09-03T18:13:30.795Z,WIL,Wilson,94249231-24a1-492e-97bf-dcd504ea599a,SAMMS-Wilson
202609031813230956,202609031729278198,202609031729277737,97,6212,P1 Forms SMS Text Consent Form Bronze - AHK,br_samms_sms_text_consent_form,TASK_COMPLETE,SUCCESS,INFO,20,20,0,,2026-09-03T17:29:32.843Z,2026-09-03T18:13:30.795Z,2638,2026-09-03T18:13:30.795Z,AHK,Ahoskie,94249231-24a1-492e-97bf-dcd504ea599a,SAMMS-Ahoskie
202609031813230957,202609031729278199,202609031729277737,97,6213,P1 Forms SMS Text Consent Form Bronze - B12B,br_samms_sms_text_consent_form,TASK_COMPLETE,SUCCESS,INFO,131,131,0,,2026-09-03T17:29:32.843Z,2026-09-03T18:13:30.795Z,2638,2026-09-03T18:13:30.795Z,B12B,ColoradoSprings,94249231-24a1-492e-97bf-dcd504ea599a,SAMMS-ColoradoSpringsV5
202609031813230958,202609031729278200,202609031729277737,97,6214,P1 Forms SMS Text Consent Form Bronze - B24,br_samms_sms_text_consent_form,TASK_COMPLETE,SUCCESS,INFO,238,238,0,,2026-09-03T17:29:32.843Z,2026-09-03T18:13:30.795Z,2638,2026-09-03T18:13:30.795Z,B24,Paintsville,94249231-24a1-492e-97bf-dcd504ea599a,SAMMS-PaintsvilleV5
202609031813230959,202609031729278201,202609031729277737,97,6215,P1 Forms SMS Text Consent Form Bronze - B25,br_samms_sms_text_consent_form,TASK_COMPLETE,SUCCESS,INFO,94,94,0,,2026-09-03T17:29:32.843Z,2026-09-03T18:13:30.795Z,2638,2026-09-03T18:13:30.795Z,B25,Pikeville,94249231-24a1-492e-97bf-dcd504ea599a,SAMMS-PikevilleV5
202609031813230961,202609031729278202,202609031729277737,97,6216,P1 Forms SMS Text Consent Form Bronze - B26,br_samms_sms_text_consent_form,TASK_COMPLETE,SUCCESS,INFO,484,484,0,,2026-09-03T17:29:32.843Z,2026-09-03T18:13:30.795Z,2638,2026-09-03T18:13:30.795Z,B26,Hazard,94249231-24a1-492e-97bf-dcd504ea599a,SAMMS-HazardV5
202609031813230962,202609031729278203,202609031729277737,97,6217,P1 Forms SMS Text Consent Form Bronze - B27,br_samms_sms_text_consent_form,TASK_COMPLETE,SUCCESS,INFO,29,29,0,,2026-09-03T17:29:32.843Z,2026-09-03T18:13:30.795Z,2638,2026-09-03T18:13:30.795Z,B27,Savannah,94249231-24a1-492e-97bf-dcd504ea599a,SAMMS-SavannahV6
202609031813230963,202609031729278204,202609031729277737,97,6218,P1 Forms SMS Text Consent Form Bronze - B28,br_samms_sms_text_consent_form,TASK_COMPLETE,SUCCESS,INFO,84,84,0,,2026-09-03T17:29:32.843Z,2026-09-03T18:13:30.795Z,2638,2026-09-03T18:13:30.795Z,B28,WestPlaines,94249231-24a1-492e-97bf-dcd504ea599a,SAMMS-WestPlainesV5
202609031813230964,202609031729278205,202609031729277737,97,6219,P1 Forms SMS Text Consent Form Bronze - B29,br_samms_sms_text_consent_form,TASK_COMPLETE,SUCCESS,INFO,56,56,0,,2026-09-03T17:29:32.843Z,2026-09-03T18:13:30.795Z,2638,2026-09-03T18:13:30.795Z,B29,PoplarBluff,94249231-24a1-492e-97bf-dcd504ea599a,SAMMS-PoplarBluffV5
202609031813230965,202609031729278206,202609031729277737,97,6220,P1 Forms SMS Text Consent Form Bronze - B30,br_samms_sms_text_consent_form,TASK_COMPLETE,SUCCESS,INFO,39,39,0,,2026-09-03T17:29:32.843Z,2026-09-03T18:13:30.795Z,2638,2026-09-03T18:13:30.795Z,B30,KCN,94249231-24a1-492e-97bf-dcd504ea599a,SAMMS-KCNv5
202609031813230966,202609031729278207,202609031729277737,97,6221,P1 Forms SMS Text Consent Form Bronze - B31,br_samms_sms_text_consent_form,TASK_COMPLETE,SUCCESS,INFO,225,225,0,,2026-09-03T17:29:32.843Z,2026-09-03T18:13:30.795Z,2638,2026-09-03T18:13:30.795Z,B31,Dyersburg,94249231-24a1-492e-97bf-dcd504ea599a,SAMMS-DyersburgV5
202609031813230967,202609031729278208,202609031729277737,97,6222,P1 Forms SMS Text Consent Form Bronze - B33,br_samms_sms_text_consent_form,TASK_COMPLETE,SUCCESS,INFO,130,130,0,,2026-09-03T17:29:32.843Z,2026-09-03T18:13:30.795Z,2638,2026-09-03T18:13:30.795Z,B33,Paducah,94249231-24a1-492e-97bf-dcd504ea599a,SAMMS-Paducah
202609031813230968,202609031729278209,202609031729277737,97,6223,P1 Forms SMS Text Consent Form Bronze - B34,br_samms_sms_text_consent_form,TASK_COMPLETE,SUCCESS,INFO,208,208,0,,2026-09-03T17:29:32.843Z,2026-09-03T18:13:30.795Z,2638,2026-09-03T18:13:30.795Z,B34,Corbin,94249231-24a1-492e-97bf-dcd504ea599a,SAMMS-CorbinV5
202609031813230969,202609031729278210,202609031729277737,97,6224,P1 Forms SMS Text Consent Form Bronze - B35,br_samms_sms_text_consent_form,TASK_COMPLETE,SUCCESS,INFO,481,481,0,,2026-09-03T17:29:32.843Z,2026-09-03T18:13:30.795Z,2638,2026-09-03T18:13:30.795Z,B35,Lexington,94249231-24a1-492e-97bf-dcd504ea599a,SAMMS-LexingtonV5
202609031813230971,202609031729278211,202609031729277737,97,6225,P1 Forms SMS Text Consent Form Bronze - B35A,br_samms_sms_text_consent_form,TASK_COMPLETE,SUCCESS,INFO,201,201,0,,2026-09-03T17:29:32.843Z,2026-09-03T18:13:30.795Z,2638,2026-09-03T18:13:30.795Z,B35A,Berea,94249231-24a1-492e-97bf-dcd504ea599a,SAMMS-BereaV5
202609031813230972,202609031729278212,202609031729277737,97,6226,P1 Forms SMS Text Consent Form Bronze - B36,br_samms_sms_text_consent_form,TASK_COMPLETE,SUCCESS,INFO,125,125,0,,2026-09-03T17:29:32.843Z,2026-09-03T18:13:30.795Z,2638,2026-09-03T18:13:30.795Z,B36,Asheville,94249231-24a1-492e-97bf-dcd504ea599a,SAMMS-AshevilleV5
202609031813230973,202609031729278213,202609031729277737,97,6227,P1 Forms SMS Text Consent Form Bronze - B37,br_samms_sms_text_consent_form,TASK_COMPLETE,SUCCESS,INFO,15,15,0,,2026-09-03T17:29:32.843Z,2026-09-03T18:13:30.795Z,2638,2026-09-03T18:13:30.795Z,B37,Clyde,94249231-24a1-492e-97bf-dcd504ea599a,SAMMS-ClydeV5
202609031813230974,202609031729278214,202609031729277737,97,6228,P1 Forms SMS Text Consent Form Bronze - B38,br_samms_sms_text_consent_form,TASK_COMPLETE,SUCCESS,INFO,148,148,0,,2026-09-03T17:29:32.843Z,2026-09-03T18:13:30.795Z,2638,2026-09-03T18:13:30.795Z,B38,Spartanburg,94249231-24a1-492e-97bf-dcd504ea599a,SAMMS-SpartanburgV5
202609031813230975,202609031729278215,202609031729277737,97,6229,P1 Forms SMS Text Consent Form Bronze - B39,br_samms_sms_text_consent_form,TASK_COMPLETE,SUCCESS,INFO,114,114,0,,2026-09-03T17:29:32.843Z,2026-09-03T18:13:30.795Z,2638,2026-09-03T18:13:30.795Z,B39,Aiken,94249231-24a1-492e-97bf-dcd504ea599a,SAMMS-AikenV5
202609031813230976,202609031729278216,202609031729277737,97,6230,P1 Forms SMS Text Consent Form Bronze - B41,br_samms_sms_text_consent_form,TASK_COMPLETE,SUCCESS,INFO,109,109,0,,2026-09-03T17:29:32.843Z,2026-09-03T18:13:30.795Z,2638,2026-09-03T18:13:30.795Z,B41,Chesapeake,94249231-24a1-492e-97bf-dcd504ea599a,SAMMS-ChesapeakeV5
202609031813230977,202609031729278217,202609031729277737,97,6231,P1 Forms SMS Text Consent Form Bronze - B42,br_samms_sms_text_consent_form,TASK_COMPLETE,SUCCESS,INFO,71,71,0,,2026-09-03T17:29:32.843Z,2026-09-03T18:13:30.795Z,2638,2026-09-03T18:13:30.795Z,B42,VirginiaBeach,94249231-24a1-492e-97bf-dcd504ea599a,SAMMS-VirginiaBeachV5
202609031813230978,202609031729278218,202609031729277737,97,6232,P1 Forms SMS Text Consent Form Bronze - B42A,br_samms_sms_text_consent_form,TASK_COMPLETE,SUCCESS,INFO,105,105,0,,2026-09-03T17:29:32.843Z,2026-09-03T18:13:30.795Z,2638,2026-09-03T18:13:30.795Z,B42A,NewportNews,94249231-24a1-492e-97bf-dcd504ea599a,SAMMS-NewportNewsV5
202609031813230979,202609031729278219,202609031729277737,97,6233,P1 Forms SMS Text Consent Form Bronze - B42B,br_samms_sms_text_consent_form,TASK_COMPLETE,SUCCESS,INFO,12,12,0,,2026-09-03T17:29:32.843Z,2026-09-03T18:13:30.795Z,2638,2026-09-03T18:13:30.795Z,B42B,Franklin,94249231-24a1-492e-97bf-dcd504ea599a,SAMMS-FranklinV5
202609031813230981,202609031729278220,202609031729277737,97,6234,P1 Forms SMS Text Consent Form Bronze - B42C,br_samms_sms_text_consent_form,TASK_COMPLETE,SUCCESS,INFO,142,142,0,,2026-09-03T17:29:32.843Z,2026-09-03T18:13:30.795Z,2638,2026-09-03T18:13:30.795Z,B42C,GlenAllen,94249231-24a1-492e-97bf-dcd504ea599a,SAMMS-GlenAllenV5
202609031813230982,202609031729278221,202609031729277737,97,6235,P1 Forms SMS Text Consent Form Bronze - B42D,br_samms_sms_text_consent_form,TASK_COMPLETE,SUCCESS,INFO,42,42,0,,2026-09-03T17:29:32.843Z,2026-09-03T18:13:30.795Z,2638,2026-09-03T18:13:30.795Z,B42D,ChesapeakeSouth,94249231-24a1-492e-97bf-dcd504ea599a,SAMMS-ChesapeakeSouthV5
202609031813230983,202609031729278222,202609031729277737,97,6236,P1 Forms SMS Text Consent Form Bronze - B44,br_samms_sms_text_consent_form,TASK_COMPLETE,SUCCESS,INFO,32,32,0,,2026-09-03T17:29:32.843Z,2026-09-03T18:13:30.795Z,2638,2026-09-03T18:13:30.795Z,B44,Albany,94249231-24a1-492e-97bf-dcd504ea599a,SAMMS-AlbanyV5
202609031813230984,202609031729278223,202609031729277737,97,6237,P1 Forms SMS Text Consent Form Bronze - B45,br_samms_sms_text_consent_form,TASK_COMPLETE,SUCCESS,INFO,61,61,0,,2026-09-03T17:29:32.843Z,2026-09-03T18:13:30.795Z,2638,2026-09-03T18:13:30.795Z,B45,Tifton,94249231-24a1-492e-97bf-dcd504ea599a,SAMMS-TiftonV5
202609031813230985,202609031729278224,202609031729277737,97,6238,P1 Forms SMS Text Consent Form Bronze - B46,br_samms_sms_text_consent_form,TASK_COMPLETE,SUCCESS,INFO,218,218,0,,2026-09-03T17:29:32.843Z,2026-09-03T18:13:30.795Z,2638,2026-09-03T18:13:30.795Z,B46,WashingtonDC,94249231-24a1-492e-97bf-dcd504ea599a,SAMMS-WashingtonDCv5
202609031813230986,202609031729278225,202609031729277737,97,6239,P1 Forms SMS Text Consent Form Bronze - B47,br_samms_sms_text_consent_form,TASK_COMPLETE,SUCCESS,INFO,79,79,0,,2026-09-03T17:29:32.843Z,2026-09-03T18:13:30.795Z,2638,2026-09-03T18:13:30.795Z,B47,Mobile,94249231-24a1-492e-97bf-dcd504ea599a,SAMMS-MobileV5
202609031813230987,202609031729278226,202609031729277737,97,6240,P1 Forms SMS Text Consent Form Bronze - B48,br_samms_sms_text_consent_form,TASK_COMPLETE,SUCCESS,INFO,95,95,0,,2026-09-03T17:29:32.843Z,2026-09-03T18:13:30.795Z,2638,2026-09-03T18:13:30.795Z,B48,Tuscaloosa,94249231-24a1-492e-97bf-dcd504ea599a,SAMMS-TuscaloosaV5
202609031813230988,202609031729278227,202609031729277737,97,6241,P1 Forms SMS Text Consent Form Bronze - B51,br_samms_sms_text_consent_form,TASK_COMPLETE,SUCCESS,INFO,70,70,0,,2026-09-03T17:29:32.843Z,2026-09-03T18:13:30.795Z,2638,2026-09-03T18:13:30.795Z,B51,NorthLittleRock,94249231-24a1-492e-97bf-dcd504ea599a,SAMMS-NorthLittleRockV6
202609031813230989,202609031729278228,202609031729277737,97,6242,P1 Forms SMS Text Consent Form Bronze - B52,br_samms_sms_text_consent_form,TASK_COMPLETE,SUCCESS,INFO,102,102,0,,2026-09-03T17:29:32.843Z,2026-09-03T18:13:30.795Z,2638,2026-09-03T18:13:30.795Z,B52,JacksonGA,94249231-24a1-492e-97bf-dcd504ea599a,SAMMS-JacksonGAV5
202609031813230991,202609031729278229,202609031729277737,97,6243,P1 Forms SMS Text Consent Form Bronze - B54,br_samms_sms_text_consent_form,TASK_COMPLETE,SUCCESS,INFO,114,114,0,,2026-09-03T17:29:32.843Z,2026-09-03T18:13:30.795Z,2638,2026-09-03T18:13:30.795Z,B54,Gadsden,94249231-24a1-492e-97bf-dcd504ea599a,SAMMS-GadsdenV5
202609031813230992,202609031729278230,202609031729277737,97,6244,P1 Forms SMS Text Consent Form Bronze - B55,br_samms_sms_text_consent_form,TASK_COMPLETE,SUCCESS,INFO,98,98,0,,2026-09-03T17:29:32.843Z,2026-09-03T18:13:30.795Z,2638,2026-09-03T18:13:30.795Z,B55,Shoals,94249231-24a1-492e-97bf-dcd504ea599a,SAMMS-ShoalsV5
202609031813230993,202609031729278231,202609031729277737,97,6245,P1 Forms SMS Text Consent Form Bronze - B57,br_samms_sms_text_consent_form,TASK_COMPLETE,SUCCESS,INFO,93,93,0,,2026-09-03T17:29:32.843Z,2026-09-03T18:13:30.795Z,2638,2026-09-03T18:13:30.795Z,B57,Pawtucket,94249231-24a1-492e-97bf-dcd504ea599a,SAMMS-Pawtucket
202609031813230994,202609031729278232,202609031729277737,97,6246,P1 Forms SMS Text Consent Form Bronze - B57A,br_samms_sms_text_consent_form,TASK_COMPLETE,SUCCESS,INFO,52,52,0,,2026-09-03T17:29:32.843Z,2026-09-03T18:13:30.795Z,2638,2026-09-03T18:13:30.795Z,B57A,Johnston,94249231-24a1-492e-97bf-dcd504ea599a,SAMMS-Johnston
202609031813230995,202609031729278233,202609031729277737,97,6247,P1 Forms SMS Text Consent Form Bronze - B57B,br_samms_sms_text_consent_form,TASK_COMPLETE,SUCCESS,INFO,40,40,0,,2026-09-03T17:29:32.843Z,2026-09-03T18:13:30.795Z,2638,2026-09-03T18:13:30.795Z,B57B,Middletown,94249231-24a1-492e-97bf-dcd504ea599a,SAMMS-Middletown
202609031813230996,202609031729278234,202609031729277737,97,6248,P1 Forms SMS Text Consent Form Bronze - B57C,br_samms_sms_text_consent_form,TASK_COMPLETE,SUCCESS,INFO,98,98,0,,2026-09-03T17:29:32.843Z,2026-09-03T18:13:30.795Z,2638,2026-09-03T18:13:30.795Z,B57C,Providence,94249231-24a1-492e-97bf-dcd504ea599a,SAMMS-Providence
202609031813230997,202609031729278235,202609031729277737,97,6249,P1 Forms SMS Text Consent Form Bronze - B57D,br_samms_sms_text_consent_form,TASK_COMPLETE,SUCCESS,INFO,109,109,0,,2026-09-03T17:29:32.843Z,2026-09-03T18:13:30.795Z,2638,2026-09-03T18:13:30.795Z,B57D,Westerly,94249231-24a1-492e-97bf-dcd504ea599a,SAMMS-Westerly
202609031813230998,202609031729278236,202609031729277737,97,6250,P1 Forms SMS Text Consent Form Bronze - B66A,br_samms_sms_text_consent_form,TASK_COMPLETE,SUCCESS,INFO,99,99,0,,2026-09-03T17:29:32.843Z,2026-09-03T18:13:30.795Z,2638,2026-09-03T18:13:30.795Z,B66A,Bremen,94249231-24a1-492e-97bf-dcd504ea599a,SAMMS-Bremen
202609031813230999,202609031729278237,202609031729277737,97,6251,P1 Forms SMS Text Consent Form Bronze - B72,br_samms_sms_text_consent_form,TASK_COMPLETE,SUCCESS,INFO,131,131,0,,2026-09-03T17:29:32.843Z,2026-09-03T18:13:30.795Z,2638,2026-09-03T18:13:30.795Z,B72,Mobile-OBOT,94249231-24a1-492e-97bf-dcd504ea599a,SAMMS-Mobile-OBOT
202609031813231001,202609031729278238,202609031729277737,97,6252,P1 Forms SMS Text Consent Form Bronze - B73,br_samms_sms_text_consent_form,TASK_COMPLETE,SUCCESS,INFO,74,74,0,,2026-09-03T17:29:32.843Z,2026-09-03T18:13:30.795Z,2638,2026-09-03T18:13:30.795Z,B73,Montgomery,94249231-24a1-492e-97bf-dcd504ea599a,SAMMS-Montgomery
202609031813231002,202609031729278239,202609031729277737,97,6253,P1 Forms SMS Text Consent Form Bronze - B75,br_samms_sms_text_consent_form,TASK_COMPLETE,SUCCESS,INFO,75,75,0,,2026-09-03T17:29:32.843Z,2026-09-03T18:13:30.795Z,2638,2026-09-03T18:13:30.795Z,B75,Lawrence,94249231-24a1-492e-97bf-dcd504ea599a,SAMMS-LawrenceV6
202609031813231003,202609031729278240,202609031729277737,97,6254,P1 Forms SMS Text Consent Form Bronze - B76,br_samms_sms_text_consent_form,TASK_COMPLETE,SUCCESS,INFO,7,7,0,,2026-09-03T17:29:32.843Z,2026-09-03T18:13:30.795Z,2638,2026-09-03T18:13:30.795Z,B76,Huntsville-OBOT,94249231-24a1-492e-97bf-dcd504ea599a,SAMMS-Huntsville-OBOT
202609031813231004,202609031729278241,202609031729277737,97,6255,P1 Forms SMS Text Consent Form Bronze - BAT,br_samms_sms_text_consent_form,TASK_COMPLETE,SUCCESS,INFO,85,85,0,,2026-09-03T17:29:32.843Z,2026-09-03T18:13:30.795Z,2638,2026-09-03T18:13:30.795Z,BAT,Batesville,94249231-24a1-492e-97bf-dcd504ea599a,SAMMS-Batesville
202609031813231005,202609031729278242,202609031729277737,97,6256,P1 Forms SMS Text Consent Form Bronze - BG,br_samms_sms_text_consent_form,TASK_COMPLETE,SUCCESS,INFO,131,131,0,,2026-09-03T17:29:32.843Z,2026-09-03T18:13:30.795Z,2638,2026-09-03T18:13:30.795Z,BG,BowlingGreen,94249231-24a1-492e-97bf-dcd504ea599a,SAMMS-BowlingGreen
202609031813231006,202609031729278243,202609031729277737,97,6257,P1 Forms SMS Text Consent Form Bronze - BOI,br_samms_sms_text_consent_form,TASK_COMPLETE,SUCCESS,INFO,141,141,0,,2026-09-03T17:29:32.843Z,2026-09-03T18:13:30.795Z,2638,2026-09-03T18:13:30.795Z,BOI,Boise,94249231-24a1-492e-97bf-dcd504ea599a,SAMMS-Boise
202609031813231007,202609031729278244,202609031729277737,97,6258,P1 Forms SMS Text Consent Form Bronze - CBCO,br_samms_sms_text_consent_form,TASK_COMPLETE,SUCCESS,INFO,87,87,0,,2026-09-03T17:29:32.843Z,2026-09-03T18:13:30.795Z,2638,2026-09-03T18:13:30.795Z,CBCO,CoeurdAlene,94249231-24a1-492e-97bf-dcd504ea599a,SAMMS-CoeurdAleneV6
202609031813231008,202609031729278245,202609031729277737,97,6259,P1 Forms SMS Text Consent Form Bronze - CON,br_samms_sms_text_consent_form,TASK_COMPLETE,SUCCESS,INFO,95,95,0,,2026-09-03T17:29:32.843Z,2026-09-03T18:13:30.795Z,2638,2026-09-03T18:13:30.795Z,CON,Conway,94249231-24a1-492e-97bf-dcd504ea599a,SAMMS-Conway
202609031813231009,202609031729278246,202609031729277737,97,6260,P1 Forms SMS Text Consent Form Bronze - D07,br_samms_sms_text_consent_form,TASK_COMPLETE,SUCCESS,INFO,97,97,0,,2026-09-03T17:29:32.843Z,2026-09-03T18:13:30.795Z,2638,2026-09-03T18:13:30.795Z,D07,Knoxville,94249231-24a1-492e-97bf-dcd504ea599a,SAMMS-KnoxvilleV6
202609031813231011,202609031729278247,202609031729277737,97,6261,P1 Forms SMS Text Consent Form Bronze - D08,br_samms_sms_text_consent_form,TASK_COMPLETE,SUCCESS,INFO,128,128,0,,2026-09-03T17:29:32.843Z,2026-09-03T18:13:30.795Z,2638,2026-09-03T18:13:30.795Z,D08,Madison,94249231-24a1-492e-97bf-dcd504ea599a,SAMMS-MadisonV6
202609031813231012,202609031729278248,202609031729277737,97,6262,P1 Forms SMS Text Consent Form Bronze - D09,br_samms_sms_text_consent_form,TASK_COMPLETE,SUCCESS,INFO,163,163,0,,2026-09-03T17:29:32.843Z,2026-09-03T18:13:30.795Z,2638,2026-09-03T18:13:30.795Z,D09,Murfreesboro,94249231-24a1-492e-97bf-dcd504ea599a,SAMMS-MurfreesboroV6
202609031813231013,202609031729278249,202609031729277737,97,6263,P1 Forms SMS Text Consent Form Bronze - DA,br_samms_sms_text_consent_form,TASK_COMPLETE,SUCCESS,INFO,203,203,0,,2026-09-03T17:29:32.843Z,2026-09-03T18:13:30.795Z,2638,2026-09-03T18:13:30.795Z,DA,Davenport,94249231-24a1-492e-97bf-dcd504ea599a,SAMMS-Davenport
202609031813231014,202609031729278250,202609031729277737,97,6264,P1 Forms SMS Text Consent Form Bronze - DM,br_samms_sms_text_consent_form,TASK_COMPLETE,SUCCESS,INFO,103,103,0,,2026-09-03T17:29:32.843Z,2026-09-03T18:13:30.795Z,2638,2026-09-03T18:13:30.795Z,DM,DesMoines,94249231-24a1-492e-97bf-dcd504ea599a,SAMMS-DesMoines
202609031813231015,202609031729278251,202609031729277737,97,6265,P1 Forms SMS Text Consent Form Bronze - DRD-CO,br_samms_sms_text_consent_form,TASK_COMPLETE,SUCCESS,INFO,109,109,0,,2026-09-03T17:29:32.843Z,2026-09-03T18:13:30.795Z,2638,2026-09-03T18:13:30.795Z,DRD-CO,Columbia,94249231-24a1-492e-97bf-dcd504ea599a,SAMMS-ColumbiaV5
202609031813231016,202609031729278252,202609031729277737,97,6266,P1 Forms SMS Text Consent Form Bronze - DRD-KC,br_samms_sms_text_consent_form,TASK_COMPLETE,SUCCESS,INFO,94,94,0,,2026-09-03T17:29:32.843Z,2026-09-03T18:13:30.795Z,2638,2026-09-03T18:13:30.795Z,DRD-KC,KC,94249231-24a1-492e-97bf-dcd504ea599a,SAMMS-KCv5
202609031813231017,202609031729278253,202609031729277737,97,6267,P1 Forms SMS Text Consent Form Bronze - DRD-KVB,br_samms_sms_text_consent_form,TASK_COMPLETE,SUCCESS,INFO,105,105,0,,2026-09-03T17:29:32.843Z,2026-09-03T18:13:30.795Z,2638,2026-09-03T18:13:30.795Z,DRD-KVB,KVB,94249231-24a1-492e-97bf-dcd504ea599a,SAMMS-KVBv5
202609031813231018,202609031729278254,202609031729277737,97,6268,P1 Forms SMS Text Consent Form Bronze - DRD-KVC,br_samms_sms_text_consent_form,TASK_COMPLETE,SUCCESS,INFO,309,309,0,,2026-09-03T17:29:32.843Z,2026-09-03T18:13:30.795Z,2638,2026-09-03T18:13:30.795Z,DRD-KVC,KVC,94249231-24a1-492e-97bf-dcd504ea599a,SAMMS-KVCv5
202609031813231019,202609031729278255,202609031729277737,97,6269,P1 Forms SMS Text Consent Form Bronze - DRD-NOLA,br_samms_sms_text_consent_form,TASK_COMPLETE,SUCCESS,INFO,982,982,0,,2026-09-03T17:29:32.843Z,2026-09-03T18:13:30.795Z,2638,2026-09-03T18:13:30.795Z,DRD-NOLA,NOLA,94249231-24a1-492e-97bf-dcd504ea599a,SAMMS-NOLAv5
202609031813231021,202609031729278256,202609031729277737,97,6270,P1 Forms SMS Text Consent Form Bronze - DRD-SF,br_samms_sms_text_consent_form,TASK_COMPLETE,SUCCESS,INFO,194,194,0,,2026-09-03T17:29:32.843Z,2026-09-03T18:13:30.795Z,2638,2026-09-03T18:13:30.795Z,DRD-SF,SF,94249231-24a1-492e-97bf-dcd504ea599a,SAMMS-SFv5
202609031813231022,202609031729278257,202609031729277737,97,6271,P1 Forms SMS Text Consent Form Bronze - ELC,br_samms_sms_text_consent_form,TASK_COMPLETE,SUCCESS,INFO,152,152,0,,2026-09-03T17:29:32.843Z,2026-09-03T18:13:30.795Z,2638,2026-09-03T18:13:30.795Z,ELC,ElizabethCity,94249231-24a1-492e-97bf-dcd504ea599a,SAMMS-ElizabethCity
202609031813231023,202609031729278258,202609031729277737,97,6272,P1 Forms SMS Text Consent Form Bronze - ET,br_samms_sms_text_consent_form,TASK_COMPLETE,SUCCESS,INFO,120,120,0,,2026-09-03T17:29:32.843Z,2026-09-03T18:13:30.795Z,2638,2026-09-03T18:13:30.795Z,ET,Elizabethtown,94249231-24a1-492e-97bf-dcd504ea599a,SAMMS-Elizabethtown
202609031813231024,202609031729278259,202609031729277737,97,6273,P1 Forms SMS Text Consent Form Bronze - FAY,br_samms_sms_text_consent_form,TASK_COMPLETE,SUCCESS,INFO,80,80,0,,2026-09-03T17:29:32.843Z,2026-09-03T18:13:30.795Z,2638,2026-09-03T18:13:30.795Z,FAY,Fayetteville,94249231-24a1-492e-97bf-dcd504ea599a,SAMMS-Fayetteville
202609031813231025,202609031729278260,202609031729277737,97,6274,P1 Forms SMS Text Consent Form Bronze - FR,br_samms_sms_text_consent_form,TASK_COMPLETE,SUCCESS,INFO,10,10,0,,2026-09-03T17:29:32.843Z,2026-09-03T18:13:30.795Z,2638,2026-09-03T18:13:30.795Z,FR,Frankfort,94249231-24a1-492e-97bf-dcd504ea599a,SAMMS-Frankfort
202609031813231026,202609031729278261,202609031729277737,97,6275,P1 Forms SMS Text Consent Form Bronze - FS,br_samms_sms_text_consent_form,TASK_COMPLETE,SUCCESS,INFO,69,69,0,,2026-09-03T17:29:32.843Z,2026-09-03T18:13:30.795Z,2638,2026-09-03T18:13:30.795Z,FS,FortSmith,94249231-24a1-492e-97bf-dcd504ea599a,SAMMS-FortSmith
202609031813231027,202609031729278262,202609031729277737,97,6276,P1 Forms SMS Text Consent Form Bronze - FW,br_samms_sms_text_consent_form,TASK_COMPLETE,SUCCESS,INFO,139,139,0,,2026-09-03T17:29:32.843Z,2026-09-03T18:13:30.795Z,2638,2026-09-03T18:13:30.795Z,FW,FortWayne,94249231-24a1-492e-97bf-dcd504ea599a,SAMMS-FortWayne
202609031813231028,202609031729278263,202609031729277737,97,6277,P1 Forms SMS Text Consent Form Bronze - GAL,br_samms_sms_text_consent_form,TASK_COMPLETE,SUCCESS,INFO,77,77,0,,2026-09-03T17:29:32.843Z,2026-09-03T18:13:30.795Z,2638,2026-09-03T18:13:30.795Z,GAL,Gaylord,94249231-24a1-492e-97bf-dcd504ea599a,SAMMS-Gaylord
202609031813231029,202609031729278264,202609031729277737,97,6278,P1 Forms SMS Text Consent Form Bronze - HGT,br_samms_sms_text_consent_form,TASK_COMPLETE,SUCCESS,INFO,123,123,0,,2026-09-03T17:29:32.843Z,2026-09-03T18:13:30.795Z,2638,2026-09-03T18:13:30.795Z,HGT,Hagerstown,94249231-24a1-492e-97bf-dcd504ea599a,SAMMS-Hagerstown
202609031813231031,202609031729278265,202609031729277737,97,6279,P1 Forms SMS Text Consent Form Bronze - HNT,br_samms_sms_text_consent_form,TASK_COMPLETE,SUCCESS,INFO,92,92,0,,2026-09-03T17:29:32.843Z,2026-09-03T18:13:30.795Z,2638,2026-09-03T18:13:30.795Z,HNT,Huntsville,94249231-24a1-492e-97bf-dcd504ea599a,SAMMS-Huntsville
202609031813231032,202609031729278266,202609031729277737,97,6280,P1 Forms SMS Text Consent Form Bronze - HS,br_samms_sms_text_consent_form,TASK_COMPLETE,SUCCESS,INFO,114,114,0,,2026-09-03T17:29:32.843Z,2026-09-03T18:13:30.795Z,2638,2026-09-03T18:13:30.795Z,HS,HotSprings,94249231-24a1-492e-97bf-dcd504ea599a,SAMMS-HotSprings
202609031813231033,202609031729278267,202609031729277737,97,6281,P1 Forms SMS Text Consent Form Bronze - JON,br_samms_sms_text_consent_form,TASK_COMPLETE,SUCCESS,INFO,59,59,0,,2026-09-03T17:29:32.843Z,2026-09-03T18:13:30.795Z,2638,2026-09-03T18:13:30.795Z,JON,Jonesboro,94249231-24a1-492e-97bf-dcd504ea599a,SAMMS-Jonesboro
202609031813231034,202609031729278268,202609031729277737,97,6282,P1 Forms SMS Text Consent Form Bronze - LAN,br_samms_sms_text_consent_form,TASK_COMPLETE,SUCCESS,INFO,115,115,0,,2026-09-03T17:29:32.843Z,2026-09-03T18:13:30.795Z,2638,2026-09-03T18:13:30.795Z,LAN,Lansing,94249231-24a1-492e-97bf-dcd504ea599a,SAMMS-Lansing
202609031813231035,202609031729278269,202609031729277737,97,6283,P1 Forms SMS Text Consent Form Bronze - LO,br_samms_sms_text_consent_form,TASK_COMPLETE,SUCCESS,INFO,555,555,0,,2026-09-03T17:29:32.843Z,2026-09-03T18:13:30.795Z,2638,2026-09-03T18:13:30.795Z,LO,Louisville,94249231-24a1-492e-97bf-dcd504ea599a,SAMMS-Louisville
202609031813231036,202609031729278270,202609031729277737,97,6284,P1 Forms SMS Text Consent Form Bronze - LV1,br_samms_sms_text_consent_form,TASK_COMPLETE,SUCCESS,INFO,389,389,0,,2026-09-03T17:29:32.843Z,2026-09-03T18:13:30.795Z,2638,2026-09-03T18:13:30.795Z,LV1,Cheyenne,94249231-24a1-492e-97bf-dcd504ea599a,SAMMS-Cheyenne
202609031813231037,202609031729278271,202609031729277737,97,6285,P1 Forms SMS Text Consent Form Bronze - LV2,br_samms_sms_text_consent_form,TASK_COMPLETE,SUCCESS,INFO,251,251,0,,2026-09-03T17:29:32.843Z,2026-09-03T18:13:30.795Z,2638,2026-09-03T18:13:30.795Z,LV2,DesertInn,94249231-24a1-492e-97bf-dcd504ea599a,SAMMS-DesertInn
202609031813231038,202609031729278272,202609031729277737,97,6286,P1 Forms SMS Text Consent Form Bronze - LV3,br_samms_sms_text_consent_form,TASK_COMPLETE,SUCCESS,INFO,231,231,0,,2026-09-03T17:29:32.843Z,2026-09-03T18:13:30.795Z,2638,2026-09-03T18:13:30.795Z,LV3,McDaniel,94249231-24a1-492e-97bf-dcd504ea599a,SAMMS-McDaniel
202609031813231039,202609031729278273,202609031729277737,97,6287,P1 Forms SMS Text Consent Form Bronze - MNRE,br_samms_sms_text_consent_form,TASK_COMPLETE,SUCCESS,INFO,70,70,0,,2026-09-03T17:29:32.843Z,2026-09-03T18:13:30.795Z,2638,2026-09-03T18:13:30.795Z,MNRE,Monroe,94249231-24a1-492e-97bf-dcd504ea599a,SAMMS-Monroe
202609031813231041,202609031729278274,202609031729277737,97,6288,P1 Forms SMS Text Consent Form Bronze - MP,br_samms_sms_text_consent_form,TASK_COMPLETE,SUCCESS,INFO,95,95,0,,2026-09-03T17:29:32.843Z,2026-09-03T18:13:30.795Z,2638,2026-09-03T18:13:30.795Z,MP,MtPleasant,94249231-24a1-492e-97bf-dcd504ea599a,SAMMS-MtPleasant
202609031813231042,202609031729278275,202609031729277737,97,6289,P1 Forms SMS Text Consent Form Bronze - MRD,br_samms_sms_text_consent_form,TASK_COMPLETE,SUCCESS,INFO,137,137,0,,2026-09-03T17:29:32.843Z,2026-09-03T18:13:30.795Z,2638,2026-09-03T18:13:30.795Z,MRD,Meridian,94249231-24a1-492e-97bf-dcd504ea599a,SAMMS-Meridian
202609031813231043,202609031729278276,202609031729277737,97,6290,P1 Forms SMS Text Consent Form Bronze - NC,br_samms_sms_text_consent_form,TASK_COMPLETE,SUCCESS,INFO,129,129,0,,2026-09-03T17:29:32.843Z,2026-09-03T18:13:30.795Z,2638,2026-09-03T18:13:30.795Z,NC,NorthCharleston,94249231-24a1-492e-97bf-dcd504ea599a,SAMMS-NorthCharleston
202609031813231044,202609031729278277,202609031729277737,97,6291,P1 Forms SMS Text Consent Form Bronze - NLR,br_samms_sms_text_consent_form,TASK_COMPLETE,SUCCESS,INFO,183,183,0,,2026-09-03T17:29:32.843Z,2026-09-03T18:13:30.795Z,2638,2026-09-03T18:13:30.795Z,NLR,NLROBOT,94249231-24a1-492e-97bf-dcd504ea599a,SAMMS-NLROBOT
202609031813231045,202609031729278278,202609031729277737,97,6292,P1 Forms SMS Text Consent Form Bronze - PH,br_samms_sms_text_consent_form,TASK_COMPLETE,SUCCESS,INFO,0,0,0,,2026-09-03T17:29:32.843Z,2026-09-03T18:13:30.795Z,2638,2026-09-03T18:13:30.795Z,PH,Phoenix,94249231-24a1-492e-97bf-dcd504ea599a,SAMMS-Phoenix
202609031813231046,202609031729278279,202609031729277737,97,6293,P1 Forms SMS Text Consent Form Bronze - RE,br_samms_sms_text_consent_form,TASK_COMPLETE,SUCCESS,INFO,134,134,0,,2026-09-03T17:29:32.843Z,2026-09-03T18:13:30.795Z,2638,2026-09-03T18:13:30.795Z,RE,Reno,94249231-24a1-492e-97bf-dcd504ea599a,SAMMS-Reno
202609031813231047,202609031729278280,202609031729277737,97,6294,P1 Forms SMS Text Consent Form Bronze - RMD,br_samms_sms_text_consent_form,TASK_COMPLETE,SUCCESS,INFO,208,208,0,,2026-09-03T17:29:32.843Z,2026-09-03T18:13:30.795Z,2638,2026-09-03T18:13:30.795Z,RMD,Richmond,94249231-24a1-492e-97bf-dcd504ea599a,SAMMS-Richmond
202609031813231048,202609031729278281,202609031729277737,97,6295,P1 Forms SMS Text Consent Form Bronze - SFN,br_samms_sms_text_consent_form,TASK_COMPLETE,SUCCESS,INFO,150,150,0,,2026-09-03T17:29:32.843Z,2026-09-03T18:13:30.795Z,2638,2026-09-03T18:13:30.795Z,SFN,SFN,94249231-24a1-492e-97bf-dcd504ea599a,SAMMS-SFNv5
202609031813231049,202609031729278282,202609031729277737,97,6296,P1 Forms SMS Text Consent Form Bronze - SHP,br_samms_sms_text_consent_form,TASK_COMPLETE,SUCCESS,INFO,110,110,0,,2026-09-03T17:29:32.843Z,2026-09-03T18:13:30.795Z,2638,2026-09-03T18:13:30.795Z,SHP,Shreveport,94249231-24a1-492e-97bf-dcd504ea599a,SAMMS-Shreveport
202609031813231051,202609031729278283,202609031729277737,97,6297,P1 Forms SMS Text Consent Form Bronze - STN,br_samms_sms_text_consent_form,TASK_COMPLETE,SUCCESS,INFO,112,112,0,,2026-09-03T17:29:32.843Z,2026-09-03T18:13:30.795Z,2638,2026-09-03T18:13:30.795Z,STN,Staunton,94249231-24a1-492e-97bf-dcd504ea599a,SAMMS-Staunton
202609031813231052,202609031729278284,202609031729277737,97,6298,P1 Forms SMS Text Consent Form Bronze - STVN,br_samms_sms_text_consent_form,TASK_COMPLETE,SUCCESS,INFO,14,14,0,,2026-09-03T17:29:32.843Z,2026-09-03T18:13:30.795Z,2638,2026-09-03T18:13:30.795Z,STVN,Stevenson,94249231-24a1-492e-97bf-dcd504ea599a,SAMMS-Stevenson
202609031813231053,202609031729278285,202609031729277737,97,6299,P1 Forms SMS Text Consent Form Bronze - TE,br_samms_sms_text_consent_form,TASK_COMPLETE,SUCCESS,INFO,0,0,0,,2026-09-03T17:29:32.843Z,2026-09-03T18:13:30.795Z,2638,2026-09-03T18:13:30.795Z,TE,Tempe,94249231-24a1-492e-97bf-dcd504ea599a,SAMMS-Tempe
202609031813231054,202609031729278286,202609031729277737,97,6300,P1 Forms SMS Text Consent Form Bronze - TEX,br_samms_sms_text_consent_form,TASK_COMPLETE,SUCCESS,INFO,109,109,0,,2026-09-03T17:29:32.843Z,2026-09-03T18:13:30.795Z,2638,2026-09-03T18:13:30.795Z,TEX,Texarkana,94249231-24a1-492e-97bf-dcd504ea599a,SAMMS-Texarkana
202609031813231055,202609031729278287,202609031729277737,97,6301,P1 Forms SMS Text Consent Form Bronze - TTCA,br_samms_sms_text_consent_form,TASK_COMPLETE,SUCCESS,INFO,83,83,0,,2026-09-03T17:29:32.843Z,2026-09-03T18:13:30.795Z,2638,2026-09-03T18:13:30.795Z,TTCA,Bessemer,94249231-24a1-492e-97bf-dcd504ea599a,SAMMS-BessemerV5
202609031813231056,202609031729278288,202609031729277737,97,6302,P1 Forms SMS Text Consent Form Bronze - TTCB,br_samms_sms_text_consent_form,TASK_COMPLETE,SUCCESS,INFO,129,129,0,,2026-09-03T17:29:32.843Z,2026-09-03T18:13:30.795Z,2638,2026-09-03T18:13:30.795Z,TTCB,Cullman,94249231-24a1-492e-97bf-dcd504ea599a,SAMMS-CullmanV5
202609031813231057,202609031729278289,202609031729277737,97,6303,P1 Forms SMS Text Consent Form Bronze - TTCC,br_samms_sms_text_consent_form,TASK_COMPLETE,SUCCESS,INFO,56,56,0,,2026-09-03T17:29:32.843Z,2026-09-03T18:13:30.795Z,2638,2026-09-03T18:13:30.795Z,TTCC,GrandBay,94249231-24a1-492e-97bf-dcd504ea599a,SAMMS-GrandBay
202609031813231058,202609031729278290,202609031729277737,97,6304,P1 Forms SMS Text Consent Form Bronze - TU,br_samms_sms_text_consent_form,TASK_COMPLETE,SUCCESS,INFO,0,0,0,,2026-09-03T17:29:32.843Z,2026-09-03T18:13:30.795Z,2638,2026-09-03T18:13:30.795Z,TU,Tucson,94249231-24a1-492e-97bf-dcd504ea599a,SAMMS-Tucson
202609031813231059,202609031729278291,202609031729277737,97,6305,P1 Forms SMS Text Consent Form Bronze - V1,br_samms_sms_text_consent_form,TASK_COMPLETE,SUCCESS,INFO,49,49,0,,2026-09-03T17:29:32.843Z,2026-09-03T18:13:30.795Z,2638,2026-09-03T18:13:30.795Z,V1,VCPHCS-I-Memphis,94249231-24a1-492e-97bf-dcd504ea599a,SAMMS-VCPHCS-I-MemphisV5
202609031813231061,202609031729278292,202609031729277737,97,6306,P1 Forms SMS Text Consent Form Bronze - V10,br_samms_sms_text_consent_form,TASK_COMPLETE,SUCCESS,INFO,82,82,0,,2026-09-03T17:29:32.843Z,2026-09-03T18:13:30.795Z,2638,2026-09-03T18:13:30.795Z,V10,Boulder,94249231-24a1-492e-97bf-dcd504ea599a,SAMMS-BoulderV5
202609031813231062,202609031729278293,202609031729277737,97,6307,P1 Forms SMS Text Consent Form Bronze - V10A,br_samms_sms_text_consent_form,TASK_COMPLETE,SUCCESS,INFO,234,234,0,,2026-09-03T17:29:32.843Z,2026-09-03T18:13:30.795Z,2638,2026-09-03T18:13:30.795Z,V10A,FortCollins,94249231-24a1-492e-97bf-dcd504ea599a,SAMMS-FortCollinsV5
202609031813231063,202609031729278294,202609031729277737,97,6308,P1 Forms SMS Text Consent Form Bronze - V11,br_samms_sms_text_consent_form,TASK_COMPLETE,SUCCESS,INFO,103,103,0,,2026-09-03T17:29:32.843Z,2026-09-03T18:13:30.795Z,2638,2026-09-03T18:13:30.795Z,V11,VCPHCS-XI-NorthDenver,94249231-24a1-492e-97bf-dcd504ea599a,SAMMS-VCPHCS-XI-NorthDenverV5
202609031813231064,202609031729278295,202609031729277737,97,6309,P1 Forms SMS Text Consent Form Bronze - V12,br_samms_sms_text_consent_form,TASK_COMPLETE,SUCCESS,INFO,137,137,0,,2026-09-03T17:29:32.843Z,2026-09-03T18:13:30.795Z,2638,2026-09-03T18:13:30.795Z,V12,VCPHCS-XII-DowntownDenver,94249231-24a1-492e-97bf-dcd504ea599a,SAMMS-VCPHCS-XII-DowntownDenverV5
202609031813231065,202609031729278296,202609031729277737,97,6310,P1 Forms SMS Text Consent Form Bronze - V12A,br_samms_sms_text_consent_form,TASK_COMPLETE,SUCCESS,INFO,57,57,0,,2026-09-03T17:29:32.843Z,2026-09-03T18:13:30.795Z,2638,2026-09-03T18:13:30.795Z,V12A,Centennial,94249231-24a1-492e-97bf-dcd504ea599a,SAMMS-CentennialV5
202609031813231066,202609031729278297,202609031729277737,97,6311,P1 Forms SMS Text Consent Form Bronze - V14,br_samms_sms_text_consent_form,TASK_COMPLETE,SUCCESS,INFO,75,75,0,,2026-09-03T17:29:32.843Z,2026-09-03T18:13:30.795Z,2638,2026-09-03T18:13:30.795Z,V14,VCPHCS-XIV-Bridgeway,94249231-24a1-492e-97bf-dcd504ea599a,SAMMS-VCPHCS-XIV-BridgewayV5
202609031813231067,202609031729278298,202609031729277737,97,6312,P1 Forms SMS Text Consent Form Bronze - V15,br_samms_sms_text_consent_form,TASK_COMPLETE,SUCCESS,INFO,145,145,0,,2026-09-03T17:29:32.843Z,2026-09-03T18:13:30.795Z,2638,2026-09-03T18:13:30.795Z,V15,Joplin,94249231-24a1-492e-97bf-dcd504ea599a,SAMMS-JoplinV5
202609031813231068,202609031729278299,202609031729277737,97,6313,P1 Forms SMS Text Consent Form Bronze - V17,br_samms_sms_text_consent_form,TASK_COMPLETE,SUCCESS,INFO,87,87,0,,2026-09-03T17:29:32.843Z,2026-09-03T18:13:30.795Z,2638,2026-09-03T18:13:30.795Z,V17,ColumbiaTN,94249231-24a1-492e-97bf-dcd504ea599a,SAMMS-ColumbiaTNv5
202609031813231069,202609031729278300,202609031729277737,97,6314,P1 Forms SMS Text Consent Form Bronze - V19,br_samms_sms_text_consent_form,TASK_COMPLETE,SUCCESS,INFO,119,119,0,,2026-09-03T17:29:32.843Z,2026-09-03T18:13:30.795Z,2638,2026-09-03T18:13:30.795Z,V19,Jackson,94249231-24a1-492e-97bf-dcd504ea599a,SAMMS-JacksonV5
202609031813231071,202609031729278301,202609031729277737,97,6315,P1 Forms SMS Text Consent Form Bronze - V20,br_samms_sms_text_consent_form,TASK_COMPLETE,SUCCESS,INFO,88,88,0,,2026-09-03T17:29:32.843Z,2026-09-03T18:13:30.795Z,2638,2026-09-03T18:13:30.795Z,V20,Paris,94249231-24a1-492e-97bf-dcd504ea599a,SAMMS-ParisV5
202609031813231072,202609031729278302,202609031729277737,97,6316,P1 Forms SMS Text Consent Form Bronze - V21,br_samms_sms_text_consent_form,TASK_COMPLETE,SUCCESS,INFO,236,236,0,,2026-09-03T17:29:32.843Z,2026-09-03T18:13:30.795Z,2638,2026-09-03T18:13:30.795Z,V21,Raleigh,94249231-24a1-492e-97bf-dcd504ea599a,SAMMS-RaleighV5
202609031813231073,202609031729278303,202609031729277737,97,6317,P1 Forms SMS Text Consent Form Bronze - V5,br_samms_sms_text_consent_form,TASK_COMPLETE,SUCCESS,INFO,360,360,0,,2026-09-03T17:29:32.843Z,2026-09-03T18:13:30.795Z,2638,2026-09-03T18:13:30.795Z,V5,NONTC,94249231-24a1-492e-97bf-dcd504ea599a,SAMMS-NONTCv5
202609031813231074,202609031729278304,202609031729277737,97,6318,P1 Forms SMS Text Consent Form Bronze - V5B,br_samms_sms_text_consent_form,TASK_COMPLETE,SUCCESS,INFO,59,59,0,,2026-09-03T17:29:32.843Z,2026-09-03T18:13:30.795Z,2638,2026-09-03T18:13:30.795Z,V5B,Houma,94249231-24a1-492e-97bf-dcd504ea599a,SAMMS-HoumaV6
202609031813231075,202609031729278305,202609031729277737,97,6319,P1 Forms SMS Text Consent Form Bronze - V6,br_samms_sms_text_consent_form,TASK_COMPLETE,SUCCESS,INFO,158,158,0,,2026-09-03T17:29:32.843Z,2026-09-03T18:13:30.795Z,2638,2026-09-03T18:13:30.795Z,V6,LC,94249231-24a1-492e-97bf-dcd504ea599a,SAMMS-LCv5
202609031813231076,202609031729278306,202609031729277737,97,6320,P1 Forms SMS Text Consent Form Bronze - V8,br_samms_sms_text_consent_form,TASK_COMPLETE,SUCCESS,INFO,192,192,0,,2026-09-03T17:29:32.843Z,2026-09-03T18:13:30.795Z,2638,2026-09-03T18:13:30.795Z,V8,VCPHCS-VIII-Memphis,94249231-24a1-492e-97bf-dcd504ea599a,SAMMS-VCPHCS-VIII-MemphisV5
202609031813231077,202609031729278307,202609031729277737,97,6321,P1 Forms SMS Text Consent Form Bronze - V9,br_samms_sms_text_consent_form,TASK_COMPLETE,SUCCESS,INFO,204,204,0,,2026-09-03T17:29:32.843Z,2026-09-03T18:13:30.795Z,2638,2026-09-03T18:13:30.795Z,V9,Nashville,94249231-24a1-492e-97bf-dcd504ea599a,SAMMS-NashvilleV5
202609031813231078,202609031729278308,202609031729277737,97,6322,P1 Forms SMS Text Consent Form Bronze - VBRA,br_samms_sms_text_consent_form,TASK_COMPLETE,SUCCESS,INFO,164,164,0,,2026-09-03T17:29:32.843Z,2026-09-03T18:13:30.795Z,2638,2026-09-03T18:13:30.795Z,VBRA,Brainerd,94249231-24a1-492e-97bf-dcd504ea599a,SAMMS-BrainerdV6
202609031813231079,202609031729278309,202609031729277737,97,6323,P1 Forms SMS Text Consent Form Bronze - VBRP,br_samms_sms_text_consent_form,TASK_COMPLETE,SUCCESS,INFO,138,138,0,,2026-09-03T17:29:32.843Z,2026-09-03T18:13:30.795Z,2638,2026-09-03T18:13:30.795Z,VBRP,BrooklynPark,94249231-24a1-492e-97bf-dcd504ea599a,SAMMS-BrooklynParkV6
202609031813231081,202609031729278310,202609031729277737,97,6324,P1 Forms SMS Text Consent Form Bronze - VMIN,br_samms_sms_text_consent_form,TASK_COMPLETE,SUCCESS,INFO,94,94,0,,2026-09-03T17:29:32.843Z,2026-09-03T18:13:30.795Z,2638,2026-09-03T18:13:30.795Z,VMIN,Minneapolis,94249231-24a1-492e-97bf-dcd504ea599a,SAMMS-MinneapolisV6
202609031813231082,202609031729278311,202609031729277737,97,6325,P1 Forms SMS Text Consent Form Bronze - VWBY,br_samms_sms_text_consent_form,TASK_COMPLETE,SUCCESS,INFO,142,142,0,,2026-09-03T17:29:32.843Z,2026-09-03T18:13:30.795Z,2638,2026-09-03T18:13:30.795Z,VWBY,Woodbury,94249231-24a1-492e-97bf-dcd504ea599a,SAMMS-WoodburyV6
202609031813231083,202609031729278312,202609031729277737,97,6326,P1 Forms SMS Text Consent Form Bronze - WIL,br_samms_sms_text_consent_form,TASK_COMPLETE,SUCCESS,INFO,183,183,0,,2026-09-03T17:29:32.843Z,2026-09-03T18:13:30.795Z,2638,2026-09-03T18:13:30.795Z,WIL,Wilson,94249231-24a1-492e-97bf-dcd504ea599a,SAMMS-Wilson
202609031813231084,202609031729278313,202609031729277737,97,6329,P1 Forms Consent To Marketing Bronze - AHK,br_samms_consent_to_marketing,TASK_COMPLETE,SUCCESS,INFO,15,15,0,,2026-09-03T17:29:32.843Z,2026-09-03T18:13:30.795Z,2638,2026-09-03T18:13:30.795Z,AHK,Ahoskie,94249231-24a1-492e-97bf-dcd504ea599a,SAMMS-Ahoskie
202609031813230729,202609031729277994,202609031729277737,97,6004,P1 Forms E&M Form MDM Bronze - B46,br_samms_eandm_form_mdm,TASK_COMPLETE,SUCCESS,INFO,3984,3984,0,,2026-09-03T17:29:32.843Z,2026-09-03T18:13:30.795Z,2638,2026-09-03T18:13:30.795Z,B46,WashingtonDC,94249231-24a1-492e-97bf-dcd504ea599a,SAMMS-WashingtonDCv5
202609031813230731,202609031729277995,202609031729277737,97,6005,P1 Forms E&M Form MDM Bronze - B47,br_samms_eandm_form_mdm,TASK_COMPLETE,SUCCESS,INFO,679,679,0,,2026-09-03T17:29:32.843Z,2026-09-03T18:13:30.795Z,2638,2026-09-03T18:13:30.795Z,B47,Mobile,94249231-24a1-492e-97bf-dcd504ea599a,SAMMS-MobileV5
202609031813230732,202609031729277996,202609031729277737,97,6006,P1 Forms E&M Form MDM Bronze - B48,br_samms_eandm_form_mdm,TASK_COMPLETE,SUCCESS,INFO,2599,2599,0,,2026-09-03T17:29:32.843Z,2026-09-03T18:13:30.795Z,2638,2026-09-03T18:13:30.795Z,B48,Tuscaloosa,94249231-24a1-492e-97bf-dcd504ea599a,SAMMS-TuscaloosaV5
202609031813230733,202609031729277997,202609031729277737,97,6007,P1 Forms E&M Form MDM Bronze - B51,br_samms_eandm_form_mdm,TASK_COMPLETE,SUCCESS,INFO,656,656,0,,2026-09-03T17:29:32.843Z,2026-09-03T18:13:30.795Z,2638,2026-09-03T18:13:30.795Z,B51,NorthLittleRock,94249231-24a1-492e-97bf-dcd504ea599a,SAMMS-NorthLittleRockV6
202609031813230734,202609031729277998,202609031729277737,97,6008,P1 Forms E&M Form MDM Bronze - B52,br_samms_eandm_form_mdm,TASK_COMPLETE,SUCCESS,INFO,2644,2644,0,,2026-09-03T17:29:32.843Z,2026-09-03T18:13:30.795Z,2638,2026-09-03T18:13:30.795Z,B52,JacksonGA,94249231-24a1-492e-97bf-dcd504ea599a,SAMMS-JacksonGAV5
202609031813230735,202609031729277999,202609031729277737,97,6009,P1 Forms E&M Form MDM Bronze - B54,br_samms_eandm_form_mdm,TASK_COMPLETE,SUCCESS,INFO,751,751,0,,2026-09-03T17:29:32.843Z,2026-09-03T18:13:30.795Z,2638,2026-09-03T18:13:30.795Z,B54,Gadsden,94249231-24a1-492e-97bf-dcd504ea599a,SAMMS-GadsdenV5
202609031813230736,202609031729278000,202609031729277737,97,6010,P1 Forms E&M Form MDM Bronze - B55,br_samms_eandm_form_mdm,TASK_COMPLETE,SUCCESS,INFO,1289,1289,0,,2026-09-03T17:29:32.843Z,2026-09-03T18:13:30.795Z,2638,2026-09-03T18:13:30.795Z,B55,Shoals,94249231-24a1-492e-97bf-dcd504ea599a,SAMMS-ShoalsV5
202609031813230737,202609031729278001,202609031729277737,97,6011,P1 Forms E&M Form MDM Bronze - B57,br_samms_eandm_form_mdm,TASK_COMPLETE,SUCCESS,INFO,2491,2491,0,,2026-09-03T17:29:32.843Z,2026-09-03T18:13:30.795Z,2638,2026-09-03T18:13:30.795Z,B57,Pawtucket,94249231-24a1-492e-97bf-dcd504ea599a,SAMMS-Pawtucket
202609031813230738,202609031729278002,202609031729277737,97,6012,P1 Forms E&M Form MDM Bronze - B57A,br_samms_eandm_form_mdm,TASK_COMPLETE,SUCCESS,INFO,2558,2558,0,,2026-09-03T17:29:32.843Z,2026-09-03T18:13:30.795Z,2638,2026-09-03T18:13:30.795Z,B57A,Johnston,94249231-24a1-492e-97bf-dcd504ea599a,SAMMS-Johnston
202609031813230739,202609031729278003,202609031729277737,97,6013,P1 Forms E&M Form MDM Bronze - B57B,br_samms_eandm_form_mdm,TASK_COMPLETE,SUCCESS,INFO,1636,1636,0,,2026-09-03T17:29:32.843Z,2026-09-03T18:13:30.795Z,2638,2026-09-03T18:13:30.795Z,B57B,Middletown,94249231-24a1-492e-97bf-dcd504ea599a,SAMMS-Middletown
202609031813230741,202609031729278004,202609031729277737,97,6014,P1 Forms E&M Form MDM Bronze - B57C,br_samms_eandm_form_mdm,TASK_COMPLETE,SUCCESS,INFO,2062,2062,0,,2026-09-03T17:29:32.843Z,2026-09-03T18:13:30.795Z,2638,2026-09-03T18:13:30.795Z,B57C,Providence,94249231-24a1-492e-97bf-dcd504ea599a,SAMMS-Providence
202609031813230742,202609031729278005,202609031729277737,97,6015,P1 Forms E&M Form MDM Bronze - B57D,br_samms_eandm_form_mdm,TASK_COMPLETE,SUCCESS,INFO,3561,3561,0,,2026-09-03T17:29:32.843Z,2026-09-03T18:13:30.795Z,2638,2026-09-03T18:13:30.795Z,B57D,Westerly,94249231-24a1-492e-97bf-dcd504ea599a,SAMMS-Westerly
202609031813230743,202609031729278006,202609031729277737,97,6016,P1 Forms E&M Form MDM Bronze - B66A,br_samms_eandm_form_mdm,TASK_COMPLETE,SUCCESS,INFO,7096,7096,0,,2026-09-03T17:29:32.843Z,2026-09-03T18:13:30.795Z,2638,2026-09-03T18:13:30.795Z,B66A,Bremen,94249231-24a1-492e-97bf-dcd504ea599a,SAMMS-Bremen
202609031813230744,202609031729278007,202609031729277737,97,6017,P1 Forms E&M Form MDM Bronze - B72,br_samms_eandm_form_mdm,TASK_COMPLETE,SUCCESS,INFO,27341,27341,0,,2026-09-03T17:29:32.843Z,2026-09-03T18:13:30.795Z,2638,2026-09-03T18:13:30.795Z,B72,Mobile-OBOT,94249231-24a1-492e-97bf-dcd504ea599a,SAMMS-Mobile-OBOT
202609031813230745,202609031729278008,202609031729277737,97,6018,P1 Forms E&M Form MDM Bronze - B73,br_samms_eandm_form_mdm,TASK_COMPLETE,SUCCESS,INFO,11803,11803,0,,2026-09-03T17:29:32.843Z,2026-09-03T18:13:30.795Z,2638,2026-09-03T18:13:30.795Z,B73,Montgomery,94249231-24a1-492e-97bf-dcd504ea599a,SAMMS-Montgomery
202609031813230746,202609031729278009,202609031729277737,97,6019,P1 Forms E&M Form MDM Bronze - B75,br_samms_eandm_form_mdm,TASK_COMPLETE,SUCCESS,INFO,1321,1321,0,,2026-09-03T17:29:32.843Z,2026-09-03T18:13:30.795Z,2638,2026-09-03T18:13:30.795Z,B75,Lawrence,94249231-24a1-492e-97bf-dcd504ea599a,SAMMS-LawrenceV6
202609031813230747,202609031729278010,202609031729277737,97,6020,P1 Forms E&M Form MDM Bronze - B76,br_samms_eandm_form_mdm,TASK_COMPLETE,SUCCESS,INFO,1143,1143,0,,2026-09-03T17:29:32.843Z,2026-09-03T18:13:30.795Z,2638,2026-09-03T18:13:30.795Z,B76,Huntsville-OBOT,94249231-24a1-492e-97bf-dcd504ea599a,SAMMS-Huntsville-OBOT
202609031813230748,202609031729278011,202609031729277737,97,6021,P1 Forms E&M Form MDM Bronze - BAT,br_samms_eandm_form_mdm,TASK_COMPLETE,SUCCESS,INFO,11718,11718,0,,2026-09-03T17:29:32.843Z,2026-09-03T18:13:30.795Z,2638,2026-09-03T18:13:30.795Z,BAT,Batesville,94249231-24a1-492e-97bf-dcd504ea599a,SAMMS-Batesville
202609031813230749,202609031729278012,202609031729277737,97,6022,P1 Forms E&M Form MDM Bronze - BG,br_samms_eandm_form_mdm,TASK_COMPLETE,SUCCESS,INFO,3109,3109,0,,2026-09-03T17:29:32.843Z,2026-09-03T18:13:30.795Z,2638,2026-09-03T18:13:30.795Z,BG,BowlingGreen,94249231-24a1-492e-97bf-dcd504ea599a,SAMMS-BowlingGreen
202609031813230750,202609031729278013,202609031729277737,97,6023,P1 Forms E&M Form MDM Bronze - BOI,br_samms_eandm_form_mdm,TASK_COMPLETE,SUCCESS,INFO,722,722,0,,2026-09-03T17:29:32.843Z,2026-09-03T18:13:30.795Z,2638,2026-09-03T18:13:30.795Z,BOI,Boise,94249231-24a1-492e-97bf-dcd504ea599a,SAMMS-Boise
202609031813230752,202609031729278014,202609031729277737,97,6024,P1 Forms E&M Form MDM Bronze - CBCO,br_samms_eandm_form_mdm,TASK_COMPLETE,SUCCESS,INFO,612,612,0,,2026-09-03T17:29:32.843Z,2026-09-03T18:13:30.795Z,2638,2026-09-03T18:13:30.795Z,CBCO,CoeurdAlene,94249231-24a1-492e-97bf-dcd504ea599a,SAMMS-CoeurdAleneV6
202609031813230753,202609031729278015,202609031729277737,97,6025,P1 Forms E&M Form MDM Bronze - CON,br_samms_eandm_form_mdm,TASK_COMPLETE,SUCCESS,INFO,15690,15690,0,,2026-09-03T17:29:32.843Z,2026-09-03T18:13:30.795Z,2638,2026-09-03T18:13:30.795Z,CON,Conway,94249231-24a1-492e-97bf-dcd504ea599a,SAMMS-Conway
202609031813230754,202609031729278016,202609031729277737,97,6026,P1 Forms E&M Form MDM Bronze - D07,br_samms_eandm_form_mdm,TASK_COMPLETE,SUCCESS,INFO,59692,59692,0,,2026-09-03T17:29:32.843Z,2026-09-03T18:13:30.795Z,2638,2026-09-03T18:13:30.795Z,D07,Knoxville,94249231-24a1-492e-97bf-dcd504ea599a,SAMMS-KnoxvilleV6
202609031813230755,202609031729278017,202609031729277737,97,6027,P1 Forms E&M Form MDM Bronze - D08,br_samms_eandm_form_mdm,TASK_COMPLETE,SUCCESS,INFO,5032,5032,0,,2026-09-03T17:29:32.843Z,2026-09-03T18:13:30.795Z,2638,2026-09-03T18:13:30.795Z,D08,Madison,94249231-24a1-492e-97bf-dcd504ea599a,SAMMS-MadisonV6
202609031813230756,202609031729278018,202609031729277737,97,6028,P1 Forms E&M Form MDM Bronze - D09,br_samms_eandm_form_mdm,TASK_COMPLETE,SUCCESS,INFO,5240,5240,0,,2026-09-03T17:29:32.843Z,2026-09-03T18:13:30.795Z,2638,2026-09-03T18:13:30.795Z,D09,Murfreesboro,94249231-24a1-492e-97bf-dcd504ea599a,SAMMS-MurfreesboroV6
202609031813230757,202609031729278019,202609031729277737,97,6029,P1 Forms E&M Form MDM Bronze - DA,br_samms_eandm_form_mdm,TASK_COMPLETE,SUCCESS,INFO,1449,1449,0,,2026-09-03T17:29:32.843Z,2026-09-03T18:13:30.795Z,2638,2026-09-03T18:13:30.795Z,DA,Davenport,94249231-24a1-492e-97bf-dcd504ea599a,SAMMS-Davenport
202609031813230758,202609031729278020,202609031729277737,97,6030,P1 Forms E&M Form MDM Bronze - DM,br_samms_eandm_form_mdm,TASK_COMPLETE,SUCCESS,INFO,1928,1928,0,,2026-09-03T17:29:32.843Z,2026-09-03T18:13:30.795Z,2638,2026-09-03T18:13:30.795Z,DM,DesMoines,94249231-24a1-492e-97bf-dcd504ea599a,SAMMS-DesMoines
202609031813230759,202609031729278021,202609031729277737,97,6031,P1 Forms E&M Form MDM Bronze - DRD-CO,br_samms_eandm_form_mdm,TASK_COMPLETE,SUCCESS,INFO,1357,1357,0,,2026-09-03T17:29:32.843Z,2026-09-03T18:13:30.795Z,2638,2026-09-03T18:13:30.795Z,DRD-CO,Columbia,94249231-24a1-492e-97bf-dcd504ea599a,SAMMS-ColumbiaV5
202609031813230760,202609031729278022,202609031729277737,97,6032,P1 Forms E&M Form MDM Bronze - DRD-KC,br_samms_eandm_form_mdm,TASK_COMPLETE,SUCCESS,INFO,1997,1997,0,,2026-09-03T17:29:32.843Z,2026-09-03T18:13:30.795Z,2638,2026-09-03T18:13:30.795Z,DRD-KC,KC,94249231-24a1-492e-97bf-dcd504ea599a,SAMMS-KCv5
202609031813230762,202609031729278023,202609031729277737,97,6033,P1 Forms E&M Form MDM Bronze - DRD-KVB,br_samms_eandm_form_mdm,TASK_COMPLETE,SUCCESS,INFO,2964,2964,0,,2026-09-03T17:29:32.843Z,2026-09-03T18:13:30.795Z,2638,2026-09-03T18:13:30.795Z,DRD-KVB,KVB,94249231-24a1-492e-97bf-dcd504ea599a,SAMMS-KVBv5
202609031813230763,202609031729278024,202609031729277737,97,6034,P1 Forms E&M Form MDM Bronze - DRD-KVC,br_samms_eandm_form_mdm,TASK_COMPLETE,SUCCESS,INFO,4011,4011,0,,2026-09-03T17:29:32.843Z,2026-09-03T18:13:30.795Z,2638,2026-09-03T18:13:30.795Z,DRD-KVC,KVC,94249231-24a1-492e-97bf-dcd504ea599a,SAMMS-KVCv5
202609031813230764,202609031729278025,202609031729277737,97,6035,P1 Forms E&M Form MDM Bronze - DRD-NOLA,br_samms_eandm_form_mdm,TASK_COMPLETE,SUCCESS,INFO,2323,2323,0,,2026-09-03T17:29:32.843Z,2026-09-03T18:13:30.795Z,2638,2026-09-03T18:13:30.795Z,DRD-NOLA,NOLA,94249231-24a1-492e-97bf-dcd504ea599a,SAMMS-NOLAv5
202609031813230765,202609031729278026,202609031729277737,97,6036,P1 Forms E&M Form MDM Bronze - DRD-SF,br_samms_eandm_form_mdm,TASK_COMPLETE,SUCCESS,INFO,1176,1176,0,,2026-09-03T17:29:32.843Z,2026-09-03T18:13:30.795Z,2638,2026-09-03T18:13:30.795Z,DRD-SF,SF,94249231-24a1-492e-97bf-dcd504ea599a,SAMMS-SFv5
202609031813230766,202609031729278027,202609031729277737,97,6037,P1 Forms E&M Form MDM Bronze - ELC,br_samms_eandm_form_mdm,TASK_COMPLETE,SUCCESS,INFO,1441,1441,0,,2026-09-03T17:29:32.843Z,2026-09-03T18:13:30.795Z,2638,2026-09-03T18:13:30.795Z,ELC,ElizabethCity,94249231-24a1-492e-97bf-dcd504ea599a,SAMMS-ElizabethCity
202609031813230767,202609031729278028,202609031729277737,97,6038,P1 Forms E&M Form MDM Bronze - ET,br_samms_eandm_form_mdm,TASK_COMPLETE,SUCCESS,INFO,1660,1660,0,,2026-09-03T17:29:32.843Z,2026-09-03T18:13:30.795Z,2638,2026-09-03T18:13:30.795Z,ET,Elizabethtown,94249231-24a1-492e-97bf-dcd504ea599a,SAMMS-Elizabethtown
202609031813230768,202609031729278029,202609031729277737,97,6039,P1 Forms E&M Form MDM Bronze - FAY,br_samms_eandm_form_mdm,TASK_COMPLETE,SUCCESS,INFO,13028,13028,0,,2026-09-03T17:29:32.843Z,2026-09-03T18:13:30.795Z,2638,2026-09-03T18:13:30.795Z,FAY,Fayetteville,94249231-24a1-492e-97bf-dcd504ea599a,SAMMS-Fayetteville
202609031813230769,202609031729278030,202609031729277737,97,6040,P1 Forms E&M Form MDM Bronze - FR,br_samms_eandm_form_mdm,TASK_COMPLETE,SUCCESS,INFO,3736,3736,0,,2026-09-03T17:29:32.843Z,2026-09-03T18:13:30.795Z,2638,2026-09-03T18:13:30.795Z,FR,Frankfort,94249231-24a1-492e-97bf-dcd504ea599a,SAMMS-Frankfort
202609031813230770,202609031729278031,202609031729277737,97,6041,P1 Forms E&M Form MDM Bronze - FS,br_samms_eandm_form_mdm,TASK_COMPLETE,SUCCESS,INFO,11031,11031,0,,2026-09-03T17:29:32.843Z,2026-09-03T18:13:30.795Z,2638,2026-09-03T18:13:30.795Z,FS,FortSmith,94249231-24a1-492e-97bf-dcd504ea599a,SAMMS-FortSmith
202609031813230772,202609031729278032,202609031729277737,97,6042,P1 Forms E&M Form MDM Bronze - FW,br_samms_eandm_form_mdm,TASK_COMPLETE,SUCCESS,INFO,2372,2372,0,,2026-09-03T17:29:32.843Z,2026-09-03T18:13:30.795Z,2638,2026-09-03T18:13:30.795Z,FW,FortWayne,94249231-24a1-492e-97bf-dcd504ea599a,SAMMS-FortWayne
202609031813230773,202609031729278033,202609031729277737,97,6043,P1 Forms E&M Form MDM Bronze - GAL,br_samms_eandm_form_mdm,TASK_COMPLETE,SUCCESS,INFO,2066,2066,0,,2026-09-03T17:29:32.843Z,2026-09-03T18:13:30.795Z,2638,2026-09-03T18:13:30.795Z,GAL,Gaylord,94249231-24a1-492e-97bf-dcd504ea599a,SAMMS-Gaylord
202609031813230774,202609031729278034,202609031729277737,97,6044,P1 Forms E&M Form MDM Bronze - HGT,br_samms_eandm_form_mdm,TASK_COMPLETE,SUCCESS,INFO,9162,9162,0,,2026-09-03T17:29:32.843Z,2026-09-03T18:13:30.795Z,2638,2026-09-03T18:13:30.795Z,HGT,Hagerstown,94249231-24a1-492e-97bf-dcd504ea599a,SAMMS-Hagerstown
202609031813230775,202609031729278035,202609031729277737,97,6045,P1 Forms E&M Form MDM Bronze - HNT,br_samms_eandm_form_mdm,TASK_COMPLETE,SUCCESS,INFO,1655,1655,0,,2026-09-03T17:29:32.843Z,2026-09-03T18:13:30.795Z,2638,2026-09-03T18:13:30.795Z,HNT,Huntsville,94249231-24a1-492e-97bf-dcd504ea599a,SAMMS-Huntsville
202609031813230776,202609031729278036,202609031729277737,97,6046,P1 Forms E&M Form MDM Bronze - HS,br_samms_eandm_form_mdm,TASK_COMPLETE,SUCCESS,INFO,13746,13746,0,,2026-09-03T17:29:32.843Z,2026-09-03T18:13:30.795Z,2638,2026-09-03T18:13:30.795Z,HS,HotSprings,94249231-24a1-492e-97bf-dcd504ea599a,SAMMS-HotSprings
202609031813230777,202609031729278037,202609031729277737,97,6047,P1 Forms E&M Form MDM Bronze - JON,br_samms_eandm_form_mdm,TASK_COMPLETE,SUCCESS,INFO,9746,9746,0,,2026-09-03T17:29:32.843Z,2026-09-03T18:13:30.795Z,2638,2026-09-03T18:13:30.795Z,JON,Jonesboro,94249231-24a1-492e-97bf-dcd504ea599a,SAMMS-Jonesboro
202609031813230778,202609031729278038,202609031729277737,97,6048,P1 Forms E&M Form MDM Bronze - LAN,br_samms_eandm_form_mdm,TASK_COMPLETE,SUCCESS,INFO,3683,3683,0,,2026-09-03T17:29:32.843Z,2026-09-03T18:13:30.795Z,2638,2026-09-03T18:13:30.795Z,LAN,Lansing,94249231-24a1-492e-97bf-dcd504ea599a,SAMMS-Lansing
202609031813230779,202609031729278039,202609031729277737,97,6049,P1 Forms E&M Form MDM Bronze - LO,br_samms_eandm_form_mdm,TASK_COMPLETE,SUCCESS,INFO,4829,4829,0,,2026-09-03T17:29:32.843Z,2026-09-03T18:13:30.795Z,2638,2026-09-03T18:13:30.795Z,LO,Louisville,94249231-24a1-492e-97bf-dcd504ea599a,SAMMS-Louisville
202609031813230780,202609031729278040,202609031729277737,97,6050,P1 Forms E&M Form MDM Bronze - LV1,br_samms_eandm_form_mdm,TASK_COMPLETE,SUCCESS,INFO,4583,4583,0,,2026-09-03T17:29:32.843Z,2026-09-03T18:13:30.795Z,2638,2026-09-03T18:13:30.795Z,LV1,Cheyenne,94249231-24a1-492e-97bf-dcd504ea599a,SAMMS-Cheyenne
202609031813230782,202609031729278041,202609031729277737,97,6051,P1 Forms E&M Form MDM Bronze - LV2,br_samms_eandm_form_mdm,TASK_COMPLETE,SUCCESS,INFO,3935,3935,0,,2026-09-03T17:29:32.843Z,2026-09-03T18:13:30.795Z,2638,2026-09-03T18:13:30.795Z,LV2,DesertInn,94249231-24a1-492e-97bf-dcd504ea599a,SAMMS-DesertInn
202609031813230783,202609031729278042,202609031729277737,97,6052,P1 Forms E&M Form MDM Bronze - LV3,br_samms_eandm_form_mdm,TASK_COMPLETE,SUCCESS,INFO,1878,1878,0,,2026-09-03T17:29:32.843Z,2026-09-03T18:13:30.795Z,2638,2026-09-03T18:13:30.795Z,LV3,McDaniel,94249231-24a1-492e-97bf-dcd504ea599a,SAMMS-McDaniel
202609031813230784,202609031729278043,202609031729277737,97,6053,P1 Forms E&M Form MDM Bronze - MNRE,br_samms_eandm_form_mdm,TASK_COMPLETE,SUCCESS,INFO,1262,1262,0,,2026-09-03T17:29:32.843Z,2026-09-03T18:13:30.795Z,2638,2026-09-03T18:13:30.795Z,MNRE,Monroe,94249231-24a1-492e-97bf-dcd504ea599a,SAMMS-Monroe
202609031813230785,202609031729278044,202609031729277737,97,6054,P1 Forms E&M Form MDM Bronze - MP,br_samms_eandm_form_mdm,TASK_COMPLETE,SUCCESS,INFO,3520,3520,0,,2026-09-03T17:29:32.843Z,2026-09-03T18:13:30.795Z,2638,2026-09-03T18:13:30.795Z,MP,MtPleasant,94249231-24a1-492e-97bf-dcd504ea599a,SAMMS-MtPleasant
202609031813230786,202609031729278045,202609031729277737,97,6055,P1 Forms E&M Form MDM Bronze - MRD,br_samms_eandm_form_mdm,TASK_COMPLETE,SUCCESS,INFO,698,698,0,,2026-09-03T17:29:32.843Z,2026-09-03T18:13:30.795Z,2638,2026-09-03T18:13:30.795Z,MRD,Meridian,94249231-24a1-492e-97bf-dcd504ea599a,SAMMS-Meridian
202609031813230787,202609031729278046,202609031729277737,97,6056,P1 Forms E&M Form MDM Bronze - NC,br_samms_eandm_form_mdm,TASK_COMPLETE,SUCCESS,INFO,4017,4017,0,,2026-09-03T17:29:32.843Z,2026-09-03T18:13:30.795Z,2638,2026-09-03T18:13:30.795Z,NC,NorthCharleston,94249231-24a1-492e-97bf-dcd504ea599a,SAMMS-NorthCharleston
202609031813230788,202609031729278047,202609031729277737,97,6057,P1 Forms E&M Form MDM Bronze - NLR,br_samms_eandm_form_mdm,TASK_COMPLETE,SUCCESS,INFO,20632,20632,0,,2026-09-03T17:29:32.843Z,2026-09-03T18:13:30.795Z,2638,2026-09-03T18:13:30.795Z,NLR,NLROBOT,94249231-24a1-492e-97bf-dcd504ea599a,SAMMS-NLROBOT
202609031813230789,202609031729278048,202609031729277737,97,6058,P1 Forms E&M Form MDM Bronze - PH,br_samms_eandm_form_mdm,TASK_COMPLETE,SUCCESS,INFO,651,651,0,,2026-09-03T17:29:32.843Z,2026-09-03T18:13:30.795Z,2638,2026-09-03T18:13:30.795Z,PH,Phoenix,94249231-24a1-492e-97bf-dcd504ea599a,SAMMS-Phoenix
202609031813230790,202609031729278049,202609031729277737,97,6059,P1 Forms E&M Form MDM Bronze - RE,br_samms_eandm_form_mdm,TASK_COMPLETE,SUCCESS,INFO,2338,2338,0,,2026-09-03T17:29:32.843Z,2026-09-03T18:13:30.795Z,2638,2026-09-03T18:13:30.795Z,RE,Reno,94249231-24a1-492e-97bf-dcd504ea599a,SAMMS-Reno
202609031813230792,202609031729278050,202609031729277737,97,6060,P1 Forms E&M Form MDM Bronze - RMD,br_samms_eandm_form_mdm,TASK_COMPLETE,SUCCESS,INFO,2405,2405,0,,2026-09-03T17:29:32.843Z,2026-09-03T18:13:30.795Z,2638,2026-09-03T18:13:30.795Z,RMD,Richmond,94249231-24a1-492e-97bf-dcd504ea599a,SAMMS-Richmond
202609031813230793,202609031729278051,202609031729277737,97,6061,P1 Forms E&M Form MDM Bronze - SFN,br_samms_eandm_form_mdm,TASK_COMPLETE,SUCCESS,INFO,2113,2113,0,,2026-09-03T17:29:32.843Z,2026-09-03T18:13:30.795Z,2638,2026-09-03T18:13:30.795Z,SFN,SFN,94249231-24a1-492e-97bf-dcd504ea599a,SAMMS-SFNv5
202609031813230794,202609031729278052,202609031729277737,97,6062,P1 Forms E&M Form MDM Bronze - SHP,br_samms_eandm_form_mdm,TASK_COMPLETE,SUCCESS,INFO,3005,3005,0,,2026-09-03T17:29:32.843Z,2026-09-03T18:13:30.795Z,2638,2026-09-03T18:13:30.795Z,SHP,Shreveport,94249231-24a1-492e-97bf-dcd504ea599a,SAMMS-Shreveport
202609031813230795,202609031729278053,202609031729277737,97,6063,P1 Forms E&M Form MDM Bronze - STN,br_samms_eandm_form_mdm,TASK_COMPLETE,SUCCESS,INFO,759,759,0,,2026-09-03T17:29:32.843Z,2026-09-03T18:13:30.795Z,2638,2026-09-03T18:13:30.795Z,STN,Staunton,94249231-24a1-492e-97bf-dcd504ea599a,SAMMS-Staunton
202609031813230796,202609031729278054,202609031729277737,97,6064,P1 Forms E&M Form MDM Bronze - STVN,br_samms_eandm_form_mdm,TASK_COMPLETE,SUCCESS,INFO,287,287,0,,2026-09-03T17:29:32.843Z,2026-09-03T18:13:30.795Z,2638,2026-09-03T18:13:30.795Z,STVN,Stevenson,94249231-24a1-492e-97bf-dcd504ea599a,SAMMS-Stevenson
202609031813230797,202609031729278055,202609031729277737,97,6065,P1 Forms E&M Form MDM Bronze - TE,br_samms_eandm_form_mdm,TASK_COMPLETE,SUCCESS,INFO,677,677,0,,2026-09-03T17:29:32.843Z,2026-09-03T18:13:30.795Z,2638,2026-09-03T18:13:30.795Z,TE,Tempe,94249231-24a1-492e-97bf-dcd504ea599a,SAMMS-Tempe
202609031813230798,202609031729278056,202609031729277737,97,6066,P1 Forms E&M Form MDM Bronze - TEX,br_samms_eandm_form_mdm,TASK_COMPLETE,SUCCESS,INFO,13009,13009,0,,2026-09-03T17:29:32.843Z,2026-09-03T18:13:30.795Z,2638,2026-09-03T18:13:30.795Z,TEX,Texarkana,94249231-24a1-492e-97bf-dcd504ea599a,SAMMS-Texarkana
202609031813230799,202609031729278057,202609031729277737,97,6067,P1 Forms E&M Form MDM Bronze - TTCA,br_samms_eandm_form_mdm,TASK_COMPLETE,SUCCESS,INFO,3104,3104,0,,2026-09-03T17:29:32.843Z,2026-09-03T18:13:30.795Z,2638,2026-09-03T18:13:30.795Z,TTCA,Bessemer,94249231-24a1-492e-97bf-dcd504ea599a,SAMMS-BessemerV5
202609031813230587,202609031729277866,202609031729277737,97,5874,P1 Forms E&M Form Pregnancy Bronze - B35A,br_samms_eandm_form_pregnancy,TASK_COMPLETE,SUCCESS,INFO,625,625,0,,2026-09-03T17:29:32.843Z,2026-09-03T18:13:30.795Z,2638,2026-09-03T18:13:30.795Z,B35A,Berea,94249231-24a1-492e-97bf-dcd504ea599a,SAMMS-BereaV5
202609031813230588,202609031729277867,202609031729277737,97,5875,P1 Forms E&M Form Pregnancy Bronze - B36,br_samms_eandm_form_pregnancy,TASK_COMPLETE,SUCCESS,INFO,650,650,0,,2026-09-03T17:29:32.843Z,2026-09-03T18:13:30.795Z,2638,2026-09-03T18:13:30.795Z,B36,Asheville,94249231-24a1-492e-97bf-dcd504ea599a,SAMMS-AshevilleV5
202609031813230589,202609031729277868,202609031729277737,97,5876,P1 Forms E&M Form Pregnancy Bronze - B37,br_samms_eandm_form_pregnancy,TASK_COMPLETE,SUCCESS,INFO,534,534,0,,2026-09-03T17:29:32.843Z,2026-09-03T18:13:30.795Z,2638,2026-09-03T18:13:30.795Z,B37,Clyde,94249231-24a1-492e-97bf-dcd504ea599a,SAMMS-ClydeV5
202609031813230590,202609031729277869,202609031729277737,97,5877,P1 Forms E&M Form Pregnancy Bronze - B38,br_samms_eandm_form_pregnancy,TASK_COMPLETE,SUCCESS,INFO,709,709,0,,2026-09-03T17:29:32.843Z,2026-09-03T18:13:30.795Z,2638,2026-09-03T18:13:30.795Z,B38,Spartanburg,94249231-24a1-492e-97bf-dcd504ea599a,SAMMS-SpartanburgV5
202609031813230592,202609031729277870,202609031729277737,97,5878,P1 Forms E&M Form Pregnancy Bronze - B39,br_samms_eandm_form_pregnancy,TASK_COMPLETE,SUCCESS,INFO,497,497,0,,2026-09-03T17:29:32.843Z,2026-09-03T18:13:30.795Z,2638,2026-09-03T18:13:30.795Z,B39,Aiken,94249231-24a1-492e-97bf-dcd504ea599a,SAMMS-AikenV5
202609031813230593,202609031729277871,202609031729277737,97,5879,P1 Forms E&M Form Pregnancy Bronze - B41,br_samms_eandm_form_pregnancy,TASK_COMPLETE,SUCCESS,INFO,731,731,0,,2026-09-03T17:29:32.843Z,2026-09-03T18:13:30.795Z,2638,2026-09-03T18:13:30.795Z,B41,Chesapeake,94249231-24a1-492e-97bf-dcd504ea599a,SAMMS-ChesapeakeV5
202609031813230594,202609031729277872,202609031729277737,97,5880,P1 Forms E&M Form Pregnancy Bronze - B42,br_samms_eandm_form_pregnancy,TASK_COMPLETE,SUCCESS,INFO,1316,1316,0,,2026-09-03T17:29:32.843Z,2026-09-03T18:13:30.795Z,2638,2026-09-03T18:13:30.795Z,B42,VirginiaBeach,94249231-24a1-492e-97bf-dcd504ea599a,SAMMS-VirginiaBeachV5
202609031813230595,202609031729277873,202609031729277737,97,5881,P1 Forms E&M Form Pregnancy Bronze - B42A,br_samms_eandm_form_pregnancy,TASK_COMPLETE,SUCCESS,INFO,499,499,0,,2026-09-03T17:29:32.843Z,2026-09-03T18:13:30.795Z,2638,2026-09-03T18:13:30.795Z,B42A,NewportNews,94249231-24a1-492e-97bf-dcd504ea599a,SAMMS-NewportNewsV5
202609031813230596,202609031729277874,202609031729277737,97,5882,P1 Forms E&M Form Pregnancy Bronze - B42B,br_samms_eandm_form_pregnancy,TASK_COMPLETE,SUCCESS,INFO,132,132,0,,2026-09-03T17:29:32.843Z,2026-09-03T18:13:30.795Z,2638,2026-09-03T18:13:30.795Z,B42B,Franklin,94249231-24a1-492e-97bf-dcd504ea599a,SAMMS-FranklinV5
202609031813230597,202609031729277875,202609031729277737,97,5883,P1 Forms E&M Form Pregnancy Bronze - B42C,br_samms_eandm_form_pregnancy,TASK_COMPLETE,SUCCESS,INFO,733,733,0,,2026-09-03T17:29:32.843Z,2026-09-03T18:13:30.795Z,2638,2026-09-03T18:13:30.795Z,B42C,GlenAllen,94249231-24a1-492e-97bf-dcd504ea599a,SAMMS-GlenAllenV5
202609031813230598,202609031729277876,202609031729277737,97,5884,P1 Forms E&M Form Pregnancy Bronze - B42D,br_samms_eandm_form_pregnancy,TASK_COMPLETE,SUCCESS,INFO,464,464,0,,2026-09-03T17:29:32.843Z,2026-09-03T18:13:30.795Z,2638,2026-09-03T18:13:30.795Z,B42D,ChesapeakeSouth,94249231-24a1-492e-97bf-dcd504ea599a,SAMMS-ChesapeakeSouthV5
202609031813230599,202609031729277877,202609031729277737,97,5885,P1 Forms E&M Form Pregnancy Bronze - B44,br_samms_eandm_form_pregnancy,TASK_COMPLETE,SUCCESS,INFO,203,203,0,,2026-09-03T17:29:32.843Z,2026-09-03T18:13:30.795Z,2638,2026-09-03T18:13:30.795Z,B44,Albany,94249231-24a1-492e-97bf-dcd504ea599a,SAMMS-AlbanyV5
202609031813230600,202609031729277878,202609031729277737,97,5886,P1 Forms E&M Form Pregnancy Bronze - B45,br_samms_eandm_form_pregnancy,TASK_COMPLETE,SUCCESS,INFO,329,329,0,,2026-09-03T17:29:32.843Z,2026-09-03T18:13:30.795Z,2638,2026-09-03T18:13:30.795Z,B45,Tifton,94249231-24a1-492e-97bf-dcd504ea599a,SAMMS-TiftonV5
202609031813230602,202609031729277879,202609031729277737,97,5887,P1 Forms E&M Form Pregnancy Bronze - B46,br_samms_eandm_form_pregnancy,TASK_COMPLETE,SUCCESS,INFO,748,748,0,,2026-09-03T17:29:32.843Z,2026-09-03T18:13:30.795Z,2638,2026-09-03T18:13:30.795Z,B46,WashingtonDC,94249231-24a1-492e-97bf-dcd504ea599a,SAMMS-WashingtonDCv5
202609031813230603,202609031729277880,202609031729277737,97,5888,P1 Forms E&M Form Pregnancy Bronze - B47,br_samms_eandm_form_pregnancy,TASK_COMPLETE,SUCCESS,INFO,408,408,0,,2026-09-03T17:29:32.843Z,2026-09-03T18:13:30.795Z,2638,2026-09-03T18:13:30.795Z,B47,Mobile,94249231-24a1-492e-97bf-dcd504ea599a,SAMMS-MobileV5
202609031813230604,202609031729277881,202609031729277737,97,5889,P1 Forms E&M Form Pregnancy Bronze - B48,br_samms_eandm_form_pregnancy,TASK_COMPLETE,SUCCESS,INFO,479,479,0,,2026-09-03T17:29:32.843Z,2026-09-03T18:13:30.795Z,2638,2026-09-03T18:13:30.795Z,B48,Tuscaloosa,94249231-24a1-492e-97bf-dcd504ea599a,SAMMS-TuscaloosaV5
202609031813230605,202609031729277882,202609031729277737,97,5890,P1 Forms E&M Form Pregnancy Bronze - B51,br_samms_eandm_form_pregnancy,TASK_COMPLETE,SUCCESS,INFO,324,324,0,,2026-09-03T17:29:32.843Z,2026-09-03T18:13:30.795Z,2638,2026-09-03T18:13:30.795Z,B51,NorthLittleRock,94249231-24a1-492e-97bf-dcd504ea599a,SAMMS-NorthLittleRockV6
202609031813230606,202609031729277883,202609031729277737,97,5891,P1 Forms E&M Form Pregnancy Bronze - B52,br_samms_eandm_form_pregnancy,TASK_COMPLETE,SUCCESS,INFO,237,237,0,,2026-09-03T17:29:32.843Z,2026-09-03T18:13:30.795Z,2638,2026-09-03T18:13:30.795Z,B52,JacksonGA,94249231-24a1-492e-97bf-dcd504ea599a,SAMMS-JacksonGAV5
202609031813230607,202609031729277884,202609031729277737,97,5892,P1 Forms E&M Form Pregnancy Bronze - B54,br_samms_eandm_form_pregnancy,TASK_COMPLETE,SUCCESS,INFO,432,432,0,,2026-09-03T17:29:32.843Z,2026-09-03T18:13:30.795Z,2638,2026-09-03T18:13:30.795Z,B54,Gadsden,94249231-24a1-492e-97bf-dcd504ea599a,SAMMS-GadsdenV5
202609031813230608,202609031729277885,202609031729277737,97,5893,P1 Forms E&M Form Pregnancy Bronze - B55,br_samms_eandm_form_pregnancy,TASK_COMPLETE,SUCCESS,INFO,305,305,0,,2026-09-03T17:29:32.843Z,2026-09-03T18:13:30.795Z,2638,2026-09-03T18:13:30.795Z,B55,Shoals,94249231-24a1-492e-97bf-dcd504ea599a,SAMMS-ShoalsV5
202609031813230609,202609031729277886,202609031729277737,97,5894,P1 Forms E&M Form Pregnancy Bronze - B57,br_samms_eandm_form_pregnancy,TASK_COMPLETE,SUCCESS,INFO,153,153,0,,2026-09-03T17:29:32.843Z,2026-09-03T18:13:30.795Z,2638,2026-09-03T18:13:30.795Z,B57,Pawtucket,94249231-24a1-492e-97bf-dcd504ea599a,SAMMS-Pawtucket
202609031813230611,202609031729277887,202609031729277737,97,5895,P1 Forms E&M Form Pregnancy Bronze - B57A,br_samms_eandm_form_pregnancy,TASK_COMPLETE,SUCCESS,INFO,174,174,0,,2026-09-03T17:29:32.843Z,2026-09-03T18:13:30.795Z,2638,2026-09-03T18:13:30.795Z,B57A,Johnston,94249231-24a1-492e-97bf-dcd504ea599a,SAMMS-Johnston
202609031813230612,202609031729277888,202609031729277737,97,5896,P1 Forms E&M Form Pregnancy Bronze - B57B,br_samms_eandm_form_pregnancy,TASK_COMPLETE,SUCCESS,INFO,72,72,0,,2026-09-03T17:29:32.843Z,2026-09-03T18:13:30.795Z,2638,2026-09-03T18:13:30.795Z,B57B,Middletown,94249231-24a1-492e-97bf-dcd504ea599a,SAMMS-Middletown
202609031813230613,202609031729277889,202609031729277737,97,5897,P1 Forms E&M Form Pregnancy Bronze - B57C,br_samms_eandm_form_pregnancy,TASK_COMPLETE,SUCCESS,INFO,131,131,0,,2026-09-03T17:29:32.843Z,2026-09-03T18:13:30.795Z,2638,2026-09-03T18:13:30.795Z,B57C,Providence,94249231-24a1-492e-97bf-dcd504ea599a,SAMMS-Providence
202609031813230614,202609031729277890,202609031729277737,97,5898,P1 Forms E&M Form Pregnancy Bronze - B57D,br_samms_eandm_form_pregnancy,TASK_COMPLETE,SUCCESS,INFO,226,226,0,,2026-09-03T17:29:32.843Z,2026-09-03T18:13:30.795Z,2638,2026-09-03T18:13:30.795Z,B57D,Westerly,94249231-24a1-492e-97bf-dcd504ea599a,SAMMS-Westerly
202609031813230615,202609031729277891,202609031729277737,97,5899,P1 Forms E&M Form Pregnancy Bronze - B66A,br_samms_eandm_form_pregnancy,TASK_COMPLETE,SUCCESS,INFO,367,367,0,,2026-09-03T17:29:32.843Z,2026-09-03T18:13:30.795Z,2638,2026-09-03T18:13:30.795Z,B66A,Bremen,94249231-24a1-492e-97bf-dcd504ea599a,SAMMS-Bremen
202609031813230616,202609031729277892,202609031729277737,97,5900,P1 Forms E&M Form Pregnancy Bronze - B72,br_samms_eandm_form_pregnancy,TASK_COMPLETE,SUCCESS,INFO,591,591,0,,2026-09-03T17:29:32.843Z,2026-09-03T18:13:30.795Z,2638,2026-09-03T18:13:30.795Z,B72,Mobile-OBOT,94249231-24a1-492e-97bf-dcd504ea599a,SAMMS-Mobile-OBOT
202609031813230617,202609031729277893,202609031729277737,97,5901,P1 Forms E&M Form Pregnancy Bronze - B73,br_samms_eandm_form_pregnancy,TASK_COMPLETE,SUCCESS,INFO,257,257,0,,2026-09-03T17:29:32.843Z,2026-09-03T18:13:30.795Z,2638,2026-09-03T18:13:30.795Z,B73,Montgomery,94249231-24a1-492e-97bf-dcd504ea599a,SAMMS-Montgomery
202609031813230618,202609031729277894,202609031729277737,97,5902,P1 Forms E&M Form Pregnancy Bronze - B75,br_samms_eandm_form_pregnancy,TASK_COMPLETE,SUCCESS,INFO,384,384,0,,2026-09-03T17:29:32.843Z,2026-09-03T18:13:30.795Z,2638,2026-09-03T18:13:30.795Z,B75,Lawrence,94249231-24a1-492e-97bf-dcd504ea599a,SAMMS-LawrenceV6
202609031813230619,202609031729277895,202609031729277737,97,5903,P1 Forms E&M Form Pregnancy Bronze - B76,br_samms_eandm_form_pregnancy,TASK_COMPLETE,SUCCESS,INFO,121,121,0,,2026-09-03T17:29:32.843Z,2026-09-03T18:13:30.795Z,2638,2026-09-03T18:13:30.795Z,B76,Huntsville-OBOT,94249231-24a1-492e-97bf-dcd504ea599a,SAMMS-Huntsville-OBOT
202609031813230621,202609031729277896,202609031729277737,97,5904,P1 Forms E&M Form Pregnancy Bronze - BAT,br_samms_eandm_form_pregnancy,TASK_COMPLETE,SUCCESS,INFO,338,338,0,,2026-09-03T17:29:32.843Z,2026-09-03T18:13:30.795Z,2638,2026-09-03T18:13:30.795Z,BAT,Batesville,94249231-24a1-492e-97bf-dcd504ea599a,SAMMS-Batesville
202609031813230622,202609031729277897,202609031729277737,97,5905,P1 Forms E&M Form Pregnancy Bronze - BG,br_samms_eandm_form_pregnancy,TASK_COMPLETE,SUCCESS,INFO,511,511,0,,2026-09-03T17:29:32.843Z,2026-09-03T18:13:30.795Z,2638,2026-09-03T18:13:30.795Z,BG,BowlingGreen,94249231-24a1-492e-97bf-dcd504ea599a,SAMMS-BowlingGreen
202609031813230623,202609031729277898,202609031729277737,97,5906,P1 Forms E&M Form Pregnancy Bronze - BOI,br_samms_eandm_form_pregnancy,TASK_COMPLETE,SUCCESS,INFO,251,251,0,,2026-09-03T17:29:32.843Z,2026-09-03T18:13:30.795Z,2638,2026-09-03T18:13:30.795Z,BOI,Boise,94249231-24a1-492e-97bf-dcd504ea599a,SAMMS-Boise
202609031813230624,202609031729277899,202609031729277737,97,5907,P1 Forms E&M Form Pregnancy Bronze - CBCO,br_samms_eandm_form_pregnancy,TASK_COMPLETE,SUCCESS,INFO,354,354,0,,2026-09-03T17:29:32.843Z,2026-09-03T18:13:30.795Z,2638,2026-09-03T18:13:30.795Z,CBCO,CoeurdAlene,94249231-24a1-492e-97bf-dcd504ea599a,SAMMS-CoeurdAleneV6
202609031813230625,202609031729277900,202609031729277737,97,5908,P1 Forms E&M Form Pregnancy Bronze - CON,br_samms_eandm_form_pregnancy,TASK_COMPLETE,SUCCESS,INFO,408,408,0,,2026-09-03T17:29:32.843Z,2026-09-03T18:13:30.795Z,2638,2026-09-03T18:13:30.795Z,CON,Conway,94249231-24a1-492e-97bf-dcd504ea599a,SAMMS-Conway
202609031813230626,202609031729277901,202609031729277737,97,5909,P1 Forms E&M Form Pregnancy Bronze - D07,br_samms_eandm_form_pregnancy,TASK_COMPLETE,SUCCESS,INFO,1796,1796,0,,2026-09-03T17:29:32.843Z,2026-09-03T18:13:30.795Z,2638,2026-09-03T18:13:30.795Z,D07,Knoxville,94249231-24a1-492e-97bf-dcd504ea599a,SAMMS-KnoxvilleV6
202609031813230627,202609031729277902,202609031729277737,97,5910,P1 Forms E&M Form Pregnancy Bronze - D08,br_samms_eandm_form_pregnancy,TASK_COMPLETE,SUCCESS,INFO,1102,1102,0,,2026-09-03T17:29:32.843Z,2026-09-03T18:13:30.795Z,2638,2026-09-03T18:13:30.795Z,D08,Madison,94249231-24a1-492e-97bf-dcd504ea599a,SAMMS-MadisonV6
202609031813230628,202609031729277903,202609031729277737,97,5911,P1 Forms E&M Form Pregnancy Bronze - D09,br_samms_eandm_form_pregnancy,TASK_COMPLETE,SUCCESS,INFO,1037,1037,0,,2026-09-03T17:29:32.843Z,2026-09-03T18:13:30.795Z,2638,2026-09-03T18:13:30.795Z,D09,Murfreesboro,94249231-24a1-492e-97bf-dcd504ea599a,SAMMS-MurfreesboroV6
202609031813230629,202609031729277904,202609031729277737,97,5912,P1 Forms E&M Form Pregnancy Bronze - DA,br_samms_eandm_form_pregnancy,TASK_COMPLETE,SUCCESS,INFO,226,226,0,,2026-09-03T17:29:32.843Z,2026-09-03T18:13:30.795Z,2638,2026-09-03T18:13:30.795Z,DA,Davenport,94249231-24a1-492e-97bf-dcd504ea599a,SAMMS-Davenport
202609031813230631,202609031729277905,202609031729277737,97,5913,P1 Forms E&M Form Pregnancy Bronze - DM,br_samms_eandm_form_pregnancy,TASK_COMPLETE,SUCCESS,INFO,387,387,0,,2026-09-03T17:29:32.843Z,2026-09-03T18:13:30.795Z,2638,2026-09-03T18:13:30.795Z,DM,DesMoines,94249231-24a1-492e-97bf-dcd504ea599a,SAMMS-DesMoines
202609031813230632,202609031729277906,202609031729277737,97,5914,P1 Forms E&M Form Pregnancy Bronze - DRD-CO,br_samms_eandm_form_pregnancy,TASK_COMPLETE,SUCCESS,INFO,499,499,0,,2026-09-03T17:29:32.843Z,2026-09-03T18:13:30.795Z,2638,2026-09-03T18:13:30.795Z,DRD-CO,Columbia,94249231-24a1-492e-97bf-dcd504ea599a,SAMMS-ColumbiaV5
202609031813230633,202609031729277907,202609031729277737,97,5915,P1 Forms E&M Form Pregnancy Bronze - DRD-KC,br_samms_eandm_form_pregnancy,TASK_COMPLETE,SUCCESS,INFO,682,682,0,,2026-09-03T17:29:32.843Z,2026-09-03T18:13:30.795Z,2638,2026-09-03T18:13:30.795Z,DRD-KC,KC,94249231-24a1-492e-97bf-dcd504ea599a,SAMMS-KCv5
202609031813230634,202609031729277908,202609031729277737,97,5916,P1 Forms E&M Form Pregnancy Bronze - DRD-KVB,br_samms_eandm_form_pregnancy,TASK_COMPLETE,SUCCESS,INFO,944,944,0,,2026-09-03T17:29:32.843Z,2026-09-03T18:13:30.795Z,2638,2026-09-03T18:13:30.795Z,DRD-KVB,KVB,94249231-24a1-492e-97bf-dcd504ea599a,SAMMS-KVBv5
202609031813230635,202609031729277909,202609031729277737,97,5917,P1 Forms E&M Form Pregnancy Bronze - DRD-KVC,br_samms_eandm_form_pregnancy,TASK_COMPLETE,SUCCESS,INFO,1641,1641,0,,2026-09-03T17:29:32.843Z,2026-09-03T18:13:30.795Z,2638,2026-09-03T18:13:30.795Z,DRD-KVC,KVC,94249231-24a1-492e-97bf-dcd504ea599a,SAMMS-KVCv5
202609031813230636,202609031729277910,202609031729277737,97,5918,P1 Forms E&M Form Pregnancy Bronze - DRD-NOLA,br_samms_eandm_form_pregnancy,TASK_COMPLETE,SUCCESS,INFO,1329,1329,0,,2026-09-03T17:29:32.843Z,2026-09-03T18:13:30.795Z,2638,2026-09-03T18:13:30.795Z,DRD-NOLA,NOLA,94249231-24a1-492e-97bf-dcd504ea599a,SAMMS-NOLAv5
202609031813230637,202609031729277911,202609031729277737,97,5919,P1 Forms E&M Form Pregnancy Bronze - DRD-SF,br_samms_eandm_form_pregnancy,TASK_COMPLETE,SUCCESS,INFO,370,370,0,,2026-09-03T17:29:32.843Z,2026-09-03T18:13:30.795Z,2638,2026-09-03T18:13:30.795Z,DRD-SF,SF,94249231-24a1-492e-97bf-dcd504ea599a,SAMMS-SFv5
202609031813230638,202609031729277912,202609031729277737,97,5920,P1 Forms E&M Form Pregnancy Bronze - ELC,br_samms_eandm_form_pregnancy,TASK_COMPLETE,SUCCESS,INFO,297,297,0,,2026-09-03T17:29:32.843Z,2026-09-03T18:13:30.795Z,2638,2026-09-03T18:13:30.795Z,ELC,ElizabethCity,94249231-24a1-492e-97bf-dcd504ea599a,SAMMS-ElizabethCity
202609031813230639,202609031729277913,202609031729277737,97,5921,P1 Forms E&M Form Pregnancy Bronze - ET,br_samms_eandm_form_pregnancy,TASK_COMPLETE,SUCCESS,INFO,449,449,0,,2026-09-03T17:29:32.843Z,2026-09-03T18:13:30.795Z,2638,2026-09-03T18:13:30.795Z,ET,Elizabethtown,94249231-24a1-492e-97bf-dcd504ea599a,SAMMS-Elizabethtown
202609031813230641,202609031729277914,202609031729277737,97,5922,P1 Forms E&M Form Pregnancy Bronze - FAY,br_samms_eandm_form_pregnancy,TASK_COMPLETE,SUCCESS,INFO,297,297,0,,2026-09-03T17:29:32.843Z,2026-09-03T18:13:30.795Z,2638,2026-09-03T18:13:30.795Z,FAY,Fayetteville,94249231-24a1-492e-97bf-dcd504ea599a,SAMMS-Fayetteville
202609031813230642,202609031729277915,202609031729277737,97,5923,P1 Forms E&M Form Pregnancy Bronze - FR,br_samms_eandm_form_pregnancy,TASK_COMPLETE,SUCCESS,INFO,368,368,0,,2026-09-03T17:29:32.843Z,2026-09-03T18:13:30.795Z,2638,2026-09-03T18:13:30.795Z,FR,Frankfort,94249231-24a1-492e-97bf-dcd504ea599a,SAMMS-Frankfort
202609031813230643,202609031729277916,202609031729277737,97,5924,P1 Forms E&M Form Pregnancy Bronze - FS,br_samms_eandm_form_pregnancy,TASK_COMPLETE,SUCCESS,INFO,296,296,0,,2026-09-03T17:29:32.843Z,2026-09-03T18:13:30.795Z,2638,2026-09-03T18:13:30.795Z,FS,FortSmith,94249231-24a1-492e-97bf-dcd504ea599a,SAMMS-FortSmith
202609031813230644,202609031729277917,202609031729277737,97,5925,P1 Forms E&M Form Pregnancy Bronze - FW,br_samms_eandm_form_pregnancy,TASK_COMPLETE,SUCCESS,INFO,708,708,0,,2026-09-03T17:29:32.843Z,2026-09-03T18:13:30.795Z,2638,2026-09-03T18:13:30.795Z,FW,FortWayne,94249231-24a1-492e-97bf-dcd504ea599a,SAMMS-FortWayne
202609031813230645,202609031729277918,202609031729277737,97,5926,P1 Forms E&M Form Pregnancy Bronze - GAL,br_samms_eandm_form_pregnancy,TASK_COMPLETE,SUCCESS,INFO,165,165,0,,2026-09-03T17:29:32.843Z,2026-09-03T18:13:30.795Z,2638,2026-09-03T18:13:30.795Z,GAL,Gaylord,94249231-24a1-492e-97bf-dcd504ea599a,SAMMS-Gaylord
202609031813230646,202609031729277919,202609031729277737,97,5927,P1 Forms E&M Form Pregnancy Bronze - HGT,br_samms_eandm_form_pregnancy,TASK_COMPLETE,SUCCESS,INFO,582,582,0,,2026-09-03T17:29:32.843Z,2026-09-03T18:13:30.795Z,2638,2026-09-03T18:13:30.795Z,HGT,Hagerstown,94249231-24a1-492e-97bf-dcd504ea599a,SAMMS-Hagerstown
202609031813230647,202609031729277920,202609031729277737,97,5928,P1 Forms E&M Form Pregnancy Bronze - HNT,br_samms_eandm_form_pregnancy,TASK_COMPLETE,SUCCESS,INFO,518,518,0,,2026-09-03T17:29:32.843Z,2026-09-03T18:13:30.795Z,2638,2026-09-03T18:13:30.795Z,HNT,Huntsville,94249231-24a1-492e-97bf-dcd504ea599a,SAMMS-Huntsville
202609031813230648,202609031729277921,202609031729277737,97,5929,P1 Forms E&M Form Pregnancy Bronze - HS,br_samms_eandm_form_pregnancy,TASK_COMPLETE,SUCCESS,INFO,440,440,0,,2026-09-03T17:29:32.843Z,2026-09-03T18:13:30.795Z,2638,2026-09-03T18:13:30.795Z,HS,HotSprings,94249231-24a1-492e-97bf-dcd504ea599a,SAMMS-HotSprings
202609031813230649,202609031729277922,202609031729277737,97,5930,P1 Forms E&M Form Pregnancy Bronze - JON,br_samms_eandm_form_pregnancy,TASK_COMPLETE,SUCCESS,INFO,269,269,0,,2026-09-03T17:29:32.843Z,2026-09-03T18:13:30.795Z,2638,2026-09-03T18:13:30.795Z,JON,Jonesboro,94249231-24a1-492e-97bf-dcd504ea599a,SAMMS-Jonesboro
202609031813230651,202609031729277923,202609031729277737,97,5931,P1 Forms E&M Form Pregnancy Bronze - LAN,br_samms_eandm_form_pregnancy,TASK_COMPLETE,SUCCESS,INFO,349,349,0,,2026-09-03T17:29:32.843Z,2026-09-03T18:13:30.795Z,2638,2026-09-03T18:13:30.795Z,LAN,Lansing,94249231-24a1-492e-97bf-dcd504ea599a,SAMMS-Lansing
202609031813230652,202609031729277924,202609031729277737,97,5932,P1 Forms E&M Form Pregnancy Bronze - LO,br_samms_eandm_form_pregnancy,TASK_COMPLETE,SUCCESS,INFO,747,747,0,,2026-09-03T17:29:32.843Z,2026-09-03T18:13:30.795Z,2638,2026-09-03T18:13:30.795Z,LO,Louisville,94249231-24a1-492e-97bf-dcd504ea599a,SAMMS-Louisville
202609031813230653,202609031729277925,202609031729277737,97,5933,P1 Forms E&M Form Pregnancy Bronze - LV1,br_samms_eandm_form_pregnancy,TASK_COMPLETE,SUCCESS,INFO,1193,1193,0,,2026-09-03T17:29:32.843Z,2026-09-03T18:13:30.795Z,2638,2026-09-03T18:13:30.795Z,LV1,Cheyenne,94249231-24a1-492e-97bf-dcd504ea599a,SAMMS-Cheyenne
202609031813230654,202609031729277926,202609031729277737,97,5934,P1 Forms E&M Form Pregnancy Bronze - LV2,br_samms_eandm_form_pregnancy,TASK_COMPLETE,SUCCESS,INFO,1015,1015,0,,2026-09-03T17:29:32.843Z,2026-09-03T18:13:30.795Z,2638,2026-09-03T18:13:30.795Z,LV2,DesertInn,94249231-24a1-492e-97bf-dcd504ea599a,SAMMS-DesertInn
202609031813230655,202609031729277927,202609031729277737,97,5935,P1 Forms E&M Form Pregnancy Bronze - LV3,br_samms_eandm_form_pregnancy,TASK_COMPLETE,SUCCESS,INFO,353,353,0,,2026-09-03T17:29:32.843Z,2026-09-03T18:13:30.795Z,2638,2026-09-03T18:13:30.795Z,LV3,McDaniel,94249231-24a1-492e-97bf-dcd504ea599a,SAMMS-McDaniel
202609031813230656,202609031729277928,202609031729277737,97,5936,P1 Forms E&M Form Pregnancy Bronze - MNRE,br_samms_eandm_form_pregnancy,TASK_COMPLETE,SUCCESS,INFO,257,257,0,,2026-09-03T17:29:32.843Z,2026-09-03T18:13:30.795Z,2638,2026-09-03T18:13:30.795Z,MNRE,Monroe,94249231-24a1-492e-97bf-dcd504ea599a,SAMMS-Monroe
202609031813230657,202609031729277929,202609031729277737,97,5937,P1 Forms E&M Form Pregnancy Bronze - MP,br_samms_eandm_form_pregnancy,TASK_COMPLETE,SUCCESS,INFO,326,326,0,,2026-09-03T17:29:32.843Z,2026-09-03T18:13:30.795Z,2638,2026-09-03T18:13:30.795Z,MP,MtPleasant,94249231-24a1-492e-97bf-dcd504ea599a,SAMMS-MtPleasant
202609080528407533,202609080528407533,20260908052120,143,13762,TrendingTableSAMMSFormsCntV3 Gold,TrendingTableSAMMSFormsCnts,TASK_FAILED,FAILED,ERROR,0,0,1,"[gold_router] failed self-fetching source [bhg_silver.pats.sl_TrendingTableSAMMSFormsCnts] for target_table=bhg_gold.pats.TrendingTableSAMMSFormsCnts: [TABLE_OR_VIEW_NOT_FOUND] The table or view `bhg_silver`.`pats`.`sl_TrendingTableSAMMSFormsCnts` cannot be found. Verify the spelling and correctness of the schema and catalog. If you did not qualify the name with a schema, verify the current_schema() output, or qualify the name with the correct schema and catalog. To tolerate the error on drop use DROP VIEW IF EXISTS or DROP TABLE IF EXISTS.; UnresolvedRelation [bhg_silver, pats, sl_TrendingTableSAMMSFormsCnts], [], false",2026-09-08T05:28:45.323Z,2026-09-08T05:28:59.998Z,13,2026-09-08T05:28:59.998Z,,,f61fb4c5-0d31-4954-8aac-d0c2d48f9dc90,
202609031813231085,202609031729278314,202609031729277737,97,6330,P1 Forms Consent To Marketing Bronze - B12B,br_samms_consent_to_marketing,TASK_COMPLETE,SUCCESS,INFO,71,71,0,,2026-09-03T17:29:32.843Z,2026-09-03T18:13:30.795Z,2638,2026-09-03T18:13:30.795Z,B12B,ColoradoSprings,94249231-24a1-492e-97bf-dcd504ea599a,SAMMS-ColoradoSpringsV5
202609031813231086,202609031729278315,202609031729277737,97,6331,P1 Forms Consent To Marketing Bronze - B24,br_samms_consent_to_marketing,TASK_COMPLETE,SUCCESS,INFO,83,83,0,,2026-09-03T17:29:32.843Z,2026-09-03T18:13:30.795Z,2638,2026-09-03T18:13:30.795Z,B24,Paintsville,94249231-24a1-492e-97bf-dcd504ea599a,SAMMS-PaintsvilleV5
202609031813231087,202609031729278316,202609031729277737,97,6332,P1 Forms Consent To Marketing Bronze - B25,br_samms_consent_to_marketing,TASK_COMPLETE,SUCCESS,INFO,47,47,0,,2026-09-03T17:29:32.843Z,2026-09-03T18:13:30.795Z,2638,2026-09-03T18:13:30.795Z,B25,Pikeville,94249231-24a1-492e-97bf-dcd504ea599a,SAMMS-PikevilleV5
202609031813231088,202609031729278317,202609031729277737,97,6333,P1 Forms Consent To Marketing Bronze - B26,br_samms_consent_to_marketing,TASK_COMPLETE,SUCCESS,INFO,133,133,0,,2026-09-03T17:29:32.843Z,2026-09-03T18:13:30.795Z,2638,2026-09-03T18:13:30.795Z,B26,Hazard,94249231-24a1-492e-97bf-dcd504ea599a,SAMMS-HazardV5
202609031813231089,202609031729278318,202609031729277737,97,6334,P1 Forms Consent To Marketing Bronze - B27,br_samms_consent_to_marketing,TASK_COMPLETE,SUCCESS,INFO,21,21,0,,2026-09-03T17:29:32.843Z,2026-09-03T18:13:30.795Z,2638,2026-09-03T18:13:30.795Z,B27,Savannah,94249231-24a1-492e-97bf-dcd504ea599a,SAMMS-SavannahV6
202609031813231091,202609031729278319,202609031729277737,97,6335,P1 Forms Consent To Marketing Bronze - B28,br_samms_consent_to_marketing,TASK_COMPLETE,SUCCESS,INFO,49,49,0,,2026-09-03T17:29:32.843Z,2026-09-03T18:13:30.795Z,2638,2026-09-03T18:13:30.795Z,B28,WestPlaines,94249231-24a1-492e-97bf-dcd504ea599a,SAMMS-WestPlainesV5
202609031813231092,202609031729278320,202609031729277737,97,6336,P1 Forms Consent To Marketing Bronze - B29,br_samms_consent_to_marketing,TASK_COMPLETE,SUCCESS,INFO,38,38,0,,2026-09-03T17:29:32.843Z,2026-09-03T18:13:30.795Z,2638,2026-09-03T18:13:30.795Z,B29,PoplarBluff,94249231-24a1-492e-97bf-dcd504ea599a,SAMMS-PoplarBluffV5
202609031813231093,202609031729278321,202609031729277737,97,6337,P1 Forms Consent To Marketing Bronze - B30,br_samms_consent_to_marketing,TASK_COMPLETE,SUCCESS,INFO,22,22,0,,2026-09-03T17:29:32.843Z,2026-09-03T18:13:30.795Z,2638,2026-09-03T18:13:30.795Z,B30,KCN,94249231-24a1-492e-97bf-dcd504ea599a,SAMMS-KCNv5
202609031813231094,202609031729278322,202609031729277737,97,6338,P1 Forms Consent To Marketing Bronze - B31,br_samms_consent_to_marketing,TASK_COMPLETE,SUCCESS,INFO,125,125,0,,2026-09-03T17:29:32.843Z,2026-09-03T18:13:30.795Z,2638,2026-09-03T18:13:30.795Z,B31,Dyersburg,94249231-24a1-492e-97bf-dcd504ea599a,SAMMS-DyersburgV5
202609031813231095,202609031729278323,202609031729277737,97,6339,P1 Forms Consent To Marketing Bronze - B33,br_samms_consent_to_marketing,TASK_COMPLETE,SUCCESS,INFO,61,61,0,,2026-09-03T17:29:32.843Z,2026-09-03T18:13:30.795Z,2638,2026-09-03T18:13:30.795Z,B33,Paducah,94249231-24a1-492e-97bf-dcd504ea599a,SAMMS-Paducah
202609031813231096,202609031729278324,202609031729277737,97,6340,P1 Forms Consent To Marketing Bronze - B34,br_samms_consent_to_marketing,TASK_COMPLETE,SUCCESS,INFO,64,64,0,,2026-09-03T17:29:32.843Z,2026-09-03T18:13:30.795Z,2638,2026-09-03T18:13:30.795Z,B34,Corbin,94249231-24a1-492e-97bf-dcd504ea599a,SAMMS-CorbinV5
202609031813231097,202609031729278325,202609031729277737,97,6341,P1 Forms Consent To Marketing Bronze - B35,br_samms_consent_to_marketing,TASK_COMPLETE,SUCCESS,INFO,180,180,0,,2026-09-03T17:29:32.843Z,2026-09-03T18:13:30.795Z,2638,2026-09-03T18:13:30.795Z,B35,Lexington,94249231-24a1-492e-97bf-dcd504ea599a,SAMMS-LexingtonV5
202609031813231098,202609031729278326,202609031729277737,97,6342,P1 Forms Consent To Marketing Bronze - B35A,br_samms_consent_to_marketing,TASK_COMPLETE,SUCCESS,INFO,76,76,0,,2026-09-03T17:29:32.843Z,2026-09-03T18:13:30.795Z,2638,2026-09-03T18:13:30.795Z,B35A,Berea,94249231-24a1-492e-97bf-dcd504ea599a,SAMMS-BereaV5
202609031813231099,202609031729278327,202609031729277737,97,6343,P1 Forms Consent To Marketing Bronze - B36,br_samms_consent_to_marketing,TASK_COMPLETE,SUCCESS,INFO,56,56,0,,2026-09-03T17:29:32.843Z,2026-09-03T18:13:30.795Z,2638,2026-09-03T18:13:30.795Z,B36,Asheville,94249231-24a1-492e-97bf-dcd504ea599a,SAMMS-AshevilleV5
202609031813231101,202609031729278328,202609031729277737,97,6344,P1 Forms Consent To Marketing Bronze - B37,br_samms_consent_to_marketing,TASK_COMPLETE,SUCCESS,INFO,3,3,0,,2026-09-03T17:29:32.843Z,2026-09-03T18:13:30.795Z,2638,2026-09-03T18:13:30.795Z,B37,Clyde,94249231-24a1-492e-97bf-dcd504ea599a,SAMMS-ClydeV5
202609031813231102,202609031729278329,202609031729277737,97,6345,P1 Forms Consent To Marketing Bronze - B38,br_samms_consent_to_marketing,TASK_COMPLETE,SUCCESS,INFO,68,68,0,,2026-09-03T17:29:32.843Z,2026-09-03T18:13:30.795Z,2638,2026-09-03T18:13:30.795Z,B38,Spartanburg,94249231-24a1-492e-97bf-dcd504ea599a,SAMMS-SpartanburgV5
202609031813231103,202609031729278330,202609031729277737,97,6346,P1 Forms Consent To Marketing Bronze - B39,br_samms_consent_to_marketing,TASK_COMPLETE,SUCCESS,INFO,36,36,0,,2026-09-03T17:29:32.843Z,2026-09-03T18:13:30.795Z,2638,2026-09-03T18:13:30.795Z,B39,Aiken,94249231-24a1-492e-97bf-dcd504ea599a,SAMMS-AikenV5
202609031813231104,202609031729278331,202609031729277737,97,6347,P1 Forms Consent To Marketing Bronze - B41,br_samms_consent_to_marketing,TASK_COMPLETE,SUCCESS,INFO,61,61,0,,2026-09-03T17:29:32.843Z,2026-09-03T18:13:30.795Z,2638,2026-09-03T18:13:30.795Z,B41,Chesapeake,94249231-24a1-492e-97bf-dcd504ea599a,SAMMS-ChesapeakeV5
202609031813231105,202609031729278332,202609031729277737,97,6348,P1 Forms Consent To Marketing Bronze - B42,br_samms_consent_to_marketing,TASK_COMPLETE,SUCCESS,INFO,39,39,0,,2026-09-03T17:29:32.843Z,2026-09-03T18:13:30.795Z,2638,2026-09-03T18:13:30.795Z,B42,VirginiaBeach,94249231-24a1-492e-97bf-dcd504ea599a,SAMMS-VirginiaBeachV5
202609031813231106,202609031729278333,202609031729277737,97,6349,P1 Forms Consent To Marketing Bronze - B42A,br_samms_consent_to_marketing,TASK_COMPLETE,SUCCESS,INFO,69,69,0,,2026-09-03T17:29:32.843Z,2026-09-03T18:13:30.795Z,2638,2026-09-03T18:13:30.795Z,B42A,NewportNews,94249231-24a1-492e-97bf-dcd504ea599a,SAMMS-NewportNewsV5
202609031813231107,202609031729278334,202609031729277737,97,6350,P1 Forms Consent To Marketing Bronze - B42B,br_samms_consent_to_marketing,TASK_COMPLETE,SUCCESS,INFO,7,7,0,,2026-09-03T17:29:32.843Z,2026-09-03T18:13:30.795Z,2638,2026-09-03T18:13:30.795Z,B42B,Franklin,94249231-24a1-492e-97bf-dcd504ea599a,SAMMS-FranklinV5
202609031813231108,202609031729278335,202609031729277737,97,6351,P1 Forms Consent To Marketing Bronze - B42C,br_samms_consent_to_marketing,TASK_COMPLETE,SUCCESS,INFO,73,73,0,,2026-09-03T17:29:32.843Z,2026-09-03T18:13:30.795Z,2638,2026-09-03T18:13:30.795Z,B42C,GlenAllen,94249231-24a1-492e-97bf-dcd504ea599a,SAMMS-GlenAllenV5
202609031813231109,202609031729278336,202609031729277737,97,6352,P1 Forms Consent To Marketing Bronze - B42D,br_samms_consent_to_marketing,TASK_COMPLETE,SUCCESS,INFO,25,25,0,,2026-09-03T17:29:32.843Z,2026-09-03T18:13:30.795Z,2638,2026-09-03T18:13:30.795Z,B42D,ChesapeakeSouth,94249231-24a1-492e-97bf-dcd504ea599a,SAMMS-ChesapeakeSouthV5
202609031813231111,202609031729278337,202609031729277737,97,6353,P1 Forms Consent To Marketing Bronze - B44,br_samms_consent_to_marketing,TASK_COMPLETE,SUCCESS,INFO,20,20,0,,2026-09-03T17:29:32.843Z,2026-09-03T18:13:30.795Z,2638,2026-09-03T18:13:30.795Z,B44,Albany,94249231-24a1-492e-97bf-dcd504ea599a,SAMMS-AlbanyV5
202609031813231112,202609031729278338,202609031729277737,97,6354,P1 Forms Consent To Marketing Bronze - B45,br_samms_consent_to_marketing,TASK_COMPLETE,SUCCESS,INFO,30,30,0,,2026-09-03T17:29:32.843Z,2026-09-03T18:13:30.795Z,2638,2026-09-03T18:13:30.795Z,B45,Tifton,94249231-24a1-492e-97bf-dcd504ea599a,SAMMS-TiftonV5
202609031813231113,202609031729278339,202609031729277737,97,6355,P1 Forms Consent To Marketing Bronze - B46,br_samms_consent_to_marketing,TASK_COMPLETE,SUCCESS,INFO,158,158,0,,2026-09-03T17:29:32.843Z,2026-09-03T18:13:30.795Z,2638,2026-09-03T18:13:30.795Z,B46,WashingtonDC,94249231-24a1-492e-97bf-dcd504ea599a,SAMMS-WashingtonDCv5
202609031813231114,202609031729278340,202609031729277737,97,6356,P1 Forms Consent To Marketing Bronze - B47,br_samms_consent_to_marketing,TASK_COMPLETE,SUCCESS,INFO,48,48,0,,2026-09-03T17:29:32.843Z,2026-09-03T18:13:30.795Z,2638,2026-09-03T18:13:30.795Z,B47,Mobile,94249231-24a1-492e-97bf-dcd504ea599a,SAMMS-MobileV5
202609031813231115,202609031729278341,202609031729277737,97,6357,P1 Forms Consent To Marketing Bronze - B48,br_samms_consent_to_marketing,TASK_COMPLETE,SUCCESS,INFO,61,61,0,,2026-09-03T17:29:32.843Z,2026-09-03T18:13:30.795Z,2638,2026-09-03T18:13:30.795Z,B48,Tuscaloosa,94249231-24a1-492e-97bf-dcd504ea599a,SAMMS-TuscaloosaV5
202609031813231116,202609031729278342,202609031729277737,97,6358,P1 Forms Consent To Marketing Bronze - B51,br_samms_consent_to_marketing,TASK_COMPLETE,SUCCESS,INFO,31,31,0,,2026-09-03T17:29:32.843Z,2026-09-03T18:13:30.795Z,2638,2026-09-03T18:13:30.795Z,B51,NorthLittleRock,94249231-24a1-492e-97bf-dcd504ea599a,SAMMS-NorthLittleRockV6
202609031813231117,202609031729278343,202609031729277737,97,6359,P1 Forms Consent To Marketing Bronze - B52,br_samms_consent_to_marketing,TASK_COMPLETE,SUCCESS,INFO,15,15,0,,2026-09-03T17:29:32.843Z,2026-09-03T18:13:30.795Z,2638,2026-09-03T18:13:30.795Z,B52,JacksonGA,94249231-24a1-492e-97bf-dcd504ea599a,SAMMS-JacksonGAV5
202609031813231118,202609031729278344,202609031729277737,97,6360,P1 Forms Consent To Marketing Bronze - B54,br_samms_consent_to_marketing,TASK_COMPLETE,SUCCESS,INFO,65,65,0,,2026-09-03T17:29:32.843Z,2026-09-03T18:13:30.795Z,2638,2026-09-03T18:13:30.795Z,B54,Gadsden,94249231-24a1-492e-97bf-dcd504ea599a,SAMMS-GadsdenV5
202609031813231119,202609031729278345,202609031729277737,97,6361,P1 Forms Consent To Marketing Bronze - B55,br_samms_consent_to_marketing,TASK_COMPLETE,SUCCESS,INFO,54,54,0,,2026-09-03T17:29:32.843Z,2026-09-03T18:13:30.795Z,2638,2026-09-03T18:13:30.795Z,B55,Shoals,94249231-24a1-492e-97bf-dcd504ea599a,SAMMS-ShoalsV5
202609031813231121,202609031729278346,202609031729277737,97,6362,P1 Forms Consent To Marketing Bronze - B57,br_samms_consent_to_marketing,TASK_COMPLETE,SUCCESS,INFO,13,13,0,,2026-09-03T17:29:32.843Z,2026-09-03T18:13:30.795Z,2638,2026-09-03T18:13:30.795Z,B57,Pawtucket,94249231-24a1-492e-97bf-dcd504ea599a,SAMMS-Pawtucket
202609031813231122,202609031729278347,202609031729277737,97,6363,P1 Forms Consent To Marketing Bronze - B57A,br_samms_consent_to_marketing,TASK_COMPLETE,SUCCESS,INFO,20,20,0,,2026-09-03T17:29:32.843Z,2026-09-03T18:13:30.795Z,2638,2026-09-03T18:13:30.795Z,B57A,Johnston,94249231-24a1-492e-97bf-dcd504ea599a,SAMMS-Johnston
202609031813231123,202609031729278348,202609031729277737,97,6364,P1 Forms Consent To Marketing Bronze - B57B,br_samms_consent_to_marketing,TASK_COMPLETE,SUCCESS,INFO,9,9,0,,2026-09-03T17:29:32.843Z,2026-09-03T18:13:30.795Z,2638,2026-09-03T18:13:30.795Z,B57B,Middletown,94249231-24a1-492e-97bf-dcd504ea599a,SAMMS-Middletown
202609031813231124,202609031729278349,202609031729277737,97,6365,P1 Forms Consent To Marketing Bronze - B57C,br_samms_consent_to_marketing,TASK_COMPLETE,SUCCESS,INFO,19,19,0,,2026-09-03T17:29:32.843Z,2026-09-03T18:13:30.795Z,2638,2026-09-03T18:13:30.795Z,B57C,Providence,94249231-24a1-492e-97bf-dcd504ea599a,SAMMS-Providence
202609031813231125,202609031729278350,202609031729277737,97,6366,P1 Forms Consent To Marketing Bronze - B57D,br_samms_consent_to_marketing,TASK_COMPLETE,SUCCESS,INFO,16,16,0,,2026-09-03T17:29:32.843Z,2026-09-03T18:13:30.795Z,2638,2026-09-03T18:13:30.795Z,B57D,Westerly,94249231-24a1-492e-97bf-dcd504ea599a,SAMMS-Westerly
202609031813231126,202609031729278351,202609031729277737,97,6367,P1 Forms Consent To Marketing Bronze - B66A,br_samms_consent_to_marketing,TASK_COMPLETE,SUCCESS,INFO,55,55,0,,2026-09-03T17:29:32.843Z,2026-09-03T18:13:30.795Z,2638,2026-09-03T18:13:30.795Z,B66A,Bremen,94249231-24a1-492e-97bf-dcd504ea599a,SAMMS-Bremen
202609031813231127,202609031729278352,202609031729277737,97,6368,P1 Forms Consent To Marketing Bronze - B72,br_samms_consent_to_marketing,TASK_COMPLETE,SUCCESS,INFO,113,113,0,,2026-09-03T17:29:32.843Z,2026-09-03T18:13:30.795Z,2638,2026-09-03T18:13:30.795Z,B72,Mobile-OBOT,94249231-24a1-492e-97bf-dcd504ea599a,SAMMS-Mobile-OBOT
202609031813231128,202609031729278353,202609031729277737,97,6369,P1 Forms Consent To Marketing Bronze - B73,br_samms_consent_to_marketing,TASK_COMPLETE,SUCCESS,INFO,73,73,0,,2026-09-03T17:29:32.843Z,2026-09-03T18:13:30.795Z,2638,2026-09-03T18:13:30.795Z,B73,Montgomery,94249231-24a1-492e-97bf-dcd504ea599a,SAMMS-Montgomery
202609031813231129,202609031729278354,202609031729277737,97,6370,P1 Forms Consent To Marketing Bronze - B75,br_samms_consent_to_marketing,TASK_COMPLETE,SUCCESS,INFO,43,43,0,,2026-09-03T17:29:32.843Z,2026-09-03T18:13:30.795Z,2638,2026-09-03T18:13:30.795Z,B75,Lawrence,94249231-24a1-492e-97bf-dcd504ea599a,SAMMS-LawrenceV6
202609031813231131,202609031729278355,202609031729277737,97,6371,P1 Forms Consent To Marketing Bronze - B76,br_samms_consent_to_marketing,TASK_COMPLETE,SUCCESS,INFO,8,8,0,,2026-09-03T17:29:32.843Z,2026-09-03T18:13:30.795Z,2638,2026-09-03T18:13:30.795Z,B76,Huntsville-OBOT,94249231-24a1-492e-97bf-dcd504ea599a,SAMMS-Huntsville-OBOT
202609031813231132,202609031729278356,202609031729277737,97,6372,P1 Forms Consent To Marketing Bronze - BAT,br_samms_consent_to_marketing,TASK_COMPLETE,SUCCESS,INFO,51,51,0,,2026-09-03T17:29:32.843Z,2026-09-03T18:13:30.795Z,2638,2026-09-03T18:13:30.795Z,BAT,Batesville,94249231-24a1-492e-97bf-dcd504ea599a,SAMMS-Batesville
202609031813231133,202609031729278357,202609031729277737,97,6373,P1 Forms Consent To Marketing Bronze - BG,br_samms_consent_to_marketing,TASK_COMPLETE,SUCCESS,INFO,56,56,0,,2026-09-03T17:29:32.843Z,2026-09-03T18:13:30.795Z,2638,2026-09-03T18:13:30.795Z,BG,BowlingGreen,94249231-24a1-492e-97bf-dcd504ea599a,SAMMS-BowlingGreen
202609031813231134,202609031729278358,202609031729277737,97,6374,P1 Forms Consent To Marketing Bronze - BOI,br_samms_consent_to_marketing,TASK_COMPLETE,SUCCESS,INFO,57,57,0,,2026-09-03T17:29:32.843Z,2026-09-03T18:13:30.795Z,2638,2026-09-03T18:13:30.795Z,BOI,Boise,94249231-24a1-492e-97bf-dcd504ea599a,SAMMS-Boise
202609031813231135,202609031729278359,202609031729277737,97,6375,P1 Forms Consent To Marketing Bronze - CBCO,br_samms_consent_to_marketing,TASK_COMPLETE,SUCCESS,INFO,56,56,0,,2026-09-03T17:29:32.843Z,2026-09-03T18:13:30.795Z,2638,2026-09-03T18:13:30.795Z,CBCO,CoeurdAlene,94249231-24a1-492e-97bf-dcd504ea599a,SAMMS-CoeurdAleneV6
202609031813231136,202609031729278360,202609031729277737,97,6376,P1 Forms Consent To Marketing Bronze - CON,br_samms_consent_to_marketing,TASK_COMPLETE,SUCCESS,INFO,60,60,0,,2026-09-03T17:29:32.843Z,2026-09-03T18:13:30.795Z,2638,2026-09-03T18:13:30.795Z,CON,Conway,94249231-24a1-492e-97bf-dcd504ea599a,SAMMS-Conway
202609031813231137,202609031729278361,202609031729277737,97,6377,P1 Forms Consent To Marketing Bronze - D07,br_samms_consent_to_marketing,TASK_COMPLETE,SUCCESS,INFO,57,57,0,,2026-09-03T17:29:32.843Z,2026-09-03T18:13:30.795Z,2638,2026-09-03T18:13:30.795Z,D07,Knoxville,94249231-24a1-492e-97bf-dcd504ea599a,SAMMS-KnoxvilleV6
202609031813231138,202609031729278362,202609031729277737,97,6378,P1 Forms Consent To Marketing Bronze - D08,br_samms_consent_to_marketing,TASK_COMPLETE,SUCCESS,INFO,66,66,0,,2026-09-03T17:29:32.843Z,2026-09-03T18:13:30.795Z,2638,2026-09-03T18:13:30.795Z,D08,Madison,94249231-24a1-492e-97bf-dcd504ea599a,SAMMS-MadisonV6
202609031813231139,202609031729278363,202609031729277737,97,6379,P1 Forms Consent To Marketing Bronze - D09,br_samms_consent_to_marketing,TASK_COMPLETE,SUCCESS,INFO,89,89,0,,2026-09-03T17:29:32.843Z,2026-09-03T18:13:30.795Z,2638,2026-09-03T18:13:30.795Z,D09,Murfreesboro,94249231-24a1-492e-97bf-dcd504ea599a,SAMMS-MurfreesboroV6
202609031813231141,202609031729278364,202609031729277737,97,6380,P1 Forms Consent To Marketing Bronze - DA,br_samms_consent_to_marketing,TASK_COMPLETE,SUCCESS,INFO,93,93,0,,2026-09-03T17:29:32.843Z,2026-09-03T18:13:30.795Z,2638,2026-09-03T18:13:30.795Z,DA,Davenport,94249231-24a1-492e-97bf-dcd504ea599a,SAMMS-Davenport
202609031813231142,202609031729278365,202609031729277737,97,6381,P1 Forms Consent To Marketing Bronze - DM,br_samms_consent_to_marketing,TASK_COMPLETE,SUCCESS,INFO,50,50,0,,2026-09-03T17:29:32.843Z,2026-09-03T18:13:30.795Z,2638,2026-09-03T18:13:30.795Z,DM,DesMoines,94249231-24a1-492e-97bf-dcd504ea599a,SAMMS-DesMoines
202609031813231143,202609031729278366,202609031729277737,97,6382,P1 Forms Consent To Marketing Bronze - DRD-CO,br_samms_consent_to_marketing,TASK_COMPLETE,SUCCESS,INFO,64,64,0,,2026-09-03T17:29:32.843Z,2026-09-03T18:13:30.795Z,2638,2026-09-03T18:13:30.795Z,DRD-CO,Columbia,94249231-24a1-492e-97bf-dcd504ea599a,SAMMS-ColumbiaV5
202609031813231144,202609031729278367,202609031729277737,97,6383,P1 Forms Consent To Marketing Bronze - DRD-KC,br_samms_consent_to_marketing,TASK_COMPLETE,SUCCESS,INFO,67,67,0,,2026-09-03T17:29:32.843Z,2026-09-03T18:13:30.795Z,2638,2026-09-03T18:13:30.795Z,DRD-KC,KC,94249231-24a1-492e-97bf-dcd504ea599a,SAMMS-KCv5
202609031813231145,202609031729278368,202609031729277737,97,6384,P1 Forms Consent To Marketing Bronze - DRD-KVB,br_samms_consent_to_marketing,TASK_COMPLETE,SUCCESS,INFO,62,62,0,,2026-09-03T17:29:32.843Z,2026-09-03T18:13:30.795Z,2638,2026-09-03T18:13:30.795Z,DRD-KVB,KVB,94249231-24a1-492e-97bf-dcd504ea599a,SAMMS-KVBv5
202609031813231146,202609031729278369,202609031729277737,97,6385,P1 Forms Consent To Marketing Bronze - DRD-KVC,br_samms_consent_to_marketing,TASK_COMPLETE,SUCCESS,INFO,161,161,0,,2026-09-03T17:29:32.843Z,2026-09-03T18:13:30.795Z,2638,2026-09-03T18:13:30.795Z,DRD-KVC,KVC,94249231-24a1-492e-97bf-dcd504ea599a,SAMMS-KVCv5
202609031813231147,202609031729278370,202609031729277737,97,6386,P1 Forms Consent To Marketing Bronze - DRD-NOLA,br_samms_consent_to_marketing,TASK_COMPLETE,SUCCESS,INFO,207,207,0,,2026-09-03T17:29:32.843Z,2026-09-03T18:13:30.795Z,2638,2026-09-03T18:13:30.795Z,DRD-NOLA,NOLA,94249231-24a1-492e-97bf-dcd504ea599a,SAMMS-NOLAv5
202609031813231148,202609031729278371,202609031729277737,97,6387,P1 Forms Consent To Marketing Bronze - DRD-SF,br_samms_consent_to_marketing,TASK_COMPLETE,SUCCESS,INFO,120,120,0,,2026-09-03T17:29:32.843Z,2026-09-03T18:13:30.795Z,2638,2026-09-03T18:13:30.795Z,DRD-SF,SF,94249231-24a1-492e-97bf-dcd504ea599a,SAMMS-SFv5
202609031813231149,202609031729278372,202609031729277737,97,6388,P1 Forms Consent To Marketing Bronze - ELC,br_samms_consent_to_marketing,TASK_COMPLETE,SUCCESS,INFO,33,33,0,,2026-09-03T17:29:32.843Z,2026-09-03T18:13:30.795Z,2638,2026-09-03T18:13:30.795Z,ELC,ElizabethCity,94249231-24a1-492e-97bf-dcd504ea599a,SAMMS-ElizabethCity
202609031813231151,202609031729278373,202609031729277737,97,6389,P1 Forms Consent To Marketing Bronze - ET,br_samms_consent_to_marketing,TASK_COMPLETE,SUCCESS,INFO,47,47,0,,2026-09-03T17:29:32.843Z,2026-09-03T18:13:30.795Z,2638,2026-09-03T18:13:30.795Z,ET,Elizabethtown,94249231-24a1-492e-97bf-dcd504ea599a,SAMMS-Elizabethtown
202609031813231152,202609031729278374,202609031729277737,97,6390,P1 Forms Consent To Marketing Bronze - FAY,br_samms_consent_to_marketing,TASK_COMPLETE,SUCCESS,INFO,42,42,0,,2026-09-03T17:29:32.843Z,2026-09-03T18:13:30.795Z,2638,2026-09-03T18:13:30.795Z,FAY,Fayetteville,94249231-24a1-492e-97bf-dcd504ea599a,SAMMS-Fayetteville
202609031813231153,202609031729278375,202609031729277737,97,6391,P1 Forms Consent To Marketing Bronze - FR,br_samms_consent_to_marketing,TASK_COMPLETE,SUCCESS,INFO,8,8,0,,2026-09-03T17:29:32.843Z,2026-09-03T18:13:30.795Z,2638,2026-09-03T18:13:30.795Z,FR,Frankfort,94249231-24a1-492e-97bf-dcd504ea599a,SAMMS-Frankfort
202609031813231154,202609031729278376,202609031729277737,97,6392,P1 Forms Consent To Marketing Bronze - FS,br_samms_consent_to_marketing,TASK_COMPLETE,SUCCESS,INFO,46,46,0,,2026-09-03T17:29:32.843Z,2026-09-03T18:13:30.795Z,2638,2026-09-03T18:13:30.795Z,FS,FortSmith,94249231-24a1-492e-97bf-dcd504ea599a,SAMMS-FortSmith
202609031813231155,202609031729278377,202609031729277737,97,6393,P1 Forms Consent To Marketing Bronze - FW,br_samms_consent_to_marketing,TASK_COMPLETE,SUCCESS,INFO,60,60,0,,2026-09-03T17:29:32.843Z,2026-09-03T18:13:30.795Z,2638,2026-09-03T18:13:30.795Z,FW,FortWayne,94249231-24a1-492e-97bf-dcd504ea599a,SAMMS-FortWayne
202609032054005099,202609031904102670,202609031904101105,85,531,Bronze INV,br_AdmissionAssessmentDimensionFiveSubstanceUse,TASK_COMPLETE,SUCCESS,INFO,1161,1161,0,,2026-09-03T19:04:17.619Z,2026-09-03T20:54:05.052Z,6588,2026-09-03T20:54:05.052Z,LV1,Cheyenne,48b34b87-69c2-467d-a88c-67aac910c539,SAMMS-Cheyenne
202609032054005100,202609031904102671,202609031904101105,85,532,Bronze INV,br_AdmissionAssessmentDimensionFiveSubstanceUse,TASK_COMPLETE,SUCCESS,INFO,928,928,0,,2026-09-03T19:04:17.619Z,2026-09-03T20:54:05.052Z,6588,2026-09-03T20:54:05.052Z,LV2,Desert Inn,48b34b87-69c2-467d-a88c-67aac910c539,SAMMS-DesertInn
202609032054005101,202609031904102672,202609031904101105,85,533,Bronze INV,br_AdmissionAssessmentDimensionFiveSubstanceUse,TASK_COMPLETE,SUCCESS,INFO,306,306,0,,2026-09-03T19:04:17.619Z,2026-09-03T20:54:05.052Z,6588,2026-09-03T20:54:05.052Z,LV3,McDaniel,48b34b87-69c2-467d-a88c-67aac910c539,SAMMS-McDaniel
202609032054005102,202609031904102673,202609031904101105,85,536,Bronze INV,br_AdmissionAssessmentDimensionFiveSubstanceUse,TASK_COMPLETE,SUCCESS,INFO,269,269,0,,2026-09-03T19:04:17.619Z,2026-09-03T20:54:05.052Z,6588,2026-09-03T20:54:05.052Z,MNRE,Monroe,48b34b87-69c2-467d-a88c-67aac910c539,SAMMS-Monroe
202609032054005104,202609031904102674,202609031904101105,85,537,Bronze INV,br_AdmissionAssessmentDimensionFiveSubstanceUse,TASK_COMPLETE,SUCCESS,INFO,123,123,0,,2026-09-03T19:04:17.619Z,2026-09-03T20:54:05.052Z,6588,2026-09-03T20:54:05.052Z,MP,Mt. Pleasant,48b34b87-69c2-467d-a88c-67aac910c539,SAMMS-MtPleasant
202609032054005105,202609031904102675,202609031904101105,85,538,Bronze INV,br_AdmissionAssessmentDimensionFiveSubstanceUse,TASK_COMPLETE,SUCCESS,INFO,173,173,0,,2026-09-03T19:04:17.619Z,2026-09-03T20:54:05.052Z,6588,2026-09-03T20:54:05.052Z,MRD,Meridian,48b34b87-69c2-467d-a88c-67aac910c539,SAMMS-Meridian
202609032054005106,202609031904102676,202609031904101105,85,543,Bronze INV,br_AdmissionAssessmentDimensionFiveSubstanceUse,TASK_COMPLETE,SUCCESS,INFO,636,636,0,,2026-09-03T19:04:17.619Z,2026-09-03T20:54:05.052Z,6588,2026-09-03T20:54:05.052Z,NC,North Charleston,48b34b87-69c2-467d-a88c-67aac910c539,SAMMS-NorthCharleston
202609032054005107,202609031904102677,202609031904101105,85,544,Bronze INV,br_AdmissionAssessmentDimensionFiveSubstanceUse,TASK_COMPLETE,SUCCESS,INFO,573,573,0,,2026-09-03T19:04:17.619Z,2026-09-03T20:54:05.052Z,6588,2026-09-03T20:54:05.052Z,NLR,N. Little Rock,48b34b87-69c2-467d-a88c-67aac910c539,SAMMS-NLROBOT
202609032054005108,202609031904102678,202609031904101105,85,545,Bronze INV,br_AdmissionAssessmentDimensionFiveSubstanceUse,TASK_COMPLETE,SUCCESS,INFO,232,232,0,,2026-09-03T19:04:17.619Z,2026-09-03T20:54:05.052Z,6588,2026-09-03T20:54:05.052Z,PH,Phoenix,48b34b87-69c2-467d-a88c-67aac910c539,SAMMS-Phoenix
202609032054005109,202609031904102679,202609031904101105,85,549,Bronze INV,br_AdmissionAssessmentDimensionFiveSubstanceUse,TASK_COMPLETE,SUCCESS,INFO,406,406,0,,2026-09-03T19:04:17.619Z,2026-09-03T20:54:05.052Z,6588,2026-09-03T20:54:05.052Z,RE,Reno,48b34b87-69c2-467d-a88c-67aac910c539,SAMMS-Reno
202609032054005110,202609031904102680,202609031904101105,85,550,Bronze INV,br_AdmissionAssessmentDimensionFiveSubstanceUse,TASK_COMPLETE,SUCCESS,INFO,386,386,0,,2026-09-03T19:04:17.619Z,2026-09-03T20:54:05.052Z,6588,2026-09-03T20:54:05.052Z,RMD,Richmond,48b34b87-69c2-467d-a88c-67aac910c539,SAMMS-Richmond
202609032054005112,202609031904102681,202609031904101105,85,551,Bronze INV,br_AdmissionAssessmentDimensionFiveSubstanceUse,TASK_COMPLETE,SUCCESS,INFO,492,492,0,,2026-09-03T19:04:17.619Z,2026-09-03T20:54:05.052Z,6588,2026-09-03T20:54:05.052Z,SFN,Springfield North,48b34b87-69c2-467d-a88c-67aac910c539,SAMMS-SFNv5
202609032054005113,202609031904102682,202609031904101105,85,552,Bronze INV,br_AdmissionAssessmentDimensionFiveSubstanceUse,TASK_COMPLETE,SUCCESS,INFO,445,445,0,,2026-09-03T19:04:17.619Z,2026-09-03T20:54:05.052Z,6588,2026-09-03T20:54:05.052Z,SHP,Shreveport,48b34b87-69c2-467d-a88c-67aac910c539,SAMMS-Shreveport
202609032054005114,202609031904102683,202609031904101105,85,554,Bronze INV,br_AdmissionAssessmentDimensionFiveSubstanceUse,TASK_COMPLETE,SUCCESS,INFO,80,80,0,,2026-09-03T19:04:17.619Z,2026-09-03T20:54:05.052Z,6588,2026-09-03T20:54:05.052Z,STN,Staunton,48b34b87-69c2-467d-a88c-67aac910c539,SAMMS-Staunton
202609032054005115,202609031904102684,202609031904101105,85,555,Bronze INV,br_AdmissionAssessmentDimensionFiveSubstanceUse,TASK_COMPLETE,SUCCESS,INFO,52,52,0,,2026-09-03T19:04:17.619Z,2026-09-03T20:54:05.052Z,6588,2026-09-03T20:54:05.052Z,STVN,Stevenson,48b34b87-69c2-467d-a88c-67aac910c539,SAMMS-Stevenson
202609032054005117,202609031904102685,202609031904101105,85,557,Bronze INV,br_AdmissionAssessmentDimensionFiveSubstanceUse,TASK_COMPLETE,SUCCESS,INFO,70,70,0,,2026-09-03T19:04:17.619Z,2026-09-03T20:54:05.052Z,6588,2026-09-03T20:54:05.052Z,TE,Tempe,48b34b87-69c2-467d-a88c-67aac910c539,SAMMS-Tempe
202609032054005118,202609031904102686,202609031904101105,85,558,Bronze INV,br_AdmissionAssessmentDimensionFiveSubstanceUse,TASK_COMPLETE,SUCCESS,INFO,368,368,0,,2026-09-03T19:04:17.619Z,2026-09-03T20:54:05.052Z,6588,2026-09-03T20:54:05.052Z,TEX,Texarkana,48b34b87-69c2-467d-a88c-67aac910c539,SAMMS-Texarkana
202609032054005119,202609031904102687,202609031904101105,85,559,Bronze INV,br_AdmissionAssessmentDimensionFiveSubstanceUse,TASK_COMPLETE,SUCCESS,INFO,420,420,0,,2026-09-03T19:04:17.619Z,2026-09-03T20:54:05.052Z,6588,2026-09-03T20:54:05.052Z,TTCA,Bessemer,48b34b87-69c2-467d-a88c-67aac910c539,SAMMS-BessemerV5
202609032054005120,202609031904102688,202609031904101105,85,560,Bronze INV,br_AdmissionAssessmentDimensionFiveSubstanceUse,TASK_COMPLETE,SUCCESS,INFO,552,552,0,,2026-09-03T19:04:17.619Z,2026-09-03T20:54:05.052Z,6588,2026-09-03T20:54:05.052Z,TTCB,Cullman,48b34b87-69c2-467d-a88c-67aac910c539,SAMMS-CullmanV5
202609032054005121,202609031904102689,202609031904101105,85,561,Bronze INV,br_AdmissionAssessmentDimensionFiveSubstanceUse,TASK_COMPLETE,SUCCESS,INFO,300,300,0,,2026-09-03T19:04:17.619Z,2026-09-03T20:54:05.052Z,6588,2026-09-03T20:54:05.052Z,TTCC,Grand Bay,48b34b87-69c2-467d-a88c-67aac910c539,SAMMS-GrandBay
202609032054005123,202609031904102690,202609031904101105,85,562,Bronze INV,br_AdmissionAssessmentDimensionFiveSubstanceUse,TASK_COMPLETE,SUCCESS,INFO,22,22,0,,2026-09-03T19:04:17.619Z,2026-09-03T20:54:05.052Z,6588,2026-09-03T20:54:05.052Z,TU,Tucson,48b34b87-69c2-467d-a88c-67aac910c539,SAMMS-Tucson
202609032054005124,202609031904102691,202609031904101105,85,564,Bronze INV,br_AdmissionAssessmentDimensionFiveSubstanceUse,TASK_COMPLETE,SUCCESS,INFO,251,251,0,,2026-09-03T19:04:17.619Z,2026-09-03T20:54:05.052Z,6588,2026-09-03T20:54:05.052Z,V1,Memphis South,48b34b87-69c2-467d-a88c-67aac910c539,SAMMS-VCPHCS-I-MemphisV5
202609032054005125,202609031904102692,202609031904101105,85,565,Bronze INV,br_AdmissionAssessmentDimensionFiveSubstanceUse,TASK_COMPLETE,SUCCESS,INFO,694,694,0,,2026-09-03T19:04:17.619Z,2026-09-03T20:54:05.052Z,6588,2026-09-03T20:54:05.052Z,V10,Longmont,48b34b87-69c2-467d-a88c-67aac910c539,SAMMS-BoulderV5
202609032054005127,202609031904102693,202609031904101105,85,566,Bronze INV,br_AdmissionAssessmentDimensionFiveSubstanceUse,TASK_COMPLETE,SUCCESS,INFO,1190,1190,0,,2026-09-03T19:04:17.619Z,2026-09-03T20:54:05.052Z,6588,2026-09-03T20:54:05.052Z,V10A,Fort Collins,48b34b87-69c2-467d-a88c-67aac910c539,SAMMS-FortCollinsV5
202609032054005128,202609031904102694,202609031904101105,85,567,Bronze INV,br_AdmissionAssessmentDimensionFiveSubstanceUse,TASK_COMPLETE,SUCCESS,INFO,989,989,0,,2026-09-03T19:04:17.619Z,2026-09-03T20:54:05.052Z,6588,2026-09-03T20:54:05.052Z,V11,Westminster,48b34b87-69c2-467d-a88c-67aac910c539,SAMMS-VCPHCS-XI-NorthDenverV5
202609032054005129,202609031904102695,202609031904101105,85,568,Bronze INV,br_AdmissionAssessmentDimensionFiveSubstanceUse,TASK_COMPLETE,SUCCESS,INFO,1055,1055,0,,2026-09-03T19:04:17.619Z,2026-09-03T20:54:05.052Z,6588,2026-09-03T20:54:05.052Z,V12,Downtown Denver,48b34b87-69c2-467d-a88c-67aac910c539,SAMMS-VCPHCS-XII-DowntownDenverV5
202609032054005130,202609031904102696,202609031904101105,85,569,Bronze INV,br_AdmissionAssessmentDimensionFiveSubstanceUse,TASK_COMPLETE,SUCCESS,INFO,475,475,0,,2026-09-03T19:04:17.619Z,2026-09-03T20:54:05.052Z,6588,2026-09-03T20:54:05.052Z,V12A,Centennial,48b34b87-69c2-467d-a88c-67aac910c539,SAMMS-CentennialV5
202609032054005131,202609031904102697,202609031904101105,85,570,Bronze INV,br_AdmissionAssessmentDimensionFiveSubstanceUse,TASK_COMPLETE,SUCCESS,INFO,295,295,0,,2026-09-03T19:04:17.619Z,2026-09-03T20:54:05.052Z,6588,2026-09-03T20:54:05.052Z,V14,Overland Park,48b34b87-69c2-467d-a88c-67aac910c539,SAMMS-VCPHCS-XIV-BridgewayV5
202609032054005132,202609031904102698,202609031904101105,85,571,Bronze INV,br_AdmissionAssessmentDimensionFiveSubstanceUse,TASK_COMPLETE,SUCCESS,INFO,569,569,0,,2026-09-03T19:04:17.619Z,2026-09-03T20:54:05.052Z,6588,2026-09-03T20:54:05.052Z,V15,Joplin,48b34b87-69c2-467d-a88c-67aac910c539,SAMMS-JoplinV5
202609032054005133,202609031904102699,202609031904101105,85,573,Bronze INV,br_AdmissionAssessmentDimensionFiveSubstanceUse,TASK_COMPLETE,SUCCESS,INFO,473,473,0,,2026-09-03T19:04:17.619Z,2026-09-03T20:54:05.052Z,6588,2026-09-03T20:54:05.052Z,V17,Columbia TN,48b34b87-69c2-467d-a88c-67aac910c539,SAMMS-ColumbiaTNv5
202609032054005135,202609031904102700,202609031904101105,85,575,Bronze INV,br_AdmissionAssessmentDimensionFiveSubstanceUse,TASK_COMPLETE,SUCCESS,INFO,417,417,0,,2026-09-03T19:04:17.619Z,2026-09-03T20:54:05.052Z,6588,2026-09-03T20:54:05.052Z,V19,Jackson,48b34b87-69c2-467d-a88c-67aac910c539,SAMMS-JacksonV5
202609032054005136,202609031904102701,202609031904101105,85,577,Bronze INV,br_AdmissionAssessmentDimensionFiveSubstanceUse,TASK_COMPLETE,SUCCESS,INFO,481,481,0,,2026-09-03T19:04:17.619Z,2026-09-03T20:54:05.052Z,6588,2026-09-03T20:54:05.052Z,V20,Paris,48b34b87-69c2-467d-a88c-67aac910c539,SAMMS-ParisV5
202609032054005137,202609031904102702,202609031904101105,85,578,Bronze INV,br_AdmissionAssessmentDimensionFiveSubstanceUse,TASK_COMPLETE,SUCCESS,INFO,360,360,0,,2026-09-03T19:04:17.619Z,2026-09-03T20:54:05.052Z,6588,2026-09-03T20:54:05.052Z,V21,Memphis North,48b34b87-69c2-467d-a88c-67aac910c539,SAMMS-RaleighV5
202609032054005138,202609031904102703,202609031904101105,85,581,Bronze INV,br_AdmissionAssessmentDimensionFiveSubstanceUse,TASK_COMPLETE,SUCCESS,INFO,698,698,0,,2026-09-03T19:04:17.619Z,2026-09-03T20:54:05.052Z,6588,2026-09-03T20:54:05.052Z,V5,West Bank,48b34b87-69c2-467d-a88c-67aac910c539,SAMMS-NONTCv5
202609032054005139,202609031904102704,202609031904101105,85,583,Bronze INV,br_AdmissionAssessmentDimensionFiveSubstanceUse,TASK_COMPLETE,SUCCESS,INFO,252,252,0,,2026-09-03T19:04:17.619Z,2026-09-03T20:54:05.052Z,6588,2026-09-03T20:54:05.052Z,V5B,Houma,48b34b87-69c2-467d-a88c-67aac910c539,SAMMS-HoumaV6
202609032054005140,202609031904102705,202609031904101105,85,584,Bronze INV,br_AdmissionAssessmentDimensionFiveSubstanceUse,TASK_COMPLETE,SUCCESS,INFO,951,951,0,,2026-09-03T19:04:17.619Z,2026-09-03T20:54:05.052Z,6588,2026-09-03T20:54:05.052Z,V6,Lake Charles,48b34b87-69c2-467d-a88c-67aac910c539,SAMMS-LCv5
202609032054005141,202609031904102706,202609031904101105,85,586,Bronze INV,br_AdmissionAssessmentDimensionFiveSubstanceUse,TASK_COMPLETE,SUCCESS,INFO,566,566,0,,2026-09-03T19:04:17.619Z,2026-09-03T20:54:05.052Z,6588,2026-09-03T20:54:05.052Z,V8,Memphis Midtown,48b34b87-69c2-467d-a88c-67aac910c539,SAMMS-VCPHCS-VIII-MemphisV5
202609032054005143,202609031904102707,202609031904101105,85,587,Bronze INV,br_AdmissionAssessmentDimensionFiveSubstanceUse,TASK_COMPLETE,SUCCESS,INFO,1572,1572,0,,2026-09-03T19:04:17.619Z,2026-09-03T20:54:05.052Z,6588,2026-09-03T20:54:05.052Z,V9,Nashville,48b34b87-69c2-467d-a88c-67aac910c539,SAMMS-NashvilleV5
202609032054005144,202609031904102708,202609031904101105,85,588,Bronze INV,br_AdmissionAssessmentDimensionFiveSubstanceUse,TASK_COMPLETE,SUCCESS,INFO,331,331,0,,2026-09-03T19:04:17.619Z,2026-09-03T20:54:05.052Z,6588,2026-09-03T20:54:05.052Z,VBRA,Brainerd,48b34b87-69c2-467d-a88c-67aac910c539,SAMMS-BrainerdV6
202609032054005145,202609031904102709,202609031904101105,85,589,Bronze INV,br_AdmissionAssessmentDimensionFiveSubstanceUse,TASK_COMPLETE,SUCCESS,INFO,587,587,0,,2026-09-03T19:04:17.619Z,2026-09-03T20:54:05.052Z,6588,2026-09-03T20:54:05.052Z,VBRP,Brooklyn Park,48b34b87-69c2-467d-a88c-67aac910c539,SAMMS-BrooklynParkV6
202609032054005146,202609031904102710,202609031904101105,85,591,Bronze INV,br_AdmissionAssessmentDimensionFiveSubstanceUse,TASK_COMPLETE,SUCCESS,INFO,573,573,0,,2026-09-03T19:04:17.619Z,2026-09-03T20:54:05.052Z,6588,2026-09-03T20:54:05.052Z,VMIN,Minneapolis,48b34b87-69c2-467d-a88c-67aac910c539,SAMMS-MinneapolisV6
202609032054005147,202609031904102711,202609031904101105,85,592,Bronze INV,br_AdmissionAssessmentDimensionFiveSubstanceUse,TASK_COMPLETE,SUCCESS,INFO,1057,1057,0,,2026-09-03T19:04:17.619Z,2026-09-03T20:54:05.052Z,6588,2026-09-03T20:54:05.052Z,VWBY,Woodbury,48b34b87-69c2-467d-a88c-67aac910c539,SAMMS-WoodburyV6
202609032054005148,202609031904102712,202609031904101105,85,594,Bronze INV,br_AdmissionAssessmentDimensionFiveSubstanceUse,TASK_COMPLETE,SUCCESS,INFO,433,433,0,,2026-09-03T19:04:17.619Z,2026-09-03T20:54:05.052Z,6588,2026-09-03T20:54:05.052Z,WIL,Wilson,48b34b87-69c2-467d-a88c-67aac910c539,SAMMS-Wilson
202609032054005149,202609031904102713,202609031904101105,85,966,Bronze INV,br_AdmissionAssessmentDimensionSix,TASK_COMPLETE,SUCCESS,INFO,100,100,0,,2026-09-03T19:04:17.619Z,2026-09-03T20:54:05.052Z,6588,2026-09-03T20:54:05.052Z,AHK,Ahoskie,48b34b87-69c2-467d-a88c-67aac910c539,SAMMS-Ahoskie
202609032054005150,202609031904102714,202609031904101105,85,967,Bronze INV,br_AdmissionAssessmentDimensionSix,TASK_COMPLETE,SUCCESS,INFO,799,799,0,,2026-09-03T19:04:17.619Z,2026-09-03T20:54:05.052Z,6588,2026-09-03T20:54:05.052Z,B12B,Colorado Springs,48b34b87-69c2-467d-a88c-67aac910c539,SAMMS-ColoradoSpringsV5
202609032054005152,202609031904102715,202609031904101105,85,968,Bronze INV,br_AdmissionAssessmentDimensionSix,TASK_COMPLETE,SUCCESS,INFO,415,415,0,,2026-09-03T19:04:17.619Z,2026-09-03T20:54:05.052Z,6588,2026-09-03T20:54:05.052Z,B24,Paintsville,48b34b87-69c2-467d-a88c-67aac910c539,SAMMS-PaintsvilleV5
202609032054005153,202609031904102716,202609031904101105,85,969,Bronze INV,br_AdmissionAssessmentDimensionSix,TASK_COMPLETE,SUCCESS,INFO,171,171,0,,2026-09-03T19:04:17.619Z,2026-09-03T20:54:05.052Z,6588,2026-09-03T20:54:05.052Z,B25,Pikeville,48b34b87-69c2-467d-a88c-67aac910c539,SAMMS-PikevilleV5
202609032054005154,202609031904102717,202609031904101105,85,970,Bronze INV,br_AdmissionAssessmentDimensionSix,TASK_COMPLETE,SUCCESS,INFO,493,493,0,,2026-09-03T19:04:17.619Z,2026-09-03T20:54:05.052Z,6588,2026-09-03T20:54:05.052Z,B26,Hazard,48b34b87-69c2-467d-a88c-67aac910c539,SAMMS-HazardV5
202609032054005155,202609031904102718,202609031904101105,85,971,Bronze INV,br_AdmissionAssessmentDimensionSix,TASK_COMPLETE,SUCCESS,INFO,191,191,0,,2026-09-03T19:04:17.619Z,2026-09-03T20:54:05.052Z,6588,2026-09-03T20:54:05.052Z,B27,Savannah,48b34b87-69c2-467d-a88c-67aac910c539,SAMMS-SavannahV6
202609032054005156,202609031904102719,202609031904101105,85,972,Bronze INV,br_AdmissionAssessmentDimensionSix,TASK_COMPLETE,SUCCESS,INFO,239,239,0,,2026-09-03T19:04:17.619Z,2026-09-03T20:54:05.052Z,6588,2026-09-03T20:54:05.052Z,B28,West Plains,48b34b87-69c2-467d-a88c-67aac910c539,SAMMS-WestPlainesV5
202609032054005157,202609031904102720,202609031904101105,85,973,Bronze INV,br_AdmissionAssessmentDimensionSix,TASK_COMPLETE,SUCCESS,INFO,261,261,0,,2026-09-03T19:04:17.619Z,2026-09-03T20:54:05.052Z,6588,2026-09-03T20:54:05.052Z,B29,Poplar Bluff,48b34b87-69c2-467d-a88c-67aac910c539,SAMMS-PoplarBluffV5
202609032054005158,202609031904102721,202609031904101105,85,974,Bronze INV,br_AdmissionAssessmentDimensionSix,TASK_COMPLETE,SUCCESS,INFO,140,140,0,,2026-09-03T19:04:17.619Z,2026-09-03T20:54:05.052Z,6588,2026-09-03T20:54:05.052Z,B30,KC North,48b34b87-69c2-467d-a88c-67aac910c539,SAMMS-KCNv5
202609032054005160,202609031904102722,202609031904101105,85,975,Bronze INV,br_AdmissionAssessmentDimensionSix,TASK_COMPLETE,SUCCESS,INFO,341,341,0,,2026-09-03T19:04:17.619Z,2026-09-03T20:54:05.052Z,6588,2026-09-03T20:54:05.052Z,B31,Dyersburg,48b34b87-69c2-467d-a88c-67aac910c539,SAMMS-DyersburgV5
202609032054005161,202609031904102723,202609031904101105,85,977,Bronze INV,br_AdmissionAssessmentDimensionSix,TASK_COMPLETE,SUCCESS,INFO,213,213,0,,2026-09-03T19:04:17.619Z,2026-09-03T20:54:05.052Z,6588,2026-09-03T20:54:05.052Z,B33,Paducah,48b34b87-69c2-467d-a88c-67aac910c539,SAMMS-Paducah
202609032054005162,202609031904102724,202609031904101105,85,978,Bronze INV,br_AdmissionAssessmentDimensionSix,TASK_COMPLETE,SUCCESS,INFO,443,443,0,,2026-09-03T19:04:17.619Z,2026-09-03T20:54:05.052Z,6588,2026-09-03T20:54:05.052Z,B34,Corbin,48b34b87-69c2-467d-a88c-67aac910c539,SAMMS-CorbinV5
202609032054005163,202609031904102725,202609031904101105,85,979,Bronze INV,br_AdmissionAssessmentDimensionSix,TASK_COMPLETE,SUCCESS,INFO,712,712,0,,2026-09-03T19:04:17.619Z,2026-09-03T20:54:05.052Z,6588,2026-09-03T20:54:05.052Z,B35,Lexington,48b34b87-69c2-467d-a88c-67aac910c539,SAMMS-LexingtonV5
202609032054005164,202609031904102726,202609031904101105,85,980,Bronze INV,br_AdmissionAssessmentDimensionSix,TASK_COMPLETE,SUCCESS,INFO,346,346,0,,2026-09-03T19:04:17.619Z,2026-09-03T20:54:05.052Z,6588,2026-09-03T20:54:05.052Z,B35A,Berea,48b34b87-69c2-467d-a88c-67aac910c539,SAMMS-BereaV5
202609032054005165,202609031904102727,202609031904101105,85,981,Bronze INV,br_AdmissionAssessmentDimensionSix,TASK_COMPLETE,SUCCESS,INFO,607,607,0,,2026-09-03T19:04:17.619Z,2026-09-03T20:54:05.052Z,6588,2026-09-03T20:54:05.052Z,B36,Asheville,48b34b87-69c2-467d-a88c-67aac910c539,SAMMS-AshevilleV5
202609032054005166,202609031904102728,202609031904101105,85,982,Bronze INV,br_AdmissionAssessmentDimensionSix,TASK_COMPLETE,SUCCESS,INFO,448,448,0,,2026-09-03T19:04:17.619Z,2026-09-03T20:54:05.052Z,6588,2026-09-03T20:54:05.052Z,B37,Clyde,48b34b87-69c2-467d-a88c-67aac910c539,SAMMS-ClydeV5
202609032054005168,202609031904102729,202609031904101105,85,983,Bronze INV,br_AdmissionAssessmentDimensionSix,TASK_COMPLETE,SUCCESS,INFO,632,632,0,,2026-09-03T19:04:17.619Z,2026-09-03T20:54:05.052Z,6588,2026-09-03T20:54:05.052Z,B38,Spartanburg,48b34b87-69c2-467d-a88c-67aac910c539,SAMMS-SpartanburgV5
202609032054005169,202609031904102730,202609031904101105,85,984,Bronze INV,br_AdmissionAssessmentDimensionSix,TASK_COMPLETE,SUCCESS,INFO,476,476,0,,2026-09-03T19:04:17.619Z,2026-09-03T20:54:05.052Z,6588,2026-09-03T20:54:05.052Z,B39,Aiken,48b34b87-69c2-467d-a88c-67aac910c539,SAMMS-AikenV5
202609032054005170,202609031904102731,202609031904101105,85,985,Bronze INV,br_AdmissionAssessmentDimensionSix,TASK_COMPLETE,SUCCESS,INFO,289,289,0,,2026-09-03T19:04:17.619Z,2026-09-03T20:54:05.052Z,6588,2026-09-03T20:54:05.052Z,B41,Chesapeake,48b34b87-69c2-467d-a88c-67aac910c539,SAMMS-ChesapeakeV5
202609032054005171,202609031904102732,202609031904101105,85,986,Bronze INV,br_AdmissionAssessmentDimensionSix,TASK_COMPLETE,SUCCESS,INFO,531,531,0,,2026-09-03T19:04:17.619Z,2026-09-03T20:54:05.052Z,6588,2026-09-03T20:54:05.052Z,B42,Virginia Beach,48b34b87-69c2-467d-a88c-67aac910c539,SAMMS-VirginiaBeachV5
202609032054005172,202609031904102733,202609031904101105,85,987,Bronze INV,br_AdmissionAssessmentDimensionSix,TASK_COMPLETE,SUCCESS,INFO,162,162,0,,2026-09-03T19:04:17.619Z,2026-09-03T20:54:05.052Z,6588,2026-09-03T20:54:05.052Z,B42A,Newport News,48b34b87-69c2-467d-a88c-67aac910c539,SAMMS-NewportNewsV5
202609032054005173,202609031904102734,202609031904101105,85,988,Bronze INV,br_AdmissionAssessmentDimensionSix,TASK_COMPLETE,SUCCESS,INFO,54,54,0,,2026-09-03T19:04:17.619Z,2026-09-03T20:54:05.052Z,6588,2026-09-03T20:54:05.052Z,B42B,Franklin,48b34b87-69c2-467d-a88c-67aac910c539,SAMMS-FranklinV5
202609032054005174,202609031904102735,202609031904101105,85,989,Bronze INV,br_AdmissionAssessmentDimensionSix,TASK_COMPLETE,SUCCESS,INFO,334,334,0,,2026-09-03T19:04:17.619Z,2026-09-03T20:54:05.052Z,6588,2026-09-03T20:54:05.052Z,B42C,Glen Allen,48b34b87-69c2-467d-a88c-67aac910c539,SAMMS-GlenAllenV5
202609032054005175,202609031904102736,202609031904101105,85,990,Bronze INV,br_AdmissionAssessmentDimensionSix,TASK_COMPLETE,SUCCESS,INFO,168,168,0,,2026-09-03T19:04:17.619Z,2026-09-03T20:54:05.052Z,6588,2026-09-03T20:54:05.052Z,B42D,Chesapeake South,48b34b87-69c2-467d-a88c-67aac910c539,SAMMS-ChesapeakeSouthV5
202609032054005177,202609031904102737,202609031904101105,85,991,Bronze INV,br_AdmissionAssessmentDimensionSix,TASK_COMPLETE,SUCCESS,INFO,211,211,0,,2026-09-03T19:04:17.619Z,2026-09-03T20:54:05.052Z,6588,2026-09-03T20:54:05.052Z,B44,Albany,48b34b87-69c2-467d-a88c-67aac910c539,SAMMS-AlbanyV5
202609070611097789,202609070609031826,20260812034005,100,13668,Bronze QQ_GLTRAN,br_qq_gltran,TASK_FAILED,FAILED,ERROR,0,0,0,"Failure happened on Source side. ErrorCode=SqlOperationFailed,Type=Microsoft.DataTransfer.Common.Shared.HybridDeliveryException,Message=A database operation failed with the following error: Invalid column name INVALID_COLUMN_TEST. Invalid column name INVALID_COLUMN_TEST.,Source=,Type=System.Data.SqlClient.SqlException,Message=Invalid column name INVALID_COLUMN_TEST. Invalid column name INVALID_COLUMN_TEST.,Source=.Net SqlClient Data Provider,SqlErrorNumber=207,Class=16,ErrorCode=-2146232060,State=1,Errors=[{Class=16,Number=207,State=1,Message=Invalid column name INVALID_COLUMN_TEST.,},{Class=16,Number=207,State=1,Message=Invalid column name INVALID_COLUMN_TEST.,},],",2026-09-07T06:09:15.549Z,2026-09-07T06:11:12.728Z,83,2026-09-07T06:11:12.728Z,,,a75ae2d8-c139-4f27-be77-19ed5feecca1,
202609070657042421,202609070655394190,20260812034005,100,13668,Bronze QQ_GLTRAN,br_qq_gltran,TASK_FAILED,FAILED,ERROR,0,0,0,"Failure happened on Source side. ErrorCode=SqlOperationFailed,Type=Microsoft.DataTransfer.Common.Shared.HybridDeliveryException,Message=A database operation failed with the following error: Invalid column name INVALID_COLUMN_TEST. Invalid column name INVALID_COLUMN_TEST.,Source=,Type=System.Data.SqlClient.SqlException,Message=Invalid column name INVALID_COLUMN_TEST. Invalid column name INVALID_COLUMN_TEST.,Source=.Net SqlClient Data Provider,SqlErrorNumber=207,Class=16,ErrorCode=-2146232060,State=1,Errors=[{Class=16,Number=207,State=1,Message=Invalid column name INVALID_COLUMN_TEST.,},{Class=16,Number=207,State=1,Message=Invalid column name INVALID_COLUMN_TEST.,},],",2026-09-07T06:55:55.890Z,2026-09-07T06:57:06.933Z,62,2026-09-07T06:57:06.933Z,,,9f5bb09f-5148-427e-a670-091e051e6718,
202609070739555204,202609070738125476,20260812034005,100,13668,Bronze QQ_GLTRAN,br_qq_gltran,TASK_FAILED,FAILED,ERROR,0,0,0,"Failure happened on Source side. ErrorCode=SqlOperationFailed,Type=Microsoft.DataTransfer.Common.Shared.HybridDeliveryException,Message=A database operation failed with the following error: Invalid column name INVALID_COLUMN_TEST. Invalid column name INVALID_COLUMN_TEST.,Source=,Type=System.Data.SqlClient.SqlException,Message=Invalid column name INVALID_COLUMN_TEST. Invalid column name INVALID_COLUMN_TEST.,Source=.Net SqlClient Data Provider,SqlErrorNumber=207,Class=16,ErrorCode=-2146232060,State=1,Errors=[{Class=16,Number=207,State=1,Message=Invalid column name INVALID_COLUMN_TEST.,},{Class=16,Number=207,State=1,Message=Invalid column name INVALID_COLUMN_TEST.,},],",2026-09-07T07:38:22.898Z,2026-09-07T07:39:59.016Z,83,2026-09-07T07:39:59.016Z,,,9157f2d0-670d-4802-8929-0872c51356e9,
202609070846220608,202609070844479465,20260907052331,100,13668,Bronze QQ_GLTRAN,br_qq_gltran,TASK_FAILED,FAILED,ERROR,0,0,0,"Failure happened on Source side. ErrorCode=SqlOperationFailed,Type=Microsoft.DataTransfer.Common.Shared.HybridDeliveryException,Message=A database operation failed with the following error: Invalid column name INVALID_COLUMN_TEST. Invalid column name INVALID_COLUMN_TEST.,Source=,Type=System.Data.SqlClient.SqlException,Message=Invalid column name INVALID_COLUMN_TEST. Invalid column name INVALID_COLUMN_TEST.,Source=.Net SqlClient Data Provider,SqlErrorNumber=207,Class=16,ErrorCode=-2146232060,State=1,Errors=[{Class=16,Number=207,State=1,Message=Invalid column name INVALID_COLUMN_TEST.,},{Class=16,Number=207,State=1,Message=Invalid column name INVALID_COLUMN_TEST.,},],",2026-09-07T08:44:53.819Z,2026-09-07T08:46:24.875Z,79,2026-09-07T08:46:24.875Z,,,49061cae-9c41-49bf-8a9d-5bcf8fc7e716,
202609070813503706,202609070812398306,20260812034005,100,13668,Bronze QQ_GLTRAN,br_qq_gltran,TASK_FAILED,FAILED,ERROR,0,0,0,"Failure happened on Source side. ErrorCode=SqlOperationFailed,Type=Microsoft.DataTransfer.Common.Shared.HybridDeliveryException,Message=A database operation failed with the following error: Invalid column name INVALID_COLUMN_TEST. Invalid column name INVALID_COLUMN_TEST.,Source=,Type=System.Data.SqlClient.SqlException,Message=Invalid column name INVALID_COLUMN_TEST. Invalid column name INVALID_COLUMN_TEST.,Source=.Net SqlClient Data Provider,SqlErrorNumber=207,Class=16,ErrorCode=-2146232060,State=1,Errors=[{Class=16,Number=207,State=1,Message=Invalid column name INVALID_COLUMN_TEST.,},{Class=16,Number=207,State=1,Message=Invalid column name INVALID_COLUMN_TEST.,},],",2026-09-07T08:12:54.705Z,2026-09-07T08:13:53.687Z,48,2026-09-07T08:13:53.687Z,,,f205c31d-a56d-4c82-909d-d1cc597f1efb,
202609070524511283,202609070523380033,20260907052331,100,13668,Bronze QQ_GLTRAN,br_qq_gltran,TASK_FAILED,FAILED,ERROR,0,0,0,"Failure happened on Source side. ErrorCode=SqlOperationFailed,Type=Microsoft.DataTransfer.Common.Shared.HybridDeliveryException,Message=A database operation failed with the following error: Invalid column name INVALID_COLUMN_TEST. Invalid column name INVALID_COLUMN_TEST.,Source=,Type=System.Data.SqlClient.SqlException,Message=Invalid column name INVALID_COLUMN_TEST. Invalid column name INVALID_COLUMN_TEST.,Source=.Net SqlClient Data Provider,SqlErrorNumber=207,Class=16,ErrorCode=-2146232060,State=1,Errors=[{Class=16,Number=207,State=1,Message=Invalid column name INVALID_COLUMN_TEST.,},{Class=16,Number=207,State=1,Message=Invalid column name INVALID_COLUMN_TEST.,},],",2026-09-07T05:23:47.740Z,2026-09-07T05:24:54.052Z,55,2026-09-07T05:24:54.052Z,,,11881138-e193-4401-91c9-28193ebd1a8a,
202608312116373571,202608311905653957,202608311905652236,85,1144,Bronze INV,br_AdmissionAssessmentDimensionSix,TASK_COMPLETE,SUCCESS,INFO,1062,1062,0,,2026-08-31T19:06:18.658Z,2026-08-31T21:16:41.151Z,7823,2026-08-31T21:16:41.151Z,VWBY,Woodbury,79f5b39e-d314-4ad3-8050-3ace553d67de,SAMMS-WoodburyV6
202608312116373572,202608311905653958,202608311905652236,85,1146,Bronze INV,br_AdmissionAssessmentDimensionSix,TASK_COMPLETE,SUCCESS,INFO,430,430,0,,2026-08-31T19:06:18.658Z,2026-08-31T21:16:41.151Z,7823,2026-08-31T21:16:41.151Z,WIL,Wilson,79f5b39e-d314-4ad3-8050-3ace553d67de,SAMMS-Wilson
202608312116373573,202608311905653959,202608311905652236,85,2990,Bronze INV,br_ReAssessment,TASK_COMPLETE,SUCCESS,INFO,0,0,0,,2026-08-31T19:06:18.658Z,2026-08-31T21:16:41.151Z,7823,2026-08-31T21:16:41.151Z,AHK,Ahoskie,79f5b39e-d314-4ad3-8050-3ace553d67de,SAMMS-Ahoskie
202608312116373574,202608311905653960,202608311905652236,85,2991,Bronze INV,br_ReAssessment,TASK_COMPLETE,SUCCESS,INFO,0,0,0,,2026-08-31T19:06:18.658Z,2026-08-31T21:16:41.151Z,7823,2026-08-31T21:16:41.151Z,B12B,Colorado Springs,79f5b39e-d314-4ad3-8050-3ace553d67de,SAMMS-ColoradoSpringsV5
202608312116373576,202608311905653961,202608311905652236,85,2992,Bronze INV,br_ReAssessment,TASK_COMPLETE,SUCCESS,INFO,0,0,0,,2026-08-31T19:06:18.658Z,2026-08-31T21:16:41.151Z,7823,2026-08-31T21:16:41.151Z,B24,Paintsville,79f5b39e-d314-4ad3-8050-3ace553d67de,SAMMS-PaintsvilleV5
202608312116373577,202608311905653962,202608311905652236,85,2993,Bronze INV,br_ReAssessment,TASK_COMPLETE,SUCCESS,INFO,0,0,0,,2026-08-31T19:06:18.658Z,2026-08-31T21:16:41.151Z,7823,2026-08-31T21:16:41.151Z,B25,Pikeville,79f5b39e-d314-4ad3-8050-3ace553d67de,SAMMS-PikevilleV5
202608312116373578,202608311905653963,202608311905652236,85,2994,Bronze INV,br_ReAssessment,TASK_COMPLETE,SUCCESS,INFO,0,0,0,,2026-08-31T19:06:18.658Z,2026-08-31T21:16:41.151Z,7823,2026-08-31T21:16:41.151Z,B26,Hazard,79f5b39e-d314-4ad3-8050-3ace553d67de,SAMMS-HazardV5
202608312116373579,202608311905653964,202608311905652236,85,2995,Bronze INV,br_ReAssessment,TASK_COMPLETE,SUCCESS,INFO,0,0,0,,2026-08-31T19:06:18.658Z,2026-08-31T21:16:41.151Z,7823,2026-08-31T21:16:41.151Z,B27,Savannah,79f5b39e-d314-4ad3-8050-3ace553d67de,SAMMS-SavannahV6
202608312116373580,202608311905653965,202608311905652236,85,2996,Bronze INV,br_ReAssessment,TASK_COMPLETE,SUCCESS,INFO,0,0,0,,2026-08-31T19:06:18.658Z,2026-08-31T21:16:41.151Z,7823,2026-08-31T21:16:41.151Z,B28,West Plains,79f5b39e-d314-4ad3-8050-3ace553d67de,SAMMS-WestPlainesV5
202608312116373581,202608311905653966,202608311905652236,85,2997,Bronze INV,br_ReAssessment,TASK_COMPLETE,SUCCESS,INFO,0,0,0,,2026-08-31T19:06:18.658Z,2026-08-31T21:16:41.151Z,7823,2026-08-31T21:16:41.151Z,B29,Poplar Bluff,79f5b39e-d314-4ad3-8050-3ace553d67de,SAMMS-PoplarBluffV5
202608312116373582,202608311905653967,202608311905652236,85,2998,Bronze INV,br_ReAssessment,TASK_COMPLETE,SUCCESS,INFO,0,0,0,,2026-08-31T19:06:18.658Z,2026-08-31T21:16:41.151Z,7823,2026-08-31T21:16:41.151Z,B30,KC North,79f5b39e-d314-4ad3-8050-3ace553d67de,SAMMS-KCNv5
202608312116373583,202608311905653968,202608311905652236,85,2999,Bronze INV,br_ReAssessment,TASK_COMPLETE,SUCCESS,INFO,0,0,0,,2026-08-31T19:06:18.658Z,2026-08-31T21:16:41.151Z,7823,2026-08-31T21:16:41.151Z,B31,Dyersburg,79f5b39e-d314-4ad3-8050-3ace553d67de,SAMMS-DyersburgV5
202608312116373584,202608311905653969,202608311905652236,85,3001,Bronze INV,br_ReAssessment,TASK_COMPLETE,SUCCESS,INFO,0,0,0,,2026-08-31T19:06:18.658Z,2026-08-31T21:16:41.151Z,7823,2026-08-31T21:16:41.151Z,B33,Paducah,79f5b39e-d314-4ad3-8050-3ace553d67de,SAMMS-Paducah
202608312116373586,202608311905653970,202608311905652236,85,3002,Bronze INV,br_ReAssessment,TASK_COMPLETE,SUCCESS,INFO,0,0,0,,2026-08-31T19:06:18.658Z,2026-08-31T21:16:41.151Z,7823,2026-08-31T21:16:41.151Z,B34,Corbin,79f5b39e-d314-4ad3-8050-3ace553d67de,SAMMS-CorbinV5
202608312116373587,202608311905653971,202608311905652236,85,3003,Bronze INV,br_ReAssessment,TASK_COMPLETE,SUCCESS,INFO,0,0,0,,2026-08-31T19:06:18.658Z,2026-08-31T21:16:41.151Z,7823,2026-08-31T21:16:41.151Z,B35,Lexington,79f5b39e-d314-4ad3-8050-3ace553d67de,SAMMS-LexingtonV5
202608312116373588,202608311905653972,202608311905652236,85,3004,Bronze INV,br_ReAssessment,TASK_COMPLETE,SUCCESS,INFO,0,0,0,,2026-08-31T19:06:18.658Z,2026-08-31T21:16:41.151Z,7823,2026-08-31T21:16:41.151Z,B35A,Berea,79f5b39e-d314-4ad3-8050-3ace553d67de,SAMMS-BereaV5
202608312116373589,202608311905653973,202608311905652236,85,3005,Bronze INV,br_ReAssessment,TASK_COMPLETE,SUCCESS,INFO,0,0,0,,2026-08-31T19:06:18.658Z,2026-08-31T21:16:41.151Z,7823,2026-08-31T21:16:41.151Z,B36,Asheville,79f5b39e-d314-4ad3-8050-3ace553d67de,SAMMS-AshevilleV5
202608312116373590,202608311905653974,202608311905652236,85,3006,Bronze INV,br_ReAssessment,TASK_COMPLETE,SUCCESS,INFO,0,0,0,,2026-08-31T19:06:18.658Z,2026-08-31T21:16:41.151Z,7823,2026-08-31T21:16:41.151Z,B37,Clyde,79f5b39e-d314-4ad3-8050-3ace553d67de,SAMMS-ClydeV5
202608312116373591,202608311905653975,202608311905652236,85,3007,Bronze INV,br_ReAssessment,TASK_COMPLETE,SUCCESS,INFO,0,0,0,,2026-08-31T19:06:18.658Z,2026-08-31T21:16:41.151Z,7823,2026-08-31T21:16:41.151Z,B38,Spartanburg,79f5b39e-d314-4ad3-8050-3ace553d67de,SAMMS-SpartanburgV5
202608312116373592,202608311905653976,202608311905652236,85,3008,Bronze INV,br_ReAssessment,TASK_COMPLETE,SUCCESS,INFO,0,0,0,,2026-08-31T19:06:18.658Z,2026-08-31T21:16:41.151Z,7823,2026-08-31T21:16:41.151Z,B39,Aiken,79f5b39e-d314-4ad3-8050-3ace553d67de,SAMMS-AikenV5
202608312116373593,202608311905653977,202608311905652236,85,3009,Bronze INV,br_ReAssessment,TASK_COMPLETE,SUCCESS,INFO,0,0,0,,2026-08-31T19:06:18.658Z,2026-08-31T21:16:41.151Z,7823,2026-08-31T21:16:41.151Z,B41,Chesapeake,79f5b39e-d314-4ad3-8050-3ace553d67de,SAMMS-ChesapeakeV5
202608312116373594,202608311905653978,202608311905652236,85,3010,Bronze INV,br_ReAssessment,TASK_COMPLETE,SUCCESS,INFO,0,0,0,,2026-08-31T19:06:18.658Z,2026-08-31T21:16:41.151Z,7823,2026-08-31T21:16:41.151Z,B42,Virginia Beach,79f5b39e-d314-4ad3-8050-3ace553d67de,SAMMS-VirginiaBeachV5
202608312116373595,202608311905653979,202608311905652236,85,3011,Bronze INV,br_ReAssessment,TASK_COMPLETE,SUCCESS,INFO,0,0,0,,2026-08-31T19:06:18.658Z,2026-08-31T21:16:41.151Z,7823,2026-08-31T21:16:41.151Z,B42A,Newport News,79f5b39e-d314-4ad3-8050-3ace553d67de,SAMMS-NewportNewsV5
202608312116373597,202608311905653980,202608311905652236,85,3012,Bronze INV,br_ReAssessment,TASK_COMPLETE,SUCCESS,INFO,0,0,0,,2026-08-31T19:06:18.658Z,2026-08-31T21:16:41.151Z,7823,2026-08-31T21:16:41.151Z,B42B,Franklin,79f5b39e-d314-4ad3-8050-3ace553d67de,SAMMS-FranklinV5
202608312116373598,202608311905653981,202608311905652236,85,3013,Bronze INV,br_ReAssessment,TASK_COMPLETE,SUCCESS,INFO,0,0,0,,2026-08-31T19:06:18.658Z,2026-08-31T21:16:41.151Z,7823,2026-08-31T21:16:41.151Z,B42C,Glen Allen,79f5b39e-d314-4ad3-8050-3ace553d67de,SAMMS-GlenAllenV5
202608312116373599,202608311905653982,202608311905652236,85,3014,Bronze INV,br_ReAssessment,TASK_COMPLETE,SUCCESS,INFO,0,0,0,,2026-08-31T19:06:18.658Z,2026-08-31T21:16:41.151Z,7823,2026-08-31T21:16:41.151Z,B42D,Chesapeake South,79f5b39e-d314-4ad3-8050-3ace553d67de,SAMMS-ChesapeakeSouthV5
202608312116373600,202608311905653983,202608311905652236,85,3015,Bronze INV,br_ReAssessment,TASK_COMPLETE,SUCCESS,INFO,0,0,0,,2026-08-31T19:06:18.658Z,2026-08-31T21:16:41.151Z,7823,2026-08-31T21:16:41.151Z,B44,Albany,79f5b39e-d314-4ad3-8050-3ace553d67de,SAMMS-AlbanyV5
202608312116373601,202608311905653984,202608311905652236,85,3016,Bronze INV,br_ReAssessment,TASK_COMPLETE,SUCCESS,INFO,0,0,0,,2026-08-31T19:06:18.658Z,2026-08-31T21:16:41.151Z,7823,2026-08-31T21:16:41.151Z,B45,Tifton,79f5b39e-d314-4ad3-8050-3ace553d67de,SAMMS-TiftonV5
202608312116373602,202608311905653985,202608311905652236,85,3017,Bronze INV,br_ReAssessment,TASK_COMPLETE,SUCCESS,INFO,0,0,0,,2026-08-31T19:06:18.658Z,2026-08-31T21:16:41.151Z,7823,2026-08-31T21:16:41.151Z,B46,Washington DC,79f5b39e-d314-4ad3-8050-3ace553d67de,SAMMS-WashingtonDCv5
202608312116373603,202608311905653986,202608311905652236,85,3018,Bronze INV,br_ReAssessment,TASK_COMPLETE,SUCCESS,INFO,0,0,0,,2026-08-31T19:06:18.658Z,2026-08-31T21:16:41.151Z,7823,2026-08-31T21:16:41.151Z,B47,Mobile,79f5b39e-d314-4ad3-8050-3ace553d67de,SAMMS-MobileV5
202608312116373604,202608311905653987,202608311905652236,85,3019,Bronze INV,br_ReAssessment,TASK_COMPLETE,SUCCESS,INFO,0,0,0,,2026-08-31T19:06:18.658Z,2026-08-31T21:16:41.151Z,7823,2026-08-31T21:16:41.151Z,B48,Tuscaloosa,79f5b39e-d314-4ad3-8050-3ace553d67de,SAMMS-TuscaloosaV5
202608312116373605,202608311905653988,202608311905652236,85,3028,Bronze INV,br_ReAssessment,TASK_COMPLETE,SUCCESS,INFO,0,0,0,,2026-08-31T19:06:18.658Z,2026-08-31T21:16:41.151Z,7823,2026-08-31T21:16:41.151Z,B51,N. Little Rock (OTP),79f5b39e-d314-4ad3-8050-3ace553d67de,SAMMS-NorthLittleRockV6
202608312116373607,202608311905653989,202608311905652236,85,3029,Bronze INV,br_ReAssessment,TASK_COMPLETE,SUCCESS,INFO,0,0,0,,2026-08-31T19:06:18.658Z,2026-08-31T21:16:41.151Z,7823,2026-08-31T21:16:41.151Z,B52,Jackson GA,79f5b39e-d314-4ad3-8050-3ace553d67de,SAMMS-JacksonGAV5
202608312116373608,202608311905653990,202608311905652236,85,3030,Bronze INV,br_ReAssessment,TASK_COMPLETE,SUCCESS,INFO,0,0,0,,2026-08-31T19:06:18.658Z,2026-08-31T21:16:41.151Z,7823,2026-08-31T21:16:41.151Z,B54,Gadsden,79f5b39e-d314-4ad3-8050-3ace553d67de,SAMMS-GadsdenV5
202608312116373609,202608311905653991,202608311905652236,85,3031,Bronze INV,br_ReAssessment,TASK_COMPLETE,SUCCESS,INFO,0,0,0,,2026-08-31T19:06:18.658Z,2026-08-31T21:16:41.151Z,7823,2026-08-31T21:16:41.151Z,B55,Shoals,79f5b39e-d314-4ad3-8050-3ace553d67de,SAMMS-ShoalsV5
202608312116373610,202608311905653992,202608311905652236,85,3032,Bronze INV,br_ReAssessment,TASK_COMPLETE,SUCCESS,INFO,0,0,0,,2026-08-31T19:06:18.658Z,2026-08-31T21:16:41.151Z,7823,2026-08-31T21:16:41.151Z,B57,Pawtucket,79f5b39e-d314-4ad3-8050-3ace553d67de,SAMMS-Pawtucket
202608312116373611,202608311905653993,202608311905652236,85,3033,Bronze INV,br_ReAssessment,TASK_COMPLETE,SUCCESS,INFO,12,12,0,,2026-08-31T19:06:18.658Z,2026-08-31T21:16:41.151Z,7823,2026-08-31T21:16:41.151Z,B57A,Johnston,79f5b39e-d314-4ad3-8050-3ace553d67de,SAMMS-Johnston
202608312116373612,202608311905653994,202608311905652236,85,3034,Bronze INV,br_ReAssessment,TASK_COMPLETE,SUCCESS,INFO,0,0,0,,2026-08-31T19:06:18.658Z,2026-08-31T21:16:41.151Z,7823,2026-08-31T21:16:41.151Z,B57B,Middletown,79f5b39e-d314-4ad3-8050-3ace553d67de,SAMMS-Middletown
202608312116373613,202608311905653995,202608311905652236,85,3035,Bronze INV,br_ReAssessment,TASK_COMPLETE,SUCCESS,INFO,1,1,0,,2026-08-31T19:06:18.658Z,2026-08-31T21:16:41.151Z,7823,2026-08-31T21:16:41.151Z,B57C,Providence,79f5b39e-d314-4ad3-8050-3ace553d67de,SAMMS-Providence
202608312116373614,202608311905653996,202608311905652236,85,3036,Bronze INV,br_ReAssessment,TASK_COMPLETE,SUCCESS,INFO,32,32,0,,2026-08-31T19:06:18.658Z,2026-08-31T21:16:41.151Z,7823,2026-08-31T21:16:41.151Z,B57D,Westerly,79f5b39e-d314-4ad3-8050-3ace553d67de,SAMMS-Westerly
202608312116373615,202608311905653997,202608311905652236,85,3040,Bronze INV,br_ReAssessment,TASK_COMPLETE,SUCCESS,INFO,0,0,0,,2026-08-31T19:06:18.658Z,2026-08-31T21:16:41.151Z,7823,2026-08-31T21:16:41.151Z,B66A,Bremen,79f5b39e-d314-4ad3-8050-3ace553d67de,SAMMS-Bremen
202608312116373616,202608311905653998,202608311905652236,85,3043,Bronze INV,br_ReAssessment,TASK_COMPLETE,SUCCESS,INFO,0,0,0,,2026-08-31T19:06:18.658Z,2026-08-31T21:16:41.151Z,7823,2026-08-31T21:16:41.151Z,B72,Mobile (OBOT),79f5b39e-d314-4ad3-8050-3ace553d67de,SAMMS-Mobile-OBOT
202608312116373617,202608311905653999,202608311905652236,85,3044,Bronze INV,br_ReAssessment,TASK_COMPLETE,SUCCESS,INFO,0,0,0,,2026-08-31T19:06:18.658Z,2026-08-31T21:16:41.151Z,7823,2026-08-31T21:16:41.151Z,B73,Montgomery,79f5b39e-d314-4ad3-8050-3ace553d67de,SAMMS-Montgomery
202608312116373619,202608311905654000,202608311905652236,85,3045,Bronze INV,br_ReAssessment,TASK_COMPLETE,SUCCESS,INFO,0,0,0,,2026-08-31T19:06:18.658Z,2026-08-31T21:16:41.151Z,7823,2026-08-31T21:16:41.151Z,B75,Lawrence,79f5b39e-d314-4ad3-8050-3ace553d67de,SAMMS-LawrenceV6
202608312116373620,202608311905654001,202608311905652236,85,3046,Bronze INV,br_ReAssessment,TASK_COMPLETE,SUCCESS,INFO,0,0,0,,2026-08-31T19:06:18.658Z,2026-08-31T21:16:41.151Z,7823,2026-08-31T21:16:41.151Z,B76,Huntsville OBOT,79f5b39e-d314-4ad3-8050-3ace553d67de,SAMMS-Huntsville-OBOT
202608312116373621,202608311905654002,202608311905652236,85,3047,Bronze INV,br_ReAssessment,TASK_COMPLETE,SUCCESS,INFO,0,0,0,,2026-08-31T19:06:18.658Z,2026-08-31T21:16:41.151Z,7823,2026-08-31T21:16:41.151Z,BAT,Batesville,79f5b39e-d314-4ad3-8050-3ace553d67de,SAMMS-Batesville
202608312116373622,202608311905654003,202608311905652236,85,3048,Bronze INV,br_ReAssessment,TASK_COMPLETE,SUCCESS,INFO,0,0,0,,2026-08-31T19:06:18.658Z,2026-08-31T21:16:41.151Z,7823,2026-08-31T21:16:41.151Z,BG,Bowling Green,79f5b39e-d314-4ad3-8050-3ace553d67de,SAMMS-BowlingGreen
202608312116373623,202608311905654004,202608311905652236,85,3049,Bronze INV,br_ReAssessment,TASK_COMPLETE,SUCCESS,INFO,0,0,0,,2026-08-31T19:06:18.658Z,2026-08-31T21:16:41.151Z,7823,2026-08-31T21:16:41.151Z,BOI,Boise,79f5b39e-d314-4ad3-8050-3ace553d67de,SAMMS-Boise
202608312116373624,202608311905654005,202608311905652236,85,3056,Bronze INV,br_ReAssessment,TASK_COMPLETE,SUCCESS,INFO,0,0,0,,2026-08-31T19:06:18.658Z,2026-08-31T21:16:41.151Z,7823,2026-08-31T21:16:41.151Z,CBCO,Coeur dAlene,79f5b39e-d314-4ad3-8050-3ace553d67de,SAMMS-CoeurdAleneV6
202608312116373625,202608311905654006,202608311905652236,85,3075,Bronze INV,br_ReAssessment,TASK_COMPLETE,SUCCESS,INFO,0,0,0,,2026-08-31T19:06:18.658Z,2026-08-31T21:16:41.151Z,7823,2026-08-31T21:16:41.151Z,CON,Conway,79f5b39e-d314-4ad3-8050-3ace553d67de,SAMMS-Conway
202608312116373626,202608311905654007,202608311905652236,85,3076,Bronze INV,br_ReAssessment,TASK_COMPLETE,SUCCESS,INFO,0,0,0,,2026-08-31T19:06:18.658Z,2026-08-31T21:16:41.151Z,7823,2026-08-31T21:16:41.151Z,D07,Medical Services Knox TN,79f5b39e-d314-4ad3-8050-3ace553d67de,SAMMS-KnoxvilleV6
202608312116373627,202608311905654008,202608311905652236,85,3077,Bronze INV,br_ReAssessment,TASK_COMPLETE,SUCCESS,INFO,0,0,0,,2026-08-31T19:06:18.658Z,2026-08-31T21:16:41.151Z,7823,2026-08-31T21:16:41.151Z,D08,Madison,79f5b39e-d314-4ad3-8050-3ace553d67de,SAMMS-MadisonV6
202608312116373628,202608311905654009,202608311905652236,85,3079,Bronze INV,br_ReAssessment,TASK_COMPLETE,SUCCESS,INFO,0,0,0,,2026-08-31T19:06:18.658Z,2026-08-31T21:16:41.151Z,7823,2026-08-31T21:16:41.151Z,D09,Murfreesboro,79f5b39e-d314-4ad3-8050-3ace553d67de,SAMMS-MurfreesboroV6
202608312116373630,202608311905654010,202608311905652236,85,3080,Bronze INV,br_ReAssessment,TASK_COMPLETE,SUCCESS,INFO,0,0,0,,2026-08-31T19:06:18.658Z,2026-08-31T21:16:41.151Z,7823,2026-08-31T21:16:41.151Z,DA,Davenport,79f5b39e-d314-4ad3-8050-3ace553d67de,SAMMS-Davenport
202608312116373631,202608311905654011,202608311905652236,85,3081,Bronze INV,br_ReAssessment,TASK_COMPLETE,SUCCESS,INFO,0,0,0,,2026-08-31T19:06:18.658Z,2026-08-31T21:16:41.151Z,7823,2026-08-31T21:16:41.151Z,DM,Des Moines,79f5b39e-d314-4ad3-8050-3ace553d67de,SAMMS-DesMoines
202608312116373632,202608311905654012,202608311905652236,85,3083,Bronze INV,br_ReAssessment,TASK_COMPLETE,SUCCESS,INFO,0,0,0,,2026-08-31T19:06:18.658Z,2026-08-31T21:16:41.151Z,7823,2026-08-31T21:16:41.151Z,DRD-CO,Columbia MO,79f5b39e-d314-4ad3-8050-3ace553d67de,SAMMS-ColumbiaV5
202608312116373633,202608311905654013,202608311905652236,85,3084,Bronze INV,br_ReAssessment,TASK_COMPLETE,SUCCESS,INFO,0,0,0,,2026-08-31T19:06:18.658Z,2026-08-31T21:16:41.151Z,7823,2026-08-31T21:16:41.151Z,DRD-KC,KC,79f5b39e-d314-4ad3-8050-3ace553d67de,SAMMS-KCv5
202608312116373634,202608311905654014,202608311905652236,85,3085,Bronze INV,br_ReAssessment,TASK_COMPLETE,SUCCESS,INFO,0,0,0,,2026-08-31T19:06:18.658Z,2026-08-31T21:16:41.151Z,7823,2026-08-31T21:16:41.151Z,DRD-KVB,KVB,79f5b39e-d314-4ad3-8050-3ace553d67de,SAMMS-KVBv5
202608312116373635,202608311905654015,202608311905652236,85,3086,Bronze INV,br_ReAssessment,TASK_COMPLETE,SUCCESS,INFO,0,0,0,,2026-08-31T19:06:18.658Z,2026-08-31T21:16:41.151Z,7823,2026-08-31T21:16:41.151Z,DRD-KVC,KVC,79f5b39e-d314-4ad3-8050-3ace553d67de,SAMMS-KVCv5
202608312116373636,202608311905654016,202608311905652236,85,3087,Bronze INV,br_ReAssessment,TASK_COMPLETE,SUCCESS,INFO,0,0,0,,2026-08-31T19:06:18.658Z,2026-08-31T21:16:41.151Z,7823,2026-08-31T21:16:41.151Z,DRD-NOLA,NOLA,79f5b39e-d314-4ad3-8050-3ace553d67de,SAMMS-NOLAv5
202608312116373637,202608311905654017,202608311905652236,85,3088,Bronze INV,br_ReAssessment,TASK_COMPLETE,SUCCESS,INFO,0,0,0,,2026-08-31T19:06:18.658Z,2026-08-31T21:16:41.151Z,7823,2026-08-31T21:16:41.151Z,DRD-SF,Springfield,79f5b39e-d314-4ad3-8050-3ace553d67de,SAMMS-SFv5
202608312116373638,202608311905654018,202608311905652236,85,3090,Bronze INV,br_ReAssessment,TASK_COMPLETE,SUCCESS,INFO,0,0,0,,2026-08-31T19:06:18.658Z,2026-08-31T21:16:41.151Z,7823,2026-08-31T21:16:41.151Z,ELC,Elizabeth City,79f5b39e-d314-4ad3-8050-3ace553d67de,SAMMS-ElizabethCity
202608312116373639,202608311905654019,202608311905652236,85,3091,Bronze INV,br_ReAssessment,TASK_COMPLETE,SUCCESS,INFO,0,0,0,,2026-08-31T19:06:18.658Z,2026-08-31T21:16:41.151Z,7823,2026-08-31T21:16:41.151Z,ET,Elizabethtown,79f5b39e-d314-4ad3-8050-3ace553d67de,SAMMS-Elizabethtown
202608312116373641,202608311905654020,202608311905652236,85,3092,Bronze INV,br_ReAssessment,TASK_COMPLETE,SUCCESS,INFO,0,0,0,,2026-08-31T19:06:18.658Z,2026-08-31T21:16:41.151Z,7823,2026-08-31T21:16:41.151Z,FAY,Fayetteville,79f5b39e-d314-4ad3-8050-3ace553d67de,SAMMS-Fayetteville
202608312116373642,202608311905654021,202608311905652236,85,3093,Bronze INV,br_ReAssessment,TASK_COMPLETE,SUCCESS,INFO,0,0,0,,2026-08-31T19:06:18.658Z,2026-08-31T21:16:41.151Z,7823,2026-08-31T21:16:41.151Z,FR,Frankfort,79f5b39e-d314-4ad3-8050-3ace553d67de,SAMMS-Frankfort
202608312116373643,202608311905654022,202608311905652236,85,3094,Bronze INV,br_ReAssessment,TASK_COMPLETE,SUCCESS,INFO,0,0,0,,2026-08-31T19:06:18.658Z,2026-08-31T21:16:41.151Z,7823,2026-08-31T21:16:41.151Z,FS,Fort Smith,79f5b39e-d314-4ad3-8050-3ace553d67de,SAMMS-FortSmith
202608312116373644,202608311905654023,202608311905652236,85,3095,Bronze INV,br_ReAssessment,TASK_COMPLETE,SUCCESS,INFO,0,0,0,,2026-08-31T19:06:18.658Z,2026-08-31T21:16:41.151Z,7823,2026-08-31T21:16:41.151Z,FW,Fort Wayne,79f5b39e-d314-4ad3-8050-3ace553d67de,SAMMS-FortWayne
202608312116373645,202608311905654024,202608311905652236,85,3096,Bronze INV,br_ReAssessment,TASK_COMPLETE,SUCCESS,INFO,0,0,0,,2026-08-31T19:06:18.658Z,2026-08-31T21:16:41.151Z,7823,2026-08-31T21:16:41.151Z,GAL,Gaylord,79f5b39e-d314-4ad3-8050-3ace553d67de,SAMMS-Gaylord
202608312116373646,202608311905654025,202608311905652236,85,3100,Bronze INV,br_ReAssessment,TASK_COMPLETE,SUCCESS,INFO,0,0,0,,2026-08-31T19:06:18.658Z,2026-08-31T21:16:41.151Z,7823,2026-08-31T21:16:41.151Z,HGT,Hagerstown,79f5b39e-d314-4ad3-8050-3ace553d67de,SAMMS-Hagerstown
202608312116373647,202608311905654026,202608311905652236,85,3101,Bronze INV,br_ReAssessment,TASK_COMPLETE,SUCCESS,INFO,0,0,0,,2026-08-31T19:06:18.658Z,2026-08-31T21:16:41.151Z,7823,2026-08-31T21:16:41.151Z,HNT,Huntsville,79f5b39e-d314-4ad3-8050-3ace553d67de,SAMMS-Huntsville
202608312116373648,202608311905654027,202608311905652236,85,3102,Bronze INV,br_ReAssessment,TASK_COMPLETE,SUCCESS,INFO,0,0,0,,2026-08-31T19:06:18.658Z,2026-08-31T21:16:41.151Z,7823,2026-08-31T21:16:41.151Z,HS,Hot Springs,79f5b39e-d314-4ad3-8050-3ace553d67de,SAMMS-HotSprings
202608312116373649,202608311905654028,202608311905652236,85,3103,Bronze INV,br_ReAssessment,TASK_COMPLETE,SUCCESS,INFO,0,0,0,,2026-08-31T19:06:18.658Z,2026-08-31T21:16:41.151Z,7823,2026-08-31T21:16:41.151Z,JON,Jonesboro,79f5b39e-d314-4ad3-8050-3ace553d67de,SAMMS-Jonesboro
202608312116373650,202608311905654029,202608311905652236,85,3105,Bronze INV,br_ReAssessment,TASK_COMPLETE,SUCCESS,INFO,0,0,0,,2026-08-31T19:06:18.658Z,2026-08-31T21:16:41.151Z,7823,2026-08-31T21:16:41.151Z,LAN,Lansing,79f5b39e-d314-4ad3-8050-3ace553d67de,SAMMS-Lansing
202608312116373651,202608311905654030,202608311905652236,85,3106,Bronze INV,br_ReAssessment,TASK_COMPLETE,SUCCESS,INFO,0,0,0,,2026-08-31T19:06:18.658Z,2026-08-31T21:16:41.151Z,7823,2026-08-31T21:16:41.151Z,LO,Louisville,79f5b39e-d314-4ad3-8050-3ace553d67de,SAMMS-Louisville
202608312116373653,202608311905654031,202608311905652236,85,3107,Bronze INV,br_ReAssessment,TASK_COMPLETE,SUCCESS,INFO,0,0,0,,2026-08-31T19:06:18.658Z,2026-08-31T21:16:41.151Z,7823,2026-08-31T21:16:41.151Z,LV1,Cheyenne,79f5b39e-d314-4ad3-8050-3ace553d67de,SAMMS-Cheyenne
202608312116373654,202608311905654032,202608311905652236,85,3108,Bronze INV,br_ReAssessment,TASK_COMPLETE,SUCCESS,INFO,0,0,0,,2026-08-31T19:06:18.658Z,2026-08-31T21:16:41.151Z,7823,2026-08-31T21:16:41.151Z,LV2,Desert Inn,79f5b39e-d314-4ad3-8050-3ace553d67de,SAMMS-DesertInn
202608312116373655,202608311905654033,202608311905652236,85,3109,Bronze INV,br_ReAssessment,TASK_COMPLETE,SUCCESS,INFO,0,0,0,,2026-08-31T19:06:18.658Z,2026-08-31T21:16:41.151Z,7823,2026-08-31T21:16:41.151Z,LV3,McDaniel,79f5b39e-d314-4ad3-8050-3ace553d67de,SAMMS-McDaniel
202608312116373656,202608311905654034,202608311905652236,85,3112,Bronze INV,br_ReAssessment,TASK_COMPLETE,SUCCESS,INFO,0,0,0,,2026-08-31T19:06:18.658Z,2026-08-31T21:16:41.151Z,7823,2026-08-31T21:16:41.151Z,MNRE,Monroe,79f5b39e-d314-4ad3-8050-3ace553d67de,SAMMS-Monroe
202608312116373657,202608311905654035,202608311905652236,85,3113,Bronze INV,br_ReAssessment,TASK_COMPLETE,SUCCESS,INFO,0,0,0,,2026-08-31T19:06:18.658Z,2026-08-31T21:16:41.151Z,7823,2026-08-31T21:16:41.151Z,MP,Mt. Pleasant,79f5b39e-d314-4ad3-8050-3ace553d67de,SAMMS-MtPleasant
202608312116373658,202608311905654036,202608311905652236,85,3114,Bronze INV,br_ReAssessment,TASK_COMPLETE,SUCCESS,INFO,0,0,0,,2026-08-31T19:06:18.658Z,2026-08-31T21:16:41.151Z,7823,2026-08-31T21:16:41.151Z,MRD,Meridian,79f5b39e-d314-4ad3-8050-3ace553d67de,SAMMS-Meridian
202608312116373659,202608311905654037,202608311905652236,85,3119,Bronze INV,br_ReAssessment,TASK_COMPLETE,SUCCESS,INFO,0,0,0,,2026-08-31T19:06:18.658Z,2026-08-31T21:16:41.151Z,7823,2026-08-31T21:16:41.151Z,NC,North Charleston,79f5b39e-d314-4ad3-8050-3ace553d67de,SAMMS-NorthCharleston
202608312116373660,202608311905654038,202608311905652236,85,3120,Bronze INV,br_ReAssessment,TASK_COMPLETE,SUCCESS,INFO,0,0,0,,2026-08-31T19:06:18.658Z,2026-08-31T21:16:41.151Z,7823,2026-08-31T21:16:41.151Z,NLR,N. Little Rock,79f5b39e-d314-4ad3-8050-3ace553d67de,SAMMS-NLROBOT
202608312116373661,202608311905654039,202608311905652236,85,3121,Bronze INV,br_ReAssessment,TASK_COMPLETE,SUCCESS,INFO,0,0,0,,2026-08-31T19:06:18.658Z,2026-08-31T21:16:41.151Z,7823,2026-08-31T21:16:41.151Z,PH,Phoenix,79f5b39e-d314-4ad3-8050-3ace553d67de,SAMMS-Phoenix
202608312116373662,202608311905654040,202608311905652236,85,3125,Bronze INV,br_ReAssessment,TASK_COMPLETE,SUCCESS,INFO,0,0,0,,2026-08-31T19:06:18.658Z,2026-08-31T21:16:41.151Z,7823,2026-08-31T21:16:41.151Z,RE,Reno,79f5b39e-d314-4ad3-8050-3ace553d67de,SAMMS-Reno
202608312116373663,202608311905654041,202608311905652236,85,3126,Bronze INV,br_ReAssessment,TASK_COMPLETE,SUCCESS,INFO,0,0,0,,2026-08-31T19:06:18.658Z,2026-08-31T21:16:41.151Z,7823,2026-08-31T21:16:41.151Z,RMD,Richmond,79f5b39e-d314-4ad3-8050-3ace553d67de,SAMMS-Richmond
202608312116373664,202608311905654042,202608311905652236,85,3127,Bronze INV,br_ReAssessment,TASK_COMPLETE,SUCCESS,INFO,0,0,0,,2026-08-31T19:06:18.658Z,2026-08-31T21:16:41.151Z,7823,2026-08-31T21:16:41.151Z,SFN,Springfield North,79f5b39e-d314-4ad3-8050-3ace553d67de,SAMMS-SFNv5
202608292054380934,202608291904436127,202608291904434406,85,1144,Bronze INV,br_AdmissionAssessmentDimensionSix,TASK_COMPLETE,SUCCESS,INFO,1062,1062,0,,2026-08-29T19:04:49.126Z,2026-08-29T20:54:41.421Z,6592,2026-08-29T20:54:41.421Z,VWBY,Woodbury,dd7385f2-fbd4-41a4-afcd-7296aca5e198,SAMMS-WoodburyV6
202608292054380935,202608291904436128,202608291904434406,85,1146,Bronze INV,br_AdmissionAssessmentDimensionSix,TASK_COMPLETE,SUCCESS,INFO,429,429,0,,2026-08-29T19:04:49.126Z,2026-08-29T20:54:41.421Z,6592,2026-08-29T20:54:41.421Z,WIL,Wilson,dd7385f2-fbd4-41a4-afcd-7296aca5e198,SAMMS-Wilson
202608292054380936,202608291904436129,202608291904434406,85,2990,Bronze INV,br_ReAssessment,TASK_COMPLETE,SUCCESS,INFO,0,0,0,,2026-08-29T19:04:49.126Z,2026-08-29T20:54:41.421Z,6592,2026-08-29T20:54:41.421Z,AHK,Ahoskie,dd7385f2-fbd4-41a4-afcd-7296aca5e198,SAMMS-Ahoskie
202608292054380937,202608291904436130,202608291904434406,85,2991,Bronze INV,br_ReAssessment,TASK_COMPLETE,SUCCESS,INFO,0,0,0,,2026-08-29T19:04:49.126Z,2026-08-29T20:54:41.421Z,6592,2026-08-29T20:54:41.421Z,B12B,Colorado Springs,dd7385f2-fbd4-41a4-afcd-7296aca5e198,SAMMS-ColoradoSpringsV5
202608292054380939,202608291904436131,202608291904434406,85,2992,Bronze INV,br_ReAssessment,TASK_COMPLETE,SUCCESS,INFO,0,0,0,,2026-08-29T19:04:49.126Z,2026-08-29T20:54:41.421Z,6592,2026-08-29T20:54:41.421Z,B24,Paintsville,dd7385f2-fbd4-41a4-afcd-7296aca5e198,SAMMS-PaintsvilleV5
202608292054380940,202608291904436132,202608291904434406,85,2993,Bronze INV,br_ReAssessment,TASK_COMPLETE,SUCCESS,INFO,0,0,0,,2026-08-29T19:04:49.126Z,2026-08-29T20:54:41.421Z,6592,2026-08-29T20:54:41.421Z,B25,Pikeville,dd7385f2-fbd4-41a4-afcd-7296aca5e198,SAMMS-PikevilleV5
202608292054380941,202608291904436133,202608291904434406,85,2994,Bronze INV,br_ReAssessment,TASK_COMPLETE,SUCCESS,INFO,0,0,0,,2026-08-29T19:04:49.126Z,2026-08-29T20:54:41.421Z,6592,2026-08-29T20:54:41.421Z,B26,Hazard,dd7385f2-fbd4-41a4-afcd-7296aca5e198,SAMMS-HazardV5
202608292054380942,202608291904436134,202608291904434406,85,2995,Bronze INV,br_ReAssessment,TASK_COMPLETE,SUCCESS,INFO,0,0,0,,2026-08-29T19:04:49.126Z,2026-08-29T20:54:41.421Z,6592,2026-08-29T20:54:41.421Z,B27,Savannah,dd7385f2-fbd4-41a4-afcd-7296aca5e198,SAMMS-SavannahV6
202608292054380943,202608291904436135,202608291904434406,85,2996,Bronze INV,br_ReAssessment,TASK_COMPLETE,SUCCESS,INFO,0,0,0,,2026-08-29T19:04:49.126Z,2026-08-29T20:54:41.421Z,6592,2026-08-29T20:54:41.421Z,B28,West Plains,dd7385f2-fbd4-41a4-afcd-7296aca5e198,SAMMS-WestPlainesV5
202608292054380944,202608291904436136,202608291904434406,85,2997,Bronze INV,br_ReAssessment,TASK_COMPLETE,SUCCESS,INFO,0,0,0,,2026-08-29T19:04:49.126Z,2026-08-29T20:54:41.421Z,6592,2026-08-29T20:54:41.421Z,B29,Poplar Bluff,dd7385f2-fbd4-41a4-afcd-7296aca5e198,SAMMS-PoplarBluffV5
202608292054380946,202608291904436137,202608291904434406,85,2998,Bronze INV,br_ReAssessment,TASK_COMPLETE,SUCCESS,INFO,0,0,0,,2026-08-29T19:04:49.126Z,2026-08-29T20:54:41.421Z,6592,2026-08-29T20:54:41.421Z,B30,KC North,dd7385f2-fbd4-41a4-afcd-7296aca5e198,SAMMS-KCNv5
202608292054380947,202608291904436138,202608291904434406,85,2999,Bronze INV,br_ReAssessment,TASK_COMPLETE,SUCCESS,INFO,0,0,0,,2026-08-29T19:04:49.126Z,2026-08-29T20:54:41.421Z,6592,2026-08-29T20:54:41.421Z,B31,Dyersburg,dd7385f2-fbd4-41a4-afcd-7296aca5e198,SAMMS-DyersburgV5
202608292054380948,202608291904436139,202608291904434406,85,3001,Bronze INV,br_ReAssessment,TASK_COMPLETE,SUCCESS,INFO,0,0,0,,2026-08-29T19:04:49.126Z,2026-08-29T20:54:41.421Z,6592,2026-08-29T20:54:41.421Z,B33,Paducah,dd7385f2-fbd4-41a4-afcd-7296aca5e198,SAMMS-Paducah
202608292054380949,202608291904436140,202608291904434406,85,3002,Bronze INV,br_ReAssessment,TASK_COMPLETE,SUCCESS,INFO,0,0,0,,2026-08-29T19:04:49.126Z,2026-08-29T20:54:41.421Z,6592,2026-08-29T20:54:41.421Z,B34,Corbin,dd7385f2-fbd4-41a4-afcd-7296aca5e198,SAMMS-CorbinV5
202608292054380950,202608291904436141,202608291904434406,85,3003,Bronze INV,br_ReAssessment,TASK_COMPLETE,SUCCESS,INFO,0,0,0,,2026-08-29T19:04:49.126Z,2026-08-29T20:54:41.421Z,6592,2026-08-29T20:54:41.421Z,B35,Lexington,dd7385f2-fbd4-41a4-afcd-7296aca5e198,SAMMS-LexingtonV5
202608292054380951,202608291904436142,202608291904434406,85,3004,Bronze INV,br_ReAssessment,TASK_COMPLETE,SUCCESS,INFO,0,0,0,,2026-08-29T19:04:49.126Z,2026-08-29T20:54:41.421Z,6592,2026-08-29T20:54:41.421Z,B35A,Berea,dd7385f2-fbd4-41a4-afcd-7296aca5e198,SAMMS-BereaV5
202608292054380952,202608291904436143,202608291904434406,85,3005,Bronze INV,br_ReAssessment,TASK_COMPLETE,SUCCESS,INFO,0,0,0,,2026-08-29T19:04:49.126Z,2026-08-29T20:54:41.421Z,6592,2026-08-29T20:54:41.421Z,B36,Asheville,dd7385f2-fbd4-41a4-afcd-7296aca5e198,SAMMS-AshevilleV5
202608292054380954,202608291904436144,202608291904434406,85,3006,Bronze INV,br_ReAssessment,TASK_COMPLETE,SUCCESS,INFO,0,0,0,,2026-08-29T19:04:49.126Z,2026-08-29T20:54:41.421Z,6592,2026-08-29T20:54:41.421Z,B37,Clyde,dd7385f2-fbd4-41a4-afcd-7296aca5e198,SAMMS-ClydeV5
202608292054380955,202608291904436145,202608291904434406,85,3007,Bronze INV,br_ReAssessment,TASK_COMPLETE,SUCCESS,INFO,0,0,0,,2026-08-29T19:04:49.126Z,2026-08-29T20:54:41.421Z,6592,2026-08-29T20:54:41.421Z,B38,Spartanburg,dd7385f2-fbd4-41a4-afcd-7296aca5e198,SAMMS-SpartanburgV5
202608292054380956,202608291904436146,202608291904434406,85,3008,Bronze INV,br_ReAssessment,TASK_COMPLETE,SUCCESS,INFO,0,0,0,,2026-08-29T19:04:49.126Z,2026-08-29T20:54:41.421Z,6592,2026-08-29T20:54:41.421Z,B39,Aiken,dd7385f2-fbd4-41a4-afcd-7296aca5e198,SAMMS-AikenV5
202608292054380957,202608291904436147,202608291904434406,85,3009,Bronze INV,br_ReAssessment,TASK_COMPLETE,SUCCESS,INFO,0,0,0,,2026-08-29T19:04:49.126Z,2026-08-29T20:54:41.421Z,6592,2026-08-29T20:54:41.421Z,B41,Chesapeake,dd7385f2-fbd4-41a4-afcd-7296aca5e198,SAMMS-ChesapeakeV5
202608292054380958,202608291904436148,202608291904434406,85,3010,Bronze INV,br_ReAssessment,TASK_COMPLETE,SUCCESS,INFO,0,0,0,,2026-08-29T19:04:49.126Z,2026-08-29T20:54:41.421Z,6592,2026-08-29T20:54:41.421Z,B42,Virginia Beach,dd7385f2-fbd4-41a4-afcd-7296aca5e198,SAMMS-VirginiaBeachV5
202608292054380959,202608291904436149,202608291904434406,85,3011,Bronze INV,br_ReAssessment,TASK_COMPLETE,SUCCESS,INFO,0,0,0,,2026-08-29T19:04:49.126Z,2026-08-29T20:54:41.421Z,6592,2026-08-29T20:54:41.421Z,B42A,Newport News,dd7385f2-fbd4-41a4-afcd-7296aca5e198,SAMMS-NewportNewsV5
202608292054380961,202608291904436150,202608291904434406,85,3012,Bronze INV,br_ReAssessment,TASK_COMPLETE,SUCCESS,INFO,0,0,0,,2026-08-29T19:04:49.126Z,2026-08-29T20:54:41.421Z,6592,2026-08-29T20:54:41.421Z,B42B,Franklin,dd7385f2-fbd4-41a4-afcd-7296aca5e198,SAMMS-FranklinV5
202608292054380962,202608291904436151,202608291904434406,85,3013,Bronze INV,br_ReAssessment,TASK_COMPLETE,SUCCESS,INFO,0,0,0,,2026-08-29T19:04:49.126Z,2026-08-29T20:54:41.421Z,6592,2026-08-29T20:54:41.421Z,B42C,Glen Allen,dd7385f2-fbd4-41a4-afcd-7296aca5e198,SAMMS-GlenAllenV5
202608292054380963,202608291904436152,202608291904434406,85,3014,Bronze INV,br_ReAssessment,TASK_COMPLETE,SUCCESS,INFO,0,0,0,,2026-08-29T19:04:49.126Z,2026-08-29T20:54:41.421Z,6592,2026-08-29T20:54:41.421Z,B42D,Chesapeake South,dd7385f2-fbd4-41a4-afcd-7296aca5e198,SAMMS-ChesapeakeSouthV5
202608292054380964,202608291904436153,202608291904434406,85,3015,Bronze INV,br_ReAssessment,TASK_COMPLETE,SUCCESS,INFO,0,0,0,,2026-08-29T19:04:49.126Z,2026-08-29T20:54:41.421Z,6592,2026-08-29T20:54:41.421Z,B44,Albany,dd7385f2-fbd4-41a4-afcd-7296aca5e198,SAMMS-AlbanyV5
202608292054380965,202608291904436154,202608291904434406,85,3016,Bronze INV,br_ReAssessment,TASK_COMPLETE,SUCCESS,INFO,0,0,0,,2026-08-29T19:04:49.126Z,2026-08-29T20:54:41.421Z,6592,2026-08-29T20:54:41.421Z,B45,Tifton,dd7385f2-fbd4-41a4-afcd-7296aca5e198,SAMMS-TiftonV5
202608292054380966,202608291904436155,202608291904434406,85,3017,Bronze INV,br_ReAssessment,TASK_COMPLETE,SUCCESS,INFO,0,0,0,,2026-08-29T19:04:49.126Z,2026-08-29T20:54:41.421Z,6592,2026-08-29T20:54:41.421Z,B46,Washington DC,dd7385f2-fbd4-41a4-afcd-7296aca5e198,SAMMS-WashingtonDCv5
202608292054380967,202608291904436156,202608291904434406,85,3018,Bronze INV,br_ReAssessment,TASK_COMPLETE,SUCCESS,INFO,0,0,0,,2026-08-29T19:04:49.126Z,2026-08-29T20:54:41.421Z,6592,2026-08-29T20:54:41.421Z,B47,Mobile,dd7385f2-fbd4-41a4-afcd-7296aca5e198,SAMMS-MobileV5
202608292054380969,202608291904436157,202608291904434406,85,3019,Bronze INV,br_ReAssessment,TASK_COMPLETE,SUCCESS,INFO,0,0,0,,2026-08-29T19:04:49.126Z,2026-08-29T20:54:41.421Z,6592,2026-08-29T20:54:41.421Z,B48,Tuscaloosa,dd7385f2-fbd4-41a4-afcd-7296aca5e198,SAMMS-TuscaloosaV5
202608292054380970,202608291904436158,202608291904434406,85,3028,Bronze INV,br_ReAssessment,TASK_COMPLETE,SUCCESS,INFO,0,0,0,,2026-08-29T19:04:49.126Z,2026-08-29T20:54:41.421Z,6592,2026-08-29T20:54:41.421Z,B51,N. Little Rock (OTP),dd7385f2-fbd4-41a4-afcd-7296aca5e198,SAMMS-NorthLittleRockV6
202608292054380971,202608291904436159,202608291904434406,85,3029,Bronze INV,br_ReAssessment,TASK_COMPLETE,SUCCESS,INFO,0,0,0,,2026-08-29T19:04:49.126Z,2026-08-29T20:54:41.421Z,6592,2026-08-29T20:54:41.421Z,B52,Jackson GA,dd7385f2-fbd4-41a4-afcd-7296aca5e198,SAMMS-JacksonGAV5
202608292054380972,202608291904436160,202608291904434406,85,3030,Bronze INV,br_ReAssessment,TASK_COMPLETE,SUCCESS,INFO,0,0,0,,2026-08-29T19:04:49.126Z,2026-08-29T20:54:41.421Z,6592,2026-08-29T20:54:41.421Z,B54,Gadsden,dd7385f2-fbd4-41a4-afcd-7296aca5e198,SAMMS-GadsdenV5
202608292054380973,202608291904436161,202608291904434406,85,3031,Bronze INV,br_ReAssessment,TASK_COMPLETE,SUCCESS,INFO,0,0,0,,2026-08-29T19:04:49.126Z,2026-08-29T20:54:41.421Z,6592,2026-08-29T20:54:41.421Z,B55,Shoals,dd7385f2-fbd4-41a4-afcd-7296aca5e198,SAMMS-ShoalsV5
202608292054380974,202608291904436162,202608291904434406,85,3032,Bronze INV,br_ReAssessment,TASK_COMPLETE,SUCCESS,INFO,0,0,0,,2026-08-29T19:04:49.126Z,2026-08-29T20:54:41.421Z,6592,2026-08-29T20:54:41.421Z,B57,Pawtucket,dd7385f2-fbd4-41a4-afcd-7296aca5e198,SAMMS-Pawtucket
202608292054380976,202608291904436163,202608291904434406,85,3033,Bronze INV,br_ReAssessment,TASK_COMPLETE,SUCCESS,INFO,12,12,0,,2026-08-29T19:04:49.126Z,2026-08-29T20:54:41.421Z,6592,2026-08-29T20:54:41.421Z,B57A,Johnston,dd7385f2-fbd4-41a4-afcd-7296aca5e198,SAMMS-Johnston
202608292054380977,202608291904436164,202608291904434406,85,3034,Bronze INV,br_ReAssessment,TASK_COMPLETE,SUCCESS,INFO,0,0,0,,2026-08-29T19:04:49.126Z,2026-08-29T20:54:41.421Z,6592,2026-08-29T20:54:41.421Z,B57B,Middletown,dd7385f2-fbd4-41a4-afcd-7296aca5e198,SAMMS-Middletown
202608292054380978,202608291904436165,202608291904434406,85,3035,Bronze INV,br_ReAssessment,TASK_COMPLETE,SUCCESS,INFO,1,1,0,,2026-08-29T19:04:49.126Z,2026-08-29T20:54:41.421Z,6592,2026-08-29T20:54:41.421Z,B57C,Providence,dd7385f2-fbd4-41a4-afcd-7296aca5e198,SAMMS-Providence
202608292054380979,202608291904436166,202608291904434406,85,3036,Bronze INV,br_ReAssessment,TASK_COMPLETE,SUCCESS,INFO,32,32,0,,2026-08-29T19:04:49.126Z,2026-08-29T20:54:41.421Z,6592,2026-08-29T20:54:41.421Z,B57D,Westerly,dd7385f2-fbd4-41a4-afcd-7296aca5e198,SAMMS-Westerly
202608292054380981,202608291904436167,202608291904434406,85,3040,Bronze INV,br_ReAssessment,TASK_COMPLETE,SUCCESS,INFO,0,0,0,,2026-08-29T19:04:49.126Z,2026-08-29T20:54:41.421Z,6592,2026-08-29T20:54:41.421Z,B66A,Bremen,dd7385f2-fbd4-41a4-afcd-7296aca5e198,SAMMS-Bremen
202608292054380982,202608291904436168,202608291904434406,85,3043,Bronze INV,br_ReAssessment,TASK_COMPLETE,SUCCESS,INFO,0,0,0,,2026-08-29T19:04:49.126Z,2026-08-29T20:54:41.421Z,6592,2026-08-29T20:54:41.421Z,B72,Mobile (OBOT),dd7385f2-fbd4-41a4-afcd-7296aca5e198,SAMMS-Mobile-OBOT
202608292054380983,202608291904436169,202608291904434406,85,3044,Bronze INV,br_ReAssessment,TASK_COMPLETE,SUCCESS,INFO,0,0,0,,2026-08-29T19:04:49.126Z,2026-08-29T20:54:41.421Z,6592,2026-08-29T20:54:41.421Z,B73,Montgomery,dd7385f2-fbd4-41a4-afcd-7296aca5e198,SAMMS-Montgomery
202608292054380984,202608291904436170,202608291904434406,85,3045,Bronze INV,br_ReAssessment,TASK_COMPLETE,SUCCESS,INFO,0,0,0,,2026-08-29T19:04:49.126Z,2026-08-29T20:54:41.421Z,6592,2026-08-29T20:54:41.421Z,B75,Lawrence,dd7385f2-fbd4-41a4-afcd-7296aca5e198,SAMMS-LawrenceV6
202608292054380985,202608291904436171,202608291904434406,85,3046,Bronze INV,br_ReAssessment,TASK_COMPLETE,SUCCESS,INFO,0,0,0,,2026-08-29T19:04:49.126Z,2026-08-29T20:54:41.421Z,6592,2026-08-29T20:54:41.421Z,B76,Huntsville OBOT,dd7385f2-fbd4-41a4-afcd-7296aca5e198,SAMMS-Huntsville-OBOT
202608292054380986,202608291904436172,202608291904434406,85,3047,Bronze INV,br_ReAssessment,TASK_COMPLETE,SUCCESS,INFO,0,0,0,,2026-08-29T19:04:49.126Z,2026-08-29T20:54:41.421Z,6592,2026-08-29T20:54:41.421Z,BAT,Batesville,dd7385f2-fbd4-41a4-afcd-7296aca5e198,SAMMS-Batesville
202608292054380988,202608291904436173,202608291904434406,85,3048,Bronze INV,br_ReAssessment,TASK_COMPLETE,SUCCESS,INFO,0,0,0,,2026-08-29T19:04:49.126Z,2026-08-29T20:54:41.421Z,6592,2026-08-29T20:54:41.421Z,BG,Bowling Green,dd7385f2-fbd4-41a4-afcd-7296aca5e198,SAMMS-BowlingGreen
202608292054380989,202608291904436174,202608291904434406,85,3049,Bronze INV,br_ReAssessment,TASK_COMPLETE,SUCCESS,INFO,0,0,0,,2026-08-29T19:04:49.126Z,2026-08-29T20:54:41.421Z,6592,2026-08-29T20:54:41.421Z,BOI,Boise,dd7385f2-fbd4-41a4-afcd-7296aca5e198,SAMMS-Boise
202608292054380990,202608291904436175,202608291904434406,85,3056,Bronze INV,br_ReAssessment,TASK_COMPLETE,SUCCESS,INFO,0,0,0,,2026-08-29T19:04:49.126Z,2026-08-29T20:54:41.421Z,6592,2026-08-29T20:54:41.421Z,CBCO,Coeur dAlene,dd7385f2-fbd4-41a4-afcd-7296aca5e198,SAMMS-CoeurdAleneV6
202608292054380991,202608291904436176,202608291904434406,85,3075,Bronze INV,br_ReAssessment,TASK_COMPLETE,SUCCESS,INFO,0,0,0,,2026-08-29T19:04:49.126Z,2026-08-29T20:54:41.421Z,6592,2026-08-29T20:54:41.421Z,CON,Conway,dd7385f2-fbd4-41a4-afcd-7296aca5e198,SAMMS-Conway
202608292054380992,202608291904436177,202608291904434406,85,3076,Bronze INV,br_ReAssessment,TASK_COMPLETE,SUCCESS,INFO,0,0,0,,2026-08-29T19:04:49.126Z,2026-08-29T20:54:41.421Z,6592,2026-08-29T20:54:41.421Z,D07,Medical Services Knox TN,dd7385f2-fbd4-41a4-afcd-7296aca5e198,SAMMS-KnoxvilleV6
202608292054380993,202608291904436178,202608291904434406,85,3077,Bronze INV,br_ReAssessment,TASK_COMPLETE,SUCCESS,INFO,0,0,0,,2026-08-29T19:04:49.126Z,2026-08-29T20:54:41.421Z,6592,2026-08-29T20:54:41.421Z,D08,Madison,dd7385f2-fbd4-41a4-afcd-7296aca5e198,SAMMS-MadisonV6
202608292054380995,202608291904436179,202608291904434406,85,3079,Bronze INV,br_ReAssessment,TASK_COMPLETE,SUCCESS,INFO,0,0,0,,2026-08-29T19:04:49.126Z,2026-08-29T20:54:41.421Z,6592,2026-08-29T20:54:41.421Z,D09,Murfreesboro,dd7385f2-fbd4-41a4-afcd-7296aca5e198,SAMMS-MurfreesboroV6
202608292054380996,202608291904436180,202608291904434406,85,3080,Bronze INV,br_ReAssessment,TASK_COMPLETE,SUCCESS,INFO,0,0,0,,2026-08-29T19:04:49.126Z,2026-08-29T20:54:41.421Z,6592,2026-08-29T20:54:41.421Z,DA,Davenport,dd7385f2-fbd4-41a4-afcd-7296aca5e198,SAMMS-Davenport
202608292054380997,202608291904436181,202608291904434406,85,3081,Bronze INV,br_ReAssessment,TASK_COMPLETE,SUCCESS,INFO,0,0,0,,2026-08-29T19:04:49.126Z,2026-08-29T20:54:41.421Z,6592,2026-08-29T20:54:41.421Z,DM,Des Moines,dd7385f2-fbd4-41a4-afcd-7296aca5e198,SAMMS-DesMoines
202608292054380998,202608291904436182,202608291904434406,85,3083,Bronze INV,br_ReAssessment,TASK_COMPLETE,SUCCESS,INFO,0,0,0,,2026-08-29T19:04:49.126Z,2026-08-29T20:54:41.421Z,6592,2026-08-29T20:54:41.421Z,DRD-CO,Columbia MO,dd7385f2-fbd4-41a4-afcd-7296aca5e198,SAMMS-ColumbiaV5
202608292054380999,202608291904436183,202608291904434406,85,3084,Bronze INV,br_ReAssessment,TASK_COMPLETE,SUCCESS,INFO,0,0,0,,2026-08-29T19:04:49.126Z,2026-08-29T20:54:41.421Z,6592,2026-08-29T20:54:41.421Z,DRD-KC,KC,dd7385f2-fbd4-41a4-afcd-7296aca5e198,SAMMS-KCv5
202608292054381000,202608291904436184,202608291904434406,85,3085,Bronze INV,br_ReAssessment,TASK_COMPLETE,SUCCESS,INFO,0,0,0,,2026-08-29T19:04:49.126Z,2026-08-29T20:54:41.421Z,6592,2026-08-29T20:54:41.421Z,DRD-KVB,KVB,dd7385f2-fbd4-41a4-afcd-7296aca5e198,SAMMS-KVBv5
202608292054381002,202608291904436185,202608291904434406,85,3086,Bronze INV,br_ReAssessment,TASK_COMPLETE,SUCCESS,INFO,0,0,0,,2026-08-29T19:04:49.126Z,2026-08-29T20:54:41.421Z,6592,2026-08-29T20:54:41.421Z,DRD-KVC,KVC,dd7385f2-fbd4-41a4-afcd-7296aca5e198,SAMMS-KVCv5
202608292054381003,202608291904436186,202608291904434406,85,3087,Bronze INV,br_ReAssessment,TASK_COMPLETE,SUCCESS,INFO,0,0,0,,2026-08-29T19:04:49.126Z,2026-08-29T20:54:41.421Z,6592,2026-08-29T20:54:41.421Z,DRD-NOLA,NOLA,dd7385f2-fbd4-41a4-afcd-7296aca5e198,SAMMS-NOLAv5
202608292054381004,202608291904436187,202608291904434406,85,3088,Bronze INV,br_ReAssessment,TASK_COMPLETE,SUCCESS,INFO,0,0,0,,2026-08-29T19:04:49.126Z,2026-08-29T20:54:41.421Z,6592,2026-08-29T20:54:41.421Z,DRD-SF,Springfield,dd7385f2-fbd4-41a4-afcd-7296aca5e198,SAMMS-SFv5
202608292054381005,202608291904436188,202608291904434406,85,3090,Bronze INV,br_ReAssessment,TASK_COMPLETE,SUCCESS,INFO,0,0,0,,2026-08-29T19:04:49.126Z,2026-08-29T20:54:41.421Z,6592,2026-08-29T20:54:41.421Z,ELC,Elizabeth City,dd7385f2-fbd4-41a4-afcd-7296aca5e198,SAMMS-ElizabethCity
202608292054381006,202608291904436189,202608291904434406,85,3091,Bronze INV,br_ReAssessment,TASK_COMPLETE,SUCCESS,INFO,0,0,0,,2026-08-29T19:04:49.126Z,2026-08-29T20:54:41.421Z,6592,2026-08-29T20:54:41.421Z,ET,Elizabethtown,dd7385f2-fbd4-41a4-afcd-7296aca5e198,SAMMS-Elizabethtown
202608292054381007,202608291904436190,202608291904434406,85,3092,Bronze INV,br_ReAssessment,TASK_COMPLETE,SUCCESS,INFO,0,0,0,,2026-08-29T19:04:49.126Z,2026-08-29T20:54:41.421Z,6592,2026-08-29T20:54:41.421Z,FAY,Fayetteville,dd7385f2-fbd4-41a4-afcd-7296aca5e198,SAMMS-Fayetteville
202608292054381009,202608291904436191,202608291904434406,85,3093,Bronze INV,br_ReAssessment,TASK_COMPLETE,SUCCESS,INFO,0,0,0,,2026-08-29T19:04:49.126Z,2026-08-29T20:54:41.421Z,6592,2026-08-29T20:54:41.421Z,FR,Frankfort,dd7385f2-fbd4-41a4-afcd-7296aca5e198,SAMMS-Frankfort
202608292054381010,202608291904436192,202608291904434406,85,3094,Bronze INV,br_ReAssessment,TASK_COMPLETE,SUCCESS,INFO,0,0,0,,2026-08-29T19:04:49.126Z,2026-08-29T20:54:41.421Z,6592,2026-08-29T20:54:41.421Z,FS,Fort Smith,dd7385f2-fbd4-41a4-afcd-7296aca5e198,SAMMS-FortSmith
202608292054381011,202608291904436193,202608291904434406,85,3095,Bronze INV,br_ReAssessment,TASK_COMPLETE,SUCCESS,INFO,0,0,0,,2026-08-29T19:04:49.126Z,2026-08-29T20:54:41.421Z,6592,2026-08-29T20:54:41.421Z,FW,Fort Wayne,dd7385f2-fbd4-41a4-afcd-7296aca5e198,SAMMS-FortWayne
202608292054381012,202608291904436194,202608291904434406,85,3096,Bronze INV,br_ReAssessment,TASK_COMPLETE,SUCCESS,INFO,0,0,0,,2026-08-29T19:04:49.126Z,2026-08-29T20:54:41.421Z,6592,2026-08-29T20:54:41.421Z,GAL,Gaylord,dd7385f2-fbd4-41a4-afcd-7296aca5e198,SAMMS-Gaylord
202608292054381013,202608291904436195,202608291904434406,85,3100,Bronze INV,br_ReAssessment,TASK_COMPLETE,SUCCESS,INFO,0,0,0,,2026-08-29T19:04:49.126Z,2026-08-29T20:54:41.421Z,6592,2026-08-29T20:54:41.421Z,HGT,Hagerstown,dd7385f2-fbd4-41a4-afcd-7296aca5e198,SAMMS-Hagerstown
202608292054381014,202608291904436196,202608291904434406,85,3101,Bronze INV,br_ReAssessment,TASK_COMPLETE,SUCCESS,INFO,0,0,0,,2026-08-29T19:04:49.126Z,2026-08-29T20:54:41.421Z,6592,2026-08-29T20:54:41.421Z,HNT,Huntsville,dd7385f2-fbd4-41a4-afcd-7296aca5e198,SAMMS-Huntsville
202608292054381015,202608291904436197,202608291904434406,85,3102,Bronze INV,br_ReAssessment,TASK_COMPLETE,SUCCESS,INFO,0,0,0,,2026-08-29T19:04:49.126Z,2026-08-29T20:54:41.421Z,6592,2026-08-29T20:54:41.421Z,HS,Hot Springs,dd7385f2-fbd4-41a4-afcd-7296aca5e198,SAMMS-HotSprings
202608292054381017,202608291904436198,202608291904434406,85,3103,Bronze INV,br_ReAssessment,TASK_COMPLETE,SUCCESS,INFO,0,0,0,,2026-08-29T19:04:49.126Z,2026-08-29T20:54:41.421Z,6592,2026-08-29T20:54:41.421Z,JON,Jonesboro,dd7385f2-fbd4-41a4-afcd-7296aca5e198,SAMMS-Jonesboro
202608292054381018,202608291904436199,202608291904434406,85,3105,Bronze INV,br_ReAssessment,TASK_COMPLETE,SUCCESS,INFO,0,0,0,,2026-08-29T19:04:49.126Z,2026-08-29T20:54:41.421Z,6592,2026-08-29T20:54:41.421Z,LAN,Lansing,dd7385f2-fbd4-41a4-afcd-7296aca5e198,SAMMS-Lansing
202608292054381019,202608291904436200,202608291904434406,85,3106,Bronze INV,br_ReAssessment,TASK_COMPLETE,SUCCESS,INFO,0,0,0,,2026-08-29T19:04:49.126Z,2026-08-29T20:54:41.421Z,6592,2026-08-29T20:54:41.421Z,LO,Louisville,dd7385f2-fbd4-41a4-afcd-7296aca5e198,SAMMS-Louisville
202608292054381020,202608291904436201,202608291904434406,85,3107,Bronze INV,br_ReAssessment,TASK_COMPLETE,SUCCESS,INFO,0,0,0,,2026-08-29T19:04:49.126Z,2026-08-29T20:54:41.421Z,6592,2026-08-29T20:54:41.421Z,LV1,Cheyenne,dd7385f2-fbd4-41a4-afcd-7296aca5e198,SAMMS-Cheyenne
202608292054381021,202608291904436202,202608291904434406,85,3108,Bronze INV,br_ReAssessment,TASK_COMPLETE,SUCCESS,INFO,0,0,0,,2026-08-29T19:04:49.126Z,2026-08-29T20:54:41.421Z,6592,2026-08-29T20:54:41.421Z,LV2,Desert Inn,dd7385f2-fbd4-41a4-afcd-7296aca5e198,SAMMS-DesertInn
202608292054381022,202608291904436203,202608291904434406,85,3109,Bronze INV,br_ReAssessment,TASK_COMPLETE,SUCCESS,INFO,0,0,0,,2026-08-29T19:04:49.126Z,2026-08-29T20:54:41.421Z,6592,2026-08-29T20:54:41.421Z,LV3,McDaniel,dd7385f2-fbd4-41a4-afcd-7296aca5e198,SAMMS-McDaniel
202608292054381024,202608291904436204,202608291904434406,85,3112,Bronze INV,br_ReAssessment,TASK_COMPLETE,SUCCESS,INFO,0,0,0,,2026-08-29T19:04:49.126Z,2026-08-29T20:54:41.421Z,6592,2026-08-29T20:54:41.421Z,MNRE,Monroe,dd7385f2-fbd4-41a4-afcd-7296aca5e198,SAMMS-Monroe
202608292054381025,202608291904436205,202608291904434406,85,3113,Bronze INV,br_ReAssessment,TASK_COMPLETE,SUCCESS,INFO,0,0,0,,2026-08-29T19:04:49.126Z,2026-08-29T20:54:41.421Z,6592,2026-08-29T20:54:41.421Z,MP,Mt. Pleasant,dd7385f2-fbd4-41a4-afcd-7296aca5e198,SAMMS-MtPleasant
202608292054381026,202608291904436206,202608291904434406,85,3114,Bronze INV,br_ReAssessment,TASK_COMPLETE,SUCCESS,INFO,0,0,0,,2026-08-29T19:04:49.126Z,2026-08-29T20:54:41.421Z,6592,2026-08-29T20:54:41.421Z,MRD,Meridian,dd7385f2-fbd4-41a4-afcd-7296aca5e198,SAMMS-Meridian
202608292054381027,202608291904436207,202608291904434406,85,3119,Bronze INV,br_ReAssessment,TASK_COMPLETE,SUCCESS,INFO,0,0,0,,2026-08-29T19:04:49.126Z,2026-08-29T20:54:41.421Z,6592,2026-08-29T20:54:41.421Z,NC,North Charleston,dd7385f2-fbd4-41a4-afcd-7296aca5e198,SAMMS-NorthCharleston
202608292054381028,202608291904436208,202608291904434406,85,3120,Bronze INV,br_ReAssessment,TASK_COMPLETE,SUCCESS,INFO,0,0,0,,2026-08-29T19:04:49.126Z,2026-08-29T20:54:41.421Z,6592,2026-08-29T20:54:41.421Z,NLR,N. Little Rock,dd7385f2-fbd4-41a4-afcd-7296aca5e198,SAMMS-NLROBOT
202608292054381029,202608291904436209,202608291904434406,85,3121,Bronze INV,br_ReAssessment,TASK_COMPLETE,SUCCESS,INFO,0,0,0,,2026-08-29T19:04:49.126Z,2026-08-29T20:54:41.421Z,6592,2026-08-29T20:54:41.421Z,PH,Phoenix,dd7385f2-fbd4-41a4-afcd-7296aca5e198,SAMMS-Phoenix
202608292054381030,202608291904436210,202608291904434406,85,3125,Bronze INV,br_ReAssessment,TASK_COMPLETE,SUCCESS,INFO,0,0,0,,2026-08-29T19:04:49.126Z,2026-08-29T20:54:41.421Z,6592,2026-08-29T20:54:41.421Z,RE,Reno,dd7385f2-fbd4-41a4-afcd-7296aca5e198,SAMMS-Reno
202608292054381032,202608291904436211,202608291904434406,85,3126,Bronze INV,br_ReAssessment,TASK_COMPLETE,SUCCESS,INFO,0,0,0,,2026-08-29T19:04:49.126Z,2026-08-29T20:54:41.421Z,6592,2026-08-29T20:54:41.421Z,RMD,Richmond,dd7385f2-fbd4-41a4-afcd-7296aca5e198,SAMMS-Richmond
202608292054381033,202608291904436212,202608291904434406,85,3127,Bronze INV,br_ReAssessment,TASK_COMPLETE,SUCCESS,INFO,0,0,0,,2026-08-29T19:04:49.126Z,2026-08-29T20:54:41.421Z,6592,2026-08-29T20:54:41.421Z,SFN,Springfield North,dd7385f2-fbd4-41a4-afcd-7296aca5e198,SAMMS-SFNv5
202609022122572303,202609021903207796,202609021903206075,85,1144,Bronze INV,br_AdmissionAssessmentDimensionSix,TASK_COMPLETE,SUCCESS,INFO,1062,1062,0,,2026-09-02T19:03:39.838Z,2026-09-02T21:23:00.812Z,8361,2026-09-02T21:23:00.812Z,VWBY,Woodbury,c49685cc-3281-44bc-a1c2-3be5b1110999,SAMMS-WoodburyV6
202609022122572304,202609021903207797,202609021903206075,85,1146,Bronze INV,br_AdmissionAssessmentDimensionSix,TASK_COMPLETE,SUCCESS,INFO,431,431,0,,2026-09-02T19:03:39.838Z,2026-09-02T21:23:00.812Z,8361,2026-09-02T21:23:00.812Z,WIL,Wilson,c49685cc-3281-44bc-a1c2-3be5b1110999,SAMMS-Wilson
202609022122572305,202609021903207798,202609021903206075,85,2990,Bronze INV,br_ReAssessment,TASK_COMPLETE,SUCCESS,INFO,0,0,0,,2026-09-02T19:03:39.838Z,2026-09-02T21:23:00.812Z,8361,2026-09-02T21:23:00.812Z,AHK,Ahoskie,c49685cc-3281-44bc-a1c2-3be5b1110999,SAMMS-Ahoskie
202609022122572306,202609021903207799,202609021903206075,85,2991,Bronze INV,br_ReAssessment,TASK_COMPLETE,SUCCESS,INFO,0,0,0,,2026-09-02T19:03:39.838Z,2026-09-02T21:23:00.812Z,8361,2026-09-02T21:23:00.812Z,B12B,Colorado Springs,c49685cc-3281-44bc-a1c2-3be5b1110999,SAMMS-ColoradoSpringsV5
202609022122572307,202609021903207800,202609021903206075,85,2992,Bronze INV,br_ReAssessment,TASK_COMPLETE,SUCCESS,INFO,0,0,0,,2026-09-02T19:03:39.838Z,2026-09-02T21:23:00.812Z,8361,2026-09-02T21:23:00.812Z,B24,Paintsville,c49685cc-3281-44bc-a1c2-3be5b1110999,SAMMS-PaintsvilleV5
202609022122572308,202609021903207801,202609021903206075,85,2993,Bronze INV,br_ReAssessment,TASK_COMPLETE,SUCCESS,INFO,0,0,0,,2026-09-02T19:03:39.838Z,2026-09-02T21:23:00.812Z,8361,2026-09-02T21:23:00.812Z,B25,Pikeville,c49685cc-3281-44bc-a1c2-3be5b1110999,SAMMS-PikevilleV5
202609022122572309,202609021903207802,202609021903206075,85,2994,Bronze INV,br_ReAssessment,TASK_COMPLETE,SUCCESS,INFO,0,0,0,,2026-09-02T19:03:39.838Z,2026-09-02T21:23:00.812Z,8361,2026-09-02T21:23:00.812Z,B26,Hazard,c49685cc-3281-44bc-a1c2-3be5b1110999,SAMMS-HazardV5
202609022122572311,202609021903207803,202609021903206075,85,2995,Bronze INV,br_ReAssessment,TASK_COMPLETE,SUCCESS,INFO,0,0,0,,2026-09-02T19:03:39.838Z,2026-09-02T21:23:00.812Z,8361,2026-09-02T21:23:00.812Z,B27,Savannah,c49685cc-3281-44bc-a1c2-3be5b1110999,SAMMS-SavannahV6
202609022122572312,202609021903207804,202609021903206075,85,2996,Bronze INV,br_ReAssessment,TASK_COMPLETE,SUCCESS,INFO,0,0,0,,2026-09-02T19:03:39.838Z,2026-09-02T21:23:00.812Z,8361,2026-09-02T21:23:00.812Z,B28,West Plains,c49685cc-3281-44bc-a1c2-3be5b1110999,SAMMS-WestPlainesV5
202609022122572313,202609021903207805,202609021903206075,85,2997,Bronze INV,br_ReAssessment,TASK_COMPLETE,SUCCESS,INFO,0,0,0,,2026-09-02T19:03:39.838Z,2026-09-02T21:23:00.812Z,8361,2026-09-02T21:23:00.812Z,B29,Poplar Bluff,c49685cc-3281-44bc-a1c2-3be5b1110999,SAMMS-PoplarBluffV5
202609022122572314,202609021903207806,202609021903206075,85,2998,Bronze INV,br_ReAssessment,TASK_COMPLETE,SUCCESS,INFO,0,0,0,,2026-09-02T19:03:39.838Z,2026-09-02T21:23:00.812Z,8361,2026-09-02T21:23:00.812Z,B30,KC North,c49685cc-3281-44bc-a1c2-3be5b1110999,SAMMS-KCNv5
202609022122572315,202609021903207807,202609021903206075,85,2999,Bronze INV,br_ReAssessment,TASK_COMPLETE,SUCCESS,INFO,0,0,0,,2026-09-02T19:03:39.838Z,2026-09-02T21:23:00.812Z,8361,2026-09-02T21:23:00.812Z,B31,Dyersburg,c49685cc-3281-44bc-a1c2-3be5b1110999,SAMMS-DyersburgV5
202609022122572316,202609021903207808,202609021903206075,85,3001,Bronze INV,br_ReAssessment,TASK_COMPLETE,SUCCESS,INFO,0,0,0,,2026-09-02T19:03:39.838Z,2026-09-02T21:23:00.812Z,8361,2026-09-02T21:23:00.812Z,B33,Paducah,c49685cc-3281-44bc-a1c2-3be5b1110999,SAMMS-Paducah
202609022122572317,202609021903207809,202609021903206075,85,3002,Bronze INV,br_ReAssessment,TASK_COMPLETE,SUCCESS,INFO,0,0,0,,2026-09-02T19:03:39.838Z,2026-09-02T21:23:00.812Z,8361,2026-09-02T21:23:00.812Z,B34,Corbin,c49685cc-3281-44bc-a1c2-3be5b1110999,SAMMS-CorbinV5
202609022122572318,202609021903207810,202609021903206075,85,3003,Bronze INV,br_ReAssessment,TASK_COMPLETE,SUCCESS,INFO,0,0,0,,2026-09-02T19:03:39.838Z,2026-09-02T21:23:00.812Z,8361,2026-09-02T21:23:00.812Z,B35,Lexington,c49685cc-3281-44bc-a1c2-3be5b1110999,SAMMS-LexingtonV5
202609022122572319,202609021903207811,202609021903206075,85,3004,Bronze INV,br_ReAssessment,TASK_COMPLETE,SUCCESS,INFO,0,0,0,,2026-09-02T19:03:39.838Z,2026-09-02T21:23:00.812Z,8361,2026-09-02T21:23:00.812Z,B35A,Berea,c49685cc-3281-44bc-a1c2-3be5b1110999,SAMMS-BereaV5
202609022122572320,202609021903207812,202609021903206075,85,3005,Bronze INV,br_ReAssessment,TASK_COMPLETE,SUCCESS,INFO,0,0,0,,2026-09-02T19:03:39.838Z,2026-09-02T21:23:00.812Z,8361,2026-09-02T21:23:00.812Z,B36,Asheville,c49685cc-3281-44bc-a1c2-3be5b1110999,SAMMS-AshevilleV5
202609022122572321,202609021903207813,202609021903206075,85,3006,Bronze INV,br_ReAssessment,TASK_COMPLETE,SUCCESS,INFO,0,0,0,,2026-09-02T19:03:39.838Z,2026-09-02T21:23:00.812Z,8361,2026-09-02T21:23:00.812Z,B37,Clyde,c49685cc-3281-44bc-a1c2-3be5b1110999,SAMMS-ClydeV5
202609022122572322,202609021903207814,202609021903206075,85,3007,Bronze INV,br_ReAssessment,TASK_COMPLETE,SUCCESS,INFO,0,0,0,,2026-09-02T19:03:39.838Z,2026-09-02T21:23:00.812Z,8361,2026-09-02T21:23:00.812Z,B38,Spartanburg,c49685cc-3281-44bc-a1c2-3be5b1110999,SAMMS-SpartanburgV5
202609022122572324,202609021903207815,202609021903206075,85,3008,Bronze INV,br_ReAssessment,TASK_COMPLETE,SUCCESS,INFO,0,0,0,,2026-09-02T19:03:39.838Z,2026-09-02T21:23:00.812Z,8361,2026-09-02T21:23:00.812Z,B39,Aiken,c49685cc-3281-44bc-a1c2-3be5b1110999,SAMMS-AikenV5
202609022122572325,202609021903207816,202609021903206075,85,3009,Bronze INV,br_ReAssessment,TASK_COMPLETE,SUCCESS,INFO,0,0,0,,2026-09-02T19:03:39.838Z,2026-09-02T21:23:00.812Z,8361,2026-09-02T21:23:00.812Z,B41,Chesapeake,c49685cc-3281-44bc-a1c2-3be5b1110999,SAMMS-ChesapeakeV5
202609022122572326,202609021903207817,202609021903206075,85,3010,Bronze INV,br_ReAssessment,TASK_COMPLETE,SUCCESS,INFO,0,0,0,,2026-09-02T19:03:39.838Z,2026-09-02T21:23:00.812Z,8361,2026-09-02T21:23:00.812Z,B42,Virginia Beach,c49685cc-3281-44bc-a1c2-3be5b1110999,SAMMS-VirginiaBeachV5
202609022122572327,202609021903207818,202609021903206075,85,3011,Bronze INV,br_ReAssessment,TASK_COMPLETE,SUCCESS,INFO,0,0,0,,2026-09-02T19:03:39.838Z,2026-09-02T21:23:00.812Z,8361,2026-09-02T21:23:00.812Z,B42A,Newport News,c49685cc-3281-44bc-a1c2-3be5b1110999,SAMMS-NewportNewsV5
202609022122572328,202609021903207819,202609021903206075,85,3012,Bronze INV,br_ReAssessment,TASK_COMPLETE,SUCCESS,INFO,0,0,0,,2026-09-02T19:03:39.838Z,2026-09-02T21:23:00.812Z,8361,2026-09-02T21:23:00.812Z,B42B,Franklin,c49685cc-3281-44bc-a1c2-3be5b1110999,SAMMS-FranklinV5
202609022122572329,202609021903207820,202609021903206075,85,3013,Bronze INV,br_ReAssessment,TASK_COMPLETE,SUCCESS,INFO,0,0,0,,2026-09-02T19:03:39.838Z,2026-09-02T21:23:00.812Z,8361,2026-09-02T21:23:00.812Z,B42C,Glen Allen,c49685cc-3281-44bc-a1c2-3be5b1110999,SAMMS-GlenAllenV5
202609022122572330,202609021903207821,202609021903206075,85,3014,Bronze INV,br_ReAssessment,TASK_COMPLETE,SUCCESS,INFO,0,0,0,,2026-09-02T19:03:39.838Z,2026-09-02T21:23:00.812Z,8361,2026-09-02T21:23:00.812Z,B42D,Chesapeake South,c49685cc-3281-44bc-a1c2-3be5b1110999,SAMMS-ChesapeakeSouthV5
202609022122572331,202609021903207822,202609021903206075,85,3015,Bronze INV,br_ReAssessment,TASK_COMPLETE,SUCCESS,INFO,0,0,0,,2026-09-02T19:03:39.838Z,2026-09-02T21:23:00.812Z,8361,2026-09-02T21:23:00.812Z,B44,Albany,c49685cc-3281-44bc-a1c2-3be5b1110999,SAMMS-AlbanyV5
202609022122572332,202609021903207823,202609021903206075,85,3016,Bronze INV,br_ReAssessment,TASK_COMPLETE,SUCCESS,INFO,0,0,0,,2026-09-02T19:03:39.838Z,2026-09-02T21:23:00.812Z,8361,2026-09-02T21:23:00.812Z,B45,Tifton,c49685cc-3281-44bc-a1c2-3be5b1110999,SAMMS-TiftonV5
202609022122572333,202609021903207824,202609021903206075,85,3017,Bronze INV,br_ReAssessment,TASK_COMPLETE,SUCCESS,INFO,0,0,0,,2026-09-02T19:03:39.838Z,2026-09-02T21:23:00.812Z,8361,2026-09-02T21:23:00.812Z,B46,Washington DC,c49685cc-3281-44bc-a1c2-3be5b1110999,SAMMS-WashingtonDCv5
202609022122572334,202609021903207825,202609021903206075,85,3018,Bronze INV,br_ReAssessment,TASK_COMPLETE,SUCCESS,INFO,0,0,0,,2026-09-02T19:03:39.838Z,2026-09-02T21:23:00.812Z,8361,2026-09-02T21:23:00.812Z,B47,Mobile,c49685cc-3281-44bc-a1c2-3be5b1110999,SAMMS-MobileV5
202609022122572336,202609021903207826,202609021903206075,85,3019,Bronze INV,br_ReAssessment,TASK_COMPLETE,SUCCESS,INFO,0,0,0,,2026-09-02T19:03:39.838Z,2026-09-02T21:23:00.812Z,8361,2026-09-02T21:23:00.812Z,B48,Tuscaloosa,c49685cc-3281-44bc-a1c2-3be5b1110999,SAMMS-TuscaloosaV5
202609022122572337,202609021903207827,202609021903206075,85,3028,Bronze INV,br_ReAssessment,TASK_COMPLETE,SUCCESS,INFO,0,0,0,,2026-09-02T19:03:39.838Z,2026-09-02T21:23:00.812Z,8361,2026-09-02T21:23:00.812Z,B51,N. Little Rock (OTP),c49685cc-3281-44bc-a1c2-3be5b1110999,SAMMS-NorthLittleRockV6
202609022122572338,202609021903207828,202609021903206075,85,3029,Bronze INV,br_ReAssessment,TASK_COMPLETE,SUCCESS,INFO,0,0,0,,2026-09-02T19:03:39.838Z,2026-09-02T21:23:00.812Z,8361,2026-09-02T21:23:00.812Z,B52,Jackson GA,c49685cc-3281-44bc-a1c2-3be5b1110999,SAMMS-JacksonGAV5
202609022122572339,202609021903207829,202609021903206075,85,3030,Bronze INV,br_ReAssessment,TASK_COMPLETE,SUCCESS,INFO,0,0,0,,2026-09-02T19:03:39.838Z,2026-09-02T21:23:00.812Z,8361,2026-09-02T21:23:00.812Z,B54,Gadsden,c49685cc-3281-44bc-a1c2-3be5b1110999,SAMMS-GadsdenV5
202609022122572340,202609021903207830,202609021903206075,85,3031,Bronze INV,br_ReAssessment,TASK_COMPLETE,SUCCESS,INFO,0,0,0,,2026-09-02T19:03:39.838Z,2026-09-02T21:23:00.812Z,8361,2026-09-02T21:23:00.812Z,B55,Shoals,c49685cc-3281-44bc-a1c2-3be5b1110999,SAMMS-ShoalsV5
202609022122572341,202609021903207831,202609021903206075,85,3032,Bronze INV,br_ReAssessment,TASK_COMPLETE,SUCCESS,INFO,0,0,0,,2026-09-02T19:03:39.838Z,2026-09-02T21:23:00.812Z,8361,2026-09-02T21:23:00.812Z,B57,Pawtucket,c49685cc-3281-44bc-a1c2-3be5b1110999,SAMMS-Pawtucket
202609022122572342,202609021903207832,202609021903206075,85,3033,Bronze INV,br_ReAssessment,TASK_COMPLETE,SUCCESS,INFO,12,12,0,,2026-09-02T19:03:39.838Z,2026-09-02T21:23:00.812Z,8361,2026-09-02T21:23:00.812Z,B57A,Johnston,c49685cc-3281-44bc-a1c2-3be5b1110999,SAMMS-Johnston
202609022122572343,202609021903207833,202609021903206075,85,3034,Bronze INV,br_ReAssessment,TASK_COMPLETE,SUCCESS,INFO,0,0,0,,2026-09-02T19:03:39.838Z,2026-09-02T21:23:00.812Z,8361,2026-09-02T21:23:00.812Z,B57B,Middletown,c49685cc-3281-44bc-a1c2-3be5b1110999,SAMMS-Middletown
202609022122572344,202609021903207834,202609021903206075,85,3035,Bronze INV,br_ReAssessment,TASK_COMPLETE,SUCCESS,INFO,1,1,0,,2026-09-02T19:03:39.838Z,2026-09-02T21:23:00.812Z,8361,2026-09-02T21:23:00.812Z,B57C,Providence,c49685cc-3281-44bc-a1c2-3be5b1110999,SAMMS-Providence
202609022122572345,202609021903207835,202609021903206075,85,3036,Bronze INV,br_ReAssessment,TASK_COMPLETE,SUCCESS,INFO,32,32,0,,2026-09-02T19:03:39.838Z,2026-09-02T21:23:00.812Z,8361,2026-09-02T21:23:00.812Z,B57D,Westerly,c49685cc-3281-44bc-a1c2-3be5b1110999,SAMMS-Westerly
202609022122572347,202609021903207836,202609021903206075,85,3040,Bronze INV,br_ReAssessment,TASK_COMPLETE,SUCCESS,INFO,0,0,0,,2026-09-02T19:03:39.838Z,2026-09-02T21:23:00.812Z,8361,2026-09-02T21:23:00.812Z,B66A,Bremen,c49685cc-3281-44bc-a1c2-3be5b1110999,SAMMS-Bremen
202609022122572348,202609021903207837,202609021903206075,85,3043,Bronze INV,br_ReAssessment,TASK_COMPLETE,SUCCESS,INFO,0,0,0,,2026-09-02T19:03:39.838Z,2026-09-02T21:23:00.812Z,8361,2026-09-02T21:23:00.812Z,B72,Mobile (OBOT),c49685cc-3281-44bc-a1c2-3be5b1110999,SAMMS-Mobile-OBOT
202609022122572349,202609021903207838,202609021903206075,85,3044,Bronze INV,br_ReAssessment,TASK_COMPLETE,SUCCESS,INFO,0,0,0,,2026-09-02T19:03:39.838Z,2026-09-02T21:23:00.812Z,8361,2026-09-02T21:23:00.812Z,B73,Montgomery,c49685cc-3281-44bc-a1c2-3be5b1110999,SAMMS-Montgomery
202609022122572350,202609021903207839,202609021903206075,85,3045,Bronze INV,br_ReAssessment,TASK_COMPLETE,SUCCESS,INFO,0,0,0,,2026-09-02T19:03:39.838Z,2026-09-02T21:23:00.812Z,8361,2026-09-02T21:23:00.812Z,B75,Lawrence,c49685cc-3281-44bc-a1c2-3be5b1110999,SAMMS-LawrenceV6
202609022122572351,202609021903207840,202609021903206075,85,3046,Bronze INV,br_ReAssessment,TASK_COMPLETE,SUCCESS,INFO,0,0,0,,2026-09-02T19:03:39.838Z,2026-09-02T21:23:00.812Z,8361,2026-09-02T21:23:00.812Z,B76,Huntsville OBOT,c49685cc-3281-44bc-a1c2-3be5b1110999,SAMMS-Huntsville-OBOT
202609022122572352,202609021903207841,202609021903206075,85,3047,Bronze INV,br_ReAssessment,TASK_COMPLETE,SUCCESS,INFO,0,0,0,,2026-09-02T19:03:39.838Z,2026-09-02T21:23:00.812Z,8361,2026-09-02T21:23:00.812Z,BAT,Batesville,c49685cc-3281-44bc-a1c2-3be5b1110999,SAMMS-Batesville
202609022122572353,202609021903207842,202609021903206075,85,3048,Bronze INV,br_ReAssessment,TASK_COMPLETE,SUCCESS,INFO,0,0,0,,2026-09-02T19:03:39.838Z,2026-09-02T21:23:00.812Z,8361,2026-09-02T21:23:00.812Z,BG,Bowling Green,c49685cc-3281-44bc-a1c2-3be5b1110999,SAMMS-BowlingGreen
202609022122572354,202609021903207843,202609021903206075,85,3049,Bronze INV,br_ReAssessment,TASK_COMPLETE,SUCCESS,INFO,0,0,0,,2026-09-02T19:03:39.838Z,2026-09-02T21:23:00.812Z,8361,2026-09-02T21:23:00.812Z,BOI,Boise,c49685cc-3281-44bc-a1c2-3be5b1110999,SAMMS-Boise
202609022122572355,202609021903207844,202609021903206075,85,3056,Bronze INV,br_ReAssessment,TASK_COMPLETE,SUCCESS,INFO,0,0,0,,2026-09-02T19:03:39.838Z,2026-09-02T21:23:00.812Z,8361,2026-09-02T21:23:00.812Z,CBCO,Coeur dAlene,c49685cc-3281-44bc-a1c2-3be5b1110999,SAMMS-CoeurdAleneV6
202609022122572356,202609021903207845,202609021903206075,85,3075,Bronze INV,br_ReAssessment,TASK_COMPLETE,SUCCESS,INFO,0,0,0,,2026-09-02T19:03:39.838Z,2026-09-02T21:23:00.812Z,8361,2026-09-02T21:23:00.812Z,CON,Conway,c49685cc-3281-44bc-a1c2-3be5b1110999,SAMMS-Conway
202609022122572357,202609021903207846,202609021903206075,85,3076,Bronze INV,br_ReAssessment,TASK_COMPLETE,SUCCESS,INFO,0,0,0,,2026-09-02T19:03:39.838Z,2026-09-02T21:23:00.812Z,8361,2026-09-02T21:23:00.812Z,D07,Medical Services Knox TN,c49685cc-3281-44bc-a1c2-3be5b1110999,SAMMS-KnoxvilleV6
202609022122572359,202609021903207847,202609021903206075,85,3077,Bronze INV,br_ReAssessment,TASK_COMPLETE,SUCCESS,INFO,0,0,0,,2026-09-02T19:03:39.838Z,2026-09-02T21:23:00.812Z,8361,2026-09-02T21:23:00.812Z,D08,Madison,c49685cc-3281-44bc-a1c2-3be5b1110999,SAMMS-MadisonV6
202609022122572360,202609021903207848,202609021903206075,85,3079,Bronze INV,br_ReAssessment,TASK_COMPLETE,SUCCESS,INFO,0,0,0,,2026-09-02T19:03:39.838Z,2026-09-02T21:23:00.812Z,8361,2026-09-02T21:23:00.812Z,D09,Murfreesboro,c49685cc-3281-44bc-a1c2-3be5b1110999,SAMMS-MurfreesboroV6
202609022122572361,202609021903207849,202609021903206075,85,3080,Bronze INV,br_ReAssessment,TASK_COMPLETE,SUCCESS,INFO,0,0,0,,2026-09-02T19:03:39.838Z,2026-09-02T21:23:00.812Z,8361,2026-09-02T21:23:00.812Z,DA,Davenport,c49685cc-3281-44bc-a1c2-3be5b1110999,SAMMS-Davenport
202609022122572362,202609021903207850,202609021903206075,85,3081,Bronze INV,br_ReAssessment,TASK_COMPLETE,SUCCESS,INFO,0,0,0,,2026-09-02T19:03:39.838Z,2026-09-02T21:23:00.812Z,8361,2026-09-02T21:23:00.812Z,DM,Des Moines,c49685cc-3281-44bc-a1c2-3be5b1110999,SAMMS-DesMoines
202609022122572363,202609021903207851,202609021903206075,85,3083,Bronze INV,br_ReAssessment,TASK_COMPLETE,SUCCESS,INFO,0,0,0,,2026-09-02T19:03:39.838Z,2026-09-02T21:23:00.812Z,8361,2026-09-02T21:23:00.812Z,DRD-CO,Columbia MO,c49685cc-3281-44bc-a1c2-3be5b1110999,SAMMS-ColumbiaV5
202609022122572364,202609021903207852,202609021903206075,85,3084,Bronze INV,br_ReAssessment,TASK_COMPLETE,SUCCESS,INFO,0,0,0,,2026-09-02T19:03:39.838Z,2026-09-02T21:23:00.812Z,8361,2026-09-02T21:23:00.812Z,DRD-KC,KC,c49685cc-3281-44bc-a1c2-3be5b1110999,SAMMS-KCv5
202609022122572365,202609021903207853,202609021903206075,85,3085,Bronze INV,br_ReAssessment,TASK_COMPLETE,SUCCESS,INFO,0,0,0,,2026-09-02T19:03:39.838Z,2026-09-02T21:23:00.812Z,8361,2026-09-02T21:23:00.812Z,DRD-KVB,KVB,c49685cc-3281-44bc-a1c2-3be5b1110999,SAMMS-KVBv5
202609022122572366,202609021903207854,202609021903206075,85,3086,Bronze INV,br_ReAssessment,TASK_COMPLETE,SUCCESS,INFO,0,0,0,,2026-09-02T19:03:39.838Z,2026-09-02T21:23:00.812Z,8361,2026-09-02T21:23:00.812Z,DRD-KVC,KVC,c49685cc-3281-44bc-a1c2-3be5b1110999,SAMMS-KVCv5
202609022122572368,202609021903207855,202609021903206075,85,3087,Bronze INV,br_ReAssessment,TASK_COMPLETE,SUCCESS,INFO,0,0,0,,2026-09-02T19:03:39.838Z,2026-09-02T21:23:00.812Z,8361,2026-09-02T21:23:00.812Z,DRD-NOLA,NOLA,c49685cc-3281-44bc-a1c2-3be5b1110999,SAMMS-NOLAv5
202609022122572369,202609021903207856,202609021903206075,85,3088,Bronze INV,br_ReAssessment,TASK_COMPLETE,SUCCESS,INFO,0,0,0,,2026-09-02T19:03:39.838Z,2026-09-02T21:23:00.812Z,8361,2026-09-02T21:23:00.812Z,DRD-SF,Springfield,c49685cc-3281-44bc-a1c2-3be5b1110999,SAMMS-SFv5
202609022122572370,202609021903207857,202609021903206075,85,3090,Bronze INV,br_ReAssessment,TASK_COMPLETE,SUCCESS,INFO,0,0,0,,2026-09-02T19:03:39.838Z,2026-09-02T21:23:00.812Z,8361,2026-09-02T21:23:00.812Z,ELC,Elizabeth City,c49685cc-3281-44bc-a1c2-3be5b1110999,SAMMS-ElizabethCity
202609022122572371,202609021903207858,202609021903206075,85,3091,Bronze INV,br_ReAssessment,TASK_COMPLETE,SUCCESS,INFO,0,0,0,,2026-09-02T19:03:39.838Z,2026-09-02T21:23:00.812Z,8361,2026-09-02T21:23:00.812Z,ET,Elizabethtown,c49685cc-3281-44bc-a1c2-3be5b1110999,SAMMS-Elizabethtown
202609022122572372,202609021903207859,202609021903206075,85,3092,Bronze INV,br_ReAssessment,TASK_COMPLETE,SUCCESS,INFO,0,0,0,,2026-09-02T19:03:39.838Z,2026-09-02T21:23:00.812Z,8361,2026-09-02T21:23:00.812Z,FAY,Fayetteville,c49685cc-3281-44bc-a1c2-3be5b1110999,SAMMS-Fayetteville
202609022122572373,202609021903207860,202609021903206075,85,3093,Bronze INV,br_ReAssessment,TASK_COMPLETE,SUCCESS,INFO,0,0,0,,2026-09-02T19:03:39.838Z,2026-09-02T21:23:00.812Z,8361,2026-09-02T21:23:00.812Z,FR,Frankfort,c49685cc-3281-44bc-a1c2-3be5b1110999,SAMMS-Frankfort
202609022122572374,202609021903207861,202609021903206075,85,3094,Bronze INV,br_ReAssessment,TASK_COMPLETE,SUCCESS,INFO,0,0,0,,2026-09-02T19:03:39.838Z,2026-09-02T21:23:00.812Z,8361,2026-09-02T21:23:00.812Z,FS,Fort Smith,c49685cc-3281-44bc-a1c2-3be5b1110999,SAMMS-FortSmith
202609022122572375,202609021903207862,202609021903206075,85,3095,Bronze INV,br_ReAssessment,TASK_COMPLETE,SUCCESS,INFO,0,0,0,,2026-09-02T19:03:39.838Z,2026-09-02T21:23:00.812Z,8361,2026-09-02T21:23:00.812Z,FW,Fort Wayne,c49685cc-3281-44bc-a1c2-3be5b1110999,SAMMS-FortWayne
202609022122572376,202609021903207863,202609021903206075,85,3096,Bronze INV,br_ReAssessment,TASK_COMPLETE,SUCCESS,INFO,0,0,0,,2026-09-02T19:03:39.838Z,2026-09-02T21:23:00.812Z,8361,2026-09-02T21:23:00.812Z,GAL,Gaylord,c49685cc-3281-44bc-a1c2-3be5b1110999,SAMMS-Gaylord
202609022122572378,202609021903207864,202609021903206075,85,3100,Bronze INV,br_ReAssessment,TASK_COMPLETE,SUCCESS,INFO,0,0,0,,2026-09-02T19:03:39.838Z,2026-09-02T21:23:00.812Z,8361,2026-09-02T21:23:00.812Z,HGT,Hagerstown,c49685cc-3281-44bc-a1c2-3be5b1110999,SAMMS-Hagerstown
202609022122572379,202609021903207865,202609021903206075,85,3101,Bronze INV,br_ReAssessment,TASK_COMPLETE,SUCCESS,INFO,0,0,0,,2026-09-02T19:03:39.838Z,2026-09-02T21:23:00.812Z,8361,2026-09-02T21:23:00.812Z,HNT,Huntsville,c49685cc-3281-44bc-a1c2-3be5b1110999,SAMMS-Huntsville
202609022122572380,202609021903207866,202609021903206075,85,3102,Bronze INV,br_ReAssessment,TASK_COMPLETE,SUCCESS,INFO,0,0,0,,2026-09-02T19:03:39.838Z,2026-09-02T21:23:00.812Z,8361,2026-09-02T21:23:00.812Z,HS,Hot Springs,c49685cc-3281-44bc-a1c2-3be5b1110999,SAMMS-HotSprings
202609022122572381,202609021903207867,202609021903206075,85,3103,Bronze INV,br_ReAssessment,TASK_COMPLETE,SUCCESS,INFO,0,0,0,,2026-09-02T19:03:39.838Z,2026-09-02T21:23:00.812Z,8361,2026-09-02T21:23:00.812Z,JON,Jonesboro,c49685cc-3281-44bc-a1c2-3be5b1110999,SAMMS-Jonesboro
202609022122572382,202609021903207868,202609021903206075,85,3105,Bronze INV,br_ReAssessment,TASK_COMPLETE,SUCCESS,INFO,0,0,0,,2026-09-02T19:03:39.838Z,2026-09-02T21:23:00.812Z,8361,2026-09-02T21:23:00.812Z,LAN,Lansing,c49685cc-3281-44bc-a1c2-3be5b1110999,SAMMS-Lansing
202609022122572383,202609021903207869,202609021903206075,85,3106,Bronze INV,br_ReAssessment,TASK_COMPLETE,SUCCESS,INFO,0,0,0,,2026-09-02T19:03:39.838Z,2026-09-02T21:23:00.812Z,8361,2026-09-02T21:23:00.812Z,LO,Louisville,c49685cc-3281-44bc-a1c2-3be5b1110999,SAMMS-Louisville
202609022122572384,202609021903207870,202609021903206075,85,3107,Bronze INV,br_ReAssessment,TASK_COMPLETE,SUCCESS,INFO,0,0,0,,2026-09-02T19:03:39.838Z,2026-09-02T21:23:00.812Z,8361,2026-09-02T21:23:00.812Z,LV1,Cheyenne,c49685cc-3281-44bc-a1c2-3be5b1110999,SAMMS-Cheyenne
202609022122572385,202609021903207871,202609021903206075,85,3108,Bronze INV,br_ReAssessment,TASK_COMPLETE,SUCCESS,INFO,0,0,0,,2026-09-02T19:03:39.838Z,2026-09-02T21:23:00.812Z,8361,2026-09-02T21:23:00.812Z,LV2,Desert Inn,c49685cc-3281-44bc-a1c2-3be5b1110999,SAMMS-DesertInn
202609022122572386,202609021903207872,202609021903206075,85,3109,Bronze INV,br_ReAssessment,TASK_COMPLETE,SUCCESS,INFO,0,0,0,,2026-09-02T19:03:39.838Z,2026-09-02T21:23:00.812Z,8361,2026-09-02T21:23:00.812Z,LV3,McDaniel,c49685cc-3281-44bc-a1c2-3be5b1110999,SAMMS-McDaniel
202609022122572387,202609021903207873,202609021903206075,85,3112,Bronze INV,br_ReAssessment,TASK_COMPLETE,SUCCESS,INFO,0,0,0,,2026-09-02T19:03:39.838Z,2026-09-02T21:23:00.812Z,8361,2026-09-02T21:23:00.812Z,MNRE,Monroe,c49685cc-3281-44bc-a1c2-3be5b1110999,SAMMS-Monroe
202609022122572389,202609021903207874,202609021903206075,85,3113,Bronze INV,br_ReAssessment,TASK_COMPLETE,SUCCESS,INFO,0,0,0,,2026-09-02T19:03:39.838Z,2026-09-02T21:23:00.812Z,8361,2026-09-02T21:23:00.812Z,MP,Mt. Pleasant,c49685cc-3281-44bc-a1c2-3be5b1110999,SAMMS-MtPleasant
202609022122572390,202609021903207875,202609021903206075,85,3114,Bronze INV,br_ReAssessment,TASK_COMPLETE,SUCCESS,INFO,0,0,0,,2026-09-02T19:03:39.838Z,2026-09-02T21:23:00.812Z,8361,2026-09-02T21:23:00.812Z,MRD,Meridian,c49685cc-3281-44bc-a1c2-3be5b1110999,SAMMS-Meridian
202609022122572391,202609021903207876,202609021903206075,85,3119,Bronze INV,br_ReAssessment,TASK_COMPLETE,SUCCESS,INFO,0,0,0,,2026-09-02T19:03:39.838Z,2026-09-02T21:23:00.812Z,8361,2026-09-02T21:23:00.812Z,NC,North Charleston,c49685cc-3281-44bc-a1c2-3be5b1110999,SAMMS-NorthCharleston
202609022122572392,202609021903207877,202609021903206075,85,3120,Bronze INV,br_ReAssessment,TASK_COMPLETE,SUCCESS,INFO,0,0,0,,2026-09-02T19:03:39.838Z,2026-09-02T21:23:00.812Z,8361,2026-09-02T21:23:00.812Z,NLR,N. Little Rock,c49685cc-3281-44bc-a1c2-3be5b1110999,SAMMS-NLROBOT
202609022122572393,202609021903207878,202609021903206075,85,3121,Bronze INV,br_ReAssessment,TASK_COMPLETE,SUCCESS,INFO,0,0,0,,2026-09-02T19:03:39.838Z,2026-09-02T21:23:00.812Z,8361,2026-09-02T21:23:00.812Z,PH,Phoenix,c49685cc-3281-44bc-a1c2-3be5b1110999,SAMMS-Phoenix
202609022122572394,202609021903207879,202609021903206075,85,3125,Bronze INV,br_ReAssessment,TASK_COMPLETE,SUCCESS,INFO,0,0,0,,2026-09-02T19:03:39.838Z,2026-09-02T21:23:00.812Z,8361,2026-09-02T21:23:00.812Z,RE,Reno,c49685cc-3281-44bc-a1c2-3be5b1110999,SAMMS-Reno
202609022122572395,202609021903207880,202609021903206075,85,3126,Bronze INV,br_ReAssessment,TASK_COMPLETE,SUCCESS,INFO,0,0,0,,2026-09-02T19:03:39.838Z,2026-09-02T21:23:00.812Z,8361,2026-09-02T21:23:00.812Z,RMD,Richmond,c49685cc-3281-44bc-a1c2-3be5b1110999,SAMMS-Richmond
202609022122572396,202609021903207881,202609021903206075,85,3127,Bronze INV,br_ReAssessment,TASK_COMPLETE,SUCCESS,INFO,0,0,0,,2026-09-02T19:03:39.838Z,2026-09-02T21:23:00.812Z,8361,2026-09-02T21:23:00.812Z,SFN,Springfield North,c49685cc-3281-44bc-a1c2-3be5b1110999,SAMMS-SFNv5
202609012114520472,202609011903673726,202609011903672005,85,1144,Bronze INV,br_AdmissionAssessmentDimensionSix,TASK_COMPLETE,SUCCESS,INFO,1062,1062,0,,2026-09-01T19:04:17.664Z,2026-09-01T21:14:55.846Z,7838,2026-09-01T21:14:55.846Z,VWBY,Woodbury,0e5f68b5-5669-4bb1-91ce-4b967b620e7d,SAMMS-WoodburyV6
202609012114520473,202609011903673727,202609011903672005,85,1146,Bronze INV,br_AdmissionAssessmentDimensionSix,TASK_COMPLETE,SUCCESS,INFO,430,430,0,,2026-09-01T19:04:17.664Z,2026-09-01T21:14:55.846Z,7838,2026-09-01T21:14:55.846Z,WIL,Wilson,0e5f68b5-5669-4bb1-91ce-4b967b620e7d,SAMMS-Wilson
202609012114520474,202609011903673728,202609011903672005,85,2990,Bronze INV,br_ReAssessment,TASK_COMPLETE,SUCCESS,INFO,0,0,0,,2026-09-01T19:04:17.664Z,2026-09-01T21:14:55.846Z,7838,2026-09-01T21:14:55.846Z,AHK,Ahoskie,0e5f68b5-5669-4bb1-91ce-4b967b620e7d,SAMMS-Ahoskie
202609012114520476,202609011903673729,202609011903672005,85,2991,Bronze INV,br_ReAssessment,TASK_COMPLETE,SUCCESS,INFO,0,0,0,,2026-09-01T19:04:17.664Z,2026-09-01T21:14:55.846Z,7838,2026-09-01T21:14:55.846Z,B12B,Colorado Springs,0e5f68b5-5669-4bb1-91ce-4b967b620e7d,SAMMS-ColoradoSpringsV5
202609012114520477,202609011903673730,202609011903672005,85,2992,Bronze INV,br_ReAssessment,TASK_COMPLETE,SUCCESS,INFO,0,0,0,,2026-09-01T19:04:17.664Z,2026-09-01T21:14:55.846Z,7838,2026-09-01T21:14:55.846Z,B24,Paintsville,0e5f68b5-5669-4bb1-91ce-4b967b620e7d,SAMMS-PaintsvilleV5
202609012114520478,202609011903673731,202609011903672005,85,2993,Bronze INV,br_ReAssessment,TASK_COMPLETE,SUCCESS,INFO,0,0,0,,2026-09-01T19:04:17.664Z,2026-09-01T21:14:55.846Z,7838,2026-09-01T21:14:55.846Z,B25,Pikeville,0e5f68b5-5669-4bb1-91ce-4b967b620e7d,SAMMS-PikevilleV5
202609012114520479,202609011903673732,202609011903672005,85,2994,Bronze INV,br_ReAssessment,TASK_COMPLETE,SUCCESS,INFO,0,0,0,,2026-09-01T19:04:17.664Z,2026-09-01T21:14:55.846Z,7838,2026-09-01T21:14:55.846Z,B26,Hazard,0e5f68b5-5669-4bb1-91ce-4b967b620e7d,SAMMS-HazardV5
202609012114520480,202609011903673733,202609011903672005,85,2995,Bronze INV,br_ReAssessment,TASK_COMPLETE,SUCCESS,INFO,0,0,0,,2026-09-01T19:04:17.664Z,2026-09-01T21:14:55.846Z,7838,2026-09-01T21:14:55.846Z,B27,Savannah,0e5f68b5-5669-4bb1-91ce-4b967b620e7d,SAMMS-SavannahV6
202609012114520481,202609011903673734,202609011903672005,85,2996,Bronze INV,br_ReAssessment,TASK_COMPLETE,SUCCESS,INFO,0,0,0,,2026-09-01T19:04:17.664Z,2026-09-01T21:14:55.846Z,7838,2026-09-01T21:14:55.846Z,B28,West Plains,0e5f68b5-5669-4bb1-91ce-4b967b620e7d,SAMMS-WestPlainesV5
202609012114520482,202609011903673735,202609011903672005,85,2997,Bronze INV,br_ReAssessment,TASK_COMPLETE,SUCCESS,INFO,0,0,0,,2026-09-01T19:04:17.664Z,2026-09-01T21:14:55.846Z,7838,2026-09-01T21:14:55.846Z,B29,Poplar Bluff,0e5f68b5-5669-4bb1-91ce-4b967b620e7d,SAMMS-PoplarBluffV5
202609012114520484,202609011903673736,202609011903672005,85,2998,Bronze INV,br_ReAssessment,TASK_COMPLETE,SUCCESS,INFO,0,0,0,,2026-09-01T19:04:17.664Z,2026-09-01T21:14:55.846Z,7838,2026-09-01T21:14:55.846Z,B30,KC North,0e5f68b5-5669-4bb1-91ce-4b967b620e7d,SAMMS-KCNv5
202609012114520485,202609011903673737,202609011903672005,85,2999,Bronze INV,br_ReAssessment,TASK_COMPLETE,SUCCESS,INFO,0,0,0,,2026-09-01T19:04:17.664Z,2026-09-01T21:14:55.846Z,7838,2026-09-01T21:14:55.846Z,B31,Dyersburg,0e5f68b5-5669-4bb1-91ce-4b967b620e7d,SAMMS-DyersburgV5
202609012114520486,202609011903673738,202609011903672005,85,3001,Bronze INV,br_ReAssessment,TASK_COMPLETE,SUCCESS,INFO,0,0,0,,2026-09-01T19:04:17.664Z,2026-09-01T21:14:55.846Z,7838,2026-09-01T21:14:55.846Z,B33,Paducah,0e5f68b5-5669-4bb1-91ce-4b967b620e7d,SAMMS-Paducah
202609012114520487,202609011903673739,202609011903672005,85,3002,Bronze INV,br_ReAssessment,TASK_COMPLETE,SUCCESS,INFO,0,0,0,,2026-09-01T19:04:17.664Z,2026-09-01T21:14:55.846Z,7838,2026-09-01T21:14:55.846Z,B34,Corbin,0e5f68b5-5669-4bb1-91ce-4b967b620e7d,SAMMS-CorbinV5
202609012114520488,202609011903673740,202609011903672005,85,3003,Bronze INV,br_ReAssessment,TASK_COMPLETE,SUCCESS,INFO,0,0,0,,2026-09-01T19:04:17.664Z,2026-09-01T21:14:55.846Z,7838,2026-09-01T21:14:55.846Z,B35,Lexington,0e5f68b5-5669-4bb1-91ce-4b967b620e7d,SAMMS-LexingtonV5
202609012114520489,202609011903673741,202609011903672005,85,3004,Bronze INV,br_ReAssessment,TASK_COMPLETE,SUCCESS,INFO,0,0,0,,2026-09-01T19:04:17.664Z,2026-09-01T21:14:55.846Z,7838,2026-09-01T21:14:55.846Z,B35A,Berea,0e5f68b5-5669-4bb1-91ce-4b967b620e7d,SAMMS-BereaV5
202609012114520491,202609011903673742,202609011903672005,85,3005,Bronze INV,br_ReAssessment,TASK_COMPLETE,SUCCESS,INFO,0,0,0,,2026-09-01T19:04:17.664Z,2026-09-01T21:14:55.846Z,7838,2026-09-01T21:14:55.846Z,B36,Asheville,0e5f68b5-5669-4bb1-91ce-4b967b620e7d,SAMMS-AshevilleV5
202609012114520492,202609011903673743,202609011903672005,85,3006,Bronze INV,br_ReAssessment,TASK_COMPLETE,SUCCESS,INFO,0,0,0,,2026-09-01T19:04:17.664Z,2026-09-01T21:14:55.846Z,7838,2026-09-01T21:14:55.846Z,B37,Clyde,0e5f68b5-5669-4bb1-91ce-4b967b620e7d,SAMMS-ClydeV5
202609012114520493,202609011903673744,202609011903672005,85,3007,Bronze INV,br_ReAssessment,TASK_COMPLETE,SUCCESS,INFO,0,0,0,,2026-09-01T19:04:17.664Z,2026-09-01T21:14:55.846Z,7838,2026-09-01T21:14:55.846Z,B38,Spartanburg,0e5f68b5-5669-4bb1-91ce-4b967b620e7d,SAMMS-SpartanburgV5
202609012114520494,202609011903673745,202609011903672005,85,3008,Bronze INV,br_ReAssessment,TASK_COMPLETE,SUCCESS,INFO,0,0,0,,2026-09-01T19:04:17.664Z,2026-09-01T21:14:55.846Z,7838,2026-09-01T21:14:55.846Z,B39,Aiken,0e5f68b5-5669-4bb1-91ce-4b967b620e7d,SAMMS-AikenV5
202609012114520495,202609011903673746,202609011903672005,85,3009,Bronze INV,br_ReAssessment,TASK_COMPLETE,SUCCESS,INFO,0,0,0,,2026-09-01T19:04:17.664Z,2026-09-01T21:14:55.846Z,7838,2026-09-01T21:14:55.846Z,B41,Chesapeake,0e5f68b5-5669-4bb1-91ce-4b967b620e7d,SAMMS-ChesapeakeV5
202609012114520496,202609011903673747,202609011903672005,85,3010,Bronze INV,br_ReAssessment,TASK_COMPLETE,SUCCESS,INFO,0,0,0,,2026-09-01T19:04:17.664Z,2026-09-01T21:14:55.846Z,7838,2026-09-01T21:14:55.846Z,B42,Virginia Beach,0e5f68b5-5669-4bb1-91ce-4b967b620e7d,SAMMS-VirginiaBeachV5
202609012114520498,202609011903673748,202609011903672005,85,3011,Bronze INV,br_ReAssessment,TASK_COMPLETE,SUCCESS,INFO,0,0,0,,2026-09-01T19:04:17.664Z,2026-09-01T21:14:55.846Z,7838,2026-09-01T21:14:55.846Z,B42A,Newport News,0e5f68b5-5669-4bb1-91ce-4b967b620e7d,SAMMS-NewportNewsV5
202609012114520499,202609011903673749,202609011903672005,85,3012,Bronze INV,br_ReAssessment,TASK_COMPLETE,SUCCESS,INFO,0,0,0,,2026-09-01T19:04:17.664Z,2026-09-01T21:14:55.846Z,7838,2026-09-01T21:14:55.846Z,B42B,Franklin,0e5f68b5-5669-4bb1-91ce-4b967b620e7d,SAMMS-FranklinV5
202609012114520500,202609011903673750,202609011903672005,85,3013,Bronze INV,br_ReAssessment,TASK_COMPLETE,SUCCESS,INFO,0,0,0,,2026-09-01T19:04:17.664Z,2026-09-01T21:14:55.846Z,7838,2026-09-01T21:14:55.846Z,B42C,Glen Allen,0e5f68b5-5669-4bb1-91ce-4b967b620e7d,SAMMS-GlenAllenV5
202609012114520501,202609011903673751,202609011903672005,85,3014,Bronze INV,br_ReAssessment,TASK_COMPLETE,SUCCESS,INFO,0,0,0,,2026-09-01T19:04:17.664Z,2026-09-01T21:14:55.846Z,7838,2026-09-01T21:14:55.846Z,B42D,Chesapeake South,0e5f68b5-5669-4bb1-91ce-4b967b620e7d,SAMMS-ChesapeakeSouthV5
202609012114520502,202609011903673752,202609011903672005,85,3015,Bronze INV,br_ReAssessment,TASK_COMPLETE,SUCCESS,INFO,0,0,0,,2026-09-01T19:04:17.664Z,2026-09-01T21:14:55.846Z,7838,2026-09-01T21:14:55.846Z,B44,Albany,0e5f68b5-5669-4bb1-91ce-4b967b620e7d,SAMMS-AlbanyV5
202609012114520503,202609011903673753,202609011903672005,85,3016,Bronze INV,br_ReAssessment,TASK_COMPLETE,SUCCESS,INFO,0,0,0,,2026-09-01T19:04:17.664Z,2026-09-01T21:14:55.846Z,7838,2026-09-01T21:14:55.846Z,B45,Tifton,0e5f68b5-5669-4bb1-91ce-4b967b620e7d,SAMMS-TiftonV5
202609012114520504,202609011903673754,202609011903672005,85,3017,Bronze INV,br_ReAssessment,TASK_COMPLETE,SUCCESS,INFO,0,0,0,,2026-09-01T19:04:17.664Z,2026-09-01T21:14:55.846Z,7838,2026-09-01T21:14:55.846Z,B46,Washington DC,0e5f68b5-5669-4bb1-91ce-4b967b620e7d,SAMMS-WashingtonDCv5
202609012114520506,202609011903673755,202609011903672005,85,3018,Bronze INV,br_ReAssessment,TASK_COMPLETE,SUCCESS,INFO,0,0,0,,2026-09-01T19:04:17.664Z,2026-09-01T21:14:55.846Z,7838,2026-09-01T21:14:55.846Z,B47,Mobile,0e5f68b5-5669-4bb1-91ce-4b967b620e7d,SAMMS-MobileV5
202609012114520507,202609011903673756,202609011903672005,85,3019,Bronze INV,br_ReAssessment,TASK_COMPLETE,SUCCESS,INFO,0,0,0,,2026-09-01T19:04:17.664Z,2026-09-01T21:14:55.846Z,7838,2026-09-01T21:14:55.846Z,B48,Tuscaloosa,0e5f68b5-5669-4bb1-91ce-4b967b620e7d,SAMMS-TuscaloosaV5
202609012114520508,202609011903673757,202609011903672005,85,3028,Bronze INV,br_ReAssessment,TASK_COMPLETE,SUCCESS,INFO,0,0,0,,2026-09-01T19:04:17.664Z,2026-09-01T21:14:55.846Z,7838,2026-09-01T21:14:55.846Z,B51,N. Little Rock (OTP),0e5f68b5-5669-4bb1-91ce-4b967b620e7d,SAMMS-NorthLittleRockV6
202609012114520509,202609011903673758,202609011903672005,85,3029,Bronze INV,br_ReAssessment,TASK_COMPLETE,SUCCESS,INFO,0,0,0,,2026-09-01T19:04:17.664Z,2026-09-01T21:14:55.846Z,7838,2026-09-01T21:14:55.846Z,B52,Jackson GA,0e5f68b5-5669-4bb1-91ce-4b967b620e7d,SAMMS-JacksonGAV5
202609012114520510,202609011903673759,202609011903672005,85,3030,Bronze INV,br_ReAssessment,TASK_COMPLETE,SUCCESS,INFO,0,0,0,,2026-09-01T19:04:17.664Z,2026-09-01T21:14:55.846Z,7838,2026-09-01T21:14:55.846Z,B54,Gadsden,0e5f68b5-5669-4bb1-91ce-4b967b620e7d,SAMMS-GadsdenV5
202609012114520511,202609011903673760,202609011903672005,85,3031,Bronze INV,br_ReAssessment,TASK_COMPLETE,SUCCESS,INFO,0,0,0,,2026-09-01T19:04:17.664Z,2026-09-01T21:14:55.846Z,7838,2026-09-01T21:14:55.846Z,B55,Shoals,0e5f68b5-5669-4bb1-91ce-4b967b620e7d,SAMMS-ShoalsV5
202609012114520512,202609011903673761,202609011903672005,85,3032,Bronze INV,br_ReAssessment,TASK_COMPLETE,SUCCESS,INFO,0,0,0,,2026-09-01T19:04:17.664Z,2026-09-01T21:14:55.846Z,7838,2026-09-01T21:14:55.846Z,B57,Pawtucket,0e5f68b5-5669-4bb1-91ce-4b967b620e7d,SAMMS-Pawtucket
202609012114520514,202609011903673762,202609011903672005,85,3033,Bronze INV,br_ReAssessment,TASK_COMPLETE,SUCCESS,INFO,12,12,0,,2026-09-01T19:04:17.664Z,2026-09-01T21:14:55.846Z,7838,2026-09-01T21:14:55.846Z,B57A,Johnston,0e5f68b5-5669-4bb1-91ce-4b967b620e7d,SAMMS-Johnston
202609012114520515,202609011903673763,202609011903672005,85,3034,Bronze INV,br_ReAssessment,TASK_COMPLETE,SUCCESS,INFO,0,0,0,,2026-09-01T19:04:17.664Z,2026-09-01T21:14:55.846Z,7838,2026-09-01T21:14:55.846Z,B57B,Middletown,0e5f68b5-5669-4bb1-91ce-4b967b620e7d,SAMMS-Middletown
202609012114520516,202609011903673764,202609011903672005,85,3035,Bronze INV,br_ReAssessment,TASK_COMPLETE,SUCCESS,INFO,1,1,0,,2026-09-01T19:04:17.664Z,2026-09-01T21:14:55.846Z,7838,2026-09-01T21:14:55.846Z,B57C,Providence,0e5f68b5-5669-4bb1-91ce-4b967b620e7d,SAMMS-Providence
202609012114520517,202609011903673765,202609011903672005,85,3036,Bronze INV,br_ReAssessment,TASK_COMPLETE,SUCCESS,INFO,32,32,0,,2026-09-01T19:04:17.664Z,2026-09-01T21:14:55.846Z,7838,2026-09-01T21:14:55.846Z,B57D,Westerly,0e5f68b5-5669-4bb1-91ce-4b967b620e7d,SAMMS-Westerly
202609012114520518,202609011903673766,202609011903672005,85,3040,Bronze INV,br_ReAssessment,TASK_COMPLETE,SUCCESS,INFO,0,0,0,,2026-09-01T19:04:17.664Z,2026-09-01T21:14:55.846Z,7838,2026-09-01T21:14:55.846Z,B66A,Bremen,0e5f68b5-5669-4bb1-91ce-4b967b620e7d,SAMMS-Bremen
202609012114520519,202609011903673767,202609011903672005,85,3043,Bronze INV,br_ReAssessment,TASK_COMPLETE,SUCCESS,INFO,0,0,0,,2026-09-01T19:04:17.664Z,2026-09-01T21:14:55.846Z,7838,2026-09-01T21:14:55.846Z,B72,Mobile (OBOT),0e5f68b5-5669-4bb1-91ce-4b967b620e7d,SAMMS-Mobile-OBOT
202609012114520521,202609011903673768,202609011903672005,85,3044,Bronze INV,br_ReAssessment,TASK_COMPLETE,SUCCESS,INFO,0,0,0,,2026-09-01T19:04:17.664Z,2026-09-01T21:14:55.846Z,7838,2026-09-01T21:14:55.846Z,B73,Montgomery,0e5f68b5-5669-4bb1-91ce-4b967b620e7d,SAMMS-Montgomery
202609012114520522,202609011903673769,202609011903672005,85,3045,Bronze INV,br_ReAssessment,TASK_COMPLETE,SUCCESS,INFO,0,0,0,,2026-09-01T19:04:17.664Z,2026-09-01T21:14:55.846Z,7838,2026-09-01T21:14:55.846Z,B75,Lawrence,0e5f68b5-5669-4bb1-91ce-4b967b620e7d,SAMMS-LawrenceV6
202609012114520523,202609011903673770,202609011903672005,85,3046,Bronze INV,br_ReAssessment,TASK_COMPLETE,SUCCESS,INFO,0,0,0,,2026-09-01T19:04:17.664Z,2026-09-01T21:14:55.846Z,7838,2026-09-01T21:14:55.846Z,B76,Huntsville OBOT,0e5f68b5-5669-4bb1-91ce-4b967b620e7d,SAMMS-Huntsville-OBOT
202609012114520524,202609011903673771,202609011903672005,85,3047,Bronze INV,br_ReAssessment,TASK_COMPLETE,SUCCESS,INFO,0,0,0,,2026-09-01T19:04:17.664Z,2026-09-01T21:14:55.846Z,7838,2026-09-01T21:14:55.846Z,BAT,Batesville,0e5f68b5-5669-4bb1-91ce-4b967b620e7d,SAMMS-Batesville
202609012114520525,202609011903673772,202609011903672005,85,3048,Bronze INV,br_ReAssessment,TASK_COMPLETE,SUCCESS,INFO,0,0,0,,2026-09-01T19:04:17.664Z,2026-09-01T21:14:55.846Z,7838,2026-09-01T21:14:55.846Z,BG,Bowling Green,0e5f68b5-5669-4bb1-91ce-4b967b620e7d,SAMMS-BowlingGreen
202609012114520526,202609011903673773,202609011903672005,85,3049,Bronze INV,br_ReAssessment,TASK_COMPLETE,SUCCESS,INFO,0,0,0,,2026-09-01T19:04:17.664Z,2026-09-01T21:14:55.846Z,7838,2026-09-01T21:14:55.846Z,BOI,Boise,0e5f68b5-5669-4bb1-91ce-4b967b620e7d,SAMMS-Boise
202609012114520527,202609011903673774,202609011903672005,85,3056,Bronze INV,br_ReAssessment,TASK_COMPLETE,SUCCESS,INFO,0,0,0,,2026-09-01T19:04:17.664Z,2026-09-01T21:14:55.846Z,7838,2026-09-01T21:14:55.846Z,CBCO,Coeur dAlene,0e5f68b5-5669-4bb1-91ce-4b967b620e7d,SAMMS-CoeurdAleneV6
202609012114520529,202609011903673775,202609011903672005,85,3075,Bronze INV,br_ReAssessment,TASK_COMPLETE,SUCCESS,INFO,0,0,0,,2026-09-01T19:04:17.664Z,2026-09-01T21:14:55.846Z,7838,2026-09-01T21:14:55.846Z,CON,Conway,0e5f68b5-5669-4bb1-91ce-4b967b620e7d,SAMMS-Conway
202609012114520530,202609011903673776,202609011903672005,85,3076,Bronze INV,br_ReAssessment,TASK_COMPLETE,SUCCESS,INFO,0,0,0,,2026-09-01T19:04:17.664Z,2026-09-01T21:14:55.846Z,7838,2026-09-01T21:14:55.846Z,D07,Medical Services Knox TN,0e5f68b5-5669-4bb1-91ce-4b967b620e7d,SAMMS-KnoxvilleV6
202609012114520531,202609011903673777,202609011903672005,85,3077,Bronze INV,br_ReAssessment,TASK_COMPLETE,SUCCESS,INFO,0,0,0,,2026-09-01T19:04:17.664Z,2026-09-01T21:14:55.846Z,7838,2026-09-01T21:14:55.846Z,D08,Madison,0e5f68b5-5669-4bb1-91ce-4b967b620e7d,SAMMS-MadisonV6
202609012114520532,202609011903673778,202609011903672005,85,3079,Bronze INV,br_ReAssessment,TASK_COMPLETE,SUCCESS,INFO,0,0,0,,2026-09-01T19:04:17.664Z,2026-09-01T21:14:55.846Z,7838,2026-09-01T21:14:55.846Z,D09,Murfreesboro,0e5f68b5-5669-4bb1-91ce-4b967b620e7d,SAMMS-MurfreesboroV6
202609012114520533,202609011903673779,202609011903672005,85,3080,Bronze INV,br_ReAssessment,TASK_COMPLETE,SUCCESS,INFO,0,0,0,,2026-09-01T19:04:17.664Z,2026-09-01T21:14:55.846Z,7838,2026-09-01T21:14:55.846Z,DA,Davenport,0e5f68b5-5669-4bb1-91ce-4b967b620e7d,SAMMS-Davenport
202609012114520534,202609011903673780,202609011903672005,85,3081,Bronze INV,br_ReAssessment,TASK_COMPLETE,SUCCESS,INFO,0,0,0,,2026-09-01T19:04:17.664Z,2026-09-01T21:14:55.846Z,7838,2026-09-01T21:14:55.846Z,DM,Des Moines,0e5f68b5-5669-4bb1-91ce-4b967b620e7d,SAMMS-DesMoines
202609012114520535,202609011903673781,202609011903672005,85,3083,Bronze INV,br_ReAssessment,TASK_COMPLETE,SUCCESS,INFO,0,0,0,,2026-09-01T19:04:17.664Z,2026-09-01T21:14:55.846Z,7838,2026-09-01T21:14:55.846Z,DRD-CO,Columbia MO,0e5f68b5-5669-4bb1-91ce-4b967b620e7d,SAMMS-ColumbiaV5
202609012114520537,202609011903673782,202609011903672005,85,3084,Bronze INV,br_ReAssessment,TASK_COMPLETE,SUCCESS,INFO,0,0,0,,2026-09-01T19:04:17.664Z,2026-09-01T21:14:55.846Z,7838,2026-09-01T21:14:55.846Z,DRD-KC,KC,0e5f68b5-5669-4bb1-91ce-4b967b620e7d,SAMMS-KCv5
202609012114520538,202609011903673783,202609011903672005,85,3085,Bronze INV,br_ReAssessment,TASK_COMPLETE,SUCCESS,INFO,0,0,0,,2026-09-01T19:04:17.664Z,2026-09-01T21:14:55.846Z,7838,2026-09-01T21:14:55.846Z,DRD-KVB,KVB,0e5f68b5-5669-4bb1-91ce-4b967b620e7d,SAMMS-KVBv5
202609012114520539,202609011903673784,202609011903672005,85,3086,Bronze INV,br_ReAssessment,TASK_COMPLETE,SUCCESS,INFO,0,0,0,,2026-09-01T19:04:17.664Z,2026-09-01T21:14:55.846Z,7838,2026-09-01T21:14:55.846Z,DRD-KVC,KVC,0e5f68b5-5669-4bb1-91ce-4b967b620e7d,SAMMS-KVCv5
202609012114520540,202609011903673785,202609011903672005,85,3087,Bronze INV,br_ReAssessment,TASK_COMPLETE,SUCCESS,INFO,0,0,0,,2026-09-01T19:04:17.664Z,2026-09-01T21:14:55.846Z,7838,2026-09-01T21:14:55.846Z,DRD-NOLA,NOLA,0e5f68b5-5669-4bb1-91ce-4b967b620e7d,SAMMS-NOLAv5
202609012114520541,202609011903673786,202609011903672005,85,3088,Bronze INV,br_ReAssessment,TASK_COMPLETE,SUCCESS,INFO,0,0,0,,2026-09-01T19:04:17.664Z,2026-09-01T21:14:55.846Z,7838,2026-09-01T21:14:55.846Z,DRD-SF,Springfield,0e5f68b5-5669-4bb1-91ce-4b967b620e7d,SAMMS-SFv5
202609012114520542,202609011903673787,202609011903672005,85,3090,Bronze INV,br_ReAssessment,TASK_COMPLETE,SUCCESS,INFO,0,0,0,,2026-09-01T19:04:17.664Z,2026-09-01T21:14:55.846Z,7838,2026-09-01T21:14:55.846Z,ELC,Elizabeth City,0e5f68b5-5669-4bb1-91ce-4b967b620e7d,SAMMS-ElizabethCity
202609012114520544,202609011903673788,202609011903672005,85,3091,Bronze INV,br_ReAssessment,TASK_COMPLETE,SUCCESS,INFO,0,0,0,,2026-09-01T19:04:17.664Z,2026-09-01T21:14:55.846Z,7838,2026-09-01T21:14:55.846Z,ET,Elizabethtown,0e5f68b5-5669-4bb1-91ce-4b967b620e7d,SAMMS-Elizabethtown
202609012114520545,202609011903673789,202609011903672005,85,3092,Bronze INV,br_ReAssessment,TASK_COMPLETE,SUCCESS,INFO,0,0,0,,2026-09-01T19:04:17.664Z,2026-09-01T21:14:55.846Z,7838,2026-09-01T21:14:55.846Z,FAY,Fayetteville,0e5f68b5-5669-4bb1-91ce-4b967b620e7d,SAMMS-Fayetteville
202609012114520546,202609011903673790,202609011903672005,85,3093,Bronze INV,br_ReAssessment,TASK_COMPLETE,SUCCESS,INFO,0,0,0,,2026-09-01T19:04:17.664Z,2026-09-01T21:14:55.846Z,7838,2026-09-01T21:14:55.846Z,FR,Frankfort,0e5f68b5-5669-4bb1-91ce-4b967b620e7d,SAMMS-Frankfort
202609012114520547,202609011903673791,202609011903672005,85,3094,Bronze INV,br_ReAssessment,TASK_COMPLETE,SUCCESS,INFO,0,0,0,,2026-09-01T19:04:17.664Z,2026-09-01T21:14:55.846Z,7838,2026-09-01T21:14:55.846Z,FS,Fort Smith,0e5f68b5-5669-4bb1-91ce-4b967b620e7d,SAMMS-FortSmith
202609012114520548,202609011903673792,202609011903672005,85,3095,Bronze INV,br_ReAssessment,TASK_COMPLETE,SUCCESS,INFO,0,0,0,,2026-09-01T19:04:17.664Z,2026-09-01T21:14:55.846Z,7838,2026-09-01T21:14:55.846Z,FW,Fort Wayne,0e5f68b5-5669-4bb1-91ce-4b967b620e7d,SAMMS-FortWayne
202609012114520549,202609011903673793,202609011903672005,85,3096,Bronze INV,br_ReAssessment,TASK_COMPLETE,SUCCESS,INFO,0,0,0,,2026-09-01T19:04:17.664Z,2026-09-01T21:14:55.846Z,7838,2026-09-01T21:14:55.846Z,GAL,Gaylord,0e5f68b5-5669-4bb1-91ce-4b967b620e7d,SAMMS-Gaylord
202609012114520550,202609011903673794,202609011903672005,85,3100,Bronze INV,br_ReAssessment,TASK_COMPLETE,SUCCESS,INFO,0,0,0,,2026-09-01T19:04:17.664Z,2026-09-01T21:14:55.846Z,7838,2026-09-01T21:14:55.846Z,HGT,Hagerstown,0e5f68b5-5669-4bb1-91ce-4b967b620e7d,SAMMS-Hagerstown
202609012114520552,202609011903673795,202609011903672005,85,3101,Bronze INV,br_ReAssessment,TASK_COMPLETE,SUCCESS,INFO,0,0,0,,2026-09-01T19:04:17.664Z,2026-09-01T21:14:55.846Z,7838,2026-09-01T21:14:55.846Z,HNT,Huntsville,0e5f68b5-5669-4bb1-91ce-4b967b620e7d,SAMMS-Huntsville
202609012114520553,202609011903673796,202609011903672005,85,3102,Bronze INV,br_ReAssessment,TASK_COMPLETE,SUCCESS,INFO,0,0,0,,2026-09-01T19:04:17.664Z,2026-09-01T21:14:55.846Z,7838,2026-09-01T21:14:55.846Z,HS,Hot Springs,0e5f68b5-5669-4bb1-91ce-4b967b620e7d,SAMMS-HotSprings
202609012114520554,202609011903673797,202609011903672005,85,3103,Bronze INV,br_ReAssessment,TASK_COMPLETE,SUCCESS,INFO,0,0,0,,2026-09-01T19:04:17.664Z,2026-09-01T21:14:55.846Z,7838,2026-09-01T21:14:55.846Z,JON,Jonesboro,0e5f68b5-5669-4bb1-91ce-4b967b620e7d,SAMMS-Jonesboro
202609012114520555,202609011903673798,202609011903672005,85,3105,Bronze INV,br_ReAssessment,TASK_COMPLETE,SUCCESS,INFO,0,0,0,,2026-09-01T19:04:17.664Z,2026-09-01T21:14:55.846Z,7838,2026-09-01T21:14:55.846Z,LAN,Lansing,0e5f68b5-5669-4bb1-91ce-4b967b620e7d,SAMMS-Lansing
202609012114520556,202609011903673799,202609011903672005,85,3106,Bronze INV,br_ReAssessment,TASK_COMPLETE,SUCCESS,INFO,0,0,0,,2026-09-01T19:04:17.664Z,2026-09-01T21:14:55.846Z,7838,2026-09-01T21:14:55.846Z,LO,Louisville,0e5f68b5-5669-4bb1-91ce-4b967b620e7d,SAMMS-Louisville
202609012114520557,202609011903673800,202609011903672005,85,3107,Bronze INV,br_ReAssessment,TASK_COMPLETE,SUCCESS,INFO,0,0,0,,2026-09-01T19:04:17.664Z,2026-09-01T21:14:55.846Z,7838,2026-09-01T21:14:55.846Z,LV1,Cheyenne,0e5f68b5-5669-4bb1-91ce-4b967b620e7d,SAMMS-Cheyenne
202609012114520558,202609011903673801,202609011903672005,85,3108,Bronze INV,br_ReAssessment,TASK_COMPLETE,SUCCESS,INFO,0,0,0,,2026-09-01T19:04:17.664Z,2026-09-01T21:14:55.846Z,7838,2026-09-01T21:14:55.846Z,LV2,Desert Inn,0e5f68b5-5669-4bb1-91ce-4b967b620e7d,SAMMS-DesertInn
202609012114520560,202609011903673802,202609011903672005,85,3109,Bronze INV,br_ReAssessment,TASK_COMPLETE,SUCCESS,INFO,0,0,0,,2026-09-01T19:04:17.664Z,2026-09-01T21:14:55.846Z,7838,2026-09-01T21:14:55.846Z,LV3,McDaniel,0e5f68b5-5669-4bb1-91ce-4b967b620e7d,SAMMS-McDaniel
202609012114520561,202609011903673803,202609011903672005,85,3112,Bronze INV,br_ReAssessment,TASK_COMPLETE,SUCCESS,INFO,0,0,0,,2026-09-01T19:04:17.664Z,2026-09-01T21:14:55.846Z,7838,2026-09-01T21:14:55.846Z,MNRE,Monroe,0e5f68b5-5669-4bb1-91ce-4b967b620e7d,SAMMS-Monroe
202609012114520562,202609011903673804,202609011903672005,85,3113,Bronze INV,br_ReAssessment,TASK_COMPLETE,SUCCESS,INFO,0,0,0,,2026-09-01T19:04:17.664Z,2026-09-01T21:14:55.846Z,7838,2026-09-01T21:14:55.846Z,MP,Mt. Pleasant,0e5f68b5-5669-4bb1-91ce-4b967b620e7d,SAMMS-MtPleasant
202609012114520563,202609011903673805,202609011903672005,85,3114,Bronze INV,br_ReAssessment,TASK_COMPLETE,SUCCESS,INFO,0,0,0,,2026-09-01T19:04:17.664Z,2026-09-01T21:14:55.846Z,7838,2026-09-01T21:14:55.846Z,MRD,Meridian,0e5f68b5-5669-4bb1-91ce-4b967b620e7d,SAMMS-Meridian
202609012114520564,202609011903673806,202609011903672005,85,3119,Bronze INV,br_ReAssessment,TASK_COMPLETE,SUCCESS,INFO,0,0,0,,2026-09-01T19:04:17.664Z,2026-09-01T21:14:55.846Z,7838,2026-09-01T21:14:55.846Z,NC,North Charleston,0e5f68b5-5669-4bb1-91ce-4b967b620e7d,SAMMS-NorthCharleston
202609012114520565,202609011903673807,202609011903672005,85,3120,Bronze INV,br_ReAssessment,TASK_COMPLETE,SUCCESS,INFO,0,0,0,,2026-09-01T19:04:17.664Z,2026-09-01T21:14:55.846Z,7838,2026-09-01T21:14:55.846Z,NLR,N. Little Rock,0e5f68b5-5669-4bb1-91ce-4b967b620e7d,SAMMS-NLROBOT
202609012114520566,202609011903673808,202609011903672005,85,3121,Bronze INV,br_ReAssessment,TASK_COMPLETE,SUCCESS,INFO,0,0,0,,2026-09-01T19:04:17.664Z,2026-09-01T21:14:55.846Z,7838,2026-09-01T21:14:55.846Z,PH,Phoenix,0e5f68b5-5669-4bb1-91ce-4b967b620e7d,SAMMS-Phoenix
202609012114520568,202609011903673809,202609011903672005,85,3125,Bronze INV,br_ReAssessment,TASK_COMPLETE,SUCCESS,INFO,0,0,0,,2026-09-01T19:04:17.664Z,2026-09-01T21:14:55.846Z,7838,2026-09-01T21:14:55.846Z,RE,Reno,0e5f68b5-5669-4bb1-91ce-4b967b620e7d,SAMMS-Reno
202609012114520569,202609011903673810,202609011903672005,85,3126,Bronze INV,br_ReAssessment,TASK_COMPLETE,SUCCESS,INFO,0,0,0,,2026-09-01T19:04:17.664Z,2026-09-01T21:14:55.846Z,7838,2026-09-01T21:14:55.846Z,RMD,Richmond,0e5f68b5-5669-4bb1-91ce-4b967b620e7d,SAMMS-Richmond
202609012114520570,202609011903673811,202609011903672005,85,3127,Bronze INV,br_ReAssessment,TASK_COMPLETE,SUCCESS,INFO,0,0,0,,2026-09-01T19:04:17.664Z,2026-09-01T21:14:55.846Z,7838,2026-09-01T21:14:55.846Z,SFN,Springfield North,0e5f68b5-5669-4bb1-91ce-4b967b620e7d,SAMMS-SFNv5
202609032054004941,202609031904102534,202609031904101105,85,688,Bronze INV,br_AdmissionAssessmentDimensionFour,TASK_COMPLETE,SUCCESS,INFO,222,222,0,,2026-09-03T19:04:17.619Z,2026-09-03T20:54:05.052Z,6588,2026-09-03T20:54:05.052Z,DA,Davenport,48b34b87-69c2-467d-a88c-67aac910c539,SAMMS-Davenport
202609032054004943,202609031904102535,202609031904101105,85,689,Bronze INV,br_AdmissionAssessmentDimensionFour,TASK_COMPLETE,SUCCESS,INFO,355,355,0,,2026-09-03T19:04:17.619Z,2026-09-03T20:54:05.052Z,6588,2026-09-03T20:54:05.052Z,DM,Des Moines,48b34b87-69c2-467d-a88c-67aac910c539,SAMMS-DesMoines
202609032054004944,202609031904102536,202609031904101105,85,691,Bronze INV,br_AdmissionAssessmentDimensionFour,TASK_COMPLETE,SUCCESS,INFO,480,480,0,,2026-09-03T19:04:17.619Z,2026-09-03T20:54:05.052Z,6588,2026-09-03T20:54:05.052Z,DRD-CO,Columbia MO,48b34b87-69c2-467d-a88c-67aac910c539,SAMMS-ColumbiaV5
202609032054004945,202609031904102537,202609031904101105,85,692,Bronze INV,br_AdmissionAssessmentDimensionFour,TASK_COMPLETE,SUCCESS,INFO,594,594,0,,2026-09-03T19:04:17.619Z,2026-09-03T20:54:05.052Z,6588,2026-09-03T20:54:05.052Z,DRD-KC,KC,48b34b87-69c2-467d-a88c-67aac910c539,SAMMS-KCv5
202609032054004946,202609031904102538,202609031904101105,85,693,Bronze INV,br_AdmissionAssessmentDimensionFour,TASK_COMPLETE,SUCCESS,INFO,951,951,0,,2026-09-03T19:04:17.619Z,2026-09-03T20:54:05.052Z,6588,2026-09-03T20:54:05.052Z,DRD-KVB,KVB,48b34b87-69c2-467d-a88c-67aac910c539,SAMMS-KVBv5
202609032054004947,202609031904102539,202609031904101105,85,694,Bronze INV,br_AdmissionAssessmentDimensionFour,TASK_COMPLETE,SUCCESS,INFO,1573,1573,0,,2026-09-03T19:04:17.619Z,2026-09-03T20:54:05.052Z,6588,2026-09-03T20:54:05.052Z,DRD-KVC,KVC,48b34b87-69c2-467d-a88c-67aac910c539,SAMMS-KVCv5
202609032054004948,202609031904102540,202609031904101105,85,695,Bronze INV,br_AdmissionAssessmentDimensionFour,TASK_COMPLETE,SUCCESS,INFO,1257,1257,0,,2026-09-03T19:04:17.619Z,2026-09-03T20:54:05.052Z,6588,2026-09-03T20:54:05.052Z,DRD-NOLA,NOLA,48b34b87-69c2-467d-a88c-67aac910c539,SAMMS-NOLAv5
202609032054004949,202609031904102541,202609031904101105,85,696,Bronze INV,br_AdmissionAssessmentDimensionFour,TASK_COMPLETE,SUCCESS,INFO,747,747,0,,2026-09-03T19:04:17.619Z,2026-09-03T20:54:05.052Z,6588,2026-09-03T20:54:05.052Z,DRD-SF,Springfield,48b34b87-69c2-467d-a88c-67aac910c539,SAMMS-SFv5
202609032054004951,202609031904102542,202609031904101105,85,698,Bronze INV,br_AdmissionAssessmentDimensionFour,TASK_COMPLETE,SUCCESS,INFO,250,250,0,,2026-09-03T19:04:17.619Z,2026-09-03T20:54:05.052Z,6588,2026-09-03T20:54:05.052Z,ELC,Elizabeth City,48b34b87-69c2-467d-a88c-67aac910c539,SAMMS-ElizabethCity
202609032054004952,202609031904102543,202609031904101105,85,699,Bronze INV,br_AdmissionAssessmentDimensionFour,TASK_COMPLETE,SUCCESS,INFO,263,263,0,,2026-09-03T19:04:17.619Z,2026-09-03T20:54:05.052Z,6588,2026-09-03T20:54:05.052Z,ET,Elizabethtown,48b34b87-69c2-467d-a88c-67aac910c539,SAMMS-Elizabethtown
202609032054004953,202609031904102544,202609031904101105,85,700,Bronze INV,br_AdmissionAssessmentDimensionFour,TASK_COMPLETE,SUCCESS,INFO,230,230,0,,2026-09-03T19:04:17.619Z,2026-09-03T20:54:05.052Z,6588,2026-09-03T20:54:05.052Z,FAY,Fayetteville,48b34b87-69c2-467d-a88c-67aac910c539,SAMMS-Fayetteville
202609032054004954,202609031904102545,202609031904101105,85,701,Bronze INV,br_AdmissionAssessmentDimensionFour,TASK_COMPLETE,SUCCESS,INFO,178,178,0,,2026-09-03T19:04:17.619Z,2026-09-03T20:54:05.052Z,6588,2026-09-03T20:54:05.052Z,FR,Frankfort,48b34b87-69c2-467d-a88c-67aac910c539,SAMMS-Frankfort
202609032054004955,202609031904102546,202609031904101105,85,702,Bronze INV,br_AdmissionAssessmentDimensionFour,TASK_COMPLETE,SUCCESS,INFO,283,283,0,,2026-09-03T19:04:17.619Z,2026-09-03T20:54:05.052Z,6588,2026-09-03T20:54:05.052Z,FS,Fort Smith,48b34b87-69c2-467d-a88c-67aac910c539,SAMMS-FortSmith
202609032054004956,202609031904102547,202609031904101105,85,703,Bronze INV,br_AdmissionAssessmentDimensionFour,TASK_COMPLETE,SUCCESS,INFO,685,685,0,,2026-09-03T19:04:17.619Z,2026-09-03T20:54:05.052Z,6588,2026-09-03T20:54:05.052Z,FW,Fort Wayne,48b34b87-69c2-467d-a88c-67aac910c539,SAMMS-FortWayne
202609032054004957,202609031904102548,202609031904101105,85,704,Bronze INV,br_AdmissionAssessmentDimensionFour,TASK_COMPLETE,SUCCESS,INFO,102,102,0,,2026-09-03T19:04:17.619Z,2026-09-03T20:54:05.052Z,6588,2026-09-03T20:54:05.052Z,GAL,Gaylord,48b34b87-69c2-467d-a88c-67aac910c539,SAMMS-Gaylord
202609032054004959,202609031904102549,202609031904101105,85,708,Bronze INV,br_AdmissionAssessmentDimensionFour,TASK_COMPLETE,SUCCESS,INFO,620,620,0,,2026-09-03T19:04:17.619Z,2026-09-03T20:54:05.052Z,6588,2026-09-03T20:54:05.052Z,HGT,Hagerstown,48b34b87-69c2-467d-a88c-67aac910c539,SAMMS-Hagerstown
202609032054004960,202609031904102550,202609031904101105,85,709,Bronze INV,br_AdmissionAssessmentDimensionFour,TASK_COMPLETE,SUCCESS,INFO,482,482,0,,2026-09-03T19:04:17.619Z,2026-09-03T20:54:05.052Z,6588,2026-09-03T20:54:05.052Z,HNT,Huntsville,48b34b87-69c2-467d-a88c-67aac910c539,SAMMS-Huntsville
202609032054004961,202609031904102551,202609031904101105,85,710,Bronze INV,br_AdmissionAssessmentDimensionFour,TASK_COMPLETE,SUCCESS,INFO,308,308,0,,2026-09-03T19:04:17.619Z,2026-09-03T20:54:05.052Z,6588,2026-09-03T20:54:05.052Z,HS,Hot Springs,48b34b87-69c2-467d-a88c-67aac910c539,SAMMS-HotSprings
202609032054004962,202609031904102552,202609031904101105,85,711,Bronze INV,br_AdmissionAssessmentDimensionFour,TASK_COMPLETE,SUCCESS,INFO,269,269,0,,2026-09-03T19:04:17.619Z,2026-09-03T20:54:05.052Z,6588,2026-09-03T20:54:05.052Z,JON,Jonesboro,48b34b87-69c2-467d-a88c-67aac910c539,SAMMS-Jonesboro
202609032054004964,202609031904102553,202609031904101105,85,713,Bronze INV,br_AdmissionAssessmentDimensionFour,TASK_COMPLETE,SUCCESS,INFO,155,155,0,,2026-09-03T19:04:17.619Z,2026-09-03T20:54:05.052Z,6588,2026-09-03T20:54:05.052Z,LAN,Lansing,48b34b87-69c2-467d-a88c-67aac910c539,SAMMS-Lansing
202609032054004965,202609031904102554,202609031904101105,85,714,Bronze INV,br_AdmissionAssessmentDimensionFour,TASK_COMPLETE,SUCCESS,INFO,427,427,0,,2026-09-03T19:04:17.619Z,2026-09-03T20:54:05.052Z,6588,2026-09-03T20:54:05.052Z,LO,Louisville,48b34b87-69c2-467d-a88c-67aac910c539,SAMMS-Louisville
202609032054004967,202609031904102555,202609031904101105,85,715,Bronze INV,br_AdmissionAssessmentDimensionFour,TASK_COMPLETE,SUCCESS,INFO,1163,1163,0,,2026-09-03T19:04:17.619Z,2026-09-03T20:54:05.052Z,6588,2026-09-03T20:54:05.052Z,LV1,Cheyenne,48b34b87-69c2-467d-a88c-67aac910c539,SAMMS-Cheyenne
202609032054004968,202609031904102556,202609031904101105,85,716,Bronze INV,br_AdmissionAssessmentDimensionFour,TASK_COMPLETE,SUCCESS,INFO,931,931,0,,2026-09-03T19:04:17.619Z,2026-09-03T20:54:05.052Z,6588,2026-09-03T20:54:05.052Z,LV2,Desert Inn,48b34b87-69c2-467d-a88c-67aac910c539,SAMMS-DesertInn
202609032054004969,202609031904102557,202609031904101105,85,717,Bronze INV,br_AdmissionAssessmentDimensionFour,TASK_COMPLETE,SUCCESS,INFO,309,309,0,,2026-09-03T19:04:17.619Z,2026-09-03T20:54:05.052Z,6588,2026-09-03T20:54:05.052Z,LV3,McDaniel,48b34b87-69c2-467d-a88c-67aac910c539,SAMMS-McDaniel
202609032054004970,202609031904102558,202609031904101105,85,720,Bronze INV,br_AdmissionAssessmentDimensionFour,TASK_COMPLETE,SUCCESS,INFO,269,269,0,,2026-09-03T19:04:17.619Z,2026-09-03T20:54:05.052Z,6588,2026-09-03T20:54:05.052Z,MNRE,Monroe,48b34b87-69c2-467d-a88c-67aac910c539,SAMMS-Monroe
202609032054004971,202609031904102559,202609031904101105,85,721,Bronze INV,br_AdmissionAssessmentDimensionFour,TASK_COMPLETE,SUCCESS,INFO,121,121,0,,2026-09-03T19:04:17.619Z,2026-09-03T20:54:05.052Z,6588,2026-09-03T20:54:05.052Z,MP,Mt. Pleasant,48b34b87-69c2-467d-a88c-67aac910c539,SAMMS-MtPleasant
202609032054004972,202609031904102560,202609031904101105,85,722,Bronze INV,br_AdmissionAssessmentDimensionFour,TASK_COMPLETE,SUCCESS,INFO,173,173,0,,2026-09-03T19:04:17.619Z,2026-09-03T20:54:05.052Z,6588,2026-09-03T20:54:05.052Z,MRD,Meridian,48b34b87-69c2-467d-a88c-67aac910c539,SAMMS-Meridian
202609032054004974,202609031904102561,202609031904101105,85,727,Bronze INV,br_AdmissionAssessmentDimensionFour,TASK_COMPLETE,SUCCESS,INFO,644,644,0,,2026-09-03T19:04:17.619Z,2026-09-03T20:54:05.052Z,6588,2026-09-03T20:54:05.052Z,NC,North Charleston,48b34b87-69c2-467d-a88c-67aac910c539,SAMMS-NorthCharleston
202609032054004975,202609031904102562,202609031904101105,85,728,Bronze INV,br_AdmissionAssessmentDimensionFour,TASK_COMPLETE,SUCCESS,INFO,576,576,0,,2026-09-03T19:04:17.619Z,2026-09-03T20:54:05.052Z,6588,2026-09-03T20:54:05.052Z,NLR,N. Little Rock,48b34b87-69c2-467d-a88c-67aac910c539,SAMMS-NLROBOT
202609032054004976,202609031904102563,202609031904101105,85,729,Bronze INV,br_AdmissionAssessmentDimensionFour,TASK_COMPLETE,SUCCESS,INFO,234,234,0,,2026-09-03T19:04:17.619Z,2026-09-03T20:54:05.052Z,6588,2026-09-03T20:54:05.052Z,PH,Phoenix,48b34b87-69c2-467d-a88c-67aac910c539,SAMMS-Phoenix
202609032054004977,202609031904102564,202609031904101105,85,733,Bronze INV,br_AdmissionAssessmentDimensionFour,TASK_COMPLETE,SUCCESS,INFO,407,407,0,,2026-09-03T19:04:17.619Z,2026-09-03T20:54:05.052Z,6588,2026-09-03T20:54:05.052Z,RE,Reno,48b34b87-69c2-467d-a88c-67aac910c539,SAMMS-Reno
202609032054004978,202609031904102565,202609031904101105,85,734,Bronze INV,br_AdmissionAssessmentDimensionFour,TASK_COMPLETE,SUCCESS,INFO,388,388,0,,2026-09-03T19:04:17.619Z,2026-09-03T20:54:05.052Z,6588,2026-09-03T20:54:05.052Z,RMD,Richmond,48b34b87-69c2-467d-a88c-67aac910c539,SAMMS-Richmond
202609032054004979,202609031904102566,202609031904101105,85,735,Bronze INV,br_AdmissionAssessmentDimensionFour,TASK_COMPLETE,SUCCESS,INFO,491,491,0,,2026-09-03T19:04:17.619Z,2026-09-03T20:54:05.052Z,6588,2026-09-03T20:54:05.052Z,SFN,Springfield North,48b34b87-69c2-467d-a88c-67aac910c539,SAMMS-SFNv5
202609032054004980,202609031904102567,202609031904101105,85,736,Bronze INV,br_AdmissionAssessmentDimensionFour,TASK_COMPLETE,SUCCESS,INFO,446,446,0,,2026-09-03T19:04:17.619Z,2026-09-03T20:54:05.052Z,6588,2026-09-03T20:54:05.052Z,SHP,Shreveport,48b34b87-69c2-467d-a88c-67aac910c539,SAMMS-Shreveport
202609032054004982,202609031904102568,202609031904101105,85,738,Bronze INV,br_AdmissionAssessmentDimensionFour,TASK_COMPLETE,SUCCESS,INFO,80,80,0,,2026-09-03T19:04:17.619Z,2026-09-03T20:54:05.052Z,6588,2026-09-03T20:54:05.052Z,STN,Staunton,48b34b87-69c2-467d-a88c-67aac910c539,SAMMS-Staunton
202609032054004983,202609031904102569,202609031904101105,85,739,Bronze INV,br_AdmissionAssessmentDimensionFour,TASK_COMPLETE,SUCCESS,INFO,52,52,0,,2026-09-03T19:04:17.619Z,2026-09-03T20:54:05.052Z,6588,2026-09-03T20:54:05.052Z,STVN,Stevenson,48b34b87-69c2-467d-a88c-67aac910c539,SAMMS-Stevenson
202609032054004984,202609031904102570,202609031904101105,85,741,Bronze INV,br_AdmissionAssessmentDimensionFour,TASK_COMPLETE,SUCCESS,INFO,70,70,0,,2026-09-03T19:04:17.619Z,2026-09-03T20:54:05.052Z,6588,2026-09-03T20:54:05.052Z,TE,Tempe,48b34b87-69c2-467d-a88c-67aac910c539,SAMMS-Tempe
202609032054004985,202609031904102571,202609031904101105,85,742,Bronze INV,br_AdmissionAssessmentDimensionFour,TASK_COMPLETE,SUCCESS,INFO,368,368,0,,2026-09-03T19:04:17.619Z,2026-09-03T20:54:05.052Z,6588,2026-09-03T20:54:05.052Z,TEX,Texarkana,48b34b87-69c2-467d-a88c-67aac910c539,SAMMS-Texarkana
202609032054004986,202609031904102572,202609031904101105,85,743,Bronze INV,br_AdmissionAssessmentDimensionFour,TASK_COMPLETE,SUCCESS,INFO,422,422,0,,2026-09-03T19:04:17.619Z,2026-09-03T20:54:05.052Z,6588,2026-09-03T20:54:05.052Z,TTCA,Bessemer,48b34b87-69c2-467d-a88c-67aac910c539,SAMMS-BessemerV5
202609032054004987,202609031904102573,202609031904101105,85,744,Bronze INV,br_AdmissionAssessmentDimensionFour,TASK_COMPLETE,SUCCESS,INFO,551,551,0,,2026-09-03T19:04:17.619Z,2026-09-03T20:54:05.052Z,6588,2026-09-03T20:54:05.052Z,TTCB,Cullman,48b34b87-69c2-467d-a88c-67aac910c539,SAMMS-CullmanV5
202609032054004988,202609031904102574,202609031904101105,85,745,Bronze INV,br_AdmissionAssessmentDimensionFour,TASK_COMPLETE,SUCCESS,INFO,300,300,0,,2026-09-03T19:04:17.619Z,2026-09-03T20:54:05.052Z,6588,2026-09-03T20:54:05.052Z,TTCC,Grand Bay,48b34b87-69c2-467d-a88c-67aac910c539,SAMMS-GrandBay
202609032054004989,202609031904102575,202609031904101105,85,746,Bronze INV,br_AdmissionAssessmentDimensionFour,TASK_COMPLETE,SUCCESS,INFO,22,22,0,,2026-09-03T19:04:17.619Z,2026-09-03T20:54:05.052Z,6588,2026-09-03T20:54:05.052Z,TU,Tucson,48b34b87-69c2-467d-a88c-67aac910c539,SAMMS-Tucson
202609032054004991,202609031904102576,202609031904101105,85,748,Bronze INV,br_AdmissionAssessmentDimensionFour,TASK_COMPLETE,SUCCESS,INFO,253,253,0,,2026-09-03T19:04:17.619Z,2026-09-03T20:54:05.052Z,6588,2026-09-03T20:54:05.052Z,V1,Memphis South,48b34b87-69c2-467d-a88c-67aac910c539,SAMMS-VCPHCS-I-MemphisV5
202609032054004992,202609031904102577,202609031904101105,85,749,Bronze INV,br_AdmissionAssessmentDimensionFour,TASK_COMPLETE,SUCCESS,INFO,695,695,0,,2026-09-03T19:04:17.619Z,2026-09-03T20:54:05.052Z,6588,2026-09-03T20:54:05.052Z,V10,Longmont,48b34b87-69c2-467d-a88c-67aac910c539,SAMMS-BoulderV5
202609032054004993,202609031904102578,202609031904101105,85,750,Bronze INV,br_AdmissionAssessmentDimensionFour,TASK_COMPLETE,SUCCESS,INFO,1193,1193,0,,2026-09-03T19:04:17.619Z,2026-09-03T20:54:05.052Z,6588,2026-09-03T20:54:05.052Z,V10A,Fort Collins,48b34b87-69c2-467d-a88c-67aac910c539,SAMMS-FortCollinsV5
202609032054004994,202609031904102579,202609031904101105,85,751,Bronze INV,br_AdmissionAssessmentDimensionFour,TASK_COMPLETE,SUCCESS,INFO,992,992,0,,2026-09-03T19:04:17.619Z,2026-09-03T20:54:05.052Z,6588,2026-09-03T20:54:05.052Z,V11,Westminster,48b34b87-69c2-467d-a88c-67aac910c539,SAMMS-VCPHCS-XI-NorthDenverV5
202609032054004995,202609031904102580,202609031904101105,85,752,Bronze INV,br_AdmissionAssessmentDimensionFour,TASK_COMPLETE,SUCCESS,INFO,1058,1058,0,,2026-09-03T19:04:17.619Z,2026-09-03T20:54:05.052Z,6588,2026-09-03T20:54:05.052Z,V12,Downtown Denver,48b34b87-69c2-467d-a88c-67aac910c539,SAMMS-VCPHCS-XII-DowntownDenverV5
202609032054004996,202609031904102581,202609031904101105,85,753,Bronze INV,br_AdmissionAssessmentDimensionFour,TASK_COMPLETE,SUCCESS,INFO,476,476,0,,2026-09-03T19:04:17.619Z,2026-09-03T20:54:05.052Z,6588,2026-09-03T20:54:05.052Z,V12A,Centennial,48b34b87-69c2-467d-a88c-67aac910c539,SAMMS-CentennialV5
202609032054004997,202609031904102582,202609031904101105,85,754,Bronze INV,br_AdmissionAssessmentDimensionFour,TASK_COMPLETE,SUCCESS,INFO,295,295,0,,2026-09-03T19:04:17.619Z,2026-09-03T20:54:05.052Z,6588,2026-09-03T20:54:05.052Z,V14,Overland Park,48b34b87-69c2-467d-a88c-67aac910c539,SAMMS-VCPHCS-XIV-BridgewayV5
202609032054004999,202609031904102583,202609031904101105,85,755,Bronze INV,br_AdmissionAssessmentDimensionFour,TASK_COMPLETE,SUCCESS,INFO,570,570,0,,2026-09-03T19:04:17.619Z,2026-09-03T20:54:05.052Z,6588,2026-09-03T20:54:05.052Z,V15,Joplin,48b34b87-69c2-467d-a88c-67aac910c539,SAMMS-JoplinV5
202609032054005000,202609031904102584,202609031904101105,85,757,Bronze INV,br_AdmissionAssessmentDimensionFour,TASK_COMPLETE,SUCCESS,INFO,473,473,0,,2026-09-03T19:04:17.619Z,2026-09-03T20:54:05.052Z,6588,2026-09-03T20:54:05.052Z,V17,Columbia TN,48b34b87-69c2-467d-a88c-67aac910c539,SAMMS-ColumbiaTNv5
202609032054005001,202609031904102585,202609031904101105,85,759,Bronze INV,br_AdmissionAssessmentDimensionFour,TASK_COMPLETE,SUCCESS,INFO,415,415,0,,2026-09-03T19:04:17.619Z,2026-09-03T20:54:05.052Z,6588,2026-09-03T20:54:05.052Z,V19,Jackson,48b34b87-69c2-467d-a88c-67aac910c539,SAMMS-JacksonV5
202609032054005002,202609031904102586,202609031904101105,85,761,Bronze INV,br_AdmissionAssessmentDimensionFour,TASK_COMPLETE,SUCCESS,INFO,485,485,0,,2026-09-03T19:04:17.619Z,2026-09-03T20:54:05.052Z,6588,2026-09-03T20:54:05.052Z,V20,Paris,48b34b87-69c2-467d-a88c-67aac910c539,SAMMS-ParisV5
202609032054005003,202609031904102587,202609031904101105,85,762,Bronze INV,br_AdmissionAssessmentDimensionFour,TASK_COMPLETE,SUCCESS,INFO,360,360,0,,2026-09-03T19:04:17.619Z,2026-09-03T20:54:05.052Z,6588,2026-09-03T20:54:05.052Z,V21,Memphis North,48b34b87-69c2-467d-a88c-67aac910c539,SAMMS-RaleighV5
202609032054005004,202609031904102588,202609031904101105,85,765,Bronze INV,br_AdmissionAssessmentDimensionFour,TASK_COMPLETE,SUCCESS,INFO,699,699,0,,2026-09-03T19:04:17.619Z,2026-09-03T20:54:05.052Z,6588,2026-09-03T20:54:05.052Z,V5,West Bank,48b34b87-69c2-467d-a88c-67aac910c539,SAMMS-NONTCv5
202609032054005005,202609031904102589,202609031904101105,85,767,Bronze INV,br_AdmissionAssessmentDimensionFour,TASK_COMPLETE,SUCCESS,INFO,253,253,0,,2026-09-03T19:04:17.619Z,2026-09-03T20:54:05.052Z,6588,2026-09-03T20:54:05.052Z,V5B,Houma,48b34b87-69c2-467d-a88c-67aac910c539,SAMMS-HoumaV6
202609032054005006,202609031904102590,202609031904101105,85,768,Bronze INV,br_AdmissionAssessmentDimensionFour,TASK_COMPLETE,SUCCESS,INFO,953,953,0,,2026-09-03T19:04:17.619Z,2026-09-03T20:54:05.052Z,6588,2026-09-03T20:54:05.052Z,V6,Lake Charles,48b34b87-69c2-467d-a88c-67aac910c539,SAMMS-LCv5
202609032054005008,202609031904102591,202609031904101105,85,770,Bronze INV,br_AdmissionAssessmentDimensionFour,TASK_COMPLETE,SUCCESS,INFO,565,565,0,,2026-09-03T19:04:17.619Z,2026-09-03T20:54:05.052Z,6588,2026-09-03T20:54:05.052Z,V8,Memphis Midtown,48b34b87-69c2-467d-a88c-67aac910c539,SAMMS-VCPHCS-VIII-MemphisV5
202609032054005009,202609031904102592,202609031904101105,85,771,Bronze INV,br_AdmissionAssessmentDimensionFour,TASK_COMPLETE,SUCCESS,INFO,1577,1577,0,,2026-09-03T19:04:17.619Z,2026-09-03T20:54:05.052Z,6588,2026-09-03T20:54:05.052Z,V9,Nashville,48b34b87-69c2-467d-a88c-67aac910c539,SAMMS-NashvilleV5
202609032054005010,202609031904102593,202609031904101105,85,772,Bronze INV,br_AdmissionAssessmentDimensionFour,TASK_COMPLETE,SUCCESS,INFO,330,330,0,,2026-09-03T19:04:17.619Z,2026-09-03T20:54:05.052Z,6588,2026-09-03T20:54:05.052Z,VBRA,Brainerd,48b34b87-69c2-467d-a88c-67aac910c539,SAMMS-BrainerdV6
202609032054005011,202609031904102594,202609031904101105,85,773,Bronze INV,br_AdmissionAssessmentDimensionFour,TASK_COMPLETE,SUCCESS,INFO,591,591,0,,2026-09-03T19:04:17.619Z,2026-09-03T20:54:05.052Z,6588,2026-09-03T20:54:05.052Z,VBRP,Brooklyn Park,48b34b87-69c2-467d-a88c-67aac910c539,SAMMS-BrooklynParkV6
202609032054005012,202609031904102595,202609031904101105,85,775,Bronze INV,br_AdmissionAssessmentDimensionFour,TASK_COMPLETE,SUCCESS,INFO,571,571,0,,2026-09-03T19:04:17.619Z,2026-09-03T20:54:05.052Z,6588,2026-09-03T20:54:05.052Z,VMIN,Minneapolis,48b34b87-69c2-467d-a88c-67aac910c539,SAMMS-MinneapolisV6
202609032054005013,202609031904102596,202609031904101105,85,776,Bronze INV,br_AdmissionAssessmentDimensionFour,TASK_COMPLETE,SUCCESS,INFO,1059,1059,0,,2026-09-03T19:04:17.619Z,2026-09-03T20:54:05.052Z,6588,2026-09-03T20:54:05.052Z,VWBY,Woodbury,48b34b87-69c2-467d-a88c-67aac910c539,SAMMS-WoodburyV6
202609032054005014,202609031904102597,202609031904101105,85,778,Bronze INV,br_AdmissionAssessmentDimensionFour,TASK_COMPLETE,SUCCESS,INFO,433,433,0,,2026-09-03T19:04:17.619Z,2026-09-03T20:54:05.052Z,6588,2026-09-03T20:54:05.052Z,WIL,Wilson,48b34b87-69c2-467d-a88c-67aac910c539,SAMMS-Wilson
202609032054005016,202609031904102598,202609031904101105,85,414,Bronze INV,br_AdmissionAssessmentDimensionFiveSubstanceUse,TASK_COMPLETE,SUCCESS,INFO,99,99,0,,2026-09-03T19:04:17.619Z,2026-09-03T20:54:05.052Z,6588,2026-09-03T20:54:05.052Z,AHK,Ahoskie,48b34b87-69c2-467d-a88c-67aac910c539,SAMMS-Ahoskie
202609032054005017,202609031904102599,202609031904101105,85,415,Bronze INV,br_AdmissionAssessmentDimensionFiveSubstanceUse,TASK_COMPLETE,SUCCESS,INFO,799,799,0,,2026-09-03T19:04:17.619Z,2026-09-03T20:54:05.052Z,6588,2026-09-03T20:54:05.052Z,B12B,Colorado Springs,48b34b87-69c2-467d-a88c-67aac910c539,SAMMS-ColoradoSpringsV5
202609032054005018,202609031904102600,202609031904101105,85,416,Bronze INV,br_AdmissionAssessmentDimensionFiveSubstanceUse,TASK_COMPLETE,SUCCESS,INFO,412,412,0,,2026-09-03T19:04:17.619Z,2026-09-03T20:54:05.052Z,6588,2026-09-03T20:54:05.052Z,B24,Paintsville,48b34b87-69c2-467d-a88c-67aac910c539,SAMMS-PaintsvilleV5
202609032054005019,202609031904102601,202609031904101105,85,417,Bronze INV,br_AdmissionAssessmentDimensionFiveSubstanceUse,TASK_COMPLETE,SUCCESS,INFO,171,171,0,,2026-09-03T19:04:17.619Z,2026-09-03T20:54:05.052Z,6588,2026-09-03T20:54:05.052Z,B25,Pikeville,48b34b87-69c2-467d-a88c-67aac910c539,SAMMS-PikevilleV5
202609032054004782,202609031904102398,202609031904101105,85,1189,Bronze INV,br_AdmissionAssessmentDimensionThree,TASK_COMPLETE,SUCCESS,INFO,157,157,0,,2026-09-03T19:04:17.619Z,2026-09-03T20:54:05.052Z,6588,2026-09-03T20:54:05.052Z,B52,Jackson GA,48b34b87-69c2-467d-a88c-67aac910c539,SAMMS-JacksonGAV5
202609032054004783,202609031904102399,202609031904101105,85,1190,Bronze INV,br_AdmissionAssessmentDimensionThree,TASK_COMPLETE,SUCCESS,INFO,481,481,0,,2026-09-03T19:04:17.619Z,2026-09-03T20:54:05.052Z,6588,2026-09-03T20:54:05.052Z,B54,Gadsden,48b34b87-69c2-467d-a88c-67aac910c539,SAMMS-GadsdenV5
202609032054004784,202609031904102400,202609031904101105,85,1191,Bronze INV,br_AdmissionAssessmentDimensionThree,TASK_COMPLETE,SUCCESS,INFO,486,486,0,,2026-09-03T19:04:17.619Z,2026-09-03T20:54:05.052Z,6588,2026-09-03T20:54:05.052Z,B55,Shoals,48b34b87-69c2-467d-a88c-67aac910c539,SAMMS-ShoalsV5
202609032054004785,202609031904102401,202609031904101105,85,1192,Bronze INV,br_AdmissionAssessmentDimensionThree,TASK_COMPLETE,SUCCESS,INFO,180,180,0,,2026-09-03T19:04:17.619Z,2026-09-03T20:54:05.052Z,6588,2026-09-03T20:54:05.052Z,B57,Pawtucket,48b34b87-69c2-467d-a88c-67aac910c539,SAMMS-Pawtucket
202609032054004786,202609031904102402,202609031904101105,85,1193,Bronze INV,br_AdmissionAssessmentDimensionThree,TASK_COMPLETE,SUCCESS,INFO,170,170,0,,2026-09-03T19:04:17.619Z,2026-09-03T20:54:05.052Z,6588,2026-09-03T20:54:05.052Z,B57A,Johnston,48b34b87-69c2-467d-a88c-67aac910c539,SAMMS-Johnston
202609032054004787,202609031904102403,202609031904101105,85,1194,Bronze INV,br_AdmissionAssessmentDimensionThree,TASK_COMPLETE,SUCCESS,INFO,88,88,0,,2026-09-03T19:04:17.619Z,2026-09-03T20:54:05.052Z,6588,2026-09-03T20:54:05.052Z,B57B,Middletown,48b34b87-69c2-467d-a88c-67aac910c539,SAMMS-Middletown
202609032054004788,202609031904102404,202609031904101105,85,1195,Bronze INV,br_AdmissionAssessmentDimensionThree,TASK_COMPLETE,SUCCESS,INFO,178,178,0,,2026-09-03T19:04:17.619Z,2026-09-03T20:54:05.052Z,6588,2026-09-03T20:54:05.052Z,B57C,Providence,48b34b87-69c2-467d-a88c-67aac910c539,SAMMS-Providence
202609032054004789,202609031904102405,202609031904101105,85,1196,Bronze INV,br_AdmissionAssessmentDimensionThree,TASK_COMPLETE,SUCCESS,INFO,258,258,0,,2026-09-03T19:04:17.619Z,2026-09-03T20:54:05.052Z,6588,2026-09-03T20:54:05.052Z,B57D,Westerly,48b34b87-69c2-467d-a88c-67aac910c539,SAMMS-Westerly
202609032054004791,202609031904102406,202609031904101105,85,1200,Bronze INV,br_AdmissionAssessmentDimensionThree,TASK_COMPLETE,SUCCESS,INFO,365,365,0,,2026-09-03T19:04:17.619Z,2026-09-03T20:54:05.052Z,6588,2026-09-03T20:54:05.052Z,B66A,Bremen,48b34b87-69c2-467d-a88c-67aac910c539,SAMMS-Bremen
202609032054004792,202609031904102407,202609031904101105,85,1203,Bronze INV,br_AdmissionAssessmentDimensionThree,TASK_COMPLETE,SUCCESS,INFO,16,16,0,,2026-09-03T19:04:17.619Z,2026-09-03T20:54:05.052Z,6588,2026-09-03T20:54:05.052Z,B72,Mobile (OBOT),48b34b87-69c2-467d-a88c-67aac910c539,SAMMS-Mobile-OBOT
202609032054004793,202609031904102408,202609031904101105,85,1204,Bronze INV,br_AdmissionAssessmentDimensionThree,TASK_COMPLETE,SUCCESS,INFO,2,2,0,,2026-09-03T19:04:17.619Z,2026-09-03T20:54:05.052Z,6588,2026-09-03T20:54:05.052Z,B73,Montgomery,48b34b87-69c2-467d-a88c-67aac910c539,SAMMS-Montgomery
202609032054004794,202609031904102409,202609031904101105,85,1205,Bronze INV,br_AdmissionAssessmentDimensionThree,TASK_COMPLETE,SUCCESS,INFO,325,325,0,,2026-09-03T19:04:17.619Z,2026-09-03T20:54:05.052Z,6588,2026-09-03T20:54:05.052Z,B75,Lawrence,48b34b87-69c2-467d-a88c-67aac910c539,SAMMS-LawrenceV6
202609032054004795,202609031904102410,202609031904101105,85,1206,Bronze INV,br_AdmissionAssessmentDimensionThree,TASK_COMPLETE,SUCCESS,INFO,50,50,0,,2026-09-03T19:04:17.619Z,2026-09-03T20:54:05.052Z,6588,2026-09-03T20:54:05.052Z,B76,Huntsville OBOT,48b34b87-69c2-467d-a88c-67aac910c539,SAMMS-Huntsville-OBOT
202609032054004796,202609031904102411,202609031904101105,85,1207,Bronze INV,br_AdmissionAssessmentDimensionThree,TASK_COMPLETE,SUCCESS,INFO,303,303,0,,2026-09-03T19:04:17.619Z,2026-09-03T20:54:05.052Z,6588,2026-09-03T20:54:05.052Z,BAT,Batesville,48b34b87-69c2-467d-a88c-67aac910c539,SAMMS-Batesville
202609032054004797,202609031904102412,202609031904101105,85,1208,Bronze INV,br_AdmissionAssessmentDimensionThree,TASK_COMPLETE,SUCCESS,INFO,240,240,0,,2026-09-03T19:04:17.619Z,2026-09-03T20:54:05.052Z,6588,2026-09-03T20:54:05.052Z,BG,Bowling Green,48b34b87-69c2-467d-a88c-67aac910c539,SAMMS-BowlingGreen
202609032054004799,202609031904102413,202609031904101105,85,1209,Bronze INV,br_AdmissionAssessmentDimensionThree,TASK_COMPLETE,SUCCESS,INFO,222,222,0,,2026-09-03T19:04:17.619Z,2026-09-03T20:54:05.052Z,6588,2026-09-03T20:54:05.052Z,BOI,Boise,48b34b87-69c2-467d-a88c-67aac910c539,SAMMS-Boise
202609032054004800,202609031904102414,202609031904101105,85,1216,Bronze INV,br_AdmissionAssessmentDimensionThree,TASK_COMPLETE,SUCCESS,INFO,286,286,0,,2026-09-03T19:04:17.619Z,2026-09-03T20:54:05.052Z,6588,2026-09-03T20:54:05.052Z,CBCO,Coeur dAlene,48b34b87-69c2-467d-a88c-67aac910c539,SAMMS-CoeurdAleneV6
202609032054004801,202609031904102415,202609031904101105,85,1235,Bronze INV,br_AdmissionAssessmentDimensionThree,TASK_COMPLETE,SUCCESS,INFO,307,307,0,,2026-09-03T19:04:17.619Z,2026-09-03T20:54:05.052Z,6588,2026-09-03T20:54:05.052Z,CON,Conway,48b34b87-69c2-467d-a88c-67aac910c539,SAMMS-Conway
202609032054004802,202609031904102416,202609031904101105,85,1236,Bronze INV,br_AdmissionAssessmentDimensionThree,TASK_COMPLETE,SUCCESS,INFO,1552,1552,0,,2026-09-03T19:04:17.619Z,2026-09-03T20:54:05.052Z,6588,2026-09-03T20:54:05.052Z,D07,Medical Services Knox TN,48b34b87-69c2-467d-a88c-67aac910c539,SAMMS-KnoxvilleV6
202609032054004803,202609031904102417,202609031904101105,85,1237,Bronze INV,br_AdmissionAssessmentDimensionThree,TASK_COMPLETE,SUCCESS,INFO,969,969,0,,2026-09-03T19:04:17.619Z,2026-09-03T20:54:05.052Z,6588,2026-09-03T20:54:05.052Z,D08,Madison,48b34b87-69c2-467d-a88c-67aac910c539,SAMMS-MadisonV6
202609032054004804,202609031904102418,202609031904101105,85,1239,Bronze INV,br_AdmissionAssessmentDimensionThree,TASK_COMPLETE,SUCCESS,INFO,942,942,0,,2026-09-03T19:04:17.619Z,2026-09-03T20:54:05.052Z,6588,2026-09-03T20:54:05.052Z,D09,Murfreesboro,48b34b87-69c2-467d-a88c-67aac910c539,SAMMS-MurfreesboroV6
202609032054004805,202609031904102419,202609031904101105,85,1240,Bronze INV,br_AdmissionAssessmentDimensionThree,TASK_COMPLETE,SUCCESS,INFO,223,223,0,,2026-09-03T19:04:17.619Z,2026-09-03T20:54:05.052Z,6588,2026-09-03T20:54:05.052Z,DA,Davenport,48b34b87-69c2-467d-a88c-67aac910c539,SAMMS-Davenport
202609032054004806,202609031904102420,202609031904101105,85,1241,Bronze INV,br_AdmissionAssessmentDimensionThree,TASK_COMPLETE,SUCCESS,INFO,356,356,0,,2026-09-03T19:04:17.619Z,2026-09-03T20:54:05.052Z,6588,2026-09-03T20:54:05.052Z,DM,Des Moines,48b34b87-69c2-467d-a88c-67aac910c539,SAMMS-DesMoines
202609032054004808,202609031904102421,202609031904101105,85,1243,Bronze INV,br_AdmissionAssessmentDimensionThree,TASK_COMPLETE,SUCCESS,INFO,480,480,0,,2026-09-03T19:04:17.619Z,2026-09-03T20:54:05.052Z,6588,2026-09-03T20:54:05.052Z,DRD-CO,Columbia MO,48b34b87-69c2-467d-a88c-67aac910c539,SAMMS-ColumbiaV5
202609032054004809,202609031904102422,202609031904101105,85,1244,Bronze INV,br_AdmissionAssessmentDimensionThree,TASK_COMPLETE,SUCCESS,INFO,595,595,0,,2026-09-03T19:04:17.619Z,2026-09-03T20:54:05.052Z,6588,2026-09-03T20:54:05.052Z,DRD-KC,KC,48b34b87-69c2-467d-a88c-67aac910c539,SAMMS-KCv5
202609032054004810,202609031904102423,202609031904101105,85,1245,Bronze INV,br_AdmissionAssessmentDimensionThree,TASK_COMPLETE,SUCCESS,INFO,953,953,0,,2026-09-03T19:04:17.619Z,2026-09-03T20:54:05.052Z,6588,2026-09-03T20:54:05.052Z,DRD-KVB,KVB,48b34b87-69c2-467d-a88c-67aac910c539,SAMMS-KVBv5
202609032054004811,202609031904102424,202609031904101105,85,1246,Bronze INV,br_AdmissionAssessmentDimensionThree,TASK_COMPLETE,SUCCESS,INFO,1583,1583,0,,2026-09-03T19:04:17.619Z,2026-09-03T20:54:05.052Z,6588,2026-09-03T20:54:05.052Z,DRD-KVC,KVC,48b34b87-69c2-467d-a88c-67aac910c539,SAMMS-KVCv5
202609032054004812,202609031904102425,202609031904101105,85,1247,Bronze INV,br_AdmissionAssessmentDimensionThree,TASK_COMPLETE,SUCCESS,INFO,1257,1257,0,,2026-09-03T19:04:17.619Z,2026-09-03T20:54:05.052Z,6588,2026-09-03T20:54:05.052Z,DRD-NOLA,NOLA,48b34b87-69c2-467d-a88c-67aac910c539,SAMMS-NOLAv5
202609032054004813,202609031904102426,202609031904101105,85,1248,Bronze INV,br_AdmissionAssessmentDimensionThree,TASK_COMPLETE,SUCCESS,INFO,755,755,0,,2026-09-03T19:04:17.619Z,2026-09-03T20:54:05.052Z,6588,2026-09-03T20:54:05.052Z,DRD-SF,Springfield,48b34b87-69c2-467d-a88c-67aac910c539,SAMMS-SFv5
202609032054004814,202609031904102427,202609031904101105,85,1250,Bronze INV,br_AdmissionAssessmentDimensionThree,TASK_COMPLETE,SUCCESS,INFO,252,252,0,,2026-09-03T19:04:17.619Z,2026-09-03T20:54:05.052Z,6588,2026-09-03T20:54:05.052Z,ELC,Elizabeth City,48b34b87-69c2-467d-a88c-67aac910c539,SAMMS-ElizabethCity
202609032054004816,202609031904102428,202609031904101105,85,1251,Bronze INV,br_AdmissionAssessmentDimensionThree,TASK_COMPLETE,SUCCESS,INFO,261,261,0,,2026-09-03T19:04:17.619Z,2026-09-03T20:54:05.052Z,6588,2026-09-03T20:54:05.052Z,ET,Elizabethtown,48b34b87-69c2-467d-a88c-67aac910c539,SAMMS-Elizabethtown
202609032054004817,202609031904102429,202609031904101105,85,1252,Bronze INV,br_AdmissionAssessmentDimensionThree,TASK_COMPLETE,SUCCESS,INFO,232,232,0,,2026-09-03T19:04:17.619Z,2026-09-03T20:54:05.052Z,6588,2026-09-03T20:54:05.052Z,FAY,Fayetteville,48b34b87-69c2-467d-a88c-67aac910c539,SAMMS-Fayetteville
202609032054004818,202609031904102430,202609031904101105,85,1253,Bronze INV,br_AdmissionAssessmentDimensionThree,TASK_COMPLETE,SUCCESS,INFO,182,182,0,,2026-09-03T19:04:17.619Z,2026-09-03T20:54:05.052Z,6588,2026-09-03T20:54:05.052Z,FR,Frankfort,48b34b87-69c2-467d-a88c-67aac910c539,SAMMS-Frankfort
202609032054004819,202609031904102431,202609031904101105,85,1254,Bronze INV,br_AdmissionAssessmentDimensionThree,TASK_COMPLETE,SUCCESS,INFO,283,283,0,,2026-09-03T19:04:17.619Z,2026-09-03T20:54:05.052Z,6588,2026-09-03T20:54:05.052Z,FS,Fort Smith,48b34b87-69c2-467d-a88c-67aac910c539,SAMMS-FortSmith
202609032054004820,202609031904102432,202609031904101105,85,1255,Bronze INV,br_AdmissionAssessmentDimensionThree,TASK_COMPLETE,SUCCESS,INFO,686,686,0,,2026-09-03T19:04:17.619Z,2026-09-03T20:54:05.052Z,6588,2026-09-03T20:54:05.052Z,FW,Fort Wayne,48b34b87-69c2-467d-a88c-67aac910c539,SAMMS-FortWayne
202609032054004822,202609031904102433,202609031904101105,85,1256,Bronze INV,br_AdmissionAssessmentDimensionThree,TASK_COMPLETE,SUCCESS,INFO,104,104,0,,2026-09-03T19:04:17.619Z,2026-09-03T20:54:05.052Z,6588,2026-09-03T20:54:05.052Z,GAL,Gaylord,48b34b87-69c2-467d-a88c-67aac910c539,SAMMS-Gaylord
202609032054004823,202609031904102434,202609031904101105,85,1260,Bronze INV,br_AdmissionAssessmentDimensionThree,TASK_COMPLETE,SUCCESS,INFO,624,624,0,,2026-09-03T19:04:17.619Z,2026-09-03T20:54:05.052Z,6588,2026-09-03T20:54:05.052Z,HGT,Hagerstown,48b34b87-69c2-467d-a88c-67aac910c539,SAMMS-Hagerstown
202609032054004824,202609031904102435,202609031904101105,85,1261,Bronze INV,br_AdmissionAssessmentDimensionThree,TASK_COMPLETE,SUCCESS,INFO,490,490,0,,2026-09-03T19:04:17.619Z,2026-09-03T20:54:05.052Z,6588,2026-09-03T20:54:05.052Z,HNT,Huntsville,48b34b87-69c2-467d-a88c-67aac910c539,SAMMS-Huntsville
202609032054004825,202609031904102436,202609031904101105,85,1262,Bronze INV,br_AdmissionAssessmentDimensionThree,TASK_COMPLETE,SUCCESS,INFO,312,312,0,,2026-09-03T19:04:17.619Z,2026-09-03T20:54:05.052Z,6588,2026-09-03T20:54:05.052Z,HS,Hot Springs,48b34b87-69c2-467d-a88c-67aac910c539,SAMMS-HotSprings
202609032054004827,202609031904102437,202609031904101105,85,1263,Bronze INV,br_AdmissionAssessmentDimensionThree,TASK_COMPLETE,SUCCESS,INFO,268,268,0,,2026-09-03T19:04:17.619Z,2026-09-03T20:54:05.052Z,6588,2026-09-03T20:54:05.052Z,JON,Jonesboro,48b34b87-69c2-467d-a88c-67aac910c539,SAMMS-Jonesboro
202609032054004829,202609031904102438,202609031904101105,85,1265,Bronze INV,br_AdmissionAssessmentDimensionThree,TASK_COMPLETE,SUCCESS,INFO,162,162,0,,2026-09-03T19:04:17.619Z,2026-09-03T20:54:05.052Z,6588,2026-09-03T20:54:05.052Z,LAN,Lansing,48b34b87-69c2-467d-a88c-67aac910c539,SAMMS-Lansing
202609032054004830,202609031904102439,202609031904101105,85,1266,Bronze INV,br_AdmissionAssessmentDimensionThree,TASK_COMPLETE,SUCCESS,INFO,429,429,0,,2026-09-03T19:04:17.619Z,2026-09-03T20:54:05.052Z,6588,2026-09-03T20:54:05.052Z,LO,Louisville,48b34b87-69c2-467d-a88c-67aac910c539,SAMMS-Louisville
202609032054004831,202609031904102440,202609031904101105,85,1267,Bronze INV,br_AdmissionAssessmentDimensionThree,TASK_COMPLETE,SUCCESS,INFO,1178,1178,0,,2026-09-03T19:04:17.619Z,2026-09-03T20:54:05.052Z,6588,2026-09-03T20:54:05.052Z,LV1,Cheyenne,48b34b87-69c2-467d-a88c-67aac910c539,SAMMS-Cheyenne
202609032054004832,202609031904102441,202609031904101105,85,1268,Bronze INV,br_AdmissionAssessmentDimensionThree,TASK_COMPLETE,SUCCESS,INFO,938,938,0,,2026-09-03T19:04:17.619Z,2026-09-03T20:54:05.052Z,6588,2026-09-03T20:54:05.052Z,LV2,Desert Inn,48b34b87-69c2-467d-a88c-67aac910c539,SAMMS-DesertInn
202609032054004833,202609031904102442,202609031904101105,85,1269,Bronze INV,br_AdmissionAssessmentDimensionThree,TASK_COMPLETE,SUCCESS,INFO,312,312,0,,2026-09-03T19:04:17.619Z,2026-09-03T20:54:05.052Z,6588,2026-09-03T20:54:05.052Z,LV3,McDaniel,48b34b87-69c2-467d-a88c-67aac910c539,SAMMS-McDaniel
202609032054004834,202609031904102443,202609031904101105,85,1272,Bronze INV,br_AdmissionAssessmentDimensionThree,TASK_COMPLETE,SUCCESS,INFO,270,270,0,,2026-09-03T19:04:17.619Z,2026-09-03T20:54:05.052Z,6588,2026-09-03T20:54:05.052Z,MNRE,Monroe,48b34b87-69c2-467d-a88c-67aac910c539,SAMMS-Monroe
202609032054004835,202609031904102444,202609031904101105,85,1273,Bronze INV,br_AdmissionAssessmentDimensionThree,TASK_COMPLETE,SUCCESS,INFO,127,127,0,,2026-09-03T19:04:17.619Z,2026-09-03T20:54:05.052Z,6588,2026-09-03T20:54:05.052Z,MP,Mt. Pleasant,48b34b87-69c2-467d-a88c-67aac910c539,SAMMS-MtPleasant
202609032054004836,202609031904102445,202609031904101105,85,1274,Bronze INV,br_AdmissionAssessmentDimensionThree,TASK_COMPLETE,SUCCESS,INFO,174,174,0,,2026-09-03T19:04:17.619Z,2026-09-03T20:54:05.052Z,6588,2026-09-03T20:54:05.052Z,MRD,Meridian,48b34b87-69c2-467d-a88c-67aac910c539,SAMMS-Meridian
202609032054004838,202609031904102446,202609031904101105,85,1279,Bronze INV,br_AdmissionAssessmentDimensionThree,TASK_COMPLETE,SUCCESS,INFO,644,644,0,,2026-09-03T19:04:17.619Z,2026-09-03T20:54:05.052Z,6588,2026-09-03T20:54:05.052Z,NC,North Charleston,48b34b87-69c2-467d-a88c-67aac910c539,SAMMS-NorthCharleston
202609032054004839,202609031904102447,202609031904101105,85,1280,Bronze INV,br_AdmissionAssessmentDimensionThree,TASK_COMPLETE,SUCCESS,INFO,579,579,0,,2026-09-03T19:04:17.619Z,2026-09-03T20:54:05.052Z,6588,2026-09-03T20:54:05.052Z,NLR,N. Little Rock,48b34b87-69c2-467d-a88c-67aac910c539,SAMMS-NLROBOT
202609032054004840,202609031904102448,202609031904101105,85,1281,Bronze INV,br_AdmissionAssessmentDimensionThree,TASK_COMPLETE,SUCCESS,INFO,235,235,0,,2026-09-03T19:04:17.619Z,2026-09-03T20:54:05.052Z,6588,2026-09-03T20:54:05.052Z,PH,Phoenix,48b34b87-69c2-467d-a88c-67aac910c539,SAMMS-Phoenix
202609032054004841,202609031904102449,202609031904101105,85,1285,Bronze INV,br_AdmissionAssessmentDimensionThree,TASK_COMPLETE,SUCCESS,INFO,409,409,0,,2026-09-03T19:04:17.619Z,2026-09-03T20:54:05.052Z,6588,2026-09-03T20:54:05.052Z,RE,Reno,48b34b87-69c2-467d-a88c-67aac910c539,SAMMS-Reno
202609032054004842,202609031904102450,202609031904101105,85,1286,Bronze INV,br_AdmissionAssessmentDimensionThree,TASK_COMPLETE,SUCCESS,INFO,389,389,0,,2026-09-03T19:04:17.619Z,2026-09-03T20:54:05.052Z,6588,2026-09-03T20:54:05.052Z,RMD,Richmond,48b34b87-69c2-467d-a88c-67aac910c539,SAMMS-Richmond
202609032054004843,202609031904102451,202609031904101105,85,1287,Bronze INV,br_AdmissionAssessmentDimensionThree,TASK_COMPLETE,SUCCESS,INFO,495,495,0,,2026-09-03T19:04:17.619Z,2026-09-03T20:54:05.052Z,6588,2026-09-03T20:54:05.052Z,SFN,Springfield North,48b34b87-69c2-467d-a88c-67aac910c539,SAMMS-SFNv5
202609032054004844,202609031904102452,202609031904101105,85,1288,Bronze INV,br_AdmissionAssessmentDimensionThree,TASK_COMPLETE,SUCCESS,INFO,450,450,0,,2026-09-03T19:04:17.619Z,2026-09-03T20:54:05.052Z,6588,2026-09-03T20:54:05.052Z,SHP,Shreveport,48b34b87-69c2-467d-a88c-67aac910c539,SAMMS-Shreveport
202609032054004846,202609031904102453,202609031904101105,85,1290,Bronze INV,br_AdmissionAssessmentDimensionThree,TASK_COMPLETE,SUCCESS,INFO,81,81,0,,2026-09-03T19:04:17.619Z,2026-09-03T20:54:05.052Z,6588,2026-09-03T20:54:05.052Z,STN,Staunton,48b34b87-69c2-467d-a88c-67aac910c539,SAMMS-Staunton
202609032054004847,202609031904102454,202609031904101105,85,1291,Bronze INV,br_AdmissionAssessmentDimensionThree,TASK_COMPLETE,SUCCESS,INFO,53,53,0,,2026-09-03T19:04:17.619Z,2026-09-03T20:54:05.052Z,6588,2026-09-03T20:54:05.052Z,STVN,Stevenson,48b34b87-69c2-467d-a88c-67aac910c539,SAMMS-Stevenson
202609032054004848,202609031904102455,202609031904101105,85,1293,Bronze INV,br_AdmissionAssessmentDimensionThree,TASK_COMPLETE,SUCCESS,INFO,70,70,0,,2026-09-03T19:04:17.619Z,2026-09-03T20:54:05.052Z,6588,2026-09-03T20:54:05.052Z,TE,Tempe,48b34b87-69c2-467d-a88c-67aac910c539,SAMMS-Tempe
202609032054004849,202609031904102456,202609031904101105,85,1294,Bronze INV,br_AdmissionAssessmentDimensionThree,TASK_COMPLETE,SUCCESS,INFO,369,369,0,,2026-09-03T19:04:17.619Z,2026-09-03T20:54:05.052Z,6588,2026-09-03T20:54:05.052Z,TEX,Texarkana,48b34b87-69c2-467d-a88c-67aac910c539,SAMMS-Texarkana
202609032054004850,202609031904102457,202609031904101105,85,1295,Bronze INV,br_AdmissionAssessmentDimensionThree,TASK_COMPLETE,SUCCESS,INFO,428,428,0,,2026-09-03T19:04:17.619Z,2026-09-03T20:54:05.052Z,6588,2026-09-03T20:54:05.052Z,TTCA,Bessemer,48b34b87-69c2-467d-a88c-67aac910c539,SAMMS-BessemerV5
202609032054004851,202609031904102458,202609031904101105,85,1296,Bronze INV,br_AdmissionAssessmentDimensionThree,TASK_COMPLETE,SUCCESS,INFO,553,553,0,,2026-09-03T19:04:17.619Z,2026-09-03T20:54:05.052Z,6588,2026-09-03T20:54:05.052Z,TTCB,Cullman,48b34b87-69c2-467d-a88c-67aac910c539,SAMMS-CullmanV5
202609032054004852,202609031904102459,202609031904101105,85,1297,Bronze INV,br_AdmissionAssessmentDimensionThree,TASK_COMPLETE,SUCCESS,INFO,309,309,0,,2026-09-03T19:04:17.619Z,2026-09-03T20:54:05.052Z,6588,2026-09-03T20:54:05.052Z,TTCC,Grand Bay,48b34b87-69c2-467d-a88c-67aac910c539,SAMMS-GrandBay
202609032054004854,202609031904102460,202609031904101105,85,1298,Bronze INV,br_AdmissionAssessmentDimensionThree,TASK_COMPLETE,SUCCESS,INFO,22,22,0,,2026-09-03T19:04:17.619Z,2026-09-03T20:54:05.052Z,6588,2026-09-03T20:54:05.052Z,TU,Tucson,48b34b87-69c2-467d-a88c-67aac910c539,SAMMS-Tucson
202609032054004855,202609031904102461,202609031904101105,85,1300,Bronze INV,br_AdmissionAssessmentDimensionThree,TASK_COMPLETE,SUCCESS,INFO,253,253,0,,2026-09-03T19:04:17.619Z,2026-09-03T20:54:05.052Z,6588,2026-09-03T20:54:05.052Z,V1,Memphis South,48b34b87-69c2-467d-a88c-67aac910c539,SAMMS-VCPHCS-I-MemphisV5
202609032054004856,202609031904102462,202609031904101105,85,1301,Bronze INV,br_AdmissionAssessmentDimensionThree,TASK_COMPLETE,SUCCESS,INFO,695,695,0,,2026-09-03T19:04:17.619Z,2026-09-03T20:54:05.052Z,6588,2026-09-03T20:54:05.052Z,V10,Longmont,48b34b87-69c2-467d-a88c-67aac910c539,SAMMS-BoulderV5
202609032054004857,202609031904102463,202609031904101105,85,1302,Bronze INV,br_AdmissionAssessmentDimensionThree,TASK_COMPLETE,SUCCESS,INFO,1200,1200,0,,2026-09-03T19:04:17.619Z,2026-09-03T20:54:05.052Z,6588,2026-09-03T20:54:05.052Z,V10A,Fort Collins,48b34b87-69c2-467d-a88c-67aac910c539,SAMMS-FortCollinsV5
202609032054004858,202609031904102464,202609031904101105,85,1303,Bronze INV,br_AdmissionAssessmentDimensionThree,TASK_COMPLETE,SUCCESS,INFO,998,998,0,,2026-09-03T19:04:17.619Z,2026-09-03T20:54:05.052Z,6588,2026-09-03T20:54:05.052Z,V11,Westminster,48b34b87-69c2-467d-a88c-67aac910c539,SAMMS-VCPHCS-XI-NorthDenverV5
202609032054004859,202609031904102465,202609031904101105,85,1304,Bronze INV,br_AdmissionAssessmentDimensionThree,TASK_COMPLETE,SUCCESS,INFO,1065,1065,0,,2026-09-03T19:04:17.619Z,2026-09-03T20:54:05.052Z,6588,2026-09-03T20:54:05.052Z,V12,Downtown Denver,48b34b87-69c2-467d-a88c-67aac910c539,SAMMS-VCPHCS-XII-DowntownDenverV5
202609032054004703,202609031904102330,202609031904101105,85,1458,Bronze INV,br_AdmissionAssessmentDimensionTwo,TASK_COMPLETE,SUCCESS,INFO,176,176,0,,2026-09-03T19:04:17.619Z,2026-09-03T20:54:05.052Z,6588,2026-09-03T20:54:05.052Z,MRD,Meridian,48b34b87-69c2-467d-a88c-67aac910c539,SAMMS-Meridian
202609032054004704,202609031904102331,202609031904101105,85,1463,Bronze INV,br_AdmissionAssessmentDimensionTwo,TASK_COMPLETE,SUCCESS,INFO,645,645,0,,2026-09-03T19:04:17.619Z,2026-09-03T20:54:05.052Z,6588,2026-09-03T20:54:05.052Z,NC,North Charleston,48b34b87-69c2-467d-a88c-67aac910c539,SAMMS-NorthCharleston
202609032054004705,202609031904102332,202609031904101105,85,1464,Bronze INV,br_AdmissionAssessmentDimensionTwo,TASK_COMPLETE,SUCCESS,INFO,580,580,0,,2026-09-03T19:04:17.619Z,2026-09-03T20:54:05.052Z,6588,2026-09-03T20:54:05.052Z,NLR,N. Little Rock,48b34b87-69c2-467d-a88c-67aac910c539,SAMMS-NLROBOT
202609032054004706,202609031904102333,202609031904101105,85,1465,Bronze INV,br_AdmissionAssessmentDimensionTwo,TASK_COMPLETE,SUCCESS,INFO,238,238,0,,2026-09-03T19:04:17.619Z,2026-09-03T20:54:05.052Z,6588,2026-09-03T20:54:05.052Z,PH,Phoenix,48b34b87-69c2-467d-a88c-67aac910c539,SAMMS-Phoenix
202609032054004707,202609031904102334,202609031904101105,85,1469,Bronze INV,br_AdmissionAssessmentDimensionTwo,TASK_COMPLETE,SUCCESS,INFO,411,411,0,,2026-09-03T19:04:17.619Z,2026-09-03T20:54:05.052Z,6588,2026-09-03T20:54:05.052Z,RE,Reno,48b34b87-69c2-467d-a88c-67aac910c539,SAMMS-Reno
202609032054004708,202609031904102335,202609031904101105,85,1470,Bronze INV,br_AdmissionAssessmentDimensionTwo,TASK_COMPLETE,SUCCESS,INFO,392,392,0,,2026-09-03T19:04:17.619Z,2026-09-03T20:54:05.052Z,6588,2026-09-03T20:54:05.052Z,RMD,Richmond,48b34b87-69c2-467d-a88c-67aac910c539,SAMMS-Richmond
202609032054004709,202609031904102336,202609031904101105,85,1471,Bronze INV,br_AdmissionAssessmentDimensionTwo,TASK_COMPLETE,SUCCESS,INFO,495,495,0,,2026-09-03T19:04:17.619Z,2026-09-03T20:54:05.052Z,6588,2026-09-03T20:54:05.052Z,SFN,Springfield North,48b34b87-69c2-467d-a88c-67aac910c539,SAMMS-SFNv5
202609032054004711,202609031904102337,202609031904101105,85,1472,Bronze INV,br_AdmissionAssessmentDimensionTwo,TASK_COMPLETE,SUCCESS,INFO,449,449,0,,2026-09-03T19:04:17.619Z,2026-09-03T20:54:05.052Z,6588,2026-09-03T20:54:05.052Z,SHP,Shreveport,48b34b87-69c2-467d-a88c-67aac910c539,SAMMS-Shreveport
202609032054004712,202609031904102338,202609031904101105,85,1474,Bronze INV,br_AdmissionAssessmentDimensionTwo,TASK_COMPLETE,SUCCESS,INFO,82,82,0,,2026-09-03T19:04:17.619Z,2026-09-03T20:54:05.052Z,6588,2026-09-03T20:54:05.052Z,STN,Staunton,48b34b87-69c2-467d-a88c-67aac910c539,SAMMS-Staunton
202609032054004713,202609031904102339,202609031904101105,85,1475,Bronze INV,br_AdmissionAssessmentDimensionTwo,TASK_COMPLETE,SUCCESS,INFO,52,52,0,,2026-09-03T19:04:17.619Z,2026-09-03T20:54:05.052Z,6588,2026-09-03T20:54:05.052Z,STVN,Stevenson,48b34b87-69c2-467d-a88c-67aac910c539,SAMMS-Stevenson
202609032054004714,202609031904102340,202609031904101105,85,1477,Bronze INV,br_AdmissionAssessmentDimensionTwo,TASK_COMPLETE,SUCCESS,INFO,71,71,0,,2026-09-03T19:04:17.619Z,2026-09-03T20:54:05.052Z,6588,2026-09-03T20:54:05.052Z,TE,Tempe,48b34b87-69c2-467d-a88c-67aac910c539,SAMMS-Tempe
202609032054004715,202609031904102341,202609031904101105,85,1478,Bronze INV,br_AdmissionAssessmentDimensionTwo,TASK_COMPLETE,SUCCESS,INFO,367,367,0,,2026-09-03T19:04:17.619Z,2026-09-03T20:54:05.052Z,6588,2026-09-03T20:54:05.052Z,TEX,Texarkana,48b34b87-69c2-467d-a88c-67aac910c539,SAMMS-Texarkana
202609032054004716,202609031904102342,202609031904101105,85,1479,Bronze INV,br_AdmissionAssessmentDimensionTwo,TASK_COMPLETE,SUCCESS,INFO,432,432,0,,2026-09-03T19:04:17.619Z,2026-09-03T20:54:05.052Z,6588,2026-09-03T20:54:05.052Z,TTCA,Bessemer,48b34b87-69c2-467d-a88c-67aac910c539,SAMMS-BessemerV5
202609032054004717,202609031904102343,202609031904101105,85,1480,Bronze INV,br_AdmissionAssessmentDimensionTwo,TASK_COMPLETE,SUCCESS,INFO,552,552,0,,2026-09-03T19:04:17.619Z,2026-09-03T20:54:05.052Z,6588,2026-09-03T20:54:05.052Z,TTCB,Cullman,48b34b87-69c2-467d-a88c-67aac910c539,SAMMS-CullmanV5
202609032054004719,202609031904102344,202609031904101105,85,1481,Bronze INV,br_AdmissionAssessmentDimensionTwo,TASK_COMPLETE,SUCCESS,INFO,326,326,0,,2026-09-03T19:04:17.619Z,2026-09-03T20:54:05.052Z,6588,2026-09-03T20:54:05.052Z,TTCC,Grand Bay,48b34b87-69c2-467d-a88c-67aac910c539,SAMMS-GrandBay
202609032054004720,202609031904102345,202609031904101105,85,1482,Bronze INV,br_AdmissionAssessmentDimensionTwo,TASK_COMPLETE,SUCCESS,INFO,22,22,0,,2026-09-03T19:04:17.619Z,2026-09-03T20:54:05.052Z,6588,2026-09-03T20:54:05.052Z,TU,Tucson,48b34b87-69c2-467d-a88c-67aac910c539,SAMMS-Tucson
202609032054004721,202609031904102346,202609031904101105,85,1484,Bronze INV,br_AdmissionAssessmentDimensionTwo,TASK_COMPLETE,SUCCESS,INFO,254,254,0,,2026-09-03T19:04:17.619Z,2026-09-03T20:54:05.052Z,6588,2026-09-03T20:54:05.052Z,V1,Memphis South,48b34b87-69c2-467d-a88c-67aac910c539,SAMMS-VCPHCS-I-MemphisV5
202609032054004722,202609031904102347,202609031904101105,85,1485,Bronze INV,br_AdmissionAssessmentDimensionTwo,TASK_COMPLETE,SUCCESS,INFO,700,700,0,,2026-09-03T19:04:17.619Z,2026-09-03T20:54:05.052Z,6588,2026-09-03T20:54:05.052Z,V10,Longmont,48b34b87-69c2-467d-a88c-67aac910c539,SAMMS-BoulderV5
202609032054004723,202609031904102348,202609031904101105,85,1486,Bronze INV,br_AdmissionAssessmentDimensionTwo,TASK_COMPLETE,SUCCESS,INFO,1198,1198,0,,2026-09-03T19:04:17.619Z,2026-09-03T20:54:05.052Z,6588,2026-09-03T20:54:05.052Z,V10A,Fort Collins,48b34b87-69c2-467d-a88c-67aac910c539,SAMMS-FortCollinsV5
202609032054004724,202609031904102349,202609031904101105,85,1487,Bronze INV,br_AdmissionAssessmentDimensionTwo,TASK_COMPLETE,SUCCESS,INFO,1004,1004,0,,2026-09-03T19:04:17.619Z,2026-09-03T20:54:05.052Z,6588,2026-09-03T20:54:05.052Z,V11,Westminster,48b34b87-69c2-467d-a88c-67aac910c539,SAMMS-VCPHCS-XI-NorthDenverV5
202609032054004725,202609031904102350,202609031904101105,85,1488,Bronze INV,br_AdmissionAssessmentDimensionTwo,TASK_COMPLETE,SUCCESS,INFO,1074,1074,0,,2026-09-03T19:04:17.619Z,2026-09-03T20:54:05.052Z,6588,2026-09-03T20:54:05.052Z,V12,Downtown Denver,48b34b87-69c2-467d-a88c-67aac910c539,SAMMS-VCPHCS-XII-DowntownDenverV5
202609032054004726,202609031904102351,202609031904101105,85,1489,Bronze INV,br_AdmissionAssessmentDimensionTwo,TASK_COMPLETE,SUCCESS,INFO,480,480,0,,2026-09-03T19:04:17.619Z,2026-09-03T20:54:05.052Z,6588,2026-09-03T20:54:05.052Z,V12A,Centennial,48b34b87-69c2-467d-a88c-67aac910c539,SAMMS-CentennialV5
202609032054004728,202609031904102352,202609031904101105,85,1490,Bronze INV,br_AdmissionAssessmentDimensionTwo,TASK_COMPLETE,SUCCESS,INFO,299,299,0,,2026-09-03T19:04:17.619Z,2026-09-03T20:54:05.052Z,6588,2026-09-03T20:54:05.052Z,V14,Overland Park,48b34b87-69c2-467d-a88c-67aac910c539,SAMMS-VCPHCS-XIV-BridgewayV5
202609032054004729,202609031904102353,202609031904101105,85,1491,Bronze INV,br_AdmissionAssessmentDimensionTwo,TASK_COMPLETE,SUCCESS,INFO,573,573,0,,2026-09-03T19:04:17.619Z,2026-09-03T20:54:05.052Z,6588,2026-09-03T20:54:05.052Z,V15,Joplin,48b34b87-69c2-467d-a88c-67aac910c539,SAMMS-JoplinV5
202609032054004730,202609031904102354,202609031904101105,85,1493,Bronze INV,br_AdmissionAssessmentDimensionTwo,TASK_COMPLETE,SUCCESS,INFO,476,476,0,,2026-09-03T19:04:17.619Z,2026-09-03T20:54:05.052Z,6588,2026-09-03T20:54:05.052Z,V17,Columbia TN,48b34b87-69c2-467d-a88c-67aac910c539,SAMMS-ColumbiaTNv5
202609032054004731,202609031904102355,202609031904101105,85,1495,Bronze INV,br_AdmissionAssessmentDimensionTwo,TASK_COMPLETE,SUCCESS,INFO,424,424,0,,2026-09-03T19:04:17.619Z,2026-09-03T20:54:05.052Z,6588,2026-09-03T20:54:05.052Z,V19,Jackson,48b34b87-69c2-467d-a88c-67aac910c539,SAMMS-JacksonV5
202609032054004732,202609031904102356,202609031904101105,85,1497,Bronze INV,br_AdmissionAssessmentDimensionTwo,TASK_COMPLETE,SUCCESS,INFO,492,492,0,,2026-09-03T19:04:17.619Z,2026-09-03T20:54:05.052Z,6588,2026-09-03T20:54:05.052Z,V20,Paris,48b34b87-69c2-467d-a88c-67aac910c539,SAMMS-ParisV5
202609032054004733,202609031904102357,202609031904101105,85,1498,Bronze INV,br_AdmissionAssessmentDimensionTwo,TASK_COMPLETE,SUCCESS,INFO,362,362,0,,2026-09-03T19:04:17.619Z,2026-09-03T20:54:05.052Z,6588,2026-09-03T20:54:05.052Z,V21,Memphis North,48b34b87-69c2-467d-a88c-67aac910c539,SAMMS-RaleighV5
202609032054004734,202609031904102358,202609031904101105,85,1501,Bronze INV,br_AdmissionAssessmentDimensionTwo,TASK_COMPLETE,SUCCESS,INFO,707,707,0,,2026-09-03T19:04:17.619Z,2026-09-03T20:54:05.052Z,6588,2026-09-03T20:54:05.052Z,V5,West Bank,48b34b87-69c2-467d-a88c-67aac910c539,SAMMS-NONTCv5
202609032054004736,202609031904102359,202609031904101105,85,1503,Bronze INV,br_AdmissionAssessmentDimensionTwo,TASK_COMPLETE,SUCCESS,INFO,257,257,0,,2026-09-03T19:04:17.619Z,2026-09-03T20:54:05.052Z,6588,2026-09-03T20:54:05.052Z,V5B,Houma,48b34b87-69c2-467d-a88c-67aac910c539,SAMMS-HoumaV6
202609032054004737,202609031904102360,202609031904101105,85,1504,Bronze INV,br_AdmissionAssessmentDimensionTwo,TASK_COMPLETE,SUCCESS,INFO,960,960,0,,2026-09-03T19:04:17.619Z,2026-09-03T20:54:05.052Z,6588,2026-09-03T20:54:05.052Z,V6,Lake Charles,48b34b87-69c2-467d-a88c-67aac910c539,SAMMS-LCv5
202609032054004738,202609031904102361,202609031904101105,85,1506,Bronze INV,br_AdmissionAssessmentDimensionTwo,TASK_COMPLETE,SUCCESS,INFO,574,574,0,,2026-09-03T19:04:17.619Z,2026-09-03T20:54:05.052Z,6588,2026-09-03T20:54:05.052Z,V8,Memphis Midtown,48b34b87-69c2-467d-a88c-67aac910c539,SAMMS-VCPHCS-VIII-MemphisV5
202609032054004739,202609031904102362,202609031904101105,85,1507,Bronze INV,br_AdmissionAssessmentDimensionTwo,TASK_COMPLETE,SUCCESS,INFO,1590,1590,0,,2026-09-03T19:04:17.619Z,2026-09-03T20:54:05.052Z,6588,2026-09-03T20:54:05.052Z,V9,Nashville,48b34b87-69c2-467d-a88c-67aac910c539,SAMMS-NashvilleV5
202609032054004740,202609031904102363,202609031904101105,85,1508,Bronze INV,br_AdmissionAssessmentDimensionTwo,TASK_COMPLETE,SUCCESS,INFO,332,332,0,,2026-09-03T19:04:17.619Z,2026-09-03T20:54:05.052Z,6588,2026-09-03T20:54:05.052Z,VBRA,Brainerd,48b34b87-69c2-467d-a88c-67aac910c539,SAMMS-BrainerdV6
202609032054004741,202609031904102364,202609031904101105,85,1509,Bronze INV,br_AdmissionAssessmentDimensionTwo,TASK_COMPLETE,SUCCESS,INFO,598,598,0,,2026-09-03T19:04:17.619Z,2026-09-03T20:54:05.052Z,6588,2026-09-03T20:54:05.052Z,VBRP,Brooklyn Park,48b34b87-69c2-467d-a88c-67aac910c539,SAMMS-BrooklynParkV6
202609032054004743,202609031904102365,202609031904101105,85,1511,Bronze INV,br_AdmissionAssessmentDimensionTwo,TASK_COMPLETE,SUCCESS,INFO,579,579,0,,2026-09-03T19:04:17.619Z,2026-09-03T20:54:05.052Z,6588,2026-09-03T20:54:05.052Z,VMIN,Minneapolis,48b34b87-69c2-467d-a88c-67aac910c539,SAMMS-MinneapolisV6
202609032054004744,202609031904102366,202609031904101105,85,1512,Bronze INV,br_AdmissionAssessmentDimensionTwo,TASK_COMPLETE,SUCCESS,INFO,1075,1075,0,,2026-09-03T19:04:17.619Z,2026-09-03T20:54:05.052Z,6588,2026-09-03T20:54:05.052Z,VWBY,Woodbury,48b34b87-69c2-467d-a88c-67aac910c539,SAMMS-WoodburyV6
202609032054004745,202609031904102367,202609031904101105,85,1514,Bronze INV,br_AdmissionAssessmentDimensionTwo,TASK_COMPLETE,SUCCESS,INFO,437,437,0,,2026-09-03T19:04:17.619Z,2026-09-03T20:54:05.052Z,6588,2026-09-03T20:54:05.052Z,WIL,Wilson,48b34b87-69c2-467d-a88c-67aac910c539,SAMMS-Wilson
202609032054004746,202609031904102368,202609031904101105,85,1150,Bronze INV,br_AdmissionAssessmentDimensionThree,TASK_COMPLETE,SUCCESS,INFO,99,99,0,,2026-09-03T19:04:17.619Z,2026-09-03T20:54:05.052Z,6588,2026-09-03T20:54:05.052Z,AHK,Ahoskie,48b34b87-69c2-467d-a88c-67aac910c539,SAMMS-Ahoskie
202609032054004748,202609031904102369,202609031904101105,85,1151,Bronze INV,br_AdmissionAssessmentDimensionThree,TASK_COMPLETE,SUCCESS,INFO,797,797,0,,2026-09-03T19:04:17.619Z,2026-09-03T20:54:05.052Z,6588,2026-09-03T20:54:05.052Z,B12B,Colorado Springs,48b34b87-69c2-467d-a88c-67aac910c539,SAMMS-ColoradoSpringsV5
202609032054004750,202609031904102370,202609031904101105,85,1152,Bronze INV,br_AdmissionAssessmentDimensionThree,TASK_COMPLETE,SUCCESS,INFO,413,413,0,,2026-09-03T19:04:17.619Z,2026-09-03T20:54:05.052Z,6588,2026-09-03T20:54:05.052Z,B24,Paintsville,48b34b87-69c2-467d-a88c-67aac910c539,SAMMS-PaintsvilleV5
202609032054004751,202609031904102371,202609031904101105,85,1153,Bronze INV,br_AdmissionAssessmentDimensionThree,TASK_COMPLETE,SUCCESS,INFO,173,173,0,,2026-09-03T19:04:17.619Z,2026-09-03T20:54:05.052Z,6588,2026-09-03T20:54:05.052Z,B25,Pikeville,48b34b87-69c2-467d-a88c-67aac910c539,SAMMS-PikevilleV5
202609032054004752,202609031904102372,202609031904101105,85,1154,Bronze INV,br_AdmissionAssessmentDimensionThree,TASK_COMPLETE,SUCCESS,INFO,494,494,0,,2026-09-03T19:04:17.619Z,2026-09-03T20:54:05.052Z,6588,2026-09-03T20:54:05.052Z,B26,Hazard,48b34b87-69c2-467d-a88c-67aac910c539,SAMMS-HazardV5
202609032054004753,202609031904102373,202609031904101105,85,1155,Bronze INV,br_AdmissionAssessmentDimensionThree,TASK_COMPLETE,SUCCESS,INFO,190,190,0,,2026-09-03T19:04:17.619Z,2026-09-03T20:54:05.052Z,6588,2026-09-03T20:54:05.052Z,B27,Savannah,48b34b87-69c2-467d-a88c-67aac910c539,SAMMS-SavannahV6
202609032054004754,202609031904102374,202609031904101105,85,1156,Bronze INV,br_AdmissionAssessmentDimensionThree,TASK_COMPLETE,SUCCESS,INFO,237,237,0,,2026-09-03T19:04:17.619Z,2026-09-03T20:54:05.052Z,6588,2026-09-03T20:54:05.052Z,B28,West Plains,48b34b87-69c2-467d-a88c-67aac910c539,SAMMS-WestPlainesV5
202609032054004755,202609031904102375,202609031904101105,85,1157,Bronze INV,br_AdmissionAssessmentDimensionThree,TASK_COMPLETE,SUCCESS,INFO,262,262,0,,2026-09-03T19:04:17.619Z,2026-09-03T20:54:05.052Z,6588,2026-09-03T20:54:05.052Z,B29,Poplar Bluff,48b34b87-69c2-467d-a88c-67aac910c539,SAMMS-PoplarBluffV5
202609032054004757,202609031904102376,202609031904101105,85,1158,Bronze INV,br_AdmissionAssessmentDimensionThree,TASK_COMPLETE,SUCCESS,INFO,143,143,0,,2026-09-03T19:04:17.619Z,2026-09-03T20:54:05.052Z,6588,2026-09-03T20:54:05.052Z,B30,KC North,48b34b87-69c2-467d-a88c-67aac910c539,SAMMS-KCNv5
202609032054004758,202609031904102377,202609031904101105,85,1159,Bronze INV,br_AdmissionAssessmentDimensionThree,TASK_COMPLETE,SUCCESS,INFO,345,345,0,,2026-09-03T19:04:17.619Z,2026-09-03T20:54:05.052Z,6588,2026-09-03T20:54:05.052Z,B31,Dyersburg,48b34b87-69c2-467d-a88c-67aac910c539,SAMMS-DyersburgV5
202609032054004759,202609031904102378,202609031904101105,85,1161,Bronze INV,br_AdmissionAssessmentDimensionThree,TASK_COMPLETE,SUCCESS,INFO,213,213,0,,2026-09-03T19:04:17.619Z,2026-09-03T20:54:05.052Z,6588,2026-09-03T20:54:05.052Z,B33,Paducah,48b34b87-69c2-467d-a88c-67aac910c539,SAMMS-Paducah
202609032054004760,202609031904102379,202609031904101105,85,1162,Bronze INV,br_AdmissionAssessmentDimensionThree,TASK_COMPLETE,SUCCESS,INFO,446,446,0,,2026-09-03T19:04:17.619Z,2026-09-03T20:54:05.052Z,6588,2026-09-03T20:54:05.052Z,B34,Corbin,48b34b87-69c2-467d-a88c-67aac910c539,SAMMS-CorbinV5
202609032054004761,202609031904102380,202609031904101105,85,1163,Bronze INV,br_AdmissionAssessmentDimensionThree,TASK_COMPLETE,SUCCESS,INFO,718,718,0,,2026-09-03T19:04:17.619Z,2026-09-03T20:54:05.052Z,6588,2026-09-03T20:54:05.052Z,B35,Lexington,48b34b87-69c2-467d-a88c-67aac910c539,SAMMS-LexingtonV5
202609032054004762,202609031904102381,202609031904101105,85,1164,Bronze INV,br_AdmissionAssessmentDimensionThree,TASK_COMPLETE,SUCCESS,INFO,347,347,0,,2026-09-03T19:04:17.619Z,2026-09-03T20:54:05.052Z,6588,2026-09-03T20:54:05.052Z,B35A,Berea,48b34b87-69c2-467d-a88c-67aac910c539,SAMMS-BereaV5
202609032054004763,202609031904102382,202609031904101105,85,1165,Bronze INV,br_AdmissionAssessmentDimensionThree,TASK_COMPLETE,SUCCESS,INFO,613,613,0,,2026-09-03T19:04:17.619Z,2026-09-03T20:54:05.052Z,6588,2026-09-03T20:54:05.052Z,B36,Asheville,48b34b87-69c2-467d-a88c-67aac910c539,SAMMS-AshevilleV5
202609032054004764,202609031904102383,202609031904101105,85,1166,Bronze INV,br_AdmissionAssessmentDimensionThree,TASK_COMPLETE,SUCCESS,INFO,453,453,0,,2026-09-03T19:04:17.619Z,2026-09-03T20:54:05.052Z,6588,2026-09-03T20:54:05.052Z,B37,Clyde,48b34b87-69c2-467d-a88c-67aac910c539,SAMMS-ClydeV5
202609032054004766,202609031904102384,202609031904101105,85,1167,Bronze INV,br_AdmissionAssessmentDimensionThree,TASK_COMPLETE,SUCCESS,INFO,633,633,0,,2026-09-03T19:04:17.619Z,2026-09-03T20:54:05.052Z,6588,2026-09-03T20:54:05.052Z,B38,Spartanburg,48b34b87-69c2-467d-a88c-67aac910c539,SAMMS-SpartanburgV5
202609032054004767,202609031904102385,202609031904101105,85,1168,Bronze INV,br_AdmissionAssessmentDimensionThree,TASK_COMPLETE,SUCCESS,INFO,487,487,0,,2026-09-03T19:04:17.619Z,2026-09-03T20:54:05.052Z,6588,2026-09-03T20:54:05.052Z,B39,Aiken,48b34b87-69c2-467d-a88c-67aac910c539,SAMMS-AikenV5
202609032054004768,202609031904102386,202609031904101105,85,1169,Bronze INV,br_AdmissionAssessmentDimensionThree,TASK_COMPLETE,SUCCESS,INFO,295,295,0,,2026-09-03T19:04:17.619Z,2026-09-03T20:54:05.052Z,6588,2026-09-03T20:54:05.052Z,B41,Chesapeake,48b34b87-69c2-467d-a88c-67aac910c539,SAMMS-ChesapeakeV5
202609032054004769,202609031904102387,202609031904101105,85,1170,Bronze INV,br_AdmissionAssessmentDimensionThree,TASK_COMPLETE,SUCCESS,INFO,533,533,0,,2026-09-03T19:04:17.619Z,2026-09-03T20:54:05.052Z,6588,2026-09-03T20:54:05.052Z,B42,Virginia Beach,48b34b87-69c2-467d-a88c-67aac910c539,SAMMS-VirginiaBeachV5
202609032054004770,202609031904102388,202609031904101105,85,1171,Bronze INV,br_AdmissionAssessmentDimensionThree,TASK_COMPLETE,SUCCESS,INFO,165,165,0,,2026-09-03T19:04:17.619Z,2026-09-03T20:54:05.052Z,6588,2026-09-03T20:54:05.052Z,B42A,Newport News,48b34b87-69c2-467d-a88c-67aac910c539,SAMMS-NewportNewsV5
202609032054004771,202609031904102389,202609031904101105,85,1172,Bronze INV,br_AdmissionAssessmentDimensionThree,TASK_COMPLETE,SUCCESS,INFO,58,58,0,,2026-09-03T19:04:17.619Z,2026-09-03T20:54:05.052Z,6588,2026-09-03T20:54:05.052Z,B42B,Franklin,48b34b87-69c2-467d-a88c-67aac910c539,SAMMS-FranklinV5
202609032054004772,202609031904102390,202609031904101105,85,1173,Bronze INV,br_AdmissionAssessmentDimensionThree,TASK_COMPLETE,SUCCESS,INFO,337,337,0,,2026-09-03T19:04:17.619Z,2026-09-03T20:54:05.052Z,6588,2026-09-03T20:54:05.052Z,B42C,Glen Allen,48b34b87-69c2-467d-a88c-67aac910c539,SAMMS-GlenAllenV5
202609032054004774,202609031904102391,202609031904101105,85,1174,Bronze INV,br_AdmissionAssessmentDimensionThree,TASK_COMPLETE,SUCCESS,INFO,175,175,0,,2026-09-03T19:04:17.619Z,2026-09-03T20:54:05.052Z,6588,2026-09-03T20:54:05.052Z,B42D,Chesapeake South,48b34b87-69c2-467d-a88c-67aac910c539,SAMMS-ChesapeakeSouthV5
202609032054004775,202609031904102392,202609031904101105,85,1175,Bronze INV,br_AdmissionAssessmentDimensionThree,TASK_COMPLETE,SUCCESS,INFO,212,212,0,,2026-09-03T19:04:17.619Z,2026-09-03T20:54:05.052Z,6588,2026-09-03T20:54:05.052Z,B44,Albany,48b34b87-69c2-467d-a88c-67aac910c539,SAMMS-AlbanyV5
202609032054004776,202609031904102393,202609031904101105,85,1176,Bronze INV,br_AdmissionAssessmentDimensionThree,TASK_COMPLETE,SUCCESS,INFO,307,307,0,,2026-09-03T19:04:17.619Z,2026-09-03T20:54:05.052Z,6588,2026-09-03T20:54:05.052Z,B45,Tifton,48b34b87-69c2-467d-a88c-67aac910c539,SAMMS-TiftonV5
202609032054004777,202609031904102394,202609031904101105,85,1177,Bronze INV,br_AdmissionAssessmentDimensionThree,TASK_COMPLETE,SUCCESS,INFO,677,677,0,,2026-09-03T19:04:17.619Z,2026-09-03T20:54:05.052Z,6588,2026-09-03T20:54:05.052Z,B46,Washington DC,48b34b87-69c2-467d-a88c-67aac910c539,SAMMS-WashingtonDCv5
202609032054004778,202609031904102395,202609031904101105,85,1178,Bronze INV,br_AdmissionAssessmentDimensionThree,TASK_COMPLETE,SUCCESS,INFO,360,360,0,,2026-09-03T19:04:17.619Z,2026-09-03T20:54:05.052Z,6588,2026-09-03T20:54:05.052Z,B47,Mobile,48b34b87-69c2-467d-a88c-67aac910c539,SAMMS-MobileV5
202609032054004779,202609031904102396,202609031904101105,85,1179,Bronze INV,br_AdmissionAssessmentDimensionThree,TASK_COMPLETE,SUCCESS,INFO,453,453,0,,2026-09-03T19:04:17.619Z,2026-09-03T20:54:05.052Z,6588,2026-09-03T20:54:05.052Z,B48,Tuscaloosa,48b34b87-69c2-467d-a88c-67aac910c539,SAMMS-TuscaloosaV5
202609032054004780,202609031904102397,202609031904101105,85,1188,Bronze INV,br_AdmissionAssessmentDimensionThree,TASK_COMPLETE,SUCCESS,INFO,316,316,0,,2026-09-03T19:04:17.619Z,2026-09-03T20:54:05.052Z,6588,2026-09-03T20:54:05.052Z,B51,N. Little Rock (OTP),48b34b87-69c2-467d-a88c-67aac910c539,SAMMS-NorthLittleRockV6
202609032054004467,202609031904102126,202609031904101105,85,1681,Bronze INV,br_AdmissionAssessmentSummary,TASK_COMPLETE,SUCCESS,INFO,527,527,0,,2026-09-03T19:04:17.619Z,2026-09-03T20:54:05.052Z,6588,2026-09-03T20:54:05.052Z,V20,Paris,48b34b87-69c2-467d-a88c-67aac910c539,SAMMS-ParisV5
202609032054004468,202609031904102127,202609031904101105,85,1682,Bronze INV,br_AdmissionAssessmentSummary,TASK_COMPLETE,SUCCESS,INFO,375,375,0,,2026-09-03T19:04:17.619Z,2026-09-03T20:54:05.052Z,6588,2026-09-03T20:54:05.052Z,V21,Memphis North,48b34b87-69c2-467d-a88c-67aac910c539,SAMMS-RaleighV5
202609032054004469,202609031904102128,202609031904101105,85,1685,Bronze INV,br_AdmissionAssessmentSummary,TASK_COMPLETE,SUCCESS,INFO,730,730,0,,2026-09-03T19:04:17.619Z,2026-09-03T20:54:05.052Z,6588,2026-09-03T20:54:05.052Z,V5,West Bank,48b34b87-69c2-467d-a88c-67aac910c539,SAMMS-NONTCv5
202609032054004470,202609031904102129,202609031904101105,85,1687,Bronze INV,br_AdmissionAssessmentSummary,TASK_COMPLETE,SUCCESS,INFO,262,262,0,,2026-09-03T19:04:17.619Z,2026-09-03T20:54:05.052Z,6588,2026-09-03T20:54:05.052Z,V5B,Houma,48b34b87-69c2-467d-a88c-67aac910c539,SAMMS-HoumaV6
202609032054004471,202609031904102130,202609031904101105,85,1688,Bronze INV,br_AdmissionAssessmentSummary,TASK_COMPLETE,SUCCESS,INFO,983,983,0,,2026-09-03T19:04:17.619Z,2026-09-03T20:54:05.052Z,6588,2026-09-03T20:54:05.052Z,V6,Lake Charles,48b34b87-69c2-467d-a88c-67aac910c539,SAMMS-LCv5
202609032054004472,202609031904102131,202609031904101105,85,1690,Bronze INV,br_AdmissionAssessmentSummary,TASK_COMPLETE,SUCCESS,INFO,586,586,0,,2026-09-03T19:04:17.619Z,2026-09-03T20:54:05.052Z,6588,2026-09-03T20:54:05.052Z,V8,Memphis Midtown,48b34b87-69c2-467d-a88c-67aac910c539,SAMMS-VCPHCS-VIII-MemphisV5
202609032054004473,202609031904102132,202609031904101105,85,1691,Bronze INV,br_AdmissionAssessmentSummary,TASK_COMPLETE,SUCCESS,INFO,1636,1636,0,,2026-09-03T19:04:17.619Z,2026-09-03T20:54:05.052Z,6588,2026-09-03T20:54:05.052Z,V9,Nashville,48b34b87-69c2-467d-a88c-67aac910c539,SAMMS-NashvilleV5
202609032054004474,202609031904102133,202609031904101105,85,1692,Bronze INV,br_AdmissionAssessmentSummary,TASK_COMPLETE,SUCCESS,INFO,350,350,0,,2026-09-03T19:04:17.619Z,2026-09-03T20:54:05.052Z,6588,2026-09-03T20:54:05.052Z,VBRA,Brainerd,48b34b87-69c2-467d-a88c-67aac910c539,SAMMS-BrainerdV6
202609032054004476,202609031904102134,202609031904101105,85,1693,Bronze INV,br_AdmissionAssessmentSummary,TASK_COMPLETE,SUCCESS,INFO,617,617,0,,2026-09-03T19:04:17.619Z,2026-09-03T20:54:05.052Z,6588,2026-09-03T20:54:05.052Z,VBRP,Brooklyn Park,48b34b87-69c2-467d-a88c-67aac910c539,SAMMS-BrooklynParkV6
202609032054004477,202609031904102135,202609031904101105,85,1695,Bronze INV,br_AdmissionAssessmentSummary,TASK_COMPLETE,SUCCESS,INFO,596,596,0,,2026-09-03T19:04:17.619Z,2026-09-03T20:54:05.052Z,6588,2026-09-03T20:54:05.052Z,VMIN,Minneapolis,48b34b87-69c2-467d-a88c-67aac910c539,SAMMS-MinneapolisV6
202609032054004478,202609031904102136,202609031904101105,85,1696,Bronze INV,br_AdmissionAssessmentSummary,TASK_COMPLETE,SUCCESS,INFO,1132,1132,0,,2026-09-03T19:04:17.619Z,2026-09-03T20:54:05.052Z,6588,2026-09-03T20:54:05.052Z,VWBY,Woodbury,48b34b87-69c2-467d-a88c-67aac910c539,SAMMS-WoodburyV6
202609032054004479,202609031904102137,202609031904101105,85,1698,Bronze INV,br_AdmissionAssessmentSummary,TASK_COMPLETE,SUCCESS,INFO,445,445,0,,2026-09-03T19:04:17.619Z,2026-09-03T20:54:05.052Z,6588,2026-09-03T20:54:05.052Z,WIL,Wilson,48b34b87-69c2-467d-a88c-67aac910c539,SAMMS-Wilson
202609032054004480,202609031904102138,202609031904101105,85,782,Bronze INV,br_AdmissionAssessmentDimensionOneDisorder,TASK_COMPLETE,SUCCESS,INFO,116,116,0,,2026-09-03T19:04:17.619Z,2026-09-03T20:54:05.052Z,6588,2026-09-03T20:54:05.052Z,AHK,Ahoskie,48b34b87-69c2-467d-a88c-67aac910c539,SAMMS-Ahoskie
202609032054004481,202609031904102139,202609031904101105,85,783,Bronze INV,br_AdmissionAssessmentDimensionOneDisorder,TASK_COMPLETE,SUCCESS,INFO,810,810,0,,2026-09-03T19:04:17.619Z,2026-09-03T20:54:05.052Z,6588,2026-09-03T20:54:05.052Z,B12B,Colorado Springs,48b34b87-69c2-467d-a88c-67aac910c539,SAMMS-ColoradoSpringsV5
202609032054004482,202609031904102140,202609031904101105,85,784,Bronze INV,br_AdmissionAssessmentDimensionOneDisorder,TASK_COMPLETE,SUCCESS,INFO,432,432,0,,2026-09-03T19:04:17.619Z,2026-09-03T20:54:05.052Z,6588,2026-09-03T20:54:05.052Z,B24,Paintsville,48b34b87-69c2-467d-a88c-67aac910c539,SAMMS-PaintsvilleV5
202609032054004484,202609031904102141,202609031904101105,85,785,Bronze INV,br_AdmissionAssessmentDimensionOneDisorder,TASK_COMPLETE,SUCCESS,INFO,174,174,0,,2026-09-03T19:04:17.619Z,2026-09-03T20:54:05.052Z,6588,2026-09-03T20:54:05.052Z,B25,Pikeville,48b34b87-69c2-467d-a88c-67aac910c539,SAMMS-PikevilleV5
202609032054004485,202609031904102142,202609031904101105,85,786,Bronze INV,br_AdmissionAssessmentDimensionOneDisorder,TASK_COMPLETE,SUCCESS,INFO,500,500,0,,2026-09-03T19:04:17.619Z,2026-09-03T20:54:05.052Z,6588,2026-09-03T20:54:05.052Z,B26,Hazard,48b34b87-69c2-467d-a88c-67aac910c539,SAMMS-HazardV5
202609032054004486,202609031904102143,202609031904101105,85,787,Bronze INV,br_AdmissionAssessmentDimensionOneDisorder,TASK_COMPLETE,SUCCESS,INFO,199,199,0,,2026-09-03T19:04:17.619Z,2026-09-03T20:54:05.052Z,6588,2026-09-03T20:54:05.052Z,B27,Savannah,48b34b87-69c2-467d-a88c-67aac910c539,SAMMS-SavannahV6
202609032054004487,202609031904102144,202609031904101105,85,788,Bronze INV,br_AdmissionAssessmentDimensionOneDisorder,TASK_COMPLETE,SUCCESS,INFO,241,241,0,,2026-09-03T19:04:17.619Z,2026-09-03T20:54:05.052Z,6588,2026-09-03T20:54:05.052Z,B28,West Plains,48b34b87-69c2-467d-a88c-67aac910c539,SAMMS-WestPlainesV5
202609032054004488,202609031904102145,202609031904101105,85,789,Bronze INV,br_AdmissionAssessmentDimensionOneDisorder,TASK_COMPLETE,SUCCESS,INFO,265,265,0,,2026-09-03T19:04:17.619Z,2026-09-03T20:54:05.052Z,6588,2026-09-03T20:54:05.052Z,B29,Poplar Bluff,48b34b87-69c2-467d-a88c-67aac910c539,SAMMS-PoplarBluffV5
202609032054004489,202609031904102146,202609031904101105,85,790,Bronze INV,br_AdmissionAssessmentDimensionOneDisorder,TASK_COMPLETE,SUCCESS,INFO,167,167,0,,2026-09-03T19:04:17.619Z,2026-09-03T20:54:05.052Z,6588,2026-09-03T20:54:05.052Z,B30,KC North,48b34b87-69c2-467d-a88c-67aac910c539,SAMMS-KCNv5
202609032054004490,202609031904102147,202609031904101105,85,791,Bronze INV,br_AdmissionAssessmentDimensionOneDisorder,TASK_COMPLETE,SUCCESS,INFO,387,387,0,,2026-09-03T19:04:17.619Z,2026-09-03T20:54:05.052Z,6588,2026-09-03T20:54:05.052Z,B31,Dyersburg,48b34b87-69c2-467d-a88c-67aac910c539,SAMMS-DyersburgV5
202609032054004492,202609031904102148,202609031904101105,85,793,Bronze INV,br_AdmissionAssessmentDimensionOneDisorder,TASK_COMPLETE,SUCCESS,INFO,216,216,0,,2026-09-03T19:04:17.619Z,2026-09-03T20:54:05.052Z,6588,2026-09-03T20:54:05.052Z,B33,Paducah,48b34b87-69c2-467d-a88c-67aac910c539,SAMMS-Paducah
202609032054004493,202609031904102149,202609031904101105,85,794,Bronze INV,br_AdmissionAssessmentDimensionOneDisorder,TASK_COMPLETE,SUCCESS,INFO,461,461,0,,2026-09-03T19:04:17.619Z,2026-09-03T20:54:05.052Z,6588,2026-09-03T20:54:05.052Z,B34,Corbin,48b34b87-69c2-467d-a88c-67aac910c539,SAMMS-CorbinV5
202609032054004494,202609031904102150,202609031904101105,85,795,Bronze INV,br_AdmissionAssessmentDimensionOneDisorder,TASK_COMPLETE,SUCCESS,INFO,738,738,0,,2026-09-03T19:04:17.619Z,2026-09-03T20:54:05.052Z,6588,2026-09-03T20:54:05.052Z,B35,Lexington,48b34b87-69c2-467d-a88c-67aac910c539,SAMMS-LexingtonV5
202609032054004495,202609031904102151,202609031904101105,85,796,Bronze INV,br_AdmissionAssessmentDimensionOneDisorder,TASK_COMPLETE,SUCCESS,INFO,354,354,0,,2026-09-03T19:04:17.619Z,2026-09-03T20:54:05.052Z,6588,2026-09-03T20:54:05.052Z,B35A,Berea,48b34b87-69c2-467d-a88c-67aac910c539,SAMMS-BereaV5
202609032054004496,202609031904102152,202609031904101105,85,797,Bronze INV,br_AdmissionAssessmentDimensionOneDisorder,TASK_COMPLETE,SUCCESS,INFO,636,636,0,,2026-09-03T19:04:17.619Z,2026-09-03T20:54:05.052Z,6588,2026-09-03T20:54:05.052Z,B36,Asheville,48b34b87-69c2-467d-a88c-67aac910c539,SAMMS-AshevilleV5
202609032054004497,202609031904102153,202609031904101105,85,798,Bronze INV,br_AdmissionAssessmentDimensionOneDisorder,TASK_COMPLETE,SUCCESS,INFO,471,471,0,,2026-09-03T19:04:17.619Z,2026-09-03T20:54:05.052Z,6588,2026-09-03T20:54:05.052Z,B37,Clyde,48b34b87-69c2-467d-a88c-67aac910c539,SAMMS-ClydeV5
202609032054004498,202609031904102154,202609031904101105,85,799,Bronze INV,br_AdmissionAssessmentDimensionOneDisorder,TASK_COMPLETE,SUCCESS,INFO,644,644,0,,2026-09-03T19:04:17.619Z,2026-09-03T20:54:05.052Z,6588,2026-09-03T20:54:05.052Z,B38,Spartanburg,48b34b87-69c2-467d-a88c-67aac910c539,SAMMS-SpartanburgV5
202609032054004499,202609031904102155,202609031904101105,85,800,Bronze INV,br_AdmissionAssessmentDimensionOneDisorder,TASK_COMPLETE,SUCCESS,INFO,497,497,0,,2026-09-03T19:04:17.619Z,2026-09-03T20:54:05.052Z,6588,2026-09-03T20:54:05.052Z,B39,Aiken,48b34b87-69c2-467d-a88c-67aac910c539,SAMMS-AikenV5
202609032054004501,202609031904102156,202609031904101105,85,801,Bronze INV,br_AdmissionAssessmentDimensionOneDisorder,TASK_COMPLETE,SUCCESS,INFO,329,329,0,,2026-09-03T19:04:17.619Z,2026-09-03T20:54:05.052Z,6588,2026-09-03T20:54:05.052Z,B41,Chesapeake,48b34b87-69c2-467d-a88c-67aac910c539,SAMMS-ChesapeakeV5
202609032054004502,202609031904102157,202609031904101105,85,802,Bronze INV,br_AdmissionAssessmentDimensionOneDisorder,TASK_COMPLETE,SUCCESS,INFO,562,562,0,,2026-09-03T19:04:17.619Z,2026-09-03T20:54:05.052Z,6588,2026-09-03T20:54:05.052Z,B42,Virginia Beach,48b34b87-69c2-467d-a88c-67aac910c539,SAMMS-VirginiaBeachV5
202609032054004503,202609031904102158,202609031904101105,85,803,Bronze INV,br_AdmissionAssessmentDimensionOneDisorder,TASK_COMPLETE,SUCCESS,INFO,170,170,0,,2026-09-03T19:04:17.619Z,2026-09-03T20:54:05.052Z,6588,2026-09-03T20:54:05.052Z,B42A,Newport News,48b34b87-69c2-467d-a88c-67aac910c539,SAMMS-NewportNewsV5
202609032054004504,202609031904102159,202609031904101105,85,804,Bronze INV,br_AdmissionAssessmentDimensionOneDisorder,TASK_COMPLETE,SUCCESS,INFO,61,61,0,,2026-09-03T19:04:17.619Z,2026-09-03T20:54:05.052Z,6588,2026-09-03T20:54:05.052Z,B42B,Franklin,48b34b87-69c2-467d-a88c-67aac910c539,SAMMS-FranklinV5
202609032054004505,202609031904102160,202609031904101105,85,805,Bronze INV,br_AdmissionAssessmentDimensionOneDisorder,TASK_COMPLETE,SUCCESS,INFO,351,351,0,,2026-09-03T19:04:17.619Z,2026-09-03T20:54:05.052Z,6588,2026-09-03T20:54:05.052Z,B42C,Glen Allen,48b34b87-69c2-467d-a88c-67aac910c539,SAMMS-GlenAllenV5
202609032054004506,202609031904102161,202609031904101105,85,806,Bronze INV,br_AdmissionAssessmentDimensionOneDisorder,TASK_COMPLETE,SUCCESS,INFO,174,174,0,,2026-09-03T19:04:17.619Z,2026-09-03T20:54:05.052Z,6588,2026-09-03T20:54:05.052Z,B42D,Chesapeake South,48b34b87-69c2-467d-a88c-67aac910c539,SAMMS-ChesapeakeSouthV5
202609032054004508,202609031904102162,202609031904101105,85,807,Bronze INV,br_AdmissionAssessmentDimensionOneDisorder,TASK_COMPLETE,SUCCESS,INFO,221,221,0,,2026-09-03T19:04:17.619Z,2026-09-03T20:54:05.052Z,6588,2026-09-03T20:54:05.052Z,B44,Albany,48b34b87-69c2-467d-a88c-67aac910c539,SAMMS-AlbanyV5
202609032054004509,202609031904102163,202609031904101105,85,808,Bronze INV,br_AdmissionAssessmentDimensionOneDisorder,TASK_COMPLETE,SUCCESS,INFO,314,314,0,,2026-09-03T19:04:17.619Z,2026-09-03T20:54:05.052Z,6588,2026-09-03T20:54:05.052Z,B45,Tifton,48b34b87-69c2-467d-a88c-67aac910c539,SAMMS-TiftonV5
202609032054004510,202609031904102164,202609031904101105,85,809,Bronze INV,br_AdmissionAssessmentDimensionOneDisorder,TASK_COMPLETE,SUCCESS,INFO,714,714,0,,2026-09-03T19:04:17.619Z,2026-09-03T20:54:05.052Z,6588,2026-09-03T20:54:05.052Z,B46,Washington DC,48b34b87-69c2-467d-a88c-67aac910c539,SAMMS-WashingtonDCv5
202609032054004511,202609031904102165,202609031904101105,85,810,Bronze INV,br_AdmissionAssessmentDimensionOneDisorder,TASK_COMPLETE,SUCCESS,INFO,395,395,0,,2026-09-03T19:04:17.619Z,2026-09-03T20:54:05.052Z,6588,2026-09-03T20:54:05.052Z,B47,Mobile,48b34b87-69c2-467d-a88c-67aac910c539,SAMMS-MobileV5
202609032054004513,202609031904102166,202609031904101105,85,811,Bronze INV,br_AdmissionAssessmentDimensionOneDisorder,TASK_COMPLETE,SUCCESS,INFO,481,481,0,,2026-09-03T19:04:17.619Z,2026-09-03T20:54:05.052Z,6588,2026-09-03T20:54:05.052Z,B48,Tuscaloosa,48b34b87-69c2-467d-a88c-67aac910c539,SAMMS-TuscaloosaV5
202609032054004515,202609031904102167,202609031904101105,85,820,Bronze INV,br_AdmissionAssessmentDimensionOneDisorder,TASK_COMPLETE,SUCCESS,INFO,327,327,0,,2026-09-03T19:04:17.619Z,2026-09-03T20:54:05.052Z,6588,2026-09-03T20:54:05.052Z,B51,N. Little Rock (OTP),48b34b87-69c2-467d-a88c-67aac910c539,SAMMS-NorthLittleRockV6
202609032054004516,202609031904102168,202609031904101105,85,821,Bronze INV,br_AdmissionAssessmentDimensionOneDisorder,TASK_COMPLETE,SUCCESS,INFO,165,165,0,,2026-09-03T19:04:17.619Z,2026-09-03T20:54:05.052Z,6588,2026-09-03T20:54:05.052Z,B52,Jackson GA,48b34b87-69c2-467d-a88c-67aac910c539,SAMMS-JacksonGAV5
202609032054004517,202609031904102169,202609031904101105,85,822,Bronze INV,br_AdmissionAssessmentDimensionOneDisorder,TASK_COMPLETE,SUCCESS,INFO,516,516,0,,2026-09-03T19:04:17.619Z,2026-09-03T20:54:05.052Z,6588,2026-09-03T20:54:05.052Z,B54,Gadsden,48b34b87-69c2-467d-a88c-67aac910c539,SAMMS-GadsdenV5
202609032054004518,202609031904102170,202609031904101105,85,823,Bronze INV,br_AdmissionAssessmentDimensionOneDisorder,TASK_COMPLETE,SUCCESS,INFO,518,518,0,,2026-09-03T19:04:17.619Z,2026-09-03T20:54:05.052Z,6588,2026-09-03T20:54:05.052Z,B55,Shoals,48b34b87-69c2-467d-a88c-67aac910c539,SAMMS-ShoalsV5
202609032054004519,202609031904102171,202609031904101105,85,824,Bronze INV,br_AdmissionAssessmentDimensionOneDisorder,TASK_COMPLETE,SUCCESS,INFO,179,179,0,,2026-09-03T19:04:17.619Z,2026-09-03T20:54:05.052Z,6588,2026-09-03T20:54:05.052Z,B57,Pawtucket,48b34b87-69c2-467d-a88c-67aac910c539,SAMMS-Pawtucket
202609032054004520,202609031904102172,202609031904101105,85,825,Bronze INV,br_AdmissionAssessmentDimensionOneDisorder,TASK_COMPLETE,SUCCESS,INFO,177,177,0,,2026-09-03T19:04:17.619Z,2026-09-03T20:54:05.052Z,6588,2026-09-03T20:54:05.052Z,B57A,Johnston,48b34b87-69c2-467d-a88c-67aac910c539,SAMMS-Johnston
202609032054004521,202609031904102173,202609031904101105,85,826,Bronze INV,br_AdmissionAssessmentDimensionOneDisorder,TASK_COMPLETE,SUCCESS,INFO,100,100,0,,2026-09-03T19:04:17.619Z,2026-09-03T20:54:05.052Z,6588,2026-09-03T20:54:05.052Z,B57B,Middletown,48b34b87-69c2-467d-a88c-67aac910c539,SAMMS-Middletown
202609032054004522,202609031904102174,202609031904101105,85,827,Bronze INV,br_AdmissionAssessmentDimensionOneDisorder,TASK_COMPLETE,SUCCESS,INFO,189,189,0,,2026-09-03T19:04:17.619Z,2026-09-03T20:54:05.052Z,6588,2026-09-03T20:54:05.052Z,B57C,Providence,48b34b87-69c2-467d-a88c-67aac910c539,SAMMS-Providence
202609032054004524,202609031904102175,202609031904101105,85,828,Bronze INV,br_AdmissionAssessmentDimensionOneDisorder,TASK_COMPLETE,SUCCESS,INFO,268,268,0,,2026-09-03T19:04:17.619Z,2026-09-03T20:54:05.052Z,6588,2026-09-03T20:54:05.052Z,B57D,Westerly,48b34b87-69c2-467d-a88c-67aac910c539,SAMMS-Westerly
202609032054004525,202609031904102176,202609031904101105,85,832,Bronze INV,br_AdmissionAssessmentDimensionOneDisorder,TASK_COMPLETE,SUCCESS,INFO,374,374,0,,2026-09-03T19:04:17.619Z,2026-09-03T20:54:05.052Z,6588,2026-09-03T20:54:05.052Z,B66A,Bremen,48b34b87-69c2-467d-a88c-67aac910c539,SAMMS-Bremen
202609032054004526,202609031904102177,202609031904101105,85,835,Bronze INV,br_AdmissionAssessmentDimensionOneDisorder,TASK_COMPLETE,SUCCESS,INFO,41,41,0,,2026-09-03T19:04:17.619Z,2026-09-03T20:54:05.052Z,6588,2026-09-03T20:54:05.052Z,B72,Mobile (OBOT),48b34b87-69c2-467d-a88c-67aac910c539,SAMMS-Mobile-OBOT
202609032054004527,202609031904102178,202609031904101105,85,836,Bronze INV,br_AdmissionAssessmentDimensionOneDisorder,TASK_COMPLETE,SUCCESS,INFO,4,4,0,,2026-09-03T19:04:17.619Z,2026-09-03T20:54:05.052Z,6588,2026-09-03T20:54:05.052Z,B73,Montgomery,48b34b87-69c2-467d-a88c-67aac910c539,SAMMS-Montgomery
202609032054004528,202609031904102179,202609031904101105,85,837,Bronze INV,br_AdmissionAssessmentDimensionOneDisorder,TASK_COMPLETE,SUCCESS,INFO,342,342,0,,2026-09-03T19:04:17.619Z,2026-09-03T20:54:05.052Z,6588,2026-09-03T20:54:05.052Z,B75,Lawrence,48b34b87-69c2-467d-a88c-67aac910c539,SAMMS-LawrenceV6
202609032054004529,202609031904102180,202609031904101105,85,838,Bronze INV,br_AdmissionAssessmentDimensionOneDisorder,TASK_COMPLETE,SUCCESS,INFO,54,54,0,,2026-09-03T19:04:17.619Z,2026-09-03T20:54:05.052Z,6588,2026-09-03T20:54:05.052Z,B76,Huntsville OBOT,48b34b87-69c2-467d-a88c-67aac910c539,SAMMS-Huntsville-OBOT
202609032054004531,202609031904102181,202609031904101105,85,839,Bronze INV,br_AdmissionAssessmentDimensionOneDisorder,TASK_COMPLETE,SUCCESS,INFO,308,308,0,,2026-09-03T19:04:17.619Z,2026-09-03T20:54:05.052Z,6588,2026-09-03T20:54:05.052Z,BAT,Batesville,48b34b87-69c2-467d-a88c-67aac910c539,SAMMS-Batesville
202609032054004532,202609031904102182,202609031904101105,85,840,Bronze INV,br_AdmissionAssessmentDimensionOneDisorder,TASK_COMPLETE,SUCCESS,INFO,245,245,0,,2026-09-03T19:04:17.619Z,2026-09-03T20:54:05.052Z,6588,2026-09-03T20:54:05.052Z,BG,Bowling Green,48b34b87-69c2-467d-a88c-67aac910c539,SAMMS-BowlingGreen
202609032054004533,202609031904102183,202609031904101105,85,841,Bronze INV,br_AdmissionAssessmentDimensionOneDisorder,TASK_COMPLETE,SUCCESS,INFO,235,235,0,,2026-09-03T19:04:17.619Z,2026-09-03T20:54:05.052Z,6588,2026-09-03T20:54:05.052Z,BOI,Boise,48b34b87-69c2-467d-a88c-67aac910c539,SAMMS-Boise
202609032054004534,202609031904102184,202609031904101105,85,848,Bronze INV,br_AdmissionAssessmentDimensionOneDisorder,TASK_COMPLETE,SUCCESS,INFO,309,309,0,,2026-09-03T19:04:17.619Z,2026-09-03T20:54:05.052Z,6588,2026-09-03T20:54:05.052Z,CBCO,Coeur dAlene,48b34b87-69c2-467d-a88c-67aac910c539,SAMMS-CoeurdAleneV6
202609032054004535,202609031904102185,202609031904101105,85,867,Bronze INV,br_AdmissionAssessmentDimensionOneDisorder,TASK_COMPLETE,SUCCESS,INFO,351,351,0,,2026-09-03T19:04:17.619Z,2026-09-03T20:54:05.052Z,6588,2026-09-03T20:54:05.052Z,CON,Conway,48b34b87-69c2-467d-a88c-67aac910c539,SAMMS-Conway
202609032054004536,202609031904102186,202609031904101105,85,868,Bronze INV,br_AdmissionAssessmentDimensionOneDisorder,TASK_COMPLETE,SUCCESS,INFO,1634,1634,0,,2026-09-03T19:04:17.619Z,2026-09-03T20:54:05.052Z,6588,2026-09-03T20:54:05.052Z,D07,Medical Services Knox TN,48b34b87-69c2-467d-a88c-67aac910c539,SAMMS-KnoxvilleV6
202609032054004537,202609031904102187,202609031904101105,85,869,Bronze INV,br_AdmissionAssessmentDimensionOneDisorder,TASK_COMPLETE,SUCCESS,INFO,1040,1040,0,,2026-09-03T19:04:17.619Z,2026-09-03T20:54:05.052Z,6588,2026-09-03T20:54:05.052Z,D08,Madison,48b34b87-69c2-467d-a88c-67aac910c539,SAMMS-MadisonV6
202609032054004539,202609031904102188,202609031904101105,85,871,Bronze INV,br_AdmissionAssessmentDimensionOneDisorder,TASK_COMPLETE,SUCCESS,INFO,985,985,0,,2026-09-03T19:04:17.619Z,2026-09-03T20:54:05.052Z,6588,2026-09-03T20:54:05.052Z,D09,Murfreesboro,48b34b87-69c2-467d-a88c-67aac910c539,SAMMS-MurfreesboroV6
202609032054004540,202609031904102189,202609031904101105,85,872,Bronze INV,br_AdmissionAssessmentDimensionOneDisorder,TASK_COMPLETE,SUCCESS,INFO,232,232,0,,2026-09-03T19:04:17.619Z,2026-09-03T20:54:05.052Z,6588,2026-09-03T20:54:05.052Z,DA,Davenport,48b34b87-69c2-467d-a88c-67aac910c539,SAMMS-Davenport
202609032054004541,202609031904102190,202609031904101105,85,873,Bronze INV,br_AdmissionAssessmentDimensionOneDisorder,TASK_COMPLETE,SUCCESS,INFO,367,367,0,,2026-09-03T19:04:17.619Z,2026-09-03T20:54:05.052Z,6588,2026-09-03T20:54:05.052Z,DM,Des Moines,48b34b87-69c2-467d-a88c-67aac910c539,SAMMS-DesMoines
202609032054004542,202609031904102191,202609031904101105,85,875,Bronze INV,br_AdmissionAssessmentDimensionOneDisorder,TASK_COMPLETE,SUCCESS,INFO,501,501,0,,2026-09-03T19:04:17.619Z,2026-09-03T20:54:05.052Z,6588,2026-09-03T20:54:05.052Z,DRD-CO,Columbia MO,48b34b87-69c2-467d-a88c-67aac910c539,SAMMS-ColumbiaV5
202609032054004543,202609031904102192,202609031904101105,85,876,Bronze INV,br_AdmissionAssessmentDimensionOneDisorder,TASK_COMPLETE,SUCCESS,INFO,616,616,0,,2026-09-03T19:04:17.619Z,2026-09-03T20:54:05.052Z,6588,2026-09-03T20:54:05.052Z,DRD-KC,KC,48b34b87-69c2-467d-a88c-67aac910c539,SAMMS-KCv5
202609032054004544,202609031904102193,202609031904101105,85,877,Bronze INV,br_AdmissionAssessmentDimensionOneDisorder,TASK_COMPLETE,SUCCESS,INFO,987,987,0,,2026-09-03T19:04:17.619Z,2026-09-03T20:54:05.052Z,6588,2026-09-03T20:54:05.052Z,DRD-KVB,KVB,48b34b87-69c2-467d-a88c-67aac910c539,SAMMS-KVBv5
202609032054004860,202609031904102466,202609031904101105,85,1305,Bronze INV,br_AdmissionAssessmentDimensionThree,TASK_COMPLETE,SUCCESS,INFO,475,475,0,,2026-09-03T19:04:17.619Z,2026-09-03T20:54:05.052Z,6588,2026-09-03T20:54:05.052Z,V12A,Centennial,48b34b87-69c2-467d-a88c-67aac910c539,SAMMS-CentennialV5
202609032054004861,202609031904102467,202609031904101105,85,1306,Bronze INV,br_AdmissionAssessmentDimensionThree,TASK_COMPLETE,SUCCESS,INFO,296,296,0,,2026-09-03T19:04:17.619Z,2026-09-03T20:54:05.052Z,6588,2026-09-03T20:54:05.052Z,V14,Overland Park,48b34b87-69c2-467d-a88c-67aac910c539,SAMMS-VCPHCS-XIV-BridgewayV5
202609032054004863,202609031904102468,202609031904101105,85,1307,Bronze INV,br_AdmissionAssessmentDimensionThree,TASK_COMPLETE,SUCCESS,INFO,576,576,0,,2026-09-03T19:04:17.619Z,2026-09-03T20:54:05.052Z,6588,2026-09-03T20:54:05.052Z,V15,Joplin,48b34b87-69c2-467d-a88c-67aac910c539,SAMMS-JoplinV5
202609032054004864,202609031904102469,202609031904101105,85,1309,Bronze INV,br_AdmissionAssessmentDimensionThree,TASK_COMPLETE,SUCCESS,INFO,474,474,0,,2026-09-03T19:04:17.619Z,2026-09-03T20:54:05.052Z,6588,2026-09-03T20:54:05.052Z,V17,Columbia TN,48b34b87-69c2-467d-a88c-67aac910c539,SAMMS-ColumbiaTNv5
202609032054004865,202609031904102470,202609031904101105,85,1311,Bronze INV,br_AdmissionAssessmentDimensionThree,TASK_COMPLETE,SUCCESS,INFO,420,420,0,,2026-09-03T19:04:17.619Z,2026-09-03T20:54:05.052Z,6588,2026-09-03T20:54:05.052Z,V19,Jackson,48b34b87-69c2-467d-a88c-67aac910c539,SAMMS-JacksonV5
202609032054004866,202609031904102471,202609031904101105,85,1313,Bronze INV,br_AdmissionAssessmentDimensionThree,TASK_COMPLETE,SUCCESS,INFO,490,490,0,,2026-09-03T19:04:17.619Z,2026-09-03T20:54:05.052Z,6588,2026-09-03T20:54:05.052Z,V20,Paris,48b34b87-69c2-467d-a88c-67aac910c539,SAMMS-ParisV5
202609032054004867,202609031904102472,202609031904101105,85,1314,Bronze INV,br_AdmissionAssessmentDimensionThree,TASK_COMPLETE,SUCCESS,INFO,360,360,0,,2026-09-03T19:04:17.619Z,2026-09-03T20:54:05.052Z,6588,2026-09-03T20:54:05.052Z,V21,Memphis North,48b34b87-69c2-467d-a88c-67aac910c539,SAMMS-RaleighV5
202609032054004868,202609031904102473,202609031904101105,85,1317,Bronze INV,br_AdmissionAssessmentDimensionThree,TASK_COMPLETE,SUCCESS,INFO,705,705,0,,2026-09-03T19:04:17.619Z,2026-09-03T20:54:05.052Z,6588,2026-09-03T20:54:05.052Z,V5,West Bank,48b34b87-69c2-467d-a88c-67aac910c539,SAMMS-NONTCv5
202609032054004869,202609031904102474,202609031904101105,85,1319,Bronze INV,br_AdmissionAssessmentDimensionThree,TASK_COMPLETE,SUCCESS,INFO,254,254,0,,2026-09-03T19:04:17.619Z,2026-09-03T20:54:05.052Z,6588,2026-09-03T20:54:05.052Z,V5B,Houma,48b34b87-69c2-467d-a88c-67aac910c539,SAMMS-HoumaV6
202609032054004871,202609031904102475,202609031904101105,85,1320,Bronze INV,br_AdmissionAssessmentDimensionThree,TASK_COMPLETE,SUCCESS,INFO,958,958,0,,2026-09-03T19:04:17.619Z,2026-09-03T20:54:05.052Z,6588,2026-09-03T20:54:05.052Z,V6,Lake Charles,48b34b87-69c2-467d-a88c-67aac910c539,SAMMS-LCv5
202609032054004872,202609031904102476,202609031904101105,85,1322,Bronze INV,br_AdmissionAssessmentDimensionThree,TASK_COMPLETE,SUCCESS,INFO,569,569,0,,2026-09-03T19:04:17.619Z,2026-09-03T20:54:05.052Z,6588,2026-09-03T20:54:05.052Z,V8,Memphis Midtown,48b34b87-69c2-467d-a88c-67aac910c539,SAMMS-VCPHCS-VIII-MemphisV5
202609032054004873,202609031904102477,202609031904101105,85,1323,Bronze INV,br_AdmissionAssessmentDimensionThree,TASK_COMPLETE,SUCCESS,INFO,1584,1584,0,,2026-09-03T19:04:17.619Z,2026-09-03T20:54:05.052Z,6588,2026-09-03T20:54:05.052Z,V9,Nashville,48b34b87-69c2-467d-a88c-67aac910c539,SAMMS-NashvilleV5
202609032054004874,202609031904102478,202609031904101105,85,1324,Bronze INV,br_AdmissionAssessmentDimensionThree,TASK_COMPLETE,SUCCESS,INFO,332,332,0,,2026-09-03T19:04:17.619Z,2026-09-03T20:54:05.052Z,6588,2026-09-03T20:54:05.052Z,VBRA,Brainerd,48b34b87-69c2-467d-a88c-67aac910c539,SAMMS-BrainerdV6
202609032054004875,202609031904102479,202609031904101105,85,1325,Bronze INV,br_AdmissionAssessmentDimensionThree,TASK_COMPLETE,SUCCESS,INFO,593,593,0,,2026-09-03T19:04:17.619Z,2026-09-03T20:54:05.052Z,6588,2026-09-03T20:54:05.052Z,VBRP,Brooklyn Park,48b34b87-69c2-467d-a88c-67aac910c539,SAMMS-BrooklynParkV6
202609032054004876,202609031904102480,202609031904101105,85,1327,Bronze INV,br_AdmissionAssessmentDimensionThree,TASK_COMPLETE,SUCCESS,INFO,577,577,0,,2026-09-03T19:04:17.619Z,2026-09-03T20:54:05.052Z,6588,2026-09-03T20:54:05.052Z,VMIN,Minneapolis,48b34b87-69c2-467d-a88c-67aac910c539,SAMMS-MinneapolisV6
202609032054004877,202609031904102481,202609031904101105,85,1328,Bronze INV,br_AdmissionAssessmentDimensionThree,TASK_COMPLETE,SUCCESS,INFO,1067,1067,0,,2026-09-03T19:04:17.619Z,2026-09-03T20:54:05.052Z,6588,2026-09-03T20:54:05.052Z,VWBY,Woodbury,48b34b87-69c2-467d-a88c-67aac910c539,SAMMS-WoodburyV6
202609032054004878,202609031904102482,202609031904101105,85,1330,Bronze INV,br_AdmissionAssessmentDimensionThree,TASK_COMPLETE,SUCCESS,INFO,434,434,0,,2026-09-03T19:04:17.619Z,2026-09-03T20:54:05.052Z,6588,2026-09-03T20:54:05.052Z,WIL,Wilson,48b34b87-69c2-467d-a88c-67aac910c539,SAMMS-Wilson
202609032054004880,202609031904102483,202609031904101105,85,598,Bronze INV,br_AdmissionAssessmentDimensionFour,TASK_COMPLETE,SUCCESS,INFO,100,100,0,,2026-09-03T19:04:17.619Z,2026-09-03T20:54:05.052Z,6588,2026-09-03T20:54:05.052Z,AHK,Ahoskie,48b34b87-69c2-467d-a88c-67aac910c539,SAMMS-Ahoskie
202609032054004881,202609031904102484,202609031904101105,85,599,Bronze INV,br_AdmissionAssessmentDimensionFour,TASK_COMPLETE,SUCCESS,INFO,798,798,0,,2026-09-03T19:04:17.619Z,2026-09-03T20:54:05.052Z,6588,2026-09-03T20:54:05.052Z,B12B,Colorado Springs,48b34b87-69c2-467d-a88c-67aac910c539,SAMMS-ColoradoSpringsV5
202609032054004882,202609031904102485,202609031904101105,85,600,Bronze INV,br_AdmissionAssessmentDimensionFour,TASK_COMPLETE,SUCCESS,INFO,411,411,0,,2026-09-03T19:04:17.619Z,2026-09-03T20:54:05.052Z,6588,2026-09-03T20:54:05.052Z,B24,Paintsville,48b34b87-69c2-467d-a88c-67aac910c539,SAMMS-PaintsvilleV5
202609032054004883,202609031904102486,202609031904101105,85,601,Bronze INV,br_AdmissionAssessmentDimensionFour,TASK_COMPLETE,SUCCESS,INFO,171,171,0,,2026-09-03T19:04:17.619Z,2026-09-03T20:54:05.052Z,6588,2026-09-03T20:54:05.052Z,B25,Pikeville,48b34b87-69c2-467d-a88c-67aac910c539,SAMMS-PikevilleV5
202609032054004884,202609031904102487,202609031904101105,85,602,Bronze INV,br_AdmissionAssessmentDimensionFour,TASK_COMPLETE,SUCCESS,INFO,492,492,0,,2026-09-03T19:04:17.619Z,2026-09-03T20:54:05.052Z,6588,2026-09-03T20:54:05.052Z,B26,Hazard,48b34b87-69c2-467d-a88c-67aac910c539,SAMMS-HazardV5
202609032054004885,202609031904102488,202609031904101105,85,603,Bronze INV,br_AdmissionAssessmentDimensionFour,TASK_COMPLETE,SUCCESS,INFO,189,189,0,,2026-09-03T19:04:17.619Z,2026-09-03T20:54:05.052Z,6588,2026-09-03T20:54:05.052Z,B27,Savannah,48b34b87-69c2-467d-a88c-67aac910c539,SAMMS-SavannahV6
202609032054004886,202609031904102489,202609031904101105,85,604,Bronze INV,br_AdmissionAssessmentDimensionFour,TASK_COMPLETE,SUCCESS,INFO,237,237,0,,2026-09-03T19:04:17.619Z,2026-09-03T20:54:05.052Z,6588,2026-09-03T20:54:05.052Z,B28,West Plains,48b34b87-69c2-467d-a88c-67aac910c539,SAMMS-WestPlainesV5
202609032054004888,202609031904102490,202609031904101105,85,605,Bronze INV,br_AdmissionAssessmentDimensionFour,TASK_COMPLETE,SUCCESS,INFO,262,262,0,,2026-09-03T19:04:17.619Z,2026-09-03T20:54:05.052Z,6588,2026-09-03T20:54:05.052Z,B29,Poplar Bluff,48b34b87-69c2-467d-a88c-67aac910c539,SAMMS-PoplarBluffV5
202609032054004889,202609031904102491,202609031904101105,85,606,Bronze INV,br_AdmissionAssessmentDimensionFour,TASK_COMPLETE,SUCCESS,INFO,141,141,0,,2026-09-03T19:04:17.619Z,2026-09-03T20:54:05.052Z,6588,2026-09-03T20:54:05.052Z,B30,KC North,48b34b87-69c2-467d-a88c-67aac910c539,SAMMS-KCNv5
202609032054004890,202609031904102492,202609031904101105,85,607,Bronze INV,br_AdmissionAssessmentDimensionFour,TASK_COMPLETE,SUCCESS,INFO,340,340,0,,2026-09-03T19:04:17.619Z,2026-09-03T20:54:05.052Z,6588,2026-09-03T20:54:05.052Z,B31,Dyersburg,48b34b87-69c2-467d-a88c-67aac910c539,SAMMS-DyersburgV5
202609032054004891,202609031904102493,202609031904101105,85,609,Bronze INV,br_AdmissionAssessmentDimensionFour,TASK_COMPLETE,SUCCESS,INFO,212,212,0,,2026-09-03T19:04:17.619Z,2026-09-03T20:54:05.052Z,6588,2026-09-03T20:54:05.052Z,B33,Paducah,48b34b87-69c2-467d-a88c-67aac910c539,SAMMS-Paducah
202609032054004892,202609031904102494,202609031904101105,85,610,Bronze INV,br_AdmissionAssessmentDimensionFour,TASK_COMPLETE,SUCCESS,INFO,448,448,0,,2026-09-03T19:04:17.619Z,2026-09-03T20:54:05.052Z,6588,2026-09-03T20:54:05.052Z,B34,Corbin,48b34b87-69c2-467d-a88c-67aac910c539,SAMMS-CorbinV5
202609032054004893,202609031904102495,202609031904101105,85,611,Bronze INV,br_AdmissionAssessmentDimensionFour,TASK_COMPLETE,SUCCESS,INFO,715,715,0,,2026-09-03T19:04:17.619Z,2026-09-03T20:54:05.052Z,6588,2026-09-03T20:54:05.052Z,B35,Lexington,48b34b87-69c2-467d-a88c-67aac910c539,SAMMS-LexingtonV5
202609032054004894,202609031904102496,202609031904101105,85,612,Bronze INV,br_AdmissionAssessmentDimensionFour,TASK_COMPLETE,SUCCESS,INFO,345,345,0,,2026-09-03T19:04:17.619Z,2026-09-03T20:54:05.052Z,6588,2026-09-03T20:54:05.052Z,B35A,Berea,48b34b87-69c2-467d-a88c-67aac910c539,SAMMS-BereaV5
202609032054004896,202609031904102497,202609031904101105,85,613,Bronze INV,br_AdmissionAssessmentDimensionFour,TASK_COMPLETE,SUCCESS,INFO,606,606,0,,2026-09-03T19:04:17.619Z,2026-09-03T20:54:05.052Z,6588,2026-09-03T20:54:05.052Z,B36,Asheville,48b34b87-69c2-467d-a88c-67aac910c539,SAMMS-AshevilleV5
202609032054004897,202609031904102498,202609031904101105,85,614,Bronze INV,br_AdmissionAssessmentDimensionFour,TASK_COMPLETE,SUCCESS,INFO,451,451,0,,2026-09-03T19:04:17.619Z,2026-09-03T20:54:05.052Z,6588,2026-09-03T20:54:05.052Z,B37,Clyde,48b34b87-69c2-467d-a88c-67aac910c539,SAMMS-ClydeV5
202609032054004898,202609031904102499,202609031904101105,85,615,Bronze INV,br_AdmissionAssessmentDimensionFour,TASK_COMPLETE,SUCCESS,INFO,634,634,0,,2026-09-03T19:04:17.619Z,2026-09-03T20:54:05.052Z,6588,2026-09-03T20:54:05.052Z,B38,Spartanburg,48b34b87-69c2-467d-a88c-67aac910c539,SAMMS-SpartanburgV5
202609032054004899,202609031904102500,202609031904101105,85,616,Bronze INV,br_AdmissionAssessmentDimensionFour,TASK_COMPLETE,SUCCESS,INFO,482,482,0,,2026-09-03T19:04:17.619Z,2026-09-03T20:54:05.052Z,6588,2026-09-03T20:54:05.052Z,B39,Aiken,48b34b87-69c2-467d-a88c-67aac910c539,SAMMS-AikenV5
202609032054004901,202609031904102501,202609031904101105,85,617,Bronze INV,br_AdmissionAssessmentDimensionFour,TASK_COMPLETE,SUCCESS,INFO,290,290,0,,2026-09-03T19:04:17.619Z,2026-09-03T20:54:05.052Z,6588,2026-09-03T20:54:05.052Z,B41,Chesapeake,48b34b87-69c2-467d-a88c-67aac910c539,SAMMS-ChesapeakeV5
202609032054004905,202609031904102502,202609031904101105,85,618,Bronze INV,br_AdmissionAssessmentDimensionFour,TASK_COMPLETE,SUCCESS,INFO,534,534,0,,2026-09-03T19:04:17.619Z,2026-09-03T20:54:05.052Z,6588,2026-09-03T20:54:05.052Z,B42,Virginia Beach,48b34b87-69c2-467d-a88c-67aac910c539,SAMMS-VirginiaBeachV5
202609032054004906,202609031904102503,202609031904101105,85,619,Bronze INV,br_AdmissionAssessmentDimensionFour,TASK_COMPLETE,SUCCESS,INFO,165,165,0,,2026-09-03T19:04:17.619Z,2026-09-03T20:54:05.052Z,6588,2026-09-03T20:54:05.052Z,B42A,Newport News,48b34b87-69c2-467d-a88c-67aac910c539,SAMMS-NewportNewsV5
202609032054004907,202609031904102504,202609031904101105,85,620,Bronze INV,br_AdmissionAssessmentDimensionFour,TASK_COMPLETE,SUCCESS,INFO,56,56,0,,2026-09-03T19:04:17.619Z,2026-09-03T20:54:05.052Z,6588,2026-09-03T20:54:05.052Z,B42B,Franklin,48b34b87-69c2-467d-a88c-67aac910c539,SAMMS-FranklinV5
202609032054004909,202609031904102505,202609031904101105,85,621,Bronze INV,br_AdmissionAssessmentDimensionFour,TASK_COMPLETE,SUCCESS,INFO,334,334,0,,2026-09-03T19:04:17.619Z,2026-09-03T20:54:05.052Z,6588,2026-09-03T20:54:05.052Z,B42C,Glen Allen,48b34b87-69c2-467d-a88c-67aac910c539,SAMMS-GlenAllenV5
202609032054004910,202609031904102506,202609031904101105,85,622,Bronze INV,br_AdmissionAssessmentDimensionFour,TASK_COMPLETE,SUCCESS,INFO,169,169,0,,2026-09-03T19:04:17.619Z,2026-09-03T20:54:05.052Z,6588,2026-09-03T20:54:05.052Z,B42D,Chesapeake South,48b34b87-69c2-467d-a88c-67aac910c539,SAMMS-ChesapeakeSouthV5
202609032054004911,202609031904102507,202609031904101105,85,623,Bronze INV,br_AdmissionAssessmentDimensionFour,TASK_COMPLETE,SUCCESS,INFO,211,211,0,,2026-09-03T19:04:17.619Z,2026-09-03T20:54:05.052Z,6588,2026-09-03T20:54:05.052Z,B44,Albany,48b34b87-69c2-467d-a88c-67aac910c539,SAMMS-AlbanyV5
202609032054004912,202609031904102508,202609031904101105,85,624,Bronze INV,br_AdmissionAssessmentDimensionFour,TASK_COMPLETE,SUCCESS,INFO,308,308,0,,2026-09-03T19:04:17.619Z,2026-09-03T20:54:05.052Z,6588,2026-09-03T20:54:05.052Z,B45,Tifton,48b34b87-69c2-467d-a88c-67aac910c539,SAMMS-TiftonV5
202609032054004913,202609031904102509,202609031904101105,85,625,Bronze INV,br_AdmissionAssessmentDimensionFour,TASK_COMPLETE,SUCCESS,INFO,670,670,0,,2026-09-03T19:04:17.619Z,2026-09-03T20:54:05.052Z,6588,2026-09-03T20:54:05.052Z,B46,Washington DC,48b34b87-69c2-467d-a88c-67aac910c539,SAMMS-WashingtonDCv5
202609032054004914,202609031904102510,202609031904101105,85,626,Bronze INV,br_AdmissionAssessmentDimensionFour,TASK_COMPLETE,SUCCESS,INFO,352,352,0,,2026-09-03T19:04:17.619Z,2026-09-03T20:54:05.052Z,6588,2026-09-03T20:54:05.052Z,B47,Mobile,48b34b87-69c2-467d-a88c-67aac910c539,SAMMS-MobileV5
202609032054004915,202609031904102511,202609031904101105,85,627,Bronze INV,br_AdmissionAssessmentDimensionFour,TASK_COMPLETE,SUCCESS,INFO,455,455,0,,2026-09-03T19:04:17.619Z,2026-09-03T20:54:05.052Z,6588,2026-09-03T20:54:05.052Z,B48,Tuscaloosa,48b34b87-69c2-467d-a88c-67aac910c539,SAMMS-TuscaloosaV5
202609032054004916,202609031904102512,202609031904101105,85,636,Bronze INV,br_AdmissionAssessmentDimensionFour,TASK_COMPLETE,SUCCESS,INFO,315,315,0,,2026-09-03T19:04:17.619Z,2026-09-03T20:54:05.052Z,6588,2026-09-03T20:54:05.052Z,B51,N. Little Rock (OTP),48b34b87-69c2-467d-a88c-67aac910c539,SAMMS-NorthLittleRockV6
202609032054004918,202609031904102513,202609031904101105,85,637,Bronze INV,br_AdmissionAssessmentDimensionFour,TASK_COMPLETE,SUCCESS,INFO,156,156,0,,2026-09-03T19:04:17.619Z,2026-09-03T20:54:05.052Z,6588,2026-09-03T20:54:05.052Z,B52,Jackson GA,48b34b87-69c2-467d-a88c-67aac910c539,SAMMS-JacksonGAV5
202609032054004919,202609031904102514,202609031904101105,85,638,Bronze INV,br_AdmissionAssessmentDimensionFour,TASK_COMPLETE,SUCCESS,INFO,482,482,0,,2026-09-03T19:04:17.619Z,2026-09-03T20:54:05.052Z,6588,2026-09-03T20:54:05.052Z,B54,Gadsden,48b34b87-69c2-467d-a88c-67aac910c539,SAMMS-GadsdenV5
202609032054004920,202609031904102515,202609031904101105,85,639,Bronze INV,br_AdmissionAssessmentDimensionFour,TASK_COMPLETE,SUCCESS,INFO,484,484,0,,2026-09-03T19:04:17.619Z,2026-09-03T20:54:05.052Z,6588,2026-09-03T20:54:05.052Z,B55,Shoals,48b34b87-69c2-467d-a88c-67aac910c539,SAMMS-ShoalsV5
202609032054004921,202609031904102516,202609031904101105,85,640,Bronze INV,br_AdmissionAssessmentDimensionFour,TASK_COMPLETE,SUCCESS,INFO,171,171,0,,2026-09-03T19:04:17.619Z,2026-09-03T20:54:05.052Z,6588,2026-09-03T20:54:05.052Z,B57,Pawtucket,48b34b87-69c2-467d-a88c-67aac910c539,SAMMS-Pawtucket
202609032054004922,202609031904102517,202609031904101105,85,641,Bronze INV,br_AdmissionAssessmentDimensionFour,TASK_COMPLETE,SUCCESS,INFO,169,169,0,,2026-09-03T19:04:17.619Z,2026-09-03T20:54:05.052Z,6588,2026-09-03T20:54:05.052Z,B57A,Johnston,48b34b87-69c2-467d-a88c-67aac910c539,SAMMS-Johnston
202609032054004923,202609031904102518,202609031904101105,85,642,Bronze INV,br_AdmissionAssessmentDimensionFour,TASK_COMPLETE,SUCCESS,INFO,87,87,0,,2026-09-03T19:04:17.619Z,2026-09-03T20:54:05.052Z,6588,2026-09-03T20:54:05.052Z,B57B,Middletown,48b34b87-69c2-467d-a88c-67aac910c539,SAMMS-Middletown
202609032054004924,202609031904102519,202609031904101105,85,643,Bronze INV,br_AdmissionAssessmentDimensionFour,TASK_COMPLETE,SUCCESS,INFO,176,176,0,,2026-09-03T19:04:17.619Z,2026-09-03T20:54:05.052Z,6588,2026-09-03T20:54:05.052Z,B57C,Providence,48b34b87-69c2-467d-a88c-67aac910c539,SAMMS-Providence
202609032054004926,202609031904102520,202609031904101105,85,644,Bronze INV,br_AdmissionAssessmentDimensionFour,TASK_COMPLETE,SUCCESS,INFO,255,255,0,,2026-09-03T19:04:17.619Z,2026-09-03T20:54:05.052Z,6588,2026-09-03T20:54:05.052Z,B57D,Westerly,48b34b87-69c2-467d-a88c-67aac910c539,SAMMS-Westerly
202609032054004927,202609031904102521,202609031904101105,85,648,Bronze INV,br_AdmissionAssessmentDimensionFour,TASK_COMPLETE,SUCCESS,INFO,365,365,0,,2026-09-03T19:04:17.619Z,2026-09-03T20:54:05.052Z,6588,2026-09-03T20:54:05.052Z,B66A,Bremen,48b34b87-69c2-467d-a88c-67aac910c539,SAMMS-Bremen
202609032054004928,202609031904102522,202609031904101105,85,651,Bronze INV,br_AdmissionAssessmentDimensionFour,TASK_COMPLETE,SUCCESS,INFO,13,13,0,,2026-09-03T19:04:17.619Z,2026-09-03T20:54:05.052Z,6588,2026-09-03T20:54:05.052Z,B72,Mobile (OBOT),48b34b87-69c2-467d-a88c-67aac910c539,SAMMS-Mobile-OBOT
202609032054004929,202609031904102523,202609031904101105,85,652,Bronze INV,br_AdmissionAssessmentDimensionFour,TASK_COMPLETE,SUCCESS,INFO,2,2,0,,2026-09-03T19:04:17.619Z,2026-09-03T20:54:05.052Z,6588,2026-09-03T20:54:05.052Z,B73,Montgomery,48b34b87-69c2-467d-a88c-67aac910c539,SAMMS-Montgomery
202609032054004930,202609031904102524,202609031904101105,85,653,Bronze INV,br_AdmissionAssessmentDimensionFour,TASK_COMPLETE,SUCCESS,INFO,317,317,0,,2026-09-03T19:04:17.619Z,2026-09-03T20:54:05.052Z,6588,2026-09-03T20:54:05.052Z,B75,Lawrence,48b34b87-69c2-467d-a88c-67aac910c539,SAMMS-LawrenceV6
202609032054004931,202609031904102525,202609031904101105,85,654,Bronze INV,br_AdmissionAssessmentDimensionFour,TASK_COMPLETE,SUCCESS,INFO,49,49,0,,2026-09-03T19:04:17.619Z,2026-09-03T20:54:05.052Z,6588,2026-09-03T20:54:05.052Z,B76,Huntsville OBOT,48b34b87-69c2-467d-a88c-67aac910c539,SAMMS-Huntsville-OBOT
202609032054004932,202609031904102526,202609031904101105,85,655,Bronze INV,br_AdmissionAssessmentDimensionFour,TASK_COMPLETE,SUCCESS,INFO,304,304,0,,2026-09-03T19:04:17.619Z,2026-09-03T20:54:05.052Z,6588,2026-09-03T20:54:05.052Z,BAT,Batesville,48b34b87-69c2-467d-a88c-67aac910c539,SAMMS-Batesville
202609032054004934,202609031904102527,202609031904101105,85,656,Bronze INV,br_AdmissionAssessmentDimensionFour,TASK_COMPLETE,SUCCESS,INFO,234,234,0,,2026-09-03T19:04:17.619Z,2026-09-03T20:54:05.052Z,6588,2026-09-03T20:54:05.052Z,BG,Bowling Green,48b34b87-69c2-467d-a88c-67aac910c539,SAMMS-BowlingGreen
202609032054004935,202609031904102528,202609031904101105,85,657,Bronze INV,br_AdmissionAssessmentDimensionFour,TASK_COMPLETE,SUCCESS,INFO,217,217,0,,2026-09-03T19:04:17.619Z,2026-09-03T20:54:05.052Z,6588,2026-09-03T20:54:05.052Z,BOI,Boise,48b34b87-69c2-467d-a88c-67aac910c539,SAMMS-Boise
202609032054004936,202609031904102529,202609031904101105,85,664,Bronze INV,br_AdmissionAssessmentDimensionFour,TASK_COMPLETE,SUCCESS,INFO,285,285,0,,2026-09-03T19:04:17.619Z,2026-09-03T20:54:05.052Z,6588,2026-09-03T20:54:05.052Z,CBCO,Coeur dAlene,48b34b87-69c2-467d-a88c-67aac910c539,SAMMS-CoeurdAleneV6
202609032054004937,202609031904102530,202609031904101105,85,683,Bronze INV,br_AdmissionAssessmentDimensionFour,TASK_COMPLETE,SUCCESS,INFO,307,307,0,,2026-09-03T19:04:17.619Z,2026-09-03T20:54:05.052Z,6588,2026-09-03T20:54:05.052Z,CON,Conway,48b34b87-69c2-467d-a88c-67aac910c539,SAMMS-Conway
202609032054004938,202609031904102531,202609031904101105,85,684,Bronze INV,br_AdmissionAssessmentDimensionFour,TASK_COMPLETE,SUCCESS,INFO,1545,1545,0,,2026-09-03T19:04:17.619Z,2026-09-03T20:54:05.052Z,6588,2026-09-03T20:54:05.052Z,D07,Medical Services Knox TN,48b34b87-69c2-467d-a88c-67aac910c539,SAMMS-KnoxvilleV6
202609032054004939,202609031904102532,202609031904101105,85,685,Bronze INV,br_AdmissionAssessmentDimensionFour,TASK_COMPLETE,SUCCESS,INFO,960,960,0,,2026-09-03T19:04:17.619Z,2026-09-03T20:54:05.052Z,6588,2026-09-03T20:54:05.052Z,D08,Madison,48b34b87-69c2-467d-a88c-67aac910c539,SAMMS-MadisonV6
202609032054004940,202609031904102533,202609031904101105,85,687,Bronze INV,br_AdmissionAssessmentDimensionFour,TASK_COMPLETE,SUCCESS,INFO,931,931,0,,2026-09-03T19:04:17.619Z,2026-09-03T20:54:05.052Z,6588,2026-09-03T20:54:05.052Z,D09,Murfreesboro,48b34b87-69c2-467d-a88c-67aac910c539,SAMMS-MurfreesboroV6
202609032054004070,202609031904101786,202609031904101105,85,2610,Bronze INV,br_LabResultDetail,TASK_COMPLETE,SUCCESS,INFO,19840,19840,0,,2026-09-03T19:04:17.619Z,2026-09-03T20:54:05.052Z,6588,2026-09-03T20:54:05.052Z,V8,Memphis Midtown,48b34b87-69c2-467d-a88c-67aac910c539,SAMMS-VCPHCS-VIII-MemphisV5
202609032054004071,202609031904101787,202609031904101105,85,2611,Bronze INV,br_LabResultDetail,TASK_COMPLETE,SUCCESS,INFO,17662,17662,0,,2026-09-03T19:04:17.619Z,2026-09-03T20:54:05.052Z,6588,2026-09-03T20:54:05.052Z,V9,Nashville,48b34b87-69c2-467d-a88c-67aac910c539,SAMMS-NashvilleV5
202609032054004072,202609031904101788,202609031904101105,85,2612,Bronze INV,br_LabResultDetail,TASK_COMPLETE,SUCCESS,INFO,1095,1095,0,,2026-09-03T19:04:17.619Z,2026-09-03T20:54:05.052Z,6588,2026-09-03T20:54:05.052Z,VBRA,Brainerd,48b34b87-69c2-467d-a88c-67aac910c539,SAMMS-BrainerdV6
202609032054004073,202609031904101789,202609031904101105,85,2613,Bronze INV,br_LabResultDetail,TASK_COMPLETE,SUCCESS,INFO,18,18,0,,2026-09-03T19:04:17.619Z,2026-09-03T20:54:05.052Z,6588,2026-09-03T20:54:05.052Z,VBRP,Brooklyn Park,48b34b87-69c2-467d-a88c-67aac910c539,SAMMS-BrooklynParkV6
202609032054004074,202609031904101790,202609031904101105,85,2615,Bronze INV,br_LabResultDetail,TASK_COMPLETE,SUCCESS,INFO,3,3,0,,2026-09-03T19:04:17.619Z,2026-09-03T20:54:05.052Z,6588,2026-09-03T20:54:05.052Z,VMIN,Minneapolis,48b34b87-69c2-467d-a88c-67aac910c539,SAMMS-MinneapolisV6
202609032054004076,202609031904101791,202609031904101105,85,2616,Bronze INV,br_LabResultDetail,TASK_COMPLETE,SUCCESS,INFO,8,8,0,,2026-09-03T19:04:17.619Z,2026-09-03T20:54:05.052Z,6588,2026-09-03T20:54:05.052Z,VWBY,Woodbury,48b34b87-69c2-467d-a88c-67aac910c539,SAMMS-WoodburyV6
202609032054004077,202609031904101792,202609031904101105,85,2618,Bronze INV,br_LabResultDetail,TASK_COMPLETE,SUCCESS,INFO,8649,8649,0,,2026-09-03T19:04:17.619Z,2026-09-03T20:54:05.052Z,6588,2026-09-03T20:54:05.052Z,WIL,Wilson,48b34b87-69c2-467d-a88c-67aac910c539,SAMMS-Wilson
202609032054004078,202609031904101793,202609031904101105,85,230,Bronze INV,br_AdmissionAssessment,TASK_COMPLETE,SUCCESS,INFO,29,29,0,,2026-09-03T19:04:17.619Z,2026-09-03T20:54:05.052Z,6588,2026-09-03T20:54:05.052Z,AHK,Ahoskie,48b34b87-69c2-467d-a88c-67aac910c539,SAMMS-Ahoskie
202609032054004079,202609031904101794,202609031904101105,85,1702,Bronze INV,br_Appointments,TASK_COMPLETE,SUCCESS,INFO,7665,7665,0,,2026-09-03T19:04:17.619Z,2026-09-03T20:54:05.052Z,6588,2026-09-03T20:54:05.052Z,AHK,Ahoskie,48b34b87-69c2-467d-a88c-67aac910c539,SAMMS-Ahoskie
202609032054004080,202609031904101795,202609031904101105,85,1703,Bronze INV,br_Appointments,TASK_COMPLETE,SUCCESS,INFO,15122,15122,0,,2026-09-03T19:04:17.619Z,2026-09-03T20:54:05.052Z,6588,2026-09-03T20:54:05.052Z,B12B,Colorado Springs,48b34b87-69c2-467d-a88c-67aac910c539,SAMMS-ColoradoSpringsV5
202609032054004081,202609031904101796,202609031904101105,85,1704,Bronze INV,br_Appointments,TASK_COMPLETE,SUCCESS,INFO,20376,20376,0,,2026-09-03T19:04:17.619Z,2026-09-03T20:54:05.052Z,6588,2026-09-03T20:54:05.052Z,B24,Paintsville,48b34b87-69c2-467d-a88c-67aac910c539,SAMMS-PaintsvilleV5
202609032054004082,202609031904101797,202609031904101105,85,1705,Bronze INV,br_Appointments,TASK_COMPLETE,SUCCESS,INFO,16143,16143,0,,2026-09-03T19:04:17.619Z,2026-09-03T20:54:05.052Z,6588,2026-09-03T20:54:05.052Z,B25,Pikeville,48b34b87-69c2-467d-a88c-67aac910c539,SAMMS-PikevilleV5
202609032054004084,202609031904101798,202609031904101105,85,1706,Bronze INV,br_Appointments,TASK_COMPLETE,SUCCESS,INFO,49829,49829,0,,2026-09-03T19:04:17.619Z,2026-09-03T20:54:05.052Z,6588,2026-09-03T20:54:05.052Z,B26,Hazard,48b34b87-69c2-467d-a88c-67aac910c539,SAMMS-HazardV5
202609032054004085,202609031904101799,202609031904101105,85,1707,Bronze INV,br_Appointments,TASK_COMPLETE,SUCCESS,INFO,21885,21885,0,,2026-09-03T19:04:17.619Z,2026-09-03T20:54:05.052Z,6588,2026-09-03T20:54:05.052Z,B27,Savannah,48b34b87-69c2-467d-a88c-67aac910c539,SAMMS-SavannahV6
202609032054004086,202609031904101800,202609031904101105,85,1708,Bronze INV,br_Appointments,TASK_COMPLETE,SUCCESS,INFO,6875,6875,0,,2026-09-03T19:04:17.619Z,2026-09-03T20:54:05.052Z,6588,2026-09-03T20:54:05.052Z,B28,West Plains,48b34b87-69c2-467d-a88c-67aac910c539,SAMMS-WestPlainesV5
202609032054004087,202609031904101801,202609031904101105,85,1709,Bronze INV,br_Appointments,TASK_COMPLETE,SUCCESS,INFO,8306,8306,0,,2026-09-03T19:04:17.619Z,2026-09-03T20:54:05.052Z,6588,2026-09-03T20:54:05.052Z,B29,Poplar Bluff,48b34b87-69c2-467d-a88c-67aac910c539,SAMMS-PoplarBluffV5
202609032054004091,202609031904101802,202609031904101105,85,1710,Bronze INV,br_Appointments,TASK_COMPLETE,SUCCESS,INFO,6981,6981,0,,2026-09-03T19:04:17.619Z,2026-09-03T20:54:05.052Z,6588,2026-09-03T20:54:05.052Z,B30,KC North,48b34b87-69c2-467d-a88c-67aac910c539,SAMMS-KCNv5
202609032054004092,202609031904101803,202609031904101105,85,1711,Bronze INV,br_Appointments,TASK_COMPLETE,SUCCESS,INFO,31989,31989,0,,2026-09-03T19:04:17.619Z,2026-09-03T20:54:05.052Z,6588,2026-09-03T20:54:05.052Z,B31,Dyersburg,48b34b87-69c2-467d-a88c-67aac910c539,SAMMS-DyersburgV5
202609032054004093,202609031904101804,202609031904101105,85,1713,Bronze INV,br_Appointments,TASK_COMPLETE,SUCCESS,INFO,53358,53358,0,,2026-09-03T19:04:17.619Z,2026-09-03T20:54:05.052Z,6588,2026-09-03T20:54:05.052Z,B33,Paducah,48b34b87-69c2-467d-a88c-67aac910c539,SAMMS-Paducah
202609032054004094,202609031904101805,202609031904101105,85,1714,Bronze INV,br_Appointments,TASK_COMPLETE,SUCCESS,INFO,24488,24488,0,,2026-09-03T19:04:17.619Z,2026-09-03T20:54:05.052Z,6588,2026-09-03T20:54:05.052Z,B34,Corbin,48b34b87-69c2-467d-a88c-67aac910c539,SAMMS-CorbinV5
202609032054004095,202609031904101806,202609031904101105,85,1715,Bronze INV,br_Appointments,TASK_COMPLETE,SUCCESS,INFO,44558,44558,0,,2026-09-03T19:04:17.619Z,2026-09-03T20:54:05.052Z,6588,2026-09-03T20:54:05.052Z,B35,Lexington,48b34b87-69c2-467d-a88c-67aac910c539,SAMMS-LexingtonV5
202609032054004096,202609031904101807,202609031904101105,85,1716,Bronze INV,br_Appointments,TASK_COMPLETE,SUCCESS,INFO,26831,26831,0,,2026-09-03T19:04:17.619Z,2026-09-03T20:54:05.052Z,6588,2026-09-03T20:54:05.052Z,B35A,Berea,48b34b87-69c2-467d-a88c-67aac910c539,SAMMS-BereaV5
202609032054004098,202609031904101808,202609031904101105,85,1717,Bronze INV,br_Appointments,TASK_COMPLETE,SUCCESS,INFO,57827,57827,0,,2026-09-03T19:04:17.619Z,2026-09-03T20:54:05.052Z,6588,2026-09-03T20:54:05.052Z,B36,Asheville,48b34b87-69c2-467d-a88c-67aac910c539,SAMMS-AshevilleV5
202609032054004099,202609031904101809,202609031904101105,85,1718,Bronze INV,br_Appointments,TASK_COMPLETE,SUCCESS,INFO,40570,40570,0,,2026-09-03T19:04:17.619Z,2026-09-03T20:54:05.052Z,6588,2026-09-03T20:54:05.052Z,B37,Clyde,48b34b87-69c2-467d-a88c-67aac910c539,SAMMS-ClydeV5
202609032054004100,202609031904101810,202609031904101105,85,1719,Bronze INV,br_Appointments,TASK_COMPLETE,SUCCESS,INFO,16392,16392,0,,2026-09-03T19:04:17.619Z,2026-09-03T20:54:05.052Z,6588,2026-09-03T20:54:05.052Z,B38,Spartanburg,48b34b87-69c2-467d-a88c-67aac910c539,SAMMS-SpartanburgV5
202609032054004101,202609031904101811,202609031904101105,85,1720,Bronze INV,br_Appointments,TASK_COMPLETE,SUCCESS,INFO,20511,20511,0,,2026-09-03T19:04:17.619Z,2026-09-03T20:54:05.052Z,6588,2026-09-03T20:54:05.052Z,B39,Aiken,48b34b87-69c2-467d-a88c-67aac910c539,SAMMS-AikenV5
202609032054004102,202609031904101812,202609031904101105,85,1721,Bronze INV,br_Appointments,TASK_COMPLETE,SUCCESS,INFO,20430,20430,0,,2026-09-03T19:04:17.619Z,2026-09-03T20:54:05.052Z,6588,2026-09-03T20:54:05.052Z,B41,Chesapeake,48b34b87-69c2-467d-a88c-67aac910c539,SAMMS-ChesapeakeV5
202609032054004103,202609031904101813,202609031904101105,85,1722,Bronze INV,br_Appointments,TASK_COMPLETE,SUCCESS,INFO,19184,19184,0,,2026-09-03T19:04:17.619Z,2026-09-03T20:54:05.052Z,6588,2026-09-03T20:54:05.052Z,B42,Virginia Beach,48b34b87-69c2-467d-a88c-67aac910c539,SAMMS-VirginiaBeachV5
202609032054004104,202609031904101814,202609031904101105,85,1723,Bronze INV,br_Appointments,TASK_COMPLETE,SUCCESS,INFO,16079,16079,0,,2026-09-03T19:04:17.619Z,2026-09-03T20:54:05.052Z,6588,2026-09-03T20:54:05.052Z,B42A,Newport News,48b34b87-69c2-467d-a88c-67aac910c539,SAMMS-NewportNewsV5
202609032054004106,202609031904101815,202609031904101105,85,1724,Bronze INV,br_Appointments,TASK_COMPLETE,SUCCESS,INFO,4658,4658,0,,2026-09-03T19:04:17.619Z,2026-09-03T20:54:05.052Z,6588,2026-09-03T20:54:05.052Z,B42B,Franklin,48b34b87-69c2-467d-a88c-67aac910c539,SAMMS-FranklinV5
202609032054004107,202609031904101816,202609031904101105,85,1725,Bronze INV,br_Appointments,TASK_COMPLETE,SUCCESS,INFO,10359,10359,0,,2026-09-03T19:04:17.619Z,2026-09-03T20:54:05.052Z,6588,2026-09-03T20:54:05.052Z,B42C,Glen Allen,48b34b87-69c2-467d-a88c-67aac910c539,SAMMS-GlenAllenV5
202609032054004108,202609031904101817,202609031904101105,85,1726,Bronze INV,br_Appointments,TASK_COMPLETE,SUCCESS,INFO,18729,18729,0,,2026-09-03T19:04:17.619Z,2026-09-03T20:54:05.052Z,6588,2026-09-03T20:54:05.052Z,B42D,Chesapeake South,48b34b87-69c2-467d-a88c-67aac910c539,SAMMS-ChesapeakeSouthV5
202609032054004109,202609031904101818,202609031904101105,85,1727,Bronze INV,br_Appointments,TASK_COMPLETE,SUCCESS,INFO,9889,9889,0,,2026-09-03T19:04:17.619Z,2026-09-03T20:54:05.052Z,6588,2026-09-03T20:54:05.052Z,B44,Albany,48b34b87-69c2-467d-a88c-67aac910c539,SAMMS-AlbanyV5
202609032054004110,202609031904101819,202609031904101105,85,1728,Bronze INV,br_Appointments,TASK_COMPLETE,SUCCESS,INFO,12495,12495,0,,2026-09-03T19:04:17.619Z,2026-09-03T20:54:05.052Z,6588,2026-09-03T20:54:05.052Z,B45,Tifton,48b34b87-69c2-467d-a88c-67aac910c539,SAMMS-TiftonV5
202609032054004111,202609031904101820,202609031904101105,85,1729,Bronze INV,br_Appointments,TASK_COMPLETE,SUCCESS,INFO,19025,19025,0,,2026-09-03T19:04:17.619Z,2026-09-03T20:54:05.052Z,6588,2026-09-03T20:54:05.052Z,B46,Washington DC,48b34b87-69c2-467d-a88c-67aac910c539,SAMMS-WashingtonDCv5
202609032054004112,202609031904101821,202609031904101105,85,1730,Bronze INV,br_Appointments,TASK_COMPLETE,SUCCESS,INFO,14801,14801,0,,2026-09-03T19:04:17.619Z,2026-09-03T20:54:05.052Z,6588,2026-09-03T20:54:05.052Z,B47,Mobile,48b34b87-69c2-467d-a88c-67aac910c539,SAMMS-MobileV5
202609032054004113,202609031904101822,202609031904101105,85,1731,Bronze INV,br_Appointments,TASK_COMPLETE,SUCCESS,INFO,19129,19129,0,,2026-09-03T19:04:17.619Z,2026-09-03T20:54:05.052Z,6588,2026-09-03T20:54:05.052Z,B48,Tuscaloosa,48b34b87-69c2-467d-a88c-67aac910c539,SAMMS-TuscaloosaV5
202609032054004115,202609031904101823,202609031904101105,85,1740,Bronze INV,br_Appointments,TASK_COMPLETE,SUCCESS,INFO,6819,6819,0,,2026-09-03T19:04:17.619Z,2026-09-03T20:54:05.052Z,6588,2026-09-03T20:54:05.052Z,B51,N. Little Rock (OTP),48b34b87-69c2-467d-a88c-67aac910c539,SAMMS-NorthLittleRockV6
202609032054004116,202609031904101824,202609031904101105,85,1741,Bronze INV,br_Appointments,TASK_COMPLETE,SUCCESS,INFO,11763,11763,0,,2026-09-03T19:04:17.619Z,2026-09-03T20:54:05.052Z,6588,2026-09-03T20:54:05.052Z,B52,Jackson GA,48b34b87-69c2-467d-a88c-67aac910c539,SAMMS-JacksonGAV5
202609032054004117,202609031904101825,202609031904101105,85,1742,Bronze INV,br_Appointments,TASK_COMPLETE,SUCCESS,INFO,9130,9130,0,,2026-09-03T19:04:17.619Z,2026-09-03T20:54:05.052Z,6588,2026-09-03T20:54:05.052Z,B54,Gadsden,48b34b87-69c2-467d-a88c-67aac910c539,SAMMS-GadsdenV5
202609032054004118,202609031904101826,202609031904101105,85,1743,Bronze INV,br_Appointments,TASK_COMPLETE,SUCCESS,INFO,14228,14228,0,,2026-09-03T19:04:17.619Z,2026-09-03T20:54:05.052Z,6588,2026-09-03T20:54:05.052Z,B55,Shoals,48b34b87-69c2-467d-a88c-67aac910c539,SAMMS-ShoalsV5
202609032054004120,202609031904101827,202609031904101105,85,1744,Bronze INV,br_Appointments,TASK_COMPLETE,SUCCESS,INFO,15847,15847,0,,2026-09-03T19:04:17.619Z,2026-09-03T20:54:05.052Z,6588,2026-09-03T20:54:05.052Z,B57,Pawtucket,48b34b87-69c2-467d-a88c-67aac910c539,SAMMS-Pawtucket
202609032054004121,202609031904101828,202609031904101105,85,1745,Bronze INV,br_Appointments,TASK_COMPLETE,SUCCESS,INFO,11968,11968,0,,2026-09-03T19:04:17.619Z,2026-09-03T20:54:05.052Z,6588,2026-09-03T20:54:05.052Z,B57A,Johnston,48b34b87-69c2-467d-a88c-67aac910c539,SAMMS-Johnston
202609032054004123,202609031904101829,202609031904101105,85,1746,Bronze INV,br_Appointments,TASK_COMPLETE,SUCCESS,INFO,4100,4100,0,,2026-09-03T19:04:17.619Z,2026-09-03T20:54:05.052Z,6588,2026-09-03T20:54:05.052Z,B57B,Middletown,48b34b87-69c2-467d-a88c-67aac910c539,SAMMS-Middletown
202609032054004124,202609031904101830,202609031904101105,85,1747,Bronze INV,br_Appointments,TASK_COMPLETE,SUCCESS,INFO,11741,11741,0,,2026-09-03T19:04:17.619Z,2026-09-03T20:54:05.052Z,6588,2026-09-03T20:54:05.052Z,B57C,Providence,48b34b87-69c2-467d-a88c-67aac910c539,SAMMS-Providence
202609032054004125,202609031904101831,202609031904101105,85,1748,Bronze INV,br_Appointments,TASK_COMPLETE,SUCCESS,INFO,21177,21177,0,,2026-09-03T19:04:17.619Z,2026-09-03T20:54:05.052Z,6588,2026-09-03T20:54:05.052Z,B57D,Westerly,48b34b87-69c2-467d-a88c-67aac910c539,SAMMS-Westerly
202609032054004126,202609031904101832,202609031904101105,85,1752,Bronze INV,br_Appointments,TASK_COMPLETE,SUCCESS,INFO,15791,15791,0,,2026-09-03T19:04:17.619Z,2026-09-03T20:54:05.052Z,6588,2026-09-03T20:54:05.052Z,B66A,Bremen,48b34b87-69c2-467d-a88c-67aac910c539,SAMMS-Bremen
202609032054004127,202609031904101833,202609031904101105,85,1755,Bronze INV,br_Appointments,TASK_COMPLETE,SUCCESS,INFO,38565,38565,0,,2026-09-03T19:04:17.619Z,2026-09-03T20:54:05.052Z,6588,2026-09-03T20:54:05.052Z,B72,Mobile (OBOT),48b34b87-69c2-467d-a88c-67aac910c539,SAMMS-Mobile-OBOT
202609032054004129,202609031904101834,202609031904101105,85,1756,Bronze INV,br_Appointments,TASK_COMPLETE,SUCCESS,INFO,15957,15957,0,,2026-09-03T19:04:17.619Z,2026-09-03T20:54:05.052Z,6588,2026-09-03T20:54:05.052Z,B73,Montgomery,48b34b87-69c2-467d-a88c-67aac910c539,SAMMS-Montgomery
202609032054004130,202609031904101835,202609031904101105,85,1757,Bronze INV,br_Appointments,TASK_COMPLETE,SUCCESS,INFO,8866,8866,0,,2026-09-03T19:04:17.619Z,2026-09-03T20:54:05.052Z,6588,2026-09-03T20:54:05.052Z,B75,Lawrence,48b34b87-69c2-467d-a88c-67aac910c539,SAMMS-LawrenceV6
202609032054004131,202609031904101836,202609031904101105,85,1758,Bronze INV,br_Appointments,TASK_COMPLETE,SUCCESS,INFO,1825,1825,0,,2026-09-03T19:04:17.619Z,2026-09-03T20:54:05.052Z,6588,2026-09-03T20:54:05.052Z,B76,Huntsville OBOT,48b34b87-69c2-467d-a88c-67aac910c539,SAMMS-Huntsville-OBOT
202609032054004132,202609031904101837,202609031904101105,85,1759,Bronze INV,br_Appointments,TASK_COMPLETE,SUCCESS,INFO,12287,12287,0,,2026-09-03T19:04:17.619Z,2026-09-03T20:54:05.052Z,6588,2026-09-03T20:54:05.052Z,BAT,Batesville,48b34b87-69c2-467d-a88c-67aac910c539,SAMMS-Batesville
202609032054004133,202609031904101838,202609031904101105,85,1760,Bronze INV,br_Appointments,TASK_COMPLETE,SUCCESS,INFO,11410,11410,0,,2026-09-03T19:04:17.619Z,2026-09-03T20:54:05.052Z,6588,2026-09-03T20:54:05.052Z,BG,Bowling Green,48b34b87-69c2-467d-a88c-67aac910c539,SAMMS-BowlingGreen
202609032054004134,202609031904101839,202609031904101105,85,1761,Bronze INV,br_Appointments,TASK_COMPLETE,SUCCESS,INFO,10296,10296,0,,2026-09-03T19:04:17.619Z,2026-09-03T20:54:05.052Z,6588,2026-09-03T20:54:05.052Z,BOI,Boise,48b34b87-69c2-467d-a88c-67aac910c539,SAMMS-Boise
202609032054004135,202609031904101840,202609031904101105,85,1768,Bronze INV,br_Appointments,TASK_COMPLETE,SUCCESS,INFO,5537,5537,0,,2026-09-03T19:04:17.619Z,2026-09-03T20:54:05.052Z,6588,2026-09-03T20:54:05.052Z,CBCO,Coeur dAlene,48b34b87-69c2-467d-a88c-67aac910c539,SAMMS-CoeurdAleneV6
202609032054004136,202609031904101841,202609031904101105,85,1787,Bronze INV,br_Appointments,TASK_COMPLETE,SUCCESS,INFO,18734,18734,0,,2026-09-03T19:04:17.619Z,2026-09-03T20:54:05.052Z,6588,2026-09-03T20:54:05.052Z,CON,Conway,48b34b87-69c2-467d-a88c-67aac910c539,SAMMS-Conway
202609032054004138,202609031904101842,202609031904101105,85,1788,Bronze INV,br_Appointments,TASK_COMPLETE,SUCCESS,INFO,99964,99964,0,,2026-09-03T19:04:17.619Z,2026-09-03T20:54:05.052Z,6588,2026-09-03T20:54:05.052Z,D07,Medical Services Knox TN,48b34b87-69c2-467d-a88c-67aac910c539,SAMMS-KnoxvilleV6
202609032054004139,202609031904101843,202609031904101105,85,1789,Bronze INV,br_Appointments,TASK_COMPLETE,SUCCESS,INFO,12941,12941,0,,2026-09-03T19:04:17.619Z,2026-09-03T20:54:05.052Z,6588,2026-09-03T20:54:05.052Z,D08,Madison,48b34b87-69c2-467d-a88c-67aac910c539,SAMMS-MadisonV6
202609032054004140,202609031904101844,202609031904101105,85,1791,Bronze INV,br_Appointments,TASK_COMPLETE,SUCCESS,INFO,10106,10106,0,,2026-09-03T19:04:17.619Z,2026-09-03T20:54:05.052Z,6588,2026-09-03T20:54:05.052Z,D09,Murfreesboro,48b34b87-69c2-467d-a88c-67aac910c539,SAMMS-MurfreesboroV6
202609032054004141,202609031904101845,202609031904101105,85,1792,Bronze INV,br_Appointments,TASK_COMPLETE,SUCCESS,INFO,28267,28267,0,,2026-09-03T19:04:17.619Z,2026-09-03T20:54:05.052Z,6588,2026-09-03T20:54:05.052Z,DA,Davenport,48b34b87-69c2-467d-a88c-67aac910c539,SAMMS-Davenport
202609032054004142,202609031904101846,202609031904101105,85,1793,Bronze INV,br_Appointments,TASK_COMPLETE,SUCCESS,INFO,19599,19599,0,,2026-09-03T19:04:17.619Z,2026-09-03T20:54:05.052Z,6588,2026-09-03T20:54:05.052Z,DM,Des Moines,48b34b87-69c2-467d-a88c-67aac910c539,SAMMS-DesMoines
202609032054004143,202609031904101847,202609031904101105,85,1795,Bronze INV,br_Appointments,TASK_COMPLETE,SUCCESS,INFO,16511,16511,0,,2026-09-03T19:04:17.619Z,2026-09-03T20:54:05.052Z,6588,2026-09-03T20:54:05.052Z,DRD-CO,Columbia MO,48b34b87-69c2-467d-a88c-67aac910c539,SAMMS-ColumbiaV5
202609032054004144,202609031904101848,202609031904101105,85,1796,Bronze INV,br_Appointments,TASK_COMPLETE,SUCCESS,INFO,16120,16120,0,,2026-09-03T19:04:17.619Z,2026-09-03T20:54:05.052Z,6588,2026-09-03T20:54:05.052Z,DRD-KC,KC,48b34b87-69c2-467d-a88c-67aac910c539,SAMMS-KCv5
202609032054004146,202609031904101849,202609031904101105,85,1797,Bronze INV,br_Appointments,TASK_COMPLETE,SUCCESS,INFO,42010,42010,0,,2026-09-03T19:04:17.619Z,2026-09-03T20:54:05.052Z,6588,2026-09-03T20:54:05.052Z,DRD-KVB,KVB,48b34b87-69c2-467d-a88c-67aac910c539,SAMMS-KVBv5
202609032054004147,202609031904101850,202609031904101105,85,1798,Bronze INV,br_Appointments,TASK_COMPLETE,SUCCESS,INFO,53083,53083,0,,2026-09-03T19:04:17.619Z,2026-09-03T20:54:05.052Z,6588,2026-09-03T20:54:05.052Z,DRD-KVC,KVC,48b34b87-69c2-467d-a88c-67aac910c539,SAMMS-KVCv5
202609032054004148,202609031904101851,202609031904101105,85,1799,Bronze INV,br_Appointments,TASK_COMPLETE,SUCCESS,INFO,51132,51132,0,,2026-09-03T19:04:17.619Z,2026-09-03T20:54:05.052Z,6588,2026-09-03T20:54:05.052Z,DRD-NOLA,NOLA,48b34b87-69c2-467d-a88c-67aac910c539,SAMMS-NOLAv5
202609032054004149,202609031904101852,202609031904101105,85,1800,Bronze INV,br_Appointments,TASK_COMPLETE,SUCCESS,INFO,16442,16442,0,,2026-09-03T19:04:17.619Z,2026-09-03T20:54:05.052Z,6588,2026-09-03T20:54:05.052Z,DRD-SF,Springfield,48b34b87-69c2-467d-a88c-67aac910c539,SAMMS-SFv5
202609032054004150,202609031904101853,202609031904101105,85,1802,Bronze INV,br_Appointments,TASK_COMPLETE,SUCCESS,INFO,21576,21576,0,,2026-09-03T19:04:17.619Z,2026-09-03T20:54:05.052Z,6588,2026-09-03T20:54:05.052Z,ELC,Elizabeth City,48b34b87-69c2-467d-a88c-67aac910c539,SAMMS-ElizabethCity
202609032054004545,202609031904102194,202609031904101105,85,878,Bronze INV,br_AdmissionAssessmentDimensionOneDisorder,TASK_COMPLETE,SUCCESS,INFO,1612,1612,0,,2026-09-03T19:04:17.619Z,2026-09-03T20:54:05.052Z,6588,2026-09-03T20:54:05.052Z,DRD-KVC,KVC,48b34b87-69c2-467d-a88c-67aac910c539,SAMMS-KVCv5
202609032054004547,202609031904102195,202609031904101105,85,879,Bronze INV,br_AdmissionAssessmentDimensionOneDisorder,TASK_COMPLETE,SUCCESS,INFO,1273,1273,0,,2026-09-03T19:04:17.619Z,2026-09-03T20:54:05.052Z,6588,2026-09-03T20:54:05.052Z,DRD-NOLA,NOLA,48b34b87-69c2-467d-a88c-67aac910c539,SAMMS-NOLAv5
202609032054004548,202609031904102196,202609031904101105,85,880,Bronze INV,br_AdmissionAssessmentDimensionOneDisorder,TASK_COMPLETE,SUCCESS,INFO,789,789,0,,2026-09-03T19:04:17.619Z,2026-09-03T20:54:05.052Z,6588,2026-09-03T20:54:05.052Z,DRD-SF,Springfield,48b34b87-69c2-467d-a88c-67aac910c539,SAMMS-SFv5
202609032054004549,202609031904102197,202609031904101105,85,882,Bronze INV,br_AdmissionAssessmentDimensionOneDisorder,TASK_COMPLETE,SUCCESS,INFO,276,276,0,,2026-09-03T19:04:17.619Z,2026-09-03T20:54:05.052Z,6588,2026-09-03T20:54:05.052Z,ELC,Elizabeth City,48b34b87-69c2-467d-a88c-67aac910c539,SAMMS-ElizabethCity
202609032054004550,202609031904102198,202609031904101105,85,883,Bronze INV,br_AdmissionAssessmentDimensionOneDisorder,TASK_COMPLETE,SUCCESS,INFO,283,283,0,,2026-09-03T19:04:17.619Z,2026-09-03T20:54:05.052Z,6588,2026-09-03T20:54:05.052Z,ET,Elizabethtown,48b34b87-69c2-467d-a88c-67aac910c539,SAMMS-Elizabethtown
202609032054004551,202609031904102199,202609031904101105,85,884,Bronze INV,br_AdmissionAssessmentDimensionOneDisorder,TASK_COMPLETE,SUCCESS,INFO,237,237,0,,2026-09-03T19:04:17.619Z,2026-09-03T20:54:05.052Z,6588,2026-09-03T20:54:05.052Z,FAY,Fayetteville,48b34b87-69c2-467d-a88c-67aac910c539,SAMMS-Fayetteville
202609032054004552,202609031904102200,202609031904101105,85,885,Bronze INV,br_AdmissionAssessmentDimensionOneDisorder,TASK_COMPLETE,SUCCESS,INFO,185,185,0,,2026-09-03T19:04:17.619Z,2026-09-03T20:54:05.052Z,6588,2026-09-03T20:54:05.052Z,FR,Frankfort,48b34b87-69c2-467d-a88c-67aac910c539,SAMMS-Frankfort
202609032054004553,202609031904102201,202609031904101105,85,886,Bronze INV,br_AdmissionAssessmentDimensionOneDisorder,TASK_COMPLETE,SUCCESS,INFO,293,293,0,,2026-09-03T19:04:17.619Z,2026-09-03T20:54:05.052Z,6588,2026-09-03T20:54:05.052Z,FS,Fort Smith,48b34b87-69c2-467d-a88c-67aac910c539,SAMMS-FortSmith
202609032054004554,202609031904102202,202609031904101105,85,887,Bronze INV,br_AdmissionAssessmentDimensionOneDisorder,TASK_COMPLETE,SUCCESS,INFO,691,691,0,,2026-09-03T19:04:17.619Z,2026-09-03T20:54:05.052Z,6588,2026-09-03T20:54:05.052Z,FW,Fort Wayne,48b34b87-69c2-467d-a88c-67aac910c539,SAMMS-FortWayne
202609032054004556,202609031904102203,202609031904101105,85,888,Bronze INV,br_AdmissionAssessmentDimensionOneDisorder,TASK_COMPLETE,SUCCESS,INFO,124,124,0,,2026-09-03T19:04:17.619Z,2026-09-03T20:54:05.052Z,6588,2026-09-03T20:54:05.052Z,GAL,Gaylord,48b34b87-69c2-467d-a88c-67aac910c539,SAMMS-Gaylord
202609032054004557,202609031904102204,202609031904101105,85,892,Bronze INV,br_AdmissionAssessmentDimensionOneDisorder,TASK_COMPLETE,SUCCESS,INFO,635,635,0,,2026-09-03T19:04:17.619Z,2026-09-03T20:54:05.052Z,6588,2026-09-03T20:54:05.052Z,HGT,Hagerstown,48b34b87-69c2-467d-a88c-67aac910c539,SAMMS-Hagerstown
202609032054004558,202609031904102205,202609031904101105,85,893,Bronze INV,br_AdmissionAssessmentDimensionOneDisorder,TASK_COMPLETE,SUCCESS,INFO,507,507,0,,2026-09-03T19:04:17.619Z,2026-09-03T20:54:05.052Z,6588,2026-09-03T20:54:05.052Z,HNT,Huntsville,48b34b87-69c2-467d-a88c-67aac910c539,SAMMS-Huntsville
202609032054004559,202609031904102206,202609031904101105,85,894,Bronze INV,br_AdmissionAssessmentDimensionOneDisorder,TASK_COMPLETE,SUCCESS,INFO,361,361,0,,2026-09-03T19:04:17.619Z,2026-09-03T20:54:05.052Z,6588,2026-09-03T20:54:05.052Z,HS,Hot Springs,48b34b87-69c2-467d-a88c-67aac910c539,SAMMS-HotSprings
202609032054004560,202609031904102207,202609031904101105,85,895,Bronze INV,br_AdmissionAssessmentDimensionOneDisorder,TASK_COMPLETE,SUCCESS,INFO,268,268,0,,2026-09-03T19:04:17.619Z,2026-09-03T20:54:05.052Z,6588,2026-09-03T20:54:05.052Z,JON,Jonesboro,48b34b87-69c2-467d-a88c-67aac910c539,SAMMS-Jonesboro
202609032054004561,202609031904102208,202609031904101105,85,897,Bronze INV,br_AdmissionAssessmentDimensionOneDisorder,TASK_COMPLETE,SUCCESS,INFO,199,199,0,,2026-09-03T19:04:17.619Z,2026-09-03T20:54:05.052Z,6588,2026-09-03T20:54:05.052Z,LAN,Lansing,48b34b87-69c2-467d-a88c-67aac910c539,SAMMS-Lansing
202609032054004562,202609031904102209,202609031904101105,85,898,Bronze INV,br_AdmissionAssessmentDimensionOneDisorder,TASK_COMPLETE,SUCCESS,INFO,447,447,0,,2026-09-03T19:04:17.619Z,2026-09-03T20:54:05.052Z,6588,2026-09-03T20:54:05.052Z,LO,Louisville,48b34b87-69c2-467d-a88c-67aac910c539,SAMMS-Louisville
202609032054004564,202609031904102210,202609031904101105,85,899,Bronze INV,br_AdmissionAssessmentDimensionOneDisorder,TASK_COMPLETE,SUCCESS,INFO,1222,1222,0,,2026-09-03T19:04:17.619Z,2026-09-03T20:54:05.052Z,6588,2026-09-03T20:54:05.052Z,LV1,Cheyenne,48b34b87-69c2-467d-a88c-67aac910c539,SAMMS-Cheyenne
202609032054004565,202609031904102211,202609031904101105,85,900,Bronze INV,br_AdmissionAssessmentDimensionOneDisorder,TASK_COMPLETE,SUCCESS,INFO,965,965,0,,2026-09-03T19:04:17.619Z,2026-09-03T20:54:05.052Z,6588,2026-09-03T20:54:05.052Z,LV2,Desert Inn,48b34b87-69c2-467d-a88c-67aac910c539,SAMMS-DesertInn
202609032054004566,202609031904102212,202609031904101105,85,901,Bronze INV,br_AdmissionAssessmentDimensionOneDisorder,TASK_COMPLETE,SUCCESS,INFO,322,322,0,,2026-09-03T19:04:17.619Z,2026-09-03T20:54:05.052Z,6588,2026-09-03T20:54:05.052Z,LV3,McDaniel,48b34b87-69c2-467d-a88c-67aac910c539,SAMMS-McDaniel
202609032054004567,202609031904102213,202609031904101105,85,904,Bronze INV,br_AdmissionAssessmentDimensionOneDisorder,TASK_COMPLETE,SUCCESS,INFO,278,278,0,,2026-09-03T19:04:17.619Z,2026-09-03T20:54:05.052Z,6588,2026-09-03T20:54:05.052Z,MNRE,Monroe,48b34b87-69c2-467d-a88c-67aac910c539,SAMMS-Monroe
202609032054004568,202609031904102214,202609031904101105,85,905,Bronze INV,br_AdmissionAssessmentDimensionOneDisorder,TASK_COMPLETE,SUCCESS,INFO,197,197,0,,2026-09-03T19:04:17.619Z,2026-09-03T20:54:05.052Z,6588,2026-09-03T20:54:05.052Z,MP,Mt. Pleasant,48b34b87-69c2-467d-a88c-67aac910c539,SAMMS-MtPleasant
202609032054004569,202609031904102215,202609031904101105,85,906,Bronze INV,br_AdmissionAssessmentDimensionOneDisorder,TASK_COMPLETE,SUCCESS,INFO,177,177,0,,2026-09-03T19:04:17.619Z,2026-09-03T20:54:05.052Z,6588,2026-09-03T20:54:05.052Z,MRD,Meridian,48b34b87-69c2-467d-a88c-67aac910c539,SAMMS-Meridian
202609032054004570,202609031904102216,202609031904101105,85,911,Bronze INV,br_AdmissionAssessmentDimensionOneDisorder,TASK_COMPLETE,SUCCESS,INFO,648,648,0,,2026-09-03T19:04:17.619Z,2026-09-03T20:54:05.052Z,6588,2026-09-03T20:54:05.052Z,NC,North Charleston,48b34b87-69c2-467d-a88c-67aac910c539,SAMMS-NorthCharleston
202609032054004572,202609031904102217,202609031904101105,85,912,Bronze INV,br_AdmissionAssessmentDimensionOneDisorder,TASK_COMPLETE,SUCCESS,INFO,582,582,0,,2026-09-03T19:04:17.619Z,2026-09-03T20:54:05.052Z,6588,2026-09-03T20:54:05.052Z,NLR,N. Little Rock,48b34b87-69c2-467d-a88c-67aac910c539,SAMMS-NLROBOT
202609032054004573,202609031904102218,202609031904101105,85,913,Bronze INV,br_AdmissionAssessmentDimensionOneDisorder,TASK_COMPLETE,SUCCESS,INFO,245,245,0,,2026-09-03T19:04:17.619Z,2026-09-03T20:54:05.052Z,6588,2026-09-03T20:54:05.052Z,PH,Phoenix,48b34b87-69c2-467d-a88c-67aac910c539,SAMMS-Phoenix
202609032054004574,202609031904102219,202609031904101105,85,917,Bronze INV,br_AdmissionAssessmentDimensionOneDisorder,TASK_COMPLETE,SUCCESS,INFO,424,424,0,,2026-09-03T19:04:17.619Z,2026-09-03T20:54:05.052Z,6588,2026-09-03T20:54:05.052Z,RE,Reno,48b34b87-69c2-467d-a88c-67aac910c539,SAMMS-Reno
202609032054004575,202609031904102220,202609031904101105,85,918,Bronze INV,br_AdmissionAssessmentDimensionOneDisorder,TASK_COMPLETE,SUCCESS,INFO,402,402,0,,2026-09-03T19:04:17.619Z,2026-09-03T20:54:05.052Z,6588,2026-09-03T20:54:05.052Z,RMD,Richmond,48b34b87-69c2-467d-a88c-67aac910c539,SAMMS-Richmond
202609032054004576,202609031904102221,202609031904101105,85,919,Bronze INV,br_AdmissionAssessmentDimensionOneDisorder,TASK_COMPLETE,SUCCESS,INFO,512,512,0,,2026-09-03T19:04:17.619Z,2026-09-03T20:54:05.052Z,6588,2026-09-03T20:54:05.052Z,SFN,Springfield North,48b34b87-69c2-467d-a88c-67aac910c539,SAMMS-SFNv5
202609032054004577,202609031904102222,202609031904101105,85,920,Bronze INV,br_AdmissionAssessmentDimensionOneDisorder,TASK_COMPLETE,SUCCESS,INFO,463,463,0,,2026-09-03T19:04:17.619Z,2026-09-03T20:54:05.052Z,6588,2026-09-03T20:54:05.052Z,SHP,Shreveport,48b34b87-69c2-467d-a88c-67aac910c539,SAMMS-Shreveport
202609032054004578,202609031904102223,202609031904101105,85,922,Bronze INV,br_AdmissionAssessmentDimensionOneDisorder,TASK_COMPLETE,SUCCESS,INFO,86,86,0,,2026-09-03T19:04:17.619Z,2026-09-03T20:54:05.052Z,6588,2026-09-03T20:54:05.052Z,STN,Staunton,48b34b87-69c2-467d-a88c-67aac910c539,SAMMS-Staunton
202609032054004579,202609031904102224,202609031904101105,85,923,Bronze INV,br_AdmissionAssessmentDimensionOneDisorder,TASK_COMPLETE,SUCCESS,INFO,57,57,0,,2026-09-03T19:04:17.619Z,2026-09-03T20:54:05.052Z,6588,2026-09-03T20:54:05.052Z,STVN,Stevenson,48b34b87-69c2-467d-a88c-67aac910c539,SAMMS-Stevenson
202609032054004581,202609031904102225,202609031904101105,85,925,Bronze INV,br_AdmissionAssessmentDimensionOneDisorder,TASK_COMPLETE,SUCCESS,INFO,76,76,0,,2026-09-03T19:04:17.619Z,2026-09-03T20:54:05.052Z,6588,2026-09-03T20:54:05.052Z,TE,Tempe,48b34b87-69c2-467d-a88c-67aac910c539,SAMMS-Tempe
202609032054004582,202609031904102226,202609031904101105,85,926,Bronze INV,br_AdmissionAssessmentDimensionOneDisorder,TASK_COMPLETE,SUCCESS,INFO,372,372,0,,2026-09-03T19:04:17.619Z,2026-09-03T20:54:05.052Z,6588,2026-09-03T20:54:05.052Z,TEX,Texarkana,48b34b87-69c2-467d-a88c-67aac910c539,SAMMS-Texarkana
202609032054004583,202609031904102227,202609031904101105,85,927,Bronze INV,br_AdmissionAssessmentDimensionOneDisorder,TASK_COMPLETE,SUCCESS,INFO,456,456,0,,2026-09-03T19:04:17.619Z,2026-09-03T20:54:05.052Z,6588,2026-09-03T20:54:05.052Z,TTCA,Bessemer,48b34b87-69c2-467d-a88c-67aac910c539,SAMMS-BessemerV5
202609032054004584,202609031904102228,202609031904101105,85,928,Bronze INV,br_AdmissionAssessmentDimensionOneDisorder,TASK_COMPLETE,SUCCESS,INFO,558,558,0,,2026-09-03T19:04:17.619Z,2026-09-03T20:54:05.052Z,6588,2026-09-03T20:54:05.052Z,TTCB,Cullman,48b34b87-69c2-467d-a88c-67aac910c539,SAMMS-CullmanV5
202609032054004586,202609031904102229,202609031904101105,85,929,Bronze INV,br_AdmissionAssessmentDimensionOneDisorder,TASK_COMPLETE,SUCCESS,INFO,369,369,0,,2026-09-03T19:04:17.619Z,2026-09-03T20:54:05.052Z,6588,2026-09-03T20:54:05.052Z,TTCC,Grand Bay,48b34b87-69c2-467d-a88c-67aac910c539,SAMMS-GrandBay
202609032054004587,202609031904102230,202609031904101105,85,930,Bronze INV,br_AdmissionAssessmentDimensionOneDisorder,TASK_COMPLETE,SUCCESS,INFO,24,24,0,,2026-09-03T19:04:17.619Z,2026-09-03T20:54:05.052Z,6588,2026-09-03T20:54:05.052Z,TU,Tucson,48b34b87-69c2-467d-a88c-67aac910c539,SAMMS-Tucson
202609032054004588,202609031904102231,202609031904101105,85,932,Bronze INV,br_AdmissionAssessmentDimensionOneDisorder,TASK_COMPLETE,SUCCESS,INFO,267,267,0,,2026-09-03T19:04:17.619Z,2026-09-03T20:54:05.052Z,6588,2026-09-03T20:54:05.052Z,V1,Memphis South,48b34b87-69c2-467d-a88c-67aac910c539,SAMMS-VCPHCS-I-MemphisV5
202609032054004589,202609031904102232,202609031904101105,85,933,Bronze INV,br_AdmissionAssessmentDimensionOneDisorder,TASK_COMPLETE,SUCCESS,INFO,710,710,0,,2026-09-03T19:04:17.619Z,2026-09-03T20:54:05.052Z,6588,2026-09-03T20:54:05.052Z,V10,Longmont,48b34b87-69c2-467d-a88c-67aac910c539,SAMMS-BoulderV5
202609032054004591,202609031904102233,202609031904101105,85,934,Bronze INV,br_AdmissionAssessmentDimensionOneDisorder,TASK_COMPLETE,SUCCESS,INFO,1212,1212,0,,2026-09-03T19:04:17.619Z,2026-09-03T20:54:05.052Z,6588,2026-09-03T20:54:05.052Z,V10A,Fort Collins,48b34b87-69c2-467d-a88c-67aac910c539,SAMMS-FortCollinsV5
202609032054004592,202609031904102234,202609031904101105,85,935,Bronze INV,br_AdmissionAssessmentDimensionOneDisorder,TASK_COMPLETE,SUCCESS,INFO,1056,1056,0,,2026-09-03T19:04:17.619Z,2026-09-03T20:54:05.052Z,6588,2026-09-03T20:54:05.052Z,V11,Westminster,48b34b87-69c2-467d-a88c-67aac910c539,SAMMS-VCPHCS-XI-NorthDenverV5
202609032054004593,202609031904102235,202609031904101105,85,936,Bronze INV,br_AdmissionAssessmentDimensionOneDisorder,TASK_COMPLETE,SUCCESS,INFO,1115,1115,0,,2026-09-03T19:04:17.619Z,2026-09-03T20:54:05.052Z,6588,2026-09-03T20:54:05.052Z,V12,Downtown Denver,48b34b87-69c2-467d-a88c-67aac910c539,SAMMS-VCPHCS-XII-DowntownDenverV5
202609032054004595,202609031904102236,202609031904101105,85,937,Bronze INV,br_AdmissionAssessmentDimensionOneDisorder,TASK_COMPLETE,SUCCESS,INFO,503,503,0,,2026-09-03T19:04:17.619Z,2026-09-03T20:54:05.052Z,6588,2026-09-03T20:54:05.052Z,V12A,Centennial,48b34b87-69c2-467d-a88c-67aac910c539,SAMMS-CentennialV5
202609032054004596,202609031904102237,202609031904101105,85,938,Bronze INV,br_AdmissionAssessmentDimensionOneDisorder,TASK_COMPLETE,SUCCESS,INFO,319,319,0,,2026-09-03T19:04:17.619Z,2026-09-03T20:54:05.052Z,6588,2026-09-03T20:54:05.052Z,V14,Overland Park,48b34b87-69c2-467d-a88c-67aac910c539,SAMMS-VCPHCS-XIV-BridgewayV5
202609032054004597,202609031904102238,202609031904101105,85,939,Bronze INV,br_AdmissionAssessmentDimensionOneDisorder,TASK_COMPLETE,SUCCESS,INFO,577,577,0,,2026-09-03T19:04:17.619Z,2026-09-03T20:54:05.052Z,6588,2026-09-03T20:54:05.052Z,V15,Joplin,48b34b87-69c2-467d-a88c-67aac910c539,SAMMS-JoplinV5
202609032054004598,202609031904102239,202609031904101105,85,941,Bronze INV,br_AdmissionAssessmentDimensionOneDisorder,TASK_COMPLETE,SUCCESS,INFO,493,493,0,,2026-09-03T19:04:17.619Z,2026-09-03T20:54:05.052Z,6588,2026-09-03T20:54:05.052Z,V17,Columbia TN,48b34b87-69c2-467d-a88c-67aac910c539,SAMMS-ColumbiaTNv5
202609032054004599,202609031904102240,202609031904101105,85,943,Bronze INV,br_AdmissionAssessmentDimensionOneDisorder,TASK_COMPLETE,SUCCESS,INFO,443,443,0,,2026-09-03T19:04:17.619Z,2026-09-03T20:54:05.052Z,6588,2026-09-03T20:54:05.052Z,V19,Jackson,48b34b87-69c2-467d-a88c-67aac910c539,SAMMS-JacksonV5
202609032054004600,202609031904102241,202609031904101105,85,945,Bronze INV,br_AdmissionAssessmentDimensionOneDisorder,TASK_COMPLETE,SUCCESS,INFO,524,524,0,,2026-09-03T19:04:17.619Z,2026-09-03T20:54:05.052Z,6588,2026-09-03T20:54:05.052Z,V20,Paris,48b34b87-69c2-467d-a88c-67aac910c539,SAMMS-ParisV5
202609032054004601,202609031904102242,202609031904101105,85,946,Bronze INV,br_AdmissionAssessmentDimensionOneDisorder,TASK_COMPLETE,SUCCESS,INFO,372,372,0,,2026-09-03T19:04:17.619Z,2026-09-03T20:54:05.052Z,6588,2026-09-03T20:54:05.052Z,V21,Memphis North,48b34b87-69c2-467d-a88c-67aac910c539,SAMMS-RaleighV5
202609032054004602,202609031904102243,202609031904101105,85,949,Bronze INV,br_AdmissionAssessmentDimensionOneDisorder,TASK_COMPLETE,SUCCESS,INFO,724,724,0,,2026-09-03T19:04:17.619Z,2026-09-03T20:54:05.052Z,6588,2026-09-03T20:54:05.052Z,V5,West Bank,48b34b87-69c2-467d-a88c-67aac910c539,SAMMS-NONTCv5
202609032054004604,202609031904102244,202609031904101105,85,951,Bronze INV,br_AdmissionAssessmentDimensionOneDisorder,TASK_COMPLETE,SUCCESS,INFO,262,262,0,,2026-09-03T19:04:17.619Z,2026-09-03T20:54:05.052Z,6588,2026-09-03T20:54:05.052Z,V5B,Houma,48b34b87-69c2-467d-a88c-67aac910c539,SAMMS-HoumaV6
202609032054004605,202609031904102245,202609031904101105,85,952,Bronze INV,br_AdmissionAssessmentDimensionOneDisorder,TASK_COMPLETE,SUCCESS,INFO,982,982,0,,2026-09-03T19:04:17.619Z,2026-09-03T20:54:05.052Z,6588,2026-09-03T20:54:05.052Z,V6,Lake Charles,48b34b87-69c2-467d-a88c-67aac910c539,SAMMS-LCv5
202609032054004606,202609031904102246,202609031904101105,85,954,Bronze INV,br_AdmissionAssessmentDimensionOneDisorder,TASK_COMPLETE,SUCCESS,INFO,585,585,0,,2026-09-03T19:04:17.619Z,2026-09-03T20:54:05.052Z,6588,2026-09-03T20:54:05.052Z,V8,Memphis Midtown,48b34b87-69c2-467d-a88c-67aac910c539,SAMMS-VCPHCS-VIII-MemphisV5
202609032054004607,202609031904102247,202609031904101105,85,955,Bronze INV,br_AdmissionAssessmentDimensionOneDisorder,TASK_COMPLETE,SUCCESS,INFO,1634,1634,0,,2026-09-03T19:04:17.619Z,2026-09-03T20:54:05.052Z,6588,2026-09-03T20:54:05.052Z,V9,Nashville,48b34b87-69c2-467d-a88c-67aac910c539,SAMMS-NashvilleV5
202609032054004608,202609031904102248,202609031904101105,85,956,Bronze INV,br_AdmissionAssessmentDimensionOneDisorder,TASK_COMPLETE,SUCCESS,INFO,349,349,0,,2026-09-03T19:04:17.619Z,2026-09-03T20:54:05.052Z,6588,2026-09-03T20:54:05.052Z,VBRA,Brainerd,48b34b87-69c2-467d-a88c-67aac910c539,SAMMS-BrainerdV6
202609032054004609,202609031904102249,202609031904101105,85,957,Bronze INV,br_AdmissionAssessmentDimensionOneDisorder,TASK_COMPLETE,SUCCESS,INFO,615,615,0,,2026-09-03T19:04:17.619Z,2026-09-03T20:54:05.052Z,6588,2026-09-03T20:54:05.052Z,VBRP,Brooklyn Park,48b34b87-69c2-467d-a88c-67aac910c539,SAMMS-BrooklynParkV6
202609032054004610,202609031904102250,202609031904101105,85,959,Bronze INV,br_AdmissionAssessmentDimensionOneDisorder,TASK_COMPLETE,SUCCESS,INFO,585,585,0,,2026-09-03T19:04:17.619Z,2026-09-03T20:54:05.052Z,6588,2026-09-03T20:54:05.052Z,VMIN,Minneapolis,48b34b87-69c2-467d-a88c-67aac910c539,SAMMS-MinneapolisV6
202609032054004612,202609031904102251,202609031904101105,85,960,Bronze INV,br_AdmissionAssessmentDimensionOneDisorder,TASK_COMPLETE,SUCCESS,INFO,1131,1131,0,,2026-09-03T19:04:17.619Z,2026-09-03T20:54:05.052Z,6588,2026-09-03T20:54:05.052Z,VWBY,Woodbury,48b34b87-69c2-467d-a88c-67aac910c539,SAMMS-WoodburyV6
202609032054004613,202609031904102252,202609031904101105,85,962,Bronze INV,br_AdmissionAssessmentDimensionOneDisorder,TASK_COMPLETE,SUCCESS,INFO,442,442,0,,2026-09-03T19:04:17.619Z,2026-09-03T20:54:05.052Z,6588,2026-09-03T20:54:05.052Z,WIL,Wilson,48b34b87-69c2-467d-a88c-67aac910c539,SAMMS-Wilson
202609032054004614,202609031904102253,202609031904101105,85,1334,Bronze INV,br_AdmissionAssessmentDimensionTwo,TASK_COMPLETE,SUCCESS,INFO,102,102,0,,2026-09-03T19:04:17.619Z,2026-09-03T20:54:05.052Z,6588,2026-09-03T20:54:05.052Z,AHK,Ahoskie,48b34b87-69c2-467d-a88c-67aac910c539,SAMMS-Ahoskie
202609032054004615,202609031904102254,202609031904101105,85,1335,Bronze INV,br_AdmissionAssessmentDimensionTwo,TASK_COMPLETE,SUCCESS,INFO,796,796,0,,2026-09-03T19:04:17.619Z,2026-09-03T20:54:05.052Z,6588,2026-09-03T20:54:05.052Z,B12B,Colorado Springs,48b34b87-69c2-467d-a88c-67aac910c539,SAMMS-ColoradoSpringsV5
202609032054004616,202609031904102255,202609031904101105,85,1336,Bronze INV,br_AdmissionAssessmentDimensionTwo,TASK_COMPLETE,SUCCESS,INFO,415,415,0,,2026-09-03T19:04:17.619Z,2026-09-03T20:54:05.052Z,6588,2026-09-03T20:54:05.052Z,B24,Paintsville,48b34b87-69c2-467d-a88c-67aac910c539,SAMMS-PaintsvilleV5
202609032054004617,202609031904102256,202609031904101105,85,1337,Bronze INV,br_AdmissionAssessmentDimensionTwo,TASK_COMPLETE,SUCCESS,INFO,172,172,0,,2026-09-03T19:04:17.619Z,2026-09-03T20:54:05.052Z,6588,2026-09-03T20:54:05.052Z,B25,Pikeville,48b34b87-69c2-467d-a88c-67aac910c539,SAMMS-PikevilleV5
202609032054004618,202609031904102257,202609031904101105,85,1338,Bronze INV,br_AdmissionAssessmentDimensionTwo,TASK_COMPLETE,SUCCESS,INFO,496,496,0,,2026-09-03T19:04:17.619Z,2026-09-03T20:54:05.052Z,6588,2026-09-03T20:54:05.052Z,B26,Hazard,48b34b87-69c2-467d-a88c-67aac910c539,SAMMS-HazardV5
202609032054004620,202609031904102258,202609031904101105,85,1339,Bronze INV,br_AdmissionAssessmentDimensionTwo,TASK_COMPLETE,SUCCESS,INFO,189,189,0,,2026-09-03T19:04:17.619Z,2026-09-03T20:54:05.052Z,6588,2026-09-03T20:54:05.052Z,B27,Savannah,48b34b87-69c2-467d-a88c-67aac910c539,SAMMS-SavannahV6
202609032054004621,202609031904102259,202609031904101105,85,1340,Bronze INV,br_AdmissionAssessmentDimensionTwo,TASK_COMPLETE,SUCCESS,INFO,237,237,0,,2026-09-03T19:04:17.619Z,2026-09-03T20:54:05.052Z,6588,2026-09-03T20:54:05.052Z,B28,West Plains,48b34b87-69c2-467d-a88c-67aac910c539,SAMMS-WestPlainesV5
202609032054004622,202609031904102260,202609031904101105,85,1341,Bronze INV,br_AdmissionAssessmentDimensionTwo,TASK_COMPLETE,SUCCESS,INFO,262,262,0,,2026-09-03T19:04:17.619Z,2026-09-03T20:54:05.052Z,6588,2026-09-03T20:54:05.052Z,B29,Poplar Bluff,48b34b87-69c2-467d-a88c-67aac910c539,SAMMS-PoplarBluffV5
202609032054004623,202609031904102261,202609031904101105,85,1342,Bronze INV,br_AdmissionAssessmentDimensionTwo,TASK_COMPLETE,SUCCESS,INFO,147,147,0,,2026-09-03T19:04:17.619Z,2026-09-03T20:54:05.052Z,6588,2026-09-03T20:54:05.052Z,B30,KC North,48b34b87-69c2-467d-a88c-67aac910c539,SAMMS-KCNv5
202609032054005020,202609031904102602,202609031904101105,85,418,Bronze INV,br_AdmissionAssessmentDimensionFiveSubstanceUse,TASK_COMPLETE,SUCCESS,INFO,493,493,0,,2026-09-03T19:04:17.619Z,2026-09-03T20:54:05.052Z,6588,2026-09-03T20:54:05.052Z,B26,Hazard,48b34b87-69c2-467d-a88c-67aac910c539,SAMMS-HazardV5
202609032054005021,202609031904102603,202609031904101105,85,419,Bronze INV,br_AdmissionAssessmentDimensionFiveSubstanceUse,TASK_COMPLETE,SUCCESS,INFO,190,190,0,,2026-09-03T19:04:17.619Z,2026-09-03T20:54:05.052Z,6588,2026-09-03T20:54:05.052Z,B27,Savannah,48b34b87-69c2-467d-a88c-67aac910c539,SAMMS-SavannahV6
202609032054005022,202609031904102604,202609031904101105,85,420,Bronze INV,br_AdmissionAssessmentDimensionFiveSubstanceUse,TASK_COMPLETE,SUCCESS,INFO,238,238,0,,2026-09-03T19:04:17.619Z,2026-09-03T20:54:05.052Z,6588,2026-09-03T20:54:05.052Z,B28,West Plains,48b34b87-69c2-467d-a88c-67aac910c539,SAMMS-WestPlainesV5
202609032054005024,202609031904102605,202609031904101105,85,421,Bronze INV,br_AdmissionAssessmentDimensionFiveSubstanceUse,TASK_COMPLETE,SUCCESS,INFO,262,262,0,,2026-09-03T19:04:17.619Z,2026-09-03T20:54:05.052Z,6588,2026-09-03T20:54:05.052Z,B29,Poplar Bluff,48b34b87-69c2-467d-a88c-67aac910c539,SAMMS-PoplarBluffV5
202609032054005025,202609031904102606,202609031904101105,85,422,Bronze INV,br_AdmissionAssessmentDimensionFiveSubstanceUse,TASK_COMPLETE,SUCCESS,INFO,140,140,0,,2026-09-03T19:04:17.619Z,2026-09-03T20:54:05.052Z,6588,2026-09-03T20:54:05.052Z,B30,KC North,48b34b87-69c2-467d-a88c-67aac910c539,SAMMS-KCNv5
202609032054005026,202609031904102607,202609031904101105,85,423,Bronze INV,br_AdmissionAssessmentDimensionFiveSubstanceUse,TASK_COMPLETE,SUCCESS,INFO,338,338,0,,2026-09-03T19:04:17.619Z,2026-09-03T20:54:05.052Z,6588,2026-09-03T20:54:05.052Z,B31,Dyersburg,48b34b87-69c2-467d-a88c-67aac910c539,SAMMS-DyersburgV5
202609032054005027,202609031904102608,202609031904101105,85,425,Bronze INV,br_AdmissionAssessmentDimensionFiveSubstanceUse,TASK_COMPLETE,SUCCESS,INFO,211,211,0,,2026-09-03T19:04:17.619Z,2026-09-03T20:54:05.052Z,6588,2026-09-03T20:54:05.052Z,B33,Paducah,48b34b87-69c2-467d-a88c-67aac910c539,SAMMS-Paducah
202609032054005028,202609031904102609,202609031904101105,85,426,Bronze INV,br_AdmissionAssessmentDimensionFiveSubstanceUse,TASK_COMPLETE,SUCCESS,INFO,448,448,0,,2026-09-03T19:04:17.619Z,2026-09-03T20:54:05.052Z,6588,2026-09-03T20:54:05.052Z,B34,Corbin,48b34b87-69c2-467d-a88c-67aac910c539,SAMMS-CorbinV5
202609032054005029,202609031904102610,202609031904101105,85,427,Bronze INV,br_AdmissionAssessmentDimensionFiveSubstanceUse,TASK_COMPLETE,SUCCESS,INFO,711,711,0,,2026-09-03T19:04:17.619Z,2026-09-03T20:54:05.052Z,6588,2026-09-03T20:54:05.052Z,B35,Lexington,48b34b87-69c2-467d-a88c-67aac910c539,SAMMS-LexingtonV5
202609032054005030,202609031904102611,202609031904101105,85,428,Bronze INV,br_AdmissionAssessmentDimensionFiveSubstanceUse,TASK_COMPLETE,SUCCESS,INFO,347,347,0,,2026-09-03T19:04:17.619Z,2026-09-03T20:54:05.052Z,6588,2026-09-03T20:54:05.052Z,B35A,Berea,48b34b87-69c2-467d-a88c-67aac910c539,SAMMS-BereaV5
202609032054005032,202609031904102612,202609031904101105,85,429,Bronze INV,br_AdmissionAssessmentDimensionFiveSubstanceUse,TASK_COMPLETE,SUCCESS,INFO,604,604,0,,2026-09-03T19:04:17.619Z,2026-09-03T20:54:05.052Z,6588,2026-09-03T20:54:05.052Z,B36,Asheville,48b34b87-69c2-467d-a88c-67aac910c539,SAMMS-AshevilleV5
202609032054005033,202609031904102613,202609031904101105,85,430,Bronze INV,br_AdmissionAssessmentDimensionFiveSubstanceUse,TASK_COMPLETE,SUCCESS,INFO,446,446,0,,2026-09-03T19:04:17.619Z,2026-09-03T20:54:05.052Z,6588,2026-09-03T20:54:05.052Z,B37,Clyde,48b34b87-69c2-467d-a88c-67aac910c539,SAMMS-ClydeV5
202609032054005034,202609031904102614,202609031904101105,85,431,Bronze INV,br_AdmissionAssessmentDimensionFiveSubstanceUse,TASK_COMPLETE,SUCCESS,INFO,634,634,0,,2026-09-03T19:04:17.619Z,2026-09-03T20:54:05.052Z,6588,2026-09-03T20:54:05.052Z,B38,Spartanburg,48b34b87-69c2-467d-a88c-67aac910c539,SAMMS-SpartanburgV5
202609032054005035,202609031904102615,202609031904101105,85,432,Bronze INV,br_AdmissionAssessmentDimensionFiveSubstanceUse,TASK_COMPLETE,SUCCESS,INFO,480,480,0,,2026-09-03T19:04:17.619Z,2026-09-03T20:54:05.052Z,6588,2026-09-03T20:54:05.052Z,B39,Aiken,48b34b87-69c2-467d-a88c-67aac910c539,SAMMS-AikenV5
202609032054005036,202609031904102616,202609031904101105,85,433,Bronze INV,br_AdmissionAssessmentDimensionFiveSubstanceUse,TASK_COMPLETE,SUCCESS,INFO,289,289,0,,2026-09-03T19:04:17.619Z,2026-09-03T20:54:05.052Z,6588,2026-09-03T20:54:05.052Z,B41,Chesapeake,48b34b87-69c2-467d-a88c-67aac910c539,SAMMS-ChesapeakeV5
202609032054005037,202609031904102617,202609031904101105,85,434,Bronze INV,br_AdmissionAssessmentDimensionFiveSubstanceUse,TASK_COMPLETE,SUCCESS,INFO,534,534,0,,2026-09-03T19:04:17.619Z,2026-09-03T20:54:05.052Z,6588,2026-09-03T20:54:05.052Z,B42,Virginia Beach,48b34b87-69c2-467d-a88c-67aac910c539,SAMMS-VirginiaBeachV5
202609032054005039,202609031904102618,202609031904101105,85,435,Bronze INV,br_AdmissionAssessmentDimensionFiveSubstanceUse,TASK_COMPLETE,SUCCESS,INFO,161,161,0,,2026-09-03T19:04:17.619Z,2026-09-03T20:54:05.052Z,6588,2026-09-03T20:54:05.052Z,B42A,Newport News,48b34b87-69c2-467d-a88c-67aac910c539,SAMMS-NewportNewsV5
202609032054005040,202609031904102619,202609031904101105,85,436,Bronze INV,br_AdmissionAssessmentDimensionFiveSubstanceUse,TASK_COMPLETE,SUCCESS,INFO,54,54,0,,2026-09-03T19:04:17.619Z,2026-09-03T20:54:05.052Z,6588,2026-09-03T20:54:05.052Z,B42B,Franklin,48b34b87-69c2-467d-a88c-67aac910c539,SAMMS-FranklinV5
202609032054005041,202609031904102620,202609031904101105,85,437,Bronze INV,br_AdmissionAssessmentDimensionFiveSubstanceUse,TASK_COMPLETE,SUCCESS,INFO,334,334,0,,2026-09-03T19:04:17.619Z,2026-09-03T20:54:05.052Z,6588,2026-09-03T20:54:05.052Z,B42C,Glen Allen,48b34b87-69c2-467d-a88c-67aac910c539,SAMMS-GlenAllenV5
202609032054005042,202609031904102621,202609031904101105,85,438,Bronze INV,br_AdmissionAssessmentDimensionFiveSubstanceUse,TASK_COMPLETE,SUCCESS,INFO,166,166,0,,2026-09-03T19:04:17.619Z,2026-09-03T20:54:05.052Z,6588,2026-09-03T20:54:05.052Z,B42D,Chesapeake South,48b34b87-69c2-467d-a88c-67aac910c539,SAMMS-ChesapeakeSouthV5
202609032054005043,202609031904102622,202609031904101105,85,439,Bronze INV,br_AdmissionAssessmentDimensionFiveSubstanceUse,TASK_COMPLETE,SUCCESS,INFO,210,210,0,,2026-09-03T19:04:17.619Z,2026-09-03T20:54:05.052Z,6588,2026-09-03T20:54:05.052Z,B44,Albany,48b34b87-69c2-467d-a88c-67aac910c539,SAMMS-AlbanyV5
202609032054005045,202609031904102623,202609031904101105,85,440,Bronze INV,br_AdmissionAssessmentDimensionFiveSubstanceUse,TASK_COMPLETE,SUCCESS,INFO,308,308,0,,2026-09-03T19:04:17.619Z,2026-09-03T20:54:05.052Z,6588,2026-09-03T20:54:05.052Z,B45,Tifton,48b34b87-69c2-467d-a88c-67aac910c539,SAMMS-TiftonV5
202609032054005047,202609031904102624,202609031904101105,85,441,Bronze INV,br_AdmissionAssessmentDimensionFiveSubstanceUse,TASK_COMPLETE,SUCCESS,INFO,667,667,0,,2026-09-03T19:04:17.619Z,2026-09-03T20:54:05.052Z,6588,2026-09-03T20:54:05.052Z,B46,Washington DC,48b34b87-69c2-467d-a88c-67aac910c539,SAMMS-WashingtonDCv5
202609032054005048,202609031904102625,202609031904101105,85,442,Bronze INV,br_AdmissionAssessmentDimensionFiveSubstanceUse,TASK_COMPLETE,SUCCESS,INFO,355,355,0,,2026-09-03T19:04:17.619Z,2026-09-03T20:54:05.052Z,6588,2026-09-03T20:54:05.052Z,B47,Mobile,48b34b87-69c2-467d-a88c-67aac910c539,SAMMS-MobileV5
202609032054005049,202609031904102626,202609031904101105,85,443,Bronze INV,br_AdmissionAssessmentDimensionFiveSubstanceUse,TASK_COMPLETE,SUCCESS,INFO,452,452,0,,2026-09-03T19:04:17.619Z,2026-09-03T20:54:05.052Z,6588,2026-09-03T20:54:05.052Z,B48,Tuscaloosa,48b34b87-69c2-467d-a88c-67aac910c539,SAMMS-TuscaloosaV5
202609032054005050,202609031904102627,202609031904101105,85,452,Bronze INV,br_AdmissionAssessmentDimensionFiveSubstanceUse,TASK_COMPLETE,SUCCESS,INFO,316,316,0,,2026-09-03T19:04:17.619Z,2026-09-03T20:54:05.052Z,6588,2026-09-03T20:54:05.052Z,B51,N. Little Rock (OTP),48b34b87-69c2-467d-a88c-67aac910c539,SAMMS-NorthLittleRockV6
202609032054005051,202609031904102628,202609031904101105,85,453,Bronze INV,br_AdmissionAssessmentDimensionFiveSubstanceUse,TASK_COMPLETE,SUCCESS,INFO,155,155,0,,2026-09-03T19:04:17.619Z,2026-09-03T20:54:05.052Z,6588,2026-09-03T20:54:05.052Z,B52,Jackson GA,48b34b87-69c2-467d-a88c-67aac910c539,SAMMS-JacksonGAV5
202609032054005052,202609031904102629,202609031904101105,85,454,Bronze INV,br_AdmissionAssessmentDimensionFiveSubstanceUse,TASK_COMPLETE,SUCCESS,INFO,480,480,0,,2026-09-03T19:04:17.619Z,2026-09-03T20:54:05.052Z,6588,2026-09-03T20:54:05.052Z,B54,Gadsden,48b34b87-69c2-467d-a88c-67aac910c539,SAMMS-GadsdenV5
202609032054005053,202609031904102630,202609031904101105,85,455,Bronze INV,br_AdmissionAssessmentDimensionFiveSubstanceUse,TASK_COMPLETE,SUCCESS,INFO,482,482,0,,2026-09-03T19:04:17.619Z,2026-09-03T20:54:05.052Z,6588,2026-09-03T20:54:05.052Z,B55,Shoals,48b34b87-69c2-467d-a88c-67aac910c539,SAMMS-ShoalsV5
202609032054005055,202609031904102631,202609031904101105,85,456,Bronze INV,br_AdmissionAssessmentDimensionFiveSubstanceUse,TASK_COMPLETE,SUCCESS,INFO,171,171,0,,2026-09-03T19:04:17.619Z,2026-09-03T20:54:05.052Z,6588,2026-09-03T20:54:05.052Z,B57,Pawtucket,48b34b87-69c2-467d-a88c-67aac910c539,SAMMS-Pawtucket
202609032054005056,202609031904102632,202609031904101105,85,457,Bronze INV,br_AdmissionAssessmentDimensionFiveSubstanceUse,TASK_COMPLETE,SUCCESS,INFO,168,168,0,,2026-09-03T19:04:17.619Z,2026-09-03T20:54:05.052Z,6588,2026-09-03T20:54:05.052Z,B57A,Johnston,48b34b87-69c2-467d-a88c-67aac910c539,SAMMS-Johnston
202609032054005057,202609031904102633,202609031904101105,85,458,Bronze INV,br_AdmissionAssessmentDimensionFiveSubstanceUse,TASK_COMPLETE,SUCCESS,INFO,86,86,0,,2026-09-03T19:04:17.619Z,2026-09-03T20:54:05.052Z,6588,2026-09-03T20:54:05.052Z,B57B,Middletown,48b34b87-69c2-467d-a88c-67aac910c539,SAMMS-Middletown
202609032054005058,202609031904102634,202609031904101105,85,459,Bronze INV,br_AdmissionAssessmentDimensionFiveSubstanceUse,TASK_COMPLETE,SUCCESS,INFO,175,175,0,,2026-09-03T19:04:17.619Z,2026-09-03T20:54:05.052Z,6588,2026-09-03T20:54:05.052Z,B57C,Providence,48b34b87-69c2-467d-a88c-67aac910c539,SAMMS-Providence
202609032054005059,202609031904102635,202609031904101105,85,460,Bronze INV,br_AdmissionAssessmentDimensionFiveSubstanceUse,TASK_COMPLETE,SUCCESS,INFO,256,256,0,,2026-09-03T19:04:17.619Z,2026-09-03T20:54:05.052Z,6588,2026-09-03T20:54:05.052Z,B57D,Westerly,48b34b87-69c2-467d-a88c-67aac910c539,SAMMS-Westerly
202609032054005060,202609031904102636,202609031904101105,85,464,Bronze INV,br_AdmissionAssessmentDimensionFiveSubstanceUse,TASK_COMPLETE,SUCCESS,INFO,365,365,0,,2026-09-03T19:04:17.619Z,2026-09-03T20:54:05.052Z,6588,2026-09-03T20:54:05.052Z,B66A,Bremen,48b34b87-69c2-467d-a88c-67aac910c539,SAMMS-Bremen
202609032054005061,202609031904102637,202609031904101105,85,467,Bronze INV,br_AdmissionAssessmentDimensionFiveSubstanceUse,TASK_COMPLETE,SUCCESS,INFO,12,12,0,,2026-09-03T19:04:17.619Z,2026-09-03T20:54:05.052Z,6588,2026-09-03T20:54:05.052Z,B72,Mobile (OBOT),48b34b87-69c2-467d-a88c-67aac910c539,SAMMS-Mobile-OBOT
202609032054005062,202609031904102638,202609031904101105,85,468,Bronze INV,br_AdmissionAssessmentDimensionFiveSubstanceUse,TASK_COMPLETE,SUCCESS,INFO,2,2,0,,2026-09-03T19:04:17.619Z,2026-09-03T20:54:05.052Z,6588,2026-09-03T20:54:05.052Z,B73,Montgomery,48b34b87-69c2-467d-a88c-67aac910c539,SAMMS-Montgomery
202609032054005064,202609031904102639,202609031904101105,85,469,Bronze INV,br_AdmissionAssessmentDimensionFiveSubstanceUse,TASK_COMPLETE,SUCCESS,INFO,317,317,0,,2026-09-03T19:04:17.619Z,2026-09-03T20:54:05.052Z,6588,2026-09-03T20:54:05.052Z,B75,Lawrence,48b34b87-69c2-467d-a88c-67aac910c539,SAMMS-LawrenceV6
202609032054005065,202609031904102640,202609031904101105,85,470,Bronze INV,br_AdmissionAssessmentDimensionFiveSubstanceUse,TASK_COMPLETE,SUCCESS,INFO,49,49,0,,2026-09-03T19:04:17.619Z,2026-09-03T20:54:05.052Z,6588,2026-09-03T20:54:05.052Z,B76,Huntsville OBOT,48b34b87-69c2-467d-a88c-67aac910c539,SAMMS-Huntsville-OBOT
202609032054005066,202609031904102641,202609031904101105,85,471,Bronze INV,br_AdmissionAssessmentDimensionFiveSubstanceUse,TASK_COMPLETE,SUCCESS,INFO,303,303,0,,2026-09-03T19:04:17.619Z,2026-09-03T20:54:05.052Z,6588,2026-09-03T20:54:05.052Z,BAT,Batesville,48b34b87-69c2-467d-a88c-67aac910c539,SAMMS-Batesville
202609032054005067,202609031904102642,202609031904101105,85,472,Bronze INV,br_AdmissionAssessmentDimensionFiveSubstanceUse,TASK_COMPLETE,SUCCESS,INFO,238,238,0,,2026-09-03T19:04:17.619Z,2026-09-03T20:54:05.052Z,6588,2026-09-03T20:54:05.052Z,BG,Bowling Green,48b34b87-69c2-467d-a88c-67aac910c539,SAMMS-BowlingGreen
202609032054005068,202609031904102643,202609031904101105,85,473,Bronze INV,br_AdmissionAssessmentDimensionFiveSubstanceUse,TASK_COMPLETE,SUCCESS,INFO,217,217,0,,2026-09-03T19:04:17.619Z,2026-09-03T20:54:05.052Z,6588,2026-09-03T20:54:05.052Z,BOI,Boise,48b34b87-69c2-467d-a88c-67aac910c539,SAMMS-Boise
202609032054005069,202609031904102644,202609031904101105,85,480,Bronze INV,br_AdmissionAssessmentDimensionFiveSubstanceUse,TASK_COMPLETE,SUCCESS,INFO,285,285,0,,2026-09-03T19:04:17.619Z,2026-09-03T20:54:05.052Z,6588,2026-09-03T20:54:05.052Z,CBCO,Coeur dAlene,48b34b87-69c2-467d-a88c-67aac910c539,SAMMS-CoeurdAleneV6
202609032054005070,202609031904102645,202609031904101105,85,499,Bronze INV,br_AdmissionAssessmentDimensionFiveSubstanceUse,TASK_COMPLETE,SUCCESS,INFO,306,306,0,,2026-09-03T19:04:17.619Z,2026-09-03T20:54:05.052Z,6588,2026-09-03T20:54:05.052Z,CON,Conway,48b34b87-69c2-467d-a88c-67aac910c539,SAMMS-Conway
202609032054005072,202609031904102646,202609031904101105,85,500,Bronze INV,br_AdmissionAssessmentDimensionFiveSubstanceUse,TASK_COMPLETE,SUCCESS,INFO,1544,1544,0,,2026-09-03T19:04:17.619Z,2026-09-03T20:54:05.052Z,6588,2026-09-03T20:54:05.052Z,D07,Medical Services Knox TN,48b34b87-69c2-467d-a88c-67aac910c539,SAMMS-KnoxvilleV6
202609032054005073,202609031904102647,202609031904101105,85,501,Bronze INV,br_AdmissionAssessmentDimensionFiveSubstanceUse,TASK_COMPLETE,SUCCESS,INFO,956,956,0,,2026-09-03T19:04:17.619Z,2026-09-03T20:54:05.052Z,6588,2026-09-03T20:54:05.052Z,D08,Madison,48b34b87-69c2-467d-a88c-67aac910c539,SAMMS-MadisonV6
202609032054005074,202609031904102648,202609031904101105,85,503,Bronze INV,br_AdmissionAssessmentDimensionFiveSubstanceUse,TASK_COMPLETE,SUCCESS,INFO,934,934,0,,2026-09-03T19:04:17.619Z,2026-09-03T20:54:05.052Z,6588,2026-09-03T20:54:05.052Z,D09,Murfreesboro,48b34b87-69c2-467d-a88c-67aac910c539,SAMMS-MurfreesboroV6
202609032054005075,202609031904102649,202609031904101105,85,504,Bronze INV,br_AdmissionAssessmentDimensionFiveSubstanceUse,TASK_COMPLETE,SUCCESS,INFO,222,222,0,,2026-09-03T19:04:17.619Z,2026-09-03T20:54:05.052Z,6588,2026-09-03T20:54:05.052Z,DA,Davenport,48b34b87-69c2-467d-a88c-67aac910c539,SAMMS-Davenport
202609032054005076,202609031904102650,202609031904101105,85,505,Bronze INV,br_AdmissionAssessmentDimensionFiveSubstanceUse,TASK_COMPLETE,SUCCESS,INFO,356,356,0,,2026-09-03T19:04:17.619Z,2026-09-03T20:54:05.052Z,6588,2026-09-03T20:54:05.052Z,DM,Des Moines,48b34b87-69c2-467d-a88c-67aac910c539,SAMMS-DesMoines
202609032054005077,202609031904102651,202609031904101105,85,507,Bronze INV,br_AdmissionAssessmentDimensionFiveSubstanceUse,TASK_COMPLETE,SUCCESS,INFO,475,475,0,,2026-09-03T19:04:17.619Z,2026-09-03T20:54:05.052Z,6588,2026-09-03T20:54:05.052Z,DRD-CO,Columbia MO,48b34b87-69c2-467d-a88c-67aac910c539,SAMMS-ColumbiaV5
202609032054005078,202609031904102652,202609031904101105,85,508,Bronze INV,br_AdmissionAssessmentDimensionFiveSubstanceUse,TASK_COMPLETE,SUCCESS,INFO,592,592,0,,2026-09-03T19:04:17.619Z,2026-09-03T20:54:05.052Z,6588,2026-09-03T20:54:05.052Z,DRD-KC,KC,48b34b87-69c2-467d-a88c-67aac910c539,SAMMS-KCv5
202609032054005080,202609031904102653,202609031904101105,85,509,Bronze INV,br_AdmissionAssessmentDimensionFiveSubstanceUse,TASK_COMPLETE,SUCCESS,INFO,947,947,0,,2026-09-03T19:04:17.619Z,2026-09-03T20:54:05.052Z,6588,2026-09-03T20:54:05.052Z,DRD-KVB,KVB,48b34b87-69c2-467d-a88c-67aac910c539,SAMMS-KVBv5
202609032054005081,202609031904102654,202609031904101105,85,510,Bronze INV,br_AdmissionAssessmentDimensionFiveSubstanceUse,TASK_COMPLETE,SUCCESS,INFO,1575,1575,0,,2026-09-03T19:04:17.619Z,2026-09-03T20:54:05.052Z,6588,2026-09-03T20:54:05.052Z,DRD-KVC,KVC,48b34b87-69c2-467d-a88c-67aac910c539,SAMMS-KVCv5
202609032054005082,202609031904102655,202609031904101105,85,511,Bronze INV,br_AdmissionAssessmentDimensionFiveSubstanceUse,TASK_COMPLETE,SUCCESS,INFO,1255,1255,0,,2026-09-03T19:04:17.619Z,2026-09-03T20:54:05.052Z,6588,2026-09-03T20:54:05.052Z,DRD-NOLA,NOLA,48b34b87-69c2-467d-a88c-67aac910c539,SAMMS-NOLAv5
202609032054005083,202609031904102656,202609031904101105,85,512,Bronze INV,br_AdmissionAssessmentDimensionFiveSubstanceUse,TASK_COMPLETE,SUCCESS,INFO,749,749,0,,2026-09-03T19:04:17.619Z,2026-09-03T20:54:05.052Z,6588,2026-09-03T20:54:05.052Z,DRD-SF,Springfield,48b34b87-69c2-467d-a88c-67aac910c539,SAMMS-SFv5
202609032054005084,202609031904102657,202609031904101105,85,514,Bronze INV,br_AdmissionAssessmentDimensionFiveSubstanceUse,TASK_COMPLETE,SUCCESS,INFO,248,248,0,,2026-09-03T19:04:17.619Z,2026-09-03T20:54:05.052Z,6588,2026-09-03T20:54:05.052Z,ELC,Elizabeth City,48b34b87-69c2-467d-a88c-67aac910c539,SAMMS-ElizabethCity
202609032054005085,202609031904102658,202609031904101105,85,515,Bronze INV,br_AdmissionAssessmentDimensionFiveSubstanceUse,TASK_COMPLETE,SUCCESS,INFO,260,260,0,,2026-09-03T19:04:17.619Z,2026-09-03T20:54:05.052Z,6588,2026-09-03T20:54:05.052Z,ET,Elizabethtown,48b34b87-69c2-467d-a88c-67aac910c539,SAMMS-Elizabethtown
202609032054005086,202609031904102659,202609031904101105,85,516,Bronze INV,br_AdmissionAssessmentDimensionFiveSubstanceUse,TASK_COMPLETE,SUCCESS,INFO,228,228,0,,2026-09-03T19:04:17.619Z,2026-09-03T20:54:05.052Z,6588,2026-09-03T20:54:05.052Z,FAY,Fayetteville,48b34b87-69c2-467d-a88c-67aac910c539,SAMMS-Fayetteville
202609032054005088,202609031904102660,202609031904101105,85,517,Bronze INV,br_AdmissionAssessmentDimensionFiveSubstanceUse,TASK_COMPLETE,SUCCESS,INFO,180,180,0,,2026-09-03T19:04:17.619Z,2026-09-03T20:54:05.052Z,6588,2026-09-03T20:54:05.052Z,FR,Frankfort,48b34b87-69c2-467d-a88c-67aac910c539,SAMMS-Frankfort
202609032054005089,202609031904102661,202609031904101105,85,518,Bronze INV,br_AdmissionAssessmentDimensionFiveSubstanceUse,TASK_COMPLETE,SUCCESS,INFO,282,282,0,,2026-09-03T19:04:17.619Z,2026-09-03T20:54:05.052Z,6588,2026-09-03T20:54:05.052Z,FS,Fort Smith,48b34b87-69c2-467d-a88c-67aac910c539,SAMMS-FortSmith
202609032054005090,202609031904102662,202609031904101105,85,519,Bronze INV,br_AdmissionAssessmentDimensionFiveSubstanceUse,TASK_COMPLETE,SUCCESS,INFO,684,684,0,,2026-09-03T19:04:17.619Z,2026-09-03T20:54:05.052Z,6588,2026-09-03T20:54:05.052Z,FW,Fort Wayne,48b34b87-69c2-467d-a88c-67aac910c539,SAMMS-FortWayne
202609032054005091,202609031904102663,202609031904101105,85,520,Bronze INV,br_AdmissionAssessmentDimensionFiveSubstanceUse,TASK_COMPLETE,SUCCESS,INFO,103,103,0,,2026-09-03T19:04:17.619Z,2026-09-03T20:54:05.052Z,6588,2026-09-03T20:54:05.052Z,GAL,Gaylord,48b34b87-69c2-467d-a88c-67aac910c539,SAMMS-Gaylord
202609032054005092,202609031904102664,202609031904101105,85,524,Bronze INV,br_AdmissionAssessmentDimensionFiveSubstanceUse,TASK_COMPLETE,SUCCESS,INFO,618,618,0,,2026-09-03T19:04:17.619Z,2026-09-03T20:54:05.052Z,6588,2026-09-03T20:54:05.052Z,HGT,Hagerstown,48b34b87-69c2-467d-a88c-67aac910c539,SAMMS-Hagerstown
202609032054005093,202609031904102665,202609031904101105,85,525,Bronze INV,br_AdmissionAssessmentDimensionFiveSubstanceUse,TASK_COMPLETE,SUCCESS,INFO,481,481,0,,2026-09-03T19:04:17.619Z,2026-09-03T20:54:05.052Z,6588,2026-09-03T20:54:05.052Z,HNT,Huntsville,48b34b87-69c2-467d-a88c-67aac910c539,SAMMS-Huntsville
202609032054005094,202609031904102666,202609031904101105,85,526,Bronze INV,br_AdmissionAssessmentDimensionFiveSubstanceUse,TASK_COMPLETE,SUCCESS,INFO,308,308,0,,2026-09-03T19:04:17.619Z,2026-09-03T20:54:05.052Z,6588,2026-09-03T20:54:05.052Z,HS,Hot Springs,48b34b87-69c2-467d-a88c-67aac910c539,SAMMS-HotSprings
202609032054005095,202609031904102667,202609031904101105,85,527,Bronze INV,br_AdmissionAssessmentDimensionFiveSubstanceUse,TASK_COMPLETE,SUCCESS,INFO,267,267,0,,2026-09-03T19:04:17.619Z,2026-09-03T20:54:05.052Z,6588,2026-09-03T20:54:05.052Z,JON,Jonesboro,48b34b87-69c2-467d-a88c-67aac910c539,SAMMS-Jonesboro
202609032054005097,202609031904102668,202609031904101105,85,529,Bronze INV,br_AdmissionAssessmentDimensionFiveSubstanceUse,TASK_COMPLETE,SUCCESS,INFO,155,155,0,,2026-09-03T19:04:17.619Z,2026-09-03T20:54:05.052Z,6588,2026-09-03T20:54:05.052Z,LAN,Lansing,48b34b87-69c2-467d-a88c-67aac910c539,SAMMS-Lansing
202609032054005098,202609031904102669,202609031904101105,85,530,Bronze INV,br_AdmissionAssessmentDimensionFiveSubstanceUse,TASK_COMPLETE,SUCCESS,INFO,429,429,0,,2026-09-03T19:04:17.619Z,2026-09-03T20:54:05.052Z,6588,2026-09-03T20:54:05.052Z,LO,Louisville,48b34b87-69c2-467d-a88c-67aac910c539,SAMMS-Louisville
202609032054006063,202609031904103486,202609031904101105,85,4047,Bronze INV,br_ReAssessmentPhysicalHealth,TASK_COMPLETE,SUCCESS,INFO,589,589,0,,2026-09-03T19:04:17.619Z,2026-09-03T20:54:05.052Z,6588,2026-09-03T20:54:05.052Z,SFN,Springfield North,48b34b87-69c2-467d-a88c-67aac910c539,SAMMS-SFNv5
202609032054006065,202609031904103487,202609031904101105,85,4048,Bronze INV,br_ReAssessmentPhysicalHealth,TASK_COMPLETE,SUCCESS,INFO,769,769,0,,2026-09-03T19:04:17.619Z,2026-09-03T20:54:05.052Z,6588,2026-09-03T20:54:05.052Z,SHP,Shreveport,48b34b87-69c2-467d-a88c-67aac910c539,SAMMS-Shreveport
202609032054006066,202609031904103488,202609031904101105,85,4050,Bronze INV,br_ReAssessmentPhysicalHealth,TASK_COMPLETE,SUCCESS,INFO,486,486,0,,2026-09-03T19:04:17.619Z,2026-09-03T20:54:05.052Z,6588,2026-09-03T20:54:05.052Z,STN,Staunton,48b34b87-69c2-467d-a88c-67aac910c539,SAMMS-Staunton
202609032054006067,202609031904103489,202609031904101105,85,4051,Bronze INV,br_ReAssessmentPhysicalHealth,TASK_COMPLETE,SUCCESS,INFO,225,225,0,,2026-09-03T19:04:17.619Z,2026-09-03T20:54:05.052Z,6588,2026-09-03T20:54:05.052Z,STVN,Stevenson,48b34b87-69c2-467d-a88c-67aac910c539,SAMMS-Stevenson
202609032054006068,202609031904103490,202609031904101105,85,4053,Bronze INV,br_ReAssessmentPhysicalHealth,TASK_COMPLETE,SUCCESS,INFO,174,174,0,,2026-09-03T19:04:17.619Z,2026-09-03T20:54:05.052Z,6588,2026-09-03T20:54:05.052Z,TE,Tempe,48b34b87-69c2-467d-a88c-67aac910c539,SAMMS-Tempe
202609032054006069,202609031904103491,202609031904101105,85,4054,Bronze INV,br_ReAssessmentPhysicalHealth,TASK_COMPLETE,SUCCESS,INFO,0,0,0,,2026-09-03T19:04:17.619Z,2026-09-03T20:54:05.052Z,6588,2026-09-03T20:54:05.052Z,TEX,Texarkana,48b34b87-69c2-467d-a88c-67aac910c539,SAMMS-Texarkana
202609032054006070,202609031904103492,202609031904101105,85,4055,Bronze INV,br_ReAssessmentPhysicalHealth,TASK_COMPLETE,SUCCESS,INFO,1084,1084,0,,2026-09-03T19:04:17.619Z,2026-09-03T20:54:05.052Z,6588,2026-09-03T20:54:05.052Z,TTCA,Bessemer,48b34b87-69c2-467d-a88c-67aac910c539,SAMMS-BessemerV5
202609032054006072,202609031904103493,202609031904101105,85,4056,Bronze INV,br_ReAssessmentPhysicalHealth,TASK_COMPLETE,SUCCESS,INFO,1321,1321,0,,2026-09-03T19:04:17.619Z,2026-09-03T20:54:05.052Z,6588,2026-09-03T20:54:05.052Z,TTCB,Cullman,48b34b87-69c2-467d-a88c-67aac910c539,SAMMS-CullmanV5
202609032054006073,202609031904103494,202609031904101105,85,4057,Bronze INV,br_ReAssessmentPhysicalHealth,TASK_COMPLETE,SUCCESS,INFO,945,945,0,,2026-09-03T19:04:17.619Z,2026-09-03T20:54:05.052Z,6588,2026-09-03T20:54:05.052Z,TTCC,Grand Bay,48b34b87-69c2-467d-a88c-67aac910c539,SAMMS-GrandBay
202609032054006074,202609031904103495,202609031904101105,85,4058,Bronze INV,br_ReAssessmentPhysicalHealth,TASK_COMPLETE,SUCCESS,INFO,15,15,0,,2026-09-03T19:04:17.619Z,2026-09-03T20:54:05.052Z,6588,2026-09-03T20:54:05.052Z,TU,Tucson,48b34b87-69c2-467d-a88c-67aac910c539,SAMMS-Tucson
202609032054006076,202609031904103496,202609031904101105,85,4060,Bronze INV,br_ReAssessmentPhysicalHealth,TASK_COMPLETE,SUCCESS,INFO,661,661,0,,2026-09-03T19:04:17.619Z,2026-09-03T20:54:05.052Z,6588,2026-09-03T20:54:05.052Z,V1,Memphis South,48b34b87-69c2-467d-a88c-67aac910c539,SAMMS-VCPHCS-I-MemphisV5
202609032054006077,202609031904103497,202609031904101105,85,4061,Bronze INV,br_ReAssessmentPhysicalHealth,TASK_COMPLETE,SUCCESS,INFO,1630,1630,0,,2026-09-03T19:04:17.619Z,2026-09-03T20:54:05.052Z,6588,2026-09-03T20:54:05.052Z,V10,Longmont,48b34b87-69c2-467d-a88c-67aac910c539,SAMMS-BoulderV5
202609032054006078,202609031904103498,202609031904101105,85,4062,Bronze INV,br_ReAssessmentPhysicalHealth,TASK_COMPLETE,SUCCESS,INFO,1517,1517,0,,2026-09-03T19:04:17.619Z,2026-09-03T20:54:05.052Z,6588,2026-09-03T20:54:05.052Z,V10A,Fort Collins,48b34b87-69c2-467d-a88c-67aac910c539,SAMMS-FortCollinsV5
202609032054006079,202609031904103499,202609031904101105,85,4063,Bronze INV,br_ReAssessmentPhysicalHealth,TASK_COMPLETE,SUCCESS,INFO,2876,2876,0,,2026-09-03T19:04:17.619Z,2026-09-03T20:54:05.052Z,6588,2026-09-03T20:54:05.052Z,V11,Westminster,48b34b87-69c2-467d-a88c-67aac910c539,SAMMS-VCPHCS-XI-NorthDenverV5
202609032054006080,202609031904103500,202609031904101105,85,4064,Bronze INV,br_ReAssessmentPhysicalHealth,TASK_COMPLETE,SUCCESS,INFO,3046,3046,0,,2026-09-03T19:04:17.619Z,2026-09-03T20:54:05.052Z,6588,2026-09-03T20:54:05.052Z,V12,Downtown Denver,48b34b87-69c2-467d-a88c-67aac910c539,SAMMS-VCPHCS-XII-DowntownDenverV5
202609032054006081,202609031904103501,202609031904101105,85,4065,Bronze INV,br_ReAssessmentPhysicalHealth,TASK_COMPLETE,SUCCESS,INFO,1144,1144,0,,2026-09-03T19:04:17.619Z,2026-09-03T20:54:05.052Z,6588,2026-09-03T20:54:05.052Z,V12A,Centennial,48b34b87-69c2-467d-a88c-67aac910c539,SAMMS-CentennialV5
202609032054006083,202609031904103502,202609031904101105,85,4066,Bronze INV,br_ReAssessmentPhysicalHealth,TASK_COMPLETE,SUCCESS,INFO,295,295,0,,2026-09-03T19:04:17.619Z,2026-09-03T20:54:05.052Z,6588,2026-09-03T20:54:05.052Z,V14,Overland Park,48b34b87-69c2-467d-a88c-67aac910c539,SAMMS-VCPHCS-XIV-BridgewayV5
202609032054006084,202609031904103503,202609031904101105,85,4067,Bronze INV,br_ReAssessmentPhysicalHealth,TASK_COMPLETE,SUCCESS,INFO,609,609,0,,2026-09-03T19:04:17.619Z,2026-09-03T20:54:05.052Z,6588,2026-09-03T20:54:05.052Z,V15,Joplin,48b34b87-69c2-467d-a88c-67aac910c539,SAMMS-JoplinV5
202609032054006085,202609031904103504,202609031904101105,85,4069,Bronze INV,br_ReAssessmentPhysicalHealth,TASK_COMPLETE,SUCCESS,INFO,906,906,0,,2026-09-03T19:04:17.619Z,2026-09-03T20:54:05.052Z,6588,2026-09-03T20:54:05.052Z,V17,Columbia TN,48b34b87-69c2-467d-a88c-67aac910c539,SAMMS-ColumbiaTNv5
202609032054006086,202609031904103505,202609031904101105,85,4071,Bronze INV,br_ReAssessmentPhysicalHealth,TASK_COMPLETE,SUCCESS,INFO,534,534,0,,2026-09-03T19:04:17.619Z,2026-09-03T20:54:05.052Z,6588,2026-09-03T20:54:05.052Z,V19,Jackson,48b34b87-69c2-467d-a88c-67aac910c539,SAMMS-JacksonV5
202609032054006087,202609031904103506,202609031904101105,85,4073,Bronze INV,br_ReAssessmentPhysicalHealth,TASK_COMPLETE,SUCCESS,INFO,1776,1776,0,,2026-09-03T19:04:17.619Z,2026-09-03T20:54:05.052Z,6588,2026-09-03T20:54:05.052Z,V20,Paris,48b34b87-69c2-467d-a88c-67aac910c539,SAMMS-ParisV5
202609032054006088,202609031904103507,202609031904101105,85,4074,Bronze INV,br_ReAssessmentPhysicalHealth,TASK_COMPLETE,SUCCESS,INFO,723,723,0,,2026-09-03T19:04:17.619Z,2026-09-03T20:54:05.052Z,6588,2026-09-03T20:54:05.052Z,V21,Memphis North,48b34b87-69c2-467d-a88c-67aac910c539,SAMMS-RaleighV5
202609032054006089,202609031904103508,202609031904101105,85,4077,Bronze INV,br_ReAssessmentPhysicalHealth,TASK_COMPLETE,SUCCESS,INFO,1786,1786,0,,2026-09-03T19:04:17.619Z,2026-09-03T20:54:05.052Z,6588,2026-09-03T20:54:05.052Z,V5,West Bank,48b34b87-69c2-467d-a88c-67aac910c539,SAMMS-NONTCv5
202609032054006091,202609031904103509,202609031904101105,85,4079,Bronze INV,br_ReAssessmentPhysicalHealth,TASK_COMPLETE,SUCCESS,INFO,146,146,0,,2026-09-03T19:04:17.619Z,2026-09-03T20:54:05.052Z,6588,2026-09-03T20:54:05.052Z,V5B,Houma,48b34b87-69c2-467d-a88c-67aac910c539,SAMMS-HoumaV6
202609032054006092,202609031904103510,202609031904101105,85,4080,Bronze INV,br_ReAssessmentPhysicalHealth,TASK_COMPLETE,SUCCESS,INFO,1917,1917,0,,2026-09-03T19:04:17.619Z,2026-09-03T20:54:05.052Z,6588,2026-09-03T20:54:05.052Z,V6,Lake Charles,48b34b87-69c2-467d-a88c-67aac910c539,SAMMS-LCv5
202609032054006093,202609031904103511,202609031904101105,85,4082,Bronze INV,br_ReAssessmentPhysicalHealth,TASK_COMPLETE,SUCCESS,INFO,744,744,0,,2026-09-03T19:04:17.619Z,2026-09-03T20:54:05.052Z,6588,2026-09-03T20:54:05.052Z,V8,Memphis Midtown,48b34b87-69c2-467d-a88c-67aac910c539,SAMMS-VCPHCS-VIII-MemphisV5
202609032054006094,202609031904103512,202609031904101105,85,4083,Bronze INV,br_ReAssessmentPhysicalHealth,TASK_COMPLETE,SUCCESS,INFO,1769,1769,0,,2026-09-03T19:04:17.619Z,2026-09-03T20:54:05.052Z,6588,2026-09-03T20:54:05.052Z,V9,Nashville,48b34b87-69c2-467d-a88c-67aac910c539,SAMMS-NashvilleV5
202609032054006095,202609031904103513,202609031904101105,85,4084,Bronze INV,br_ReAssessmentPhysicalHealth,TASK_COMPLETE,SUCCESS,INFO,842,842,0,,2026-09-03T19:04:17.619Z,2026-09-03T20:54:05.052Z,6588,2026-09-03T20:54:05.052Z,VBRA,Brainerd,48b34b87-69c2-467d-a88c-67aac910c539,SAMMS-BrainerdV6
202609032054006096,202609031904103514,202609031904101105,85,4085,Bronze INV,br_ReAssessmentPhysicalHealth,TASK_COMPLETE,SUCCESS,INFO,1965,1965,0,,2026-09-03T19:04:17.619Z,2026-09-03T20:54:05.052Z,6588,2026-09-03T20:54:05.052Z,VBRP,Brooklyn Park,48b34b87-69c2-467d-a88c-67aac910c539,SAMMS-BrooklynParkV6
202609032054006098,202609031904103515,202609031904101105,85,4087,Bronze INV,br_ReAssessmentPhysicalHealth,TASK_COMPLETE,SUCCESS,INFO,746,746,0,,2026-09-03T19:04:17.619Z,2026-09-03T20:54:05.052Z,6588,2026-09-03T20:54:05.052Z,VMIN,Minneapolis,48b34b87-69c2-467d-a88c-67aac910c539,SAMMS-MinneapolisV6
202609032054006099,202609031904103516,202609031904101105,85,4088,Bronze INV,br_ReAssessmentPhysicalHealth,TASK_COMPLETE,SUCCESS,INFO,889,889,0,,2026-09-03T19:04:17.619Z,2026-09-03T20:54:05.052Z,6588,2026-09-03T20:54:05.052Z,VWBY,Woodbury,48b34b87-69c2-467d-a88c-67aac910c539,SAMMS-WoodburyV6
202609032054006100,202609031904103517,202609031904101105,85,4090,Bronze INV,br_ReAssessmentPhysicalHealth,TASK_COMPLETE,SUCCESS,INFO,161,161,0,,2026-09-03T19:04:17.619Z,2026-09-03T20:54:05.052Z,6588,2026-09-03T20:54:05.052Z,WIL,Wilson,48b34b87-69c2-467d-a88c-67aac910c539,SAMMS-Wilson
202609032054006101,202609031904103518,202609031904101105,85,4278,Bronze INV,br_ReAssessmentSubstanceUse,TASK_COMPLETE,SUCCESS,INFO,35,35,0,,2026-09-03T19:04:17.619Z,2026-09-03T20:54:05.052Z,6588,2026-09-03T20:54:05.052Z,AHK,Ahoskie,48b34b87-69c2-467d-a88c-67aac910c539,SAMMS-Ahoskie
202609032054006102,202609031904103519,202609031904101105,85,4279,Bronze INV,br_ReAssessmentSubstanceUse,TASK_COMPLETE,SUCCESS,INFO,673,673,0,,2026-09-03T19:04:17.619Z,2026-09-03T20:54:05.052Z,6588,2026-09-03T20:54:05.052Z,B12B,Colorado Springs,48b34b87-69c2-467d-a88c-67aac910c539,SAMMS-ColoradoSpringsV5
202609032054006103,202609031904103520,202609031904101105,85,4280,Bronze INV,br_ReAssessmentSubstanceUse,TASK_COMPLETE,SUCCESS,INFO,848,848,0,,2026-09-03T19:04:17.619Z,2026-09-03T20:54:05.052Z,6588,2026-09-03T20:54:05.052Z,B24,Paintsville,48b34b87-69c2-467d-a88c-67aac910c539,SAMMS-PaintsvilleV5
202609032054006105,202609031904103521,202609031904101105,85,4281,Bronze INV,br_ReAssessmentSubstanceUse,TASK_COMPLETE,SUCCESS,INFO,649,649,0,,2026-09-03T19:04:17.619Z,2026-09-03T20:54:05.052Z,6588,2026-09-03T20:54:05.052Z,B25,Pikeville,48b34b87-69c2-467d-a88c-67aac910c539,SAMMS-PikevilleV5
202609032054006106,202609031904103522,202609031904101105,85,4282,Bronze INV,br_ReAssessmentSubstanceUse,TASK_COMPLETE,SUCCESS,INFO,973,973,0,,2026-09-03T19:04:17.619Z,2026-09-03T20:54:05.052Z,6588,2026-09-03T20:54:05.052Z,B26,Hazard,48b34b87-69c2-467d-a88c-67aac910c539,SAMMS-HazardV5
202609032054006107,202609031904103523,202609031904101105,85,4283,Bronze INV,br_ReAssessmentSubstanceUse,TASK_COMPLETE,SUCCESS,INFO,538,538,0,,2026-09-03T19:04:17.619Z,2026-09-03T20:54:05.052Z,6588,2026-09-03T20:54:05.052Z,B27,Savannah,48b34b87-69c2-467d-a88c-67aac910c539,SAMMS-SavannahV6
202609032054006108,202609031904103524,202609031904101105,85,4284,Bronze INV,br_ReAssessmentSubstanceUse,TASK_COMPLETE,SUCCESS,INFO,248,248,0,,2026-09-03T19:04:17.619Z,2026-09-03T20:54:05.052Z,6588,2026-09-03T20:54:05.052Z,B28,West Plains,48b34b87-69c2-467d-a88c-67aac910c539,SAMMS-WestPlainesV5
202609032054006109,202609031904103525,202609031904101105,85,4285,Bronze INV,br_ReAssessmentSubstanceUse,TASK_COMPLETE,SUCCESS,INFO,464,464,0,,2026-09-03T19:04:17.619Z,2026-09-03T20:54:05.052Z,6588,2026-09-03T20:54:05.052Z,B29,Poplar Bluff,48b34b87-69c2-467d-a88c-67aac910c539,SAMMS-PoplarBluffV5
202609032054006110,202609031904103526,202609031904101105,85,4286,Bronze INV,br_ReAssessmentSubstanceUse,TASK_COMPLETE,SUCCESS,INFO,82,82,0,,2026-09-03T19:04:17.619Z,2026-09-03T20:54:05.052Z,6588,2026-09-03T20:54:05.052Z,B30,KC North,48b34b87-69c2-467d-a88c-67aac910c539,SAMMS-KCNv5
202609032054006111,202609031904103527,202609031904101105,85,4287,Bronze INV,br_ReAssessmentSubstanceUse,TASK_COMPLETE,SUCCESS,INFO,402,402,0,,2026-09-03T19:04:17.619Z,2026-09-03T20:54:05.052Z,6588,2026-09-03T20:54:05.052Z,B31,Dyersburg,48b34b87-69c2-467d-a88c-67aac910c539,SAMMS-DyersburgV5
202609032054006113,202609031904103528,202609031904101105,85,4289,Bronze INV,br_ReAssessmentSubstanceUse,TASK_COMPLETE,SUCCESS,INFO,489,489,0,,2026-09-03T19:04:17.619Z,2026-09-03T20:54:05.052Z,6588,2026-09-03T20:54:05.052Z,B33,Paducah,48b34b87-69c2-467d-a88c-67aac910c539,SAMMS-Paducah
202609032054006114,202609031904103529,202609031904101105,85,4290,Bronze INV,br_ReAssessmentSubstanceUse,TASK_COMPLETE,SUCCESS,INFO,388,388,0,,2026-09-03T19:04:17.619Z,2026-09-03T20:54:05.052Z,6588,2026-09-03T20:54:05.052Z,B34,Corbin,48b34b87-69c2-467d-a88c-67aac910c539,SAMMS-CorbinV5
202609032054006115,202609031904103530,202609031904101105,85,4291,Bronze INV,br_ReAssessmentSubstanceUse,TASK_COMPLETE,SUCCESS,INFO,243,243,0,,2026-09-03T19:04:17.619Z,2026-09-03T20:54:05.052Z,6588,2026-09-03T20:54:05.052Z,B35,Lexington,48b34b87-69c2-467d-a88c-67aac910c539,SAMMS-LexingtonV5
202609032054006116,202609031904103531,202609031904101105,85,4292,Bronze INV,br_ReAssessmentSubstanceUse,TASK_COMPLETE,SUCCESS,INFO,77,77,0,,2026-09-03T19:04:17.619Z,2026-09-03T20:54:05.052Z,6588,2026-09-03T20:54:05.052Z,B35A,Berea,48b34b87-69c2-467d-a88c-67aac910c539,SAMMS-BereaV5
202609032054006117,202609031904103532,202609031904101105,85,4293,Bronze INV,br_ReAssessmentSubstanceUse,TASK_COMPLETE,SUCCESS,INFO,22,22,0,,2026-09-03T19:04:17.619Z,2026-09-03T20:54:05.052Z,6588,2026-09-03T20:54:05.052Z,B36,Asheville,48b34b87-69c2-467d-a88c-67aac910c539,SAMMS-AshevilleV5
202609032054006118,202609031904103533,202609031904101105,85,4294,Bronze INV,br_ReAssessmentSubstanceUse,TASK_COMPLETE,SUCCESS,INFO,2,2,0,,2026-09-03T19:04:17.619Z,2026-09-03T20:54:05.052Z,6588,2026-09-03T20:54:05.052Z,B37,Clyde,48b34b87-69c2-467d-a88c-67aac910c539,SAMMS-ClydeV5
202609032054006119,202609031904103534,202609031904101105,85,4295,Bronze INV,br_ReAssessmentSubstanceUse,TASK_COMPLETE,SUCCESS,INFO,1194,1194,0,,2026-09-03T19:04:17.619Z,2026-09-03T20:54:05.052Z,6588,2026-09-03T20:54:05.052Z,B38,Spartanburg,48b34b87-69c2-467d-a88c-67aac910c539,SAMMS-SpartanburgV5
202609032054006121,202609031904103535,202609031904101105,85,4296,Bronze INV,br_ReAssessmentSubstanceUse,TASK_COMPLETE,SUCCESS,INFO,367,367,0,,2026-09-03T19:04:17.619Z,2026-09-03T20:54:05.052Z,6588,2026-09-03T20:54:05.052Z,B39,Aiken,48b34b87-69c2-467d-a88c-67aac910c539,SAMMS-AikenV5
202609032054006122,202609031904103536,202609031904101105,85,4297,Bronze INV,br_ReAssessmentSubstanceUse,TASK_COMPLETE,SUCCESS,INFO,1908,1908,0,,2026-09-03T19:04:17.619Z,2026-09-03T20:54:05.052Z,6588,2026-09-03T20:54:05.052Z,B41,Chesapeake,48b34b87-69c2-467d-a88c-67aac910c539,SAMMS-ChesapeakeV5
202609032054006123,202609031904103537,202609031904101105,85,4298,Bronze INV,br_ReAssessmentSubstanceUse,TASK_COMPLETE,SUCCESS,INFO,1938,1938,0,,2026-09-03T19:04:17.619Z,2026-09-03T20:54:05.052Z,6588,2026-09-03T20:54:05.052Z,B42,Virginia Beach,48b34b87-69c2-467d-a88c-67aac910c539,SAMMS-VirginiaBeachV5
202609032054006124,202609031904103538,202609031904101105,85,4299,Bronze INV,br_ReAssessmentSubstanceUse,TASK_COMPLETE,SUCCESS,INFO,945,945,0,,2026-09-03T19:04:17.619Z,2026-09-03T20:54:05.052Z,6588,2026-09-03T20:54:05.052Z,B42A,Newport News,48b34b87-69c2-467d-a88c-67aac910c539,SAMMS-NewportNewsV5
202609032054006125,202609031904103539,202609031904101105,85,4300,Bronze INV,br_ReAssessmentSubstanceUse,TASK_COMPLETE,SUCCESS,INFO,515,515,0,,2026-09-03T19:04:17.619Z,2026-09-03T20:54:05.052Z,6588,2026-09-03T20:54:05.052Z,B42B,Franklin,48b34b87-69c2-467d-a88c-67aac910c539,SAMMS-FranklinV5
202609032054006126,202609031904103540,202609031904101105,85,4301,Bronze INV,br_ReAssessmentSubstanceUse,TASK_COMPLETE,SUCCESS,INFO,352,352,0,,2026-09-03T19:04:17.619Z,2026-09-03T20:54:05.052Z,6588,2026-09-03T20:54:05.052Z,B42C,Glen Allen,48b34b87-69c2-467d-a88c-67aac910c539,SAMMS-GlenAllenV5
202609032054006128,202609031904103541,202609031904101105,85,4302,Bronze INV,br_ReAssessmentSubstanceUse,TASK_COMPLETE,SUCCESS,INFO,1510,1510,0,,2026-09-03T19:04:17.619Z,2026-09-03T20:54:05.052Z,6588,2026-09-03T20:54:05.052Z,B42D,Chesapeake South,48b34b87-69c2-467d-a88c-67aac910c539,SAMMS-ChesapeakeSouthV5
202609032054006129,202609031904103542,202609031904101105,85,4303,Bronze INV,br_ReAssessmentSubstanceUse,TASK_COMPLETE,SUCCESS,INFO,638,638,0,,2026-09-03T19:04:17.619Z,2026-09-03T20:54:05.052Z,6588,2026-09-03T20:54:05.052Z,B44,Albany,48b34b87-69c2-467d-a88c-67aac910c539,SAMMS-AlbanyV5
202609032054006130,202609031904103543,202609031904101105,85,4304,Bronze INV,br_ReAssessmentSubstanceUse,TASK_COMPLETE,SUCCESS,INFO,1278,1278,0,,2026-09-03T19:04:17.619Z,2026-09-03T20:54:05.052Z,6588,2026-09-03T20:54:05.052Z,B45,Tifton,48b34b87-69c2-467d-a88c-67aac910c539,SAMMS-TiftonV5
202609032054006131,202609031904103544,202609031904101105,85,4305,Bronze INV,br_ReAssessmentSubstanceUse,TASK_COMPLETE,SUCCESS,INFO,605,605,0,,2026-09-03T19:04:17.619Z,2026-09-03T20:54:05.052Z,6588,2026-09-03T20:54:05.052Z,B46,Washington DC,48b34b87-69c2-467d-a88c-67aac910c539,SAMMS-WashingtonDCv5
202609032054006132,202609031904103545,202609031904101105,85,4306,Bronze INV,br_ReAssessmentSubstanceUse,TASK_COMPLETE,SUCCESS,INFO,1599,1599,0,,2026-09-03T19:04:17.619Z,2026-09-03T20:54:05.052Z,6588,2026-09-03T20:54:05.052Z,B47,Mobile,48b34b87-69c2-467d-a88c-67aac910c539,SAMMS-MobileV5
202609032054006133,202609031904103546,202609031904101105,85,4307,Bronze INV,br_ReAssessmentSubstanceUse,TASK_COMPLETE,SUCCESS,INFO,1307,1307,0,,2026-09-03T19:04:17.619Z,2026-09-03T20:54:05.052Z,6588,2026-09-03T20:54:05.052Z,B48,Tuscaloosa,48b34b87-69c2-467d-a88c-67aac910c539,SAMMS-TuscaloosaV5
202609032054006135,202609031904103547,202609031904101105,85,4316,Bronze INV,br_ReAssessmentSubstanceUse,TASK_COMPLETE,SUCCESS,INFO,5,5,0,,2026-09-03T19:04:17.619Z,2026-09-03T20:54:05.052Z,6588,2026-09-03T20:54:05.052Z,B51,N. Little Rock (OTP),48b34b87-69c2-467d-a88c-67aac910c539,SAMMS-NorthLittleRockV6
202609032054006136,202609031904103548,202609031904101105,85,4317,Bronze INV,br_ReAssessmentSubstanceUse,TASK_COMPLETE,SUCCESS,INFO,466,466,0,,2026-09-03T19:04:17.619Z,2026-09-03T20:54:05.052Z,6588,2026-09-03T20:54:05.052Z,B52,Jackson GA,48b34b87-69c2-467d-a88c-67aac910c539,SAMMS-JacksonGAV5
202609032054006137,202609031904103549,202609031904101105,85,4318,Bronze INV,br_ReAssessmentSubstanceUse,TASK_COMPLETE,SUCCESS,INFO,1711,1711,0,,2026-09-03T19:04:17.619Z,2026-09-03T20:54:05.052Z,6588,2026-09-03T20:54:05.052Z,B54,Gadsden,48b34b87-69c2-467d-a88c-67aac910c539,SAMMS-GadsdenV5
202609032054006138,202609031904103550,202609031904101105,85,4319,Bronze INV,br_ReAssessmentSubstanceUse,TASK_COMPLETE,SUCCESS,INFO,968,968,0,,2026-09-03T19:04:17.619Z,2026-09-03T20:54:05.052Z,6588,2026-09-03T20:54:05.052Z,B55,Shoals,48b34b87-69c2-467d-a88c-67aac910c539,SAMMS-ShoalsV5
202609032054006139,202609031904103551,202609031904101105,85,4320,Bronze INV,br_ReAssessmentSubstanceUse,TASK_COMPLETE,SUCCESS,INFO,296,296,0,,2026-09-03T19:04:17.619Z,2026-09-03T20:54:05.052Z,6588,2026-09-03T20:54:05.052Z,B57,Pawtucket,48b34b87-69c2-467d-a88c-67aac910c539,SAMMS-Pawtucket
202609032054006140,202609031904103552,202609031904101105,85,4321,Bronze INV,br_ReAssessmentSubstanceUse,TASK_COMPLETE,SUCCESS,INFO,559,559,0,,2026-09-03T19:04:17.619Z,2026-09-03T20:54:05.052Z,6588,2026-09-03T20:54:05.052Z,B57A,Johnston,48b34b87-69c2-467d-a88c-67aac910c539,SAMMS-Johnston
202609032054006141,202609031904103553,202609031904101105,85,4322,Bronze INV,br_ReAssessmentSubstanceUse,TASK_COMPLETE,SUCCESS,INFO,169,169,0,,2026-09-03T19:04:17.619Z,2026-09-03T20:54:05.052Z,6588,2026-09-03T20:54:05.052Z,B57B,Middletown,48b34b87-69c2-467d-a88c-67aac910c539,SAMMS-Middletown
202609032054004388,202609031904102058,202609031904101105,85,1562,Bronze INV,br_AdmissionAssessmentSummary,TASK_COMPLETE,SUCCESS,INFO,100,100,0,,2026-09-03T19:04:17.619Z,2026-09-03T20:54:05.052Z,6588,2026-09-03T20:54:05.052Z,B57B,Middletown,48b34b87-69c2-467d-a88c-67aac910c539,SAMMS-Middletown
202609032054004389,202609031904102059,202609031904101105,85,1563,Bronze INV,br_AdmissionAssessmentSummary,TASK_COMPLETE,SUCCESS,INFO,189,189,0,,2026-09-03T19:04:17.619Z,2026-09-03T20:54:05.052Z,6588,2026-09-03T20:54:05.052Z,B57C,Providence,48b34b87-69c2-467d-a88c-67aac910c539,SAMMS-Providence
202609032054004390,202609031904102060,202609031904101105,85,1564,Bronze INV,br_AdmissionAssessmentSummary,TASK_COMPLETE,SUCCESS,INFO,270,270,0,,2026-09-03T19:04:17.619Z,2026-09-03T20:54:05.052Z,6588,2026-09-03T20:54:05.052Z,B57D,Westerly,48b34b87-69c2-467d-a88c-67aac910c539,SAMMS-Westerly
202609032054004391,202609031904102061,202609031904101105,85,1568,Bronze INV,br_AdmissionAssessmentSummary,TASK_COMPLETE,SUCCESS,INFO,374,374,0,,2026-09-03T19:04:17.619Z,2026-09-03T20:54:05.052Z,6588,2026-09-03T20:54:05.052Z,B66A,Bremen,48b34b87-69c2-467d-a88c-67aac910c539,SAMMS-Bremen
202609032054004392,202609031904102062,202609031904101105,85,1571,Bronze INV,br_AdmissionAssessmentSummary,TASK_COMPLETE,SUCCESS,INFO,52,52,0,,2026-09-03T19:04:17.619Z,2026-09-03T20:54:05.052Z,6588,2026-09-03T20:54:05.052Z,B72,Mobile (OBOT),48b34b87-69c2-467d-a88c-67aac910c539,SAMMS-Mobile-OBOT
202609032054004394,202609031904102063,202609031904101105,85,1572,Bronze INV,br_AdmissionAssessmentSummary,TASK_COMPLETE,SUCCESS,INFO,4,4,0,,2026-09-03T19:04:17.619Z,2026-09-03T20:54:05.052Z,6588,2026-09-03T20:54:05.052Z,B73,Montgomery,48b34b87-69c2-467d-a88c-67aac910c539,SAMMS-Montgomery
202609032054004395,202609031904102064,202609031904101105,85,1573,Bronze INV,br_AdmissionAssessmentSummary,TASK_COMPLETE,SUCCESS,INFO,342,342,0,,2026-09-03T19:04:17.619Z,2026-09-03T20:54:05.052Z,6588,2026-09-03T20:54:05.052Z,B75,Lawrence,48b34b87-69c2-467d-a88c-67aac910c539,SAMMS-LawrenceV6
202609032054004396,202609031904102065,202609031904101105,85,1574,Bronze INV,br_AdmissionAssessmentSummary,TASK_COMPLETE,SUCCESS,INFO,54,54,0,,2026-09-03T19:04:17.619Z,2026-09-03T20:54:05.052Z,6588,2026-09-03T20:54:05.052Z,B76,Huntsville OBOT,48b34b87-69c2-467d-a88c-67aac910c539,SAMMS-Huntsville-OBOT
202609032054004397,202609031904102066,202609031904101105,85,1575,Bronze INV,br_AdmissionAssessmentSummary,TASK_COMPLETE,SUCCESS,INFO,310,310,0,,2026-09-03T19:04:17.619Z,2026-09-03T20:54:05.052Z,6588,2026-09-03T20:54:05.052Z,BAT,Batesville,48b34b87-69c2-467d-a88c-67aac910c539,SAMMS-Batesville
202609032054004398,202609031904102067,202609031904101105,85,1576,Bronze INV,br_AdmissionAssessmentSummary,TASK_COMPLETE,SUCCESS,INFO,246,246,0,,2026-09-03T19:04:17.619Z,2026-09-03T20:54:05.052Z,6588,2026-09-03T20:54:05.052Z,BG,Bowling Green,48b34b87-69c2-467d-a88c-67aac910c539,SAMMS-BowlingGreen
202609032054004399,202609031904102068,202609031904101105,85,1577,Bronze INV,br_AdmissionAssessmentSummary,TASK_COMPLETE,SUCCESS,INFO,236,236,0,,2026-09-03T19:04:17.619Z,2026-09-03T20:54:05.052Z,6588,2026-09-03T20:54:05.052Z,BOI,Boise,48b34b87-69c2-467d-a88c-67aac910c539,SAMMS-Boise
202609032054004400,202609031904102069,202609031904101105,85,1584,Bronze INV,br_AdmissionAssessmentSummary,TASK_COMPLETE,SUCCESS,INFO,310,310,0,,2026-09-03T19:04:17.619Z,2026-09-03T20:54:05.052Z,6588,2026-09-03T20:54:05.052Z,CBCO,Coeur dAlene,48b34b87-69c2-467d-a88c-67aac910c539,SAMMS-CoeurdAleneV6
202609032054004402,202609031904102070,202609031904101105,85,1603,Bronze INV,br_AdmissionAssessmentSummary,TASK_COMPLETE,SUCCESS,INFO,351,351,0,,2026-09-03T19:04:17.619Z,2026-09-03T20:54:05.052Z,6588,2026-09-03T20:54:05.052Z,CON,Conway,48b34b87-69c2-467d-a88c-67aac910c539,SAMMS-Conway
202609032054004403,202609031904102071,202609031904101105,85,1604,Bronze INV,br_AdmissionAssessmentSummary,TASK_COMPLETE,SUCCESS,INFO,1643,1643,0,,2026-09-03T19:04:17.619Z,2026-09-03T20:54:05.052Z,6588,2026-09-03T20:54:05.052Z,D07,Medical Services Knox TN,48b34b87-69c2-467d-a88c-67aac910c539,SAMMS-KnoxvilleV6
202609032054004404,202609031904102072,202609031904101105,85,1605,Bronze INV,br_AdmissionAssessmentSummary,TASK_COMPLETE,SUCCESS,INFO,1045,1045,0,,2026-09-03T19:04:17.619Z,2026-09-03T20:54:05.052Z,6588,2026-09-03T20:54:05.052Z,D08,Madison,48b34b87-69c2-467d-a88c-67aac910c539,SAMMS-MadisonV6
202609032054004405,202609031904102073,202609031904101105,85,1607,Bronze INV,br_AdmissionAssessmentSummary,TASK_COMPLETE,SUCCESS,INFO,990,990,0,,2026-09-03T19:04:17.619Z,2026-09-03T20:54:05.052Z,6588,2026-09-03T20:54:05.052Z,D09,Murfreesboro,48b34b87-69c2-467d-a88c-67aac910c539,SAMMS-MurfreesboroV6
202609032054004406,202609031904102074,202609031904101105,85,1608,Bronze INV,br_AdmissionAssessmentSummary,TASK_COMPLETE,SUCCESS,INFO,234,234,0,,2026-09-03T19:04:17.619Z,2026-09-03T20:54:05.052Z,6588,2026-09-03T20:54:05.052Z,DA,Davenport,48b34b87-69c2-467d-a88c-67aac910c539,SAMMS-Davenport
202609032054004407,202609031904102075,202609031904101105,85,1609,Bronze INV,br_AdmissionAssessmentSummary,TASK_COMPLETE,SUCCESS,INFO,369,369,0,,2026-09-03T19:04:17.619Z,2026-09-03T20:54:05.052Z,6588,2026-09-03T20:54:05.052Z,DM,Des Moines,48b34b87-69c2-467d-a88c-67aac910c539,SAMMS-DesMoines
202609032054004408,202609031904102076,202609031904101105,85,1611,Bronze INV,br_AdmissionAssessmentSummary,TASK_COMPLETE,SUCCESS,INFO,502,502,0,,2026-09-03T19:04:17.619Z,2026-09-03T20:54:05.052Z,6588,2026-09-03T20:54:05.052Z,DRD-CO,Columbia MO,48b34b87-69c2-467d-a88c-67aac910c539,SAMMS-ColumbiaV5
202609032054004409,202609031904102077,202609031904101105,85,1612,Bronze INV,br_AdmissionAssessmentSummary,TASK_COMPLETE,SUCCESS,INFO,622,622,0,,2026-09-03T19:04:17.619Z,2026-09-03T20:54:05.052Z,6588,2026-09-03T20:54:05.052Z,DRD-KC,KC,48b34b87-69c2-467d-a88c-67aac910c539,SAMMS-KCv5
202609032054004411,202609031904102078,202609031904101105,85,1613,Bronze INV,br_AdmissionAssessmentSummary,TASK_COMPLETE,SUCCESS,INFO,989,989,0,,2026-09-03T19:04:17.619Z,2026-09-03T20:54:05.052Z,6588,2026-09-03T20:54:05.052Z,DRD-KVB,KVB,48b34b87-69c2-467d-a88c-67aac910c539,SAMMS-KVBv5
202609032054004412,202609031904102079,202609031904101105,85,1614,Bronze INV,br_AdmissionAssessmentSummary,TASK_COMPLETE,SUCCESS,INFO,1615,1615,0,,2026-09-03T19:04:17.619Z,2026-09-03T20:54:05.052Z,6588,2026-09-03T20:54:05.052Z,DRD-KVC,KVC,48b34b87-69c2-467d-a88c-67aac910c539,SAMMS-KVCv5
202609032054004413,202609031904102080,202609031904101105,85,1615,Bronze INV,br_AdmissionAssessmentSummary,TASK_COMPLETE,SUCCESS,INFO,1275,1275,0,,2026-09-03T19:04:17.619Z,2026-09-03T20:54:05.052Z,6588,2026-09-03T20:54:05.052Z,DRD-NOLA,NOLA,48b34b87-69c2-467d-a88c-67aac910c539,SAMMS-NOLAv5
202609032054004414,202609031904102081,202609031904101105,85,1616,Bronze INV,br_AdmissionAssessmentSummary,TASK_COMPLETE,SUCCESS,INFO,789,789,0,,2026-09-03T19:04:17.619Z,2026-09-03T20:54:05.052Z,6588,2026-09-03T20:54:05.052Z,DRD-SF,Springfield,48b34b87-69c2-467d-a88c-67aac910c539,SAMMS-SFv5
202609032054004415,202609031904102082,202609031904101105,85,1618,Bronze INV,br_AdmissionAssessmentSummary,TASK_COMPLETE,SUCCESS,INFO,286,286,0,,2026-09-03T19:04:17.619Z,2026-09-03T20:54:05.052Z,6588,2026-09-03T20:54:05.052Z,ELC,Elizabeth City,48b34b87-69c2-467d-a88c-67aac910c539,SAMMS-ElizabethCity
202609032054004416,202609031904102083,202609031904101105,85,1619,Bronze INV,br_AdmissionAssessmentSummary,TASK_COMPLETE,SUCCESS,INFO,285,285,0,,2026-09-03T19:04:17.619Z,2026-09-03T20:54:05.052Z,6588,2026-09-03T20:54:05.052Z,ET,Elizabethtown,48b34b87-69c2-467d-a88c-67aac910c539,SAMMS-Elizabethtown
202609032054004417,202609031904102084,202609031904101105,85,1620,Bronze INV,br_AdmissionAssessmentSummary,TASK_COMPLETE,SUCCESS,INFO,240,240,0,,2026-09-03T19:04:17.619Z,2026-09-03T20:54:05.052Z,6588,2026-09-03T20:54:05.052Z,FAY,Fayetteville,48b34b87-69c2-467d-a88c-67aac910c539,SAMMS-Fayetteville
202609032054004419,202609031904102085,202609031904101105,85,1621,Bronze INV,br_AdmissionAssessmentSummary,TASK_COMPLETE,SUCCESS,INFO,185,185,0,,2026-09-03T19:04:17.619Z,2026-09-03T20:54:05.052Z,6588,2026-09-03T20:54:05.052Z,FR,Frankfort,48b34b87-69c2-467d-a88c-67aac910c539,SAMMS-Frankfort
202609032054004420,202609031904102086,202609031904101105,85,1622,Bronze INV,br_AdmissionAssessmentSummary,TASK_COMPLETE,SUCCESS,INFO,298,298,0,,2026-09-03T19:04:17.619Z,2026-09-03T20:54:05.052Z,6588,2026-09-03T20:54:05.052Z,FS,Fort Smith,48b34b87-69c2-467d-a88c-67aac910c539,SAMMS-FortSmith
202609032054004421,202609031904102087,202609031904101105,85,1623,Bronze INV,br_AdmissionAssessmentSummary,TASK_COMPLETE,SUCCESS,INFO,691,691,0,,2026-09-03T19:04:17.619Z,2026-09-03T20:54:05.052Z,6588,2026-09-03T20:54:05.052Z,FW,Fort Wayne,48b34b87-69c2-467d-a88c-67aac910c539,SAMMS-FortWayne
202609032054004422,202609031904102088,202609031904101105,85,1624,Bronze INV,br_AdmissionAssessmentSummary,TASK_COMPLETE,SUCCESS,INFO,128,128,0,,2026-09-03T19:04:17.619Z,2026-09-03T20:54:05.052Z,6588,2026-09-03T20:54:05.052Z,GAL,Gaylord,48b34b87-69c2-467d-a88c-67aac910c539,SAMMS-Gaylord
202609032054004423,202609031904102089,202609031904101105,85,1628,Bronze INV,br_AdmissionAssessmentSummary,TASK_COMPLETE,SUCCESS,INFO,641,641,0,,2026-09-03T19:04:17.619Z,2026-09-03T20:54:05.052Z,6588,2026-09-03T20:54:05.052Z,HGT,Hagerstown,48b34b87-69c2-467d-a88c-67aac910c539,SAMMS-Hagerstown
202609032054004424,202609031904102090,202609031904101105,85,1629,Bronze INV,br_AdmissionAssessmentSummary,TASK_COMPLETE,SUCCESS,INFO,508,508,0,,2026-09-03T19:04:17.619Z,2026-09-03T20:54:05.052Z,6588,2026-09-03T20:54:05.052Z,HNT,Huntsville,48b34b87-69c2-467d-a88c-67aac910c539,SAMMS-Huntsville
202609032054004425,202609031904102091,202609031904101105,85,1630,Bronze INV,br_AdmissionAssessmentSummary,TASK_COMPLETE,SUCCESS,INFO,363,363,0,,2026-09-03T19:04:17.619Z,2026-09-03T20:54:05.052Z,6588,2026-09-03T20:54:05.052Z,HS,Hot Springs,48b34b87-69c2-467d-a88c-67aac910c539,SAMMS-HotSprings
202609032054004427,202609031904102092,202609031904101105,85,1631,Bronze INV,br_AdmissionAssessmentSummary,TASK_COMPLETE,SUCCESS,INFO,268,268,0,,2026-09-03T19:04:17.619Z,2026-09-03T20:54:05.052Z,6588,2026-09-03T20:54:05.052Z,JON,Jonesboro,48b34b87-69c2-467d-a88c-67aac910c539,SAMMS-Jonesboro
202609032054004428,202609031904102093,202609031904101105,85,1633,Bronze INV,br_AdmissionAssessmentSummary,TASK_COMPLETE,SUCCESS,INFO,200,200,0,,2026-09-03T19:04:17.619Z,2026-09-03T20:54:05.052Z,6588,2026-09-03T20:54:05.052Z,LAN,Lansing,48b34b87-69c2-467d-a88c-67aac910c539,SAMMS-Lansing
202609032054004429,202609031904102094,202609031904101105,85,1634,Bronze INV,br_AdmissionAssessmentSummary,TASK_COMPLETE,SUCCESS,INFO,450,450,0,,2026-09-03T19:04:17.619Z,2026-09-03T20:54:05.052Z,6588,2026-09-03T20:54:05.052Z,LO,Louisville,48b34b87-69c2-467d-a88c-67aac910c539,SAMMS-Louisville
202609032054004430,202609031904102095,202609031904101105,85,1635,Bronze INV,br_AdmissionAssessmentSummary,TASK_COMPLETE,SUCCESS,INFO,1223,1223,0,,2026-09-03T19:04:17.619Z,2026-09-03T20:54:05.052Z,6588,2026-09-03T20:54:05.052Z,LV1,Cheyenne,48b34b87-69c2-467d-a88c-67aac910c539,SAMMS-Cheyenne
202609032054004432,202609031904102096,202609031904101105,85,1636,Bronze INV,br_AdmissionAssessmentSummary,TASK_COMPLETE,SUCCESS,INFO,967,967,0,,2026-09-03T19:04:17.619Z,2026-09-03T20:54:05.052Z,6588,2026-09-03T20:54:05.052Z,LV2,Desert Inn,48b34b87-69c2-467d-a88c-67aac910c539,SAMMS-DesertInn
202609032054004433,202609031904102097,202609031904101105,85,1637,Bronze INV,br_AdmissionAssessmentSummary,TASK_COMPLETE,SUCCESS,INFO,322,322,0,,2026-09-03T19:04:17.619Z,2026-09-03T20:54:05.052Z,6588,2026-09-03T20:54:05.052Z,LV3,McDaniel,48b34b87-69c2-467d-a88c-67aac910c539,SAMMS-McDaniel
202609032054004435,202609031904102098,202609031904101105,85,1640,Bronze INV,br_AdmissionAssessmentSummary,TASK_COMPLETE,SUCCESS,INFO,279,279,0,,2026-09-03T19:04:17.619Z,2026-09-03T20:54:05.052Z,6588,2026-09-03T20:54:05.052Z,MNRE,Monroe,48b34b87-69c2-467d-a88c-67aac910c539,SAMMS-Monroe
202609032054004436,202609031904102099,202609031904101105,85,1641,Bronze INV,br_AdmissionAssessmentSummary,TASK_COMPLETE,SUCCESS,INFO,200,200,0,,2026-09-03T19:04:17.619Z,2026-09-03T20:54:05.052Z,6588,2026-09-03T20:54:05.052Z,MP,Mt. Pleasant,48b34b87-69c2-467d-a88c-67aac910c539,SAMMS-MtPleasant
202609032054004437,202609031904102100,202609031904101105,85,1642,Bronze INV,br_AdmissionAssessmentSummary,TASK_COMPLETE,SUCCESS,INFO,178,178,0,,2026-09-03T19:04:17.619Z,2026-09-03T20:54:05.052Z,6588,2026-09-03T20:54:05.052Z,MRD,Meridian,48b34b87-69c2-467d-a88c-67aac910c539,SAMMS-Meridian
202609032054004438,202609031904102101,202609031904101105,85,1647,Bronze INV,br_AdmissionAssessmentSummary,TASK_COMPLETE,SUCCESS,INFO,649,649,0,,2026-09-03T19:04:17.619Z,2026-09-03T20:54:05.052Z,6588,2026-09-03T20:54:05.052Z,NC,North Charleston,48b34b87-69c2-467d-a88c-67aac910c539,SAMMS-NorthCharleston
202609032054004439,202609031904102102,202609031904101105,85,1648,Bronze INV,br_AdmissionAssessmentSummary,TASK_COMPLETE,SUCCESS,INFO,582,582,0,,2026-09-03T19:04:17.619Z,2026-09-03T20:54:05.052Z,6588,2026-09-03T20:54:05.052Z,NLR,N. Little Rock,48b34b87-69c2-467d-a88c-67aac910c539,SAMMS-NLROBOT
202609032054004440,202609031904102103,202609031904101105,85,1649,Bronze INV,br_AdmissionAssessmentSummary,TASK_COMPLETE,SUCCESS,INFO,247,247,0,,2026-09-03T19:04:17.619Z,2026-09-03T20:54:05.052Z,6588,2026-09-03T20:54:05.052Z,PH,Phoenix,48b34b87-69c2-467d-a88c-67aac910c539,SAMMS-Phoenix
202609032054004442,202609031904102104,202609031904101105,85,1653,Bronze INV,br_AdmissionAssessmentSummary,TASK_COMPLETE,SUCCESS,INFO,425,425,0,,2026-09-03T19:04:17.619Z,2026-09-03T20:54:05.052Z,6588,2026-09-03T20:54:05.052Z,RE,Reno,48b34b87-69c2-467d-a88c-67aac910c539,SAMMS-Reno
202609032054004443,202609031904102105,202609031904101105,85,1654,Bronze INV,br_AdmissionAssessmentSummary,TASK_COMPLETE,SUCCESS,INFO,407,407,0,,2026-09-03T19:04:17.619Z,2026-09-03T20:54:05.052Z,6588,2026-09-03T20:54:05.052Z,RMD,Richmond,48b34b87-69c2-467d-a88c-67aac910c539,SAMMS-Richmond
202609032054004444,202609031904102106,202609031904101105,85,1655,Bronze INV,br_AdmissionAssessmentSummary,TASK_COMPLETE,SUCCESS,INFO,512,512,0,,2026-09-03T19:04:17.619Z,2026-09-03T20:54:05.052Z,6588,2026-09-03T20:54:05.052Z,SFN,Springfield North,48b34b87-69c2-467d-a88c-67aac910c539,SAMMS-SFNv5
202609032054004445,202609031904102107,202609031904101105,85,1656,Bronze INV,br_AdmissionAssessmentSummary,TASK_COMPLETE,SUCCESS,INFO,465,465,0,,2026-09-03T19:04:17.619Z,2026-09-03T20:54:05.052Z,6588,2026-09-03T20:54:05.052Z,SHP,Shreveport,48b34b87-69c2-467d-a88c-67aac910c539,SAMMS-Shreveport
202609032054004446,202609031904102108,202609031904101105,85,1658,Bronze INV,br_AdmissionAssessmentSummary,TASK_COMPLETE,SUCCESS,INFO,88,88,0,,2026-09-03T19:04:17.619Z,2026-09-03T20:54:05.052Z,6588,2026-09-03T20:54:05.052Z,STN,Staunton,48b34b87-69c2-467d-a88c-67aac910c539,SAMMS-Staunton
202609032054004447,202609031904102109,202609031904101105,85,1659,Bronze INV,br_AdmissionAssessmentSummary,TASK_COMPLETE,SUCCESS,INFO,58,58,0,,2026-09-03T19:04:17.619Z,2026-09-03T20:54:05.052Z,6588,2026-09-03T20:54:05.052Z,STVN,Stevenson,48b34b87-69c2-467d-a88c-67aac910c539,SAMMS-Stevenson
202609032054004448,202609031904102110,202609031904101105,85,1661,Bronze INV,br_AdmissionAssessmentSummary,TASK_COMPLETE,SUCCESS,INFO,77,77,0,,2026-09-03T19:04:17.619Z,2026-09-03T20:54:05.052Z,6588,2026-09-03T20:54:05.052Z,TE,Tempe,48b34b87-69c2-467d-a88c-67aac910c539,SAMMS-Tempe
202609032054004450,202609031904102111,202609031904101105,85,1662,Bronze INV,br_AdmissionAssessmentSummary,TASK_COMPLETE,SUCCESS,INFO,394,394,0,,2026-09-03T19:04:17.619Z,2026-09-03T20:54:05.052Z,6588,2026-09-03T20:54:05.052Z,TEX,Texarkana,48b34b87-69c2-467d-a88c-67aac910c539,SAMMS-Texarkana
202609032054004451,202609031904102112,202609031904101105,85,1663,Bronze INV,br_AdmissionAssessmentSummary,TASK_COMPLETE,SUCCESS,INFO,472,472,0,,2026-09-03T19:04:17.619Z,2026-09-03T20:54:05.052Z,6588,2026-09-03T20:54:05.052Z,TTCA,Bessemer,48b34b87-69c2-467d-a88c-67aac910c539,SAMMS-BessemerV5
202609032054004452,202609031904102113,202609031904101105,85,1664,Bronze INV,br_AdmissionAssessmentSummary,TASK_COMPLETE,SUCCESS,INFO,558,558,0,,2026-09-03T19:04:17.619Z,2026-09-03T20:54:05.052Z,6588,2026-09-03T20:54:05.052Z,TTCB,Cullman,48b34b87-69c2-467d-a88c-67aac910c539,SAMMS-CullmanV5
202609032054004453,202609031904102114,202609031904101105,85,1665,Bronze INV,br_AdmissionAssessmentSummary,TASK_COMPLETE,SUCCESS,INFO,398,398,0,,2026-09-03T19:04:17.619Z,2026-09-03T20:54:05.052Z,6588,2026-09-03T20:54:05.052Z,TTCC,Grand Bay,48b34b87-69c2-467d-a88c-67aac910c539,SAMMS-GrandBay
202609032054004454,202609031904102115,202609031904101105,85,1666,Bronze INV,br_AdmissionAssessmentSummary,TASK_COMPLETE,SUCCESS,INFO,25,25,0,,2026-09-03T19:04:17.619Z,2026-09-03T20:54:05.052Z,6588,2026-09-03T20:54:05.052Z,TU,Tucson,48b34b87-69c2-467d-a88c-67aac910c539,SAMMS-Tucson
202609032054004455,202609031904102116,202609031904101105,85,1668,Bronze INV,br_AdmissionAssessmentSummary,TASK_COMPLETE,SUCCESS,INFO,267,267,0,,2026-09-03T19:04:17.619Z,2026-09-03T20:54:05.052Z,6588,2026-09-03T20:54:05.052Z,V1,Memphis South,48b34b87-69c2-467d-a88c-67aac910c539,SAMMS-VCPHCS-I-MemphisV5
202609032054004456,202609031904102117,202609031904101105,85,1669,Bronze INV,br_AdmissionAssessmentSummary,TASK_COMPLETE,SUCCESS,INFO,712,712,0,,2026-09-03T19:04:17.619Z,2026-09-03T20:54:05.052Z,6588,2026-09-03T20:54:05.052Z,V10,Longmont,48b34b87-69c2-467d-a88c-67aac910c539,SAMMS-BoulderV5
202609032054004457,202609031904102118,202609031904101105,85,1670,Bronze INV,br_AdmissionAssessmentSummary,TASK_COMPLETE,SUCCESS,INFO,1217,1217,0,,2026-09-03T19:04:17.619Z,2026-09-03T20:54:05.052Z,6588,2026-09-03T20:54:05.052Z,V10A,Fort Collins,48b34b87-69c2-467d-a88c-67aac910c539,SAMMS-FortCollinsV5
202609032054004459,202609031904102119,202609031904101105,85,1671,Bronze INV,br_AdmissionAssessmentSummary,TASK_COMPLETE,SUCCESS,INFO,1061,1061,0,,2026-09-03T19:04:17.619Z,2026-09-03T20:54:05.052Z,6588,2026-09-03T20:54:05.052Z,V11,Westminster,48b34b87-69c2-467d-a88c-67aac910c539,SAMMS-VCPHCS-XI-NorthDenverV5
202609032054004460,202609031904102120,202609031904101105,85,1672,Bronze INV,br_AdmissionAssessmentSummary,TASK_COMPLETE,SUCCESS,INFO,1121,1121,0,,2026-09-03T19:04:17.619Z,2026-09-03T20:54:05.052Z,6588,2026-09-03T20:54:05.052Z,V12,Downtown Denver,48b34b87-69c2-467d-a88c-67aac910c539,SAMMS-VCPHCS-XII-DowntownDenverV5
202609032054004461,202609031904102121,202609031904101105,85,1673,Bronze INV,br_AdmissionAssessmentSummary,TASK_COMPLETE,SUCCESS,INFO,509,509,0,,2026-09-03T19:04:17.619Z,2026-09-03T20:54:05.052Z,6588,2026-09-03T20:54:05.052Z,V12A,Centennial,48b34b87-69c2-467d-a88c-67aac910c539,SAMMS-CentennialV5
202609032054004462,202609031904102122,202609031904101105,85,1674,Bronze INV,br_AdmissionAssessmentSummary,TASK_COMPLETE,SUCCESS,INFO,319,319,0,,2026-09-03T19:04:17.619Z,2026-09-03T20:54:05.052Z,6588,2026-09-03T20:54:05.052Z,V14,Overland Park,48b34b87-69c2-467d-a88c-67aac910c539,SAMMS-VCPHCS-XIV-BridgewayV5
202609032054004463,202609031904102123,202609031904101105,85,1675,Bronze INV,br_AdmissionAssessmentSummary,TASK_COMPLETE,SUCCESS,INFO,579,579,0,,2026-09-03T19:04:17.619Z,2026-09-03T20:54:05.052Z,6588,2026-09-03T20:54:05.052Z,V15,Joplin,48b34b87-69c2-467d-a88c-67aac910c539,SAMMS-JoplinV5
202609032054004464,202609031904102124,202609031904101105,85,1677,Bronze INV,br_AdmissionAssessmentSummary,TASK_COMPLETE,SUCCESS,INFO,494,494,0,,2026-09-03T19:04:17.619Z,2026-09-03T20:54:05.052Z,6588,2026-09-03T20:54:05.052Z,V17,Columbia TN,48b34b87-69c2-467d-a88c-67aac910c539,SAMMS-ColumbiaTNv5
202609032054004465,202609031904102125,202609031904101105,85,1679,Bronze INV,br_AdmissionAssessmentSummary,TASK_COMPLETE,SUCCESS,INFO,444,444,0,,2026-09-03T19:04:17.619Z,2026-09-03T20:54:05.052Z,6588,2026-09-03T20:54:05.052Z,V19,Jackson,48b34b87-69c2-467d-a88c-67aac910c539,SAMMS-JacksonV5
202609032054004151,202609031904101854,202609031904101105,85,1803,Bronze INV,br_Appointments,TASK_COMPLETE,SUCCESS,INFO,13037,13037,0,,2026-09-03T19:04:17.619Z,2026-09-03T20:54:05.052Z,6588,2026-09-03T20:54:05.052Z,ET,Elizabethtown,48b34b87-69c2-467d-a88c-67aac910c539,SAMMS-Elizabethtown
202609032054004152,202609031904101855,202609031904101105,85,1804,Bronze INV,br_Appointments,TASK_COMPLETE,SUCCESS,INFO,17721,17721,0,,2026-09-03T19:04:17.619Z,2026-09-03T20:54:05.052Z,6588,2026-09-03T20:54:05.052Z,FAY,Fayetteville,48b34b87-69c2-467d-a88c-67aac910c539,SAMMS-Fayetteville
202609032054004153,202609031904101856,202609031904101105,85,1805,Bronze INV,br_Appointments,TASK_COMPLETE,SUCCESS,INFO,2886,2886,0,,2026-09-03T19:04:17.619Z,2026-09-03T20:54:05.052Z,6588,2026-09-03T20:54:05.052Z,FR,Frankfort,48b34b87-69c2-467d-a88c-67aac910c539,SAMMS-Frankfort
202609032054004155,202609031904101857,202609031904101105,85,1806,Bronze INV,br_Appointments,TASK_COMPLETE,SUCCESS,INFO,14217,14217,0,,2026-09-03T19:04:17.619Z,2026-09-03T20:54:05.052Z,6588,2026-09-03T20:54:05.052Z,FS,Fort Smith,48b34b87-69c2-467d-a88c-67aac910c539,SAMMS-FortSmith
202609032054004156,202609031904101858,202609031904101105,85,1807,Bronze INV,br_Appointments,TASK_COMPLETE,SUCCESS,INFO,25741,25741,0,,2026-09-03T19:04:17.619Z,2026-09-03T20:54:05.052Z,6588,2026-09-03T20:54:05.052Z,FW,Fort Wayne,48b34b87-69c2-467d-a88c-67aac910c539,SAMMS-FortWayne
202609032054004157,202609031904101859,202609031904101105,85,1808,Bronze INV,br_Appointments,TASK_COMPLETE,SUCCESS,INFO,24462,24462,0,,2026-09-03T19:04:17.619Z,2026-09-03T20:54:05.052Z,6588,2026-09-03T20:54:05.052Z,GAL,Gaylord,48b34b87-69c2-467d-a88c-67aac910c539,SAMMS-Gaylord
202609032054004158,202609031904101860,202609031904101105,85,1812,Bronze INV,br_Appointments,TASK_COMPLETE,SUCCESS,INFO,50409,50409,0,,2026-09-03T19:04:17.619Z,2026-09-03T20:54:05.052Z,6588,2026-09-03T20:54:05.052Z,HGT,Hagerstown,48b34b87-69c2-467d-a88c-67aac910c539,SAMMS-Hagerstown
202609032054004159,202609031904101861,202609031904101105,85,1813,Bronze INV,br_Appointments,TASK_COMPLETE,SUCCESS,INFO,17065,17065,0,,2026-09-03T19:04:17.619Z,2026-09-03T20:54:05.052Z,6588,2026-09-03T20:54:05.052Z,HNT,Huntsville,48b34b87-69c2-467d-a88c-67aac910c539,SAMMS-Huntsville
202609032054004160,202609031904101862,202609031904101105,85,1814,Bronze INV,br_Appointments,TASK_COMPLETE,SUCCESS,INFO,17586,17586,0,,2026-09-03T19:04:17.619Z,2026-09-03T20:54:05.052Z,6588,2026-09-03T20:54:05.052Z,HS,Hot Springs,48b34b87-69c2-467d-a88c-67aac910c539,SAMMS-HotSprings
202609032054004161,202609031904101863,202609031904101105,85,1815,Bronze INV,br_Appointments,TASK_COMPLETE,SUCCESS,INFO,10400,10400,0,,2026-09-03T19:04:17.619Z,2026-09-03T20:54:05.052Z,6588,2026-09-03T20:54:05.052Z,JON,Jonesboro,48b34b87-69c2-467d-a88c-67aac910c539,SAMMS-Jonesboro
202609032054004163,202609031904101864,202609031904101105,85,1817,Bronze INV,br_Appointments,TASK_COMPLETE,SUCCESS,INFO,23606,23606,0,,2026-09-03T19:04:17.619Z,2026-09-03T20:54:05.052Z,6588,2026-09-03T20:54:05.052Z,LAN,Lansing,48b34b87-69c2-467d-a88c-67aac910c539,SAMMS-Lansing
202609032054004164,202609031904101865,202609031904101105,85,1818,Bronze INV,br_Appointments,TASK_COMPLETE,SUCCESS,INFO,19539,19539,0,,2026-09-03T19:04:17.619Z,2026-09-03T20:54:05.052Z,6588,2026-09-03T20:54:05.052Z,LO,Louisville,48b34b87-69c2-467d-a88c-67aac910c539,SAMMS-Louisville
202609032054004165,202609031904101866,202609031904101105,85,1819,Bronze INV,br_Appointments,TASK_COMPLETE,SUCCESS,INFO,13607,13607,0,,2026-09-03T19:04:17.619Z,2026-09-03T20:54:05.052Z,6588,2026-09-03T20:54:05.052Z,LV1,Cheyenne,48b34b87-69c2-467d-a88c-67aac910c539,SAMMS-Cheyenne
202609032054004166,202609031904101867,202609031904101105,85,1820,Bronze INV,br_Appointments,TASK_COMPLETE,SUCCESS,INFO,13659,13659,0,,2026-09-03T19:04:17.619Z,2026-09-03T20:54:05.052Z,6588,2026-09-03T20:54:05.052Z,LV2,Desert Inn,48b34b87-69c2-467d-a88c-67aac910c539,SAMMS-DesertInn
202609032054004167,202609031904101868,202609031904101105,85,1821,Bronze INV,br_Appointments,TASK_COMPLETE,SUCCESS,INFO,3422,3422,0,,2026-09-03T19:04:17.619Z,2026-09-03T20:54:05.052Z,6588,2026-09-03T20:54:05.052Z,LV3,McDaniel,48b34b87-69c2-467d-a88c-67aac910c539,SAMMS-McDaniel
202609032054004168,202609031904101869,202609031904101105,85,1824,Bronze INV,br_Appointments,TASK_COMPLETE,SUCCESS,INFO,8204,8204,0,,2026-09-03T19:04:17.619Z,2026-09-03T20:54:05.052Z,6588,2026-09-03T20:54:05.052Z,MNRE,Monroe,48b34b87-69c2-467d-a88c-67aac910c539,SAMMS-Monroe
202609032054004169,202609031904101870,202609031904101105,85,1825,Bronze INV,br_Appointments,TASK_COMPLETE,SUCCESS,INFO,29792,29792,0,,2026-09-03T19:04:17.619Z,2026-09-03T20:54:05.052Z,6588,2026-09-03T20:54:05.052Z,MP,Mt. Pleasant,48b34b87-69c2-467d-a88c-67aac910c539,SAMMS-MtPleasant
202609032054004170,202609031904101871,202609031904101105,85,1826,Bronze INV,br_Appointments,TASK_COMPLETE,SUCCESS,INFO,11793,11793,0,,2026-09-03T19:04:17.619Z,2026-09-03T20:54:05.052Z,6588,2026-09-03T20:54:05.052Z,MRD,Meridian,48b34b87-69c2-467d-a88c-67aac910c539,SAMMS-Meridian
202609032054004172,202609031904101872,202609031904101105,85,1831,Bronze INV,br_Appointments,TASK_COMPLETE,SUCCESS,INFO,15954,15954,0,,2026-09-03T19:04:17.619Z,2026-09-03T20:54:05.052Z,6588,2026-09-03T20:54:05.052Z,NC,North Charleston,48b34b87-69c2-467d-a88c-67aac910c539,SAMMS-NorthCharleston
202609032054004173,202609031904101873,202609031904101105,85,1832,Bronze INV,br_Appointments,TASK_COMPLETE,SUCCESS,INFO,27141,27141,0,,2026-09-03T19:04:17.619Z,2026-09-03T20:54:05.052Z,6588,2026-09-03T20:54:05.052Z,NLR,N. Little Rock,48b34b87-69c2-467d-a88c-67aac910c539,SAMMS-NLROBOT
202609032054004174,202609031904101874,202609031904101105,85,1833,Bronze INV,br_Appointments,TASK_COMPLETE,SUCCESS,INFO,3399,3399,0,,2026-09-03T19:04:17.619Z,2026-09-03T20:54:05.052Z,6588,2026-09-03T20:54:05.052Z,PH,Phoenix,48b34b87-69c2-467d-a88c-67aac910c539,SAMMS-Phoenix
202609032054004175,202609031904101875,202609031904101105,85,1837,Bronze INV,br_Appointments,TASK_COMPLETE,SUCCESS,INFO,19893,19893,0,,2026-09-03T19:04:17.619Z,2026-09-03T20:54:05.052Z,6588,2026-09-03T20:54:05.052Z,RE,Reno,48b34b87-69c2-467d-a88c-67aac910c539,SAMMS-Reno
202609032054004176,202609031904101876,202609031904101105,85,1838,Bronze INV,br_Appointments,TASK_COMPLETE,SUCCESS,INFO,12345,12345,0,,2026-09-03T19:04:17.619Z,2026-09-03T20:54:05.052Z,6588,2026-09-03T20:54:05.052Z,RMD,Richmond,48b34b87-69c2-467d-a88c-67aac910c539,SAMMS-Richmond
202609032054004177,202609031904101877,202609031904101105,85,1839,Bronze INV,br_Appointments,TASK_COMPLETE,SUCCESS,INFO,13386,13386,0,,2026-09-03T19:04:17.619Z,2026-09-03T20:54:05.052Z,6588,2026-09-03T20:54:05.052Z,SFN,Springfield North,48b34b87-69c2-467d-a88c-67aac910c539,SAMMS-SFNv5
202609032054004178,202609031904101878,202609031904101105,85,1840,Bronze INV,br_Appointments,TASK_COMPLETE,SUCCESS,INFO,13298,13298,0,,2026-09-03T19:04:17.619Z,2026-09-03T20:54:05.052Z,6588,2026-09-03T20:54:05.052Z,SHP,Shreveport,48b34b87-69c2-467d-a88c-67aac910c539,SAMMS-Shreveport
202609032054004180,202609031904101879,202609031904101105,85,1842,Bronze INV,br_Appointments,TASK_COMPLETE,SUCCESS,INFO,14248,14248,0,,2026-09-03T19:04:17.619Z,2026-09-03T20:54:05.052Z,6588,2026-09-03T20:54:05.052Z,STN,Staunton,48b34b87-69c2-467d-a88c-67aac910c539,SAMMS-Staunton
202609032054004181,202609031904101880,202609031904101105,85,1843,Bronze INV,br_Appointments,TASK_COMPLETE,SUCCESS,INFO,1861,1861,0,,2026-09-03T19:04:17.619Z,2026-09-03T20:54:05.052Z,6588,2026-09-03T20:54:05.052Z,STVN,Stevenson,48b34b87-69c2-467d-a88c-67aac910c539,SAMMS-Stevenson
202609032054004182,202609031904101881,202609031904101105,85,1845,Bronze INV,br_Appointments,TASK_COMPLETE,SUCCESS,INFO,5535,5535,0,,2026-09-03T19:04:17.619Z,2026-09-03T20:54:05.052Z,6588,2026-09-03T20:54:05.052Z,TE,Tempe,48b34b87-69c2-467d-a88c-67aac910c539,SAMMS-Tempe
202609032054004183,202609031904101882,202609031904101105,85,1846,Bronze INV,br_Appointments,TASK_COMPLETE,SUCCESS,INFO,15418,15418,0,,2026-09-03T19:04:17.619Z,2026-09-03T20:54:05.052Z,6588,2026-09-03T20:54:05.052Z,TEX,Texarkana,48b34b87-69c2-467d-a88c-67aac910c539,SAMMS-Texarkana
202609032054004184,202609031904101883,202609031904101105,85,1847,Bronze INV,br_Appointments,TASK_COMPLETE,SUCCESS,INFO,7786,7786,0,,2026-09-03T19:04:17.619Z,2026-09-03T20:54:05.052Z,6588,2026-09-03T20:54:05.052Z,TTCA,Bessemer,48b34b87-69c2-467d-a88c-67aac910c539,SAMMS-BessemerV5
202609032054004185,202609031904101884,202609031904101105,85,1848,Bronze INV,br_Appointments,TASK_COMPLETE,SUCCESS,INFO,23175,23175,0,,2026-09-03T19:04:17.619Z,2026-09-03T20:54:05.052Z,6588,2026-09-03T20:54:05.052Z,TTCB,Cullman,48b34b87-69c2-467d-a88c-67aac910c539,SAMMS-CullmanV5
202609032054004186,202609031904101885,202609031904101105,85,1849,Bronze INV,br_Appointments,TASK_COMPLETE,SUCCESS,INFO,12683,12683,0,,2026-09-03T19:04:17.619Z,2026-09-03T20:54:05.052Z,6588,2026-09-03T20:54:05.052Z,TTCC,Grand Bay,48b34b87-69c2-467d-a88c-67aac910c539,SAMMS-GrandBay
202609032054004188,202609031904101886,202609031904101105,85,1850,Bronze INV,br_Appointments,TASK_COMPLETE,SUCCESS,INFO,1300,1300,0,,2026-09-03T19:04:17.619Z,2026-09-03T20:54:05.052Z,6588,2026-09-03T20:54:05.052Z,TU,Tucson,48b34b87-69c2-467d-a88c-67aac910c539,SAMMS-Tucson
202609032054004189,202609031904101887,202609031904101105,85,1852,Bronze INV,br_Appointments,TASK_COMPLETE,SUCCESS,INFO,8655,8655,0,,2026-09-03T19:04:17.619Z,2026-09-03T20:54:05.052Z,6588,2026-09-03T20:54:05.052Z,V1,Memphis South,48b34b87-69c2-467d-a88c-67aac910c539,SAMMS-VCPHCS-I-MemphisV5
202609032054004190,202609031904101888,202609031904101105,85,1853,Bronze INV,br_Appointments,TASK_COMPLETE,SUCCESS,INFO,17790,17790,0,,2026-09-03T19:04:17.619Z,2026-09-03T20:54:05.052Z,6588,2026-09-03T20:54:05.052Z,V10,Longmont,48b34b87-69c2-467d-a88c-67aac910c539,SAMMS-BoulderV5
202609032054004191,202609031904101889,202609031904101105,85,1854,Bronze INV,br_Appointments,TASK_COMPLETE,SUCCESS,INFO,44103,44103,0,,2026-09-03T19:04:17.619Z,2026-09-03T20:54:05.052Z,6588,2026-09-03T20:54:05.052Z,V10A,Fort Collins,48b34b87-69c2-467d-a88c-67aac910c539,SAMMS-FortCollinsV5
202609032054004192,202609031904101890,202609031904101105,85,1855,Bronze INV,br_Appointments,TASK_COMPLETE,SUCCESS,INFO,47336,47336,0,,2026-09-03T19:04:17.619Z,2026-09-03T20:54:05.052Z,6588,2026-09-03T20:54:05.052Z,V11,Westminster,48b34b87-69c2-467d-a88c-67aac910c539,SAMMS-VCPHCS-XI-NorthDenverV5
202609032054004193,202609031904101891,202609031904101105,85,1856,Bronze INV,br_Appointments,TASK_COMPLETE,SUCCESS,INFO,45040,45040,0,,2026-09-03T19:04:17.619Z,2026-09-03T20:54:05.052Z,6588,2026-09-03T20:54:05.052Z,V12,Downtown Denver,48b34b87-69c2-467d-a88c-67aac910c539,SAMMS-VCPHCS-XII-DowntownDenverV5
202609032054004194,202609031904101892,202609031904101105,85,1857,Bronze INV,br_Appointments,TASK_COMPLETE,SUCCESS,INFO,19032,19032,0,,2026-09-03T19:04:17.619Z,2026-09-03T20:54:05.052Z,6588,2026-09-03T20:54:05.052Z,V12A,Centennial,48b34b87-69c2-467d-a88c-67aac910c539,SAMMS-CentennialV5
202609032054004196,202609031904101893,202609031904101105,85,1858,Bronze INV,br_Appointments,TASK_COMPLETE,SUCCESS,INFO,9807,9807,0,,2026-09-03T19:04:17.619Z,2026-09-03T20:54:05.052Z,6588,2026-09-03T20:54:05.052Z,V14,Overland Park,48b34b87-69c2-467d-a88c-67aac910c539,SAMMS-VCPHCS-XIV-BridgewayV5
202609032054004197,202609031904101894,202609031904101105,85,1859,Bronze INV,br_Appointments,TASK_COMPLETE,SUCCESS,INFO,5458,5458,0,,2026-09-03T19:04:17.619Z,2026-09-03T20:54:05.052Z,6588,2026-09-03T20:54:05.052Z,V15,Joplin,48b34b87-69c2-467d-a88c-67aac910c539,SAMMS-JoplinV5
202609032054004198,202609031904101895,202609031904101105,85,1861,Bronze INV,br_Appointments,TASK_COMPLETE,SUCCESS,INFO,9080,9080,0,,2026-09-03T19:04:17.619Z,2026-09-03T20:54:05.052Z,6588,2026-09-03T20:54:05.052Z,V17,Columbia TN,48b34b87-69c2-467d-a88c-67aac910c539,SAMMS-ColumbiaTNv5
202609032054004199,202609031904101896,202609031904101105,85,1863,Bronze INV,br_Appointments,TASK_COMPLETE,SUCCESS,INFO,31424,31424,0,,2026-09-03T19:04:17.619Z,2026-09-03T20:54:05.052Z,6588,2026-09-03T20:54:05.052Z,V19,Jackson,48b34b87-69c2-467d-a88c-67aac910c539,SAMMS-JacksonV5
202609032054004200,202609031904101897,202609031904101105,85,1865,Bronze INV,br_Appointments,TASK_COMPLETE,SUCCESS,INFO,30672,30672,0,,2026-09-03T19:04:17.619Z,2026-09-03T20:54:05.052Z,6588,2026-09-03T20:54:05.052Z,V20,Paris,48b34b87-69c2-467d-a88c-67aac910c539,SAMMS-ParisV5
202609032054004203,202609031904101898,202609031904101105,85,1866,Bronze INV,br_Appointments,TASK_COMPLETE,SUCCESS,INFO,38565,38565,0,,2026-09-03T19:04:17.619Z,2026-09-03T20:54:05.052Z,6588,2026-09-03T20:54:05.052Z,V21,Memphis North,48b34b87-69c2-467d-a88c-67aac910c539,SAMMS-RaleighV5
202609032054004204,202609031904101899,202609031904101105,85,1869,Bronze INV,br_Appointments,TASK_COMPLETE,SUCCESS,INFO,25459,25459,0,,2026-09-03T19:04:17.619Z,2026-09-03T20:54:05.052Z,6588,2026-09-03T20:54:05.052Z,V5,West Bank,48b34b87-69c2-467d-a88c-67aac910c539,SAMMS-NONTCv5
202609032054004205,202609031904101900,202609031904101105,85,1871,Bronze INV,br_Appointments,TASK_COMPLETE,SUCCESS,INFO,4763,4763,0,,2026-09-03T19:04:17.619Z,2026-09-03T20:54:05.052Z,6588,2026-09-03T20:54:05.052Z,V5B,Houma,48b34b87-69c2-467d-a88c-67aac910c539,SAMMS-HoumaV6
202609032054004206,202609031904101901,202609031904101105,85,1872,Bronze INV,br_Appointments,TASK_COMPLETE,SUCCESS,INFO,44441,44441,0,,2026-09-03T19:04:17.619Z,2026-09-03T20:54:05.052Z,6588,2026-09-03T20:54:05.052Z,V6,Lake Charles,48b34b87-69c2-467d-a88c-67aac910c539,SAMMS-LCv5
202609032054004207,202609031904101902,202609031904101105,85,1874,Bronze INV,br_Appointments,TASK_COMPLETE,SUCCESS,INFO,13475,13475,0,,2026-09-03T19:04:17.619Z,2026-09-03T20:54:05.052Z,6588,2026-09-03T20:54:05.052Z,V8,Memphis Midtown,48b34b87-69c2-467d-a88c-67aac910c539,SAMMS-VCPHCS-VIII-MemphisV5
202609032054004208,202609031904101903,202609031904101105,85,1875,Bronze INV,br_Appointments,TASK_COMPLETE,SUCCESS,INFO,57167,57167,0,,2026-09-03T19:04:17.619Z,2026-09-03T20:54:05.052Z,6588,2026-09-03T20:54:05.052Z,V9,Nashville,48b34b87-69c2-467d-a88c-67aac910c539,SAMMS-NashvilleV5
202609032054004209,202609031904101904,202609031904101105,85,1876,Bronze INV,br_Appointments,TASK_COMPLETE,SUCCESS,INFO,20743,20743,0,,2026-09-03T19:04:17.619Z,2026-09-03T20:54:05.052Z,6588,2026-09-03T20:54:05.052Z,VBRA,Brainerd,48b34b87-69c2-467d-a88c-67aac910c539,SAMMS-BrainerdV6
202609032054004211,202609031904101905,202609031904101105,85,1877,Bronze INV,br_Appointments,TASK_COMPLETE,SUCCESS,INFO,79378,79378,0,,2026-09-03T19:04:17.619Z,2026-09-03T20:54:05.052Z,6588,2026-09-03T20:54:05.052Z,VBRP,Brooklyn Park,48b34b87-69c2-467d-a88c-67aac910c539,SAMMS-BrooklynParkV6
202609032054004212,202609031904101906,202609031904101105,85,1879,Bronze INV,br_Appointments,TASK_COMPLETE,SUCCESS,INFO,41242,41242,0,,2026-09-03T19:04:17.619Z,2026-09-03T20:54:05.052Z,6588,2026-09-03T20:54:05.052Z,VMIN,Minneapolis,48b34b87-69c2-467d-a88c-67aac910c539,SAMMS-MinneapolisV6
202609032054004213,202609031904101907,202609031904101105,85,1880,Bronze INV,br_Appointments,TASK_COMPLETE,SUCCESS,INFO,89932,89932,0,,2026-09-03T19:04:17.619Z,2026-09-03T20:54:05.052Z,6588,2026-09-03T20:54:05.052Z,VWBY,Woodbury,48b34b87-69c2-467d-a88c-67aac910c539,SAMMS-WoodburyV6
202609032054004214,202609031904101908,202609031904101105,85,1882,Bronze INV,br_Appointments,TASK_COMPLETE,SUCCESS,INFO,12990,12990,0,,2026-09-03T19:04:17.619Z,2026-09-03T20:54:05.052Z,6588,2026-09-03T20:54:05.052Z,WIL,Wilson,48b34b87-69c2-467d-a88c-67aac910c539,SAMMS-Wilson
202609032054004215,202609031904101909,202609031904101105,85,231,Bronze INV,br_AdmissionAssessment,TASK_COMPLETE,SUCCESS,INFO,243,243,0,,2026-09-03T19:04:17.619Z,2026-09-03T20:54:05.052Z,6588,2026-09-03T20:54:05.052Z,B12B,Colorado Springs,48b34b87-69c2-467d-a88c-67aac910c539,SAMMS-ColoradoSpringsV5
202609032054004216,202609031904101910,202609031904101105,85,232,Bronze INV,br_AdmissionAssessment,TASK_COMPLETE,SUCCESS,INFO,8,8,0,,2026-09-03T19:04:17.619Z,2026-09-03T20:54:05.052Z,6588,2026-09-03T20:54:05.052Z,B24,Paintsville,48b34b87-69c2-467d-a88c-67aac910c539,SAMMS-PaintsvilleV5
202609032054004217,202609031904101911,202609031904101105,85,233,Bronze INV,br_AdmissionAssessment,TASK_COMPLETE,SUCCESS,INFO,2,2,0,,2026-09-03T19:04:17.619Z,2026-09-03T20:54:05.052Z,6588,2026-09-03T20:54:05.052Z,B25,Pikeville,48b34b87-69c2-467d-a88c-67aac910c539,SAMMS-PikevilleV5
202609032054004219,202609031904101912,202609031904101105,85,234,Bronze INV,br_AdmissionAssessment,TASK_COMPLETE,SUCCESS,INFO,0,0,0,,2026-09-03T19:04:17.619Z,2026-09-03T20:54:05.052Z,6588,2026-09-03T20:54:05.052Z,B26,Hazard,48b34b87-69c2-467d-a88c-67aac910c539,SAMMS-HazardV5
202609032054004220,202609031904101913,202609031904101105,85,235,Bronze INV,br_AdmissionAssessment,TASK_COMPLETE,SUCCESS,INFO,51,51,0,,2026-09-03T19:04:17.619Z,2026-09-03T20:54:05.052Z,6588,2026-09-03T20:54:05.052Z,B27,Savannah,48b34b87-69c2-467d-a88c-67aac910c539,SAMMS-SavannahV6
202609032054004221,202609031904101914,202609031904101105,85,236,Bronze INV,br_AdmissionAssessment,TASK_COMPLETE,SUCCESS,INFO,98,98,0,,2026-09-03T19:04:17.619Z,2026-09-03T20:54:05.052Z,6588,2026-09-03T20:54:05.052Z,B28,West Plains,48b34b87-69c2-467d-a88c-67aac910c539,SAMMS-WestPlainesV5
202609032054004222,202609031904101915,202609031904101105,85,237,Bronze INV,br_AdmissionAssessment,TASK_COMPLETE,SUCCESS,INFO,80,80,0,,2026-09-03T19:04:17.619Z,2026-09-03T20:54:05.052Z,6588,2026-09-03T20:54:05.052Z,B29,Poplar Bluff,48b34b87-69c2-467d-a88c-67aac910c539,SAMMS-PoplarBluffV5
202609032054004223,202609031904101916,202609031904101105,85,238,Bronze INV,br_AdmissionAssessment,TASK_COMPLETE,SUCCESS,INFO,76,76,0,,2026-09-03T19:04:17.619Z,2026-09-03T20:54:05.052Z,6588,2026-09-03T20:54:05.052Z,B30,KC North,48b34b87-69c2-467d-a88c-67aac910c539,SAMMS-KCNv5
202609032054004224,202609031904101917,202609031904101105,85,239,Bronze INV,br_AdmissionAssessment,TASK_COMPLETE,SUCCESS,INFO,113,113,0,,2026-09-03T19:04:17.619Z,2026-09-03T20:54:05.052Z,6588,2026-09-03T20:54:05.052Z,B31,Dyersburg,48b34b87-69c2-467d-a88c-67aac910c539,SAMMS-DyersburgV5
202609032054004225,202609031904101918,202609031904101105,85,241,Bronze INV,br_AdmissionAssessment,TASK_COMPLETE,SUCCESS,INFO,1,1,0,,2026-09-03T19:04:17.619Z,2026-09-03T20:54:05.052Z,6588,2026-09-03T20:54:05.052Z,B33,Paducah,48b34b87-69c2-467d-a88c-67aac910c539,SAMMS-Paducah
202609032054004226,202609031904101919,202609031904101105,85,242,Bronze INV,br_AdmissionAssessment,TASK_COMPLETE,SUCCESS,INFO,1,1,0,,2026-09-03T19:04:17.619Z,2026-09-03T20:54:05.052Z,6588,2026-09-03T20:54:05.052Z,B34,Corbin,48b34b87-69c2-467d-a88c-67aac910c539,SAMMS-CorbinV5
202609032054004228,202609031904101920,202609031904101105,85,243,Bronze INV,br_AdmissionAssessment,TASK_COMPLETE,SUCCESS,INFO,5,5,0,,2026-09-03T19:04:17.619Z,2026-09-03T20:54:05.052Z,6588,2026-09-03T20:54:05.052Z,B35,Lexington,48b34b87-69c2-467d-a88c-67aac910c539,SAMMS-LexingtonV5
202609032054004229,202609031904101921,202609031904101105,85,244,Bronze INV,br_AdmissionAssessment,TASK_COMPLETE,SUCCESS,INFO,4,4,0,,2026-09-03T19:04:17.619Z,2026-09-03T20:54:05.052Z,6588,2026-09-03T20:54:05.052Z,B35A,Berea,48b34b87-69c2-467d-a88c-67aac910c539,SAMMS-BereaV5
202609032054004624,202609031904102262,202609031904101105,85,1343,Bronze INV,br_AdmissionAssessmentDimensionTwo,TASK_COMPLETE,SUCCESS,INFO,350,350,0,,2026-09-03T19:04:17.619Z,2026-09-03T20:54:05.052Z,6588,2026-09-03T20:54:05.052Z,B31,Dyersburg,48b34b87-69c2-467d-a88c-67aac910c539,SAMMS-DyersburgV5
202609032054004625,202609031904102263,202609031904101105,85,1345,Bronze INV,br_AdmissionAssessmentDimensionTwo,TASK_COMPLETE,SUCCESS,INFO,213,213,0,,2026-09-03T19:04:17.619Z,2026-09-03T20:54:05.052Z,6588,2026-09-03T20:54:05.052Z,B33,Paducah,48b34b87-69c2-467d-a88c-67aac910c539,SAMMS-Paducah
202609032054004626,202609031904102264,202609031904101105,85,1346,Bronze INV,br_AdmissionAssessmentDimensionTwo,TASK_COMPLETE,SUCCESS,INFO,449,449,0,,2026-09-03T19:04:17.619Z,2026-09-03T20:54:05.052Z,6588,2026-09-03T20:54:05.052Z,B34,Corbin,48b34b87-69c2-467d-a88c-67aac910c539,SAMMS-CorbinV5
202609032054004627,202609031904102265,202609031904101105,85,1347,Bronze INV,br_AdmissionAssessmentDimensionTwo,TASK_COMPLETE,SUCCESS,INFO,719,719,0,,2026-09-03T19:04:17.619Z,2026-09-03T20:54:05.052Z,6588,2026-09-03T20:54:05.052Z,B35,Lexington,48b34b87-69c2-467d-a88c-67aac910c539,SAMMS-LexingtonV5
202609032054004629,202609031904102266,202609031904101105,85,1348,Bronze INV,br_AdmissionAssessmentDimensionTwo,TASK_COMPLETE,SUCCESS,INFO,345,345,0,,2026-09-03T19:04:17.619Z,2026-09-03T20:54:05.052Z,6588,2026-09-03T20:54:05.052Z,B35A,Berea,48b34b87-69c2-467d-a88c-67aac910c539,SAMMS-BereaV5
202609032054004630,202609031904102267,202609031904101105,85,1349,Bronze INV,br_AdmissionAssessmentDimensionTwo,TASK_COMPLETE,SUCCESS,INFO,614,614,0,,2026-09-03T19:04:17.619Z,2026-09-03T20:54:05.052Z,6588,2026-09-03T20:54:05.052Z,B36,Asheville,48b34b87-69c2-467d-a88c-67aac910c539,SAMMS-AshevilleV5
202609032054004631,202609031904102268,202609031904101105,85,1350,Bronze INV,br_AdmissionAssessmentDimensionTwo,TASK_COMPLETE,SUCCESS,INFO,453,453,0,,2026-09-03T19:04:17.619Z,2026-09-03T20:54:05.052Z,6588,2026-09-03T20:54:05.052Z,B37,Clyde,48b34b87-69c2-467d-a88c-67aac910c539,SAMMS-ClydeV5
202609032054004632,202609031904102269,202609031904101105,85,1351,Bronze INV,br_AdmissionAssessmentDimensionTwo,TASK_COMPLETE,SUCCESS,INFO,634,634,0,,2026-09-03T19:04:17.619Z,2026-09-03T20:54:05.052Z,6588,2026-09-03T20:54:05.052Z,B38,Spartanburg,48b34b87-69c2-467d-a88c-67aac910c539,SAMMS-SpartanburgV5
202609032054004633,202609031904102270,202609031904101105,85,1352,Bronze INV,br_AdmissionAssessmentDimensionTwo,TASK_COMPLETE,SUCCESS,INFO,486,486,0,,2026-09-03T19:04:17.619Z,2026-09-03T20:54:05.052Z,6588,2026-09-03T20:54:05.052Z,B39,Aiken,48b34b87-69c2-467d-a88c-67aac910c539,SAMMS-AikenV5
202609032054004634,202609031904102271,202609031904101105,85,1353,Bronze INV,br_AdmissionAssessmentDimensionTwo,TASK_COMPLETE,SUCCESS,INFO,301,301,0,,2026-09-03T19:04:17.619Z,2026-09-03T20:54:05.052Z,6588,2026-09-03T20:54:05.052Z,B41,Chesapeake,48b34b87-69c2-467d-a88c-67aac910c539,SAMMS-ChesapeakeV5
202609032054004635,202609031904102272,202609031904101105,85,1354,Bronze INV,br_AdmissionAssessmentDimensionTwo,TASK_COMPLETE,SUCCESS,INFO,540,540,0,,2026-09-03T19:04:17.619Z,2026-09-03T20:54:05.052Z,6588,2026-09-03T20:54:05.052Z,B42,Virginia Beach,48b34b87-69c2-467d-a88c-67aac910c539,SAMMS-VirginiaBeachV5
202609032054004637,202609031904102273,202609031904101105,85,1355,Bronze INV,br_AdmissionAssessmentDimensionTwo,TASK_COMPLETE,SUCCESS,INFO,168,168,0,,2026-09-03T19:04:17.619Z,2026-09-03T20:54:05.052Z,6588,2026-09-03T20:54:05.052Z,B42A,Newport News,48b34b87-69c2-467d-a88c-67aac910c539,SAMMS-NewportNewsV5
202609032054004638,202609031904102274,202609031904101105,85,1356,Bronze INV,br_AdmissionAssessmentDimensionTwo,TASK_COMPLETE,SUCCESS,INFO,57,57,0,,2026-09-03T19:04:17.619Z,2026-09-03T20:54:05.052Z,6588,2026-09-03T20:54:05.052Z,B42B,Franklin,48b34b87-69c2-467d-a88c-67aac910c539,SAMMS-FranklinV5
202609032054004639,202609031904102275,202609031904101105,85,1357,Bronze INV,br_AdmissionAssessmentDimensionTwo,TASK_COMPLETE,SUCCESS,INFO,340,340,0,,2026-09-03T19:04:17.619Z,2026-09-03T20:54:05.052Z,6588,2026-09-03T20:54:05.052Z,B42C,Glen Allen,48b34b87-69c2-467d-a88c-67aac910c539,SAMMS-GlenAllenV5
202609032054004640,202609031904102276,202609031904101105,85,1358,Bronze INV,br_AdmissionAssessmentDimensionTwo,TASK_COMPLETE,SUCCESS,INFO,176,176,0,,2026-09-03T19:04:17.619Z,2026-09-03T20:54:05.052Z,6588,2026-09-03T20:54:05.052Z,B42D,Chesapeake South,48b34b87-69c2-467d-a88c-67aac910c539,SAMMS-ChesapeakeSouthV5
202609032054004641,202609031904102277,202609031904101105,85,1359,Bronze INV,br_AdmissionAssessmentDimensionTwo,TASK_COMPLETE,SUCCESS,INFO,213,213,0,,2026-09-03T19:04:17.619Z,2026-09-03T20:54:05.052Z,6588,2026-09-03T20:54:05.052Z,B44,Albany,48b34b87-69c2-467d-a88c-67aac910c539,SAMMS-AlbanyV5
202609032054004642,202609031904102278,202609031904101105,85,1360,Bronze INV,br_AdmissionAssessmentDimensionTwo,TASK_COMPLETE,SUCCESS,INFO,308,308,0,,2026-09-03T19:04:17.619Z,2026-09-03T20:54:05.052Z,6588,2026-09-03T20:54:05.052Z,B45,Tifton,48b34b87-69c2-467d-a88c-67aac910c539,SAMMS-TiftonV5
202609032054004643,202609031904102279,202609031904101105,85,1361,Bronze INV,br_AdmissionAssessmentDimensionTwo,TASK_COMPLETE,SUCCESS,INFO,675,675,0,,2026-09-03T19:04:17.619Z,2026-09-03T20:54:05.052Z,6588,2026-09-03T20:54:05.052Z,B46,Washington DC,48b34b87-69c2-467d-a88c-67aac910c539,SAMMS-WashingtonDCv5
202609032054004644,202609031904102280,202609031904101105,85,1362,Bronze INV,br_AdmissionAssessmentDimensionTwo,TASK_COMPLETE,SUCCESS,INFO,362,362,0,,2026-09-03T19:04:17.619Z,2026-09-03T20:54:05.052Z,6588,2026-09-03T20:54:05.052Z,B47,Mobile,48b34b87-69c2-467d-a88c-67aac910c539,SAMMS-MobileV5
202609032054004646,202609031904102281,202609031904101105,85,1363,Bronze INV,br_AdmissionAssessmentDimensionTwo,TASK_COMPLETE,SUCCESS,INFO,453,453,0,,2026-09-03T19:04:17.619Z,2026-09-03T20:54:05.052Z,6588,2026-09-03T20:54:05.052Z,B48,Tuscaloosa,48b34b87-69c2-467d-a88c-67aac910c539,SAMMS-TuscaloosaV5
202609032054004647,202609031904102282,202609031904101105,85,1372,Bronze INV,br_AdmissionAssessmentDimensionTwo,TASK_COMPLETE,SUCCESS,INFO,319,319,0,,2026-09-03T19:04:17.619Z,2026-09-03T20:54:05.052Z,6588,2026-09-03T20:54:05.052Z,B51,N. Little Rock (OTP),48b34b87-69c2-467d-a88c-67aac910c539,SAMMS-NorthLittleRockV6
202609032054004648,202609031904102283,202609031904101105,85,1373,Bronze INV,br_AdmissionAssessmentDimensionTwo,TASK_COMPLETE,SUCCESS,INFO,161,161,0,,2026-09-03T19:04:17.619Z,2026-09-03T20:54:05.052Z,6588,2026-09-03T20:54:05.052Z,B52,Jackson GA,48b34b87-69c2-467d-a88c-67aac910c539,SAMMS-JacksonGAV5
202609032054004649,202609031904102284,202609031904101105,85,1374,Bronze INV,br_AdmissionAssessmentDimensionTwo,TASK_COMPLETE,SUCCESS,INFO,490,490,0,,2026-09-03T19:04:17.619Z,2026-09-03T20:54:05.052Z,6588,2026-09-03T20:54:05.052Z,B54,Gadsden,48b34b87-69c2-467d-a88c-67aac910c539,SAMMS-GadsdenV5
202609032054004650,202609031904102285,202609031904101105,85,1375,Bronze INV,br_AdmissionAssessmentDimensionTwo,TASK_COMPLETE,SUCCESS,INFO,493,493,0,,2026-09-03T19:04:17.619Z,2026-09-03T20:54:05.052Z,6588,2026-09-03T20:54:05.052Z,B55,Shoals,48b34b87-69c2-467d-a88c-67aac910c539,SAMMS-ShoalsV5
202609032054004651,202609031904102286,202609031904101105,85,1376,Bronze INV,br_AdmissionAssessmentDimensionTwo,TASK_COMPLETE,SUCCESS,INFO,175,175,0,,2026-09-03T19:04:17.619Z,2026-09-03T20:54:05.052Z,6588,2026-09-03T20:54:05.052Z,B57,Pawtucket,48b34b87-69c2-467d-a88c-67aac910c539,SAMMS-Pawtucket
202609032054004652,202609031904102287,202609031904101105,85,1377,Bronze INV,br_AdmissionAssessmentDimensionTwo,TASK_COMPLETE,SUCCESS,INFO,173,173,0,,2026-09-03T19:04:17.619Z,2026-09-03T20:54:05.052Z,6588,2026-09-03T20:54:05.052Z,B57A,Johnston,48b34b87-69c2-467d-a88c-67aac910c539,SAMMS-Johnston
202609032054004654,202609031904102288,202609031904101105,85,1378,Bronze INV,br_AdmissionAssessmentDimensionTwo,TASK_COMPLETE,SUCCESS,INFO,92,92,0,,2026-09-03T19:04:17.619Z,2026-09-03T20:54:05.052Z,6588,2026-09-03T20:54:05.052Z,B57B,Middletown,48b34b87-69c2-467d-a88c-67aac910c539,SAMMS-Middletown
202609032054004655,202609031904102289,202609031904101105,85,1379,Bronze INV,br_AdmissionAssessmentDimensionTwo,TASK_COMPLETE,SUCCESS,INFO,182,182,0,,2026-09-03T19:04:17.619Z,2026-09-03T20:54:05.052Z,6588,2026-09-03T20:54:05.052Z,B57C,Providence,48b34b87-69c2-467d-a88c-67aac910c539,SAMMS-Providence
202609032054004656,202609031904102290,202609031904101105,85,1380,Bronze INV,br_AdmissionAssessmentDimensionTwo,TASK_COMPLETE,SUCCESS,INFO,261,261,0,,2026-09-03T19:04:17.619Z,2026-09-03T20:54:05.052Z,6588,2026-09-03T20:54:05.052Z,B57D,Westerly,48b34b87-69c2-467d-a88c-67aac910c539,SAMMS-Westerly
202609032054004657,202609031904102291,202609031904101105,85,1384,Bronze INV,br_AdmissionAssessmentDimensionTwo,TASK_COMPLETE,SUCCESS,INFO,365,365,0,,2026-09-03T19:04:17.619Z,2026-09-03T20:54:05.052Z,6588,2026-09-03T20:54:05.052Z,B66A,Bremen,48b34b87-69c2-467d-a88c-67aac910c539,SAMMS-Bremen
202609032054004658,202609031904102292,202609031904101105,85,1387,Bronze INV,br_AdmissionAssessmentDimensionTwo,TASK_COMPLETE,SUCCESS,INFO,16,16,0,,2026-09-03T19:04:17.619Z,2026-09-03T20:54:05.052Z,6588,2026-09-03T20:54:05.052Z,B72,Mobile (OBOT),48b34b87-69c2-467d-a88c-67aac910c539,SAMMS-Mobile-OBOT
202609032054004659,202609031904102293,202609031904101105,85,1388,Bronze INV,br_AdmissionAssessmentDimensionTwo,TASK_COMPLETE,SUCCESS,INFO,5,5,0,,2026-09-03T19:04:17.619Z,2026-09-03T20:54:05.052Z,6588,2026-09-03T20:54:05.052Z,B73,Montgomery,48b34b87-69c2-467d-a88c-67aac910c539,SAMMS-Montgomery
202609032054004660,202609031904102294,202609031904101105,85,1389,Bronze INV,br_AdmissionAssessmentDimensionTwo,TASK_COMPLETE,SUCCESS,INFO,324,324,0,,2026-09-03T19:04:17.619Z,2026-09-03T20:54:05.052Z,6588,2026-09-03T20:54:05.052Z,B75,Lawrence,48b34b87-69c2-467d-a88c-67aac910c539,SAMMS-LawrenceV6
202609032054004662,202609031904102295,202609031904101105,85,1390,Bronze INV,br_AdmissionAssessmentDimensionTwo,TASK_COMPLETE,SUCCESS,INFO,51,51,0,,2026-09-03T19:04:17.619Z,2026-09-03T20:54:05.052Z,6588,2026-09-03T20:54:05.052Z,B76,Huntsville OBOT,48b34b87-69c2-467d-a88c-67aac910c539,SAMMS-Huntsville-OBOT
202609032054004663,202609031904102296,202609031904101105,85,1391,Bronze INV,br_AdmissionAssessmentDimensionTwo,TASK_COMPLETE,SUCCESS,INFO,304,304,0,,2026-09-03T19:04:17.619Z,2026-09-03T20:54:05.052Z,6588,2026-09-03T20:54:05.052Z,BAT,Batesville,48b34b87-69c2-467d-a88c-67aac910c539,SAMMS-Batesville
202609032054004664,202609031904102297,202609031904101105,85,1392,Bronze INV,br_AdmissionAssessmentDimensionTwo,TASK_COMPLETE,SUCCESS,INFO,238,238,0,,2026-09-03T19:04:17.619Z,2026-09-03T20:54:05.052Z,6588,2026-09-03T20:54:05.052Z,BG,Bowling Green,48b34b87-69c2-467d-a88c-67aac910c539,SAMMS-BowlingGreen
202609032054004665,202609031904102298,202609031904101105,85,1393,Bronze INV,br_AdmissionAssessmentDimensionTwo,TASK_COMPLETE,SUCCESS,INFO,223,223,0,,2026-09-03T19:04:17.619Z,2026-09-03T20:54:05.052Z,6588,2026-09-03T20:54:05.052Z,BOI,Boise,48b34b87-69c2-467d-a88c-67aac910c539,SAMMS-Boise
202609032054004667,202609031904102299,202609031904101105,85,1400,Bronze INV,br_AdmissionAssessmentDimensionTwo,TASK_COMPLETE,SUCCESS,INFO,288,288,0,,2026-09-03T19:04:17.619Z,2026-09-03T20:54:05.052Z,6588,2026-09-03T20:54:05.052Z,CBCO,Coeur dAlene,48b34b87-69c2-467d-a88c-67aac910c539,SAMMS-CoeurdAleneV6
202609032054004668,202609031904102300,202609031904101105,85,1419,Bronze INV,br_AdmissionAssessmentDimensionTwo,TASK_COMPLETE,SUCCESS,INFO,307,307,0,,2026-09-03T19:04:17.619Z,2026-09-03T20:54:05.052Z,6588,2026-09-03T20:54:05.052Z,CON,Conway,48b34b87-69c2-467d-a88c-67aac910c539,SAMMS-Conway
202609032054004669,202609031904102301,202609031904101105,85,1420,Bronze INV,br_AdmissionAssessmentDimensionTwo,TASK_COMPLETE,SUCCESS,INFO,1572,1572,0,,2026-09-03T19:04:17.619Z,2026-09-03T20:54:05.052Z,6588,2026-09-03T20:54:05.052Z,D07,Medical Services Knox TN,48b34b87-69c2-467d-a88c-67aac910c539,SAMMS-KnoxvilleV6
202609032054004671,202609031904102302,202609031904101105,85,1421,Bronze INV,br_AdmissionAssessmentDimensionTwo,TASK_COMPLETE,SUCCESS,INFO,979,979,0,,2026-09-03T19:04:17.619Z,2026-09-03T20:54:05.052Z,6588,2026-09-03T20:54:05.052Z,D08,Madison,48b34b87-69c2-467d-a88c-67aac910c539,SAMMS-MadisonV6
202609032054004672,202609031904102303,202609031904101105,85,1423,Bronze INV,br_AdmissionAssessmentDimensionTwo,TASK_COMPLETE,SUCCESS,INFO,948,948,0,,2026-09-03T19:04:17.619Z,2026-09-03T20:54:05.052Z,6588,2026-09-03T20:54:05.052Z,D09,Murfreesboro,48b34b87-69c2-467d-a88c-67aac910c539,SAMMS-MurfreesboroV6
202609032054004673,202609031904102304,202609031904101105,85,1424,Bronze INV,br_AdmissionAssessmentDimensionTwo,TASK_COMPLETE,SUCCESS,INFO,222,222,0,,2026-09-03T19:04:17.619Z,2026-09-03T20:54:05.052Z,6588,2026-09-03T20:54:05.052Z,DA,Davenport,48b34b87-69c2-467d-a88c-67aac910c539,SAMMS-Davenport
202609032054004674,202609031904102305,202609031904101105,85,1425,Bronze INV,br_AdmissionAssessmentDimensionTwo,TASK_COMPLETE,SUCCESS,INFO,357,357,0,,2026-09-03T19:04:17.619Z,2026-09-03T20:54:05.052Z,6588,2026-09-03T20:54:05.052Z,DM,Des Moines,48b34b87-69c2-467d-a88c-67aac910c539,SAMMS-DesMoines
202609032054004675,202609031904102306,202609031904101105,85,1427,Bronze INV,br_AdmissionAssessmentDimensionTwo,TASK_COMPLETE,SUCCESS,INFO,481,481,0,,2026-09-03T19:04:17.619Z,2026-09-03T20:54:05.052Z,6588,2026-09-03T20:54:05.052Z,DRD-CO,Columbia MO,48b34b87-69c2-467d-a88c-67aac910c539,SAMMS-ColumbiaV5
202609032054004677,202609031904102307,202609031904101105,85,1428,Bronze INV,br_AdmissionAssessmentDimensionTwo,TASK_COMPLETE,SUCCESS,INFO,597,597,0,,2026-09-03T19:04:17.619Z,2026-09-03T20:54:05.052Z,6588,2026-09-03T20:54:05.052Z,DRD-KC,KC,48b34b87-69c2-467d-a88c-67aac910c539,SAMMS-KCv5
202609032054004678,202609031904102308,202609031904101105,85,1429,Bronze INV,br_AdmissionAssessmentDimensionTwo,TASK_COMPLETE,SUCCESS,INFO,951,951,0,,2026-09-03T19:04:17.619Z,2026-09-03T20:54:05.052Z,6588,2026-09-03T20:54:05.052Z,DRD-KVB,KVB,48b34b87-69c2-467d-a88c-67aac910c539,SAMMS-KVBv5
202609032054004679,202609031904102309,202609031904101105,85,1430,Bronze INV,br_AdmissionAssessmentDimensionTwo,TASK_COMPLETE,SUCCESS,INFO,1580,1580,0,,2026-09-03T19:04:17.619Z,2026-09-03T20:54:05.052Z,6588,2026-09-03T20:54:05.052Z,DRD-KVC,KVC,48b34b87-69c2-467d-a88c-67aac910c539,SAMMS-KVCv5
202609032054004680,202609031904102310,202609031904101105,85,1431,Bronze INV,br_AdmissionAssessmentDimensionTwo,TASK_COMPLETE,SUCCESS,INFO,1257,1257,0,,2026-09-03T19:04:17.619Z,2026-09-03T20:54:05.052Z,6588,2026-09-03T20:54:05.052Z,DRD-NOLA,NOLA,48b34b87-69c2-467d-a88c-67aac910c539,SAMMS-NOLAv5
202609032054004681,202609031904102311,202609031904101105,85,1432,Bronze INV,br_AdmissionAssessmentDimensionTwo,TASK_COMPLETE,SUCCESS,INFO,759,759,0,,2026-09-03T19:04:17.619Z,2026-09-03T20:54:05.052Z,6588,2026-09-03T20:54:05.052Z,DRD-SF,Springfield,48b34b87-69c2-467d-a88c-67aac910c539,SAMMS-SFv5
202609032054004682,202609031904102312,202609031904101105,85,1434,Bronze INV,br_AdmissionAssessmentDimensionTwo,TASK_COMPLETE,SUCCESS,INFO,254,254,0,,2026-09-03T19:04:17.619Z,2026-09-03T20:54:05.052Z,6588,2026-09-03T20:54:05.052Z,ELC,Elizabeth City,48b34b87-69c2-467d-a88c-67aac910c539,SAMMS-ElizabethCity
202609032054004683,202609031904102313,202609031904101105,85,1435,Bronze INV,br_AdmissionAssessmentDimensionTwo,TASK_COMPLETE,SUCCESS,INFO,264,264,0,,2026-09-03T19:04:17.619Z,2026-09-03T20:54:05.052Z,6588,2026-09-03T20:54:05.052Z,ET,Elizabethtown,48b34b87-69c2-467d-a88c-67aac910c539,SAMMS-Elizabethtown
202609032054004684,202609031904102314,202609031904101105,85,1436,Bronze INV,br_AdmissionAssessmentDimensionTwo,TASK_COMPLETE,SUCCESS,INFO,234,234,0,,2026-09-03T19:04:17.619Z,2026-09-03T20:54:05.052Z,6588,2026-09-03T20:54:05.052Z,FAY,Fayetteville,48b34b87-69c2-467d-a88c-67aac910c539,SAMMS-Fayetteville
202609032054004686,202609031904102315,202609031904101105,85,1437,Bronze INV,br_AdmissionAssessmentDimensionTwo,TASK_COMPLETE,SUCCESS,INFO,179,179,0,,2026-09-03T19:04:17.619Z,2026-09-03T20:54:05.052Z,6588,2026-09-03T20:54:05.052Z,FR,Frankfort,48b34b87-69c2-467d-a88c-67aac910c539,SAMMS-Frankfort
202609032054004687,202609031904102316,202609031904101105,85,1438,Bronze INV,br_AdmissionAssessmentDimensionTwo,TASK_COMPLETE,SUCCESS,INFO,284,284,0,,2026-09-03T19:04:17.619Z,2026-09-03T20:54:05.052Z,6588,2026-09-03T20:54:05.052Z,FS,Fort Smith,48b34b87-69c2-467d-a88c-67aac910c539,SAMMS-FortSmith
202609032054004688,202609031904102317,202609031904101105,85,1439,Bronze INV,br_AdmissionAssessmentDimensionTwo,TASK_COMPLETE,SUCCESS,INFO,686,686,0,,2026-09-03T19:04:17.619Z,2026-09-03T20:54:05.052Z,6588,2026-09-03T20:54:05.052Z,FW,Fort Wayne,48b34b87-69c2-467d-a88c-67aac910c539,SAMMS-FortWayne
202609032054004689,202609031904102318,202609031904101105,85,1440,Bronze INV,br_AdmissionAssessmentDimensionTwo,TASK_COMPLETE,SUCCESS,INFO,106,106,0,,2026-09-03T19:04:17.619Z,2026-09-03T20:54:05.052Z,6588,2026-09-03T20:54:05.052Z,GAL,Gaylord,48b34b87-69c2-467d-a88c-67aac910c539,SAMMS-Gaylord
202609032054004690,202609031904102319,202609031904101105,85,1444,Bronze INV,br_AdmissionAssessmentDimensionTwo,TASK_COMPLETE,SUCCESS,INFO,628,628,0,,2026-09-03T19:04:17.619Z,2026-09-03T20:54:05.052Z,6588,2026-09-03T20:54:05.052Z,HGT,Hagerstown,48b34b87-69c2-467d-a88c-67aac910c539,SAMMS-Hagerstown
202609032054004691,202609031904102320,202609031904101105,85,1445,Bronze INV,br_AdmissionAssessmentDimensionTwo,TASK_COMPLETE,SUCCESS,INFO,489,489,0,,2026-09-03T19:04:17.619Z,2026-09-03T20:54:05.052Z,6588,2026-09-03T20:54:05.052Z,HNT,Huntsville,48b34b87-69c2-467d-a88c-67aac910c539,SAMMS-Huntsville
202609032054004692,202609031904102321,202609031904101105,85,1446,Bronze INV,br_AdmissionAssessmentDimensionTwo,TASK_COMPLETE,SUCCESS,INFO,316,316,0,,2026-09-03T19:04:17.619Z,2026-09-03T20:54:05.052Z,6588,2026-09-03T20:54:05.052Z,HS,Hot Springs,48b34b87-69c2-467d-a88c-67aac910c539,SAMMS-HotSprings
202609032054004694,202609031904102322,202609031904101105,85,1447,Bronze INV,br_AdmissionAssessmentDimensionTwo,TASK_COMPLETE,SUCCESS,INFO,268,268,0,,2026-09-03T19:04:17.619Z,2026-09-03T20:54:05.052Z,6588,2026-09-03T20:54:05.052Z,JON,Jonesboro,48b34b87-69c2-467d-a88c-67aac910c539,SAMMS-Jonesboro
202609032054004695,202609031904102323,202609031904101105,85,1449,Bronze INV,br_AdmissionAssessmentDimensionTwo,TASK_COMPLETE,SUCCESS,INFO,159,159,0,,2026-09-03T19:04:17.619Z,2026-09-03T20:54:05.052Z,6588,2026-09-03T20:54:05.052Z,LAN,Lansing,48b34b87-69c2-467d-a88c-67aac910c539,SAMMS-Lansing
202609032054004696,202609031904102324,202609031904101105,85,1450,Bronze INV,br_AdmissionAssessmentDimensionTwo,TASK_COMPLETE,SUCCESS,INFO,429,429,0,,2026-09-03T19:04:17.619Z,2026-09-03T20:54:05.052Z,6588,2026-09-03T20:54:05.052Z,LO,Louisville,48b34b87-69c2-467d-a88c-67aac910c539,SAMMS-Louisville
202609032054004697,202609031904102325,202609031904101105,85,1451,Bronze INV,br_AdmissionAssessmentDimensionTwo,TASK_COMPLETE,SUCCESS,INFO,1170,1170,0,,2026-09-03T19:04:17.619Z,2026-09-03T20:54:05.052Z,6588,2026-09-03T20:54:05.052Z,LV1,Cheyenne,48b34b87-69c2-467d-a88c-67aac910c539,SAMMS-Cheyenne
202609032054004698,202609031904102326,202609031904101105,85,1452,Bronze INV,br_AdmissionAssessmentDimensionTwo,TASK_COMPLETE,SUCCESS,INFO,945,945,0,,2026-09-03T19:04:17.619Z,2026-09-03T20:54:05.052Z,6588,2026-09-03T20:54:05.052Z,LV2,Desert Inn,48b34b87-69c2-467d-a88c-67aac910c539,SAMMS-DesertInn
202609032054004699,202609031904102327,202609031904101105,85,1453,Bronze INV,br_AdmissionAssessmentDimensionTwo,TASK_COMPLETE,SUCCESS,INFO,311,311,0,,2026-09-03T19:04:17.619Z,2026-09-03T20:54:05.052Z,6588,2026-09-03T20:54:05.052Z,LV3,McDaniel,48b34b87-69c2-467d-a88c-67aac910c539,SAMMS-McDaniel
202609032054004700,202609031904102328,202609031904101105,85,1456,Bronze INV,br_AdmissionAssessmentDimensionTwo,TASK_COMPLETE,SUCCESS,INFO,271,271,0,,2026-09-03T19:04:17.619Z,2026-09-03T20:54:05.052Z,6588,2026-09-03T20:54:05.052Z,MNRE,Monroe,48b34b87-69c2-467d-a88c-67aac910c539,SAMMS-Monroe
202609032054004702,202609031904102329,202609031904101105,85,1457,Bronze INV,br_AdmissionAssessmentDimensionTwo,TASK_COMPLETE,SUCCESS,INFO,133,133,0,,2026-09-03T19:04:17.619Z,2026-09-03T20:54:05.052Z,6588,2026-09-03T20:54:05.052Z,MP,Mt. Pleasant,48b34b87-69c2-467d-a88c-67aac910c539,SAMMS-MtPleasant
202609032054005905,202609031904103350,202609031904101105,85,3645,Bronze INV,br_ReAssessmentMentalHealth,TASK_COMPLETE,SUCCESS,INFO,156,156,0,,2026-09-03T19:04:17.619Z,2026-09-03T20:54:05.052Z,6588,2026-09-03T20:54:05.052Z,FR,Frankfort,48b34b87-69c2-467d-a88c-67aac910c539,SAMMS-Frankfort
202609032054005906,202609031904103351,202609031904101105,85,3646,Bronze INV,br_ReAssessmentMentalHealth,TASK_COMPLETE,SUCCESS,INFO,0,0,0,,2026-09-03T19:04:17.619Z,2026-09-03T20:54:05.052Z,6588,2026-09-03T20:54:05.052Z,FS,Fort Smith,48b34b87-69c2-467d-a88c-67aac910c539,SAMMS-FortSmith
202609032054005908,202609031904103352,202609031904101105,85,3647,Bronze INV,br_ReAssessmentMentalHealth,TASK_COMPLETE,SUCCESS,INFO,469,469,0,,2026-09-03T19:04:17.619Z,2026-09-03T20:54:05.052Z,6588,2026-09-03T20:54:05.052Z,FW,Fort Wayne,48b34b87-69c2-467d-a88c-67aac910c539,SAMMS-FortWayne
202609032054005909,202609031904103353,202609031904101105,85,3648,Bronze INV,br_ReAssessmentMentalHealth,TASK_COMPLETE,SUCCESS,INFO,276,276,0,,2026-09-03T19:04:17.619Z,2026-09-03T20:54:05.052Z,6588,2026-09-03T20:54:05.052Z,GAL,Gaylord,48b34b87-69c2-467d-a88c-67aac910c539,SAMMS-Gaylord
202609032054005910,202609031904103354,202609031904101105,85,3652,Bronze INV,br_ReAssessmentMentalHealth,TASK_COMPLETE,SUCCESS,INFO,100,100,0,,2026-09-03T19:04:17.619Z,2026-09-03T20:54:05.052Z,6588,2026-09-03T20:54:05.052Z,HGT,Hagerstown,48b34b87-69c2-467d-a88c-67aac910c539,SAMMS-Hagerstown
202609032054005911,202609031904103355,202609031904101105,85,3653,Bronze INV,br_ReAssessmentMentalHealth,TASK_COMPLETE,SUCCESS,INFO,1724,1724,0,,2026-09-03T19:04:17.619Z,2026-09-03T20:54:05.052Z,6588,2026-09-03T20:54:05.052Z,HNT,Huntsville,48b34b87-69c2-467d-a88c-67aac910c539,SAMMS-Huntsville
202609032054005912,202609031904103356,202609031904101105,85,3654,Bronze INV,br_ReAssessmentMentalHealth,TASK_COMPLETE,SUCCESS,INFO,0,0,0,,2026-09-03T19:04:17.619Z,2026-09-03T20:54:05.052Z,6588,2026-09-03T20:54:05.052Z,HS,Hot Springs,48b34b87-69c2-467d-a88c-67aac910c539,SAMMS-HotSprings
202609032054005913,202609031904103357,202609031904101105,85,3655,Bronze INV,br_ReAssessmentMentalHealth,TASK_COMPLETE,SUCCESS,INFO,0,0,0,,2026-09-03T19:04:17.619Z,2026-09-03T20:54:05.052Z,6588,2026-09-03T20:54:05.052Z,JON,Jonesboro,48b34b87-69c2-467d-a88c-67aac910c539,SAMMS-Jonesboro
202609032054005915,202609031904103358,202609031904101105,85,3657,Bronze INV,br_ReAssessmentMentalHealth,TASK_COMPLETE,SUCCESS,INFO,448,448,0,,2026-09-03T19:04:17.619Z,2026-09-03T20:54:05.052Z,6588,2026-09-03T20:54:05.052Z,LAN,Lansing,48b34b87-69c2-467d-a88c-67aac910c539,SAMMS-Lansing
202609032054005916,202609031904103359,202609031904101105,85,3658,Bronze INV,br_ReAssessmentMentalHealth,TASK_COMPLETE,SUCCESS,INFO,1289,1289,0,,2026-09-03T19:04:17.619Z,2026-09-03T20:54:05.052Z,6588,2026-09-03T20:54:05.052Z,LO,Louisville,48b34b87-69c2-467d-a88c-67aac910c539,SAMMS-Louisville
202609032054005917,202609031904103360,202609031904101105,85,3659,Bronze INV,br_ReAssessmentMentalHealth,TASK_COMPLETE,SUCCESS,INFO,291,291,0,,2026-09-03T19:04:17.619Z,2026-09-03T20:54:05.052Z,6588,2026-09-03T20:54:05.052Z,LV1,Cheyenne,48b34b87-69c2-467d-a88c-67aac910c539,SAMMS-Cheyenne
202609032054005918,202609031904103361,202609031904101105,85,3660,Bronze INV,br_ReAssessmentMentalHealth,TASK_COMPLETE,SUCCESS,INFO,205,205,0,,2026-09-03T19:04:17.619Z,2026-09-03T20:54:05.052Z,6588,2026-09-03T20:54:05.052Z,LV2,Desert Inn,48b34b87-69c2-467d-a88c-67aac910c539,SAMMS-DesertInn
202609032054005919,202609031904103362,202609031904101105,85,3661,Bronze INV,br_ReAssessmentMentalHealth,TASK_COMPLETE,SUCCESS,INFO,110,110,0,,2026-09-03T19:04:17.619Z,2026-09-03T20:54:05.052Z,6588,2026-09-03T20:54:05.052Z,LV3,McDaniel,48b34b87-69c2-467d-a88c-67aac910c539,SAMMS-McDaniel
202609032054005921,202609031904103363,202609031904101105,85,3664,Bronze INV,br_ReAssessmentMentalHealth,TASK_COMPLETE,SUCCESS,INFO,357,357,0,,2026-09-03T19:04:17.619Z,2026-09-03T20:54:05.052Z,6588,2026-09-03T20:54:05.052Z,MNRE,Monroe,48b34b87-69c2-467d-a88c-67aac910c539,SAMMS-Monroe
202609032054005922,202609031904103364,202609031904101105,85,3665,Bronze INV,br_ReAssessmentMentalHealth,TASK_COMPLETE,SUCCESS,INFO,1425,1425,0,,2026-09-03T19:04:17.619Z,2026-09-03T20:54:05.052Z,6588,2026-09-03T20:54:05.052Z,MP,Mt. Pleasant,48b34b87-69c2-467d-a88c-67aac910c539,SAMMS-MtPleasant
202609032054005923,202609031904103365,202609031904101105,85,3666,Bronze INV,br_ReAssessmentMentalHealth,TASK_COMPLETE,SUCCESS,INFO,153,153,0,,2026-09-03T19:04:17.619Z,2026-09-03T20:54:05.052Z,6588,2026-09-03T20:54:05.052Z,MRD,Meridian,48b34b87-69c2-467d-a88c-67aac910c539,SAMMS-Meridian
202609032054005924,202609031904103366,202609031904101105,85,3671,Bronze INV,br_ReAssessmentMentalHealth,TASK_COMPLETE,SUCCESS,INFO,694,694,0,,2026-09-03T19:04:17.619Z,2026-09-03T20:54:05.052Z,6588,2026-09-03T20:54:05.052Z,NC,North Charleston,48b34b87-69c2-467d-a88c-67aac910c539,SAMMS-NorthCharleston
202609032054005925,202609031904103367,202609031904101105,85,3672,Bronze INV,br_ReAssessmentMentalHealth,TASK_COMPLETE,SUCCESS,INFO,0,0,0,,2026-09-03T19:04:17.619Z,2026-09-03T20:54:05.052Z,6588,2026-09-03T20:54:05.052Z,NLR,N. Little Rock,48b34b87-69c2-467d-a88c-67aac910c539,SAMMS-NLROBOT
202609032054005927,202609031904103368,202609031904101105,85,3673,Bronze INV,br_ReAssessmentMentalHealth,TASK_COMPLETE,SUCCESS,INFO,111,111,0,,2026-09-03T19:04:17.619Z,2026-09-03T20:54:05.052Z,6588,2026-09-03T20:54:05.052Z,PH,Phoenix,48b34b87-69c2-467d-a88c-67aac910c539,SAMMS-Phoenix
202609032054005928,202609031904103369,202609031904101105,85,3677,Bronze INV,br_ReAssessmentMentalHealth,TASK_COMPLETE,SUCCESS,INFO,214,214,0,,2026-09-03T19:04:17.619Z,2026-09-03T20:54:05.052Z,6588,2026-09-03T20:54:05.052Z,RE,Reno,48b34b87-69c2-467d-a88c-67aac910c539,SAMMS-Reno
202609032054005929,202609031904103370,202609031904101105,85,3678,Bronze INV,br_ReAssessmentMentalHealth,TASK_COMPLETE,SUCCESS,INFO,88,88,0,,2026-09-03T19:04:17.619Z,2026-09-03T20:54:05.052Z,6588,2026-09-03T20:54:05.052Z,RMD,Richmond,48b34b87-69c2-467d-a88c-67aac910c539,SAMMS-Richmond
202609032054005930,202609031904103371,202609031904101105,85,3679,Bronze INV,br_ReAssessmentMentalHealth,TASK_COMPLETE,SUCCESS,INFO,592,592,0,,2026-09-03T19:04:17.619Z,2026-09-03T20:54:05.052Z,6588,2026-09-03T20:54:05.052Z,SFN,Springfield North,48b34b87-69c2-467d-a88c-67aac910c539,SAMMS-SFNv5
202609032054005931,202609031904103372,202609031904101105,85,3680,Bronze INV,br_ReAssessmentMentalHealth,TASK_COMPLETE,SUCCESS,INFO,767,767,0,,2026-09-03T19:04:17.619Z,2026-09-03T20:54:05.052Z,6588,2026-09-03T20:54:05.052Z,SHP,Shreveport,48b34b87-69c2-467d-a88c-67aac910c539,SAMMS-Shreveport
202609032054005932,202609031904103373,202609031904101105,85,3682,Bronze INV,br_ReAssessmentMentalHealth,TASK_COMPLETE,SUCCESS,INFO,486,486,0,,2026-09-03T19:04:17.619Z,2026-09-03T20:54:05.052Z,6588,2026-09-03T20:54:05.052Z,STN,Staunton,48b34b87-69c2-467d-a88c-67aac910c539,SAMMS-Staunton
202609032054005934,202609031904103374,202609031904101105,85,3683,Bronze INV,br_ReAssessmentMentalHealth,TASK_COMPLETE,SUCCESS,INFO,225,225,0,,2026-09-03T19:04:17.619Z,2026-09-03T20:54:05.052Z,6588,2026-09-03T20:54:05.052Z,STVN,Stevenson,48b34b87-69c2-467d-a88c-67aac910c539,SAMMS-Stevenson
202609032054005935,202609031904103375,202609031904101105,85,3685,Bronze INV,br_ReAssessmentMentalHealth,TASK_COMPLETE,SUCCESS,INFO,174,174,0,,2026-09-03T19:04:17.619Z,2026-09-03T20:54:05.052Z,6588,2026-09-03T20:54:05.052Z,TE,Tempe,48b34b87-69c2-467d-a88c-67aac910c539,SAMMS-Tempe
202609032054005936,202609031904103376,202609031904101105,85,3686,Bronze INV,br_ReAssessmentMentalHealth,TASK_COMPLETE,SUCCESS,INFO,0,0,0,,2026-09-03T19:04:17.619Z,2026-09-03T20:54:05.052Z,6588,2026-09-03T20:54:05.052Z,TEX,Texarkana,48b34b87-69c2-467d-a88c-67aac910c539,SAMMS-Texarkana
202609032054005937,202609031904103377,202609031904101105,85,3687,Bronze INV,br_ReAssessmentMentalHealth,TASK_COMPLETE,SUCCESS,INFO,1077,1077,0,,2026-09-03T19:04:17.619Z,2026-09-03T20:54:05.052Z,6588,2026-09-03T20:54:05.052Z,TTCA,Bessemer,48b34b87-69c2-467d-a88c-67aac910c539,SAMMS-BessemerV5
202609032054005938,202609031904103378,202609031904101105,85,3688,Bronze INV,br_ReAssessmentMentalHealth,TASK_COMPLETE,SUCCESS,INFO,1316,1316,0,,2026-09-03T19:04:17.619Z,2026-09-03T20:54:05.052Z,6588,2026-09-03T20:54:05.052Z,TTCB,Cullman,48b34b87-69c2-467d-a88c-67aac910c539,SAMMS-CullmanV5
202609032054005939,202609031904103379,202609031904101105,85,3689,Bronze INV,br_ReAssessmentMentalHealth,TASK_COMPLETE,SUCCESS,INFO,945,945,0,,2026-09-03T19:04:17.619Z,2026-09-03T20:54:05.052Z,6588,2026-09-03T20:54:05.052Z,TTCC,Grand Bay,48b34b87-69c2-467d-a88c-67aac910c539,SAMMS-GrandBay
202609032054005940,202609031904103380,202609031904101105,85,3690,Bronze INV,br_ReAssessmentMentalHealth,TASK_COMPLETE,SUCCESS,INFO,15,15,0,,2026-09-03T19:04:17.619Z,2026-09-03T20:54:05.052Z,6588,2026-09-03T20:54:05.052Z,TU,Tucson,48b34b87-69c2-467d-a88c-67aac910c539,SAMMS-Tucson
202609032054005942,202609031904103381,202609031904101105,85,3692,Bronze INV,br_ReAssessmentMentalHealth,TASK_COMPLETE,SUCCESS,INFO,660,660,0,,2026-09-03T19:04:17.619Z,2026-09-03T20:54:05.052Z,6588,2026-09-03T20:54:05.052Z,V1,Memphis South,48b34b87-69c2-467d-a88c-67aac910c539,SAMMS-VCPHCS-I-MemphisV5
202609032054005943,202609031904103382,202609031904101105,85,3693,Bronze INV,br_ReAssessmentMentalHealth,TASK_COMPLETE,SUCCESS,INFO,1630,1630,0,,2026-09-03T19:04:17.619Z,2026-09-03T20:54:05.052Z,6588,2026-09-03T20:54:05.052Z,V10,Longmont,48b34b87-69c2-467d-a88c-67aac910c539,SAMMS-BoulderV5
202609032054005944,202609031904103383,202609031904101105,85,3694,Bronze INV,br_ReAssessmentMentalHealth,TASK_COMPLETE,SUCCESS,INFO,1516,1516,0,,2026-09-03T19:04:17.619Z,2026-09-03T20:54:05.052Z,6588,2026-09-03T20:54:05.052Z,V10A,Fort Collins,48b34b87-69c2-467d-a88c-67aac910c539,SAMMS-FortCollinsV5
202609032054005945,202609031904103384,202609031904101105,85,3695,Bronze INV,br_ReAssessmentMentalHealth,TASK_COMPLETE,SUCCESS,INFO,2871,2871,0,,2026-09-03T19:04:17.619Z,2026-09-03T20:54:05.052Z,6588,2026-09-03T20:54:05.052Z,V11,Westminster,48b34b87-69c2-467d-a88c-67aac910c539,SAMMS-VCPHCS-XI-NorthDenverV5
202609032054005946,202609031904103385,202609031904101105,85,3696,Bronze INV,br_ReAssessmentMentalHealth,TASK_COMPLETE,SUCCESS,INFO,3042,3042,0,,2026-09-03T19:04:17.619Z,2026-09-03T20:54:05.052Z,6588,2026-09-03T20:54:05.052Z,V12,Downtown Denver,48b34b87-69c2-467d-a88c-67aac910c539,SAMMS-VCPHCS-XII-DowntownDenverV5
202609032054005947,202609031904103386,202609031904101105,85,3697,Bronze INV,br_ReAssessmentMentalHealth,TASK_COMPLETE,SUCCESS,INFO,1143,1143,0,,2026-09-03T19:04:17.619Z,2026-09-03T20:54:05.052Z,6588,2026-09-03T20:54:05.052Z,V12A,Centennial,48b34b87-69c2-467d-a88c-67aac910c539,SAMMS-CentennialV5
202609032054005949,202609031904103387,202609031904101105,85,3698,Bronze INV,br_ReAssessmentMentalHealth,TASK_COMPLETE,SUCCESS,INFO,295,295,0,,2026-09-03T19:04:17.619Z,2026-09-03T20:54:05.052Z,6588,2026-09-03T20:54:05.052Z,V14,Overland Park,48b34b87-69c2-467d-a88c-67aac910c539,SAMMS-VCPHCS-XIV-BridgewayV5
202609032054005950,202609031904103388,202609031904101105,85,3699,Bronze INV,br_ReAssessmentMentalHealth,TASK_COMPLETE,SUCCESS,INFO,609,609,0,,2026-09-03T19:04:17.619Z,2026-09-03T20:54:05.052Z,6588,2026-09-03T20:54:05.052Z,V15,Joplin,48b34b87-69c2-467d-a88c-67aac910c539,SAMMS-JoplinV5
202609032054005951,202609031904103389,202609031904101105,85,3701,Bronze INV,br_ReAssessmentMentalHealth,TASK_COMPLETE,SUCCESS,INFO,906,906,0,,2026-09-03T19:04:17.619Z,2026-09-03T20:54:05.052Z,6588,2026-09-03T20:54:05.052Z,V17,Columbia TN,48b34b87-69c2-467d-a88c-67aac910c539,SAMMS-ColumbiaTNv5
202609032054005952,202609031904103390,202609031904101105,85,3703,Bronze INV,br_ReAssessmentMentalHealth,TASK_COMPLETE,SUCCESS,INFO,533,533,0,,2026-09-03T19:04:17.619Z,2026-09-03T20:54:05.052Z,6588,2026-09-03T20:54:05.052Z,V19,Jackson,48b34b87-69c2-467d-a88c-67aac910c539,SAMMS-JacksonV5
202609032054005953,202609031904103391,202609031904101105,85,3705,Bronze INV,br_ReAssessmentMentalHealth,TASK_COMPLETE,SUCCESS,INFO,1771,1771,0,,2026-09-03T19:04:17.619Z,2026-09-03T20:54:05.052Z,6588,2026-09-03T20:54:05.052Z,V20,Paris,48b34b87-69c2-467d-a88c-67aac910c539,SAMMS-ParisV5
202609032054005954,202609031904103392,202609031904101105,85,3706,Bronze INV,br_ReAssessmentMentalHealth,TASK_COMPLETE,SUCCESS,INFO,726,726,0,,2026-09-03T19:04:17.619Z,2026-09-03T20:54:05.052Z,6588,2026-09-03T20:54:05.052Z,V21,Memphis North,48b34b87-69c2-467d-a88c-67aac910c539,SAMMS-RaleighV5
202609032054005955,202609031904103393,202609031904101105,85,3709,Bronze INV,br_ReAssessmentMentalHealth,TASK_COMPLETE,SUCCESS,INFO,1780,1780,0,,2026-09-03T19:04:17.619Z,2026-09-03T20:54:05.052Z,6588,2026-09-03T20:54:05.052Z,V5,West Bank,48b34b87-69c2-467d-a88c-67aac910c539,SAMMS-NONTCv5
202609032054005957,202609031904103394,202609031904101105,85,3711,Bronze INV,br_ReAssessmentMentalHealth,TASK_COMPLETE,SUCCESS,INFO,145,145,0,,2026-09-03T19:04:17.619Z,2026-09-03T20:54:05.052Z,6588,2026-09-03T20:54:05.052Z,V5B,Houma,48b34b87-69c2-467d-a88c-67aac910c539,SAMMS-HoumaV6
202609032054005958,202609031904103395,202609031904101105,85,3712,Bronze INV,br_ReAssessmentMentalHealth,TASK_COMPLETE,SUCCESS,INFO,1913,1913,0,,2026-09-03T19:04:17.619Z,2026-09-03T20:54:05.052Z,6588,2026-09-03T20:54:05.052Z,V6,Lake Charles,48b34b87-69c2-467d-a88c-67aac910c539,SAMMS-LCv5
202609032054005959,202609031904103396,202609031904101105,85,3714,Bronze INV,br_ReAssessmentMentalHealth,TASK_COMPLETE,SUCCESS,INFO,742,742,0,,2026-09-03T19:04:17.619Z,2026-09-03T20:54:05.052Z,6588,2026-09-03T20:54:05.052Z,V8,Memphis Midtown,48b34b87-69c2-467d-a88c-67aac910c539,SAMMS-VCPHCS-VIII-MemphisV5
202609032054005960,202609031904103397,202609031904101105,85,3715,Bronze INV,br_ReAssessmentMentalHealth,TASK_COMPLETE,SUCCESS,INFO,1765,1765,0,,2026-09-03T19:04:17.619Z,2026-09-03T20:54:05.052Z,6588,2026-09-03T20:54:05.052Z,V9,Nashville,48b34b87-69c2-467d-a88c-67aac910c539,SAMMS-NashvilleV5
202609032054005961,202609031904103398,202609031904101105,85,3716,Bronze INV,br_ReAssessmentMentalHealth,TASK_COMPLETE,SUCCESS,INFO,839,839,0,,2026-09-03T19:04:17.619Z,2026-09-03T20:54:05.052Z,6588,2026-09-03T20:54:05.052Z,VBRA,Brainerd,48b34b87-69c2-467d-a88c-67aac910c539,SAMMS-BrainerdV6
202609032054005962,202609031904103399,202609031904101105,85,3717,Bronze INV,br_ReAssessmentMentalHealth,TASK_COMPLETE,SUCCESS,INFO,1961,1961,0,,2026-09-03T19:04:17.619Z,2026-09-03T20:54:05.052Z,6588,2026-09-03T20:54:05.052Z,VBRP,Brooklyn Park,48b34b87-69c2-467d-a88c-67aac910c539,SAMMS-BrooklynParkV6
202609032054005964,202609031904103400,202609031904101105,85,3719,Bronze INV,br_ReAssessmentMentalHealth,TASK_COMPLETE,SUCCESS,INFO,747,747,0,,2026-09-03T19:04:17.619Z,2026-09-03T20:54:05.052Z,6588,2026-09-03T20:54:05.052Z,VMIN,Minneapolis,48b34b87-69c2-467d-a88c-67aac910c539,SAMMS-MinneapolisV6
202609032054005965,202609031904103401,202609031904101105,85,3720,Bronze INV,br_ReAssessmentMentalHealth,TASK_COMPLETE,SUCCESS,INFO,885,885,0,,2026-09-03T19:04:17.619Z,2026-09-03T20:54:05.052Z,6588,2026-09-03T20:54:05.052Z,VWBY,Woodbury,48b34b87-69c2-467d-a88c-67aac910c539,SAMMS-WoodburyV6
202609032054005966,202609031904103402,202609031904101105,85,3722,Bronze INV,br_ReAssessmentMentalHealth,TASK_COMPLETE,SUCCESS,INFO,161,161,0,,2026-09-03T19:04:17.619Z,2026-09-03T20:54:05.052Z,6588,2026-09-03T20:54:05.052Z,WIL,Wilson,48b34b87-69c2-467d-a88c-67aac910c539,SAMMS-Wilson
202609032054005967,202609031904103403,202609031904101105,85,3910,Bronze INV,br_ReAssessmentPhysicalHealth,TASK_COMPLETE,SUCCESS,INFO,35,35,0,,2026-09-03T19:04:17.619Z,2026-09-03T20:54:05.052Z,6588,2026-09-03T20:54:05.052Z,AHK,Ahoskie,48b34b87-69c2-467d-a88c-67aac910c539,SAMMS-Ahoskie
202609032054005968,202609031904103404,202609031904101105,85,3911,Bronze INV,br_ReAssessmentPhysicalHealth,TASK_COMPLETE,SUCCESS,INFO,662,662,0,,2026-09-03T19:04:17.619Z,2026-09-03T20:54:05.052Z,6588,2026-09-03T20:54:05.052Z,B12B,Colorado Springs,48b34b87-69c2-467d-a88c-67aac910c539,SAMMS-ColoradoSpringsV5
202609032054005969,202609031904103405,202609031904101105,85,3912,Bronze INV,br_ReAssessmentPhysicalHealth,TASK_COMPLETE,SUCCESS,INFO,835,835,0,,2026-09-03T19:04:17.619Z,2026-09-03T20:54:05.052Z,6588,2026-09-03T20:54:05.052Z,B24,Paintsville,48b34b87-69c2-467d-a88c-67aac910c539,SAMMS-PaintsvilleV5
202609032054005971,202609031904103406,202609031904101105,85,3913,Bronze INV,br_ReAssessmentPhysicalHealth,TASK_COMPLETE,SUCCESS,INFO,646,646,0,,2026-09-03T19:04:17.619Z,2026-09-03T20:54:05.052Z,6588,2026-09-03T20:54:05.052Z,B25,Pikeville,48b34b87-69c2-467d-a88c-67aac910c539,SAMMS-PikevilleV5
202609032054005972,202609031904103407,202609031904101105,85,3914,Bronze INV,br_ReAssessmentPhysicalHealth,TASK_COMPLETE,SUCCESS,INFO,970,970,0,,2026-09-03T19:04:17.619Z,2026-09-03T20:54:05.052Z,6588,2026-09-03T20:54:05.052Z,B26,Hazard,48b34b87-69c2-467d-a88c-67aac910c539,SAMMS-HazardV5
202609032054005973,202609031904103408,202609031904101105,85,3915,Bronze INV,br_ReAssessmentPhysicalHealth,TASK_COMPLETE,SUCCESS,INFO,532,532,0,,2026-09-03T19:04:17.619Z,2026-09-03T20:54:05.052Z,6588,2026-09-03T20:54:05.052Z,B27,Savannah,48b34b87-69c2-467d-a88c-67aac910c539,SAMMS-SavannahV6
202609032054005974,202609031904103409,202609031904101105,85,3916,Bronze INV,br_ReAssessmentPhysicalHealth,TASK_COMPLETE,SUCCESS,INFO,246,246,0,,2026-09-03T19:04:17.619Z,2026-09-03T20:54:05.052Z,6588,2026-09-03T20:54:05.052Z,B28,West Plains,48b34b87-69c2-467d-a88c-67aac910c539,SAMMS-WestPlainesV5
202609032054005975,202609031904103410,202609031904101105,85,3917,Bronze INV,br_ReAssessmentPhysicalHealth,TASK_COMPLETE,SUCCESS,INFO,461,461,0,,2026-09-03T19:04:17.619Z,2026-09-03T20:54:05.052Z,6588,2026-09-03T20:54:05.052Z,B29,Poplar Bluff,48b34b87-69c2-467d-a88c-67aac910c539,SAMMS-PoplarBluffV5
202609032054005976,202609031904103411,202609031904101105,85,3918,Bronze INV,br_ReAssessmentPhysicalHealth,TASK_COMPLETE,SUCCESS,INFO,80,80,0,,2026-09-03T19:04:17.619Z,2026-09-03T20:54:05.052Z,6588,2026-09-03T20:54:05.052Z,B30,KC North,48b34b87-69c2-467d-a88c-67aac910c539,SAMMS-KCNv5
202609032054005977,202609031904103412,202609031904101105,85,3919,Bronze INV,br_ReAssessmentPhysicalHealth,TASK_COMPLETE,SUCCESS,INFO,400,400,0,,2026-09-03T19:04:17.619Z,2026-09-03T20:54:05.052Z,6588,2026-09-03T20:54:05.052Z,B31,Dyersburg,48b34b87-69c2-467d-a88c-67aac910c539,SAMMS-DyersburgV5
202609032054005979,202609031904103413,202609031904101105,85,3921,Bronze INV,br_ReAssessmentPhysicalHealth,TASK_COMPLETE,SUCCESS,INFO,488,488,0,,2026-09-03T19:04:17.619Z,2026-09-03T20:54:05.052Z,6588,2026-09-03T20:54:05.052Z,B33,Paducah,48b34b87-69c2-467d-a88c-67aac910c539,SAMMS-Paducah
202609032054005980,202609031904103414,202609031904101105,85,3922,Bronze INV,br_ReAssessmentPhysicalHealth,TASK_COMPLETE,SUCCESS,INFO,386,386,0,,2026-09-03T19:04:17.619Z,2026-09-03T20:54:05.052Z,6588,2026-09-03T20:54:05.052Z,B34,Corbin,48b34b87-69c2-467d-a88c-67aac910c539,SAMMS-CorbinV5
202609032054005981,202609031904103415,202609031904101105,85,3923,Bronze INV,br_ReAssessmentPhysicalHealth,TASK_COMPLETE,SUCCESS,INFO,243,243,0,,2026-09-03T19:04:17.619Z,2026-09-03T20:54:05.052Z,6588,2026-09-03T20:54:05.052Z,B35,Lexington,48b34b87-69c2-467d-a88c-67aac910c539,SAMMS-LexingtonV5
202609032054005982,202609031904103416,202609031904101105,85,3924,Bronze INV,br_ReAssessmentPhysicalHealth,TASK_COMPLETE,SUCCESS,INFO,77,77,0,,2026-09-03T19:04:17.619Z,2026-09-03T20:54:05.052Z,6588,2026-09-03T20:54:05.052Z,B35A,Berea,48b34b87-69c2-467d-a88c-67aac910c539,SAMMS-BereaV5
202609032054005983,202609031904103417,202609031904101105,85,3925,Bronze INV,br_ReAssessmentPhysicalHealth,TASK_COMPLETE,SUCCESS,INFO,22,22,0,,2026-09-03T19:04:17.619Z,2026-09-03T20:54:05.052Z,6588,2026-09-03T20:54:05.052Z,B36,Asheville,48b34b87-69c2-467d-a88c-67aac910c539,SAMMS-AshevilleV5
202609032054003519,202609031904101310,202609031904101105,85,2031,Bronze INV,br_Bottle,TASK_COMPLETE,SUCCESS,INFO,38941,38941,0,,2026-09-03T19:04:17.619Z,2026-09-03T20:54:05.052Z,6588,2026-09-03T20:54:05.052Z,TTCA,Bessemer,48b34b87-69c2-467d-a88c-67aac910c539,SAMMS-BessemerV5
202609032054003520,202609031904101311,202609031904101105,85,2032,Bronze INV,br_Bottle,TASK_COMPLETE,SUCCESS,INFO,9712,9712,0,,2026-09-03T19:04:17.619Z,2026-09-03T20:54:05.052Z,6588,2026-09-03T20:54:05.052Z,TTCB,Cullman,48b34b87-69c2-467d-a88c-67aac910c539,SAMMS-CullmanV5
202609032054003521,202609031904101312,202609031904101105,85,2033,Bronze INV,br_Bottle,TASK_COMPLETE,SUCCESS,INFO,12009,12009,0,,2026-09-03T19:04:17.619Z,2026-09-03T20:54:05.052Z,6588,2026-09-03T20:54:05.052Z,TTCC,Grand Bay,48b34b87-69c2-467d-a88c-67aac910c539,SAMMS-GrandBay
202609032054003523,202609031904101313,202609031904101105,85,2034,Bronze INV,br_Bottle,TASK_COMPLETE,SUCCESS,INFO,581,581,0,,2026-09-03T19:04:17.619Z,2026-09-03T20:54:05.052Z,6588,2026-09-03T20:54:05.052Z,TU,Tucson,48b34b87-69c2-467d-a88c-67aac910c539,SAMMS-Tucson
202609032054003524,202609031904101314,202609031904101105,85,2036,Bronze INV,br_Bottle,TASK_COMPLETE,SUCCESS,INFO,36471,36471,0,,2026-09-03T19:04:17.619Z,2026-09-03T20:54:05.052Z,6588,2026-09-03T20:54:05.052Z,V1,Memphis South,48b34b87-69c2-467d-a88c-67aac910c539,SAMMS-VCPHCS-I-MemphisV5
202609032054003525,202609031904101315,202609031904101105,85,2037,Bronze INV,br_Bottle,TASK_COMPLETE,SUCCESS,INFO,11386,11386,0,,2026-09-03T19:04:17.619Z,2026-09-03T20:54:05.052Z,6588,2026-09-03T20:54:05.052Z,V10,Longmont,48b34b87-69c2-467d-a88c-67aac910c539,SAMMS-BoulderV5
202609032054003526,202609031904101316,202609031904101105,85,2038,Bronze INV,br_Bottle,TASK_COMPLETE,SUCCESS,INFO,10742,10742,0,,2026-09-03T19:04:17.619Z,2026-09-03T20:54:05.052Z,6588,2026-09-03T20:54:05.052Z,V10A,Fort Collins,48b34b87-69c2-467d-a88c-67aac910c539,SAMMS-FortCollinsV5
202609032054003527,202609031904101317,202609031904101105,85,2039,Bronze INV,br_Bottle,TASK_COMPLETE,SUCCESS,INFO,21449,21449,0,,2026-09-03T19:04:17.619Z,2026-09-03T20:54:05.052Z,6588,2026-09-03T20:54:05.052Z,V11,Westminster,48b34b87-69c2-467d-a88c-67aac910c539,SAMMS-VCPHCS-XI-NorthDenverV5
202609032054003528,202609031904101318,202609031904101105,85,2040,Bronze INV,br_Bottle,TASK_COMPLETE,SUCCESS,INFO,26177,26177,0,,2026-09-03T19:04:17.619Z,2026-09-03T20:54:05.052Z,6588,2026-09-03T20:54:05.052Z,V12,Downtown Denver,48b34b87-69c2-467d-a88c-67aac910c539,SAMMS-VCPHCS-XII-DowntownDenverV5
202609032054003529,202609031904101319,202609031904101105,85,2041,Bronze INV,br_Bottle,TASK_COMPLETE,SUCCESS,INFO,6434,6434,0,,2026-09-03T19:04:17.619Z,2026-09-03T20:54:05.052Z,6588,2026-09-03T20:54:05.052Z,V12A,Centennial,48b34b87-69c2-467d-a88c-67aac910c539,SAMMS-CentennialV5
202609032054003530,202609031904101320,202609031904101105,85,2042,Bronze INV,br_Bottle,TASK_COMPLETE,SUCCESS,INFO,12731,12731,0,,2026-09-03T19:04:17.619Z,2026-09-03T20:54:05.052Z,6588,2026-09-03T20:54:05.052Z,V14,Overland Park,48b34b87-69c2-467d-a88c-67aac910c539,SAMMS-VCPHCS-XIV-BridgewayV5
202609032054003532,202609031904101321,202609031904101105,85,2043,Bronze INV,br_Bottle,TASK_COMPLETE,SUCCESS,INFO,15066,15066,0,,2026-09-03T19:04:17.619Z,2026-09-03T20:54:05.052Z,6588,2026-09-03T20:54:05.052Z,V15,Joplin,48b34b87-69c2-467d-a88c-67aac910c539,SAMMS-JoplinV5
202609032054003533,202609031904101322,202609031904101105,85,2045,Bronze INV,br_Bottle,TASK_COMPLETE,SUCCESS,INFO,7060,7060,0,,2026-09-03T19:04:17.619Z,2026-09-03T20:54:05.052Z,6588,2026-09-03T20:54:05.052Z,V17,Columbia TN,48b34b87-69c2-467d-a88c-67aac910c539,SAMMS-ColumbiaTNv5
202609032054003534,202609031904101323,202609031904101105,85,2047,Bronze INV,br_Bottle,TASK_COMPLETE,SUCCESS,INFO,39127,39127,0,,2026-09-03T19:04:17.619Z,2026-09-03T20:54:05.052Z,6588,2026-09-03T20:54:05.052Z,V19,Jackson,48b34b87-69c2-467d-a88c-67aac910c539,SAMMS-JacksonV5
202609032054003535,202609031904101324,202609031904101105,85,2049,Bronze INV,br_Bottle,TASK_COMPLETE,SUCCESS,INFO,50518,50518,0,,2026-09-03T19:04:17.619Z,2026-09-03T20:54:05.052Z,6588,2026-09-03T20:54:05.052Z,V20,Paris,48b34b87-69c2-467d-a88c-67aac910c539,SAMMS-ParisV5
202609032054003536,202609031904101325,202609031904101105,85,2050,Bronze INV,br_Bottle,TASK_COMPLETE,SUCCESS,INFO,36239,36239,0,,2026-09-03T19:04:17.619Z,2026-09-03T20:54:05.052Z,6588,2026-09-03T20:54:05.052Z,V21,Memphis North,48b34b87-69c2-467d-a88c-67aac910c539,SAMMS-RaleighV5
202609032054003537,202609031904101326,202609031904101105,85,2053,Bronze INV,br_Bottle,TASK_COMPLETE,SUCCESS,INFO,67553,67553,0,,2026-09-03T19:04:17.619Z,2026-09-03T20:54:05.052Z,6588,2026-09-03T20:54:05.052Z,V5,West Bank,48b34b87-69c2-467d-a88c-67aac910c539,SAMMS-NONTCv5
202609032054003538,202609031904101327,202609031904101105,85,2055,Bronze INV,br_Bottle,TASK_COMPLETE,SUCCESS,INFO,740,740,0,,2026-09-03T19:04:17.619Z,2026-09-03T20:54:05.052Z,6588,2026-09-03T20:54:05.052Z,V5B,Houma,48b34b87-69c2-467d-a88c-67aac910c539,SAMMS-HoumaV6
202609032054003540,202609031904101328,202609031904101105,85,2056,Bronze INV,br_Bottle,TASK_COMPLETE,SUCCESS,INFO,40211,40211,0,,2026-09-03T19:04:17.619Z,2026-09-03T20:54:05.052Z,6588,2026-09-03T20:54:05.052Z,V6,Lake Charles,48b34b87-69c2-467d-a88c-67aac910c539,SAMMS-LCv5
202609032054003541,202609031904101329,202609031904101105,85,2058,Bronze INV,br_Bottle,TASK_COMPLETE,SUCCESS,INFO,42008,42008,0,,2026-09-03T19:04:17.619Z,2026-09-03T20:54:05.052Z,6588,2026-09-03T20:54:05.052Z,V8,Memphis Midtown,48b34b87-69c2-467d-a88c-67aac910c539,SAMMS-VCPHCS-VIII-MemphisV5
202609032054003542,202609031904101330,202609031904101105,85,2059,Bronze INV,br_Bottle,TASK_COMPLETE,SUCCESS,INFO,86805,86805,0,,2026-09-03T19:04:17.619Z,2026-09-03T20:54:05.052Z,6588,2026-09-03T20:54:05.052Z,V9,Nashville,48b34b87-69c2-467d-a88c-67aac910c539,SAMMS-NashvilleV5
202609032054003543,202609031904101331,202609031904101105,85,2060,Bronze INV,br_Bottle,TASK_COMPLETE,SUCCESS,INFO,5563,5563,0,,2026-09-03T19:04:17.619Z,2026-09-03T20:54:05.052Z,6588,2026-09-03T20:54:05.052Z,VBRA,Brainerd,48b34b87-69c2-467d-a88c-67aac910c539,SAMMS-BrainerdV6
202609032054003544,202609031904101332,202609031904101105,85,2061,Bronze INV,br_Bottle,TASK_COMPLETE,SUCCESS,INFO,12737,12737,0,,2026-09-03T19:04:17.619Z,2026-09-03T20:54:05.052Z,6588,2026-09-03T20:54:05.052Z,VBRP,Brooklyn Park,48b34b87-69c2-467d-a88c-67aac910c539,SAMMS-BrooklynParkV6
202609032054003545,202609031904101333,202609031904101105,85,2063,Bronze INV,br_Bottle,TASK_COMPLETE,SUCCESS,INFO,7146,7146,0,,2026-09-03T19:04:17.619Z,2026-09-03T20:54:05.052Z,6588,2026-09-03T20:54:05.052Z,VMIN,Minneapolis,48b34b87-69c2-467d-a88c-67aac910c539,SAMMS-MinneapolisV6
202609032054003546,202609031904101334,202609031904101105,85,2064,Bronze INV,br_Bottle,TASK_COMPLETE,SUCCESS,INFO,14990,14990,0,,2026-09-03T19:04:17.619Z,2026-09-03T20:54:05.052Z,6588,2026-09-03T20:54:05.052Z,VWBY,Woodbury,48b34b87-69c2-467d-a88c-67aac910c539,SAMMS-WoodburyV6
202609032054003547,202609031904101335,202609031904101105,85,2066,Bronze INV,br_Bottle,TASK_COMPLETE,SUCCESS,INFO,6940,6940,0,,2026-09-03T19:04:17.619Z,2026-09-03T20:54:05.052Z,6588,2026-09-03T20:54:05.052Z,WIL,Wilson,48b34b87-69c2-467d-a88c-67aac910c539,SAMMS-Wilson
202609032054003549,202609031904101336,202609031904101105,85,2622,Bronze INV,br_LiquidLog,TASK_COMPLETE,SUCCESS,INFO,32011,32011,0,,2026-09-03T19:04:17.619Z,2026-09-03T20:54:05.052Z,6588,2026-09-03T20:54:05.052Z,AHK,Ahoskie,48b34b87-69c2-467d-a88c-67aac910c539,SAMMS-Ahoskie
202609032054003550,202609031904101337,202609031904101105,85,2623,Bronze INV,br_LiquidLog,TASK_COMPLETE,SUCCESS,INFO,63147,63147,0,,2026-09-03T19:04:17.619Z,2026-09-03T20:54:05.052Z,6588,2026-09-03T20:54:05.052Z,B12B,Colorado Springs,48b34b87-69c2-467d-a88c-67aac910c539,SAMMS-ColoradoSpringsV5
202609032054003551,202609031904101338,202609031904101105,85,2624,Bronze INV,br_LiquidLog,TASK_COMPLETE,SUCCESS,INFO,266722,266722,0,,2026-09-03T19:04:17.619Z,2026-09-03T20:54:05.052Z,6588,2026-09-03T20:54:05.052Z,B24,Paintsville,48b34b87-69c2-467d-a88c-67aac910c539,SAMMS-PaintsvilleV5
202609032054003552,202609031904101339,202609031904101105,85,2625,Bronze INV,br_LiquidLog,TASK_COMPLETE,SUCCESS,INFO,200282,200282,0,,2026-09-03T19:04:17.619Z,2026-09-03T20:54:05.052Z,6588,2026-09-03T20:54:05.052Z,B25,Pikeville,48b34b87-69c2-467d-a88c-67aac910c539,SAMMS-PikevilleV5
202609032054003553,202609031904101340,202609031904101105,85,2626,Bronze INV,br_LiquidLog,TASK_COMPLETE,SUCCESS,INFO,477054,477054,0,,2026-09-03T19:04:17.619Z,2026-09-03T20:54:05.052Z,6588,2026-09-03T20:54:05.052Z,B26,Hazard,48b34b87-69c2-467d-a88c-67aac910c539,SAMMS-HazardV5
202609032054003554,202609031904101341,202609031904101105,85,2627,Bronze INV,br_LiquidLog,TASK_COMPLETE,SUCCESS,INFO,50811,50811,0,,2026-09-03T19:04:17.619Z,2026-09-03T20:54:05.052Z,6588,2026-09-03T20:54:05.052Z,B27,Savannah,48b34b87-69c2-467d-a88c-67aac910c539,SAMMS-SavannahV6
202609032054003555,202609031904101342,202609031904101105,85,2628,Bronze INV,br_LiquidLog,TASK_COMPLETE,SUCCESS,INFO,134993,134993,0,,2026-09-03T19:04:17.619Z,2026-09-03T20:54:05.052Z,6588,2026-09-03T20:54:05.052Z,B28,West Plains,48b34b87-69c2-467d-a88c-67aac910c539,SAMMS-WestPlainesV5
202609032054003557,202609031904101343,202609031904101105,85,2629,Bronze INV,br_LiquidLog,TASK_COMPLETE,SUCCESS,INFO,93413,93413,0,,2026-09-03T19:04:17.619Z,2026-09-03T20:54:05.052Z,6588,2026-09-03T20:54:05.052Z,B29,Poplar Bluff,48b34b87-69c2-467d-a88c-67aac910c539,SAMMS-PoplarBluffV5
202609032054003558,202609031904101344,202609031904101105,85,2630,Bronze INV,br_LiquidLog,TASK_COMPLETE,SUCCESS,INFO,50276,50276,0,,2026-09-03T19:04:17.619Z,2026-09-03T20:54:05.052Z,6588,2026-09-03T20:54:05.052Z,B30,KC North,48b34b87-69c2-467d-a88c-67aac910c539,SAMMS-KCNv5
202609032054003559,202609031904101345,202609031904101105,85,2631,Bronze INV,br_LiquidLog,TASK_COMPLETE,SUCCESS,INFO,237448,237448,0,,2026-09-03T19:04:17.619Z,2026-09-03T20:54:05.052Z,6588,2026-09-03T20:54:05.052Z,B31,Dyersburg,48b34b87-69c2-467d-a88c-67aac910c539,SAMMS-DyersburgV5
202609032054003560,202609031904101346,202609031904101105,85,2633,Bronze INV,br_LiquidLog,TASK_COMPLETE,SUCCESS,INFO,175230,175230,0,,2026-09-03T19:04:17.619Z,2026-09-03T20:54:05.052Z,6588,2026-09-03T20:54:05.052Z,B33,Paducah,48b34b87-69c2-467d-a88c-67aac910c539,SAMMS-Paducah
202609032054003561,202609031904101347,202609031904101105,85,2634,Bronze INV,br_LiquidLog,TASK_COMPLETE,SUCCESS,INFO,281044,281044,0,,2026-09-03T19:04:17.619Z,2026-09-03T20:54:05.052Z,6588,2026-09-03T20:54:05.052Z,B34,Corbin,48b34b87-69c2-467d-a88c-67aac910c539,SAMMS-CorbinV5
202609032054003562,202609031904101348,202609031904101105,85,2635,Bronze INV,br_LiquidLog,TASK_COMPLETE,SUCCESS,INFO,546273,546273,0,,2026-09-03T19:04:17.619Z,2026-09-03T20:54:05.052Z,6588,2026-09-03T20:54:05.052Z,B35,Lexington,48b34b87-69c2-467d-a88c-67aac910c539,SAMMS-LexingtonV5
202609032054003563,202609031904101349,202609031904101105,85,2636,Bronze INV,br_LiquidLog,TASK_COMPLETE,SUCCESS,INFO,183105,183105,0,,2026-09-03T19:04:17.619Z,2026-09-03T20:54:05.052Z,6588,2026-09-03T20:54:05.052Z,B35A,Berea,48b34b87-69c2-467d-a88c-67aac910c539,SAMMS-BereaV5
202609032054003564,202609031904101350,202609031904101105,85,2637,Bronze INV,br_LiquidLog,TASK_COMPLETE,SUCCESS,INFO,169295,169295,0,,2026-09-03T19:04:17.619Z,2026-09-03T20:54:05.052Z,6588,2026-09-03T20:54:05.052Z,B36,Asheville,48b34b87-69c2-467d-a88c-67aac910c539,SAMMS-AshevilleV5
202609032054003566,202609031904101351,202609031904101105,85,2638,Bronze INV,br_LiquidLog,TASK_COMPLETE,SUCCESS,INFO,126290,126290,0,,2026-09-03T19:04:17.619Z,2026-09-03T20:54:05.052Z,6588,2026-09-03T20:54:05.052Z,B37,Clyde,48b34b87-69c2-467d-a88c-67aac910c539,SAMMS-ClydeV5
202609032054003567,202609031904101352,202609031904101105,85,2639,Bronze INV,br_LiquidLog,TASK_COMPLETE,SUCCESS,INFO,195360,195360,0,,2026-09-03T19:04:17.619Z,2026-09-03T20:54:05.052Z,6588,2026-09-03T20:54:05.052Z,B38,Spartanburg,48b34b87-69c2-467d-a88c-67aac910c539,SAMMS-SpartanburgV5
202609032054003568,202609031904101353,202609031904101105,85,2640,Bronze INV,br_LiquidLog,TASK_COMPLETE,SUCCESS,INFO,76869,76869,0,,2026-09-03T19:04:17.619Z,2026-09-03T20:54:05.052Z,6588,2026-09-03T20:54:05.052Z,B39,Aiken,48b34b87-69c2-467d-a88c-67aac910c539,SAMMS-AikenV5
202609032054003569,202609031904101354,202609031904101105,85,2641,Bronze INV,br_LiquidLog,TASK_COMPLETE,SUCCESS,INFO,124558,124558,0,,2026-09-03T19:04:17.619Z,2026-09-03T20:54:05.052Z,6588,2026-09-03T20:54:05.052Z,B41,Chesapeake,48b34b87-69c2-467d-a88c-67aac910c539,SAMMS-ChesapeakeV5
202609032054003570,202609031904101355,202609031904101105,85,2642,Bronze INV,br_LiquidLog,TASK_COMPLETE,SUCCESS,INFO,169350,169350,0,,2026-09-03T19:04:17.619Z,2026-09-03T20:54:05.052Z,6588,2026-09-03T20:54:05.052Z,B42,Virginia Beach,48b34b87-69c2-467d-a88c-67aac910c539,SAMMS-VirginiaBeachV5
202609032054003571,202609031904101356,202609031904101105,85,2643,Bronze INV,br_LiquidLog,TASK_COMPLETE,SUCCESS,INFO,101776,101776,0,,2026-09-03T19:04:17.619Z,2026-09-03T20:54:05.052Z,6588,2026-09-03T20:54:05.052Z,B42A,Newport News,48b34b87-69c2-467d-a88c-67aac910c539,SAMMS-NewportNewsV5
202609032054003572,202609031904101357,202609031904101105,85,2644,Bronze INV,br_LiquidLog,TASK_COMPLETE,SUCCESS,INFO,23884,23884,0,,2026-09-03T19:04:17.619Z,2026-09-03T20:54:05.052Z,6588,2026-09-03T20:54:05.052Z,B42B,Franklin,48b34b87-69c2-467d-a88c-67aac910c539,SAMMS-FranklinV5
202609032054003574,202609031904101358,202609031904101105,85,2645,Bronze INV,br_LiquidLog,TASK_COMPLETE,SUCCESS,INFO,125532,125532,0,,2026-09-03T19:04:17.619Z,2026-09-03T20:54:05.052Z,6588,2026-09-03T20:54:05.052Z,B42C,Glen Allen,48b34b87-69c2-467d-a88c-67aac910c539,SAMMS-GlenAllenV5
202609032054003575,202609031904101359,202609031904101105,85,2646,Bronze INV,br_LiquidLog,TASK_COMPLETE,SUCCESS,INFO,88069,88069,0,,2026-09-03T19:04:17.619Z,2026-09-03T20:54:05.052Z,6588,2026-09-03T20:54:05.052Z,B42D,Chesapeake South,48b34b87-69c2-467d-a88c-67aac910c539,SAMMS-ChesapeakeSouthV5
202609032054003576,202609031904101360,202609031904101105,85,2647,Bronze INV,br_LiquidLog,TASK_COMPLETE,SUCCESS,INFO,79101,79101,0,,2026-09-03T19:04:17.619Z,2026-09-03T20:54:05.052Z,6588,2026-09-03T20:54:05.052Z,B44,Albany,48b34b87-69c2-467d-a88c-67aac910c539,SAMMS-AlbanyV5
202609032054003577,202609031904101361,202609031904101105,85,2648,Bronze INV,br_LiquidLog,TASK_COMPLETE,SUCCESS,INFO,137278,137278,0,,2026-09-03T19:04:17.619Z,2026-09-03T20:54:05.052Z,6588,2026-09-03T20:54:05.052Z,B45,Tifton,48b34b87-69c2-467d-a88c-67aac910c539,SAMMS-TiftonV5
202609032054003578,202609031904101362,202609031904101105,85,2649,Bronze INV,br_LiquidLog,TASK_COMPLETE,SUCCESS,INFO,135281,135281,0,,2026-09-03T19:04:17.619Z,2026-09-03T20:54:05.052Z,6588,2026-09-03T20:54:05.052Z,B46,Washington DC,48b34b87-69c2-467d-a88c-67aac910c539,SAMMS-WashingtonDCv5
202609032054003579,202609031904101363,202609031904101105,85,2650,Bronze INV,br_LiquidLog,TASK_COMPLETE,SUCCESS,INFO,136564,136564,0,,2026-09-03T19:04:17.619Z,2026-09-03T20:54:05.052Z,6588,2026-09-03T20:54:05.052Z,B47,Mobile,48b34b87-69c2-467d-a88c-67aac910c539,SAMMS-MobileV5
202609032054003580,202609031904101364,202609031904101105,85,2651,Bronze INV,br_LiquidLog,TASK_COMPLETE,SUCCESS,INFO,263947,263947,0,,2026-09-03T19:04:17.619Z,2026-09-03T20:54:05.052Z,6588,2026-09-03T20:54:05.052Z,B48,Tuscaloosa,48b34b87-69c2-467d-a88c-67aac910c539,SAMMS-TuscaloosaV5
202609032054003582,202609031904101365,202609031904101105,85,2660,Bronze INV,br_LiquidLog,TASK_COMPLETE,SUCCESS,INFO,59017,59017,0,,2026-09-03T19:04:17.619Z,2026-09-03T20:54:05.052Z,6588,2026-09-03T20:54:05.052Z,B51,N. Little Rock (OTP),48b34b87-69c2-467d-a88c-67aac910c539,SAMMS-NorthLittleRockV6
202609032054003583,202609031904101366,202609031904101105,85,2661,Bronze INV,br_LiquidLog,TASK_COMPLETE,SUCCESS,INFO,95399,95399,0,,2026-09-03T19:04:17.619Z,2026-09-03T20:54:05.052Z,6588,2026-09-03T20:54:05.052Z,B52,Jackson GA,48b34b87-69c2-467d-a88c-67aac910c539,SAMMS-JacksonGAV5
202609032054003584,202609031904101367,202609031904101105,85,2662,Bronze INV,br_LiquidLog,TASK_COMPLETE,SUCCESS,INFO,240331,240331,0,,2026-09-03T19:04:17.619Z,2026-09-03T20:54:05.052Z,6588,2026-09-03T20:54:05.052Z,B54,Gadsden,48b34b87-69c2-467d-a88c-67aac910c539,SAMMS-GadsdenV5
202609032054003585,202609031904101368,202609031904101105,85,2663,Bronze INV,br_LiquidLog,TASK_COMPLETE,SUCCESS,INFO,224966,224966,0,,2026-09-03T19:04:17.619Z,2026-09-03T20:54:05.052Z,6588,2026-09-03T20:54:05.052Z,B55,Shoals,48b34b87-69c2-467d-a88c-67aac910c539,SAMMS-ShoalsV5
202609032054003586,202609031904101369,202609031904101105,85,2664,Bronze INV,br_LiquidLog,TASK_COMPLETE,SUCCESS,INFO,65020,65020,0,,2026-09-03T19:04:17.619Z,2026-09-03T20:54:05.052Z,6588,2026-09-03T20:54:05.052Z,B57,Pawtucket,48b34b87-69c2-467d-a88c-67aac910c539,SAMMS-Pawtucket
202609032054003587,202609031904101370,202609031904101105,85,2665,Bronze INV,br_LiquidLog,TASK_COMPLETE,SUCCESS,INFO,73456,73456,0,,2026-09-03T19:04:17.619Z,2026-09-03T20:54:05.052Z,6588,2026-09-03T20:54:05.052Z,B57A,Johnston,48b34b87-69c2-467d-a88c-67aac910c539,SAMMS-Johnston
202609032054003589,202609031904101371,202609031904101105,85,2666,Bronze INV,br_LiquidLog,TASK_COMPLETE,SUCCESS,INFO,19070,19070,0,,2026-09-03T19:04:17.619Z,2026-09-03T20:54:05.052Z,6588,2026-09-03T20:54:05.052Z,B57B,Middletown,48b34b87-69c2-467d-a88c-67aac910c539,SAMMS-Middletown
202609032054003590,202609031904101372,202609031904101105,85,2667,Bronze INV,br_LiquidLog,TASK_COMPLETE,SUCCESS,INFO,38584,38584,0,,2026-09-03T19:04:17.619Z,2026-09-03T20:54:05.052Z,6588,2026-09-03T20:54:05.052Z,B57C,Providence,48b34b87-69c2-467d-a88c-67aac910c539,SAMMS-Providence
202609032054003592,202609031904101373,202609031904101105,85,2668,Bronze INV,br_LiquidLog,TASK_COMPLETE,SUCCESS,INFO,65389,65389,0,,2026-09-03T19:04:17.619Z,2026-09-03T20:54:05.052Z,6588,2026-09-03T20:54:05.052Z,B57D,Westerly,48b34b87-69c2-467d-a88c-67aac910c539,SAMMS-Westerly
202609032054003593,202609031904101374,202609031904101105,85,2672,Bronze INV,br_LiquidLog,TASK_COMPLETE,SUCCESS,INFO,0,0,0,,2026-09-03T19:04:17.619Z,2026-09-03T20:54:05.052Z,6588,2026-09-03T20:54:05.052Z,B66A,Bremen,48b34b87-69c2-467d-a88c-67aac910c539,SAMMS-Bremen
202609032054003595,202609031904101375,202609031904101105,85,2675,Bronze INV,br_LiquidLog,TASK_COMPLETE,SUCCESS,INFO,0,0,0,,2026-09-03T19:04:17.619Z,2026-09-03T20:54:05.052Z,6588,2026-09-03T20:54:05.052Z,B72,Mobile (OBOT),48b34b87-69c2-467d-a88c-67aac910c539,SAMMS-Mobile-OBOT
202609032054003596,202609031904101376,202609031904101105,85,2676,Bronze INV,br_LiquidLog,TASK_COMPLETE,SUCCESS,INFO,0,0,0,,2026-09-03T19:04:17.619Z,2026-09-03T20:54:05.052Z,6588,2026-09-03T20:54:05.052Z,B73,Montgomery,48b34b87-69c2-467d-a88c-67aac910c539,SAMMS-Montgomery
202609032054003597,202609031904101377,202609031904101105,85,2677,Bronze INV,br_LiquidLog,TASK_COMPLETE,SUCCESS,INFO,61951,61951,0,,2026-09-03T19:04:17.619Z,2026-09-03T20:54:05.052Z,6588,2026-09-03T20:54:05.052Z,B75,Lawrence,48b34b87-69c2-467d-a88c-67aac910c539,SAMMS-LawrenceV6
202609032054005178,202609031904102738,202609031904101105,85,992,Bronze INV,br_AdmissionAssessmentDimensionSix,TASK_COMPLETE,SUCCESS,INFO,308,308,0,,2026-09-03T19:04:17.619Z,2026-09-03T20:54:05.052Z,6588,2026-09-03T20:54:05.052Z,B45,Tifton,48b34b87-69c2-467d-a88c-67aac910c539,SAMMS-TiftonV5
202609032054005179,202609031904102739,202609031904101105,85,993,Bronze INV,br_AdmissionAssessmentDimensionSix,TASK_COMPLETE,SUCCESS,INFO,673,673,0,,2026-09-03T19:04:17.619Z,2026-09-03T20:54:05.052Z,6588,2026-09-03T20:54:05.052Z,B46,Washington DC,48b34b87-69c2-467d-a88c-67aac910c539,SAMMS-WashingtonDCv5
202609032054005180,202609031904102740,202609031904101105,85,994,Bronze INV,br_AdmissionAssessmentDimensionSix,TASK_COMPLETE,SUCCESS,INFO,349,349,0,,2026-09-03T19:04:17.619Z,2026-09-03T20:54:05.052Z,6588,2026-09-03T20:54:05.052Z,B47,Mobile,48b34b87-69c2-467d-a88c-67aac910c539,SAMMS-MobileV5
202609032054005181,202609031904102741,202609031904101105,85,995,Bronze INV,br_AdmissionAssessmentDimensionSix,TASK_COMPLETE,SUCCESS,INFO,450,450,0,,2026-09-03T19:04:17.619Z,2026-09-03T20:54:05.052Z,6588,2026-09-03T20:54:05.052Z,B48,Tuscaloosa,48b34b87-69c2-467d-a88c-67aac910c539,SAMMS-TuscaloosaV5
202609032054005182,202609031904102742,202609031904101105,85,1004,Bronze INV,br_AdmissionAssessmentDimensionSix,TASK_COMPLETE,SUCCESS,INFO,315,315,0,,2026-09-03T19:04:17.619Z,2026-09-03T20:54:05.052Z,6588,2026-09-03T20:54:05.052Z,B51,N. Little Rock (OTP),48b34b87-69c2-467d-a88c-67aac910c539,SAMMS-NorthLittleRockV6
202609032054005183,202609031904102743,202609031904101105,85,1005,Bronze INV,br_AdmissionAssessmentDimensionSix,TASK_COMPLETE,SUCCESS,INFO,155,155,0,,2026-09-03T19:04:17.619Z,2026-09-03T20:54:05.052Z,6588,2026-09-03T20:54:05.052Z,B52,Jackson GA,48b34b87-69c2-467d-a88c-67aac910c539,SAMMS-JacksonGAV5
202609032054005185,202609031904102744,202609031904101105,85,1006,Bronze INV,br_AdmissionAssessmentDimensionSix,TASK_COMPLETE,SUCCESS,INFO,478,478,0,,2026-09-03T19:04:17.619Z,2026-09-03T20:54:05.052Z,6588,2026-09-03T20:54:05.052Z,B54,Gadsden,48b34b87-69c2-467d-a88c-67aac910c539,SAMMS-GadsdenV5
202609032054005186,202609031904102745,202609031904101105,85,1007,Bronze INV,br_AdmissionAssessmentDimensionSix,TASK_COMPLETE,SUCCESS,INFO,487,487,0,,2026-09-03T19:04:17.619Z,2026-09-03T20:54:05.052Z,6588,2026-09-03T20:54:05.052Z,B55,Shoals,48b34b87-69c2-467d-a88c-67aac910c539,SAMMS-ShoalsV5
202609032054005187,202609031904102746,202609031904101105,85,1008,Bronze INV,br_AdmissionAssessmentDimensionSix,TASK_COMPLETE,SUCCESS,INFO,172,172,0,,2026-09-03T19:04:17.619Z,2026-09-03T20:54:05.052Z,6588,2026-09-03T20:54:05.052Z,B57,Pawtucket,48b34b87-69c2-467d-a88c-67aac910c539,SAMMS-Pawtucket
202609032054005188,202609031904102747,202609031904101105,85,1009,Bronze INV,br_AdmissionAssessmentDimensionSix,TASK_COMPLETE,SUCCESS,INFO,170,170,0,,2026-09-03T19:04:17.619Z,2026-09-03T20:54:05.052Z,6588,2026-09-03T20:54:05.052Z,B57A,Johnston,48b34b87-69c2-467d-a88c-67aac910c539,SAMMS-Johnston
202609032054005189,202609031904102748,202609031904101105,85,1010,Bronze INV,br_AdmissionAssessmentDimensionSix,TASK_COMPLETE,SUCCESS,INFO,87,87,0,,2026-09-03T19:04:17.619Z,2026-09-03T20:54:05.052Z,6588,2026-09-03T20:54:05.052Z,B57B,Middletown,48b34b87-69c2-467d-a88c-67aac910c539,SAMMS-Middletown
202609032054005190,202609031904102749,202609031904101105,85,1011,Bronze INV,br_AdmissionAssessmentDimensionSix,TASK_COMPLETE,SUCCESS,INFO,176,176,0,,2026-09-03T19:04:17.619Z,2026-09-03T20:54:05.052Z,6588,2026-09-03T20:54:05.052Z,B57C,Providence,48b34b87-69c2-467d-a88c-67aac910c539,SAMMS-Providence
202609032054005191,202609031904102750,202609031904101105,85,1012,Bronze INV,br_AdmissionAssessmentDimensionSix,TASK_COMPLETE,SUCCESS,INFO,259,259,0,,2026-09-03T19:04:17.619Z,2026-09-03T20:54:05.052Z,6588,2026-09-03T20:54:05.052Z,B57D,Westerly,48b34b87-69c2-467d-a88c-67aac910c539,SAMMS-Westerly
202609032054005193,202609031904102751,202609031904101105,85,1016,Bronze INV,br_AdmissionAssessmentDimensionSix,TASK_COMPLETE,SUCCESS,INFO,365,365,0,,2026-09-03T19:04:17.619Z,2026-09-03T20:54:05.052Z,6588,2026-09-03T20:54:05.052Z,B66A,Bremen,48b34b87-69c2-467d-a88c-67aac910c539,SAMMS-Bremen
202609032054005194,202609031904102752,202609031904101105,85,1019,Bronze INV,br_AdmissionAssessmentDimensionSix,TASK_COMPLETE,SUCCESS,INFO,13,13,0,,2026-09-03T19:04:17.619Z,2026-09-03T20:54:05.052Z,6588,2026-09-03T20:54:05.052Z,B72,Mobile (OBOT),48b34b87-69c2-467d-a88c-67aac910c539,SAMMS-Mobile-OBOT
202609032054005195,202609031904102753,202609031904101105,85,1020,Bronze INV,br_AdmissionAssessmentDimensionSix,TASK_COMPLETE,SUCCESS,INFO,2,2,0,,2026-09-03T19:04:17.619Z,2026-09-03T20:54:05.052Z,6588,2026-09-03T20:54:05.052Z,B73,Montgomery,48b34b87-69c2-467d-a88c-67aac910c539,SAMMS-Montgomery
202609032054005196,202609031904102754,202609031904101105,85,1021,Bronze INV,br_AdmissionAssessmentDimensionSix,TASK_COMPLETE,SUCCESS,INFO,317,317,0,,2026-09-03T19:04:17.619Z,2026-09-03T20:54:05.052Z,6588,2026-09-03T20:54:05.052Z,B75,Lawrence,48b34b87-69c2-467d-a88c-67aac910c539,SAMMS-LawrenceV6
202609032054005197,202609031904102755,202609031904101105,85,1022,Bronze INV,br_AdmissionAssessmentDimensionSix,TASK_COMPLETE,SUCCESS,INFO,50,50,0,,2026-09-03T19:04:17.619Z,2026-09-03T20:54:05.052Z,6588,2026-09-03T20:54:05.052Z,B76,Huntsville OBOT,48b34b87-69c2-467d-a88c-67aac910c539,SAMMS-Huntsville-OBOT
202609032054005199,202609031904102756,202609031904101105,85,1023,Bronze INV,br_AdmissionAssessmentDimensionSix,TASK_COMPLETE,SUCCESS,INFO,302,302,0,,2026-09-03T19:04:17.619Z,2026-09-03T20:54:05.052Z,6588,2026-09-03T20:54:05.052Z,BAT,Batesville,48b34b87-69c2-467d-a88c-67aac910c539,SAMMS-Batesville
202609032054005200,202609031904102757,202609031904101105,85,1024,Bronze INV,br_AdmissionAssessmentDimensionSix,TASK_COMPLETE,SUCCESS,INFO,235,235,0,,2026-09-03T19:04:17.619Z,2026-09-03T20:54:05.052Z,6588,2026-09-03T20:54:05.052Z,BG,Bowling Green,48b34b87-69c2-467d-a88c-67aac910c539,SAMMS-BowlingGreen
202609032054005202,202609031904102758,202609031904101105,85,1025,Bronze INV,br_AdmissionAssessmentDimensionSix,TASK_COMPLETE,SUCCESS,INFO,217,217,0,,2026-09-03T19:04:17.619Z,2026-09-03T20:54:05.052Z,6588,2026-09-03T20:54:05.052Z,BOI,Boise,48b34b87-69c2-467d-a88c-67aac910c539,SAMMS-Boise
202609032054005203,202609031904102759,202609031904101105,85,1032,Bronze INV,br_AdmissionAssessmentDimensionSix,TASK_COMPLETE,SUCCESS,INFO,285,285,0,,2026-09-03T19:04:17.619Z,2026-09-03T20:54:05.052Z,6588,2026-09-03T20:54:05.052Z,CBCO,Coeur dAlene,48b34b87-69c2-467d-a88c-67aac910c539,SAMMS-CoeurdAleneV6
202609032054005204,202609031904102760,202609031904101105,85,1051,Bronze INV,br_AdmissionAssessmentDimensionSix,TASK_COMPLETE,SUCCESS,INFO,307,307,0,,2026-09-03T19:04:17.619Z,2026-09-03T20:54:05.052Z,6588,2026-09-03T20:54:05.052Z,CON,Conway,48b34b87-69c2-467d-a88c-67aac910c539,SAMMS-Conway
202609032054005205,202609031904102761,202609031904101105,85,1052,Bronze INV,br_AdmissionAssessmentDimensionSix,TASK_COMPLETE,SUCCESS,INFO,1539,1539,0,,2026-09-03T19:04:17.619Z,2026-09-03T20:54:05.052Z,6588,2026-09-03T20:54:05.052Z,D07,Medical Services Knox TN,48b34b87-69c2-467d-a88c-67aac910c539,SAMMS-KnoxvilleV6
202609032054005206,202609031904102762,202609031904101105,85,1053,Bronze INV,br_AdmissionAssessmentDimensionSix,TASK_COMPLETE,SUCCESS,INFO,959,959,0,,2026-09-03T19:04:17.619Z,2026-09-03T20:54:05.052Z,6588,2026-09-03T20:54:05.052Z,D08,Madison,48b34b87-69c2-467d-a88c-67aac910c539,SAMMS-MadisonV6
202609032054005208,202609031904102763,202609031904101105,85,1055,Bronze INV,br_AdmissionAssessmentDimensionSix,TASK_COMPLETE,SUCCESS,INFO,929,929,0,,2026-09-03T19:04:17.619Z,2026-09-03T20:54:05.052Z,6588,2026-09-03T20:54:05.052Z,D09,Murfreesboro,48b34b87-69c2-467d-a88c-67aac910c539,SAMMS-MurfreesboroV6
202609032054005209,202609031904102764,202609031904101105,85,1056,Bronze INV,br_AdmissionAssessmentDimensionSix,TASK_COMPLETE,SUCCESS,INFO,221,221,0,,2026-09-03T19:04:17.619Z,2026-09-03T20:54:05.052Z,6588,2026-09-03T20:54:05.052Z,DA,Davenport,48b34b87-69c2-467d-a88c-67aac910c539,SAMMS-Davenport
202609032054005210,202609031904102765,202609031904101105,85,1057,Bronze INV,br_AdmissionAssessmentDimensionSix,TASK_COMPLETE,SUCCESS,INFO,353,353,0,,2026-09-03T19:04:17.619Z,2026-09-03T20:54:05.052Z,6588,2026-09-03T20:54:05.052Z,DM,Des Moines,48b34b87-69c2-467d-a88c-67aac910c539,SAMMS-DesMoines
202609032054005211,202609031904102766,202609031904101105,85,1059,Bronze INV,br_AdmissionAssessmentDimensionSix,TASK_COMPLETE,SUCCESS,INFO,477,477,0,,2026-09-03T19:04:17.619Z,2026-09-03T20:54:05.052Z,6588,2026-09-03T20:54:05.052Z,DRD-CO,Columbia MO,48b34b87-69c2-467d-a88c-67aac910c539,SAMMS-ColumbiaV5
202609032054005212,202609031904102767,202609031904101105,85,1060,Bronze INV,br_AdmissionAssessmentDimensionSix,TASK_COMPLETE,SUCCESS,INFO,594,594,0,,2026-09-03T19:04:17.619Z,2026-09-03T20:54:05.052Z,6588,2026-09-03T20:54:05.052Z,DRD-KC,KC,48b34b87-69c2-467d-a88c-67aac910c539,SAMMS-KCv5
202609032054005213,202609031904102768,202609031904101105,85,1061,Bronze INV,br_AdmissionAssessmentDimensionSix,TASK_COMPLETE,SUCCESS,INFO,945,945,0,,2026-09-03T19:04:17.619Z,2026-09-03T20:54:05.052Z,6588,2026-09-03T20:54:05.052Z,DRD-KVB,KVB,48b34b87-69c2-467d-a88c-67aac910c539,SAMMS-KVBv5
202609032054005214,202609031904102769,202609031904101105,85,1062,Bronze INV,br_AdmissionAssessmentDimensionSix,TASK_COMPLETE,SUCCESS,INFO,1572,1572,0,,2026-09-03T19:04:17.619Z,2026-09-03T20:54:05.052Z,6588,2026-09-03T20:54:05.052Z,DRD-KVC,KVC,48b34b87-69c2-467d-a88c-67aac910c539,SAMMS-KVCv5
202609032054005215,202609031904102770,202609031904101105,85,1063,Bronze INV,br_AdmissionAssessmentDimensionSix,TASK_COMPLETE,SUCCESS,INFO,1253,1253,0,,2026-09-03T19:04:17.619Z,2026-09-03T20:54:05.052Z,6588,2026-09-03T20:54:05.052Z,DRD-NOLA,NOLA,48b34b87-69c2-467d-a88c-67aac910c539,SAMMS-NOLAv5
202609032054005217,202609031904102771,202609031904101105,85,1064,Bronze INV,br_AdmissionAssessmentDimensionSix,TASK_COMPLETE,SUCCESS,INFO,745,745,0,,2026-09-03T19:04:17.619Z,2026-09-03T20:54:05.052Z,6588,2026-09-03T20:54:05.052Z,DRD-SF,Springfield,48b34b87-69c2-467d-a88c-67aac910c539,SAMMS-SFv5
202609032054005218,202609031904102772,202609031904101105,85,1066,Bronze INV,br_AdmissionAssessmentDimensionSix,TASK_COMPLETE,SUCCESS,INFO,249,249,0,,2026-09-03T19:04:17.619Z,2026-09-03T20:54:05.052Z,6588,2026-09-03T20:54:05.052Z,ELC,Elizabeth City,48b34b87-69c2-467d-a88c-67aac910c539,SAMMS-ElizabethCity
202609032054005219,202609031904102773,202609031904101105,85,1067,Bronze INV,br_AdmissionAssessmentDimensionSix,TASK_COMPLETE,SUCCESS,INFO,260,260,0,,2026-09-03T19:04:17.619Z,2026-09-03T20:54:05.052Z,6588,2026-09-03T20:54:05.052Z,ET,Elizabethtown,48b34b87-69c2-467d-a88c-67aac910c539,SAMMS-Elizabethtown
202609032054005220,202609031904102774,202609031904101105,85,1068,Bronze INV,br_AdmissionAssessmentDimensionSix,TASK_COMPLETE,SUCCESS,INFO,228,228,0,,2026-09-03T19:04:17.619Z,2026-09-03T20:54:05.052Z,6588,2026-09-03T20:54:05.052Z,FAY,Fayetteville,48b34b87-69c2-467d-a88c-67aac910c539,SAMMS-Fayetteville
202609032054005221,202609031904102775,202609031904101105,85,1069,Bronze INV,br_AdmissionAssessmentDimensionSix,TASK_COMPLETE,SUCCESS,INFO,180,180,0,,2026-09-03T19:04:17.619Z,2026-09-03T20:54:05.052Z,6588,2026-09-03T20:54:05.052Z,FR,Frankfort,48b34b87-69c2-467d-a88c-67aac910c539,SAMMS-Frankfort
202609032054005222,202609031904102776,202609031904101105,85,1070,Bronze INV,br_AdmissionAssessmentDimensionSix,TASK_COMPLETE,SUCCESS,INFO,281,281,0,,2026-09-03T19:04:17.619Z,2026-09-03T20:54:05.052Z,6588,2026-09-03T20:54:05.052Z,FS,Fort Smith,48b34b87-69c2-467d-a88c-67aac910c539,SAMMS-FortSmith
202609032054005223,202609031904102777,202609031904101105,85,1071,Bronze INV,br_AdmissionAssessmentDimensionSix,TASK_COMPLETE,SUCCESS,INFO,685,685,0,,2026-09-03T19:04:17.619Z,2026-09-03T20:54:05.052Z,6588,2026-09-03T20:54:05.052Z,FW,Fort Wayne,48b34b87-69c2-467d-a88c-67aac910c539,SAMMS-FortWayne
202609032054005225,202609031904102778,202609031904101105,85,1072,Bronze INV,br_AdmissionAssessmentDimensionSix,TASK_COMPLETE,SUCCESS,INFO,103,103,0,,2026-09-03T19:04:17.619Z,2026-09-03T20:54:05.052Z,6588,2026-09-03T20:54:05.052Z,GAL,Gaylord,48b34b87-69c2-467d-a88c-67aac910c539,SAMMS-Gaylord
202609032054005226,202609031904102779,202609031904101105,85,1076,Bronze INV,br_AdmissionAssessmentDimensionSix,TASK_COMPLETE,SUCCESS,INFO,618,618,0,,2026-09-03T19:04:17.619Z,2026-09-03T20:54:05.052Z,6588,2026-09-03T20:54:05.052Z,HGT,Hagerstown,48b34b87-69c2-467d-a88c-67aac910c539,SAMMS-Hagerstown
202609032054005227,202609031904102780,202609031904101105,85,1077,Bronze INV,br_AdmissionAssessmentDimensionSix,TASK_COMPLETE,SUCCESS,INFO,478,478,0,,2026-09-03T19:04:17.619Z,2026-09-03T20:54:05.052Z,6588,2026-09-03T20:54:05.052Z,HNT,Huntsville,48b34b87-69c2-467d-a88c-67aac910c539,SAMMS-Huntsville
202609032054005228,202609031904102781,202609031904101105,85,1078,Bronze INV,br_AdmissionAssessmentDimensionSix,TASK_COMPLETE,SUCCESS,INFO,309,309,0,,2026-09-03T19:04:17.619Z,2026-09-03T20:54:05.052Z,6588,2026-09-03T20:54:05.052Z,HS,Hot Springs,48b34b87-69c2-467d-a88c-67aac910c539,SAMMS-HotSprings
202609032054005229,202609031904102782,202609031904101105,85,1079,Bronze INV,br_AdmissionAssessmentDimensionSix,TASK_COMPLETE,SUCCESS,INFO,266,266,0,,2026-09-03T19:04:17.619Z,2026-09-03T20:54:05.052Z,6588,2026-09-03T20:54:05.052Z,JON,Jonesboro,48b34b87-69c2-467d-a88c-67aac910c539,SAMMS-Jonesboro
202609032054005230,202609031904102783,202609031904101105,85,1081,Bronze INV,br_AdmissionAssessmentDimensionSix,TASK_COMPLETE,SUCCESS,INFO,155,155,0,,2026-09-03T19:04:17.619Z,2026-09-03T20:54:05.052Z,6588,2026-09-03T20:54:05.052Z,LAN,Lansing,48b34b87-69c2-467d-a88c-67aac910c539,SAMMS-Lansing
202609032054005231,202609031904102784,202609031904101105,85,1082,Bronze INV,br_AdmissionAssessmentDimensionSix,TASK_COMPLETE,SUCCESS,INFO,428,428,0,,2026-09-03T19:04:17.619Z,2026-09-03T20:54:05.052Z,6588,2026-09-03T20:54:05.052Z,LO,Louisville,48b34b87-69c2-467d-a88c-67aac910c539,SAMMS-Louisville
202609032054005233,202609031904102785,202609031904101105,85,1083,Bronze INV,br_AdmissionAssessmentDimensionSix,TASK_COMPLETE,SUCCESS,INFO,1155,1155,0,,2026-09-03T19:04:17.619Z,2026-09-03T20:54:05.052Z,6588,2026-09-03T20:54:05.052Z,LV1,Cheyenne,48b34b87-69c2-467d-a88c-67aac910c539,SAMMS-Cheyenne
202609032054005234,202609031904102786,202609031904101105,85,1084,Bronze INV,br_AdmissionAssessmentDimensionSix,TASK_COMPLETE,SUCCESS,INFO,930,930,0,,2026-09-03T19:04:17.619Z,2026-09-03T20:54:05.052Z,6588,2026-09-03T20:54:05.052Z,LV2,Desert Inn,48b34b87-69c2-467d-a88c-67aac910c539,SAMMS-DesertInn
202609032054005235,202609031904102787,202609031904101105,85,1085,Bronze INV,br_AdmissionAssessmentDimensionSix,TASK_COMPLETE,SUCCESS,INFO,307,307,0,,2026-09-03T19:04:17.619Z,2026-09-03T20:54:05.052Z,6588,2026-09-03T20:54:05.052Z,LV3,McDaniel,48b34b87-69c2-467d-a88c-67aac910c539,SAMMS-McDaniel
202609032054005236,202609031904102788,202609031904101105,85,1088,Bronze INV,br_AdmissionAssessmentDimensionSix,TASK_COMPLETE,SUCCESS,INFO,270,270,0,,2026-09-03T19:04:17.619Z,2026-09-03T20:54:05.052Z,6588,2026-09-03T20:54:05.052Z,MNRE,Monroe,48b34b87-69c2-467d-a88c-67aac910c539,SAMMS-Monroe
202609032054005237,202609031904102789,202609031904101105,85,1089,Bronze INV,br_AdmissionAssessmentDimensionSix,TASK_COMPLETE,SUCCESS,INFO,124,124,0,,2026-09-03T19:04:17.619Z,2026-09-03T20:54:05.052Z,6588,2026-09-03T20:54:05.052Z,MP,Mt. Pleasant,48b34b87-69c2-467d-a88c-67aac910c539,SAMMS-MtPleasant
202609032054005238,202609031904102790,202609031904101105,85,1090,Bronze INV,br_AdmissionAssessmentDimensionSix,TASK_COMPLETE,SUCCESS,INFO,173,173,0,,2026-09-03T19:04:17.619Z,2026-09-03T20:54:05.052Z,6588,2026-09-03T20:54:05.052Z,MRD,Meridian,48b34b87-69c2-467d-a88c-67aac910c539,SAMMS-Meridian
202609032054005239,202609031904102791,202609031904101105,85,1095,Bronze INV,br_AdmissionAssessmentDimensionSix,TASK_COMPLETE,SUCCESS,INFO,632,632,0,,2026-09-03T19:04:17.619Z,2026-09-03T20:54:05.052Z,6588,2026-09-03T20:54:05.052Z,NC,North Charleston,48b34b87-69c2-467d-a88c-67aac910c539,SAMMS-NorthCharleston
202609032054005240,202609031904102792,202609031904101105,85,1096,Bronze INV,br_AdmissionAssessmentDimensionSix,TASK_COMPLETE,SUCCESS,INFO,574,574,0,,2026-09-03T19:04:17.619Z,2026-09-03T20:54:05.052Z,6588,2026-09-03T20:54:05.052Z,NLR,N. Little Rock,48b34b87-69c2-467d-a88c-67aac910c539,SAMMS-NLROBOT
202609032054005242,202609031904102793,202609031904101105,85,1097,Bronze INV,br_AdmissionAssessmentDimensionSix,TASK_COMPLETE,SUCCESS,INFO,234,234,0,,2026-09-03T19:04:17.619Z,2026-09-03T20:54:05.052Z,6588,2026-09-03T20:54:05.052Z,PH,Phoenix,48b34b87-69c2-467d-a88c-67aac910c539,SAMMS-Phoenix
202609032054005243,202609031904102794,202609031904101105,85,1101,Bronze INV,br_AdmissionAssessmentDimensionSix,TASK_COMPLETE,SUCCESS,INFO,406,406,0,,2026-09-03T19:04:17.619Z,2026-09-03T20:54:05.052Z,6588,2026-09-03T20:54:05.052Z,RE,Reno,48b34b87-69c2-467d-a88c-67aac910c539,SAMMS-Reno
202609032054005244,202609031904102795,202609031904101105,85,1102,Bronze INV,br_AdmissionAssessmentDimensionSix,TASK_COMPLETE,SUCCESS,INFO,387,387,0,,2026-09-03T19:04:17.619Z,2026-09-03T20:54:05.052Z,6588,2026-09-03T20:54:05.052Z,RMD,Richmond,48b34b87-69c2-467d-a88c-67aac910c539,SAMMS-Richmond
202609032054005245,202609031904102796,202609031904101105,85,1103,Bronze INV,br_AdmissionAssessmentDimensionSix,TASK_COMPLETE,SUCCESS,INFO,488,488,0,,2026-09-03T19:04:17.619Z,2026-09-03T20:54:05.052Z,6588,2026-09-03T20:54:05.052Z,SFN,Springfield North,48b34b87-69c2-467d-a88c-67aac910c539,SAMMS-SFNv5
202609032054005246,202609031904102797,202609031904101105,85,1104,Bronze INV,br_AdmissionAssessmentDimensionSix,TASK_COMPLETE,SUCCESS,INFO,448,448,0,,2026-09-03T19:04:17.619Z,2026-09-03T20:54:05.052Z,6588,2026-09-03T20:54:05.052Z,SHP,Shreveport,48b34b87-69c2-467d-a88c-67aac910c539,SAMMS-Shreveport
202609032054005247,202609031904102798,202609031904101105,85,1106,Bronze INV,br_AdmissionAssessmentDimensionSix,TASK_COMPLETE,SUCCESS,INFO,81,81,0,,2026-09-03T19:04:17.619Z,2026-09-03T20:54:05.052Z,6588,2026-09-03T20:54:05.052Z,STN,Staunton,48b34b87-69c2-467d-a88c-67aac910c539,SAMMS-Staunton
202609032054005248,202609031904102799,202609031904101105,85,1107,Bronze INV,br_AdmissionAssessmentDimensionSix,TASK_COMPLETE,SUCCESS,INFO,53,53,0,,2026-09-03T19:04:17.619Z,2026-09-03T20:54:05.052Z,6588,2026-09-03T20:54:05.052Z,STVN,Stevenson,48b34b87-69c2-467d-a88c-67aac910c539,SAMMS-Stevenson
202609032054005250,202609031904102800,202609031904101105,85,1109,Bronze INV,br_AdmissionAssessmentDimensionSix,TASK_COMPLETE,SUCCESS,INFO,70,70,0,,2026-09-03T19:04:17.619Z,2026-09-03T20:54:05.052Z,6588,2026-09-03T20:54:05.052Z,TE,Tempe,48b34b87-69c2-467d-a88c-67aac910c539,SAMMS-Tempe
202609032054005251,202609031904102801,202609031904101105,85,1110,Bronze INV,br_AdmissionAssessmentDimensionSix,TASK_COMPLETE,SUCCESS,INFO,365,365,0,,2026-09-03T19:04:17.619Z,2026-09-03T20:54:05.052Z,6588,2026-09-03T20:54:05.052Z,TEX,Texarkana,48b34b87-69c2-467d-a88c-67aac910c539,SAMMS-Texarkana
202609032054005252,202609031904102802,202609031904101105,85,1111,Bronze INV,br_AdmissionAssessmentDimensionSix,TASK_COMPLETE,SUCCESS,INFO,417,417,0,,2026-09-03T19:04:17.619Z,2026-09-03T20:54:05.052Z,6588,2026-09-03T20:54:05.052Z,TTCA,Bessemer,48b34b87-69c2-467d-a88c-67aac910c539,SAMMS-BessemerV5
202609032054005253,202609031904102803,202609031904101105,85,1112,Bronze INV,br_AdmissionAssessmentDimensionSix,TASK_COMPLETE,SUCCESS,INFO,551,551,0,,2026-09-03T19:04:17.619Z,2026-09-03T20:54:05.052Z,6588,2026-09-03T20:54:05.052Z,TTCB,Cullman,48b34b87-69c2-467d-a88c-67aac910c539,SAMMS-CullmanV5
202609032054005254,202609031904102804,202609031904101105,85,1113,Bronze INV,br_AdmissionAssessmentDimensionSix,TASK_COMPLETE,SUCCESS,INFO,301,301,0,,2026-09-03T19:04:17.619Z,2026-09-03T20:54:05.052Z,6588,2026-09-03T20:54:05.052Z,TTCC,Grand Bay,48b34b87-69c2-467d-a88c-67aac910c539,SAMMS-GrandBay
202609032054005255,202609031904102805,202609031904101105,85,1114,Bronze INV,br_AdmissionAssessmentDimensionSix,TASK_COMPLETE,SUCCESS,INFO,20,20,0,,2026-09-03T19:04:17.619Z,2026-09-03T20:54:05.052Z,6588,2026-09-03T20:54:05.052Z,TU,Tucson,48b34b87-69c2-467d-a88c-67aac910c539,SAMMS-Tucson
202608292054378917,202608291904434407,202608291904434406,85,2070,Bronze INV,br_InvType,TASK_COMPLETE,SUCCESS,INFO,7,7,0,,2026-08-29T19:04:49.126Z,2026-08-29T20:54:41.421Z,6592,2026-08-29T20:54:41.421Z,AHK,Ahoskie,dd7385f2-fbd4-41a4-afcd-7296aca5e198,SAMMS-Ahoskie
202608292054378919,202608291904434408,202608291904434406,85,2071,Bronze INV,br_InvType,TASK_COMPLETE,SUCCESS,INFO,7,7,0,,2026-08-29T19:04:49.126Z,2026-08-29T20:54:41.421Z,6592,2026-08-29T20:54:41.421Z,B12B,Colorado Springs,dd7385f2-fbd4-41a4-afcd-7296aca5e198,SAMMS-ColoradoSpringsV5
202608292054378920,202608291904434409,202608291904434406,85,2072,Bronze INV,br_InvType,TASK_COMPLETE,SUCCESS,INFO,7,7,0,,2026-08-29T19:04:49.126Z,2026-08-29T20:54:41.421Z,6592,2026-08-29T20:54:41.421Z,B24,Paintsville,dd7385f2-fbd4-41a4-afcd-7296aca5e198,SAMMS-PaintsvilleV5
202608292054378921,202608291904434410,202608291904434406,85,2073,Bronze INV,br_InvType,TASK_COMPLETE,SUCCESS,INFO,7,7,0,,2026-08-29T19:04:49.126Z,2026-08-29T20:54:41.421Z,6592,2026-08-29T20:54:41.421Z,B25,Pikeville,dd7385f2-fbd4-41a4-afcd-7296aca5e198,SAMMS-PikevilleV5
202608292054378923,202608291904434411,202608291904434406,85,2074,Bronze INV,br_InvType,TASK_COMPLETE,SUCCESS,INFO,7,7,0,,2026-08-29T19:04:49.126Z,2026-08-29T20:54:41.421Z,6592,2026-08-29T20:54:41.421Z,B26,Hazard,dd7385f2-fbd4-41a4-afcd-7296aca5e198,SAMMS-HazardV5
202608292054378924,202608291904434412,202608291904434406,85,2075,Bronze INV,br_InvType,TASK_COMPLETE,SUCCESS,INFO,7,7,0,,2026-08-29T19:04:49.126Z,2026-08-29T20:54:41.421Z,6592,2026-08-29T20:54:41.421Z,B27,Savannah,dd7385f2-fbd4-41a4-afcd-7296aca5e198,SAMMS-SavannahV6
202608292054378925,202608291904434413,202608291904434406,85,2076,Bronze INV,br_InvType,TASK_COMPLETE,SUCCESS,INFO,7,7,0,,2026-08-29T19:04:49.126Z,2026-08-29T20:54:41.421Z,6592,2026-08-29T20:54:41.421Z,B28,West Plains,dd7385f2-fbd4-41a4-afcd-7296aca5e198,SAMMS-WestPlainesV5
202608292054378926,202608291904434414,202608291904434406,85,2077,Bronze INV,br_InvType,TASK_COMPLETE,SUCCESS,INFO,7,7,0,,2026-08-29T19:04:49.126Z,2026-08-29T20:54:41.421Z,6592,2026-08-29T20:54:41.421Z,B29,Poplar Bluff,dd7385f2-fbd4-41a4-afcd-7296aca5e198,SAMMS-PoplarBluffV5
202608292054378927,202608291904434415,202608291904434406,85,2078,Bronze INV,br_InvType,TASK_COMPLETE,SUCCESS,INFO,7,7,0,,2026-08-29T19:04:49.126Z,2026-08-29T20:54:41.421Z,6592,2026-08-29T20:54:41.421Z,B30,KC North,dd7385f2-fbd4-41a4-afcd-7296aca5e198,SAMMS-KCNv5
202608292054378929,202608291904434416,202608291904434406,85,2079,Bronze INV,br_InvType,TASK_COMPLETE,SUCCESS,INFO,7,7,0,,2026-08-29T19:04:49.126Z,2026-08-29T20:54:41.421Z,6592,2026-08-29T20:54:41.421Z,B31,Dyersburg,dd7385f2-fbd4-41a4-afcd-7296aca5e198,SAMMS-DyersburgV5
202608292054378930,202608291904434417,202608291904434406,85,2081,Bronze INV,br_InvType,TASK_COMPLETE,SUCCESS,INFO,6,6,0,,2026-08-29T19:04:49.126Z,2026-08-29T20:54:41.421Z,6592,2026-08-29T20:54:41.421Z,B33,Paducah,dd7385f2-fbd4-41a4-afcd-7296aca5e198,SAMMS-Paducah
202608292054378931,202608291904434418,202608291904434406,85,2082,Bronze INV,br_InvType,TASK_COMPLETE,SUCCESS,INFO,6,6,0,,2026-08-29T19:04:49.126Z,2026-08-29T20:54:41.421Z,6592,2026-08-29T20:54:41.421Z,B34,Corbin,dd7385f2-fbd4-41a4-afcd-7296aca5e198,SAMMS-CorbinV5
202608292054378932,202608291904434419,202608291904434406,85,2083,Bronze INV,br_InvType,TASK_COMPLETE,SUCCESS,INFO,8,8,0,,2026-08-29T19:04:49.126Z,2026-08-29T20:54:41.421Z,6592,2026-08-29T20:54:41.421Z,B35,Lexington,dd7385f2-fbd4-41a4-afcd-7296aca5e198,SAMMS-LexingtonV5
202608292054378933,202608291904434420,202608291904434406,85,2084,Bronze INV,br_InvType,TASK_COMPLETE,SUCCESS,INFO,8,8,0,,2026-08-29T19:04:49.126Z,2026-08-29T20:54:41.421Z,6592,2026-08-29T20:54:41.421Z,B35A,Berea,dd7385f2-fbd4-41a4-afcd-7296aca5e198,SAMMS-BereaV5
202608292054378935,202608291904434421,202608291904434406,85,2085,Bronze INV,br_InvType,TASK_COMPLETE,SUCCESS,INFO,5,5,0,,2026-08-29T19:04:49.126Z,2026-08-29T20:54:41.421Z,6592,2026-08-29T20:54:41.421Z,B36,Asheville,dd7385f2-fbd4-41a4-afcd-7296aca5e198,SAMMS-AshevilleV5
202608292054378936,202608291904434422,202608291904434406,85,2086,Bronze INV,br_InvType,TASK_COMPLETE,SUCCESS,INFO,6,6,0,,2026-08-29T19:04:49.126Z,2026-08-29T20:54:41.421Z,6592,2026-08-29T20:54:41.421Z,B37,Clyde,dd7385f2-fbd4-41a4-afcd-7296aca5e198,SAMMS-ClydeV5
202608292054378937,202608291904434423,202608291904434406,85,2087,Bronze INV,br_InvType,TASK_COMPLETE,SUCCESS,INFO,7,7,0,,2026-08-29T19:04:49.126Z,2026-08-29T20:54:41.421Z,6592,2026-08-29T20:54:41.421Z,B38,Spartanburg,dd7385f2-fbd4-41a4-afcd-7296aca5e198,SAMMS-SpartanburgV5
202608292054378938,202608291904434424,202608291904434406,85,2088,Bronze INV,br_InvType,TASK_COMPLETE,SUCCESS,INFO,6,6,0,,2026-08-29T19:04:49.126Z,2026-08-29T20:54:41.421Z,6592,2026-08-29T20:54:41.421Z,B39,Aiken,dd7385f2-fbd4-41a4-afcd-7296aca5e198,SAMMS-AikenV5
202608292054378939,202608291904434425,202608291904434406,85,2089,Bronze INV,br_InvType,TASK_COMPLETE,SUCCESS,INFO,5,5,0,,2026-08-29T19:04:49.126Z,2026-08-29T20:54:41.421Z,6592,2026-08-29T20:54:41.421Z,B41,Chesapeake,dd7385f2-fbd4-41a4-afcd-7296aca5e198,SAMMS-ChesapeakeV5
202608292054378940,202608291904434426,202608291904434406,85,2090,Bronze INV,br_InvType,TASK_COMPLETE,SUCCESS,INFO,6,6,0,,2026-08-29T19:04:49.126Z,2026-08-29T20:54:41.421Z,6592,2026-08-29T20:54:41.421Z,B42,Virginia Beach,dd7385f2-fbd4-41a4-afcd-7296aca5e198,SAMMS-VirginiaBeachV5
202608292054378942,202608291904434427,202608291904434406,85,2091,Bronze INV,br_InvType,TASK_COMPLETE,SUCCESS,INFO,5,5,0,,2026-08-29T19:04:49.126Z,2026-08-29T20:54:41.421Z,6592,2026-08-29T20:54:41.421Z,B42A,Newport News,dd7385f2-fbd4-41a4-afcd-7296aca5e198,SAMMS-NewportNewsV5
202608292054378943,202608291904434428,202608291904434406,85,2092,Bronze INV,br_InvType,TASK_COMPLETE,SUCCESS,INFO,3,3,0,,2026-08-29T19:04:49.126Z,2026-08-29T20:54:41.421Z,6592,2026-08-29T20:54:41.421Z,B42B,Franklin,dd7385f2-fbd4-41a4-afcd-7296aca5e198,SAMMS-FranklinV5
202608292054378944,202608291904434429,202608291904434406,85,2093,Bronze INV,br_InvType,TASK_COMPLETE,SUCCESS,INFO,5,5,0,,2026-08-29T19:04:49.126Z,2026-08-29T20:54:41.421Z,6592,2026-08-29T20:54:41.421Z,B42C,Glen Allen,dd7385f2-fbd4-41a4-afcd-7296aca5e198,SAMMS-GlenAllenV5
202608292054378945,202608291904434430,202608291904434406,85,2094,Bronze INV,br_InvType,TASK_COMPLETE,SUCCESS,INFO,7,7,0,,2026-08-29T19:04:49.126Z,2026-08-29T20:54:41.421Z,6592,2026-08-29T20:54:41.421Z,B42D,Chesapeake South,dd7385f2-fbd4-41a4-afcd-7296aca5e198,SAMMS-ChesapeakeSouthV5
202608292054378947,202608291904434431,202608291904434406,85,2095,Bronze INV,br_InvType,TASK_COMPLETE,SUCCESS,INFO,5,5,0,,2026-08-29T19:04:49.126Z,2026-08-29T20:54:41.421Z,6592,2026-08-29T20:54:41.421Z,B44,Albany,dd7385f2-fbd4-41a4-afcd-7296aca5e198,SAMMS-AlbanyV5
202608292054378948,202608291904434432,202608291904434406,85,2096,Bronze INV,br_InvType,TASK_COMPLETE,SUCCESS,INFO,5,5,0,,2026-08-29T19:04:49.126Z,2026-08-29T20:54:41.421Z,6592,2026-08-29T20:54:41.421Z,B45,Tifton,dd7385f2-fbd4-41a4-afcd-7296aca5e198,SAMMS-TiftonV5
202608292054378949,202608291904434433,202608291904434406,85,2097,Bronze INV,br_InvType,TASK_COMPLETE,SUCCESS,INFO,5,5,0,,2026-08-29T19:04:49.126Z,2026-08-29T20:54:41.421Z,6592,2026-08-29T20:54:41.421Z,B46,Washington DC,dd7385f2-fbd4-41a4-afcd-7296aca5e198,SAMMS-WashingtonDCv5
202608292054378950,202608291904434434,202608291904434406,85,2098,Bronze INV,br_InvType,TASK_COMPLETE,SUCCESS,INFO,7,7,0,,2026-08-29T19:04:49.126Z,2026-08-29T20:54:41.421Z,6592,2026-08-29T20:54:41.421Z,B47,Mobile,dd7385f2-fbd4-41a4-afcd-7296aca5e198,SAMMS-MobileV5
202608292054378952,202608291904434435,202608291904434406,85,2099,Bronze INV,br_InvType,TASK_COMPLETE,SUCCESS,INFO,6,6,0,,2026-08-29T19:04:49.126Z,2026-08-29T20:54:41.421Z,6592,2026-08-29T20:54:41.421Z,B48,Tuscaloosa,dd7385f2-fbd4-41a4-afcd-7296aca5e198,SAMMS-TuscaloosaV5
202608292054378953,202608291904434436,202608291904434406,85,2108,Bronze INV,br_InvType,TASK_COMPLETE,SUCCESS,INFO,7,7,0,,2026-08-29T19:04:49.126Z,2026-08-29T20:54:41.421Z,6592,2026-08-29T20:54:41.421Z,B51,N. Little Rock (OTP),dd7385f2-fbd4-41a4-afcd-7296aca5e198,SAMMS-NorthLittleRockV6
202608292054378954,202608291904434437,202608291904434406,85,2109,Bronze INV,br_InvType,TASK_COMPLETE,SUCCESS,INFO,5,5,0,,2026-08-29T19:04:49.126Z,2026-08-29T20:54:41.421Z,6592,2026-08-29T20:54:41.421Z,B52,Jackson GA,dd7385f2-fbd4-41a4-afcd-7296aca5e198,SAMMS-JacksonGAV5
202608292054378955,202608291904434438,202608291904434406,85,2110,Bronze INV,br_InvType,TASK_COMPLETE,SUCCESS,INFO,7,7,0,,2026-08-29T19:04:49.126Z,2026-08-29T20:54:41.421Z,6592,2026-08-29T20:54:41.421Z,B54,Gadsden,dd7385f2-fbd4-41a4-afcd-7296aca5e198,SAMMS-GadsdenV5
202608292054378956,202608291904434439,202608291904434406,85,2111,Bronze INV,br_InvType,TASK_COMPLETE,SUCCESS,INFO,8,8,0,,2026-08-29T19:04:49.126Z,2026-08-29T20:54:41.421Z,6592,2026-08-29T20:54:41.421Z,B55,Shoals,dd7385f2-fbd4-41a4-afcd-7296aca5e198,SAMMS-ShoalsV5
202608292054378957,202608291904434440,202608291904434406,85,2112,Bronze INV,br_InvType,TASK_COMPLETE,SUCCESS,INFO,7,7,0,,2026-08-29T19:04:49.126Z,2026-08-29T20:54:41.421Z,6592,2026-08-29T20:54:41.421Z,B57,Pawtucket,dd7385f2-fbd4-41a4-afcd-7296aca5e198,SAMMS-Pawtucket
202608292054378959,202608291904434441,202608291904434406,85,2113,Bronze INV,br_InvType,TASK_COMPLETE,SUCCESS,INFO,8,8,0,,2026-08-29T19:04:49.126Z,2026-08-29T20:54:41.421Z,6592,2026-08-29T20:54:41.421Z,B57A,Johnston,dd7385f2-fbd4-41a4-afcd-7296aca5e198,SAMMS-Johnston
202608292054378960,202608291904434442,202608291904434406,85,2114,Bronze INV,br_InvType,TASK_COMPLETE,SUCCESS,INFO,7,7,0,,2026-08-29T19:04:49.126Z,2026-08-29T20:54:41.421Z,6592,2026-08-29T20:54:41.421Z,B57B,Middletown,dd7385f2-fbd4-41a4-afcd-7296aca5e198,SAMMS-Middletown
202608292054378961,202608291904434443,202608291904434406,85,2115,Bronze INV,br_InvType,TASK_COMPLETE,SUCCESS,INFO,7,7,0,,2026-08-29T19:04:49.126Z,2026-08-29T20:54:41.421Z,6592,2026-08-29T20:54:41.421Z,B57C,Providence,dd7385f2-fbd4-41a4-afcd-7296aca5e198,SAMMS-Providence
202608292054378962,202608291904434444,202608291904434406,85,2116,Bronze INV,br_InvType,TASK_COMPLETE,SUCCESS,INFO,7,7,0,,2026-08-29T19:04:49.126Z,2026-08-29T20:54:41.421Z,6592,2026-08-29T20:54:41.421Z,B57D,Westerly,dd7385f2-fbd4-41a4-afcd-7296aca5e198,SAMMS-Westerly
202608292054378963,202608291904434445,202608291904434406,85,2120,Bronze INV,br_InvType,TASK_COMPLETE,SUCCESS,INFO,0,0,0,,2026-08-29T19:04:49.126Z,2026-08-29T20:54:41.421Z,6592,2026-08-29T20:54:41.421Z,B66A,Bremen,dd7385f2-fbd4-41a4-afcd-7296aca5e198,SAMMS-Bremen
202608292054378964,202608291904434446,202608291904434406,85,2123,Bronze INV,br_InvType,TASK_COMPLETE,SUCCESS,INFO,0,0,0,,2026-08-29T19:04:49.126Z,2026-08-29T20:54:41.421Z,6592,2026-08-29T20:54:41.421Z,B72,Mobile (OBOT),dd7385f2-fbd4-41a4-afcd-7296aca5e198,SAMMS-Mobile-OBOT
202608292054378965,202608291904434447,202608291904434406,85,2124,Bronze INV,br_InvType,TASK_COMPLETE,SUCCESS,INFO,0,0,0,,2026-08-29T19:04:49.126Z,2026-08-29T20:54:41.421Z,6592,2026-08-29T20:54:41.421Z,B73,Montgomery,dd7385f2-fbd4-41a4-afcd-7296aca5e198,SAMMS-Montgomery
202608292054378967,202608291904434448,202608291904434406,85,2125,Bronze INV,br_InvType,TASK_COMPLETE,SUCCESS,INFO,7,7,0,,2026-08-29T19:04:49.126Z,2026-08-29T20:54:41.421Z,6592,2026-08-29T20:54:41.421Z,B75,Lawrence,dd7385f2-fbd4-41a4-afcd-7296aca5e198,SAMMS-LawrenceV6
202608292054378968,202608291904434449,202608291904434406,85,2126,Bronze INV,br_InvType,TASK_COMPLETE,SUCCESS,INFO,0,0,0,,2026-08-29T19:04:49.126Z,2026-08-29T20:54:41.421Z,6592,2026-08-29T20:54:41.421Z,B76,Huntsville OBOT,dd7385f2-fbd4-41a4-afcd-7296aca5e198,SAMMS-Huntsville-OBOT
202608292054378969,202608291904434450,202608291904434406,85,2127,Bronze INV,br_InvType,TASK_COMPLETE,SUCCESS,INFO,7,7,0,,2026-08-29T19:04:49.126Z,2026-08-29T20:54:41.421Z,6592,2026-08-29T20:54:41.421Z,BAT,Batesville,dd7385f2-fbd4-41a4-afcd-7296aca5e198,SAMMS-Batesville
202608292054378970,202608291904434451,202608291904434406,85,2128,Bronze INV,br_InvType,TASK_COMPLETE,SUCCESS,INFO,7,7,0,,2026-08-29T19:04:49.126Z,2026-08-29T20:54:41.421Z,6592,2026-08-29T20:54:41.421Z,BG,Bowling Green,dd7385f2-fbd4-41a4-afcd-7296aca5e198,SAMMS-BowlingGreen
202608292054378971,202608291904434452,202608291904434406,85,2129,Bronze INV,br_InvType,TASK_COMPLETE,SUCCESS,INFO,7,7,0,,2026-08-29T19:04:49.126Z,2026-08-29T20:54:41.421Z,6592,2026-08-29T20:54:41.421Z,BOI,Boise,dd7385f2-fbd4-41a4-afcd-7296aca5e198,SAMMS-Boise
202608292054378973,202608291904434453,202608291904434406,85,2136,Bronze INV,br_InvType,TASK_COMPLETE,SUCCESS,INFO,7,7,0,,2026-08-29T19:04:49.126Z,2026-08-29T20:54:41.421Z,6592,2026-08-29T20:54:41.421Z,CBCO,Coeur dAlene,dd7385f2-fbd4-41a4-afcd-7296aca5e198,SAMMS-CoeurdAleneV6
202608292054378974,202608291904434454,202608291904434406,85,2155,Bronze INV,br_InvType,TASK_COMPLETE,SUCCESS,INFO,7,7,0,,2026-08-29T19:04:49.126Z,2026-08-29T20:54:41.421Z,6592,2026-08-29T20:54:41.421Z,CON,Conway,dd7385f2-fbd4-41a4-afcd-7296aca5e198,SAMMS-Conway
202608292054378975,202608291904434455,202608291904434406,85,2156,Bronze INV,br_InvType,TASK_COMPLETE,SUCCESS,INFO,7,7,0,,2026-08-29T19:04:49.126Z,2026-08-29T20:54:41.421Z,6592,2026-08-29T20:54:41.421Z,D07,Medical Services Knox TN,dd7385f2-fbd4-41a4-afcd-7296aca5e198,SAMMS-KnoxvilleV6
202608292054378976,202608291904434456,202608291904434406,85,2157,Bronze INV,br_InvType,TASK_COMPLETE,SUCCESS,INFO,7,7,0,,2026-08-29T19:04:49.126Z,2026-08-29T20:54:41.421Z,6592,2026-08-29T20:54:41.421Z,D08,Madison,dd7385f2-fbd4-41a4-afcd-7296aca5e198,SAMMS-MadisonV6
202608292054378977,202608291904434457,202608291904434406,85,2159,Bronze INV,br_InvType,TASK_COMPLETE,SUCCESS,INFO,7,7,0,,2026-08-29T19:04:49.126Z,2026-08-29T20:54:41.421Z,6592,2026-08-29T20:54:41.421Z,D09,Murfreesboro,dd7385f2-fbd4-41a4-afcd-7296aca5e198,SAMMS-MurfreesboroV6
202608292054378979,202608291904434458,202608291904434406,85,2160,Bronze INV,br_InvType,TASK_COMPLETE,SUCCESS,INFO,7,7,0,,2026-08-29T19:04:49.126Z,2026-08-29T20:54:41.421Z,6592,2026-08-29T20:54:41.421Z,DA,Davenport,dd7385f2-fbd4-41a4-afcd-7296aca5e198,SAMMS-Davenport
202608292054378980,202608291904434459,202608291904434406,85,2161,Bronze INV,br_InvType,TASK_COMPLETE,SUCCESS,INFO,7,7,0,,2026-08-29T19:04:49.126Z,2026-08-29T20:54:41.421Z,6592,2026-08-29T20:54:41.421Z,DM,Des Moines,dd7385f2-fbd4-41a4-afcd-7296aca5e198,SAMMS-DesMoines
202608292054378981,202608291904434460,202608291904434406,85,2163,Bronze INV,br_InvType,TASK_COMPLETE,SUCCESS,INFO,7,7,0,,2026-08-29T19:04:49.126Z,2026-08-29T20:54:41.421Z,6592,2026-08-29T20:54:41.421Z,DRD-CO,Columbia MO,dd7385f2-fbd4-41a4-afcd-7296aca5e198,SAMMS-ColumbiaV5
202608292054378982,202608291904434461,202608291904434406,85,2164,Bronze INV,br_InvType,TASK_COMPLETE,SUCCESS,INFO,7,7,0,,2026-08-29T19:04:49.126Z,2026-08-29T20:54:41.421Z,6592,2026-08-29T20:54:41.421Z,DRD-KC,KC,dd7385f2-fbd4-41a4-afcd-7296aca5e198,SAMMS-KCv5
202608292054378983,202608291904434462,202608291904434406,85,2165,Bronze INV,br_InvType,TASK_COMPLETE,SUCCESS,INFO,8,8,0,,2026-08-29T19:04:49.126Z,2026-08-29T20:54:41.421Z,6592,2026-08-29T20:54:41.421Z,DRD-KVB,KVB,dd7385f2-fbd4-41a4-afcd-7296aca5e198,SAMMS-KVBv5
202608292054378984,202608291904434463,202608291904434406,85,2166,Bronze INV,br_InvType,TASK_COMPLETE,SUCCESS,INFO,9,9,0,,2026-08-29T19:04:49.126Z,2026-08-29T20:54:41.421Z,6592,2026-08-29T20:54:41.421Z,DRD-KVC,KVC,dd7385f2-fbd4-41a4-afcd-7296aca5e198,SAMMS-KVCv5
202608292054378986,202608291904434464,202608291904434406,85,2167,Bronze INV,br_InvType,TASK_COMPLETE,SUCCESS,INFO,7,7,0,,2026-08-29T19:04:49.126Z,2026-08-29T20:54:41.421Z,6592,2026-08-29T20:54:41.421Z,DRD-NOLA,NOLA,dd7385f2-fbd4-41a4-afcd-7296aca5e198,SAMMS-NOLAv5
202608292054378987,202608291904434465,202608291904434406,85,2168,Bronze INV,br_InvType,TASK_COMPLETE,SUCCESS,INFO,7,7,0,,2026-08-29T19:04:49.126Z,2026-08-29T20:54:41.421Z,6592,2026-08-29T20:54:41.421Z,DRD-SF,Springfield,dd7385f2-fbd4-41a4-afcd-7296aca5e198,SAMMS-SFv5
202608292054378988,202608291904434466,202608291904434406,85,2170,Bronze INV,br_InvType,TASK_COMPLETE,SUCCESS,INFO,7,7,0,,2026-08-29T19:04:49.126Z,2026-08-29T20:54:41.421Z,6592,2026-08-29T20:54:41.421Z,ELC,Elizabeth City,dd7385f2-fbd4-41a4-afcd-7296aca5e198,SAMMS-ElizabethCity
202608292054378989,202608291904434467,202608291904434406,85,2171,Bronze INV,br_InvType,TASK_COMPLETE,SUCCESS,INFO,7,7,0,,2026-08-29T19:04:49.126Z,2026-08-29T20:54:41.421Z,6592,2026-08-29T20:54:41.421Z,ET,Elizabethtown,dd7385f2-fbd4-41a4-afcd-7296aca5e198,SAMMS-Elizabethtown
202608292054378990,202608291904434468,202608291904434406,85,2172,Bronze INV,br_InvType,TASK_COMPLETE,SUCCESS,INFO,7,7,0,,2026-08-29T19:04:49.126Z,2026-08-29T20:54:41.421Z,6592,2026-08-29T20:54:41.421Z,FAY,Fayetteville,dd7385f2-fbd4-41a4-afcd-7296aca5e198,SAMMS-Fayetteville
202608292054378991,202608291904434469,202608291904434406,85,2173,Bronze INV,br_InvType,TASK_COMPLETE,SUCCESS,INFO,7,7,0,,2026-08-29T19:04:49.126Z,2026-08-29T20:54:41.421Z,6592,2026-08-29T20:54:41.421Z,FR,Frankfort,dd7385f2-fbd4-41a4-afcd-7296aca5e198,SAMMS-Frankfort
202608292054378992,202608291904434470,202608291904434406,85,2174,Bronze INV,br_InvType,TASK_COMPLETE,SUCCESS,INFO,7,7,0,,2026-08-29T19:04:49.126Z,2026-08-29T20:54:41.421Z,6592,2026-08-29T20:54:41.421Z,FS,Fort Smith,dd7385f2-fbd4-41a4-afcd-7296aca5e198,SAMMS-FortSmith
202608292054378994,202608291904434471,202608291904434406,85,2175,Bronze INV,br_InvType,TASK_COMPLETE,SUCCESS,INFO,7,7,0,,2026-08-29T19:04:49.126Z,2026-08-29T20:54:41.421Z,6592,2026-08-29T20:54:41.421Z,FW,Fort Wayne,dd7385f2-fbd4-41a4-afcd-7296aca5e198,SAMMS-FortWayne
202608292054378995,202608291904434472,202608291904434406,85,2176,Bronze INV,br_InvType,TASK_COMPLETE,SUCCESS,INFO,7,7,0,,2026-08-29T19:04:49.126Z,2026-08-29T20:54:41.421Z,6592,2026-08-29T20:54:41.421Z,GAL,Gaylord,dd7385f2-fbd4-41a4-afcd-7296aca5e198,SAMMS-Gaylord
202608292054378996,202608291904434473,202608291904434406,85,2180,Bronze INV,br_InvType,TASK_COMPLETE,SUCCESS,INFO,4,4,0,,2026-08-29T19:04:49.126Z,2026-08-29T20:54:41.421Z,6592,2026-08-29T20:54:41.421Z,HGT,Hagerstown,dd7385f2-fbd4-41a4-afcd-7296aca5e198,SAMMS-Hagerstown
202608292054378997,202608291904434474,202608291904434406,85,2181,Bronze INV,br_InvType,TASK_COMPLETE,SUCCESS,INFO,5,5,0,,2026-08-29T19:04:49.126Z,2026-08-29T20:54:41.421Z,6592,2026-08-29T20:54:41.421Z,HNT,Huntsville,dd7385f2-fbd4-41a4-afcd-7296aca5e198,SAMMS-Huntsville
202608292054378998,202608291904434475,202608291904434406,85,2182,Bronze INV,br_InvType,TASK_COMPLETE,SUCCESS,INFO,7,7,0,,2026-08-29T19:04:49.126Z,2026-08-29T20:54:41.421Z,6592,2026-08-29T20:54:41.421Z,HS,Hot Springs,dd7385f2-fbd4-41a4-afcd-7296aca5e198,SAMMS-HotSprings
202608292054378999,202608291904434476,202608291904434406,85,2183,Bronze INV,br_InvType,TASK_COMPLETE,SUCCESS,INFO,7,7,0,,2026-08-29T19:04:49.126Z,2026-08-29T20:54:41.421Z,6592,2026-08-29T20:54:41.421Z,JON,Jonesboro,dd7385f2-fbd4-41a4-afcd-7296aca5e198,SAMMS-Jonesboro
202608292054379001,202608291904434477,202608291904434406,85,2185,Bronze INV,br_InvType,TASK_COMPLETE,SUCCESS,INFO,7,7,0,,2026-08-29T19:04:49.126Z,2026-08-29T20:54:41.421Z,6592,2026-08-29T20:54:41.421Z,LAN,Lansing,dd7385f2-fbd4-41a4-afcd-7296aca5e198,SAMMS-Lansing
202608292054379002,202608291904434478,202608291904434406,85,2186,Bronze INV,br_InvType,TASK_COMPLETE,SUCCESS,INFO,7,7,0,,2026-08-29T19:04:49.126Z,2026-08-29T20:54:41.421Z,6592,2026-08-29T20:54:41.421Z,LO,Louisville,dd7385f2-fbd4-41a4-afcd-7296aca5e198,SAMMS-Louisville
202608292054379003,202608291904434479,202608291904434406,85,2187,Bronze INV,br_InvType,TASK_COMPLETE,SUCCESS,INFO,7,7,0,,2026-08-29T19:04:49.126Z,2026-08-29T20:54:41.421Z,6592,2026-08-29T20:54:41.421Z,LV1,Cheyenne,dd7385f2-fbd4-41a4-afcd-7296aca5e198,SAMMS-Cheyenne
202608292054379004,202608291904434480,202608291904434406,85,2188,Bronze INV,br_InvType,TASK_COMPLETE,SUCCESS,INFO,6,6,0,,2026-08-29T19:04:49.126Z,2026-08-29T20:54:41.421Z,6592,2026-08-29T20:54:41.421Z,LV2,Desert Inn,dd7385f2-fbd4-41a4-afcd-7296aca5e198,SAMMS-DesertInn
202608292054379005,202608291904434481,202608291904434406,85,2189,Bronze INV,br_InvType,TASK_COMPLETE,SUCCESS,INFO,7,7,0,,2026-08-29T19:04:49.126Z,2026-08-29T20:54:41.421Z,6592,2026-08-29T20:54:41.421Z,LV3,McDaniel,dd7385f2-fbd4-41a4-afcd-7296aca5e198,SAMMS-McDaniel
202608292054379006,202608291904434482,202608291904434406,85,2192,Bronze INV,br_InvType,TASK_COMPLETE,SUCCESS,INFO,7,7,0,,2026-08-29T19:04:49.126Z,2026-08-29T20:54:41.421Z,6592,2026-08-29T20:54:41.421Z,MNRE,Monroe,dd7385f2-fbd4-41a4-afcd-7296aca5e198,SAMMS-Monroe
202608292054379008,202608291904434483,202608291904434406,85,2193,Bronze INV,br_InvType,TASK_COMPLETE,SUCCESS,INFO,7,7,0,,2026-08-29T19:04:49.126Z,2026-08-29T20:54:41.421Z,6592,2026-08-29T20:54:41.421Z,MP,Mt. Pleasant,dd7385f2-fbd4-41a4-afcd-7296aca5e198,SAMMS-MtPleasant
202608292054379009,202608291904434484,202608291904434406,85,2194,Bronze INV,br_InvType,TASK_COMPLETE,SUCCESS,INFO,7,7,0,,2026-08-29T19:04:49.126Z,2026-08-29T20:54:41.421Z,6592,2026-08-29T20:54:41.421Z,MRD,Meridian,dd7385f2-fbd4-41a4-afcd-7296aca5e198,SAMMS-Meridian
202608292054379010,202608291904434485,202608291904434406,85,2199,Bronze INV,br_InvType,TASK_COMPLETE,SUCCESS,INFO,7,7,0,,2026-08-29T19:04:49.126Z,2026-08-29T20:54:41.421Z,6592,2026-08-29T20:54:41.421Z,NC,North Charleston,dd7385f2-fbd4-41a4-afcd-7296aca5e198,SAMMS-NorthCharleston
202608292054379011,202608291904434486,202608291904434406,85,2200,Bronze INV,br_InvType,TASK_COMPLETE,SUCCESS,INFO,7,7,0,,2026-08-29T19:04:49.126Z,2026-08-29T20:54:41.421Z,6592,2026-08-29T20:54:41.421Z,NLR,N. Little Rock,dd7385f2-fbd4-41a4-afcd-7296aca5e198,SAMMS-NLROBOT
202608292054379012,202608291904434487,202608291904434406,85,2201,Bronze INV,br_InvType,TASK_COMPLETE,SUCCESS,INFO,6,6,0,,2026-08-29T19:04:49.126Z,2026-08-29T20:54:41.421Z,6592,2026-08-29T20:54:41.421Z,PH,Phoenix,dd7385f2-fbd4-41a4-afcd-7296aca5e198,SAMMS-Phoenix
202608292054379013,202608291904434488,202608291904434406,85,2205,Bronze INV,br_InvType,TASK_COMPLETE,SUCCESS,INFO,8,8,0,,2026-08-29T19:04:49.126Z,2026-08-29T20:54:41.421Z,6592,2026-08-29T20:54:41.421Z,RE,Reno,dd7385f2-fbd4-41a4-afcd-7296aca5e198,SAMMS-Reno
202608292054379015,202608291904434489,202608291904434406,85,2206,Bronze INV,br_InvType,TASK_COMPLETE,SUCCESS,INFO,7,7,0,,2026-08-29T19:04:49.126Z,2026-08-29T20:54:41.421Z,6592,2026-08-29T20:54:41.421Z,RMD,Richmond,dd7385f2-fbd4-41a4-afcd-7296aca5e198,SAMMS-Richmond
202608292054379016,202608291904434490,202608291904434406,85,2207,Bronze INV,br_InvType,TASK_COMPLETE,SUCCESS,INFO,7,7,0,,2026-08-29T19:04:49.126Z,2026-08-29T20:54:41.421Z,6592,2026-08-29T20:54:41.421Z,SFN,Springfield North,dd7385f2-fbd4-41a4-afcd-7296aca5e198,SAMMS-SFNv5
202608292054379017,202608291904434491,202608291904434406,85,2208,Bronze INV,br_InvType,TASK_COMPLETE,SUCCESS,INFO,7,7,0,,2026-08-29T19:04:49.126Z,2026-08-29T20:54:41.421Z,6592,2026-08-29T20:54:41.421Z,SHP,Shreveport,dd7385f2-fbd4-41a4-afcd-7296aca5e198,SAMMS-Shreveport
202608292054379018,202608291904434492,202608291904434406,85,2210,Bronze INV,br_InvType,TASK_COMPLETE,SUCCESS,INFO,7,7,0,,2026-08-29T19:04:49.126Z,2026-08-29T20:54:41.421Z,6592,2026-08-29T20:54:41.421Z,STN,Staunton,dd7385f2-fbd4-41a4-afcd-7296aca5e198,SAMMS-Staunton
202609012114518503,202609011903672006,202609011903672005,85,2070,Bronze INV,br_InvType,TASK_COMPLETE,SUCCESS,INFO,7,7,0,,2026-09-01T19:04:17.664Z,2026-09-01T21:14:55.846Z,7838,2026-09-01T21:14:55.846Z,AHK,Ahoskie,0e5f68b5-5669-4bb1-91ce-4b967b620e7d,SAMMS-Ahoskie
202609012114518505,202609011903672007,202609011903672005,85,2071,Bronze INV,br_InvType,TASK_COMPLETE,SUCCESS,INFO,7,7,0,,2026-09-01T19:04:17.664Z,2026-09-01T21:14:55.846Z,7838,2026-09-01T21:14:55.846Z,B12B,Colorado Springs,0e5f68b5-5669-4bb1-91ce-4b967b620e7d,SAMMS-ColoradoSpringsV5
202609012114518506,202609011903672008,202609011903672005,85,2072,Bronze INV,br_InvType,TASK_COMPLETE,SUCCESS,INFO,7,7,0,,2026-09-01T19:04:17.664Z,2026-09-01T21:14:55.846Z,7838,2026-09-01T21:14:55.846Z,B24,Paintsville,0e5f68b5-5669-4bb1-91ce-4b967b620e7d,SAMMS-PaintsvilleV5
202609012114518507,202609011903672009,202609011903672005,85,2073,Bronze INV,br_InvType,TASK_COMPLETE,SUCCESS,INFO,7,7,0,,2026-09-01T19:04:17.664Z,2026-09-01T21:14:55.846Z,7838,2026-09-01T21:14:55.846Z,B25,Pikeville,0e5f68b5-5669-4bb1-91ce-4b967b620e7d,SAMMS-PikevilleV5
202609012114518508,202609011903672010,202609011903672005,85,2074,Bronze INV,br_InvType,TASK_COMPLETE,SUCCESS,INFO,7,7,0,,2026-09-01T19:04:17.664Z,2026-09-01T21:14:55.846Z,7838,2026-09-01T21:14:55.846Z,B26,Hazard,0e5f68b5-5669-4bb1-91ce-4b967b620e7d,SAMMS-HazardV5
202609012114518509,202609011903672011,202609011903672005,85,2075,Bronze INV,br_InvType,TASK_COMPLETE,SUCCESS,INFO,7,7,0,,2026-09-01T19:04:17.664Z,2026-09-01T21:14:55.846Z,7838,2026-09-01T21:14:55.846Z,B27,Savannah,0e5f68b5-5669-4bb1-91ce-4b967b620e7d,SAMMS-SavannahV6
202609012114518511,202609011903672012,202609011903672005,85,2076,Bronze INV,br_InvType,TASK_COMPLETE,SUCCESS,INFO,7,7,0,,2026-09-01T19:04:17.664Z,2026-09-01T21:14:55.846Z,7838,2026-09-01T21:14:55.846Z,B28,West Plains,0e5f68b5-5669-4bb1-91ce-4b967b620e7d,SAMMS-WestPlainesV5
202609012114518512,202609011903672013,202609011903672005,85,2077,Bronze INV,br_InvType,TASK_COMPLETE,SUCCESS,INFO,7,7,0,,2026-09-01T19:04:17.664Z,2026-09-01T21:14:55.846Z,7838,2026-09-01T21:14:55.846Z,B29,Poplar Bluff,0e5f68b5-5669-4bb1-91ce-4b967b620e7d,SAMMS-PoplarBluffV5
202609012114518513,202609011903672014,202609011903672005,85,2078,Bronze INV,br_InvType,TASK_COMPLETE,SUCCESS,INFO,7,7,0,,2026-09-01T19:04:17.664Z,2026-09-01T21:14:55.846Z,7838,2026-09-01T21:14:55.846Z,B30,KC North,0e5f68b5-5669-4bb1-91ce-4b967b620e7d,SAMMS-KCNv5
202609012114518514,202609011903672015,202609011903672005,85,2079,Bronze INV,br_InvType,TASK_COMPLETE,SUCCESS,INFO,7,7,0,,2026-09-01T19:04:17.664Z,2026-09-01T21:14:55.846Z,7838,2026-09-01T21:14:55.846Z,B31,Dyersburg,0e5f68b5-5669-4bb1-91ce-4b967b620e7d,SAMMS-DyersburgV5
202609012114518515,202609011903672016,202609011903672005,85,2081,Bronze INV,br_InvType,TASK_COMPLETE,SUCCESS,INFO,6,6,0,,2026-09-01T19:04:17.664Z,2026-09-01T21:14:55.846Z,7838,2026-09-01T21:14:55.846Z,B33,Paducah,0e5f68b5-5669-4bb1-91ce-4b967b620e7d,SAMMS-Paducah
202609012114518517,202609011903672017,202609011903672005,85,2082,Bronze INV,br_InvType,TASK_COMPLETE,SUCCESS,INFO,6,6,0,,2026-09-01T19:04:17.664Z,2026-09-01T21:14:55.846Z,7838,2026-09-01T21:14:55.846Z,B34,Corbin,0e5f68b5-5669-4bb1-91ce-4b967b620e7d,SAMMS-CorbinV5
202609012114518518,202609011903672018,202609011903672005,85,2083,Bronze INV,br_InvType,TASK_COMPLETE,SUCCESS,INFO,8,8,0,,2026-09-01T19:04:17.664Z,2026-09-01T21:14:55.846Z,7838,2026-09-01T21:14:55.846Z,B35,Lexington,0e5f68b5-5669-4bb1-91ce-4b967b620e7d,SAMMS-LexingtonV5
202609012114518519,202609011903672019,202609011903672005,85,2084,Bronze INV,br_InvType,TASK_COMPLETE,SUCCESS,INFO,8,8,0,,2026-09-01T19:04:17.664Z,2026-09-01T21:14:55.846Z,7838,2026-09-01T21:14:55.846Z,B35A,Berea,0e5f68b5-5669-4bb1-91ce-4b967b620e7d,SAMMS-BereaV5
202609012114518520,202609011903672020,202609011903672005,85,2085,Bronze INV,br_InvType,TASK_COMPLETE,SUCCESS,INFO,5,5,0,,2026-09-01T19:04:17.664Z,2026-09-01T21:14:55.846Z,7838,2026-09-01T21:14:55.846Z,B36,Asheville,0e5f68b5-5669-4bb1-91ce-4b967b620e7d,SAMMS-AshevilleV5
202609012114518521,202609011903672021,202609011903672005,85,2086,Bronze INV,br_InvType,TASK_COMPLETE,SUCCESS,INFO,6,6,0,,2026-09-01T19:04:17.664Z,2026-09-01T21:14:55.846Z,7838,2026-09-01T21:14:55.846Z,B37,Clyde,0e5f68b5-5669-4bb1-91ce-4b967b620e7d,SAMMS-ClydeV5
202609012114518523,202609011903672022,202609011903672005,85,2087,Bronze INV,br_InvType,TASK_COMPLETE,SUCCESS,INFO,7,7,0,,2026-09-01T19:04:17.664Z,2026-09-01T21:14:55.846Z,7838,2026-09-01T21:14:55.846Z,B38,Spartanburg,0e5f68b5-5669-4bb1-91ce-4b967b620e7d,SAMMS-SpartanburgV5
202609012114518524,202609011903672023,202609011903672005,85,2088,Bronze INV,br_InvType,TASK_COMPLETE,SUCCESS,INFO,6,6,0,,2026-09-01T19:04:17.664Z,2026-09-01T21:14:55.846Z,7838,2026-09-01T21:14:55.846Z,B39,Aiken,0e5f68b5-5669-4bb1-91ce-4b967b620e7d,SAMMS-AikenV5
202609012114518525,202609011903672024,202609011903672005,85,2089,Bronze INV,br_InvType,TASK_COMPLETE,SUCCESS,INFO,5,5,0,,2026-09-01T19:04:17.664Z,2026-09-01T21:14:55.846Z,7838,2026-09-01T21:14:55.846Z,B41,Chesapeake,0e5f68b5-5669-4bb1-91ce-4b967b620e7d,SAMMS-ChesapeakeV5
202609012114518526,202609011903672025,202609011903672005,85,2090,Bronze INV,br_InvType,TASK_COMPLETE,SUCCESS,INFO,6,6,0,,2026-09-01T19:04:17.664Z,2026-09-01T21:14:55.846Z,7838,2026-09-01T21:14:55.846Z,B42,Virginia Beach,0e5f68b5-5669-4bb1-91ce-4b967b620e7d,SAMMS-VirginiaBeachV5
202609012114518527,202609011903672026,202609011903672005,85,2091,Bronze INV,br_InvType,TASK_COMPLETE,SUCCESS,INFO,5,5,0,,2026-09-01T19:04:17.664Z,2026-09-01T21:14:55.846Z,7838,2026-09-01T21:14:55.846Z,B42A,Newport News,0e5f68b5-5669-4bb1-91ce-4b967b620e7d,SAMMS-NewportNewsV5
202609012114518528,202609011903672027,202609011903672005,85,2092,Bronze INV,br_InvType,TASK_COMPLETE,SUCCESS,INFO,3,3,0,,2026-09-01T19:04:17.664Z,2026-09-01T21:14:55.846Z,7838,2026-09-01T21:14:55.846Z,B42B,Franklin,0e5f68b5-5669-4bb1-91ce-4b967b620e7d,SAMMS-FranklinV5
202609012114518530,202609011903672028,202609011903672005,85,2093,Bronze INV,br_InvType,TASK_COMPLETE,SUCCESS,INFO,5,5,0,,2026-09-01T19:04:17.664Z,2026-09-01T21:14:55.846Z,7838,2026-09-01T21:14:55.846Z,B42C,Glen Allen,0e5f68b5-5669-4bb1-91ce-4b967b620e7d,SAMMS-GlenAllenV5
202609012114518531,202609011903672029,202609011903672005,85,2094,Bronze INV,br_InvType,TASK_COMPLETE,SUCCESS,INFO,7,7,0,,2026-09-01T19:04:17.664Z,2026-09-01T21:14:55.846Z,7838,2026-09-01T21:14:55.846Z,B42D,Chesapeake South,0e5f68b5-5669-4bb1-91ce-4b967b620e7d,SAMMS-ChesapeakeSouthV5
202609012114518532,202609011903672030,202609011903672005,85,2095,Bronze INV,br_InvType,TASK_COMPLETE,SUCCESS,INFO,5,5,0,,2026-09-01T19:04:17.664Z,2026-09-01T21:14:55.846Z,7838,2026-09-01T21:14:55.846Z,B44,Albany,0e5f68b5-5669-4bb1-91ce-4b967b620e7d,SAMMS-AlbanyV5
202609012114518533,202609011903672031,202609011903672005,85,2096,Bronze INV,br_InvType,TASK_COMPLETE,SUCCESS,INFO,5,5,0,,2026-09-01T19:04:17.664Z,2026-09-01T21:14:55.846Z,7838,2026-09-01T21:14:55.846Z,B45,Tifton,0e5f68b5-5669-4bb1-91ce-4b967b620e7d,SAMMS-TiftonV5
202609012114518534,202609011903672032,202609011903672005,85,2097,Bronze INV,br_InvType,TASK_COMPLETE,SUCCESS,INFO,5,5,0,,2026-09-01T19:04:17.664Z,2026-09-01T21:14:55.846Z,7838,2026-09-01T21:14:55.846Z,B46,Washington DC,0e5f68b5-5669-4bb1-91ce-4b967b620e7d,SAMMS-WashingtonDCv5
202609012114518535,202609011903672033,202609011903672005,85,2098,Bronze INV,br_InvType,TASK_COMPLETE,SUCCESS,INFO,7,7,0,,2026-09-01T19:04:17.664Z,2026-09-01T21:14:55.846Z,7838,2026-09-01T21:14:55.846Z,B47,Mobile,0e5f68b5-5669-4bb1-91ce-4b967b620e7d,SAMMS-MobileV5
202609012114518537,202609011903672034,202609011903672005,85,2099,Bronze INV,br_InvType,TASK_COMPLETE,SUCCESS,INFO,6,6,0,,2026-09-01T19:04:17.664Z,2026-09-01T21:14:55.846Z,7838,2026-09-01T21:14:55.846Z,B48,Tuscaloosa,0e5f68b5-5669-4bb1-91ce-4b967b620e7d,SAMMS-TuscaloosaV5
202609012114518538,202609011903672035,202609011903672005,85,2108,Bronze INV,br_InvType,TASK_COMPLETE,SUCCESS,INFO,7,7,0,,2026-09-01T19:04:17.664Z,2026-09-01T21:14:55.846Z,7838,2026-09-01T21:14:55.846Z,B51,N. Little Rock (OTP),0e5f68b5-5669-4bb1-91ce-4b967b620e7d,SAMMS-NorthLittleRockV6
202609012114518539,202609011903672036,202609011903672005,85,2109,Bronze INV,br_InvType,TASK_COMPLETE,SUCCESS,INFO,5,5,0,,2026-09-01T19:04:17.664Z,2026-09-01T21:14:55.846Z,7838,2026-09-01T21:14:55.846Z,B52,Jackson GA,0e5f68b5-5669-4bb1-91ce-4b967b620e7d,SAMMS-JacksonGAV5
202609012114518540,202609011903672037,202609011903672005,85,2110,Bronze INV,br_InvType,TASK_COMPLETE,SUCCESS,INFO,7,7,0,,2026-09-01T19:04:17.664Z,2026-09-01T21:14:55.846Z,7838,2026-09-01T21:14:55.846Z,B54,Gadsden,0e5f68b5-5669-4bb1-91ce-4b967b620e7d,SAMMS-GadsdenV5
202609012114518541,202609011903672038,202609011903672005,85,2111,Bronze INV,br_InvType,TASK_COMPLETE,SUCCESS,INFO,8,8,0,,2026-09-01T19:04:17.664Z,2026-09-01T21:14:55.846Z,7838,2026-09-01T21:14:55.846Z,B55,Shoals,0e5f68b5-5669-4bb1-91ce-4b967b620e7d,SAMMS-ShoalsV5
202609012114518542,202609011903672039,202609011903672005,85,2112,Bronze INV,br_InvType,TASK_COMPLETE,SUCCESS,INFO,7,7,0,,2026-09-01T19:04:17.664Z,2026-09-01T21:14:55.846Z,7838,2026-09-01T21:14:55.846Z,B57,Pawtucket,0e5f68b5-5669-4bb1-91ce-4b967b620e7d,SAMMS-Pawtucket
202609012114518543,202609011903672040,202609011903672005,85,2113,Bronze INV,br_InvType,TASK_COMPLETE,SUCCESS,INFO,8,8,0,,2026-09-01T19:04:17.664Z,2026-09-01T21:14:55.846Z,7838,2026-09-01T21:14:55.846Z,B57A,Johnston,0e5f68b5-5669-4bb1-91ce-4b967b620e7d,SAMMS-Johnston
202609012114518545,202609011903672041,202609011903672005,85,2114,Bronze INV,br_InvType,TASK_COMPLETE,SUCCESS,INFO,7,7,0,,2026-09-01T19:04:17.664Z,2026-09-01T21:14:55.846Z,7838,2026-09-01T21:14:55.846Z,B57B,Middletown,0e5f68b5-5669-4bb1-91ce-4b967b620e7d,SAMMS-Middletown
202609012114518546,202609011903672042,202609011903672005,85,2115,Bronze INV,br_InvType,TASK_COMPLETE,SUCCESS,INFO,7,7,0,,2026-09-01T19:04:17.664Z,2026-09-01T21:14:55.846Z,7838,2026-09-01T21:14:55.846Z,B57C,Providence,0e5f68b5-5669-4bb1-91ce-4b967b620e7d,SAMMS-Providence
202609012114518547,202609011903672043,202609011903672005,85,2116,Bronze INV,br_InvType,TASK_COMPLETE,SUCCESS,INFO,7,7,0,,2026-09-01T19:04:17.664Z,2026-09-01T21:14:55.846Z,7838,2026-09-01T21:14:55.846Z,B57D,Westerly,0e5f68b5-5669-4bb1-91ce-4b967b620e7d,SAMMS-Westerly
202609012114518548,202609011903672044,202609011903672005,85,2120,Bronze INV,br_InvType,TASK_COMPLETE,SUCCESS,INFO,0,0,0,,2026-09-01T19:04:17.664Z,2026-09-01T21:14:55.846Z,7838,2026-09-01T21:14:55.846Z,B66A,Bremen,0e5f68b5-5669-4bb1-91ce-4b967b620e7d,SAMMS-Bremen
202609012114518549,202609011903672045,202609011903672005,85,2123,Bronze INV,br_InvType,TASK_COMPLETE,SUCCESS,INFO,0,0,0,,2026-09-01T19:04:17.664Z,2026-09-01T21:14:55.846Z,7838,2026-09-01T21:14:55.846Z,B72,Mobile (OBOT),0e5f68b5-5669-4bb1-91ce-4b967b620e7d,SAMMS-Mobile-OBOT
202609012114518550,202609011903672046,202609011903672005,85,2124,Bronze INV,br_InvType,TASK_COMPLETE,SUCCESS,INFO,0,0,0,,2026-09-01T19:04:17.664Z,2026-09-01T21:14:55.846Z,7838,2026-09-01T21:14:55.846Z,B73,Montgomery,0e5f68b5-5669-4bb1-91ce-4b967b620e7d,SAMMS-Montgomery
202609012114518552,202609011903672047,202609011903672005,85,2125,Bronze INV,br_InvType,TASK_COMPLETE,SUCCESS,INFO,7,7,0,,2026-09-01T19:04:17.664Z,2026-09-01T21:14:55.846Z,7838,2026-09-01T21:14:55.846Z,B75,Lawrence,0e5f68b5-5669-4bb1-91ce-4b967b620e7d,SAMMS-LawrenceV6
202609012114518553,202609011903672048,202609011903672005,85,2126,Bronze INV,br_InvType,TASK_COMPLETE,SUCCESS,INFO,0,0,0,,2026-09-01T19:04:17.664Z,2026-09-01T21:14:55.846Z,7838,2026-09-01T21:14:55.846Z,B76,Huntsville OBOT,0e5f68b5-5669-4bb1-91ce-4b967b620e7d,SAMMS-Huntsville-OBOT
202609012114518554,202609011903672049,202609011903672005,85,2127,Bronze INV,br_InvType,TASK_COMPLETE,SUCCESS,INFO,7,7,0,,2026-09-01T19:04:17.664Z,2026-09-01T21:14:55.846Z,7838,2026-09-01T21:14:55.846Z,BAT,Batesville,0e5f68b5-5669-4bb1-91ce-4b967b620e7d,SAMMS-Batesville
202609012114518555,202609011903672050,202609011903672005,85,2128,Bronze INV,br_InvType,TASK_COMPLETE,SUCCESS,INFO,7,7,0,,2026-09-01T19:04:17.664Z,2026-09-01T21:14:55.846Z,7838,2026-09-01T21:14:55.846Z,BG,Bowling Green,0e5f68b5-5669-4bb1-91ce-4b967b620e7d,SAMMS-BowlingGreen
202609012114518556,202609011903672051,202609011903672005,85,2129,Bronze INV,br_InvType,TASK_COMPLETE,SUCCESS,INFO,7,7,0,,2026-09-01T19:04:17.664Z,2026-09-01T21:14:55.846Z,7838,2026-09-01T21:14:55.846Z,BOI,Boise,0e5f68b5-5669-4bb1-91ce-4b967b620e7d,SAMMS-Boise
202609012114518557,202609011903672052,202609011903672005,85,2136,Bronze INV,br_InvType,TASK_COMPLETE,SUCCESS,INFO,7,7,0,,2026-09-01T19:04:17.664Z,2026-09-01T21:14:55.846Z,7838,2026-09-01T21:14:55.846Z,CBCO,Coeur dAlene,0e5f68b5-5669-4bb1-91ce-4b967b620e7d,SAMMS-CoeurdAleneV6
202609012114518559,202609011903672053,202609011903672005,85,2155,Bronze INV,br_InvType,TASK_COMPLETE,SUCCESS,INFO,7,7,0,,2026-09-01T19:04:17.664Z,2026-09-01T21:14:55.846Z,7838,2026-09-01T21:14:55.846Z,CON,Conway,0e5f68b5-5669-4bb1-91ce-4b967b620e7d,SAMMS-Conway
202609012114518560,202609011903672054,202609011903672005,85,2156,Bronze INV,br_InvType,TASK_COMPLETE,SUCCESS,INFO,7,7,0,,2026-09-01T19:04:17.664Z,2026-09-01T21:14:55.846Z,7838,2026-09-01T21:14:55.846Z,D07,Medical Services Knox TN,0e5f68b5-5669-4bb1-91ce-4b967b620e7d,SAMMS-KnoxvilleV6
202609012114518561,202609011903672055,202609011903672005,85,2157,Bronze INV,br_InvType,TASK_COMPLETE,SUCCESS,INFO,7,7,0,,2026-09-01T19:04:17.664Z,2026-09-01T21:14:55.846Z,7838,2026-09-01T21:14:55.846Z,D08,Madison,0e5f68b5-5669-4bb1-91ce-4b967b620e7d,SAMMS-MadisonV6
202609012114518562,202609011903672056,202609011903672005,85,2159,Bronze INV,br_InvType,TASK_COMPLETE,SUCCESS,INFO,7,7,0,,2026-09-01T19:04:17.664Z,2026-09-01T21:14:55.846Z,7838,2026-09-01T21:14:55.846Z,D09,Murfreesboro,0e5f68b5-5669-4bb1-91ce-4b967b620e7d,SAMMS-MurfreesboroV6
202609012114518563,202609011903672057,202609011903672005,85,2160,Bronze INV,br_InvType,TASK_COMPLETE,SUCCESS,INFO,7,7,0,,2026-09-01T19:04:17.664Z,2026-09-01T21:14:55.846Z,7838,2026-09-01T21:14:55.846Z,DA,Davenport,0e5f68b5-5669-4bb1-91ce-4b967b620e7d,SAMMS-Davenport
202609012114518564,202609011903672058,202609011903672005,85,2161,Bronze INV,br_InvType,TASK_COMPLETE,SUCCESS,INFO,7,7,0,,2026-09-01T19:04:17.664Z,2026-09-01T21:14:55.846Z,7838,2026-09-01T21:14:55.846Z,DM,Des Moines,0e5f68b5-5669-4bb1-91ce-4b967b620e7d,SAMMS-DesMoines
202609012114518565,202609011903672059,202609011903672005,85,2163,Bronze INV,br_InvType,TASK_COMPLETE,SUCCESS,INFO,7,7,0,,2026-09-01T19:04:17.664Z,2026-09-01T21:14:55.846Z,7838,2026-09-01T21:14:55.846Z,DRD-CO,Columbia MO,0e5f68b5-5669-4bb1-91ce-4b967b620e7d,SAMMS-ColumbiaV5
202609012114518567,202609011903672060,202609011903672005,85,2164,Bronze INV,br_InvType,TASK_COMPLETE,SUCCESS,INFO,7,7,0,,2026-09-01T19:04:17.664Z,2026-09-01T21:14:55.846Z,7838,2026-09-01T21:14:55.846Z,DRD-KC,KC,0e5f68b5-5669-4bb1-91ce-4b967b620e7d,SAMMS-KCv5
202609012114518568,202609011903672061,202609011903672005,85,2165,Bronze INV,br_InvType,TASK_COMPLETE,SUCCESS,INFO,8,8,0,,2026-09-01T19:04:17.664Z,2026-09-01T21:14:55.846Z,7838,2026-09-01T21:14:55.846Z,DRD-KVB,KVB,0e5f68b5-5669-4bb1-91ce-4b967b620e7d,SAMMS-KVBv5
202609012114518569,202609011903672062,202609011903672005,85,2166,Bronze INV,br_InvType,TASK_COMPLETE,SUCCESS,INFO,9,9,0,,2026-09-01T19:04:17.664Z,2026-09-01T21:14:55.846Z,7838,2026-09-01T21:14:55.846Z,DRD-KVC,KVC,0e5f68b5-5669-4bb1-91ce-4b967b620e7d,SAMMS-KVCv5
202609012114518570,202609011903672063,202609011903672005,85,2167,Bronze INV,br_InvType,TASK_COMPLETE,SUCCESS,INFO,7,7,0,,2026-09-01T19:04:17.664Z,2026-09-01T21:14:55.846Z,7838,2026-09-01T21:14:55.846Z,DRD-NOLA,NOLA,0e5f68b5-5669-4bb1-91ce-4b967b620e7d,SAMMS-NOLAv5
202609012114518571,202609011903672064,202609011903672005,85,2168,Bronze INV,br_InvType,TASK_COMPLETE,SUCCESS,INFO,7,7,0,,2026-09-01T19:04:17.664Z,2026-09-01T21:14:55.846Z,7838,2026-09-01T21:14:55.846Z,DRD-SF,Springfield,0e5f68b5-5669-4bb1-91ce-4b967b620e7d,SAMMS-SFv5
202609012114518572,202609011903672065,202609011903672005,85,2170,Bronze INV,br_InvType,TASK_COMPLETE,SUCCESS,INFO,7,7,0,,2026-09-01T19:04:17.664Z,2026-09-01T21:14:55.846Z,7838,2026-09-01T21:14:55.846Z,ELC,Elizabeth City,0e5f68b5-5669-4bb1-91ce-4b967b620e7d,SAMMS-ElizabethCity
202609012114518574,202609011903672066,202609011903672005,85,2171,Bronze INV,br_InvType,TASK_COMPLETE,SUCCESS,INFO,7,7,0,,2026-09-01T19:04:17.664Z,2026-09-01T21:14:55.846Z,7838,2026-09-01T21:14:55.846Z,ET,Elizabethtown,0e5f68b5-5669-4bb1-91ce-4b967b620e7d,SAMMS-Elizabethtown
202609012114518575,202609011903672067,202609011903672005,85,2172,Bronze INV,br_InvType,TASK_COMPLETE,SUCCESS,INFO,7,7,0,,2026-09-01T19:04:17.664Z,2026-09-01T21:14:55.846Z,7838,2026-09-01T21:14:55.846Z,FAY,Fayetteville,0e5f68b5-5669-4bb1-91ce-4b967b620e7d,SAMMS-Fayetteville
202609012114518576,202609011903672068,202609011903672005,85,2173,Bronze INV,br_InvType,TASK_COMPLETE,SUCCESS,INFO,7,7,0,,2026-09-01T19:04:17.664Z,2026-09-01T21:14:55.846Z,7838,2026-09-01T21:14:55.846Z,FR,Frankfort,0e5f68b5-5669-4bb1-91ce-4b967b620e7d,SAMMS-Frankfort
202609012114518577,202609011903672069,202609011903672005,85,2174,Bronze INV,br_InvType,TASK_COMPLETE,SUCCESS,INFO,7,7,0,,2026-09-01T19:04:17.664Z,2026-09-01T21:14:55.846Z,7838,2026-09-01T21:14:55.846Z,FS,Fort Smith,0e5f68b5-5669-4bb1-91ce-4b967b620e7d,SAMMS-FortSmith
202609012114518578,202609011903672070,202609011903672005,85,2175,Bronze INV,br_InvType,TASK_COMPLETE,SUCCESS,INFO,7,7,0,,2026-09-01T19:04:17.664Z,2026-09-01T21:14:55.846Z,7838,2026-09-01T21:14:55.846Z,FW,Fort Wayne,0e5f68b5-5669-4bb1-91ce-4b967b620e7d,SAMMS-FortWayne
202609012114518579,202609011903672071,202609011903672005,85,2176,Bronze INV,br_InvType,TASK_COMPLETE,SUCCESS,INFO,7,7,0,,2026-09-01T19:04:17.664Z,2026-09-01T21:14:55.846Z,7838,2026-09-01T21:14:55.846Z,GAL,Gaylord,0e5f68b5-5669-4bb1-91ce-4b967b620e7d,SAMMS-Gaylord
202609012114518581,202609011903672072,202609011903672005,85,2180,Bronze INV,br_InvType,TASK_COMPLETE,SUCCESS,INFO,4,4,0,,2026-09-01T19:04:17.664Z,2026-09-01T21:14:55.846Z,7838,2026-09-01T21:14:55.846Z,HGT,Hagerstown,0e5f68b5-5669-4bb1-91ce-4b967b620e7d,SAMMS-Hagerstown
202609012114518582,202609011903672073,202609011903672005,85,2181,Bronze INV,br_InvType,TASK_COMPLETE,SUCCESS,INFO,5,5,0,,2026-09-01T19:04:17.664Z,2026-09-01T21:14:55.846Z,7838,2026-09-01T21:14:55.846Z,HNT,Huntsville,0e5f68b5-5669-4bb1-91ce-4b967b620e7d,SAMMS-Huntsville
202609012114518583,202609011903672074,202609011903672005,85,2182,Bronze INV,br_InvType,TASK_COMPLETE,SUCCESS,INFO,7,7,0,,2026-09-01T19:04:17.664Z,2026-09-01T21:14:55.846Z,7838,2026-09-01T21:14:55.846Z,HS,Hot Springs,0e5f68b5-5669-4bb1-91ce-4b967b620e7d,SAMMS-HotSprings
202609012114518584,202609011903672075,202609011903672005,85,2183,Bronze INV,br_InvType,TASK_COMPLETE,SUCCESS,INFO,7,7,0,,2026-09-01T19:04:17.664Z,2026-09-01T21:14:55.846Z,7838,2026-09-01T21:14:55.846Z,JON,Jonesboro,0e5f68b5-5669-4bb1-91ce-4b967b620e7d,SAMMS-Jonesboro
202609012114518585,202609011903672076,202609011903672005,85,2185,Bronze INV,br_InvType,TASK_COMPLETE,SUCCESS,INFO,7,7,0,,2026-09-01T19:04:17.664Z,2026-09-01T21:14:55.846Z,7838,2026-09-01T21:14:55.846Z,LAN,Lansing,0e5f68b5-5669-4bb1-91ce-4b967b620e7d,SAMMS-Lansing
202609012114518586,202609011903672077,202609011903672005,85,2186,Bronze INV,br_InvType,TASK_COMPLETE,SUCCESS,INFO,7,7,0,,2026-09-01T19:04:17.664Z,2026-09-01T21:14:55.846Z,7838,2026-09-01T21:14:55.846Z,LO,Louisville,0e5f68b5-5669-4bb1-91ce-4b967b620e7d,SAMMS-Louisville
202609012114518588,202609011903672078,202609011903672005,85,2187,Bronze INV,br_InvType,TASK_COMPLETE,SUCCESS,INFO,7,7,0,,2026-09-01T19:04:17.664Z,2026-09-01T21:14:55.846Z,7838,2026-09-01T21:14:55.846Z,LV1,Cheyenne,0e5f68b5-5669-4bb1-91ce-4b967b620e7d,SAMMS-Cheyenne
202609012114518589,202609011903672079,202609011903672005,85,2188,Bronze INV,br_InvType,TASK_COMPLETE,SUCCESS,INFO,6,6,0,,2026-09-01T19:04:17.664Z,2026-09-01T21:14:55.846Z,7838,2026-09-01T21:14:55.846Z,LV2,Desert Inn,0e5f68b5-5669-4bb1-91ce-4b967b620e7d,SAMMS-DesertInn
202609012114518590,202609011903672080,202609011903672005,85,2189,Bronze INV,br_InvType,TASK_COMPLETE,SUCCESS,INFO,7,7,0,,2026-09-01T19:04:17.664Z,2026-09-01T21:14:55.846Z,7838,2026-09-01T21:14:55.846Z,LV3,McDaniel,0e5f68b5-5669-4bb1-91ce-4b967b620e7d,SAMMS-McDaniel
202609012114518591,202609011903672081,202609011903672005,85,2192,Bronze INV,br_InvType,TASK_COMPLETE,SUCCESS,INFO,7,7,0,,2026-09-01T19:04:17.664Z,2026-09-01T21:14:55.846Z,7838,2026-09-01T21:14:55.846Z,MNRE,Monroe,0e5f68b5-5669-4bb1-91ce-4b967b620e7d,SAMMS-Monroe
202609012114518592,202609011903672082,202609011903672005,85,2193,Bronze INV,br_InvType,TASK_COMPLETE,SUCCESS,INFO,7,7,0,,2026-09-01T19:04:17.664Z,2026-09-01T21:14:55.846Z,7838,2026-09-01T21:14:55.846Z,MP,Mt. Pleasant,0e5f68b5-5669-4bb1-91ce-4b967b620e7d,SAMMS-MtPleasant
202609012114518593,202609011903672083,202609011903672005,85,2194,Bronze INV,br_InvType,TASK_COMPLETE,SUCCESS,INFO,7,7,0,,2026-09-01T19:04:17.664Z,2026-09-01T21:14:55.846Z,7838,2026-09-01T21:14:55.846Z,MRD,Meridian,0e5f68b5-5669-4bb1-91ce-4b967b620e7d,SAMMS-Meridian
202609012114518594,202609011903672084,202609011903672005,85,2199,Bronze INV,br_InvType,TASK_COMPLETE,SUCCESS,INFO,7,7,0,,2026-09-01T19:04:17.664Z,2026-09-01T21:14:55.846Z,7838,2026-09-01T21:14:55.846Z,NC,North Charleston,0e5f68b5-5669-4bb1-91ce-4b967b620e7d,SAMMS-NorthCharleston
202609012114518596,202609011903672085,202609011903672005,85,2200,Bronze INV,br_InvType,TASK_COMPLETE,SUCCESS,INFO,7,7,0,,2026-09-01T19:04:17.664Z,2026-09-01T21:14:55.846Z,7838,2026-09-01T21:14:55.846Z,NLR,N. Little Rock,0e5f68b5-5669-4bb1-91ce-4b967b620e7d,SAMMS-NLROBOT
202609012114518597,202609011903672086,202609011903672005,85,2201,Bronze INV,br_InvType,TASK_COMPLETE,SUCCESS,INFO,6,6,0,,2026-09-01T19:04:17.664Z,2026-09-01T21:14:55.846Z,7838,2026-09-01T21:14:55.846Z,PH,Phoenix,0e5f68b5-5669-4bb1-91ce-4b967b620e7d,SAMMS-Phoenix
202609012114518598,202609011903672087,202609011903672005,85,2205,Bronze INV,br_InvType,TASK_COMPLETE,SUCCESS,INFO,8,8,0,,2026-09-01T19:04:17.664Z,2026-09-01T21:14:55.846Z,7838,2026-09-01T21:14:55.846Z,RE,Reno,0e5f68b5-5669-4bb1-91ce-4b967b620e7d,SAMMS-Reno
202609012114518599,202609011903672088,202609011903672005,85,2206,Bronze INV,br_InvType,TASK_COMPLETE,SUCCESS,INFO,7,7,0,,2026-09-01T19:04:17.664Z,2026-09-01T21:14:55.846Z,7838,2026-09-01T21:14:55.846Z,RMD,Richmond,0e5f68b5-5669-4bb1-91ce-4b967b620e7d,SAMMS-Richmond
202609012114518600,202609011903672089,202609011903672005,85,2207,Bronze INV,br_InvType,TASK_COMPLETE,SUCCESS,INFO,7,7,0,,2026-09-01T19:04:17.664Z,2026-09-01T21:14:55.846Z,7838,2026-09-01T21:14:55.846Z,SFN,Springfield North,0e5f68b5-5669-4bb1-91ce-4b967b620e7d,SAMMS-SFNv5
202609012114518601,202609011903672090,202609011903672005,85,2208,Bronze INV,br_InvType,TASK_COMPLETE,SUCCESS,INFO,7,7,0,,2026-09-01T19:04:17.664Z,2026-09-01T21:14:55.846Z,7838,2026-09-01T21:14:55.846Z,SHP,Shreveport,0e5f68b5-5669-4bb1-91ce-4b967b620e7d,SAMMS-Shreveport
202609012114518603,202609011903672091,202609011903672005,85,2210,Bronze INV,br_InvType,TASK_COMPLETE,SUCCESS,INFO,7,7,0,,2026-09-01T19:04:17.664Z,2026-09-01T21:14:55.846Z,7838,2026-09-01T21:14:55.846Z,STN,Staunton,0e5f68b5-5669-4bb1-91ce-4b967b620e7d,SAMMS-Staunton
202609022122570398,202609021903206076,202609021903206075,85,2070,Bronze INV,br_InvType,TASK_COMPLETE,SUCCESS,INFO,7,7,0,,2026-09-02T19:03:39.838Z,2026-09-02T21:23:00.812Z,8361,2026-09-02T21:23:00.812Z,AHK,Ahoskie,c49685cc-3281-44bc-a1c2-3be5b1110999,SAMMS-Ahoskie
202609022122570400,202609021903206077,202609021903206075,85,2071,Bronze INV,br_InvType,TASK_COMPLETE,SUCCESS,INFO,7,7,0,,2026-09-02T19:03:39.838Z,2026-09-02T21:23:00.812Z,8361,2026-09-02T21:23:00.812Z,B12B,Colorado Springs,c49685cc-3281-44bc-a1c2-3be5b1110999,SAMMS-ColoradoSpringsV5
202609022122570401,202609021903206078,202609021903206075,85,2072,Bronze INV,br_InvType,TASK_COMPLETE,SUCCESS,INFO,7,7,0,,2026-09-02T19:03:39.838Z,2026-09-02T21:23:00.812Z,8361,2026-09-02T21:23:00.812Z,B24,Paintsville,c49685cc-3281-44bc-a1c2-3be5b1110999,SAMMS-PaintsvilleV5
202609022122570402,202609021903206079,202609021903206075,85,2073,Bronze INV,br_InvType,TASK_COMPLETE,SUCCESS,INFO,7,7,0,,2026-09-02T19:03:39.838Z,2026-09-02T21:23:00.812Z,8361,2026-09-02T21:23:00.812Z,B25,Pikeville,c49685cc-3281-44bc-a1c2-3be5b1110999,SAMMS-PikevilleV5
202609022122570403,202609021903206080,202609021903206075,85,2074,Bronze INV,br_InvType,TASK_COMPLETE,SUCCESS,INFO,7,7,0,,2026-09-02T19:03:39.838Z,2026-09-02T21:23:00.812Z,8361,2026-09-02T21:23:00.812Z,B26,Hazard,c49685cc-3281-44bc-a1c2-3be5b1110999,SAMMS-HazardV5
202609022122570404,202609021903206081,202609021903206075,85,2075,Bronze INV,br_InvType,TASK_COMPLETE,SUCCESS,INFO,7,7,0,,2026-09-02T19:03:39.838Z,2026-09-02T21:23:00.812Z,8361,2026-09-02T21:23:00.812Z,B27,Savannah,c49685cc-3281-44bc-a1c2-3be5b1110999,SAMMS-SavannahV6
202609022122570405,202609021903206082,202609021903206075,85,2076,Bronze INV,br_InvType,TASK_COMPLETE,SUCCESS,INFO,7,7,0,,2026-09-02T19:03:39.838Z,2026-09-02T21:23:00.812Z,8361,2026-09-02T21:23:00.812Z,B28,West Plains,c49685cc-3281-44bc-a1c2-3be5b1110999,SAMMS-WestPlainesV5
202609022122570407,202609021903206083,202609021903206075,85,2077,Bronze INV,br_InvType,TASK_COMPLETE,SUCCESS,INFO,7,7,0,,2026-09-02T19:03:39.838Z,2026-09-02T21:23:00.812Z,8361,2026-09-02T21:23:00.812Z,B29,Poplar Bluff,c49685cc-3281-44bc-a1c2-3be5b1110999,SAMMS-PoplarBluffV5
202609022122570408,202609021903206084,202609021903206075,85,2078,Bronze INV,br_InvType,TASK_COMPLETE,SUCCESS,INFO,7,7,0,,2026-09-02T19:03:39.838Z,2026-09-02T21:23:00.812Z,8361,2026-09-02T21:23:00.812Z,B30,KC North,c49685cc-3281-44bc-a1c2-3be5b1110999,SAMMS-KCNv5
202609022122570409,202609021903206085,202609021903206075,85,2079,Bronze INV,br_InvType,TASK_COMPLETE,SUCCESS,INFO,7,7,0,,2026-09-02T19:03:39.838Z,2026-09-02T21:23:00.812Z,8361,2026-09-02T21:23:00.812Z,B31,Dyersburg,c49685cc-3281-44bc-a1c2-3be5b1110999,SAMMS-DyersburgV5
202609022122570410,202609021903206086,202609021903206075,85,2081,Bronze INV,br_InvType,TASK_COMPLETE,SUCCESS,INFO,6,6,0,,2026-09-02T19:03:39.838Z,2026-09-02T21:23:00.812Z,8361,2026-09-02T21:23:00.812Z,B33,Paducah,c49685cc-3281-44bc-a1c2-3be5b1110999,SAMMS-Paducah
202609022122570411,202609021903206087,202609021903206075,85,2082,Bronze INV,br_InvType,TASK_COMPLETE,SUCCESS,INFO,6,6,0,,2026-09-02T19:03:39.838Z,2026-09-02T21:23:00.812Z,8361,2026-09-02T21:23:00.812Z,B34,Corbin,c49685cc-3281-44bc-a1c2-3be5b1110999,SAMMS-CorbinV5
202609022122570412,202609021903206088,202609021903206075,85,2083,Bronze INV,br_InvType,TASK_COMPLETE,SUCCESS,INFO,8,8,0,,2026-09-02T19:03:39.838Z,2026-09-02T21:23:00.812Z,8361,2026-09-02T21:23:00.812Z,B35,Lexington,c49685cc-3281-44bc-a1c2-3be5b1110999,SAMMS-LexingtonV5
202609022122570414,202609021903206089,202609021903206075,85,2084,Bronze INV,br_InvType,TASK_COMPLETE,SUCCESS,INFO,8,8,0,,2026-09-02T19:03:39.838Z,2026-09-02T21:23:00.812Z,8361,2026-09-02T21:23:00.812Z,B35A,Berea,c49685cc-3281-44bc-a1c2-3be5b1110999,SAMMS-BereaV5
202609022122570415,202609021903206090,202609021903206075,85,2085,Bronze INV,br_InvType,TASK_COMPLETE,SUCCESS,INFO,5,5,0,,2026-09-02T19:03:39.838Z,2026-09-02T21:23:00.812Z,8361,2026-09-02T21:23:00.812Z,B36,Asheville,c49685cc-3281-44bc-a1c2-3be5b1110999,SAMMS-AshevilleV5
202609022122570416,202609021903206091,202609021903206075,85,2086,Bronze INV,br_InvType,TASK_COMPLETE,SUCCESS,INFO,6,6,0,,2026-09-02T19:03:39.838Z,2026-09-02T21:23:00.812Z,8361,2026-09-02T21:23:00.812Z,B37,Clyde,c49685cc-3281-44bc-a1c2-3be5b1110999,SAMMS-ClydeV5
202609022122570417,202609021903206092,202609021903206075,85,2087,Bronze INV,br_InvType,TASK_COMPLETE,SUCCESS,INFO,7,7,0,,2026-09-02T19:03:39.838Z,2026-09-02T21:23:00.812Z,8361,2026-09-02T21:23:00.812Z,B38,Spartanburg,c49685cc-3281-44bc-a1c2-3be5b1110999,SAMMS-SpartanburgV5
202609022122570418,202609021903206093,202609021903206075,85,2088,Bronze INV,br_InvType,TASK_COMPLETE,SUCCESS,INFO,6,6,0,,2026-09-02T19:03:39.838Z,2026-09-02T21:23:00.812Z,8361,2026-09-02T21:23:00.812Z,B39,Aiken,c49685cc-3281-44bc-a1c2-3be5b1110999,SAMMS-AikenV5
202609022122570419,202609021903206094,202609021903206075,85,2089,Bronze INV,br_InvType,TASK_COMPLETE,SUCCESS,INFO,5,5,0,,2026-09-02T19:03:39.838Z,2026-09-02T21:23:00.812Z,8361,2026-09-02T21:23:00.812Z,B41,Chesapeake,c49685cc-3281-44bc-a1c2-3be5b1110999,SAMMS-ChesapeakeV5
202609022122570420,202609021903206095,202609021903206075,85,2090,Bronze INV,br_InvType,TASK_COMPLETE,SUCCESS,INFO,6,6,0,,2026-09-02T19:03:39.838Z,2026-09-02T21:23:00.812Z,8361,2026-09-02T21:23:00.812Z,B42,Virginia Beach,c49685cc-3281-44bc-a1c2-3be5b1110999,SAMMS-VirginiaBeachV5
202609022122570422,202609021903206096,202609021903206075,85,2091,Bronze INV,br_InvType,TASK_COMPLETE,SUCCESS,INFO,5,5,0,,2026-09-02T19:03:39.838Z,2026-09-02T21:23:00.812Z,8361,2026-09-02T21:23:00.812Z,B42A,Newport News,c49685cc-3281-44bc-a1c2-3be5b1110999,SAMMS-NewportNewsV5
202609022122570423,202609021903206097,202609021903206075,85,2092,Bronze INV,br_InvType,TASK_COMPLETE,SUCCESS,INFO,3,3,0,,2026-09-02T19:03:39.838Z,2026-09-02T21:23:00.812Z,8361,2026-09-02T21:23:00.812Z,B42B,Franklin,c49685cc-3281-44bc-a1c2-3be5b1110999,SAMMS-FranklinV5
202609022122570424,202609021903206098,202609021903206075,85,2093,Bronze INV,br_InvType,TASK_COMPLETE,SUCCESS,INFO,5,5,0,,2026-09-02T19:03:39.838Z,2026-09-02T21:23:00.812Z,8361,2026-09-02T21:23:00.812Z,B42C,Glen Allen,c49685cc-3281-44bc-a1c2-3be5b1110999,SAMMS-GlenAllenV5
202609022122570425,202609021903206099,202609021903206075,85,2094,Bronze INV,br_InvType,TASK_COMPLETE,SUCCESS,INFO,7,7,0,,2026-09-02T19:03:39.838Z,2026-09-02T21:23:00.812Z,8361,2026-09-02T21:23:00.812Z,B42D,Chesapeake South,c49685cc-3281-44bc-a1c2-3be5b1110999,SAMMS-ChesapeakeSouthV5
202609022122570426,202609021903206100,202609021903206075,85,2095,Bronze INV,br_InvType,TASK_COMPLETE,SUCCESS,INFO,5,5,0,,2026-09-02T19:03:39.838Z,2026-09-02T21:23:00.812Z,8361,2026-09-02T21:23:00.812Z,B44,Albany,c49685cc-3281-44bc-a1c2-3be5b1110999,SAMMS-AlbanyV5
202609022122570427,202609021903206101,202609021903206075,85,2096,Bronze INV,br_InvType,TASK_COMPLETE,SUCCESS,INFO,5,5,0,,2026-09-02T19:03:39.838Z,2026-09-02T21:23:00.812Z,8361,2026-09-02T21:23:00.812Z,B45,Tifton,c49685cc-3281-44bc-a1c2-3be5b1110999,SAMMS-TiftonV5
202609022122570428,202609021903206102,202609021903206075,85,2097,Bronze INV,br_InvType,TASK_COMPLETE,SUCCESS,INFO,5,5,0,,2026-09-02T19:03:39.838Z,2026-09-02T21:23:00.812Z,8361,2026-09-02T21:23:00.812Z,B46,Washington DC,c49685cc-3281-44bc-a1c2-3be5b1110999,SAMMS-WashingtonDCv5
202609022122570429,202609021903206103,202609021903206075,85,2098,Bronze INV,br_InvType,TASK_COMPLETE,SUCCESS,INFO,7,7,0,,2026-09-02T19:03:39.838Z,2026-09-02T21:23:00.812Z,8361,2026-09-02T21:23:00.812Z,B47,Mobile,c49685cc-3281-44bc-a1c2-3be5b1110999,SAMMS-MobileV5
202609022122570430,202609021903206104,202609021903206075,85,2099,Bronze INV,br_InvType,TASK_COMPLETE,SUCCESS,INFO,6,6,0,,2026-09-02T19:03:39.838Z,2026-09-02T21:23:00.812Z,8361,2026-09-02T21:23:00.812Z,B48,Tuscaloosa,c49685cc-3281-44bc-a1c2-3be5b1110999,SAMMS-TuscaloosaV5
202609022122570432,202609021903206105,202609021903206075,85,2108,Bronze INV,br_InvType,TASK_COMPLETE,SUCCESS,INFO,7,7,0,,2026-09-02T19:03:39.838Z,2026-09-02T21:23:00.812Z,8361,2026-09-02T21:23:00.812Z,B51,N. Little Rock (OTP),c49685cc-3281-44bc-a1c2-3be5b1110999,SAMMS-NorthLittleRockV6
202609022122570433,202609021903206106,202609021903206075,85,2109,Bronze INV,br_InvType,TASK_COMPLETE,SUCCESS,INFO,5,5,0,,2026-09-02T19:03:39.838Z,2026-09-02T21:23:00.812Z,8361,2026-09-02T21:23:00.812Z,B52,Jackson GA,c49685cc-3281-44bc-a1c2-3be5b1110999,SAMMS-JacksonGAV5
202609022122570434,202609021903206107,202609021903206075,85,2110,Bronze INV,br_InvType,TASK_COMPLETE,SUCCESS,INFO,7,7,0,,2026-09-02T19:03:39.838Z,2026-09-02T21:23:00.812Z,8361,2026-09-02T21:23:00.812Z,B54,Gadsden,c49685cc-3281-44bc-a1c2-3be5b1110999,SAMMS-GadsdenV5
202609022122570435,202609021903206108,202609021903206075,85,2111,Bronze INV,br_InvType,TASK_COMPLETE,SUCCESS,INFO,8,8,0,,2026-09-02T19:03:39.838Z,2026-09-02T21:23:00.812Z,8361,2026-09-02T21:23:00.812Z,B55,Shoals,c49685cc-3281-44bc-a1c2-3be5b1110999,SAMMS-ShoalsV5
202609022122570436,202609021903206109,202609021903206075,85,2112,Bronze INV,br_InvType,TASK_COMPLETE,SUCCESS,INFO,7,7,0,,2026-09-02T19:03:39.838Z,2026-09-02T21:23:00.812Z,8361,2026-09-02T21:23:00.812Z,B57,Pawtucket,c49685cc-3281-44bc-a1c2-3be5b1110999,SAMMS-Pawtucket
202609022122570437,202609021903206110,202609021903206075,85,2113,Bronze INV,br_InvType,TASK_COMPLETE,SUCCESS,INFO,8,8,0,,2026-09-02T19:03:39.838Z,2026-09-02T21:23:00.812Z,8361,2026-09-02T21:23:00.812Z,B57A,Johnston,c49685cc-3281-44bc-a1c2-3be5b1110999,SAMMS-Johnston
202609022122570438,202609021903206111,202609021903206075,85,2114,Bronze INV,br_InvType,TASK_COMPLETE,SUCCESS,INFO,7,7,0,,2026-09-02T19:03:39.838Z,2026-09-02T21:23:00.812Z,8361,2026-09-02T21:23:00.812Z,B57B,Middletown,c49685cc-3281-44bc-a1c2-3be5b1110999,SAMMS-Middletown
202609022122570439,202609021903206112,202609021903206075,85,2115,Bronze INV,br_InvType,TASK_COMPLETE,SUCCESS,INFO,7,7,0,,2026-09-02T19:03:39.838Z,2026-09-02T21:23:00.812Z,8361,2026-09-02T21:23:00.812Z,B57C,Providence,c49685cc-3281-44bc-a1c2-3be5b1110999,SAMMS-Providence
202609022122570440,202609021903206113,202609021903206075,85,2116,Bronze INV,br_InvType,TASK_COMPLETE,SUCCESS,INFO,7,7,0,,2026-09-02T19:03:39.838Z,2026-09-02T21:23:00.812Z,8361,2026-09-02T21:23:00.812Z,B57D,Westerly,c49685cc-3281-44bc-a1c2-3be5b1110999,SAMMS-Westerly
202609022122570441,202609021903206114,202609021903206075,85,2120,Bronze INV,br_InvType,TASK_COMPLETE,SUCCESS,INFO,0,0,0,,2026-09-02T19:03:39.838Z,2026-09-02T21:23:00.812Z,8361,2026-09-02T21:23:00.812Z,B66A,Bremen,c49685cc-3281-44bc-a1c2-3be5b1110999,SAMMS-Bremen
202609022122570443,202609021903206115,202609021903206075,85,2123,Bronze INV,br_InvType,TASK_COMPLETE,SUCCESS,INFO,0,0,0,,2026-09-02T19:03:39.838Z,2026-09-02T21:23:00.812Z,8361,2026-09-02T21:23:00.812Z,B72,Mobile (OBOT),c49685cc-3281-44bc-a1c2-3be5b1110999,SAMMS-Mobile-OBOT
202609022122570444,202609021903206116,202609021903206075,85,2124,Bronze INV,br_InvType,TASK_COMPLETE,SUCCESS,INFO,0,0,0,,2026-09-02T19:03:39.838Z,2026-09-02T21:23:00.812Z,8361,2026-09-02T21:23:00.812Z,B73,Montgomery,c49685cc-3281-44bc-a1c2-3be5b1110999,SAMMS-Montgomery
202609022122570445,202609021903206117,202609021903206075,85,2125,Bronze INV,br_InvType,TASK_COMPLETE,SUCCESS,INFO,7,7,0,,2026-09-02T19:03:39.838Z,2026-09-02T21:23:00.812Z,8361,2026-09-02T21:23:00.812Z,B75,Lawrence,c49685cc-3281-44bc-a1c2-3be5b1110999,SAMMS-LawrenceV6
202609022122570446,202609021903206118,202609021903206075,85,2126,Bronze INV,br_InvType,TASK_COMPLETE,SUCCESS,INFO,0,0,0,,2026-09-02T19:03:39.838Z,2026-09-02T21:23:00.812Z,8361,2026-09-02T21:23:00.812Z,B76,Huntsville OBOT,c49685cc-3281-44bc-a1c2-3be5b1110999,SAMMS-Huntsville-OBOT
202609022122570447,202609021903206119,202609021903206075,85,2127,Bronze INV,br_InvType,TASK_COMPLETE,SUCCESS,INFO,7,7,0,,2026-09-02T19:03:39.838Z,2026-09-02T21:23:00.812Z,8361,2026-09-02T21:23:00.812Z,BAT,Batesville,c49685cc-3281-44bc-a1c2-3be5b1110999,SAMMS-Batesville
202609022122570448,202609021903206120,202609021903206075,85,2128,Bronze INV,br_InvType,TASK_COMPLETE,SUCCESS,INFO,7,7,0,,2026-09-02T19:03:39.838Z,2026-09-02T21:23:00.812Z,8361,2026-09-02T21:23:00.812Z,BG,Bowling Green,c49685cc-3281-44bc-a1c2-3be5b1110999,SAMMS-BowlingGreen
202609022122570449,202609021903206121,202609021903206075,85,2129,Bronze INV,br_InvType,TASK_COMPLETE,SUCCESS,INFO,7,7,0,,2026-09-02T19:03:39.838Z,2026-09-02T21:23:00.812Z,8361,2026-09-02T21:23:00.812Z,BOI,Boise,c49685cc-3281-44bc-a1c2-3be5b1110999,SAMMS-Boise
202609022122570450,202609021903206122,202609021903206075,85,2136,Bronze INV,br_InvType,TASK_COMPLETE,SUCCESS,INFO,7,7,0,,2026-09-02T19:03:39.838Z,2026-09-02T21:23:00.812Z,8361,2026-09-02T21:23:00.812Z,CBCO,Coeur dAlene,c49685cc-3281-44bc-a1c2-3be5b1110999,SAMMS-CoeurdAleneV6
202609022122570451,202609021903206123,202609021903206075,85,2155,Bronze INV,br_InvType,TASK_COMPLETE,SUCCESS,INFO,7,7,0,,2026-09-02T19:03:39.838Z,2026-09-02T21:23:00.812Z,8361,2026-09-02T21:23:00.812Z,CON,Conway,c49685cc-3281-44bc-a1c2-3be5b1110999,SAMMS-Conway
202609022122570452,202609021903206124,202609021903206075,85,2156,Bronze INV,br_InvType,TASK_COMPLETE,SUCCESS,INFO,7,7,0,,2026-09-02T19:03:39.838Z,2026-09-02T21:23:00.812Z,8361,2026-09-02T21:23:00.812Z,D07,Medical Services Knox TN,c49685cc-3281-44bc-a1c2-3be5b1110999,SAMMS-KnoxvilleV6
202609022122570453,202609021903206125,202609021903206075,85,2157,Bronze INV,br_InvType,TASK_COMPLETE,SUCCESS,INFO,7,7,0,,2026-09-02T19:03:39.838Z,2026-09-02T21:23:00.812Z,8361,2026-09-02T21:23:00.812Z,D08,Madison,c49685cc-3281-44bc-a1c2-3be5b1110999,SAMMS-MadisonV6
202609022122570455,202609021903206126,202609021903206075,85,2159,Bronze INV,br_InvType,TASK_COMPLETE,SUCCESS,INFO,7,7,0,,2026-09-02T19:03:39.838Z,2026-09-02T21:23:00.812Z,8361,2026-09-02T21:23:00.812Z,D09,Murfreesboro,c49685cc-3281-44bc-a1c2-3be5b1110999,SAMMS-MurfreesboroV6
202609022122570456,202609021903206127,202609021903206075,85,2160,Bronze INV,br_InvType,TASK_COMPLETE,SUCCESS,INFO,7,7,0,,2026-09-02T19:03:39.838Z,2026-09-02T21:23:00.812Z,8361,2026-09-02T21:23:00.812Z,DA,Davenport,c49685cc-3281-44bc-a1c2-3be5b1110999,SAMMS-Davenport
202609022122570457,202609021903206128,202609021903206075,85,2161,Bronze INV,br_InvType,TASK_COMPLETE,SUCCESS,INFO,7,7,0,,2026-09-02T19:03:39.838Z,2026-09-02T21:23:00.812Z,8361,2026-09-02T21:23:00.812Z,DM,Des Moines,c49685cc-3281-44bc-a1c2-3be5b1110999,SAMMS-DesMoines
202609022122570458,202609021903206129,202609021903206075,85,2163,Bronze INV,br_InvType,TASK_COMPLETE,SUCCESS,INFO,7,7,0,,2026-09-02T19:03:39.838Z,2026-09-02T21:23:00.812Z,8361,2026-09-02T21:23:00.812Z,DRD-CO,Columbia MO,c49685cc-3281-44bc-a1c2-3be5b1110999,SAMMS-ColumbiaV5
202609022122570459,202609021903206130,202609021903206075,85,2164,Bronze INV,br_InvType,TASK_COMPLETE,SUCCESS,INFO,7,7,0,,2026-09-02T19:03:39.838Z,2026-09-02T21:23:00.812Z,8361,2026-09-02T21:23:00.812Z,DRD-KC,KC,c49685cc-3281-44bc-a1c2-3be5b1110999,SAMMS-KCv5
202609022122570460,202609021903206131,202609021903206075,85,2165,Bronze INV,br_InvType,TASK_COMPLETE,SUCCESS,INFO,8,8,0,,2026-09-02T19:03:39.838Z,2026-09-02T21:23:00.812Z,8361,2026-09-02T21:23:00.812Z,DRD-KVB,KVB,c49685cc-3281-44bc-a1c2-3be5b1110999,SAMMS-KVBv5
202609022122570461,202609021903206132,202609021903206075,85,2166,Bronze INV,br_InvType,TASK_COMPLETE,SUCCESS,INFO,9,9,0,,2026-09-02T19:03:39.838Z,2026-09-02T21:23:00.812Z,8361,2026-09-02T21:23:00.812Z,DRD-KVC,KVC,c49685cc-3281-44bc-a1c2-3be5b1110999,SAMMS-KVCv5
202609022122570462,202609021903206133,202609021903206075,85,2167,Bronze INV,br_InvType,TASK_COMPLETE,SUCCESS,INFO,7,7,0,,2026-09-02T19:03:39.838Z,2026-09-02T21:23:00.812Z,8361,2026-09-02T21:23:00.812Z,DRD-NOLA,NOLA,c49685cc-3281-44bc-a1c2-3be5b1110999,SAMMS-NOLAv5
202609022122570463,202609021903206134,202609021903206075,85,2168,Bronze INV,br_InvType,TASK_COMPLETE,SUCCESS,INFO,7,7,0,,2026-09-02T19:03:39.838Z,2026-09-02T21:23:00.812Z,8361,2026-09-02T21:23:00.812Z,DRD-SF,Springfield,c49685cc-3281-44bc-a1c2-3be5b1110999,SAMMS-SFv5
202609022122570464,202609021903206135,202609021903206075,85,2170,Bronze INV,br_InvType,TASK_COMPLETE,SUCCESS,INFO,7,7,0,,2026-09-02T19:03:39.838Z,2026-09-02T21:23:00.812Z,8361,2026-09-02T21:23:00.812Z,ELC,Elizabeth City,c49685cc-3281-44bc-a1c2-3be5b1110999,SAMMS-ElizabethCity
202609022122570466,202609021903206136,202609021903206075,85,2171,Bronze INV,br_InvType,TASK_COMPLETE,SUCCESS,INFO,7,7,0,,2026-09-02T19:03:39.838Z,2026-09-02T21:23:00.812Z,8361,2026-09-02T21:23:00.812Z,ET,Elizabethtown,c49685cc-3281-44bc-a1c2-3be5b1110999,SAMMS-Elizabethtown
202609022122570467,202609021903206137,202609021903206075,85,2172,Bronze INV,br_InvType,TASK_COMPLETE,SUCCESS,INFO,7,7,0,,2026-09-02T19:03:39.838Z,2026-09-02T21:23:00.812Z,8361,2026-09-02T21:23:00.812Z,FAY,Fayetteville,c49685cc-3281-44bc-a1c2-3be5b1110999,SAMMS-Fayetteville
202609022122570468,202609021903206138,202609021903206075,85,2173,Bronze INV,br_InvType,TASK_COMPLETE,SUCCESS,INFO,7,7,0,,2026-09-02T19:03:39.838Z,2026-09-02T21:23:00.812Z,8361,2026-09-02T21:23:00.812Z,FR,Frankfort,c49685cc-3281-44bc-a1c2-3be5b1110999,SAMMS-Frankfort
202609022122570469,202609021903206139,202609021903206075,85,2174,Bronze INV,br_InvType,TASK_COMPLETE,SUCCESS,INFO,7,7,0,,2026-09-02T19:03:39.838Z,2026-09-02T21:23:00.812Z,8361,2026-09-02T21:23:00.812Z,FS,Fort Smith,c49685cc-3281-44bc-a1c2-3be5b1110999,SAMMS-FortSmith
202609022122570470,202609021903206140,202609021903206075,85,2175,Bronze INV,br_InvType,TASK_COMPLETE,SUCCESS,INFO,7,7,0,,2026-09-02T19:03:39.838Z,2026-09-02T21:23:00.812Z,8361,2026-09-02T21:23:00.812Z,FW,Fort Wayne,c49685cc-3281-44bc-a1c2-3be5b1110999,SAMMS-FortWayne
202609022122570471,202609021903206141,202609021903206075,85,2176,Bronze INV,br_InvType,TASK_COMPLETE,SUCCESS,INFO,7,7,0,,2026-09-02T19:03:39.838Z,2026-09-02T21:23:00.812Z,8361,2026-09-02T21:23:00.812Z,GAL,Gaylord,c49685cc-3281-44bc-a1c2-3be5b1110999,SAMMS-Gaylord
202609022122570472,202609021903206142,202609021903206075,85,2180,Bronze INV,br_InvType,TASK_COMPLETE,SUCCESS,INFO,4,4,0,,2026-09-02T19:03:39.838Z,2026-09-02T21:23:00.812Z,8361,2026-09-02T21:23:00.812Z,HGT,Hagerstown,c49685cc-3281-44bc-a1c2-3be5b1110999,SAMMS-Hagerstown
202609022122570474,202609021903206143,202609021903206075,85,2181,Bronze INV,br_InvType,TASK_COMPLETE,SUCCESS,INFO,5,5,0,,2026-09-02T19:03:39.838Z,2026-09-02T21:23:00.812Z,8361,2026-09-02T21:23:00.812Z,HNT,Huntsville,c49685cc-3281-44bc-a1c2-3be5b1110999,SAMMS-Huntsville
202609022122570475,202609021903206144,202609021903206075,85,2182,Bronze INV,br_InvType,TASK_COMPLETE,SUCCESS,INFO,7,7,0,,2026-09-02T19:03:39.838Z,2026-09-02T21:23:00.812Z,8361,2026-09-02T21:23:00.812Z,HS,Hot Springs,c49685cc-3281-44bc-a1c2-3be5b1110999,SAMMS-HotSprings
202609022122570476,202609021903206145,202609021903206075,85,2183,Bronze INV,br_InvType,TASK_COMPLETE,SUCCESS,INFO,7,7,0,,2026-09-02T19:03:39.838Z,2026-09-02T21:23:00.812Z,8361,2026-09-02T21:23:00.812Z,JON,Jonesboro,c49685cc-3281-44bc-a1c2-3be5b1110999,SAMMS-Jonesboro
202609022122570477,202609021903206146,202609021903206075,85,2185,Bronze INV,br_InvType,TASK_COMPLETE,SUCCESS,INFO,7,7,0,,2026-09-02T19:03:39.838Z,2026-09-02T21:23:00.812Z,8361,2026-09-02T21:23:00.812Z,LAN,Lansing,c49685cc-3281-44bc-a1c2-3be5b1110999,SAMMS-Lansing
202609022122570478,202609021903206147,202609021903206075,85,2186,Bronze INV,br_InvType,TASK_COMPLETE,SUCCESS,INFO,7,7,0,,2026-09-02T19:03:39.838Z,2026-09-02T21:23:00.812Z,8361,2026-09-02T21:23:00.812Z,LO,Louisville,c49685cc-3281-44bc-a1c2-3be5b1110999,SAMMS-Louisville
202609022122570479,202609021903206148,202609021903206075,85,2187,Bronze INV,br_InvType,TASK_COMPLETE,SUCCESS,INFO,7,7,0,,2026-09-02T19:03:39.838Z,2026-09-02T21:23:00.812Z,8361,2026-09-02T21:23:00.812Z,LV1,Cheyenne,c49685cc-3281-44bc-a1c2-3be5b1110999,SAMMS-Cheyenne
202609022122570480,202609021903206149,202609021903206075,85,2188,Bronze INV,br_InvType,TASK_COMPLETE,SUCCESS,INFO,6,6,0,,2026-09-02T19:03:39.838Z,2026-09-02T21:23:00.812Z,8361,2026-09-02T21:23:00.812Z,LV2,Desert Inn,c49685cc-3281-44bc-a1c2-3be5b1110999,SAMMS-DesertInn
202609022122570481,202609021903206150,202609021903206075,85,2189,Bronze INV,br_InvType,TASK_COMPLETE,SUCCESS,INFO,7,7,0,,2026-09-02T19:03:39.838Z,2026-09-02T21:23:00.812Z,8361,2026-09-02T21:23:00.812Z,LV3,McDaniel,c49685cc-3281-44bc-a1c2-3be5b1110999,SAMMS-McDaniel
202609022122570482,202609021903206151,202609021903206075,85,2192,Bronze INV,br_InvType,TASK_COMPLETE,SUCCESS,INFO,7,7,0,,2026-09-02T19:03:39.838Z,2026-09-02T21:23:00.812Z,8361,2026-09-02T21:23:00.812Z,MNRE,Monroe,c49685cc-3281-44bc-a1c2-3be5b1110999,SAMMS-Monroe
202609022122570483,202609021903206152,202609021903206075,85,2193,Bronze INV,br_InvType,TASK_COMPLETE,SUCCESS,INFO,7,7,0,,2026-09-02T19:03:39.838Z,2026-09-02T21:23:00.812Z,8361,2026-09-02T21:23:00.812Z,MP,Mt. Pleasant,c49685cc-3281-44bc-a1c2-3be5b1110999,SAMMS-MtPleasant
202609022122570485,202609021903206153,202609021903206075,85,2194,Bronze INV,br_InvType,TASK_COMPLETE,SUCCESS,INFO,7,7,0,,2026-09-02T19:03:39.838Z,2026-09-02T21:23:00.812Z,8361,2026-09-02T21:23:00.812Z,MRD,Meridian,c49685cc-3281-44bc-a1c2-3be5b1110999,SAMMS-Meridian
202609022122570486,202609021903206154,202609021903206075,85,2199,Bronze INV,br_InvType,TASK_COMPLETE,SUCCESS,INFO,7,7,0,,2026-09-02T19:03:39.838Z,2026-09-02T21:23:00.812Z,8361,2026-09-02T21:23:00.812Z,NC,North Charleston,c49685cc-3281-44bc-a1c2-3be5b1110999,SAMMS-NorthCharleston
202609022122570487,202609021903206155,202609021903206075,85,2200,Bronze INV,br_InvType,TASK_COMPLETE,SUCCESS,INFO,7,7,0,,2026-09-02T19:03:39.838Z,2026-09-02T21:23:00.812Z,8361,2026-09-02T21:23:00.812Z,NLR,N. Little Rock,c49685cc-3281-44bc-a1c2-3be5b1110999,SAMMS-NLROBOT
202609022122570488,202609021903206156,202609021903206075,85,2201,Bronze INV,br_InvType,TASK_COMPLETE,SUCCESS,INFO,6,6,0,,2026-09-02T19:03:39.838Z,2026-09-02T21:23:00.812Z,8361,2026-09-02T21:23:00.812Z,PH,Phoenix,c49685cc-3281-44bc-a1c2-3be5b1110999,SAMMS-Phoenix
202609022122570489,202609021903206157,202609021903206075,85,2205,Bronze INV,br_InvType,TASK_COMPLETE,SUCCESS,INFO,8,8,0,,2026-09-02T19:03:39.838Z,2026-09-02T21:23:00.812Z,8361,2026-09-02T21:23:00.812Z,RE,Reno,c49685cc-3281-44bc-a1c2-3be5b1110999,SAMMS-Reno
202609022122570490,202609021903206158,202609021903206075,85,2206,Bronze INV,br_InvType,TASK_COMPLETE,SUCCESS,INFO,7,7,0,,2026-09-02T19:03:39.838Z,2026-09-02T21:23:00.812Z,8361,2026-09-02T21:23:00.812Z,RMD,Richmond,c49685cc-3281-44bc-a1c2-3be5b1110999,SAMMS-Richmond
202609022122570491,202609021903206159,202609021903206075,85,2207,Bronze INV,br_InvType,TASK_COMPLETE,SUCCESS,INFO,7,7,0,,2026-09-02T19:03:39.838Z,2026-09-02T21:23:00.812Z,8361,2026-09-02T21:23:00.812Z,SFN,Springfield North,c49685cc-3281-44bc-a1c2-3be5b1110999,SAMMS-SFNv5
202609022122570492,202609021903206160,202609021903206075,85,2208,Bronze INV,br_InvType,TASK_COMPLETE,SUCCESS,INFO,7,7,0,,2026-09-02T19:03:39.838Z,2026-09-02T21:23:00.812Z,8361,2026-09-02T21:23:00.812Z,SHP,Shreveport,c49685cc-3281-44bc-a1c2-3be5b1110999,SAMMS-Shreveport
202609022122570493,202609021903206161,202609021903206075,85,2210,Bronze INV,br_InvType,TASK_COMPLETE,SUCCESS,INFO,7,7,0,,2026-09-02T19:03:39.838Z,2026-09-02T21:23:00.812Z,8361,2026-09-02T21:23:00.812Z,STN,Staunton,c49685cc-3281-44bc-a1c2-3be5b1110999,SAMMS-Staunton
202608312116371656,202608311905652237,202608311905652236,85,2070,Bronze INV,br_InvType,TASK_COMPLETE,SUCCESS,INFO,7,7,0,,2026-08-31T19:06:18.658Z,2026-08-31T21:16:41.151Z,7823,2026-08-31T21:16:41.151Z,AHK,Ahoskie,79f5b39e-d314-4ad3-8050-3ace553d67de,SAMMS-Ahoskie
202608312116371657,202608311905652238,202608311905652236,85,2071,Bronze INV,br_InvType,TASK_COMPLETE,SUCCESS,INFO,7,7,0,,2026-08-31T19:06:18.658Z,2026-08-31T21:16:41.151Z,7823,2026-08-31T21:16:41.151Z,B12B,Colorado Springs,79f5b39e-d314-4ad3-8050-3ace553d67de,SAMMS-ColoradoSpringsV5
202608312116371658,202608311905652239,202608311905652236,85,2072,Bronze INV,br_InvType,TASK_COMPLETE,SUCCESS,INFO,7,7,0,,2026-08-31T19:06:18.658Z,2026-08-31T21:16:41.151Z,7823,2026-08-31T21:16:41.151Z,B24,Paintsville,79f5b39e-d314-4ad3-8050-3ace553d67de,SAMMS-PaintsvilleV5
202608312116371659,202608311905652240,202608311905652236,85,2073,Bronze INV,br_InvType,TASK_COMPLETE,SUCCESS,INFO,7,7,0,,2026-08-31T19:06:18.658Z,2026-08-31T21:16:41.151Z,7823,2026-08-31T21:16:41.151Z,B25,Pikeville,79f5b39e-d314-4ad3-8050-3ace553d67de,SAMMS-PikevilleV5
202608312116371660,202608311905652241,202608311905652236,85,2074,Bronze INV,br_InvType,TASK_COMPLETE,SUCCESS,INFO,7,7,0,,2026-08-31T19:06:18.658Z,2026-08-31T21:16:41.151Z,7823,2026-08-31T21:16:41.151Z,B26,Hazard,79f5b39e-d314-4ad3-8050-3ace553d67de,SAMMS-HazardV5
202608312116371661,202608311905652242,202608311905652236,85,2075,Bronze INV,br_InvType,TASK_COMPLETE,SUCCESS,INFO,7,7,0,,2026-08-31T19:06:18.658Z,2026-08-31T21:16:41.151Z,7823,2026-08-31T21:16:41.151Z,B27,Savannah,79f5b39e-d314-4ad3-8050-3ace553d67de,SAMMS-SavannahV6
202608312116371662,202608311905652243,202608311905652236,85,2076,Bronze INV,br_InvType,TASK_COMPLETE,SUCCESS,INFO,7,7,0,,2026-08-31T19:06:18.658Z,2026-08-31T21:16:41.151Z,7823,2026-08-31T21:16:41.151Z,B28,West Plains,79f5b39e-d314-4ad3-8050-3ace553d67de,SAMMS-WestPlainesV5
202608312116371664,202608311905652244,202608311905652236,85,2077,Bronze INV,br_InvType,TASK_COMPLETE,SUCCESS,INFO,7,7,0,,2026-08-31T19:06:18.658Z,2026-08-31T21:16:41.151Z,7823,2026-08-31T21:16:41.151Z,B29,Poplar Bluff,79f5b39e-d314-4ad3-8050-3ace553d67de,SAMMS-PoplarBluffV5
202608312116371665,202608311905652245,202608311905652236,85,2078,Bronze INV,br_InvType,TASK_COMPLETE,SUCCESS,INFO,7,7,0,,2026-08-31T19:06:18.658Z,2026-08-31T21:16:41.151Z,7823,2026-08-31T21:16:41.151Z,B30,KC North,79f5b39e-d314-4ad3-8050-3ace553d67de,SAMMS-KCNv5
202608312116371666,202608311905652246,202608311905652236,85,2079,Bronze INV,br_InvType,TASK_COMPLETE,SUCCESS,INFO,7,7,0,,2026-08-31T19:06:18.658Z,2026-08-31T21:16:41.151Z,7823,2026-08-31T21:16:41.151Z,B31,Dyersburg,79f5b39e-d314-4ad3-8050-3ace553d67de,SAMMS-DyersburgV5
202608312116371667,202608311905652247,202608311905652236,85,2081,Bronze INV,br_InvType,TASK_COMPLETE,SUCCESS,INFO,6,6,0,,2026-08-31T19:06:18.658Z,2026-08-31T21:16:41.151Z,7823,2026-08-31T21:16:41.151Z,B33,Paducah,79f5b39e-d314-4ad3-8050-3ace553d67de,SAMMS-Paducah
202608312116371668,202608311905652248,202608311905652236,85,2082,Bronze INV,br_InvType,TASK_COMPLETE,SUCCESS,INFO,6,6,0,,2026-08-31T19:06:18.658Z,2026-08-31T21:16:41.151Z,7823,2026-08-31T21:16:41.151Z,B34,Corbin,79f5b39e-d314-4ad3-8050-3ace553d67de,SAMMS-CorbinV5
202608312116371669,202608311905652249,202608311905652236,85,2083,Bronze INV,br_InvType,TASK_COMPLETE,SUCCESS,INFO,8,8,0,,2026-08-31T19:06:18.658Z,2026-08-31T21:16:41.151Z,7823,2026-08-31T21:16:41.151Z,B35,Lexington,79f5b39e-d314-4ad3-8050-3ace553d67de,SAMMS-LexingtonV5
202608312116371670,202608311905652250,202608311905652236,85,2084,Bronze INV,br_InvType,TASK_COMPLETE,SUCCESS,INFO,8,8,0,,2026-08-31T19:06:18.658Z,2026-08-31T21:16:41.151Z,7823,2026-08-31T21:16:41.151Z,B35A,Berea,79f5b39e-d314-4ad3-8050-3ace553d67de,SAMMS-BereaV5
202608312116371672,202608311905652251,202608311905652236,85,2085,Bronze INV,br_InvType,TASK_COMPLETE,SUCCESS,INFO,5,5,0,,2026-08-31T19:06:18.658Z,2026-08-31T21:16:41.151Z,7823,2026-08-31T21:16:41.151Z,B36,Asheville,79f5b39e-d314-4ad3-8050-3ace553d67de,SAMMS-AshevilleV5
202608312116371673,202608311905652252,202608311905652236,85,2086,Bronze INV,br_InvType,TASK_COMPLETE,SUCCESS,INFO,6,6,0,,2026-08-31T19:06:18.658Z,2026-08-31T21:16:41.151Z,7823,2026-08-31T21:16:41.151Z,B37,Clyde,79f5b39e-d314-4ad3-8050-3ace553d67de,SAMMS-ClydeV5
202608312116371674,202608311905652253,202608311905652236,85,2087,Bronze INV,br_InvType,TASK_COMPLETE,SUCCESS,INFO,7,7,0,,2026-08-31T19:06:18.658Z,2026-08-31T21:16:41.151Z,7823,2026-08-31T21:16:41.151Z,B38,Spartanburg,79f5b39e-d314-4ad3-8050-3ace553d67de,SAMMS-SpartanburgV5
202608312116371675,202608311905652254,202608311905652236,85,2088,Bronze INV,br_InvType,TASK_COMPLETE,SUCCESS,INFO,6,6,0,,2026-08-31T19:06:18.658Z,2026-08-31T21:16:41.151Z,7823,2026-08-31T21:16:41.151Z,B39,Aiken,79f5b39e-d314-4ad3-8050-3ace553d67de,SAMMS-AikenV5
202608312116371676,202608311905652255,202608311905652236,85,2089,Bronze INV,br_InvType,TASK_COMPLETE,SUCCESS,INFO,5,5,0,,2026-08-31T19:06:18.658Z,2026-08-31T21:16:41.151Z,7823,2026-08-31T21:16:41.151Z,B41,Chesapeake,79f5b39e-d314-4ad3-8050-3ace553d67de,SAMMS-ChesapeakeV5
202608312116371677,202608311905652256,202608311905652236,85,2090,Bronze INV,br_InvType,TASK_COMPLETE,SUCCESS,INFO,6,6,0,,2026-08-31T19:06:18.658Z,2026-08-31T21:16:41.151Z,7823,2026-08-31T21:16:41.151Z,B42,Virginia Beach,79f5b39e-d314-4ad3-8050-3ace553d67de,SAMMS-VirginiaBeachV5
202608312116371678,202608311905652257,202608311905652236,85,2091,Bronze INV,br_InvType,TASK_COMPLETE,SUCCESS,INFO,5,5,0,,2026-08-31T19:06:18.658Z,2026-08-31T21:16:41.151Z,7823,2026-08-31T21:16:41.151Z,B42A,Newport News,79f5b39e-d314-4ad3-8050-3ace553d67de,SAMMS-NewportNewsV5
202608312116371680,202608311905652258,202608311905652236,85,2092,Bronze INV,br_InvType,TASK_COMPLETE,SUCCESS,INFO,3,3,0,,2026-08-31T19:06:18.658Z,2026-08-31T21:16:41.151Z,7823,2026-08-31T21:16:41.151Z,B42B,Franklin,79f5b39e-d314-4ad3-8050-3ace553d67de,SAMMS-FranklinV5
202608312116371681,202608311905652259,202608311905652236,85,2093,Bronze INV,br_InvType,TASK_COMPLETE,SUCCESS,INFO,5,5,0,,2026-08-31T19:06:18.658Z,2026-08-31T21:16:41.151Z,7823,2026-08-31T21:16:41.151Z,B42C,Glen Allen,79f5b39e-d314-4ad3-8050-3ace553d67de,SAMMS-GlenAllenV5
202608312116371682,202608311905652260,202608311905652236,85,2094,Bronze INV,br_InvType,TASK_COMPLETE,SUCCESS,INFO,7,7,0,,2026-08-31T19:06:18.658Z,2026-08-31T21:16:41.151Z,7823,2026-08-31T21:16:41.151Z,B42D,Chesapeake South,79f5b39e-d314-4ad3-8050-3ace553d67de,SAMMS-ChesapeakeSouthV5
202608312116371683,202608311905652261,202608311905652236,85,2095,Bronze INV,br_InvType,TASK_COMPLETE,SUCCESS,INFO,5,5,0,,2026-08-31T19:06:18.658Z,2026-08-31T21:16:41.151Z,7823,2026-08-31T21:16:41.151Z,B44,Albany,79f5b39e-d314-4ad3-8050-3ace553d67de,SAMMS-AlbanyV5
202608312116371684,202608311905652262,202608311905652236,85,2096,Bronze INV,br_InvType,TASK_COMPLETE,SUCCESS,INFO,5,5,0,,2026-08-31T19:06:18.658Z,2026-08-31T21:16:41.151Z,7823,2026-08-31T21:16:41.151Z,B45,Tifton,79f5b39e-d314-4ad3-8050-3ace553d67de,SAMMS-TiftonV5
202608312116371685,202608311905652263,202608311905652236,85,2097,Bronze INV,br_InvType,TASK_COMPLETE,SUCCESS,INFO,5,5,0,,2026-08-31T19:06:18.658Z,2026-08-31T21:16:41.151Z,7823,2026-08-31T21:16:41.151Z,B46,Washington DC,79f5b39e-d314-4ad3-8050-3ace553d67de,SAMMS-WashingtonDCv5
202608312116371686,202608311905652264,202608311905652236,85,2098,Bronze INV,br_InvType,TASK_COMPLETE,SUCCESS,INFO,7,7,0,,2026-08-31T19:06:18.658Z,2026-08-31T21:16:41.151Z,7823,2026-08-31T21:16:41.151Z,B47,Mobile,79f5b39e-d314-4ad3-8050-3ace553d67de,SAMMS-MobileV5
202608312116371688,202608311905652265,202608311905652236,85,2099,Bronze INV,br_InvType,TASK_COMPLETE,SUCCESS,INFO,6,6,0,,2026-08-31T19:06:18.658Z,2026-08-31T21:16:41.151Z,7823,2026-08-31T21:16:41.151Z,B48,Tuscaloosa,79f5b39e-d314-4ad3-8050-3ace553d67de,SAMMS-TuscaloosaV5
202608312116371689,202608311905652266,202608311905652236,85,2108,Bronze INV,br_InvType,TASK_COMPLETE,SUCCESS,INFO,7,7,0,,2026-08-31T19:06:18.658Z,2026-08-31T21:16:41.151Z,7823,2026-08-31T21:16:41.151Z,B51,N. Little Rock (OTP),79f5b39e-d314-4ad3-8050-3ace553d67de,SAMMS-NorthLittleRockV6
202608312116371690,202608311905652267,202608311905652236,85,2109,Bronze INV,br_InvType,TASK_COMPLETE,SUCCESS,INFO,5,5,0,,2026-08-31T19:06:18.658Z,2026-08-31T21:16:41.151Z,7823,2026-08-31T21:16:41.151Z,B52,Jackson GA,79f5b39e-d314-4ad3-8050-3ace553d67de,SAMMS-JacksonGAV5
202608312116371691,202608311905652268,202608311905652236,85,2110,Bronze INV,br_InvType,TASK_COMPLETE,SUCCESS,INFO,7,7,0,,2026-08-31T19:06:18.658Z,2026-08-31T21:16:41.151Z,7823,2026-08-31T21:16:41.151Z,B54,Gadsden,79f5b39e-d314-4ad3-8050-3ace553d67de,SAMMS-GadsdenV5
202608312116371692,202608311905652269,202608311905652236,85,2111,Bronze INV,br_InvType,TASK_COMPLETE,SUCCESS,INFO,8,8,0,,2026-08-31T19:06:18.658Z,2026-08-31T21:16:41.151Z,7823,2026-08-31T21:16:41.151Z,B55,Shoals,79f5b39e-d314-4ad3-8050-3ace553d67de,SAMMS-ShoalsV5
202608312116371693,202608311905652270,202608311905652236,85,2112,Bronze INV,br_InvType,TASK_COMPLETE,SUCCESS,INFO,7,7,0,,2026-08-31T19:06:18.658Z,2026-08-31T21:16:41.151Z,7823,2026-08-31T21:16:41.151Z,B57,Pawtucket,79f5b39e-d314-4ad3-8050-3ace553d67de,SAMMS-Pawtucket
202608312116371694,202608311905652271,202608311905652236,85,2113,Bronze INV,br_InvType,TASK_COMPLETE,SUCCESS,INFO,8,8,0,,2026-08-31T19:06:18.658Z,2026-08-31T21:16:41.151Z,7823,2026-08-31T21:16:41.151Z,B57A,Johnston,79f5b39e-d314-4ad3-8050-3ace553d67de,SAMMS-Johnston
202608312116371696,202608311905652272,202608311905652236,85,2114,Bronze INV,br_InvType,TASK_COMPLETE,SUCCESS,INFO,7,7,0,,2026-08-31T19:06:18.658Z,2026-08-31T21:16:41.151Z,7823,2026-08-31T21:16:41.151Z,B57B,Middletown,79f5b39e-d314-4ad3-8050-3ace553d67de,SAMMS-Middletown
202608312116371697,202608311905652273,202608311905652236,85,2115,Bronze INV,br_InvType,TASK_COMPLETE,SUCCESS,INFO,7,7,0,,2026-08-31T19:06:18.658Z,2026-08-31T21:16:41.151Z,7823,2026-08-31T21:16:41.151Z,B57C,Providence,79f5b39e-d314-4ad3-8050-3ace553d67de,SAMMS-Providence
202608312116371698,202608311905652274,202608311905652236,85,2116,Bronze INV,br_InvType,TASK_COMPLETE,SUCCESS,INFO,7,7,0,,2026-08-31T19:06:18.658Z,2026-08-31T21:16:41.151Z,7823,2026-08-31T21:16:41.151Z,B57D,Westerly,79f5b39e-d314-4ad3-8050-3ace553d67de,SAMMS-Westerly
202608312116371699,202608311905652275,202608311905652236,85,2120,Bronze INV,br_InvType,TASK_COMPLETE,SUCCESS,INFO,0,0,0,,2026-08-31T19:06:18.658Z,2026-08-31T21:16:41.151Z,7823,2026-08-31T21:16:41.151Z,B66A,Bremen,79f5b39e-d314-4ad3-8050-3ace553d67de,SAMMS-Bremen
202608312116371700,202608311905652276,202608311905652236,85,2123,Bronze INV,br_InvType,TASK_COMPLETE,SUCCESS,INFO,0,0,0,,2026-08-31T19:06:18.658Z,2026-08-31T21:16:41.151Z,7823,2026-08-31T21:16:41.151Z,B72,Mobile (OBOT),79f5b39e-d314-4ad3-8050-3ace553d67de,SAMMS-Mobile-OBOT
202608312116371701,202608311905652277,202608311905652236,85,2124,Bronze INV,br_InvType,TASK_COMPLETE,SUCCESS,INFO,0,0,0,,2026-08-31T19:06:18.658Z,2026-08-31T21:16:41.151Z,7823,2026-08-31T21:16:41.151Z,B73,Montgomery,79f5b39e-d314-4ad3-8050-3ace553d67de,SAMMS-Montgomery
202608312116371703,202608311905652278,202608311905652236,85,2125,Bronze INV,br_InvType,TASK_COMPLETE,SUCCESS,INFO,7,7,0,,2026-08-31T19:06:18.658Z,2026-08-31T21:16:41.151Z,7823,2026-08-31T21:16:41.151Z,B75,Lawrence,79f5b39e-d314-4ad3-8050-3ace553d67de,SAMMS-LawrenceV6
202608312116371704,202608311905652279,202608311905652236,85,2126,Bronze INV,br_InvType,TASK_COMPLETE,SUCCESS,INFO,0,0,0,,2026-08-31T19:06:18.658Z,2026-08-31T21:16:41.151Z,7823,2026-08-31T21:16:41.151Z,B76,Huntsville OBOT,79f5b39e-d314-4ad3-8050-3ace553d67de,SAMMS-Huntsville-OBOT
202608312116371705,202608311905652280,202608311905652236,85,2127,Bronze INV,br_InvType,TASK_COMPLETE,SUCCESS,INFO,7,7,0,,2026-08-31T19:06:18.658Z,2026-08-31T21:16:41.151Z,7823,2026-08-31T21:16:41.151Z,BAT,Batesville,79f5b39e-d314-4ad3-8050-3ace553d67de,SAMMS-Batesville
202608312116371706,202608311905652281,202608311905652236,85,2128,Bronze INV,br_InvType,TASK_COMPLETE,SUCCESS,INFO,7,7,0,,2026-08-31T19:06:18.658Z,2026-08-31T21:16:41.151Z,7823,2026-08-31T21:16:41.151Z,BG,Bowling Green,79f5b39e-d314-4ad3-8050-3ace553d67de,SAMMS-BowlingGreen
202608312116371707,202608311905652282,202608311905652236,85,2129,Bronze INV,br_InvType,TASK_COMPLETE,SUCCESS,INFO,7,7,0,,2026-08-31T19:06:18.658Z,2026-08-31T21:16:41.151Z,7823,2026-08-31T21:16:41.151Z,BOI,Boise,79f5b39e-d314-4ad3-8050-3ace553d67de,SAMMS-Boise
202608312116371708,202608311905652283,202608311905652236,85,2136,Bronze INV,br_InvType,TASK_COMPLETE,SUCCESS,INFO,7,7,0,,2026-08-31T19:06:18.658Z,2026-08-31T21:16:41.151Z,7823,2026-08-31T21:16:41.151Z,CBCO,Coeur dAlene,79f5b39e-d314-4ad3-8050-3ace553d67de,SAMMS-CoeurdAleneV6
202608312116371709,202608311905652284,202608311905652236,85,2155,Bronze INV,br_InvType,TASK_COMPLETE,SUCCESS,INFO,7,7,0,,2026-08-31T19:06:18.658Z,2026-08-31T21:16:41.151Z,7823,2026-08-31T21:16:41.151Z,CON,Conway,79f5b39e-d314-4ad3-8050-3ace553d67de,SAMMS-Conway
202608312116371710,202608311905652285,202608311905652236,85,2156,Bronze INV,br_InvType,TASK_COMPLETE,SUCCESS,INFO,7,7,0,,2026-08-31T19:06:18.658Z,2026-08-31T21:16:41.151Z,7823,2026-08-31T21:16:41.151Z,D07,Medical Services Knox TN,79f5b39e-d314-4ad3-8050-3ace553d67de,SAMMS-KnoxvilleV6
202608312116371711,202608311905652286,202608311905652236,85,2157,Bronze INV,br_InvType,TASK_COMPLETE,SUCCESS,INFO,7,7,0,,2026-08-31T19:06:18.658Z,2026-08-31T21:16:41.151Z,7823,2026-08-31T21:16:41.151Z,D08,Madison,79f5b39e-d314-4ad3-8050-3ace553d67de,SAMMS-MadisonV6
202608312116371712,202608311905652287,202608311905652236,85,2159,Bronze INV,br_InvType,TASK_COMPLETE,SUCCESS,INFO,7,7,0,,2026-08-31T19:06:18.658Z,2026-08-31T21:16:41.151Z,7823,2026-08-31T21:16:41.151Z,D09,Murfreesboro,79f5b39e-d314-4ad3-8050-3ace553d67de,SAMMS-MurfreesboroV6
202608312116371714,202608311905652288,202608311905652236,85,2160,Bronze INV,br_InvType,TASK_COMPLETE,SUCCESS,INFO,7,7,0,,2026-08-31T19:06:18.658Z,2026-08-31T21:16:41.151Z,7823,2026-08-31T21:16:41.151Z,DA,Davenport,79f5b39e-d314-4ad3-8050-3ace553d67de,SAMMS-Davenport
202608312116371715,202608311905652289,202608311905652236,85,2161,Bronze INV,br_InvType,TASK_COMPLETE,SUCCESS,INFO,7,7,0,,2026-08-31T19:06:18.658Z,2026-08-31T21:16:41.151Z,7823,2026-08-31T21:16:41.151Z,DM,Des Moines,79f5b39e-d314-4ad3-8050-3ace553d67de,SAMMS-DesMoines
202608312116371716,202608311905652290,202608311905652236,85,2163,Bronze INV,br_InvType,TASK_COMPLETE,SUCCESS,INFO,7,7,0,,2026-08-31T19:06:18.658Z,2026-08-31T21:16:41.151Z,7823,2026-08-31T21:16:41.151Z,DRD-CO,Columbia MO,79f5b39e-d314-4ad3-8050-3ace553d67de,SAMMS-ColumbiaV5
202608312116371717,202608311905652291,202608311905652236,85,2164,Bronze INV,br_InvType,TASK_COMPLETE,SUCCESS,INFO,7,7,0,,2026-08-31T19:06:18.658Z,2026-08-31T21:16:41.151Z,7823,2026-08-31T21:16:41.151Z,DRD-KC,KC,79f5b39e-d314-4ad3-8050-3ace553d67de,SAMMS-KCv5
202608312116371718,202608311905652292,202608311905652236,85,2165,Bronze INV,br_InvType,TASK_COMPLETE,SUCCESS,INFO,8,8,0,,2026-08-31T19:06:18.658Z,2026-08-31T21:16:41.151Z,7823,2026-08-31T21:16:41.151Z,DRD-KVB,KVB,79f5b39e-d314-4ad3-8050-3ace553d67de,SAMMS-KVBv5
202608312116371719,202608311905652293,202608311905652236,85,2166,Bronze INV,br_InvType,TASK_COMPLETE,SUCCESS,INFO,9,9,0,,2026-08-31T19:06:18.658Z,2026-08-31T21:16:41.151Z,7823,2026-08-31T21:16:41.151Z,DRD-KVC,KVC,79f5b39e-d314-4ad3-8050-3ace553d67de,SAMMS-KVCv5
202608312116371720,202608311905652294,202608311905652236,85,2167,Bronze INV,br_InvType,TASK_COMPLETE,SUCCESS,INFO,7,7,0,,2026-08-31T19:06:18.658Z,2026-08-31T21:16:41.151Z,7823,2026-08-31T21:16:41.151Z,DRD-NOLA,NOLA,79f5b39e-d314-4ad3-8050-3ace553d67de,SAMMS-NOLAv5
202608312116371721,202608311905652295,202608311905652236,85,2168,Bronze INV,br_InvType,TASK_COMPLETE,SUCCESS,INFO,7,7,0,,2026-08-31T19:06:18.658Z,2026-08-31T21:16:41.151Z,7823,2026-08-31T21:16:41.151Z,DRD-SF,Springfield,79f5b39e-d314-4ad3-8050-3ace553d67de,SAMMS-SFv5
202608312116371722,202608311905652296,202608311905652236,85,2170,Bronze INV,br_InvType,TASK_COMPLETE,SUCCESS,INFO,7,7,0,,2026-08-31T19:06:18.658Z,2026-08-31T21:16:41.151Z,7823,2026-08-31T21:16:41.151Z,ELC,Elizabeth City,79f5b39e-d314-4ad3-8050-3ace553d67de,SAMMS-ElizabethCity
202608312116371724,202608311905652297,202608311905652236,85,2171,Bronze INV,br_InvType,TASK_COMPLETE,SUCCESS,INFO,7,7,0,,2026-08-31T19:06:18.658Z,2026-08-31T21:16:41.151Z,7823,2026-08-31T21:16:41.151Z,ET,Elizabethtown,79f5b39e-d314-4ad3-8050-3ace553d67de,SAMMS-Elizabethtown
202608312116371725,202608311905652298,202608311905652236,85,2172,Bronze INV,br_InvType,TASK_COMPLETE,SUCCESS,INFO,7,7,0,,2026-08-31T19:06:18.658Z,2026-08-31T21:16:41.151Z,7823,2026-08-31T21:16:41.151Z,FAY,Fayetteville,79f5b39e-d314-4ad3-8050-3ace553d67de,SAMMS-Fayetteville
202608312116371726,202608311905652299,202608311905652236,85,2173,Bronze INV,br_InvType,TASK_COMPLETE,SUCCESS,INFO,7,7,0,,2026-08-31T19:06:18.658Z,2026-08-31T21:16:41.151Z,7823,2026-08-31T21:16:41.151Z,FR,Frankfort,79f5b39e-d314-4ad3-8050-3ace553d67de,SAMMS-Frankfort
202608312116371727,202608311905652300,202608311905652236,85,2174,Bronze INV,br_InvType,TASK_COMPLETE,SUCCESS,INFO,7,7,0,,2026-08-31T19:06:18.658Z,2026-08-31T21:16:41.151Z,7823,2026-08-31T21:16:41.151Z,FS,Fort Smith,79f5b39e-d314-4ad3-8050-3ace553d67de,SAMMS-FortSmith
202608312116371728,202608311905652301,202608311905652236,85,2175,Bronze INV,br_InvType,TASK_COMPLETE,SUCCESS,INFO,7,7,0,,2026-08-31T19:06:18.658Z,2026-08-31T21:16:41.151Z,7823,2026-08-31T21:16:41.151Z,FW,Fort Wayne,79f5b39e-d314-4ad3-8050-3ace553d67de,SAMMS-FortWayne
202608312116371729,202608311905652302,202608311905652236,85,2176,Bronze INV,br_InvType,TASK_COMPLETE,SUCCESS,INFO,7,7,0,,2026-08-31T19:06:18.658Z,2026-08-31T21:16:41.151Z,7823,2026-08-31T21:16:41.151Z,GAL,Gaylord,79f5b39e-d314-4ad3-8050-3ace553d67de,SAMMS-Gaylord
202608312116371730,202608311905652303,202608311905652236,85,2180,Bronze INV,br_InvType,TASK_COMPLETE,SUCCESS,INFO,4,4,0,,2026-08-31T19:06:18.658Z,2026-08-31T21:16:41.151Z,7823,2026-08-31T21:16:41.151Z,HGT,Hagerstown,79f5b39e-d314-4ad3-8050-3ace553d67de,SAMMS-Hagerstown
202608312116371731,202608311905652304,202608311905652236,85,2181,Bronze INV,br_InvType,TASK_COMPLETE,SUCCESS,INFO,5,5,0,,2026-08-31T19:06:18.658Z,2026-08-31T21:16:41.151Z,7823,2026-08-31T21:16:41.151Z,HNT,Huntsville,79f5b39e-d314-4ad3-8050-3ace553d67de,SAMMS-Huntsville
202608312116371733,202608311905652305,202608311905652236,85,2182,Bronze INV,br_InvType,TASK_COMPLETE,SUCCESS,INFO,7,7,0,,2026-08-31T19:06:18.658Z,2026-08-31T21:16:41.151Z,7823,2026-08-31T21:16:41.151Z,HS,Hot Springs,79f5b39e-d314-4ad3-8050-3ace553d67de,SAMMS-HotSprings
202608312116371734,202608311905652306,202608311905652236,85,2183,Bronze INV,br_InvType,TASK_COMPLETE,SUCCESS,INFO,7,7,0,,2026-08-31T19:06:18.658Z,2026-08-31T21:16:41.151Z,7823,2026-08-31T21:16:41.151Z,JON,Jonesboro,79f5b39e-d314-4ad3-8050-3ace553d67de,SAMMS-Jonesboro
202608312116371735,202608311905652307,202608311905652236,85,2185,Bronze INV,br_InvType,TASK_COMPLETE,SUCCESS,INFO,7,7,0,,2026-08-31T19:06:18.658Z,2026-08-31T21:16:41.151Z,7823,2026-08-31T21:16:41.151Z,LAN,Lansing,79f5b39e-d314-4ad3-8050-3ace553d67de,SAMMS-Lansing
202608312116371736,202608311905652308,202608311905652236,85,2186,Bronze INV,br_InvType,TASK_COMPLETE,SUCCESS,INFO,7,7,0,,2026-08-31T19:06:18.658Z,2026-08-31T21:16:41.151Z,7823,2026-08-31T21:16:41.151Z,LO,Louisville,79f5b39e-d314-4ad3-8050-3ace553d67de,SAMMS-Louisville
202608312116371737,202608311905652309,202608311905652236,85,2187,Bronze INV,br_InvType,TASK_COMPLETE,SUCCESS,INFO,7,7,0,,2026-08-31T19:06:18.658Z,2026-08-31T21:16:41.151Z,7823,2026-08-31T21:16:41.151Z,LV1,Cheyenne,79f5b39e-d314-4ad3-8050-3ace553d67de,SAMMS-Cheyenne
202608312116371738,202608311905652310,202608311905652236,85,2188,Bronze INV,br_InvType,TASK_COMPLETE,SUCCESS,INFO,6,6,0,,2026-08-31T19:06:18.658Z,2026-08-31T21:16:41.151Z,7823,2026-08-31T21:16:41.151Z,LV2,Desert Inn,79f5b39e-d314-4ad3-8050-3ace553d67de,SAMMS-DesertInn
202608312116371739,202608311905652311,202608311905652236,85,2189,Bronze INV,br_InvType,TASK_COMPLETE,SUCCESS,INFO,7,7,0,,2026-08-31T19:06:18.658Z,2026-08-31T21:16:41.151Z,7823,2026-08-31T21:16:41.151Z,LV3,McDaniel,79f5b39e-d314-4ad3-8050-3ace553d67de,SAMMS-McDaniel
202608312116371740,202608311905652312,202608311905652236,85,2192,Bronze INV,br_InvType,TASK_COMPLETE,SUCCESS,INFO,7,7,0,,2026-08-31T19:06:18.658Z,2026-08-31T21:16:41.151Z,7823,2026-08-31T21:16:41.151Z,MNRE,Monroe,79f5b39e-d314-4ad3-8050-3ace553d67de,SAMMS-Monroe
202608312116371741,202608311905652313,202608311905652236,85,2193,Bronze INV,br_InvType,TASK_COMPLETE,SUCCESS,INFO,7,7,0,,2026-08-31T19:06:18.658Z,2026-08-31T21:16:41.151Z,7823,2026-08-31T21:16:41.151Z,MP,Mt. Pleasant,79f5b39e-d314-4ad3-8050-3ace553d67de,SAMMS-MtPleasant
202608312116371742,202608311905652314,202608311905652236,85,2194,Bronze INV,br_InvType,TASK_COMPLETE,SUCCESS,INFO,7,7,0,,2026-08-31T19:06:18.658Z,2026-08-31T21:16:41.151Z,7823,2026-08-31T21:16:41.151Z,MRD,Meridian,79f5b39e-d314-4ad3-8050-3ace553d67de,SAMMS-Meridian
202608312116371743,202608311905652315,202608311905652236,85,2199,Bronze INV,br_InvType,TASK_COMPLETE,SUCCESS,INFO,7,7,0,,2026-08-31T19:06:18.658Z,2026-08-31T21:16:41.151Z,7823,2026-08-31T21:16:41.151Z,NC,North Charleston,79f5b39e-d314-4ad3-8050-3ace553d67de,SAMMS-NorthCharleston
202608312116371744,202608311905652316,202608311905652236,85,2200,Bronze INV,br_InvType,TASK_COMPLETE,SUCCESS,INFO,7,7,0,,2026-08-31T19:06:18.658Z,2026-08-31T21:16:41.151Z,7823,2026-08-31T21:16:41.151Z,NLR,N. Little Rock,79f5b39e-d314-4ad3-8050-3ace553d67de,SAMMS-NLROBOT
202608312116371746,202608311905652317,202608311905652236,85,2201,Bronze INV,br_InvType,TASK_COMPLETE,SUCCESS,INFO,6,6,0,,2026-08-31T19:06:18.658Z,2026-08-31T21:16:41.151Z,7823,2026-08-31T21:16:41.151Z,PH,Phoenix,79f5b39e-d314-4ad3-8050-3ace553d67de,SAMMS-Phoenix
202608312116371747,202608311905652318,202608311905652236,85,2205,Bronze INV,br_InvType,TASK_COMPLETE,SUCCESS,INFO,8,8,0,,2026-08-31T19:06:18.658Z,2026-08-31T21:16:41.151Z,7823,2026-08-31T21:16:41.151Z,RE,Reno,79f5b39e-d314-4ad3-8050-3ace553d67de,SAMMS-Reno
202608312116371748,202608311905652319,202608311905652236,85,2206,Bronze INV,br_InvType,TASK_COMPLETE,SUCCESS,INFO,7,7,0,,2026-08-31T19:06:18.658Z,2026-08-31T21:16:41.151Z,7823,2026-08-31T21:16:41.151Z,RMD,Richmond,79f5b39e-d314-4ad3-8050-3ace553d67de,SAMMS-Richmond
202608312116371749,202608311905652320,202608311905652236,85,2207,Bronze INV,br_InvType,TASK_COMPLETE,SUCCESS,INFO,7,7,0,,2026-08-31T19:06:18.658Z,2026-08-31T21:16:41.151Z,7823,2026-08-31T21:16:41.151Z,SFN,Springfield North,79f5b39e-d314-4ad3-8050-3ace553d67de,SAMMS-SFNv5
202608312116371750,202608311905652321,202608311905652236,85,2208,Bronze INV,br_InvType,TASK_COMPLETE,SUCCESS,INFO,7,7,0,,2026-08-31T19:06:18.658Z,2026-08-31T21:16:41.151Z,7823,2026-08-31T21:16:41.151Z,SHP,Shreveport,79f5b39e-d314-4ad3-8050-3ace553d67de,SAMMS-Shreveport
202608312116371751,202608311905652322,202608311905652236,85,2210,Bronze INV,br_InvType,TASK_COMPLETE,SUCCESS,INFO,7,7,0,,2026-08-31T19:06:18.658Z,2026-08-31T21:16:41.151Z,7823,2026-08-31T21:16:41.151Z,STN,Staunton,79f5b39e-d314-4ad3-8050-3ace553d67de,SAMMS-Staunton
202609032054005493,202609031904103010,202609031904101105,85,3837,Bronze INV,br_ReAssessmentOccupational,TASK_COMPLETE,SUCCESS,INFO,1723,1723,0,,2026-09-03T19:04:17.619Z,2026-09-03T20:54:05.052Z,6588,2026-09-03T20:54:05.052Z,HNT,Huntsville,48b34b87-69c2-467d-a88c-67aac910c539,SAMMS-Huntsville
202609032054005494,202609031904103011,202609031904101105,85,3838,Bronze INV,br_ReAssessmentOccupational,TASK_COMPLETE,SUCCESS,INFO,0,0,0,,2026-09-03T19:04:17.619Z,2026-09-03T20:54:05.052Z,6588,2026-09-03T20:54:05.052Z,HS,Hot Springs,48b34b87-69c2-467d-a88c-67aac910c539,SAMMS-HotSprings
202609032054005495,202609031904103012,202609031904101105,85,3839,Bronze INV,br_ReAssessmentOccupational,TASK_COMPLETE,SUCCESS,INFO,0,0,0,,2026-09-03T19:04:17.619Z,2026-09-03T20:54:05.052Z,6588,2026-09-03T20:54:05.052Z,JON,Jonesboro,48b34b87-69c2-467d-a88c-67aac910c539,SAMMS-Jonesboro
202609032054005496,202609031904103013,202609031904101105,85,3841,Bronze INV,br_ReAssessmentOccupational,TASK_COMPLETE,SUCCESS,INFO,446,446,0,,2026-09-03T19:04:17.619Z,2026-09-03T20:54:05.052Z,6588,2026-09-03T20:54:05.052Z,LAN,Lansing,48b34b87-69c2-467d-a88c-67aac910c539,SAMMS-Lansing
202609032054005497,202609031904103014,202609031904101105,85,3842,Bronze INV,br_ReAssessmentOccupational,TASK_COMPLETE,SUCCESS,INFO,1287,1287,0,,2026-09-03T19:04:17.619Z,2026-09-03T20:54:05.052Z,6588,2026-09-03T20:54:05.052Z,LO,Louisville,48b34b87-69c2-467d-a88c-67aac910c539,SAMMS-Louisville
202609032054005498,202609031904103015,202609031904101105,85,3843,Bronze INV,br_ReAssessmentOccupational,TASK_COMPLETE,SUCCESS,INFO,291,291,0,,2026-09-03T19:04:17.619Z,2026-09-03T20:54:05.052Z,6588,2026-09-03T20:54:05.052Z,LV1,Cheyenne,48b34b87-69c2-467d-a88c-67aac910c539,SAMMS-Cheyenne
202609032054005500,202609031904103016,202609031904101105,85,3844,Bronze INV,br_ReAssessmentOccupational,TASK_COMPLETE,SUCCESS,INFO,204,204,0,,2026-09-03T19:04:17.619Z,2026-09-03T20:54:05.052Z,6588,2026-09-03T20:54:05.052Z,LV2,Desert Inn,48b34b87-69c2-467d-a88c-67aac910c539,SAMMS-DesertInn
202609032054005501,202609031904103017,202609031904101105,85,3845,Bronze INV,br_ReAssessmentOccupational,TASK_COMPLETE,SUCCESS,INFO,110,110,0,,2026-09-03T19:04:17.619Z,2026-09-03T20:54:05.052Z,6588,2026-09-03T20:54:05.052Z,LV3,McDaniel,48b34b87-69c2-467d-a88c-67aac910c539,SAMMS-McDaniel
202609032054005502,202609031904103018,202609031904101105,85,3848,Bronze INV,br_ReAssessmentOccupational,TASK_COMPLETE,SUCCESS,INFO,358,358,0,,2026-09-03T19:04:17.619Z,2026-09-03T20:54:05.052Z,6588,2026-09-03T20:54:05.052Z,MNRE,Monroe,48b34b87-69c2-467d-a88c-67aac910c539,SAMMS-Monroe
202609032054005503,202609031904103019,202609031904101105,85,3849,Bronze INV,br_ReAssessmentOccupational,TASK_COMPLETE,SUCCESS,INFO,1423,1423,0,,2026-09-03T19:04:17.619Z,2026-09-03T20:54:05.052Z,6588,2026-09-03T20:54:05.052Z,MP,Mt. Pleasant,48b34b87-69c2-467d-a88c-67aac910c539,SAMMS-MtPleasant
202609032054005504,202609031904103020,202609031904101105,85,3850,Bronze INV,br_ReAssessmentOccupational,TASK_COMPLETE,SUCCESS,INFO,153,153,0,,2026-09-03T19:04:17.619Z,2026-09-03T20:54:05.052Z,6588,2026-09-03T20:54:05.052Z,MRD,Meridian,48b34b87-69c2-467d-a88c-67aac910c539,SAMMS-Meridian
202609032054005505,202609031904103021,202609031904101105,85,3855,Bronze INV,br_ReAssessmentOccupational,TASK_COMPLETE,SUCCESS,INFO,693,693,0,,2026-09-03T19:04:17.619Z,2026-09-03T20:54:05.052Z,6588,2026-09-03T20:54:05.052Z,NC,North Charleston,48b34b87-69c2-467d-a88c-67aac910c539,SAMMS-NorthCharleston
202609032054005507,202609031904103022,202609031904101105,85,3856,Bronze INV,br_ReAssessmentOccupational,TASK_COMPLETE,SUCCESS,INFO,0,0,0,,2026-09-03T19:04:17.619Z,2026-09-03T20:54:05.052Z,6588,2026-09-03T20:54:05.052Z,NLR,N. Little Rock,48b34b87-69c2-467d-a88c-67aac910c539,SAMMS-NLROBOT
202609032054005508,202609031904103023,202609031904101105,85,3857,Bronze INV,br_ReAssessmentOccupational,TASK_COMPLETE,SUCCESS,INFO,112,112,0,,2026-09-03T19:04:17.619Z,2026-09-03T20:54:05.052Z,6588,2026-09-03T20:54:05.052Z,PH,Phoenix,48b34b87-69c2-467d-a88c-67aac910c539,SAMMS-Phoenix
202609032054005509,202609031904103024,202609031904101105,85,3861,Bronze INV,br_ReAssessmentOccupational,TASK_COMPLETE,SUCCESS,INFO,213,213,0,,2026-09-03T19:04:17.619Z,2026-09-03T20:54:05.052Z,6588,2026-09-03T20:54:05.052Z,RE,Reno,48b34b87-69c2-467d-a88c-67aac910c539,SAMMS-Reno
202609032054005510,202609031904103025,202609031904101105,85,3862,Bronze INV,br_ReAssessmentOccupational,TASK_COMPLETE,SUCCESS,INFO,87,87,0,,2026-09-03T19:04:17.619Z,2026-09-03T20:54:05.052Z,6588,2026-09-03T20:54:05.052Z,RMD,Richmond,48b34b87-69c2-467d-a88c-67aac910c539,SAMMS-Richmond
202609032054005511,202609031904103026,202609031904101105,85,3863,Bronze INV,br_ReAssessmentOccupational,TASK_COMPLETE,SUCCESS,INFO,589,589,0,,2026-09-03T19:04:17.619Z,2026-09-03T20:54:05.052Z,6588,2026-09-03T20:54:05.052Z,SFN,Springfield North,48b34b87-69c2-467d-a88c-67aac910c539,SAMMS-SFNv5
202609032054005513,202609031904103027,202609031904101105,85,3864,Bronze INV,br_ReAssessmentOccupational,TASK_COMPLETE,SUCCESS,INFO,762,762,0,,2026-09-03T19:04:17.619Z,2026-09-03T20:54:05.052Z,6588,2026-09-03T20:54:05.052Z,SHP,Shreveport,48b34b87-69c2-467d-a88c-67aac910c539,SAMMS-Shreveport
202609032054005514,202609031904103028,202609031904101105,85,3866,Bronze INV,br_ReAssessmentOccupational,TASK_COMPLETE,SUCCESS,INFO,484,484,0,,2026-09-03T19:04:17.619Z,2026-09-03T20:54:05.052Z,6588,2026-09-03T20:54:05.052Z,STN,Staunton,48b34b87-69c2-467d-a88c-67aac910c539,SAMMS-Staunton
202609032054005516,202609031904103029,202609031904101105,85,3867,Bronze INV,br_ReAssessmentOccupational,TASK_COMPLETE,SUCCESS,INFO,226,226,0,,2026-09-03T19:04:17.619Z,2026-09-03T20:54:05.052Z,6588,2026-09-03T20:54:05.052Z,STVN,Stevenson,48b34b87-69c2-467d-a88c-67aac910c539,SAMMS-Stevenson
202609032054005517,202609031904103030,202609031904101105,85,3869,Bronze INV,br_ReAssessmentOccupational,TASK_COMPLETE,SUCCESS,INFO,173,173,0,,2026-09-03T19:04:17.619Z,2026-09-03T20:54:05.052Z,6588,2026-09-03T20:54:05.052Z,TE,Tempe,48b34b87-69c2-467d-a88c-67aac910c539,SAMMS-Tempe
202609032054005518,202609031904103031,202609031904101105,85,3870,Bronze INV,br_ReAssessmentOccupational,TASK_COMPLETE,SUCCESS,INFO,0,0,0,,2026-09-03T19:04:17.619Z,2026-09-03T20:54:05.052Z,6588,2026-09-03T20:54:05.052Z,TEX,Texarkana,48b34b87-69c2-467d-a88c-67aac910c539,SAMMS-Texarkana
202609032054005519,202609031904103032,202609031904101105,85,3871,Bronze INV,br_ReAssessmentOccupational,TASK_COMPLETE,SUCCESS,INFO,1073,1073,0,,2026-09-03T19:04:17.619Z,2026-09-03T20:54:05.052Z,6588,2026-09-03T20:54:05.052Z,TTCA,Bessemer,48b34b87-69c2-467d-a88c-67aac910c539,SAMMS-BessemerV5
202609032054005520,202609031904103033,202609031904101105,85,3872,Bronze INV,br_ReAssessmentOccupational,TASK_COMPLETE,SUCCESS,INFO,1317,1317,0,,2026-09-03T19:04:17.619Z,2026-09-03T20:54:05.052Z,6588,2026-09-03T20:54:05.052Z,TTCB,Cullman,48b34b87-69c2-467d-a88c-67aac910c539,SAMMS-CullmanV5
202609032054005521,202609031904103034,202609031904101105,85,3873,Bronze INV,br_ReAssessmentOccupational,TASK_COMPLETE,SUCCESS,INFO,938,938,0,,2026-09-03T19:04:17.619Z,2026-09-03T20:54:05.052Z,6588,2026-09-03T20:54:05.052Z,TTCC,Grand Bay,48b34b87-69c2-467d-a88c-67aac910c539,SAMMS-GrandBay
202609032054005523,202609031904103035,202609031904101105,85,3874,Bronze INV,br_ReAssessmentOccupational,TASK_COMPLETE,SUCCESS,INFO,15,15,0,,2026-09-03T19:04:17.619Z,2026-09-03T20:54:05.052Z,6588,2026-09-03T20:54:05.052Z,TU,Tucson,48b34b87-69c2-467d-a88c-67aac910c539,SAMMS-Tucson
202609032054005524,202609031904103036,202609031904101105,85,3876,Bronze INV,br_ReAssessmentOccupational,TASK_COMPLETE,SUCCESS,INFO,661,661,0,,2026-09-03T19:04:17.619Z,2026-09-03T20:54:05.052Z,6588,2026-09-03T20:54:05.052Z,V1,Memphis South,48b34b87-69c2-467d-a88c-67aac910c539,SAMMS-VCPHCS-I-MemphisV5
202609032054005525,202609031904103037,202609031904101105,85,3877,Bronze INV,br_ReAssessmentOccupational,TASK_COMPLETE,SUCCESS,INFO,1627,1627,0,,2026-09-03T19:04:17.619Z,2026-09-03T20:54:05.052Z,6588,2026-09-03T20:54:05.052Z,V10,Longmont,48b34b87-69c2-467d-a88c-67aac910c539,SAMMS-BoulderV5
202609032054005526,202609031904103038,202609031904101105,85,3878,Bronze INV,br_ReAssessmentOccupational,TASK_COMPLETE,SUCCESS,INFO,1513,1513,0,,2026-09-03T19:04:17.619Z,2026-09-03T20:54:05.052Z,6588,2026-09-03T20:54:05.052Z,V10A,Fort Collins,48b34b87-69c2-467d-a88c-67aac910c539,SAMMS-FortCollinsV5
202609032054005527,202609031904103039,202609031904101105,85,3879,Bronze INV,br_ReAssessmentOccupational,TASK_COMPLETE,SUCCESS,INFO,2864,2864,0,,2026-09-03T19:04:17.619Z,2026-09-03T20:54:05.052Z,6588,2026-09-03T20:54:05.052Z,V11,Westminster,48b34b87-69c2-467d-a88c-67aac910c539,SAMMS-VCPHCS-XI-NorthDenverV5
202609032054005528,202609031904103040,202609031904101105,85,3880,Bronze INV,br_ReAssessmentOccupational,TASK_COMPLETE,SUCCESS,INFO,3036,3036,0,,2026-09-03T19:04:17.619Z,2026-09-03T20:54:05.052Z,6588,2026-09-03T20:54:05.052Z,V12,Downtown Denver,48b34b87-69c2-467d-a88c-67aac910c539,SAMMS-VCPHCS-XII-DowntownDenverV5
202609032054005529,202609031904103041,202609031904101105,85,3881,Bronze INV,br_ReAssessmentOccupational,TASK_COMPLETE,SUCCESS,INFO,1136,1136,0,,2026-09-03T19:04:17.619Z,2026-09-03T20:54:05.052Z,6588,2026-09-03T20:54:05.052Z,V12A,Centennial,48b34b87-69c2-467d-a88c-67aac910c539,SAMMS-CentennialV5
202609032054005531,202609031904103042,202609031904101105,85,3882,Bronze INV,br_ReAssessmentOccupational,TASK_COMPLETE,SUCCESS,INFO,295,295,0,,2026-09-03T19:04:17.619Z,2026-09-03T20:54:05.052Z,6588,2026-09-03T20:54:05.052Z,V14,Overland Park,48b34b87-69c2-467d-a88c-67aac910c539,SAMMS-VCPHCS-XIV-BridgewayV5
202609032054005532,202609031904103043,202609031904101105,85,3883,Bronze INV,br_ReAssessmentOccupational,TASK_COMPLETE,SUCCESS,INFO,609,609,0,,2026-09-03T19:04:17.619Z,2026-09-03T20:54:05.052Z,6588,2026-09-03T20:54:05.052Z,V15,Joplin,48b34b87-69c2-467d-a88c-67aac910c539,SAMMS-JoplinV5
202609032054005533,202609031904103044,202609031904101105,85,3885,Bronze INV,br_ReAssessmentOccupational,TASK_COMPLETE,SUCCESS,INFO,904,904,0,,2026-09-03T19:04:17.619Z,2026-09-03T20:54:05.052Z,6588,2026-09-03T20:54:05.052Z,V17,Columbia TN,48b34b87-69c2-467d-a88c-67aac910c539,SAMMS-ColumbiaTNv5
202609032054005534,202609031904103045,202609031904101105,85,3887,Bronze INV,br_ReAssessmentOccupational,TASK_COMPLETE,SUCCESS,INFO,533,533,0,,2026-09-03T19:04:17.619Z,2026-09-03T20:54:05.052Z,6588,2026-09-03T20:54:05.052Z,V19,Jackson,48b34b87-69c2-467d-a88c-67aac910c539,SAMMS-JacksonV5
202609032054005535,202609031904103046,202609031904101105,85,3889,Bronze INV,br_ReAssessmentOccupational,TASK_COMPLETE,SUCCESS,INFO,1766,1766,0,,2026-09-03T19:04:17.619Z,2026-09-03T20:54:05.052Z,6588,2026-09-03T20:54:05.052Z,V20,Paris,48b34b87-69c2-467d-a88c-67aac910c539,SAMMS-ParisV5
202609032054005536,202609031904103047,202609031904101105,85,3890,Bronze INV,br_ReAssessmentOccupational,TASK_COMPLETE,SUCCESS,INFO,723,723,0,,2026-09-03T19:04:17.619Z,2026-09-03T20:54:05.052Z,6588,2026-09-03T20:54:05.052Z,V21,Memphis North,48b34b87-69c2-467d-a88c-67aac910c539,SAMMS-RaleighV5
202609032054005537,202609031904103048,202609031904101105,85,3893,Bronze INV,br_ReAssessmentOccupational,TASK_COMPLETE,SUCCESS,INFO,1778,1778,0,,2026-09-03T19:04:17.619Z,2026-09-03T20:54:05.052Z,6588,2026-09-03T20:54:05.052Z,V5,West Bank,48b34b87-69c2-467d-a88c-67aac910c539,SAMMS-NONTCv5
202609032054005538,202609031904103049,202609031904101105,85,3895,Bronze INV,br_ReAssessmentOccupational,TASK_COMPLETE,SUCCESS,INFO,144,144,0,,2026-09-03T19:04:17.619Z,2026-09-03T20:54:05.052Z,6588,2026-09-03T20:54:05.052Z,V5B,Houma,48b34b87-69c2-467d-a88c-67aac910c539,SAMMS-HoumaV6
202609032054005540,202609031904103050,202609031904101105,85,3896,Bronze INV,br_ReAssessmentOccupational,TASK_COMPLETE,SUCCESS,INFO,1907,1907,0,,2026-09-03T19:04:17.619Z,2026-09-03T20:54:05.052Z,6588,2026-09-03T20:54:05.052Z,V6,Lake Charles,48b34b87-69c2-467d-a88c-67aac910c539,SAMMS-LCv5
202609032054005541,202609031904103051,202609031904101105,85,3898,Bronze INV,br_ReAssessmentOccupational,TASK_COMPLETE,SUCCESS,INFO,741,741,0,,2026-09-03T19:04:17.619Z,2026-09-03T20:54:05.052Z,6588,2026-09-03T20:54:05.052Z,V8,Memphis Midtown,48b34b87-69c2-467d-a88c-67aac910c539,SAMMS-VCPHCS-VIII-MemphisV5
202609032054005542,202609031904103052,202609031904101105,85,3899,Bronze INV,br_ReAssessmentOccupational,TASK_COMPLETE,SUCCESS,INFO,1761,1761,0,,2026-09-03T19:04:17.619Z,2026-09-03T20:54:05.052Z,6588,2026-09-03T20:54:05.052Z,V9,Nashville,48b34b87-69c2-467d-a88c-67aac910c539,SAMMS-NashvilleV5
202609032054005543,202609031904103053,202609031904101105,85,3900,Bronze INV,br_ReAssessmentOccupational,TASK_COMPLETE,SUCCESS,INFO,837,837,0,,2026-09-03T19:04:17.619Z,2026-09-03T20:54:05.052Z,6588,2026-09-03T20:54:05.052Z,VBRA,Brainerd,48b34b87-69c2-467d-a88c-67aac910c539,SAMMS-BrainerdV6
202609032054005544,202609031904103054,202609031904101105,85,3901,Bronze INV,br_ReAssessmentOccupational,TASK_COMPLETE,SUCCESS,INFO,1955,1955,0,,2026-09-03T19:04:17.619Z,2026-09-03T20:54:05.052Z,6588,2026-09-03T20:54:05.052Z,VBRP,Brooklyn Park,48b34b87-69c2-467d-a88c-67aac910c539,SAMMS-BrooklynParkV6
202609032054005545,202609031904103055,202609031904101105,85,3903,Bronze INV,br_ReAssessmentOccupational,TASK_COMPLETE,SUCCESS,INFO,742,742,0,,2026-09-03T19:04:17.619Z,2026-09-03T20:54:05.052Z,6588,2026-09-03T20:54:05.052Z,VMIN,Minneapolis,48b34b87-69c2-467d-a88c-67aac910c539,SAMMS-MinneapolisV6
202609032054005546,202609031904103056,202609031904101105,85,3904,Bronze INV,br_ReAssessmentOccupational,TASK_COMPLETE,SUCCESS,INFO,881,881,0,,2026-09-03T19:04:17.619Z,2026-09-03T20:54:05.052Z,6588,2026-09-03T20:54:05.052Z,VWBY,Woodbury,48b34b87-69c2-467d-a88c-67aac910c539,SAMMS-WoodburyV6
202609032054005548,202609031904103057,202609031904101105,85,3906,Bronze INV,br_ReAssessmentOccupational,TASK_COMPLETE,SUCCESS,INFO,161,161,0,,2026-09-03T19:04:17.619Z,2026-09-03T20:54:05.052Z,6588,2026-09-03T20:54:05.052Z,WIL,Wilson,48b34b87-69c2-467d-a88c-67aac910c539,SAMMS-Wilson
202609032054005549,202609031904103058,202609031904101105,85,3174,Bronze INV,br_ReAssessmentFamily,TASK_COMPLETE,SUCCESS,INFO,35,35,0,,2026-09-03T19:04:17.619Z,2026-09-03T20:54:05.052Z,6588,2026-09-03T20:54:05.052Z,AHK,Ahoskie,48b34b87-69c2-467d-a88c-67aac910c539,SAMMS-Ahoskie
202609032054005550,202609031904103059,202609031904101105,85,3175,Bronze INV,br_ReAssessmentFamily,TASK_COMPLETE,SUCCESS,INFO,662,662,0,,2026-09-03T19:04:17.619Z,2026-09-03T20:54:05.052Z,6588,2026-09-03T20:54:05.052Z,B12B,Colorado Springs,48b34b87-69c2-467d-a88c-67aac910c539,SAMMS-ColoradoSpringsV5
202609032054005551,202609031904103060,202609031904101105,85,3176,Bronze INV,br_ReAssessmentFamily,TASK_COMPLETE,SUCCESS,INFO,834,834,0,,2026-09-03T19:04:17.619Z,2026-09-03T20:54:05.052Z,6588,2026-09-03T20:54:05.052Z,B24,Paintsville,48b34b87-69c2-467d-a88c-67aac910c539,SAMMS-PaintsvilleV5
202609032054005552,202609031904103061,202609031904101105,85,3177,Bronze INV,br_ReAssessmentFamily,TASK_COMPLETE,SUCCESS,INFO,645,645,0,,2026-09-03T19:04:17.619Z,2026-09-03T20:54:05.052Z,6588,2026-09-03T20:54:05.052Z,B25,Pikeville,48b34b87-69c2-467d-a88c-67aac910c539,SAMMS-PikevilleV5
202609032054005553,202609031904103062,202609031904101105,85,3178,Bronze INV,br_ReAssessmentFamily,TASK_COMPLETE,SUCCESS,INFO,971,971,0,,2026-09-03T19:04:17.619Z,2026-09-03T20:54:05.052Z,6588,2026-09-03T20:54:05.052Z,B26,Hazard,48b34b87-69c2-467d-a88c-67aac910c539,SAMMS-HazardV5
202609032054005554,202609031904103063,202609031904101105,85,3179,Bronze INV,br_ReAssessmentFamily,TASK_COMPLETE,SUCCESS,INFO,530,530,0,,2026-09-03T19:04:17.619Z,2026-09-03T20:54:05.052Z,6588,2026-09-03T20:54:05.052Z,B27,Savannah,48b34b87-69c2-467d-a88c-67aac910c539,SAMMS-SavannahV6
202609032054005556,202609031904103064,202609031904101105,85,3180,Bronze INV,br_ReAssessmentFamily,TASK_COMPLETE,SUCCESS,INFO,246,246,0,,2026-09-03T19:04:17.619Z,2026-09-03T20:54:05.052Z,6588,2026-09-03T20:54:05.052Z,B28,West Plains,48b34b87-69c2-467d-a88c-67aac910c539,SAMMS-WestPlainesV5
202609032054005557,202609031904103065,202609031904101105,85,3181,Bronze INV,br_ReAssessmentFamily,TASK_COMPLETE,SUCCESS,INFO,461,461,0,,2026-09-03T19:04:17.619Z,2026-09-03T20:54:05.052Z,6588,2026-09-03T20:54:05.052Z,B29,Poplar Bluff,48b34b87-69c2-467d-a88c-67aac910c539,SAMMS-PoplarBluffV5
202609032054005558,202609031904103066,202609031904101105,85,3182,Bronze INV,br_ReAssessmentFamily,TASK_COMPLETE,SUCCESS,INFO,78,78,0,,2026-09-03T19:04:17.619Z,2026-09-03T20:54:05.052Z,6588,2026-09-03T20:54:05.052Z,B30,KC North,48b34b87-69c2-467d-a88c-67aac910c539,SAMMS-KCNv5
202609032054005559,202609031904103067,202609031904101105,85,3183,Bronze INV,br_ReAssessmentFamily,TASK_COMPLETE,SUCCESS,INFO,400,400,0,,2026-09-03T19:04:17.619Z,2026-09-03T20:54:05.052Z,6588,2026-09-03T20:54:05.052Z,B31,Dyersburg,48b34b87-69c2-467d-a88c-67aac910c539,SAMMS-DyersburgV5
202609032054005560,202609031904103068,202609031904101105,85,3185,Bronze INV,br_ReAssessmentFamily,TASK_COMPLETE,SUCCESS,INFO,487,487,0,,2026-09-03T19:04:17.619Z,2026-09-03T20:54:05.052Z,6588,2026-09-03T20:54:05.052Z,B33,Paducah,48b34b87-69c2-467d-a88c-67aac910c539,SAMMS-Paducah
202609032054005561,202609031904103069,202609031904101105,85,3186,Bronze INV,br_ReAssessmentFamily,TASK_COMPLETE,SUCCESS,INFO,383,383,0,,2026-09-03T19:04:17.619Z,2026-09-03T20:54:05.052Z,6588,2026-09-03T20:54:05.052Z,B34,Corbin,48b34b87-69c2-467d-a88c-67aac910c539,SAMMS-CorbinV5
202609032054005562,202609031904103070,202609031904101105,85,3187,Bronze INV,br_ReAssessmentFamily,TASK_COMPLETE,SUCCESS,INFO,240,240,0,,2026-09-03T19:04:17.619Z,2026-09-03T20:54:05.052Z,6588,2026-09-03T20:54:05.052Z,B35,Lexington,48b34b87-69c2-467d-a88c-67aac910c539,SAMMS-LexingtonV5
202609032054005563,202609031904103071,202609031904101105,85,3188,Bronze INV,br_ReAssessmentFamily,TASK_COMPLETE,SUCCESS,INFO,77,77,0,,2026-09-03T19:04:17.619Z,2026-09-03T20:54:05.052Z,6588,2026-09-03T20:54:05.052Z,B35A,Berea,48b34b87-69c2-467d-a88c-67aac910c539,SAMMS-BereaV5
202609032054005565,202609031904103072,202609031904101105,85,3189,Bronze INV,br_ReAssessmentFamily,TASK_COMPLETE,SUCCESS,INFO,20,20,0,,2026-09-03T19:04:17.619Z,2026-09-03T20:54:05.052Z,6588,2026-09-03T20:54:05.052Z,B36,Asheville,48b34b87-69c2-467d-a88c-67aac910c539,SAMMS-AshevilleV5
202609032054005566,202609031904103073,202609031904101105,85,3190,Bronze INV,br_ReAssessmentFamily,TASK_COMPLETE,SUCCESS,INFO,1,1,0,,2026-09-03T19:04:17.619Z,2026-09-03T20:54:05.052Z,6588,2026-09-03T20:54:05.052Z,B37,Clyde,48b34b87-69c2-467d-a88c-67aac910c539,SAMMS-ClydeV5
202609032054005567,202609031904103074,202609031904101105,85,3191,Bronze INV,br_ReAssessmentFamily,TASK_COMPLETE,SUCCESS,INFO,1186,1186,0,,2026-09-03T19:04:17.619Z,2026-09-03T20:54:05.052Z,6588,2026-09-03T20:54:05.052Z,B38,Spartanburg,48b34b87-69c2-467d-a88c-67aac910c539,SAMMS-SpartanburgV5
202609032054005568,202609031904103075,202609031904101105,85,3192,Bronze INV,br_ReAssessmentFamily,TASK_COMPLETE,SUCCESS,INFO,362,362,0,,2026-09-03T19:04:17.619Z,2026-09-03T20:54:05.052Z,6588,2026-09-03T20:54:05.052Z,B39,Aiken,48b34b87-69c2-467d-a88c-67aac910c539,SAMMS-AikenV5
202609032054005569,202609031904103076,202609031904101105,85,3193,Bronze INV,br_ReAssessmentFamily,TASK_COMPLETE,SUCCESS,INFO,1888,1888,0,,2026-09-03T19:04:17.619Z,2026-09-03T20:54:05.052Z,6588,2026-09-03T20:54:05.052Z,B41,Chesapeake,48b34b87-69c2-467d-a88c-67aac910c539,SAMMS-ChesapeakeV5
202609032054005570,202609031904103077,202609031904101105,85,3194,Bronze INV,br_ReAssessmentFamily,TASK_COMPLETE,SUCCESS,INFO,1917,1917,0,,2026-09-03T19:04:17.619Z,2026-09-03T20:54:05.052Z,6588,2026-09-03T20:54:05.052Z,B42,Virginia Beach,48b34b87-69c2-467d-a88c-67aac910c539,SAMMS-VirginiaBeachV5
202609032054005256,202609031904102806,202609031904101105,85,1116,Bronze INV,br_AdmissionAssessmentDimensionSix,TASK_COMPLETE,SUCCESS,INFO,251,251,0,,2026-09-03T19:04:17.619Z,2026-09-03T20:54:05.052Z,6588,2026-09-03T20:54:05.052Z,V1,Memphis South,48b34b87-69c2-467d-a88c-67aac910c539,SAMMS-VCPHCS-I-MemphisV5
202609032054005257,202609031904102807,202609031904101105,85,1117,Bronze INV,br_AdmissionAssessmentDimensionSix,TASK_COMPLETE,SUCCESS,INFO,693,693,0,,2026-09-03T19:04:17.619Z,2026-09-03T20:54:05.052Z,6588,2026-09-03T20:54:05.052Z,V10,Longmont,48b34b87-69c2-467d-a88c-67aac910c539,SAMMS-BoulderV5
202609032054005259,202609031904102808,202609031904101105,85,1118,Bronze INV,br_AdmissionAssessmentDimensionSix,TASK_COMPLETE,SUCCESS,INFO,1191,1191,0,,2026-09-03T19:04:17.619Z,2026-09-03T20:54:05.052Z,6588,2026-09-03T20:54:05.052Z,V10A,Fort Collins,48b34b87-69c2-467d-a88c-67aac910c539,SAMMS-FortCollinsV5
202609032054005260,202609031904102809,202609031904101105,85,1119,Bronze INV,br_AdmissionAssessmentDimensionSix,TASK_COMPLETE,SUCCESS,INFO,992,992,0,,2026-09-03T19:04:17.619Z,2026-09-03T20:54:05.052Z,6588,2026-09-03T20:54:05.052Z,V11,Westminster,48b34b87-69c2-467d-a88c-67aac910c539,SAMMS-VCPHCS-XI-NorthDenverV5
202609032054005261,202609031904102810,202609031904101105,85,1120,Bronze INV,br_AdmissionAssessmentDimensionSix,TASK_COMPLETE,SUCCESS,INFO,1048,1048,0,,2026-09-03T19:04:17.619Z,2026-09-03T20:54:05.052Z,6588,2026-09-03T20:54:05.052Z,V12,Downtown Denver,48b34b87-69c2-467d-a88c-67aac910c539,SAMMS-VCPHCS-XII-DowntownDenverV5
202609032054005262,202609031904102811,202609031904101105,85,1121,Bronze INV,br_AdmissionAssessmentDimensionSix,TASK_COMPLETE,SUCCESS,INFO,474,474,0,,2026-09-03T19:04:17.619Z,2026-09-03T20:54:05.052Z,6588,2026-09-03T20:54:05.052Z,V12A,Centennial,48b34b87-69c2-467d-a88c-67aac910c539,SAMMS-CentennialV5
202609032054005263,202609031904102812,202609031904101105,85,1122,Bronze INV,br_AdmissionAssessmentDimensionSix,TASK_COMPLETE,SUCCESS,INFO,296,296,0,,2026-09-03T19:04:17.619Z,2026-09-03T20:54:05.052Z,6588,2026-09-03T20:54:05.052Z,V14,Overland Park,48b34b87-69c2-467d-a88c-67aac910c539,SAMMS-VCPHCS-XIV-BridgewayV5
202609032054005264,202609031904102813,202609031904101105,85,1123,Bronze INV,br_AdmissionAssessmentDimensionSix,TASK_COMPLETE,SUCCESS,INFO,569,569,0,,2026-09-03T19:04:17.619Z,2026-09-03T20:54:05.052Z,6588,2026-09-03T20:54:05.052Z,V15,Joplin,48b34b87-69c2-467d-a88c-67aac910c539,SAMMS-JoplinV5
202609032054005265,202609031904102814,202609031904101105,85,1125,Bronze INV,br_AdmissionAssessmentDimensionSix,TASK_COMPLETE,SUCCESS,INFO,468,468,0,,2026-09-03T19:04:17.619Z,2026-09-03T20:54:05.052Z,6588,2026-09-03T20:54:05.052Z,V17,Columbia TN,48b34b87-69c2-467d-a88c-67aac910c539,SAMMS-ColumbiaTNv5
202609032054005267,202609031904102815,202609031904101105,85,1127,Bronze INV,br_AdmissionAssessmentDimensionSix,TASK_COMPLETE,SUCCESS,INFO,416,416,0,,2026-09-03T19:04:17.619Z,2026-09-03T20:54:05.052Z,6588,2026-09-03T20:54:05.052Z,V19,Jackson,48b34b87-69c2-467d-a88c-67aac910c539,SAMMS-JacksonV5
202609032054005268,202609031904102816,202609031904101105,85,1129,Bronze INV,br_AdmissionAssessmentDimensionSix,TASK_COMPLETE,SUCCESS,INFO,481,481,0,,2026-09-03T19:04:17.619Z,2026-09-03T20:54:05.052Z,6588,2026-09-03T20:54:05.052Z,V20,Paris,48b34b87-69c2-467d-a88c-67aac910c539,SAMMS-ParisV5
202609032054005269,202609031904102817,202609031904101105,85,1130,Bronze INV,br_AdmissionAssessmentDimensionSix,TASK_COMPLETE,SUCCESS,INFO,359,359,0,,2026-09-03T19:04:17.619Z,2026-09-03T20:54:05.052Z,6588,2026-09-03T20:54:05.052Z,V21,Memphis North,48b34b87-69c2-467d-a88c-67aac910c539,SAMMS-RaleighV5
202609032054005270,202609031904102818,202609031904101105,85,1133,Bronze INV,br_AdmissionAssessmentDimensionSix,TASK_COMPLETE,SUCCESS,INFO,698,698,0,,2026-09-03T19:04:17.619Z,2026-09-03T20:54:05.052Z,6588,2026-09-03T20:54:05.052Z,V5,West Bank,48b34b87-69c2-467d-a88c-67aac910c539,SAMMS-NONTCv5
202609032054005271,202609031904102819,202609031904101105,85,1135,Bronze INV,br_AdmissionAssessmentDimensionSix,TASK_COMPLETE,SUCCESS,INFO,250,250,0,,2026-09-03T19:04:17.619Z,2026-09-03T20:54:05.052Z,6588,2026-09-03T20:54:05.052Z,V5B,Houma,48b34b87-69c2-467d-a88c-67aac910c539,SAMMS-HoumaV6
202609032054005272,202609031904102820,202609031904101105,85,1136,Bronze INV,br_AdmissionAssessmentDimensionSix,TASK_COMPLETE,SUCCESS,INFO,948,948,0,,2026-09-03T19:04:17.619Z,2026-09-03T20:54:05.052Z,6588,2026-09-03T20:54:05.052Z,V6,Lake Charles,48b34b87-69c2-467d-a88c-67aac910c539,SAMMS-LCv5
202609032054005274,202609031904102821,202609031904101105,85,1138,Bronze INV,br_AdmissionAssessmentDimensionSix,TASK_COMPLETE,SUCCESS,INFO,565,565,0,,2026-09-03T19:04:17.619Z,2026-09-03T20:54:05.052Z,6588,2026-09-03T20:54:05.052Z,V8,Memphis Midtown,48b34b87-69c2-467d-a88c-67aac910c539,SAMMS-VCPHCS-VIII-MemphisV5
202609032054005275,202609031904102822,202609031904101105,85,1139,Bronze INV,br_AdmissionAssessmentDimensionSix,TASK_COMPLETE,SUCCESS,INFO,1573,1573,0,,2026-09-03T19:04:17.619Z,2026-09-03T20:54:05.052Z,6588,2026-09-03T20:54:05.052Z,V9,Nashville,48b34b87-69c2-467d-a88c-67aac910c539,SAMMS-NashvilleV5
202609032054005276,202609031904102823,202609031904101105,85,1140,Bronze INV,br_AdmissionAssessmentDimensionSix,TASK_COMPLETE,SUCCESS,INFO,329,329,0,,2026-09-03T19:04:17.619Z,2026-09-03T20:54:05.052Z,6588,2026-09-03T20:54:05.052Z,VBRA,Brainerd,48b34b87-69c2-467d-a88c-67aac910c539,SAMMS-BrainerdV6
202609032054005277,202609031904102824,202609031904101105,85,1141,Bronze INV,br_AdmissionAssessmentDimensionSix,TASK_COMPLETE,SUCCESS,INFO,585,585,0,,2026-09-03T19:04:17.619Z,2026-09-03T20:54:05.052Z,6588,2026-09-03T20:54:05.052Z,VBRP,Brooklyn Park,48b34b87-69c2-467d-a88c-67aac910c539,SAMMS-BrooklynParkV6
202609032054005278,202609031904102825,202609031904101105,85,1143,Bronze INV,br_AdmissionAssessmentDimensionSix,TASK_COMPLETE,SUCCESS,INFO,567,567,0,,2026-09-03T19:04:17.619Z,2026-09-03T20:54:05.052Z,6588,2026-09-03T20:54:05.052Z,VMIN,Minneapolis,48b34b87-69c2-467d-a88c-67aac910c539,SAMMS-MinneapolisV6
202609032054005279,202609031904102826,202609031904101105,85,1144,Bronze INV,br_AdmissionAssessmentDimensionSix,TASK_COMPLETE,SUCCESS,INFO,1062,1062,0,,2026-09-03T19:04:17.619Z,2026-09-03T20:54:05.052Z,6588,2026-09-03T20:54:05.052Z,VWBY,Woodbury,48b34b87-69c2-467d-a88c-67aac910c539,SAMMS-WoodburyV6
202609032054005282,202609031904102827,202609031904101105,85,1146,Bronze INV,br_AdmissionAssessmentDimensionSix,TASK_COMPLETE,SUCCESS,INFO,431,431,0,,2026-09-03T19:04:17.619Z,2026-09-03T20:54:05.052Z,6588,2026-09-03T20:54:05.052Z,WIL,Wilson,48b34b87-69c2-467d-a88c-67aac910c539,SAMMS-Wilson
202609032054005283,202609031904102828,202609031904101105,85,2990,Bronze INV,br_ReAssessment,TASK_COMPLETE,SUCCESS,INFO,37,37,0,,2026-09-03T19:04:17.619Z,2026-09-03T20:54:05.052Z,6588,2026-09-03T20:54:05.052Z,AHK,Ahoskie,48b34b87-69c2-467d-a88c-67aac910c539,SAMMS-Ahoskie
202609032054005284,202609031904102829,202609031904101105,85,2991,Bronze INV,br_ReAssessment,TASK_COMPLETE,SUCCESS,INFO,675,675,0,,2026-09-03T19:04:17.619Z,2026-09-03T20:54:05.052Z,6588,2026-09-03T20:54:05.052Z,B12B,Colorado Springs,48b34b87-69c2-467d-a88c-67aac910c539,SAMMS-ColoradoSpringsV5
202609032054005285,202609031904102830,202609031904101105,85,2992,Bronze INV,br_ReAssessment,TASK_COMPLETE,SUCCESS,INFO,848,848,0,,2026-09-03T19:04:17.619Z,2026-09-03T20:54:05.052Z,6588,2026-09-03T20:54:05.052Z,B24,Paintsville,48b34b87-69c2-467d-a88c-67aac910c539,SAMMS-PaintsvilleV5
202609032054005286,202609031904102831,202609031904101105,85,2993,Bronze INV,br_ReAssessment,TASK_COMPLETE,SUCCESS,INFO,649,649,0,,2026-09-03T19:04:17.619Z,2026-09-03T20:54:05.052Z,6588,2026-09-03T20:54:05.052Z,B25,Pikeville,48b34b87-69c2-467d-a88c-67aac910c539,SAMMS-PikevilleV5
202609032054005287,202609031904102832,202609031904101105,85,2994,Bronze INV,br_ReAssessment,TASK_COMPLETE,SUCCESS,INFO,972,972,0,,2026-09-03T19:04:17.619Z,2026-09-03T20:54:05.052Z,6588,2026-09-03T20:54:05.052Z,B26,Hazard,48b34b87-69c2-467d-a88c-67aac910c539,SAMMS-HazardV5
202609032054005288,202609031904102833,202609031904101105,85,2995,Bronze INV,br_ReAssessment,TASK_COMPLETE,SUCCESS,INFO,538,538,0,,2026-09-03T19:04:17.619Z,2026-09-03T20:54:05.052Z,6588,2026-09-03T20:54:05.052Z,B27,Savannah,48b34b87-69c2-467d-a88c-67aac910c539,SAMMS-SavannahV6
202609032054005290,202609031904102834,202609031904101105,85,2996,Bronze INV,br_ReAssessment,TASK_COMPLETE,SUCCESS,INFO,249,249,0,,2026-09-03T19:04:17.619Z,2026-09-03T20:54:05.052Z,6588,2026-09-03T20:54:05.052Z,B28,West Plains,48b34b87-69c2-467d-a88c-67aac910c539,SAMMS-WestPlainesV5
202609032054005291,202609031904102835,202609031904101105,85,2997,Bronze INV,br_ReAssessment,TASK_COMPLETE,SUCCESS,INFO,463,463,0,,2026-09-03T19:04:17.619Z,2026-09-03T20:54:05.052Z,6588,2026-09-03T20:54:05.052Z,B29,Poplar Bluff,48b34b87-69c2-467d-a88c-67aac910c539,SAMMS-PoplarBluffV5
202609032054005292,202609031904102836,202609031904101105,85,2998,Bronze INV,br_ReAssessment,TASK_COMPLETE,SUCCESS,INFO,82,82,0,,2026-09-03T19:04:17.619Z,2026-09-03T20:54:05.052Z,6588,2026-09-03T20:54:05.052Z,B30,KC North,48b34b87-69c2-467d-a88c-67aac910c539,SAMMS-KCNv5
202609032054005293,202609031904102837,202609031904101105,85,2999,Bronze INV,br_ReAssessment,TASK_COMPLETE,SUCCESS,INFO,402,402,0,,2026-09-03T19:04:17.619Z,2026-09-03T20:54:05.052Z,6588,2026-09-03T20:54:05.052Z,B31,Dyersburg,48b34b87-69c2-467d-a88c-67aac910c539,SAMMS-DyersburgV5
202609032054005294,202609031904102838,202609031904101105,85,3001,Bronze INV,br_ReAssessment,TASK_COMPLETE,SUCCESS,INFO,489,489,0,,2026-09-03T19:04:17.619Z,2026-09-03T20:54:05.052Z,6588,2026-09-03T20:54:05.052Z,B33,Paducah,48b34b87-69c2-467d-a88c-67aac910c539,SAMMS-Paducah
202609032054005295,202609031904102839,202609031904101105,85,3002,Bronze INV,br_ReAssessment,TASK_COMPLETE,SUCCESS,INFO,388,388,0,,2026-09-03T19:04:17.619Z,2026-09-03T20:54:05.052Z,6588,2026-09-03T20:54:05.052Z,B34,Corbin,48b34b87-69c2-467d-a88c-67aac910c539,SAMMS-CorbinV5
202609032054005296,202609031904102840,202609031904101105,85,3003,Bronze INV,br_ReAssessment,TASK_COMPLETE,SUCCESS,INFO,243,243,0,,2026-09-03T19:04:17.619Z,2026-09-03T20:54:05.052Z,6588,2026-09-03T20:54:05.052Z,B35,Lexington,48b34b87-69c2-467d-a88c-67aac910c539,SAMMS-LexingtonV5
202609032054005297,202609031904102841,202609031904101105,85,3004,Bronze INV,br_ReAssessment,TASK_COMPLETE,SUCCESS,INFO,77,77,0,,2026-09-03T19:04:17.619Z,2026-09-03T20:54:05.052Z,6588,2026-09-03T20:54:05.052Z,B35A,Berea,48b34b87-69c2-467d-a88c-67aac910c539,SAMMS-BereaV5
202609032054005299,202609031904102842,202609031904101105,85,3005,Bronze INV,br_ReAssessment,TASK_COMPLETE,SUCCESS,INFO,22,22,0,,2026-09-03T19:04:17.619Z,2026-09-03T20:54:05.052Z,6588,2026-09-03T20:54:05.052Z,B36,Asheville,48b34b87-69c2-467d-a88c-67aac910c539,SAMMS-AshevilleV5
202609032054005300,202609031904102843,202609031904101105,85,3006,Bronze INV,br_ReAssessment,TASK_COMPLETE,SUCCESS,INFO,2,2,0,,2026-09-03T19:04:17.619Z,2026-09-03T20:54:05.052Z,6588,2026-09-03T20:54:05.052Z,B37,Clyde,48b34b87-69c2-467d-a88c-67aac910c539,SAMMS-ClydeV5
202609032054005301,202609031904102844,202609031904101105,85,3007,Bronze INV,br_ReAssessment,TASK_COMPLETE,SUCCESS,INFO,1194,1194,0,,2026-09-03T19:04:17.619Z,2026-09-03T20:54:05.052Z,6588,2026-09-03T20:54:05.052Z,B38,Spartanburg,48b34b87-69c2-467d-a88c-67aac910c539,SAMMS-SpartanburgV5
202609032054005302,202609031904102845,202609031904101105,85,3008,Bronze INV,br_ReAssessment,TASK_COMPLETE,SUCCESS,INFO,367,367,0,,2026-09-03T19:04:17.619Z,2026-09-03T20:54:05.052Z,6588,2026-09-03T20:54:05.052Z,B39,Aiken,48b34b87-69c2-467d-a88c-67aac910c539,SAMMS-AikenV5
202609032054005303,202609031904102846,202609031904101105,85,3009,Bronze INV,br_ReAssessment,TASK_COMPLETE,SUCCESS,INFO,1907,1907,0,,2026-09-03T19:04:17.619Z,2026-09-03T20:54:05.052Z,6588,2026-09-03T20:54:05.052Z,B41,Chesapeake,48b34b87-69c2-467d-a88c-67aac910c539,SAMMS-ChesapeakeV5
202609032054005304,202609031904102847,202609031904101105,85,3010,Bronze INV,br_ReAssessment,TASK_COMPLETE,SUCCESS,INFO,1931,1931,0,,2026-09-03T19:04:17.619Z,2026-09-03T20:54:05.052Z,6588,2026-09-03T20:54:05.052Z,B42,Virginia Beach,48b34b87-69c2-467d-a88c-67aac910c539,SAMMS-VirginiaBeachV5
202609032054005305,202609031904102848,202609031904101105,85,3011,Bronze INV,br_ReAssessment,TASK_COMPLETE,SUCCESS,INFO,945,945,0,,2026-09-03T19:04:17.619Z,2026-09-03T20:54:05.052Z,6588,2026-09-03T20:54:05.052Z,B42A,Newport News,48b34b87-69c2-467d-a88c-67aac910c539,SAMMS-NewportNewsV5
202609032054005307,202609031904102849,202609031904101105,85,3012,Bronze INV,br_ReAssessment,TASK_COMPLETE,SUCCESS,INFO,511,511,0,,2026-09-03T19:04:17.619Z,2026-09-03T20:54:05.052Z,6588,2026-09-03T20:54:05.052Z,B42B,Franklin,48b34b87-69c2-467d-a88c-67aac910c539,SAMMS-FranklinV5
202609032054005308,202609031904102850,202609031904101105,85,3013,Bronze INV,br_ReAssessment,TASK_COMPLETE,SUCCESS,INFO,352,352,0,,2026-09-03T19:04:17.619Z,2026-09-03T20:54:05.052Z,6588,2026-09-03T20:54:05.052Z,B42C,Glen Allen,48b34b87-69c2-467d-a88c-67aac910c539,SAMMS-GlenAllenV5
202609032054005309,202609031904102851,202609031904101105,85,3014,Bronze INV,br_ReAssessment,TASK_COMPLETE,SUCCESS,INFO,1504,1504,0,,2026-09-03T19:04:17.619Z,2026-09-03T20:54:05.052Z,6588,2026-09-03T20:54:05.052Z,B42D,Chesapeake South,48b34b87-69c2-467d-a88c-67aac910c539,SAMMS-ChesapeakeSouthV5
202609032054005310,202609031904102852,202609031904101105,85,3015,Bronze INV,br_ReAssessment,TASK_COMPLETE,SUCCESS,INFO,637,637,0,,2026-09-03T19:04:17.619Z,2026-09-03T20:54:05.052Z,6588,2026-09-03T20:54:05.052Z,B44,Albany,48b34b87-69c2-467d-a88c-67aac910c539,SAMMS-AlbanyV5
202609032054005311,202609031904102853,202609031904101105,85,3016,Bronze INV,br_ReAssessment,TASK_COMPLETE,SUCCESS,INFO,1278,1278,0,,2026-09-03T19:04:17.619Z,2026-09-03T20:54:05.052Z,6588,2026-09-03T20:54:05.052Z,B45,Tifton,48b34b87-69c2-467d-a88c-67aac910c539,SAMMS-TiftonV5
202609032054005312,202609031904102854,202609031904101105,85,3017,Bronze INV,br_ReAssessment,TASK_COMPLETE,SUCCESS,INFO,604,604,0,,2026-09-03T19:04:17.619Z,2026-09-03T20:54:05.052Z,6588,2026-09-03T20:54:05.052Z,B46,Washington DC,48b34b87-69c2-467d-a88c-67aac910c539,SAMMS-WashingtonDCv5
202609032054005313,202609031904102855,202609031904101105,85,3018,Bronze INV,br_ReAssessment,TASK_COMPLETE,SUCCESS,INFO,1603,1603,0,,2026-09-03T19:04:17.619Z,2026-09-03T20:54:05.052Z,6588,2026-09-03T20:54:05.052Z,B47,Mobile,48b34b87-69c2-467d-a88c-67aac910c539,SAMMS-MobileV5
202609032054005314,202609031904102856,202609031904101105,85,3019,Bronze INV,br_ReAssessment,TASK_COMPLETE,SUCCESS,INFO,1306,1306,0,,2026-09-03T19:04:17.619Z,2026-09-03T20:54:05.052Z,6588,2026-09-03T20:54:05.052Z,B48,Tuscaloosa,48b34b87-69c2-467d-a88c-67aac910c539,SAMMS-TuscaloosaV5
202609032054005316,202609031904102857,202609031904101105,85,3028,Bronze INV,br_ReAssessment,TASK_COMPLETE,SUCCESS,INFO,5,5,0,,2026-09-03T19:04:17.619Z,2026-09-03T20:54:05.052Z,6588,2026-09-03T20:54:05.052Z,B51,N. Little Rock (OTP),48b34b87-69c2-467d-a88c-67aac910c539,SAMMS-NorthLittleRockV6
202609032054005317,202609031904102858,202609031904101105,85,3029,Bronze INV,br_ReAssessment,TASK_COMPLETE,SUCCESS,INFO,466,466,0,,2026-09-03T19:04:17.619Z,2026-09-03T20:54:05.052Z,6588,2026-09-03T20:54:05.052Z,B52,Jackson GA,48b34b87-69c2-467d-a88c-67aac910c539,SAMMS-JacksonGAV5
202609032054005318,202609031904102859,202609031904101105,85,3030,Bronze INV,br_ReAssessment,TASK_COMPLETE,SUCCESS,INFO,1711,1711,0,,2026-09-03T19:04:17.619Z,2026-09-03T20:54:05.052Z,6588,2026-09-03T20:54:05.052Z,B54,Gadsden,48b34b87-69c2-467d-a88c-67aac910c539,SAMMS-GadsdenV5
202609032054005319,202609031904102860,202609031904101105,85,3031,Bronze INV,br_ReAssessment,TASK_COMPLETE,SUCCESS,INFO,970,970,0,,2026-09-03T19:04:17.619Z,2026-09-03T20:54:05.052Z,6588,2026-09-03T20:54:05.052Z,B55,Shoals,48b34b87-69c2-467d-a88c-67aac910c539,SAMMS-ShoalsV5
202609032054005320,202609031904102861,202609031904101105,85,3032,Bronze INV,br_ReAssessment,TASK_COMPLETE,SUCCESS,INFO,296,296,0,,2026-09-03T19:04:17.619Z,2026-09-03T20:54:05.052Z,6588,2026-09-03T20:54:05.052Z,B57,Pawtucket,48b34b87-69c2-467d-a88c-67aac910c539,SAMMS-Pawtucket
202609032054005321,202609031904102862,202609031904101105,85,3033,Bronze INV,br_ReAssessment,TASK_COMPLETE,SUCCESS,INFO,559,559,0,,2026-09-03T19:04:17.619Z,2026-09-03T20:54:05.052Z,6588,2026-09-03T20:54:05.052Z,B57A,Johnston,48b34b87-69c2-467d-a88c-67aac910c539,SAMMS-Johnston
202609032054005322,202609031904102863,202609031904101105,85,3034,Bronze INV,br_ReAssessment,TASK_COMPLETE,SUCCESS,INFO,169,169,0,,2026-09-03T19:04:17.619Z,2026-09-03T20:54:05.052Z,6588,2026-09-03T20:54:05.052Z,B57B,Middletown,48b34b87-69c2-467d-a88c-67aac910c539,SAMMS-Middletown
202609032054005324,202609031904102864,202609031904101105,85,3035,Bronze INV,br_ReAssessment,TASK_COMPLETE,SUCCESS,INFO,417,417,0,,2026-09-03T19:04:17.619Z,2026-09-03T20:54:05.052Z,6588,2026-09-03T20:54:05.052Z,B57C,Providence,48b34b87-69c2-467d-a88c-67aac910c539,SAMMS-Providence
202609032054005325,202609031904102865,202609031904101105,85,3036,Bronze INV,br_ReAssessment,TASK_COMPLETE,SUCCESS,INFO,630,630,0,,2026-09-03T19:04:17.619Z,2026-09-03T20:54:05.052Z,6588,2026-09-03T20:54:05.052Z,B57D,Westerly,48b34b87-69c2-467d-a88c-67aac910c539,SAMMS-Westerly
202609032054005326,202609031904102866,202609031904101105,85,3040,Bronze INV,br_ReAssessment,TASK_COMPLETE,SUCCESS,INFO,4,4,0,,2026-09-03T19:04:17.619Z,2026-09-03T20:54:05.052Z,6588,2026-09-03T20:54:05.052Z,B66A,Bremen,48b34b87-69c2-467d-a88c-67aac910c539,SAMMS-Bremen
202609032054005327,202609031904102867,202609031904101105,85,3043,Bronze INV,br_ReAssessment,TASK_COMPLETE,SUCCESS,INFO,0,0,0,,2026-09-03T19:04:17.619Z,2026-09-03T20:54:05.052Z,6588,2026-09-03T20:54:05.052Z,B72,Mobile (OBOT),48b34b87-69c2-467d-a88c-67aac910c539,SAMMS-Mobile-OBOT
202609032054005328,202609031904102868,202609031904101105,85,3044,Bronze INV,br_ReAssessment,TASK_COMPLETE,SUCCESS,INFO,0,0,0,,2026-09-03T19:04:17.619Z,2026-09-03T20:54:05.052Z,6588,2026-09-03T20:54:05.052Z,B73,Montgomery,48b34b87-69c2-467d-a88c-67aac910c539,SAMMS-Montgomery
202609032054005329,202609031904102869,202609031904101105,85,3045,Bronze INV,br_ReAssessment,TASK_COMPLETE,SUCCESS,INFO,521,521,0,,2026-09-03T19:04:17.619Z,2026-09-03T20:54:05.052Z,6588,2026-09-03T20:54:05.052Z,B75,Lawrence,48b34b87-69c2-467d-a88c-67aac910c539,SAMMS-LawrenceV6
202609032054005330,202609031904102870,202609031904101105,85,3046,Bronze INV,br_ReAssessment,TASK_COMPLETE,SUCCESS,INFO,0,0,0,,2026-09-03T19:04:17.619Z,2026-09-03T20:54:05.052Z,6588,2026-09-03T20:54:05.052Z,B76,Huntsville OBOT,48b34b87-69c2-467d-a88c-67aac910c539,SAMMS-Huntsville-OBOT
202609032054005331,202609031904102871,202609031904101105,85,3047,Bronze INV,br_ReAssessment,TASK_COMPLETE,SUCCESS,INFO,0,0,0,,2026-09-03T19:04:17.619Z,2026-09-03T20:54:05.052Z,6588,2026-09-03T20:54:05.052Z,BAT,Batesville,48b34b87-69c2-467d-a88c-67aac910c539,SAMMS-Batesville
202609032054005333,202609031904102872,202609031904101105,85,3048,Bronze INV,br_ReAssessment,TASK_COMPLETE,SUCCESS,INFO,465,465,0,,2026-09-03T19:04:17.619Z,2026-09-03T20:54:05.052Z,6588,2026-09-03T20:54:05.052Z,BG,Bowling Green,48b34b87-69c2-467d-a88c-67aac910c539,SAMMS-BowlingGreen
202609032054005334,202609031904102873,202609031904101105,85,3049,Bronze INV,br_ReAssessment,TASK_COMPLETE,SUCCESS,INFO,185,185,0,,2026-09-03T19:04:17.619Z,2026-09-03T20:54:05.052Z,6588,2026-09-03T20:54:05.052Z,BOI,Boise,48b34b87-69c2-467d-a88c-67aac910c539,SAMMS-Boise
202609031213595138,202609031213595137,20260903121340,129,13684,Azure Sql Python Silver - 3P Balances,sl_tbl_Third_Party_AR_inDB_Balances,TASK_FAILED,FAILED,ERROR,0,0,1,"Configured SourceTable not found in lakehouse for Azure Sql Python Silver - 3P Balances (TaskConfigId 13684): ayx_bad.tbl_Third_Party_AR_inDB (tried: bhg_silver.ayx_bad.tbl_Third_Party_AR_inDB, ayx_bad.tbl_Third_Party_AR_inDB, bhg_silver.ayx_bad.sl_tbl_Third_Party_AR_inDB, ayx_bad.sl_tbl_Third_Party_AR_inDB); ctrl.tbl_Locations (tried: bhg_silver.ctrl.tbl_Locations, ctrl.tbl_Locations, bhg_silver.ctrl.sl_tbl_Locations, ctrl.sl_tbl_Locations); ctrl.tbl_Payor_FeeType (tried: bhg_silver.ctrl.tbl_Payor_FeeType, ctrl.tbl_Payor_FeeType, bhg_silver.ctrl.sl_tbl_Payor_FeeType, ctrl.sl_tbl_Payor_FeeType)",2026-09-03T12:13:59.513Z,2026-09-03T12:14:58.697Z,59,2026-09-03T12:14:58.697Z,,,35e97021-f510-4e41-9049-1e9fd07241be,
202609032054005650,202609031904103146,202609031904101105,85,3318,Bronze INV,br_ReAssessmentFamily,TASK_COMPLETE,SUCCESS,INFO,0,0,0,,2026-09-03T19:04:17.619Z,2026-09-03T20:54:05.052Z,6588,2026-09-03T20:54:05.052Z,TEX,Texarkana,48b34b87-69c2-467d-a88c-67aac910c539,SAMMS-Texarkana
202609032054005651,202609031904103147,202609031904101105,85,3319,Bronze INV,br_ReAssessmentFamily,TASK_COMPLETE,SUCCESS,INFO,1079,1079,0,,2026-09-03T19:04:17.619Z,2026-09-03T20:54:05.052Z,6588,2026-09-03T20:54:05.052Z,TTCA,Bessemer,48b34b87-69c2-467d-a88c-67aac910c539,SAMMS-BessemerV5
202609032054005652,202609031904103148,202609031904101105,85,3320,Bronze INV,br_ReAssessmentFamily,TASK_COMPLETE,SUCCESS,INFO,1317,1317,0,,2026-09-03T19:04:17.619Z,2026-09-03T20:54:05.052Z,6588,2026-09-03T20:54:05.052Z,TTCB,Cullman,48b34b87-69c2-467d-a88c-67aac910c539,SAMMS-CullmanV5
202609032054005653,202609031904103149,202609031904101105,85,3321,Bronze INV,br_ReAssessmentFamily,TASK_COMPLETE,SUCCESS,INFO,944,944,0,,2026-09-03T19:04:17.619Z,2026-09-03T20:54:05.052Z,6588,2026-09-03T20:54:05.052Z,TTCC,Grand Bay,48b34b87-69c2-467d-a88c-67aac910c539,SAMMS-GrandBay
202609032054005655,202609031904103150,202609031904101105,85,3322,Bronze INV,br_ReAssessmentFamily,TASK_COMPLETE,SUCCESS,INFO,15,15,0,,2026-09-03T19:04:17.619Z,2026-09-03T20:54:05.052Z,6588,2026-09-03T20:54:05.052Z,TU,Tucson,48b34b87-69c2-467d-a88c-67aac910c539,SAMMS-Tucson
202609032054005656,202609031904103151,202609031904101105,85,3324,Bronze INV,br_ReAssessmentFamily,TASK_COMPLETE,SUCCESS,INFO,660,660,0,,2026-09-03T19:04:17.619Z,2026-09-03T20:54:05.052Z,6588,2026-09-03T20:54:05.052Z,V1,Memphis South,48b34b87-69c2-467d-a88c-67aac910c539,SAMMS-VCPHCS-I-MemphisV5
202609032054005657,202609031904103152,202609031904101105,85,3325,Bronze INV,br_ReAssessmentFamily,TASK_COMPLETE,SUCCESS,INFO,1628,1628,0,,2026-09-03T19:04:17.619Z,2026-09-03T20:54:05.052Z,6588,2026-09-03T20:54:05.052Z,V10,Longmont,48b34b87-69c2-467d-a88c-67aac910c539,SAMMS-BoulderV5
202609032054005658,202609031904103153,202609031904101105,85,3326,Bronze INV,br_ReAssessmentFamily,TASK_COMPLETE,SUCCESS,INFO,1513,1513,0,,2026-09-03T19:04:17.619Z,2026-09-03T20:54:05.052Z,6588,2026-09-03T20:54:05.052Z,V10A,Fort Collins,48b34b87-69c2-467d-a88c-67aac910c539,SAMMS-FortCollinsV5
202609032054005659,202609031904103154,202609031904101105,85,3327,Bronze INV,br_ReAssessmentFamily,TASK_COMPLETE,SUCCESS,INFO,2870,2870,0,,2026-09-03T19:04:17.619Z,2026-09-03T20:54:05.052Z,6588,2026-09-03T20:54:05.052Z,V11,Westminster,48b34b87-69c2-467d-a88c-67aac910c539,SAMMS-VCPHCS-XI-NorthDenverV5
202609032054005660,202609031904103155,202609031904101105,85,3328,Bronze INV,br_ReAssessmentFamily,TASK_COMPLETE,SUCCESS,INFO,3037,3037,0,,2026-09-03T19:04:17.619Z,2026-09-03T20:54:05.052Z,6588,2026-09-03T20:54:05.052Z,V12,Downtown Denver,48b34b87-69c2-467d-a88c-67aac910c539,SAMMS-VCPHCS-XII-DowntownDenverV5
202609032054005661,202609031904103156,202609031904101105,85,3329,Bronze INV,br_ReAssessmentFamily,TASK_COMPLETE,SUCCESS,INFO,1141,1141,0,,2026-09-03T19:04:17.619Z,2026-09-03T20:54:05.052Z,6588,2026-09-03T20:54:05.052Z,V12A,Centennial,48b34b87-69c2-467d-a88c-67aac910c539,SAMMS-CentennialV5
202609032054005663,202609031904103157,202609031904101105,85,3330,Bronze INV,br_ReAssessmentFamily,TASK_COMPLETE,SUCCESS,INFO,294,294,0,,2026-09-03T19:04:17.619Z,2026-09-03T20:54:05.052Z,6588,2026-09-03T20:54:05.052Z,V14,Overland Park,48b34b87-69c2-467d-a88c-67aac910c539,SAMMS-VCPHCS-XIV-BridgewayV5
202609032054005664,202609031904103158,202609031904101105,85,3331,Bronze INV,br_ReAssessmentFamily,TASK_COMPLETE,SUCCESS,INFO,610,610,0,,2026-09-03T19:04:17.619Z,2026-09-03T20:54:05.052Z,6588,2026-09-03T20:54:05.052Z,V15,Joplin,48b34b87-69c2-467d-a88c-67aac910c539,SAMMS-JoplinV5
202609032054005665,202609031904103159,202609031904101105,85,3333,Bronze INV,br_ReAssessmentFamily,TASK_COMPLETE,SUCCESS,INFO,903,903,0,,2026-09-03T19:04:17.619Z,2026-09-03T20:54:05.052Z,6588,2026-09-03T20:54:05.052Z,V17,Columbia TN,48b34b87-69c2-467d-a88c-67aac910c539,SAMMS-ColumbiaTNv5
202609032054005666,202609031904103160,202609031904101105,85,3335,Bronze INV,br_ReAssessmentFamily,TASK_COMPLETE,SUCCESS,INFO,533,533,0,,2026-09-03T19:04:17.619Z,2026-09-03T20:54:05.052Z,6588,2026-09-03T20:54:05.052Z,V19,Jackson,48b34b87-69c2-467d-a88c-67aac910c539,SAMMS-JacksonV5
202609032054005668,202609031904103161,202609031904101105,85,3337,Bronze INV,br_ReAssessmentFamily,TASK_COMPLETE,SUCCESS,INFO,1768,1768,0,,2026-09-03T19:04:17.619Z,2026-09-03T20:54:05.052Z,6588,2026-09-03T20:54:05.052Z,V20,Paris,48b34b87-69c2-467d-a88c-67aac910c539,SAMMS-ParisV5
202609032054005669,202609031904103162,202609031904101105,85,3338,Bronze INV,br_ReAssessmentFamily,TASK_COMPLETE,SUCCESS,INFO,723,723,0,,2026-09-03T19:04:17.619Z,2026-09-03T20:54:05.052Z,6588,2026-09-03T20:54:05.052Z,V21,Memphis North,48b34b87-69c2-467d-a88c-67aac910c539,SAMMS-RaleighV5
202609032054005670,202609031904103163,202609031904101105,85,3341,Bronze INV,br_ReAssessmentFamily,TASK_COMPLETE,SUCCESS,INFO,1780,1780,0,,2026-09-03T19:04:17.619Z,2026-09-03T20:54:05.052Z,6588,2026-09-03T20:54:05.052Z,V5,West Bank,48b34b87-69c2-467d-a88c-67aac910c539,SAMMS-NONTCv5
202609032054005671,202609031904103164,202609031904101105,85,3343,Bronze INV,br_ReAssessmentFamily,TASK_COMPLETE,SUCCESS,INFO,144,144,0,,2026-09-03T19:04:17.619Z,2026-09-03T20:54:05.052Z,6588,2026-09-03T20:54:05.052Z,V5B,Houma,48b34b87-69c2-467d-a88c-67aac910c539,SAMMS-HoumaV6
202609032054005672,202609031904103165,202609031904101105,85,3344,Bronze INV,br_ReAssessmentFamily,TASK_COMPLETE,SUCCESS,INFO,1910,1910,0,,2026-09-03T19:04:17.619Z,2026-09-03T20:54:05.052Z,6588,2026-09-03T20:54:05.052Z,V6,Lake Charles,48b34b87-69c2-467d-a88c-67aac910c539,SAMMS-LCv5
202609032054005674,202609031904103166,202609031904101105,85,3346,Bronze INV,br_ReAssessmentFamily,TASK_COMPLETE,SUCCESS,INFO,741,741,0,,2026-09-03T19:04:17.619Z,2026-09-03T20:54:05.052Z,6588,2026-09-03T20:54:05.052Z,V8,Memphis Midtown,48b34b87-69c2-467d-a88c-67aac910c539,SAMMS-VCPHCS-VIII-MemphisV5
202609032054005675,202609031904103167,202609031904101105,85,3347,Bronze INV,br_ReAssessmentFamily,TASK_COMPLETE,SUCCESS,INFO,1763,1763,0,,2026-09-03T19:04:17.619Z,2026-09-03T20:54:05.052Z,6588,2026-09-03T20:54:05.052Z,V9,Nashville,48b34b87-69c2-467d-a88c-67aac910c539,SAMMS-NashvilleV5
202609032054005676,202609031904103168,202609031904101105,85,3348,Bronze INV,br_ReAssessmentFamily,TASK_COMPLETE,SUCCESS,INFO,838,838,0,,2026-09-03T19:04:17.619Z,2026-09-03T20:54:05.052Z,6588,2026-09-03T20:54:05.052Z,VBRA,Brainerd,48b34b87-69c2-467d-a88c-67aac910c539,SAMMS-BrainerdV6
202609032054005678,202609031904103169,202609031904101105,85,3349,Bronze INV,br_ReAssessmentFamily,TASK_COMPLETE,SUCCESS,INFO,1958,1958,0,,2026-09-03T19:04:17.619Z,2026-09-03T20:54:05.052Z,6588,2026-09-03T20:54:05.052Z,VBRP,Brooklyn Park,48b34b87-69c2-467d-a88c-67aac910c539,SAMMS-BrooklynParkV6
202609032054005679,202609031904103170,202609031904101105,85,3351,Bronze INV,br_ReAssessmentFamily,TASK_COMPLETE,SUCCESS,INFO,745,745,0,,2026-09-03T19:04:17.619Z,2026-09-03T20:54:05.052Z,6588,2026-09-03T20:54:05.052Z,VMIN,Minneapolis,48b34b87-69c2-467d-a88c-67aac910c539,SAMMS-MinneapolisV6
202609032054005680,202609031904103171,202609031904101105,85,3352,Bronze INV,br_ReAssessmentFamily,TASK_COMPLETE,SUCCESS,INFO,884,884,0,,2026-09-03T19:04:17.619Z,2026-09-03T20:54:05.052Z,6588,2026-09-03T20:54:05.052Z,VWBY,Woodbury,48b34b87-69c2-467d-a88c-67aac910c539,SAMMS-WoodburyV6
202609032054005681,202609031904103172,202609031904101105,85,3354,Bronze INV,br_ReAssessmentFamily,TASK_COMPLETE,SUCCESS,INFO,161,161,0,,2026-09-03T19:04:17.619Z,2026-09-03T20:54:05.052Z,6588,2026-09-03T20:54:05.052Z,WIL,Wilson,48b34b87-69c2-467d-a88c-67aac910c539,SAMMS-Wilson
202609032054005682,202609031904103173,202609031904101105,85,3358,Bronze INV,br_ReAssessmentLegal,TASK_COMPLETE,SUCCESS,INFO,35,35,0,,2026-09-03T19:04:17.619Z,2026-09-03T20:54:05.052Z,6588,2026-09-03T20:54:05.052Z,AHK,Ahoskie,48b34b87-69c2-467d-a88c-67aac910c539,SAMMS-Ahoskie
202609032054005683,202609031904103174,202609031904101105,85,3359,Bronze INV,br_ReAssessmentLegal,TASK_COMPLETE,SUCCESS,INFO,661,661,0,,2026-09-03T19:04:17.619Z,2026-09-03T20:54:05.052Z,6588,2026-09-03T20:54:05.052Z,B12B,Colorado Springs,48b34b87-69c2-467d-a88c-67aac910c539,SAMMS-ColoradoSpringsV5
202609032054005685,202609031904103175,202609031904101105,85,3360,Bronze INV,br_ReAssessmentLegal,TASK_COMPLETE,SUCCESS,INFO,828,828,0,,2026-09-03T19:04:17.619Z,2026-09-03T20:54:05.052Z,6588,2026-09-03T20:54:05.052Z,B24,Paintsville,48b34b87-69c2-467d-a88c-67aac910c539,SAMMS-PaintsvilleV5
202609032054005686,202609031904103176,202609031904101105,85,3361,Bronze INV,br_ReAssessmentLegal,TASK_COMPLETE,SUCCESS,INFO,646,646,0,,2026-09-03T19:04:17.619Z,2026-09-03T20:54:05.052Z,6588,2026-09-03T20:54:05.052Z,B25,Pikeville,48b34b87-69c2-467d-a88c-67aac910c539,SAMMS-PikevilleV5
202609032054005687,202609031904103177,202609031904101105,85,3362,Bronze INV,br_ReAssessmentLegal,TASK_COMPLETE,SUCCESS,INFO,971,971,0,,2026-09-03T19:04:17.619Z,2026-09-03T20:54:05.052Z,6588,2026-09-03T20:54:05.052Z,B26,Hazard,48b34b87-69c2-467d-a88c-67aac910c539,SAMMS-HazardV5
202609032054005688,202609031904103178,202609031904101105,85,3363,Bronze INV,br_ReAssessmentLegal,TASK_COMPLETE,SUCCESS,INFO,530,530,0,,2026-09-03T19:04:17.619Z,2026-09-03T20:54:05.052Z,6588,2026-09-03T20:54:05.052Z,B27,Savannah,48b34b87-69c2-467d-a88c-67aac910c539,SAMMS-SavannahV6
202609032054005689,202609031904103179,202609031904101105,85,3364,Bronze INV,br_ReAssessmentLegal,TASK_COMPLETE,SUCCESS,INFO,245,245,0,,2026-09-03T19:04:17.619Z,2026-09-03T20:54:05.052Z,6588,2026-09-03T20:54:05.052Z,B28,West Plains,48b34b87-69c2-467d-a88c-67aac910c539,SAMMS-WestPlainesV5
202609032054005690,202609031904103180,202609031904101105,85,3365,Bronze INV,br_ReAssessmentLegal,TASK_COMPLETE,SUCCESS,INFO,460,460,0,,2026-09-03T19:04:17.619Z,2026-09-03T20:54:05.052Z,6588,2026-09-03T20:54:05.052Z,B29,Poplar Bluff,48b34b87-69c2-467d-a88c-67aac910c539,SAMMS-PoplarBluffV5
202609032054005691,202609031904103181,202609031904101105,85,3366,Bronze INV,br_ReAssessmentLegal,TASK_COMPLETE,SUCCESS,INFO,77,77,0,,2026-09-03T19:04:17.619Z,2026-09-03T20:54:05.052Z,6588,2026-09-03T20:54:05.052Z,B30,KC North,48b34b87-69c2-467d-a88c-67aac910c539,SAMMS-KCNv5
202609032054005693,202609031904103182,202609031904101105,85,3367,Bronze INV,br_ReAssessmentLegal,TASK_COMPLETE,SUCCESS,INFO,400,400,0,,2026-09-03T19:04:17.619Z,2026-09-03T20:54:05.052Z,6588,2026-09-03T20:54:05.052Z,B31,Dyersburg,48b34b87-69c2-467d-a88c-67aac910c539,SAMMS-DyersburgV5
202609032054005694,202609031904103183,202609031904101105,85,3369,Bronze INV,br_ReAssessmentLegal,TASK_COMPLETE,SUCCESS,INFO,487,487,0,,2026-09-03T19:04:17.619Z,2026-09-03T20:54:05.052Z,6588,2026-09-03T20:54:05.052Z,B33,Paducah,48b34b87-69c2-467d-a88c-67aac910c539,SAMMS-Paducah
202609032054005695,202609031904103184,202609031904101105,85,3370,Bronze INV,br_ReAssessmentLegal,TASK_COMPLETE,SUCCESS,INFO,385,385,0,,2026-09-03T19:04:17.619Z,2026-09-03T20:54:05.052Z,6588,2026-09-03T20:54:05.052Z,B34,Corbin,48b34b87-69c2-467d-a88c-67aac910c539,SAMMS-CorbinV5
202609032054005696,202609031904103185,202609031904101105,85,3371,Bronze INV,br_ReAssessmentLegal,TASK_COMPLETE,SUCCESS,INFO,239,239,0,,2026-09-03T19:04:17.619Z,2026-09-03T20:54:05.052Z,6588,2026-09-03T20:54:05.052Z,B35,Lexington,48b34b87-69c2-467d-a88c-67aac910c539,SAMMS-LexingtonV5
202609032054005697,202609031904103186,202609031904101105,85,3372,Bronze INV,br_ReAssessmentLegal,TASK_COMPLETE,SUCCESS,INFO,77,77,0,,2026-09-03T19:04:17.619Z,2026-09-03T20:54:05.052Z,6588,2026-09-03T20:54:05.052Z,B35A,Berea,48b34b87-69c2-467d-a88c-67aac910c539,SAMMS-BereaV5
202609032054005698,202609031904103187,202609031904101105,85,3373,Bronze INV,br_ReAssessmentLegal,TASK_COMPLETE,SUCCESS,INFO,20,20,0,,2026-09-03T19:04:17.619Z,2026-09-03T20:54:05.052Z,6588,2026-09-03T20:54:05.052Z,B36,Asheville,48b34b87-69c2-467d-a88c-67aac910c539,SAMMS-AshevilleV5
202609032054005699,202609031904103188,202609031904101105,85,3374,Bronze INV,br_ReAssessmentLegal,TASK_COMPLETE,SUCCESS,INFO,1,1,0,,2026-09-03T19:04:17.619Z,2026-09-03T20:54:05.052Z,6588,2026-09-03T20:54:05.052Z,B37,Clyde,48b34b87-69c2-467d-a88c-67aac910c539,SAMMS-ClydeV5
202609032054005700,202609031904103189,202609031904101105,85,3375,Bronze INV,br_ReAssessmentLegal,TASK_COMPLETE,SUCCESS,INFO,1188,1188,0,,2026-09-03T19:04:17.619Z,2026-09-03T20:54:05.052Z,6588,2026-09-03T20:54:05.052Z,B38,Spartanburg,48b34b87-69c2-467d-a88c-67aac910c539,SAMMS-SpartanburgV5
202609032054005702,202609031904103190,202609031904101105,85,3376,Bronze INV,br_ReAssessmentLegal,TASK_COMPLETE,SUCCESS,INFO,362,362,0,,2026-09-03T19:04:17.619Z,2026-09-03T20:54:05.052Z,6588,2026-09-03T20:54:05.052Z,B39,Aiken,48b34b87-69c2-467d-a88c-67aac910c539,SAMMS-AikenV5
202609032054005703,202609031904103191,202609031904101105,85,3377,Bronze INV,br_ReAssessmentLegal,TASK_COMPLETE,SUCCESS,INFO,1887,1887,0,,2026-09-03T19:04:17.619Z,2026-09-03T20:54:05.052Z,6588,2026-09-03T20:54:05.052Z,B41,Chesapeake,48b34b87-69c2-467d-a88c-67aac910c539,SAMMS-ChesapeakeV5
202609032054005704,202609031904103192,202609031904101105,85,3378,Bronze INV,br_ReAssessmentLegal,TASK_COMPLETE,SUCCESS,INFO,1912,1912,0,,2026-09-03T19:04:17.619Z,2026-09-03T20:54:05.052Z,6588,2026-09-03T20:54:05.052Z,B42,Virginia Beach,48b34b87-69c2-467d-a88c-67aac910c539,SAMMS-VirginiaBeachV5
202609032054005705,202609031904103193,202609031904101105,85,3379,Bronze INV,br_ReAssessmentLegal,TASK_COMPLETE,SUCCESS,INFO,923,923,0,,2026-09-03T19:04:17.619Z,2026-09-03T20:54:05.052Z,6588,2026-09-03T20:54:05.052Z,B42A,Newport News,48b34b87-69c2-467d-a88c-67aac910c539,SAMMS-NewportNewsV5
202609032054005706,202609031904103194,202609031904101105,85,3380,Bronze INV,br_ReAssessmentLegal,TASK_COMPLETE,SUCCESS,INFO,507,507,0,,2026-09-03T19:04:17.619Z,2026-09-03T20:54:05.052Z,6588,2026-09-03T20:54:05.052Z,B42B,Franklin,48b34b87-69c2-467d-a88c-67aac910c539,SAMMS-FranklinV5
202609032054005707,202609031904103195,202609031904101105,85,3381,Bronze INV,br_ReAssessmentLegal,TASK_COMPLETE,SUCCESS,INFO,340,340,0,,2026-09-03T19:04:17.619Z,2026-09-03T20:54:05.052Z,6588,2026-09-03T20:54:05.052Z,B42C,Glen Allen,48b34b87-69c2-467d-a88c-67aac910c539,SAMMS-GlenAllenV5
202609032054005708,202609031904103196,202609031904101105,85,3382,Bronze INV,br_ReAssessmentLegal,TASK_COMPLETE,SUCCESS,INFO,1479,1479,0,,2026-09-03T19:04:17.619Z,2026-09-03T20:54:05.052Z,6588,2026-09-03T20:54:05.052Z,B42D,Chesapeake South,48b34b87-69c2-467d-a88c-67aac910c539,SAMMS-ChesapeakeSouthV5
202609032054005710,202609031904103197,202609031904101105,85,3383,Bronze INV,br_ReAssessmentLegal,TASK_COMPLETE,SUCCESS,INFO,633,633,0,,2026-09-03T19:04:17.619Z,2026-09-03T20:54:05.052Z,6588,2026-09-03T20:54:05.052Z,B44,Albany,48b34b87-69c2-467d-a88c-67aac910c539,SAMMS-AlbanyV5
202609032054005711,202609031904103198,202609031904101105,85,3384,Bronze INV,br_ReAssessmentLegal,TASK_COMPLETE,SUCCESS,INFO,1267,1267,0,,2026-09-03T19:04:17.619Z,2026-09-03T20:54:05.052Z,6588,2026-09-03T20:54:05.052Z,B45,Tifton,48b34b87-69c2-467d-a88c-67aac910c539,SAMMS-TiftonV5
202609032054005712,202609031904103199,202609031904101105,85,3385,Bronze INV,br_ReAssessmentLegal,TASK_COMPLETE,SUCCESS,INFO,588,588,0,,2026-09-03T19:04:17.619Z,2026-09-03T20:54:05.052Z,6588,2026-09-03T20:54:05.052Z,B46,Washington DC,48b34b87-69c2-467d-a88c-67aac910c539,SAMMS-WashingtonDCv5
202609032054005713,202609031904103200,202609031904101105,85,3386,Bronze INV,br_ReAssessmentLegal,TASK_COMPLETE,SUCCESS,INFO,1557,1557,0,,2026-09-03T19:04:17.619Z,2026-09-03T20:54:05.052Z,6588,2026-09-03T20:54:05.052Z,B47,Mobile,48b34b87-69c2-467d-a88c-67aac910c539,SAMMS-MobileV5
202609032054005714,202609031904103201,202609031904101105,85,3387,Bronze INV,br_ReAssessmentLegal,TASK_COMPLETE,SUCCESS,INFO,1296,1296,0,,2026-09-03T19:04:17.619Z,2026-09-03T20:54:05.052Z,6588,2026-09-03T20:54:05.052Z,B48,Tuscaloosa,48b34b87-69c2-467d-a88c-67aac910c539,SAMMS-TuscaloosaV5
202609032054005732,202609031904103202,202609031904101105,85,3396,Bronze INV,br_ReAssessmentLegal,TASK_COMPLETE,SUCCESS,INFO,2,2,0,,2026-09-03T19:04:17.619Z,2026-09-03T20:54:05.052Z,6588,2026-09-03T20:54:05.052Z,B51,N. Little Rock (OTP),48b34b87-69c2-467d-a88c-67aac910c539,SAMMS-NorthLittleRockV6
202609032054005734,202609031904103203,202609031904101105,85,3397,Bronze INV,br_ReAssessmentLegal,TASK_COMPLETE,SUCCESS,INFO,454,454,0,,2026-09-03T19:04:17.619Z,2026-09-03T20:54:05.052Z,6588,2026-09-03T20:54:05.052Z,B52,Jackson GA,48b34b87-69c2-467d-a88c-67aac910c539,SAMMS-JacksonGAV5
202609032054005735,202609031904103204,202609031904101105,85,3398,Bronze INV,br_ReAssessmentLegal,TASK_COMPLETE,SUCCESS,INFO,1702,1702,0,,2026-09-03T19:04:17.619Z,2026-09-03T20:54:05.052Z,6588,2026-09-03T20:54:05.052Z,B54,Gadsden,48b34b87-69c2-467d-a88c-67aac910c539,SAMMS-GadsdenV5
202609032054005736,202609031904103205,202609031904101105,85,3399,Bronze INV,br_ReAssessmentLegal,TASK_COMPLETE,SUCCESS,INFO,946,946,0,,2026-09-03T19:04:17.619Z,2026-09-03T20:54:05.052Z,6588,2026-09-03T20:54:05.052Z,B55,Shoals,48b34b87-69c2-467d-a88c-67aac910c539,SAMMS-ShoalsV5
202609032054005737,202609031904103206,202609031904101105,85,3400,Bronze INV,br_ReAssessmentLegal,TASK_COMPLETE,SUCCESS,INFO,294,294,0,,2026-09-03T19:04:17.619Z,2026-09-03T20:54:05.052Z,6588,2026-09-03T20:54:05.052Z,B57,Pawtucket,48b34b87-69c2-467d-a88c-67aac910c539,SAMMS-Pawtucket
202609032054005738,202609031904103207,202609031904101105,85,3401,Bronze INV,br_ReAssessmentLegal,TASK_COMPLETE,SUCCESS,INFO,550,550,0,,2026-09-03T19:04:17.619Z,2026-09-03T20:54:05.052Z,6588,2026-09-03T20:54:05.052Z,B57A,Johnston,48b34b87-69c2-467d-a88c-67aac910c539,SAMMS-Johnston
202609032054005739,202609031904103208,202609031904101105,85,3402,Bronze INV,br_ReAssessmentLegal,TASK_COMPLETE,SUCCESS,INFO,164,164,0,,2026-09-03T19:04:17.619Z,2026-09-03T20:54:05.052Z,6588,2026-09-03T20:54:05.052Z,B57B,Middletown,48b34b87-69c2-467d-a88c-67aac910c539,SAMMS-Middletown
202609032054005741,202609031904103209,202609031904101105,85,3403,Bronze INV,br_ReAssessmentLegal,TASK_COMPLETE,SUCCESS,INFO,411,411,0,,2026-09-03T19:04:17.619Z,2026-09-03T20:54:05.052Z,6588,2026-09-03T20:54:05.052Z,B57C,Providence,48b34b87-69c2-467d-a88c-67aac910c539,SAMMS-Providence
202609032054005742,202609031904103210,202609031904101105,85,3404,Bronze INV,br_ReAssessmentLegal,TASK_COMPLETE,SUCCESS,INFO,622,622,0,,2026-09-03T19:04:17.619Z,2026-09-03T20:54:05.052Z,6588,2026-09-03T20:54:05.052Z,B57D,Westerly,48b34b87-69c2-467d-a88c-67aac910c539,SAMMS-Westerly
202609032054005743,202609031904103211,202609031904101105,85,3408,Bronze INV,br_ReAssessmentLegal,TASK_COMPLETE,SUCCESS,INFO,4,4,0,,2026-09-03T19:04:17.619Z,2026-09-03T20:54:05.052Z,6588,2026-09-03T20:54:05.052Z,B66A,Bremen,48b34b87-69c2-467d-a88c-67aac910c539,SAMMS-Bremen
202609032054005744,202609031904103212,202609031904101105,85,3411,Bronze INV,br_ReAssessmentLegal,TASK_COMPLETE,SUCCESS,INFO,0,0,0,,2026-09-03T19:04:17.619Z,2026-09-03T20:54:05.052Z,6588,2026-09-03T20:54:05.052Z,B72,Mobile (OBOT),48b34b87-69c2-467d-a88c-67aac910c539,SAMMS-Mobile-OBOT
202609032054005745,202609031904103213,202609031904101105,85,3412,Bronze INV,br_ReAssessmentLegal,TASK_COMPLETE,SUCCESS,INFO,0,0,0,,2026-09-03T19:04:17.619Z,2026-09-03T20:54:05.052Z,6588,2026-09-03T20:54:05.052Z,B73,Montgomery,48b34b87-69c2-467d-a88c-67aac910c539,SAMMS-Montgomery
202609032054006223,202609031904103622,202609031904101105,85,4442,Bronze INV,br_ReAssessmentSubstanceUse,TASK_COMPLETE,SUCCESS,INFO,732,732,0,,2026-09-03T19:04:17.619Z,2026-09-03T20:54:05.052Z,6588,2026-09-03T20:54:05.052Z,V21,Memphis North,48b34b87-69c2-467d-a88c-67aac910c539,SAMMS-RaleighV5
202609032054006224,202609031904103623,202609031904101105,85,4445,Bronze INV,br_ReAssessmentSubstanceUse,TASK_COMPLETE,SUCCESS,INFO,1817,1817,0,,2026-09-03T19:04:17.619Z,2026-09-03T20:54:05.052Z,6588,2026-09-03T20:54:05.052Z,V5,West Bank,48b34b87-69c2-467d-a88c-67aac910c539,SAMMS-NONTCv5
202609032054006225,202609031904103624,202609031904101105,85,4447,Bronze INV,br_ReAssessmentSubstanceUse,TASK_COMPLETE,SUCCESS,INFO,150,150,0,,2026-09-03T19:04:17.619Z,2026-09-03T20:54:05.052Z,6588,2026-09-03T20:54:05.052Z,V5B,Houma,48b34b87-69c2-467d-a88c-67aac910c539,SAMMS-HoumaV6
202609032054006226,202609031904103625,202609031904101105,85,4448,Bronze INV,br_ReAssessmentSubstanceUse,TASK_COMPLETE,SUCCESS,INFO,1929,1929,0,,2026-09-03T19:04:17.619Z,2026-09-03T20:54:05.052Z,6588,2026-09-03T20:54:05.052Z,V6,Lake Charles,48b34b87-69c2-467d-a88c-67aac910c539,SAMMS-LCv5
202609032054006227,202609031904103626,202609031904101105,85,4450,Bronze INV,br_ReAssessmentSubstanceUse,TASK_COMPLETE,SUCCESS,INFO,748,748,0,,2026-09-03T19:04:17.619Z,2026-09-03T20:54:05.052Z,6588,2026-09-03T20:54:05.052Z,V8,Memphis Midtown,48b34b87-69c2-467d-a88c-67aac910c539,SAMMS-VCPHCS-VIII-MemphisV5
202609032054006228,202609031904103627,202609031904101105,85,4451,Bronze INV,br_ReAssessmentSubstanceUse,TASK_COMPLETE,SUCCESS,INFO,1785,1785,0,,2026-09-03T19:04:17.619Z,2026-09-03T20:54:05.052Z,6588,2026-09-03T20:54:05.052Z,V9,Nashville,48b34b87-69c2-467d-a88c-67aac910c539,SAMMS-NashvilleV5
202609032054006230,202609031904103628,202609031904101105,85,4452,Bronze INV,br_ReAssessmentSubstanceUse,TASK_COMPLETE,SUCCESS,INFO,854,854,0,,2026-09-03T19:04:17.619Z,2026-09-03T20:54:05.052Z,6588,2026-09-03T20:54:05.052Z,VBRA,Brainerd,48b34b87-69c2-467d-a88c-67aac910c539,SAMMS-BrainerdV6
202609032054006231,202609031904103629,202609031904101105,85,4453,Bronze INV,br_ReAssessmentSubstanceUse,TASK_COMPLETE,SUCCESS,INFO,1988,1988,0,,2026-09-03T19:04:17.619Z,2026-09-03T20:54:05.052Z,6588,2026-09-03T20:54:05.052Z,VBRP,Brooklyn Park,48b34b87-69c2-467d-a88c-67aac910c539,SAMMS-BrooklynParkV6
202609032054006232,202609031904103630,202609031904101105,85,4455,Bronze INV,br_ReAssessmentSubstanceUse,TASK_COMPLETE,SUCCESS,INFO,764,764,0,,2026-09-03T19:04:17.619Z,2026-09-03T20:54:05.052Z,6588,2026-09-03T20:54:05.052Z,VMIN,Minneapolis,48b34b87-69c2-467d-a88c-67aac910c539,SAMMS-MinneapolisV6
202609032054006233,202609031904103631,202609031904101105,85,4456,Bronze INV,br_ReAssessmentSubstanceUse,TASK_COMPLETE,SUCCESS,INFO,920,920,0,,2026-09-03T19:04:17.619Z,2026-09-03T20:54:05.052Z,6588,2026-09-03T20:54:05.052Z,VWBY,Woodbury,48b34b87-69c2-467d-a88c-67aac910c539,SAMMS-WoodburyV6
202609032054006234,202609031904103632,202609031904101105,85,4458,Bronze INV,br_ReAssessmentSubstanceUse,TASK_COMPLETE,SUCCESS,INFO,162,162,0,,2026-09-03T19:04:17.619Z,2026-09-03T20:54:05.052Z,6588,2026-09-03T20:54:05.052Z,WIL,Wilson,48b34b87-69c2-467d-a88c-67aac910c539,SAMMS-Wilson
202609032054006235,202609031904103633,202609031904101105,85,4094,Bronze INV,br_ReAssessmentSocial,TASK_COMPLETE,SUCCESS,INFO,35,35,0,,2026-09-03T19:04:17.619Z,2026-09-03T20:54:05.052Z,6588,2026-09-03T20:54:05.052Z,AHK,Ahoskie,48b34b87-69c2-467d-a88c-67aac910c539,SAMMS-Ahoskie
202609032054006237,202609031904103634,202609031904101105,85,4095,Bronze INV,br_ReAssessmentSocial,TASK_COMPLETE,SUCCESS,INFO,662,662,0,,2026-09-03T19:04:17.619Z,2026-09-03T20:54:05.052Z,6588,2026-09-03T20:54:05.052Z,B12B,Colorado Springs,48b34b87-69c2-467d-a88c-67aac910c539,SAMMS-ColoradoSpringsV5
202609032054006238,202609031904103635,202609031904101105,85,4096,Bronze INV,br_ReAssessmentSocial,TASK_COMPLETE,SUCCESS,INFO,826,826,0,,2026-09-03T19:04:17.619Z,2026-09-03T20:54:05.052Z,6588,2026-09-03T20:54:05.052Z,B24,Paintsville,48b34b87-69c2-467d-a88c-67aac910c539,SAMMS-PaintsvilleV5
202609032054006239,202609031904103636,202609031904101105,85,4097,Bronze INV,br_ReAssessmentSocial,TASK_COMPLETE,SUCCESS,INFO,646,646,0,,2026-09-03T19:04:17.619Z,2026-09-03T20:54:05.052Z,6588,2026-09-03T20:54:05.052Z,B25,Pikeville,48b34b87-69c2-467d-a88c-67aac910c539,SAMMS-PikevilleV5
202609032054006240,202609031904103637,202609031904101105,85,4098,Bronze INV,br_ReAssessmentSocial,TASK_COMPLETE,SUCCESS,INFO,971,971,0,,2026-09-03T19:04:17.619Z,2026-09-03T20:54:05.052Z,6588,2026-09-03T20:54:05.052Z,B26,Hazard,48b34b87-69c2-467d-a88c-67aac910c539,SAMMS-HazardV5
202609032054006241,202609031904103638,202609031904101105,85,4099,Bronze INV,br_ReAssessmentSocial,TASK_COMPLETE,SUCCESS,INFO,531,531,0,,2026-09-03T19:04:17.619Z,2026-09-03T20:54:05.052Z,6588,2026-09-03T20:54:05.052Z,B27,Savannah,48b34b87-69c2-467d-a88c-67aac910c539,SAMMS-SavannahV6
202609032054006242,202609031904103639,202609031904101105,85,4100,Bronze INV,br_ReAssessmentSocial,TASK_COMPLETE,SUCCESS,INFO,245,245,0,,2026-09-03T19:04:17.619Z,2026-09-03T20:54:05.052Z,6588,2026-09-03T20:54:05.052Z,B28,West Plains,48b34b87-69c2-467d-a88c-67aac910c539,SAMMS-WestPlainesV5
202609032054006244,202609031904103640,202609031904101105,85,4101,Bronze INV,br_ReAssessmentSocial,TASK_COMPLETE,SUCCESS,INFO,461,461,0,,2026-09-03T19:04:17.619Z,2026-09-03T20:54:05.052Z,6588,2026-09-03T20:54:05.052Z,B29,Poplar Bluff,48b34b87-69c2-467d-a88c-67aac910c539,SAMMS-PoplarBluffV5
202609032054006245,202609031904103641,202609031904101105,85,4102,Bronze INV,br_ReAssessmentSocial,TASK_COMPLETE,SUCCESS,INFO,77,77,0,,2026-09-03T19:04:17.619Z,2026-09-03T20:54:05.052Z,6588,2026-09-03T20:54:05.052Z,B30,KC North,48b34b87-69c2-467d-a88c-67aac910c539,SAMMS-KCNv5
202609032054006246,202609031904103642,202609031904101105,85,4103,Bronze INV,br_ReAssessmentSocial,TASK_COMPLETE,SUCCESS,INFO,401,401,0,,2026-09-03T19:04:17.619Z,2026-09-03T20:54:05.052Z,6588,2026-09-03T20:54:05.052Z,B31,Dyersburg,48b34b87-69c2-467d-a88c-67aac910c539,SAMMS-DyersburgV5
202609032054006247,202609031904103643,202609031904101105,85,4105,Bronze INV,br_ReAssessmentSocial,TASK_COMPLETE,SUCCESS,INFO,487,487,0,,2026-09-03T19:04:17.619Z,2026-09-03T20:54:05.052Z,6588,2026-09-03T20:54:05.052Z,B33,Paducah,48b34b87-69c2-467d-a88c-67aac910c539,SAMMS-Paducah
202609032054006248,202609031904103644,202609031904101105,85,4106,Bronze INV,br_ReAssessmentSocial,TASK_COMPLETE,SUCCESS,INFO,384,384,0,,2026-09-03T19:04:17.619Z,2026-09-03T20:54:05.052Z,6588,2026-09-03T20:54:05.052Z,B34,Corbin,48b34b87-69c2-467d-a88c-67aac910c539,SAMMS-CorbinV5
202609032054006249,202609031904103645,202609031904101105,85,4107,Bronze INV,br_ReAssessmentSocial,TASK_COMPLETE,SUCCESS,INFO,239,239,0,,2026-09-03T19:04:17.619Z,2026-09-03T20:54:05.052Z,6588,2026-09-03T20:54:05.052Z,B35,Lexington,48b34b87-69c2-467d-a88c-67aac910c539,SAMMS-LexingtonV5
202609032054006250,202609031904103646,202609031904101105,85,4108,Bronze INV,br_ReAssessmentSocial,TASK_COMPLETE,SUCCESS,INFO,77,77,0,,2026-09-03T19:04:17.619Z,2026-09-03T20:54:05.052Z,6588,2026-09-03T20:54:05.052Z,B35A,Berea,48b34b87-69c2-467d-a88c-67aac910c539,SAMMS-BereaV5
202609032054006252,202609031904103647,202609031904101105,85,4109,Bronze INV,br_ReAssessmentSocial,TASK_COMPLETE,SUCCESS,INFO,20,20,0,,2026-09-03T19:04:17.619Z,2026-09-03T20:54:05.052Z,6588,2026-09-03T20:54:05.052Z,B36,Asheville,48b34b87-69c2-467d-a88c-67aac910c539,SAMMS-AshevilleV5
202609032054006253,202609031904103648,202609031904101105,85,4110,Bronze INV,br_ReAssessmentSocial,TASK_COMPLETE,SUCCESS,INFO,1,1,0,,2026-09-03T19:04:17.619Z,2026-09-03T20:54:05.052Z,6588,2026-09-03T20:54:05.052Z,B37,Clyde,48b34b87-69c2-467d-a88c-67aac910c539,SAMMS-ClydeV5
202609032054006254,202609031904103649,202609031904101105,85,4111,Bronze INV,br_ReAssessmentSocial,TASK_COMPLETE,SUCCESS,INFO,1186,1186,0,,2026-09-03T19:04:17.619Z,2026-09-03T20:54:05.052Z,6588,2026-09-03T20:54:05.052Z,B38,Spartanburg,48b34b87-69c2-467d-a88c-67aac910c539,SAMMS-SpartanburgV5
202609032054006255,202609031904103650,202609031904101105,85,4112,Bronze INV,br_ReAssessmentSocial,TASK_COMPLETE,SUCCESS,INFO,361,361,0,,2026-09-03T19:04:17.619Z,2026-09-03T20:54:05.052Z,6588,2026-09-03T20:54:05.052Z,B39,Aiken,48b34b87-69c2-467d-a88c-67aac910c539,SAMMS-AikenV5
202609032054006256,202609031904103651,202609031904101105,85,4113,Bronze INV,br_ReAssessmentSocial,TASK_COMPLETE,SUCCESS,INFO,1887,1887,0,,2026-09-03T19:04:17.619Z,2026-09-03T20:54:05.052Z,6588,2026-09-03T20:54:05.052Z,B41,Chesapeake,48b34b87-69c2-467d-a88c-67aac910c539,SAMMS-ChesapeakeV5
202609032054006257,202609031904103652,202609031904101105,85,4114,Bronze INV,br_ReAssessmentSocial,TASK_COMPLETE,SUCCESS,INFO,1911,1911,0,,2026-09-03T19:04:17.619Z,2026-09-03T20:54:05.052Z,6588,2026-09-03T20:54:05.052Z,B42,Virginia Beach,48b34b87-69c2-467d-a88c-67aac910c539,SAMMS-VirginiaBeachV5
202609032054006259,202609031904103653,202609031904101105,85,4115,Bronze INV,br_ReAssessmentSocial,TASK_COMPLETE,SUCCESS,INFO,925,925,0,,2026-09-03T19:04:17.619Z,2026-09-03T20:54:05.052Z,6588,2026-09-03T20:54:05.052Z,B42A,Newport News,48b34b87-69c2-467d-a88c-67aac910c539,SAMMS-NewportNewsV5
202609032054006260,202609031904103654,202609031904101105,85,4116,Bronze INV,br_ReAssessmentSocial,TASK_COMPLETE,SUCCESS,INFO,507,507,0,,2026-09-03T19:04:17.619Z,2026-09-03T20:54:05.052Z,6588,2026-09-03T20:54:05.052Z,B42B,Franklin,48b34b87-69c2-467d-a88c-67aac910c539,SAMMS-FranklinV5
202609032054006261,202609031904103655,202609031904101105,85,4117,Bronze INV,br_ReAssessmentSocial,TASK_COMPLETE,SUCCESS,INFO,340,340,0,,2026-09-03T19:04:17.619Z,2026-09-03T20:54:05.052Z,6588,2026-09-03T20:54:05.052Z,B42C,Glen Allen,48b34b87-69c2-467d-a88c-67aac910c539,SAMMS-GlenAllenV5
202609032054006262,202609031904103656,202609031904101105,85,4118,Bronze INV,br_ReAssessmentSocial,TASK_COMPLETE,SUCCESS,INFO,1480,1480,0,,2026-09-03T19:04:17.619Z,2026-09-03T20:54:05.052Z,6588,2026-09-03T20:54:05.052Z,B42D,Chesapeake South,48b34b87-69c2-467d-a88c-67aac910c539,SAMMS-ChesapeakeSouthV5
202609032054006263,202609031904103657,202609031904101105,85,4119,Bronze INV,br_ReAssessmentSocial,TASK_COMPLETE,SUCCESS,INFO,632,632,0,,2026-09-03T19:04:17.619Z,2026-09-03T20:54:05.052Z,6588,2026-09-03T20:54:05.052Z,B44,Albany,48b34b87-69c2-467d-a88c-67aac910c539,SAMMS-AlbanyV5
202609032054006264,202609031904103658,202609031904101105,85,4120,Bronze INV,br_ReAssessmentSocial,TASK_COMPLETE,SUCCESS,INFO,1268,1268,0,,2026-09-03T19:04:17.619Z,2026-09-03T20:54:05.052Z,6588,2026-09-03T20:54:05.052Z,B45,Tifton,48b34b87-69c2-467d-a88c-67aac910c539,SAMMS-TiftonV5
202609032054006266,202609031904103659,202609031904101105,85,4121,Bronze INV,br_ReAssessmentSocial,TASK_COMPLETE,SUCCESS,INFO,588,588,0,,2026-09-03T19:04:17.619Z,2026-09-03T20:54:05.052Z,6588,2026-09-03T20:54:05.052Z,B46,Washington DC,48b34b87-69c2-467d-a88c-67aac910c539,SAMMS-WashingtonDCv5
202609032054006267,202609031904103660,202609031904101105,85,4122,Bronze INV,br_ReAssessmentSocial,TASK_COMPLETE,SUCCESS,INFO,1558,1558,0,,2026-09-03T19:04:17.619Z,2026-09-03T20:54:05.052Z,6588,2026-09-03T20:54:05.052Z,B47,Mobile,48b34b87-69c2-467d-a88c-67aac910c539,SAMMS-MobileV5
202609032054006268,202609031904103661,202609031904101105,85,4123,Bronze INV,br_ReAssessmentSocial,TASK_COMPLETE,SUCCESS,INFO,1294,1294,0,,2026-09-03T19:04:17.619Z,2026-09-03T20:54:05.052Z,6588,2026-09-03T20:54:05.052Z,B48,Tuscaloosa,48b34b87-69c2-467d-a88c-67aac910c539,SAMMS-TuscaloosaV5
202609032054006269,202609031904103662,202609031904101105,85,4132,Bronze INV,br_ReAssessmentSocial,TASK_COMPLETE,SUCCESS,INFO,2,2,0,,2026-09-03T19:04:17.619Z,2026-09-03T20:54:05.052Z,6588,2026-09-03T20:54:05.052Z,B51,N. Little Rock (OTP),48b34b87-69c2-467d-a88c-67aac910c539,SAMMS-NorthLittleRockV6
202609032054006270,202609031904103663,202609031904101105,85,4133,Bronze INV,br_ReAssessmentSocial,TASK_COMPLETE,SUCCESS,INFO,453,453,0,,2026-09-03T19:04:17.619Z,2026-09-03T20:54:05.052Z,6588,2026-09-03T20:54:05.052Z,B52,Jackson GA,48b34b87-69c2-467d-a88c-67aac910c539,SAMMS-JacksonGAV5
202609032054006271,202609031904103664,202609031904101105,85,4134,Bronze INV,br_ReAssessmentSocial,TASK_COMPLETE,SUCCESS,INFO,1702,1702,0,,2026-09-03T19:04:17.619Z,2026-09-03T20:54:05.052Z,6588,2026-09-03T20:54:05.052Z,B54,Gadsden,48b34b87-69c2-467d-a88c-67aac910c539,SAMMS-GadsdenV5
202609032054006272,202609031904103665,202609031904101105,85,4135,Bronze INV,br_ReAssessmentSocial,TASK_COMPLETE,SUCCESS,INFO,945,945,0,,2026-09-03T19:04:17.619Z,2026-09-03T20:54:05.052Z,6588,2026-09-03T20:54:05.052Z,B55,Shoals,48b34b87-69c2-467d-a88c-67aac910c539,SAMMS-ShoalsV5
202609032054006274,202609031904103666,202609031904101105,85,4136,Bronze INV,br_ReAssessmentSocial,TASK_COMPLETE,SUCCESS,INFO,294,294,0,,2026-09-03T19:04:17.619Z,2026-09-03T20:54:05.052Z,6588,2026-09-03T20:54:05.052Z,B57,Pawtucket,48b34b87-69c2-467d-a88c-67aac910c539,SAMMS-Pawtucket
202609032054006275,202609031904103667,202609031904101105,85,4137,Bronze INV,br_ReAssessmentSocial,TASK_COMPLETE,SUCCESS,INFO,550,550,0,,2026-09-03T19:04:17.619Z,2026-09-03T20:54:05.052Z,6588,2026-09-03T20:54:05.052Z,B57A,Johnston,48b34b87-69c2-467d-a88c-67aac910c539,SAMMS-Johnston
202609032054006276,202609031904103668,202609031904101105,85,4138,Bronze INV,br_ReAssessmentSocial,TASK_COMPLETE,SUCCESS,INFO,166,166,0,,2026-09-03T19:04:17.619Z,2026-09-03T20:54:05.052Z,6588,2026-09-03T20:54:05.052Z,B57B,Middletown,48b34b87-69c2-467d-a88c-67aac910c539,SAMMS-Middletown
202609032054006277,202609031904103669,202609031904101105,85,4139,Bronze INV,br_ReAssessmentSocial,TASK_COMPLETE,SUCCESS,INFO,410,410,0,,2026-09-03T19:04:17.619Z,2026-09-03T20:54:05.052Z,6588,2026-09-03T20:54:05.052Z,B57C,Providence,48b34b87-69c2-467d-a88c-67aac910c539,SAMMS-Providence
202609032054006278,202609031904103670,202609031904101105,85,4140,Bronze INV,br_ReAssessmentSocial,TASK_COMPLETE,SUCCESS,INFO,621,621,0,,2026-09-03T19:04:17.619Z,2026-09-03T20:54:05.052Z,6588,2026-09-03T20:54:05.052Z,B57D,Westerly,48b34b87-69c2-467d-a88c-67aac910c539,SAMMS-Westerly
202609032054006279,202609031904103671,202609031904101105,85,4144,Bronze INV,br_ReAssessmentSocial,TASK_COMPLETE,SUCCESS,INFO,4,4,0,,2026-09-03T19:04:17.619Z,2026-09-03T20:54:05.052Z,6588,2026-09-03T20:54:05.052Z,B66A,Bremen,48b34b87-69c2-467d-a88c-67aac910c539,SAMMS-Bremen
202609032054006281,202609031904103672,202609031904101105,85,4147,Bronze INV,br_ReAssessmentSocial,TASK_COMPLETE,SUCCESS,INFO,0,0,0,,2026-09-03T19:04:17.619Z,2026-09-03T20:54:05.052Z,6588,2026-09-03T20:54:05.052Z,B72,Mobile (OBOT),48b34b87-69c2-467d-a88c-67aac910c539,SAMMS-Mobile-OBOT
202609032054006282,202609031904103673,202609031904101105,85,4148,Bronze INV,br_ReAssessmentSocial,TASK_COMPLETE,SUCCESS,INFO,0,0,0,,2026-09-03T19:04:17.619Z,2026-09-03T20:54:05.052Z,6588,2026-09-03T20:54:05.052Z,B73,Montgomery,48b34b87-69c2-467d-a88c-67aac910c539,SAMMS-Montgomery
202609032054006283,202609031904103674,202609031904101105,85,4149,Bronze INV,br_ReAssessmentSocial,TASK_COMPLETE,SUCCESS,INFO,516,516,0,,2026-09-03T19:04:17.619Z,2026-09-03T20:54:05.052Z,6588,2026-09-03T20:54:05.052Z,B75,Lawrence,48b34b87-69c2-467d-a88c-67aac910c539,SAMMS-LawrenceV6
202609032054006284,202609031904103675,202609031904101105,85,4150,Bronze INV,br_ReAssessmentSocial,TASK_COMPLETE,SUCCESS,INFO,0,0,0,,2026-09-03T19:04:17.619Z,2026-09-03T20:54:05.052Z,6588,2026-09-03T20:54:05.052Z,B76,Huntsville OBOT,48b34b87-69c2-467d-a88c-67aac910c539,SAMMS-Huntsville-OBOT
202609032054006285,202609031904103676,202609031904101105,85,4151,Bronze INV,br_ReAssessmentSocial,TASK_COMPLETE,SUCCESS,INFO,0,0,0,,2026-09-03T19:04:17.619Z,2026-09-03T20:54:05.052Z,6588,2026-09-03T20:54:05.052Z,BAT,Batesville,48b34b87-69c2-467d-a88c-67aac910c539,SAMMS-Batesville
202609032054006286,202609031904103677,202609031904101105,85,4152,Bronze INV,br_ReAssessmentSocial,TASK_COMPLETE,SUCCESS,INFO,460,460,0,,2026-09-03T19:04:17.619Z,2026-09-03T20:54:05.052Z,6588,2026-09-03T20:54:05.052Z,BG,Bowling Green,48b34b87-69c2-467d-a88c-67aac910c539,SAMMS-BowlingGreen
202609032054006288,202609031904103678,202609031904101105,85,4153,Bronze INV,br_ReAssessmentSocial,TASK_COMPLETE,SUCCESS,INFO,180,180,0,,2026-09-03T19:04:17.619Z,2026-09-03T20:54:05.052Z,6588,2026-09-03T20:54:05.052Z,BOI,Boise,48b34b87-69c2-467d-a88c-67aac910c539,SAMMS-Boise
202609032054006289,202609031904103679,202609031904101105,85,4160,Bronze INV,br_ReAssessmentSocial,TASK_COMPLETE,SUCCESS,INFO,51,51,0,,2026-09-03T19:04:17.619Z,2026-09-03T20:54:05.052Z,6588,2026-09-03T20:54:05.052Z,CBCO,Coeur dAlene,48b34b87-69c2-467d-a88c-67aac910c539,SAMMS-CoeurdAleneV6
202609032054006290,202609031904103680,202609031904101105,85,4179,Bronze INV,br_ReAssessmentSocial,TASK_COMPLETE,SUCCESS,INFO,0,0,0,,2026-09-03T19:04:17.619Z,2026-09-03T20:54:05.052Z,6588,2026-09-03T20:54:05.052Z,CON,Conway,48b34b87-69c2-467d-a88c-67aac910c539,SAMMS-Conway
202609032054006291,202609031904103681,202609031904101105,85,4180,Bronze INV,br_ReAssessmentSocial,TASK_COMPLETE,SUCCESS,INFO,2568,2568,0,,2026-09-03T19:04:17.619Z,2026-09-03T20:54:05.052Z,6588,2026-09-03T20:54:05.052Z,D07,Medical Services Knox TN,48b34b87-69c2-467d-a88c-67aac910c539,SAMMS-KnoxvilleV6
202609032054006292,202609031904103682,202609031904101105,85,4181,Bronze INV,br_ReAssessmentSocial,TASK_COMPLETE,SUCCESS,INFO,111,111,0,,2026-09-03T19:04:17.619Z,2026-09-03T20:54:05.052Z,6588,2026-09-03T20:54:05.052Z,D08,Madison,48b34b87-69c2-467d-a88c-67aac910c539,SAMMS-MadisonV6
202609032054006293,202609031904103683,202609031904101105,85,4183,Bronze INV,br_ReAssessmentSocial,TASK_COMPLETE,SUCCESS,INFO,118,118,0,,2026-09-03T19:04:17.619Z,2026-09-03T20:54:05.052Z,6588,2026-09-03T20:54:05.052Z,D09,Murfreesboro,48b34b87-69c2-467d-a88c-67aac910c539,SAMMS-MurfreesboroV6
202609032054006294,202609031904103684,202609031904101105,85,4184,Bronze INV,br_ReAssessmentSocial,TASK_COMPLETE,SUCCESS,INFO,336,336,0,,2026-09-03T19:04:17.619Z,2026-09-03T20:54:05.052Z,6588,2026-09-03T20:54:05.052Z,DA,Davenport,48b34b87-69c2-467d-a88c-67aac910c539,SAMMS-Davenport
202609032054006296,202609031904103685,202609031904101105,85,4185,Bronze INV,br_ReAssessmentSocial,TASK_COMPLETE,SUCCESS,INFO,286,286,0,,2026-09-03T19:04:17.619Z,2026-09-03T20:54:05.052Z,6588,2026-09-03T20:54:05.052Z,DM,Des Moines,48b34b87-69c2-467d-a88c-67aac910c539,SAMMS-DesMoines
202609032054006297,202609031904103686,202609031904101105,85,4187,Bronze INV,br_ReAssessmentSocial,TASK_COMPLETE,SUCCESS,INFO,529,529,0,,2026-09-03T19:04:17.619Z,2026-09-03T20:54:05.052Z,6588,2026-09-03T20:54:05.052Z,DRD-CO,Columbia MO,48b34b87-69c2-467d-a88c-67aac910c539,SAMMS-ColumbiaV5
202609032054006298,202609031904103687,202609031904101105,85,4188,Bronze INV,br_ReAssessmentSocial,TASK_COMPLETE,SUCCESS,INFO,347,347,0,,2026-09-03T19:04:17.619Z,2026-09-03T20:54:05.052Z,6588,2026-09-03T20:54:05.052Z,DRD-KC,KC,48b34b87-69c2-467d-a88c-67aac910c539,SAMMS-KCv5
202609032054006300,202609031904103688,202609031904101105,85,4189,Bronze INV,br_ReAssessmentSocial,TASK_COMPLETE,SUCCESS,INFO,1551,1551,0,,2026-09-03T19:04:17.619Z,2026-09-03T20:54:05.052Z,6588,2026-09-03T20:54:05.052Z,DRD-KVB,KVB,48b34b87-69c2-467d-a88c-67aac910c539,SAMMS-KVBv5
202609032054006301,202609031904103689,202609031904101105,85,4190,Bronze INV,br_ReAssessmentSocial,TASK_COMPLETE,SUCCESS,INFO,1669,1669,0,,2026-09-03T19:04:17.619Z,2026-09-03T20:54:05.052Z,6588,2026-09-03T20:54:05.052Z,DRD-KVC,KVC,48b34b87-69c2-467d-a88c-67aac910c539,SAMMS-KVCv5
202609032054006143,202609031904103554,202609031904101105,85,4323,Bronze INV,br_ReAssessmentSubstanceUse,TASK_COMPLETE,SUCCESS,INFO,418,418,0,,2026-09-03T19:04:17.619Z,2026-09-03T20:54:05.052Z,6588,2026-09-03T20:54:05.052Z,B57C,Providence,48b34b87-69c2-467d-a88c-67aac910c539,SAMMS-Providence
202609032054006144,202609031904103555,202609031904101105,85,4324,Bronze INV,br_ReAssessmentSubstanceUse,TASK_COMPLETE,SUCCESS,INFO,642,642,0,,2026-09-03T19:04:17.619Z,2026-09-03T20:54:05.052Z,6588,2026-09-03T20:54:05.052Z,B57D,Westerly,48b34b87-69c2-467d-a88c-67aac910c539,SAMMS-Westerly
202609032054006145,202609031904103556,202609031904101105,85,4328,Bronze INV,br_ReAssessmentSubstanceUse,TASK_COMPLETE,SUCCESS,INFO,4,4,0,,2026-09-03T19:04:17.619Z,2026-09-03T20:54:05.052Z,6588,2026-09-03T20:54:05.052Z,B66A,Bremen,48b34b87-69c2-467d-a88c-67aac910c539,SAMMS-Bremen
202609032054006147,202609031904103557,202609031904101105,85,4331,Bronze INV,br_ReAssessmentSubstanceUse,TASK_COMPLETE,SUCCESS,INFO,0,0,0,,2026-09-03T19:04:17.619Z,2026-09-03T20:54:05.052Z,6588,2026-09-03T20:54:05.052Z,B72,Mobile (OBOT),48b34b87-69c2-467d-a88c-67aac910c539,SAMMS-Mobile-OBOT
202609032054006148,202609031904103558,202609031904101105,85,4332,Bronze INV,br_ReAssessmentSubstanceUse,TASK_COMPLETE,SUCCESS,INFO,0,0,0,,2026-09-03T19:04:17.619Z,2026-09-03T20:54:05.052Z,6588,2026-09-03T20:54:05.052Z,B73,Montgomery,48b34b87-69c2-467d-a88c-67aac910c539,SAMMS-Montgomery
202609032054006149,202609031904103559,202609031904101105,85,4333,Bronze INV,br_ReAssessmentSubstanceUse,TASK_COMPLETE,SUCCESS,INFO,523,523,0,,2026-09-03T19:04:17.619Z,2026-09-03T20:54:05.052Z,6588,2026-09-03T20:54:05.052Z,B75,Lawrence,48b34b87-69c2-467d-a88c-67aac910c539,SAMMS-LawrenceV6
202609032054006150,202609031904103560,202609031904101105,85,4334,Bronze INV,br_ReAssessmentSubstanceUse,TASK_COMPLETE,SUCCESS,INFO,0,0,0,,2026-09-03T19:04:17.619Z,2026-09-03T20:54:05.052Z,6588,2026-09-03T20:54:05.052Z,B76,Huntsville OBOT,48b34b87-69c2-467d-a88c-67aac910c539,SAMMS-Huntsville-OBOT
202609032054006152,202609031904103561,202609031904101105,85,4335,Bronze INV,br_ReAssessmentSubstanceUse,TASK_COMPLETE,SUCCESS,INFO,0,0,0,,2026-09-03T19:04:17.619Z,2026-09-03T20:54:05.052Z,6588,2026-09-03T20:54:05.052Z,BAT,Batesville,48b34b87-69c2-467d-a88c-67aac910c539,SAMMS-Batesville
202609032054006153,202609031904103562,202609031904101105,85,4336,Bronze INV,br_ReAssessmentSubstanceUse,TASK_COMPLETE,SUCCESS,INFO,465,465,0,,2026-09-03T19:04:17.619Z,2026-09-03T20:54:05.052Z,6588,2026-09-03T20:54:05.052Z,BG,Bowling Green,48b34b87-69c2-467d-a88c-67aac910c539,SAMMS-BowlingGreen
202609032054006154,202609031904103563,202609031904101105,85,4337,Bronze INV,br_ReAssessmentSubstanceUse,TASK_COMPLETE,SUCCESS,INFO,185,185,0,,2026-09-03T19:04:17.619Z,2026-09-03T20:54:05.052Z,6588,2026-09-03T20:54:05.052Z,BOI,Boise,48b34b87-69c2-467d-a88c-67aac910c539,SAMMS-Boise
202609032054006155,202609031904103564,202609031904101105,85,4344,Bronze INV,br_ReAssessmentSubstanceUse,TASK_COMPLETE,SUCCESS,INFO,57,57,0,,2026-09-03T19:04:17.619Z,2026-09-03T20:54:05.052Z,6588,2026-09-03T20:54:05.052Z,CBCO,Coeur dAlene,48b34b87-69c2-467d-a88c-67aac910c539,SAMMS-CoeurdAleneV6
202609032054006156,202609031904103565,202609031904101105,85,4363,Bronze INV,br_ReAssessmentSubstanceUse,TASK_COMPLETE,SUCCESS,INFO,0,0,0,,2026-09-03T19:04:17.619Z,2026-09-03T20:54:05.052Z,6588,2026-09-03T20:54:05.052Z,CON,Conway,48b34b87-69c2-467d-a88c-67aac910c539,SAMMS-Conway
202609032054006157,202609031904103566,202609031904101105,85,4364,Bronze INV,br_ReAssessmentSubstanceUse,TASK_COMPLETE,SUCCESS,INFO,2630,2630,0,,2026-09-03T19:04:17.619Z,2026-09-03T20:54:05.052Z,6588,2026-09-03T20:54:05.052Z,D07,Medical Services Knox TN,48b34b87-69c2-467d-a88c-67aac910c539,SAMMS-KnoxvilleV6
202609032054006159,202609031904103567,202609031904101105,85,4365,Bronze INV,br_ReAssessmentSubstanceUse,TASK_COMPLETE,SUCCESS,INFO,116,116,0,,2026-09-03T19:04:17.619Z,2026-09-03T20:54:05.052Z,6588,2026-09-03T20:54:05.052Z,D08,Madison,48b34b87-69c2-467d-a88c-67aac910c539,SAMMS-MadisonV6
202609032054006160,202609031904103568,202609031904101105,85,4367,Bronze INV,br_ReAssessmentSubstanceUse,TASK_COMPLETE,SUCCESS,INFO,137,137,0,,2026-09-03T19:04:17.619Z,2026-09-03T20:54:05.052Z,6588,2026-09-03T20:54:05.052Z,D09,Murfreesboro,48b34b87-69c2-467d-a88c-67aac910c539,SAMMS-MurfreesboroV6
202609032054006161,202609031904103569,202609031904101105,85,4368,Bronze INV,br_ReAssessmentSubstanceUse,TASK_COMPLETE,SUCCESS,INFO,340,340,0,,2026-09-03T19:04:17.619Z,2026-09-03T20:54:05.052Z,6588,2026-09-03T20:54:05.052Z,DA,Davenport,48b34b87-69c2-467d-a88c-67aac910c539,SAMMS-Davenport
202609032054006162,202609031904103570,202609031904101105,85,4369,Bronze INV,br_ReAssessmentSubstanceUse,TASK_COMPLETE,SUCCESS,INFO,292,292,0,,2026-09-03T19:04:17.619Z,2026-09-03T20:54:05.052Z,6588,2026-09-03T20:54:05.052Z,DM,Des Moines,48b34b87-69c2-467d-a88c-67aac910c539,SAMMS-DesMoines
202609032054006163,202609031904103571,202609031904101105,85,4371,Bronze INV,br_ReAssessmentSubstanceUse,TASK_COMPLETE,SUCCESS,INFO,534,534,0,,2026-09-03T19:04:17.619Z,2026-09-03T20:54:05.052Z,6588,2026-09-03T20:54:05.052Z,DRD-CO,Columbia MO,48b34b87-69c2-467d-a88c-67aac910c539,SAMMS-ColumbiaV5
202609032054006164,202609031904103572,202609031904101105,85,4372,Bronze INV,br_ReAssessmentSubstanceUse,TASK_COMPLETE,SUCCESS,INFO,348,348,0,,2026-09-03T19:04:17.619Z,2026-09-03T20:54:05.052Z,6588,2026-09-03T20:54:05.052Z,DRD-KC,KC,48b34b87-69c2-467d-a88c-67aac910c539,SAMMS-KCv5
202609032054006166,202609031904103573,202609031904101105,85,4373,Bronze INV,br_ReAssessmentSubstanceUse,TASK_COMPLETE,SUCCESS,INFO,1572,1572,0,,2026-09-03T19:04:17.619Z,2026-09-03T20:54:05.052Z,6588,2026-09-03T20:54:05.052Z,DRD-KVB,KVB,48b34b87-69c2-467d-a88c-67aac910c539,SAMMS-KVBv5
202609032054006167,202609031904103574,202609031904101105,85,4374,Bronze INV,br_ReAssessmentSubstanceUse,TASK_COMPLETE,SUCCESS,INFO,1688,1688,0,,2026-09-03T19:04:17.619Z,2026-09-03T20:54:05.052Z,6588,2026-09-03T20:54:05.052Z,DRD-KVC,KVC,48b34b87-69c2-467d-a88c-67aac910c539,SAMMS-KVCv5
202609032054006168,202609031904103575,202609031904101105,85,4375,Bronze INV,br_ReAssessmentSubstanceUse,TASK_COMPLETE,SUCCESS,INFO,3216,3216,0,,2026-09-03T19:04:17.619Z,2026-09-03T20:54:05.052Z,6588,2026-09-03T20:54:05.052Z,DRD-NOLA,NOLA,48b34b87-69c2-467d-a88c-67aac910c539,SAMMS-NOLAv5
202609032054006169,202609031904103576,202609031904101105,85,4376,Bronze INV,br_ReAssessmentSubstanceUse,TASK_COMPLETE,SUCCESS,INFO,817,817,0,,2026-09-03T19:04:17.619Z,2026-09-03T20:54:05.052Z,6588,2026-09-03T20:54:05.052Z,DRD-SF,Springfield,48b34b87-69c2-467d-a88c-67aac910c539,SAMMS-SFv5
202609032054006170,202609031904103577,202609031904101105,85,4378,Bronze INV,br_ReAssessmentSubstanceUse,TASK_COMPLETE,SUCCESS,INFO,262,262,0,,2026-09-03T19:04:17.619Z,2026-09-03T20:54:05.052Z,6588,2026-09-03T20:54:05.052Z,ELC,Elizabeth City,48b34b87-69c2-467d-a88c-67aac910c539,SAMMS-ElizabethCity
202609032054006171,202609031904103578,202609031904101105,85,4379,Bronze INV,br_ReAssessmentSubstanceUse,TASK_COMPLETE,SUCCESS,INFO,128,128,0,,2026-09-03T19:04:17.619Z,2026-09-03T20:54:05.052Z,6588,2026-09-03T20:54:05.052Z,ET,Elizabethtown,48b34b87-69c2-467d-a88c-67aac910c539,SAMMS-Elizabethtown
202609032054006173,202609031904103579,202609031904101105,85,4380,Bronze INV,br_ReAssessmentSubstanceUse,TASK_COMPLETE,SUCCESS,INFO,0,0,0,,2026-09-03T19:04:17.619Z,2026-09-03T20:54:05.052Z,6588,2026-09-03T20:54:05.052Z,FAY,Fayetteville,48b34b87-69c2-467d-a88c-67aac910c539,SAMMS-Fayetteville
202609032054006174,202609031904103580,202609031904101105,85,4381,Bronze INV,br_ReAssessmentSubstanceUse,TASK_COMPLETE,SUCCESS,INFO,158,158,0,,2026-09-03T19:04:17.619Z,2026-09-03T20:54:05.052Z,6588,2026-09-03T20:54:05.052Z,FR,Frankfort,48b34b87-69c2-467d-a88c-67aac910c539,SAMMS-Frankfort
202609032054006175,202609031904103581,202609031904101105,85,4382,Bronze INV,br_ReAssessmentSubstanceUse,TASK_COMPLETE,SUCCESS,INFO,0,0,0,,2026-09-03T19:04:17.619Z,2026-09-03T20:54:05.052Z,6588,2026-09-03T20:54:05.052Z,FS,Fort Smith,48b34b87-69c2-467d-a88c-67aac910c539,SAMMS-FortSmith
202609032054006176,202609031904103582,202609031904101105,85,4383,Bronze INV,br_ReAssessmentSubstanceUse,TASK_COMPLETE,SUCCESS,INFO,472,472,0,,2026-09-03T19:04:17.619Z,2026-09-03T20:54:05.052Z,6588,2026-09-03T20:54:05.052Z,FW,Fort Wayne,48b34b87-69c2-467d-a88c-67aac910c539,SAMMS-FortWayne
202609032054006177,202609031904103583,202609031904101105,85,4384,Bronze INV,br_ReAssessmentSubstanceUse,TASK_COMPLETE,SUCCESS,INFO,276,276,0,,2026-09-03T19:04:17.619Z,2026-09-03T20:54:05.052Z,6588,2026-09-03T20:54:05.052Z,GAL,Gaylord,48b34b87-69c2-467d-a88c-67aac910c539,SAMMS-Gaylord
202609032054006178,202609031904103584,202609031904101105,85,4388,Bronze INV,br_ReAssessmentSubstanceUse,TASK_COMPLETE,SUCCESS,INFO,102,102,0,,2026-09-03T19:04:17.619Z,2026-09-03T20:54:05.052Z,6588,2026-09-03T20:54:05.052Z,HGT,Hagerstown,48b34b87-69c2-467d-a88c-67aac910c539,SAMMS-Hagerstown
202609032054006179,202609031904103585,202609031904101105,85,4389,Bronze INV,br_ReAssessmentSubstanceUse,TASK_COMPLETE,SUCCESS,INFO,1747,1747,0,,2026-09-03T19:04:17.619Z,2026-09-03T20:54:05.052Z,6588,2026-09-03T20:54:05.052Z,HNT,Huntsville,48b34b87-69c2-467d-a88c-67aac910c539,SAMMS-Huntsville
202609032054006181,202609031904103586,202609031904101105,85,4390,Bronze INV,br_ReAssessmentSubstanceUse,TASK_COMPLETE,SUCCESS,INFO,0,0,0,,2026-09-03T19:04:17.619Z,2026-09-03T20:54:05.052Z,6588,2026-09-03T20:54:05.052Z,HS,Hot Springs,48b34b87-69c2-467d-a88c-67aac910c539,SAMMS-HotSprings
202609032054006182,202609031904103587,202609031904101105,85,4391,Bronze INV,br_ReAssessmentSubstanceUse,TASK_COMPLETE,SUCCESS,INFO,0,0,0,,2026-09-03T19:04:17.619Z,2026-09-03T20:54:05.052Z,6588,2026-09-03T20:54:05.052Z,JON,Jonesboro,48b34b87-69c2-467d-a88c-67aac910c539,SAMMS-Jonesboro
202609032054006183,202609031904103588,202609031904101105,85,4393,Bronze INV,br_ReAssessmentSubstanceUse,TASK_COMPLETE,SUCCESS,INFO,455,455,0,,2026-09-03T19:04:17.619Z,2026-09-03T20:54:05.052Z,6588,2026-09-03T20:54:05.052Z,LAN,Lansing,48b34b87-69c2-467d-a88c-67aac910c539,SAMMS-Lansing
202609032054006184,202609031904103589,202609031904101105,85,4394,Bronze INV,br_ReAssessmentSubstanceUse,TASK_COMPLETE,SUCCESS,INFO,1293,1293,0,,2026-09-03T19:04:17.619Z,2026-09-03T20:54:05.052Z,6588,2026-09-03T20:54:05.052Z,LO,Louisville,48b34b87-69c2-467d-a88c-67aac910c539,SAMMS-Louisville
202609032054006185,202609031904103590,202609031904101105,85,4395,Bronze INV,br_ReAssessmentSubstanceUse,TASK_COMPLETE,SUCCESS,INFO,295,295,0,,2026-09-03T19:04:17.619Z,2026-09-03T20:54:05.052Z,6588,2026-09-03T20:54:05.052Z,LV1,Cheyenne,48b34b87-69c2-467d-a88c-67aac910c539,SAMMS-Cheyenne
202609032054006186,202609031904103591,202609031904101105,85,4396,Bronze INV,br_ReAssessmentSubstanceUse,TASK_COMPLETE,SUCCESS,INFO,205,205,0,,2026-09-03T19:04:17.619Z,2026-09-03T20:54:05.052Z,6588,2026-09-03T20:54:05.052Z,LV2,Desert Inn,48b34b87-69c2-467d-a88c-67aac910c539,SAMMS-DesertInn
202609032054006188,202609031904103592,202609031904101105,85,4397,Bronze INV,br_ReAssessmentSubstanceUse,TASK_COMPLETE,SUCCESS,INFO,111,111,0,,2026-09-03T19:04:17.619Z,2026-09-03T20:54:05.052Z,6588,2026-09-03T20:54:05.052Z,LV3,McDaniel,48b34b87-69c2-467d-a88c-67aac910c539,SAMMS-McDaniel
202609032054006189,202609031904103593,202609031904101105,85,4400,Bronze INV,br_ReAssessmentSubstanceUse,TASK_COMPLETE,SUCCESS,INFO,365,365,0,,2026-09-03T19:04:17.619Z,2026-09-03T20:54:05.052Z,6588,2026-09-03T20:54:05.052Z,MNRE,Monroe,48b34b87-69c2-467d-a88c-67aac910c539,SAMMS-Monroe
202609032054006190,202609031904103594,202609031904101105,85,4401,Bronze INV,br_ReAssessmentSubstanceUse,TASK_COMPLETE,SUCCESS,INFO,1437,1437,0,,2026-09-03T19:04:17.619Z,2026-09-03T20:54:05.052Z,6588,2026-09-03T20:54:05.052Z,MP,Mt. Pleasant,48b34b87-69c2-467d-a88c-67aac910c539,SAMMS-MtPleasant
202609032054006191,202609031904103595,202609031904101105,85,4402,Bronze INV,br_ReAssessmentSubstanceUse,TASK_COMPLETE,SUCCESS,INFO,156,156,0,,2026-09-03T19:04:17.619Z,2026-09-03T20:54:05.052Z,6588,2026-09-03T20:54:05.052Z,MRD,Meridian,48b34b87-69c2-467d-a88c-67aac910c539,SAMMS-Meridian
202609032054006192,202609031904103596,202609031904101105,85,4407,Bronze INV,br_ReAssessmentSubstanceUse,TASK_COMPLETE,SUCCESS,INFO,697,697,0,,2026-09-03T19:04:17.619Z,2026-09-03T20:54:05.052Z,6588,2026-09-03T20:54:05.052Z,NC,North Charleston,48b34b87-69c2-467d-a88c-67aac910c539,SAMMS-NorthCharleston
202609032054006193,202609031904103597,202609031904101105,85,4408,Bronze INV,br_ReAssessmentSubstanceUse,TASK_COMPLETE,SUCCESS,INFO,0,0,0,,2026-09-03T19:04:17.619Z,2026-09-03T20:54:05.052Z,6588,2026-09-03T20:54:05.052Z,NLR,N. Little Rock,48b34b87-69c2-467d-a88c-67aac910c539,SAMMS-NLROBOT
202609032054006195,202609031904103598,202609031904101105,85,4409,Bronze INV,br_ReAssessmentSubstanceUse,TASK_COMPLETE,SUCCESS,INFO,115,115,0,,2026-09-03T19:04:17.619Z,2026-09-03T20:54:05.052Z,6588,2026-09-03T20:54:05.052Z,PH,Phoenix,48b34b87-69c2-467d-a88c-67aac910c539,SAMMS-Phoenix
202609032054006196,202609031904103599,202609031904101105,85,4413,Bronze INV,br_ReAssessmentSubstanceUse,TASK_COMPLETE,SUCCESS,INFO,219,219,0,,2026-09-03T19:04:17.619Z,2026-09-03T20:54:05.052Z,6588,2026-09-03T20:54:05.052Z,RE,Reno,48b34b87-69c2-467d-a88c-67aac910c539,SAMMS-Reno
202609032054006197,202609031904103600,202609031904101105,85,4414,Bronze INV,br_ReAssessmentSubstanceUse,TASK_COMPLETE,SUCCESS,INFO,89,89,0,,2026-09-03T19:04:17.619Z,2026-09-03T20:54:05.052Z,6588,2026-09-03T20:54:05.052Z,RMD,Richmond,48b34b87-69c2-467d-a88c-67aac910c539,SAMMS-Richmond
202609032054006198,202609031904103601,202609031904101105,85,4415,Bronze INV,br_ReAssessmentSubstanceUse,TASK_COMPLETE,SUCCESS,INFO,594,594,0,,2026-09-03T19:04:17.619Z,2026-09-03T20:54:05.052Z,6588,2026-09-03T20:54:05.052Z,SFN,Springfield North,48b34b87-69c2-467d-a88c-67aac910c539,SAMMS-SFNv5
202609032054006199,202609031904103602,202609031904101105,85,4416,Bronze INV,br_ReAssessmentSubstanceUse,TASK_COMPLETE,SUCCESS,INFO,790,790,0,,2026-09-03T19:04:17.619Z,2026-09-03T20:54:05.052Z,6588,2026-09-03T20:54:05.052Z,SHP,Shreveport,48b34b87-69c2-467d-a88c-67aac910c539,SAMMS-Shreveport
202609032054006200,202609031904103603,202609031904101105,85,4418,Bronze INV,br_ReAssessmentSubstanceUse,TASK_COMPLETE,SUCCESS,INFO,488,488,0,,2026-09-03T19:04:17.619Z,2026-09-03T20:54:05.052Z,6588,2026-09-03T20:54:05.052Z,STN,Staunton,48b34b87-69c2-467d-a88c-67aac910c539,SAMMS-Staunton
202609032054006201,202609031904103604,202609031904101105,85,4419,Bronze INV,br_ReAssessmentSubstanceUse,TASK_COMPLETE,SUCCESS,INFO,228,228,0,,2026-09-03T19:04:17.619Z,2026-09-03T20:54:05.052Z,6588,2026-09-03T20:54:05.052Z,STVN,Stevenson,48b34b87-69c2-467d-a88c-67aac910c539,SAMMS-Stevenson
202609032054006203,202609031904103605,202609031904101105,85,4421,Bronze INV,br_ReAssessmentSubstanceUse,TASK_COMPLETE,SUCCESS,INFO,178,178,0,,2026-09-03T19:04:17.619Z,2026-09-03T20:54:05.052Z,6588,2026-09-03T20:54:05.052Z,TE,Tempe,48b34b87-69c2-467d-a88c-67aac910c539,SAMMS-Tempe
202609032054006204,202609031904103606,202609031904101105,85,4422,Bronze INV,br_ReAssessmentSubstanceUse,TASK_COMPLETE,SUCCESS,INFO,0,0,0,,2026-09-03T19:04:17.619Z,2026-09-03T20:54:05.052Z,6588,2026-09-03T20:54:05.052Z,TEX,Texarkana,48b34b87-69c2-467d-a88c-67aac910c539,SAMMS-Texarkana
202609032054006205,202609031904103607,202609031904101105,85,4423,Bronze INV,br_ReAssessmentSubstanceUse,TASK_COMPLETE,SUCCESS,INFO,1104,1104,0,,2026-09-03T19:04:17.619Z,2026-09-03T20:54:05.052Z,6588,2026-09-03T20:54:05.052Z,TTCA,Bessemer,48b34b87-69c2-467d-a88c-67aac910c539,SAMMS-BessemerV5
202609032054006206,202609031904103608,202609031904101105,85,4424,Bronze INV,br_ReAssessmentSubstanceUse,TASK_COMPLETE,SUCCESS,INFO,1326,1326,0,,2026-09-03T19:04:17.619Z,2026-09-03T20:54:05.052Z,6588,2026-09-03T20:54:05.052Z,TTCB,Cullman,48b34b87-69c2-467d-a88c-67aac910c539,SAMMS-CullmanV5
202609032054006207,202609031904103609,202609031904101105,85,4425,Bronze INV,br_ReAssessmentSubstanceUse,TASK_COMPLETE,SUCCESS,INFO,973,973,0,,2026-09-03T19:04:17.619Z,2026-09-03T20:54:05.052Z,6588,2026-09-03T20:54:05.052Z,TTCC,Grand Bay,48b34b87-69c2-467d-a88c-67aac910c539,SAMMS-GrandBay
202609032054006208,202609031904103610,202609031904101105,85,4426,Bronze INV,br_ReAssessmentSubstanceUse,TASK_COMPLETE,SUCCESS,INFO,17,17,0,,2026-09-03T19:04:17.619Z,2026-09-03T20:54:05.052Z,6588,2026-09-03T20:54:05.052Z,TU,Tucson,48b34b87-69c2-467d-a88c-67aac910c539,SAMMS-Tucson
202609032054006209,202609031904103611,202609031904101105,85,4428,Bronze INV,br_ReAssessmentSubstanceUse,TASK_COMPLETE,SUCCESS,INFO,663,663,0,,2026-09-03T19:04:17.619Z,2026-09-03T20:54:05.052Z,6588,2026-09-03T20:54:05.052Z,V1,Memphis South,48b34b87-69c2-467d-a88c-67aac910c539,SAMMS-VCPHCS-I-MemphisV5
202609032054006211,202609031904103612,202609031904101105,85,4429,Bronze INV,br_ReAssessmentSubstanceUse,TASK_COMPLETE,SUCCESS,INFO,1641,1641,0,,2026-09-03T19:04:17.619Z,2026-09-03T20:54:05.052Z,6588,2026-09-03T20:54:05.052Z,V10,Longmont,48b34b87-69c2-467d-a88c-67aac910c539,SAMMS-BoulderV5
202609032054006212,202609031904103613,202609031904101105,85,4430,Bronze INV,br_ReAssessmentSubstanceUse,TASK_COMPLETE,SUCCESS,INFO,1527,1527,0,,2026-09-03T19:04:17.619Z,2026-09-03T20:54:05.052Z,6588,2026-09-03T20:54:05.052Z,V10A,Fort Collins,48b34b87-69c2-467d-a88c-67aac910c539,SAMMS-FortCollinsV5
202609032054006213,202609031904103614,202609031904101105,85,4431,Bronze INV,br_ReAssessmentSubstanceUse,TASK_COMPLETE,SUCCESS,INFO,2896,2896,0,,2026-09-03T19:04:17.619Z,2026-09-03T20:54:05.052Z,6588,2026-09-03T20:54:05.052Z,V11,Westminster,48b34b87-69c2-467d-a88c-67aac910c539,SAMMS-VCPHCS-XI-NorthDenverV5
202609032054006214,202609031904103615,202609031904101105,85,4432,Bronze INV,br_ReAssessmentSubstanceUse,TASK_COMPLETE,SUCCESS,INFO,3073,3073,0,,2026-09-03T19:04:17.619Z,2026-09-03T20:54:05.052Z,6588,2026-09-03T20:54:05.052Z,V12,Downtown Denver,48b34b87-69c2-467d-a88c-67aac910c539,SAMMS-VCPHCS-XII-DowntownDenverV5
202609032054006215,202609031904103616,202609031904101105,85,4433,Bronze INV,br_ReAssessmentSubstanceUse,TASK_COMPLETE,SUCCESS,INFO,1148,1148,0,,2026-09-03T19:04:17.619Z,2026-09-03T20:54:05.052Z,6588,2026-09-03T20:54:05.052Z,V12A,Centennial,48b34b87-69c2-467d-a88c-67aac910c539,SAMMS-CentennialV5
202609032054006216,202609031904103617,202609031904101105,85,4434,Bronze INV,br_ReAssessmentSubstanceUse,TASK_COMPLETE,SUCCESS,INFO,301,301,0,,2026-09-03T19:04:17.619Z,2026-09-03T20:54:05.052Z,6588,2026-09-03T20:54:05.052Z,V14,Overland Park,48b34b87-69c2-467d-a88c-67aac910c539,SAMMS-VCPHCS-XIV-BridgewayV5
202609032054006218,202609031904103618,202609031904101105,85,4435,Bronze INV,br_ReAssessmentSubstanceUse,TASK_COMPLETE,SUCCESS,INFO,611,611,0,,2026-09-03T19:04:17.619Z,2026-09-03T20:54:05.052Z,6588,2026-09-03T20:54:05.052Z,V15,Joplin,48b34b87-69c2-467d-a88c-67aac910c539,SAMMS-JoplinV5
202609032054006219,202609031904103619,202609031904101105,85,4437,Bronze INV,br_ReAssessmentSubstanceUse,TASK_COMPLETE,SUCCESS,INFO,918,918,0,,2026-09-03T19:04:17.619Z,2026-09-03T20:54:05.052Z,6588,2026-09-03T20:54:05.052Z,V17,Columbia TN,48b34b87-69c2-467d-a88c-67aac910c539,SAMMS-ColumbiaTNv5
202609032054006220,202609031904103620,202609031904101105,85,4439,Bronze INV,br_ReAssessmentSubstanceUse,TASK_COMPLETE,SUCCESS,INFO,544,544,0,,2026-09-03T19:04:17.619Z,2026-09-03T20:54:05.052Z,6588,2026-09-03T20:54:05.052Z,V19,Jackson,48b34b87-69c2-467d-a88c-67aac910c539,SAMMS-JacksonV5
202609032054006222,202609031904103621,202609031904101105,85,4441,Bronze INV,br_ReAssessmentSubstanceUse,TASK_COMPLETE,SUCCESS,INFO,1815,1815,0,,2026-09-03T19:04:17.619Z,2026-09-03T20:54:05.052Z,6588,2026-09-03T20:54:05.052Z,V20,Paris,48b34b87-69c2-467d-a88c-67aac910c539,SAMMS-ParisV5
202609032054004309,202609031904101990,202609031904101105,85,366,Bronze INV,br_AdmissionAssessment,TASK_COMPLETE,SUCCESS,INFO,1,1,0,,2026-09-03T19:04:17.619Z,2026-09-03T20:54:05.052Z,6588,2026-09-03T20:54:05.052Z,RMD,Richmond,48b34b87-69c2-467d-a88c-67aac910c539,SAMMS-Richmond
202609032054004310,202609031904101991,202609031904101105,85,367,Bronze INV,br_AdmissionAssessment,TASK_COMPLETE,SUCCESS,INFO,187,187,0,,2026-09-03T19:04:17.619Z,2026-09-03T20:54:05.052Z,6588,2026-09-03T20:54:05.052Z,SFN,Springfield North,48b34b87-69c2-467d-a88c-67aac910c539,SAMMS-SFNv5
202609032054004311,202609031904101992,202609031904101105,85,368,Bronze INV,br_AdmissionAssessment,TASK_COMPLETE,SUCCESS,INFO,154,154,0,,2026-09-03T19:04:17.619Z,2026-09-03T20:54:05.052Z,6588,2026-09-03T20:54:05.052Z,SHP,Shreveport,48b34b87-69c2-467d-a88c-67aac910c539,SAMMS-Shreveport
202609032054004312,202609031904101993,202609031904101105,85,370,Bronze INV,br_AdmissionAssessment,TASK_COMPLETE,SUCCESS,INFO,0,0,0,,2026-09-03T19:04:17.619Z,2026-09-03T20:54:05.052Z,6588,2026-09-03T20:54:05.052Z,STN,Staunton,48b34b87-69c2-467d-a88c-67aac910c539,SAMMS-Staunton
202609032054004314,202609031904101994,202609031904101105,85,371,Bronze INV,br_AdmissionAssessment,TASK_COMPLETE,SUCCESS,INFO,26,26,0,,2026-09-03T19:04:17.619Z,2026-09-03T20:54:05.052Z,6588,2026-09-03T20:54:05.052Z,STVN,Stevenson,48b34b87-69c2-467d-a88c-67aac910c539,SAMMS-Stevenson
202609032054004315,202609031904101995,202609031904101105,85,373,Bronze INV,br_AdmissionAssessment,TASK_COMPLETE,SUCCESS,INFO,0,0,0,,2026-09-03T19:04:17.619Z,2026-09-03T20:54:05.052Z,6588,2026-09-03T20:54:05.052Z,TE,Tempe,48b34b87-69c2-467d-a88c-67aac910c539,SAMMS-Tempe
202609032054004316,202609031904101996,202609031904101105,85,374,Bronze INV,br_AdmissionAssessment,TASK_COMPLETE,SUCCESS,INFO,165,165,0,,2026-09-03T19:04:17.619Z,2026-09-03T20:54:05.052Z,6588,2026-09-03T20:54:05.052Z,TEX,Texarkana,48b34b87-69c2-467d-a88c-67aac910c539,SAMMS-Texarkana
202609032054004317,202609031904101997,202609031904101105,85,375,Bronze INV,br_AdmissionAssessment,TASK_COMPLETE,SUCCESS,INFO,137,137,0,,2026-09-03T19:04:17.619Z,2026-09-03T20:54:05.052Z,6588,2026-09-03T20:54:05.052Z,TTCA,Bessemer,48b34b87-69c2-467d-a88c-67aac910c539,SAMMS-BessemerV5
202609032054004318,202609031904101998,202609031904101105,85,376,Bronze INV,br_AdmissionAssessment,TASK_COMPLETE,SUCCESS,INFO,156,156,0,,2026-09-03T19:04:17.619Z,2026-09-03T20:54:05.052Z,6588,2026-09-03T20:54:05.052Z,TTCB,Cullman,48b34b87-69c2-467d-a88c-67aac910c539,SAMMS-CullmanV5
202609032054004319,202609031904101999,202609031904101105,85,377,Bronze INV,br_AdmissionAssessment,TASK_COMPLETE,SUCCESS,INFO,76,76,0,,2026-09-03T19:04:17.619Z,2026-09-03T20:54:05.052Z,6588,2026-09-03T20:54:05.052Z,TTCC,Grand Bay,48b34b87-69c2-467d-a88c-67aac910c539,SAMMS-GrandBay
202609032054004320,202609031904102000,202609031904101105,85,378,Bronze INV,br_AdmissionAssessment,TASK_COMPLETE,SUCCESS,INFO,0,0,0,,2026-09-03T19:04:17.619Z,2026-09-03T20:54:05.052Z,6588,2026-09-03T20:54:05.052Z,TU,Tucson,48b34b87-69c2-467d-a88c-67aac910c539,SAMMS-Tucson
202609032054004321,202609031904102001,202609031904101105,85,380,Bronze INV,br_AdmissionAssessment,TASK_COMPLETE,SUCCESS,INFO,59,59,0,,2026-09-03T19:04:17.619Z,2026-09-03T20:54:05.052Z,6588,2026-09-03T20:54:05.052Z,V1,Memphis South,48b34b87-69c2-467d-a88c-67aac910c539,SAMMS-VCPHCS-I-MemphisV5
202609032054004323,202609031904102002,202609031904101105,85,381,Bronze INV,br_AdmissionAssessment,TASK_COMPLETE,SUCCESS,INFO,131,131,0,,2026-09-03T19:04:17.619Z,2026-09-03T20:54:05.052Z,6588,2026-09-03T20:54:05.052Z,V10,Longmont,48b34b87-69c2-467d-a88c-67aac910c539,SAMMS-BoulderV5
202609032054004324,202609031904102003,202609031904101105,85,382,Bronze INV,br_AdmissionAssessment,TASK_COMPLETE,SUCCESS,INFO,268,268,0,,2026-09-03T19:04:17.619Z,2026-09-03T20:54:05.052Z,6588,2026-09-03T20:54:05.052Z,V10A,Fort Collins,48b34b87-69c2-467d-a88c-67aac910c539,SAMMS-FortCollinsV5
202609032054004325,202609031904102004,202609031904101105,85,383,Bronze INV,br_AdmissionAssessment,TASK_COMPLETE,SUCCESS,INFO,204,204,0,,2026-09-03T19:04:17.619Z,2026-09-03T20:54:05.052Z,6588,2026-09-03T20:54:05.052Z,V11,Westminster,48b34b87-69c2-467d-a88c-67aac910c539,SAMMS-VCPHCS-XI-NorthDenverV5
202609032054004326,202609031904102005,202609031904101105,85,384,Bronze INV,br_AdmissionAssessment,TASK_COMPLETE,SUCCESS,INFO,333,333,0,,2026-09-03T19:04:17.619Z,2026-09-03T20:54:05.052Z,6588,2026-09-03T20:54:05.052Z,V12,Downtown Denver,48b34b87-69c2-467d-a88c-67aac910c539,SAMMS-VCPHCS-XII-DowntownDenverV5
202609032054004327,202609031904102006,202609031904101105,85,385,Bronze INV,br_AdmissionAssessment,TASK_COMPLETE,SUCCESS,INFO,82,82,0,,2026-09-03T19:04:17.619Z,2026-09-03T20:54:05.052Z,6588,2026-09-03T20:54:05.052Z,V12A,Centennial,48b34b87-69c2-467d-a88c-67aac910c539,SAMMS-CentennialV5
202609032054004328,202609031904102007,202609031904101105,85,386,Bronze INV,br_AdmissionAssessment,TASK_COMPLETE,SUCCESS,INFO,120,120,0,,2026-09-03T19:04:17.619Z,2026-09-03T20:54:05.052Z,6588,2026-09-03T20:54:05.052Z,V14,Overland Park,48b34b87-69c2-467d-a88c-67aac910c539,SAMMS-VCPHCS-XIV-BridgewayV5
202609032054004330,202609031904102008,202609031904101105,85,387,Bronze INV,br_AdmissionAssessment,TASK_COMPLETE,SUCCESS,INFO,198,198,0,,2026-09-03T19:04:17.619Z,2026-09-03T20:54:05.052Z,6588,2026-09-03T20:54:05.052Z,V15,Joplin,48b34b87-69c2-467d-a88c-67aac910c539,SAMMS-JoplinV5
202609032054004331,202609031904102009,202609031904101105,85,389,Bronze INV,br_AdmissionAssessment,TASK_COMPLETE,SUCCESS,INFO,123,123,0,,2026-09-03T19:04:17.619Z,2026-09-03T20:54:05.052Z,6588,2026-09-03T20:54:05.052Z,V17,Columbia TN,48b34b87-69c2-467d-a88c-67aac910c539,SAMMS-ColumbiaTNv5
202609032054004332,202609031904102010,202609031904101105,85,391,Bronze INV,br_AdmissionAssessment,TASK_COMPLETE,SUCCESS,INFO,147,147,0,,2026-09-03T19:04:17.619Z,2026-09-03T20:54:05.052Z,6588,2026-09-03T20:54:05.052Z,V19,Jackson,48b34b87-69c2-467d-a88c-67aac910c539,SAMMS-JacksonV5
202609032054004333,202609031904102011,202609031904101105,85,393,Bronze INV,br_AdmissionAssessment,TASK_COMPLETE,SUCCESS,INFO,104,104,0,,2026-09-03T19:04:17.619Z,2026-09-03T20:54:05.052Z,6588,2026-09-03T20:54:05.052Z,V20,Paris,48b34b87-69c2-467d-a88c-67aac910c539,SAMMS-ParisV5
202609032054004334,202609031904102012,202609031904101105,85,394,Bronze INV,br_AdmissionAssessment,TASK_COMPLETE,SUCCESS,INFO,67,67,0,,2026-09-03T19:04:17.619Z,2026-09-03T20:54:05.052Z,6588,2026-09-03T20:54:05.052Z,V21,Memphis North,48b34b87-69c2-467d-a88c-67aac910c539,SAMMS-RaleighV5
202609032054004335,202609031904102013,202609031904101105,85,397,Bronze INV,br_AdmissionAssessment,TASK_COMPLETE,SUCCESS,INFO,177,177,0,,2026-09-03T19:04:17.619Z,2026-09-03T20:54:05.052Z,6588,2026-09-03T20:54:05.052Z,V5,West Bank,48b34b87-69c2-467d-a88c-67aac910c539,SAMMS-NONTCv5
202609032054004336,202609031904102014,202609031904101105,85,399,Bronze INV,br_AdmissionAssessment,TASK_COMPLETE,SUCCESS,INFO,81,81,0,,2026-09-03T19:04:17.619Z,2026-09-03T20:54:05.052Z,6588,2026-09-03T20:54:05.052Z,V5B,Houma,48b34b87-69c2-467d-a88c-67aac910c539,SAMMS-HoumaV6
202609032054004337,202609031904102015,202609031904101105,85,400,Bronze INV,br_AdmissionAssessment,TASK_COMPLETE,SUCCESS,INFO,228,228,0,,2026-09-03T19:04:17.619Z,2026-09-03T20:54:05.052Z,6588,2026-09-03T20:54:05.052Z,V6,Lake Charles,48b34b87-69c2-467d-a88c-67aac910c539,SAMMS-LCv5
202609032054004339,202609031904102016,202609031904101105,85,402,Bronze INV,br_AdmissionAssessment,TASK_COMPLETE,SUCCESS,INFO,155,155,0,,2026-09-03T19:04:17.619Z,2026-09-03T20:54:05.052Z,6588,2026-09-03T20:54:05.052Z,V8,Memphis Midtown,48b34b87-69c2-467d-a88c-67aac910c539,SAMMS-VCPHCS-VIII-MemphisV5
202609032054004340,202609031904102017,202609031904101105,85,403,Bronze INV,br_AdmissionAssessment,TASK_COMPLETE,SUCCESS,INFO,313,313,0,,2026-09-03T19:04:17.619Z,2026-09-03T20:54:05.052Z,6588,2026-09-03T20:54:05.052Z,V9,Nashville,48b34b87-69c2-467d-a88c-67aac910c539,SAMMS-NashvilleV5
202609032054004341,202609031904102018,202609031904101105,85,404,Bronze INV,br_AdmissionAssessment,TASK_COMPLETE,SUCCESS,INFO,0,0,0,,2026-09-03T19:04:17.619Z,2026-09-03T20:54:05.052Z,6588,2026-09-03T20:54:05.052Z,VBRA,Brainerd,48b34b87-69c2-467d-a88c-67aac910c539,SAMMS-BrainerdV6
202609032054004342,202609031904102019,202609031904101105,85,405,Bronze INV,br_AdmissionAssessment,TASK_COMPLETE,SUCCESS,INFO,2,2,0,,2026-09-03T19:04:17.619Z,2026-09-03T20:54:05.052Z,6588,2026-09-03T20:54:05.052Z,VBRP,Brooklyn Park,48b34b87-69c2-467d-a88c-67aac910c539,SAMMS-BrooklynParkV6
202609032054004343,202609031904102020,202609031904101105,85,407,Bronze INV,br_AdmissionAssessment,TASK_COMPLETE,SUCCESS,INFO,3,3,0,,2026-09-03T19:04:17.619Z,2026-09-03T20:54:05.052Z,6588,2026-09-03T20:54:05.052Z,VMIN,Minneapolis,48b34b87-69c2-467d-a88c-67aac910c539,SAMMS-MinneapolisV6
202609032054004344,202609031904102021,202609031904101105,85,408,Bronze INV,br_AdmissionAssessment,TASK_COMPLETE,SUCCESS,INFO,1,1,0,,2026-09-03T19:04:17.619Z,2026-09-03T20:54:05.052Z,6588,2026-09-03T20:54:05.052Z,VWBY,Woodbury,48b34b87-69c2-467d-a88c-67aac910c539,SAMMS-WoodburyV6
202609032054004345,202609031904102022,202609031904101105,85,410,Bronze INV,br_AdmissionAssessment,TASK_COMPLETE,SUCCESS,INFO,117,117,0,,2026-09-03T19:04:17.619Z,2026-09-03T20:54:05.052Z,6588,2026-09-03T20:54:05.052Z,WIL,Wilson,48b34b87-69c2-467d-a88c-67aac910c539,SAMMS-Wilson
202609032054004347,202609031904102023,202609031904101105,85,1518,Bronze INV,br_AdmissionAssessmentSummary,TASK_COMPLETE,SUCCESS,INFO,118,118,0,,2026-09-03T19:04:17.619Z,2026-09-03T20:54:05.052Z,6588,2026-09-03T20:54:05.052Z,AHK,Ahoskie,48b34b87-69c2-467d-a88c-67aac910c539,SAMMS-Ahoskie
202609032054004348,202609031904102024,202609031904101105,85,1519,Bronze INV,br_AdmissionAssessmentSummary,TASK_COMPLETE,SUCCESS,INFO,813,813,0,,2026-09-03T19:04:17.619Z,2026-09-03T20:54:05.052Z,6588,2026-09-03T20:54:05.052Z,B12B,Colorado Springs,48b34b87-69c2-467d-a88c-67aac910c539,SAMMS-ColoradoSpringsV5
202609032054004349,202609031904102025,202609031904101105,85,1520,Bronze INV,br_AdmissionAssessmentSummary,TASK_COMPLETE,SUCCESS,INFO,435,435,0,,2026-09-03T19:04:17.619Z,2026-09-03T20:54:05.052Z,6588,2026-09-03T20:54:05.052Z,B24,Paintsville,48b34b87-69c2-467d-a88c-67aac910c539,SAMMS-PaintsvilleV5
202609032054004350,202609031904102026,202609031904101105,85,1521,Bronze INV,br_AdmissionAssessmentSummary,TASK_COMPLETE,SUCCESS,INFO,174,174,0,,2026-09-03T19:04:17.619Z,2026-09-03T20:54:05.052Z,6588,2026-09-03T20:54:05.052Z,B25,Pikeville,48b34b87-69c2-467d-a88c-67aac910c539,SAMMS-PikevilleV5
202609032054004352,202609031904102027,202609031904101105,85,1522,Bronze INV,br_AdmissionAssessmentSummary,TASK_COMPLETE,SUCCESS,INFO,501,501,0,,2026-09-03T19:04:17.619Z,2026-09-03T20:54:05.052Z,6588,2026-09-03T20:54:05.052Z,B26,Hazard,48b34b87-69c2-467d-a88c-67aac910c539,SAMMS-HazardV5
202609032054004353,202609031904102028,202609031904101105,85,1523,Bronze INV,br_AdmissionAssessmentSummary,TASK_COMPLETE,SUCCESS,INFO,200,200,0,,2026-09-03T19:04:17.619Z,2026-09-03T20:54:05.052Z,6588,2026-09-03T20:54:05.052Z,B27,Savannah,48b34b87-69c2-467d-a88c-67aac910c539,SAMMS-SavannahV6
202609032054004354,202609031904102029,202609031904101105,85,1524,Bronze INV,br_AdmissionAssessmentSummary,TASK_COMPLETE,SUCCESS,INFO,242,242,0,,2026-09-03T19:04:17.619Z,2026-09-03T20:54:05.052Z,6588,2026-09-03T20:54:05.052Z,B28,West Plains,48b34b87-69c2-467d-a88c-67aac910c539,SAMMS-WestPlainesV5
202609032054004356,202609031904102030,202609031904101105,85,1525,Bronze INV,br_AdmissionAssessmentSummary,TASK_COMPLETE,SUCCESS,INFO,265,265,0,,2026-09-03T19:04:17.619Z,2026-09-03T20:54:05.052Z,6588,2026-09-03T20:54:05.052Z,B29,Poplar Bluff,48b34b87-69c2-467d-a88c-67aac910c539,SAMMS-PoplarBluffV5
202609032054004357,202609031904102031,202609031904101105,85,1526,Bronze INV,br_AdmissionAssessmentSummary,TASK_COMPLETE,SUCCESS,INFO,167,167,0,,2026-09-03T19:04:17.619Z,2026-09-03T20:54:05.052Z,6588,2026-09-03T20:54:05.052Z,B30,KC North,48b34b87-69c2-467d-a88c-67aac910c539,SAMMS-KCNv5
202609032054004358,202609031904102032,202609031904101105,85,1527,Bronze INV,br_AdmissionAssessmentSummary,TASK_COMPLETE,SUCCESS,INFO,387,387,0,,2026-09-03T19:04:17.619Z,2026-09-03T20:54:05.052Z,6588,2026-09-03T20:54:05.052Z,B31,Dyersburg,48b34b87-69c2-467d-a88c-67aac910c539,SAMMS-DyersburgV5
202609032054004359,202609031904102033,202609031904101105,85,1529,Bronze INV,br_AdmissionAssessmentSummary,TASK_COMPLETE,SUCCESS,INFO,217,217,0,,2026-09-03T19:04:17.619Z,2026-09-03T20:54:05.052Z,6588,2026-09-03T20:54:05.052Z,B33,Paducah,48b34b87-69c2-467d-a88c-67aac910c539,SAMMS-Paducah
202609032054004361,202609031904102034,202609031904101105,85,1530,Bronze INV,br_AdmissionAssessmentSummary,TASK_COMPLETE,SUCCESS,INFO,461,461,0,,2026-09-03T19:04:17.619Z,2026-09-03T20:54:05.052Z,6588,2026-09-03T20:54:05.052Z,B34,Corbin,48b34b87-69c2-467d-a88c-67aac910c539,SAMMS-CorbinV5
202609032054004362,202609031904102035,202609031904101105,85,1531,Bronze INV,br_AdmissionAssessmentSummary,TASK_COMPLETE,SUCCESS,INFO,738,738,0,,2026-09-03T19:04:17.619Z,2026-09-03T20:54:05.052Z,6588,2026-09-03T20:54:05.052Z,B35,Lexington,48b34b87-69c2-467d-a88c-67aac910c539,SAMMS-LexingtonV5
202609032054004363,202609031904102036,202609031904101105,85,1532,Bronze INV,br_AdmissionAssessmentSummary,TASK_COMPLETE,SUCCESS,INFO,358,358,0,,2026-09-03T19:04:17.619Z,2026-09-03T20:54:05.052Z,6588,2026-09-03T20:54:05.052Z,B35A,Berea,48b34b87-69c2-467d-a88c-67aac910c539,SAMMS-BereaV5
202609032054004364,202609031904102037,202609031904101105,85,1533,Bronze INV,br_AdmissionAssessmentSummary,TASK_COMPLETE,SUCCESS,INFO,637,637,0,,2026-09-03T19:04:17.619Z,2026-09-03T20:54:05.052Z,6588,2026-09-03T20:54:05.052Z,B36,Asheville,48b34b87-69c2-467d-a88c-67aac910c539,SAMMS-AshevilleV5
202609032054004365,202609031904102038,202609031904101105,85,1534,Bronze INV,br_AdmissionAssessmentSummary,TASK_COMPLETE,SUCCESS,INFO,474,474,0,,2026-09-03T19:04:17.619Z,2026-09-03T20:54:05.052Z,6588,2026-09-03T20:54:05.052Z,B37,Clyde,48b34b87-69c2-467d-a88c-67aac910c539,SAMMS-ClydeV5
202609032054004366,202609031904102039,202609031904101105,85,1535,Bronze INV,br_AdmissionAssessmentSummary,TASK_COMPLETE,SUCCESS,INFO,645,645,0,,2026-09-03T19:04:17.619Z,2026-09-03T20:54:05.052Z,6588,2026-09-03T20:54:05.052Z,B38,Spartanburg,48b34b87-69c2-467d-a88c-67aac910c539,SAMMS-SpartanburgV5
202609032054004367,202609031904102040,202609031904101105,85,1536,Bronze INV,br_AdmissionAssessmentSummary,TASK_COMPLETE,SUCCESS,INFO,499,499,0,,2026-09-03T19:04:17.619Z,2026-09-03T20:54:05.052Z,6588,2026-09-03T20:54:05.052Z,B39,Aiken,48b34b87-69c2-467d-a88c-67aac910c539,SAMMS-AikenV5
202609032054004369,202609031904102041,202609031904101105,85,1537,Bronze INV,br_AdmissionAssessmentSummary,TASK_COMPLETE,SUCCESS,INFO,329,329,0,,2026-09-03T19:04:17.619Z,2026-09-03T20:54:05.052Z,6588,2026-09-03T20:54:05.052Z,B41,Chesapeake,48b34b87-69c2-467d-a88c-67aac910c539,SAMMS-ChesapeakeV5
202609032054004370,202609031904102042,202609031904101105,85,1538,Bronze INV,br_AdmissionAssessmentSummary,TASK_COMPLETE,SUCCESS,INFO,568,568,0,,2026-09-03T19:04:17.619Z,2026-09-03T20:54:05.052Z,6588,2026-09-03T20:54:05.052Z,B42,Virginia Beach,48b34b87-69c2-467d-a88c-67aac910c539,SAMMS-VirginiaBeachV5
202609032054004371,202609031904102043,202609031904101105,85,1539,Bronze INV,br_AdmissionAssessmentSummary,TASK_COMPLETE,SUCCESS,INFO,175,175,0,,2026-09-03T19:04:17.619Z,2026-09-03T20:54:05.052Z,6588,2026-09-03T20:54:05.052Z,B42A,Newport News,48b34b87-69c2-467d-a88c-67aac910c539,SAMMS-NewportNewsV5
202609032054004372,202609031904102044,202609031904101105,85,1540,Bronze INV,br_AdmissionAssessmentSummary,TASK_COMPLETE,SUCCESS,INFO,61,61,0,,2026-09-03T19:04:17.619Z,2026-09-03T20:54:05.052Z,6588,2026-09-03T20:54:05.052Z,B42B,Franklin,48b34b87-69c2-467d-a88c-67aac910c539,SAMMS-FranklinV5
202609032054004373,202609031904102045,202609031904101105,85,1541,Bronze INV,br_AdmissionAssessmentSummary,TASK_COMPLETE,SUCCESS,INFO,352,352,0,,2026-09-03T19:04:17.619Z,2026-09-03T20:54:05.052Z,6588,2026-09-03T20:54:05.052Z,B42C,Glen Allen,48b34b87-69c2-467d-a88c-67aac910c539,SAMMS-GlenAllenV5
202609032054004374,202609031904102046,202609031904101105,85,1542,Bronze INV,br_AdmissionAssessmentSummary,TASK_COMPLETE,SUCCESS,INFO,176,176,0,,2026-09-03T19:04:17.619Z,2026-09-03T20:54:05.052Z,6588,2026-09-03T20:54:05.052Z,B42D,Chesapeake South,48b34b87-69c2-467d-a88c-67aac910c539,SAMMS-ChesapeakeSouthV5
202609032054004375,202609031904102047,202609031904101105,85,1543,Bronze INV,br_AdmissionAssessmentSummary,TASK_COMPLETE,SUCCESS,INFO,222,222,0,,2026-09-03T19:04:17.619Z,2026-09-03T20:54:05.052Z,6588,2026-09-03T20:54:05.052Z,B44,Albany,48b34b87-69c2-467d-a88c-67aac910c539,SAMMS-AlbanyV5
202609032054004377,202609031904102048,202609031904101105,85,1544,Bronze INV,br_AdmissionAssessmentSummary,TASK_COMPLETE,SUCCESS,INFO,315,315,0,,2026-09-03T19:04:17.619Z,2026-09-03T20:54:05.052Z,6588,2026-09-03T20:54:05.052Z,B45,Tifton,48b34b87-69c2-467d-a88c-67aac910c539,SAMMS-TiftonV5
202609032054004378,202609031904102049,202609031904101105,85,1545,Bronze INV,br_AdmissionAssessmentSummary,TASK_COMPLETE,SUCCESS,INFO,721,721,0,,2026-09-03T19:04:17.619Z,2026-09-03T20:54:05.052Z,6588,2026-09-03T20:54:05.052Z,B46,Washington DC,48b34b87-69c2-467d-a88c-67aac910c539,SAMMS-WashingtonDCv5
202609032054004379,202609031904102050,202609031904101105,85,1546,Bronze INV,br_AdmissionAssessmentSummary,TASK_COMPLETE,SUCCESS,INFO,413,413,0,,2026-09-03T19:04:17.619Z,2026-09-03T20:54:05.052Z,6588,2026-09-03T20:54:05.052Z,B47,Mobile,48b34b87-69c2-467d-a88c-67aac910c539,SAMMS-MobileV5
202609032054004380,202609031904102051,202609031904101105,85,1547,Bronze INV,br_AdmissionAssessmentSummary,TASK_COMPLETE,SUCCESS,INFO,482,482,0,,2026-09-03T19:04:17.619Z,2026-09-03T20:54:05.052Z,6588,2026-09-03T20:54:05.052Z,B48,Tuscaloosa,48b34b87-69c2-467d-a88c-67aac910c539,SAMMS-TuscaloosaV5
202609032054004381,202609031904102052,202609031904101105,85,1556,Bronze INV,br_AdmissionAssessmentSummary,TASK_COMPLETE,SUCCESS,INFO,328,328,0,,2026-09-03T19:04:17.619Z,2026-09-03T20:54:05.052Z,6588,2026-09-03T20:54:05.052Z,B51,N. Little Rock (OTP),48b34b87-69c2-467d-a88c-67aac910c539,SAMMS-NorthLittleRockV6
202609032054004382,202609031904102053,202609031904101105,85,1557,Bronze INV,br_AdmissionAssessmentSummary,TASK_COMPLETE,SUCCESS,INFO,167,167,0,,2026-09-03T19:04:17.619Z,2026-09-03T20:54:05.052Z,6588,2026-09-03T20:54:05.052Z,B52,Jackson GA,48b34b87-69c2-467d-a88c-67aac910c539,SAMMS-JacksonGAV5
202609032054004383,202609031904102054,202609031904101105,85,1558,Bronze INV,br_AdmissionAssessmentSummary,TASK_COMPLETE,SUCCESS,INFO,522,522,0,,2026-09-03T19:04:17.619Z,2026-09-03T20:54:05.052Z,6588,2026-09-03T20:54:05.052Z,B54,Gadsden,48b34b87-69c2-467d-a88c-67aac910c539,SAMMS-GadsdenV5
202609032054004384,202609031904102055,202609031904101105,85,1559,Bronze INV,br_AdmissionAssessmentSummary,TASK_COMPLETE,SUCCESS,INFO,524,524,0,,2026-09-03T19:04:17.619Z,2026-09-03T20:54:05.052Z,6588,2026-09-03T20:54:05.052Z,B55,Shoals,48b34b87-69c2-467d-a88c-67aac910c539,SAMMS-ShoalsV5
202609032054004386,202609031904102056,202609031904101105,85,1560,Bronze INV,br_AdmissionAssessmentSummary,TASK_COMPLETE,SUCCESS,INFO,179,179,0,,2026-09-03T19:04:17.619Z,2026-09-03T20:54:05.052Z,6588,2026-09-03T20:54:05.052Z,B57,Pawtucket,48b34b87-69c2-467d-a88c-67aac910c539,SAMMS-Pawtucket
202609032054004387,202609031904102057,202609031904101105,85,1561,Bronze INV,br_AdmissionAssessmentSummary,TASK_COMPLETE,SUCCESS,INFO,180,180,0,,2026-09-03T19:04:17.619Z,2026-09-03T20:54:05.052Z,6588,2026-09-03T20:54:05.052Z,B57A,Johnston,48b34b87-69c2-467d-a88c-67aac910c539,SAMMS-Johnston
202609032054003991,202609031904101718,202609031904101105,85,2492,Bronze INV,br_LabResultDetail,TASK_COMPLETE,SUCCESS,INFO,2,2,0,,2026-09-03T19:04:17.619Z,2026-09-03T20:54:05.052Z,6588,2026-09-03T20:54:05.052Z,B73,Montgomery,48b34b87-69c2-467d-a88c-67aac910c539,SAMMS-Montgomery
202609032054003992,202609031904101719,202609031904101105,85,2493,Bronze INV,br_LabResultDetail,TASK_COMPLETE,SUCCESS,INFO,516,516,0,,2026-09-03T19:04:17.619Z,2026-09-03T20:54:05.052Z,6588,2026-09-03T20:54:05.052Z,B75,Lawrence,48b34b87-69c2-467d-a88c-67aac910c539,SAMMS-LawrenceV6
202609032054003994,202609031904101720,202609031904101105,85,2494,Bronze INV,br_LabResultDetail,TASK_COMPLETE,SUCCESS,INFO,1,1,0,,2026-09-03T19:04:17.619Z,2026-09-03T20:54:05.052Z,6588,2026-09-03T20:54:05.052Z,B76,Huntsville OBOT,48b34b87-69c2-467d-a88c-67aac910c539,SAMMS-Huntsville-OBOT
202609032054003995,202609031904101721,202609031904101105,85,2495,Bronze INV,br_LabResultDetail,TASK_COMPLETE,SUCCESS,INFO,8,8,0,,2026-09-03T19:04:17.619Z,2026-09-03T20:54:05.052Z,6588,2026-09-03T20:54:05.052Z,BAT,Batesville,48b34b87-69c2-467d-a88c-67aac910c539,SAMMS-Batesville
202609032054003996,202609031904101722,202609031904101105,85,2496,Bronze INV,br_LabResultDetail,TASK_COMPLETE,SUCCESS,INFO,2977,2977,0,,2026-09-03T19:04:17.619Z,2026-09-03T20:54:05.052Z,6588,2026-09-03T20:54:05.052Z,BG,Bowling Green,48b34b87-69c2-467d-a88c-67aac910c539,SAMMS-BowlingGreen
202609032054003997,202609031904101723,202609031904101105,85,2497,Bronze INV,br_LabResultDetail,TASK_COMPLETE,SUCCESS,INFO,192,192,0,,2026-09-03T19:04:17.619Z,2026-09-03T20:54:05.052Z,6588,2026-09-03T20:54:05.052Z,BOI,Boise,48b34b87-69c2-467d-a88c-67aac910c539,SAMMS-Boise
202609032054003998,202609031904101724,202609031904101105,85,2504,Bronze INV,br_LabResultDetail,TASK_COMPLETE,SUCCESS,INFO,239,239,0,,2026-09-03T19:04:17.619Z,2026-09-03T20:54:05.052Z,6588,2026-09-03T20:54:05.052Z,CBCO,Coeur dAlene,48b34b87-69c2-467d-a88c-67aac910c539,SAMMS-CoeurdAleneV6
202609032054003999,202609031904101725,202609031904101105,85,2523,Bronze INV,br_LabResultDetail,TASK_COMPLETE,SUCCESS,INFO,2,2,0,,2026-09-03T19:04:17.619Z,2026-09-03T20:54:05.052Z,6588,2026-09-03T20:54:05.052Z,CON,Conway,48b34b87-69c2-467d-a88c-67aac910c539,SAMMS-Conway
202609032054004000,202609031904101726,202609031904101105,85,2524,Bronze INV,br_LabResultDetail,TASK_COMPLETE,SUCCESS,INFO,15,15,0,,2026-09-03T19:04:17.619Z,2026-09-03T20:54:05.052Z,6588,2026-09-03T20:54:05.052Z,D07,Medical Services Knox TN,48b34b87-69c2-467d-a88c-67aac910c539,SAMMS-KnoxvilleV6
202609032054004002,202609031904101727,202609031904101105,85,2525,Bronze INV,br_LabResultDetail,TASK_COMPLETE,SUCCESS,INFO,1002,1002,0,,2026-09-03T19:04:17.619Z,2026-09-03T20:54:05.052Z,6588,2026-09-03T20:54:05.052Z,D08,Madison,48b34b87-69c2-467d-a88c-67aac910c539,SAMMS-MadisonV6
202609032054004003,202609031904101728,202609031904101105,85,2527,Bronze INV,br_LabResultDetail,TASK_COMPLETE,SUCCESS,INFO,721,721,0,,2026-09-03T19:04:17.619Z,2026-09-03T20:54:05.052Z,6588,2026-09-03T20:54:05.052Z,D09,Murfreesboro,48b34b87-69c2-467d-a88c-67aac910c539,SAMMS-MurfreesboroV6
202609032054004004,202609031904101729,202609031904101105,85,2528,Bronze INV,br_LabResultDetail,TASK_COMPLETE,SUCCESS,INFO,7,7,0,,2026-09-03T19:04:17.619Z,2026-09-03T20:54:05.052Z,6588,2026-09-03T20:54:05.052Z,DA,Davenport,48b34b87-69c2-467d-a88c-67aac910c539,SAMMS-Davenport
202609032054004005,202609031904101730,202609031904101105,85,2529,Bronze INV,br_LabResultDetail,TASK_COMPLETE,SUCCESS,INFO,2759,2759,0,,2026-09-03T19:04:17.619Z,2026-09-03T20:54:05.052Z,6588,2026-09-03T20:54:05.052Z,DM,Des Moines,48b34b87-69c2-467d-a88c-67aac910c539,SAMMS-DesMoines
202609032054004006,202609031904101731,202609031904101105,85,2531,Bronze INV,br_LabResultDetail,TASK_COMPLETE,SUCCESS,INFO,3524,3524,0,,2026-09-03T19:04:17.619Z,2026-09-03T20:54:05.052Z,6588,2026-09-03T20:54:05.052Z,DRD-CO,Columbia MO,48b34b87-69c2-467d-a88c-67aac910c539,SAMMS-ColumbiaV5
202609032054004007,202609031904101732,202609031904101105,85,2532,Bronze INV,br_LabResultDetail,TASK_COMPLETE,SUCCESS,INFO,3426,3426,0,,2026-09-03T19:04:17.619Z,2026-09-03T20:54:05.052Z,6588,2026-09-03T20:54:05.052Z,DRD-KC,KC,48b34b87-69c2-467d-a88c-67aac910c539,SAMMS-KCv5
202609032054004008,202609031904101733,202609031904101105,85,2533,Bronze INV,br_LabResultDetail,TASK_COMPLETE,SUCCESS,INFO,19675,19675,0,,2026-09-03T19:04:17.619Z,2026-09-03T20:54:05.052Z,6588,2026-09-03T20:54:05.052Z,DRD-KVB,KVB,48b34b87-69c2-467d-a88c-67aac910c539,SAMMS-KVBv5
202609032054004009,202609031904101734,202609031904101105,85,2534,Bronze INV,br_LabResultDetail,TASK_COMPLETE,SUCCESS,INFO,23769,23769,0,,2026-09-03T19:04:17.619Z,2026-09-03T20:54:05.052Z,6588,2026-09-03T20:54:05.052Z,DRD-KVC,KVC,48b34b87-69c2-467d-a88c-67aac910c539,SAMMS-KVCv5
202609032054004011,202609031904101735,202609031904101105,85,2535,Bronze INV,br_LabResultDetail,TASK_COMPLETE,SUCCESS,INFO,6438,6438,0,,2026-09-03T19:04:17.619Z,2026-09-03T20:54:05.052Z,6588,2026-09-03T20:54:05.052Z,DRD-NOLA,NOLA,48b34b87-69c2-467d-a88c-67aac910c539,SAMMS-NOLAv5
202609032054004012,202609031904101736,202609031904101105,85,2536,Bronze INV,br_LabResultDetail,TASK_COMPLETE,SUCCESS,INFO,5744,5744,0,,2026-09-03T19:04:17.619Z,2026-09-03T20:54:05.052Z,6588,2026-09-03T20:54:05.052Z,DRD-SF,Springfield,48b34b87-69c2-467d-a88c-67aac910c539,SAMMS-SFv5
202609032054004013,202609031904101737,202609031904101105,85,2538,Bronze INV,br_LabResultDetail,TASK_COMPLETE,SUCCESS,INFO,16778,16778,0,,2026-09-03T19:04:17.619Z,2026-09-03T20:54:05.052Z,6588,2026-09-03T20:54:05.052Z,ELC,Elizabeth City,48b34b87-69c2-467d-a88c-67aac910c539,SAMMS-ElizabethCity
202609032054004014,202609031904101738,202609031904101105,85,2539,Bronze INV,br_LabResultDetail,TASK_COMPLETE,SUCCESS,INFO,3113,3113,0,,2026-09-03T19:04:17.619Z,2026-09-03T20:54:05.052Z,6588,2026-09-03T20:54:05.052Z,ET,Elizabethtown,48b34b87-69c2-467d-a88c-67aac910c539,SAMMS-Elizabethtown
202609032054004015,202609031904101739,202609031904101105,85,2540,Bronze INV,br_LabResultDetail,TASK_COMPLETE,SUCCESS,INFO,2,2,0,,2026-09-03T19:04:17.619Z,2026-09-03T20:54:05.052Z,6588,2026-09-03T20:54:05.052Z,FAY,Fayetteville,48b34b87-69c2-467d-a88c-67aac910c539,SAMMS-Fayetteville
202609032054004016,202609031904101740,202609031904101105,85,2541,Bronze INV,br_LabResultDetail,TASK_COMPLETE,SUCCESS,INFO,14063,14063,0,,2026-09-03T19:04:17.619Z,2026-09-03T20:54:05.052Z,6588,2026-09-03T20:54:05.052Z,FR,Frankfort,48b34b87-69c2-467d-a88c-67aac910c539,SAMMS-Frankfort
202609032054004017,202609031904101741,202609031904101105,85,2542,Bronze INV,br_LabResultDetail,TASK_COMPLETE,SUCCESS,INFO,3,3,0,,2026-09-03T19:04:17.619Z,2026-09-03T20:54:05.052Z,6588,2026-09-03T20:54:05.052Z,FS,Fort Smith,48b34b87-69c2-467d-a88c-67aac910c539,SAMMS-FortSmith
202609032054004019,202609031904101742,202609031904101105,85,2543,Bronze INV,br_LabResultDetail,TASK_COMPLETE,SUCCESS,INFO,9193,9193,0,,2026-09-03T19:04:17.619Z,2026-09-03T20:54:05.052Z,6588,2026-09-03T20:54:05.052Z,FW,Fort Wayne,48b34b87-69c2-467d-a88c-67aac910c539,SAMMS-FortWayne
202609032054004020,202609031904101743,202609031904101105,85,2544,Bronze INV,br_LabResultDetail,TASK_COMPLETE,SUCCESS,INFO,4,4,0,,2026-09-03T19:04:17.619Z,2026-09-03T20:54:05.052Z,6588,2026-09-03T20:54:05.052Z,GAL,Gaylord,48b34b87-69c2-467d-a88c-67aac910c539,SAMMS-Gaylord
202609032054004021,202609031904101744,202609031904101105,85,2548,Bronze INV,br_LabResultDetail,TASK_COMPLETE,SUCCESS,INFO,4794,4794,0,,2026-09-03T19:04:17.619Z,2026-09-03T20:54:05.052Z,6588,2026-09-03T20:54:05.052Z,HGT,Hagerstown,48b34b87-69c2-467d-a88c-67aac910c539,SAMMS-Hagerstown
202609032054004022,202609031904101745,202609031904101105,85,2549,Bronze INV,br_LabResultDetail,TASK_COMPLETE,SUCCESS,INFO,647,647,0,,2026-09-03T19:04:17.619Z,2026-09-03T20:54:05.052Z,6588,2026-09-03T20:54:05.052Z,HNT,Huntsville,48b34b87-69c2-467d-a88c-67aac910c539,SAMMS-Huntsville
202609032054004023,202609031904101746,202609031904101105,85,2550,Bronze INV,br_LabResultDetail,TASK_COMPLETE,SUCCESS,INFO,2,2,0,,2026-09-03T19:04:17.619Z,2026-09-03T20:54:05.052Z,6588,2026-09-03T20:54:05.052Z,HS,Hot Springs,48b34b87-69c2-467d-a88c-67aac910c539,SAMMS-HotSprings
202609032054004024,202609031904101747,202609031904101105,85,2551,Bronze INV,br_LabResultDetail,TASK_COMPLETE,SUCCESS,INFO,4,4,0,,2026-09-03T19:04:17.619Z,2026-09-03T20:54:05.052Z,6588,2026-09-03T20:54:05.052Z,JON,Jonesboro,48b34b87-69c2-467d-a88c-67aac910c539,SAMMS-Jonesboro
202609032054004025,202609031904101748,202609031904101105,85,2553,Bronze INV,br_LabResultDetail,TASK_COMPLETE,SUCCESS,INFO,4,4,0,,2026-09-03T19:04:17.619Z,2026-09-03T20:54:05.052Z,6588,2026-09-03T20:54:05.052Z,LAN,Lansing,48b34b87-69c2-467d-a88c-67aac910c539,SAMMS-Lansing
202609032054004026,202609031904101749,202609031904101105,85,2554,Bronze INV,br_LabResultDetail,TASK_COMPLETE,SUCCESS,INFO,88941,88941,0,,2026-09-03T19:04:17.619Z,2026-09-03T20:54:05.052Z,6588,2026-09-03T20:54:05.052Z,LO,Louisville,48b34b87-69c2-467d-a88c-67aac910c539,SAMMS-Louisville
202609032054004028,202609031904101750,202609031904101105,85,2555,Bronze INV,br_LabResultDetail,TASK_COMPLETE,SUCCESS,INFO,6536,6536,0,,2026-09-03T19:04:17.619Z,2026-09-03T20:54:05.052Z,6588,2026-09-03T20:54:05.052Z,LV1,Cheyenne,48b34b87-69c2-467d-a88c-67aac910c539,SAMMS-Cheyenne
202609032054004029,202609031904101751,202609031904101105,85,2556,Bronze INV,br_LabResultDetail,TASK_COMPLETE,SUCCESS,INFO,9491,9491,0,,2026-09-03T19:04:17.619Z,2026-09-03T20:54:05.052Z,6588,2026-09-03T20:54:05.052Z,LV2,Desert Inn,48b34b87-69c2-467d-a88c-67aac910c539,SAMMS-DesertInn
202609032054004030,202609031904101752,202609031904101105,85,2557,Bronze INV,br_LabResultDetail,TASK_COMPLETE,SUCCESS,INFO,1882,1882,0,,2026-09-03T19:04:17.619Z,2026-09-03T20:54:05.052Z,6588,2026-09-03T20:54:05.052Z,LV3,McDaniel,48b34b87-69c2-467d-a88c-67aac910c539,SAMMS-McDaniel
202609032054004031,202609031904101753,202609031904101105,85,2560,Bronze INV,br_LabResultDetail,TASK_COMPLETE,SUCCESS,INFO,3,3,0,,2026-09-03T19:04:17.619Z,2026-09-03T20:54:05.052Z,6588,2026-09-03T20:54:05.052Z,MNRE,Monroe,48b34b87-69c2-467d-a88c-67aac910c539,SAMMS-Monroe
202609032054004032,202609031904101754,202609031904101105,85,2561,Bronze INV,br_LabResultDetail,TASK_COMPLETE,SUCCESS,INFO,2,2,0,,2026-09-03T19:04:17.619Z,2026-09-03T20:54:05.052Z,6588,2026-09-03T20:54:05.052Z,MP,Mt. Pleasant,48b34b87-69c2-467d-a88c-67aac910c539,SAMMS-MtPleasant
202609032054004033,202609031904101755,202609031904101105,85,2562,Bronze INV,br_LabResultDetail,TASK_COMPLETE,SUCCESS,INFO,263,263,0,,2026-09-03T19:04:17.619Z,2026-09-03T20:54:05.052Z,6588,2026-09-03T20:54:05.052Z,MRD,Meridian,48b34b87-69c2-467d-a88c-67aac910c539,SAMMS-Meridian
202609032054004034,202609031904101756,202609031904101105,85,2567,Bronze INV,br_LabResultDetail,TASK_COMPLETE,SUCCESS,INFO,15250,15250,0,,2026-09-03T19:04:17.619Z,2026-09-03T20:54:05.052Z,6588,2026-09-03T20:54:05.052Z,NC,North Charleston,48b34b87-69c2-467d-a88c-67aac910c539,SAMMS-NorthCharleston
202609032054004036,202609031904101757,202609031904101105,85,2568,Bronze INV,br_LabResultDetail,TASK_COMPLETE,SUCCESS,INFO,3,3,0,,2026-09-03T19:04:17.619Z,2026-09-03T20:54:05.052Z,6588,2026-09-03T20:54:05.052Z,NLR,N. Little Rock,48b34b87-69c2-467d-a88c-67aac910c539,SAMMS-NLROBOT
202609032054004037,202609031904101758,202609031904101105,85,2569,Bronze INV,br_LabResultDetail,TASK_COMPLETE,SUCCESS,INFO,4833,4833,0,,2026-09-03T19:04:17.619Z,2026-09-03T20:54:05.052Z,6588,2026-09-03T20:54:05.052Z,PH,Phoenix,48b34b87-69c2-467d-a88c-67aac910c539,SAMMS-Phoenix
202609032054004038,202609031904101759,202609031904101105,85,2573,Bronze INV,br_LabResultDetail,TASK_COMPLETE,SUCCESS,INFO,62967,62967,0,,2026-09-03T19:04:17.619Z,2026-09-03T20:54:05.052Z,6588,2026-09-03T20:54:05.052Z,RE,Reno,48b34b87-69c2-467d-a88c-67aac910c539,SAMMS-Reno
202609032054004039,202609031904101760,202609031904101105,85,2574,Bronze INV,br_LabResultDetail,TASK_COMPLETE,SUCCESS,INFO,2439,2439,0,,2026-09-03T19:04:17.619Z,2026-09-03T20:54:05.052Z,6588,2026-09-03T20:54:05.052Z,RMD,Richmond,48b34b87-69c2-467d-a88c-67aac910c539,SAMMS-Richmond
202609032054004040,202609031904101761,202609031904101105,85,2575,Bronze INV,br_LabResultDetail,TASK_COMPLETE,SUCCESS,INFO,3714,3714,0,,2026-09-03T19:04:17.619Z,2026-09-03T20:54:05.052Z,6588,2026-09-03T20:54:05.052Z,SFN,Springfield North,48b34b87-69c2-467d-a88c-67aac910c539,SAMMS-SFNv5
202609032054004041,202609031904101762,202609031904101105,85,2576,Bronze INV,br_LabResultDetail,TASK_COMPLETE,SUCCESS,INFO,331,331,0,,2026-09-03T19:04:17.619Z,2026-09-03T20:54:05.052Z,6588,2026-09-03T20:54:05.052Z,SHP,Shreveport,48b34b87-69c2-467d-a88c-67aac910c539,SAMMS-Shreveport
202609032054004042,202609031904101763,202609031904101105,85,2578,Bronze INV,br_LabResultDetail,TASK_COMPLETE,SUCCESS,INFO,6,6,0,,2026-09-03T19:04:17.619Z,2026-09-03T20:54:05.052Z,6588,2026-09-03T20:54:05.052Z,STN,Staunton,48b34b87-69c2-467d-a88c-67aac910c539,SAMMS-Staunton
202609032054004043,202609031904101764,202609031904101105,85,2579,Bronze INV,br_LabResultDetail,TASK_COMPLETE,SUCCESS,INFO,463,463,0,,2026-09-03T19:04:17.619Z,2026-09-03T20:54:05.052Z,6588,2026-09-03T20:54:05.052Z,STVN,Stevenson,48b34b87-69c2-467d-a88c-67aac910c539,SAMMS-Stevenson
202609032054004045,202609031904101765,202609031904101105,85,2581,Bronze INV,br_LabResultDetail,TASK_COMPLETE,SUCCESS,INFO,18155,18155,0,,2026-09-03T19:04:17.619Z,2026-09-03T20:54:05.052Z,6588,2026-09-03T20:54:05.052Z,TE,Tempe,48b34b87-69c2-467d-a88c-67aac910c539,SAMMS-Tempe
202609032054004046,202609031904101766,202609031904101105,85,2582,Bronze INV,br_LabResultDetail,TASK_COMPLETE,SUCCESS,INFO,4,4,0,,2026-09-03T19:04:17.619Z,2026-09-03T20:54:05.052Z,6588,2026-09-03T20:54:05.052Z,TEX,Texarkana,48b34b87-69c2-467d-a88c-67aac910c539,SAMMS-Texarkana
202609032054004047,202609031904101767,202609031904101105,85,2583,Bronze INV,br_LabResultDetail,TASK_COMPLETE,SUCCESS,INFO,1726,1726,0,,2026-09-03T19:04:17.619Z,2026-09-03T20:54:05.052Z,6588,2026-09-03T20:54:05.052Z,TTCA,Bessemer,48b34b87-69c2-467d-a88c-67aac910c539,SAMMS-BessemerV5
202609032054004048,202609031904101768,202609031904101105,85,2584,Bronze INV,br_LabResultDetail,TASK_COMPLETE,SUCCESS,INFO,2151,2151,0,,2026-09-03T19:04:17.619Z,2026-09-03T20:54:05.052Z,6588,2026-09-03T20:54:05.052Z,TTCB,Cullman,48b34b87-69c2-467d-a88c-67aac910c539,SAMMS-CullmanV5
202609032054004049,202609031904101769,202609031904101105,85,2585,Bronze INV,br_LabResultDetail,TASK_COMPLETE,SUCCESS,INFO,4,4,0,,2026-09-03T19:04:17.619Z,2026-09-03T20:54:05.052Z,6588,2026-09-03T20:54:05.052Z,TTCC,Grand Bay,48b34b87-69c2-467d-a88c-67aac910c539,SAMMS-GrandBay
202609032054004050,202609031904101770,202609031904101105,85,2586,Bronze INV,br_LabResultDetail,TASK_COMPLETE,SUCCESS,INFO,1162,1162,0,,2026-09-03T19:04:17.619Z,2026-09-03T20:54:05.052Z,6588,2026-09-03T20:54:05.052Z,TU,Tucson,48b34b87-69c2-467d-a88c-67aac910c539,SAMMS-Tucson
202609032054004051,202609031904101771,202609031904101105,85,2588,Bronze INV,br_LabResultDetail,TASK_COMPLETE,SUCCESS,INFO,5378,5378,0,,2026-09-03T19:04:17.619Z,2026-09-03T20:54:05.052Z,6588,2026-09-03T20:54:05.052Z,V1,Memphis South,48b34b87-69c2-467d-a88c-67aac910c539,SAMMS-VCPHCS-I-MemphisV5
202609032054004053,202609031904101772,202609031904101105,85,2589,Bronze INV,br_LabResultDetail,TASK_COMPLETE,SUCCESS,INFO,6293,6293,0,,2026-09-03T19:04:17.619Z,2026-09-03T20:54:05.052Z,6588,2026-09-03T20:54:05.052Z,V10,Longmont,48b34b87-69c2-467d-a88c-67aac910c539,SAMMS-BoulderV5
202609032054004054,202609031904101773,202609031904101105,85,2590,Bronze INV,br_LabResultDetail,TASK_COMPLETE,SUCCESS,INFO,3585,3585,0,,2026-09-03T19:04:17.619Z,2026-09-03T20:54:05.052Z,6588,2026-09-03T20:54:05.052Z,V10A,Fort Collins,48b34b87-69c2-467d-a88c-67aac910c539,SAMMS-FortCollinsV5
202609032054004055,202609031904101774,202609031904101105,85,2591,Bronze INV,br_LabResultDetail,TASK_COMPLETE,SUCCESS,INFO,7593,7593,0,,2026-09-03T19:04:17.619Z,2026-09-03T20:54:05.052Z,6588,2026-09-03T20:54:05.052Z,V11,Westminster,48b34b87-69c2-467d-a88c-67aac910c539,SAMMS-VCPHCS-XI-NorthDenverV5
202609032054004056,202609031904101775,202609031904101105,85,2592,Bronze INV,br_LabResultDetail,TASK_COMPLETE,SUCCESS,INFO,10353,10353,0,,2026-09-03T19:04:17.619Z,2026-09-03T20:54:05.052Z,6588,2026-09-03T20:54:05.052Z,V12,Downtown Denver,48b34b87-69c2-467d-a88c-67aac910c539,SAMMS-VCPHCS-XII-DowntownDenverV5
202609032054004057,202609031904101776,202609031904101105,85,2593,Bronze INV,br_LabResultDetail,TASK_COMPLETE,SUCCESS,INFO,4857,4857,0,,2026-09-03T19:04:17.619Z,2026-09-03T20:54:05.052Z,6588,2026-09-03T20:54:05.052Z,V12A,Centennial,48b34b87-69c2-467d-a88c-67aac910c539,SAMMS-CentennialV5
202609032054004058,202609031904101777,202609031904101105,85,2594,Bronze INV,br_LabResultDetail,TASK_COMPLETE,SUCCESS,INFO,3392,3392,0,,2026-09-03T19:04:17.619Z,2026-09-03T20:54:05.052Z,6588,2026-09-03T20:54:05.052Z,V14,Overland Park,48b34b87-69c2-467d-a88c-67aac910c539,SAMMS-VCPHCS-XIV-BridgewayV5
202609032054004060,202609031904101778,202609031904101105,85,2595,Bronze INV,br_LabResultDetail,TASK_COMPLETE,SUCCESS,INFO,2921,2921,0,,2026-09-03T19:04:17.619Z,2026-09-03T20:54:05.052Z,6588,2026-09-03T20:54:05.052Z,V15,Joplin,48b34b87-69c2-467d-a88c-67aac910c539,SAMMS-JoplinV5
202609032054004061,202609031904101779,202609031904101105,85,2597,Bronze INV,br_LabResultDetail,TASK_COMPLETE,SUCCESS,INFO,1348,1348,0,,2026-09-03T19:04:17.619Z,2026-09-03T20:54:05.052Z,6588,2026-09-03T20:54:05.052Z,V17,Columbia TN,48b34b87-69c2-467d-a88c-67aac910c539,SAMMS-ColumbiaTNv5
202609032054004062,202609031904101780,202609031904101105,85,2599,Bronze INV,br_LabResultDetail,TASK_COMPLETE,SUCCESS,INFO,5132,5132,0,,2026-09-03T19:04:17.619Z,2026-09-03T20:54:05.052Z,6588,2026-09-03T20:54:05.052Z,V19,Jackson,48b34b87-69c2-467d-a88c-67aac910c539,SAMMS-JacksonV5
202609032054004064,202609031904101781,202609031904101105,85,2601,Bronze INV,br_LabResultDetail,TASK_COMPLETE,SUCCESS,INFO,7055,7055,0,,2026-09-03T19:04:17.619Z,2026-09-03T20:54:05.052Z,6588,2026-09-03T20:54:05.052Z,V20,Paris,48b34b87-69c2-467d-a88c-67aac910c539,SAMMS-ParisV5
202609032054004065,202609031904101782,202609031904101105,85,2602,Bronze INV,br_LabResultDetail,TASK_COMPLETE,SUCCESS,INFO,6089,6089,0,,2026-09-03T19:04:17.619Z,2026-09-03T20:54:05.052Z,6588,2026-09-03T20:54:05.052Z,V21,Memphis North,48b34b87-69c2-467d-a88c-67aac910c539,SAMMS-RaleighV5
202609032054004066,202609031904101783,202609031904101105,85,2605,Bronze INV,br_LabResultDetail,TASK_COMPLETE,SUCCESS,INFO,7051,7051,0,,2026-09-03T19:04:17.619Z,2026-09-03T20:54:05.052Z,6588,2026-09-03T20:54:05.052Z,V5,West Bank,48b34b87-69c2-467d-a88c-67aac910c539,SAMMS-NONTCv5
202609032054004068,202609031904101784,202609031904101105,85,2607,Bronze INV,br_LabResultDetail,TASK_COMPLETE,SUCCESS,INFO,535,535,0,,2026-09-03T19:04:17.619Z,2026-09-03T20:54:05.052Z,6588,2026-09-03T20:54:05.052Z,V5B,Houma,48b34b87-69c2-467d-a88c-67aac910c539,SAMMS-HoumaV6
202609032054004069,202609031904101785,202609031904101105,85,2608,Bronze INV,br_LabResultDetail,TASK_COMPLETE,SUCCESS,INFO,4817,4817,0,,2026-09-03T19:04:17.619Z,2026-09-03T20:54:05.052Z,6588,2026-09-03T20:54:05.052Z,V6,Lake Charles,48b34b87-69c2-467d-a88c-67aac910c539,SAMMS-LCv5
202609032054003598,202609031904101378,202609031904101105,85,2678,Bronze INV,br_LiquidLog,TASK_COMPLETE,SUCCESS,INFO,0,0,0,,2026-09-03T19:04:17.619Z,2026-09-03T20:54:05.052Z,6588,2026-09-03T20:54:05.052Z,B76,Huntsville OBOT,48b34b87-69c2-467d-a88c-67aac910c539,SAMMS-Huntsville-OBOT
202609032054003599,202609031904101379,202609031904101105,85,2679,Bronze INV,br_LiquidLog,TASK_COMPLETE,SUCCESS,INFO,0,0,0,,2026-09-03T19:04:17.619Z,2026-09-03T20:54:05.052Z,6588,2026-09-03T20:54:05.052Z,BAT,Batesville,48b34b87-69c2-467d-a88c-67aac910c539,SAMMS-Batesville
202609032054003600,202609031904101380,202609031904101105,85,2680,Bronze INV,br_LiquidLog,TASK_COMPLETE,SUCCESS,INFO,125910,125910,0,,2026-09-03T19:04:17.619Z,2026-09-03T20:54:05.052Z,6588,2026-09-03T20:54:05.052Z,BG,Bowling Green,48b34b87-69c2-467d-a88c-67aac910c539,SAMMS-BowlingGreen
202609032054003601,202609031904101381,202609031904101105,85,2681,Bronze INV,br_LiquidLog,TASK_COMPLETE,SUCCESS,INFO,52414,52414,0,,2026-09-03T19:04:17.619Z,2026-09-03T20:54:05.052Z,6588,2026-09-03T20:54:05.052Z,BOI,Boise,48b34b87-69c2-467d-a88c-67aac910c539,SAMMS-Boise
202609032054003602,202609031904101382,202609031904101105,85,2688,Bronze INV,br_LiquidLog,TASK_COMPLETE,SUCCESS,INFO,29608,29608,0,,2026-09-03T19:04:17.619Z,2026-09-03T20:54:05.052Z,6588,2026-09-03T20:54:05.052Z,CBCO,Coeur dAlene,48b34b87-69c2-467d-a88c-67aac910c539,SAMMS-CoeurdAleneV6
202609032054003604,202609031904101383,202609031904101105,85,2707,Bronze INV,br_LiquidLog,TASK_COMPLETE,SUCCESS,INFO,0,0,0,,2026-09-03T19:04:17.619Z,2026-09-03T20:54:05.052Z,6588,2026-09-03T20:54:05.052Z,CON,Conway,48b34b87-69c2-467d-a88c-67aac910c539,SAMMS-Conway
202609032054003605,202609031904101384,202609031904101105,85,2708,Bronze INV,br_LiquidLog,TASK_COMPLETE,SUCCESS,INFO,0,0,0,,2026-09-03T19:04:17.619Z,2026-09-03T20:54:05.052Z,6588,2026-09-03T20:54:05.052Z,D07,Medical Services Knox TN,48b34b87-69c2-467d-a88c-67aac910c539,SAMMS-KnoxvilleV6
202609032054003606,202609031904101385,202609031904101105,85,2709,Bronze INV,br_LiquidLog,TASK_COMPLETE,SUCCESS,INFO,93176,93176,0,,2026-09-03T19:04:17.619Z,2026-09-03T20:54:05.052Z,6588,2026-09-03T20:54:05.052Z,D08,Madison,48b34b87-69c2-467d-a88c-67aac910c539,SAMMS-MadisonV6
202609032054003607,202609031904101386,202609031904101105,85,2711,Bronze INV,br_LiquidLog,TASK_COMPLETE,SUCCESS,INFO,145860,145860,0,,2026-09-03T19:04:17.619Z,2026-09-03T20:54:05.052Z,6588,2026-09-03T20:54:05.052Z,D09,Murfreesboro,48b34b87-69c2-467d-a88c-67aac910c539,SAMMS-MurfreesboroV6
202609032054003608,202609031904101387,202609031904101105,85,2712,Bronze INV,br_LiquidLog,TASK_COMPLETE,SUCCESS,INFO,70878,70878,0,,2026-09-03T19:04:17.619Z,2026-09-03T20:54:05.052Z,6588,2026-09-03T20:54:05.052Z,DA,Davenport,48b34b87-69c2-467d-a88c-67aac910c539,SAMMS-Davenport
202609032054003609,202609031904101388,202609031904101105,85,2713,Bronze INV,br_LiquidLog,TASK_COMPLETE,SUCCESS,INFO,65354,65354,0,,2026-09-03T19:04:17.619Z,2026-09-03T20:54:05.052Z,6588,2026-09-03T20:54:05.052Z,DM,Des Moines,48b34b87-69c2-467d-a88c-67aac910c539,SAMMS-DesMoines
202609032054003610,202609031904101389,202609031904101105,85,2715,Bronze INV,br_LiquidLog,TASK_COMPLETE,SUCCESS,INFO,155307,155307,0,,2026-09-03T19:04:17.619Z,2026-09-03T20:54:05.052Z,6588,2026-09-03T20:54:05.052Z,DRD-CO,Columbia MO,48b34b87-69c2-467d-a88c-67aac910c539,SAMMS-ColumbiaV5
202609032054003612,202609031904101390,202609031904101105,85,2716,Bronze INV,br_LiquidLog,TASK_COMPLETE,SUCCESS,INFO,157781,157781,0,,2026-09-03T19:04:17.619Z,2026-09-03T20:54:05.052Z,6588,2026-09-03T20:54:05.052Z,DRD-KC,KC,48b34b87-69c2-467d-a88c-67aac910c539,SAMMS-KCv5
202609032054003613,202609031904101391,202609031904101105,85,2717,Bronze INV,br_LiquidLog,TASK_COMPLETE,SUCCESS,INFO,507478,507478,0,,2026-09-03T19:04:17.619Z,2026-09-03T20:54:05.052Z,6588,2026-09-03T20:54:05.052Z,DRD-KVB,KVB,48b34b87-69c2-467d-a88c-67aac910c539,SAMMS-KVBv5
202609032054003614,202609031904101392,202609031904101105,85,2718,Bronze INV,br_LiquidLog,TASK_COMPLETE,SUCCESS,INFO,573302,573302,0,,2026-09-03T19:04:17.619Z,2026-09-03T20:54:05.052Z,6588,2026-09-03T20:54:05.052Z,DRD-KVC,KVC,48b34b87-69c2-467d-a88c-67aac910c539,SAMMS-KVCv5
202609032054003615,202609031904101393,202609031904101105,85,2719,Bronze INV,br_LiquidLog,TASK_COMPLETE,SUCCESS,INFO,493667,493667,0,,2026-09-03T19:04:17.619Z,2026-09-03T20:54:05.052Z,6588,2026-09-03T20:54:05.052Z,DRD-NOLA,NOLA,48b34b87-69c2-467d-a88c-67aac910c539,SAMMS-NOLAv5
202609032054003616,202609031904101394,202609031904101105,85,2720,Bronze INV,br_LiquidLog,TASK_COMPLETE,SUCCESS,INFO,268825,268825,0,,2026-09-03T19:04:17.619Z,2026-09-03T20:54:05.052Z,6588,2026-09-03T20:54:05.052Z,DRD-SF,Springfield,48b34b87-69c2-467d-a88c-67aac910c539,SAMMS-SFv5
202609032054003617,202609031904101395,202609031904101105,85,2722,Bronze INV,br_LiquidLog,TASK_COMPLETE,SUCCESS,INFO,83731,83731,0,,2026-09-03T19:04:17.619Z,2026-09-03T20:54:05.052Z,6588,2026-09-03T20:54:05.052Z,ELC,Elizabeth City,48b34b87-69c2-467d-a88c-67aac910c539,SAMMS-ElizabethCity
202609032054003618,202609031904101396,202609031904101105,85,2723,Bronze INV,br_LiquidLog,TASK_COMPLETE,SUCCESS,INFO,94755,94755,0,,2026-09-03T19:04:17.619Z,2026-09-03T20:54:05.052Z,6588,2026-09-03T20:54:05.052Z,ET,Elizabethtown,48b34b87-69c2-467d-a88c-67aac910c539,SAMMS-Elizabethtown
202609032054003619,202609031904101397,202609031904101105,85,2724,Bronze INV,br_LiquidLog,TASK_COMPLETE,SUCCESS,INFO,0,0,0,,2026-09-03T19:04:17.619Z,2026-09-03T20:54:05.052Z,6588,2026-09-03T20:54:05.052Z,FAY,Fayetteville,48b34b87-69c2-467d-a88c-67aac910c539,SAMMS-Fayetteville
202609032054003621,202609031904101398,202609031904101105,85,2725,Bronze INV,br_LiquidLog,TASK_COMPLETE,SUCCESS,INFO,99227,99227,0,,2026-09-03T19:04:17.619Z,2026-09-03T20:54:05.052Z,6588,2026-09-03T20:54:05.052Z,FR,Frankfort,48b34b87-69c2-467d-a88c-67aac910c539,SAMMS-Frankfort
202609032054003622,202609031904101399,202609031904101105,85,2726,Bronze INV,br_LiquidLog,TASK_COMPLETE,SUCCESS,INFO,0,0,0,,2026-09-03T19:04:17.619Z,2026-09-03T20:54:05.052Z,6588,2026-09-03T20:54:05.052Z,FS,Fort Smith,48b34b87-69c2-467d-a88c-67aac910c539,SAMMS-FortSmith
202609032054003623,202609031904101400,202609031904101105,85,2727,Bronze INV,br_LiquidLog,TASK_COMPLETE,SUCCESS,INFO,205551,205551,0,,2026-09-03T19:04:17.619Z,2026-09-03T20:54:05.052Z,6588,2026-09-03T20:54:05.052Z,FW,Fort Wayne,48b34b87-69c2-467d-a88c-67aac910c539,SAMMS-FortWayne
202609032054003624,202609031904101401,202609031904101105,85,2728,Bronze INV,br_LiquidLog,TASK_COMPLETE,SUCCESS,INFO,83467,83467,0,,2026-09-03T19:04:17.619Z,2026-09-03T20:54:05.052Z,6588,2026-09-03T20:54:05.052Z,GAL,Gaylord,48b34b87-69c2-467d-a88c-67aac910c539,SAMMS-Gaylord
202609032054003625,202609031904101402,202609031904101105,85,2732,Bronze INV,br_LiquidLog,TASK_COMPLETE,SUCCESS,INFO,183813,183813,0,,2026-09-03T19:04:17.619Z,2026-09-03T20:54:05.052Z,6588,2026-09-03T20:54:05.052Z,HGT,Hagerstown,48b34b87-69c2-467d-a88c-67aac910c539,SAMMS-Hagerstown
202609032054003626,202609031904101403,202609031904101105,85,2733,Bronze INV,br_LiquidLog,TASK_COMPLETE,SUCCESS,INFO,167160,167160,0,,2026-09-03T19:04:17.619Z,2026-09-03T20:54:05.052Z,6588,2026-09-03T20:54:05.052Z,HNT,Huntsville,48b34b87-69c2-467d-a88c-67aac910c539,SAMMS-Huntsville
202609032054003627,202609031904101404,202609031904101105,85,2734,Bronze INV,br_LiquidLog,TASK_COMPLETE,SUCCESS,INFO,0,0,0,,2026-09-03T19:04:17.619Z,2026-09-03T20:54:05.052Z,6588,2026-09-03T20:54:05.052Z,HS,Hot Springs,48b34b87-69c2-467d-a88c-67aac910c539,SAMMS-HotSprings
202609032054003629,202609031904101405,202609031904101105,85,2735,Bronze INV,br_LiquidLog,TASK_COMPLETE,SUCCESS,INFO,0,0,0,,2026-09-03T19:04:17.619Z,2026-09-03T20:54:05.052Z,6588,2026-09-03T20:54:05.052Z,JON,Jonesboro,48b34b87-69c2-467d-a88c-67aac910c539,SAMMS-Jonesboro
202609032054003630,202609031904101406,202609031904101105,85,2737,Bronze INV,br_LiquidLog,TASK_COMPLETE,SUCCESS,INFO,73493,73493,0,,2026-09-03T19:04:17.619Z,2026-09-03T20:54:05.052Z,6588,2026-09-03T20:54:05.052Z,LAN,Lansing,48b34b87-69c2-467d-a88c-67aac910c539,SAMMS-Lansing
202609032054003631,202609031904101407,202609031904101105,85,2738,Bronze INV,br_LiquidLog,TASK_COMPLETE,SUCCESS,INFO,238360,238360,0,,2026-09-03T19:04:17.619Z,2026-09-03T20:54:05.052Z,6588,2026-09-03T20:54:05.052Z,LO,Louisville,48b34b87-69c2-467d-a88c-67aac910c539,SAMMS-Louisville
202609032054003632,202609031904101408,202609031904101105,85,2739,Bronze INV,br_LiquidLog,TASK_COMPLETE,SUCCESS,INFO,121180,121180,0,,2026-09-03T19:04:17.619Z,2026-09-03T20:54:05.052Z,6588,2026-09-03T20:54:05.052Z,LV1,Cheyenne,48b34b87-69c2-467d-a88c-67aac910c539,SAMMS-Cheyenne
202609032054003633,202609031904101409,202609031904101105,85,2740,Bronze INV,br_LiquidLog,TASK_COMPLETE,SUCCESS,INFO,114717,114717,0,,2026-09-03T19:04:17.619Z,2026-09-03T20:54:05.052Z,6588,2026-09-03T20:54:05.052Z,LV2,Desert Inn,48b34b87-69c2-467d-a88c-67aac910c539,SAMMS-DesertInn
202609032054003634,202609031904101410,202609031904101105,85,2741,Bronze INV,br_LiquidLog,TASK_COMPLETE,SUCCESS,INFO,60305,60305,0,,2026-09-03T19:04:17.619Z,2026-09-03T20:54:05.052Z,6588,2026-09-03T20:54:05.052Z,LV3,McDaniel,48b34b87-69c2-467d-a88c-67aac910c539,SAMMS-McDaniel
202609032054003635,202609031904101411,202609031904101105,85,2744,Bronze INV,br_LiquidLog,TASK_COMPLETE,SUCCESS,INFO,64119,64119,0,,2026-09-03T19:04:17.619Z,2026-09-03T20:54:05.052Z,6588,2026-09-03T20:54:05.052Z,MNRE,Monroe,48b34b87-69c2-467d-a88c-67aac910c539,SAMMS-Monroe
202609032054003636,202609031904101412,202609031904101105,85,2745,Bronze INV,br_LiquidLog,TASK_COMPLETE,SUCCESS,INFO,149631,149631,0,,2026-09-03T19:04:17.619Z,2026-09-03T20:54:05.052Z,6588,2026-09-03T20:54:05.052Z,MP,Mt. Pleasant,48b34b87-69c2-467d-a88c-67aac910c539,SAMMS-MtPleasant
202609032054003638,202609031904101413,202609031904101105,85,2746,Bronze INV,br_LiquidLog,TASK_COMPLETE,SUCCESS,INFO,48799,48799,0,,2026-09-03T19:04:17.619Z,2026-09-03T20:54:05.052Z,6588,2026-09-03T20:54:05.052Z,MRD,Meridian,48b34b87-69c2-467d-a88c-67aac910c539,SAMMS-Meridian
202609032054003639,202609031904101414,202609031904101105,85,2751,Bronze INV,br_LiquidLog,TASK_COMPLETE,SUCCESS,INFO,119055,119055,0,,2026-09-03T19:04:17.619Z,2026-09-03T20:54:05.052Z,6588,2026-09-03T20:54:05.052Z,NC,North Charleston,48b34b87-69c2-467d-a88c-67aac910c539,SAMMS-NorthCharleston
202609032054003640,202609031904101415,202609031904101105,85,2752,Bronze INV,br_LiquidLog,TASK_COMPLETE,SUCCESS,INFO,0,0,0,,2026-09-03T19:04:17.619Z,2026-09-03T20:54:05.052Z,6588,2026-09-03T20:54:05.052Z,NLR,N. Little Rock,48b34b87-69c2-467d-a88c-67aac910c539,SAMMS-NLROBOT
202609032054003641,202609031904101416,202609031904101105,85,2753,Bronze INV,br_LiquidLog,TASK_COMPLETE,SUCCESS,INFO,328,328,0,,2026-09-03T19:04:17.619Z,2026-09-03T20:54:05.052Z,6588,2026-09-03T20:54:05.052Z,PH,Phoenix,48b34b87-69c2-467d-a88c-67aac910c539,SAMMS-Phoenix
202609032054003642,202609031904101417,202609031904101105,85,2757,Bronze INV,br_LiquidLog,TASK_COMPLETE,SUCCESS,INFO,99259,99259,0,,2026-09-03T19:04:17.619Z,2026-09-03T20:54:05.052Z,6588,2026-09-03T20:54:05.052Z,RE,Reno,48b34b87-69c2-467d-a88c-67aac910c539,SAMMS-Reno
202609032054003643,202609031904101418,202609031904101105,85,2758,Bronze INV,br_LiquidLog,TASK_COMPLETE,SUCCESS,INFO,135341,135341,0,,2026-09-03T19:04:17.619Z,2026-09-03T20:54:05.052Z,6588,2026-09-03T20:54:05.052Z,RMD,Richmond,48b34b87-69c2-467d-a88c-67aac910c539,SAMMS-Richmond
202609032054003644,202609031904101419,202609031904101105,85,2759,Bronze INV,br_LiquidLog,TASK_COMPLETE,SUCCESS,INFO,160769,160769,0,,2026-09-03T19:04:17.619Z,2026-09-03T20:54:05.052Z,6588,2026-09-03T20:54:05.052Z,SFN,Springfield North,48b34b87-69c2-467d-a88c-67aac910c539,SAMMS-SFNv5
202609032054003646,202609031904101420,202609031904101105,85,2760,Bronze INV,br_LiquidLog,TASK_COMPLETE,SUCCESS,INFO,186655,186655,0,,2026-09-03T19:04:17.619Z,2026-09-03T20:54:05.052Z,6588,2026-09-03T20:54:05.052Z,SHP,Shreveport,48b34b87-69c2-467d-a88c-67aac910c539,SAMMS-Shreveport
202609032054003647,202609031904101421,202609031904101105,85,2762,Bronze INV,br_LiquidLog,TASK_COMPLETE,SUCCESS,INFO,61617,61617,0,,2026-09-03T19:04:17.619Z,2026-09-03T20:54:05.052Z,6588,2026-09-03T20:54:05.052Z,STN,Staunton,48b34b87-69c2-467d-a88c-67aac910c539,SAMMS-Staunton
202609032054003648,202609031904101422,202609031904101105,85,2763,Bronze INV,br_LiquidLog,TASK_COMPLETE,SUCCESS,INFO,24655,24655,0,,2026-09-03T19:04:17.619Z,2026-09-03T20:54:05.052Z,6588,2026-09-03T20:54:05.052Z,STVN,Stevenson,48b34b87-69c2-467d-a88c-67aac910c539,SAMMS-Stevenson
202609032054003649,202609031904101423,202609031904101105,85,2765,Bronze INV,br_LiquidLog,TASK_COMPLETE,SUCCESS,INFO,241,241,0,,2026-09-03T19:04:17.619Z,2026-09-03T20:54:05.052Z,6588,2026-09-03T20:54:05.052Z,TE,Tempe,48b34b87-69c2-467d-a88c-67aac910c539,SAMMS-Tempe
202609032054003650,202609031904101424,202609031904101105,85,2766,Bronze INV,br_LiquidLog,TASK_COMPLETE,SUCCESS,INFO,0,0,0,,2026-09-03T19:04:17.619Z,2026-09-03T20:54:05.052Z,6588,2026-09-03T20:54:05.052Z,TEX,Texarkana,48b34b87-69c2-467d-a88c-67aac910c539,SAMMS-Texarkana
202609032054003651,202609031904101425,202609031904101105,85,2767,Bronze INV,br_LiquidLog,TASK_COMPLETE,SUCCESS,INFO,255962,255962,0,,2026-09-03T19:04:17.619Z,2026-09-03T20:54:05.052Z,6588,2026-09-03T20:54:05.052Z,TTCA,Bessemer,48b34b87-69c2-467d-a88c-67aac910c539,SAMMS-BessemerV5
202609032054003652,202609031904101426,202609031904101105,85,2768,Bronze INV,br_LiquidLog,TASK_COMPLETE,SUCCESS,INFO,99031,99031,0,,2026-09-03T19:04:17.619Z,2026-09-03T20:54:05.052Z,6588,2026-09-03T20:54:05.052Z,TTCB,Cullman,48b34b87-69c2-467d-a88c-67aac910c539,SAMMS-CullmanV5
202609032054003653,202609031904101427,202609031904101105,85,2769,Bronze INV,br_LiquidLog,TASK_COMPLETE,SUCCESS,INFO,232811,232811,0,,2026-09-03T19:04:17.619Z,2026-09-03T20:54:05.052Z,6588,2026-09-03T20:54:05.052Z,TTCC,Grand Bay,48b34b87-69c2-467d-a88c-67aac910c539,SAMMS-GrandBay
202609032054003655,202609031904101428,202609031904101105,85,2770,Bronze INV,br_LiquidLog,TASK_COMPLETE,SUCCESS,INFO,2159,2159,0,,2026-09-03T19:04:17.619Z,2026-09-03T20:54:05.052Z,6588,2026-09-03T20:54:05.052Z,TU,Tucson,48b34b87-69c2-467d-a88c-67aac910c539,SAMMS-Tucson
202609032054003656,202609031904101429,202609031904101105,85,2772,Bronze INV,br_LiquidLog,TASK_COMPLETE,SUCCESS,INFO,125542,125542,0,,2026-09-03T19:04:17.619Z,2026-09-03T20:54:05.052Z,6588,2026-09-03T20:54:05.052Z,V1,Memphis South,48b34b87-69c2-467d-a88c-67aac910c539,SAMMS-VCPHCS-I-MemphisV5
202609032054003657,202609031904101430,202609031904101105,85,2773,Bronze INV,br_LiquidLog,TASK_COMPLETE,SUCCESS,INFO,72403,72403,0,,2026-09-03T19:04:17.619Z,2026-09-03T20:54:05.052Z,6588,2026-09-03T20:54:05.052Z,V10,Longmont,48b34b87-69c2-467d-a88c-67aac910c539,SAMMS-BoulderV5
202609032054003658,202609031904101431,202609031904101105,85,2774,Bronze INV,br_LiquidLog,TASK_COMPLETE,SUCCESS,INFO,134154,134154,0,,2026-09-03T19:04:17.619Z,2026-09-03T20:54:05.052Z,6588,2026-09-03T20:54:05.052Z,V10A,Fort Collins,48b34b87-69c2-467d-a88c-67aac910c539,SAMMS-FortCollinsV5
202609032054003659,202609031904101432,202609031904101105,85,2775,Bronze INV,br_LiquidLog,TASK_COMPLETE,SUCCESS,INFO,125376,125376,0,,2026-09-03T19:04:17.619Z,2026-09-03T20:54:05.052Z,6588,2026-09-03T20:54:05.052Z,V11,Westminster,48b34b87-69c2-467d-a88c-67aac910c539,SAMMS-VCPHCS-XI-NorthDenverV5
202609032054003660,202609031904101433,202609031904101105,85,2776,Bronze INV,br_LiquidLog,TASK_COMPLETE,SUCCESS,INFO,143020,143020,0,,2026-09-03T19:04:17.619Z,2026-09-03T20:54:05.052Z,6588,2026-09-03T20:54:05.052Z,V12,Downtown Denver,48b34b87-69c2-467d-a88c-67aac910c539,SAMMS-VCPHCS-XII-DowntownDenverV5
202609032054003661,202609031904101434,202609031904101105,85,2777,Bronze INV,br_LiquidLog,TASK_COMPLETE,SUCCESS,INFO,83423,83423,0,,2026-09-03T19:04:17.619Z,2026-09-03T20:54:05.052Z,6588,2026-09-03T20:54:05.052Z,V12A,Centennial,48b34b87-69c2-467d-a88c-67aac910c539,SAMMS-CentennialV5
202609032054003663,202609031904101435,202609031904101105,85,2778,Bronze INV,br_LiquidLog,TASK_COMPLETE,SUCCESS,INFO,68867,68867,0,,2026-09-03T19:04:17.619Z,2026-09-03T20:54:05.052Z,6588,2026-09-03T20:54:05.052Z,V14,Overland Park,48b34b87-69c2-467d-a88c-67aac910c539,SAMMS-VCPHCS-XIV-BridgewayV5
202609032054003664,202609031904101436,202609031904101105,85,2779,Bronze INV,br_LiquidLog,TASK_COMPLETE,SUCCESS,INFO,118789,118789,0,,2026-09-03T19:04:17.619Z,2026-09-03T20:54:05.052Z,6588,2026-09-03T20:54:05.052Z,V15,Joplin,48b34b87-69c2-467d-a88c-67aac910c539,SAMMS-JoplinV5
202609032054003665,202609031904101437,202609031904101105,85,2781,Bronze INV,br_LiquidLog,TASK_COMPLETE,SUCCESS,INFO,60585,60585,0,,2026-09-03T19:04:17.619Z,2026-09-03T20:54:05.052Z,6588,2026-09-03T20:54:05.052Z,V17,Columbia TN,48b34b87-69c2-467d-a88c-67aac910c539,SAMMS-ColumbiaTNv5
202609032054003666,202609031904101438,202609031904101105,85,2783,Bronze INV,br_LiquidLog,TASK_COMPLETE,SUCCESS,INFO,226048,226048,0,,2026-09-03T19:04:17.619Z,2026-09-03T20:54:05.052Z,6588,2026-09-03T20:54:05.052Z,V19,Jackson,48b34b87-69c2-467d-a88c-67aac910c539,SAMMS-JacksonV5
202609032054003667,202609031904101439,202609031904101105,85,2785,Bronze INV,br_LiquidLog,TASK_COMPLETE,SUCCESS,INFO,207746,207746,0,,2026-09-03T19:04:17.619Z,2026-09-03T20:54:05.052Z,6588,2026-09-03T20:54:05.052Z,V20,Paris,48b34b87-69c2-467d-a88c-67aac910c539,SAMMS-ParisV5
202609032054003670,202609031904101440,202609031904101105,85,2786,Bronze INV,br_LiquidLog,TASK_COMPLETE,SUCCESS,INFO,175367,175367,0,,2026-09-03T19:04:17.619Z,2026-09-03T20:54:05.052Z,6588,2026-09-03T20:54:05.052Z,V21,Memphis North,48b34b87-69c2-467d-a88c-67aac910c539,SAMMS-RaleighV5
202609032054003671,202609031904101441,202609031904101105,85,2789,Bronze INV,br_LiquidLog,TASK_COMPLETE,SUCCESS,INFO,337769,337769,0,,2026-09-03T19:04:17.619Z,2026-09-03T20:54:05.052Z,6588,2026-09-03T20:54:05.052Z,V5,West Bank,48b34b87-69c2-467d-a88c-67aac910c539,SAMMS-NONTCv5
202609032054003672,202609031904101442,202609031904101105,85,2791,Bronze INV,br_LiquidLog,TASK_COMPLETE,SUCCESS,INFO,31710,31710,0,,2026-09-03T19:04:17.619Z,2026-09-03T20:54:05.052Z,6588,2026-09-03T20:54:05.052Z,V5B,Houma,48b34b87-69c2-467d-a88c-67aac910c539,SAMMS-HoumaV6
202609032054003673,202609031904101443,202609031904101105,85,2792,Bronze INV,br_LiquidLog,TASK_COMPLETE,SUCCESS,INFO,259820,259820,0,,2026-09-03T19:04:17.619Z,2026-09-03T20:54:05.052Z,6588,2026-09-03T20:54:05.052Z,V6,Lake Charles,48b34b87-69c2-467d-a88c-67aac910c539,SAMMS-LCv5
202609032054003674,202609031904101444,202609031904101105,85,2794,Bronze INV,br_LiquidLog,TASK_COMPLETE,SUCCESS,INFO,166429,166429,0,,2026-09-03T19:04:17.619Z,2026-09-03T20:54:05.052Z,6588,2026-09-03T20:54:05.052Z,V8,Memphis Midtown,48b34b87-69c2-467d-a88c-67aac910c539,SAMMS-VCPHCS-VIII-MemphisV5
202609032054003676,202609031904101445,202609031904101105,85,2795,Bronze INV,br_LiquidLog,TASK_COMPLETE,SUCCESS,INFO,310851,310851,0,,2026-09-03T19:04:17.619Z,2026-09-03T20:54:05.052Z,6588,2026-09-03T20:54:05.052Z,V9,Nashville,48b34b87-69c2-467d-a88c-67aac910c539,SAMMS-NashvilleV5
202609032054006302,202609031904103690,202609031904101105,85,4191,Bronze INV,br_ReAssessmentSocial,TASK_COMPLETE,SUCCESS,INFO,3201,3201,0,,2026-09-03T19:04:17.619Z,2026-09-03T20:54:05.052Z,6588,2026-09-03T20:54:05.052Z,DRD-NOLA,NOLA,48b34b87-69c2-467d-a88c-67aac910c539,SAMMS-NOLAv5
202609032054006303,202609031904103691,202609031904101105,85,4192,Bronze INV,br_ReAssessmentSocial,TASK_COMPLETE,SUCCESS,INFO,798,798,0,,2026-09-03T19:04:17.619Z,2026-09-03T20:54:05.052Z,6588,2026-09-03T20:54:05.052Z,DRD-SF,Springfield,48b34b87-69c2-467d-a88c-67aac910c539,SAMMS-SFv5
202609032054006304,202609031904103692,202609031904101105,85,4194,Bronze INV,br_ReAssessmentSocial,TASK_COMPLETE,SUCCESS,INFO,260,260,0,,2026-09-03T19:04:17.619Z,2026-09-03T20:54:05.052Z,6588,2026-09-03T20:54:05.052Z,ELC,Elizabeth City,48b34b87-69c2-467d-a88c-67aac910c539,SAMMS-ElizabethCity
202609032054006305,202609031904103693,202609031904101105,85,4195,Bronze INV,br_ReAssessmentSocial,TASK_COMPLETE,SUCCESS,INFO,128,128,0,,2026-09-03T19:04:17.619Z,2026-09-03T20:54:05.052Z,6588,2026-09-03T20:54:05.052Z,ET,Elizabethtown,48b34b87-69c2-467d-a88c-67aac910c539,SAMMS-Elizabethtown
202609032054006307,202609031904103694,202609031904101105,85,4196,Bronze INV,br_ReAssessmentSocial,TASK_COMPLETE,SUCCESS,INFO,0,0,0,,2026-09-03T19:04:17.619Z,2026-09-03T20:54:05.052Z,6588,2026-09-03T20:54:05.052Z,FAY,Fayetteville,48b34b87-69c2-467d-a88c-67aac910c539,SAMMS-Fayetteville
202609032054006308,202609031904103695,202609031904101105,85,4197,Bronze INV,br_ReAssessmentSocial,TASK_COMPLETE,SUCCESS,INFO,156,156,0,,2026-09-03T19:04:17.619Z,2026-09-03T20:54:05.052Z,6588,2026-09-03T20:54:05.052Z,FR,Frankfort,48b34b87-69c2-467d-a88c-67aac910c539,SAMMS-Frankfort
202609032054006309,202609031904103696,202609031904101105,85,4198,Bronze INV,br_ReAssessmentSocial,TASK_COMPLETE,SUCCESS,INFO,0,0,0,,2026-09-03T19:04:17.619Z,2026-09-03T20:54:05.052Z,6588,2026-09-03T20:54:05.052Z,FS,Fort Smith,48b34b87-69c2-467d-a88c-67aac910c539,SAMMS-FortSmith
202609032054006310,202609031904103697,202609031904101105,85,4199,Bronze INV,br_ReAssessmentSocial,TASK_COMPLETE,SUCCESS,INFO,465,465,0,,2026-09-03T19:04:17.619Z,2026-09-03T20:54:05.052Z,6588,2026-09-03T20:54:05.052Z,FW,Fort Wayne,48b34b87-69c2-467d-a88c-67aac910c539,SAMMS-FortWayne
202609032054006311,202609031904103698,202609031904101105,85,4200,Bronze INV,br_ReAssessmentSocial,TASK_COMPLETE,SUCCESS,INFO,273,273,0,,2026-09-03T19:04:17.619Z,2026-09-03T20:54:05.052Z,6588,2026-09-03T20:54:05.052Z,GAL,Gaylord,48b34b87-69c2-467d-a88c-67aac910c539,SAMMS-Gaylord
202609032054006312,202609031904103699,202609031904101105,85,4204,Bronze INV,br_ReAssessmentSocial,TASK_COMPLETE,SUCCESS,INFO,100,100,0,,2026-09-03T19:04:17.619Z,2026-09-03T20:54:05.052Z,6588,2026-09-03T20:54:05.052Z,HGT,Hagerstown,48b34b87-69c2-467d-a88c-67aac910c539,SAMMS-Hagerstown
202609032054006313,202609031904103700,202609031904101105,85,4205,Bronze INV,br_ReAssessmentSocial,TASK_COMPLETE,SUCCESS,INFO,1718,1718,0,,2026-09-03T19:04:17.619Z,2026-09-03T20:54:05.052Z,6588,2026-09-03T20:54:05.052Z,HNT,Huntsville,48b34b87-69c2-467d-a88c-67aac910c539,SAMMS-Huntsville
202609032054006315,202609031904103701,202609031904101105,85,4206,Bronze INV,br_ReAssessmentSocial,TASK_COMPLETE,SUCCESS,INFO,0,0,0,,2026-09-03T19:04:17.619Z,2026-09-03T20:54:05.052Z,6588,2026-09-03T20:54:05.052Z,HS,Hot Springs,48b34b87-69c2-467d-a88c-67aac910c539,SAMMS-HotSprings
202609032054006316,202609031904103702,202609031904101105,85,4207,Bronze INV,br_ReAssessmentSocial,TASK_COMPLETE,SUCCESS,INFO,0,0,0,,2026-09-03T19:04:17.619Z,2026-09-03T20:54:05.052Z,6588,2026-09-03T20:54:05.052Z,JON,Jonesboro,48b34b87-69c2-467d-a88c-67aac910c539,SAMMS-Jonesboro
202609032054006317,202609031904103703,202609031904101105,85,4209,Bronze INV,br_ReAssessmentSocial,TASK_COMPLETE,SUCCESS,INFO,444,444,0,,2026-09-03T19:04:17.619Z,2026-09-03T20:54:05.052Z,6588,2026-09-03T20:54:05.052Z,LAN,Lansing,48b34b87-69c2-467d-a88c-67aac910c539,SAMMS-Lansing
202609032054006318,202609031904103704,202609031904101105,85,4210,Bronze INV,br_ReAssessmentSocial,TASK_COMPLETE,SUCCESS,INFO,1286,1286,0,,2026-09-03T19:04:17.619Z,2026-09-03T20:54:05.052Z,6588,2026-09-03T20:54:05.052Z,LO,Louisville,48b34b87-69c2-467d-a88c-67aac910c539,SAMMS-Louisville
202609032054006319,202609031904103705,202609031904101105,85,4211,Bronze INV,br_ReAssessmentSocial,TASK_COMPLETE,SUCCESS,INFO,291,291,0,,2026-09-03T19:04:17.619Z,2026-09-03T20:54:05.052Z,6588,2026-09-03T20:54:05.052Z,LV1,Cheyenne,48b34b87-69c2-467d-a88c-67aac910c539,SAMMS-Cheyenne
202609032054006320,202609031904103706,202609031904101105,85,4212,Bronze INV,br_ReAssessmentSocial,TASK_COMPLETE,SUCCESS,INFO,204,204,0,,2026-09-03T19:04:17.619Z,2026-09-03T20:54:05.052Z,6588,2026-09-03T20:54:05.052Z,LV2,Desert Inn,48b34b87-69c2-467d-a88c-67aac910c539,SAMMS-DesertInn
202609032054006321,202609031904103707,202609031904101105,85,4213,Bronze INV,br_ReAssessmentSocial,TASK_COMPLETE,SUCCESS,INFO,110,110,0,,2026-09-03T19:04:17.619Z,2026-09-03T20:54:05.052Z,6588,2026-09-03T20:54:05.052Z,LV3,McDaniel,48b34b87-69c2-467d-a88c-67aac910c539,SAMMS-McDaniel
202609032054006323,202609031904103708,202609031904101105,85,4216,Bronze INV,br_ReAssessmentSocial,TASK_COMPLETE,SUCCESS,INFO,358,358,0,,2026-09-03T19:04:17.619Z,2026-09-03T20:54:05.052Z,6588,2026-09-03T20:54:05.052Z,MNRE,Monroe,48b34b87-69c2-467d-a88c-67aac910c539,SAMMS-Monroe
202609032054006324,202609031904103709,202609031904101105,85,4217,Bronze INV,br_ReAssessmentSocial,TASK_COMPLETE,SUCCESS,INFO,1422,1422,0,,2026-09-03T19:04:17.619Z,2026-09-03T20:54:05.052Z,6588,2026-09-03T20:54:05.052Z,MP,Mt. Pleasant,48b34b87-69c2-467d-a88c-67aac910c539,SAMMS-MtPleasant
202609032054006325,202609031904103710,202609031904101105,85,4218,Bronze INV,br_ReAssessmentSocial,TASK_COMPLETE,SUCCESS,INFO,153,153,0,,2026-09-03T19:04:17.619Z,2026-09-03T20:54:05.052Z,6588,2026-09-03T20:54:05.052Z,MRD,Meridian,48b34b87-69c2-467d-a88c-67aac910c539,SAMMS-Meridian
202609032054006326,202609031904103711,202609031904101105,85,4223,Bronze INV,br_ReAssessmentSocial,TASK_COMPLETE,SUCCESS,INFO,693,693,0,,2026-09-03T19:04:17.619Z,2026-09-03T20:54:05.052Z,6588,2026-09-03T20:54:05.052Z,NC,North Charleston,48b34b87-69c2-467d-a88c-67aac910c539,SAMMS-NorthCharleston
202609032054006328,202609031904103712,202609031904101105,85,4224,Bronze INV,br_ReAssessmentSocial,TASK_COMPLETE,SUCCESS,INFO,0,0,0,,2026-09-03T19:04:17.619Z,2026-09-03T20:54:05.052Z,6588,2026-09-03T20:54:05.052Z,NLR,N. Little Rock,48b34b87-69c2-467d-a88c-67aac910c539,SAMMS-NLROBOT
202609032054006329,202609031904103713,202609031904101105,85,4225,Bronze INV,br_ReAssessmentSocial,TASK_COMPLETE,SUCCESS,INFO,111,111,0,,2026-09-03T19:04:17.619Z,2026-09-03T20:54:05.052Z,6588,2026-09-03T20:54:05.052Z,PH,Phoenix,48b34b87-69c2-467d-a88c-67aac910c539,SAMMS-Phoenix
202609032054006330,202609031904103714,202609031904101105,85,4229,Bronze INV,br_ReAssessmentSocial,TASK_COMPLETE,SUCCESS,INFO,213,213,0,,2026-09-03T19:04:17.619Z,2026-09-03T20:54:05.052Z,6588,2026-09-03T20:54:05.052Z,RE,Reno,48b34b87-69c2-467d-a88c-67aac910c539,SAMMS-Reno
202609032054006331,202609031904103715,202609031904101105,85,4230,Bronze INV,br_ReAssessmentSocial,TASK_COMPLETE,SUCCESS,INFO,87,87,0,,2026-09-03T19:04:17.619Z,2026-09-03T20:54:05.052Z,6588,2026-09-03T20:54:05.052Z,RMD,Richmond,48b34b87-69c2-467d-a88c-67aac910c539,SAMMS-Richmond
202609032054006332,202609031904103716,202609031904101105,85,4231,Bronze INV,br_ReAssessmentSocial,TASK_COMPLETE,SUCCESS,INFO,589,589,0,,2026-09-03T19:04:17.619Z,2026-09-03T20:54:05.052Z,6588,2026-09-03T20:54:05.052Z,SFN,Springfield North,48b34b87-69c2-467d-a88c-67aac910c539,SAMMS-SFNv5
202609032054006333,202609031904103717,202609031904101105,85,4232,Bronze INV,br_ReAssessmentSocial,TASK_COMPLETE,SUCCESS,INFO,762,762,0,,2026-09-03T19:04:17.619Z,2026-09-03T20:54:05.052Z,6588,2026-09-03T20:54:05.052Z,SHP,Shreveport,48b34b87-69c2-467d-a88c-67aac910c539,SAMMS-Shreveport
202609032054006334,202609031904103718,202609031904101105,85,4234,Bronze INV,br_ReAssessmentSocial,TASK_COMPLETE,SUCCESS,INFO,483,483,0,,2026-09-03T19:04:17.619Z,2026-09-03T20:54:05.052Z,6588,2026-09-03T20:54:05.052Z,STN,Staunton,48b34b87-69c2-467d-a88c-67aac910c539,SAMMS-Staunton
202609032054006336,202609031904103719,202609031904101105,85,4235,Bronze INV,br_ReAssessmentSocial,TASK_COMPLETE,SUCCESS,INFO,225,225,0,,2026-09-03T19:04:17.619Z,2026-09-03T20:54:05.052Z,6588,2026-09-03T20:54:05.052Z,STVN,Stevenson,48b34b87-69c2-467d-a88c-67aac910c539,SAMMS-Stevenson
202609032054006337,202609031904103720,202609031904101105,85,4237,Bronze INV,br_ReAssessmentSocial,TASK_COMPLETE,SUCCESS,INFO,173,173,0,,2026-09-03T19:04:17.619Z,2026-09-03T20:54:05.052Z,6588,2026-09-03T20:54:05.052Z,TE,Tempe,48b34b87-69c2-467d-a88c-67aac910c539,SAMMS-Tempe
202609032054006338,202609031904103721,202609031904101105,85,4238,Bronze INV,br_ReAssessmentSocial,TASK_COMPLETE,SUCCESS,INFO,0,0,0,,2026-09-03T19:04:17.619Z,2026-09-03T20:54:05.052Z,6588,2026-09-03T20:54:05.052Z,TEX,Texarkana,48b34b87-69c2-467d-a88c-67aac910c539,SAMMS-Texarkana
202609032054006339,202609031904103722,202609031904101105,85,4239,Bronze INV,br_ReAssessmentSocial,TASK_COMPLETE,SUCCESS,INFO,1069,1069,0,,2026-09-03T19:04:17.619Z,2026-09-03T20:54:05.052Z,6588,2026-09-03T20:54:05.052Z,TTCA,Bessemer,48b34b87-69c2-467d-a88c-67aac910c539,SAMMS-BessemerV5
202609032054006340,202609031904103723,202609031904101105,85,4240,Bronze INV,br_ReAssessmentSocial,TASK_COMPLETE,SUCCESS,INFO,1315,1315,0,,2026-09-03T19:04:17.619Z,2026-09-03T20:54:05.052Z,6588,2026-09-03T20:54:05.052Z,TTCB,Cullman,48b34b87-69c2-467d-a88c-67aac910c539,SAMMS-CullmanV5
202609032054006341,202609031904103724,202609031904101105,85,4241,Bronze INV,br_ReAssessmentSocial,TASK_COMPLETE,SUCCESS,INFO,939,939,0,,2026-09-03T19:04:17.619Z,2026-09-03T20:54:05.052Z,6588,2026-09-03T20:54:05.052Z,TTCC,Grand Bay,48b34b87-69c2-467d-a88c-67aac910c539,SAMMS-GrandBay
202609032054006342,202609031904103725,202609031904101105,85,4242,Bronze INV,br_ReAssessmentSocial,TASK_COMPLETE,SUCCESS,INFO,15,15,0,,2026-09-03T19:04:17.619Z,2026-09-03T20:54:05.052Z,6588,2026-09-03T20:54:05.052Z,TU,Tucson,48b34b87-69c2-467d-a88c-67aac910c539,SAMMS-Tucson
202609032054006344,202609031904103726,202609031904101105,85,4244,Bronze INV,br_ReAssessmentSocial,TASK_COMPLETE,SUCCESS,INFO,660,660,0,,2026-09-03T19:04:17.619Z,2026-09-03T20:54:05.052Z,6588,2026-09-03T20:54:05.052Z,V1,Memphis South,48b34b87-69c2-467d-a88c-67aac910c539,SAMMS-VCPHCS-I-MemphisV5
202609032054006345,202609031904103727,202609031904101105,85,4245,Bronze INV,br_ReAssessmentSocial,TASK_COMPLETE,SUCCESS,INFO,1626,1626,0,,2026-09-03T19:04:17.619Z,2026-09-03T20:54:05.052Z,6588,2026-09-03T20:54:05.052Z,V10,Longmont,48b34b87-69c2-467d-a88c-67aac910c539,SAMMS-BoulderV5
202609032054006346,202609031904103728,202609031904101105,85,4246,Bronze INV,br_ReAssessmentSocial,TASK_COMPLETE,SUCCESS,INFO,1511,1511,0,,2026-09-03T19:04:17.619Z,2026-09-03T20:54:05.052Z,6588,2026-09-03T20:54:05.052Z,V10A,Fort Collins,48b34b87-69c2-467d-a88c-67aac910c539,SAMMS-FortCollinsV5
202609032054006347,202609031904103729,202609031904101105,85,4247,Bronze INV,br_ReAssessmentSocial,TASK_COMPLETE,SUCCESS,INFO,2864,2864,0,,2026-09-03T19:04:17.619Z,2026-09-03T20:54:05.052Z,6588,2026-09-03T20:54:05.052Z,V11,Westminster,48b34b87-69c2-467d-a88c-67aac910c539,SAMMS-VCPHCS-XI-NorthDenverV5
202609032054006348,202609031904103730,202609031904101105,85,4248,Bronze INV,br_ReAssessmentSocial,TASK_COMPLETE,SUCCESS,INFO,3024,3024,0,,2026-09-03T19:04:17.619Z,2026-09-03T20:54:05.052Z,6588,2026-09-03T20:54:05.052Z,V12,Downtown Denver,48b34b87-69c2-467d-a88c-67aac910c539,SAMMS-VCPHCS-XII-DowntownDenverV5
202609032054006349,202609031904103731,202609031904101105,85,4249,Bronze INV,br_ReAssessmentSocial,TASK_COMPLETE,SUCCESS,INFO,1132,1132,0,,2026-09-03T19:04:17.619Z,2026-09-03T20:54:05.052Z,6588,2026-09-03T20:54:05.052Z,V12A,Centennial,48b34b87-69c2-467d-a88c-67aac910c539,SAMMS-CentennialV5
202609032054006351,202609031904103732,202609031904101105,85,4250,Bronze INV,br_ReAssessmentSocial,TASK_COMPLETE,SUCCESS,INFO,293,293,0,,2026-09-03T19:04:17.619Z,2026-09-03T20:54:05.052Z,6588,2026-09-03T20:54:05.052Z,V14,Overland Park,48b34b87-69c2-467d-a88c-67aac910c539,SAMMS-VCPHCS-XIV-BridgewayV5
202609032054006352,202609031904103733,202609031904101105,85,4251,Bronze INV,br_ReAssessmentSocial,TASK_COMPLETE,SUCCESS,INFO,608,608,0,,2026-09-03T19:04:17.619Z,2026-09-03T20:54:05.052Z,6588,2026-09-03T20:54:05.052Z,V15,Joplin,48b34b87-69c2-467d-a88c-67aac910c539,SAMMS-JoplinV5
202609032054006353,202609031904103734,202609031904101105,85,4253,Bronze INV,br_ReAssessmentSocial,TASK_COMPLETE,SUCCESS,INFO,901,901,0,,2026-09-03T19:04:17.619Z,2026-09-03T20:54:05.052Z,6588,2026-09-03T20:54:05.052Z,V17,Columbia TN,48b34b87-69c2-467d-a88c-67aac910c539,SAMMS-ColumbiaTNv5
202609032054006354,202609031904103735,202609031904101105,85,4255,Bronze INV,br_ReAssessmentSocial,TASK_COMPLETE,SUCCESS,INFO,533,533,0,,2026-09-03T19:04:17.619Z,2026-09-03T20:54:05.052Z,6588,2026-09-03T20:54:05.052Z,V19,Jackson,48b34b87-69c2-467d-a88c-67aac910c539,SAMMS-JacksonV5
202609032054006355,202609031904103736,202609031904101105,85,4257,Bronze INV,br_ReAssessmentSocial,TASK_COMPLETE,SUCCESS,INFO,1758,1758,0,,2026-09-03T19:04:17.619Z,2026-09-03T20:54:05.052Z,6588,2026-09-03T20:54:05.052Z,V20,Paris,48b34b87-69c2-467d-a88c-67aac910c539,SAMMS-ParisV5
202609032054006356,202609031904103737,202609031904101105,85,4258,Bronze INV,br_ReAssessmentSocial,TASK_COMPLETE,SUCCESS,INFO,723,723,0,,2026-09-03T19:04:17.619Z,2026-09-03T20:54:05.052Z,6588,2026-09-03T20:54:05.052Z,V21,Memphis North,48b34b87-69c2-467d-a88c-67aac910c539,SAMMS-RaleighV5
202609032054006357,202609031904103738,202609031904101105,85,4261,Bronze INV,br_ReAssessmentSocial,TASK_COMPLETE,SUCCESS,INFO,1770,1770,0,,2026-09-03T19:04:17.619Z,2026-09-03T20:54:05.052Z,6588,2026-09-03T20:54:05.052Z,V5,West Bank,48b34b87-69c2-467d-a88c-67aac910c539,SAMMS-NONTCv5
202609032054006359,202609031904103739,202609031904101105,85,4263,Bronze INV,br_ReAssessmentSocial,TASK_COMPLETE,SUCCESS,INFO,144,144,0,,2026-09-03T19:04:17.619Z,2026-09-03T20:54:05.052Z,6588,2026-09-03T20:54:05.052Z,V5B,Houma,48b34b87-69c2-467d-a88c-67aac910c539,SAMMS-HoumaV6
202609032054006360,202609031904103740,202609031904101105,85,4264,Bronze INV,br_ReAssessmentSocial,TASK_COMPLETE,SUCCESS,INFO,1906,1906,0,,2026-09-03T19:04:17.619Z,2026-09-03T20:54:05.052Z,6588,2026-09-03T20:54:05.052Z,V6,Lake Charles,48b34b87-69c2-467d-a88c-67aac910c539,SAMMS-LCv5
202609032054006361,202609031904103741,202609031904101105,85,4266,Bronze INV,br_ReAssessmentSocial,TASK_COMPLETE,SUCCESS,INFO,739,739,0,,2026-09-03T19:04:17.619Z,2026-09-03T20:54:05.052Z,6588,2026-09-03T20:54:05.052Z,V8,Memphis Midtown,48b34b87-69c2-467d-a88c-67aac910c539,SAMMS-VCPHCS-VIII-MemphisV5
202609032054006362,202609031904103742,202609031904101105,85,4267,Bronze INV,br_ReAssessmentSocial,TASK_COMPLETE,SUCCESS,INFO,1760,1760,0,,2026-09-03T19:04:17.619Z,2026-09-03T20:54:05.052Z,6588,2026-09-03T20:54:05.052Z,V9,Nashville,48b34b87-69c2-467d-a88c-67aac910c539,SAMMS-NashvilleV5
202609032054006363,202609031904103743,202609031904101105,85,4268,Bronze INV,br_ReAssessmentSocial,TASK_COMPLETE,SUCCESS,INFO,838,838,0,,2026-09-03T19:04:17.619Z,2026-09-03T20:54:05.052Z,6588,2026-09-03T20:54:05.052Z,VBRA,Brainerd,48b34b87-69c2-467d-a88c-67aac910c539,SAMMS-BrainerdV6
202609032054006364,202609031904103744,202609031904101105,85,4269,Bronze INV,br_ReAssessmentSocial,TASK_COMPLETE,SUCCESS,INFO,1957,1957,0,,2026-09-03T19:04:17.619Z,2026-09-03T20:54:05.052Z,6588,2026-09-03T20:54:05.052Z,VBRP,Brooklyn Park,48b34b87-69c2-467d-a88c-67aac910c539,SAMMS-BrooklynParkV6
202609032054006366,202609031904103745,202609031904101105,85,4271,Bronze INV,br_ReAssessmentSocial,TASK_COMPLETE,SUCCESS,INFO,740,740,0,,2026-09-03T19:04:17.619Z,2026-09-03T20:54:05.052Z,6588,2026-09-03T20:54:05.052Z,VMIN,Minneapolis,48b34b87-69c2-467d-a88c-67aac910c539,SAMMS-MinneapolisV6
202609032054006367,202609031904103746,202609031904101105,85,4272,Bronze INV,br_ReAssessmentSocial,TASK_COMPLETE,SUCCESS,INFO,876,876,0,,2026-09-03T19:04:17.619Z,2026-09-03T20:54:05.052Z,6588,2026-09-03T20:54:05.052Z,VWBY,Woodbury,48b34b87-69c2-467d-a88c-67aac910c539,SAMMS-WoodburyV6
202609032054006368,202609031904103747,202609031904101105,85,4274,Bronze INV,br_ReAssessmentSocial,TASK_COMPLETE,SUCCESS,INFO,161,161,0,,2026-09-03T19:04:17.619Z,2026-09-03T20:54:05.052Z,6588,2026-09-03T20:54:05.052Z,WIL,Wilson,48b34b87-69c2-467d-a88c-67aac910c539,SAMMS-Wilson
202609032054006369,202609031904103748,202609031904101105,85,4462,Bronze INV,br_ReAssessmentTreatment,TASK_COMPLETE,SUCCESS,INFO,35,35,0,,2026-09-03T19:04:17.619Z,2026-09-03T20:54:05.052Z,6588,2026-09-03T20:54:05.052Z,AHK,Ahoskie,48b34b87-69c2-467d-a88c-67aac910c539,SAMMS-Ahoskie
202609032054006370,202609031904103749,202609031904101105,85,4463,Bronze INV,br_ReAssessmentTreatment,TASK_COMPLETE,SUCCESS,INFO,662,662,0,,2026-09-03T19:04:17.619Z,2026-09-03T20:54:05.052Z,6588,2026-09-03T20:54:05.052Z,B12B,Colorado Springs,48b34b87-69c2-467d-a88c-67aac910c539,SAMMS-ColoradoSpringsV5
202609032054006372,202609031904103750,202609031904101105,85,4464,Bronze INV,br_ReAssessmentTreatment,TASK_COMPLETE,SUCCESS,INFO,828,828,0,,2026-09-03T19:04:17.619Z,2026-09-03T20:54:05.052Z,6588,2026-09-03T20:54:05.052Z,B24,Paintsville,48b34b87-69c2-467d-a88c-67aac910c539,SAMMS-PaintsvilleV5
202609032054006373,202609031904103751,202609031904101105,85,4465,Bronze INV,br_ReAssessmentTreatment,TASK_COMPLETE,SUCCESS,INFO,646,646,0,,2026-09-03T19:04:17.619Z,2026-09-03T20:54:05.052Z,6588,2026-09-03T20:54:05.052Z,B25,Pikeville,48b34b87-69c2-467d-a88c-67aac910c539,SAMMS-PikevilleV5
202609032054006374,202609031904103752,202609031904101105,85,4466,Bronze INV,br_ReAssessmentTreatment,TASK_COMPLETE,SUCCESS,INFO,973,973,0,,2026-09-03T19:04:17.619Z,2026-09-03T20:54:05.052Z,6588,2026-09-03T20:54:05.052Z,B26,Hazard,48b34b87-69c2-467d-a88c-67aac910c539,SAMMS-HazardV5
202609032054006375,202609031904103753,202609031904101105,85,4467,Bronze INV,br_ReAssessmentTreatment,TASK_COMPLETE,SUCCESS,INFO,532,532,0,,2026-09-03T19:04:17.619Z,2026-09-03T20:54:05.052Z,6588,2026-09-03T20:54:05.052Z,B27,Savannah,48b34b87-69c2-467d-a88c-67aac910c539,SAMMS-SavannahV6
202609032054006377,202609031904103754,202609031904101105,85,4468,Bronze INV,br_ReAssessmentTreatment,TASK_COMPLETE,SUCCESS,INFO,247,247,0,,2026-09-03T19:04:17.619Z,2026-09-03T20:54:05.052Z,6588,2026-09-03T20:54:05.052Z,B28,West Plains,48b34b87-69c2-467d-a88c-67aac910c539,SAMMS-WestPlainesV5
202609032054006378,202609031904103755,202609031904101105,85,4469,Bronze INV,br_ReAssessmentTreatment,TASK_COMPLETE,SUCCESS,INFO,460,460,0,,2026-09-03T19:04:17.619Z,2026-09-03T20:54:05.052Z,6588,2026-09-03T20:54:05.052Z,B29,Poplar Bluff,48b34b87-69c2-467d-a88c-67aac910c539,SAMMS-PoplarBluffV5
202609032054006379,202609031904103756,202609031904101105,85,4470,Bronze INV,br_ReAssessmentTreatment,TASK_COMPLETE,SUCCESS,INFO,78,78,0,,2026-09-03T19:04:17.619Z,2026-09-03T20:54:05.052Z,6588,2026-09-03T20:54:05.052Z,B30,KC North,48b34b87-69c2-467d-a88c-67aac910c539,SAMMS-KCNv5
202609032054006380,202609031904103757,202609031904101105,85,4471,Bronze INV,br_ReAssessmentTreatment,TASK_COMPLETE,SUCCESS,INFO,400,400,0,,2026-09-03T19:04:17.619Z,2026-09-03T20:54:05.052Z,6588,2026-09-03T20:54:05.052Z,B31,Dyersburg,48b34b87-69c2-467d-a88c-67aac910c539,SAMMS-DyersburgV5
202609032054005826,202609031904103282,202609031904101105,85,3531,Bronze INV,br_ReAssessmentLegal,TASK_COMPLETE,SUCCESS,INFO,1758,1758,0,,2026-09-03T19:04:17.619Z,2026-09-03T20:54:05.052Z,6588,2026-09-03T20:54:05.052Z,V9,Nashville,48b34b87-69c2-467d-a88c-67aac910c539,SAMMS-NashvilleV5
202609032054005827,202609031904103283,202609031904101105,85,3532,Bronze INV,br_ReAssessmentLegal,TASK_COMPLETE,SUCCESS,INFO,837,837,0,,2026-09-03T19:04:17.619Z,2026-09-03T20:54:05.052Z,6588,2026-09-03T20:54:05.052Z,VBRA,Brainerd,48b34b87-69c2-467d-a88c-67aac910c539,SAMMS-BrainerdV6
202609032054005828,202609031904103284,202609031904101105,85,3533,Bronze INV,br_ReAssessmentLegal,TASK_COMPLETE,SUCCESS,INFO,1953,1953,0,,2026-09-03T19:04:17.619Z,2026-09-03T20:54:05.052Z,6588,2026-09-03T20:54:05.052Z,VBRP,Brooklyn Park,48b34b87-69c2-467d-a88c-67aac910c539,SAMMS-BrooklynParkV6
202609032054005829,202609031904103285,202609031904101105,85,3535,Bronze INV,br_ReAssessmentLegal,TASK_COMPLETE,SUCCESS,INFO,743,743,0,,2026-09-03T19:04:17.619Z,2026-09-03T20:54:05.052Z,6588,2026-09-03T20:54:05.052Z,VMIN,Minneapolis,48b34b87-69c2-467d-a88c-67aac910c539,SAMMS-MinneapolisV6
202609032054005830,202609031904103286,202609031904101105,85,3536,Bronze INV,br_ReAssessmentLegal,TASK_COMPLETE,SUCCESS,INFO,881,881,0,,2026-09-03T19:04:17.619Z,2026-09-03T20:54:05.052Z,6588,2026-09-03T20:54:05.052Z,VWBY,Woodbury,48b34b87-69c2-467d-a88c-67aac910c539,SAMMS-WoodburyV6
202609032054005832,202609031904103287,202609031904101105,85,3538,Bronze INV,br_ReAssessmentLegal,TASK_COMPLETE,SUCCESS,INFO,160,160,0,,2026-09-03T19:04:17.619Z,2026-09-03T20:54:05.052Z,6588,2026-09-03T20:54:05.052Z,WIL,Wilson,48b34b87-69c2-467d-a88c-67aac910c539,SAMMS-Wilson
202609032054005833,202609031904103288,202609031904101105,85,3542,Bronze INV,br_ReAssessmentMentalHealth,TASK_COMPLETE,SUCCESS,INFO,35,35,0,,2026-09-03T19:04:17.619Z,2026-09-03T20:54:05.052Z,6588,2026-09-03T20:54:05.052Z,AHK,Ahoskie,48b34b87-69c2-467d-a88c-67aac910c539,SAMMS-Ahoskie
202609032054005834,202609031904103289,202609031904101105,85,3543,Bronze INV,br_ReAssessmentMentalHealth,TASK_COMPLETE,SUCCESS,INFO,662,662,0,,2026-09-03T19:04:17.619Z,2026-09-03T20:54:05.052Z,6588,2026-09-03T20:54:05.052Z,B12B,Colorado Springs,48b34b87-69c2-467d-a88c-67aac910c539,SAMMS-ColoradoSpringsV5
202609032054005835,202609031904103290,202609031904101105,85,3544,Bronze INV,br_ReAssessmentMentalHealth,TASK_COMPLETE,SUCCESS,INFO,835,835,0,,2026-09-03T19:04:17.619Z,2026-09-03T20:54:05.052Z,6588,2026-09-03T20:54:05.052Z,B24,Paintsville,48b34b87-69c2-467d-a88c-67aac910c539,SAMMS-PaintsvilleV5
202609032054005836,202609031904103291,202609031904101105,85,3545,Bronze INV,br_ReAssessmentMentalHealth,TASK_COMPLETE,SUCCESS,INFO,646,646,0,,2026-09-03T19:04:17.619Z,2026-09-03T20:54:05.052Z,6588,2026-09-03T20:54:05.052Z,B25,Pikeville,48b34b87-69c2-467d-a88c-67aac910c539,SAMMS-PikevilleV5
202609032054005837,202609031904103292,202609031904101105,85,3546,Bronze INV,br_ReAssessmentMentalHealth,TASK_COMPLETE,SUCCESS,INFO,970,970,0,,2026-09-03T19:04:17.619Z,2026-09-03T20:54:05.052Z,6588,2026-09-03T20:54:05.052Z,B26,Hazard,48b34b87-69c2-467d-a88c-67aac910c539,SAMMS-HazardV5
202609032054005839,202609031904103293,202609031904101105,85,3547,Bronze INV,br_ReAssessmentMentalHealth,TASK_COMPLETE,SUCCESS,INFO,532,532,0,,2026-09-03T19:04:17.619Z,2026-09-03T20:54:05.052Z,6588,2026-09-03T20:54:05.052Z,B27,Savannah,48b34b87-69c2-467d-a88c-67aac910c539,SAMMS-SavannahV6
202609032054005840,202609031904103294,202609031904101105,85,3548,Bronze INV,br_ReAssessmentMentalHealth,TASK_COMPLETE,SUCCESS,INFO,246,246,0,,2026-09-03T19:04:17.619Z,2026-09-03T20:54:05.052Z,6588,2026-09-03T20:54:05.052Z,B28,West Plains,48b34b87-69c2-467d-a88c-67aac910c539,SAMMS-WestPlainesV5
202609032054005841,202609031904103295,202609031904101105,85,3549,Bronze INV,br_ReAssessmentMentalHealth,TASK_COMPLETE,SUCCESS,INFO,461,461,0,,2026-09-03T19:04:17.619Z,2026-09-03T20:54:05.052Z,6588,2026-09-03T20:54:05.052Z,B29,Poplar Bluff,48b34b87-69c2-467d-a88c-67aac910c539,SAMMS-PoplarBluffV5
202609032054005842,202609031904103296,202609031904101105,85,3550,Bronze INV,br_ReAssessmentMentalHealth,TASK_COMPLETE,SUCCESS,INFO,79,79,0,,2026-09-03T19:04:17.619Z,2026-09-03T20:54:05.052Z,6588,2026-09-03T20:54:05.052Z,B30,KC North,48b34b87-69c2-467d-a88c-67aac910c539,SAMMS-KCNv5
202609032054005843,202609031904103297,202609031904101105,85,3551,Bronze INV,br_ReAssessmentMentalHealth,TASK_COMPLETE,SUCCESS,INFO,401,401,0,,2026-09-03T19:04:17.619Z,2026-09-03T20:54:05.052Z,6588,2026-09-03T20:54:05.052Z,B31,Dyersburg,48b34b87-69c2-467d-a88c-67aac910c539,SAMMS-DyersburgV5
202609032054005844,202609031904103298,202609031904101105,85,3553,Bronze INV,br_ReAssessmentMentalHealth,TASK_COMPLETE,SUCCESS,INFO,487,487,0,,2026-09-03T19:04:17.619Z,2026-09-03T20:54:05.052Z,6588,2026-09-03T20:54:05.052Z,B33,Paducah,48b34b87-69c2-467d-a88c-67aac910c539,SAMMS-Paducah
202609032054005846,202609031904103299,202609031904101105,85,3554,Bronze INV,br_ReAssessmentMentalHealth,TASK_COMPLETE,SUCCESS,INFO,386,386,0,,2026-09-03T19:04:17.619Z,2026-09-03T20:54:05.052Z,6588,2026-09-03T20:54:05.052Z,B34,Corbin,48b34b87-69c2-467d-a88c-67aac910c539,SAMMS-CorbinV5
202609032054005847,202609031904103300,202609031904101105,85,3555,Bronze INV,br_ReAssessmentMentalHealth,TASK_COMPLETE,SUCCESS,INFO,242,242,0,,2026-09-03T19:04:17.619Z,2026-09-03T20:54:05.052Z,6588,2026-09-03T20:54:05.052Z,B35,Lexington,48b34b87-69c2-467d-a88c-67aac910c539,SAMMS-LexingtonV5
202609032054005848,202609031904103301,202609031904101105,85,3556,Bronze INV,br_ReAssessmentMentalHealth,TASK_COMPLETE,SUCCESS,INFO,77,77,0,,2026-09-03T19:04:17.619Z,2026-09-03T20:54:05.052Z,6588,2026-09-03T20:54:05.052Z,B35A,Berea,48b34b87-69c2-467d-a88c-67aac910c539,SAMMS-BereaV5
202609032054005849,202609031904103302,202609031904101105,85,3557,Bronze INV,br_ReAssessmentMentalHealth,TASK_COMPLETE,SUCCESS,INFO,20,20,0,,2026-09-03T19:04:17.619Z,2026-09-03T20:54:05.052Z,6588,2026-09-03T20:54:05.052Z,B36,Asheville,48b34b87-69c2-467d-a88c-67aac910c539,SAMMS-AshevilleV5
202609032054005851,202609031904103303,202609031904101105,85,3558,Bronze INV,br_ReAssessmentMentalHealth,TASK_COMPLETE,SUCCESS,INFO,1,1,0,,2026-09-03T19:04:17.619Z,2026-09-03T20:54:05.052Z,6588,2026-09-03T20:54:05.052Z,B37,Clyde,48b34b87-69c2-467d-a88c-67aac910c539,SAMMS-ClydeV5
202609032054005852,202609031904103304,202609031904101105,85,3559,Bronze INV,br_ReAssessmentMentalHealth,TASK_COMPLETE,SUCCESS,INFO,1188,1188,0,,2026-09-03T19:04:17.619Z,2026-09-03T20:54:05.052Z,6588,2026-09-03T20:54:05.052Z,B38,Spartanburg,48b34b87-69c2-467d-a88c-67aac910c539,SAMMS-SpartanburgV5
202609032054005853,202609031904103305,202609031904101105,85,3560,Bronze INV,br_ReAssessmentMentalHealth,TASK_COMPLETE,SUCCESS,INFO,362,362,0,,2026-09-03T19:04:17.619Z,2026-09-03T20:54:05.052Z,6588,2026-09-03T20:54:05.052Z,B39,Aiken,48b34b87-69c2-467d-a88c-67aac910c539,SAMMS-AikenV5
202609032054005854,202609031904103306,202609031904101105,85,3561,Bronze INV,br_ReAssessmentMentalHealth,TASK_COMPLETE,SUCCESS,INFO,1892,1892,0,,2026-09-03T19:04:17.619Z,2026-09-03T20:54:05.052Z,6588,2026-09-03T20:54:05.052Z,B41,Chesapeake,48b34b87-69c2-467d-a88c-67aac910c539,SAMMS-ChesapeakeV5
202609032054005855,202609031904103307,202609031904101105,85,3562,Bronze INV,br_ReAssessmentMentalHealth,TASK_COMPLETE,SUCCESS,INFO,1919,1919,0,,2026-09-03T19:04:17.619Z,2026-09-03T20:54:05.052Z,6588,2026-09-03T20:54:05.052Z,B42,Virginia Beach,48b34b87-69c2-467d-a88c-67aac910c539,SAMMS-VirginiaBeachV5
202609032054005856,202609031904103308,202609031904101105,85,3563,Bronze INV,br_ReAssessmentMentalHealth,TASK_COMPLETE,SUCCESS,INFO,931,931,0,,2026-09-03T19:04:17.619Z,2026-09-03T20:54:05.052Z,6588,2026-09-03T20:54:05.052Z,B42A,Newport News,48b34b87-69c2-467d-a88c-67aac910c539,SAMMS-NewportNewsV5
202609032054005858,202609031904103309,202609031904101105,85,3564,Bronze INV,br_ReAssessmentMentalHealth,TASK_COMPLETE,SUCCESS,INFO,508,508,0,,2026-09-03T19:04:17.619Z,2026-09-03T20:54:05.052Z,6588,2026-09-03T20:54:05.052Z,B42B,Franklin,48b34b87-69c2-467d-a88c-67aac910c539,SAMMS-FranklinV5
202609032054005859,202609031904103310,202609031904101105,85,3565,Bronze INV,br_ReAssessmentMentalHealth,TASK_COMPLETE,SUCCESS,INFO,345,345,0,,2026-09-03T19:04:17.619Z,2026-09-03T20:54:05.052Z,6588,2026-09-03T20:54:05.052Z,B42C,Glen Allen,48b34b87-69c2-467d-a88c-67aac910c539,SAMMS-GlenAllenV5
202609032054005860,202609031904103311,202609031904101105,85,3566,Bronze INV,br_ReAssessmentMentalHealth,TASK_COMPLETE,SUCCESS,INFO,1483,1483,0,,2026-09-03T19:04:17.619Z,2026-09-03T20:54:05.052Z,6588,2026-09-03T20:54:05.052Z,B42D,Chesapeake South,48b34b87-69c2-467d-a88c-67aac910c539,SAMMS-ChesapeakeSouthV5
202609032054005861,202609031904103312,202609031904101105,85,3567,Bronze INV,br_ReAssessmentMentalHealth,TASK_COMPLETE,SUCCESS,INFO,632,632,0,,2026-09-03T19:04:17.619Z,2026-09-03T20:54:05.052Z,6588,2026-09-03T20:54:05.052Z,B44,Albany,48b34b87-69c2-467d-a88c-67aac910c539,SAMMS-AlbanyV5
202609032054005863,202609031904103313,202609031904101105,85,3568,Bronze INV,br_ReAssessmentMentalHealth,TASK_COMPLETE,SUCCESS,INFO,1270,1270,0,,2026-09-03T19:04:17.619Z,2026-09-03T20:54:05.052Z,6588,2026-09-03T20:54:05.052Z,B45,Tifton,48b34b87-69c2-467d-a88c-67aac910c539,SAMMS-TiftonV5
202609032054005864,202609031904103314,202609031904101105,85,3569,Bronze INV,br_ReAssessmentMentalHealth,TASK_COMPLETE,SUCCESS,INFO,590,590,0,,2026-09-03T19:04:17.619Z,2026-09-03T20:54:05.052Z,6588,2026-09-03T20:54:05.052Z,B46,Washington DC,48b34b87-69c2-467d-a88c-67aac910c539,SAMMS-WashingtonDCv5
202609032054005865,202609031904103315,202609031904101105,85,3570,Bronze INV,br_ReAssessmentMentalHealth,TASK_COMPLETE,SUCCESS,INFO,1573,1573,0,,2026-09-03T19:04:17.619Z,2026-09-03T20:54:05.052Z,6588,2026-09-03T20:54:05.052Z,B47,Mobile,48b34b87-69c2-467d-a88c-67aac910c539,SAMMS-MobileV5
202609032054005866,202609031904103316,202609031904101105,85,3571,Bronze INV,br_ReAssessmentMentalHealth,TASK_COMPLETE,SUCCESS,INFO,1297,1297,0,,2026-09-03T19:04:17.619Z,2026-09-03T20:54:05.052Z,6588,2026-09-03T20:54:05.052Z,B48,Tuscaloosa,48b34b87-69c2-467d-a88c-67aac910c539,SAMMS-TuscaloosaV5
202609032054005867,202609031904103317,202609031904101105,85,3580,Bronze INV,br_ReAssessmentMentalHealth,TASK_COMPLETE,SUCCESS,INFO,2,2,0,,2026-09-03T19:04:17.619Z,2026-09-03T20:54:05.052Z,6588,2026-09-03T20:54:05.052Z,B51,N. Little Rock (OTP),48b34b87-69c2-467d-a88c-67aac910c539,SAMMS-NorthLittleRockV6
202609032054005868,202609031904103318,202609031904101105,85,3581,Bronze INV,br_ReAssessmentMentalHealth,TASK_COMPLETE,SUCCESS,INFO,457,457,0,,2026-09-03T19:04:17.619Z,2026-09-03T20:54:05.052Z,6588,2026-09-03T20:54:05.052Z,B52,Jackson GA,48b34b87-69c2-467d-a88c-67aac910c539,SAMMS-JacksonGAV5
202609032054005869,202609031904103319,202609031904101105,85,3582,Bronze INV,br_ReAssessmentMentalHealth,TASK_COMPLETE,SUCCESS,INFO,1703,1703,0,,2026-09-03T19:04:17.619Z,2026-09-03T20:54:05.052Z,6588,2026-09-03T20:54:05.052Z,B54,Gadsden,48b34b87-69c2-467d-a88c-67aac910c539,SAMMS-GadsdenV5
202609032054005871,202609031904103320,202609031904101105,85,3583,Bronze INV,br_ReAssessmentMentalHealth,TASK_COMPLETE,SUCCESS,INFO,952,952,0,,2026-09-03T19:04:17.619Z,2026-09-03T20:54:05.052Z,6588,2026-09-03T20:54:05.052Z,B55,Shoals,48b34b87-69c2-467d-a88c-67aac910c539,SAMMS-ShoalsV5
202609032054005872,202609031904103321,202609031904101105,85,3584,Bronze INV,br_ReAssessmentMentalHealth,TASK_COMPLETE,SUCCESS,INFO,294,294,0,,2026-09-03T19:04:17.619Z,2026-09-03T20:54:05.052Z,6588,2026-09-03T20:54:05.052Z,B57,Pawtucket,48b34b87-69c2-467d-a88c-67aac910c539,SAMMS-Pawtucket
202609032054005873,202609031904103322,202609031904101105,85,3585,Bronze INV,br_ReAssessmentMentalHealth,TASK_COMPLETE,SUCCESS,INFO,554,554,0,,2026-09-03T19:04:17.619Z,2026-09-03T20:54:05.052Z,6588,2026-09-03T20:54:05.052Z,B57A,Johnston,48b34b87-69c2-467d-a88c-67aac910c539,SAMMS-Johnston
202609032054005874,202609031904103323,202609031904101105,85,3586,Bronze INV,br_ReAssessmentMentalHealth,TASK_COMPLETE,SUCCESS,INFO,166,166,0,,2026-09-03T19:04:17.619Z,2026-09-03T20:54:05.052Z,6588,2026-09-03T20:54:05.052Z,B57B,Middletown,48b34b87-69c2-467d-a88c-67aac910c539,SAMMS-Middletown
202609032054005875,202609031904103324,202609031904101105,85,3587,Bronze INV,br_ReAssessmentMentalHealth,TASK_COMPLETE,SUCCESS,INFO,413,413,0,,2026-09-03T19:04:17.619Z,2026-09-03T20:54:05.052Z,6588,2026-09-03T20:54:05.052Z,B57C,Providence,48b34b87-69c2-467d-a88c-67aac910c539,SAMMS-Providence
202609032054005876,202609031904103325,202609031904101105,85,3588,Bronze INV,br_ReAssessmentMentalHealth,TASK_COMPLETE,SUCCESS,INFO,626,626,0,,2026-09-03T19:04:17.619Z,2026-09-03T20:54:05.052Z,6588,2026-09-03T20:54:05.052Z,B57D,Westerly,48b34b87-69c2-467d-a88c-67aac910c539,SAMMS-Westerly
202609032054005878,202609031904103326,202609031904101105,85,3592,Bronze INV,br_ReAssessmentMentalHealth,TASK_COMPLETE,SUCCESS,INFO,4,4,0,,2026-09-03T19:04:17.619Z,2026-09-03T20:54:05.052Z,6588,2026-09-03T20:54:05.052Z,B66A,Bremen,48b34b87-69c2-467d-a88c-67aac910c539,SAMMS-Bremen
202609032054005879,202609031904103327,202609031904101105,85,3595,Bronze INV,br_ReAssessmentMentalHealth,TASK_COMPLETE,SUCCESS,INFO,0,0,0,,2026-09-03T19:04:17.619Z,2026-09-03T20:54:05.052Z,6588,2026-09-03T20:54:05.052Z,B72,Mobile (OBOT),48b34b87-69c2-467d-a88c-67aac910c539,SAMMS-Mobile-OBOT
202609032054005880,202609031904103328,202609031904101105,85,3596,Bronze INV,br_ReAssessmentMentalHealth,TASK_COMPLETE,SUCCESS,INFO,0,0,0,,2026-09-03T19:04:17.619Z,2026-09-03T20:54:05.052Z,6588,2026-09-03T20:54:05.052Z,B73,Montgomery,48b34b87-69c2-467d-a88c-67aac910c539,SAMMS-Montgomery
202609032054005881,202609031904103329,202609031904101105,85,3597,Bronze INV,br_ReAssessmentMentalHealth,TASK_COMPLETE,SUCCESS,INFO,518,518,0,,2026-09-03T19:04:17.619Z,2026-09-03T20:54:05.052Z,6588,2026-09-03T20:54:05.052Z,B75,Lawrence,48b34b87-69c2-467d-a88c-67aac910c539,SAMMS-LawrenceV6
202609032054005882,202609031904103330,202609031904101105,85,3598,Bronze INV,br_ReAssessmentMentalHealth,TASK_COMPLETE,SUCCESS,INFO,0,0,0,,2026-09-03T19:04:17.619Z,2026-09-03T20:54:05.052Z,6588,2026-09-03T20:54:05.052Z,B76,Huntsville OBOT,48b34b87-69c2-467d-a88c-67aac910c539,SAMMS-Huntsville-OBOT
202609032054005883,202609031904103331,202609031904101105,85,3599,Bronze INV,br_ReAssessmentMentalHealth,TASK_COMPLETE,SUCCESS,INFO,0,0,0,,2026-09-03T19:04:17.619Z,2026-09-03T20:54:05.052Z,6588,2026-09-03T20:54:05.052Z,BAT,Batesville,48b34b87-69c2-467d-a88c-67aac910c539,SAMMS-Batesville
202609032054005885,202609031904103332,202609031904101105,85,3600,Bronze INV,br_ReAssessmentMentalHealth,TASK_COMPLETE,SUCCESS,INFO,461,461,0,,2026-09-03T19:04:17.619Z,2026-09-03T20:54:05.052Z,6588,2026-09-03T20:54:05.052Z,BG,Bowling Green,48b34b87-69c2-467d-a88c-67aac910c539,SAMMS-BowlingGreen
202609032054005886,202609031904103333,202609031904101105,85,3601,Bronze INV,br_ReAssessmentMentalHealth,TASK_COMPLETE,SUCCESS,INFO,182,182,0,,2026-09-03T19:04:17.619Z,2026-09-03T20:54:05.052Z,6588,2026-09-03T20:54:05.052Z,BOI,Boise,48b34b87-69c2-467d-a88c-67aac910c539,SAMMS-Boise
202609032054005887,202609031904103334,202609031904101105,85,3608,Bronze INV,br_ReAssessmentMentalHealth,TASK_COMPLETE,SUCCESS,INFO,51,51,0,,2026-09-03T19:04:17.619Z,2026-09-03T20:54:05.052Z,6588,2026-09-03T20:54:05.052Z,CBCO,Coeur dAlene,48b34b87-69c2-467d-a88c-67aac910c539,SAMMS-CoeurdAleneV6
202609032054005888,202609031904103335,202609031904101105,85,3627,Bronze INV,br_ReAssessmentMentalHealth,TASK_COMPLETE,SUCCESS,INFO,0,0,0,,2026-09-03T19:04:17.619Z,2026-09-03T20:54:05.052Z,6588,2026-09-03T20:54:05.052Z,CON,Conway,48b34b87-69c2-467d-a88c-67aac910c539,SAMMS-Conway
202609032054005889,202609031904103336,202609031904101105,85,3628,Bronze INV,br_ReAssessmentMentalHealth,TASK_COMPLETE,SUCCESS,INFO,2578,2578,0,,2026-09-03T19:04:17.619Z,2026-09-03T20:54:05.052Z,6588,2026-09-03T20:54:05.052Z,D07,Medical Services Knox TN,48b34b87-69c2-467d-a88c-67aac910c539,SAMMS-KnoxvilleV6
202609032054005890,202609031904103337,202609031904101105,85,3629,Bronze INV,br_ReAssessmentMentalHealth,TASK_COMPLETE,SUCCESS,INFO,113,113,0,,2026-09-03T19:04:17.619Z,2026-09-03T20:54:05.052Z,6588,2026-09-03T20:54:05.052Z,D08,Madison,48b34b87-69c2-467d-a88c-67aac910c539,SAMMS-MadisonV6
202609032054005891,202609031904103338,202609031904101105,85,3631,Bronze INV,br_ReAssessmentMentalHealth,TASK_COMPLETE,SUCCESS,INFO,120,120,0,,2026-09-03T19:04:17.619Z,2026-09-03T20:54:05.052Z,6588,2026-09-03T20:54:05.052Z,D09,Murfreesboro,48b34b87-69c2-467d-a88c-67aac910c539,SAMMS-MurfreesboroV6
202609032054005893,202609031904103339,202609031904101105,85,3632,Bronze INV,br_ReAssessmentMentalHealth,TASK_COMPLETE,SUCCESS,INFO,337,337,0,,2026-09-03T19:04:17.619Z,2026-09-03T20:54:05.052Z,6588,2026-09-03T20:54:05.052Z,DA,Davenport,48b34b87-69c2-467d-a88c-67aac910c539,SAMMS-Davenport
202609032054005894,202609031904103340,202609031904101105,85,3633,Bronze INV,br_ReAssessmentMentalHealth,TASK_COMPLETE,SUCCESS,INFO,288,288,0,,2026-09-03T19:04:17.619Z,2026-09-03T20:54:05.052Z,6588,2026-09-03T20:54:05.052Z,DM,Des Moines,48b34b87-69c2-467d-a88c-67aac910c539,SAMMS-DesMoines
202609032054005895,202609031904103341,202609031904101105,85,3635,Bronze INV,br_ReAssessmentMentalHealth,TASK_COMPLETE,SUCCESS,INFO,530,530,0,,2026-09-03T19:04:17.619Z,2026-09-03T20:54:05.052Z,6588,2026-09-03T20:54:05.052Z,DRD-CO,Columbia MO,48b34b87-69c2-467d-a88c-67aac910c539,SAMMS-ColumbiaV5
202609032054005896,202609031904103342,202609031904101105,85,3636,Bronze INV,br_ReAssessmentMentalHealth,TASK_COMPLETE,SUCCESS,INFO,347,347,0,,2026-09-03T19:04:17.619Z,2026-09-03T20:54:05.052Z,6588,2026-09-03T20:54:05.052Z,DRD-KC,KC,48b34b87-69c2-467d-a88c-67aac910c539,SAMMS-KCv5
202609032054005897,202609031904103343,202609031904101105,85,3637,Bronze INV,br_ReAssessmentMentalHealth,TASK_COMPLETE,SUCCESS,INFO,1555,1555,0,,2026-09-03T19:04:17.619Z,2026-09-03T20:54:05.052Z,6588,2026-09-03T20:54:05.052Z,DRD-KVB,KVB,48b34b87-69c2-467d-a88c-67aac910c539,SAMMS-KVBv5
202609032054005898,202609031904103344,202609031904101105,85,3638,Bronze INV,br_ReAssessmentMentalHealth,TASK_COMPLETE,SUCCESS,INFO,1674,1674,0,,2026-09-03T19:04:17.619Z,2026-09-03T20:54:05.052Z,6588,2026-09-03T20:54:05.052Z,DRD-KVC,KVC,48b34b87-69c2-467d-a88c-67aac910c539,SAMMS-KVCv5
202609032054005900,202609031904103345,202609031904101105,85,3639,Bronze INV,br_ReAssessmentMentalHealth,TASK_COMPLETE,SUCCESS,INFO,3203,3203,0,,2026-09-03T19:04:17.619Z,2026-09-03T20:54:05.052Z,6588,2026-09-03T20:54:05.052Z,DRD-NOLA,NOLA,48b34b87-69c2-467d-a88c-67aac910c539,SAMMS-NOLAv5
202609032054005901,202609031904103346,202609031904101105,85,3640,Bronze INV,br_ReAssessmentMentalHealth,TASK_COMPLETE,SUCCESS,INFO,800,800,0,,2026-09-03T19:04:17.619Z,2026-09-03T20:54:05.052Z,6588,2026-09-03T20:54:05.052Z,DRD-SF,Springfield,48b34b87-69c2-467d-a88c-67aac910c539,SAMMS-SFv5
202609032054005902,202609031904103347,202609031904101105,85,3642,Bronze INV,br_ReAssessmentMentalHealth,TASK_COMPLETE,SUCCESS,INFO,260,260,0,,2026-09-03T19:04:17.619Z,2026-09-03T20:54:05.052Z,6588,2026-09-03T20:54:05.052Z,ELC,Elizabeth City,48b34b87-69c2-467d-a88c-67aac910c539,SAMMS-ElizabethCity
202609032054005903,202609031904103348,202609031904101105,85,3643,Bronze INV,br_ReAssessmentMentalHealth,TASK_COMPLETE,SUCCESS,INFO,128,128,0,,2026-09-03T19:04:17.619Z,2026-09-03T20:54:05.052Z,6588,2026-09-03T20:54:05.052Z,ET,Elizabethtown,48b34b87-69c2-467d-a88c-67aac910c539,SAMMS-Elizabethtown
202609032054005904,202609031904103349,202609031904101105,85,3644,Bronze INV,br_ReAssessmentMentalHealth,TASK_COMPLETE,SUCCESS,INFO,0,0,0,,2026-09-03T19:04:17.619Z,2026-09-03T20:54:05.052Z,6588,2026-09-03T20:54:05.052Z,FAY,Fayetteville,48b34b87-69c2-467d-a88c-67aac910c539,SAMMS-Fayetteville
202609032054005746,202609031904103214,202609031904101105,85,3413,Bronze INV,br_ReAssessmentLegal,TASK_COMPLETE,SUCCESS,INFO,516,516,0,,2026-09-03T19:04:17.619Z,2026-09-03T20:54:05.052Z,6588,2026-09-03T20:54:05.052Z,B75,Lawrence,48b34b87-69c2-467d-a88c-67aac910c539,SAMMS-LawrenceV6
202609032054005748,202609031904103215,202609031904101105,85,3414,Bronze INV,br_ReAssessmentLegal,TASK_COMPLETE,SUCCESS,INFO,0,0,0,,2026-09-03T19:04:17.619Z,2026-09-03T20:54:05.052Z,6588,2026-09-03T20:54:05.052Z,B76,Huntsville OBOT,48b34b87-69c2-467d-a88c-67aac910c539,SAMMS-Huntsville-OBOT
202609032054005749,202609031904103216,202609031904101105,85,3415,Bronze INV,br_ReAssessmentLegal,TASK_COMPLETE,SUCCESS,INFO,0,0,0,,2026-09-03T19:04:17.619Z,2026-09-03T20:54:05.052Z,6588,2026-09-03T20:54:05.052Z,BAT,Batesville,48b34b87-69c2-467d-a88c-67aac910c539,SAMMS-Batesville
202609032054005750,202609031904103217,202609031904101105,85,3416,Bronze INV,br_ReAssessmentLegal,TASK_COMPLETE,SUCCESS,INFO,460,460,0,,2026-09-03T19:04:17.619Z,2026-09-03T20:54:05.052Z,6588,2026-09-03T20:54:05.052Z,BG,Bowling Green,48b34b87-69c2-467d-a88c-67aac910c539,SAMMS-BowlingGreen
202609032054005751,202609031904103218,202609031904101105,85,3417,Bronze INV,br_ReAssessmentLegal,TASK_COMPLETE,SUCCESS,INFO,180,180,0,,2026-09-03T19:04:17.619Z,2026-09-03T20:54:05.052Z,6588,2026-09-03T20:54:05.052Z,BOI,Boise,48b34b87-69c2-467d-a88c-67aac910c539,SAMMS-Boise
202609032054005752,202609031904103219,202609031904101105,85,3424,Bronze INV,br_ReAssessmentLegal,TASK_COMPLETE,SUCCESS,INFO,51,51,0,,2026-09-03T19:04:17.619Z,2026-09-03T20:54:05.052Z,6588,2026-09-03T20:54:05.052Z,CBCO,Coeur dAlene,48b34b87-69c2-467d-a88c-67aac910c539,SAMMS-CoeurdAleneV6
202609032054005753,202609031904103220,202609031904101105,85,3443,Bronze INV,br_ReAssessmentLegal,TASK_COMPLETE,SUCCESS,INFO,0,0,0,,2026-09-03T19:04:17.619Z,2026-09-03T20:54:05.052Z,6588,2026-09-03T20:54:05.052Z,CON,Conway,48b34b87-69c2-467d-a88c-67aac910c539,SAMMS-Conway
202609032054005755,202609031904103221,202609031904101105,85,3444,Bronze INV,br_ReAssessmentLegal,TASK_COMPLETE,SUCCESS,INFO,2568,2568,0,,2026-09-03T19:04:17.619Z,2026-09-03T20:54:05.052Z,6588,2026-09-03T20:54:05.052Z,D07,Medical Services Knox TN,48b34b87-69c2-467d-a88c-67aac910c539,SAMMS-KnoxvilleV6
202609032054005756,202609031904103222,202609031904101105,85,3445,Bronze INV,br_ReAssessmentLegal,TASK_COMPLETE,SUCCESS,INFO,111,111,0,,2026-09-03T19:04:17.619Z,2026-09-03T20:54:05.052Z,6588,2026-09-03T20:54:05.052Z,D08,Madison,48b34b87-69c2-467d-a88c-67aac910c539,SAMMS-MadisonV6
202609032054005757,202609031904103223,202609031904101105,85,3447,Bronze INV,br_ReAssessmentLegal,TASK_COMPLETE,SUCCESS,INFO,117,117,0,,2026-09-03T19:04:17.619Z,2026-09-03T20:54:05.052Z,6588,2026-09-03T20:54:05.052Z,D09,Murfreesboro,48b34b87-69c2-467d-a88c-67aac910c539,SAMMS-MurfreesboroV6
202609032054005758,202609031904103224,202609031904101105,85,3448,Bronze INV,br_ReAssessmentLegal,TASK_COMPLETE,SUCCESS,INFO,335,335,0,,2026-09-03T19:04:17.619Z,2026-09-03T20:54:05.052Z,6588,2026-09-03T20:54:05.052Z,DA,Davenport,48b34b87-69c2-467d-a88c-67aac910c539,SAMMS-Davenport
202609032054005759,202609031904103225,202609031904101105,85,3449,Bronze INV,br_ReAssessmentLegal,TASK_COMPLETE,SUCCESS,INFO,287,287,0,,2026-09-03T19:04:17.619Z,2026-09-03T20:54:05.052Z,6588,2026-09-03T20:54:05.052Z,DM,Des Moines,48b34b87-69c2-467d-a88c-67aac910c539,SAMMS-DesMoines
202609032054005760,202609031904103226,202609031904101105,85,3451,Bronze INV,br_ReAssessmentLegal,TASK_COMPLETE,SUCCESS,INFO,529,529,0,,2026-09-03T19:04:17.619Z,2026-09-03T20:54:05.052Z,6588,2026-09-03T20:54:05.052Z,DRD-CO,Columbia MO,48b34b87-69c2-467d-a88c-67aac910c539,SAMMS-ColumbiaV5
202609032054005761,202609031904103227,202609031904101105,85,3452,Bronze INV,br_ReAssessmentLegal,TASK_COMPLETE,SUCCESS,INFO,346,346,0,,2026-09-03T19:04:17.619Z,2026-09-03T20:54:05.052Z,6588,2026-09-03T20:54:05.052Z,DRD-KC,KC,48b34b87-69c2-467d-a88c-67aac910c539,SAMMS-KCv5
202609032054005763,202609031904103228,202609031904101105,85,3453,Bronze INV,br_ReAssessmentLegal,TASK_COMPLETE,SUCCESS,INFO,1551,1551,0,,2026-09-03T19:04:17.619Z,2026-09-03T20:54:05.052Z,6588,2026-09-03T20:54:05.052Z,DRD-KVB,KVB,48b34b87-69c2-467d-a88c-67aac910c539,SAMMS-KVBv5
202609032054005764,202609031904103229,202609031904101105,85,3454,Bronze INV,br_ReAssessmentLegal,TASK_COMPLETE,SUCCESS,INFO,1672,1672,0,,2026-09-03T19:04:17.619Z,2026-09-03T20:54:05.052Z,6588,2026-09-03T20:54:05.052Z,DRD-KVC,KVC,48b34b87-69c2-467d-a88c-67aac910c539,SAMMS-KVCv5
202609032054005765,202609031904103230,202609031904101105,85,3455,Bronze INV,br_ReAssessmentLegal,TASK_COMPLETE,SUCCESS,INFO,3202,3202,0,,2026-09-03T19:04:17.619Z,2026-09-03T20:54:05.052Z,6588,2026-09-03T20:54:05.052Z,DRD-NOLA,NOLA,48b34b87-69c2-467d-a88c-67aac910c539,SAMMS-NOLAv5
202609032054005766,202609031904103231,202609031904101105,85,3456,Bronze INV,br_ReAssessmentLegal,TASK_COMPLETE,SUCCESS,INFO,798,798,0,,2026-09-03T19:04:17.619Z,2026-09-03T20:54:05.052Z,6588,2026-09-03T20:54:05.052Z,DRD-SF,Springfield,48b34b87-69c2-467d-a88c-67aac910c539,SAMMS-SFv5
202609032054005767,202609031904103232,202609031904101105,85,3458,Bronze INV,br_ReAssessmentLegal,TASK_COMPLETE,SUCCESS,INFO,260,260,0,,2026-09-03T19:04:17.619Z,2026-09-03T20:54:05.052Z,6588,2026-09-03T20:54:05.052Z,ELC,Elizabeth City,48b34b87-69c2-467d-a88c-67aac910c539,SAMMS-ElizabethCity
202609032054005768,202609031904103233,202609031904101105,85,3459,Bronze INV,br_ReAssessmentLegal,TASK_COMPLETE,SUCCESS,INFO,128,128,0,,2026-09-03T19:04:17.619Z,2026-09-03T20:54:05.052Z,6588,2026-09-03T20:54:05.052Z,ET,Elizabethtown,48b34b87-69c2-467d-a88c-67aac910c539,SAMMS-Elizabethtown
202609032054005770,202609031904103234,202609031904101105,85,3460,Bronze INV,br_ReAssessmentLegal,TASK_COMPLETE,SUCCESS,INFO,0,0,0,,2026-09-03T19:04:17.619Z,2026-09-03T20:54:05.052Z,6588,2026-09-03T20:54:05.052Z,FAY,Fayetteville,48b34b87-69c2-467d-a88c-67aac910c539,SAMMS-Fayetteville
202609032054005771,202609031904103235,202609031904101105,85,3461,Bronze INV,br_ReAssessmentLegal,TASK_COMPLETE,SUCCESS,INFO,156,156,0,,2026-09-03T19:04:17.619Z,2026-09-03T20:54:05.052Z,6588,2026-09-03T20:54:05.052Z,FR,Frankfort,48b34b87-69c2-467d-a88c-67aac910c539,SAMMS-Frankfort
202609032054005772,202609031904103236,202609031904101105,85,3462,Bronze INV,br_ReAssessmentLegal,TASK_COMPLETE,SUCCESS,INFO,0,0,0,,2026-09-03T19:04:17.619Z,2026-09-03T20:54:05.052Z,6588,2026-09-03T20:54:05.052Z,FS,Fort Smith,48b34b87-69c2-467d-a88c-67aac910c539,SAMMS-FortSmith
202609032054005774,202609031904103237,202609031904101105,85,3463,Bronze INV,br_ReAssessmentLegal,TASK_COMPLETE,SUCCESS,INFO,466,466,0,,2026-09-03T19:04:17.619Z,2026-09-03T20:54:05.052Z,6588,2026-09-03T20:54:05.052Z,FW,Fort Wayne,48b34b87-69c2-467d-a88c-67aac910c539,SAMMS-FortWayne
202609032054005775,202609031904103238,202609031904101105,85,3464,Bronze INV,br_ReAssessmentLegal,TASK_COMPLETE,SUCCESS,INFO,273,273,0,,2026-09-03T19:04:17.619Z,2026-09-03T20:54:05.052Z,6588,2026-09-03T20:54:05.052Z,GAL,Gaylord,48b34b87-69c2-467d-a88c-67aac910c539,SAMMS-Gaylord
202609032054005776,202609031904103239,202609031904101105,85,3468,Bronze INV,br_ReAssessmentLegal,TASK_COMPLETE,SUCCESS,INFO,100,100,0,,2026-09-03T19:04:17.619Z,2026-09-03T20:54:05.052Z,6588,2026-09-03T20:54:05.052Z,HGT,Hagerstown,48b34b87-69c2-467d-a88c-67aac910c539,SAMMS-Hagerstown
202609032054005777,202609031904103240,202609031904101105,85,3469,Bronze INV,br_ReAssessmentLegal,TASK_COMPLETE,SUCCESS,INFO,1723,1723,0,,2026-09-03T19:04:17.619Z,2026-09-03T20:54:05.052Z,6588,2026-09-03T20:54:05.052Z,HNT,Huntsville,48b34b87-69c2-467d-a88c-67aac910c539,SAMMS-Huntsville
202609032054005778,202609031904103241,202609031904101105,85,3470,Bronze INV,br_ReAssessmentLegal,TASK_COMPLETE,SUCCESS,INFO,0,0,0,,2026-09-03T19:04:17.619Z,2026-09-03T20:54:05.052Z,6588,2026-09-03T20:54:05.052Z,HS,Hot Springs,48b34b87-69c2-467d-a88c-67aac910c539,SAMMS-HotSprings
202609032054005780,202609031904103242,202609031904101105,85,3471,Bronze INV,br_ReAssessmentLegal,TASK_COMPLETE,SUCCESS,INFO,0,0,0,,2026-09-03T19:04:17.619Z,2026-09-03T20:54:05.052Z,6588,2026-09-03T20:54:05.052Z,JON,Jonesboro,48b34b87-69c2-467d-a88c-67aac910c539,SAMMS-Jonesboro
202609032054005781,202609031904103243,202609031904101105,85,3473,Bronze INV,br_ReAssessmentLegal,TASK_COMPLETE,SUCCESS,INFO,445,445,0,,2026-09-03T19:04:17.619Z,2026-09-03T20:54:05.052Z,6588,2026-09-03T20:54:05.052Z,LAN,Lansing,48b34b87-69c2-467d-a88c-67aac910c539,SAMMS-Lansing
202609032054005782,202609031904103244,202609031904101105,85,3474,Bronze INV,br_ReAssessmentLegal,TASK_COMPLETE,SUCCESS,INFO,1286,1286,0,,2026-09-03T19:04:17.619Z,2026-09-03T20:54:05.052Z,6588,2026-09-03T20:54:05.052Z,LO,Louisville,48b34b87-69c2-467d-a88c-67aac910c539,SAMMS-Louisville
202609032054005783,202609031904103245,202609031904101105,85,3475,Bronze INV,br_ReAssessmentLegal,TASK_COMPLETE,SUCCESS,INFO,291,291,0,,2026-09-03T19:04:17.619Z,2026-09-03T20:54:05.052Z,6588,2026-09-03T20:54:05.052Z,LV1,Cheyenne,48b34b87-69c2-467d-a88c-67aac910c539,SAMMS-Cheyenne
202609032054005784,202609031904103246,202609031904101105,85,3476,Bronze INV,br_ReAssessmentLegal,TASK_COMPLETE,SUCCESS,INFO,204,204,0,,2026-09-03T19:04:17.619Z,2026-09-03T20:54:05.052Z,6588,2026-09-03T20:54:05.052Z,LV2,Desert Inn,48b34b87-69c2-467d-a88c-67aac910c539,SAMMS-DesertInn
202609032054005785,202609031904103247,202609031904101105,85,3477,Bronze INV,br_ReAssessmentLegal,TASK_COMPLETE,SUCCESS,INFO,109,109,0,,2026-09-03T19:04:17.619Z,2026-09-03T20:54:05.052Z,6588,2026-09-03T20:54:05.052Z,LV3,McDaniel,48b34b87-69c2-467d-a88c-67aac910c539,SAMMS-McDaniel
202609032054005786,202609031904103248,202609031904101105,85,3480,Bronze INV,br_ReAssessmentLegal,TASK_COMPLETE,SUCCESS,INFO,358,358,0,,2026-09-03T19:04:17.619Z,2026-09-03T20:54:05.052Z,6588,2026-09-03T20:54:05.052Z,MNRE,Monroe,48b34b87-69c2-467d-a88c-67aac910c539,SAMMS-Monroe
202609032054005788,202609031904103249,202609031904101105,85,3481,Bronze INV,br_ReAssessmentLegal,TASK_COMPLETE,SUCCESS,INFO,1420,1420,0,,2026-09-03T19:04:17.619Z,2026-09-03T20:54:05.052Z,6588,2026-09-03T20:54:05.052Z,MP,Mt. Pleasant,48b34b87-69c2-467d-a88c-67aac910c539,SAMMS-MtPleasant
202609032054005789,202609031904103250,202609031904101105,85,3482,Bronze INV,br_ReAssessmentLegal,TASK_COMPLETE,SUCCESS,INFO,153,153,0,,2026-09-03T19:04:17.619Z,2026-09-03T20:54:05.052Z,6588,2026-09-03T20:54:05.052Z,MRD,Meridian,48b34b87-69c2-467d-a88c-67aac910c539,SAMMS-Meridian
202609032054005790,202609031904103251,202609031904101105,85,3487,Bronze INV,br_ReAssessmentLegal,TASK_COMPLETE,SUCCESS,INFO,693,693,0,,2026-09-03T19:04:17.619Z,2026-09-03T20:54:05.052Z,6588,2026-09-03T20:54:05.052Z,NC,North Charleston,48b34b87-69c2-467d-a88c-67aac910c539,SAMMS-NorthCharleston
202609032054005791,202609031904103252,202609031904101105,85,3488,Bronze INV,br_ReAssessmentLegal,TASK_COMPLETE,SUCCESS,INFO,0,0,0,,2026-09-03T19:04:17.619Z,2026-09-03T20:54:05.052Z,6588,2026-09-03T20:54:05.052Z,NLR,N. Little Rock,48b34b87-69c2-467d-a88c-67aac910c539,SAMMS-NLROBOT
202609032054005792,202609031904103253,202609031904101105,85,3489,Bronze INV,br_ReAssessmentLegal,TASK_COMPLETE,SUCCESS,INFO,111,111,0,,2026-09-03T19:04:17.619Z,2026-09-03T20:54:05.052Z,6588,2026-09-03T20:54:05.052Z,PH,Phoenix,48b34b87-69c2-467d-a88c-67aac910c539,SAMMS-Phoenix
202609032054005793,202609031904103254,202609031904101105,85,3493,Bronze INV,br_ReAssessmentLegal,TASK_COMPLETE,SUCCESS,INFO,212,212,0,,2026-09-03T19:04:17.619Z,2026-09-03T20:54:05.052Z,6588,2026-09-03T20:54:05.052Z,RE,Reno,48b34b87-69c2-467d-a88c-67aac910c539,SAMMS-Reno
202609032054005795,202609031904103255,202609031904101105,85,3494,Bronze INV,br_ReAssessmentLegal,TASK_COMPLETE,SUCCESS,INFO,88,88,0,,2026-09-03T19:04:17.619Z,2026-09-03T20:54:05.052Z,6588,2026-09-03T20:54:05.052Z,RMD,Richmond,48b34b87-69c2-467d-a88c-67aac910c539,SAMMS-Richmond
202609032054005796,202609031904103256,202609031904101105,85,3495,Bronze INV,br_ReAssessmentLegal,TASK_COMPLETE,SUCCESS,INFO,588,588,0,,2026-09-03T19:04:17.619Z,2026-09-03T20:54:05.052Z,6588,2026-09-03T20:54:05.052Z,SFN,Springfield North,48b34b87-69c2-467d-a88c-67aac910c539,SAMMS-SFNv5
202609032054005797,202609031904103257,202609031904101105,85,3496,Bronze INV,br_ReAssessmentLegal,TASK_COMPLETE,SUCCESS,INFO,763,763,0,,2026-09-03T19:04:17.619Z,2026-09-03T20:54:05.052Z,6588,2026-09-03T20:54:05.052Z,SHP,Shreveport,48b34b87-69c2-467d-a88c-67aac910c539,SAMMS-Shreveport
202609032054005798,202609031904103258,202609031904101105,85,3498,Bronze INV,br_ReAssessmentLegal,TASK_COMPLETE,SUCCESS,INFO,481,481,0,,2026-09-03T19:04:17.619Z,2026-09-03T20:54:05.052Z,6588,2026-09-03T20:54:05.052Z,STN,Staunton,48b34b87-69c2-467d-a88c-67aac910c539,SAMMS-Staunton
202609032054005799,202609031904103259,202609031904101105,85,3499,Bronze INV,br_ReAssessmentLegal,TASK_COMPLETE,SUCCESS,INFO,224,224,0,,2026-09-03T19:04:17.619Z,2026-09-03T20:54:05.052Z,6588,2026-09-03T20:54:05.052Z,STVN,Stevenson,48b34b87-69c2-467d-a88c-67aac910c539,SAMMS-Stevenson
202609032054005800,202609031904103260,202609031904101105,85,3501,Bronze INV,br_ReAssessmentLegal,TASK_COMPLETE,SUCCESS,INFO,173,173,0,,2026-09-03T19:04:17.619Z,2026-09-03T20:54:05.052Z,6588,2026-09-03T20:54:05.052Z,TE,Tempe,48b34b87-69c2-467d-a88c-67aac910c539,SAMMS-Tempe
202609032054005801,202609031904103261,202609031904101105,85,3502,Bronze INV,br_ReAssessmentLegal,TASK_COMPLETE,SUCCESS,INFO,0,0,0,,2026-09-03T19:04:17.619Z,2026-09-03T20:54:05.052Z,6588,2026-09-03T20:54:05.052Z,TEX,Texarkana,48b34b87-69c2-467d-a88c-67aac910c539,SAMMS-Texarkana
202609032054005803,202609031904103262,202609031904101105,85,3503,Bronze INV,br_ReAssessmentLegal,TASK_COMPLETE,SUCCESS,INFO,1068,1068,0,,2026-09-03T19:04:17.619Z,2026-09-03T20:54:05.052Z,6588,2026-09-03T20:54:05.052Z,TTCA,Bessemer,48b34b87-69c2-467d-a88c-67aac910c539,SAMMS-BessemerV5
202609032054005804,202609031904103263,202609031904101105,85,3504,Bronze INV,br_ReAssessmentLegal,TASK_COMPLETE,SUCCESS,INFO,1315,1315,0,,2026-09-03T19:04:17.619Z,2026-09-03T20:54:05.052Z,6588,2026-09-03T20:54:05.052Z,TTCB,Cullman,48b34b87-69c2-467d-a88c-67aac910c539,SAMMS-CullmanV5
202609032054005805,202609031904103264,202609031904101105,85,3505,Bronze INV,br_ReAssessmentLegal,TASK_COMPLETE,SUCCESS,INFO,938,938,0,,2026-09-03T19:04:17.619Z,2026-09-03T20:54:05.052Z,6588,2026-09-03T20:54:05.052Z,TTCC,Grand Bay,48b34b87-69c2-467d-a88c-67aac910c539,SAMMS-GrandBay
202609032054005806,202609031904103265,202609031904101105,85,3506,Bronze INV,br_ReAssessmentLegal,TASK_COMPLETE,SUCCESS,INFO,15,15,0,,2026-09-03T19:04:17.619Z,2026-09-03T20:54:05.052Z,6588,2026-09-03T20:54:05.052Z,TU,Tucson,48b34b87-69c2-467d-a88c-67aac910c539,SAMMS-Tucson
202609032054005807,202609031904103266,202609031904101105,85,3508,Bronze INV,br_ReAssessmentLegal,TASK_COMPLETE,SUCCESS,INFO,660,660,0,,2026-09-03T19:04:17.619Z,2026-09-03T20:54:05.052Z,6588,2026-09-03T20:54:05.052Z,V1,Memphis South,48b34b87-69c2-467d-a88c-67aac910c539,SAMMS-VCPHCS-I-MemphisV5
202609032054005808,202609031904103267,202609031904101105,85,3509,Bronze INV,br_ReAssessmentLegal,TASK_COMPLETE,SUCCESS,INFO,1625,1625,0,,2026-09-03T19:04:17.619Z,2026-09-03T20:54:05.052Z,6588,2026-09-03T20:54:05.052Z,V10,Longmont,48b34b87-69c2-467d-a88c-67aac910c539,SAMMS-BoulderV5
202609032054005810,202609031904103268,202609031904101105,85,3510,Bronze INV,br_ReAssessmentLegal,TASK_COMPLETE,SUCCESS,INFO,1511,1511,0,,2026-09-03T19:04:17.619Z,2026-09-03T20:54:05.052Z,6588,2026-09-03T20:54:05.052Z,V10A,Fort Collins,48b34b87-69c2-467d-a88c-67aac910c539,SAMMS-FortCollinsV5
202609032054005811,202609031904103269,202609031904101105,85,3511,Bronze INV,br_ReAssessmentLegal,TASK_COMPLETE,SUCCESS,INFO,2862,2862,0,,2026-09-03T19:04:17.619Z,2026-09-03T20:54:05.052Z,6588,2026-09-03T20:54:05.052Z,V11,Westminster,48b34b87-69c2-467d-a88c-67aac910c539,SAMMS-VCPHCS-XI-NorthDenverV5
202609032054005812,202609031904103270,202609031904101105,85,3512,Bronze INV,br_ReAssessmentLegal,TASK_COMPLETE,SUCCESS,INFO,3027,3027,0,,2026-09-03T19:04:17.619Z,2026-09-03T20:54:05.052Z,6588,2026-09-03T20:54:05.052Z,V12,Downtown Denver,48b34b87-69c2-467d-a88c-67aac910c539,SAMMS-VCPHCS-XII-DowntownDenverV5
202609032054005813,202609031904103271,202609031904101105,85,3513,Bronze INV,br_ReAssessmentLegal,TASK_COMPLETE,SUCCESS,INFO,1132,1132,0,,2026-09-03T19:04:17.619Z,2026-09-03T20:54:05.052Z,6588,2026-09-03T20:54:05.052Z,V12A,Centennial,48b34b87-69c2-467d-a88c-67aac910c539,SAMMS-CentennialV5
202609032054005814,202609031904103272,202609031904101105,85,3514,Bronze INV,br_ReAssessmentLegal,TASK_COMPLETE,SUCCESS,INFO,293,293,0,,2026-09-03T19:04:17.619Z,2026-09-03T20:54:05.052Z,6588,2026-09-03T20:54:05.052Z,V14,Overland Park,48b34b87-69c2-467d-a88c-67aac910c539,SAMMS-VCPHCS-XIV-BridgewayV5
202609032054005815,202609031904103273,202609031904101105,85,3515,Bronze INV,br_ReAssessmentLegal,TASK_COMPLETE,SUCCESS,INFO,608,608,0,,2026-09-03T19:04:17.619Z,2026-09-03T20:54:05.052Z,6588,2026-09-03T20:54:05.052Z,V15,Joplin,48b34b87-69c2-467d-a88c-67aac910c539,SAMMS-JoplinV5
202609032054005816,202609031904103274,202609031904101105,85,3517,Bronze INV,br_ReAssessmentLegal,TASK_COMPLETE,SUCCESS,INFO,903,903,0,,2026-09-03T19:04:17.619Z,2026-09-03T20:54:05.052Z,6588,2026-09-03T20:54:05.052Z,V17,Columbia TN,48b34b87-69c2-467d-a88c-67aac910c539,SAMMS-ColumbiaTNv5
202609032054005818,202609031904103275,202609031904101105,85,3519,Bronze INV,br_ReAssessmentLegal,TASK_COMPLETE,SUCCESS,INFO,533,533,0,,2026-09-03T19:04:17.619Z,2026-09-03T20:54:05.052Z,6588,2026-09-03T20:54:05.052Z,V19,Jackson,48b34b87-69c2-467d-a88c-67aac910c539,SAMMS-JacksonV5
202609032054005819,202609031904103276,202609031904101105,85,3521,Bronze INV,br_ReAssessmentLegal,TASK_COMPLETE,SUCCESS,INFO,1761,1761,0,,2026-09-03T19:04:17.619Z,2026-09-03T20:54:05.052Z,6588,2026-09-03T20:54:05.052Z,V20,Paris,48b34b87-69c2-467d-a88c-67aac910c539,SAMMS-ParisV5
202609032054005820,202609031904103277,202609031904101105,85,3522,Bronze INV,br_ReAssessmentLegal,TASK_COMPLETE,SUCCESS,INFO,723,723,0,,2026-09-03T19:04:17.619Z,2026-09-03T20:54:05.052Z,6588,2026-09-03T20:54:05.052Z,V21,Memphis North,48b34b87-69c2-467d-a88c-67aac910c539,SAMMS-RaleighV5
202609032054005821,202609031904103278,202609031904101105,85,3525,Bronze INV,br_ReAssessmentLegal,TASK_COMPLETE,SUCCESS,INFO,1773,1773,0,,2026-09-03T19:04:17.619Z,2026-09-03T20:54:05.052Z,6588,2026-09-03T20:54:05.052Z,V5,West Bank,48b34b87-69c2-467d-a88c-67aac910c539,SAMMS-NONTCv5
202609032054005822,202609031904103279,202609031904101105,85,3527,Bronze INV,br_ReAssessmentLegal,TASK_COMPLETE,SUCCESS,INFO,144,144,0,,2026-09-03T19:04:17.619Z,2026-09-03T20:54:05.052Z,6588,2026-09-03T20:54:05.052Z,V5B,Houma,48b34b87-69c2-467d-a88c-67aac910c539,SAMMS-HoumaV6
202609032054005823,202609031904103280,202609031904101105,85,3528,Bronze INV,br_ReAssessmentLegal,TASK_COMPLETE,SUCCESS,INFO,1907,1907,0,,2026-09-03T19:04:17.619Z,2026-09-03T20:54:05.052Z,6588,2026-09-03T20:54:05.052Z,V6,Lake Charles,48b34b87-69c2-467d-a88c-67aac910c539,SAMMS-LCv5
202609032054005825,202609031904103281,202609031904101105,85,3530,Bronze INV,br_ReAssessmentLegal,TASK_COMPLETE,SUCCESS,INFO,741,741,0,,2026-09-03T19:04:17.619Z,2026-09-03T20:54:05.052Z,6588,2026-09-03T20:54:05.052Z,V8,Memphis Midtown,48b34b87-69c2-467d-a88c-67aac910c539,SAMMS-VCPHCS-VIII-MemphisV5
202609032054005984,202609031904103418,202609031904101105,85,3926,Bronze INV,br_ReAssessmentPhysicalHealth,TASK_COMPLETE,SUCCESS,INFO,1,1,0,,2026-09-03T19:04:17.619Z,2026-09-03T20:54:05.052Z,6588,2026-09-03T20:54:05.052Z,B37,Clyde,48b34b87-69c2-467d-a88c-67aac910c539,SAMMS-ClydeV5
202609032054005986,202609031904103419,202609031904101105,85,3927,Bronze INV,br_ReAssessmentPhysicalHealth,TASK_COMPLETE,SUCCESS,INFO,1189,1189,0,,2026-09-03T19:04:17.619Z,2026-09-03T20:54:05.052Z,6588,2026-09-03T20:54:05.052Z,B38,Spartanburg,48b34b87-69c2-467d-a88c-67aac910c539,SAMMS-SpartanburgV5
202609032054005987,202609031904103420,202609031904101105,85,3928,Bronze INV,br_ReAssessmentPhysicalHealth,TASK_COMPLETE,SUCCESS,INFO,362,362,0,,2026-09-03T19:04:17.619Z,2026-09-03T20:54:05.052Z,6588,2026-09-03T20:54:05.052Z,B39,Aiken,48b34b87-69c2-467d-a88c-67aac910c539,SAMMS-AikenV5
202609032054005988,202609031904103421,202609031904101105,85,3929,Bronze INV,br_ReAssessmentPhysicalHealth,TASK_COMPLETE,SUCCESS,INFO,1894,1894,0,,2026-09-03T19:04:17.619Z,2026-09-03T20:54:05.052Z,6588,2026-09-03T20:54:05.052Z,B41,Chesapeake,48b34b87-69c2-467d-a88c-67aac910c539,SAMMS-ChesapeakeV5
202609032054005989,202609031904103422,202609031904101105,85,3930,Bronze INV,br_ReAssessmentPhysicalHealth,TASK_COMPLETE,SUCCESS,INFO,1922,1922,0,,2026-09-03T19:04:17.619Z,2026-09-03T20:54:05.052Z,6588,2026-09-03T20:54:05.052Z,B42,Virginia Beach,48b34b87-69c2-467d-a88c-67aac910c539,SAMMS-VirginiaBeachV5
202609032054005990,202609031904103423,202609031904101105,85,3931,Bronze INV,br_ReAssessmentPhysicalHealth,TASK_COMPLETE,SUCCESS,INFO,936,936,0,,2026-09-03T19:04:17.619Z,2026-09-03T20:54:05.052Z,6588,2026-09-03T20:54:05.052Z,B42A,Newport News,48b34b87-69c2-467d-a88c-67aac910c539,SAMMS-NewportNewsV5
202609032054005991,202609031904103424,202609031904101105,85,3932,Bronze INV,br_ReAssessmentPhysicalHealth,TASK_COMPLETE,SUCCESS,INFO,508,508,0,,2026-09-03T19:04:17.619Z,2026-09-03T20:54:05.052Z,6588,2026-09-03T20:54:05.052Z,B42B,Franklin,48b34b87-69c2-467d-a88c-67aac910c539,SAMMS-FranklinV5
202609032054005992,202609031904103425,202609031904101105,85,3933,Bronze INV,br_ReAssessmentPhysicalHealth,TASK_COMPLETE,SUCCESS,INFO,346,346,0,,2026-09-03T19:04:17.619Z,2026-09-03T20:54:05.052Z,6588,2026-09-03T20:54:05.052Z,B42C,Glen Allen,48b34b87-69c2-467d-a88c-67aac910c539,SAMMS-GlenAllenV5
202609032054005994,202609031904103426,202609031904101105,85,3934,Bronze INV,br_ReAssessmentPhysicalHealth,TASK_COMPLETE,SUCCESS,INFO,1487,1487,0,,2026-09-03T19:04:17.619Z,2026-09-03T20:54:05.052Z,6588,2026-09-03T20:54:05.052Z,B42D,Chesapeake South,48b34b87-69c2-467d-a88c-67aac910c539,SAMMS-ChesapeakeSouthV5
202609032054005995,202609031904103427,202609031904101105,85,3935,Bronze INV,br_ReAssessmentPhysicalHealth,TASK_COMPLETE,SUCCESS,INFO,632,632,0,,2026-09-03T19:04:17.619Z,2026-09-03T20:54:05.052Z,6588,2026-09-03T20:54:05.052Z,B44,Albany,48b34b87-69c2-467d-a88c-67aac910c539,SAMMS-AlbanyV5
202609032054005996,202609031904103428,202609031904101105,85,3936,Bronze INV,br_ReAssessmentPhysicalHealth,TASK_COMPLETE,SUCCESS,INFO,1273,1273,0,,2026-09-03T19:04:17.619Z,2026-09-03T20:54:05.052Z,6588,2026-09-03T20:54:05.052Z,B45,Tifton,48b34b87-69c2-467d-a88c-67aac910c539,SAMMS-TiftonV5
202609032054005998,202609031904103429,202609031904101105,85,3937,Bronze INV,br_ReAssessmentPhysicalHealth,TASK_COMPLETE,SUCCESS,INFO,591,591,0,,2026-09-03T19:04:17.619Z,2026-09-03T20:54:05.052Z,6588,2026-09-03T20:54:05.052Z,B46,Washington DC,48b34b87-69c2-467d-a88c-67aac910c539,SAMMS-WashingtonDCv5
202609032054005999,202609031904103430,202609031904101105,85,3938,Bronze INV,br_ReAssessmentPhysicalHealth,TASK_COMPLETE,SUCCESS,INFO,1575,1575,0,,2026-09-03T19:04:17.619Z,2026-09-03T20:54:05.052Z,6588,2026-09-03T20:54:05.052Z,B47,Mobile,48b34b87-69c2-467d-a88c-67aac910c539,SAMMS-MobileV5
202609032054006000,202609031904103431,202609031904101105,85,3939,Bronze INV,br_ReAssessmentPhysicalHealth,TASK_COMPLETE,SUCCESS,INFO,1301,1301,0,,2026-09-03T19:04:17.619Z,2026-09-03T20:54:05.052Z,6588,2026-09-03T20:54:05.052Z,B48,Tuscaloosa,48b34b87-69c2-467d-a88c-67aac910c539,SAMMS-TuscaloosaV5
202609032054006001,202609031904103432,202609031904101105,85,3948,Bronze INV,br_ReAssessmentPhysicalHealth,TASK_COMPLETE,SUCCESS,INFO,3,3,0,,2026-09-03T19:04:17.619Z,2026-09-03T20:54:05.052Z,6588,2026-09-03T20:54:05.052Z,B51,N. Little Rock (OTP),48b34b87-69c2-467d-a88c-67aac910c539,SAMMS-NorthLittleRockV6
202609032054006002,202609031904103433,202609031904101105,85,3949,Bronze INV,br_ReAssessmentPhysicalHealth,TASK_COMPLETE,SUCCESS,INFO,460,460,0,,2026-09-03T19:04:17.619Z,2026-09-03T20:54:05.052Z,6588,2026-09-03T20:54:05.052Z,B52,Jackson GA,48b34b87-69c2-467d-a88c-67aac910c539,SAMMS-JacksonGAV5
202609032054006003,202609031904103434,202609031904101105,85,3950,Bronze INV,br_ReAssessmentPhysicalHealth,TASK_COMPLETE,SUCCESS,INFO,1704,1704,0,,2026-09-03T19:04:17.619Z,2026-09-03T20:54:05.052Z,6588,2026-09-03T20:54:05.052Z,B54,Gadsden,48b34b87-69c2-467d-a88c-67aac910c539,SAMMS-GadsdenV5
202609032054006005,202609031904103435,202609031904101105,85,3951,Bronze INV,br_ReAssessmentPhysicalHealth,TASK_COMPLETE,SUCCESS,INFO,956,956,0,,2026-09-03T19:04:17.619Z,2026-09-03T20:54:05.052Z,6588,2026-09-03T20:54:05.052Z,B55,Shoals,48b34b87-69c2-467d-a88c-67aac910c539,SAMMS-ShoalsV5
202609032054006006,202609031904103436,202609031904101105,85,3952,Bronze INV,br_ReAssessmentPhysicalHealth,TASK_COMPLETE,SUCCESS,INFO,294,294,0,,2026-09-03T19:04:17.619Z,2026-09-03T20:54:05.052Z,6588,2026-09-03T20:54:05.052Z,B57,Pawtucket,48b34b87-69c2-467d-a88c-67aac910c539,SAMMS-Pawtucket
202609032054006007,202609031904103437,202609031904101105,85,3953,Bronze INV,br_ReAssessmentPhysicalHealth,TASK_COMPLETE,SUCCESS,INFO,555,555,0,,2026-09-03T19:04:17.619Z,2026-09-03T20:54:05.052Z,6588,2026-09-03T20:54:05.052Z,B57A,Johnston,48b34b87-69c2-467d-a88c-67aac910c539,SAMMS-Johnston
202609032054006008,202609031904103438,202609031904101105,85,3954,Bronze INV,br_ReAssessmentPhysicalHealth,TASK_COMPLETE,SUCCESS,INFO,166,166,0,,2026-09-03T19:04:17.619Z,2026-09-03T20:54:05.052Z,6588,2026-09-03T20:54:05.052Z,B57B,Middletown,48b34b87-69c2-467d-a88c-67aac910c539,SAMMS-Middletown
202609032054006009,202609031904103439,202609031904101105,85,3955,Bronze INV,br_ReAssessmentPhysicalHealth,TASK_COMPLETE,SUCCESS,INFO,414,414,0,,2026-09-03T19:04:17.619Z,2026-09-03T20:54:05.052Z,6588,2026-09-03T20:54:05.052Z,B57C,Providence,48b34b87-69c2-467d-a88c-67aac910c539,SAMMS-Providence
202609032054006010,202609031904103440,202609031904101105,85,3956,Bronze INV,br_ReAssessmentPhysicalHealth,TASK_COMPLETE,SUCCESS,INFO,631,631,0,,2026-09-03T19:04:17.619Z,2026-09-03T20:54:05.052Z,6588,2026-09-03T20:54:05.052Z,B57D,Westerly,48b34b87-69c2-467d-a88c-67aac910c539,SAMMS-Westerly
202609032054006012,202609031904103441,202609031904101105,85,3960,Bronze INV,br_ReAssessmentPhysicalHealth,TASK_COMPLETE,SUCCESS,INFO,4,4,0,,2026-09-03T19:04:17.619Z,2026-09-03T20:54:05.052Z,6588,2026-09-03T20:54:05.052Z,B66A,Bremen,48b34b87-69c2-467d-a88c-67aac910c539,SAMMS-Bremen
202609032054006013,202609031904103442,202609031904101105,85,3963,Bronze INV,br_ReAssessmentPhysicalHealth,TASK_COMPLETE,SUCCESS,INFO,0,0,0,,2026-09-03T19:04:17.619Z,2026-09-03T20:54:05.052Z,6588,2026-09-03T20:54:05.052Z,B72,Mobile (OBOT),48b34b87-69c2-467d-a88c-67aac910c539,SAMMS-Mobile-OBOT
202609032054006014,202609031904103443,202609031904101105,85,3964,Bronze INV,br_ReAssessmentPhysicalHealth,TASK_COMPLETE,SUCCESS,INFO,0,0,0,,2026-09-03T19:04:17.619Z,2026-09-03T20:54:05.052Z,6588,2026-09-03T20:54:05.052Z,B73,Montgomery,48b34b87-69c2-467d-a88c-67aac910c539,SAMMS-Montgomery
202609032054006015,202609031904103444,202609031904101105,85,3965,Bronze INV,br_ReAssessmentPhysicalHealth,TASK_COMPLETE,SUCCESS,INFO,517,517,0,,2026-09-03T19:04:17.619Z,2026-09-03T20:54:05.052Z,6588,2026-09-03T20:54:05.052Z,B75,Lawrence,48b34b87-69c2-467d-a88c-67aac910c539,SAMMS-LawrenceV6
202609032054006016,202609031904103445,202609031904101105,85,3966,Bronze INV,br_ReAssessmentPhysicalHealth,TASK_COMPLETE,SUCCESS,INFO,0,0,0,,2026-09-03T19:04:17.619Z,2026-09-03T20:54:05.052Z,6588,2026-09-03T20:54:05.052Z,B76,Huntsville OBOT,48b34b87-69c2-467d-a88c-67aac910c539,SAMMS-Huntsville-OBOT
202609032054006017,202609031904103446,202609031904101105,85,3967,Bronze INV,br_ReAssessmentPhysicalHealth,TASK_COMPLETE,SUCCESS,INFO,0,0,0,,2026-09-03T19:04:17.619Z,2026-09-03T20:54:05.052Z,6588,2026-09-03T20:54:05.052Z,BAT,Batesville,48b34b87-69c2-467d-a88c-67aac910c539,SAMMS-Batesville
202609032054006018,202609031904103447,202609031904101105,85,3968,Bronze INV,br_ReAssessmentPhysicalHealth,TASK_COMPLETE,SUCCESS,INFO,461,461,0,,2026-09-03T19:04:17.619Z,2026-09-03T20:54:05.052Z,6588,2026-09-03T20:54:05.052Z,BG,Bowling Green,48b34b87-69c2-467d-a88c-67aac910c539,SAMMS-BowlingGreen
202609032054006020,202609031904103448,202609031904101105,85,3969,Bronze INV,br_ReAssessmentPhysicalHealth,TASK_COMPLETE,SUCCESS,INFO,179,179,0,,2026-09-03T19:04:17.619Z,2026-09-03T20:54:05.052Z,6588,2026-09-03T20:54:05.052Z,BOI,Boise,48b34b87-69c2-467d-a88c-67aac910c539,SAMMS-Boise
202609032054006021,202609031904103449,202609031904101105,85,3976,Bronze INV,br_ReAssessmentPhysicalHealth,TASK_COMPLETE,SUCCESS,INFO,51,51,0,,2026-09-03T19:04:17.619Z,2026-09-03T20:54:05.052Z,6588,2026-09-03T20:54:05.052Z,CBCO,Coeur dAlene,48b34b87-69c2-467d-a88c-67aac910c539,SAMMS-CoeurdAleneV6
202609032054006022,202609031904103450,202609031904101105,85,3995,Bronze INV,br_ReAssessmentPhysicalHealth,TASK_COMPLETE,SUCCESS,INFO,0,0,0,,2026-09-03T19:04:17.619Z,2026-09-03T20:54:05.052Z,6588,2026-09-03T20:54:05.052Z,CON,Conway,48b34b87-69c2-467d-a88c-67aac910c539,SAMMS-Conway
202609032054006023,202609031904103451,202609031904101105,85,3996,Bronze INV,br_ReAssessmentPhysicalHealth,TASK_COMPLETE,SUCCESS,INFO,2590,2590,0,,2026-09-03T19:04:17.619Z,2026-09-03T20:54:05.052Z,6588,2026-09-03T20:54:05.052Z,D07,Medical Services Knox TN,48b34b87-69c2-467d-a88c-67aac910c539,SAMMS-KnoxvilleV6
202609032054006024,202609031904103452,202609031904101105,85,3997,Bronze INV,br_ReAssessmentPhysicalHealth,TASK_COMPLETE,SUCCESS,INFO,116,116,0,,2026-09-03T19:04:17.619Z,2026-09-03T20:54:05.052Z,6588,2026-09-03T20:54:05.052Z,D08,Madison,48b34b87-69c2-467d-a88c-67aac910c539,SAMMS-MadisonV6
202609032054006025,202609031904103453,202609031904101105,85,3999,Bronze INV,br_ReAssessmentPhysicalHealth,TASK_COMPLETE,SUCCESS,INFO,123,123,0,,2026-09-03T19:04:17.619Z,2026-09-03T20:54:05.052Z,6588,2026-09-03T20:54:05.052Z,D09,Murfreesboro,48b34b87-69c2-467d-a88c-67aac910c539,SAMMS-MurfreesboroV6
202609032054006027,202609031904103454,202609031904101105,85,4000,Bronze INV,br_ReAssessmentPhysicalHealth,TASK_COMPLETE,SUCCESS,INFO,337,337,0,,2026-09-03T19:04:17.619Z,2026-09-03T20:54:05.052Z,6588,2026-09-03T20:54:05.052Z,DA,Davenport,48b34b87-69c2-467d-a88c-67aac910c539,SAMMS-Davenport
202609032054006028,202609031904103455,202609031904101105,85,4001,Bronze INV,br_ReAssessmentPhysicalHealth,TASK_COMPLETE,SUCCESS,INFO,292,292,0,,2026-09-03T19:04:17.619Z,2026-09-03T20:54:05.052Z,6588,2026-09-03T20:54:05.052Z,DM,Des Moines,48b34b87-69c2-467d-a88c-67aac910c539,SAMMS-DesMoines
202609032054006029,202609031904103456,202609031904101105,85,4003,Bronze INV,br_ReAssessmentPhysicalHealth,TASK_COMPLETE,SUCCESS,INFO,530,530,0,,2026-09-03T19:04:17.619Z,2026-09-03T20:54:05.052Z,6588,2026-09-03T20:54:05.052Z,DRD-CO,Columbia MO,48b34b87-69c2-467d-a88c-67aac910c539,SAMMS-ColumbiaV5
202609032054006030,202609031904103457,202609031904101105,85,4004,Bronze INV,br_ReAssessmentPhysicalHealth,TASK_COMPLETE,SUCCESS,INFO,347,347,0,,2026-09-03T19:04:17.619Z,2026-09-03T20:54:05.052Z,6588,2026-09-03T20:54:05.052Z,DRD-KC,KC,48b34b87-69c2-467d-a88c-67aac910c539,SAMMS-KCv5
202609032054006031,202609031904103458,202609031904101105,85,4005,Bronze INV,br_ReAssessmentPhysicalHealth,TASK_COMPLETE,SUCCESS,INFO,1556,1556,0,,2026-09-03T19:04:17.619Z,2026-09-03T20:54:05.052Z,6588,2026-09-03T20:54:05.052Z,DRD-KVB,KVB,48b34b87-69c2-467d-a88c-67aac910c539,SAMMS-KVBv5
202609032054006032,202609031904103459,202609031904101105,85,4006,Bronze INV,br_ReAssessmentPhysicalHealth,TASK_COMPLETE,SUCCESS,INFO,1676,1676,0,,2026-09-03T19:04:17.619Z,2026-09-03T20:54:05.052Z,6588,2026-09-03T20:54:05.052Z,DRD-KVC,KVC,48b34b87-69c2-467d-a88c-67aac910c539,SAMMS-KVCv5
202609032054006033,202609031904103460,202609031904101105,85,4007,Bronze INV,br_ReAssessmentPhysicalHealth,TASK_COMPLETE,SUCCESS,INFO,3205,3205,0,,2026-09-03T19:04:17.619Z,2026-09-03T20:54:05.052Z,6588,2026-09-03T20:54:05.052Z,DRD-NOLA,NOLA,48b34b87-69c2-467d-a88c-67aac910c539,SAMMS-NOLAv5
202609032054006035,202609031904103461,202609031904101105,85,4008,Bronze INV,br_ReAssessmentPhysicalHealth,TASK_COMPLETE,SUCCESS,INFO,802,802,0,,2026-09-03T19:04:17.619Z,2026-09-03T20:54:05.052Z,6588,2026-09-03T20:54:05.052Z,DRD-SF,Springfield,48b34b87-69c2-467d-a88c-67aac910c539,SAMMS-SFv5
202609032054006036,202609031904103462,202609031904101105,85,4010,Bronze INV,br_ReAssessmentPhysicalHealth,TASK_COMPLETE,SUCCESS,INFO,261,261,0,,2026-09-03T19:04:17.619Z,2026-09-03T20:54:05.052Z,6588,2026-09-03T20:54:05.052Z,ELC,Elizabeth City,48b34b87-69c2-467d-a88c-67aac910c539,SAMMS-ElizabethCity
202609032054006037,202609031904103463,202609031904101105,85,4011,Bronze INV,br_ReAssessmentPhysicalHealth,TASK_COMPLETE,SUCCESS,INFO,128,128,0,,2026-09-03T19:04:17.619Z,2026-09-03T20:54:05.052Z,6588,2026-09-03T20:54:05.052Z,ET,Elizabethtown,48b34b87-69c2-467d-a88c-67aac910c539,SAMMS-Elizabethtown
202609032054006038,202609031904103464,202609031904101105,85,4012,Bronze INV,br_ReAssessmentPhysicalHealth,TASK_COMPLETE,SUCCESS,INFO,0,0,0,,2026-09-03T19:04:17.619Z,2026-09-03T20:54:05.052Z,6588,2026-09-03T20:54:05.052Z,FAY,Fayetteville,48b34b87-69c2-467d-a88c-67aac910c539,SAMMS-Fayetteville
202609032054006039,202609031904103465,202609031904101105,85,4013,Bronze INV,br_ReAssessmentPhysicalHealth,TASK_COMPLETE,SUCCESS,INFO,156,156,0,,2026-09-03T19:04:17.619Z,2026-09-03T20:54:05.052Z,6588,2026-09-03T20:54:05.052Z,FR,Frankfort,48b34b87-69c2-467d-a88c-67aac910c539,SAMMS-Frankfort
202609032054006040,202609031904103466,202609031904101105,85,4014,Bronze INV,br_ReAssessmentPhysicalHealth,TASK_COMPLETE,SUCCESS,INFO,0,0,0,,2026-09-03T19:04:17.619Z,2026-09-03T20:54:05.052Z,6588,2026-09-03T20:54:05.052Z,FS,Fort Smith,48b34b87-69c2-467d-a88c-67aac910c539,SAMMS-FortSmith
202609032054006042,202609031904103467,202609031904101105,85,4015,Bronze INV,br_ReAssessmentPhysicalHealth,TASK_COMPLETE,SUCCESS,INFO,471,471,0,,2026-09-03T19:04:17.619Z,2026-09-03T20:54:05.052Z,6588,2026-09-03T20:54:05.052Z,FW,Fort Wayne,48b34b87-69c2-467d-a88c-67aac910c539,SAMMS-FortWayne
202609032054006043,202609031904103468,202609031904101105,85,4016,Bronze INV,br_ReAssessmentPhysicalHealth,TASK_COMPLETE,SUCCESS,INFO,276,276,0,,2026-09-03T19:04:17.619Z,2026-09-03T20:54:05.052Z,6588,2026-09-03T20:54:05.052Z,GAL,Gaylord,48b34b87-69c2-467d-a88c-67aac910c539,SAMMS-Gaylord
202609032054006044,202609031904103469,202609031904101105,85,4020,Bronze INV,br_ReAssessmentPhysicalHealth,TASK_COMPLETE,SUCCESS,INFO,100,100,0,,2026-09-03T19:04:17.619Z,2026-09-03T20:54:05.052Z,6588,2026-09-03T20:54:05.052Z,HGT,Hagerstown,48b34b87-69c2-467d-a88c-67aac910c539,SAMMS-Hagerstown
202609032054006045,202609031904103470,202609031904101105,85,4021,Bronze INV,br_ReAssessmentPhysicalHealth,TASK_COMPLETE,SUCCESS,INFO,1727,1727,0,,2026-09-03T19:04:17.619Z,2026-09-03T20:54:05.052Z,6588,2026-09-03T20:54:05.052Z,HNT,Huntsville,48b34b87-69c2-467d-a88c-67aac910c539,SAMMS-Huntsville
202609032054006046,202609031904103471,202609031904101105,85,4022,Bronze INV,br_ReAssessmentPhysicalHealth,TASK_COMPLETE,SUCCESS,INFO,0,0,0,,2026-09-03T19:04:17.619Z,2026-09-03T20:54:05.052Z,6588,2026-09-03T20:54:05.052Z,HS,Hot Springs,48b34b87-69c2-467d-a88c-67aac910c539,SAMMS-HotSprings
202609032054006047,202609031904103472,202609031904101105,85,4023,Bronze INV,br_ReAssessmentPhysicalHealth,TASK_COMPLETE,SUCCESS,INFO,0,0,0,,2026-09-03T19:04:17.619Z,2026-09-03T20:54:05.052Z,6588,2026-09-03T20:54:05.052Z,JON,Jonesboro,48b34b87-69c2-467d-a88c-67aac910c539,SAMMS-Jonesboro
202609032054006048,202609031904103473,202609031904101105,85,4025,Bronze INV,br_ReAssessmentPhysicalHealth,TASK_COMPLETE,SUCCESS,INFO,448,448,0,,2026-09-03T19:04:17.619Z,2026-09-03T20:54:05.052Z,6588,2026-09-03T20:54:05.052Z,LAN,Lansing,48b34b87-69c2-467d-a88c-67aac910c539,SAMMS-Lansing
202609032054006050,202609031904103474,202609031904101105,85,4026,Bronze INV,br_ReAssessmentPhysicalHealth,TASK_COMPLETE,SUCCESS,INFO,1290,1290,0,,2026-09-03T19:04:17.619Z,2026-09-03T20:54:05.052Z,6588,2026-09-03T20:54:05.052Z,LO,Louisville,48b34b87-69c2-467d-a88c-67aac910c539,SAMMS-Louisville
202609032054006051,202609031904103475,202609031904101105,85,4027,Bronze INV,br_ReAssessmentPhysicalHealth,TASK_COMPLETE,SUCCESS,INFO,292,292,0,,2026-09-03T19:04:17.619Z,2026-09-03T20:54:05.052Z,6588,2026-09-03T20:54:05.052Z,LV1,Cheyenne,48b34b87-69c2-467d-a88c-67aac910c539,SAMMS-Cheyenne
202609032054006052,202609031904103476,202609031904101105,85,4028,Bronze INV,br_ReAssessmentPhysicalHealth,TASK_COMPLETE,SUCCESS,INFO,205,205,0,,2026-09-03T19:04:17.619Z,2026-09-03T20:54:05.052Z,6588,2026-09-03T20:54:05.052Z,LV2,Desert Inn,48b34b87-69c2-467d-a88c-67aac910c539,SAMMS-DesertInn
202609032054006053,202609031904103477,202609031904101105,85,4029,Bronze INV,br_ReAssessmentPhysicalHealth,TASK_COMPLETE,SUCCESS,INFO,110,110,0,,2026-09-03T19:04:17.619Z,2026-09-03T20:54:05.052Z,6588,2026-09-03T20:54:05.052Z,LV3,McDaniel,48b34b87-69c2-467d-a88c-67aac910c539,SAMMS-McDaniel
202609032054006054,202609031904103478,202609031904101105,85,4032,Bronze INV,br_ReAssessmentPhysicalHealth,TASK_COMPLETE,SUCCESS,INFO,358,358,0,,2026-09-03T19:04:17.619Z,2026-09-03T20:54:05.052Z,6588,2026-09-03T20:54:05.052Z,MNRE,Monroe,48b34b87-69c2-467d-a88c-67aac910c539,SAMMS-Monroe
202609032054006055,202609031904103479,202609031904101105,85,4033,Bronze INV,br_ReAssessmentPhysicalHealth,TASK_COMPLETE,SUCCESS,INFO,1427,1427,0,,2026-09-03T19:04:17.619Z,2026-09-03T20:54:05.052Z,6588,2026-09-03T20:54:05.052Z,MP,Mt. Pleasant,48b34b87-69c2-467d-a88c-67aac910c539,SAMMS-MtPleasant
202609032054006057,202609031904103480,202609031904101105,85,4034,Bronze INV,br_ReAssessmentPhysicalHealth,TASK_COMPLETE,SUCCESS,INFO,153,153,0,,2026-09-03T19:04:17.619Z,2026-09-03T20:54:05.052Z,6588,2026-09-03T20:54:05.052Z,MRD,Meridian,48b34b87-69c2-467d-a88c-67aac910c539,SAMMS-Meridian
202609032054006058,202609031904103481,202609031904101105,85,4039,Bronze INV,br_ReAssessmentPhysicalHealth,TASK_COMPLETE,SUCCESS,INFO,694,694,0,,2026-09-03T19:04:17.619Z,2026-09-03T20:54:05.052Z,6588,2026-09-03T20:54:05.052Z,NC,North Charleston,48b34b87-69c2-467d-a88c-67aac910c539,SAMMS-NorthCharleston
202609032054006059,202609031904103482,202609031904101105,85,4040,Bronze INV,br_ReAssessmentPhysicalHealth,TASK_COMPLETE,SUCCESS,INFO,0,0,0,,2026-09-03T19:04:17.619Z,2026-09-03T20:54:05.052Z,6588,2026-09-03T20:54:05.052Z,NLR,N. Little Rock,48b34b87-69c2-467d-a88c-67aac910c539,SAMMS-NLROBOT
202609032054006060,202609031904103483,202609031904101105,85,4041,Bronze INV,br_ReAssessmentPhysicalHealth,TASK_COMPLETE,SUCCESS,INFO,112,112,0,,2026-09-03T19:04:17.619Z,2026-09-03T20:54:05.052Z,6588,2026-09-03T20:54:05.052Z,PH,Phoenix,48b34b87-69c2-467d-a88c-67aac910c539,SAMMS-Phoenix
202609032054006061,202609031904103484,202609031904101105,85,4045,Bronze INV,br_ReAssessmentPhysicalHealth,TASK_COMPLETE,SUCCESS,INFO,216,216,0,,2026-09-03T19:04:17.619Z,2026-09-03T20:54:05.052Z,6588,2026-09-03T20:54:05.052Z,RE,Reno,48b34b87-69c2-467d-a88c-67aac910c539,SAMMS-Reno
202609032054006062,202609031904103485,202609031904101105,85,4046,Bronze INV,br_ReAssessmentPhysicalHealth,TASK_COMPLETE,SUCCESS,INFO,88,88,0,,2026-09-03T19:04:17.619Z,2026-09-03T20:54:05.052Z,6588,2026-09-03T20:54:05.052Z,RMD,Richmond,48b34b87-69c2-467d-a88c-67aac910c539,SAMMS-Richmond
202609032054003755,202609031904101514,202609031904101105,85,2910,Bronze INV,br_OrientationChecklistNew,TASK_COMPLETE,SUCCESS,INFO,0,0,0,,2026-09-03T19:04:17.619Z,2026-09-03T20:54:05.052Z,6588,2026-09-03T20:54:05.052Z,FS,Fort Smith,48b34b87-69c2-467d-a88c-67aac910c539,SAMMS-FortSmith
202609032054003756,202609031904101515,202609031904101105,85,2911,Bronze INV,br_OrientationChecklistNew,TASK_COMPLETE,SUCCESS,INFO,196,196,0,,2026-09-03T19:04:17.619Z,2026-09-03T20:54:05.052Z,6588,2026-09-03T20:54:05.052Z,FW,Fort Wayne,48b34b87-69c2-467d-a88c-67aac910c539,SAMMS-FortWayne
202609032054003757,202609031904101516,202609031904101105,85,2912,Bronze INV,br_OrientationChecklistNew,TASK_COMPLETE,SUCCESS,INFO,16,16,0,,2026-09-03T19:04:17.619Z,2026-09-03T20:54:05.052Z,6588,2026-09-03T20:54:05.052Z,GAL,Gaylord,48b34b87-69c2-467d-a88c-67aac910c539,SAMMS-Gaylord
202609032054003759,202609031904101517,202609031904101105,85,2916,Bronze INV,br_OrientationChecklistNew,TASK_COMPLETE,SUCCESS,INFO,127,127,0,,2026-09-03T19:04:17.619Z,2026-09-03T20:54:05.052Z,6588,2026-09-03T20:54:05.052Z,HGT,Hagerstown,48b34b87-69c2-467d-a88c-67aac910c539,SAMMS-Hagerstown
202609032054003760,202609031904101518,202609031904101105,85,2917,Bronze INV,br_OrientationChecklistNew,TASK_COMPLETE,SUCCESS,INFO,108,108,0,,2026-09-03T19:04:17.619Z,2026-09-03T20:54:05.052Z,6588,2026-09-03T20:54:05.052Z,HNT,Huntsville,48b34b87-69c2-467d-a88c-67aac910c539,SAMMS-Huntsville
202609032054003761,202609031904101519,202609031904101105,85,2918,Bronze INV,br_OrientationChecklistNew,TASK_COMPLETE,SUCCESS,INFO,0,0,0,,2026-09-03T19:04:17.619Z,2026-09-03T20:54:05.052Z,6588,2026-09-03T20:54:05.052Z,HS,Hot Springs,48b34b87-69c2-467d-a88c-67aac910c539,SAMMS-HotSprings
202609032054003762,202609031904101520,202609031904101105,85,2919,Bronze INV,br_OrientationChecklistNew,TASK_COMPLETE,SUCCESS,INFO,0,0,0,,2026-09-03T19:04:17.619Z,2026-09-03T20:54:05.052Z,6588,2026-09-03T20:54:05.052Z,JON,Jonesboro,48b34b87-69c2-467d-a88c-67aac910c539,SAMMS-Jonesboro
202609032054003763,202609031904101521,202609031904101105,85,2921,Bronze INV,br_OrientationChecklistNew,TASK_COMPLETE,SUCCESS,INFO,13,13,0,,2026-09-03T19:04:17.619Z,2026-09-03T20:54:05.052Z,6588,2026-09-03T20:54:05.052Z,LAN,Lansing,48b34b87-69c2-467d-a88c-67aac910c539,SAMMS-Lansing
202609032054003764,202609031904101522,202609031904101105,85,2922,Bronze INV,br_OrientationChecklistNew,TASK_COMPLETE,SUCCESS,INFO,182,182,0,,2026-09-03T19:04:17.619Z,2026-09-03T20:54:05.052Z,6588,2026-09-03T20:54:05.052Z,LO,Louisville,48b34b87-69c2-467d-a88c-67aac910c539,SAMMS-Louisville
202609032054003765,202609031904101523,202609031904101105,85,2923,Bronze INV,br_OrientationChecklistNew,TASK_COMPLETE,SUCCESS,INFO,340,340,0,,2026-09-03T19:04:17.619Z,2026-09-03T20:54:05.052Z,6588,2026-09-03T20:54:05.052Z,LV1,Cheyenne,48b34b87-69c2-467d-a88c-67aac910c539,SAMMS-Cheyenne
202609032054003767,202609031904101524,202609031904101105,85,2924,Bronze INV,br_OrientationChecklistNew,TASK_COMPLETE,SUCCESS,INFO,190,190,0,,2026-09-03T19:04:17.619Z,2026-09-03T20:54:05.052Z,6588,2026-09-03T20:54:05.052Z,LV2,Desert Inn,48b34b87-69c2-467d-a88c-67aac910c539,SAMMS-DesertInn
202609032054003768,202609031904101525,202609031904101105,85,2925,Bronze INV,br_OrientationChecklistNew,TASK_COMPLETE,SUCCESS,INFO,87,87,0,,2026-09-03T19:04:17.619Z,2026-09-03T20:54:05.052Z,6588,2026-09-03T20:54:05.052Z,LV3,McDaniel,48b34b87-69c2-467d-a88c-67aac910c539,SAMMS-McDaniel
202609032054003769,202609031904101526,202609031904101105,85,2928,Bronze INV,br_OrientationChecklistNew,TASK_COMPLETE,SUCCESS,INFO,91,91,0,,2026-09-03T19:04:17.619Z,2026-09-03T20:54:05.052Z,6588,2026-09-03T20:54:05.052Z,MNRE,Monroe,48b34b87-69c2-467d-a88c-67aac910c539,SAMMS-Monroe
202609032054003770,202609031904101527,202609031904101105,85,2929,Bronze INV,br_OrientationChecklistNew,TASK_COMPLETE,SUCCESS,INFO,8,8,0,,2026-09-03T19:04:17.619Z,2026-09-03T20:54:05.052Z,6588,2026-09-03T20:54:05.052Z,MP,Mt. Pleasant,48b34b87-69c2-467d-a88c-67aac910c539,SAMMS-MtPleasant
202609032054003771,202609031904101528,202609031904101105,85,2930,Bronze INV,br_OrientationChecklistNew,TASK_COMPLETE,SUCCESS,INFO,73,73,0,,2026-09-03T19:04:17.619Z,2026-09-03T20:54:05.052Z,6588,2026-09-03T20:54:05.052Z,MRD,Meridian,48b34b87-69c2-467d-a88c-67aac910c539,SAMMS-Meridian
202609032054003772,202609031904101529,202609031904101105,85,2935,Bronze INV,br_OrientationChecklistNew,TASK_COMPLETE,SUCCESS,INFO,159,159,0,,2026-09-03T19:04:17.619Z,2026-09-03T20:54:05.052Z,6588,2026-09-03T20:54:05.052Z,NC,North Charleston,48b34b87-69c2-467d-a88c-67aac910c539,SAMMS-NorthCharleston
202609032054003773,202609031904101530,202609031904101105,85,2936,Bronze INV,br_OrientationChecklistNew,TASK_COMPLETE,SUCCESS,INFO,0,0,0,,2026-09-03T19:04:17.619Z,2026-09-03T20:54:05.052Z,6588,2026-09-03T20:54:05.052Z,NLR,N. Little Rock,48b34b87-69c2-467d-a88c-67aac910c539,SAMMS-NLROBOT
202609032054003774,202609031904101531,202609031904101105,85,2941,Bronze INV,br_OrientationChecklistNew,TASK_COMPLETE,SUCCESS,INFO,127,127,0,,2026-09-03T19:04:17.619Z,2026-09-03T20:54:05.052Z,6588,2026-09-03T20:54:05.052Z,RE,Reno,48b34b87-69c2-467d-a88c-67aac910c539,SAMMS-Reno
202609032054003776,202609031904101532,202609031904101105,85,2942,Bronze INV,br_OrientationChecklistNew,TASK_COMPLETE,SUCCESS,INFO,215,215,0,,2026-09-03T19:04:17.619Z,2026-09-03T20:54:05.052Z,6588,2026-09-03T20:54:05.052Z,RMD,Richmond,48b34b87-69c2-467d-a88c-67aac910c539,SAMMS-Richmond
202609032054003777,202609031904101533,202609031904101105,85,2943,Bronze INV,br_OrientationChecklistNew,TASK_COMPLETE,SUCCESS,INFO,186,186,0,,2026-09-03T19:04:17.619Z,2026-09-03T20:54:05.052Z,6588,2026-09-03T20:54:05.052Z,SFN,Springfield North,48b34b87-69c2-467d-a88c-67aac910c539,SAMMS-SFNv5
202609032054003778,202609031904101534,202609031904101105,85,2944,Bronze INV,br_OrientationChecklistNew,TASK_COMPLETE,SUCCESS,INFO,146,146,0,,2026-09-03T19:04:17.619Z,2026-09-03T20:54:05.052Z,6588,2026-09-03T20:54:05.052Z,SHP,Shreveport,48b34b87-69c2-467d-a88c-67aac910c539,SAMMS-Shreveport
202609032054003779,202609031904101535,202609031904101105,85,2946,Bronze INV,br_OrientationChecklistNew,TASK_COMPLETE,SUCCESS,INFO,106,106,0,,2026-09-03T19:04:17.619Z,2026-09-03T20:54:05.052Z,6588,2026-09-03T20:54:05.052Z,STN,Staunton,48b34b87-69c2-467d-a88c-67aac910c539,SAMMS-Staunton
202609032054003780,202609031904101536,202609031904101105,85,2947,Bronze INV,br_OrientationChecklistNew,TASK_COMPLETE,SUCCESS,INFO,29,29,0,,2026-09-03T19:04:17.619Z,2026-09-03T20:54:05.052Z,6588,2026-09-03T20:54:05.052Z,STVN,Stevenson,48b34b87-69c2-467d-a88c-67aac910c539,SAMMS-Stevenson
202609032054003781,202609031904101537,202609031904101105,85,2950,Bronze INV,br_OrientationChecklistNew,TASK_COMPLETE,SUCCESS,INFO,0,0,0,,2026-09-03T19:04:17.619Z,2026-09-03T20:54:05.052Z,6588,2026-09-03T20:54:05.052Z,TEX,Texarkana,48b34b87-69c2-467d-a88c-67aac910c539,SAMMS-Texarkana
202609032054003782,202609031904101538,202609031904101105,85,2951,Bronze INV,br_OrientationChecklistNew,TASK_COMPLETE,SUCCESS,INFO,101,101,0,,2026-09-03T19:04:17.619Z,2026-09-03T20:54:05.052Z,6588,2026-09-03T20:54:05.052Z,TTCA,Bessemer,48b34b87-69c2-467d-a88c-67aac910c539,SAMMS-BessemerV5
202609032054003784,202609031904101539,202609031904101105,85,2952,Bronze INV,br_OrientationChecklistNew,TASK_COMPLETE,SUCCESS,INFO,69,69,0,,2026-09-03T19:04:17.619Z,2026-09-03T20:54:05.052Z,6588,2026-09-03T20:54:05.052Z,TTCB,Cullman,48b34b87-69c2-467d-a88c-67aac910c539,SAMMS-CullmanV5
202609032054003785,202609031904101540,202609031904101105,85,2953,Bronze INV,br_OrientationChecklistNew,TASK_COMPLETE,SUCCESS,INFO,74,74,0,,2026-09-03T19:04:17.619Z,2026-09-03T20:54:05.052Z,6588,2026-09-03T20:54:05.052Z,TTCC,Grand Bay,48b34b87-69c2-467d-a88c-67aac910c539,SAMMS-GrandBay
202609032054003786,202609031904101541,202609031904101105,85,2956,Bronze INV,br_OrientationChecklistNew,TASK_COMPLETE,SUCCESS,INFO,104,104,0,,2026-09-03T19:04:17.619Z,2026-09-03T20:54:05.052Z,6588,2026-09-03T20:54:05.052Z,V1,Memphis South,48b34b87-69c2-467d-a88c-67aac910c539,SAMMS-VCPHCS-I-MemphisV5
202609032054003787,202609031904101542,202609031904101105,85,2957,Bronze INV,br_OrientationChecklistNew,TASK_COMPLETE,SUCCESS,INFO,121,121,0,,2026-09-03T19:04:17.619Z,2026-09-03T20:54:05.052Z,6588,2026-09-03T20:54:05.052Z,V10,Longmont,48b34b87-69c2-467d-a88c-67aac910c539,SAMMS-BoulderV5
202609032054003788,202609031904101543,202609031904101105,85,2958,Bronze INV,br_OrientationChecklistNew,TASK_COMPLETE,SUCCESS,INFO,219,219,0,,2026-09-03T19:04:17.619Z,2026-09-03T20:54:05.052Z,6588,2026-09-03T20:54:05.052Z,V10A,Fort Collins,48b34b87-69c2-467d-a88c-67aac910c539,SAMMS-FortCollinsV5
202609032054003789,202609031904101544,202609031904101105,85,2959,Bronze INV,br_OrientationChecklistNew,TASK_COMPLETE,SUCCESS,INFO,113,113,0,,2026-09-03T19:04:17.619Z,2026-09-03T20:54:05.052Z,6588,2026-09-03T20:54:05.052Z,V11,Westminster,48b34b87-69c2-467d-a88c-67aac910c539,SAMMS-VCPHCS-XI-NorthDenverV5
202609032054003790,202609031904101545,202609031904101105,85,2960,Bronze INV,br_OrientationChecklistNew,TASK_COMPLETE,SUCCESS,INFO,124,124,0,,2026-09-03T19:04:17.619Z,2026-09-03T20:54:05.052Z,6588,2026-09-03T20:54:05.052Z,V12,Downtown Denver,48b34b87-69c2-467d-a88c-67aac910c539,SAMMS-VCPHCS-XII-DowntownDenverV5
202609032054003791,202609031904101546,202609031904101105,85,2961,Bronze INV,br_OrientationChecklistNew,TASK_COMPLETE,SUCCESS,INFO,63,63,0,,2026-09-03T19:04:17.619Z,2026-09-03T20:54:05.052Z,6588,2026-09-03T20:54:05.052Z,V12A,Centennial,48b34b87-69c2-467d-a88c-67aac910c539,SAMMS-CentennialV5
202609032054003793,202609031904101547,202609031904101105,85,2962,Bronze INV,br_OrientationChecklistNew,TASK_COMPLETE,SUCCESS,INFO,116,116,0,,2026-09-03T19:04:17.619Z,2026-09-03T20:54:05.052Z,6588,2026-09-03T20:54:05.052Z,V14,Overland Park,48b34b87-69c2-467d-a88c-67aac910c539,SAMMS-VCPHCS-XIV-BridgewayV5
202609032054003794,202609031904101548,202609031904101105,85,2963,Bronze INV,br_OrientationChecklistNew,TASK_COMPLETE,SUCCESS,INFO,160,160,0,,2026-09-03T19:04:17.619Z,2026-09-03T20:54:05.052Z,6588,2026-09-03T20:54:05.052Z,V15,Joplin,48b34b87-69c2-467d-a88c-67aac910c539,SAMMS-JoplinV5
202609032054003795,202609031904101549,202609031904101105,85,2965,Bronze INV,br_OrientationChecklistNew,TASK_COMPLETE,SUCCESS,INFO,59,59,0,,2026-09-03T19:04:17.619Z,2026-09-03T20:54:05.052Z,6588,2026-09-03T20:54:05.052Z,V17,Columbia TN,48b34b87-69c2-467d-a88c-67aac910c539,SAMMS-ColumbiaTNv5
202609032054003796,202609031904101550,202609031904101105,85,2967,Bronze INV,br_OrientationChecklistNew,TASK_COMPLETE,SUCCESS,INFO,93,93,0,,2026-09-03T19:04:17.619Z,2026-09-03T20:54:05.052Z,6588,2026-09-03T20:54:05.052Z,V19,Jackson,48b34b87-69c2-467d-a88c-67aac910c539,SAMMS-JacksonV5
202609032054003797,202609031904101551,202609031904101105,85,2969,Bronze INV,br_OrientationChecklistNew,TASK_COMPLETE,SUCCESS,INFO,71,71,0,,2026-09-03T19:04:17.619Z,2026-09-03T20:54:05.052Z,6588,2026-09-03T20:54:05.052Z,V20,Paris,48b34b87-69c2-467d-a88c-67aac910c539,SAMMS-ParisV5
202609032054003798,202609031904101552,202609031904101105,85,2970,Bronze INV,br_OrientationChecklistNew,TASK_COMPLETE,SUCCESS,INFO,48,48,0,,2026-09-03T19:04:17.619Z,2026-09-03T20:54:05.052Z,6588,2026-09-03T20:54:05.052Z,V21,Memphis North,48b34b87-69c2-467d-a88c-67aac910c539,SAMMS-RaleighV5
202609032054003799,202609031904101553,202609031904101105,85,2973,Bronze INV,br_OrientationChecklistNew,TASK_COMPLETE,SUCCESS,INFO,145,145,0,,2026-09-03T19:04:17.619Z,2026-09-03T20:54:05.052Z,6588,2026-09-03T20:54:05.052Z,V5,West Bank,48b34b87-69c2-467d-a88c-67aac910c539,SAMMS-NONTCv5
202609032054003801,202609031904101554,202609031904101105,85,2975,Bronze INV,br_OrientationChecklistNew,TASK_COMPLETE,SUCCESS,INFO,66,66,0,,2026-09-03T19:04:17.619Z,2026-09-03T20:54:05.052Z,6588,2026-09-03T20:54:05.052Z,V5B,Houma,48b34b87-69c2-467d-a88c-67aac910c539,SAMMS-HoumaV6
202609032054003802,202609031904101555,202609031904101105,85,2976,Bronze INV,br_OrientationChecklistNew,TASK_COMPLETE,SUCCESS,INFO,195,195,0,,2026-09-03T19:04:17.619Z,2026-09-03T20:54:05.052Z,6588,2026-09-03T20:54:05.052Z,V6,Lake Charles,48b34b87-69c2-467d-a88c-67aac910c539,SAMMS-LCv5
202609032054003803,202609031904101556,202609031904101105,85,2978,Bronze INV,br_OrientationChecklistNew,TASK_COMPLETE,SUCCESS,INFO,127,127,0,,2026-09-03T19:04:17.619Z,2026-09-03T20:54:05.052Z,6588,2026-09-03T20:54:05.052Z,V8,Memphis Midtown,48b34b87-69c2-467d-a88c-67aac910c539,SAMMS-VCPHCS-VIII-MemphisV5
202609032054003804,202609031904101557,202609031904101105,85,2979,Bronze INV,br_OrientationChecklistNew,TASK_COMPLETE,SUCCESS,INFO,192,192,0,,2026-09-03T19:04:17.619Z,2026-09-03T20:54:05.052Z,6588,2026-09-03T20:54:05.052Z,V9,Nashville,48b34b87-69c2-467d-a88c-67aac910c539,SAMMS-NashvilleV5
202609032054003805,202609031904101558,202609031904101105,85,2980,Bronze INV,br_OrientationChecklistNew,TASK_COMPLETE,SUCCESS,INFO,149,149,0,,2026-09-03T19:04:17.619Z,2026-09-03T20:54:05.052Z,6588,2026-09-03T20:54:05.052Z,VBRA,Brainerd,48b34b87-69c2-467d-a88c-67aac910c539,SAMMS-BrainerdV6
202609032054003806,202609031904101559,202609031904101105,85,2981,Bronze INV,br_OrientationChecklistNew,TASK_COMPLETE,SUCCESS,INFO,165,165,0,,2026-09-03T19:04:17.619Z,2026-09-03T20:54:05.052Z,6588,2026-09-03T20:54:05.052Z,VBRP,Brooklyn Park,48b34b87-69c2-467d-a88c-67aac910c539,SAMMS-BrooklynParkV6
202609032054003807,202609031904101560,202609031904101105,85,2983,Bronze INV,br_OrientationChecklistNew,TASK_COMPLETE,SUCCESS,INFO,130,130,0,,2026-09-03T19:04:17.619Z,2026-09-03T20:54:05.052Z,6588,2026-09-03T20:54:05.052Z,VMIN,Minneapolis,48b34b87-69c2-467d-a88c-67aac910c539,SAMMS-MinneapolisV6
202609032054003808,202609031904101561,202609031904101105,85,2984,Bronze INV,br_OrientationChecklistNew,TASK_COMPLETE,SUCCESS,INFO,188,188,0,,2026-09-03T19:04:17.619Z,2026-09-03T20:54:05.052Z,6588,2026-09-03T20:54:05.052Z,VWBY,Woodbury,48b34b87-69c2-467d-a88c-67aac910c539,SAMMS-WoodburyV6
202609032054003810,202609031904101562,202609031904101105,85,2986,Bronze INV,br_OrientationChecklistNew,TASK_COMPLETE,SUCCESS,INFO,108,108,0,,2026-09-03T19:04:17.619Z,2026-09-03T20:54:05.052Z,6588,2026-09-03T20:54:05.052Z,WIL,Wilson,48b34b87-69c2-467d-a88c-67aac910c539,SAMMS-Wilson
202609032054003811,202609031904101563,202609031904101105,85,2254,Bronze INV,br_LabResult,TASK_COMPLETE,SUCCESS,INFO,1693,1693,0,,2026-09-03T19:04:17.619Z,2026-09-03T20:54:05.052Z,6588,2026-09-03T20:54:05.052Z,AHK,Ahoskie,48b34b87-69c2-467d-a88c-67aac910c539,SAMMS-Ahoskie
202609032054003812,202609031904101564,202609031904101105,85,2255,Bronze INV,br_LabResult,TASK_COMPLETE,SUCCESS,INFO,1260,1260,0,,2026-09-03T19:04:17.619Z,2026-09-03T20:54:05.052Z,6588,2026-09-03T20:54:05.052Z,B12B,Colorado Springs,48b34b87-69c2-467d-a88c-67aac910c539,SAMMS-ColoradoSpringsV5
202609032054003813,202609031904101565,202609031904101105,85,2256,Bronze INV,br_LabResult,TASK_COMPLETE,SUCCESS,INFO,1833,1833,0,,2026-09-03T19:04:17.619Z,2026-09-03T20:54:05.052Z,6588,2026-09-03T20:54:05.052Z,B24,Paintsville,48b34b87-69c2-467d-a88c-67aac910c539,SAMMS-PaintsvilleV5
202609032054003814,202609031904101566,202609031904101105,85,2257,Bronze INV,br_LabResult,TASK_COMPLETE,SUCCESS,INFO,2290,2290,0,,2026-09-03T19:04:17.619Z,2026-09-03T20:54:05.052Z,6588,2026-09-03T20:54:05.052Z,B25,Pikeville,48b34b87-69c2-467d-a88c-67aac910c539,SAMMS-PikevilleV5
202609032054003815,202609031904101567,202609031904101105,85,2258,Bronze INV,br_LabResult,TASK_COMPLETE,SUCCESS,INFO,2747,2747,0,,2026-09-03T19:04:17.619Z,2026-09-03T20:54:05.052Z,6588,2026-09-03T20:54:05.052Z,B26,Hazard,48b34b87-69c2-467d-a88c-67aac910c539,SAMMS-HazardV5
202609032054003816,202609031904101568,202609031904101105,85,2259,Bronze INV,br_LabResult,TASK_COMPLETE,SUCCESS,INFO,3,3,0,,2026-09-03T19:04:17.619Z,2026-09-03T20:54:05.052Z,6588,2026-09-03T20:54:05.052Z,B27,Savannah,48b34b87-69c2-467d-a88c-67aac910c539,SAMMS-SavannahV6
202609032054003818,202609031904101569,202609031904101105,85,2260,Bronze INV,br_LabResult,TASK_COMPLETE,SUCCESS,INFO,1556,1556,0,,2026-09-03T19:04:17.619Z,2026-09-03T20:54:05.052Z,6588,2026-09-03T20:54:05.052Z,B28,West Plains,48b34b87-69c2-467d-a88c-67aac910c539,SAMMS-WestPlainesV5
202609032054003819,202609031904101570,202609031904101105,85,2261,Bronze INV,br_LabResult,TASK_COMPLETE,SUCCESS,INFO,1893,1893,0,,2026-09-03T19:04:17.619Z,2026-09-03T20:54:05.052Z,6588,2026-09-03T20:54:05.052Z,B29,Poplar Bluff,48b34b87-69c2-467d-a88c-67aac910c539,SAMMS-PoplarBluffV5
202609032054003820,202609031904101571,202609031904101105,85,2262,Bronze INV,br_LabResult,TASK_COMPLETE,SUCCESS,INFO,1518,1518,0,,2026-09-03T19:04:17.619Z,2026-09-03T20:54:05.052Z,6588,2026-09-03T20:54:05.052Z,B30,KC North,48b34b87-69c2-467d-a88c-67aac910c539,SAMMS-KCNv5
202609032054003821,202609031904101572,202609031904101105,85,2263,Bronze INV,br_LabResult,TASK_COMPLETE,SUCCESS,INFO,5384,5384,0,,2026-09-03T19:04:17.619Z,2026-09-03T20:54:05.052Z,6588,2026-09-03T20:54:05.052Z,B31,Dyersburg,48b34b87-69c2-467d-a88c-67aac910c539,SAMMS-DyersburgV5
202609032054003822,202609031904101573,202609031904101105,85,2265,Bronze INV,br_LabResult,TASK_COMPLETE,SUCCESS,INFO,4154,4154,0,,2026-09-03T19:04:17.619Z,2026-09-03T20:54:05.052Z,6588,2026-09-03T20:54:05.052Z,B33,Paducah,48b34b87-69c2-467d-a88c-67aac910c539,SAMMS-Paducah
202609032054003824,202609031904101574,202609031904101105,85,2266,Bronze INV,br_LabResult,TASK_COMPLETE,SUCCESS,INFO,2294,2294,0,,2026-09-03T19:04:17.619Z,2026-09-03T20:54:05.052Z,6588,2026-09-03T20:54:05.052Z,B34,Corbin,48b34b87-69c2-467d-a88c-67aac910c539,SAMMS-CorbinV5
202609032054003825,202609031904101575,202609031904101105,85,2267,Bronze INV,br_LabResult,TASK_COMPLETE,SUCCESS,INFO,11749,11749,0,,2026-09-03T19:04:17.619Z,2026-09-03T20:54:05.052Z,6588,2026-09-03T20:54:05.052Z,B35,Lexington,48b34b87-69c2-467d-a88c-67aac910c539,SAMMS-LexingtonV5
202609032054003826,202609031904101576,202609031904101105,85,2268,Bronze INV,br_LabResult,TASK_COMPLETE,SUCCESS,INFO,2396,2396,0,,2026-09-03T19:04:17.619Z,2026-09-03T20:54:05.052Z,6588,2026-09-03T20:54:05.052Z,B35A,Berea,48b34b87-69c2-467d-a88c-67aac910c539,SAMMS-BereaV5
202609032054003828,202609031904101577,202609031904101105,85,2269,Bronze INV,br_LabResult,TASK_COMPLETE,SUCCESS,INFO,1174,1174,0,,2026-09-03T19:04:17.619Z,2026-09-03T20:54:05.052Z,6588,2026-09-03T20:54:05.052Z,B36,Asheville,48b34b87-69c2-467d-a88c-67aac910c539,SAMMS-AshevilleV5
202609032054003829,202609031904101578,202609031904101105,85,2270,Bronze INV,br_LabResult,TASK_COMPLETE,SUCCESS,INFO,1697,1697,0,,2026-09-03T19:04:17.619Z,2026-09-03T20:54:05.052Z,6588,2026-09-03T20:54:05.052Z,B37,Clyde,48b34b87-69c2-467d-a88c-67aac910c539,SAMMS-ClydeV5
202609032054003830,202609031904101579,202609031904101105,85,2271,Bronze INV,br_LabResult,TASK_COMPLETE,SUCCESS,INFO,5944,5944,0,,2026-09-03T19:04:17.619Z,2026-09-03T20:54:05.052Z,6588,2026-09-03T20:54:05.052Z,B38,Spartanburg,48b34b87-69c2-467d-a88c-67aac910c539,SAMMS-SpartanburgV5
202609032054003832,202609031904101580,202609031904101105,85,2272,Bronze INV,br_LabResult,TASK_COMPLETE,SUCCESS,INFO,1795,1795,0,,2026-09-03T19:04:17.619Z,2026-09-03T20:54:05.052Z,6588,2026-09-03T20:54:05.052Z,B39,Aiken,48b34b87-69c2-467d-a88c-67aac910c539,SAMMS-AikenV5
202609032054003833,202609031904101581,202609031904101105,85,2273,Bronze INV,br_LabResult,TASK_COMPLETE,SUCCESS,INFO,4053,4053,0,,2026-09-03T19:04:17.619Z,2026-09-03T20:54:05.052Z,6588,2026-09-03T20:54:05.052Z,B41,Chesapeake,48b34b87-69c2-467d-a88c-67aac910c539,SAMMS-ChesapeakeV5
202609032054003913,202609031904101650,202609031904101105,85,2397,Bronze INV,br_LabResult,TASK_COMPLETE,SUCCESS,INFO,5278,5278,0,,2026-09-03T19:04:17.619Z,2026-09-03T20:54:05.052Z,6588,2026-09-03T20:54:05.052Z,TE,Tempe,48b34b87-69c2-467d-a88c-67aac910c539,SAMMS-Tempe
202609032054003914,202609031904101651,202609031904101105,85,2398,Bronze INV,br_LabResult,TASK_COMPLETE,SUCCESS,INFO,2,2,0,,2026-09-03T19:04:17.619Z,2026-09-03T20:54:05.052Z,6588,2026-09-03T20:54:05.052Z,TEX,Texarkana,48b34b87-69c2-467d-a88c-67aac910c539,SAMMS-Texarkana
202609032054003915,202609031904101652,202609031904101105,85,2399,Bronze INV,br_LabResult,TASK_COMPLETE,SUCCESS,INFO,1677,1677,0,,2026-09-03T19:04:17.619Z,2026-09-03T20:54:05.052Z,6588,2026-09-03T20:54:05.052Z,TTCA,Bessemer,48b34b87-69c2-467d-a88c-67aac910c539,SAMMS-BessemerV5
202609032054003916,202609031904101653,202609031904101105,85,2400,Bronze INV,br_LabResult,TASK_COMPLETE,SUCCESS,INFO,2103,2103,0,,2026-09-03T19:04:17.619Z,2026-09-03T20:54:05.052Z,6588,2026-09-03T20:54:05.052Z,TTCB,Cullman,48b34b87-69c2-467d-a88c-67aac910c539,SAMMS-CullmanV5
202609032054003917,202609031904101654,202609031904101105,85,2401,Bronze INV,br_LabResult,TASK_COMPLETE,SUCCESS,INFO,4,4,0,,2026-09-03T19:04:17.619Z,2026-09-03T20:54:05.052Z,6588,2026-09-03T20:54:05.052Z,TTCC,Grand Bay,48b34b87-69c2-467d-a88c-67aac910c539,SAMMS-GrandBay
202609032054003918,202609031904101655,202609031904101105,85,2402,Bronze INV,br_LabResult,TASK_COMPLETE,SUCCESS,INFO,717,717,0,,2026-09-03T19:04:17.619Z,2026-09-03T20:54:05.052Z,6588,2026-09-03T20:54:05.052Z,TU,Tucson,48b34b87-69c2-467d-a88c-67aac910c539,SAMMS-Tucson
202609032054003919,202609031904101656,202609031904101105,85,2404,Bronze INV,br_LabResult,TASK_COMPLETE,SUCCESS,INFO,4986,4986,0,,2026-09-03T19:04:17.619Z,2026-09-03T20:54:05.052Z,6588,2026-09-03T20:54:05.052Z,V1,Memphis South,48b34b87-69c2-467d-a88c-67aac910c539,SAMMS-VCPHCS-I-MemphisV5
202609032054003920,202609031904101657,202609031904101105,85,2405,Bronze INV,br_LabResult,TASK_COMPLETE,SUCCESS,INFO,6266,6266,0,,2026-09-03T19:04:17.619Z,2026-09-03T20:54:05.052Z,6588,2026-09-03T20:54:05.052Z,V10,Longmont,48b34b87-69c2-467d-a88c-67aac910c539,SAMMS-BoulderV5
202609032054003922,202609031904101658,202609031904101105,85,2406,Bronze INV,br_LabResult,TASK_COMPLETE,SUCCESS,INFO,3568,3568,0,,2026-09-03T19:04:17.619Z,2026-09-03T20:54:05.052Z,6588,2026-09-03T20:54:05.052Z,V10A,Fort Collins,48b34b87-69c2-467d-a88c-67aac910c539,SAMMS-FortCollinsV5
202609032054003923,202609031904101659,202609031904101105,85,2407,Bronze INV,br_LabResult,TASK_COMPLETE,SUCCESS,INFO,7585,7585,0,,2026-09-03T19:04:17.619Z,2026-09-03T20:54:05.052Z,6588,2026-09-03T20:54:05.052Z,V11,Westminster,48b34b87-69c2-467d-a88c-67aac910c539,SAMMS-VCPHCS-XI-NorthDenverV5
202609032054003924,202609031904101660,202609031904101105,85,2408,Bronze INV,br_LabResult,TASK_COMPLETE,SUCCESS,INFO,10264,10264,0,,2026-09-03T19:04:17.619Z,2026-09-03T20:54:05.052Z,6588,2026-09-03T20:54:05.052Z,V12,Downtown Denver,48b34b87-69c2-467d-a88c-67aac910c539,SAMMS-VCPHCS-XII-DowntownDenverV5
202609032054003925,202609031904101661,202609031904101105,85,2409,Bronze INV,br_LabResult,TASK_COMPLETE,SUCCESS,INFO,4831,4831,0,,2026-09-03T19:04:17.619Z,2026-09-03T20:54:05.052Z,6588,2026-09-03T20:54:05.052Z,V12A,Centennial,48b34b87-69c2-467d-a88c-67aac910c539,SAMMS-CentennialV5
202609032054003926,202609031904101662,202609031904101105,85,2410,Bronze INV,br_LabResult,TASK_COMPLETE,SUCCESS,INFO,3275,3275,0,,2026-09-03T19:04:17.619Z,2026-09-03T20:54:05.052Z,6588,2026-09-03T20:54:05.052Z,V14,Overland Park,48b34b87-69c2-467d-a88c-67aac910c539,SAMMS-VCPHCS-XIV-BridgewayV5
202609032054003927,202609031904101663,202609031904101105,85,2411,Bronze INV,br_LabResult,TASK_COMPLETE,SUCCESS,INFO,2524,2524,0,,2026-09-03T19:04:17.619Z,2026-09-03T20:54:05.052Z,6588,2026-09-03T20:54:05.052Z,V15,Joplin,48b34b87-69c2-467d-a88c-67aac910c539,SAMMS-JoplinV5
202609032054003928,202609031904101664,202609031904101105,85,2413,Bronze INV,br_LabResult,TASK_COMPLETE,SUCCESS,INFO,913,913,0,,2026-09-03T19:04:17.619Z,2026-09-03T20:54:05.052Z,6588,2026-09-03T20:54:05.052Z,V17,Columbia TN,48b34b87-69c2-467d-a88c-67aac910c539,SAMMS-ColumbiaTNv5
202609032054003930,202609031904101665,202609031904101105,85,2415,Bronze INV,br_LabResult,TASK_COMPLETE,SUCCESS,INFO,4898,4898,0,,2026-09-03T19:04:17.619Z,2026-09-03T20:54:05.052Z,6588,2026-09-03T20:54:05.052Z,V19,Jackson,48b34b87-69c2-467d-a88c-67aac910c539,SAMMS-JacksonV5
202609032054003931,202609031904101666,202609031904101105,85,2417,Bronze INV,br_LabResult,TASK_COMPLETE,SUCCESS,INFO,6734,6734,0,,2026-09-03T19:04:17.619Z,2026-09-03T20:54:05.052Z,6588,2026-09-03T20:54:05.052Z,V20,Paris,48b34b87-69c2-467d-a88c-67aac910c539,SAMMS-ParisV5
202609032054003932,202609031904101667,202609031904101105,85,2418,Bronze INV,br_LabResult,TASK_COMPLETE,SUCCESS,INFO,6055,6055,0,,2026-09-03T19:04:17.619Z,2026-09-03T20:54:05.052Z,6588,2026-09-03T20:54:05.052Z,V21,Memphis North,48b34b87-69c2-467d-a88c-67aac910c539,SAMMS-RaleighV5
202609032054003933,202609031904101668,202609031904101105,85,2421,Bronze INV,br_LabResult,TASK_COMPLETE,SUCCESS,INFO,7028,7028,0,,2026-09-03T19:04:17.619Z,2026-09-03T20:54:05.052Z,6588,2026-09-03T20:54:05.052Z,V5,West Bank,48b34b87-69c2-467d-a88c-67aac910c539,SAMMS-NONTCv5
202609032054003934,202609031904101669,202609031904101105,85,2423,Bronze INV,br_LabResult,TASK_COMPLETE,SUCCESS,INFO,216,216,0,,2026-09-03T19:04:17.619Z,2026-09-03T20:54:05.052Z,6588,2026-09-03T20:54:05.052Z,V5B,Houma,48b34b87-69c2-467d-a88c-67aac910c539,SAMMS-HoumaV6
202609032054003935,202609031904101670,202609031904101105,85,2424,Bronze INV,br_LabResult,TASK_COMPLETE,SUCCESS,INFO,4815,4815,0,,2026-09-03T19:04:17.619Z,2026-09-03T20:54:05.052Z,6588,2026-09-03T20:54:05.052Z,V6,Lake Charles,48b34b87-69c2-467d-a88c-67aac910c539,SAMMS-LCv5
202609032054003936,202609031904101671,202609031904101105,85,2426,Bronze INV,br_LabResult,TASK_COMPLETE,SUCCESS,INFO,19779,19779,0,,2026-09-03T19:04:17.619Z,2026-09-03T20:54:05.052Z,6588,2026-09-03T20:54:05.052Z,V8,Memphis Midtown,48b34b87-69c2-467d-a88c-67aac910c539,SAMMS-VCPHCS-VIII-MemphisV5
202609032054003937,202609031904101672,202609031904101105,85,2427,Bronze INV,br_LabResult,TASK_COMPLETE,SUCCESS,INFO,17549,17549,0,,2026-09-03T19:04:17.619Z,2026-09-03T20:54:05.052Z,6588,2026-09-03T20:54:05.052Z,V9,Nashville,48b34b87-69c2-467d-a88c-67aac910c539,SAMMS-NashvilleV5
202609032054003939,202609031904101673,202609031904101105,85,2428,Bronze INV,br_LabResult,TASK_COMPLETE,SUCCESS,INFO,922,922,0,,2026-09-03T19:04:17.619Z,2026-09-03T20:54:05.052Z,6588,2026-09-03T20:54:05.052Z,VBRA,Brainerd,48b34b87-69c2-467d-a88c-67aac910c539,SAMMS-BrainerdV6
202609032054003940,202609031904101674,202609031904101105,85,2429,Bronze INV,br_LabResult,TASK_COMPLETE,SUCCESS,INFO,17,17,0,,2026-09-03T19:04:17.619Z,2026-09-03T20:54:05.052Z,6588,2026-09-03T20:54:05.052Z,VBRP,Brooklyn Park,48b34b87-69c2-467d-a88c-67aac910c539,SAMMS-BrooklynParkV6
202609032054003941,202609031904101675,202609031904101105,85,2431,Bronze INV,br_LabResult,TASK_COMPLETE,SUCCESS,INFO,2,2,0,,2026-09-03T19:04:17.619Z,2026-09-03T20:54:05.052Z,6588,2026-09-03T20:54:05.052Z,VMIN,Minneapolis,48b34b87-69c2-467d-a88c-67aac910c539,SAMMS-MinneapolisV6
202609032054003942,202609031904101676,202609031904101105,85,2432,Bronze INV,br_LabResult,TASK_COMPLETE,SUCCESS,INFO,6,6,0,,2026-09-03T19:04:17.619Z,2026-09-03T20:54:05.052Z,6588,2026-09-03T20:54:05.052Z,VWBY,Woodbury,48b34b87-69c2-467d-a88c-67aac910c539,SAMMS-WoodburyV6
202609032054003943,202609031904101677,202609031904101105,85,2434,Bronze INV,br_LabResult,TASK_COMPLETE,SUCCESS,INFO,3357,3357,0,,2026-09-03T19:04:17.619Z,2026-09-03T20:54:05.052Z,6588,2026-09-03T20:54:05.052Z,WIL,Wilson,48b34b87-69c2-467d-a88c-67aac910c539,SAMMS-Wilson
202609032054003944,202609031904101678,202609031904101105,85,2438,Bronze INV,br_LabResultDetail,TASK_COMPLETE,SUCCESS,INFO,9628,9628,0,,2026-09-03T19:04:17.619Z,2026-09-03T20:54:05.052Z,6588,2026-09-03T20:54:05.052Z,AHK,Ahoskie,48b34b87-69c2-467d-a88c-67aac910c539,SAMMS-Ahoskie
202609032054003945,202609031904101679,202609031904101105,85,2439,Bronze INV,br_LabResultDetail,TASK_COMPLETE,SUCCESS,INFO,1390,1390,0,,2026-09-03T19:04:17.619Z,2026-09-03T20:54:05.052Z,6588,2026-09-03T20:54:05.052Z,B12B,Colorado Springs,48b34b87-69c2-467d-a88c-67aac910c539,SAMMS-ColoradoSpringsV5
202609032054003947,202609031904101680,202609031904101105,85,2440,Bronze INV,br_LabResultDetail,TASK_COMPLETE,SUCCESS,INFO,1855,1855,0,,2026-09-03T19:04:17.619Z,2026-09-03T20:54:05.052Z,6588,2026-09-03T20:54:05.052Z,B24,Paintsville,48b34b87-69c2-467d-a88c-67aac910c539,SAMMS-PaintsvilleV5
202609032054003948,202609031904101681,202609031904101105,85,2441,Bronze INV,br_LabResultDetail,TASK_COMPLETE,SUCCESS,INFO,2321,2321,0,,2026-09-03T19:04:17.619Z,2026-09-03T20:54:05.052Z,6588,2026-09-03T20:54:05.052Z,B25,Pikeville,48b34b87-69c2-467d-a88c-67aac910c539,SAMMS-PikevilleV5
202609032054003949,202609031904101682,202609031904101105,85,2442,Bronze INV,br_LabResultDetail,TASK_COMPLETE,SUCCESS,INFO,3182,3182,0,,2026-09-03T19:04:17.619Z,2026-09-03T20:54:05.052Z,6588,2026-09-03T20:54:05.052Z,B26,Hazard,48b34b87-69c2-467d-a88c-67aac910c539,SAMMS-HazardV5
202609032054003950,202609031904101683,202609031904101105,85,2443,Bronze INV,br_LabResultDetail,TASK_COMPLETE,SUCCESS,INFO,6,6,0,,2026-09-03T19:04:17.619Z,2026-09-03T20:54:05.052Z,6588,2026-09-03T20:54:05.052Z,B27,Savannah,48b34b87-69c2-467d-a88c-67aac910c539,SAMMS-SavannahV6
202609032054003951,202609031904101684,202609031904101105,85,2444,Bronze INV,br_LabResultDetail,TASK_COMPLETE,SUCCESS,INFO,1599,1599,0,,2026-09-03T19:04:17.619Z,2026-09-03T20:54:05.052Z,6588,2026-09-03T20:54:05.052Z,B28,West Plains,48b34b87-69c2-467d-a88c-67aac910c539,SAMMS-WestPlainesV5
202609032054003952,202609031904101685,202609031904101105,85,2445,Bronze INV,br_LabResultDetail,TASK_COMPLETE,SUCCESS,INFO,1906,1906,0,,2026-09-03T19:04:17.619Z,2026-09-03T20:54:05.052Z,6588,2026-09-03T20:54:05.052Z,B29,Poplar Bluff,48b34b87-69c2-467d-a88c-67aac910c539,SAMMS-PoplarBluffV5
202609032054003953,202609031904101686,202609031904101105,85,2446,Bronze INV,br_LabResultDetail,TASK_COMPLETE,SUCCESS,INFO,1523,1523,0,,2026-09-03T19:04:17.619Z,2026-09-03T20:54:05.052Z,6588,2026-09-03T20:54:05.052Z,B30,KC North,48b34b87-69c2-467d-a88c-67aac910c539,SAMMS-KCNv5
202609032054003955,202609031904101687,202609031904101105,85,2447,Bronze INV,br_LabResultDetail,TASK_COMPLETE,SUCCESS,INFO,5450,5450,0,,2026-09-03T19:04:17.619Z,2026-09-03T20:54:05.052Z,6588,2026-09-03T20:54:05.052Z,B31,Dyersburg,48b34b87-69c2-467d-a88c-67aac910c539,SAMMS-DyersburgV5
202609032054003956,202609031904101688,202609031904101105,85,2449,Bronze INV,br_LabResultDetail,TASK_COMPLETE,SUCCESS,INFO,4168,4168,0,,2026-09-03T19:04:17.619Z,2026-09-03T20:54:05.052Z,6588,2026-09-03T20:54:05.052Z,B33,Paducah,48b34b87-69c2-467d-a88c-67aac910c539,SAMMS-Paducah
202609032054003957,202609031904101689,202609031904101105,85,2450,Bronze INV,br_LabResultDetail,TASK_COMPLETE,SUCCESS,INFO,2361,2361,0,,2026-09-03T19:04:17.619Z,2026-09-03T20:54:05.052Z,6588,2026-09-03T20:54:05.052Z,B34,Corbin,48b34b87-69c2-467d-a88c-67aac910c539,SAMMS-CorbinV5
202609032054003958,202609031904101690,202609031904101105,85,2451,Bronze INV,br_LabResultDetail,TASK_COMPLETE,SUCCESS,INFO,12055,12055,0,,2026-09-03T19:04:17.619Z,2026-09-03T20:54:05.052Z,6588,2026-09-03T20:54:05.052Z,B35,Lexington,48b34b87-69c2-467d-a88c-67aac910c539,SAMMS-LexingtonV5
202609032054003959,202609031904101691,202609031904101105,85,2452,Bronze INV,br_LabResultDetail,TASK_COMPLETE,SUCCESS,INFO,2559,2559,0,,2026-09-03T19:04:17.619Z,2026-09-03T20:54:05.052Z,6588,2026-09-03T20:54:05.052Z,B35A,Berea,48b34b87-69c2-467d-a88c-67aac910c539,SAMMS-BereaV5
202609032054003960,202609031904101692,202609031904101105,85,2453,Bronze INV,br_LabResultDetail,TASK_COMPLETE,SUCCESS,INFO,1240,1240,0,,2026-09-03T19:04:17.619Z,2026-09-03T20:54:05.052Z,6588,2026-09-03T20:54:05.052Z,B36,Asheville,48b34b87-69c2-467d-a88c-67aac910c539,SAMMS-AshevilleV5
202609032054003961,202609031904101693,202609031904101105,85,2454,Bronze INV,br_LabResultDetail,TASK_COMPLETE,SUCCESS,INFO,1865,1865,0,,2026-09-03T19:04:17.619Z,2026-09-03T20:54:05.052Z,6588,2026-09-03T20:54:05.052Z,B37,Clyde,48b34b87-69c2-467d-a88c-67aac910c539,SAMMS-ClydeV5
202609032054003962,202609031904101694,202609031904101105,85,2455,Bronze INV,br_LabResultDetail,TASK_COMPLETE,SUCCESS,INFO,6366,6366,0,,2026-09-03T19:04:17.619Z,2026-09-03T20:54:05.052Z,6588,2026-09-03T20:54:05.052Z,B38,Spartanburg,48b34b87-69c2-467d-a88c-67aac910c539,SAMMS-SpartanburgV5
202609032054003964,202609031904101695,202609031904101105,85,2456,Bronze INV,br_LabResultDetail,TASK_COMPLETE,SUCCESS,INFO,2215,2215,0,,2026-09-03T19:04:17.619Z,2026-09-03T20:54:05.052Z,6588,2026-09-03T20:54:05.052Z,B39,Aiken,48b34b87-69c2-467d-a88c-67aac910c539,SAMMS-AikenV5
202609032054003965,202609031904101696,202609031904101105,85,2457,Bronze INV,br_LabResultDetail,TASK_COMPLETE,SUCCESS,INFO,4491,4491,0,,2026-09-03T19:04:17.619Z,2026-09-03T20:54:05.052Z,6588,2026-09-03T20:54:05.052Z,B41,Chesapeake,48b34b87-69c2-467d-a88c-67aac910c539,SAMMS-ChesapeakeV5
202609032054003966,202609031904101697,202609031904101105,85,2458,Bronze INV,br_LabResultDetail,TASK_COMPLETE,SUCCESS,INFO,14520,14520,0,,2026-09-03T19:04:17.619Z,2026-09-03T20:54:05.052Z,6588,2026-09-03T20:54:05.052Z,B42,Virginia Beach,48b34b87-69c2-467d-a88c-67aac910c539,SAMMS-VirginiaBeachV5
202609032054003967,202609031904101698,202609031904101105,85,2459,Bronze INV,br_LabResultDetail,TASK_COMPLETE,SUCCESS,INFO,1430,1430,0,,2026-09-03T19:04:17.619Z,2026-09-03T20:54:05.052Z,6588,2026-09-03T20:54:05.052Z,B42A,Newport News,48b34b87-69c2-467d-a88c-67aac910c539,SAMMS-NewportNewsV5
202609032054003968,202609031904101699,202609031904101105,85,2460,Bronze INV,br_LabResultDetail,TASK_COMPLETE,SUCCESS,INFO,759,759,0,,2026-09-03T19:04:17.619Z,2026-09-03T20:54:05.052Z,6588,2026-09-03T20:54:05.052Z,B42B,Franklin,48b34b87-69c2-467d-a88c-67aac910c539,SAMMS-FranklinV5
202609032054003969,202609031904101700,202609031904101105,85,2461,Bronze INV,br_LabResultDetail,TASK_COMPLETE,SUCCESS,INFO,1490,1490,0,,2026-09-03T19:04:17.619Z,2026-09-03T20:54:05.052Z,6588,2026-09-03T20:54:05.052Z,B42C,Glen Allen,48b34b87-69c2-467d-a88c-67aac910c539,SAMMS-GlenAllenV5
202609032054003971,202609031904101701,202609031904101105,85,2462,Bronze INV,br_LabResultDetail,TASK_COMPLETE,SUCCESS,INFO,1337,1337,0,,2026-09-03T19:04:17.619Z,2026-09-03T20:54:05.052Z,6588,2026-09-03T20:54:05.052Z,B42D,Chesapeake South,48b34b87-69c2-467d-a88c-67aac910c539,SAMMS-ChesapeakeSouthV5
202609032054003972,202609031904101702,202609031904101105,85,2463,Bronze INV,br_LabResultDetail,TASK_COMPLETE,SUCCESS,INFO,3365,3365,0,,2026-09-03T19:04:17.619Z,2026-09-03T20:54:05.052Z,6588,2026-09-03T20:54:05.052Z,B44,Albany,48b34b87-69c2-467d-a88c-67aac910c539,SAMMS-AlbanyV5
202609032054003973,202609031904101703,202609031904101105,85,2464,Bronze INV,br_LabResultDetail,TASK_COMPLETE,SUCCESS,INFO,4809,4809,0,,2026-09-03T19:04:17.619Z,2026-09-03T20:54:05.052Z,6588,2026-09-03T20:54:05.052Z,B45,Tifton,48b34b87-69c2-467d-a88c-67aac910c539,SAMMS-TiftonV5
202609032054003974,202609031904101704,202609031904101105,85,2465,Bronze INV,br_LabResultDetail,TASK_COMPLETE,SUCCESS,INFO,688,688,0,,2026-09-03T19:04:17.619Z,2026-09-03T20:54:05.052Z,6588,2026-09-03T20:54:05.052Z,B46,Washington DC,48b34b87-69c2-467d-a88c-67aac910c539,SAMMS-WashingtonDCv5
202609032054003975,202609031904101705,202609031904101105,85,2466,Bronze INV,br_LabResultDetail,TASK_COMPLETE,SUCCESS,INFO,770,770,0,,2026-09-03T19:04:17.619Z,2026-09-03T20:54:05.052Z,6588,2026-09-03T20:54:05.052Z,B47,Mobile,48b34b87-69c2-467d-a88c-67aac910c539,SAMMS-MobileV5
202609032054003976,202609031904101706,202609031904101105,85,2467,Bronze INV,br_LabResultDetail,TASK_COMPLETE,SUCCESS,INFO,3384,3384,0,,2026-09-03T19:04:17.619Z,2026-09-03T20:54:05.052Z,6588,2026-09-03T20:54:05.052Z,B48,Tuscaloosa,48b34b87-69c2-467d-a88c-67aac910c539,SAMMS-TuscaloosaV5
202609032054003977,202609031904101707,202609031904101105,85,2476,Bronze INV,br_LabResultDetail,TASK_COMPLETE,SUCCESS,INFO,9,9,0,,2026-09-03T19:04:17.619Z,2026-09-03T20:54:05.052Z,6588,2026-09-03T20:54:05.052Z,B51,N. Little Rock (OTP),48b34b87-69c2-467d-a88c-67aac910c539,SAMMS-NorthLittleRockV6
202609032054003979,202609031904101708,202609031904101105,85,2477,Bronze INV,br_LabResultDetail,TASK_COMPLETE,SUCCESS,INFO,263,263,0,,2026-09-03T19:04:17.619Z,2026-09-03T20:54:05.052Z,6588,2026-09-03T20:54:05.052Z,B52,Jackson GA,48b34b87-69c2-467d-a88c-67aac910c539,SAMMS-JacksonGAV5
202609032054003980,202609031904101709,202609031904101105,85,2478,Bronze INV,br_LabResultDetail,TASK_COMPLETE,SUCCESS,INFO,2682,2682,0,,2026-09-03T19:04:17.619Z,2026-09-03T20:54:05.052Z,6588,2026-09-03T20:54:05.052Z,B54,Gadsden,48b34b87-69c2-467d-a88c-67aac910c539,SAMMS-GadsdenV5
202609032054003981,202609031904101710,202609031904101105,85,2479,Bronze INV,br_LabResultDetail,TASK_COMPLETE,SUCCESS,INFO,683,683,0,,2026-09-03T19:04:17.619Z,2026-09-03T20:54:05.052Z,6588,2026-09-03T20:54:05.052Z,B55,Shoals,48b34b87-69c2-467d-a88c-67aac910c539,SAMMS-ShoalsV5
202609032054003982,202609031904101711,202609031904101105,85,2480,Bronze INV,br_LabResultDetail,TASK_COMPLETE,SUCCESS,INFO,4,4,0,,2026-09-03T19:04:17.619Z,2026-09-03T20:54:05.052Z,6588,2026-09-03T20:54:05.052Z,B57,Pawtucket,48b34b87-69c2-467d-a88c-67aac910c539,SAMMS-Pawtucket
202609032054003984,202609031904101712,202609031904101105,85,2481,Bronze INV,br_LabResultDetail,TASK_COMPLETE,SUCCESS,INFO,6,6,0,,2026-09-03T19:04:17.619Z,2026-09-03T20:54:05.052Z,6588,2026-09-03T20:54:05.052Z,B57A,Johnston,48b34b87-69c2-467d-a88c-67aac910c539,SAMMS-Johnston
202609032054003986,202609031904101713,202609031904101105,85,2482,Bronze INV,br_LabResultDetail,TASK_COMPLETE,SUCCESS,INFO,9,9,0,,2026-09-03T19:04:17.619Z,2026-09-03T20:54:05.052Z,6588,2026-09-03T20:54:05.052Z,B57B,Middletown,48b34b87-69c2-467d-a88c-67aac910c539,SAMMS-Middletown
202609032054003987,202609031904101714,202609031904101105,85,2483,Bronze INV,br_LabResultDetail,TASK_COMPLETE,SUCCESS,INFO,3,3,0,,2026-09-03T19:04:17.619Z,2026-09-03T20:54:05.052Z,6588,2026-09-03T20:54:05.052Z,B57C,Providence,48b34b87-69c2-467d-a88c-67aac910c539,SAMMS-Providence
202609032054003988,202609031904101715,202609031904101105,85,2484,Bronze INV,br_LabResultDetail,TASK_COMPLETE,SUCCESS,INFO,3,3,0,,2026-09-03T19:04:17.619Z,2026-09-03T20:54:05.052Z,6588,2026-09-03T20:54:05.052Z,B57D,Westerly,48b34b87-69c2-467d-a88c-67aac910c539,SAMMS-Westerly
202609032054003989,202609031904101716,202609031904101105,85,2488,Bronze INV,br_LabResultDetail,TASK_COMPLETE,SUCCESS,INFO,4,4,0,,2026-09-03T19:04:17.619Z,2026-09-03T20:54:05.052Z,6588,2026-09-03T20:54:05.052Z,B66A,Bremen,48b34b87-69c2-467d-a88c-67aac910c539,SAMMS-Bremen
202609032054003990,202609031904101717,202609031904101105,85,2491,Bronze INV,br_LabResultDetail,TASK_COMPLETE,SUCCESS,INFO,6,6,0,,2026-09-03T19:04:17.619Z,2026-09-03T20:54:05.052Z,6588,2026-09-03T20:54:05.052Z,B72,Mobile (OBOT),48b34b87-69c2-467d-a88c-67aac910c539,SAMMS-Mobile-OBOT
202609032054005414,202609031904102942,202609031904101105,85,3170,Bronze INV,br_ReAssessment,TASK_COMPLETE,SUCCESS,INFO,163,163,0,,2026-09-03T19:04:17.619Z,2026-09-03T20:54:05.052Z,6588,2026-09-03T20:54:05.052Z,WIL,Wilson,48b34b87-69c2-467d-a88c-67aac910c539,SAMMS-Wilson
202609032054005415,202609031904102943,202609031904101105,85,3726,Bronze INV,br_ReAssessmentOccupational,TASK_COMPLETE,SUCCESS,INFO,35,35,0,,2026-09-03T19:04:17.619Z,2026-09-03T20:54:05.052Z,6588,2026-09-03T20:54:05.052Z,AHK,Ahoskie,48b34b87-69c2-467d-a88c-67aac910c539,SAMMS-Ahoskie
202609032054005416,202609031904102944,202609031904101105,85,3727,Bronze INV,br_ReAssessmentOccupational,TASK_COMPLETE,SUCCESS,INFO,663,663,0,,2026-09-03T19:04:17.619Z,2026-09-03T20:54:05.052Z,6588,2026-09-03T20:54:05.052Z,B12B,Colorado Springs,48b34b87-69c2-467d-a88c-67aac910c539,SAMMS-ColoradoSpringsV5
202609032054005417,202609031904102945,202609031904101105,85,3728,Bronze INV,br_ReAssessmentOccupational,TASK_COMPLETE,SUCCESS,INFO,829,829,0,,2026-09-03T19:04:17.619Z,2026-09-03T20:54:05.052Z,6588,2026-09-03T20:54:05.052Z,B24,Paintsville,48b34b87-69c2-467d-a88c-67aac910c539,SAMMS-PaintsvilleV5
202609032054005418,202609031904102946,202609031904101105,85,3729,Bronze INV,br_ReAssessmentOccupational,TASK_COMPLETE,SUCCESS,INFO,646,646,0,,2026-09-03T19:04:17.619Z,2026-09-03T20:54:05.052Z,6588,2026-09-03T20:54:05.052Z,B25,Pikeville,48b34b87-69c2-467d-a88c-67aac910c539,SAMMS-PikevilleV5
202609032054005419,202609031904102947,202609031904101105,85,3730,Bronze INV,br_ReAssessmentOccupational,TASK_COMPLETE,SUCCESS,INFO,970,970,0,,2026-09-03T19:04:17.619Z,2026-09-03T20:54:05.052Z,6588,2026-09-03T20:54:05.052Z,B26,Hazard,48b34b87-69c2-467d-a88c-67aac910c539,SAMMS-HazardV5
202609032054005421,202609031904102948,202609031904101105,85,3731,Bronze INV,br_ReAssessmentOccupational,TASK_COMPLETE,SUCCESS,INFO,531,531,0,,2026-09-03T19:04:17.619Z,2026-09-03T20:54:05.052Z,6588,2026-09-03T20:54:05.052Z,B27,Savannah,48b34b87-69c2-467d-a88c-67aac910c539,SAMMS-SavannahV6
202609032054005422,202609031904102949,202609031904101105,85,3732,Bronze INV,br_ReAssessmentOccupational,TASK_COMPLETE,SUCCESS,INFO,245,245,0,,2026-09-03T19:04:17.619Z,2026-09-03T20:54:05.052Z,6588,2026-09-03T20:54:05.052Z,B28,West Plains,48b34b87-69c2-467d-a88c-67aac910c539,SAMMS-WestPlainesV5
202609032054005423,202609031904102950,202609031904101105,85,3733,Bronze INV,br_ReAssessmentOccupational,TASK_COMPLETE,SUCCESS,INFO,461,461,0,,2026-09-03T19:04:17.619Z,2026-09-03T20:54:05.052Z,6588,2026-09-03T20:54:05.052Z,B29,Poplar Bluff,48b34b87-69c2-467d-a88c-67aac910c539,SAMMS-PoplarBluffV5
202609032054005424,202609031904102951,202609031904101105,85,3734,Bronze INV,br_ReAssessmentOccupational,TASK_COMPLETE,SUCCESS,INFO,78,78,0,,2026-09-03T19:04:17.619Z,2026-09-03T20:54:05.052Z,6588,2026-09-03T20:54:05.052Z,B30,KC North,48b34b87-69c2-467d-a88c-67aac910c539,SAMMS-KCNv5
202609032054005425,202609031904102952,202609031904101105,85,3735,Bronze INV,br_ReAssessmentOccupational,TASK_COMPLETE,SUCCESS,INFO,400,400,0,,2026-09-03T19:04:17.619Z,2026-09-03T20:54:05.052Z,6588,2026-09-03T20:54:05.052Z,B31,Dyersburg,48b34b87-69c2-467d-a88c-67aac910c539,SAMMS-DyersburgV5
202609032054005426,202609031904102953,202609031904101105,85,3737,Bronze INV,br_ReAssessmentOccupational,TASK_COMPLETE,SUCCESS,INFO,487,487,0,,2026-09-03T19:04:17.619Z,2026-09-03T20:54:05.052Z,6588,2026-09-03T20:54:05.052Z,B33,Paducah,48b34b87-69c2-467d-a88c-67aac910c539,SAMMS-Paducah
202609032054005428,202609031904102954,202609031904101105,85,3738,Bronze INV,br_ReAssessmentOccupational,TASK_COMPLETE,SUCCESS,INFO,385,385,0,,2026-09-03T19:04:17.619Z,2026-09-03T20:54:05.052Z,6588,2026-09-03T20:54:05.052Z,B34,Corbin,48b34b87-69c2-467d-a88c-67aac910c539,SAMMS-CorbinV5
202609032054005429,202609031904102955,202609031904101105,85,3739,Bronze INV,br_ReAssessmentOccupational,TASK_COMPLETE,SUCCESS,INFO,239,239,0,,2026-09-03T19:04:17.619Z,2026-09-03T20:54:05.052Z,6588,2026-09-03T20:54:05.052Z,B35,Lexington,48b34b87-69c2-467d-a88c-67aac910c539,SAMMS-LexingtonV5
202609032054005430,202609031904102956,202609031904101105,85,3740,Bronze INV,br_ReAssessmentOccupational,TASK_COMPLETE,SUCCESS,INFO,77,77,0,,2026-09-03T19:04:17.619Z,2026-09-03T20:54:05.052Z,6588,2026-09-03T20:54:05.052Z,B35A,Berea,48b34b87-69c2-467d-a88c-67aac910c539,SAMMS-BereaV5
202609032054005432,202609031904102957,202609031904101105,85,3741,Bronze INV,br_ReAssessmentOccupational,TASK_COMPLETE,SUCCESS,INFO,21,21,0,,2026-09-03T19:04:17.619Z,2026-09-03T20:54:05.052Z,6588,2026-09-03T20:54:05.052Z,B36,Asheville,48b34b87-69c2-467d-a88c-67aac910c539,SAMMS-AshevilleV5
202609032054005433,202609031904102958,202609031904101105,85,3742,Bronze INV,br_ReAssessmentOccupational,TASK_COMPLETE,SUCCESS,INFO,1,1,0,,2026-09-03T19:04:17.619Z,2026-09-03T20:54:05.052Z,6588,2026-09-03T20:54:05.052Z,B37,Clyde,48b34b87-69c2-467d-a88c-67aac910c539,SAMMS-ClydeV5
202609032054005434,202609031904102959,202609031904101105,85,3743,Bronze INV,br_ReAssessmentOccupational,TASK_COMPLETE,SUCCESS,INFO,1187,1187,0,,2026-09-03T19:04:17.619Z,2026-09-03T20:54:05.052Z,6588,2026-09-03T20:54:05.052Z,B38,Spartanburg,48b34b87-69c2-467d-a88c-67aac910c539,SAMMS-SpartanburgV5
202609032054005435,202609031904102960,202609031904101105,85,3744,Bronze INV,br_ReAssessmentOccupational,TASK_COMPLETE,SUCCESS,INFO,362,362,0,,2026-09-03T19:04:17.619Z,2026-09-03T20:54:05.052Z,6588,2026-09-03T20:54:05.052Z,B39,Aiken,48b34b87-69c2-467d-a88c-67aac910c539,SAMMS-AikenV5
202609032054005437,202609031904102961,202609031904101105,85,3745,Bronze INV,br_ReAssessmentOccupational,TASK_COMPLETE,SUCCESS,INFO,1887,1887,0,,2026-09-03T19:04:17.619Z,2026-09-03T20:54:05.052Z,6588,2026-09-03T20:54:05.052Z,B41,Chesapeake,48b34b87-69c2-467d-a88c-67aac910c539,SAMMS-ChesapeakeV5
202609032054005438,202609031904102962,202609031904101105,85,3746,Bronze INV,br_ReAssessmentOccupational,TASK_COMPLETE,SUCCESS,INFO,1914,1914,0,,2026-09-03T19:04:17.619Z,2026-09-03T20:54:05.052Z,6588,2026-09-03T20:54:05.052Z,B42,Virginia Beach,48b34b87-69c2-467d-a88c-67aac910c539,SAMMS-VirginiaBeachV5
202609032054005439,202609031904102963,202609031904101105,85,3747,Bronze INV,br_ReAssessmentOccupational,TASK_COMPLETE,SUCCESS,INFO,924,924,0,,2026-09-03T19:04:17.619Z,2026-09-03T20:54:05.052Z,6588,2026-09-03T20:54:05.052Z,B42A,Newport News,48b34b87-69c2-467d-a88c-67aac910c539,SAMMS-NewportNewsV5
202609032054005441,202609031904102964,202609031904101105,85,3748,Bronze INV,br_ReAssessmentOccupational,TASK_COMPLETE,SUCCESS,INFO,507,507,0,,2026-09-03T19:04:17.619Z,2026-09-03T20:54:05.052Z,6588,2026-09-03T20:54:05.052Z,B42B,Franklin,48b34b87-69c2-467d-a88c-67aac910c539,SAMMS-FranklinV5
202609032054005442,202609031904102965,202609031904101105,85,3749,Bronze INV,br_ReAssessmentOccupational,TASK_COMPLETE,SUCCESS,INFO,343,343,0,,2026-09-03T19:04:17.619Z,2026-09-03T20:54:05.052Z,6588,2026-09-03T20:54:05.052Z,B42C,Glen Allen,48b34b87-69c2-467d-a88c-67aac910c539,SAMMS-GlenAllenV5
202609032054005443,202609031904102966,202609031904101105,85,3750,Bronze INV,br_ReAssessmentOccupational,TASK_COMPLETE,SUCCESS,INFO,1481,1481,0,,2026-09-03T19:04:17.619Z,2026-09-03T20:54:05.052Z,6588,2026-09-03T20:54:05.052Z,B42D,Chesapeake South,48b34b87-69c2-467d-a88c-67aac910c539,SAMMS-ChesapeakeSouthV5
202609032054005444,202609031904102967,202609031904101105,85,3751,Bronze INV,br_ReAssessmentOccupational,TASK_COMPLETE,SUCCESS,INFO,631,631,0,,2026-09-03T19:04:17.619Z,2026-09-03T20:54:05.052Z,6588,2026-09-03T20:54:05.052Z,B44,Albany,48b34b87-69c2-467d-a88c-67aac910c539,SAMMS-AlbanyV5
202609032054005445,202609031904102968,202609031904101105,85,3752,Bronze INV,br_ReAssessmentOccupational,TASK_COMPLETE,SUCCESS,INFO,1268,1268,0,,2026-09-03T19:04:17.619Z,2026-09-03T20:54:05.052Z,6588,2026-09-03T20:54:05.052Z,B45,Tifton,48b34b87-69c2-467d-a88c-67aac910c539,SAMMS-TiftonV5
202609032054005446,202609031904102969,202609031904101105,85,3753,Bronze INV,br_ReAssessmentOccupational,TASK_COMPLETE,SUCCESS,INFO,590,590,0,,2026-09-03T19:04:17.619Z,2026-09-03T20:54:05.052Z,6588,2026-09-03T20:54:05.052Z,B46,Washington DC,48b34b87-69c2-467d-a88c-67aac910c539,SAMMS-WashingtonDCv5
202609032054005447,202609031904102970,202609031904101105,85,3754,Bronze INV,br_ReAssessmentOccupational,TASK_COMPLETE,SUCCESS,INFO,1564,1564,0,,2026-09-03T19:04:17.619Z,2026-09-03T20:54:05.052Z,6588,2026-09-03T20:54:05.052Z,B47,Mobile,48b34b87-69c2-467d-a88c-67aac910c539,SAMMS-MobileV5
202609032054005448,202609031904102971,202609031904101105,85,3755,Bronze INV,br_ReAssessmentOccupational,TASK_COMPLETE,SUCCESS,INFO,1296,1296,0,,2026-09-03T19:04:17.619Z,2026-09-03T20:54:05.052Z,6588,2026-09-03T20:54:05.052Z,B48,Tuscaloosa,48b34b87-69c2-467d-a88c-67aac910c539,SAMMS-TuscaloosaV5
202609032054005450,202609031904102972,202609031904101105,85,3764,Bronze INV,br_ReAssessmentOccupational,TASK_COMPLETE,SUCCESS,INFO,2,2,0,,2026-09-03T19:04:17.619Z,2026-09-03T20:54:05.052Z,6588,2026-09-03T20:54:05.052Z,B51,N. Little Rock (OTP),48b34b87-69c2-467d-a88c-67aac910c539,SAMMS-NorthLittleRockV6
202609032054005451,202609031904102973,202609031904101105,85,3765,Bronze INV,br_ReAssessmentOccupational,TASK_COMPLETE,SUCCESS,INFO,455,455,0,,2026-09-03T19:04:17.619Z,2026-09-03T20:54:05.052Z,6588,2026-09-03T20:54:05.052Z,B52,Jackson GA,48b34b87-69c2-467d-a88c-67aac910c539,SAMMS-JacksonGAV5
202609032054005452,202609031904102974,202609031904101105,85,3766,Bronze INV,br_ReAssessmentOccupational,TASK_COMPLETE,SUCCESS,INFO,1701,1701,0,,2026-09-03T19:04:17.619Z,2026-09-03T20:54:05.052Z,6588,2026-09-03T20:54:05.052Z,B54,Gadsden,48b34b87-69c2-467d-a88c-67aac910c539,SAMMS-GadsdenV5
202609032054005453,202609031904102975,202609031904101105,85,3767,Bronze INV,br_ReAssessmentOccupational,TASK_COMPLETE,SUCCESS,INFO,947,947,0,,2026-09-03T19:04:17.619Z,2026-09-03T20:54:05.052Z,6588,2026-09-03T20:54:05.052Z,B55,Shoals,48b34b87-69c2-467d-a88c-67aac910c539,SAMMS-ShoalsV5
202609032054005454,202609031904102976,202609031904101105,85,3768,Bronze INV,br_ReAssessmentOccupational,TASK_COMPLETE,SUCCESS,INFO,294,294,0,,2026-09-03T19:04:17.619Z,2026-09-03T20:54:05.052Z,6588,2026-09-03T20:54:05.052Z,B57,Pawtucket,48b34b87-69c2-467d-a88c-67aac910c539,SAMMS-Pawtucket
202609032054005455,202609031904102977,202609031904101105,85,3769,Bronze INV,br_ReAssessmentOccupational,TASK_COMPLETE,SUCCESS,INFO,555,555,0,,2026-09-03T19:04:17.619Z,2026-09-03T20:54:05.052Z,6588,2026-09-03T20:54:05.052Z,B57A,Johnston,48b34b87-69c2-467d-a88c-67aac910c539,SAMMS-Johnston
202609032054005456,202609031904102978,202609031904101105,85,3770,Bronze INV,br_ReAssessmentOccupational,TASK_COMPLETE,SUCCESS,INFO,165,165,0,,2026-09-03T19:04:17.619Z,2026-09-03T20:54:05.052Z,6588,2026-09-03T20:54:05.052Z,B57B,Middletown,48b34b87-69c2-467d-a88c-67aac910c539,SAMMS-Middletown
202609032054005458,202609031904102979,202609031904101105,85,3771,Bronze INV,br_ReAssessmentOccupational,TASK_COMPLETE,SUCCESS,INFO,412,412,0,,2026-09-03T19:04:17.619Z,2026-09-03T20:54:05.052Z,6588,2026-09-03T20:54:05.052Z,B57C,Providence,48b34b87-69c2-467d-a88c-67aac910c539,SAMMS-Providence
202609032054005459,202609031904102980,202609031904101105,85,3772,Bronze INV,br_ReAssessmentOccupational,TASK_COMPLETE,SUCCESS,INFO,623,623,0,,2026-09-03T19:04:17.619Z,2026-09-03T20:54:05.052Z,6588,2026-09-03T20:54:05.052Z,B57D,Westerly,48b34b87-69c2-467d-a88c-67aac910c539,SAMMS-Westerly
202609032054005460,202609031904102981,202609031904101105,85,3776,Bronze INV,br_ReAssessmentOccupational,TASK_COMPLETE,SUCCESS,INFO,4,4,0,,2026-09-03T19:04:17.619Z,2026-09-03T20:54:05.052Z,6588,2026-09-03T20:54:05.052Z,B66A,Bremen,48b34b87-69c2-467d-a88c-67aac910c539,SAMMS-Bremen
202609032054005461,202609031904102982,202609031904101105,85,3779,Bronze INV,br_ReAssessmentOccupational,TASK_COMPLETE,SUCCESS,INFO,0,0,0,,2026-09-03T19:04:17.619Z,2026-09-03T20:54:05.052Z,6588,2026-09-03T20:54:05.052Z,B72,Mobile (OBOT),48b34b87-69c2-467d-a88c-67aac910c539,SAMMS-Mobile-OBOT
202609032054005462,202609031904102983,202609031904101105,85,3780,Bronze INV,br_ReAssessmentOccupational,TASK_COMPLETE,SUCCESS,INFO,0,0,0,,2026-09-03T19:04:17.619Z,2026-09-03T20:54:05.052Z,6588,2026-09-03T20:54:05.052Z,B73,Montgomery,48b34b87-69c2-467d-a88c-67aac910c539,SAMMS-Montgomery
202609032054005463,202609031904102984,202609031904101105,85,3781,Bronze INV,br_ReAssessmentOccupational,TASK_COMPLETE,SUCCESS,INFO,515,515,0,,2026-09-03T19:04:17.619Z,2026-09-03T20:54:05.052Z,6588,2026-09-03T20:54:05.052Z,B75,Lawrence,48b34b87-69c2-467d-a88c-67aac910c539,SAMMS-LawrenceV6
202609032054005464,202609031904102985,202609031904101105,85,3782,Bronze INV,br_ReAssessmentOccupational,TASK_COMPLETE,SUCCESS,INFO,0,0,0,,2026-09-03T19:04:17.619Z,2026-09-03T20:54:05.052Z,6588,2026-09-03T20:54:05.052Z,B76,Huntsville OBOT,48b34b87-69c2-467d-a88c-67aac910c539,SAMMS-Huntsville-OBOT
202609032054005465,202609031904102986,202609031904101105,85,3783,Bronze INV,br_ReAssessmentOccupational,TASK_COMPLETE,SUCCESS,INFO,0,0,0,,2026-09-03T19:04:17.619Z,2026-09-03T20:54:05.052Z,6588,2026-09-03T20:54:05.052Z,BAT,Batesville,48b34b87-69c2-467d-a88c-67aac910c539,SAMMS-Batesville
202609032054005467,202609031904102987,202609031904101105,85,3784,Bronze INV,br_ReAssessmentOccupational,TASK_COMPLETE,SUCCESS,INFO,460,460,0,,2026-09-03T19:04:17.619Z,2026-09-03T20:54:05.052Z,6588,2026-09-03T20:54:05.052Z,BG,Bowling Green,48b34b87-69c2-467d-a88c-67aac910c539,SAMMS-BowlingGreen
202609032054005468,202609031904102988,202609031904101105,85,3785,Bronze INV,br_ReAssessmentOccupational,TASK_COMPLETE,SUCCESS,INFO,180,180,0,,2026-09-03T19:04:17.619Z,2026-09-03T20:54:05.052Z,6588,2026-09-03T20:54:05.052Z,BOI,Boise,48b34b87-69c2-467d-a88c-67aac910c539,SAMMS-Boise
202609032054005469,202609031904102989,202609031904101105,85,3792,Bronze INV,br_ReAssessmentOccupational,TASK_COMPLETE,SUCCESS,INFO,51,51,0,,2026-09-03T19:04:17.619Z,2026-09-03T20:54:05.052Z,6588,2026-09-03T20:54:05.052Z,CBCO,Coeur dAlene,48b34b87-69c2-467d-a88c-67aac910c539,SAMMS-CoeurdAleneV6
202609032054005470,202609031904102990,202609031904101105,85,3811,Bronze INV,br_ReAssessmentOccupational,TASK_COMPLETE,SUCCESS,INFO,0,0,0,,2026-09-03T19:04:17.619Z,2026-09-03T20:54:05.052Z,6588,2026-09-03T20:54:05.052Z,CON,Conway,48b34b87-69c2-467d-a88c-67aac910c539,SAMMS-Conway
202609032054005471,202609031904102991,202609031904101105,85,3812,Bronze INV,br_ReAssessmentOccupational,TASK_COMPLETE,SUCCESS,INFO,2573,2573,0,,2026-09-03T19:04:17.619Z,2026-09-03T20:54:05.052Z,6588,2026-09-03T20:54:05.052Z,D07,Medical Services Knox TN,48b34b87-69c2-467d-a88c-67aac910c539,SAMMS-KnoxvilleV6
202609032054005472,202609031904102992,202609031904101105,85,3813,Bronze INV,br_ReAssessmentOccupational,TASK_COMPLETE,SUCCESS,INFO,111,111,0,,2026-09-03T19:04:17.619Z,2026-09-03T20:54:05.052Z,6588,2026-09-03T20:54:05.052Z,D08,Madison,48b34b87-69c2-467d-a88c-67aac910c539,SAMMS-MadisonV6
202609032054005473,202609031904102993,202609031904101105,85,3815,Bronze INV,br_ReAssessmentOccupational,TASK_COMPLETE,SUCCESS,INFO,120,120,0,,2026-09-03T19:04:17.619Z,2026-09-03T20:54:05.052Z,6588,2026-09-03T20:54:05.052Z,D09,Murfreesboro,48b34b87-69c2-467d-a88c-67aac910c539,SAMMS-MurfreesboroV6
202609032054005475,202609031904102994,202609031904101105,85,3816,Bronze INV,br_ReAssessmentOccupational,TASK_COMPLETE,SUCCESS,INFO,336,336,0,,2026-09-03T19:04:17.619Z,2026-09-03T20:54:05.052Z,6588,2026-09-03T20:54:05.052Z,DA,Davenport,48b34b87-69c2-467d-a88c-67aac910c539,SAMMS-Davenport
202609032054005476,202609031904102995,202609031904101105,85,3817,Bronze INV,br_ReAssessmentOccupational,TASK_COMPLETE,SUCCESS,INFO,287,287,0,,2026-09-03T19:04:17.619Z,2026-09-03T20:54:05.052Z,6588,2026-09-03T20:54:05.052Z,DM,Des Moines,48b34b87-69c2-467d-a88c-67aac910c539,SAMMS-DesMoines
202609032054005477,202609031904102996,202609031904101105,85,3819,Bronze INV,br_ReAssessmentOccupational,TASK_COMPLETE,SUCCESS,INFO,530,530,0,,2026-09-03T19:04:17.619Z,2026-09-03T20:54:05.052Z,6588,2026-09-03T20:54:05.052Z,DRD-CO,Columbia MO,48b34b87-69c2-467d-a88c-67aac910c539,SAMMS-ColumbiaV5
202609032054005478,202609031904102997,202609031904101105,85,3820,Bronze INV,br_ReAssessmentOccupational,TASK_COMPLETE,SUCCESS,INFO,347,347,0,,2026-09-03T19:04:17.619Z,2026-09-03T20:54:05.052Z,6588,2026-09-03T20:54:05.052Z,DRD-KC,KC,48b34b87-69c2-467d-a88c-67aac910c539,SAMMS-KCv5
202609032054005479,202609031904102998,202609031904101105,85,3821,Bronze INV,br_ReAssessmentOccupational,TASK_COMPLETE,SUCCESS,INFO,1550,1550,0,,2026-09-03T19:04:17.619Z,2026-09-03T20:54:05.052Z,6588,2026-09-03T20:54:05.052Z,DRD-KVB,KVB,48b34b87-69c2-467d-a88c-67aac910c539,SAMMS-KVBv5
202609032054005480,202609031904102999,202609031904101105,85,3822,Bronze INV,br_ReAssessmentOccupational,TASK_COMPLETE,SUCCESS,INFO,1672,1672,0,,2026-09-03T19:04:17.619Z,2026-09-03T20:54:05.052Z,6588,2026-09-03T20:54:05.052Z,DRD-KVC,KVC,48b34b87-69c2-467d-a88c-67aac910c539,SAMMS-KVCv5
202609032054005481,202609031904103000,202609031904101105,85,3823,Bronze INV,br_ReAssessmentOccupational,TASK_COMPLETE,SUCCESS,INFO,3204,3204,0,,2026-09-03T19:04:17.619Z,2026-09-03T20:54:05.052Z,6588,2026-09-03T20:54:05.052Z,DRD-NOLA,NOLA,48b34b87-69c2-467d-a88c-67aac910c539,SAMMS-NOLAv5
202609032054005483,202609031904103001,202609031904101105,85,3824,Bronze INV,br_ReAssessmentOccupational,TASK_COMPLETE,SUCCESS,INFO,801,801,0,,2026-09-03T19:04:17.619Z,2026-09-03T20:54:05.052Z,6588,2026-09-03T20:54:05.052Z,DRD-SF,Springfield,48b34b87-69c2-467d-a88c-67aac910c539,SAMMS-SFv5
202609032054005484,202609031904103002,202609031904101105,85,3826,Bronze INV,br_ReAssessmentOccupational,TASK_COMPLETE,SUCCESS,INFO,260,260,0,,2026-09-03T19:04:17.619Z,2026-09-03T20:54:05.052Z,6588,2026-09-03T20:54:05.052Z,ELC,Elizabeth City,48b34b87-69c2-467d-a88c-67aac910c539,SAMMS-ElizabethCity
202609032054005485,202609031904103003,202609031904101105,85,3827,Bronze INV,br_ReAssessmentOccupational,TASK_COMPLETE,SUCCESS,INFO,128,128,0,,2026-09-03T19:04:17.619Z,2026-09-03T20:54:05.052Z,6588,2026-09-03T20:54:05.052Z,ET,Elizabethtown,48b34b87-69c2-467d-a88c-67aac910c539,SAMMS-Elizabethtown
202609032054005486,202609031904103004,202609031904101105,85,3828,Bronze INV,br_ReAssessmentOccupational,TASK_COMPLETE,SUCCESS,INFO,0,0,0,,2026-09-03T19:04:17.619Z,2026-09-03T20:54:05.052Z,6588,2026-09-03T20:54:05.052Z,FAY,Fayetteville,48b34b87-69c2-467d-a88c-67aac910c539,SAMMS-Fayetteville
202609032054005487,202609031904103005,202609031904101105,85,3829,Bronze INV,br_ReAssessmentOccupational,TASK_COMPLETE,SUCCESS,INFO,156,156,0,,2026-09-03T19:04:17.619Z,2026-09-03T20:54:05.052Z,6588,2026-09-03T20:54:05.052Z,FR,Frankfort,48b34b87-69c2-467d-a88c-67aac910c539,SAMMS-Frankfort
202609032054005488,202609031904103006,202609031904101105,85,3830,Bronze INV,br_ReAssessmentOccupational,TASK_COMPLETE,SUCCESS,INFO,0,0,0,,2026-09-03T19:04:17.619Z,2026-09-03T20:54:05.052Z,6588,2026-09-03T20:54:05.052Z,FS,Fort Smith,48b34b87-69c2-467d-a88c-67aac910c539,SAMMS-FortSmith
202609032054005489,202609031904103007,202609031904101105,85,3831,Bronze INV,br_ReAssessmentOccupational,TASK_COMPLETE,SUCCESS,INFO,467,467,0,,2026-09-03T19:04:17.619Z,2026-09-03T20:54:05.052Z,6588,2026-09-03T20:54:05.052Z,FW,Fort Wayne,48b34b87-69c2-467d-a88c-67aac910c539,SAMMS-FortWayne
202609032054005490,202609031904103008,202609031904101105,85,3832,Bronze INV,br_ReAssessmentOccupational,TASK_COMPLETE,SUCCESS,INFO,275,275,0,,2026-09-03T19:04:17.619Z,2026-09-03T20:54:05.052Z,6588,2026-09-03T20:54:05.052Z,GAL,Gaylord,48b34b87-69c2-467d-a88c-67aac910c539,SAMMS-Gaylord
202609032054005492,202609031904103009,202609031904101105,85,3836,Bronze INV,br_ReAssessmentOccupational,TASK_COMPLETE,SUCCESS,INFO,100,100,0,,2026-09-03T19:04:17.619Z,2026-09-03T20:54:05.052Z,6588,2026-09-03T20:54:05.052Z,HGT,Hagerstown,48b34b87-69c2-467d-a88c-67aac910c539,SAMMS-Hagerstown
202609032054003677,202609031904101446,202609031904101105,85,2796,Bronze INV,br_LiquidLog,TASK_COMPLETE,SUCCESS,INFO,112168,112168,0,,2026-09-03T19:04:17.619Z,2026-09-03T20:54:05.052Z,6588,2026-09-03T20:54:05.052Z,VBRA,Brainerd,48b34b87-69c2-467d-a88c-67aac910c539,SAMMS-BrainerdV6
202609032054003678,202609031904101447,202609031904101105,85,2797,Bronze INV,br_LiquidLog,TASK_COMPLETE,SUCCESS,INFO,221821,221821,0,,2026-09-03T19:04:17.619Z,2026-09-03T20:54:05.052Z,6588,2026-09-03T20:54:05.052Z,VBRP,Brooklyn Park,48b34b87-69c2-467d-a88c-67aac910c539,SAMMS-BrooklynParkV6
202609032054003679,202609031904101448,202609031904101105,85,2799,Bronze INV,br_LiquidLog,TASK_COMPLETE,SUCCESS,INFO,139648,139648,0,,2026-09-03T19:04:17.619Z,2026-09-03T20:54:05.052Z,6588,2026-09-03T20:54:05.052Z,VMIN,Minneapolis,48b34b87-69c2-467d-a88c-67aac910c539,SAMMS-MinneapolisV6
202609032054003680,202609031904101449,202609031904101105,85,2800,Bronze INV,br_LiquidLog,TASK_COMPLETE,SUCCESS,INFO,251962,251962,0,,2026-09-03T19:04:17.619Z,2026-09-03T20:54:05.052Z,6588,2026-09-03T20:54:05.052Z,VWBY,Woodbury,48b34b87-69c2-467d-a88c-67aac910c539,SAMMS-WoodburyV6
202609032054003681,202609031904101450,202609031904101105,85,2802,Bronze INV,br_LiquidLog,TASK_COMPLETE,SUCCESS,INFO,115512,115512,0,,2026-09-03T19:04:17.619Z,2026-09-03T20:54:05.052Z,6588,2026-09-03T20:54:05.052Z,WIL,Wilson,48b34b87-69c2-467d-a88c-67aac910c539,SAMMS-Wilson
202609032054003682,202609031904101451,202609031904101105,85,2806,Bronze INV,br_OrientationChecklistNew,TASK_COMPLETE,SUCCESS,INFO,59,59,0,,2026-09-03T19:04:17.619Z,2026-09-03T20:54:05.052Z,6588,2026-09-03T20:54:05.052Z,AHK,Ahoskie,48b34b87-69c2-467d-a88c-67aac910c539,SAMMS-Ahoskie
202609032054003683,202609031904101452,202609031904101105,85,2807,Bronze INV,br_OrientationChecklistNew,TASK_COMPLETE,SUCCESS,INFO,157,157,0,,2026-09-03T19:04:17.619Z,2026-09-03T20:54:05.052Z,6588,2026-09-03T20:54:05.052Z,B12B,Colorado Springs,48b34b87-69c2-467d-a88c-67aac910c539,SAMMS-ColoradoSpringsV5
202609032054003685,202609031904101453,202609031904101105,85,2808,Bronze INV,br_OrientationChecklistNew,TASK_COMPLETE,SUCCESS,INFO,169,169,0,,2026-09-03T19:04:17.619Z,2026-09-03T20:54:05.052Z,6588,2026-09-03T20:54:05.052Z,B24,Paintsville,48b34b87-69c2-467d-a88c-67aac910c539,SAMMS-PaintsvilleV5
202609032054003686,202609031904101454,202609031904101105,85,2809,Bronze INV,br_OrientationChecklistNew,TASK_COMPLETE,SUCCESS,INFO,88,88,0,,2026-09-03T19:04:17.619Z,2026-09-03T20:54:05.052Z,6588,2026-09-03T20:54:05.052Z,B25,Pikeville,48b34b87-69c2-467d-a88c-67aac910c539,SAMMS-PikevilleV5
202609032054003687,202609031904101455,202609031904101105,85,2810,Bronze INV,br_OrientationChecklistNew,TASK_COMPLETE,SUCCESS,INFO,270,270,0,,2026-09-03T19:04:17.619Z,2026-09-03T20:54:05.052Z,6588,2026-09-03T20:54:05.052Z,B26,Hazard,48b34b87-69c2-467d-a88c-67aac910c539,SAMMS-HazardV5
202609032054003688,202609031904101456,202609031904101105,85,2811,Bronze INV,br_OrientationChecklistNew,TASK_COMPLETE,SUCCESS,INFO,29,29,0,,2026-09-03T19:04:17.619Z,2026-09-03T20:54:05.052Z,6588,2026-09-03T20:54:05.052Z,B27,Savannah,48b34b87-69c2-467d-a88c-67aac910c539,SAMMS-SavannahV6
202609032054003689,202609031904101457,202609031904101105,85,2812,Bronze INV,br_OrientationChecklistNew,TASK_COMPLETE,SUCCESS,INFO,98,98,0,,2026-09-03T19:04:17.619Z,2026-09-03T20:54:05.052Z,6588,2026-09-03T20:54:05.052Z,B28,West Plains,48b34b87-69c2-467d-a88c-67aac910c539,SAMMS-WestPlainesV5
202609032054003690,202609031904101458,202609031904101105,85,2813,Bronze INV,br_OrientationChecklistNew,TASK_COMPLETE,SUCCESS,INFO,76,76,0,,2026-09-03T19:04:17.619Z,2026-09-03T20:54:05.052Z,6588,2026-09-03T20:54:05.052Z,B29,Poplar Bluff,48b34b87-69c2-467d-a88c-67aac910c539,SAMMS-PoplarBluffV5
202609032054003691,202609031904101459,202609031904101105,85,2814,Bronze INV,br_OrientationChecklistNew,TASK_COMPLETE,SUCCESS,INFO,55,55,0,,2026-09-03T19:04:17.619Z,2026-09-03T20:54:05.052Z,6588,2026-09-03T20:54:05.052Z,B30,KC North,48b34b87-69c2-467d-a88c-67aac910c539,SAMMS-KCNv5
202609032054003693,202609031904101460,202609031904101105,85,2815,Bronze INV,br_OrientationChecklistNew,TASK_COMPLETE,SUCCESS,INFO,72,72,0,,2026-09-03T19:04:17.619Z,2026-09-03T20:54:05.052Z,6588,2026-09-03T20:54:05.052Z,B31,Dyersburg,48b34b87-69c2-467d-a88c-67aac910c539,SAMMS-DyersburgV5
202609032054003694,202609031904101461,202609031904101105,85,2817,Bronze INV,br_OrientationChecklistNew,TASK_COMPLETE,SUCCESS,INFO,71,71,0,,2026-09-03T19:04:17.619Z,2026-09-03T20:54:05.052Z,6588,2026-09-03T20:54:05.052Z,B33,Paducah,48b34b87-69c2-467d-a88c-67aac910c539,SAMMS-Paducah
202609032054003695,202609031904101462,202609031904101105,85,2818,Bronze INV,br_OrientationChecklistNew,TASK_COMPLETE,SUCCESS,INFO,155,155,0,,2026-09-03T19:04:17.619Z,2026-09-03T20:54:05.052Z,6588,2026-09-03T20:54:05.052Z,B34,Corbin,48b34b87-69c2-467d-a88c-67aac910c539,SAMMS-CorbinV5
202609032054003696,202609031904101463,202609031904101105,85,2819,Bronze INV,br_OrientationChecklistNew,TASK_COMPLETE,SUCCESS,INFO,391,391,0,,2026-09-03T19:04:17.619Z,2026-09-03T20:54:05.052Z,6588,2026-09-03T20:54:05.052Z,B35,Lexington,48b34b87-69c2-467d-a88c-67aac910c539,SAMMS-LexingtonV5
202609032054003697,202609031904101464,202609031904101105,85,2820,Bronze INV,br_OrientationChecklistNew,TASK_COMPLETE,SUCCESS,INFO,140,140,0,,2026-09-03T19:04:17.619Z,2026-09-03T20:54:05.052Z,6588,2026-09-03T20:54:05.052Z,B35A,Berea,48b34b87-69c2-467d-a88c-67aac910c539,SAMMS-BereaV5
202609032054003698,202609031904101465,202609031904101105,85,2821,Bronze INV,br_OrientationChecklistNew,TASK_COMPLETE,SUCCESS,INFO,154,154,0,,2026-09-03T19:04:17.619Z,2026-09-03T20:54:05.052Z,6588,2026-09-03T20:54:05.052Z,B36,Asheville,48b34b87-69c2-467d-a88c-67aac910c539,SAMMS-AshevilleV5
202609032054003699,202609031904101466,202609031904101105,85,2822,Bronze INV,br_OrientationChecklistNew,TASK_COMPLETE,SUCCESS,INFO,116,116,0,,2026-09-03T19:04:17.619Z,2026-09-03T20:54:05.052Z,6588,2026-09-03T20:54:05.052Z,B37,Clyde,48b34b87-69c2-467d-a88c-67aac910c539,SAMMS-ClydeV5
202609032054003701,202609031904101467,202609031904101105,85,2823,Bronze INV,br_OrientationChecklistNew,TASK_COMPLETE,SUCCESS,INFO,157,157,0,,2026-09-03T19:04:17.619Z,2026-09-03T20:54:05.052Z,6588,2026-09-03T20:54:05.052Z,B38,Spartanburg,48b34b87-69c2-467d-a88c-67aac910c539,SAMMS-SpartanburgV5
202609032054003702,202609031904101468,202609031904101105,85,2824,Bronze INV,br_OrientationChecklistNew,TASK_COMPLETE,SUCCESS,INFO,128,128,0,,2026-09-03T19:04:17.619Z,2026-09-03T20:54:05.052Z,6588,2026-09-03T20:54:05.052Z,B39,Aiken,48b34b87-69c2-467d-a88c-67aac910c539,SAMMS-AikenV5
202609032054003703,202609031904101469,202609031904101105,85,2825,Bronze INV,br_OrientationChecklistNew,TASK_COMPLETE,SUCCESS,INFO,147,147,0,,2026-09-03T19:04:17.619Z,2026-09-03T20:54:05.052Z,6588,2026-09-03T20:54:05.052Z,B41,Chesapeake,48b34b87-69c2-467d-a88c-67aac910c539,SAMMS-ChesapeakeV5
202609032054003704,202609031904101470,202609031904101105,85,2826,Bronze INV,br_OrientationChecklistNew,TASK_COMPLETE,SUCCESS,INFO,200,200,0,,2026-09-03T19:04:17.619Z,2026-09-03T20:54:05.052Z,6588,2026-09-03T20:54:05.052Z,B42,Virginia Beach,48b34b87-69c2-467d-a88c-67aac910c539,SAMMS-VirginiaBeachV5
202609032054003705,202609031904101471,202609031904101105,85,2827,Bronze INV,br_OrientationChecklistNew,TASK_COMPLETE,SUCCESS,INFO,136,136,0,,2026-09-03T19:04:17.619Z,2026-09-03T20:54:05.052Z,6588,2026-09-03T20:54:05.052Z,B42A,Newport News,48b34b87-69c2-467d-a88c-67aac910c539,SAMMS-NewportNewsV5
202609032054003706,202609031904101472,202609031904101105,85,2828,Bronze INV,br_OrientationChecklistNew,TASK_COMPLETE,SUCCESS,INFO,28,28,0,,2026-09-03T19:04:17.619Z,2026-09-03T20:54:05.052Z,6588,2026-09-03T20:54:05.052Z,B42B,Franklin,48b34b87-69c2-467d-a88c-67aac910c539,SAMMS-FranklinV5
202609032054003707,202609031904101473,202609031904101105,85,2829,Bronze INV,br_OrientationChecklistNew,TASK_COMPLETE,SUCCESS,INFO,199,199,0,,2026-09-03T19:04:17.619Z,2026-09-03T20:54:05.052Z,6588,2026-09-03T20:54:05.052Z,B42C,Glen Allen,48b34b87-69c2-467d-a88c-67aac910c539,SAMMS-GlenAllenV5
202609032054003708,202609031904101474,202609031904101105,85,2830,Bronze INV,br_OrientationChecklistNew,TASK_COMPLETE,SUCCESS,INFO,76,76,0,,2026-09-03T19:04:17.619Z,2026-09-03T20:54:05.052Z,6588,2026-09-03T20:54:05.052Z,B42D,Chesapeake South,48b34b87-69c2-467d-a88c-67aac910c539,SAMMS-ChesapeakeSouthV5
202609032054003710,202609031904101475,202609031904101105,85,2831,Bronze INV,br_OrientationChecklistNew,TASK_COMPLETE,SUCCESS,INFO,56,56,0,,2026-09-03T19:04:17.619Z,2026-09-03T20:54:05.052Z,6588,2026-09-03T20:54:05.052Z,B44,Albany,48b34b87-69c2-467d-a88c-67aac910c539,SAMMS-AlbanyV5
202609032054003711,202609031904101476,202609031904101105,85,2832,Bronze INV,br_OrientationChecklistNew,TASK_COMPLETE,SUCCESS,INFO,53,53,0,,2026-09-03T19:04:17.619Z,2026-09-03T20:54:05.052Z,6588,2026-09-03T20:54:05.052Z,B45,Tifton,48b34b87-69c2-467d-a88c-67aac910c539,SAMMS-TiftonV5
202609032054003712,202609031904101477,202609031904101105,85,2833,Bronze INV,br_OrientationChecklistNew,TASK_COMPLETE,SUCCESS,INFO,268,268,0,,2026-09-03T19:04:17.619Z,2026-09-03T20:54:05.052Z,6588,2026-09-03T20:54:05.052Z,B46,Washington DC,48b34b87-69c2-467d-a88c-67aac910c539,SAMMS-WashingtonDCv5
202609032054003713,202609031904101478,202609031904101105,85,2834,Bronze INV,br_OrientationChecklistNew,TASK_COMPLETE,SUCCESS,INFO,97,97,0,,2026-09-03T19:04:17.619Z,2026-09-03T20:54:05.052Z,6588,2026-09-03T20:54:05.052Z,B47,Mobile,48b34b87-69c2-467d-a88c-67aac910c539,SAMMS-MobileV5
202609032054003714,202609031904101479,202609031904101105,85,2835,Bronze INV,br_OrientationChecklistNew,TASK_COMPLETE,SUCCESS,INFO,125,125,0,,2026-09-03T19:04:17.619Z,2026-09-03T20:54:05.052Z,6588,2026-09-03T20:54:05.052Z,B48,Tuscaloosa,48b34b87-69c2-467d-a88c-67aac910c539,SAMMS-TuscaloosaV5
202609032054003715,202609031904101480,202609031904101105,85,2844,Bronze INV,br_OrientationChecklistNew,TASK_COMPLETE,SUCCESS,INFO,79,79,0,,2026-09-03T19:04:17.619Z,2026-09-03T20:54:05.052Z,6588,2026-09-03T20:54:05.052Z,B51,N. Little Rock (OTP),48b34b87-69c2-467d-a88c-67aac910c539,SAMMS-NorthLittleRockV6
202609032054003716,202609031904101481,202609031904101105,85,2845,Bronze INV,br_OrientationChecklistNew,TASK_COMPLETE,SUCCESS,INFO,14,14,0,,2026-09-03T19:04:17.619Z,2026-09-03T20:54:05.052Z,6588,2026-09-03T20:54:05.052Z,B52,Jackson GA,48b34b87-69c2-467d-a88c-67aac910c539,SAMMS-JacksonGAV5
202609032054003718,202609031904101482,202609031904101105,85,2846,Bronze INV,br_OrientationChecklistNew,TASK_COMPLETE,SUCCESS,INFO,133,133,0,,2026-09-03T19:04:17.619Z,2026-09-03T20:54:05.052Z,6588,2026-09-03T20:54:05.052Z,B54,Gadsden,48b34b87-69c2-467d-a88c-67aac910c539,SAMMS-GadsdenV5
202609032054003719,202609031904101483,202609031904101105,85,2847,Bronze INV,br_OrientationChecklistNew,TASK_COMPLETE,SUCCESS,INFO,69,69,0,,2026-09-03T19:04:17.619Z,2026-09-03T20:54:05.052Z,6588,2026-09-03T20:54:05.052Z,B55,Shoals,48b34b87-69c2-467d-a88c-67aac910c539,SAMMS-ShoalsV5
202609032054003720,202609031904101484,202609031904101105,85,2848,Bronze INV,br_OrientationChecklistNew,TASK_COMPLETE,SUCCESS,INFO,32,32,0,,2026-09-03T19:04:17.619Z,2026-09-03T20:54:05.052Z,6588,2026-09-03T20:54:05.052Z,B57,Pawtucket,48b34b87-69c2-467d-a88c-67aac910c539,SAMMS-Pawtucket
202609032054003721,202609031904101485,202609031904101105,85,2849,Bronze INV,br_OrientationChecklistNew,TASK_COMPLETE,SUCCESS,INFO,76,76,0,,2026-09-03T19:04:17.619Z,2026-09-03T20:54:05.052Z,6588,2026-09-03T20:54:05.052Z,B57A,Johnston,48b34b87-69c2-467d-a88c-67aac910c539,SAMMS-Johnston
202609032054003722,202609031904101486,202609031904101105,85,2850,Bronze INV,br_OrientationChecklistNew,TASK_COMPLETE,SUCCESS,INFO,17,17,0,,2026-09-03T19:04:17.619Z,2026-09-03T20:54:05.052Z,6588,2026-09-03T20:54:05.052Z,B57B,Middletown,48b34b87-69c2-467d-a88c-67aac910c539,SAMMS-Middletown
202609032054003723,202609031904101487,202609031904101105,85,2851,Bronze INV,br_OrientationChecklistNew,TASK_COMPLETE,SUCCESS,INFO,29,29,0,,2026-09-03T19:04:17.619Z,2026-09-03T20:54:05.052Z,6588,2026-09-03T20:54:05.052Z,B57C,Providence,48b34b87-69c2-467d-a88c-67aac910c539,SAMMS-Providence
202609032054003724,202609031904101488,202609031904101105,85,2852,Bronze INV,br_OrientationChecklistNew,TASK_COMPLETE,SUCCESS,INFO,32,32,0,,2026-09-03T19:04:17.619Z,2026-09-03T20:54:05.052Z,6588,2026-09-03T20:54:05.052Z,B57D,Westerly,48b34b87-69c2-467d-a88c-67aac910c539,SAMMS-Westerly
202609032054003725,202609031904101489,202609031904101105,85,2856,Bronze INV,br_OrientationChecklistNew,TASK_COMPLETE,SUCCESS,INFO,0,0,0,,2026-09-03T19:04:17.619Z,2026-09-03T20:54:05.052Z,6588,2026-09-03T20:54:05.052Z,B66A,Bremen,48b34b87-69c2-467d-a88c-67aac910c539,SAMMS-Bremen
202609032054003727,202609031904101490,202609031904101105,85,2859,Bronze INV,br_OrientationChecklistNew,TASK_COMPLETE,SUCCESS,INFO,0,0,0,,2026-09-03T19:04:17.619Z,2026-09-03T20:54:05.052Z,6588,2026-09-03T20:54:05.052Z,B72,Mobile (OBOT),48b34b87-69c2-467d-a88c-67aac910c539,SAMMS-Mobile-OBOT
202609032054003728,202609031904101491,202609031904101105,85,2860,Bronze INV,br_OrientationChecklistNew,TASK_COMPLETE,SUCCESS,INFO,0,0,0,,2026-09-03T19:04:17.619Z,2026-09-03T20:54:05.052Z,6588,2026-09-03T20:54:05.052Z,B73,Montgomery,48b34b87-69c2-467d-a88c-67aac910c539,SAMMS-Montgomery
202609032054003729,202609031904101492,202609031904101105,85,2861,Bronze INV,br_OrientationChecklistNew,TASK_COMPLETE,SUCCESS,INFO,94,94,0,,2026-09-03T19:04:17.619Z,2026-09-03T20:54:05.052Z,6588,2026-09-03T20:54:05.052Z,B75,Lawrence,48b34b87-69c2-467d-a88c-67aac910c539,SAMMS-LawrenceV6
202609032054003730,202609031904101493,202609031904101105,85,2862,Bronze INV,br_OrientationChecklistNew,TASK_COMPLETE,SUCCESS,INFO,0,0,0,,2026-09-03T19:04:17.619Z,2026-09-03T20:54:05.052Z,6588,2026-09-03T20:54:05.052Z,B76,Huntsville OBOT,48b34b87-69c2-467d-a88c-67aac910c539,SAMMS-Huntsville-OBOT
202609032054003731,202609031904101494,202609031904101105,85,2863,Bronze INV,br_OrientationChecklistNew,TASK_COMPLETE,SUCCESS,INFO,0,0,0,,2026-09-03T19:04:17.619Z,2026-09-03T20:54:05.052Z,6588,2026-09-03T20:54:05.052Z,BAT,Batesville,48b34b87-69c2-467d-a88c-67aac910c539,SAMMS-Batesville
202609032054003732,202609031904101495,202609031904101105,85,2864,Bronze INV,br_OrientationChecklistNew,TASK_COMPLETE,SUCCESS,INFO,175,175,0,,2026-09-03T19:04:17.619Z,2026-09-03T20:54:05.052Z,6588,2026-09-03T20:54:05.052Z,BG,Bowling Green,48b34b87-69c2-467d-a88c-67aac910c539,SAMMS-BowlingGreen
202609032054003733,202609031904101496,202609031904101105,85,2865,Bronze INV,br_OrientationChecklistNew,TASK_COMPLETE,SUCCESS,INFO,63,63,0,,2026-09-03T19:04:17.619Z,2026-09-03T20:54:05.052Z,6588,2026-09-03T20:54:05.052Z,BOI,Boise,48b34b87-69c2-467d-a88c-67aac910c539,SAMMS-Boise
202609032054003735,202609031904101497,202609031904101105,85,2872,Bronze INV,br_OrientationChecklistNew,TASK_COMPLETE,SUCCESS,INFO,69,69,0,,2026-09-03T19:04:17.619Z,2026-09-03T20:54:05.052Z,6588,2026-09-03T20:54:05.052Z,CBCO,Coeur dAlene,48b34b87-69c2-467d-a88c-67aac910c539,SAMMS-CoeurdAleneV6
202609032054003736,202609031904101498,202609031904101105,85,2891,Bronze INV,br_OrientationChecklistNew,TASK_COMPLETE,SUCCESS,INFO,0,0,0,,2026-09-03T19:04:17.619Z,2026-09-03T20:54:05.052Z,6588,2026-09-03T20:54:05.052Z,CON,Conway,48b34b87-69c2-467d-a88c-67aac910c539,SAMMS-Conway
202609032054003737,202609031904101499,202609031904101105,85,2892,Bronze INV,br_OrientationChecklistNew,TASK_COMPLETE,SUCCESS,INFO,0,0,0,,2026-09-03T19:04:17.619Z,2026-09-03T20:54:05.052Z,6588,2026-09-03T20:54:05.052Z,D07,Medical Services Knox TN,48b34b87-69c2-467d-a88c-67aac910c539,SAMMS-KnoxvilleV6
202609032054003738,202609031904101500,202609031904101105,85,2893,Bronze INV,br_OrientationChecklistNew,TASK_COMPLETE,SUCCESS,INFO,139,139,0,,2026-09-03T19:04:17.619Z,2026-09-03T20:54:05.052Z,6588,2026-09-03T20:54:05.052Z,D08,Madison,48b34b87-69c2-467d-a88c-67aac910c539,SAMMS-MadisonV6
202609032054003739,202609031904101501,202609031904101105,85,2895,Bronze INV,br_OrientationChecklistNew,TASK_COMPLETE,SUCCESS,INFO,206,206,0,,2026-09-03T19:04:17.619Z,2026-09-03T20:54:05.052Z,6588,2026-09-03T20:54:05.052Z,D09,Murfreesboro,48b34b87-69c2-467d-a88c-67aac910c539,SAMMS-MurfreesboroV6
202609032054003740,202609031904101502,202609031904101105,85,2896,Bronze INV,br_OrientationChecklistNew,TASK_COMPLETE,SUCCESS,INFO,51,51,0,,2026-09-03T19:04:17.619Z,2026-09-03T20:54:05.052Z,6588,2026-09-03T20:54:05.052Z,DA,Davenport,48b34b87-69c2-467d-a88c-67aac910c539,SAMMS-Davenport
202609032054003741,202609031904101503,202609031904101105,85,2897,Bronze INV,br_OrientationChecklistNew,TASK_COMPLETE,SUCCESS,INFO,87,87,0,,2026-09-03T19:04:17.619Z,2026-09-03T20:54:05.052Z,6588,2026-09-03T20:54:05.052Z,DM,Des Moines,48b34b87-69c2-467d-a88c-67aac910c539,SAMMS-DesMoines
202609032054003742,202609031904101504,202609031904101105,85,2899,Bronze INV,br_OrientationChecklistNew,TASK_COMPLETE,SUCCESS,INFO,130,130,0,,2026-09-03T19:04:17.619Z,2026-09-03T20:54:05.052Z,6588,2026-09-03T20:54:05.052Z,DRD-CO,Columbia MO,48b34b87-69c2-467d-a88c-67aac910c539,SAMMS-ColumbiaV5
202609032054003744,202609031904101505,202609031904101105,85,2900,Bronze INV,br_OrientationChecklistNew,TASK_COMPLETE,SUCCESS,INFO,159,159,0,,2026-09-03T19:04:17.619Z,2026-09-03T20:54:05.052Z,6588,2026-09-03T20:54:05.052Z,DRD-KC,KC,48b34b87-69c2-467d-a88c-67aac910c539,SAMMS-KCv5
202609032054003745,202609031904101506,202609031904101105,85,2901,Bronze INV,br_OrientationChecklistNew,TASK_COMPLETE,SUCCESS,INFO,121,121,0,,2026-09-03T19:04:17.619Z,2026-09-03T20:54:05.052Z,6588,2026-09-03T20:54:05.052Z,DRD-KVB,KVB,48b34b87-69c2-467d-a88c-67aac910c539,SAMMS-KVBv5
202609032054003746,202609031904101507,202609031904101105,85,2902,Bronze INV,br_OrientationChecklistNew,TASK_COMPLETE,SUCCESS,INFO,341,341,0,,2026-09-03T19:04:17.619Z,2026-09-03T20:54:05.052Z,6588,2026-09-03T20:54:05.052Z,DRD-KVC,KVC,48b34b87-69c2-467d-a88c-67aac910c539,SAMMS-KVCv5
202609032054003748,202609031904101508,202609031904101105,85,2903,Bronze INV,br_OrientationChecklistNew,TASK_COMPLETE,SUCCESS,INFO,344,344,0,,2026-09-03T19:04:17.619Z,2026-09-03T20:54:05.052Z,6588,2026-09-03T20:54:05.052Z,DRD-NOLA,NOLA,48b34b87-69c2-467d-a88c-67aac910c539,SAMMS-NOLAv5
202609032054003750,202609031904101509,202609031904101105,85,2904,Bronze INV,br_OrientationChecklistNew,TASK_COMPLETE,SUCCESS,INFO,235,235,0,,2026-09-03T19:04:17.619Z,2026-09-03T20:54:05.052Z,6588,2026-09-03T20:54:05.052Z,DRD-SF,Springfield,48b34b87-69c2-467d-a88c-67aac910c539,SAMMS-SFv5
202609032054003751,202609031904101510,202609031904101105,85,2906,Bronze INV,br_OrientationChecklistNew,TASK_COMPLETE,SUCCESS,INFO,104,104,0,,2026-09-03T19:04:17.619Z,2026-09-03T20:54:05.052Z,6588,2026-09-03T20:54:05.052Z,ELC,Elizabeth City,48b34b87-69c2-467d-a88c-67aac910c539,SAMMS-ElizabethCity
202609032054003752,202609031904101511,202609031904101105,85,2907,Bronze INV,br_OrientationChecklistNew,TASK_COMPLETE,SUCCESS,INFO,119,119,0,,2026-09-03T19:04:17.619Z,2026-09-03T20:54:05.052Z,6588,2026-09-03T20:54:05.052Z,ET,Elizabethtown,48b34b87-69c2-467d-a88c-67aac910c539,SAMMS-Elizabethtown
202609032054003753,202609031904101512,202609031904101105,85,2908,Bronze INV,br_OrientationChecklistNew,TASK_COMPLETE,SUCCESS,INFO,0,0,0,,2026-09-03T19:04:17.619Z,2026-09-03T20:54:05.052Z,6588,2026-09-03T20:54:05.052Z,FAY,Fayetteville,48b34b87-69c2-467d-a88c-67aac910c539,SAMMS-Fayetteville
202609032054003754,202609031904101513,202609031904101105,85,2909,Bronze INV,br_OrientationChecklistNew,TASK_COMPLETE,SUCCESS,INFO,108,108,0,,2026-09-03T19:04:17.619Z,2026-09-03T20:54:05.052Z,6588,2026-09-03T20:54:05.052Z,FR,Frankfort,48b34b87-69c2-467d-a88c-67aac910c539,SAMMS-Frankfort
202609032054005571,202609031904103078,202609031904101105,85,3195,Bronze INV,br_ReAssessmentFamily,TASK_COMPLETE,SUCCESS,INFO,926,926,0,,2026-09-03T19:04:17.619Z,2026-09-03T20:54:05.052Z,6588,2026-09-03T20:54:05.052Z,B42A,Newport News,48b34b87-69c2-467d-a88c-67aac910c539,SAMMS-NewportNewsV5
202609032054005573,202609031904103079,202609031904101105,85,3196,Bronze INV,br_ReAssessmentFamily,TASK_COMPLETE,SUCCESS,INFO,507,507,0,,2026-09-03T19:04:17.619Z,2026-09-03T20:54:05.052Z,6588,2026-09-03T20:54:05.052Z,B42B,Franklin,48b34b87-69c2-467d-a88c-67aac910c539,SAMMS-FranklinV5
202609032054005574,202609031904103080,202609031904101105,85,3197,Bronze INV,br_ReAssessmentFamily,TASK_COMPLETE,SUCCESS,INFO,342,342,0,,2026-09-03T19:04:17.619Z,2026-09-03T20:54:05.052Z,6588,2026-09-03T20:54:05.052Z,B42C,Glen Allen,48b34b87-69c2-467d-a88c-67aac910c539,SAMMS-GlenAllenV5
202609032054005575,202609031904103081,202609031904101105,85,3198,Bronze INV,br_ReAssessmentFamily,TASK_COMPLETE,SUCCESS,INFO,1481,1481,0,,2026-09-03T19:04:17.619Z,2026-09-03T20:54:05.052Z,6588,2026-09-03T20:54:05.052Z,B42D,Chesapeake South,48b34b87-69c2-467d-a88c-67aac910c539,SAMMS-ChesapeakeSouthV5
202609032054005576,202609031904103082,202609031904101105,85,3199,Bronze INV,br_ReAssessmentFamily,TASK_COMPLETE,SUCCESS,INFO,632,632,0,,2026-09-03T19:04:17.619Z,2026-09-03T20:54:05.052Z,6588,2026-09-03T20:54:05.052Z,B44,Albany,48b34b87-69c2-467d-a88c-67aac910c539,SAMMS-AlbanyV5
202609032054005577,202609031904103083,202609031904101105,85,3200,Bronze INV,br_ReAssessmentFamily,TASK_COMPLETE,SUCCESS,INFO,1270,1270,0,,2026-09-03T19:04:17.619Z,2026-09-03T20:54:05.052Z,6588,2026-09-03T20:54:05.052Z,B45,Tifton,48b34b87-69c2-467d-a88c-67aac910c539,SAMMS-TiftonV5
202609032054005578,202609031904103084,202609031904101105,85,3201,Bronze INV,br_ReAssessmentFamily,TASK_COMPLETE,SUCCESS,INFO,587,587,0,,2026-09-03T19:04:17.619Z,2026-09-03T20:54:05.052Z,6588,2026-09-03T20:54:05.052Z,B46,Washington DC,48b34b87-69c2-467d-a88c-67aac910c539,SAMMS-WashingtonDCv5
202609032054005579,202609031904103085,202609031904101105,85,3202,Bronze INV,br_ReAssessmentFamily,TASK_COMPLETE,SUCCESS,INFO,1570,1570,0,,2026-09-03T19:04:17.619Z,2026-09-03T20:54:05.052Z,6588,2026-09-03T20:54:05.052Z,B47,Mobile,48b34b87-69c2-467d-a88c-67aac910c539,SAMMS-MobileV5
202609032054005580,202609031904103086,202609031904101105,85,3203,Bronze INV,br_ReAssessmentFamily,TASK_COMPLETE,SUCCESS,INFO,1297,1297,0,,2026-09-03T19:04:17.619Z,2026-09-03T20:54:05.052Z,6588,2026-09-03T20:54:05.052Z,B48,Tuscaloosa,48b34b87-69c2-467d-a88c-67aac910c539,SAMMS-TuscaloosaV5
202609032054005582,202609031904103087,202609031904101105,85,3212,Bronze INV,br_ReAssessmentFamily,TASK_COMPLETE,SUCCESS,INFO,2,2,0,,2026-09-03T19:04:17.619Z,2026-09-03T20:54:05.052Z,6588,2026-09-03T20:54:05.052Z,B51,N. Little Rock (OTP),48b34b87-69c2-467d-a88c-67aac910c539,SAMMS-NorthLittleRockV6
202609032054005583,202609031904103088,202609031904101105,85,3213,Bronze INV,br_ReAssessmentFamily,TASK_COMPLETE,SUCCESS,INFO,456,456,0,,2026-09-03T19:04:17.619Z,2026-09-03T20:54:05.052Z,6588,2026-09-03T20:54:05.052Z,B52,Jackson GA,48b34b87-69c2-467d-a88c-67aac910c539,SAMMS-JacksonGAV5
202609032054005584,202609031904103089,202609031904101105,85,3214,Bronze INV,br_ReAssessmentFamily,TASK_COMPLETE,SUCCESS,INFO,1708,1708,0,,2026-09-03T19:04:17.619Z,2026-09-03T20:54:05.052Z,6588,2026-09-03T20:54:05.052Z,B54,Gadsden,48b34b87-69c2-467d-a88c-67aac910c539,SAMMS-GadsdenV5
202609032054005585,202609031904103090,202609031904101105,85,3215,Bronze INV,br_ReAssessmentFamily,TASK_COMPLETE,SUCCESS,INFO,950,950,0,,2026-09-03T19:04:17.619Z,2026-09-03T20:54:05.052Z,6588,2026-09-03T20:54:05.052Z,B55,Shoals,48b34b87-69c2-467d-a88c-67aac910c539,SAMMS-ShoalsV5
202609032054005587,202609031904103091,202609031904101105,85,3216,Bronze INV,br_ReAssessmentFamily,TASK_COMPLETE,SUCCESS,INFO,294,294,0,,2026-09-03T19:04:17.619Z,2026-09-03T20:54:05.052Z,6588,2026-09-03T20:54:05.052Z,B57,Pawtucket,48b34b87-69c2-467d-a88c-67aac910c539,SAMMS-Pawtucket
202609032054005588,202609031904103092,202609031904101105,85,3217,Bronze INV,br_ReAssessmentFamily,TASK_COMPLETE,SUCCESS,INFO,551,551,0,,2026-09-03T19:04:17.619Z,2026-09-03T20:54:05.052Z,6588,2026-09-03T20:54:05.052Z,B57A,Johnston,48b34b87-69c2-467d-a88c-67aac910c539,SAMMS-Johnston
202609032054005589,202609031904103093,202609031904101105,85,3218,Bronze INV,br_ReAssessmentFamily,TASK_COMPLETE,SUCCESS,INFO,166,166,0,,2026-09-03T19:04:17.619Z,2026-09-03T20:54:05.052Z,6588,2026-09-03T20:54:05.052Z,B57B,Middletown,48b34b87-69c2-467d-a88c-67aac910c539,SAMMS-Middletown
202609032054005590,202609031904103094,202609031904101105,85,3219,Bronze INV,br_ReAssessmentFamily,TASK_COMPLETE,SUCCESS,INFO,413,413,0,,2026-09-03T19:04:17.619Z,2026-09-03T20:54:05.052Z,6588,2026-09-03T20:54:05.052Z,B57C,Providence,48b34b87-69c2-467d-a88c-67aac910c539,SAMMS-Providence
202609032054005591,202609031904103095,202609031904101105,85,3220,Bronze INV,br_ReAssessmentFamily,TASK_COMPLETE,SUCCESS,INFO,623,623,0,,2026-09-03T19:04:17.619Z,2026-09-03T20:54:05.052Z,6588,2026-09-03T20:54:05.052Z,B57D,Westerly,48b34b87-69c2-467d-a88c-67aac910c539,SAMMS-Westerly
202609032054005592,202609031904103096,202609031904101105,85,3224,Bronze INV,br_ReAssessmentFamily,TASK_COMPLETE,SUCCESS,INFO,4,4,0,,2026-09-03T19:04:17.619Z,2026-09-03T20:54:05.052Z,6588,2026-09-03T20:54:05.052Z,B66A,Bremen,48b34b87-69c2-467d-a88c-67aac910c539,SAMMS-Bremen
202609032054005593,202609031904103097,202609031904101105,85,3227,Bronze INV,br_ReAssessmentFamily,TASK_COMPLETE,SUCCESS,INFO,0,0,0,,2026-09-03T19:04:17.619Z,2026-09-03T20:54:05.052Z,6588,2026-09-03T20:54:05.052Z,B72,Mobile (OBOT),48b34b87-69c2-467d-a88c-67aac910c539,SAMMS-Mobile-OBOT
202609032054005595,202609031904103098,202609031904101105,85,3228,Bronze INV,br_ReAssessmentFamily,TASK_COMPLETE,SUCCESS,INFO,0,0,0,,2026-09-03T19:04:17.619Z,2026-09-03T20:54:05.052Z,6588,2026-09-03T20:54:05.052Z,B73,Montgomery,48b34b87-69c2-467d-a88c-67aac910c539,SAMMS-Montgomery
202609032054005597,202609031904103099,202609031904101105,85,3229,Bronze INV,br_ReAssessmentFamily,TASK_COMPLETE,SUCCESS,INFO,517,517,0,,2026-09-03T19:04:17.619Z,2026-09-03T20:54:05.052Z,6588,2026-09-03T20:54:05.052Z,B75,Lawrence,48b34b87-69c2-467d-a88c-67aac910c539,SAMMS-LawrenceV6
202609032054005598,202609031904103100,202609031904101105,85,3230,Bronze INV,br_ReAssessmentFamily,TASK_COMPLETE,SUCCESS,INFO,0,0,0,,2026-09-03T19:04:17.619Z,2026-09-03T20:54:05.052Z,6588,2026-09-03T20:54:05.052Z,B76,Huntsville OBOT,48b34b87-69c2-467d-a88c-67aac910c539,SAMMS-Huntsville-OBOT
202609032054005599,202609031904103101,202609031904101105,85,3231,Bronze INV,br_ReAssessmentFamily,TASK_COMPLETE,SUCCESS,INFO,0,0,0,,2026-09-03T19:04:17.619Z,2026-09-03T20:54:05.052Z,6588,2026-09-03T20:54:05.052Z,BAT,Batesville,48b34b87-69c2-467d-a88c-67aac910c539,SAMMS-Batesville
202609032054005600,202609031904103102,202609031904101105,85,3232,Bronze INV,br_ReAssessmentFamily,TASK_COMPLETE,SUCCESS,INFO,461,461,0,,2026-09-03T19:04:17.619Z,2026-09-03T20:54:05.052Z,6588,2026-09-03T20:54:05.052Z,BG,Bowling Green,48b34b87-69c2-467d-a88c-67aac910c539,SAMMS-BowlingGreen
202609032054005601,202609031904103103,202609031904101105,85,3233,Bronze INV,br_ReAssessmentFamily,TASK_COMPLETE,SUCCESS,INFO,181,181,0,,2026-09-03T19:04:17.619Z,2026-09-03T20:54:05.052Z,6588,2026-09-03T20:54:05.052Z,BOI,Boise,48b34b87-69c2-467d-a88c-67aac910c539,SAMMS-Boise
202609032054005602,202609031904103104,202609031904101105,85,3240,Bronze INV,br_ReAssessmentFamily,TASK_COMPLETE,SUCCESS,INFO,51,51,0,,2026-09-03T19:04:17.619Z,2026-09-03T20:54:05.052Z,6588,2026-09-03T20:54:05.052Z,CBCO,Coeur dAlene,48b34b87-69c2-467d-a88c-67aac910c539,SAMMS-CoeurdAleneV6
202609032054005603,202609031904103105,202609031904101105,85,3259,Bronze INV,br_ReAssessmentFamily,TASK_COMPLETE,SUCCESS,INFO,0,0,0,,2026-09-03T19:04:17.619Z,2026-09-03T20:54:05.052Z,6588,2026-09-03T20:54:05.052Z,CON,Conway,48b34b87-69c2-467d-a88c-67aac910c539,SAMMS-Conway
202609032054005605,202609031904103106,202609031904101105,85,3260,Bronze INV,br_ReAssessmentFamily,TASK_COMPLETE,SUCCESS,INFO,2575,2575,0,,2026-09-03T19:04:17.619Z,2026-09-03T20:54:05.052Z,6588,2026-09-03T20:54:05.052Z,D07,Medical Services Knox TN,48b34b87-69c2-467d-a88c-67aac910c539,SAMMS-KnoxvilleV6
202609032054005606,202609031904103107,202609031904101105,85,3261,Bronze INV,br_ReAssessmentFamily,TASK_COMPLETE,SUCCESS,INFO,111,111,0,,2026-09-03T19:04:17.619Z,2026-09-03T20:54:05.052Z,6588,2026-09-03T20:54:05.052Z,D08,Madison,48b34b87-69c2-467d-a88c-67aac910c539,SAMMS-MadisonV6
202609032054005607,202609031904103108,202609031904101105,85,3263,Bronze INV,br_ReAssessmentFamily,TASK_COMPLETE,SUCCESS,INFO,121,121,0,,2026-09-03T19:04:17.619Z,2026-09-03T20:54:05.052Z,6588,2026-09-03T20:54:05.052Z,D09,Murfreesboro,48b34b87-69c2-467d-a88c-67aac910c539,SAMMS-MurfreesboroV6
202609032054005608,202609031904103109,202609031904101105,85,3264,Bronze INV,br_ReAssessmentFamily,TASK_COMPLETE,SUCCESS,INFO,335,335,0,,2026-09-03T19:04:17.619Z,2026-09-03T20:54:05.052Z,6588,2026-09-03T20:54:05.052Z,DA,Davenport,48b34b87-69c2-467d-a88c-67aac910c539,SAMMS-Davenport
202609032054005609,202609031904103110,202609031904101105,85,3265,Bronze INV,br_ReAssessmentFamily,TASK_COMPLETE,SUCCESS,INFO,288,288,0,,2026-09-03T19:04:17.619Z,2026-09-03T20:54:05.052Z,6588,2026-09-03T20:54:05.052Z,DM,Des Moines,48b34b87-69c2-467d-a88c-67aac910c539,SAMMS-DesMoines
202609032054005610,202609031904103111,202609031904101105,85,3267,Bronze INV,br_ReAssessmentFamily,TASK_COMPLETE,SUCCESS,INFO,530,530,0,,2026-09-03T19:04:17.619Z,2026-09-03T20:54:05.052Z,6588,2026-09-03T20:54:05.052Z,DRD-CO,Columbia MO,48b34b87-69c2-467d-a88c-67aac910c539,SAMMS-ColumbiaV5
202609032054005611,202609031904103112,202609031904101105,85,3268,Bronze INV,br_ReAssessmentFamily,TASK_COMPLETE,SUCCESS,INFO,348,348,0,,2026-09-03T19:04:17.619Z,2026-09-03T20:54:05.052Z,6588,2026-09-03T20:54:05.052Z,DRD-KC,KC,48b34b87-69c2-467d-a88c-67aac910c539,SAMMS-KCv5
202609032054005613,202609031904103113,202609031904101105,85,3269,Bronze INV,br_ReAssessmentFamily,TASK_COMPLETE,SUCCESS,INFO,1549,1549,0,,2026-09-03T19:04:17.619Z,2026-09-03T20:54:05.052Z,6588,2026-09-03T20:54:05.052Z,DRD-KVB,KVB,48b34b87-69c2-467d-a88c-67aac910c539,SAMMS-KVBv5
202609032054005614,202609031904103114,202609031904101105,85,3270,Bronze INV,br_ReAssessmentFamily,TASK_COMPLETE,SUCCESS,INFO,1674,1674,0,,2026-09-03T19:04:17.619Z,2026-09-03T20:54:05.052Z,6588,2026-09-03T20:54:05.052Z,DRD-KVC,KVC,48b34b87-69c2-467d-a88c-67aac910c539,SAMMS-KVCv5
202609032054005615,202609031904103115,202609031904101105,85,3271,Bronze INV,br_ReAssessmentFamily,TASK_COMPLETE,SUCCESS,INFO,3205,3205,0,,2026-09-03T19:04:17.619Z,2026-09-03T20:54:05.052Z,6588,2026-09-03T20:54:05.052Z,DRD-NOLA,NOLA,48b34b87-69c2-467d-a88c-67aac910c539,SAMMS-NOLAv5
202609032054005616,202609031904103116,202609031904101105,85,3272,Bronze INV,br_ReAssessmentFamily,TASK_COMPLETE,SUCCESS,INFO,800,800,0,,2026-09-03T19:04:17.619Z,2026-09-03T20:54:05.052Z,6588,2026-09-03T20:54:05.052Z,DRD-SF,Springfield,48b34b87-69c2-467d-a88c-67aac910c539,SAMMS-SFv5
202609032054005617,202609031904103117,202609031904101105,85,3274,Bronze INV,br_ReAssessmentFamily,TASK_COMPLETE,SUCCESS,INFO,260,260,0,,2026-09-03T19:04:17.619Z,2026-09-03T20:54:05.052Z,6588,2026-09-03T20:54:05.052Z,ELC,Elizabeth City,48b34b87-69c2-467d-a88c-67aac910c539,SAMMS-ElizabethCity
202609032054005618,202609031904103118,202609031904101105,85,3275,Bronze INV,br_ReAssessmentFamily,TASK_COMPLETE,SUCCESS,INFO,128,128,0,,2026-09-03T19:04:17.619Z,2026-09-03T20:54:05.052Z,6588,2026-09-03T20:54:05.052Z,ET,Elizabethtown,48b34b87-69c2-467d-a88c-67aac910c539,SAMMS-Elizabethtown
202609032054005619,202609031904103119,202609031904101105,85,3276,Bronze INV,br_ReAssessmentFamily,TASK_COMPLETE,SUCCESS,INFO,0,0,0,,2026-09-03T19:04:17.619Z,2026-09-03T20:54:05.052Z,6588,2026-09-03T20:54:05.052Z,FAY,Fayetteville,48b34b87-69c2-467d-a88c-67aac910c539,SAMMS-Fayetteville
202609032054005621,202609031904103120,202609031904101105,85,3277,Bronze INV,br_ReAssessmentFamily,TASK_COMPLETE,SUCCESS,INFO,156,156,0,,2026-09-03T19:04:17.619Z,2026-09-03T20:54:05.052Z,6588,2026-09-03T20:54:05.052Z,FR,Frankfort,48b34b87-69c2-467d-a88c-67aac910c539,SAMMS-Frankfort
202609032054005622,202609031904103121,202609031904101105,85,3278,Bronze INV,br_ReAssessmentFamily,TASK_COMPLETE,SUCCESS,INFO,0,0,0,,2026-09-03T19:04:17.619Z,2026-09-03T20:54:05.052Z,6588,2026-09-03T20:54:05.052Z,FS,Fort Smith,48b34b87-69c2-467d-a88c-67aac910c539,SAMMS-FortSmith
202609032054005623,202609031904103122,202609031904101105,85,3279,Bronze INV,br_ReAssessmentFamily,TASK_COMPLETE,SUCCESS,INFO,467,467,0,,2026-09-03T19:04:17.619Z,2026-09-03T20:54:05.052Z,6588,2026-09-03T20:54:05.052Z,FW,Fort Wayne,48b34b87-69c2-467d-a88c-67aac910c539,SAMMS-FortWayne
202609032054005624,202609031904103123,202609031904101105,85,3280,Bronze INV,br_ReAssessmentFamily,TASK_COMPLETE,SUCCESS,INFO,276,276,0,,2026-09-03T19:04:17.619Z,2026-09-03T20:54:05.052Z,6588,2026-09-03T20:54:05.052Z,GAL,Gaylord,48b34b87-69c2-467d-a88c-67aac910c539,SAMMS-Gaylord
202609032054005625,202609031904103124,202609031904101105,85,3284,Bronze INV,br_ReAssessmentFamily,TASK_COMPLETE,SUCCESS,INFO,100,100,0,,2026-09-03T19:04:17.619Z,2026-09-03T20:54:05.052Z,6588,2026-09-03T20:54:05.052Z,HGT,Hagerstown,48b34b87-69c2-467d-a88c-67aac910c539,SAMMS-Hagerstown
202609032054005626,202609031904103125,202609031904101105,85,3285,Bronze INV,br_ReAssessmentFamily,TASK_COMPLETE,SUCCESS,INFO,1725,1725,0,,2026-09-03T19:04:17.619Z,2026-09-03T20:54:05.052Z,6588,2026-09-03T20:54:05.052Z,HNT,Huntsville,48b34b87-69c2-467d-a88c-67aac910c539,SAMMS-Huntsville
202609032054005627,202609031904103126,202609031904101105,85,3286,Bronze INV,br_ReAssessmentFamily,TASK_COMPLETE,SUCCESS,INFO,0,0,0,,2026-09-03T19:04:17.619Z,2026-09-03T20:54:05.052Z,6588,2026-09-03T20:54:05.052Z,HS,Hot Springs,48b34b87-69c2-467d-a88c-67aac910c539,SAMMS-HotSprings
202609032054005628,202609031904103127,202609031904101105,85,3287,Bronze INV,br_ReAssessmentFamily,TASK_COMPLETE,SUCCESS,INFO,0,0,0,,2026-09-03T19:04:17.619Z,2026-09-03T20:54:05.052Z,6588,2026-09-03T20:54:05.052Z,JON,Jonesboro,48b34b87-69c2-467d-a88c-67aac910c539,SAMMS-Jonesboro
202609032054005630,202609031904103128,202609031904101105,85,3289,Bronze INV,br_ReAssessmentFamily,TASK_COMPLETE,SUCCESS,INFO,447,447,0,,2026-09-03T19:04:17.619Z,2026-09-03T20:54:05.052Z,6588,2026-09-03T20:54:05.052Z,LAN,Lansing,48b34b87-69c2-467d-a88c-67aac910c539,SAMMS-Lansing
202609032054005631,202609031904103129,202609031904101105,85,3290,Bronze INV,br_ReAssessmentFamily,TASK_COMPLETE,SUCCESS,INFO,1287,1287,0,,2026-09-03T19:04:17.619Z,2026-09-03T20:54:05.052Z,6588,2026-09-03T20:54:05.052Z,LO,Louisville,48b34b87-69c2-467d-a88c-67aac910c539,SAMMS-Louisville
202609032054005632,202609031904103130,202609031904101105,85,3291,Bronze INV,br_ReAssessmentFamily,TASK_COMPLETE,SUCCESS,INFO,291,291,0,,2026-09-03T19:04:17.619Z,2026-09-03T20:54:05.052Z,6588,2026-09-03T20:54:05.052Z,LV1,Cheyenne,48b34b87-69c2-467d-a88c-67aac910c539,SAMMS-Cheyenne
202609032054005633,202609031904103131,202609031904101105,85,3292,Bronze INV,br_ReAssessmentFamily,TASK_COMPLETE,SUCCESS,INFO,205,205,0,,2026-09-03T19:04:17.619Z,2026-09-03T20:54:05.052Z,6588,2026-09-03T20:54:05.052Z,LV2,Desert Inn,48b34b87-69c2-467d-a88c-67aac910c539,SAMMS-DesertInn
202609032054005634,202609031904103132,202609031904101105,85,3293,Bronze INV,br_ReAssessmentFamily,TASK_COMPLETE,SUCCESS,INFO,110,110,0,,2026-09-03T19:04:17.619Z,2026-09-03T20:54:05.052Z,6588,2026-09-03T20:54:05.052Z,LV3,McDaniel,48b34b87-69c2-467d-a88c-67aac910c539,SAMMS-McDaniel
202609032054005635,202609031904103133,202609031904101105,85,3296,Bronze INV,br_ReAssessmentFamily,TASK_COMPLETE,SUCCESS,INFO,356,356,0,,2026-09-03T19:04:17.619Z,2026-09-03T20:54:05.052Z,6588,2026-09-03T20:54:05.052Z,MNRE,Monroe,48b34b87-69c2-467d-a88c-67aac910c539,SAMMS-Monroe
202609032054005636,202609031904103134,202609031904101105,85,3297,Bronze INV,br_ReAssessmentFamily,TASK_COMPLETE,SUCCESS,INFO,1423,1423,0,,2026-09-03T19:04:17.619Z,2026-09-03T20:54:05.052Z,6588,2026-09-03T20:54:05.052Z,MP,Mt. Pleasant,48b34b87-69c2-467d-a88c-67aac910c539,SAMMS-MtPleasant
202609032054005638,202609031904103135,202609031904101105,85,3298,Bronze INV,br_ReAssessmentFamily,TASK_COMPLETE,SUCCESS,INFO,153,153,0,,2026-09-03T19:04:17.619Z,2026-09-03T20:54:05.052Z,6588,2026-09-03T20:54:05.052Z,MRD,Meridian,48b34b87-69c2-467d-a88c-67aac910c539,SAMMS-Meridian
202609032054005639,202609031904103136,202609031904101105,85,3303,Bronze INV,br_ReAssessmentFamily,TASK_COMPLETE,SUCCESS,INFO,693,693,0,,2026-09-03T19:04:17.619Z,2026-09-03T20:54:05.052Z,6588,2026-09-03T20:54:05.052Z,NC,North Charleston,48b34b87-69c2-467d-a88c-67aac910c539,SAMMS-NorthCharleston
202609032054005640,202609031904103137,202609031904101105,85,3304,Bronze INV,br_ReAssessmentFamily,TASK_COMPLETE,SUCCESS,INFO,0,0,0,,2026-09-03T19:04:17.619Z,2026-09-03T20:54:05.052Z,6588,2026-09-03T20:54:05.052Z,NLR,N. Little Rock,48b34b87-69c2-467d-a88c-67aac910c539,SAMMS-NLROBOT
202609032054005641,202609031904103138,202609031904101105,85,3305,Bronze INV,br_ReAssessmentFamily,TASK_COMPLETE,SUCCESS,INFO,112,112,0,,2026-09-03T19:04:17.619Z,2026-09-03T20:54:05.052Z,6588,2026-09-03T20:54:05.052Z,PH,Phoenix,48b34b87-69c2-467d-a88c-67aac910c539,SAMMS-Phoenix
202609032054005642,202609031904103139,202609031904101105,85,3309,Bronze INV,br_ReAssessmentFamily,TASK_COMPLETE,SUCCESS,INFO,214,214,0,,2026-09-03T19:04:17.619Z,2026-09-03T20:54:05.052Z,6588,2026-09-03T20:54:05.052Z,RE,Reno,48b34b87-69c2-467d-a88c-67aac910c539,SAMMS-Reno
202609032054005643,202609031904103140,202609031904101105,85,3310,Bronze INV,br_ReAssessmentFamily,TASK_COMPLETE,SUCCESS,INFO,88,88,0,,2026-09-03T19:04:17.619Z,2026-09-03T20:54:05.052Z,6588,2026-09-03T20:54:05.052Z,RMD,Richmond,48b34b87-69c2-467d-a88c-67aac910c539,SAMMS-Richmond
202609032054005644,202609031904103141,202609031904101105,85,3311,Bronze INV,br_ReAssessmentFamily,TASK_COMPLETE,SUCCESS,INFO,589,589,0,,2026-09-03T19:04:17.619Z,2026-09-03T20:54:05.052Z,6588,2026-09-03T20:54:05.052Z,SFN,Springfield North,48b34b87-69c2-467d-a88c-67aac910c539,SAMMS-SFNv5
202609032054005646,202609031904103142,202609031904101105,85,3312,Bronze INV,br_ReAssessmentFamily,TASK_COMPLETE,SUCCESS,INFO,763,763,0,,2026-09-03T19:04:17.619Z,2026-09-03T20:54:05.052Z,6588,2026-09-03T20:54:05.052Z,SHP,Shreveport,48b34b87-69c2-467d-a88c-67aac910c539,SAMMS-Shreveport
202609032054005647,202609031904103143,202609031904101105,85,3314,Bronze INV,br_ReAssessmentFamily,TASK_COMPLETE,SUCCESS,INFO,484,484,0,,2026-09-03T19:04:17.619Z,2026-09-03T20:54:05.052Z,6588,2026-09-03T20:54:05.052Z,STN,Staunton,48b34b87-69c2-467d-a88c-67aac910c539,SAMMS-Staunton
202609032054005648,202609031904103144,202609031904101105,85,3315,Bronze INV,br_ReAssessmentFamily,TASK_COMPLETE,SUCCESS,INFO,225,225,0,,2026-09-03T19:04:17.619Z,2026-09-03T20:54:05.052Z,6588,2026-09-03T20:54:05.052Z,STVN,Stevenson,48b34b87-69c2-467d-a88c-67aac910c539,SAMMS-Stevenson
202609032054005649,202609031904103145,202609031904101105,85,3317,Bronze INV,br_ReAssessmentFamily,TASK_COMPLETE,SUCCESS,INFO,173,173,0,,2026-09-03T19:04:17.619Z,2026-09-03T20:54:05.052Z,6588,2026-09-03T20:54:05.052Z,TE,Tempe,48b34b87-69c2-467d-a88c-67aac910c539,SAMMS-Tempe
202609032054005335,202609031904102874,202609031904101105,85,3056,Bronze INV,br_ReAssessment,TASK_COMPLETE,SUCCESS,INFO,57,57,0,,2026-09-03T19:04:17.619Z,2026-09-03T20:54:05.052Z,6588,2026-09-03T20:54:05.052Z,CBCO,Coeur dAlene,48b34b87-69c2-467d-a88c-67aac910c539,SAMMS-CoeurdAleneV6
202609032054005336,202609031904102875,202609031904101105,85,3075,Bronze INV,br_ReAssessment,TASK_COMPLETE,SUCCESS,INFO,0,0,0,,2026-09-03T19:04:17.619Z,2026-09-03T20:54:05.052Z,6588,2026-09-03T20:54:05.052Z,CON,Conway,48b34b87-69c2-467d-a88c-67aac910c539,SAMMS-Conway
202609032054005337,202609031904102876,202609031904101105,85,3076,Bronze INV,br_ReAssessment,TASK_COMPLETE,SUCCESS,INFO,2558,2558,0,,2026-09-03T19:04:17.619Z,2026-09-03T20:54:05.052Z,6588,2026-09-03T20:54:05.052Z,D07,Medical Services Knox TN,48b34b87-69c2-467d-a88c-67aac910c539,SAMMS-KnoxvilleV6
202609032054005338,202609031904102877,202609031904101105,85,3077,Bronze INV,br_ReAssessment,TASK_COMPLETE,SUCCESS,INFO,112,112,0,,2026-09-03T19:04:17.619Z,2026-09-03T20:54:05.052Z,6588,2026-09-03T20:54:05.052Z,D08,Madison,48b34b87-69c2-467d-a88c-67aac910c539,SAMMS-MadisonV6
202609032054005339,202609031904102878,202609031904101105,85,3079,Bronze INV,br_ReAssessment,TASK_COMPLETE,SUCCESS,INFO,133,133,0,,2026-09-03T19:04:17.619Z,2026-09-03T20:54:05.052Z,6588,2026-09-03T20:54:05.052Z,D09,Murfreesboro,48b34b87-69c2-467d-a88c-67aac910c539,SAMMS-MurfreesboroV6
202609032054005341,202609031904102879,202609031904101105,85,3080,Bronze INV,br_ReAssessment,TASK_COMPLETE,SUCCESS,INFO,340,340,0,,2026-09-03T19:04:17.619Z,2026-09-03T20:54:05.052Z,6588,2026-09-03T20:54:05.052Z,DA,Davenport,48b34b87-69c2-467d-a88c-67aac910c539,SAMMS-Davenport
202609032054005342,202609031904102880,202609031904101105,85,3081,Bronze INV,br_ReAssessment,TASK_COMPLETE,SUCCESS,INFO,292,292,0,,2026-09-03T19:04:17.619Z,2026-09-03T20:54:05.052Z,6588,2026-09-03T20:54:05.052Z,DM,Des Moines,48b34b87-69c2-467d-a88c-67aac910c539,SAMMS-DesMoines
202609032054005343,202609031904102881,202609031904101105,85,3083,Bronze INV,br_ReAssessment,TASK_COMPLETE,SUCCESS,INFO,534,534,0,,2026-09-03T19:04:17.619Z,2026-09-03T20:54:05.052Z,6588,2026-09-03T20:54:05.052Z,DRD-CO,Columbia MO,48b34b87-69c2-467d-a88c-67aac910c539,SAMMS-ColumbiaV5
202609032054005344,202609031904102882,202609031904101105,85,3084,Bronze INV,br_ReAssessment,TASK_COMPLETE,SUCCESS,INFO,348,348,0,,2026-09-03T19:04:17.619Z,2026-09-03T20:54:05.052Z,6588,2026-09-03T20:54:05.052Z,DRD-KC,KC,48b34b87-69c2-467d-a88c-67aac910c539,SAMMS-KCv5
202609032054005345,202609031904102883,202609031904101105,85,3085,Bronze INV,br_ReAssessment,TASK_COMPLETE,SUCCESS,INFO,1576,1576,0,,2026-09-03T19:04:17.619Z,2026-09-03T20:54:05.052Z,6588,2026-09-03T20:54:05.052Z,DRD-KVB,KVB,48b34b87-69c2-467d-a88c-67aac910c539,SAMMS-KVBv5
202609032054005346,202609031904102884,202609031904101105,85,3086,Bronze INV,br_ReAssessment,TASK_COMPLETE,SUCCESS,INFO,1689,1689,0,,2026-09-03T19:04:17.619Z,2026-09-03T20:54:05.052Z,6588,2026-09-03T20:54:05.052Z,DRD-KVC,KVC,48b34b87-69c2-467d-a88c-67aac910c539,SAMMS-KVCv5
202609032054005347,202609031904102885,202609031904101105,85,3087,Bronze INV,br_ReAssessment,TASK_COMPLETE,SUCCESS,INFO,3214,3214,0,,2026-09-03T19:04:17.619Z,2026-09-03T20:54:05.052Z,6588,2026-09-03T20:54:05.052Z,DRD-NOLA,NOLA,48b34b87-69c2-467d-a88c-67aac910c539,SAMMS-NOLAv5
202609032054005348,202609031904102886,202609031904101105,85,3088,Bronze INV,br_ReAssessment,TASK_COMPLETE,SUCCESS,INFO,820,820,0,,2026-09-03T19:04:17.619Z,2026-09-03T20:54:05.052Z,6588,2026-09-03T20:54:05.052Z,DRD-SF,Springfield,48b34b87-69c2-467d-a88c-67aac910c539,SAMMS-SFv5
202609032054005350,202609031904102887,202609031904101105,85,3090,Bronze INV,br_ReAssessment,TASK_COMPLETE,SUCCESS,INFO,262,262,0,,2026-09-03T19:04:17.619Z,2026-09-03T20:54:05.052Z,6588,2026-09-03T20:54:05.052Z,ELC,Elizabeth City,48b34b87-69c2-467d-a88c-67aac910c539,SAMMS-ElizabethCity
202609032054005351,202609031904102888,202609031904101105,85,3091,Bronze INV,br_ReAssessment,TASK_COMPLETE,SUCCESS,INFO,128,128,0,,2026-09-03T19:04:17.619Z,2026-09-03T20:54:05.052Z,6588,2026-09-03T20:54:05.052Z,ET,Elizabethtown,48b34b87-69c2-467d-a88c-67aac910c539,SAMMS-Elizabethtown
202609032054005352,202609031904102889,202609031904101105,85,3092,Bronze INV,br_ReAssessment,TASK_COMPLETE,SUCCESS,INFO,0,0,0,,2026-09-03T19:04:17.619Z,2026-09-03T20:54:05.052Z,6588,2026-09-03T20:54:05.052Z,FAY,Fayetteville,48b34b87-69c2-467d-a88c-67aac910c539,SAMMS-Fayetteville
202609032054005353,202609031904102890,202609031904101105,85,3093,Bronze INV,br_ReAssessment,TASK_COMPLETE,SUCCESS,INFO,158,158,0,,2026-09-03T19:04:17.619Z,2026-09-03T20:54:05.052Z,6588,2026-09-03T20:54:05.052Z,FR,Frankfort,48b34b87-69c2-467d-a88c-67aac910c539,SAMMS-Frankfort
202609032054005355,202609031904102891,202609031904101105,85,3094,Bronze INV,br_ReAssessment,TASK_COMPLETE,SUCCESS,INFO,0,0,0,,2026-09-03T19:04:17.619Z,2026-09-03T20:54:05.052Z,6588,2026-09-03T20:54:05.052Z,FS,Fort Smith,48b34b87-69c2-467d-a88c-67aac910c539,SAMMS-FortSmith
202609032054005356,202609031904102892,202609031904101105,85,3095,Bronze INV,br_ReAssessment,TASK_COMPLETE,SUCCESS,INFO,472,472,0,,2026-09-03T19:04:17.619Z,2026-09-03T20:54:05.052Z,6588,2026-09-03T20:54:05.052Z,FW,Fort Wayne,48b34b87-69c2-467d-a88c-67aac910c539,SAMMS-FortWayne
202609032054005357,202609031904102893,202609031904101105,85,3096,Bronze INV,br_ReAssessment,TASK_COMPLETE,SUCCESS,INFO,276,276,0,,2026-09-03T19:04:17.619Z,2026-09-03T20:54:05.052Z,6588,2026-09-03T20:54:05.052Z,GAL,Gaylord,48b34b87-69c2-467d-a88c-67aac910c539,SAMMS-Gaylord
202609032054005358,202609031904102894,202609031904101105,85,3100,Bronze INV,br_ReAssessment,TASK_COMPLETE,SUCCESS,INFO,102,102,0,,2026-09-03T19:04:17.619Z,2026-09-03T20:54:05.052Z,6588,2026-09-03T20:54:05.052Z,HGT,Hagerstown,48b34b87-69c2-467d-a88c-67aac910c539,SAMMS-Hagerstown
202609032054005359,202609031904102895,202609031904101105,85,3101,Bronze INV,br_ReAssessment,TASK_COMPLETE,SUCCESS,INFO,1747,1747,0,,2026-09-03T19:04:17.619Z,2026-09-03T20:54:05.052Z,6588,2026-09-03T20:54:05.052Z,HNT,Huntsville,48b34b87-69c2-467d-a88c-67aac910c539,SAMMS-Huntsville
202609032054005361,202609031904102896,202609031904101105,85,3102,Bronze INV,br_ReAssessment,TASK_COMPLETE,SUCCESS,INFO,0,0,0,,2026-09-03T19:04:17.619Z,2026-09-03T20:54:05.052Z,6588,2026-09-03T20:54:05.052Z,HS,Hot Springs,48b34b87-69c2-467d-a88c-67aac910c539,SAMMS-HotSprings
202609032054005362,202609031904102897,202609031904101105,85,3103,Bronze INV,br_ReAssessment,TASK_COMPLETE,SUCCESS,INFO,0,0,0,,2026-09-03T19:04:17.619Z,2026-09-03T20:54:05.052Z,6588,2026-09-03T20:54:05.052Z,JON,Jonesboro,48b34b87-69c2-467d-a88c-67aac910c539,SAMMS-Jonesboro
202609032054005364,202609031904102898,202609031904101105,85,3105,Bronze INV,br_ReAssessment,TASK_COMPLETE,SUCCESS,INFO,457,457,0,,2026-09-03T19:04:17.619Z,2026-09-03T20:54:05.052Z,6588,2026-09-03T20:54:05.052Z,LAN,Lansing,48b34b87-69c2-467d-a88c-67aac910c539,SAMMS-Lansing
202609032054005365,202609031904102899,202609031904101105,85,3106,Bronze INV,br_ReAssessment,TASK_COMPLETE,SUCCESS,INFO,1294,1294,0,,2026-09-03T19:04:17.619Z,2026-09-03T20:54:05.052Z,6588,2026-09-03T20:54:05.052Z,LO,Louisville,48b34b87-69c2-467d-a88c-67aac910c539,SAMMS-Louisville
202609032054005366,202609031904102900,202609031904101105,85,3107,Bronze INV,br_ReAssessment,TASK_COMPLETE,SUCCESS,INFO,295,295,0,,2026-09-03T19:04:17.619Z,2026-09-03T20:54:05.052Z,6588,2026-09-03T20:54:05.052Z,LV1,Cheyenne,48b34b87-69c2-467d-a88c-67aac910c539,SAMMS-Cheyenne
202609032054005367,202609031904102901,202609031904101105,85,3108,Bronze INV,br_ReAssessment,TASK_COMPLETE,SUCCESS,INFO,205,205,0,,2026-09-03T19:04:17.619Z,2026-09-03T20:54:05.052Z,6588,2026-09-03T20:54:05.052Z,LV2,Desert Inn,48b34b87-69c2-467d-a88c-67aac910c539,SAMMS-DesertInn
202609032054005368,202609031904102902,202609031904101105,85,3109,Bronze INV,br_ReAssessment,TASK_COMPLETE,SUCCESS,INFO,111,111,0,,2026-09-03T19:04:17.619Z,2026-09-03T20:54:05.052Z,6588,2026-09-03T20:54:05.052Z,LV3,McDaniel,48b34b87-69c2-467d-a88c-67aac910c539,SAMMS-McDaniel
202609032054005369,202609031904102903,202609031904101105,85,3112,Bronze INV,br_ReAssessment,TASK_COMPLETE,SUCCESS,INFO,363,363,0,,2026-09-03T19:04:17.619Z,2026-09-03T20:54:05.052Z,6588,2026-09-03T20:54:05.052Z,MNRE,Monroe,48b34b87-69c2-467d-a88c-67aac910c539,SAMMS-Monroe
202609032054005370,202609031904102904,202609031904101105,85,3113,Bronze INV,br_ReAssessment,TASK_COMPLETE,SUCCESS,INFO,1436,1436,0,,2026-09-03T19:04:17.619Z,2026-09-03T20:54:05.052Z,6588,2026-09-03T20:54:05.052Z,MP,Mt. Pleasant,48b34b87-69c2-467d-a88c-67aac910c539,SAMMS-MtPleasant
202609032054005371,202609031904102905,202609031904101105,85,3114,Bronze INV,br_ReAssessment,TASK_COMPLETE,SUCCESS,INFO,156,156,0,,2026-09-03T19:04:17.619Z,2026-09-03T20:54:05.052Z,6588,2026-09-03T20:54:05.052Z,MRD,Meridian,48b34b87-69c2-467d-a88c-67aac910c539,SAMMS-Meridian
202609032054005373,202609031904102906,202609031904101105,85,3119,Bronze INV,br_ReAssessment,TASK_COMPLETE,SUCCESS,INFO,698,698,0,,2026-09-03T19:04:17.619Z,2026-09-03T20:54:05.052Z,6588,2026-09-03T20:54:05.052Z,NC,North Charleston,48b34b87-69c2-467d-a88c-67aac910c539,SAMMS-NorthCharleston
202609032054005374,202609031904102907,202609031904101105,85,3120,Bronze INV,br_ReAssessment,TASK_COMPLETE,SUCCESS,INFO,0,0,0,,2026-09-03T19:04:17.619Z,2026-09-03T20:54:05.052Z,6588,2026-09-03T20:54:05.052Z,NLR,N. Little Rock,48b34b87-69c2-467d-a88c-67aac910c539,SAMMS-NLROBOT
202609032054005375,202609031904102908,202609031904101105,85,3121,Bronze INV,br_ReAssessment,TASK_COMPLETE,SUCCESS,INFO,115,115,0,,2026-09-03T19:04:17.619Z,2026-09-03T20:54:05.052Z,6588,2026-09-03T20:54:05.052Z,PH,Phoenix,48b34b87-69c2-467d-a88c-67aac910c539,SAMMS-Phoenix
202609032054005376,202609031904102909,202609031904101105,85,3125,Bronze INV,br_ReAssessment,TASK_COMPLETE,SUCCESS,INFO,219,219,0,,2026-09-03T19:04:17.619Z,2026-09-03T20:54:05.052Z,6588,2026-09-03T20:54:05.052Z,RE,Reno,48b34b87-69c2-467d-a88c-67aac910c539,SAMMS-Reno
202609032054005377,202609031904102910,202609031904101105,85,3126,Bronze INV,br_ReAssessment,TASK_COMPLETE,SUCCESS,INFO,89,89,0,,2026-09-03T19:04:17.619Z,2026-09-03T20:54:05.052Z,6588,2026-09-03T20:54:05.052Z,RMD,Richmond,48b34b87-69c2-467d-a88c-67aac910c539,SAMMS-Richmond
202609032054005378,202609031904102911,202609031904101105,85,3127,Bronze INV,br_ReAssessment,TASK_COMPLETE,SUCCESS,INFO,595,595,0,,2026-09-03T19:04:17.619Z,2026-09-03T20:54:05.052Z,6588,2026-09-03T20:54:05.052Z,SFN,Springfield North,48b34b87-69c2-467d-a88c-67aac910c539,SAMMS-SFNv5
202609032054005379,202609031904102912,202609031904101105,85,3128,Bronze INV,br_ReAssessment,TASK_COMPLETE,SUCCESS,INFO,789,789,0,,2026-09-03T19:04:17.619Z,2026-09-03T20:54:05.052Z,6588,2026-09-03T20:54:05.052Z,SHP,Shreveport,48b34b87-69c2-467d-a88c-67aac910c539,SAMMS-Shreveport
202609032054005381,202609031904102913,202609031904101105,85,3130,Bronze INV,br_ReAssessment,TASK_COMPLETE,SUCCESS,INFO,488,488,0,,2026-09-03T19:04:17.619Z,2026-09-03T20:54:05.052Z,6588,2026-09-03T20:54:05.052Z,STN,Staunton,48b34b87-69c2-467d-a88c-67aac910c539,SAMMS-Staunton
202609032054005382,202609031904102914,202609031904101105,85,3131,Bronze INV,br_ReAssessment,TASK_COMPLETE,SUCCESS,INFO,227,227,0,,2026-09-03T19:04:17.619Z,2026-09-03T20:54:05.052Z,6588,2026-09-03T20:54:05.052Z,STVN,Stevenson,48b34b87-69c2-467d-a88c-67aac910c539,SAMMS-Stevenson
202609032054005383,202609031904102915,202609031904101105,85,3133,Bronze INV,br_ReAssessment,TASK_COMPLETE,SUCCESS,INFO,178,178,0,,2026-09-03T19:04:17.619Z,2026-09-03T20:54:05.052Z,6588,2026-09-03T20:54:05.052Z,TE,Tempe,48b34b87-69c2-467d-a88c-67aac910c539,SAMMS-Tempe
202609032054005384,202609031904102916,202609031904101105,85,3134,Bronze INV,br_ReAssessment,TASK_COMPLETE,SUCCESS,INFO,0,0,0,,2026-09-03T19:04:17.619Z,2026-09-03T20:54:05.052Z,6588,2026-09-03T20:54:05.052Z,TEX,Texarkana,48b34b87-69c2-467d-a88c-67aac910c539,SAMMS-Texarkana
202609032054005385,202609031904102917,202609031904101105,85,3135,Bronze INV,br_ReAssessment,TASK_COMPLETE,SUCCESS,INFO,1105,1105,0,,2026-09-03T19:04:17.619Z,2026-09-03T20:54:05.052Z,6588,2026-09-03T20:54:05.052Z,TTCA,Bessemer,48b34b87-69c2-467d-a88c-67aac910c539,SAMMS-BessemerV5
202609032054005386,202609031904102918,202609031904101105,85,3136,Bronze INV,br_ReAssessment,TASK_COMPLETE,SUCCESS,INFO,1326,1326,0,,2026-09-03T19:04:17.619Z,2026-09-03T20:54:05.052Z,6588,2026-09-03T20:54:05.052Z,TTCB,Cullman,48b34b87-69c2-467d-a88c-67aac910c539,SAMMS-CullmanV5
202609032054005387,202609031904102919,202609031904101105,85,3137,Bronze INV,br_ReAssessment,TASK_COMPLETE,SUCCESS,INFO,985,985,0,,2026-09-03T19:04:17.619Z,2026-09-03T20:54:05.052Z,6588,2026-09-03T20:54:05.052Z,TTCC,Grand Bay,48b34b87-69c2-467d-a88c-67aac910c539,SAMMS-GrandBay
202609032054005388,202609031904102920,202609031904101105,85,3138,Bronze INV,br_ReAssessment,TASK_COMPLETE,SUCCESS,INFO,17,17,0,,2026-09-03T19:04:17.619Z,2026-09-03T20:54:05.052Z,6588,2026-09-03T20:54:05.052Z,TU,Tucson,48b34b87-69c2-467d-a88c-67aac910c539,SAMMS-Tucson
202609032054005390,202609031904102921,202609031904101105,85,3140,Bronze INV,br_ReAssessment,TASK_COMPLETE,SUCCESS,INFO,663,663,0,,2026-09-03T19:04:17.619Z,2026-09-03T20:54:05.052Z,6588,2026-09-03T20:54:05.052Z,V1,Memphis South,48b34b87-69c2-467d-a88c-67aac910c539,SAMMS-VCPHCS-I-MemphisV5
202609032054005391,202609031904102922,202609031904101105,85,3141,Bronze INV,br_ReAssessment,TASK_COMPLETE,SUCCESS,INFO,1641,1641,0,,2026-09-03T19:04:17.619Z,2026-09-03T20:54:05.052Z,6588,2026-09-03T20:54:05.052Z,V10,Longmont,48b34b87-69c2-467d-a88c-67aac910c539,SAMMS-BoulderV5
202609032054005392,202609031904102923,202609031904101105,85,3142,Bronze INV,br_ReAssessment,TASK_COMPLETE,SUCCESS,INFO,1527,1527,0,,2026-09-03T19:04:17.619Z,2026-09-03T20:54:05.052Z,6588,2026-09-03T20:54:05.052Z,V10A,Fort Collins,48b34b87-69c2-467d-a88c-67aac910c539,SAMMS-FortCollinsV5
202609032054005393,202609031904102924,202609031904101105,85,3143,Bronze INV,br_ReAssessment,TASK_COMPLETE,SUCCESS,INFO,2896,2896,0,,2026-09-03T19:04:17.619Z,2026-09-03T20:54:05.052Z,6588,2026-09-03T20:54:05.052Z,V11,Westminster,48b34b87-69c2-467d-a88c-67aac910c539,SAMMS-VCPHCS-XI-NorthDenverV5
202609032054005394,202609031904102925,202609031904101105,85,3144,Bronze INV,br_ReAssessment,TASK_COMPLETE,SUCCESS,INFO,3076,3076,0,,2026-09-03T19:04:17.619Z,2026-09-03T20:54:05.052Z,6588,2026-09-03T20:54:05.052Z,V12,Downtown Denver,48b34b87-69c2-467d-a88c-67aac910c539,SAMMS-VCPHCS-XII-DowntownDenverV5
202609032054005395,202609031904102926,202609031904101105,85,3145,Bronze INV,br_ReAssessment,TASK_COMPLETE,SUCCESS,INFO,1150,1150,0,,2026-09-03T19:04:17.619Z,2026-09-03T20:54:05.052Z,6588,2026-09-03T20:54:05.052Z,V12A,Centennial,48b34b87-69c2-467d-a88c-67aac910c539,SAMMS-CentennialV5
202609032054005397,202609031904102927,202609031904101105,85,3146,Bronze INV,br_ReAssessment,TASK_COMPLETE,SUCCESS,INFO,299,299,0,,2026-09-03T19:04:17.619Z,2026-09-03T20:54:05.052Z,6588,2026-09-03T20:54:05.052Z,V14,Overland Park,48b34b87-69c2-467d-a88c-67aac910c539,SAMMS-VCPHCS-XIV-BridgewayV5
202609032054005398,202609031904102928,202609031904101105,85,3147,Bronze INV,br_ReAssessment,TASK_COMPLETE,SUCCESS,INFO,609,609,0,,2026-09-03T19:04:17.619Z,2026-09-03T20:54:05.052Z,6588,2026-09-03T20:54:05.052Z,V15,Joplin,48b34b87-69c2-467d-a88c-67aac910c539,SAMMS-JoplinV5
202609032054005399,202609031904102929,202609031904101105,85,3149,Bronze INV,br_ReAssessment,TASK_COMPLETE,SUCCESS,INFO,918,918,0,,2026-09-03T19:04:17.619Z,2026-09-03T20:54:05.052Z,6588,2026-09-03T20:54:05.052Z,V17,Columbia TN,48b34b87-69c2-467d-a88c-67aac910c539,SAMMS-ColumbiaTNv5
202609032054005400,202609031904102930,202609031904101105,85,3151,Bronze INV,br_ReAssessment,TASK_COMPLETE,SUCCESS,INFO,543,543,0,,2026-09-03T19:04:17.619Z,2026-09-03T20:54:05.052Z,6588,2026-09-03T20:54:05.052Z,V19,Jackson,48b34b87-69c2-467d-a88c-67aac910c539,SAMMS-JacksonV5
202609032054005401,202609031904102931,202609031904101105,85,3153,Bronze INV,br_ReAssessment,TASK_COMPLETE,SUCCESS,INFO,1778,1778,0,,2026-09-03T19:04:17.619Z,2026-09-03T20:54:05.052Z,6588,2026-09-03T20:54:05.052Z,V20,Paris,48b34b87-69c2-467d-a88c-67aac910c539,SAMMS-ParisV5
202609032054005402,202609031904102932,202609031904101105,85,3154,Bronze INV,br_ReAssessment,TASK_COMPLETE,SUCCESS,INFO,732,732,0,,2026-09-03T19:04:17.619Z,2026-09-03T20:54:05.052Z,6588,2026-09-03T20:54:05.052Z,V21,Memphis North,48b34b87-69c2-467d-a88c-67aac910c539,SAMMS-RaleighV5
202609032054005403,202609031904102933,202609031904101105,85,3157,Bronze INV,br_ReAssessment,TASK_COMPLETE,SUCCESS,INFO,1821,1821,0,,2026-09-03T19:04:17.619Z,2026-09-03T20:54:05.052Z,6588,2026-09-03T20:54:05.052Z,V5,West Bank,48b34b87-69c2-467d-a88c-67aac910c539,SAMMS-NONTCv5
202609032054005405,202609031904102934,202609031904101105,85,3159,Bronze INV,br_ReAssessment,TASK_COMPLETE,SUCCESS,INFO,150,150,0,,2026-09-03T19:04:17.619Z,2026-09-03T20:54:05.052Z,6588,2026-09-03T20:54:05.052Z,V5B,Houma,48b34b87-69c2-467d-a88c-67aac910c539,SAMMS-HoumaV6
202609032054005406,202609031904102935,202609031904101105,85,3160,Bronze INV,br_ReAssessment,TASK_COMPLETE,SUCCESS,INFO,1930,1930,0,,2026-09-03T19:04:17.619Z,2026-09-03T20:54:05.052Z,6588,2026-09-03T20:54:05.052Z,V6,Lake Charles,48b34b87-69c2-467d-a88c-67aac910c539,SAMMS-LCv5
202609032054005407,202609031904102936,202609031904101105,85,3162,Bronze INV,br_ReAssessment,TASK_COMPLETE,SUCCESS,INFO,748,748,0,,2026-09-03T19:04:17.619Z,2026-09-03T20:54:05.052Z,6588,2026-09-03T20:54:05.052Z,V8,Memphis Midtown,48b34b87-69c2-467d-a88c-67aac910c539,SAMMS-VCPHCS-VIII-MemphisV5
202609032054005408,202609031904102937,202609031904101105,85,3163,Bronze INV,br_ReAssessment,TASK_COMPLETE,SUCCESS,INFO,1785,1785,0,,2026-09-03T19:04:17.619Z,2026-09-03T20:54:05.052Z,6588,2026-09-03T20:54:05.052Z,V9,Nashville,48b34b87-69c2-467d-a88c-67aac910c539,SAMMS-NashvilleV5
202609032054005409,202609031904102938,202609031904101105,85,3164,Bronze INV,br_ReAssessment,TASK_COMPLETE,SUCCESS,INFO,854,854,0,,2026-09-03T19:04:17.619Z,2026-09-03T20:54:05.052Z,6588,2026-09-03T20:54:05.052Z,VBRA,Brainerd,48b34b87-69c2-467d-a88c-67aac910c539,SAMMS-BrainerdV6
202609032054005410,202609031904102939,202609031904101105,85,3165,Bronze INV,br_ReAssessment,TASK_COMPLETE,SUCCESS,INFO,1986,1986,0,,2026-09-03T19:04:17.619Z,2026-09-03T20:54:05.052Z,6588,2026-09-03T20:54:05.052Z,VBRP,Brooklyn Park,48b34b87-69c2-467d-a88c-67aac910c539,SAMMS-BrooklynParkV6
202609032054005411,202609031904102940,202609031904101105,85,3167,Bronze INV,br_ReAssessment,TASK_COMPLETE,SUCCESS,INFO,764,764,0,,2026-09-03T19:04:17.619Z,2026-09-03T20:54:05.052Z,6588,2026-09-03T20:54:05.052Z,VMIN,Minneapolis,48b34b87-69c2-467d-a88c-67aac910c539,SAMMS-MinneapolisV6
202609032054005413,202609031904102941,202609031904101105,85,3168,Bronze INV,br_ReAssessment,TASK_COMPLETE,SUCCESS,INFO,921,921,0,,2026-09-03T19:04:17.619Z,2026-09-03T20:54:05.052Z,6588,2026-09-03T20:54:05.052Z,VWBY,Woodbury,48b34b87-69c2-467d-a88c-67aac910c539,SAMMS-WoodburyV6
202609031231424799,202609031231424798,20260903123136,129,13684,Azure Sql Python Silver - 3P Balances,sl_tbl_Third_Party_AR_inDB_Balances,TASK_FAILED,FAILED,ERROR,0,0,1,"Configured SourceTable not found in lakehouse for Azure Sql Python Silver - 3P Balances (TaskConfigId 13684): ayx.tbl_Third_Party_AR_inDB (tried: bhg_silver.ayx.tbl_Third_Party_AR_inDB, ayx.tbl_Third_Party_AR_inDB, bhg_silver.ayx.sl_tbl_Third_Party_AR_inDB, ayx.sl_tbl_Third_Party_AR_inDB); ctrl.tbl_Locations (tried: bhg_silver.ctrl.tbl_Locations, ctrl.tbl_Locations, bhg_silver.ctrl.sl_tbl_Locations, ctrl.sl_tbl_Locations); ctrl.tbl_Payor_FeeType (tried: bhg_silver.ctrl.tbl_Payor_FeeType, ctrl.tbl_Payor_FeeType, bhg_silver.ctrl.sl_tbl_Payor_FeeType, ctrl.sl_tbl_Payor_FeeType)",2026-09-03T12:31:42.479Z,2026-09-03T12:32:16.078Z,33,2026-09-03T12:32:16.078Z,,,e70805c1-331e-4300-8cc0-5c68ea96b08e,
202609031314194119,202609031314194118,20260903131413,129,13684,Azure Sql Python Silver - 3P Balances,sl_tbl_Third_Party_AR_inDB_Balances,TASK_FAILED,FAILED,ERROR,0,0,1,"Configured SourceTable not found in lakehouse for Azure Sql Python Silver - 3P Balances (TaskConfigId 13684): ayx.tbl_Third_Party_AR_inDB (tried: bhg_silver.ayx.tbl_Third_Party_AR_inDB, ayx.tbl_Third_Party_AR_inDB, bhg_silver.ayx.sl_tbl_Third_Party_AR_inDB, ayx.sl_tbl_Third_Party_AR_inDB); ctrl.tbl_Locations (tried: bhg_silver.ctrl.tbl_Locations, ctrl.tbl_Locations, bhg_silver.ctrl.sl_tbl_Locations, ctrl.sl_tbl_Locations); ctrl.tbl_Payor_FeeType (tried: bhg_silver.ctrl.tbl_Payor_FeeType, ctrl.tbl_Payor_FeeType, bhg_silver.ctrl.sl_tbl_Payor_FeeType, ctrl.sl_tbl_Payor_FeeType)",2026-09-03T13:14:19.411Z,2026-09-03T13:15:07.339Z,47,2026-09-03T13:15:07.339Z,,,349e7694-2105-4645-b2e6-35027dff3a22,
202609032054003440,202609031904101242,202609031904101105,85,1908,Bronze INV,br_Bottle,TASK_COMPLETE,SUCCESS,INFO,2865,2865,0,,2026-09-03T19:04:17.619Z,2026-09-03T20:54:05.052Z,6588,2026-09-03T20:54:05.052Z,B42B,Franklin,48b34b87-69c2-467d-a88c-67aac910c539,SAMMS-FranklinV5
202609032054003441,202609031904101243,202609031904101105,85,1909,Bronze INV,br_Bottle,TASK_COMPLETE,SUCCESS,INFO,9628,9628,0,,2026-09-03T19:04:17.619Z,2026-09-03T20:54:05.052Z,6588,2026-09-03T20:54:05.052Z,B42C,Glen Allen,48b34b87-69c2-467d-a88c-67aac910c539,SAMMS-GlenAllenV5
202609032054003442,202609031904101244,202609031904101105,85,1910,Bronze INV,br_Bottle,TASK_COMPLETE,SUCCESS,INFO,7750,7750,0,,2026-09-03T19:04:17.619Z,2026-09-03T20:54:05.052Z,6588,2026-09-03T20:54:05.052Z,B42D,Chesapeake South,48b34b87-69c2-467d-a88c-67aac910c539,SAMMS-ChesapeakeSouthV5
202609032054003444,202609031904101245,202609031904101105,85,1911,Bronze INV,br_Bottle,TASK_COMPLETE,SUCCESS,INFO,11314,11314,0,,2026-09-03T19:04:17.619Z,2026-09-03T20:54:05.052Z,6588,2026-09-03T20:54:05.052Z,B44,Albany,48b34b87-69c2-467d-a88c-67aac910c539,SAMMS-AlbanyV5
202609032054003445,202609031904101246,202609031904101105,85,1912,Bronze INV,br_Bottle,TASK_COMPLETE,SUCCESS,INFO,14696,14696,0,,2026-09-03T19:04:17.619Z,2026-09-03T20:54:05.052Z,6588,2026-09-03T20:54:05.052Z,B45,Tifton,48b34b87-69c2-467d-a88c-67aac910c539,SAMMS-TiftonV5
202609032054003446,202609031904101247,202609031904101105,85,1913,Bronze INV,br_Bottle,TASK_COMPLETE,SUCCESS,INFO,8475,8475,0,,2026-09-03T19:04:17.619Z,2026-09-03T20:54:05.052Z,6588,2026-09-03T20:54:05.052Z,B46,Washington DC,48b34b87-69c2-467d-a88c-67aac910c539,SAMMS-WashingtonDCv5
202609032054003447,202609031904101248,202609031904101105,85,1914,Bronze INV,br_Bottle,TASK_COMPLETE,SUCCESS,INFO,11152,11152,0,,2026-09-03T19:04:17.619Z,2026-09-03T20:54:05.052Z,6588,2026-09-03T20:54:05.052Z,B47,Mobile,48b34b87-69c2-467d-a88c-67aac910c539,SAMMS-MobileV5
202609032054003448,202609031904101249,202609031904101105,85,1915,Bronze INV,br_Bottle,TASK_COMPLETE,SUCCESS,INFO,32253,32253,0,,2026-09-03T19:04:17.619Z,2026-09-03T20:54:05.052Z,6588,2026-09-03T20:54:05.052Z,B48,Tuscaloosa,48b34b87-69c2-467d-a88c-67aac910c539,SAMMS-TuscaloosaV5
202609032054003449,202609031904101250,202609031904101105,85,1924,Bronze INV,br_Bottle,TASK_COMPLETE,SUCCESS,INFO,2335,2335,0,,2026-09-03T19:04:17.619Z,2026-09-03T20:54:05.052Z,6588,2026-09-03T20:54:05.052Z,B51,N. Little Rock (OTP),48b34b87-69c2-467d-a88c-67aac910c539,SAMMS-NorthLittleRockV6
202609032054003450,202609031904101251,202609031904101105,85,1925,Bronze INV,br_Bottle,TASK_COMPLETE,SUCCESS,INFO,9415,9415,0,,2026-09-03T19:04:17.619Z,2026-09-03T20:54:05.052Z,6588,2026-09-03T20:54:05.052Z,B52,Jackson GA,48b34b87-69c2-467d-a88c-67aac910c539,SAMMS-JacksonGAV5
202609032054003451,202609031904101252,202609031904101105,85,1926,Bronze INV,br_Bottle,TASK_COMPLETE,SUCCESS,INFO,23474,23474,0,,2026-09-03T19:04:17.619Z,2026-09-03T20:54:05.052Z,6588,2026-09-03T20:54:05.052Z,B54,Gadsden,48b34b87-69c2-467d-a88c-67aac910c539,SAMMS-GadsdenV5
202609032054003453,202609031904101253,202609031904101105,85,1927,Bronze INV,br_Bottle,TASK_COMPLETE,SUCCESS,INFO,23849,23849,0,,2026-09-03T19:04:17.619Z,2026-09-03T20:54:05.052Z,6588,2026-09-03T20:54:05.052Z,B55,Shoals,48b34b87-69c2-467d-a88c-67aac910c539,SAMMS-ShoalsV5
202609032054003454,202609031904101254,202609031904101105,85,1928,Bronze INV,br_Bottle,TASK_COMPLETE,SUCCESS,INFO,2875,2875,0,,2026-09-03T19:04:17.619Z,2026-09-03T20:54:05.052Z,6588,2026-09-03T20:54:05.052Z,B57,Pawtucket,48b34b87-69c2-467d-a88c-67aac910c539,SAMMS-Pawtucket
202609032054003455,202609031904101255,202609031904101105,85,1929,Bronze INV,br_Bottle,TASK_COMPLETE,SUCCESS,INFO,2993,2993,0,,2026-09-03T19:04:17.619Z,2026-09-03T20:54:05.052Z,6588,2026-09-03T20:54:05.052Z,B57A,Johnston,48b34b87-69c2-467d-a88c-67aac910c539,SAMMS-Johnston
202609032054003456,202609031904101256,202609031904101105,85,1930,Bronze INV,br_Bottle,TASK_COMPLETE,SUCCESS,INFO,760,760,0,,2026-09-03T19:04:17.619Z,2026-09-03T20:54:05.052Z,6588,2026-09-03T20:54:05.052Z,B57B,Middletown,48b34b87-69c2-467d-a88c-67aac910c539,SAMMS-Middletown
202609032054003457,202609031904101257,202609031904101105,85,1931,Bronze INV,br_Bottle,TASK_COMPLETE,SUCCESS,INFO,1559,1559,0,,2026-09-03T19:04:17.619Z,2026-09-03T20:54:05.052Z,6588,2026-09-03T20:54:05.052Z,B57C,Providence,48b34b87-69c2-467d-a88c-67aac910c539,SAMMS-Providence
202609032054003458,202609031904101258,202609031904101105,85,1932,Bronze INV,br_Bottle,TASK_COMPLETE,SUCCESS,INFO,2592,2592,0,,2026-09-03T19:04:17.619Z,2026-09-03T20:54:05.052Z,6588,2026-09-03T20:54:05.052Z,B57D,Westerly,48b34b87-69c2-467d-a88c-67aac910c539,SAMMS-Westerly
202609032054003459,202609031904101259,202609031904101105,85,1936,Bronze INV,br_Bottle,TASK_COMPLETE,SUCCESS,INFO,0,0,0,,2026-09-03T19:04:17.619Z,2026-09-03T20:54:05.052Z,6588,2026-09-03T20:54:05.052Z,B66A,Bremen,48b34b87-69c2-467d-a88c-67aac910c539,SAMMS-Bremen
202609032054003461,202609031904101260,202609031904101105,85,1939,Bronze INV,br_Bottle,TASK_COMPLETE,SUCCESS,INFO,0,0,0,,2026-09-03T19:04:17.619Z,2026-09-03T20:54:05.052Z,6588,2026-09-03T20:54:05.052Z,B72,Mobile (OBOT),48b34b87-69c2-467d-a88c-67aac910c539,SAMMS-Mobile-OBOT
202609032054003462,202609031904101261,202609031904101105,85,1940,Bronze INV,br_Bottle,TASK_COMPLETE,SUCCESS,INFO,0,0,0,,2026-09-03T19:04:17.619Z,2026-09-03T20:54:05.052Z,6588,2026-09-03T20:54:05.052Z,B73,Montgomery,48b34b87-69c2-467d-a88c-67aac910c539,SAMMS-Montgomery
202609032054003463,202609031904101262,202609031904101105,85,1941,Bronze INV,br_Bottle,TASK_COMPLETE,SUCCESS,INFO,2258,2258,0,,2026-09-03T19:04:17.619Z,2026-09-03T20:54:05.052Z,6588,2026-09-03T20:54:05.052Z,B75,Lawrence,48b34b87-69c2-467d-a88c-67aac910c539,SAMMS-LawrenceV6
202609032054003464,202609031904101263,202609031904101105,85,1942,Bronze INV,br_Bottle,TASK_COMPLETE,SUCCESS,INFO,0,0,0,,2026-09-03T19:04:17.619Z,2026-09-03T20:54:05.052Z,6588,2026-09-03T20:54:05.052Z,B76,Huntsville OBOT,48b34b87-69c2-467d-a88c-67aac910c539,SAMMS-Huntsville-OBOT
202609032054003465,202609031904101264,202609031904101105,85,1943,Bronze INV,br_Bottle,TASK_COMPLETE,SUCCESS,INFO,0,0,0,,2026-09-03T19:04:17.619Z,2026-09-03T20:54:05.052Z,6588,2026-09-03T20:54:05.052Z,BAT,Batesville,48b34b87-69c2-467d-a88c-67aac910c539,SAMMS-Batesville
202609032054003466,202609031904101265,202609031904101105,85,1944,Bronze INV,br_Bottle,TASK_COMPLETE,SUCCESS,INFO,4255,4255,0,,2026-09-03T19:04:17.619Z,2026-09-03T20:54:05.052Z,6588,2026-09-03T20:54:05.052Z,BG,Bowling Green,48b34b87-69c2-467d-a88c-67aac910c539,SAMMS-BowlingGreen
202609032054003467,202609031904101266,202609031904101105,85,1945,Bronze INV,br_Bottle,TASK_COMPLETE,SUCCESS,INFO,2130,2130,0,,2026-09-03T19:04:17.619Z,2026-09-03T20:54:05.052Z,6588,2026-09-03T20:54:05.052Z,BOI,Boise,48b34b87-69c2-467d-a88c-67aac910c539,SAMMS-Boise
202609032054003469,202609031904101267,202609031904101105,85,1952,Bronze INV,br_Bottle,TASK_COMPLETE,SUCCESS,INFO,1137,1137,0,,2026-09-03T19:04:17.619Z,2026-09-03T20:54:05.052Z,6588,2026-09-03T20:54:05.052Z,CBCO,Coeur dAlene,48b34b87-69c2-467d-a88c-67aac910c539,SAMMS-CoeurdAleneV6
202609032054003470,202609031904101268,202609031904101105,85,1971,Bronze INV,br_Bottle,TASK_COMPLETE,SUCCESS,INFO,0,0,0,,2026-09-03T19:04:17.619Z,2026-09-03T20:54:05.052Z,6588,2026-09-03T20:54:05.052Z,CON,Conway,48b34b87-69c2-467d-a88c-67aac910c539,SAMMS-Conway
202609032054003471,202609031904101269,202609031904101105,85,1972,Bronze INV,br_Bottle,TASK_COMPLETE,SUCCESS,INFO,0,0,0,,2026-09-03T19:04:17.619Z,2026-09-03T20:54:05.052Z,6588,2026-09-03T20:54:05.052Z,D07,Medical Services Knox TN,48b34b87-69c2-467d-a88c-67aac910c539,SAMMS-KnoxvilleV6
202609032054003472,202609031904101270,202609031904101105,85,1973,Bronze INV,br_Bottle,TASK_COMPLETE,SUCCESS,INFO,5134,5134,0,,2026-09-03T19:04:17.619Z,2026-09-03T20:54:05.052Z,6588,2026-09-03T20:54:05.052Z,D08,Madison,48b34b87-69c2-467d-a88c-67aac910c539,SAMMS-MadisonV6
202609032054003473,202609031904101271,202609031904101105,85,1975,Bronze INV,br_Bottle,TASK_COMPLETE,SUCCESS,INFO,7037,7037,0,,2026-09-03T19:04:17.619Z,2026-09-03T20:54:05.052Z,6588,2026-09-03T20:54:05.052Z,D09,Murfreesboro,48b34b87-69c2-467d-a88c-67aac910c539,SAMMS-MurfreesboroV6
202609032054003474,202609031904101272,202609031904101105,85,1976,Bronze INV,br_Bottle,TASK_COMPLETE,SUCCESS,INFO,2227,2227,0,,2026-09-03T19:04:17.619Z,2026-09-03T20:54:05.052Z,6588,2026-09-03T20:54:05.052Z,DA,Davenport,48b34b87-69c2-467d-a88c-67aac910c539,SAMMS-Davenport
202609032054003475,202609031904101273,202609031904101105,85,1977,Bronze INV,br_Bottle,TASK_COMPLETE,SUCCESS,INFO,1733,1733,0,,2026-09-03T19:04:17.619Z,2026-09-03T20:54:05.052Z,6588,2026-09-03T20:54:05.052Z,DM,Des Moines,48b34b87-69c2-467d-a88c-67aac910c539,SAMMS-DesMoines
202609032054003477,202609031904101274,202609031904101105,85,1979,Bronze INV,br_Bottle,TASK_COMPLETE,SUCCESS,INFO,25696,25696,0,,2026-09-03T19:04:17.619Z,2026-09-03T20:54:05.052Z,6588,2026-09-03T20:54:05.052Z,DRD-CO,Columbia MO,48b34b87-69c2-467d-a88c-67aac910c539,SAMMS-ColumbiaV5
202609032054003478,202609031904101275,202609031904101105,85,1980,Bronze INV,br_Bottle,TASK_COMPLETE,SUCCESS,INFO,24859,24859,0,,2026-09-03T19:04:17.619Z,2026-09-03T20:54:05.052Z,6588,2026-09-03T20:54:05.052Z,DRD-KC,KC,48b34b87-69c2-467d-a88c-67aac910c539,SAMMS-KCv5
202609032054003479,202609031904101276,202609031904101105,85,1981,Bronze INV,br_Bottle,TASK_COMPLETE,SUCCESS,INFO,114755,114755,0,,2026-09-03T19:04:17.619Z,2026-09-03T20:54:05.052Z,6588,2026-09-03T20:54:05.052Z,DRD-KVB,KVB,48b34b87-69c2-467d-a88c-67aac910c539,SAMMS-KVBv5
202609032054003480,202609031904101277,202609031904101105,85,1982,Bronze INV,br_Bottle,TASK_COMPLETE,SUCCESS,INFO,112922,112922,0,,2026-09-03T19:04:17.619Z,2026-09-03T20:54:05.052Z,6588,2026-09-03T20:54:05.052Z,DRD-KVC,KVC,48b34b87-69c2-467d-a88c-67aac910c539,SAMMS-KVCv5
202609032054003481,202609031904101278,202609031904101105,85,1983,Bronze INV,br_Bottle,TASK_COMPLETE,SUCCESS,INFO,82086,82086,0,,2026-09-03T19:04:17.619Z,2026-09-03T20:54:05.052Z,6588,2026-09-03T20:54:05.052Z,DRD-NOLA,NOLA,48b34b87-69c2-467d-a88c-67aac910c539,SAMMS-NOLAv5
202609032054003482,202609031904101279,202609031904101105,85,1984,Bronze INV,br_Bottle,TASK_COMPLETE,SUCCESS,INFO,65494,65494,0,,2026-09-03T19:04:17.619Z,2026-09-03T20:54:05.052Z,6588,2026-09-03T20:54:05.052Z,DRD-SF,Springfield,48b34b87-69c2-467d-a88c-67aac910c539,SAMMS-SFv5
202609032054003483,202609031904101280,202609031904101105,85,1986,Bronze INV,br_Bottle,TASK_COMPLETE,SUCCESS,INFO,4231,4231,0,,2026-09-03T19:04:17.619Z,2026-09-03T20:54:05.052Z,6588,2026-09-03T20:54:05.052Z,ELC,Elizabeth City,48b34b87-69c2-467d-a88c-67aac910c539,SAMMS-ElizabethCity
202609032054003485,202609031904101281,202609031904101105,85,1987,Bronze INV,br_Bottle,TASK_COMPLETE,SUCCESS,INFO,3137,3137,0,,2026-09-03T19:04:17.619Z,2026-09-03T20:54:05.052Z,6588,2026-09-03T20:54:05.052Z,ET,Elizabethtown,48b34b87-69c2-467d-a88c-67aac910c539,SAMMS-Elizabethtown
202609032054003486,202609031904101282,202609031904101105,85,1988,Bronze INV,br_Bottle,TASK_COMPLETE,SUCCESS,INFO,0,0,0,,2026-09-03T19:04:17.619Z,2026-09-03T20:54:05.052Z,6588,2026-09-03T20:54:05.052Z,FAY,Fayetteville,48b34b87-69c2-467d-a88c-67aac910c539,SAMMS-Fayetteville
202609032054003487,202609031904101283,202609031904101105,85,1989,Bronze INV,br_Bottle,TASK_COMPLETE,SUCCESS,INFO,3007,3007,0,,2026-09-03T19:04:17.619Z,2026-09-03T20:54:05.052Z,6588,2026-09-03T20:54:05.052Z,FR,Frankfort,48b34b87-69c2-467d-a88c-67aac910c539,SAMMS-Frankfort
202609032054003488,202609031904101284,202609031904101105,85,1990,Bronze INV,br_Bottle,TASK_COMPLETE,SUCCESS,INFO,0,0,0,,2026-09-03T19:04:17.619Z,2026-09-03T20:54:05.052Z,6588,2026-09-03T20:54:05.052Z,FS,Fort Smith,48b34b87-69c2-467d-a88c-67aac910c539,SAMMS-FortSmith
202609032054003489,202609031904101285,202609031904101105,85,1991,Bronze INV,br_Bottle,TASK_COMPLETE,SUCCESS,INFO,6231,6231,0,,2026-09-03T19:04:17.619Z,2026-09-03T20:54:05.052Z,6588,2026-09-03T20:54:05.052Z,FW,Fort Wayne,48b34b87-69c2-467d-a88c-67aac910c539,SAMMS-FortWayne
202609032054003490,202609031904101286,202609031904101105,85,1992,Bronze INV,br_Bottle,TASK_COMPLETE,SUCCESS,INFO,2969,2969,0,,2026-09-03T19:04:17.619Z,2026-09-03T20:54:05.052Z,6588,2026-09-03T20:54:05.052Z,GAL,Gaylord,48b34b87-69c2-467d-a88c-67aac910c539,SAMMS-Gaylord
202609032054003491,202609031904101287,202609031904101105,85,1996,Bronze INV,br_Bottle,TASK_COMPLETE,SUCCESS,INFO,42780,42780,0,,2026-09-03T19:04:17.619Z,2026-09-03T20:54:05.052Z,6588,2026-09-03T20:54:05.052Z,HGT,Hagerstown,48b34b87-69c2-467d-a88c-67aac910c539,SAMMS-Hagerstown
202609032054003492,202609031904101288,202609031904101105,85,1997,Bronze INV,br_Bottle,TASK_COMPLETE,SUCCESS,INFO,8319,8319,0,,2026-09-03T19:04:17.619Z,2026-09-03T20:54:05.052Z,6588,2026-09-03T20:54:05.052Z,HNT,Huntsville,48b34b87-69c2-467d-a88c-67aac910c539,SAMMS-Huntsville
202609032054003494,202609031904101289,202609031904101105,85,1998,Bronze INV,br_Bottle,TASK_COMPLETE,SUCCESS,INFO,0,0,0,,2026-09-03T19:04:17.619Z,2026-09-03T20:54:05.052Z,6588,2026-09-03T20:54:05.052Z,HS,Hot Springs,48b34b87-69c2-467d-a88c-67aac910c539,SAMMS-HotSprings
202609032054003495,202609031904101290,202609031904101105,85,1999,Bronze INV,br_Bottle,TASK_COMPLETE,SUCCESS,INFO,0,0,0,,2026-09-03T19:04:17.619Z,2026-09-03T20:54:05.052Z,6588,2026-09-03T20:54:05.052Z,JON,Jonesboro,48b34b87-69c2-467d-a88c-67aac910c539,SAMMS-Jonesboro
202609032054003496,202609031904101291,202609031904101105,85,2001,Bronze INV,br_Bottle,TASK_COMPLETE,SUCCESS,INFO,2726,2726,0,,2026-09-03T19:04:17.619Z,2026-09-03T20:54:05.052Z,6588,2026-09-03T20:54:05.052Z,LAN,Lansing,48b34b87-69c2-467d-a88c-67aac910c539,SAMMS-Lansing
202609032054003497,202609031904101292,202609031904101105,85,2002,Bronze INV,br_Bottle,TASK_COMPLETE,SUCCESS,INFO,7510,7510,0,,2026-09-03T19:04:17.619Z,2026-09-03T20:54:05.052Z,6588,2026-09-03T20:54:05.052Z,LO,Louisville,48b34b87-69c2-467d-a88c-67aac910c539,SAMMS-Louisville
202609032054003498,202609031904101293,202609031904101105,85,2003,Bronze INV,br_Bottle,TASK_COMPLETE,SUCCESS,INFO,2816,2816,0,,2026-09-03T19:04:17.619Z,2026-09-03T20:54:05.052Z,6588,2026-09-03T20:54:05.052Z,LV1,Cheyenne,48b34b87-69c2-467d-a88c-67aac910c539,SAMMS-Cheyenne
202609032054003499,202609031904101294,202609031904101105,85,2004,Bronze INV,br_Bottle,TASK_COMPLETE,SUCCESS,INFO,3098,3098,0,,2026-09-03T19:04:17.619Z,2026-09-03T20:54:05.052Z,6588,2026-09-03T20:54:05.052Z,LV2,Desert Inn,48b34b87-69c2-467d-a88c-67aac910c539,SAMMS-DesertInn
202609032054003500,202609031904101295,202609031904101105,85,2005,Bronze INV,br_Bottle,TASK_COMPLETE,SUCCESS,INFO,1631,1631,0,,2026-09-03T19:04:17.619Z,2026-09-03T20:54:05.052Z,6588,2026-09-03T20:54:05.052Z,LV3,McDaniel,48b34b87-69c2-467d-a88c-67aac910c539,SAMMS-McDaniel
202609032054003502,202609031904101296,202609031904101105,85,2008,Bronze INV,br_Bottle,TASK_COMPLETE,SUCCESS,INFO,2853,2853,0,,2026-09-03T19:04:17.619Z,2026-09-03T20:54:05.052Z,6588,2026-09-03T20:54:05.052Z,MNRE,Monroe,48b34b87-69c2-467d-a88c-67aac910c539,SAMMS-Monroe
202609032054003503,202609031904101297,202609031904101105,85,2009,Bronze INV,br_Bottle,TASK_COMPLETE,SUCCESS,INFO,5224,5224,0,,2026-09-03T19:04:17.619Z,2026-09-03T20:54:05.052Z,6588,2026-09-03T20:54:05.052Z,MP,Mt. Pleasant,48b34b87-69c2-467d-a88c-67aac910c539,SAMMS-MtPleasant
202609032054003504,202609031904101298,202609031904101105,85,2010,Bronze INV,br_Bottle,TASK_COMPLETE,SUCCESS,INFO,1381,1381,0,,2026-09-03T19:04:17.619Z,2026-09-03T20:54:05.052Z,6588,2026-09-03T20:54:05.052Z,MRD,Meridian,48b34b87-69c2-467d-a88c-67aac910c539,SAMMS-Meridian
202609032054003505,202609031904101299,202609031904101105,85,2015,Bronze INV,br_Bottle,TASK_COMPLETE,SUCCESS,INFO,4315,4315,0,,2026-09-03T19:04:17.619Z,2026-09-03T20:54:05.052Z,6588,2026-09-03T20:54:05.052Z,NC,North Charleston,48b34b87-69c2-467d-a88c-67aac910c539,SAMMS-NorthCharleston
202609032054003506,202609031904101300,202609031904101105,85,2016,Bronze INV,br_Bottle,TASK_COMPLETE,SUCCESS,INFO,0,0,0,,2026-09-03T19:04:17.619Z,2026-09-03T20:54:05.052Z,6588,2026-09-03T20:54:05.052Z,NLR,N. Little Rock,48b34b87-69c2-467d-a88c-67aac910c539,SAMMS-NLROBOT
202609032054003507,202609031904101301,202609031904101105,85,2017,Bronze INV,br_Bottle,TASK_COMPLETE,SUCCESS,INFO,619,619,0,,2026-09-03T19:04:17.619Z,2026-09-03T20:54:05.052Z,6588,2026-09-03T20:54:05.052Z,PH,Phoenix,48b34b87-69c2-467d-a88c-67aac910c539,SAMMS-Phoenix
202609032054003508,202609031904101302,202609031904101105,85,2021,Bronze INV,br_Bottle,TASK_COMPLETE,SUCCESS,INFO,2837,2837,0,,2026-09-03T19:04:17.619Z,2026-09-03T20:54:05.052Z,6588,2026-09-03T20:54:05.052Z,RE,Reno,48b34b87-69c2-467d-a88c-67aac910c539,SAMMS-Reno
202609032054003509,202609031904101303,202609031904101105,85,2022,Bronze INV,br_Bottle,TASK_COMPLETE,SUCCESS,INFO,4245,4245,0,,2026-09-03T19:04:17.619Z,2026-09-03T20:54:05.052Z,6588,2026-09-03T20:54:05.052Z,RMD,Richmond,48b34b87-69c2-467d-a88c-67aac910c539,SAMMS-Richmond
202609032054003511,202609031904101304,202609031904101105,85,2023,Bronze INV,br_Bottle,TASK_COMPLETE,SUCCESS,INFO,20197,20197,0,,2026-09-03T19:04:17.619Z,2026-09-03T20:54:05.052Z,6588,2026-09-03T20:54:05.052Z,SFN,Springfield North,48b34b87-69c2-467d-a88c-67aac910c539,SAMMS-SFNv5
202609032054003512,202609031904101305,202609031904101105,85,2024,Bronze INV,br_Bottle,TASK_COMPLETE,SUCCESS,INFO,7765,7765,0,,2026-09-03T19:04:17.619Z,2026-09-03T20:54:05.052Z,6588,2026-09-03T20:54:05.052Z,SHP,Shreveport,48b34b87-69c2-467d-a88c-67aac910c539,SAMMS-Shreveport
202609032054003515,202609031904101306,202609031904101105,85,2026,Bronze INV,br_Bottle,TASK_COMPLETE,SUCCESS,INFO,2611,2611,0,,2026-09-03T19:04:17.619Z,2026-09-03T20:54:05.052Z,6588,2026-09-03T20:54:05.052Z,STN,Staunton,48b34b87-69c2-467d-a88c-67aac910c539,SAMMS-Staunton
202609032054003516,202609031904101307,202609031904101105,85,2027,Bronze INV,br_Bottle,TASK_COMPLETE,SUCCESS,INFO,925,925,0,,2026-09-03T19:04:17.619Z,2026-09-03T20:54:05.052Z,6588,2026-09-03T20:54:05.052Z,STVN,Stevenson,48b34b87-69c2-467d-a88c-67aac910c539,SAMMS-Stevenson
202609032054003517,202609031904101308,202609031904101105,85,2029,Bronze INV,br_Bottle,TASK_COMPLETE,SUCCESS,INFO,712,712,0,,2026-09-03T19:04:17.619Z,2026-09-03T20:54:05.052Z,6588,2026-09-03T20:54:05.052Z,TE,Tempe,48b34b87-69c2-467d-a88c-67aac910c539,SAMMS-Tempe
202609032054003518,202609031904101309,202609031904101105,85,2030,Bronze INV,br_Bottle,TASK_COMPLETE,SUCCESS,INFO,0,0,0,,2026-09-03T19:04:17.619Z,2026-09-03T20:54:05.052Z,6588,2026-09-03T20:54:05.052Z,TEX,Texarkana,48b34b87-69c2-467d-a88c-67aac910c539,SAMMS-Texarkana
202609032054003834,202609031904101582,202609031904101105,85,2274,Bronze INV,br_LabResult,TASK_COMPLETE,SUCCESS,INFO,14383,14383,0,,2026-09-03T19:04:17.619Z,2026-09-03T20:54:05.052Z,6588,2026-09-03T20:54:05.052Z,B42,Virginia Beach,48b34b87-69c2-467d-a88c-67aac910c539,SAMMS-VirginiaBeachV5
202609032054003835,202609031904101583,202609031904101105,85,2275,Bronze INV,br_LabResult,TASK_COMPLETE,SUCCESS,INFO,1422,1422,0,,2026-09-03T19:04:17.619Z,2026-09-03T20:54:05.052Z,6588,2026-09-03T20:54:05.052Z,B42A,Newport News,48b34b87-69c2-467d-a88c-67aac910c539,SAMMS-NewportNewsV5
202609032054003836,202609031904101584,202609031904101105,85,2276,Bronze INV,br_LabResult,TASK_COMPLETE,SUCCESS,INFO,754,754,0,,2026-09-03T19:04:17.619Z,2026-09-03T20:54:05.052Z,6588,2026-09-03T20:54:05.052Z,B42B,Franklin,48b34b87-69c2-467d-a88c-67aac910c539,SAMMS-FranklinV5
202609032054003837,202609031904101585,202609031904101105,85,2277,Bronze INV,br_LabResult,TASK_COMPLETE,SUCCESS,INFO,1487,1487,0,,2026-09-03T19:04:17.619Z,2026-09-03T20:54:05.052Z,6588,2026-09-03T20:54:05.052Z,B42C,Glen Allen,48b34b87-69c2-467d-a88c-67aac910c539,SAMMS-GlenAllenV5
202609032054003838,202609031904101586,202609031904101105,85,2278,Bronze INV,br_LabResult,TASK_COMPLETE,SUCCESS,INFO,1335,1335,0,,2026-09-03T19:04:17.619Z,2026-09-03T20:54:05.052Z,6588,2026-09-03T20:54:05.052Z,B42D,Chesapeake South,48b34b87-69c2-467d-a88c-67aac910c539,SAMMS-ChesapeakeSouthV5
202609032054003840,202609031904101587,202609031904101105,85,2279,Bronze INV,br_LabResult,TASK_COMPLETE,SUCCESS,INFO,2944,2944,0,,2026-09-03T19:04:17.619Z,2026-09-03T20:54:05.052Z,6588,2026-09-03T20:54:05.052Z,B44,Albany,48b34b87-69c2-467d-a88c-67aac910c539,SAMMS-AlbanyV5
202609032054003841,202609031904101588,202609031904101105,85,2280,Bronze INV,br_LabResult,TASK_COMPLETE,SUCCESS,INFO,2433,2433,0,,2026-09-03T19:04:17.619Z,2026-09-03T20:54:05.052Z,6588,2026-09-03T20:54:05.052Z,B45,Tifton,48b34b87-69c2-467d-a88c-67aac910c539,SAMMS-TiftonV5
202609032054003842,202609031904101589,202609031904101105,85,2281,Bronze INV,br_LabResult,TASK_COMPLETE,SUCCESS,INFO,630,630,0,,2026-09-03T19:04:17.619Z,2026-09-03T20:54:05.052Z,6588,2026-09-03T20:54:05.052Z,B46,Washington DC,48b34b87-69c2-467d-a88c-67aac910c539,SAMMS-WashingtonDCv5
202609032054003843,202609031904101590,202609031904101105,85,2282,Bronze INV,br_LabResult,TASK_COMPLETE,SUCCESS,INFO,334,334,0,,2026-09-03T19:04:17.619Z,2026-09-03T20:54:05.052Z,6588,2026-09-03T20:54:05.052Z,B47,Mobile,48b34b87-69c2-467d-a88c-67aac910c539,SAMMS-MobileV5
202609032054003844,202609031904101591,202609031904101105,85,2283,Bronze INV,br_LabResult,TASK_COMPLETE,SUCCESS,INFO,3374,3374,0,,2026-09-03T19:04:17.619Z,2026-09-03T20:54:05.052Z,6588,2026-09-03T20:54:05.052Z,B48,Tuscaloosa,48b34b87-69c2-467d-a88c-67aac910c539,SAMMS-TuscaloosaV5
202609032054003845,202609031904101592,202609031904101105,85,2292,Bronze INV,br_LabResult,TASK_COMPLETE,SUCCESS,INFO,5,5,0,,2026-09-03T19:04:17.619Z,2026-09-03T20:54:05.052Z,6588,2026-09-03T20:54:05.052Z,B51,N. Little Rock (OTP),48b34b87-69c2-467d-a88c-67aac910c539,SAMMS-NorthLittleRockV6
202609032054003846,202609031904101593,202609031904101105,85,2293,Bronze INV,br_LabResult,TASK_COMPLETE,SUCCESS,INFO,259,259,0,,2026-09-03T19:04:17.619Z,2026-09-03T20:54:05.052Z,6588,2026-09-03T20:54:05.052Z,B52,Jackson GA,48b34b87-69c2-467d-a88c-67aac910c539,SAMMS-JacksonGAV5
202609032054003847,202609031904101594,202609031904101105,85,2294,Bronze INV,br_LabResult,TASK_COMPLETE,SUCCESS,INFO,2660,2660,0,,2026-09-03T19:04:17.619Z,2026-09-03T20:54:05.052Z,6588,2026-09-03T20:54:05.052Z,B54,Gadsden,48b34b87-69c2-467d-a88c-67aac910c539,SAMMS-GadsdenV5
202609032054003849,202609031904101595,202609031904101105,85,2295,Bronze INV,br_LabResult,TASK_COMPLETE,SUCCESS,INFO,491,491,0,,2026-09-03T19:04:17.619Z,2026-09-03T20:54:05.052Z,6588,2026-09-03T20:54:05.052Z,B55,Shoals,48b34b87-69c2-467d-a88c-67aac910c539,SAMMS-ShoalsV5
202609032054003850,202609031904101596,202609031904101105,85,2296,Bronze INV,br_LabResult,TASK_COMPLETE,SUCCESS,INFO,3,3,0,,2026-09-03T19:04:17.619Z,2026-09-03T20:54:05.052Z,6588,2026-09-03T20:54:05.052Z,B57,Pawtucket,48b34b87-69c2-467d-a88c-67aac910c539,SAMMS-Pawtucket
202609032054003851,202609031904101597,202609031904101105,85,2297,Bronze INV,br_LabResult,TASK_COMPLETE,SUCCESS,INFO,6,6,0,,2026-09-03T19:04:17.619Z,2026-09-03T20:54:05.052Z,6588,2026-09-03T20:54:05.052Z,B57A,Johnston,48b34b87-69c2-467d-a88c-67aac910c539,SAMMS-Johnston
202609032054003852,202609031904101598,202609031904101105,85,2298,Bronze INV,br_LabResult,TASK_COMPLETE,SUCCESS,INFO,9,9,0,,2026-09-03T19:04:17.619Z,2026-09-03T20:54:05.052Z,6588,2026-09-03T20:54:05.052Z,B57B,Middletown,48b34b87-69c2-467d-a88c-67aac910c539,SAMMS-Middletown
202609032054003853,202609031904101599,202609031904101105,85,2299,Bronze INV,br_LabResult,TASK_COMPLETE,SUCCESS,INFO,2,2,0,,2026-09-03T19:04:17.619Z,2026-09-03T20:54:05.052Z,6588,2026-09-03T20:54:05.052Z,B57C,Providence,48b34b87-69c2-467d-a88c-67aac910c539,SAMMS-Providence
202609032054003854,202609031904101600,202609031904101105,85,2300,Bronze INV,br_LabResult,TASK_COMPLETE,SUCCESS,INFO,3,3,0,,2026-09-03T19:04:17.619Z,2026-09-03T20:54:05.052Z,6588,2026-09-03T20:54:05.052Z,B57D,Westerly,48b34b87-69c2-467d-a88c-67aac910c539,SAMMS-Westerly
202609032054003855,202609031904101601,202609031904101105,85,2304,Bronze INV,br_LabResult,TASK_COMPLETE,SUCCESS,INFO,2,2,0,,2026-09-03T19:04:17.619Z,2026-09-03T20:54:05.052Z,6588,2026-09-03T20:54:05.052Z,B66A,Bremen,48b34b87-69c2-467d-a88c-67aac910c539,SAMMS-Bremen
202609032054003857,202609031904101602,202609031904101105,85,2307,Bronze INV,br_LabResult,TASK_COMPLETE,SUCCESS,INFO,3,3,0,,2026-09-03T19:04:17.619Z,2026-09-03T20:54:05.052Z,6588,2026-09-03T20:54:05.052Z,B72,Mobile (OBOT),48b34b87-69c2-467d-a88c-67aac910c539,SAMMS-Mobile-OBOT
202609032054003858,202609031904101603,202609031904101105,85,2308,Bronze INV,br_LabResult,TASK_COMPLETE,SUCCESS,INFO,1,1,0,,2026-09-03T19:04:17.619Z,2026-09-03T20:54:05.052Z,6588,2026-09-03T20:54:05.052Z,B73,Montgomery,48b34b87-69c2-467d-a88c-67aac910c539,SAMMS-Montgomery
202609032054003859,202609031904101604,202609031904101105,85,2309,Bronze INV,br_LabResult,TASK_COMPLETE,SUCCESS,INFO,513,513,0,,2026-09-03T19:04:17.619Z,2026-09-03T20:54:05.052Z,6588,2026-09-03T20:54:05.052Z,B75,Lawrence,48b34b87-69c2-467d-a88c-67aac910c539,SAMMS-LawrenceV6
202609032054003860,202609031904101605,202609031904101105,85,2310,Bronze INV,br_LabResult,TASK_COMPLETE,SUCCESS,INFO,1,1,0,,2026-09-03T19:04:17.619Z,2026-09-03T20:54:05.052Z,6588,2026-09-03T20:54:05.052Z,B76,Huntsville OBOT,48b34b87-69c2-467d-a88c-67aac910c539,SAMMS-Huntsville-OBOT
202609032054003861,202609031904101606,202609031904101105,85,2311,Bronze INV,br_LabResult,TASK_COMPLETE,SUCCESS,INFO,4,4,0,,2026-09-03T19:04:17.619Z,2026-09-03T20:54:05.052Z,6588,2026-09-03T20:54:05.052Z,BAT,Batesville,48b34b87-69c2-467d-a88c-67aac910c539,SAMMS-Batesville
202609032054003862,202609031904101607,202609031904101105,85,2312,Bronze INV,br_LabResult,TASK_COMPLETE,SUCCESS,INFO,2692,2692,0,,2026-09-03T19:04:17.619Z,2026-09-03T20:54:05.052Z,6588,2026-09-03T20:54:05.052Z,BG,Bowling Green,48b34b87-69c2-467d-a88c-67aac910c539,SAMMS-BowlingGreen
202609032054003863,202609031904101608,202609031904101105,85,2313,Bronze INV,br_LabResult,TASK_COMPLETE,SUCCESS,INFO,192,192,0,,2026-09-03T19:04:17.619Z,2026-09-03T20:54:05.052Z,6588,2026-09-03T20:54:05.052Z,BOI,Boise,48b34b87-69c2-467d-a88c-67aac910c539,SAMMS-Boise
202609032054003864,202609031904101609,202609031904101105,85,2320,Bronze INV,br_LabResult,TASK_COMPLETE,SUCCESS,INFO,234,234,0,,2026-09-03T19:04:17.619Z,2026-09-03T20:54:05.052Z,6588,2026-09-03T20:54:05.052Z,CBCO,Coeur dAlene,48b34b87-69c2-467d-a88c-67aac910c539,SAMMS-CoeurdAleneV6
202609032054003866,202609031904101610,202609031904101105,85,2339,Bronze INV,br_LabResult,TASK_COMPLETE,SUCCESS,INFO,1,1,0,,2026-09-03T19:04:17.619Z,2026-09-03T20:54:05.052Z,6588,2026-09-03T20:54:05.052Z,CON,Conway,48b34b87-69c2-467d-a88c-67aac910c539,SAMMS-Conway
202609032054003867,202609031904101611,202609031904101105,85,2340,Bronze INV,br_LabResult,TASK_COMPLETE,SUCCESS,INFO,11,11,0,,2026-09-03T19:04:17.619Z,2026-09-03T20:54:05.052Z,6588,2026-09-03T20:54:05.052Z,D07,Medical Services Knox TN,48b34b87-69c2-467d-a88c-67aac910c539,SAMMS-KnoxvilleV6
202609032054003868,202609031904101612,202609031904101105,85,2341,Bronze INV,br_LabResult,TASK_COMPLETE,SUCCESS,INFO,996,996,0,,2026-09-03T19:04:17.619Z,2026-09-03T20:54:05.052Z,6588,2026-09-03T20:54:05.052Z,D08,Madison,48b34b87-69c2-467d-a88c-67aac910c539,SAMMS-MadisonV6
202609032054003869,202609031904101613,202609031904101105,85,2343,Bronze INV,br_LabResult,TASK_COMPLETE,SUCCESS,INFO,709,709,0,,2026-09-03T19:04:17.619Z,2026-09-03T20:54:05.052Z,6588,2026-09-03T20:54:05.052Z,D09,Murfreesboro,48b34b87-69c2-467d-a88c-67aac910c539,SAMMS-MurfreesboroV6
202609032054003870,202609031904101614,202609031904101105,85,2344,Bronze INV,br_LabResult,TASK_COMPLETE,SUCCESS,INFO,5,5,0,,2026-09-03T19:04:17.619Z,2026-09-03T20:54:05.052Z,6588,2026-09-03T20:54:05.052Z,DA,Davenport,48b34b87-69c2-467d-a88c-67aac910c539,SAMMS-Davenport
202609032054003871,202609031904101615,202609031904101105,85,2345,Bronze INV,br_LabResult,TASK_COMPLETE,SUCCESS,INFO,2652,2652,0,,2026-09-03T19:04:17.619Z,2026-09-03T20:54:05.052Z,6588,2026-09-03T20:54:05.052Z,DM,Des Moines,48b34b87-69c2-467d-a88c-67aac910c539,SAMMS-DesMoines
202609032054003872,202609031904101616,202609031904101105,85,2347,Bronze INV,br_LabResult,TASK_COMPLETE,SUCCESS,INFO,3025,3025,0,,2026-09-03T19:04:17.619Z,2026-09-03T20:54:05.052Z,6588,2026-09-03T20:54:05.052Z,DRD-CO,Columbia MO,48b34b87-69c2-467d-a88c-67aac910c539,SAMMS-ColumbiaV5
202609032054003874,202609031904101617,202609031904101105,85,2348,Bronze INV,br_LabResult,TASK_COMPLETE,SUCCESS,INFO,3302,3302,0,,2026-09-03T19:04:17.619Z,2026-09-03T20:54:05.052Z,6588,2026-09-03T20:54:05.052Z,DRD-KC,KC,48b34b87-69c2-467d-a88c-67aac910c539,SAMMS-KCv5
202609032054003875,202609031904101618,202609031904101105,85,2349,Bronze INV,br_LabResult,TASK_COMPLETE,SUCCESS,INFO,19480,19480,0,,2026-09-03T19:04:17.619Z,2026-09-03T20:54:05.052Z,6588,2026-09-03T20:54:05.052Z,DRD-KVB,KVB,48b34b87-69c2-467d-a88c-67aac910c539,SAMMS-KVBv5
202609032054003876,202609031904101619,202609031904101105,85,2350,Bronze INV,br_LabResult,TASK_COMPLETE,SUCCESS,INFO,23719,23719,0,,2026-09-03T19:04:17.619Z,2026-09-03T20:54:05.052Z,6588,2026-09-03T20:54:05.052Z,DRD-KVC,KVC,48b34b87-69c2-467d-a88c-67aac910c539,SAMMS-KVCv5
202609032054003877,202609031904101620,202609031904101105,85,2351,Bronze INV,br_LabResult,TASK_COMPLETE,SUCCESS,INFO,6445,6445,0,,2026-09-03T19:04:17.619Z,2026-09-03T20:54:05.052Z,6588,2026-09-03T20:54:05.052Z,DRD-NOLA,NOLA,48b34b87-69c2-467d-a88c-67aac910c539,SAMMS-NOLAv5
202609032054003878,202609031904101621,202609031904101105,85,2352,Bronze INV,br_LabResult,TASK_COMPLETE,SUCCESS,INFO,5709,5709,0,,2026-09-03T19:04:17.619Z,2026-09-03T20:54:05.052Z,6588,2026-09-03T20:54:05.052Z,DRD-SF,Springfield,48b34b87-69c2-467d-a88c-67aac910c539,SAMMS-SFv5
202609032054003879,202609031904101622,202609031904101105,85,2354,Bronze INV,br_LabResult,TASK_COMPLETE,SUCCESS,INFO,9548,9548,0,,2026-09-03T19:04:17.619Z,2026-09-03T20:54:05.052Z,6588,2026-09-03T20:54:05.052Z,ELC,Elizabeth City,48b34b87-69c2-467d-a88c-67aac910c539,SAMMS-ElizabethCity
202609032054003880,202609031904101623,202609031904101105,85,2355,Bronze INV,br_LabResult,TASK_COMPLETE,SUCCESS,INFO,2231,2231,0,,2026-09-03T19:04:17.619Z,2026-09-03T20:54:05.052Z,6588,2026-09-03T20:54:05.052Z,ET,Elizabethtown,48b34b87-69c2-467d-a88c-67aac910c539,SAMMS-Elizabethtown
202609032054003881,202609031904101624,202609031904101105,85,2356,Bronze INV,br_LabResult,TASK_COMPLETE,SUCCESS,INFO,1,1,0,,2026-09-03T19:04:17.619Z,2026-09-03T20:54:05.052Z,6588,2026-09-03T20:54:05.052Z,FAY,Fayetteville,48b34b87-69c2-467d-a88c-67aac910c539,SAMMS-Fayetteville
202609032054003883,202609031904101625,202609031904101105,85,2357,Bronze INV,br_LabResult,TASK_COMPLETE,SUCCESS,INFO,5345,5345,0,,2026-09-03T19:04:17.619Z,2026-09-03T20:54:05.052Z,6588,2026-09-03T20:54:05.052Z,FR,Frankfort,48b34b87-69c2-467d-a88c-67aac910c539,SAMMS-Frankfort
202609032054003884,202609031904101626,202609031904101105,85,2358,Bronze INV,br_LabResult,TASK_COMPLETE,SUCCESS,INFO,2,2,0,,2026-09-03T19:04:17.619Z,2026-09-03T20:54:05.052Z,6588,2026-09-03T20:54:05.052Z,FS,Fort Smith,48b34b87-69c2-467d-a88c-67aac910c539,SAMMS-FortSmith
202609032054003885,202609031904101627,202609031904101105,85,2359,Bronze INV,br_LabResult,TASK_COMPLETE,SUCCESS,INFO,9178,9178,0,,2026-09-03T19:04:17.619Z,2026-09-03T20:54:05.052Z,6588,2026-09-03T20:54:05.052Z,FW,Fort Wayne,48b34b87-69c2-467d-a88c-67aac910c539,SAMMS-FortWayne
202609032054003886,202609031904101628,202609031904101105,85,2360,Bronze INV,br_LabResult,TASK_COMPLETE,SUCCESS,INFO,2,2,0,,2026-09-03T19:04:17.619Z,2026-09-03T20:54:05.052Z,6588,2026-09-03T20:54:05.052Z,GAL,Gaylord,48b34b87-69c2-467d-a88c-67aac910c539,SAMMS-Gaylord
202609032054003887,202609031904101629,202609031904101105,85,2364,Bronze INV,br_LabResult,TASK_COMPLETE,SUCCESS,INFO,4679,4679,0,,2026-09-03T19:04:17.619Z,2026-09-03T20:54:05.052Z,6588,2026-09-03T20:54:05.052Z,HGT,Hagerstown,48b34b87-69c2-467d-a88c-67aac910c539,SAMMS-Hagerstown
202609032054003888,202609031904101630,202609031904101105,85,2365,Bronze INV,br_LabResult,TASK_COMPLETE,SUCCESS,INFO,645,645,0,,2026-09-03T19:04:17.619Z,2026-09-03T20:54:05.052Z,6588,2026-09-03T20:54:05.052Z,HNT,Huntsville,48b34b87-69c2-467d-a88c-67aac910c539,SAMMS-Huntsville
202609032054003889,202609031904101631,202609031904101105,85,2366,Bronze INV,br_LabResult,TASK_COMPLETE,SUCCESS,INFO,1,1,0,,2026-09-03T19:04:17.619Z,2026-09-03T20:54:05.052Z,6588,2026-09-03T20:54:05.052Z,HS,Hot Springs,48b34b87-69c2-467d-a88c-67aac910c539,SAMMS-HotSprings
202609032054003891,202609031904101632,202609031904101105,85,2367,Bronze INV,br_LabResult,TASK_COMPLETE,SUCCESS,INFO,2,2,0,,2026-09-03T19:04:17.619Z,2026-09-03T20:54:05.052Z,6588,2026-09-03T20:54:05.052Z,JON,Jonesboro,48b34b87-69c2-467d-a88c-67aac910c539,SAMMS-Jonesboro
202609032054003892,202609031904101633,202609031904101105,85,2369,Bronze INV,br_LabResult,TASK_COMPLETE,SUCCESS,INFO,3,3,0,,2026-09-03T19:04:17.619Z,2026-09-03T20:54:05.052Z,6588,2026-09-03T20:54:05.052Z,LAN,Lansing,48b34b87-69c2-467d-a88c-67aac910c539,SAMMS-Lansing
202609032054003893,202609031904101634,202609031904101105,85,2370,Bronze INV,br_LabResult,TASK_COMPLETE,SUCCESS,INFO,27824,27824,0,,2026-09-03T19:04:17.619Z,2026-09-03T20:54:05.052Z,6588,2026-09-03T20:54:05.052Z,LO,Louisville,48b34b87-69c2-467d-a88c-67aac910c539,SAMMS-Louisville
202609032054003894,202609031904101635,202609031904101105,85,2371,Bronze INV,br_LabResult,TASK_COMPLETE,SUCCESS,INFO,6521,6521,0,,2026-09-03T19:04:17.619Z,2026-09-03T20:54:05.052Z,6588,2026-09-03T20:54:05.052Z,LV1,Cheyenne,48b34b87-69c2-467d-a88c-67aac910c539,SAMMS-Cheyenne
202609032054003895,202609031904101636,202609031904101105,85,2372,Bronze INV,br_LabResult,TASK_COMPLETE,SUCCESS,INFO,9268,9268,0,,2026-09-03T19:04:17.619Z,2026-09-03T20:54:05.052Z,6588,2026-09-03T20:54:05.052Z,LV2,Desert Inn,48b34b87-69c2-467d-a88c-67aac910c539,SAMMS-DesertInn
202609032054003896,202609031904101637,202609031904101105,85,2373,Bronze INV,br_LabResult,TASK_COMPLETE,SUCCESS,INFO,1876,1876,0,,2026-09-03T19:04:17.619Z,2026-09-03T20:54:05.052Z,6588,2026-09-03T20:54:05.052Z,LV3,McDaniel,48b34b87-69c2-467d-a88c-67aac910c539,SAMMS-McDaniel
202609032054003897,202609031904101638,202609031904101105,85,2376,Bronze INV,br_LabResult,TASK_COMPLETE,SUCCESS,INFO,2,2,0,,2026-09-03T19:04:17.619Z,2026-09-03T20:54:05.052Z,6588,2026-09-03T20:54:05.052Z,MNRE,Monroe,48b34b87-69c2-467d-a88c-67aac910c539,SAMMS-Monroe
202609032054003898,202609031904101639,202609031904101105,85,2377,Bronze INV,br_LabResult,TASK_COMPLETE,SUCCESS,INFO,1,1,0,,2026-09-03T19:04:17.619Z,2026-09-03T20:54:05.052Z,6588,2026-09-03T20:54:05.052Z,MP,Mt. Pleasant,48b34b87-69c2-467d-a88c-67aac910c539,SAMMS-MtPleasant
202609032054003900,202609031904101640,202609031904101105,85,2378,Bronze INV,br_LabResult,TASK_COMPLETE,SUCCESS,INFO,258,258,0,,2026-09-03T19:04:17.619Z,2026-09-03T20:54:05.052Z,6588,2026-09-03T20:54:05.052Z,MRD,Meridian,48b34b87-69c2-467d-a88c-67aac910c539,SAMMS-Meridian
202609032054003901,202609031904101641,202609031904101105,85,2383,Bronze INV,br_LabResult,TASK_COMPLETE,SUCCESS,INFO,7508,7508,0,,2026-09-03T19:04:17.619Z,2026-09-03T20:54:05.052Z,6588,2026-09-03T20:54:05.052Z,NC,North Charleston,48b34b87-69c2-467d-a88c-67aac910c539,SAMMS-NorthCharleston
202609032054003902,202609031904101642,202609031904101105,85,2384,Bronze INV,br_LabResult,TASK_COMPLETE,SUCCESS,INFO,2,2,0,,2026-09-03T19:04:17.619Z,2026-09-03T20:54:05.052Z,6588,2026-09-03T20:54:05.052Z,NLR,N. Little Rock,48b34b87-69c2-467d-a88c-67aac910c539,SAMMS-NLROBOT
202609032054003904,202609031904101643,202609031904101105,85,2385,Bronze INV,br_LabResult,TASK_COMPLETE,SUCCESS,INFO,1914,1914,0,,2026-09-03T19:04:17.619Z,2026-09-03T20:54:05.052Z,6588,2026-09-03T20:54:05.052Z,PH,Phoenix,48b34b87-69c2-467d-a88c-67aac910c539,SAMMS-Phoenix
202609032054003905,202609031904101644,202609031904101105,85,2389,Bronze INV,br_LabResult,TASK_COMPLETE,SUCCESS,INFO,18872,18872,0,,2026-09-03T19:04:17.619Z,2026-09-03T20:54:05.052Z,6588,2026-09-03T20:54:05.052Z,RE,Reno,48b34b87-69c2-467d-a88c-67aac910c539,SAMMS-Reno
202609032054003907,202609031904101645,202609031904101105,85,2390,Bronze INV,br_LabResult,TASK_COMPLETE,SUCCESS,INFO,2009,2009,0,,2026-09-03T19:04:17.619Z,2026-09-03T20:54:05.052Z,6588,2026-09-03T20:54:05.052Z,RMD,Richmond,48b34b87-69c2-467d-a88c-67aac910c539,SAMMS-Richmond
202609032054003908,202609031904101646,202609031904101105,85,2391,Bronze INV,br_LabResult,TASK_COMPLETE,SUCCESS,INFO,3674,3674,0,,2026-09-03T19:04:17.619Z,2026-09-03T20:54:05.052Z,6588,2026-09-03T20:54:05.052Z,SFN,Springfield North,48b34b87-69c2-467d-a88c-67aac910c539,SAMMS-SFNv5
202609032054003909,202609031904101647,202609031904101105,85,2392,Bronze INV,br_LabResult,TASK_COMPLETE,SUCCESS,INFO,156,156,0,,2026-09-03T19:04:17.619Z,2026-09-03T20:54:05.052Z,6588,2026-09-03T20:54:05.052Z,SHP,Shreveport,48b34b87-69c2-467d-a88c-67aac910c539,SAMMS-Shreveport
202609032054003910,202609031904101648,202609031904101105,85,2394,Bronze INV,br_LabResult,TASK_COMPLETE,SUCCESS,INFO,4,4,0,,2026-09-03T19:04:17.619Z,2026-09-03T20:54:05.052Z,6588,2026-09-03T20:54:05.052Z,STN,Staunton,48b34b87-69c2-467d-a88c-67aac910c539,SAMMS-Staunton
202609032054003911,202609031904101649,202609031904101105,85,2395,Bronze INV,br_LabResult,TASK_COMPLETE,SUCCESS,INFO,246,246,0,,2026-09-03T19:04:17.619Z,2026-09-03T20:54:05.052Z,6588,2026-09-03T20:54:05.052Z,STVN,Stevenson,48b34b87-69c2-467d-a88c-67aac910c539,SAMMS-Stevenson
202609032054004230,202609031904101922,202609031904101105,85,245,Bronze INV,br_AdmissionAssessment,TASK_COMPLETE,SUCCESS,INFO,188,188,0,,2026-09-03T19:04:17.619Z,2026-09-03T20:54:05.052Z,6588,2026-09-03T20:54:05.052Z,B36,Asheville,48b34b87-69c2-467d-a88c-67aac910c539,SAMMS-AshevilleV5
202609032054004231,202609031904101923,202609031904101105,85,246,Bronze INV,br_AdmissionAssessment,TASK_COMPLETE,SUCCESS,INFO,140,140,0,,2026-09-03T19:04:17.619Z,2026-09-03T20:54:05.052Z,6588,2026-09-03T20:54:05.052Z,B37,Clyde,48b34b87-69c2-467d-a88c-67aac910c539,SAMMS-ClydeV5
202609032054004232,202609031904101924,202609031904101105,85,247,Bronze INV,br_AdmissionAssessment,TASK_COMPLETE,SUCCESS,INFO,188,188,0,,2026-09-03T19:04:17.619Z,2026-09-03T20:54:05.052Z,6588,2026-09-03T20:54:05.052Z,B38,Spartanburg,48b34b87-69c2-467d-a88c-67aac910c539,SAMMS-SpartanburgV5
202609032054004233,202609031904101925,202609031904101105,85,248,Bronze INV,br_AdmissionAssessment,TASK_COMPLETE,SUCCESS,INFO,164,164,0,,2026-09-03T19:04:17.619Z,2026-09-03T20:54:05.052Z,6588,2026-09-03T20:54:05.052Z,B39,Aiken,48b34b87-69c2-467d-a88c-67aac910c539,SAMMS-AikenV5
202609032054004234,202609031904101926,202609031904101105,85,249,Bronze INV,br_AdmissionAssessment,TASK_COMPLETE,SUCCESS,INFO,1,1,0,,2026-09-03T19:04:17.619Z,2026-09-03T20:54:05.052Z,6588,2026-09-03T20:54:05.052Z,B41,Chesapeake,48b34b87-69c2-467d-a88c-67aac910c539,SAMMS-ChesapeakeV5
202609032054004236,202609031904101927,202609031904101105,85,250,Bronze INV,br_AdmissionAssessment,TASK_COMPLETE,SUCCESS,INFO,1,1,0,,2026-09-03T19:04:17.619Z,2026-09-03T20:54:05.052Z,6588,2026-09-03T20:54:05.052Z,B42,Virginia Beach,48b34b87-69c2-467d-a88c-67aac910c539,SAMMS-VirginiaBeachV5
202609032054004237,202609031904101928,202609031904101105,85,251,Bronze INV,br_AdmissionAssessment,TASK_COMPLETE,SUCCESS,INFO,1,1,0,,2026-09-03T19:04:17.619Z,2026-09-03T20:54:05.052Z,6588,2026-09-03T20:54:05.052Z,B42A,Newport News,48b34b87-69c2-467d-a88c-67aac910c539,SAMMS-NewportNewsV5
202609032054004238,202609031904101929,202609031904101105,85,252,Bronze INV,br_AdmissionAssessment,TASK_COMPLETE,SUCCESS,INFO,0,0,0,,2026-09-03T19:04:17.619Z,2026-09-03T20:54:05.052Z,6588,2026-09-03T20:54:05.052Z,B42B,Franklin,48b34b87-69c2-467d-a88c-67aac910c539,SAMMS-FranklinV5
202609032054004239,202609031904101930,202609031904101105,85,253,Bronze INV,br_AdmissionAssessment,TASK_COMPLETE,SUCCESS,INFO,2,2,0,,2026-09-03T19:04:17.619Z,2026-09-03T20:54:05.052Z,6588,2026-09-03T20:54:05.052Z,B42C,Glen Allen,48b34b87-69c2-467d-a88c-67aac910c539,SAMMS-GlenAllenV5
202609032054004240,202609031904101931,202609031904101105,85,254,Bronze INV,br_AdmissionAssessment,TASK_COMPLETE,SUCCESS,INFO,1,1,0,,2026-09-03T19:04:17.619Z,2026-09-03T20:54:05.052Z,6588,2026-09-03T20:54:05.052Z,B42D,Chesapeake South,48b34b87-69c2-467d-a88c-67aac910c539,SAMMS-ChesapeakeSouthV5
202609032054004241,202609031904101932,202609031904101105,85,255,Bronze INV,br_AdmissionAssessment,TASK_COMPLETE,SUCCESS,INFO,55,55,0,,2026-09-03T19:04:17.619Z,2026-09-03T20:54:05.052Z,6588,2026-09-03T20:54:05.052Z,B44,Albany,48b34b87-69c2-467d-a88c-67aac910c539,SAMMS-AlbanyV5
202609032054004242,202609031904101933,202609031904101105,85,256,Bronze INV,br_AdmissionAssessment,TASK_COMPLETE,SUCCESS,INFO,64,64,0,,2026-09-03T19:04:17.619Z,2026-09-03T20:54:05.052Z,6588,2026-09-03T20:54:05.052Z,B45,Tifton,48b34b87-69c2-467d-a88c-67aac910c539,SAMMS-TiftonV5
202609032054004244,202609031904101934,202609031904101105,85,257,Bronze INV,br_AdmissionAssessment,TASK_COMPLETE,SUCCESS,INFO,345,345,0,,2026-09-03T19:04:17.619Z,2026-09-03T20:54:05.052Z,6588,2026-09-03T20:54:05.052Z,B46,Washington DC,48b34b87-69c2-467d-a88c-67aac910c539,SAMMS-WashingtonDCv5
202609032054004245,202609031904101935,202609031904101105,85,258,Bronze INV,br_AdmissionAssessment,TASK_COMPLETE,SUCCESS,INFO,95,95,0,,2026-09-03T19:04:17.619Z,2026-09-03T20:54:05.052Z,6588,2026-09-03T20:54:05.052Z,B47,Mobile,48b34b87-69c2-467d-a88c-67aac910c539,SAMMS-MobileV5
202609032054004246,202609031904101936,202609031904101105,85,259,Bronze INV,br_AdmissionAssessment,TASK_COMPLETE,SUCCESS,INFO,154,154,0,,2026-09-03T19:04:17.619Z,2026-09-03T20:54:05.052Z,6588,2026-09-03T20:54:05.052Z,B48,Tuscaloosa,48b34b87-69c2-467d-a88c-67aac910c539,SAMMS-TuscaloosaV5
202609032054004247,202609031904101937,202609031904101105,85,268,Bronze INV,br_AdmissionAssessment,TASK_COMPLETE,SUCCESS,INFO,82,82,0,,2026-09-03T19:04:17.619Z,2026-09-03T20:54:05.052Z,6588,2026-09-03T20:54:05.052Z,B51,N. Little Rock (OTP),48b34b87-69c2-467d-a88c-67aac910c539,SAMMS-NorthLittleRockV6
202609032054004248,202609031904101938,202609031904101105,85,269,Bronze INV,br_AdmissionAssessment,TASK_COMPLETE,SUCCESS,INFO,49,49,0,,2026-09-03T19:04:17.619Z,2026-09-03T20:54:05.052Z,6588,2026-09-03T20:54:05.052Z,B52,Jackson GA,48b34b87-69c2-467d-a88c-67aac910c539,SAMMS-JacksonGAV5
202609032054004249,202609031904101939,202609031904101105,85,270,Bronze INV,br_AdmissionAssessment,TASK_COMPLETE,SUCCESS,INFO,168,168,0,,2026-09-03T19:04:17.619Z,2026-09-03T20:54:05.052Z,6588,2026-09-03T20:54:05.052Z,B54,Gadsden,48b34b87-69c2-467d-a88c-67aac910c539,SAMMS-GadsdenV5
202609032054004250,202609031904101940,202609031904101105,85,271,Bronze INV,br_AdmissionAssessment,TASK_COMPLETE,SUCCESS,INFO,157,157,0,,2026-09-03T19:04:17.619Z,2026-09-03T20:54:05.052Z,6588,2026-09-03T20:54:05.052Z,B55,Shoals,48b34b87-69c2-467d-a88c-67aac910c539,SAMMS-ShoalsV5
202609032054004252,202609031904101941,202609031904101105,85,272,Bronze INV,br_AdmissionAssessment,TASK_COMPLETE,SUCCESS,INFO,40,40,0,,2026-09-03T19:04:17.619Z,2026-09-03T20:54:05.052Z,6588,2026-09-03T20:54:05.052Z,B57,Pawtucket,48b34b87-69c2-467d-a88c-67aac910c539,SAMMS-Pawtucket
202609032054004253,202609031904101942,202609031904101105,85,273,Bronze INV,br_AdmissionAssessment,TASK_COMPLETE,SUCCESS,INFO,82,82,0,,2026-09-03T19:04:17.619Z,2026-09-03T20:54:05.052Z,6588,2026-09-03T20:54:05.052Z,B57A,Johnston,48b34b87-69c2-467d-a88c-67aac910c539,SAMMS-Johnston
202609032054004254,202609031904101943,202609031904101105,85,274,Bronze INV,br_AdmissionAssessment,TASK_COMPLETE,SUCCESS,INFO,41,41,0,,2026-09-03T19:04:17.619Z,2026-09-03T20:54:05.052Z,6588,2026-09-03T20:54:05.052Z,B57B,Middletown,48b34b87-69c2-467d-a88c-67aac910c539,SAMMS-Middletown
202609032054004255,202609031904101944,202609031904101105,85,275,Bronze INV,br_AdmissionAssessment,TASK_COMPLETE,SUCCESS,INFO,75,75,0,,2026-09-03T19:04:17.619Z,2026-09-03T20:54:05.052Z,6588,2026-09-03T20:54:05.052Z,B57C,Providence,48b34b87-69c2-467d-a88c-67aac910c539,SAMMS-Providence
202609032054004256,202609031904101945,202609031904101105,85,276,Bronze INV,br_AdmissionAssessment,TASK_COMPLETE,SUCCESS,INFO,78,78,0,,2026-09-03T19:04:17.619Z,2026-09-03T20:54:05.052Z,6588,2026-09-03T20:54:05.052Z,B57D,Westerly,48b34b87-69c2-467d-a88c-67aac910c539,SAMMS-Westerly
202609032054004257,202609031904101946,202609031904101105,85,280,Bronze INV,br_AdmissionAssessment,TASK_COMPLETE,SUCCESS,INFO,80,80,0,,2026-09-03T19:04:17.619Z,2026-09-03T20:54:05.052Z,6588,2026-09-03T20:54:05.052Z,B66A,Bremen,48b34b87-69c2-467d-a88c-67aac910c539,SAMMS-Bremen
202609032054004258,202609031904101947,202609031904101105,85,283,Bronze INV,br_AdmissionAssessment,TASK_COMPLETE,SUCCESS,INFO,25,25,0,,2026-09-03T19:04:17.619Z,2026-09-03T20:54:05.052Z,6588,2026-09-03T20:54:05.052Z,B72,Mobile (OBOT),48b34b87-69c2-467d-a88c-67aac910c539,SAMMS-Mobile-OBOT
202609032054004259,202609031904101948,202609031904101105,85,284,Bronze INV,br_AdmissionAssessment,TASK_COMPLETE,SUCCESS,INFO,2,2,0,,2026-09-03T19:04:17.619Z,2026-09-03T20:54:05.052Z,6588,2026-09-03T20:54:05.052Z,B73,Montgomery,48b34b87-69c2-467d-a88c-67aac910c539,SAMMS-Montgomery
202609032054004261,202609031904101949,202609031904101105,85,285,Bronze INV,br_AdmissionAssessment,TASK_COMPLETE,SUCCESS,INFO,101,101,0,,2026-09-03T19:04:17.619Z,2026-09-03T20:54:05.052Z,6588,2026-09-03T20:54:05.052Z,B75,Lawrence,48b34b87-69c2-467d-a88c-67aac910c539,SAMMS-LawrenceV6
202609032054004262,202609031904101950,202609031904101105,85,286,Bronze INV,br_AdmissionAssessment,TASK_COMPLETE,SUCCESS,INFO,50,50,0,,2026-09-03T19:04:17.619Z,2026-09-03T20:54:05.052Z,6588,2026-09-03T20:54:05.052Z,B76,Huntsville OBOT,48b34b87-69c2-467d-a88c-67aac910c539,SAMMS-Huntsville-OBOT
202609032054004263,202609031904101951,202609031904101105,85,287,Bronze INV,br_AdmissionAssessment,TASK_COMPLETE,SUCCESS,INFO,131,131,0,,2026-09-03T19:04:17.619Z,2026-09-03T20:54:05.052Z,6588,2026-09-03T20:54:05.052Z,BAT,Batesville,48b34b87-69c2-467d-a88c-67aac910c539,SAMMS-Batesville
202609032054004264,202609031904101952,202609031904101105,85,288,Bronze INV,br_AdmissionAssessment,TASK_COMPLETE,SUCCESS,INFO,0,0,0,,2026-09-03T19:04:17.619Z,2026-09-03T20:54:05.052Z,6588,2026-09-03T20:54:05.052Z,BG,Bowling Green,48b34b87-69c2-467d-a88c-67aac910c539,SAMMS-BowlingGreen
202609032054004265,202609031904101953,202609031904101105,85,289,Bronze INV,br_AdmissionAssessment,TASK_COMPLETE,SUCCESS,INFO,87,87,0,,2026-09-03T19:04:17.619Z,2026-09-03T20:54:05.052Z,6588,2026-09-03T20:54:05.052Z,BOI,Boise,48b34b87-69c2-467d-a88c-67aac910c539,SAMMS-Boise
202609032054004266,202609031904101954,202609031904101105,85,296,Bronze INV,br_AdmissionAssessment,TASK_COMPLETE,SUCCESS,INFO,58,58,0,,2026-09-03T19:04:17.619Z,2026-09-03T20:54:05.052Z,6588,2026-09-03T20:54:05.052Z,CBCO,Coeur dAlene,48b34b87-69c2-467d-a88c-67aac910c539,SAMMS-CoeurdAleneV6
202609032054004267,202609031904101955,202609031904101105,85,315,Bronze INV,br_AdmissionAssessment,TASK_COMPLETE,SUCCESS,INFO,128,128,0,,2026-09-03T19:04:17.619Z,2026-09-03T20:54:05.052Z,6588,2026-09-03T20:54:05.052Z,CON,Conway,48b34b87-69c2-467d-a88c-67aac910c539,SAMMS-Conway
202609032054004269,202609031904101956,202609031904101105,85,316,Bronze INV,br_AdmissionAssessment,TASK_COMPLETE,SUCCESS,INFO,149,149,0,,2026-09-03T19:04:17.619Z,2026-09-03T20:54:05.052Z,6588,2026-09-03T20:54:05.052Z,D07,Medical Services Knox TN,48b34b87-69c2-467d-a88c-67aac910c539,SAMMS-KnoxvilleV6
202609032054004270,202609031904101957,202609031904101105,85,317,Bronze INV,br_AdmissionAssessment,TASK_COMPLETE,SUCCESS,INFO,173,173,0,,2026-09-03T19:04:17.619Z,2026-09-03T20:54:05.052Z,6588,2026-09-03T20:54:05.052Z,D08,Madison,48b34b87-69c2-467d-a88c-67aac910c539,SAMMS-MadisonV6
202609032054004271,202609031904101958,202609031904101105,85,319,Bronze INV,br_AdmissionAssessment,TASK_COMPLETE,SUCCESS,INFO,207,207,0,,2026-09-03T19:04:17.619Z,2026-09-03T20:54:05.052Z,6588,2026-09-03T20:54:05.052Z,D09,Murfreesboro,48b34b87-69c2-467d-a88c-67aac910c539,SAMMS-MurfreesboroV6
202609032054004272,202609031904101959,202609031904101105,85,320,Bronze INV,br_AdmissionAssessment,TASK_COMPLETE,SUCCESS,INFO,82,82,0,,2026-09-03T19:04:17.619Z,2026-09-03T20:54:05.052Z,6588,2026-09-03T20:54:05.052Z,DA,Davenport,48b34b87-69c2-467d-a88c-67aac910c539,SAMMS-Davenport
202609032054004273,202609031904101960,202609031904101105,85,321,Bronze INV,br_AdmissionAssessment,TASK_COMPLETE,SUCCESS,INFO,140,140,0,,2026-09-03T19:04:17.619Z,2026-09-03T20:54:05.052Z,6588,2026-09-03T20:54:05.052Z,DM,Des Moines,48b34b87-69c2-467d-a88c-67aac910c539,SAMMS-DesMoines
202609032054004274,202609031904101961,202609031904101105,85,323,Bronze INV,br_AdmissionAssessment,TASK_COMPLETE,SUCCESS,INFO,144,144,0,,2026-09-03T19:04:17.619Z,2026-09-03T20:54:05.052Z,6588,2026-09-03T20:54:05.052Z,DRD-CO,Columbia MO,48b34b87-69c2-467d-a88c-67aac910c539,SAMMS-ColumbiaV5
202609032054004276,202609031904101962,202609031904101105,85,324,Bronze INV,br_AdmissionAssessment,TASK_COMPLETE,SUCCESS,INFO,157,157,0,,2026-09-03T19:04:17.619Z,2026-09-03T20:54:05.052Z,6588,2026-09-03T20:54:05.052Z,DRD-KC,KC,48b34b87-69c2-467d-a88c-67aac910c539,SAMMS-KCv5
202609032054004277,202609031904101963,202609031904101105,85,325,Bronze INV,br_AdmissionAssessment,TASK_COMPLETE,SUCCESS,INFO,120,120,0,,2026-09-03T19:04:17.619Z,2026-09-03T20:54:05.052Z,6588,2026-09-03T20:54:05.052Z,DRD-KVB,KVB,48b34b87-69c2-467d-a88c-67aac910c539,SAMMS-KVBv5
202609032054004278,202609031904101964,202609031904101105,85,326,Bronze INV,br_AdmissionAssessment,TASK_COMPLETE,SUCCESS,INFO,366,366,0,,2026-09-03T19:04:17.619Z,2026-09-03T20:54:05.052Z,6588,2026-09-03T20:54:05.052Z,DRD-KVC,KVC,48b34b87-69c2-467d-a88c-67aac910c539,SAMMS-KVCv5
202609032054004279,202609031904101965,202609031904101105,85,327,Bronze INV,br_AdmissionAssessment,TASK_COMPLETE,SUCCESS,INFO,319,319,0,,2026-09-03T19:04:17.619Z,2026-09-03T20:54:05.052Z,6588,2026-09-03T20:54:05.052Z,DRD-NOLA,NOLA,48b34b87-69c2-467d-a88c-67aac910c539,SAMMS-NOLAv5
202609032054004281,202609031904101966,202609031904101105,85,328,Bronze INV,br_AdmissionAssessment,TASK_COMPLETE,SUCCESS,INFO,252,252,0,,2026-09-03T19:04:17.619Z,2026-09-03T20:54:05.052Z,6588,2026-09-03T20:54:05.052Z,DRD-SF,Springfield,48b34b87-69c2-467d-a88c-67aac910c539,SAMMS-SFv5
202609032054004283,202609031904101967,202609031904101105,85,330,Bronze INV,br_AdmissionAssessment,TASK_COMPLETE,SUCCESS,INFO,90,90,0,,2026-09-03T19:04:17.619Z,2026-09-03T20:54:05.052Z,6588,2026-09-03T20:54:05.052Z,ELC,Elizabeth City,48b34b87-69c2-467d-a88c-67aac910c539,SAMMS-ElizabethCity
202609032054004284,202609031904101968,202609031904101105,85,331,Bronze INV,br_AdmissionAssessment,TASK_COMPLETE,SUCCESS,INFO,4,4,0,,2026-09-03T19:04:17.619Z,2026-09-03T20:54:05.052Z,6588,2026-09-03T20:54:05.052Z,ET,Elizabethtown,48b34b87-69c2-467d-a88c-67aac910c539,SAMMS-Elizabethtown
202609032054004285,202609031904101969,202609031904101105,85,332,Bronze INV,br_AdmissionAssessment,TASK_COMPLETE,SUCCESS,INFO,117,117,0,,2026-09-03T19:04:17.619Z,2026-09-03T20:54:05.052Z,6588,2026-09-03T20:54:05.052Z,FAY,Fayetteville,48b34b87-69c2-467d-a88c-67aac910c539,SAMMS-Fayetteville
202609032054004286,202609031904101970,202609031904101105,85,333,Bronze INV,br_AdmissionAssessment,TASK_COMPLETE,SUCCESS,INFO,2,2,0,,2026-09-03T19:04:17.619Z,2026-09-03T20:54:05.052Z,6588,2026-09-03T20:54:05.052Z,FR,Frankfort,48b34b87-69c2-467d-a88c-67aac910c539,SAMMS-Frankfort
202609032054004287,202609031904101971,202609031904101105,85,334,Bronze INV,br_AdmissionAssessment,TASK_COMPLETE,SUCCESS,INFO,111,111,0,,2026-09-03T19:04:17.619Z,2026-09-03T20:54:05.052Z,6588,2026-09-03T20:54:05.052Z,FS,Fort Smith,48b34b87-69c2-467d-a88c-67aac910c539,SAMMS-FortSmith
202609032054004289,202609031904101972,202609031904101105,85,335,Bronze INV,br_AdmissionAssessment,TASK_COMPLETE,SUCCESS,INFO,206,206,0,,2026-09-03T19:04:17.619Z,2026-09-03T20:54:05.052Z,6588,2026-09-03T20:54:05.052Z,FW,Fort Wayne,48b34b87-69c2-467d-a88c-67aac910c539,SAMMS-FortWayne
202609032054004290,202609031904101973,202609031904101105,85,336,Bronze INV,br_AdmissionAssessment,TASK_COMPLETE,SUCCESS,INFO,35,35,0,,2026-09-03T19:04:17.619Z,2026-09-03T20:54:05.052Z,6588,2026-09-03T20:54:05.052Z,GAL,Gaylord,48b34b87-69c2-467d-a88c-67aac910c539,SAMMS-Gaylord
202609032054004291,202609031904101974,202609031904101105,85,340,Bronze INV,br_AdmissionAssessment,TASK_COMPLETE,SUCCESS,INFO,164,164,0,,2026-09-03T19:04:17.619Z,2026-09-03T20:54:05.052Z,6588,2026-09-03T20:54:05.052Z,HGT,Hagerstown,48b34b87-69c2-467d-a88c-67aac910c539,SAMMS-Hagerstown
202609032054004292,202609031904101975,202609031904101105,85,341,Bronze INV,br_AdmissionAssessment,TASK_COMPLETE,SUCCESS,INFO,138,138,0,,2026-09-03T19:04:17.619Z,2026-09-03T20:54:05.052Z,6588,2026-09-03T20:54:05.052Z,HNT,Huntsville,48b34b87-69c2-467d-a88c-67aac910c539,SAMMS-Huntsville
202609032054004293,202609031904101976,202609031904101105,85,342,Bronze INV,br_AdmissionAssessment,TASK_COMPLETE,SUCCESS,INFO,153,153,0,,2026-09-03T19:04:17.619Z,2026-09-03T20:54:05.052Z,6588,2026-09-03T20:54:05.052Z,HS,Hot Springs,48b34b87-69c2-467d-a88c-67aac910c539,SAMMS-HotSprings
202609032054004294,202609031904101977,202609031904101105,85,343,Bronze INV,br_AdmissionAssessment,TASK_COMPLETE,SUCCESS,INFO,78,78,0,,2026-09-03T19:04:17.619Z,2026-09-03T20:54:05.052Z,6588,2026-09-03T20:54:05.052Z,JON,Jonesboro,48b34b87-69c2-467d-a88c-67aac910c539,SAMMS-Jonesboro
202609032054004295,202609031904101978,202609031904101105,85,345,Bronze INV,br_AdmissionAssessment,TASK_COMPLETE,SUCCESS,INFO,75,75,0,,2026-09-03T19:04:17.619Z,2026-09-03T20:54:05.052Z,6588,2026-09-03T20:54:05.052Z,LAN,Lansing,48b34b87-69c2-467d-a88c-67aac910c539,SAMMS-Lansing
202609032054004296,202609031904101979,202609031904101105,85,346,Bronze INV,br_AdmissionAssessment,TASK_COMPLETE,SUCCESS,INFO,2,2,0,,2026-09-03T19:04:17.619Z,2026-09-03T20:54:05.052Z,6588,2026-09-03T20:54:05.052Z,LO,Louisville,48b34b87-69c2-467d-a88c-67aac910c539,SAMMS-Louisville
202609032054004298,202609031904101980,202609031904101105,85,347,Bronze INV,br_AdmissionAssessment,TASK_COMPLETE,SUCCESS,INFO,369,369,0,,2026-09-03T19:04:17.619Z,2026-09-03T20:54:05.052Z,6588,2026-09-03T20:54:05.052Z,LV1,Cheyenne,48b34b87-69c2-467d-a88c-67aac910c539,SAMMS-Cheyenne
202609032054004299,202609031904101981,202609031904101105,85,348,Bronze INV,br_AdmissionAssessment,TASK_COMPLETE,SUCCESS,INFO,334,334,0,,2026-09-03T19:04:17.619Z,2026-09-03T20:54:05.052Z,6588,2026-09-03T20:54:05.052Z,LV2,Desert Inn,48b34b87-69c2-467d-a88c-67aac910c539,SAMMS-DesertInn
202609032054004300,202609031904101982,202609031904101105,85,349,Bronze INV,br_AdmissionAssessment,TASK_COMPLETE,SUCCESS,INFO,105,105,0,,2026-09-03T19:04:17.619Z,2026-09-03T20:54:05.052Z,6588,2026-09-03T20:54:05.052Z,LV3,McDaniel,48b34b87-69c2-467d-a88c-67aac910c539,SAMMS-McDaniel
202609032054004301,202609031904101983,202609031904101105,85,352,Bronze INV,br_AdmissionAssessment,TASK_COMPLETE,SUCCESS,INFO,84,84,0,,2026-09-03T19:04:17.619Z,2026-09-03T20:54:05.052Z,6588,2026-09-03T20:54:05.052Z,MNRE,Monroe,48b34b87-69c2-467d-a88c-67aac910c539,SAMMS-Monroe
202609032054004302,202609031904101984,202609031904101105,85,353,Bronze INV,br_AdmissionAssessment,TASK_COMPLETE,SUCCESS,INFO,66,66,0,,2026-09-03T19:04:17.619Z,2026-09-03T20:54:05.052Z,6588,2026-09-03T20:54:05.052Z,MP,Mt. Pleasant,48b34b87-69c2-467d-a88c-67aac910c539,SAMMS-MtPleasant
202609032054004303,202609031904101985,202609031904101105,85,354,Bronze INV,br_AdmissionAssessment,TASK_COMPLETE,SUCCESS,INFO,56,56,0,,2026-09-03T19:04:17.619Z,2026-09-03T20:54:05.052Z,6588,2026-09-03T20:54:05.052Z,MRD,Meridian,48b34b87-69c2-467d-a88c-67aac910c539,SAMMS-Meridian
202609032054004304,202609031904101986,202609031904101105,85,359,Bronze INV,br_AdmissionAssessment,TASK_COMPLETE,SUCCESS,INFO,200,200,0,,2026-09-03T19:04:17.619Z,2026-09-03T20:54:05.052Z,6588,2026-09-03T20:54:05.052Z,NC,North Charleston,48b34b87-69c2-467d-a88c-67aac910c539,SAMMS-NorthCharleston
202609032054004306,202609031904101987,202609031904101105,85,360,Bronze INV,br_AdmissionAssessment,TASK_COMPLETE,SUCCESS,INFO,288,288,0,,2026-09-03T19:04:17.619Z,2026-09-03T20:54:05.052Z,6588,2026-09-03T20:54:05.052Z,NLR,N. Little Rock,48b34b87-69c2-467d-a88c-67aac910c539,SAMMS-NLROBOT
202609032054004307,202609031904101988,202609031904101105,85,361,Bronze INV,br_AdmissionAssessment,TASK_COMPLETE,SUCCESS,INFO,0,0,0,,2026-09-03T19:04:17.619Z,2026-09-03T20:54:05.052Z,6588,2026-09-03T20:54:05.052Z,PH,Phoenix,48b34b87-69c2-467d-a88c-67aac910c539,SAMMS-Phoenix
202609032054004308,202609031904101989,202609031904101105,85,365,Bronze INV,br_AdmissionAssessment,TASK_COMPLETE,SUCCESS,INFO,200,200,0,,2026-09-03T19:04:17.619Z,2026-09-03T20:54:05.052Z,6588,2026-09-03T20:54:05.052Z,RE,Reno,48b34b87-69c2-467d-a88c-67aac910c539,SAMMS-Reno
202609031315279809,202609031315279808,20260903131413,129,13685,Azure Sql Python Silver - Claim Denial Prediction,sl_ClaimDenialPredictionV1,TASK_FAILED,FAILED,ERROR,0,0,1,"Configured SourceTable not found in lakehouse for Azure Sql Python Silver - Claim Denial Prediction (TaskConfigId 13685): pats.vw_3PAuth (tried: bhg_silver.pats.vw_3PAuth, pats.vw_3PAuth, bhg_silver.pats.sl_vw_3PAuth, pats.sl_vw_3PAuth); pats.vw_3PElig (tried: bhg_silver.pats.vw_3PElig, pats.vw_3PElig, bhg_silver.pats.sl_vw_3PElig, pats.sl_vw_3PElig); ayx.tbl_Third_Party_AR_inDB (tried: bhg_silver.ayx.tbl_Third_Party_AR_inDB, ayx.tbl_Third_Party_AR_inDB, bhg_silver.ayx.sl_tbl_Third_Party_AR_inDB, ayx.sl_tbl_Third_Party_AR_inDB)",2026-09-03T13:15:27.980Z,2026-09-03T13:15:54.403Z,26,2026-09-03T13:15:54.403Z,,,349e7694-2105-4645-b2e6-35027dff3a22,
202609031233228769,202609031233228768,20260903123136,129,13685,Azure Sql Python Silver - Claim Denial Prediction,sl_ClaimDenialPredictionV1,TASK_FAILED,FAILED,ERROR,0,0,1,"Configured SourceTable not found in lakehouse for Azure Sql Python Silver - Claim Denial Prediction (TaskConfigId 13685): pats.vw_3PAuth (tried: bhg_silver.pats.vw_3PAuth, pats.vw_3PAuth, bhg_silver.pats.sl_vw_3PAuth, pats.sl_vw_3PAuth); pats.vw_3PElig (tried: bhg_silver.pats.vw_3PElig, pats.vw_3PElig, bhg_silver.pats.sl_vw_3PElig, pats.sl_vw_3PElig); ayx.tbl_Third_Party_AR_inDB (tried: bhg_silver.ayx.tbl_Third_Party_AR_inDB, ayx.tbl_Third_Party_AR_inDB, bhg_silver.ayx.sl_tbl_Third_Party_AR_inDB, ayx.sl_tbl_Third_Party_AR_inDB)",2026-09-03T12:33:22.876Z,2026-09-03T12:33:51.576Z,28,2026-09-03T12:33:51.576Z,,,e70805c1-331e-4300-8cc0-5c68ea96b08e,
202609031215183194,202609031215183193,20260903121340,129,13685,Azure Sql Python Silver - Claim Denial Prediction,sl_ClaimDenialPredictionV1,TASK_FAILED,FAILED,ERROR,0,0,1,"Configured SourceTable not found in lakehouse for Azure Sql Python Silver - Claim Denial Prediction (TaskConfigId 13685): pats.vw_3PAuth (tried: bhg_silver.pats.vw_3PAuth, pats.vw_3PAuth, bhg_silver.pats.sl_vw_3PAuth, pats.sl_vw_3PAuth); pats.vw_3PElig (tried: bhg_silver.pats.vw_3PElig, pats.vw_3PElig, bhg_silver.pats.sl_vw_3PElig, pats.sl_vw_3PElig); ayx.tbl_Third_Party_AR_inDB (tried: bhg_silver.ayx.tbl_Third_Party_AR_inDB, ayx.tbl_Third_Party_AR_inDB, bhg_silver.ayx.sl_tbl_Third_Party_AR_inDB, ayx.sl_tbl_Third_Party_AR_inDB)",2026-09-03T12:15:18.319Z,2026-09-03T12:15:52.862Z,34,2026-09-03T12:15:52.862Z,,,35e97021-f510-4e41-9049-1e9fd07241be,
202609032054003359,202609031904101174,202609031904101105,85,2182,Bronze INV,br_InvType,TASK_COMPLETE,SUCCESS,INFO,7,7,0,,2026-09-03T19:04:17.619Z,2026-09-03T20:54:05.052Z,6588,2026-09-03T20:54:05.052Z,HS,Hot Springs,48b34b87-69c2-467d-a88c-67aac910c539,SAMMS-HotSprings
202609032054003360,202609031904101175,202609031904101105,85,2183,Bronze INV,br_InvType,TASK_COMPLETE,SUCCESS,INFO,7,7,0,,2026-09-03T19:04:17.619Z,2026-09-03T20:54:05.052Z,6588,2026-09-03T20:54:05.052Z,JON,Jonesboro,48b34b87-69c2-467d-a88c-67aac910c539,SAMMS-Jonesboro
202609032054003362,202609031904101176,202609031904101105,85,2185,Bronze INV,br_InvType,TASK_COMPLETE,SUCCESS,INFO,7,7,0,,2026-09-03T19:04:17.619Z,2026-09-03T20:54:05.052Z,6588,2026-09-03T20:54:05.052Z,LAN,Lansing,48b34b87-69c2-467d-a88c-67aac910c539,SAMMS-Lansing
202609032054003364,202609031904101177,202609031904101105,85,2186,Bronze INV,br_InvType,TASK_COMPLETE,SUCCESS,INFO,7,7,0,,2026-09-03T19:04:17.619Z,2026-09-03T20:54:05.052Z,6588,2026-09-03T20:54:05.052Z,LO,Louisville,48b34b87-69c2-467d-a88c-67aac910c539,SAMMS-Louisville
202609032054003365,202609031904101178,202609031904101105,85,2187,Bronze INV,br_InvType,TASK_COMPLETE,SUCCESS,INFO,7,7,0,,2026-09-03T19:04:17.619Z,2026-09-03T20:54:05.052Z,6588,2026-09-03T20:54:05.052Z,LV1,Cheyenne,48b34b87-69c2-467d-a88c-67aac910c539,SAMMS-Cheyenne
202609032054003366,202609031904101179,202609031904101105,85,2188,Bronze INV,br_InvType,TASK_COMPLETE,SUCCESS,INFO,6,6,0,,2026-09-03T19:04:17.619Z,2026-09-03T20:54:05.052Z,6588,2026-09-03T20:54:05.052Z,LV2,Desert Inn,48b34b87-69c2-467d-a88c-67aac910c539,SAMMS-DesertInn
202609032054003367,202609031904101180,202609031904101105,85,2189,Bronze INV,br_InvType,TASK_COMPLETE,SUCCESS,INFO,7,7,0,,2026-09-03T19:04:17.619Z,2026-09-03T20:54:05.052Z,6588,2026-09-03T20:54:05.052Z,LV3,McDaniel,48b34b87-69c2-467d-a88c-67aac910c539,SAMMS-McDaniel
202609032054003369,202609031904101181,202609031904101105,85,2192,Bronze INV,br_InvType,TASK_COMPLETE,SUCCESS,INFO,7,7,0,,2026-09-03T19:04:17.619Z,2026-09-03T20:54:05.052Z,6588,2026-09-03T20:54:05.052Z,MNRE,Monroe,48b34b87-69c2-467d-a88c-67aac910c539,SAMMS-Monroe
202609032054003370,202609031904101182,202609031904101105,85,2193,Bronze INV,br_InvType,TASK_COMPLETE,SUCCESS,INFO,7,7,0,,2026-09-03T19:04:17.619Z,2026-09-03T20:54:05.052Z,6588,2026-09-03T20:54:05.052Z,MP,Mt. Pleasant,48b34b87-69c2-467d-a88c-67aac910c539,SAMMS-MtPleasant
202609032054003371,202609031904101183,202609031904101105,85,2194,Bronze INV,br_InvType,TASK_COMPLETE,SUCCESS,INFO,7,7,0,,2026-09-03T19:04:17.619Z,2026-09-03T20:54:05.052Z,6588,2026-09-03T20:54:05.052Z,MRD,Meridian,48b34b87-69c2-467d-a88c-67aac910c539,SAMMS-Meridian
202609032054003372,202609031904101184,202609031904101105,85,2199,Bronze INV,br_InvType,TASK_COMPLETE,SUCCESS,INFO,7,7,0,,2026-09-03T19:04:17.619Z,2026-09-03T20:54:05.052Z,6588,2026-09-03T20:54:05.052Z,NC,North Charleston,48b34b87-69c2-467d-a88c-67aac910c539,SAMMS-NorthCharleston
202609032054003373,202609031904101185,202609031904101105,85,2200,Bronze INV,br_InvType,TASK_COMPLETE,SUCCESS,INFO,7,7,0,,2026-09-03T19:04:17.619Z,2026-09-03T20:54:05.052Z,6588,2026-09-03T20:54:05.052Z,NLR,N. Little Rock,48b34b87-69c2-467d-a88c-67aac910c539,SAMMS-NLROBOT
202609032054003374,202609031904101186,202609031904101105,85,2201,Bronze INV,br_InvType,TASK_COMPLETE,SUCCESS,INFO,6,6,0,,2026-09-03T19:04:17.619Z,2026-09-03T20:54:05.052Z,6588,2026-09-03T20:54:05.052Z,PH,Phoenix,48b34b87-69c2-467d-a88c-67aac910c539,SAMMS-Phoenix
202609032054003375,202609031904101187,202609031904101105,85,2205,Bronze INV,br_InvType,TASK_COMPLETE,SUCCESS,INFO,8,8,0,,2026-09-03T19:04:17.619Z,2026-09-03T20:54:05.052Z,6588,2026-09-03T20:54:05.052Z,RE,Reno,48b34b87-69c2-467d-a88c-67aac910c539,SAMMS-Reno
202609032054003377,202609031904101188,202609031904101105,85,2206,Bronze INV,br_InvType,TASK_COMPLETE,SUCCESS,INFO,7,7,0,,2026-09-03T19:04:17.619Z,2026-09-03T20:54:05.052Z,6588,2026-09-03T20:54:05.052Z,RMD,Richmond,48b34b87-69c2-467d-a88c-67aac910c539,SAMMS-Richmond
202609032054003378,202609031904101189,202609031904101105,85,2207,Bronze INV,br_InvType,TASK_COMPLETE,SUCCESS,INFO,7,7,0,,2026-09-03T19:04:17.619Z,2026-09-03T20:54:05.052Z,6588,2026-09-03T20:54:05.052Z,SFN,Springfield North,48b34b87-69c2-467d-a88c-67aac910c539,SAMMS-SFNv5
202609032054003379,202609031904101190,202609031904101105,85,2208,Bronze INV,br_InvType,TASK_COMPLETE,SUCCESS,INFO,7,7,0,,2026-09-03T19:04:17.619Z,2026-09-03T20:54:05.052Z,6588,2026-09-03T20:54:05.052Z,SHP,Shreveport,48b34b87-69c2-467d-a88c-67aac910c539,SAMMS-Shreveport
202609032054003380,202609031904101191,202609031904101105,85,2210,Bronze INV,br_InvType,TASK_COMPLETE,SUCCESS,INFO,7,7,0,,2026-09-03T19:04:17.619Z,2026-09-03T20:54:05.052Z,6588,2026-09-03T20:54:05.052Z,STN,Staunton,48b34b87-69c2-467d-a88c-67aac910c539,SAMMS-Staunton
202609032054003381,202609031904101192,202609031904101105,85,2211,Bronze INV,br_InvType,TASK_COMPLETE,SUCCESS,INFO,8,8,0,,2026-09-03T19:04:17.619Z,2026-09-03T20:54:05.052Z,6588,2026-09-03T20:54:05.052Z,STVN,Stevenson,48b34b87-69c2-467d-a88c-67aac910c539,SAMMS-Stevenson
202609032054003383,202609031904101193,202609031904101105,85,2213,Bronze INV,br_InvType,TASK_COMPLETE,SUCCESS,INFO,7,7,0,,2026-09-03T19:04:17.619Z,2026-09-03T20:54:05.052Z,6588,2026-09-03T20:54:05.052Z,TE,Tempe,48b34b87-69c2-467d-a88c-67aac910c539,SAMMS-Tempe
202609032054003384,202609031904101194,202609031904101105,85,2214,Bronze INV,br_InvType,TASK_COMPLETE,SUCCESS,INFO,7,7,0,,2026-09-03T19:04:17.619Z,2026-09-03T20:54:05.052Z,6588,2026-09-03T20:54:05.052Z,TEX,Texarkana,48b34b87-69c2-467d-a88c-67aac910c539,SAMMS-Texarkana
202609032054003385,202609031904101195,202609031904101105,85,2215,Bronze INV,br_InvType,TASK_COMPLETE,SUCCESS,INFO,6,6,0,,2026-09-03T19:04:17.619Z,2026-09-03T20:54:05.052Z,6588,2026-09-03T20:54:05.052Z,TTCA,Bessemer,48b34b87-69c2-467d-a88c-67aac910c539,SAMMS-BessemerV5
202609032054003386,202609031904101196,202609031904101105,85,2216,Bronze INV,br_InvType,TASK_COMPLETE,SUCCESS,INFO,6,6,0,,2026-09-03T19:04:17.619Z,2026-09-03T20:54:05.052Z,6588,2026-09-03T20:54:05.052Z,TTCB,Cullman,48b34b87-69c2-467d-a88c-67aac910c539,SAMMS-CullmanV5
202609032054003387,202609031904101197,202609031904101105,85,2217,Bronze INV,br_InvType,TASK_COMPLETE,SUCCESS,INFO,7,7,0,,2026-09-03T19:04:17.619Z,2026-09-03T20:54:05.052Z,6588,2026-09-03T20:54:05.052Z,TTCC,Grand Bay,48b34b87-69c2-467d-a88c-67aac910c539,SAMMS-GrandBay
202609032054003388,202609031904101198,202609031904101105,85,2218,Bronze INV,br_InvType,TASK_COMPLETE,SUCCESS,INFO,7,7,0,,2026-09-03T19:04:17.619Z,2026-09-03T20:54:05.052Z,6588,2026-09-03T20:54:05.052Z,TU,Tucson,48b34b87-69c2-467d-a88c-67aac910c539,SAMMS-Tucson
202609032054003389,202609031904101199,202609031904101105,85,2220,Bronze INV,br_InvType,TASK_COMPLETE,SUCCESS,INFO,6,6,0,,2026-09-03T19:04:17.619Z,2026-09-03T20:54:05.052Z,6588,2026-09-03T20:54:05.052Z,V1,Memphis South,48b34b87-69c2-467d-a88c-67aac910c539,SAMMS-VCPHCS-I-MemphisV5
202609032054003391,202609031904101200,202609031904101105,85,2221,Bronze INV,br_InvType,TASK_COMPLETE,SUCCESS,INFO,8,8,0,,2026-09-03T19:04:17.619Z,2026-09-03T20:54:05.052Z,6588,2026-09-03T20:54:05.052Z,V10,Longmont,48b34b87-69c2-467d-a88c-67aac910c539,SAMMS-BoulderV5
202609032054003392,202609031904101201,202609031904101105,85,2222,Bronze INV,br_InvType,TASK_COMPLETE,SUCCESS,INFO,8,8,0,,2026-09-03T19:04:17.619Z,2026-09-03T20:54:05.052Z,6588,2026-09-03T20:54:05.052Z,V10A,Fort Collins,48b34b87-69c2-467d-a88c-67aac910c539,SAMMS-FortCollinsV5
202609032054003393,202609031904101202,202609031904101105,85,2223,Bronze INV,br_InvType,TASK_COMPLETE,SUCCESS,INFO,8,8,0,,2026-09-03T19:04:17.619Z,2026-09-03T20:54:05.052Z,6588,2026-09-03T20:54:05.052Z,V11,Westminster,48b34b87-69c2-467d-a88c-67aac910c539,SAMMS-VCPHCS-XI-NorthDenverV5
202609032054003394,202609031904101203,202609031904101105,85,2224,Bronze INV,br_InvType,TASK_COMPLETE,SUCCESS,INFO,7,7,0,,2026-09-03T19:04:17.619Z,2026-09-03T20:54:05.052Z,6588,2026-09-03T20:54:05.052Z,V12,Downtown Denver,48b34b87-69c2-467d-a88c-67aac910c539,SAMMS-VCPHCS-XII-DowntownDenverV5
202609032054003395,202609031904101204,202609031904101105,85,2225,Bronze INV,br_InvType,TASK_COMPLETE,SUCCESS,INFO,8,8,0,,2026-09-03T19:04:17.619Z,2026-09-03T20:54:05.052Z,6588,2026-09-03T20:54:05.052Z,V12A,Centennial,48b34b87-69c2-467d-a88c-67aac910c539,SAMMS-CentennialV5
202609032054003396,202609031904101205,202609031904101105,85,2226,Bronze INV,br_InvType,TASK_COMPLETE,SUCCESS,INFO,7,7,0,,2026-09-03T19:04:17.619Z,2026-09-03T20:54:05.052Z,6588,2026-09-03T20:54:05.052Z,V14,Overland Park,48b34b87-69c2-467d-a88c-67aac910c539,SAMMS-VCPHCS-XIV-BridgewayV5
202609032054003397,202609031904101206,202609031904101105,85,2227,Bronze INV,br_InvType,TASK_COMPLETE,SUCCESS,INFO,5,5,0,,2026-09-03T19:04:17.619Z,2026-09-03T20:54:05.052Z,6588,2026-09-03T20:54:05.052Z,V15,Joplin,48b34b87-69c2-467d-a88c-67aac910c539,SAMMS-JoplinV5
202609032054003398,202609031904101207,202609031904101105,85,2229,Bronze INV,br_InvType,TASK_COMPLETE,SUCCESS,INFO,8,8,0,,2026-09-03T19:04:17.619Z,2026-09-03T20:54:05.052Z,6588,2026-09-03T20:54:05.052Z,V17,Columbia TN,48b34b87-69c2-467d-a88c-67aac910c539,SAMMS-ColumbiaTNv5
202609032054003400,202609031904101208,202609031904101105,85,2231,Bronze INV,br_InvType,TASK_COMPLETE,SUCCESS,INFO,7,7,0,,2026-09-03T19:04:17.619Z,2026-09-03T20:54:05.052Z,6588,2026-09-03T20:54:05.052Z,V19,Jackson,48b34b87-69c2-467d-a88c-67aac910c539,SAMMS-JacksonV5
202609032054003401,202609031904101209,202609031904101105,85,2233,Bronze INV,br_InvType,TASK_COMPLETE,SUCCESS,INFO,7,7,0,,2026-09-03T19:04:17.619Z,2026-09-03T20:54:05.052Z,6588,2026-09-03T20:54:05.052Z,V20,Paris,48b34b87-69c2-467d-a88c-67aac910c539,SAMMS-ParisV5
202609032054003402,202609031904101210,202609031904101105,85,2234,Bronze INV,br_InvType,TASK_COMPLETE,SUCCESS,INFO,8,8,0,,2026-09-03T19:04:17.619Z,2026-09-03T20:54:05.052Z,6588,2026-09-03T20:54:05.052Z,V21,Memphis North,48b34b87-69c2-467d-a88c-67aac910c539,SAMMS-RaleighV5
202609032054003403,202609031904101211,202609031904101105,85,2237,Bronze INV,br_InvType,TASK_COMPLETE,SUCCESS,INFO,7,7,0,,2026-09-03T19:04:17.619Z,2026-09-03T20:54:05.052Z,6588,2026-09-03T20:54:05.052Z,V5,West Bank,48b34b87-69c2-467d-a88c-67aac910c539,SAMMS-NONTCv5
202609032054003404,202609031904101212,202609031904101105,85,2239,Bronze INV,br_InvType,TASK_COMPLETE,SUCCESS,INFO,7,7,0,,2026-09-03T19:04:17.619Z,2026-09-03T20:54:05.052Z,6588,2026-09-03T20:54:05.052Z,V5B,Houma,48b34b87-69c2-467d-a88c-67aac910c539,SAMMS-HoumaV6
202609032054003405,202609031904101213,202609031904101105,85,2240,Bronze INV,br_InvType,TASK_COMPLETE,SUCCESS,INFO,8,8,0,,2026-09-03T19:04:17.619Z,2026-09-03T20:54:05.052Z,6588,2026-09-03T20:54:05.052Z,V6,Lake Charles,48b34b87-69c2-467d-a88c-67aac910c539,SAMMS-LCv5
202609032054003406,202609031904101214,202609031904101105,85,2242,Bronze INV,br_InvType,TASK_COMPLETE,SUCCESS,INFO,7,7,0,,2026-09-03T19:04:17.619Z,2026-09-03T20:54:05.052Z,6588,2026-09-03T20:54:05.052Z,V8,Memphis Midtown,48b34b87-69c2-467d-a88c-67aac910c539,SAMMS-VCPHCS-VIII-MemphisV5
202609032054003408,202609031904101215,202609031904101105,85,2243,Bronze INV,br_InvType,TASK_COMPLETE,SUCCESS,INFO,7,7,0,,2026-09-03T19:04:17.619Z,2026-09-03T20:54:05.052Z,6588,2026-09-03T20:54:05.052Z,V9,Nashville,48b34b87-69c2-467d-a88c-67aac910c539,SAMMS-NashvilleV5
202609032054003409,202609031904101216,202609031904101105,85,2244,Bronze INV,br_InvType,TASK_COMPLETE,SUCCESS,INFO,7,7,0,,2026-09-03T19:04:17.619Z,2026-09-03T20:54:05.052Z,6588,2026-09-03T20:54:05.052Z,VBRA,Brainerd,48b34b87-69c2-467d-a88c-67aac910c539,SAMMS-BrainerdV6
202609032054003410,202609031904101217,202609031904101105,85,2245,Bronze INV,br_InvType,TASK_COMPLETE,SUCCESS,INFO,7,7,0,,2026-09-03T19:04:17.619Z,2026-09-03T20:54:05.052Z,6588,2026-09-03T20:54:05.052Z,VBRP,Brooklyn Park,48b34b87-69c2-467d-a88c-67aac910c539,SAMMS-BrooklynParkV6
202609032054003411,202609031904101218,202609031904101105,85,2247,Bronze INV,br_InvType,TASK_COMPLETE,SUCCESS,INFO,7,7,0,,2026-09-03T19:04:17.619Z,2026-09-03T20:54:05.052Z,6588,2026-09-03T20:54:05.052Z,VMIN,Minneapolis,48b34b87-69c2-467d-a88c-67aac910c539,SAMMS-MinneapolisV6
202609032054003412,202609031904101219,202609031904101105,85,2248,Bronze INV,br_InvType,TASK_COMPLETE,SUCCESS,INFO,7,7,0,,2026-09-03T19:04:17.619Z,2026-09-03T20:54:05.052Z,6588,2026-09-03T20:54:05.052Z,VWBY,Woodbury,48b34b87-69c2-467d-a88c-67aac910c539,SAMMS-WoodburyV6
202609032054003413,202609031904101220,202609031904101105,85,2250,Bronze INV,br_InvType,TASK_COMPLETE,SUCCESS,INFO,7,7,0,,2026-09-03T19:04:17.619Z,2026-09-03T20:54:05.052Z,6588,2026-09-03T20:54:05.052Z,WIL,Wilson,48b34b87-69c2-467d-a88c-67aac910c539,SAMMS-Wilson
202609032054003414,202609031904101221,202609031904101105,85,1886,Bronze INV,br_Bottle,TASK_COMPLETE,SUCCESS,INFO,1857,1857,0,,2026-09-03T19:04:17.619Z,2026-09-03T20:54:05.052Z,6588,2026-09-03T20:54:05.052Z,AHK,Ahoskie,48b34b87-69c2-467d-a88c-67aac910c539,SAMMS-Ahoskie
202609032054003416,202609031904101222,202609031904101105,85,1887,Bronze INV,br_Bottle,TASK_COMPLETE,SUCCESS,INFO,2832,2832,0,,2026-09-03T19:04:17.619Z,2026-09-03T20:54:05.052Z,6588,2026-09-03T20:54:05.052Z,B12B,Colorado Springs,48b34b87-69c2-467d-a88c-67aac910c539,SAMMS-ColoradoSpringsV5
202609032054003417,202609031904101223,202609031904101105,85,1888,Bronze INV,br_Bottle,TASK_COMPLETE,SUCCESS,INFO,25839,25839,0,,2026-09-03T19:04:17.619Z,2026-09-03T20:54:05.052Z,6588,2026-09-03T20:54:05.052Z,B24,Paintsville,48b34b87-69c2-467d-a88c-67aac910c539,SAMMS-PaintsvilleV5
202609032054003418,202609031904101224,202609031904101105,85,1889,Bronze INV,br_Bottle,TASK_COMPLETE,SUCCESS,INFO,28172,28172,0,,2026-09-03T19:04:17.619Z,2026-09-03T20:54:05.052Z,6588,2026-09-03T20:54:05.052Z,B25,Pikeville,48b34b87-69c2-467d-a88c-67aac910c539,SAMMS-PikevilleV5
202609032054003419,202609031904101225,202609031904101105,85,1890,Bronze INV,br_Bottle,TASK_COMPLETE,SUCCESS,INFO,51695,51695,0,,2026-09-03T19:04:17.619Z,2026-09-03T20:54:05.052Z,6588,2026-09-03T20:54:05.052Z,B26,Hazard,48b34b87-69c2-467d-a88c-67aac910c539,SAMMS-HazardV5
202609032054003420,202609031904101226,202609031904101105,85,1891,Bronze INV,br_Bottle,TASK_COMPLETE,SUCCESS,INFO,1917,1917,0,,2026-09-03T19:04:17.619Z,2026-09-03T20:54:05.052Z,6588,2026-09-03T20:54:05.052Z,B27,Savannah,48b34b87-69c2-467d-a88c-67aac910c539,SAMMS-SavannahV6
202609032054003421,202609031904101227,202609031904101105,85,1892,Bronze INV,br_Bottle,TASK_COMPLETE,SUCCESS,INFO,20161,20161,0,,2026-09-03T19:04:17.619Z,2026-09-03T20:54:05.052Z,6588,2026-09-03T20:54:05.052Z,B28,West Plains,48b34b87-69c2-467d-a88c-67aac910c539,SAMMS-WestPlainesV5
202609032054003422,202609031904101228,202609031904101105,85,1893,Bronze INV,br_Bottle,TASK_COMPLETE,SUCCESS,INFO,17004,17004,0,,2026-09-03T19:04:17.619Z,2026-09-03T20:54:05.052Z,6588,2026-09-03T20:54:05.052Z,B29,Poplar Bluff,48b34b87-69c2-467d-a88c-67aac910c539,SAMMS-PoplarBluffV5
202609032054003423,202609031904101229,202609031904101105,85,1894,Bronze INV,br_Bottle,TASK_COMPLETE,SUCCESS,INFO,7547,7547,0,,2026-09-03T19:04:17.619Z,2026-09-03T20:54:05.052Z,6588,2026-09-03T20:54:05.052Z,B30,KC North,48b34b87-69c2-467d-a88c-67aac910c539,SAMMS-KCNv5
202609032054003425,202609031904101230,202609031904101105,85,1895,Bronze INV,br_Bottle,TASK_COMPLETE,SUCCESS,INFO,42598,42598,0,,2026-09-03T19:04:17.619Z,2026-09-03T20:54:05.052Z,6588,2026-09-03T20:54:05.052Z,B31,Dyersburg,48b34b87-69c2-467d-a88c-67aac910c539,SAMMS-DyersburgV5
202609032054003426,202609031904101231,202609031904101105,85,1897,Bronze INV,br_Bottle,TASK_COMPLETE,SUCCESS,INFO,25121,25121,0,,2026-09-03T19:04:17.619Z,2026-09-03T20:54:05.052Z,6588,2026-09-03T20:54:05.052Z,B33,Paducah,48b34b87-69c2-467d-a88c-67aac910c539,SAMMS-Paducah
202609032054003427,202609031904101232,202609031904101105,85,1898,Bronze INV,br_Bottle,TASK_COMPLETE,SUCCESS,INFO,31969,31969,0,,2026-09-03T19:04:17.619Z,2026-09-03T20:54:05.052Z,6588,2026-09-03T20:54:05.052Z,B34,Corbin,48b34b87-69c2-467d-a88c-67aac910c539,SAMMS-CorbinV5
202609032054003428,202609031904101233,202609031904101105,85,1899,Bronze INV,br_Bottle,TASK_COMPLETE,SUCCESS,INFO,58167,58167,0,,2026-09-03T19:04:17.619Z,2026-09-03T20:54:05.052Z,6588,2026-09-03T20:54:05.052Z,B35,Lexington,48b34b87-69c2-467d-a88c-67aac910c539,SAMMS-LexingtonV5
202609032054003429,202609031904101234,202609031904101105,85,1900,Bronze INV,br_Bottle,TASK_COMPLETE,SUCCESS,INFO,11623,11623,0,,2026-09-03T19:04:17.619Z,2026-09-03T20:54:05.052Z,6588,2026-09-03T20:54:05.052Z,B35A,Berea,48b34b87-69c2-467d-a88c-67aac910c539,SAMMS-BereaV5
202609032054003430,202609031904101235,202609031904101105,85,1901,Bronze INV,br_Bottle,TASK_COMPLETE,SUCCESS,INFO,34352,34352,0,,2026-09-03T19:04:17.619Z,2026-09-03T20:54:05.052Z,6588,2026-09-03T20:54:05.052Z,B36,Asheville,48b34b87-69c2-467d-a88c-67aac910c539,SAMMS-AshevilleV5
202609032054003431,202609031904101236,202609031904101105,85,1902,Bronze INV,br_Bottle,TASK_COMPLETE,SUCCESS,INFO,20557,20557,0,,2026-09-03T19:04:17.619Z,2026-09-03T20:54:05.052Z,6588,2026-09-03T20:54:05.052Z,B37,Clyde,48b34b87-69c2-467d-a88c-67aac910c539,SAMMS-ClydeV5
202609032054003433,202609031904101237,202609031904101105,85,1903,Bronze INV,br_Bottle,TASK_COMPLETE,SUCCESS,INFO,24915,24915,0,,2026-09-03T19:04:17.619Z,2026-09-03T20:54:05.052Z,6588,2026-09-03T20:54:05.052Z,B38,Spartanburg,48b34b87-69c2-467d-a88c-67aac910c539,SAMMS-SpartanburgV5
202609032054003434,202609031904101238,202609031904101105,85,1904,Bronze INV,br_Bottle,TASK_COMPLETE,SUCCESS,INFO,6553,6553,0,,2026-09-03T19:04:17.619Z,2026-09-03T20:54:05.052Z,6588,2026-09-03T20:54:05.052Z,B39,Aiken,48b34b87-69c2-467d-a88c-67aac910c539,SAMMS-AikenV5
202609032054003435,202609031904101239,202609031904101105,85,1905,Bronze INV,br_Bottle,TASK_COMPLETE,SUCCESS,INFO,12822,12822,0,,2026-09-03T19:04:17.619Z,2026-09-03T20:54:05.052Z,6588,2026-09-03T20:54:05.052Z,B41,Chesapeake,48b34b87-69c2-467d-a88c-67aac910c539,SAMMS-ChesapeakeV5
202609032054003436,202609031904101240,202609031904101105,85,1906,Bronze INV,br_Bottle,TASK_COMPLETE,SUCCESS,INFO,19534,19534,0,,2026-09-03T19:04:17.619Z,2026-09-03T20:54:05.052Z,6588,2026-09-03T20:54:05.052Z,B42,Virginia Beach,48b34b87-69c2-467d-a88c-67aac910c539,SAMMS-VirginiaBeachV5
202609032054003439,202609031904101241,202609031904101105,85,1907,Bronze INV,br_Bottle,TASK_COMPLETE,SUCCESS,INFO,8680,8680,0,,2026-09-03T19:04:17.619Z,2026-09-03T20:54:05.052Z,6588,2026-09-03T20:54:05.052Z,B42A,Newport News,48b34b87-69c2-467d-a88c-67aac910c539,SAMMS-NewportNewsV5
202609071022440381,202609071022440382,20260907102244,130,13687,Gold Claim Denial Prediction,ClaimDenialPredictionV1,TASK_FAILED,FAILED,ERROR,0,0,1,"Pipeline finished with status PARTIAL_SUCCESS. 1 task(s) failed, 1 succeeded. Task 'Azure Sql Python Silver - Claim Denial Prediction' (TaskConfigId: 13685) failed: [SCHEMA_NOT_FOUND] The schema `default.BHG-DATA-PLATFORM-CORE-DEV.bhg_silver.pads` cannot be found. Verify the spelling and correctness of the schema and catalog. If you did not qualify the name with a catalog, verify the current_schema() output, or qualify the name with the correct catalog. To tolerate the error on drop use DROP SCHEMA IF EXISTS.",2026-09-07T10:22:44.038Z,2026-09-07T10:22:44.038Z,0,2026-09-07T10:22:44.038Z,,,59e851e0-897f-4c3c-ab10-d7c44d4ebdc4,
202609071442008651,202609071335191703,20260907133507,100,13668,Bronze QQ_GLTRAN,br_qq_gltran,TASK_FAILED,FAILED,ERROR,0,0,0,"The expression concat(SELECT * FROM , json(activity(Pre_Execute).output.result.exitValue).SourceTable,  WHERE CONVERT(DATE, [CREATE DATE]) >= DATEADD(DAY, -, string(json(activity(Pre_Execute).output.result.exitValue).LookbackDays), , CONVERT(DATE, GETDATE())) AND CONVERT(DATE, [CREATE DATE]) <= DATEADD(DAY, -1, CONVERT(DATE, GETDATE())) AND Posted = P) cannot be evaluated because property SourceTable doesnt exist, available properties are Status, RunId, TaskId, ConfigId, TaskConfigId, PipelineName, RowsProcessed, RowsWritten, DurationSeconds.",2026-09-07T13:35:21.608Z,2026-09-07T14:42:02.463Z,3989,2026-09-07T14:42:02.463Z,,,2764fae6-2535-4feb-ba5c-fc2875d2d15d,
202608300641034350,202608300641034350,20260830063351,131,13695,Trending Treatment Plans State Reqs Silver,sl_vwTrendingTreatmentPlansStateReqs,TASK_FAILED,FAILED,ERROR,0,0,1,"Cannot load source table ''pats.vw_Treatment_Plan_StateReq''. Tried candidates: [''pats.vw_Treatment_Plan_StateReq'', ''pats.vw_Treatment_Plan_StateReq'', ''pats.vw_Treatment_Plan_StateReq'', ''pats.vw_Treatment_Plan_StateReq'', ''pats.vw_Treatment_Plan_StateReq'', ''pats.vw_Treatment_Plan_StateReq'', ''pats.vw_Treatment_Plan_StateReq'', ''pats.vw_Treatment_Plan_StateReq'', ''pats.vw_Treatment_Plan_StateReq'', ''vw_Treatment_Plan_StateReq'', ''bhg_silver.pats.vw_Treatment_Plan_StateReq'', ''pats.vw_Treatment_Plan_StateReq'', ''bhg_silver.pats_gold.vw_Treatment_Plan_StateReq'', ''pats_gold.vw_Treatment_Plan_StateReq'', ''bhg_silver.pats.tbl_vw_TrendingTreatmentPlans_StateReqs'', ''pats.tbl_vw_TrendingTreatmentPlans_StateReqs'']",2026-08-30T06:41:03.435Z,2026-08-30T06:41:21.527Z,18,2026-08-30T06:41:21.527Z,,,f5468d60-c3b5-4f89-8aff-6c67bdfcebae,
202609032054003268,202609031904101106,202609031904101105,85,2070,Bronze INV,br_InvType,TASK_COMPLETE,SUCCESS,INFO,7,7,0,,2026-09-03T19:04:17.619Z,2026-09-03T20:54:05.052Z,6588,2026-09-03T20:54:05.052Z,AHK,Ahoskie,48b34b87-69c2-467d-a88c-67aac910c539,SAMMS-Ahoskie
202609032054003269,202609031904101107,202609031904101105,85,2071,Bronze INV,br_InvType,TASK_COMPLETE,SUCCESS,INFO,7,7,0,,2026-09-03T19:04:17.619Z,2026-09-03T20:54:05.052Z,6588,2026-09-03T20:54:05.052Z,B12B,Colorado Springs,48b34b87-69c2-467d-a88c-67aac910c539,SAMMS-ColoradoSpringsV5
202609032054003271,202609031904101108,202609031904101105,85,2072,Bronze INV,br_InvType,TASK_COMPLETE,SUCCESS,INFO,7,7,0,,2026-09-03T19:04:17.619Z,2026-09-03T20:54:05.052Z,6588,2026-09-03T20:54:05.052Z,B24,Paintsville,48b34b87-69c2-467d-a88c-67aac910c539,SAMMS-PaintsvilleV5
202609032054003272,202609031904101109,202609031904101105,85,2073,Bronze INV,br_InvType,TASK_COMPLETE,SUCCESS,INFO,7,7,0,,2026-09-03T19:04:17.619Z,2026-09-03T20:54:05.052Z,6588,2026-09-03T20:54:05.052Z,B25,Pikeville,48b34b87-69c2-467d-a88c-67aac910c539,SAMMS-PikevilleV5
202609032054003273,202609031904101110,202609031904101105,85,2074,Bronze INV,br_InvType,TASK_COMPLETE,SUCCESS,INFO,7,7,0,,2026-09-03T19:04:17.619Z,2026-09-03T20:54:05.052Z,6588,2026-09-03T20:54:05.052Z,B26,Hazard,48b34b87-69c2-467d-a88c-67aac910c539,SAMMS-HazardV5
202609032054003275,202609031904101111,202609031904101105,85,2075,Bronze INV,br_InvType,TASK_COMPLETE,SUCCESS,INFO,7,7,0,,2026-09-03T19:04:17.619Z,2026-09-03T20:54:05.052Z,6588,2026-09-03T20:54:05.052Z,B27,Savannah,48b34b87-69c2-467d-a88c-67aac910c539,SAMMS-SavannahV6
202609032054003276,202609031904101112,202609031904101105,85,2076,Bronze INV,br_InvType,TASK_COMPLETE,SUCCESS,INFO,7,7,0,,2026-09-03T19:04:17.619Z,2026-09-03T20:54:05.052Z,6588,2026-09-03T20:54:05.052Z,B28,West Plains,48b34b87-69c2-467d-a88c-67aac910c539,SAMMS-WestPlainesV5
202609032054003277,202609031904101113,202609031904101105,85,2077,Bronze INV,br_InvType,TASK_COMPLETE,SUCCESS,INFO,7,7,0,,2026-09-03T19:04:17.619Z,2026-09-03T20:54:05.052Z,6588,2026-09-03T20:54:05.052Z,B29,Poplar Bluff,48b34b87-69c2-467d-a88c-67aac910c539,SAMMS-PoplarBluffV5
202609032054003278,202609031904101114,202609031904101105,85,2078,Bronze INV,br_InvType,TASK_COMPLETE,SUCCESS,INFO,7,7,0,,2026-09-03T19:04:17.619Z,2026-09-03T20:54:05.052Z,6588,2026-09-03T20:54:05.052Z,B30,KC North,48b34b87-69c2-467d-a88c-67aac910c539,SAMMS-KCNv5
202609032054003280,202609031904101115,202609031904101105,85,2079,Bronze INV,br_InvType,TASK_COMPLETE,SUCCESS,INFO,7,7,0,,2026-09-03T19:04:17.619Z,2026-09-03T20:54:05.052Z,6588,2026-09-03T20:54:05.052Z,B31,Dyersburg,48b34b87-69c2-467d-a88c-67aac910c539,SAMMS-DyersburgV5
202609032054003281,202609031904101116,202609031904101105,85,2081,Bronze INV,br_InvType,TASK_COMPLETE,SUCCESS,INFO,6,6,0,,2026-09-03T19:04:17.619Z,2026-09-03T20:54:05.052Z,6588,2026-09-03T20:54:05.052Z,B33,Paducah,48b34b87-69c2-467d-a88c-67aac910c539,SAMMS-Paducah
202609032054003294,202609031904101117,202609031904101105,85,2082,Bronze INV,br_InvType,TASK_COMPLETE,SUCCESS,INFO,6,6,0,,2026-09-03T19:04:17.619Z,2026-09-03T20:54:05.052Z,6588,2026-09-03T20:54:05.052Z,B34,Corbin,48b34b87-69c2-467d-a88c-67aac910c539,SAMMS-CorbinV5
202609032054003295,202609031904101118,202609031904101105,85,2083,Bronze INV,br_InvType,TASK_COMPLETE,SUCCESS,INFO,8,8,0,,2026-09-03T19:04:17.619Z,2026-09-03T20:54:05.052Z,6588,2026-09-03T20:54:05.052Z,B35,Lexington,48b34b87-69c2-467d-a88c-67aac910c539,SAMMS-LexingtonV5
202609032054003296,202609031904101119,202609031904101105,85,2084,Bronze INV,br_InvType,TASK_COMPLETE,SUCCESS,INFO,8,8,0,,2026-09-03T19:04:17.619Z,2026-09-03T20:54:05.052Z,6588,2026-09-03T20:54:05.052Z,B35A,Berea,48b34b87-69c2-467d-a88c-67aac910c539,SAMMS-BereaV5
202609032054003297,202609031904101120,202609031904101105,85,2085,Bronze INV,br_InvType,TASK_COMPLETE,SUCCESS,INFO,5,5,0,,2026-09-03T19:04:17.619Z,2026-09-03T20:54:05.052Z,6588,2026-09-03T20:54:05.052Z,B36,Asheville,48b34b87-69c2-467d-a88c-67aac910c539,SAMMS-AshevilleV5
202609032054003298,202609031904101121,202609031904101105,85,2086,Bronze INV,br_InvType,TASK_COMPLETE,SUCCESS,INFO,6,6,0,,2026-09-03T19:04:17.619Z,2026-09-03T20:54:05.052Z,6588,2026-09-03T20:54:05.052Z,B37,Clyde,48b34b87-69c2-467d-a88c-67aac910c539,SAMMS-ClydeV5
202609032054003299,202609031904101122,202609031904101105,85,2087,Bronze INV,br_InvType,TASK_COMPLETE,SUCCESS,INFO,7,7,0,,2026-09-03T19:04:17.619Z,2026-09-03T20:54:05.052Z,6588,2026-09-03T20:54:05.052Z,B38,Spartanburg,48b34b87-69c2-467d-a88c-67aac910c539,SAMMS-SpartanburgV5
202609032054003301,202609031904101123,202609031904101105,85,2088,Bronze INV,br_InvType,TASK_COMPLETE,SUCCESS,INFO,6,6,0,,2026-09-03T19:04:17.619Z,2026-09-03T20:54:05.052Z,6588,2026-09-03T20:54:05.052Z,B39,Aiken,48b34b87-69c2-467d-a88c-67aac910c539,SAMMS-AikenV5
202609032054003302,202609031904101124,202609031904101105,85,2089,Bronze INV,br_InvType,TASK_COMPLETE,SUCCESS,INFO,5,5,0,,2026-09-03T19:04:17.619Z,2026-09-03T20:54:05.052Z,6588,2026-09-03T20:54:05.052Z,B41,Chesapeake,48b34b87-69c2-467d-a88c-67aac910c539,SAMMS-ChesapeakeV5
202609032054003303,202609031904101125,202609031904101105,85,2090,Bronze INV,br_InvType,TASK_COMPLETE,SUCCESS,INFO,6,6,0,,2026-09-03T19:04:17.619Z,2026-09-03T20:54:05.052Z,6588,2026-09-03T20:54:05.052Z,B42,Virginia Beach,48b34b87-69c2-467d-a88c-67aac910c539,SAMMS-VirginiaBeachV5
202609032054003304,202609031904101126,202609031904101105,85,2091,Bronze INV,br_InvType,TASK_COMPLETE,SUCCESS,INFO,5,5,0,,2026-09-03T19:04:17.619Z,2026-09-03T20:54:05.052Z,6588,2026-09-03T20:54:05.052Z,B42A,Newport News,48b34b87-69c2-467d-a88c-67aac910c539,SAMMS-NewportNewsV5
202609032054003305,202609031904101127,202609031904101105,85,2092,Bronze INV,br_InvType,TASK_COMPLETE,SUCCESS,INFO,3,3,0,,2026-09-03T19:04:17.619Z,2026-09-03T20:54:05.052Z,6588,2026-09-03T20:54:05.052Z,B42B,Franklin,48b34b87-69c2-467d-a88c-67aac910c539,SAMMS-FranklinV5
202609032054003306,202609031904101128,202609031904101105,85,2093,Bronze INV,br_InvType,TASK_COMPLETE,SUCCESS,INFO,5,5,0,,2026-09-03T19:04:17.619Z,2026-09-03T20:54:05.052Z,6588,2026-09-03T20:54:05.052Z,B42C,Glen Allen,48b34b87-69c2-467d-a88c-67aac910c539,SAMMS-GlenAllenV5
202609032054003307,202609031904101129,202609031904101105,85,2094,Bronze INV,br_InvType,TASK_COMPLETE,SUCCESS,INFO,7,7,0,,2026-09-03T19:04:17.619Z,2026-09-03T20:54:05.052Z,6588,2026-09-03T20:54:05.052Z,B42D,Chesapeake South,48b34b87-69c2-467d-a88c-67aac910c539,SAMMS-ChesapeakeSouthV5
202609032054003309,202609031904101130,202609031904101105,85,2095,Bronze INV,br_InvType,TASK_COMPLETE,SUCCESS,INFO,5,5,0,,2026-09-03T19:04:17.619Z,2026-09-03T20:54:05.052Z,6588,2026-09-03T20:54:05.052Z,B44,Albany,48b34b87-69c2-467d-a88c-67aac910c539,SAMMS-AlbanyV5
202609032054003310,202609031904101131,202609031904101105,85,2096,Bronze INV,br_InvType,TASK_COMPLETE,SUCCESS,INFO,5,5,0,,2026-09-03T19:04:17.619Z,2026-09-03T20:54:05.052Z,6588,2026-09-03T20:54:05.052Z,B45,Tifton,48b34b87-69c2-467d-a88c-67aac910c539,SAMMS-TiftonV5
202609032054003311,202609031904101132,202609031904101105,85,2097,Bronze INV,br_InvType,TASK_COMPLETE,SUCCESS,INFO,5,5,0,,2026-09-03T19:04:17.619Z,2026-09-03T20:54:05.052Z,6588,2026-09-03T20:54:05.052Z,B46,Washington DC,48b34b87-69c2-467d-a88c-67aac910c539,SAMMS-WashingtonDCv5
202609032054003312,202609031904101133,202609031904101105,85,2098,Bronze INV,br_InvType,TASK_COMPLETE,SUCCESS,INFO,7,7,0,,2026-09-03T19:04:17.619Z,2026-09-03T20:54:05.052Z,6588,2026-09-03T20:54:05.052Z,B47,Mobile,48b34b87-69c2-467d-a88c-67aac910c539,SAMMS-MobileV5
202609032054003313,202609031904101134,202609031904101105,85,2099,Bronze INV,br_InvType,TASK_COMPLETE,SUCCESS,INFO,6,6,0,,2026-09-03T19:04:17.619Z,2026-09-03T20:54:05.052Z,6588,2026-09-03T20:54:05.052Z,B48,Tuscaloosa,48b34b87-69c2-467d-a88c-67aac910c539,SAMMS-TuscaloosaV5
202609032054003314,202609031904101135,202609031904101105,85,2108,Bronze INV,br_InvType,TASK_COMPLETE,SUCCESS,INFO,7,7,0,,2026-09-03T19:04:17.619Z,2026-09-03T20:54:05.052Z,6588,2026-09-03T20:54:05.052Z,B51,N. Little Rock (OTP),48b34b87-69c2-467d-a88c-67aac910c539,SAMMS-NorthLittleRockV6
202609032054003315,202609031904101136,202609031904101105,85,2109,Bronze INV,br_InvType,TASK_COMPLETE,SUCCESS,INFO,5,5,0,,2026-09-03T19:04:17.619Z,2026-09-03T20:54:05.052Z,6588,2026-09-03T20:54:05.052Z,B52,Jackson GA,48b34b87-69c2-467d-a88c-67aac910c539,SAMMS-JacksonGAV5
202609032054003317,202609031904101137,202609031904101105,85,2110,Bronze INV,br_InvType,TASK_COMPLETE,SUCCESS,INFO,7,7,0,,2026-09-03T19:04:17.619Z,2026-09-03T20:54:05.052Z,6588,2026-09-03T20:54:05.052Z,B54,Gadsden,48b34b87-69c2-467d-a88c-67aac910c539,SAMMS-GadsdenV5
202609032054003318,202609031904101138,202609031904101105,85,2111,Bronze INV,br_InvType,TASK_COMPLETE,SUCCESS,INFO,8,8,0,,2026-09-03T19:04:17.619Z,2026-09-03T20:54:05.052Z,6588,2026-09-03T20:54:05.052Z,B55,Shoals,48b34b87-69c2-467d-a88c-67aac910c539,SAMMS-ShoalsV5
202609032054003319,202609031904101139,202609031904101105,85,2112,Bronze INV,br_InvType,TASK_COMPLETE,SUCCESS,INFO,7,7,0,,2026-09-03T19:04:17.619Z,2026-09-03T20:54:05.052Z,6588,2026-09-03T20:54:05.052Z,B57,Pawtucket,48b34b87-69c2-467d-a88c-67aac910c539,SAMMS-Pawtucket
202609032054003320,202609031904101140,202609031904101105,85,2113,Bronze INV,br_InvType,TASK_COMPLETE,SUCCESS,INFO,8,8,0,,2026-09-03T19:04:17.619Z,2026-09-03T20:54:05.052Z,6588,2026-09-03T20:54:05.052Z,B57A,Johnston,48b34b87-69c2-467d-a88c-67aac910c539,SAMMS-Johnston
202609032054003321,202609031904101141,202609031904101105,85,2114,Bronze INV,br_InvType,TASK_COMPLETE,SUCCESS,INFO,7,7,0,,2026-09-03T19:04:17.619Z,2026-09-03T20:54:05.052Z,6588,2026-09-03T20:54:05.052Z,B57B,Middletown,48b34b87-69c2-467d-a88c-67aac910c539,SAMMS-Middletown
202609032054003322,202609031904101142,202609031904101105,85,2115,Bronze INV,br_InvType,TASK_COMPLETE,SUCCESS,INFO,7,7,0,,2026-09-03T19:04:17.619Z,2026-09-03T20:54:05.052Z,6588,2026-09-03T20:54:05.052Z,B57C,Providence,48b34b87-69c2-467d-a88c-67aac910c539,SAMMS-Providence
202609032054003323,202609031904101143,202609031904101105,85,2116,Bronze INV,br_InvType,TASK_COMPLETE,SUCCESS,INFO,7,7,0,,2026-09-03T19:04:17.619Z,2026-09-03T20:54:05.052Z,6588,2026-09-03T20:54:05.052Z,B57D,Westerly,48b34b87-69c2-467d-a88c-67aac910c539,SAMMS-Westerly
202609032054003325,202609031904101144,202609031904101105,85,2120,Bronze INV,br_InvType,TASK_COMPLETE,SUCCESS,INFO,0,0,0,,2026-09-03T19:04:17.619Z,2026-09-03T20:54:05.052Z,6588,2026-09-03T20:54:05.052Z,B66A,Bremen,48b34b87-69c2-467d-a88c-67aac910c539,SAMMS-Bremen
202609032054003326,202609031904101145,202609031904101105,85,2123,Bronze INV,br_InvType,TASK_COMPLETE,SUCCESS,INFO,0,0,0,,2026-09-03T19:04:17.619Z,2026-09-03T20:54:05.052Z,6588,2026-09-03T20:54:05.052Z,B72,Mobile (OBOT),48b34b87-69c2-467d-a88c-67aac910c539,SAMMS-Mobile-OBOT
202609032054003327,202609031904101146,202609031904101105,85,2124,Bronze INV,br_InvType,TASK_COMPLETE,SUCCESS,INFO,0,0,0,,2026-09-03T19:04:17.619Z,2026-09-03T20:54:05.052Z,6588,2026-09-03T20:54:05.052Z,B73,Montgomery,48b34b87-69c2-467d-a88c-67aac910c539,SAMMS-Montgomery
202609032054003328,202609031904101147,202609031904101105,85,2125,Bronze INV,br_InvType,TASK_COMPLETE,SUCCESS,INFO,7,7,0,,2026-09-03T19:04:17.619Z,2026-09-03T20:54:05.052Z,6588,2026-09-03T20:54:05.052Z,B75,Lawrence,48b34b87-69c2-467d-a88c-67aac910c539,SAMMS-LawrenceV6
202609032054003329,202609031904101148,202609031904101105,85,2126,Bronze INV,br_InvType,TASK_COMPLETE,SUCCESS,INFO,0,0,0,,2026-09-03T19:04:17.619Z,2026-09-03T20:54:05.052Z,6588,2026-09-03T20:54:05.052Z,B76,Huntsville OBOT,48b34b87-69c2-467d-a88c-67aac910c539,SAMMS-Huntsville-OBOT
202609032054003330,202609031904101149,202609031904101105,85,2127,Bronze INV,br_InvType,TASK_COMPLETE,SUCCESS,INFO,7,7,0,,2026-09-03T19:04:17.619Z,2026-09-03T20:54:05.052Z,6588,2026-09-03T20:54:05.052Z,BAT,Batesville,48b34b87-69c2-467d-a88c-67aac910c539,SAMMS-Batesville
202609032054003331,202609031904101150,202609031904101105,85,2128,Bronze INV,br_InvType,TASK_COMPLETE,SUCCESS,INFO,7,7,0,,2026-09-03T19:04:17.619Z,2026-09-03T20:54:05.052Z,6588,2026-09-03T20:54:05.052Z,BG,Bowling Green,48b34b87-69c2-467d-a88c-67aac910c539,SAMMS-BowlingGreen
202609032054003333,202609031904101151,202609031904101105,85,2129,Bronze INV,br_InvType,TASK_COMPLETE,SUCCESS,INFO,7,7,0,,2026-09-03T19:04:17.619Z,2026-09-03T20:54:05.052Z,6588,2026-09-03T20:54:05.052Z,BOI,Boise,48b34b87-69c2-467d-a88c-67aac910c539,SAMMS-Boise
202609032054003334,202609031904101152,202609031904101105,85,2136,Bronze INV,br_InvType,TASK_COMPLETE,SUCCESS,INFO,7,7,0,,2026-09-03T19:04:17.619Z,2026-09-03T20:54:05.052Z,6588,2026-09-03T20:54:05.052Z,CBCO,Coeur dAlene,48b34b87-69c2-467d-a88c-67aac910c539,SAMMS-CoeurdAleneV6
202609032054003335,202609031904101153,202609031904101105,85,2155,Bronze INV,br_InvType,TASK_COMPLETE,SUCCESS,INFO,7,7,0,,2026-09-03T19:04:17.619Z,2026-09-03T20:54:05.052Z,6588,2026-09-03T20:54:05.052Z,CON,Conway,48b34b87-69c2-467d-a88c-67aac910c539,SAMMS-Conway
202609032054003336,202609031904101154,202609031904101105,85,2156,Bronze INV,br_InvType,TASK_COMPLETE,SUCCESS,INFO,7,7,0,,2026-09-03T19:04:17.619Z,2026-09-03T20:54:05.052Z,6588,2026-09-03T20:54:05.052Z,D07,Medical Services Knox TN,48b34b87-69c2-467d-a88c-67aac910c539,SAMMS-KnoxvilleV6
202609032054003337,202609031904101155,202609031904101105,85,2157,Bronze INV,br_InvType,TASK_COMPLETE,SUCCESS,INFO,7,7,0,,2026-09-03T19:04:17.619Z,2026-09-03T20:54:05.052Z,6588,2026-09-03T20:54:05.052Z,D08,Madison,48b34b87-69c2-467d-a88c-67aac910c539,SAMMS-MadisonV6
202609032054003338,202609031904101156,202609031904101105,85,2159,Bronze INV,br_InvType,TASK_COMPLETE,SUCCESS,INFO,7,7,0,,2026-09-03T19:04:17.619Z,2026-09-03T20:54:05.052Z,6588,2026-09-03T20:54:05.052Z,D09,Murfreesboro,48b34b87-69c2-467d-a88c-67aac910c539,SAMMS-MurfreesboroV6
202609032054003339,202609031904101157,202609031904101105,85,2160,Bronze INV,br_InvType,TASK_COMPLETE,SUCCESS,INFO,7,7,0,,2026-09-03T19:04:17.619Z,2026-09-03T20:54:05.052Z,6588,2026-09-03T20:54:05.052Z,DA,Davenport,48b34b87-69c2-467d-a88c-67aac910c539,SAMMS-Davenport
202609032054003341,202609031904101158,202609031904101105,85,2161,Bronze INV,br_InvType,TASK_COMPLETE,SUCCESS,INFO,7,7,0,,2026-09-03T19:04:17.619Z,2026-09-03T20:54:05.052Z,6588,2026-09-03T20:54:05.052Z,DM,Des Moines,48b34b87-69c2-467d-a88c-67aac910c539,SAMMS-DesMoines
202609032054003342,202609031904101159,202609031904101105,85,2163,Bronze INV,br_InvType,TASK_COMPLETE,SUCCESS,INFO,7,7,0,,2026-09-03T19:04:17.619Z,2026-09-03T20:54:05.052Z,6588,2026-09-03T20:54:05.052Z,DRD-CO,Columbia MO,48b34b87-69c2-467d-a88c-67aac910c539,SAMMS-ColumbiaV5
202609032054003343,202609031904101160,202609031904101105,85,2164,Bronze INV,br_InvType,TASK_COMPLETE,SUCCESS,INFO,7,7,0,,2026-09-03T19:04:17.619Z,2026-09-03T20:54:05.052Z,6588,2026-09-03T20:54:05.052Z,DRD-KC,KC,48b34b87-69c2-467d-a88c-67aac910c539,SAMMS-KCv5
202609032054003344,202609031904101161,202609031904101105,85,2165,Bronze INV,br_InvType,TASK_COMPLETE,SUCCESS,INFO,8,8,0,,2026-09-03T19:04:17.619Z,2026-09-03T20:54:05.052Z,6588,2026-09-03T20:54:05.052Z,DRD-KVB,KVB,48b34b87-69c2-467d-a88c-67aac910c539,SAMMS-KVBv5
202609032054003345,202609031904101162,202609031904101105,85,2166,Bronze INV,br_InvType,TASK_COMPLETE,SUCCESS,INFO,9,9,0,,2026-09-03T19:04:17.619Z,2026-09-03T20:54:05.052Z,6588,2026-09-03T20:54:05.052Z,DRD-KVC,KVC,48b34b87-69c2-467d-a88c-67aac910c539,SAMMS-KVCv5
202609032054003346,202609031904101163,202609031904101105,85,2167,Bronze INV,br_InvType,TASK_COMPLETE,SUCCESS,INFO,7,7,0,,2026-09-03T19:04:17.619Z,2026-09-03T20:54:05.052Z,6588,2026-09-03T20:54:05.052Z,DRD-NOLA,NOLA,48b34b87-69c2-467d-a88c-67aac910c539,SAMMS-NOLAv5
202609032054003347,202609031904101164,202609031904101105,85,2168,Bronze INV,br_InvType,TASK_COMPLETE,SUCCESS,INFO,7,7,0,,2026-09-03T19:04:17.619Z,2026-09-03T20:54:05.052Z,6588,2026-09-03T20:54:05.052Z,DRD-SF,Springfield,48b34b87-69c2-467d-a88c-67aac910c539,SAMMS-SFv5
202609032054003349,202609031904101165,202609031904101105,85,2170,Bronze INV,br_InvType,TASK_COMPLETE,SUCCESS,INFO,7,7,0,,2026-09-03T19:04:17.619Z,2026-09-03T20:54:05.052Z,6588,2026-09-03T20:54:05.052Z,ELC,Elizabeth City,48b34b87-69c2-467d-a88c-67aac910c539,SAMMS-ElizabethCity
202609032054003350,202609031904101166,202609031904101105,85,2171,Bronze INV,br_InvType,TASK_COMPLETE,SUCCESS,INFO,7,7,0,,2026-09-03T19:04:17.619Z,2026-09-03T20:54:05.052Z,6588,2026-09-03T20:54:05.052Z,ET,Elizabethtown,48b34b87-69c2-467d-a88c-67aac910c539,SAMMS-Elizabethtown
202609032054003351,202609031904101167,202609031904101105,85,2172,Bronze INV,br_InvType,TASK_COMPLETE,SUCCESS,INFO,7,7,0,,2026-09-03T19:04:17.619Z,2026-09-03T20:54:05.052Z,6588,2026-09-03T20:54:05.052Z,FAY,Fayetteville,48b34b87-69c2-467d-a88c-67aac910c539,SAMMS-Fayetteville
202609032054003352,202609031904101168,202609031904101105,85,2173,Bronze INV,br_InvType,TASK_COMPLETE,SUCCESS,INFO,7,7,0,,2026-09-03T19:04:17.619Z,2026-09-03T20:54:05.052Z,6588,2026-09-03T20:54:05.052Z,FR,Frankfort,48b34b87-69c2-467d-a88c-67aac910c539,SAMMS-Frankfort
202609032054003353,202609031904101169,202609031904101105,85,2174,Bronze INV,br_InvType,TASK_COMPLETE,SUCCESS,INFO,7,7,0,,2026-09-03T19:04:17.619Z,2026-09-03T20:54:05.052Z,6588,2026-09-03T20:54:05.052Z,FS,Fort Smith,48b34b87-69c2-467d-a88c-67aac910c539,SAMMS-FortSmith
202609032054003354,202609031904101170,202609031904101105,85,2175,Bronze INV,br_InvType,TASK_COMPLETE,SUCCESS,INFO,7,7,0,,2026-09-03T19:04:17.619Z,2026-09-03T20:54:05.052Z,6588,2026-09-03T20:54:05.052Z,FW,Fort Wayne,48b34b87-69c2-467d-a88c-67aac910c539,SAMMS-FortWayne
202609032054003355,202609031904101171,202609031904101105,85,2176,Bronze INV,br_InvType,TASK_COMPLETE,SUCCESS,INFO,7,7,0,,2026-09-03T19:04:17.619Z,2026-09-03T20:54:05.052Z,6588,2026-09-03T20:54:05.052Z,GAL,Gaylord,48b34b87-69c2-467d-a88c-67aac910c539,SAMMS-Gaylord
202609032054003357,202609031904101172,202609031904101105,85,2180,Bronze INV,br_InvType,TASK_COMPLETE,SUCCESS,INFO,4,4,0,,2026-09-03T19:04:17.619Z,2026-09-03T20:54:05.052Z,6588,2026-09-03T20:54:05.052Z,HGT,Hagerstown,48b34b87-69c2-467d-a88c-67aac910c539,SAMMS-Hagerstown
202609032054003358,202609031904101173,202609031904101105,85,2181,Bronze INV,br_InvType,TASK_COMPLETE,SUCCESS,INFO,5,5,0,,2026-09-03T19:04:17.619Z,2026-09-03T20:54:05.052Z,6588,2026-09-03T20:54:05.052Z,HNT,Huntsville,48b34b87-69c2-467d-a88c-67aac910c539,SAMMS-Huntsville
202609080602203268,202609080602203268,20260908060220,2,5,Silver UKG Job Codes,JobCodes,ACTIVITY_FAILED,FAILED,ERROR,0,0,0,"Notebook execution failed at Notebook service with http status code - 200, please check the Run logs on Notebook, additional details - {\"errorCode\":\"200\",\"errorName\":\"Py4JJavaError\",\"errorValue\":\"An error occurred while calling o417.sql.
: io.delta.exceptions.ConcurrentAppendException: [DELTA_CONCURRENT_APPEND] ConcurrentAppendException: Files were added to the root of the table by a concurrent update. Please try the operation again.
Conflicting commit: {\"timestamp\":1788847004497,\"operation...",2026-09-08T05:44:42.236Z,2026-09-08T05:57:53.178Z,0,2026-09-08T06:02:33.982Z,,,d21a22ed-079c-4197-be60-19877f0c18c0,
202609041029281799,202609041029281799,20260904102928,145,0,Brz_to_Slv,Brz_to_Slv,ACTIVITY_FAILED,FAILED,ERROR,0,0,0,"Notebook execution failed at Notebook service with http status code - 200, please check the Run logs on Notebook, additional details - {\"errorCode\":\"200\",\"errorName\":\"AnalysisException\",\"errorValue\":\"[UNRESOLVED_COLUMN.WITH_SUGGESTION] A column or function parameter with name `CreateDate` cannot be resolved. Did you mean one of the following? [`Create Date`, `Create User`, `NoteID`, `Posted`, `Released`].; line 1 pos 51;
DeltaDelete cast(CreateDate as date) IN (2023-06-22,2023-07-15,2023-05-22,...",2026-09-04T10:29:40.955Z,2026-09-04T10:29:40.955Z,0,2026-09-04T10:29:40.955Z,,,a2b79122-a062-4ea8-a301-db2a1318199f,
202609041118125280,202609041118125280,20260904111812,145,0,Brz_to_Slv,Brz_to_Slv,ACTIVITY_FAILED,FAILED,ERROR,0,0,0,"Notebook execution failed at Notebook service with http status code - 200, please check the Run logs on Notebook, additional details - {\"errorCode\":\"200\",\"errorName\":\"AnalysisException\",\"errorValue\":\"[UNRESOLVED_COLUMN.WITH_SUGGESTION] A column or function parameter with name `CreateDate` cannot be resolved. Did you mean one of the following? [`Create Date`, `Create User`, `NoteID`, `Posted`, `Released`].; line 1 pos 51;
DeltaDelete cast(CreateDate as date) IN (2022-03-28,2022-07-31,2024-09-18,...",2026-09-04T11:18:29.107Z,2026-09-04T11:18:29.107Z,0,2026-09-04T11:18:29.107Z,,,4a18e739-62cb-4756-aa6f-1d8b3a292113,
202609070713025064,202609070713025064,20260907071302,1,1,UKG Job Codes API,br_JobCodes,ACTIVITY_FAILED,FAILED,ERROR,0,0,0,"Failure happened on Source side. ErrorCode=SqlOperationFailed,Type=Microsoft.DataTransfer.Common.Shared.HybridDeliveryException,Message=A database operation failed with the following error: Invalid column name INVALID_COLUMN_TEST. Invalid column name INVALID_COLUMN_TEST.,Source=,Type=System.Data.SqlClient.SqlException,Message=Invalid column name INVALID_COLUMN_TEST. Invalid column name INVALID_COLUMN_TEST.,Source=.Net SqlClient Data Provider,SqlErrorNumber=207,Class=16,ErrorCode=-2146232060,St...",2026-09-07T06:51:19.632Z,2026-09-07T07:08:42.518Z,0,2026-09-07T07:13:15.502Z,,,9f5bb09f-5148-427e-a670-091e051e6718,
202609070625259793,202609070625259793,20260907062525,1,1,UKG Job Codes API,br_JobCodes,ACTIVITY_FAILED,FAILED,ERROR,0,0,0,"Failure happened on Source side. ErrorCode=SqlOperationFailed,Type=Microsoft.DataTransfer.Common.Shared.HybridDeliveryException,Message=A database operation failed with the following error: Invalid column name INVALID_COLUMN_TEST. Invalid column name INVALID_COLUMN_TEST.,Source=,Type=System.Data.SqlClient.SqlException,Message=Invalid column name INVALID_COLUMN_TEST. Invalid column name INVALID_COLUMN_TEST.,Source=.Net SqlClient Data Provider,SqlErrorNumber=207,Class=16,ErrorCode=-2146232060,St...",2026-09-07T06:05:38.158Z,2026-09-07T06:21:48.279Z,0,2026-09-07T06:25:43.341Z,,,a75ae2d8-c139-4f27-be77-19ed5feecca1,
202609070748005759,202609070748005759,20260907074800,1,1,UKG Job Codes API,br_JobCodes,ACTIVITY_FAILED,FAILED,ERROR,0,0,0,"Failure happened on Source side. ErrorCode=SqlOperationFailed,Type=Microsoft.DataTransfer.Common.Shared.HybridDeliveryException,Message=A database operation failed with the following error: Invalid column name INVALID_COLUMN_TEST. Invalid column name INVALID_COLUMN_TEST.,Source=,Type=System.Data.SqlClient.SqlException,Message=Invalid column name INVALID_COLUMN_TEST. Invalid column name INVALID_COLUMN_TEST.,Source=.Net SqlClient Data Provider,SqlErrorNumber=207,Class=16,ErrorCode=-2146232060,St...",2026-09-07T07:34:47.010Z,2026-09-07T07:44:12.556Z,0,2026-09-07T07:48:19.600Z,,,9157f2d0-670d-4802-8929-0872c51356e9,
202609070824548569,202609070824548569,20260907082454,1,1,UKG Job Codes API,br_JobCodes,ACTIVITY_FAILED,FAILED,ERROR,0,0,0,"Failure happened on Source side. ErrorCode=SqlOperationFailed,Type=Microsoft.DataTransfer.Common.Shared.HybridDeliveryException,Message=A database operation failed with the following error: Invalid column name INVALID_COLUMN_TEST. Invalid column name INVALID_COLUMN_TEST.,Source=,Type=System.Data.SqlClient.SqlException,Message=Invalid column name INVALID_COLUMN_TEST. Invalid column name INVALID_COLUMN_TEST.,Source=.Net SqlClient Data Provider,SqlErrorNumber=207,Class=16,ErrorCode=-2146232060,St...",2026-09-07T08:08:38.679Z,2026-09-07T08:21:20.222Z,0,2026-09-07T08:25:08.519Z,,,f205c31d-a56d-4c82-909d-d1cc597f1efb,
202609070900083652,202609070900083652,20260907090008,1,1,UKG Job Codes API,br_JobCodes,ACTIVITY_FAILED,FAILED,ERROR,0,0,0,"Failure happened on Source side. ErrorCode=SqlOperationFailed,Type=Microsoft.DataTransfer.Common.Shared.HybridDeliveryException,Message=A database operation failed with the following error: Invalid column name INVALID_COLUMN_TEST. Invalid column name INVALID_COLUMN_TEST.,Source=,Type=System.Data.SqlClient.SqlException,Message=Invalid column name INVALID_COLUMN_TEST. Invalid column name INVALID_COLUMN_TEST.,Source=.Net SqlClient Data Provider,SqlErrorNumber=207,Class=16,ErrorCode=-2146232060,St...",2026-09-07T08:40:27.959Z,2026-09-07T08:56:12.996Z,0,2026-09-07T09:00:22.277Z,,,49061cae-9c41-49bf-8a9d-5bcf8fc7e716,
202609031156217926,202609031156217926,20260903115613,134,13713,3rd Party Claims with Payment Gold,Third_Party_AR_inDB,TASK_FAILED,FAILED,ERROR,0,0,1,"[TABLE_OR_VIEW_NOT_FOUND] The table or view `bhg_silver`.`ayx`.`sl_third_party_ar` cannot be found. Verify the spelling and correctness of the schema and catalog. If you did not qualify the name with a schema, verify the current_schema() output, or qualify the name with the correct schema and catalog. To tolerate the error on drop use DROP VIEW IF EXISTS or DROP TABLE IF EXISTS.; UnresolvedRelation [bhg_silver, ayx, sl_third_party_ar], [], false",2026-09-03T11:56:26.298Z,2026-09-03T11:56:42.039Z,14,2026-09-03T11:56:42.039Z,,,1426a45f-7ba5-45f5-b808-280584111092,
202609080620075683,202609080620075682,20260908062007,1,1,UKG Job Codes API,br_JobCodes,ACTIVITY_FAILED,FAILED,ERROR,0,0,0,"Failure happened on Source side. ErrorCode=SqlOperationFailed,Type=Microsoft.DataTransfer.Common.Shared.HybridDeliveryException,Message=A database operation failed with the following error: Incorrect syntax near concat.,Source=,Type=System.Data.SqlClient.SqlException,Message=Incorrect syntax near concat.,Source=.Net SqlClient Data Provider,SqlErrorNumber=102,Class=15,ErrorCode=-2146232060,State=1,Errors=[{Class=15,Number=102,State=1,Message=Incorrect syntax near concat.,},],",2026-09-08T06:05:51.672Z,2026-09-08T06:16:27.682Z,0,2026-09-08T06:20:28.375Z,,,c2aec021-343a-4386-9d16-76ad553ccc83,
202609080611359359,202609080609240977,20260908060913,100,13668,Bronze QQ_GLTRAN,br_qq_gltran,TASK_FAILED,FAILED,ERROR,0,0,0,"Failure happened on Source side. ErrorCode=SqlOperationFailed,Type=Microsoft.DataTransfer.Common.Shared.HybridDeliveryException,Message=A database operation failed with the following error: Incorrect syntax near concat.,Source=,Type=System.Data.SqlClient.SqlException,Message=Incorrect syntax near concat.,Source=.Net SqlClient Data Provider,SqlErrorNumber=102,Class=15,ErrorCode=-2146232060,State=1,Errors=[{Class=15,Number=102,State=1,Message=Incorrect syntax near concat.,},],",2026-09-08T06:09:26.615Z,2026-09-08T06:11:37.820Z,123,2026-09-08T06:11:37.820Z,,,c2aec021-343a-4386-9d16-76ad553ccc83,
202609080611066860,202609080609240977,20260908060913,100,13668,Bronze QQ_GLTRAN,br_qq_gltran,TASK_FAILED,FAILED,ERROR,0,0,0,"Failure happened on Source side. ErrorCode=SqlOperationFailed,Type=Microsoft.DataTransfer.Common.Shared.HybridDeliveryException,Message=A database operation failed with the following error: Incorrect syntax near concat.,Source=,Type=System.Data.SqlClient.SqlException,Message=Incorrect syntax near concat.,Source=.Net SqlClient Data Provider,SqlErrorNumber=102,Class=15,ErrorCode=-2146232060,State=1,Errors=[{Class=15,Number=102,State=1,Message=Incorrect syntax near concat.,},],",2026-09-08T06:09:26.615Z,2026-09-08T06:11:08.358Z,90,2026-09-08T06:11:08.358Z,,,c2aec021-343a-4386-9d16-76ad553ccc83,
202609071147119851,202609071147119850,20260907114711,4,28,8x8 CallInteractions API,br_8x8_HistoricalCCDetailedInteractions,ACTIVITY_FAILED,FAILED,ERROR,0,0,0,"Notebook execution failed at Notebook service with http status code - 200, please check the Run logs on Notebook, additional details - {\"errorCode\":\"200\",\"errorName\":\"Exception\",\"errorValue\":\"[CONFIG ERROR] PIPELINE NAME nb_8x8_src_to_ WAS NOT FOUND IN bhg_bronze.meta.etlconfig! Please verify spelling in PIPELINE_NAME.\",\"message\":\"Notebook execution is in Failed state, runId: 232079a4-22f9-48aa-8880-34c38ad1f2fe\"} :",2026-09-07T11:37:50.619Z,2026-09-07T11:41:37.226Z,0,2026-09-07T11:47:20.883Z,,,fad71b32-32ff-4d58-a1b8-e4782a9be879,
202609071202453637,202609071202453637,20260907120245,4,28,8x8 CallInteractions API,br_8x8_HistoricalCCDetailedInteractions,ACTIVITY_FAILED,FAILED,ERROR,0,0,0,"Notebook execution failed at Notebook service with http status code - 200, please check the Run logs on Notebook, additional details - {\"errorCode\":\"200\",\"errorName\":\"Exception\",\"errorValue\":\"[CONFIG ERROR] PIPELINE NAME nb_8x8_src_to_ WAS NOT FOUND IN bhg_bronze.meta.etlconfig! Please verify spelling in PIPELINE_NAME.\",\"message\":\"Notebook execution is in Failed state, runId: 3f96c2af-2a8b-41a2-b268-cb944337912d\"} :",2026-09-07T11:56:20.252Z,2026-09-07T11:59:41.807Z,0,2026-09-07T12:02:57.383Z,,,d92f30f4-baa0-42e7-bdb1-9b4266ebe2ed,
202609080936274402,202609080936274401,20260908091757,143,16282,Transaction Report In-DB v7 Gold,TransactionPostingReport,TASK_FAILED,FAILED,ERROR,0,0,1,"_align_df_to_gold_table_schema : bhg_gold.ayx.TransactionPostingReport expects columns [TprblId, TpclId] that are missing from the incoming DataFrame (incoming columns: [SiteCode, TpccltId, ClientM4Id, Date, Payor, Description, CPT, Amount, TransactionType, SvcDate, LiaStrUser, TpcliId, TpcliTpcId, AdjReason, TprbCheck, TpbType, TprbId, TBTransactionType]) — refusing to null-fill, fix the upstream transform/source instead",2026-09-08T09:36:33.111Z,2026-09-08T09:36:51.242Z,16,2026-09-08T09:36:51.242Z,,,f61fb4c5-0d31-4954-8aac-d0c2d48f9dc90,
202609080918055227,202609080918055227,20260908091757,143,16282,Transaction Report In-DB v7 Gold,TransactionPostingReport,TASK_FAILED,FAILED,ERROR,0,0,1,"_align_df_to_gold_table_schema : bhg_gold.ayx.TransactionPostingReport expects columns [TprblId, TpclId] that are missing from the incoming DataFrame (incoming columns: [SiteCode, TpccltId, ClientM4Id, Date, Payor, Description, CPT, Amount, TransactionType, SvcDate, LiaStrUser, TpcliId, TpcliTpcId, AdjReason, TprbCheck, TpbType, TprbId, TBTransactionType]) — refusing to null-fill, fix the upstream transform/source instead",2026-09-08T09:18:10.396Z,2026-09-08T09:18:32.501Z,20,2026-09-08T09:18:32.501Z,,,f61fb4c5-0d31-4954-8aac-d0c2d48f9dc90,
202609071234268322,202609071234268322,20260907123426,4,28,8x8 CallInteractions API,br_8x8_HistoricalCCDetailedInteractions,ACTIVITY_FAILED,FAILED,ERROR,0,0,0,"Notebook execution failed at Notebook service with http status code - 200, please check the Run logs on Notebook, additional details - {\"errorCode\":\"200\",\"errorName\":\"Exception\",\"errorValue\":\"[CONFIG ERROR] PIPELINE NAME nb_8x8_src_to_ WAS NOT FOUND IN bhg_bronze.meta.etlconfig! Please verify spelling in Cell 1.\",\"message\":\"Notebook execution is in Failed state, runId: c02dc3de-95df-418c-9008-0dc3625ab788\"} :",2026-09-07T12:27:00.480Z,2026-09-07T12:30:59.971Z,0,2026-09-07T12:34:37.332Z,,,0833bc45-7cf8-42ce-be71-c454f3197277,
202609020932080759,202609020932080760,20260902093208,130,13687,Gold Claim Denial Prediction,ClaimDenialPredictionV1,TASK_FAILED,FAILED,ERROR,0,0,1,Pipeline completed with 2 failed task(s). Azure Sql Python Silver - Claim Denial Prediction: Silver transforms not loaded (missing run_silver_transformations). Use nb_azure_sql_python_slv_to_slv — Cell 4 must be `%run -i nb_azure_sql_python_execute`. Azure Sql Python Silver - 3P Balances: Silver transforms not loaded (missing run_silver_transformations). Use nb_azure_sql_python_slv_to_slv — Cell 4 must be `%run -i nb_azure_sql_python_execute`.,2026-09-02T09:32:08.075Z,2026-09-02T09:32:08.075Z,0,2026-09-02T09:32:08.075Z,,,e382a313-3d19-4b82-9b57-fd2a0e196c56,
202609021059247744,202609021059247745,20260902105924,130,13687,Gold Claim Denial Prediction,ClaimDenialPredictionV1,TASK_FAILED,FAILED,ERROR,0,0,1,Pipeline completed with 2 failed task(s). Azure Sql Python Silver - Claim Denial Prediction: Silver transforms not loaded (missing run_silver_transformations). Ensure slv_to_slv Cells 2–3 ran before Cell 4 `%run nb_azure_sql_python_execute`. Azure Sql Python Silver - 3P Balances: Silver transforms not loaded (missing run_silver_transformations). Ensure slv_to_slv Cells 2–3 ran before Cell 4 `%run nb_azure_sql_python_execute`.,2026-09-02T10:59:24.774Z,2026-09-02T10:59:24.774Z,0,2026-09-02T10:59:24.774Z,,,3506b852-499a-468c-8078-080e698457ef,
202609021043135395,202609021043135396,20260902104313,130,13687,Gold Claim Denial Prediction,ClaimDenialPredictionV1,TASK_FAILED,FAILED,ERROR,0,0,1,Pipeline completed with 2 failed task(s). Azure Sql Python Silver - Claim Denial Prediction: Silver transforms not loaded (missing run_silver_transformations). Ensure slv_to_slv Cells 2–3 ran before Cell 4 `%run nb_azure_sql_python_execute`. Azure Sql Python Silver - 3P Balances: Silver transforms not loaded (missing run_silver_transformations). Ensure slv_to_slv Cells 2–3 ran before Cell 4 `%run nb_azure_sql_python_execute`.,2026-09-02T10:43:13.539Z,2026-09-02T10:43:13.539Z,0,2026-09-02T10:43:13.539Z,,,78a4ffb1-a727-4484-9bb3-a619e88004d4,
202609080904141230,202609080904141229,20260908090408,117,8627,Gold Patient Services,PatientServicesNoShow,TASK_FAILED,FAILED,ERROR,0,0,1,"[TABLE_OR_VIEW_NOT_FOUND] The table or view `sl_patientservicesnoshow` cannot be found. Verify the spelling and correctness of the schema and catalog. If you did not qualify the name with a schema, verify the current_schema() output, or qualify the name with the correct schema and catalog. To tolerate the error on drop use DROP VIEW IF EXISTS or DROP TABLE IF EXISTS.; ''UnresolvedRelation [sl_patientservicesnoshow], [], false",2026-09-08T09:04:14.122Z,2026-09-08T09:04:35.121Z,20,2026-09-08T09:04:35.121Z,,,131a5d97-d8c6-4025-b83a-b72dccab3d72,
202609020859266219,202609020859266220,20260902085926,130,13687,Gold Claim Denial Prediction,ClaimDenialPredictionV1,TASK_FAILED,FAILED,ERROR,0,0,1,Pipeline completed with 2 failed task(s). Azure Sql Python Silver - Claim Denial Prediction: Silver transforms not loaded (missing run_silver_transformations). Pipeline activity must be nb_azure_sql_python_slv_to_slv — not execute alone. Azure Sql Python Silver - 3P Balances: Silver transforms not loaded (missing run_silver_transformations). Pipeline activity must be nb_azure_sql_python_slv_to_slv — not execute alone.,2026-09-02T08:59:26.621Z,2026-09-02T08:59:26.621Z,0,2026-09-02T08:59:26.621Z,,,1a271d40-e925-4513-b84c-2f60ddb77cc5,
202609021020407826,202609021020407827,20260902102040,130,13687,Gold Claim Denial Prediction,ClaimDenialPredictionV1,TASK_FAILED,FAILED,ERROR,0,0,1,Pipeline completed with 2 failed task(s). Azure Sql Python Silver - Claim Denial Prediction: Silver transforms not loaded. Republish nb_azure_sql_python_execute Republish nb_azure_sql_python_execute from local repo (transforms inlined). Azure Sql Python Silver - 3P Balances: Silver transforms not loaded. Republish nb_azure_sql_python_execute Republish nb_azure_sql_python_execute from local repo (transforms inlined).,2026-09-02T10:20:40.782Z,2026-09-02T10:20:40.782Z,0,2026-09-02T10:20:40.782Z,,,24cb0943-51a7-4a50-ab37-5fffed8584c8,
202609041432112819,202609041408388855,202609041408388763,25,55091,DartsSrv Bronze - TTCB,br_tblDartSrv,TASK_COMPLETE,SUCCESS,INFO,536,536,0,,2026-09-04T14:09:28.519Z,2026-09-04T14:33:19.121Z,1431,2026-09-04T14:33:19.121Z,TTCB,Cullman,d54f2858-d272-437f-a2a4-9fa2f90018e7,SAMMS-CullmanV5
202609041432112820,202609041408388856,202609041408388763,25,55092,DartsSrv Bronze - TTCC,br_tblDartSrv,TASK_COMPLETE,SUCCESS,INFO,538,538,0,,2026-09-04T14:09:28.519Z,2026-09-04T14:33:19.121Z,1431,2026-09-04T14:33:19.121Z,TTCC,GrandBay,d54f2858-d272-437f-a2a4-9fa2f90018e7,SAMMS-GrandBay
202609041432112821,202609041408388857,202609041408388763,25,55093,DartsSrv Bronze - TU,br_tblDartSrv,TASK_COMPLETE,FAILED,ERROR,0,0,1,"{'errorCode':'ActionFailed','message':'Activity failed because an inner activity failed; Inner activity name: swt_darts_load_type, Error: Activity failed because an inner activity failed','failureType':'UserError','target':'fe_each_samms_database_sites','details':''}",2026-09-04T14:09:28.519Z,2026-09-04T14:33:19.121Z,1431,2026-09-04T14:33:19.121Z,TU,Tucson,d54f2858-d272-437f-a2a4-9fa2f90018e7,SAMMS-Tucson
202609041432112823,202609041408388858,202609041408388763,25,55094,DartsSrv Bronze - V1,br_tblDartSrv,TASK_COMPLETE,SUCCESS,INFO,195,195,0,,2026-09-04T14:09:28.519Z,2026-09-04T14:33:19.121Z,1431,2026-09-04T14:33:19.121Z,V1,VCPHCS-I-Memphis,d54f2858-d272-437f-a2a4-9fa2f90018e7,SAMMS-VCPHCS-I-MemphisV5
202609041432112824,202609041408388859,202609041408388763,25,55095,DartsSrv Bronze - V10,br_tblDartSrv,TASK_COMPLETE,SUCCESS,INFO,302,302,0,,2026-09-04T14:09:28.519Z,2026-09-04T14:33:19.121Z,1431,2026-09-04T14:33:19.121Z,V10,Boulder,d54f2858-d272-437f-a2a4-9fa2f90018e7,SAMMS-BoulderV5
202609041432112825,202609041408388860,202609041408388763,25,55096,DartsSrv Bronze - V10A,br_tblDartSrv,TASK_COMPLETE,SUCCESS,INFO,623,623,0,,2026-09-04T14:09:28.519Z,2026-09-04T14:33:19.121Z,1431,2026-09-04T14:33:19.121Z,V10A,FortCollins,d54f2858-d272-437f-a2a4-9fa2f90018e7,SAMMS-FortCollinsV5
202609041432112826,202609041408388861,202609041408388763,25,55097,DartsSrv Bronze - V11,br_tblDartSrv,TASK_COMPLETE,SUCCESS,INFO,237,237,0,,2026-09-04T14:09:28.519Z,2026-09-04T14:33:19.121Z,1431,2026-09-04T14:33:19.121Z,V11,VCPHCS-XI-NorthDenver,d54f2858-d272-437f-a2a4-9fa2f90018e7,SAMMS-VCPHCS-XI-NorthDenverV5
202609071022515749,202609071022515749,20260907102251,37,152,KnowBe4 Enrollments API,br_knowbe4_enrollments,ACTIVITY_FAILED,FAILED,ERROR,0,0,0,"Notebook execution failed at Notebook service with http status code - 200, please check the Run logs on Notebook, additional details - {\"errorCode\":\"200\",\"errorName\":\"Exception\",\"errorValue\":\"Configuration record not found in meta.EtlConfig for pipeline: nb_knowbe4_src_to_\",\"message\":\"Notebook execution is in Failed state, runId: cbc2f3ef-c973-48b0-a8dd-80982261b05a\"} :",2026-09-07T10:14:45.544Z,2026-09-07T10:18:38.777Z,0,2026-09-07T10:23:05.689Z,,,171b16ba-55d2-4f17-b750-c569d49f4b15,
202609030257125154,202609030257125154,20260903025712,38,153,Silver KnowBe4 Enrollments,sl_KnowBe4Enrollments,ACTIVITY_FAILED,FAILED,ERROR,0,0,0,"Notebook execution failed at Notebook service with http status code - 200, please check the Run logs on Notebook, additional details - {\"errorCode\":\"200\",\"errorName\":\"SyntaxError\",\"errorValue\":\"unterminated string literal (detected at line 1) (2879799034.py, line 1)\",\"message\":\"Notebook execution is in Failed state, runId: d45d00db-ca05-4d1b-abb1-8ee983b6b2a4\"} :",2026-09-03T02:51:57.593Z,2026-09-03T02:55:19.755Z,0,2026-09-03T02:57:23.523Z,,,6825445c-6c39-46db-a137-17ccd177bc49,
202609030322034613,202609030322034613,20260903032203,38,153,Silver KnowBe4 Enrollments,sl_KnowBe4Enrollments,ACTIVITY_FAILED,FAILED,ERROR,0,0,0,"Notebook execution failed at Notebook service with http status code - 200, please check the Run logs on Notebook, additional details - {\"errorCode\":\"200\",\"errorName\":\"SyntaxError\",\"errorValue\":\"unterminated string literal (detected at line 1) (2879799034.py, line 1)\",\"message\":\"Notebook execution is in Failed state, runId: ce4aa170-3c7f-40d7-8abc-291a279b28c1\"} :",2026-09-03T03:16:46.977Z,2026-09-03T03:20:08.518Z,0,2026-09-03T03:22:14.483Z,,,1066d6e5-305c-4662-a3fb-18d670070de9,
202609041432112811,202609041408388848,202609041408388763,25,55084,DartsSrv Bronze - SFN,br_tblDartSrv,TASK_COMPLETE,SUCCESS,INFO,383,383,0,,2026-09-04T14:09:28.519Z,2026-09-04T14:33:19.121Z,1431,2026-09-04T14:33:19.121Z,SFN,SFN,d54f2858-d272-437f-a2a4-9fa2f90018e7,SAMMS-SFNv5
202609041432112812,202609041408388849,202609041408388763,25,55085,DartsSrv Bronze - SHP,br_tblDartSrv,TASK_COMPLETE,SUCCESS,INFO,271,271,0,,2026-09-04T14:09:28.519Z,2026-09-04T14:33:19.121Z,1431,2026-09-04T14:33:19.121Z,SHP,Shreveport,d54f2858-d272-437f-a2a4-9fa2f90018e7,SAMMS-Shreveport
202609041432112813,202609041408388850,202609041408388763,25,55086,DartsSrv Bronze - STN,br_tblDartSrv,TASK_COMPLETE,SUCCESS,INFO,257,257,0,,2026-09-04T14:09:28.519Z,2026-09-04T14:33:19.121Z,1431,2026-09-04T14:33:19.121Z,STN,Staunton,d54f2858-d272-437f-a2a4-9fa2f90018e7,SAMMS-Staunton
202609041432112814,202609041408388851,202609041408388763,25,55087,DartsSrv Bronze - STVN,br_tblDartSrv,TASK_COMPLETE,SUCCESS,INFO,57,57,0,,2026-09-04T14:09:28.519Z,2026-09-04T14:33:19.121Z,1431,2026-09-04T14:33:19.121Z,STVN,Stevenson,d54f2858-d272-437f-a2a4-9fa2f90018e7,SAMMS-Stevenson
202609041432112815,202609041408388852,202609041408388763,25,55088,DartsSrv Bronze - TE,br_tblDartSrv,TASK_COMPLETE,FAILED,ERROR,0,0,1,"{'errorCode':'ActionFailed','message':'Activity failed because an inner activity failed; Inner activity name: swt_darts_load_type, Error: Activity failed because an inner activity failed','failureType':'UserError','target':'fe_each_samms_database_sites','details':''}",2026-09-04T14:09:28.519Z,2026-09-04T14:33:19.121Z,1431,2026-09-04T14:33:19.121Z,TE,Tempe,d54f2858-d272-437f-a2a4-9fa2f90018e7,SAMMS-Tempe
202609041432112817,202609041408388853,202609041408388763,25,55089,DartsSrv Bronze - TEX,br_tblDartSrv,TASK_COMPLETE,SUCCESS,INFO,57,57,0,,2026-09-04T14:09:28.519Z,2026-09-04T14:33:19.121Z,1431,2026-09-04T14:33:19.121Z,TEX,Texarkana,d54f2858-d272-437f-a2a4-9fa2f90018e7,SAMMS-Texarkana
202609041432112818,202609041408388854,202609041408388763,25,55090,DartsSrv Bronze - TTCA,br_tblDartSrv,TASK_COMPLETE,SUCCESS,INFO,482,482,0,,2026-09-04T14:09:28.519Z,2026-09-04T14:33:19.121Z,1431,2026-09-04T14:33:19.121Z,TTCA,Bessemer,d54f2858-d272-437f-a2a4-9fa2f90018e7,SAMMS-BessemerV5
202609030617499022,202609030617499022,20260903061749,37,152,KnowBe4 Enrollments API,br_knowbe4_enrollments,ACTIVITY_FAILED,FAILED,ERROR,0,0,0,"Notebook execution failed at Notebook service with http status code - 200, please check the Run logs on Notebook, additional details - {\"errorCode\":\"200\",\"errorName\":\"SyntaxError\",\"errorValue\":\"unterminated string literal (detected at line 1) (1728112143.py, line 1)\",\"message\":\"Notebook execution is in Failed state, runId: 7d82f7c5-3fda-47b7-b134-c42aa5858362\"} :",2026-09-03T06:10:19.559Z,2026-09-03T06:13:29.405Z,0,2026-09-03T06:17:58.164Z,,,faaedb09-b98a-418c-8ab5-82169813d1cd,
202609030659056402,202609030659056402,20260903065905,37,152,KnowBe4 Enrollments API,br_knowbe4_enrollments,ACTIVITY_FAILED,FAILED,ERROR,0,0,0,"Notebook execution failed at Notebook service with http status code - 200, please check the Run logs on Notebook, additional details - {\"errorCode\":\"200\",\"errorName\":\"SyntaxError\",\"errorValue\":\"unterminated string literal (detected at line 1) (1728112143.py, line 1)\",\"message\":\"Notebook execution is in Failed state, runId: 37dc60a6-32c6-4b7f-937c-05758e7c98b6\"} :",2026-09-03T06:50:55.721Z,2026-09-03T06:54:21.510Z,0,2026-09-03T06:59:17.407Z,,,7c2a7d3f-ff95-4a86-b167-7809d5dd7911,
202609030543261914,202609030543261914,20260903054326,37,152,KnowBe4 Enrollments API,br_knowbe4_enrollments,ACTIVITY_FAILED,FAILED,ERROR,0,0,0,"Notebook execution failed at Notebook service with http status code - 200, please check the Run logs on Notebook, additional details - {\"errorCode\":\"200\",\"errorName\":\"SyntaxError\",\"errorValue\":\"unterminated string literal (detected at line 1) (1728112143.py, line 1)\",\"message\":\"Notebook execution is in Failed state, runId: ce3dc446-3dff-46ba-b391-fe72e0c57600\"} :",2026-09-03T05:36:57.410Z,2026-09-03T05:39:45.523Z,0,2026-09-03T05:43:39.220Z,,,0f722f5b-b5b0-43c8-b4d6-50f13b0d7a97,
202609021214274491,202609021214274491,20260902121427,37,152,KnowBe4 Enrollments API,br_knowbe4_enrollments,ACTIVITY_FAILED,FAILED,ERROR,0,0,0,"Notebook execution failed at Notebook service with http status code - 200, please check the Run logs on Notebook, additional details - {\"errorCode\":\"200\",\"errorName\":\"SyntaxError\",\"errorValue\":\"unterminated string literal (detected at line 1) (2879799034.py, line 1)\",\"message\":\"Notebook execution is in Failed state, runId: 97ac0e7c-b921-47cf-ab21-c18274c3a146\"} :",2026-09-02T12:08:55.073Z,2026-09-02T12:12:34.091Z,0,2026-09-02T12:14:42.505Z,,,8389f9b8-5200-4049-978d-372d2b2d6538,
202609041432112802,202609041408388841,202609041408388763,25,55077,DartsSrv Bronze - MP,br_tblDartSrv,TASK_COMPLETE,SUCCESS,INFO,526,526,0,,2026-09-04T14:09:28.519Z,2026-09-04T14:33:19.121Z,1431,2026-09-04T14:33:19.121Z,MP,MtPleasant,d54f2858-d272-437f-a2a4-9fa2f90018e7,SAMMS-MtPleasant
202609041432112803,202609041408388842,202609041408388763,25,55078,DartsSrv Bronze - MRD,br_tblDartSrv,TASK_COMPLETE,SUCCESS,INFO,132,132,0,,2026-09-04T14:09:28.519Z,2026-09-04T14:33:19.121Z,1431,2026-09-04T14:33:19.121Z,MRD,Meridian,d54f2858-d272-437f-a2a4-9fa2f90018e7,SAMMS-Meridian
202609041432112805,202609041408388843,202609041408388763,25,55079,DartsSrv Bronze - NC,br_tblDartSrv,TASK_COMPLETE,SUCCESS,INFO,598,598,0,,2026-09-04T14:09:28.519Z,2026-09-04T14:33:19.121Z,1431,2026-09-04T14:33:19.121Z,NC,NorthCharleston,d54f2858-d272-437f-a2a4-9fa2f90018e7,SAMMS-NorthCharleston
202609041432112806,202609041408388844,202609041408388763,25,55080,DartsSrv Bronze - NLR,br_tblDartSrv,TASK_COMPLETE,SUCCESS,INFO,330,330,0,,2026-09-04T14:09:28.519Z,2026-09-04T14:33:19.121Z,1431,2026-09-04T14:33:19.121Z,NLR,NLROBOT,d54f2858-d272-437f-a2a4-9fa2f90018e7,SAMMS-NLROBOT
202609041432112807,202609041408388845,202609041408388763,25,55081,DartsSrv Bronze - PH,br_tblDartSrv,TASK_COMPLETE,FAILED,ERROR,0,0,1,"{'errorCode':'ActionFailed','message':'Activity failed because an inner activity failed; Inner activity name: swt_darts_load_type, Error: Activity failed because an inner activity failed','failureType':'UserError','target':'fe_each_samms_database_sites','details':''}",2026-09-04T14:09:28.519Z,2026-09-04T14:33:19.121Z,1431,2026-09-04T14:33:19.121Z,PH,Phoenix,d54f2858-d272-437f-a2a4-9fa2f90018e7,SAMMS-Phoenix
202609041432112808,202609041408388846,202609041408388763,25,55082,DartsSrv Bronze - RE,br_tblDartSrv,TASK_COMPLETE,SUCCESS,INFO,219,219,0,,2026-09-04T14:09:28.519Z,2026-09-04T14:33:19.121Z,1431,2026-09-04T14:33:19.121Z,RE,Reno,d54f2858-d272-437f-a2a4-9fa2f90018e7,SAMMS-Reno
202609041432112809,202609041408388847,202609041408388763,25,55083,DartsSrv Bronze - RMD,br_tblDartSrv,TASK_COMPLETE,SUCCESS,INFO,773,773,0,,2026-09-04T14:09:28.519Z,2026-09-04T14:33:19.121Z,1431,2026-09-04T14:33:19.121Z,RMD,Richmond,d54f2858-d272-437f-a2a4-9fa2f90018e7,SAMMS-Richmond
202609030804169476,202609030804169476,20260903080416,37,152,KnowBe4 Enrollments API,br_knowbe4_enrollments,ACTIVITY_FAILED,FAILED,ERROR,0,0,0,"Notebook execution failed at Notebook service with http status code - 200, please check the Run logs on Notebook, additional details - {\"errorCode\":\"200\",\"errorName\":\"SyntaxError\",\"errorValue\":\"unterminated string literal (detected at line 1) (1728112143.py, line 1)\",\"message\":\"Notebook execution is in Failed state, runId: 05ccee80-2723-40d6-b9cc-4f6d93867f48\"} :",2026-09-03T07:57:21.737Z,2026-09-03T08:00:40.208Z,0,2026-09-03T08:04:31.240Z,,,1f769ae4-9bd0-427a-b4d7-1a21a000060d,
202609021117019799,202609021117019799,20260902111701,37,152,KnowBe4 Enrollments API,br_knowbe4_enrollments,ACTIVITY_FAILED,FAILED,ERROR,0,0,0,"Notebook execution failed at Notebook service with http status code - 200, please check the Run logs on Notebook, additional details - {\"errorCode\":\"200\",\"errorName\":\"SyntaxError\",\"errorValue\":\"unterminated string literal (detected at line 1) (2879799034.py, line 1)\",\"message\":\"Notebook execution is in Failed state, runId: 0052fe18-e9f8-4396-8982-9632e79b7e31\"} :",2026-09-02T11:12:50.029Z,2026-09-02T11:15:13.659Z,0,2026-09-02T11:17:14.326Z,,,6ac3fc2a-1443-47d0-911d-2a0a74587d29,
202609021354278139,202609021354278139,20260902135427,37,152,KnowBe4 Enrollments API,br_knowbe4_enrollments,ACTIVITY_FAILED,FAILED,ERROR,0,0,0,"Notebook execution failed at Notebook service with http status code - 200, please check the Run logs on Notebook, additional details - {\"errorCode\":\"200\",\"errorName\":\"SyntaxError\",\"errorValue\":\"unterminated string literal (detected at line 1) (1728112143.py, line 1)\",\"message\":\"Notebook execution is in Failed state, runId: b1877f2e-9d07-4fd8-9ebf-4ab831ad2114\"} :",2026-09-02T13:46:41.509Z,2026-09-02T13:49:48.983Z,0,2026-09-02T13:54:44.424Z,,,6cd8d136-b3a9-42f4-bc48-ed8d25b0cfbf,
202609021426413936,202609021426413936,20260902142641,37,152,KnowBe4 Enrollments API,br_knowbe4_enrollments,ACTIVITY_FAILED,FAILED,ERROR,0,0,0,"Notebook execution failed at Notebook service with http status code - 200, please check the Run logs on Notebook, additional details - {\"errorCode\":\"200\",\"errorName\":\"SyntaxError\",\"errorValue\":\"unterminated string literal (detected at line 1) (1728112143.py, line 1)\",\"message\":\"Notebook execution is in Failed state, runId: 97bf9eeb-c917-4232-9ddf-ceaff33b75aa\"} :",2026-09-02T14:19:39.884Z,2026-09-02T14:22:04.228Z,0,2026-09-02T14:27:06.392Z,,,88a867e3-a58e-4467-b678-bfa254c034de,
202609030933417484,202609030933417484,20260903093341,37,152,KnowBe4 Enrollments API,br_knowbe4_enrollments,ACTIVITY_FAILED,FAILED,ERROR,0,0,0,"Notebook execution failed at Notebook service with http status code - 200, please check the Run logs on Notebook, additional details - {\"errorCode\":\"200\",\"errorName\":\"SyntaxError\",\"errorValue\":\"unterminated string literal (detected at line 1) (1728112143.py, line 1)\",\"message\":\"Notebook execution is in Failed state, runId: ccad0916-28fb-456f-9e2f-1087053c33eb\"} :",2026-09-03T09:26:42.027Z,2026-09-03T09:30:04.076Z,0,2026-09-03T09:33:50.366Z,,,2389f92b-83e5-4cf1-95f2-b2afa5697bb0,
202609031027053618,202609031027053618,20260903102705,37,152,KnowBe4 Enrollments API,br_knowbe4_enrollments,ACTIVITY_FAILED,FAILED,ERROR,0,0,0,"Notebook execution failed at Notebook service with http status code - 200, please check the Run logs on Notebook, additional details - {\"errorCode\":\"200\",\"errorName\":\"SyntaxError\",\"errorValue\":\"unterminated string literal (detected at line 1) (1728112143.py, line 1)\",\"message\":\"Notebook execution is in Failed state, runId: c0a82834-a996-42ba-8c6b-7c334d84c084\"} :",2026-09-03T10:19:23.100Z,2026-09-03T10:22:45.123Z,0,2026-09-03T10:27:19.555Z,,,f67fd9b9-e349-435e-ad6d-04b2e8c748bd,
202609030944430336,202609030944430335,20260903094443,37,152,KnowBe4 Enrollments API,br_knowbe4_enrollments,ACTIVITY_FAILED,FAILED,ERROR,0,0,0,"Notebook execution failed at Notebook service with http status code - 200, please check the Run logs on Notebook, additional details - {\"errorCode\":\"200\",\"errorName\":\"SyntaxError\",\"errorValue\":\"unterminated string literal (detected at line 1) (1728112143.py, line 1)\",\"message\":\"Notebook execution is in Failed state, runId: 0016a9e0-3937-4037-aa63-b098b58276e9\"} :",2026-09-03T09:38:58.378Z,2026-09-03T09:41:43.004Z,0,2026-09-03T09:44:56.030Z,,,085a2f63-ce60-49b3-94f4-ff48b0ed11fa,
202609021410115487,202609021410115487,20260902141011,37,152,KnowBe4 Enrollments API,br_knowbe4_enrollments,ACTIVITY_FAILED,FAILED,ERROR,0,0,0,"Notebook execution failed at Notebook service with http status code - 200, please check the Run logs on Notebook, additional details - {\"errorCode\":\"200\",\"errorName\":\"SyntaxError\",\"errorValue\":\"unterminated string literal (detected at line 1) (1728112143.py, line 1)\",\"message\":\"Notebook execution is in Failed state, runId: 911db88f-336c-4811-a4e3-c4301f332638\"} :",2026-09-02T14:03:40.580Z,2026-09-02T14:06:03.223Z,0,2026-09-02T14:10:23.808Z,,,342632ac-a427-4903-b63b-5501f9eda4e2,
202609030750214302,202609030750214302,20260903075021,37,152,KnowBe4 Enrollments API,br_knowbe4_enrollments,ACTIVITY_FAILED,FAILED,ERROR,0,0,0,"Notebook execution failed at Notebook service with http status code - 200, please check the Run logs on Notebook, additional details - {\"errorCode\":\"200\",\"errorName\":\"SyntaxError\",\"errorValue\":\"unterminated string literal (detected at line 1) (1728112143.py, line 1)\",\"message\":\"Notebook execution is in Failed state, runId: d7e972ca-b238-4e01-b8ea-2cbf25037f23\"} :",2026-09-03T07:42:19.486Z,2026-09-03T07:45:34.816Z,0,2026-09-03T07:50:34.020Z,,,422072cf-2083-4b69-8ab9-3203da42950b,
202609021453162710,202609021453162710,20260902145316,37,152,KnowBe4 Enrollments API,br_knowbe4_enrollments,ACTIVITY_FAILED,FAILED,ERROR,0,0,0,"Notebook execution failed at Notebook service with http status code - 200, please check the Run logs on Notebook, additional details - {\"errorCode\":\"200\",\"errorName\":\"SyntaxError\",\"errorValue\":\"unterminated string literal (detected at line 1) (1728112143.py, line 1)\",\"message\":\"Notebook execution is in Failed state, runId: 0856cbd7-429c-44e9-afd6-6391feec4b20\"} :",2026-09-02T14:44:36.772Z,2026-09-02T14:48:13.539Z,0,2026-09-02T14:53:35.104Z,,,4a46d9ed-fd32-4855-98bb-c124498fb34f,
202609021436525268,202609021436525268,20260902143652,37,152,KnowBe4 Enrollments API,br_knowbe4_enrollments,ACTIVITY_FAILED,FAILED,ERROR,0,0,0,"Notebook execution failed at Notebook service with http status code - 200, please check the Run logs on Notebook, additional details - {\"errorCode\":\"200\",\"errorName\":\"SyntaxError\",\"errorValue\":\"unterminated string literal (detected at line 1) (1728112143.py, line 1)\",\"message\":\"Notebook execution is in Failed state, runId: ebea7a4e-b408-4a8a-aff8-94f5763b9eeb\"} :",2026-09-02T14:31:08.350Z,2026-09-02T14:33:15.170Z,0,2026-09-02T14:37:01.399Z,,,66917be0-9165-408b-8923-ddba1cac0ba1,
202609030913477369,202609030913477369,20260903091347,37,152,KnowBe4 Enrollments API,br_knowbe4_enrollments,ACTIVITY_FAILED,FAILED,ERROR,0,0,0,"Notebook execution failed at Notebook service with http status code - 200, please check the Run logs on Notebook, additional details - {\"errorCode\":\"200\",\"errorName\":\"SyntaxError\",\"errorValue\":\"unterminated string literal (detected at line 1) (1728112143.py, line 1)\",\"message\":\"Notebook execution is in Failed state, runId: df6f8168-89bb-4134-9601-002daad146bd\"} :",2026-09-03T09:06:01.759Z,2026-09-03T09:09:09.860Z,0,2026-09-03T09:13:56.561Z,,,499fc8cc-8ce0-48ff-a2a4-f4f4a22cb899,
202609041432112794,202609041408388834,202609041408388763,25,55071,DartsSrv Bronze - LAN,br_tblDartSrv,TASK_COMPLETE,SUCCESS,INFO,403,403,0,,2026-09-04T14:09:28.519Z,2026-09-04T14:33:19.121Z,1431,2026-09-04T14:33:19.121Z,LAN,Lansing,d54f2858-d272-437f-a2a4-9fa2f90018e7,SAMMS-Lansing
202609041432112795,202609041408388835,202609041408388763,25,55072,DartsSrv Bronze - LO,br_tblDartSrv,TASK_COMPLETE,SUCCESS,INFO,1232,1232,0,,2026-09-04T14:09:28.519Z,2026-09-04T14:33:19.121Z,1431,2026-09-04T14:33:19.121Z,LO,Louisville,d54f2858-d272-437f-a2a4-9fa2f90018e7,SAMMS-Louisville
202609041432112796,202609041408388836,202609041408388763,25,55073,DartsSrv Bronze - LV1,br_tblDartSrv,TASK_COMPLETE,SUCCESS,INFO,99,99,0,,2026-09-04T14:09:28.519Z,2026-09-04T14:33:19.121Z,1431,2026-09-04T14:33:19.121Z,LV1,Cheyenne,d54f2858-d272-437f-a2a4-9fa2f90018e7,SAMMS-Cheyenne
202609041432112797,202609041408388837,202609041408388763,25,55074,DartsSrv Bronze - LV2,br_tblDartSrv,TASK_COMPLETE,SUCCESS,INFO,216,216,0,,2026-09-04T14:09:28.519Z,2026-09-04T14:33:19.121Z,1431,2026-09-04T14:33:19.121Z,LV2,DesertInn,d54f2858-d272-437f-a2a4-9fa2f90018e7,SAMMS-DesertInn
202609041432112798,202609041408388838,202609041408388763,25,55075,DartsSrv Bronze - LV3,br_tblDartSrv,TASK_COMPLETE,SUCCESS,INFO,94,94,0,,2026-09-04T14:09:28.519Z,2026-09-04T14:33:19.121Z,1431,2026-09-04T14:33:19.121Z,LV3,McDaniel,d54f2858-d272-437f-a2a4-9fa2f90018e7,SAMMS-McDaniel
202609041432112799,202609041408388839,202609041408388763,25,55116,DartsSrv Bronze - Lab,br_tblDartSrv,TASK_COMPLETE,FAILED,ERROR,0,0,1,"{'errorCode':'ActionFailed','message':'Activity failed because an inner activity failed; Inner activity name: swt_darts_load_type, Error: Activity failed because an inner activity failed','failureType':'UserError','target':'fe_each_samms_database_sites','details':''}",2026-09-04T14:09:28.519Z,2026-09-04T14:33:19.121Z,1431,2026-09-04T14:33:19.121Z,Lab,Lab,d54f2858-d272-437f-a2a4-9fa2f90018e7,SAMMS-LabV5-V2
202609041432112801,202609041408388840,202609041408388763,25,55076,DartsSrv Bronze - MNRE,br_tblDartSrv,TASK_COMPLETE,SUCCESS,INFO,264,264,0,,2026-09-04T14:09:28.519Z,2026-09-04T14:33:19.121Z,1431,2026-09-04T14:33:19.121Z,MNRE,Monroe,d54f2858-d272-437f-a2a4-9fa2f90018e7,SAMMS-Monroe
202609040335020433,202609040335020433,20260904033502,4,28,8x8 CallInteractions API,br_8x8_HistoricalCCDetailedInteractions,ACTIVITY_FAILED,FAILED,ERROR,0,0,0,"Notebook execution failed at Notebook service with http status code - 200, please check the Run logs on Notebook, additional details - {\"errorCode\":\"200\",\"errorName\":\"stderr\",\"errorValue\":\"UsageError: Line magic function `%` not found.
\",\"message\":\"Notebook execution is in Failed state, runId: cf4d17d8-f87d-407f-8935-e05e91123756\"} :",2026-09-04T03:26:00.717Z,2026-09-04T03:29:06.961Z,0,2026-09-04T03:35:10.521Z,,,b24cabb8-10e7-4f71-8dfa-a5afc839e4b1,
202609040450275048,202609040450275047,20260904045027,4,28,8x8 CallInteractions API,br_8x8_HistoricalCCDetailedInteractions,ACTIVITY_FAILED,FAILED,ERROR,0,0,0,"Notebook execution failed at Notebook service with http status code - 200, please check the Run logs on Notebook, additional details - {\"errorCode\":\"200\",\"errorName\":\"stderr\",\"errorValue\":\"UsageError: Line magic function `%` not found.
\",\"message\":\"Notebook execution is in Failed state, runId: f02d1c57-c20d-43dc-b7e3-603667ef9067\"} :",2026-09-04T04:42:32.609Z,2026-09-04T04:45:02.398Z,0,2026-09-04T04:50:36.760Z,,,3c46989a-54ba-4803-b6fb-36a771acc2ba,
202609040555097210,202609040555097210,20260904055509,4,28,8x8 CallInteractions API,br_8x8_HistoricalCCDetailedInteractions,ACTIVITY_FAILED,FAILED,ERROR,0,0,0,"Notebook execution failed at Notebook service with http status code - 200, please check the Run logs on Notebook, additional details - {\"errorCode\":\"200\",\"errorName\":\"stderr\",\"errorValue\":\"UsageError: Line magic function `%` not found.
\",\"message\":\"Notebook execution is in Failed state, runId: 7f8ab5f3-bac0-4fbc-93dc-459c2729b6f3\"} :",2026-09-04T05:47:28.897Z,2026-09-04T05:50:35.334Z,0,2026-09-04T05:55:22.568Z,,,94f281af-b5e9-4290-9702-d563799a6bd2,
202609040534499575,202609040534499575,20260904053449,4,28,8x8 CallInteractions API,br_8x8_HistoricalCCDetailedInteractions,ACTIVITY_FAILED,FAILED,ERROR,0,0,0,"Notebook execution failed at Notebook service with http status code - 200, please check the Run logs on Notebook, additional details - {\"errorCode\":\"200\",\"errorName\":\"stderr\",\"errorValue\":\"UsageError: Line magic function `%` not found.
\",\"message\":\"Notebook execution is in Failed state, runId: 29006dcd-8c20-41e4-9f1a-ac15e505cfc3\"} :",2026-09-04T05:22:58.194Z,2026-09-04T05:26:33.509Z,0,2026-09-04T05:35:14.334Z,,,3f57caf8-008d-4dfc-9f5c-86252efb5d87,
202609040511169992,202609040511169992,20260904051116,4,28,8x8 CallInteractions API,br_8x8_HistoricalCCDetailedInteractions,ACTIVITY_FAILED,FAILED,ERROR,0,0,0,"Notebook execution failed at Notebook service with http status code - 200, please check the Run logs on Notebook, additional details - {\"errorCode\":\"200\",\"errorName\":\"stderr\",\"errorValue\":\"UsageError: Line magic function `%` not found.
\",\"message\":\"Notebook execution is in Failed state, runId: 45955c6c-7e84-4f8f-95eb-1812c9543416\"} :",2026-09-04T05:01:46.326Z,2026-09-04T05:05:15.959Z,0,2026-09-04T05:11:25.764Z,,,e11ef06b-c1de-441e-a960-c4d69538ddc8,
202609021036006328,202609021036006328,20260902103600,89,4768,P1 Reference Clinic Silver,tbl_Clinic,ACTIVITY_FAILED,FAILED,ERROR,0,0,0,"Notebook execution failed at Notebook service with http status code - 200, please check the Run logs on Notebook, additional details - {\"errorCode\":\"200\",\"errorName\":\"SyntaxError\",\"errorValue\":\"unterminated string literal (detected at line 1) (2879799034.py, line 1)\",\"message\":\"Notebook execution is in Failed state, runId: 969bd602-9893-4e92-b105-9f20c7c033ce\"} :",2026-09-02T10:31:44.841Z,2026-09-02T10:34:09.396Z,0,2026-09-02T10:36:11.352Z,,,b0a68294-8f39-48cc-9f9e-4292e7c94d8f,
202609021146363359,202609021146363359,20260902114636,47,8816,P1 Finance Bills Silver,tbl_Bills,ACTIVITY_FAILED,FAILED,ERROR,0,0,0,"Notebook execution failed at Notebook service with http status code - 200, please check the Run logs on Notebook, additional details - {\"errorCode\":\"200\",\"errorName\":\"SyntaxError\",\"errorValue\":\"unterminated string literal (detected at line 1) (2879799034.py, line 1)\",\"message\":\"Notebook execution is in Failed state, runId: e3084279-5b7d-4733-bc08-871889d5ccce\"} :",2026-09-02T11:41:41.604Z,2026-09-02T11:44:48.460Z,0,2026-09-02T11:46:49.074Z,,,4c4c075e-4dad-4233-8052-32fba0caf996,
202608310157000613,202608310157000612,20260830193506,136,13742,Silver CallBackList,sl_tbl_callcenter_callbacklist,TASK_FAILED,FAILED,ERROR,0,0,0,"[SCHEMA_NOT_FOUND] The schema `default.BHG-DATA-PLATFORM-CORE-DEV.bhg_bronze.ayx` cannot be found. Verify the spelling and correctness of the schema and catalog. If you did not qualify the name with a catalog, verify the current_schema() output, or qualify the name with the correct catalog. To tolerate the error on drop use DROP SCHEMA IF EXISTS.",2026-08-31T01:57:07.460Z,2026-08-31T01:58:06.234Z,57,2026-08-31T01:58:06.234Z,,,1114170a-bcf7-4d18-af4f-d9742f2fa1ce,
202608301935186803,202608301935186803,20260830193506,136,13742,Silver CallBackList,sl_tbl_callcenter_callbacklist,TASK_FAILED,FAILED,ERROR,0,0,0,"[SCHEMA_NOT_FOUND] The schema `default.BHG-DATA-PLATFORM-CORE-DEV.bhg_bronze.ayx` cannot be found. Verify the spelling and correctness of the schema and catalog. If you did not qualify the name with a catalog, verify the current_schema() output, or qualify the name with the correct catalog. To tolerate the error on drop use DROP SCHEMA IF EXISTS.",2026-08-30T19:35:23.080Z,2026-08-30T19:36:16.280Z,51,2026-08-30T19:36:16.280Z,,,e80a0bdf-4652-4e92-9468-284478a96962,
202608310656129508,202608310656129508,20260831063255,136,13742,Silver CallBackList,sl_tbl_callcenter_callbacklist,TASK_FAILED,FAILED,ERROR,0,0,0,"[SCHEMA_NOT_FOUND] The schema `default.BHG-DATA-PLATFORM-CORE-DEV.bhg_bronze.ayx` cannot be found. Verify the spelling and correctness of the schema and catalog. If you did not qualify the name with a catalog, verify the current_schema() output, or qualify the name with the correct catalog. To tolerate the error on drop use DROP SCHEMA IF EXISTS.",2026-08-31T06:56:17.741Z,2026-08-31T06:57:28.748Z,66,2026-08-31T06:57:28.748Z,,,4729d4a5-d6b5-4b39-bbc8-d700a19c5eac,
202608310404083311,202608310404083310,20260830193506,136,13742,Silver CallBackList,sl_tbl_callcenter_callbacklist,TASK_FAILED,FAILED,ERROR,0,0,0,"[SCHEMA_NOT_FOUND] The schema `default.BHG-DATA-PLATFORM-CORE-DEV.bhg_bronze.ayx` cannot be found. Verify the spelling and correctness of the schema and catalog. If you did not qualify the name with a catalog, verify the current_schema() output, or qualify the name with the correct catalog. To tolerate the error on drop use DROP SCHEMA IF EXISTS.",2026-08-31T04:04:12.748Z,2026-08-31T04:05:17.192Z,61,2026-08-31T04:05:17.192Z,,,6bc047e9-8b5b-4d85-a364-b2d6e542e315,
202608310832407094,202608310832407094,20260831063255,136,13742,Silver CallBackList,sl_tbl_callcenter_callbacklist,TASK_FAILED,FAILED,ERROR,0,0,0,"[SCHEMA_NOT_FOUND] The schema `default.BHG-DATA-PLATFORM-CORE-DEV.bhg_bronze.ayx` cannot be found. Verify the spelling and correctness of the schema and catalog. If you did not qualify the name with a catalog, verify the current_schema() output, or qualify the name with the correct catalog. To tolerate the error on drop use DROP SCHEMA IF EXISTS.",2026-08-31T08:32:46.390Z,2026-08-31T08:33:43.263Z,55,2026-08-31T08:33:43.263Z,,,65e89789-39d8-4e46-be47-bcdfcc997be4,
202608310633087809,202608310633087808,20260831063255,136,13742,Silver CallBackList,sl_tbl_callcenter_callbacklist,TASK_FAILED,FAILED,ERROR,0,0,0,"[SCHEMA_NOT_FOUND] The schema `default.BHG-DATA-PLATFORM-CORE-DEV.bhg_bronze.ayx` cannot be found. Verify the spelling and correctness of the schema and catalog. If you did not qualify the name with a catalog, verify the current_schema() output, or qualify the name with the correct catalog. To tolerate the error on drop use DROP SCHEMA IF EXISTS.",2026-08-31T06:33:29.578Z,2026-08-31T06:34:49.774Z,60,2026-08-31T06:34:49.774Z,,,a7cd751e-6e5d-4276-9b13-7268f73d8177,
202608310138188601,202608310138188601,20260830193506,136,13742,Silver CallBackList,sl_tbl_callcenter_callbacklist,TASK_FAILED,FAILED,ERROR,0,0,0,"[SCHEMA_NOT_FOUND] The schema `default.BHG-DATA-PLATFORM-CORE-DEV.bhg_bronze.ayx` cannot be found. Verify the spelling and correctness of the schema and catalog. If you did not qualify the name with a catalog, verify the current_schema() output, or qualify the name with the correct catalog. To tolerate the error on drop use DROP SCHEMA IF EXISTS.",2026-08-31T01:38:25.502Z,2026-08-31T01:39:24.037Z,56,2026-08-31T01:39:24.037Z,,,61276f30-3167-4997-b3de-acb280a085cf,
202609030802480114,202609030802480114,20260903080248,0,0,Source_to_Bronze,Source_to_Bronze,ACTIVITY_FAILED,FAILED,ERROR,0,0,0,"Notebook execution failed at Notebook service with http status code - 200, please check the Run logs on Notebook, additional details - {\"errorCode\":\"200\",\"errorName\":\"SyntaxError\",\"errorValue\":\"unterminated string literal (detected at line 1) (1728112143.py, line 1)\",\"message\":\"Notebook execution is in Failed state, runId: 05ccee80-2723-40d6-b9cc-4f6d93867f48\"} :",2026-09-03T07:57:21.737Z,2026-09-03T08:00:40.208Z,0,2026-09-03T08:03:32.038Z,,,1f769ae4-9bd0-427a-b4d7-1a21a000060d,
202609030912189147,202609030912189147,20260903091218,0,0,Source_to_Bronze,Source_to_Bronze,ACTIVITY_FAILED,FAILED,ERROR,0,0,0,"Notebook execution failed at Notebook service with http status code - 200, please check the Run logs on Notebook, additional details - {\"errorCode\":\"200\",\"errorName\":\"SyntaxError\",\"errorValue\":\"unterminated string literal (detected at line 1) (1728112143.py, line 1)\",\"message\":\"Notebook execution is in Failed state, runId: df6f8168-89bb-4134-9601-002daad146bd\"} :",2026-09-03T09:06:01.759Z,2026-09-03T09:09:09.860Z,0,2026-09-03T09:12:56.778Z,,,499fc8cc-8ce0-48ff-a2a4-f4f4a22cb899,
202609030932200755,202609030932200755,20260903093220,0,0,Source_to_Bronze,Source_to_Bronze,ACTIVITY_FAILED,FAILED,ERROR,0,0,0,"Notebook execution failed at Notebook service with http status code - 200, please check the Run logs on Notebook, additional details - {\"errorCode\":\"200\",\"errorName\":\"SyntaxError\",\"errorValue\":\"unterminated string literal (detected at line 1) (1728112143.py, line 1)\",\"message\":\"Notebook execution is in Failed state, runId: ccad0916-28fb-456f-9e2f-1087053c33eb\"} :",2026-09-03T09:26:42.027Z,2026-09-03T09:30:04.076Z,0,2026-09-03T09:32:53.513Z,,,2389f92b-83e5-4cf1-95f2-b2afa5697bb0,
202609040617146956,202609040617146956,20260904061714,5,31,Silver 8x8 CallInteractions,sl_8x8_CallInteractions,ACTIVITY_FAILED,FAILED,ERROR,0,0,0,"Notebook execution failed at Notebook service with http status code - 200, please check the Run logs on Notebook, additional details - {\"errorCode\":\"200\",\"errorName\":\"stderr\",\"errorValue\":\"UsageError: Line magic function `%` not found.
\",\"message\":\"Notebook execution is in Failed state, runId: e1033134-81c2-4cf6-b212-bf5c4ce71324\"} :",2026-09-04T06:15:39.730Z,2026-09-04T06:16:02.300Z,0,2026-09-04T06:17:23.163Z,,,963356ac-0db4-498c-8882-cac150b60200,
202609031227188537,202609031227188537,20260903122718,38,153,Silver KnowBe4 Enrollments,sl_KnowBe4Enrollments,ACTIVITY_FAILED,FAILED,ERROR,0,0,0,"Notebook execution failed at Notebook service with http status code - 200, please check the Run logs on Notebook, additional details - {\"errorCode\":\"200\",\"errorName\":\"stderr\",\"errorValue\":\"UsageError: Line magic function `%` not found.
\",\"message\":\"Notebook execution is in Failed state, runId: 3b5bc57f-2a0d-4cef-8240-41b69c557936\"} :",2026-09-03T12:22:48.317Z,2026-09-03T12:25:55.970Z,0,2026-09-03T12:27:35.142Z,,,6d2678a2-5070-462a-ab5b-fbefac17def7,
202609080940094184,202609080940094183,20260908094000,117,8627,Gold Patient Services,PatientServicesNoShow,TASK_FAILED,FAILED,ERROR,56561145,0,56561145,"An error occurred while calling o9295.synapsesql. : com.microsoft.spark.fabric.tds.write.error.FabricSparkTDSWriteError: Schemas are not equal: Fields in dataframe but missing in Table: StructField(CenterID,IntegerType,true) Fields in table but missing in dataframe: StructField(Region,StringType,true), StructField(Location,StringType,true)",2026-09-08T09:40:09.418Z,2026-09-08T09:50:19.863Z,610,2026-09-08T09:50:19.863Z,,,45a7abd3-c10a-46e8-880e-96cd312a7d08,
202609020744368988,202609020744368989,20260902074436,130,13687,Gold Claim Denial Prediction,ClaimDenialPredictionV1,TASK_FAILED,FAILED,ERROR,0,0,1,Pipeline completed with 2 failed task(s). Azure Sql Python Silver - Claim Denial Prediction: run_silver_transformations() not found. Load nb_azure_sql_python_slv_transformations before execute. Azure Sql Python Silver - 3P Balances: run_silver_transformations() not found. Load nb_azure_sql_python_slv_transformations before execute.,2026-09-02T07:44:36.898Z,2026-09-02T07:44:36.898Z,0,2026-09-02T07:44:36.898Z,,,391059bc-57e5-49c5-af48-252a2b55168c,
202609020842379498,202609020842379499,20260902084237,130,13687,Gold Claim Denial Prediction,ClaimDenialPredictionV1,TASK_FAILED,FAILED,ERROR,0,0,1,Pipeline completed with 2 failed task(s). Azure Sql Python Silver - Claim Denial Prediction: run_silver_transformations() not found. Load nb_azure_sql_python_slv_transformations before execute. Azure Sql Python Silver - 3P Balances: run_silver_transformations() not found. Load nb_azure_sql_python_slv_transformations before execute.,2026-09-02T08:42:37.949Z,2026-09-02T08:42:37.949Z,0,2026-09-02T08:42:37.949Z,,,f3f50506-ab42-4017-a5e3-5d4c793aa0e6,
202609020728341459,202609020728341460,20260902072834,130,13687,Gold Claim Denial Prediction,ClaimDenialPredictionV1,TASK_FAILED,FAILED,ERROR,0,0,1,Pipeline completed with 2 failed task(s). Azure Sql Python Silver - Claim Denial Prediction: run_silver_transformations() not found. Load nb_azure_sql_python_slv_transformations before execute. Azure Sql Python Silver - 3P Balances: run_silver_transformations() not found. Load nb_azure_sql_python_slv_transformations before execute.,2026-09-02T07:28:34.145Z,2026-09-02T07:28:34.145Z,0,2026-09-02T07:28:34.145Z,,,cfc73f64-c97a-42ba-92ba-46c5d817d8b9,
202609041319273415,202609041316169214,202609041316169212,25,55002,DartsSrv Bronze - B12B,br_tblDartSrv,TASK_COMPLETE,FAILED,ERROR,0,0,1,"{'errorCode':'ActionFailed','message':'Activity failed because an inner activity failed; Inner activity name: swt_darts_load_type, Error: Activity failed because an inner activity failed','failureType':'UserError','target':'fe_each_samms_database_sites','details':''}",2026-09-04T13:16:24.496Z,2026-09-04T13:20:00.219Z,216,2026-09-04T13:20:00.219Z,B12B,ColoradoSprings,9b5eeb6a-42d4-430f-b98a-e42f462d949c,SAMMS-ColoradoSpringsV5
202609080539403615,202609080539403615,20260908053940,146,0,Slv_to_Gld,Slv_to_Gld,ACTIVITY_FAILED,FAILED,ERROR,0,0,0,"Notebook execution failed at Notebook service with http status code - 200, please check the Run logs on Notebook, additional details - {\"errorCode\":\"200\",\"errorName\":\"Exception\",\"errorValue\":\"No active config found in meta.EtlConfig for nb_qq_gltran_slv_to_gld\",\"message\":\"Notebook execution is in Failed state, runId: 23199417-52bd-43cf-a223-4b3d08d4e8e8\"} :",2026-09-08T05:25:17.456Z,2026-09-08T05:36:20.566Z,0,2026-09-08T05:39:57.306Z,,,1af6f9c0-de07-46ce-9d94-4a023d844ee9,
202609080357462756,202609080357462755,20260908035746,146,0,Slv_to_Gld,Slv_to_Gld,ACTIVITY_FAILED,FAILED,ERROR,0,0,0,"Notebook execution failed at Notebook service with http status code - 200, please check the Run logs on Notebook, additional details - {\"errorCode\":\"200\",\"errorName\":\"Exception\",\"errorValue\":\"No active config found in meta.EtlConfig for nb_qq_gltran_slv_to_gld\",\"message\":\"Notebook execution is in Failed state, runId: 3cb6235f-04c4-4179-aa97-45ab27ea51c0\"} :",2026-09-08T03:43:30.518Z,2026-09-08T03:54:30.837Z,0,2026-09-08T03:57:58.649Z,,,46a9a56e-0600-4598-9fca-db37b4a86652,
202608281926078145,202608281847377896,202608281847377699,34,144084,3pClaimNote Bronze - SFN,br_tbl3pClaimNote,TASK_COMPLETE,SUCCESS,INFO,435,435,0,,2026-08-28T18:47:42.349Z,2026-08-28T19:26:11.151Z,2309,2026-08-28T19:26:11.151Z,SFN,SFN,d66e4bd3-e6d0-4238-8a1c-0b9f6b234cef,SAMMS-SFNv5
202608281926078146,202608281847377897,202608281847377699,34,144085,3pClaimNote Bronze - SHP,br_tbl3pClaimNote,TASK_COMPLETE,SUCCESS,INFO,38,38,0,,2026-08-28T18:47:42.349Z,2026-08-28T19:26:11.151Z,2309,2026-08-28T19:26:11.151Z,SHP,Shreveport,d66e4bd3-e6d0-4238-8a1c-0b9f6b234cef,SAMMS-Shreveport
202608281926078147,202608281847377898,202608281847377699,34,144086,3pClaimNote Bronze - STN,br_tbl3pClaimNote,TASK_COMPLETE,SUCCESS,INFO,175,175,0,,2026-08-28T18:47:42.349Z,2026-08-28T19:26:11.151Z,2309,2026-08-28T19:26:11.151Z,STN,Staunton,d66e4bd3-e6d0-4238-8a1c-0b9f6b234cef,SAMMS-Staunton
202608281926078148,202608281847377899,202608281847377699,34,144087,3pClaimNote Bronze - STVN,br_tbl3pClaimNote,TASK_COMPLETE,SUCCESS,INFO,6,6,0,,2026-08-28T18:47:42.349Z,2026-08-28T19:26:11.151Z,2309,2026-08-28T19:26:11.151Z,STVN,Stevenson,d66e4bd3-e6d0-4238-8a1c-0b9f6b234cef,SAMMS-Stevenson
202608281926078149,202608281847377900,202608281847377699,34,144088,3pClaimNote Bronze - TE,br_tbl3pClaimNote,TASK_COMPLETE,SUCCESS,INFO,0,0,0,,2026-08-28T18:47:42.349Z,2026-08-28T19:26:11.151Z,2309,2026-08-28T19:26:11.151Z,TE,Tempe,d66e4bd3-e6d0-4238-8a1c-0b9f6b234cef,SAMMS-Tempe
202608281926078150,202608281847377901,202608281847377699,34,144089,3pClaimNote Bronze - TEX,br_tbl3pClaimNote,TASK_COMPLETE,SUCCESS,INFO,53,53,0,,2026-08-28T18:47:42.349Z,2026-08-28T19:26:11.151Z,2309,2026-08-28T19:26:11.151Z,TEX,Texarkana,d66e4bd3-e6d0-4238-8a1c-0b9f6b234cef,SAMMS-Texarkana
202608281926078151,202608281847377902,202608281847377699,34,144090,3pClaimNote Bronze - TTCA,br_tbl3pClaimNote,TASK_COMPLETE,SUCCESS,INFO,32,32,0,,2026-08-28T18:47:42.349Z,2026-08-28T19:26:11.151Z,2309,2026-08-28T19:26:11.151Z,TTCA,Bessemer,d66e4bd3-e6d0-4238-8a1c-0b9f6b234cef,SAMMS-BessemerV5
202608281926078152,202608281847377903,202608281847377699,34,144091,3pClaimNote Bronze - TTCB,br_tbl3pClaimNote,TASK_COMPLETE,SUCCESS,INFO,776,776,0,,2026-08-28T18:47:42.349Z,2026-08-28T19:26:11.151Z,2309,2026-08-28T19:26:11.151Z,TTCB,Cullman,d66e4bd3-e6d0-4238-8a1c-0b9f6b234cef,SAMMS-CullmanV5
202608281926078154,202608281847377904,202608281847377699,34,144092,3pClaimNote Bronze - TTCC,br_tbl3pClaimNote,TASK_COMPLETE,SUCCESS,INFO,19,19,0,,2026-08-28T18:47:42.349Z,2026-08-28T19:26:11.151Z,2309,2026-08-28T19:26:11.151Z,TTCC,GrandBay,d66e4bd3-e6d0-4238-8a1c-0b9f6b234cef,SAMMS-GrandBay
202608281926078155,202608281847377905,202608281847377699,34,144093,3pClaimNote Bronze - TU,br_tbl3pClaimNote,TASK_COMPLETE,SUCCESS,INFO,302,302,0,,2026-08-28T18:47:42.349Z,2026-08-28T19:26:11.151Z,2309,2026-08-28T19:26:11.151Z,TU,Tucson,d66e4bd3-e6d0-4238-8a1c-0b9f6b234cef,SAMMS-Tucson
202608281926078156,202608281847377906,202608281847377699,34,144094,3pClaimNote Bronze - V1,br_tbl3pClaimNote,TASK_COMPLETE,SUCCESS,INFO,56,56,0,,2026-08-28T18:47:42.349Z,2026-08-28T19:26:11.151Z,2309,2026-08-28T19:26:11.151Z,V1,VCPHCS-I-Memphis,d66e4bd3-e6d0-4238-8a1c-0b9f6b234cef,SAMMS-VCPHCS-I-MemphisV5
202608281926078157,202608281847377907,202608281847377699,34,144095,3pClaimNote Bronze - V10,br_tbl3pClaimNote,TASK_COMPLETE,SUCCESS,INFO,264,264,0,,2026-08-28T18:47:42.349Z,2026-08-28T19:26:11.151Z,2309,2026-08-28T19:26:11.151Z,V10,Boulder,d66e4bd3-e6d0-4238-8a1c-0b9f6b234cef,SAMMS-BoulderV5
202608281926078158,202608281847377908,202608281847377699,34,144096,3pClaimNote Bronze - V10A,br_tbl3pClaimNote,TASK_COMPLETE,SUCCESS,INFO,153,153,0,,2026-08-28T18:47:42.349Z,2026-08-28T19:26:11.151Z,2309,2026-08-28T19:26:11.151Z,V10A,FortCollins,d66e4bd3-e6d0-4238-8a1c-0b9f6b234cef,SAMMS-FortCollinsV5
202608281926078159,202608281847377909,202608281847377699,34,144097,3pClaimNote Bronze - V11,br_tbl3pClaimNote,TASK_COMPLETE,SUCCESS,INFO,88,88,0,,2026-08-28T18:47:42.349Z,2026-08-28T19:26:11.151Z,2309,2026-08-28T19:26:11.151Z,V11,VCPHCS-XI-NorthDenver,d66e4bd3-e6d0-4238-8a1c-0b9f6b234cef,SAMMS-VCPHCS-XI-NorthDenverV5
202608281926078160,202608281847377910,202608281847377699,34,144098,3pClaimNote Bronze - V12,br_tbl3pClaimNote,TASK_COMPLETE,SUCCESS,INFO,240,240,0,,2026-08-28T18:47:42.349Z,2026-08-28T19:26:11.151Z,2309,2026-08-28T19:26:11.151Z,V12,VCPHCS-XII-DowntownDenver,d66e4bd3-e6d0-4238-8a1c-0b9f6b234cef,SAMMS-VCPHCS-XII-DowntownDenverV5
202608281926078161,202608281847377911,202608281847377699,34,144099,3pClaimNote Bronze - V12A,br_tbl3pClaimNote,TASK_COMPLETE,SUCCESS,INFO,90,90,0,,2026-08-28T18:47:42.349Z,2026-08-28T19:26:11.151Z,2309,2026-08-28T19:26:11.151Z,V12A,Centennial,d66e4bd3-e6d0-4238-8a1c-0b9f6b234cef,SAMMS-CentennialV5
202608281926078162,202608281847377912,202608281847377699,34,144100,3pClaimNote Bronze - V14,br_tbl3pClaimNote,TASK_COMPLETE,SUCCESS,INFO,38,38,0,,2026-08-28T18:47:42.349Z,2026-08-28T19:26:11.151Z,2309,2026-08-28T19:26:11.151Z,V14,VCPHCS-XIV-Bridgeway,d66e4bd3-e6d0-4238-8a1c-0b9f6b234cef,SAMMS-VCPHCS-XIV-BridgewayV5
202608281926078163,202608281847377913,202608281847377699,34,144101,3pClaimNote Bronze - V15,br_tbl3pClaimNote,TASK_COMPLETE,SUCCESS,INFO,6,6,0,,2026-08-28T18:47:42.349Z,2026-08-28T19:26:11.151Z,2309,2026-08-28T19:26:11.151Z,V15,Joplin,d66e4bd3-e6d0-4238-8a1c-0b9f6b234cef,SAMMS-JoplinV5
202608281926078165,202608281847377914,202608281847377699,34,144102,3pClaimNote Bronze - V17,br_tbl3pClaimNote,TASK_COMPLETE,SUCCESS,INFO,19,19,0,,2026-08-28T18:47:42.349Z,2026-08-28T19:26:11.151Z,2309,2026-08-28T19:26:11.151Z,V17,ColumbiaTN,d66e4bd3-e6d0-4238-8a1c-0b9f6b234cef,SAMMS-ColumbiaTNv5
202608281926078166,202608281847377915,202608281847377699,34,144103,3pClaimNote Bronze - V19,br_tbl3pClaimNote,TASK_COMPLETE,SUCCESS,INFO,35,35,0,,2026-08-28T18:47:42.349Z,2026-08-28T19:26:11.151Z,2309,2026-08-28T19:26:11.151Z,V19,Jackson,d66e4bd3-e6d0-4238-8a1c-0b9f6b234cef,SAMMS-JacksonV5
202608281926078167,202608281847377916,202608281847377699,34,144104,3pClaimNote Bronze - V20,br_tbl3pClaimNote,TASK_COMPLETE,SUCCESS,INFO,92,92,0,,2026-08-28T18:47:42.349Z,2026-08-28T19:26:11.151Z,2309,2026-08-28T19:26:11.151Z,V20,Paris,d66e4bd3-e6d0-4238-8a1c-0b9f6b234cef,SAMMS-ParisV5
202608281926078168,202608281847377917,202608281847377699,34,144105,3pClaimNote Bronze - V21,br_tbl3pClaimNote,TASK_COMPLETE,SUCCESS,INFO,20,20,0,,2026-08-28T18:47:42.349Z,2026-08-28T19:26:11.151Z,2309,2026-08-28T19:26:11.151Z,V21,Raleigh,d66e4bd3-e6d0-4238-8a1c-0b9f6b234cef,SAMMS-RaleighV5
202608281926078169,202608281847377918,202608281847377699,34,144106,3pClaimNote Bronze - V5,br_tbl3pClaimNote,TASK_COMPLETE,SUCCESS,INFO,167,167,0,,2026-08-28T18:47:42.349Z,2026-08-28T19:26:11.151Z,2309,2026-08-28T19:26:11.151Z,V5,NONTC,d66e4bd3-e6d0-4238-8a1c-0b9f6b234cef,SAMMS-NONTCv5
202608281926078170,202608281847377919,202608281847377699,34,144107,3pClaimNote Bronze - V5B,br_tbl3pClaimNote,TASK_COMPLETE,SUCCESS,INFO,4,4,0,,2026-08-28T18:47:42.349Z,2026-08-28T19:26:11.151Z,2309,2026-08-28T19:26:11.151Z,V5B,Houma,d66e4bd3-e6d0-4238-8a1c-0b9f6b234cef,SAMMS-HoumaV6
202608281926078171,202608281847377920,202608281847377699,34,144108,3pClaimNote Bronze - V6,br_tbl3pClaimNote,TASK_COMPLETE,SUCCESS,INFO,247,247,0,,2026-08-28T18:47:42.349Z,2026-08-28T19:26:11.151Z,2309,2026-08-28T19:26:11.151Z,V6,LC,d66e4bd3-e6d0-4238-8a1c-0b9f6b234cef,SAMMS-LCv5
202608281926078172,202608281847377921,202608281847377699,34,144109,3pClaimNote Bronze - V8,br_tbl3pClaimNote,TASK_COMPLETE,SUCCESS,INFO,25,25,0,,2026-08-28T18:47:42.349Z,2026-08-28T19:26:11.151Z,2309,2026-08-28T19:26:11.151Z,V8,VCPHCS-VIII-Memphis,d66e4bd3-e6d0-4238-8a1c-0b9f6b234cef,SAMMS-VCPHCS-VIII-MemphisV5
202608281926078173,202608281847377922,202608281847377699,34,144110,3pClaimNote Bronze - V9,br_tbl3pClaimNote,TASK_COMPLETE,SUCCESS,INFO,97,97,0,,2026-08-28T18:47:42.349Z,2026-08-28T19:26:11.151Z,2309,2026-08-28T19:26:11.151Z,V9,Nashville,d66e4bd3-e6d0-4238-8a1c-0b9f6b234cef,SAMMS-NashvilleV5
202608281926078174,202608281847377923,202608281847377699,34,144111,3pClaimNote Bronze - VBRA,br_tbl3pClaimNote,TASK_COMPLETE,SUCCESS,INFO,143,143,0,,2026-08-28T18:47:42.349Z,2026-08-28T19:26:11.151Z,2309,2026-08-28T19:26:11.151Z,VBRA,Brainerd,d66e4bd3-e6d0-4238-8a1c-0b9f6b234cef,SAMMS-BrainerdV6
202608281926078176,202608281847377924,202608281847377699,34,144112,3pClaimNote Bronze - VBRP,br_tbl3pClaimNote,TASK_COMPLETE,SUCCESS,INFO,147,147,0,,2026-08-28T18:47:42.349Z,2026-08-28T19:26:11.151Z,2309,2026-08-28T19:26:11.151Z,VBRP,BrooklynPark,d66e4bd3-e6d0-4238-8a1c-0b9f6b234cef,SAMMS-BrooklynParkV6
202608281926078177,202608281847377925,202608281847377699,34,144113,3pClaimNote Bronze - VMIN,br_tbl3pClaimNote,TASK_COMPLETE,SUCCESS,INFO,266,266,0,,2026-08-28T18:47:42.349Z,2026-08-28T19:26:11.151Z,2309,2026-08-28T19:26:11.151Z,VMIN,Minneapolis,d66e4bd3-e6d0-4238-8a1c-0b9f6b234cef,SAMMS-MinneapolisV6
202608281926078178,202608281847377926,202608281847377699,34,144114,3pClaimNote Bronze - VWBY,br_tbl3pClaimNote,TASK_COMPLETE,SUCCESS,INFO,589,589,0,,2026-08-28T18:47:42.349Z,2026-08-28T19:26:11.151Z,2309,2026-08-28T19:26:11.151Z,VWBY,Woodbury,d66e4bd3-e6d0-4238-8a1c-0b9f6b234cef,SAMMS-WoodburyV6
202608281926078179,202608281847377927,202608281847377699,34,144115,3pClaimNote Bronze - WIL,br_tbl3pClaimNote,TASK_COMPLETE,SUCCESS,INFO,40,40,0,,2026-08-28T18:47:42.349Z,2026-08-28T19:26:11.151Z,2309,2026-08-28T19:26:11.151Z,WIL,Wilson,d66e4bd3-e6d0-4238-8a1c-0b9f6b234cef,SAMMS-Wilson
202609070956149468,202609070956149468,20260907095614,1,1,UKG Job Codes API,br_JobCodes,ACTIVITY_FAILED,FAILED,ERROR,0,0,0,"Notebook execution failed at Notebook service with http status code - 200, please check the Run logs on Notebook, additional details - {\"errorCode\":\"200\",\"errorName\":\"Exception\",\"errorValue\":\"SKIPPED : Silver QQ_GLTRAN (Dependency Failed)\",\"message\":\"Notebook execution is in Failed state, runId: d02c9122-496f-4e9c-8dbb-7650819986ec\"} :",2026-09-07T09:41:59.904Z,2026-09-07T09:53:19.531Z,0,2026-09-07T09:56:28.239Z,,,11463ad2-ac17-44e2-883f-b7f86a42dcb9,
202609071041513821,202609071041513821,20260907104151,145,0,Brz_to_Slv,Brz_to_Slv,ACTIVITY_FAILED,FAILED,ERROR,0,0,0,"Notebook execution failed at Notebook service with http status code - 200, please check the Run logs on Notebook, additional details - {\"errorCode\":\"200\",\"errorName\":\"Exception\",\"errorValue\":\"SKIPPED : Silver QQ_GLTRAN (Dependency Failed)\",\"message\":\"Notebook execution is in Failed state, runId: 1e31a43e-ea4c-42ad-80fb-e036cb0afc89\"} :",2026-09-07T10:27:08.228Z,2026-09-07T10:37:41.097Z,0,2026-09-07T10:42:08.241Z,,,846d4ac3-7863-4b80-977d-629c9a3000f3,
202609041319273414,202609041316169213,202609041316169212,25,55001,DartsSrv Bronze - AHK,br_tblDartSrv,TASK_COMPLETE,FAILED,ERROR,0,0,1,"{'errorCode':'ActionFailed','message':'Activity failed because an inner activity failed; Inner activity name: swt_darts_load_type, Error: Activity failed because an inner activity failed','failureType':'UserError','target':'fe_each_samms_database_sites','details':''}",2026-09-04T13:16:24.496Z,2026-09-04T13:20:00.219Z,216,2026-09-04T13:20:00.219Z,AHK,Ahoskie,9b5eeb6a-42d4-430f-b98a-e42f462d949c,SAMMS-Ahoskie
202608281926078021,202608281847377784,202608281847377699,34,143086,3pArnote Bronze - STN,br_tbl3pArnote,TASK_COMPLETE,SUCCESS,INFO,1122,1122,0,,2026-08-28T18:47:42.349Z,2026-08-28T19:26:11.151Z,2309,2026-08-28T19:26:11.151Z,STN,Staunton,d66e4bd3-e6d0-4238-8a1c-0b9f6b234cef,SAMMS-Staunton
202608281926078022,202608281847377785,202608281847377699,34,143087,3pArnote Bronze - STVN,br_tbl3pArnote,TASK_COMPLETE,SUCCESS,INFO,13,13,0,,2026-08-28T18:47:42.349Z,2026-08-28T19:26:11.151Z,2309,2026-08-28T19:26:11.151Z,STVN,Stevenson,d66e4bd3-e6d0-4238-8a1c-0b9f6b234cef,SAMMS-Stevenson
202608281926078023,202608281847377786,202608281847377699,34,143088,3pArnote Bronze - TE,br_tbl3pArnote,TASK_COMPLETE,SUCCESS,INFO,0,0,0,,2026-08-28T18:47:42.349Z,2026-08-28T19:26:11.151Z,2309,2026-08-28T19:26:11.151Z,TE,Tempe,d66e4bd3-e6d0-4238-8a1c-0b9f6b234cef,SAMMS-Tempe
202608281926078024,202608281847377787,202608281847377699,34,143089,3pArnote Bronze - TEX,br_tbl3pArnote,TASK_COMPLETE,SUCCESS,INFO,82,82,0,,2026-08-28T18:47:42.349Z,2026-08-28T19:26:11.151Z,2309,2026-08-28T19:26:11.151Z,TEX,Texarkana,d66e4bd3-e6d0-4238-8a1c-0b9f6b234cef,SAMMS-Texarkana
202608281926078026,202608281847377788,202608281847377699,34,143090,3pArnote Bronze - TTCA,br_tbl3pArnote,TASK_COMPLETE,SUCCESS,INFO,52,52,0,,2026-08-28T18:47:42.349Z,2026-08-28T19:26:11.151Z,2309,2026-08-28T19:26:11.151Z,TTCA,Bessemer,d66e4bd3-e6d0-4238-8a1c-0b9f6b234cef,SAMMS-BessemerV5
202608281926078027,202608281847377789,202608281847377699,34,143091,3pArnote Bronze - TTCB,br_tbl3pArnote,TASK_COMPLETE,SUCCESS,INFO,1272,1272,0,,2026-08-28T18:47:42.349Z,2026-08-28T19:26:11.151Z,2309,2026-08-28T19:26:11.151Z,TTCB,Cullman,d66e4bd3-e6d0-4238-8a1c-0b9f6b234cef,SAMMS-CullmanV5
202608281926078028,202608281847377790,202608281847377699,34,143092,3pArnote Bronze - TTCC,br_tbl3pArnote,TASK_COMPLETE,SUCCESS,INFO,27,27,0,,2026-08-28T18:47:42.349Z,2026-08-28T19:26:11.151Z,2309,2026-08-28T19:26:11.151Z,TTCC,GrandBay,d66e4bd3-e6d0-4238-8a1c-0b9f6b234cef,SAMMS-GrandBay
202608281926078029,202608281847377791,202608281847377699,34,143093,3pArnote Bronze - TU,br_tbl3pArnote,TASK_COMPLETE,SUCCESS,INFO,731,731,0,,2026-08-28T18:47:42.349Z,2026-08-28T19:26:11.151Z,2309,2026-08-28T19:26:11.151Z,TU,Tucson,d66e4bd3-e6d0-4238-8a1c-0b9f6b234cef,SAMMS-Tucson
202608281926078030,202608281847377792,202608281847377699,34,143094,3pArnote Bronze - V1,br_tbl3pArnote,TASK_COMPLETE,SUCCESS,INFO,361,361,0,,2026-08-28T18:47:42.349Z,2026-08-28T19:26:11.151Z,2309,2026-08-28T19:26:11.151Z,V1,VCPHCS-I-Memphis,d66e4bd3-e6d0-4238-8a1c-0b9f6b234cef,SAMMS-VCPHCS-I-MemphisV5
202608281926078031,202608281847377793,202608281847377699,34,143095,3pArnote Bronze - V10,br_tbl3pArnote,TASK_COMPLETE,SUCCESS,INFO,852,852,0,,2026-08-28T18:47:42.349Z,2026-08-28T19:26:11.151Z,2309,2026-08-28T19:26:11.151Z,V10,Boulder,d66e4bd3-e6d0-4238-8a1c-0b9f6b234cef,SAMMS-BoulderV5
202608281926078032,202608281847377794,202608281847377699,34,143096,3pArnote Bronze - V10A,br_tbl3pArnote,TASK_COMPLETE,SUCCESS,INFO,327,327,0,,2026-08-28T18:47:42.349Z,2026-08-28T19:26:11.151Z,2309,2026-08-28T19:26:11.151Z,V10A,FortCollins,d66e4bd3-e6d0-4238-8a1c-0b9f6b234cef,SAMMS-FortCollinsV5
202608281926078033,202608281847377795,202608281847377699,34,143097,3pArnote Bronze - V11,br_tbl3pArnote,TASK_COMPLETE,SUCCESS,INFO,199,199,0,,2026-08-28T18:47:42.349Z,2026-08-28T19:26:11.151Z,2309,2026-08-28T19:26:11.151Z,V11,VCPHCS-XI-NorthDenver,d66e4bd3-e6d0-4238-8a1c-0b9f6b234cef,SAMMS-VCPHCS-XI-NorthDenverV5
202608281926078034,202608281847377796,202608281847377699,34,143098,3pArnote Bronze - V12,br_tbl3pArnote,TASK_COMPLETE,SUCCESS,INFO,1880,1880,0,,2026-08-28T18:47:42.349Z,2026-08-28T19:26:11.151Z,2309,2026-08-28T19:26:11.151Z,V12,VCPHCS-XII-DowntownDenver,d66e4bd3-e6d0-4238-8a1c-0b9f6b234cef,SAMMS-VCPHCS-XII-DowntownDenverV5
202608281926078035,202608281847377797,202608281847377699,34,143099,3pArnote Bronze - V12A,br_tbl3pArnote,TASK_COMPLETE,SUCCESS,INFO,205,205,0,,2026-08-28T18:47:42.349Z,2026-08-28T19:26:11.151Z,2309,2026-08-28T19:26:11.151Z,V12A,Centennial,d66e4bd3-e6d0-4238-8a1c-0b9f6b234cef,SAMMS-CentennialV5
202608281926078037,202608281847377798,202608281847377699,34,143100,3pArnote Bronze - V14,br_tbl3pArnote,TASK_COMPLETE,SUCCESS,INFO,43,43,0,,2026-08-28T18:47:42.349Z,2026-08-28T19:26:11.151Z,2309,2026-08-28T19:26:11.151Z,V14,VCPHCS-XIV-Bridgeway,d66e4bd3-e6d0-4238-8a1c-0b9f6b234cef,SAMMS-VCPHCS-XIV-BridgewayV5
202608281926078038,202608281847377799,202608281847377699,34,143101,3pArnote Bronze - V15,br_tbl3pArnote,TASK_COMPLETE,SUCCESS,INFO,10,10,0,,2026-08-28T18:47:42.349Z,2026-08-28T19:26:11.151Z,2309,2026-08-28T19:26:11.151Z,V15,Joplin,d66e4bd3-e6d0-4238-8a1c-0b9f6b234cef,SAMMS-JoplinV5
202608281926078039,202608281847377800,202608281847377699,34,143102,3pArnote Bronze - V17,br_tbl3pArnote,TASK_COMPLETE,SUCCESS,INFO,25,25,0,,2026-08-28T18:47:42.349Z,2026-08-28T19:26:11.151Z,2309,2026-08-28T19:26:11.151Z,V17,ColumbiaTN,d66e4bd3-e6d0-4238-8a1c-0b9f6b234cef,SAMMS-ColumbiaTNv5
202608281926078040,202608281847377801,202608281847377699,34,143103,3pArnote Bronze - V19,br_tbl3pArnote,TASK_COMPLETE,SUCCESS,INFO,47,47,0,,2026-08-28T18:47:42.349Z,2026-08-28T19:26:11.151Z,2309,2026-08-28T19:26:11.151Z,V19,Jackson,d66e4bd3-e6d0-4238-8a1c-0b9f6b234cef,SAMMS-JacksonV5
202608281926078041,202608281847377802,202608281847377699,34,143104,3pArnote Bronze - V20,br_tbl3pArnote,TASK_COMPLETE,SUCCESS,INFO,109,109,0,,2026-08-28T18:47:42.349Z,2026-08-28T19:26:11.151Z,2309,2026-08-28T19:26:11.151Z,V20,Paris,d66e4bd3-e6d0-4238-8a1c-0b9f6b234cef,SAMMS-ParisV5
202608281926078042,202608281847377803,202608281847377699,34,143105,3pArnote Bronze - V21,br_tbl3pArnote,TASK_COMPLETE,SUCCESS,INFO,43,43,0,,2026-08-28T18:47:42.349Z,2026-08-28T19:26:11.151Z,2309,2026-08-28T19:26:11.151Z,V21,Raleigh,d66e4bd3-e6d0-4238-8a1c-0b9f6b234cef,SAMMS-RaleighV5
202608281926078043,202608281847377804,202608281847377699,34,143106,3pArnote Bronze - V5,br_tbl3pArnote,TASK_COMPLETE,SUCCESS,INFO,847,847,0,,2026-08-28T18:47:42.349Z,2026-08-28T19:26:11.151Z,2309,2026-08-28T19:26:11.151Z,V5,NONTC,d66e4bd3-e6d0-4238-8a1c-0b9f6b234cef,SAMMS-NONTCv5
202608281926078044,202608281847377805,202608281847377699,34,143107,3pArnote Bronze - V5B,br_tbl3pArnote,TASK_COMPLETE,SUCCESS,INFO,12,12,0,,2026-08-28T18:47:42.349Z,2026-08-28T19:26:11.151Z,2309,2026-08-28T19:26:11.151Z,V5B,Houma,d66e4bd3-e6d0-4238-8a1c-0b9f6b234cef,SAMMS-HoumaV6
202608281926078045,202608281847377806,202608281847377699,34,143108,3pArnote Bronze - V6,br_tbl3pArnote,TASK_COMPLETE,SUCCESS,INFO,1134,1134,0,,2026-08-28T18:47:42.349Z,2026-08-28T19:26:11.151Z,2309,2026-08-28T19:26:11.151Z,V6,LC,d66e4bd3-e6d0-4238-8a1c-0b9f6b234cef,SAMMS-LCv5
202608281926078047,202608281847377807,202608281847377699,34,143109,3pArnote Bronze - V8,br_tbl3pArnote,TASK_COMPLETE,SUCCESS,INFO,142,142,0,,2026-08-28T18:47:42.349Z,2026-08-28T19:26:11.151Z,2309,2026-08-28T19:26:11.151Z,V8,VCPHCS-VIII-Memphis,d66e4bd3-e6d0-4238-8a1c-0b9f6b234cef,SAMMS-VCPHCS-VIII-MemphisV5
202608281926078048,202608281847377808,202608281847377699,34,143110,3pArnote Bronze - V9,br_tbl3pArnote,TASK_COMPLETE,SUCCESS,INFO,128,128,0,,2026-08-28T18:47:42.349Z,2026-08-28T19:26:11.151Z,2309,2026-08-28T19:26:11.151Z,V9,Nashville,d66e4bd3-e6d0-4238-8a1c-0b9f6b234cef,SAMMS-NashvilleV5
202608281926078049,202608281847377809,202608281847377699,34,143111,3pArnote Bronze - VBRA,br_tbl3pArnote,TASK_COMPLETE,SUCCESS,INFO,232,232,0,,2026-08-28T18:47:42.349Z,2026-08-28T19:26:11.151Z,2309,2026-08-28T19:26:11.151Z,VBRA,Brainerd,d66e4bd3-e6d0-4238-8a1c-0b9f6b234cef,SAMMS-BrainerdV6
202608281926078050,202608281847377810,202608281847377699,34,143112,3pArnote Bronze - VBRP,br_tbl3pArnote,TASK_COMPLETE,SUCCESS,INFO,504,504,0,,2026-08-28T18:47:42.349Z,2026-08-28T19:26:11.151Z,2309,2026-08-28T19:26:11.151Z,VBRP,BrooklynPark,d66e4bd3-e6d0-4238-8a1c-0b9f6b234cef,SAMMS-BrooklynParkV6
202608281926078051,202608281847377811,202608281847377699,34,143113,3pArnote Bronze - VMIN,br_tbl3pArnote,TASK_COMPLETE,SUCCESS,INFO,921,921,0,,2026-08-28T18:47:42.349Z,2026-08-28T19:26:11.151Z,2309,2026-08-28T19:26:11.151Z,VMIN,Minneapolis,d66e4bd3-e6d0-4238-8a1c-0b9f6b234cef,SAMMS-MinneapolisV6
202608281926078083,202608281847377840,202608281847377699,34,144027,3pClaimNote Bronze - B46,br_tbl3pClaimNote,TASK_COMPLETE,SUCCESS,INFO,1327,1327,0,,2026-08-28T18:47:42.349Z,2026-08-28T19:26:11.151Z,2309,2026-08-28T19:26:11.151Z,B46,WashingtonDC,d66e4bd3-e6d0-4238-8a1c-0b9f6b234cef,SAMMS-WashingtonDCv5
202608281926078084,202608281847377841,202608281847377699,34,144028,3pClaimNote Bronze - B47,br_tbl3pClaimNote,TASK_COMPLETE,SUCCESS,INFO,93,93,0,,2026-08-28T18:47:42.349Z,2026-08-28T19:26:11.151Z,2309,2026-08-28T19:26:11.151Z,B47,Mobile,d66e4bd3-e6d0-4238-8a1c-0b9f6b234cef,SAMMS-MobileV5
202608281926078085,202608281847377842,202608281847377699,34,144029,3pClaimNote Bronze - B48,br_tbl3pClaimNote,TASK_COMPLETE,SUCCESS,INFO,108,108,0,,2026-08-28T18:47:42.349Z,2026-08-28T19:26:11.151Z,2309,2026-08-28T19:26:11.151Z,B48,Tuscaloosa,d66e4bd3-e6d0-4238-8a1c-0b9f6b234cef,SAMMS-TuscaloosaV5
202608281926078086,202608281847377843,202608281847377699,34,144030,3pClaimNote Bronze - B51,br_tbl3pClaimNote,TASK_COMPLETE,SUCCESS,INFO,13,13,0,,2026-08-28T18:47:42.349Z,2026-08-28T19:26:11.151Z,2309,2026-08-28T19:26:11.151Z,B51,NorthLittleRock,d66e4bd3-e6d0-4238-8a1c-0b9f6b234cef,SAMMS-NorthLittleRockV6
202608281926078087,202608281847377844,202608281847377699,34,144031,3pClaimNote Bronze - B52,br_tbl3pClaimNote,TASK_COMPLETE,SUCCESS,INFO,20,20,0,,2026-08-28T18:47:42.349Z,2026-08-28T19:26:11.151Z,2309,2026-08-28T19:26:11.151Z,B52,JacksonGA,d66e4bd3-e6d0-4238-8a1c-0b9f6b234cef,SAMMS-JacksonGAV5
202608281926078089,202608281847377845,202608281847377699,34,144032,3pClaimNote Bronze - B54,br_tbl3pClaimNote,TASK_COMPLETE,SUCCESS,INFO,48,48,0,,2026-08-28T18:47:42.349Z,2026-08-28T19:26:11.151Z,2309,2026-08-28T19:26:11.151Z,B54,Gadsden,d66e4bd3-e6d0-4238-8a1c-0b9f6b234cef,SAMMS-GadsdenV5
202608281926078090,202608281847377846,202608281847377699,34,144033,3pClaimNote Bronze - B55,br_tbl3pClaimNote,TASK_COMPLETE,SUCCESS,INFO,70,70,0,,2026-08-28T18:47:42.349Z,2026-08-28T19:26:11.151Z,2309,2026-08-28T19:26:11.151Z,B55,Shoals,d66e4bd3-e6d0-4238-8a1c-0b9f6b234cef,SAMMS-ShoalsV5
202608281926078091,202608281847377847,202608281847377699,34,144034,3pClaimNote Bronze - B57,br_tbl3pClaimNote,TASK_COMPLETE,SUCCESS,INFO,95,95,0,,2026-08-28T18:47:42.349Z,2026-08-28T19:26:11.151Z,2309,2026-08-28T19:26:11.151Z,B57,Pawtucket,d66e4bd3-e6d0-4238-8a1c-0b9f6b234cef,SAMMS-Pawtucket
202608281926078092,202608281847377848,202608281847377699,34,144036,3pClaimNote Bronze - B57B,br_tbl3pClaimNote,TASK_COMPLETE,SUCCESS,INFO,30,30,0,,2026-08-28T18:47:42.349Z,2026-08-28T19:26:11.151Z,2309,2026-08-28T19:26:11.151Z,B57B,Middletown,d66e4bd3-e6d0-4238-8a1c-0b9f6b234cef,SAMMS-Middletown
202608281926078093,202608281847377849,202608281847377699,34,144037,3pClaimNote Bronze - B57C,br_tbl3pClaimNote,TASK_COMPLETE,SUCCESS,INFO,59,59,0,,2026-08-28T18:47:42.349Z,2026-08-28T19:26:11.151Z,2309,2026-08-28T19:26:11.151Z,B57C,Providence,d66e4bd3-e6d0-4238-8a1c-0b9f6b234cef,SAMMS-Providence
202608281926078094,202608281847377850,202608281847377699,34,144038,3pClaimNote Bronze - B57D,br_tbl3pClaimNote,TASK_COMPLETE,SUCCESS,INFO,1151,1151,0,,2026-08-28T18:47:42.349Z,2026-08-28T19:26:11.151Z,2309,2026-08-28T19:26:11.151Z,B57D,Westerly,d66e4bd3-e6d0-4238-8a1c-0b9f6b234cef,SAMMS-Westerly
202608281926078095,202608281847377851,202608281847377699,34,144039,3pClaimNote Bronze - B66A,br_tbl3pClaimNote,TASK_COMPLETE,SUCCESS,INFO,0,0,0,,2026-08-28T18:47:42.349Z,2026-08-28T19:26:11.151Z,2309,2026-08-28T19:26:11.151Z,B66A,Bremen,d66e4bd3-e6d0-4238-8a1c-0b9f6b234cef,SAMMS-Bremen
202608281926078096,202608281847377852,202608281847377699,34,144040,3pClaimNote Bronze - B72,br_tbl3pClaimNote,TASK_COMPLETE,SUCCESS,INFO,0,0,0,,2026-08-28T18:47:42.349Z,2026-08-28T19:26:11.151Z,2309,2026-08-28T19:26:11.151Z,B72,Mobile-OBOT,d66e4bd3-e6d0-4238-8a1c-0b9f6b234cef,SAMMS-Mobile-OBOT
202608281926078097,202608281847377853,202608281847377699,34,144041,3pClaimNote Bronze - B73,br_tbl3pClaimNote,TASK_COMPLETE,SUCCESS,INFO,0,0,0,,2026-08-28T18:47:42.349Z,2026-08-28T19:26:11.151Z,2309,2026-08-28T19:26:11.151Z,B73,Montgomery,d66e4bd3-e6d0-4238-8a1c-0b9f6b234cef,SAMMS-Montgomery
202608281926078098,202608281847377854,202608281847377699,34,144042,3pClaimNote Bronze - B75,br_tbl3pClaimNote,TASK_COMPLETE,SUCCESS,INFO,24,24,0,,2026-08-28T18:47:42.349Z,2026-08-28T19:26:11.151Z,2309,2026-08-28T19:26:11.151Z,B75,Lawrence,d66e4bd3-e6d0-4238-8a1c-0b9f6b234cef,SAMMS-LawrenceV6
202608281926078100,202608281847377855,202608281847377699,34,144043,3pClaimNote Bronze - B76,br_tbl3pClaimNote,TASK_COMPLETE,SUCCESS,INFO,0,0,0,,2026-08-28T18:47:42.349Z,2026-08-28T19:26:11.151Z,2309,2026-08-28T19:26:11.151Z,B76,Huntsville-OBOT,d66e4bd3-e6d0-4238-8a1c-0b9f6b234cef,SAMMS-Huntsville-OBOT
202608281926078101,202608281847377856,202608281847377699,34,144044,3pClaimNote Bronze - BAT,br_tbl3pClaimNote,TASK_COMPLETE,SUCCESS,INFO,0,0,0,,2026-08-28T18:47:42.349Z,2026-08-28T19:26:11.151Z,2309,2026-08-28T19:26:11.151Z,BAT,Batesville,d66e4bd3-e6d0-4238-8a1c-0b9f6b234cef,SAMMS-Batesville
202608281926078102,202608281847377857,202608281847377699,34,144045,3pClaimNote Bronze - BG,br_tbl3pClaimNote,TASK_COMPLETE,SUCCESS,INFO,11,11,0,,2026-08-28T18:47:42.349Z,2026-08-28T19:26:11.151Z,2309,2026-08-28T19:26:11.151Z,BG,BowlingGreen,d66e4bd3-e6d0-4238-8a1c-0b9f6b234cef,SAMMS-BowlingGreen
202608281926078103,202608281847377858,202608281847377699,34,144046,3pClaimNote Bronze - BOI,br_tbl3pClaimNote,TASK_COMPLETE,SUCCESS,INFO,2,2,0,,2026-08-28T18:47:42.349Z,2026-08-28T19:26:11.151Z,2309,2026-08-28T19:26:11.151Z,BOI,Boise,d66e4bd3-e6d0-4238-8a1c-0b9f6b234cef,SAMMS-Boise
202608281926078104,202608281847377859,202608281847377699,34,144047,3pClaimNote Bronze - CBCO,br_tbl3pClaimNote,TASK_COMPLETE,SUCCESS,INFO,2,2,0,,2026-08-28T18:47:42.349Z,2026-08-28T19:26:11.151Z,2309,2026-08-28T19:26:11.151Z,CBCO,CoeurdAlene,d66e4bd3-e6d0-4238-8a1c-0b9f6b234cef,SAMMS-CoeurdAleneV6
202608281926078105,202608281847377860,202608281847377699,34,144048,3pClaimNote Bronze - CON,br_tbl3pClaimNote,TASK_COMPLETE,SUCCESS,INFO,168,168,0,,2026-08-28T18:47:42.349Z,2026-08-28T19:26:11.151Z,2309,2026-08-28T19:26:11.151Z,CON,Conway,d66e4bd3-e6d0-4238-8a1c-0b9f6b234cef,SAMMS-Conway
202608281926078106,202608281847377861,202608281847377699,34,144049,3pClaimNote Bronze - D07,br_tbl3pClaimNote,TASK_COMPLETE,SUCCESS,INFO,74,74,0,,2026-08-28T18:47:42.349Z,2026-08-28T19:26:11.151Z,2309,2026-08-28T19:26:11.151Z,D07,Knoxville,d66e4bd3-e6d0-4238-8a1c-0b9f6b234cef,SAMMS-KnoxvilleV6
202608281926078107,202608281847377862,202608281847377699,34,144050,3pClaimNote Bronze - D08,br_tbl3pClaimNote,TASK_COMPLETE,SUCCESS,INFO,12,12,0,,2026-08-28T18:47:42.349Z,2026-08-28T19:26:11.151Z,2309,2026-08-28T19:26:11.151Z,D08,Madison,d66e4bd3-e6d0-4238-8a1c-0b9f6b234cef,SAMMS-MadisonV6
202608281926078108,202608281847377863,202608281847377699,34,144051,3pClaimNote Bronze - D09,br_tbl3pClaimNote,TASK_COMPLETE,SUCCESS,INFO,145,145,0,,2026-08-28T18:47:42.349Z,2026-08-28T19:26:11.151Z,2309,2026-08-28T19:26:11.151Z,D09,Murfreesboro,d66e4bd3-e6d0-4238-8a1c-0b9f6b234cef,SAMMS-MurfreesboroV6
202608281926078109,202608281847377864,202608281847377699,34,144052,3pClaimNote Bronze - DA,br_tbl3pClaimNote,TASK_COMPLETE,SUCCESS,INFO,208,208,0,,2026-08-28T18:47:42.349Z,2026-08-28T19:26:11.151Z,2309,2026-08-28T19:26:11.151Z,DA,Davenport,d66e4bd3-e6d0-4238-8a1c-0b9f6b234cef,SAMMS-Davenport
202608281926078111,202608281847377865,202608281847377699,34,144053,3pClaimNote Bronze - DM,br_tbl3pClaimNote,TASK_COMPLETE,SUCCESS,INFO,63,63,0,,2026-08-28T18:47:42.349Z,2026-08-28T19:26:11.151Z,2309,2026-08-28T19:26:11.151Z,DM,DesMoines,d66e4bd3-e6d0-4238-8a1c-0b9f6b234cef,SAMMS-DesMoines
202608281926078112,202608281847377866,202608281847377699,34,144054,3pClaimNote Bronze - DRD-CO,br_tbl3pClaimNote,TASK_COMPLETE,SUCCESS,INFO,25,25,0,,2026-08-28T18:47:42.349Z,2026-08-28T19:26:11.151Z,2309,2026-08-28T19:26:11.151Z,DRD-CO,Columbia,d66e4bd3-e6d0-4238-8a1c-0b9f6b234cef,SAMMS-ColumbiaV5
202608281926078113,202608281847377867,202608281847377699,34,144055,3pClaimNote Bronze - DRD-KC,br_tbl3pClaimNote,TASK_COMPLETE,SUCCESS,INFO,101,101,0,,2026-08-28T18:47:42.349Z,2026-08-28T19:26:11.151Z,2309,2026-08-28T19:26:11.151Z,DRD-KC,KC,d66e4bd3-e6d0-4238-8a1c-0b9f6b234cef,SAMMS-KCv5
202609080718024573,202609080718024573,20260908071753,142,16281,Transaction Report In-DB v7 Silver,sl_TransactionPostingReport,TASK_FAILED,FAILED,ERROR,0,0,1,No matching silver transform found for target_table=sl_TransactionPostingReport (normalized=sltransactionpostingreport) and no raw DataFrame was supplied to fall back on. Check the routing keywords in apply_silver_transformations against the actual target table name.,2026-09-08T07:18:08.318Z,2026-09-08T07:18:27.741Z,16,2026-09-08T07:18:27.741Z,,,f61fb4c5-0d31-4954-8aac-d0c2d48f9dc90,
202608281926077990,202608281847377756,202608281847377699,34,143058,3pArnote Bronze - DRD-NOLA,br_tbl3pArnote,TASK_COMPLETE,SUCCESS,INFO,1021,1021,0,,2026-08-28T18:47:42.349Z,2026-08-28T19:26:11.151Z,2309,2026-08-28T19:26:11.151Z,DRD-NOLA,NOLA,d66e4bd3-e6d0-4238-8a1c-0b9f6b234cef,SAMMS-NOLAv5
202608281926077991,202608281847377757,202608281847377699,34,143059,3pArnote Bronze - DRD-SF,br_tbl3pArnote,TASK_COMPLETE,SUCCESS,INFO,89,89,0,,2026-08-28T18:47:42.349Z,2026-08-28T19:26:11.151Z,2309,2026-08-28T19:26:11.151Z,DRD-SF,SF,d66e4bd3-e6d0-4238-8a1c-0b9f6b234cef,SAMMS-SFv5
202608281926077992,202608281847377758,202608281847377699,34,143060,3pArnote Bronze - ELC,br_tbl3pArnote,TASK_COMPLETE,SUCCESS,INFO,55,55,0,,2026-08-28T18:47:42.349Z,2026-08-28T19:26:11.151Z,2309,2026-08-28T19:26:11.151Z,ELC,ElizabethCity,d66e4bd3-e6d0-4238-8a1c-0b9f6b234cef,SAMMS-ElizabethCity
202608281926077993,202608281847377759,202608281847377699,34,143061,3pArnote Bronze - ET,br_tbl3pArnote,TASK_COMPLETE,SUCCESS,INFO,46,46,0,,2026-08-28T18:47:42.349Z,2026-08-28T19:26:11.151Z,2309,2026-08-28T19:26:11.151Z,ET,Elizabethtown,d66e4bd3-e6d0-4238-8a1c-0b9f6b234cef,SAMMS-Elizabethtown
202608281926077994,202608281847377760,202608281847377699,34,143062,3pArnote Bronze - FAY,br_tbl3pArnote,TASK_COMPLETE,SUCCESS,INFO,71,71,0,,2026-08-28T18:47:42.349Z,2026-08-28T19:26:11.151Z,2309,2026-08-28T19:26:11.151Z,FAY,Fayetteville,d66e4bd3-e6d0-4238-8a1c-0b9f6b234cef,SAMMS-Fayetteville
202608281926077996,202608281847377761,202608281847377699,34,143063,3pArnote Bronze - FR,br_tbl3pArnote,TASK_COMPLETE,SUCCESS,INFO,158,158,0,,2026-08-28T18:47:42.349Z,2026-08-28T19:26:11.151Z,2309,2026-08-28T19:26:11.151Z,FR,Frankfort,d66e4bd3-e6d0-4238-8a1c-0b9f6b234cef,SAMMS-Frankfort
202608281926077997,202608281847377762,202608281847377699,34,143064,3pArnote Bronze - FS,br_tbl3pArnote,TASK_COMPLETE,SUCCESS,INFO,13,13,0,,2026-08-28T18:47:42.349Z,2026-08-28T19:26:11.151Z,2309,2026-08-28T19:26:11.151Z,FS,FortSmith,d66e4bd3-e6d0-4238-8a1c-0b9f6b234cef,SAMMS-FortSmith
202608281926077998,202608281847377763,202608281847377699,34,143065,3pArnote Bronze - FW,br_tbl3pArnote,TASK_COMPLETE,SUCCESS,INFO,454,454,0,,2026-08-28T18:47:42.349Z,2026-08-28T19:26:11.151Z,2309,2026-08-28T19:26:11.151Z,FW,FortWayne,d66e4bd3-e6d0-4238-8a1c-0b9f6b234cef,SAMMS-FortWayne
202608281926077999,202608281847377764,202608281847377699,34,143066,3pArnote Bronze - GAL,br_tbl3pArnote,TASK_COMPLETE,SUCCESS,INFO,46,46,0,,2026-08-28T18:47:42.349Z,2026-08-28T19:26:11.151Z,2309,2026-08-28T19:26:11.151Z,GAL,Gaylord,d66e4bd3-e6d0-4238-8a1c-0b9f6b234cef,SAMMS-Gaylord
202608281926078000,202608281847377765,202608281847377699,34,143067,3pArnote Bronze - HGT,br_tbl3pArnote,TASK_COMPLETE,SUCCESS,INFO,1781,1781,0,,2026-08-28T18:47:42.349Z,2026-08-28T19:26:11.151Z,2309,2026-08-28T19:26:11.151Z,HGT,Hagerstown,d66e4bd3-e6d0-4238-8a1c-0b9f6b234cef,SAMMS-Hagerstown
202608281926078001,202608281847377766,202608281847377699,34,143068,3pArnote Bronze - HNT,br_tbl3pArnote,TASK_COMPLETE,SUCCESS,INFO,5,5,0,,2026-08-28T18:47:42.349Z,2026-08-28T19:26:11.151Z,2309,2026-08-28T19:26:11.151Z,HNT,Huntsville,d66e4bd3-e6d0-4238-8a1c-0b9f6b234cef,SAMMS-Huntsville
202608281926078002,202608281847377767,202608281847377699,34,143069,3pArnote Bronze - HS,br_tbl3pArnote,TASK_COMPLETE,SUCCESS,INFO,40,40,0,,2026-08-28T18:47:42.349Z,2026-08-28T19:26:11.151Z,2309,2026-08-28T19:26:11.151Z,HS,HotSprings,d66e4bd3-e6d0-4238-8a1c-0b9f6b234cef,SAMMS-HotSprings
202608281926078003,202608281847377768,202608281847377699,34,143070,3pArnote Bronze - JON,br_tbl3pArnote,TASK_COMPLETE,SUCCESS,INFO,18,18,0,,2026-08-28T18:47:42.349Z,2026-08-28T19:26:11.151Z,2309,2026-08-28T19:26:11.151Z,JON,Jonesboro,d66e4bd3-e6d0-4238-8a1c-0b9f6b234cef,SAMMS-Jonesboro
202608281926078004,202608281847377769,202608281847377699,34,143071,3pArnote Bronze - LAN,br_tbl3pArnote,TASK_COMPLETE,SUCCESS,INFO,35,35,0,,2026-08-28T18:47:42.349Z,2026-08-28T19:26:11.151Z,2309,2026-08-28T19:26:11.151Z,LAN,Lansing,d66e4bd3-e6d0-4238-8a1c-0b9f6b234cef,SAMMS-Lansing
202608281926078006,202608281847377770,202608281847377699,34,143072,3pArnote Bronze - LO,br_tbl3pArnote,TASK_COMPLETE,SUCCESS,INFO,1020,1020,0,,2026-08-28T18:47:42.349Z,2026-08-28T19:26:11.151Z,2309,2026-08-28T19:26:11.151Z,LO,Louisville,d66e4bd3-e6d0-4238-8a1c-0b9f6b234cef,SAMMS-Louisville
202608281926078007,202608281847377771,202608281847377699,34,143073,3pArnote Bronze - LV1,br_tbl3pArnote,TASK_COMPLETE,SUCCESS,INFO,3893,3893,0,,2026-08-28T18:47:42.349Z,2026-08-28T19:26:11.151Z,2309,2026-08-28T19:26:11.151Z,LV1,Cheyenne,d66e4bd3-e6d0-4238-8a1c-0b9f6b234cef,SAMMS-Cheyenne
202608281926078008,202608281847377772,202608281847377699,34,143074,3pArnote Bronze - LV2,br_tbl3pArnote,TASK_COMPLETE,SUCCESS,INFO,1995,1995,0,,2026-08-28T18:47:42.349Z,2026-08-28T19:26:11.151Z,2309,2026-08-28T19:26:11.151Z,LV2,DesertInn,d66e4bd3-e6d0-4238-8a1c-0b9f6b234cef,SAMMS-DesertInn
202608281926078009,202608281847377773,202608281847377699,34,143075,3pArnote Bronze - LV3,br_tbl3pArnote,TASK_COMPLETE,SUCCESS,INFO,899,899,0,,2026-08-28T18:47:42.349Z,2026-08-28T19:26:11.151Z,2309,2026-08-28T19:26:11.151Z,LV3,McDaniel,d66e4bd3-e6d0-4238-8a1c-0b9f6b234cef,SAMMS-McDaniel
202608281926078010,202608281847377774,202608281847377699,34,143076,3pArnote Bronze - MNRE,br_tbl3pArnote,TASK_COMPLETE,SUCCESS,INFO,85,85,0,,2026-08-28T18:47:42.349Z,2026-08-28T19:26:11.151Z,2309,2026-08-28T19:26:11.151Z,MNRE,Monroe,d66e4bd3-e6d0-4238-8a1c-0b9f6b234cef,SAMMS-Monroe
202608281926078011,202608281847377775,202608281847377699,34,143077,3pArnote Bronze - MP,br_tbl3pArnote,TASK_COMPLETE,SUCCESS,INFO,294,294,0,,2026-08-28T18:47:42.349Z,2026-08-28T19:26:11.151Z,2309,2026-08-28T19:26:11.151Z,MP,MtPleasant,d66e4bd3-e6d0-4238-8a1c-0b9f6b234cef,SAMMS-MtPleasant
202608281926078012,202608281847377776,202608281847377699,34,143078,3pArnote Bronze - MRD,br_tbl3pArnote,TASK_COMPLETE,SUCCESS,INFO,59,59,0,,2026-08-28T18:47:42.349Z,2026-08-28T19:26:11.151Z,2309,2026-08-28T19:26:11.151Z,MRD,Meridian,d66e4bd3-e6d0-4238-8a1c-0b9f6b234cef,SAMMS-Meridian
202608281926078013,202608281847377777,202608281847377699,34,143079,3pArnote Bronze - NC,br_tbl3pArnote,TASK_COMPLETE,SUCCESS,INFO,258,258,0,,2026-08-28T18:47:42.349Z,2026-08-28T19:26:11.151Z,2309,2026-08-28T19:26:11.151Z,NC,NorthCharleston,d66e4bd3-e6d0-4238-8a1c-0b9f6b234cef,SAMMS-NorthCharleston
202608281926078014,202608281847377778,202608281847377699,34,143080,3pArnote Bronze - NLR,br_tbl3pArnote,TASK_COMPLETE,SUCCESS,INFO,514,514,0,,2026-08-28T18:47:42.349Z,2026-08-28T19:26:11.151Z,2309,2026-08-28T19:26:11.151Z,NLR,NLROBOT,d66e4bd3-e6d0-4238-8a1c-0b9f6b234cef,SAMMS-NLROBOT
202608281926078016,202608281847377779,202608281847377699,34,143081,3pArnote Bronze - PH,br_tbl3pArnote,TASK_COMPLETE,SUCCESS,INFO,1761,1761,0,,2026-08-28T18:47:42.349Z,2026-08-28T19:26:11.151Z,2309,2026-08-28T19:26:11.151Z,PH,Phoenix,d66e4bd3-e6d0-4238-8a1c-0b9f6b234cef,SAMMS-Phoenix
202608281926078017,202608281847377780,202608281847377699,34,143082,3pArnote Bronze - RE,br_tbl3pArnote,TASK_COMPLETE,SUCCESS,INFO,2185,2185,0,,2026-08-28T18:47:42.349Z,2026-08-28T19:26:11.151Z,2309,2026-08-28T19:26:11.151Z,RE,Reno,d66e4bd3-e6d0-4238-8a1c-0b9f6b234cef,SAMMS-Reno
202608281926078018,202608281847377781,202608281847377699,34,143083,3pArnote Bronze - RMD,br_tbl3pArnote,TASK_COMPLETE,SUCCESS,INFO,154,154,0,,2026-08-28T18:47:42.349Z,2026-08-28T19:26:11.151Z,2309,2026-08-28T19:26:11.151Z,RMD,Richmond,d66e4bd3-e6d0-4238-8a1c-0b9f6b234cef,SAMMS-Richmond
202608281926078019,202608281847377782,202608281847377699,34,143084,3pArnote Bronze - SFN,br_tbl3pArnote,TASK_COMPLETE,SUCCESS,INFO,704,704,0,,2026-08-28T18:47:42.349Z,2026-08-28T19:26:11.151Z,2309,2026-08-28T19:26:11.151Z,SFN,SFN,d66e4bd3-e6d0-4238-8a1c-0b9f6b234cef,SAMMS-SFNv5
202608281926078020,202608281847377783,202608281847377699,34,143085,3pArnote Bronze - SHP,br_tbl3pArnote,TASK_COMPLETE,SUCCESS,INFO,147,147,0,,2026-08-28T18:47:42.349Z,2026-08-28T19:26:11.151Z,2309,2026-08-28T19:26:11.151Z,SHP,Shreveport,d66e4bd3-e6d0-4238-8a1c-0b9f6b234cef,SAMMS-Shreveport
202608280917509625,202608280917509625,202608280915242913,83,211,Silver Salesforce Users,sl_sf_users,TASK_COMPLETE,SUCCESS,INFO,0,0,0,No records returned,2026-08-28T09:17:55.933Z,2026-08-28T09:18:17.799Z,20,2026-08-28T09:18:17.799Z,,,7c51a91c-e88d-46eb-a3be-ecfc42fdd41e,
202608280921203256,202608280921203256,202608280915242913,83,6807,Silver Salesforce Patient Surveys,sl_sf_patientsurveys,TASK_COMPLETE,SUCCESS,INFO,242,242,0,,2026-08-28T09:21:24.805Z,2026-08-28T09:21:47.562Z,21,2026-08-28T09:21:47.562Z,,,7c51a91c-e88d-46eb-a3be-ecfc42fdd41e,
202608280922132943,202608280922132943,202608280915242913,83,6808,Silver Salesforce Outbound SMS,sl_sf_outboundsms,TASK_COMPLETE,SUCCESS,INFO,242,242,0,,2026-08-28T09:22:17.755Z,2026-08-28T09:22:35.596Z,15,2026-08-28T09:22:35.596Z,,,7c51a91c-e88d-46eb-a3be-ecfc42fdd41e,
202608280916247641,202608280916247641,202608280915242913,83,209,Silver Salesforce Record Types,sl_sf_recordtype,TASK_COMPLETE,SUCCESS,INFO,21,21,0,,2026-08-28T09:16:29.802Z,2026-08-28T09:16:53.054Z,21,2026-08-28T09:16:53.054Z,,,7c51a91c-e88d-46eb-a3be-ecfc42fdd41e,
202608280908487938,202608280908487938,202608280903032652,82,6806,Salesforce Outbound Texts,br_sf_outboundtexts,TASK_COMPLETE,SUCCESS,INFO,242,242,0,,2026-08-28T09:08:54.992Z,2026-08-28T09:09:15.130Z,18,2026-08-28T09:09:15.130Z,,,7c51a91c-e88d-46eb-a3be-ecfc42fdd41e,
202608280920495777,202608280920495777,202608280915242913,83,215,Silver Salesforce Outreach Events,sl_sf_events,TASK_COMPLETE,SUCCESS,INFO,1,1,0,,2026-08-28T09:20:54.148Z,2026-08-28T09:21:12.648Z,16,2026-08-28T09:21:12.648Z,,,7c51a91c-e88d-46eb-a3be-ecfc42fdd41e,
202608280944121906,202608280940019305,20260828093948,102,13670,Gold QQ_GLTRAN,QQgltran,TASK_COMPLETE,SUCCESS,INFO,14430305,14410321,0,,2026-08-28T09:40:15.168Z,2026-08-28T09:44:14.935Z,229,2026-08-28T09:44:14.935Z,"","",35dadf52-8c37-4567-b9c2-2c0abc515c06,DRD
202608280915375395,202608280915375395,202608280915242913,83,208,Silver Salesforce Accounts,sl_sf_accounts,TASK_COMPLETE,SUCCESS,INFO,13548,13548,0,,2026-08-28T09:15:42.796Z,2026-08-28T09:16:12.846Z,27,2026-08-28T09:16:12.846Z,,,7c51a91c-e88d-46eb-a3be-ecfc42fdd41e,
202608280919304081,202608280919304081,202608280915242913,83,213,Silver Salesforce Contacts,sl_sf_contacts,TASK_COMPLETE,SUCCESS,INFO,1475,1475,0,,2026-08-28T09:19:35.120Z,2026-08-28T09:20:04.295Z,27,2026-08-28T09:20:04.295Z,,,7c51a91c-e88d-46eb-a3be-ecfc42fdd41e,
202608280904281382,202608280904281382,202608280903032652,82,201,Salesforce Record Types,br_sf_recordtype,TASK_COMPLETE,SUCCESS,INFO,21,21,0,,2026-08-28T09:04:40.768Z,2026-08-28T09:05:19.863Z,37,2026-08-28T09:05:19.863Z,,,7c51a91c-e88d-46eb-a3be-ecfc42fdd41e,
202608280907551578,202608280907551578,202608280903032652,82,207,Salesforce Outreach Events,br_sf_events,TASK_COMPLETE,SUCCESS,INFO,1,1,0,,2026-08-28T09:08:00.580Z,2026-08-28T09:08:18.893Z,16,2026-08-28T09:08:18.893Z,,,7c51a91c-e88d-46eb-a3be-ecfc42fdd41e,
202608280920138503,202608280920138503,202608280915242913,83,214,Silver Salesforce Cases,sl_sf_cases,TASK_COMPLETE,SUCCESS,INFO,588,588,0,,2026-08-28T09:20:18.553Z,2026-08-28T09:20:41.234Z,20,2026-08-28T09:20:41.234Z,,,7c51a91c-e88d-46eb-a3be-ecfc42fdd41e,
202608280917071514,202608280917071514,202608280915242913,83,210,Silver Salesforce Tasks,sl_sf_tasks,TASK_COMPLETE,SUCCESS,INFO,893,893,0,,2026-08-28T09:17:12.085Z,2026-08-28T09:17:39.845Z,25,2026-08-28T09:17:39.845Z,,,7c51a91c-e88d-46eb-a3be-ecfc42fdd41e,
202608280903103008,202608280903103007,202608280903032652,82,200,Salesforce Accounts,br_sf_accounts,TASK_COMPLETE,SUCCESS,INFO,13548,13548,0,,2026-08-28T09:03:16.868Z,2026-08-28T09:03:51.629Z,32,2026-08-28T09:03:51.629Z,,,7c51a91c-e88d-46eb-a3be-ecfc42fdd41e,
202608280918365930,202608280918365930,202608280915242913,83,212,Silver Salesforce Leads,sl_sf_leads,TASK_COMPLETE,SUCCESS,INFO,45,45,0,,2026-08-28T09:18:42.004Z,2026-08-28T09:19:20.105Z,36,2026-08-28T09:19:20.105Z,,,7c51a91c-e88d-46eb-a3be-ecfc42fdd41e,
202608280906481061,202608280906481061,202608280903032652,82,205,Salesforce Contacts,br_sf_contacts,TASK_COMPLETE,SUCCESS,INFO,1475,1475,0,,2026-08-28T09:06:53.564Z,2026-08-28T09:07:18.799Z,23,2026-08-28T09:07:18.799Z,,,7c51a91c-e88d-46eb-a3be-ecfc42fdd41e,
202608280757356313,202608280756055894,20260828075551,101,13669,Silver QQ_GLTRAN,sl_QQgltran,TASK_COMPLETE,SUCCESS,INFO,61022,61022,0,,2026-08-28T07:56:19.426Z,2026-08-28T07:57:38.554Z,38,2026-08-28T07:57:38.554Z,,,1f91b828-dff5-419f-8b17-af90444b8bf6,
202608280905565636,202608280905565635,202608280903032652,82,203,Salesforce Users,br_sf_users,TASK_COMPLETE,SUCCESS,INFO,474,474,0,,2026-08-28T09:06:01.426Z,2026-08-28T09:06:18.607Z,15,2026-08-28T09:06:18.607Z,,,7c51a91c-e88d-46eb-a3be-ecfc42fdd41e,
202608280905241075,202608280905241075,202608280903032652,82,202,Salesforce Tasks,br_sf_tasks,TASK_COMPLETE,SUCCESS,INFO,893,893,0,,2026-08-28T09:05:30.146Z,2026-08-28T09:05:50.134Z,17,2026-08-28T09:05:50.134Z,,,7c51a91c-e88d-46eb-a3be-ecfc42fdd41e,
202608280907226434,202608280907226434,202608280903032652,82,206,Salesforce Cases,br_sf_cases,TASK_COMPLETE,SUCCESS,INFO,588,588,0,,2026-08-28T09:07:30.509Z,2026-08-28T09:07:51.515Z,19,2026-08-28T09:07:51.515Z,,,7c51a91c-e88d-46eb-a3be-ecfc42fdd41e,
202608280906226744,202608280906226744,202608280903032652,82,204,Salesforce Leads,br_sf_leads,TASK_COMPLETE,SUCCESS,INFO,45,45,0,,2026-08-28T09:06:28.064Z,2026-08-28T09:06:44.446Z,15,2026-08-28T09:06:44.446Z,,,7c51a91c-e88d-46eb-a3be-ecfc42fdd41e,
202608280928159456,202608280928159456,202608211048467468,84,13674,Gold Salesforce Leads,Leads,TASK_COMPLETE,SUCCESS,INFO,49,49,0,,2026-08-28T09:28:21.056Z,2026-08-28T09:28:35.697Z,13,2026-08-28T09:28:35.697Z,,,7c51a91c-e88d-46eb-a3be-ecfc42fdd41e,
202608280801487172,202608280758479371,20260828075841,102,13670,Gold QQ_GLTRAN,QQgltran,TASK_COMPLETE,SUCCESS,INFO,14430305,14410321,0,,2026-08-28T07:58:55.165Z,2026-08-28T08:01:50.678Z,169,2026-08-28T08:01:50.678Z,,,1f91b828-dff5-419f-8b17-af90444b8bf6,
202608281926077958,202608281847377728,202608281847377699,34,143029,3pArnote Bronze - B48,br_tbl3pArnote,TASK_COMPLETE,SUCCESS,INFO,266,266,0,,2026-08-28T18:47:42.349Z,2026-08-28T19:26:11.151Z,2309,2026-08-28T19:26:11.151Z,B48,Tuscaloosa,d66e4bd3-e6d0-4238-8a1c-0b9f6b234cef,SAMMS-TuscaloosaV5
202608281926077959,202608281847377729,202608281847377699,34,143030,3pArnote Bronze - B51,br_tbl3pArnote,TASK_COMPLETE,SUCCESS,INFO,32,32,0,,2026-08-28T18:47:42.349Z,2026-08-28T19:26:11.151Z,2309,2026-08-28T19:26:11.151Z,B51,NorthLittleRock,d66e4bd3-e6d0-4238-8a1c-0b9f6b234cef,SAMMS-NorthLittleRockV6
202608281926077960,202608281847377730,202608281847377699,34,143031,3pArnote Bronze - B52,br_tbl3pArnote,TASK_COMPLETE,SUCCESS,INFO,32,32,0,,2026-08-28T18:47:42.349Z,2026-08-28T19:26:11.151Z,2309,2026-08-28T19:26:11.151Z,B52,JacksonGA,d66e4bd3-e6d0-4238-8a1c-0b9f6b234cef,SAMMS-JacksonGAV5
202608281926077962,202608281847377731,202608281847377699,34,143032,3pArnote Bronze - B54,br_tbl3pArnote,TASK_COMPLETE,SUCCESS,INFO,136,136,0,,2026-08-28T18:47:42.349Z,2026-08-28T19:26:11.151Z,2309,2026-08-28T19:26:11.151Z,B54,Gadsden,d66e4bd3-e6d0-4238-8a1c-0b9f6b234cef,SAMMS-GadsdenV5
202608281926077963,202608281847377732,202608281847377699,34,143033,3pArnote Bronze - B55,br_tbl3pArnote,TASK_COMPLETE,SUCCESS,INFO,138,138,0,,2026-08-28T18:47:42.349Z,2026-08-28T19:26:11.151Z,2309,2026-08-28T19:26:11.151Z,B55,Shoals,d66e4bd3-e6d0-4238-8a1c-0b9f6b234cef,SAMMS-ShoalsV5
202608281926077964,202608281847377733,202608281847377699,34,143034,3pArnote Bronze - B57,br_tbl3pArnote,TASK_COMPLETE,SUCCESS,INFO,547,547,0,,2026-08-28T18:47:42.349Z,2026-08-28T19:26:11.151Z,2309,2026-08-28T19:26:11.151Z,B57,Pawtucket,d66e4bd3-e6d0-4238-8a1c-0b9f6b234cef,SAMMS-Pawtucket
202608281926077965,202608281847377734,202608281847377699,34,143036,3pArnote Bronze - B57B,br_tbl3pArnote,TASK_COMPLETE,SUCCESS,INFO,42,42,0,,2026-08-28T18:47:42.349Z,2026-08-28T19:26:11.151Z,2309,2026-08-28T19:26:11.151Z,B57B,Middletown,d66e4bd3-e6d0-4238-8a1c-0b9f6b234cef,SAMMS-Middletown
202608281926077966,202608281847377735,202608281847377699,34,143037,3pArnote Bronze - B57C,br_tbl3pArnote,TASK_COMPLETE,SUCCESS,INFO,52,52,0,,2026-08-28T18:47:42.349Z,2026-08-28T19:26:11.151Z,2309,2026-08-28T19:26:11.151Z,B57C,Providence,d66e4bd3-e6d0-4238-8a1c-0b9f6b234cef,SAMMS-Providence
202608281926077967,202608281847377736,202608281847377699,34,143038,3pArnote Bronze - B57D,br_tbl3pArnote,TASK_COMPLETE,SUCCESS,INFO,3216,3216,0,,2026-08-28T18:47:42.349Z,2026-08-28T19:26:11.151Z,2309,2026-08-28T19:26:11.151Z,B57D,Westerly,d66e4bd3-e6d0-4238-8a1c-0b9f6b234cef,SAMMS-Westerly
202608281926077968,202608281847377737,202608281847377699,34,143039,3pArnote Bronze - B66A,br_tbl3pArnote,TASK_COMPLETE,SUCCESS,INFO,0,0,0,,2026-08-28T18:47:42.349Z,2026-08-28T19:26:11.151Z,2309,2026-08-28T19:26:11.151Z,B66A,Bremen,d66e4bd3-e6d0-4238-8a1c-0b9f6b234cef,SAMMS-Bremen
202608281926077969,202608281847377738,202608281847377699,34,143040,3pArnote Bronze - B72,br_tbl3pArnote,TASK_COMPLETE,SUCCESS,INFO,0,0,0,,2026-08-28T18:47:42.349Z,2026-08-28T19:26:11.151Z,2309,2026-08-28T19:26:11.151Z,B72,Mobile-OBOT,d66e4bd3-e6d0-4238-8a1c-0b9f6b234cef,SAMMS-Mobile-OBOT
202608281926077970,202608281847377739,202608281847377699,34,143041,3pArnote Bronze - B73,br_tbl3pArnote,TASK_COMPLETE,SUCCESS,INFO,0,0,0,,2026-08-28T18:47:42.349Z,2026-08-28T19:26:11.151Z,2309,2026-08-28T19:26:11.151Z,B73,Montgomery,d66e4bd3-e6d0-4238-8a1c-0b9f6b234cef,SAMMS-Montgomery
202608281926077972,202608281847377740,202608281847377699,34,143042,3pArnote Bronze - B75,br_tbl3pArnote,TASK_COMPLETE,SUCCESS,INFO,37,37,0,,2026-08-28T18:47:42.349Z,2026-08-28T19:26:11.151Z,2309,2026-08-28T19:26:11.151Z,B75,Lawrence,d66e4bd3-e6d0-4238-8a1c-0b9f6b234cef,SAMMS-LawrenceV6
202608281926077973,202608281847377741,202608281847377699,34,143043,3pArnote Bronze - B76,br_tbl3pArnote,TASK_COMPLETE,SUCCESS,INFO,0,0,0,,2026-08-28T18:47:42.349Z,2026-08-28T19:26:11.151Z,2309,2026-08-28T19:26:11.151Z,B76,Huntsville-OBOT,d66e4bd3-e6d0-4238-8a1c-0b9f6b234cef,SAMMS-Huntsville-OBOT
202608281926077974,202608281847377742,202608281847377699,34,143044,3pArnote Bronze - BAT,br_tbl3pArnote,TASK_COMPLETE,SUCCESS,INFO,3,3,0,,2026-08-28T18:47:42.349Z,2026-08-28T19:26:11.151Z,2309,2026-08-28T19:26:11.151Z,BAT,Batesville,d66e4bd3-e6d0-4238-8a1c-0b9f6b234cef,SAMMS-Batesville
202608281926077975,202608281847377743,202608281847377699,34,143045,3pArnote Bronze - BG,br_tbl3pArnote,TASK_COMPLETE,SUCCESS,INFO,33,33,0,,2026-08-28T18:47:42.349Z,2026-08-28T19:26:11.151Z,2309,2026-08-28T19:26:11.151Z,BG,BowlingGreen,d66e4bd3-e6d0-4238-8a1c-0b9f6b234cef,SAMMS-BowlingGreen
202608281926077976,202608281847377744,202608281847377699,34,143046,3pArnote Bronze - BOI,br_tbl3pArnote,TASK_COMPLETE,SUCCESS,INFO,1,1,0,,2026-08-28T18:47:42.349Z,2026-08-28T19:26:11.151Z,2309,2026-08-28T19:26:11.151Z,BOI,Boise,d66e4bd3-e6d0-4238-8a1c-0b9f6b234cef,SAMMS-Boise
202608281926077977,202608281847377745,202608281847377699,34,143047,3pArnote Bronze - CBCO,br_tbl3pArnote,TASK_COMPLETE,SUCCESS,INFO,4,4,0,,2026-08-28T18:47:42.349Z,2026-08-28T19:26:11.151Z,2309,2026-08-28T19:26:11.151Z,CBCO,CoeurdAlene,d66e4bd3-e6d0-4238-8a1c-0b9f6b234cef,SAMMS-CoeurdAleneV6
202608281926077978,202608281847377746,202608281847377699,34,143048,3pArnote Bronze - CON,br_tbl3pArnote,TASK_COMPLETE,SUCCESS,INFO,151,151,0,,2026-08-28T18:47:42.349Z,2026-08-28T19:26:11.151Z,2309,2026-08-28T19:26:11.151Z,CON,Conway,d66e4bd3-e6d0-4238-8a1c-0b9f6b234cef,SAMMS-Conway
202608281926077979,202608281847377747,202608281847377699,34,143049,3pArnote Bronze - D07,br_tbl3pArnote,TASK_COMPLETE,SUCCESS,INFO,83,83,0,,2026-08-28T18:47:42.349Z,2026-08-28T19:26:11.151Z,2309,2026-08-28T19:26:11.151Z,D07,Knoxville,d66e4bd3-e6d0-4238-8a1c-0b9f6b234cef,SAMMS-KnoxvilleV6
202608281926077980,202608281847377748,202608281847377699,34,143050,3pArnote Bronze - D08,br_tbl3pArnote,TASK_COMPLETE,SUCCESS,INFO,35,35,0,,2026-08-28T18:47:42.349Z,2026-08-28T19:26:11.151Z,2309,2026-08-28T19:26:11.151Z,D08,Madison,d66e4bd3-e6d0-4238-8a1c-0b9f6b234cef,SAMMS-MadisonV6
202608281926077982,202608281847377749,202608281847377699,34,143051,3pArnote Bronze - D09,br_tbl3pArnote,TASK_COMPLETE,SUCCESS,INFO,587,587,0,,2026-08-28T18:47:42.349Z,2026-08-28T19:26:11.151Z,2309,2026-08-28T19:26:11.151Z,D09,Murfreesboro,d66e4bd3-e6d0-4238-8a1c-0b9f6b234cef,SAMMS-MurfreesboroV6
202608281926077983,202608281847377750,202608281847377699,34,143052,3pArnote Bronze - DA,br_tbl3pArnote,TASK_COMPLETE,SUCCESS,INFO,226,226,0,,2026-08-28T18:47:42.349Z,2026-08-28T19:26:11.151Z,2309,2026-08-28T19:26:11.151Z,DA,Davenport,d66e4bd3-e6d0-4238-8a1c-0b9f6b234cef,SAMMS-Davenport
202608281926077984,202608281847377751,202608281847377699,34,143053,3pArnote Bronze - DM,br_tbl3pArnote,TASK_COMPLETE,SUCCESS,INFO,80,80,0,,2026-08-28T18:47:42.349Z,2026-08-28T19:26:11.151Z,2309,2026-08-28T19:26:11.151Z,DM,DesMoines,d66e4bd3-e6d0-4238-8a1c-0b9f6b234cef,SAMMS-DesMoines
202608281926077985,202608281847377752,202608281847377699,34,143054,3pArnote Bronze - DRD-CO,br_tbl3pArnote,TASK_COMPLETE,SUCCESS,INFO,46,46,0,,2026-08-28T18:47:42.349Z,2026-08-28T19:26:11.151Z,2309,2026-08-28T19:26:11.151Z,DRD-CO,Columbia,d66e4bd3-e6d0-4238-8a1c-0b9f6b234cef,SAMMS-ColumbiaV5
202608281926077986,202608281847377753,202608281847377699,34,143055,3pArnote Bronze - DRD-KC,br_tbl3pArnote,TASK_COMPLETE,SUCCESS,INFO,320,320,0,,2026-08-28T18:47:42.349Z,2026-08-28T19:26:11.151Z,2309,2026-08-28T19:26:11.151Z,DRD-KC,KC,d66e4bd3-e6d0-4238-8a1c-0b9f6b234cef,SAMMS-KCv5
202608281926077988,202608281847377754,202608281847377699,34,143056,3pArnote Bronze - DRD-KVB,br_tbl3pArnote,TASK_COMPLETE,SUCCESS,INFO,465,465,0,,2026-08-28T18:47:42.349Z,2026-08-28T19:26:11.151Z,2309,2026-08-28T19:26:11.151Z,DRD-KVB,KVB,d66e4bd3-e6d0-4238-8a1c-0b9f6b234cef,SAMMS-KVBv5
202608281926077989,202608281847377755,202608281847377699,34,143057,3pArnote Bronze - DRD-KVC,br_tbl3pArnote,TASK_COMPLETE,SUCCESS,INFO,815,815,0,,2026-08-28T18:47:42.349Z,2026-08-28T19:26:11.151Z,2309,2026-08-28T19:26:11.151Z,DRD-KVC,KVC,d66e4bd3-e6d0-4238-8a1c-0b9f6b234cef,SAMMS-KVCv5
202608281926078114,202608281847377868,202608281847377699,34,144056,3pClaimNote Bronze - DRD-KVB,br_tbl3pClaimNote,TASK_COMPLETE,SUCCESS,INFO,337,337,0,,2026-08-28T18:47:42.349Z,2026-08-28T19:26:11.151Z,2309,2026-08-28T19:26:11.151Z,DRD-KVB,KVB,d66e4bd3-e6d0-4238-8a1c-0b9f6b234cef,SAMMS-KVBv5
202608281926078115,202608281847377869,202608281847377699,34,144057,3pClaimNote Bronze - DRD-KVC,br_tbl3pClaimNote,TASK_COMPLETE,SUCCESS,INFO,594,594,0,,2026-08-28T18:47:42.349Z,2026-08-28T19:26:11.151Z,2309,2026-08-28T19:26:11.151Z,DRD-KVC,KVC,d66e4bd3-e6d0-4238-8a1c-0b9f6b234cef,SAMMS-KVCv5
202608281926078116,202608281847377870,202608281847377699,34,144058,3pClaimNote Bronze - DRD-NOLA,br_tbl3pClaimNote,TASK_COMPLETE,SUCCESS,INFO,282,282,0,,2026-08-28T18:47:42.349Z,2026-08-28T19:26:11.151Z,2309,2026-08-28T19:26:11.151Z,DRD-NOLA,NOLA,d66e4bd3-e6d0-4238-8a1c-0b9f6b234cef,SAMMS-NOLAv5
202608281926078117,202608281847377871,202608281847377699,34,144059,3pClaimNote Bronze - DRD-SF,br_tbl3pClaimNote,TASK_COMPLETE,SUCCESS,INFO,54,54,0,,2026-08-28T18:47:42.349Z,2026-08-28T19:26:11.151Z,2309,2026-08-28T19:26:11.151Z,DRD-SF,SF,d66e4bd3-e6d0-4238-8a1c-0b9f6b234cef,SAMMS-SFv5
202608281926078118,202608281847377872,202608281847377699,34,144060,3pClaimNote Bronze - ELC,br_tbl3pClaimNote,TASK_COMPLETE,SUCCESS,INFO,40,40,0,,2026-08-28T18:47:42.349Z,2026-08-28T19:26:11.151Z,2309,2026-08-28T19:26:11.151Z,ELC,ElizabethCity,d66e4bd3-e6d0-4238-8a1c-0b9f6b234cef,SAMMS-ElizabethCity
202608281926078119,202608281847377873,202608281847377699,34,144061,3pClaimNote Bronze - ET,br_tbl3pClaimNote,TASK_COMPLETE,SUCCESS,INFO,14,14,0,,2026-08-28T18:47:42.349Z,2026-08-28T19:26:11.151Z,2309,2026-08-28T19:26:11.151Z,ET,Elizabethtown,d66e4bd3-e6d0-4238-8a1c-0b9f6b234cef,SAMMS-Elizabethtown
202608281926078121,202608281847377874,202608281847377699,34,144062,3pClaimNote Bronze - FAY,br_tbl3pClaimNote,TASK_COMPLETE,SUCCESS,INFO,92,92,0,,2026-08-28T18:47:42.349Z,2026-08-28T19:26:11.151Z,2309,2026-08-28T19:26:11.151Z,FAY,Fayetteville,d66e4bd3-e6d0-4238-8a1c-0b9f6b234cef,SAMMS-Fayetteville
202608281926078122,202608281847377875,202608281847377699,34,144063,3pClaimNote Bronze - FR,br_tbl3pClaimNote,TASK_COMPLETE,SUCCESS,INFO,97,97,0,,2026-08-28T18:47:42.349Z,2026-08-28T19:26:11.151Z,2309,2026-08-28T19:26:11.151Z,FR,Frankfort,d66e4bd3-e6d0-4238-8a1c-0b9f6b234cef,SAMMS-Frankfort
202608281926078123,202608281847377876,202608281847377699,34,144064,3pClaimNote Bronze - FS,br_tbl3pClaimNote,TASK_COMPLETE,SUCCESS,INFO,5,5,0,,2026-08-28T18:47:42.349Z,2026-08-28T19:26:11.151Z,2309,2026-08-28T19:26:11.151Z,FS,FortSmith,d66e4bd3-e6d0-4238-8a1c-0b9f6b234cef,SAMMS-FortSmith
202608281926078124,202608281847377877,202608281847377699,34,144065,3pClaimNote Bronze - FW,br_tbl3pClaimNote,TASK_COMPLETE,SUCCESS,INFO,217,217,0,,2026-08-28T18:47:42.349Z,2026-08-28T19:26:11.151Z,2309,2026-08-28T19:26:11.151Z,FW,FortWayne,d66e4bd3-e6d0-4238-8a1c-0b9f6b234cef,SAMMS-FortWayne
202608281926078125,202608281847377878,202608281847377699,34,144066,3pClaimNote Bronze - GAL,br_tbl3pClaimNote,TASK_COMPLETE,SUCCESS,INFO,11,11,0,,2026-08-28T18:47:42.349Z,2026-08-28T19:26:11.151Z,2309,2026-08-28T19:26:11.151Z,GAL,Gaylord,d66e4bd3-e6d0-4238-8a1c-0b9f6b234cef,SAMMS-Gaylord
202608281926078126,202608281847377879,202608281847377699,34,144067,3pClaimNote Bronze - HGT,br_tbl3pClaimNote,TASK_COMPLETE,SUCCESS,INFO,898,898,0,,2026-08-28T18:47:42.349Z,2026-08-28T19:26:11.151Z,2309,2026-08-28T19:26:11.151Z,HGT,Hagerstown,d66e4bd3-e6d0-4238-8a1c-0b9f6b234cef,SAMMS-Hagerstown
202608281926078127,202608281847377880,202608281847377699,34,144068,3pClaimNote Bronze - HNT,br_tbl3pClaimNote,TASK_COMPLETE,SUCCESS,INFO,4,4,0,,2026-08-28T18:47:42.349Z,2026-08-28T19:26:11.151Z,2309,2026-08-28T19:26:11.151Z,HNT,Huntsville,d66e4bd3-e6d0-4238-8a1c-0b9f6b234cef,SAMMS-Huntsville
202608281926078128,202608281847377881,202608281847377699,34,144069,3pClaimNote Bronze - HS,br_tbl3pClaimNote,TASK_COMPLETE,SUCCESS,INFO,16,16,0,,2026-08-28T18:47:42.349Z,2026-08-28T19:26:11.151Z,2309,2026-08-28T19:26:11.151Z,HS,HotSprings,d66e4bd3-e6d0-4238-8a1c-0b9f6b234cef,SAMMS-HotSprings
202608281926078129,202608281847377882,202608281847377699,34,144070,3pClaimNote Bronze - JON,br_tbl3pClaimNote,TASK_COMPLETE,SUCCESS,INFO,24,24,0,,2026-08-28T18:47:42.349Z,2026-08-28T19:26:11.151Z,2309,2026-08-28T19:26:11.151Z,JON,Jonesboro,d66e4bd3-e6d0-4238-8a1c-0b9f6b234cef,SAMMS-Jonesboro
202608281926078130,202608281847377883,202608281847377699,34,144071,3pClaimNote Bronze - LAN,br_tbl3pClaimNote,TASK_COMPLETE,SUCCESS,INFO,18,18,0,,2026-08-28T18:47:42.349Z,2026-08-28T19:26:11.151Z,2309,2026-08-28T19:26:11.151Z,LAN,Lansing,d66e4bd3-e6d0-4238-8a1c-0b9f6b234cef,SAMMS-Lansing
202608281926078132,202608281847377884,202608281847377699,34,144072,3pClaimNote Bronze - LO,br_tbl3pClaimNote,TASK_COMPLETE,SUCCESS,INFO,363,363,0,,2026-08-28T18:47:42.349Z,2026-08-28T19:26:11.151Z,2309,2026-08-28T19:26:11.151Z,LO,Louisville,d66e4bd3-e6d0-4238-8a1c-0b9f6b234cef,SAMMS-Louisville
202608281926078133,202608281847377885,202608281847377699,34,144073,3pClaimNote Bronze - LV1,br_tbl3pClaimNote,TASK_COMPLETE,SUCCESS,INFO,837,837,0,,2026-08-28T18:47:42.349Z,2026-08-28T19:26:11.151Z,2309,2026-08-28T19:26:11.151Z,LV1,Cheyenne,d66e4bd3-e6d0-4238-8a1c-0b9f6b234cef,SAMMS-Cheyenne
202608281926078134,202608281847377886,202608281847377699,34,144074,3pClaimNote Bronze - LV2,br_tbl3pClaimNote,TASK_COMPLETE,SUCCESS,INFO,339,339,0,,2026-08-28T18:47:42.349Z,2026-08-28T19:26:11.151Z,2309,2026-08-28T19:26:11.151Z,LV2,DesertInn,d66e4bd3-e6d0-4238-8a1c-0b9f6b234cef,SAMMS-DesertInn
202608281926078135,202608281847377887,202608281847377699,34,144075,3pClaimNote Bronze - LV3,br_tbl3pClaimNote,TASK_COMPLETE,SUCCESS,INFO,254,254,0,,2026-08-28T18:47:42.349Z,2026-08-28T19:26:11.151Z,2309,2026-08-28T19:26:11.151Z,LV3,McDaniel,d66e4bd3-e6d0-4238-8a1c-0b9f6b234cef,SAMMS-McDaniel
202608281926078136,202608281847377888,202608281847377699,34,144076,3pClaimNote Bronze - MNRE,br_tbl3pClaimNote,TASK_COMPLETE,SUCCESS,INFO,15,15,0,,2026-08-28T18:47:42.349Z,2026-08-28T19:26:11.151Z,2309,2026-08-28T19:26:11.151Z,MNRE,Monroe,d66e4bd3-e6d0-4238-8a1c-0b9f6b234cef,SAMMS-Monroe
202608281926078137,202608281847377889,202608281847377699,34,144077,3pClaimNote Bronze - MP,br_tbl3pClaimNote,TASK_COMPLETE,SUCCESS,INFO,74,74,0,,2026-08-28T18:47:42.349Z,2026-08-28T19:26:11.151Z,2309,2026-08-28T19:26:11.151Z,MP,MtPleasant,d66e4bd3-e6d0-4238-8a1c-0b9f6b234cef,SAMMS-MtPleasant
202608281926078138,202608281847377890,202608281847377699,34,144078,3pClaimNote Bronze - MRD,br_tbl3pClaimNote,TASK_COMPLETE,SUCCESS,INFO,17,17,0,,2026-08-28T18:47:42.349Z,2026-08-28T19:26:11.151Z,2309,2026-08-28T19:26:11.151Z,MRD,Meridian,d66e4bd3-e6d0-4238-8a1c-0b9f6b234cef,SAMMS-Meridian
202608281926078139,202608281847377891,202608281847377699,34,144079,3pClaimNote Bronze - NC,br_tbl3pClaimNote,TASK_COMPLETE,SUCCESS,INFO,124,124,0,,2026-08-28T18:47:42.349Z,2026-08-28T19:26:11.151Z,2309,2026-08-28T19:26:11.151Z,NC,NorthCharleston,d66e4bd3-e6d0-4238-8a1c-0b9f6b234cef,SAMMS-NorthCharleston
202608281926078140,202608281847377892,202608281847377699,34,144080,3pClaimNote Bronze - NLR,br_tbl3pClaimNote,TASK_COMPLETE,SUCCESS,INFO,294,294,0,,2026-08-28T18:47:42.349Z,2026-08-28T19:26:11.151Z,2309,2026-08-28T19:26:11.151Z,NLR,NLROBOT,d66e4bd3-e6d0-4238-8a1c-0b9f6b234cef,SAMMS-NLROBOT
202608281926078141,202608281847377893,202608281847377699,34,144081,3pClaimNote Bronze - PH,br_tbl3pClaimNote,TASK_COMPLETE,SUCCESS,INFO,458,458,0,,2026-08-28T18:47:42.349Z,2026-08-28T19:26:11.151Z,2309,2026-08-28T19:26:11.151Z,PH,Phoenix,d66e4bd3-e6d0-4238-8a1c-0b9f6b234cef,SAMMS-Phoenix
202608281926078143,202608281847377894,202608281847377699,34,144082,3pClaimNote Bronze - RE,br_tbl3pClaimNote,TASK_COMPLETE,SUCCESS,INFO,708,708,0,,2026-08-28T18:47:42.349Z,2026-08-28T19:26:11.151Z,2309,2026-08-28T19:26:11.151Z,RE,Reno,d66e4bd3-e6d0-4238-8a1c-0b9f6b234cef,SAMMS-Reno
202608281926078144,202608281847377895,202608281847377699,34,144083,3pClaimNote Bronze - RMD,br_tbl3pClaimNote,TASK_COMPLETE,SUCCESS,INFO,96,96,0,,2026-08-28T18:47:42.349Z,2026-08-28T19:26:11.151Z,2309,2026-08-28T19:26:11.151Z,RMD,Richmond,d66e4bd3-e6d0-4238-8a1c-0b9f6b234cef,SAMMS-Richmond
202608281926078052,202608281847377812,202608281847377699,34,143114,3pArnote Bronze - VWBY,br_tbl3pArnote,TASK_COMPLETE,SUCCESS,INFO,948,948,0,,2026-08-28T18:47:42.349Z,2026-08-28T19:26:11.151Z,2309,2026-08-28T19:26:11.151Z,VWBY,Woodbury,d66e4bd3-e6d0-4238-8a1c-0b9f6b234cef,SAMMS-WoodburyV6
202608281926078053,202608281847377813,202608281847377699,34,143115,3pArnote Bronze - WIL,br_tbl3pArnote,TASK_COMPLETE,SUCCESS,INFO,61,61,0,,2026-08-28T18:47:42.349Z,2026-08-28T19:26:11.151Z,2309,2026-08-28T19:26:11.151Z,WIL,Wilson,d66e4bd3-e6d0-4238-8a1c-0b9f6b234cef,SAMMS-Wilson
202608281926078054,202608281847377814,202608281847377699,34,144001,3pClaimNote Bronze - AHK,br_tbl3pClaimNote,TASK_COMPLETE,SUCCESS,INFO,0,0,0,,2026-08-28T18:47:42.349Z,2026-08-28T19:26:11.151Z,2309,2026-08-28T19:26:11.151Z,AHK,Ahoskie,d66e4bd3-e6d0-4238-8a1c-0b9f6b234cef,SAMMS-Ahoskie
202608281926078055,202608281847377815,202608281847377699,34,144002,3pClaimNote Bronze - B12B,br_tbl3pClaimNote,TASK_COMPLETE,SUCCESS,INFO,0,0,0,,2026-08-28T18:47:42.349Z,2026-08-28T19:26:11.151Z,2309,2026-08-28T19:26:11.151Z,B12B,ColoradoSprings,d66e4bd3-e6d0-4238-8a1c-0b9f6b234cef,SAMMS-ColoradoSpringsV5
202608281926078056,202608281847377816,202608281847377699,34,144003,3pClaimNote Bronze - B24,br_tbl3pClaimNote,TASK_COMPLETE,SUCCESS,INFO,285,285,0,,2026-08-28T18:47:42.349Z,2026-08-28T19:26:11.151Z,2309,2026-08-28T19:26:11.151Z,B24,Paintsville,d66e4bd3-e6d0-4238-8a1c-0b9f6b234cef,SAMMS-PaintsvilleV5
202608281926078058,202608281847377817,202608281847377699,34,144004,3pClaimNote Bronze - B25,br_tbl3pClaimNote,TASK_COMPLETE,SUCCESS,INFO,70,70,0,,2026-08-28T18:47:42.349Z,2026-08-28T19:26:11.151Z,2309,2026-08-28T19:26:11.151Z,B25,Pikeville,d66e4bd3-e6d0-4238-8a1c-0b9f6b234cef,SAMMS-PikevilleV5
202608281926078059,202608281847377818,202608281847377699,34,144005,3pClaimNote Bronze - B26,br_tbl3pClaimNote,TASK_COMPLETE,SUCCESS,INFO,294,294,0,,2026-08-28T18:47:42.349Z,2026-08-28T19:26:11.151Z,2309,2026-08-28T19:26:11.151Z,B26,Hazard,d66e4bd3-e6d0-4238-8a1c-0b9f6b234cef,SAMMS-HazardV5
202608281926078060,202608281847377819,202608281847377699,34,144006,3pClaimNote Bronze - B27,br_tbl3pClaimNote,TASK_COMPLETE,SUCCESS,INFO,2,2,0,,2026-08-28T18:47:42.349Z,2026-08-28T19:26:11.151Z,2309,2026-08-28T19:26:11.151Z,B27,Savannah,d66e4bd3-e6d0-4238-8a1c-0b9f6b234cef,SAMMS-SavannahV6
202608281926078061,202608281847377820,202608281847377699,34,144007,3pClaimNote Bronze - B28,br_tbl3pClaimNote,TASK_COMPLETE,SUCCESS,INFO,179,179,0,,2026-08-28T18:47:42.349Z,2026-08-28T19:26:11.151Z,2309,2026-08-28T19:26:11.151Z,B28,WestPlaines,d66e4bd3-e6d0-4238-8a1c-0b9f6b234cef,SAMMS-WestPlainesV5
202608281926078062,202608281847377821,202608281847377699,34,144008,3pClaimNote Bronze - B29,br_tbl3pClaimNote,TASK_COMPLETE,SUCCESS,INFO,15,15,0,,2026-08-28T18:47:42.349Z,2026-08-28T19:26:11.151Z,2309,2026-08-28T19:26:11.151Z,B29,PoplarBluff,d66e4bd3-e6d0-4238-8a1c-0b9f6b234cef,SAMMS-PoplarBluffV5
202608281926078063,202608281847377822,202608281847377699,34,144009,3pClaimNote Bronze - B30,br_tbl3pClaimNote,TASK_COMPLETE,SUCCESS,INFO,13,13,0,,2026-08-28T18:47:42.349Z,2026-08-28T19:26:11.151Z,2309,2026-08-28T19:26:11.151Z,B30,KCN,d66e4bd3-e6d0-4238-8a1c-0b9f6b234cef,SAMMS-KCNv5
202608281926078064,202608281847377823,202608281847377699,34,144010,3pClaimNote Bronze - B31,br_tbl3pClaimNote,TASK_COMPLETE,SUCCESS,INFO,13,13,0,,2026-08-28T18:47:42.349Z,2026-08-28T19:26:11.151Z,2309,2026-08-28T19:26:11.151Z,B31,Dyersburg,d66e4bd3-e6d0-4238-8a1c-0b9f6b234cef,SAMMS-DyersburgV5
202608281926078065,202608281847377824,202608281847377699,34,144011,3pClaimNote Bronze - B33,br_tbl3pClaimNote,TASK_COMPLETE,SUCCESS,INFO,126,126,0,,2026-08-28T18:47:42.349Z,2026-08-28T19:26:11.151Z,2309,2026-08-28T19:26:11.151Z,B33,Paducah,d66e4bd3-e6d0-4238-8a1c-0b9f6b234cef,SAMMS-Paducah
202608281926078066,202608281847377825,202608281847377699,34,144012,3pClaimNote Bronze - B34,br_tbl3pClaimNote,TASK_COMPLETE,SUCCESS,INFO,291,291,0,,2026-08-28T18:47:42.349Z,2026-08-28T19:26:11.151Z,2309,2026-08-28T19:26:11.151Z,B34,Corbin,d66e4bd3-e6d0-4238-8a1c-0b9f6b234cef,SAMMS-CorbinV5
202608281926078068,202608281847377826,202608281847377699,34,144013,3pClaimNote Bronze - B35,br_tbl3pClaimNote,TASK_COMPLETE,SUCCESS,INFO,652,652,0,,2026-08-28T18:47:42.349Z,2026-08-28T19:26:11.151Z,2309,2026-08-28T19:26:11.151Z,B35,Lexington,d66e4bd3-e6d0-4238-8a1c-0b9f6b234cef,SAMMS-LexingtonV5
202608281926078069,202608281847377827,202608281847377699,34,144014,3pClaimNote Bronze - B35A,br_tbl3pClaimNote,TASK_COMPLETE,SUCCESS,INFO,189,189,0,,2026-08-28T18:47:42.349Z,2026-08-28T19:26:11.151Z,2309,2026-08-28T19:26:11.151Z,B35A,Berea,d66e4bd3-e6d0-4238-8a1c-0b9f6b234cef,SAMMS-BereaV5
202608281926078070,202608281847377828,202608281847377699,34,144015,3pClaimNote Bronze - B36,br_tbl3pClaimNote,TASK_COMPLETE,SUCCESS,INFO,530,530,0,,2026-08-28T18:47:42.349Z,2026-08-28T19:26:11.151Z,2309,2026-08-28T19:26:11.151Z,B36,Asheville,d66e4bd3-e6d0-4238-8a1c-0b9f6b234cef,SAMMS-AshevilleV5
202608281926078071,202608281847377829,202608281847377699,34,144016,3pClaimNote Bronze - B37,br_tbl3pClaimNote,TASK_COMPLETE,SUCCESS,INFO,377,377,0,,2026-08-28T18:47:42.349Z,2026-08-28T19:26:11.151Z,2309,2026-08-28T19:26:11.151Z,B37,Clyde,d66e4bd3-e6d0-4238-8a1c-0b9f6b234cef,SAMMS-ClydeV5
202608281926078072,202608281847377830,202608281847377699,34,144017,3pClaimNote Bronze - B38,br_tbl3pClaimNote,TASK_COMPLETE,SUCCESS,INFO,104,104,0,,2026-08-28T18:47:42.349Z,2026-08-28T19:26:11.151Z,2309,2026-08-28T19:26:11.151Z,B38,Spartanburg,d66e4bd3-e6d0-4238-8a1c-0b9f6b234cef,SAMMS-SpartanburgV5
202608281926078073,202608281847377831,202608281847377699,34,144018,3pClaimNote Bronze - B39,br_tbl3pClaimNote,TASK_COMPLETE,SUCCESS,INFO,22,22,0,,2026-08-28T18:47:42.349Z,2026-08-28T19:26:11.151Z,2309,2026-08-28T19:26:11.151Z,B39,Aiken,d66e4bd3-e6d0-4238-8a1c-0b9f6b234cef,SAMMS-AikenV5
202608281926078074,202608281847377832,202608281847377699,34,144019,3pClaimNote Bronze - B41,br_tbl3pClaimNote,TASK_COMPLETE,SUCCESS,INFO,478,478,0,,2026-08-28T18:47:42.349Z,2026-08-28T19:26:11.151Z,2309,2026-08-28T19:26:11.151Z,B41,Chesapeake,d66e4bd3-e6d0-4238-8a1c-0b9f6b234cef,SAMMS-ChesapeakeV5
202608281926078075,202608281847377833,202608281847377699,34,144020,3pClaimNote Bronze - B42,br_tbl3pClaimNote,TASK_COMPLETE,SUCCESS,INFO,370,370,0,,2026-08-28T18:47:42.349Z,2026-08-28T19:26:11.151Z,2309,2026-08-28T19:26:11.151Z,B42,VirginiaBeach,d66e4bd3-e6d0-4238-8a1c-0b9f6b234cef,SAMMS-VirginiaBeachV5
202608281926078076,202608281847377834,202608281847377699,34,144021,3pClaimNote Bronze - B42A,br_tbl3pClaimNote,TASK_COMPLETE,SUCCESS,INFO,374,374,0,,2026-08-28T18:47:42.349Z,2026-08-28T19:26:11.151Z,2309,2026-08-28T19:26:11.151Z,B42A,NewportNews,d66e4bd3-e6d0-4238-8a1c-0b9f6b234cef,SAMMS-NewportNewsV5
202608281926078077,202608281847377835,202608281847377699,34,144022,3pClaimNote Bronze - B42B,br_tbl3pClaimNote,TASK_COMPLETE,SUCCESS,INFO,71,71,0,,2026-08-28T18:47:42.349Z,2026-08-28T19:26:11.151Z,2309,2026-08-28T19:26:11.151Z,B42B,Franklin,d66e4bd3-e6d0-4238-8a1c-0b9f6b234cef,SAMMS-FranklinV5
202608281926078079,202608281847377836,202608281847377699,34,144023,3pClaimNote Bronze - B42C,br_tbl3pClaimNote,TASK_COMPLETE,SUCCESS,INFO,416,416,0,,2026-08-28T18:47:42.349Z,2026-08-28T19:26:11.151Z,2309,2026-08-28T19:26:11.151Z,B42C,GlenAllen,d66e4bd3-e6d0-4238-8a1c-0b9f6b234cef,SAMMS-GlenAllenV5
202608281926078080,202608281847377837,202608281847377699,34,144024,3pClaimNote Bronze - B42D,br_tbl3pClaimNote,TASK_COMPLETE,SUCCESS,INFO,240,240,0,,2026-08-28T18:47:42.349Z,2026-08-28T19:26:11.151Z,2309,2026-08-28T19:26:11.151Z,B42D,ChesapeakeSouth,d66e4bd3-e6d0-4238-8a1c-0b9f6b234cef,SAMMS-ChesapeakeSouthV5
202608281926078081,202608281847377838,202608281847377699,34,144025,3pClaimNote Bronze - B44,br_tbl3pClaimNote,TASK_COMPLETE,SUCCESS,INFO,12,12,0,,2026-08-28T18:47:42.349Z,2026-08-28T19:26:11.151Z,2309,2026-08-28T19:26:11.151Z,B44,Albany,d66e4bd3-e6d0-4238-8a1c-0b9f6b234cef,SAMMS-AlbanyV5
202608281926078082,202608281847377839,202608281847377699,34,144026,3pClaimNote Bronze - B45,br_tbl3pClaimNote,TASK_COMPLETE,SUCCESS,INFO,23,23,0,,2026-08-28T18:47:42.349Z,2026-08-28T19:26:11.151Z,2309,2026-08-28T19:26:11.151Z,B45,Tifton,d66e4bd3-e6d0-4238-8a1c-0b9f6b234cef,SAMMS-TiftonV5
202608281926077926,202608281847377700,202608281847377699,34,143001,3pArnote Bronze - AHK,br_tbl3pArnote,TASK_COMPLETE,SUCCESS,INFO,0,0,0,,2026-08-28T18:47:42.349Z,2026-08-28T19:26:11.151Z,2309,2026-08-28T19:26:11.151Z,AHK,Ahoskie,d66e4bd3-e6d0-4238-8a1c-0b9f6b234cef,SAMMS-Ahoskie
202608281926077928,202608281847377701,202608281847377699,34,143002,3pArnote Bronze - B12B,br_tbl3pArnote,TASK_COMPLETE,SUCCESS,INFO,0,0,0,,2026-08-28T18:47:42.349Z,2026-08-28T19:26:11.151Z,2309,2026-08-28T19:26:11.151Z,B12B,ColoradoSprings,d66e4bd3-e6d0-4238-8a1c-0b9f6b234cef,SAMMS-ColoradoSpringsV5
202608281926077929,202608281847377702,202608281847377699,34,143003,3pArnote Bronze - B24,br_tbl3pArnote,TASK_COMPLETE,SUCCESS,INFO,309,309,0,,2026-08-28T18:47:42.349Z,2026-08-28T19:26:11.151Z,2309,2026-08-28T19:26:11.151Z,B24,Paintsville,d66e4bd3-e6d0-4238-8a1c-0b9f6b234cef,SAMMS-PaintsvilleV5
202608281926077930,202608281847377703,202608281847377699,34,143004,3pArnote Bronze - B25,br_tbl3pArnote,TASK_COMPLETE,SUCCESS,INFO,81,81,0,,2026-08-28T18:47:42.349Z,2026-08-28T19:26:11.151Z,2309,2026-08-28T19:26:11.151Z,B25,Pikeville,d66e4bd3-e6d0-4238-8a1c-0b9f6b234cef,SAMMS-PikevilleV5
202608281926077931,202608281847377704,202608281847377699,34,143005,3pArnote Bronze - B26,br_tbl3pArnote,TASK_COMPLETE,SUCCESS,INFO,419,419,0,,2026-08-28T18:47:42.349Z,2026-08-28T19:26:11.151Z,2309,2026-08-28T19:26:11.151Z,B26,Hazard,d66e4bd3-e6d0-4238-8a1c-0b9f6b234cef,SAMMS-HazardV5
202608281926077932,202608281847377705,202608281847377699,34,143006,3pArnote Bronze - B27,br_tbl3pArnote,TASK_COMPLETE,SUCCESS,INFO,1,1,0,,2026-08-28T18:47:42.349Z,2026-08-28T19:26:11.151Z,2309,2026-08-28T19:26:11.151Z,B27,Savannah,d66e4bd3-e6d0-4238-8a1c-0b9f6b234cef,SAMMS-SavannahV6
202608281926077934,202608281847377706,202608281847377699,34,143007,3pArnote Bronze - B28,br_tbl3pArnote,TASK_COMPLETE,SUCCESS,INFO,382,382,0,,2026-08-28T18:47:42.349Z,2026-08-28T19:26:11.151Z,2309,2026-08-28T19:26:11.151Z,B28,WestPlaines,d66e4bd3-e6d0-4238-8a1c-0b9f6b234cef,SAMMS-WestPlainesV5
202608281926077935,202608281847377707,202608281847377699,34,143008,3pArnote Bronze - B29,br_tbl3pArnote,TASK_COMPLETE,SUCCESS,INFO,73,73,0,,2026-08-28T18:47:42.349Z,2026-08-28T19:26:11.151Z,2309,2026-08-28T19:26:11.151Z,B29,PoplarBluff,d66e4bd3-e6d0-4238-8a1c-0b9f6b234cef,SAMMS-PoplarBluffV5
202608281926077936,202608281847377708,202608281847377699,34,143009,3pArnote Bronze - B30,br_tbl3pArnote,TASK_COMPLETE,SUCCESS,INFO,37,37,0,,2026-08-28T18:47:42.349Z,2026-08-28T19:26:11.151Z,2309,2026-08-28T19:26:11.151Z,B30,KCN,d66e4bd3-e6d0-4238-8a1c-0b9f6b234cef,SAMMS-KCNv5
202608281926077937,202608281847377709,202608281847377699,34,143010,3pArnote Bronze - B31,br_tbl3pArnote,TASK_COMPLETE,SUCCESS,INFO,16,16,0,,2026-08-28T18:47:42.349Z,2026-08-28T19:26:11.151Z,2309,2026-08-28T19:26:11.151Z,B31,Dyersburg,d66e4bd3-e6d0-4238-8a1c-0b9f6b234cef,SAMMS-DyersburgV5
202608281926077938,202608281847377710,202608281847377699,34,143011,3pArnote Bronze - B33,br_tbl3pArnote,TASK_COMPLETE,SUCCESS,INFO,197,197,0,,2026-08-28T18:47:42.349Z,2026-08-28T19:26:11.151Z,2309,2026-08-28T19:26:11.151Z,B33,Paducah,d66e4bd3-e6d0-4238-8a1c-0b9f6b234cef,SAMMS-Paducah
202608281926077939,202608281847377711,202608281847377699,34,143012,3pArnote Bronze - B34,br_tbl3pArnote,TASK_COMPLETE,SUCCESS,INFO,234,234,0,,2026-08-28T18:47:42.349Z,2026-08-28T19:26:11.151Z,2309,2026-08-28T19:26:11.151Z,B34,Corbin,d66e4bd3-e6d0-4238-8a1c-0b9f6b234cef,SAMMS-CorbinV5
202608281926077940,202608281847377712,202608281847377699,34,143013,3pArnote Bronze - B35,br_tbl3pArnote,TASK_COMPLETE,SUCCESS,INFO,1480,1480,0,,2026-08-28T18:47:42.349Z,2026-08-28T19:26:11.151Z,2309,2026-08-28T19:26:11.151Z,B35,Lexington,d66e4bd3-e6d0-4238-8a1c-0b9f6b234cef,SAMMS-LexingtonV5
202608281926077942,202608281847377713,202608281847377699,34,143014,3pArnote Bronze - B35A,br_tbl3pArnote,TASK_COMPLETE,SUCCESS,INFO,361,361,0,,2026-08-28T18:47:42.349Z,2026-08-28T19:26:11.151Z,2309,2026-08-28T19:26:11.151Z,B35A,Berea,d66e4bd3-e6d0-4238-8a1c-0b9f6b234cef,SAMMS-BereaV5
202608281926077943,202608281847377714,202608281847377699,34,143015,3pArnote Bronze - B36,br_tbl3pArnote,TASK_COMPLETE,SUCCESS,INFO,393,393,0,,2026-08-28T18:47:42.349Z,2026-08-28T19:26:11.151Z,2309,2026-08-28T19:26:11.151Z,B36,Asheville,d66e4bd3-e6d0-4238-8a1c-0b9f6b234cef,SAMMS-AshevilleV5
202608281926077944,202608281847377715,202608281847377699,34,143016,3pArnote Bronze - B37,br_tbl3pArnote,TASK_COMPLETE,SUCCESS,INFO,266,266,0,,2026-08-28T18:47:42.349Z,2026-08-28T19:26:11.151Z,2309,2026-08-28T19:26:11.151Z,B37,Clyde,d66e4bd3-e6d0-4238-8a1c-0b9f6b234cef,SAMMS-ClydeV5
202608281926077945,202608281847377716,202608281847377699,34,143017,3pArnote Bronze - B38,br_tbl3pArnote,TASK_COMPLETE,SUCCESS,INFO,220,220,0,,2026-08-28T18:47:42.349Z,2026-08-28T19:26:11.151Z,2309,2026-08-28T19:26:11.151Z,B38,Spartanburg,d66e4bd3-e6d0-4238-8a1c-0b9f6b234cef,SAMMS-SpartanburgV5
202608281926077946,202608281847377717,202608281847377699,34,143018,3pArnote Bronze - B39,br_tbl3pArnote,TASK_COMPLETE,SUCCESS,INFO,35,35,0,,2026-08-28T18:47:42.349Z,2026-08-28T19:26:11.151Z,2309,2026-08-28T19:26:11.151Z,B39,Aiken,d66e4bd3-e6d0-4238-8a1c-0b9f6b234cef,SAMMS-AikenV5
202608281926077947,202608281847377718,202608281847377699,34,143019,3pArnote Bronze - B41,br_tbl3pArnote,TASK_COMPLETE,SUCCESS,INFO,2086,2086,0,,2026-08-28T18:47:42.349Z,2026-08-28T19:26:11.151Z,2309,2026-08-28T19:26:11.151Z,B41,Chesapeake,d66e4bd3-e6d0-4238-8a1c-0b9f6b234cef,SAMMS-ChesapeakeV5
202608281926077948,202608281847377719,202608281847377699,34,143020,3pArnote Bronze - B42,br_tbl3pArnote,TASK_COMPLETE,SUCCESS,INFO,1607,1607,0,,2026-08-28T18:47:42.349Z,2026-08-28T19:26:11.151Z,2309,2026-08-28T19:26:11.151Z,B42,VirginiaBeach,d66e4bd3-e6d0-4238-8a1c-0b9f6b234cef,SAMMS-VirginiaBeachV5
202608281926077949,202608281847377720,202608281847377699,34,143021,3pArnote Bronze - B42A,br_tbl3pArnote,TASK_COMPLETE,SUCCESS,INFO,1435,1435,0,,2026-08-28T18:47:42.349Z,2026-08-28T19:26:11.151Z,2309,2026-08-28T19:26:11.151Z,B42A,NewportNews,d66e4bd3-e6d0-4238-8a1c-0b9f6b234cef,SAMMS-NewportNewsV5
202608281926077950,202608281847377721,202608281847377699,34,143022,3pArnote Bronze - B42B,br_tbl3pArnote,TASK_COMPLETE,SUCCESS,INFO,271,271,0,,2026-08-28T18:47:42.349Z,2026-08-28T19:26:11.151Z,2309,2026-08-28T19:26:11.151Z,B42B,Franklin,d66e4bd3-e6d0-4238-8a1c-0b9f6b234cef,SAMMS-FranklinV5
202608281926077952,202608281847377722,202608281847377699,34,143023,3pArnote Bronze - B42C,br_tbl3pArnote,TASK_COMPLETE,SUCCESS,INFO,1582,1582,0,,2026-08-28T18:47:42.349Z,2026-08-28T19:26:11.151Z,2309,2026-08-28T19:26:11.151Z,B42C,GlenAllen,d66e4bd3-e6d0-4238-8a1c-0b9f6b234cef,SAMMS-GlenAllenV5
202608281926077953,202608281847377723,202608281847377699,34,143024,3pArnote Bronze - B42D,br_tbl3pArnote,TASK_COMPLETE,SUCCESS,INFO,1002,1002,0,,2026-08-28T18:47:42.349Z,2026-08-28T19:26:11.151Z,2309,2026-08-28T19:26:11.151Z,B42D,ChesapeakeSouth,d66e4bd3-e6d0-4238-8a1c-0b9f6b234cef,SAMMS-ChesapeakeSouthV5
202608281926077954,202608281847377724,202608281847377699,34,143025,3pArnote Bronze - B44,br_tbl3pArnote,TASK_COMPLETE,SUCCESS,INFO,39,39,0,,2026-08-28T18:47:42.349Z,2026-08-28T19:26:11.151Z,2309,2026-08-28T19:26:11.151Z,B44,Albany,d66e4bd3-e6d0-4238-8a1c-0b9f6b234cef,SAMMS-AlbanyV5
202608281926077955,202608281847377725,202608281847377699,34,143026,3pArnote Bronze - B45,br_tbl3pArnote,TASK_COMPLETE,SUCCESS,INFO,100,100,0,,2026-08-28T18:47:42.349Z,2026-08-28T19:26:11.151Z,2309,2026-08-28T19:26:11.151Z,B45,Tifton,d66e4bd3-e6d0-4238-8a1c-0b9f6b234cef,SAMMS-TiftonV5
202608281926077956,202608281847377726,202608281847377699,34,143027,3pArnote Bronze - B46,br_tbl3pArnote,TASK_COMPLETE,SUCCESS,INFO,2769,2769,0,,2026-08-28T18:47:42.349Z,2026-08-28T19:26:11.151Z,2309,2026-08-28T19:26:11.151Z,B46,WashingtonDC,d66e4bd3-e6d0-4238-8a1c-0b9f6b234cef,SAMMS-WashingtonDCv5
202608281926077957,202608281847377727,202608281847377699,34,143028,3pArnote Bronze - B47,br_tbl3pArnote,TASK_COMPLETE,SUCCESS,INFO,199,199,0,,2026-08-28T18:47:42.349Z,2026-08-28T19:26:11.151Z,2309,2026-08-28T19:26:11.151Z,B47,Mobile,d66e4bd3-e6d0-4238-8a1c-0b9f6b234cef,SAMMS-MobileV5
202608311015328458,202608311015328457,20260831100956,109,8609,Bronze Account Reference,br_cashflow_accountlocationref,TASK_FAILED,FAILED,ERROR,0,0,1,"File ''Bank Account Listing123.xlsx'' not found in Lakehouse Files. Searched paths: [''/lakehouse/default/Files/Alteryx/Daily Cash Flow/Bank Account Listing123.xlsx'', ''/lakehouse/default/Files/Bank Account Listing123.xlsx'', ''/Files/Alteryx/Daily Cash Flow/Bank Account Listing123.xlsx'', ''/Files/Bank Account Listing123.xlsx'', ''Files/Alteryx/Daily Cash Flow/Bank Account Listing123.xlsx'', ''Files/Bank Account Listing123.xlsx'', ''c:/Users/ChetanKumarSyamala/Desktop/BHG/Bank Account Listing123.xlsx'']",2026-08-31T10:15:32.845Z,2026-08-31T10:15:39.026Z,6,2026-08-31T10:15:39.026Z,,,24dba459-dc03-43ff-935b-02975da59b9d,
202609080558441466,202609080558441467,20260908055844,130,13686,Gold 3P Balances,tbl_Third_Party_AR_inDB_Balances,TASK_FAILED,FAILED,ERROR,0,0,1,"Pipeline finished with status FAILED. 1 task(s) failed, 1 succeeded. Task 'Azure Sql Python Silver - 3P Balances' (TaskConfigId: 13684) failed: Configured SourceTable not found in lakehouse for Azure Sql Python Silver - 3P Balances (TaskConfigId 13684): 123",2026-09-08T05:58:44.146Z,2026-09-08T05:58:44.146Z,0,2026-09-08T05:58:44.146Z,,,2bc2c23e-4fff-4fcf-8329-7318fd2d456d,
202609080755085166,202609080755085166,20260908071753,142,16281,Transaction Report In-DB v7 Silver,sl_TransactionPostingReport,TASK_FAILED,FAILED,ERROR,0,0,1,"[transaction_posting_report] failed to resolve source tables: Multiple SourceTable entries match tbl_claimlineitem : [bhg_silver.pats.tbl_ClaimLineItemActivity, bhg_silver.pats.tbl_ClaimLineItem] — use a more specific keyword",2026-09-08T07:55:13.520Z,2026-09-08T07:55:28.449Z,13,2026-09-08T07:55:28.449Z,,,f61fb4c5-0d31-4954-8aac-d0c2d48f9dc90,
202609080809379385,202609080809379385,20260908071753,142,16281,Transaction Report In-DB v7 Silver,sl_TransactionPostingReport,TASK_FAILED,FAILED,ERROR,0,0,1,"[transaction_posting_report] failed to resolve source tables: Multiple SourceTable entries match tbl_claimlineitem : [bhg_silver.pats.tbl_claimlineitemactivity, bhg_silver.pats.tbl_claimlineitem] — use a more specific keyword",2026-09-08T08:09:43.644Z,2026-09-08T08:10:01.707Z,16,2026-09-08T08:10:01.707Z,,,f61fb4c5-0d31-4954-8aac-d0c2d48f9dc90,
202609080748177355,202609080748177354,20260908071753,142,16281,Transaction Report In-DB v7 Silver,sl_TransactionPostingReport,TASK_FAILED,FAILED,ERROR,0,0,1,"[transaction_posting_report] failed to resolve source tables: Multiple SourceTable entries match claimlineitem : [bhg_silver.pats.tbl_ClaimLineItemActivity, bhg_silver.pats.tbl_ClaimLineItem] — use a more specific keyword",2026-09-08T07:48:28.642Z,2026-09-08T07:48:48.696Z,16,2026-09-08T07:48:48.696Z,,,f61fb4c5-0d31-4954-8aac-d0c2d48f9dc90,
202609080759534061,202609080759534061,20260908071753,142,16281,Transaction Report In-DB v7 Silver,sl_TransactionPostingReport,TASK_FAILED,FAILED,ERROR,0,0,1,"[transaction_posting_report] failed to resolve source tables: Multiple SourceTable entries match claimlineitem : [bhg_silver.pats.tbl_ClaimLineItemActivity, bhg_silver.pats.tbl_ClaimLineItem] — use a more specific keyword",2026-09-08T07:59:58.582Z,2026-09-08T08:00:19.993Z,19,2026-09-08T08:00:19.993Z,,,f61fb4c5-0d31-4954-8aac-d0c2d48f9dc90,
202609080751361979,202609080751361979,20260908071753,142,16281,Transaction Report In-DB v7 Silver,sl_TransactionPostingReport,TASK_FAILED,FAILED,ERROR,0,0,1,"[transaction_posting_report] failed to resolve source tables: Multiple SourceTable entries match claimlineitem : [bhg_silver.pats.tbl_ClaimLineItemActivity, bhg_silver.pats.tbl_ClaimLineItem] — use a more specific keyword",2026-09-08T07:51:40.969Z,2026-09-08T07:52:00.685Z,17,2026-09-08T07:52:00.685Z,,,f61fb4c5-0d31-4954-8aac-d0c2d48f9dc90,
202609080807253495,202609080807253495,20260908071753,142,16281,Transaction Report In-DB v7 Silver,sl_TransactionPostingReport,TASK_FAILED,FAILED,ERROR,0,0,1,"[transaction_posting_report] failed to resolve source tables: Multiple SourceTable entries match claimlineitem : [bhg_silver.pats.tbl_claimlineitemactivity, bhg_silver.pats.tbl_claimlineitem] — use a more specific keyword",2026-09-08T08:07:30.646Z,2026-09-08T08:08:00.639Z,27,2026-09-08T08:08:00.639Z,,,f61fb4c5-0d31-4954-8aac-d0c2d48f9dc90,
202609080811506430,202609080811506430,20260908071753,142,16281,Transaction Report In-DB v7 Silver,sl_TransactionPostingReport,TASK_FAILED,FAILED,ERROR,0,0,1,"[transaction_posting_report] failed to resolve source tables: Multiple SourceTable entries match item : [bhg_silver.pats.tbl_claimlineitemactivity, bhg_silver.pats.tbl_claimlineitem] — use a more specific keyword",2026-09-08T08:11:56.908Z,2026-09-08T08:12:14.208Z,14,2026-09-08T08:12:14.208Z,,,f61fb4c5-0d31-4954-8aac-d0c2d48f9dc90,
202609020931027088,202609020931027087,20260902093021,129,13685,Azure Sql Python Silver - Claim Denial Prediction,sl_ClaimDenialPredictionV1,TASK_FAILED,FAILED,ERROR,0,0,1,Silver transforms not loaded (missing run_silver_transformations). Use nb_azure_sql_python_slv_to_slv — Cell 4 must be `%run -i nb_azure_sql_python_execute`.,2026-09-02T09:31:02.708Z,2026-09-02T09:31:24.633Z,21,2026-09-02T09:31:24.633Z,,,e382a313-3d19-4b82-9b57-fd2a0e196c56,
202609020930263812,202609020930263811,20260902093021,129,13684,Azure Sql Python Silver - 3P Balances,sl_tbl_Third_Party_AR_inDB_Balances,TASK_FAILED,FAILED,ERROR,0,0,1,Silver transforms not loaded (missing run_silver_transformations). Use nb_azure_sql_python_slv_to_slv — Cell 4 must be `%run -i nb_azure_sql_python_execute`.,2026-09-02T09:30:26.381Z,2026-09-02T09:30:47.847Z,21,2026-09-02T09:30:47.847Z,,,e382a313-3d19-4b82-9b57-fd2a0e196c56,
202609041613555443,202609041543374075,202609041543373975,85,2967,Bronze INV,br_OrientationChecklistNew,TASK_COMPLETE,SUCCESS,INFO,93,93,0,,2026-09-04T15:43:48.314Z,2026-09-04T16:13:58.818Z,1810,2026-09-04T16:13:58.818Z,V19,Jackson,66e9e433-72b0-4c30-b0ea-7611d9608923,SAMMS-JacksonV5
202609041613555444,202609041543374076,202609041543373975,85,2969,Bronze INV,br_OrientationChecklistNew,TASK_COMPLETE,SUCCESS,INFO,71,71,0,,2026-09-04T15:43:48.314Z,2026-09-04T16:13:58.818Z,1810,2026-09-04T16:13:58.818Z,V20,Paris,66e9e433-72b0-4c30-b0ea-7611d9608923,SAMMS-ParisV5
202609041613555445,202609041543374077,202609041543373975,85,2970,Bronze INV,br_OrientationChecklistNew,TASK_COMPLETE,SUCCESS,INFO,46,46,0,,2026-09-04T15:43:48.314Z,2026-09-04T16:13:58.818Z,1810,2026-09-04T16:13:58.818Z,V21,Memphis North,66e9e433-72b0-4c30-b0ea-7611d9608923,SAMMS-RaleighV5
202609041613555446,202609041543374078,202609041543373975,85,2973,Bronze INV,br_OrientationChecklistNew,TASK_COMPLETE,SUCCESS,INFO,145,145,0,,2026-09-04T15:43:48.314Z,2026-09-04T16:13:58.818Z,1810,2026-09-04T16:13:58.818Z,V5,West Bank,66e9e433-72b0-4c30-b0ea-7611d9608923,SAMMS-NONTCv5
202609041613555447,202609041543374079,202609041543373975,85,2975,Bronze INV,br_OrientationChecklistNew,TASK_COMPLETE,SUCCESS,INFO,66,66,0,,2026-09-04T15:43:48.314Z,2026-09-04T16:13:58.818Z,1810,2026-09-04T16:13:58.818Z,V5B,Houma,66e9e433-72b0-4c30-b0ea-7611d9608923,SAMMS-HoumaV6
202609041613555448,202609041543374080,202609041543373975,85,2976,Bronze INV,br_OrientationChecklistNew,TASK_COMPLETE,SUCCESS,INFO,195,195,0,,2026-09-04T15:43:48.314Z,2026-09-04T16:13:58.818Z,1810,2026-09-04T16:13:58.818Z,V6,Lake Charles,66e9e433-72b0-4c30-b0ea-7611d9608923,SAMMS-LCv5
202609041613555450,202609041543374081,202609041543373975,85,2978,Bronze INV,br_OrientationChecklistNew,TASK_COMPLETE,SUCCESS,INFO,128,128,0,,2026-09-04T15:43:48.314Z,2026-09-04T16:13:58.818Z,1810,2026-09-04T16:13:58.818Z,V8,Memphis Midtown,66e9e433-72b0-4c30-b0ea-7611d9608923,SAMMS-VCPHCS-VIII-MemphisV5
202609041613555451,202609041543374082,202609041543373975,85,2979,Bronze INV,br_OrientationChecklistNew,TASK_COMPLETE,SUCCESS,INFO,192,192,0,,2026-09-04T15:43:48.314Z,2026-09-04T16:13:58.818Z,1810,2026-09-04T16:13:58.818Z,V9,Nashville,66e9e433-72b0-4c30-b0ea-7611d9608923,SAMMS-NashvilleV5
202609041613555452,202609041543374083,202609041543373975,85,2980,Bronze INV,br_OrientationChecklistNew,TASK_COMPLETE,SUCCESS,INFO,149,149,0,,2026-09-04T15:43:48.314Z,2026-09-04T16:13:58.818Z,1810,2026-09-04T16:13:58.818Z,VBRA,Brainerd,66e9e433-72b0-4c30-b0ea-7611d9608923,SAMMS-BrainerdV6
202609041613555453,202609041543374084,202609041543373975,85,2981,Bronze INV,br_OrientationChecklistNew,TASK_COMPLETE,SUCCESS,INFO,165,165,0,,2026-09-04T15:43:48.314Z,2026-09-04T16:13:58.818Z,1810,2026-09-04T16:13:58.818Z,VBRP,Brooklyn Park,66e9e433-72b0-4c30-b0ea-7611d9608923,SAMMS-BrooklynParkV6
202609041613555454,202609041543374085,202609041543373975,85,2983,Bronze INV,br_OrientationChecklistNew,TASK_COMPLETE,SUCCESS,INFO,131,131,0,,2026-09-04T15:43:48.314Z,2026-09-04T16:13:58.818Z,1810,2026-09-04T16:13:58.818Z,VMIN,Minneapolis,66e9e433-72b0-4c30-b0ea-7611d9608923,SAMMS-MinneapolisV6
202609041613555455,202609041543374086,202609041543373975,85,2984,Bronze INV,br_OrientationChecklistNew,TASK_COMPLETE,SUCCESS,INFO,188,188,0,,2026-09-04T15:43:48.314Z,2026-09-04T16:13:58.818Z,1810,2026-09-04T16:13:58.818Z,VWBY,Woodbury,66e9e433-72b0-4c30-b0ea-7611d9608923,SAMMS-WoodburyV6
202609041613555456,202609041543374087,202609041543373975,85,2986,Bronze INV,br_OrientationChecklistNew,TASK_COMPLETE,SUCCESS,INFO,110,110,0,,2026-09-04T15:43:48.314Z,2026-09-04T16:13:58.818Z,1810,2026-09-04T16:13:58.818Z,WIL,Wilson,66e9e433-72b0-4c30-b0ea-7611d9608923,SAMMS-Wilson
202609041613555458,202609041543374088,202609041543373975,85,3910,Bronze INV,br_ReAssessmentPhysicalHealth,TASK_COMPLETE,SUCCESS,INFO,35,35,0,,2026-09-04T15:43:48.314Z,2026-09-04T16:13:58.818Z,1810,2026-09-04T16:13:58.818Z,AHK,Ahoskie,66e9e433-72b0-4c30-b0ea-7611d9608923,SAMMS-Ahoskie
202609041613555459,202609041543374089,202609041543373975,85,3911,Bronze INV,br_ReAssessmentPhysicalHealth,TASK_COMPLETE,SUCCESS,INFO,662,662,0,,2026-09-04T15:43:48.314Z,2026-09-04T16:13:58.818Z,1810,2026-09-04T16:13:58.818Z,B12B,Colorado Springs,66e9e433-72b0-4c30-b0ea-7611d9608923,SAMMS-ColoradoSpringsV5
202609041613555460,202609041543374090,202609041543373975,85,3912,Bronze INV,br_ReAssessmentPhysicalHealth,TASK_COMPLETE,SUCCESS,INFO,835,835,0,,2026-09-04T15:43:48.314Z,2026-09-04T16:13:58.818Z,1810,2026-09-04T16:13:58.818Z,B24,Paintsville,66e9e433-72b0-4c30-b0ea-7611d9608923,SAMMS-PaintsvilleV5
202609041613555461,202609041543374091,202609041543373975,85,3913,Bronze INV,br_ReAssessmentPhysicalHealth,TASK_COMPLETE,SUCCESS,INFO,646,646,0,,2026-09-04T15:43:48.314Z,2026-09-04T16:13:58.818Z,1810,2026-09-04T16:13:58.818Z,B25,Pikeville,66e9e433-72b0-4c30-b0ea-7611d9608923,SAMMS-PikevilleV5
202609041613555462,202609041543374092,202609041543373975,85,3914,Bronze INV,br_ReAssessmentPhysicalHealth,TASK_COMPLETE,SUCCESS,INFO,970,970,0,,2026-09-04T15:43:48.314Z,2026-09-04T16:13:58.818Z,1810,2026-09-04T16:13:58.818Z,B26,Hazard,66e9e433-72b0-4c30-b0ea-7611d9608923,SAMMS-HazardV5
202609020838433808,202609020838433807,20260902073656,109,8610,Bronze Lockbox Reference,br_cashflow_lockbox,TASK_FAILED,FAILED,ERROR,0,0,1,"File ''Transactions.xlsx'' not found in Lakehouse Files. Searched paths: [''/lakehouse/default/Files/Alteryx/Daily Cash Flow/Transactions.xlsx'', ''/lakehouse/default/Files/Transactions.xlsx'', ''/Files/Alteryx/Daily Cash Flow/Transactions.xlsx'', ''/Files/Transactions.xlsx'', ''Files/Alteryx/Daily Cash Flow/Transactions.xlsx'', ''Files/Transactions.xlsx'', ''c:/Users/ChetanKumarSyamala/Desktop/BHG/Transactions.xlsx'']",2026-09-02T08:38:43.380Z,2026-09-02T08:38:58.590Z,15,2026-09-02T08:38:58.590Z,,,5c34dd32-79db-4626-b497-8f8aa2079363,
202609021042048453,202609021042048452,20260902104118,129,13685,Azure Sql Python Silver - Claim Denial Prediction,sl_ClaimDenialPredictionV1,TASK_FAILED,FAILED,ERROR,0,0,1,Silver transforms not loaded (missing run_silver_transformations). Ensure slv_to_slv Cells 2–3 ran before Cell 4 `%run nb_azure_sql_python_execute`.,2026-09-02T10:42:04.845Z,2026-09-02T10:42:27.751Z,22,2026-09-02T10:42:27.751Z,,,78a4ffb1-a727-4484-9bb3-a619e88004d4,
202609021058087028,202609021058087027,20260902105707,129,13685,Azure Sql Python Silver - Claim Denial Prediction,sl_ClaimDenialPredictionV1,TASK_FAILED,FAILED,ERROR,0,0,1,Silver transforms not loaded (missing run_silver_transformations). Ensure slv_to_slv Cells 2–3 ran before Cell 4 `%run nb_azure_sql_python_execute`.,2026-09-02T10:58:08.702Z,2026-09-02T10:58:35.627Z,26,2026-09-02T10:58:35.627Z,,,3506b852-499a-468c-8078-080e698457ef,
202609021057130745,202609021057130744,20260902105707,129,13684,Azure Sql Python Silver - 3P Balances,sl_tbl_Third_Party_AR_inDB_Balances,TASK_FAILED,FAILED,ERROR,0,0,1,Silver transforms not loaded (missing run_silver_transformations). Ensure slv_to_slv Cells 2–3 ran before Cell 4 `%run nb_azure_sql_python_execute`.,2026-09-02T10:57:13.074Z,2026-09-02T10:57:37.512Z,24,2026-09-02T10:57:37.512Z,,,3506b852-499a-468c-8078-080e698457ef,
202609021041239146,202609021041239145,20260902104118,129,13684,Azure Sql Python Silver - 3P Balances,sl_tbl_Third_Party_AR_inDB_Balances,TASK_FAILED,FAILED,ERROR,0,0,1,Silver transforms not loaded (missing run_silver_transformations). Ensure slv_to_slv Cells 2–3 ran before Cell 4 `%run nb_azure_sql_python_execute`.,2026-09-02T10:41:23.914Z,2026-09-02T10:41:48.473Z,24,2026-09-02T10:41:48.473Z,,,78a4ffb1-a727-4484-9bb3-a619e88004d4,
202609021356456572,202609021356456571,20260902135415,129,13685,Azure Sql Python Silver - Claim Denial Prediction,sl_ClaimDenialPredictionV1,TASK_FAILED,FAILED,ERROR,296584,0,296584,"[SCHEMA_NOT_FOUND] The schema `default.BHG-DATA-PLATFORM-CORE-DEV.bhg_silver.__INVALID_SCHEMA__` cannot be found. Verify the spelling and correctness of the schema and catalog. If you did not qualify the name with a catalog, verify the current_schema() output, or qualify the name with the correct catalog. To tolerate the error on drop use DROP SCHEMA IF EXISTS.",2026-09-02T13:56:45.657Z,2026-09-02T13:58:10.347Z,84,2026-09-02T13:58:10.347Z,,,45419c76-388a-4885-8a6e-e1a255f50e99,
202608311947564753,202608311932535224,202608311932535132,76,144480,PPA Bronze,br_SF_PatientPreAdmission,TASK_COMPLETE,FAILED,ERROR,0,0,1,PPA Bronze copy failed or did not write rows for this site/run.,2026-08-31T19:33:39.510Z,2026-08-31T19:48:39.032Z,900,2026-08-31T19:48:39.032Z,TTCC,GrandBay,cfdfdc3e-feee-431f-b7ae-4c79340592fa,SAMMS-GrandBay
202608311947564754,202608311932535225,202608311932535132,76,144481,PPA Bronze,br_SF_PatientPreAdmission,TASK_COMPLETE,FAILED,ERROR,0,0,1,PPA Bronze copy failed or did not write rows for this site/run.,2026-08-31T19:33:39.510Z,2026-08-31T19:48:39.032Z,900,2026-08-31T19:48:39.032Z,TU,Tucson,cfdfdc3e-feee-431f-b7ae-4c79340592fa,SAMMS-Tucson
202608311947564755,202608311932535226,202608311932535132,76,144482,PPA Bronze,br_SF_PatientPreAdmission,TASK_COMPLETE,FAILED,ERROR,0,0,1,PPA Bronze copy failed or did not write rows for this site/run.,2026-08-31T19:33:39.510Z,2026-08-31T19:48:39.032Z,900,2026-08-31T19:48:39.032Z,V1,VCPHCS-I-Memphis,cfdfdc3e-feee-431f-b7ae-4c79340592fa,SAMMS-VCPHCS-I-MemphisV5
202608311947564756,202608311932535227,202608311932535132,76,144483,PPA Bronze,br_SF_PatientPreAdmission,TASK_COMPLETE,FAILED,ERROR,0,0,1,PPA Bronze copy failed or did not write rows for this site/run.,2026-08-31T19:33:39.510Z,2026-08-31T19:48:39.032Z,900,2026-08-31T19:48:39.032Z,V10,Boulder,cfdfdc3e-feee-431f-b7ae-4c79340592fa,SAMMS-BoulderV5
202608311947564758,202608311932535228,202608311932535132,76,144484,PPA Bronze,br_SF_PatientPreAdmission,TASK_COMPLETE,FAILED,ERROR,0,0,1,PPA Bronze copy failed or did not write rows for this site/run.,2026-08-31T19:33:39.510Z,2026-08-31T19:48:39.032Z,900,2026-08-31T19:48:39.032Z,V10A,FortCollins,cfdfdc3e-feee-431f-b7ae-4c79340592fa,SAMMS-FortCollinsV5
202608311947564759,202608311932535229,202608311932535132,76,144485,PPA Bronze,br_SF_PatientPreAdmission,TASK_COMPLETE,FAILED,ERROR,0,0,1,PPA Bronze copy failed or did not write rows for this site/run.,2026-08-31T19:33:39.510Z,2026-08-31T19:48:39.032Z,900,2026-08-31T19:48:39.032Z,V11,VCPHCS-XI-NorthDenver,cfdfdc3e-feee-431f-b7ae-4c79340592fa,SAMMS-VCPHCS-XI-NorthDenverV5
202608311947564761,202608311932535230,202608311932535132,76,144486,PPA Bronze,br_SF_PatientPreAdmission,TASK_COMPLETE,FAILED,ERROR,0,0,1,PPA Bronze copy failed or did not write rows for this site/run.,2026-08-31T19:33:39.510Z,2026-08-31T19:48:39.032Z,900,2026-08-31T19:48:39.032Z,V12,VCPHCS-XII-DowntownDenver,cfdfdc3e-feee-431f-b7ae-4c79340592fa,SAMMS-VCPHCS-XII-DowntownDenverV5
202609010633226196,202609010633226195,20260831113956,109,8611,Bronze Text Input,br_cashflow_textinput,TASK_FAILED,FAILED,ERROR,0,0,1,"File ''Text Input123.csv'' not found in Lakehouse Files. Searched paths: [''/lakehouse/default/Files/Alteryx/Daily Cash Flow/Text Input123.csv'', ''/lakehouse/default/Files/Text Input123.csv'', ''/Files/Alteryx/Daily Cash Flow/Text Input123.csv'', ''/Files/Text Input123.csv'', ''Files/Alteryx/Daily Cash Flow/Text Input123.csv'', ''Files/Text Input123.csv'', ''c:/Users/ChetanKumarSyamala/Desktop/BHG/Text Input123.csv'']",2026-09-01T06:33:22.619Z,2026-09-01T06:33:38.701Z,16,2026-09-01T06:33:38.701Z,,,dd39e0f0-8c11-409c-baf1-c1eb0bc831e6,
202609020858252007,202609020858252006,20260902085738,129,13685,Azure Sql Python Silver - Claim Denial Prediction,sl_ClaimDenialPredictionV1,TASK_FAILED,FAILED,ERROR,0,0,1,Silver transforms not loaded (missing run_silver_transformations). Pipeline activity must be nb_azure_sql_python_slv_to_slv — not execute alone.,2026-09-02T08:58:25.200Z,2026-09-02T08:58:47.350Z,22,2026-09-02T08:58:47.350Z,,,1a271d40-e925-4513-b84c-2f60ddb77cc5,
202608311947564771,202608311932535238,202608311932535132,76,144494,PPA Bronze,br_SF_PatientPreAdmission,TASK_COMPLETE,FAILED,ERROR,0,0,1,PPA Bronze copy failed or did not write rows for this site/run.,2026-08-31T19:33:39.510Z,2026-08-31T19:48:39.032Z,900,2026-08-31T19:48:39.032Z,V5,NONTC,cfdfdc3e-feee-431f-b7ae-4c79340592fa,SAMMS-NONTCv5
202608311947564772,202608311932535239,202608311932535132,76,144495,PPA Bronze,br_SF_PatientPreAdmission,TASK_COMPLETE,FAILED,ERROR,0,0,1,PPA Bronze copy failed or did not write rows for this site/run.,2026-08-31T19:33:39.510Z,2026-08-31T19:48:39.032Z,900,2026-08-31T19:48:39.032Z,V5B,Houma,cfdfdc3e-feee-431f-b7ae-4c79340592fa,SAMMS-HoumaV6
202608311947564773,202608311932535240,202608311932535132,76,144496,PPA Bronze,br_SF_PatientPreAdmission,TASK_COMPLETE,FAILED,ERROR,0,0,1,PPA Bronze copy failed or did not write rows for this site/run.,2026-08-31T19:33:39.510Z,2026-08-31T19:48:39.032Z,900,2026-08-31T19:48:39.032Z,V6,LC,cfdfdc3e-feee-431f-b7ae-4c79340592fa,SAMMS-LCv5
202608311947564774,202608311932535241,202608311932535132,76,144497,PPA Bronze,br_SF_PatientPreAdmission,TASK_COMPLETE,FAILED,ERROR,0,0,1,PPA Bronze copy failed or did not write rows for this site/run.,2026-08-31T19:33:39.510Z,2026-08-31T19:48:39.032Z,900,2026-08-31T19:48:39.032Z,V8,VCPHCS-VIII-Memphis,cfdfdc3e-feee-431f-b7ae-4c79340592fa,SAMMS-VCPHCS-VIII-MemphisV5
202608311947564776,202608311932535242,202608311932535132,76,144498,PPA Bronze,br_SF_PatientPreAdmission,TASK_COMPLETE,FAILED,ERROR,0,0,1,PPA Bronze copy failed or did not write rows for this site/run.,2026-08-31T19:33:39.510Z,2026-08-31T19:48:39.032Z,900,2026-08-31T19:48:39.032Z,V9,Nashville,cfdfdc3e-feee-431f-b7ae-4c79340592fa,SAMMS-NashvilleV5
202608311947564777,202608311932535243,202608311932535132,76,144499,PPA Bronze,br_SF_PatientPreAdmission,TASK_COMPLETE,FAILED,ERROR,0,0,1,PPA Bronze copy failed or did not write rows for this site/run.,2026-08-31T19:33:39.510Z,2026-08-31T19:48:39.032Z,900,2026-08-31T19:48:39.032Z,VBRA,Brainerd,cfdfdc3e-feee-431f-b7ae-4c79340592fa,SAMMS-BrainerdV6
202608311947564778,202608311932535244,202608311932535132,76,144500,PPA Bronze,br_SF_PatientPreAdmission,TASK_COMPLETE,FAILED,ERROR,0,0,1,PPA Bronze copy failed or did not write rows for this site/run.,2026-08-31T19:33:39.510Z,2026-08-31T19:48:39.032Z,900,2026-08-31T19:48:39.032Z,VBRP,BrooklynPark,cfdfdc3e-feee-431f-b7ae-4c79340592fa,SAMMS-BrooklynParkV6
202608311947564779,202608311932535245,202608311932535132,76,144501,PPA Bronze,br_SF_PatientPreAdmission,TASK_COMPLETE,FAILED,ERROR,0,0,1,PPA Bronze copy failed or did not write rows for this site/run.,2026-08-31T19:33:39.510Z,2026-08-31T19:48:39.032Z,900,2026-08-31T19:48:39.032Z,VMIN,Minneapolis,cfdfdc3e-feee-431f-b7ae-4c79340592fa,SAMMS-MinneapolisV6
202608311947564781,202608311932535246,202608311932535132,76,144502,PPA Bronze,br_SF_PatientPreAdmission,TASK_COMPLETE,FAILED,ERROR,0,0,1,PPA Bronze copy failed or did not write rows for this site/run.,2026-08-31T19:33:39.510Z,2026-08-31T19:48:39.032Z,900,2026-08-31T19:48:39.032Z,VWBY,Woodbury,cfdfdc3e-feee-431f-b7ae-4c79340592fa,SAMMS-WoodburyV6
202608311947564782,202608311932535247,202608311932535132,76,144503,PPA Bronze,br_SF_PatientPreAdmission,TASK_COMPLETE,FAILED,ERROR,0,0,1,PPA Bronze copy failed or did not write rows for this site/run.,2026-08-31T19:33:39.510Z,2026-08-31T19:48:39.032Z,900,2026-08-31T19:48:39.032Z,WIL,Wilson,cfdfdc3e-feee-431f-b7ae-4c79340592fa,SAMMS-Wilson
202609020857438223,202609020857438222,20260902085738,129,13684,Azure Sql Python Silver - 3P Balances,sl_tbl_Third_Party_AR_inDB_Balances,TASK_FAILED,FAILED,ERROR,0,0,1,Silver transforms not loaded (missing run_silver_transformations). Pipeline activity must be nb_azure_sql_python_slv_to_slv — not execute alone.,2026-09-02T08:57:43.822Z,2026-09-02T08:58:08.146Z,24,2026-09-02T08:58:08.146Z,,,1a271d40-e925-4513-b84c-2f60ddb77cc5,
202608280928567507,202608280928567507,202608211048467468,84,13675,Gold Salesforce PatientLeads,PatientLeads,TASK_ALREADY_COMPLETED,ALREADY_COMPLETED,INFO,0,0,0,Already succeeded in previous attempt,2026-08-28T09:29:01.174Z,2026-08-28T09:29:01.174Z,0,2026-08-28T09:29:01.174Z,,,7c51a91c-e88d-46eb-a3be-ecfc42fdd41e,
202608280930078437,202608280930078437,202608211048467468,84,6811,Gold Salesforce OutboundSMS,OutboundSMS,TASK_ALREADY_COMPLETED,ALREADY_COMPLETED,INFO,0,0,0,Already succeeded in previous attempt,2026-08-28T09:30:12.233Z,2026-08-28T09:30:12.233Z,0,2026-08-28T09:30:12.233Z,,,7c51a91c-e88d-46eb-a3be-ecfc42fdd41e,
202608280925224640,202608280925224640,202608211048467468,84,220,Gold Salesforce StgContacts,stgContacts,TASK_ALREADY_COMPLETED,ALREADY_COMPLETED,INFO,0,0,0,Already succeeded in previous attempt,2026-08-28T09:25:27.240Z,2026-08-28T09:25:27.240Z,0,2026-08-28T09:25:27.240Z,,,7c51a91c-e88d-46eb-a3be-ecfc42fdd41e,
202608280924299307,202608280924299306,202608211048467468,84,217,Gold Salesforce RecordTypes,RecordType,TASK_ALREADY_COMPLETED,ALREADY_COMPLETED,INFO,0,0,0,Already succeeded in previous attempt,2026-08-28T09:24:34.703Z,2026-08-28T09:24:34.703Z,0,2026-08-28T09:24:34.703Z,,,7c51a91c-e88d-46eb-a3be-ecfc42fdd41e,
202608280926109806,202608280926109806,202608211048467468,84,223,Gold Salesforce StgEvents,stgEvents,TASK_ALREADY_COMPLETED,ALREADY_COMPLETED,INFO,0,0,0,Already succeeded in previous attempt,2026-08-28T09:26:15.628Z,2026-08-28T09:26:15.628Z,0,2026-08-28T09:26:15.628Z,,,7c51a91c-e88d-46eb-a3be-ecfc42fdd41e,
202608280925527855,202608280925527855,202608211048467468,84,222,Gold Salesforce StgLeads,stgLeads,TASK_ALREADY_COMPLETED,ALREADY_COMPLETED,INFO,0,0,0,Already succeeded in previous attempt,2026-08-28T09:25:57.633Z,2026-08-28T09:25:57.633Z,0,2026-08-28T09:25:57.633Z,,,7c51a91c-e88d-46eb-a3be-ecfc42fdd41e,
202608280926596104,202608280926596104,202608211048467468,84,225,Gold Salesforce Contacts,Contacts,TASK_ALREADY_COMPLETED,ALREADY_COMPLETED,INFO,0,0,0,Already succeeded in previous attempt,2026-08-28T09:27:04.231Z,2026-08-28T09:27:04.231Z,0,2026-08-28T09:27:04.231Z,,,7c51a91c-e88d-46eb-a3be-ecfc42fdd41e,
202608280925372749,202608280925372749,202608211048467468,84,221,Gold Salesforce StgCases,stgCases,TASK_ALREADY_COMPLETED,ALREADY_COMPLETED,INFO,0,0,0,Already succeeded in previous attempt,2026-08-28T09:25:42.067Z,2026-08-28T09:25:42.067Z,0,2026-08-28T09:25:42.067Z,,,7c51a91c-e88d-46eb-a3be-ecfc42fdd41e,
202608280924149336,202608280924149336,202608211048467468,84,216,Gold Salesforce Accounts,Accounts,TASK_ALREADY_COMPLETED,ALREADY_COMPLETED,INFO,0,0,0,Already succeeded in previous attempt,2026-08-28T09:24:19.309Z,2026-08-28T09:24:19.309Z,0,2026-08-28T09:24:19.309Z,,,7c51a91c-e88d-46eb-a3be-ecfc42fdd41e,
202608280925070992,202608280925070992,202608211048467468,84,219,Gold Salesforce StgTasks,stgTask,TASK_ALREADY_COMPLETED,ALREADY_COMPLETED,INFO,0,0,0,Already succeeded in previous attempt,2026-08-28T09:25:11.794Z,2026-08-28T09:25:11.794Z,0,2026-08-28T09:25:11.794Z,,,7c51a91c-e88d-46eb-a3be-ecfc42fdd41e,
202608280929166271,202608280929166271,202608211048467468,84,230,Gold Salesforce Events,Events,TASK_ALREADY_COMPLETED,ALREADY_COMPLETED,INFO,0,0,0,Already succeeded in previous attempt,2026-08-28T09:29:21.308Z,2026-08-28T09:29:21.308Z,0,2026-08-28T09:29:21.308Z,,,7c51a91c-e88d-46eb-a3be-ecfc42fdd41e,
202608280927517373,202608280927517373,202608211048467468,84,13673,Gold Salesforce Cases,Cases,TASK_ALREADY_COMPLETED,ALREADY_COMPLETED,INFO,0,0,0,Already succeeded in previous attempt,2026-08-28T09:27:56.593Z,2026-08-28T09:27:56.593Z,0,2026-08-28T09:27:56.593Z,,,7c51a91c-e88d-46eb-a3be-ecfc42fdd41e,
202608280924464340,202608280924464339,202608211048467468,84,218,Gold Salesforce Users,Users,TASK_ALREADY_COMPLETED,ALREADY_COMPLETED,INFO,0,0,0,Already succeeded in previous attempt,2026-08-28T09:24:54.813Z,2026-08-28T09:24:54.813Z,0,2026-08-28T09:24:54.813Z,,,7c51a91c-e88d-46eb-a3be-ecfc42fdd41e,
202608280926257459,202608280926257459,202608211048467468,84,224,Gold Salesforce Tasks,Tasks,TASK_ALREADY_COMPLETED,ALREADY_COMPLETED,INFO,0,0,0,Already succeeded in previous attempt,2026-08-28T09:26:30.269Z,2026-08-28T09:26:30.269Z,0,2026-08-28T09:26:30.269Z,,,7c51a91c-e88d-46eb-a3be-ecfc42fdd41e,
202608280908226064,202608280908226064,202608280903032652,82,6805,Salesforce Patient Survey Responses,br_sf_patient_survey_responses,TASK_COMPLETE,SUCCESS,INFO,242,242,0,,2026-08-28T09:08:28.798Z,2026-08-28T09:08:44.977Z,14,2026-08-28T09:08:44.977Z,,,7c51a91c-e88d-46eb-a3be-ecfc42fdd41e,
202608311947564762,202608311932535231,202608311932535132,76,144487,PPA Bronze,br_SF_PatientPreAdmission,TASK_COMPLETE,FAILED,ERROR,0,0,1,PPA Bronze copy failed or did not write rows for this site/run.,2026-08-31T19:33:39.510Z,2026-08-31T19:48:39.032Z,900,2026-08-31T19:48:39.032Z,V12A,Centennial,cfdfdc3e-feee-431f-b7ae-4c79340592fa,SAMMS-CentennialV5
202608311947564763,202608311932535232,202608311932535132,76,144488,PPA Bronze,br_SF_PatientPreAdmission,TASK_COMPLETE,FAILED,ERROR,0,0,1,PPA Bronze copy failed or did not write rows for this site/run.,2026-08-31T19:33:39.510Z,2026-08-31T19:48:39.032Z,900,2026-08-31T19:48:39.032Z,V14,VCPHCS-XIV-Bridgeway,cfdfdc3e-feee-431f-b7ae-4c79340592fa,SAMMS-VCPHCS-XIV-BridgewayV5
202608311947564764,202608311932535233,202608311932535132,76,144489,PPA Bronze,br_SF_PatientPreAdmission,TASK_COMPLETE,FAILED,ERROR,0,0,1,PPA Bronze copy failed or did not write rows for this site/run.,2026-08-31T19:33:39.510Z,2026-08-31T19:48:39.032Z,900,2026-08-31T19:48:39.032Z,V15,Joplin,cfdfdc3e-feee-431f-b7ae-4c79340592fa,SAMMS-JoplinV5
202608311947564766,202608311932535234,202608311932535132,76,144490,PPA Bronze,br_SF_PatientPreAdmission,TASK_COMPLETE,FAILED,ERROR,0,0,1,PPA Bronze copy failed or did not write rows for this site/run.,2026-08-31T19:33:39.510Z,2026-08-31T19:48:39.032Z,900,2026-08-31T19:48:39.032Z,V17,ColumbiaTN,cfdfdc3e-feee-431f-b7ae-4c79340592fa,SAMMS-ColumbiaTNv5
202608311947564767,202608311932535235,202608311932535132,76,144491,PPA Bronze,br_SF_PatientPreAdmission,TASK_COMPLETE,FAILED,ERROR,0,0,1,PPA Bronze copy failed or did not write rows for this site/run.,2026-08-31T19:33:39.510Z,2026-08-31T19:48:39.032Z,900,2026-08-31T19:48:39.032Z,V19,Jackson,cfdfdc3e-feee-431f-b7ae-4c79340592fa,SAMMS-JacksonV5
202608311947564768,202608311932535236,202608311932535132,76,144492,PPA Bronze,br_SF_PatientPreAdmission,TASK_COMPLETE,FAILED,ERROR,0,0,1,PPA Bronze copy failed or did not write rows for this site/run.,2026-08-31T19:33:39.510Z,2026-08-31T19:48:39.032Z,900,2026-08-31T19:48:39.032Z,V20,Paris,cfdfdc3e-feee-431f-b7ae-4c79340592fa,SAMMS-ParisV5
202608311947564769,202608311932535237,202608311932535132,76,144493,PPA Bronze,br_SF_PatientPreAdmission,TASK_COMPLETE,FAILED,ERROR,0,0,1,PPA Bronze copy failed or did not write rows for this site/run.,2026-08-31T19:33:39.510Z,2026-08-31T19:48:39.032Z,900,2026-08-31T19:48:39.032Z,V21,Raleigh,cfdfdc3e-feee-431f-b7ae-4c79340592fa,SAMMS-RaleighV5
202609021019367260,202609021019367259,20260902101853,129,13685,Azure Sql Python Silver - Claim Denial Prediction,sl_ClaimDenialPredictionV1,TASK_FAILED,FAILED,ERROR,0,0,1,Silver transforms not loaded. Republish nb_azure_sql_python_execute Republish nb_azure_sql_python_execute from local repo (transforms inlined).,2026-09-02T10:19:36.725Z,2026-09-02T10:19:58.822Z,22,2026-09-02T10:19:58.822Z,,,24cb0943-51a7-4a50-ab37-5fffed8584c8,
202609021018584724,202609021018584723,20260902101853,129,13684,Azure Sql Python Silver - 3P Balances,sl_tbl_Third_Party_AR_inDB_Balances,TASK_FAILED,FAILED,ERROR,0,0,1,Silver transforms not loaded. Republish nb_azure_sql_python_execute Republish nb_azure_sql_python_execute from local repo (transforms inlined).,2026-09-02T10:18:58.472Z,2026-09-02T10:19:20.340Z,21,2026-09-02T10:19:20.340Z,,,24cb0943-51a7-4a50-ab37-5fffed8584c8,
202609071019548411,202609071019548410,20260904113454,129,13685,Azure Sql Python Silver - Claim Denial Prediction,sl_ClaimDenialPredictionV1,TASK_FAILED,FAILED,ERROR,296584,0,296584,"[SCHEMA_NOT_FOUND] The schema `default.BHG-DATA-PLATFORM-CORE-DEV.bhg_silver.pads` cannot be found. Verify the spelling and correctness of the schema and catalog. If you did not qualify the name with a catalog, verify the current_schema() output, or qualify the name with the correct catalog. To tolerate the error on drop use DROP SCHEMA IF EXISTS.",2026-09-07T10:19:54.841Z,2026-09-07T10:21:32.621Z,97,2026-09-07T10:21:32.621Z,,,59e851e0-897f-4c3c-ab10-d7c44d4ebdc4,
202609012027137047,202609012027137047,20260831063255,136,13742,Silver CallBackList,sl_tbl_callcenter_callbacklist,TASK_FAILED,FAILED,ERROR,0,0,0,An error occurred while calling o7868.synapsesql. : com.microsoft.spark.fabric.tds.error.FabricSparkTDSInternalError: Failed to lookup datamart by name pats,2026-09-01T20:27:18.807Z,2026-09-01T20:27:35.710Z,15,2026-09-01T20:27:35.710Z,,,ab5acaf7-1ed7-4eac-85dd-5de9db0e1a11,
202608311947564700,202608311932535182,202608311932535132,76,144437,PPA Bronze,br_SF_PatientPreAdmission,TASK_COMPLETE,FAILED,ERROR,0,0,1,PPA Bronze copy failed or did not write rows for this site/run.,2026-08-31T19:33:39.510Z,2026-08-31T19:48:39.032Z,900,2026-08-31T19:48:39.032Z,D08,Madison,cfdfdc3e-feee-431f-b7ae-4c79340592fa,SAMMS-MadisonV6
202608311947564701,202608311932535183,202608311932535132,76,144438,PPA Bronze,br_SF_PatientPreAdmission,TASK_COMPLETE,FAILED,ERROR,0,0,1,PPA Bronze copy failed or did not write rows for this site/run.,2026-08-31T19:33:39.510Z,2026-08-31T19:48:39.032Z,900,2026-08-31T19:48:39.032Z,D09,Murfreesboro,cfdfdc3e-feee-431f-b7ae-4c79340592fa,SAMMS-MurfreesboroV6
202608311947564703,202608311932535184,202608311932535132,76,144439,PPA Bronze,br_SF_PatientPreAdmission,TASK_COMPLETE,FAILED,ERROR,0,0,1,PPA Bronze copy failed or did not write rows for this site/run.,2026-08-31T19:33:39.510Z,2026-08-31T19:48:39.032Z,900,2026-08-31T19:48:39.032Z,DA,Davenport,cfdfdc3e-feee-431f-b7ae-4c79340592fa,SAMMS-Davenport
202608311947564704,202608311932535185,202608311932535132,76,144440,PPA Bronze,br_SF_PatientPreAdmission,TASK_COMPLETE,FAILED,ERROR,0,0,1,PPA Bronze copy failed or did not write rows for this site/run.,2026-08-31T19:33:39.510Z,2026-08-31T19:48:39.032Z,900,2026-08-31T19:48:39.032Z,DM,DesMoines,cfdfdc3e-feee-431f-b7ae-4c79340592fa,SAMMS-DesMoines
202608311947564705,202608311932535186,202608311932535132,76,144441,PPA Bronze,br_SF_PatientPreAdmission,TASK_COMPLETE,FAILED,ERROR,0,0,1,PPA Bronze copy failed or did not write rows for this site/run.,2026-08-31T19:33:39.510Z,2026-08-31T19:48:39.032Z,900,2026-08-31T19:48:39.032Z,DRD-CO,Columbia,cfdfdc3e-feee-431f-b7ae-4c79340592fa,SAMMS-ColumbiaV5
202608311947564706,202608311932535187,202608311932535132,76,144442,PPA Bronze,br_SF_PatientPreAdmission,TASK_COMPLETE,FAILED,ERROR,0,0,1,PPA Bronze copy failed or did not write rows for this site/run.,2026-08-31T19:33:39.510Z,2026-08-31T19:48:39.032Z,900,2026-08-31T19:48:39.032Z,DRD-KC,KC,cfdfdc3e-feee-431f-b7ae-4c79340592fa,SAMMS-KCv5
202608311947564708,202608311932535188,202608311932535132,76,144443,PPA Bronze,br_SF_PatientPreAdmission,TASK_COMPLETE,FAILED,ERROR,0,0,1,PPA Bronze copy failed or did not write rows for this site/run.,2026-08-31T19:33:39.510Z,2026-08-31T19:48:39.032Z,900,2026-08-31T19:48:39.032Z,DRD-KVB,KVB,cfdfdc3e-feee-431f-b7ae-4c79340592fa,SAMMS-KVBv5
202608311947564658,202608311932535147,202608311932535132,76,144402,PPA Bronze,br_SF_PatientPreAdmission,TASK_COMPLETE,FAILED,ERROR,0,0,1,PPA Bronze copy failed or did not write rows for this site/run.,2026-08-31T19:33:39.510Z,2026-08-31T19:48:39.032Z,900,2026-08-31T19:48:39.032Z,B36,Asheville,cfdfdc3e-feee-431f-b7ae-4c79340592fa,SAMMS-AshevilleV5
202608311947564659,202608311932535148,202608311932535132,76,144403,PPA Bronze,br_SF_PatientPreAdmission,TASK_COMPLETE,FAILED,ERROR,0,0,1,PPA Bronze copy failed or did not write rows for this site/run.,2026-08-31T19:33:39.510Z,2026-08-31T19:48:39.032Z,900,2026-08-31T19:48:39.032Z,B37,Clyde,cfdfdc3e-feee-431f-b7ae-4c79340592fa,SAMMS-ClydeV5
202608311947564660,202608311932535149,202608311932535132,76,144404,PPA Bronze,br_SF_PatientPreAdmission,TASK_COMPLETE,FAILED,ERROR,0,0,1,PPA Bronze copy failed or did not write rows for this site/run.,2026-08-31T19:33:39.510Z,2026-08-31T19:48:39.032Z,900,2026-08-31T19:48:39.032Z,B38,Spartanburg,cfdfdc3e-feee-431f-b7ae-4c79340592fa,SAMMS-SpartanburgV5
202608311947564661,202608311932535150,202608311932535132,76,144405,PPA Bronze,br_SF_PatientPreAdmission,TASK_COMPLETE,FAILED,ERROR,0,0,1,PPA Bronze copy failed or did not write rows for this site/run.,2026-08-31T19:33:39.510Z,2026-08-31T19:48:39.032Z,900,2026-08-31T19:48:39.032Z,B39,Aiken,cfdfdc3e-feee-431f-b7ae-4c79340592fa,SAMMS-AikenV5
202608311947564663,202608311932535151,202608311932535132,76,144406,PPA Bronze,br_SF_PatientPreAdmission,TASK_COMPLETE,FAILED,ERROR,0,0,1,PPA Bronze copy failed or did not write rows for this site/run.,2026-08-31T19:33:39.510Z,2026-08-31T19:48:39.032Z,900,2026-08-31T19:48:39.032Z,B41,Chesapeake,cfdfdc3e-feee-431f-b7ae-4c79340592fa,SAMMS-ChesapeakeV5
202608311947564664,202608311932535152,202608311932535132,76,144407,PPA Bronze,br_SF_PatientPreAdmission,TASK_COMPLETE,FAILED,ERROR,0,0,1,PPA Bronze copy failed or did not write rows for this site/run.,2026-08-31T19:33:39.510Z,2026-08-31T19:48:39.032Z,900,2026-08-31T19:48:39.032Z,B42,VirginiaBeach,cfdfdc3e-feee-431f-b7ae-4c79340592fa,SAMMS-VirginiaBeachV5
202608311947564665,202608311932535153,202608311932535132,76,144408,PPA Bronze,br_SF_PatientPreAdmission,TASK_COMPLETE,FAILED,ERROR,0,0,1,PPA Bronze copy failed or did not write rows for this site/run.,2026-08-31T19:33:39.510Z,2026-08-31T19:48:39.032Z,900,2026-08-31T19:48:39.032Z,B42A,NewportNews,cfdfdc3e-feee-431f-b7ae-4c79340592fa,SAMMS-NewportNewsV5
202608311947564666,202608311932535154,202608311932535132,76,144409,PPA Bronze,br_SF_PatientPreAdmission,TASK_COMPLETE,FAILED,ERROR,0,0,1,PPA Bronze copy failed or did not write rows for this site/run.,2026-08-31T19:33:39.510Z,2026-08-31T19:48:39.032Z,900,2026-08-31T19:48:39.032Z,B42B,Franklin,cfdfdc3e-feee-431f-b7ae-4c79340592fa,SAMMS-FranklinV5
202608311947564668,202608311932535155,202608311932535132,76,144410,PPA Bronze,br_SF_PatientPreAdmission,TASK_COMPLETE,FAILED,ERROR,0,0,1,PPA Bronze copy failed or did not write rows for this site/run.,2026-08-31T19:33:39.510Z,2026-08-31T19:48:39.032Z,900,2026-08-31T19:48:39.032Z,B42C,GlenAllen,cfdfdc3e-feee-431f-b7ae-4c79340592fa,SAMMS-GlenAllenV5
202608311947564669,202608311932535156,202608311932535132,76,144411,PPA Bronze,br_SF_PatientPreAdmission,TASK_COMPLETE,FAILED,ERROR,0,0,1,PPA Bronze copy failed or did not write rows for this site/run.,2026-08-31T19:33:39.510Z,2026-08-31T19:48:39.032Z,900,2026-08-31T19:48:39.032Z,B42D,ChesapeakeSouth,cfdfdc3e-feee-431f-b7ae-4c79340592fa,SAMMS-ChesapeakeSouthV5
202608311947564670,202608311932535157,202608311932535132,76,144412,PPA Bronze,br_SF_PatientPreAdmission,TASK_COMPLETE,FAILED,ERROR,0,0,1,PPA Bronze copy failed or did not write rows for this site/run.,2026-08-31T19:33:39.510Z,2026-08-31T19:48:39.032Z,900,2026-08-31T19:48:39.032Z,B44,Albany,cfdfdc3e-feee-431f-b7ae-4c79340592fa,SAMMS-AlbanyV5
202608311947564671,202608311932535158,202608311932535132,76,144413,PPA Bronze,br_SF_PatientPreAdmission,TASK_COMPLETE,FAILED,ERROR,0,0,1,PPA Bronze copy failed or did not write rows for this site/run.,2026-08-31T19:33:39.510Z,2026-08-31T19:48:39.032Z,900,2026-08-31T19:48:39.032Z,B45,Tifton,cfdfdc3e-feee-431f-b7ae-4c79340592fa,SAMMS-TiftonV5
202608311947564673,202608311932535159,202608311932535132,76,144414,PPA Bronze,br_SF_PatientPreAdmission,TASK_COMPLETE,FAILED,ERROR,0,0,1,PPA Bronze copy failed or did not write rows for this site/run.,2026-08-31T19:33:39.510Z,2026-08-31T19:48:39.032Z,900,2026-08-31T19:48:39.032Z,B46,WashingtonDC,cfdfdc3e-feee-431f-b7ae-4c79340592fa,SAMMS-WashingtonDCv5
202608311947564674,202608311932535160,202608311932535132,76,144415,PPA Bronze,br_SF_PatientPreAdmission,TASK_COMPLETE,FAILED,ERROR,0,0,1,PPA Bronze copy failed or did not write rows for this site/run.,2026-08-31T19:33:39.510Z,2026-08-31T19:48:39.032Z,900,2026-08-31T19:48:39.032Z,B47,Mobile,cfdfdc3e-feee-431f-b7ae-4c79340592fa,SAMMS-MobileV5
202608311947564639,202608311932535133,202608311932535132,76,144388,PPA Bronze,br_SF_PatientPreAdmission,TASK_COMPLETE,FAILED,ERROR,0,0,1,PPA Bronze copy failed or did not write rows for this site/run.,2026-08-31T19:33:39.510Z,2026-08-31T19:48:39.032Z,900,2026-08-31T19:48:39.032Z,AHK,Ahoskie,cfdfdc3e-feee-431f-b7ae-4c79340592fa,SAMMS-Ahoskie
202608311947564641,202608311932535134,202608311932535132,76,144389,PPA Bronze,br_SF_PatientPreAdmission,TASK_COMPLETE,FAILED,ERROR,0,0,1,PPA Bronze copy failed or did not write rows for this site/run.,2026-08-31T19:33:39.510Z,2026-08-31T19:48:39.032Z,900,2026-08-31T19:48:39.032Z,B12B,ColoradoSprings,cfdfdc3e-feee-431f-b7ae-4c79340592fa,SAMMS-ColoradoSpringsV5
202608311947564642,202608311932535135,202608311932535132,76,144390,PPA Bronze,br_SF_PatientPreAdmission,TASK_COMPLETE,FAILED,ERROR,0,0,1,PPA Bronze copy failed or did not write rows for this site/run.,2026-08-31T19:33:39.510Z,2026-08-31T19:48:39.032Z,900,2026-08-31T19:48:39.032Z,B24,Paintsville,cfdfdc3e-feee-431f-b7ae-4c79340592fa,SAMMS-PaintsvilleV5
202608311947564643,202608311932535136,202608311932535132,76,144391,PPA Bronze,br_SF_PatientPreAdmission,TASK_COMPLETE,FAILED,ERROR,0,0,1,PPA Bronze copy failed or did not write rows for this site/run.,2026-08-31T19:33:39.510Z,2026-08-31T19:48:39.032Z,900,2026-08-31T19:48:39.032Z,B25,Pikeville,cfdfdc3e-feee-431f-b7ae-4c79340592fa,SAMMS-PikevilleV5
202608311947564644,202608311932535137,202608311932535132,76,144392,PPA Bronze,br_SF_PatientPreAdmission,TASK_COMPLETE,FAILED,ERROR,0,0,1,PPA Bronze copy failed or did not write rows for this site/run.,2026-08-31T19:33:39.510Z,2026-08-31T19:48:39.032Z,900,2026-08-31T19:48:39.032Z,B26,Hazard,cfdfdc3e-feee-431f-b7ae-4c79340592fa,SAMMS-HazardV5
202608311947564646,202608311932535138,202608311932535132,76,144393,PPA Bronze,br_SF_PatientPreAdmission,TASK_COMPLETE,FAILED,ERROR,0,0,1,PPA Bronze copy failed or did not write rows for this site/run.,2026-08-31T19:33:39.510Z,2026-08-31T19:48:39.032Z,900,2026-08-31T19:48:39.032Z,B27,Savannah,cfdfdc3e-feee-431f-b7ae-4c79340592fa,SAMMS-SavannahV6
202608311947564647,202608311932535139,202608311932535132,76,144394,PPA Bronze,br_SF_PatientPreAdmission,TASK_COMPLETE,FAILED,ERROR,0,0,1,PPA Bronze copy failed or did not write rows for this site/run.,2026-08-31T19:33:39.510Z,2026-08-31T19:48:39.032Z,900,2026-08-31T19:48:39.032Z,B28,WestPlaines,cfdfdc3e-feee-431f-b7ae-4c79340592fa,SAMMS-WestPlainesV5
202609030600057824,202609030600057824,20260903054547,4,13677,8x8 Call Detail Legs Bronze,br_8x8_CallDetailLegs,TASK_FAILED,FAILED,ERROR,0,0,0,401 Client Error: Unauthorized for url: https://api.8x8.com/analytics/work/v2/call-legs?limit=1000&startTime=2026-09-02T05:00:00Z&endTime=2026-09-03T04:59:59Z,2026-09-03T06:00:10.507Z,2026-09-03T06:00:38.045Z,25,2026-09-03T06:00:38.045Z,,,1066d6e5-305c-4662-a3fb-18d67007,
202609030549360466,202609030549360466,20260903054547,4,13677,8x8 Call Detail Legs Bronze,br_8x8_CallDetailLegs,TASK_FAILED,FAILED,ERROR,0,0,0,401 Client Error: Unauthorized for url: https://api.8x8.com/analytics/work/v2/call-legs?limit=1000&startTime=2026-09-02T05:00:00Z&endTime=2026-09-03T04:59:59Z,2026-09-03T05:49:43.454Z,2026-09-03T05:50:09.174Z,23,2026-09-03T05:50:09.174Z,,,1066d6e5-305c-4662-a3fb-18d67007,
202608311947564675,202608311932535161,202608311932535132,76,144416,PPA Bronze,br_SF_PatientPreAdmission,TASK_COMPLETE,FAILED,ERROR,0,0,1,PPA Bronze copy failed or did not write rows for this site/run.,2026-08-31T19:33:39.510Z,2026-08-31T19:48:39.032Z,900,2026-08-31T19:48:39.032Z,B48,Tuscaloosa,cfdfdc3e-feee-431f-b7ae-4c79340592fa,SAMMS-TuscaloosaV5
202608311947564676,202608311932535162,202608311932535132,76,144417,PPA Bronze,br_SF_PatientPreAdmission,TASK_COMPLETE,FAILED,ERROR,0,0,1,PPA Bronze copy failed or did not write rows for this site/run.,2026-08-31T19:33:39.510Z,2026-08-31T19:48:39.032Z,900,2026-08-31T19:48:39.032Z,B51,NorthLittleRock,cfdfdc3e-feee-431f-b7ae-4c79340592fa,SAMMS-NorthLittleRockV6
202608311947564677,202608311932535163,202608311932535132,76,144418,PPA Bronze,br_SF_PatientPreAdmission,TASK_COMPLETE,FAILED,ERROR,0,0,1,PPA Bronze copy failed or did not write rows for this site/run.,2026-08-31T19:33:39.510Z,2026-08-31T19:48:39.032Z,900,2026-08-31T19:48:39.032Z,B52,JacksonGA,cfdfdc3e-feee-431f-b7ae-4c79340592fa,SAMMS-JacksonGAV5
202608311947564679,202608311932535164,202608311932535132,76,144419,PPA Bronze,br_SF_PatientPreAdmission,TASK_COMPLETE,FAILED,ERROR,0,0,1,PPA Bronze copy failed or did not write rows for this site/run.,2026-08-31T19:33:39.510Z,2026-08-31T19:48:39.032Z,900,2026-08-31T19:48:39.032Z,B54,Gadsden,cfdfdc3e-feee-431f-b7ae-4c79340592fa,SAMMS-GadsdenV5
202608311947564680,202608311932535165,202608311932535132,76,144420,PPA Bronze,br_SF_PatientPreAdmission,TASK_COMPLETE,FAILED,ERROR,0,0,1,PPA Bronze copy failed or did not write rows for this site/run.,2026-08-31T19:33:39.510Z,2026-08-31T19:48:39.032Z,900,2026-08-31T19:48:39.032Z,B55,Shoals,cfdfdc3e-feee-431f-b7ae-4c79340592fa,SAMMS-ShoalsV5
202608311947564681,202608311932535166,202608311932535132,76,144421,PPA Bronze,br_SF_PatientPreAdmission,TASK_COMPLETE,FAILED,ERROR,0,0,1,PPA Bronze copy failed or did not write rows for this site/run.,2026-08-31T19:33:39.510Z,2026-08-31T19:48:39.032Z,900,2026-08-31T19:48:39.032Z,B57,Pawtucket,cfdfdc3e-feee-431f-b7ae-4c79340592fa,SAMMS-Pawtucket
202608311947564682,202608311932535167,202608311932535132,76,144422,PPA Bronze,br_SF_PatientPreAdmission,TASK_COMPLETE,FAILED,ERROR,0,0,1,PPA Bronze copy failed or did not write rows for this site/run.,2026-08-31T19:33:39.510Z,2026-08-31T19:48:39.032Z,900,2026-08-31T19:48:39.032Z,B57A,Johnston,cfdfdc3e-feee-431f-b7ae-4c79340592fa,SAMMS-Johnston
202608311947564692,202608311932535175,202608311932535132,76,144430,PPA Bronze,br_SF_PatientPreAdmission,TASK_COMPLETE,FAILED,ERROR,0,0,1,PPA Bronze copy failed or did not write rows for this site/run.,2026-08-31T19:33:39.510Z,2026-08-31T19:48:39.032Z,900,2026-08-31T19:48:39.032Z,B76,Huntsville-OBOT,cfdfdc3e-feee-431f-b7ae-4c79340592fa,SAMMS-Huntsville-OBOT
202608311947564693,202608311932535176,202608311932535132,76,144431,PPA Bronze,br_SF_PatientPreAdmission,TASK_COMPLETE,FAILED,ERROR,0,0,1,PPA Bronze copy failed or did not write rows for this site/run.,2026-08-31T19:33:39.510Z,2026-08-31T19:48:39.032Z,900,2026-08-31T19:48:39.032Z,BAT,Batesville,cfdfdc3e-feee-431f-b7ae-4c79340592fa,SAMMS-Batesville
202608311947564694,202608311932535177,202608311932535132,76,144432,PPA Bronze,br_SF_PatientPreAdmission,TASK_COMPLETE,FAILED,ERROR,0,0,1,PPA Bronze copy failed or did not write rows for this site/run.,2026-08-31T19:33:39.510Z,2026-08-31T19:48:39.032Z,900,2026-08-31T19:48:39.032Z,BG,BowlingGreen,cfdfdc3e-feee-431f-b7ae-4c79340592fa,SAMMS-BowlingGreen
202608311947564695,202608311932535178,202608311932535132,76,144433,PPA Bronze,br_SF_PatientPreAdmission,TASK_COMPLETE,FAILED,ERROR,0,0,1,PPA Bronze copy failed or did not write rows for this site/run.,2026-08-31T19:33:39.510Z,2026-08-31T19:48:39.032Z,900,2026-08-31T19:48:39.032Z,BOI,Boise,cfdfdc3e-feee-431f-b7ae-4c79340592fa,SAMMS-Boise
202608311947564696,202608311932535179,202608311932535132,76,144434,PPA Bronze,br_SF_PatientPreAdmission,TASK_COMPLETE,FAILED,ERROR,0,0,1,PPA Bronze copy failed or did not write rows for this site/run.,2026-08-31T19:33:39.510Z,2026-08-31T19:48:39.032Z,900,2026-08-31T19:48:39.032Z,CBCO,CoeurdAlene,cfdfdc3e-feee-431f-b7ae-4c79340592fa,SAMMS-CoeurdAleneV6
202608311947564698,202608311932535180,202608311932535132,76,144435,PPA Bronze,br_SF_PatientPreAdmission,TASK_COMPLETE,FAILED,ERROR,0,0,1,PPA Bronze copy failed or did not write rows for this site/run.,2026-08-31T19:33:39.510Z,2026-08-31T19:48:39.032Z,900,2026-08-31T19:48:39.032Z,CON,Conway,cfdfdc3e-feee-431f-b7ae-4c79340592fa,SAMMS-Conway
202608311947564699,202608311932535181,202608311932535132,76,144436,PPA Bronze,br_SF_PatientPreAdmission,TASK_COMPLETE,FAILED,ERROR,0,0,1,PPA Bronze copy failed or did not write rows for this site/run.,2026-08-31T19:33:39.510Z,2026-08-31T19:48:39.032Z,900,2026-08-31T19:48:39.032Z,D07,Knoxville,cfdfdc3e-feee-431f-b7ae-4c79340592fa,SAMMS-KnoxvilleV6
202608300710227350,202608300710227350,20260830064606,131,13695,Trending Treatment Plans State Reqs Silver,sl_vwTrendingTreatmentPlansStateReqs,TASK_FAILED,FAILED,ERROR,0,0,1,"Cannot load source table ''ctrl.tbl_Locations''. Tried candidates: [''ctrl.tbl_Locations'', ''ctrl.tbl_Locations'', ''ctrl.tbl_Locations'', ''ctrl.tbl_Locations'', ''ctrl.tbl_Locations'', ''ctrl.tbl_Locations'', ''ctrl.tbl_Locations'', ''ctrl.tbl_Locations'', ''ctrl.tbl_Locations'', ''tbl_Locations'', ''bhg_silver.ctrl.tbl_Locations'', ''ctrl.tbl_Locations'']",2026-08-30T07:10:22.735Z,2026-08-30T07:10:50.722Z,27,2026-08-30T07:10:50.722Z,,,0fae7162-ad60-4757-b9b2-8e417a5b19d1,
202608311947564744,202608311932535217,202608311932535132,76,144473,PPA Bronze,br_SF_PatientPreAdmission,TASK_COMPLETE,FAILED,ERROR,0,0,1,PPA Bronze copy failed or did not write rows for this site/run.,2026-08-31T19:33:39.510Z,2026-08-31T19:48:39.032Z,900,2026-08-31T19:48:39.032Z,SHP,Shreveport,cfdfdc3e-feee-431f-b7ae-4c79340592fa,SAMMS-Shreveport
202608311947564745,202608311932535218,202608311932535132,76,144474,PPA Bronze,br_SF_PatientPreAdmission,TASK_COMPLETE,FAILED,ERROR,0,0,1,PPA Bronze copy failed or did not write rows for this site/run.,2026-08-31T19:33:39.510Z,2026-08-31T19:48:39.032Z,900,2026-08-31T19:48:39.032Z,STN,Staunton,cfdfdc3e-feee-431f-b7ae-4c79340592fa,SAMMS-Staunton
202608311947564746,202608311932535219,202608311932535132,76,144475,PPA Bronze,br_SF_PatientPreAdmission,TASK_COMPLETE,FAILED,ERROR,0,0,1,PPA Bronze copy failed or did not write rows for this site/run.,2026-08-31T19:33:39.510Z,2026-08-31T19:48:39.032Z,900,2026-08-31T19:48:39.032Z,STVN,Stevenson,cfdfdc3e-feee-431f-b7ae-4c79340592fa,SAMMS-Stevenson
202608311947564748,202608311932535220,202608311932535132,76,144476,PPA Bronze,br_SF_PatientPreAdmission,TASK_COMPLETE,FAILED,ERROR,0,0,1,PPA Bronze copy failed or did not write rows for this site/run.,2026-08-31T19:33:39.510Z,2026-08-31T19:48:39.032Z,900,2026-08-31T19:48:39.032Z,TE,Tempe,cfdfdc3e-feee-431f-b7ae-4c79340592fa,SAMMS-Tempe
202608311947564749,202608311932535221,202608311932535132,76,144477,PPA Bronze,br_SF_PatientPreAdmission,TASK_COMPLETE,FAILED,ERROR,0,0,1,PPA Bronze copy failed or did not write rows for this site/run.,2026-08-31T19:33:39.510Z,2026-08-31T19:48:39.032Z,900,2026-08-31T19:48:39.032Z,TEX,Texarkana,cfdfdc3e-feee-431f-b7ae-4c79340592fa,SAMMS-Texarkana
202608311947564750,202608311932535222,202608311932535132,76,144478,PPA Bronze,br_SF_PatientPreAdmission,TASK_COMPLETE,FAILED,ERROR,0,0,1,PPA Bronze copy failed or did not write rows for this site/run.,2026-08-31T19:33:39.510Z,2026-08-31T19:48:39.032Z,900,2026-08-31T19:48:39.032Z,TTCA,Bessemer,cfdfdc3e-feee-431f-b7ae-4c79340592fa,SAMMS-BessemerV5
202608311947564751,202608311932535223,202608311932535132,76,144479,PPA Bronze,br_SF_PatientPreAdmission,TASK_COMPLETE,FAILED,ERROR,0,0,1,PPA Bronze copy failed or did not write rows for this site/run.,2026-08-31T19:33:39.510Z,2026-08-31T19:48:39.032Z,900,2026-08-31T19:48:39.032Z,TTCB,Cullman,cfdfdc3e-feee-431f-b7ae-4c79340592fa,SAMMS-CullmanV5
202608311947564648,202608311932535140,202608311932535132,76,144395,PPA Bronze,br_SF_PatientPreAdmission,TASK_COMPLETE,FAILED,ERROR,0,0,1,PPA Bronze copy failed or did not write rows for this site/run.,2026-08-31T19:33:39.510Z,2026-08-31T19:48:39.032Z,900,2026-08-31T19:48:39.032Z,B29,PoplarBluff,cfdfdc3e-feee-431f-b7ae-4c79340592fa,SAMMS-PoplarBluffV5
202608311947564650,202608311932535141,202608311932535132,76,144396,PPA Bronze,br_SF_PatientPreAdmission,TASK_COMPLETE,FAILED,ERROR,0,0,1,PPA Bronze copy failed or did not write rows for this site/run.,2026-08-31T19:33:39.510Z,2026-08-31T19:48:39.032Z,900,2026-08-31T19:48:39.032Z,B30,KCN,cfdfdc3e-feee-431f-b7ae-4c79340592fa,SAMMS-KCNv5
202608311947564651,202608311932535142,202608311932535132,76,144397,PPA Bronze,br_SF_PatientPreAdmission,TASK_COMPLETE,FAILED,ERROR,0,0,1,PPA Bronze copy failed or did not write rows for this site/run.,2026-08-31T19:33:39.510Z,2026-08-31T19:48:39.032Z,900,2026-08-31T19:48:39.032Z,B31,Dyersburg,cfdfdc3e-feee-431f-b7ae-4c79340592fa,SAMMS-DyersburgV5
202608311947564652,202608311932535143,202608311932535132,76,144398,PPA Bronze,br_SF_PatientPreAdmission,TASK_COMPLETE,FAILED,ERROR,0,0,1,PPA Bronze copy failed or did not write rows for this site/run.,2026-08-31T19:33:39.510Z,2026-08-31T19:48:39.032Z,900,2026-08-31T19:48:39.032Z,B33,Paducah,cfdfdc3e-feee-431f-b7ae-4c79340592fa,SAMMS-Paducah
202608311947564654,202608311932535144,202608311932535132,76,144399,PPA Bronze,br_SF_PatientPreAdmission,TASK_COMPLETE,FAILED,ERROR,0,0,1,PPA Bronze copy failed or did not write rows for this site/run.,2026-08-31T19:33:39.510Z,2026-08-31T19:48:39.032Z,900,2026-08-31T19:48:39.032Z,B34,Corbin,cfdfdc3e-feee-431f-b7ae-4c79340592fa,SAMMS-CorbinV5
202608311947564655,202608311932535145,202608311932535132,76,144400,PPA Bronze,br_SF_PatientPreAdmission,TASK_COMPLETE,FAILED,ERROR,0,0,1,PPA Bronze copy failed or did not write rows for this site/run.,2026-08-31T19:33:39.510Z,2026-08-31T19:48:39.032Z,900,2026-08-31T19:48:39.032Z,B35,Lexington,cfdfdc3e-feee-431f-b7ae-4c79340592fa,SAMMS-LexingtonV5
202608311947564656,202608311932535146,202608311932535132,76,144401,PPA Bronze,br_SF_PatientPreAdmission,TASK_COMPLETE,FAILED,ERROR,0,0,1,PPA Bronze copy failed or did not write rows for this site/run.,2026-08-31T19:33:39.510Z,2026-08-31T19:48:39.032Z,900,2026-08-31T19:48:39.032Z,B35A,Berea,cfdfdc3e-feee-431f-b7ae-4c79340592fa,SAMMS-BereaV5
202609021134426510,202609021134426510,202609021132414060,82,203,Salesforce Users,br_sf_users,TASK_FAILED,FAILED,ERROR,0,0,0,"No SOQL registered for Salesforce source key None. Available keys: [accounts, leads, contacts, tasks, cases, events, users, recordtype, patient_survey_responses, outboundtexts]",2026-09-02T11:34:48.401Z,2026-09-02T11:34:59.156Z,9,2026-09-02T11:34:59.156Z,,,0b5a27da-5d48-4ed3-a9f4-1a7052a3fcea,
202608281049545394,202608281049545394,202607161844309699,82,203,Salesforce Users,br_sf_users,TASK_FAILED,FAILED,ERROR,0,0,0,"No SOQL registered for Salesforce source key 123. Available keys: [accounts, leads, contacts, tasks, cases, events, users, recordtype, patient_survey_responses, outboundtexts]",2026-08-28T10:49:59.307Z,2026-08-28T10:50:09.896Z,9,2026-08-28T10:50:09.896Z,,,2b16353c-bcd4-48d1-8db2-5f7768416428,
202608311947564709,202608311932535189,202608311932535132,76,144444,PPA Bronze,br_SF_PatientPreAdmission,TASK_COMPLETE,FAILED,ERROR,0,0,1,PPA Bronze copy failed or did not write rows for this site/run.,2026-08-31T19:33:39.510Z,2026-08-31T19:48:39.032Z,900,2026-08-31T19:48:39.032Z,DRD-KVC,KVC,cfdfdc3e-feee-431f-b7ae-4c79340592fa,SAMMS-KVCv5
202608311947564710,202608311932535190,202608311932535132,76,144445,PPA Bronze,br_SF_PatientPreAdmission,TASK_COMPLETE,FAILED,ERROR,0,0,1,PPA Bronze copy failed or did not write rows for this site/run.,2026-08-31T19:33:39.510Z,2026-08-31T19:48:39.032Z,900,2026-08-31T19:48:39.032Z,DRD-NOLA,NOLA,cfdfdc3e-feee-431f-b7ae-4c79340592fa,SAMMS-NOLAv5
202608311947564711,202608311932535191,202608311932535132,76,144446,PPA Bronze,br_SF_PatientPreAdmission,TASK_COMPLETE,FAILED,ERROR,0,0,1,PPA Bronze copy failed or did not write rows for this site/run.,2026-08-31T19:33:39.510Z,2026-08-31T19:48:39.032Z,900,2026-08-31T19:48:39.032Z,DRD-SF,SF,cfdfdc3e-feee-431f-b7ae-4c79340592fa,SAMMS-SFv5
202608311947564713,202608311932535192,202608311932535132,76,144447,PPA Bronze,br_SF_PatientPreAdmission,TASK_COMPLETE,FAILED,ERROR,0,0,1,PPA Bronze copy failed or did not write rows for this site/run.,2026-08-31T19:33:39.510Z,2026-08-31T19:48:39.032Z,900,2026-08-31T19:48:39.032Z,ELC,ElizabethCity,cfdfdc3e-feee-431f-b7ae-4c79340592fa,SAMMS-ElizabethCity
202608311947564714,202608311932535193,202608311932535132,76,144448,PPA Bronze,br_SF_PatientPreAdmission,TASK_COMPLETE,FAILED,ERROR,0,0,1,PPA Bronze copy failed or did not write rows for this site/run.,2026-08-31T19:33:39.510Z,2026-08-31T19:48:39.032Z,900,2026-08-31T19:48:39.032Z,ET,Elizabethtown,cfdfdc3e-feee-431f-b7ae-4c79340592fa,SAMMS-Elizabethtown
202608311947564715,202608311932535194,202608311932535132,76,144449,PPA Bronze,br_SF_PatientPreAdmission,TASK_COMPLETE,FAILED,ERROR,0,0,1,PPA Bronze copy failed or did not write rows for this site/run.,2026-08-31T19:33:39.510Z,2026-08-31T19:48:39.032Z,900,2026-08-31T19:48:39.032Z,FAY,Fayetteville,cfdfdc3e-feee-431f-b7ae-4c79340592fa,SAMMS-Fayetteville
202608311947564717,202608311932535195,202608311932535132,76,144450,PPA Bronze,br_SF_PatientPreAdmission,TASK_COMPLETE,FAILED,ERROR,0,0,1,PPA Bronze copy failed or did not write rows for this site/run.,2026-08-31T19:33:39.510Z,2026-08-31T19:48:39.032Z,900,2026-08-31T19:48:39.032Z,FR,Frankfort,cfdfdc3e-feee-431f-b7ae-4c79340592fa,SAMMS-Frankfort
202608311947564718,202608311932535196,202608311932535132,76,144451,PPA Bronze,br_SF_PatientPreAdmission,TASK_COMPLETE,FAILED,ERROR,0,0,1,PPA Bronze copy failed or did not write rows for this site/run.,2026-08-31T19:33:39.510Z,2026-08-31T19:48:39.032Z,900,2026-08-31T19:48:39.032Z,FS,FortSmith,cfdfdc3e-feee-431f-b7ae-4c79340592fa,SAMMS-FortSmith
202608311947564719,202608311932535197,202608311932535132,76,144452,PPA Bronze,br_SF_PatientPreAdmission,TASK_COMPLETE,FAILED,ERROR,0,0,1,PPA Bronze copy failed or did not write rows for this site/run.,2026-08-31T19:33:39.510Z,2026-08-31T19:48:39.032Z,900,2026-08-31T19:48:39.032Z,FW,FortWayne,cfdfdc3e-feee-431f-b7ae-4c79340592fa,SAMMS-FortWayne
202608311947564720,202608311932535198,202608311932535132,76,144453,PPA Bronze,br_SF_PatientPreAdmission,TASK_COMPLETE,FAILED,ERROR,0,0,1,PPA Bronze copy failed or did not write rows for this site/run.,2026-08-31T19:33:39.510Z,2026-08-31T19:48:39.032Z,900,2026-08-31T19:48:39.032Z,GAL,Gaylord,cfdfdc3e-feee-431f-b7ae-4c79340592fa,SAMMS-Gaylord
202608311947564721,202608311932535199,202608311932535132,76,144455,PPA Bronze,br_SF_PatientPreAdmission,TASK_COMPLETE,FAILED,ERROR,0,0,1,PPA Bronze copy failed or did not write rows for this site/run.,2026-08-31T19:33:39.510Z,2026-08-31T19:48:39.032Z,900,2026-08-31T19:48:39.032Z,HGT,Hagerstown,cfdfdc3e-feee-431f-b7ae-4c79340592fa,SAMMS-Hagerstown
202608311947564723,202608311932535200,202608311932535132,76,144456,PPA Bronze,br_SF_PatientPreAdmission,TASK_COMPLETE,FAILED,ERROR,0,0,1,PPA Bronze copy failed or did not write rows for this site/run.,2026-08-31T19:33:39.510Z,2026-08-31T19:48:39.032Z,900,2026-08-31T19:48:39.032Z,HNT,Huntsville,cfdfdc3e-feee-431f-b7ae-4c79340592fa,SAMMS-Huntsville
202608311947564724,202608311932535201,202608311932535132,76,144457,PPA Bronze,br_SF_PatientPreAdmission,TASK_COMPLETE,FAILED,ERROR,0,0,1,PPA Bronze copy failed or did not write rows for this site/run.,2026-08-31T19:33:39.510Z,2026-08-31T19:48:39.032Z,900,2026-08-31T19:48:39.032Z,HS,HotSprings,cfdfdc3e-feee-431f-b7ae-4c79340592fa,SAMMS-HotSprings
202608311947564725,202608311932535202,202608311932535132,76,144458,PPA Bronze,br_SF_PatientPreAdmission,TASK_COMPLETE,FAILED,ERROR,0,0,1,PPA Bronze copy failed or did not write rows for this site/run.,2026-08-31T19:33:39.510Z,2026-08-31T19:48:39.032Z,900,2026-08-31T19:48:39.032Z,JON,Jonesboro,cfdfdc3e-feee-431f-b7ae-4c79340592fa,SAMMS-Jonesboro
202608311947564726,202608311932535203,202608311932535132,76,144459,PPA Bronze,br_SF_PatientPreAdmission,TASK_COMPLETE,FAILED,ERROR,0,0,1,PPA Bronze copy failed or did not write rows for this site/run.,2026-08-31T19:33:39.510Z,2026-08-31T19:48:39.032Z,900,2026-08-31T19:48:39.032Z,LAN,Lansing,cfdfdc3e-feee-431f-b7ae-4c79340592fa,SAMMS-Lansing
202608311947564728,202608311932535204,202608311932535132,76,144460,PPA Bronze,br_SF_PatientPreAdmission,TASK_COMPLETE,FAILED,ERROR,0,0,1,PPA Bronze copy failed or did not write rows for this site/run.,2026-08-31T19:33:39.510Z,2026-08-31T19:48:39.032Z,900,2026-08-31T19:48:39.032Z,LO,Louisville,cfdfdc3e-feee-431f-b7ae-4c79340592fa,SAMMS-Louisville
202608311947564729,202608311932535205,202608311932535132,76,144461,PPA Bronze,br_SF_PatientPreAdmission,TASK_COMPLETE,FAILED,ERROR,0,0,1,PPA Bronze copy failed or did not write rows for this site/run.,2026-08-31T19:33:39.510Z,2026-08-31T19:48:39.032Z,900,2026-08-31T19:48:39.032Z,LV1,Cheyenne,cfdfdc3e-feee-431f-b7ae-4c79340592fa,SAMMS-Cheyenne
202608311947564730,202608311932535206,202608311932535132,76,144462,PPA Bronze,br_SF_PatientPreAdmission,TASK_COMPLETE,FAILED,ERROR,0,0,1,PPA Bronze copy failed or did not write rows for this site/run.,2026-08-31T19:33:39.510Z,2026-08-31T19:48:39.032Z,900,2026-08-31T19:48:39.032Z,LV2,DesertInn,cfdfdc3e-feee-431f-b7ae-4c79340592fa,SAMMS-DesertInn
202608311947564732,202608311932535207,202608311932535132,76,144463,PPA Bronze,br_SF_PatientPreAdmission,TASK_COMPLETE,FAILED,ERROR,0,0,1,PPA Bronze copy failed or did not write rows for this site/run.,2026-08-31T19:33:39.510Z,2026-08-31T19:48:39.032Z,900,2026-08-31T19:48:39.032Z,LV3,McDaniel,cfdfdc3e-feee-431f-b7ae-4c79340592fa,SAMMS-McDaniel
202608311947564733,202608311932535208,202608311932535132,76,144464,PPA Bronze,br_SF_PatientPreAdmission,TASK_COMPLETE,FAILED,ERROR,0,0,1,PPA Bronze copy failed or did not write rows for this site/run.,2026-08-31T19:33:39.510Z,2026-08-31T19:48:39.032Z,900,2026-08-31T19:48:39.032Z,MNRE,Monroe,cfdfdc3e-feee-431f-b7ae-4c79340592fa,SAMMS-Monroe
202608311947564734,202608311932535209,202608311932535132,76,144465,PPA Bronze,br_SF_PatientPreAdmission,TASK_COMPLETE,FAILED,ERROR,0,0,1,PPA Bronze copy failed or did not write rows for this site/run.,2026-08-31T19:33:39.510Z,2026-08-31T19:48:39.032Z,900,2026-08-31T19:48:39.032Z,MP,MtPleasant,cfdfdc3e-feee-431f-b7ae-4c79340592fa,SAMMS-MtPleasant
202608311947564683,202608311932535168,202608311932535132,76,144423,PPA Bronze,br_SF_PatientPreAdmission,TASK_COMPLETE,FAILED,ERROR,0,0,1,PPA Bronze copy failed or did not write rows for this site/run.,2026-08-31T19:33:39.510Z,2026-08-31T19:48:39.032Z,900,2026-08-31T19:48:39.032Z,B57B,Middletown,cfdfdc3e-feee-431f-b7ae-4c79340592fa,SAMMS-Middletown
202608311947564684,202608311932535169,202608311932535132,76,144424,PPA Bronze,br_SF_PatientPreAdmission,TASK_COMPLETE,FAILED,ERROR,0,0,1,PPA Bronze copy failed or did not write rows for this site/run.,2026-08-31T19:33:39.510Z,2026-08-31T19:48:39.032Z,900,2026-08-31T19:48:39.032Z,B57C,Providence,cfdfdc3e-feee-431f-b7ae-4c79340592fa,SAMMS-Providence
202608311947564686,202608311932535170,202608311932535132,76,144425,PPA Bronze,br_SF_PatientPreAdmission,TASK_COMPLETE,FAILED,ERROR,0,0,1,PPA Bronze copy failed or did not write rows for this site/run.,2026-08-31T19:33:39.510Z,2026-08-31T19:48:39.032Z,900,2026-08-31T19:48:39.032Z,B57D,Westerly,cfdfdc3e-feee-431f-b7ae-4c79340592fa,SAMMS-Westerly
202608311947564687,202608311932535171,202608311932535132,76,144426,PPA Bronze,br_SF_PatientPreAdmission,TASK_COMPLETE,FAILED,ERROR,0,0,1,PPA Bronze copy failed or did not write rows for this site/run.,2026-08-31T19:33:39.510Z,2026-08-31T19:48:39.032Z,900,2026-08-31T19:48:39.032Z,B66A,Bremen,cfdfdc3e-feee-431f-b7ae-4c79340592fa,SAMMS-Bremen
202608311947564688,202608311932535172,202608311932535132,76,144427,PPA Bronze,br_SF_PatientPreAdmission,TASK_COMPLETE,FAILED,ERROR,0,0,1,PPA Bronze copy failed or did not write rows for this site/run.,2026-08-31T19:33:39.510Z,2026-08-31T19:48:39.032Z,900,2026-08-31T19:48:39.032Z,B72,Mobile-OBOT,cfdfdc3e-feee-431f-b7ae-4c79340592fa,SAMMS-Mobile-OBOT
202608311947564689,202608311932535173,202608311932535132,76,144428,PPA Bronze,br_SF_PatientPreAdmission,TASK_COMPLETE,FAILED,ERROR,0,0,1,PPA Bronze copy failed or did not write rows for this site/run.,2026-08-31T19:33:39.510Z,2026-08-31T19:48:39.032Z,900,2026-08-31T19:48:39.032Z,B73,Montgomery,cfdfdc3e-feee-431f-b7ae-4c79340592fa,SAMMS-Montgomery
202608311947564690,202608311932535174,202608311932535132,76,144429,PPA Bronze,br_SF_PatientPreAdmission,TASK_COMPLETE,FAILED,ERROR,0,0,1,PPA Bronze copy failed or did not write rows for this site/run.,2026-08-31T19:33:39.510Z,2026-08-31T19:48:39.032Z,900,2026-08-31T19:48:39.032Z,B75,Lawrence,cfdfdc3e-feee-431f-b7ae-4c79340592fa,SAMMS-LawrenceV6
202609031351429675,202609031351429676,20260903135142,122,12585,Gold OffWeek Counseling,OffWeekCounselingEngagement,TASK_FAILED,FAILED,ERROR,0,0,1,Pipeline execution failed after 3 attempts: No active EtlConfig found in bhg_bronze.meta.etlconfig for ''nb_offweekcounseling_slv_to_gld123'',2026-09-03T13:51:42.967Z,2026-09-03T13:52:43.380Z,0,2026-09-03T13:51:42.967Z,,,139f1961-be70-4847-a8fc-297093dde165,
202609080554596954,202609080554596953,20260903123136,129,13684,Azure Sql Python Silver - 3P Balances,sl_tbl_Third_Party_AR_inDB_Balances,TASK_FAILED,FAILED,ERROR,0,0,1,Configured SourceTable not found in lakehouse for Azure Sql Python Silver - 3P Balances (TaskConfigId 13684): 123,2026-09-08T05:54:59.695Z,2026-09-08T05:55:39.096Z,39,2026-09-08T05:55:39.096Z,,,2bc2c23e-4fff-4fcf-8329-7318fd2d456d,
202608311947564735,202608311932535210,202608311932535132,76,144466,PPA Bronze,br_SF_PatientPreAdmission,TASK_COMPLETE,FAILED,ERROR,0,0,1,PPA Bronze copy failed or did not write rows for this site/run.,2026-08-31T19:33:39.510Z,2026-08-31T19:48:39.032Z,900,2026-08-31T19:48:39.032Z,MRD,Meridian,cfdfdc3e-feee-431f-b7ae-4c79340592fa,SAMMS-Meridian
202608311947564737,202608311932535211,202608311932535132,76,144467,PPA Bronze,br_SF_PatientPreAdmission,TASK_COMPLETE,FAILED,ERROR,0,0,1,PPA Bronze copy failed or did not write rows for this site/run.,2026-08-31T19:33:39.510Z,2026-08-31T19:48:39.032Z,900,2026-08-31T19:48:39.032Z,NC,NorthCharleston,cfdfdc3e-feee-431f-b7ae-4c79340592fa,SAMMS-NorthCharleston
202608311947564738,202608311932535212,202608311932535132,76,144468,PPA Bronze,br_SF_PatientPreAdmission,TASK_COMPLETE,FAILED,ERROR,0,0,1,PPA Bronze copy failed or did not write rows for this site/run.,2026-08-31T19:33:39.510Z,2026-08-31T19:48:39.032Z,900,2026-08-31T19:48:39.032Z,NLR,NLROBOT,cfdfdc3e-feee-431f-b7ae-4c79340592fa,SAMMS-NLROBOT
202608311947564739,202608311932535213,202608311932535132,76,144469,PPA Bronze,br_SF_PatientPreAdmission,TASK_COMPLETE,FAILED,ERROR,0,0,1,PPA Bronze copy failed or did not write rows for this site/run.,2026-08-31T19:33:39.510Z,2026-08-31T19:48:39.032Z,900,2026-08-31T19:48:39.032Z,PH,Phoenix,cfdfdc3e-feee-431f-b7ae-4c79340592fa,SAMMS-Phoenix
202608311947564740,202608311932535214,202608311932535132,76,144470,PPA Bronze,br_SF_PatientPreAdmission,TASK_COMPLETE,FAILED,ERROR,0,0,1,PPA Bronze copy failed or did not write rows for this site/run.,2026-08-31T19:33:39.510Z,2026-08-31T19:48:39.032Z,900,2026-08-31T19:48:39.032Z,RE,Reno,cfdfdc3e-feee-431f-b7ae-4c79340592fa,SAMMS-Reno
202608311947564741,202608311932535215,202608311932535132,76,144471,PPA Bronze,br_SF_PatientPreAdmission,TASK_COMPLETE,FAILED,ERROR,0,0,1,PPA Bronze copy failed or did not write rows for this site/run.,2026-08-31T19:33:39.510Z,2026-08-31T19:48:39.032Z,900,2026-08-31T19:48:39.032Z,RMD,Richmond,cfdfdc3e-feee-431f-b7ae-4c79340592fa,SAMMS-Richmond
202608311947564743,202608311932535216,202608311932535132,76,144472,PPA Bronze,br_SF_PatientPreAdmission,TASK_COMPLETE,FAILED,ERROR,0,0,1,PPA Bronze copy failed or did not write rows for this site/run.,2026-08-31T19:33:39.510Z,2026-08-31T19:48:39.032Z,900,2026-08-31T19:48:39.032Z,SFN,SFN,cfdfdc3e-feee-431f-b7ae-4c79340592fa,SAMMS-SFNv5
202609080910511654,202609080910511654,20260908091045,142,16281,Transaction Report In-DB v7 Silver,sl_TransactionPostingReport,TASK_SKIPPED_SCHEDULE,SKIPPED_SCHEDULE,INFO,0,0,0,"Not due -- ScheduleFrequency=DAILY, ScheduleExpression=None, LastRunDate=2026-09-08 08:47:42.737468",2026-09-08T09:11:00.523Z,2026-09-08T09:11:00.523Z,0,2026-09-08T09:11:00.523Z,,,f61fb4c5-0d31-4954-8aac-d0c2d48f9dc90,
202609031439172001,202609031439172002,20260903143917,121,12584,Silver OffWeek Counseling,sl_offweekcounselingnoshow,TASK_FAILED,FAILED,ERROR,0,0,1,Pipeline execution failed after 3 attempts: No active EtlConfig found in bhg_bronze.meta.etlconfig for ''nb_offweekcounseling_slv_to_'',2026-09-03T14:39:17.200Z,2026-09-03T14:40:05.354Z,0,2026-09-03T14:39:17.200Z,,,f15cb285-b6b1-4860-8783-c75a284b7e30,
202609020956173214,202609020956173215,20260902095617,126,13680,Bronze Overdue Courses File,br_learningreports_overdue,TASK_FAILED,FAILED,ERROR,0,0,1,Pipeline execution failed after 3 attempts: No active EtlConfig found in bhg_bronze.meta.etlconfig for ''nb_overduecourses_brz_to_'',2026-09-02T09:56:17.321Z,2026-09-02T09:57:02.668Z,0,2026-09-02T09:56:17.321Z,,,46143f78-d0dd-4612-bc72-7509b4b9369c,
202608281050048082,202608281050048083,20260828105004,126,13680,Bronze Overdue Courses File,br_learningreports_overdue,TASK_FAILED,FAILED,ERROR,0,0,1,Pipeline execution failed after 3 attempts: No active EtlConfig found in bhg_bronze.meta.etlconfig for ''nb_overduecourses_src_to_'',2026-08-28T10:50:04.808Z,2026-08-28T10:51:11.226Z,0,2026-08-28T10:50:04.808Z,,,694aba88-1852-432a-b884-1fbed1da6953,
202609020936444425,202609020936444426,20260902093644,126,13680,Bronze Overdue Courses File,br_learningreports_overdue,TASK_FAILED,FAILED,ERROR,0,0,1,Pipeline execution failed after 3 attempts: No active EtlConfig found in bhg_bronze.meta.etlconfig for ''nb_overduecourses_brz_to_'',2026-09-02T09:36:44.442Z,2026-09-02T09:38:06.700Z,0,2026-09-02T09:36:44.442Z,,,d2f0a918-4c32-4516-a936-7d0dfd6fe16f,
202609031440419756,202609031440419757,20260903144041,122,12585,Gold OffWeek Counseling,OffWeekCounselingEngagement,TASK_FAILED,FAILED,ERROR,0,0,1,Pipeline execution failed after 3 attempts: No active EtlConfig found in bhg_bronze.meta.etlconfig for 'nb_offweekcounseling_slv_to_',2026-09-03T14:40:41.975Z,2026-09-03T14:40:41.975Z,0,2026-09-03T14:40:41.975Z,,,f15cb285-b6b1-4860-8783-c75a284b7e30,
202609031810509468,202609031810509469,20260903181050,127,13681,Silver Overdue Courses,sl_LearningReportsOverdue,TASK_FAILED,FAILED,ERROR,0,0,1,Pipeline execution failed after 3 attempts: No active EtlConfig found in bhg_bronze.meta.etlconfig for ''nb_overduecourses_brz_to_'',2026-09-03T18:10:50.946Z,2026-09-03T18:10:50.946Z,0,2026-09-03T18:10:50.946Z,,,574a4698-b70b-461e-850c-a34d8f152509,
202609021219506491,202609021219506492,20260902121950,127,13681,Silver Overdue Courses,sl_LearningReportsOverdue,TASK_FAILED,FAILED,ERROR,0,0,1,Pipeline execution failed after 3 attempts: No active EtlConfig found in bhg_bronze.meta.etlconfig for ''nb_overduecourses_brz_to_'',2026-09-02T12:19:50.649Z,2026-09-02T12:19:50.649Z,0,2026-09-02T12:19:50.649Z,,,13697d4d-101f-4e29-bf2e-0e8fbc33643f,
202609031905170576,202609031905170577,20260903190517,127,13681,Silver Overdue Courses,sl_LearningReportsOverdue,TASK_FAILED,FAILED,ERROR,0,0,1,Pipeline execution failed after 3 attempts: No active EtlConfig found in bhg_bronze.meta.etlconfig for ''nb_overduecourses_brz_to_'',2026-09-03T19:05:17.057Z,2026-09-03T19:05:17.057Z,0,2026-09-03T19:05:17.057Z,,,94765793-67d3-4a98-afae-52065647e781,
202609020957393137,202609020957393138,20260902095739,127,13681,Silver Overdue Courses,sl_learningreports_overdue,TASK_FAILED,FAILED,ERROR,0,0,1,Pipeline execution failed after 3 attempts: No active EtlConfig found in bhg_bronze.meta.etlconfig for 'nb_overduecourses_brz_to_',2026-09-02T09:57:39.313Z,2026-09-02T09:57:39.313Z,0,2026-09-02T09:57:39.313Z,,,46143f78-d0dd-4612-bc72-7509b4b9369c,
202609020938472534,202609020938472535,20260902093847,127,13681,Silver Overdue Courses,sl_learningreports_overdue,TASK_FAILED,FAILED,ERROR,0,0,1,Pipeline execution failed after 3 attempts: No active EtlConfig found in bhg_bronze.meta.etlconfig for 'nb_overduecourses_brz_to_',2026-09-02T09:38:47.253Z,2026-09-02T09:38:47.253Z,0,2026-09-02T09:38:47.253Z,,,d2f0a918-4c32-4516-a936-7d0dfd6fe16f,
202609020743365077,202609020743365076,20260902074253,129,13685,Azure Sql Python Silver - Claim Denial Prediction,sl_ClaimDenialPredictionV1,TASK_FAILED,FAILED,ERROR,0,0,1,run_silver_transformations() not found. Load nb_azure_sql_python_slv_transformations before execute.,2026-09-02T07:43:36.507Z,2026-09-02T07:43:58.241Z,21,2026-09-02T07:43:58.241Z,,,391059bc-57e5-49c5-af48-252a2b55168c,
202609020645477905,202609020645477904,20260902064503,129,13685,Azure Sql Python Silver - Claim Denial Prediction,sl_ClaimDenialPredictionV1,TASK_FAILED,FAILED,ERROR,0,0,1,run_silver_transformations() not found. Load nb_azure_sql_python_slv_transformations before execute.,2026-09-02T06:45:47.790Z,2026-09-02T06:46:10.550Z,22,2026-09-02T06:46:10.550Z,,,432e1fd9-5757-4fbd-b5fe-306e7dd0feb7,
202609020841179626,202609020841179625,20260902084030,129,13685,Azure Sql Python Silver - Claim Denial Prediction,sl_ClaimDenialPredictionV1,TASK_FAILED,FAILED,ERROR,0,0,1,run_silver_transformations() not found. Load nb_azure_sql_python_slv_transformations before execute.,2026-09-02T08:41:17.962Z,2026-09-02T08:41:39.873Z,21,2026-09-02T08:41:39.873Z,,,f3f50506-ab42-4017-a5e3-5d4c793aa0e6,
202609020727345317,202609020727345316,20260902072648,129,13685,Azure Sql Python Silver - Claim Denial Prediction,sl_ClaimDenialPredictionV1,TASK_FAILED,FAILED,ERROR,0,0,1,run_silver_transformations() not found. Load nb_azure_sql_python_slv_transformations before execute.,2026-09-02T07:27:34.531Z,2026-09-02T07:27:55.936Z,21,2026-09-02T07:27:55.936Z,,,cfc73f64-c97a-42ba-92ba-46c5d817d8b9,
202609041432112836,202609041408388869,202609041408388763,25,55105,DartsSrv Bronze - V21,br_tblDartSrv,TASK_COMPLETE,SUCCESS,INFO,402,402,0,,2026-09-04T14:09:28.519Z,2026-09-04T14:33:19.121Z,1431,2026-09-04T14:33:19.121Z,V21,Raleigh,d54f2858-d272-437f-a2a4-9fa2f90018e7,SAMMS-RaleighV5
202609041432112837,202609041408388870,202609041408388763,25,55106,DartsSrv Bronze - V5,br_tblDartSrv,TASK_COMPLETE,SUCCESS,INFO,554,554,0,,2026-09-04T14:09:28.519Z,2026-09-04T14:33:19.121Z,1431,2026-09-04T14:33:19.121Z,V5,NONTC,d54f2858-d272-437f-a2a4-9fa2f90018e7,SAMMS-NONTCv5
202609041432112838,202609041408388871,202609041408388763,25,55107,DartsSrv Bronze - V5B,br_tblDartSrv,TASK_COMPLETE,SUCCESS,INFO,175,175,0,,2026-09-04T14:09:28.519Z,2026-09-04T14:33:19.121Z,1431,2026-09-04T14:33:19.121Z,V5B,Houma,d54f2858-d272-437f-a2a4-9fa2f90018e7,SAMMS-HoumaV6
202609041432112840,202609041408388872,202609041408388763,25,55108,DartsSrv Bronze - V6,br_tblDartSrv,TASK_COMPLETE,SUCCESS,INFO,555,555,0,,2026-09-04T14:09:28.519Z,2026-09-04T14:33:19.121Z,1431,2026-09-04T14:33:19.121Z,V6,LC,d54f2858-d272-437f-a2a4-9fa2f90018e7,SAMMS-LCv5
202609041432112841,202609041408388873,202609041408388763,25,55109,DartsSrv Bronze - V8,br_tblDartSrv,TASK_COMPLETE,SUCCESS,INFO,303,303,0,,2026-09-04T14:09:28.519Z,2026-09-04T14:33:19.121Z,1431,2026-09-04T14:33:19.121Z,V8,VCPHCS-VIII-Memphis,d54f2858-d272-437f-a2a4-9fa2f90018e7,SAMMS-VCPHCS-VIII-MemphisV5
202609041432112842,202609041408388874,202609041408388763,25,55110,DartsSrv Bronze - V9,br_tblDartSrv,TASK_COMPLETE,SUCCESS,INFO,622,622,0,,2026-09-04T14:09:28.519Z,2026-09-04T14:33:19.121Z,1431,2026-09-04T14:33:19.121Z,V9,Nashville,d54f2858-d272-437f-a2a4-9fa2f90018e7,SAMMS-NashvilleV5
202609041432112843,202609041408388875,202609041408388763,25,55111,DartsSrv Bronze - VBRA,br_tblDartSrv,TASK_COMPLETE,SUCCESS,INFO,18938,18938,0,,2026-09-04T14:09:28.519Z,2026-09-04T14:33:19.121Z,1431,2026-09-04T14:33:19.121Z,VBRA,Brainerd,d54f2858-d272-437f-a2a4-9fa2f90018e7,SAMMS-BrainerdV6
202609041432112845,202609041408388876,202609041408388763,25,55112,DartsSrv Bronze - VBRP,br_tblDartSrv,TASK_COMPLETE,SUCCESS,INFO,30798,30798,0,,2026-09-04T14:09:28.519Z,2026-09-04T14:33:19.121Z,1431,2026-09-04T14:33:19.121Z,VBRP,BrooklynPark,d54f2858-d272-437f-a2a4-9fa2f90018e7,SAMMS-BrooklynParkV6
202609041432112846,202609041408388877,202609041408388763,25,55113,DartsSrv Bronze - VMIN,br_tblDartSrv,TASK_COMPLETE,SUCCESS,INFO,22233,22233,0,,2026-09-04T14:09:28.519Z,2026-09-04T14:33:19.121Z,1431,2026-09-04T14:33:19.121Z,VMIN,Minneapolis,d54f2858-d272-437f-a2a4-9fa2f90018e7,SAMMS-MinneapolisV6
202609041432112847,202609041408388878,202609041408388763,25,55114,DartsSrv Bronze - VWBY,br_tblDartSrv,TASK_COMPLETE,SUCCESS,INFO,36066,36066,0,,2026-09-04T14:09:28.519Z,2026-09-04T14:33:19.121Z,1431,2026-09-04T14:33:19.121Z,VWBY,Woodbury,d54f2858-d272-437f-a2a4-9fa2f90018e7,SAMMS-WoodburyV6
202609041432112848,202609041408388879,202609041408388763,25,55115,DartsSrv Bronze - WIL,br_tblDartSrv,TASK_COMPLETE,SUCCESS,INFO,444,444,0,,2026-09-04T14:09:28.519Z,2026-09-04T14:33:19.121Z,1431,2026-09-04T14:33:19.121Z,WIL,Wilson,d54f2858-d272-437f-a2a4-9fa2f90018e7,SAMMS-Wilson
202609020645110084,202609020645110083,20260902064503,129,13684,Azure Sql Python Silver - 3P Balances,sl_tbl_Third_Party_AR_inDB_Balances,TASK_FAILED,FAILED,ERROR,0,0,1,run_silver_transformations() not found. Load nb_azure_sql_python_slv_transformations before execute.,2026-09-02T06:45:11.008Z,2026-09-02T06:45:32.287Z,21,2026-09-02T06:45:32.287Z,,,432e1fd9-5757-4fbd-b5fe-306e7dd0feb7,
202609020840386677,202609020840386676,20260902084030,129,13684,Azure Sql Python Silver - 3P Balances,sl_tbl_Third_Party_AR_inDB_Balances,TASK_FAILED,FAILED,ERROR,0,0,1,run_silver_transformations() not found. Load nb_azure_sql_python_slv_transformations before execute.,2026-09-02T08:40:38.667Z,2026-09-02T08:41:01.477Z,22,2026-09-02T08:41:01.477Z,,,f3f50506-ab42-4017-a5e3-5d4c793aa0e6,
202609020742583316,202609020742583315,20260902074253,129,13684,Azure Sql Python Silver - 3P Balances,sl_tbl_Third_Party_AR_inDB_Balances,TASK_FAILED,FAILED,ERROR,0,0,1,run_silver_transformations() not found. Load nb_azure_sql_python_slv_transformations before execute.,2026-09-02T07:42:58.331Z,2026-09-02T07:43:20.168Z,21,2026-09-02T07:43:20.168Z,,,391059bc-57e5-49c5-af48-252a2b55168c,
202609020726536403,202609020726536402,20260902072648,129,13684,Azure Sql Python Silver - 3P Balances,sl_tbl_Third_Party_AR_inDB_Balances,TASK_FAILED,FAILED,ERROR,0,0,1,run_silver_transformations() not found. Load nb_azure_sql_python_slv_transformations before execute.,2026-09-02T07:26:53.640Z,2026-09-02T07:27:14.969Z,21,2026-09-02T07:27:14.969Z,,,cfc73f64-c97a-42ba-92ba-46c5d817d8b9,
202609040353308970,202609040353308970,20260904033502,4,28,8x8 CallInteractions API,br_8x8_HistoricalCCDetailedInteractions,TASK_FAILED,FAILED,ERROR,0,0,0,403 Client Error: Forbidden for url: https://api.8x8.com/analytics/cc/v8/historical-metrics123/detailed-reports,2026-09-04T03:53:35.996Z,2026-09-04T03:54:04.998Z,26,2026-09-04T03:54:04.998Z,,,31e1b716-f62d-4ff3-bba9-694a795445be,
202609040320398879,202609040320398878,20260904032024,4,28,8x8 CallInteractions API,br_8x8_HistoricalCCDetailedInteractions,TASK_FAILED,FAILED,ERROR,0,0,0,403 Client Error: Forbidden for url: https://api.8x8.com/analytics/cc/v8/historical-metrics123/detailed-reports,2026-09-04T03:20:48.202Z,2026-09-04T03:21:17.808Z,26,2026-09-04T03:21:17.808Z,,,12b3c6ab-e5be-412c-b011-b57e8d0c6fc9,
202609041613555575,202609041543374192,202609041543373975,85,4074,Bronze INV,br_ReAssessmentPhysicalHealth,TASK_COMPLETE,SUCCESS,INFO,723,723,0,,2026-09-04T15:43:48.314Z,2026-09-04T16:13:58.818Z,1810,2026-09-04T16:13:58.818Z,V21,Memphis North,66e9e433-72b0-4c30-b0ea-7611d9608923,SAMMS-RaleighV5
202609041613555576,202609041543374193,202609041543373975,85,4077,Bronze INV,br_ReAssessmentPhysicalHealth,TASK_COMPLETE,SUCCESS,INFO,1786,1786,0,,2026-09-04T15:43:48.314Z,2026-09-04T16:13:58.818Z,1810,2026-09-04T16:13:58.818Z,V5,West Bank,66e9e433-72b0-4c30-b0ea-7611d9608923,SAMMS-NONTCv5
202609041613555577,202609041543374194,202609041543373975,85,4079,Bronze INV,br_ReAssessmentPhysicalHealth,TASK_COMPLETE,SUCCESS,INFO,146,146,0,,2026-09-04T15:43:48.314Z,2026-09-04T16:13:58.818Z,1810,2026-09-04T16:13:58.818Z,V5B,Houma,66e9e433-72b0-4c30-b0ea-7611d9608923,SAMMS-HoumaV6
202609041613555578,202609041543374195,202609041543373975,85,4080,Bronze INV,br_ReAssessmentPhysicalHealth,TASK_COMPLETE,SUCCESS,INFO,1917,1917,0,,2026-09-04T15:43:48.314Z,2026-09-04T16:13:58.818Z,1810,2026-09-04T16:13:58.818Z,V6,Lake Charles,66e9e433-72b0-4c30-b0ea-7611d9608923,SAMMS-LCv5
202609041613555580,202609041543374196,202609041543373975,85,4082,Bronze INV,br_ReAssessmentPhysicalHealth,TASK_COMPLETE,SUCCESS,INFO,744,744,0,,2026-09-04T15:43:48.314Z,2026-09-04T16:13:58.818Z,1810,2026-09-04T16:13:58.818Z,V8,Memphis Midtown,66e9e433-72b0-4c30-b0ea-7611d9608923,SAMMS-VCPHCS-VIII-MemphisV5
202609041613555581,202609041543374197,202609041543373975,85,4083,Bronze INV,br_ReAssessmentPhysicalHealth,TASK_COMPLETE,SUCCESS,INFO,1769,1769,0,,2026-09-04T15:43:48.314Z,2026-09-04T16:13:58.818Z,1810,2026-09-04T16:13:58.818Z,V9,Nashville,66e9e433-72b0-4c30-b0ea-7611d9608923,SAMMS-NashvilleV5
202609041613555582,202609041543374198,202609041543373975,85,4084,Bronze INV,br_ReAssessmentPhysicalHealth,TASK_COMPLETE,SUCCESS,INFO,842,842,0,,2026-09-04T15:43:48.314Z,2026-09-04T16:13:58.818Z,1810,2026-09-04T16:13:58.818Z,VBRA,Brainerd,66e9e433-72b0-4c30-b0ea-7611d9608923,SAMMS-BrainerdV6
202609041613555583,202609041543374199,202609041543373975,85,4085,Bronze INV,br_ReAssessmentPhysicalHealth,TASK_COMPLETE,SUCCESS,INFO,1965,1965,0,,2026-09-04T15:43:48.314Z,2026-09-04T16:13:58.818Z,1810,2026-09-04T16:13:58.818Z,VBRP,Brooklyn Park,66e9e433-72b0-4c30-b0ea-7611d9608923,SAMMS-BrooklynParkV6
202609041613555584,202609041543374200,202609041543373975,85,4087,Bronze INV,br_ReAssessmentPhysicalHealth,TASK_COMPLETE,SUCCESS,INFO,746,746,0,,2026-09-04T15:43:48.314Z,2026-09-04T16:13:58.818Z,1810,2026-09-04T16:13:58.818Z,VMIN,Minneapolis,66e9e433-72b0-4c30-b0ea-7611d9608923,SAMMS-MinneapolisV6
202609041613555585,202609041543374201,202609041543373975,85,4088,Bronze INV,br_ReAssessmentPhysicalHealth,TASK_COMPLETE,SUCCESS,INFO,889,889,0,,2026-09-04T15:43:48.314Z,2026-09-04T16:13:58.818Z,1810,2026-09-04T16:13:58.818Z,VWBY,Woodbury,66e9e433-72b0-4c30-b0ea-7611d9608923,SAMMS-WoodburyV6
202609041613555586,202609041543374202,202609041543373975,85,4090,Bronze INV,br_ReAssessmentPhysicalHealth,TASK_COMPLETE,SUCCESS,INFO,161,161,0,,2026-09-04T15:43:48.314Z,2026-09-04T16:13:58.818Z,1810,2026-09-04T16:13:58.818Z,WIL,Wilson,66e9e433-72b0-4c30-b0ea-7611d9608923,SAMMS-Wilson
202609041613555565,202609041543374183,202609041543373975,85,4062,Bronze INV,br_ReAssessmentPhysicalHealth,TASK_COMPLETE,SUCCESS,INFO,1517,1517,0,,2026-09-04T15:43:48.314Z,2026-09-04T16:13:58.818Z,1810,2026-09-04T16:13:58.818Z,V10A,Fort Collins,66e9e433-72b0-4c30-b0ea-7611d9608923,SAMMS-FortCollinsV5
202609041613555566,202609041543374184,202609041543373975,85,4063,Bronze INV,br_ReAssessmentPhysicalHealth,TASK_COMPLETE,SUCCESS,INFO,2876,2876,0,,2026-09-04T15:43:48.314Z,2026-09-04T16:13:58.818Z,1810,2026-09-04T16:13:58.818Z,V11,Westminster,66e9e433-72b0-4c30-b0ea-7611d9608923,SAMMS-VCPHCS-XI-NorthDenverV5
202609041613555567,202609041543374185,202609041543373975,85,4064,Bronze INV,br_ReAssessmentPhysicalHealth,TASK_COMPLETE,SUCCESS,INFO,3046,3046,0,,2026-09-04T15:43:48.314Z,2026-09-04T16:13:58.818Z,1810,2026-09-04T16:13:58.818Z,V12,Downtown Denver,66e9e433-72b0-4c30-b0ea-7611d9608923,SAMMS-VCPHCS-XII-DowntownDenverV5
202609041613555568,202609041543374186,202609041543373975,85,4065,Bronze INV,br_ReAssessmentPhysicalHealth,TASK_COMPLETE,SUCCESS,INFO,1144,1144,0,,2026-09-04T15:43:48.314Z,2026-09-04T16:13:58.818Z,1810,2026-09-04T16:13:58.818Z,V12A,Centennial,66e9e433-72b0-4c30-b0ea-7611d9608923,SAMMS-CentennialV5
202609041613555569,202609041543374187,202609041543373975,85,4066,Bronze INV,br_ReAssessmentPhysicalHealth,TASK_COMPLETE,SUCCESS,INFO,295,295,0,,2026-09-04T15:43:48.314Z,2026-09-04T16:13:58.818Z,1810,2026-09-04T16:13:58.818Z,V14,Overland Park,66e9e433-72b0-4c30-b0ea-7611d9608923,SAMMS-VCPHCS-XIV-BridgewayV5
202609041613555570,202609041543374188,202609041543373975,85,4067,Bronze INV,br_ReAssessmentPhysicalHealth,TASK_COMPLETE,SUCCESS,INFO,609,609,0,,2026-09-04T15:43:48.314Z,2026-09-04T16:13:58.818Z,1810,2026-09-04T16:13:58.818Z,V15,Joplin,66e9e433-72b0-4c30-b0ea-7611d9608923,SAMMS-JoplinV5
202609041613555572,202609041543374189,202609041543373975,85,4069,Bronze INV,br_ReAssessmentPhysicalHealth,TASK_COMPLETE,SUCCESS,INFO,906,906,0,,2026-09-04T15:43:48.314Z,2026-09-04T16:13:58.818Z,1810,2026-09-04T16:13:58.818Z,V17,Columbia TN,66e9e433-72b0-4c30-b0ea-7611d9608923,SAMMS-ColumbiaTNv5
202609041613555573,202609041543374190,202609041543373975,85,4071,Bronze INV,br_ReAssessmentPhysicalHealth,TASK_COMPLETE,SUCCESS,INFO,534,534,0,,2026-09-04T15:43:48.314Z,2026-09-04T16:13:58.818Z,1810,2026-09-04T16:13:58.818Z,V19,Jackson,66e9e433-72b0-4c30-b0ea-7611d9608923,SAMMS-JacksonV5
202609041613555574,202609041543374191,202609041543373975,85,4073,Bronze INV,br_ReAssessmentPhysicalHealth,TASK_COMPLETE,SUCCESS,INFO,1776,1776,0,,2026-09-04T15:43:48.314Z,2026-09-04T16:13:58.818Z,1810,2026-09-04T16:13:58.818Z,V20,Paris,66e9e433-72b0-4c30-b0ea-7611d9608923,SAMMS-ParisV5
202608310726412989,202608310726412990,20260831072641,131,13688,Readmission Table Silver,sl_vwReadmissions,TASK_FAILED,FAILED,ERROR,0,0,1,Pipeline execution failed after 3 attempts: No active EtlConfig found in bhg_bronze.meta.etlconfig for ''nb_azuresql_04_slv_to_'',2026-08-31T07:26:41.298Z,2026-08-31T07:27:59.562Z,0,2026-08-31T07:26:41.298Z,,,75293d80-3b14-47a9-bc1f-8191f9cec2ad,
202608301005296306,202608301005296307,20260830100529,131,13688,Readmission Table Silver,sl_vwReadmissions,TASK_FAILED,FAILED,ERROR,0,0,1,Pipeline execution failed after 3 attempts: No active EtlConfig found in bhg_bronze.meta.etlconfig for ''nb_azuresql_04_slv_to_'',2026-08-30T10:05:29.630Z,2026-08-30T10:07:31.616Z,0,2026-08-30T10:05:29.630Z,,,19daf117-b7cc-4cf4-8107-c3584ef9b50a,
202609041613555433,202609041543374066,202609041543373975,85,2956,Bronze INV,br_OrientationChecklistNew,TASK_COMPLETE,SUCCESS,INFO,105,105,0,,2026-09-04T15:43:48.314Z,2026-09-04T16:13:58.818Z,1810,2026-09-04T16:13:58.818Z,V1,Memphis South,66e9e433-72b0-4c30-b0ea-7611d9608923,SAMMS-VCPHCS-I-MemphisV5
202609041613555434,202609041543374067,202609041543373975,85,2957,Bronze INV,br_OrientationChecklistNew,TASK_COMPLETE,SUCCESS,INFO,121,121,0,,2026-09-04T15:43:48.314Z,2026-09-04T16:13:58.818Z,1810,2026-09-04T16:13:58.818Z,V10,Longmont,66e9e433-72b0-4c30-b0ea-7611d9608923,SAMMS-BoulderV5
202609041613555435,202609041543374068,202609041543373975,85,2958,Bronze INV,br_OrientationChecklistNew,TASK_COMPLETE,SUCCESS,INFO,220,220,0,,2026-09-04T15:43:48.314Z,2026-09-04T16:13:58.818Z,1810,2026-09-04T16:13:58.818Z,V10A,Fort Collins,66e9e433-72b0-4c30-b0ea-7611d9608923,SAMMS-FortCollinsV5
202609041613555436,202609041543374069,202609041543373975,85,2959,Bronze INV,br_OrientationChecklistNew,TASK_COMPLETE,SUCCESS,INFO,110,110,0,,2026-09-04T15:43:48.314Z,2026-09-04T16:13:58.818Z,1810,2026-09-04T16:13:58.818Z,V11,Westminster,66e9e433-72b0-4c30-b0ea-7611d9608923,SAMMS-VCPHCS-XI-NorthDenverV5
202609041613555437,202609041543374070,202609041543373975,85,2960,Bronze INV,br_OrientationChecklistNew,TASK_COMPLETE,SUCCESS,INFO,124,124,0,,2026-09-04T15:43:48.314Z,2026-09-04T16:13:58.818Z,1810,2026-09-04T16:13:58.818Z,V12,Downtown Denver,66e9e433-72b0-4c30-b0ea-7611d9608923,SAMMS-VCPHCS-XII-DowntownDenverV5
202609041613555438,202609041543374071,202609041543373975,85,2961,Bronze INV,br_OrientationChecklistNew,TASK_COMPLETE,SUCCESS,INFO,62,62,0,,2026-09-04T15:43:48.314Z,2026-09-04T16:13:58.818Z,1810,2026-09-04T16:13:58.818Z,V12A,Centennial,66e9e433-72b0-4c30-b0ea-7611d9608923,SAMMS-CentennialV5
202609041613555439,202609041543374072,202609041543373975,85,2962,Bronze INV,br_OrientationChecklistNew,TASK_COMPLETE,SUCCESS,INFO,117,117,0,,2026-09-04T15:43:48.314Z,2026-09-04T16:13:58.818Z,1810,2026-09-04T16:13:58.818Z,V14,Overland Park,66e9e433-72b0-4c30-b0ea-7611d9608923,SAMMS-VCPHCS-XIV-BridgewayV5
202609041613555441,202609041543374073,202609041543373975,85,2963,Bronze INV,br_OrientationChecklistNew,TASK_COMPLETE,SUCCESS,INFO,161,161,0,,2026-09-04T15:43:48.314Z,2026-09-04T16:13:58.818Z,1810,2026-09-04T16:13:58.818Z,V15,Joplin,66e9e433-72b0-4c30-b0ea-7611d9608923,SAMMS-JoplinV5
202609041613555442,202609041543374074,202609041543373975,85,2965,Bronze INV,br_OrientationChecklistNew,TASK_COMPLETE,SUCCESS,INFO,59,59,0,,2026-09-04T15:43:48.314Z,2026-09-04T16:13:58.818Z,1810,2026-09-04T16:13:58.818Z,V17,Columbia TN,66e9e433-72b0-4c30-b0ea-7611d9608923,SAMMS-ColumbiaTNv5
202609041932519092,202609041904219523,202609041904219417,85,4077,Bronze INV,br_ReAssessmentPhysicalHealth,TASK_COMPLETE,SUCCESS,INFO,1786,1786,0,,2026-09-04T19:04:30.706Z,2026-09-04T19:32:56.074Z,1706,2026-09-04T19:32:56.074Z,V5,West Bank,b1302ebd-57a3-42bd-9029-9a66dda6727d,SAMMS-NONTCv5
202609041932519093,202609041904219524,202609041904219417,85,4079,Bronze INV,br_ReAssessmentPhysicalHealth,TASK_COMPLETE,SUCCESS,INFO,146,146,0,,2026-09-04T19:04:30.706Z,2026-09-04T19:32:56.074Z,1706,2026-09-04T19:32:56.074Z,V5B,Houma,b1302ebd-57a3-42bd-9029-9a66dda6727d,SAMMS-HoumaV6
202609041932519095,202609041904219525,202609041904219417,85,4080,Bronze INV,br_ReAssessmentPhysicalHealth,TASK_COMPLETE,SUCCESS,INFO,1917,1917,0,,2026-09-04T19:04:30.706Z,2026-09-04T19:32:56.074Z,1706,2026-09-04T19:32:56.074Z,V6,Lake Charles,b1302ebd-57a3-42bd-9029-9a66dda6727d,SAMMS-LCv5
202609041932519096,202609041904219526,202609041904219417,85,4082,Bronze INV,br_ReAssessmentPhysicalHealth,TASK_COMPLETE,SUCCESS,INFO,744,744,0,,2026-09-04T19:04:30.706Z,2026-09-04T19:32:56.074Z,1706,2026-09-04T19:32:56.074Z,V8,Memphis Midtown,b1302ebd-57a3-42bd-9029-9a66dda6727d,SAMMS-VCPHCS-VIII-MemphisV5
202609041932519097,202609041904219527,202609041904219417,85,4083,Bronze INV,br_ReAssessmentPhysicalHealth,TASK_COMPLETE,SUCCESS,INFO,1769,1769,0,,2026-09-04T19:04:30.706Z,2026-09-04T19:32:56.074Z,1706,2026-09-04T19:32:56.074Z,V9,Nashville,b1302ebd-57a3-42bd-9029-9a66dda6727d,SAMMS-NashvilleV5
202609041932519098,202609041904219528,202609041904219417,85,4084,Bronze INV,br_ReAssessmentPhysicalHealth,TASK_COMPLETE,SUCCESS,INFO,842,842,0,,2026-09-04T19:04:30.706Z,2026-09-04T19:32:56.074Z,1706,2026-09-04T19:32:56.074Z,VBRA,Brainerd,b1302ebd-57a3-42bd-9029-9a66dda6727d,SAMMS-BrainerdV6
202609041932519099,202609041904219529,202609041904219417,85,4085,Bronze INV,br_ReAssessmentPhysicalHealth,TASK_COMPLETE,SUCCESS,INFO,1965,1965,0,,2026-09-04T19:04:30.706Z,2026-09-04T19:32:56.074Z,1706,2026-09-04T19:32:56.074Z,VBRP,Brooklyn Park,b1302ebd-57a3-42bd-9029-9a66dda6727d,SAMMS-BrooklynParkV6
202609041932519100,202609041904219530,202609041904219417,85,4087,Bronze INV,br_ReAssessmentPhysicalHealth,TASK_COMPLETE,SUCCESS,INFO,746,746,0,,2026-09-04T19:04:30.706Z,2026-09-04T19:32:56.074Z,1706,2026-09-04T19:32:56.074Z,VMIN,Minneapolis,b1302ebd-57a3-42bd-9029-9a66dda6727d,SAMMS-MinneapolisV6
202609041932519101,202609041904219531,202609041904219417,85,4088,Bronze INV,br_ReAssessmentPhysicalHealth,TASK_COMPLETE,SUCCESS,INFO,889,889,0,,2026-09-04T19:04:30.706Z,2026-09-04T19:32:56.074Z,1706,2026-09-04T19:32:56.074Z,VWBY,Woodbury,b1302ebd-57a3-42bd-9029-9a66dda6727d,SAMMS-WoodburyV6
202609041932519103,202609041904219532,202609041904219417,85,4090,Bronze INV,br_ReAssessmentPhysicalHealth,TASK_COMPLETE,SUCCESS,INFO,161,161,0,,2026-09-04T19:04:30.706Z,2026-09-04T19:32:56.074Z,1706,2026-09-04T19:32:56.074Z,WIL,Wilson,b1302ebd-57a3-42bd-9029-9a66dda6727d,SAMMS-Wilson
202609041613555484,202609041543374111,202609041543373975,85,3934,Bronze INV,br_ReAssessmentPhysicalHealth,TASK_COMPLETE,SUCCESS,INFO,1487,1487,0,,2026-09-04T15:43:48.314Z,2026-09-04T16:13:58.818Z,1810,2026-09-04T16:13:58.818Z,B42D,Chesapeake South,66e9e433-72b0-4c30-b0ea-7611d9608923,SAMMS-ChesapeakeSouthV5
202609041613555485,202609041543374112,202609041543373975,85,3935,Bronze INV,br_ReAssessmentPhysicalHealth,TASK_COMPLETE,SUCCESS,INFO,632,632,0,,2026-09-04T15:43:48.314Z,2026-09-04T16:13:58.818Z,1810,2026-09-04T16:13:58.818Z,B44,Albany,66e9e433-72b0-4c30-b0ea-7611d9608923,SAMMS-AlbanyV5
202609041613555486,202609041543374113,202609041543373975,85,3936,Bronze INV,br_ReAssessmentPhysicalHealth,TASK_COMPLETE,SUCCESS,INFO,1273,1273,0,,2026-09-04T15:43:48.314Z,2026-09-04T16:13:58.818Z,1810,2026-09-04T16:13:58.818Z,B45,Tifton,66e9e433-72b0-4c30-b0ea-7611d9608923,SAMMS-TiftonV5
202609041613555487,202609041543374114,202609041543373975,85,3937,Bronze INV,br_ReAssessmentPhysicalHealth,TASK_COMPLETE,SUCCESS,INFO,591,591,0,,2026-09-04T15:43:48.314Z,2026-09-04T16:13:58.818Z,1810,2026-09-04T16:13:58.818Z,B46,Washington DC,66e9e433-72b0-4c30-b0ea-7611d9608923,SAMMS-WashingtonDCv5
202609041613555488,202609041543374115,202609041543373975,85,3938,Bronze INV,br_ReAssessmentPhysicalHealth,TASK_COMPLETE,SUCCESS,INFO,1575,1575,0,,2026-09-04T15:43:48.314Z,2026-09-04T16:13:58.818Z,1810,2026-09-04T16:13:58.818Z,B47,Mobile,66e9e433-72b0-4c30-b0ea-7611d9608923,SAMMS-MobileV5
202609041613555489,202609041543374116,202609041543373975,85,3939,Bronze INV,br_ReAssessmentPhysicalHealth,TASK_COMPLETE,SUCCESS,INFO,1301,1301,0,,2026-09-04T15:43:48.314Z,2026-09-04T16:13:58.818Z,1810,2026-09-04T16:13:58.818Z,B48,Tuscaloosa,66e9e433-72b0-4c30-b0ea-7611d9608923,SAMMS-TuscaloosaV5
202609041613555490,202609041543374117,202609041543373975,85,3948,Bronze INV,br_ReAssessmentPhysicalHealth,TASK_COMPLETE,SUCCESS,INFO,3,3,0,,2026-09-04T15:43:48.314Z,2026-09-04T16:13:58.818Z,1810,2026-09-04T16:13:58.818Z,B51,N. Little Rock (OTP),66e9e433-72b0-4c30-b0ea-7611d9608923,SAMMS-NorthLittleRockV6
202609041613555491,202609041543374118,202609041543373975,85,3949,Bronze INV,br_ReAssessmentPhysicalHealth,TASK_COMPLETE,SUCCESS,INFO,460,460,0,,2026-09-04T15:43:48.314Z,2026-09-04T16:13:58.818Z,1810,2026-09-04T16:13:58.818Z,B52,Jackson GA,66e9e433-72b0-4c30-b0ea-7611d9608923,SAMMS-JacksonGAV5
202609041613555493,202609041543374119,202609041543373975,85,3950,Bronze INV,br_ReAssessmentPhysicalHealth,TASK_COMPLETE,SUCCESS,INFO,1704,1704,0,,2026-09-04T15:43:48.314Z,2026-09-04T16:13:58.818Z,1810,2026-09-04T16:13:58.818Z,B54,Gadsden,66e9e433-72b0-4c30-b0ea-7611d9608923,SAMMS-GadsdenV5
202609041613555504,202609041543374129,202609041543373975,85,3965,Bronze INV,br_ReAssessmentPhysicalHealth,TASK_COMPLETE,SUCCESS,INFO,517,517,0,,2026-09-04T15:43:48.314Z,2026-09-04T16:13:58.818Z,1810,2026-09-04T16:13:58.818Z,B75,Lawrence,66e9e433-72b0-4c30-b0ea-7611d9608923,SAMMS-LawrenceV6
202609041613555505,202609041543374130,202609041543373975,85,3966,Bronze INV,br_ReAssessmentPhysicalHealth,TASK_COMPLETE,SUCCESS,INFO,0,0,0,,2026-09-04T15:43:48.314Z,2026-09-04T16:13:58.818Z,1810,2026-09-04T16:13:58.818Z,B76,Huntsville OBOT,66e9e433-72b0-4c30-b0ea-7611d9608923,SAMMS-Huntsville-OBOT
202609041613555506,202609041543374131,202609041543373975,85,3967,Bronze INV,br_ReAssessmentPhysicalHealth,TASK_COMPLETE,SUCCESS,INFO,0,0,0,,2026-09-04T15:43:48.314Z,2026-09-04T16:13:58.818Z,1810,2026-09-04T16:13:58.818Z,BAT,Batesville,66e9e433-72b0-4c30-b0ea-7611d9608923,SAMMS-Batesville
202609041613555507,202609041543374132,202609041543373975,85,3968,Bronze INV,br_ReAssessmentPhysicalHealth,TASK_COMPLETE,SUCCESS,INFO,461,461,0,,2026-09-04T15:43:48.314Z,2026-09-04T16:13:58.818Z,1810,2026-09-04T16:13:58.818Z,BG,Bowling Green,66e9e433-72b0-4c30-b0ea-7611d9608923,SAMMS-BowlingGreen
202609041613555508,202609041543374133,202609041543373975,85,3969,Bronze INV,br_ReAssessmentPhysicalHealth,TASK_COMPLETE,SUCCESS,INFO,179,179,0,,2026-09-04T15:43:48.314Z,2026-09-04T16:13:58.818Z,1810,2026-09-04T16:13:58.818Z,BOI,Boise,66e9e433-72b0-4c30-b0ea-7611d9608923,SAMMS-Boise
202609041613555510,202609041543374134,202609041543373975,85,3976,Bronze INV,br_ReAssessmentPhysicalHealth,TASK_COMPLETE,SUCCESS,INFO,51,51,0,,2026-09-04T15:43:48.314Z,2026-09-04T16:13:58.818Z,1810,2026-09-04T16:13:58.818Z,CBCO,Coeur dAlene,66e9e433-72b0-4c30-b0ea-7611d9608923,SAMMS-CoeurdAleneV6
202609041613555511,202609041543374135,202609041543373975,85,3995,Bronze INV,br_ReAssessmentPhysicalHealth,TASK_COMPLETE,SUCCESS,INFO,0,0,0,,2026-09-04T15:43:48.314Z,2026-09-04T16:13:58.818Z,1810,2026-09-04T16:13:58.818Z,CON,Conway,66e9e433-72b0-4c30-b0ea-7611d9608923,SAMMS-Conway
202609041613555512,202609041543374136,202609041543373975,85,3996,Bronze INV,br_ReAssessmentPhysicalHealth,TASK_COMPLETE,SUCCESS,INFO,2590,2590,0,,2026-09-04T15:43:48.314Z,2026-09-04T16:13:58.818Z,1810,2026-09-04T16:13:58.818Z,D07,Medical Services Knox TN,66e9e433-72b0-4c30-b0ea-7611d9608923,SAMMS-KnoxvilleV6
202609041613555513,202609041543374137,202609041543373975,85,3997,Bronze INV,br_ReAssessmentPhysicalHealth,TASK_COMPLETE,SUCCESS,INFO,116,116,0,,2026-09-04T15:43:48.314Z,2026-09-04T16:13:58.818Z,1810,2026-09-04T16:13:58.818Z,D08,Madison,66e9e433-72b0-4c30-b0ea-7611d9608923,SAMMS-MadisonV6
202609070315535670,202609070315535671,20260907031553,122,12585,Gold OffWeek Counseling Engagement,OffWeekCounselingEngagement,TASK_FAILED,FAILED,ERROR,0,0,1,No EtlConfig found for PipelineName: ''nb_offweekcounseling_slv_to_gld123'' after 3 retry attempts,2026-09-07T03:15:53.567Z,2026-09-07T03:15:53.567Z,0,2026-09-07T03:15:53.567Z,,,32ebc41d-1616-4d5e-aeab-1fc3f7fe7d06,
202609041613555473,202609041543374102,202609041543373975,85,3925,Bronze INV,br_ReAssessmentPhysicalHealth,TASK_COMPLETE,SUCCESS,INFO,22,22,0,,2026-09-04T15:43:48.314Z,2026-09-04T16:13:58.818Z,1810,2026-09-04T16:13:58.818Z,B36,Asheville,66e9e433-72b0-4c30-b0ea-7611d9608923,SAMMS-AshevilleV5
202609041613555474,202609041543374103,202609041543373975,85,3926,Bronze INV,br_ReAssessmentPhysicalHealth,TASK_COMPLETE,SUCCESS,INFO,1,1,0,,2026-09-04T15:43:48.314Z,2026-09-04T16:13:58.818Z,1810,2026-09-04T16:13:58.818Z,B37,Clyde,66e9e433-72b0-4c30-b0ea-7611d9608923,SAMMS-ClydeV5
202609041613555476,202609041543374104,202609041543373975,85,3927,Bronze INV,br_ReAssessmentPhysicalHealth,TASK_COMPLETE,SUCCESS,INFO,1189,1189,0,,2026-09-04T15:43:48.314Z,2026-09-04T16:13:58.818Z,1810,2026-09-04T16:13:58.818Z,B38,Spartanburg,66e9e433-72b0-4c30-b0ea-7611d9608923,SAMMS-SpartanburgV5
202609041613555477,202609041543374105,202609041543373975,85,3928,Bronze INV,br_ReAssessmentPhysicalHealth,TASK_COMPLETE,SUCCESS,INFO,362,362,0,,2026-09-04T15:43:48.314Z,2026-09-04T16:13:58.818Z,1810,2026-09-04T16:13:58.818Z,B39,Aiken,66e9e433-72b0-4c30-b0ea-7611d9608923,SAMMS-AikenV5
202609041613555478,202609041543374106,202609041543373975,85,3929,Bronze INV,br_ReAssessmentPhysicalHealth,TASK_COMPLETE,SUCCESS,INFO,1894,1894,0,,2026-09-04T15:43:48.314Z,2026-09-04T16:13:58.818Z,1810,2026-09-04T16:13:58.818Z,B41,Chesapeake,66e9e433-72b0-4c30-b0ea-7611d9608923,SAMMS-ChesapeakeV5
202609041613555479,202609041543374107,202609041543373975,85,3930,Bronze INV,br_ReAssessmentPhysicalHealth,TASK_COMPLETE,SUCCESS,INFO,1922,1922,0,,2026-09-04T15:43:48.314Z,2026-09-04T16:13:58.818Z,1810,2026-09-04T16:13:58.818Z,B42,Virginia Beach,66e9e433-72b0-4c30-b0ea-7611d9608923,SAMMS-VirginiaBeachV5
202609041613555480,202609041543374108,202609041543373975,85,3931,Bronze INV,br_ReAssessmentPhysicalHealth,TASK_COMPLETE,SUCCESS,INFO,936,936,0,,2026-09-04T15:43:48.314Z,2026-09-04T16:13:58.818Z,1810,2026-09-04T16:13:58.818Z,B42A,Newport News,66e9e433-72b0-4c30-b0ea-7611d9608923,SAMMS-NewportNewsV5
202609041613555481,202609041543374109,202609041543373975,85,3932,Bronze INV,br_ReAssessmentPhysicalHealth,TASK_COMPLETE,SUCCESS,INFO,508,508,0,,2026-09-04T15:43:48.314Z,2026-09-04T16:13:58.818Z,1810,2026-09-04T16:13:58.818Z,B42B,Franklin,66e9e433-72b0-4c30-b0ea-7611d9608923,SAMMS-FranklinV5
202609041613555482,202609041543374110,202609041543373975,85,3933,Bronze INV,br_ReAssessmentPhysicalHealth,TASK_COMPLETE,SUCCESS,INFO,346,346,0,,2026-09-04T15:43:48.314Z,2026-09-04T16:13:58.818Z,1810,2026-09-04T16:13:58.818Z,B42C,Glen Allen,66e9e433-72b0-4c30-b0ea-7611d9608923,SAMMS-GlenAllenV5
202608310626357996,202608310626357997,20260831062635,122,12585,Gold OffWeek Counseling,OffWeekCounselingEngagement,TASK_SKIPPED,SKIPPED,INFO,0,0,0,EtlConfig for ''nb_offweekcounseling_slv_to_gld'' (ConfigId: 122) is inactive (IsActive=0). Activity skipped.,2026-08-31T06:26:35.799Z,2026-08-31T06:26:35.799Z,0,2026-08-31T06:26:35.799Z,,,37c5b12d-f877-4498-bf21-95491b7fdee7,
202608310712002531,202608310712002532,20260831071200,122,12585,Gold OffWeek Counseling,OffWeekCounselingEngagement,TASK_SKIPPED,SKIPPED,INFO,0,0,0,EtlConfig for ''nb_offweekcounseling_slv_to_gld'' (ConfigId: 122) is inactive (IsActive=0). Activity skipped.,2026-08-31T07:12:00.253Z,2026-08-31T07:12:00.253Z,0,2026-08-31T07:12:00.253Z,,,c109bed6-61e8-4611-8aec-6c6c13a8385b,
202609041613555524,202609041543374147,202609041543373975,85,4010,Bronze INV,br_ReAssessmentPhysicalHealth,TASK_COMPLETE,SUCCESS,INFO,261,261,0,,2026-09-04T15:43:48.314Z,2026-09-04T16:13:58.818Z,1810,2026-09-04T16:13:58.818Z,ELC,Elizabeth City,66e9e433-72b0-4c30-b0ea-7611d9608923,SAMMS-ElizabethCity
202609041613555525,202609041543374148,202609041543373975,85,4011,Bronze INV,br_ReAssessmentPhysicalHealth,TASK_COMPLETE,SUCCESS,INFO,128,128,0,,2026-09-04T15:43:48.314Z,2026-09-04T16:13:58.818Z,1810,2026-09-04T16:13:58.818Z,ET,Elizabethtown,66e9e433-72b0-4c30-b0ea-7611d9608923,SAMMS-Elizabethtown
202609041613555526,202609041543374149,202609041543373975,85,4012,Bronze INV,br_ReAssessmentPhysicalHealth,TASK_COMPLETE,SUCCESS,INFO,0,0,0,,2026-09-04T15:43:48.314Z,2026-09-04T16:13:58.818Z,1810,2026-09-04T16:13:58.818Z,FAY,Fayetteville,66e9e433-72b0-4c30-b0ea-7611d9608923,SAMMS-Fayetteville
202609041613555528,202609041543374150,202609041543373975,85,4013,Bronze INV,br_ReAssessmentPhysicalHealth,TASK_COMPLETE,SUCCESS,INFO,156,156,0,,2026-09-04T15:43:48.314Z,2026-09-04T16:13:58.818Z,1810,2026-09-04T16:13:58.818Z,FR,Frankfort,66e9e433-72b0-4c30-b0ea-7611d9608923,SAMMS-Frankfort
202609041613555529,202609041543374151,202609041543373975,85,4014,Bronze INV,br_ReAssessmentPhysicalHealth,TASK_COMPLETE,SUCCESS,INFO,0,0,0,,2026-09-04T15:43:48.314Z,2026-09-04T16:13:58.818Z,1810,2026-09-04T16:13:58.818Z,FS,Fort Smith,66e9e433-72b0-4c30-b0ea-7611d9608923,SAMMS-FortSmith
202609041613555530,202609041543374152,202609041543373975,85,4015,Bronze INV,br_ReAssessmentPhysicalHealth,TASK_COMPLETE,SUCCESS,INFO,471,471,0,,2026-09-04T15:43:48.314Z,2026-09-04T16:13:58.818Z,1810,2026-09-04T16:13:58.818Z,FW,Fort Wayne,66e9e433-72b0-4c30-b0ea-7611d9608923,SAMMS-FortWayne
202609041613555531,202609041543374153,202609041543373975,85,4016,Bronze INV,br_ReAssessmentPhysicalHealth,TASK_COMPLETE,SUCCESS,INFO,276,276,0,,2026-09-04T15:43:48.314Z,2026-09-04T16:13:58.818Z,1810,2026-09-04T16:13:58.818Z,GAL,Gaylord,66e9e433-72b0-4c30-b0ea-7611d9608923,SAMMS-Gaylord
202609041613555532,202609041543374154,202609041543373975,85,4020,Bronze INV,br_ReAssessmentPhysicalHealth,TASK_COMPLETE,SUCCESS,INFO,100,100,0,,2026-09-04T15:43:48.314Z,2026-09-04T16:13:58.818Z,1810,2026-09-04T16:13:58.818Z,HGT,Hagerstown,66e9e433-72b0-4c30-b0ea-7611d9608923,SAMMS-Hagerstown
202609041613555533,202609041543374155,202609041543373975,85,4021,Bronze INV,br_ReAssessmentPhysicalHealth,TASK_COMPLETE,SUCCESS,INFO,1727,1727,0,,2026-09-04T15:43:48.314Z,2026-09-04T16:13:58.818Z,1810,2026-09-04T16:13:58.818Z,HNT,Huntsville,66e9e433-72b0-4c30-b0ea-7611d9608923,SAMMS-Huntsville
202609041613555555,202609041543374174,202609041543373975,85,4051,Bronze INV,br_ReAssessmentPhysicalHealth,TASK_COMPLETE,SUCCESS,INFO,225,225,0,,2026-09-04T15:43:48.314Z,2026-09-04T16:13:58.818Z,1810,2026-09-04T16:13:58.818Z,STVN,Stevenson,66e9e433-72b0-4c30-b0ea-7611d9608923,SAMMS-Stevenson
202609041613555556,202609041543374175,202609041543373975,85,4053,Bronze INV,br_ReAssessmentPhysicalHealth,TASK_COMPLETE,SUCCESS,INFO,174,174,0,,2026-09-04T15:43:48.314Z,2026-09-04T16:13:58.818Z,1810,2026-09-04T16:13:58.818Z,TE,Tempe,66e9e433-72b0-4c30-b0ea-7611d9608923,SAMMS-Tempe
202609041613555557,202609041543374176,202609041543373975,85,4054,Bronze INV,br_ReAssessmentPhysicalHealth,TASK_COMPLETE,SUCCESS,INFO,0,0,0,,2026-09-04T15:43:48.314Z,2026-09-04T16:13:58.818Z,1810,2026-09-04T16:13:58.818Z,TEX,Texarkana,66e9e433-72b0-4c30-b0ea-7611d9608923,SAMMS-Texarkana
202609041613555558,202609041543374177,202609041543373975,85,4055,Bronze INV,br_ReAssessmentPhysicalHealth,TASK_COMPLETE,SUCCESS,INFO,1084,1084,0,,2026-09-04T15:43:48.314Z,2026-09-04T16:13:58.818Z,1810,2026-09-04T16:13:58.818Z,TTCA,Bessemer,66e9e433-72b0-4c30-b0ea-7611d9608923,SAMMS-BessemerV5
202609041613555559,202609041543374178,202609041543373975,85,4056,Bronze INV,br_ReAssessmentPhysicalHealth,TASK_COMPLETE,SUCCESS,INFO,1321,1321,0,,2026-09-04T15:43:48.314Z,2026-09-04T16:13:58.818Z,1810,2026-09-04T16:13:58.818Z,TTCB,Cullman,66e9e433-72b0-4c30-b0ea-7611d9608923,SAMMS-CullmanV5
202609041613555560,202609041543374179,202609041543373975,85,4057,Bronze INV,br_ReAssessmentPhysicalHealth,TASK_COMPLETE,SUCCESS,INFO,945,945,0,,2026-09-04T15:43:48.314Z,2026-09-04T16:13:58.818Z,1810,2026-09-04T16:13:58.818Z,TTCC,Grand Bay,66e9e433-72b0-4c30-b0ea-7611d9608923,SAMMS-GrandBay
202609041613555561,202609041543374180,202609041543373975,85,4058,Bronze INV,br_ReAssessmentPhysicalHealth,TASK_COMPLETE,SUCCESS,INFO,15,15,0,,2026-09-04T15:43:48.314Z,2026-09-04T16:13:58.818Z,1810,2026-09-04T16:13:58.818Z,TU,Tucson,66e9e433-72b0-4c30-b0ea-7611d9608923,SAMMS-Tucson
202609041613555563,202609041543374181,202609041543373975,85,4060,Bronze INV,br_ReAssessmentPhysicalHealth,TASK_COMPLETE,SUCCESS,INFO,661,661,0,,2026-09-04T15:43:48.314Z,2026-09-04T16:13:58.818Z,1810,2026-09-04T16:13:58.818Z,V1,Memphis South,66e9e433-72b0-4c30-b0ea-7611d9608923,SAMMS-VCPHCS-I-MemphisV5
202609041613555564,202609041543374182,202609041543373975,85,4061,Bronze INV,br_ReAssessmentPhysicalHealth,TASK_COMPLETE,SUCCESS,INFO,1630,1630,0,,2026-09-04T15:43:48.314Z,2026-09-04T16:13:58.818Z,1810,2026-09-04T16:13:58.818Z,V10,Longmont,66e9e433-72b0-4c30-b0ea-7611d9608923,SAMMS-BoulderV5
202609041932519076,202609041904219509,202609041904219417,85,4057,Bronze INV,br_ReAssessmentPhysicalHealth,TASK_COMPLETE,SUCCESS,INFO,945,945,0,,2026-09-04T19:04:30.706Z,2026-09-04T19:32:56.074Z,1706,2026-09-04T19:32:56.074Z,TTCC,Grand Bay,b1302ebd-57a3-42bd-9029-9a66dda6727d,SAMMS-GrandBay
202609041932519077,202609041904219510,202609041904219417,85,4058,Bronze INV,br_ReAssessmentPhysicalHealth,TASK_COMPLETE,SUCCESS,INFO,15,15,0,,2026-09-04T19:04:30.706Z,2026-09-04T19:32:56.074Z,1706,2026-09-04T19:32:56.074Z,TU,Tucson,b1302ebd-57a3-42bd-9029-9a66dda6727d,SAMMS-Tucson
202609041932519078,202609041904219511,202609041904219417,85,4060,Bronze INV,br_ReAssessmentPhysicalHealth,TASK_COMPLETE,SUCCESS,INFO,661,661,0,,2026-09-04T19:04:30.706Z,2026-09-04T19:32:56.074Z,1706,2026-09-04T19:32:56.074Z,V1,Memphis South,b1302ebd-57a3-42bd-9029-9a66dda6727d,SAMMS-VCPHCS-I-MemphisV5
202609041932519080,202609041904219512,202609041904219417,85,4061,Bronze INV,br_ReAssessmentPhysicalHealth,TASK_COMPLETE,SUCCESS,INFO,1630,1630,0,,2026-09-04T19:04:30.706Z,2026-09-04T19:32:56.074Z,1706,2026-09-04T19:32:56.074Z,V10,Longmont,b1302ebd-57a3-42bd-9029-9a66dda6727d,SAMMS-BoulderV5
202609041932519081,202609041904219513,202609041904219417,85,4062,Bronze INV,br_ReAssessmentPhysicalHealth,TASK_COMPLETE,SUCCESS,INFO,1517,1517,0,,2026-09-04T19:04:30.706Z,2026-09-04T19:32:56.074Z,1706,2026-09-04T19:32:56.074Z,V10A,Fort Collins,b1302ebd-57a3-42bd-9029-9a66dda6727d,SAMMS-FortCollinsV5
202609041932519082,202609041904219514,202609041904219417,85,4063,Bronze INV,br_ReAssessmentPhysicalHealth,TASK_COMPLETE,SUCCESS,INFO,2876,2876,0,,2026-09-04T19:04:30.706Z,2026-09-04T19:32:56.074Z,1706,2026-09-04T19:32:56.074Z,V11,Westminster,b1302ebd-57a3-42bd-9029-9a66dda6727d,SAMMS-VCPHCS-XI-NorthDenverV5
202609041932519083,202609041904219515,202609041904219417,85,4064,Bronze INV,br_ReAssessmentPhysicalHealth,TASK_COMPLETE,SUCCESS,INFO,3046,3046,0,,2026-09-04T19:04:30.706Z,2026-09-04T19:32:56.074Z,1706,2026-09-04T19:32:56.074Z,V12,Downtown Denver,b1302ebd-57a3-42bd-9029-9a66dda6727d,SAMMS-VCPHCS-XII-DowntownDenverV5
202609041613555351,202609041543373994,202609041543373975,85,2825,Bronze INV,br_OrientationChecklistNew,TASK_COMPLETE,SUCCESS,INFO,147,147,0,,2026-09-04T15:43:48.314Z,2026-09-04T16:13:58.818Z,1810,2026-09-04T16:13:58.818Z,B41,Chesapeake,66e9e433-72b0-4c30-b0ea-7611d9608923,SAMMS-ChesapeakeV5
202609041613555352,202609041543373995,202609041543373975,85,2826,Bronze INV,br_OrientationChecklistNew,TASK_COMPLETE,SUCCESS,INFO,196,196,0,,2026-09-04T15:43:48.314Z,2026-09-04T16:13:58.818Z,1810,2026-09-04T16:13:58.818Z,B42,Virginia Beach,66e9e433-72b0-4c30-b0ea-7611d9608923,SAMMS-VirginiaBeachV5
202609041613555353,202609041543373996,202609041543373975,85,2827,Bronze INV,br_OrientationChecklistNew,TASK_COMPLETE,SUCCESS,INFO,136,136,0,,2026-09-04T15:43:48.314Z,2026-09-04T16:13:58.818Z,1810,2026-09-04T16:13:58.818Z,B42A,Newport News,66e9e433-72b0-4c30-b0ea-7611d9608923,SAMMS-NewportNewsV5
202609041613555354,202609041543373997,202609041543373975,85,2828,Bronze INV,br_OrientationChecklistNew,TASK_COMPLETE,SUCCESS,INFO,27,27,0,,2026-09-04T15:43:48.314Z,2026-09-04T16:13:58.818Z,1810,2026-09-04T16:13:58.818Z,B42B,Franklin,66e9e433-72b0-4c30-b0ea-7611d9608923,SAMMS-FranklinV5
202609041613555356,202609041543373998,202609041543373975,85,2829,Bronze INV,br_OrientationChecklistNew,TASK_COMPLETE,SUCCESS,INFO,199,199,0,,2026-09-04T15:43:48.314Z,2026-09-04T16:13:58.818Z,1810,2026-09-04T16:13:58.818Z,B42C,Glen Allen,66e9e433-72b0-4c30-b0ea-7611d9608923,SAMMS-GlenAllenV5
202609041613555357,202609041543373999,202609041543373975,85,2830,Bronze INV,br_OrientationChecklistNew,TASK_COMPLETE,SUCCESS,INFO,76,76,0,,2026-09-04T15:43:48.314Z,2026-09-04T16:13:58.818Z,1810,2026-09-04T16:13:58.818Z,B42D,Chesapeake South,66e9e433-72b0-4c30-b0ea-7611d9608923,SAMMS-ChesapeakeSouthV5
202609041613555358,202609041543374000,202609041543373975,85,2831,Bronze INV,br_OrientationChecklistNew,TASK_COMPLETE,SUCCESS,INFO,56,56,0,,2026-09-04T15:43:48.314Z,2026-09-04T16:13:58.818Z,1810,2026-09-04T16:13:58.818Z,B44,Albany,66e9e433-72b0-4c30-b0ea-7611d9608923,SAMMS-AlbanyV5
202609041613555359,202609041543374001,202609041543373975,85,2832,Bronze INV,br_OrientationChecklistNew,TASK_COMPLETE,SUCCESS,INFO,53,53,0,,2026-09-04T15:43:48.314Z,2026-09-04T16:13:58.818Z,1810,2026-09-04T16:13:58.818Z,B45,Tifton,66e9e433-72b0-4c30-b0ea-7611d9608923,SAMMS-TiftonV5
202609041613555360,202609041543374002,202609041543373975,85,2833,Bronze INV,br_OrientationChecklistNew,TASK_COMPLETE,SUCCESS,INFO,266,266,0,,2026-09-04T15:43:48.314Z,2026-09-04T16:13:58.818Z,1810,2026-09-04T16:13:58.818Z,B46,Washington DC,66e9e433-72b0-4c30-b0ea-7611d9608923,SAMMS-WashingtonDCv5
202608310526281628,202608310526281628,20260831034154,133,13728,Medicare Utilization Workflow IN-DB v2 Silver,sl_bundled_logic_utl,SILVER_ZERO,SUCCESS,WARN,1,0,0,Silver transformation resulted in 0 rows for Medicare Utilization Workflow IN-DB v2 Silver,2026-08-31T05:26:32.129Z,2026-08-31T05:28:56.946Z,132,2026-08-31T05:28:56.946Z,,,648551aa-4be1-43d5-9996-5e68064cace6,
202608311223043033,202608311223043033,20260831121208,133,13728,Medicare Utilization Workflow IN-DB v2 Silver,sl_bundled_logic_utl,SILVER_ZERO,SUCCESS,WARN,1,0,0,Silver transformation resulted in 0 rows for Medicare Utilization Workflow IN-DB v2 Silver,2026-08-31T12:23:09.003Z,2026-08-31T12:24:52.580Z,96,2026-08-31T12:24:52.580Z,,,73ab084e-6be8-4233-a81c-8f049414a380,
202609031639371840,202609031639371841,20260903163937,122,12585,Gold OffWeek Counseling Engagement,OffWeekCounselingEngagement,TASK_FAILED,FAILED,ERROR,0,0,1,No EtlConfig found for PipelineName: ''nb_offweekcounseling_slv_to_'' after 3 retry attempts,2026-09-03T16:39:37.184Z,2026-09-03T16:39:37.184Z,0,2026-09-03T16:39:37.184Z,,,c4aab6bd-7246-42a6-8543-50273d44cf3d,
202608310612270015,202608310612270015,20260831060206,133,13728,Medicare Utilization Workflow IN-DB v2 Silver,sl_bundled_logic_utl,SILVER_ZERO,SUCCESS,WARN,1,0,0,Silver transformation resulted in 0 rows for Medicare Utilization Workflow IN-DB v2 Silver,2026-08-31T06:12:34.381Z,2026-08-31T06:14:29.105Z,96,2026-08-31T06:14:29.105Z,,,1de5cf99-6b82-4338-b3fe-396114f7957f,
202609031153202477,202609031153202476,20260903114054,133,13728,Medicare Utilization Workflow IN-DB v2 Silver,sl_bundled_logic_utl,SILVER_ZERO,SUCCESS,WARN,1,0,0,Silver transformation resulted in 0 rows for Medicare Utilization Workflow IN-DB v2 Silver,2026-09-03T11:53:24.932Z,2026-09-03T11:55:09.237Z,97,2026-09-03T11:55:09.237Z,,,1426a45f-7ba5-45f5-b808-280584111092,
202609031707329043,202609031707329044,20260903170732,122,12585,Gold OffWeek Counseling Engagement,OffWeekCounselingEngagement,TASK_FAILED,FAILED,ERROR,0,0,1,No EtlConfig found for PipelineName: ''nb_offweekcounseling_slv_to_'' after 3 retry attempts,2026-09-03T17:07:32.904Z,2026-09-03T17:07:32.904Z,0,2026-09-03T17:07:32.904Z,,,79148fba-3b5b-4bd1-ba61-2fb3620a4279,
202609041613555463,202609041543374093,202609041543373975,85,3915,Bronze INV,br_ReAssessmentPhysicalHealth,TASK_COMPLETE,SUCCESS,INFO,532,532,0,,2026-09-04T15:43:48.314Z,2026-09-04T16:13:58.818Z,1810,2026-09-04T16:13:58.818Z,B27,Savannah,66e9e433-72b0-4c30-b0ea-7611d9608923,SAMMS-SavannahV6
202609041613555464,202609041543374094,202609041543373975,85,3916,Bronze INV,br_ReAssessmentPhysicalHealth,TASK_COMPLETE,SUCCESS,INFO,246,246,0,,2026-09-04T15:43:48.314Z,2026-09-04T16:13:58.818Z,1810,2026-09-04T16:13:58.818Z,B28,West Plains,66e9e433-72b0-4c30-b0ea-7611d9608923,SAMMS-WestPlainesV5
202609041613555465,202609041543374095,202609041543373975,85,3917,Bronze INV,br_ReAssessmentPhysicalHealth,TASK_COMPLETE,SUCCESS,INFO,461,461,0,,2026-09-04T15:43:48.314Z,2026-09-04T16:13:58.818Z,1810,2026-09-04T16:13:58.818Z,B29,Poplar Bluff,66e9e433-72b0-4c30-b0ea-7611d9608923,SAMMS-PoplarBluffV5
202609041613555467,202609041543374096,202609041543373975,85,3918,Bronze INV,br_ReAssessmentPhysicalHealth,TASK_COMPLETE,SUCCESS,INFO,80,80,0,,2026-09-04T15:43:48.314Z,2026-09-04T16:13:58.818Z,1810,2026-09-04T16:13:58.818Z,B30,KC North,66e9e433-72b0-4c30-b0ea-7611d9608923,SAMMS-KCNv5
202609041613555468,202609041543374097,202609041543373975,85,3919,Bronze INV,br_ReAssessmentPhysicalHealth,TASK_COMPLETE,SUCCESS,INFO,400,400,0,,2026-09-04T15:43:48.314Z,2026-09-04T16:13:58.818Z,1810,2026-09-04T16:13:58.818Z,B31,Dyersburg,66e9e433-72b0-4c30-b0ea-7611d9608923,SAMMS-DyersburgV5
202609041613555469,202609041543374098,202609041543373975,85,3921,Bronze INV,br_ReAssessmentPhysicalHealth,TASK_COMPLETE,SUCCESS,INFO,488,488,0,,2026-09-04T15:43:48.314Z,2026-09-04T16:13:58.818Z,1810,2026-09-04T16:13:58.818Z,B33,Paducah,66e9e433-72b0-4c30-b0ea-7611d9608923,SAMMS-Paducah
202609041613555470,202609041543374099,202609041543373975,85,3922,Bronze INV,br_ReAssessmentPhysicalHealth,TASK_COMPLETE,SUCCESS,INFO,386,386,0,,2026-09-04T15:43:48.314Z,2026-09-04T16:13:58.818Z,1810,2026-09-04T16:13:58.818Z,B34,Corbin,66e9e433-72b0-4c30-b0ea-7611d9608923,SAMMS-CorbinV5
202609041613555471,202609041543374100,202609041543373975,85,3923,Bronze INV,br_ReAssessmentPhysicalHealth,TASK_COMPLETE,SUCCESS,INFO,243,243,0,,2026-09-04T15:43:48.314Z,2026-09-04T16:13:58.818Z,1810,2026-09-04T16:13:58.818Z,B35,Lexington,66e9e433-72b0-4c30-b0ea-7611d9608923,SAMMS-LexingtonV5
202609041613555472,202609041543374101,202609041543373975,85,3924,Bronze INV,br_ReAssessmentPhysicalHealth,TASK_COMPLETE,SUCCESS,INFO,77,77,0,,2026-09-04T15:43:48.314Z,2026-09-04T16:13:58.818Z,1810,2026-09-04T16:13:58.818Z,B35A,Berea,66e9e433-72b0-4c30-b0ea-7611d9608923,SAMMS-BereaV5
202609041613555330,202609041543373976,202609041543373975,85,2806,Bronze INV,br_OrientationChecklistNew,TASK_COMPLETE,SUCCESS,INFO,59,59,0,,2026-09-04T15:43:48.314Z,2026-09-04T16:13:58.818Z,1810,2026-09-04T16:13:58.818Z,AHK,Ahoskie,66e9e433-72b0-4c30-b0ea-7611d9608923,SAMMS-Ahoskie
202609041613555331,202609041543373977,202609041543373975,85,2807,Bronze INV,br_OrientationChecklistNew,TASK_COMPLETE,SUCCESS,INFO,157,157,0,,2026-09-04T15:43:48.314Z,2026-09-04T16:13:58.818Z,1810,2026-09-04T16:13:58.818Z,B12B,Colorado Springs,66e9e433-72b0-4c30-b0ea-7611d9608923,SAMMS-ColoradoSpringsV5
202609041613555332,202609041543373978,202609041543373975,85,2808,Bronze INV,br_OrientationChecklistNew,TASK_COMPLETE,SUCCESS,INFO,168,168,0,,2026-09-04T15:43:48.314Z,2026-09-04T16:13:58.818Z,1810,2026-09-04T16:13:58.818Z,B24,Paintsville,66e9e433-72b0-4c30-b0ea-7611d9608923,SAMMS-PaintsvilleV5
202609041613555334,202609041543373979,202609041543373975,85,2809,Bronze INV,br_OrientationChecklistNew,TASK_COMPLETE,SUCCESS,INFO,83,83,0,,2026-09-04T15:43:48.314Z,2026-09-04T16:13:58.818Z,1810,2026-09-04T16:13:58.818Z,B25,Pikeville,66e9e433-72b0-4c30-b0ea-7611d9608923,SAMMS-PikevilleV5
202609041613555335,202609041543373980,202609041543373975,85,2810,Bronze INV,br_OrientationChecklistNew,TASK_COMPLETE,SUCCESS,INFO,271,271,0,,2026-09-04T15:43:48.314Z,2026-09-04T16:13:58.818Z,1810,2026-09-04T16:13:58.818Z,B26,Hazard,66e9e433-72b0-4c30-b0ea-7611d9608923,SAMMS-HazardV5
202609041613555336,202609041543373981,202609041543373975,85,2811,Bronze INV,br_OrientationChecklistNew,TASK_COMPLETE,SUCCESS,INFO,30,30,0,,2026-09-04T15:43:48.314Z,2026-09-04T16:13:58.818Z,1810,2026-09-04T16:13:58.818Z,B27,Savannah,66e9e433-72b0-4c30-b0ea-7611d9608923,SAMMS-SavannahV6
202609041613555337,202609041543373982,202609041543373975,85,2812,Bronze INV,br_OrientationChecklistNew,TASK_COMPLETE,SUCCESS,INFO,98,98,0,,2026-09-04T15:43:48.314Z,2026-09-04T16:13:58.818Z,1810,2026-09-04T16:13:58.818Z,B28,West Plains,66e9e433-72b0-4c30-b0ea-7611d9608923,SAMMS-WestPlainesV5
202609041613555338,202609041543373983,202609041543373975,85,2813,Bronze INV,br_OrientationChecklistNew,TASK_COMPLETE,SUCCESS,INFO,76,76,0,,2026-09-04T15:43:48.314Z,2026-09-04T16:13:58.818Z,1810,2026-09-04T16:13:58.818Z,B29,Poplar Bluff,66e9e433-72b0-4c30-b0ea-7611d9608923,SAMMS-PoplarBluffV5
202609041613555339,202609041543373984,202609041543373975,85,2814,Bronze INV,br_OrientationChecklistNew,TASK_COMPLETE,SUCCESS,INFO,55,55,0,,2026-09-04T15:43:48.314Z,2026-09-04T16:13:58.818Z,1810,2026-09-04T16:13:58.818Z,B30,KC North,66e9e433-72b0-4c30-b0ea-7611d9608923,SAMMS-KCNv5
202609021016548060,202609021016548061,20260902101654,128,13682,Gold Overdue Courses,pay.LearningReports_Overdue,TASK_SKIPPED,SKIPPED,INFO,0,0,0,EtlConfig for ''nb_overduecourses_slv_to_gld'' (ConfigId: 128) is inactive (IsActive=0). Activity skipped.,2026-09-02T10:16:54.806Z,2026-09-02T10:16:54.806Z,0,2026-09-02T10:16:54.806Z,,,8a6f1e0c-6911-49b3-a6e2-a915b3060644,
202609041613555361,202609041543374003,202609041543373975,85,2834,Bronze INV,br_OrientationChecklistNew,TASK_COMPLETE,SUCCESS,INFO,97,97,0,,2026-09-04T15:43:48.314Z,2026-09-04T16:13:58.818Z,1810,2026-09-04T16:13:58.818Z,B47,Mobile,66e9e433-72b0-4c30-b0ea-7611d9608923,SAMMS-MobileV5
202609041613555362,202609041543374004,202609041543373975,85,2835,Bronze INV,br_OrientationChecklistNew,TASK_COMPLETE,SUCCESS,INFO,127,127,0,,2026-09-04T15:43:48.314Z,2026-09-04T16:13:58.818Z,1810,2026-09-04T16:13:58.818Z,B48,Tuscaloosa,66e9e433-72b0-4c30-b0ea-7611d9608923,SAMMS-TuscaloosaV5
202609041613555364,202609041543374005,202609041543373975,85,2844,Bronze INV,br_OrientationChecklistNew,TASK_COMPLETE,SUCCESS,INFO,79,79,0,,2026-09-04T15:43:48.314Z,2026-09-04T16:13:58.818Z,1810,2026-09-04T16:13:58.818Z,B51,N. Little Rock (OTP),66e9e433-72b0-4c30-b0ea-7611d9608923,SAMMS-NorthLittleRockV6
202609041613555365,202609041543374006,202609041543373975,85,2845,Bronze INV,br_OrientationChecklistNew,TASK_COMPLETE,SUCCESS,INFO,14,14,0,,2026-09-04T15:43:48.314Z,2026-09-04T16:13:58.818Z,1810,2026-09-04T16:13:58.818Z,B52,Jackson GA,66e9e433-72b0-4c30-b0ea-7611d9608923,SAMMS-JacksonGAV5
202609041613555366,202609041543374007,202609041543373975,85,2846,Bronze INV,br_OrientationChecklistNew,TASK_COMPLETE,SUCCESS,INFO,133,133,0,,2026-09-04T15:43:48.314Z,2026-09-04T16:13:58.818Z,1810,2026-09-04T16:13:58.818Z,B54,Gadsden,66e9e433-72b0-4c30-b0ea-7611d9608923,SAMMS-GadsdenV5
202609041613555367,202609041543374008,202609041543373975,85,2847,Bronze INV,br_OrientationChecklistNew,TASK_COMPLETE,SUCCESS,INFO,70,70,0,,2026-09-04T15:43:48.314Z,2026-09-04T16:13:58.818Z,1810,2026-09-04T16:13:58.818Z,B55,Shoals,66e9e433-72b0-4c30-b0ea-7611d9608923,SAMMS-ShoalsV5
202609041613555368,202609041543374009,202609041543373975,85,2848,Bronze INV,br_OrientationChecklistNew,TASK_COMPLETE,SUCCESS,INFO,32,32,0,,2026-09-04T15:43:48.314Z,2026-09-04T16:13:58.818Z,1810,2026-09-04T16:13:58.818Z,B57,Pawtucket,66e9e433-72b0-4c30-b0ea-7611d9608923,SAMMS-Pawtucket
202609041613555369,202609041543374010,202609041543373975,85,2849,Bronze INV,br_OrientationChecklistNew,TASK_COMPLETE,SUCCESS,INFO,76,76,0,,2026-09-04T15:43:48.314Z,2026-09-04T16:13:58.818Z,1810,2026-09-04T16:13:58.818Z,B57A,Johnston,66e9e433-72b0-4c30-b0ea-7611d9608923,SAMMS-Johnston
202609041613555370,202609041543374011,202609041543373975,85,2850,Bronze INV,br_OrientationChecklistNew,TASK_COMPLETE,SUCCESS,INFO,17,17,0,,2026-09-04T15:43:48.314Z,2026-09-04T16:13:58.818Z,1810,2026-09-04T16:13:58.818Z,B57B,Middletown,66e9e433-72b0-4c30-b0ea-7611d9608923,SAMMS-Middletown
202609040536476608,202609040536476608,20260903065905,37,152,KnowBe4 Enrollments API,br_knowbe4_enrollments,TASK_FAILED,FAILED,ERROR,0,0,0,404 Client Error: Not Found for url: https://us.api.knowbe4.com/v1/training/enrollments123?page=1&per_page=500,2026-09-04T05:36:57.296Z,2026-09-04T05:37:30.984Z,30,2026-09-04T05:37:30.984Z,,,54721c87-e123-449f-8a99-037af910188a,
202609010324590629,202609010324590628,20260901032447,37,152,KnowBe4 Enrollments API,br_knowbe4_enrollments,TASK_FAILED,FAILED,ERROR,0,0,0,404 Client Error: Not Found for url: https://us.api.knowbe4.com/v1/training/enrollments123?page=1&per_page=500,2026-09-01T03:25:04.405Z,2026-09-01T03:26:01.977Z,33,2026-09-01T03:26:01.977Z,,,9aac98b8-cf63-44a3-9b92-06594ef0a146,
202609010354110389,202609010354110389,20260901032447,37,152,KnowBe4 Enrollments API,br_knowbe4_enrollments,TASK_FAILED,FAILED,ERROR,0,0,0,404 Client Error: Not Found for url: https://us.api.knowbe4.com/v1/training/enrollments123?page=1&per_page=500,2026-09-01T03:54:16.208Z,2026-09-01T03:54:41.765Z,22,2026-09-01T03:54:41.765Z,,,89aa85db-7899-405b-952b-7efb5850e815,
202609041432112827,202609041408388862,202609041408388763,25,55098,DartsSrv Bronze - V12,br_tblDartSrv,TASK_COMPLETE,SUCCESS,INFO,422,422,0,,2026-09-04T14:09:28.519Z,2026-09-04T14:33:19.121Z,1431,2026-09-04T14:33:19.121Z,V12,VCPHCS-XII-DowntownDenver,d54f2858-d272-437f-a2a4-9fa2f90018e7,SAMMS-VCPHCS-XII-DowntownDenverV5
202609041432112829,202609041408388863,202609041408388763,25,55099,DartsSrv Bronze - V12A,br_tblDartSrv,TASK_COMPLETE,SUCCESS,INFO,132,132,0,,2026-09-04T14:09:28.519Z,2026-09-04T14:33:19.121Z,1431,2026-09-04T14:33:19.121Z,V12A,Centennial,d54f2858-d272-437f-a2a4-9fa2f90018e7,SAMMS-CentennialV5
202609041432112830,202609041408388864,202609041408388763,25,55100,DartsSrv Bronze - V14,br_tblDartSrv,TASK_COMPLETE,SUCCESS,INFO,247,247,0,,2026-09-04T14:09:28.519Z,2026-09-04T14:33:19.121Z,1431,2026-09-04T14:33:19.121Z,V14,VCPHCS-XIV-Bridgeway,d54f2858-d272-437f-a2a4-9fa2f90018e7,SAMMS-VCPHCS-XIV-BridgewayV5
202609041432112831,202609041408388865,202609041408388763,25,55101,DartsSrv Bronze - V15,br_tblDartSrv,TASK_COMPLETE,SUCCESS,INFO,747,747,0,,2026-09-04T14:09:28.519Z,2026-09-04T14:33:19.121Z,1431,2026-09-04T14:33:19.121Z,V15,Joplin,d54f2858-d272-437f-a2a4-9fa2f90018e7,SAMMS-JoplinV5
202609041432112832,202609041408388866,202609041408388763,25,55102,DartsSrv Bronze - V17,br_tblDartSrv,TASK_COMPLETE,SUCCESS,INFO,334,334,0,,2026-09-04T14:09:28.519Z,2026-09-04T14:33:19.121Z,1431,2026-09-04T14:33:19.121Z,V17,ColumbiaTN,d54f2858-d272-437f-a2a4-9fa2f90018e7,SAMMS-ColumbiaTNv5
202609041432112834,202609041408388867,202609041408388763,25,55103,DartsSrv Bronze - V19,br_tblDartSrv,TASK_COMPLETE,SUCCESS,INFO,582,582,0,,2026-09-04T14:09:28.519Z,2026-09-04T14:33:19.121Z,1431,2026-09-04T14:33:19.121Z,V19,Jackson,d54f2858-d272-437f-a2a4-9fa2f90018e7,SAMMS-JacksonV5
202609041432112835,202609041408388868,202609041408388763,25,55104,DartsSrv Bronze - V20,br_tblDartSrv,TASK_COMPLETE,SUCCESS,INFO,398,398,0,,2026-09-04T14:09:28.519Z,2026-09-04T14:33:19.121Z,1431,2026-09-04T14:33:19.121Z,V20,Paris,d54f2858-d272-437f-a2a4-9fa2f90018e7,SAMMS-ParisV5
202609041613555514,202609041543374138,202609041543373975,85,3999,Bronze INV,br_ReAssessmentPhysicalHealth,TASK_COMPLETE,SUCCESS,INFO,123,123,0,,2026-09-04T15:43:48.314Z,2026-09-04T16:13:58.818Z,1810,2026-09-04T16:13:58.818Z,D09,Murfreesboro,66e9e433-72b0-4c30-b0ea-7611d9608923,SAMMS-MurfreesboroV6
202609041613555515,202609041543374139,202609041543373975,85,4000,Bronze INV,br_ReAssessmentPhysicalHealth,TASK_COMPLETE,SUCCESS,INFO,337,337,0,,2026-09-04T15:43:48.314Z,2026-09-04T16:13:58.818Z,1810,2026-09-04T16:13:58.818Z,DA,Davenport,66e9e433-72b0-4c30-b0ea-7611d9608923,SAMMS-Davenport
202609041613555516,202609041543374140,202609041543373975,85,4001,Bronze INV,br_ReAssessmentPhysicalHealth,TASK_COMPLETE,SUCCESS,INFO,292,292,0,,2026-09-04T15:43:48.314Z,2026-09-04T16:13:58.818Z,1810,2026-09-04T16:13:58.818Z,DM,Des Moines,66e9e433-72b0-4c30-b0ea-7611d9608923,SAMMS-DesMoines
202609041613555517,202609041543374141,202609041543373975,85,4003,Bronze INV,br_ReAssessmentPhysicalHealth,TASK_COMPLETE,SUCCESS,INFO,530,530,0,,2026-09-04T15:43:48.314Z,2026-09-04T16:13:58.818Z,1810,2026-09-04T16:13:58.818Z,DRD-CO,Columbia MO,66e9e433-72b0-4c30-b0ea-7611d9608923,SAMMS-ColumbiaV5
202609041613555519,202609041543374142,202609041543373975,85,4004,Bronze INV,br_ReAssessmentPhysicalHealth,TASK_COMPLETE,SUCCESS,INFO,347,347,0,,2026-09-04T15:43:48.314Z,2026-09-04T16:13:58.818Z,1810,2026-09-04T16:13:58.818Z,DRD-KC,KC,66e9e433-72b0-4c30-b0ea-7611d9608923,SAMMS-KCv5
202609041613555520,202609041543374143,202609041543373975,85,4005,Bronze INV,br_ReAssessmentPhysicalHealth,TASK_COMPLETE,SUCCESS,INFO,1556,1556,0,,2026-09-04T15:43:48.314Z,2026-09-04T16:13:58.818Z,1810,2026-09-04T16:13:58.818Z,DRD-KVB,KVB,66e9e433-72b0-4c30-b0ea-7611d9608923,SAMMS-KVBv5
202609041613555521,202609041543374144,202609041543373975,85,4006,Bronze INV,br_ReAssessmentPhysicalHealth,TASK_COMPLETE,SUCCESS,INFO,1676,1676,0,,2026-09-04T15:43:48.314Z,2026-09-04T16:13:58.818Z,1810,2026-09-04T16:13:58.818Z,DRD-KVC,KVC,66e9e433-72b0-4c30-b0ea-7611d9608923,SAMMS-KVCv5
202609041613555522,202609041543374145,202609041543373975,85,4007,Bronze INV,br_ReAssessmentPhysicalHealth,TASK_COMPLETE,SUCCESS,INFO,3205,3205,0,,2026-09-04T15:43:48.314Z,2026-09-04T16:13:58.818Z,1810,2026-09-04T16:13:58.818Z,DRD-NOLA,NOLA,66e9e433-72b0-4c30-b0ea-7611d9608923,SAMMS-NOLAv5
202609041613555523,202609041543374146,202609041543373975,85,4008,Bronze INV,br_ReAssessmentPhysicalHealth,TASK_COMPLETE,SUCCESS,INFO,802,802,0,,2026-09-04T15:43:48.314Z,2026-09-04T16:13:58.818Z,1810,2026-09-04T16:13:58.818Z,DRD-SF,Springfield,66e9e433-72b0-4c30-b0ea-7611d9608923,SAMMS-SFv5
202609031516582590,202609031516582591,20260903151658,121,12584,nb_offweekcounseling_slv_to_,sl_OffWeekCounselingEngagement,TASK_FAILED,FAILED,ERROR,0,0,1,No EtlConfig found for PipelineName: ''nb_offweekcounseling_slv_to_'' after 3 retry attempts,2026-09-03T15:16:58.259Z,2026-09-03T15:16:58.259Z,0,2026-09-03T15:16:58.259Z,,,e922c4e4-ba62-4f6d-9b8c-63d0b5108629,
202609041613555534,202609041543374156,202609041543373975,85,4022,Bronze INV,br_ReAssessmentPhysicalHealth,TASK_COMPLETE,SUCCESS,INFO,0,0,0,,2026-09-04T15:43:48.314Z,2026-09-04T16:13:58.818Z,1810,2026-09-04T16:13:58.818Z,HS,Hot Springs,66e9e433-72b0-4c30-b0ea-7611d9608923,SAMMS-HotSprings
202609041613555535,202609041543374157,202609041543373975,85,4023,Bronze INV,br_ReAssessmentPhysicalHealth,TASK_COMPLETE,SUCCESS,INFO,0,0,0,,2026-09-04T15:43:48.314Z,2026-09-04T16:13:58.818Z,1810,2026-09-04T16:13:58.818Z,JON,Jonesboro,66e9e433-72b0-4c30-b0ea-7611d9608923,SAMMS-Jonesboro
202609041613555537,202609041543374158,202609041543373975,85,4025,Bronze INV,br_ReAssessmentPhysicalHealth,TASK_COMPLETE,SUCCESS,INFO,448,448,0,,2026-09-04T15:43:48.314Z,2026-09-04T16:13:58.818Z,1810,2026-09-04T16:13:58.818Z,LAN,Lansing,66e9e433-72b0-4c30-b0ea-7611d9608923,SAMMS-Lansing
202609041613555538,202609041543374159,202609041543373975,85,4026,Bronze INV,br_ReAssessmentPhysicalHealth,TASK_COMPLETE,SUCCESS,INFO,1290,1290,0,,2026-09-04T15:43:48.314Z,2026-09-04T16:13:58.818Z,1810,2026-09-04T16:13:58.818Z,LO,Louisville,66e9e433-72b0-4c30-b0ea-7611d9608923,SAMMS-Louisville
202609041613555539,202609041543374160,202609041543373975,85,4027,Bronze INV,br_ReAssessmentPhysicalHealth,TASK_COMPLETE,SUCCESS,INFO,292,292,0,,2026-09-04T15:43:48.314Z,2026-09-04T16:13:58.818Z,1810,2026-09-04T16:13:58.818Z,LV1,Cheyenne,66e9e433-72b0-4c30-b0ea-7611d9608923,SAMMS-Cheyenne
202609041613555540,202609041543374161,202609041543373975,85,4028,Bronze INV,br_ReAssessmentPhysicalHealth,TASK_COMPLETE,SUCCESS,INFO,205,205,0,,2026-09-04T15:43:48.314Z,2026-09-04T16:13:58.818Z,1810,2026-09-04T16:13:58.818Z,LV2,Desert Inn,66e9e433-72b0-4c30-b0ea-7611d9608923,SAMMS-DesertInn
202609041613555541,202609041543374162,202609041543373975,85,4029,Bronze INV,br_ReAssessmentPhysicalHealth,TASK_COMPLETE,SUCCESS,INFO,110,110,0,,2026-09-04T15:43:48.314Z,2026-09-04T16:13:58.818Z,1810,2026-09-04T16:13:58.818Z,LV3,McDaniel,66e9e433-72b0-4c30-b0ea-7611d9608923,SAMMS-McDaniel
202609041613555542,202609041543374163,202609041543373975,85,4032,Bronze INV,br_ReAssessmentPhysicalHealth,TASK_COMPLETE,SUCCESS,INFO,358,358,0,,2026-09-04T15:43:48.314Z,2026-09-04T16:13:58.818Z,1810,2026-09-04T16:13:58.818Z,MNRE,Monroe,66e9e433-72b0-4c30-b0ea-7611d9608923,SAMMS-Monroe
202609041613555543,202609041543374164,202609041543373975,85,4033,Bronze INV,br_ReAssessmentPhysicalHealth,TASK_COMPLETE,SUCCESS,INFO,1427,1427,0,,2026-09-04T15:43:48.314Z,2026-09-04T16:13:58.818Z,1810,2026-09-04T16:13:58.818Z,MP,Mt. Pleasant,66e9e433-72b0-4c30-b0ea-7611d9608923,SAMMS-MtPleasant
202609041613555382,202609041543374021,202609041543373975,85,2865,Bronze INV,br_OrientationChecklistNew,TASK_COMPLETE,SUCCESS,INFO,63,63,0,,2026-09-04T15:43:48.314Z,2026-09-04T16:13:58.818Z,1810,2026-09-04T16:13:58.818Z,BOI,Boise,66e9e433-72b0-4c30-b0ea-7611d9608923,SAMMS-Boise
202609041613555383,202609041543374022,202609041543373975,85,2872,Bronze INV,br_OrientationChecklistNew,TASK_COMPLETE,SUCCESS,INFO,69,69,0,,2026-09-04T15:43:48.314Z,2026-09-04T16:13:58.818Z,1810,2026-09-04T16:13:58.818Z,CBCO,Coeur dAlene,66e9e433-72b0-4c30-b0ea-7611d9608923,SAMMS-CoeurdAleneV6
202609041613555384,202609041543374023,202609041543373975,85,2891,Bronze INV,br_OrientationChecklistNew,TASK_COMPLETE,SUCCESS,INFO,0,0,0,,2026-09-04T15:43:48.314Z,2026-09-04T16:13:58.818Z,1810,2026-09-04T16:13:58.818Z,CON,Conway,66e9e433-72b0-4c30-b0ea-7611d9608923,SAMMS-Conway
202609041613555385,202609041543374024,202609041543373975,85,2892,Bronze INV,br_OrientationChecklistNew,TASK_COMPLETE,SUCCESS,INFO,0,0,0,,2026-09-04T15:43:48.314Z,2026-09-04T16:13:58.818Z,1810,2026-09-04T16:13:58.818Z,D07,Medical Services Knox TN,66e9e433-72b0-4c30-b0ea-7611d9608923,SAMMS-KnoxvilleV6
202609041613555386,202609041543374025,202609041543373975,85,2893,Bronze INV,br_OrientationChecklistNew,TASK_COMPLETE,SUCCESS,INFO,139,139,0,,2026-09-04T15:43:48.314Z,2026-09-04T16:13:58.818Z,1810,2026-09-04T16:13:58.818Z,D08,Madison,66e9e433-72b0-4c30-b0ea-7611d9608923,SAMMS-MadisonV6
202609041613555387,202609041543374026,202609041543373975,85,2895,Bronze INV,br_OrientationChecklistNew,TASK_COMPLETE,SUCCESS,INFO,206,206,0,,2026-09-04T15:43:48.314Z,2026-09-04T16:13:58.818Z,1810,2026-09-04T16:13:58.818Z,D09,Murfreesboro,66e9e433-72b0-4c30-b0ea-7611d9608923,SAMMS-MurfreesboroV6
202609041613555388,202609041543374027,202609041543373975,85,2896,Bronze INV,br_OrientationChecklistNew,TASK_COMPLETE,SUCCESS,INFO,51,51,0,,2026-09-04T15:43:48.314Z,2026-09-04T16:13:58.818Z,1810,2026-09-04T16:13:58.818Z,DA,Davenport,66e9e433-72b0-4c30-b0ea-7611d9608923,SAMMS-Davenport
202609041613555390,202609041543374028,202609041543373975,85,2897,Bronze INV,br_OrientationChecklistNew,TASK_COMPLETE,SUCCESS,INFO,87,87,0,,2026-09-04T15:43:48.314Z,2026-09-04T16:13:58.818Z,1810,2026-09-04T16:13:58.818Z,DM,Des Moines,66e9e433-72b0-4c30-b0ea-7611d9608923,SAMMS-DesMoines
202609041613555391,202609041543374029,202609041543373975,85,2899,Bronze INV,br_OrientationChecklistNew,TASK_COMPLETE,SUCCESS,INFO,130,130,0,,2026-09-04T15:43:48.314Z,2026-09-04T16:13:58.818Z,1810,2026-09-04T16:13:58.818Z,DRD-CO,Columbia MO,66e9e433-72b0-4c30-b0ea-7611d9608923,SAMMS-ColumbiaV5
202609041613555545,202609041543374165,202609041543373975,85,4034,Bronze INV,br_ReAssessmentPhysicalHealth,TASK_COMPLETE,SUCCESS,INFO,153,153,0,,2026-09-04T15:43:48.314Z,2026-09-04T16:13:58.818Z,1810,2026-09-04T16:13:58.818Z,MRD,Meridian,66e9e433-72b0-4c30-b0ea-7611d9608923,SAMMS-Meridian
202609041613555546,202609041543374166,202609041543373975,85,4039,Bronze INV,br_ReAssessmentPhysicalHealth,TASK_COMPLETE,SUCCESS,INFO,694,694,0,,2026-09-04T15:43:48.314Z,2026-09-04T16:13:58.818Z,1810,2026-09-04T16:13:58.818Z,NC,North Charleston,66e9e433-72b0-4c30-b0ea-7611d9608923,SAMMS-NorthCharleston
202609041613555547,202609041543374167,202609041543373975,85,4040,Bronze INV,br_ReAssessmentPhysicalHealth,TASK_COMPLETE,SUCCESS,INFO,0,0,0,,2026-09-04T15:43:48.314Z,2026-09-04T16:13:58.818Z,1810,2026-09-04T16:13:58.818Z,NLR,N. Little Rock,66e9e433-72b0-4c30-b0ea-7611d9608923,SAMMS-NLROBOT
202609041613555548,202609041543374168,202609041543373975,85,4041,Bronze INV,br_ReAssessmentPhysicalHealth,TASK_COMPLETE,SUCCESS,INFO,112,112,0,,2026-09-04T15:43:48.314Z,2026-09-04T16:13:58.818Z,1810,2026-09-04T16:13:58.818Z,PH,Phoenix,66e9e433-72b0-4c30-b0ea-7611d9608923,SAMMS-Phoenix
202609041613555549,202609041543374169,202609041543373975,85,4045,Bronze INV,br_ReAssessmentPhysicalHealth,TASK_COMPLETE,SUCCESS,INFO,216,216,0,,2026-09-04T15:43:48.314Z,2026-09-04T16:13:58.818Z,1810,2026-09-04T16:13:58.818Z,RE,Reno,66e9e433-72b0-4c30-b0ea-7611d9608923,SAMMS-Reno
202609041613555550,202609041543374170,202609041543373975,85,4046,Bronze INV,br_ReAssessmentPhysicalHealth,TASK_COMPLETE,SUCCESS,INFO,88,88,0,,2026-09-04T15:43:48.314Z,2026-09-04T16:13:58.818Z,1810,2026-09-04T16:13:58.818Z,RMD,Richmond,66e9e433-72b0-4c30-b0ea-7611d9608923,SAMMS-Richmond
202609041613555551,202609041543374171,202609041543373975,85,4047,Bronze INV,br_ReAssessmentPhysicalHealth,TASK_COMPLETE,SUCCESS,INFO,589,589,0,,2026-09-04T15:43:48.314Z,2026-09-04T16:13:58.818Z,1810,2026-09-04T16:13:58.818Z,SFN,Springfield North,66e9e433-72b0-4c30-b0ea-7611d9608923,SAMMS-SFNv5
202609041613555552,202609041543374172,202609041543373975,85,4048,Bronze INV,br_ReAssessmentPhysicalHealth,TASK_COMPLETE,SUCCESS,INFO,769,769,0,,2026-09-04T15:43:48.314Z,2026-09-04T16:13:58.818Z,1810,2026-09-04T16:13:58.818Z,SHP,Shreveport,66e9e433-72b0-4c30-b0ea-7611d9608923,SAMMS-Shreveport
202609041613555554,202609041543374173,202609041543373975,85,4050,Bronze INV,br_ReAssessmentPhysicalHealth,TASK_COMPLETE,SUCCESS,INFO,486,486,0,,2026-09-04T15:43:48.314Z,2026-09-04T16:13:58.818Z,1810,2026-09-04T16:13:58.818Z,STN,Staunton,66e9e433-72b0-4c30-b0ea-7611d9608923,SAMMS-Staunton
202608310312343172,202608310312343172,20260828072135,121,12584,Silver OffWeek Counseling Engagement,sl_OffWeekCounselingEngagement,TASK_FAILED,FAILED,ERROR,0,0,1,run_silver_transformations() got an unexpected keyword argument ''target_table'',2026-08-31T03:12:34.317Z,2026-08-31T03:12:48.272Z,13,2026-08-31T03:12:48.272Z,,,5f9aa4d3-2b3e-45be-9758-c21d6e7598ee,
202608311020154002,202608311020154002,20260831100753,126,13680,Bronze Overdue Courses,br_learningreports_overdue,TASK_FAILED,FAILED,ERROR,0,0,1,[Errno 21] Is a directory: ''/lakehouse/default/Files/OverdueLearningReport/\nOverdue%20Courses.xlsx'',2026-08-31T10:20:15.400Z,2026-08-31T10:20:39.481Z,24,2026-08-31T10:20:39.481Z,,,958b6125-92d9-466f-b62e-adccd0a45f2f,
202608311033550069,202608311033550069,20260831100753,126,13680,Bronze Overdue Courses,br_learningreports_overdue,TASK_FAILED,FAILED,ERROR,0,0,1,[Errno 21] Is a directory: ''/lakehouse/default/Files/OverdueLearningReport/\nOverdue%20Courses.xlsx'',2026-08-31T10:33:55.006Z,2026-08-31T10:34:34.200Z,39,2026-08-31T10:34:34.200Z,,,2477d503-ddda-4111-86e7-53d30d1b8245,
202609031542340424,202609031542340425,20260903154234,122,12585,nb_offweekcounseling_slv_to_,OffWeekCounselingEngagement,TASK_FAILED,FAILED,ERROR,0,0,1,No EtlConfig found for PipelineName: ''nb_offweekcounseling_slv_to_'' after 3 retry attempts,2026-09-03T15:42:34.042Z,2026-09-03T15:42:34.042Z,0,2026-09-03T15:42:34.042Z,,,4fde8a32-a568-463b-b92b-1366373b5ff5,
202609041613555422,202609041543374057,202609041543373975,85,2942,Bronze INV,br_OrientationChecklistNew,TASK_COMPLETE,SUCCESS,INFO,214,214,0,,2026-09-04T15:43:48.314Z,2026-09-04T16:13:58.818Z,1810,2026-09-04T16:13:58.818Z,RMD,Richmond,66e9e433-72b0-4c30-b0ea-7611d9608923,SAMMS-Richmond
202609041613555424,202609041543374058,202609041543373975,85,2943,Bronze INV,br_OrientationChecklistNew,TASK_COMPLETE,SUCCESS,INFO,185,185,0,,2026-09-04T15:43:48.314Z,2026-09-04T16:13:58.818Z,1810,2026-09-04T16:13:58.818Z,SFN,Springfield North,66e9e433-72b0-4c30-b0ea-7611d9608923,SAMMS-SFNv5
202609041613555425,202609041543374059,202609041543373975,85,2944,Bronze INV,br_OrientationChecklistNew,TASK_COMPLETE,SUCCESS,INFO,147,147,0,,2026-09-04T15:43:48.314Z,2026-09-04T16:13:58.818Z,1810,2026-09-04T16:13:58.818Z,SHP,Shreveport,66e9e433-72b0-4c30-b0ea-7611d9608923,SAMMS-Shreveport
202609041613555426,202609041543374060,202609041543373975,85,2946,Bronze INV,br_OrientationChecklistNew,TASK_COMPLETE,SUCCESS,INFO,106,106,0,,2026-09-04T15:43:48.314Z,2026-09-04T16:13:58.818Z,1810,2026-09-04T16:13:58.818Z,STN,Staunton,66e9e433-72b0-4c30-b0ea-7611d9608923,SAMMS-Staunton
202609041613555427,202609041543374061,202609041543373975,85,2947,Bronze INV,br_OrientationChecklistNew,TASK_COMPLETE,SUCCESS,INFO,29,29,0,,2026-09-04T15:43:48.314Z,2026-09-04T16:13:58.818Z,1810,2026-09-04T16:13:58.818Z,STVN,Stevenson,66e9e433-72b0-4c30-b0ea-7611d9608923,SAMMS-Stevenson
202609041613555428,202609041543374062,202609041543373975,85,2950,Bronze INV,br_OrientationChecklistNew,TASK_COMPLETE,SUCCESS,INFO,0,0,0,,2026-09-04T15:43:48.314Z,2026-09-04T16:13:58.818Z,1810,2026-09-04T16:13:58.818Z,TEX,Texarkana,66e9e433-72b0-4c30-b0ea-7611d9608923,SAMMS-Texarkana
202609041613555429,202609041543374063,202609041543373975,85,2951,Bronze INV,br_OrientationChecklistNew,TASK_COMPLETE,SUCCESS,INFO,101,101,0,,2026-09-04T15:43:48.314Z,2026-09-04T16:13:58.818Z,1810,2026-09-04T16:13:58.818Z,TTCA,Bessemer,66e9e433-72b0-4c30-b0ea-7611d9608923,SAMMS-BessemerV5
202609041613555430,202609041543374064,202609041543373975,85,2952,Bronze INV,br_OrientationChecklistNew,TASK_COMPLETE,SUCCESS,INFO,71,71,0,,2026-09-04T15:43:48.314Z,2026-09-04T16:13:58.818Z,1810,2026-09-04T16:13:58.818Z,TTCB,Cullman,66e9e433-72b0-4c30-b0ea-7611d9608923,SAMMS-CullmanV5
202609041613555432,202609041543374065,202609041543373975,85,2953,Bronze INV,br_OrientationChecklistNew,TASK_COMPLETE,SUCCESS,INFO,74,74,0,,2026-09-04T15:43:48.314Z,2026-09-04T16:13:58.818Z,1810,2026-09-04T16:13:58.818Z,TTCC,Grand Bay,66e9e433-72b0-4c30-b0ea-7611d9608923,SAMMS-GrandBay
202609041613555392,202609041543374030,202609041543373975,85,2900,Bronze INV,br_OrientationChecklistNew,TASK_COMPLETE,SUCCESS,INFO,159,159,0,,2026-09-04T15:43:48.314Z,2026-09-04T16:13:58.818Z,1810,2026-09-04T16:13:58.818Z,DRD-KC,KC,66e9e433-72b0-4c30-b0ea-7611d9608923,SAMMS-KCv5
202609041613555393,202609041543374031,202609041543373975,85,2901,Bronze INV,br_OrientationChecklistNew,TASK_COMPLETE,SUCCESS,INFO,121,121,0,,2026-09-04T15:43:48.314Z,2026-09-04T16:13:58.818Z,1810,2026-09-04T16:13:58.818Z,DRD-KVB,KVB,66e9e433-72b0-4c30-b0ea-7611d9608923,SAMMS-KVBv5
202609041613555394,202609041543374032,202609041543373975,85,2902,Bronze INV,br_OrientationChecklistNew,TASK_COMPLETE,SUCCESS,INFO,343,343,0,,2026-09-04T15:43:48.314Z,2026-09-04T16:13:58.818Z,1810,2026-09-04T16:13:58.818Z,DRD-KVC,KVC,66e9e433-72b0-4c30-b0ea-7611d9608923,SAMMS-KVCv5
202609041613555395,202609041543374033,202609041543373975,85,2903,Bronze INV,br_OrientationChecklistNew,TASK_COMPLETE,SUCCESS,INFO,345,345,0,,2026-09-04T15:43:48.314Z,2026-09-04T16:13:58.818Z,1810,2026-09-04T16:13:58.818Z,DRD-NOLA,NOLA,66e9e433-72b0-4c30-b0ea-7611d9608923,SAMMS-NOLAv5
202609041613555396,202609041543374034,202609041543373975,85,2904,Bronze INV,br_OrientationChecklistNew,TASK_COMPLETE,SUCCESS,INFO,234,234,0,,2026-09-04T15:43:48.314Z,2026-09-04T16:13:58.818Z,1810,2026-09-04T16:13:58.818Z,DRD-SF,Springfield,66e9e433-72b0-4c30-b0ea-7611d9608923,SAMMS-SFv5
202609041613555398,202609041543374035,202609041543373975,85,2906,Bronze INV,br_OrientationChecklistNew,TASK_COMPLETE,SUCCESS,INFO,103,103,0,,2026-09-04T15:43:48.314Z,2026-09-04T16:13:58.818Z,1810,2026-09-04T16:13:58.818Z,ELC,Elizabeth City,66e9e433-72b0-4c30-b0ea-7611d9608923,SAMMS-ElizabethCity
202609041613555399,202609041543374036,202609041543373975,85,2907,Bronze INV,br_OrientationChecklistNew,TASK_COMPLETE,SUCCESS,INFO,119,119,0,,2026-09-04T15:43:48.314Z,2026-09-04T16:13:58.818Z,1810,2026-09-04T16:13:58.818Z,ET,Elizabethtown,66e9e433-72b0-4c30-b0ea-7611d9608923,SAMMS-Elizabethtown
202609041613555400,202609041543374037,202609041543373975,85,2908,Bronze INV,br_OrientationChecklistNew,TASK_COMPLETE,SUCCESS,INFO,0,0,0,,2026-09-04T15:43:48.314Z,2026-09-04T16:13:58.818Z,1810,2026-09-04T16:13:58.818Z,FAY,Fayetteville,66e9e433-72b0-4c30-b0ea-7611d9608923,SAMMS-Fayetteville
202609041613555401,202609041543374038,202609041543373975,85,2909,Bronze INV,br_OrientationChecklistNew,TASK_COMPLETE,SUCCESS,INFO,110,110,0,,2026-09-04T15:43:48.314Z,2026-09-04T16:13:58.818Z,1810,2026-09-04T16:13:58.818Z,FR,Frankfort,66e9e433-72b0-4c30-b0ea-7611d9608923,SAMMS-Frankfort
202609031359541192,202609031332601432,202609031332601326,85,3157,Bronze INV,br_ReAssessment,TASK_COMPLETE,SUCCESS,INFO,1821,1821,0,,2026-09-03T13:33:12.351Z,2026-09-03T13:59:59.406Z,1607,2026-09-03T13:59:59.406Z,V5,West Bank,ef652adf-cab1-42cd-a0bf-1cd03c8c16e7,SAMMS-NONTCv5
202609031359541193,202609031332601433,202609031332601326,85,3159,Bronze INV,br_ReAssessment,TASK_COMPLETE,SUCCESS,INFO,150,150,0,,2026-09-03T13:33:12.351Z,2026-09-03T13:59:59.406Z,1607,2026-09-03T13:59:59.406Z,V5B,Houma,ef652adf-cab1-42cd-a0bf-1cd03c8c16e7,SAMMS-HoumaV6
202609031359541194,202609031332601434,202609031332601326,85,3160,Bronze INV,br_ReAssessment,TASK_COMPLETE,SUCCESS,INFO,1930,1930,0,,2026-09-03T13:33:12.351Z,2026-09-03T13:59:59.406Z,1607,2026-09-03T13:59:59.406Z,V6,Lake Charles,ef652adf-cab1-42cd-a0bf-1cd03c8c16e7,SAMMS-LCv5
202609031359541195,202609031332601435,202609031332601326,85,3162,Bronze INV,br_ReAssessment,TASK_COMPLETE,SUCCESS,INFO,748,748,0,,2026-09-03T13:33:12.351Z,2026-09-03T13:59:59.406Z,1607,2026-09-03T13:59:59.406Z,V8,Memphis Midtown,ef652adf-cab1-42cd-a0bf-1cd03c8c16e7,SAMMS-VCPHCS-VIII-MemphisV5
202609031359541196,202609031332601436,202609031332601326,85,3163,Bronze INV,br_ReAssessment,TASK_COMPLETE,SUCCESS,INFO,1785,1785,0,,2026-09-03T13:33:12.351Z,2026-09-03T13:59:59.406Z,1607,2026-09-03T13:59:59.406Z,V9,Nashville,ef652adf-cab1-42cd-a0bf-1cd03c8c16e7,SAMMS-NashvilleV5
202609031359541197,202609031332601437,202609031332601326,85,3164,Bronze INV,br_ReAssessment,TASK_COMPLETE,SUCCESS,INFO,854,854,0,,2026-09-03T13:33:12.351Z,2026-09-03T13:59:59.406Z,1607,2026-09-03T13:59:59.406Z,VBRA,Brainerd,ef652adf-cab1-42cd-a0bf-1cd03c8c16e7,SAMMS-BrainerdV6
202609031359541198,202609031332601438,202609031332601326,85,3165,Bronze INV,br_ReAssessment,TASK_COMPLETE,SUCCESS,INFO,1986,1986,0,,2026-09-03T13:33:12.351Z,2026-09-03T13:59:59.406Z,1607,2026-09-03T13:59:59.406Z,VBRP,Brooklyn Park,ef652adf-cab1-42cd-a0bf-1cd03c8c16e7,SAMMS-BrooklynParkV6
202609031359541199,202609031332601439,202609031332601326,85,3167,Bronze INV,br_ReAssessment,TASK_COMPLETE,SUCCESS,INFO,764,764,0,,2026-09-03T13:33:12.351Z,2026-09-03T13:59:59.406Z,1607,2026-09-03T13:59:59.406Z,VMIN,Minneapolis,ef652adf-cab1-42cd-a0bf-1cd03c8c16e7,SAMMS-MinneapolisV6
202609031359541200,202609031332601440,202609031332601326,85,3168,Bronze INV,br_ReAssessment,TASK_COMPLETE,SUCCESS,INFO,921,921,0,,2026-09-03T13:33:12.351Z,2026-09-03T13:59:59.406Z,1607,2026-09-03T13:59:59.406Z,VWBY,Woodbury,ef652adf-cab1-42cd-a0bf-1cd03c8c16e7,SAMMS-WoodburyV6
202609031359541201,202609031332601441,202609031332601326,85,3170,Bronze INV,br_ReAssessment,TASK_COMPLETE,SUCCESS,INFO,163,163,0,,2026-09-03T13:33:12.351Z,2026-09-03T13:59:59.406Z,1607,2026-09-03T13:59:59.406Z,WIL,Wilson,ef652adf-cab1-42cd-a0bf-1cd03c8c16e7,SAMMS-Wilson
202609041613555494,202609041543374120,202609041543373975,85,3951,Bronze INV,br_ReAssessmentPhysicalHealth,TASK_COMPLETE,SUCCESS,INFO,956,956,0,,2026-09-04T15:43:48.314Z,2026-09-04T16:13:58.818Z,1810,2026-09-04T16:13:58.818Z,B55,Shoals,66e9e433-72b0-4c30-b0ea-7611d9608923,SAMMS-ShoalsV5
202609041613555495,202609041543374121,202609041543373975,85,3952,Bronze INV,br_ReAssessmentPhysicalHealth,TASK_COMPLETE,SUCCESS,INFO,294,294,0,,2026-09-04T15:43:48.314Z,2026-09-04T16:13:58.818Z,1810,2026-09-04T16:13:58.818Z,B57,Pawtucket,66e9e433-72b0-4c30-b0ea-7611d9608923,SAMMS-Pawtucket
202609041613555496,202609041543374122,202609041543373975,85,3953,Bronze INV,br_ReAssessmentPhysicalHealth,TASK_COMPLETE,SUCCESS,INFO,555,555,0,,2026-09-04T15:43:48.314Z,2026-09-04T16:13:58.818Z,1810,2026-09-04T16:13:58.818Z,B57A,Johnston,66e9e433-72b0-4c30-b0ea-7611d9608923,SAMMS-Johnston
202609041613555497,202609041543374123,202609041543373975,85,3954,Bronze INV,br_ReAssessmentPhysicalHealth,TASK_COMPLETE,SUCCESS,INFO,166,166,0,,2026-09-04T15:43:48.314Z,2026-09-04T16:13:58.818Z,1810,2026-09-04T16:13:58.818Z,B57B,Middletown,66e9e433-72b0-4c30-b0ea-7611d9608923,SAMMS-Middletown
202609041613555498,202609041543374124,202609041543373975,85,3955,Bronze INV,br_ReAssessmentPhysicalHealth,TASK_COMPLETE,SUCCESS,INFO,414,414,0,,2026-09-04T15:43:48.314Z,2026-09-04T16:13:58.818Z,1810,2026-09-04T16:13:58.818Z,B57C,Providence,66e9e433-72b0-4c30-b0ea-7611d9608923,SAMMS-Providence
202609041613555499,202609041543374125,202609041543373975,85,3956,Bronze INV,br_ReAssessmentPhysicalHealth,TASK_COMPLETE,SUCCESS,INFO,631,631,0,,2026-09-04T15:43:48.314Z,2026-09-04T16:13:58.818Z,1810,2026-09-04T16:13:58.818Z,B57D,Westerly,66e9e433-72b0-4c30-b0ea-7611d9608923,SAMMS-Westerly
202609041613555501,202609041543374126,202609041543373975,85,3960,Bronze INV,br_ReAssessmentPhysicalHealth,TASK_COMPLETE,SUCCESS,INFO,4,4,0,,2026-09-04T15:43:48.314Z,2026-09-04T16:13:58.818Z,1810,2026-09-04T16:13:58.818Z,B66A,Bremen,66e9e433-72b0-4c30-b0ea-7611d9608923,SAMMS-Bremen
202609041613555502,202609041543374127,202609041543373975,85,3963,Bronze INV,br_ReAssessmentPhysicalHealth,TASK_COMPLETE,SUCCESS,INFO,0,0,0,,2026-09-04T15:43:48.314Z,2026-09-04T16:13:58.818Z,1810,2026-09-04T16:13:58.818Z,B72,Mobile (OBOT),66e9e433-72b0-4c30-b0ea-7611d9608923,SAMMS-Mobile-OBOT
202609041613555503,202609041543374128,202609041543373975,85,3964,Bronze INV,br_ReAssessmentPhysicalHealth,TASK_COMPLETE,SUCCESS,INFO,0,0,0,,2026-09-04T15:43:48.314Z,2026-09-04T16:13:58.818Z,1810,2026-09-04T16:13:58.818Z,B73,Montgomery,66e9e433-72b0-4c30-b0ea-7611d9608923,SAMMS-Montgomery
202608310523536801,202608310523536800,20260831034154,133,13716,CollectionRates_v4 Silver,sl_collectionrates,TASK_SKIPPED_SCHEDULE,SKIPPED_SCHEDULE,INFO,0,0,0,"Not due -- ScheduleFrequency=WEEKLY, ScheduleExpression=SAT,SUN, LastRunDate=None",2026-08-31T05:24:24.934Z,2026-08-31T05:24:24.934Z,0,2026-08-31T05:24:24.934Z,,,648551aa-4be1-43d5-9996-5e68064cace6,
202608310345237576,202608310345237576,20260831034154,133,13716,CollectionRates_v4 Silver,sl_collectionrates,TASK_SKIPPED_SCHEDULE,SKIPPED_SCHEDULE,INFO,0,0,0,"Not due -- ScheduleFrequency=WEEKLY, ScheduleExpression=SAT,SUN, LastRunDate=None",2026-08-31T03:45:44.253Z,2026-08-31T03:45:44.253Z,0,2026-08-31T03:45:44.253Z,,,c3e41f3e-c233-4445-a786-d0d98a8613bd,
202608310606289264,202608310606289264,20260831060206,133,13716,CollectionRates_v4 Silver,sl_collectionrates,TASK_SKIPPED_SCHEDULE,SKIPPED_SCHEDULE,INFO,0,0,0,"Not due -- ScheduleFrequency=WEEKLY, ScheduleExpression=SAT,SUN, LastRunDate=None",2026-08-31T06:06:41.577Z,2026-08-31T06:06:41.577Z,0,2026-08-31T06:06:41.577Z,,,1de5cf99-6b82-4338-b3fe-396114f7957f,
202609041613555341,202609041543373985,202609041543373975,85,2815,Bronze INV,br_OrientationChecklistNew,TASK_COMPLETE,SUCCESS,INFO,72,72,0,,2026-09-04T15:43:48.314Z,2026-09-04T16:13:58.818Z,1810,2026-09-04T16:13:58.818Z,B31,Dyersburg,66e9e433-72b0-4c30-b0ea-7611d9608923,SAMMS-DyersburgV5
202609041613555342,202609041543373986,202609041543373975,85,2817,Bronze INV,br_OrientationChecklistNew,TASK_COMPLETE,SUCCESS,INFO,71,71,0,,2026-09-04T15:43:48.314Z,2026-09-04T16:13:58.818Z,1810,2026-09-04T16:13:58.818Z,B33,Paducah,66e9e433-72b0-4c30-b0ea-7611d9608923,SAMMS-Paducah
202609041613555343,202609041543373987,202609041543373975,85,2818,Bronze INV,br_OrientationChecklistNew,TASK_COMPLETE,SUCCESS,INFO,157,157,0,,2026-09-04T15:43:48.314Z,2026-09-04T16:13:58.818Z,1810,2026-09-04T16:13:58.818Z,B34,Corbin,66e9e433-72b0-4c30-b0ea-7611d9608923,SAMMS-CorbinV5
202609041613555344,202609041543373988,202609041543373975,85,2819,Bronze INV,br_OrientationChecklistNew,TASK_COMPLETE,SUCCESS,INFO,391,391,0,,2026-09-04T15:43:48.314Z,2026-09-04T16:13:58.818Z,1810,2026-09-04T16:13:58.818Z,B35,Lexington,66e9e433-72b0-4c30-b0ea-7611d9608923,SAMMS-LexingtonV5
202609041613555345,202609041543373989,202609041543373975,85,2820,Bronze INV,br_OrientationChecklistNew,TASK_COMPLETE,SUCCESS,INFO,138,138,0,,2026-09-04T15:43:48.314Z,2026-09-04T16:13:58.818Z,1810,2026-09-04T16:13:58.818Z,B35A,Berea,66e9e433-72b0-4c30-b0ea-7611d9608923,SAMMS-BereaV5
202609041613555346,202609041543373990,202609041543373975,85,2821,Bronze INV,br_OrientationChecklistNew,TASK_COMPLETE,SUCCESS,INFO,153,153,0,,2026-09-04T15:43:48.314Z,2026-09-04T16:13:58.818Z,1810,2026-09-04T16:13:58.818Z,B36,Asheville,66e9e433-72b0-4c30-b0ea-7611d9608923,SAMMS-AshevilleV5
202609041613555347,202609041543373991,202609041543373975,85,2822,Bronze INV,br_OrientationChecklistNew,TASK_COMPLETE,SUCCESS,INFO,115,115,0,,2026-09-04T15:43:48.314Z,2026-09-04T16:13:58.818Z,1810,2026-09-04T16:13:58.818Z,B37,Clyde,66e9e433-72b0-4c30-b0ea-7611d9608923,SAMMS-ClydeV5
202609041613555349,202609041543373992,202609041543373975,85,2823,Bronze INV,br_OrientationChecklistNew,TASK_COMPLETE,SUCCESS,INFO,157,157,0,,2026-09-04T15:43:48.314Z,2026-09-04T16:13:58.818Z,1810,2026-09-04T16:13:58.818Z,B38,Spartanburg,66e9e433-72b0-4c30-b0ea-7611d9608923,SAMMS-SpartanburgV5
202609041613555350,202609041543373993,202609041543373975,85,2824,Bronze INV,br_OrientationChecklistNew,TASK_COMPLETE,SUCCESS,INFO,127,127,0,,2026-09-04T15:43:48.314Z,2026-09-04T16:13:58.818Z,1810,2026-09-04T16:13:58.818Z,B39,Aiken,66e9e433-72b0-4c30-b0ea-7611d9608923,SAMMS-AikenV5
202609020357129287,202609020357129288,20260902035712,111,8613,Cash Flow Gold Pipeline,BankTransactions,TASK_SKIPPED,SKIPPED,INFO,0,0,0,Pipeline ''nb_cashflow_slv_to_gld'' is marked IsActive = 0 in meta.etlconfig. Skipping execution gracefully.,2026-09-02T03:57:12.928Z,2026-09-02T03:57:12.928Z,0,2026-09-02T03:57:12.928Z,,,d0354a1d-b115-4cc7-88f9-15c40e686970,
202609020322299603,202609020322299604,20260902032229,111,8613,Cash Flow Gold Pipeline,BankTransactions,TASK_SKIPPED,SKIPPED,INFO,0,0,0,Pipeline ''nb_cashflow_slv_to_gld'' is marked IsActive = 0 in meta.etlconfig. Skipping execution gracefully.,2026-09-02T03:22:29.960Z,2026-09-02T03:22:29.960Z,0,2026-09-02T03:22:29.960Z,,,d1cfa5f7-c2fb-4a03-82f2-0e52df4ab49b,
202609040646277078,202609040646277079,20260904064627,111,8613,Cash Flow Gold Pipeline,BankTransactions,TASK_SKIPPED,SKIPPED,INFO,0,0,0,Pipeline ''nb_cashflow_slv_to_gld'' is marked IsActive = 0 in meta.etlconfig. Skipping execution gracefully.,2026-09-04T06:46:27.707Z,2026-09-04T06:46:27.707Z,0,2026-09-04T06:46:27.707Z,,,d40ce3b6-17a1-46ab-b12e-c683ffcad914,
202609040855561676,202609040855561677,20260904085556,111,8613,Cash Flow Gold Pipeline,BankTransactions,TASK_SKIPPED,SKIPPED,INFO,0,0,0,Pipeline ''nb_cashflow_slv_to_gld'' is marked IsActive = 0 in meta.etlconfig. Skipping execution gracefully.,2026-09-04T08:55:56.167Z,2026-09-04T08:55:56.167Z,0,2026-09-04T08:55:56.167Z,,,d42c3a80-d402-47a6-9d0e-a2f670f0338a,
202609020901440350,202609020901440351,20260902090144,111,8613,Cash Flow Gold Pipeline,BankTransactions,TASK_SKIPPED,SKIPPED,INFO,0,0,0,Pipeline ''nb_cashflow_slv_to_gld'' is marked IsActive = 0 in meta.etlconfig. Skipping execution gracefully.,2026-09-02T09:01:44.035Z,2026-09-02T09:01:44.035Z,0,2026-09-02T09:01:44.035Z,,,cc136ea8-572b-4137-a8c9-bc9ec64f83b6,
202609021005552221,202609021005552222,20260902100555,111,8613,Cash Flow Gold Pipeline,BankTransactions,TASK_SKIPPED,SKIPPED,INFO,0,0,0,Pipeline ''nb_cashflow_slv_to_gld'' is marked IsActive = 0 in meta.etlconfig. Skipping execution gracefully.,2026-09-02T10:05:55.222Z,2026-09-02T10:05:55.222Z,0,2026-09-02T10:05:55.222Z,,,c029585a-08e5-4f27-88c1-b279d1dfe21d,
202609032100556664,202609032100556665,20260903210055,111,8613,Cash Flow Gold Pipeline,BankTransactions,TASK_SKIPPED,SKIPPED,INFO,0,0,0,Pipeline ''nb_cashflow_slv_to_gld'' is marked IsActive = 0 in meta.etlconfig. Skipping execution gracefully.,2026-09-03T21:00:55.666Z,2026-09-03T21:00:55.666Z,0,2026-09-03T21:00:55.666Z,,,cf6c7c8f-6ed2-4b6a-8a3f-4a5233cb59d5,
202609030525592231,202609030525592232,20260903052559,111,8613,Cash Flow Gold Pipeline,BankTransactions,TASK_SKIPPED,SKIPPED,INFO,0,0,0,Pipeline ''nb_cashflow_slv_to_gld'' is marked IsActive = 0 in meta.etlconfig. Skipping execution gracefully.,2026-09-03T05:25:59.223Z,2026-09-03T05:25:59.223Z,0,2026-09-03T05:25:59.223Z,,,bad2b052-b4fc-43dd-94ba-9fe5379aa410,
202609032124170067,202609032124170068,20260903212417,111,8613,Cash Flow Gold Pipeline,BankTransactions,TASK_SKIPPED,SKIPPED,INFO,0,0,0,Pipeline ''nb_cashflow_slv_to_gld'' is marked IsActive = 0 in meta.etlconfig. Skipping execution gracefully.,2026-09-03T21:24:17.006Z,2026-09-03T21:24:17.006Z,0,2026-09-03T21:24:17.006Z,,,47074de9-d3a9-4b3d-b69c-7be5bb05cabc,
202609041613555402,202609041543374039,202609041543373975,85,2910,Bronze INV,br_OrientationChecklistNew,TASK_COMPLETE,SUCCESS,INFO,0,0,0,,2026-09-04T15:43:48.314Z,2026-09-04T16:13:58.818Z,1810,2026-09-04T16:13:58.818Z,FS,Fort Smith,66e9e433-72b0-4c30-b0ea-7611d9608923,SAMMS-FortSmith
202609041613555403,202609041543374040,202609041543373975,85,2911,Bronze INV,br_OrientationChecklistNew,TASK_COMPLETE,SUCCESS,INFO,197,197,0,,2026-09-04T15:43:48.314Z,2026-09-04T16:13:58.818Z,1810,2026-09-04T16:13:58.818Z,FW,Fort Wayne,66e9e433-72b0-4c30-b0ea-7611d9608923,SAMMS-FortWayne
202609041613555404,202609041543374041,202609041543373975,85,2912,Bronze INV,br_OrientationChecklistNew,TASK_COMPLETE,SUCCESS,INFO,15,15,0,,2026-09-04T15:43:48.314Z,2026-09-04T16:13:58.818Z,1810,2026-09-04T16:13:58.818Z,GAL,Gaylord,66e9e433-72b0-4c30-b0ea-7611d9608923,SAMMS-Gaylord
202609041613555406,202609041543374042,202609041543373975,85,2916,Bronze INV,br_OrientationChecklistNew,TASK_COMPLETE,SUCCESS,INFO,127,127,0,,2026-09-04T15:43:48.314Z,2026-09-04T16:13:58.818Z,1810,2026-09-04T16:13:58.818Z,HGT,Hagerstown,66e9e433-72b0-4c30-b0ea-7611d9608923,SAMMS-Hagerstown
202609041613555407,202609041543374043,202609041543373975,85,2917,Bronze INV,br_OrientationChecklistNew,TASK_COMPLETE,SUCCESS,INFO,110,110,0,,2026-09-04T15:43:48.314Z,2026-09-04T16:13:58.818Z,1810,2026-09-04T16:13:58.818Z,HNT,Huntsville,66e9e433-72b0-4c30-b0ea-7611d9608923,SAMMS-Huntsville
202609041613555408,202609041543374044,202609041543373975,85,2918,Bronze INV,br_OrientationChecklistNew,TASK_COMPLETE,SUCCESS,INFO,0,0,0,,2026-09-04T15:43:48.314Z,2026-09-04T16:13:58.818Z,1810,2026-09-04T16:13:58.818Z,HS,Hot Springs,66e9e433-72b0-4c30-b0ea-7611d9608923,SAMMS-HotSprings
202609041613555409,202609041543374045,202609041543373975,85,2919,Bronze INV,br_OrientationChecklistNew,TASK_COMPLETE,SUCCESS,INFO,0,0,0,,2026-09-04T15:43:48.314Z,2026-09-04T16:13:58.818Z,1810,2026-09-04T16:13:58.818Z,JON,Jonesboro,66e9e433-72b0-4c30-b0ea-7611d9608923,SAMMS-Jonesboro
202609041613555410,202609041543374046,202609041543373975,85,2921,Bronze INV,br_OrientationChecklistNew,TASK_COMPLETE,SUCCESS,INFO,12,12,0,,2026-09-04T15:43:48.314Z,2026-09-04T16:13:58.818Z,1810,2026-09-04T16:13:58.818Z,LAN,Lansing,66e9e433-72b0-4c30-b0ea-7611d9608923,SAMMS-Lansing
202609041613555411,202609041543374047,202609041543373975,85,2922,Bronze INV,br_OrientationChecklistNew,TASK_COMPLETE,SUCCESS,INFO,182,182,0,,2026-09-04T15:43:48.314Z,2026-09-04T16:13:58.818Z,1810,2026-09-04T16:13:58.818Z,LO,Louisville,66e9e433-72b0-4c30-b0ea-7611d9608923,SAMMS-Louisville
202609041613555371,202609041543374012,202609041543373975,85,2851,Bronze INV,br_OrientationChecklistNew,TASK_COMPLETE,SUCCESS,INFO,29,29,0,,2026-09-04T15:43:48.314Z,2026-09-04T16:13:58.818Z,1810,2026-09-04T16:13:58.818Z,B57C,Providence,66e9e433-72b0-4c30-b0ea-7611d9608923,SAMMS-Providence
202609041613555373,202609041543374013,202609041543373975,85,2852,Bronze INV,br_OrientationChecklistNew,TASK_COMPLETE,SUCCESS,INFO,32,32,0,,2026-09-04T15:43:48.314Z,2026-09-04T16:13:58.818Z,1810,2026-09-04T16:13:58.818Z,B57D,Westerly,66e9e433-72b0-4c30-b0ea-7611d9608923,SAMMS-Westerly
202609041613555374,202609041543374014,202609041543373975,85,2856,Bronze INV,br_OrientationChecklistNew,TASK_COMPLETE,SUCCESS,INFO,0,0,0,,2026-09-04T15:43:48.314Z,2026-09-04T16:13:58.818Z,1810,2026-09-04T16:13:58.818Z,B66A,Bremen,66e9e433-72b0-4c30-b0ea-7611d9608923,SAMMS-Bremen
202609041613555375,202609041543374015,202609041543373975,85,2859,Bronze INV,br_OrientationChecklistNew,TASK_COMPLETE,SUCCESS,INFO,0,0,0,,2026-09-04T15:43:48.314Z,2026-09-04T16:13:58.818Z,1810,2026-09-04T16:13:58.818Z,B72,Mobile (OBOT),66e9e433-72b0-4c30-b0ea-7611d9608923,SAMMS-Mobile-OBOT
202609041613555376,202609041543374016,202609041543373975,85,2860,Bronze INV,br_OrientationChecklistNew,TASK_COMPLETE,SUCCESS,INFO,0,0,0,,2026-09-04T15:43:48.314Z,2026-09-04T16:13:58.818Z,1810,2026-09-04T16:13:58.818Z,B73,Montgomery,66e9e433-72b0-4c30-b0ea-7611d9608923,SAMMS-Montgomery
202609041613555377,202609041543374017,202609041543373975,85,2861,Bronze INV,br_OrientationChecklistNew,TASK_COMPLETE,SUCCESS,INFO,95,95,0,,2026-09-04T15:43:48.314Z,2026-09-04T16:13:58.818Z,1810,2026-09-04T16:13:58.818Z,B75,Lawrence,66e9e433-72b0-4c30-b0ea-7611d9608923,SAMMS-LawrenceV6
202609041613555378,202609041543374018,202609041543373975,85,2862,Bronze INV,br_OrientationChecklistNew,TASK_COMPLETE,SUCCESS,INFO,0,0,0,,2026-09-04T15:43:48.314Z,2026-09-04T16:13:58.818Z,1810,2026-09-04T16:13:58.818Z,B76,Huntsville OBOT,66e9e433-72b0-4c30-b0ea-7611d9608923,SAMMS-Huntsville-OBOT
202609041613555379,202609041543374019,202609041543373975,85,2863,Bronze INV,br_OrientationChecklistNew,TASK_COMPLETE,SUCCESS,INFO,0,0,0,,2026-09-04T15:43:48.314Z,2026-09-04T16:13:58.818Z,1810,2026-09-04T16:13:58.818Z,BAT,Batesville,66e9e433-72b0-4c30-b0ea-7611d9608923,SAMMS-Batesville
202609041613555381,202609041543374020,202609041543373975,85,2864,Bronze INV,br_OrientationChecklistNew,TASK_COMPLETE,SUCCESS,INFO,174,174,0,,2026-09-04T15:43:48.314Z,2026-09-04T16:13:58.818Z,1810,2026-09-04T16:13:58.818Z,BG,Bowling Green,66e9e433-72b0-4c30-b0ea-7611d9608923,SAMMS-BowlingGreen
202609021906097509,202609021906097509,20260902190556,104,6813,Silver Active Directory AADUsers,sl_activedirectory_aadusers,TASK_DEPENDENCY_BLOCKED,DEPENDENCY_BLOCKED,ERROR,0,0,1,Dependency 6812 not satisfied for this PipelineRunId,2026-09-02T19:06:20.316Z,2026-09-02T19:06:20.316Z,0,2026-09-02T19:06:20.316Z,,,0e8d5b3d-15fb-4d15-a709-4bc42edc4508,
202609041932519019,202609041904219460,202609041904219417,85,3966,Bronze INV,br_ReAssessmentPhysicalHealth,TASK_COMPLETE,SUCCESS,INFO,0,0,0,,2026-09-04T19:04:30.706Z,2026-09-04T19:32:56.074Z,1706,2026-09-04T19:32:56.074Z,B76,Huntsville OBOT,b1302ebd-57a3-42bd-9029-9a66dda6727d,SAMMS-Huntsville-OBOT
202609041932519020,202609041904219461,202609041904219417,85,3967,Bronze INV,br_ReAssessmentPhysicalHealth,TASK_COMPLETE,SUCCESS,INFO,0,0,0,,2026-09-04T19:04:30.706Z,2026-09-04T19:32:56.074Z,1706,2026-09-04T19:32:56.074Z,BAT,Batesville,b1302ebd-57a3-42bd-9029-9a66dda6727d,SAMMS-Batesville
202609041932519022,202609041904219462,202609041904219417,85,3968,Bronze INV,br_ReAssessmentPhysicalHealth,TASK_COMPLETE,SUCCESS,INFO,461,461,0,,2026-09-04T19:04:30.706Z,2026-09-04T19:32:56.074Z,1706,2026-09-04T19:32:56.074Z,BG,Bowling Green,b1302ebd-57a3-42bd-9029-9a66dda6727d,SAMMS-BowlingGreen
202609041932519023,202609041904219463,202609041904219417,85,3969,Bronze INV,br_ReAssessmentPhysicalHealth,TASK_COMPLETE,SUCCESS,INFO,179,179,0,,2026-09-04T19:04:30.706Z,2026-09-04T19:32:56.074Z,1706,2026-09-04T19:32:56.074Z,BOI,Boise,b1302ebd-57a3-42bd-9029-9a66dda6727d,SAMMS-Boise
202609041932519024,202609041904219464,202609041904219417,85,3976,Bronze INV,br_ReAssessmentPhysicalHealth,TASK_COMPLETE,SUCCESS,INFO,51,51,0,,2026-09-04T19:04:30.706Z,2026-09-04T19:32:56.074Z,1706,2026-09-04T19:32:56.074Z,CBCO,Coeur dAlene,b1302ebd-57a3-42bd-9029-9a66dda6727d,SAMMS-CoeurdAleneV6
202609041932519025,202609041904219465,202609041904219417,85,3995,Bronze INV,br_ReAssessmentPhysicalHealth,TASK_COMPLETE,SUCCESS,INFO,0,0,0,,2026-09-04T19:04:30.706Z,2026-09-04T19:32:56.074Z,1706,2026-09-04T19:32:56.074Z,CON,Conway,b1302ebd-57a3-42bd-9029-9a66dda6727d,SAMMS-Conway
202609041932519026,202609041904219466,202609041904219417,85,3996,Bronze INV,br_ReAssessmentPhysicalHealth,TASK_COMPLETE,SUCCESS,INFO,2590,2590,0,,2026-09-04T19:04:30.706Z,2026-09-04T19:32:56.074Z,1706,2026-09-04T19:32:56.074Z,D07,Medical Services Knox TN,b1302ebd-57a3-42bd-9029-9a66dda6727d,SAMMS-KnoxvilleV6
202609041932519084,202609041904219516,202609041904219417,85,4065,Bronze INV,br_ReAssessmentPhysicalHealth,TASK_COMPLETE,SUCCESS,INFO,1144,1144,0,,2026-09-04T19:04:30.706Z,2026-09-04T19:32:56.074Z,1706,2026-09-04T19:32:56.074Z,V12A,Centennial,b1302ebd-57a3-42bd-9029-9a66dda6727d,SAMMS-CentennialV5
202609041932519085,202609041904219517,202609041904219417,85,4066,Bronze INV,br_ReAssessmentPhysicalHealth,TASK_COMPLETE,SUCCESS,INFO,295,295,0,,2026-09-04T19:04:30.706Z,2026-09-04T19:32:56.074Z,1706,2026-09-04T19:32:56.074Z,V14,Overland Park,b1302ebd-57a3-42bd-9029-9a66dda6727d,SAMMS-VCPHCS-XIV-BridgewayV5
202609041932519087,202609041904219518,202609041904219417,85,4067,Bronze INV,br_ReAssessmentPhysicalHealth,TASK_COMPLETE,SUCCESS,INFO,609,609,0,,2026-09-04T19:04:30.706Z,2026-09-04T19:32:56.074Z,1706,2026-09-04T19:32:56.074Z,V15,Joplin,b1302ebd-57a3-42bd-9029-9a66dda6727d,SAMMS-JoplinV5
202609041932519088,202609041904219519,202609041904219417,85,4069,Bronze INV,br_ReAssessmentPhysicalHealth,TASK_COMPLETE,SUCCESS,INFO,906,906,0,,2026-09-04T19:04:30.706Z,2026-09-04T19:32:56.074Z,1706,2026-09-04T19:32:56.074Z,V17,Columbia TN,b1302ebd-57a3-42bd-9029-9a66dda6727d,SAMMS-ColumbiaTNv5
202609041932519089,202609041904219520,202609041904219417,85,4071,Bronze INV,br_ReAssessmentPhysicalHealth,TASK_COMPLETE,SUCCESS,INFO,534,534,0,,2026-09-04T19:04:30.706Z,2026-09-04T19:32:56.074Z,1706,2026-09-04T19:32:56.074Z,V19,Jackson,b1302ebd-57a3-42bd-9029-9a66dda6727d,SAMMS-JacksonV5
202609041932519090,202609041904219521,202609041904219417,85,4073,Bronze INV,br_ReAssessmentPhysicalHealth,TASK_COMPLETE,SUCCESS,INFO,1776,1776,0,,2026-09-04T19:04:30.706Z,2026-09-04T19:32:56.074Z,1706,2026-09-04T19:32:56.074Z,V20,Paris,b1302ebd-57a3-42bd-9029-9a66dda6727d,SAMMS-ParisV5
202609041932519091,202609041904219522,202609041904219417,85,4074,Bronze INV,br_ReAssessmentPhysicalHealth,TASK_COMPLETE,SUCCESS,INFO,723,723,0,,2026-09-04T19:04:30.706Z,2026-09-04T19:32:56.074Z,1706,2026-09-04T19:32:56.074Z,V21,Memphis North,b1302ebd-57a3-42bd-9029-9a66dda6727d,SAMMS-RaleighV5
202608310622431613,202608310622431613,20260831061556,134,13729,Medicare Utilization Workflow IN-DB v2 Gold,Bundled_Logic_Utl,GOLD_ZERO,SUCCESS,WARN,0,0,0,Gold transformation resulted in 0 rows for Medicare Utilization Workflow IN-DB v2 Gold,2026-08-31T06:22:48.566Z,2026-08-31T06:23:13.208Z,11,2026-08-31T06:23:13.208Z,,,1de5cf99-6b82-4338-b3fe-396114f7957f,
202609061929598656,202609061904281346,202609061904281249,85,4063,Bronze INV,br_ReAssessmentPhysicalHealth,TASK_COMPLETE,SUCCESS,INFO,2876,2876,0,,2026-09-06T19:04:34.627Z,2026-09-06T19:30:03.879Z,1529,2026-09-06T19:30:03.879Z,V11,Westminster,5cce37fd-5f38-41c5-90e1-d9efeb3bd245,SAMMS-VCPHCS-XI-NorthDenverV5
202609061929598657,202609061904281347,202609061904281249,85,4064,Bronze INV,br_ReAssessmentPhysicalHealth,TASK_COMPLETE,SUCCESS,INFO,3046,3046,0,,2026-09-06T19:04:34.627Z,2026-09-06T19:30:03.879Z,1529,2026-09-06T19:30:03.879Z,V12,Downtown Denver,5cce37fd-5f38-41c5-90e1-d9efeb3bd245,SAMMS-VCPHCS-XII-DowntownDenverV5
202609061929598658,202609061904281348,202609061904281249,85,4065,Bronze INV,br_ReAssessmentPhysicalHealth,TASK_COMPLETE,SUCCESS,INFO,1144,1144,0,,2026-09-06T19:04:34.627Z,2026-09-06T19:30:03.879Z,1529,2026-09-06T19:30:03.879Z,V12A,Centennial,5cce37fd-5f38-41c5-90e1-d9efeb3bd245,SAMMS-CentennialV5
202609061929598659,202609061904281349,202609061904281249,85,4066,Bronze INV,br_ReAssessmentPhysicalHealth,TASK_COMPLETE,SUCCESS,INFO,295,295,0,,2026-09-06T19:04:34.627Z,2026-09-06T19:30:03.879Z,1529,2026-09-06T19:30:03.879Z,V14,Overland Park,5cce37fd-5f38-41c5-90e1-d9efeb3bd245,SAMMS-VCPHCS-XIV-BridgewayV5
202609061929598660,202609061904281350,202609061904281249,85,4067,Bronze INV,br_ReAssessmentPhysicalHealth,TASK_COMPLETE,SUCCESS,INFO,609,609,0,,2026-09-06T19:04:34.627Z,2026-09-06T19:30:03.879Z,1529,2026-09-06T19:30:03.879Z,V15,Joplin,5cce37fd-5f38-41c5-90e1-d9efeb3bd245,SAMMS-JoplinV5
202609061929598661,202609061904281351,202609061904281249,85,4069,Bronze INV,br_ReAssessmentPhysicalHealth,TASK_COMPLETE,SUCCESS,INFO,906,906,0,,2026-09-06T19:04:34.627Z,2026-09-06T19:30:03.879Z,1529,2026-09-06T19:30:03.879Z,V17,Columbia TN,5cce37fd-5f38-41c5-90e1-d9efeb3bd245,SAMMS-ColumbiaTNv5
202609041734097480,202609041706274041,202609041706273944,85,4063,Bronze INV,br_ReAssessmentPhysicalHealth,TASK_COMPLETE,SUCCESS,INFO,2876,2876,0,,2026-09-04T17:06:35.444Z,2026-09-04T17:34:13.654Z,1658,2026-09-04T17:34:13.654Z,V11,Westminster,5652dc3b-8824-4606-a16d-f373dc1d2ada,SAMMS-VCPHCS-XI-NorthDenverV5
202609041734097481,202609041706274042,202609041706273944,85,4064,Bronze INV,br_ReAssessmentPhysicalHealth,TASK_COMPLETE,SUCCESS,INFO,3046,3046,0,,2026-09-04T17:06:35.444Z,2026-09-04T17:34:13.654Z,1658,2026-09-04T17:34:13.654Z,V12,Downtown Denver,5652dc3b-8824-4606-a16d-f373dc1d2ada,SAMMS-VCPHCS-XII-DowntownDenverV5
202609041734097482,202609041706274043,202609041706273944,85,4065,Bronze INV,br_ReAssessmentPhysicalHealth,TASK_COMPLETE,SUCCESS,INFO,1144,1144,0,,2026-09-04T17:06:35.444Z,2026-09-04T17:34:13.654Z,1658,2026-09-04T17:34:13.654Z,V12A,Centennial,5652dc3b-8824-4606-a16d-f373dc1d2ada,SAMMS-CentennialV5
202609041734097483,202609041706274044,202609041706273944,85,4066,Bronze INV,br_ReAssessmentPhysicalHealth,TASK_COMPLETE,SUCCESS,INFO,295,295,0,,2026-09-04T17:06:35.444Z,2026-09-04T17:34:13.654Z,1658,2026-09-04T17:34:13.654Z,V14,Overland Park,5652dc3b-8824-4606-a16d-f373dc1d2ada,SAMMS-VCPHCS-XIV-BridgewayV5
202609041734097484,202609041706274045,202609041706273944,85,4067,Bronze INV,br_ReAssessmentPhysicalHealth,TASK_COMPLETE,SUCCESS,INFO,609,609,0,,2026-09-04T17:06:35.444Z,2026-09-04T17:34:13.654Z,1658,2026-09-04T17:34:13.654Z,V15,Joplin,5652dc3b-8824-4606-a16d-f373dc1d2ada,SAMMS-JoplinV5
202609041734097485,202609041706274046,202609041706273944,85,4069,Bronze INV,br_ReAssessmentPhysicalHealth,TASK_COMPLETE,SUCCESS,INFO,906,906,0,,2026-09-04T17:06:35.444Z,2026-09-04T17:34:13.654Z,1658,2026-09-04T17:34:13.654Z,V17,Columbia TN,5652dc3b-8824-4606-a16d-f373dc1d2ada,SAMMS-ColumbiaTNv5
202608311233191010,202608311233191009,20260831092127,134,13729,Medicare Utilization Workflow IN-DB v2 Gold,Bundled_Logic_Utl,GOLD_ZERO,SUCCESS,WARN,0,0,0,Gold transformation resulted in 0 rows for Medicare Utilization Workflow IN-DB v2 Gold,2026-08-31T12:33:23.621Z,2026-08-31T12:33:39.888Z,9,2026-08-31T12:33:39.888Z,,,73ab084e-6be8-4233-a81c-8f049414a380,
202609031202398352,202609031202398352,20260903115613,134,13729,Medicare Utilization Workflow IN-DB v2 Gold,Bundled_Logic_Utl,GOLD_ZERO,SUCCESS,WARN,0,0,0,Gold transformation resulted in 0 rows for Medicare Utilization Workflow IN-DB v2 Gold,2026-09-03T12:02:44.748Z,2026-09-03T12:02:58.233Z,7,2026-09-03T12:02:58.233Z,,,1426a45f-7ba5-45f5-b808-280584111092,
202608310534215004,202608310534215004,20260831035644,134,13729,Medicare Utilization Workflow IN-DB v2 Gold,Bundled_Logic_Utl,GOLD_ZERO,SUCCESS,WARN,0,0,0,Gold transformation resulted in 0 rows for Medicare Utilization Workflow IN-DB v2 Gold,2026-08-31T05:34:26.155Z,2026-08-31T05:34:55.192Z,7,2026-08-31T05:34:55.192Z,,,648551aa-4be1-43d5-9996-5e68064cace6,
202609041629503337,202609041629503337,202608171026319654,84,13673,Gold Salesforce Cases,Cases,TASK_FAILED,FAILED,ERROR,0,0,0,"(42S22, \"[42S22] [Microsoft][ODBC Driver 18 for SQL Server][SQL Server]Invalid column name CaseId. (207) (SQLExecDirectW)\")",2026-09-04T16:29:55.710Z,2026-09-04T16:30:24.651Z,27,2026-09-04T16:30:24.651Z,,,7a604b07-1e27-4ff8-bd86-1860fd5608a2,
202609021751383062,202609021751383062,202608171026319654,84,13673,Gold Salesforce Cases,Cases,TASK_FAILED,FAILED,ERROR,0,0,0,"(42S22, \"[42S22] [Microsoft][ODBC Driver 18 for SQL Server][SQL Server]Invalid column name CaseId. (207) (SQLExecDirectW)\")",2026-09-02T17:51:43.668Z,2026-09-02T17:51:59.645Z,14,2026-09-02T17:51:59.645Z,,,0d5be434-3f1a-4f4b-ae90-f0c48a55ec54,
202609031148376792,202609031148376792,202608171026319654,84,13673,Gold Salesforce Cases,Cases,TASK_FAILED,FAILED,ERROR,0,0,0,"(42S22, \"[42S22] [Microsoft][ODBC Driver 18 for SQL Server][SQL Server]Invalid column name CaseId. (207) (SQLExecDirectW)\")",2026-09-03T11:48:42.975Z,2026-09-03T11:48:58.096Z,12,2026-09-03T11:48:58.096Z,,,b5204bb1-5640-4c52-9143-fe923aba5573,
202609041344101733,202609041344101732,202608171026319654,84,13673,Gold Salesforce Cases,Cases,TASK_FAILED,FAILED,ERROR,0,0,0,"(42S22, \"[42S22] [Microsoft][ODBC Driver 18 for SQL Server][SQL Server]Invalid column name CaseId. (207) (SQLExecDirectW)\")",2026-09-04T13:44:15.405Z,2026-09-04T13:44:40.900Z,23,2026-09-04T13:44:40.900Z,,,bd9b2318-654e-4f3d-b09e-bcdf6b219232,
202609041224569029,202609041224569029,202608171026319654,84,13673,Gold Salesforce Cases,Cases,TASK_FAILED,FAILED,ERROR,0,0,0,"(42S22, \"[42S22] [Microsoft][ODBC Driver 18 for SQL Server][SQL Server]Invalid column name CaseId. (207) (SQLExecDirectW)\")",2026-09-04T12:25:03.737Z,2026-09-04T12:25:35.516Z,30,2026-09-04T12:25:35.516Z,,,6ab129c1-fb62-4518-bfad-8f6d8d29c3ca,
202609041439047878,202609041439047878,202608171026319654,84,13673,Gold Salesforce Cases,Cases,TASK_FAILED,FAILED,ERROR,0,0,0,"(42S22, \"[42S22] [Microsoft][ODBC Driver 18 for SQL Server][SQL Server]Invalid column name CaseId. (207) (SQLExecDirectW)\")",2026-09-04T14:39:11.932Z,2026-09-04T14:39:49.920Z,34,2026-09-04T14:39:49.920Z,,,9d7b1c7e-8065-427d-99c7-89e3c8306b1f,
202608281030244329,202608281030244328,202608171026319654,84,13673,Gold Salesforce Cases,Cases,TASK_FAILED,FAILED,ERROR,0,0,0,"(42S22, \"[42S22] [Microsoft][ODBC Driver 18 for SQL Server][SQL Server]Invalid column name CaseId. (207) (SQLExecDirectW)\")",2026-08-28T10:30:28.879Z,2026-08-28T10:30:39.584Z,9,2026-08-28T10:30:39.584Z,,,3d84b3b4-01e9-4004-b383-1c54ba72a558,
202609041932519027,202609041904219467,202609041904219417,85,3997,Bronze INV,br_ReAssessmentPhysicalHealth,TASK_COMPLETE,SUCCESS,INFO,116,116,0,,2026-09-04T19:04:30.706Z,2026-09-04T19:32:56.074Z,1706,2026-09-04T19:32:56.074Z,D08,Madison,b1302ebd-57a3-42bd-9029-9a66dda6727d,SAMMS-MadisonV6
202609041932519029,202609041904219468,202609041904219417,85,3999,Bronze INV,br_ReAssessmentPhysicalHealth,TASK_COMPLETE,SUCCESS,INFO,123,123,0,,2026-09-04T19:04:30.706Z,2026-09-04T19:32:56.074Z,1706,2026-09-04T19:32:56.074Z,D09,Murfreesboro,b1302ebd-57a3-42bd-9029-9a66dda6727d,SAMMS-MurfreesboroV6
202609041932519030,202609041904219469,202609041904219417,85,4000,Bronze INV,br_ReAssessmentPhysicalHealth,TASK_COMPLETE,SUCCESS,INFO,337,337,0,,2026-09-04T19:04:30.706Z,2026-09-04T19:32:56.074Z,1706,2026-09-04T19:32:56.074Z,DA,Davenport,b1302ebd-57a3-42bd-9029-9a66dda6727d,SAMMS-Davenport
202609041932519031,202609041904219470,202609041904219417,85,4001,Bronze INV,br_ReAssessmentPhysicalHealth,TASK_COMPLETE,SUCCESS,INFO,292,292,0,,2026-09-04T19:04:30.706Z,2026-09-04T19:32:56.074Z,1706,2026-09-04T19:32:56.074Z,DM,Des Moines,b1302ebd-57a3-42bd-9029-9a66dda6727d,SAMMS-DesMoines
202609041932519032,202609041904219471,202609041904219417,85,4003,Bronze INV,br_ReAssessmentPhysicalHealth,TASK_COMPLETE,SUCCESS,INFO,530,530,0,,2026-09-04T19:04:30.706Z,2026-09-04T19:32:56.074Z,1706,2026-09-04T19:32:56.074Z,DRD-CO,Columbia MO,b1302ebd-57a3-42bd-9029-9a66dda6727d,SAMMS-ColumbiaV5
202609041932519033,202609041904219472,202609041904219417,85,4004,Bronze INV,br_ReAssessmentPhysicalHealth,TASK_COMPLETE,SUCCESS,INFO,347,347,0,,2026-09-04T19:04:30.706Z,2026-09-04T19:32:56.074Z,1706,2026-09-04T19:32:56.074Z,DRD-KC,KC,b1302ebd-57a3-42bd-9029-9a66dda6727d,SAMMS-KCv5
202609041932519034,202609041904219473,202609041904219417,85,4005,Bronze INV,br_ReAssessmentPhysicalHealth,TASK_COMPLETE,SUCCESS,INFO,1556,1556,0,,2026-09-04T19:04:30.706Z,2026-09-04T19:32:56.074Z,1706,2026-09-04T19:32:56.074Z,DRD-KVB,KVB,b1302ebd-57a3-42bd-9029-9a66dda6727d,SAMMS-KVBv5
202609041613555412,202609041543374048,202609041543373975,85,2923,Bronze INV,br_OrientationChecklistNew,TASK_COMPLETE,SUCCESS,INFO,338,338,0,,2026-09-04T15:43:48.314Z,2026-09-04T16:13:58.818Z,1810,2026-09-04T16:13:58.818Z,LV1,Cheyenne,66e9e433-72b0-4c30-b0ea-7611d9608923,SAMMS-Cheyenne
202609041613555413,202609041543374049,202609041543373975,85,2924,Bronze INV,br_OrientationChecklistNew,TASK_COMPLETE,SUCCESS,INFO,192,192,0,,2026-09-04T15:43:48.314Z,2026-09-04T16:13:58.818Z,1810,2026-09-04T16:13:58.818Z,LV2,Desert Inn,66e9e433-72b0-4c30-b0ea-7611d9608923,SAMMS-DesertInn
202609041613555415,202609041543374050,202609041543373975,85,2925,Bronze INV,br_OrientationChecklistNew,TASK_COMPLETE,SUCCESS,INFO,87,87,0,,2026-09-04T15:43:48.314Z,2026-09-04T16:13:58.818Z,1810,2026-09-04T16:13:58.818Z,LV3,McDaniel,66e9e433-72b0-4c30-b0ea-7611d9608923,SAMMS-McDaniel
202609041613555416,202609041543374051,202609041543373975,85,2928,Bronze INV,br_OrientationChecklistNew,TASK_COMPLETE,SUCCESS,INFO,91,91,0,,2026-09-04T15:43:48.314Z,2026-09-04T16:13:58.818Z,1810,2026-09-04T16:13:58.818Z,MNRE,Monroe,66e9e433-72b0-4c30-b0ea-7611d9608923,SAMMS-Monroe
202609041613555417,202609041543374052,202609041543373975,85,2929,Bronze INV,br_OrientationChecklistNew,TASK_COMPLETE,SUCCESS,INFO,6,6,0,,2026-09-04T15:43:48.314Z,2026-09-04T16:13:58.818Z,1810,2026-09-04T16:13:58.818Z,MP,Mt. Pleasant,66e9e433-72b0-4c30-b0ea-7611d9608923,SAMMS-MtPleasant
202609041613555418,202609041543374053,202609041543373975,85,2930,Bronze INV,br_OrientationChecklistNew,TASK_COMPLETE,SUCCESS,INFO,74,74,0,,2026-09-04T15:43:48.314Z,2026-09-04T16:13:58.818Z,1810,2026-09-04T16:13:58.818Z,MRD,Meridian,66e9e433-72b0-4c30-b0ea-7611d9608923,SAMMS-Meridian
202609041613555419,202609041543374054,202609041543373975,85,2935,Bronze INV,br_OrientationChecklistNew,TASK_COMPLETE,SUCCESS,INFO,159,159,0,,2026-09-04T15:43:48.314Z,2026-09-04T16:13:58.818Z,1810,2026-09-04T16:13:58.818Z,NC,North Charleston,66e9e433-72b0-4c30-b0ea-7611d9608923,SAMMS-NorthCharleston
202609041613555420,202609041543374055,202609041543373975,85,2936,Bronze INV,br_OrientationChecklistNew,TASK_COMPLETE,SUCCESS,INFO,0,0,0,,2026-09-04T15:43:48.314Z,2026-09-04T16:13:58.818Z,1810,2026-09-04T16:13:58.818Z,NLR,N. Little Rock,66e9e433-72b0-4c30-b0ea-7611d9608923,SAMMS-NLROBOT
202609041613555421,202609041543374056,202609041543373975,85,2941,Bronze INV,br_OrientationChecklistNew,TASK_COMPLETE,SUCCESS,INFO,128,128,0,,2026-09-04T15:43:48.314Z,2026-09-04T16:13:58.818Z,1810,2026-09-04T16:13:58.818Z,RE,Reno,66e9e433-72b0-4c30-b0ea-7611d9608923,SAMMS-Reno
202609041432112768,202609041408388813,202609041408388763,25,55050,DartsSrv Bronze - D08,br_tblDartSrv,TASK_COMPLETE,SUCCESS,INFO,861,861,0,,2026-09-04T14:09:28.519Z,2026-09-04T14:33:19.121Z,1431,2026-09-04T14:33:19.121Z,D08,Madison,d54f2858-d272-437f-a2a4-9fa2f90018e7,SAMMS-MadisonV6
202609041432112769,202609041408388814,202609041408388763,25,55051,DartsSrv Bronze - D09,br_tblDartSrv,TASK_COMPLETE,SUCCESS,INFO,444,444,0,,2026-09-04T14:09:28.519Z,2026-09-04T14:33:19.121Z,1431,2026-09-04T14:33:19.121Z,D09,Murfreesboro,d54f2858-d272-437f-a2a4-9fa2f90018e7,SAMMS-MurfreesboroV6
202609041432112770,202609041408388815,202609041408388763,25,55052,DartsSrv Bronze - DA,br_tblDartSrv,TASK_COMPLETE,SUCCESS,INFO,426,426,0,,2026-09-04T14:09:28.519Z,2026-09-04T14:33:19.121Z,1431,2026-09-04T14:33:19.121Z,DA,Davenport,d54f2858-d272-437f-a2a4-9fa2f90018e7,SAMMS-Davenport
202609041432112772,202609041408388816,202609041408388763,25,55053,DartsSrv Bronze - DM,br_tblDartSrv,TASK_COMPLETE,SUCCESS,INFO,314,314,0,,2026-09-04T14:09:28.519Z,2026-09-04T14:33:19.121Z,1431,2026-09-04T14:33:19.121Z,DM,DesMoines,d54f2858-d272-437f-a2a4-9fa2f90018e7,SAMMS-DesMoines
202609041432112773,202609041408388817,202609041408388763,25,55054,DartsSrv Bronze - DRD-CO,br_tblDartSrv,TASK_COMPLETE,SUCCESS,INFO,217,217,0,,2026-09-04T14:09:28.519Z,2026-09-04T14:33:19.121Z,1431,2026-09-04T14:33:19.121Z,DRD-CO,Columbia,d54f2858-d272-437f-a2a4-9fa2f90018e7,SAMMS-ColumbiaV5
202609041432112774,202609041408388818,202609041408388763,25,55055,DartsSrv Bronze - DRD-KC,br_tblDartSrv,TASK_COMPLETE,SUCCESS,INFO,314,314,0,,2026-09-04T14:09:28.519Z,2026-09-04T14:33:19.121Z,1431,2026-09-04T14:33:19.121Z,DRD-KC,KC,d54f2858-d272-437f-a2a4-9fa2f90018e7,SAMMS-KCv5
202609041432112775,202609041408388819,202609041408388763,25,55056,DartsSrv Bronze - DRD-KVB,br_tblDartSrv,TASK_COMPLETE,SUCCESS,INFO,1034,1034,0,,2026-09-04T14:09:28.519Z,2026-09-04T14:33:19.121Z,1431,2026-09-04T14:33:19.121Z,DRD-KVB,KVB,d54f2858-d272-437f-a2a4-9fa2f90018e7,SAMMS-KVBv5
202609031517517924,202609031517517925,20260903151751,122,12585,Gold OffWeek Counseling,OffWeekCounselingEngagement,TASK_FAILED,FAILED,ERROR,0,0,1,No EtlConfig found for PipelineName: 'nb_offweekcounseling_slv_to_' after 3 retry attempts,2026-09-03T15:17:51.792Z,2026-09-03T15:17:51.792Z,0,2026-09-03T15:17:51.792Z,,,e922c4e4-ba62-4f6d-9b8c-63d0b5108629,
202609041932518995,202609041904219439,202609041904219417,85,3932,Bronze INV,br_ReAssessmentPhysicalHealth,TASK_COMPLETE,SUCCESS,INFO,508,508,0,,2026-09-04T19:04:30.706Z,2026-09-04T19:32:56.074Z,1706,2026-09-04T19:32:56.074Z,B42B,Franklin,b1302ebd-57a3-42bd-9029-9a66dda6727d,SAMMS-FranklinV5
202609041932518996,202609041904219440,202609041904219417,85,3933,Bronze INV,br_ReAssessmentPhysicalHealth,TASK_COMPLETE,SUCCESS,INFO,346,346,0,,2026-09-04T19:04:30.706Z,2026-09-04T19:32:56.074Z,1706,2026-09-04T19:32:56.074Z,B42C,Glen Allen,b1302ebd-57a3-42bd-9029-9a66dda6727d,SAMMS-GlenAllenV5
202609041932518997,202609041904219441,202609041904219417,85,3934,Bronze INV,br_ReAssessmentPhysicalHealth,TASK_COMPLETE,SUCCESS,INFO,1487,1487,0,,2026-09-04T19:04:30.706Z,2026-09-04T19:32:56.074Z,1706,2026-09-04T19:32:56.074Z,B42D,Chesapeake South,b1302ebd-57a3-42bd-9029-9a66dda6727d,SAMMS-ChesapeakeSouthV5
202609041932518998,202609041904219442,202609041904219417,85,3935,Bronze INV,br_ReAssessmentPhysicalHealth,TASK_COMPLETE,SUCCESS,INFO,632,632,0,,2026-09-04T19:04:30.706Z,2026-09-04T19:32:56.074Z,1706,2026-09-04T19:32:56.074Z,B44,Albany,b1302ebd-57a3-42bd-9029-9a66dda6727d,SAMMS-AlbanyV5
202609041932519000,202609041904219443,202609041904219417,85,3936,Bronze INV,br_ReAssessmentPhysicalHealth,TASK_COMPLETE,SUCCESS,INFO,1273,1273,0,,2026-09-04T19:04:30.706Z,2026-09-04T19:32:56.074Z,1706,2026-09-04T19:32:56.074Z,B45,Tifton,b1302ebd-57a3-42bd-9029-9a66dda6727d,SAMMS-TiftonV5
202609041932519001,202609041904219444,202609041904219417,85,3937,Bronze INV,br_ReAssessmentPhysicalHealth,TASK_COMPLETE,SUCCESS,INFO,591,591,0,,2026-09-04T19:04:30.706Z,2026-09-04T19:32:56.074Z,1706,2026-09-04T19:32:56.074Z,B46,Washington DC,b1302ebd-57a3-42bd-9029-9a66dda6727d,SAMMS-WashingtonDCv5
202609041932519002,202609041904219445,202609041904219417,85,3938,Bronze INV,br_ReAssessmentPhysicalHealth,TASK_COMPLETE,SUCCESS,INFO,1575,1575,0,,2026-09-04T19:04:30.706Z,2026-09-04T19:32:56.074Z,1706,2026-09-04T19:32:56.074Z,B47,Mobile,b1302ebd-57a3-42bd-9029-9a66dda6727d,SAMMS-MobileV5
202609021231372633,202609021231372634,20260902123137,116,8626,nb_patientservices_slv_to_slv,sl_PatientServices,TASK_FAILED,FAILED,ERROR,0,0,1,No EtlConfig found for PipelineName: ''nb_patientservices_slv_to_slv'' after 3 retry attempts,2026-09-02T12:31:37.263Z,2026-09-02T12:31:37.263Z,0,2026-09-02T12:31:37.263Z,,,442f0e51-6937-4a8b-9cf7-6ceb3d0e096a,
202609041932518987,202609041904219432,202609041904219417,85,3925,Bronze INV,br_ReAssessmentPhysicalHealth,TASK_COMPLETE,SUCCESS,INFO,22,22,0,,2026-09-04T19:04:30.706Z,2026-09-04T19:32:56.074Z,1706,2026-09-04T19:32:56.074Z,B36,Asheville,b1302ebd-57a3-42bd-9029-9a66dda6727d,SAMMS-AshevilleV5
202609041932518989,202609041904219433,202609041904219417,85,3926,Bronze INV,br_ReAssessmentPhysicalHealth,TASK_COMPLETE,SUCCESS,INFO,1,1,0,,2026-09-04T19:04:30.706Z,2026-09-04T19:32:56.074Z,1706,2026-09-04T19:32:56.074Z,B37,Clyde,b1302ebd-57a3-42bd-9029-9a66dda6727d,SAMMS-ClydeV5
202609041932518990,202609041904219434,202609041904219417,85,3927,Bronze INV,br_ReAssessmentPhysicalHealth,TASK_COMPLETE,SUCCESS,INFO,1189,1189,0,,2026-09-04T19:04:30.706Z,2026-09-04T19:32:56.074Z,1706,2026-09-04T19:32:56.074Z,B38,Spartanburg,b1302ebd-57a3-42bd-9029-9a66dda6727d,SAMMS-SpartanburgV5
202609041932518991,202609041904219435,202609041904219417,85,3928,Bronze INV,br_ReAssessmentPhysicalHealth,TASK_COMPLETE,SUCCESS,INFO,362,362,0,,2026-09-04T19:04:30.706Z,2026-09-04T19:32:56.074Z,1706,2026-09-04T19:32:56.074Z,B39,Aiken,b1302ebd-57a3-42bd-9029-9a66dda6727d,SAMMS-AikenV5
202609041932518992,202609041904219436,202609041904219417,85,3929,Bronze INV,br_ReAssessmentPhysicalHealth,TASK_COMPLETE,SUCCESS,INFO,1894,1894,0,,2026-09-04T19:04:30.706Z,2026-09-04T19:32:56.074Z,1706,2026-09-04T19:32:56.074Z,B41,Chesapeake,b1302ebd-57a3-42bd-9029-9a66dda6727d,SAMMS-ChesapeakeV5
202609041932518993,202609041904219437,202609041904219417,85,3930,Bronze INV,br_ReAssessmentPhysicalHealth,TASK_COMPLETE,SUCCESS,INFO,1922,1922,0,,2026-09-04T19:04:30.706Z,2026-09-04T19:32:56.074Z,1706,2026-09-04T19:32:56.074Z,B42,Virginia Beach,b1302ebd-57a3-42bd-9029-9a66dda6727d,SAMMS-VirginiaBeachV5
202609041932518994,202609041904219438,202609041904219417,85,3931,Bronze INV,br_ReAssessmentPhysicalHealth,TASK_COMPLETE,SUCCESS,INFO,936,936,0,,2026-09-04T19:04:30.706Z,2026-09-04T19:32:56.074Z,1706,2026-09-04T19:32:56.074Z,B42A,Newport News,b1302ebd-57a3-42bd-9029-9a66dda6727d,SAMMS-NewportNewsV5
202609041932519003,202609041904219446,202609041904219417,85,3939,Bronze INV,br_ReAssessmentPhysicalHealth,TASK_COMPLETE,SUCCESS,INFO,1301,1301,0,,2026-09-04T19:04:30.706Z,2026-09-04T19:32:56.074Z,1706,2026-09-04T19:32:56.074Z,B48,Tuscaloosa,b1302ebd-57a3-42bd-9029-9a66dda6727d,SAMMS-TuscaloosaV5
202609041932519004,202609041904219447,202609041904219417,85,3948,Bronze INV,br_ReAssessmentPhysicalHealth,TASK_COMPLETE,SUCCESS,INFO,3,3,0,,2026-09-04T19:04:30.706Z,2026-09-04T19:32:56.074Z,1706,2026-09-04T19:32:56.074Z,B51,N. Little Rock (OTP),b1302ebd-57a3-42bd-9029-9a66dda6727d,SAMMS-NorthLittleRockV6
202609041932519005,202609041904219448,202609041904219417,85,3949,Bronze INV,br_ReAssessmentPhysicalHealth,TASK_COMPLETE,SUCCESS,INFO,460,460,0,,2026-09-04T19:04:30.706Z,2026-09-04T19:32:56.074Z,1706,2026-09-04T19:32:56.074Z,B52,Jackson GA,b1302ebd-57a3-42bd-9029-9a66dda6727d,SAMMS-JacksonGAV5
202609041932519007,202609041904219449,202609041904219417,85,3950,Bronze INV,br_ReAssessmentPhysicalHealth,TASK_COMPLETE,SUCCESS,INFO,1704,1704,0,,2026-09-04T19:04:30.706Z,2026-09-04T19:32:56.074Z,1706,2026-09-04T19:32:56.074Z,B54,Gadsden,b1302ebd-57a3-42bd-9029-9a66dda6727d,SAMMS-GadsdenV5
202609041932519008,202609041904219450,202609041904219417,85,3951,Bronze INV,br_ReAssessmentPhysicalHealth,TASK_COMPLETE,SUCCESS,INFO,956,956,0,,2026-09-04T19:04:30.706Z,2026-09-04T19:32:56.074Z,1706,2026-09-04T19:32:56.074Z,B55,Shoals,b1302ebd-57a3-42bd-9029-9a66dda6727d,SAMMS-ShoalsV5
202609041932519009,202609041904219451,202609041904219417,85,3952,Bronze INV,br_ReAssessmentPhysicalHealth,TASK_COMPLETE,SUCCESS,INFO,294,294,0,,2026-09-04T19:04:30.706Z,2026-09-04T19:32:56.074Z,1706,2026-09-04T19:32:56.074Z,B57,Pawtucket,b1302ebd-57a3-42bd-9029-9a66dda6727d,SAMMS-Pawtucket
202609041932519010,202609041904219452,202609041904219417,85,3953,Bronze INV,br_ReAssessmentPhysicalHealth,TASK_COMPLETE,SUCCESS,INFO,555,555,0,,2026-09-04T19:04:30.706Z,2026-09-04T19:32:56.074Z,1706,2026-09-04T19:32:56.074Z,B57A,Johnston,b1302ebd-57a3-42bd-9029-9a66dda6727d,SAMMS-Johnston
202609031359541176,202609031332601418,202609031332601326,85,3137,Bronze INV,br_ReAssessment,TASK_COMPLETE,SUCCESS,INFO,985,985,0,,2026-09-03T13:33:12.351Z,2026-09-03T13:59:59.406Z,1607,2026-09-03T13:59:59.406Z,TTCC,Grand Bay,ef652adf-cab1-42cd-a0bf-1cd03c8c16e7,SAMMS-GrandBay
202609031359541177,202609031332601419,202609031332601326,85,3138,Bronze INV,br_ReAssessment,TASK_COMPLETE,SUCCESS,INFO,17,17,0,,2026-09-03T13:33:12.351Z,2026-09-03T13:59:59.406Z,1607,2026-09-03T13:59:59.406Z,TU,Tucson,ef652adf-cab1-42cd-a0bf-1cd03c8c16e7,SAMMS-Tucson
202609031359541178,202609031332601420,202609031332601326,85,3140,Bronze INV,br_ReAssessment,TASK_COMPLETE,SUCCESS,INFO,663,663,0,,2026-09-03T13:33:12.351Z,2026-09-03T13:59:59.406Z,1607,2026-09-03T13:59:59.406Z,V1,Memphis South,ef652adf-cab1-42cd-a0bf-1cd03c8c16e7,SAMMS-VCPHCS-I-MemphisV5
202609031359541179,202609031332601421,202609031332601326,85,3141,Bronze INV,br_ReAssessment,TASK_COMPLETE,SUCCESS,INFO,1641,1641,0,,2026-09-03T13:33:12.351Z,2026-09-03T13:59:59.406Z,1607,2026-09-03T13:59:59.406Z,V10,Longmont,ef652adf-cab1-42cd-a0bf-1cd03c8c16e7,SAMMS-BoulderV5
202609031359541181,202609031332601422,202609031332601326,85,3142,Bronze INV,br_ReAssessment,TASK_COMPLETE,SUCCESS,INFO,1527,1527,0,,2026-09-03T13:33:12.351Z,2026-09-03T13:59:59.406Z,1607,2026-09-03T13:59:59.406Z,V10A,Fort Collins,ef652adf-cab1-42cd-a0bf-1cd03c8c16e7,SAMMS-FortCollinsV5
202609031359541182,202609031332601423,202609031332601326,85,3143,Bronze INV,br_ReAssessment,TASK_COMPLETE,SUCCESS,INFO,2896,2896,0,,2026-09-03T13:33:12.351Z,2026-09-03T13:59:59.406Z,1607,2026-09-03T13:59:59.406Z,V11,Westminster,ef652adf-cab1-42cd-a0bf-1cd03c8c16e7,SAMMS-VCPHCS-XI-NorthDenverV5
202609031359541183,202609031332601424,202609031332601326,85,3144,Bronze INV,br_ReAssessment,TASK_COMPLETE,SUCCESS,INFO,3076,3076,0,,2026-09-03T13:33:12.351Z,2026-09-03T13:59:59.406Z,1607,2026-09-03T13:59:59.406Z,V12,Downtown Denver,ef652adf-cab1-42cd-a0bf-1cd03c8c16e7,SAMMS-VCPHCS-XII-DowntownDenverV5
202609041432112707,202609041408388764,202609041408388763,25,55001,DartsSrv Bronze - AHK,br_tblDartSrv,TASK_COMPLETE,SUCCESS,INFO,36,36,0,,2026-09-04T14:09:28.519Z,2026-09-04T14:33:19.121Z,1431,2026-09-04T14:33:19.121Z,AHK,Ahoskie,d54f2858-d272-437f-a2a4-9fa2f90018e7,SAMMS-Ahoskie
202609041432112708,202609041408388765,202609041408388763,25,55002,DartsSrv Bronze - B12B,br_tblDartSrv,TASK_COMPLETE,SUCCESS,INFO,10,10,0,,2026-09-04T14:09:28.519Z,2026-09-04T14:33:19.121Z,1431,2026-09-04T14:33:19.121Z,B12B,ColoradoSprings,d54f2858-d272-437f-a2a4-9fa2f90018e7,SAMMS-ColoradoSpringsV5
202609041432112710,202609041408388766,202609041408388763,25,55003,DartsSrv Bronze - B24,br_tblDartSrv,TASK_COMPLETE,SUCCESS,INFO,857,857,0,,2026-09-04T14:09:28.519Z,2026-09-04T14:33:19.121Z,1431,2026-09-04T14:33:19.121Z,B24,Paintsville,d54f2858-d272-437f-a2a4-9fa2f90018e7,SAMMS-PaintsvilleV5
202609041432112711,202609041408388767,202609041408388763,25,55004,DartsSrv Bronze - B25,br_tblDartSrv,TASK_COMPLETE,SUCCESS,INFO,741,741,0,,2026-09-04T14:09:28.519Z,2026-09-04T14:33:19.121Z,1431,2026-09-04T14:33:19.121Z,B25,Pikeville,d54f2858-d272-437f-a2a4-9fa2f90018e7,SAMMS-PikevilleV5
202609041432112712,202609041408388768,202609041408388763,25,55005,DartsSrv Bronze - B26,br_tblDartSrv,TASK_COMPLETE,SUCCESS,INFO,1489,1489,0,,2026-09-04T14:09:28.519Z,2026-09-04T14:33:19.121Z,1431,2026-09-04T14:33:19.121Z,B26,Hazard,d54f2858-d272-437f-a2a4-9fa2f90018e7,SAMMS-HazardV5
202609041432112713,202609041408388769,202609041408388763,25,55006,DartsSrv Bronze - B27,br_tblDartSrv,TASK_COMPLETE,SUCCESS,INFO,304,304,0,,2026-09-04T14:09:28.519Z,2026-09-04T14:33:19.121Z,1431,2026-09-04T14:33:19.121Z,B27,Savannah,d54f2858-d272-437f-a2a4-9fa2f90018e7,SAMMS-SavannahV6
202609041432112715,202609041408388770,202609041408388763,25,55007,DartsSrv Bronze - B28,br_tblDartSrv,TASK_COMPLETE,SUCCESS,INFO,104,104,0,,2026-09-04T14:09:28.519Z,2026-09-04T14:33:19.121Z,1431,2026-09-04T14:33:19.121Z,B28,WestPlaines,d54f2858-d272-437f-a2a4-9fa2f90018e7,SAMMS-WestPlainesV5
202609070334288509,202609070334288508,20260907031553,121,12584,Silver OffWeek Counseling Engagement,sl_OffWeekCounselingEngagement,TASK_SKIPPED,SKIPPED,INFO,0,0,0,Task already completed successfully in earlier attempt of this Run,2026-09-07T03:34:28.850Z,2026-09-07T03:34:32.403Z,0,2026-09-07T03:34:32.403Z,,,081a3b58-0ae5-4e8b-91b1-828f1c3ba344,
202609031612041327,202609031612041326,20260903151658,121,12584,Silver OffWeek Counseling Engagement,sl_OffWeekCounselingEngagement,TASK_SKIPPED,SKIPPED,INFO,0,0,0,Task already completed successfully in earlier attempt of this Run,2026-09-03T16:12:04.132Z,2026-09-03T16:12:12.388Z,0,2026-09-03T16:12:12.388Z,,,1336837b-3577-426d-8d00-b94646f47105,
202609031602209153,202609031602209152,20260903151658,121,12584,Silver OffWeek Counseling Engagement,sl_OffWeekCounselingEngagement,TASK_SKIPPED,SKIPPED,INFO,0,0,0,Task already completed successfully in earlier attempt of this Run,2026-09-03T16:02:20.915Z,2026-09-03T16:02:28.536Z,0,2026-09-03T16:02:28.536Z,,,51d644ea-ed4f-4996-a685-f88279c7f2f7,
202609031713004322,202609031713004321,20260903170732,121,12584,Silver OffWeek Counseling Engagement,sl_OffWeekCounselingEngagement,TASK_SKIPPED,SKIPPED,INFO,0,0,0,Task already completed successfully in earlier attempt of this Run,2026-09-03T17:13:00.432Z,2026-09-03T17:13:04.328Z,0,2026-09-03T17:13:04.328Z,,,4d4a03e4-da5a-401c-8fce-6475310fb5c0,
202609041432112734,202609041408388785,202609041408388763,25,55022,DartsSrv Bronze - B42B,br_tblDartSrv,TASK_COMPLETE,SUCCESS,INFO,116,116,0,,2026-09-04T14:09:28.519Z,2026-09-04T14:33:19.121Z,1431,2026-09-04T14:33:19.121Z,B42B,Franklin,d54f2858-d272-437f-a2a4-9fa2f90018e7,SAMMS-FranklinV5
202609041432112735,202609041408388786,202609041408388763,25,55023,DartsSrv Bronze - B42C,br_tblDartSrv,TASK_COMPLETE,SUCCESS,INFO,521,521,0,,2026-09-04T14:09:28.519Z,2026-09-04T14:33:19.121Z,1431,2026-09-04T14:33:19.121Z,B42C,GlenAllen,d54f2858-d272-437f-a2a4-9fa2f90018e7,SAMMS-GlenAllenV5
202609041432112736,202609041408388787,202609041408388763,25,55024,DartsSrv Bronze - B42D,br_tblDartSrv,TASK_COMPLETE,SUCCESS,INFO,441,441,0,,2026-09-04T14:09:28.519Z,2026-09-04T14:33:19.121Z,1431,2026-09-04T14:33:19.121Z,B42D,ChesapeakeSouth,d54f2858-d272-437f-a2a4-9fa2f90018e7,SAMMS-ChesapeakeSouthV5
202609041432112737,202609041408388788,202609041408388763,25,55025,DartsSrv Bronze - B44,br_tblDartSrv,TASK_COMPLETE,SUCCESS,INFO,211,211,0,,2026-09-04T14:09:28.519Z,2026-09-04T14:33:19.121Z,1431,2026-09-04T14:33:19.121Z,B44,Albany,d54f2858-d272-437f-a2a4-9fa2f90018e7,SAMMS-AlbanyV5
202609041432112739,202609041408388789,202609041408388763,25,55026,DartsSrv Bronze - B45,br_tblDartSrv,TASK_COMPLETE,SUCCESS,INFO,281,281,0,,2026-09-04T14:09:28.519Z,2026-09-04T14:33:19.121Z,1431,2026-09-04T14:33:19.121Z,B45,Tifton,d54f2858-d272-437f-a2a4-9fa2f90018e7,SAMMS-TiftonV5
202609041432112740,202609041408388790,202609041408388763,25,55027,DartsSrv Bronze - B46,br_tblDartSrv,TASK_COMPLETE,SUCCESS,INFO,738,738,0,,2026-09-04T14:09:28.519Z,2026-09-04T14:33:19.121Z,1431,2026-09-04T14:33:19.121Z,B46,WashingtonDC,d54f2858-d272-437f-a2a4-9fa2f90018e7,SAMMS-WashingtonDCv5
202609041432112741,202609041408388791,202609041408388763,25,55028,DartsSrv Bronze - B47,br_tblDartSrv,TASK_COMPLETE,SUCCESS,INFO,294,294,0,,2026-09-04T14:09:28.519Z,2026-09-04T14:33:19.121Z,1431,2026-09-04T14:33:19.121Z,B47,Mobile,d54f2858-d272-437f-a2a4-9fa2f90018e7,SAMMS-MobileV5
202609041932519035,202609041904219474,202609041904219417,85,4006,Bronze INV,br_ReAssessmentPhysicalHealth,TASK_COMPLETE,SUCCESS,INFO,1676,1676,0,,2026-09-04T19:04:30.706Z,2026-09-04T19:32:56.074Z,1706,2026-09-04T19:32:56.074Z,DRD-KVC,KVC,b1302ebd-57a3-42bd-9029-9a66dda6727d,SAMMS-KVCv5
202609041932519036,202609041904219475,202609041904219417,85,4007,Bronze INV,br_ReAssessmentPhysicalHealth,TASK_COMPLETE,SUCCESS,INFO,3205,3205,0,,2026-09-04T19:04:30.706Z,2026-09-04T19:32:56.074Z,1706,2026-09-04T19:32:56.074Z,DRD-NOLA,NOLA,b1302ebd-57a3-42bd-9029-9a66dda6727d,SAMMS-NOLAv5
202609041932519038,202609041904219476,202609041904219417,85,4008,Bronze INV,br_ReAssessmentPhysicalHealth,TASK_COMPLETE,SUCCESS,INFO,802,802,0,,2026-09-04T19:04:30.706Z,2026-09-04T19:32:56.074Z,1706,2026-09-04T19:32:56.074Z,DRD-SF,Springfield,b1302ebd-57a3-42bd-9029-9a66dda6727d,SAMMS-SFv5
202609041932519039,202609041904219477,202609041904219417,85,4010,Bronze INV,br_ReAssessmentPhysicalHealth,TASK_COMPLETE,SUCCESS,INFO,261,261,0,,2026-09-04T19:04:30.706Z,2026-09-04T19:32:56.074Z,1706,2026-09-04T19:32:56.074Z,ELC,Elizabeth City,b1302ebd-57a3-42bd-9029-9a66dda6727d,SAMMS-ElizabethCity
202609041932519040,202609041904219478,202609041904219417,85,4011,Bronze INV,br_ReAssessmentPhysicalHealth,TASK_COMPLETE,SUCCESS,INFO,128,128,0,,2026-09-04T19:04:30.706Z,2026-09-04T19:32:56.074Z,1706,2026-09-04T19:32:56.074Z,ET,Elizabethtown,b1302ebd-57a3-42bd-9029-9a66dda6727d,SAMMS-Elizabethtown
202609041932519041,202609041904219479,202609041904219417,85,4012,Bronze INV,br_ReAssessmentPhysicalHealth,TASK_COMPLETE,SUCCESS,INFO,0,0,0,,2026-09-04T19:04:30.706Z,2026-09-04T19:32:56.074Z,1706,2026-09-04T19:32:56.074Z,FAY,Fayetteville,b1302ebd-57a3-42bd-9029-9a66dda6727d,SAMMS-Fayetteville
202609041932519043,202609041904219480,202609041904219417,85,4013,Bronze INV,br_ReAssessmentPhysicalHealth,TASK_COMPLETE,SUCCESS,INFO,156,156,0,,2026-09-04T19:04:30.706Z,2026-09-04T19:32:56.074Z,1706,2026-09-04T19:32:56.074Z,FR,Frankfort,b1302ebd-57a3-42bd-9029-9a66dda6727d,SAMMS-Frankfort
202609041432112742,202609041408388792,202609041408388763,25,55029,DartsSrv Bronze - B48,br_tblDartSrv,TASK_COMPLETE,SUCCESS,INFO,361,361,0,,2026-09-04T14:09:28.519Z,2026-09-04T14:33:19.121Z,1431,2026-09-04T14:33:19.121Z,B48,Tuscaloosa,d54f2858-d272-437f-a2a4-9fa2f90018e7,SAMMS-TuscaloosaV5
202609041432112744,202609041408388793,202609041408388763,25,55030,DartsSrv Bronze - B51,br_tblDartSrv,TASK_COMPLETE,SUCCESS,INFO,466,466,0,,2026-09-04T14:09:28.519Z,2026-09-04T14:33:19.121Z,1431,2026-09-04T14:33:19.121Z,B51,NorthLittleRock,d54f2858-d272-437f-a2a4-9fa2f90018e7,SAMMS-NorthLittleRockV6
202609041432112745,202609041408388794,202609041408388763,25,55031,DartsSrv Bronze - B52,br_tblDartSrv,TASK_COMPLETE,SUCCESS,INFO,352,352,0,,2026-09-04T14:09:28.519Z,2026-09-04T14:33:19.121Z,1431,2026-09-04T14:33:19.121Z,B52,JacksonGA,d54f2858-d272-437f-a2a4-9fa2f90018e7,SAMMS-JacksonGAV5
202609041432112746,202609041408388795,202609041408388763,25,55032,DartsSrv Bronze - B54,br_tblDartSrv,TASK_COMPLETE,SUCCESS,INFO,552,552,0,,2026-09-04T14:09:28.519Z,2026-09-04T14:33:19.121Z,1431,2026-09-04T14:33:19.121Z,B54,Gadsden,d54f2858-d272-437f-a2a4-9fa2f90018e7,SAMMS-GadsdenV5
202609041432112747,202609041408388796,202609041408388763,25,55033,DartsSrv Bronze - B55,br_tblDartSrv,TASK_COMPLETE,SUCCESS,INFO,449,449,0,,2026-09-04T14:09:28.519Z,2026-09-04T14:33:19.121Z,1431,2026-09-04T14:33:19.121Z,B55,Shoals,d54f2858-d272-437f-a2a4-9fa2f90018e7,SAMMS-ShoalsV5
202609041432112749,202609041408388797,202609041408388763,25,55034,DartsSrv Bronze - B57,br_tblDartSrv,TASK_COMPLETE,SUCCESS,INFO,243,243,0,,2026-09-04T14:09:28.519Z,2026-09-04T14:33:19.121Z,1431,2026-09-04T14:33:19.121Z,B57,Pawtucket,d54f2858-d272-437f-a2a4-9fa2f90018e7,SAMMS-Pawtucket
202609041432112750,202609041408388798,202609041408388763,25,55035,DartsSrv Bronze - B57A,br_tblDartSrv,TASK_COMPLETE,SUCCESS,INFO,164,164,0,,2026-09-04T14:09:28.519Z,2026-09-04T14:33:19.121Z,1431,2026-09-04T14:33:19.121Z,B57A,Johnston,d54f2858-d272-437f-a2a4-9fa2f90018e7,SAMMS-Johnston
202609041932518972,202609041904219418,202609041904219417,85,3910,Bronze INV,br_ReAssessmentPhysicalHealth,TASK_COMPLETE,SUCCESS,INFO,35,35,0,,2026-09-04T19:04:30.706Z,2026-09-04T19:32:56.074Z,1706,2026-09-04T19:32:56.074Z,AHK,Ahoskie,b1302ebd-57a3-42bd-9029-9a66dda6727d,SAMMS-Ahoskie
202609041932518973,202609041904219419,202609041904219417,85,3911,Bronze INV,br_ReAssessmentPhysicalHealth,TASK_COMPLETE,SUCCESS,INFO,662,662,0,,2026-09-04T19:04:30.706Z,2026-09-04T19:32:56.074Z,1706,2026-09-04T19:32:56.074Z,B12B,Colorado Springs,b1302ebd-57a3-42bd-9029-9a66dda6727d,SAMMS-ColoradoSpringsV5
202609041932518974,202609041904219420,202609041904219417,85,3912,Bronze INV,br_ReAssessmentPhysicalHealth,TASK_COMPLETE,SUCCESS,INFO,835,835,0,,2026-09-04T19:04:30.706Z,2026-09-04T19:32:56.074Z,1706,2026-09-04T19:32:56.074Z,B24,Paintsville,b1302ebd-57a3-42bd-9029-9a66dda6727d,SAMMS-PaintsvilleV5
202609041932518975,202609041904219421,202609041904219417,85,3913,Bronze INV,br_ReAssessmentPhysicalHealth,TASK_COMPLETE,SUCCESS,INFO,646,646,0,,2026-09-04T19:04:30.706Z,2026-09-04T19:32:56.074Z,1706,2026-09-04T19:32:56.074Z,B25,Pikeville,b1302ebd-57a3-42bd-9029-9a66dda6727d,SAMMS-PikevilleV5
202609041932518976,202609041904219422,202609041904219417,85,3914,Bronze INV,br_ReAssessmentPhysicalHealth,TASK_COMPLETE,SUCCESS,INFO,970,970,0,,2026-09-04T19:04:30.706Z,2026-09-04T19:32:56.074Z,1706,2026-09-04T19:32:56.074Z,B26,Hazard,b1302ebd-57a3-42bd-9029-9a66dda6727d,SAMMS-HazardV5
202609041932518977,202609041904219423,202609041904219417,85,3915,Bronze INV,br_ReAssessmentPhysicalHealth,TASK_COMPLETE,SUCCESS,INFO,532,532,0,,2026-09-04T19:04:30.706Z,2026-09-04T19:32:56.074Z,1706,2026-09-04T19:32:56.074Z,B27,Savannah,b1302ebd-57a3-42bd-9029-9a66dda6727d,SAMMS-SavannahV6
202609041932518979,202609041904219424,202609041904219417,85,3916,Bronze INV,br_ReAssessmentPhysicalHealth,TASK_COMPLETE,SUCCESS,INFO,246,246,0,,2026-09-04T19:04:30.706Z,2026-09-04T19:32:56.074Z,1706,2026-09-04T19:32:56.074Z,B28,West Plains,b1302ebd-57a3-42bd-9029-9a66dda6727d,SAMMS-WestPlainesV5
202609041432112725,202609041408388778,202609041408388763,25,55015,DartsSrv Bronze - B36,br_tblDartSrv,TASK_COMPLETE,SUCCESS,INFO,374,374,0,,2026-09-04T14:09:28.519Z,2026-09-04T14:33:19.121Z,1431,2026-09-04T14:33:19.121Z,B36,Asheville,d54f2858-d272-437f-a2a4-9fa2f90018e7,SAMMS-AshevilleV5
202609041432112726,202609041408388779,202609041408388763,25,55016,DartsSrv Bronze - B37,br_tblDartSrv,TASK_COMPLETE,SUCCESS,INFO,404,404,0,,2026-09-04T14:09:28.519Z,2026-09-04T14:33:19.121Z,1431,2026-09-04T14:33:19.121Z,B37,Clyde,d54f2858-d272-437f-a2a4-9fa2f90018e7,SAMMS-ClydeV5
202609041432112728,202609041408388780,202609041408388763,25,55017,DartsSrv Bronze - B38,br_tblDartSrv,TASK_COMPLETE,SUCCESS,INFO,404,404,0,,2026-09-04T14:09:28.519Z,2026-09-04T14:33:19.121Z,1431,2026-09-04T14:33:19.121Z,B38,Spartanburg,d54f2858-d272-437f-a2a4-9fa2f90018e7,SAMMS-SpartanburgV5
202609041432112729,202609041408388781,202609041408388763,25,55018,DartsSrv Bronze - B39,br_tblDartSrv,TASK_COMPLETE,SUCCESS,INFO,293,293,0,,2026-09-04T14:09:28.519Z,2026-09-04T14:33:19.121Z,1431,2026-09-04T14:33:19.121Z,B39,Aiken,d54f2858-d272-437f-a2a4-9fa2f90018e7,SAMMS-AikenV5
202609041432112730,202609041408388782,202609041408388763,25,55019,DartsSrv Bronze - B41,br_tblDartSrv,TASK_COMPLETE,SUCCESS,INFO,469,469,0,,2026-09-04T14:09:28.519Z,2026-09-04T14:33:19.121Z,1431,2026-09-04T14:33:19.121Z,B41,Chesapeake,d54f2858-d272-437f-a2a4-9fa2f90018e7,SAMMS-ChesapeakeV5
202609041432112731,202609041408388783,202609041408388763,25,55020,DartsSrv Bronze - B42,br_tblDartSrv,TASK_COMPLETE,SUCCESS,INFO,790,790,0,,2026-09-04T14:09:28.519Z,2026-09-04T14:33:19.121Z,1431,2026-09-04T14:33:19.121Z,B42,VirginiaBeach,d54f2858-d272-437f-a2a4-9fa2f90018e7,SAMMS-VirginiaBeachV5
202609041432112732,202609041408388784,202609041408388763,25,55021,DartsSrv Bronze - B42A,br_tblDartSrv,TASK_COMPLETE,SUCCESS,INFO,390,390,0,,2026-09-04T14:09:28.519Z,2026-09-04T14:33:19.121Z,1431,2026-09-04T14:33:19.121Z,B42A,NewportNews,d54f2858-d272-437f-a2a4-9fa2f90018e7,SAMMS-NewportNewsV5
202609041432112759,202609041408388806,202609041408388763,25,55043,DartsSrv Bronze - B76,br_tblDartSrv,TASK_COMPLETE,SUCCESS,INFO,56,56,0,,2026-09-04T14:09:28.519Z,2026-09-04T14:33:19.121Z,1431,2026-09-04T14:33:19.121Z,B76,Huntsville-OBOT,d54f2858-d272-437f-a2a4-9fa2f90018e7,SAMMS-Huntsville-OBOT
202609041432112761,202609041408388807,202609041408388763,25,55044,DartsSrv Bronze - BAT,br_tblDartSrv,TASK_COMPLETE,SUCCESS,INFO,69,69,0,,2026-09-04T14:09:28.519Z,2026-09-04T14:33:19.121Z,1431,2026-09-04T14:33:19.121Z,BAT,Batesville,d54f2858-d272-437f-a2a4-9fa2f90018e7,SAMMS-Batesville
202609041432112762,202609041408388808,202609041408388763,25,55045,DartsSrv Bronze - BG,br_tblDartSrv,TASK_COMPLETE,SUCCESS,INFO,446,446,0,,2026-09-04T14:09:28.519Z,2026-09-04T14:33:19.121Z,1431,2026-09-04T14:33:19.121Z,BG,BowlingGreen,d54f2858-d272-437f-a2a4-9fa2f90018e7,SAMMS-BowlingGreen
202609041432112763,202609041408388809,202609041408388763,25,55046,DartsSrv Bronze - BOI,br_tblDartSrv,TASK_COMPLETE,SUCCESS,INFO,128,128,0,,2026-09-04T14:09:28.519Z,2026-09-04T14:33:19.121Z,1431,2026-09-04T14:33:19.121Z,BOI,Boise,d54f2858-d272-437f-a2a4-9fa2f90018e7,SAMMS-Boise
202609041432112764,202609041408388810,202609041408388763,25,55047,DartsSrv Bronze - CBCO,br_tblDartSrv,TASK_COMPLETE,SUCCESS,INFO,110,110,0,,2026-09-04T14:09:28.519Z,2026-09-04T14:33:19.121Z,1431,2026-09-04T14:33:19.121Z,CBCO,CoeurdAlene,d54f2858-d272-437f-a2a4-9fa2f90018e7,SAMMS-CoeurdAleneV6
202609041432112765,202609041408388811,202609041408388763,25,55048,DartsSrv Bronze - CON,br_tblDartSrv,TASK_COMPLETE,SUCCESS,INFO,120,120,0,,2026-09-04T14:09:28.519Z,2026-09-04T14:33:19.121Z,1431,2026-09-04T14:33:19.121Z,CON,Conway,d54f2858-d272-437f-a2a4-9fa2f90018e7,SAMMS-Conway
202609041432112767,202609041408388812,202609041408388763,25,55049,DartsSrv Bronze - D07,br_tblDartSrv,TASK_COMPLETE,SUCCESS,INFO,512,512,0,,2026-09-04T14:09:28.519Z,2026-09-04T14:33:19.121Z,1431,2026-09-04T14:33:19.121Z,D07,Knoxville,d54f2858-d272-437f-a2a4-9fa2f90018e7,SAMMS-KnoxvilleV6
202609041432112777,202609041408388820,202609041408388763,25,55057,DartsSrv Bronze - DRD-KVC,br_tblDartSrv,TASK_COMPLETE,SUCCESS,INFO,1197,1197,0,,2026-09-04T14:09:28.519Z,2026-09-04T14:33:19.121Z,1431,2026-09-04T14:33:19.121Z,DRD-KVC,KVC,d54f2858-d272-437f-a2a4-9fa2f90018e7,SAMMS-KVCv5
202609041432112778,202609041408388821,202609041408388763,25,55058,DartsSrv Bronze - DRD-NOLA,br_tblDartSrv,TASK_COMPLETE,SUCCESS,INFO,1123,1123,0,,2026-09-04T14:09:28.519Z,2026-09-04T14:33:19.121Z,1431,2026-09-04T14:33:19.121Z,DRD-NOLA,NOLA,d54f2858-d272-437f-a2a4-9fa2f90018e7,SAMMS-NOLAv5
202609041432112779,202609041408388822,202609041408388763,25,55059,DartsSrv Bronze - DRD-SF,br_tblDartSrv,TASK_COMPLETE,SUCCESS,INFO,718,718,0,,2026-09-04T14:09:28.519Z,2026-09-04T14:33:19.121Z,1431,2026-09-04T14:33:19.121Z,DRD-SF,SF,d54f2858-d272-437f-a2a4-9fa2f90018e7,SAMMS-SFv5
202609041432112780,202609041408388823,202609041408388763,25,55060,DartsSrv Bronze - ELC,br_tblDartSrv,TASK_COMPLETE,SUCCESS,INFO,507,507,0,,2026-09-04T14:09:28.519Z,2026-09-04T14:33:19.121Z,1431,2026-09-04T14:33:19.121Z,ELC,ElizabethCity,d54f2858-d272-437f-a2a4-9fa2f90018e7,SAMMS-ElizabethCity
202609041432112782,202609041408388824,202609041408388763,25,55061,DartsSrv Bronze - ET,br_tblDartSrv,TASK_COMPLETE,SUCCESS,INFO,603,603,0,,2026-09-04T14:09:28.519Z,2026-09-04T14:33:19.121Z,1431,2026-09-04T14:33:19.121Z,ET,Elizabethtown,d54f2858-d272-437f-a2a4-9fa2f90018e7,SAMMS-Elizabethtown
202609041432112783,202609041408388825,202609041408388763,25,55062,DartsSrv Bronze - FAY,br_tblDartSrv,TASK_COMPLETE,SUCCESS,INFO,147,147,0,,2026-09-04T14:09:28.519Z,2026-09-04T14:33:19.121Z,1431,2026-09-04T14:33:19.121Z,FAY,Fayetteville,d54f2858-d272-437f-a2a4-9fa2f90018e7,SAMMS-Fayetteville
202609041432112784,202609041408388826,202609041408388763,25,55063,DartsSrv Bronze - FR,br_tblDartSrv,TASK_COMPLETE,SUCCESS,INFO,676,676,0,,2026-09-04T14:09:28.519Z,2026-09-04T14:33:19.121Z,1431,2026-09-04T14:33:19.121Z,FR,Frankfort,d54f2858-d272-437f-a2a4-9fa2f90018e7,SAMMS-Frankfort
202609021910583070,202609021910583069,20260902191008,105,13683,Gold Active Directory AADUsersDisable,AADUsersDisable,TASK_DEPENDENCY_BLOCKED,DEPENDENCY_BLOCKED,ERROR,0,0,1,Dependency 6813 not satisfied for this PipelineRunId,2026-09-02T19:11:17.504Z,2026-09-02T19:11:17.504Z,0,2026-09-02T19:11:17.504Z,,,0e8d5b3d-15fb-4d15-a709-4bc42edc4508,
202609041932519060,202609041904219495,202609041904219417,85,4034,Bronze INV,br_ReAssessmentPhysicalHealth,TASK_COMPLETE,SUCCESS,INFO,153,153,0,,2026-09-04T19:04:30.706Z,2026-09-04T19:32:56.074Z,1706,2026-09-04T19:32:56.074Z,MRD,Meridian,b1302ebd-57a3-42bd-9029-9a66dda6727d,SAMMS-Meridian
202609041932519061,202609041904219496,202609041904219417,85,4039,Bronze INV,br_ReAssessmentPhysicalHealth,TASK_COMPLETE,SUCCESS,INFO,694,694,0,,2026-09-04T19:04:30.706Z,2026-09-04T19:32:56.074Z,1706,2026-09-04T19:32:56.074Z,NC,North Charleston,b1302ebd-57a3-42bd-9029-9a66dda6727d,SAMMS-NorthCharleston
202609041932519062,202609041904219497,202609041904219417,85,4040,Bronze INV,br_ReAssessmentPhysicalHealth,TASK_COMPLETE,SUCCESS,INFO,0,0,0,,2026-09-04T19:04:30.706Z,2026-09-04T19:32:56.074Z,1706,2026-09-04T19:32:56.074Z,NLR,N. Little Rock,b1302ebd-57a3-42bd-9029-9a66dda6727d,SAMMS-NLROBOT
202609041932519063,202609041904219498,202609041904219417,85,4041,Bronze INV,br_ReAssessmentPhysicalHealth,TASK_COMPLETE,SUCCESS,INFO,112,112,0,,2026-09-04T19:04:30.706Z,2026-09-04T19:32:56.074Z,1706,2026-09-04T19:32:56.074Z,PH,Phoenix,b1302ebd-57a3-42bd-9029-9a66dda6727d,SAMMS-Phoenix
202609041932519065,202609041904219499,202609041904219417,85,4045,Bronze INV,br_ReAssessmentPhysicalHealth,TASK_COMPLETE,SUCCESS,INFO,216,216,0,,2026-09-04T19:04:30.706Z,2026-09-04T19:32:56.074Z,1706,2026-09-04T19:32:56.074Z,RE,Reno,b1302ebd-57a3-42bd-9029-9a66dda6727d,SAMMS-Reno
202609041932519066,202609041904219500,202609041904219417,85,4046,Bronze INV,br_ReAssessmentPhysicalHealth,TASK_COMPLETE,SUCCESS,INFO,88,88,0,,2026-09-04T19:04:30.706Z,2026-09-04T19:32:56.074Z,1706,2026-09-04T19:32:56.074Z,RMD,Richmond,b1302ebd-57a3-42bd-9029-9a66dda6727d,SAMMS-Richmond
202609041932519067,202609041904219501,202609041904219417,85,4047,Bronze INV,br_ReAssessmentPhysicalHealth,TASK_COMPLETE,SUCCESS,INFO,589,589,0,,2026-09-04T19:04:30.706Z,2026-09-04T19:32:56.074Z,1706,2026-09-04T19:32:56.074Z,SFN,Springfield North,b1302ebd-57a3-42bd-9029-9a66dda6727d,SAMMS-SFNv5
202609080529390931,202609080529390931,20260908043859,142,13761,TrendingTableSAMMSFormsCntV3 Silver,sl_TrendingTableSAMMSFormsCnts,TASK_ALREADY_COMPLETED,ALREADY_COMPLETED,INFO,0,0,0,Already succeeded in previous attempt,2026-09-08T05:29:44.619Z,2026-09-08T05:29:44.619Z,0,2026-09-08T05:29:44.619Z,,,f61fb4c5-0d31-4954-8aac-d0c2d48f9dc90,
202609021729115601,202609021729115601,202609021132414060,82,6805,Salesforce Patient Survey Responses,br_sf_patient_survey_responses,TASK_ALREADY_COMPLETED,ALREADY_COMPLETED,INFO,0,0,0,Already succeeded in previous attempt,2026-09-02T17:29:18.189Z,2026-09-02T17:29:18.189Z,0,2026-09-02T17:29:18.189Z,,,0d5be434-3f1a-4f4b-ae90-f0c48a55ec54,
202609041932519052,202609041904219488,202609041904219417,85,4025,Bronze INV,br_ReAssessmentPhysicalHealth,TASK_COMPLETE,SUCCESS,INFO,448,448,0,,2026-09-04T19:04:30.706Z,2026-09-04T19:32:56.074Z,1706,2026-09-04T19:32:56.074Z,LAN,Lansing,b1302ebd-57a3-42bd-9029-9a66dda6727d,SAMMS-Lansing
202609041932519053,202609041904219489,202609041904219417,85,4026,Bronze INV,br_ReAssessmentPhysicalHealth,TASK_COMPLETE,SUCCESS,INFO,1290,1290,0,,2026-09-04T19:04:30.706Z,2026-09-04T19:32:56.074Z,1706,2026-09-04T19:32:56.074Z,LO,Louisville,b1302ebd-57a3-42bd-9029-9a66dda6727d,SAMMS-Louisville
202609041932519054,202609041904219490,202609041904219417,85,4027,Bronze INV,br_ReAssessmentPhysicalHealth,TASK_COMPLETE,SUCCESS,INFO,292,292,0,,2026-09-04T19:04:30.706Z,2026-09-04T19:32:56.074Z,1706,2026-09-04T19:32:56.074Z,LV1,Cheyenne,b1302ebd-57a3-42bd-9029-9a66dda6727d,SAMMS-Cheyenne
202609041932519055,202609041904219491,202609041904219417,85,4028,Bronze INV,br_ReAssessmentPhysicalHealth,TASK_COMPLETE,SUCCESS,INFO,205,205,0,,2026-09-04T19:04:30.706Z,2026-09-04T19:32:56.074Z,1706,2026-09-04T19:32:56.074Z,LV2,Desert Inn,b1302ebd-57a3-42bd-9029-9a66dda6727d,SAMMS-DesertInn
202609041932519057,202609041904219492,202609041904219417,85,4029,Bronze INV,br_ReAssessmentPhysicalHealth,TASK_COMPLETE,SUCCESS,INFO,110,110,0,,2026-09-04T19:04:30.706Z,2026-09-04T19:32:56.074Z,1706,2026-09-04T19:32:56.074Z,LV3,McDaniel,b1302ebd-57a3-42bd-9029-9a66dda6727d,SAMMS-McDaniel
202609041932519058,202609041904219493,202609041904219417,85,4032,Bronze INV,br_ReAssessmentPhysicalHealth,TASK_COMPLETE,SUCCESS,INFO,358,358,0,,2026-09-04T19:04:30.706Z,2026-09-04T19:32:56.074Z,1706,2026-09-04T19:32:56.074Z,MNRE,Monroe,b1302ebd-57a3-42bd-9029-9a66dda6727d,SAMMS-Monroe
202609041932519059,202609041904219494,202609041904219417,85,4033,Bronze INV,br_ReAssessmentPhysicalHealth,TASK_COMPLETE,SUCCESS,INFO,1427,1427,0,,2026-09-04T19:04:30.706Z,2026-09-04T19:32:56.074Z,1706,2026-09-04T19:32:56.074Z,MP,Mt. Pleasant,b1302ebd-57a3-42bd-9029-9a66dda6727d,SAMMS-MtPleasant
202609041932518980,202609041904219425,202609041904219417,85,3917,Bronze INV,br_ReAssessmentPhysicalHealth,TASK_COMPLETE,SUCCESS,INFO,461,461,0,,2026-09-04T19:04:30.706Z,2026-09-04T19:32:56.074Z,1706,2026-09-04T19:32:56.074Z,B29,Poplar Bluff,b1302ebd-57a3-42bd-9029-9a66dda6727d,SAMMS-PoplarBluffV5
202609041932518981,202609041904219426,202609041904219417,85,3918,Bronze INV,br_ReAssessmentPhysicalHealth,TASK_COMPLETE,SUCCESS,INFO,80,80,0,,2026-09-04T19:04:30.706Z,2026-09-04T19:32:56.074Z,1706,2026-09-04T19:32:56.074Z,B30,KC North,b1302ebd-57a3-42bd-9029-9a66dda6727d,SAMMS-KCNv5
202609041932518982,202609041904219427,202609041904219417,85,3919,Bronze INV,br_ReAssessmentPhysicalHealth,TASK_COMPLETE,SUCCESS,INFO,400,400,0,,2026-09-04T19:04:30.706Z,2026-09-04T19:32:56.074Z,1706,2026-09-04T19:32:56.074Z,B31,Dyersburg,b1302ebd-57a3-42bd-9029-9a66dda6727d,SAMMS-DyersburgV5
202609041932518983,202609041904219428,202609041904219417,85,3921,Bronze INV,br_ReAssessmentPhysicalHealth,TASK_COMPLETE,SUCCESS,INFO,488,488,0,,2026-09-04T19:04:30.706Z,2026-09-04T19:32:56.074Z,1706,2026-09-04T19:32:56.074Z,B33,Paducah,b1302ebd-57a3-42bd-9029-9a66dda6727d,SAMMS-Paducah
202609041932518984,202609041904219429,202609041904219417,85,3922,Bronze INV,br_ReAssessmentPhysicalHealth,TASK_COMPLETE,SUCCESS,INFO,386,386,0,,2026-09-04T19:04:30.706Z,2026-09-04T19:32:56.074Z,1706,2026-09-04T19:32:56.074Z,B34,Corbin,b1302ebd-57a3-42bd-9029-9a66dda6727d,SAMMS-CorbinV5
202609041932518985,202609041904219430,202609041904219417,85,3923,Bronze INV,br_ReAssessmentPhysicalHealth,TASK_COMPLETE,SUCCESS,INFO,243,243,0,,2026-09-04T19:04:30.706Z,2026-09-04T19:32:56.074Z,1706,2026-09-04T19:32:56.074Z,B35,Lexington,b1302ebd-57a3-42bd-9029-9a66dda6727d,SAMMS-LexingtonV5
202609041932518986,202609041904219431,202609041904219417,85,3924,Bronze INV,br_ReAssessmentPhysicalHealth,TASK_COMPLETE,SUCCESS,INFO,77,77,0,,2026-09-04T19:04:30.706Z,2026-09-04T19:32:56.074Z,1706,2026-09-04T19:32:56.074Z,B35A,Berea,b1302ebd-57a3-42bd-9029-9a66dda6727d,SAMMS-BereaV5
202608311159549094,202608311159549095,20260831115954,116,8626,nb_patientservices_slv_to_,sl_PatientServices,TASK_FAILED,FAILED,ERROR,0,0,1,No EtlConfig found for PipelineName: ''nb_patientservices_slv_to_'' after 3 retry attempts,2026-08-31T11:59:54.909Z,2026-08-31T11:59:54.909Z,0,2026-08-31T11:59:54.909Z,,,485f9471-b76a-4705-9b4d-61db0821e797,
202609041432112716,202609041408388771,202609041408388763,25,55008,DartsSrv Bronze - B29,br_tblDartSrv,TASK_COMPLETE,SUCCESS,INFO,253,253,0,,2026-09-04T14:09:28.519Z,2026-09-04T14:33:19.121Z,1431,2026-09-04T14:33:19.121Z,B29,PoplarBluff,d54f2858-d272-437f-a2a4-9fa2f90018e7,SAMMS-PoplarBluffV5
202609041432112717,202609041408388772,202609041408388763,25,55009,DartsSrv Bronze - B30,br_tblDartSrv,TASK_COMPLETE,SUCCESS,INFO,161,161,0,,2026-09-04T14:09:28.519Z,2026-09-04T14:33:19.121Z,1431,2026-09-04T14:33:19.121Z,B30,KCN,d54f2858-d272-437f-a2a4-9fa2f90018e7,SAMMS-KCNv5
202609041432112719,202609041408388773,202609041408388763,25,55010,DartsSrv Bronze - B31,br_tblDartSrv,TASK_COMPLETE,SUCCESS,INFO,654,654,0,,2026-09-04T14:09:28.519Z,2026-09-04T14:33:19.121Z,1431,2026-09-04T14:33:19.121Z,B31,Dyersburg,d54f2858-d272-437f-a2a4-9fa2f90018e7,SAMMS-DyersburgV5
202609041432112720,202609041408388774,202609041408388763,25,55011,DartsSrv Bronze - B33,br_tblDartSrv,TASK_COMPLETE,SUCCESS,INFO,1500,1500,0,,2026-09-04T14:09:28.519Z,2026-09-04T14:33:19.121Z,1431,2026-09-04T14:33:19.121Z,B33,Paducah,d54f2858-d272-437f-a2a4-9fa2f90018e7,SAMMS-Paducah
202609041432112722,202609041408388775,202609041408388763,25,55012,DartsSrv Bronze - B34,br_tblDartSrv,TASK_COMPLETE,SUCCESS,INFO,1221,1221,0,,2026-09-04T14:09:28.519Z,2026-09-04T14:33:19.121Z,1431,2026-09-04T14:33:19.121Z,B34,Corbin,d54f2858-d272-437f-a2a4-9fa2f90018e7,SAMMS-CorbinV5
202609041432112723,202609041408388776,202609041408388763,25,55013,DartsSrv Bronze - B35,br_tblDartSrv,TASK_COMPLETE,SUCCESS,INFO,1459,1459,0,,2026-09-04T14:09:28.519Z,2026-09-04T14:33:19.121Z,1431,2026-09-04T14:33:19.121Z,B35,Lexington,d54f2858-d272-437f-a2a4-9fa2f90018e7,SAMMS-LexingtonV5
202609041432112724,202609041408388777,202609041408388763,25,55014,DartsSrv Bronze - B35A,br_tblDartSrv,TASK_COMPLETE,SUCCESS,INFO,549,549,0,,2026-09-04T14:09:28.519Z,2026-09-04T14:33:19.121Z,1431,2026-09-04T14:33:19.121Z,B35A,Berea,d54f2858-d272-437f-a2a4-9fa2f90018e7,SAMMS-BereaV5
202608310406529136,202608310406529135,20260831035644,134,13729,Medicare Utilization Workflow IN-DB v2 Gold,Bundled_Logic_Utl,TASK_DEPENDENCY_BLOCKED,DEPENDENCY_BLOCKED,WARN,0,0,0,Dependency Failed : 13728 (checked: 13728),2026-08-31T04:07:03.426Z,2026-08-31T04:07:03.426Z,0,2026-08-31T04:07:03.426Z,,,c3e41f3e-c233-4445-a786-d0d98a8613bd,
202609041932519068,202609041904219502,202609041904219417,85,4048,Bronze INV,br_ReAssessmentPhysicalHealth,TASK_COMPLETE,SUCCESS,INFO,769,769,0,,2026-09-04T19:04:30.706Z,2026-09-04T19:32:56.074Z,1706,2026-09-04T19:32:56.074Z,SHP,Shreveport,b1302ebd-57a3-42bd-9029-9a66dda6727d,SAMMS-Shreveport
202609041932519069,202609041904219503,202609041904219417,85,4050,Bronze INV,br_ReAssessmentPhysicalHealth,TASK_COMPLETE,SUCCESS,INFO,486,486,0,,2026-09-04T19:04:30.706Z,2026-09-04T19:32:56.074Z,1706,2026-09-04T19:32:56.074Z,STN,Staunton,b1302ebd-57a3-42bd-9029-9a66dda6727d,SAMMS-Staunton
202609041932519070,202609041904219504,202609041904219417,85,4051,Bronze INV,br_ReAssessmentPhysicalHealth,TASK_COMPLETE,SUCCESS,INFO,225,225,0,,2026-09-04T19:04:30.706Z,2026-09-04T19:32:56.074Z,1706,2026-09-04T19:32:56.074Z,STVN,Stevenson,b1302ebd-57a3-42bd-9029-9a66dda6727d,SAMMS-Stevenson
202609041932519072,202609041904219505,202609041904219417,85,4053,Bronze INV,br_ReAssessmentPhysicalHealth,TASK_COMPLETE,SUCCESS,INFO,174,174,0,,2026-09-04T19:04:30.706Z,2026-09-04T19:32:56.074Z,1706,2026-09-04T19:32:56.074Z,TE,Tempe,b1302ebd-57a3-42bd-9029-9a66dda6727d,SAMMS-Tempe
202609041932519073,202609041904219506,202609041904219417,85,4054,Bronze INV,br_ReAssessmentPhysicalHealth,TASK_COMPLETE,SUCCESS,INFO,0,0,0,,2026-09-04T19:04:30.706Z,2026-09-04T19:32:56.074Z,1706,2026-09-04T19:32:56.074Z,TEX,Texarkana,b1302ebd-57a3-42bd-9029-9a66dda6727d,SAMMS-Texarkana
202609041932519074,202609041904219507,202609041904219417,85,4055,Bronze INV,br_ReAssessmentPhysicalHealth,TASK_COMPLETE,SUCCESS,INFO,1084,1084,0,,2026-09-04T19:04:30.706Z,2026-09-04T19:32:56.074Z,1706,2026-09-04T19:32:56.074Z,TTCA,Bessemer,b1302ebd-57a3-42bd-9029-9a66dda6727d,SAMMS-BessemerV5
202609041932519075,202609041904219508,202609041904219417,85,4056,Bronze INV,br_ReAssessmentPhysicalHealth,TASK_COMPLETE,SUCCESS,INFO,1321,1321,0,,2026-09-04T19:04:30.706Z,2026-09-04T19:32:56.074Z,1706,2026-09-04T19:32:56.074Z,TTCB,Cullman,b1302ebd-57a3-42bd-9029-9a66dda6727d,SAMMS-CullmanV5
202609031613403245,202609031613403244,20260903154234,122,12585,Gold OffWeek Counseling Engagement,OffWeekCounselingEngagement,TASK_SKIPPED,SKIPPED,INFO,0,0,0,Task already completed successfully in earlier attempt of this Run,2026-09-03T16:13:40.324Z,2026-09-03T16:14:14.511Z,0,2026-09-03T16:14:14.511Z,,,1336837b-3577-426d-8d00-b94646f47105,
202609071930403943,202609071904636325,202609071904636230,85,4061,Bronze INV,br_ReAssessmentPhysicalHealth,TASK_COMPLETE,SUCCESS,INFO,1630,1630,0,,2026-09-07T19:05:10.929Z,2026-09-07T19:30:45.588Z,1535,2026-09-07T19:30:45.588Z,V10,Longmont,fc48ec9c-d1b8-4775-bd67-583e82846e52,SAMMS-BoulderV5
202609071930403944,202609071904636326,202609071904636230,85,4062,Bronze INV,br_ReAssessmentPhysicalHealth,TASK_COMPLETE,SUCCESS,INFO,1517,1517,0,,2026-09-07T19:05:10.929Z,2026-09-07T19:30:45.588Z,1535,2026-09-07T19:30:45.588Z,V10A,Fort Collins,fc48ec9c-d1b8-4775-bd67-583e82846e52,SAMMS-FortCollinsV5
202609071930403945,202609071904636327,202609071904636230,85,4063,Bronze INV,br_ReAssessmentPhysicalHealth,TASK_COMPLETE,SUCCESS,INFO,2876,2876,0,,2026-09-07T19:05:10.929Z,2026-09-07T19:30:45.588Z,1535,2026-09-07T19:30:45.588Z,V11,Westminster,fc48ec9c-d1b8-4775-bd67-583e82846e52,SAMMS-VCPHCS-XI-NorthDenverV5
202609071930403946,202609071904636328,202609071904636230,85,4064,Bronze INV,br_ReAssessmentPhysicalHealth,TASK_COMPLETE,SUCCESS,INFO,3046,3046,0,,2026-09-07T19:05:10.929Z,2026-09-07T19:30:45.588Z,1535,2026-09-07T19:30:45.588Z,V12,Downtown Denver,fc48ec9c-d1b8-4775-bd67-583e82846e52,SAMMS-VCPHCS-XII-DowntownDenverV5
202609051930319793,202609051904109312,202609051904109217,85,4061,Bronze INV,br_ReAssessmentPhysicalHealth,TASK_COMPLETE,SUCCESS,INFO,1630,1630,0,,2026-09-05T19:04:18.404Z,2026-09-05T19:30:36.887Z,1578,2026-09-05T19:30:36.887Z,V10,Longmont,a7cfa2a8-4e03-4cce-a64e-9a92e6e67f12,SAMMS-BoulderV5
202609051930319794,202609051904109313,202609051904109217,85,4062,Bronze INV,br_ReAssessmentPhysicalHealth,TASK_COMPLETE,SUCCESS,INFO,1517,1517,0,,2026-09-05T19:04:18.404Z,2026-09-05T19:30:36.887Z,1578,2026-09-05T19:30:36.887Z,V10A,Fort Collins,a7cfa2a8-4e03-4cce-a64e-9a92e6e67f12,SAMMS-FortCollinsV5
202609051930319795,202609051904109314,202609051904109217,85,4063,Bronze INV,br_ReAssessmentPhysicalHealth,TASK_COMPLETE,SUCCESS,INFO,2876,2876,0,,2026-09-05T19:04:18.404Z,2026-09-05T19:30:36.887Z,1578,2026-09-05T19:30:36.887Z,V11,Westminster,a7cfa2a8-4e03-4cce-a64e-9a92e6e67f12,SAMMS-VCPHCS-XI-NorthDenverV5
202609051930319796,202609051904109315,202609051904109217,85,4064,Bronze INV,br_ReAssessmentPhysicalHealth,TASK_COMPLETE,SUCCESS,INFO,3046,3046,0,,2026-09-05T19:04:18.404Z,2026-09-05T19:30:36.887Z,1578,2026-09-05T19:30:36.887Z,V12,Downtown Denver,a7cfa2a8-4e03-4cce-a64e-9a92e6e67f12,SAMMS-VCPHCS-XII-DowntownDenverV5
202608311007533350,202608311007533351,20260831100753,126,13680,Bronze Overdue Courses File,br_learningreports_overdue,TASK_FAILED,FAILED,ERROR,0,0,1,"unterminated string literal (detected at line 261) (3178326870.py, line 261)",2026-08-31T10:07:53.335Z,2026-08-31T10:07:53.335Z,0,2026-08-31T10:07:53.335Z,,,100f0309-73a1-4956-97f9-8df20d738ec1,
202609040758153870,202609040758153871,20260904075815,110,8612,Silver Bank Transactions,sl_BankTransactions,TASK_FAILED,FAILED,ERROR,0,0,1,No EtlConfig found for PipelineName: ''nb_cashflow_brz_to_slv123'' after 3 retry attempts,2026-09-04T07:58:15.387Z,2026-09-04T07:58:15.387Z,0,2026-09-04T07:58:15.387Z,,,714261ac-6ca6-4f7a-a1cc-65ca648efe73,
202609041432112785,202609041408388827,202609041408388763,25,55064,DartsSrv Bronze - FS,br_tblDartSrv,TASK_COMPLETE,SUCCESS,INFO,38,38,0,,2026-09-04T14:09:28.519Z,2026-09-04T14:33:19.121Z,1431,2026-09-04T14:33:19.121Z,FS,FortSmith,d54f2858-d272-437f-a2a4-9fa2f90018e7,SAMMS-FortSmith
202609041432112786,202609041408388828,202609041408388763,25,55065,DartsSrv Bronze - FW,br_tblDartSrv,TASK_COMPLETE,SUCCESS,INFO,694,694,0,,2026-09-04T14:09:28.519Z,2026-09-04T14:33:19.121Z,1431,2026-09-04T14:33:19.121Z,FW,FortWayne,d54f2858-d272-437f-a2a4-9fa2f90018e7,SAMMS-FortWayne
202609041432112788,202609041408388829,202609041408388763,25,55066,DartsSrv Bronze - GAL,br_tblDartSrv,TASK_COMPLETE,SUCCESS,INFO,361,361,0,,2026-09-04T14:09:28.519Z,2026-09-04T14:33:19.121Z,1431,2026-09-04T14:33:19.121Z,GAL,Gaylord,d54f2858-d272-437f-a2a4-9fa2f90018e7,SAMMS-Gaylord
202609041432112789,202609041408388830,202609041408388763,25,55067,DartsSrv Bronze - HGT,br_tblDartSrv,TASK_COMPLETE,SUCCESS,INFO,763,763,0,,2026-09-04T14:09:28.519Z,2026-09-04T14:33:19.121Z,1431,2026-09-04T14:33:19.121Z,HGT,Hagerstown,d54f2858-d272-437f-a2a4-9fa2f90018e7,SAMMS-Hagerstown
202609041432112790,202609041408388831,202609041408388763,25,55068,DartsSrv Bronze - HNT,br_tblDartSrv,TASK_COMPLETE,SUCCESS,INFO,601,601,0,,2026-09-04T14:09:28.519Z,2026-09-04T14:33:19.121Z,1431,2026-09-04T14:33:19.121Z,HNT,Huntsville,d54f2858-d272-437f-a2a4-9fa2f90018e7,SAMMS-Huntsville
202609041432112791,202609041408388832,202609041408388763,25,55069,DartsSrv Bronze - HS,br_tblDartSrv,TASK_COMPLETE,SUCCESS,INFO,72,72,0,,2026-09-04T14:09:28.519Z,2026-09-04T14:33:19.121Z,1431,2026-09-04T14:33:19.121Z,HS,HotSprings,d54f2858-d272-437f-a2a4-9fa2f90018e7,SAMMS-HotSprings
202609041432112792,202609041408388833,202609041408388763,25,55070,DartsSrv Bronze - JON,br_tblDartSrv,TASK_COMPLETE,SUCCESS,INFO,99,99,0,,2026-09-04T14:09:28.519Z,2026-09-04T14:33:19.121Z,1431,2026-09-04T14:33:19.121Z,JON,Jonesboro,d54f2858-d272-437f-a2a4-9fa2f90018e7,SAMMS-Jonesboro
202609020847310738,202609020847310738,20260831121208,133,13728,Medicare Utilization Workflow IN-DB v2 Silver,sl_bundled_logic_utl,TASK_ALREADY_COMPLETED,ALREADY_COMPLETED,INFO,0,0,0,Already succeeded in previous attempt,2026-09-02T08:47:38.567Z,2026-09-02T08:47:38.567Z,0,2026-09-02T08:47:38.567Z,,,a248cb53-4f30-44b6-ac15-5cdc6c387758,
202609021414362370,202609021414362369,20260902135415,129,13684,Azure Sql Python Silver - 3P Balances,sl_tbl_Third_Party_AR_inDB_Balances,TASK_SKIPPED,ALREADY_COMPLETED,INFO,0,0,0,Already succeeded in previous attempt,2026-09-02T14:14:36.236Z,2026-09-02T14:15:35.171Z,58,2026-09-02T14:15:35.171Z,,,'45419c76-388a-4885-8a6e-e1a255f50e99',
202609010526537870,202609010503273341,202609010503273335,46,9291,P1 Finance Financial Hardship Application Bronze - AHK,br_samms_financial_hardship_application,TASK_COMPLETE,SUCCESS,INFO,182,182,0,,2026-09-01T05:03:56.880Z,2026-09-01T05:26:57.186Z,1381,2026-09-01T05:26:57.186Z,AHK,Ahoskie,75a93e02-eb8a-4b20-981c-b48401997d72,SAMMS-Ahoskie
202609010526537871,202609010503273342,202609010503273335,46,9409,P1 Finance 3P Eligibility Bronze - AHK,br_samms_3p_elig,TASK_COMPLETE,SUCCESS,INFO,89,89,0,,2026-09-01T05:03:56.880Z,2026-09-01T05:26:57.186Z,1381,2026-09-01T05:26:57.186Z,AHK,Ahoskie,75a93e02-eb8a-4b20-981c-b48401997d72,SAMMS-Ahoskie
202609031150564703,202609031150564702,20260903114054,133,13724,Commercial_Deductions Final Silver,sl_commercialded,SILVER_ZERO,SUCCESS,WARN,1,0,0,Silver transformation resulted in 0 rows for Commercial_Deductions Final Silver,2026-09-03T11:51:01.957Z,2026-09-03T11:51:19.314Z,10,2026-09-03T11:51:19.314Z,,,1426a45f-7ba5-45f5-b808-280584111092,
202608310609217235,202608310609217234,20260831060206,133,13724,Commercial_Deductions Final Silver,sl_commercialded,SILVER_ZERO,SUCCESS,WARN,1,0,0,Silver transformation resulted in 0 rows for Commercial_Deductions Final Silver,2026-08-31T06:09:35.285Z,2026-08-31T06:09:59.919Z,14,2026-08-31T06:09:59.919Z,,,1de5cf99-6b82-4338-b3fe-396114f7957f,
202608310349560094,202608310349560094,20260831034154,133,13724,Commercial_Deductions Final Silver,sl_commercialded,SILVER_ZERO,SUCCESS,WARN,1,0,0,Silver transformation resulted in 0 rows for Commercial_Deductions Final Silver,2026-08-31T03:50:12.866Z,2026-08-31T03:50:42.064Z,19,2026-08-31T03:50:42.064Z,,,c3e41f3e-c233-4445-a786-d0d98a8613bd,
202608311220501947,202608311220501947,20260831121208,133,13724,Commercial_Deductions Final Silver,sl_commercialded,SILVER_ZERO,SUCCESS,WARN,1,0,0,Silver transformation resulted in 0 rows for Commercial_Deductions Final Silver,2026-08-31T12:20:54.523Z,2026-08-31T12:21:10.186Z,9,2026-08-31T12:21:10.186Z,,,73ab084e-6be8-4233-a81c-8f049414a380,
202608310140013590,202608310122145988,202608310122145969,118,12011,Bronze P1/P2 Assessments,br_NewAdmissionAssessmentASAMDimension2,TASK_COMPLETE,SUCCESS,INFO,281,281,0,,2026-08-31T01:22:19.883Z,2026-08-31T01:40:07.174Z,1068,2026-08-31T01:40:07.174Z,B24,Paintsville,4b7273e0-0d54-485d-b4db-ed019a136434,SAMMS-PaintsvilleV5
202608310140013591,202608310122145989,202608310122145969,118,12020,Bronze P1/P2 Assessments,br_NewAdmissionAssessmentASAMDimension2,TASK_COMPLETE,SUCCESS,INFO,177,177,0,,2026-08-31T01:22:19.883Z,2026-08-31T01:40:07.174Z,1068,2026-08-31T01:40:07.174Z,B33,Paducah,4b7273e0-0d54-485d-b4db-ed019a136434,SAMMS-Paducah
202608310140013592,202608310122145990,202608310122145969,118,12195,Bronze P1/P2 Assessments,br_NewAdmissionAssessmentASAMDimension4,TASK_COMPLETE,SUCCESS,INFO,282,282,0,,2026-08-31T01:22:19.883Z,2026-08-31T01:40:07.174Z,1068,2026-08-31T01:40:07.174Z,B24,Paintsville,4b7273e0-0d54-485d-b4db-ed019a136434,SAMMS-PaintsvilleV5
202608310140013593,202608310122145991,202608310122145969,118,12204,Bronze P1/P2 Assessments,br_NewAdmissionAssessmentASAMDimension4,TASK_COMPLETE,SUCCESS,INFO,180,180,0,,2026-08-31T01:22:19.883Z,2026-08-31T01:40:07.174Z,1068,2026-08-31T01:40:07.174Z,B33,Paducah,4b7273e0-0d54-485d-b4db-ed019a136434,SAMMS-Paducah
202608310140013594,202608310122145992,202608310122145969,118,12379,Bronze P1/P2 Assessments,br_NewAdmissionAssessmentASAMDimension5,TASK_COMPLETE,SUCCESS,INFO,281,281,0,,2026-08-31T01:22:19.883Z,2026-08-31T01:40:07.174Z,1068,2026-08-31T01:40:07.174Z,B24,Paintsville,4b7273e0-0d54-485d-b4db-ed019a136434,SAMMS-PaintsvilleV5
202608310140013595,202608310122145993,202608310122145969,118,12388,Bronze P1/P2 Assessments,br_NewAdmissionAssessmentASAMDimension5,TASK_COMPLETE,SUCCESS,INFO,178,178,0,,2026-08-31T01:22:19.883Z,2026-08-31T01:40:07.174Z,1068,2026-08-31T01:40:07.174Z,B33,Paducah,4b7273e0-0d54-485d-b4db-ed019a136434,SAMMS-Paducah
202609041734097459,202609041706274023,202609041706273944,85,4039,Bronze INV,br_ReAssessmentPhysicalHealth,TASK_COMPLETE,SUCCESS,INFO,694,694,0,,2026-09-04T17:06:35.444Z,2026-09-04T17:34:13.654Z,1658,2026-09-04T17:34:13.654Z,NC,North Charleston,5652dc3b-8824-4606-a16d-f373dc1d2ada,SAMMS-NorthCharleston
202609041734097460,202609041706274024,202609041706273944,85,4040,Bronze INV,br_ReAssessmentPhysicalHealth,TASK_COMPLETE,SUCCESS,INFO,0,0,0,,2026-09-04T17:06:35.444Z,2026-09-04T17:34:13.654Z,1658,2026-09-04T17:34:13.654Z,NLR,N. Little Rock,5652dc3b-8824-4606-a16d-f373dc1d2ada,SAMMS-NLROBOT
202609041734097461,202609041706274025,202609041706273944,85,4041,Bronze INV,br_ReAssessmentPhysicalHealth,TASK_COMPLETE,SUCCESS,INFO,112,112,0,,2026-09-04T17:06:35.444Z,2026-09-04T17:34:13.654Z,1658,2026-09-04T17:34:13.654Z,PH,Phoenix,5652dc3b-8824-4606-a16d-f373dc1d2ada,SAMMS-Phoenix
202609041734097463,202609041706274026,202609041706273944,85,4045,Bronze INV,br_ReAssessmentPhysicalHealth,TASK_COMPLETE,SUCCESS,INFO,216,216,0,,2026-09-04T17:06:35.444Z,2026-09-04T17:34:13.654Z,1658,2026-09-04T17:34:13.654Z,RE,Reno,5652dc3b-8824-4606-a16d-f373dc1d2ada,SAMMS-Reno
202609041734097464,202609041706274027,202609041706273944,85,4046,Bronze INV,br_ReAssessmentPhysicalHealth,TASK_COMPLETE,SUCCESS,INFO,88,88,0,,2026-09-04T17:06:35.444Z,2026-09-04T17:34:13.654Z,1658,2026-09-04T17:34:13.654Z,RMD,Richmond,5652dc3b-8824-4606-a16d-f373dc1d2ada,SAMMS-Richmond
202609041734097465,202609041706274028,202609041706273944,85,4047,Bronze INV,br_ReAssessmentPhysicalHealth,TASK_COMPLETE,SUCCESS,INFO,589,589,0,,2026-09-04T17:06:35.444Z,2026-09-04T17:34:13.654Z,1658,2026-09-04T17:34:13.654Z,SFN,Springfield North,5652dc3b-8824-4606-a16d-f373dc1d2ada,SAMMS-SFNv5
202609061929598636,202609061904281328,202609061904281249,85,4039,Bronze INV,br_ReAssessmentPhysicalHealth,TASK_COMPLETE,SUCCESS,INFO,694,694,0,,2026-09-06T19:04:34.627Z,2026-09-06T19:30:03.879Z,1529,2026-09-06T19:30:03.879Z,NC,North Charleston,5cce37fd-5f38-41c5-90e1-d9efeb3bd245,SAMMS-NorthCharleston
202609061929598637,202609061904281329,202609061904281249,85,4040,Bronze INV,br_ReAssessmentPhysicalHealth,TASK_COMPLETE,SUCCESS,INFO,0,0,0,,2026-09-06T19:04:34.627Z,2026-09-06T19:30:03.879Z,1529,2026-09-06T19:30:03.879Z,NLR,N. Little Rock,5cce37fd-5f38-41c5-90e1-d9efeb3bd245,SAMMS-NLROBOT
202609061929598638,202609061904281330,202609061904281249,85,4041,Bronze INV,br_ReAssessmentPhysicalHealth,TASK_COMPLETE,SUCCESS,INFO,112,112,0,,2026-09-06T19:04:34.627Z,2026-09-06T19:30:03.879Z,1529,2026-09-06T19:30:03.879Z,PH,Phoenix,5cce37fd-5f38-41c5-90e1-d9efeb3bd245,SAMMS-Phoenix
202609061929598639,202609061904281331,202609061904281249,85,4045,Bronze INV,br_ReAssessmentPhysicalHealth,TASK_COMPLETE,SUCCESS,INFO,216,216,0,,2026-09-06T19:04:34.627Z,2026-09-06T19:30:03.879Z,1529,2026-09-06T19:30:03.879Z,RE,Reno,5cce37fd-5f38-41c5-90e1-d9efeb3bd245,SAMMS-Reno
202609061929598640,202609061904281332,202609061904281249,85,4046,Bronze INV,br_ReAssessmentPhysicalHealth,TASK_COMPLETE,SUCCESS,INFO,88,88,0,,2026-09-06T19:04:34.627Z,2026-09-06T19:30:03.879Z,1529,2026-09-06T19:30:03.879Z,RMD,Richmond,5cce37fd-5f38-41c5-90e1-d9efeb3bd245,SAMMS-Richmond
202609061929598641,202609061904281333,202609061904281249,85,4047,Bronze INV,br_ReAssessmentPhysicalHealth,TASK_COMPLETE,SUCCESS,INFO,589,589,0,,2026-09-06T19:04:34.627Z,2026-09-06T19:30:03.879Z,1529,2026-09-06T19:30:03.879Z,SFN,Springfield North,5cce37fd-5f38-41c5-90e1-d9efeb3bd245,SAMMS-SFNv5
202609041932519044,202609041904219481,202609041904219417,85,4014,Bronze INV,br_ReAssessmentPhysicalHealth,TASK_COMPLETE,SUCCESS,INFO,0,0,0,,2026-09-04T19:04:30.706Z,2026-09-04T19:32:56.074Z,1706,2026-09-04T19:32:56.074Z,FS,Fort Smith,b1302ebd-57a3-42bd-9029-9a66dda6727d,SAMMS-FortSmith
202609041932519045,202609041904219482,202609041904219417,85,4015,Bronze INV,br_ReAssessmentPhysicalHealth,TASK_COMPLETE,SUCCESS,INFO,471,471,0,,2026-09-04T19:04:30.706Z,2026-09-04T19:32:56.074Z,1706,2026-09-04T19:32:56.074Z,FW,Fort Wayne,b1302ebd-57a3-42bd-9029-9a66dda6727d,SAMMS-FortWayne
202609041932519046,202609041904219483,202609041904219417,85,4016,Bronze INV,br_ReAssessmentPhysicalHealth,TASK_COMPLETE,SUCCESS,INFO,276,276,0,,2026-09-04T19:04:30.706Z,2026-09-04T19:32:56.074Z,1706,2026-09-04T19:32:56.074Z,GAL,Gaylord,b1302ebd-57a3-42bd-9029-9a66dda6727d,SAMMS-Gaylord
202609041932519047,202609041904219484,202609041904219417,85,4020,Bronze INV,br_ReAssessmentPhysicalHealth,TASK_COMPLETE,SUCCESS,INFO,100,100,0,,2026-09-04T19:04:30.706Z,2026-09-04T19:32:56.074Z,1706,2026-09-04T19:32:56.074Z,HGT,Hagerstown,b1302ebd-57a3-42bd-9029-9a66dda6727d,SAMMS-Hagerstown
202609041932519049,202609041904219485,202609041904219417,85,4021,Bronze INV,br_ReAssessmentPhysicalHealth,TASK_COMPLETE,SUCCESS,INFO,1727,1727,0,,2026-09-04T19:04:30.706Z,2026-09-04T19:32:56.074Z,1706,2026-09-04T19:32:56.074Z,HNT,Huntsville,b1302ebd-57a3-42bd-9029-9a66dda6727d,SAMMS-Huntsville
202609041932519050,202609041904219486,202609041904219417,85,4022,Bronze INV,br_ReAssessmentPhysicalHealth,TASK_COMPLETE,SUCCESS,INFO,0,0,0,,2026-09-04T19:04:30.706Z,2026-09-04T19:32:56.074Z,1706,2026-09-04T19:32:56.074Z,HS,Hot Springs,b1302ebd-57a3-42bd-9029-9a66dda6727d,SAMMS-HotSprings
202609041932519051,202609041904219487,202609041904219417,85,4023,Bronze INV,br_ReAssessmentPhysicalHealth,TASK_COMPLETE,SUCCESS,INFO,0,0,0,,2026-09-04T19:04:30.706Z,2026-09-04T19:32:56.074Z,1706,2026-09-04T19:32:56.074Z,JON,Jonesboro,b1302ebd-57a3-42bd-9029-9a66dda6727d,SAMMS-Jonesboro
202609041432112751,202609041408388799,202609041408388763,25,55036,DartsSrv Bronze - B57B,br_tblDartSrv,TASK_COMPLETE,SUCCESS,INFO,105,105,0,,2026-09-04T14:09:28.519Z,2026-09-04T14:33:19.121Z,1431,2026-09-04T14:33:19.121Z,B57B,Middletown,d54f2858-d272-437f-a2a4-9fa2f90018e7,SAMMS-Middletown
202609041432112752,202609041408388800,202609041408388763,25,55037,DartsSrv Bronze - B57C,br_tblDartSrv,TASK_COMPLETE,SUCCESS,INFO,111,111,0,,2026-09-04T14:09:28.519Z,2026-09-04T14:33:19.121Z,1431,2026-09-04T14:33:19.121Z,B57C,Providence,d54f2858-d272-437f-a2a4-9fa2f90018e7,SAMMS-Providence
202609041432112753,202609041408388801,202609041408388763,25,55038,DartsSrv Bronze - B57D,br_tblDartSrv,TASK_COMPLETE,SUCCESS,INFO,277,277,0,,2026-09-04T14:09:28.519Z,2026-09-04T14:33:19.121Z,1431,2026-09-04T14:33:19.121Z,B57D,Westerly,d54f2858-d272-437f-a2a4-9fa2f90018e7,SAMMS-Westerly
202609041432112755,202609041408388802,202609041408388763,25,55039,DartsSrv Bronze - B66A,br_tblDartSrv,TASK_COMPLETE,SUCCESS,INFO,15,15,0,,2026-09-04T14:09:28.519Z,2026-09-04T14:33:19.121Z,1431,2026-09-04T14:33:19.121Z,B66A,Bremen,d54f2858-d272-437f-a2a4-9fa2f90018e7,SAMMS-Bremen
202609041432112756,202609041408388803,202609041408388763,25,55040,DartsSrv Bronze - B72,br_tblDartSrv,TASK_COMPLETE,SUCCESS,INFO,192,192,0,,2026-09-04T14:09:28.519Z,2026-09-04T14:33:19.121Z,1431,2026-09-04T14:33:19.121Z,B72,Mobile-OBOT,d54f2858-d272-437f-a2a4-9fa2f90018e7,SAMMS-Mobile-OBOT
202609041432112757,202609041408388804,202609041408388763,25,55041,DartsSrv Bronze - B73,br_tblDartSrv,TASK_COMPLETE,SUCCESS,INFO,15,15,0,,2026-09-04T14:09:28.519Z,2026-09-04T14:33:19.121Z,1431,2026-09-04T14:33:19.121Z,B73,Montgomery,d54f2858-d272-437f-a2a4-9fa2f90018e7,SAMMS-Montgomery
202609041432112758,202609041408388805,202609041408388763,25,55042,DartsSrv Bronze - B75,br_tblDartSrv,TASK_COMPLETE,SUCCESS,INFO,312,312,0,,2026-09-04T14:09:28.519Z,2026-09-04T14:33:19.121Z,1431,2026-09-04T14:33:19.121Z,B75,Lawrence,d54f2858-d272-437f-a2a4-9fa2f90018e7,SAMMS-LawrenceV6
202608310524450260,202608310524450260,20260831034154,133,13718,Ref Lab Silver,sl_reflab_analysis,TASK_SKIPPED_SCHEDULE,SKIPPED_SCHEDULE,INFO,0,0,0,"Not due -- ScheduleFrequency=WEEKLY, ScheduleExpression=SUN, LastRunDate=None",2026-08-31T05:24:56.230Z,2026-08-31T05:24:56.230Z,0,2026-08-31T05:24:56.230Z,,,648551aa-4be1-43d5-9996-5e68064cace6,
202608310346022046,202608310346022046,20260831034154,133,13718,Ref Lab Silver,sl_reflab_analysis,TASK_SKIPPED_SCHEDULE,SKIPPED_SCHEDULE,INFO,0,0,0,"Not due -- ScheduleFrequency=WEEKLY, ScheduleExpression=SUN, LastRunDate=None",2026-08-31T03:46:23.676Z,2026-08-31T03:46:23.676Z,0,2026-08-31T03:46:23.676Z,,,c3e41f3e-c233-4445-a786-d0d98a8613bd,
202608310606463854,202608310606463854,20260831060206,133,13718,Ref Lab Silver,sl_reflab_analysis,TASK_SKIPPED_SCHEDULE,SKIPPED_SCHEDULE,INFO,0,0,0,"Not due -- ScheduleFrequency=WEEKLY, ScheduleExpression=SUN, LastRunDate=None",2026-08-31T06:06:56.432Z,2026-08-31T06:06:56.432Z,0,2026-08-31T06:06:56.432Z,,,1de5cf99-6b82-4338-b3fe-396114f7957f,
202609080512531359,202609080512531358,20260904113454,129,13684,Azure Sql Python Silver - 3P Balances,sl_tbl_Third_Party_AR_inDB_Balances,TASK_SKIPPED,ALREADY_COMPLETED,INFO,0,0,0,Already succeeded in previous attempt,2026-09-08T05:12:53.135Z,2026-09-08T05:13:13.374Z,20,2026-09-08T05:13:13.374Z,,,a468a7ef-f4f0-4f75-9a4b-9f10041efb90,
202609041734097421,202609041706273990,202609041706273944,85,3969,Bronze INV,br_ReAssessmentPhysicalHealth,TASK_COMPLETE,SUCCESS,INFO,179,179,0,,2026-09-04T17:06:35.444Z,2026-09-04T17:34:13.654Z,1658,2026-09-04T17:34:13.654Z,BOI,Boise,5652dc3b-8824-4606-a16d-f373dc1d2ada,SAMMS-Boise
202609041734097422,202609041706273991,202609041706273944,85,3976,Bronze INV,br_ReAssessmentPhysicalHealth,TASK_COMPLETE,SUCCESS,INFO,51,51,0,,2026-09-04T17:06:35.444Z,2026-09-04T17:34:13.654Z,1658,2026-09-04T17:34:13.654Z,CBCO,Coeur dAlene,5652dc3b-8824-4606-a16d-f373dc1d2ada,SAMMS-CoeurdAleneV6
202609041734097424,202609041706273992,202609041706273944,85,3995,Bronze INV,br_ReAssessmentPhysicalHealth,TASK_COMPLETE,SUCCESS,INFO,0,0,0,,2026-09-04T17:06:35.444Z,2026-09-04T17:34:13.654Z,1658,2026-09-04T17:34:13.654Z,CON,Conway,5652dc3b-8824-4606-a16d-f373dc1d2ada,SAMMS-Conway
202609041734097425,202609041706273993,202609041706273944,85,3996,Bronze INV,br_ReAssessmentPhysicalHealth,TASK_COMPLETE,SUCCESS,INFO,2590,2590,0,,2026-09-04T17:06:35.444Z,2026-09-04T17:34:13.654Z,1658,2026-09-04T17:34:13.654Z,D07,Medical Services Knox TN,5652dc3b-8824-4606-a16d-f373dc1d2ada,SAMMS-KnoxvilleV6
202609041734097426,202609041706273994,202609041706273944,85,3997,Bronze INV,br_ReAssessmentPhysicalHealth,TASK_COMPLETE,SUCCESS,INFO,116,116,0,,2026-09-04T17:06:35.444Z,2026-09-04T17:34:13.654Z,1658,2026-09-04T17:34:13.654Z,D08,Madison,5652dc3b-8824-4606-a16d-f373dc1d2ada,SAMMS-MadisonV6
202609041734097427,202609041706273995,202609041706273944,85,3999,Bronze INV,br_ReAssessmentPhysicalHealth,TASK_COMPLETE,SUCCESS,INFO,123,123,0,,2026-09-04T17:06:35.444Z,2026-09-04T17:34:13.654Z,1658,2026-09-04T17:34:13.654Z,D09,Murfreesboro,5652dc3b-8824-4606-a16d-f373dc1d2ada,SAMMS-MurfreesboroV6
202609061929598598,202609061904281295,202609061904281249,85,3969,Bronze INV,br_ReAssessmentPhysicalHealth,TASK_COMPLETE,SUCCESS,INFO,179,179,0,,2026-09-06T19:04:34.627Z,2026-09-06T19:30:03.879Z,1529,2026-09-06T19:30:03.879Z,BOI,Boise,5cce37fd-5f38-41c5-90e1-d9efeb3bd245,SAMMS-Boise
202609061929598599,202609061904281296,202609061904281249,85,3976,Bronze INV,br_ReAssessmentPhysicalHealth,TASK_COMPLETE,SUCCESS,INFO,51,51,0,,2026-09-06T19:04:34.627Z,2026-09-06T19:30:03.879Z,1529,2026-09-06T19:30:03.879Z,CBCO,Coeur dAlene,5cce37fd-5f38-41c5-90e1-d9efeb3bd245,SAMMS-CoeurdAleneV6
202609061929598600,202609061904281297,202609061904281249,85,3995,Bronze INV,br_ReAssessmentPhysicalHealth,TASK_COMPLETE,SUCCESS,INFO,0,0,0,,2026-09-06T19:04:34.627Z,2026-09-06T19:30:03.879Z,1529,2026-09-06T19:30:03.879Z,CON,Conway,5cce37fd-5f38-41c5-90e1-d9efeb3bd245,SAMMS-Conway
202609061929598601,202609061904281298,202609061904281249,85,3996,Bronze INV,br_ReAssessmentPhysicalHealth,TASK_COMPLETE,SUCCESS,INFO,2590,2590,0,,2026-09-06T19:04:34.627Z,2026-09-06T19:30:03.879Z,1529,2026-09-06T19:30:03.879Z,D07,Medical Services Knox TN,5cce37fd-5f38-41c5-90e1-d9efeb3bd245,SAMMS-KnoxvilleV6
202609061929598602,202609061904281299,202609061904281249,85,3997,Bronze INV,br_ReAssessmentPhysicalHealth,TASK_COMPLETE,SUCCESS,INFO,116,116,0,,2026-09-06T19:04:34.627Z,2026-09-06T19:30:03.879Z,1529,2026-09-06T19:30:03.879Z,D08,Madison,5cce37fd-5f38-41c5-90e1-d9efeb3bd245,SAMMS-MadisonV6
202609061929598603,202609061904281300,202609061904281249,85,3999,Bronze INV,br_ReAssessmentPhysicalHealth,TASK_COMPLETE,SUCCESS,INFO,123,123,0,,2026-09-06T19:04:34.627Z,2026-09-06T19:30:03.879Z,1529,2026-09-06T19:30:03.879Z,D09,Murfreesboro,5cce37fd-5f38-41c5-90e1-d9efeb3bd245,SAMMS-MurfreesboroV6
202609070344361856,202609070344361856,20260907034436,1,1,UKG Job Codes API,br_JobCodes,ACTIVITY_FAILED,FAILED,ERROR,0,0,0,The function json expects its parameter to be a string or an XML. The provided value is of type Null.,2026-09-07T03:44:48.930Z,2026-09-07T03:44:48.930Z,0,2026-09-07T03:44:48.930Z,,,16009df2-aca5-4ccb-8ac7-f50562640e02,
202609041932519011,202609041904219453,202609041904219417,85,3954,Bronze INV,br_ReAssessmentPhysicalHealth,TASK_COMPLETE,SUCCESS,INFO,166,166,0,,2026-09-04T19:04:30.706Z,2026-09-04T19:32:56.074Z,1706,2026-09-04T19:32:56.074Z,B57B,Middletown,b1302ebd-57a3-42bd-9029-9a66dda6727d,SAMMS-Middletown
202609041932519012,202609041904219454,202609041904219417,85,3955,Bronze INV,br_ReAssessmentPhysicalHealth,TASK_COMPLETE,SUCCESS,INFO,414,414,0,,2026-09-04T19:04:30.706Z,2026-09-04T19:32:56.074Z,1706,2026-09-04T19:32:56.074Z,B57C,Providence,b1302ebd-57a3-42bd-9029-9a66dda6727d,SAMMS-Providence
202609041932519014,202609041904219455,202609041904219417,85,3956,Bronze INV,br_ReAssessmentPhysicalHealth,TASK_COMPLETE,SUCCESS,INFO,631,631,0,,2026-09-04T19:04:30.706Z,2026-09-04T19:32:56.074Z,1706,2026-09-04T19:32:56.074Z,B57D,Westerly,b1302ebd-57a3-42bd-9029-9a66dda6727d,SAMMS-Westerly
202609041932519015,202609041904219456,202609041904219417,85,3960,Bronze INV,br_ReAssessmentPhysicalHealth,TASK_COMPLETE,SUCCESS,INFO,4,4,0,,2026-09-04T19:04:30.706Z,2026-09-04T19:32:56.074Z,1706,2026-09-04T19:32:56.074Z,B66A,Bremen,b1302ebd-57a3-42bd-9029-9a66dda6727d,SAMMS-Bremen
202609041932519016,202609041904219457,202609041904219417,85,3963,Bronze INV,br_ReAssessmentPhysicalHealth,TASK_COMPLETE,SUCCESS,INFO,0,0,0,,2026-09-04T19:04:30.706Z,2026-09-04T19:32:56.074Z,1706,2026-09-04T19:32:56.074Z,B72,Mobile (OBOT),b1302ebd-57a3-42bd-9029-9a66dda6727d,SAMMS-Mobile-OBOT
202609041932519017,202609041904219458,202609041904219417,85,3964,Bronze INV,br_ReAssessmentPhysicalHealth,TASK_COMPLETE,SUCCESS,INFO,0,0,0,,2026-09-04T19:04:30.706Z,2026-09-04T19:32:56.074Z,1706,2026-09-04T19:32:56.074Z,B73,Montgomery,b1302ebd-57a3-42bd-9029-9a66dda6727d,SAMMS-Montgomery
202609041932519018,202609041904219459,202609041904219417,85,3965,Bronze INV,br_ReAssessmentPhysicalHealth,TASK_COMPLETE,SUCCESS,INFO,517,517,0,,2026-09-04T19:04:30.706Z,2026-09-04T19:32:56.074Z,1706,2026-09-04T19:32:56.074Z,B75,Lawrence,b1302ebd-57a3-42bd-9029-9a66dda6727d,SAMMS-LawrenceV6
202609031359541122,202609031332601369,202609031332601326,85,3046,Bronze INV,br_ReAssessment,TASK_COMPLETE,SUCCESS,INFO,0,0,0,,2026-09-03T13:33:12.351Z,2026-09-03T13:59:59.406Z,1607,2026-09-03T13:59:59.406Z,B76,Huntsville OBOT,ef652adf-cab1-42cd-a0bf-1cd03c8c16e7,SAMMS-Huntsville-OBOT
202609031359541123,202609031332601370,202609031332601326,85,3047,Bronze INV,br_ReAssessment,TASK_COMPLETE,SUCCESS,INFO,0,0,0,,2026-09-03T13:33:12.351Z,2026-09-03T13:59:59.406Z,1607,2026-09-03T13:59:59.406Z,BAT,Batesville,ef652adf-cab1-42cd-a0bf-1cd03c8c16e7,SAMMS-Batesville
202609031359541125,202609031332601371,202609031332601326,85,3048,Bronze INV,br_ReAssessment,TASK_COMPLETE,SUCCESS,INFO,465,465,0,,2026-09-03T13:33:12.351Z,2026-09-03T13:59:59.406Z,1607,2026-09-03T13:59:59.406Z,BG,Bowling Green,ef652adf-cab1-42cd-a0bf-1cd03c8c16e7,SAMMS-BowlingGreen
202609031359541126,202609031332601372,202609031332601326,85,3049,Bronze INV,br_ReAssessment,TASK_COMPLETE,SUCCESS,INFO,185,185,0,,2026-09-03T13:33:12.351Z,2026-09-03T13:59:59.406Z,1607,2026-09-03T13:59:59.406Z,BOI,Boise,ef652adf-cab1-42cd-a0bf-1cd03c8c16e7,SAMMS-Boise
202609031359541127,202609031332601373,202609031332601326,85,3056,Bronze INV,br_ReAssessment,TASK_COMPLETE,SUCCESS,INFO,57,57,0,,2026-09-03T13:33:12.351Z,2026-09-03T13:59:59.406Z,1607,2026-09-03T13:59:59.406Z,CBCO,Coeur dAlene,ef652adf-cab1-42cd-a0bf-1cd03c8c16e7,SAMMS-CoeurdAleneV6
202609031359541128,202609031332601374,202609031332601326,85,3075,Bronze INV,br_ReAssessment,TASK_COMPLETE,SUCCESS,INFO,0,0,0,,2026-09-03T13:33:12.351Z,2026-09-03T13:59:59.406Z,1607,2026-09-03T13:59:59.406Z,CON,Conway,ef652adf-cab1-42cd-a0bf-1cd03c8c16e7,SAMMS-Conway
202609031359541129,202609031332601375,202609031332601326,85,3076,Bronze INV,br_ReAssessment,TASK_COMPLETE,SUCCESS,INFO,2558,2558,0,,2026-09-03T13:33:12.351Z,2026-09-03T13:59:59.406Z,1607,2026-09-03T13:59:59.406Z,D07,Medical Services Knox TN,ef652adf-cab1-42cd-a0bf-1cd03c8c16e7,SAMMS-KnoxvilleV6
202609031359541184,202609031332601425,202609031332601326,85,3145,Bronze INV,br_ReAssessment,TASK_COMPLETE,SUCCESS,INFO,1150,1150,0,,2026-09-03T13:33:12.351Z,2026-09-03T13:59:59.406Z,1607,2026-09-03T13:59:59.406Z,V12A,Centennial,ef652adf-cab1-42cd-a0bf-1cd03c8c16e7,SAMMS-CentennialV5
202609031359541185,202609031332601426,202609031332601326,85,3146,Bronze INV,br_ReAssessment,TASK_COMPLETE,SUCCESS,INFO,299,299,0,,2026-09-03T13:33:12.351Z,2026-09-03T13:59:59.406Z,1607,2026-09-03T13:59:59.406Z,V14,Overland Park,ef652adf-cab1-42cd-a0bf-1cd03c8c16e7,SAMMS-VCPHCS-XIV-BridgewayV5
202609031359541186,202609031332601427,202609031332601326,85,3147,Bronze INV,br_ReAssessment,TASK_COMPLETE,SUCCESS,INFO,609,609,0,,2026-09-03T13:33:12.351Z,2026-09-03T13:59:59.406Z,1607,2026-09-03T13:59:59.406Z,V15,Joplin,ef652adf-cab1-42cd-a0bf-1cd03c8c16e7,SAMMS-JoplinV5
202609031359541187,202609031332601428,202609031332601326,85,3149,Bronze INV,br_ReAssessment,TASK_COMPLETE,SUCCESS,INFO,918,918,0,,2026-09-03T13:33:12.351Z,2026-09-03T13:59:59.406Z,1607,2026-09-03T13:59:59.406Z,V17,Columbia TN,ef652adf-cab1-42cd-a0bf-1cd03c8c16e7,SAMMS-ColumbiaTNv5
202609031359541188,202609031332601429,202609031332601326,85,3151,Bronze INV,br_ReAssessment,TASK_COMPLETE,SUCCESS,INFO,543,543,0,,2026-09-03T13:33:12.351Z,2026-09-03T13:59:59.406Z,1607,2026-09-03T13:59:59.406Z,V19,Jackson,ef652adf-cab1-42cd-a0bf-1cd03c8c16e7,SAMMS-JacksonV5
202609031359541189,202609031332601430,202609031332601326,85,3153,Bronze INV,br_ReAssessment,TASK_COMPLETE,SUCCESS,INFO,1778,1778,0,,2026-09-03T13:33:12.351Z,2026-09-03T13:59:59.406Z,1607,2026-09-03T13:59:59.406Z,V20,Paris,ef652adf-cab1-42cd-a0bf-1cd03c8c16e7,SAMMS-ParisV5
202609031359541190,202609031332601431,202609031332601326,85,3154,Bronze INV,br_ReAssessment,TASK_COMPLETE,SUCCESS,INFO,732,732,0,,2026-09-03T13:33:12.351Z,2026-09-03T13:59:59.406Z,1607,2026-09-03T13:59:59.406Z,V21,Memphis North,ef652adf-cab1-42cd-a0bf-1cd03c8c16e7,SAMMS-RaleighV5
202608310140013572,202608310122145973,202608310122145969,118,10548,Bronze P1/P2 Assessments,br_NewAdmissionAssessmentASAMDimension6,TASK_COMPLETE,SUCCESS,INFO,183,183,0,,2026-08-31T01:22:19.883Z,2026-08-31T01:40:07.174Z,1068,2026-08-31T01:40:07.174Z,B33,Paducah,4b7273e0-0d54-485d-b4db-ed019a136434,SAMMS-Paducah
202608310140013573,202608310122145974,202608310122145969,118,10723,Bronze P1/P2 Assessments,br_NewPeriodicReassessment,TASK_COMPLETE,SUCCESS,INFO,326,326,0,,2026-08-31T01:22:19.883Z,2026-08-31T01:40:07.174Z,1068,2026-08-31T01:40:07.174Z,B24,Paintsville,4b7273e0-0d54-485d-b4db-ed019a136434,SAMMS-PaintsvilleV5
202608310140013574,202608310122145975,202608310122145969,118,10732,Bronze P1/P2 Assessments,br_NewPeriodicReassessment,TASK_COMPLETE,SUCCESS,INFO,242,242,0,,2026-08-31T01:22:19.883Z,2026-08-31T01:40:07.174Z,1068,2026-08-31T01:40:07.174Z,B33,Paducah,4b7273e0-0d54-485d-b4db-ed019a136434,SAMMS-Paducah
202608310525474120,202608310525474120,20260831034154,133,13726,Self Pay AR Aging with Last Payer_inDB Silver,sl_self_pay_bulk,TASK_ALREADY_COMPLETED,ALREADY_COMPLETED,INFO,0,0,0,Already succeeded in previous attempt,2026-08-31T05:25:52.295Z,2026-08-31T05:25:52.295Z,0,2026-08-31T05:25:52.295Z,,,648551aa-4be1-43d5-9996-5e68064cace6,
202609020846561165,202609020846561165,20260831121208,133,13726,Self Pay AR Aging with Last Payer_inDB Silver,sl_self_pay_bulk,TASK_ALREADY_COMPLETED,ALREADY_COMPLETED,INFO,0,0,0,Already succeeded in previous attempt,2026-09-02T08:47:00.820Z,2026-09-02T08:47:00.820Z,0,2026-09-02T08:47:00.820Z,,,a248cb53-4f30-44b6-ac15-5cdc6c387758,
202608310140013576,202608310122145976,202608310122145969,118,10907,Bronze P1/P2 Assessments,br_NewPeriodicReassessmentCounselorReview,TASK_COMPLETE,SUCCESS,INFO,325,325,0,,2026-08-31T01:22:19.883Z,2026-08-31T01:40:07.174Z,1068,2026-08-31T01:40:07.174Z,B24,Paintsville,4b7273e0-0d54-485d-b4db-ed019a136434,SAMMS-PaintsvilleV5
202608310140013577,202608310122145977,202608310122145969,118,10916,Bronze P1/P2 Assessments,br_NewPeriodicReassessmentCounselorReview,TASK_COMPLETE,SUCCESS,INFO,242,242,0,,2026-08-31T01:22:19.883Z,2026-08-31T01:40:07.174Z,1068,2026-08-31T01:40:07.174Z,B33,Paducah,4b7273e0-0d54-485d-b4db-ed019a136434,SAMMS-Paducah
202608310140013578,202608310122145978,202608310122145969,118,11091,Bronze P1/P2 Assessments,br_NewPeriodicReassessmentD2,TASK_COMPLETE,SUCCESS,INFO,0,0,0,,2026-08-31T01:22:19.883Z,2026-08-31T01:40:07.174Z,1068,2026-08-31T01:40:07.174Z,B24,Paintsville,4b7273e0-0d54-485d-b4db-ed019a136434,SAMMS-PaintsvilleV5
202608311139560793,202608311139560794,20260831113956,109,8608,nb_cashflow_src_to_,br_cashflow_transactions,TASK_FAILED,FAILED,ERROR,0,0,1,No EtlConfig found for PipelineName: ''nb_cashflow_src_to_'' after 3 retry attempts,2026-08-31T11:39:56.079Z,2026-08-31T11:39:56.079Z,0,2026-08-31T11:39:56.079Z,,,ddf9572b-0250-4244-a6a4-d8778e19d918,
202609032037324477,202609032037324478,20260903203732,110,8612,Silver Bank Transactions,sl_BankTransactions,TASK_FAILED,FAILED,ERROR,0,0,1,No EtlConfig found for PipelineName: ''nb_cashflow_brz_to_'' after 3 retry attempts,2026-09-03T20:37:32.447Z,2026-09-03T20:37:32.447Z,0,2026-09-03T20:37:32.447Z,,,7a57419a-bb25-4ef5-a179-dddc64ce8c4f,
202609020736563560,202609020736563561,20260902073656,109,8608,nb_cashflow_src_to_,br_cashflow_transactions,TASK_FAILED,FAILED,ERROR,0,0,1,No EtlConfig found for PipelineName: ''nb_cashflow_src_to_'' after 3 retry attempts,2026-09-02T07:36:56.356Z,2026-09-02T07:36:56.356Z,0,2026-09-02T07:36:56.356Z,,,3584a9a3-96dc-49b9-b632-14dbee6a19e8,
202609020852213049,202609020852213049,20260831092127,134,13729,Medicare Utilization Workflow IN-DB v2 Gold,Bundled_Logic_Utl,TASK_ALREADY_COMPLETED,ALREADY_COMPLETED,INFO,0,0,0,Already succeeded in previous attempt,2026-09-02T08:52:26.112Z,2026-09-02T08:52:26.112Z,0,2026-09-02T08:52:26.112Z,,,a248cb53-4f30-44b6-ac15-5cdc6c387758,
202609031359541130,202609031332601376,202609031332601326,85,3077,Bronze INV,br_ReAssessment,TASK_COMPLETE,SUCCESS,INFO,112,112,0,,2026-09-03T13:33:12.351Z,2026-09-03T13:59:59.406Z,1607,2026-09-03T13:59:59.406Z,D08,Madison,ef652adf-cab1-42cd-a0bf-1cd03c8c16e7,SAMMS-MadisonV6
202609031359541131,202609031332601377,202609031332601326,85,3079,Bronze INV,br_ReAssessment,TASK_COMPLETE,SUCCESS,INFO,133,133,0,,2026-09-03T13:33:12.351Z,2026-09-03T13:59:59.406Z,1607,2026-09-03T13:59:59.406Z,D09,Murfreesboro,ef652adf-cab1-42cd-a0bf-1cd03c8c16e7,SAMMS-MurfreesboroV6
202609031359541132,202609031332601378,202609031332601326,85,3080,Bronze INV,br_ReAssessment,TASK_COMPLETE,SUCCESS,INFO,340,340,0,,2026-09-03T13:33:12.351Z,2026-09-03T13:59:59.406Z,1607,2026-09-03T13:59:59.406Z,DA,Davenport,ef652adf-cab1-42cd-a0bf-1cd03c8c16e7,SAMMS-Davenport
202609031359541133,202609031332601379,202609031332601326,85,3081,Bronze INV,br_ReAssessment,TASK_COMPLETE,SUCCESS,INFO,292,292,0,,2026-09-03T13:33:12.351Z,2026-09-03T13:59:59.406Z,1607,2026-09-03T13:59:59.406Z,DM,Des Moines,ef652adf-cab1-42cd-a0bf-1cd03c8c16e7,SAMMS-DesMoines
202609031359541134,202609031332601380,202609031332601326,85,3083,Bronze INV,br_ReAssessment,TASK_COMPLETE,SUCCESS,INFO,534,534,0,,2026-09-03T13:33:12.351Z,2026-09-03T13:59:59.406Z,1607,2026-09-03T13:59:59.406Z,DRD-CO,Columbia MO,ef652adf-cab1-42cd-a0bf-1cd03c8c16e7,SAMMS-ColumbiaV5
202609031359541135,202609031332601381,202609031332601326,85,3084,Bronze INV,br_ReAssessment,TASK_COMPLETE,SUCCESS,INFO,348,348,0,,2026-09-03T13:33:12.351Z,2026-09-03T13:59:59.406Z,1607,2026-09-03T13:59:59.406Z,DRD-KC,KC,ef652adf-cab1-42cd-a0bf-1cd03c8c16e7,SAMMS-KCv5
202609031359541137,202609031332601382,202609031332601326,85,3085,Bronze INV,br_ReAssessment,TASK_COMPLETE,SUCCESS,INFO,1576,1576,0,,2026-09-03T13:33:12.351Z,2026-09-03T13:59:59.406Z,1607,2026-09-03T13:59:59.406Z,DRD-KVB,KVB,ef652adf-cab1-42cd-a0bf-1cd03c8c16e7,SAMMS-KVBv5
202609061929598561,202609061904281262,202609061904281249,85,3923,Bronze INV,br_ReAssessmentPhysicalHealth,TASK_COMPLETE,SUCCESS,INFO,243,243,0,,2026-09-06T19:04:34.627Z,2026-09-06T19:30:03.879Z,1529,2026-09-06T19:30:03.879Z,B35,Lexington,5cce37fd-5f38-41c5-90e1-d9efeb3bd245,SAMMS-LexingtonV5
202609061929598562,202609061904281263,202609061904281249,85,3924,Bronze INV,br_ReAssessmentPhysicalHealth,TASK_COMPLETE,SUCCESS,INFO,77,77,0,,2026-09-06T19:04:34.627Z,2026-09-06T19:30:03.879Z,1529,2026-09-06T19:30:03.879Z,B35A,Berea,5cce37fd-5f38-41c5-90e1-d9efeb3bd245,SAMMS-BereaV5
202609061929598564,202609061904281264,202609061904281249,85,3925,Bronze INV,br_ReAssessmentPhysicalHealth,TASK_COMPLETE,SUCCESS,INFO,22,22,0,,2026-09-06T19:04:34.627Z,2026-09-06T19:30:03.879Z,1529,2026-09-06T19:30:03.879Z,B36,Asheville,5cce37fd-5f38-41c5-90e1-d9efeb3bd245,SAMMS-AshevilleV5
202609061929598565,202609061904281265,202609061904281249,85,3926,Bronze INV,br_ReAssessmentPhysicalHealth,TASK_COMPLETE,SUCCESS,INFO,1,1,0,,2026-09-06T19:04:34.627Z,2026-09-06T19:30:03.879Z,1529,2026-09-06T19:30:03.879Z,B37,Clyde,5cce37fd-5f38-41c5-90e1-d9efeb3bd245,SAMMS-ClydeV5
202609061929598566,202609061904281266,202609061904281249,85,3927,Bronze INV,br_ReAssessmentPhysicalHealth,TASK_COMPLETE,SUCCESS,INFO,1189,1189,0,,2026-09-06T19:04:34.627Z,2026-09-06T19:30:03.879Z,1529,2026-09-06T19:30:03.879Z,B38,Spartanburg,5cce37fd-5f38-41c5-90e1-d9efeb3bd245,SAMMS-SpartanburgV5
202609061929598567,202609061904281267,202609061904281249,85,3928,Bronze INV,br_ReAssessmentPhysicalHealth,TASK_COMPLETE,SUCCESS,INFO,362,362,0,,2026-09-06T19:04:34.627Z,2026-09-06T19:30:03.879Z,1529,2026-09-06T19:30:03.879Z,B39,Aiken,5cce37fd-5f38-41c5-90e1-d9efeb3bd245,SAMMS-AikenV5
202609021129108250,202609021111416574,202609021111416554,118,12020,Bronze P1/P2 Assessments,br_NewAdmissionAssessmentASAMDimension2,TASK_COMPLETE,SUCCESS,INFO,179,179,0,,2026-09-02T11:11:46.042Z,2026-09-02T11:29:14.318Z,1048,2026-09-02T11:29:14.318Z,B33,Paducah,a7050713-a175-4eb1-950e-06e41274b859,SAMMS-Paducah
202609021129108251,202609021111416575,202609021111416554,118,12195,Bronze P1/P2 Assessments,br_NewAdmissionAssessmentASAMDimension4,TASK_COMPLETE,SUCCESS,INFO,285,285,0,,2026-09-02T11:11:46.042Z,2026-09-02T11:29:14.318Z,1048,2026-09-02T11:29:14.318Z,B24,Paintsville,a7050713-a175-4eb1-950e-06e41274b859,SAMMS-PaintsvilleV5
202609021403463306,202609021343688414,202609021343688394,118,12020,Bronze P1/P2 Assessments,br_NewAdmissionAssessmentASAMDimension2,TASK_COMPLETE,SUCCESS,INFO,179,179,0,,2026-09-02T13:44:13.671Z,2026-09-02T14:03:50.288Z,1177,2026-09-02T14:03:50.288Z,B33,Paducah,ab787989-353e-4d3f-8e29-103715871a85,SAMMS-Paducah
202609021403463307,202609021343688415,202609021343688394,118,12195,Bronze P1/P2 Assessments,br_NewAdmissionAssessmentASAMDimension4,TASK_COMPLETE,SUCCESS,INFO,285,285,0,,2026-09-02T13:44:13.671Z,2026-09-02T14:03:50.288Z,1177,2026-09-02T14:03:50.288Z,B24,Paintsville,ab787989-353e-4d3f-8e29-103715871a85,SAMMS-PaintsvilleV5
202608310523048001,202608310523048001,20260831034154,133,13712,3rd Party Claims with Payment Silver,sl_third_party_ar_indb,TASK_ALREADY_COMPLETED,ALREADY_COMPLETED,INFO,0,0,0,Already succeeded in previous attempt,2026-08-31T05:23:15.403Z,2026-08-31T05:23:15.403Z,0,2026-08-31T05:23:15.403Z,,,648551aa-4be1-43d5-9996-5e68064cace6,
202609021018523985,202609021000193813,202609021000193793,118,12020,Bronze P1/P2 Assessments,br_NewAdmissionAssessmentASAMDimension2,TASK_COMPLETE,SUCCESS,INFO,179,179,0,,2026-09-02T10:00:23.575Z,2026-09-02T10:18:56.786Z,1113,2026-09-02T10:18:56.786Z,B33,Paducah,ebc2f5e5-b7e4-40cf-8b56-f009f5871937,SAMMS-Paducah
202609021018523986,202609021000193814,202609021000193793,118,12195,Bronze P1/P2 Assessments,br_NewAdmissionAssessmentASAMDimension4,TASK_COMPLETE,SUCCESS,INFO,285,285,0,,2026-09-02T10:00:23.575Z,2026-09-02T10:18:56.786Z,1113,2026-09-02T10:18:56.786Z,B24,Paintsville,ebc2f5e5-b7e4-40cf-8b56-f009f5871937,SAMMS-PaintsvilleV5
202609020839246670,202609020839246670,20260831121208,133,13712,3rd Party Claims with Payment Silver,sl_third_party_ar_indb,TASK_ALREADY_COMPLETED,ALREADY_COMPLETED,INFO,0,0,0,Already succeeded in previous attempt,2026-09-02T08:39:31.743Z,2026-09-02T08:39:31.743Z,0,2026-09-02T08:39:31.743Z,,,a248cb53-4f30-44b6-ac15-5cdc6c387758,
202609041734097384,202609041706273957,202609041706273944,85,3923,Bronze INV,br_ReAssessmentPhysicalHealth,TASK_COMPLETE,SUCCESS,INFO,243,243,0,,2026-09-04T17:06:35.444Z,2026-09-04T17:34:13.654Z,1658,2026-09-04T17:34:13.654Z,B35,Lexington,5652dc3b-8824-4606-a16d-f373dc1d2ada,SAMMS-LexingtonV5
202609041734097385,202609041706273958,202609041706273944,85,3924,Bronze INV,br_ReAssessmentPhysicalHealth,TASK_COMPLETE,SUCCESS,INFO,77,77,0,,2026-09-04T17:06:35.444Z,2026-09-04T17:34:13.654Z,1658,2026-09-04T17:34:13.654Z,B35A,Berea,5652dc3b-8824-4606-a16d-f373dc1d2ada,SAMMS-BereaV5
202609041734097386,202609041706273959,202609041706273944,85,3925,Bronze INV,br_ReAssessmentPhysicalHealth,TASK_COMPLETE,SUCCESS,INFO,22,22,0,,2026-09-04T17:06:35.444Z,2026-09-04T17:34:13.654Z,1658,2026-09-04T17:34:13.654Z,B36,Asheville,5652dc3b-8824-4606-a16d-f373dc1d2ada,SAMMS-AshevilleV5
202609041734097387,202609041706273960,202609041706273944,85,3926,Bronze INV,br_ReAssessmentPhysicalHealth,TASK_COMPLETE,SUCCESS,INFO,1,1,0,,2026-09-04T17:06:35.444Z,2026-09-04T17:34:13.654Z,1658,2026-09-04T17:34:13.654Z,B37,Clyde,5652dc3b-8824-4606-a16d-f373dc1d2ada,SAMMS-ClydeV5
202609041734097388,202609041706273961,202609041706273944,85,3927,Bronze INV,br_ReAssessmentPhysicalHealth,TASK_COMPLETE,SUCCESS,INFO,1189,1189,0,,2026-09-04T17:06:35.444Z,2026-09-04T17:34:13.654Z,1658,2026-09-04T17:34:13.654Z,B38,Spartanburg,5652dc3b-8824-4606-a16d-f373dc1d2ada,SAMMS-SpartanburgV5
202609041734097389,202609041706273962,202609041706273944,85,3928,Bronze INV,br_ReAssessmentPhysicalHealth,TASK_COMPLETE,SUCCESS,INFO,362,362,0,,2026-09-04T17:06:35.444Z,2026-09-04T17:34:13.654Z,1658,2026-09-04T17:34:13.654Z,B39,Aiken,5652dc3b-8824-4606-a16d-f373dc1d2ada,SAMMS-AikenV5
202609061929598618,202609061904281313,202609061904281249,85,4014,Bronze INV,br_ReAssessmentPhysicalHealth,TASK_COMPLETE,SUCCESS,INFO,0,0,0,,2026-09-06T19:04:34.627Z,2026-09-06T19:30:03.879Z,1529,2026-09-06T19:30:03.879Z,FS,Fort Smith,5cce37fd-5f38-41c5-90e1-d9efeb3bd245,SAMMS-FortSmith
202609061929598620,202609061904281314,202609061904281249,85,4015,Bronze INV,br_ReAssessmentPhysicalHealth,TASK_COMPLETE,SUCCESS,INFO,471,471,0,,2026-09-06T19:04:34.627Z,2026-09-06T19:30:03.879Z,1529,2026-09-06T19:30:03.879Z,FW,Fort Wayne,5cce37fd-5f38-41c5-90e1-d9efeb3bd245,SAMMS-FortWayne
202609061929598621,202609061904281315,202609061904281249,85,4016,Bronze INV,br_ReAssessmentPhysicalHealth,TASK_COMPLETE,SUCCESS,INFO,276,276,0,,2026-09-06T19:04:34.627Z,2026-09-06T19:30:03.879Z,1529,2026-09-06T19:30:03.879Z,GAL,Gaylord,5cce37fd-5f38-41c5-90e1-d9efeb3bd245,SAMMS-Gaylord
202609061929598622,202609061904281316,202609061904281249,85,4020,Bronze INV,br_ReAssessmentPhysicalHealth,TASK_COMPLETE,SUCCESS,INFO,100,100,0,,2026-09-06T19:04:34.627Z,2026-09-06T19:30:03.879Z,1529,2026-09-06T19:30:03.879Z,HGT,Hagerstown,5cce37fd-5f38-41c5-90e1-d9efeb3bd245,SAMMS-Hagerstown
202609061929598623,202609061904281317,202609061904281249,85,4021,Bronze INV,br_ReAssessmentPhysicalHealth,TASK_COMPLETE,SUCCESS,INFO,1727,1727,0,,2026-09-06T19:04:34.627Z,2026-09-06T19:30:03.879Z,1529,2026-09-06T19:30:03.879Z,HNT,Huntsville,5cce37fd-5f38-41c5-90e1-d9efeb3bd245,SAMMS-Huntsville
202609061929598624,202609061904281318,202609061904281249,85,4022,Bronze INV,br_ReAssessmentPhysicalHealth,TASK_COMPLETE,SUCCESS,INFO,0,0,0,,2026-09-06T19:04:34.627Z,2026-09-06T19:30:03.879Z,1529,2026-09-06T19:30:03.879Z,HS,Hot Springs,5cce37fd-5f38-41c5-90e1-d9efeb3bd245,SAMMS-HotSprings
202609041734097404,202609041706273975,202609041706273944,85,3949,Bronze INV,br_ReAssessmentPhysicalHealth,TASK_COMPLETE,SUCCESS,INFO,460,460,0,,2026-09-04T17:06:35.444Z,2026-09-04T17:34:13.654Z,1658,2026-09-04T17:34:13.654Z,B52,Jackson GA,5652dc3b-8824-4606-a16d-f373dc1d2ada,SAMMS-JacksonGAV5
202609041734097405,202609041706273976,202609041706273944,85,3950,Bronze INV,br_ReAssessmentPhysicalHealth,TASK_COMPLETE,SUCCESS,INFO,1704,1704,0,,2026-09-04T17:06:35.444Z,2026-09-04T17:34:13.654Z,1658,2026-09-04T17:34:13.654Z,B54,Gadsden,5652dc3b-8824-4606-a16d-f373dc1d2ada,SAMMS-GadsdenV5
202609041734097406,202609041706273977,202609041706273944,85,3951,Bronze INV,br_ReAssessmentPhysicalHealth,TASK_COMPLETE,SUCCESS,INFO,956,956,0,,2026-09-04T17:06:35.444Z,2026-09-04T17:34:13.654Z,1658,2026-09-04T17:34:13.654Z,B55,Shoals,5652dc3b-8824-4606-a16d-f373dc1d2ada,SAMMS-ShoalsV5
202609041734097408,202609041706273978,202609041706273944,85,3952,Bronze INV,br_ReAssessmentPhysicalHealth,TASK_COMPLETE,SUCCESS,INFO,294,294,0,,2026-09-04T17:06:35.444Z,2026-09-04T17:34:13.654Z,1658,2026-09-04T17:34:13.654Z,B57,Pawtucket,5652dc3b-8824-4606-a16d-f373dc1d2ada,SAMMS-Pawtucket
202609041734097409,202609041706273979,202609041706273944,85,3953,Bronze INV,br_ReAssessmentPhysicalHealth,TASK_COMPLETE,SUCCESS,INFO,555,555,0,,2026-09-04T17:06:35.444Z,2026-09-04T17:34:13.654Z,1658,2026-09-04T17:34:13.654Z,B57A,Johnston,5652dc3b-8824-4606-a16d-f373dc1d2ada,SAMMS-Johnston
202609041734097410,202609041706273980,202609041706273944,85,3954,Bronze INV,br_ReAssessmentPhysicalHealth,TASK_COMPLETE,SUCCESS,INFO,166,166,0,,2026-09-04T17:06:35.444Z,2026-09-04T17:34:13.654Z,1658,2026-09-04T17:34:13.654Z,B57B,Middletown,5652dc3b-8824-4606-a16d-f373dc1d2ada,SAMMS-Middletown
202609041734097442,202609041706274008,202609041706273944,85,4014,Bronze INV,br_ReAssessmentPhysicalHealth,TASK_COMPLETE,SUCCESS,INFO,0,0,0,,2026-09-04T17:06:35.444Z,2026-09-04T17:34:13.654Z,1658,2026-09-04T17:34:13.654Z,FS,Fort Smith,5652dc3b-8824-4606-a16d-f373dc1d2ada,SAMMS-FortSmith
202609041734097443,202609041706274009,202609041706273944,85,4015,Bronze INV,br_ReAssessmentPhysicalHealth,TASK_COMPLETE,SUCCESS,INFO,471,471,0,,2026-09-04T17:06:35.444Z,2026-09-04T17:34:13.654Z,1658,2026-09-04T17:34:13.654Z,FW,Fort Wayne,5652dc3b-8824-4606-a16d-f373dc1d2ada,SAMMS-FortWayne
202609041734097444,202609041706274010,202609041706273944,85,4016,Bronze INV,br_ReAssessmentPhysicalHealth,TASK_COMPLETE,SUCCESS,INFO,276,276,0,,2026-09-04T17:06:35.444Z,2026-09-04T17:34:13.654Z,1658,2026-09-04T17:34:13.654Z,GAL,Gaylord,5652dc3b-8824-4606-a16d-f373dc1d2ada,SAMMS-Gaylord
202609041734097446,202609041706274011,202609041706273944,85,4020,Bronze INV,br_ReAssessmentPhysicalHealth,TASK_COMPLETE,SUCCESS,INFO,100,100,0,,2026-09-04T17:06:35.444Z,2026-09-04T17:34:13.654Z,1658,2026-09-04T17:34:13.654Z,HGT,Hagerstown,5652dc3b-8824-4606-a16d-f373dc1d2ada,SAMMS-Hagerstown
202609041734097447,202609041706274012,202609041706273944,85,4021,Bronze INV,br_ReAssessmentPhysicalHealth,TASK_COMPLETE,SUCCESS,INFO,1727,1727,0,,2026-09-04T17:06:35.444Z,2026-09-04T17:34:13.654Z,1658,2026-09-04T17:34:13.654Z,HNT,Huntsville,5652dc3b-8824-4606-a16d-f373dc1d2ada,SAMMS-Huntsville
202609041734097448,202609041706274013,202609041706273944,85,4022,Bronze INV,br_ReAssessmentPhysicalHealth,TASK_COMPLETE,SUCCESS,INFO,0,0,0,,2026-09-04T17:06:35.444Z,2026-09-04T17:34:13.654Z,1658,2026-09-04T17:34:13.654Z,HS,Hot Springs,5652dc3b-8824-4606-a16d-f373dc1d2ada,SAMMS-HotSprings
202609061929598581,202609061904281280,202609061904281249,85,3949,Bronze INV,br_ReAssessmentPhysicalHealth,TASK_COMPLETE,SUCCESS,INFO,460,460,0,,2026-09-06T19:04:34.627Z,2026-09-06T19:30:03.879Z,1529,2026-09-06T19:30:03.879Z,B52,Jackson GA,5cce37fd-5f38-41c5-90e1-d9efeb3bd245,SAMMS-JacksonGAV5
202609061929598582,202609061904281281,202609061904281249,85,3950,Bronze INV,br_ReAssessmentPhysicalHealth,TASK_COMPLETE,SUCCESS,INFO,1704,1704,0,,2026-09-06T19:04:34.627Z,2026-09-06T19:30:03.879Z,1529,2026-09-06T19:30:03.879Z,B54,Gadsden,5cce37fd-5f38-41c5-90e1-d9efeb3bd245,SAMMS-GadsdenV5
202609061929598583,202609061904281282,202609061904281249,85,3951,Bronze INV,br_ReAssessmentPhysicalHealth,TASK_COMPLETE,SUCCESS,INFO,956,956,0,,2026-09-06T19:04:34.627Z,2026-09-06T19:30:03.879Z,1529,2026-09-06T19:30:03.879Z,B55,Shoals,5cce37fd-5f38-41c5-90e1-d9efeb3bd245,SAMMS-ShoalsV5
202609061929598584,202609061904281283,202609061904281249,85,3952,Bronze INV,br_ReAssessmentPhysicalHealth,TASK_COMPLETE,SUCCESS,INFO,294,294,0,,2026-09-06T19:04:34.627Z,2026-09-06T19:30:03.879Z,1529,2026-09-06T19:30:03.879Z,B57,Pawtucket,5cce37fd-5f38-41c5-90e1-d9efeb3bd245,SAMMS-Pawtucket
202609061929598585,202609061904281284,202609061904281249,85,3953,Bronze INV,br_ReAssessmentPhysicalHealth,TASK_COMPLETE,SUCCESS,INFO,555,555,0,,2026-09-06T19:04:34.627Z,2026-09-06T19:30:03.879Z,1529,2026-09-06T19:30:03.879Z,B57A,Johnston,5cce37fd-5f38-41c5-90e1-d9efeb3bd245,SAMMS-Johnston
202609061929598587,202609061904281285,202609061904281249,85,3954,Bronze INV,br_ReAssessmentPhysicalHealth,TASK_COMPLETE,SUCCESS,INFO,166,166,0,,2026-09-06T19:04:34.627Z,2026-09-06T19:30:03.879Z,1529,2026-09-06T19:30:03.879Z,B57B,Middletown,5cce37fd-5f38-41c5-90e1-d9efeb3bd245,SAMMS-Middletown
202609032049553733,202609032049553732,20260903203732,109,8609,Bronze Account Reference,br_cashflow_accountlocationref,TASK_SKIPPED,SKIPPED,INFO,0,0,0,Task already completed successfully in earlier attempt of this Run,2026-09-03T20:49:55.373Z,2026-09-03T20:50:01.179Z,0,2026-09-03T20:50:01.179Z,,,cf6c7c8f-6ed2-4b6a-8a3f-4a5233cb59d5,
202609040843500654,202609040843500653,20260904075815,109,8609,Bronze Account Reference,br_cashflow_accountlocationref,TASK_SKIPPED,SKIPPED,INFO,0,0,0,Task already completed successfully in earlier attempt of this Run,2026-09-04T08:43:50.065Z,2026-09-04T08:43:55.594Z,0,2026-09-04T08:43:55.594Z,,,d42c3a80-d402-47a6-9d0e-a2f670f0338a,
202609021018523988,202609021000193816,202609021000193793,118,12379,Bronze P1/P2 Assessments,br_NewAdmissionAssessmentASAMDimension5,TASK_COMPLETE,SUCCESS,INFO,284,284,0,,2026-09-02T10:00:23.575Z,2026-09-02T10:18:56.786Z,1113,2026-09-02T10:18:56.786Z,B24,Paintsville,ebc2f5e5-b7e4-40cf-8b56-f009f5871937,SAMMS-PaintsvilleV5
202609021018523989,202609021000193817,202609021000193793,118,12388,Bronze P1/P2 Assessments,br_NewAdmissionAssessmentASAMDimension5,TASK_COMPLETE,SUCCESS,INFO,180,180,0,,2026-09-02T10:00:23.575Z,2026-09-02T10:18:56.786Z,1113,2026-09-02T10:18:56.786Z,B33,Paducah,ebc2f5e5-b7e4-40cf-8b56-f009f5871937,SAMMS-Paducah
202609030906528339,202609030906528340,20260903090652,130,13686,Gold 3P Balances,tbl_Third_Party_AR_inDB_Balances,TASK_SKIPPED,SKIPPED,INFO,0,0,0,TaskConfig count is ZERO (IsActive=0) for ConfigId 130. Activity skipped.,2026-09-03T09:06:52.833Z,2026-09-03T09:06:52.833Z,0,2026-09-03T09:06:52.833Z,,,c8492d56-1821-4068-a9fe-b7dd40adbafa,
202609021129108253,202609021111416577,202609021111416554,118,12379,Bronze P1/P2 Assessments,br_NewAdmissionAssessmentASAMDimension5,TASK_COMPLETE,SUCCESS,INFO,284,284,0,,2026-09-02T11:11:46.042Z,2026-09-02T11:29:14.318Z,1048,2026-09-02T11:29:14.318Z,B24,Paintsville,a7050713-a175-4eb1-950e-06e41274b859,SAMMS-PaintsvilleV5
202609021129108254,202609021111416578,202609021111416554,118,12388,Bronze P1/P2 Assessments,br_NewAdmissionAssessmentASAMDimension5,TASK_COMPLETE,SUCCESS,INFO,180,180,0,,2026-09-02T11:11:46.042Z,2026-09-02T11:29:14.318Z,1048,2026-09-02T11:29:14.318Z,B33,Paducah,a7050713-a175-4eb1-950e-06e41274b859,SAMMS-Paducah
202609021403463309,202609021343688417,202609021343688394,118,12379,Bronze P1/P2 Assessments,br_NewAdmissionAssessmentASAMDimension5,TASK_COMPLETE,SUCCESS,INFO,284,284,0,,2026-09-02T13:44:13.671Z,2026-09-02T14:03:50.288Z,1177,2026-09-02T14:03:50.288Z,B24,Paintsville,ab787989-353e-4d3f-8e29-103715871a85,SAMMS-PaintsvilleV5
202609021403463310,202609021343688418,202609021343688394,118,12388,Bronze P1/P2 Assessments,br_NewAdmissionAssessmentASAMDimension5,TASK_COMPLETE,SUCCESS,INFO,180,180,0,,2026-09-02T13:44:13.671Z,2026-09-02T14:03:50.288Z,1177,2026-09-02T14:03:50.288Z,B33,Paducah,ab787989-353e-4d3f-8e29-103715871a85,SAMMS-Paducah
202609080405291906,202609080405291907,20260908040529,130,13686,Gold 3P Balances,tbl_Third_Party_AR_inDB_Balances,TASK_FAILED,FAILED,ERROR,0,0,1,"unterminated string literal (detected at line 10) (2283036824.py, line 10)",2026-09-08T04:05:29.190Z,2026-09-08T04:05:29.190Z,0,2026-09-08T04:05:29.190Z,,,6304a7b3-dc45-41d5-a589-785ca3248459,
202609011211477975,202609011211477975,20260901121141,79,226,Absolute Bronze Inventory,br_absolute_inventory,TASK_FAILED,FAILED,ERROR,0,0,1,403 Client Error: Forbidden for url: https://api.us.absolute.com/jws/validate,2026-09-01T12:11:53.171Z,2026-09-01T12:12:20.060Z,23,2026-09-01T12:12:20.060Z,,,fae008e4-7a94-46b5-a544-2fdaf8680be9,
202609020705484096,202609020705484096,20260902070542,79,226,Absolute Bronze Inventory,br_absolute_inventory,TASK_FAILED,FAILED,ERROR,0,0,1,403 Client Error: Forbidden for url: https://api.us.absolute.com/jws/validate,2026-09-02T07:05:54.047Z,2026-09-02T07:06:26.087Z,29,2026-09-02T07:06:26.087Z,,,85c6155e-96e1-4147-8377-4f45dcf420e9,
202609020718025632,202609020718025631,20260902070542,79,226,Absolute Bronze Inventory,br_absolute_inventory,TASK_FAILED,FAILED,ERROR,0,0,1,403 Client Error: Forbidden for url: https://api.us.absolute.com/jws/validate,2026-09-02T07:18:08.182Z,2026-09-02T07:18:36.683Z,24,2026-09-02T07:18:36.683Z,,,f8367c03-a66c-4c42-b205-a6ee3f57a017,
202609011234131799,202609011234131799,20260901121141,79,226,Absolute Bronze Inventory,br_absolute_inventory,TASK_FAILED,FAILED,ERROR,0,0,1,403 Client Error: Forbidden for url: https://api.us.absolute.com/jws/validate,2026-09-01T12:34:19.991Z,2026-09-01T12:34:49.009Z,26,2026-09-01T12:34:49.009Z,,,a6d80463-5929-41ea-bad2-9a19381733e7,
202608310140013568,202608310122145970,202608310122145969,118,10355,Bronze P1/P2 Assessments,br_NewAdmissionAssessment,TASK_COMPLETE,SUCCESS,INFO,296,296,0,,2026-08-31T01:22:19.883Z,2026-08-31T01:40:07.174Z,1068,2026-08-31T01:40:07.174Z,B24,Paintsville,4b7273e0-0d54-485d-b4db-ed019a136434,SAMMS-PaintsvilleV5
202608310140013570,202608310122145971,202608310122145969,118,10364,Bronze P1/P2 Assessments,br_NewAdmissionAssessment,TASK_COMPLETE,SUCCESS,INFO,188,188,0,,2026-08-31T01:22:19.883Z,2026-08-31T01:40:07.174Z,1068,2026-08-31T01:40:07.174Z,B33,Paducah,4b7273e0-0d54-485d-b4db-ed019a136434,SAMMS-Paducah
202608310140013571,202608310122145972,202608310122145969,118,10539,Bronze P1/P2 Assessments,br_NewAdmissionAssessmentASAMDimension6,TASK_COMPLETE,SUCCESS,INFO,287,287,0,,2026-08-31T01:22:19.883Z,2026-08-31T01:40:07.174Z,1068,2026-08-31T01:40:07.174Z,B24,Paintsville,4b7273e0-0d54-485d-b4db-ed019a136434,SAMMS-PaintsvilleV5
202609031359541099,202609031332601348,202609031332601326,85,3012,Bronze INV,br_ReAssessment,TASK_COMPLETE,SUCCESS,INFO,511,511,0,,2026-09-03T13:33:12.351Z,2026-09-03T13:59:59.406Z,1607,2026-09-03T13:59:59.406Z,B42B,Franklin,ef652adf-cab1-42cd-a0bf-1cd03c8c16e7,SAMMS-FranklinV5
202609031359541100,202609031332601349,202609031332601326,85,3013,Bronze INV,br_ReAssessment,TASK_COMPLETE,SUCCESS,INFO,352,352,0,,2026-09-03T13:33:12.351Z,2026-09-03T13:59:59.406Z,1607,2026-09-03T13:59:59.406Z,B42C,Glen Allen,ef652adf-cab1-42cd-a0bf-1cd03c8c16e7,SAMMS-GlenAllenV5
202609031359541101,202609031332601350,202609031332601326,85,3014,Bronze INV,br_ReAssessment,TASK_COMPLETE,SUCCESS,INFO,1504,1504,0,,2026-09-03T13:33:12.351Z,2026-09-03T13:59:59.406Z,1607,2026-09-03T13:59:59.406Z,B42D,Chesapeake South,ef652adf-cab1-42cd-a0bf-1cd03c8c16e7,SAMMS-ChesapeakeSouthV5
202609031359541103,202609031332601351,202609031332601326,85,3015,Bronze INV,br_ReAssessment,TASK_COMPLETE,SUCCESS,INFO,637,637,0,,2026-09-03T13:33:12.351Z,2026-09-03T13:59:59.406Z,1607,2026-09-03T13:59:59.406Z,B44,Albany,ef652adf-cab1-42cd-a0bf-1cd03c8c16e7,SAMMS-AlbanyV5
202609031359541104,202609031332601352,202609031332601326,85,3016,Bronze INV,br_ReAssessment,TASK_COMPLETE,SUCCESS,INFO,1278,1278,0,,2026-09-03T13:33:12.351Z,2026-09-03T13:59:59.406Z,1607,2026-09-03T13:59:59.406Z,B45,Tifton,ef652adf-cab1-42cd-a0bf-1cd03c8c16e7,SAMMS-TiftonV5
202609031359541105,202609031332601353,202609031332601326,85,3017,Bronze INV,br_ReAssessment,TASK_COMPLETE,SUCCESS,INFO,604,604,0,,2026-09-03T13:33:12.351Z,2026-09-03T13:59:59.406Z,1607,2026-09-03T13:59:59.406Z,B46,Washington DC,ef652adf-cab1-42cd-a0bf-1cd03c8c16e7,SAMMS-WashingtonDCv5
202609031359541106,202609031332601354,202609031332601326,85,3018,Bronze INV,br_ReAssessment,TASK_COMPLETE,SUCCESS,INFO,1603,1603,0,,2026-09-03T13:33:12.351Z,2026-09-03T13:59:59.406Z,1607,2026-09-03T13:59:59.406Z,B47,Mobile,ef652adf-cab1-42cd-a0bf-1cd03c8c16e7,SAMMS-MobileV5
202609021230041033,202609021230041033,20260902121950,127,13681,Silver Overdue Courses,sl_LearningReportsOverdue,TASK_SKIPPED,DEPENDENCY_BLOCKED,WARNING,0,0,0,Skipped: Dependency TaskConfigId(s) 13680 not successful,2026-09-02T12:30:04.103Z,2026-09-02T12:30:04.103Z,0,2026-09-02T12:30:04.103Z,,,e58cdc23-1c07-48d5-825d-7c408c2e776b,
202609021151288574,202609021151288573,202608171026319654,84,13676,Gold Salesforce PatientContacts,PatientContacts,TASK_DEPENDENCY_BLOCKED,DEPENDENCY_BLOCKED,WARN,0,0,0,"Dependency Failed : 220 (checked: 220,218,216)",2026-09-02T11:51:35.844Z,2026-09-02T11:51:35.844Z,0,2026-09-02T11:51:35.844Z,,,0b5a27da-5d48-4ed3-a9f4-1a7052a3fcea,
202609031359541092,202609031332601341,202609031332601326,85,3005,Bronze INV,br_ReAssessment,TASK_COMPLETE,SUCCESS,INFO,22,22,0,,2026-09-03T13:33:12.351Z,2026-09-03T13:59:59.406Z,1607,2026-09-03T13:59:59.406Z,B36,Asheville,ef652adf-cab1-42cd-a0bf-1cd03c8c16e7,SAMMS-AshevilleV5
202609031359541093,202609031332601342,202609031332601326,85,3006,Bronze INV,br_ReAssessment,TASK_COMPLETE,SUCCESS,INFO,2,2,0,,2026-09-03T13:33:12.351Z,2026-09-03T13:59:59.406Z,1607,2026-09-03T13:59:59.406Z,B37,Clyde,ef652adf-cab1-42cd-a0bf-1cd03c8c16e7,SAMMS-ClydeV5
202609031359541094,202609031332601343,202609031332601326,85,3007,Bronze INV,br_ReAssessment,TASK_COMPLETE,SUCCESS,INFO,1194,1194,0,,2026-09-03T13:33:12.351Z,2026-09-03T13:59:59.406Z,1607,2026-09-03T13:59:59.406Z,B38,Spartanburg,ef652adf-cab1-42cd-a0bf-1cd03c8c16e7,SAMMS-SpartanburgV5
202609031359541095,202609031332601344,202609031332601326,85,3008,Bronze INV,br_ReAssessment,TASK_COMPLETE,SUCCESS,INFO,367,367,0,,2026-09-03T13:33:12.351Z,2026-09-03T13:59:59.406Z,1607,2026-09-03T13:59:59.406Z,B39,Aiken,ef652adf-cab1-42cd-a0bf-1cd03c8c16e7,SAMMS-AikenV5
202609031359541096,202609031332601345,202609031332601326,85,3009,Bronze INV,br_ReAssessment,TASK_COMPLETE,SUCCESS,INFO,1907,1907,0,,2026-09-03T13:33:12.351Z,2026-09-03T13:59:59.406Z,1607,2026-09-03T13:59:59.406Z,B41,Chesapeake,ef652adf-cab1-42cd-a0bf-1cd03c8c16e7,SAMMS-ChesapeakeV5
202609031359541097,202609031332601346,202609031332601326,85,3010,Bronze INV,br_ReAssessment,TASK_COMPLETE,SUCCESS,INFO,1931,1931,0,,2026-09-03T13:33:12.351Z,2026-09-03T13:59:59.406Z,1607,2026-09-03T13:59:59.406Z,B42,Virginia Beach,ef652adf-cab1-42cd-a0bf-1cd03c8c16e7,SAMMS-VirginiaBeachV5
202609031359541098,202609031332601347,202609031332601326,85,3011,Bronze INV,br_ReAssessment,TASK_COMPLETE,SUCCESS,INFO,945,945,0,,2026-09-03T13:33:12.351Z,2026-09-03T13:59:59.406Z,1607,2026-09-03T13:59:59.406Z,B42A,Newport News,ef652adf-cab1-42cd-a0bf-1cd03c8c16e7,SAMMS-NewportNewsV5
202609031211570519,202609031145401789,202609031145401700,85,3134,Bronze INV,br_ReAssessment,TASK_COMPLETE,SUCCESS,INFO,0,0,0,,2026-09-03T11:45:45.517Z,2026-09-03T12:12:16.686Z,1591,2026-09-03T12:12:16.686Z,TEX,Texarkana,8e54a6a2-7031-4831-b2c0-8c5ea7811246,SAMMS-Texarkana
202609031211570521,202609031145401790,202609031145401700,85,3135,Bronze INV,br_ReAssessment,TASK_COMPLETE,SUCCESS,INFO,1,1,0,,2026-09-03T11:45:45.517Z,2026-09-03T12:12:16.686Z,1591,2026-09-03T12:12:16.686Z,TTCA,Bessemer,8e54a6a2-7031-4831-b2c0-8c5ea7811246,SAMMS-BessemerV5
202609031211570522,202609031145401791,202609031145401700,85,3136,Bronze INV,br_ReAssessment,TASK_COMPLETE,SUCCESS,INFO,0,0,0,,2026-09-03T11:45:45.517Z,2026-09-03T12:12:16.686Z,1591,2026-09-03T12:12:16.686Z,TTCB,Cullman,8e54a6a2-7031-4831-b2c0-8c5ea7811246,SAMMS-CullmanV5
202609031211570523,202609031145401792,202609031145401700,85,3137,Bronze INV,br_ReAssessment,TASK_COMPLETE,SUCCESS,INFO,0,0,0,,2026-09-03T11:45:45.517Z,2026-09-03T12:12:16.686Z,1591,2026-09-03T12:12:16.686Z,TTCC,Grand Bay,8e54a6a2-7031-4831-b2c0-8c5ea7811246,SAMMS-GrandBay
202609031211570524,202609031145401793,202609031145401700,85,3138,Bronze INV,br_ReAssessment,TASK_COMPLETE,SUCCESS,INFO,0,0,0,,2026-09-03T11:45:45.517Z,2026-09-03T12:12:16.686Z,1591,2026-09-03T12:12:16.686Z,TU,Tucson,8e54a6a2-7031-4831-b2c0-8c5ea7811246,SAMMS-Tucson
202609031211570525,202609031145401794,202609031145401700,85,3140,Bronze INV,br_ReAssessment,TASK_COMPLETE,SUCCESS,INFO,0,0,0,,2026-09-03T11:45:45.517Z,2026-09-03T12:12:16.686Z,1591,2026-09-03T12:12:16.686Z,V1,Memphis South,8e54a6a2-7031-4831-b2c0-8c5ea7811246,SAMMS-VCPHCS-I-MemphisV5
202609031211570526,202609031145401795,202609031145401700,85,3141,Bronze INV,br_ReAssessment,TASK_COMPLETE,SUCCESS,INFO,0,0,0,,2026-09-03T11:45:45.517Z,2026-09-03T12:12:16.686Z,1591,2026-09-03T12:12:16.686Z,V10,Longmont,8e54a6a2-7031-4831-b2c0-8c5ea7811246,SAMMS-BoulderV5
202609031211570527,202609031145401796,202609031145401700,85,3142,Bronze INV,br_ReAssessment,TASK_COMPLETE,SUCCESS,INFO,112,112,0,,2026-09-03T11:45:45.517Z,2026-09-03T12:12:16.686Z,1591,2026-09-03T12:12:16.686Z,V10A,Fort Collins,8e54a6a2-7031-4831-b2c0-8c5ea7811246,SAMMS-FortCollinsV5
202609021018523970,202609021000193800,202609021000193793,118,10907,Bronze P1/P2 Assessments,br_NewPeriodicReassessmentCounselorReview,TASK_COMPLETE,SUCCESS,INFO,329,329,0,,2026-09-02T10:00:23.575Z,2026-09-02T10:18:56.786Z,1113,2026-09-02T10:18:56.786Z,B24,Paintsville,ebc2f5e5-b7e4-40cf-8b56-f009f5871937,SAMMS-PaintsvilleV5
202609021129108147,202609021111416561,202609021111416554,118,10907,Bronze P1/P2 Assessments,br_NewPeriodicReassessmentCounselorReview,TASK_COMPLETE,SUCCESS,INFO,329,329,0,,2026-09-02T11:11:46.042Z,2026-09-02T11:29:14.318Z,1048,2026-09-02T11:29:14.318Z,B24,Paintsville,a7050713-a175-4eb1-950e-06e41274b859,SAMMS-PaintsvilleV5
202609021403463291,202609021343688401,202609021343688394,118,10907,Bronze P1/P2 Assessments,br_NewPeriodicReassessmentCounselorReview,TASK_COMPLETE,SUCCESS,INFO,330,330,0,,2026-09-02T13:44:13.671Z,2026-09-02T14:03:50.288Z,1177,2026-09-02T14:03:50.288Z,B24,Paintsville,ab787989-353e-4d3f-8e29-103715871a85,SAMMS-PaintsvilleV5
202609020526387089,202609020507368041,202609020507368034,118,10907,Bronze P1/P2 Assessments,br_NewPeriodicReassessmentCounselorReview,TASK_COMPLETE,SUCCESS,INFO,329,329,0,,2026-09-02T05:07:47.056Z,2026-09-02T05:26:44.695Z,1137,2026-09-02T05:26:44.695Z,B24,Paintsville,2b09f1a0-2915-47dd-851e-cacf6613827d,SAMMS-PaintsvilleV5
202609031359541107,202609031332601355,202609031332601326,85,3019,Bronze INV,br_ReAssessment,TASK_COMPLETE,SUCCESS,INFO,1306,1306,0,,2026-09-03T13:33:12.351Z,2026-09-03T13:59:59.406Z,1607,2026-09-03T13:59:59.406Z,B48,Tuscaloosa,ef652adf-cab1-42cd-a0bf-1cd03c8c16e7,SAMMS-TuscaloosaV5
202609031359541108,202609031332601356,202609031332601326,85,3028,Bronze INV,br_ReAssessment,TASK_COMPLETE,SUCCESS,INFO,5,5,0,,2026-09-03T13:33:12.351Z,2026-09-03T13:59:59.406Z,1607,2026-09-03T13:59:59.406Z,B51,N. Little Rock (OTP),ef652adf-cab1-42cd-a0bf-1cd03c8c16e7,SAMMS-NorthLittleRockV6
202609031359541109,202609031332601357,202609031332601326,85,3029,Bronze INV,br_ReAssessment,TASK_COMPLETE,SUCCESS,INFO,466,466,0,,2026-09-03T13:33:12.351Z,2026-09-03T13:59:59.406Z,1607,2026-09-03T13:59:59.406Z,B52,Jackson GA,ef652adf-cab1-42cd-a0bf-1cd03c8c16e7,SAMMS-JacksonGAV5
202609031359541110,202609031332601358,202609031332601326,85,3030,Bronze INV,br_ReAssessment,TASK_COMPLETE,SUCCESS,INFO,1711,1711,0,,2026-09-03T13:33:12.351Z,2026-09-03T13:59:59.406Z,1607,2026-09-03T13:59:59.406Z,B54,Gadsden,ef652adf-cab1-42cd-a0bf-1cd03c8c16e7,SAMMS-GadsdenV5
202609031359541111,202609031332601359,202609031332601326,85,3031,Bronze INV,br_ReAssessment,TASK_COMPLETE,SUCCESS,INFO,970,970,0,,2026-09-03T13:33:12.351Z,2026-09-03T13:59:59.406Z,1607,2026-09-03T13:59:59.406Z,B55,Shoals,ef652adf-cab1-42cd-a0bf-1cd03c8c16e7,SAMMS-ShoalsV5
202609031359541113,202609031332601360,202609031332601326,85,3032,Bronze INV,br_ReAssessment,TASK_COMPLETE,SUCCESS,INFO,296,296,0,,2026-09-03T13:33:12.351Z,2026-09-03T13:59:59.406Z,1607,2026-09-03T13:59:59.406Z,B57,Pawtucket,ef652adf-cab1-42cd-a0bf-1cd03c8c16e7,SAMMS-Pawtucket
202609031359541114,202609031332601361,202609031332601326,85,3033,Bronze INV,br_ReAssessment,TASK_COMPLETE,SUCCESS,INFO,559,559,0,,2026-09-03T13:33:12.351Z,2026-09-03T13:59:59.406Z,1607,2026-09-03T13:59:59.406Z,B57A,Johnston,ef652adf-cab1-42cd-a0bf-1cd03c8c16e7,SAMMS-Johnston
202609061929598672,202609061904281361,202609061904281249,85,4085,Bronze INV,br_ReAssessmentPhysicalHealth,TASK_COMPLETE,SUCCESS,INFO,1965,1965,0,,2026-09-06T19:04:34.627Z,2026-09-06T19:30:03.879Z,1529,2026-09-06T19:30:03.879Z,VBRP,Brooklyn Park,5cce37fd-5f38-41c5-90e1-d9efeb3bd245,SAMMS-BrooklynParkV6
202609061929598673,202609061904281362,202609061904281249,85,4087,Bronze INV,br_ReAssessmentPhysicalHealth,TASK_COMPLETE,SUCCESS,INFO,746,746,0,,2026-09-06T19:04:34.627Z,2026-09-06T19:30:03.879Z,1529,2026-09-06T19:30:03.879Z,VMIN,Minneapolis,5cce37fd-5f38-41c5-90e1-d9efeb3bd245,SAMMS-MinneapolisV6
202609061929598674,202609061904281363,202609061904281249,85,4088,Bronze INV,br_ReAssessmentPhysicalHealth,TASK_COMPLETE,SUCCESS,INFO,889,889,0,,2026-09-06T19:04:34.627Z,2026-09-06T19:30:03.879Z,1529,2026-09-06T19:30:03.879Z,VWBY,Woodbury,5cce37fd-5f38-41c5-90e1-d9efeb3bd245,SAMMS-WoodburyV6
202609061929598675,202609061904281364,202609061904281249,85,4090,Bronze INV,br_ReAssessmentPhysicalHealth,TASK_COMPLETE,SUCCESS,INFO,161,161,0,,2026-09-06T19:04:34.627Z,2026-09-06T19:30:03.879Z,1529,2026-09-06T19:30:03.879Z,WIL,Wilson,5cce37fd-5f38-41c5-90e1-d9efeb3bd245,SAMMS-Wilson
202608310919505170,202608310919505170,20260831083741,133,13722,MultiplePayor Secondary Payorv8 Silver,sl_multiplepayors,TASK_ALREADY_COMPLETED,ALREADY_COMPLETED,INFO,0,0,0,Already succeeded in previous attempt,2026-08-31T09:19:56.653Z,2026-08-31T09:19:56.653Z,0,2026-08-31T09:19:56.653Z,,,7cf15fc7-3164-41db-9237-c95ff39a8c98,
202609020846275213,202609020846275213,20260831121208,133,13722,MultiplePayor Secondary Payorv8 Silver,sl_multiplepayors,TASK_ALREADY_COMPLETED,ALREADY_COMPLETED,INFO,0,0,0,Already succeeded in previous attempt,2026-09-02T08:46:36.023Z,2026-09-02T08:46:36.023Z,0,2026-09-02T08:46:36.023Z,,,a248cb53-4f30-44b6-ac15-5cdc6c387758,
202608310713254192,202608310713254192,20260831060206,133,13722,MultiplePayor Secondary Payorv8 Silver,sl_multiplepayors,TASK_ALREADY_COMPLETED,ALREADY_COMPLETED,INFO,0,0,0,Already succeeded in previous attempt,2026-08-31T07:13:30.453Z,2026-08-31T07:13:30.453Z,0,2026-08-31T07:13:30.453Z,,,686b20a1-fc55-41ce-bf56-edc22eac8a37,
202609041734097497,202609041706274056,202609041706273944,85,4085,Bronze INV,br_ReAssessmentPhysicalHealth,TASK_COMPLETE,SUCCESS,INFO,1965,1965,0,,2026-09-04T17:06:35.444Z,2026-09-04T17:34:13.654Z,1658,2026-09-04T17:34:13.654Z,VBRP,Brooklyn Park,5652dc3b-8824-4606-a16d-f373dc1d2ada,SAMMS-BrooklynParkV6
202609041734097498,202609041706274057,202609041706273944,85,4087,Bronze INV,br_ReAssessmentPhysicalHealth,TASK_COMPLETE,SUCCESS,INFO,746,746,0,,2026-09-04T17:06:35.444Z,2026-09-04T17:34:13.654Z,1658,2026-09-04T17:34:13.654Z,VMIN,Minneapolis,5652dc3b-8824-4606-a16d-f373dc1d2ada,SAMMS-MinneapolisV6
202609041734097499,202609041706274058,202609041706273944,85,4088,Bronze INV,br_ReAssessmentPhysicalHealth,TASK_COMPLETE,SUCCESS,INFO,889,889,0,,2026-09-04T17:06:35.444Z,2026-09-04T17:34:13.654Z,1658,2026-09-04T17:34:13.654Z,VWBY,Woodbury,5652dc3b-8824-4606-a16d-f373dc1d2ada,SAMMS-WoodburyV6
202609041734097500,202609041706274059,202609041706273944,85,4090,Bronze INV,br_ReAssessmentPhysicalHealth,TASK_COMPLETE,SUCCESS,INFO,161,161,0,,2026-09-04T17:06:35.444Z,2026-09-04T17:34:13.654Z,1658,2026-09-04T17:34:13.654Z,WIL,Wilson,5652dc3b-8824-4606-a16d-f373dc1d2ada,SAMMS-Wilson
202608310525158037,202608310525158036,20260831034154,133,13722,MultiplePayor Secondary Payorv8 Silver,sl_multiplepayors,TASK_ALREADY_COMPLETED,ALREADY_COMPLETED,INFO,0,0,0,Already succeeded in previous attempt,2026-08-31T05:25:20.124Z,2026-08-31T05:25:20.124Z,0,2026-08-31T05:25:20.124Z,,,648551aa-4be1-43d5-9996-5e68064cace6,
202609031359541138,202609031332601383,202609031332601326,85,3086,Bronze INV,br_ReAssessment,TASK_COMPLETE,SUCCESS,INFO,1689,1689,0,,2026-09-03T13:33:12.351Z,2026-09-03T13:59:59.406Z,1607,2026-09-03T13:59:59.406Z,DRD-KVC,KVC,ef652adf-cab1-42cd-a0bf-1cd03c8c16e7,SAMMS-KVCv5
202609031359541139,202609031332601384,202609031332601326,85,3087,Bronze INV,br_ReAssessment,TASK_COMPLETE,SUCCESS,INFO,3214,3214,0,,2026-09-03T13:33:12.351Z,2026-09-03T13:59:59.406Z,1607,2026-09-03T13:59:59.406Z,DRD-NOLA,NOLA,ef652adf-cab1-42cd-a0bf-1cd03c8c16e7,SAMMS-NOLAv5
202609031359541140,202609031332601385,202609031332601326,85,3088,Bronze INV,br_ReAssessment,TASK_COMPLETE,SUCCESS,INFO,820,820,0,,2026-09-03T13:33:12.351Z,2026-09-03T13:59:59.406Z,1607,2026-09-03T13:59:59.406Z,DRD-SF,Springfield,ef652adf-cab1-42cd-a0bf-1cd03c8c16e7,SAMMS-SFv5
202609031359541141,202609031332601386,202609031332601326,85,3090,Bronze INV,br_ReAssessment,TASK_COMPLETE,SUCCESS,INFO,262,262,0,,2026-09-03T13:33:12.351Z,2026-09-03T13:59:59.406Z,1607,2026-09-03T13:59:59.406Z,ELC,Elizabeth City,ef652adf-cab1-42cd-a0bf-1cd03c8c16e7,SAMMS-ElizabethCity
202609031359541142,202609031332601387,202609031332601326,85,3091,Bronze INV,br_ReAssessment,TASK_COMPLETE,SUCCESS,INFO,128,128,0,,2026-09-03T13:33:12.351Z,2026-09-03T13:59:59.406Z,1607,2026-09-03T13:59:59.406Z,ET,Elizabethtown,ef652adf-cab1-42cd-a0bf-1cd03c8c16e7,SAMMS-Elizabethtown
202609031359541143,202609031332601388,202609031332601326,85,3092,Bronze INV,br_ReAssessment,TASK_COMPLETE,SUCCESS,INFO,0,0,0,,2026-09-03T13:33:12.351Z,2026-09-03T13:59:59.406Z,1607,2026-09-03T13:59:59.406Z,FAY,Fayetteville,ef652adf-cab1-42cd-a0bf-1cd03c8c16e7,SAMMS-Fayetteville
202609031359541144,202609031332601389,202609031332601326,85,3093,Bronze INV,br_ReAssessment,TASK_COMPLETE,SUCCESS,INFO,158,158,0,,2026-09-03T13:33:12.351Z,2026-09-03T13:59:59.406Z,1607,2026-09-03T13:59:59.406Z,FR,Frankfort,ef652adf-cab1-42cd-a0bf-1cd03c8c16e7,SAMMS-Frankfort
202609021018523971,202609021000193801,202609021000193793,118,10916,Bronze P1/P2 Assessments,br_NewPeriodicReassessmentCounselorReview,TASK_COMPLETE,SUCCESS,INFO,244,244,0,,2026-09-02T10:00:23.575Z,2026-09-02T10:18:56.786Z,1113,2026-09-02T10:18:56.786Z,B33,Paducah,ebc2f5e5-b7e4-40cf-8b56-f009f5871937,SAMMS-Paducah
202609021018523972,202609021000193802,202609021000193793,118,11091,Bronze P1/P2 Assessments,br_NewPeriodicReassessmentD2,TASK_COMPLETE,SUCCESS,INFO,0,0,0,,2026-09-02T10:00:23.575Z,2026-09-02T10:18:56.786Z,1113,2026-09-02T10:18:56.786Z,B24,Paintsville,ebc2f5e5-b7e4-40cf-8b56-f009f5871937,SAMMS-PaintsvilleV5
202609020851461820,202609020851461819,20260831092127,134,13727,Self Pay AR Aging with Last Payer_inDB Gold,self_pay_bulk,TASK_ALREADY_COMPLETED,ALREADY_COMPLETED,INFO,0,0,0,Already succeeded in previous attempt,2026-09-02T08:51:51.397Z,2026-09-02T08:51:51.397Z,0,2026-09-02T08:51:51.397Z,,,a248cb53-4f30-44b6-ac15-5cdc6c387758,
202608310533036093,202608310533036093,20260831035644,134,13727,Self Pay AR Aging with Last Payer_inDB Gold,self_pay_bulk,TASK_ALREADY_COMPLETED,ALREADY_COMPLETED,INFO,0,0,0,Already succeeded in previous attempt,2026-08-31T05:33:13.852Z,2026-08-31T05:33:13.852Z,0,2026-08-31T05:33:13.852Z,,,648551aa-4be1-43d5-9996-5e68064cace6,
202609031359541075,202609031332601327,202609031332601326,85,2990,Bronze INV,br_ReAssessment,TASK_COMPLETE,SUCCESS,INFO,37,37,0,,2026-09-03T13:33:12.351Z,2026-09-03T13:59:59.406Z,1607,2026-09-03T13:59:59.406Z,AHK,Ahoskie,ef652adf-cab1-42cd-a0bf-1cd03c8c16e7,SAMMS-Ahoskie
202609031359541077,202609031332601328,202609031332601326,85,2991,Bronze INV,br_ReAssessment,TASK_COMPLETE,SUCCESS,INFO,675,675,0,,2026-09-03T13:33:12.351Z,2026-09-03T13:59:59.406Z,1607,2026-09-03T13:59:59.406Z,B12B,Colorado Springs,ef652adf-cab1-42cd-a0bf-1cd03c8c16e7,SAMMS-ColoradoSpringsV5
202609031359541078,202609031332601329,202609031332601326,85,2992,Bronze INV,br_ReAssessment,TASK_COMPLETE,SUCCESS,INFO,848,848,0,,2026-09-03T13:33:12.351Z,2026-09-03T13:59:59.406Z,1607,2026-09-03T13:59:59.406Z,B24,Paintsville,ef652adf-cab1-42cd-a0bf-1cd03c8c16e7,SAMMS-PaintsvilleV5
202609031359541079,202609031332601330,202609031332601326,85,2993,Bronze INV,br_ReAssessment,TASK_COMPLETE,SUCCESS,INFO,649,649,0,,2026-09-03T13:33:12.351Z,2026-09-03T13:59:59.406Z,1607,2026-09-03T13:59:59.406Z,B25,Pikeville,ef652adf-cab1-42cd-a0bf-1cd03c8c16e7,SAMMS-PikevilleV5
202609031359541080,202609031332601331,202609031332601326,85,2994,Bronze INV,br_ReAssessment,TASK_COMPLETE,SUCCESS,INFO,972,972,0,,2026-09-03T13:33:12.351Z,2026-09-03T13:59:59.406Z,1607,2026-09-03T13:59:59.406Z,B26,Hazard,ef652adf-cab1-42cd-a0bf-1cd03c8c16e7,SAMMS-HazardV5
202609031359541082,202609031332601332,202609031332601326,85,2995,Bronze INV,br_ReAssessment,TASK_COMPLETE,SUCCESS,INFO,538,538,0,,2026-09-03T13:33:12.351Z,2026-09-03T13:59:59.406Z,1607,2026-09-03T13:59:59.406Z,B27,Savannah,ef652adf-cab1-42cd-a0bf-1cd03c8c16e7,SAMMS-SavannahV6
202609031359541083,202609031332601333,202609031332601326,85,2996,Bronze INV,br_ReAssessment,TASK_COMPLETE,SUCCESS,INFO,249,249,0,,2026-09-03T13:33:12.351Z,2026-09-03T13:59:59.406Z,1607,2026-09-03T13:59:59.406Z,B28,West Plains,ef652adf-cab1-42cd-a0bf-1cd03c8c16e7,SAMMS-WestPlainesV5
202609021403463292,202609021343688402,202609021343688394,118,10916,Bronze P1/P2 Assessments,br_NewPeriodicReassessmentCounselorReview,TASK_COMPLETE,SUCCESS,INFO,244,244,0,,2026-09-02T13:44:13.671Z,2026-09-02T14:03:50.288Z,1177,2026-09-02T14:03:50.288Z,B33,Paducah,ab787989-353e-4d3f-8e29-103715871a85,SAMMS-Paducah
202609021403463293,202609021343688403,202609021343688394,118,11091,Bronze P1/P2 Assessments,br_NewPeriodicReassessmentD2,TASK_COMPLETE,SUCCESS,INFO,0,0,0,,2026-09-02T13:44:13.671Z,2026-09-02T14:03:50.288Z,1177,2026-09-02T14:03:50.288Z,B24,Paintsville,ab787989-353e-4d3f-8e29-103715871a85,SAMMS-PaintsvilleV5
202609021129108148,202609021111416562,202609021111416554,118,10916,Bronze P1/P2 Assessments,br_NewPeriodicReassessmentCounselorReview,TASK_COMPLETE,SUCCESS,INFO,244,244,0,,2026-09-02T11:11:46.042Z,2026-09-02T11:29:14.318Z,1048,2026-09-02T11:29:14.318Z,B33,Paducah,a7050713-a175-4eb1-950e-06e41274b859,SAMMS-Paducah
202609021129108149,202609021111416563,202609021111416554,118,11091,Bronze P1/P2 Assessments,br_NewPeriodicReassessmentD2,TASK_COMPLETE,SUCCESS,INFO,0,0,0,,2026-09-02T11:11:46.042Z,2026-09-02T11:29:14.318Z,1048,2026-09-02T11:29:14.318Z,B24,Paintsville,a7050713-a175-4eb1-950e-06e41274b859,SAMMS-PaintsvilleV5
202609040855303499,202609040855303499,20260904085233,135,13740,Salesforce Callback List User,br_sf_user_cl,TASK_FAILED,FAILED,ERROR,0,0,0,Invalid Salesforce RequestBody JSON: Expecting value: line 1 column 1 (char 0),2026-09-04T08:55:36.742Z,2026-09-04T08:55:48.580Z,10,2026-09-04T08:55:48.580Z,,,7501b0da-7d11-4d30-821d-f187e882cb70,
202609031143187561,202609031143187561,202608171018106132,83,6807,Silver Salesforce Patient Surveys,sl_sf_patientsurveys,TASK_ALREADY_COMPLETED,ALREADY_COMPLETED,INFO,0,0,0,Already succeeded in previous attempt,2026-09-03T11:43:24.357Z,2026-09-03T11:43:24.357Z,0,2026-09-03T11:43:24.357Z,,,b5204bb1-5640-4c52-9143-fe923aba5573,
202609041214366327,202609041214366327,202608150818522823,83,6807,Silver Salesforce Patient Surveys,sl_sf_patientsurveys,TASK_ALREADY_COMPLETED,ALREADY_COMPLETED,INFO,0,0,0,Already succeeded in previous attempt,2026-09-04T12:14:46.853Z,2026-09-04T12:14:46.853Z,0,2026-09-04T12:14:46.853Z,,,6ab129c1-fb62-4518-bfad-8f6d8d29c3ca,
202609021738484030,202609021738484029,202608201136586561,83,6807,Silver Salesforce Patient Surveys,sl_sf_patientsurveys,TASK_ALREADY_COMPLETED,ALREADY_COMPLETED,INFO,0,0,0,Already succeeded in previous attempt,2026-09-02T17:38:54.141Z,2026-09-02T17:38:54.141Z,0,2026-09-02T17:38:54.141Z,,,0d5be434-3f1a-4f4b-ae90-f0c48a55ec54,
202609020526387085,202609020507368037,202609020507368034,118,10539,Bronze P1/P2 Assessments,br_NewAdmissionAssessmentASAMDimension6,TASK_COMPLETE,SUCCESS,INFO,290,290,0,,2026-09-02T05:07:47.056Z,2026-09-02T05:26:44.695Z,1137,2026-09-02T05:26:44.695Z,B24,Paintsville,2b09f1a0-2915-47dd-851e-cacf6613827d,SAMMS-PaintsvilleV5
202609021129108248,202609021111416573,202609021111416554,118,12011,Bronze P1/P2 Assessments,br_NewAdmissionAssessmentASAMDimension2,TASK_COMPLETE,SUCCESS,INFO,284,284,0,,2026-09-02T11:11:46.042Z,2026-09-02T11:29:14.318Z,1048,2026-09-02T11:29:14.318Z,B24,Paintsville,a7050713-a175-4eb1-950e-06e41274b859,SAMMS-PaintsvilleV5
202609020526387107,202609020507368057,202609020507368034,118,12379,Bronze P1/P2 Assessments,br_NewAdmissionAssessmentASAMDimension5,TASK_COMPLETE,SUCCESS,INFO,284,284,0,,2026-09-02T05:07:47.056Z,2026-09-02T05:26:44.695Z,1137,2026-09-02T05:26:44.695Z,B24,Paintsville,2b09f1a0-2915-47dd-851e-cacf6613827d,SAMMS-PaintsvilleV5
202609020526387103,202609020507368053,202609020507368034,118,12011,Bronze P1/P2 Assessments,br_NewAdmissionAssessmentASAMDimension2,TASK_COMPLETE,SUCCESS,INFO,284,284,0,,2026-09-02T05:07:47.056Z,2026-09-02T05:26:44.695Z,1137,2026-09-02T05:26:44.695Z,B24,Paintsville,2b09f1a0-2915-47dd-851e-cacf6613827d,SAMMS-PaintsvilleV5
202609020526387105,202609020507368055,202609020507368034,118,12195,Bronze P1/P2 Assessments,br_NewAdmissionAssessmentASAMDimension4,TASK_COMPLETE,SUCCESS,INFO,285,285,0,,2026-09-02T05:07:47.056Z,2026-09-02T05:26:44.695Z,1137,2026-09-02T05:26:44.695Z,B24,Paintsville,2b09f1a0-2915-47dd-851e-cacf6613827d,SAMMS-PaintsvilleV5
202609021018523984,202609021000193812,202609021000193793,118,12011,Bronze P1/P2 Assessments,br_NewAdmissionAssessmentASAMDimension2,TASK_COMPLETE,SUCCESS,INFO,284,284,0,,2026-09-02T10:00:23.575Z,2026-09-02T10:18:56.786Z,1113,2026-09-02T10:18:56.786Z,B24,Paintsville,ebc2f5e5-b7e4-40cf-8b56-f009f5871937,SAMMS-PaintsvilleV5
202609021403463305,202609021343688413,202609021343688394,118,12011,Bronze P1/P2 Assessments,br_NewAdmissionAssessmentASAMDimension2,TASK_COMPLETE,SUCCESS,INFO,284,284,0,,2026-09-02T13:44:13.671Z,2026-09-02T14:03:50.288Z,1177,2026-09-02T14:03:50.288Z,B24,Paintsville,ab787989-353e-4d3f-8e29-103715871a85,SAMMS-PaintsvilleV5
202609031211570440,202609031145401717,202609031145401700,85,3007,Bronze INV,br_ReAssessment,TASK_COMPLETE,SUCCESS,INFO,0,0,0,,2026-09-03T11:45:45.517Z,2026-09-03T12:12:16.686Z,1591,2026-09-03T12:12:16.686Z,B38,Spartanburg,8e54a6a2-7031-4831-b2c0-8c5ea7811246,SAMMS-SpartanburgV5
202609031211570441,202609031145401718,202609031145401700,85,3008,Bronze INV,br_ReAssessment,TASK_COMPLETE,SUCCESS,INFO,0,0,0,,2026-09-03T11:45:45.517Z,2026-09-03T12:12:16.686Z,1591,2026-09-03T12:12:16.686Z,B39,Aiken,8e54a6a2-7031-4831-b2c0-8c5ea7811246,SAMMS-AikenV5
202609031211570442,202609031145401719,202609031145401700,85,3009,Bronze INV,br_ReAssessment,TASK_COMPLETE,SUCCESS,INFO,0,0,0,,2026-09-03T11:45:45.517Z,2026-09-03T12:12:16.686Z,1591,2026-09-03T12:12:16.686Z,B41,Chesapeake,8e54a6a2-7031-4831-b2c0-8c5ea7811246,SAMMS-ChesapeakeV5
202609031211570444,202609031145401720,202609031145401700,85,3010,Bronze INV,br_ReAssessment,TASK_COMPLETE,SUCCESS,INFO,0,0,0,,2026-09-03T11:45:45.517Z,2026-09-03T12:12:16.686Z,1591,2026-09-03T12:12:16.686Z,B42,Virginia Beach,8e54a6a2-7031-4831-b2c0-8c5ea7811246,SAMMS-VirginiaBeachV5
202609031211570445,202609031145401721,202609031145401700,85,3011,Bronze INV,br_ReAssessment,TASK_COMPLETE,SUCCESS,INFO,0,0,0,,2026-09-03T11:45:45.517Z,2026-09-03T12:12:16.686Z,1591,2026-09-03T12:12:16.686Z,B42A,Newport News,8e54a6a2-7031-4831-b2c0-8c5ea7811246,SAMMS-NewportNewsV5
202609031211570446,202609031145401722,202609031145401700,85,3012,Bronze INV,br_ReAssessment,TASK_COMPLETE,SUCCESS,INFO,0,0,0,,2026-09-03T11:45:45.517Z,2026-09-03T12:12:16.686Z,1591,2026-09-03T12:12:16.686Z,B42B,Franklin,8e54a6a2-7031-4831-b2c0-8c5ea7811246,SAMMS-FranklinV5
202609031211570447,202609031145401723,202609031145401700,85,3013,Bronze INV,br_ReAssessment,TASK_COMPLETE,SUCCESS,INFO,0,0,0,,2026-09-03T11:45:45.517Z,2026-09-03T12:12:16.686Z,1591,2026-09-03T12:12:16.686Z,B42C,Glen Allen,8e54a6a2-7031-4831-b2c0-8c5ea7811246,SAMMS-GlenAllenV5
202609031211570448,202609031145401724,202609031145401700,85,3014,Bronze INV,br_ReAssessment,TASK_COMPLETE,SUCCESS,INFO,0,0,0,,2026-09-03T11:45:45.517Z,2026-09-03T12:12:16.686Z,1591,2026-09-03T12:12:16.686Z,B42D,Chesapeake South,8e54a6a2-7031-4831-b2c0-8c5ea7811246,SAMMS-ChesapeakeSouthV5
202609020941545444,202609020941545445,20260902094154,110,8612,nb_cashflow_brz_to_,sl_BankTransactions,TASK_FAILED,FAILED,ERROR,0,0,1,No EtlConfig found for PipelineName: ''nb_cashflow_brz_to_'' after 3 retry attempts,2026-09-02T09:41:54.544Z,2026-09-02T09:41:54.544Z,0,2026-09-02T09:41:54.544Z,,,6e13f9c9-c1e3-4ae1-8bc9-f0c91263fbeb,
202609071241278564,202609071241278564,20260907124111,101,13669,Silver QQ_GLTRAN,sl_QQgltran,TASK_DEPENDENCY_BLOCKED,DEPENDENCY_BLOCKED,WARN,0,0,0,Dependency Failed: Tier 2 Upstream Bronze Task (13668) failed today,2026-09-07T12:41:39.736Z,2026-09-07T12:41:39.736Z,0,2026-09-07T12:41:39.736Z,,,03d14284-f9c3-4d2e-9729-2e3083b8d33e,
202609010526537873,202609010503273344,202609010503273335,46,9645,P1 Finance Claim Line Item Activity Bronze - AHK,br_samms_claim_line_item_activity,TASK_COMPLETE,SUCCESS,INFO,22914,22914,0,,2026-09-01T05:03:56.880Z,2026-09-01T05:26:57.186Z,1381,2026-09-01T05:26:57.186Z,AHK,Ahoskie,75a93e02-eb8a-4b20-981c-b48401997d72,SAMMS-Ahoskie
202609010526537874,202609010503273345,202609010503273335,46,9763,P1 Finance Claims Bronze - AHK,br_samms_claims,TASK_COMPLETE,SUCCESS,INFO,11577,11577,0,,2026-09-01T05:03:56.880Z,2026-09-01T05:26:57.186Z,1381,2026-09-01T05:26:57.186Z,AHK,Ahoskie,75a93e02-eb8a-4b20-981c-b48401997d72,SAMMS-Ahoskie
202608310530168876,202608310530168876,20260831035644,134,13713,3rd Party Claims with Payment Gold,Third_Party_AR_inDB,TASK_ALREADY_COMPLETED,ALREADY_COMPLETED,INFO,0,0,0,Already succeeded in previous attempt,2026-08-31T05:30:21.389Z,2026-08-31T05:30:21.389Z,0,2026-08-31T05:30:21.389Z,,,648551aa-4be1-43d5-9996-5e68064cace6,
202609020849250480,202609020849250480,20260831092127,134,13713,3rd Party Claims with Payment Gold,Third_Party_AR_inDB,TASK_ALREADY_COMPLETED,ALREADY_COMPLETED,INFO,0,0,0,Already succeeded in previous attempt,2026-09-02T08:49:31.765Z,2026-09-02T08:49:31.765Z,0,2026-09-02T08:49:31.765Z,,,a248cb53-4f30-44b6-ac15-5cdc6c387758,
202609021910196794,202609021910196794,20260902191008,105,6814,Gold Active Directory AADUsers,AADUsers,TASK_DEPENDENCY_BLOCKED,DEPENDENCY_BLOCKED,ERROR,0,0,1,Dependency 6813 not satisfied for this PipelineRunId,2026-09-02T19:10:50.162Z,2026-09-02T19:10:50.162Z,0,2026-09-02T19:10:50.162Z,,,0e8d5b3d-15fb-4d15-a709-4bc42edc4508,
202609071930403887,202609071904636279,202609071904636230,85,3996,Bronze INV,br_ReAssessmentPhysicalHealth,TASK_COMPLETE,SUCCESS,INFO,2590,2590,0,,2026-09-07T19:05:10.929Z,2026-09-07T19:30:45.588Z,1535,2026-09-07T19:30:45.588Z,D07,Medical Services Knox TN,fc48ec9c-d1b8-4775-bd67-583e82846e52,SAMMS-KnoxvilleV6
202609071930403888,202609071904636280,202609071904636230,85,3997,Bronze INV,br_ReAssessmentPhysicalHealth,TASK_COMPLETE,SUCCESS,INFO,116,116,0,,2026-09-07T19:05:10.929Z,2026-09-07T19:30:45.588Z,1535,2026-09-07T19:30:45.588Z,D08,Madison,fc48ec9c-d1b8-4775-bd67-583e82846e52,SAMMS-MadisonV6
202609071930403889,202609071904636281,202609071904636230,85,3999,Bronze INV,br_ReAssessmentPhysicalHealth,TASK_COMPLETE,SUCCESS,INFO,123,123,0,,2026-09-07T19:05:10.929Z,2026-09-07T19:30:45.588Z,1535,2026-09-07T19:30:45.588Z,D09,Murfreesboro,fc48ec9c-d1b8-4775-bd67-583e82846e52,SAMMS-MurfreesboroV6
202609071930403890,202609071904636282,202609071904636230,85,4000,Bronze INV,br_ReAssessmentPhysicalHealth,TASK_COMPLETE,SUCCESS,INFO,337,337,0,,2026-09-07T19:05:10.929Z,2026-09-07T19:30:45.588Z,1535,2026-09-07T19:30:45.588Z,DA,Davenport,fc48ec9c-d1b8-4775-bd67-583e82846e52,SAMMS-Davenport
202609071930403879,202609071904636273,202609071904636230,85,3966,Bronze INV,br_ReAssessmentPhysicalHealth,TASK_COMPLETE,SUCCESS,INFO,0,0,0,,2026-09-07T19:05:10.929Z,2026-09-07T19:30:45.588Z,1535,2026-09-07T19:30:45.588Z,B76,Huntsville OBOT,fc48ec9c-d1b8-4775-bd67-583e82846e52,SAMMS-Huntsville-OBOT
202609071930403881,202609071904636274,202609071904636230,85,3967,Bronze INV,br_ReAssessmentPhysicalHealth,TASK_COMPLETE,SUCCESS,INFO,0,0,0,,2026-09-07T19:05:10.929Z,2026-09-07T19:30:45.588Z,1535,2026-09-07T19:30:45.588Z,BAT,Batesville,fc48ec9c-d1b8-4775-bd67-583e82846e52,SAMMS-Batesville
202609071930403882,202609071904636275,202609071904636230,85,3968,Bronze INV,br_ReAssessmentPhysicalHealth,TASK_COMPLETE,SUCCESS,INFO,461,461,0,,2026-09-07T19:05:10.929Z,2026-09-07T19:30:45.588Z,1535,2026-09-07T19:30:45.588Z,BG,Bowling Green,fc48ec9c-d1b8-4775-bd67-583e82846e52,SAMMS-BowlingGreen
202609071930403883,202609071904636276,202609071904636230,85,3969,Bronze INV,br_ReAssessmentPhysicalHealth,TASK_COMPLETE,SUCCESS,INFO,179,179,0,,2026-09-07T19:05:10.929Z,2026-09-07T19:30:45.588Z,1535,2026-09-07T19:30:45.588Z,BOI,Boise,fc48ec9c-d1b8-4775-bd67-583e82846e52,SAMMS-Boise
202609051930319733,202609051904109260,202609051904109217,85,3966,Bronze INV,br_ReAssessmentPhysicalHealth,TASK_COMPLETE,SUCCESS,INFO,0,0,0,,2026-09-05T19:04:18.404Z,2026-09-05T19:30:36.887Z,1578,2026-09-05T19:30:36.887Z,B76,Huntsville OBOT,a7cfa2a8-4e03-4cce-a64e-9a92e6e67f12,SAMMS-Huntsville-OBOT
202609051930319735,202609051904109261,202609051904109217,85,3967,Bronze INV,br_ReAssessmentPhysicalHealth,TASK_COMPLETE,SUCCESS,INFO,0,0,0,,2026-09-05T19:04:18.404Z,2026-09-05T19:30:36.887Z,1578,2026-09-05T19:30:36.887Z,BAT,Batesville,a7cfa2a8-4e03-4cce-a64e-9a92e6e67f12,SAMMS-Batesville
202609051930319736,202609051904109262,202609051904109217,85,3968,Bronze INV,br_ReAssessmentPhysicalHealth,TASK_COMPLETE,SUCCESS,INFO,461,461,0,,2026-09-05T19:04:18.404Z,2026-09-05T19:30:36.887Z,1578,2026-09-05T19:30:36.887Z,BG,Bowling Green,a7cfa2a8-4e03-4cce-a64e-9a92e6e67f12,SAMMS-BowlingGreen
202609051930319737,202609051904109263,202609051904109217,85,3969,Bronze INV,br_ReAssessmentPhysicalHealth,TASK_COMPLETE,SUCCESS,INFO,179,179,0,,2026-09-05T19:04:18.404Z,2026-09-05T19:30:36.887Z,1578,2026-09-05T19:30:36.887Z,BOI,Boise,a7cfa2a8-4e03-4cce-a64e-9a92e6e67f12,SAMMS-Boise
202609051930319740,202609051904109266,202609051904109217,85,3996,Bronze INV,br_ReAssessmentPhysicalHealth,TASK_COMPLETE,SUCCESS,INFO,2590,2590,0,,2026-09-05T19:04:18.404Z,2026-09-05T19:30:36.887Z,1578,2026-09-05T19:30:36.887Z,D07,Medical Services Knox TN,a7cfa2a8-4e03-4cce-a64e-9a92e6e67f12,SAMMS-KnoxvilleV6
202609051930319741,202609051904109267,202609051904109217,85,3997,Bronze INV,br_ReAssessmentPhysicalHealth,TASK_COMPLETE,SUCCESS,INFO,116,116,0,,2026-09-05T19:04:18.404Z,2026-09-05T19:30:36.887Z,1578,2026-09-05T19:30:36.887Z,D08,Madison,a7cfa2a8-4e03-4cce-a64e-9a92e6e67f12,SAMMS-MadisonV6
202609051930319743,202609051904109268,202609051904109217,85,3999,Bronze INV,br_ReAssessmentPhysicalHealth,TASK_COMPLETE,SUCCESS,INFO,123,123,0,,2026-09-05T19:04:18.404Z,2026-09-05T19:30:36.887Z,1578,2026-09-05T19:30:36.887Z,D09,Murfreesboro,a7cfa2a8-4e03-4cce-a64e-9a92e6e67f12,SAMMS-MurfreesboroV6
202609051930319744,202609051904109269,202609051904109217,85,4000,Bronze INV,br_ReAssessmentPhysicalHealth,TASK_COMPLETE,SUCCESS,INFO,337,337,0,,2026-09-05T19:04:18.404Z,2026-09-05T19:30:36.887Z,1578,2026-09-05T19:30:36.887Z,DA,Davenport,a7cfa2a8-4e03-4cce-a64e-9a92e6e67f12,SAMMS-Davenport
202608311230350075,202608311230350075,20260831092127,134,13725,Commercial_Deductions Final Gold,CommercialDed,GOLD_ZERO,SUCCESS,WARN,0,0,0,Gold transformation resulted in 0 rows for Commercial_Deductions Final Gold,2026-08-31T12:30:40.204Z,2026-08-31T12:31:04.795Z,10,2026-08-31T12:31:04.795Z,,,73ab084e-6be8-4233-a81c-8f049414a380,
202608310404131710,202608310404131710,20260831035644,134,13725,Commercial_Deductions Final Gold,CommercialDed,GOLD_ZERO,SUCCESS,WARN,0,0,0,Gold transformation resulted in 0 rows for Commercial_Deductions Final Gold,2026-08-31T04:04:23.380Z,2026-08-31T04:04:52.045Z,16,2026-08-31T04:04:52.045Z,,,c3e41f3e-c233-4445-a786-d0d98a8613bd,
202609041134547102,202609041134547103,20260904113454,129,13684,3P Balances,sl_tbl_Third_Party_AR_inDB_Balances,TASK_FAILED,FAILED,ERROR,0,0,1,"unterminated string literal (detected at line 9) (1662350524.py, line 9)",2026-09-04T11:34:54.710Z,2026-09-04T11:34:54.710Z,0,2026-09-04T11:34:54.710Z,,,35e3d175-68e5-4864-86a4-67a2d101ed5b,
202609041101229154,202609041101229155,20260904110122,129,13684,3P Balances,sl_tbl_Third_Party_AR_inDB_Balances,TASK_FAILED,FAILED,ERROR,0,0,1,"unterminated string literal (detected at line 9) (1662350524.py, line 9)",2026-09-04T11:01:22.915Z,2026-09-04T11:01:22.915Z,0,2026-09-04T11:01:22.915Z,,,759de435-383c-4e56-9d6c-6935261c3349,
202609080341599088,202609080341599089,20260908034159,129,13684,3P Balances,sl_tbl_Third_Party_AR_inDB_Balances,TASK_FAILED,FAILED,ERROR,0,0,1,"unterminated string literal (detected at line 9) (1662350524.py, line 9)",2026-09-08T03:41:59.908Z,2026-09-08T03:41:59.908Z,0,2026-09-08T03:41:59.908Z,,,e50fe6ac-fb66-43cd-a237-857d720a753a,
202609030600250933,202609030600250934,20260903060025,129,13684,3P Balances,sl_tbl_Third_Party_AR_inDB_Balances,TASK_FAILED,FAILED,ERROR,0,0,1,"unterminated string literal (detected at line 9) (1662350524.py, line 9)",2026-09-03T06:00:25.093Z,2026-09-03T06:00:25.093Z,0,2026-09-03T06:00:25.093Z,,,5938517a-ef43-4c65-8695-d5cf87dbd468,
202609041734097394,202609041706273966,202609041706273944,85,3932,Bronze INV,br_ReAssessmentPhysicalHealth,TASK_COMPLETE,SUCCESS,INFO,508,508,0,,2026-09-04T17:06:35.444Z,2026-09-04T17:34:13.654Z,1658,2026-09-04T17:34:13.654Z,B42B,Franklin,5652dc3b-8824-4606-a16d-f373dc1d2ada,SAMMS-FranklinV5
202609041734097395,202609041706273967,202609041706273944,85,3933,Bronze INV,br_ReAssessmentPhysicalHealth,TASK_COMPLETE,SUCCESS,INFO,346,346,0,,2026-09-04T17:06:35.444Z,2026-09-04T17:34:13.654Z,1658,2026-09-04T17:34:13.654Z,B42C,Glen Allen,5652dc3b-8824-4606-a16d-f373dc1d2ada,SAMMS-GlenAllenV5
202609041734097396,202609041706273968,202609041706273944,85,3934,Bronze INV,br_ReAssessmentPhysicalHealth,TASK_COMPLETE,SUCCESS,INFO,1487,1487,0,,2026-09-04T17:06:35.444Z,2026-09-04T17:34:13.654Z,1658,2026-09-04T17:34:13.654Z,B42D,Chesapeake South,5652dc3b-8824-4606-a16d-f373dc1d2ada,SAMMS-ChesapeakeSouthV5
202608310619541303,202608310619541303,20260831061556,134,13725,Commercial_Deductions Final Gold,CommercialDed,GOLD_ZERO,SUCCESS,WARN,0,0,0,Gold transformation resulted in 0 rows for Commercial_Deductions Final Gold,2026-08-31T06:19:58.066Z,2026-08-31T06:20:14.535Z,6,2026-08-31T06:20:14.535Z,,,1de5cf99-6b82-4338-b3fe-396114f7957f,
202609031200372952,202609031200372952,20260903115613,134,13725,Commercial_Deductions Final Gold,CommercialDed,GOLD_ZERO,SUCCESS,WARN,0,0,0,Gold transformation resulted in 0 rows for Commercial_Deductions Final Gold,2026-09-03T12:00:41.953Z,2026-09-03T12:00:55.617Z,7,2026-09-03T12:00:55.617Z,,,1426a45f-7ba5-45f5-b808-280584111092,
202609061929598571,202609061904281271,202609061904281249,85,3932,Bronze INV,br_ReAssessmentPhysicalHealth,TASK_COMPLETE,SUCCESS,INFO,508,508,0,,2026-09-06T19:04:34.627Z,2026-09-06T19:30:03.879Z,1529,2026-09-06T19:30:03.879Z,B42B,Franklin,5cce37fd-5f38-41c5-90e1-d9efeb3bd245,SAMMS-FranklinV5
202609061929598572,202609061904281272,202609061904281249,85,3933,Bronze INV,br_ReAssessmentPhysicalHealth,TASK_COMPLETE,SUCCESS,INFO,346,346,0,,2026-09-06T19:04:34.627Z,2026-09-06T19:30:03.879Z,1529,2026-09-06T19:30:03.879Z,B42C,Glen Allen,5cce37fd-5f38-41c5-90e1-d9efeb3bd245,SAMMS-GlenAllenV5
202609061929598573,202609061904281273,202609061904281249,85,3934,Bronze INV,br_ReAssessmentPhysicalHealth,TASK_COMPLETE,SUCCESS,INFO,1487,1487,0,,2026-09-06T19:04:34.627Z,2026-09-06T19:30:03.879Z,1529,2026-09-06T19:30:03.879Z,B42D,Chesapeake South,5cce37fd-5f38-41c5-90e1-d9efeb3bd245,SAMMS-ChesapeakeSouthV5
202609040843204504,202609040843204503,20260904075815,109,8608,Bronze Wells Transactions,br_cashflow_transactions,TASK_SKIPPED,SKIPPED,INFO,0,0,0,Task already completed successfully in earlier attempt of this Run,2026-09-04T08:43:20.450Z,2026-09-04T08:43:32.111Z,0,2026-09-04T08:43:32.111Z,,,d42c3a80-d402-47a6-9d0e-a2f670f0338a,
202609032049325064,202609032049325063,20260903203732,109,8608,Bronze Wells Transactions,br_cashflow_transactions,TASK_SKIPPED,SKIPPED,INFO,0,0,0,Task already completed successfully in earlier attempt of this Run,2026-09-03T20:49:32.506Z,2026-09-03T20:49:41.709Z,0,2026-09-03T20:49:41.709Z,,,cf6c7c8f-6ed2-4b6a-8a3f-4a5233cb59d5,
202609021403463285,202609021343688396,202609021343688394,118,10364,Bronze P1/P2 Assessments,br_NewAdmissionAssessment,TASK_COMPLETE,SUCCESS,INFO,191,191,0,,2026-09-02T13:44:13.671Z,2026-09-02T14:03:50.288Z,1177,2026-09-02T14:03:50.288Z,B33,Paducah,ab787989-353e-4d3f-8e29-103715871a85,SAMMS-Paducah
202609021403463286,202609021343688397,202609021343688394,118,10539,Bronze P1/P2 Assessments,br_NewAdmissionAssessmentASAMDimension6,TASK_COMPLETE,SUCCESS,INFO,290,290,0,,2026-09-02T13:44:13.671Z,2026-09-02T14:03:50.288Z,1177,2026-09-02T14:03:50.288Z,B24,Paintsville,ab787989-353e-4d3f-8e29-103715871a85,SAMMS-PaintsvilleV5
202609021018523964,202609021000193795,202609021000193793,118,10364,Bronze P1/P2 Assessments,br_NewAdmissionAssessment,TASK_COMPLETE,SUCCESS,INFO,191,191,0,,2026-09-02T10:00:23.575Z,2026-09-02T10:18:56.786Z,1113,2026-09-02T10:18:56.786Z,B33,Paducah,ebc2f5e5-b7e4-40cf-8b56-f009f5871937,SAMMS-Paducah
202609021018523965,202609021000193796,202609021000193793,118,10539,Bronze P1/P2 Assessments,br_NewAdmissionAssessmentASAMDimension6,TASK_COMPLETE,SUCCESS,INFO,290,290,0,,2026-09-02T10:00:23.575Z,2026-09-02T10:18:56.786Z,1113,2026-09-02T10:18:56.786Z,B24,Paintsville,ebc2f5e5-b7e4-40cf-8b56-f009f5871937,SAMMS-PaintsvilleV5
202609021129108141,202609021111416556,202609021111416554,118,10364,Bronze P1/P2 Assessments,br_NewAdmissionAssessment,TASK_COMPLETE,SUCCESS,INFO,191,191,0,,2026-09-02T11:11:46.042Z,2026-09-02T11:29:14.318Z,1048,2026-09-02T11:29:14.318Z,B33,Paducah,a7050713-a175-4eb1-950e-06e41274b859,SAMMS-Paducah
202609021129108142,202609021111416557,202609021111416554,118,10539,Bronze P1/P2 Assessments,br_NewAdmissionAssessmentASAMDimension6,TASK_COMPLETE,SUCCESS,INFO,290,290,0,,2026-09-02T11:11:46.042Z,2026-09-02T11:29:14.318Z,1048,2026-09-02T11:29:14.318Z,B24,Paintsville,a7050713-a175-4eb1-950e-06e41274b859,SAMMS-PaintsvilleV5
202609031359541161,202609031332601404,202609031332601326,85,3114,Bronze INV,br_ReAssessment,TASK_COMPLETE,SUCCESS,INFO,156,156,0,,2026-09-03T13:33:12.351Z,2026-09-03T13:59:59.406Z,1607,2026-09-03T13:59:59.406Z,MRD,Meridian,ef652adf-cab1-42cd-a0bf-1cd03c8c16e7,SAMMS-Meridian
202609031359541162,202609031332601405,202609031332601326,85,3119,Bronze INV,br_ReAssessment,TASK_COMPLETE,SUCCESS,INFO,698,698,0,,2026-09-03T13:33:12.351Z,2026-09-03T13:59:59.406Z,1607,2026-09-03T13:59:59.406Z,NC,North Charleston,ef652adf-cab1-42cd-a0bf-1cd03c8c16e7,SAMMS-NorthCharleston
202609031359541163,202609031332601406,202609031332601326,85,3120,Bronze INV,br_ReAssessment,TASK_COMPLETE,SUCCESS,INFO,0,0,0,,2026-09-03T13:33:12.351Z,2026-09-03T13:59:59.406Z,1607,2026-09-03T13:59:59.406Z,NLR,N. Little Rock,ef652adf-cab1-42cd-a0bf-1cd03c8c16e7,SAMMS-NLROBOT
202609031359541164,202609031332601407,202609031332601326,85,3121,Bronze INV,br_ReAssessment,TASK_COMPLETE,SUCCESS,INFO,115,115,0,,2026-09-03T13:33:12.351Z,2026-09-03T13:59:59.406Z,1607,2026-09-03T13:59:59.406Z,PH,Phoenix,ef652adf-cab1-42cd-a0bf-1cd03c8c16e7,SAMMS-Phoenix
202609031359541165,202609031332601408,202609031332601326,85,3125,Bronze INV,br_ReAssessment,TASK_COMPLETE,SUCCESS,INFO,219,219,0,,2026-09-03T13:33:12.351Z,2026-09-03T13:59:59.406Z,1607,2026-09-03T13:59:59.406Z,RE,Reno,ef652adf-cab1-42cd-a0bf-1cd03c8c16e7,SAMMS-Reno
202609031359541166,202609031332601409,202609031332601326,85,3126,Bronze INV,br_ReAssessment,TASK_COMPLETE,SUCCESS,INFO,89,89,0,,2026-09-03T13:33:12.351Z,2026-09-03T13:59:59.406Z,1607,2026-09-03T13:59:59.406Z,RMD,Richmond,ef652adf-cab1-42cd-a0bf-1cd03c8c16e7,SAMMS-Richmond
202609031359541167,202609031332601410,202609031332601326,85,3127,Bronze INV,br_ReAssessment,TASK_COMPLETE,SUCCESS,INFO,595,595,0,,2026-09-03T13:33:12.351Z,2026-09-03T13:59:59.406Z,1607,2026-09-03T13:59:59.406Z,SFN,Springfield North,ef652adf-cab1-42cd-a0bf-1cd03c8c16e7,SAMMS-SFNv5
202609051930319704,202609051904109234,202609051904109217,85,3927,Bronze INV,br_ReAssessmentPhysicalHealth,TASK_COMPLETE,SUCCESS,INFO,1189,1189,0,,2026-09-05T19:04:18.404Z,2026-09-05T19:30:36.887Z,1578,2026-09-05T19:30:36.887Z,B38,Spartanburg,a7cfa2a8-4e03-4cce-a64e-9a92e6e67f12,SAMMS-SpartanburgV5
202609051930319705,202609051904109235,202609051904109217,85,3928,Bronze INV,br_ReAssessmentPhysicalHealth,TASK_COMPLETE,SUCCESS,INFO,362,362,0,,2026-09-05T19:04:18.404Z,2026-09-05T19:30:36.887Z,1578,2026-09-05T19:30:36.887Z,B39,Aiken,a7cfa2a8-4e03-4cce-a64e-9a92e6e67f12,SAMMS-AikenV5
202609051930319706,202609051904109236,202609051904109217,85,3929,Bronze INV,br_ReAssessmentPhysicalHealth,TASK_COMPLETE,SUCCESS,INFO,1894,1894,0,,2026-09-05T19:04:18.404Z,2026-09-05T19:30:36.887Z,1578,2026-09-05T19:30:36.887Z,B41,Chesapeake,a7cfa2a8-4e03-4cce-a64e-9a92e6e67f12,SAMMS-ChesapeakeV5
202609051930319707,202609051904109237,202609051904109217,85,3930,Bronze INV,br_ReAssessmentPhysicalHealth,TASK_COMPLETE,SUCCESS,INFO,1922,1922,0,,2026-09-05T19:04:18.404Z,2026-09-05T19:30:36.887Z,1578,2026-09-05T19:30:36.887Z,B42,Virginia Beach,a7cfa2a8-4e03-4cce-a64e-9a92e6e67f12,SAMMS-VirginiaBeachV5
202609071930403847,202609071904636247,202609071904636230,85,3927,Bronze INV,br_ReAssessmentPhysicalHealth,TASK_COMPLETE,SUCCESS,INFO,1189,1189,0,,2026-09-07T19:05:10.929Z,2026-09-07T19:30:45.588Z,1535,2026-09-07T19:30:45.588Z,B38,Spartanburg,fc48ec9c-d1b8-4775-bd67-583e82846e52,SAMMS-SpartanburgV5
202609071930403848,202609071904636248,202609071904636230,85,3928,Bronze INV,br_ReAssessmentPhysicalHealth,TASK_COMPLETE,SUCCESS,INFO,362,362,0,,2026-09-07T19:05:10.929Z,2026-09-07T19:30:45.588Z,1535,2026-09-07T19:30:45.588Z,B39,Aiken,fc48ec9c-d1b8-4775-bd67-583e82846e52,SAMMS-AikenV5
202609071930403849,202609071904636249,202609071904636230,85,3929,Bronze INV,br_ReAssessmentPhysicalHealth,TASK_COMPLETE,SUCCESS,INFO,1894,1894,0,,2026-09-07T19:05:10.929Z,2026-09-07T19:30:45.588Z,1535,2026-09-07T19:30:45.588Z,B41,Chesapeake,fc48ec9c-d1b8-4775-bd67-583e82846e52,SAMMS-ChesapeakeV5
202609071930403851,202609071904636250,202609071904636230,85,3930,Bronze INV,br_ReAssessmentPhysicalHealth,TASK_COMPLETE,SUCCESS,INFO,1922,1922,0,,2026-09-07T19:05:10.929Z,2026-09-07T19:30:45.588Z,1535,2026-09-07T19:30:45.588Z,B42,Virginia Beach,fc48ec9c-d1b8-4775-bd67-583e82846e52,SAMMS-VirginiaBeachV5
202609031211570467,202609031145401741,202609031145401700,85,3044,Bronze INV,br_ReAssessment,TASK_COMPLETE,SUCCESS,INFO,0,0,0,,2026-09-03T11:45:45.517Z,2026-09-03T12:12:16.686Z,1591,2026-09-03T12:12:16.686Z,B73,Montgomery,8e54a6a2-7031-4831-b2c0-8c5ea7811246,SAMMS-Montgomery
202609031211570468,202609031145401742,202609031145401700,85,3045,Bronze INV,br_ReAssessment,TASK_COMPLETE,SUCCESS,INFO,0,0,0,,2026-09-03T11:45:45.517Z,2026-09-03T12:12:16.686Z,1591,2026-09-03T12:12:16.686Z,B75,Lawrence,8e54a6a2-7031-4831-b2c0-8c5ea7811246,SAMMS-LawrenceV6
202609031211570469,202609031145401743,202609031145401700,85,3046,Bronze INV,br_ReAssessment,TASK_COMPLETE,SUCCESS,INFO,0,0,0,,2026-09-03T11:45:45.517Z,2026-09-03T12:12:16.686Z,1591,2026-09-03T12:12:16.686Z,B76,Huntsville OBOT,8e54a6a2-7031-4831-b2c0-8c5ea7811246,SAMMS-Huntsville-OBOT
202609031211570470,202609031145401744,202609031145401700,85,3047,Bronze INV,br_ReAssessment,TASK_COMPLETE,SUCCESS,INFO,0,0,0,,2026-09-03T11:45:45.517Z,2026-09-03T12:12:16.686Z,1591,2026-09-03T12:12:16.686Z,BAT,Batesville,8e54a6a2-7031-4831-b2c0-8c5ea7811246,SAMMS-Batesville
202609031211570471,202609031145401745,202609031145401700,85,3048,Bronze INV,br_ReAssessment,TASK_COMPLETE,SUCCESS,INFO,0,0,0,,2026-09-03T11:45:45.517Z,2026-09-03T12:12:16.686Z,1591,2026-09-03T12:12:16.686Z,BG,Bowling Green,8e54a6a2-7031-4831-b2c0-8c5ea7811246,SAMMS-BowlingGreen
202609031211570472,202609031145401746,202609031145401700,85,3049,Bronze INV,br_ReAssessment,TASK_COMPLETE,SUCCESS,INFO,0,0,0,,2026-09-03T11:45:45.517Z,2026-09-03T12:12:16.686Z,1591,2026-09-03T12:12:16.686Z,BOI,Boise,8e54a6a2-7031-4831-b2c0-8c5ea7811246,SAMMS-Boise
202609031211570473,202609031145401747,202609031145401700,85,3056,Bronze INV,br_ReAssessment,TASK_COMPLETE,SUCCESS,INFO,0,0,0,,2026-09-03T11:45:45.517Z,2026-09-03T12:12:16.686Z,1591,2026-09-03T12:12:16.686Z,CBCO,Coeur dAlene,8e54a6a2-7031-4831-b2c0-8c5ea7811246,SAMMS-CoeurdAleneV6
202609031211570475,202609031145401748,202609031145401700,85,3075,Bronze INV,br_ReAssessment,TASK_COMPLETE,SUCCESS,INFO,0,0,0,,2026-09-03T11:45:45.517Z,2026-09-03T12:12:16.686Z,1591,2026-09-03T12:12:16.686Z,CON,Conway,8e54a6a2-7031-4831-b2c0-8c5ea7811246,SAMMS-Conway
202609041734097391,202609041706273963,202609041706273944,85,3929,Bronze INV,br_ReAssessmentPhysicalHealth,TASK_COMPLETE,SUCCESS,INFO,1894,1894,0,,2026-09-04T17:06:35.444Z,2026-09-04T17:34:13.654Z,1658,2026-09-04T17:34:13.654Z,B41,Chesapeake,5652dc3b-8824-4606-a16d-f373dc1d2ada,SAMMS-ChesapeakeV5
202609041734097392,202609041706273964,202609041706273944,85,3930,Bronze INV,br_ReAssessmentPhysicalHealth,TASK_COMPLETE,SUCCESS,INFO,1922,1922,0,,2026-09-04T17:06:35.444Z,2026-09-04T17:34:13.654Z,1658,2026-09-04T17:34:13.654Z,B42,Virginia Beach,5652dc3b-8824-4606-a16d-f373dc1d2ada,SAMMS-VirginiaBeachV5
202609041734097393,202609041706273965,202609041706273944,85,3931,Bronze INV,br_ReAssessmentPhysicalHealth,TASK_COMPLETE,SUCCESS,INFO,936,936,0,,2026-09-04T17:06:35.444Z,2026-09-04T17:34:13.654Z,1658,2026-09-04T17:34:13.654Z,B42A,Newport News,5652dc3b-8824-4606-a16d-f373dc1d2ada,SAMMS-NewportNewsV5
202609031915438929,202609031915438929,20260903190517,126,13680,Bronze Overdue Courses,br_learningreports_overdue,TASK_SKIPPED,SKIPPED,INFO,0,0,0,Task already completed successfully in earlier attempt of this Run,2026-09-03T19:15:43.892Z,2026-09-03T19:15:51.617Z,0,2026-09-03T19:15:51.617Z,,,e43a8f33-1096-489d-9499-bf0c83753e23,
202609061929598568,202609061904281268,202609061904281249,85,3929,Bronze INV,br_ReAssessmentPhysicalHealth,TASK_COMPLETE,SUCCESS,INFO,1894,1894,0,,2026-09-06T19:04:34.627Z,2026-09-06T19:30:03.879Z,1529,2026-09-06T19:30:03.879Z,B41,Chesapeake,5cce37fd-5f38-41c5-90e1-d9efeb3bd245,SAMMS-ChesapeakeV5
202609061929598569,202609061904281269,202609061904281249,85,3930,Bronze INV,br_ReAssessmentPhysicalHealth,TASK_COMPLETE,SUCCESS,INFO,1922,1922,0,,2026-09-06T19:04:34.627Z,2026-09-06T19:30:03.879Z,1529,2026-09-06T19:30:03.879Z,B42,Virginia Beach,5cce37fd-5f38-41c5-90e1-d9efeb3bd245,SAMMS-VirginiaBeachV5
202609061929598570,202609061904281270,202609061904281249,85,3931,Bronze INV,br_ReAssessmentPhysicalHealth,TASK_COMPLETE,SUCCESS,INFO,936,936,0,,2026-09-06T19:04:34.627Z,2026-09-06T19:30:03.879Z,1529,2026-09-06T19:30:03.879Z,B42A,Newport News,5cce37fd-5f38-41c5-90e1-d9efeb3bd245,SAMMS-NewportNewsV5
202609021232352518,202609021232352518,20260902103545,128,13682,Gold Overdue Courses,LearningReportsOverdue,TASK_SKIPPED,DEPENDENCY_BLOCKED,WARNING,0,0,0,Skipped: Dependency TaskConfigId(s) 13681 not successful,2026-09-02T12:32:35.251Z,2026-09-02T12:32:35.251Z,0,2026-09-02T12:32:35.251Z,,,e58cdc23-1c07-48d5-825d-7c408c2e776b,
202609030751029479,202609030751029480,20260903075102,131,13688,Readmission Table Silver,sl_vwReadmissions,TASK_FAILED,FAILED,ERROR,0,0,1,"unterminated string literal (detected at line 821) (2311391347.py, line 821)",2026-09-03T07:51:02.947Z,2026-09-03T07:51:02.947Z,0,2026-09-03T07:51:02.947Z,,,bd23d321-f401-48a2-b581-1977c23d9168,
202609031359541084,202609031332601334,202609031332601326,85,2997,Bronze INV,br_ReAssessment,TASK_COMPLETE,SUCCESS,INFO,463,463,0,,2026-09-03T13:33:12.351Z,2026-09-03T13:59:59.406Z,1607,2026-09-03T13:59:59.406Z,B29,Poplar Bluff,ef652adf-cab1-42cd-a0bf-1cd03c8c16e7,SAMMS-PoplarBluffV5
202609031359541085,202609031332601335,202609031332601326,85,2998,Bronze INV,br_ReAssessment,TASK_COMPLETE,SUCCESS,INFO,82,82,0,,2026-09-03T13:33:12.351Z,2026-09-03T13:59:59.406Z,1607,2026-09-03T13:59:59.406Z,B30,KC North,ef652adf-cab1-42cd-a0bf-1cd03c8c16e7,SAMMS-KCNv5
202609031359541086,202609031332601336,202609031332601326,85,2999,Bronze INV,br_ReAssessment,TASK_COMPLETE,SUCCESS,INFO,402,402,0,,2026-09-03T13:33:12.351Z,2026-09-03T13:59:59.406Z,1607,2026-09-03T13:59:59.406Z,B31,Dyersburg,ef652adf-cab1-42cd-a0bf-1cd03c8c16e7,SAMMS-DyersburgV5
202609031359541087,202609031332601337,202609031332601326,85,3001,Bronze INV,br_ReAssessment,TASK_COMPLETE,SUCCESS,INFO,489,489,0,,2026-09-03T13:33:12.351Z,2026-09-03T13:59:59.406Z,1607,2026-09-03T13:59:59.406Z,B33,Paducah,ef652adf-cab1-42cd-a0bf-1cd03c8c16e7,SAMMS-Paducah
202609031359541088,202609031332601338,202609031332601326,85,3002,Bronze INV,br_ReAssessment,TASK_COMPLETE,SUCCESS,INFO,388,388,0,,2026-09-03T13:33:12.351Z,2026-09-03T13:59:59.406Z,1607,2026-09-03T13:59:59.406Z,B34,Corbin,ef652adf-cab1-42cd-a0bf-1cd03c8c16e7,SAMMS-CorbinV5
202609031359541089,202609031332601339,202609031332601326,85,3003,Bronze INV,br_ReAssessment,TASK_COMPLETE,SUCCESS,INFO,243,243,0,,2026-09-03T13:33:12.351Z,2026-09-03T13:59:59.406Z,1607,2026-09-03T13:59:59.406Z,B35,Lexington,ef652adf-cab1-42cd-a0bf-1cd03c8c16e7,SAMMS-LexingtonV5
202609031359541091,202609031332601340,202609031332601326,85,3004,Bronze INV,br_ReAssessment,TASK_COMPLETE,SUCCESS,INFO,77,77,0,,2026-09-03T13:33:12.351Z,2026-09-03T13:59:59.406Z,1607,2026-09-03T13:59:59.406Z,B35A,Berea,ef652adf-cab1-42cd-a0bf-1cd03c8c16e7,SAMMS-BereaV5
202609031359541153,202609031332601397,202609031332601326,85,3105,Bronze INV,br_ReAssessment,TASK_COMPLETE,SUCCESS,INFO,457,457,0,,2026-09-03T13:33:12.351Z,2026-09-03T13:59:59.406Z,1607,2026-09-03T13:59:59.406Z,LAN,Lansing,ef652adf-cab1-42cd-a0bf-1cd03c8c16e7,SAMMS-Lansing
202609031359541154,202609031332601398,202609031332601326,85,3106,Bronze INV,br_ReAssessment,TASK_COMPLETE,SUCCESS,INFO,1294,1294,0,,2026-09-03T13:33:12.351Z,2026-09-03T13:59:59.406Z,1607,2026-09-03T13:59:59.406Z,LO,Louisville,ef652adf-cab1-42cd-a0bf-1cd03c8c16e7,SAMMS-Louisville
202609031359541155,202609031332601399,202609031332601326,85,3107,Bronze INV,br_ReAssessment,TASK_COMPLETE,SUCCESS,INFO,295,295,0,,2026-09-03T13:33:12.351Z,2026-09-03T13:59:59.406Z,1607,2026-09-03T13:59:59.406Z,LV1,Cheyenne,ef652adf-cab1-42cd-a0bf-1cd03c8c16e7,SAMMS-Cheyenne
202609031359541156,202609031332601400,202609031332601326,85,3108,Bronze INV,br_ReAssessment,TASK_COMPLETE,SUCCESS,INFO,205,205,0,,2026-09-03T13:33:12.351Z,2026-09-03T13:59:59.406Z,1607,2026-09-03T13:59:59.406Z,LV2,Desert Inn,ef652adf-cab1-42cd-a0bf-1cd03c8c16e7,SAMMS-DesertInn
202609031359541157,202609031332601401,202609031332601326,85,3109,Bronze INV,br_ReAssessment,TASK_COMPLETE,SUCCESS,INFO,111,111,0,,2026-09-03T13:33:12.351Z,2026-09-03T13:59:59.406Z,1607,2026-09-03T13:59:59.406Z,LV3,McDaniel,ef652adf-cab1-42cd-a0bf-1cd03c8c16e7,SAMMS-McDaniel
202609031359541159,202609031332601402,202609031332601326,85,3112,Bronze INV,br_ReAssessment,TASK_COMPLETE,SUCCESS,INFO,363,363,0,,2026-09-03T13:33:12.351Z,2026-09-03T13:59:59.406Z,1607,2026-09-03T13:59:59.406Z,MNRE,Monroe,ef652adf-cab1-42cd-a0bf-1cd03c8c16e7,SAMMS-Monroe
202609031359541160,202609031332601403,202609031332601326,85,3113,Bronze INV,br_ReAssessment,TASK_COMPLETE,SUCCESS,INFO,1436,1436,0,,2026-09-03T13:33:12.351Z,2026-09-03T13:59:59.406Z,1607,2026-09-03T13:59:59.406Z,MP,Mt. Pleasant,ef652adf-cab1-42cd-a0bf-1cd03c8c16e7,SAMMS-MtPleasant
202609041734097476,202609041706274038,202609041706273944,85,4060,Bronze INV,br_ReAssessmentPhysicalHealth,TASK_COMPLETE,SUCCESS,INFO,661,661,0,,2026-09-04T17:06:35.444Z,2026-09-04T17:34:13.654Z,1658,2026-09-04T17:34:13.654Z,V1,Memphis South,5652dc3b-8824-4606-a16d-f373dc1d2ada,SAMMS-VCPHCS-I-MemphisV5
202609041734097477,202609041706274039,202609041706273944,85,4061,Bronze INV,br_ReAssessmentPhysicalHealth,TASK_COMPLETE,SUCCESS,INFO,1630,1630,0,,2026-09-04T17:06:35.444Z,2026-09-04T17:34:13.654Z,1658,2026-09-04T17:34:13.654Z,V10,Longmont,5652dc3b-8824-4606-a16d-f373dc1d2ada,SAMMS-BoulderV5
202609041734097478,202609041706274040,202609041706273944,85,4062,Bronze INV,br_ReAssessmentPhysicalHealth,TASK_COMPLETE,SUCCESS,INFO,1517,1517,0,,2026-09-04T17:06:35.444Z,2026-09-04T17:34:13.654Z,1658,2026-09-04T17:34:13.654Z,V10A,Fort Collins,5652dc3b-8824-4606-a16d-f373dc1d2ada,SAMMS-FortCollinsV5
202609061929598653,202609061904281343,202609061904281249,85,4060,Bronze INV,br_ReAssessmentPhysicalHealth,TASK_COMPLETE,SUCCESS,INFO,661,661,0,,2026-09-06T19:04:34.627Z,2026-09-06T19:30:03.879Z,1529,2026-09-06T19:30:03.879Z,V1,Memphis South,5cce37fd-5f38-41c5-90e1-d9efeb3bd245,SAMMS-VCPHCS-I-MemphisV5
202609061929598654,202609061904281344,202609061904281249,85,4061,Bronze INV,br_ReAssessmentPhysicalHealth,TASK_COMPLETE,SUCCESS,INFO,1630,1630,0,,2026-09-06T19:04:34.627Z,2026-09-06T19:30:03.879Z,1529,2026-09-06T19:30:03.879Z,V10,Longmont,5cce37fd-5f38-41c5-90e1-d9efeb3bd245,SAMMS-BoulderV5
202609061929598655,202609061904281345,202609061904281249,85,4062,Bronze INV,br_ReAssessmentPhysicalHealth,TASK_COMPLETE,SUCCESS,INFO,1517,1517,0,,2026-09-06T19:04:34.627Z,2026-09-06T19:30:03.879Z,1529,2026-09-06T19:30:03.879Z,V10A,Fort Collins,5cce37fd-5f38-41c5-90e1-d9efeb3bd245,SAMMS-FortCollinsV5
202609010924006346,202609010924006346,20260901092023,1,13,UKG Person Details API,br_PersonDetails,TASK_FAILED,FAILED,ERROR,0,0,0,Invalid URL invalidurl: No scheme supplied. Perhaps you meant https://invalidurl?,2026-09-01T09:24:06.051Z,2026-09-01T09:24:26.377Z,19,2026-09-01T09:24:26.377Z,,,c46e47f1-7e0c-46c6-93e3-7d17cbc17d55,
202609071930403956,202609071904636337,202609071904636230,85,4079,Bronze INV,br_ReAssessmentPhysicalHealth,TASK_COMPLETE,SUCCESS,INFO,146,146,0,,2026-09-07T19:05:10.929Z,2026-09-07T19:30:45.588Z,1535,2026-09-07T19:30:45.588Z,V5B,Houma,fc48ec9c-d1b8-4775-bd67-583e82846e52,SAMMS-HoumaV6
202609071930403958,202609071904636338,202609071904636230,85,4080,Bronze INV,br_ReAssessmentPhysicalHealth,TASK_COMPLETE,SUCCESS,INFO,1917,1917,0,,2026-09-07T19:05:10.929Z,2026-09-07T19:30:45.588Z,1535,2026-09-07T19:30:45.588Z,V6,Lake Charles,fc48ec9c-d1b8-4775-bd67-583e82846e52,SAMMS-LCv5
202609071930403959,202609071904636339,202609071904636230,85,4082,Bronze INV,br_ReAssessmentPhysicalHealth,TASK_COMPLETE,SUCCESS,INFO,744,744,0,,2026-09-07T19:05:10.929Z,2026-09-07T19:30:45.588Z,1535,2026-09-07T19:30:45.588Z,V8,Memphis Midtown,fc48ec9c-d1b8-4775-bd67-583e82846e52,SAMMS-VCPHCS-VIII-MemphisV5
202609071930403960,202609071904636340,202609071904636230,85,4083,Bronze INV,br_ReAssessmentPhysicalHealth,TASK_COMPLETE,SUCCESS,INFO,1769,1769,0,,2026-09-07T19:05:10.929Z,2026-09-07T19:30:45.588Z,1535,2026-09-07T19:30:45.588Z,V9,Nashville,fc48ec9c-d1b8-4775-bd67-583e82846e52,SAMMS-NashvilleV5
202609051930319806,202609051904109324,202609051904109217,85,4079,Bronze INV,br_ReAssessmentPhysicalHealth,TASK_COMPLETE,SUCCESS,INFO,146,146,0,,2026-09-05T19:04:18.404Z,2026-09-05T19:30:36.887Z,1578,2026-09-05T19:30:36.887Z,V5B,Houma,a7cfa2a8-4e03-4cce-a64e-9a92e6e67f12,SAMMS-HoumaV6
202609051930319807,202609051904109325,202609051904109217,85,4080,Bronze INV,br_ReAssessmentPhysicalHealth,TASK_COMPLETE,SUCCESS,INFO,1917,1917,0,,2026-09-05T19:04:18.404Z,2026-09-05T19:30:36.887Z,1578,2026-09-05T19:30:36.887Z,V6,Lake Charles,a7cfa2a8-4e03-4cce-a64e-9a92e6e67f12,SAMMS-LCv5
202609051930319809,202609051904109326,202609051904109217,85,4082,Bronze INV,br_ReAssessmentPhysicalHealth,TASK_COMPLETE,SUCCESS,INFO,744,744,0,,2026-09-05T19:04:18.404Z,2026-09-05T19:30:36.887Z,1578,2026-09-05T19:30:36.887Z,V8,Memphis Midtown,a7cfa2a8-4e03-4cce-a64e-9a92e6e67f12,SAMMS-VCPHCS-VIII-MemphisV5
202609051930319810,202609051904109327,202609051904109217,85,4083,Bronze INV,br_ReAssessmentPhysicalHealth,TASK_COMPLETE,SUCCESS,INFO,1769,1769,0,,2026-09-05T19:04:18.404Z,2026-09-05T19:30:36.887Z,1578,2026-09-05T19:30:36.887Z,V9,Nashville,a7cfa2a8-4e03-4cce-a64e-9a92e6e67f12,SAMMS-NashvilleV5
202609010526537865,202609010503273337,202609010503273335,46,8819,P1 Finance PBI 3 Pay Auth Bronze - AHK,br_samms_pbi3_pay_auth,TASK_COMPLETE,SUCCESS,INFO,62,62,0,,2026-09-01T05:03:56.880Z,2026-09-01T05:26:57.186Z,1381,2026-09-01T05:26:57.186Z,AHK,Ahoskie,75a93e02-eb8a-4b20-981c-b48401997d72,SAMMS-Ahoskie
202609010526537866,202609010503273338,202609010503273335,46,8937,P1 Finance VW 3P Bill Sub Bronze - AHK,br_samms_vw3p_bill_sub,TASK_COMPLETE,SUCCESS,INFO,224,224,0,,2026-09-01T05:03:56.880Z,2026-09-01T05:26:57.186Z,1381,2026-09-01T05:26:57.186Z,AHK,Ahoskie,75a93e02-eb8a-4b20-981c-b48401997d72,SAMMS-Ahoskie
202609080936076853,202609080936076852,20260908090408,116,8626,Silver Patient Services,sl_patientservicesnoshow,TASK_SKIPPED,SKIPPED,INFO,0,0,0,Task already completed successfully in earlier attempt of this Run,2026-09-08T09:36:07.685Z,2026-09-08T09:36:16.128Z,0,2026-09-08T09:36:16.128Z,,,45a7abd3-c10a-46e8-880e-96cd312a7d08,
202608310525278657,202608310525278656,20260831034154,133,13724,Commercial_Deductions Final Silver,sl_commercialded,TASK_ALREADY_COMPLETED,ALREADY_COMPLETED,INFO,0,0,0,Already succeeded in previous attempt,2026-08-31T05:25:39.706Z,2026-08-31T05:25:39.706Z,0,2026-08-31T05:25:39.706Z,,,648551aa-4be1-43d5-9996-5e68064cace6,
202609020846436124,202609020846436124,20260831121208,133,13724,Commercial_Deductions Final Silver,sl_commercialded,TASK_ALREADY_COMPLETED,ALREADY_COMPLETED,INFO,0,0,0,Already succeeded in previous attempt,2026-09-02T08:46:48.810Z,2026-09-02T08:46:48.810Z,0,2026-09-02T08:46:48.810Z,,,a248cb53-4f30-44b6-ac15-5cdc6c387758,
202609081111326568,202609081111326567,20260908094000,116,8626,Silver Patient Services,sl_patientservicesnoshow,TASK_SKIPPED,SKIPPED,INFO,0,0,0,Task already completed successfully in earlier attempt of this Run,2026-09-08T11:11:32.656Z,2026-09-08T11:11:40.096Z,0,2026-09-08T11:11:40.096Z,,,c851451b-db0c-409e-be91-8291abef3872,
202609021152141162,202609021152141162,202608171026319654,84,13675,Gold Salesforce PatientLeads,PatientLeads,TASK_DEPENDENCY_BLOCKED,DEPENDENCY_BLOCKED,WARN,0,0,0,"Dependency Failed : 218 (checked: 222,218,217)",2026-09-02T11:52:21.549Z,2026-09-02T11:52:21.549Z,0,2026-09-02T11:52:21.549Z,,,0b5a27da-5d48-4ed3-a9f4-1a7052a3fcea,
202609031359541168,202609031332601411,202609031332601326,85,3128,Bronze INV,br_ReAssessment,TASK_COMPLETE,SUCCESS,INFO,789,789,0,,2026-09-03T13:33:12.351Z,2026-09-03T13:59:59.406Z,1607,2026-09-03T13:59:59.406Z,SHP,Shreveport,ef652adf-cab1-42cd-a0bf-1cd03c8c16e7,SAMMS-Shreveport
202609031359541169,202609031332601412,202609031332601326,85,3130,Bronze INV,br_ReAssessment,TASK_COMPLETE,SUCCESS,INFO,488,488,0,,2026-09-03T13:33:12.351Z,2026-09-03T13:59:59.406Z,1607,2026-09-03T13:59:59.406Z,STN,Staunton,ef652adf-cab1-42cd-a0bf-1cd03c8c16e7,SAMMS-Staunton
202609031359541171,202609031332601413,202609031332601326,85,3131,Bronze INV,br_ReAssessment,TASK_COMPLETE,SUCCESS,INFO,227,227,0,,2026-09-03T13:33:12.351Z,2026-09-03T13:59:59.406Z,1607,2026-09-03T13:59:59.406Z,STVN,Stevenson,ef652adf-cab1-42cd-a0bf-1cd03c8c16e7,SAMMS-Stevenson
202609031359541172,202609031332601414,202609031332601326,85,3133,Bronze INV,br_ReAssessment,TASK_COMPLETE,SUCCESS,INFO,178,178,0,,2026-09-03T13:33:12.351Z,2026-09-03T13:59:59.406Z,1607,2026-09-03T13:59:59.406Z,TE,Tempe,ef652adf-cab1-42cd-a0bf-1cd03c8c16e7,SAMMS-Tempe
202609031359541173,202609031332601415,202609031332601326,85,3134,Bronze INV,br_ReAssessment,TASK_COMPLETE,SUCCESS,INFO,0,0,0,,2026-09-03T13:33:12.351Z,2026-09-03T13:59:59.406Z,1607,2026-09-03T13:59:59.406Z,TEX,Texarkana,ef652adf-cab1-42cd-a0bf-1cd03c8c16e7,SAMMS-Texarkana
202609031359541174,202609031332601416,202609031332601326,85,3135,Bronze INV,br_ReAssessment,TASK_COMPLETE,SUCCESS,INFO,1105,1105,0,,2026-09-03T13:33:12.351Z,2026-09-03T13:59:59.406Z,1607,2026-09-03T13:59:59.406Z,TTCA,Bessemer,ef652adf-cab1-42cd-a0bf-1cd03c8c16e7,SAMMS-BessemerV5
202609031359541175,202609031332601417,202609031332601326,85,3136,Bronze INV,br_ReAssessment,TASK_COMPLETE,SUCCESS,INFO,1326,1326,0,,2026-09-03T13:33:12.351Z,2026-09-03T13:59:59.406Z,1607,2026-09-03T13:59:59.406Z,TTCB,Cullman,ef652adf-cab1-42cd-a0bf-1cd03c8c16e7,SAMMS-CullmanV5
202609020851056376,202609020851056375,20260831092127,134,13723,MultiplePayor Secondary Payorv8 Gold,MultiplePayors,TASK_ALREADY_COMPLETED,ALREADY_COMPLETED,INFO,0,0,0,Already succeeded in previous attempt,2026-09-02T08:51:11.186Z,2026-09-02T08:51:11.186Z,0,2026-09-02T08:51:11.186Z,,,a248cb53-4f30-44b6-ac15-5cdc6c387758,
202608311018447005,202608311018447005,20260831092127,134,13723,MultiplePayor Secondary Payorv8 Gold,MultiplePayors,TASK_ALREADY_COMPLETED,ALREADY_COMPLETED,INFO,0,0,0,Already succeeded in previous attempt,2026-08-31T10:18:49.297Z,2026-08-31T10:18:49.297Z,0,2026-08-31T10:18:49.297Z,,,570ed360-6755-403a-934d-8def39d2304e,
202608311031354713,202608311031354713,20260831092127,134,13723,MultiplePayor Secondary Payorv8 Gold,MultiplePayors,TASK_ALREADY_COMPLETED,ALREADY_COMPLETED,INFO,0,0,0,Already succeeded in previous attempt,2026-08-31T10:31:40.899Z,2026-08-31T10:31:40.899Z,0,2026-08-31T10:31:40.899Z,,,c53fd170-5a06-4556-ac6d-ed783acaee0b,
202608311230012806,202608311230012806,20260831092127,134,13723,MultiplePayor Secondary Payorv8 Gold,MultiplePayors,TASK_ALREADY_COMPLETED,ALREADY_COMPLETED,INFO,0,0,0,Already succeeded in previous attempt,2026-08-31T12:30:06.793Z,2026-08-31T12:30:06.793Z,0,2026-08-31T12:30:06.793Z,,,73ab084e-6be8-4233-a81c-8f049414a380,
202608310532238427,202608310532238427,20260831035644,134,13723,MultiplePayor Secondary Payorv8 Gold,MultiplePayors,TASK_ALREADY_COMPLETED,ALREADY_COMPLETED,INFO,0,0,0,Already succeeded in previous attempt,2026-08-31T05:32:35.213Z,2026-08-31T05:32:35.213Z,0,2026-08-31T05:32:35.213Z,,,648551aa-4be1-43d5-9996-5e68064cace6,
202608310842563146,202608310842563146,20260831075339,134,13723,MultiplePayor Secondary Payorv8 Gold,MultiplePayors,TASK_ALREADY_COMPLETED,ALREADY_COMPLETED,INFO,0,0,0,Already succeeded in previous attempt,2026-08-31T08:43:00.925Z,2026-08-31T08:43:00.925Z,0,2026-08-31T08:43:00.925Z,,,37c02356-54c6-4ef5-9431-a8a2d170b0b0,
202608311002232991,202608311002232991,20260831092127,134,13723,MultiplePayor Secondary Payorv8 Gold,MultiplePayors,TASK_ALREADY_COMPLETED,ALREADY_COMPLETED,INFO,0,0,0,Already succeeded in previous attempt,2026-08-31T10:02:39.064Z,2026-08-31T10:02:39.064Z,0,2026-08-31T10:02:39.064Z,,,015058a2-4b17-4d2e-897e-f307d8a475b8,
202609071930403833,202609071904636235,202609071904636230,85,3914,Bronze INV,br_ReAssessmentPhysicalHealth,TASK_COMPLETE,SUCCESS,INFO,970,970,0,,2026-09-07T19:05:10.929Z,2026-09-07T19:30:45.588Z,1535,2026-09-07T19:30:45.588Z,B26,Hazard,fc48ec9c-d1b8-4775-bd67-583e82846e52,SAMMS-HazardV5
202609071930403834,202609071904636236,202609071904636230,85,3915,Bronze INV,br_ReAssessmentPhysicalHealth,TASK_COMPLETE,SUCCESS,INFO,532,532,0,,2026-09-07T19:05:10.929Z,2026-09-07T19:30:45.588Z,1535,2026-09-07T19:30:45.588Z,B27,Savannah,fc48ec9c-d1b8-4775-bd67-583e82846e52,SAMMS-SavannahV6
202609071930403836,202609071904636237,202609071904636230,85,3916,Bronze INV,br_ReAssessmentPhysicalHealth,TASK_COMPLETE,SUCCESS,INFO,246,246,0,,2026-09-07T19:05:10.929Z,2026-09-07T19:30:45.588Z,1535,2026-09-07T19:30:45.588Z,B28,West Plains,fc48ec9c-d1b8-4775-bd67-583e82846e52,SAMMS-WestPlainesV5
202609071930403837,202609071904636238,202609071904636230,85,3917,Bronze INV,br_ReAssessmentPhysicalHealth,TASK_COMPLETE,SUCCESS,INFO,461,461,0,,2026-09-07T19:05:10.929Z,2026-09-07T19:30:45.588Z,1535,2026-09-07T19:30:45.588Z,B29,Poplar Bluff,fc48ec9c-d1b8-4775-bd67-583e82846e52,SAMMS-PoplarBluffV5
202609051930319690,202609051904109222,202609051904109217,85,3914,Bronze INV,br_ReAssessmentPhysicalHealth,TASK_COMPLETE,SUCCESS,INFO,970,970,0,,2026-09-05T19:04:18.404Z,2026-09-05T19:30:36.887Z,1578,2026-09-05T19:30:36.887Z,B26,Hazard,a7cfa2a8-4e03-4cce-a64e-9a92e6e67f12,SAMMS-HazardV5
202609051930319691,202609051904109223,202609051904109217,85,3915,Bronze INV,br_ReAssessmentPhysicalHealth,TASK_COMPLETE,SUCCESS,INFO,532,532,0,,2026-09-05T19:04:18.404Z,2026-09-05T19:30:36.887Z,1578,2026-09-05T19:30:36.887Z,B27,Savannah,a7cfa2a8-4e03-4cce-a64e-9a92e6e67f12,SAMMS-SavannahV6
202609051930319693,202609051904109224,202609051904109217,85,3916,Bronze INV,br_ReAssessmentPhysicalHealth,TASK_COMPLETE,SUCCESS,INFO,246,246,0,,2026-09-05T19:04:18.404Z,2026-09-05T19:30:36.887Z,1578,2026-09-05T19:30:36.887Z,B28,West Plains,a7cfa2a8-4e03-4cce-a64e-9a92e6e67f12,SAMMS-WestPlainesV5
202609051930319694,202609051904109225,202609051904109217,85,3917,Bronze INV,br_ReAssessmentPhysicalHealth,TASK_COMPLETE,SUCCESS,INFO,461,461,0,,2026-09-05T19:04:18.404Z,2026-09-05T19:30:36.887Z,1578,2026-09-05T19:30:36.887Z,B29,Poplar Bluff,a7cfa2a8-4e03-4cce-a64e-9a92e6e67f12,SAMMS-PoplarBluffV5
202609030705512057,202609030705512057,20260903054547,4,13677,8x8 Call Detail Legs Bronze,br_8x8_CallDetailLegs,TASK_FAILED,FAILED,ERROR,0,0,0,fetch_8x8_call_legs() got an unexpected keyword argument access_token,2026-09-03T07:05:56.579Z,2026-09-03T07:06:12.929Z,13,2026-09-03T07:06:12.929Z,,,1066d6e5-305c-4662-a3fb-18d67007,
202609041734097493,202609041706274053,202609041706273944,85,4082,Bronze INV,br_ReAssessmentPhysicalHealth,TASK_COMPLETE,SUCCESS,INFO,744,744,0,,2026-09-04T17:06:35.444Z,2026-09-04T17:34:13.654Z,1658,2026-09-04T17:34:13.654Z,V8,Memphis Midtown,5652dc3b-8824-4606-a16d-f373dc1d2ada,SAMMS-VCPHCS-VIII-MemphisV5
202609041734097494,202609041706274054,202609041706273944,85,4083,Bronze INV,br_ReAssessmentPhysicalHealth,TASK_COMPLETE,SUCCESS,INFO,1769,1769,0,,2026-09-04T17:06:35.444Z,2026-09-04T17:34:13.654Z,1658,2026-09-04T17:34:13.654Z,V9,Nashville,5652dc3b-8824-4606-a16d-f373dc1d2ada,SAMMS-NashvilleV5
202609041734097496,202609041706274055,202609041706273944,85,4084,Bronze INV,br_ReAssessmentPhysicalHealth,TASK_COMPLETE,SUCCESS,INFO,842,842,0,,2026-09-04T17:06:35.444Z,2026-09-04T17:34:13.654Z,1658,2026-09-04T17:34:13.654Z,VBRA,Brainerd,5652dc3b-8824-4606-a16d-f373dc1d2ada,SAMMS-BrainerdV6
202609061929598669,202609061904281358,202609061904281249,85,4082,Bronze INV,br_ReAssessmentPhysicalHealth,TASK_COMPLETE,SUCCESS,INFO,744,744,0,,2026-09-06T19:04:34.627Z,2026-09-06T19:30:03.879Z,1529,2026-09-06T19:30:03.879Z,V8,Memphis Midtown,5cce37fd-5f38-41c5-90e1-d9efeb3bd245,SAMMS-VCPHCS-VIII-MemphisV5
202609061929598670,202609061904281359,202609061904281249,85,4083,Bronze INV,br_ReAssessmentPhysicalHealth,TASK_COMPLETE,SUCCESS,INFO,1769,1769,0,,2026-09-06T19:04:34.627Z,2026-09-06T19:30:03.879Z,1529,2026-09-06T19:30:03.879Z,V9,Nashville,5cce37fd-5f38-41c5-90e1-d9efeb3bd245,SAMMS-NashvilleV5
202609061929598671,202609061904281360,202609061904281249,85,4084,Bronze INV,br_ReAssessmentPhysicalHealth,TASK_COMPLETE,SUCCESS,INFO,842,842,0,,2026-09-06T19:04:34.627Z,2026-09-06T19:30:03.879Z,1529,2026-09-06T19:30:03.879Z,VBRA,Brainerd,5cce37fd-5f38-41c5-90e1-d9efeb3bd245,SAMMS-BrainerdV6
202608310614114519,202608310614114518,20260624115731,37,152,KnowBe4 Enrollments API,br_knowbe4_enrollments,TASK_FAILED,FAILED,ERROR,0,0,0,404 Client Error: Not Found for url: https://us.api.knowbe4.com/v1/training/enrollments123?page=1&per_page=500,2026-08-31T06:14:29.000Z,2026-08-31T06:15:02.448Z,30,2026-08-31T06:15:02.448Z,,,abc,
202608310628564027,202608310628564026,20260831055942,135,13738,Salesforce Callback List Contact,br_sf_contact_cl,TASK_ALREADY_COMPLETED,ALREADY_COMPLETED,INFO,0,0,0,Already succeeded in previous attempt,2026-08-31T06:29:04.299Z,2026-08-31T06:29:04.299Z,0,2026-08-31T06:29:04.299Z,,,a7cd751e-6e5d-4276-9b13-7268f73d8177,
202609041020122941,202609041020122941,20260904085233,135,13741,Salesforce Callback List Account,br_sf_account_cl,TASK_ALREADY_COMPLETED,ALREADY_COMPLETED,INFO,0,0,0,Already succeeded in previous attempt,2026-09-04T10:20:19.421Z,2026-09-04T10:20:19.421Z,0,2026-09-04T10:20:19.421Z,,,ed8b9765-c547-4373-9ec0-3b2a53aee49e,
202608310631310678,202608310631310678,20260831055942,135,13741,Salesforce Callback List Account,br_sf_account_cl,TASK_ALREADY_COMPLETED,ALREADY_COMPLETED,INFO,0,0,0,Already succeeded in previous attempt,2026-08-31T06:31:41.841Z,2026-08-31T06:31:41.841Z,0,2026-08-31T06:31:41.841Z,,,a7cd751e-6e5d-4276-9b13-7268f73d8177,
202609031211570493,202609031145401765,202609031145401700,85,3095,Bronze INV,br_ReAssessment,TASK_COMPLETE,SUCCESS,INFO,0,0,0,,2026-09-03T11:45:45.517Z,2026-09-03T12:12:16.686Z,1591,2026-09-03T12:12:16.686Z,FW,Fort Wayne,8e54a6a2-7031-4831-b2c0-8c5ea7811246,SAMMS-FortWayne
202609031211570494,202609031145401766,202609031145401700,85,3096,Bronze INV,br_ReAssessment,TASK_COMPLETE,SUCCESS,INFO,0,0,0,,2026-09-03T11:45:45.517Z,2026-09-03T12:12:16.686Z,1591,2026-09-03T12:12:16.686Z,GAL,Gaylord,8e54a6a2-7031-4831-b2c0-8c5ea7811246,SAMMS-Gaylord
202609031211570496,202609031145401767,202609031145401700,85,3100,Bronze INV,br_ReAssessment,TASK_COMPLETE,SUCCESS,INFO,0,0,0,,2026-09-03T11:45:45.517Z,2026-09-03T12:12:16.686Z,1591,2026-09-03T12:12:16.686Z,HGT,Hagerstown,8e54a6a2-7031-4831-b2c0-8c5ea7811246,SAMMS-Hagerstown
202609031211570497,202609031145401768,202609031145401700,85,3101,Bronze INV,br_ReAssessment,TASK_COMPLETE,SUCCESS,INFO,0,0,0,,2026-09-03T11:45:45.517Z,2026-09-03T12:12:16.686Z,1591,2026-09-03T12:12:16.686Z,HNT,Huntsville,8e54a6a2-7031-4831-b2c0-8c5ea7811246,SAMMS-Huntsville
202609031211570498,202609031145401769,202609031145401700,85,3102,Bronze INV,br_ReAssessment,TASK_COMPLETE,SUCCESS,INFO,0,0,0,,2026-09-03T11:45:45.517Z,2026-09-03T12:12:16.686Z,1591,2026-09-03T12:12:16.686Z,HS,Hot Springs,8e54a6a2-7031-4831-b2c0-8c5ea7811246,SAMMS-HotSprings
202609031211570499,202609031145401770,202609031145401700,85,3103,Bronze INV,br_ReAssessment,TASK_COMPLETE,SUCCESS,INFO,0,0,0,,2026-09-03T11:45:45.517Z,2026-09-03T12:12:16.686Z,1591,2026-09-03T12:12:16.686Z,JON,Jonesboro,8e54a6a2-7031-4831-b2c0-8c5ea7811246,SAMMS-Jonesboro
202609031211570500,202609031145401771,202609031145401700,85,3105,Bronze INV,br_ReAssessment,TASK_COMPLETE,SUCCESS,INFO,0,0,0,,2026-09-03T11:45:45.517Z,2026-09-03T12:12:16.686Z,1591,2026-09-03T12:12:16.686Z,LAN,Lansing,8e54a6a2-7031-4831-b2c0-8c5ea7811246,SAMMS-Lansing
202609031211570501,202609031145401772,202609031145401700,85,3106,Bronze INV,br_ReAssessment,TASK_COMPLETE,SUCCESS,INFO,0,0,0,,2026-09-03T11:45:45.517Z,2026-09-03T12:12:16.686Z,1591,2026-09-03T12:12:16.686Z,LO,Louisville,8e54a6a2-7031-4831-b2c0-8c5ea7811246,SAMMS-Louisville
202609020755280788,202609020755280789,20260902075528,131,13688,Readmission Table Silver,sl_vwReadmissions,TASK_FAILED,FAILED,ERROR,0,0,1,"unterminated string literal (detected at line 1) (2749844837.py, line 1)",2026-09-02T07:55:28.078Z,2026-09-02T07:55:28.078Z,0,2026-09-02T07:55:28.078Z,,,f562eee4-f86a-49c1-9861-ae5499704fc4,
202608310140013586,202608310122145985,202608310122145969,118,11652,Bronze P1/P2 Assessments,br_NewPeriodicReassessmentD5,TASK_COMPLETE,SUCCESS,INFO,0,0,0,,2026-08-31T01:22:19.883Z,2026-08-31T01:40:07.174Z,1068,2026-08-31T01:40:07.174Z,B33,Paducah,4b7273e0-0d54-485d-b4db-ed019a136434,SAMMS-Paducah
202608310140013587,202608310122145986,202608310122145969,118,11827,Bronze P1/P2 Assessments,br_NewPeriodicReassessmentD6,TASK_COMPLETE,SUCCESS,INFO,0,0,0,,2026-08-31T01:22:19.883Z,2026-08-31T01:40:07.174Z,1068,2026-08-31T01:40:07.174Z,B24,Paintsville,4b7273e0-0d54-485d-b4db-ed019a136434,SAMMS-PaintsvilleV5
202608310140013589,202608310122145987,202608310122145969,118,11836,Bronze P1/P2 Assessments,br_NewPeriodicReassessmentD6,TASK_COMPLETE,SUCCESS,INFO,0,0,0,,2026-08-31T01:22:19.883Z,2026-08-31T01:40:07.174Z,1068,2026-08-31T01:40:07.174Z,B33,Paducah,4b7273e0-0d54-485d-b4db-ed019a136434,SAMMS-Paducah
202608310140013583,202608310122145982,202608310122145969,118,11459,Bronze P1/P2 Assessments,br_NewPeriodicReassessmentD4,TASK_COMPLETE,SUCCESS,INFO,0,0,0,,2026-08-31T01:22:19.883Z,2026-08-31T01:40:07.174Z,1068,2026-08-31T01:40:07.174Z,B24,Paintsville,4b7273e0-0d54-485d-b4db-ed019a136434,SAMMS-PaintsvilleV5
202608310140013584,202608310122145983,202608310122145969,118,11468,Bronze P1/P2 Assessments,br_NewPeriodicReassessmentD4,TASK_COMPLETE,SUCCESS,INFO,0,0,0,,2026-08-31T01:22:19.883Z,2026-08-31T01:40:07.174Z,1068,2026-08-31T01:40:07.174Z,B33,Paducah,4b7273e0-0d54-485d-b4db-ed019a136434,SAMMS-Paducah
202608310140013585,202608310122145984,202608310122145969,118,11643,Bronze P1/P2 Assessments,br_NewPeriodicReassessmentD5,TASK_COMPLETE,SUCCESS,INFO,0,0,0,,2026-08-31T01:22:19.883Z,2026-08-31T01:40:07.174Z,1068,2026-08-31T01:40:07.174Z,B24,Paintsville,4b7273e0-0d54-485d-b4db-ed019a136434,SAMMS-PaintsvilleV5
202608310140013579,202608310122145979,202608310122145969,118,11100,Bronze P1/P2 Assessments,br_NewPeriodicReassessmentD2,TASK_COMPLETE,SUCCESS,INFO,0,0,0,,2026-08-31T01:22:19.883Z,2026-08-31T01:40:07.174Z,1068,2026-08-31T01:40:07.174Z,B33,Paducah,4b7273e0-0d54-485d-b4db-ed019a136434,SAMMS-Paducah
202608310140013581,202608310122145980,202608310122145969,118,11275,Bronze P1/P2 Assessments,br_NewPeriodicReassessmentD3,TASK_COMPLETE,SUCCESS,INFO,0,0,0,,2026-08-31T01:22:19.883Z,2026-08-31T01:40:07.174Z,1068,2026-08-31T01:40:07.174Z,B24,Paintsville,4b7273e0-0d54-485d-b4db-ed019a136434,SAMMS-PaintsvilleV5
202608310140013582,202608310122145981,202608310122145969,118,11284,Bronze P1/P2 Assessments,br_NewPeriodicReassessmentD3,TASK_COMPLETE,SUCCESS,INFO,0,0,0,,2026-08-31T01:22:19.883Z,2026-08-31T01:40:07.174Z,1068,2026-08-31T01:40:07.174Z,B33,Paducah,4b7273e0-0d54-485d-b4db-ed019a136434,SAMMS-Paducah
202609011028073313,202609011028073314,20260901102807,131,13688,Readmission Table Silver,sl_vwReadmissions,TASK_FAILED,FAILED,ERROR,0,0,1,"unterminated string literal (detected at line 1) (2749844837.py, line 1)",2026-09-01T10:28:07.331Z,2026-09-01T10:28:07.331Z,0,2026-09-01T10:28:07.331Z,,,8c3676e8-d58d-437c-9023-2772832360f2,
202609011017288025,202609011017288026,20260901101728,131,13688,Readmission Table Silver,sl_vwReadmissions,TASK_FAILED,FAILED,ERROR,0,0,1,"unterminated string literal (detected at line 1) (2749844837.py, line 1)",2026-09-01T10:17:28.802Z,2026-09-01T10:17:28.802Z,0,2026-09-01T10:17:28.802Z,,,abfb3bca-646d-44bb-b5ec-08029aef4721,
202609031143355699,202609031143355699,202608171018106132,83,6808,Silver Salesforce Outbound SMS,sl_sf_outboundsms,TASK_ALREADY_COMPLETED,ALREADY_COMPLETED,INFO,0,0,0,Already succeeded in previous attempt,2026-09-03T11:43:41.118Z,2026-09-03T11:43:41.118Z,0,2026-09-03T11:43:41.118Z,,,b5204bb1-5640-4c52-9143-fe923aba5573,
202609041215156028,202609041215156028,202608150818522823,83,6808,Silver Salesforce Outbound SMS,sl_sf_outboundsms,TASK_ALREADY_COMPLETED,ALREADY_COMPLETED,INFO,0,0,0,Already succeeded in previous attempt,2026-09-04T12:15:48.201Z,2026-09-04T12:15:48.201Z,0,2026-09-04T12:15:48.201Z,,,6ab129c1-fb62-4518-bfad-8f6d8d29c3ca,
202609021739056515,202609021739056515,202608201136586561,83,6808,Silver Salesforce Outbound SMS,sl_sf_outboundsms,TASK_ALREADY_COMPLETED,ALREADY_COMPLETED,INFO,0,0,0,Already succeeded in previous attempt,2026-09-02T17:39:11.457Z,2026-09-02T17:39:11.457Z,0,2026-09-02T17:39:11.457Z,,,0d5be434-3f1a-4f4b-ae90-f0c48a55ec54,
202609031359541145,202609031332601390,202609031332601326,85,3094,Bronze INV,br_ReAssessment,TASK_COMPLETE,SUCCESS,INFO,0,0,0,,2026-09-03T13:33:12.351Z,2026-09-03T13:59:59.406Z,1607,2026-09-03T13:59:59.406Z,FS,Fort Smith,ef652adf-cab1-42cd-a0bf-1cd03c8c16e7,SAMMS-FortSmith
202609031359541146,202609031332601391,202609031332601326,85,3095,Bronze INV,br_ReAssessment,TASK_COMPLETE,SUCCESS,INFO,472,472,0,,2026-09-03T13:33:12.351Z,2026-09-03T13:59:59.406Z,1607,2026-09-03T13:59:59.406Z,FW,Fort Wayne,ef652adf-cab1-42cd-a0bf-1cd03c8c16e7,SAMMS-FortWayne
202609031359541147,202609031332601392,202609031332601326,85,3096,Bronze INV,br_ReAssessment,TASK_COMPLETE,SUCCESS,INFO,276,276,0,,2026-09-03T13:33:12.351Z,2026-09-03T13:59:59.406Z,1607,2026-09-03T13:59:59.406Z,GAL,Gaylord,ef652adf-cab1-42cd-a0bf-1cd03c8c16e7,SAMMS-Gaylord
202609031359541149,202609031332601393,202609031332601326,85,3100,Bronze INV,br_ReAssessment,TASK_COMPLETE,SUCCESS,INFO,102,102,0,,2026-09-03T13:33:12.351Z,2026-09-03T13:59:59.406Z,1607,2026-09-03T13:59:59.406Z,HGT,Hagerstown,ef652adf-cab1-42cd-a0bf-1cd03c8c16e7,SAMMS-Hagerstown
202609031359541150,202609031332601394,202609031332601326,85,3101,Bronze INV,br_ReAssessment,TASK_COMPLETE,SUCCESS,INFO,1747,1747,0,,2026-09-03T13:33:12.351Z,2026-09-03T13:59:59.406Z,1607,2026-09-03T13:59:59.406Z,HNT,Huntsville,ef652adf-cab1-42cd-a0bf-1cd03c8c16e7,SAMMS-Huntsville
202609031359541151,202609031332601395,202609031332601326,85,3102,Bronze INV,br_ReAssessment,TASK_COMPLETE,SUCCESS,INFO,0,0,0,,2026-09-03T13:33:12.351Z,2026-09-03T13:59:59.406Z,1607,2026-09-03T13:59:59.406Z,HS,Hot Springs,ef652adf-cab1-42cd-a0bf-1cd03c8c16e7,SAMMS-HotSprings
202609031359541152,202609031332601396,202609031332601326,85,3103,Bronze INV,br_ReAssessment,TASK_COMPLETE,SUCCESS,INFO,0,0,0,,2026-09-03T13:33:12.351Z,2026-09-03T13:59:59.406Z,1607,2026-09-03T13:59:59.406Z,JON,Jonesboro,ef652adf-cab1-42cd-a0bf-1cd03c8c16e7,SAMMS-Jonesboro
202609030359433302,202609030359433301,20260903032750,103,6812,Bronze Active Directory AADUsers,br_activedirectory_aadusers,TASK_FAILED,FAILED,ERROR,0,0,1,name fetch_absolute_paginated_data is not defined,2026-09-03T03:59:48.515Z,2026-09-03T04:00:13.118Z,22,2026-09-03T04:00:13.118Z,,,9e67ec21-258b-468c-adea-f34fc1dc4e19,
202609030355523034,202609030355523033,20260903032750,103,6812,Bronze Active Directory AADUsers,br_activedirectory_aadusers,TASK_FAILED,FAILED,ERROR,0,0,1,name fetch_absolute_paginated_data is not defined,2026-09-03T03:55:57.532Z,2026-09-03T03:56:18.697Z,18,2026-09-03T03:56:18.697Z,,,9e67ec21-258b-468c-adea-f34fc1dc4e1f,
202609030335017628,202609030335017627,20260903032750,103,6812,Bronze Active Directory AADUsers,br_activedirectory_aadusers,TASK_FAILED,FAILED,ERROR,0,0,1,name fetch_absolute_paginated_data is not defined,2026-09-03T03:35:06.833Z,2026-09-03T03:35:27.395Z,17,2026-09-03T03:35:27.395Z,,,1f58675b-47d4-4d7c-aa48-733567df8724,
202609030327562051,202609030327562050,20260903032750,103,6812,Bronze Active Directory AADUsers,br_activedirectory_aadusers,TASK_FAILED,FAILED,ERROR,0,0,1,name fetch_absolute_paginated_data is not defined,2026-09-03T03:28:01.998Z,2026-09-03T03:28:23.496Z,18,2026-09-03T03:28:23.496Z,,,a681e930-baf4-41ef-8b08-f9cc56c68d4a,
202608311133356471,202608311133356472,20260831113335,116,8626,nb_patientservices_slv_to_slv,PatientServicesNoShow,TASK_FAILED,FAILED,ERROR,0,0,1,No active EtlConfig found for: nb_patientservices_slv_to_slv,2026-08-31T11:33:35.647Z,2026-08-31T11:33:35.647Z,0,2026-08-31T11:33:35.647Z,,,32d33118-3b87-427f-b8cc-5c7d76af4a15,
202609022031236215,202609021926296323,202609021926296228,85,3141,Bronze INV,br_ReAssessment,TASK_COMPLETE,SUCCESS,INFO,0,0,0,,2026-09-02T19:26:44.280Z,2026-09-02T20:31:28.769Z,3884,2026-09-02T20:31:28.769Z,V10,Longmont,aa9f49a8-9ff8-4a6e-a263-7617045dadde,SAMMS-BoulderV5
202609022031236216,202609021926296324,202609021926296228,85,3142,Bronze INV,br_ReAssessment,TASK_COMPLETE,SUCCESS,INFO,113,113,0,,2026-09-02T19:26:44.280Z,2026-09-02T20:31:28.769Z,3884,2026-09-02T20:31:28.769Z,V10A,Fort Collins,aa9f49a8-9ff8-4a6e-a263-7617045dadde,SAMMS-FortCollinsV5
202609022031236217,202609021926296325,202609021926296228,85,3143,Bronze INV,br_ReAssessment,TASK_COMPLETE,SUCCESS,INFO,0,0,0,,2026-09-02T19:26:44.280Z,2026-09-02T20:31:28.769Z,3884,2026-09-02T20:31:28.769Z,V11,Westminster,aa9f49a8-9ff8-4a6e-a263-7617045dadde,SAMMS-VCPHCS-XI-NorthDenverV5
202609022031236218,202609021926296326,202609021926296228,85,3144,Bronze INV,br_ReAssessment,TASK_COMPLETE,SUCCESS,INFO,80,80,0,,2026-09-02T19:26:44.280Z,2026-09-02T20:31:28.769Z,3884,2026-09-02T20:31:28.769Z,V12,Downtown Denver,aa9f49a8-9ff8-4a6e-a263-7617045dadde,SAMMS-VCPHCS-XII-DowntownDenverV5
202609041343414131,202609041343414131,202608171026319654,84,13676,Gold Salesforce PatientContacts,PatientContacts,TASK_ALREADY_COMPLETED,ALREADY_COMPLETED,INFO,0,0,0,Already succeeded in previous attempt,2026-09-04T13:43:46.628Z,2026-09-04T13:43:46.628Z,0,2026-09-04T13:43:46.628Z,,,bd9b2318-654e-4f3d-b09e-bcdf6b219232,
202609041629222180,202609041629222180,202608171026319654,84,13676,Gold Salesforce PatientContacts,PatientContacts,TASK_ALREADY_COMPLETED,ALREADY_COMPLETED,INFO,0,0,0,Already succeeded in previous attempt,2026-09-04T16:29:27.477Z,2026-09-04T16:29:27.477Z,0,2026-09-04T16:29:27.477Z,,,7a604b07-1e27-4ff8-bd86-1860fd5608a2,
202609021751009057,202609021751009057,202608171026319654,84,13676,Gold Salesforce PatientContacts,PatientContacts,TASK_ALREADY_COMPLETED,ALREADY_COMPLETED,INFO,0,0,0,Already succeeded in previous attempt,2026-09-02T17:51:12.080Z,2026-09-02T17:51:12.080Z,0,2026-09-02T17:51:12.080Z,,,0d5be434-3f1a-4f4b-ae90-f0c48a55ec54,
202609041438201667,202609041438201667,202608171026319654,84,13676,Gold Salesforce PatientContacts,PatientContacts,TASK_ALREADY_COMPLETED,ALREADY_COMPLETED,INFO,0,0,0,Already succeeded in previous attempt,2026-09-04T14:38:26.167Z,2026-09-04T14:38:26.167Z,0,2026-09-04T14:38:26.167Z,,,9d7b1c7e-8065-427d-99c7-89e3c8306b1f,
202609041224161989,202609041224161989,202608171026319654,84,13676,Gold Salesforce PatientContacts,PatientContacts,TASK_ALREADY_COMPLETED,ALREADY_COMPLETED,INFO,0,0,0,Already succeeded in previous attempt,2026-09-04T12:24:23.692Z,2026-09-04T12:24:23.692Z,0,2026-09-04T12:24:23.692Z,,,6ab129c1-fb62-4518-bfad-8f6d8d29c3ca,
202609031148123520,202609031148123520,202608171026319654,84,13676,Gold Salesforce PatientContacts,PatientContacts,TASK_ALREADY_COMPLETED,ALREADY_COMPLETED,INFO,0,0,0,Already succeeded in previous attempt,2026-09-03T11:48:17.430Z,2026-09-03T11:48:17.430Z,0,2026-09-03T11:48:17.430Z,,,b5204bb1-5640-4c52-9143-fe923aba5573,
202609071930403919,202609071904636305,202609071904636230,85,4029,Bronze INV,br_ReAssessmentPhysicalHealth,TASK_COMPLETE,SUCCESS,INFO,110,110,0,,2026-09-07T19:05:10.929Z,2026-09-07T19:30:45.588Z,1535,2026-09-07T19:30:45.588Z,LV3,McDaniel,fc48ec9c-d1b8-4775-bd67-583e82846e52,SAMMS-McDaniel
202609071930403921,202609071904636306,202609071904636230,85,4032,Bronze INV,br_ReAssessmentPhysicalHealth,TASK_COMPLETE,SUCCESS,INFO,358,358,0,,2026-09-07T19:05:10.929Z,2026-09-07T19:30:45.588Z,1535,2026-09-07T19:30:45.588Z,MNRE,Monroe,fc48ec9c-d1b8-4775-bd67-583e82846e52,SAMMS-Monroe
202609071930403922,202609071904636307,202609071904636230,85,4033,Bronze INV,br_ReAssessmentPhysicalHealth,TASK_COMPLETE,SUCCESS,INFO,1427,1427,0,,2026-09-07T19:05:10.929Z,2026-09-07T19:30:45.588Z,1535,2026-09-07T19:30:45.588Z,MP,Mt. Pleasant,fc48ec9c-d1b8-4775-bd67-583e82846e52,SAMMS-MtPleasant
202609071930403923,202609071904636308,202609071904636230,85,4034,Bronze INV,br_ReAssessmentPhysicalHealth,TASK_COMPLETE,SUCCESS,INFO,153,153,0,,2026-09-07T19:05:10.929Z,2026-09-07T19:30:45.588Z,1535,2026-09-07T19:30:45.588Z,MRD,Meridian,fc48ec9c-d1b8-4775-bd67-583e82846e52,SAMMS-Meridian
202609051930319770,202609051904109292,202609051904109217,85,4029,Bronze INV,br_ReAssessmentPhysicalHealth,TASK_COMPLETE,SUCCESS,INFO,110,110,0,,2026-09-05T19:04:18.404Z,2026-09-05T19:30:36.887Z,1578,2026-09-05T19:30:36.887Z,LV3,McDaniel,a7cfa2a8-4e03-4cce-a64e-9a92e6e67f12,SAMMS-McDaniel
202609051930319771,202609051904109293,202609051904109217,85,4032,Bronze INV,br_ReAssessmentPhysicalHealth,TASK_COMPLETE,SUCCESS,INFO,358,358,0,,2026-09-05T19:04:18.404Z,2026-09-05T19:30:36.887Z,1578,2026-09-05T19:30:36.887Z,MNRE,Monroe,a7cfa2a8-4e03-4cce-a64e-9a92e6e67f12,SAMMS-Monroe
202609051930319772,202609051904109294,202609051904109217,85,4033,Bronze INV,br_ReAssessmentPhysicalHealth,TASK_COMPLETE,SUCCESS,INFO,1427,1427,0,,2026-09-05T19:04:18.404Z,2026-09-05T19:30:36.887Z,1578,2026-09-05T19:30:36.887Z,MP,Mt. Pleasant,a7cfa2a8-4e03-4cce-a64e-9a92e6e67f12,SAMMS-MtPleasant
202609051930319774,202609051904109295,202609051904109217,85,4034,Bronze INV,br_ReAssessmentPhysicalHealth,TASK_COMPLETE,SUCCESS,INFO,153,153,0,,2026-09-05T19:04:18.404Z,2026-09-05T19:30:36.887Z,1578,2026-09-05T19:30:36.887Z,MRD,Meridian,a7cfa2a8-4e03-4cce-a64e-9a92e6e67f12,SAMMS-Meridian
202609071930403911,202609071904636299,202609071904636230,85,4022,Bronze INV,br_ReAssessmentPhysicalHealth,TASK_COMPLETE,SUCCESS,INFO,0,0,0,,2026-09-07T19:05:10.929Z,2026-09-07T19:30:45.588Z,1535,2026-09-07T19:30:45.588Z,HS,Hot Springs,fc48ec9c-d1b8-4775-bd67-583e82846e52,SAMMS-HotSprings
202609071930403913,202609071904636300,202609071904636230,85,4023,Bronze INV,br_ReAssessmentPhysicalHealth,TASK_COMPLETE,SUCCESS,INFO,0,0,0,,2026-09-07T19:05:10.929Z,2026-09-07T19:30:45.588Z,1535,2026-09-07T19:30:45.588Z,JON,Jonesboro,fc48ec9c-d1b8-4775-bd67-583e82846e52,SAMMS-Jonesboro
202609071930403915,202609071904636301,202609071904636230,85,4025,Bronze INV,br_ReAssessmentPhysicalHealth,TASK_COMPLETE,SUCCESS,INFO,448,448,0,,2026-09-07T19:05:10.929Z,2026-09-07T19:30:45.588Z,1535,2026-09-07T19:30:45.588Z,LAN,Lansing,fc48ec9c-d1b8-4775-bd67-583e82846e52,SAMMS-Lansing
202609071930403916,202609071904636302,202609071904636230,85,4026,Bronze INV,br_ReAssessmentPhysicalHealth,TASK_COMPLETE,SUCCESS,INFO,1290,1290,0,,2026-09-07T19:05:10.929Z,2026-09-07T19:30:45.588Z,1535,2026-09-07T19:30:45.588Z,LO,Louisville,fc48ec9c-d1b8-4775-bd67-583e82846e52,SAMMS-Louisville
202609051930319763,202609051904109286,202609051904109217,85,4022,Bronze INV,br_ReAssessmentPhysicalHealth,TASK_COMPLETE,SUCCESS,INFO,0,0,0,,2026-09-05T19:04:18.404Z,2026-09-05T19:30:36.887Z,1578,2026-09-05T19:30:36.887Z,HS,Hot Springs,a7cfa2a8-4e03-4cce-a64e-9a92e6e67f12,SAMMS-HotSprings
202609051930319765,202609051904109287,202609051904109217,85,4023,Bronze INV,br_ReAssessmentPhysicalHealth,TASK_COMPLETE,SUCCESS,INFO,0,0,0,,2026-09-05T19:04:18.404Z,2026-09-05T19:30:36.887Z,1578,2026-09-05T19:30:36.887Z,JON,Jonesboro,a7cfa2a8-4e03-4cce-a64e-9a92e6e67f12,SAMMS-Jonesboro
202609051930319766,202609051904109288,202609051904109217,85,4025,Bronze INV,br_ReAssessmentPhysicalHealth,TASK_COMPLETE,SUCCESS,INFO,448,448,0,,2026-09-05T19:04:18.404Z,2026-09-05T19:30:36.887Z,1578,2026-09-05T19:30:36.887Z,LAN,Lansing,a7cfa2a8-4e03-4cce-a64e-9a92e6e67f12,SAMMS-Lansing
202609051930319767,202609051904109289,202609051904109217,85,4026,Bronze INV,br_ReAssessmentPhysicalHealth,TASK_COMPLETE,SUCCESS,INFO,1290,1290,0,,2026-09-05T19:04:18.404Z,2026-09-05T19:30:36.887Z,1578,2026-09-05T19:30:36.887Z,LO,Louisville,a7cfa2a8-4e03-4cce-a64e-9a92e6e67f12,SAMMS-Louisville
202609031141050954,202609031141050953,202608171018106132,83,209,Silver Salesforce Record Types,sl_sf_recordtype,TASK_ALREADY_COMPLETED,ALREADY_COMPLETED,INFO,0,0,0,Already succeeded in previous attempt,2026-09-03T11:41:10.695Z,2026-09-03T11:41:10.695Z,0,2026-09-03T11:41:10.695Z,,,b5204bb1-5640-4c52-9143-fe923aba5573,
202609041209558252,202609041209558251,202608150818522823,83,209,Silver Salesforce Record Types,sl_sf_recordtype,TASK_ALREADY_COMPLETED,ALREADY_COMPLETED,INFO,0,0,0,Already succeeded in previous attempt,2026-09-04T12:10:12.192Z,2026-09-04T12:10:12.192Z,0,2026-09-04T12:10:12.192Z,,,6ab129c1-fb62-4518-bfad-8f6d8d29c3ca,
202609021735222746,202609021735222745,202608201136586561,83,209,Silver Salesforce Record Types,sl_sf_recordtype,TASK_ALREADY_COMPLETED,ALREADY_COMPLETED,INFO,0,0,0,Already succeeded in previous attempt,2026-09-02T17:35:27.727Z,2026-09-02T17:35:27.727Z,0,2026-09-02T17:35:27.727Z,,,0d5be434-3f1a-4f4b-ae90-f0c48a55ec54,
202609051930319786,202609051904109306,202609051904109217,85,4054,Bronze INV,br_ReAssessmentPhysicalHealth,TASK_COMPLETE,SUCCESS,INFO,0,0,0,,2026-09-05T19:04:18.404Z,2026-09-05T19:30:36.887Z,1578,2026-09-05T19:30:36.887Z,TEX,Texarkana,a7cfa2a8-4e03-4cce-a64e-9a92e6e67f12,SAMMS-Texarkana
202609051930319787,202609051904109307,202609051904109217,85,4055,Bronze INV,br_ReAssessmentPhysicalHealth,TASK_COMPLETE,SUCCESS,INFO,1084,1084,0,,2026-09-05T19:04:18.404Z,2026-09-05T19:30:36.887Z,1578,2026-09-05T19:30:36.887Z,TTCA,Bessemer,a7cfa2a8-4e03-4cce-a64e-9a92e6e67f12,SAMMS-BessemerV5
202609051930319788,202609051904109308,202609051904109217,85,4056,Bronze INV,br_ReAssessmentPhysicalHealth,TASK_COMPLETE,SUCCESS,INFO,1321,1321,0,,2026-09-05T19:04:18.404Z,2026-09-05T19:30:36.887Z,1578,2026-09-05T19:30:36.887Z,TTCB,Cullman,a7cfa2a8-4e03-4cce-a64e-9a92e6e67f12,SAMMS-CullmanV5
202609051930319789,202609051904109309,202609051904109217,85,4057,Bronze INV,br_ReAssessmentPhysicalHealth,TASK_COMPLETE,SUCCESS,INFO,945,945,0,,2026-09-05T19:04:18.404Z,2026-09-05T19:30:36.887Z,1578,2026-09-05T19:30:36.887Z,TTCC,Grand Bay,a7cfa2a8-4e03-4cce-a64e-9a92e6e67f12,SAMMS-GrandBay
202609061929598611,202609061904281307,202609061904281249,85,4007,Bronze INV,br_ReAssessmentPhysicalHealth,TASK_COMPLETE,SUCCESS,INFO,3205,3205,0,,2026-09-06T19:04:34.627Z,2026-09-06T19:30:03.879Z,1529,2026-09-06T19:30:03.879Z,DRD-NOLA,NOLA,5cce37fd-5f38-41c5-90e1-d9efeb3bd245,SAMMS-NOLAv5
202609061929598613,202609061904281308,202609061904281249,85,4008,Bronze INV,br_ReAssessmentPhysicalHealth,TASK_COMPLETE,SUCCESS,INFO,802,802,0,,2026-09-06T19:04:34.627Z,2026-09-06T19:30:03.879Z,1529,2026-09-06T19:30:03.879Z,DRD-SF,Springfield,5cce37fd-5f38-41c5-90e1-d9efeb3bd245,SAMMS-SFv5
202609061929598614,202609061904281309,202609061904281249,85,4010,Bronze INV,br_ReAssessmentPhysicalHealth,TASK_COMPLETE,SUCCESS,INFO,261,261,0,,2026-09-06T19:04:34.627Z,2026-09-06T19:30:03.879Z,1529,2026-09-06T19:30:03.879Z,ELC,Elizabeth City,5cce37fd-5f38-41c5-90e1-d9efeb3bd245,SAMMS-ElizabethCity
202609041734097435,202609041706274002,202609041706273944,85,4007,Bronze INV,br_ReAssessmentPhysicalHealth,TASK_COMPLETE,SUCCESS,INFO,3205,3205,0,,2026-09-04T17:06:35.444Z,2026-09-04T17:34:13.654Z,1658,2026-09-04T17:34:13.654Z,DRD-NOLA,NOLA,5652dc3b-8824-4606-a16d-f373dc1d2ada,SAMMS-NOLAv5
202609041734097436,202609041706274003,202609041706273944,85,4008,Bronze INV,br_ReAssessmentPhysicalHealth,TASK_COMPLETE,SUCCESS,INFO,802,802,0,,2026-09-04T17:06:35.444Z,2026-09-04T17:34:13.654Z,1658,2026-09-04T17:34:13.654Z,DRD-SF,Springfield,5652dc3b-8824-4606-a16d-f373dc1d2ada,SAMMS-SFv5
202609041734097438,202609041706274004,202609041706273944,85,4010,Bronze INV,br_ReAssessmentPhysicalHealth,TASK_COMPLETE,SUCCESS,INFO,261,261,0,,2026-09-04T17:06:35.444Z,2026-09-04T17:34:13.654Z,1658,2026-09-04T17:34:13.654Z,ELC,Elizabeth City,5652dc3b-8824-4606-a16d-f373dc1d2ada,SAMMS-ElizabethCity
202609071930403936,202609071904636319,202609071904636230,85,4054,Bronze INV,br_ReAssessmentPhysicalHealth,TASK_COMPLETE,SUCCESS,INFO,0,0,0,,2026-09-07T19:05:10.929Z,2026-09-07T19:30:45.588Z,1535,2026-09-07T19:30:45.588Z,TEX,Texarkana,fc48ec9c-d1b8-4775-bd67-583e82846e52,SAMMS-Texarkana
202609071930403937,202609071904636320,202609071904636230,85,4055,Bronze INV,br_ReAssessmentPhysicalHealth,TASK_COMPLETE,SUCCESS,INFO,1084,1084,0,,2026-09-07T19:05:10.929Z,2026-09-07T19:30:45.588Z,1535,2026-09-07T19:30:45.588Z,TTCA,Bessemer,fc48ec9c-d1b8-4775-bd67-583e82846e52,SAMMS-BessemerV5
202609071930403938,202609071904636321,202609071904636230,85,4056,Bronze INV,br_ReAssessmentPhysicalHealth,TASK_COMPLETE,SUCCESS,INFO,1321,1321,0,,2026-09-07T19:05:10.929Z,2026-09-07T19:30:45.588Z,1535,2026-09-07T19:30:45.588Z,TTCB,Cullman,fc48ec9c-d1b8-4775-bd67-583e82846e52,SAMMS-CullmanV5
202609071930403939,202609071904636322,202609071904636230,85,4057,Bronze INV,br_ReAssessmentPhysicalHealth,TASK_COMPLETE,SUCCESS,INFO,945,945,0,,2026-09-07T19:05:10.929Z,2026-09-07T19:30:45.588Z,1535,2026-09-07T19:30:45.588Z,TTCC,Grand Bay,fc48ec9c-d1b8-4775-bd67-583e82846e52,SAMMS-GrandBay
202609041734097418,202609041706273987,202609041706273944,85,3966,Bronze INV,br_ReAssessmentPhysicalHealth,TASK_COMPLETE,SUCCESS,INFO,0,0,0,,2026-09-04T17:06:35.444Z,2026-09-04T17:34:13.654Z,1658,2026-09-04T17:34:13.654Z,B76,Huntsville OBOT,5652dc3b-8824-4606-a16d-f373dc1d2ada,SAMMS-Huntsville-OBOT
202609041734097419,202609041706273988,202609041706273944,85,3967,Bronze INV,br_ReAssessmentPhysicalHealth,TASK_COMPLETE,SUCCESS,INFO,0,0,0,,2026-09-04T17:06:35.444Z,2026-09-04T17:34:13.654Z,1658,2026-09-04T17:34:13.654Z,BAT,Batesville,5652dc3b-8824-4606-a16d-f373dc1d2ada,SAMMS-Batesville
202609041734097420,202609041706273989,202609041706273944,85,3968,Bronze INV,br_ReAssessmentPhysicalHealth,TASK_COMPLETE,SUCCESS,INFO,461,461,0,,2026-09-04T17:06:35.444Z,2026-09-04T17:34:13.654Z,1658,2026-09-04T17:34:13.654Z,BG,Bowling Green,5652dc3b-8824-4606-a16d-f373dc1d2ada,SAMMS-BowlingGreen
202609061929598594,202609061904281292,202609061904281249,85,3966,Bronze INV,br_ReAssessmentPhysicalHealth,TASK_COMPLETE,SUCCESS,INFO,0,0,0,,2026-09-06T19:04:34.627Z,2026-09-06T19:30:03.879Z,1529,2026-09-06T19:30:03.879Z,B76,Huntsville OBOT,5cce37fd-5f38-41c5-90e1-d9efeb3bd245,SAMMS-Huntsville-OBOT
202609061929598596,202609061904281293,202609061904281249,85,3967,Bronze INV,br_ReAssessmentPhysicalHealth,TASK_COMPLETE,SUCCESS,INFO,0,0,0,,2026-09-06T19:04:34.627Z,2026-09-06T19:30:03.879Z,1529,2026-09-06T19:30:03.879Z,BAT,Batesville,5cce37fd-5f38-41c5-90e1-d9efeb3bd245,SAMMS-Batesville
202609061929598597,202609061904281294,202609061904281249,85,3968,Bronze INV,br_ReAssessmentPhysicalHealth,TASK_COMPLETE,SUCCESS,INFO,461,461,0,,2026-09-06T19:04:34.627Z,2026-09-06T19:30:03.879Z,1529,2026-09-06T19:30:03.879Z,BG,Bowling Green,5cce37fd-5f38-41c5-90e1-d9efeb3bd245,SAMMS-BowlingGreen
202608310834584427,202608310834584427,20260831083449,91,5714,Bronze Conferdeploy CBInventory,br_conferdeploy_cbinventory,TASK_COMPLETE,SUCCESS,INFO,0,0,0,No records returned,2026-08-31T08:35:05.652Z,2026-08-31T08:35:29.067Z,23,2026-08-31T08:35:34.239Z,200,226,0,2eddf0ce-6b97-4c82-8bf9-ccbf21e2998e
202608310758503469,202608310758503468,20260831075844,91,5714,Bronze Conferdeploy CBInventory,br_conferdeploy_cbinventory,TASK_COMPLETE,SUCCESS,INFO,0,0,0,No records returned,2026-08-31T07:58:56.245Z,2026-08-31T07:59:08.526Z,12,2026-08-31T07:59:11.192Z,200,210,0,22061772-8118-40ff-82ce-daec1d26d93e
202609071930403950,202609071904636331,202609071904636230,85,4067,Bronze INV,br_ReAssessmentPhysicalHealth,TASK_COMPLETE,SUCCESS,INFO,609,609,0,,2026-09-07T19:05:10.929Z,2026-09-07T19:30:45.588Z,1535,2026-09-07T19:30:45.588Z,V15,Joplin,fc48ec9c-d1b8-4775-bd67-583e82846e52,SAMMS-JoplinV5
202609071930403951,202609071904636332,202609071904636230,85,4069,Bronze INV,br_ReAssessmentPhysicalHealth,TASK_COMPLETE,SUCCESS,INFO,906,906,0,,2026-09-07T19:05:10.929Z,2026-09-07T19:30:45.588Z,1535,2026-09-07T19:30:45.588Z,V17,Columbia TN,fc48ec9c-d1b8-4775-bd67-583e82846e52,SAMMS-ColumbiaTNv5
202609071930403952,202609071904636333,202609071904636230,85,4071,Bronze INV,br_ReAssessmentPhysicalHealth,TASK_COMPLETE,SUCCESS,INFO,534,534,0,,2026-09-07T19:05:10.929Z,2026-09-07T19:30:45.588Z,1535,2026-09-07T19:30:45.588Z,V19,Jackson,fc48ec9c-d1b8-4775-bd67-583e82846e52,SAMMS-JacksonV5
202609071930403953,202609071904636334,202609071904636230,85,4073,Bronze INV,br_ReAssessmentPhysicalHealth,TASK_COMPLETE,SUCCESS,INFO,1776,1776,0,,2026-09-07T19:05:10.929Z,2026-09-07T19:30:45.588Z,1535,2026-09-07T19:30:45.588Z,V20,Paris,fc48ec9c-d1b8-4775-bd67-583e82846e52,SAMMS-ParisV5
202609051930319800,202609051904109318,202609051904109217,85,4067,Bronze INV,br_ReAssessmentPhysicalHealth,TASK_COMPLETE,SUCCESS,INFO,609,609,0,,2026-09-05T19:04:18.404Z,2026-09-05T19:30:36.887Z,1578,2026-09-05T19:30:36.887Z,V15,Joplin,a7cfa2a8-4e03-4cce-a64e-9a92e6e67f12,SAMMS-JoplinV5
202609051930319801,202609051904109319,202609051904109217,85,4069,Bronze INV,br_ReAssessmentPhysicalHealth,TASK_COMPLETE,SUCCESS,INFO,906,906,0,,2026-09-05T19:04:18.404Z,2026-09-05T19:30:36.887Z,1578,2026-09-05T19:30:36.887Z,V17,Columbia TN,a7cfa2a8-4e03-4cce-a64e-9a92e6e67f12,SAMMS-ColumbiaTNv5
202609051930319802,202609051904109320,202609051904109217,85,4071,Bronze INV,br_ReAssessmentPhysicalHealth,TASK_COMPLETE,SUCCESS,INFO,534,534,0,,2026-09-05T19:04:18.404Z,2026-09-05T19:30:36.887Z,1578,2026-09-05T19:30:36.887Z,V19,Jackson,a7cfa2a8-4e03-4cce-a64e-9a92e6e67f12,SAMMS-JacksonV5
202609051930319803,202609051904109321,202609051904109217,85,4073,Bronze INV,br_ReAssessmentPhysicalHealth,TASK_COMPLETE,SUCCESS,INFO,1776,1776,0,,2026-09-05T19:04:18.404Z,2026-09-05T19:30:36.887Z,1578,2026-09-05T19:30:36.887Z,V20,Paris,a7cfa2a8-4e03-4cce-a64e-9a92e6e67f12,SAMMS-ParisV5
202609031211570541,202609031145401809,202609031145401700,85,3162,Bronze INV,br_ReAssessment,TASK_COMPLETE,SUCCESS,INFO,0,0,0,,2026-09-03T11:45:45.517Z,2026-09-03T12:12:16.686Z,1591,2026-09-03T12:12:16.686Z,V8,Memphis Midtown,8e54a6a2-7031-4831-b2c0-8c5ea7811246,SAMMS-VCPHCS-VIII-MemphisV5
202609031211570542,202609031145401810,202609031145401700,85,3163,Bronze INV,br_ReAssessment,TASK_COMPLETE,SUCCESS,INFO,0,0,0,,2026-09-03T11:45:45.517Z,2026-09-03T12:12:16.686Z,1591,2026-09-03T12:12:16.686Z,V9,Nashville,8e54a6a2-7031-4831-b2c0-8c5ea7811246,SAMMS-NashvilleV5
202609031211570543,202609031145401811,202609031145401700,85,3164,Bronze INV,br_ReAssessment,TASK_COMPLETE,SUCCESS,INFO,0,0,0,,2026-09-03T11:45:45.517Z,2026-09-03T12:12:16.686Z,1591,2026-09-03T12:12:16.686Z,VBRA,Brainerd,8e54a6a2-7031-4831-b2c0-8c5ea7811246,SAMMS-BrainerdV6
202609031211570544,202609031145401812,202609031145401700,85,3165,Bronze INV,br_ReAssessment,TASK_COMPLETE,SUCCESS,INFO,0,0,0,,2026-09-03T11:45:45.517Z,2026-09-03T12:12:16.686Z,1591,2026-09-03T12:12:16.686Z,VBRP,Brooklyn Park,8e54a6a2-7031-4831-b2c0-8c5ea7811246,SAMMS-BrooklynParkV6
202609031211570546,202609031145401813,202609031145401700,85,3167,Bronze INV,br_ReAssessment,TASK_COMPLETE,SUCCESS,INFO,0,0,0,,2026-09-03T11:45:45.517Z,2026-09-03T12:12:16.686Z,1591,2026-09-03T12:12:16.686Z,VMIN,Minneapolis,8e54a6a2-7031-4831-b2c0-8c5ea7811246,SAMMS-MinneapolisV6
202609031211570547,202609031145401814,202609031145401700,85,3168,Bronze INV,br_ReAssessment,TASK_COMPLETE,SUCCESS,INFO,0,0,0,,2026-09-03T11:45:45.517Z,2026-09-03T12:12:16.686Z,1591,2026-09-03T12:12:16.686Z,VWBY,Woodbury,8e54a6a2-7031-4831-b2c0-8c5ea7811246,SAMMS-WoodburyV6
202609031211570548,202609031145401815,202609031145401700,85,3170,Bronze INV,br_ReAssessment,TASK_COMPLETE,SUCCESS,INFO,0,0,0,,2026-09-03T11:45:45.517Z,2026-09-03T12:12:16.686Z,1591,2026-09-03T12:12:16.686Z,WIL,Wilson,8e54a6a2-7031-4831-b2c0-8c5ea7811246,SAMMS-Wilson
202609032050120750,202609032050120749,20260903203732,109,8610,Bronze Lockbox Reference,br_cashflow_lockbox,TASK_SKIPPED,SKIPPED,INFO,0,0,0,Task already completed successfully in earlier attempt of this Run,2026-09-03T20:50:12.075Z,2026-09-03T20:50:16.958Z,0,2026-09-03T20:50:16.958Z,,,cf6c7c8f-6ed2-4b6a-8a3f-4a5233cb59d5,
202609040844061200,202609040844061199,20260904075815,109,8610,Bronze Lockbox Reference,br_cashflow_lockbox,TASK_SKIPPED,SKIPPED,INFO,0,0,0,Task already completed successfully in earlier attempt of this Run,2026-09-04T08:44:06.119Z,2026-09-04T08:44:11.087Z,0,2026-09-04T08:44:11.087Z,,,d42c3a80-d402-47a6-9d0e-a2f670f0338a,
202609031359541115,202609031332601362,202609031332601326,85,3034,Bronze INV,br_ReAssessment,TASK_COMPLETE,SUCCESS,INFO,169,169,0,,2026-09-03T13:33:12.351Z,2026-09-03T13:59:59.406Z,1607,2026-09-03T13:59:59.406Z,B57B,Middletown,ef652adf-cab1-42cd-a0bf-1cd03c8c16e7,SAMMS-Middletown
202609031359541116,202609031332601363,202609031332601326,85,3035,Bronze INV,br_ReAssessment,TASK_COMPLETE,SUCCESS,INFO,417,417,0,,2026-09-03T13:33:12.351Z,2026-09-03T13:59:59.406Z,1607,2026-09-03T13:59:59.406Z,B57C,Providence,ef652adf-cab1-42cd-a0bf-1cd03c8c16e7,SAMMS-Providence
202609031359541117,202609031332601364,202609031332601326,85,3036,Bronze INV,br_ReAssessment,TASK_COMPLETE,SUCCESS,INFO,630,630,0,,2026-09-03T13:33:12.351Z,2026-09-03T13:59:59.406Z,1607,2026-09-03T13:59:59.406Z,B57D,Westerly,ef652adf-cab1-42cd-a0bf-1cd03c8c16e7,SAMMS-Westerly
202609031359541118,202609031332601365,202609031332601326,85,3040,Bronze INV,br_ReAssessment,TASK_COMPLETE,SUCCESS,INFO,4,4,0,,2026-09-03T13:33:12.351Z,2026-09-03T13:59:59.406Z,1607,2026-09-03T13:59:59.406Z,B66A,Bremen,ef652adf-cab1-42cd-a0bf-1cd03c8c16e7,SAMMS-Bremen
202609031359541119,202609031332601366,202609031332601326,85,3043,Bronze INV,br_ReAssessment,TASK_COMPLETE,SUCCESS,INFO,0,0,0,,2026-09-03T13:33:12.351Z,2026-09-03T13:59:59.406Z,1607,2026-09-03T13:59:59.406Z,B72,Mobile (OBOT),ef652adf-cab1-42cd-a0bf-1cd03c8c16e7,SAMMS-Mobile-OBOT
202609031359541120,202609031332601367,202609031332601326,85,3044,Bronze INV,br_ReAssessment,TASK_COMPLETE,SUCCESS,INFO,0,0,0,,2026-09-03T13:33:12.351Z,2026-09-03T13:59:59.406Z,1607,2026-09-03T13:59:59.406Z,B73,Montgomery,ef652adf-cab1-42cd-a0bf-1cd03c8c16e7,SAMMS-Montgomery
202609031359541121,202609031332601368,202609031332601326,85,3045,Bronze INV,br_ReAssessment,TASK_COMPLETE,SUCCESS,INFO,521,521,0,,2026-09-03T13:33:12.351Z,2026-09-03T13:59:59.406Z,1607,2026-09-03T13:59:59.406Z,B75,Lawrence,ef652adf-cab1-42cd-a0bf-1cd03c8c16e7,SAMMS-LawrenceV6
202609021738315100,202609021738315099,202608201136586561,83,215,Silver Salesforce Outreach Events,sl_sf_events,TASK_ALREADY_COMPLETED,ALREADY_COMPLETED,INFO,0,0,0,Already succeeded in previous attempt,2026-09-02T17:38:37.386Z,2026-09-02T17:38:37.386Z,0,2026-09-02T17:38:37.386Z,,,0d5be434-3f1a-4f4b-ae90-f0c48a55ec54,
202609051930319711,202609051904109240,202609051904109217,85,3933,Bronze INV,br_ReAssessmentPhysicalHealth,TASK_COMPLETE,SUCCESS,INFO,346,346,0,,2026-09-05T19:04:18.404Z,2026-09-05T19:30:36.887Z,1578,2026-09-05T19:30:36.887Z,B42C,Glen Allen,a7cfa2a8-4e03-4cce-a64e-9a92e6e67f12,SAMMS-GlenAllenV5
202609051930319712,202609051904109241,202609051904109217,85,3934,Bronze INV,br_ReAssessmentPhysicalHealth,TASK_COMPLETE,SUCCESS,INFO,1487,1487,0,,2026-09-05T19:04:18.404Z,2026-09-05T19:30:36.887Z,1578,2026-09-05T19:30:36.887Z,B42D,Chesapeake South,a7cfa2a8-4e03-4cce-a64e-9a92e6e67f12,SAMMS-ChesapeakeSouthV5
202609051930319713,202609051904109242,202609051904109217,85,3935,Bronze INV,br_ReAssessmentPhysicalHealth,TASK_COMPLETE,SUCCESS,INFO,632,632,0,,2026-09-05T19:04:18.404Z,2026-09-05T19:30:36.887Z,1578,2026-09-05T19:30:36.887Z,B44,Albany,a7cfa2a8-4e03-4cce-a64e-9a92e6e67f12,SAMMS-AlbanyV5
202609051930319714,202609051904109243,202609051904109217,85,3936,Bronze INV,br_ReAssessmentPhysicalHealth,TASK_COMPLETE,SUCCESS,INFO,1273,1273,0,,2026-09-05T19:04:18.404Z,2026-09-05T19:30:36.887Z,1578,2026-09-05T19:30:36.887Z,B45,Tifton,a7cfa2a8-4e03-4cce-a64e-9a92e6e67f12,SAMMS-TiftonV5
202609021146474180,202609021146474180,202608201136586561,83,215,Silver Salesforce Outreach Events,sl_sf_events,TASK_ALREADY_COMPLETED,ALREADY_COMPLETED,INFO,0,0,0,Already succeeded in previous attempt,2026-09-02T11:46:53.613Z,2026-09-02T11:46:53.613Z,0,2026-09-02T11:46:53.613Z,,,0b5a27da-5d48-4ed3-a9f4-1a7052a3fcea,
202609071930403854,202609071904636253,202609071904636230,85,3933,Bronze INV,br_ReAssessmentPhysicalHealth,TASK_COMPLETE,SUCCESS,INFO,346,346,0,,2026-09-07T19:05:10.929Z,2026-09-07T19:30:45.588Z,1535,2026-09-07T19:30:45.588Z,B42C,Glen Allen,fc48ec9c-d1b8-4775-bd67-583e82846e52,SAMMS-GlenAllenV5
202609071930403857,202609071904636254,202609071904636230,85,3934,Bronze INV,br_ReAssessmentPhysicalHealth,TASK_COMPLETE,SUCCESS,INFO,1487,1487,0,,2026-09-07T19:05:10.929Z,2026-09-07T19:30:45.588Z,1535,2026-09-07T19:30:45.588Z,B42D,Chesapeake South,fc48ec9c-d1b8-4775-bd67-583e82846e52,SAMMS-ChesapeakeSouthV5
202609071930403858,202609071904636255,202609071904636230,85,3935,Bronze INV,br_ReAssessmentPhysicalHealth,TASK_COMPLETE,SUCCESS,INFO,632,632,0,,2026-09-07T19:05:10.929Z,2026-09-07T19:30:45.588Z,1535,2026-09-07T19:30:45.588Z,B44,Albany,fc48ec9c-d1b8-4775-bd67-583e82846e52,SAMMS-AlbanyV5
202609071930403859,202609071904636256,202609071904636230,85,3936,Bronze INV,br_ReAssessmentPhysicalHealth,TASK_COMPLETE,SUCCESS,INFO,1273,1273,0,,2026-09-07T19:05:10.929Z,2026-09-07T19:30:45.588Z,1535,2026-09-07T19:30:45.588Z,B45,Tifton,fc48ec9c-d1b8-4775-bd67-583e82846e52,SAMMS-TiftonV5
202609031143004828,202609031143004827,202608171018106132,83,215,Silver Salesforce Outreach Events,sl_sf_events,TASK_ALREADY_COMPLETED,ALREADY_COMPLETED,INFO,0,0,0,Already succeeded in previous attempt,2026-09-03T11:43:05.964Z,2026-09-03T11:43:05.964Z,0,2026-09-03T11:43:05.964Z,,,b5204bb1-5640-4c52-9143-fe923aba5573,
202609071930403863,202609071904636259,202609071904636230,85,3939,Bronze INV,br_ReAssessmentPhysicalHealth,TASK_COMPLETE,SUCCESS,INFO,1301,1301,0,,2026-09-07T19:05:10.929Z,2026-09-07T19:30:45.588Z,1535,2026-09-07T19:30:45.588Z,B48,Tuscaloosa,fc48ec9c-d1b8-4775-bd67-583e82846e52,SAMMS-TuscaloosaV5
202609071930403864,202609071904636260,202609071904636230,85,3948,Bronze INV,br_ReAssessmentPhysicalHealth,TASK_COMPLETE,SUCCESS,INFO,3,3,0,,2026-09-07T19:05:10.929Z,2026-09-07T19:30:45.588Z,1535,2026-09-07T19:30:45.588Z,B51,N. Little Rock (OTP),fc48ec9c-d1b8-4775-bd67-583e82846e52,SAMMS-NorthLittleRockV6
202609051930319718,202609051904109246,202609051904109217,85,3939,Bronze INV,br_ReAssessmentPhysicalHealth,TASK_COMPLETE,SUCCESS,INFO,1301,1301,0,,2026-09-05T19:04:18.404Z,2026-09-05T19:30:36.887Z,1578,2026-09-05T19:30:36.887Z,B48,Tuscaloosa,a7cfa2a8-4e03-4cce-a64e-9a92e6e67f12,SAMMS-TuscaloosaV5
202609051930319719,202609051904109247,202609051904109217,85,3948,Bronze INV,br_ReAssessmentPhysicalHealth,TASK_COMPLETE,SUCCESS,INFO,3,3,0,,2026-09-05T19:04:18.404Z,2026-09-05T19:30:36.887Z,1578,2026-09-05T19:30:36.887Z,B51,N. Little Rock (OTP),a7cfa2a8-4e03-4cce-a64e-9a92e6e67f12,SAMMS-NorthLittleRockV6
202608310532449655,202608310532449655,20260831035644,134,13725,Commercial_Deductions Final Gold,CommercialDed,TASK_ALREADY_COMPLETED,ALREADY_COMPLETED,INFO,0,0,0,Already succeeded in previous attempt,2026-08-31T05:32:54.087Z,2026-08-31T05:32:54.087Z,0,2026-08-31T05:32:54.087Z,,,648551aa-4be1-43d5-9996-5e68064cace6,
202609020851236659,202609020851236659,20260831092127,134,13725,Commercial_Deductions Final Gold,CommercialDed,TASK_ALREADY_COMPLETED,ALREADY_COMPLETED,INFO,0,0,0,Already succeeded in previous attempt,2026-09-02T08:51:28.684Z,2026-09-02T08:51:28.684Z,0,2026-09-02T08:51:28.684Z,,,a248cb53-4f30-44b6-ac15-5cdc6c387758,
202609071930403926,202609071904636311,202609071904636230,85,4041,Bronze INV,br_ReAssessmentPhysicalHealth,TASK_COMPLETE,SUCCESS,INFO,112,112,0,,2026-09-07T19:05:10.929Z,2026-09-07T19:30:45.588Z,1535,2026-09-07T19:30:45.588Z,PH,Phoenix,fc48ec9c-d1b8-4775-bd67-583e82846e52,SAMMS-Phoenix
202609071930403928,202609071904636312,202609071904636230,85,4045,Bronze INV,br_ReAssessmentPhysicalHealth,TASK_COMPLETE,SUCCESS,INFO,216,216,0,,2026-09-07T19:05:10.929Z,2026-09-07T19:30:45.588Z,1535,2026-09-07T19:30:45.588Z,RE,Reno,fc48ec9c-d1b8-4775-bd67-583e82846e52,SAMMS-Reno
202609071930403929,202609071904636313,202609071904636230,85,4046,Bronze INV,br_ReAssessmentPhysicalHealth,TASK_COMPLETE,SUCCESS,INFO,88,88,0,,2026-09-07T19:05:10.929Z,2026-09-07T19:30:45.588Z,1535,2026-09-07T19:30:45.588Z,RMD,Richmond,fc48ec9c-d1b8-4775-bd67-583e82846e52,SAMMS-Richmond
202609071930403930,202609071904636314,202609071904636230,85,4047,Bronze INV,br_ReAssessmentPhysicalHealth,TASK_COMPLETE,SUCCESS,INFO,589,589,0,,2026-09-07T19:05:10.929Z,2026-09-07T19:30:45.588Z,1535,2026-09-07T19:30:45.588Z,SFN,Springfield North,fc48ec9c-d1b8-4775-bd67-583e82846e52,SAMMS-SFNv5
202609071930403947,202609071904636329,202609071904636230,85,4065,Bronze INV,br_ReAssessmentPhysicalHealth,TASK_COMPLETE,SUCCESS,INFO,1144,1144,0,,2026-09-07T19:05:10.929Z,2026-09-07T19:30:45.588Z,1535,2026-09-07T19:30:45.588Z,V12A,Centennial,fc48ec9c-d1b8-4775-bd67-583e82846e52,SAMMS-CentennialV5
202609071930403948,202609071904636330,202609071904636230,85,4066,Bronze INV,br_ReAssessmentPhysicalHealth,TASK_COMPLETE,SUCCESS,INFO,295,295,0,,2026-09-07T19:05:10.929Z,2026-09-07T19:30:45.588Z,1535,2026-09-07T19:30:45.588Z,V14,Overland Park,fc48ec9c-d1b8-4775-bd67-583e82846e52,SAMMS-VCPHCS-XIV-BridgewayV5
202609051930319797,202609051904109316,202609051904109217,85,4065,Bronze INV,br_ReAssessmentPhysicalHealth,TASK_COMPLETE,SUCCESS,INFO,1144,1144,0,,2026-09-05T19:04:18.404Z,2026-09-05T19:30:36.887Z,1578,2026-09-05T19:30:36.887Z,V12A,Centennial,a7cfa2a8-4e03-4cce-a64e-9a92e6e67f12,SAMMS-CentennialV5
202609051930319799,202609051904109317,202609051904109217,85,4066,Bronze INV,br_ReAssessmentPhysicalHealth,TASK_COMPLETE,SUCCESS,INFO,295,295,0,,2026-09-05T19:04:18.404Z,2026-09-05T19:30:36.887Z,1578,2026-09-05T19:30:36.887Z,V14,Overland Park,a7cfa2a8-4e03-4cce-a64e-9a92e6e67f12,SAMMS-VCPHCS-XIV-BridgewayV5
202609051930319777,202609051904109298,202609051904109217,85,4041,Bronze INV,br_ReAssessmentPhysicalHealth,TASK_COMPLETE,SUCCESS,INFO,112,112,0,,2026-09-05T19:04:18.404Z,2026-09-05T19:30:36.887Z,1578,2026-09-05T19:30:36.887Z,PH,Phoenix,a7cfa2a8-4e03-4cce-a64e-9a92e6e67f12,SAMMS-Phoenix
202609051930319778,202609051904109299,202609051904109217,85,4045,Bronze INV,br_ReAssessmentPhysicalHealth,TASK_COMPLETE,SUCCESS,INFO,216,216,0,,2026-09-05T19:04:18.404Z,2026-09-05T19:30:36.887Z,1578,2026-09-05T19:30:36.887Z,RE,Reno,a7cfa2a8-4e03-4cce-a64e-9a92e6e67f12,SAMMS-Reno
202609051930319779,202609051904109300,202609051904109217,85,4046,Bronze INV,br_ReAssessmentPhysicalHealth,TASK_COMPLETE,SUCCESS,INFO,88,88,0,,2026-09-05T19:04:18.404Z,2026-09-05T19:30:36.887Z,1578,2026-09-05T19:30:36.887Z,RMD,Richmond,a7cfa2a8-4e03-4cce-a64e-9a92e6e67f12,SAMMS-Richmond
202609051930319780,202609051904109301,202609051904109217,85,4047,Bronze INV,br_ReAssessmentPhysicalHealth,TASK_COMPLETE,SUCCESS,INFO,589,589,0,,2026-09-05T19:04:18.404Z,2026-09-05T19:30:36.887Z,1578,2026-09-05T19:30:36.887Z,SFN,Springfield North,a7cfa2a8-4e03-4cce-a64e-9a92e6e67f12,SAMMS-SFNv5
202609010948359066,202609010948359065,20260901092023,1,15,UKG Employment Details API,br_EmploymentDetails,TASK_ALREADY_COMPLETED,ALREADY_COMPLETED,INFO,0,0,0,Already succeeded in previous attempt,2026-09-01T09:48:40.223Z,2026-09-01T09:48:40.223Z,0,2026-09-01T09:48:40.223Z,,,29dcaaf1-2b1e-4c19-b23c-1ba74b3b8d3d,
202609030950307925,202609030950307925,20260903092013,1,15,UKG Employment Details API,br_EmploymentDetails,TASK_ALREADY_COMPLETED,ALREADY_COMPLETED,INFO,0,0,0,Already succeeded in previous attempt,2026-09-03T09:50:36.303Z,2026-09-03T09:50:36.303Z,0,2026-09-03T09:50:36.303Z,,,530f48fa-89c6-4a87-9867-195a73ec044d,
202609021129108155,202609021111416568,202609021111416554,118,11468,Bronze P1/P2 Assessments,br_NewPeriodicReassessmentD4,TASK_COMPLETE,SUCCESS,INFO,0,0,0,,2026-09-02T11:11:46.042Z,2026-09-02T11:29:14.318Z,1048,2026-09-02T11:29:14.318Z,B33,Paducah,a7050713-a175-4eb1-950e-06e41274b859,SAMMS-Paducah
202609021129108156,202609021111416569,202609021111416554,118,11643,Bronze P1/P2 Assessments,br_NewPeriodicReassessmentD5,TASK_COMPLETE,SUCCESS,INFO,0,0,0,,2026-09-02T11:11:46.042Z,2026-09-02T11:29:14.318Z,1048,2026-09-02T11:29:14.318Z,B24,Paintsville,a7050713-a175-4eb1-950e-06e41274b859,SAMMS-PaintsvilleV5
202609021403463288,202609021343688399,202609021343688394,118,10723,Bronze P1/P2 Assessments,br_NewPeriodicReassessment,TASK_COMPLETE,SUCCESS,INFO,331,331,0,,2026-09-02T13:44:13.671Z,2026-09-02T14:03:50.288Z,1177,2026-09-02T14:03:50.288Z,B24,Paintsville,ab787989-353e-4d3f-8e29-103715871a85,SAMMS-PaintsvilleV5
202609021403463290,202609021343688400,202609021343688394,118,10732,Bronze P1/P2 Assessments,br_NewPeriodicReassessment,TASK_COMPLETE,SUCCESS,INFO,244,244,0,,2026-09-02T13:44:13.671Z,2026-09-02T14:03:50.288Z,1177,2026-09-02T14:03:50.288Z,B33,Paducah,ab787989-353e-4d3f-8e29-103715871a85,SAMMS-Paducah
202609021018523978,202609021000193807,202609021000193793,118,11468,Bronze P1/P2 Assessments,br_NewPeriodicReassessmentD4,TASK_COMPLETE,SUCCESS,INFO,0,0,0,,2026-09-02T10:00:23.575Z,2026-09-02T10:18:56.786Z,1113,2026-09-02T10:18:56.786Z,B33,Paducah,ebc2f5e5-b7e4-40cf-8b56-f009f5871937,SAMMS-Paducah
202609021018523979,202609021000193808,202609021000193793,118,11643,Bronze P1/P2 Assessments,br_NewPeriodicReassessmentD5,TASK_COMPLETE,SUCCESS,INFO,0,0,0,,2026-09-02T10:00:23.575Z,2026-09-02T10:18:56.786Z,1113,2026-09-02T10:18:56.786Z,B24,Paintsville,ebc2f5e5-b7e4-40cf-8b56-f009f5871937,SAMMS-PaintsvilleV5
202609071930403963,202609071904636343,202609071904636230,85,4087,Bronze INV,br_ReAssessmentPhysicalHealth,TASK_COMPLETE,SUCCESS,INFO,746,746,0,,2026-09-07T19:05:10.929Z,2026-09-07T19:30:45.588Z,1535,2026-09-07T19:30:45.588Z,VMIN,Minneapolis,fc48ec9c-d1b8-4775-bd67-583e82846e52,SAMMS-MinneapolisV6
202609071930403965,202609071904636344,202609071904636230,85,4088,Bronze INV,br_ReAssessmentPhysicalHealth,TASK_COMPLETE,SUCCESS,INFO,889,889,0,,2026-09-07T19:05:10.929Z,2026-09-07T19:30:45.588Z,1535,2026-09-07T19:30:45.588Z,VWBY,Woodbury,fc48ec9c-d1b8-4775-bd67-583e82846e52,SAMMS-WoodburyV6
202609071930403966,202609071904636345,202609071904636230,85,4090,Bronze INV,br_ReAssessmentPhysicalHealth,TASK_COMPLETE,SUCCESS,INFO,161,161,0,,2026-09-07T19:05:10.929Z,2026-09-07T19:30:45.588Z,1535,2026-09-07T19:30:45.588Z,WIL,Wilson,fc48ec9c-d1b8-4775-bd67-583e82846e52,SAMMS-Wilson
202609021403463299,202609021343688408,202609021343688394,118,11468,Bronze P1/P2 Assessments,br_NewPeriodicReassessmentD4,TASK_COMPLETE,SUCCESS,INFO,0,0,0,,2026-09-02T13:44:13.671Z,2026-09-02T14:03:50.288Z,1177,2026-09-02T14:03:50.288Z,B33,Paducah,ab787989-353e-4d3f-8e29-103715871a85,SAMMS-Paducah
202609021403463300,202609021343688409,202609021343688394,118,11643,Bronze P1/P2 Assessments,br_NewPeriodicReassessmentD5,TASK_COMPLETE,SUCCESS,INFO,0,0,0,,2026-09-02T13:44:13.671Z,2026-09-02T14:03:50.288Z,1177,2026-09-02T14:03:50.288Z,B24,Paintsville,ab787989-353e-4d3f-8e29-103715871a85,SAMMS-PaintsvilleV5
202609021129108144,202609021111416559,202609021111416554,118,10723,Bronze P1/P2 Assessments,br_NewPeriodicReassessment,TASK_COMPLETE,SUCCESS,INFO,330,330,0,,2026-09-02T11:11:46.042Z,2026-09-02T11:29:14.318Z,1048,2026-09-02T11:29:14.318Z,B24,Paintsville,a7050713-a175-4eb1-950e-06e41274b859,SAMMS-PaintsvilleV5
202609021129108146,202609021111416560,202609021111416554,118,10732,Bronze P1/P2 Assessments,br_NewPeriodicReassessment,TASK_COMPLETE,SUCCESS,INFO,244,244,0,,2026-09-02T11:11:46.042Z,2026-09-02T11:29:14.318Z,1048,2026-09-02T11:29:14.318Z,B33,Paducah,a7050713-a175-4eb1-950e-06e41274b859,SAMMS-Paducah
202609021018523968,202609021000193798,202609021000193793,118,10723,Bronze P1/P2 Assessments,br_NewPeriodicReassessment,TASK_COMPLETE,SUCCESS,INFO,330,330,0,,2026-09-02T10:00:23.575Z,2026-09-02T10:18:56.786Z,1113,2026-09-02T10:18:56.786Z,B24,Paintsville,ebc2f5e5-b7e4-40cf-8b56-f009f5871937,SAMMS-PaintsvilleV5
202609021018523969,202609021000193799,202609021000193793,118,10732,Bronze P1/P2 Assessments,br_NewPeriodicReassessment,TASK_COMPLETE,SUCCESS,INFO,244,244,0,,2026-09-02T10:00:23.575Z,2026-09-02T10:18:56.786Z,1113,2026-09-02T10:18:56.786Z,B33,Paducah,ebc2f5e5-b7e4-40cf-8b56-f009f5871937,SAMMS-Paducah
202609051930319813,202609051904109330,202609051904109217,85,4087,Bronze INV,br_ReAssessmentPhysicalHealth,TASK_COMPLETE,SUCCESS,INFO,746,746,0,,2026-09-05T19:04:18.404Z,2026-09-05T19:30:36.887Z,1578,2026-09-05T19:30:36.887Z,VMIN,Minneapolis,a7cfa2a8-4e03-4cce-a64e-9a92e6e67f12,SAMMS-MinneapolisV6
202609051930319814,202609051904109331,202609051904109217,85,4088,Bronze INV,br_ReAssessmentPhysicalHealth,TASK_COMPLETE,SUCCESS,INFO,889,889,0,,2026-09-05T19:04:18.404Z,2026-09-05T19:30:36.887Z,1578,2026-09-05T19:30:36.887Z,VWBY,Woodbury,a7cfa2a8-4e03-4cce-a64e-9a92e6e67f12,SAMMS-WoodburyV6
202609051930319815,202609051904109332,202609051904109217,85,4090,Bronze INV,br_ReAssessmentPhysicalHealth,TASK_COMPLETE,SUCCESS,INFO,161,161,0,,2026-09-05T19:04:18.404Z,2026-09-05T19:30:36.887Z,1578,2026-09-05T19:30:36.887Z,WIL,Wilson,a7cfa2a8-4e03-4cce-a64e-9a92e6e67f12,SAMMS-Wilson
202609020526387091,202609020507368042,202609020507368034,118,10916,Bronze P1/P2 Assessments,br_NewPeriodicReassessmentCounselorReview,TASK_COMPLETE,SUCCESS,INFO,244,244,0,,2026-09-02T05:07:47.056Z,2026-09-02T05:26:44.695Z,1137,2026-09-02T05:26:44.695Z,B33,Paducah,2b09f1a0-2915-47dd-851e-cacf6613827d,SAMMS-Paducah
202609041345499517,202609041345499517,202608171026319654,84,6809,Gold Salesforce PatientSurveys,PatientSurveys,TASK_ALREADY_COMPLETED,ALREADY_COMPLETED,INFO,0,0,0,Already succeeded in previous attempt,2026-09-04T13:45:58.863Z,2026-09-04T13:45:58.863Z,0,2026-09-04T13:45:58.863Z,,,bd9b2318-654e-4f3d-b09e-bcdf6b219232,
202609031150303989,202609031150303989,202608171026319654,84,6810,Gold Salesforce StgOutboundSMS,stgOutboundSMS,TASK_ALREADY_COMPLETED,ALREADY_COMPLETED,INFO,0,0,0,Already succeeded in previous attempt,2026-09-03T11:50:35.595Z,2026-09-03T11:50:35.595Z,0,2026-09-03T11:50:35.595Z,,,b5204bb1-5640-4c52-9143-fe923aba5573,
202609021152485200,202609021152485200,202608171026319654,84,6809,Gold Salesforce PatientSurveys,PatientSurveys,TASK_ALREADY_COMPLETED,ALREADY_COMPLETED,INFO,0,0,0,Already succeeded in previous attempt,2026-09-02T11:52:54.339Z,2026-09-02T11:52:54.339Z,0,2026-09-02T11:52:54.339Z,,,0b5a27da-5d48-4ed3-a9f4-1a7052a3fcea,
202609041443320473,202609041443320473,202608171026319654,84,6810,Gold Salesforce StgOutboundSMS,stgOutboundSMS,TASK_ALREADY_COMPLETED,ALREADY_COMPLETED,INFO,0,0,0,Already succeeded in previous attempt,2026-09-04T14:43:41.093Z,2026-09-04T14:43:41.093Z,0,2026-09-04T14:43:41.093Z,,,9d7b1c7e-8065-427d-99c7-89e3c8306b1f,
202609041631564977,202609041631564976,202608171026319654,84,6810,Gold Salesforce StgOutboundSMS,stgOutboundSMS,TASK_ALREADY_COMPLETED,ALREADY_COMPLETED,INFO,0,0,0,Already succeeded in previous attempt,2026-09-04T16:32:03.018Z,2026-09-04T16:32:03.018Z,0,2026-09-04T16:32:03.018Z,,,7a604b07-1e27-4ff8-bd86-1860fd5608a2,
202609021153054582,202609021153054582,202608171026319654,84,6810,Gold Salesforce StgOutboundSMS,stgOutboundSMS,TASK_ALREADY_COMPLETED,ALREADY_COMPLETED,INFO,0,0,0,Already succeeded in previous attempt,2026-09-02T11:53:10.577Z,2026-09-02T11:53:10.577Z,0,2026-09-02T11:53:10.577Z,,,0b5a27da-5d48-4ed3-a9f4-1a7052a3fcea,
202609071231548648,202609071231548648,20260907123143,5,31,Silver 8x8 CallInteractions,sl_8x8_CallInteractions,TASK_FAILED,FAILED,ERROR,0,0,0,Dependency Failed: Upstream Pipeline (ConfigId = 4) FAILED,2026-09-07T12:32:07.030Z,2026-09-07T12:32:07.030Z,0,2026-09-07T12:32:07.030Z,,,0833bc45-7cf8-42ce-be71-c454f3197277,
202609021753231104,202609021753231104,202608171026319654,84,6809,Gold Salesforce PatientSurveys,PatientSurveys,TASK_ALREADY_COMPLETED,ALREADY_COMPLETED,INFO,0,0,0,Already succeeded in previous attempt,2026-09-02T17:53:28.098Z,2026-09-02T17:53:28.098Z,0,2026-09-02T17:53:28.098Z,,,0d5be434-3f1a-4f4b-ae90-f0c48a55ec54,
202609041442535601,202609041442535600,202608171026319654,84,6809,Gold Salesforce PatientSurveys,PatientSurveys,TASK_ALREADY_COMPLETED,ALREADY_COMPLETED,INFO,0,0,0,Already succeeded in previous attempt,2026-09-04T14:43:09.302Z,2026-09-04T14:43:09.302Z,0,2026-09-04T14:43:09.302Z,,,9d7b1c7e-8065-427d-99c7-89e3c8306b1f,
202608281031426615,202608281031426615,202608171026319654,84,6809,Gold Salesforce PatientSurveys,PatientSurveys,TASK_ALREADY_COMPLETED,ALREADY_COMPLETED,INFO,0,0,0,Already succeeded in previous attempt,2026-08-28T10:31:47.648Z,2026-08-28T10:31:47.648Z,0,2026-08-28T10:31:47.648Z,,,3d84b3b4-01e9-4004-b383-1c54ba72a558,
202609041346135335,202609041346135335,202608171026319654,84,6810,Gold Salesforce StgOutboundSMS,stgOutboundSMS,TASK_ALREADY_COMPLETED,ALREADY_COMPLETED,INFO,0,0,0,Already succeeded in previous attempt,2026-09-04T13:46:20.072Z,2026-09-04T13:46:20.072Z,0,2026-09-04T13:46:20.072Z,,,bd9b2318-654e-4f3d-b09e-bcdf6b219232,
202609041227286780,202609041227286779,202608171026319654,84,6810,Gold Salesforce StgOutboundSMS,stgOutboundSMS,TASK_ALREADY_COMPLETED,ALREADY_COMPLETED,INFO,0,0,0,Already succeeded in previous attempt,2026-09-04T12:27:38.390Z,2026-09-04T12:27:38.390Z,0,2026-09-04T12:27:38.390Z,,,6ab129c1-fb62-4518-bfad-8f6d8d29c3ca,
202609041631402563,202609041631402563,202608171026319654,84,6809,Gold Salesforce PatientSurveys,PatientSurveys,TASK_ALREADY_COMPLETED,ALREADY_COMPLETED,INFO,0,0,0,Already succeeded in previous attempt,2026-09-04T16:31:45.857Z,2026-09-04T16:31:45.857Z,0,2026-09-04T16:31:45.857Z,,,7a604b07-1e27-4ff8-bd86-1860fd5608a2,
202609041227100381,202609041227100381,202608171026319654,84,6809,Gold Salesforce PatientSurveys,PatientSurveys,TASK_ALREADY_COMPLETED,ALREADY_COMPLETED,INFO,0,0,0,Already succeeded in previous attempt,2026-09-04T12:27:16.571Z,2026-09-04T12:27:16.571Z,0,2026-09-04T12:27:16.571Z,,,6ab129c1-fb62-4518-bfad-8f6d8d29c3ca,
202608281031573360,202608281031573360,202608171026319654,84,6810,Gold Salesforce StgOutboundSMS,stgOutboundSMS,TASK_ALREADY_COMPLETED,ALREADY_COMPLETED,INFO,0,0,0,Already succeeded in previous attempt,2026-08-28T10:32:02.142Z,2026-08-28T10:32:02.142Z,0,2026-08-28T10:32:02.142Z,,,3d84b3b4-01e9-4004-b383-1c54ba72a558,
202609031150143887,202609031150143886,202608171026319654,84,6809,Gold Salesforce PatientSurveys,PatientSurveys,TASK_ALREADY_COMPLETED,ALREADY_COMPLETED,INFO,0,0,0,Already succeeded in previous attempt,2026-09-03T11:50:19.938Z,2026-09-03T11:50:19.938Z,0,2026-09-03T11:50:19.938Z,,,b5204bb1-5640-4c52-9143-fe923aba5573,
202609021729255349,202609021729255348,202609021132414060,82,6806,Salesforce Outbound Texts,br_sf_outboundtexts,TASK_ALREADY_COMPLETED,ALREADY_COMPLETED,INFO,0,0,0,Already succeeded in previous attempt,2026-09-02T17:29:37.966Z,2026-09-02T17:29:37.966Z,0,2026-09-02T17:29:37.966Z,,,0d5be434-3f1a-4f4b-ae90-f0c48a55ec54,
202609021753395975,202609021753395974,202608171026319654,84,6810,Gold Salesforce StgOutboundSMS,stgOutboundSMS,TASK_ALREADY_COMPLETED,ALREADY_COMPLETED,INFO,0,0,0,Already succeeded in previous attempt,2026-09-02T17:53:46.773Z,2026-09-02T17:53:46.773Z,0,2026-09-02T17:53:46.773Z,,,0d5be434-3f1a-4f4b-ae90-f0c48a55ec54,
202609081249123526,202609081233479603,202609081233479600,144,14914,Clinical UA CDC Bronze - SaveUAResults - DRD-CO,br_UAResults,TASK_COMPLETE,SUCCESS,INFO,430,430,0,,2026-09-08T12:34:28.635Z,2026-09-08T12:49:15.919Z,887,2026-09-08T12:49:15.919Z,DRD-CO,Columbia,c3383bb1-b723-4b3e-bec7-f60bc8b15ae7,SAMMS-ColumbiaV5
202609021018523981,202609021000193810,202609021000193793,118,11827,Bronze P1/P2 Assessments,br_NewPeriodicReassessmentD6,TASK_COMPLETE,SUCCESS,INFO,0,0,0,,2026-09-02T10:00:23.575Z,2026-09-02T10:18:56.786Z,1113,2026-09-02T10:18:56.786Z,B24,Paintsville,ebc2f5e5-b7e4-40cf-8b56-f009f5871937,SAMMS-PaintsvilleV5
202609021018523983,202609021000193811,202609021000193793,118,11836,Bronze P1/P2 Assessments,br_NewPeriodicReassessmentD6,TASK_COMPLETE,SUCCESS,INFO,0,0,0,,2026-09-02T10:00:23.575Z,2026-09-02T10:18:56.786Z,1113,2026-09-02T10:18:56.786Z,B33,Paducah,ebc2f5e5-b7e4-40cf-8b56-f009f5871937,SAMMS-Paducah
202609021403463302,202609021343688411,202609021343688394,118,11827,Bronze P1/P2 Assessments,br_NewPeriodicReassessmentD6,TASK_COMPLETE,SUCCESS,INFO,0,0,0,,2026-09-02T13:44:13.671Z,2026-09-02T14:03:50.288Z,1177,2026-09-02T14:03:50.288Z,B24,Paintsville,ab787989-353e-4d3f-8e29-103715871a85,SAMMS-PaintsvilleV5
202609021403463304,202609021343688412,202609021343688394,118,11836,Bronze P1/P2 Assessments,br_NewPeriodicReassessmentD6,TASK_COMPLETE,SUCCESS,INFO,0,0,0,,2026-09-02T13:44:13.671Z,2026-09-02T14:03:50.288Z,1177,2026-09-02T14:03:50.288Z,B33,Paducah,ab787989-353e-4d3f-8e29-103715871a85,SAMMS-Paducah
202609021129108159,202609021111416571,202609021111416554,118,11827,Bronze P1/P2 Assessments,br_NewPeriodicReassessmentD6,TASK_COMPLETE,SUCCESS,INFO,0,0,0,,2026-09-02T11:11:46.042Z,2026-09-02T11:29:14.318Z,1048,2026-09-02T11:29:14.318Z,B24,Paintsville,a7050713-a175-4eb1-950e-06e41274b859,SAMMS-PaintsvilleV5
202609021129108160,202609021111416572,202609021111416554,118,11836,Bronze P1/P2 Assessments,br_NewPeriodicReassessmentD6,TASK_COMPLETE,SUCCESS,INFO,0,0,0,,2026-09-02T11:11:46.042Z,2026-09-02T11:29:14.318Z,1048,2026-09-02T11:29:14.318Z,B33,Paducah,a7050713-a175-4eb1-950e-06e41274b859,SAMMS-Paducah
202609021403463296,202609021343688405,202609021343688394,118,11275,Bronze P1/P2 Assessments,br_NewPeriodicReassessmentD3,TASK_COMPLETE,SUCCESS,INFO,0,0,0,,2026-09-02T13:44:13.671Z,2026-09-02T14:03:50.288Z,1177,2026-09-02T14:03:50.288Z,B24,Paintsville,ab787989-353e-4d3f-8e29-103715871a85,SAMMS-PaintsvilleV5
202609021403463297,202609021343688406,202609021343688394,118,11284,Bronze P1/P2 Assessments,br_NewPeriodicReassessmentD3,TASK_COMPLETE,SUCCESS,INFO,0,0,0,,2026-09-02T13:44:13.671Z,2026-09-02T14:03:50.288Z,1177,2026-09-02T14:03:50.288Z,B33,Paducah,ab787989-353e-4d3f-8e29-103715871a85,SAMMS-Paducah
202609021129108152,202609021111416565,202609021111416554,118,11275,Bronze P1/P2 Assessments,br_NewPeriodicReassessmentD3,TASK_COMPLETE,SUCCESS,INFO,0,0,0,,2026-09-02T11:11:46.042Z,2026-09-02T11:29:14.318Z,1048,2026-09-02T11:29:14.318Z,B24,Paintsville,a7050713-a175-4eb1-950e-06e41274b859,SAMMS-PaintsvilleV5
202609021129108153,202609021111416566,202609021111416554,118,11284,Bronze P1/P2 Assessments,br_NewPeriodicReassessmentD3,TASK_COMPLETE,SUCCESS,INFO,0,0,0,,2026-09-02T11:11:46.042Z,2026-09-02T11:29:14.318Z,1048,2026-09-02T11:29:14.318Z,B33,Paducah,a7050713-a175-4eb1-950e-06e41274b859,SAMMS-Paducah
202609021018523975,202609021000193804,202609021000193793,118,11275,Bronze P1/P2 Assessments,br_NewPeriodicReassessmentD3,TASK_COMPLETE,SUCCESS,INFO,0,0,0,,2026-09-02T10:00:23.575Z,2026-09-02T10:18:56.786Z,1113,2026-09-02T10:18:56.786Z,B24,Paintsville,ebc2f5e5-b7e4-40cf-8b56-f009f5871937,SAMMS-PaintsvilleV5
202609021018523976,202609021000193805,202609021000193793,118,11284,Bronze P1/P2 Assessments,br_NewPeriodicReassessmentD3,TASK_COMPLETE,SUCCESS,INFO,0,0,0,,2026-09-02T10:00:23.575Z,2026-09-02T10:18:56.786Z,1113,2026-09-02T10:18:56.786Z,B33,Paducah,ebc2f5e5-b7e4-40cf-8b56-f009f5871937,SAMMS-Paducah
202609010526537878,202609010503273348,202609010503273335,46,10117,P1 Finance Client Demo 1 Bronze - AHK,br_samms_client_demo1,TASK_COMPLETE,SUCCESS,INFO,301,301,0,,2026-09-01T05:03:56.880Z,2026-09-01T05:26:57.186Z,1381,2026-09-01T05:26:57.186Z,AHK,Ahoskie,75a93e02-eb8a-4b20-981c-b48401997d72,SAMMS-Ahoskie
202609010526537879,202609010503273349,202609010503273335,46,10235,P1 Finance Client Demo 2 Bronze - AHK,br_samms_client_demo2,TASK_COMPLETE,SUCCESS,INFO,301,301,0,,2026-09-01T05:03:56.880Z,2026-09-01T05:26:57.186Z,1381,2026-09-01T05:26:57.186Z,AHK,Ahoskie,75a93e02-eb8a-4b20-981c-b48401997d72,SAMMS-Ahoskie
202608310359431909,202608310359431909,20260831035644,134,13717,CollectionRates_v4 Gold,CollectionRates,TASK_DEPENDENCY_BLOCKED,DEPENDENCY_BLOCKED,WARN,0,0,0,Dependency Failed : 13716 (checked: 13716),2026-08-31T04:00:02.336Z,2026-08-31T04:00:02.336Z,0,2026-08-31T04:00:02.336Z,,,c3e41f3e-c233-4445-a786-d0d98a8613bd,
202609051930319720,202609051904109248,202609051904109217,85,3949,Bronze INV,br_ReAssessmentPhysicalHealth,TASK_COMPLETE,SUCCESS,INFO,460,460,0,,2026-09-05T19:04:18.404Z,2026-09-05T19:30:36.887Z,1578,2026-09-05T19:30:36.887Z,B52,Jackson GA,a7cfa2a8-4e03-4cce-a64e-9a92e6e67f12,SAMMS-JacksonGAV5
202609051930319721,202609051904109249,202609051904109217,85,3950,Bronze INV,br_ReAssessmentPhysicalHealth,TASK_COMPLETE,SUCCESS,INFO,1704,1704,0,,2026-09-05T19:04:18.404Z,2026-09-05T19:30:36.887Z,1578,2026-09-05T19:30:36.887Z,B54,Gadsden,a7cfa2a8-4e03-4cce-a64e-9a92e6e67f12,SAMMS-GadsdenV5
202609051930319722,202609051904109250,202609051904109217,85,3951,Bronze INV,br_ReAssessmentPhysicalHealth,TASK_COMPLETE,SUCCESS,INFO,956,956,0,,2026-09-05T19:04:18.404Z,2026-09-05T19:30:36.887Z,1578,2026-09-05T19:30:36.887Z,B55,Shoals,a7cfa2a8-4e03-4cce-a64e-9a92e6e67f12,SAMMS-ShoalsV5
202609051930319723,202609051904109251,202609051904109217,85,3952,Bronze INV,br_ReAssessmentPhysicalHealth,TASK_COMPLETE,SUCCESS,INFO,294,294,0,,2026-09-05T19:04:18.404Z,2026-09-05T19:30:36.887Z,1578,2026-09-05T19:30:36.887Z,B57,Pawtucket,a7cfa2a8-4e03-4cce-a64e-9a92e6e67f12,SAMMS-Pawtucket
202608310531194509,202608310531194509,20260831035644,134,13717,CollectionRates_v4 Gold,CollectionRates,TASK_DEPENDENCY_BLOCKED,DEPENDENCY_BLOCKED,WARN,0,0,0,Dependency Failed : 13716 (checked: 13716),2026-08-31T05:31:35.548Z,2026-08-31T05:31:35.548Z,0,2026-08-31T05:31:35.548Z,,,648551aa-4be1-43d5-9996-5e68064cace6,
202608310617383951,202608310617383951,20260831061556,134,13717,CollectionRates_v4 Gold,CollectionRates,TASK_DEPENDENCY_BLOCKED,DEPENDENCY_BLOCKED,WARN,0,0,0,Dependency Failed : 13716 (checked: 13716),2026-08-31T06:17:48.691Z,2026-08-31T06:17:48.691Z,0,2026-08-31T06:17:48.691Z,,,1de5cf99-6b82-4338-b3fe-396114f7957f,
202609071930403865,202609071904636261,202609071904636230,85,3949,Bronze INV,br_ReAssessmentPhysicalHealth,TASK_COMPLETE,SUCCESS,INFO,460,460,0,,2026-09-07T19:05:10.929Z,2026-09-07T19:30:45.588Z,1535,2026-09-07T19:30:45.588Z,B52,Jackson GA,fc48ec9c-d1b8-4775-bd67-583e82846e52,SAMMS-JacksonGAV5
202609071930403866,202609071904636262,202609071904636230,85,3950,Bronze INV,br_ReAssessmentPhysicalHealth,TASK_COMPLETE,SUCCESS,INFO,1704,1704,0,,2026-09-07T19:05:10.929Z,2026-09-07T19:30:45.588Z,1535,2026-09-07T19:30:45.588Z,B54,Gadsden,fc48ec9c-d1b8-4775-bd67-583e82846e52,SAMMS-GadsdenV5
202609071930403867,202609071904636263,202609071904636230,85,3951,Bronze INV,br_ReAssessmentPhysicalHealth,TASK_COMPLETE,SUCCESS,INFO,956,956,0,,2026-09-07T19:05:10.929Z,2026-09-07T19:30:45.588Z,1535,2026-09-07T19:30:45.588Z,B55,Shoals,fc48ec9c-d1b8-4775-bd67-583e82846e52,SAMMS-ShoalsV5
202609071930403869,202609071904636264,202609071904636230,85,3952,Bronze INV,br_ReAssessmentPhysicalHealth,TASK_COMPLETE,SUCCESS,INFO,294,294,0,,2026-09-07T19:05:10.929Z,2026-09-07T19:30:45.588Z,1535,2026-09-07T19:30:45.588Z,B57,Pawtucket,fc48ec9c-d1b8-4775-bd67-583e82846e52,SAMMS-Pawtucket
202609051930319727,202609051904109254,202609051904109217,85,3955,Bronze INV,br_ReAssessmentPhysicalHealth,TASK_COMPLETE,SUCCESS,INFO,414,414,0,,2026-09-05T19:04:18.404Z,2026-09-05T19:30:36.887Z,1578,2026-09-05T19:30:36.887Z,B57C,Providence,a7cfa2a8-4e03-4cce-a64e-9a92e6e67f12,SAMMS-Providence
202609051930319728,202609051904109255,202609051904109217,85,3956,Bronze INV,br_ReAssessmentPhysicalHealth,TASK_COMPLETE,SUCCESS,INFO,631,631,0,,2026-09-05T19:04:18.404Z,2026-09-05T19:30:36.887Z,1578,2026-09-05T19:30:36.887Z,B57D,Westerly,a7cfa2a8-4e03-4cce-a64e-9a92e6e67f12,SAMMS-Westerly
202609051930319729,202609051904109256,202609051904109217,85,3960,Bronze INV,br_ReAssessmentPhysicalHealth,TASK_COMPLETE,SUCCESS,INFO,4,4,0,,2026-09-05T19:04:18.404Z,2026-09-05T19:30:36.887Z,1578,2026-09-05T19:30:36.887Z,B66A,Bremen,a7cfa2a8-4e03-4cce-a64e-9a92e6e67f12,SAMMS-Bremen
202609051930319730,202609051904109257,202609051904109217,85,3963,Bronze INV,br_ReAssessmentPhysicalHealth,TASK_COMPLETE,SUCCESS,INFO,0,0,0,,2026-09-05T19:04:18.404Z,2026-09-05T19:30:36.887Z,1578,2026-09-05T19:30:36.887Z,B72,Mobile (OBOT),a7cfa2a8-4e03-4cce-a64e-9a92e6e67f12,SAMMS-Mobile-OBOT
202609071930403872,202609071904636267,202609071904636230,85,3955,Bronze INV,br_ReAssessmentPhysicalHealth,TASK_COMPLETE,SUCCESS,INFO,414,414,0,,2026-09-07T19:05:10.929Z,2026-09-07T19:30:45.588Z,1535,2026-09-07T19:30:45.588Z,B57C,Providence,fc48ec9c-d1b8-4775-bd67-583e82846e52,SAMMS-Providence
202609071930403874,202609071904636268,202609071904636230,85,3956,Bronze INV,br_ReAssessmentPhysicalHealth,TASK_COMPLETE,SUCCESS,INFO,631,631,0,,2026-09-07T19:05:10.929Z,2026-09-07T19:30:45.588Z,1535,2026-09-07T19:30:45.588Z,B57D,Westerly,fc48ec9c-d1b8-4775-bd67-583e82846e52,SAMMS-Westerly
202609071930403875,202609071904636269,202609071904636230,85,3960,Bronze INV,br_ReAssessmentPhysicalHealth,TASK_COMPLETE,SUCCESS,INFO,4,4,0,,2026-09-07T19:05:10.929Z,2026-09-07T19:30:45.588Z,1535,2026-09-07T19:30:45.588Z,B66A,Bremen,fc48ec9c-d1b8-4775-bd67-583e82846e52,SAMMS-Bremen
202609071930403876,202609071904636270,202609071904636230,85,3963,Bronze INV,br_ReAssessmentPhysicalHealth,TASK_COMPLETE,SUCCESS,INFO,0,0,0,,2026-09-07T19:05:10.929Z,2026-09-07T19:30:45.588Z,1535,2026-09-07T19:30:45.588Z,B72,Mobile (OBOT),fc48ec9c-d1b8-4775-bd67-583e82846e52,SAMMS-Mobile-OBOT
202609010526537872,202609010503273343,202609010503273335,46,9527,P1 Finance Claim Line Item Bronze - AHK,br_samms_claim_line_item,TASK_COMPLETE,SUCCESS,INFO,13695,13695,0,,2026-09-01T05:03:56.880Z,2026-09-01T05:26:57.186Z,1381,2026-09-01T05:26:57.186Z,AHK,Ahoskie,75a93e02-eb8a-4b20-981c-b48401997d72,SAMMS-Ahoskie
202609041734097428,202609041706273996,202609041706273944,85,4000,Bronze INV,br_ReAssessmentPhysicalHealth,TASK_COMPLETE,SUCCESS,INFO,337,337,0,,2026-09-04T17:06:35.444Z,2026-09-04T17:34:13.654Z,1658,2026-09-04T17:34:13.654Z,DA,Davenport,5652dc3b-8824-4606-a16d-f373dc1d2ada,SAMMS-Davenport
202609041734097430,202609041706273997,202609041706273944,85,4001,Bronze INV,br_ReAssessmentPhysicalHealth,TASK_COMPLETE,SUCCESS,INFO,292,292,0,,2026-09-04T17:06:35.444Z,2026-09-04T17:34:13.654Z,1658,2026-09-04T17:34:13.654Z,DM,Des Moines,5652dc3b-8824-4606-a16d-f373dc1d2ada,SAMMS-DesMoines
202609041734097431,202609041706273998,202609041706273944,85,4003,Bronze INV,br_ReAssessmentPhysicalHealth,TASK_COMPLETE,SUCCESS,INFO,530,530,0,,2026-09-04T17:06:35.444Z,2026-09-04T17:34:13.654Z,1658,2026-09-04T17:34:13.654Z,DRD-CO,Columbia MO,5652dc3b-8824-4606-a16d-f373dc1d2ada,SAMMS-ColumbiaV5
202609061929598605,202609061904281301,202609061904281249,85,4000,Bronze INV,br_ReAssessmentPhysicalHealth,TASK_COMPLETE,SUCCESS,INFO,337,337,0,,2026-09-06T19:04:34.627Z,2026-09-06T19:30:03.879Z,1529,2026-09-06T19:30:03.879Z,DA,Davenport,5cce37fd-5f38-41c5-90e1-d9efeb3bd245,SAMMS-Davenport
202609061929598606,202609061904281302,202609061904281249,85,4001,Bronze INV,br_ReAssessmentPhysicalHealth,TASK_COMPLETE,SUCCESS,INFO,292,292,0,,2026-09-06T19:04:34.627Z,2026-09-06T19:30:03.879Z,1529,2026-09-06T19:30:03.879Z,DM,Des Moines,5cce37fd-5f38-41c5-90e1-d9efeb3bd245,SAMMS-DesMoines
202609061929598607,202609061904281303,202609061904281249,85,4003,Bronze INV,br_ReAssessmentPhysicalHealth,TASK_COMPLETE,SUCCESS,INFO,530,530,0,,2026-09-06T19:04:34.627Z,2026-09-06T19:30:03.879Z,1529,2026-09-06T19:30:03.879Z,DRD-CO,Columbia MO,5cce37fd-5f38-41c5-90e1-d9efeb3bd245,SAMMS-ColumbiaV5
202608311339299815,202608311330604155,202608311330604153,34,144002,3pClaimNote Bronze - B12B,br_tbl3pClaimNote,TASK_COMPLETE,SUCCESS,INFO,32811,32811,0,,2026-08-31T13:31:04.464Z,2026-08-31T13:39:37.651Z,513,2026-08-31T13:39:37.651Z,B12B,ColoradoSprings,ff1f6c6f-cfd8-4eb9-9a6c-c39c12bfa894,SAMMS-ColoradoSpringsV5
202609021151450028,202609021151450028,202608171026319654,84,13673,Gold Salesforce Cases,Cases,TASK_DEPENDENCY_BLOCKED,DEPENDENCY_BLOCKED,WARN,0,0,0,"Dependency Failed : 218 (checked: 216,217,218,221,13676)",2026-09-02T11:51:52.058Z,2026-09-02T11:51:52.058Z,0,2026-09-02T11:51:52.058Z,,,0b5a27da-5d48-4ed3-a9f4-1a7052a3fcea,
202608282007122591,202608281959352752,202608281959352750,34,144002,3pClaimNote Bronze - B12B,br_tbl3pClaimNote,TASK_COMPLETE,SUCCESS,INFO,33120,33120,0,,2026-08-28T19:59:39.101Z,2026-08-28T20:07:15.948Z,456,2026-08-28T20:07:15.948Z,B12B,ColoradoSprings,4656989f-76f4-4530-9c0f-37d9fd4d8113,SAMMS-ColoradoSpringsV5
202609041734097370,202609041706273945,202609041706273944,85,3910,Bronze INV,br_ReAssessmentPhysicalHealth,TASK_COMPLETE,SUCCESS,INFO,35,35,0,,2026-09-04T17:06:35.444Z,2026-09-04T17:34:13.654Z,1658,2026-09-04T17:34:13.654Z,AHK,Ahoskie,5652dc3b-8824-4606-a16d-f373dc1d2ada,SAMMS-Ahoskie
202609041734097371,202609041706273946,202609041706273944,85,3911,Bronze INV,br_ReAssessmentPhysicalHealth,TASK_COMPLETE,SUCCESS,INFO,662,662,0,,2026-09-04T17:06:35.444Z,2026-09-04T17:34:13.654Z,1658,2026-09-04T17:34:13.654Z,B12B,Colorado Springs,5652dc3b-8824-4606-a16d-f373dc1d2ada,SAMMS-ColoradoSpringsV5
202609041734097372,202609041706273947,202609041706273944,85,3912,Bronze INV,br_ReAssessmentPhysicalHealth,TASK_COMPLETE,SUCCESS,INFO,835,835,0,,2026-09-04T17:06:35.444Z,2026-09-04T17:34:13.654Z,1658,2026-09-04T17:34:13.654Z,B24,Paintsville,5652dc3b-8824-4606-a16d-f373dc1d2ada,SAMMS-PaintsvilleV5
202609010526537867,202609010503273339,202609010503273335,46,9055,P1 Finance FMP Bronze - AHK,br_samms_fmp,TASK_COMPLETE,SUCCESS,INFO,3,3,0,,2026-09-01T05:03:56.880Z,2026-09-01T05:26:57.186Z,1381,2026-09-01T05:26:57.186Z,AHK,Ahoskie,75a93e02-eb8a-4b20-981c-b48401997d72,SAMMS-Ahoskie
202609010526537868,202609010503273340,202609010503273335,46,9173,P1 Finance Payer Client History Bronze - AHK,br_samms_payer_clt_history,TASK_COMPLETE,SUCCESS,INFO,61,61,0,,2026-09-01T05:03:56.880Z,2026-09-01T05:26:57.186Z,1381,2026-09-01T05:26:57.186Z,AHK,Ahoskie,75a93e02-eb8a-4b20-981c-b48401997d72,SAMMS-Ahoskie
202609061929598547,202609061904281250,202609061904281249,85,3910,Bronze INV,br_ReAssessmentPhysicalHealth,TASK_COMPLETE,SUCCESS,INFO,35,35,0,,2026-09-06T19:04:34.627Z,2026-09-06T19:30:03.879Z,1529,2026-09-06T19:30:03.879Z,AHK,Ahoskie,5cce37fd-5f38-41c5-90e1-d9efeb3bd245,SAMMS-Ahoskie
202609061929598549,202609061904281251,202609061904281249,85,3911,Bronze INV,br_ReAssessmentPhysicalHealth,TASK_COMPLETE,SUCCESS,INFO,662,662,0,,2026-09-06T19:04:34.627Z,2026-09-06T19:30:03.879Z,1529,2026-09-06T19:30:03.879Z,B12B,Colorado Springs,5cce37fd-5f38-41c5-90e1-d9efeb3bd245,SAMMS-ColoradoSpringsV5
202609061929598550,202609061904281252,202609061904281249,85,3912,Bronze INV,br_ReAssessmentPhysicalHealth,TASK_COMPLETE,SUCCESS,INFO,835,835,0,,2026-09-06T19:04:34.627Z,2026-09-06T19:30:03.879Z,1529,2026-09-06T19:30:03.879Z,B24,Paintsville,5cce37fd-5f38-41c5-90e1-d9efeb3bd245,SAMMS-PaintsvilleV5
202609020526387086,202609020507368038,202609020507368034,118,10548,Bronze P1/P2 Assessments,br_NewAdmissionAssessmentASAMDimension6,TASK_COMPLETE,SUCCESS,INFO,185,185,0,,2026-09-02T05:07:47.056Z,2026-09-02T05:26:44.695Z,1137,2026-09-02T05:26:44.695Z,B33,Paducah,2b09f1a0-2915-47dd-851e-cacf6613827d,SAMMS-Paducah
202609020526387106,202609020507368056,202609020507368034,118,12204,Bronze P1/P2 Assessments,br_NewAdmissionAssessmentASAMDimension4,TASK_COMPLETE,SUCCESS,INFO,182,182,0,,2026-09-02T05:07:47.056Z,2026-09-02T05:26:44.695Z,1137,2026-09-02T05:26:44.695Z,B33,Paducah,2b09f1a0-2915-47dd-851e-cacf6613827d,SAMMS-Paducah
202609071232316917,202609071232316916,20260907123143,5,13678,Silver 8x8 Call Detail Legs,sl_8x8_CallDetailLegs,TASK_FAILED,FAILED,ERROR,0,0,0,Dependency Failed: Upstream Pipeline (ConfigId = 4) FAILED,2026-09-07T12:32:37.018Z,2026-09-07T12:32:37.018Z,0,2026-09-07T12:32:37.018Z,,,0833bc45-7cf8-42ce-be71-c454f3197277,
202609021018523966,202609021000193797,202609021000193793,118,10548,Bronze P1/P2 Assessments,br_NewAdmissionAssessmentASAMDimension6,TASK_COMPLETE,SUCCESS,INFO,185,185,0,,2026-09-02T10:00:23.575Z,2026-09-02T10:18:56.786Z,1113,2026-09-02T10:18:56.786Z,B33,Paducah,ebc2f5e5-b7e4-40cf-8b56-f009f5871937,SAMMS-Paducah
202609021129108143,202609021111416558,202609021111416554,118,10548,Bronze P1/P2 Assessments,br_NewAdmissionAssessmentASAMDimension6,TASK_COMPLETE,SUCCESS,INFO,185,185,0,,2026-09-02T11:11:46.042Z,2026-09-02T11:29:14.318Z,1048,2026-09-02T11:29:14.318Z,B33,Paducah,a7050713-a175-4eb1-950e-06e41274b859,SAMMS-Paducah
202609021129108252,202609021111416576,202609021111416554,118,12204,Bronze P1/P2 Assessments,br_NewAdmissionAssessmentASAMDimension4,TASK_COMPLETE,SUCCESS,INFO,182,182,0,,2026-09-02T11:11:46.042Z,2026-09-02T11:29:14.318Z,1048,2026-09-02T11:29:14.318Z,B33,Paducah,a7050713-a175-4eb1-950e-06e41274b859,SAMMS-Paducah
202609021403463287,202609021343688398,202609021343688394,118,10548,Bronze P1/P2 Assessments,br_NewAdmissionAssessmentASAMDimension6,TASK_COMPLETE,SUCCESS,INFO,185,185,0,,2026-09-02T13:44:13.671Z,2026-09-02T14:03:50.288Z,1177,2026-09-02T14:03:50.288Z,B33,Paducah,ab787989-353e-4d3f-8e29-103715871a85,SAMMS-Paducah
202609021403463308,202609021343688416,202609021343688394,118,12204,Bronze P1/P2 Assessments,br_NewAdmissionAssessmentASAMDimension4,TASK_COMPLETE,SUCCESS,INFO,182,182,0,,2026-09-02T13:44:13.671Z,2026-09-02T14:03:50.288Z,1177,2026-09-02T14:03:50.288Z,B33,Paducah,ab787989-353e-4d3f-8e29-103715871a85,SAMMS-Paducah
202609061929598574,202609061904281274,202609061904281249,85,3935,Bronze INV,br_ReAssessmentPhysicalHealth,TASK_COMPLETE,SUCCESS,INFO,632,632,0,,2026-09-06T19:04:34.627Z,2026-09-06T19:30:03.879Z,1529,2026-09-06T19:30:03.879Z,B44,Albany,5cce37fd-5f38-41c5-90e1-d9efeb3bd245,SAMMS-AlbanyV5
202609061929598575,202609061904281275,202609061904281249,85,3936,Bronze INV,br_ReAssessmentPhysicalHealth,TASK_COMPLETE,SUCCESS,INFO,1273,1273,0,,2026-09-06T19:04:34.627Z,2026-09-06T19:30:03.879Z,1529,2026-09-06T19:30:03.879Z,B45,Tifton,5cce37fd-5f38-41c5-90e1-d9efeb3bd245,SAMMS-TiftonV5
202609061929598577,202609061904281276,202609061904281249,85,3937,Bronze INV,br_ReAssessmentPhysicalHealth,TASK_COMPLETE,SUCCESS,INFO,591,591,0,,2026-09-06T19:04:34.627Z,2026-09-06T19:30:03.879Z,1529,2026-09-06T19:30:03.879Z,B46,Washington DC,5cce37fd-5f38-41c5-90e1-d9efeb3bd245,SAMMS-WashingtonDCv5
202609041734097397,202609041706273969,202609041706273944,85,3935,Bronze INV,br_ReAssessmentPhysicalHealth,TASK_COMPLETE,SUCCESS,INFO,632,632,0,,2026-09-04T17:06:35.444Z,2026-09-04T17:34:13.654Z,1658,2026-09-04T17:34:13.654Z,B44,Albany,5652dc3b-8824-4606-a16d-f373dc1d2ada,SAMMS-AlbanyV5
202609041734097399,202609041706273970,202609041706273944,85,3936,Bronze INV,br_ReAssessmentPhysicalHealth,TASK_COMPLETE,SUCCESS,INFO,1273,1273,0,,2026-09-04T17:06:35.444Z,2026-09-04T17:34:13.654Z,1658,2026-09-04T17:34:13.654Z,B45,Tifton,5652dc3b-8824-4606-a16d-f373dc1d2ada,SAMMS-TiftonV5
202609041734097400,202609041706273971,202609041706273944,85,3937,Bronze INV,br_ReAssessmentPhysicalHealth,TASK_COMPLETE,SUCCESS,INFO,591,591,0,,2026-09-04T17:06:35.444Z,2026-09-04T17:34:13.654Z,1658,2026-09-04T17:34:13.654Z,B46,Washington DC,5652dc3b-8824-4606-a16d-f373dc1d2ada,SAMMS-WashingtonDCv5
202609020526387104,202609020507368054,202609020507368034,118,12020,Bronze P1/P2 Assessments,br_NewAdmissionAssessmentASAMDimension2,TASK_COMPLETE,SUCCESS,INFO,179,179,0,,2026-09-02T05:07:47.056Z,2026-09-02T05:26:44.695Z,1137,2026-09-02T05:26:44.695Z,B33,Paducah,2b09f1a0-2915-47dd-851e-cacf6613827d,SAMMS-Paducah
202609021018523987,202609021000193815,202609021000193793,118,12204,Bronze P1/P2 Assessments,br_NewAdmissionAssessmentASAMDimension4,TASK_COMPLETE,SUCCESS,INFO,182,182,0,,2026-09-02T10:00:23.575Z,2026-09-02T10:18:56.786Z,1113,2026-09-02T10:18:56.786Z,B33,Paducah,ebc2f5e5-b7e4-40cf-8b56-f009f5871937,SAMMS-Paducah
202609020526387108,202609020507368058,202609020507368034,118,12388,Bronze P1/P2 Assessments,br_NewAdmissionAssessmentASAMDimension5,TASK_COMPLETE,SUCCESS,INFO,180,180,0,,2026-09-02T05:07:47.056Z,2026-09-02T05:26:44.695Z,1137,2026-09-02T05:26:44.695Z,B33,Paducah,2b09f1a0-2915-47dd-851e-cacf6613827d,SAMMS-Paducah
202609020840342923,202609020840342922,20260831121208,133,13716,CollectionRates_v4 Silver,sl_collectionrates,TASK_ALREADY_COMPLETED,ALREADY_COMPLETED,INFO,0,0,0,Already succeeded in previous attempt,2026-09-02T08:40:45.894Z,2026-09-02T08:40:45.894Z,0,2026-09-02T08:40:45.894Z,,,a248cb53-4f30-44b6-ac15-5cdc6c387758,
202609031211570528,202609031145401797,202609031145401700,85,3143,Bronze INV,br_ReAssessment,TASK_COMPLETE,SUCCESS,INFO,0,0,0,,2026-09-03T11:45:45.517Z,2026-09-03T12:12:16.686Z,1591,2026-09-03T12:12:16.686Z,V11,Westminster,8e54a6a2-7031-4831-b2c0-8c5ea7811246,SAMMS-VCPHCS-XI-NorthDenverV5
202609031211570529,202609031145401798,202609031145401700,85,3144,Bronze INV,br_ReAssessment,TASK_COMPLETE,SUCCESS,INFO,80,80,0,,2026-09-03T11:45:45.517Z,2026-09-03T12:12:16.686Z,1591,2026-09-03T12:12:16.686Z,V12,Downtown Denver,8e54a6a2-7031-4831-b2c0-8c5ea7811246,SAMMS-VCPHCS-XII-DowntownDenverV5
202609031211570530,202609031145401799,202609031145401700,85,3145,Bronze INV,br_ReAssessment,TASK_COMPLETE,SUCCESS,INFO,0,0,0,,2026-09-03T11:45:45.517Z,2026-09-03T12:12:16.686Z,1591,2026-09-03T12:12:16.686Z,V12A,Centennial,8e54a6a2-7031-4831-b2c0-8c5ea7811246,SAMMS-CentennialV5
202609031211570531,202609031145401800,202609031145401700,85,3146,Bronze INV,br_ReAssessment,TASK_COMPLETE,SUCCESS,INFO,0,0,0,,2026-09-03T11:45:45.517Z,2026-09-03T12:12:16.686Z,1591,2026-09-03T12:12:16.686Z,V14,Overland Park,8e54a6a2-7031-4831-b2c0-8c5ea7811246,SAMMS-VCPHCS-XIV-BridgewayV5
202609010526537875,202609010503273346,202609010503273335,46,9881,P1 Finance Payer Client Bronze - AHK,br_samms_payer_client,TASK_COMPLETE,SUCCESS,INFO,192,192,0,,2026-09-01T05:03:56.880Z,2026-09-01T05:26:57.186Z,1381,2026-09-01T05:26:57.186Z,AHK,Ahoskie,75a93e02-eb8a-4b20-981c-b48401997d72,SAMMS-Ahoskie
202609010526537876,202609010503273347,202609010503273335,46,9999,P1 Finance Diag10 Bronze - AHK,br_samms_tbldiag10,TASK_COMPLETE,SUCCESS,INFO,231,231,0,,2026-09-01T05:03:56.880Z,2026-09-01T05:26:57.186Z,1381,2026-09-01T05:26:57.186Z,AHK,Ahoskie,75a93e02-eb8a-4b20-981c-b48401997d72,SAMMS-Ahoskie
202609041734097401,202609041706273972,202609041706273944,85,3938,Bronze INV,br_ReAssessmentPhysicalHealth,TASK_COMPLETE,SUCCESS,INFO,1575,1575,0,,2026-09-04T17:06:35.444Z,2026-09-04T17:34:13.654Z,1658,2026-09-04T17:34:13.654Z,B47,Mobile,5652dc3b-8824-4606-a16d-f373dc1d2ada,SAMMS-MobileV5
202609041734097402,202609041706273973,202609041706273944,85,3939,Bronze INV,br_ReAssessmentPhysicalHealth,TASK_COMPLETE,SUCCESS,INFO,1301,1301,0,,2026-09-04T17:06:35.444Z,2026-09-04T17:34:13.654Z,1658,2026-09-04T17:34:13.654Z,B48,Tuscaloosa,5652dc3b-8824-4606-a16d-f373dc1d2ada,SAMMS-TuscaloosaV5
202609041734097403,202609041706273974,202609041706273944,85,3948,Bronze INV,br_ReAssessmentPhysicalHealth,TASK_COMPLETE,SUCCESS,INFO,3,3,0,,2026-09-04T17:06:35.444Z,2026-09-04T17:34:13.654Z,1658,2026-09-04T17:34:13.654Z,B51,N. Little Rock (OTP),5652dc3b-8824-4606-a16d-f373dc1d2ada,SAMMS-NorthLittleRockV6
202608311949219789,202608311932635133,202608311932635132,77,144384,PPA Silver,tbl_SF_PatientPreAdmission,TASK_COMPLETE,SKIPPED,WARN,0,0,0,No successful Bronze rows found for this ingest run; Silver skipped.,2026-08-31T19:33:39.510Z,2026-08-31T19:49:37.459Z,958,2026-08-31T19:49:37.459Z,,,cfdfdc3e-feee-431f-b7ae-4c79340592fa,
202609041734097439,202609041706274005,202609041706273944,85,4011,Bronze INV,br_ReAssessmentPhysicalHealth,TASK_COMPLETE,SUCCESS,INFO,128,128,0,,2026-09-04T17:06:35.444Z,2026-09-04T17:34:13.654Z,1658,2026-09-04T17:34:13.654Z,ET,Elizabethtown,5652dc3b-8824-4606-a16d-f373dc1d2ada,SAMMS-Elizabethtown
202609041734097440,202609041706274006,202609041706273944,85,4012,Bronze INV,br_ReAssessmentPhysicalHealth,TASK_COMPLETE,SUCCESS,INFO,0,0,0,,2026-09-04T17:06:35.444Z,2026-09-04T17:34:13.654Z,1658,2026-09-04T17:34:13.654Z,FAY,Fayetteville,5652dc3b-8824-4606-a16d-f373dc1d2ada,SAMMS-Fayetteville
202609041734097441,202609041706274007,202609041706273944,85,4013,Bronze INV,br_ReAssessmentPhysicalHealth,TASK_COMPLETE,SUCCESS,INFO,156,156,0,,2026-09-04T17:06:35.444Z,2026-09-04T17:34:13.654Z,1658,2026-09-04T17:34:13.654Z,FR,Frankfort,5652dc3b-8824-4606-a16d-f373dc1d2ada,SAMMS-Frankfort
202609061929598615,202609061904281310,202609061904281249,85,4011,Bronze INV,br_ReAssessmentPhysicalHealth,TASK_COMPLETE,SUCCESS,INFO,128,128,0,,2026-09-06T19:04:34.627Z,2026-09-06T19:30:03.879Z,1529,2026-09-06T19:30:03.879Z,ET,Elizabethtown,5cce37fd-5f38-41c5-90e1-d9efeb3bd245,SAMMS-Elizabethtown
202609061929598616,202609061904281311,202609061904281249,85,4012,Bronze INV,br_ReAssessmentPhysicalHealth,TASK_COMPLETE,SUCCESS,INFO,0,0,0,,2026-09-06T19:04:34.627Z,2026-09-06T19:30:03.879Z,1529,2026-09-06T19:30:03.879Z,FAY,Fayetteville,5cce37fd-5f38-41c5-90e1-d9efeb3bd245,SAMMS-Fayetteville
202609061929598617,202609061904281312,202609061904281249,85,4013,Bronze INV,br_ReAssessmentPhysicalHealth,TASK_COMPLETE,SUCCESS,INFO,156,156,0,,2026-09-06T19:04:34.627Z,2026-09-06T19:30:03.879Z,1529,2026-09-06T19:30:03.879Z,FR,Frankfort,5cce37fd-5f38-41c5-90e1-d9efeb3bd245,SAMMS-Frankfort
202609061929598578,202609061904281277,202609061904281249,85,3938,Bronze INV,br_ReAssessmentPhysicalHealth,TASK_COMPLETE,SUCCESS,INFO,1575,1575,0,,2026-09-06T19:04:34.627Z,2026-09-06T19:30:03.879Z,1529,2026-09-06T19:30:03.879Z,B47,Mobile,5cce37fd-5f38-41c5-90e1-d9efeb3bd245,SAMMS-MobileV5
202609061929598579,202609061904281278,202609061904281249,85,3939,Bronze INV,br_ReAssessmentPhysicalHealth,TASK_COMPLETE,SUCCESS,INFO,1301,1301,0,,2026-09-06T19:04:34.627Z,2026-09-06T19:30:03.879Z,1529,2026-09-06T19:30:03.879Z,B48,Tuscaloosa,5cce37fd-5f38-41c5-90e1-d9efeb3bd245,SAMMS-TuscaloosaV5
202609061929598580,202609061904281279,202609061904281249,85,3948,Bronze INV,br_ReAssessmentPhysicalHealth,TASK_COMPLETE,SUCCESS,INFO,3,3,0,,2026-09-06T19:04:34.627Z,2026-09-06T19:30:03.879Z,1529,2026-09-06T19:30:03.879Z,B51,N. Little Rock (OTP),5cce37fd-5f38-41c5-90e1-d9efeb3bd245,SAMMS-NorthLittleRockV6
202609021129108154,202609021111416567,202609021111416554,118,11459,Bronze P1/P2 Assessments,br_NewPeriodicReassessmentD4,TASK_COMPLETE,SUCCESS,INFO,0,0,0,,2026-09-02T11:11:46.042Z,2026-09-02T11:29:14.318Z,1048,2026-09-02T11:29:14.318Z,B24,Paintsville,a7050713-a175-4eb1-950e-06e41274b859,SAMMS-PaintsvilleV5
202609020526387096,202609020507368047,202609020507368034,118,11459,Bronze P1/P2 Assessments,br_NewPeriodicReassessmentD4,TASK_COMPLETE,SUCCESS,INFO,0,0,0,,2026-09-02T05:07:47.056Z,2026-09-02T05:26:44.695Z,1137,2026-09-02T05:26:44.695Z,B24,Paintsville,2b09f1a0-2915-47dd-851e-cacf6613827d,SAMMS-PaintsvilleV5
202609020526387098,202609020507368049,202609020507368034,118,11643,Bronze P1/P2 Assessments,br_NewPeriodicReassessmentD5,TASK_COMPLETE,SUCCESS,INFO,0,0,0,,2026-09-02T05:07:47.056Z,2026-09-02T05:26:44.695Z,1137,2026-09-02T05:26:44.695Z,B24,Paintsville,2b09f1a0-2915-47dd-851e-cacf6613827d,SAMMS-PaintsvilleV5
202609020526387094,202609020507368045,202609020507368034,118,11275,Bronze P1/P2 Assessments,br_NewPeriodicReassessmentD3,TASK_COMPLETE,SUCCESS,INFO,0,0,0,,2026-09-02T05:07:47.056Z,2026-09-02T05:26:44.695Z,1137,2026-09-02T05:26:44.695Z,B24,Paintsville,2b09f1a0-2915-47dd-851e-cacf6613827d,SAMMS-PaintsvilleV5
202609021018523977,202609021000193806,202609021000193793,118,11459,Bronze P1/P2 Assessments,br_NewPeriodicReassessmentD4,TASK_COMPLETE,SUCCESS,INFO,0,0,0,,2026-09-02T10:00:23.575Z,2026-09-02T10:18:56.786Z,1113,2026-09-02T10:18:56.786Z,B24,Paintsville,ebc2f5e5-b7e4-40cf-8b56-f009f5871937,SAMMS-PaintsvilleV5
202609020526387101,202609020507368051,202609020507368034,118,11827,Bronze P1/P2 Assessments,br_NewPeriodicReassessmentD6,TASK_COMPLETE,SUCCESS,INFO,0,0,0,,2026-09-02T05:07:47.056Z,2026-09-02T05:26:44.695Z,1137,2026-09-02T05:26:44.695Z,B24,Paintsville,2b09f1a0-2915-47dd-851e-cacf6613827d,SAMMS-PaintsvilleV5
202609020526387092,202609020507368043,202609020507368034,118,11091,Bronze P1/P2 Assessments,br_NewPeriodicReassessmentD2,TASK_COMPLETE,SUCCESS,INFO,0,0,0,,2026-09-02T05:07:47.056Z,2026-09-02T05:26:44.695Z,1137,2026-09-02T05:26:44.695Z,B24,Paintsville,2b09f1a0-2915-47dd-851e-cacf6613827d,SAMMS-PaintsvilleV5
202609021403463298,202609021343688407,202609021343688394,118,11459,Bronze P1/P2 Assessments,br_NewPeriodicReassessmentD4,TASK_COMPLETE,SUCCESS,INFO,0,0,0,,2026-09-02T13:44:13.671Z,2026-09-02T14:03:50.288Z,1177,2026-09-02T14:03:50.288Z,B24,Paintsville,ab787989-353e-4d3f-8e29-103715871a85,SAMMS-PaintsvilleV5
202609081249123523,202609081233479601,202609081233479600,144,14879,Clinical UA CDC Bronze - SaveUAResults - B41,br_UAResults,TASK_COMPLETE,SUCCESS,INFO,21,21,0,,2026-09-08T12:34:28.635Z,2026-09-08T12:49:15.919Z,887,2026-09-08T12:49:15.919Z,B41,Chesapeake,c3383bb1-b723-4b3e-bec7-f60bc8b15ae7,SAMMS-ChesapeakeV5
202609061929598555,202609061904281256,202609061904281249,85,3916,Bronze INV,br_ReAssessmentPhysicalHealth,TASK_COMPLETE,SUCCESS,INFO,246,246,0,,2026-09-06T19:04:34.627Z,2026-09-06T19:30:03.879Z,1529,2026-09-06T19:30:03.879Z,B28,West Plains,5cce37fd-5f38-41c5-90e1-d9efeb3bd245,SAMMS-WestPlainesV5
202609061929598556,202609061904281257,202609061904281249,85,3917,Bronze INV,br_ReAssessmentPhysicalHealth,TASK_COMPLETE,SUCCESS,INFO,461,461,0,,2026-09-06T19:04:34.627Z,2026-09-06T19:30:03.879Z,1529,2026-09-06T19:30:03.879Z,B29,Poplar Bluff,5cce37fd-5f38-41c5-90e1-d9efeb3bd245,SAMMS-PoplarBluffV5
202609061929598557,202609061904281258,202609061904281249,85,3918,Bronze INV,br_ReAssessmentPhysicalHealth,TASK_COMPLETE,SUCCESS,INFO,80,80,0,,2026-09-06T19:04:34.627Z,2026-09-06T19:30:03.879Z,1529,2026-09-06T19:30:03.879Z,B30,KC North,5cce37fd-5f38-41c5-90e1-d9efeb3bd245,SAMMS-KCNv5
202609041734097377,202609041706273951,202609041706273944,85,3916,Bronze INV,br_ReAssessmentPhysicalHealth,TASK_COMPLETE,SUCCESS,INFO,246,246,0,,2026-09-04T17:06:35.444Z,2026-09-04T17:34:13.654Z,1658,2026-09-04T17:34:13.654Z,B28,West Plains,5652dc3b-8824-4606-a16d-f373dc1d2ada,SAMMS-WestPlainesV5
202609041734097378,202609041706273952,202609041706273944,85,3917,Bronze INV,br_ReAssessmentPhysicalHealth,TASK_COMPLETE,SUCCESS,INFO,461,461,0,,2026-09-04T17:06:35.444Z,2026-09-04T17:34:13.654Z,1658,2026-09-04T17:34:13.654Z,B29,Poplar Bluff,5652dc3b-8824-4606-a16d-f373dc1d2ada,SAMMS-PoplarBluffV5
202609041734097379,202609041706273953,202609041706273944,85,3918,Bronze INV,br_ReAssessmentPhysicalHealth,TASK_COMPLETE,SUCCESS,INFO,80,80,0,,2026-09-04T17:06:35.444Z,2026-09-04T17:34:13.654Z,1658,2026-09-04T17:34:13.654Z,B30,KC North,5652dc3b-8824-4606-a16d-f373dc1d2ada,SAMMS-KCNv5
202608281952576155,202608281944679157,202608281944679155,34,144002,3pClaimNote Bronze - B12B,br_tbl3pClaimNote,TASK_COMPLETE,SUCCESS,INFO,60,60,0,,2026-08-28T19:45:11.526Z,2026-08-28T19:53:00.773Z,469,2026-08-28T19:53:00.773Z,B12B,ColoradoSprings,efbc12e1-b596-4992-bb1e-5de64340fc31,SAMMS-ColoradoSpringsV5
202608310629120032,202608310629120031,20260831055942,135,13739,Salesforce Callback List Case,br_sf_case_cl,TASK_ALREADY_COMPLETED,ALREADY_COMPLETED,INFO,0,0,0,Already succeeded in previous attempt,2026-08-31T06:29:20.151Z,2026-08-31T06:29:20.151Z,0,2026-08-31T06:29:20.151Z,,,a7cd751e-6e5d-4276-9b13-7268f73d8177,
202609041019058538,202609041019058538,20260904085233,135,13739,Salesforce Callback List Case,br_sf_case_cl,TASK_ALREADY_COMPLETED,ALREADY_COMPLETED,INFO,0,0,0,Already succeeded in previous attempt,2026-09-04T10:19:10.877Z,2026-09-04T10:19:10.877Z,0,2026-09-04T10:19:10.877Z,,,ed8b9765-c547-4373-9ec0-3b2a53aee49e,
202609031159324836,202609031159324836,20260903115613,134,13721,2021 Daily Census v6 Gold,DailyCensus,TASK_DEPENDENCY_BLOCKED,DEPENDENCY_BLOCKED,WARN,0,0,0,Dependency Failed : 13720 (checked: 13720),2026-09-03T11:59:39.493Z,2026-09-03T11:59:39.493Z,0,2026-09-03T11:59:39.493Z,,,1426a45f-7ba5-45f5-b808-280584111092,
202609041734097466,202609041706274029,202609041706273944,85,4048,Bronze INV,br_ReAssessmentPhysicalHealth,TASK_COMPLETE,SUCCESS,INFO,769,769,0,,2026-09-04T17:06:35.444Z,2026-09-04T17:34:13.654Z,1658,2026-09-04T17:34:13.654Z,SHP,Shreveport,5652dc3b-8824-4606-a16d-f373dc1d2ada,SAMMS-Shreveport
202609041734097467,202609041706274030,202609041706273944,85,4050,Bronze INV,br_ReAssessmentPhysicalHealth,TASK_COMPLETE,SUCCESS,INFO,486,486,0,,2026-09-04T17:06:35.444Z,2026-09-04T17:34:13.654Z,1658,2026-09-04T17:34:13.654Z,STN,Staunton,5652dc3b-8824-4606-a16d-f373dc1d2ada,SAMMS-Staunton
202609041734097468,202609041706274031,202609041706273944,85,4051,Bronze INV,br_ReAssessmentPhysicalHealth,TASK_COMPLETE,SUCCESS,INFO,225,225,0,,2026-09-04T17:06:35.444Z,2026-09-04T17:34:13.654Z,1658,2026-09-04T17:34:13.654Z,STVN,Stevenson,5652dc3b-8824-4606-a16d-f373dc1d2ada,SAMMS-Stevenson
202609061929598643,202609061904281334,202609061904281249,85,4048,Bronze INV,br_ReAssessmentPhysicalHealth,TASK_COMPLETE,SUCCESS,INFO,769,769,0,,2026-09-06T19:04:34.627Z,2026-09-06T19:30:03.879Z,1529,2026-09-06T19:30:03.879Z,SHP,Shreveport,5cce37fd-5f38-41c5-90e1-d9efeb3bd245,SAMMS-Shreveport
202609061929598644,202609061904281335,202609061904281249,85,4050,Bronze INV,br_ReAssessmentPhysicalHealth,TASK_COMPLETE,SUCCESS,INFO,486,486,0,,2026-09-06T19:04:34.627Z,2026-09-06T19:30:03.879Z,1529,2026-09-06T19:30:03.879Z,STN,Staunton,5cce37fd-5f38-41c5-90e1-d9efeb3bd245,SAMMS-Staunton
202609061929598645,202609061904281336,202609061904281249,85,4051,Bronze INV,br_ReAssessmentPhysicalHealth,TASK_COMPLETE,SUCCESS,INFO,225,225,0,,2026-09-06T19:04:34.627Z,2026-09-06T19:30:03.879Z,1529,2026-09-06T19:30:03.879Z,STVN,Stevenson,5cce37fd-5f38-41c5-90e1-d9efeb3bd245,SAMMS-Stevenson
202608281816043766,202608281812432919,202608281812432917,34,144002,3pClaimNote Bronze - B12B,br_tbl3pClaimNote,TASK_COMPLETE,SUCCESS,INFO,0,0,0,,2026-08-28T18:12:48.782Z,2026-08-28T18:16:14.755Z,206,2026-08-28T18:16:14.755Z,B12B,ColoradoSprings,458bbcf5-cb92-4c77-b377-3297f084a916,SAMMS-ColoradoSpringsV5
202608281839131577,202608281835667817,202608281835667815,34,144002,3pClaimNote Bronze - B12B,br_tbl3pClaimNote,TASK_COMPLETE,SUCCESS,INFO,0,0,0,,2026-08-28T18:36:12.417Z,2026-08-28T18:39:17.243Z,185,2026-08-28T18:39:17.243Z,B12B,ColoradoSprings,8e23258c-98e6-4e5b-b927-9ac8867dc9e7,SAMMS-ColoradoSpringsV5
202609041734097456,202609041706274020,202609041706273944,85,4032,Bronze INV,br_ReAssessmentPhysicalHealth,TASK_COMPLETE,SUCCESS,INFO,358,358,0,,2026-09-04T17:06:35.444Z,2026-09-04T17:34:13.654Z,1658,2026-09-04T17:34:13.654Z,MNRE,Monroe,5652dc3b-8824-4606-a16d-f373dc1d2ada,SAMMS-Monroe
202609041734097457,202609041706274021,202609041706273944,85,4033,Bronze INV,br_ReAssessmentPhysicalHealth,TASK_COMPLETE,SUCCESS,INFO,1427,1427,0,,2026-09-04T17:06:35.444Z,2026-09-04T17:34:13.654Z,1658,2026-09-04T17:34:13.654Z,MP,Mt. Pleasant,5652dc3b-8824-4606-a16d-f373dc1d2ada,SAMMS-MtPleasant
202609041734097458,202609041706274022,202609041706273944,85,4034,Bronze INV,br_ReAssessmentPhysicalHealth,TASK_COMPLETE,SUCCESS,INFO,153,153,0,,2026-09-04T17:06:35.444Z,2026-09-04T17:34:13.654Z,1658,2026-09-04T17:34:13.654Z,MRD,Meridian,5652dc3b-8824-4606-a16d-f373dc1d2ada,SAMMS-Meridian
202609071930403904,202609071904636293,202609071904636230,85,4013,Bronze INV,br_ReAssessmentPhysicalHealth,TASK_COMPLETE,SUCCESS,INFO,156,156,0,,2026-09-07T19:05:10.929Z,2026-09-07T19:30:45.588Z,1535,2026-09-07T19:30:45.588Z,FR,Frankfort,fc48ec9c-d1b8-4775-bd67-583e82846e52,SAMMS-Frankfort
202609071930403905,202609071904636294,202609071904636230,85,4014,Bronze INV,br_ReAssessmentPhysicalHealth,TASK_COMPLETE,SUCCESS,INFO,0,0,0,,2026-09-07T19:05:10.929Z,2026-09-07T19:30:45.588Z,1535,2026-09-07T19:30:45.588Z,FS,Fort Smith,fc48ec9c-d1b8-4775-bd67-583e82846e52,SAMMS-FortSmith
202609071930403906,202609071904636295,202609071904636230,85,4015,Bronze INV,br_ReAssessmentPhysicalHealth,TASK_COMPLETE,SUCCESS,INFO,471,471,0,,2026-09-07T19:05:10.929Z,2026-09-07T19:30:45.588Z,1535,2026-09-07T19:30:45.588Z,FW,Fort Wayne,fc48ec9c-d1b8-4775-bd67-583e82846e52,SAMMS-FortWayne
202609071930403907,202609071904636296,202609071904636230,85,4016,Bronze INV,br_ReAssessmentPhysicalHealth,TASK_COMPLETE,SUCCESS,INFO,276,276,0,,2026-09-07T19:05:10.929Z,2026-09-07T19:30:45.588Z,1535,2026-09-07T19:30:45.588Z,GAL,Gaylord,fc48ec9c-d1b8-4775-bd67-583e82846e52,SAMMS-Gaylord
202609020526387087,202609020507368039,202609020507368034,118,10723,Bronze P1/P2 Assessments,br_NewPeriodicReassessment,TASK_COMPLETE,SUCCESS,INFO,330,330,0,,2026-09-02T05:07:47.056Z,2026-09-02T05:26:44.695Z,1137,2026-09-02T05:26:44.695Z,B24,Paintsville,2b09f1a0-2915-47dd-851e-cacf6613827d,SAMMS-PaintsvilleV5
202609061929598632,202609061904281325,202609061904281249,85,4032,Bronze INV,br_ReAssessmentPhysicalHealth,TASK_COMPLETE,SUCCESS,INFO,358,358,0,,2026-09-06T19:04:34.627Z,2026-09-06T19:30:03.879Z,1529,2026-09-06T19:30:03.879Z,MNRE,Monroe,5cce37fd-5f38-41c5-90e1-d9efeb3bd245,SAMMS-Monroe
202609061929598633,202609061904281326,202609061904281249,85,4033,Bronze INV,br_ReAssessmentPhysicalHealth,TASK_COMPLETE,SUCCESS,INFO,1427,1427,0,,2026-09-06T19:04:34.627Z,2026-09-06T19:30:03.879Z,1529,2026-09-06T19:30:03.879Z,MP,Mt. Pleasant,5cce37fd-5f38-41c5-90e1-d9efeb3bd245,SAMMS-MtPleasant
202609061929598635,202609061904281327,202609061904281249,85,4034,Bronze INV,br_ReAssessmentPhysicalHealth,TASK_COMPLETE,SUCCESS,INFO,153,153,0,,2026-09-06T19:04:34.627Z,2026-09-06T19:30:03.879Z,1529,2026-09-06T19:30:03.879Z,MRD,Meridian,5cce37fd-5f38-41c5-90e1-d9efeb3bd245,SAMMS-Meridian
202609051930319757,202609051904109280,202609051904109217,85,4013,Bronze INV,br_ReAssessmentPhysicalHealth,TASK_COMPLETE,SUCCESS,INFO,156,156,0,,2026-09-05T19:04:18.404Z,2026-09-05T19:30:36.887Z,1578,2026-09-05T19:30:36.887Z,FR,Frankfort,a7cfa2a8-4e03-4cce-a64e-9a92e6e67f12,SAMMS-Frankfort
202609051930319758,202609051904109281,202609051904109217,85,4014,Bronze INV,br_ReAssessmentPhysicalHealth,TASK_COMPLETE,SUCCESS,INFO,0,0,0,,2026-09-05T19:04:18.404Z,2026-09-05T19:30:36.887Z,1578,2026-09-05T19:30:36.887Z,FS,Fort Smith,a7cfa2a8-4e03-4cce-a64e-9a92e6e67f12,SAMMS-FortSmith
202609051930319759,202609051904109282,202609051904109217,85,4015,Bronze INV,br_ReAssessmentPhysicalHealth,TASK_COMPLETE,SUCCESS,INFO,471,471,0,,2026-09-05T19:04:18.404Z,2026-09-05T19:30:36.887Z,1578,2026-09-05T19:30:36.887Z,FW,Fort Wayne,a7cfa2a8-4e03-4cce-a64e-9a92e6e67f12,SAMMS-FortWayne
202609051930319760,202609051904109283,202609051904109217,85,4016,Bronze INV,br_ReAssessmentPhysicalHealth,TASK_COMPLETE,SUCCESS,INFO,276,276,0,,2026-09-05T19:04:18.404Z,2026-09-05T19:30:36.887Z,1578,2026-09-05T19:30:36.887Z,GAL,Gaylord,a7cfa2a8-4e03-4cce-a64e-9a92e6e67f12,SAMMS-Gaylord
202609010924277210,202609010924277210,20260901092023,1,14,UKG Locations API,br_Locations,TASK_FAILED,FAILED,ERROR,0,0,0,Invalid URL invalidurl: No scheme supplied. Perhaps you meant https://invalidurl?,2026-09-01T09:24:32.743Z,2026-09-01T09:24:53.898Z,19,2026-09-01T09:24:53.898Z,,,c46e47f1-7e0c-46c6-93e3-7d17cbc17d55,
202608310713038354,202608310713038354,20260831060206,133,13720,2021 Daily Census v6 Silver,sl_dailycensus,TASK_ALREADY_COMPLETED,ALREADY_COMPLETED,INFO,0,0,0,Already succeeded in previous attempt,2026-08-31T07:13:15.688Z,2026-08-31T07:13:15.688Z,0,2026-08-31T07:13:15.688Z,,,686b20a1-fc55-41ce-bf56-edc22eac8a37,
202608310525022128,202608310525022128,20260831034154,133,13720,2021 Daily Census v6 Silver,sl_dailycensus,TASK_ALREADY_COMPLETED,ALREADY_COMPLETED,INFO,0,0,0,Already succeeded in previous attempt,2026-08-31T05:25:06.661Z,2026-08-31T05:25:06.661Z,0,2026-08-31T05:25:06.661Z,,,648551aa-4be1-43d5-9996-5e68064cace6,
202609021150051073,202609021150051072,202608171026319654,84,220,Gold Salesforce StgContacts,stgContacts,TASK_DEPENDENCY_BLOCKED,DEPENDENCY_BLOCKED,WARN,0,0,0,Dependency Failed : 213 (checked: 213),2026-09-02T11:50:12.315Z,2026-09-02T11:50:12.315Z,0,2026-09-02T11:50:12.315Z,,,0b5a27da-5d48-4ed3-a9f4-1a7052a3fcea,
202609020846153317,202609020846153316,20260831121208,133,13720,2021 Daily Census v6 Silver,sl_dailycensus,TASK_ALREADY_COMPLETED,ALREADY_COMPLETED,INFO,0,0,0,Already succeeded in previous attempt,2026-09-02T08:46:20.021Z,2026-09-02T08:46:20.021Z,0,2026-09-02T08:46:20.021Z,,,a248cb53-4f30-44b6-ac15-5cdc6c387758,
202609051930319697,202609051904109228,202609051904109217,85,3921,Bronze INV,br_ReAssessmentPhysicalHealth,TASK_COMPLETE,SUCCESS,INFO,488,488,0,,2026-09-05T19:04:18.404Z,2026-09-05T19:30:36.887Z,1578,2026-09-05T19:30:36.887Z,B33,Paducah,a7cfa2a8-4e03-4cce-a64e-9a92e6e67f12,SAMMS-Paducah
202609051930319698,202609051904109229,202609051904109217,85,3922,Bronze INV,br_ReAssessmentPhysicalHealth,TASK_COMPLETE,SUCCESS,INFO,386,386,0,,2026-09-05T19:04:18.404Z,2026-09-05T19:30:36.887Z,1578,2026-09-05T19:30:36.887Z,B34,Corbin,a7cfa2a8-4e03-4cce-a64e-9a92e6e67f12,SAMMS-CorbinV5
202609051930319699,202609051904109230,202609051904109217,85,3923,Bronze INV,br_ReAssessmentPhysicalHealth,TASK_COMPLETE,SUCCESS,INFO,243,243,0,,2026-09-05T19:04:18.404Z,2026-09-05T19:30:36.887Z,1578,2026-09-05T19:30:36.887Z,B35,Lexington,a7cfa2a8-4e03-4cce-a64e-9a92e6e67f12,SAMMS-LexingtonV5
202609051930319700,202609051904109231,202609051904109217,85,3924,Bronze INV,br_ReAssessmentPhysicalHealth,TASK_COMPLETE,SUCCESS,INFO,77,77,0,,2026-09-05T19:04:18.404Z,2026-09-05T19:30:36.887Z,1578,2026-09-05T19:30:36.887Z,B35A,Berea,a7cfa2a8-4e03-4cce-a64e-9a92e6e67f12,SAMMS-BereaV5
202609071930403840,202609071904636241,202609071904636230,85,3921,Bronze INV,br_ReAssessmentPhysicalHealth,TASK_COMPLETE,SUCCESS,INFO,488,488,0,,2026-09-07T19:05:10.929Z,2026-09-07T19:30:45.588Z,1535,2026-09-07T19:30:45.588Z,B33,Paducah,fc48ec9c-d1b8-4775-bd67-583e82846e52,SAMMS-Paducah
202609071930403841,202609071904636242,202609071904636230,85,3922,Bronze INV,br_ReAssessmentPhysicalHealth,TASK_COMPLETE,SUCCESS,INFO,386,386,0,,2026-09-07T19:05:10.929Z,2026-09-07T19:30:45.588Z,1535,2026-09-07T19:30:45.588Z,B34,Corbin,fc48ec9c-d1b8-4775-bd67-583e82846e52,SAMMS-CorbinV5
202609071930403843,202609071904636243,202609071904636230,85,3923,Bronze INV,br_ReAssessmentPhysicalHealth,TASK_COMPLETE,SUCCESS,INFO,243,243,0,,2026-09-07T19:05:10.929Z,2026-09-07T19:30:45.588Z,1535,2026-09-07T19:30:45.588Z,B35,Lexington,fc48ec9c-d1b8-4775-bd67-583e82846e52,SAMMS-LexingtonV5
202609071930403844,202609071904636244,202609071904636230,85,3924,Bronze INV,br_ReAssessmentPhysicalHealth,TASK_COMPLETE,SUCCESS,INFO,77,77,0,,2026-09-07T19:05:10.929Z,2026-09-07T19:30:45.588Z,1535,2026-09-07T19:30:45.588Z,B35A,Berea,fc48ec9c-d1b8-4775-bd67-583e82846e52,SAMMS-BereaV5
202608310617199536,202608310617199536,20260831061556,134,13715,3rd Party Duplicates Gold,Duplicates,TASK_DEPENDENCY_BLOCKED,DEPENDENCY_BLOCKED,WARN,0,0,0,Dependency Failed : 13714 (checked: 13714),2026-08-31T06:17:33.979Z,2026-08-31T06:17:33.979Z,0,2026-08-31T06:17:33.979Z,,,1de5cf99-6b82-4338-b3fe-396114f7957f,
202609041345156272,202609041345156272,202608171026319654,84,13675,Gold Salesforce PatientLeads,PatientLeads,TASK_ALREADY_COMPLETED,ALREADY_COMPLETED,INFO,0,0,0,Already succeeded in previous attempt,2026-09-04T13:45:20.758Z,2026-09-04T13:45:20.758Z,0,2026-09-04T13:45:20.758Z,,,bd9b2318-654e-4f3d-b09e-bcdf6b219232,
202609032050274139,202609032050274138,20260903203732,109,8611,Bronze Text Input,br_cashflow_textinput,TASK_SKIPPED,SKIPPED,INFO,0,0,0,Task already completed successfully in earlier attempt of this Run,2026-09-03T20:50:27.413Z,2026-09-03T20:50:32.430Z,0,2026-09-03T20:50:32.430Z,,,cf6c7c8f-6ed2-4b6a-8a3f-4a5233cb59d5,
202609040844522432,202609040844522431,20260904075815,109,8611,Bronze Text Input,br_cashflow_textinput,TASK_SKIPPED,SKIPPED,INFO,0,0,0,Task already completed successfully in earlier attempt of this Run,2026-09-04T08:44:52.243Z,2026-09-04T08:44:58.746Z,0,2026-09-04T08:44:58.746Z,,,d42c3a80-d402-47a6-9d0e-a2f670f0338a,
202609041226193757,202609041226193757,202608171026319654,84,13675,Gold Salesforce PatientLeads,PatientLeads,TASK_ALREADY_COMPLETED,ALREADY_COMPLETED,INFO,0,0,0,Already succeeded in previous attempt,2026-09-04T12:26:25.387Z,2026-09-04T12:26:25.387Z,0,2026-09-04T12:26:25.387Z,,,6ab129c1-fb62-4518-bfad-8f6d8d29c3ca,
202609021752383892,202609021752383892,202608171026319654,84,13675,Gold Salesforce PatientLeads,PatientLeads,TASK_ALREADY_COMPLETED,ALREADY_COMPLETED,INFO,0,0,0,Already succeeded in previous attempt,2026-09-02T17:52:43.935Z,2026-09-02T17:52:43.935Z,0,2026-09-02T17:52:43.935Z,,,0d5be434-3f1a-4f4b-ae90-f0c48a55ec54,
202609041440573653,202609041440573653,202608171026319654,84,13675,Gold Salesforce PatientLeads,PatientLeads,TASK_ALREADY_COMPLETED,ALREADY_COMPLETED,INFO,0,0,0,Already succeeded in previous attempt,2026-09-04T14:41:14.794Z,2026-09-04T14:41:14.794Z,0,2026-09-04T14:41:14.794Z,,,9d7b1c7e-8065-427d-99c7-89e3c8306b1f,
202609041631036622,202609041631036622,202608171026319654,84,13675,Gold Salesforce PatientLeads,PatientLeads,TASK_ALREADY_COMPLETED,ALREADY_COMPLETED,INFO,0,0,0,Already succeeded in previous attempt,2026-09-04T16:31:09.709Z,2026-09-04T16:31:09.709Z,0,2026-09-04T16:31:09.709Z,,,7a604b07-1e27-4ff8-bd86-1860fd5608a2,
202609031149340233,202609031149340233,202608171026319654,84,13675,Gold Salesforce PatientLeads,PatientLeads,TASK_ALREADY_COMPLETED,ALREADY_COMPLETED,INFO,0,0,0,Already succeeded in previous attempt,2026-09-03T11:49:41.548Z,2026-09-03T11:49:41.548Z,0,2026-09-03T11:49:41.548Z,,,b5204bb1-5640-4c52-9143-fe923aba5573,
202608281031123154,202608281031123153,202608171026319654,84,13675,Gold Salesforce PatientLeads,PatientLeads,TASK_ALREADY_COMPLETED,ALREADY_COMPLETED,INFO,0,0,0,Already succeeded in previous attempt,2026-08-28T10:31:17.013Z,2026-08-28T10:31:17.013Z,0,2026-08-28T10:31:17.013Z,,,3d84b3b4-01e9-4004-b383-1c54ba72a558,
202609021403463283,202609021343688395,202609021343688394,118,10355,Bronze P1/P2 Assessments,br_NewAdmissionAssessment,TASK_COMPLETE,SUCCESS,INFO,299,299,0,,2026-09-02T13:44:13.671Z,2026-09-02T14:03:50.288Z,1177,2026-09-02T14:03:50.288Z,B24,Paintsville,ab787989-353e-4d3f-8e29-103715871a85,SAMMS-PaintsvilleV5
202609020526387082,202609020507368035,202609020507368034,118,10355,Bronze P1/P2 Assessments,br_NewAdmissionAssessment,TASK_COMPLETE,SUCCESS,INFO,299,299,0,,2026-09-02T05:07:47.056Z,2026-09-02T05:26:44.695Z,1137,2026-09-02T05:26:44.695Z,B24,Paintsville,2b09f1a0-2915-47dd-851e-cacf6613827d,SAMMS-PaintsvilleV5
202609021129108139,202609021111416555,202609021111416554,118,10355,Bronze P1/P2 Assessments,br_NewAdmissionAssessment,TASK_COMPLETE,SUCCESS,INFO,299,299,0,,2026-09-02T11:11:46.042Z,2026-09-02T11:29:14.318Z,1048,2026-09-02T11:29:14.318Z,B24,Paintsville,a7050713-a175-4eb1-950e-06e41274b859,SAMMS-PaintsvilleV5
202609021018523962,202609021000193794,202609021000193793,118,10355,Bronze P1/P2 Assessments,br_NewAdmissionAssessment,TASK_COMPLETE,SUCCESS,INFO,299,299,0,,2026-09-02T10:00:23.575Z,2026-09-02T10:18:56.786Z,1113,2026-09-02T10:18:56.786Z,B24,Paintsville,ebc2f5e5-b7e4-40cf-8b56-f009f5871937,SAMMS-PaintsvilleV5
202609011127268227,202609011115228562,202609011115228560,18,51002,Orders Bronze SaveOrders - B12B,br_Orders,TASK_COMPLETE,SUCCESS,INFO,315,315,0,,2026-09-01T11:15:37.762Z,2026-09-01T11:27:30.715Z,713,2026-09-01T11:27:30.715Z,B12B,ColoradoSprings,51d2b2a8-f55a-4c15-81a5-8a10d317f1ae,SAMMS-ColoradoSpringsV5
202609081249123524,202609081233479602,202609081233479600,144,14882,Clinical UA CDC Bronze - SaveUAResults - B42B,br_UAResults,TASK_COMPLETE,SUCCESS,INFO,17,17,0,,2026-09-08T12:34:28.635Z,2026-09-08T12:49:15.919Z,887,2026-09-08T12:49:15.919Z,B42B,Franklin,c3383bb1-b723-4b3e-bec7-f60bc8b15ae7,SAMMS-FranklinV5
202609081249123529,202609081233479606,202609081233479600,144,15029,Clinical UA CDC Bronze - SaveUASched - DRD-CO,br_UASched,TASK_COMPLETE,SUCCESS,INFO,63,63,0,,2026-09-08T12:34:28.635Z,2026-09-08T12:49:15.919Z,887,2026-09-08T12:49:15.919Z,DRD-CO,Columbia,c3383bb1-b723-4b3e-bec7-f60bc8b15ae7,SAMMS-ColumbiaV5
202609041212049696,202609041212049696,202608150818522823,83,213,Silver Salesforce Contacts,sl_sf_contacts,TASK_ALREADY_COMPLETED,ALREADY_COMPLETED,INFO,0,0,0,Already succeeded in previous attempt,2026-09-04T12:12:24.280Z,2026-09-04T12:12:24.280Z,0,2026-09-04T12:12:24.280Z,,,6ab129c1-fb62-4518-bfad-8f6d8d29c3ca,
202609041208399315,202609041208399315,202608150818522823,83,208,Silver Salesforce Accounts,sl_sf_accounts,TASK_ALREADY_COMPLETED,ALREADY_COMPLETED,INFO,0,0,0,Already succeeded in previous attempt,2026-09-04T12:08:52.925Z,2026-09-04T12:08:52.925Z,0,2026-09-04T12:08:52.925Z,,,6ab129c1-fb62-4518-bfad-8f6d8d29c3ca,
202609021734592975,202609021734592975,202608201136586561,83,208,Silver Salesforce Accounts,sl_sf_accounts,TASK_ALREADY_COMPLETED,ALREADY_COMPLETED,INFO,0,0,0,Already succeeded in previous attempt,2026-09-02T17:35:08.605Z,2026-09-02T17:35:08.605Z,0,2026-09-02T17:35:08.605Z,,,0d5be434-3f1a-4f4b-ae90-f0c48a55ec54,
202609031142247205,202609031142247205,202608171018106132,83,213,Silver Salesforce Contacts,sl_sf_contacts,TASK_ALREADY_COMPLETED,ALREADY_COMPLETED,INFO,0,0,0,Already succeeded in previous attempt,2026-09-03T11:42:30.574Z,2026-09-03T11:42:30.574Z,0,2026-09-03T11:42:30.574Z,,,b5204bb1-5640-4c52-9143-fe923aba5573,
202609041734097449,202609041706274014,202609041706273944,85,4023,Bronze INV,br_ReAssessmentPhysicalHealth,TASK_COMPLETE,SUCCESS,INFO,0,0,0,,2026-09-04T17:06:35.444Z,2026-09-04T17:34:13.654Z,1658,2026-09-04T17:34:13.654Z,JON,Jonesboro,5652dc3b-8824-4606-a16d-f373dc1d2ada,SAMMS-Jonesboro
202609041734097450,202609041706274015,202609041706273944,85,4025,Bronze INV,br_ReAssessmentPhysicalHealth,TASK_COMPLETE,SUCCESS,INFO,448,448,0,,2026-09-04T17:06:35.444Z,2026-09-04T17:34:13.654Z,1658,2026-09-04T17:34:13.654Z,LAN,Lansing,5652dc3b-8824-4606-a16d-f373dc1d2ada,SAMMS-Lansing
202609041734097451,202609041706274016,202609041706273944,85,4026,Bronze INV,br_ReAssessmentPhysicalHealth,TASK_COMPLETE,SUCCESS,INFO,1290,1290,0,,2026-09-04T17:06:35.444Z,2026-09-04T17:34:13.654Z,1658,2026-09-04T17:34:13.654Z,LO,Louisville,5652dc3b-8824-4606-a16d-f373dc1d2ada,SAMMS-Louisville
202609051930319775,202609051904109296,202609051904109217,85,4039,Bronze INV,br_ReAssessmentPhysicalHealth,TASK_COMPLETE,SUCCESS,INFO,694,694,0,,2026-09-05T19:04:18.404Z,2026-09-05T19:30:36.887Z,1578,2026-09-05T19:30:36.887Z,NC,North Charleston,a7cfa2a8-4e03-4cce-a64e-9a92e6e67f12,SAMMS-NorthCharleston
202609051930319776,202609051904109297,202609051904109217,85,4040,Bronze INV,br_ReAssessmentPhysicalHealth,TASK_COMPLETE,SUCCESS,INFO,0,0,0,,2026-09-05T19:04:18.404Z,2026-09-05T19:30:36.887Z,1578,2026-09-05T19:30:36.887Z,NLR,N. Little Rock,a7cfa2a8-4e03-4cce-a64e-9a92e6e67f12,SAMMS-NLROBOT
202609061929598625,202609061904281319,202609061904281249,85,4023,Bronze INV,br_ReAssessmentPhysicalHealth,TASK_COMPLETE,SUCCESS,INFO,0,0,0,,2026-09-06T19:04:34.627Z,2026-09-06T19:30:03.879Z,1529,2026-09-06T19:30:03.879Z,JON,Jonesboro,5cce37fd-5f38-41c5-90e1-d9efeb3bd245,SAMMS-Jonesboro
202609061929598627,202609061904281320,202609061904281249,85,4025,Bronze INV,br_ReAssessmentPhysicalHealth,TASK_COMPLETE,SUCCESS,INFO,448,448,0,,2026-09-06T19:04:34.627Z,2026-09-06T19:30:03.879Z,1529,2026-09-06T19:30:03.879Z,LAN,Lansing,5cce37fd-5f38-41c5-90e1-d9efeb3bd245,SAMMS-Lansing
202609061929598628,202609061904281321,202609061904281249,85,4026,Bronze INV,br_ReAssessmentPhysicalHealth,TASK_COMPLETE,SUCCESS,INFO,1290,1290,0,,2026-09-06T19:04:34.627Z,2026-09-06T19:30:03.879Z,1529,2026-09-06T19:30:03.879Z,LO,Louisville,5cce37fd-5f38-41c5-90e1-d9efeb3bd245,SAMMS-Louisville
202609071930403924,202609071904636309,202609071904636230,85,4039,Bronze INV,br_ReAssessmentPhysicalHealth,TASK_COMPLETE,SUCCESS,INFO,694,694,0,,2026-09-07T19:05:10.929Z,2026-09-07T19:30:45.588Z,1535,2026-09-07T19:30:45.588Z,NC,North Charleston,fc48ec9c-d1b8-4775-bd67-583e82846e52,SAMMS-NorthCharleston
202609071930403925,202609071904636310,202609071904636230,85,4040,Bronze INV,br_ReAssessmentPhysicalHealth,TASK_COMPLETE,SUCCESS,INFO,0,0,0,,2026-09-07T19:05:10.929Z,2026-09-07T19:30:45.588Z,1535,2026-09-07T19:30:45.588Z,NLR,N. Little Rock,fc48ec9c-d1b8-4775-bd67-583e82846e52,SAMMS-NLROBOT
202609020839464926,202609020839464926,20260831121208,133,13714,3rd Party Duplicates Silver,sl_duplicates,TASK_ALREADY_COMPLETED,ALREADY_COMPLETED,INFO,0,0,0,Already succeeded in previous attempt,2026-09-02T08:39:53.148Z,2026-09-02T08:39:53.148Z,0,2026-09-02T08:39:53.148Z,,,a248cb53-4f30-44b6-ac15-5cdc6c387758,
202609041734097414,202609041706273984,202609041706273944,85,3963,Bronze INV,br_ReAssessmentPhysicalHealth,TASK_COMPLETE,SUCCESS,INFO,0,0,0,,2026-09-04T17:06:35.444Z,2026-09-04T17:34:13.654Z,1658,2026-09-04T17:34:13.654Z,B72,Mobile (OBOT),5652dc3b-8824-4606-a16d-f373dc1d2ada,SAMMS-Mobile-OBOT
202609041734097416,202609041706273985,202609041706273944,85,3964,Bronze INV,br_ReAssessmentPhysicalHealth,TASK_COMPLETE,SUCCESS,INFO,0,0,0,,2026-09-04T17:06:35.444Z,2026-09-04T17:34:13.654Z,1658,2026-09-04T17:34:13.654Z,B73,Montgomery,5652dc3b-8824-4606-a16d-f373dc1d2ada,SAMMS-Montgomery
202609041734097417,202609041706273986,202609041706273944,85,3965,Bronze INV,br_ReAssessmentPhysicalHealth,TASK_COMPLETE,SUCCESS,INFO,517,517,0,,2026-09-04T17:06:35.444Z,2026-09-04T17:34:13.654Z,1658,2026-09-04T17:34:13.654Z,B75,Lawrence,5652dc3b-8824-4606-a16d-f373dc1d2ada,SAMMS-LawrenceV6
202609061929598591,202609061904281289,202609061904281249,85,3963,Bronze INV,br_ReAssessmentPhysicalHealth,TASK_COMPLETE,SUCCESS,INFO,0,0,0,,2026-09-06T19:04:34.627Z,2026-09-06T19:30:03.879Z,1529,2026-09-06T19:30:03.879Z,B72,Mobile (OBOT),5cce37fd-5f38-41c5-90e1-d9efeb3bd245,SAMMS-Mobile-OBOT
202609061929598592,202609061904281290,202609061904281249,85,3964,Bronze INV,br_ReAssessmentPhysicalHealth,TASK_COMPLETE,SUCCESS,INFO,0,0,0,,2026-09-06T19:04:34.627Z,2026-09-06T19:30:03.879Z,1529,2026-09-06T19:30:03.879Z,B73,Montgomery,5cce37fd-5f38-41c5-90e1-d9efeb3bd245,SAMMS-Montgomery
202609061929598593,202609061904281291,202609061904281249,85,3965,Bronze INV,br_ReAssessmentPhysicalHealth,TASK_COMPLETE,SUCCESS,INFO,517,517,0,,2026-09-06T19:04:34.627Z,2026-09-06T19:30:03.879Z,1529,2026-09-06T19:30:03.879Z,B75,Lawrence,5cce37fd-5f38-41c5-90e1-d9efeb3bd245,SAMMS-LawrenceV6
202608310523321860,202608310523321859,20260831034154,133,13714,3rd Party Duplicates Silver,sl_duplicates,TASK_ALREADY_COMPLETED,ALREADY_COMPLETED,INFO,0,0,0,Already succeeded in previous attempt,2026-08-31T05:23:38.173Z,2026-08-31T05:23:38.173Z,0,2026-08-31T05:23:38.173Z,,,648551aa-4be1-43d5-9996-5e68064cace6,
202609011055237665,202609011043370440,202609011043370438,18,51002,Orders Bronze SaveOrders - B12B,br_Orders,TASK_COMPLETE,SUCCESS,INFO,0,0,0,,2026-09-01T10:43:53.486Z,2026-09-01T10:55:26.977Z,693,2026-09-01T10:55:26.977Z,B12B,ColoradoSprings,328316bf-c54a-4380-9fd7-d644d5fc41c8,SAMMS-ColoradoSpringsV5
202609051930319754,202609051904109278,202609051904109217,85,4011,Bronze INV,br_ReAssessmentPhysicalHealth,TASK_COMPLETE,SUCCESS,INFO,128,128,0,,2026-09-05T19:04:18.404Z,2026-09-05T19:30:36.887Z,1578,2026-09-05T19:30:36.887Z,ET,Elizabethtown,a7cfa2a8-4e03-4cce-a64e-9a92e6e67f12,SAMMS-Elizabethtown
202609051930319755,202609051904109279,202609051904109217,85,4012,Bronze INV,br_ReAssessmentPhysicalHealth,TASK_COMPLETE,SUCCESS,INFO,0,0,0,,2026-09-05T19:04:18.404Z,2026-09-05T19:30:36.887Z,1578,2026-09-05T19:30:36.887Z,FAY,Fayetteville,a7cfa2a8-4e03-4cce-a64e-9a92e6e67f12,SAMMS-Fayetteville
202609021725414767,202609021725414767,202609021132414060,82,201,Salesforce Record Types,br_sf_recordtype,TASK_ALREADY_COMPLETED,ALREADY_COMPLETED,INFO,0,0,0,Already succeeded in previous attempt,2026-09-02T17:25:46.866Z,2026-09-02T17:25:46.866Z,0,2026-09-02T17:25:46.866Z,,,0d5be434-3f1a-4f4b-ae90-f0c48a55ec54,
202609071930403901,202609071904636291,202609071904636230,85,4011,Bronze INV,br_ReAssessmentPhysicalHealth,TASK_COMPLETE,SUCCESS,INFO,128,128,0,,2026-09-07T19:05:10.929Z,2026-09-07T19:30:45.588Z,1535,2026-09-07T19:30:45.588Z,ET,Elizabethtown,fc48ec9c-d1b8-4775-bd67-583e82846e52,SAMMS-Elizabethtown
202609071930403903,202609071904636292,202609071904636230,85,4012,Bronze INV,br_ReAssessmentPhysicalHealth,TASK_COMPLETE,SUCCESS,INFO,0,0,0,,2026-09-07T19:05:10.929Z,2026-09-07T19:30:45.588Z,1535,2026-09-07T19:30:45.588Z,FAY,Fayetteville,fc48ec9c-d1b8-4775-bd67-583e82846e52,SAMMS-Fayetteville
202609051930319685,202609051904109218,202609051904109217,85,3910,Bronze INV,br_ReAssessmentPhysicalHealth,TASK_COMPLETE,SUCCESS,INFO,35,35,0,,2026-09-05T19:04:18.404Z,2026-09-05T19:30:36.887Z,1578,2026-09-05T19:30:36.887Z,AHK,Ahoskie,a7cfa2a8-4e03-4cce-a64e-9a92e6e67f12,SAMMS-Ahoskie
202609051930319687,202609051904109219,202609051904109217,85,3911,Bronze INV,br_ReAssessmentPhysicalHealth,TASK_COMPLETE,SUCCESS,INFO,662,662,0,,2026-09-05T19:04:18.404Z,2026-09-05T19:30:36.887Z,1578,2026-09-05T19:30:36.887Z,B12B,Colorado Springs,a7cfa2a8-4e03-4cce-a64e-9a92e6e67f12,SAMMS-ColoradoSpringsV5
202609071930403828,202609071904636231,202609071904636230,85,3910,Bronze INV,br_ReAssessmentPhysicalHealth,TASK_COMPLETE,SUCCESS,INFO,35,35,0,,2026-09-07T19:05:10.929Z,2026-09-07T19:30:45.588Z,1535,2026-09-07T19:30:45.588Z,AHK,Ahoskie,fc48ec9c-d1b8-4775-bd67-583e82846e52,SAMMS-Ahoskie
202609071930403830,202609071904636232,202609071904636230,85,3911,Bronze INV,br_ReAssessmentPhysicalHealth,TASK_COMPLETE,SUCCESS,INFO,662,662,0,,2026-09-07T19:05:10.929Z,2026-09-07T19:30:45.588Z,1535,2026-09-07T19:30:45.588Z,B12B,Colorado Springs,fc48ec9c-d1b8-4775-bd67-583e82846e52,SAMMS-ColoradoSpringsV5
202609041734097373,202609041706273948,202609041706273944,85,3913,Bronze INV,br_ReAssessmentPhysicalHealth,TASK_COMPLETE,SUCCESS,INFO,646,646,0,,2026-09-04T17:06:35.444Z,2026-09-04T17:34:13.654Z,1658,2026-09-04T17:34:13.654Z,B25,Pikeville,5652dc3b-8824-4606-a16d-f373dc1d2ada,SAMMS-PikevilleV5
202609041734097375,202609041706273949,202609041706273944,85,3914,Bronze INV,br_ReAssessmentPhysicalHealth,TASK_COMPLETE,SUCCESS,INFO,970,970,0,,2026-09-04T17:06:35.444Z,2026-09-04T17:34:13.654Z,1658,2026-09-04T17:34:13.654Z,B26,Hazard,5652dc3b-8824-4606-a16d-f373dc1d2ada,SAMMS-HazardV5
202609041734097376,202609041706273950,202609041706273944,85,3915,Bronze INV,br_ReAssessmentPhysicalHealth,TASK_COMPLETE,SUCCESS,INFO,532,532,0,,2026-09-04T17:06:35.444Z,2026-09-04T17:34:13.654Z,1658,2026-09-04T17:34:13.654Z,B27,Savannah,5652dc3b-8824-4606-a16d-f373dc1d2ada,SAMMS-SavannahV6
202609061929598551,202609061904281253,202609061904281249,85,3913,Bronze INV,br_ReAssessmentPhysicalHealth,TASK_COMPLETE,SUCCESS,INFO,646,646,0,,2026-09-06T19:04:34.627Z,2026-09-06T19:30:03.879Z,1529,2026-09-06T19:30:03.879Z,B25,Pikeville,5cce37fd-5f38-41c5-90e1-d9efeb3bd245,SAMMS-PikevilleV5
202609061929598552,202609061904281254,202609061904281249,85,3914,Bronze INV,br_ReAssessmentPhysicalHealth,TASK_COMPLETE,SUCCESS,INFO,970,970,0,,2026-09-06T19:04:34.627Z,2026-09-06T19:30:03.879Z,1529,2026-09-06T19:30:03.879Z,B26,Hazard,5cce37fd-5f38-41c5-90e1-d9efeb3bd245,SAMMS-HazardV5
202609061929598554,202609061904281255,202609061904281249,85,3915,Bronze INV,br_ReAssessmentPhysicalHealth,TASK_COMPLETE,SUCCESS,INFO,532,532,0,,2026-09-06T19:04:34.627Z,2026-09-06T19:30:03.879Z,1529,2026-09-06T19:30:03.879Z,B27,Savannah,5cce37fd-5f38-41c5-90e1-d9efeb3bd245,SAMMS-SavannahV6
202609081249123527,202609081233479604,202609081233479600,144,14994,Clinical UA CDC Bronze - SaveUASched - B41,br_UASched,TASK_COMPLETE,SUCCESS,INFO,98,98,0,,2026-09-08T12:34:28.635Z,2026-09-08T12:49:15.919Z,887,2026-09-08T12:49:15.919Z,B41,Chesapeake,c3383bb1-b723-4b3e-bec7-f60bc8b15ae7,SAMMS-ChesapeakeV5
202609030948392938,202609030948392937,20260903092013,1,4,UKG Clock Transaction API,br_HourRegister,TASK_ALREADY_COMPLETED,ALREADY_COMPLETED,INFO,0,0,0,Already succeeded in previous attempt,2026-09-03T09:48:48.233Z,2026-09-03T09:48:48.233Z,0,2026-09-03T09:48:48.233Z,,,530f48fa-89c6-4a87-9867-195a73ec044d,
202609041734097452,202609041706274017,202609041706273944,85,4027,Bronze INV,br_ReAssessmentPhysicalHealth,TASK_COMPLETE,SUCCESS,INFO,292,292,0,,2026-09-04T17:06:35.444Z,2026-09-04T17:34:13.654Z,1658,2026-09-04T17:34:13.654Z,LV1,Cheyenne,5652dc3b-8824-4606-a16d-f373dc1d2ada,SAMMS-Cheyenne
202609041734097454,202609041706274018,202609041706273944,85,4028,Bronze INV,br_ReAssessmentPhysicalHealth,TASK_COMPLETE,SUCCESS,INFO,205,205,0,,2026-09-04T17:06:35.444Z,2026-09-04T17:34:13.654Z,1658,2026-09-04T17:34:13.654Z,LV2,Desert Inn,5652dc3b-8824-4606-a16d-f373dc1d2ada,SAMMS-DesertInn
202609041734097455,202609041706274019,202609041706273944,85,4029,Bronze INV,br_ReAssessmentPhysicalHealth,TASK_COMPLETE,SUCCESS,INFO,110,110,0,,2026-09-04T17:06:35.444Z,2026-09-04T17:34:13.654Z,1658,2026-09-04T17:34:13.654Z,LV3,McDaniel,5652dc3b-8824-4606-a16d-f373dc1d2ada,SAMMS-McDaniel
202609061929598629,202609061904281322,202609061904281249,85,4027,Bronze INV,br_ReAssessmentPhysicalHealth,TASK_COMPLETE,SUCCESS,INFO,292,292,0,,2026-09-06T19:04:34.627Z,2026-09-06T19:30:03.879Z,1529,2026-09-06T19:30:03.879Z,LV1,Cheyenne,5cce37fd-5f38-41c5-90e1-d9efeb3bd245,SAMMS-Cheyenne
202609061929598630,202609061904281323,202609061904281249,85,4028,Bronze INV,br_ReAssessmentPhysicalHealth,TASK_COMPLETE,SUCCESS,INFO,205,205,0,,2026-09-06T19:04:34.627Z,2026-09-06T19:30:03.879Z,1529,2026-09-06T19:30:03.879Z,LV2,Desert Inn,5cce37fd-5f38-41c5-90e1-d9efeb3bd245,SAMMS-DesertInn
202609061929598631,202609061904281324,202609061904281249,85,4029,Bronze INV,br_ReAssessmentPhysicalHealth,TASK_COMPLETE,SUCCESS,INFO,110,110,0,,2026-09-06T19:04:34.627Z,2026-09-06T19:30:03.879Z,1529,2026-09-06T19:30:03.879Z,LV3,McDaniel,5cce37fd-5f38-41c5-90e1-d9efeb3bd245,SAMMS-McDaniel
202609071930403961,202609071904636341,202609071904636230,85,4084,Bronze INV,br_ReAssessmentPhysicalHealth,TASK_COMPLETE,SUCCESS,INFO,842,842,0,,2026-09-07T19:05:10.929Z,2026-09-07T19:30:45.588Z,1535,2026-09-07T19:30:45.588Z,VBRA,Brainerd,fc48ec9c-d1b8-4775-bd67-583e82846e52,SAMMS-BrainerdV6
202609071930403962,202609071904636342,202609071904636230,85,4085,Bronze INV,br_ReAssessmentPhysicalHealth,TASK_COMPLETE,SUCCESS,INFO,1965,1965,0,,2026-09-07T19:05:10.929Z,2026-09-07T19:30:45.588Z,1535,2026-09-07T19:30:45.588Z,VBRP,Brooklyn Park,fc48ec9c-d1b8-4775-bd67-583e82846e52,SAMMS-BrooklynParkV6
202609051930319811,202609051904109328,202609051904109217,85,4084,Bronze INV,br_ReAssessmentPhysicalHealth,TASK_COMPLETE,SUCCESS,INFO,842,842,0,,2026-09-05T19:04:18.404Z,2026-09-05T19:30:36.887Z,1578,2026-09-05T19:30:36.887Z,VBRA,Brainerd,a7cfa2a8-4e03-4cce-a64e-9a92e6e67f12,SAMMS-BrainerdV6
202609051930319812,202609051904109329,202609051904109217,85,4085,Bronze INV,br_ReAssessmentPhysicalHealth,TASK_COMPLETE,SUCCESS,INFO,1965,1965,0,,2026-09-05T19:04:18.404Z,2026-09-05T19:30:36.887Z,1578,2026-09-05T19:30:36.887Z,VBRP,Brooklyn Park,a7cfa2a8-4e03-4cce-a64e-9a92e6e67f12,SAMMS-BrooklynParkV6
202609041227570703,202609041227570703,202608171026319654,84,6811,Gold Salesforce OutboundSMS,OutboundSMS,TASK_ALREADY_COMPLETED,ALREADY_COMPLETED,INFO,0,0,0,Already succeeded in previous attempt,2026-09-04T12:28:03.869Z,2026-09-04T12:28:03.869Z,0,2026-09-04T12:28:03.869Z,,,6ab129c1-fb62-4518-bfad-8f6d8d29c3ca,
202609041444009183,202609041444009183,202608171026319654,84,6811,Gold Salesforce OutboundSMS,OutboundSMS,TASK_ALREADY_COMPLETED,ALREADY_COMPLETED,INFO,0,0,0,Already succeeded in previous attempt,2026-09-04T14:44:08.886Z,2026-09-04T14:44:08.886Z,0,2026-09-04T14:44:08.886Z,,,9d7b1c7e-8065-427d-99c7-89e3c8306b1f,
202609021753599705,202609021753599705,202608171026319654,84,6811,Gold Salesforce OutboundSMS,OutboundSMS,TASK_ALREADY_COMPLETED,ALREADY_COMPLETED,INFO,0,0,0,Already succeeded in previous attempt,2026-09-02T17:54:07.558Z,2026-09-02T17:54:07.558Z,0,2026-09-02T17:54:07.558Z,,,0d5be434-3f1a-4f4b-ae90-f0c48a55ec54,
202609041346330620,202609041346330620,202608171026319654,84,6811,Gold Salesforce OutboundSMS,OutboundSMS,TASK_ALREADY_COMPLETED,ALREADY_COMPLETED,INFO,0,0,0,Already succeeded in previous attempt,2026-09-04T13:46:40.802Z,2026-09-04T13:46:40.802Z,0,2026-09-04T13:46:40.802Z,,,bd9b2318-654e-4f3d-b09e-bcdf6b219232,
202609021153210681,202609021153210680,202608171026319654,84,6811,Gold Salesforce OutboundSMS,OutboundSMS,TASK_ALREADY_COMPLETED,ALREADY_COMPLETED,INFO,0,0,0,Already succeeded in previous attempt,2026-09-02T11:53:26.153Z,2026-09-02T11:53:26.153Z,0,2026-09-02T11:53:26.153Z,,,0b5a27da-5d48-4ed3-a9f4-1a7052a3fcea,
202608281032136836,202608281032136836,202608171026319654,84,6811,Gold Salesforce OutboundSMS,OutboundSMS,TASK_ALREADY_COMPLETED,ALREADY_COMPLETED,INFO,0,0,0,Already succeeded in previous attempt,2026-08-28T10:32:18.154Z,2026-08-28T10:32:18.154Z,0,2026-08-28T10:32:18.154Z,,,3d84b3b4-01e9-4004-b383-1c54ba72a558,
202609031150470033,202609031150470033,202608171026319654,84,6811,Gold Salesforce OutboundSMS,OutboundSMS,TASK_ALREADY_COMPLETED,ALREADY_COMPLETED,INFO,0,0,0,Already succeeded in previous attempt,2026-09-03T11:50:52.110Z,2026-09-03T11:50:52.110Z,0,2026-09-03T11:50:52.110Z,,,b5204bb1-5640-4c52-9143-fe923aba5573,
202609041632161398,202609041632161398,202608171026319654,84,6811,Gold Salesforce OutboundSMS,OutboundSMS,TASK_ALREADY_COMPLETED,ALREADY_COMPLETED,INFO,0,0,0,Already succeeded in previous attempt,2026-09-04T16:32:21.688Z,2026-09-04T16:32:21.688Z,0,2026-09-04T16:32:21.688Z,,,7a604b07-1e27-4ff8-bd86-1860fd5608a2,
202609031146317033,202609031146317033,202608171026319654,84,220,Gold Salesforce StgContacts,stgContacts,TASK_ALREADY_COMPLETED,ALREADY_COMPLETED,INFO,0,0,0,Already succeeded in previous attempt,2026-09-03T11:46:36.475Z,2026-09-03T11:46:36.475Z,0,2026-09-03T11:46:36.475Z,,,b5204bb1-5640-4c52-9143-fe923aba5573,
202609041436011569,202609041436011569,202608171026319654,84,220,Gold Salesforce StgContacts,stgContacts,TASK_ALREADY_COMPLETED,ALREADY_COMPLETED,INFO,0,0,0,Already succeeded in previous attempt,2026-09-04T14:36:08.613Z,2026-09-04T14:36:08.613Z,0,2026-09-04T14:36:08.613Z,,,9d7b1c7e-8065-427d-99c7-89e3c8306b1f,
202609021745272341,202609021745272340,202608171026319654,84,220,Gold Salesforce StgContacts,stgContacts,TASK_ALREADY_COMPLETED,ALREADY_COMPLETED,INFO,0,0,0,Already succeeded in previous attempt,2026-09-02T17:46:00.204Z,2026-09-02T17:46:00.204Z,0,2026-09-02T17:46:00.204Z,,,0d5be434-3f1a-4f4b-ae90-f0c48a55ec54,
202608281028120077,202608281028120077,202608171026319654,84,220,Gold Salesforce StgContacts,stgContacts,TASK_ALREADY_COMPLETED,ALREADY_COMPLETED,INFO,0,0,0,Already succeeded in previous attempt,2026-08-28T10:28:16.470Z,2026-08-28T10:28:16.470Z,0,2026-08-28T10:28:16.470Z,,,3d84b3b4-01e9-4004-b383-1c54ba72a558,
202609041627312234,202609041627312234,202608171026319654,84,220,Gold Salesforce StgContacts,stgContacts,TASK_ALREADY_COMPLETED,ALREADY_COMPLETED,INFO,0,0,0,Already succeeded in previous attempt,2026-09-04T16:27:35.920Z,2026-09-04T16:27:35.920Z,0,2026-09-04T16:27:35.920Z,,,7a604b07-1e27-4ff8-bd86-1860fd5608a2,
202609021728575840,202609021728575840,202609021132414060,82,207,Salesforce Outreach Events,br_sf_events,TASK_ALREADY_COMPLETED,ALREADY_COMPLETED,INFO,0,0,0,Already succeeded in previous attempt,2026-09-02T17:29:02.362Z,2026-09-02T17:29:02.362Z,0,2026-09-02T17:29:02.362Z,,,0d5be434-3f1a-4f4b-ae90-f0c48a55ec54,
202609041341556774,202609041341556774,202608171026319654,84,220,Gold Salesforce StgContacts,stgContacts,TASK_ALREADY_COMPLETED,ALREADY_COMPLETED,INFO,0,0,0,Already succeeded in previous attempt,2026-09-04T13:42:00.809Z,2026-09-04T13:42:00.809Z,0,2026-09-04T13:42:00.809Z,,,bd9b2318-654e-4f3d-b09e-bcdf6b219232,
202609041220428475,202609041220428474,202608171026319654,84,220,Gold Salesforce StgContacts,stgContacts,TASK_ALREADY_COMPLETED,ALREADY_COMPLETED,INFO,0,0,0,Already succeeded in previous attempt,2026-09-04T12:20:48.978Z,2026-09-04T12:20:48.978Z,0,2026-09-04T12:20:48.978Z,,,6ab129c1-fb62-4518-bfad-8f6d8d29c3ca,
202609021151180497,202609021151180497,202608171026319654,84,225,Gold Salesforce Contacts,Contacts,TASK_DEPENDENCY_BLOCKED,DEPENDENCY_BLOCKED,WARN,0,0,0,"Dependency Failed : 220 (checked: 220,218)",2026-09-02T11:51:24.962Z,2026-09-02T11:51:24.962Z,0,2026-09-02T11:51:24.962Z,,,0b5a27da-5d48-4ed3-a9f4-1a7052a3fcea,
202609020847112589,202609020847112589,20260831121208,133,13730,Bill Analysis Silver,sl_billinganalysis,TASK_ALREADY_COMPLETED,ALREADY_COMPLETED,INFO,0,0,0,Already succeeded in previous attempt,2026-09-02T08:47:17.260Z,2026-09-02T08:47:17.260Z,0,2026-09-02T08:47:17.260Z,,,a248cb53-4f30-44b6-ac15-5cdc6c387758,
202608310526046929,202608310526046929,20260831034154,133,13730,Bill Analysis Silver,sl_billinganalysis,TASK_ALREADY_COMPLETED,ALREADY_COMPLETED,INFO,0,0,0,Already succeeded in previous attempt,2026-08-31T05:26:12.278Z,2026-08-31T05:26:12.278Z,0,2026-08-31T05:26:12.278Z,,,648551aa-4be1-43d5-9996-5e68064cace6,
202609071930403894,202609071904636285,202609071904636230,85,4004,Bronze INV,br_ReAssessmentPhysicalHealth,TASK_COMPLETE,SUCCESS,INFO,347,347,0,,2026-09-07T19:05:10.929Z,2026-09-07T19:30:45.588Z,1535,2026-09-07T19:30:45.588Z,DRD-KC,KC,fc48ec9c-d1b8-4775-bd67-583e82846e52,SAMMS-KCv5
202609071930403895,202609071904636286,202609071904636230,85,4005,Bronze INV,br_ReAssessmentPhysicalHealth,TASK_COMPLETE,SUCCESS,INFO,1556,1556,0,,2026-09-07T19:05:10.929Z,2026-09-07T19:30:45.588Z,1535,2026-09-07T19:30:45.588Z,DRD-KVB,KVB,fc48ec9c-d1b8-4775-bd67-583e82846e52,SAMMS-KVBv5
202609071930403897,202609071904636287,202609071904636230,85,4006,Bronze INV,br_ReAssessmentPhysicalHealth,TASK_COMPLETE,SUCCESS,INFO,1676,1676,0,,2026-09-07T19:05:10.929Z,2026-09-07T19:30:45.588Z,1535,2026-09-07T19:30:45.588Z,DRD-KVC,KVC,fc48ec9c-d1b8-4775-bd67-583e82846e52,SAMMS-KVCv5
202609071930403898,202609071904636288,202609071904636230,85,4007,Bronze INV,br_ReAssessmentPhysicalHealth,TASK_COMPLETE,SUCCESS,INFO,3205,3205,0,,2026-09-07T19:05:10.929Z,2026-09-07T19:30:45.588Z,1535,2026-09-07T19:30:45.588Z,DRD-NOLA,NOLA,fc48ec9c-d1b8-4775-bd67-583e82846e52,SAMMS-NOLAv5
202609020850009530,202609020850009529,20260831092127,134,13717,CollectionRates_v4 Gold,CollectionRates,TASK_ALREADY_COMPLETED,ALREADY_COMPLETED,INFO,0,0,0,Already succeeded in previous attempt,2026-09-02T08:50:08.874Z,2026-09-02T08:50:08.874Z,0,2026-09-02T08:50:08.874Z,,,a248cb53-4f30-44b6-ac15-5cdc6c387758,
202609051930319747,202609051904109272,202609051904109217,85,4004,Bronze INV,br_ReAssessmentPhysicalHealth,TASK_COMPLETE,SUCCESS,INFO,347,347,0,,2026-09-05T19:04:18.404Z,2026-09-05T19:30:36.887Z,1578,2026-09-05T19:30:36.887Z,DRD-KC,KC,a7cfa2a8-4e03-4cce-a64e-9a92e6e67f12,SAMMS-KCv5
202609051930319749,202609051904109273,202609051904109217,85,4005,Bronze INV,br_ReAssessmentPhysicalHealth,TASK_COMPLETE,SUCCESS,INFO,1556,1556,0,,2026-09-05T19:04:18.404Z,2026-09-05T19:30:36.887Z,1578,2026-09-05T19:30:36.887Z,DRD-KVB,KVB,a7cfa2a8-4e03-4cce-a64e-9a92e6e67f12,SAMMS-KVBv5
202609051930319750,202609051904109274,202609051904109217,85,4006,Bronze INV,br_ReAssessmentPhysicalHealth,TASK_COMPLETE,SUCCESS,INFO,1676,1676,0,,2026-09-05T19:04:18.404Z,2026-09-05T19:30:36.887Z,1578,2026-09-05T19:30:36.887Z,DRD-KVC,KVC,a7cfa2a8-4e03-4cce-a64e-9a92e6e67f12,SAMMS-KVCv5
202609051930319751,202609051904109275,202609051904109217,85,4007,Bronze INV,br_ReAssessmentPhysicalHealth,TASK_COMPLETE,SUCCESS,INFO,3205,3205,0,,2026-09-05T19:04:18.404Z,2026-09-05T19:30:36.887Z,1578,2026-09-05T19:30:36.887Z,DRD-NOLA,NOLA,a7cfa2a8-4e03-4cce-a64e-9a92e6e67f12,SAMMS-NOLAv5
202608311339299813,202608311330604154,202608311330604153,34,143002,3pArnote Bronze - B12B,br_tbl3pArnote,TASK_COMPLETE,SUCCESS,INFO,115980,115980,0,,2026-08-31T13:31:04.464Z,2026-08-31T13:39:37.651Z,513,2026-08-31T13:39:37.651Z,B12B,ColoradoSprings,ff1f6c6f-cfd8-4eb9-9a6c-c39c12bfa894,SAMMS-ColoradoSpringsV5
202608282007122589,202608281959352751,202608281959352750,34,143002,3pArnote Bronze - B12B,br_tbl3pArnote,TASK_COMPLETE,SUCCESS,INFO,115987,115987,0,,2026-08-28T19:59:39.101Z,2026-08-28T20:07:15.948Z,456,2026-08-28T20:07:15.948Z,B12B,ColoradoSprings,4656989f-76f4-4530-9c0f-37d9fd4d8113,SAMMS-ColoradoSpringsV5
202609061929598662,202609061904281352,202609061904281249,85,4071,Bronze INV,br_ReAssessmentPhysicalHealth,TASK_COMPLETE,SUCCESS,INFO,534,534,0,,2026-09-06T19:04:34.627Z,2026-09-06T19:30:03.879Z,1529,2026-09-06T19:30:03.879Z,V19,Jackson,5cce37fd-5f38-41c5-90e1-d9efeb3bd245,SAMMS-JacksonV5
202609061929598663,202609061904281353,202609061904281249,85,4073,Bronze INV,br_ReAssessmentPhysicalHealth,TASK_COMPLETE,SUCCESS,INFO,1776,1776,0,,2026-09-06T19:04:34.627Z,2026-09-06T19:30:03.879Z,1529,2026-09-06T19:30:03.879Z,V20,Paris,5cce37fd-5f38-41c5-90e1-d9efeb3bd245,SAMMS-ParisV5
202609061929598664,202609061904281354,202609061904281249,85,4074,Bronze INV,br_ReAssessmentPhysicalHealth,TASK_COMPLETE,SUCCESS,INFO,723,723,0,,2026-09-06T19:04:34.627Z,2026-09-06T19:30:03.879Z,1529,2026-09-06T19:30:03.879Z,V21,Memphis North,5cce37fd-5f38-41c5-90e1-d9efeb3bd245,SAMMS-RaleighV5
202609041734097486,202609041706274047,202609041706273944,85,4071,Bronze INV,br_ReAssessmentPhysicalHealth,TASK_COMPLETE,SUCCESS,INFO,534,534,0,,2026-09-04T17:06:35.444Z,2026-09-04T17:34:13.654Z,1658,2026-09-04T17:34:13.654Z,V19,Jackson,5652dc3b-8824-4606-a16d-f373dc1d2ada,SAMMS-JacksonV5
202609041734097488,202609041706274048,202609041706273944,85,4073,Bronze INV,br_ReAssessmentPhysicalHealth,TASK_COMPLETE,SUCCESS,INFO,1776,1776,0,,2026-09-04T17:06:35.444Z,2026-09-04T17:34:13.654Z,1658,2026-09-04T17:34:13.654Z,V20,Paris,5652dc3b-8824-4606-a16d-f373dc1d2ada,SAMMS-ParisV5
202609041734097489,202609041706274049,202609041706273944,85,4074,Bronze INV,br_ReAssessmentPhysicalHealth,TASK_COMPLETE,SUCCESS,INFO,723,723,0,,2026-09-04T17:06:35.444Z,2026-09-04T17:34:13.654Z,1658,2026-09-04T17:34:13.654Z,V21,Memphis North,5652dc3b-8824-4606-a16d-f373dc1d2ada,SAMMS-RaleighV5
202609061929598588,202609061904281286,202609061904281249,85,3955,Bronze INV,br_ReAssessmentPhysicalHealth,TASK_COMPLETE,SUCCESS,INFO,414,414,0,,2026-09-06T19:04:34.627Z,2026-09-06T19:30:03.879Z,1529,2026-09-06T19:30:03.879Z,B57C,Providence,5cce37fd-5f38-41c5-90e1-d9efeb3bd245,SAMMS-Providence
202609061929598589,202609061904281287,202609061904281249,85,3956,Bronze INV,br_ReAssessmentPhysicalHealth,TASK_COMPLETE,SUCCESS,INFO,631,631,0,,2026-09-06T19:04:34.627Z,2026-09-06T19:30:03.879Z,1529,2026-09-06T19:30:03.879Z,B57D,Westerly,5cce37fd-5f38-41c5-90e1-d9efeb3bd245,SAMMS-Westerly
202609061929598590,202609061904281288,202609061904281249,85,3960,Bronze INV,br_ReAssessmentPhysicalHealth,TASK_COMPLETE,SUCCESS,INFO,4,4,0,,2026-09-06T19:04:34.627Z,2026-09-06T19:30:03.879Z,1529,2026-09-06T19:30:03.879Z,B66A,Bremen,5cce37fd-5f38-41c5-90e1-d9efeb3bd245,SAMMS-Bremen
202609041734097411,202609041706273981,202609041706273944,85,3955,Bronze INV,br_ReAssessmentPhysicalHealth,TASK_COMPLETE,SUCCESS,INFO,414,414,0,,2026-09-04T17:06:35.444Z,2026-09-04T17:34:13.654Z,1658,2026-09-04T17:34:13.654Z,B57C,Providence,5652dc3b-8824-4606-a16d-f373dc1d2ada,SAMMS-Providence
202609041734097412,202609041706273982,202609041706273944,85,3956,Bronze INV,br_ReAssessmentPhysicalHealth,TASK_COMPLETE,SUCCESS,INFO,631,631,0,,2026-09-04T17:06:35.444Z,2026-09-04T17:34:13.654Z,1658,2026-09-04T17:34:13.654Z,B57D,Westerly,5652dc3b-8824-4606-a16d-f373dc1d2ada,SAMMS-Westerly
202609041734097413,202609041706273983,202609041706273944,85,3960,Bronze INV,br_ReAssessmentPhysicalHealth,TASK_COMPLETE,SUCCESS,INFO,4,4,0,,2026-09-04T17:06:35.444Z,2026-09-04T17:34:13.654Z,1658,2026-09-04T17:34:13.654Z,B66A,Bremen,5652dc3b-8824-4606-a16d-f373dc1d2ada,SAMMS-Bremen
202609041734097469,202609041706274032,202609041706273944,85,4053,Bronze INV,br_ReAssessmentPhysicalHealth,TASK_COMPLETE,SUCCESS,INFO,174,174,0,,2026-09-04T17:06:35.444Z,2026-09-04T17:34:13.654Z,1658,2026-09-04T17:34:13.654Z,TE,Tempe,5652dc3b-8824-4606-a16d-f373dc1d2ada,SAMMS-Tempe
202609041734097471,202609041706274033,202609041706273944,85,4054,Bronze INV,br_ReAssessmentPhysicalHealth,TASK_COMPLETE,SUCCESS,INFO,0,0,0,,2026-09-04T17:06:35.444Z,2026-09-04T17:34:13.654Z,1658,2026-09-04T17:34:13.654Z,TEX,Texarkana,5652dc3b-8824-4606-a16d-f373dc1d2ada,SAMMS-Texarkana
202609041734097472,202609041706274034,202609041706273944,85,4055,Bronze INV,br_ReAssessmentPhysicalHealth,TASK_COMPLETE,SUCCESS,INFO,1084,1084,0,,2026-09-04T17:06:35.444Z,2026-09-04T17:34:13.654Z,1658,2026-09-04T17:34:13.654Z,TTCA,Bessemer,5652dc3b-8824-4606-a16d-f373dc1d2ada,SAMMS-BessemerV5
202609071930403852,202609071904636251,202609071904636230,85,3931,Bronze INV,br_ReAssessmentPhysicalHealth,TASK_COMPLETE,SUCCESS,INFO,936,936,0,,2026-09-07T19:05:10.929Z,2026-09-07T19:30:45.588Z,1535,2026-09-07T19:30:45.588Z,B42A,Newport News,fc48ec9c-d1b8-4775-bd67-583e82846e52,SAMMS-NewportNewsV5
202609071930403853,202609071904636252,202609071904636230,85,3932,Bronze INV,br_ReAssessmentPhysicalHealth,TASK_COMPLETE,SUCCESS,INFO,508,508,0,,2026-09-07T19:05:10.929Z,2026-09-07T19:30:45.588Z,1535,2026-09-07T19:30:45.588Z,B42B,Franklin,fc48ec9c-d1b8-4775-bd67-583e82846e52,SAMMS-FranklinV5
202609051930319752,202609051904109276,202609051904109217,85,4008,Bronze INV,br_ReAssessmentPhysicalHealth,TASK_COMPLETE,SUCCESS,INFO,802,802,0,,2026-09-05T19:04:18.404Z,2026-09-05T19:30:36.887Z,1578,2026-09-05T19:30:36.887Z,DRD-SF,Springfield,a7cfa2a8-4e03-4cce-a64e-9a92e6e67f12,SAMMS-SFv5
202609051930319753,202609051904109277,202609051904109217,85,4010,Bronze INV,br_ReAssessmentPhysicalHealth,TASK_COMPLETE,SUCCESS,INFO,261,261,0,,2026-09-05T19:04:18.404Z,2026-09-05T19:30:36.887Z,1578,2026-09-05T19:30:36.887Z,ELC,Elizabeth City,a7cfa2a8-4e03-4cce-a64e-9a92e6e67f12,SAMMS-ElizabethCity
202609051930319708,202609051904109238,202609051904109217,85,3931,Bronze INV,br_ReAssessmentPhysicalHealth,TASK_COMPLETE,SUCCESS,INFO,936,936,0,,2026-09-05T19:04:18.404Z,2026-09-05T19:30:36.887Z,1578,2026-09-05T19:30:36.887Z,B42A,Newport News,a7cfa2a8-4e03-4cce-a64e-9a92e6e67f12,SAMMS-NewportNewsV5
202609051930319710,202609051904109239,202609051904109217,85,3932,Bronze INV,br_ReAssessmentPhysicalHealth,TASK_COMPLETE,SUCCESS,INFO,508,508,0,,2026-09-05T19:04:18.404Z,2026-09-05T19:30:36.887Z,1578,2026-09-05T19:30:36.887Z,B42B,Franklin,a7cfa2a8-4e03-4cce-a64e-9a92e6e67f12,SAMMS-FranklinV5
202609071930403899,202609071904636289,202609071904636230,85,4008,Bronze INV,br_ReAssessmentPhysicalHealth,TASK_COMPLETE,SUCCESS,INFO,802,802,0,,2026-09-07T19:05:10.929Z,2026-09-07T19:30:45.588Z,1535,2026-09-07T19:30:45.588Z,DRD-SF,Springfield,fc48ec9c-d1b8-4775-bd67-583e82846e52,SAMMS-SFv5
202609071930403900,202609071904636290,202609071904636230,85,4010,Bronze INV,br_ReAssessmentPhysicalHealth,TASK_COMPLETE,SUCCESS,INFO,261,261,0,,2026-09-07T19:05:10.929Z,2026-09-07T19:30:45.588Z,1535,2026-09-07T19:30:45.588Z,ELC,Elizabeth City,fc48ec9c-d1b8-4775-bd67-583e82846e52,SAMMS-ElizabethCity
202609061929598646,202609061904281337,202609061904281249,85,4053,Bronze INV,br_ReAssessmentPhysicalHealth,TASK_COMPLETE,SUCCESS,INFO,174,174,0,,2026-09-06T19:04:34.627Z,2026-09-06T19:30:03.879Z,1529,2026-09-06T19:30:03.879Z,TE,Tempe,5cce37fd-5f38-41c5-90e1-d9efeb3bd245,SAMMS-Tempe
202609061929598647,202609061904281338,202609061904281249,85,4054,Bronze INV,br_ReAssessmentPhysicalHealth,TASK_COMPLETE,SUCCESS,INFO,0,0,0,,2026-09-06T19:04:34.627Z,2026-09-06T19:30:03.879Z,1529,2026-09-06T19:30:03.879Z,TEX,Texarkana,5cce37fd-5f38-41c5-90e1-d9efeb3bd245,SAMMS-Texarkana
202609061929598648,202609061904281339,202609061904281249,85,4055,Bronze INV,br_ReAssessmentPhysicalHealth,TASK_COMPLETE,SUCCESS,INFO,1084,1084,0,,2026-09-06T19:04:34.627Z,2026-09-06T19:30:03.879Z,1529,2026-09-06T19:30:03.879Z,TTCA,Bessemer,5cce37fd-5f38-41c5-90e1-d9efeb3bd245,SAMMS-BessemerV5
202609031145443219,202609031145443219,202608171026319654,84,217,Gold Salesforce RecordTypes,RecordType,TASK_ALREADY_COMPLETED,ALREADY_COMPLETED,INFO,0,0,0,Already succeeded in previous attempt,2026-09-03T11:45:49.128Z,2026-09-03T11:45:49.128Z,0,2026-09-03T11:45:49.128Z,,,b5204bb1-5640-4c52-9143-fe923aba5573,
202609041341082959,202609041341082959,202608171026319654,84,217,Gold Salesforce RecordTypes,RecordType,TASK_ALREADY_COMPLETED,ALREADY_COMPLETED,INFO,0,0,0,Already succeeded in previous attempt,2026-09-04T13:41:13.687Z,2026-09-04T13:41:13.687Z,0,2026-09-04T13:41:13.687Z,,,bd9b2318-654e-4f3d-b09e-bcdf6b219232,
202609021742006546,202609021742006545,202608171026319654,84,217,Gold Salesforce RecordTypes,RecordType,TASK_ALREADY_COMPLETED,ALREADY_COMPLETED,INFO,0,0,0,Already succeeded in previous attempt,2026-09-02T17:42:26.213Z,2026-09-02T17:42:26.213Z,0,2026-09-02T17:42:26.213Z,,,0d5be434-3f1a-4f4b-ae90-f0c48a55ec54,
202609041434587184,202609041434587184,202608171026319654,84,217,Gold Salesforce RecordTypes,RecordType,TASK_ALREADY_COMPLETED,ALREADY_COMPLETED,INFO,0,0,0,Already succeeded in previous attempt,2026-09-04T14:35:08.647Z,2026-09-04T14:35:08.647Z,0,2026-09-04T14:35:08.647Z,,,9d7b1c7e-8065-427d-99c7-89e3c8306b1f,
202609041219084691,202609041219084690,202608171026319654,84,217,Gold Salesforce RecordTypes,RecordType,TASK_ALREADY_COMPLETED,ALREADY_COMPLETED,INFO,0,0,0,Already succeeded in previous attempt,2026-09-04T12:19:14.195Z,2026-09-04T12:19:14.195Z,0,2026-09-04T12:19:14.195Z,,,6ab129c1-fb62-4518-bfad-8f6d8d29c3ca,
202609041626459788,202609041626459787,202608171026319654,84,217,Gold Salesforce RecordTypes,RecordType,TASK_ALREADY_COMPLETED,ALREADY_COMPLETED,INFO,0,0,0,Already succeeded in previous attempt,2026-09-04T16:26:50.749Z,2026-09-04T16:26:50.749Z,0,2026-09-04T16:26:50.749Z,,,7a604b07-1e27-4ff8-bd86-1860fd5608a2,
202608281027225840,202608281027225840,202608171026319654,84,217,Gold Salesforce RecordTypes,RecordType,TASK_ALREADY_COMPLETED,ALREADY_COMPLETED,INFO,0,0,0,Already succeeded in previous attempt,2026-08-28T10:27:28.524Z,2026-08-28T10:27:28.524Z,0,2026-08-28T10:27:28.524Z,,,3d84b3b4-01e9-4004-b383-1c54ba72a558,
202609021149281499,202609021149281499,202608171026319654,84,217,Gold Salesforce RecordTypes,RecordType,TASK_ALREADY_COMPLETED,ALREADY_COMPLETED,INFO,0,0,0,Already succeeded in previous attempt,2026-09-02T11:49:33.016Z,2026-09-02T11:49:33.016Z,0,2026-09-02T11:49:33.016Z,,,0b5a27da-5d48-4ed3-a9f4-1a7052a3fcea,
202609061929598649,202609061904281340,202609061904281249,85,4056,Bronze INV,br_ReAssessmentPhysicalHealth,TASK_COMPLETE,SUCCESS,INFO,1321,1321,0,,2026-09-06T19:04:34.627Z,2026-09-06T19:30:03.879Z,1529,2026-09-06T19:30:03.879Z,TTCB,Cullman,5cce37fd-5f38-41c5-90e1-d9efeb3bd245,SAMMS-CullmanV5
202609061929598650,202609061904281341,202609061904281249,85,4057,Bronze INV,br_ReAssessmentPhysicalHealth,TASK_COMPLETE,SUCCESS,INFO,945,945,0,,2026-09-06T19:04:34.627Z,2026-09-06T19:30:03.879Z,1529,2026-09-06T19:30:03.879Z,TTCC,Grand Bay,5cce37fd-5f38-41c5-90e1-d9efeb3bd245,SAMMS-GrandBay
202609061929598651,202609061904281342,202609061904281249,85,4058,Bronze INV,br_ReAssessmentPhysicalHealth,TASK_COMPLETE,SUCCESS,INFO,15,15,0,,2026-09-06T19:04:34.627Z,2026-09-06T19:30:03.879Z,1529,2026-09-06T19:30:03.879Z,TU,Tucson,5cce37fd-5f38-41c5-90e1-d9efeb3bd245,SAMMS-Tucson
202609021144233398,202609021144233397,202608201136586561,83,211,Silver Salesforce Users,sl_sf_users,TASK_DEPENDENCY_BLOCKED,DEPENDENCY_BLOCKED,WARN,0,0,0,Dependency Failed : 203 (checked: 203),2026-09-02T11:44:30.846Z,2026-09-02T11:44:30.846Z,0,2026-09-02T11:44:30.846Z,,,0b5a27da-5d48-4ed3-a9f4-1a7052a3fcea,
202609041734097473,202609041706274035,202609041706273944,85,4056,Bronze INV,br_ReAssessmentPhysicalHealth,TASK_COMPLETE,SUCCESS,INFO,1321,1321,0,,2026-09-04T17:06:35.444Z,2026-09-04T17:34:13.654Z,1658,2026-09-04T17:34:13.654Z,TTCB,Cullman,5652dc3b-8824-4606-a16d-f373dc1d2ada,SAMMS-CullmanV5
202609041734097474,202609041706274036,202609041706273944,85,4057,Bronze INV,br_ReAssessmentPhysicalHealth,TASK_COMPLETE,SUCCESS,INFO,945,945,0,,2026-09-04T17:06:35.444Z,2026-09-04T17:34:13.654Z,1658,2026-09-04T17:34:13.654Z,TTCC,Grand Bay,5652dc3b-8824-4606-a16d-f373dc1d2ada,SAMMS-GrandBay
202609041734097475,202609041706274037,202609041706273944,85,4058,Bronze INV,br_ReAssessmentPhysicalHealth,TASK_COMPLETE,SUCCESS,INFO,15,15,0,,2026-09-04T17:06:35.444Z,2026-09-04T17:34:13.654Z,1658,2026-09-04T17:34:13.654Z,TU,Tucson,5652dc3b-8824-4606-a16d-f373dc1d2ada,SAMMS-Tucson
202608310818410575,202608310818410575,20260831075339,134,13723,MultiplePayor Secondary Payorv8 Gold,MultiplePayors,TASK_ALREADY_COMPLETED,ALREADY_COMPLETED,INFO,0,0,0,Already succeeded in previous attempt,2026-08-31T08:18:46.189Z,2026-08-31T08:18:46.189Z,0,2026-08-31T08:18:46.189Z,,,afgs51-ases-aqm-09-sf21,
202609071930403831,202609071904636233,202609071904636230,85,3912,Bronze INV,br_ReAssessmentPhysicalHealth,TASK_COMPLETE,SUCCESS,INFO,835,835,0,,2026-09-07T19:05:10.929Z,2026-09-07T19:30:45.588Z,1535,2026-09-07T19:30:45.588Z,B24,Paintsville,fc48ec9c-d1b8-4775-bd67-583e82846e52,SAMMS-PaintsvilleV5
202609071930403832,202609071904636234,202609071904636230,85,3913,Bronze INV,br_ReAssessmentPhysicalHealth,TASK_COMPLETE,SUCCESS,INFO,646,646,0,,2026-09-07T19:05:10.929Z,2026-09-07T19:30:45.588Z,1535,2026-09-07T19:30:45.588Z,B25,Pikeville,fc48ec9c-d1b8-4775-bd67-583e82846e52,SAMMS-PikevilleV5
202609081249123528,202609081233479605,202609081233479600,144,14997,Clinical UA CDC Bronze - SaveUASched - B42B,br_UASched,TASK_COMPLETE,SUCCESS,INFO,37,37,0,,2026-09-08T12:34:28.635Z,2026-09-08T12:49:15.919Z,887,2026-09-08T12:49:15.919Z,B42B,Franklin,c3383bb1-b723-4b3e-bec7-f60bc8b15ae7,SAMMS-FranklinV5
202609051930319688,202609051904109220,202609051904109217,85,3912,Bronze INV,br_ReAssessmentPhysicalHealth,TASK_COMPLETE,SUCCESS,INFO,835,835,0,,2026-09-05T19:04:18.404Z,2026-09-05T19:30:36.887Z,1578,2026-09-05T19:30:36.887Z,B24,Paintsville,a7cfa2a8-4e03-4cce-a64e-9a92e6e67f12,SAMMS-PaintsvilleV5
202609051930319689,202609051904109221,202609051904109217,85,3913,Bronze INV,br_ReAssessmentPhysicalHealth,TASK_COMPLETE,SUCCESS,INFO,646,646,0,,2026-09-05T19:04:18.404Z,2026-09-05T19:30:36.887Z,1578,2026-09-05T19:30:36.887Z,B25,Pikeville,a7cfa2a8-4e03-4cce-a64e-9a92e6e67f12,SAMMS-PikevilleV5
202609030609509264,202609030609509264,20260903060947,122,12585,Gold OffWeek Counseling Engagement,OffWeekCounselingEngagement,TASK_FAILED,FAILED,ERROR,0,0,1,name ''Constants'' is not defined,2026-09-03T06:09:50.926Z,2026-09-03T06:10:10.060Z,19,2026-09-03T06:10:10.060Z,,,11b0f007-ed6d-4ee6-9a5c-040380b29931,
202609061929598558,202609061904281259,202609061904281249,85,3919,Bronze INV,br_ReAssessmentPhysicalHealth,TASK_COMPLETE,SUCCESS,INFO,400,400,0,,2026-09-06T19:04:34.627Z,2026-09-06T19:30:03.879Z,1529,2026-09-06T19:30:03.879Z,B31,Dyersburg,5cce37fd-5f38-41c5-90e1-d9efeb3bd245,SAMMS-DyersburgV5
202609061929598559,202609061904281260,202609061904281249,85,3921,Bronze INV,br_ReAssessmentPhysicalHealth,TASK_COMPLETE,SUCCESS,INFO,488,488,0,,2026-09-06T19:04:34.627Z,2026-09-06T19:30:03.879Z,1529,2026-09-06T19:30:03.879Z,B33,Paducah,5cce37fd-5f38-41c5-90e1-d9efeb3bd245,SAMMS-Paducah
202609061929598560,202609061904281261,202609061904281249,85,3922,Bronze INV,br_ReAssessmentPhysicalHealth,TASK_COMPLETE,SUCCESS,INFO,386,386,0,,2026-09-06T19:04:34.627Z,2026-09-06T19:30:03.879Z,1529,2026-09-06T19:30:03.879Z,B34,Corbin,5cce37fd-5f38-41c5-90e1-d9efeb3bd245,SAMMS-CorbinV5
202608281816043765,202608281812432918,202608281812432917,34,143002,3pArnote Bronze - B12B,br_tbl3pArnote,TASK_COMPLETE,SUCCESS,INFO,133,133,0,,2026-08-28T18:12:48.782Z,2026-08-28T18:16:14.755Z,206,2026-08-28T18:16:14.755Z,B12B,ColoradoSprings,458bbcf5-cb92-4c77-b377-3297f084a916,SAMMS-ColoradoSpringsV5
202609041734097380,202609041706273954,202609041706273944,85,3919,Bronze INV,br_ReAssessmentPhysicalHealth,TASK_COMPLETE,SUCCESS,INFO,400,400,0,,2026-09-04T17:06:35.444Z,2026-09-04T17:34:13.654Z,1658,2026-09-04T17:34:13.654Z,B31,Dyersburg,5652dc3b-8824-4606-a16d-f373dc1d2ada,SAMMS-DyersburgV5
202609041734097381,202609041706273955,202609041706273944,85,3921,Bronze INV,br_ReAssessmentPhysicalHealth,TASK_COMPLETE,SUCCESS,INFO,488,488,0,,2026-09-04T17:06:35.444Z,2026-09-04T17:34:13.654Z,1658,2026-09-04T17:34:13.654Z,B33,Paducah,5652dc3b-8824-4606-a16d-f373dc1d2ada,SAMMS-Paducah
202609041734097382,202609041706273956,202609041706273944,85,3922,Bronze INV,br_ReAssessmentPhysicalHealth,TASK_COMPLETE,SUCCESS,INFO,386,386,0,,2026-09-04T17:06:35.444Z,2026-09-04T17:34:13.654Z,1658,2026-09-04T17:34:13.654Z,B34,Corbin,5652dc3b-8824-4606-a16d-f373dc1d2ada,SAMMS-CorbinV5
202608281952576154,202608281944679156,202608281944679155,34,143002,3pArnote Bronze - B12B,br_tbl3pArnote,TASK_COMPLETE,SUCCESS,INFO,133,133,0,,2026-08-28T19:45:11.526Z,2026-08-28T19:53:00.773Z,469,2026-08-28T19:53:00.773Z,B12B,ColoradoSprings,efbc12e1-b596-4992-bb1e-5de64340fc31,SAMMS-ColoradoSpringsV5
202609020850479715,202609020850479715,20260831092127,134,13721,2021 Daily Census v6 Gold,DailyCensus,TASK_ALREADY_COMPLETED,ALREADY_COMPLETED,INFO,0,0,0,Already succeeded in previous attempt,2026-09-02T08:50:53.488Z,2026-09-02T08:50:53.488Z,0,2026-09-02T08:50:53.488Z,,,a248cb53-4f30-44b6-ac15-5cdc6c387758,
202608310532088819,202608310532088819,20260831035644,134,13721,2021 Daily Census v6 Gold,DailyCensus,TASK_ALREADY_COMPLETED,ALREADY_COMPLETED,INFO,0,0,0,Already succeeded in previous attempt,2026-08-31T05:32:13.491Z,2026-08-31T05:32:13.491Z,0,2026-08-31T05:32:13.491Z,,,648551aa-4be1-43d5-9996-5e68064cace6,
202609071930403892,202609071904636283,202609071904636230,85,4001,Bronze INV,br_ReAssessmentPhysicalHealth,TASK_COMPLETE,SUCCESS,INFO,292,292,0,,2026-09-07T19:05:10.929Z,2026-09-07T19:30:45.588Z,1535,2026-09-07T19:30:45.588Z,DM,Des Moines,fc48ec9c-d1b8-4775-bd67-583e82846e52,SAMMS-DesMoines
202609071930403893,202609071904636284,202609071904636230,85,4003,Bronze INV,br_ReAssessmentPhysicalHealth,TASK_COMPLETE,SUCCESS,INFO,530,530,0,,2026-09-07T19:05:10.929Z,2026-09-07T19:30:45.588Z,1535,2026-09-07T19:30:45.588Z,DRD-CO,Columbia MO,fc48ec9c-d1b8-4775-bd67-583e82846e52,SAMMS-ColumbiaV5
202609041734097490,202609041706274050,202609041706273944,85,4077,Bronze INV,br_ReAssessmentPhysicalHealth,TASK_COMPLETE,SUCCESS,INFO,1786,1786,0,,2026-09-04T17:06:35.444Z,2026-09-04T17:34:13.654Z,1658,2026-09-04T17:34:13.654Z,V5,West Bank,5652dc3b-8824-4606-a16d-f373dc1d2ada,SAMMS-NONTCv5
202609041734097491,202609041706274051,202609041706273944,85,4079,Bronze INV,br_ReAssessmentPhysicalHealth,TASK_COMPLETE,SUCCESS,INFO,146,146,0,,2026-09-04T17:06:35.444Z,2026-09-04T17:34:13.654Z,1658,2026-09-04T17:34:13.654Z,V5B,Houma,5652dc3b-8824-4606-a16d-f373dc1d2ada,SAMMS-HoumaV6
202609041734097492,202609041706274052,202609041706273944,85,4080,Bronze INV,br_ReAssessmentPhysicalHealth,TASK_COMPLETE,SUCCESS,INFO,1917,1917,0,,2026-09-04T17:06:35.444Z,2026-09-04T17:34:13.654Z,1658,2026-09-04T17:34:13.654Z,V6,Lake Charles,5652dc3b-8824-4606-a16d-f373dc1d2ada,SAMMS-LCv5
202609061929598666,202609061904281355,202609061904281249,85,4077,Bronze INV,br_ReAssessmentPhysicalHealth,TASK_COMPLETE,SUCCESS,INFO,1786,1786,0,,2026-09-06T19:04:34.627Z,2026-09-06T19:30:03.879Z,1529,2026-09-06T19:30:03.879Z,V5,West Bank,5cce37fd-5f38-41c5-90e1-d9efeb3bd245,SAMMS-NONTCv5
202609061929598667,202609061904281356,202609061904281249,85,4079,Bronze INV,br_ReAssessmentPhysicalHealth,TASK_COMPLETE,SUCCESS,INFO,146,146,0,,2026-09-06T19:04:34.627Z,2026-09-06T19:30:03.879Z,1529,2026-09-06T19:30:03.879Z,V5B,Houma,5cce37fd-5f38-41c5-90e1-d9efeb3bd245,SAMMS-HoumaV6
202609061929598668,202609061904281357,202609061904281249,85,4080,Bronze INV,br_ReAssessmentPhysicalHealth,TASK_COMPLETE,SUCCESS,INFO,1917,1917,0,,2026-09-06T19:04:34.627Z,2026-09-06T19:30:03.879Z,1529,2026-09-06T19:30:03.879Z,V6,Lake Charles,5cce37fd-5f38-41c5-90e1-d9efeb3bd245,SAMMS-LCv5
202609051930319745,202609051904109270,202609051904109217,85,4001,Bronze INV,br_ReAssessmentPhysicalHealth,TASK_COMPLETE,SUCCESS,INFO,292,292,0,,2026-09-05T19:04:18.404Z,2026-09-05T19:30:36.887Z,1578,2026-09-05T19:30:36.887Z,DM,Des Moines,a7cfa2a8-4e03-4cce-a64e-9a92e6e67f12,SAMMS-DesMoines
202609051930319746,202609051904109271,202609051904109217,85,4003,Bronze INV,br_ReAssessmentPhysicalHealth,TASK_COMPLETE,SUCCESS,INFO,530,530,0,,2026-09-05T19:04:18.404Z,2026-09-05T19:30:36.887Z,1578,2026-09-05T19:30:36.887Z,DRD-CO,Columbia MO,a7cfa2a8-4e03-4cce-a64e-9a92e6e67f12,SAMMS-ColumbiaV5
202609021151592579,202609021151592578,202608171026319654,84,13674,Gold Salesforce Leads,Leads,TASK_DEPENDENCY_BLOCKED,DEPENDENCY_BLOCKED,WARN,0,0,0,"Dependency Failed : 218 (checked: 222,218,217)",2026-09-02T11:52:07.092Z,2026-09-02T11:52:07.092Z,0,2026-09-02T11:52:07.092Z,,,0b5a27da-5d48-4ed3-a9f4-1a7052a3fcea,
202608281839131576,202608281835667816,202608281835667815,34,143002,3pArnote Bronze - B12B,br_tbl3pArnote,TASK_COMPLETE,SUCCESS,INFO,0,0,0,,2026-08-28T18:36:12.417Z,2026-08-28T18:39:17.243Z,185,2026-08-28T18:39:17.243Z,B12B,ColoradoSprings,8e23258c-98e6-4e5b-b927-9ac8867dc9e7,SAMMS-ColoradoSpringsV5
202609051930319715,202609051904109244,202609051904109217,85,3937,Bronze INV,br_ReAssessmentPhysicalHealth,TASK_COMPLETE,SUCCESS,INFO,591,591,0,,2026-09-05T19:04:18.404Z,2026-09-05T19:30:36.887Z,1578,2026-09-05T19:30:36.887Z,B46,Washington DC,a7cfa2a8-4e03-4cce-a64e-9a92e6e67f12,SAMMS-WashingtonDCv5
202609051930319716,202609051904109245,202609051904109217,85,3938,Bronze INV,br_ReAssessmentPhysicalHealth,TASK_COMPLETE,SUCCESS,INFO,1575,1575,0,,2026-09-05T19:04:18.404Z,2026-09-05T19:30:36.887Z,1578,2026-09-05T19:30:36.887Z,B47,Mobile,a7cfa2a8-4e03-4cce-a64e-9a92e6e67f12,SAMMS-MobileV5
202609071930403860,202609071904636257,202609071904636230,85,3937,Bronze INV,br_ReAssessmentPhysicalHealth,TASK_COMPLETE,SUCCESS,INFO,591,591,0,,2026-09-07T19:05:10.929Z,2026-09-07T19:30:45.588Z,1535,2026-09-07T19:30:45.588Z,B46,Washington DC,fc48ec9c-d1b8-4775-bd67-583e82846e52,SAMMS-WashingtonDCv5
202609071930403861,202609071904636258,202609071904636230,85,3938,Bronze INV,br_ReAssessmentPhysicalHealth,TASK_COMPLETE,SUCCESS,INFO,1575,1575,0,,2026-09-07T19:05:10.929Z,2026-09-07T19:30:45.588Z,1535,2026-09-07T19:30:45.588Z,B47,Mobile,fc48ec9c-d1b8-4775-bd67-583e82846e52,SAMMS-MobileV5
202609041352054010,202609041344521466,202609041344521464,25,55002,DartsSrv Bronze - B12B,br_tblDartSrv,TASK_COMPLETE,SUCCESS,INFO,160,160,0,,2026-09-04T13:45:02.692Z,2026-09-04T13:52:09.126Z,427,2026-09-04T13:52:09.126Z,B12B,ColoradoSprings,cb9f45fe-59e4-4b23-966e-377c65c5ec2d,SAMMS-ColoradoSpringsV5
202609020849449558,202609020849449557,20260831092127,134,13715,3rd Party Duplicates Gold,Duplicates,TASK_ALREADY_COMPLETED,ALREADY_COMPLETED,INFO,0,0,0,Already succeeded in previous attempt,2026-09-02T08:49:50.540Z,2026-09-02T08:49:50.540Z,0,2026-09-02T08:49:50.540Z,,,a248cb53-4f30-44b6-ac15-5cdc6c387758,
202609051930319791,202609051904109310,202609051904109217,85,4058,Bronze INV,br_ReAssessmentPhysicalHealth,TASK_COMPLETE,SUCCESS,INFO,15,15,0,,2026-09-05T19:04:18.404Z,2026-09-05T19:30:36.887Z,1578,2026-09-05T19:30:36.887Z,TU,Tucson,a7cfa2a8-4e03-4cce-a64e-9a92e6e67f12,SAMMS-Tucson
202609051930319792,202609051904109311,202609051904109217,85,4060,Bronze INV,br_ReAssessmentPhysicalHealth,TASK_COMPLETE,SUCCESS,INFO,661,661,0,,2026-09-05T19:04:18.404Z,2026-09-05T19:30:36.887Z,1578,2026-09-05T19:30:36.887Z,V1,Memphis South,a7cfa2a8-4e03-4cce-a64e-9a92e6e67f12,SAMMS-VCPHCS-I-MemphisV5
202608310530468373,202608310530468373,20260831035644,134,13715,3rd Party Duplicates Gold,Duplicates,TASK_ALREADY_COMPLETED,ALREADY_COMPLETED,INFO,0,0,0,Already succeeded in previous attempt,2026-08-31T05:30:58.235Z,2026-08-31T05:30:58.235Z,0,2026-08-31T05:30:58.235Z,,,648551aa-4be1-43d5-9996-5e68064cace6,
202609071930403940,202609071904636323,202609071904636230,85,4058,Bronze INV,br_ReAssessmentPhysicalHealth,TASK_COMPLETE,SUCCESS,INFO,15,15,0,,2026-09-07T19:05:10.929Z,2026-09-07T19:30:45.588Z,1535,2026-09-07T19:30:45.588Z,TU,Tucson,fc48ec9c-d1b8-4775-bd67-583e82846e52,SAMMS-Tucson
202609071930403941,202609071904636324,202609071904636230,85,4060,Bronze INV,br_ReAssessmentPhysicalHealth,TASK_COMPLETE,SUCCESS,INFO,661,661,0,,2026-09-07T19:05:10.929Z,2026-09-07T19:30:45.588Z,1535,2026-09-07T19:30:45.588Z,V1,Memphis South,fc48ec9c-d1b8-4775-bd67-583e82846e52,SAMMS-VCPHCS-I-MemphisV5
202609022031236155,202609021926296271,202609021926296228,85,3046,Bronze INV,br_ReAssessment,TASK_COMPLETE,SUCCESS,INFO,0,0,0,,2026-09-02T19:26:44.280Z,2026-09-02T20:31:28.769Z,3884,2026-09-02T20:31:28.769Z,B76,Huntsville OBOT,aa9f49a8-9ff8-4a6e-a263-7617045dadde,SAMMS-Huntsville-OBOT
202609022031236156,202609021926296272,202609021926296228,85,3047,Bronze INV,br_ReAssessment,TASK_COMPLETE,SUCCESS,INFO,0,0,0,,2026-09-02T19:26:44.280Z,2026-09-02T20:31:28.769Z,3884,2026-09-02T20:31:28.769Z,BAT,Batesville,aa9f49a8-9ff8-4a6e-a263-7617045dadde,SAMMS-Batesville
202609022031236157,202609021926296273,202609021926296228,85,3048,Bronze INV,br_ReAssessment,TASK_COMPLETE,SUCCESS,INFO,0,0,0,,2026-09-02T19:26:44.280Z,2026-09-02T20:31:28.769Z,3884,2026-09-02T20:31:28.769Z,BG,Bowling Green,aa9f49a8-9ff8-4a6e-a263-7617045dadde,SAMMS-BowlingGreen
202609022031236159,202609021926296274,202609021926296228,85,3049,Bronze INV,br_ReAssessment,TASK_COMPLETE,SUCCESS,INFO,0,0,0,,2026-09-02T19:26:44.280Z,2026-09-02T20:31:28.769Z,3884,2026-09-02T20:31:28.769Z,BOI,Boise,aa9f49a8-9ff8-4a6e-a263-7617045dadde,SAMMS-Boise
202609051930319761,202609051904109284,202609051904109217,85,4020,Bronze INV,br_ReAssessmentPhysicalHealth,TASK_COMPLETE,SUCCESS,INFO,100,100,0,,2026-09-05T19:04:18.404Z,2026-09-05T19:30:36.887Z,1578,2026-09-05T19:30:36.887Z,HGT,Hagerstown,a7cfa2a8-4e03-4cce-a64e-9a92e6e67f12,SAMMS-Hagerstown
202609051930319762,202609051904109285,202609051904109217,85,4021,Bronze INV,br_ReAssessmentPhysicalHealth,TASK_COMPLETE,SUCCESS,INFO,1727,1727,0,,2026-09-05T19:04:18.404Z,2026-09-05T19:30:36.887Z,1578,2026-09-05T19:30:36.887Z,HNT,Huntsville,a7cfa2a8-4e03-4cce-a64e-9a92e6e67f12,SAMMS-Huntsville
202609071930403908,202609071904636297,202609071904636230,85,4020,Bronze INV,br_ReAssessmentPhysicalHealth,TASK_COMPLETE,SUCCESS,INFO,100,100,0,,2026-09-07T19:05:10.929Z,2026-09-07T19:30:45.588Z,1535,2026-09-07T19:30:45.588Z,HGT,Hagerstown,fc48ec9c-d1b8-4775-bd67-583e82846e52,SAMMS-Hagerstown
202609071930403910,202609071904636298,202609071904636230,85,4021,Bronze INV,br_ReAssessmentPhysicalHealth,TASK_COMPLETE,SUCCESS,INFO,1727,1727,0,,2026-09-07T19:05:10.929Z,2026-09-07T19:30:45.588Z,1535,2026-09-07T19:30:45.588Z,HNT,Huntsville,fc48ec9c-d1b8-4775-bd67-583e82846e52,SAMMS-Huntsville
202609020910539784,202609020910539785,20260902091053,129,13684,3P Balances,sl_tbl_Third_Party_AR_inDB_Balances,TASK_FAILED,FAILED,ERROR,0,0,1,%run cannot run with other code or magic commands.,2026-09-02T09:10:53.978Z,2026-09-02T09:10:53.978Z,0,2026-09-02T09:10:53.978Z,,,48a6e677-04fe-4e9b-873e-2e07ee6a32f8,
202609021737144438,202609021737144438,202608201136586561,83,212,Silver Salesforce Leads,sl_sf_leads,TASK_ALREADY_COMPLETED,ALREADY_COMPLETED,INFO,0,0,0,Already succeeded in previous attempt,2026-09-02T17:37:19.285Z,2026-09-02T17:37:19.285Z,0,2026-09-02T17:37:19.285Z,,,0d5be434-3f1a-4f4b-ae90-f0c48a55ec54,
202609041437090589,202609041437090589,202608171026319654,84,223,Gold Salesforce StgEvents,stgEvents,TASK_ALREADY_COMPLETED,ALREADY_COMPLETED,INFO,0,0,0,Already succeeded in previous attempt,2026-09-04T14:37:14.582Z,2026-09-04T14:37:14.582Z,0,2026-09-04T14:37:14.582Z,,,9d7b1c7e-8065-427d-99c7-89e3c8306b1f,
202609021738155795,202609021738155795,202608201136586561,83,214,Silver Salesforce Cases,sl_sf_cases,TASK_ALREADY_COMPLETED,ALREADY_COMPLETED,INFO,0,0,0,Already succeeded in previous attempt,2026-09-02T17:38:21.478Z,2026-09-02T17:38:21.478Z,0,2026-09-02T17:38:21.478Z,,,0d5be434-3f1a-4f4b-ae90-f0c48a55ec54,
202609041342452528,202609041342452528,202608171026319654,84,223,Gold Salesforce StgEvents,stgEvents,TASK_ALREADY_COMPLETED,ALREADY_COMPLETED,INFO,0,0,0,Already succeeded in previous attempt,2026-09-04T13:42:53.017Z,2026-09-04T13:42:53.017Z,0,2026-09-04T13:42:53.017Z,,,bd9b2318-654e-4f3d-b09e-bcdf6b219232,
202609031147216093,202609031147216093,202608171026319654,84,223,Gold Salesforce StgEvents,stgEvents,TASK_ALREADY_COMPLETED,ALREADY_COMPLETED,INFO,0,0,0,Already succeeded in previous attempt,2026-09-03T11:47:26.364Z,2026-09-03T11:47:26.364Z,0,2026-09-03T11:47:26.364Z,,,b5204bb1-5640-4c52-9143-fe923aba5573,
202609031142084271,202609031142084271,202608171018106132,83,212,Silver Salesforce Leads,sl_sf_leads,TASK_ALREADY_COMPLETED,ALREADY_COMPLETED,INFO,0,0,0,Already succeeded in previous attempt,2026-09-03T11:42:13.745Z,2026-09-03T11:42:13.745Z,0,2026-09-03T11:42:13.745Z,,,b5204bb1-5640-4c52-9143-fe923aba5573,
202609021748293300,202609021748293299,202608171026319654,84,223,Gold Salesforce StgEvents,stgEvents,TASK_ALREADY_COMPLETED,ALREADY_COMPLETED,INFO,0,0,0,Already succeeded in previous attempt,2026-09-02T17:49:06.093Z,2026-09-02T17:49:06.093Z,0,2026-09-02T17:49:06.093Z,,,0d5be434-3f1a-4f4b-ae90-f0c48a55ec54,
202609041211107315,202609041211107315,202608150818522823,83,211,Silver Salesforce Users,sl_sf_users,TASK_ALREADY_COMPLETED,ALREADY_COMPLETED,INFO,0,0,0,Already succeeded in previous attempt,2026-09-04T12:11:18.954Z,2026-09-04T12:11:18.954Z,0,2026-09-04T12:11:18.954Z,,,6ab129c1-fb62-4518-bfad-8f6d8d29c3ca,
202609031141224445,202609031141224445,202608171018106132,83,210,Silver Salesforce Tasks,sl_sf_tasks,TASK_ALREADY_COMPLETED,ALREADY_COMPLETED,INFO,0,0,0,Already succeeded in previous attempt,2026-09-03T11:41:28.484Z,2026-09-03T11:41:28.484Z,0,2026-09-03T11:41:28.484Z,,,b5204bb1-5640-4c52-9143-fe923aba5573,
202609021150532235,202609021150532234,202608171026319654,84,223,Gold Salesforce StgEvents,stgEvents,TASK_ALREADY_COMPLETED,ALREADY_COMPLETED,INFO,0,0,0,Already succeeded in previous attempt,2026-09-02T11:50:58.029Z,2026-09-02T11:50:58.029Z,0,2026-09-02T11:50:58.029Z,,,0b5a27da-5d48-4ed3-a9f4-1a7052a3fcea,
202609041222372668,202609041222372668,202608171026319654,84,223,Gold Salesforce StgEvents,stgEvents,TASK_ALREADY_COMPLETED,ALREADY_COMPLETED,INFO,0,0,0,Already succeeded in previous attempt,2026-09-04T12:22:48.130Z,2026-09-04T12:22:48.130Z,0,2026-09-04T12:22:48.130Z,,,6ab129c1-fb62-4518-bfad-8f6d8d29c3ca,
202609041211326880,202609041211326879,202608150818522823,83,212,Silver Salesforce Leads,sl_sf_leads,TASK_ALREADY_COMPLETED,ALREADY_COMPLETED,INFO,0,0,0,Already succeeded in previous attempt,2026-09-04T12:11:39.796Z,2026-09-04T12:11:39.796Z,0,2026-09-04T12:11:39.796Z,,,6ab129c1-fb62-4518-bfad-8f6d8d29c3ca,
202609031142434512,202609031142434512,202608171018106132,83,214,Silver Salesforce Cases,sl_sf_cases,TASK_ALREADY_COMPLETED,ALREADY_COMPLETED,INFO,0,0,0,Already succeeded in previous attempt,2026-09-03T11:42:49.635Z,2026-09-03T11:42:49.635Z,0,2026-09-03T11:42:49.635Z,,,b5204bb1-5640-4c52-9143-fe923aba5573,
202609031141420049,202609031141420048,202608171018106132,83,211,Silver Salesforce Users,sl_sf_users,TASK_ALREADY_COMPLETED,ALREADY_COMPLETED,INFO,0,0,0,Already succeeded in previous attempt,2026-09-03T11:41:56.685Z,2026-09-03T11:41:56.685Z,0,2026-09-03T11:41:56.685Z,,,b5204bb1-5640-4c52-9143-fe923aba5573,
202609041210428830,202609041210428830,202608150818522823,83,210,Silver Salesforce Tasks,sl_sf_tasks,TASK_ALREADY_COMPLETED,ALREADY_COMPLETED,INFO,0,0,0,Already succeeded in previous attempt,2026-09-04T12:10:53.802Z,2026-09-04T12:10:53.802Z,0,2026-09-04T12:10:53.802Z,,,6ab129c1-fb62-4518-bfad-8f6d8d29c3ca,
202609041212478037,202609041212478037,202608150818522823,83,214,Silver Salesforce Cases,sl_sf_cases,TASK_ALREADY_COMPLETED,ALREADY_COMPLETED,INFO,0,0,0,Already succeeded in previous attempt,2026-09-04T12:13:06.590Z,2026-09-04T12:13:06.590Z,0,2026-09-04T12:13:06.590Z,,,6ab129c1-fb62-4518-bfad-8f6d8d29c3ca,
202609021736100898,202609021736100898,202608201136586561,83,210,Silver Salesforce Tasks,sl_sf_tasks,TASK_ALREADY_COMPLETED,ALREADY_COMPLETED,INFO,0,0,0,Already succeeded in previous attempt,2026-09-02T17:36:17.431Z,2026-09-02T17:36:17.431Z,0,2026-09-02T17:36:17.431Z,,,0d5be434-3f1a-4f4b-ae90-f0c48a55ec54,
202608281028557643,202608281028557642,202608171026319654,84,223,Gold Salesforce StgEvents,stgEvents,TASK_ALREADY_COMPLETED,ALREADY_COMPLETED,INFO,0,0,0,Already succeeded in previous attempt,2026-08-28T10:29:00.478Z,2026-08-28T10:29:00.478Z,0,2026-08-28T10:29:00.478Z,,,3d84b3b4-01e9-4004-b383-1c54ba72a558,
202609041628189183,202609041628189182,202608171026319654,84,223,Gold Salesforce StgEvents,stgEvents,TASK_ALREADY_COMPLETED,ALREADY_COMPLETED,INFO,0,0,0,Already succeeded in previous attempt,2026-09-04T16:28:23.710Z,2026-09-04T16:28:23.710Z,0,2026-09-04T16:28:23.710Z,,,7a604b07-1e27-4ff8-bd86-1860fd5608a2,
202609021152282033,202609021152282033,202608171026319654,84,230,Gold Salesforce Events,Events,TASK_DEPENDENCY_BLOCKED,DEPENDENCY_BLOCKED,WARN,0,0,0,"Dependency Failed : 218 (checked: 223,218)",2026-09-02T11:52:38.639Z,2026-09-02T11:52:38.639Z,0,2026-09-02T11:52:38.639Z,,,0b5a27da-5d48-4ed3-a9f4-1a7052a3fcea,
202609071930403885,202609071904636277,202609071904636230,85,3976,Bronze INV,br_ReAssessmentPhysicalHealth,TASK_COMPLETE,SUCCESS,INFO,51,51,0,,2026-09-07T19:05:10.929Z,2026-09-07T19:30:45.588Z,1535,2026-09-07T19:30:45.588Z,CBCO,Coeur dAlene,fc48ec9c-d1b8-4775-bd67-583e82846e52,SAMMS-CoeurdAleneV6
202609071930403886,202609071904636278,202609071904636230,85,3995,Bronze INV,br_ReAssessmentPhysicalHealth,TASK_COMPLETE,SUCCESS,INFO,0,0,0,,2026-09-07T19:05:10.929Z,2026-09-07T19:30:45.588Z,1535,2026-09-07T19:30:45.588Z,CON,Conway,fc48ec9c-d1b8-4775-bd67-583e82846e52,SAMMS-Conway
202609051930319724,202609051904109252,202609051904109217,85,3953,Bronze INV,br_ReAssessmentPhysicalHealth,TASK_COMPLETE,SUCCESS,INFO,555,555,0,,2026-09-05T19:04:18.404Z,2026-09-05T19:30:36.887Z,1578,2026-09-05T19:30:36.887Z,B57A,Johnston,a7cfa2a8-4e03-4cce-a64e-9a92e6e67f12,SAMMS-Johnston
202609051930319726,202609051904109253,202609051904109217,85,3954,Bronze INV,br_ReAssessmentPhysicalHealth,TASK_COMPLETE,SUCCESS,INFO,166,166,0,,2026-09-05T19:04:18.404Z,2026-09-05T19:30:36.887Z,1578,2026-09-05T19:30:36.887Z,B57B,Middletown,a7cfa2a8-4e03-4cce-a64e-9a92e6e67f12,SAMMS-Middletown
202609051930319738,202609051904109264,202609051904109217,85,3976,Bronze INV,br_ReAssessmentPhysicalHealth,TASK_COMPLETE,SUCCESS,INFO,51,51,0,,2026-09-05T19:04:18.404Z,2026-09-05T19:30:36.887Z,1578,2026-09-05T19:30:36.887Z,CBCO,Coeur dAlene,a7cfa2a8-4e03-4cce-a64e-9a92e6e67f12,SAMMS-CoeurdAleneV6
202609051930319739,202609051904109265,202609051904109217,85,3995,Bronze INV,br_ReAssessmentPhysicalHealth,TASK_COMPLETE,SUCCESS,INFO,0,0,0,,2026-09-05T19:04:18.404Z,2026-09-05T19:30:36.887Z,1578,2026-09-05T19:30:36.887Z,CON,Conway,a7cfa2a8-4e03-4cce-a64e-9a92e6e67f12,SAMMS-Conway
202609031211570506,202609031145401777,202609031145401700,85,3113,Bronze INV,br_ReAssessment,TASK_COMPLETE,SUCCESS,INFO,0,0,0,,2026-09-03T11:45:45.517Z,2026-09-03T12:12:16.686Z,1591,2026-09-03T12:12:16.686Z,MP,Mt. Pleasant,8e54a6a2-7031-4831-b2c0-8c5ea7811246,SAMMS-MtPleasant
202609031211570508,202609031145401778,202609031145401700,85,3114,Bronze INV,br_ReAssessment,TASK_COMPLETE,SUCCESS,INFO,0,0,0,,2026-09-03T11:45:45.517Z,2026-09-03T12:12:16.686Z,1591,2026-09-03T12:12:16.686Z,MRD,Meridian,8e54a6a2-7031-4831-b2c0-8c5ea7811246,SAMMS-Meridian
202609031211570509,202609031145401779,202609031145401700,85,3119,Bronze INV,br_ReAssessment,TASK_COMPLETE,SUCCESS,INFO,0,0,0,,2026-09-03T11:45:45.517Z,2026-09-03T12:12:16.686Z,1591,2026-09-03T12:12:16.686Z,NC,North Charleston,8e54a6a2-7031-4831-b2c0-8c5ea7811246,SAMMS-NorthCharleston
202609031211570510,202609031145401780,202609031145401700,85,3120,Bronze INV,br_ReAssessment,TASK_COMPLETE,SUCCESS,INFO,0,0,0,,2026-09-03T11:45:45.517Z,2026-09-03T12:12:16.686Z,1591,2026-09-03T12:12:16.686Z,NLR,N. Little Rock,8e54a6a2-7031-4831-b2c0-8c5ea7811246,SAMMS-NLROBOT
202609071930403870,202609071904636265,202609071904636230,85,3953,Bronze INV,br_ReAssessmentPhysicalHealth,TASK_COMPLETE,SUCCESS,INFO,555,555,0,,2026-09-07T19:05:10.929Z,2026-09-07T19:30:45.588Z,1535,2026-09-07T19:30:45.588Z,B57A,Johnston,fc48ec9c-d1b8-4775-bd67-583e82846e52,SAMMS-Johnston
202609071930403871,202609071904636266,202609071904636230,85,3954,Bronze INV,br_ReAssessmentPhysicalHealth,TASK_COMPLETE,SUCCESS,INFO,166,166,0,,2026-09-07T19:05:10.929Z,2026-09-07T19:30:45.588Z,1535,2026-09-07T19:30:45.588Z,B57B,Middletown,fc48ec9c-d1b8-4775-bd67-583e82846e52,SAMMS-Middletown
202609051930319804,202609051904109322,202609051904109217,85,4074,Bronze INV,br_ReAssessmentPhysicalHealth,TASK_COMPLETE,SUCCESS,INFO,723,723,0,,2026-09-05T19:04:18.404Z,2026-09-05T19:30:36.887Z,1578,2026-09-05T19:30:36.887Z,V21,Memphis North,a7cfa2a8-4e03-4cce-a64e-9a92e6e67f12,SAMMS-RaleighV5
202609051930319805,202609051904109323,202609051904109217,85,4077,Bronze INV,br_ReAssessmentPhysicalHealth,TASK_COMPLETE,SUCCESS,INFO,1786,1786,0,,2026-09-05T19:04:18.404Z,2026-09-05T19:30:36.887Z,1578,2026-09-05T19:30:36.887Z,V5,West Bank,a7cfa2a8-4e03-4cce-a64e-9a92e6e67f12,SAMMS-NONTCv5
202609021728185690,202609021728185690,202609021132414060,82,205,Salesforce Contacts,br_sf_contacts,TASK_ALREADY_COMPLETED,ALREADY_COMPLETED,INFO,0,0,0,Already succeeded in previous attempt,2026-09-02T17:28:26.630Z,2026-09-02T17:28:26.630Z,0,2026-09-02T17:28:26.630Z,,,0d5be434-3f1a-4f4b-ae90-f0c48a55ec54,
202609071930403954,202609071904636335,202609071904636230,85,4074,Bronze INV,br_ReAssessmentPhysicalHealth,TASK_COMPLETE,SUCCESS,INFO,723,723,0,,2026-09-07T19:05:10.929Z,2026-09-07T19:30:45.588Z,1535,2026-09-07T19:30:45.588Z,V21,Memphis North,fc48ec9c-d1b8-4775-bd67-583e82846e52,SAMMS-RaleighV5
202609071930403955,202609071904636336,202609071904636230,85,4077,Bronze INV,br_ReAssessmentPhysicalHealth,TASK_COMPLETE,SUCCESS,INFO,1786,1786,0,,2026-09-07T19:05:10.929Z,2026-09-07T19:30:45.588Z,1535,2026-09-07T19:30:45.588Z,V5,West Bank,fc48ec9c-d1b8-4775-bd67-583e82846e52,SAMMS-NONTCv5
202609021725186922,202609021725186921,202609021132414060,82,200,Salesforce Accounts,br_sf_accounts,TASK_ALREADY_COMPLETED,ALREADY_COMPLETED,INFO,0,0,0,Already succeeded in previous attempt,2026-09-02T17:25:29.075Z,2026-09-02T17:25:29.075Z,0,2026-09-02T17:25:29.075Z,,,0d5be434-3f1a-4f4b-ae90-f0c48a55ec54,
202608310533297461,202608310533297461,20260831035644,134,13731,Bill Analysis Gold,BillingAnalysis,TASK_ALREADY_COMPLETED,ALREADY_COMPLETED,INFO,0,0,0,Already succeeded in previous attempt,2026-08-31T05:33:59.516Z,2026-08-31T05:33:59.516Z,0,2026-08-31T05:33:59.516Z,,,648551aa-4be1-43d5-9996-5e68064cace6,
202609020852015720,202609020852015719,20260831092127,134,13731,Bill Analysis Gold,BillingAnalysis,TASK_ALREADY_COMPLETED,ALREADY_COMPLETED,INFO,0,0,0,Already succeeded in previous attempt,2026-09-02T08:52:09.555Z,2026-09-02T08:52:09.555Z,0,2026-09-02T08:52:09.555Z,,,a248cb53-4f30-44b6-ac15-5cdc6c387758,
202609071930403877,202609071904636271,202609071904636230,85,3964,Bronze INV,br_ReAssessmentPhysicalHealth,TASK_COMPLETE,SUCCESS,INFO,0,0,0,,2026-09-07T19:05:10.929Z,2026-09-07T19:30:45.588Z,1535,2026-09-07T19:30:45.588Z,B73,Montgomery,fc48ec9c-d1b8-4775-bd67-583e82846e52,SAMMS-Montgomery
202609071930403878,202609071904636272,202609071904636230,85,3965,Bronze INV,br_ReAssessmentPhysicalHealth,TASK_COMPLETE,SUCCESS,INFO,517,517,0,,2026-09-07T19:05:10.929Z,2026-09-07T19:30:45.588Z,1535,2026-09-07T19:30:45.588Z,B75,Lawrence,fc48ec9c-d1b8-4775-bd67-583e82846e52,SAMMS-LawrenceV6
202609051930319731,202609051904109258,202609051904109217,85,3964,Bronze INV,br_ReAssessmentPhysicalHealth,TASK_COMPLETE,SUCCESS,INFO,0,0,0,,2026-09-05T19:04:18.404Z,2026-09-05T19:30:36.887Z,1578,2026-09-05T19:30:36.887Z,B73,Montgomery,a7cfa2a8-4e03-4cce-a64e-9a92e6e67f12,SAMMS-Montgomery
202609051930319732,202609051904109259,202609051904109217,85,3965,Bronze INV,br_ReAssessmentPhysicalHealth,TASK_COMPLETE,SUCCESS,INFO,517,517,0,,2026-09-05T19:04:18.404Z,2026-09-05T19:30:36.887Z,1578,2026-09-05T19:30:36.887Z,B75,Lawrence,a7cfa2a8-4e03-4cce-a64e-9a92e6e67f12,SAMMS-LawrenceV6
202608310715220216,202608310715220216,20260831061556,134,13719,Ref Lab Gold,RefLab_Analysis,TASK_DEPENDENCY_BLOCKED,DEPENDENCY_BLOCKED,WARN,0,0,0,Dependency Failed : 13718 (checked: 13718),2026-08-31T07:15:34.032Z,2026-08-31T07:15:34.032Z,0,2026-08-31T07:15:34.032Z,,,686b20a1-fc55-41ce-bf56-edc22eac8a37,
202608310400241833,202608310400241832,20260831035644,134,13719,Ref Lab Gold,RefLab_Analysis,TASK_DEPENDENCY_BLOCKED,DEPENDENCY_BLOCKED,WARN,0,0,0,Dependency Failed : 13718 (checked: 13718),2026-08-31T04:01:05.216Z,2026-08-31T04:01:05.216Z,0,2026-08-31T04:01:05.216Z,,,c3e41f3e-c233-4445-a786-d0d98a8613bd,
202608310921387996,202608310921387996,20260831092127,134,13719,Ref Lab Gold,RefLab_Analysis,TASK_DEPENDENCY_BLOCKED,DEPENDENCY_BLOCKED,WARN,0,0,0,Dependency Failed : 13718 (checked: 13718),2026-08-31T09:21:46.608Z,2026-08-31T09:21:46.608Z,0,2026-08-31T09:21:46.608Z,,,7cf15fc7-3164-41db-9237-c95ff39a8c98,
202608310617559111,202608310617559110,20260831061556,134,13719,Ref Lab Gold,RefLab_Analysis,TASK_DEPENDENCY_BLOCKED,DEPENDENCY_BLOCKED,WARN,0,0,0,Dependency Failed : 13718 (checked: 13718),2026-08-31T06:18:13.394Z,2026-08-31T06:18:13.394Z,0,2026-08-31T06:18:13.394Z,,,1de5cf99-6b82-4338-b3fe-396114f7957f,
202608311018231265,202608311018231265,20260831092127,134,13719,Ref Lab Gold,RefLab_Analysis,TASK_DEPENDENCY_BLOCKED,DEPENDENCY_BLOCKED,WARN,0,0,0,Dependency Failed : 13718 (checked: 13718),2026-08-31T10:18:36.989Z,2026-08-31T10:18:36.989Z,0,2026-08-31T10:18:36.989Z,,,570ed360-6755-403a-934d-8def39d2304e,
202609031159204951,202609031159204951,20260903115613,134,13719,Ref Lab Gold,RefLab_Analysis,TASK_DEPENDENCY_BLOCKED,DEPENDENCY_BLOCKED,WARN,0,0,0,Dependency Failed : 13718 (checked: 13718),2026-09-03T11:59:28.041Z,2026-09-03T11:59:28.041Z,0,2026-09-03T11:59:28.041Z,,,1426a45f-7ba5-45f5-b808-280584111092,
202608310531399011,202608310531399011,20260831035644,134,13719,Ref Lab Gold,RefLab_Analysis,TASK_DEPENDENCY_BLOCKED,DEPENDENCY_BLOCKED,WARN,0,0,0,Dependency Failed : 13718 (checked: 13718),2026-08-31T05:31:54.381Z,2026-08-31T05:31:54.381Z,0,2026-08-31T05:31:54.381Z,,,648551aa-4be1-43d5-9996-5e68064cace6,
202608311228585565,202608311228585564,20260831092127,134,13719,Ref Lab Gold,RefLab_Analysis,TASK_DEPENDENCY_BLOCKED,DEPENDENCY_BLOCKED,WARN,0,0,0,Dependency Failed : 13718 (checked: 13718),2026-08-31T12:29:06.222Z,2026-08-31T12:29:06.222Z,0,2026-08-31T12:29:06.222Z,,,73ab084e-6be8-4233-a81c-8f049414a380,
202608311030523956,202608311030523956,20260831092127,134,13719,Ref Lab Gold,RefLab_Analysis,TASK_DEPENDENCY_BLOCKED,DEPENDENCY_BLOCKED,WARN,0,0,0,Dependency Failed : 13718 (checked: 13718),2026-08-31T10:31:21.637Z,2026-08-31T10:31:21.637Z,0,2026-08-31T10:31:21.637Z,,,c53fd170-5a06-4556-ac6d-ed783acaee0b,
202608310753459337,202608310753459336,20260831075339,134,13719,Ref Lab Gold,RefLab_Analysis,TASK_DEPENDENCY_BLOCKED,DEPENDENCY_BLOCKED,WARN,0,0,0,Dependency Failed : 13718 (checked: 13718),2026-08-31T07:53:52.596Z,2026-08-31T07:53:52.596Z,0,2026-08-31T07:53:52.596Z,,,0b4961d6-2cb3-40f0-b779-fb7af0beef8c,
202608311001596750,202608311001596750,20260831092127,134,13719,Ref Lab Gold,RefLab_Analysis,TASK_DEPENDENCY_BLOCKED,DEPENDENCY_BLOCKED,WARN,0,0,0,Dependency Failed : 13718 (checked: 13718),2026-08-31T10:02:13.980Z,2026-08-31T10:02:13.980Z,0,2026-08-31T10:02:13.980Z,,,015058a2-4b17-4d2e-897e-f307d8a475b8,
202609021403463295,202609021343688404,202609021343688394,118,11100,Bronze P1/P2 Assessments,br_NewPeriodicReassessmentD2,TASK_COMPLETE,SUCCESS,INFO,0,0,0,,2026-09-02T13:44:13.671Z,2026-09-02T14:03:50.288Z,1177,2026-09-02T14:03:50.288Z,B33,Paducah,ab787989-353e-4d3f-8e29-103715871a85,SAMMS-Paducah
202609021018523973,202609021000193803,202609021000193793,118,11100,Bronze P1/P2 Assessments,br_NewPeriodicReassessmentD2,TASK_COMPLETE,SUCCESS,INFO,0,0,0,,2026-09-02T10:00:23.575Z,2026-09-02T10:18:56.786Z,1113,2026-09-02T10:18:56.786Z,B33,Paducah,ebc2f5e5-b7e4-40cf-8b56-f009f5871937,SAMMS-Paducah
202609021018523980,202609021000193809,202609021000193793,118,11652,Bronze P1/P2 Assessments,br_NewPeriodicReassessmentD5,TASK_COMPLETE,SUCCESS,INFO,0,0,0,,2026-09-02T10:00:23.575Z,2026-09-02T10:18:56.786Z,1113,2026-09-02T10:18:56.786Z,B33,Paducah,ebc2f5e5-b7e4-40cf-8b56-f009f5871937,SAMMS-Paducah
202609021129108157,202609021111416570,202609021111416554,118,11652,Bronze P1/P2 Assessments,br_NewPeriodicReassessmentD5,TASK_COMPLETE,SUCCESS,INFO,0,0,0,,2026-09-02T11:11:46.042Z,2026-09-02T11:29:14.318Z,1048,2026-09-02T11:29:14.318Z,B33,Paducah,a7050713-a175-4eb1-950e-06e41274b859,SAMMS-Paducah
202609021403463301,202609021343688410,202609021343688394,118,11652,Bronze P1/P2 Assessments,br_NewPeriodicReassessmentD5,TASK_COMPLETE,SUCCESS,INFO,0,0,0,,2026-09-02T13:44:13.671Z,2026-09-02T14:03:50.288Z,1177,2026-09-02T14:03:50.288Z,B33,Paducah,ab787989-353e-4d3f-8e29-103715871a85,SAMMS-Paducah
202609020526387095,202609020507368046,202609020507368034,118,11284,Bronze P1/P2 Assessments,br_NewPeriodicReassessmentD3,TASK_COMPLETE,SUCCESS,INFO,0,0,0,,2026-09-02T05:07:47.056Z,2026-09-02T05:26:44.695Z,1137,2026-09-02T05:26:44.695Z,B33,Paducah,2b09f1a0-2915-47dd-851e-cacf6613827d,SAMMS-Paducah
202609021129108151,202609021111416564,202609021111416554,118,11100,Bronze P1/P2 Assessments,br_NewPeriodicReassessmentD2,TASK_COMPLETE,SUCCESS,INFO,0,0,0,,2026-09-02T11:11:46.042Z,2026-09-02T11:29:14.318Z,1048,2026-09-02T11:29:14.318Z,B33,Paducah,a7050713-a175-4eb1-950e-06e41274b859,SAMMS-Paducah
202609031211570476,202609031145401749,202609031145401700,85,3076,Bronze INV,br_ReAssessment,TASK_COMPLETE,SUCCESS,INFO,0,0,0,,2026-09-03T11:45:45.517Z,2026-09-03T12:12:16.686Z,1591,2026-09-03T12:12:16.686Z,D07,Medical Services Knox TN,8e54a6a2-7031-4831-b2c0-8c5ea7811246,SAMMS-KnoxvilleV6
202609031211570477,202609031145401750,202609031145401700,85,3077,Bronze INV,br_ReAssessment,TASK_COMPLETE,SUCCESS,INFO,0,0,0,,2026-09-03T11:45:45.517Z,2026-09-03T12:12:16.686Z,1591,2026-09-03T12:12:16.686Z,D08,Madison,8e54a6a2-7031-4831-b2c0-8c5ea7811246,SAMMS-MadisonV6
202609031211570478,202609031145401751,202609031145401700,85,3079,Bronze INV,br_ReAssessment,TASK_COMPLETE,SUCCESS,INFO,0,0,0,,2026-09-03T11:45:45.517Z,2026-09-03T12:12:16.686Z,1591,2026-09-03T12:12:16.686Z,D09,Murfreesboro,8e54a6a2-7031-4831-b2c0-8c5ea7811246,SAMMS-MurfreesboroV6
202609031211570479,202609031145401752,202609031145401700,85,3080,Bronze INV,br_ReAssessment,TASK_COMPLETE,SUCCESS,INFO,0,0,0,,2026-09-03T11:45:45.517Z,2026-09-03T12:12:16.686Z,1591,2026-09-03T12:12:16.686Z,DA,Davenport,8e54a6a2-7031-4831-b2c0-8c5ea7811246,SAMMS-Davenport
202609020526387093,202609020507368044,202609020507368034,118,11100,Bronze P1/P2 Assessments,br_NewPeriodicReassessmentD2,TASK_COMPLETE,SUCCESS,INFO,0,0,0,,2026-09-02T05:07:47.056Z,2026-09-02T05:26:44.695Z,1137,2026-09-02T05:26:44.695Z,B33,Paducah,2b09f1a0-2915-47dd-851e-cacf6613827d,SAMMS-Paducah
202609020526387102,202609020507368052,202609020507368034,118,11836,Bronze P1/P2 Assessments,br_NewPeriodicReassessmentD6,TASK_COMPLETE,SUCCESS,INFO,0,0,0,,2026-09-02T05:07:47.056Z,2026-09-02T05:26:44.695Z,1137,2026-09-02T05:26:44.695Z,B33,Paducah,2b09f1a0-2915-47dd-851e-cacf6613827d,SAMMS-Paducah
202609020526387097,202609020507368048,202609020507368034,118,11468,Bronze P1/P2 Assessments,br_NewPeriodicReassessmentD4,TASK_COMPLETE,SUCCESS,INFO,0,0,0,,2026-09-02T05:07:47.056Z,2026-09-02T05:26:44.695Z,1137,2026-09-02T05:26:44.695Z,B33,Paducah,2b09f1a0-2915-47dd-851e-cacf6613827d,SAMMS-Paducah
202609020526387100,202609020507368050,202609020507368034,118,11652,Bronze P1/P2 Assessments,br_NewPeriodicReassessmentD5,TASK_COMPLETE,SUCCESS,INFO,0,0,0,,2026-09-02T05:07:47.056Z,2026-09-02T05:26:44.695Z,1137,2026-09-02T05:26:44.695Z,B33,Paducah,2b09f1a0-2915-47dd-851e-cacf6613827d,SAMMS-Paducah
202609022031236162,202609021926296277,202609021926296228,85,3076,Bronze INV,br_ReAssessment,TASK_COMPLETE,SUCCESS,INFO,0,0,0,,2026-09-02T19:26:44.280Z,2026-09-02T20:31:28.769Z,3884,2026-09-02T20:31:28.769Z,D07,Medical Services Knox TN,aa9f49a8-9ff8-4a6e-a263-7617045dadde,SAMMS-KnoxvilleV6
202609022031236163,202609021926296278,202609021926296228,85,3077,Bronze INV,br_ReAssessment,TASK_COMPLETE,SUCCESS,INFO,0,0,0,,2026-09-02T19:26:44.280Z,2026-09-02T20:31:28.769Z,3884,2026-09-02T20:31:28.769Z,D08,Madison,aa9f49a8-9ff8-4a6e-a263-7617045dadde,SAMMS-MadisonV6
202609022031236164,202609021926296279,202609021926296228,85,3079,Bronze INV,br_ReAssessment,TASK_COMPLETE,SUCCESS,INFO,0,0,0,,2026-09-02T19:26:44.280Z,2026-09-02T20:31:28.769Z,3884,2026-09-02T20:31:28.769Z,D09,Murfreesboro,aa9f49a8-9ff8-4a6e-a263-7617045dadde,SAMMS-MurfreesboroV6
202609022031236165,202609021926296280,202609021926296228,85,3080,Bronze INV,br_ReAssessment,TASK_COMPLETE,SUCCESS,INFO,0,0,0,,2026-09-02T19:26:44.280Z,2026-09-02T20:31:28.769Z,3884,2026-09-02T20:31:28.769Z,DA,Davenport,aa9f49a8-9ff8-4a6e-a263-7617045dadde,SAMMS-Davenport
202609031346340634,202609031324578137,202609031324578132,43,174,SAMMSGLOBAL Bronze,br_ClinicalOpiateWithdrawalScale,TASK_COMPLETE,SUCCESS,INFO,425776,425776,0,,2026-09-03T13:25:03.092Z,2026-09-03T13:46:39.199Z,1296,2026-09-03T13:46:39.199Z,Global,Global,dc09db6e-8a85-40c4-9b7f-e305f6845bee,SAMMSGLOBAL
202609071232166029,202609071232166029,20260907123143,5,32,Silver 8x8 CallVolume,sl_8x8_CallVolume,TASK_FAILED,FAILED,ERROR,0,0,0,Dependency Failed: Upstream Pipeline (ConfigId = 4) FAILED,2026-09-07T12:32:22.408Z,2026-09-07T12:32:22.408Z,0,2026-09-07T12:32:22.408Z,,,0833bc45-7cf8-42ce-be71-c454f3197277,
202609031709225721,202609031647600283,202609031647600278,43,174,SAMMSGLOBAL Bronze,br_ClinicalOpiateWithdrawalScale,TASK_COMPLETE,SUCCESS,INFO,425776,425776,0,,2026-09-03T16:48:04.788Z,2026-09-03T17:09:26.443Z,1282,2026-09-03T17:09:26.443Z,Global,Global,19ce24cf-1d06-4393-80c8-2aba56f3390a,SAMMSGLOBAL
202609031535363020,202609031509726429,202609031509726424,44,184,SAMMSGLOBAL Silver,sl_ClinicalOpiateWithdrawalScale,TASK_COMPLETE,SUCCESS,INFO,425776,425776,0,,2026-09-03T15:10:09.279Z,2026-09-03T15:35:45.337Z,1536,2026-09-03T15:35:45.337Z,Global,Global,80483189-97f8-4d1d-8157-697e9a146982,SAMMSGLOBAL
202609031349404227,202609031324678137,202609031324678132,44,184,SAMMSGLOBAL Silver,sl_ClinicalOpiateWithdrawalScale,TASK_COMPLETE,SUCCESS,INFO,425776,425776,0,,2026-09-03T13:25:03.092Z,2026-09-03T13:49:48.195Z,1485,2026-09-03T13:49:48.195Z,Global,Global,dc09db6e-8a85-40c4-9b7f-e305f6845bee,SAMMSGLOBAL
202609031711401605,202609031647700283,202609031647700278,44,184,SAMMSGLOBAL Silver,sl_ClinicalOpiateWithdrawalScale,TASK_COMPLETE,SUCCESS,INFO,425776,425776,0,,2026-09-03T16:48:04.788Z,2026-09-03T17:11:47.975Z,1423,2026-09-03T17:11:47.975Z,Global,Global,19ce24cf-1d06-4393-80c8-2aba56f3390a,SAMMSGLOBAL
202609051930319782,202609051904109302,202609051904109217,85,4048,Bronze INV,br_ReAssessmentPhysicalHealth,TASK_COMPLETE,SUCCESS,INFO,769,769,0,,2026-09-05T19:04:18.404Z,2026-09-05T19:30:36.887Z,1578,2026-09-05T19:30:36.887Z,SHP,Shreveport,a7cfa2a8-4e03-4cce-a64e-9a92e6e67f12,SAMMS-Shreveport
202609051930319783,202609051904109303,202609051904109217,85,4050,Bronze INV,br_ReAssessmentPhysicalHealth,TASK_COMPLETE,SUCCESS,INFO,486,486,0,,2026-09-05T19:04:18.404Z,2026-09-05T19:30:36.887Z,1578,2026-09-05T19:30:36.887Z,STN,Staunton,a7cfa2a8-4e03-4cce-a64e-9a92e6e67f12,SAMMS-Staunton
202609071930403931,202609071904636315,202609071904636230,85,4048,Bronze INV,br_ReAssessmentPhysicalHealth,TASK_COMPLETE,SUCCESS,INFO,769,769,0,,2026-09-07T19:05:10.929Z,2026-09-07T19:30:45.588Z,1535,2026-09-07T19:30:45.588Z,SHP,Shreveport,fc48ec9c-d1b8-4775-bd67-583e82846e52,SAMMS-Shreveport
202609071930403932,202609071904636316,202609071904636230,85,4050,Bronze INV,br_ReAssessmentPhysicalHealth,TASK_COMPLETE,SUCCESS,INFO,486,486,0,,2026-09-07T19:05:10.929Z,2026-09-07T19:30:45.588Z,1535,2026-09-07T19:30:45.588Z,STN,Staunton,fc48ec9c-d1b8-4775-bd67-583e82846e52,SAMMS-Staunton
202609041626299262,202609041626299261,202608171026319654,84,216,Gold Salesforce Accounts,Accounts,TASK_ALREADY_COMPLETED,ALREADY_COMPLETED,INFO,0,0,0,Already succeeded in previous attempt,2026-09-04T16:26:35.481Z,2026-09-04T16:26:35.481Z,0,2026-09-04T16:26:35.481Z,,,7a604b07-1e27-4ff8-bd86-1860fd5608a2,
202609021149112697,202609021149112696,202608171026319654,84,216,Gold Salesforce Accounts,Accounts,TASK_ALREADY_COMPLETED,ALREADY_COMPLETED,INFO,0,0,0,Already succeeded in previous attempt,2026-09-02T11:49:15.784Z,2026-09-02T11:49:15.784Z,0,2026-09-02T11:49:15.784Z,,,0b5a27da-5d48-4ed3-a9f4-1a7052a3fcea,
202609041436487728,202609041436487728,202608171026319654,84,222,Gold Salesforce StgLeads,stgLeads,TASK_ALREADY_COMPLETED,ALREADY_COMPLETED,INFO,0,0,0,Already succeeded in previous attempt,2026-09-04T14:36:55.072Z,2026-09-04T14:36:55.072Z,0,2026-09-04T14:36:55.072Z,,,9d7b1c7e-8065-427d-99c7-89e3c8306b1f,
202609041221496239,202609041221496239,202608171026319654,84,222,Gold Salesforce StgLeads,stgLeads,TASK_ALREADY_COMPLETED,ALREADY_COMPLETED,INFO,0,0,0,Already succeeded in previous attempt,2026-09-04T12:22:06.313Z,2026-09-04T12:22:06.313Z,0,2026-09-04T12:22:06.313Z,,,6ab129c1-fb62-4518-bfad-8f6d8d29c3ca,
202609041218320603,202609041218320602,202608171026319654,84,216,Gold Salesforce Accounts,Accounts,TASK_ALREADY_COMPLETED,ALREADY_COMPLETED,INFO,0,0,0,Already succeeded in previous attempt,2026-09-04T12:18:49.255Z,2026-09-04T12:18:49.255Z,0,2026-09-04T12:18:49.255Z,,,6ab129c1-fb62-4518-bfad-8f6d8d29c3ca,
202608281028421525,202608281028421525,202608171026319654,84,222,Gold Salesforce StgLeads,stgLeads,TASK_ALREADY_COMPLETED,ALREADY_COMPLETED,INFO,0,0,0,Already succeeded in previous attempt,2026-08-28T10:28:46.435Z,2026-08-28T10:28:46.435Z,0,2026-08-28T10:28:46.435Z,,,3d84b3b4-01e9-4004-b383-1c54ba72a558,
202609041343215085,202609041343215085,202608171026319654,84,225,Gold Salesforce Contacts,Contacts,TASK_ALREADY_COMPLETED,ALREADY_COMPLETED,INFO,0,0,0,Already succeeded in previous attempt,2026-09-04T13:43:26.426Z,2026-09-04T13:43:26.426Z,0,2026-09-04T13:43:26.426Z,,,bd9b2318-654e-4f3d-b09e-bcdf6b219232,
202609041342113468,202609041342113468,202608171026319654,84,221,Gold Salesforce StgCases,stgCases,TASK_ALREADY_COMPLETED,ALREADY_COMPLETED,INFO,0,0,0,Already succeeded in previous attempt,2026-09-04T13:42:16.702Z,2026-09-04T13:42:16.702Z,0,2026-09-04T13:42:16.702Z,,,bd9b2318-654e-4f3d-b09e-bcdf6b219232,
202609021150188499,202609021150188499,202608171026319654,84,221,Gold Salesforce StgCases,stgCases,TASK_ALREADY_COMPLETED,ALREADY_COMPLETED,INFO,0,0,0,Already succeeded in previous attempt,2026-09-02T11:50:23.433Z,2026-09-02T11:50:23.433Z,0,2026-09-02T11:50:23.433Z,,,0b5a27da-5d48-4ed3-a9f4-1a7052a3fcea,
202609041628013879,202609041628013879,202608171026319654,84,222,Gold Salesforce StgLeads,stgLeads,TASK_ALREADY_COMPLETED,ALREADY_COMPLETED,INFO,0,0,0,Already succeeded in previous attempt,2026-09-04T16:28:06.613Z,2026-09-04T16:28:06.613Z,0,2026-09-04T16:28:06.613Z,,,7a604b07-1e27-4ff8-bd86-1860fd5608a2,
202609021741167700,202609021741167700,202608171026319654,84,216,Gold Salesforce Accounts,Accounts,TASK_ALREADY_COMPLETED,ALREADY_COMPLETED,INFO,0,0,0,Already succeeded in previous attempt,2026-09-02T17:41:27.137Z,2026-09-02T17:41:27.137Z,0,2026-09-02T17:41:27.137Z,,,0d5be434-3f1a-4f4b-ae90-f0c48a55ec54,
202609041223483193,202609041223483193,202608171026319654,84,225,Gold Salesforce Contacts,Contacts,TASK_ALREADY_COMPLETED,ALREADY_COMPLETED,INFO,0,0,0,Already succeeded in previous attempt,2026-09-04T12:23:56.097Z,2026-09-04T12:23:56.097Z,0,2026-09-04T12:23:56.097Z,,,6ab129c1-fb62-4518-bfad-8f6d8d29c3ca,
202609021750196125,202609021750196124,202608171026319654,84,225,Gold Salesforce Contacts,Contacts,TASK_ALREADY_COMPLETED,ALREADY_COMPLETED,INFO,0,0,0,Already succeeded in previous attempt,2026-09-02T17:50:33.277Z,2026-09-02T17:50:33.277Z,0,2026-09-02T17:50:33.277Z,,,0d5be434-3f1a-4f4b-ae90-f0c48a55ec54,
202609031533006747,202609031509626429,202609031509626424,43,174,SAMMSGLOBAL Bronze,br_ClinicalOpiateWithdrawalScale,TASK_COMPLETE,SUCCESS,INFO,425776,425776,0,,2026-09-03T15:10:09.279Z,2026-09-03T15:33:04.060Z,1375,2026-09-03T15:33:04.060Z,Global,Global,80483189-97f8-4d1d-8157-697e9a146982,SAMMSGLOBAL
202609031533006748,202609031509626430,202609031509626424,43,175,SAMMSGLOBAL Bronze,br_FormsSAMMSClient,TASK_COMPLETE,SUCCESS,INFO,0,0,0,,2026-09-03T15:10:09.279Z,2026-09-03T15:33:04.060Z,1375,2026-09-03T15:33:04.060Z,Global,Global,80483189-97f8-4d1d-8157-697e9a146982,SAMMSGLOBAL
202609031147037525,202609031147037525,202608171026319654,84,222,Gold Salesforce StgLeads,stgLeads,TASK_ALREADY_COMPLETED,ALREADY_COMPLETED,INFO,0,0,0,Already succeeded in previous attempt,2026-09-03T11:47:11.517Z,2026-09-03T11:47:11.517Z,0,2026-09-03T11:47:11.517Z,,,b5204bb1-5640-4c52-9143-fe923aba5573,
202609031146463969,202609031146463969,202608171026319654,84,221,Gold Salesforce StgCases,stgCases,TASK_ALREADY_COMPLETED,ALREADY_COMPLETED,INFO,0,0,0,Already succeeded in previous attempt,2026-09-03T11:46:51.162Z,2026-09-03T11:46:51.162Z,0,2026-09-03T11:46:51.162Z,,,b5204bb1-5640-4c52-9143-fe923aba5573,
202609021150346283,202609021150346283,202608171026319654,84,222,Gold Salesforce StgLeads,stgLeads,TASK_ALREADY_COMPLETED,ALREADY_COMPLETED,INFO,0,0,0,Already succeeded in previous attempt,2026-09-02T11:50:41.969Z,2026-09-02T11:50:41.969Z,0,2026-09-02T11:50:41.969Z,,,0b5a27da-5d48-4ed3-a9f4-1a7052a3fcea,
202608281028255343,202608281028255343,202608171026319654,84,221,Gold Salesforce StgCases,stgCases,TASK_ALREADY_COMPLETED,ALREADY_COMPLETED,INFO,0,0,0,Already succeeded in previous attempt,2026-08-28T10:28:30.426Z,2026-08-28T10:28:30.426Z,0,2026-08-28T10:28:30.426Z,,,3d84b3b4-01e9-4004-b383-1c54ba72a558,
202609031145282668,202609031145282668,202608171026319654,84,216,Gold Salesforce Accounts,Accounts,TASK_ALREADY_COMPLETED,ALREADY_COMPLETED,INFO,0,0,0,Already succeeded in previous attempt,2026-09-03T11:45:34.164Z,2026-09-03T11:45:34.164Z,0,2026-09-03T11:45:34.164Z,,,b5204bb1-5640-4c52-9143-fe923aba5573,
202609041221104186,202609041221104185,202608171026319654,84,221,Gold Salesforce StgCases,stgCases,TASK_ALREADY_COMPLETED,ALREADY_COMPLETED,INFO,0,0,0,Already succeeded in previous attempt,2026-09-04T12:21:28.130Z,2026-09-04T12:21:28.130Z,0,2026-09-04T12:21:28.130Z,,,6ab129c1-fb62-4518-bfad-8f6d8d29c3ca,
202609021747014800,202609021747014800,202608171026319654,84,222,Gold Salesforce StgLeads,stgLeads,TASK_ALREADY_COMPLETED,ALREADY_COMPLETED,INFO,0,0,0,Already succeeded in previous attempt,2026-09-02T17:47:33.775Z,2026-09-02T17:47:33.775Z,0,2026-09-02T17:47:33.775Z,,,0d5be434-3f1a-4f4b-ae90-f0c48a55ec54,
202609041342276535,202609041342276535,202608171026319654,84,222,Gold Salesforce StgLeads,stgLeads,TASK_ALREADY_COMPLETED,ALREADY_COMPLETED,INFO,0,0,0,Already succeeded in previous attempt,2026-09-04T13:42:32.794Z,2026-09-04T13:42:32.794Z,0,2026-09-04T13:42:32.794Z,,,bd9b2318-654e-4f3d-b09e-bcdf6b219232,
202609041628570191,202609041628570190,202608171026319654,84,225,Gold Salesforce Contacts,Contacts,TASK_ALREADY_COMPLETED,ALREADY_COMPLETED,INFO,0,0,0,Already succeeded in previous attempt,2026-09-04T16:29:05.400Z,2026-09-04T16:29:05.400Z,0,2026-09-04T16:29:05.400Z,,,7a604b07-1e27-4ff8-bd86-1860fd5608a2,
202609041436241098,202609041436241097,202608171026319654,84,221,Gold Salesforce StgCases,stgCases,TASK_ALREADY_COMPLETED,ALREADY_COMPLETED,INFO,0,0,0,Already succeeded in previous attempt,2026-09-04T14:36:32.676Z,2026-09-04T14:36:32.676Z,0,2026-09-04T14:36:32.676Z,,,9d7b1c7e-8065-427d-99c7-89e3c8306b1f,
202609021746306526,202609021746306526,202608171026319654,84,221,Gold Salesforce StgCases,stgCases,TASK_ALREADY_COMPLETED,ALREADY_COMPLETED,INFO,0,0,0,Already succeeded in previous attempt,2026-09-02T17:46:39.422Z,2026-09-02T17:46:39.422Z,0,2026-09-02T17:46:39.422Z,,,0d5be434-3f1a-4f4b-ae90-f0c48a55ec54,
202609041434417933,202609041434417933,202608171026319654,84,216,Gold Salesforce Accounts,Accounts,TASK_ALREADY_COMPLETED,ALREADY_COMPLETED,INFO,0,0,0,Already succeeded in previous attempt,2026-09-04T14:34:47.248Z,2026-09-04T14:34:47.248Z,0,2026-09-04T14:34:47.248Z,,,9d7b1c7e-8065-427d-99c7-89e3c8306b1f,
202609031147529155,202609031147529154,202608171026319654,84,225,Gold Salesforce Contacts,Contacts,TASK_ALREADY_COMPLETED,ALREADY_COMPLETED,INFO,0,0,0,Already succeeded in previous attempt,2026-09-03T11:47:57.430Z,2026-09-03T11:47:57.430Z,0,2026-09-03T11:47:57.430Z,,,b5204bb1-5640-4c52-9143-fe923aba5573,
202608281029253266,202608281029253265,202608171026319654,84,225,Gold Salesforce Contacts,Contacts,TASK_ALREADY_COMPLETED,ALREADY_COMPLETED,INFO,0,0,0,Already succeeded in previous attempt,2026-08-28T10:29:29.834Z,2026-08-28T10:29:29.834Z,0,2026-08-28T10:29:29.834Z,,,3d84b3b4-01e9-4004-b383-1c54ba72a558,
202609041627462877,202609041627462877,202608171026319654,84,221,Gold Salesforce StgCases,stgCases,TASK_ALREADY_COMPLETED,ALREADY_COMPLETED,INFO,0,0,0,Already succeeded in previous attempt,2026-09-04T16:27:51.265Z,2026-09-04T16:27:51.265Z,0,2026-09-04T16:27:51.265Z,,,7a604b07-1e27-4ff8-bd86-1860fd5608a2,
202609041340494266,202609041340494266,202608171026319654,84,216,Gold Salesforce Accounts,Accounts,TASK_ALREADY_COMPLETED,ALREADY_COMPLETED,INFO,0,0,0,Already succeeded in previous attempt,2026-09-04T13:40:54.562Z,2026-09-04T13:40:54.562Z,0,2026-09-04T13:40:54.562Z,,,bd9b2318-654e-4f3d-b09e-bcdf6b219232,
202609041437520703,202609041437520703,202608171026319654,84,225,Gold Salesforce Contacts,Contacts,TASK_ALREADY_COMPLETED,ALREADY_COMPLETED,INFO,0,0,0,Already succeeded in previous attempt,2026-09-04T14:37:59.800Z,2026-09-04T14:37:59.800Z,0,2026-09-04T14:37:59.800Z,,,9d7b1c7e-8065-427d-99c7-89e3c8306b1f,
202608310549500341,202608310549500340,20260830193506,136,13742,Silver CallBackList,sl_tbl_callcenter_callbacklist,TASK_DEPENDENCY_BLOCKED,DEPENDENCY_BLOCKED,WARN,0,0,0,Dependency Failed,2026-08-31T05:50:08.567Z,2026-08-31T05:50:08.567Z,0,2026-08-31T05:50:08.567Z,,,55e8470e-eef8-405f-913f-496e9257a972,
202608310607283032,202608310607283032,20260831060713,136,13742,Silver CallBackList,sl_tbl_callcenter_callbacklist,TASK_DEPENDENCY_BLOCKED,DEPENDENCY_BLOCKED,WARN,0,0,0,Dependency Failed,2026-08-31T06:07:37.822Z,2026-08-31T06:07:37.822Z,0,2026-08-31T06:07:37.822Z,,,0538d80f-65b9-49eb-8258-49cb5a77806b,
202609040857354335,202609040857354335,20260904085726,136,13742,Silver CallBackList,sl_tbl_callcenter_callbacklist,TASK_DEPENDENCY_BLOCKED,DEPENDENCY_BLOCKED,WARN,0,0,0,Dependency Failed,2026-09-04T08:57:43.833Z,2026-09-04T08:57:43.833Z,0,2026-09-04T08:57:43.833Z,,,7501b0da-7d11-4d30-821d-f187e882cb70,
202609071930403917,202609071904636303,202609071904636230,85,4027,Bronze INV,br_ReAssessmentPhysicalHealth,TASK_COMPLETE,SUCCESS,INFO,292,292,0,,2026-09-07T19:05:10.929Z,2026-09-07T19:30:45.588Z,1535,2026-09-07T19:30:45.588Z,LV1,Cheyenne,fc48ec9c-d1b8-4775-bd67-583e82846e52,SAMMS-Cheyenne
202609071930403918,202609071904636304,202609071904636230,85,4028,Bronze INV,br_ReAssessmentPhysicalHealth,TASK_COMPLETE,SUCCESS,INFO,205,205,0,,2026-09-07T19:05:10.929Z,2026-09-07T19:30:45.588Z,1535,2026-09-07T19:30:45.588Z,LV2,Desert Inn,fc48ec9c-d1b8-4775-bd67-583e82846e52,SAMMS-DesertInn
202609051930319768,202609051904109290,202609051904109217,85,4027,Bronze INV,br_ReAssessmentPhysicalHealth,TASK_COMPLETE,SUCCESS,INFO,292,292,0,,2026-09-05T19:04:18.404Z,2026-09-05T19:30:36.887Z,1578,2026-09-05T19:30:36.887Z,LV1,Cheyenne,a7cfa2a8-4e03-4cce-a64e-9a92e6e67f12,SAMMS-Cheyenne
202609051930319769,202609051904109291,202609051904109217,85,4028,Bronze INV,br_ReAssessmentPhysicalHealth,TASK_COMPLETE,SUCCESS,INFO,205,205,0,,2026-09-05T19:04:18.404Z,2026-09-05T19:30:36.887Z,1578,2026-09-05T19:30:36.887Z,LV2,Desert Inn,a7cfa2a8-4e03-4cce-a64e-9a92e6e67f12,SAMMS-DesertInn
202609031211570489,202609031145401761,202609031145401700,85,3091,Bronze INV,br_ReAssessment,TASK_COMPLETE,SUCCESS,INFO,0,0,0,,2026-09-03T11:45:45.517Z,2026-09-03T12:12:16.686Z,1591,2026-09-03T12:12:16.686Z,ET,Elizabethtown,8e54a6a2-7031-4831-b2c0-8c5ea7811246,SAMMS-Elizabethtown
202609031211570490,202609031145401762,202609031145401700,85,3092,Bronze INV,br_ReAssessment,TASK_COMPLETE,SUCCESS,INFO,0,0,0,,2026-09-03T11:45:45.517Z,2026-09-03T12:12:16.686Z,1591,2026-09-03T12:12:16.686Z,FAY,Fayetteville,8e54a6a2-7031-4831-b2c0-8c5ea7811246,SAMMS-Fayetteville
202609031211570491,202609031145401763,202609031145401700,85,3093,Bronze INV,br_ReAssessment,TASK_COMPLETE,SUCCESS,INFO,0,0,0,,2026-09-03T11:45:45.517Z,2026-09-03T12:12:16.686Z,1591,2026-09-03T12:12:16.686Z,FR,Frankfort,8e54a6a2-7031-4831-b2c0-8c5ea7811246,SAMMS-Frankfort
202609031211570492,202609031145401764,202609031145401700,85,3094,Bronze INV,br_ReAssessment,TASK_COMPLETE,SUCCESS,INFO,0,0,0,,2026-09-03T11:45:45.517Z,2026-09-03T12:12:16.686Z,1591,2026-09-03T12:12:16.686Z,FS,Fort Smith,8e54a6a2-7031-4831-b2c0-8c5ea7811246,SAMMS-FortSmith
202609032016153580,202609032016153581,20260903201615,109,8608,Bronze Wells Transactions,br_cashflow_transactions,TASK_FAILED,FAILED,ERROR,0,0,1,"incomplete input (1938490957.py, line 867)",2026-09-03T20:16:15.358Z,2026-09-03T20:16:15.358Z,0,2026-09-03T20:16:15.358Z,,,4e04fc78-0d8f-46b4-b4f2-5b7473a4d0e8,
202609020526387088,202609020507368040,202609020507368034,118,10732,Bronze P1/P2 Assessments,br_NewPeriodicReassessment,TASK_COMPLETE,SUCCESS,INFO,244,244,0,,2026-09-02T05:07:47.056Z,2026-09-02T05:26:44.695Z,1137,2026-09-02T05:26:44.695Z,B33,Paducah,2b09f1a0-2915-47dd-851e-cacf6613827d,SAMMS-Paducah
202609031211570453,202609031145401729,202609031145401700,85,3019,Bronze INV,br_ReAssessment,TASK_COMPLETE,SUCCESS,INFO,0,0,0,,2026-09-03T11:45:45.517Z,2026-09-03T12:12:16.686Z,1591,2026-09-03T12:12:16.686Z,B48,Tuscaloosa,8e54a6a2-7031-4831-b2c0-8c5ea7811246,SAMMS-TuscaloosaV5
202609031211570454,202609031145401730,202609031145401700,85,3028,Bronze INV,br_ReAssessment,TASK_COMPLETE,SUCCESS,INFO,0,0,0,,2026-09-03T11:45:45.517Z,2026-09-03T12:12:16.686Z,1591,2026-09-03T12:12:16.686Z,B51,N. Little Rock (OTP),8e54a6a2-7031-4831-b2c0-8c5ea7811246,SAMMS-NorthLittleRockV6
202609031211570456,202609031145401731,202609031145401700,85,3029,Bronze INV,br_ReAssessment,TASK_COMPLETE,SUCCESS,INFO,0,0,0,,2026-09-03T11:45:45.517Z,2026-09-03T12:12:16.686Z,1591,2026-09-03T12:12:16.686Z,B52,Jackson GA,8e54a6a2-7031-4831-b2c0-8c5ea7811246,SAMMS-JacksonGAV5
202609031211570457,202609031145401732,202609031145401700,85,3030,Bronze INV,br_ReAssessment,TASK_COMPLETE,SUCCESS,INFO,0,0,0,,2026-09-03T11:45:45.517Z,2026-09-03T12:12:16.686Z,1591,2026-09-03T12:12:16.686Z,B54,Gadsden,8e54a6a2-7031-4831-b2c0-8c5ea7811246,SAMMS-GadsdenV5
202609031816291402,202609031729377744,202609031729377737,98,6561,P1 Forms Take Home Agreement And Diversion Control Silver,tbl_TakeHomeAgreementandDiversionControl,TASK_COMPLETE,SUCCESS,INFO,15584,15584,0,,2026-09-03T17:29:32.843Z,2026-09-03T18:16:31.354Z,2819,2026-09-03T18:16:31.354Z,,,94249231-24a1-492e-97bf-dcd504ea599a,
202609022031236125,202609021926296245,202609021926296228,85,3007,Bronze INV,br_ReAssessment,TASK_COMPLETE,SUCCESS,INFO,0,0,0,,2026-09-02T19:26:44.280Z,2026-09-02T20:31:28.769Z,3884,2026-09-02T20:31:28.769Z,B38,Spartanburg,aa9f49a8-9ff8-4a6e-a263-7617045dadde,SAMMS-SpartanburgV5
202609022031236126,202609021926296246,202609021926296228,85,3008,Bronze INV,br_ReAssessment,TASK_COMPLETE,SUCCESS,INFO,0,0,0,,2026-09-02T19:26:44.280Z,2026-09-02T20:31:28.769Z,3884,2026-09-02T20:31:28.769Z,B39,Aiken,aa9f49a8-9ff8-4a6e-a263-7617045dadde,SAMMS-AikenV5
202609022031236128,202609021926296247,202609021926296228,85,3009,Bronze INV,br_ReAssessment,TASK_COMPLETE,SUCCESS,INFO,0,0,0,,2026-09-02T19:26:44.280Z,2026-09-02T20:31:28.769Z,3884,2026-09-02T20:31:28.769Z,B41,Chesapeake,aa9f49a8-9ff8-4a6e-a263-7617045dadde,SAMMS-ChesapeakeV5
202609022031236129,202609021926296248,202609021926296228,85,3010,Bronze INV,br_ReAssessment,TASK_COMPLETE,SUCCESS,INFO,0,0,0,,2026-09-02T19:26:44.280Z,2026-09-02T20:31:28.769Z,3884,2026-09-02T20:31:28.769Z,B42,Virginia Beach,aa9f49a8-9ff8-4a6e-a263-7617045dadde,SAMMS-VirginiaBeachV5
202609041435427237,202609041435427236,202608171026319654,84,219,Gold Salesforce StgTasks,stgTask,TASK_ALREADY_COMPLETED,ALREADY_COMPLETED,INFO,0,0,0,Already succeeded in previous attempt,2026-09-04T14:35:48.621Z,2026-09-04T14:35:48.621Z,0,2026-09-04T14:35:48.621Z,,,9d7b1c7e-8065-427d-99c7-89e3c8306b1f,
202609041220118875,202609041220118875,202608171026319654,84,219,Gold Salesforce StgTasks,stgTask,TASK_ALREADY_COMPLETED,ALREADY_COMPLETED,INFO,0,0,0,Already succeeded in previous attempt,2026-09-04T12:20:18.748Z,2026-09-04T12:20:18.748Z,0,2026-09-04T12:20:18.748Z,,,6ab129c1-fb62-4518-bfad-8f6d8d29c3ca,
202609021149536226,202609021149536226,202608171026319654,84,219,Gold Salesforce StgTasks,stgTask,TASK_ALREADY_COMPLETED,ALREADY_COMPLETED,INFO,0,0,0,Already succeeded in previous attempt,2026-09-02T11:49:58.195Z,2026-09-02T11:49:58.195Z,0,2026-09-02T11:49:58.195Z,,,0b5a27da-5d48-4ed3-a9f4-1a7052a3fcea,
202609041341398117,202609041341398117,202608171026319654,84,219,Gold Salesforce StgTasks,stgTask,TASK_ALREADY_COMPLETED,ALREADY_COMPLETED,INFO,0,0,0,Already succeeded in previous attempt,2026-09-04T13:41:45.992Z,2026-09-04T13:41:45.992Z,0,2026-09-04T13:41:45.992Z,,,bd9b2318-654e-4f3d-b09e-bcdf6b219232,
202608281027576379,202608281027576379,202608171026319654,84,219,Gold Salesforce StgTasks,stgTask,TASK_ALREADY_COMPLETED,ALREADY_COMPLETED,INFO,0,0,0,Already succeeded in previous attempt,2026-08-28T10:28:02.710Z,2026-08-28T10:28:02.710Z,0,2026-08-28T10:28:02.710Z,,,3d84b3b4-01e9-4004-b383-1c54ba72a558,
202609021743478461,202609021743478460,202608171026319654,84,219,Gold Salesforce StgTasks,stgTask,TASK_ALREADY_COMPLETED,ALREADY_COMPLETED,INFO,0,0,0,Already succeeded in previous attempt,2026-09-02T17:44:14.694Z,2026-09-02T17:44:14.694Z,0,2026-09-02T17:44:14.694Z,,,0d5be434-3f1a-4f4b-ae90-f0c48a55ec54,
202609031146162417,202609031146162416,202608171026319654,84,219,Gold Salesforce StgTasks,stgTask,TASK_ALREADY_COMPLETED,ALREADY_COMPLETED,INFO,0,0,0,Already succeeded in previous attempt,2026-09-03T11:46:21.113Z,2026-09-03T11:46:21.113Z,0,2026-09-03T11:46:21.113Z,,,b5204bb1-5640-4c52-9143-fe923aba5573,
202609031211570485,202609031145401757,202609031145401700,85,3086,Bronze INV,br_ReAssessment,TASK_COMPLETE,SUCCESS,INFO,0,0,0,,2026-09-03T11:45:45.517Z,2026-09-03T12:12:16.686Z,1591,2026-09-03T12:12:16.686Z,DRD-KVC,KVC,8e54a6a2-7031-4831-b2c0-8c5ea7811246,SAMMS-KVCv5
202609031211570486,202609031145401758,202609031145401700,85,3087,Bronze INV,br_ReAssessment,TASK_COMPLETE,SUCCESS,INFO,0,0,0,,2026-09-03T11:45:45.517Z,2026-09-03T12:12:16.686Z,1591,2026-09-03T12:12:16.686Z,DRD-NOLA,NOLA,8e54a6a2-7031-4831-b2c0-8c5ea7811246,SAMMS-NOLAv5
202609031211570487,202609031145401759,202609031145401700,85,3088,Bronze INV,br_ReAssessment,TASK_COMPLETE,SUCCESS,INFO,0,0,0,,2026-09-03T11:45:45.517Z,2026-09-03T12:12:16.686Z,1591,2026-09-03T12:12:16.686Z,DRD-SF,Springfield,8e54a6a2-7031-4831-b2c0-8c5ea7811246,SAMMS-SFv5
202609031211570488,202609031145401760,202609031145401700,85,3090,Bronze INV,br_ReAssessment,TASK_COMPLETE,SUCCESS,INFO,0,0,0,,2026-09-03T11:45:45.517Z,2026-09-03T12:12:16.686Z,1591,2026-09-03T12:12:16.686Z,ELC,Elizabeth City,8e54a6a2-7031-4831-b2c0-8c5ea7811246,SAMMS-ElizabethCity
202609041627159218,202609041627159217,202608171026319654,84,219,Gold Salesforce StgTasks,stgTask,TASK_ALREADY_COMPLETED,ALREADY_COMPLETED,INFO,0,0,0,Already succeeded in previous attempt,2026-09-04T16:27:20.741Z,2026-09-04T16:27:20.741Z,0,2026-09-04T16:27:20.741Z,,,7a604b07-1e27-4ff8-bd86-1860fd5608a2,
202609061929598608,202609061904281304,202609061904281249,85,4004,Bronze INV,br_ReAssessmentPhysicalHealth,TASK_COMPLETE,SUCCESS,INFO,347,347,0,,2026-09-06T19:04:34.627Z,2026-09-06T19:30:03.879Z,1529,2026-09-06T19:30:03.879Z,DRD-KC,KC,5cce37fd-5f38-41c5-90e1-d9efeb3bd245,SAMMS-KCv5
202609061929598609,202609061904281305,202609061904281249,85,4005,Bronze INV,br_ReAssessmentPhysicalHealth,TASK_COMPLETE,SUCCESS,INFO,1556,1556,0,,2026-09-06T19:04:34.627Z,2026-09-06T19:30:03.879Z,1529,2026-09-06T19:30:03.879Z,DRD-KVB,KVB,5cce37fd-5f38-41c5-90e1-d9efeb3bd245,SAMMS-KVBv5
202609061929598610,202609061904281306,202609061904281249,85,4006,Bronze INV,br_ReAssessmentPhysicalHealth,TASK_COMPLETE,SUCCESS,INFO,1676,1676,0,,2026-09-06T19:04:34.627Z,2026-09-06T19:30:03.879Z,1529,2026-09-06T19:30:03.879Z,DRD-KVC,KVC,5cce37fd-5f38-41c5-90e1-d9efeb3bd245,SAMMS-KVCv5
202609041734097432,202609041706273999,202609041706273944,85,4004,Bronze INV,br_ReAssessmentPhysicalHealth,TASK_COMPLETE,SUCCESS,INFO,347,347,0,,2026-09-04T17:06:35.444Z,2026-09-04T17:34:13.654Z,1658,2026-09-04T17:34:13.654Z,DRD-KC,KC,5652dc3b-8824-4606-a16d-f373dc1d2ada,SAMMS-KCv5
202609041734097433,202609041706274000,202609041706273944,85,4005,Bronze INV,br_ReAssessmentPhysicalHealth,TASK_COMPLETE,SUCCESS,INFO,1556,1556,0,,2026-09-04T17:06:35.444Z,2026-09-04T17:34:13.654Z,1658,2026-09-04T17:34:13.654Z,DRD-KVB,KVB,5652dc3b-8824-4606-a16d-f373dc1d2ada,SAMMS-KVBv5
202609041734097434,202609041706274001,202609041706273944,85,4006,Bronze INV,br_ReAssessmentPhysicalHealth,TASK_COMPLETE,SUCCESS,INFO,1676,1676,0,,2026-09-04T17:06:35.444Z,2026-09-04T17:34:13.654Z,1658,2026-09-04T17:34:13.654Z,DRD-KVC,KVC,5652dc3b-8824-4606-a16d-f373dc1d2ada,SAMMS-KVCv5
202609022031236228,202609021926296335,202609021926296228,85,3159,Bronze INV,br_ReAssessment,TASK_COMPLETE,SUCCESS,INFO,0,0,0,,2026-09-02T19:26:44.280Z,2026-09-02T20:31:28.769Z,3884,2026-09-02T20:31:28.769Z,V5B,Houma,aa9f49a8-9ff8-4a6e-a263-7617045dadde,SAMMS-HoumaV6
202609022031236229,202609021926296336,202609021926296228,85,3160,Bronze INV,br_ReAssessment,TASK_COMPLETE,SUCCESS,INFO,0,0,0,,2026-09-02T19:26:44.280Z,2026-09-02T20:31:28.769Z,3884,2026-09-02T20:31:28.769Z,V6,Lake Charles,aa9f49a8-9ff8-4a6e-a263-7617045dadde,SAMMS-LCv5
202609022031236230,202609021926296337,202609021926296228,85,3162,Bronze INV,br_ReAssessment,TASK_COMPLETE,SUCCESS,INFO,0,0,0,,2026-09-02T19:26:44.280Z,2026-09-02T20:31:28.769Z,3884,2026-09-02T20:31:28.769Z,V8,Memphis Midtown,aa9f49a8-9ff8-4a6e-a263-7617045dadde,SAMMS-VCPHCS-VIII-MemphisV5
202609022031236231,202609021926296338,202609021926296228,85,3163,Bronze INV,br_ReAssessment,TASK_COMPLETE,SUCCESS,INFO,0,0,0,,2026-09-02T19:26:44.280Z,2026-09-02T20:31:28.769Z,3884,2026-09-02T20:31:28.769Z,V9,Nashville,aa9f49a8-9ff8-4a6e-a263-7617045dadde,SAMMS-NashvilleV5
202609020526387084,202609020507368036,202609020507368034,118,10364,Bronze P1/P2 Assessments,br_NewAdmissionAssessment,TASK_COMPLETE,SUCCESS,INFO,191,191,0,,2026-09-02T05:07:47.056Z,2026-09-02T05:26:44.695Z,1137,2026-09-02T05:26:44.695Z,B33,Paducah,2b09f1a0-2915-47dd-851e-cacf6613827d,SAMMS-Paducah
202609051930319695,202609051904109226,202609051904109217,85,3918,Bronze INV,br_ReAssessmentPhysicalHealth,TASK_COMPLETE,SUCCESS,INFO,80,80,0,,2026-09-05T19:04:18.404Z,2026-09-05T19:30:36.887Z,1578,2026-09-05T19:30:36.887Z,B30,KC North,a7cfa2a8-4e03-4cce-a64e-9a92e6e67f12,SAMMS-KCNv5
202609051930319696,202609051904109227,202609051904109217,85,3919,Bronze INV,br_ReAssessmentPhysicalHealth,TASK_COMPLETE,SUCCESS,INFO,400,400,0,,2026-09-05T19:04:18.404Z,2026-09-05T19:30:36.887Z,1578,2026-09-05T19:30:36.887Z,B31,Dyersburg,a7cfa2a8-4e03-4cce-a64e-9a92e6e67f12,SAMMS-DyersburgV5
202609071930403838,202609071904636239,202609071904636230,85,3918,Bronze INV,br_ReAssessmentPhysicalHealth,TASK_COMPLETE,SUCCESS,INFO,80,80,0,,2026-09-07T19:05:10.929Z,2026-09-07T19:30:45.588Z,1535,2026-09-07T19:30:45.588Z,B30,KC North,fc48ec9c-d1b8-4775-bd67-583e82846e52,SAMMS-KCNv5
202609071930403839,202609071904636240,202609071904636230,85,3919,Bronze INV,br_ReAssessmentPhysicalHealth,TASK_COMPLETE,SUCCESS,INFO,400,400,0,,2026-09-07T19:05:10.929Z,2026-09-07T19:30:45.588Z,1535,2026-09-07T19:30:45.588Z,B31,Dyersburg,fc48ec9c-d1b8-4775-bd67-583e82846e52,SAMMS-DyersburgV5
202609051930319702,202609051904109232,202609051904109217,85,3925,Bronze INV,br_ReAssessmentPhysicalHealth,TASK_COMPLETE,SUCCESS,INFO,22,22,0,,2026-09-05T19:04:18.404Z,2026-09-05T19:30:36.887Z,1578,2026-09-05T19:30:36.887Z,B36,Asheville,a7cfa2a8-4e03-4cce-a64e-9a92e6e67f12,SAMMS-AshevilleV5
202609051930319703,202609051904109233,202609051904109217,85,3926,Bronze INV,br_ReAssessmentPhysicalHealth,TASK_COMPLETE,SUCCESS,INFO,1,1,0,,2026-09-05T19:04:18.404Z,2026-09-05T19:30:36.887Z,1578,2026-09-05T19:30:36.887Z,B37,Clyde,a7cfa2a8-4e03-4cce-a64e-9a92e6e67f12,SAMMS-ClydeV5
202609071930403845,202609071904636245,202609071904636230,85,3925,Bronze INV,br_ReAssessmentPhysicalHealth,TASK_COMPLETE,SUCCESS,INFO,22,22,0,,2026-09-07T19:05:10.929Z,2026-09-07T19:30:45.588Z,1535,2026-09-07T19:30:45.588Z,B36,Asheville,fc48ec9c-d1b8-4775-bd67-583e82846e52,SAMMS-AshevilleV5
202609071930403846,202609071904636246,202609071904636230,85,3926,Bronze INV,br_ReAssessmentPhysicalHealth,TASK_COMPLETE,SUCCESS,INFO,1,1,0,,2026-09-07T19:05:10.929Z,2026-09-07T19:30:45.588Z,1535,2026-09-07T19:30:45.588Z,B37,Clyde,fc48ec9c-d1b8-4775-bd67-583e82846e52,SAMMS-ClydeV5
202609011134495012,202609011134495013,20260901113449,110,8612,Silver Bank Transactions,sl_BankTransactions,TASK_FAILED,FAILED,ERROR,0,0,1,<console>:1: error: illegal start of definition,2026-09-01T11:34:49.501Z,2026-09-01T11:34:49.501Z,0,2026-09-01T11:34:49.501Z,,,0bb58acd-a1b3-42e8-9d42-ba51271ad64f,
202609010918256314,202609010918256315,20260901091825,110,8612,Silver Bank Transactions,sl_BankTransactions,TASK_FAILED,FAILED,ERROR,0,0,1,<console>:1: error: illegal start of definition,2026-09-01T09:18:25.631Z,2026-09-01T09:18:25.631Z,0,2026-09-01T09:18:25.631Z,,,4ceb0bce-ea6d-4d2d-aca0-d9d53349d203,
202609010930000690,202609010930000691,20260901093000,110,8612,Silver Bank Transactions,sl_BankTransactions,TASK_FAILED,FAILED,ERROR,0,0,1,<console>:1: error: illegal start of definition,2026-09-01T09:30:00.069Z,2026-09-01T09:30:00.069Z,0,2026-09-01T09:30:00.069Z,,,5aaa74e8-d238-46ba-b423-8f9ee83a71d3,
202609010700431524,202609010700431525,20260901070043,110,8612,Silver Bank Transactions,sl_BankTransactions,TASK_FAILED,FAILED,ERROR,0,0,1,<console>:1: error: illegal start of definition,2026-09-01T07:00:43.152Z,2026-09-01T07:00:43.152Z,0,2026-09-01T07:00:43.152Z,,,c494ff15-7c1e-47e5-8a0b-9b879ea70768,
202609031533006754,202609031509626435,202609031509626424,43,5737,SAMMSGLOBAL Bronze,br_UserCredentials,TASK_COMPLETE,SUCCESS,INFO,981,981,0,,2026-09-03T15:10:09.279Z,2026-09-03T15:33:04.060Z,1375,2026-09-03T15:33:04.060Z,Global,Global,80483189-97f8-4d1d-8157-697e9a146982,SAMMSGLOBAL
202609031533006755,202609031509626436,202609031509626424,43,5738,SAMMSGLOBAL Bronze,br_DiversionNotificationLog,TASK_COMPLETE,SUCCESS,INFO,18843,18843,0,,2026-09-03T15:10:09.279Z,2026-09-03T15:33:04.060Z,1375,2026-09-03T15:33:04.060Z,Global,Global,80483189-97f8-4d1d-8157-697e9a146982,SAMMSGLOBAL
202608310617074579,202608310617074579,20260831061659,38,153,Silver KnowBe4 Enrollments,sl_knowbe4enrollments,TASK_DEPENDENCY_BLOCKED,DEPENDENCY_BLOCKED,WARN,0,0,0,Dependency Failed,2026-08-31T06:17:15.471Z,2026-08-31T06:17:15.471Z,0,2026-08-31T06:17:15.471Z,,,3082d21d-308b-4c9b-a5a5-ed329ac78114,
202608310354009688,202608310354009687,20260831035354,101,13669,Silver QQ_GLTRAN,sl_QQgltran,TASK_DEPENDENCY_BLOCKED,DEPENDENCY_BLOCKED,WARN,0,0,0,Dependency Failed,2026-08-31T03:54:14.241Z,2026-08-31T03:54:14.241Z,0,2026-08-31T03:54:14.241Z,"","",3628463a-db79-41f2-a479-fe0ce7b794c4,DRD
202609011214013785,202609011214013784,20260901121354,80,227,Absolute Silver Inventory,sl_absolute_inventory,TASK_DEPENDENCY_BLOCKED,DEPENDENCY_BLOCKED,WARN,0,0,0,Dependency Failed,2026-09-01T12:14:09.517Z,2026-09-01T12:14:09.517Z,0,2026-09-01T12:14:09.517Z,,,fae008e4-7a94-46b5-a544-2fdaf8680be9,
202608310640453452,202608310640453452,20260831064034,38,153,Silver KnowBe4 Enrollments,sl_knowbe4enrollments,TASK_DEPENDENCY_BLOCKED,DEPENDENCY_BLOCKED,WARN,0,0,0,Dependency Failed,2026-08-31T06:41:50.130Z,2026-08-31T06:41:50.130Z,0,2026-08-31T06:41:50.130Z,,,7831e131-4969-4fbe-b1a2-7280ef3a6fd5,
202609040542290981,202609040542290980,20260904054214,38,153,Silver KnowBe4 Enrollments,sl_KnowBe4Enrollments,TASK_DEPENDENCY_BLOCKED,DEPENDENCY_BLOCKED,WARN,0,0,0,Dependency Failed,2026-09-04T05:42:45.247Z,2026-09-04T05:42:45.247Z,0,2026-09-04T05:42:45.247Z,,,54721c87-e123-449f-8a99-037af910188a,
202609020708229325,202609020708229324,20260902070816,80,227,Absolute Silver Inventory,sl_absolute_inventory,TASK_DEPENDENCY_BLOCKED,DEPENDENCY_BLOCKED,WARN,0,0,0,Dependency Failed,2026-09-02T07:08:30.807Z,2026-09-02T07:08:30.807Z,0,2026-09-02T07:08:30.807Z,,,85c6155e-96e1-4147-8377-4f45dcf420e9,
202609010331038551,202609010331038550,20260901033051,38,153,Silver KnowBe4 Enrollments,sl_knowbe4enrollments,TASK_DEPENDENCY_BLOCKED,DEPENDENCY_BLOCKED,WARN,0,0,0,Dependency Failed,2026-09-01T03:31:14.320Z,2026-09-01T03:31:14.320Z,0,2026-09-01T03:31:14.320Z,,,9aac98b8-cf63-44a3-9b92-06594ef0a146,
202609010359215592,202609010359215592,20260901035911,38,153,Silver KnowBe4 Enrollments,sl_knowbe4enrollments,TASK_DEPENDENCY_BLOCKED,DEPENDENCY_BLOCKED,WARN,0,0,0,Dependency Failed,2026-09-01T03:59:31.201Z,2026-09-01T03:59:31.201Z,0,2026-09-01T03:59:31.201Z,,,89aa85db-7899-405b-952b-7efb5850e815,
202609020719517917,202609020719517917,20260902071945,80,227,Absolute Silver Inventory,sl_absolute_inventory,TASK_DEPENDENCY_BLOCKED,DEPENDENCY_BLOCKED,WARN,0,0,0,Dependency Failed,2026-09-02T07:19:59.790Z,2026-09-02T07:19:59.790Z,0,2026-09-02T07:19:59.790Z,,,f8367c03-a66c-4c42-b205-a6ee3f57a017,
202609011236147071,202609011236147071,20260901123609,80,227,Absolute Silver Inventory,sl_absolute_inventory,TASK_DEPENDENCY_BLOCKED,DEPENDENCY_BLOCKED,WARN,0,0,0,Dependency Failed,2026-09-01T12:36:23.331Z,2026-09-01T12:36:23.331Z,0,2026-09-01T12:36:23.331Z,,,a6d80463-5929-41ea-bad2-9a19381733e7,
202609022031236208,202609021926296317,202609021926296228,85,3134,Bronze INV,br_ReAssessment,TASK_COMPLETE,SUCCESS,INFO,0,0,0,,2026-09-02T19:26:44.280Z,2026-09-02T20:31:28.769Z,3884,2026-09-02T20:31:28.769Z,TEX,Texarkana,aa9f49a8-9ff8-4a6e-a263-7617045dadde,SAMMS-Texarkana
202609022031236209,202609021926296318,202609021926296228,85,3135,Bronze INV,br_ReAssessment,TASK_COMPLETE,SUCCESS,INFO,1,1,0,,2026-09-02T19:26:44.280Z,2026-09-02T20:31:28.769Z,3884,2026-09-02T20:31:28.769Z,TTCA,Bessemer,aa9f49a8-9ff8-4a6e-a263-7617045dadde,SAMMS-BessemerV5
202609022031236210,202609021926296319,202609021926296228,85,3136,Bronze INV,br_ReAssessment,TASK_COMPLETE,SUCCESS,INFO,0,0,0,,2026-09-02T19:26:44.280Z,2026-09-02T20:31:28.769Z,3884,2026-09-02T20:31:28.769Z,TTCB,Cullman,aa9f49a8-9ff8-4a6e-a263-7617045dadde,SAMMS-CullmanV5
202609022031236211,202609021926296320,202609021926296228,85,3137,Bronze INV,br_ReAssessment,TASK_COMPLETE,SUCCESS,INFO,0,0,0,,2026-09-02T19:26:44.280Z,2026-09-02T20:31:28.769Z,3884,2026-09-02T20:31:28.769Z,TTCC,Grand Bay,aa9f49a8-9ff8-4a6e-a263-7617045dadde,SAMMS-GrandBay
202609031211570427,202609031145401705,202609031145401700,85,2994,Bronze INV,br_ReAssessment,TASK_COMPLETE,SUCCESS,INFO,0,0,0,,2026-09-03T11:45:45.517Z,2026-09-03T12:12:16.686Z,1591,2026-09-03T12:12:16.686Z,B26,Hazard,8e54a6a2-7031-4831-b2c0-8c5ea7811246,SAMMS-HazardV5
202609031211570428,202609031145401706,202609031145401700,85,2995,Bronze INV,br_ReAssessment,TASK_COMPLETE,SUCCESS,INFO,0,0,0,,2026-09-03T11:45:45.517Z,2026-09-03T12:12:16.686Z,1591,2026-09-03T12:12:16.686Z,B27,Savannah,8e54a6a2-7031-4831-b2c0-8c5ea7811246,SAMMS-SavannahV6
202609031211570429,202609031145401707,202609031145401700,85,2996,Bronze INV,br_ReAssessment,TASK_COMPLETE,SUCCESS,INFO,0,0,0,,2026-09-03T11:45:45.517Z,2026-09-03T12:12:16.686Z,1591,2026-09-03T12:12:16.686Z,B28,West Plains,8e54a6a2-7031-4831-b2c0-8c5ea7811246,SAMMS-WestPlainesV5
202609031211570430,202609031145401708,202609031145401700,85,2997,Bronze INV,br_ReAssessment,TASK_COMPLETE,SUCCESS,INFO,0,0,0,,2026-09-03T11:45:45.517Z,2026-09-03T12:12:16.686Z,1591,2026-09-03T12:12:16.686Z,B29,Poplar Bluff,8e54a6a2-7031-4831-b2c0-8c5ea7811246,SAMMS-PoplarBluffV5
202609022031236111,202609021926296233,202609021926296228,85,2994,Bronze INV,br_ReAssessment,TASK_COMPLETE,SUCCESS,INFO,0,0,0,,2026-09-02T19:26:44.280Z,2026-09-02T20:31:28.769Z,3884,2026-09-02T20:31:28.769Z,B26,Hazard,aa9f49a8-9ff8-4a6e-a263-7617045dadde,SAMMS-HazardV5
202609022031236113,202609021926296234,202609021926296228,85,2995,Bronze INV,br_ReAssessment,TASK_COMPLETE,SUCCESS,INFO,0,0,0,,2026-09-02T19:26:44.280Z,2026-09-02T20:31:28.769Z,3884,2026-09-02T20:31:28.769Z,B27,Savannah,aa9f49a8-9ff8-4a6e-a263-7617045dadde,SAMMS-SavannahV6
202609022031236114,202609021926296235,202609021926296228,85,2996,Bronze INV,br_ReAssessment,TASK_COMPLETE,SUCCESS,INFO,0,0,0,,2026-09-02T19:26:44.280Z,2026-09-02T20:31:28.769Z,3884,2026-09-02T20:31:28.769Z,B28,West Plains,aa9f49a8-9ff8-4a6e-a263-7617045dadde,SAMMS-WestPlainesV5
202609022031236115,202609021926296236,202609021926296228,85,2997,Bronze INV,br_ReAssessment,TASK_COMPLETE,SUCCESS,INFO,0,0,0,,2026-09-02T19:26:44.280Z,2026-09-02T20:31:28.769Z,3884,2026-09-02T20:31:28.769Z,B29,Poplar Bluff,aa9f49a8-9ff8-4a6e-a263-7617045dadde,SAMMS-PoplarBluffV5
202609021149397509,202609021149397508,202608171026319654,84,218,Gold Salesforce Users,Users,TASK_DEPENDENCY_BLOCKED,DEPENDENCY_BLOCKED,WARN,0,0,0,Dependency Failed : 211 (checked: 211),2026-09-02T11:49:46.684Z,2026-09-02T11:49:46.684Z,0,2026-09-02T11:49:46.684Z,,,0b5a27da-5d48-4ed3-a9f4-1a7052a3fcea,
202609031211570422,202609031145401701,202609031145401700,85,2990,Bronze INV,br_ReAssessment,TASK_COMPLETE,SUCCESS,INFO,0,0,0,,2026-09-03T11:45:45.517Z,2026-09-03T12:12:16.686Z,1591,2026-09-03T12:12:16.686Z,AHK,Ahoskie,8e54a6a2-7031-4831-b2c0-8c5ea7811246,SAMMS-Ahoskie
202609031211570423,202609031145401702,202609031145401700,85,2991,Bronze INV,br_ReAssessment,TASK_COMPLETE,SUCCESS,INFO,0,0,0,,2026-09-03T11:45:45.517Z,2026-09-03T12:12:16.686Z,1591,2026-09-03T12:12:16.686Z,B12B,Colorado Springs,8e54a6a2-7031-4831-b2c0-8c5ea7811246,SAMMS-ColoradoSpringsV5
202609031211570424,202609031145401703,202609031145401700,85,2992,Bronze INV,br_ReAssessment,TASK_COMPLETE,SUCCESS,INFO,0,0,0,,2026-09-03T11:45:45.517Z,2026-09-03T12:12:16.686Z,1591,2026-09-03T12:12:16.686Z,B24,Paintsville,8e54a6a2-7031-4831-b2c0-8c5ea7811246,SAMMS-PaintsvilleV5
202609031211570425,202609031145401704,202609031145401700,85,2993,Bronze INV,br_ReAssessment,TASK_COMPLETE,SUCCESS,INFO,0,0,0,,2026-09-03T11:45:45.517Z,2026-09-03T12:12:16.686Z,1591,2026-09-03T12:12:16.686Z,B25,Pikeville,8e54a6a2-7031-4831-b2c0-8c5ea7811246,SAMMS-PikevilleV5
202609020840582545,202609020840582545,20260831121208,133,13718,Ref Lab Silver,sl_reflab_analysis,SILVER_ZERO,SUCCESS,WARN,1,0,0,Silver transformation resulted in 0 rows for Ref Lab Silver,2026-09-02T08:41:02.877Z,2026-09-02T08:46:10.383Z,297,2026-09-02T08:46:10.383Z,,,a248cb53-4f30-44b6-ac15-5cdc6c387758,
202609031211570449,202609031145401725,202609031145401700,85,3015,Bronze INV,br_ReAssessment,TASK_COMPLETE,SUCCESS,INFO,0,0,0,,2026-09-03T11:45:45.517Z,2026-09-03T12:12:16.686Z,1591,2026-09-03T12:12:16.686Z,B44,Albany,8e54a6a2-7031-4831-b2c0-8c5ea7811246,SAMMS-AlbanyV5
202609031211570450,202609031145401726,202609031145401700,85,3016,Bronze INV,br_ReAssessment,TASK_COMPLETE,SUCCESS,INFO,0,0,0,,2026-09-03T11:45:45.517Z,2026-09-03T12:12:16.686Z,1591,2026-09-03T12:12:16.686Z,B45,Tifton,8e54a6a2-7031-4831-b2c0-8c5ea7811246,SAMMS-TiftonV5
202609031211570451,202609031145401727,202609031145401700,85,3017,Bronze INV,br_ReAssessment,TASK_COMPLETE,SUCCESS,INFO,0,0,0,,2026-09-03T11:45:45.517Z,2026-09-03T12:12:16.686Z,1591,2026-09-03T12:12:16.686Z,B46,Washington DC,8e54a6a2-7031-4831-b2c0-8c5ea7811246,SAMMS-WashingtonDCv5
202609031211570452,202609031145401728,202609031145401700,85,3018,Bronze INV,br_ReAssessment,TASK_COMPLETE,SUCCESS,INFO,0,0,0,,2026-09-03T11:45:45.517Z,2026-09-03T12:12:16.686Z,1591,2026-09-03T12:12:16.686Z,B47,Mobile,8e54a6a2-7031-4831-b2c0-8c5ea7811246,SAMMS-MobileV5
202609022031236185,202609021926296297,202609021926296228,85,3102,Bronze INV,br_ReAssessment,TASK_COMPLETE,SUCCESS,INFO,0,0,0,,2026-09-02T19:26:44.280Z,2026-09-02T20:31:28.769Z,3884,2026-09-02T20:31:28.769Z,HS,Hot Springs,aa9f49a8-9ff8-4a6e-a263-7617045dadde,SAMMS-HotSprings
202609022031236186,202609021926296298,202609021926296228,85,3103,Bronze INV,br_ReAssessment,TASK_COMPLETE,SUCCESS,INFO,0,0,0,,2026-09-02T19:26:44.280Z,2026-09-02T20:31:28.769Z,3884,2026-09-02T20:31:28.769Z,JON,Jonesboro,aa9f49a8-9ff8-4a6e-a263-7617045dadde,SAMMS-Jonesboro
202609022031236187,202609021926296299,202609021926296228,85,3105,Bronze INV,br_ReAssessment,TASK_COMPLETE,SUCCESS,INFO,0,0,0,,2026-09-02T19:26:44.280Z,2026-09-02T20:31:28.769Z,3884,2026-09-02T20:31:28.769Z,LAN,Lansing,aa9f49a8-9ff8-4a6e-a263-7617045dadde,SAMMS-Lansing
202609022031236188,202609021926296300,202609021926296228,85,3106,Bronze INV,br_ReAssessment,TASK_COMPLETE,SUCCESS,INFO,0,0,0,,2026-09-02T19:26:44.280Z,2026-09-02T20:31:28.769Z,3884,2026-09-02T20:31:28.769Z,LO,Louisville,aa9f49a8-9ff8-4a6e-a263-7617045dadde,SAMMS-Louisville
202609071930403933,202609071904636317,202609071904636230,85,4051,Bronze INV,br_ReAssessmentPhysicalHealth,TASK_COMPLETE,SUCCESS,INFO,225,225,0,,2026-09-07T19:05:10.929Z,2026-09-07T19:30:45.588Z,1535,2026-09-07T19:30:45.588Z,STVN,Stevenson,fc48ec9c-d1b8-4775-bd67-583e82846e52,SAMMS-Stevenson
202609071930403934,202609071904636318,202609071904636230,85,4053,Bronze INV,br_ReAssessmentPhysicalHealth,TASK_COMPLETE,SUCCESS,INFO,174,174,0,,2026-09-07T19:05:10.929Z,2026-09-07T19:30:45.588Z,1535,2026-09-07T19:30:45.588Z,TE,Tempe,fc48ec9c-d1b8-4775-bd67-583e82846e52,SAMMS-Tempe
202609010945312966,202609010945312966,20260901092023,1,3,UKG Org Levels API,br_OrgLevels,TASK_ALREADY_COMPLETED,ALREADY_COMPLETED,INFO,0,0,0,Already succeeded in previous attempt,2026-09-01T09:45:35.865Z,2026-09-01T09:45:35.865Z,0,2026-09-01T09:45:35.865Z,,,29dcaaf1-2b1e-4c19-b23c-1ba74b3b8d3d,
202609010945212570,202609010945212570,20260901092023,1,2,UKG Term Codes API,br_TermCodes,TASK_ALREADY_COMPLETED,ALREADY_COMPLETED,INFO,0,0,0,Already succeeded in previous attempt,2026-09-01T09:45:25.783Z,2026-09-01T09:45:25.783Z,0,2026-09-01T09:45:25.783Z,,,29dcaaf1-2b1e-4c19-b23c-1ba74b3b8d3d,
202609051930319784,202609051904109304,202609051904109217,85,4051,Bronze INV,br_ReAssessmentPhysicalHealth,TASK_COMPLETE,SUCCESS,INFO,225,225,0,,2026-09-05T19:04:18.404Z,2026-09-05T19:30:36.887Z,1578,2026-09-05T19:30:36.887Z,STVN,Stevenson,a7cfa2a8-4e03-4cce-a64e-9a92e6e67f12,SAMMS-Stevenson
202609051930319785,202609051904109305,202609051904109217,85,4053,Bronze INV,br_ReAssessmentPhysicalHealth,TASK_COMPLETE,SUCCESS,INFO,174,174,0,,2026-09-05T19:04:18.404Z,2026-09-05T19:30:36.887Z,1578,2026-09-05T19:30:36.887Z,TE,Tempe,a7cfa2a8-4e03-4cce-a64e-9a92e6e67f12,SAMMS-Tempe
202609030948247946,202609030948247945,20260903092013,1,3,UKG Org Levels API,br_OrgLevels,TASK_ALREADY_COMPLETED,ALREADY_COMPLETED,INFO,0,0,0,Already succeeded in previous attempt,2026-09-03T09:48:30.052Z,2026-09-03T09:48:30.052Z,0,2026-09-03T09:48:30.052Z,,,530f48fa-89c6-4a87-9867-195a73ec044d,
202609030948140948,202609030948140948,20260903092013,1,2,UKG Term Codes API,br_TermCodes,TASK_ALREADY_COMPLETED,ALREADY_COMPLETED,INFO,0,0,0,Already succeeded in previous attempt,2026-09-03T09:48:19.408Z,2026-09-03T09:48:19.408Z,0,2026-09-03T09:48:19.408Z,,,530f48fa-89c6-4a87-9867-195a73ec044d,
202609022031236139,202609021926296257,202609021926296228,85,3019,Bronze INV,br_ReAssessment,TASK_COMPLETE,SUCCESS,INFO,0,0,0,,2026-09-02T19:26:44.280Z,2026-09-02T20:31:28.769Z,3884,2026-09-02T20:31:28.769Z,B48,Tuscaloosa,aa9f49a8-9ff8-4a6e-a263-7617045dadde,SAMMS-TuscaloosaV5
202609022031236140,202609021926296258,202609021926296228,85,3028,Bronze INV,br_ReAssessment,TASK_COMPLETE,SUCCESS,INFO,0,0,0,,2026-09-02T19:26:44.280Z,2026-09-02T20:31:28.769Z,3884,2026-09-02T20:31:28.769Z,B51,N. Little Rock (OTP),aa9f49a8-9ff8-4a6e-a263-7617045dadde,SAMMS-NorthLittleRockV6
202609041226494501,202609041226494501,202608171026319654,84,230,Gold Salesforce Events,Events,TASK_ALREADY_COMPLETED,ALREADY_COMPLETED,INFO,0,0,0,Already succeeded in previous attempt,2026-09-04T12:26:56.603Z,2026-09-04T12:26:56.603Z,0,2026-09-04T12:26:56.603Z,,,6ab129c1-fb62-4518-bfad-8f6d8d29c3ca,
202609021752591911,202609021752591910,202608171026319654,84,230,Gold Salesforce Events,Events,TASK_ALREADY_COMPLETED,ALREADY_COMPLETED,INFO,0,0,0,Already succeeded in previous attempt,2026-09-02T17:53:07.936Z,2026-09-02T17:53:07.936Z,0,2026-09-02T17:53:07.936Z,,,0d5be434-3f1a-4f4b-ae90-f0c48a55ec54,
202609041631240157,202609041631240157,202608171026319654,84,230,Gold Salesforce Events,Events,TASK_ALREADY_COMPLETED,ALREADY_COMPLETED,INFO,0,0,0,Already succeeded in previous attempt,2026-09-04T16:31:29.328Z,2026-09-04T16:31:29.328Z,0,2026-09-04T16:31:29.328Z,,,7a604b07-1e27-4ff8-bd86-1860fd5608a2,
202608281031281511,202608281031281511,202608171026319654,84,230,Gold Salesforce Events,Events,TASK_ALREADY_COMPLETED,ALREADY_COMPLETED,INFO,0,0,0,Already succeeded in previous attempt,2026-08-28T10:31:32.793Z,2026-08-28T10:31:32.793Z,0,2026-08-28T10:31:32.793Z,,,3d84b3b4-01e9-4004-b383-1c54ba72a558,
202609041345348517,202609041345348517,202608171026319654,84,230,Gold Salesforce Events,Events,TASK_ALREADY_COMPLETED,ALREADY_COMPLETED,INFO,0,0,0,Already succeeded in previous attempt,2026-09-04T13:45:40.038Z,2026-09-04T13:45:40.038Z,0,2026-09-04T13:45:40.038Z,,,bd9b2318-654e-4f3d-b09e-bcdf6b219232,
202609041442186787,202609041442186787,202608171026319654,84,230,Gold Salesforce Events,Events,TASK_ALREADY_COMPLETED,ALREADY_COMPLETED,INFO,0,0,0,Already succeeded in previous attempt,2026-09-04T14:42:41.258Z,2026-09-04T14:42:41.258Z,0,2026-09-04T14:42:41.258Z,,,9d7b1c7e-8065-427d-99c7-89e3c8306b1f,
202609031149571996,202609031149571996,202608171026319654,84,230,Gold Salesforce Events,Events,TASK_ALREADY_COMPLETED,ALREADY_COMPLETED,INFO,0,0,0,Already succeeded in previous attempt,2026-09-03T11:50:02.692Z,2026-09-03T11:50:02.692Z,0,2026-09-03T11:50:02.692Z,,,b5204bb1-5640-4c52-9143-fe923aba5573,
202609031211570436,202609031145401713,202609031145401700,85,3003,Bronze INV,br_ReAssessment,TASK_COMPLETE,SUCCESS,INFO,0,0,0,,2026-09-03T11:45:45.517Z,2026-09-03T12:12:16.686Z,1591,2026-09-03T12:12:16.686Z,B35,Lexington,8e54a6a2-7031-4831-b2c0-8c5ea7811246,SAMMS-LexingtonV5
202609031211570437,202609031145401714,202609031145401700,85,3004,Bronze INV,br_ReAssessment,TASK_COMPLETE,SUCCESS,INFO,0,0,0,,2026-09-03T11:45:45.517Z,2026-09-03T12:12:16.686Z,1591,2026-09-03T12:12:16.686Z,B35A,Berea,8e54a6a2-7031-4831-b2c0-8c5ea7811246,SAMMS-BereaV5
202609031211570438,202609031145401715,202609031145401700,85,3005,Bronze INV,br_ReAssessment,TASK_COMPLETE,SUCCESS,INFO,0,0,0,,2026-09-03T11:45:45.517Z,2026-09-03T12:12:16.686Z,1591,2026-09-03T12:12:16.686Z,B36,Asheville,8e54a6a2-7031-4831-b2c0-8c5ea7811246,SAMMS-AshevilleV5
202609031211570439,202609031145401716,202609031145401700,85,3006,Bronze INV,br_ReAssessment,TASK_COMPLETE,SUCCESS,INFO,0,0,0,,2026-09-03T11:45:45.517Z,2026-09-03T12:12:16.686Z,1591,2026-09-03T12:12:16.686Z,B37,Clyde,8e54a6a2-7031-4831-b2c0-8c5ea7811246,SAMMS-ClydeV5
202609022031236219,202609021926296327,202609021926296228,85,3145,Bronze INV,br_ReAssessment,TASK_COMPLETE,SUCCESS,INFO,0,0,0,,2026-09-02T19:26:44.280Z,2026-09-02T20:31:28.769Z,3884,2026-09-02T20:31:28.769Z,V12A,Centennial,aa9f49a8-9ff8-4a6e-a263-7617045dadde,SAMMS-CentennialV5
202609022031236220,202609021926296328,202609021926296228,85,3146,Bronze INV,br_ReAssessment,TASK_COMPLETE,SUCCESS,INFO,0,0,0,,2026-09-02T19:26:44.280Z,2026-09-02T20:31:28.769Z,3884,2026-09-02T20:31:28.769Z,V14,Overland Park,aa9f49a8-9ff8-4a6e-a263-7617045dadde,SAMMS-VCPHCS-XIV-BridgewayV5
202609010948448414,202609010948448414,20260901092023,1,16,UKG Positions API,br_Positions,TASK_ALREADY_COMPLETED,ALREADY_COMPLETED,INFO,0,0,0,Already succeeded in previous attempt,2026-09-01T09:48:49.489Z,2026-09-01T09:48:49.489Z,0,2026-09-01T09:48:49.489Z,,,29dcaaf1-2b1e-4c19-b23c-1ba74b3b8d3d,
202609030950410946,202609030950410945,20260903092013,1,16,UKG Positions API,br_Positions,TASK_ALREADY_COMPLETED,ALREADY_COMPLETED,INFO,0,0,0,Already succeeded in previous attempt,2026-09-03T09:50:46.927Z,2026-09-03T09:50:46.927Z,0,2026-09-03T09:50:46.927Z,,,530f48fa-89c6-4a87-9867-195a73ec044d,
202609030950199715,202609030950199715,20260903092013,1,14,UKG Locations API,br_Locations,TASK_ALREADY_COMPLETED,ALREADY_COMPLETED,INFO,0,0,0,Already succeeded in previous attempt,2026-09-03T09:50:25.342Z,2026-09-03T09:50:25.342Z,0,2026-09-03T09:50:25.342Z,,,530f48fa-89c6-4a87-9867-195a73ec044d,
202609031211570462,202609031145401737,202609031145401700,85,3035,Bronze INV,br_ReAssessment,TASK_COMPLETE,SUCCESS,INFO,1,1,0,,2026-09-03T11:45:45.517Z,2026-09-03T12:12:16.686Z,1591,2026-09-03T12:12:16.686Z,B57C,Providence,8e54a6a2-7031-4831-b2c0-8c5ea7811246,SAMMS-Providence
202609031211570463,202609031145401738,202609031145401700,85,3036,Bronze INV,br_ReAssessment,TASK_COMPLETE,SUCCESS,INFO,32,32,0,,2026-09-03T11:45:45.517Z,2026-09-03T12:12:16.686Z,1591,2026-09-03T12:12:16.686Z,B57D,Westerly,8e54a6a2-7031-4831-b2c0-8c5ea7811246,SAMMS-Westerly
202609031211570464,202609031145401739,202609031145401700,85,3040,Bronze INV,br_ReAssessment,TASK_COMPLETE,SUCCESS,INFO,0,0,0,,2026-09-03T11:45:45.517Z,2026-09-03T12:12:16.686Z,1591,2026-09-03T12:12:16.686Z,B66A,Bremen,8e54a6a2-7031-4831-b2c0-8c5ea7811246,SAMMS-Bremen
202609031211570466,202609031145401740,202609031145401700,85,3043,Bronze INV,br_ReAssessment,TASK_COMPLETE,SUCCESS,INFO,0,0,0,,2026-09-03T11:45:45.517Z,2026-09-03T12:12:16.686Z,1591,2026-09-03T12:12:16.686Z,B72,Mobile (OBOT),8e54a6a2-7031-4831-b2c0-8c5ea7811246,SAMMS-Mobile-OBOT
202609022031236148,202609021926296265,202609021926296228,85,3035,Bronze INV,br_ReAssessment,TASK_COMPLETE,SUCCESS,INFO,1,1,0,,2026-09-02T19:26:44.280Z,2026-09-02T20:31:28.769Z,3884,2026-09-02T20:31:28.769Z,B57C,Providence,aa9f49a8-9ff8-4a6e-a263-7617045dadde,SAMMS-Providence
202609022031236149,202609021926296266,202609021926296228,85,3036,Bronze INV,br_ReAssessment,TASK_COMPLETE,SUCCESS,INFO,32,32,0,,2026-09-02T19:26:44.280Z,2026-09-02T20:31:28.769Z,3884,2026-09-02T20:31:28.769Z,B57D,Westerly,aa9f49a8-9ff8-4a6e-a263-7617045dadde,SAMMS-Westerly
202609022031236151,202609021926296267,202609021926296228,85,3040,Bronze INV,br_ReAssessment,TASK_COMPLETE,SUCCESS,INFO,0,0,0,,2026-09-02T19:26:44.280Z,2026-09-02T20:31:28.769Z,3884,2026-09-02T20:31:28.769Z,B66A,Bremen,aa9f49a8-9ff8-4a6e-a263-7617045dadde,SAMMS-Bremen
202609022031236152,202609021926296268,202609021926296228,85,3043,Bronze INV,br_ReAssessment,TASK_COMPLETE,SUCCESS,INFO,0,0,0,,2026-09-02T19:26:44.280Z,2026-09-02T20:31:28.769Z,3884,2026-09-02T20:31:28.769Z,B72,Mobile (OBOT),aa9f49a8-9ff8-4a6e-a263-7617045dadde,SAMMS-Mobile-OBOT
202609021727299681,202609021727299680,202609021132414060,82,204,Salesforce Leads,br_sf_leads,TASK_ALREADY_COMPLETED,ALREADY_COMPLETED,INFO,0,0,0,Already succeeded in previous attempt,2026-09-02T17:28:10.522Z,2026-09-02T17:28:10.522Z,0,2026-09-02T17:28:10.522Z,,,0d5be434-3f1a-4f4b-ae90-f0c48a55ec54,
202609031709225729,202609031647600290,202609031647600278,43,5738,SAMMSGLOBAL Bronze,br_DiversionNotificationLog,TASK_COMPLETE,SUCCESS,INFO,18843,18843,0,,2026-09-03T16:48:04.788Z,2026-09-03T17:09:26.443Z,1282,2026-09-03T17:09:26.443Z,Global,Global,19ce24cf-1d06-4393-80c8-2aba56f3390a,SAMMSGLOBAL
202609022031236192,202609021926296303,202609021926296228,85,3109,Bronze INV,br_ReAssessment,TASK_COMPLETE,SUCCESS,INFO,0,0,0,,2026-09-02T19:26:44.280Z,2026-09-02T20:31:28.769Z,3884,2026-09-02T20:31:28.769Z,LV3,McDaniel,aa9f49a8-9ff8-4a6e-a263-7617045dadde,SAMMS-McDaniel
202609022031236193,202609021926296304,202609021926296228,85,3112,Bronze INV,br_ReAssessment,TASK_COMPLETE,SUCCESS,INFO,0,0,0,,2026-09-02T19:26:44.280Z,2026-09-02T20:31:28.769Z,3884,2026-09-02T20:31:28.769Z,MNRE,Monroe,aa9f49a8-9ff8-4a6e-a263-7617045dadde,SAMMS-Monroe
202609022031236194,202609021926296305,202609021926296228,85,3113,Bronze INV,br_ReAssessment,TASK_COMPLETE,SUCCESS,INFO,0,0,0,,2026-09-02T19:26:44.280Z,2026-09-02T20:31:28.769Z,3884,2026-09-02T20:31:28.769Z,MP,Mt. Pleasant,aa9f49a8-9ff8-4a6e-a263-7617045dadde,SAMMS-MtPleasant
202609022031236195,202609021926296306,202609021926296228,85,3114,Bronze INV,br_ReAssessment,TASK_COMPLETE,SUCCESS,INFO,0,0,0,,2026-09-02T19:26:44.280Z,2026-09-02T20:31:28.769Z,3884,2026-09-02T20:31:28.769Z,MRD,Meridian,aa9f49a8-9ff8-4a6e-a263-7617045dadde,SAMMS-Meridian
202609031346340642,202609031324578144,202609031324578132,43,5738,SAMMSGLOBAL Bronze,br_DiversionNotificationLog,TASK_COMPLETE,SUCCESS,INFO,18843,18843,0,,2026-09-03T13:25:03.092Z,2026-09-03T13:46:39.199Z,1296,2026-09-03T13:46:39.199Z,Global,Global,dc09db6e-8a85-40c4-9b7f-e305f6845bee,SAMMSGLOBAL
202609031535422892,202609031509726437,202609031509726424,44,5740,SAMMSGLOBAL Silver,sl_DiversionNotificationLog,TASK_COMPLETE,SUCCESS,INFO,18843,18843,0,,2026-09-03T15:10:09.279Z,2026-09-03T15:35:45.337Z,1536,2026-09-03T15:35:45.337Z,Global,Global,80483189-97f8-4d1d-8157-697e9a146982,SAMMSGLOBAL
202609031711456142,202609031647700291,202609031647700278,44,5740,SAMMSGLOBAL Silver,sl_DiversionNotificationLog,TASK_COMPLETE,SUCCESS,INFO,18843,18843,0,,2026-09-03T16:48:04.788Z,2026-09-03T17:11:47.975Z,1423,2026-09-03T17:11:47.975Z,Global,Global,19ce24cf-1d06-4393-80c8-2aba56f3390a,SAMMSGLOBAL
202609021725586879,202609021725586879,202609021132414060,82,202,Salesforce Tasks,br_sf_tasks,TASK_ALREADY_COMPLETED,ALREADY_COMPLETED,INFO,0,0,0,Already succeeded in previous attempt,2026-09-02T17:26:06.529Z,2026-09-02T17:26:06.529Z,0,2026-09-02T17:26:06.529Z,,,0d5be434-3f1a-4f4b-ae90-f0c48a55ec54,
202609021728414360,202609021728414359,202609021132414060,82,206,Salesforce Cases,br_sf_cases,TASK_ALREADY_COMPLETED,ALREADY_COMPLETED,INFO,0,0,0,Already succeeded in previous attempt,2026-09-02T17:28:49.246Z,2026-09-02T17:28:49.246Z,0,2026-09-02T17:28:49.246Z,,,0d5be434-3f1a-4f4b-ae90-f0c48a55ec54,
202609031349456413,202609031324678145,202609031324678132,44,5740,SAMMSGLOBAL Silver,sl_DiversionNotificationLog,TASK_COMPLETE,SUCCESS,INFO,18843,18843,0,,2026-09-03T13:25:03.092Z,2026-09-03T13:49:48.195Z,1485,2026-09-03T13:49:48.195Z,Global,Global,dc09db6e-8a85-40c4-9b7f-e305f6845bee,SAMMSGLOBAL
202608310834384301,202608310834384301,20260831083433,137,13743,Gold CallBackList,tbl_callcenter_callbacklist,TASK_DEPENDENCY_BLOCKED,DEPENDENCY_BLOCKED,WARN,0,0,0,Dependency Failed,2026-08-31T08:34:45.266Z,2026-08-31T08:34:45.266Z,0,2026-08-31T08:34:45.266Z,,,65e89789-39d8-4e46-be47-bcdfcc997be4,
202608310551051917,202608310551051916,20260831055100,137,13743,Gold CallBackList,tbl_callcenter_callbacklist,TASK_DEPENDENCY_BLOCKED,DEPENDENCY_BLOCKED,WARN,0,0,0,Dependency Failed,2026-08-31T05:51:14.847Z,2026-08-31T05:51:14.847Z,0,2026-08-31T05:51:14.847Z,,,55e8470e-eef8-405f-913f-496e9257a972,
202609040858510230,202609040858510230,20260904085843,137,13743,Gold CallBackList,tbl_callcenter_callbacklist,TASK_DEPENDENCY_BLOCKED,DEPENDENCY_BLOCKED,WARN,0,0,0,Dependency Failed,2026-09-04T08:59:00.618Z,2026-09-04T08:59:00.618Z,0,2026-09-04T08:59:00.618Z,,,7501b0da-7d11-4d30-821d-f187e882cb70,
202608310658267957,202608310658267957,20260831065820,137,13743,Gold CallBackList,tbl_callcenter_callbacklist,TASK_DEPENDENCY_BLOCKED,DEPENDENCY_BLOCKED,WARN,0,0,0,Dependency Failed,2026-08-31T06:58:38.126Z,2026-08-31T06:58:38.126Z,0,2026-08-31T06:58:38.126Z,,,4729d4a5-d6b5-4b39-bbc8-d700a19c5eac,
202609031533006750,202609031509626432,202609031509626424,43,176,SAMMSGLOBAL Bronze,br_BriefAddictionMonitor,TASK_COMPLETE,SUCCESS,INFO,268559,268559,0,,2026-09-03T15:10:09.279Z,2026-09-03T15:33:04.060Z,1375,2026-09-03T15:33:04.060Z,Global,Global,80483189-97f8-4d1d-8157-697e9a146982,SAMMSGLOBAL
202609031533006751,202609031509626433,202609031509626424,43,8642,SAMMSGLOBAL Bronze,br_GlobalDevices,TASK_COMPLETE,SUCCESS,INFO,4032,4032,0,,2026-09-03T15:10:09.279Z,2026-09-03T15:33:04.060Z,1375,2026-09-03T15:33:04.060Z,Global,Global,80483189-97f8-4d1d-8157-697e9a146982,SAMMSGLOBAL
202608310608491407,202608310608491407,20260831060841,137,13743,Gold CallBackList,tbl_callcenter_callbacklist,TASK_DEPENDENCY_BLOCKED,DEPENDENCY_BLOCKED,WARN,0,0,0,Dependency Failed,2026-08-31T06:09:10.348Z,2026-08-31T06:09:10.348Z,0,2026-08-31T06:09:10.348Z,,,0538d80f-65b9-49eb-8258-49cb5a77806b,
202608310636296370,202608310636296370,20260831063621,137,13743,Gold CallBackList,tbl_callcenter_callbacklist,TASK_DEPENDENCY_BLOCKED,DEPENDENCY_BLOCKED,WARN,0,0,0,Dependency Failed,2026-08-31T06:36:46.064Z,2026-08-31T06:36:46.064Z,0,2026-08-31T06:36:46.064Z,,,a7cd751e-6e5d-4276-9b13-7268f73d8177,
202608310406329913,202608310406329911,20260831040624,137,13743,Gold CallBackList,tbl_callcenter_callbacklist,TASK_DEPENDENCY_BLOCKED,DEPENDENCY_BLOCKED,WARN,0,0,0,Dependency Failed,2026-08-31T04:06:46.419Z,2026-08-31T04:06:46.419Z,0,2026-08-31T04:06:46.419Z,,,6bc047e9-8b5b-4d85-a364-b2d6e542e315,
202609031211570458,202609031145401733,202609031145401700,85,3031,Bronze INV,br_ReAssessment,TASK_COMPLETE,SUCCESS,INFO,0,0,0,,2026-09-03T11:45:45.517Z,2026-09-03T12:12:16.686Z,1591,2026-09-03T12:12:16.686Z,B55,Shoals,8e54a6a2-7031-4831-b2c0-8c5ea7811246,SAMMS-ShoalsV5
202609031211570459,202609031145401734,202609031145401700,85,3032,Bronze INV,br_ReAssessment,TASK_COMPLETE,SUCCESS,INFO,0,0,0,,2026-09-03T11:45:45.517Z,2026-09-03T12:12:16.686Z,1591,2026-09-03T12:12:16.686Z,B57,Pawtucket,8e54a6a2-7031-4831-b2c0-8c5ea7811246,SAMMS-Pawtucket
202609031211570460,202609031145401735,202609031145401700,85,3033,Bronze INV,br_ReAssessment,TASK_COMPLETE,SUCCESS,INFO,11,11,0,,2026-09-03T11:45:45.517Z,2026-09-03T12:12:16.686Z,1591,2026-09-03T12:12:16.686Z,B57A,Johnston,8e54a6a2-7031-4831-b2c0-8c5ea7811246,SAMMS-Johnston
202609031211570461,202609031145401736,202609031145401700,85,3034,Bronze INV,br_ReAssessment,TASK_COMPLETE,SUCCESS,INFO,0,0,0,,2026-09-03T11:45:45.517Z,2026-09-03T12:12:16.686Z,1591,2026-09-03T12:12:16.686Z,B57B,Middletown,8e54a6a2-7031-4831-b2c0-8c5ea7811246,SAMMS-Middletown
202609041344541456,202609041344541456,202608171026319654,84,13674,Gold Salesforce Leads,Leads,TASK_ALREADY_COMPLETED,ALREADY_COMPLETED,INFO,0,0,0,Already succeeded in previous attempt,2026-09-04T13:44:59.333Z,2026-09-04T13:44:59.333Z,0,2026-09-04T13:44:59.333Z,,,bd9b2318-654e-4f3d-b09e-bcdf6b219232,
202608281030507567,202608281030507567,202608171026319654,84,13674,Gold Salesforce Leads,Leads,TASK_ALREADY_COMPLETED,ALREADY_COMPLETED,INFO,0,0,0,Already succeeded in previous attempt,2026-08-28T10:30:55.099Z,2026-08-28T10:30:55.099Z,0,2026-08-28T10:30:55.099Z,,,3d84b3b4-01e9-4004-b383-1c54ba72a558,
202609030948014390,202609030948014389,20260903092013,1,1,UKG Job Codes API,br_JobCodes,TASK_ALREADY_COMPLETED,ALREADY_COMPLETED,INFO,0,0,0,Already succeeded in previous attempt,2026-09-03T09:48:08.252Z,2026-09-03T09:48:08.252Z,0,2026-09-03T09:48:08.252Z,,,530f48fa-89c6-4a87-9867-195a73ec044d,
202609041440206147,202609041440206147,202608171026319654,84,13674,Gold Salesforce Leads,Leads,TASK_ALREADY_COMPLETED,ALREADY_COMPLETED,INFO,0,0,0,Already succeeded in previous attempt,2026-09-04T14:40:29.788Z,2026-09-04T14:40:29.788Z,0,2026-09-04T14:40:29.788Z,,,9d7b1c7e-8065-427d-99c7-89e3c8306b1f,
202609031149111788,202609031149111788,202608171026319654,84,13674,Gold Salesforce Leads,Leads,TASK_ALREADY_COMPLETED,ALREADY_COMPLETED,INFO,0,0,0,Already succeeded in previous attempt,2026-09-03T11:49:16.122Z,2026-09-03T11:49:16.122Z,0,2026-09-03T11:49:16.122Z,,,b5204bb1-5640-4c52-9143-fe923aba5573,
202609041225514997,202609041225514997,202608171026319654,84,13674,Gold Salesforce Leads,Leads,TASK_ALREADY_COMPLETED,ALREADY_COMPLETED,INFO,0,0,0,Already succeeded in previous attempt,2026-09-04T12:25:57.777Z,2026-09-04T12:25:57.777Z,0,2026-09-04T12:25:57.777Z,,,6ab129c1-fb62-4518-bfad-8f6d8d29c3ca,
202609041630401170,202609041630401169,202608171026319654,84,13674,Gold Salesforce Leads,Leads,TASK_ALREADY_COMPLETED,ALREADY_COMPLETED,INFO,0,0,0,Already succeeded in previous attempt,2026-09-04T16:30:46.090Z,2026-09-04T16:30:46.090Z,0,2026-09-04T16:30:46.090Z,,,7a604b07-1e27-4ff8-bd86-1860fd5608a2,
202609010945097622,202609010945097622,20260901092023,1,1,UKG Job Codes API,br_JobCodes,TASK_ALREADY_COMPLETED,ALREADY_COMPLETED,INFO,0,0,0,Already succeeded in previous attempt,2026-09-01T09:45:15.704Z,2026-09-01T09:45:15.704Z,0,2026-09-01T09:45:15.704Z,,,29dcaaf1-2b1e-4c19-b23c-1ba74b3b8d3d,
202609021752135019,202609021752135019,202608171026319654,84,13674,Gold Salesforce Leads,Leads,TASK_ALREADY_COMPLETED,ALREADY_COMPLETED,INFO,0,0,0,Already succeeded in previous attempt,2026-09-02T17:52:18.194Z,2026-09-02T17:52:18.194Z,0,2026-09-02T17:52:18.194Z,,,0d5be434-3f1a-4f4b-ae90-f0c48a55ec54,
202609022031236235,202609021926296341,202609021926296228,85,3167,Bronze INV,br_ReAssessment,TASK_COMPLETE,SUCCESS,INFO,0,0,0,,2026-09-02T19:26:44.280Z,2026-09-02T20:31:28.769Z,3884,2026-09-02T20:31:28.769Z,VMIN,Minneapolis,aa9f49a8-9ff8-4a6e-a263-7617045dadde,SAMMS-MinneapolisV6
202609022031236236,202609021926296342,202609021926296228,85,3168,Bronze INV,br_ReAssessment,TASK_COMPLETE,SUCCESS,INFO,0,0,0,,2026-09-02T19:26:44.280Z,2026-09-02T20:31:28.769Z,3884,2026-09-02T20:31:28.769Z,VWBY,Woodbury,aa9f49a8-9ff8-4a6e-a263-7617045dadde,SAMMS-WoodburyV6
202609022031236237,202609021926296343,202609021926296228,85,3170,Bronze INV,br_ReAssessment,TASK_COMPLETE,SUCCESS,INFO,0,0,0,,2026-09-02T19:26:44.280Z,2026-09-02T20:31:28.769Z,3884,2026-09-02T20:31:28.769Z,WIL,Wilson,aa9f49a8-9ff8-4a6e-a263-7617045dadde,SAMMS-Wilson
202609021749328871,202609021749328871,202608171026319654,84,224,Gold Salesforce Tasks,Tasks,TASK_ALREADY_COMPLETED,ALREADY_COMPLETED,INFO,0,0,0,Already succeeded in previous attempt,2026-09-02T17:49:52.577Z,2026-09-02T17:49:52.577Z,0,2026-09-02T17:49:52.577Z,,,0d5be434-3f1a-4f4b-ae90-f0c48a55ec54,
202608281029100695,202608281029100694,202608171026319654,84,224,Gold Salesforce Tasks,Tasks,TASK_ALREADY_COMPLETED,ALREADY_COMPLETED,INFO,0,0,0,Already succeeded in previous attempt,2026-08-28T10:29:14.474Z,2026-08-28T10:29:14.474Z,0,2026-08-28T10:29:14.474Z,,,3d84b3b4-01e9-4004-b383-1c54ba72a558,
202609041341236077,202609041341236076,202608171026319654,84,218,Gold Salesforce Users,Users,TASK_ALREADY_COMPLETED,ALREADY_COMPLETED,INFO,0,0,0,Already succeeded in previous attempt,2026-09-04T13:41:28.727Z,2026-09-04T13:41:28.727Z,0,2026-09-04T13:41:28.727Z,,,bd9b2318-654e-4f3d-b09e-bcdf6b219232,
202609021742517971,202609021742517970,202608171026319654,84,218,Gold Salesforce Users,Users,TASK_ALREADY_COMPLETED,ALREADY_COMPLETED,INFO,0,0,0,Already succeeded in previous attempt,2026-09-02T17:43:24.638Z,2026-09-02T17:43:24.638Z,0,2026-09-02T17:43:24.638Z,,,0d5be434-3f1a-4f4b-ae90-f0c48a55ec54,
202609041628343510,202609041628343510,202608171026319654,84,224,Gold Salesforce Tasks,Tasks,TASK_ALREADY_COMPLETED,ALREADY_COMPLETED,INFO,0,0,0,Already succeeded in previous attempt,2026-09-04T16:28:39.885Z,2026-09-04T16:28:39.885Z,0,2026-09-04T16:28:39.885Z,,,7a604b07-1e27-4ff8-bd86-1860fd5608a2,
202609021151072493,202609021151072492,202608171026319654,84,224,Gold Salesforce Tasks,Tasks,TASK_ALREADY_COMPLETED,ALREADY_COMPLETED,INFO,0,0,0,Already succeeded in previous attempt,2026-09-02T11:51:11.747Z,2026-09-02T11:51:11.747Z,0,2026-09-02T11:51:11.747Z,,,0b5a27da-5d48-4ed3-a9f4-1a7052a3fcea,
202609041223170099,202609041223170099,202608171026319654,84,224,Gold Salesforce Tasks,Tasks,TASK_ALREADY_COMPLETED,ALREADY_COMPLETED,INFO,0,0,0,Already succeeded in previous attempt,2026-09-04T12:23:25.997Z,2026-09-04T12:23:25.997Z,0,2026-09-04T12:23:25.997Z,,,6ab129c1-fb62-4518-bfad-8f6d8d29c3ca,
202609041435201685,202609041435201684,202608171026319654,84,218,Gold Salesforce Users,Users,TASK_ALREADY_COMPLETED,ALREADY_COMPLETED,INFO,0,0,0,Already succeeded in previous attempt,2026-09-04T14:35:29.527Z,2026-09-04T14:35:29.527Z,0,2026-09-04T14:35:29.527Z,,,9d7b1c7e-8065-427d-99c7-89e3c8306b1f,
202609041437268039,202609041437268039,202608171026319654,84,224,Gold Salesforce Tasks,Tasks,TASK_ALREADY_COMPLETED,ALREADY_COMPLETED,INFO,0,0,0,Already succeeded in previous attempt,2026-09-04T14:37:32.306Z,2026-09-04T14:37:32.306Z,0,2026-09-04T14:37:32.306Z,,,9d7b1c7e-8065-427d-99c7-89e3c8306b1f,
202609041343040749,202609041343040749,202608171026319654,84,224,Gold Salesforce Tasks,Tasks,TASK_ALREADY_COMPLETED,ALREADY_COMPLETED,INFO,0,0,0,Already succeeded in previous attempt,2026-09-04T13:43:09.162Z,2026-09-04T13:43:09.162Z,0,2026-09-04T13:43:09.162Z,,,bd9b2318-654e-4f3d-b09e-bcdf6b219232,
202609041219331216,202609041219331216,202608171026319654,84,218,Gold Salesforce Users,Users,TASK_ALREADY_COMPLETED,ALREADY_COMPLETED,INFO,0,0,0,Already succeeded in previous attempt,2026-09-04T12:19:45.543Z,2026-09-04T12:19:45.543Z,0,2026-09-04T12:19:45.543Z,,,6ab129c1-fb62-4518-bfad-8f6d8d29c3ca,
202609031145594140,202609031145594140,202608171026319654,84,218,Gold Salesforce Users,Users,TASK_ALREADY_COMPLETED,ALREADY_COMPLETED,INFO,0,0,0,Already succeeded in previous attempt,2026-09-03T11:46:04.153Z,2026-09-03T11:46:04.153Z,0,2026-09-03T11:46:04.153Z,,,b5204bb1-5640-4c52-9143-fe923aba5573,
202608281027401829,202608281027401829,202608171026319654,84,218,Gold Salesforce Users,Users,TASK_ALREADY_COMPLETED,ALREADY_COMPLETED,INFO,0,0,0,Already succeeded in previous attempt,2026-08-28T10:27:44.662Z,2026-08-28T10:27:44.662Z,0,2026-08-28T10:27:44.662Z,,,3d84b3b4-01e9-4004-b383-1c54ba72a558,
202609031147359224,202609031147359224,202608171026319654,84,224,Gold Salesforce Tasks,Tasks,TASK_ALREADY_COMPLETED,ALREADY_COMPLETED,INFO,0,0,0,Already succeeded in previous attempt,2026-09-03T11:47:40.624Z,2026-09-03T11:47:40.624Z,0,2026-09-03T11:47:40.624Z,,,b5204bb1-5640-4c52-9143-fe923aba5573,
202609041627007167,202609041627007167,202608171026319654,84,218,Gold Salesforce Users,Users,TASK_ALREADY_COMPLETED,ALREADY_COMPLETED,INFO,0,0,0,Already succeeded in previous attempt,2026-09-04T16:27:05.735Z,2026-09-04T16:27:05.735Z,0,2026-09-04T16:27:05.735Z,,,7a604b07-1e27-4ff8-bd86-1860fd5608a2,
202609020323595007,202609020323595008,20260902032359,109,8608,Bronze Wells Transactions,br_cashflow_transactions,TASK_FAILED,FAILED,ERROR,0,0,1,Cash Flow Pipeline Execution Failed,2026-09-02T03:23:59.500Z,2026-09-02T03:23:59.500Z,0,2026-09-02T03:23:59.500Z,,,d1cfa5f7-c2fb-4a03-82f2-0e52df4ab49b,
202609031211570533,202609031145401801,202609031145401700,85,3147,Bronze INV,br_ReAssessment,TASK_COMPLETE,SUCCESS,INFO,0,0,0,,2026-09-03T11:45:45.517Z,2026-09-03T12:12:16.686Z,1591,2026-09-03T12:12:16.686Z,V15,Joplin,8e54a6a2-7031-4831-b2c0-8c5ea7811246,SAMMS-JoplinV5
202609031211570534,202609031145401802,202609031145401700,85,3149,Bronze INV,br_ReAssessment,TASK_COMPLETE,SUCCESS,INFO,0,0,0,,2026-09-03T11:45:45.517Z,2026-09-03T12:12:16.686Z,1591,2026-09-03T12:12:16.686Z,V17,Columbia TN,8e54a6a2-7031-4831-b2c0-8c5ea7811246,SAMMS-ColumbiaTNv5
202609031211570535,202609031145401803,202609031145401700,85,3151,Bronze INV,br_ReAssessment,TASK_COMPLETE,SUCCESS,INFO,0,0,0,,2026-09-03T11:45:45.517Z,2026-09-03T12:12:16.686Z,1591,2026-09-03T12:12:16.686Z,V19,Jackson,8e54a6a2-7031-4831-b2c0-8c5ea7811246,SAMMS-JacksonV5
202609031211570536,202609031145401804,202609031145401700,85,3153,Bronze INV,br_ReAssessment,TASK_COMPLETE,SUCCESS,INFO,0,0,0,,2026-09-03T11:45:45.517Z,2026-09-03T12:12:16.686Z,1591,2026-09-03T12:12:16.686Z,V20,Paris,8e54a6a2-7031-4831-b2c0-8c5ea7811246,SAMMS-ParisV5
202609022031236221,202609021926296329,202609021926296228,85,3147,Bronze INV,br_ReAssessment,TASK_COMPLETE,SUCCESS,INFO,0,0,0,,2026-09-02T19:26:44.280Z,2026-09-02T20:31:28.769Z,3884,2026-09-02T20:31:28.769Z,V15,Joplin,aa9f49a8-9ff8-4a6e-a263-7617045dadde,SAMMS-JoplinV5
202609022031236222,202609021926296330,202609021926296228,85,3149,Bronze INV,br_ReAssessment,TASK_COMPLETE,SUCCESS,INFO,0,0,0,,2026-09-02T19:26:44.280Z,2026-09-02T20:31:28.769Z,3884,2026-09-02T20:31:28.769Z,V17,Columbia TN,aa9f49a8-9ff8-4a6e-a263-7617045dadde,SAMMS-ColumbiaTNv5
202609022031236224,202609021926296331,202609021926296228,85,3151,Bronze INV,br_ReAssessment,TASK_COMPLETE,SUCCESS,INFO,0,0,0,,2026-09-02T19:26:44.280Z,2026-09-02T20:31:28.769Z,3884,2026-09-02T20:31:28.769Z,V19,Jackson,aa9f49a8-9ff8-4a6e-a263-7617045dadde,SAMMS-JacksonV5
202609022031236225,202609021926296332,202609021926296228,85,3153,Bronze INV,br_ReAssessment,TASK_COMPLETE,SUCCESS,INFO,0,0,0,,2026-09-02T19:26:44.280Z,2026-09-02T20:31:28.769Z,3884,2026-09-02T20:31:28.769Z,V20,Paris,aa9f49a8-9ff8-4a6e-a263-7617045dadde,SAMMS-ParisV5
202609022031236199,202609021926296309,202609021926296228,85,3121,Bronze INV,br_ReAssessment,TASK_COMPLETE,SUCCESS,INFO,0,0,0,,2026-09-02T19:26:44.280Z,2026-09-02T20:31:28.769Z,3884,2026-09-02T20:31:28.769Z,PH,Phoenix,aa9f49a8-9ff8-4a6e-a263-7617045dadde,SAMMS-Phoenix
202609022031236200,202609021926296310,202609021926296228,85,3125,Bronze INV,br_ReAssessment,TASK_COMPLETE,SUCCESS,INFO,0,0,0,,2026-09-02T19:26:44.280Z,2026-09-02T20:31:28.769Z,3884,2026-09-02T20:31:28.769Z,RE,Reno,aa9f49a8-9ff8-4a6e-a263-7617045dadde,SAMMS-Reno
202609022031236201,202609021926296311,202609021926296228,85,3126,Bronze INV,br_ReAssessment,TASK_COMPLETE,SUCCESS,INFO,0,0,0,,2026-09-02T19:26:44.280Z,2026-09-02T20:31:28.769Z,3884,2026-09-02T20:31:28.769Z,RMD,Richmond,aa9f49a8-9ff8-4a6e-a263-7617045dadde,SAMMS-Richmond
202609022031236202,202609021926296312,202609021926296228,85,3127,Bronze INV,br_ReAssessment,TASK_COMPLETE,SUCCESS,INFO,0,0,0,,2026-09-02T19:26:44.280Z,2026-09-02T20:31:28.769Z,3884,2026-09-02T20:31:28.769Z,SFN,Springfield North,aa9f49a8-9ff8-4a6e-a263-7617045dadde,SAMMS-SFNv5
202609031211570511,202609031145401781,202609031145401700,85,3121,Bronze INV,br_ReAssessment,TASK_COMPLETE,SUCCESS,INFO,0,0,0,,2026-09-03T11:45:45.517Z,2026-09-03T12:12:16.686Z,1591,2026-09-03T12:12:16.686Z,PH,Phoenix,8e54a6a2-7031-4831-b2c0-8c5ea7811246,SAMMS-Phoenix
202609031211570512,202609031145401782,202609031145401700,85,3125,Bronze INV,br_ReAssessment,TASK_COMPLETE,SUCCESS,INFO,0,0,0,,2026-09-03T11:45:45.517Z,2026-09-03T12:12:16.686Z,1591,2026-09-03T12:12:16.686Z,RE,Reno,8e54a6a2-7031-4831-b2c0-8c5ea7811246,SAMMS-Reno
202609031211570513,202609031145401783,202609031145401700,85,3126,Bronze INV,br_ReAssessment,TASK_COMPLETE,SUCCESS,INFO,0,0,0,,2026-09-03T11:45:45.517Z,2026-09-03T12:12:16.686Z,1591,2026-09-03T12:12:16.686Z,RMD,Richmond,8e54a6a2-7031-4831-b2c0-8c5ea7811246,SAMMS-Richmond
202609031211570514,202609031145401784,202609031145401700,85,3127,Bronze INV,br_ReAssessment,TASK_COMPLETE,SUCCESS,INFO,0,0,0,,2026-09-03T11:45:45.517Z,2026-09-03T12:12:16.686Z,1591,2026-09-03T12:12:16.686Z,SFN,Springfield North,8e54a6a2-7031-4831-b2c0-8c5ea7811246,SAMMS-SFNv5
202609022031236132,202609021926296251,202609021926296228,85,3013,Bronze INV,br_ReAssessment,TASK_COMPLETE,SUCCESS,INFO,0,0,0,,2026-09-02T19:26:44.280Z,2026-09-02T20:31:28.769Z,3884,2026-09-02T20:31:28.769Z,B42C,Glen Allen,aa9f49a8-9ff8-4a6e-a263-7617045dadde,SAMMS-GlenAllenV5
202609022031236133,202609021926296252,202609021926296228,85,3014,Bronze INV,br_ReAssessment,TASK_COMPLETE,SUCCESS,INFO,0,0,0,,2026-09-02T19:26:44.280Z,2026-09-02T20:31:28.769Z,3884,2026-09-02T20:31:28.769Z,B42D,Chesapeake South,aa9f49a8-9ff8-4a6e-a263-7617045dadde,SAMMS-ChesapeakeSouthV5
202609022031236134,202609021926296253,202609021926296228,85,3015,Bronze INV,br_ReAssessment,TASK_COMPLETE,SUCCESS,INFO,0,0,0,,2026-09-02T19:26:44.280Z,2026-09-02T20:31:28.769Z,3884,2026-09-02T20:31:28.769Z,B44,Albany,aa9f49a8-9ff8-4a6e-a263-7617045dadde,SAMMS-AlbanyV5
202609022031236136,202609021926296254,202609021926296228,85,3016,Bronze INV,br_ReAssessment,TASK_COMPLETE,SUCCESS,INFO,0,0,0,,2026-09-02T19:26:44.280Z,2026-09-02T20:31:28.769Z,3884,2026-09-02T20:31:28.769Z,B45,Tifton,aa9f49a8-9ff8-4a6e-a263-7617045dadde,SAMMS-TiftonV5
202609031211570480,202609031145401753,202609031145401700,85,3081,Bronze INV,br_ReAssessment,TASK_COMPLETE,SUCCESS,INFO,0,0,0,,2026-09-03T11:45:45.517Z,2026-09-03T12:12:16.686Z,1591,2026-09-03T12:12:16.686Z,DM,Des Moines,8e54a6a2-7031-4831-b2c0-8c5ea7811246,SAMMS-DesMoines
202609031211570481,202609031145401754,202609031145401700,85,3083,Bronze INV,br_ReAssessment,TASK_COMPLETE,SUCCESS,INFO,0,0,0,,2026-09-03T11:45:45.517Z,2026-09-03T12:12:16.686Z,1591,2026-09-03T12:12:16.686Z,DRD-CO,Columbia MO,8e54a6a2-7031-4831-b2c0-8c5ea7811246,SAMMS-ColumbiaV5
202609031211570482,202609031145401755,202609031145401700,85,3084,Bronze INV,br_ReAssessment,TASK_COMPLETE,SUCCESS,INFO,0,0,0,,2026-09-03T11:45:45.517Z,2026-09-03T12:12:16.686Z,1591,2026-09-03T12:12:16.686Z,DRD-KC,KC,8e54a6a2-7031-4831-b2c0-8c5ea7811246,SAMMS-KCv5
202609031211570484,202609031145401756,202609031145401700,85,3085,Bronze INV,br_ReAssessment,TASK_COMPLETE,SUCCESS,INFO,0,0,0,,2026-09-03T11:45:45.517Z,2026-09-03T12:12:16.686Z,1591,2026-09-03T12:12:16.686Z,DRD-KVB,KVB,8e54a6a2-7031-4831-b2c0-8c5ea7811246,SAMMS-KVBv5
202609010526537863,202609010503273336,202609010503273335,46,8701,P1 Finance Bills Bronze - AHK,br_samms_bills,TASK_COMPLETE,SUCCESS,INFO,1559,1559,0,,2026-09-01T05:03:56.880Z,2026-09-01T05:26:57.186Z,1381,2026-09-01T05:26:57.186Z,AHK,Ahoskie,75a93e02-eb8a-4b20-981c-b48401997d72,SAMMS-Ahoskie
202609031349418596,202609031324678140,202609031324678132,44,186,SAMMSGLOBAL Silver,sl_BriefAddictionMonitor,TASK_COMPLETE,SUCCESS,INFO,268559,268559,0,,2026-09-03T13:25:03.092Z,2026-09-03T13:49:48.195Z,1485,2026-09-03T13:49:48.195Z,Global,Global,dc09db6e-8a85-40c4-9b7f-e305f6845bee,SAMMSGLOBAL
202609031711422778,202609031647700286,202609031647700278,44,186,SAMMSGLOBAL Silver,sl_BriefAddictionMonitor,TASK_COMPLETE,SUCCESS,INFO,268559,268559,0,,2026-09-03T16:48:04.788Z,2026-09-03T17:11:47.975Z,1423,2026-09-03T17:11:47.975Z,Global,Global,19ce24cf-1d06-4393-80c8-2aba56f3390a,SAMMSGLOBAL
202609031709225724,202609031647600286,202609031647600278,43,176,SAMMSGLOBAL Bronze,br_BriefAddictionMonitor,TASK_COMPLETE,SUCCESS,INFO,268559,268559,0,,2026-09-03T16:48:04.788Z,2026-09-03T17:09:26.443Z,1282,2026-09-03T17:09:26.443Z,Global,Global,19ce24cf-1d06-4393-80c8-2aba56f3390a,SAMMSGLOBAL
202609031535385988,202609031509726432,202609031509726424,44,186,SAMMSGLOBAL Silver,sl_BriefAddictionMonitor,TASK_COMPLETE,SUCCESS,INFO,268559,268559,0,,2026-09-03T15:10:09.279Z,2026-09-03T15:35:45.337Z,1536,2026-09-03T15:35:45.337Z,Global,Global,80483189-97f8-4d1d-8157-697e9a146982,SAMMSGLOBAL
202609031346340638,202609031324578140,202609031324578132,43,176,SAMMSGLOBAL Bronze,br_BriefAddictionMonitor,TASK_COMPLETE,SUCCESS,INFO,268559,268559,0,,2026-09-03T13:25:03.092Z,2026-09-03T13:46:39.199Z,1296,2026-09-03T13:46:39.199Z,Global,Global,dc09db6e-8a85-40c4-9b7f-e305f6845bee,SAMMSGLOBAL
202608310646164233,202608310646164232,20260831064607,39,154,Gold KnowBe4 Enrollments,KnowBe4Enrollments,TASK_DEPENDENCY_BLOCKED,DEPENDENCY_BLOCKED,WARN,0,0,0,Dependency Failed,2026-08-31T06:46:37.545Z,2026-08-31T06:46:37.545Z,0,2026-08-31T06:46:37.545Z,,,7831e131-4969-4fbe-b1a2-7280ef3a6fd5,
202609010403387114,202609010403387113,20260901040330,39,154,Gold KnowBe4 Enrollments,KnowBe4Enrollments,TASK_DEPENDENCY_BLOCKED,DEPENDENCY_BLOCKED,WARN,0,0,0,Dependency Failed,2026-09-01T04:03:52.562Z,2026-09-01T04:03:52.562Z,0,2026-09-01T04:03:52.562Z,,,89aa85db-7899-405b-952b-7efb5850e815,
202609010335105801,202609010335105801,20260831164925,39,154,Gold KnowBe4 Enrollments,KnowBe4Enrollments,TASK_DEPENDENCY_BLOCKED,DEPENDENCY_BLOCKED,WARN,0,0,0,Dependency Failed,2026-09-01T03:35:19.978Z,2026-09-01T03:35:19.978Z,0,2026-09-01T03:35:19.978Z,,,9aac98b8-cf63-44a3-9b92-06594ef0a146,
202608310354514873,202608310354514869,20260831035447,102,13670,Gold QQ_GLTRAN,QQgltran,TASK_DEPENDENCY_BLOCKED,DEPENDENCY_BLOCKED,WARN,0,0,0,Dependency Failed,2026-08-31T03:55:01.310Z,2026-08-31T03:55:01.310Z,0,2026-08-31T03:55:01.310Z,"","",3628463a-db79-41f2-a479-fe0ce7b794c4,DRD
202609080615240272,202609080615240272,20260908061517,101,13669,Silver QQ_GLTRAN,sl_QQgltran,TASK_FAILED,FAILED,ERROR,0,0,0,Dependency Failed: Upstream Pipeline (ConfigId = 100) FAILED,2026-09-08T06:15:34.711Z,2026-09-08T06:15:34.711Z,0,2026-09-08T06:15:34.711Z,,,c2aec021-343a-4386-9d16-76ad553ccc83,
202609022031236141,202609021926296259,202609021926296228,85,3029,Bronze INV,br_ReAssessment,TASK_COMPLETE,SUCCESS,INFO,0,0,0,,2026-09-02T19:26:44.280Z,2026-09-02T20:31:28.769Z,3884,2026-09-02T20:31:28.769Z,B52,Jackson GA,aa9f49a8-9ff8-4a6e-a263-7617045dadde,SAMMS-JacksonGAV5
202609022031236143,202609021926296260,202609021926296228,85,3030,Bronze INV,br_ReAssessment,TASK_COMPLETE,SUCCESS,INFO,0,0,0,,2026-09-02T19:26:44.280Z,2026-09-02T20:31:28.769Z,3884,2026-09-02T20:31:28.769Z,B54,Gadsden,aa9f49a8-9ff8-4a6e-a263-7617045dadde,SAMMS-GadsdenV5
202609022031236144,202609021926296261,202609021926296228,85,3031,Bronze INV,br_ReAssessment,TASK_COMPLETE,SUCCESS,INFO,0,0,0,,2026-09-02T19:26:44.280Z,2026-09-02T20:31:28.769Z,3884,2026-09-02T20:31:28.769Z,B55,Shoals,aa9f49a8-9ff8-4a6e-a263-7617045dadde,SAMMS-ShoalsV5
202609022031236145,202609021926296262,202609021926296228,85,3032,Bronze INV,br_ReAssessment,TASK_COMPLETE,SUCCESS,INFO,0,0,0,,2026-09-02T19:26:44.280Z,2026-09-02T20:31:28.769Z,3884,2026-09-02T20:31:28.769Z,B57,Pawtucket,aa9f49a8-9ff8-4a6e-a263-7617045dadde,SAMMS-Pawtucket
202609031211570537,202609031145401805,202609031145401700,85,3154,Bronze INV,br_ReAssessment,TASK_COMPLETE,SUCCESS,INFO,0,0,0,,2026-09-03T11:45:45.517Z,2026-09-03T12:12:16.686Z,1591,2026-09-03T12:12:16.686Z,V21,Memphis North,8e54a6a2-7031-4831-b2c0-8c5ea7811246,SAMMS-RaleighV5
202609031211570538,202609031145401806,202609031145401700,85,3157,Bronze INV,br_ReAssessment,TASK_COMPLETE,SUCCESS,INFO,0,0,0,,2026-09-03T11:45:45.517Z,2026-09-03T12:12:16.686Z,1591,2026-09-03T12:12:16.686Z,V5,West Bank,8e54a6a2-7031-4831-b2c0-8c5ea7811246,SAMMS-NONTCv5
202609031211570539,202609031145401807,202609031145401700,85,3159,Bronze INV,br_ReAssessment,TASK_COMPLETE,SUCCESS,INFO,0,0,0,,2026-09-03T11:45:45.517Z,2026-09-03T12:12:16.686Z,1591,2026-09-03T12:12:16.686Z,V5B,Houma,8e54a6a2-7031-4831-b2c0-8c5ea7811246,SAMMS-HoumaV6
202609031211570540,202609031145401808,202609031145401700,85,3160,Bronze INV,br_ReAssessment,TASK_COMPLETE,SUCCESS,INFO,0,0,0,,2026-09-03T11:45:45.517Z,2026-09-03T12:12:16.686Z,1591,2026-09-03T12:12:16.686Z,V6,Lake Charles,8e54a6a2-7031-4831-b2c0-8c5ea7811246,SAMMS-LCv5
202609022031236196,202609021926296307,202609021926296228,85,3119,Bronze INV,br_ReAssessment,TASK_COMPLETE,SUCCESS,INFO,0,0,0,,2026-09-02T19:26:44.280Z,2026-09-02T20:31:28.769Z,3884,2026-09-02T20:31:28.769Z,NC,North Charleston,aa9f49a8-9ff8-4a6e-a263-7617045dadde,SAMMS-NorthCharleston
202609022031236198,202609021926296308,202609021926296228,85,3120,Bronze INV,br_ReAssessment,TASK_COMPLETE,SUCCESS,INFO,0,0,0,,2026-09-02T19:26:44.280Z,2026-09-02T20:31:28.769Z,3884,2026-09-02T20:31:28.769Z,NLR,N. Little Rock,aa9f49a8-9ff8-4a6e-a263-7617045dadde,SAMMS-NLROBOT
202609031211570502,202609031145401773,202609031145401700,85,3107,Bronze INV,br_ReAssessment,TASK_COMPLETE,SUCCESS,INFO,0,0,0,,2026-09-03T11:45:45.517Z,2026-09-03T12:12:16.686Z,1591,2026-09-03T12:12:16.686Z,LV1,Cheyenne,8e54a6a2-7031-4831-b2c0-8c5ea7811246,SAMMS-Cheyenne
202609031211570503,202609031145401774,202609031145401700,85,3108,Bronze INV,br_ReAssessment,TASK_COMPLETE,SUCCESS,INFO,0,0,0,,2026-09-03T11:45:45.517Z,2026-09-03T12:12:16.686Z,1591,2026-09-03T12:12:16.686Z,LV2,Desert Inn,8e54a6a2-7031-4831-b2c0-8c5ea7811246,SAMMS-DesertInn
202609031211570504,202609031145401775,202609031145401700,85,3109,Bronze INV,br_ReAssessment,TASK_COMPLETE,SUCCESS,INFO,0,0,0,,2026-09-03T11:45:45.517Z,2026-09-03T12:12:16.686Z,1591,2026-09-03T12:12:16.686Z,LV3,McDaniel,8e54a6a2-7031-4831-b2c0-8c5ea7811246,SAMMS-McDaniel
202609031211570505,202609031145401776,202609031145401700,85,3112,Bronze INV,br_ReAssessment,TASK_COMPLETE,SUCCESS,INFO,0,0,0,,2026-09-03T11:45:45.517Z,2026-09-03T12:12:16.686Z,1591,2026-09-03T12:12:16.686Z,MNRE,Monroe,8e54a6a2-7031-4831-b2c0-8c5ea7811246,SAMMS-Monroe
202609022031236178,202609021926296291,202609021926296228,85,3093,Bronze INV,br_ReAssessment,TASK_COMPLETE,SUCCESS,INFO,0,0,0,,2026-09-02T19:26:44.280Z,2026-09-02T20:31:28.769Z,3884,2026-09-02T20:31:28.769Z,FR,Frankfort,aa9f49a8-9ff8-4a6e-a263-7617045dadde,SAMMS-Frankfort
202609022031236179,202609021926296292,202609021926296228,85,3094,Bronze INV,br_ReAssessment,TASK_COMPLETE,SUCCESS,INFO,0,0,0,,2026-09-02T19:26:44.280Z,2026-09-02T20:31:28.769Z,3884,2026-09-02T20:31:28.769Z,FS,Fort Smith,aa9f49a8-9ff8-4a6e-a263-7617045dadde,SAMMS-FortSmith
202609022031236181,202609021926296293,202609021926296228,85,3095,Bronze INV,br_ReAssessment,TASK_COMPLETE,SUCCESS,INFO,0,0,0,,2026-09-02T19:26:44.280Z,2026-09-02T20:31:28.769Z,3884,2026-09-02T20:31:28.769Z,FW,Fort Wayne,aa9f49a8-9ff8-4a6e-a263-7617045dadde,SAMMS-FortWayne
202609022031236182,202609021926296294,202609021926296228,85,3096,Bronze INV,br_ReAssessment,TASK_COMPLETE,SUCCESS,INFO,0,0,0,,2026-09-02T19:26:44.280Z,2026-09-02T20:31:28.769Z,3884,2026-09-02T20:31:28.769Z,GAL,Gaylord,aa9f49a8-9ff8-4a6e-a263-7617045dadde,SAMMS-Gaylord
202609031211570515,202609031145401785,202609031145401700,85,3128,Bronze INV,br_ReAssessment,TASK_COMPLETE,SUCCESS,INFO,0,0,0,,2026-09-03T11:45:45.517Z,2026-09-03T12:12:16.686Z,1591,2026-09-03T12:12:16.686Z,SHP,Shreveport,8e54a6a2-7031-4831-b2c0-8c5ea7811246,SAMMS-Shreveport
202609031211570516,202609031145401786,202609031145401700,85,3130,Bronze INV,br_ReAssessment,TASK_COMPLETE,SUCCESS,INFO,0,0,0,,2026-09-03T11:45:45.517Z,2026-09-03T12:12:16.686Z,1591,2026-09-03T12:12:16.686Z,STN,Staunton,8e54a6a2-7031-4831-b2c0-8c5ea7811246,SAMMS-Staunton
202609031211570517,202609031145401787,202609031145401700,85,3131,Bronze INV,br_ReAssessment,TASK_COMPLETE,SUCCESS,INFO,0,0,0,,2026-09-03T11:45:45.517Z,2026-09-03T12:12:16.686Z,1591,2026-09-03T12:12:16.686Z,STVN,Stevenson,8e54a6a2-7031-4831-b2c0-8c5ea7811246,SAMMS-Stevenson
202609031211570518,202609031145401788,202609031145401700,85,3133,Bronze INV,br_ReAssessment,TASK_COMPLETE,SUCCESS,INFO,0,0,0,,2026-09-03T11:45:45.517Z,2026-09-03T12:12:16.686Z,1591,2026-09-03T12:12:16.686Z,TE,Tempe,8e54a6a2-7031-4831-b2c0-8c5ea7811246,SAMMS-Tempe
202609020709284601,202609020709284601,20260902070921,81,228,Absolute Gold Inventory,Absolute_Inventory,TASK_DEPENDENCY_BLOCKED,DEPENDENCY_BLOCKED,WARN,0,0,0,Dependency Failed,2026-09-02T07:09:37.764Z,2026-09-02T07:09:37.764Z,0,2026-09-02T07:09:37.764Z,,,85c6155e-96e1-4147-8377-4f45dcf420e9,
202609020720564758,202609020720564758,20260902072051,81,228,Absolute Gold Inventory,Absolute_Inventory,TASK_DEPENDENCY_BLOCKED,DEPENDENCY_BLOCKED,WARN,0,0,0,Dependency Failed,2026-09-02T07:21:05.113Z,2026-09-02T07:21:05.113Z,0,2026-09-02T07:21:05.113Z,,,f8367c03-a66c-4c42-b205-a6ee3f57a017,
202609022031236176,202609021926296289,202609021926296228,85,3091,Bronze INV,br_ReAssessment,TASK_COMPLETE,SUCCESS,INFO,0,0,0,,2026-09-02T19:26:44.280Z,2026-09-02T20:31:28.769Z,3884,2026-09-02T20:31:28.769Z,ET,Elizabethtown,aa9f49a8-9ff8-4a6e-a263-7617045dadde,SAMMS-Elizabethtown
202609022031236177,202609021926296290,202609021926296228,85,3092,Bronze INV,br_ReAssessment,TASK_COMPLETE,SUCCESS,INFO,0,0,0,,2026-09-02T19:26:44.280Z,2026-09-02T20:31:28.769Z,3884,2026-09-02T20:31:28.769Z,FAY,Fayetteville,aa9f49a8-9ff8-4a6e-a263-7617045dadde,SAMMS-Fayetteville
202609031211570431,202609031145401709,202609031145401700,85,2998,Bronze INV,br_ReAssessment,TASK_COMPLETE,SUCCESS,INFO,0,0,0,,2026-09-03T11:45:45.517Z,2026-09-03T12:12:16.686Z,1591,2026-09-03T12:12:16.686Z,B30,KC North,8e54a6a2-7031-4831-b2c0-8c5ea7811246,SAMMS-KCNv5
202609031211570432,202609031145401710,202609031145401700,85,2999,Bronze INV,br_ReAssessment,TASK_COMPLETE,SUCCESS,INFO,0,0,0,,2026-09-03T11:45:45.517Z,2026-09-03T12:12:16.686Z,1591,2026-09-03T12:12:16.686Z,B31,Dyersburg,8e54a6a2-7031-4831-b2c0-8c5ea7811246,SAMMS-DyersburgV5
202609031211570433,202609031145401711,202609031145401700,85,3001,Bronze INV,br_ReAssessment,TASK_COMPLETE,SUCCESS,INFO,0,0,0,,2026-09-03T11:45:45.517Z,2026-09-03T12:12:16.686Z,1591,2026-09-03T12:12:16.686Z,B33,Paducah,8e54a6a2-7031-4831-b2c0-8c5ea7811246,SAMMS-Paducah
202609031211570435,202609031145401712,202609031145401700,85,3002,Bronze INV,br_ReAssessment,TASK_COMPLETE,SUCCESS,INFO,0,0,0,,2026-09-03T11:45:45.517Z,2026-09-03T12:12:16.686Z,1591,2026-09-03T12:12:16.686Z,B34,Corbin,8e54a6a2-7031-4831-b2c0-8c5ea7811246,SAMMS-CorbinV5
202609010825247593,202609010807417356,202609010807417355,138,13746,Bronze Orders CDC,br_Orders,TASK_COMPLETE,SUCCESS,INFO,102,102,0,,2026-09-01T08:08:04.618Z,2026-09-01T08:25:28.394Z,1044,2026-09-01T08:25:28.394Z,B42,Virginia Beach,e564fb4a-d6e0-4a6d-87df-70b9aa4ef9a8,SAMMS-VirginiaBeachV5
202609022031236106,202609021926296229,202609021926296228,85,2990,Bronze INV,br_ReAssessment,TASK_COMPLETE,SUCCESS,INFO,0,0,0,,2026-09-02T19:26:44.280Z,2026-09-02T20:31:28.769Z,3884,2026-09-02T20:31:28.769Z,AHK,Ahoskie,aa9f49a8-9ff8-4a6e-a263-7617045dadde,SAMMS-Ahoskie
202609022031236108,202609021926296230,202609021926296228,85,2991,Bronze INV,br_ReAssessment,TASK_COMPLETE,SUCCESS,INFO,0,0,0,,2026-09-02T19:26:44.280Z,2026-09-02T20:31:28.769Z,3884,2026-09-02T20:31:28.769Z,B12B,Colorado Springs,aa9f49a8-9ff8-4a6e-a263-7617045dadde,SAMMS-ColoradoSpringsV5
202609071232246954,202609071232246954,20260907123143,5,33,Silver 8x8 Users,sl_8x8_Users,TASK_FAILED,FAILED,ERROR,0,0,0,Dependency Failed: Upstream Pipeline (ConfigId = 4) FAILED,2026-09-07T12:32:30.198Z,2026-09-07T12:32:30.198Z,0,2026-09-07T12:32:30.198Z,,,0833bc45-7cf8-42ce-be71-c454f3197277,
202609010855206703,202609010839594798,202609010839594797,138,13746,Bronze Orders CDC,br_Orders,TASK_COMPLETE,SUCCESS,INFO,102,102,0,,2026-09-01T08:40:14.257Z,2026-09-01T08:55:24.925Z,910,2026-09-01T08:55:24.925Z,B42,Virginia Beach,4405edf1-fb7c-477f-9d58-d1b659522264,SAMMS-VirginiaBeachV5
202608310655090817,202608310638405537,202608310638405536,138,13746,Bronze Orders CDC,br_Orders,TASK_COMPLETE,SUCCESS,INFO,100,100,0,,2026-08-31T06:38:52.686Z,2026-08-31T06:55:17.254Z,985,2026-08-31T06:55:17.254Z,B42,Virginia Beach,09adc00b-372b-45c2-a069-ea5b68dd86d2,SAMMS-VirginiaBeachV5
202609071324223414,202609071324223413,20260907132422,147,0,Pipeline_Activity,Pipeline_Activity,ACTIVITY_FAILED,FAILED,ERROR,0,0,0,Pipeline execution failed with unknown error.,2026-09-07T13:05:36.828Z,2026-09-07T13:20:10.527Z,0,2026-09-07T13:24:36.498Z,,,6100e949-2422-43aa-a662-97fffdd74ef1,
202609071346443080,202609071346443080,20260907134644,147,0,Pipeline_Activity,Pipeline_Activity,ACTIVITY_FAILED,FAILED,ERROR,0,0,0,Pipeline execution failed with unknown error.,2026-09-07T13:30:21.103Z,2026-09-07T13:43:35.536Z,0,2026-09-07T13:46:57.293Z,,,c9352ab0-1fbc-4096-bd90-9bcf656c46c4,
202608310858186227,202608310842246108,202608310842246107,138,13746,Bronze Orders CDC,br_Orders,TASK_COMPLETE,SUCCESS,INFO,112,112,0,,2026-08-31T08:42:47.092Z,2026-08-31T08:58:27.326Z,940,2026-08-31T08:58:27.326Z,B42,Virginia Beach,8d8f524e-53ff-42c5-927c-b9f025f3560d,SAMMS-VirginiaBeachV5
202609022031236118,202609021926296239,202609021926296228,85,3001,Bronze INV,br_ReAssessment,TASK_COMPLETE,SUCCESS,INFO,0,0,0,,2026-09-02T19:26:44.280Z,2026-09-02T20:31:28.769Z,3884,2026-09-02T20:31:28.769Z,B33,Paducah,aa9f49a8-9ff8-4a6e-a263-7617045dadde,SAMMS-Paducah
202609022031236120,202609021926296240,202609021926296228,85,3002,Bronze INV,br_ReAssessment,TASK_COMPLETE,SUCCESS,INFO,0,0,0,,2026-09-02T19:26:44.280Z,2026-09-02T20:31:28.769Z,3884,2026-09-02T20:31:28.769Z,B34,Corbin,aa9f49a8-9ff8-4a6e-a263-7617045dadde,SAMMS-CorbinV5
202609022031236121,202609021926296241,202609021926296228,85,3003,Bronze INV,br_ReAssessment,TASK_COMPLETE,SUCCESS,INFO,0,0,0,,2026-09-02T19:26:44.280Z,2026-09-02T20:31:28.769Z,3884,2026-09-02T20:31:28.769Z,B35,Lexington,aa9f49a8-9ff8-4a6e-a263-7617045dadde,SAMMS-LexingtonV5
202609022031236122,202609021926296242,202609021926296228,85,3004,Bronze INV,br_ReAssessment,TASK_COMPLETE,SUCCESS,INFO,0,0,0,,2026-09-02T19:26:44.280Z,2026-09-02T20:31:28.769Z,3884,2026-09-02T20:31:28.769Z,B35A,Berea,aa9f49a8-9ff8-4a6e-a263-7617045dadde,SAMMS-BereaV5
202609022031236233,202609021926296339,202609021926296228,85,3164,Bronze INV,br_ReAssessment,TASK_COMPLETE,SUCCESS,INFO,0,0,0,,2026-09-02T19:26:44.280Z,2026-09-02T20:31:28.769Z,3884,2026-09-02T20:31:28.769Z,VBRA,Brainerd,aa9f49a8-9ff8-4a6e-a263-7617045dadde,SAMMS-BrainerdV6
202609022031236234,202609021926296340,202609021926296228,85,3165,Bronze INV,br_ReAssessment,TASK_COMPLETE,SUCCESS,INFO,0,0,0,,2026-09-02T19:26:44.280Z,2026-09-02T20:31:28.769Z,3884,2026-09-02T20:31:28.769Z,VBRP,Brooklyn Park,aa9f49a8-9ff8-4a6e-a263-7617045dadde,SAMMS-BrooklynParkV6
202608291425050358,202608291411358117,202608291411358116,138,13746,Bronze Orders CDC,br_Orders,TASK_COMPLETE,SUCCESS,INFO,0,0,0,,2026-08-29T14:11:47.756Z,2026-08-29T14:25:17.721Z,810,2026-08-29T14:25:17.721Z,B42,Virginia Beach,551cb7cb-a268-4bd7-90d9-8e186f18f04b,SAMMS-VirginiaBeachV5
202608310333040128,202608310319285377,202608310319285376,138,13746,Bronze Orders CDC,br_Orders,TASK_COMPLETE,SUCCESS,INFO,0,0,0,,2026-08-31T03:19:41.317Z,2026-08-31T03:33:12.848Z,811,2026-08-31T03:33:12.848Z,B42,Virginia Beach,a6a1b08e-82df-4f99-a849-8253f3b4c81f,SAMMS-VirginiaBeachV5
202609031535401084,202609031509726434,202609031509726424,44,8643,SAMMSGLOBAL Silver,sl_SAMMSGlobal_Devices,TASK_COMPLETE,SUCCESS,INFO,0,4032,0,,2026-09-03T15:10:09.279Z,2026-09-03T15:35:45.337Z,1536,2026-09-03T15:35:45.337Z,Global,Global,80483189-97f8-4d1d-8157-697e9a146982,SAMMSGLOBAL
202609031711434786,202609031647700288,202609031647700278,44,8643,SAMMSGLOBAL Silver,sl_SAMMSGlobal_Devices,TASK_COMPLETE,SUCCESS,INFO,0,4032,0,,2026-09-03T16:48:04.788Z,2026-09-03T17:11:47.975Z,1423,2026-09-03T17:11:47.975Z,Global,Global,19ce24cf-1d06-4393-80c8-2aba56f3390a,SAMMSGLOBAL
202609031349439894,202609031324678142,202609031324678132,44,8643,SAMMSGLOBAL Silver,sl_SAMMSGlobal_Devices,TASK_COMPLETE,SUCCESS,INFO,0,4032,0,,2026-09-03T13:25:03.092Z,2026-09-03T13:49:48.195Z,1485,2026-09-03T13:49:48.195Z,Global,Global,dc09db6e-8a85-40c4-9b7f-e305f6845bee,SAMMSGLOBAL
202609022031236130,202609021926296249,202609021926296228,85,3011,Bronze INV,br_ReAssessment,TASK_COMPLETE,SUCCESS,INFO,0,0,0,,2026-09-02T19:26:44.280Z,2026-09-02T20:31:28.769Z,3884,2026-09-02T20:31:28.769Z,B42A,Newport News,aa9f49a8-9ff8-4a6e-a263-7617045dadde,SAMMS-NewportNewsV5
202609022031236131,202609021926296250,202609021926296228,85,3012,Bronze INV,br_ReAssessment,TASK_COMPLETE,SUCCESS,INFO,0,0,0,,2026-09-02T19:26:44.280Z,2026-09-02T20:31:28.769Z,3884,2026-09-02T20:31:28.769Z,B42B,Franklin,aa9f49a8-9ff8-4a6e-a263-7617045dadde,SAMMS-FranklinV5
202609022031236174,202609021926296287,202609021926296228,85,3088,Bronze INV,br_ReAssessment,TASK_COMPLETE,SUCCESS,INFO,0,0,0,,2026-09-02T19:26:44.280Z,2026-09-02T20:31:28.769Z,3884,2026-09-02T20:31:28.769Z,DRD-SF,Springfield,aa9f49a8-9ff8-4a6e-a263-7617045dadde,SAMMS-SFv5
202609022031236175,202609021926296288,202609021926296228,85,3090,Bronze INV,br_ReAssessment,TASK_COMPLETE,SUCCESS,INFO,0,0,0,,2026-09-02T19:26:44.280Z,2026-09-02T20:31:28.769Z,3884,2026-09-02T20:31:28.769Z,ELC,Elizabeth City,aa9f49a8-9ff8-4a6e-a263-7617045dadde,SAMMS-ElizabethCity
202608310818138309,202608310818138309,20260831075339,134,13719,Ref Lab Gold,RefLab_Analysis,TASK_DEPENDENCY_BLOCKED,DEPENDENCY_BLOCKED,WARN,0,0,0,Dependency Failed : 13718 (checked: 13718),2026-08-31T08:18:28.771Z,2026-08-31T08:18:28.771Z,0,2026-08-31T08:18:28.771Z,,,afgs51-ases-aqm-09-sf21,
202609020358271081,202609020358271082,20260902035827,110,8612,Silver Bank Transactions,sl_BankTransactions,TASK_FAILED,FAILED,ERROR,0,0,1,Cash Flow Pipeline Execution Failed,2026-09-02T03:58:27.108Z,2026-09-02T03:58:27.108Z,0,2026-09-02T03:58:27.108Z,,,d0354a1d-b115-4cc7-88f9-15c40e686970,
202609011127267012,202609011115228561,202609011115228560,18,51001,Orders Bronze SaveOrders - AHK,br_Orders,TASK_COMPLETE,SUCCESS,INFO,315,315,0,,2026-09-01T11:15:37.762Z,2026-09-01T11:27:30.715Z,713,2026-09-01T11:27:30.715Z,AHK,Ahoskie,51d2b2a8-f55a-4c15-81a5-8a10d317f1ae,SAMMS-Ahoskie
202609022031236109,202609021926296231,202609021926296228,85,2992,Bronze INV,br_ReAssessment,TASK_COMPLETE,SUCCESS,INFO,0,0,0,,2026-09-02T19:26:44.280Z,2026-09-02T20:31:28.769Z,3884,2026-09-02T20:31:28.769Z,B24,Paintsville,aa9f49a8-9ff8-4a6e-a263-7617045dadde,SAMMS-PaintsvilleV5
202609022031236110,202609021926296232,202609021926296228,85,2993,Bronze INV,br_ReAssessment,TASK_COMPLETE,SUCCESS,INFO,0,0,0,,2026-09-02T19:26:44.280Z,2026-09-02T20:31:28.769Z,3884,2026-09-02T20:31:28.769Z,B25,Pikeville,aa9f49a8-9ff8-4a6e-a263-7617045dadde,SAMMS-PikevilleV5
202609010929083174,202609010929083174,20260901092721,2,18,Silver UKG Person Details,PersonDetails,TASK_DEPENDENCY_BLOCKED,DEPENDENCY_BLOCKED,WARN,0,0,0,Dependency Failed,2026-09-01T09:29:14.901Z,2026-09-01T09:29:14.901Z,0,2026-09-01T09:29:14.901Z,,,c46e47f1-7e0c-46c6-93e3-7d17cbc17d55,
202609011055232159,202609011043370439,202609011043370438,18,51001,Orders Bronze SaveOrders - AHK,br_Orders,TASK_COMPLETE,SUCCESS,INFO,0,0,0,,2026-09-01T10:43:53.486Z,2026-09-01T10:55:26.977Z,693,2026-09-01T10:55:26.977Z,AHK,Ahoskie,328316bf-c54a-4380-9fd7-d644d5fc41c8,SAMMS-Ahoskie
202609022031236167,202609021926296281,202609021926296228,85,3081,Bronze INV,br_ReAssessment,TASK_COMPLETE,SUCCESS,INFO,0,0,0,,2026-09-02T19:26:44.280Z,2026-09-02T20:31:28.769Z,3884,2026-09-02T20:31:28.769Z,DM,Des Moines,aa9f49a8-9ff8-4a6e-a263-7617045dadde,SAMMS-DesMoines
202609022031236168,202609021926296282,202609021926296228,85,3083,Bronze INV,br_ReAssessment,TASK_COMPLETE,SUCCESS,INFO,0,0,0,,2026-09-02T19:26:44.280Z,2026-09-02T20:31:28.769Z,3884,2026-09-02T20:31:28.769Z,DRD-CO,Columbia MO,aa9f49a8-9ff8-4a6e-a263-7617045dadde,SAMMS-ColumbiaV5
202609022031236146,202609021926296263,202609021926296228,85,3033,Bronze INV,br_ReAssessment,TASK_COMPLETE,SUCCESS,INFO,12,12,0,,2026-09-02T19:26:44.280Z,2026-09-02T20:31:28.769Z,3884,2026-09-02T20:31:28.769Z,B57A,Johnston,aa9f49a8-9ff8-4a6e-a263-7617045dadde,SAMMS-Johnston
202609022031236147,202609021926296264,202609021926296228,85,3034,Bronze INV,br_ReAssessment,TASK_COMPLETE,SUCCESS,INFO,0,0,0,,2026-09-02T19:26:44.280Z,2026-09-02T20:31:28.769Z,3884,2026-09-02T20:31:28.769Z,B57B,Middletown,aa9f49a8-9ff8-4a6e-a263-7617045dadde,SAMMS-Middletown
202609022031236137,202609021926296255,202609021926296228,85,3017,Bronze INV,br_ReAssessment,TASK_COMPLETE,SUCCESS,INFO,0,0,0,,2026-09-02T19:26:44.280Z,2026-09-02T20:31:28.769Z,3884,2026-09-02T20:31:28.769Z,B46,Washington DC,aa9f49a8-9ff8-4a6e-a263-7617045dadde,SAMMS-WashingtonDCv5
202609022031236138,202609021926296256,202609021926296228,85,3018,Bronze INV,br_ReAssessment,TASK_COMPLETE,SUCCESS,INFO,0,0,0,,2026-09-02T19:26:44.280Z,2026-09-02T20:31:28.769Z,3884,2026-09-02T20:31:28.769Z,B47,Mobile,aa9f49a8-9ff8-4a6e-a263-7617045dadde,SAMMS-MobileV5
202609022031236212,202609021926296321,202609021926296228,85,3138,Bronze INV,br_ReAssessment,TASK_COMPLETE,SUCCESS,INFO,0,0,0,,2026-09-02T19:26:44.280Z,2026-09-02T20:31:28.769Z,3884,2026-09-02T20:31:28.769Z,TU,Tucson,aa9f49a8-9ff8-4a6e-a263-7617045dadde,SAMMS-Tucson
202609022031236213,202609021926296322,202609021926296228,85,3140,Bronze INV,br_ReAssessment,TASK_COMPLETE,SUCCESS,INFO,0,0,0,,2026-09-02T19:26:44.280Z,2026-09-02T20:31:28.769Z,3884,2026-09-02T20:31:28.769Z,V1,Memphis South,aa9f49a8-9ff8-4a6e-a263-7617045dadde,SAMMS-VCPHCS-I-MemphisV5
202609022031236169,202609021926296283,202609021926296228,85,3084,Bronze INV,br_ReAssessment,TASK_COMPLETE,SUCCESS,INFO,0,0,0,,2026-09-02T19:26:44.280Z,2026-09-02T20:31:28.769Z,3884,2026-09-02T20:31:28.769Z,DRD-KC,KC,aa9f49a8-9ff8-4a6e-a263-7617045dadde,SAMMS-KCv5
202609022031236170,202609021926296284,202609021926296228,85,3085,Bronze INV,br_ReAssessment,TASK_COMPLETE,SUCCESS,INFO,0,0,0,,2026-09-02T19:26:44.280Z,2026-09-02T20:31:28.769Z,3884,2026-09-02T20:31:28.769Z,DRD-KVB,KVB,aa9f49a8-9ff8-4a6e-a263-7617045dadde,SAMMS-KVBv5
202609022031236171,202609021926296285,202609021926296228,85,3086,Bronze INV,br_ReAssessment,TASK_COMPLETE,SUCCESS,INFO,0,0,0,,2026-09-02T19:26:44.280Z,2026-09-02T20:31:28.769Z,3884,2026-09-02T20:31:28.769Z,DRD-KVC,KVC,aa9f49a8-9ff8-4a6e-a263-7617045dadde,SAMMS-KVCv5
202609022031236173,202609021926296286,202609021926296228,85,3087,Bronze INV,br_ReAssessment,TASK_COMPLETE,SUCCESS,INFO,0,0,0,,2026-09-02T19:26:44.280Z,2026-09-02T20:31:28.769Z,3884,2026-09-02T20:31:28.769Z,DRD-NOLA,NOLA,aa9f49a8-9ff8-4a6e-a263-7617045dadde,SAMMS-NOLAv5
202608310842233534,202608310842233534,20260831075339,134,13719,Ref Lab Gold,RefLab_Analysis,GOLD_ZERO,SUCCESS,WARN,0,0,0,Gold transformation resulted in 0 rows for Ref Lab Gold,2026-08-31T08:42:29.731Z,2026-08-31T08:42:51.743Z,15,2026-08-31T08:42:51.743Z,,,37c02356-54c6-4ef5-9431-a8a2d170b0b0,
202609030659097546,202609030659097547,20260903065909,122,12585,Gold OffWeek Counseling,OffWeekCounselingEngagement,TASK_FAILED,FAILED,ERROR,0,0,1,Pipeline Execution Failed,2026-09-03T06:59:09.754Z,2026-09-03T06:59:09.754Z,0,2026-09-03T06:59:09.754Z,,,99698447-e02c-478c-bc1e-40fdc49c170e,
202609030635151266,202609030635151267,20260903063515,122,12585,Gold OffWeek Counseling,OffWeekCounselingEngagement,TASK_FAILED,FAILED,ERROR,0,0,1,Pipeline Execution Failed,2026-09-03T06:35:15.126Z,2026-09-03T06:35:15.126Z,0,2026-09-03T06:35:15.126Z,,,f96f5b99-9d68-4178-8a83-78819af29a92,
202609020850215272,202609020850215272,20260831092127,134,13719,Ref Lab Gold,RefLab_Analysis,GOLD_ZERO,SUCCESS,WARN,0,0,0,Gold transformation resulted in 0 rows for Ref Lab Gold,2026-09-02T08:50:25.878Z,2026-09-02T08:50:40.730Z,8,2026-09-02T08:50:40.730Z,,,a248cb53-4f30-44b6-ac15-5cdc6c387758,
202609031816291404,202609031729377746,202609031729377737,98,6795,P1 Forms New Discharge Transfer Plan Form Silver,tbl_NewDischargeTransferPlanForm,TASK_COMPLETE,SUCCESS,INFO,15792,15792,0,,2026-09-03T17:29:32.843Z,2026-09-03T18:16:31.354Z,2819,2026-09-03T18:16:31.354Z,,,94249231-24a1-492e-97bf-dcd504ea599a,
202609022031236183,202609021926296295,202609021926296228,85,3100,Bronze INV,br_ReAssessment,TASK_COMPLETE,SUCCESS,INFO,0,0,0,,2026-09-02T19:26:44.280Z,2026-09-02T20:31:28.769Z,3884,2026-09-02T20:31:28.769Z,HGT,Hagerstown,aa9f49a8-9ff8-4a6e-a263-7617045dadde,SAMMS-Hagerstown
202609022031236184,202609021926296296,202609021926296228,85,3101,Bronze INV,br_ReAssessment,TASK_COMPLETE,SUCCESS,INFO,0,0,0,,2026-09-02T19:26:44.280Z,2026-09-02T20:31:28.769Z,3884,2026-09-02T20:31:28.769Z,HNT,Huntsville,aa9f49a8-9ff8-4a6e-a263-7617045dadde,SAMMS-Huntsville
202609010928576225,202609010928576225,20260901092721,2,8,Silver UKG Hour Register,HourRegister,TASK_DEPENDENCY_BLOCKED,DEPENDENCY_BLOCKED,WARN,0,0,0,Dependency Failed,2026-09-01T09:29:04.273Z,2026-09-01T09:29:04.273Z,0,2026-09-01T09:29:04.273Z,,,c46e47f1-7e0c-46c6-93e3-7d17cbc17d55,
202609022031236160,202609021926296275,202609021926296228,85,3056,Bronze INV,br_ReAssessment,TASK_COMPLETE,SUCCESS,INFO,0,0,0,,2026-09-02T19:26:44.280Z,2026-09-02T20:31:28.769Z,3884,2026-09-02T20:31:28.769Z,CBCO,Coeur dAlene,aa9f49a8-9ff8-4a6e-a263-7617045dadde,SAMMS-CoeurdAleneV6
202609022031236161,202609021926296276,202609021926296228,85,3075,Bronze INV,br_ReAssessment,TASK_COMPLETE,SUCCESS,INFO,0,0,0,,2026-09-02T19:26:44.280Z,2026-09-02T20:31:28.769Z,3884,2026-09-02T20:31:28.769Z,CON,Conway,aa9f49a8-9ff8-4a6e-a263-7617045dadde,SAMMS-Conway
202609031349451026,202609031324678144,202609031324678132,44,5739,SAMMSGLOBAL Silver,sl_UserCredentials,TASK_COMPLETE,SUCCESS,INFO,981,981,0,,2026-09-03T13:25:03.092Z,2026-09-03T13:49:48.195Z,1485,2026-09-03T13:49:48.195Z,Global,Global,dc09db6e-8a85-40c4-9b7f-e305f6845bee,SAMMSGLOBAL
202609031535415204,202609031509726436,202609031509726424,44,5739,SAMMSGLOBAL Silver,sl_UserCredentials,TASK_COMPLETE,SUCCESS,INFO,981,981,0,,2026-09-03T15:10:09.279Z,2026-09-03T15:35:45.337Z,1536,2026-09-03T15:35:45.337Z,Global,Global,80483189-97f8-4d1d-8157-697e9a146982,SAMMSGLOBAL
202609031711449838,202609031647700290,202609031647700278,44,5739,SAMMSGLOBAL Silver,sl_UserCredentials,TASK_COMPLETE,SUCCESS,INFO,981,981,0,,2026-09-03T16:48:04.788Z,2026-09-03T17:11:47.975Z,1423,2026-09-03T17:11:47.975Z,Global,Global,19ce24cf-1d06-4393-80c8-2aba56f3390a,SAMMSGLOBAL
202609031709225728,202609031647600289,202609031647600278,43,5737,SAMMSGLOBAL Bronze,br_UserCredentials,TASK_COMPLETE,SUCCESS,INFO,981,981,0,,2026-09-03T16:48:04.788Z,2026-09-03T17:09:26.443Z,1282,2026-09-03T17:09:26.443Z,Global,Global,19ce24cf-1d06-4393-80c8-2aba56f3390a,SAMMSGLOBAL
202609031346340641,202609031324578143,202609031324578132,43,5737,SAMMSGLOBAL Bronze,br_UserCredentials,TASK_COMPLETE,SUCCESS,INFO,981,981,0,,2026-09-03T13:25:03.092Z,2026-09-03T13:46:39.199Z,1296,2026-09-03T13:46:39.199Z,Global,Global,dc09db6e-8a85-40c4-9b7f-e305f6845bee,SAMMSGLOBAL
202609031535371026,202609031509726430,202609031509726424,44,185,SAMMSGLOBAL Silver,sl_FormsSAMMSClient,TASK_COMPLETE,SUCCESS,INFO,0,0,0,,2026-09-03T15:10:09.279Z,2026-09-03T15:35:45.337Z,1536,2026-09-03T15:35:45.337Z,Global,Global,80483189-97f8-4d1d-8157-697e9a146982,SAMMSGLOBAL
202609031709225722,202609031647600284,202609031647600278,43,175,SAMMSGLOBAL Bronze,br_FormsSAMMSClient,TASK_COMPLETE,SUCCESS,INFO,0,0,0,,2026-09-03T16:48:04.788Z,2026-09-03T17:09:26.443Z,1282,2026-09-03T17:09:26.443Z,Global,Global,19ce24cf-1d06-4393-80c8-2aba56f3390a,SAMMSGLOBAL
202609031346340635,202609031324578138,202609031324578132,43,175,SAMMSGLOBAL Bronze,br_FormsSAMMSClient,TASK_COMPLETE,SUCCESS,INFO,0,0,0,,2026-09-03T13:25:03.092Z,2026-09-03T13:46:39.199Z,1296,2026-09-03T13:46:39.199Z,Global,Global,dc09db6e-8a85-40c4-9b7f-e305f6845bee,SAMMSGLOBAL
202609031349406457,202609031324678138,202609031324678132,44,185,SAMMSGLOBAL Silver,sl_FormsSAMMSClient,TASK_COMPLETE,SUCCESS,INFO,0,0,0,,2026-09-03T13:25:03.092Z,2026-09-03T13:49:48.195Z,1485,2026-09-03T13:49:48.195Z,Global,Global,dc09db6e-8a85-40c4-9b7f-e305f6845bee,SAMMSGLOBAL
202609031711408143,202609031647700284,202609031647700278,44,185,SAMMSGLOBAL Silver,sl_FormsSAMMSClient,TASK_COMPLETE,SUCCESS,INFO,0,0,0,,2026-09-03T16:48:04.788Z,2026-09-03T17:11:47.975Z,1423,2026-09-03T17:11:47.975Z,Global,Global,19ce24cf-1d06-4393-80c8-2aba56f3390a,SAMMSGLOBAL
202609022031236153,202609021926296269,202609021926296228,85,3044,Bronze INV,br_ReAssessment,TASK_COMPLETE,SUCCESS,INFO,0,0,0,,2026-09-02T19:26:44.280Z,2026-09-02T20:31:28.769Z,3884,2026-09-02T20:31:28.769Z,B73,Montgomery,aa9f49a8-9ff8-4a6e-a263-7617045dadde,SAMMS-Montgomery
202609022031236154,202609021926296270,202609021926296228,85,3045,Bronze INV,br_ReAssessment,TASK_COMPLETE,SUCCESS,INFO,0,0,0,,2026-09-02T19:26:44.280Z,2026-09-02T20:31:28.769Z,3884,2026-09-02T20:31:28.769Z,B75,Lawrence,aa9f49a8-9ff8-4a6e-a263-7617045dadde,SAMMS-LawrenceV6
202609010529168980,202609010503373341,202609010503373335,47,9406,P1 Finance Financial Hardship Application Silver,tbl_FinancialHardshipApplication,TASK_COMPLETE,SUCCESS,INFO,182,182,0,,2026-09-01T05:03:56.880Z,2026-09-01T05:29:18.945Z,1522,2026-09-01T05:29:18.945Z,,,75a93e02-eb8a-4b20-981c-b48401997d72,
202608310837242560,202608310837242560,20260831083718,92,5715,Silver Conferdeploy CBInventory,sl_conferdeploy_cbinventory,TASK_COMPLETE,SUCCESS,INFO,4,2205,0,,2026-08-31T08:37:28.961Z,2026-08-31T08:38:04.663Z,35,2026-08-31T08:38:06.399Z,0,0,0,2eddf0ce-6b97-4c82-8bf9-ccbf21e2998e
202608310800576402,202608310800576402,20260831080042,92,5715,Silver Conferdeploy CBInventory,sl_conferdeploy_cbinventory,TASK_COMPLETE,SUCCESS,INFO,4,2205,0,,2026-08-31T08:01:04.106Z,2026-08-31T08:01:42.749Z,38,2026-08-31T08:01:48.872Z,0,0,0,22061772-8118-40ff-82ce-daec1d26d93e
202609022031236226,202609021926296333,202609021926296228,85,3154,Bronze INV,br_ReAssessment,TASK_COMPLETE,SUCCESS,INFO,0,0,0,,2026-09-02T19:26:44.280Z,2026-09-02T20:31:28.769Z,3884,2026-09-02T20:31:28.769Z,V21,Memphis North,aa9f49a8-9ff8-4a6e-a263-7617045dadde,SAMMS-RaleighV5
202609022031236227,202609021926296334,202609021926296228,85,3157,Bronze INV,br_ReAssessment,TASK_COMPLETE,SUCCESS,INFO,0,0,0,,2026-09-02T19:26:44.280Z,2026-09-02T20:31:28.769Z,3884,2026-09-02T20:31:28.769Z,V5,West Bank,aa9f49a8-9ff8-4a6e-a263-7617045dadde,SAMMS-NONTCv5
202609021142037226,202609021142037227,20260902114203,126,13680,Bronze Overdue Courses,br_learningreports_overdue,TASK_FAILED,FAILED,ERROR,0,0,1,Pipeline Execution Failed,2026-09-02T11:42:03.722Z,2026-09-02T11:42:03.722Z,0,2026-09-02T11:42:03.722Z,,,3950b43b-427e-45ed-bc2d-f59ee8f737dd,
202609080643425325,202609080643425325,20260908064342,1,1,UKG Job Codes API,br_JobCodes,ACTIVITY_FAILED,FAILED,ERROR,0,0,0,Pipeline execution failed with unknown error.,2026-09-08T06:26:51.398Z,2026-09-08T06:40:35.431Z,0,2026-09-08T06:43:54.981Z,,,e403e9f6-1206-49ac-bede-045a2ed95a50,
202609071527233029,202609071527233029,20260907152723,1,1,UKG Job Codes API,br_JobCodes,ACTIVITY_FAILED,FAILED,ERROR,0,0,0,Pipeline execution failed with unknown error.,2026-09-07T15:12:34.516Z,2026-09-07T15:23:19.209Z,0,2026-09-07T15:27:36.843Z,,,0460ec9f-7fac-46d5-9e9b-69695287cfbb,
202609071157137104,202609071157137104,20260907115713,1,1,UKG Job Codes API,br_JobCodes,ACTIVITY_FAILED,FAILED,ERROR,0,0,0,Pipeline execution failed with unknown error.,2026-09-07T11:41:17.288Z,2026-09-07T11:53:38.068Z,0,2026-09-07T11:57:28.300Z,,,174a6461-d193-4195-bf67-804ec5854ef1,
202609071549361147,202609071549361147,20260907154936,1,1,UKG Job Codes API,br_JobCodes,ACTIVITY_FAILED,FAILED,ERROR,0,0,0,Pipeline execution failed with unknown error.,2026-09-07T15:33:46.705Z,2026-09-07T15:46:24.550Z,0,2026-09-07T15:49:48.668Z,,,5697f28d-d34c-4ea1-97ba-86411f09cc26,
202609071127429886,202609071127429886,20260907112742,1,1,UKG Job Codes API,br_JobCodes,ACTIVITY_FAILED,FAILED,ERROR,0,0,0,Pipeline execution failed with unknown error.,2026-09-07T11:04:22.200Z,2026-09-07T11:24:29.435Z,0,2026-09-07T11:27:55.929Z,,,febd9bc8-75c6-4368-a516-f0351188daa4,
202609071500466351,202609071500466351,20260907150046,1,1,UKG Job Codes API,br_JobCodes,ACTIVITY_FAILED,FAILED,ERROR,0,0,0,Pipeline execution failed with unknown error.,2026-09-07T14:44:57.890Z,2026-09-07T14:56:48.450Z,0,2026-09-07T15:01:00.111Z,,,ac5b8015-db8f-42f7-a7bf-bc43167fdd7f,
202609041248006966,202609041248006966,20260904124800,1,1,UKG Job Codes API,br_JobCodes,ACTIVITY_FAILED,FAILED,ERROR,0,0,0,Pipeline execution failed with unknown error.,2026-09-04T12:27:26.792Z,2026-09-04T12:44:45.687Z,0,2026-09-04T12:48:16.596Z,,,3d506aa0-0269-43eb-aec3-b5d371469503,
202609041210306772,202609041210306772,20260904121030,1,1,UKG Job Codes API,br_JobCodes,ACTIVITY_FAILED,FAILED,ERROR,0,0,0,Pipeline execution failed with unknown error.,2026-09-04T11:34:36.458Z,2026-09-04T12:06:13.222Z,0,2026-09-04T12:11:05.083Z,,,a32139d4-7f73-4d6a-9430-a52d8d74e9b7,
202609071246224321,202609071246224321,20260907124622,1,1,UKG Job Codes API,br_JobCodes,ACTIVITY_FAILED,FAILED,ERROR,0,0,0,Pipeline execution failed with unknown error.,2026-09-07T12:30:29.932Z,2026-09-07T12:42:57.250Z,0,2026-09-07T12:46:35.067Z,,,03d14284-f9c3-4d2e-9729-2e3083b8d33e,
202609031346340639,202609031324578141,202609031324578132,43,8642,SAMMSGLOBAL Bronze,br_GlobalDevices,TASK_COMPLETE,SUCCESS,INFO,4032,4032,0,,2026-09-03T13:25:03.092Z,2026-09-03T13:46:39.199Z,1296,2026-09-03T13:46:39.199Z,Global,Global,dc09db6e-8a85-40c4-9b7f-e305f6845bee,SAMMSGLOBAL
202609031709225725,202609031647600287,202609031647600278,43,8642,SAMMSGLOBAL Bronze,br_GlobalDevices,TASK_COMPLETE,SUCCESS,INFO,4032,4032,0,,2026-09-03T16:48:04.788Z,2026-09-03T17:09:26.443Z,1282,2026-09-03T17:09:26.443Z,Global,Global,19ce24cf-1d06-4393-80c8-2aba56f3390a,SAMMSGLOBAL
202609022031236203,202609021926296313,202609021926296228,85,3128,Bronze INV,br_ReAssessment,TASK_COMPLETE,SUCCESS,INFO,0,0,0,,2026-09-02T19:26:44.280Z,2026-09-02T20:31:28.769Z,3884,2026-09-02T20:31:28.769Z,SHP,Shreveport,aa9f49a8-9ff8-4a6e-a263-7617045dadde,SAMMS-Shreveport
202609022031236204,202609021926296314,202609021926296228,85,3130,Bronze INV,br_ReAssessment,TASK_COMPLETE,SUCCESS,INFO,0,0,0,,2026-09-02T19:26:44.280Z,2026-09-02T20:31:28.769Z,3884,2026-09-02T20:31:28.769Z,STN,Staunton,aa9f49a8-9ff8-4a6e-a263-7617045dadde,SAMMS-Staunton
202609031535393060,202609031509726433,202609031509726424,44,181,SAMMSGLOBAL Silver,sl_GlobalDevices,TASK_COMPLETE,SUCCESS,INFO,4032,4032,0,,2026-09-03T15:10:09.279Z,2026-09-03T15:35:45.337Z,1536,2026-09-03T15:35:45.337Z,Global,Global,80483189-97f8-4d1d-8157-697e9a146982,SAMMSGLOBAL
202609031349423689,202609031324678141,202609031324678132,44,181,SAMMSGLOBAL Silver,sl_GlobalDevices,TASK_COMPLETE,SUCCESS,INFO,4032,4032,0,,2026-09-03T13:25:03.092Z,2026-09-03T13:49:48.195Z,1485,2026-09-03T13:49:48.195Z,Global,Global,dc09db6e-8a85-40c4-9b7f-e305f6845bee,SAMMSGLOBAL
202609031711429220,202609031647700287,202609031647700278,44,181,SAMMSGLOBAL Silver,sl_GlobalDevices,TASK_COMPLETE,SUCCESS,INFO,4032,4032,0,,2026-09-03T16:48:04.788Z,2026-09-03T17:11:47.975Z,1423,2026-09-03T17:11:47.975Z,Global,Global,19ce24cf-1d06-4393-80c8-2aba56f3390a,SAMMSGLOBAL
202609022031236190,202609021926296301,202609021926296228,85,3107,Bronze INV,br_ReAssessment,TASK_COMPLETE,SUCCESS,INFO,0,0,0,,2026-09-02T19:26:44.280Z,2026-09-02T20:31:28.769Z,3884,2026-09-02T20:31:28.769Z,LV1,Cheyenne,aa9f49a8-9ff8-4a6e-a263-7617045dadde,SAMMS-Cheyenne
202609022031236191,202609021926296302,202609021926296228,85,3108,Bronze INV,br_ReAssessment,TASK_COMPLETE,SUCCESS,INFO,0,0,0,,2026-09-02T19:26:44.280Z,2026-09-02T20:31:28.769Z,3884,2026-09-02T20:31:28.769Z,LV2,Desert Inn,aa9f49a8-9ff8-4a6e-a263-7617045dadde,SAMMS-DesertInn
202609041352054008,202609041344521465,202609041344521464,25,55001,DartsSrv Bronze - AHK,br_tblDartSrv,TASK_COMPLETE,SUCCESS,INFO,137,137,0,,2026-09-04T13:45:02.692Z,2026-09-04T13:52:09.126Z,427,2026-09-04T13:52:09.126Z,AHK,Ahoskie,cb9f45fe-59e4-4b23-966e-377c65c5ec2d,SAMMS-Ahoskie
202609021035457068,202609021035457069,20260902103545,128,13682,Gold Overdue Courses,pay.LearningReports_Overdue,TASK_FAILED,FAILED,ERROR,0,0,1,Pipeline Execution Failed,2026-09-02T10:35:45.706Z,2026-09-02T10:35:45.706Z,0,2026-09-02T10:35:45.706Z,,,fae6f27e-61f7-4550-97cb-ae854acd3594,
202609031533006743,202609031509626426,202609031509626424,43,173,SAMMSGLOBAL Bronze,br_FeeSched,TASK_COMPLETE,SUCCESS,INFO,16313,16313,0,,2026-09-03T15:10:09.279Z,2026-09-03T15:33:04.060Z,1375,2026-09-03T15:33:04.060Z,Global,Global,80483189-97f8-4d1d-8157-697e9a146982,SAMMSGLOBAL
202609031533006745,202609031509626427,202609031509626424,43,167,SAMMSGLOBAL Bronze,br_User,TASK_COMPLETE,SUCCESS,INFO,11983,11983,0,,2026-09-03T15:10:09.279Z,2026-09-03T15:33:04.060Z,1375,2026-09-03T15:33:04.060Z,Global,Global,80483189-97f8-4d1d-8157-697e9a146982,SAMMSGLOBAL
202609030915040758,202609030915040759,20260903091504,116,8626,Silver Patient Services,sl_patientservicesnoshow,TASK_FAILED,FAILED,ERROR,0,0,1,Pipeline Execution Failed,2026-09-03T09:15:04.075Z,2026-09-03T09:15:04.075Z,0,2026-09-03T09:15:04.075Z,,,f2da5a98-42fb-4bd7-88da-5f3950e11e2a,
202609080810305983,202609080810305984,20260908081030,116,8626,Silver Patient Services,sl_patientservicesnoshow,TASK_FAILED,FAILED,ERROR,0,0,1,Pipeline Execution Failed,2026-09-08T08:10:30.598Z,2026-09-08T08:10:30.598Z,0,2026-09-08T08:10:30.598Z,,,c3ba8c1f-eaf7-4257-a9c8-fe0890af5458,
202609030851096304,202609030851096305,20260903085109,116,8626,Silver Patient Services,sl_patientservicesnoshow,TASK_FAILED,FAILED,ERROR,0,0,1,Pipeline Execution Failed,2026-09-03T08:51:09.630Z,2026-09-03T08:51:09.630Z,0,2026-09-03T08:51:09.630Z,,,ab9ed20c-53b7-40a4-a401-6c3a92d79c2c,
202609031816291395,202609031729377738,202609031729377737,98,5859,P1 Forms Comprehensive Assessment Form Silver,tbl_ComprehensiveAssessmentForm,TASK_COMPLETE,SUCCESS,INFO,50381,50381,0,,2026-09-03T17:29:32.843Z,2026-09-03T18:16:31.354Z,2819,2026-09-03T18:16:31.354Z,,,94249231-24a1-492e-97bf-dcd504ea599a,
202609022031236123,202609021926296243,202609021926296228,85,3005,Bronze INV,br_ReAssessment,TASK_COMPLETE,SUCCESS,INFO,0,0,0,,2026-09-02T19:26:44.280Z,2026-09-02T20:31:28.769Z,3884,2026-09-02T20:31:28.769Z,B36,Asheville,aa9f49a8-9ff8-4a6e-a263-7617045dadde,SAMMS-AshevilleV5
202609022031236124,202609021926296244,202609021926296228,85,3006,Bronze INV,br_ReAssessment,TASK_COMPLETE,SUCCESS,INFO,0,0,0,,2026-09-02T19:26:44.280Z,2026-09-02T20:31:28.769Z,3884,2026-09-02T20:31:28.769Z,B37,Clyde,aa9f49a8-9ff8-4a6e-a263-7617045dadde,SAMMS-ClydeV5
202609022031236116,202609021926296237,202609021926296228,85,2998,Bronze INV,br_ReAssessment,TASK_COMPLETE,SUCCESS,INFO,0,0,0,,2026-09-02T19:26:44.280Z,2026-09-02T20:31:28.769Z,3884,2026-09-02T20:31:28.769Z,B30,KC North,aa9f49a8-9ff8-4a6e-a263-7617045dadde,SAMMS-KCNv5
202609022031236117,202609021926296238,202609021926296228,85,2999,Bronze INV,br_ReAssessment,TASK_COMPLETE,SUCCESS,INFO,0,0,0,,2026-09-02T19:26:44.280Z,2026-09-02T20:31:28.769Z,3884,2026-09-02T20:31:28.769Z,B31,Dyersburg,aa9f49a8-9ff8-4a6e-a263-7617045dadde,SAMMS-DyersburgV5
202609010825248876,202609010807417357,202609010807417355,138,13745,Bronze Orders CDC,br_Orders,TASK_COMPLETE,SUCCESS,INFO,121,121,0,,2026-09-01T08:08:04.618Z,2026-09-01T08:25:28.394Z,1044,2026-09-01T08:25:28.394Z,HGT,Hagerstown,e564fb4a-d6e0-4a6d-87df-70b9aa4ef9a8,SAMMS-Hagerstown
202608310858187530,202608310842246109,202608310842246107,138,13745,Bronze Orders CDC,br_Orders,TASK_COMPLETE,SUCCESS,INFO,122,122,0,,2026-08-31T08:42:47.092Z,2026-08-31T08:58:27.326Z,940,2026-08-31T08:58:27.326Z,HGT,Hagerstown,8d8f524e-53ff-42c5-927c-b9f025f3560d,SAMMS-Hagerstown
202608310655091994,202608310638405538,202608310638405536,138,13745,Bronze Orders CDC,br_Orders,TASK_COMPLETE,SUCCESS,INFO,101,101,0,,2026-08-31T06:38:52.686Z,2026-08-31T06:55:17.254Z,985,2026-08-31T06:55:17.254Z,HGT,Hagerstown,09adc00b-372b-45c2-a069-ea5b68dd86d2,SAMMS-Hagerstown
202609010855208010,202609010839594799,202609010839594797,138,13745,Bronze Orders CDC,br_Orders,TASK_COMPLETE,SUCCESS,INFO,121,121,0,,2026-09-01T08:40:14.257Z,2026-09-01T08:55:24.925Z,910,2026-09-01T08:55:24.925Z,HGT,Hagerstown,4405edf1-fb7c-477f-9d58-d1b659522264,SAMMS-Hagerstown
202609031533006742,202609031509626425,202609031509626424,43,172,SAMMSGLOBAL Bronze,br_GlobalPayor,TASK_COMPLETE,SUCCESS,INFO,909,909,0,,2026-09-03T15:10:09.279Z,2026-09-03T15:33:04.060Z,1375,2026-09-03T15:33:04.060Z,Global,Global,80483189-97f8-4d1d-8157-697e9a146982,SAMMSGLOBAL
202609031535407999,202609031509726435,202609031509726424,44,180,SAMMSGLOBAL Silver,sl_ClaimStatus,TASK_COMPLETE,SUCCESS,INFO,392,392,0,,2026-09-03T15:10:09.279Z,2026-09-03T15:35:45.337Z,1536,2026-09-03T15:35:45.337Z,Global,Global,80483189-97f8-4d1d-8157-697e9a146982,SAMMSGLOBAL
202609031709225716,202609031647600279,202609031647600278,43,172,SAMMSGLOBAL Bronze,br_GlobalPayor,TASK_COMPLETE,SUCCESS,INFO,909,909,0,,2026-09-03T16:48:04.788Z,2026-09-03T17:09:26.443Z,1282,2026-09-03T17:09:26.443Z,Global,Global,19ce24cf-1d06-4393-80c8-2aba56f3390a,SAMMSGLOBAL
202609031346340640,202609031324578142,202609031324578132,43,170,SAMMSGLOBAL Bronze,br_ClaimStatus,TASK_COMPLETE,SUCCESS,INFO,392,392,0,,2026-09-03T13:25:03.092Z,2026-09-03T13:46:39.199Z,1296,2026-09-03T13:46:39.199Z,Global,Global,dc09db6e-8a85-40c4-9b7f-e305f6845bee,SAMMSGLOBAL
202609031711374027,202609031647700279,202609031647700278,44,182,SAMMSGLOBAL Silver,sl_GlobalPayor,TASK_COMPLETE,SUCCESS,INFO,909,909,0,,2026-09-03T16:48:04.788Z,2026-09-03T17:11:47.975Z,1423,2026-09-03T17:11:47.975Z,Global,Global,19ce24cf-1d06-4393-80c8-2aba56f3390a,SAMMSGLOBAL
202609031711441254,202609031647700289,202609031647700278,44,180,SAMMSGLOBAL Silver,sl_ClaimStatus,TASK_COMPLETE,SUCCESS,INFO,392,392,0,,2026-09-03T16:48:04.788Z,2026-09-03T17:11:47.975Z,1423,2026-09-03T17:11:47.975Z,Global,Global,19ce24cf-1d06-4393-80c8-2aba56f3390a,SAMMSGLOBAL
202609031346340629,202609031324578133,202609031324578132,43,172,SAMMSGLOBAL Bronze,br_GlobalPayor,TASK_COMPLETE,SUCCESS,INFO,909,909,0,,2026-09-03T13:25:03.092Z,2026-09-03T13:46:39.199Z,1296,2026-09-03T13:46:39.199Z,Global,Global,dc09db6e-8a85-40c4-9b7f-e305f6845bee,SAMMSGLOBAL
202609031349381992,202609031324678133,202609031324678132,44,182,SAMMSGLOBAL Silver,sl_GlobalPayor,TASK_COMPLETE,SUCCESS,INFO,909,909,0,,2026-09-03T13:25:03.092Z,2026-09-03T13:49:48.195Z,1485,2026-09-03T13:49:48.195Z,Global,Global,dc09db6e-8a85-40c4-9b7f-e305f6845bee,SAMMSGLOBAL
202609031709225726,202609031647600288,202609031647600278,43,170,SAMMSGLOBAL Bronze,br_ClaimStatus,TASK_COMPLETE,SUCCESS,INFO,392,392,0,,2026-09-03T16:48:04.788Z,2026-09-03T17:09:26.443Z,1282,2026-09-03T17:09:26.443Z,Global,Global,19ce24cf-1d06-4393-80c8-2aba56f3390a,SAMMSGLOBAL
202609031349445708,202609031324678143,202609031324678132,44,180,SAMMSGLOBAL Silver,sl_ClaimStatus,TASK_COMPLETE,SUCCESS,INFO,392,392,0,,2026-09-03T13:25:03.092Z,2026-09-03T13:49:48.195Z,1485,2026-09-03T13:49:48.195Z,Global,Global,dc09db6e-8a85-40c4-9b7f-e305f6845bee,SAMMSGLOBAL
202609031535332321,202609031509726425,202609031509726424,44,182,SAMMSGLOBAL Silver,sl_GlobalPayor,TASK_COMPLETE,SUCCESS,INFO,909,909,0,,2026-09-03T15:10:09.279Z,2026-09-03T15:35:45.337Z,1536,2026-09-03T15:35:45.337Z,Global,Global,80483189-97f8-4d1d-8157-697e9a146982,SAMMSGLOBAL
202609031533006753,202609031509626434,202609031509626424,43,170,SAMMSGLOBAL Bronze,br_ClaimStatus,TASK_COMPLETE,SUCCESS,INFO,392,392,0,,2026-09-03T15:10:09.279Z,2026-09-03T15:33:04.060Z,1375,2026-09-03T15:33:04.060Z,Global,Global,80483189-97f8-4d1d-8157-697e9a146982,SAMMSGLOBAL
202608291425050360,202608291411358118,202608291411358116,138,13745,Bronze Orders CDC,br_Orders,TASK_COMPLETE,SUCCESS,INFO,0,0,0,,2026-08-29T14:11:47.756Z,2026-08-29T14:25:17.721Z,810,2026-08-29T14:25:17.721Z,HGT,Hagerstown,551cb7cb-a268-4bd7-90d9-8e186f18f04b,SAMMS-Hagerstown
202608310333040129,202608310319285378,202608310319285376,138,13745,Bronze Orders CDC,br_Orders,TASK_COMPLETE,SUCCESS,INFO,0,0,0,,2026-08-31T03:19:41.317Z,2026-08-31T03:33:12.848Z,811,2026-08-31T03:33:12.848Z,HGT,Hagerstown,a6a1b08e-82df-4f99-a849-8253f3b4c81f,SAMMS-Hagerstown
202609010825250231,202609010807417358,202609010807417355,138,13744,Bronze Orders CDC,br_Orders,TASK_COMPLETE,SUCCESS,INFO,113,113,0,,2026-09-01T08:08:04.618Z,2026-09-01T08:25:28.394Z,1044,2026-09-01T08:25:28.394Z,V9,Nashville,e564fb4a-d6e0-4a6d-87df-70b9aa4ef9a8,SAMMS-NashvilleV5
202609021116359693,202609021116359692,20260902111539,129,13685,Azure Sql Python Silver - Claim Denial Prediction,sl_ClaimDenialPredictionV1,TASK_COMPLETE,SUCCESS,INFO,296584,296584,0,,2026-09-02T11:16:35.969Z,2026-09-02T11:17:20.721Z,44,2026-09-02T11:17:20.721Z,,,ac5fafbf-2002-499b-9ca0-d3ba19fc74c2,
202608310858188875,202608310842246110,202608310842246107,138,13744,Bronze Orders CDC,br_Orders,TASK_COMPLETE,SUCCESS,INFO,112,112,0,,2026-08-31T08:42:47.092Z,2026-08-31T08:58:27.326Z,940,2026-08-31T08:58:27.326Z,V9,Nashville,8d8f524e-53ff-42c5-927c-b9f025f3560d,SAMMS-NashvilleV5
202609010855209184,202609010839594800,202609010839594797,138,13744,Bronze Orders CDC,br_Orders,TASK_COMPLETE,SUCCESS,INFO,113,113,0,,2026-09-01T08:40:14.257Z,2026-09-01T08:55:24.925Z,910,2026-09-01T08:55:24.925Z,V9,Nashville,4405edf1-fb7c-477f-9d58-d1b659522264,SAMMS-NashvilleV5
202609031711394720,202609031647700282,202609031647700278,44,178,SAMMSGLOBAL Silver,sl_UserSites,TASK_COMPLETE,SUCCESS,INFO,71001,71001,0,,2026-09-03T16:48:04.788Z,2026-09-03T17:11:47.975Z,1423,2026-09-03T17:11:47.975Z,Global,Global,19ce24cf-1d06-4393-80c8-2aba56f3390a,SAMMSGLOBAL
202609022031236205,202609021926296315,202609021926296228,85,3131,Bronze INV,br_ReAssessment,TASK_COMPLETE,SUCCESS,INFO,0,0,0,,2026-09-02T19:26:44.280Z,2026-09-02T20:31:28.769Z,3884,2026-09-02T20:31:28.769Z,STVN,Stevenson,aa9f49a8-9ff8-4a6e-a263-7617045dadde,SAMMS-Stevenson
202609022031236207,202609021926296316,202609021926296228,85,3133,Bronze INV,br_ReAssessment,TASK_COMPLETE,SUCCESS,INFO,0,0,0,,2026-09-02T19:26:44.280Z,2026-09-02T20:31:28.769Z,3884,2026-09-02T20:31:28.769Z,TE,Tempe,aa9f49a8-9ff8-4a6e-a263-7617045dadde,SAMMS-Tempe
202609031533006746,202609031509626428,202609031509626424,43,168,SAMMSGLOBAL Bronze,br_UserSites,TASK_COMPLETE,SUCCESS,INFO,71001,71001,0,,2026-09-03T15:10:09.279Z,2026-09-03T15:33:04.060Z,1375,2026-09-03T15:33:04.060Z,Global,Global,80483189-97f8-4d1d-8157-697e9a146982,SAMMSGLOBAL
202609031349399019,202609031324678136,202609031324678132,44,178,SAMMSGLOBAL Silver,sl_UserSites,TASK_COMPLETE,SUCCESS,INFO,71001,71001,0,,2026-09-03T13:25:03.092Z,2026-09-03T13:49:48.195Z,1485,2026-09-03T13:49:48.195Z,Global,Global,dc09db6e-8a85-40c4-9b7f-e305f6845bee,SAMMSGLOBAL
202609031346340633,202609031324578136,202609031324578132,43,168,SAMMSGLOBAL Bronze,br_UserSites,TASK_COMPLETE,SUCCESS,INFO,71001,71001,0,,2026-09-03T13:25:03.092Z,2026-09-03T13:46:39.199Z,1296,2026-09-03T13:46:39.199Z,Global,Global,dc09db6e-8a85-40c4-9b7f-e305f6845bee,SAMMSGLOBAL
202609031535355766,202609031509726428,202609031509726424,44,178,SAMMSGLOBAL Silver,sl_UserSites,TASK_COMPLETE,SUCCESS,INFO,71001,71001,0,,2026-09-03T15:10:09.279Z,2026-09-03T15:35:45.337Z,1536,2026-09-03T15:35:45.337Z,Global,Global,80483189-97f8-4d1d-8157-697e9a146982,SAMMSGLOBAL
202609031709225720,202609031647600282,202609031647600278,43,168,SAMMSGLOBAL Bronze,br_UserSites,TASK_COMPLETE,SUCCESS,INFO,71001,71001,0,,2026-09-03T16:48:04.788Z,2026-09-03T17:09:26.443Z,1282,2026-09-03T17:09:26.443Z,Global,Global,19ce24cf-1d06-4393-80c8-2aba56f3390a,SAMMSGLOBAL
202608310655093880,202608310638405539,202608310638405536,138,13744,Bronze Orders CDC,br_Orders,TASK_COMPLETE,SUCCESS,INFO,98,98,0,,2026-08-31T06:38:52.686Z,2026-08-31T06:55:17.254Z,985,2026-08-31T06:55:17.254Z,V9,Nashville,09adc00b-372b-45c2-a069-ea5b68dd86d2,SAMMS-NashvilleV5
202609021115444485,202609021115444484,20260902111539,129,13684,Azure Sql Python Silver - 3P Balances,sl_tbl_Third_Party_AR_inDB_Balances,TASK_COMPLETE,SUCCESS,INFO,296584,296584,0,,2026-09-02T11:15:44.448Z,2026-09-02T11:16:22.829Z,38,2026-09-02T11:16:22.829Z,,,ac5fafbf-2002-499b-9ca0-d3ba19fc74c2,
202608310333040131,202608310319285379,202608310319285376,138,13744,Bronze Orders CDC,br_Orders,TASK_COMPLETE,SUCCESS,INFO,0,0,0,,2026-08-31T03:19:41.317Z,2026-08-31T03:33:12.848Z,811,2026-08-31T03:33:12.848Z,V9,Nashville,a6a1b08e-82df-4f99-a849-8253f3b4c81f,SAMMS-NashvilleV5
202608291425050361,202608291411358119,202608291411358116,138,13744,Bronze Orders CDC,br_Orders,TASK_COMPLETE,SUCCESS,INFO,0,0,0,,2026-08-29T14:11:47.756Z,2026-08-29T14:25:17.721Z,810,2026-08-29T14:25:17.721Z,V9,Nashville,551cb7cb-a268-4bd7-90d9-8e186f18f04b,SAMMS-NashvilleV5
202609031346340631,202609031324578134,202609031324578132,43,173,SAMMSGLOBAL Bronze,br_FeeSched,TASK_COMPLETE,SUCCESS,INFO,16313,16313,0,,2026-09-03T13:25:03.092Z,2026-09-03T13:46:39.199Z,1296,2026-09-03T13:46:39.199Z,Global,Global,dc09db6e-8a85-40c4-9b7f-e305f6845bee,SAMMSGLOBAL
202609031349387704,202609031324678134,202609031324678132,44,183,SAMMSGLOBAL Silver,sl_FeeSched,TASK_COMPLETE,SUCCESS,INFO,16313,16313,0,,2026-09-03T13:25:03.092Z,2026-09-03T13:49:48.195Z,1485,2026-09-03T13:49:48.195Z,Global,Global,dc09db6e-8a85-40c4-9b7f-e305f6845bee,SAMMSGLOBAL
202609031709225717,202609031647600280,202609031647600278,43,173,SAMMSGLOBAL Bronze,br_FeeSched,TASK_COMPLETE,SUCCESS,INFO,16313,16313,0,,2026-09-03T16:48:04.788Z,2026-09-03T17:09:26.443Z,1282,2026-09-03T17:09:26.443Z,Global,Global,19ce24cf-1d06-4393-80c8-2aba56f3390a,SAMMSGLOBAL
202609031535339780,202609031509726426,202609031509726424,44,183,SAMMSGLOBAL Silver,sl_FeeSched,TASK_COMPLETE,SUCCESS,INFO,16313,16313,0,,2026-09-03T15:10:09.279Z,2026-09-03T15:35:45.337Z,1536,2026-09-03T15:35:45.337Z,Global,Global,80483189-97f8-4d1d-8157-697e9a146982,SAMMSGLOBAL
202609031711381184,202609031647700280,202609031647700278,44,183,SAMMSGLOBAL Silver,sl_FeeSched,TASK_COMPLETE,SUCCESS,INFO,16313,16313,0,,2026-09-03T16:48:04.788Z,2026-09-03T17:11:47.975Z,1423,2026-09-03T17:11:47.975Z,Global,Global,19ce24cf-1d06-4393-80c8-2aba56f3390a,SAMMSGLOBAL
202609010929225687,202609010929225687,20260901092721,2,19,Silver UKG Locations,Locations,TASK_DEPENDENCY_BLOCKED,DEPENDENCY_BLOCKED,WARN,0,0,0,Dependency Failed,2026-09-01T09:29:29.269Z,2026-09-01T09:29:29.269Z,0,2026-09-01T09:29:29.269Z,,,c46e47f1-7e0c-46c6-93e3-7d17cbc17d55,
202609031346340636,202609031324578139,202609031324578132,43,169,SAMMSGLOBAL Bronze,br_CONSENTS,TASK_COMPLETE,SUCCESS,INFO,459,459,0,,2026-09-03T13:25:03.092Z,2026-09-03T13:46:39.199Z,1296,2026-09-03T13:46:39.199Z,Global,Global,dc09db6e-8a85-40c4-9b7f-e305f6845bee,SAMMSGLOBAL
202609031533006749,202609031509626431,202609031509626424,43,169,SAMMSGLOBAL Bronze,br_CONSENTS,TASK_COMPLETE,SUCCESS,INFO,459,459,0,,2026-09-03T15:10:09.279Z,2026-09-03T15:33:04.060Z,1375,2026-09-03T15:33:04.060Z,Global,Global,80483189-97f8-4d1d-8157-697e9a146982,SAMMSGLOBAL
202609031349413322,202609031324678139,202609031324678132,44,179,SAMMSGLOBAL Silver,sl_Consents,TASK_COMPLETE,SUCCESS,INFO,459,459,0,,2026-09-03T13:25:03.092Z,2026-09-03T13:49:48.195Z,1485,2026-09-03T13:49:48.195Z,Global,Global,dc09db6e-8a85-40c4-9b7f-e305f6845bee,SAMMSGLOBAL
202609031709225723,202609031647600285,202609031647600278,43,169,SAMMSGLOBAL Bronze,br_CONSENTS,TASK_COMPLETE,SUCCESS,INFO,459,459,0,,2026-09-03T16:48:04.788Z,2026-09-03T17:09:26.443Z,1282,2026-09-03T17:09:26.443Z,Global,Global,19ce24cf-1d06-4393-80c8-2aba56f3390a,SAMMSGLOBAL
202609031535377468,202609031509726431,202609031509726424,44,179,SAMMSGLOBAL Silver,sl_Consents,TASK_COMPLETE,SUCCESS,INFO,459,459,0,,2026-09-03T15:10:09.279Z,2026-09-03T15:35:45.337Z,1536,2026-09-03T15:35:45.337Z,Global,Global,80483189-97f8-4d1d-8157-697e9a146982,SAMMSGLOBAL
202609031711415571,202609031647700285,202609031647700278,44,179,SAMMSGLOBAL Silver,sl_Consents,TASK_COMPLETE,SUCCESS,INFO,459,459,0,,2026-09-03T16:48:04.788Z,2026-09-03T17:11:47.975Z,1423,2026-09-03T17:11:47.975Z,Global,Global,19ce24cf-1d06-4393-80c8-2aba56f3390a,SAMMSGLOBAL
202608310611161734,202608310611161734,20260831061106,101,13669,Silver QQ_GLTRAN,sl_QQgltran,TASK_DEPENDENCY_BLOCKED,DEPENDENCY_BLOCKED,WARN,0,0,0,Dependency Failed,2026-08-31T06:11:33.254Z,2026-08-31T06:11:33.254Z,0,2026-08-31T06:11:33.254Z,,,84c0fafe-5efb-4ec6-976e-189dd1c635b7,
202609071152108828,202609071152108828,20260907115154,101,13669,Silver QQ_GLTRAN,sl_QQgltran,TASK_DEPENDENCY_BLOCKED,DEPENDENCY_BLOCKED,WARN,0,0,0,Dependency Failed,2026-09-07T11:52:22.323Z,2026-09-07T11:52:22.323Z,0,2026-09-07T11:52:22.323Z,,,174a6461-d193-4195-bf67-804ec5854ef1,
202609070819583044,202609070819583044,20260907081958,101,13669,Silver QQ_GLTRAN,sl_QQgltran,TASK_DEPENDENCY_BLOCKED,DEPENDENCY_BLOCKED,WARN,0,0,0,Dependency Failed,2026-09-07T08:20:08.638Z,2026-09-07T08:20:08.638Z,0,2026-09-07T08:20:08.638Z,,,f205c31d-a56d-4c82-909d-d1cc597f1efb,
202609040507073727,202609040507073727,20260904050651,5,31,Silver 8x8 CallInteractions,sl_8x8_CallInteractions,TASK_SKIPPED,SKIPPED,WARN,0,0,0,Dependency Failed,2026-09-04T05:07:26.986Z,2026-09-04T05:07:26.986Z,0,2026-09-04T05:07:26.986Z,,,e11ef06b-c1de-441e-a960-c4d69538ddc8,
202608300929280217,202608300929280217,20260830092444,132,13707,Trending Treatment Plans State Reqs Gold,TrendingTreatmentPlansStateReqs,TASK_SUCCESS,SUCCESS,INFO,4659252,4659252,0,,2026-08-30T09:29:28.021Z,2026-08-30T09:32:01.699Z,153,2026-08-30T09:32:01.699Z,,,d0826a4c-ff98-435d-adfd-e339a02d1b06,
202609040326505948,202609040326505948,20260904032635,5,31,Silver 8x8 CallInteractions,sl_8x8_CallInteractions,TASK_SKIPPED,SKIPPED,WARN,0,0,0,Dependency Failed,2026-09-04T03:26:58.960Z,2026-09-04T03:26:58.960Z,0,2026-09-04T03:26:58.960Z,,,12b3c6ab-e5be-412c-b011-b57e8d0c6fc9,
202608281209474323,202608281209474323,20260828120423,132,13707,Trending Treatment Plans State Reqs Gold,TrendingTreatmentPlansStateReqs,TASK_SUCCESS,SUCCESS,INFO,3494439,3494439,0,,2026-08-28T12:09:47.432Z,2026-08-28T12:11:58.858Z,131,2026-08-28T12:11:58.858Z,,,e752845a-2a63-48ca-b4ef-ba7a68ece0b6,
202608300818371039,202608300818371039,20260830081340,132,13707,Trending Treatment Plans State Reqs Gold,TrendingTreatmentPlansStateReqs,TASK_SUCCESS,SUCCESS,INFO,4659252,4659252,0,,2026-08-30T08:18:37.103Z,2026-08-30T08:21:07.780Z,150,2026-08-30T08:21:07.780Z,,,8cf8f378-16db-4eda-8552-9c6ae683939d,
202609040552330620,202609040552330620,20260904055158,5,31,Silver 8x8 CallInteractions,sl_8x8_CallInteractions,TASK_SKIPPED,SKIPPED,WARN,0,0,0,Dependency Failed,2026-09-04T05:52:44.794Z,2026-09-04T05:52:44.794Z,0,2026-09-04T05:52:44.794Z,,,94f281af-b5e9-4290-9702-d563799a6bd2,
202609010652005017,202609010652005017,20260901064704,132,13707,Trending Treatment Plans State Reqs Gold,TrendingTreatmentPlansStateReqs,TASK_SUCCESS,SUCCESS,INFO,5824065,5824065,0,,2026-09-01T06:52:00.501Z,2026-09-01T06:55:42.979Z,222,2026-09-01T06:55:42.979Z,,,f386ddbf-c5af-4242-bf29-5f60b1e71ecf,
202609040635008534,202609040635008533,20260904061714,5,31,Silver 8x8 CallInteractions,sl_8x8_CallInteractions,TASK_SKIPPED,SKIPPED,WARN,0,0,0,Dependency Failed,2026-09-04T06:35:11.825Z,2026-09-04T06:35:11.825Z,0,2026-09-04T06:35:11.825Z,,,5c90ec33-5130-4875-a415-66abc3f2b4d7,
202609040446453696,202609040446453696,20260904044625,5,31,Silver 8x8 CallInteractions,sl_8x8_CallInteractions,TASK_SKIPPED,SKIPPED,WARN,0,0,0,Dependency Failed,2026-09-04T04:46:58.326Z,2026-09-04T04:46:58.326Z,0,2026-09-04T04:46:58.326Z,,,3c46989a-54ba-4803-b6fb-36a771acc2ba,
202609040528480648,202609040528480648,20260904052822,5,31,Silver 8x8 CallInteractions,sl_8x8_CallInteractions,TASK_SKIPPED,SKIPPED,WARN,0,0,0,Dependency Failed,2026-09-04T05:29:04.288Z,2026-09-04T05:29:04.288Z,0,2026-09-04T05:29:04.288Z,,,3f57caf8-008d-4dfc-9f5c-86252efb5d87,
202609040331002824,202609040331002824,20260904033033,5,31,Silver 8x8 CallInteractions,sl_8x8_CallInteractions,TASK_SKIPPED,SKIPPED,WARN,0,0,0,Dependency Failed,2026-09-04T03:31:17.653Z,2026-09-04T03:31:17.653Z,0,2026-09-04T03:31:17.653Z,,,b24cabb8-10e7-4f71-8dfa-a5afc839e4b1,
202609040359239373,202609040359239373,20260904035918,5,31,Silver 8x8 CallInteractions,sl_8x8_CallInteractions,TASK_SKIPPED,SKIPPED,WARN,0,0,0,Dependency Failed,2026-09-04T03:59:34.013Z,2026-09-04T03:59:34.013Z,0,2026-09-04T03:59:34.013Z,,,31e1b716-f62d-4ff3-bba9-694a795445be,
202608300927030152,202608300927030152,20260830092444,132,13704,Enrollment Activity With Readmission Gold,EnrollmentActivityWReadmission,TASK_SUCCESS,SUCCESS,INFO,325813,325813,0,,2026-08-30T09:27:03.015Z,2026-08-30T09:27:36.800Z,33,2026-08-30T09:27:36.800Z,,,d0826a4c-ff98-435d-adfd-e339a02d1b06,
202608281206492714,202608281206492714,20260828120423,132,13704,Enrollment Activity With Readmission Gold,EnrollmentActivityWReadmission,TASK_SUCCESS,SUCCESS,INFO,325813,325813,0,,2026-08-28T12:06:49.271Z,2026-08-28T12:07:32.770Z,43,2026-08-28T12:07:32.770Z,,,e752845a-2a63-48ca-b4ef-ba7a68ece0b6,
202608300816052436,202608300816052436,20260830081340,132,13704,Enrollment Activity With Readmission Gold,EnrollmentActivityWReadmission,TASK_SUCCESS,SUCCESS,INFO,325813,325813,0,,2026-08-30T08:16:05.243Z,2026-08-30T08:16:40.288Z,35,2026-08-30T08:16:40.288Z,,,8cf8f378-16db-4eda-8552-9c6ae683939d,
202609010649239738,202609010649239738,20260901064704,132,13704,Enrollment Activity With Readmission Gold,EnrollmentActivityWReadmission,TASK_SUCCESS,SUCCESS,INFO,325813,325813,0,,2026-09-01T06:49:23.973Z,2026-09-01T06:49:57.667Z,33,2026-09-01T06:49:57.667Z,,,f386ddbf-c5af-4242-bf29-5f60b1e71ecf,
202609040553260259,202609040553260259,20260904055158,5,13678,Silver 8x8 Call Detail Legs,sl_8x8_CallDetailLegs,TASK_SKIPPED,SKIPPED,WARN,0,0,0,Dependency Failed,2026-09-04T05:53:33.987Z,2026-09-04T05:53:33.987Z,0,2026-09-04T05:53:33.987Z,,,94f281af-b5e9-4290-9702-d563799a6bd2,
202609040636004932,202609040636004932,20260904061714,5,13678,Silver 8x8 Call Detail Legs,sl_8x8_CallDetailLegs,TASK_SKIPPED,SKIPPED,WARN,0,0,0,Dependency Failed,2026-09-04T06:36:09.803Z,2026-09-04T06:36:09.803Z,0,2026-09-04T06:36:09.803Z,,,5c90ec33-5130-4875-a415-66abc3f2b4d7,
202608310141441532,202608310122245980,202608310122245969,119,12570,Silver P1/P2 Assessments,sl_NewAdmissionAssessmentASAMDimension4,TASK_COMPLETE,SUCCESS,INFO,462,462,0,,2026-08-31T01:22:19.883Z,2026-08-31T01:41:46.883Z,1167,2026-08-31T01:41:46.883Z,,,4b7273e0-0d54-485d-b4db-ed019a136434,
202608310141441533,202608310122245981,202608310122245969,119,12571,Silver P1/P2 Assessments,sl_NewAdmissionAssessmentASAMDimension5,TASK_COMPLETE,SUCCESS,INFO,459,459,0,,2026-08-31T01:22:19.883Z,2026-08-31T01:41:46.883Z,1167,2026-08-31T01:41:46.883Z,,,4b7273e0-0d54-485d-b4db-ed019a136434,
202609081131398516,202609081131398515,20260902104313,130,13686,Azure Sql Python Gold - 3P Balances,tbl_Third_Party_AR_inDB_Balances,TASK_COMPLETE,SUCCESS,INFO,1200945,1200945,0,,2026-09-08T11:31:39.851Z,2026-09-08T11:32:29.750Z,49,2026-09-08T11:32:29.750Z,,,3f9de54d-9a8f-4df0-8670-5ed7c25ab4cf,
202609021418417441,202609021418417440,20260902141836,130,13686,Azure Sql Python Gold - 3P Balances,tbl_Third_Party_AR_inDB_Balances,TASK_COMPLETE,SUCCESS,INFO,1200945,1200945,0,,2026-09-02T14:18:41.744Z,2026-09-02T14:19:32.678Z,50,2026-09-02T14:19:32.678Z,,,79833df3-66ae-4444-9ab7-5c0304d71f41,
202609030526273252,202609030526273251,20260903052622,130,13686,Azure Sql Python Gold - 3P Balances,tbl_Third_Party_AR_inDB_Balances,TASK_COMPLETE,SUCCESS,INFO,1200945,1200945,0,,2026-09-03T05:26:27.325Z,2026-09-03T05:27:06.616Z,39,2026-09-03T05:27:06.616Z,,,dfcc7090-6aed-405f-b6cd-6bb0271aee4d,
202609021359527615,202609021359527614,20260902135948,130,13686,Azure Sql Python Gold - 3P Balances,tbl_Third_Party_AR_inDB_Balances,TASK_COMPLETE,SUCCESS,INFO,1200945,1200945,0,,2026-09-02T13:59:52.761Z,2026-09-02T14:00:27.855Z,35,2026-09-02T14:00:27.855Z,,,45419c76-388a-4885-8a6e-e1a255f50e99,
202609081114236006,202609081114236005,20260908055844,130,13686,Azure Sql Python Gold - 3P Balances,tbl_Third_Party_AR_inDB_Balances,TASK_COMPLETE,SUCCESS,INFO,1200945,1200945,0,,2026-09-08T11:14:23.600Z,2026-09-08T11:15:07.166Z,43,2026-09-08T11:15:07.166Z,,,fe654495-a612-4a17-9fd5-04bdafeff38b,
202609080516084335,202609080516084334,20260908040529,130,13686,Azure Sql Python Gold - 3P Balances,tbl_Third_Party_AR_inDB_Balances,TASK_COMPLETE,SUCCESS,INFO,1200945,1200945,0,,2026-09-08T05:16:08.433Z,2026-09-08T05:16:57.951Z,49,2026-09-08T05:16:57.951Z,,,a468a7ef-f4f0-4f75-9a4b-9f10041efb90,
202609040904488266,202609040904488265,20260904090439,130,13686,Azure Sql Python Gold - 3P Balances,tbl_Third_Party_AR_inDB_Balances,TASK_COMPLETE,SUCCESS,INFO,1200945,1200945,0,,2026-09-04T09:04:48.826Z,2026-09-04T09:05:23.679Z,34,2026-09-04T09:05:23.679Z,,,a7509d48-2072-4539-bbb5-3825d8741944,
202609041214463878,202609041214463877,20260904121429,130,13686,Azure Sql Python Gold - 3P Balances,tbl_Third_Party_AR_inDB_Balances,TASK_COMPLETE,SUCCESS,INFO,1200945,1200945,0,,2026-09-04T12:14:46.387Z,2026-09-04T12:15:55.599Z,69,2026-09-04T12:15:55.599Z,,,a3df7d89-3924-493c-b358-bb016a1b1833,
202609021405330949,202609021343788405,202609021343788394,119,12570,Silver P1/P2 Assessments,sl_NewAdmissionAssessmentASAMDimension4,TASK_COMPLETE,SUCCESS,INFO,467,467,0,,2026-09-02T13:44:13.671Z,2026-09-02T14:05:44.083Z,1291,2026-09-02T14:05:44.083Z,,,ab787989-353e-4d3f-8e29-103715871a85,
202609021405330950,202609021343788406,202609021343788394,119,12571,Silver P1/P2 Assessments,sl_NewAdmissionAssessmentASAMDimension5,TASK_COMPLETE,SUCCESS,INFO,464,464,0,,2026-09-02T13:44:13.671Z,2026-09-02T14:05:44.083Z,1291,2026-09-02T14:05:44.083Z,,,ab787989-353e-4d3f-8e29-103715871a85,
202609071039342238,202609071039342237,20260907102244,130,13686,Azure Sql Python Gold - 3P Balances,tbl_Third_Party_AR_inDB_Balances,TASK_COMPLETE,SUCCESS,INFO,1200945,1200945,0,,2026-09-07T10:39:34.223Z,2026-09-07T10:40:22.892Z,48,2026-09-07T10:40:22.892Z,,,99033397-8470-4a39-91b2-99c27aed5089,
202609030715152453,202609030715152452,20260903071507,130,13686,Azure Sql Python Gold - 3P Balances,tbl_Third_Party_AR_inDB_Balances,TASK_COMPLETE,SUCCESS,INFO,1200945,1200945,0,,2026-09-03T07:15:15.245Z,2026-09-03T07:16:02.057Z,46,2026-09-03T07:16:02.057Z,,,5d717f31-08a0-46d8-9f4f-a1e32d7e0c04,
202609080541321393,202609080541321392,20260902105924,130,13686,Azure Sql Python Gold - 3P Balances,tbl_Third_Party_AR_inDB_Balances,TASK_COMPLETE,SUCCESS,INFO,1200945,1200945,0,,2026-09-08T05:41:32.139Z,2026-09-08T05:42:08.750Z,36,2026-09-08T05:42:08.750Z,,,5f4fa39c-2bfa-4433-b23d-f7983e8c1a2e,
202609021209385139,202609021209385138,20260902120932,130,13686,Azure Sql Python Gold - 3P Balances,tbl_Third_Party_AR_inDB_Balances,TASK_COMPLETE,SUCCESS,INFO,1200945,1200945,0,,2026-09-02T12:09:38.513Z,2026-09-02T12:10:17.448Z,38,2026-09-02T12:10:17.448Z,,,325dbe90-d834-46da-addb-cfdd40b210fa,
202609041216131833,202609041216131832,20260904121429,130,13687,Azure Sql Python Gold - Claim Denial Prediction,ClaimDenialPredictionV1,TASK_COMPLETE,SUCCESS,INFO,296584,296584,0,,2026-09-04T12:16:13.183Z,2026-09-04T12:16:45.019Z,31,2026-09-04T12:16:45.019Z,,,a3df7d89-3924-493c-b358-bb016a1b1833,
202609030527169418,202609030527169417,20260903052622,130,13687,Azure Sql Python Gold - Claim Denial Prediction,ClaimDenialPredictionV1,TASK_COMPLETE,SUCCESS,INFO,296584,296584,0,,2026-09-03T05:27:16.941Z,2026-09-03T05:27:43.945Z,27,2026-09-03T05:27:43.945Z,,,dfcc7090-6aed-405f-b6cd-6bb0271aee4d,
202609021419432421,202609021419432420,20260902141836,130,13687,Azure Sql Python Gold - Claim Denial Prediction,ClaimDenialPredictionV1,TASK_COMPLETE,SUCCESS,INFO,296584,296584,0,,2026-09-02T14:19:43.242Z,2026-09-02T14:20:14.574Z,31,2026-09-02T14:20:14.574Z,,,79833df3-66ae-4444-9ab7-5c0304d71f41,
202609021400372253,202609021400372252,20260902135948,130,13687,Azure Sql Python Gold - Claim Denial Prediction,ClaimDenialPredictionV1,TASK_COMPLETE,SUCCESS,INFO,296584,296584,0,,2026-09-02T14:00:37.225Z,2026-09-02T14:01:10.066Z,32,2026-09-02T14:01:10.066Z,,,45419c76-388a-4885-8a6e-e1a255f50e99,
202609081132490949,202609081132490948,20260902104313,130,13687,Azure Sql Python Gold - Claim Denial Prediction,ClaimDenialPredictionV1,TASK_COMPLETE,SUCCESS,INFO,296584,296584,0,,2026-09-08T11:32:49.094Z,2026-09-08T11:33:27.079Z,37,2026-09-08T11:33:27.079Z,,,3f9de54d-9a8f-4df0-8670-5ed7c25ab4cf,
202609071040341754,202609071040341753,20260907102244,130,13687,Azure Sql Python Gold - Claim Denial Prediction,ClaimDenialPredictionV1,TASK_COMPLETE,SUCCESS,INFO,296584,296584,0,,2026-09-07T10:40:34.175Z,2026-09-07T10:41:06.241Z,32,2026-09-07T10:41:06.241Z,,,99033397-8470-4a39-91b2-99c27aed5089,
202609080542213601,202609080542213600,20260902105924,130,13687,Azure Sql Python Gold - Claim Denial Prediction,ClaimDenialPredictionV1,TASK_COMPLETE,SUCCESS,INFO,296584,296584,0,,2026-09-08T05:42:21.360Z,2026-09-08T05:42:51.517Z,30,2026-09-08T05:42:51.517Z,,,5f4fa39c-2bfa-4433-b23d-f7983e8c1a2e,
202609080517130347,202609080517130346,20260908040529,130,13687,Azure Sql Python Gold - Claim Denial Prediction,ClaimDenialPredictionV1,TASK_COMPLETE,SUCCESS,INFO,296584,296584,0,,2026-09-08T05:17:13.034Z,2026-09-08T05:17:55.128Z,42,2026-09-08T05:17:55.128Z,,,a468a7ef-f4f0-4f75-9a4b-9f10041efb90,
202609081115167716,202609081115167715,20260908055844,130,13687,Azure Sql Python Gold - Claim Denial Prediction,ClaimDenialPredictionV1,TASK_COMPLETE,SUCCESS,INFO,296584,296584,0,,2026-09-08T11:15:16.771Z,2026-09-08T11:15:57.365Z,40,2026-09-08T11:15:57.365Z,,,fe654495-a612-4a17-9fd5-04bdafeff38b,
202609021210285020,202609021210285019,20260902120932,130,13687,Azure Sql Python Gold - Claim Denial Prediction,ClaimDenialPredictionV1,TASK_COMPLETE,SUCCESS,INFO,296584,296584,0,,2026-09-02T12:10:28.501Z,2026-09-02T12:11:03.312Z,34,2026-09-02T12:11:03.312Z,,,325dbe90-d834-46da-addb-cfdd40b210fa,
202609030716163120,202609030716163119,20260903071507,130,13687,Azure Sql Python Gold - Claim Denial Prediction,ClaimDenialPredictionV1,TASK_COMPLETE,SUCCESS,INFO,296584,296584,0,,2026-09-03T07:16:16.311Z,2026-09-03T07:16:44.768Z,28,2026-09-03T07:16:44.768Z,,,5d717f31-08a0-46d8-9f4f-a1e32d7e0c04,
202609040905349658,202609040905349657,20260904090439,130,13687,Azure Sql Python Gold - Claim Denial Prediction,ClaimDenialPredictionV1,TASK_COMPLETE,SUCCESS,INFO,296584,296584,0,,2026-09-04T09:05:34.965Z,2026-09-04T09:06:01.122Z,26,2026-09-04T09:06:01.122Z,,,a7509d48-2072-4539-bbb5-3825d8741944,
202609070731224689,202609070731224689,0,101,13669,Silver QQ_GLTRAN,sl_QQgltran,TASK_DEPENDENCY_BLOCKED,DEPENDENCY_BLOCKED,WARN,0,0,0,Dependency Failed,2026-09-07T07:31:34.553Z,2026-09-07T07:31:34.553Z,0,2026-09-07T07:31:34.553Z,,,44847ae2-0920-4247-be1a-2c70aa9b4ea2,
202609031349393379,202609031324678135,202609031324678132,44,177,SAMMSGLOBAL Silver,sl_User,TASK_COMPLETE,SUCCESS,INFO,11983,11983,0,,2026-09-03T13:25:03.092Z,2026-09-03T13:49:48.195Z,1485,2026-09-03T13:49:48.195Z,Global,Global,dc09db6e-8a85-40c4-9b7f-e305f6845bee,SAMMSGLOBAL
202609031535347625,202609031509726427,202609031509726424,44,177,SAMMSGLOBAL Silver,sl_User,TASK_COMPLETE,SUCCESS,INFO,11983,11983,0,,2026-09-03T15:10:09.279Z,2026-09-03T15:35:45.337Z,1536,2026-09-03T15:35:45.337Z,Global,Global,80483189-97f8-4d1d-8157-697e9a146982,SAMMSGLOBAL
202609031709225718,202609031647600281,202609031647600278,43,167,SAMMSGLOBAL Bronze,br_User,TASK_COMPLETE,SUCCESS,INFO,11983,11983,0,,2026-09-03T16:48:04.788Z,2026-09-03T17:09:26.443Z,1282,2026-09-03T17:09:26.443Z,Global,Global,19ce24cf-1d06-4393-80c8-2aba56f3390a,SAMMSGLOBAL
202609031346340632,202609031324578135,202609031324578132,43,167,SAMMSGLOBAL Bronze,br_User,TASK_COMPLETE,SUCCESS,INFO,11983,11983,0,,2026-09-03T13:25:03.092Z,2026-09-03T13:46:39.199Z,1296,2026-09-03T13:46:39.199Z,Global,Global,dc09db6e-8a85-40c4-9b7f-e305f6845bee,SAMMSGLOBAL
202609031711388026,202609031647700281,202609031647700278,44,177,SAMMSGLOBAL Silver,sl_User,TASK_COMPLETE,SUCCESS,INFO,11983,11983,0,,2026-09-03T16:48:04.788Z,2026-09-03T17:11:47.975Z,1423,2026-09-03T17:11:47.975Z,Global,Global,19ce24cf-1d06-4393-80c8-2aba56f3390a,SAMMSGLOBAL
202609031816291403,202609031729377745,202609031729377737,98,6678,P1 Forms Take Home Risk Assessment Silver,tbl_TakeHomeRiskAssessment,TASK_COMPLETE,SUCCESS,INFO,100670,100670,0,,2026-09-03T17:29:32.843Z,2026-09-03T18:16:31.354Z,2819,2026-09-03T18:16:31.354Z,,,94249231-24a1-492e-97bf-dcd504ea599a,
202608310602515947,202608310602515947,20260831055942,135,13739,Salesforce Callback List Case,br_sf_case_cl,TASK_COMPLETE,SUCCESS,INFO,0,0,0,No records returned,2026-08-31T06:03:20.044Z,2026-08-31T06:03:45.371Z,23,2026-08-31T06:03:45.371Z,,,6bc047e9-8b5b-4d85-a364-b2d6e542e315,
202608310653026904,202608310653026904,20260831065039,135,13739,Salesforce Callback List Case,br_sf_case_cl,TASK_COMPLETE,SUCCESS,INFO,0,0,0,No records returned,2026-08-31T06:53:10.676Z,2026-08-31T06:53:23.762Z,11,2026-08-31T06:53:23.762Z,,,4729d4a5-d6b5-4b39-bbc8-d700a19c5eac,
202608310521314751,202608310521314750,20260831051938,135,13739,Salesforce Callback List Case,br_sf_case_cl,TASK_COMPLETE,SUCCESS,INFO,0,0,0,No records returned,2026-08-31T05:21:37.173Z,2026-08-31T05:21:51.984Z,13,2026-08-31T05:21:51.984Z,,,6bc047e9-8b5b-4d85-a364-b2d6e542e315,
202609010529168984,202609010503373344,202609010503373335,47,9760,P1 Finance Claim Line Item Activity Silver,tbl_ClaimLineItemActivity,TASK_COMPLETE,SUCCESS,INFO,22914,22914,0,,2026-09-01T05:03:56.880Z,2026-09-01T05:29:18.945Z,1522,2026-09-01T05:29:18.945Z,,,75a93e02-eb8a-4b20-981c-b48401997d72,
202608310546407288,202608310546407288,20260831054430,135,13739,Salesforce Callback List Case,br_sf_case_cl,TASK_COMPLETE,SUCCESS,INFO,0,0,0,No records returned,2026-08-31T05:46:47.130Z,2026-08-31T05:47:06.501Z,11,2026-08-31T05:47:06.501Z,,,6bc047e9-8b5b-4d85-a364-b2d6e542e315,
202608310829365626,202608310829365625,20260831082729,135,13739,Salesforce Callback List Case,br_sf_case_cl,TASK_COMPLETE,SUCCESS,INFO,0,0,0,No records returned,2026-08-31T08:29:42.752Z,2026-08-31T08:30:01.730Z,17,2026-08-31T08:30:01.730Z,,,65e89789-39d8-4e46-be47-bcdfcc997be4,
202609030627006233,202609030627006233,20260903062457,5,13678,8x8 Call Detail Legs Silver,sl_8x8_calldetaillegs,TASK_SKIPPED,SKIPPED,WARN,0,0,0,Dependency Failed,2026-09-03T06:27:08.511Z,2026-09-03T06:27:08.511Z,0,2026-09-03T06:27:08.511Z,,,1066d6e5-305c-4662-a3fb-18d67007,
202609030637378344,202609030637378344,20260903063600,5,13678,8x8 Call Detail Legs Silver,sl_8x8_calldetaillegs,TASK_SKIPPED,SKIPPED,WARN,0,0,0,Dependency Failed,2026-09-03T06:37:48.268Z,2026-09-03T06:37:48.268Z,0,2026-09-03T06:37:48.268Z,,,1066d6e5-305c-4662-a3fb-18d67007,
202609070820537852,202609070820537852,20260907082053,102,13670,Gold QQ_GLTRAN,QQgltran,TASK_DEPENDENCY_BLOCKED,DEPENDENCY_BLOCKED,WARN,0,0,0,Dependency Failed,2026-09-07T08:20:59.311Z,2026-09-07T08:20:59.311Z,0,2026-09-07T08:20:59.311Z,,,f205c31d-a56d-4c82-909d-d1cc597f1efb,
202608310612393781,202608310612393780,20260831061213,102,13670,Gold QQ_GLTRAN,QQgltran,TASK_DEPENDENCY_BLOCKED,DEPENDENCY_BLOCKED,WARN,0,0,0,Dependency Failed,2026-08-31T06:12:56.789Z,2026-08-31T06:12:56.789Z,0,2026-08-31T06:12:56.789Z,,,84c0fafe-5efb-4ec6-976e-189dd1c635b7,
202608310141441522,202608310122245971,202608310122245969,119,12561,Silver P1/P2 Assessments,sl_NewAdmissionAssessmentASAMDimension6,TASK_COMPLETE,SUCCESS,INFO,470,470,0,,2026-08-31T01:22:19.883Z,2026-08-31T01:41:46.883Z,1167,2026-08-31T01:41:46.883Z,,,4b7273e0-0d54-485d-b4db-ed019a136434,
202608310141441523,202608310122245972,202608310122245969,119,12562,Silver P1/P2 Assessments,sl_NewPeriodicReassessment,TASK_COMPLETE,SUCCESS,INFO,568,568,0,,2026-08-31T01:22:19.883Z,2026-08-31T01:41:46.883Z,1167,2026-08-31T01:41:46.883Z,,,4b7273e0-0d54-485d-b4db-ed019a136434,
202609021405330938,202609021343788396,202609021343788394,119,12561,Silver P1/P2 Assessments,sl_NewAdmissionAssessmentASAMDimension6,TASK_COMPLETE,SUCCESS,INFO,475,475,0,,2026-09-02T13:44:13.671Z,2026-09-02T14:05:44.083Z,1291,2026-09-02T14:05:44.083Z,,,ab787989-353e-4d3f-8e29-103715871a85,
202609021405330940,202609021343788397,202609021343788394,119,12562,Silver P1/P2 Assessments,sl_NewPeriodicReassessment,TASK_COMPLETE,SUCCESS,INFO,575,575,0,,2026-09-02T13:44:13.671Z,2026-09-02T14:05:44.083Z,1291,2026-09-02T14:05:44.083Z,,,ab787989-353e-4d3f-8e29-103715871a85,
202609041325102244,202609041325102244,202609041317366179,82,6805,Salesforce Patient Survey Responses,br_sf_patient_survey_responses,TASK_COMPLETE,SUCCESS,INFO,310,310,0,,2026-09-04T13:25:17.622Z,2026-09-04T13:25:43.487Z,23,2026-09-04T13:25:43.487Z,,,bd9b2318-654e-4f3d-b09e-bcdf6b219232,
202609041418247857,202609041418247857,202609041411364710,82,6805,Salesforce Patient Survey Responses,br_sf_patient_survey_responses,TASK_COMPLETE,SUCCESS,INFO,310,310,0,,2026-09-04T14:18:36.015Z,2026-09-04T14:18:54.860Z,17,2026-09-04T14:18:54.860Z,,,9d7b1c7e-8065-427d-99c7-89e3c8306b1f,
202609041201103824,202609041201103823,202609041151367402,82,6805,Salesforce Patient Survey Responses,br_sf_patient_survey_responses,TASK_COMPLETE,SUCCESS,INFO,310,310,0,,2026-09-04T12:01:21.876Z,2026-09-04T12:02:20.225Z,48,2026-09-04T12:02:20.225Z,,,6ab129c1-fb62-4518-bfad-8f6d8d29c3ca,
202609021136437933,202609021136437932,202609021132414060,82,6805,Salesforce Patient Survey Responses,br_sf_patient_survey_responses,TASK_COMPLETE,SUCCESS,INFO,310,310,0,,2026-09-02T11:36:49.304Z,2026-09-02T11:37:12.235Z,21,2026-09-02T11:37:12.235Z,,,0b5a27da-5d48-4ed3-a9f4-1a7052a3fcea,
202609031133364202,202609031133364201,202609031127339423,82,6805,Salesforce Patient Survey Responses,br_sf_patient_survey_responses,TASK_COMPLETE,SUCCESS,INFO,310,310,0,,2026-09-03T11:33:42.176Z,2026-09-03T11:34:05.508Z,21,2026-09-03T11:34:05.508Z,,,b5204bb1-5640-4c52-9143-fe923aba5573,
202609080531002673,202609080531002673,20260908053054,142,13761,TrendingTableSAMMSFormsCntV3 Silver,sl_TrendingTableSAMMSFormsCnts,TASK_COMPLETE,SUCCESS,INFO,1,300,0,,2026-09-08T05:31:05.397Z,2026-09-08T05:31:30.500Z,23,2026-09-08T05:31:30.500Z,,,f61fb4c5-0d31-4954-8aac-d0c2d48f9dc90,
202609021130246767,202609021111516558,202609021111516554,119,12563,Silver P1/P2 Assessments,sl_NewPeriodicReassessmentCounselorReview,TASK_COMPLETE,SUCCESS,INFO,573,573,0,,2026-09-02T11:11:46.042Z,2026-09-02T11:30:27.064Z,1121,2026-09-02T11:30:27.064Z,,,a7050713-a175-4eb1-950e-06e41274b859,
202609020528085070,202609020507468038,202609020507468034,119,12563,Silver P1/P2 Assessments,sl_NewPeriodicReassessmentCounselorReview,TASK_COMPLETE,SUCCESS,INFO,573,573,0,,2026-09-02T05:07:47.056Z,2026-09-02T05:28:10.410Z,1223,2026-09-02T05:28:10.410Z,,,2b09f1a0-2915-47dd-851e-cacf6613827d,
202609021020464798,202609021000293797,202609021000293793,119,12563,Silver P1/P2 Assessments,sl_NewPeriodicReassessmentCounselorReview,TASK_COMPLETE,SUCCESS,INFO,573,573,0,,2026-09-02T10:00:23.575Z,2026-09-02T10:20:49.106Z,1226,2026-09-02T10:20:49.106Z,,,ebc2f5e5-b7e4-40cf-8b56-f009f5871937,
202608310141441524,202608310122245973,202608310122245969,119,12563,Silver P1/P2 Assessments,sl_NewPeriodicReassessmentCounselorReview,TASK_COMPLETE,SUCCESS,INFO,567,567,0,,2026-08-31T01:22:19.883Z,2026-08-31T01:41:46.883Z,1167,2026-08-31T01:41:46.883Z,,,4b7273e0-0d54-485d-b4db-ed019a136434,
202609021405330941,202609021343788398,202609021343788394,119,12563,Silver P1/P2 Assessments,sl_NewPeriodicReassessmentCounselorReview,TASK_COMPLETE,SUCCESS,INFO,574,574,0,,2026-09-02T13:44:13.671Z,2026-09-02T14:05:44.083Z,1291,2026-09-02T14:05:44.083Z,,,ab787989-353e-4d3f-8e29-103715871a85,
202609041611209892,202609041611209891,20260904160439,82,6805,Salesforce Patient Survey Responses,br_sf_patient_survey_responses,TASK_COMPLETE,SUCCESS,INFO,310,310,0,,2026-09-04T16:11:27.712Z,2026-09-04T16:11:47.111Z,17,2026-09-04T16:11:47.111Z,,,7a604b07-1e27-4ff8-bd86-1860fd5608a2,
202609080355486075,202609080355486074,20260908035537,4,28,8x8 CallInteractions API,br_8x8_HistoricalCCDetailedInteractions,TASK_COMPLETE,SUCCESS,INFO,439553,439553,0,,2026-09-08T03:55:54.957Z,2026-09-08T04:49:04.721Z,3186,2026-09-08T04:49:04.721Z,,,CALL_INTERACTIONS_LOAD_20260908035533,
202609021020464796,202609021000293795,202609021000293793,119,12561,Silver P1/P2 Assessments,sl_NewAdmissionAssessmentASAMDimension6,TASK_COMPLETE,SUCCESS,INFO,475,475,0,,2026-09-02T10:00:23.575Z,2026-09-02T10:20:49.106Z,1226,2026-09-02T10:20:49.106Z,,,ebc2f5e5-b7e4-40cf-8b56-f009f5871937,
202609021405330948,202609021343788404,202609021343788394,119,12569,Silver P1/P2 Assessments,sl_NewAdmissionAssessmentASAMDimension2,TASK_COMPLETE,SUCCESS,INFO,463,463,0,,2026-09-02T13:44:13.671Z,2026-09-02T14:05:44.083Z,1291,2026-09-02T14:05:44.083Z,,,ab787989-353e-4d3f-8e29-103715871a85,
202609020528085077,202609020507468044,202609020507468034,119,12569,Silver P1/P2 Assessments,sl_NewAdmissionAssessmentASAMDimension2,TASK_COMPLETE,SUCCESS,INFO,463,463,0,,2026-09-02T05:07:47.056Z,2026-09-02T05:28:10.410Z,1223,2026-09-02T05:28:10.410Z,,,2b09f1a0-2915-47dd-851e-cacf6613827d,
202609031133148302,202609031133148302,202609031127339423,82,207,Salesforce Outreach Events,br_sf_events,TASK_COMPLETE,SUCCESS,INFO,0,0,0,No records returned,2026-09-03T11:33:21.015Z,2026-09-03T11:33:32.802Z,10,2026-09-03T11:33:32.802Z,,,b5204bb1-5640-4c52-9143-fe923aba5573,
202609020528085079,202609020507468046,202609020507468034,119,12571,Silver P1/P2 Assessments,sl_NewAdmissionAssessmentASAMDimension5,TASK_COMPLETE,SUCCESS,INFO,464,464,0,,2026-09-02T05:07:47.056Z,2026-09-02T05:28:10.410Z,1223,2026-09-02T05:28:10.410Z,,,2b09f1a0-2915-47dd-851e-cacf6613827d,
202609021130246774,202609021111516564,202609021111516554,119,12569,Silver P1/P2 Assessments,sl_NewAdmissionAssessmentASAMDimension2,TASK_COMPLETE,SUCCESS,INFO,463,463,0,,2026-09-02T11:11:46.042Z,2026-09-02T11:30:27.064Z,1121,2026-09-02T11:30:27.064Z,,,a7050713-a175-4eb1-950e-06e41274b859,
202609021020464807,202609021000293804,202609021000293793,119,12570,Silver P1/P2 Assessments,sl_NewAdmissionAssessmentASAMDimension4,TASK_COMPLETE,SUCCESS,INFO,467,467,0,,2026-09-02T10:00:23.575Z,2026-09-02T10:20:49.106Z,1226,2026-09-02T10:20:49.106Z,,,ebc2f5e5-b7e4-40cf-8b56-f009f5871937,
202609021130246765,202609021111516556,202609021111516554,119,12561,Silver P1/P2 Assessments,sl_NewAdmissionAssessmentASAMDimension6,TASK_COMPLETE,SUCCESS,INFO,475,475,0,,2026-09-02T11:11:46.042Z,2026-09-02T11:30:27.064Z,1121,2026-09-02T11:30:27.064Z,,,a7050713-a175-4eb1-950e-06e41274b859,
202609020528085078,202609020507468045,202609020507468034,119,12570,Silver P1/P2 Assessments,sl_NewAdmissionAssessmentASAMDimension4,TASK_COMPLETE,SUCCESS,INFO,467,467,0,,2026-09-02T05:07:47.056Z,2026-09-02T05:28:10.410Z,1223,2026-09-02T05:28:10.410Z,,,2b09f1a0-2915-47dd-851e-cacf6613827d,
202609021020464808,202609021000293805,202609021000293793,119,12571,Silver P1/P2 Assessments,sl_NewAdmissionAssessmentASAMDimension5,TASK_COMPLETE,SUCCESS,INFO,464,464,0,,2026-09-02T10:00:23.575Z,2026-09-02T10:20:49.106Z,1226,2026-09-02T10:20:49.106Z,,,ebc2f5e5-b7e4-40cf-8b56-f009f5871937,
202609041200248162,202609041200248162,202609041151367402,82,207,Salesforce Outreach Events,br_sf_events,TASK_COMPLETE,SUCCESS,INFO,0,0,0,No records returned,2026-09-04T12:00:36.721Z,2026-09-04T12:01:02.696Z,20,2026-09-04T12:01:02.696Z,,,6ab129c1-fb62-4518-bfad-8f6d8d29c3ca,
202609021130246776,202609021111516565,202609021111516554,119,12570,Silver P1/P2 Assessments,sl_NewAdmissionAssessmentASAMDimension4,TASK_COMPLETE,SUCCESS,INFO,467,467,0,,2026-09-02T11:11:46.042Z,2026-09-02T11:30:27.064Z,1121,2026-09-02T11:30:27.064Z,,,a7050713-a175-4eb1-950e-06e41274b859,
202609021130246777,202609021111516566,202609021111516554,119,12571,Silver P1/P2 Assessments,sl_NewAdmissionAssessmentASAMDimension5,TASK_COMPLETE,SUCCESS,INFO,464,464,0,,2026-09-02T11:11:46.042Z,2026-09-02T11:30:27.064Z,1121,2026-09-02T11:30:27.064Z,,,a7050713-a175-4eb1-950e-06e41274b859,
202609041324450505,202609041324450505,202609041317366179,82,207,Salesforce Outreach Events,br_sf_events,TASK_COMPLETE,SUCCESS,INFO,0,0,0,No records returned,2026-09-04T13:24:51.407Z,2026-09-04T13:25:05.702Z,12,2026-09-04T13:25:05.702Z,,,bd9b2318-654e-4f3d-b09e-bcdf6b219232,
202609020528085067,202609020507468036,202609020507468034,119,12561,Silver P1/P2 Assessments,sl_NewAdmissionAssessmentASAMDimension6,TASK_COMPLETE,SUCCESS,INFO,475,475,0,,2026-09-02T05:07:47.056Z,2026-09-02T05:28:10.410Z,1223,2026-09-02T05:28:10.410Z,,,2b09f1a0-2915-47dd-851e-cacf6613827d,
202608310141441531,202608310122245979,202608310122245969,119,12569,Silver P1/P2 Assessments,sl_NewAdmissionAssessmentASAMDimension2,TASK_COMPLETE,SUCCESS,INFO,458,458,0,,2026-08-31T01:22:19.883Z,2026-08-31T01:41:46.883Z,1167,2026-08-31T01:41:46.883Z,,,4b7273e0-0d54-485d-b4db-ed019a136434,
202609021020464805,202609021000293803,202609021000293793,119,12569,Silver P1/P2 Assessments,sl_NewAdmissionAssessmentASAMDimension2,TASK_COMPLETE,SUCCESS,INFO,463,463,0,,2026-09-02T10:00:23.575Z,2026-09-02T10:20:49.106Z,1226,2026-09-02T10:20:49.106Z,,,ebc2f5e5-b7e4-40cf-8b56-f009f5871937,
202609041417511160,202609041417511159,202609041411364710,82,207,Salesforce Outreach Events,br_sf_events,TASK_COMPLETE,SUCCESS,INFO,0,0,0,No records returned,2026-09-04T14:17:57.264Z,2026-09-04T14:18:14.231Z,15,2026-09-04T14:18:14.231Z,,,9d7b1c7e-8065-427d-99c7-89e3c8306b1f,
202609021136249465,202609021136249464,202609021132414060,82,207,Salesforce Outreach Events,br_sf_events,TASK_COMPLETE,SUCCESS,INFO,0,0,0,No records returned,2026-09-02T11:36:30.320Z,2026-09-02T11:36:40.483Z,8,2026-09-02T11:36:40.483Z,,,0b5a27da-5d48-4ed3-a9f4-1a7052a3fcea,
202608310803051883,202608310803051883,20260831080258,93,5716,Gold CarbonBlack_Active_Devices,CB_Inventory,TASK_COMPLETE,SUCCESS,INFO,2205,2205,0,,2026-08-31T08:03:16.816Z,2026-08-31T08:03:40.728Z,23,2026-08-31T08:03:48.796Z,0,0,0,22061772-8118-40ff-82ce-daec1d26d93e
202609070732210100,202609070732210100,0,102,13670,Gold QQ_GLTRAN,QQgltran,TASK_DEPENDENCY_BLOCKED,DEPENDENCY_BLOCKED,WARN,0,0,0,Dependency Failed,2026-09-07T07:32:49.596Z,2026-09-07T07:32:49.596Z,0,2026-09-07T07:32:49.596Z,,,44847ae2-0920-4247-be1a-2c70aa9b4ea2,
202608310839176637,202608310839176637,20260831083908,93,5716,Gold CarbonBlack_Active_Devices,CB_Inventory,TASK_COMPLETE,SUCCESS,INFO,2205,2205,0,,2026-08-31T08:39:21.916Z,2026-08-31T08:39:45.823Z,23,2026-08-31T08:39:47.440Z,0,0,0,2eddf0ce-6b97-4c82-8bf9-ccbf21e2998e
202609041610526842,202609041610526842,20260904160439,82,207,Salesforce Outreach Events,br_sf_events,TASK_COMPLETE,SUCCESS,INFO,0,0,0,No records returned,2026-09-04T16:11:00.234Z,2026-09-04T16:11:16.052Z,13,2026-09-04T16:11:16.052Z,,,7a604b07-1e27-4ff8-bd86-1860fd5608a2,
202609080911441031,202609080911441031,20260908091138,142,16281,Transaction Report In-DB v7 Silver,sl_TransactionPostingReport,TASK_COMPLETE,SUCCESS,INFO,1,552287,0,,2026-09-08T09:11:51.257Z,2026-09-08T09:13:36.109Z,103,2026-09-08T09:13:36.109Z,,,f61fb4c5-0d31-4954-8aac-d0c2d48f9dc90,
202609080846401589,202609080846401588,20260908071753,142,16281,Transaction Report In-DB v7 Silver,sl_TransactionPostingReport,TASK_COMPLETE,SUCCESS,INFO,1,552287,0,,2026-09-08T08:46:45.026Z,2026-09-08T08:47:40.354Z,52,2026-09-08T08:47:40.354Z,,,f61fb4c5-0d31-4954-8aac-d0c2d48f9dc90,
202609080533262196,202609080533262196,20260908053317,143,13762,TrendingTableSAMMSFormsCntV3 Gold,TrendingTableSAMMSFormsCnts,TASK_COMPLETE,SUCCESS,INFO,300,300,0,,2026-09-08T05:33:30.828Z,2026-09-08T05:33:58.663Z,26,2026-09-08T05:33:58.663Z,,,f61fb4c5-0d31-4954-8aac-d0c2d48f9dc90,
202609030948219231,202609030948219231,20260903094815,4,28,8x8 CallInteractions API,br_8x8_HistoricalCCDetailedInteractions,TASK_COMPLETE,SUCCESS,INFO,970,970,0,,2026-09-03T09:48:30.258Z,2026-09-03T09:49:02.130Z,29,2026-09-03T09:49:02.130Z,,,ca12e9c4-4a93-49c2-9c07-d2cc84daa28e,
202609031027441530,202609031027441530,20260903102736,4,28,8x8 CallInteractions API,br_8x8_HistoricalCCDetailedInteractions,TASK_COMPLETE,SUCCESS,INFO,970,970,0,,2026-09-03T10:27:57.280Z,2026-09-03T10:28:38.143Z,38,2026-09-03T10:28:38.143Z,,,96a98cf2-5c7e-485f-a552-00977e127934,
202609040610114649,202609040610114648,20260904055509,4,28,8x8 CallInteractions API,br_8x8_HistoricalCCDetailedInteractions,TASK_COMPLETE,SUCCESS,INFO,858,858,0,,2026-09-04T06:10:17.031Z,2026-09-04T06:11:11.145Z,29,2026-09-04T06:11:11.145Z,,,963356ac-0db4-498c-8882-cac150b60200,
202609031117191244,202609031117191244,20260903111712,4,28,8x8 CallInteractions API,br_8x8_HistoricalCCDetailedInteractions,TASK_COMPLETE,SUCCESS,INFO,970,970,0,,2026-09-03T11:17:24.256Z,2026-09-03T11:17:54.715Z,27,2026-09-03T11:17:54.715Z,,,c4ca1c69-cc05-4d3c-afe4-e43ce3ff741a,
202609040628181024,202609040628181024,20260904053449,4,28,8x8 CallInteractions API,br_8x8_HistoricalCCDetailedInteractions,TASK_COMPLETE,SUCCESS,INFO,858,858,0,,2026-09-04T06:28:24.364Z,2026-09-04T06:28:55.605Z,27,2026-09-04T06:28:55.605Z,,,5c90ec33-5130-4875-a415-66abc3f2b4d7,
202609031052165373,202609031052165372,20260903105209,4,28,8x8 CallInteractions API,br_8x8_HistoricalCCDetailedInteractions,TASK_COMPLETE,SUCCESS,INFO,970,970,0,,2026-09-03T10:52:22.140Z,2026-09-03T10:53:32.900Z,68,2026-09-03T10:53:32.900Z,,,b1e5c4ea-7b6d-4d5e-afa2-eb79e1fc8e31,
202609070546097299,202609070546097298,20260907054602,4,28,8x8 CallInteractions API,br_8x8_HistoricalCCDetailedInteractions,TASK_COMPLETE,SUCCESS,INFO,334,334,0,,2026-09-07T05:46:15.207Z,2026-09-07T05:46:46.565Z,28,2026-09-07T05:46:46.565Z,,,3f0f0a05-879c-4e22-8cc2-b9ae0748727e,
202609030920238935,202609030920238934,20260903092015,4,28,8x8 CallInteractions API,br_8x8_HistoricalCCDetailedInteractions,TASK_COMPLETE,SUCCESS,INFO,970,970,0,,2026-09-03T09:20:30.154Z,2026-09-03T09:21:03.680Z,30,2026-09-03T09:21:03.680Z,,,cf1e9d57-f844-4f2d-9009-5cc5d296754c,
202609070514075714,202609070514075713,20260907051400,4,28,8x8 CallInteractions API,br_8x8_HistoricalCCDetailedInteractions,TASK_COMPLETE,SUCCESS,INFO,334,334,0,,2026-09-07T05:14:13.111Z,2026-09-07T05:14:52.728Z,36,2026-09-07T05:14:52.728Z,,,8e269908-5aef-4620-9afd-bccaaad05ee8,
202609030456325176,202609030456325176,20260903032750,103,6812,Bronze Active Directory AADUsers,br_activedirectory_aadusers,TASK_COMPLETE,SUCCESS,INFO,3020,2102,0,,2026-09-03T04:56:38.080Z,2026-09-03T04:57:16.489Z,35,2026-09-03T04:57:16.489Z,,,9e67ec21-258b-468c-adea-f34fc1dc4e110,
202609031604221960,202609031604221959,20260903154234,122,12585,Gold OffWeek Counseling Engagement,OffWeekCounselingEngagement,TASK_COMPLETE,SUCCESS,INFO,0,0,0,,2026-09-03T16:04:22.196Z,2026-09-03T16:05:03.981Z,41,2026-09-03T16:05:03.981Z,,,51d644ea-ed4f-4996-a685-f88279c7f2f7,
202609031816291400,202609031729377742,202609031729377737,98,6327,P1 Forms SMS Text Consent Form Silver,tbl_SMSTextConsentForm,TASK_COMPLETE,SUCCESS,INFO,15377,15377,0,,2026-09-03T17:29:32.843Z,2026-09-03T18:16:31.354Z,2819,2026-09-03T18:16:31.354Z,,,94249231-24a1-492e-97bf-dcd504ea599a,
202609070347175103,202609070347175102,20260907034713,122,12585,Gold OffWeek Counseling Engagement,OffWeekCounselingEngagement,TASK_COMPLETE,SUCCESS,INFO,0,0,0,,2026-09-07T03:47:17.510Z,2026-09-07T03:47:40.341Z,22,2026-09-07T03:47:40.341Z,,,5d2076cb-9eed-4560-8c54-92c47621dd72,
202609070335311712,202609070335311711,20260907031553,122,12585,Gold OffWeek Counseling Engagement,OffWeekCounselingEngagement,TASK_COMPLETE,SUCCESS,INFO,0,0,0,,2026-09-07T03:35:31.171Z,2026-09-07T03:36:37.467Z,66,2026-09-07T03:36:37.467Z,,,081a3b58-0ae5-4e8b-91b1-828f1c3ba344,
202609031651589412,202609031651589411,20260903163937,122,12585,Gold OffWeek Counseling Engagement,OffWeekCounselingEngagement,TASK_COMPLETE,SUCCESS,INFO,0,0,0,,2026-09-03T16:51:58.941Z,2026-09-03T16:52:30.775Z,31,2026-09-03T16:52:30.775Z,,,924c339f-a40c-4fa0-9746-4d59d8146524,
202609031726036559,202609031726036558,20260903172600,122,12585,Gold OffWeek Counseling Engagement,OffWeekCounselingEngagement,TASK_COMPLETE,SUCCESS,INFO,0,0,0,,2026-09-03T17:26:03.655Z,2026-09-03T17:26:34.541Z,30,2026-09-03T17:26:34.541Z,,,5a9c4813-8a98-491b-8ba0-773490315d42,
202609031714561090,202609031714561089,20260903170732,122,12585,Gold OffWeek Counseling Engagement,OffWeekCounselingEngagement,TASK_COMPLETE,SUCCESS,INFO,0,0,0,,2026-09-03T17:14:56.109Z,2026-09-03T17:15:30.118Z,34,2026-09-03T17:15:30.118Z,,,4d4a03e4-da5a-401c-8fce-6475310fb5c0,
202608311657582590,202608311657582590,20260822115917,104,6813,Silver Active Directory AADUsers,sl_activedirectory_aadusers,TASK_COMPLETE,SUCCESS,INFO,2087,2087,0,,2026-08-31T16:58:04.851Z,2026-08-31T16:59:15.632Z,66,2026-08-31T16:59:15.632Z,,,2fa2e214-5583-4fca-8b7c-32713bbeec6c,
202609030515532861,202609030515532861,20260903051547,103,6812,Bronze Active Directory AADUsers,br_activedirectory_aadusers,TASK_COMPLETE,SUCCESS,INFO,3020,2102,0,,2026-09-03T05:15:58.785Z,2026-09-03T05:16:26.451Z,24,2026-09-03T05:16:26.451Z,,,f61fb4c5-0d31-4954-8aac-d0c2d48f9dc3,
202608311649559862,202608311649559862,20260831164950,103,6812,Bronze Active Directory AADUsers,br_activedirectory_aadusers,TASK_COMPLETE,SUCCESS,INFO,3005,2087,0,,2026-08-31T16:50:19.486Z,2026-08-31T16:51:06.006Z,43,2026-08-31T16:51:06.006Z,,,2fa2e214-5583-4fca-8b7c-32713bbeec6c,
202609041427357810,202609041427357809,202609041424498841,83,211,Silver Salesforce Users,sl_sf_users,TASK_COMPLETE,SUCCESS,INFO,0,0,0,No records returned,2026-09-04T14:27:42.457Z,2026-09-04T14:27:56.591Z,11,2026-09-04T14:27:56.591Z,,,9d7b1c7e-8065-427d-99c7-89e3c8306b1f,
202609041334267283,202609041334267283,202607161857431812,83,211,Silver Salesforce Users,sl_sf_users,TASK_COMPLETE,SUCCESS,INFO,0,0,0,No records returned,2026-09-04T13:34:31.936Z,2026-09-04T13:34:43.878Z,10,2026-09-04T13:34:43.878Z,,,bd9b2318-654e-4f3d-b09e-bcdf6b219232,
202609031325375393,202609031325375393,20260903132531,122,12585,Gold OffWeek Counseling Engagement,OffWeekCounselingEngagement,TASK_SUCCESS,SUCCESS,INFO,0,0,0,,2026-09-03T13:25:37.539Z,2026-09-03T13:26:13.965Z,36,2026-09-03T13:26:13.965Z,,,8354fe9a-a940-4119-ab8e-6c094f3224d7,
202609030634036918,202609030634036918,20260903060947,122,12585,Gold OffWeek Counseling Engagement,OffWeekCounselingEngagement,TASK_SUCCESS,SUCCESS,INFO,0,0,0,,2026-09-03T06:34:03.691Z,2026-09-03T06:34:31.554Z,27,2026-09-03T06:34:31.554Z,,,f96f5b99-9d68-4178-8a83-78819af29a92,
202609030657395680,202609030657395680,20260903063515,122,12585,Gold OffWeek Counseling Engagement,OffWeekCounselingEngagement,TASK_SUCCESS,SUCCESS,INFO,0,0,0,,2026-09-03T06:57:39.568Z,2026-09-03T06:58:19.596Z,40,2026-09-03T06:58:19.596Z,,,99698447-e02c-478c-bc1e-40fdc49c170e,
202609031002089496,202609031002089496,20260903065909,122,12585,Gold OffWeek Counseling Engagement,OffWeekCounselingEngagement,TASK_SUCCESS,SUCCESS,INFO,0,0,0,,2026-09-03T10:02:08.949Z,2026-09-03T10:02:39.467Z,30,2026-09-03T10:02:39.467Z,,,c635a2b4-fd80-403f-957d-852c27b3649e,
202609031406544781,202609031406544781,20260903135142,122,12585,Gold OffWeek Counseling Engagement,OffWeekCounselingEngagement,TASK_SUCCESS,SUCCESS,INFO,0,0,0,,2026-09-03T14:06:54.478Z,2026-09-03T14:07:39.747Z,45,2026-09-03T14:07:39.747Z,,,93171e05-6d5e-4b1a-8640-e486f2cee83d,
202609031816291401,202609031729377743,202609031729377737,98,6444,P1 Forms Consent To Marketing Silver,tbl_ConsenttoMarketing,TASK_COMPLETE,SUCCESS,INFO,6970,6970,0,,2026-09-03T17:29:32.843Z,2026-09-03T18:16:31.354Z,2819,2026-09-03T18:16:31.354Z,,,94249231-24a1-492e-97bf-dcd504ea599a,
202609040635238460,202609040635238459,20260904061714,5,32,Silver 8x8 CallVolume,sl_8x8_CallVolume,TASK_SKIPPED,SKIPPED,WARN,0,0,0,Dependency Failed,2026-09-04T06:35:36.107Z,2026-09-04T06:35:36.107Z,0,2026-09-04T06:35:36.107Z,,,5c90ec33-5130-4875-a415-66abc3f2b4d7,
202609040552539333,202609040552539333,20260904055158,5,32,Silver 8x8 CallVolume,sl_8x8_CallVolume,TASK_SKIPPED,SKIPPED,WARN,0,0,0,Dependency Failed,2026-09-04T05:53:01.939Z,2026-09-04T05:53:01.939Z,0,2026-09-04T05:53:01.939Z,,,94f281af-b5e9-4290-9702-d563799a6bd2,
202609080942181373,202609080942181373,20260908091757,143,16282,Transaction Report In-DB v7 Gold,TransactionPostingReport,TASK_COMPLETE,SUCCESS,INFO,552287,552287,0,,2026-09-08T09:42:23.396Z,2026-09-08T09:42:57.254Z,30,2026-09-08T09:42:57.254Z,,,f61fb4c5-0d31-4954-8aac-d0c2d48f9dc90,
202609041620312452,202609041620312452,20260904161800,83,211,Silver Salesforce Users,sl_sf_users,TASK_COMPLETE,SUCCESS,INFO,0,0,0,No records returned,2026-09-04T16:20:36.778Z,2026-09-04T16:20:49.310Z,10,2026-09-04T16:20:49.310Z,,,7a604b07-1e27-4ff8-bd86-1860fd5608a2,
202608310342041596,202608310342041596,20260831034154,133,13712,3rd Party Claims with Payment Silver,sl_third_party_ar_indb,TASK_COMPLETE,SUCCESS,INFO,1,248584,0,,2026-08-31T03:42:18.872Z,2026-08-31T03:44:03.181Z,101,2026-08-31T03:44:03.181Z,,,c3e41f3e-c233-4445-a786-d0d98a8613bd,
202608310610256843,202608310610256843,20260831060206,133,13726,Self Pay AR Aging with Last Payer_inDB Silver,sl_self_pay_bulk,TASK_COMPLETE,SUCCESS,INFO,1,43,0,,2026-08-31T06:10:34.660Z,2026-08-31T06:11:20.077Z,42,2026-08-31T06:11:20.077Z,,,1de5cf99-6b82-4338-b3fe-396114f7957f,
202608311221169869,202608311221169869,20260831121208,133,13726,Self Pay AR Aging with Last Payer_inDB Silver,sl_self_pay_bulk,TASK_COMPLETE,SUCCESS,INFO,1,43,0,,2026-08-31T12:21:21.654Z,2026-08-31T12:22:05.149Z,41,2026-08-31T12:22:05.149Z,,,73ab084e-6be8-4233-a81c-8f049414a380,
202609031151242315,202609031151242315,20260903114054,133,13726,Self Pay AR Aging with Last Payer_inDB Silver,sl_self_pay_bulk,TASK_COMPLETE,SUCCESS,INFO,1,41,0,,2026-09-03T11:51:29.823Z,2026-09-03T11:52:23.241Z,51,2026-09-03T11:52:23.241Z,,,1426a45f-7ba5-45f5-b808-280584111092,
202608310350557420,202608310350557420,20260831034154,133,13726,Self Pay AR Aging with Last Payer_inDB Silver,sl_self_pay_bulk,TASK_COMPLETE,SUCCESS,INFO,1,43,0,,2026-08-31T03:51:08.486Z,2026-08-31T03:51:51.729Z,41,2026-08-31T03:51:51.729Z,,,c3e41f3e-c233-4445-a786-d0d98a8613bd,
202608311212198657,202608311212198656,20260831121208,133,13712,3rd Party Claims with Payment Silver,sl_third_party_ar_indb,TASK_COMPLETE,SUCCESS,INFO,1,248584,0,,2026-08-31T12:12:24.544Z,2026-08-31T12:13:48.255Z,81,2026-08-31T12:13:48.255Z,,,73ab084e-6be8-4233-a81c-8f049414a380,
202609031141040923,202609031141040923,20260903114054,133,13712,3rd Party Claims with Payment Silver,sl_third_party_ar_indb,TASK_COMPLETE,SUCCESS,INFO,1,248584,0,,2026-09-03T11:41:10.137Z,2026-09-03T11:42:39.445Z,86,2026-09-03T11:42:39.445Z,,,1426a45f-7ba5-45f5-b808-280584111092,
202608310602413639,202608310602413639,20260831060206,133,13712,3rd Party Claims with Payment Silver,sl_third_party_ar_indb,TASK_COMPLETE,SUCCESS,INFO,1,248584,0,,2026-08-31T06:03:07.710Z,2026-08-31T06:04:40.302Z,90,2026-08-31T06:04:40.302Z,,,1de5cf99-6b82-4338-b3fe-396114f7957f,
202609030743461621,202609030743461621,20260903074343,4,28,8x8 CallInteractions API,br_8x8_HistoricalCCDetailedInteractions,TASK_COMPLETE,SUCCESS,INFO,970,970,0,,2026-09-03T07:43:52.723Z,2026-09-03T07:44:14.207Z,19,2026-09-03T07:44:14.207Z,,,1066d6e5-305c-4662-a3fb-18d67007,
202609030545549787,202609030545549787,20260903054547,4,28,8x8 CallInteractions API,br_8x8_HistoricalCCDetailedInteractions,TASK_COMPLETE,SUCCESS,INFO,970,970,0,,2026-09-03T05:46:00.546Z,2026-09-03T05:46:38.679Z,35,2026-09-03T05:46:38.679Z,,,1066d6e5-305c-4662-a3fb-18d67007,
202609030730251204,202609030730251204,20260903073021,4,28,8x8 CallInteractions API,br_8x8_HistoricalCCDetailedInteractions,TASK_COMPLETE,SUCCESS,INFO,970,970,0,,2026-09-03T07:30:30.285Z,2026-09-03T07:31:02.088Z,29,2026-09-03T07:31:02.088Z,,,1066d6e5-305c-4662-a3fb-18d67007,
202609031816291397,202609031729377739,202609031729377737,98,5976,P1 Forms E&M Form Pregnancy Silver,tbl_EandMFormPregnancy,TASK_COMPLETE,SUCCESS,INFO,63515,63515,0,,2026-09-03T17:29:32.843Z,2026-09-03T18:16:31.354Z,2819,2026-09-03T18:16:31.354Z,,,94249231-24a1-492e-97bf-dcd504ea599a,
202609030751158925,202609030751158925,20260903075113,4,28,8x8 CallInteractions API,br_8x8_HistoricalCCDetailedInteractions,TASK_COMPLETE,SUCCESS,INFO,970,970,0,,2026-09-03T07:51:21.535Z,2026-09-03T07:51:42.880Z,19,2026-09-03T07:51:42.880Z,,,1066d6e5-305c-4662-a3fb-18d67007,
202609010529168979,202609010503373340,202609010503373335,47,9288,P1 Finance Payer Client History Silver,tbl_PayerCltHistory,TASK_COMPLETE,SUCCESS,INFO,61,61,0,,2026-09-01T05:03:56.880Z,2026-09-01T05:29:18.945Z,1522,2026-09-01T05:29:18.945Z,,,75a93e02-eb8a-4b20-981c-b48401997d72,
202608310141441525,202608310122245974,202608310122245969,119,12564,Silver P1/P2 Assessments,sl_NewPeriodicReassessmentD2,TASK_COMPLETE,SUCCESS,INFO,0,0,0,,2026-08-31T01:22:19.883Z,2026-08-31T01:41:46.883Z,1167,2026-08-31T01:41:46.883Z,,,4b7273e0-0d54-485d-b4db-ed019a136434,
202608310141441526,202608310122245975,202608310122245969,119,12565,Silver P1/P2 Assessments,sl_NewPeriodicReassessmentD3,TASK_COMPLETE,SUCCESS,INFO,0,0,0,,2026-08-31T01:22:19.883Z,2026-08-31T01:41:46.883Z,1167,2026-08-31T01:41:46.883Z,,,4b7273e0-0d54-485d-b4db-ed019a136434,
202608310141441529,202608310122245977,202608310122245969,119,12567,Silver P1/P2 Assessments,sl_NewPeriodicReassessmentD5,TASK_COMPLETE,SUCCESS,INFO,0,0,0,,2026-08-31T01:22:19.883Z,2026-08-31T01:41:46.883Z,1167,2026-08-31T01:41:46.883Z,,,4b7273e0-0d54-485d-b4db-ed019a136434,
202608310141441530,202608310122245978,202608310122245969,119,12568,Silver P1/P2 Assessments,sl_NewPeriodicReassessmentD6,TASK_COMPLETE,SUCCESS,INFO,0,0,0,,2026-08-31T01:22:19.883Z,2026-08-31T01:41:46.883Z,1167,2026-08-31T01:41:46.883Z,,,4b7273e0-0d54-485d-b4db-ed019a136434,
202609021405330942,202609021343788399,202609021343788394,119,12564,Silver P1/P2 Assessments,sl_NewPeriodicReassessmentD2,TASK_COMPLETE,SUCCESS,INFO,0,0,0,,2026-09-02T13:44:13.671Z,2026-09-02T14:05:44.083Z,1291,2026-09-02T14:05:44.083Z,,,ab787989-353e-4d3f-8e29-103715871a85,
202609021405330943,202609021343788400,202609021343788394,119,12565,Silver P1/P2 Assessments,sl_NewPeriodicReassessmentD3,TASK_COMPLETE,SUCCESS,INFO,0,0,0,,2026-09-02T13:44:13.671Z,2026-09-02T14:05:44.083Z,1291,2026-09-02T14:05:44.083Z,,,ab787989-353e-4d3f-8e29-103715871a85,
202609021405330945,202609021343788402,202609021343788394,119,12567,Silver P1/P2 Assessments,sl_NewPeriodicReassessmentD5,TASK_COMPLETE,SUCCESS,INFO,0,0,0,,2026-09-02T13:44:13.671Z,2026-09-02T14:05:44.083Z,1291,2026-09-02T14:05:44.083Z,,,ab787989-353e-4d3f-8e29-103715871a85,
202609021405330946,202609021343788403,202609021343788394,119,12568,Silver P1/P2 Assessments,sl_NewPeriodicReassessmentD6,TASK_COMPLETE,SUCCESS,INFO,0,0,0,,2026-09-02T13:44:13.671Z,2026-09-02T14:05:44.083Z,1291,2026-09-02T14:05:44.083Z,,,ab787989-353e-4d3f-8e29-103715871a85,
202608292059198242,202608291904534412,202608291904534406,86,5725,Silver INV,sl_AdmissionAssessmentDimensionFiveSubstanceUse,TASK_COMPLETE,SUCCESS,INFO,50859,50859,0,,2026-08-29T19:04:49.126Z,2026-08-29T20:59:21.833Z,6872,2026-08-29T20:59:21.833Z,,,dd7385f2-fbd4-41a4-afcd-7296aca5e198,
202609032059384184,202609031904201111,202609031904201105,86,5725,Silver INV,sl_AdmissionAssessmentDimensionFiveSubstanceUse,TASK_COMPLETE,SUCCESS,INFO,51047,51047,0,,2026-09-03T19:04:17.619Z,2026-09-03T20:59:41.557Z,6924,2026-09-03T20:59:41.557Z,,,48b34b87-69c2-467d-a88c-67aac910c539,
202608302110100142,202608301904270797,202608301904270791,86,5725,Silver INV,sl_AdmissionAssessmentDimensionFiveSubstanceUse,TASK_COMPLETE,SUCCESS,INFO,50859,50859,0,,2026-08-30T19:04:27.050Z,2026-08-30T21:10:12.061Z,7545,2026-08-30T21:10:12.061Z,,,ba679216-ee2b-4344-afb9-134290faf502,
202609012120317943,202609011903772011,202609011903772005,86,5725,Silver INV,sl_AdmissionAssessmentDimensionFiveSubstanceUse,TASK_COMPLETE,SUCCESS,INFO,50961,50961,0,,2026-09-01T19:04:17.664Z,2026-09-01T21:20:34.963Z,8177,2026-09-01T21:20:34.963Z,,,0e5f68b5-5669-4bb1-91ce-4b967b620e7d,
202608312122263104,202608311905752242,202608311905752236,86,5725,Silver INV,sl_AdmissionAssessmentDimensionFiveSubstanceUse,TASK_COMPLETE,SUCCESS,INFO,50911,50911,0,,2026-08-31T19:06:18.658Z,2026-08-31T21:22:29.754Z,8171,2026-08-31T21:22:29.754Z,,,79f5b39e-d314-4ad3-8050-3ace553d67de,
202609022129506802,202609021903306081,202609021903306075,86,5725,Silver INV,sl_AdmissionAssessmentDimensionFiveSubstanceUse,TASK_COMPLETE,SUCCESS,INFO,51012,51012,0,,2026-09-02T19:03:39.838Z,2026-09-02T21:29:53.061Z,8774,2026-09-02T21:29:53.061Z,,,c49685cc-3281-44bc-a1c2-3be5b1110999,
202608310356567163,202608310356567162,20260831035644,134,13713,3rd Party Claims with Payment Gold,Third_Party_AR_inDB,TASK_COMPLETE,SUCCESS,INFO,248584,248584,0,,2026-08-31T03:57:13.205Z,2026-08-31T03:58:07.034Z,52,2026-08-31T03:58:07.034Z,,,c3e41f3e-c233-4445-a786-d0d98a8613bd,
202608310616224008,202608310616224008,20260831061556,134,13713,3rd Party Claims with Payment Gold,Third_Party_AR_inDB,TASK_COMPLETE,SUCCESS,INFO,248584,248584,0,,2026-08-31T06:16:31.153Z,2026-08-31T06:17:05.699Z,31,2026-08-31T06:17:05.699Z,,,1de5cf99-6b82-4338-b3fe-396114f7957f,
202608311226038254,202608311226038254,20260831092127,134,13713,3rd Party Claims with Payment Gold,Third_Party_AR_inDB,TASK_COMPLETE,SUCCESS,INFO,248584,248584,0,,2026-08-31T12:26:08.421Z,2026-08-31T12:26:42.663Z,32,2026-08-31T12:26:42.663Z,,,73ab084e-6be8-4233-a81c-8f049414a380,
202609022032200687,202609021926396234,202609021926396228,86,5725,Silver INV,sl_AdmissionAssessmentDimensionFiveSubstanceUse,TASK_COMPLETE,SUCCESS,INFO,0,0,0,,2026-09-02T19:26:44.280Z,2026-09-02T20:32:22.857Z,3938,2026-09-02T20:32:22.857Z,,,aa9f49a8-9ff8-4a6e-a263-7617045dadde,
202609041615082960,202609041543473981,202609041543473975,86,5725,Silver INV,sl_AdmissionAssessmentDimensionFiveSubstanceUse,TASK_COMPLETE,SUCCESS,INFO,0,0,0,,2026-09-04T15:43:48.314Z,2026-09-04T16:15:10.849Z,1882,2026-09-04T16:15:10.849Z,,,66e9e433-72b0-4c30-b0ea-7611d9608923,
202609051931511160,202609051904209223,202609051904209217,86,5725,Silver INV,sl_AdmissionAssessmentDimensionFiveSubstanceUse,TASK_COMPLETE,SUCCESS,INFO,0,0,0,,2026-09-05T19:04:18.404Z,2026-09-05T19:31:53.528Z,1655,2026-09-05T19:31:53.528Z,,,a7cfa2a8-4e03-4cce-a64e-9a92e6e67f12,
202609031214214929,202609031145501706,202609031145501700,86,5725,Silver INV,sl_AdmissionAssessmentDimensionFiveSubstanceUse,TASK_COMPLETE,SUCCESS,INFO,0,0,0,,2026-09-03T11:45:45.517Z,2026-09-03T12:14:25.348Z,1720,2026-09-03T12:14:25.348Z,,,8e54a6a2-7031-4831-b2c0-8c5ea7811246,
202609061931017280,202609061904381255,202609061904381249,86,5725,Silver INV,sl_AdmissionAssessmentDimensionFiveSubstanceUse,TASK_COMPLETE,SUCCESS,INFO,0,0,0,,2026-09-06T19:04:34.627Z,2026-09-06T19:31:03.849Z,1589,2026-09-06T19:31:03.849Z,,,5cce37fd-5f38-41c5-90e1-d9efeb3bd245,
202609071931510890,202609071904736236,202609071904736230,86,5725,Silver INV,sl_AdmissionAssessmentDimensionFiveSubstanceUse,TASK_COMPLETE,SUCCESS,INFO,0,0,0,,2026-09-07T19:05:10.929Z,2026-09-07T19:31:53.979Z,1603,2026-09-07T19:31:53.979Z,,,fc48ec9c-d1b8-4775-bd67-583e82846e52,
202609041735311986,202609041706373950,202609041706373944,86,5725,Silver INV,sl_AdmissionAssessmentDimensionFiveSubstanceUse,TASK_COMPLETE,SUCCESS,INFO,0,0,0,,2026-09-04T17:06:35.444Z,2026-09-04T17:35:34.034Z,1739,2026-09-04T17:35:34.034Z,,,5652dc3b-8824-4606-a16d-f373dc1d2ada,
202608310959195992,202608310959195992,20260831095704,133,13722,MultiplePayor Secondary Payorv8 Silver,sl_multiplepayors,TASK_COMPLETE,SUCCESS,INFO,1,1920,0,,2026-08-31T09:59:23.845Z,2026-08-31T09:59:53.471Z,24,2026-08-31T09:59:53.471Z,,,015058a2-4b17-4d2e-897e-f307d8a475b8,
202609031150089307,202609031150089306,20260903114054,133,13722,MultiplePayor Secondary Payorv8 Silver,sl_multiplepayors,TASK_COMPLETE,SUCCESS,INFO,1,2560,0,,2026-09-03T11:50:14.215Z,2026-09-03T11:50:41.332Z,24,2026-09-03T11:50:41.332Z,,,1426a45f-7ba5-45f5-b808-280584111092,
202608311220088277,202608311220088276,20260831121208,133,13722,MultiplePayor Secondary Payorv8 Silver,sl_multiplepayors,TASK_COMPLETE,SUCCESS,INFO,1,1920,0,,2026-08-31T12:20:15.950Z,2026-08-31T12:20:36.132Z,18,2026-08-31T12:20:36.132Z,,,73ab084e-6be8-4233-a81c-8f049414a380,
202608311015534022,202608311015534021,20260831101337,133,13722,MultiplePayor Secondary Payorv8 Silver,sl_multiplepayors,TASK_COMPLETE,SUCCESS,INFO,1,1920,0,,2026-08-31T10:16:00.876Z,2026-08-31T10:16:35.905Z,30,2026-08-31T10:16:35.905Z,,,570ed360-6755-403a-934d-8def39d2304e,
202608310348159990,202608310348159989,20260831034154,133,13722,MultiplePayor Secondary Payorv8 Silver,sl_multiplepayors,TASK_COMPLETE,SUCCESS,INFO,1,1920,0,,2026-08-31T03:48:43.506Z,2026-08-31T03:49:27.909Z,29,2026-08-31T03:49:27.909Z,,,c3e41f3e-c233-4445-a786-d0d98a8613bd,
202608311028242068,202608311028242067,20260831102558,133,13722,MultiplePayor Secondary Payorv8 Silver,sl_multiplepayors,TASK_COMPLETE,SUCCESS,INFO,1,1920,0,,2026-08-31T10:28:29.114Z,2026-08-31T10:28:55.186Z,24,2026-08-31T10:28:55.186Z,,,c53fd170-5a06-4556-ac6d-ed783acaee0b,
202608310608249993,202608310608249993,20260831060206,133,13722,MultiplePayor Secondary Payorv8 Silver,sl_multiplepayors,TASK_COMPLETE,SUCCESS,INFO,1,1920,0,,2026-08-31T06:08:33.180Z,2026-08-31T06:09:06.569Z,30,2026-08-31T06:09:06.569Z,,,1de5cf99-6b82-4338-b3fe-396114f7957f,
202608310840117912,202608310840117912,20260831083741,133,13722,MultiplePayor Secondary Payorv8 Silver,sl_multiplepayors,TASK_COMPLETE,SUCCESS,INFO,1,1920,0,,2026-08-31T08:40:16.589Z,2026-08-31T08:40:46.326Z,25,2026-08-31T08:40:46.326Z,,,37c02356-54c6-4ef5-9431-a8a2d170b0b0,
202608310751397076,202608310751397076,20260831074924,133,13722,MultiplePayor Secondary Payorv8 Silver,sl_multiplepayors,TASK_COMPLETE,SUCCESS,INFO,1,1920,0,,2026-08-31T07:51:44.058Z,2026-08-31T07:52:14.896Z,29,2026-08-31T07:52:14.896Z,,,0b4961d6-2cb3-40f0-b779-fb7af0beef8c,
202609041934034929,202609041904319422,202609041904319417,86,5724,Silver INV,sl_AdmissionAssessmentDimensionFour,TASK_COMPLETE,SUCCESS,INFO,0,0,0,,2026-09-04T19:04:30.706Z,2026-09-04T19:34:06.114Z,1776,2026-09-04T19:34:06.114Z,,,b1302ebd-57a3-42bd-9029-9a66dda6727d,
202609041934034930,202609041904319423,202609041904319417,86,5725,Silver INV,sl_AdmissionAssessmentDimensionFiveSubstanceUse,TASK_COMPLETE,SUCCESS,INFO,0,0,0,,2026-09-04T19:04:30.706Z,2026-09-04T19:34:06.114Z,1776,2026-09-04T19:34:06.114Z,,,b1302ebd-57a3-42bd-9029-9a66dda6727d,
202609031402596802,202609031332701331,202609031332701326,86,5724,Silver INV,sl_AdmissionAssessmentDimensionFour,TASK_COMPLETE,SUCCESS,INFO,0,0,0,,2026-09-03T13:33:12.351Z,2026-09-03T14:03:09.613Z,1797,2026-09-03T14:03:09.613Z,,,ef652adf-cab1-42cd-a0bf-1cd03c8c16e7,
202609031402596804,202609031332701332,202609031332701326,86,5725,Silver INV,sl_AdmissionAssessmentDimensionFiveSubstanceUse,TASK_COMPLETE,SUCCESS,INFO,0,0,0,,2026-09-03T13:33:12.351Z,2026-09-03T14:03:09.613Z,1797,2026-09-03T14:03:09.613Z,,,ef652adf-cab1-42cd-a0bf-1cd03c8c16e7,
202609021147038530,202609021147038530,202608201136586561,83,6807,Silver Salesforce Patient Surveys,sl_sf_patientsurveys,TASK_COMPLETE,SUCCESS,INFO,310,310,0,,2026-09-02T11:47:08.888Z,2026-09-02T11:47:27.945Z,17,2026-09-02T11:47:27.945Z,,,0b5a27da-5d48-4ed3-a9f4-1a7052a3fcea,
202609041337448143,202609041337448143,202607161857431812,83,6807,Silver Salesforce Patient Surveys,sl_sf_patientsurveys,TASK_COMPLETE,SUCCESS,INFO,310,310,0,,2026-09-04T13:37:50.000Z,2026-09-04T13:38:13.307Z,21,2026-09-04T13:38:13.307Z,,,bd9b2318-654e-4f3d-b09e-bcdf6b219232,
202609041431477261,202609041431477261,202609041424498841,83,6807,Silver Salesforce Patient Surveys,sl_sf_patientsurveys,TASK_COMPLETE,SUCCESS,INFO,310,310,0,,2026-09-04T14:32:03.939Z,2026-09-04T14:32:25.993Z,19,2026-09-04T14:32:25.993Z,,,9d7b1c7e-8065-427d-99c7-89e3c8306b1f,
202608311231189698,202608311231189698,20260831092127,134,13727,Self Pay AR Aging with Last Payer_inDB Gold,self_pay_bulk,TASK_COMPLETE,SUCCESS,INFO,43,43,0,,2026-08-31T12:31:31.950Z,2026-08-31T12:31:52.525Z,18,2026-08-31T12:31:52.525Z,,,73ab084e-6be8-4233-a81c-8f049414a380,
202608310405184863,202608310405184862,20260831035644,134,13727,Self Pay AR Aging with Last Payer_inDB Gold,self_pay_bulk,TASK_COMPLETE,SUCCESS,INFO,43,43,0,,2026-08-31T04:05:22.893Z,2026-08-31T04:05:41.153Z,15,2026-08-31T04:05:41.153Z,,,c3e41f3e-c233-4445-a786-d0d98a8613bd,
202609031201025314,202609031201025314,20260903115613,134,13727,Self Pay AR Aging with Last Payer_inDB Gold,self_pay_bulk,TASK_COMPLETE,SUCCESS,INFO,63,63,0,,2026-09-03T12:01:07.995Z,2026-09-03T12:01:33.681Z,24,2026-09-03T12:01:33.681Z,,,1426a45f-7ba5-45f5-b808-280584111092,
202608310620412592,202608310620412591,20260831061556,134,13727,Self Pay AR Aging with Last Payer_inDB Gold,self_pay_bulk,TASK_COMPLETE,SUCCESS,INFO,43,43,0,,2026-08-31T06:20:46.439Z,2026-08-31T06:21:26.561Z,34,2026-08-31T06:21:26.561Z,,,1de5cf99-6b82-4338-b3fe-396114f7957f,
202608300816472724,202608300816472724,20260830081340,132,13705,Marketing Admits Readmissions Gold,AdmitsPReadmissions,TASK_SUCCESS,SUCCESS,INFO,325842,325842,0,,2026-08-30T08:16:47.272Z,2026-08-30T08:18:00.007Z,72,2026-08-30T08:18:00.007Z,,,8cf8f378-16db-4eda-8552-9c6ae683939d,
202609010650068966,202609010650068966,20260901064704,132,13705,Marketing Admits Readmissions Gold,AdmitsPReadmissions,TASK_SUCCESS,SUCCESS,INFO,325842,325842,0,,2026-09-01T06:50:06.896Z,2026-09-01T06:51:25.683Z,78,2026-09-01T06:51:25.683Z,,,f386ddbf-c5af-4242-bf29-5f60b1e71ecf,
202608300927430518,202608300927430518,20260830092444,132,13705,Marketing Admits Readmissions Gold,AdmitsPReadmissions,TASK_SUCCESS,SUCCESS,INFO,325842,325842,0,,2026-08-30T09:27:43.051Z,2026-08-30T09:28:55.292Z,72,2026-08-30T09:28:55.292Z,,,d0826a4c-ff98-435d-adfd-e339a02d1b06,
202608281207421105,202608281207421105,20260828120423,132,13705,Marketing Admits Readmissions Gold,AdmitsPReadmissions,TASK_SUCCESS,SUCCESS,INFO,325842,325842,0,,2026-08-28T12:07:42.110Z,2026-08-28T12:09:01.866Z,79,2026-08-28T12:09:01.866Z,,,e752845a-2a63-48ca-b4ef-ba7a68ece0b6,
202609021130246769,202609021111516559,202609021111516554,119,12564,Silver P1/P2 Assessments,sl_NewPeriodicReassessmentD2,TASK_COMPLETE,SUCCESS,INFO,0,0,0,,2026-09-02T11:11:46.042Z,2026-09-02T11:30:27.064Z,1121,2026-09-02T11:30:27.064Z,,,a7050713-a175-4eb1-950e-06e41274b859,
202609021020464804,202609021000293802,202609021000293793,119,12568,Silver P1/P2 Assessments,sl_NewPeriodicReassessmentD6,TASK_COMPLETE,SUCCESS,INFO,0,0,0,,2026-09-02T10:00:23.575Z,2026-09-02T10:20:49.106Z,1226,2026-09-02T10:20:49.106Z,,,ebc2f5e5-b7e4-40cf-8b56-f009f5871937,
202609021020464801,202609021000293799,202609021000293793,119,12565,Silver P1/P2 Assessments,sl_NewPeriodicReassessmentD3,TASK_COMPLETE,SUCCESS,INFO,0,0,0,,2026-09-02T10:00:23.575Z,2026-09-02T10:20:49.106Z,1226,2026-09-02T10:20:49.106Z,,,ebc2f5e5-b7e4-40cf-8b56-f009f5871937,
202609020528085076,202609020507468043,202609020507468034,119,12568,Silver P1/P2 Assessments,sl_NewPeriodicReassessmentD6,TASK_COMPLETE,SUCCESS,INFO,0,0,0,,2026-09-02T05:07:47.056Z,2026-09-02T05:28:10.410Z,1223,2026-09-02T05:28:10.410Z,,,2b09f1a0-2915-47dd-851e-cacf6613827d,
202609021020464799,202609021000293798,202609021000293793,119,12564,Silver P1/P2 Assessments,sl_NewPeriodicReassessmentD2,TASK_COMPLETE,SUCCESS,INFO,0,0,0,,2026-09-02T10:00:23.575Z,2026-09-02T10:20:49.106Z,1226,2026-09-02T10:20:49.106Z,,,ebc2f5e5-b7e4-40cf-8b56-f009f5871937,
202609021130246773,202609021111516563,202609021111516554,119,12568,Silver P1/P2 Assessments,sl_NewPeriodicReassessmentD6,TASK_COMPLETE,SUCCESS,INFO,0,0,0,,2026-09-02T11:11:46.042Z,2026-09-02T11:30:27.064Z,1121,2026-09-02T11:30:27.064Z,,,a7050713-a175-4eb1-950e-06e41274b859,
202609020528085073,202609020507468041,202609020507468034,119,12566,Silver P1/P2 Assessments,sl_NewPeriodicReassessmentD4,TASK_COMPLETE,SUCCESS,INFO,0,0,0,,2026-09-02T05:07:47.056Z,2026-09-02T05:28:10.410Z,1223,2026-09-02T05:28:10.410Z,,,2b09f1a0-2915-47dd-851e-cacf6613827d,
202609021130246770,202609021111516560,202609021111516554,119,12565,Silver P1/P2 Assessments,sl_NewPeriodicReassessmentD3,TASK_COMPLETE,SUCCESS,INFO,0,0,0,,2026-09-02T11:11:46.042Z,2026-09-02T11:30:27.064Z,1121,2026-09-02T11:30:27.064Z,,,a7050713-a175-4eb1-950e-06e41274b859,
202608310141441527,202608310122245976,202608310122245969,119,12566,Silver P1/P2 Assessments,sl_NewPeriodicReassessmentD4,TASK_COMPLETE,SUCCESS,INFO,0,0,0,,2026-08-31T01:22:19.883Z,2026-08-31T01:41:46.883Z,1167,2026-08-31T01:41:46.883Z,,,4b7273e0-0d54-485d-b4db-ed019a136434,
202609021405330944,202609021343788401,202609021343788394,119,12566,Silver P1/P2 Assessments,sl_NewPeriodicReassessmentD4,TASK_COMPLETE,SUCCESS,INFO,0,0,0,,2026-09-02T13:44:13.671Z,2026-09-02T14:05:44.083Z,1291,2026-09-02T14:05:44.083Z,,,ab787989-353e-4d3f-8e29-103715871a85,
202609020528085071,202609020507468039,202609020507468034,119,12564,Silver P1/P2 Assessments,sl_NewPeriodicReassessmentD2,TASK_COMPLETE,SUCCESS,INFO,0,0,0,,2026-09-02T05:07:47.056Z,2026-09-02T05:28:10.410Z,1223,2026-09-02T05:28:10.410Z,,,2b09f1a0-2915-47dd-851e-cacf6613827d,
202609021020464803,202609021000293801,202609021000293793,119,12567,Silver P1/P2 Assessments,sl_NewPeriodicReassessmentD5,TASK_COMPLETE,SUCCESS,INFO,0,0,0,,2026-09-02T10:00:23.575Z,2026-09-02T10:20:49.106Z,1226,2026-09-02T10:20:49.106Z,,,ebc2f5e5-b7e4-40cf-8b56-f009f5871937,
202609020528085072,202609020507468040,202609020507468034,119,12565,Silver P1/P2 Assessments,sl_NewPeriodicReassessmentD3,TASK_COMPLETE,SUCCESS,INFO,0,0,0,,2026-09-02T05:07:47.056Z,2026-09-02T05:28:10.410Z,1223,2026-09-02T05:28:10.410Z,,,2b09f1a0-2915-47dd-851e-cacf6613827d,
202609020528085074,202609020507468042,202609020507468034,119,12567,Silver P1/P2 Assessments,sl_NewPeriodicReassessmentD5,TASK_COMPLETE,SUCCESS,INFO,0,0,0,,2026-09-02T05:07:47.056Z,2026-09-02T05:28:10.410Z,1223,2026-09-02T05:28:10.410Z,,,2b09f1a0-2915-47dd-851e-cacf6613827d,
202609041623399642,202609041623399642,20260904161800,83,6807,Silver Salesforce Patient Surveys,sl_sf_patientsurveys,TASK_COMPLETE,SUCCESS,INFO,310,310,0,,2026-09-04T16:23:45.402Z,2026-09-04T16:24:05.118Z,18,2026-09-04T16:24:05.118Z,,,7a604b07-1e27-4ff8-bd86-1860fd5608a2,
202609021020464802,202609021000293800,202609021000293793,119,12566,Silver P1/P2 Assessments,sl_NewPeriodicReassessmentD4,TASK_COMPLETE,SUCCESS,INFO,0,0,0,,2026-09-02T10:00:23.575Z,2026-09-02T10:20:49.106Z,1226,2026-09-02T10:20:49.106Z,,,ebc2f5e5-b7e4-40cf-8b56-f009f5871937,
202609021130246772,202609021111516562,202609021111516554,119,12567,Silver P1/P2 Assessments,sl_NewPeriodicReassessmentD5,TASK_COMPLETE,SUCCESS,INFO,0,0,0,,2026-09-02T11:11:46.042Z,2026-09-02T11:30:27.064Z,1121,2026-09-02T11:30:27.064Z,,,a7050713-a175-4eb1-950e-06e41274b859,
202609021130246771,202609021111516561,202609021111516554,119,12566,Silver P1/P2 Assessments,sl_NewPeriodicReassessmentD4,TASK_COMPLETE,SUCCESS,INFO,0,0,0,,2026-09-02T11:11:46.042Z,2026-09-02T11:30:27.064Z,1121,2026-09-02T11:30:27.064Z,,,a7050713-a175-4eb1-950e-06e41274b859,
202609022129506797,202609021903306077,202609021903306075,86,5721,Silver INV,sl_AdmissionAssessmentDimensionOneDisorder,TASK_COMPLETE,SUCCESS,INFO,53621,53621,0,,2026-09-02T19:03:39.838Z,2026-09-02T21:29:53.061Z,8774,2026-09-02T21:29:53.061Z,,,c49685cc-3281-44bc-a1c2-3be5b1110999,
202609010529168983,202609010503373343,202609010503373335,47,9642,P1 Finance Claim Line Item Silver,tbl_ClaimLineItem,TASK_COMPLETE,SUCCESS,INFO,13695,13695,0,,2026-09-01T05:03:56.880Z,2026-09-01T05:29:18.945Z,1522,2026-09-01T05:29:18.945Z,,,75a93e02-eb8a-4b20-981c-b48401997d72,
202609012120317939,202609011903772007,202609011903772005,86,5721,Silver INV,sl_AdmissionAssessmentDimensionOneDisorder,TASK_COMPLETE,SUCCESS,INFO,53567,53567,0,,2026-09-01T19:04:17.664Z,2026-09-01T21:20:34.963Z,8177,2026-09-01T21:20:34.963Z,,,0e5f68b5-5669-4bb1-91ce-4b967b620e7d,
202608302110100138,202608301904270793,202608301904270791,86,5721,Silver INV,sl_AdmissionAssessmentDimensionOneDisorder,TASK_COMPLETE,SUCCESS,INFO,53464,53464,0,,2026-08-30T19:04:27.050Z,2026-08-30T21:10:12.061Z,7545,2026-08-30T21:10:12.061Z,,,ba679216-ee2b-4344-afb9-134290faf502,
202608292059198238,202608291904534408,202608291904534406,86,5721,Silver INV,sl_AdmissionAssessmentDimensionOneDisorder,TASK_COMPLETE,SUCCESS,INFO,53464,53464,0,,2026-08-29T19:04:49.126Z,2026-08-29T20:59:21.833Z,6872,2026-08-29T20:59:21.833Z,,,dd7385f2-fbd4-41a4-afcd-7296aca5e198,
202609032059384179,202609031904201107,202609031904201105,86,5721,Silver INV,sl_AdmissionAssessmentDimensionOneDisorder,TASK_COMPLETE,SUCCESS,INFO,53659,53659,0,,2026-09-03T19:04:17.619Z,2026-09-03T20:59:41.557Z,6924,2026-09-03T20:59:41.557Z,,,48b34b87-69c2-467d-a88c-67aac910c539,
202608312122263099,202608311905752238,202608311905752236,86,5721,Silver INV,sl_AdmissionAssessmentDimensionOneDisorder,TASK_COMPLETE,SUCCESS,INFO,53519,53519,0,,2026-08-31T19:06:18.658Z,2026-08-31T21:22:29.754Z,8171,2026-08-31T21:22:29.754Z,,,79f5b39e-d314-4ad3-8050-3ace553d67de,
202609020528085068,202609020507468037,202609020507468034,119,12562,Silver P1/P2 Assessments,sl_NewPeriodicReassessment,TASK_COMPLETE,SUCCESS,INFO,574,574,0,,2026-09-02T05:07:47.056Z,2026-09-02T05:28:10.410Z,1223,2026-09-02T05:28:10.410Z,,,2b09f1a0-2915-47dd-851e-cacf6613827d,
202609021130246766,202609021111516557,202609021111516554,119,12562,Silver P1/P2 Assessments,sl_NewPeriodicReassessment,TASK_COMPLETE,SUCCESS,INFO,574,574,0,,2026-09-02T11:11:46.042Z,2026-09-02T11:30:27.064Z,1121,2026-09-02T11:30:27.064Z,,,a7050713-a175-4eb1-950e-06e41274b859,
202609021020464797,202609021000293796,202609021000293793,119,12562,Silver P1/P2 Assessments,sl_NewPeriodicReassessment,TASK_COMPLETE,SUCCESS,INFO,574,574,0,,2026-09-02T10:00:23.575Z,2026-09-02T10:20:49.106Z,1226,2026-09-02T10:20:49.106Z,,,ebc2f5e5-b7e4-40cf-8b56-f009f5871937,
202608311706266613,202608311706266612,20260831170349,105,13683,Gold Active Directory AADUsersDisable,AADUsersDisable,TASK_COMPLETE,SUCCESS,INFO,2087,71,0,,2026-08-31T17:06:34.974Z,2026-08-31T17:07:27.371Z,47,2026-08-31T17:07:27.371Z,,,2fa2e214-5583-4fca-8b7c-32713bbeec6c,
202609031053444707,202609031053444707,20260903105209,4,29,8x8 Queue Summary API,br_8x8_HistoricalCCQueueSummary,TASK_COMPLETE,SUCCESS,INFO,112,112,0,,2026-09-03T10:53:52.462Z,2026-09-03T10:54:22.003Z,28,2026-09-03T10:54:22.003Z,,,b1e5c4ea-7b6d-4d5e-afa2-eb79e1fc8e31,
202609031117596863,202609031117596862,20260903111712,4,29,8x8 Queue Summary API,br_8x8_HistoricalCCQueueSummary,TASK_COMPLETE,SUCCESS,INFO,112,112,0,,2026-09-03T11:18:06.730Z,2026-09-03T11:18:35.016Z,26,2026-09-03T11:18:35.016Z,,,c4ca1c69-cc05-4d3c-afe4-e43ce3ff741a,
202609040611292732,202609040611292732,20260904055509,4,29,8x8 Queue Summary API,br_8x8_HistoricalCCQueueSummary,TASK_COMPLETE,SUCCESS,INFO,106,106,0,,2026-09-04T06:11:34.707Z,2026-09-04T06:12:09.281Z,33,2026-09-04T06:12:09.281Z,,,963356ac-0db4-498c-8882-cac150b60200,
202609030921099539,202609030921099539,20260903092015,4,29,8x8 Queue Summary API,br_8x8_HistoricalCCQueueSummary,TASK_COMPLETE,SUCCESS,INFO,112,112,0,,2026-09-03T09:21:16.766Z,2026-09-03T09:21:44.408Z,26,2026-09-03T09:21:44.408Z,,,cf1e9d57-f844-4f2d-9009-5cc5d296754c,
202609031028437801,202609031028437800,20260903102736,4,29,8x8 Queue Summary API,br_8x8_HistoricalCCQueueSummary,TASK_COMPLETE,SUCCESS,INFO,112,112,0,,2026-09-03T10:28:51.077Z,2026-09-03T10:29:39.226Z,46,2026-09-03T10:29:39.226Z,,,96a98cf2-5c7e-485f-a552-00977e127934,
202609040354111322,202609040354111322,20260904033502,4,29,8x8 Queue Summary API,br_8x8_HistoricalCCQueueSummary,TASK_COMPLETE,SUCCESS,INFO,106,106,0,,2026-09-04T03:54:16.260Z,2026-09-04T03:54:47.652Z,29,2026-09-04T03:54:47.652Z,,,31e1b716-f62d-4ff3-bba9-694a795445be,
202609030949079656,202609030949079656,20260903094815,4,29,8x8 Queue Summary API,br_8x8_HistoricalCCQueueSummary,TASK_COMPLETE,SUCCESS,INFO,112,112,0,,2026-09-03T09:49:14.961Z,2026-09-03T09:50:25.718Z,68,2026-09-03T09:50:25.718Z,,,ca12e9c4-4a93-49c2-9c07-d2cc84daa28e,
202609040629064889,202609040629064889,20260904053449,4,29,8x8 Queue Summary API,br_8x8_HistoricalCCQueueSummary,TASK_COMPLETE,SUCCESS,INFO,106,106,0,,2026-09-04T06:29:37.654Z,2026-09-04T06:30:24.191Z,44,2026-09-04T06:30:24.191Z,,,5c90ec33-5130-4875-a415-66abc3f2b4d7,
202609040321195935,202609040321195918,20260904032024,4,29,8x8 Queue Summary API,br_8x8_HistoricalCCQueueSummary,TASK_COMPLETE,SUCCESS,INFO,106,106,0,,2026-09-04T03:21:26.140Z,2026-09-04T03:21:59.806Z,32,2026-09-04T03:21:59.806Z,,,12b3c6ab-e5be-412c-b011-b57e8d0c6fc9,
202609031402596799,202609031332701328,202609031332701326,86,5721,Silver INV,sl_AdmissionAssessmentDimensionOneDisorder,TASK_COMPLETE,SUCCESS,INFO,0,0,0,,2026-09-03T13:33:12.351Z,2026-09-03T14:03:09.613Z,1797,2026-09-03T14:03:09.613Z,,,ef652adf-cab1-42cd-a0bf-1cd03c8c16e7,
202609031402596800,202609031332701329,202609031332701326,86,5722,Silver INV,sl_AdmissionAssessmentDimensionTwo,TASK_COMPLETE,SUCCESS,INFO,0,0,0,,2026-09-03T13:33:12.351Z,2026-09-03T14:03:09.613Z,1797,2026-09-03T14:03:09.613Z,,,ef652adf-cab1-42cd-a0bf-1cd03c8c16e7,
202609041934034925,202609041904319419,202609041904319417,86,5721,Silver INV,sl_AdmissionAssessmentDimensionOneDisorder,TASK_COMPLETE,SUCCESS,INFO,0,0,0,,2026-09-04T19:04:30.706Z,2026-09-04T19:34:06.114Z,1776,2026-09-04T19:34:06.114Z,,,b1302ebd-57a3-42bd-9029-9a66dda6727d,
202609041934034926,202609041904319420,202609041904319417,86,5722,Silver INV,sl_AdmissionAssessmentDimensionTwo,TASK_COMPLETE,SUCCESS,INFO,0,0,0,,2026-09-04T19:04:30.706Z,2026-09-04T19:34:06.114Z,1776,2026-09-04T19:34:06.114Z,,,b1302ebd-57a3-42bd-9029-9a66dda6727d,
202609070546520548,202609070546520547,20260907054602,4,29,8x8 Queue Summary API,br_8x8_HistoricalCCQueueSummary,TASK_COMPLETE,SUCCESS,INFO,83,83,0,,2026-09-07T05:47:25.519Z,2026-09-07T05:48:04.817Z,37,2026-09-07T05:48:04.817Z,,,3f0f0a05-879c-4e22-8cc2-b9ae0748727e,
202609070515276606,202609070515276605,20260907051400,4,29,8x8 Queue Summary API,br_8x8_HistoricalCCQueueSummary,TASK_COMPLETE,SUCCESS,INFO,83,83,0,,2026-09-07T05:15:35.933Z,2026-09-07T05:16:09.727Z,32,2026-09-07T05:16:09.727Z,,,8e269908-5aef-4620-9afd-bccaaad05ee8,
202609021130246763,202609021111516555,202609021111516554,119,12560,Silver P1/P2 Assessments,sl_NewAdmissionAssessment,TASK_COMPLETE,SUCCESS,INFO,490,490,0,,2026-09-02T11:11:46.042Z,2026-09-02T11:30:27.064Z,1121,2026-09-02T11:30:27.064Z,,,a7050713-a175-4eb1-950e-06e41274b859,
202608310141441520,202608310122245970,202608310122245969,119,12560,Silver P1/P2 Assessments,sl_NewAdmissionAssessment,TASK_COMPLETE,SUCCESS,INFO,484,484,0,,2026-08-31T01:22:19.883Z,2026-08-31T01:41:46.883Z,1167,2026-08-31T01:41:46.883Z,,,4b7273e0-0d54-485d-b4db-ed019a136434,
202609021020464794,202609021000293794,202609021000293793,119,12560,Silver P1/P2 Assessments,sl_NewAdmissionAssessment,TASK_COMPLETE,SUCCESS,INFO,490,490,0,,2026-09-02T10:00:23.575Z,2026-09-02T10:20:49.106Z,1226,2026-09-02T10:20:49.106Z,,,ebc2f5e5-b7e4-40cf-8b56-f009f5871937,
202609021405330937,202609021343788395,202609021343788394,119,12560,Silver P1/P2 Assessments,sl_NewAdmissionAssessment,TASK_COMPLETE,SUCCESS,INFO,490,490,0,,2026-09-02T13:44:13.671Z,2026-09-02T14:05:44.083Z,1291,2026-09-02T14:05:44.083Z,,,ab787989-353e-4d3f-8e29-103715871a85,
202609020528085066,202609020507468035,202609020507468034,119,12560,Silver P1/P2 Assessments,sl_NewAdmissionAssessment,TASK_COMPLETE,SUCCESS,INFO,490,490,0,,2026-09-02T05:07:47.056Z,2026-09-02T05:28:10.410Z,1223,2026-09-02T05:28:10.410Z,,,2b09f1a0-2915-47dd-851e-cacf6613827d,
202609061931017276,202609061904381251,202609061904381249,86,5721,Silver INV,sl_AdmissionAssessmentDimensionOneDisorder,TASK_COMPLETE,SUCCESS,INFO,0,0,0,,2026-09-06T19:04:34.627Z,2026-09-06T19:31:03.849Z,1589,2026-09-06T19:31:03.849Z,,,5cce37fd-5f38-41c5-90e1-d9efeb3bd245,
202609041735311982,202609041706373946,202609041706373944,86,5721,Silver INV,sl_AdmissionAssessmentDimensionOneDisorder,TASK_COMPLETE,SUCCESS,INFO,0,0,0,,2026-09-04T17:06:35.444Z,2026-09-04T17:35:34.034Z,1739,2026-09-04T17:35:34.034Z,,,5652dc3b-8824-4606-a16d-f373dc1d2ada,
202609071931510885,202609071904736232,202609071904736230,86,5721,Silver INV,sl_AdmissionAssessmentDimensionOneDisorder,TASK_COMPLETE,SUCCESS,INFO,0,0,0,,2026-09-07T19:05:10.929Z,2026-09-07T19:31:53.979Z,1603,2026-09-07T19:31:53.979Z,,,fc48ec9c-d1b8-4775-bd67-583e82846e52,
202609041615082955,202609041543473977,202609041543473975,86,5721,Silver INV,sl_AdmissionAssessmentDimensionOneDisorder,TASK_COMPLETE,SUCCESS,INFO,0,0,0,,2026-09-04T15:43:48.314Z,2026-09-04T16:15:10.849Z,1882,2026-09-04T16:15:10.849Z,,,66e9e433-72b0-4c30-b0ea-7611d9608923,
202609051931511156,202609051904209219,202609051904209217,86,5721,Silver INV,sl_AdmissionAssessmentDimensionOneDisorder,TASK_COMPLETE,SUCCESS,INFO,0,0,0,,2026-09-05T19:04:18.404Z,2026-09-05T19:31:53.528Z,1655,2026-09-05T19:31:53.528Z,,,a7cfa2a8-4e03-4cce-a64e-9a92e6e67f12,
202609031214214924,202609031145501702,202609031145501700,86,5721,Silver INV,sl_AdmissionAssessmentDimensionOneDisorder,TASK_COMPLETE,SUCCESS,INFO,0,0,0,,2026-09-03T11:45:45.517Z,2026-09-03T12:14:25.348Z,1720,2026-09-03T12:14:25.348Z,,,8e54a6a2-7031-4831-b2c0-8c5ea7811246,
202609022032200682,202609021926396230,202609021926396228,86,5721,Silver INV,sl_AdmissionAssessmentDimensionOneDisorder,TASK_COMPLETE,SUCCESS,INFO,0,0,0,,2026-09-02T19:26:44.280Z,2026-09-02T20:32:22.857Z,3938,2026-09-02T20:32:22.857Z,,,aa9f49a8-9ff8-4a6e-a263-7617045dadde,
202608310753591046,202608310753591046,20260831075339,134,13723,MultiplePayor Secondary Payorv8 Gold,MultiplePayors,TASK_COMPLETE,SUCCESS,INFO,3212,3212,0,,2026-08-31T07:54:03.017Z,2026-08-31T07:54:31.203Z,26,2026-08-31T07:54:31.203Z,,,0b4961d6-2cb3-40f0-b779-fb7af0beef8c,
202608310402599615,202608310402599614,20260831035644,134,13723,MultiplePayor Secondary Payorv8 Gold,MultiplePayors,TASK_COMPLETE,SUCCESS,INFO,1927,1927,0,,2026-08-31T04:03:05.010Z,2026-08-31T04:03:52.824Z,35,2026-08-31T04:03:52.824Z,,,c3e41f3e-c233-4445-a786-d0d98a8613bd,
202609020514456106,202609020514456106,20260831063255,136,13742,Silver CallBackList,sl_tbl_callcenter_callbacklist,TASK_COMPLETE,SUCCESS,INFO,641212,102,0,,2026-09-02T05:14:50.727Z,2026-09-02T05:15:54.594Z,60,2026-09-02T05:15:54.594Z,,,26b335d6-f11c-41b2-ae31-e73c17de8489,
202608310921583116,202608310921583116,20260831092127,134,13723,MultiplePayor Secondary Payorv8 Gold,MultiplePayors,TASK_COMPLETE,SUCCESS,INFO,3212,3212,0,,2026-08-31T09:22:02.508Z,2026-08-31T09:22:35.171Z,30,2026-08-31T09:22:35.171Z,,,7cf15fc7-3164-41db-9237-c95ff39a8c98,
202609081251152723,202609081233579601,202609081233579600,145,16130,Clinical UA CDC Silver - SaveUAResults,sl_UAResults,TASK_COMPLETE,SUCCESS,INFO,76,76,0,,2026-09-08T12:34:28.635Z,2026-09-08T12:51:17.658Z,1009,2026-09-08T12:51:17.658Z,,,c3383bb1-b723-4b3e-bec7-f60bc8b15ae7,
202609031159465554,202609031159465554,20260903115613,134,13723,MultiplePayor Secondary Payorv8 Gold,MultiplePayors,TASK_COMPLETE,SUCCESS,INFO,3852,3852,0,,2026-09-03T11:59:51.007Z,2026-09-03T12:00:21.007Z,28,2026-09-03T12:00:21.007Z,,,1426a45f-7ba5-45f5-b808-280584111092,
202608310827357561,202608310827357561,20260831082729,135,13738,Salesforce Callback List Contact,br_sf_contact_cl,TASK_COMPLETE,SUCCESS,INFO,609999,609999,0,,2026-08-31T08:27:41.184Z,2026-08-31T08:29:31.704Z,108,2026-08-31T08:29:31.704Z,,,65e89789-39d8-4e46-be47-bcdfcc997be4,
202608310559523075,202608310559523074,20260831055942,135,13738,Salesforce Callback List Contact,br_sf_contact_cl,TASK_COMPLETE,SUCCESS,INFO,609998,609998,0,,2026-08-31T06:00:07.320Z,2026-08-31T06:02:46.233Z,150,2026-08-31T06:02:46.233Z,,,6bc047e9-8b5b-4d85-a364-b2d6e542e315,
202608310650533502,202608310650533501,20260831065039,135,13738,Salesforce Callback List Contact,br_sf_contact_cl,TASK_COMPLETE,SUCCESS,INFO,609999,609999,0,,2026-08-31T06:51:15.128Z,2026-08-31T06:52:57.904Z,100,2026-08-31T06:52:57.904Z,,,4729d4a5-d6b5-4b39-bbc8-d700a19c5eac,
202608310151410889,202608310151410889,20260831015135,135,13738,Salesforce Callback List Contact,br_sf_contact_cl,TASK_COMPLETE,SUCCESS,INFO,609993,609993,0,,2026-08-31T01:52:00.264Z,2026-08-31T01:53:47.975Z,105,2026-08-31T01:53:47.975Z,,,1114170a-bcf7-4d18-af4f-d9742f2fa1ce,
202609040759400387,202609040759400387,20260904075911,135,13738,Salesforce Callback List Contact,br_sf_contact_cl,TASK_COMPLETE,SUCCESS,INFO,610677,610677,0,,2026-09-04T08:00:07.283Z,2026-09-04T08:02:06.392Z,115,2026-09-04T08:02:06.392Z,,,0149d2e2-407e-43d2-9524-079a665d6c9a,
202608310357120162,202608310357120162,20260831035706,135,13738,Salesforce Callback List Contact,br_sf_contact_cl,TASK_COMPLETE,SUCCESS,INFO,609995,609995,0,,2026-08-31T03:57:26.860Z,2026-08-31T03:59:15.141Z,104,2026-08-31T03:59:15.141Z,,,6bc047e9-8b5b-4d85-a364-b2d6e542e315,
202609040455237035,202609040455237035,20260904045518,135,13738,Salesforce Callback List Contact,br_sf_contact_cl,TASK_COMPLETE,SUCCESS,INFO,610677,610677,0,,2026-09-04T04:55:29.428Z,2026-09-04T04:57:24.624Z,112,2026-09-04T04:57:24.624Z,,,adf2b18f-e17c-4bcf-8911-7ab755997527,
202608310132216386,202608310132216386,20260831013215,135,13738,Salesforce Callback List Contact,br_sf_contact_cl,TASK_COMPLETE,SUCCESS,INFO,609993,609993,0,,2026-08-31T01:32:31.068Z,2026-08-31T01:34:38.026Z,121,2026-08-31T01:34:38.026Z,,,61276f30-3167-4997-b3de-acb280a085cf,
202609012021463137,202609012021463137,20260901202139,135,13738,Salesforce Callback List Contact,br_sf_contact_cl,TASK_COMPLETE,SUCCESS,INFO,610336,610336,0,,2026-09-01T20:22:01.393Z,2026-09-01T20:23:59.583Z,115,2026-09-01T20:23:59.583Z,,,ab5acaf7-1ed7-4eac-85dd-5de9db0e1a11,
202609040720425250,202609040720425250,20260904072028,135,13738,Salesforce Callback List Contact,br_sf_contact_cl,TASK_COMPLETE,SUCCESS,INFO,610677,610677,0,,2026-09-04T07:20:52.547Z,2026-09-04T07:22:37.558Z,101,2026-09-04T07:22:37.558Z,,,722942c7-46ba-4f9d-905b-23ebf29af444,
202608310544364287,202608310544364287,20260831054430,135,13738,Salesforce Callback List Contact,br_sf_contact_cl,TASK_COMPLETE,SUCCESS,INFO,609997,609997,0,,2026-08-31T05:44:45.101Z,2026-08-31T05:46:35.769Z,107,2026-08-31T05:46:35.769Z,,,6bc047e9-8b5b-4d85-a364-b2d6e542e315,
202609020508363588,202609020508363588,20260902050830,135,13738,Salesforce Callback List Contact,br_sf_contact_cl,TASK_COMPLETE,SUCCESS,INFO,610364,610364,0,,2026-09-02T05:08:45.836Z,2026-09-02T05:10:45.797Z,116,2026-09-02T05:10:45.797Z,,,26b335d6-f11c-41b2-ae31-e73c17de8489,
202609040500135134,202609040500135133,20260904045958,136,13742,Silver CallBackList,sl_tbl_callcenter_callbacklist,TASK_COMPLETE,SUCCESS,INFO,641514,81,0,,2026-09-04T05:00:18.225Z,2026-09-04T05:01:19.933Z,59,2026-09-04T05:01:19.933Z,,,adf2b18f-e17c-4bcf-8911-7ab755997527,
202609040725564793,202609040725564792,20260904072540,136,13742,Silver CallBackList,sl_tbl_callcenter_callbacklist,TASK_COMPLETE,SUCCESS,INFO,641512,80,0,,2026-09-04T07:26:02.208Z,2026-09-04T07:27:03.362Z,58,2026-09-04T07:27:03.362Z,,,722942c7-46ba-4f9d-905b-23ebf29af444,
202609040806236269,202609040806236269,20260904080608,136,13742,Silver CallBackList,sl_tbl_callcenter_callbacklist,TASK_COMPLETE,SUCCESS,INFO,641512,0,0,,2026-09-04T08:06:38.383Z,2026-09-04T08:08:32.085Z,111,2026-09-04T08:08:32.085Z,,,0149d2e2-407e-43d2-9524-079a665d6c9a,
202608281218043817,202608281218043818,20260828121804,131,13688,Readmission Table Silver,bhg_silver.pats.sl_vwReadmissions,TASK_FAILED,FAILED,ERROR,0,0,1,Pipeline Execution Failed,2026-08-28T12:18:04.381Z,2026-08-28T12:18:04.381Z,0,2026-08-28T12:18:04.381Z,,,"",
202609041017156246,202609041017156246,20260904085233,135,13738,Salesforce Callback List Contact,br_sf_contact_cl,TASK_COMPLETE,SUCCESS,INFO,610679,610679,0,,2026-09-04T10:17:21.232Z,2026-09-04T10:18:56.304Z,92,2026-09-04T10:18:56.304Z,,,ed8b9765-c547-4373-9ec0-3b2a53aee49e,
202608301930490546,202608301930490546,20260830193043,135,13738,Salesforce Callback List Contact,br_sf_contact_cl,TASK_COMPLETE,SUCCESS,INFO,609984,609984,0,,2026-08-30T19:31:01.985Z,2026-08-30T19:32:41.343Z,96,2026-08-30T19:32:41.343Z,,,e80a0bdf-4652-4e92-9468-284478a96962,
202608310519472627,202608310519472627,20260831051938,135,13738,Salesforce Callback List Contact,br_sf_contact_cl,TASK_COMPLETE,SUCCESS,INFO,609997,609997,0,,2026-08-31T05:19:53.370Z,2026-08-31T05:21:26.914Z,91,2026-08-31T05:21:26.914Z,,,6bc047e9-8b5b-4d85-a364-b2d6e542e315,
202609041022060623,202609041022060622,20260904085726,136,13742,Silver CallBackList,sl_tbl_callcenter_callbacklist,TASK_COMPLETE,SUCCESS,INFO,641514,0,0,,2026-09-04T10:22:12.285Z,2026-09-04T10:23:16.312Z,62,2026-09-04T10:23:16.312Z,,,ed8b9765-c547-4373-9ec0-3b2a53aee49e,
202608310605103328,202608310605103328,20260831055942,135,13741,Salesforce Callback List Account,br_sf_account_cl,TASK_COMPLETE,SUCCESS,INFO,13551,13551,0,,2026-08-31T06:05:38.577Z,2026-08-31T06:06:03.240Z,20,2026-08-31T06:06:03.240Z,,,6bc047e9-8b5b-4d85-a364-b2d6e542e315,
202608301933368463,202608301933368463,20260830193043,135,13741,Salesforce Callback List Account,br_sf_account_cl,TASK_COMPLETE,SUCCESS,INFO,13551,13551,0,,2026-08-30T19:33:42.181Z,2026-08-30T19:34:02.668Z,19,2026-08-30T19:34:02.668Z,,,e80a0bdf-4652-4e92-9468-284478a96962,
202609030955068653,202609030955068653,20260903095459,5,31,Silver 8x8 CallInteractions,sl_8x8_CallInteractions,TASK_COMPLETE,SUCCESS,INFO,970,970,0,,2026-09-03T09:55:12.293Z,2026-09-03T09:55:38.300Z,24,2026-09-03T09:55:38.300Z,,,ca12e9c4-4a93-49c2-9c07-d2cc84daa28e,
202609012025071079,202609012025071078,20260901202139,135,13741,Salesforce Callback List Account,br_sf_account_cl,TASK_COMPLETE,SUCCESS,INFO,13552,13552,0,,2026-09-01T20:25:13.376Z,2026-09-01T20:25:36.029Z,21,2026-09-01T20:25:36.029Z,,,ab5acaf7-1ed7-4eac-85dd-5de9db0e1a11,
202608310136057827,202608310136057826,20260831013215,135,13741,Salesforce Callback List Account,br_sf_account_cl,TASK_COMPLETE,SUCCESS,INFO,13551,13551,0,,2026-08-31T01:36:12.908Z,2026-08-31T01:36:34.790Z,20,2026-08-31T01:36:34.790Z,,,61276f30-3167-4997-b3de-acb280a085cf,
202609040804077214,202609040804077214,20260904075911,135,13741,Salesforce Callback List Account,br_sf_account_cl,TASK_COMPLETE,SUCCESS,INFO,13557,13557,0,,2026-09-04T08:04:18.445Z,2026-09-04T08:04:51.455Z,29,2026-09-04T08:04:51.455Z,,,0149d2e2-407e-43d2-9524-079a665d6c9a,
202609071036283333,202609071036283333,20260907103602,5,31,Silver 8x8 CallInteractions,sl_8x8_CallInteractions,TASK_COMPLETE,SUCCESS,INFO,334,334,0,,2026-09-07T10:36:34.087Z,2026-09-07T10:37:05.944Z,29,2026-09-07T10:37:05.944Z,,,c4acfd08-71e9-4988-a88c-bd601c12a9c9,
202608310401203754,202608310401203754,20260831035706,135,13741,Salesforce Callback List Account,br_sf_account_cl,TASK_COMPLETE,SUCCESS,INFO,13551,13551,0,,2026-08-31T04:01:28.548Z,2026-08-31T04:01:54.127Z,21,2026-08-31T04:01:54.127Z,,,6bc047e9-8b5b-4d85-a364-b2d6e542e315,
202609031058553113,202609031058553113,20260903105849,5,31,Silver 8x8 CallInteractions,sl_8x8_CallInteractions,TASK_COMPLETE,SUCCESS,INFO,970,970,0,,2026-09-03T10:59:00.645Z,2026-09-03T10:59:31.870Z,29,2026-09-03T10:59:31.870Z,,,b1e5c4ea-7b6d-4d5e-afa2-eb79e1fc8e31,
202609071111522130,202609071111522130,20260907111135,5,31,Silver 8x8 CallInteractions,sl_8x8_CallInteractions,TASK_COMPLETE,SUCCESS,INFO,334,334,0,,2026-09-07T11:11:58.875Z,2026-09-07T11:13:33.688Z,91,2026-09-07T11:13:33.688Z,,,027bd594-9340-457f-99dc-6a9fea5cf33a,
202609070552381300,202609070552381300,20260907055229,5,31,Silver 8x8 CallInteractions,sl_8x8_CallInteractions,TASK_COMPLETE,SUCCESS,INFO,334,334,0,,2026-09-07T05:52:43.685Z,2026-09-07T05:53:06.646Z,20,2026-09-07T05:53:06.646Z,,,3f0f0a05-879c-4e22-8cc2-b9ae0748727e,
202608310522291556,202608310522291556,20260831051938,135,13741,Salesforce Callback List Account,br_sf_account_cl,TASK_COMPLETE,SUCCESS,INFO,13551,13551,0,,2026-08-31T05:22:36.019Z,2026-08-31T05:22:57.597Z,19,2026-08-31T05:22:57.597Z,,,6bc047e9-8b5b-4d85-a364-b2d6e542e315,
202609020512429212,202609020512429211,20260902050830,135,13741,Salesforce Callback List Account,br_sf_account_cl,TASK_COMPLETE,SUCCESS,INFO,13552,13552,0,,2026-09-02T05:12:52.187Z,2026-09-02T05:13:17.333Z,22,2026-09-02T05:13:17.333Z,,,26b335d6-f11c-41b2-ae31-e73c17de8489,
202608310653562494,202608310653562494,20260831065039,135,13741,Salesforce Callback List Account,br_sf_account_cl,TASK_COMPLETE,SUCCESS,INFO,13551,13551,0,,2026-08-31T06:54:04.902Z,2026-08-31T06:54:26.751Z,20,2026-08-31T06:54:26.751Z,,,4729d4a5-d6b5-4b39-bbc8-d700a19c5eac,
202608310830370079,202608310830370079,20260831082729,135,13741,Salesforce Callback List Account,br_sf_account_cl,TASK_COMPLETE,SUCCESS,INFO,13551,13551,0,,2026-08-31T08:30:42.756Z,2026-08-31T08:31:00.662Z,16,2026-08-31T08:31:00.662Z,,,65e89789-39d8-4e46-be47-bcdfcc997be4,
202609070826436740,202609070826436739,20260907082613,5,31,Silver 8x8 CallInteractions,sl_8x8_CallInteractions,TASK_COMPLETE,SUCCESS,INFO,334,334,0,,2026-09-07T08:26:48.989Z,2026-09-07T08:27:18.876Z,27,2026-09-07T08:27:18.876Z,,,9f92c221-d408-4dd5-be42-4448e89cdc8e,
202609040723467153,202609040723467152,20260904072028,135,13741,Salesforce Callback List Account,br_sf_account_cl,TASK_COMPLETE,SUCCESS,INFO,13557,13557,0,,2026-09-04T07:23:53.115Z,2026-09-04T07:24:18.465Z,23,2026-09-04T07:24:18.465Z,,,722942c7-46ba-4f9d-905b-23ebf29af444,
202609031033547979,202609031033547979,20260903103347,5,31,Silver 8x8 CallInteractions,sl_8x8_CallInteractions,TASK_COMPLETE,SUCCESS,INFO,970,970,0,,2026-09-03T10:34:00.160Z,2026-09-03T10:34:23.943Z,22,2026-09-03T10:34:23.943Z,,,96a98cf2-5c7e-485f-a552-00977e127934,
202609071143073490,202609071143073489,20260907114237,5,31,Silver 8x8 CallInteractions,sl_8x8_CallInteractions,TASK_COMPLETE,SUCCESS,INFO,334,334,0,,2026-09-07T11:43:12.674Z,2026-09-07T11:43:44.801Z,29,2026-09-07T11:43:44.801Z,,,fad71b32-32ff-4d58-a1b8-e4782a9be879,
202608310154599718,202608310154599717,20260831015135,135,13741,Salesforce Callback List Account,br_sf_account_cl,TASK_COMPLETE,SUCCESS,INFO,13551,13551,0,,2026-08-31T01:55:07.827Z,2026-08-31T01:55:26.503Z,17,2026-08-31T01:55:26.503Z,,,1114170a-bcf7-4d18-af4f-d9742f2fa1ce,
202609030926392329,202609030926392329,20260903092633,5,31,Silver 8x8 CallInteractions,sl_8x8_CallInteractions,TASK_COMPLETE,SUCCESS,INFO,970,970,0,,2026-09-03T09:26:43.858Z,2026-09-03T09:27:08.725Z,23,2026-09-03T09:27:08.725Z,,,cf1e9d57-f844-4f2d-9009-5cc5d296754c,
202609040855500464,202609040855500464,20260904085233,135,13741,Salesforce Callback List Account,br_sf_account_cl,TASK_COMPLETE,SUCCESS,INFO,13557,13557,0,,2026-09-04T08:55:56.380Z,2026-09-04T08:56:16.663Z,18,2026-09-04T08:56:16.663Z,,,7501b0da-7d11-4d30-821d-f187e882cb70,
202609031123388660,202609031123388660,20260903112332,5,31,Silver 8x8 CallInteractions,sl_8x8_CallInteractions,TASK_COMPLETE,SUCCESS,INFO,970,970,0,,2026-09-03T11:23:44.047Z,2026-09-03T11:24:06.205Z,20,2026-09-03T11:24:06.205Z,,,c4ca1c69-cc05-4d3c-afe4-e43ce3ff741a,
202608310547403742,202608310547403742,20260831054430,135,13741,Salesforce Callback List Account,br_sf_account_cl,TASK_COMPLETE,SUCCESS,INFO,13551,13551,0,,2026-08-31T05:47:56.011Z,2026-08-31T05:48:28.361Z,28,2026-08-31T05:48:28.361Z,,,6bc047e9-8b5b-4d85-a364-b2d6e542e315,
202609040458298038,202609040458298038,20260904045518,135,13741,Salesforce Callback List Account,br_sf_account_cl,TASK_COMPLETE,SUCCESS,INFO,13557,13557,0,,2026-09-04T04:58:36.348Z,2026-09-04T04:58:54.326Z,16,2026-09-04T04:58:54.326Z,,,adf2b18f-e17c-4bcf-8911-7ab755997527,
202609071036405395,202609071036405394,20260907102251,101,13669,Silver QQ_GLTRAN,sl_QQgltran,TASK_SKIPPED,SKIPPED,WARN,0,0,0,Dependency Failed,2026-09-07T10:36:48.031Z,2026-09-07T10:36:48.031Z,0,2026-09-07T10:36:48.031Z,,,846d4ac3-7863-4b80-977d-629c9a3000f3,
202608300715384527,202608300715384528,20260830071538,131,13688,Readmission Table Silver,bhg_silver.pats.sl_vwReadmissions,TASK_FAILED,FAILED,ERROR,0,0,1,Unknown pipeline failure,2026-08-30T07:15:38.452Z,2026-08-30T07:15:38.452Z,0,2026-08-30T07:15:38.452Z,,,"",
202609040357047831,202609040357047831,20260904033502,4,13677,Bronze 8x8 Call Detail Legs,br_8x8_CallDetailLegs,TASK_COMPLETE,SUCCESS,INFO,27047,27047,0,,2026-09-04T03:57:10.125Z,2026-09-04T03:57:55.547Z,43,2026-09-04T03:57:55.547Z,,,31e1b716-f62d-4ff3-bba9-694a795445be,
202608300646065439,202608300646065440,20260830064606,131,13688,Readmission Table Silver,bhg_silver.pats.sl_vwReadmissions,TASK_FAILED,FAILED,ERROR,0,0,1,Unknown pipeline failure,2026-08-30T06:46:06.543Z,2026-08-30T06:46:06.543Z,0,2026-08-30T06:46:06.543Z,,,"",
202609071122575266,202609071122575266,20260907104151,101,13669,Silver QQ_GLTRAN,sl_QQgltran,TASK_SKIPPED,SKIPPED,WARN,0,0,0,Dependency Failed,2026-09-07T11:23:05.558Z,2026-09-07T11:23:05.558Z,0,2026-09-07T11:23:05.558Z,,,febd9bc8-75c6-4368-a516-f0351188daa4,
202609070851163405,202609070851163404,20260907085105,101,13669,Silver QQ_GLTRAN,sl_QQgltran,TASK_SKIPPED,SKIPPED,WARN,0,0,0,Dependency Failed,2026-09-07T08:51:27.172Z,2026-09-07T08:51:27.172Z,0,2026-09-07T08:51:27.172Z,,,49061cae-9c41-49bf-8a9d-5bcf8fc7e716,
202609040632364473,202609040632364472,20260904053449,4,13677,Bronze 8x8 Call Detail Legs,br_8x8_CallDetailLegs,TASK_COMPLETE,SUCCESS,INFO,27060,27060,0,,2026-09-04T06:32:41.163Z,2026-09-04T06:33:23.696Z,40,2026-09-04T06:33:23.696Z,,,5c90ec33-5130-4875-a415-66abc3f2b4d7,
202609030952463676,202609030952463675,20260903094815,4,13677,8x8 Call Detail Legs Bronze,br_8x8_CallDetailLegs,TASK_COMPLETE,SUCCESS,INFO,27802,27802,0,,2026-09-03T09:52:52.562Z,2026-09-03T09:53:44.561Z,50,2026-09-03T09:53:44.561Z,,,ca12e9c4-4a93-49c2-9c07-d2cc84daa28e,
202609040614222083,202609040614222082,20260904055509,4,13677,Bronze 8x8 Call Detail Legs,br_8x8_CallDetailLegs,TASK_COMPLETE,SUCCESS,INFO,27060,27060,0,,2026-09-04T06:14:27.431Z,2026-09-04T06:15:10.524Z,41,2026-09-04T06:15:10.524Z,,,963356ac-0db4-498c-8882-cac150b60200,
202609031121054039,202609031121054039,20260903111712,4,13677,8x8 Call Detail Legs Bronze,br_8x8_CallDetailLegs,TASK_COMPLETE,SUCCESS,INFO,27802,27802,0,,2026-09-03T11:21:12.193Z,2026-09-03T11:21:58.883Z,45,2026-09-03T11:21:58.883Z,,,c4ca1c69-cc05-4d3c-afe4-e43ce3ff741a,
202609070951486050,202609070951486050,20260907090008,101,13669,Silver QQ_GLTRAN,sl_QQgltran,TASK_SKIPPED,SKIPPED,WARN,0,0,0,Dependency Failed,2026-09-07T09:52:00.813Z,2026-09-07T09:52:00.813Z,0,2026-09-07T09:52:00.813Z,,,11463ad2-ac17-44e2-883f-b7f86a42dcb9,
202608301008399148,202608301008399149,20260830100839,131,13688,Readmission Table Silver,bhg_silver.pats.sl_vwReadmissions,TASK_FAILED,FAILED,ERROR,0,0,1,Unknown pipeline failure,2026-08-30T10:08:39.914Z,2026-08-30T10:08:39.914Z,0,2026-08-30T10:08:39.914Z,,,"",
202609031031454359,202609031031454358,20260903102736,4,13677,8x8 Call Detail Legs Bronze,br_8x8_CallDetailLegs,TASK_COMPLETE,SUCCESS,INFO,27802,27802,0,,2026-09-03T10:31:52.815Z,2026-09-03T10:32:36.438Z,42,2026-09-03T10:32:36.438Z,,,96a98cf2-5c7e-485f-a552-00977e127934,
202608300948108285,202608300948108286,20260830094810,131,13688,Readmission Table Silver,bhg_silver.pats.sl_vwReadmissions,TASK_FAILED,FAILED,ERROR,0,0,1,Unknown pipeline failure,2026-08-30T09:48:10.828Z,2026-08-30T09:48:10.828Z,0,2026-08-30T09:48:10.828Z,,,"",
202608310728355846,202608310728355847,20260831072835,131,13688,Readmission Table Silver,bhg_silver.pats.sl_vwReadmissions,TASK_FAILED,FAILED,ERROR,0,0,1,Unknown pipeline failure,2026-08-31T07:28:35.584Z,2026-08-31T07:28:35.584Z,0,2026-08-31T07:28:35.584Z,,,"",
202608300827055940,202608300827055941,20260830082705,131,13688,Readmission Table Silver,bhg_silver.pats.sl_vwReadmissions,TASK_FAILED,FAILED,ERROR,0,0,1,Unknown pipeline failure,2026-08-30T08:27:05.594Z,2026-08-30T08:27:05.594Z,0,2026-08-30T08:27:05.594Z,,,"",
202609040324106433,202609040324106432,20260904032024,4,13677,Bronze 8x8 Call Detail Legs,br_8x8_CallDetailLegs,TASK_COMPLETE,SUCCESS,INFO,27045,27045,0,,2026-09-04T03:24:16.846Z,2026-09-04T03:25:00.415Z,41,2026-09-04T03:25:00.415Z,,,12b3c6ab-e5be-412c-b011-b57e8d0c6fc9,
202608300938419524,202608300938419525,20260830093841,131,13688,Readmission Table Silver,bhg_silver.pats.sl_vwReadmissions,TASK_FAILED,FAILED,ERROR,0,0,1,Unknown pipeline failure,2026-08-30T09:38:41.952Z,2026-08-30T09:38:41.952Z,0,2026-08-30T09:38:41.952Z,,,"",
202609031056346738,202609031056346737,20260903105209,4,13677,8x8 Call Detail Legs Bronze,br_8x8_CallDetailLegs,TASK_COMPLETE,SUCCESS,INFO,27802,27802,0,,2026-09-03T10:56:41.508Z,2026-09-03T10:57:23.641Z,40,2026-09-03T10:57:23.641Z,,,b1e5c4ea-7b6d-4d5e-afa2-eb79e1fc8e31,
202609030924161140,202609030924161139,20260903092015,4,13677,8x8 Call Detail Legs Bronze,br_8x8_CallDetailLegs,TASK_COMPLETE,SUCCESS,INFO,27802,27802,0,,2026-09-03T09:24:23.425Z,2026-09-03T09:25:12.917Z,47,2026-09-03T09:25:12.917Z,,,cf1e9d57-f844-4f2d-9009-5cc5d296754c,
202609040635444470,202609040635444470,20260904061714,5,33,Silver 8x8 Users,sl_8x8_Users,TASK_SKIPPED,SKIPPED,WARN,0,0,0,Dependency Failed,2026-09-04T06:35:52.676Z,2026-09-04T06:35:52.676Z,0,2026-09-04T06:35:52.676Z,,,5c90ec33-5130-4875-a415-66abc3f2b4d7,
202609040553103183,202609040553103183,20260904055158,5,33,Silver 8x8 Users,sl_8x8_Users,TASK_SKIPPED,SKIPPED,WARN,0,0,0,Dependency Failed,2026-09-04T05:53:18.087Z,2026-09-04T05:53:18.087Z,0,2026-09-04T05:53:18.087Z,,,94f281af-b5e9-4290-9702-d563799a6bd2,
202609070550257096,202609070550257096,20260907054602,4,13677,Bronze 8x8 Call Detail Legs,br_8x8_CallDetailLegs,TASK_COMPLETE,SUCCESS,INFO,1839,1839,0,,2026-09-07T05:50:32.552Z,2026-09-07T05:51:07.514Z,33,2026-09-07T05:51:07.514Z,,,3f0f0a05-879c-4e22-8cc2-b9ae0748727e,
202609010529168977,202609010503373338,202609010503373335,47,9052,P1 Finance VW 3P Bill Sub Silver,tbl_vw3pBillSub,TASK_COMPLETE,SUCCESS,INFO,224,224,0,,2026-09-01T05:03:56.880Z,2026-09-01T05:29:18.945Z,1522,2026-09-01T05:29:18.945Z,,,75a93e02-eb8a-4b20-981c-b48401997d72,
202609030731113464,202609030731113463,20260903073021,4,29,8x8 Queue Summary API,br_8x8_HistoricalCCQueueSummary,TASK_COMPLETE,SUCCESS,INFO,112,112,0,,2026-09-03T07:31:17.544Z,2026-09-03T07:31:46.081Z,26,2026-09-03T07:31:46.081Z,,,1066d6e5-305c-4662-a3fb-18d67007,
202609030546442883,202609030546442883,20260903054547,4,29,8x8 Queue Summary API,br_8x8_HistoricalCCQueueSummary,TASK_COMPLETE,SUCCESS,INFO,112,112,0,,2026-09-03T05:46:50.754Z,2026-09-03T05:47:16.432Z,24,2026-09-03T05:47:16.432Z,,,1066d6e5-305c-4662-a3fb-18d67007,
202609030751473300,202609030751473299,20260903075113,4,29,8x8 Queue Summary API,br_8x8_HistoricalCCQueueSummary,TASK_COMPLETE,SUCCESS,INFO,112,112,0,,2026-09-03T07:51:52.727Z,2026-09-03T07:52:15.123Z,20,2026-09-03T07:52:15.123Z,,,1066d6e5-305c-4662-a3fb-18d67007,
202609030744186861,202609030744186861,20260903074343,4,29,8x8 Queue Summary API,br_8x8_HistoricalCCQueueSummary,TASK_COMPLETE,SUCCESS,INFO,112,112,0,,2026-09-03T07:44:24.508Z,2026-09-03T07:44:48.094Z,21,2026-09-03T07:44:48.094Z,,,1066d6e5-305c-4662-a3fb-18d67007,
202609030928250268,202609030928250268,20260903092633,5,13678,8x8 Call Detail Legs Silver,sl_8x8_calldetaillegs,TASK_COMPLETE,SUCCESS,INFO,27802,0,0,,2026-09-03T09:28:30.555Z,2026-09-03T09:28:55.609Z,23,2026-09-03T09:28:55.609Z,,,cf1e9d57-f844-4f2d-9009-5cc5d296754c,
202609040509032272,202609040509032272,20260904050651,5,13678,Silver 8x8 Call Detail Legs,sl_8x8_CallDetailLegs,TASK_COMPLETE,SUCCESS,INFO,27047,0,0,,2026-09-04T05:09:11.228Z,2026-09-04T05:09:31.124Z,18,2026-09-04T05:09:31.124Z,,,e11ef06b-c1de-441e-a960-c4d69538ddc8,
202609031100477911,202609031100477911,20260903105849,5,13678,8x8 Call Detail Legs Silver,sl_8x8_calldetaillegs,TASK_COMPLETE,SUCCESS,INFO,27802,0,0,,2026-09-03T11:00:52.665Z,2026-09-03T11:01:12.634Z,18,2026-09-03T11:01:12.634Z,,,b1e5c4ea-7b6d-4d5e-afa2-eb79e1fc8e31,
202609031125249124,202609031125249124,20260903112332,5,13678,8x8 Call Detail Legs Silver,sl_8x8_calldetaillegs,TASK_COMPLETE,SUCCESS,INFO,27802,0,0,,2026-09-03T11:25:29.740Z,2026-09-03T11:25:49.144Z,17,2026-09-03T11:25:49.144Z,,,c4ca1c69-cc05-4d3c-afe4-e43ce3ff741a,
202609040332438684,202609040332438683,20260904033033,5,13678,Silver 8x8 Call Detail Legs,sl_8x8_CallDetailLegs,TASK_COMPLETE,SUCCESS,INFO,27045,0,0,,2026-09-04T03:32:51.835Z,2026-09-04T03:33:17.441Z,22,2026-09-04T03:33:17.441Z,,,b24cabb8-10e7-4f71-8dfa-a5afc839e4b1,
202609031035467760,202609031035467759,20260903103347,5,13678,8x8 Call Detail Legs Silver,sl_8x8_calldetaillegs,TASK_COMPLETE,SUCCESS,INFO,27802,0,0,,2026-09-03T10:35:52.104Z,2026-09-03T10:36:12.622Z,18,2026-09-03T10:36:12.622Z,,,96a98cf2-5c7e-485f-a552-00977e127934,
202609040328296545,202609040328296545,20260904032635,5,13678,Silver 8x8 Call Detail Legs,sl_8x8_CallDetailLegs,TASK_COMPLETE,SUCCESS,INFO,27045,0,0,,2026-09-04T03:28:35.192Z,2026-09-04T03:28:55.055Z,18,2026-09-04T03:28:55.055Z,,,12b3c6ab-e5be-412c-b011-b57e8d0c6fc9,
202609030956578083,202609030956578082,20260903095459,5,13678,8x8 Call Detail Legs Silver,sl_8x8_calldetaillegs,TASK_COMPLETE,SUCCESS,INFO,27802,0,0,,2026-09-03T09:57:03.442Z,2026-09-03T09:57:28.723Z,23,2026-09-03T09:57:28.723Z,,,ca12e9c4-4a93-49c2-9c07-d2cc84daa28e,
202609040400505093,202609040400505093,20260904035918,5,13678,Silver 8x8 Call Detail Legs,sl_8x8_CallDetailLegs,TASK_COMPLETE,SUCCESS,INFO,27047,0,0,,2026-09-04T04:00:55.452Z,2026-09-04T04:01:15.878Z,18,2026-09-04T04:01:15.878Z,,,31e1b716-f62d-4ff3-bba9-694a795445be,
202609040531282142,202609040531282142,20260904052822,5,13678,Silver 8x8 Call Detail Legs,sl_8x8_CallDetailLegs,TASK_COMPLETE,SUCCESS,INFO,27047,0,0,,2026-09-04T05:31:57.938Z,2026-09-04T05:32:38.220Z,37,2026-09-04T05:32:38.220Z,,,3f57caf8-008d-4dfc-9f5c-86252efb5d87,
202609040448277092,202609040448277092,20260904044625,5,13678,Silver 8x8 Call Detail Legs,sl_8x8_CallDetailLegs,TASK_COMPLETE,SUCCESS,INFO,27047,0,0,,2026-09-04T04:48:33.277Z,2026-09-04T04:48:54.741Z,19,2026-09-04T04:48:54.741Z,,,3c46989a-54ba-4803-b6fb-36a771acc2ba,
202609041338245519,202609041338245519,202607161857431812,83,6808,Silver Salesforce Outbound SMS,sl_sf_outboundsms,TASK_COMPLETE,SUCCESS,INFO,202,202,0,,2026-09-04T13:38:30.101Z,2026-09-04T13:39:04.850Z,33,2026-09-04T13:39:04.850Z,,,bd9b2318-654e-4f3d-b09e-bcdf6b219232,
202609021147375855,202609021147375855,202608201136586561,83,6808,Silver Salesforce Outbound SMS,sl_sf_outboundsms,TASK_COMPLETE,SUCCESS,INFO,232,232,0,,2026-09-02T11:47:42.461Z,2026-09-02T11:48:05.276Z,21,2026-09-02T11:48:05.276Z,,,0b5a27da-5d48-4ed3-a9f4-1a7052a3fcea,
202609041432339543,202609041432339543,202609041424498841,83,6808,Silver Salesforce Outbound SMS,sl_sf_outboundsms,TASK_COMPLETE,SUCCESS,INFO,208,208,0,,2026-09-04T14:32:39.074Z,2026-09-04T14:33:02.096Z,21,2026-09-04T14:33:02.096Z,,,9d7b1c7e-8065-427d-99c7-89e3c8306b1f,
202609071038371797,202609071038371797,20260907103602,5,13678,Silver 8x8 Call Detail Legs,sl_8x8_CallDetailLegs,TASK_COMPLETE,SUCCESS,INFO,1839,0,0,,2026-09-07T10:38:42.203Z,2026-09-07T10:39:01.045Z,17,2026-09-07T10:39:01.045Z,,,c4acfd08-71e9-4988-a88c-bd601c12a9c9,
202609070828448907,202609070828448907,20260907082613,5,13678,Silver 8x8 Call Detail Legs,sl_8x8_CallDetailLegs,TASK_COMPLETE,SUCCESS,INFO,1839,0,0,,2026-09-07T08:28:49.906Z,2026-09-07T08:29:08.336Z,16,2026-09-07T08:29:08.336Z,,,9f92c221-d408-4dd5-be42-4448e89cdc8e,
202609071145089997,202609071145089997,20260907114237,5,13678,Silver 8x8 Call Detail Legs,sl_8x8_CallDetailLegs,TASK_COMPLETE,SUCCESS,INFO,1839,0,0,,2026-09-07T11:45:13.947Z,2026-09-07T11:45:33.446Z,17,2026-09-07T11:45:33.446Z,,,fad71b32-32ff-4d58-a1b8-e4782a9be879,
202609070554348073,202609070554348073,20260907055229,5,13678,Silver 8x8 Call Detail Legs,sl_8x8_CallDetailLegs,TASK_COMPLETE,SUCCESS,INFO,1839,0,0,,2026-09-07T05:54:41.096Z,2026-09-07T05:55:11.197Z,27,2026-09-07T05:55:11.197Z,,,3f0f0a05-879c-4e22-8cc2-b9ae0748727e,
202609071115331580,202609071115331580,20260907111135,5,13678,Silver 8x8 Call Detail Legs,sl_8x8_CallDetailLegs,TASK_COMPLETE,SUCCESS,INFO,1839,0,0,,2026-09-07T11:15:39.079Z,2026-09-07T11:16:04.286Z,22,2026-09-07T11:16:04.286Z,,,027bd594-9340-457f-99dc-6a9fea5cf33a,
202608281357479703,202608281356469854,20260828135641,101,13669,Silver QQ_GLTRAN,sl_QQgltran,TASK_COMPLETE,SUCCESS,INFO,61022,61022,0,,2026-08-28T13:56:59.567Z,2026-08-28T13:57:50.470Z,42,2026-08-28T13:57:50.470Z,"","",47a89ced-7b86-4b2a-bd89-db372bb485ec,DRD
202608310541436967,202608310540343029,20260831054027,101,13669,Silver QQ_GLTRAN,sl_QQgltran,TASK_COMPLETE,SUCCESS,INFO,62232,62232,0,,2026-08-31T05:40:59.834Z,2026-08-31T05:41:46.542Z,38,2026-08-31T05:41:46.542Z,"","",9256b474-7b69-4c66-a79f-19b103abc4c0,DRD
202609010529168976,202609010503373337,202609010503373335,47,8934,P1 Finance PBI 3 Pay Auth Silver,tbl_pbi3PayAuth,TASK_COMPLETE,SUCCESS,INFO,62,0,0,,2026-09-01T05:03:56.880Z,2026-09-01T05:29:18.945Z,1522,2026-09-01T05:29:18.945Z,,,75a93e02-eb8a-4b20-981c-b48401997d72,
202608281254522375,202608281253489215,20260828125343,101,13669,Silver QQ_GLTRAN,sl_QQgltran,TASK_COMPLETE,SUCCESS,INFO,61022,61022,0,,2026-08-28T12:54:03.333Z,2026-08-28T12:54:54.692Z,42,2026-08-28T12:54:54.692Z,"","",40ea0c42-ff24-4d7b-9f66-580dbb474a44,DRD
202609011055467904,202609011055467903,20260901105537,38,153,Silver KnowBe4 Enrollments,sl_KnowBe4Enrollments,TASK_COMPLETE,SUCCESS,INFO,94654,94654,0,,2026-09-01T10:55:53.942Z,2026-09-01T10:56:22.845Z,26,2026-09-01T10:56:22.845Z,,,325d4691-3681-440b-925e-1a15934da332,
202608310517309028,202608310515143684,20260831051507,101,13669,Silver QQ_GLTRAN,sl_QQgltran,TASK_COMPLETE,SUCCESS,INFO,62232,62232,0,,2026-08-31T05:15:56.573Z,2026-08-31T05:17:33.575Z,86,2026-08-31T05:17:33.575Z,"","",1c008b8f-6986-49fb-8a1e-935c0f7c97b8,DRD
202609010919313225,202609010919313225,20260901091922,38,153,Silver KnowBe4 Enrollments,sl_KnowBe4Enrollments,TASK_COMPLETE,SUCCESS,INFO,94654,94654,0,,2026-09-01T09:19:36.694Z,2026-09-01T09:20:04.752Z,25,2026-09-01T09:20:04.752Z,,,4cf40547-e391-4e76-bd7b-3e8f91b7eb2b,
202609031533379756,202609031533379755,20260903153327,38,153,Silver KnowBe4 Enrollments,sl_KnowBe4Enrollments,TASK_COMPLETE,SUCCESS,INFO,94686,94686,0,,2026-09-03T15:33:44.705Z,2026-09-03T15:34:16.234Z,28,2026-09-03T15:34:16.234Z,,,8ba6a4b7-c54f-4c4b-aa8f-710a0f7da5c7,
202609031816291399,202609031729377741,202609031729377737,98,6210,P1 Forms SF Data Forms Silver,tbl_SF_DataForms,TASK_COMPLETE,SUCCESS,INFO,536195,536195,0,,2026-09-03T17:29:32.843Z,2026-09-03T18:16:31.354Z,2819,2026-09-03T18:16:31.354Z,,,94249231-24a1-492e-97bf-dcd504ea599a,
202608311541184004,202608311541184004,20260831154107,38,153,Silver KnowBe4 Enrollments,sl_knowbe4enrollments,TASK_COMPLETE,SUCCESS,INFO,94614,94614,0,,2026-08-31T15:41:23.648Z,2026-08-31T15:41:53.471Z,27,2026-08-31T15:41:53.471Z,,,a710157a-9874-439e-a5c5-b1f8550e13aa,
202608311623120023,202608311623120023,20260831162258,38,153,Silver KnowBe4 Enrollments,sl_knowbe4enrollments,TASK_COMPLETE,SUCCESS,INFO,94614,94614,0,,2026-08-31T16:23:19.051Z,2026-08-31T16:24:12.385Z,29,2026-08-31T16:24:12.385Z,,,88dc83e4-58c5-4cf9-9871-598faa41293b,
202609010830061368,202609010830061368,20260901082957,38,153,Silver KnowBe4 Enrollments,sl_knowbe4enrollments,TASK_COMPLETE,SUCCESS,INFO,94654,94654,0,,2026-09-01T08:30:11.824Z,2026-09-01T08:30:44.617Z,30,2026-09-01T08:30:44.617Z,,,c7e29124-1e94-4997-8246-3c48b4268ad3,
202609031444053729,202609031444053729,20260903032203,38,153,Silver KnowBe4 Enrollments,sl_KnowBe4Enrollments,TASK_COMPLETE,SUCCESS,INFO,94686,94686,0,,2026-09-03T14:44:12.407Z,2026-09-03T14:45:34.658Z,79,2026-09-03T14:45:34.658Z,,,11655967-1f0a-4878-9f07-67e216147efe,
202609070945217857,202609070945217856,20260907094512,38,153,Silver KnowBe4 Enrollments,sl_KnowBe4Enrollments,TASK_COMPLETE,SUCCESS,INFO,94698,94698,0,,2026-09-07T09:45:27.416Z,2026-09-07T09:45:58.141Z,27,2026-09-07T09:45:58.141Z,,,4a819cd8-c6c0-4519-9ae0-3043187c2ed9,
202609040928518844,202609040928518844,20260904092833,38,153,Silver KnowBe4 Enrollments,sl_KnowBe4Enrollments,TASK_COMPLETE,SUCCESS,INFO,94694,94694,0,,2026-09-04T09:28:59.670Z,2026-09-04T09:29:56.806Z,53,2026-09-04T09:29:56.806Z,,,f4aea0dd-d01c-4467-a718-f830a8d74578,
202609031322201570,202609031322201570,20260903122718,38,153,Silver KnowBe4 Enrollments,sl_KnowBe4Enrollments,TASK_COMPLETE,SUCCESS,INFO,94686,94686,0,,2026-09-03T13:22:28.202Z,2026-09-03T13:23:00.818Z,29,2026-09-03T13:23:00.818Z,,,d3464a5f-8db2-4298-9db0-b7422c4dab20,
202609011414386174,202609011414386174,20260901141429,38,153,Silver KnowBe4 Enrollments,sl_KnowBe4Enrollments,TASK_COMPLETE,SUCCESS,INFO,94654,94654,0,,2026-09-01T14:14:44.922Z,2026-09-01T14:15:15.399Z,27,2026-09-01T14:15:15.399Z,,,b174e830-d541-4258-b1ec-a36dec9e0454,
202609031507205934,202609031507205933,20260903025712,38,153,Silver KnowBe4 Enrollments,sl_KnowBe4Enrollments,TASK_COMPLETE,SUCCESS,INFO,94686,94686,0,,2026-09-03T15:07:27.501Z,2026-09-03T15:08:30.749Z,59,2026-09-03T15:08:30.749Z,,,922c1f84-e757-442e-9e5b-cf435170529f,
202608311642558323,202608311642558322,20260831164247,38,153,Silver KnowBe4 Enrollments,sl_knowbe4enrollments,TASK_COMPLETE,SUCCESS,INFO,94614,94614,0,,2026-08-31T16:43:10.313Z,2026-08-31T16:43:51.007Z,37,2026-08-31T16:43:51.007Z,,,a58a3cc2-27a0-44ee-8cb6-4c66a0119242,
202608281105516201,202608281104462867,20260828110440,101,13669,Silver QQ_GLTRAN,sl_QQgltran,TASK_COMPLETE,SUCCESS,INFO,61022,61022,0,,2026-08-28T11:05:01.565Z,2026-08-28T11:05:53.959Z,44,2026-08-28T11:05:53.959Z,"","",5f5824ef-55ad-442d-8665-a73e613ea2bc,DRD
202608281029429747,202608281029429747,202608171026319654,84,13676,Gold Salesforce PatientContacts,PatientContacts,TASK_COMPLETE,SUCCESS,INFO,2443,2443,0,,2026-08-28T10:29:47.328Z,2026-08-28T10:30:06.235Z,17,2026-08-28T10:30:06.235Z,,,3d84b3b4-01e9-4004-b383-1c54ba72a558,
202609010529168988,202609010503373348,202609010503373335,47,10232,P1 Finance Client Demo 1 Silver,tbl_ClientDemo1,TASK_COMPLETE,SUCCESS,INFO,301,301,0,,2026-09-01T05:03:56.880Z,2026-09-01T05:29:18.945Z,1522,2026-09-01T05:29:18.945Z,,,75a93e02-eb8a-4b20-981c-b48401997d72,
202609032059384181,202609031904201109,202609031904201105,86,5723,Silver INV,sl_AdmissionAssessmentDimensionThree,TASK_COMPLETE,SUCCESS,INFO,51475,51475,0,,2026-09-03T19:04:17.619Z,2026-09-03T20:59:41.557Z,6924,2026-09-03T20:59:41.557Z,,,48b34b87-69c2-467d-a88c-67aac910c539,
202608302110100140,202608301904270795,202608301904270791,86,5723,Silver INV,sl_AdmissionAssessmentDimensionThree,TASK_COMPLETE,SUCCESS,INFO,51290,51290,0,,2026-08-30T19:04:27.050Z,2026-08-30T21:10:12.061Z,7545,2026-08-30T21:10:12.061Z,,,ba679216-ee2b-4344-afb9-134290faf502,
202609022129506800,202609021903306079,202609021903306075,86,5723,Silver INV,sl_AdmissionAssessmentDimensionThree,TASK_COMPLETE,SUCCESS,INFO,51439,51439,0,,2026-09-02T19:03:39.838Z,2026-09-02T21:29:53.061Z,8774,2026-09-02T21:29:53.061Z,,,c49685cc-3281-44bc-a1c2-3be5b1110999,
202608312122263102,202608311905752240,202608311905752236,86,5723,Silver INV,sl_AdmissionAssessmentDimensionThree,TASK_COMPLETE,SUCCESS,INFO,51341,51341,0,,2026-08-31T19:06:18.658Z,2026-08-31T21:22:29.754Z,8171,2026-08-31T21:22:29.754Z,,,79f5b39e-d314-4ad3-8050-3ace553d67de,
202609012120317941,202609011903772009,202609011903772005,86,5723,Silver INV,sl_AdmissionAssessmentDimensionThree,TASK_COMPLETE,SUCCESS,INFO,51389,51389,0,,2026-09-01T19:04:17.664Z,2026-09-01T21:20:34.963Z,8177,2026-09-01T21:20:34.963Z,,,0e5f68b5-5669-4bb1-91ce-4b967b620e7d,
202608292059198240,202608291904534410,202608291904534406,86,5723,Silver INV,sl_AdmissionAssessmentDimensionThree,TASK_COMPLETE,SUCCESS,INFO,51290,51290,0,,2026-08-29T19:04:49.126Z,2026-08-29T20:59:21.833Z,6872,2026-08-29T20:59:21.833Z,,,dd7385f2-fbd4-41a4-afcd-7296aca5e198,
202609010739194576,202609010739194575,20260817053034,80,227,Absolute Silver Inventory,sl_absolute_inventory,TASK_COMPLETE,SUCCESS,INFO,1866,1866,0,,2026-09-01T07:39:25.224Z,2026-09-01T07:39:54.486Z,21,2026-09-01T07:39:54.486Z,,,029655eb-31ca-4ea0-a1fe-c5fb4d7f3669,
202609011542139128,202609011542139127,20260901154207,80,227,Absolute Silver Inventory,sl_absolute_inventory,TASK_COMPLETE,SUCCESS,INFO,1866,1866,0,,2026-09-01T15:42:18.688Z,2026-09-01T15:42:56.521Z,36,2026-09-01T15:42:56.521Z,,,250e2d2e-9477-49d4-a4fd-4463274c368a,
202609020629342098,202609020629342098,20260902062927,80,227,Absolute Silver Inventory,sl_absolute_inventory,TASK_COMPLETE,SUCCESS,INFO,1868,1868,0,,2026-09-02T06:29:41.460Z,2026-09-02T06:30:07.004Z,23,2026-09-02T06:30:07.004Z,,,626b70ca-41f2-40a1-87f3-bef3aa422ad8,
202609011158524986,202609011158524986,20260901115845,80,227,Absolute Silver Inventory,sl_absolute_inventory,TASK_COMPLETE,SUCCESS,INFO,1866,1866,0,,2026-09-01T11:58:57.481Z,2026-09-01T11:59:24.071Z,25,2026-09-01T11:59:24.071Z,,,0034eda5-0d9e-4094-9a3a-54d6e7d0dc65,
202609030656551906,202609030656551906,20260903065411,141,13754,Late Entry Termed Employees Report,lateentrytermed,TASK_SUCCESS,SUCCESS,INFO,0,0,0,,2026-09-03T06:56:55.190Z,2026-09-03T06:57:13.564Z,18,2026-09-03T06:57:13.564Z,,,e509dc85-8900-4f7a-939b-cd9669a98c45,
202609020859507558,202609020859507558,20260902085943,80,227,Absolute Silver Inventory,sl_absolute_inventory,TASK_COMPLETE,SUCCESS,INFO,1868,1868,0,,2026-09-02T08:59:55.281Z,2026-09-02T09:00:19.462Z,22,2026-09-02T09:00:19.462Z,,,a41487d3-825d-466d-8054-29503c4fdfc8,
202609011556196300,202609011556196299,20260901155614,80,227,Absolute Silver Inventory,sl_absolute_inventory,TASK_COMPLETE,SUCCESS,INFO,1866,1866,0,,2026-09-01T15:56:24.533Z,2026-09-01T15:56:46.480Z,20,2026-09-01T15:56:46.480Z,,,b44694a1-5977-4c4f-ba31-2eb4c7cf57f2,
202609010529168989,202609010503373349,202609010503373335,47,10350,P1 Finance Client Demo 2 Silver,tbl_ClientDemo2,TASK_COMPLETE,SUCCESS,INFO,301,2,0,,2026-09-01T05:03:56.880Z,2026-09-01T05:29:18.945Z,1522,2026-09-01T05:29:18.945Z,,,75a93e02-eb8a-4b20-981c-b48401997d72,
202609041624151201,202609041624151201,20260904161800,83,6808,Silver Salesforce Outbound SMS,sl_sf_outboundsms,TASK_COMPLETE,SUCCESS,INFO,222,222,0,,2026-09-04T16:24:20.110Z,2026-09-04T16:24:42.253Z,20,2026-09-04T16:24:42.253Z,,,7a604b07-1e27-4ff8-bd86-1860fd5608a2,
202609032059384183,202609031904201110,202609031904201105,86,5724,Silver INV,sl_AdmissionAssessmentDimensionFour,TASK_COMPLETE,SUCCESS,INFO,51146,51146,0,,2026-09-03T19:04:17.619Z,2026-09-03T20:59:41.557Z,6924,2026-09-03T20:59:41.557Z,,,48b34b87-69c2-467d-a88c-67aac910c539,
202608312122263103,202608311905752241,202608311905752236,86,5724,Silver INV,sl_AdmissionAssessmentDimensionFour,TASK_COMPLETE,SUCCESS,INFO,51011,51011,0,,2026-08-31T19:06:18.658Z,2026-08-31T21:22:29.754Z,8171,2026-08-31T21:22:29.754Z,,,79f5b39e-d314-4ad3-8050-3ace553d67de,
202608302110100141,202608301904270796,202608301904270791,86,5724,Silver INV,sl_AdmissionAssessmentDimensionFour,TASK_COMPLETE,SUCCESS,INFO,50959,50959,0,,2026-08-30T19:04:27.050Z,2026-08-30T21:10:12.061Z,7545,2026-08-30T21:10:12.061Z,,,ba679216-ee2b-4344-afb9-134290faf502,
202609012120317942,202609011903772010,202609011903772005,86,5724,Silver INV,sl_AdmissionAssessmentDimensionFour,TASK_COMPLETE,SUCCESS,INFO,51060,51060,0,,2026-09-01T19:04:17.664Z,2026-09-01T21:20:34.963Z,8177,2026-09-01T21:20:34.963Z,,,0e5f68b5-5669-4bb1-91ce-4b967b620e7d,
202609022129506801,202609021903306080,202609021903306075,86,5724,Silver INV,sl_AdmissionAssessmentDimensionFour,TASK_COMPLETE,SUCCESS,INFO,51111,51111,0,,2026-09-02T19:03:39.838Z,2026-09-02T21:29:53.061Z,8774,2026-09-02T21:29:53.061Z,,,c49685cc-3281-44bc-a1c2-3be5b1110999,
202608292059198241,202608291904534411,202608291904534406,86,5724,Silver INV,sl_AdmissionAssessmentDimensionFour,TASK_COMPLETE,SUCCESS,INFO,50959,50959,0,,2026-08-29T19:04:49.126Z,2026-08-29T20:59:21.833Z,6872,2026-08-29T20:59:21.833Z,,,dd7385f2-fbd4-41a4-afcd-7296aca5e198,
202609081251152725,202609081233579602,202609081233579600,145,16131,Clinical UA CDC Silver - SaveUASched,sl_UASched,TASK_COMPLETE,SUCCESS,INFO,81,81,0,,2026-09-08T12:34:28.635Z,2026-09-08T12:51:17.658Z,1009,2026-09-08T12:51:17.658Z,,,c3383bb1-b723-4b3e-bec7-f60bc8b15ae7,
202609031816291398,202609031729377740,202609031729377737,98,6093,P1 Forms E&M Form MDM Silver,tbl_EandMFormMDM,TASK_COMPLETE,SUCCESS,INFO,544725,544725,0,,2026-09-03T17:29:32.843Z,2026-09-03T18:16:31.354Z,2819,2026-09-03T18:16:31.354Z,,,94249231-24a1-492e-97bf-dcd504ea599a,
202609010529168986,202609010503373346,202609010503373335,47,9996,P1 Finance Payer Client Silver,tbl_PayerClient,TASK_COMPLETE,SUCCESS,INFO,192,192,0,,2026-09-01T05:03:56.880Z,2026-09-01T05:29:18.945Z,1522,2026-09-01T05:29:18.945Z,,,75a93e02-eb8a-4b20-981c-b48401997d72,
202609010736566260,202609010736566260,20260729081120,79,226,Absolute Bronze Inventory,br_absolute_inventory,TASK_COMPLETE,SUCCESS,INFO,1866,1866,0,,2026-09-01T07:37:01.510Z,2026-09-01T07:37:32.695Z,28,2026-09-01T07:37:32.695Z,,,029655eb-31ca-4ea0-a1fe-c5fb4d7f3669,
202609020549441079,202609020549441078,20260902054938,79,226,Absolute Bronze Inventory,br_absolute_inventory,TASK_COMPLETE,SUCCESS,INFO,1868,1868,0,,2026-09-02T05:49:51.639Z,2026-09-02T05:50:18.890Z,24,2026-09-02T05:50:18.890Z,,,3315cd44-194b-4fe5-bd88-0bb25e9cfcfe,
202609011553535316,202609011553535316,20260901155347,79,226,Absolute Bronze Inventory,br_absolute_inventory,TASK_COMPLETE,SUCCESS,INFO,1866,1866,0,,2026-09-01T15:54:06.477Z,2026-09-01T15:54:42.210Z,32,2026-09-01T15:54:42.210Z,,,b44694a1-5977-4c4f-ba31-2eb4c7cf57f2,
202609041333050062,202609041333050062,202607161857431812,83,209,Silver Salesforce Record Types,sl_sf_recordtype,TASK_COMPLETE,SUCCESS,INFO,21,21,0,,2026-09-04T13:33:10.922Z,2026-09-04T13:33:31.940Z,19,2026-09-04T13:33:31.940Z,,,bd9b2318-654e-4f3d-b09e-bcdf6b219232,
202609020737332348,202609020737332347,20260902070542,79,226,Absolute Bronze Inventory,br_absolute_inventory,TASK_COMPLETE,SUCCESS,INFO,1868,1868,0,,2026-09-02T07:37:38.474Z,2026-09-02T07:38:06.206Z,25,2026-09-02T07:38:06.206Z,,,0c5d2630-65d9-4bd0-b930-19adbfb12b07,
202609020627381482,202609020627381482,20260902062710,79,226,Absolute Bronze Inventory,br_absolute_inventory,TASK_COMPLETE,SUCCESS,INFO,1868,1868,0,,2026-09-02T06:27:45.286Z,2026-09-02T06:28:16.024Z,28,2026-09-02T06:28:16.024Z,,,626b70ca-41f2-40a1-87f3-bef3aa422ad8,
202609041426135217,202609041426135217,202609041424498841,83,209,Silver Salesforce Record Types,sl_sf_recordtype,TASK_COMPLETE,SUCCESS,INFO,21,21,0,,2026-09-04T14:26:18.832Z,2026-09-04T14:26:40.167Z,19,2026-09-04T14:26:40.167Z,,,9d7b1c7e-8065-427d-99c7-89e3c8306b1f,
202609020857110444,202609020857110444,20260902085704,79,226,Absolute Bronze Inventory,br_absolute_inventory,TASK_COMPLETE,SUCCESS,INFO,1868,1868,0,,2026-09-02T08:57:16.653Z,2026-09-02T08:57:46.591Z,27,2026-09-02T08:57:46.591Z,,,a41487d3-825d-466d-8054-29503c4fdfc8,
202609011155506845,202609011155506845,20260901115544,79,226,Absolute Bronze Inventory,br_absolute_inventory,TASK_COMPLETE,SUCCESS,INFO,1866,1866,0,,2026-09-01T11:55:56.486Z,2026-09-01T11:56:40.497Z,35,2026-09-01T11:56:40.497Z,,,0034eda5-0d9e-4094-9a3a-54d6e7d0dc65,
202609021142270906,202609021142270905,202608201136586561,83,209,Silver Salesforce Record Types,sl_sf_recordtype,TASK_COMPLETE,SUCCESS,INFO,21,21,0,,2026-09-02T11:42:32.621Z,2026-09-02T11:43:27.571Z,53,2026-09-02T11:43:27.571Z,,,0b5a27da-5d48-4ed3-a9f4-1a7052a3fcea,
202609011540050025,202609011540050024,20260901121141,79,226,Absolute Bronze Inventory,br_absolute_inventory,TASK_COMPLETE,SUCCESS,INFO,1866,1866,0,,2026-09-01T15:40:10.600Z,2026-09-01T15:40:48.623Z,35,2026-09-01T15:40:48.623Z,,,250e2d2e-9477-49d4-a4fd-4463274c368a,
202609030636061891,202609030636061891,20260903063600,5,31,Silver 8x8 CallInteractions,sl_8x8_CallInteractions,TASK_COMPLETE,SUCCESS,INFO,970,970,0,,2026-09-03T06:36:10.819Z,2026-09-03T06:36:31.018Z,18,2026-09-03T06:36:31.018Z,,,1066d6e5-305c-4662-a3fb-18d67007,
202609030802199507,202609030802199507,20260903080209,5,31,Silver 8x8 CallInteractions,sl_8x8_CallInteractions,TASK_COMPLETE,SUCCESS,INFO,970,970,0,,2026-09-03T08:02:25.419Z,2026-09-03T08:02:55.361Z,27,2026-09-03T08:02:55.361Z,,,1066d6e5-305c-4662-a3fb-18d67007,
202609030625072057,202609030625072057,20260903062457,5,31,Silver 8x8 CallInteractions,sl_8x8_CallInteractions,TASK_COMPLETE,SUCCESS,INFO,970,970,0,,2026-09-03T06:25:12.255Z,2026-09-03T06:25:32.990Z,17,2026-09-03T06:25:32.990Z,,,1066d6e5-305c-4662-a3fb-18d67007,
202609070933596613,202609070933596613,20260903054326,37,152,KnowBe4 Enrollments API,br_knowbe4_enrollments,TASK_COMPLETE,SUCCESS,INFO,94698,94698,0,,2026-09-07T09:34:04.994Z,2026-09-07T09:40:32.705Z,384,2026-09-07T09:40:32.705Z,,,4a819cd8-c6c0-4519-9ae0-3043187c2ed9,
202609020519086870,202609020519086869,20260902051852,37,152,KnowBe4 Enrollments API,br_knowbe4_enrollments,TASK_COMPLETE,SUCCESS,INFO,94658,94658,0,,2026-09-02T05:19:18.532Z,2026-09-02T05:25:07.649Z,346,2026-09-02T05:25:07.649Z,,,d6c6cd2b-6c74-455f-a6f3-8f7f7ff987e7,
202609031521095166,202609031521095165,20260903075021,37,152,KnowBe4 Enrollments API,br_knowbe4_enrollments,TASK_COMPLETE,SUCCESS,INFO,94686,94686,0,,2026-09-03T15:21:15.545Z,2026-09-03T15:28:23.951Z,425,2026-09-03T15:28:23.951Z,,,8ba6a4b7-c54f-4c4b-aa8f-710a0f7da5c7,
202609020631028254,202609020631028254,20260902063056,37,152,KnowBe4 Enrollments API,br_knowbe4_enrollments,TASK_COMPLETE,SUCCESS,INFO,94658,94658,0,,2026-09-02T06:31:08.402Z,2026-09-02T06:37:29.297Z,377,2026-09-02T06:37:29.297Z,,,b715ef4e-dd40-4df9-a611-2d678bb3bff2,
202609021106316503,202609021106316503,20260902110625,37,152,KnowBe4 Enrollments API,br_knowbe4_enrollments,TASK_COMPLETE,SUCCESS,INFO,94658,94658,0,,2026-09-02T11:06:36.957Z,2026-09-02T11:12:28.588Z,348,2026-09-02T11:12:28.588Z,,,6ac3fc2a-1443-47d0-911d-2a0a74587d29,
202609021133522941,202609021133522940,20260902111701,37,152,KnowBe4 Enrollments API,br_knowbe4_enrollments,TASK_COMPLETE,SUCCESS,INFO,94658,94658,0,,2026-09-02T11:33:59.260Z,2026-09-02T11:40:38.561Z,396,2026-09-02T11:40:38.561Z,,,4c4c075e-4dad-4233-8052-32fba0caf996,
202609021024539048,202609021024539048,20260902102448,37,152,KnowBe4 Enrollments API,br_knowbe4_enrollments,TASK_COMPLETE,SUCCESS,INFO,94658,94658,0,,2026-09-02T10:24:59.598Z,2026-09-02T10:30:54.037Z,351,2026-09-02T10:30:54.037Z,,,b0a68294-8f39-48cc-9f9e-4292e7c94d8f,
202609040624381076,202609040624381076,20260903065905,37,152,KnowBe4 Enrollments API,br_knowbe4_enrollments,TASK_COMPLETE,SUCCESS,INFO,94694,94694,0,,2026-09-04T06:24:43.391Z,2026-09-04T06:30:15.281Z,329,2026-09-04T06:30:15.281Z,,,c3c33961-48a7-4ac5-b3da-1075a50af5fa,
202608311630017098,202608311630017097,20260831162955,37,152,KnowBe4 Enrollments API,br_knowbe4_enrollments,TASK_COMPLETE,SUCCESS,INFO,94614,94614,0,,2026-08-31T16:30:20.846Z,2026-08-31T16:37:55.965Z,452,2026-08-31T16:37:55.965Z,,,a58a3cc2-27a0-44ee-8cb6-4c66a0119242,
202609011403504854,202609011403504853,20260901140338,37,152,KnowBe4 Enrollments API,br_knowbe4_enrollments,TASK_COMPLETE,SUCCESS,INFO,94654,94654,0,,2026-09-01T14:03:56.383Z,2026-09-01T14:10:06.540Z,367,2026-09-01T14:10:06.540Z,,,b174e830-d541-4258-b1ec-a36dec9e0454,
202609012120317940,202609011903772008,202609011903772005,86,5722,Silver INV,sl_AdmissionAssessmentDimensionTwo,TASK_COMPLETE,SUCCESS,INFO,51614,51614,0,,2026-09-01T19:04:17.664Z,2026-09-01T21:20:34.963Z,8177,2026-09-01T21:20:34.963Z,,,0e5f68b5-5669-4bb1-91ce-4b967b620e7d,
202609020557008329,202609020557008329,20260902055654,37,152,KnowBe4 Enrollments API,br_knowbe4_enrollments,TASK_COMPLETE,SUCCESS,INFO,94658,94658,0,,2026-09-02T05:57:06.703Z,2026-09-02T06:04:45.970Z,456,2026-09-02T06:04:45.970Z,,,6e6ca944-176e-4e9f-9036-4e787264d96b,
202609022129506799,202609021903306078,202609021903306075,86,5722,Silver INV,sl_AdmissionAssessmentDimensionTwo,TASK_COMPLETE,SUCCESS,INFO,51666,51666,0,,2026-09-02T19:03:39.838Z,2026-09-02T21:29:53.061Z,8774,2026-09-02T21:29:53.061Z,,,c49685cc-3281-44bc-a1c2-3be5b1110999,
202609030309416618,202609030309416618,20260902143652,37,152,KnowBe4 Enrollments API,br_knowbe4_enrollments,TASK_COMPLETE,SUCCESS,INFO,94686,94686,0,,2026-09-03T03:09:48.150Z,2026-09-03T03:16:04.133Z,373,2026-09-03T03:16:04.133Z,,,1066d6e5-305c-4662-a3fb-18d670070de9,
202609020501287810,202609020501287809,20260902050108,37,152,KnowBe4 Enrollments API,br_knowbe4_enrollments,TASK_COMPLETE,SUCCESS,INFO,94658,94658,0,,2026-09-02T05:01:39.672Z,2026-09-02T05:09:14.519Z,448,2026-09-02T05:09:14.519Z,,,af8eefa9-d142-4c7b-ad49-4c7bfef9728e,
202609031214046711,202609031214046711,20260903094443,37,152,KnowBe4 Enrollments API,br_knowbe4_enrollments,TASK_COMPLETE,SUCCESS,INFO,94686,94686,0,,2026-09-03T12:14:25.506Z,2026-09-03T12:22:03.835Z,454,2026-09-03T12:22:03.835Z,,,6d2678a2-5070-462a-ab5b-fbefac17def7,
202608302110100139,202608301904270794,202608301904270791,86,5722,Silver INV,sl_AdmissionAssessmentDimensionTwo,TASK_COMPLETE,SUCCESS,INFO,51515,51515,0,,2026-08-30T19:04:27.050Z,2026-08-30T21:10:12.061Z,7545,2026-08-30T21:10:12.061Z,,,ba679216-ee2b-4344-afb9-134290faf502,
202609032059384180,202609031904201108,202609031904201105,86,5722,Silver INV,sl_AdmissionAssessmentDimensionTwo,TASK_COMPLETE,SUCCESS,INFO,51703,51703,0,,2026-09-03T19:04:17.619Z,2026-09-03T20:59:41.557Z,6924,2026-09-03T20:59:41.557Z,,,48b34b87-69c2-467d-a88c-67aac910c539,
202609032059384185,202609031904201112,202609031904201105,86,5726,Silver INV,sl_AdmissionAssessmentDimensionSix,TASK_COMPLETE,SUCCESS,INFO,51007,51007,0,,2026-09-03T19:04:17.619Z,2026-09-03T20:59:41.557Z,6924,2026-09-03T20:59:41.557Z,,,48b34b87-69c2-467d-a88c-67aac910c539,
202609020655415233,202609020655415233,20260902065536,37,152,KnowBe4 Enrollments API,br_knowbe4_enrollments,TASK_COMPLETE,SUCCESS,INFO,94658,94658,0,,2026-09-02T06:55:46.773Z,2026-09-02T07:01:38.009Z,348,2026-09-02T07:01:38.009Z,,,78552c73-e57b-4b92-b870-865f2a03b8f6,
202609020824303074,202609020824303074,20260902082424,37,152,KnowBe4 Enrollments API,br_knowbe4_enrollments,TASK_COMPLETE,SUCCESS,INFO,94658,94658,0,,2026-09-02T08:24:36.090Z,2026-09-02T08:32:04.880Z,445,2026-09-02T08:32:04.880Z,,,dc2c3c34-bb60-4561-8b5b-1e0701d8a546,
202609020740285270,202609020740285270,20260902074022,37,152,KnowBe4 Enrollments API,br_knowbe4_enrollments,TASK_COMPLETE,SUCCESS,INFO,94658,94658,0,,2026-09-02T07:40:34.068Z,2026-09-02T07:47:21.275Z,404,2026-09-02T07:47:21.275Z,,,7a443b4c-9824-4256-ab04-6ecd70b3ff28,
202609010908102142,202609010908102142,20260901090804,37,152,KnowBe4 Enrollments API,br_knowbe4_enrollments,TASK_COMPLETE,SUCCESS,INFO,94654,94654,0,,2026-09-01T09:08:15.699Z,2026-09-01T09:14:48.044Z,389,2026-09-01T09:14:48.044Z,,,4cf40547-e391-4e76-bd7b-3e8f91b7eb2b,
202609030244429581,202609030244429580,20260902145316,37,152,KnowBe4 Enrollments API,br_knowbe4_enrollments,TASK_COMPLETE,SUCCESS,INFO,94686,94686,0,,2026-09-03T02:44:48.609Z,2026-09-03T02:51:14.736Z,383,2026-09-03T02:51:14.736Z,,,6825445c-6c39-46db-a137-17ccd177bc49,
202609020843302809,202609020843302809,20260902084325,37,152,KnowBe4 Enrollments API,br_knowbe4_enrollments,TASK_COMPLETE,SUCCESS,INFO,94658,94658,0,,2026-09-02T08:43:35.961Z,2026-09-02T08:50:12.855Z,394,2026-09-02T08:50:12.855Z,,,9a3a99b3-6117-43fd-86ce-609490905879,
202608312122263101,202608311905752239,202608311905752236,86,5722,Silver INV,sl_AdmissionAssessmentDimensionTwo,TASK_COMPLETE,SUCCESS,INFO,51566,51566,0,,2026-08-31T19:06:18.658Z,2026-08-31T21:22:29.754Z,8171,2026-08-31T21:22:29.754Z,,,79f5b39e-d314-4ad3-8050-3ace553d67de,
202609022129506803,202609021903306082,202609021903306075,86,5726,Silver INV,sl_AdmissionAssessmentDimensionSix,TASK_COMPLETE,SUCCESS,INFO,50971,50971,0,,2026-09-02T19:03:39.838Z,2026-09-02T21:29:53.061Z,8774,2026-09-02T21:29:53.061Z,,,c49685cc-3281-44bc-a1c2-3be5b1110999,
202608312122263105,202608311905752243,202608311905752236,86,5726,Silver INV,sl_AdmissionAssessmentDimensionSix,TASK_COMPLETE,SUCCESS,INFO,50872,50872,0,,2026-08-31T19:06:18.658Z,2026-08-31T21:22:29.754Z,8171,2026-08-31T21:22:29.754Z,,,79f5b39e-d314-4ad3-8050-3ace553d67de,
202609020615067934,202609020615067934,20260902061500,37,152,KnowBe4 Enrollments API,br_knowbe4_enrollments,TASK_COMPLETE,SUCCESS,INFO,94658,94658,0,,2026-09-02T06:15:11.973Z,2026-09-02T06:21:31.679Z,376,2026-09-02T06:21:31.679Z,,,25cd1480-3015-4326-bd43-9a0ff88dfb50,
202609031430469254,202609031430469254,20260903091347,37,152,KnowBe4 Enrollments API,br_knowbe4_enrollments,TASK_COMPLETE,SUCCESS,INFO,94686,94686,0,,2026-09-03T14:30:52.619Z,2026-09-03T14:38:55.708Z,479,2026-09-03T14:38:55.708Z,,,11655967-1f0a-4878-9f07-67e216147efe,
202609021200504565,202609021200504565,20260902120044,37,152,KnowBe4 Enrollments API,br_knowbe4_enrollments,TASK_COMPLETE,SUCCESS,INFO,94658,94658,0,,2026-09-02T12:00:56.801Z,2026-09-02T12:08:13.600Z,434,2026-09-02T12:08:13.600Z,,,8389f9b8-5200-4049-978d-372d2b2d6538,
202609011020529035,202609011020529035,20260901102042,37,152,KnowBe4 Enrollments API,br_knowbe4_enrollments,TASK_COMPLETE,SUCCESS,INFO,94654,94654,0,,2026-09-01T10:20:58.058Z,2026-09-01T10:27:54.499Z,413,2026-09-01T10:27:54.499Z,,,479c0ba1-76d2-4143-8421-ae6bfe16725f,
202609020939484796,202609020939484796,20260902093943,37,152,KnowBe4 Enrollments API,br_knowbe4_enrollments,TASK_COMPLETE,SUCCESS,INFO,94658,94658,0,,2026-09-02T09:39:55.877Z,2026-09-02T09:46:18.080Z,379,2026-09-02T09:46:18.080Z,,,04a67665-cdad-484f-8c71-77ce27972b16,
202609021000467488,202609021000467487,20260902100040,37,152,KnowBe4 Enrollments API,br_knowbe4_enrollments,TASK_COMPLETE,SUCCESS,INFO,94658,94658,0,,2026-09-02T10:00:54.047Z,2026-09-02T10:09:37.278Z,520,2026-09-02T10:09:37.278Z,,,25a65c37-7f60-4ef6-9c4e-327da0d8a267,
202608302110100144,202608301904270798,202608301904270791,86,5726,Silver INV,sl_AdmissionAssessmentDimensionSix,TASK_COMPLETE,SUCCESS,INFO,50819,50819,0,,2026-08-30T19:04:27.050Z,2026-08-30T21:10:12.061Z,7545,2026-08-30T21:10:12.061Z,,,ba679216-ee2b-4344-afb9-134290faf502,
202609031309551056,202609031309551056,20260903093341,37,152,KnowBe4 Enrollments API,br_knowbe4_enrollments,TASK_COMPLETE,SUCCESS,INFO,94686,94686,0,,2026-09-03T13:10:01.058Z,2026-09-03T13:18:00.225Z,475,2026-09-03T13:18:00.225Z,,,d3464a5f-8db2-4298-9db0-b7422c4dab20,
202609040916032181,202609040916032181,20260903061749,37,152,KnowBe4 Enrollments API,br_knowbe4_enrollments,TASK_COMPLETE,SUCCESS,INFO,94694,94694,0,,2026-09-04T09:16:09.620Z,2026-09-04T09:23:06.787Z,413,2026-09-04T09:23:06.787Z,,,f4aea0dd-d01c-4467-a718-f830a8d74578,
202609031455189402,202609031455189402,20260903080416,37,152,KnowBe4 Enrollments API,br_knowbe4_enrollments,TASK_COMPLETE,SUCCESS,INFO,94686,94686,0,,2026-09-03T14:55:25.436Z,2026-09-03T15:01:58.774Z,390,2026-09-03T15:01:58.774Z,,,922c1f84-e757-442e-9e5b-cf435170529f,
202608292059198239,202608291904534409,202608291904534406,86,5722,Silver INV,sl_AdmissionAssessmentDimensionTwo,TASK_COMPLETE,SUCCESS,INFO,51515,51515,0,,2026-08-29T19:04:49.126Z,2026-08-29T20:59:21.833Z,6872,2026-08-29T20:59:21.833Z,,,dd7385f2-fbd4-41a4-afcd-7296aca5e198,
202609020905284677,202609020905284677,20260902090521,37,152,KnowBe4 Enrollments API,br_knowbe4_enrollments,TASK_COMPLETE,SUCCESS,INFO,94658,94658,0,,2026-09-02T09:05:33.929Z,2026-09-02T09:11:50.401Z,374,2026-09-02T09:11:50.401Z,,,2e7158b0-60a2-4762-badb-302e487561ad,
202609011044470336,202609011044470336,20260901104440,37,152,KnowBe4 Enrollments API,br_knowbe4_enrollments,TASK_COMPLETE,SUCCESS,INFO,94654,94654,0,,2026-09-01T10:44:54.371Z,2026-09-01T10:51:28.227Z,391,2026-09-01T10:51:28.227Z,,,325d4691-3681-440b-925e-1a15934da332,
202609010818316346,202609010818316345,20260901032447,37,152,KnowBe4 Enrollments API,br_knowbe4_enrollments,TASK_COMPLETE,SUCCESS,INFO,94654,94654,0,,2026-09-01T08:18:37.439Z,2026-09-01T08:25:07.048Z,387,2026-09-01T08:25:07.048Z,,,c7e29124-1e94-4997-8246-3c48b4268ad3,
202608292059198243,202608291904534413,202608291904534406,86,5726,Silver INV,sl_AdmissionAssessmentDimensionSix,TASK_COMPLETE,SUCCESS,INFO,50819,50819,0,,2026-08-29T19:04:49.126Z,2026-08-29T20:59:21.833Z,6872,2026-08-29T20:59:21.833Z,,,dd7385f2-fbd4-41a4-afcd-7296aca5e198,
202609012120317945,202609011903772012,202609011903772005,86,5726,Silver INV,sl_AdmissionAssessmentDimensionSix,TASK_COMPLETE,SUCCESS,INFO,50921,50921,0,,2026-09-01T19:04:17.664Z,2026-09-01T21:20:34.963Z,8177,2026-09-01T21:20:34.963Z,,,0e5f68b5-5669-4bb1-91ce-4b967b620e7d,
202609040607333998,202609040607333998,20260904060200,1,15,UKG Employment Details API,br_EmploymentDetails,TASK_COMPLETE,SUCCESS,INFO,4504,4504,0,,2026-09-04T06:07:40.505Z,2026-09-04T06:07:59.314Z,17,2026-09-04T06:07:59.314Z,,,d460889e-8832-4fc7-827e-e27003a5b114,
202609030955322978,202609030955322977,20260903095139,2,20,Silver UKG Employment Details,EmploymentDetails,TASK_COMPLETE,SUCCESS,INFO,4500,4500,0,,2026-09-03T09:55:38.628Z,2026-09-03T09:56:03.679Z,22,2026-09-03T09:56:03.679Z,,,530f48fa-89c6-4a87-9867-195a73ec044d,
202609010924552353,202609010924552353,20260901092023,1,15,UKG Employment Details API,br_EmploymentDetails,TASK_COMPLETE,SUCCESS,INFO,4489,4489,0,,2026-09-01T09:25:00.705Z,2026-09-01T09:25:19.630Z,17,2026-09-01T09:25:19.630Z,,,c46e47f1-7e0c-46c6-93e3-7d17cbc17d55,
202609030925079479,202609030925079479,20260903092013,1,15,UKG Employment Details API,br_EmploymentDetails,TASK_COMPLETE,SUCCESS,INFO,4500,4500,0,,2026-09-03T09:25:14.511Z,2026-09-03T09:25:34.033Z,17,2026-09-03T09:25:34.033Z,,,26f8b062-6777-48e7-8814-d84ed71c9ad6,
202609010929338605,202609010929338605,20260901092721,2,20,Silver UKG Employment Details,EmploymentDetails,TASK_COMPLETE,SUCCESS,INFO,4489,4489,0,,2026-09-01T09:29:38.318Z,2026-09-01T09:30:03.407Z,23,2026-09-01T09:30:03.407Z,,,c46e47f1-7e0c-46c6-93e3-7d17cbc17d55,
202609010954064053,202609010954064053,20260901095008,2,20,Silver UKG Employment Details,EmploymentDetails,TASK_COMPLETE,SUCCESS,INFO,4489,4489,0,,2026-09-01T09:54:10.826Z,2026-09-01T09:54:34.971Z,22,2026-09-01T09:54:34.971Z,,,29dcaaf1-2b1e-4c19-b23c-1ba74b3b8d3d,
202609041934034927,202609041904319421,202609041904319417,86,5723,Silver INV,sl_AdmissionAssessmentDimensionThree,TASK_COMPLETE,SUCCESS,INFO,0,0,0,,2026-09-04T19:04:30.706Z,2026-09-04T19:34:06.114Z,1776,2026-09-04T19:34:06.114Z,,,b1302ebd-57a3-42bd-9029-9a66dda6727d,
202609030754235315,202609030754235315,20260903075113,4,13677,8x8 Call Detail Legs Bronze,br_8x8_CallDetailLegs,TASK_COMPLETE,SUCCESS,INFO,27802,27802,0,,2026-09-03T07:54:29.124Z,2026-09-03T07:55:14.064Z,43,2026-09-03T07:55:14.064Z,,,1066d6e5-305c-4662-a3fb-18d67007,
202609031214214926,202609031145501704,202609031145501700,86,5723,Silver INV,sl_AdmissionAssessmentDimensionThree,TASK_COMPLETE,SUCCESS,INFO,0,0,0,,2026-09-03T11:45:45.517Z,2026-09-03T12:14:25.348Z,1720,2026-09-03T12:14:25.348Z,,,8e54a6a2-7031-4831-b2c0-8c5ea7811246,
202609061931017278,202609061904381253,202609061904381249,86,5723,Silver INV,sl_AdmissionAssessmentDimensionThree,TASK_COMPLETE,SUCCESS,INFO,0,0,0,,2026-09-06T19:04:34.627Z,2026-09-06T19:31:03.849Z,1589,2026-09-06T19:31:03.849Z,,,5cce37fd-5f38-41c5-90e1-d9efeb3bd245,
202609041615082958,202609041543473979,202609041543473975,86,5723,Silver INV,sl_AdmissionAssessmentDimensionThree,TASK_COMPLETE,SUCCESS,INFO,0,0,0,,2026-09-04T15:43:48.314Z,2026-09-04T16:15:10.849Z,1882,2026-09-04T16:15:10.849Z,,,66e9e433-72b0-4c30-b0ea-7611d9608923,
202609051931511158,202609051904209221,202609051904209217,86,5723,Silver INV,sl_AdmissionAssessmentDimensionThree,TASK_COMPLETE,SUCCESS,INFO,0,0,0,,2026-09-05T19:04:18.404Z,2026-09-05T19:31:53.528Z,1655,2026-09-05T19:31:53.528Z,,,a7cfa2a8-4e03-4cce-a64e-9a92e6e67f12,
202609022032200684,202609021926396232,202609021926396228,86,5723,Silver INV,sl_AdmissionAssessmentDimensionThree,TASK_COMPLETE,SUCCESS,INFO,0,0,0,,2026-09-02T19:26:44.280Z,2026-09-02T20:32:22.857Z,3938,2026-09-02T20:32:22.857Z,,,aa9f49a8-9ff8-4a6e-a263-7617045dadde,
202609031402596801,202609031332701330,202609031332701326,86,5723,Silver INV,sl_AdmissionAssessmentDimensionThree,TASK_COMPLETE,SUCCESS,INFO,0,0,0,,2026-09-03T13:33:12.351Z,2026-09-03T14:03:09.613Z,1797,2026-09-03T14:03:09.613Z,,,ef652adf-cab1-42cd-a0bf-1cd03c8c16e7,
202609041735311984,202609041706373948,202609041706373944,86,5723,Silver INV,sl_AdmissionAssessmentDimensionThree,TASK_COMPLETE,SUCCESS,INFO,0,0,0,,2026-09-04T17:06:35.444Z,2026-09-04T17:35:34.034Z,1739,2026-09-04T17:35:34.034Z,,,5652dc3b-8824-4606-a16d-f373dc1d2ada,
202609071931510888,202609071904736234,202609071904736230,86,5723,Silver INV,sl_AdmissionAssessmentDimensionThree,TASK_COMPLETE,SUCCESS,INFO,0,0,0,,2026-09-07T19:05:10.929Z,2026-09-07T19:31:53.979Z,1603,2026-09-07T19:31:53.979Z,,,fc48ec9c-d1b8-4775-bd67-583e82846e52,
202609030654456329,202609030654456329,20260903065411,141,13751,Paycor WorkEmail Issues Report,paycoremailissues,TASK_SUCCESS,SUCCESS,INFO,0,0,0,,2026-09-03T06:54:45.632Z,2026-09-03T06:55:08.869Z,23,2026-09-03T06:55:08.869Z,,,e509dc85-8900-4f7a-939b-cd9669a98c45,
202609041619149747,202609041619149747,20260904161800,83,209,Silver Salesforce Record Types,sl_sf_recordtype,TASK_COMPLETE,SUCCESS,INFO,21,21,0,,2026-09-04T16:19:20.453Z,2026-09-04T16:19:41.954Z,19,2026-09-04T16:19:41.954Z,,,7a604b07-1e27-4ff8-bd86-1860fd5608a2,
202609022032200685,202609021926396233,202609021926396228,86,5724,Silver INV,sl_AdmissionAssessmentDimensionFour,TASK_COMPLETE,SUCCESS,INFO,0,0,0,,2026-09-02T19:26:44.280Z,2026-09-02T20:32:22.857Z,3938,2026-09-02T20:32:22.857Z,,,aa9f49a8-9ff8-4a6e-a263-7617045dadde,
202609031134123283,202609031134123283,202609031127339423,82,6806,Salesforce Outbound Texts,br_sf_outboundtexts,TASK_COMPLETE,SUCCESS,INFO,163,163,0,,2026-09-03T11:34:19.052Z,2026-09-03T11:34:37.523Z,16,2026-09-03T11:34:37.523Z,,,b5204bb1-5640-4c52-9143-fe923aba5573,
202609041419001372,202609041419001372,202609041411364710,82,6806,Salesforce Outbound Texts,br_sf_outboundtexts,TASK_COMPLETE,SUCCESS,INFO,208,208,0,,2026-09-04T14:19:08.065Z,2026-09-04T14:19:25.546Z,15,2026-09-04T14:19:25.546Z,,,9d7b1c7e-8065-427d-99c7-89e3c8306b1f,
202609041325485527,202609041325485527,202609041317366179,82,6806,Salesforce Outbound Texts,br_sf_outboundtexts,TASK_COMPLETE,SUCCESS,INFO,202,202,0,,2026-09-04T13:25:55.104Z,2026-09-04T13:26:19.214Z,22,2026-09-04T13:26:19.214Z,,,bd9b2318-654e-4f3d-b09e-bcdf6b219232,
202609041735311985,202609041706373949,202609041706373944,86,5724,Silver INV,sl_AdmissionAssessmentDimensionFour,TASK_COMPLETE,SUCCESS,INFO,0,0,0,,2026-09-04T17:06:35.444Z,2026-09-04T17:35:34.034Z,1739,2026-09-04T17:35:34.034Z,,,5652dc3b-8824-4606-a16d-f373dc1d2ada,
202609021137157504,202609021137157503,202609021132414060,82,6806,Salesforce Outbound Texts,br_sf_outboundtexts,TASK_COMPLETE,SUCCESS,INFO,232,232,0,,2026-09-02T11:37:20.872Z,2026-09-02T11:37:41.070Z,18,2026-09-02T11:37:41.070Z,,,0b5a27da-5d48-4ed3-a9f4-1a7052a3fcea,
202609041202251823,202609041202251823,202609041151367402,82,6806,Salesforce Outbound Texts,br_sf_outboundtexts,TASK_COMPLETE,SUCCESS,INFO,198,198,0,,2026-09-04T12:02:37.124Z,2026-09-04T12:03:03.957Z,24,2026-09-04T12:03:03.957Z,,,6ab129c1-fb62-4518-bfad-8f6d8d29c3ca,
202609061931017279,202609061904381254,202609061904381249,86,5724,Silver INV,sl_AdmissionAssessmentDimensionFour,TASK_COMPLETE,SUCCESS,INFO,0,0,0,,2026-09-06T19:04:34.627Z,2026-09-06T19:31:03.849Z,1589,2026-09-06T19:31:03.849Z,,,5cce37fd-5f38-41c5-90e1-d9efeb3bd245,
202609051931511159,202609051904209222,202609051904209217,86,5724,Silver INV,sl_AdmissionAssessmentDimensionFour,TASK_COMPLETE,SUCCESS,INFO,0,0,0,,2026-09-05T19:04:18.404Z,2026-09-05T19:31:53.528Z,1655,2026-09-05T19:31:53.528Z,,,a7cfa2a8-4e03-4cce-a64e-9a92e6e67f12,
202609041615082959,202609041543473980,202609041543473975,86,5724,Silver INV,sl_AdmissionAssessmentDimensionFour,TASK_COMPLETE,SUCCESS,INFO,0,0,0,,2026-09-04T15:43:48.314Z,2026-09-04T16:15:10.849Z,1882,2026-09-04T16:15:10.849Z,,,66e9e433-72b0-4c30-b0ea-7611d9608923,
202609071931510889,202609071904736235,202609071904736230,86,5724,Silver INV,sl_AdmissionAssessmentDimensionFour,TASK_COMPLETE,SUCCESS,INFO,0,0,0,,2026-09-07T19:05:10.929Z,2026-09-07T19:31:53.979Z,1603,2026-09-07T19:31:53.979Z,,,fc48ec9c-d1b8-4775-bd67-583e82846e52,
202609031214214928,202609031145501705,202609031145501700,86,5724,Silver INV,sl_AdmissionAssessmentDimensionFour,TASK_COMPLETE,SUCCESS,INFO,0,0,0,,2026-09-03T11:45:45.517Z,2026-09-03T12:14:25.348Z,1720,2026-09-03T12:14:25.348Z,,,8e54a6a2-7031-4831-b2c0-8c5ea7811246,
202609030804209918,202609030804209918,20260903080209,5,13678,8x8 Call Detail Legs Silver,sl_8x8_calldetaillegs,TASK_COMPLETE,SUCCESS,INFO,27802,0,0,,2026-09-03T08:04:25.956Z,2026-09-03T08:04:48.754Z,20,2026-09-03T08:04:48.754Z,,,1066d6e5-305c-4662-a3fb-18d67007,
202609030746551112,202609030746551112,20260903074343,4,13677,8x8 Call Detail Legs Bronze,br_8x8_CallDetailLegs,TASK_COMPLETE,SUCCESS,INFO,27802,0,0,,2026-09-03T07:47:00.865Z,2026-09-03T07:47:50.212Z,47,2026-09-03T07:47:50.212Z,,,1066d6e5-305c-4662-a3fb-18d67007,
202609030733577003,202609030733577003,20260903073021,4,13677,8x8 Call Detail Legs Bronze,br_8x8_CallDetailLegs,TASK_COMPLETE,SUCCESS,INFO,27802,0,0,,2026-09-03T07:34:03.259Z,2026-09-03T07:34:45.641Z,40,2026-09-03T07:34:45.641Z,,,1066d6e5-305c-4662-a3fb-18d67007,
202609081116064936,202609081116064935,20260908111550,117,8627,Gold Patient Services,PatientServicesNoShow,TASK_COMPLETE,SUCCESS,INFO,56561145,56561145,0,,2026-09-08T11:16:06.493Z,2026-09-08T11:25:15.294Z,548,2026-09-08T11:25:15.294Z,,,c851451b-db0c-409e-be91-8291abef3872,
202609041337093903,202609041337093902,202607161857431812,83,215,Silver Salesforce Outreach Events,sl_sf_events,TASK_COMPLETE,SUCCESS,INFO,1,1,0,,2026-09-04T13:37:14.980Z,2026-09-04T13:37:34.344Z,17,2026-09-04T13:37:34.344Z,,,bd9b2318-654e-4f3d-b09e-bcdf6b219232,
202609041430222972,202609041430222972,202609041424498841,83,215,Silver Salesforce Outreach Events,sl_sf_events,TASK_COMPLETE,SUCCESS,INFO,1,1,0,,2026-09-04T14:30:33.680Z,2026-09-04T14:31:34.808Z,41,2026-09-04T14:31:34.808Z,,,9d7b1c7e-8065-427d-99c7-89e3c8306b1f,
202609041213290383,202609041213290382,202608150818522823,83,215,Silver Salesforce Outreach Events,sl_sf_events,TASK_COMPLETE,SUCCESS,INFO,1,1,0,,2026-09-04T12:13:37.009Z,2026-09-04T12:14:18.670Z,39,2026-09-04T12:14:18.670Z,,,6ab129c1-fb62-4518-bfad-8f6d8d29c3ca,
202609040502392407,202609040502392407,20260904050230,137,13743,Gold CallBackList,tbl_callcenter_callbacklist,TASK_COMPLETE,SUCCESS,INFO,183,183,0,,2026-09-04T05:02:44.218Z,2026-09-04T05:03:04.409Z,18,2026-09-04T05:03:04.409Z,,,adf2b18f-e17c-4bcf-8911-7ab755997527,
202609040809589845,202609040809589844,20260904080952,137,13743,Gold CallBackList,tbl_callcenter_callbacklist,TASK_COMPLETE,SUCCESS,INFO,263,263,0,,2026-09-04T08:10:04.894Z,2026-09-04T08:10:57.637Z,50,2026-09-04T08:10:57.637Z,,,0149d2e2-407e-43d2-9524-079a665d6c9a,
202609041024395611,202609041024395611,20260904085843,137,13743,Gold CallBackList,tbl_callcenter_callbacklist,TASK_COMPLETE,SUCCESS,INFO,263,263,0,,2026-09-04T10:24:47.296Z,2026-09-04T10:26:05.533Z,76,2026-09-04T10:26:05.533Z,,,ed8b9765-c547-4373-9ec0-3b2a53aee49e,
202609020517119064,202609020517119064,20260902051704,137,13743,Gold CallBackList,tbl_callcenter_callbacklist,TASK_COMPLETE,SUCCESS,INFO,102,102,0,,2026-09-02T05:17:20.642Z,2026-09-02T05:17:54.934Z,32,2026-09-02T05:17:54.934Z,,,26b335d6-f11c-41b2-ae31-e73c17de8489,
202609040728240481,202609040728240481,20260904072811,137,13743,Gold CallBackList,tbl_callcenter_callbacklist,TASK_COMPLETE,SUCCESS,INFO,263,263,0,,2026-09-04T07:28:31.774Z,2026-09-04T07:29:06.624Z,32,2026-09-04T07:29:06.624Z,,,722942c7-46ba-4f9d-905b-23ebf29af444,
202608281300091492,202608281256176750,20260828125614,102,13670,Gold QQ_GLTRAN,QQgltran,TASK_COMPLETE,SUCCESS,INFO,14430305,14410321,0,,2026-08-28T12:56:26.663Z,2026-08-28T13:00:10.574Z,215,2026-08-28T13:00:10.574Z,"","",40ea0c42-ff24-4d7b-9f66-580dbb474a44,DRD
202608310546391966,202608310543280318,20260831054326,102,13670,Gold QQ_GLTRAN,QQgltran,TASK_COMPLETE,SUCCESS,INFO,14432042,14412058,0,,2026-08-31T05:43:37.284Z,2026-08-31T05:46:41.541Z,175,2026-08-31T05:46:41.541Z,"","",9256b474-7b69-4c66-a79f-19b103abc4c0,DRD
202608281110427930,202608281107329195,20260828110730,102,13670,Gold QQ_GLTRAN,QQgltran,TASK_COMPLETE,SUCCESS,INFO,14430305,14410321,0,,2026-08-28T11:07:43.738Z,2026-08-28T11:10:44.622Z,173,2026-08-28T11:10:44.622Z,"","",5f5824ef-55ad-442d-8665-a73e613ea2bc,DRD
202609022032200688,202609021926396235,202609021926396228,86,5726,Silver INV,sl_AdmissionAssessmentDimensionSix,TASK_COMPLETE,SUCCESS,INFO,0,0,0,,2026-09-02T19:26:44.280Z,2026-09-02T20:32:22.857Z,3938,2026-09-02T20:32:22.857Z,,,aa9f49a8-9ff8-4a6e-a263-7617045dadde,
202609061931017277,202609061904381252,202609061904381249,86,5722,Silver INV,sl_AdmissionAssessmentDimensionTwo,TASK_COMPLETE,SUCCESS,INFO,0,0,0,,2026-09-06T19:04:34.627Z,2026-09-06T19:31:03.849Z,1589,2026-09-06T19:31:03.849Z,,,5cce37fd-5f38-41c5-90e1-d9efeb3bd245,
202609041735311988,202609041706373951,202609041706373944,86,5726,Silver INV,sl_AdmissionAssessmentDimensionSix,TASK_COMPLETE,SUCCESS,INFO,0,0,0,,2026-09-04T17:06:35.444Z,2026-09-04T17:35:34.034Z,1739,2026-09-04T17:35:34.034Z,,,5652dc3b-8824-4606-a16d-f373dc1d2ada,
202609041934034931,202609041904319424,202609041904319417,86,5726,Silver INV,sl_AdmissionAssessmentDimensionSix,TASK_COMPLETE,SUCCESS,INFO,0,0,0,,2026-09-04T19:04:30.706Z,2026-09-04T19:34:06.114Z,1776,2026-09-04T19:34:06.114Z,,,b1302ebd-57a3-42bd-9029-9a66dda6727d,
202609031214214925,202609031145501703,202609031145501700,86,5722,Silver INV,sl_AdmissionAssessmentDimensionTwo,TASK_COMPLETE,SUCCESS,INFO,0,0,0,,2026-09-03T11:45:45.517Z,2026-09-03T12:14:25.348Z,1720,2026-09-03T12:14:25.348Z,,,8e54a6a2-7031-4831-b2c0-8c5ea7811246,
202609041735311983,202609041706373947,202609041706373944,86,5722,Silver INV,sl_AdmissionAssessmentDimensionTwo,TASK_COMPLETE,SUCCESS,INFO,0,0,0,,2026-09-04T17:06:35.444Z,2026-09-04T17:35:34.034Z,1739,2026-09-04T17:35:34.034Z,,,5652dc3b-8824-4606-a16d-f373dc1d2ada,
202609071931510891,202609071904736237,202609071904736230,86,5726,Silver INV,sl_AdmissionAssessmentDimensionSix,TASK_COMPLETE,SUCCESS,INFO,0,0,0,,2026-09-07T19:05:10.929Z,2026-09-07T19:31:53.979Z,1603,2026-09-07T19:31:53.979Z,,,fc48ec9c-d1b8-4775-bd67-583e82846e52,
202609041615082961,202609041543473982,202609041543473975,86,5726,Silver INV,sl_AdmissionAssessmentDimensionSix,TASK_COMPLETE,SUCCESS,INFO,0,0,0,,2026-09-04T15:43:48.314Z,2026-09-04T16:15:10.849Z,1882,2026-09-04T16:15:10.849Z,,,66e9e433-72b0-4c30-b0ea-7611d9608923,
202609061931017281,202609061904381256,202609061904381249,86,5726,Silver INV,sl_AdmissionAssessmentDimensionSix,TASK_COMPLETE,SUCCESS,INFO,0,0,0,,2026-09-06T19:04:34.627Z,2026-09-06T19:31:03.849Z,1589,2026-09-06T19:31:03.849Z,,,5cce37fd-5f38-41c5-90e1-d9efeb3bd245,
202609022032200683,202609021926396231,202609021926396228,86,5722,Silver INV,sl_AdmissionAssessmentDimensionTwo,TASK_COMPLETE,SUCCESS,INFO,0,0,0,,2026-09-02T19:26:44.280Z,2026-09-02T20:32:22.857Z,3938,2026-09-02T20:32:22.857Z,,,aa9f49a8-9ff8-4a6e-a263-7617045dadde,
202609031214214930,202609031145501707,202609031145501700,86,5726,Silver INV,sl_AdmissionAssessmentDimensionSix,TASK_COMPLETE,SUCCESS,INFO,0,0,0,,2026-09-03T11:45:45.517Z,2026-09-03T12:14:25.348Z,1720,2026-09-03T12:14:25.348Z,,,8e54a6a2-7031-4831-b2c0-8c5ea7811246,
202609041615082956,202609041543473978,202609041543473975,86,5722,Silver INV,sl_AdmissionAssessmentDimensionTwo,TASK_COMPLETE,SUCCESS,INFO,0,0,0,,2026-09-04T15:43:48.314Z,2026-09-04T16:15:10.849Z,1882,2026-09-04T16:15:10.849Z,,,66e9e433-72b0-4c30-b0ea-7611d9608923,
202609071931510886,202609071904736233,202609071904736230,86,5722,Silver INV,sl_AdmissionAssessmentDimensionTwo,TASK_COMPLETE,SUCCESS,INFO,0,0,0,,2026-09-07T19:05:10.929Z,2026-09-07T19:31:53.979Z,1603,2026-09-07T19:31:53.979Z,,,fc48ec9c-d1b8-4775-bd67-583e82846e52,
202609051931511161,202609051904209224,202609051904209217,86,5726,Silver INV,sl_AdmissionAssessmentDimensionSix,TASK_COMPLETE,SUCCESS,INFO,0,0,0,,2026-09-05T19:04:18.404Z,2026-09-05T19:31:53.528Z,1655,2026-09-05T19:31:53.528Z,,,a7cfa2a8-4e03-4cce-a64e-9a92e6e67f12,
202609051931511157,202609051904209220,202609051904209217,86,5722,Silver INV,sl_AdmissionAssessmentDimensionTwo,TASK_COMPLETE,SUCCESS,INFO,0,0,0,,2026-09-05T19:04:18.404Z,2026-09-05T19:31:53.528Z,1655,2026-09-05T19:31:53.528Z,,,a7cfa2a8-4e03-4cce-a64e-9a92e6e67f12,
202609031402596805,202609031332701333,202609031332701326,86,5726,Silver INV,sl_AdmissionAssessmentDimensionSix,TASK_COMPLETE,SUCCESS,INFO,0,0,0,,2026-09-03T13:33:12.351Z,2026-09-03T14:03:09.613Z,1797,2026-09-03T14:03:09.613Z,,,ef652adf-cab1-42cd-a0bf-1cd03c8c16e7,
202609041611557128,202609041611557128,20260904160439,82,6806,Salesforce Outbound Texts,br_sf_outboundtexts,TASK_COMPLETE,SUCCESS,INFO,222,222,0,,2026-09-04T16:12:03.374Z,2026-09-04T16:12:23.750Z,18,2026-09-04T16:12:23.750Z,,,7a604b07-1e27-4ff8-bd86-1860fd5608a2,
202609041623076475,202609041623076475,20260904161800,83,215,Silver Salesforce Outreach Events,sl_sf_events,TASK_COMPLETE,SUCCESS,INFO,1,1,0,,2026-09-04T16:23:13.071Z,2026-09-04T16:23:32.139Z,17,2026-09-04T16:23:32.139Z,,,7a604b07-1e27-4ff8-bd86-1860fd5608a2,
202609030655490918,202609030655490918,20260903065411,141,13752,Termed Employees 90d Report,termedemployees90d,TASK_SUCCESS,SUCCESS,INFO,0,0,0,,2026-09-03T06:55:49.091Z,2026-09-03T06:56:19.332Z,30,2026-09-03T06:56:19.332Z,,,e509dc85-8900-4f7a-939b-cd9669a98c45,
202609031143416973,202609031143416973,20260903114054,133,13716,CollectionRates_v4 Silver,sl_collectionrates,TASK_COMPLETE,SUCCESS,INFO,1,1327,0,,2026-09-03T11:43:46.481Z,2026-09-03T11:44:41.372Z,53,2026-09-03T11:44:41.372Z,,,1426a45f-7ba5-45f5-b808-280584111092,
202608311214464819,202608311214464818,20260831121208,133,13716,CollectionRates_v4 Silver,sl_collectionrates,TASK_COMPLETE,SUCCESS,INFO,1,1330,0,,2026-08-31T12:14:50.765Z,2026-08-31T12:15:43.349Z,51,2026-08-31T12:15:43.349Z,,,73ab084e-6be8-4233-a81c-8f049414a380,
202608311546345970,202608311546345969,20260831154625,39,154,Gold KnowBe4 Enrollments,KnowBe4Enrollments,TASK_COMPLETE,SUCCESS,INFO,94614,94614,0,,2026-08-31T15:46:41.147Z,2026-08-31T15:47:56.686Z,70,2026-08-31T15:47:56.686Z,,,a710157a-9874-439e-a5c5-b1f8550e13aa,
202609010529168981,202609010503373342,202609010503373335,47,9524,P1 Finance 3P Eligibility Silver,tbl_3pElig,TASK_COMPLETE,SUCCESS,INFO,89,0,0,,2026-09-01T05:03:56.880Z,2026-09-01T05:29:18.945Z,1522,2026-09-01T05:29:18.945Z,,,75a93e02-eb8a-4b20-981c-b48401997d72,
202609041934034939,202609041904319431,202609041904319417,86,5733,Silver INV,sl_ReAssessmentPhysicalHealth,TASK_COMPLETE,SUCCESS,INFO,78871,78871,0,,2026-09-04T19:04:30.706Z,2026-09-04T19:34:06.114Z,1776,2026-09-04T19:34:06.114Z,,,b1302ebd-57a3-42bd-9029-9a66dda6727d,
202609041934034940,202609041904319432,202609041904319417,86,5734,Silver INV,sl_ReAssessmentSocial,TASK_COMPLETE,SUCCESS,INFO,0,0,0,,2026-09-04T19:04:30.706Z,2026-09-04T19:34:06.114Z,1776,2026-09-04T19:34:06.114Z,,,b1302ebd-57a3-42bd-9029-9a66dda6727d,
202609012024049231,202609012024049231,20260901202139,135,13739,Salesforce Callback List Case,br_sf_case_cl,TASK_COMPLETE,SUCCESS,INFO,116,116,0,,2026-09-01T20:24:11.489Z,2026-09-01T20:24:31.258Z,18,2026-09-01T20:24:31.258Z,,,ab5acaf7-1ed7-4eac-85dd-5de9db0e1a11,
202608310547103813,202608310547103813,20260831054430,135,13740,Salesforce Callback List User,br_sf_user_cl,TASK_COMPLETE,SUCCESS,INFO,474,474,0,,2026-08-31T05:47:15.985Z,2026-08-31T05:47:36.891Z,19,2026-08-31T05:47:36.891Z,,,6bc047e9-8b5b-4d85-a364-b2d6e542e315,
202608310629531199,202608310629531198,20260831055942,135,13740,Salesforce Callback List User,br_sf_user_cl,TASK_COMPLETE,SUCCESS,INFO,474,474,0,,2026-08-31T06:29:58.923Z,2026-08-31T06:30:58.008Z,57,2026-08-31T06:30:58.008Z,,,a7cd751e-6e5d-4276-9b13-7268f73d8177,
202608310135300516,202608310135300515,20260831013215,135,13740,Salesforce Callback List User,br_sf_user_cl,TASK_COMPLETE,SUCCESS,INFO,474,474,0,,2026-08-31T01:35:40.418Z,2026-08-31T01:36:02.405Z,19,2026-08-31T01:36:02.405Z,,,61276f30-3167-4997-b3de-acb280a085cf,
202608310653274426,202608310653274426,20260831065039,135,13740,Salesforce Callback List User,br_sf_user_cl,TASK_COMPLETE,SUCCESS,INFO,474,474,0,,2026-08-31T06:53:35.205Z,2026-08-31T06:53:52.874Z,16,2026-08-31T06:53:52.874Z,,,4729d4a5-d6b5-4b39-bbc8-d700a19c5eac,
202608301933124153,202608301933124152,20260830193043,135,13740,Salesforce Callback List User,br_sf_user_cl,TASK_COMPLETE,SUCCESS,INFO,474,474,0,,2026-08-30T19:33:17.800Z,2026-08-30T19:33:33.599Z,14,2026-08-30T19:33:33.599Z,,,e80a0bdf-4652-4e92-9468-284478a96962,
202608310400016232,202608310400016231,20260831035706,135,13740,Salesforce Callback List User,br_sf_user_cl,TASK_COMPLETE,SUCCESS,INFO,474,474,0,,2026-08-31T04:00:35.517Z,2026-08-31T04:01:16.861Z,29,2026-08-31T04:01:16.861Z,,,6bc047e9-8b5b-4d85-a364-b2d6e542e315,
202608310830051745,202608310830051745,20260831082729,135,13740,Salesforce Callback List User,br_sf_user_cl,TASK_COMPLETE,SUCCESS,INFO,474,474,0,,2026-08-31T08:30:11.330Z,2026-08-31T08:30:33.473Z,17,2026-08-31T08:30:33.473Z,,,65e89789-39d8-4e46-be47-bcdfcc997be4,
202608310154322537,202608310154322537,20260831015135,135,13740,Salesforce Callback List User,br_sf_user_cl,TASK_COMPLETE,SUCCESS,INFO,474,474,0,,2026-08-31T01:54:38.538Z,2026-08-31T01:54:56.537Z,16,2026-08-31T01:54:56.537Z,,,1114170a-bcf7-4d18-af4f-d9742f2fa1ce,
202609020511084277,202609020511084276,20260902050830,135,13739,Salesforce Callback List Case,br_sf_case_cl,TASK_COMPLETE,SUCCESS,INFO,110,110,0,,2026-09-02T05:11:14.892Z,2026-09-02T05:11:37.087Z,19,2026-09-02T05:11:37.087Z,,,26b335d6-f11c-41b2-ae31-e73c17de8489,
202609040723160201,202609040723160200,20260904072028,135,13740,Salesforce Callback List User,br_sf_user_cl,TASK_COMPLETE,SUCCESS,INFO,476,476,0,,2026-09-04T07:23:22.819Z,2026-09-04T07:23:42.541Z,18,2026-09-04T07:23:42.541Z,,,722942c7-46ba-4f9d-905b-23ebf29af444,
202609040803150108,202609040803150108,20260904075911,135,13740,Salesforce Callback List User,br_sf_user_cl,TASK_COMPLETE,SUCCESS,INFO,476,476,0,,2026-09-04T08:03:28.784Z,2026-09-04T08:03:54.942Z,22,2026-09-04T08:03:54.942Z,,,0149d2e2-407e-43d2-9524-079a665d6c9a,
202609020511574254,202609020511574254,20260902050830,135,13740,Salesforce Callback List User,br_sf_user_cl,TASK_COMPLETE,SUCCESS,INFO,474,474,0,,2026-09-02T05:12:06.000Z,2026-09-02T05:12:29.109Z,20,2026-09-02T05:12:29.109Z,,,26b335d6-f11c-41b2-ae31-e73c17de8489,
202609040457593983,202609040457593982,20260904045518,135,13740,Salesforce Callback List User,br_sf_user_cl,TASK_COMPLETE,SUCCESS,INFO,476,476,0,,2026-09-04T04:58:05.654Z,2026-09-04T04:58:26.473Z,19,2026-09-04T04:58:26.473Z,,,adf2b18f-e17c-4bcf-8911-7ab755997527,
202608310521553726,202608310521553726,20260831051938,135,13740,Salesforce Callback List User,br_sf_user_cl,TASK_COMPLETE,SUCCESS,INFO,474,474,0,,2026-08-31T05:22:00.647Z,2026-08-31T05:22:21.296Z,17,2026-08-31T05:22:21.296Z,,,6bc047e9-8b5b-4d85-a364-b2d6e542e315,
202609012024352711,202609012024352710,20260901202139,135,13740,Salesforce Callback List User,br_sf_user_cl,TASK_COMPLETE,SUCCESS,INFO,474,474,0,,2026-09-01T20:24:42.633Z,2026-09-01T20:25:03.358Z,19,2026-09-01T20:25:03.358Z,,,ab5acaf7-1ed7-4eac-85dd-5de9db0e1a11,
202609041019161331,202609041019161330,20260904085233,135,13740,Salesforce Callback List User,br_sf_user_cl,TASK_COMPLETE,SUCCESS,INFO,476,476,0,,2026-09-04T10:19:21.218Z,2026-09-04T10:19:40.134Z,17,2026-09-04T10:19:40.134Z,,,ed8b9765-c547-4373-9ec0-3b2a53aee49e,
202609040854522258,202609040854522257,20260904085233,135,13739,Salesforce Callback List Case,br_sf_case_cl,TASK_COMPLETE,SUCCESS,INFO,90,90,0,,2026-09-04T08:54:58.871Z,2026-09-04T08:55:25.529Z,24,2026-09-04T08:55:25.529Z,,,7501b0da-7d11-4d30-821d-f187e882cb70,
202609040802127926,202609040802127926,20260904075911,135,13739,Salesforce Callback List Case,br_sf_case_cl,TASK_COMPLETE,SUCCESS,INFO,90,90,0,,2026-09-04T08:02:25.811Z,2026-09-04T08:03:11.076Z,43,2026-09-04T08:03:11.076Z,,,0149d2e2-407e-43d2-9524-079a665d6c9a,
202609040722438142,202609040722438141,20260904072028,135,13739,Salesforce Callback List Case,br_sf_case_cl,TASK_COMPLETE,SUCCESS,INFO,90,90,0,,2026-09-04T07:22:50.497Z,2026-09-04T07:23:11.954Z,19,2026-09-04T07:23:11.954Z,,,722942c7-46ba-4f9d-905b-23ebf29af444,
202609040457298953,202609040457298952,20260904045518,135,13739,Salesforce Callback List Case,br_sf_case_cl,TASK_COMPLETE,SUCCESS,INFO,92,92,0,,2026-09-04T04:57:36.588Z,2026-09-04T04:57:55.576Z,17,2026-09-04T04:57:55.576Z,,,adf2b18f-e17c-4bcf-8911-7ab755997527,
202609031933414699,202609031933414699,20260903193334,128,13682,Gold Overdue Courses,LearningReportsOverdue,TASK_SUCCESS,SUCCESS,INFO,2565,2565,0,,2026-09-03T19:33:41.469Z,2026-09-03T19:34:09.871Z,28,2026-09-03T19:34:09.871Z,,,a5570b6d-ab4f-492f-a0f3-019ba8a0989c,
202609031919133714,202609031919133714,20260903191909,128,13682,Gold Overdue Courses,LearningReportsOverdue,TASK_SUCCESS,SUCCESS,INFO,2565,2565,0,,2026-09-03T19:19:13.371Z,2026-09-03T19:19:48.604Z,35,2026-09-03T19:19:48.604Z,,,e43a8f33-1096-489d-9499-bf0c83753e23,
202609021140272769,202609021140272769,20260902103545,128,13682,Gold Overdue Courses,LearningReportsOverdue,TASK_SUCCESS,SUCCESS,INFO,2565,2565,0,,2026-09-02T11:40:27.276Z,2026-09-02T11:40:58.734Z,31,2026-09-02T11:40:58.734Z,,,3950b43b-427e-45ed-bc2d-f59ee8f737dd,
202609021034118265,202609021034118265,20260902103408,128,13682,Gold Overdue Courses,LearningReportsOverdue,TASK_SUCCESS,SUCCESS,INFO,2565,2565,0,,2026-09-02T10:34:11.826Z,2026-09-02T10:34:36.783Z,24,2026-09-02T10:34:36.783Z,,,fae6f27e-61f7-4550-97cb-ae854acd3594,
202609031824226709,202609031824226709,20260903182417,128,13682,Gold Overdue Courses,LearningReportsOverdue,TASK_SUCCESS,SUCCESS,INFO,2565,2565,0,,2026-09-03T18:24:22.670Z,2026-09-03T18:25:04.902Z,42,2026-09-03T18:25:04.902Z,,,5360e0f0-1b6e-453c-963d-303c626d47b0,
202609041332102814,202609041332102813,202607161857431812,83,208,Silver Salesforce Accounts,sl_sf_accounts,TASK_COMPLETE,SUCCESS,INFO,13557,13557,0,,2026-09-04T13:32:16.111Z,2026-09-04T13:32:47.821Z,28,2026-09-04T13:32:47.821Z,,,bd9b2318-654e-4f3d-b09e-bcdf6b219232,
202609031139468261,202609031139468261,202608171018106132,83,208,Silver Salesforce Accounts,sl_sf_accounts,TASK_COMPLETE,SUCCESS,INFO,13553,13553,0,,2026-09-03T11:39:52.227Z,2026-09-03T11:40:22.061Z,26,2026-09-03T11:40:22.061Z,,,b5204bb1-5640-4c52-9143-fe923aba5573,
202609021141397685,202609021141397683,202608201136586561,83,208,Silver Salesforce Accounts,sl_sf_accounts,TASK_COMPLETE,SUCCESS,INFO,13552,13552,0,,2026-09-02T11:41:44.879Z,2026-09-02T11:42:14.405Z,27,2026-09-02T11:42:14.405Z,,,0b5a27da-5d48-4ed3-a9f4-1a7052a3fcea,
202608310359233600,202608310359233599,20260831035706,135,13739,Salesforce Callback List Case,br_sf_case_cl,TASK_COMPLETE,SUCCESS,INFO,2,2,0,,2026-08-31T03:59:31.651Z,2026-08-31T03:59:57.516Z,20,2026-08-31T03:59:57.516Z,,,6bc047e9-8b5b-4d85-a364-b2d6e542e315,
202608310154031833,202608310154031833,20260831015135,135,13739,Salesforce Callback List Case,br_sf_case_cl,TASK_COMPLETE,SUCCESS,INFO,2,2,0,,2026-08-31T01:54:09.090Z,2026-08-31T01:54:28.525Z,17,2026-08-31T01:54:28.525Z,,,1114170a-bcf7-4d18-af4f-d9742f2fa1ce,
202608301932460132,202608301932460131,20260830193043,135,13739,Salesforce Callback List Case,br_sf_case_cl,TASK_COMPLETE,SUCCESS,INFO,2,2,0,,2026-08-30T19:32:51.971Z,2026-08-30T19:33:09.010Z,15,2026-08-30T19:33:09.010Z,,,e80a0bdf-4652-4e92-9468-284478a96962,
202609041428496481,202609041428496480,202609041424498841,83,213,Silver Salesforce Contacts,sl_sf_contacts,TASK_COMPLETE,SUCCESS,INFO,43411,43411,0,,2026-09-04T14:28:58.064Z,2026-09-04T14:29:28.786Z,29,2026-09-04T14:29:28.786Z,,,9d7b1c7e-8065-427d-99c7-89e3c8306b1f,
202608310134491717,202608310134491717,20260831013215,135,13739,Salesforce Callback List Case,br_sf_case_cl,TASK_COMPLETE,SUCCESS,INFO,2,2,0,,2026-08-31T01:35:03.074Z,2026-08-31T01:35:26.189Z,21,2026-08-31T01:35:26.189Z,,,61276f30-3167-4997-b3de-acb280a085cf,
202609041425147752,202609041425147752,202609041424498841,83,208,Silver Salesforce Accounts,sl_sf_accounts,TASK_COMPLETE,SUCCESS,INFO,13557,13557,0,,2026-09-04T14:25:23.181Z,2026-09-04T14:26:00.753Z,34,2026-09-04T14:26:00.753Z,,,9d7b1c7e-8065-427d-99c7-89e3c8306b1f,
202609041335414033,202609041335414033,202607161857431812,83,213,Silver Salesforce Contacts,sl_sf_contacts,TASK_COMPLETE,SUCCESS,INFO,43395,43395,0,,2026-09-04T13:35:46.627Z,2026-09-04T13:36:18.328Z,30,2026-09-04T13:36:18.328Z,,,bd9b2318-654e-4f3d-b09e-bcdf6b219232,
202609012120317946,202609011903772013,202609011903772005,86,5727,Silver INV,sl_AdmissionAssessmentSummary,TASK_COMPLETE,SUCCESS,INFO,53894,53894,0,,2026-09-01T19:04:17.664Z,2026-09-01T21:20:34.963Z,8177,2026-09-01T21:20:34.963Z,,,0e5f68b5-5669-4bb1-91ce-4b967b620e7d,
202608310346420626,202608310346420625,20260831034154,133,13720,2021 Daily Census v6 Silver,sl_dailycensus,TASK_COMPLETE,SUCCESS,INFO,1,3271,0,,2026-08-31T03:46:54.063Z,2026-08-31T03:47:57.979Z,59,2026-08-31T03:47:57.979Z,,,c3e41f3e-c233-4445-a786-d0d98a8613bd,
202609041735311996,202609041706373958,202609041706373944,86,5733,Silver INV,sl_ReAssessmentPhysicalHealth,TASK_COMPLETE,SUCCESS,INFO,78871,78871,0,,2026-09-04T17:06:35.444Z,2026-09-04T17:35:34.034Z,1739,2026-09-04T17:35:34.034Z,,,5652dc3b-8824-4606-a16d-f373dc1d2ada,
202608310749381201,202608310749381200,20260831074924,133,13720,2021 Daily Census v6 Silver,sl_dailycensus,TASK_COMPLETE,SUCCESS,INFO,1,3271,0,,2026-08-31T07:49:42.813Z,2026-08-31T07:51:19.399Z,93,2026-08-31T07:51:19.399Z,,,0b4961d6-2cb3-40f0-b779-fb7af0beef8c,
202608292059198245,202608291904534414,202608291904534406,86,5727,Silver INV,sl_AdmissionAssessmentSummary,TASK_COMPLETE,SUCCESS,INFO,53791,53791,0,,2026-08-29T19:04:49.126Z,2026-08-29T20:59:21.833Z,6872,2026-08-29T20:59:21.833Z,,,dd7385f2-fbd4-41a4-afcd-7296aca5e198,
202609011557570603,202609011557570603,20260901155748,81,228,Absolute Gold Inventory,Absolute_Inventory,TASK_COMPLETE,SUCCESS,INFO,1866,1866,0,,2026-09-01T15:58:01.802Z,2026-09-01T15:58:24.801Z,21,2026-09-01T15:58:24.801Z,,,b44694a1-5977-4c4f-ba31-2eb4c7cf57f2,
202608311013467186,202608311013467185,20260831101337,133,13720,2021 Daily Census v6 Silver,sl_dailycensus,TASK_COMPLETE,SUCCESS,INFO,1,3271,0,,2026-08-31T10:13:50.985Z,2026-08-31T10:15:00.967Z,65,2026-08-31T10:15:00.967Z,,,570ed360-6755-403a-934d-8def39d2304e,
202608310957161977,202608310957161977,20260831095704,133,13720,2021 Daily Census v6 Silver,sl_dailycensus,TASK_COMPLETE,SUCCESS,INFO,1,3271,0,,2026-08-31T09:57:20.955Z,2026-08-31T09:58:59.112Z,95,2026-08-31T09:58:59.112Z,,,015058a2-4b17-4d2e-897e-f307d8a475b8,
202609051931511170,202609051904209231,202609051904209217,86,5733,Silver INV,sl_ReAssessmentPhysicalHealth,TASK_COMPLETE,SUCCESS,INFO,78871,78871,0,,2026-09-05T19:04:18.404Z,2026-09-05T19:31:53.528Z,1655,2026-09-05T19:31:53.528Z,,,a7cfa2a8-4e03-4cce-a64e-9a92e6e67f12,
202609011200197752,202609011200197751,20260901120014,81,228,Absolute Gold Inventory,Absolute_Inventory,TASK_COMPLETE,SUCCESS,INFO,1866,1866,0,,2026-09-01T12:00:29.603Z,2026-09-01T12:00:54.545Z,23,2026-09-01T12:00:54.545Z,,,0034eda5-0d9e-4094-9a3a-54d6e7d0dc65,
202609032059384193,202609031904201119,202609031904201105,86,5733,Silver INV,sl_ReAssessmentPhysicalHealth,TASK_COMPLETE,SUCCESS,INFO,78871,78871,0,,2026-09-03T19:04:17.619Z,2026-09-03T20:59:41.557Z,6924,2026-09-03T20:59:41.557Z,,,48b34b87-69c2-467d-a88c-67aac910c539,
202609041615082969,202609041543473989,202609041543473975,86,5733,Silver INV,sl_ReAssessmentPhysicalHealth,TASK_COMPLETE,SUCCESS,INFO,78871,78871,0,,2026-09-04T15:43:48.314Z,2026-09-04T16:15:10.849Z,1882,2026-09-04T16:15:10.849Z,,,66e9e433-72b0-4c30-b0ea-7611d9608923,
202609020631206778,202609020631206778,20260902063114,81,228,Absolute Gold Inventory,Absolute_Inventory,TASK_COMPLETE,SUCCESS,INFO,1868,1868,0,,2026-09-02T06:31:25.705Z,2026-09-02T06:31:47.826Z,20,2026-09-02T06:31:47.826Z,,,626b70ca-41f2-40a1-87f3-bef3aa422ad8,
202608302110100145,202608301904270799,202608301904270791,86,5727,Silver INV,sl_AdmissionAssessmentSummary,TASK_COMPLETE,SUCCESS,INFO,53791,53791,0,,2026-08-30T19:04:27.050Z,2026-08-30T21:10:12.061Z,7545,2026-08-30T21:10:12.061Z,,,ba679216-ee2b-4344-afb9-134290faf502,
202608310607026780,202608310607026780,20260831060206,133,13720,2021 Daily Census v6 Silver,sl_dailycensus,TASK_COMPLETE,SUCCESS,INFO,1,3271,0,,2026-08-31T06:07:08.195Z,2026-08-31T06:08:10.344Z,60,2026-08-31T06:08:10.344Z,,,1de5cf99-6b82-4338-b3fe-396114f7957f,
202608312122263106,202608311905752244,202608311905752236,86,5727,Silver INV,sl_AdmissionAssessmentSummary,TASK_COMPLETE,SUCCESS,INFO,53846,53846,0,,2026-08-31T19:06:18.658Z,2026-08-31T21:22:29.754Z,8171,2026-08-31T21:22:29.754Z,,,79f5b39e-d314-4ad3-8050-3ace553d67de,
202608312122263113,202608311905752250,202608311905752236,86,5733,Silver INV,sl_ReAssessmentPhysicalHealth,TASK_COMPLETE,SUCCESS,INFO,78871,78871,0,,2026-08-31T19:06:18.658Z,2026-08-31T21:22:29.754Z,8171,2026-08-31T21:22:29.754Z,,,79f5b39e-d314-4ad3-8050-3ace553d67de,
202609012120317953,202609011903772019,202609011903772005,86,5733,Silver INV,sl_ReAssessmentPhysicalHealth,TASK_COMPLETE,SUCCESS,INFO,78871,78871,0,,2026-09-01T19:04:17.664Z,2026-09-01T21:20:34.963Z,8177,2026-09-01T21:20:34.963Z,,,0e5f68b5-5669-4bb1-91ce-4b967b620e7d,
202609071931510899,202609071904736244,202609071904736230,86,5733,Silver INV,sl_ReAssessmentPhysicalHealth,TASK_COMPLETE,SUCCESS,INFO,78871,78871,0,,2026-09-07T19:05:10.929Z,2026-09-07T19:31:53.979Z,1603,2026-09-07T19:31:53.979Z,,,fc48ec9c-d1b8-4775-bd67-583e82846e52,
202609032059384186,202609031904201113,202609031904201105,86,5727,Silver INV,sl_AdmissionAssessmentSummary,TASK_COMPLETE,SUCCESS,INFO,53987,53987,0,,2026-09-03T19:04:17.619Z,2026-09-03T20:59:41.557Z,6924,2026-09-03T20:59:41.557Z,,,48b34b87-69c2-467d-a88c-67aac910c539,
202609011544050055,202609011544050054,20260901154358,81,228,Absolute Gold Inventory,Absolute_Inventory,TASK_COMPLETE,SUCCESS,INFO,1866,1866,0,,2026-09-01T15:44:10.925Z,2026-09-01T15:44:41.307Z,28,2026-09-01T15:44:41.307Z,,,250e2d2e-9477-49d4-a4fd-4463274c368a,
202608302110100152,202608301904270805,202608301904270791,86,5733,Silver INV,sl_ReAssessmentPhysicalHealth,TASK_COMPLETE,SUCCESS,INFO,78871,78871,0,,2026-08-30T19:04:27.050Z,2026-08-30T21:10:12.061Z,7545,2026-08-30T21:10:12.061Z,,,ba679216-ee2b-4344-afb9-134290faf502,
202608310918239165,202608310918239165,20260831083741,133,13720,2021 Daily Census v6 Silver,sl_dailycensus,TASK_COMPLETE,SUCCESS,INFO,1,3271,0,,2026-08-31T09:18:29.136Z,2026-08-31T09:19:35.536Z,63,2026-08-31T09:19:35.536Z,,,7cf15fc7-3164-41db-9237-c95ff39a8c98,
202609061931017289,202609061904381263,202609061904381249,86,5733,Silver INV,sl_ReAssessmentPhysicalHealth,TASK_COMPLETE,SUCCESS,INFO,78871,78871,0,,2026-09-06T19:04:34.627Z,2026-09-06T19:31:03.849Z,1589,2026-09-06T19:31:03.849Z,,,5cce37fd-5f38-41c5-90e1-d9efeb3bd245,
202609010741085513,202609010741085513,20260901074102,81,228,Absolute Gold Inventory,Absolute_Inventory,TASK_COMPLETE,SUCCESS,INFO,1866,1866,0,,2026-09-01T07:41:14.147Z,2026-09-01T07:41:39.314Z,23,2026-09-01T07:41:39.314Z,,,029655eb-31ca-4ea0-a1fe-c5fb4d7f3669,
202609022129506804,202609021903306083,202609021903306075,86,5727,Silver INV,sl_AdmissionAssessmentSummary,TASK_COMPLETE,SUCCESS,INFO,53949,53949,0,,2026-09-02T19:03:39.838Z,2026-09-02T21:29:53.061Z,8774,2026-09-02T21:29:53.061Z,,,c49685cc-3281-44bc-a1c2-3be5b1110999,
202609022129506811,202609021903306089,202609021903306075,86,5733,Silver INV,sl_ReAssessmentPhysicalHealth,TASK_COMPLETE,SUCCESS,INFO,78871,78871,0,,2026-09-02T19:03:39.838Z,2026-09-02T21:29:53.061Z,8774,2026-09-02T21:29:53.061Z,,,c49685cc-3281-44bc-a1c2-3be5b1110999,
202608292059198252,202608291904534420,202608291904534406,86,5733,Silver INV,sl_ReAssessmentPhysicalHealth,TASK_COMPLETE,SUCCESS,INFO,78871,78871,0,,2026-08-29T19:04:49.126Z,2026-08-29T20:59:21.833Z,6872,2026-08-29T20:59:21.833Z,,,dd7385f2-fbd4-41a4-afcd-7296aca5e198,
202609020901279739,202609020901279739,20260902090122,81,228,Absolute Gold Inventory,Absolute_Inventory,TASK_COMPLETE,SUCCESS,INFO,1868,1868,0,,2026-09-02T09:01:32.943Z,2026-09-02T09:01:55.014Z,20,2026-09-02T09:01:55.014Z,,,a41487d3-825d-466d-8054-29503c4fdfc8,
202608311219142615,202608311219142615,20260831121208,133,13720,2021 Daily Census v6 Silver,sl_dailycensus,TASK_COMPLETE,SUCCESS,INFO,1,3271,0,,2026-08-31T12:19:18.388Z,2026-08-31T12:19:57.199Z,37,2026-08-31T12:19:57.199Z,,,73ab084e-6be8-4233-a81c-8f049414a380,
202608311026226790,202608311026226790,20260831102558,133,13720,2021 Daily Census v6 Silver,sl_dailycensus,TASK_COMPLETE,SUCCESS,INFO,1,3271,0,,2026-08-31T10:26:26.923Z,2026-08-31T10:28:09.010Z,99,2026-08-31T10:28:09.010Z,,,c53fd170-5a06-4556-ac6d-ed783acaee0b,
202609021737299755,202609021737299755,202608201136586561,83,213,Silver Salesforce Contacts,sl_sf_contacts,TASK_COMPLETE,SUCCESS,INFO,1495,1495,0,,2026-09-02T17:37:35.200Z,2026-09-02T17:38:05.033Z,27,2026-09-02T17:38:05.033Z,,,0d5be434-3f1a-4f4b-ae90-f0c48a55ec54,
202609010656219329,202609010656219329,20260901064704,132,13709,Auth Elig Trend Elig Gold,CurrentDayPayElig,TASK_SUCCESS,SUCCESS,INFO,10,10,0,,2026-09-01T06:56:21.932Z,2026-09-01T06:56:40.291Z,18,2026-09-01T06:56:40.291Z,,,f386ddbf-c5af-4242-bf29-5f60b1e71ecf,
202609010655499781,202609010655499781,20260901064704,132,13708,Auth Elig Trend Auth Gold,CurrentDayPayAuth,TASK_SUCCESS,SUCCESS,INFO,10,10,0,,2026-09-01T06:55:49.978Z,2026-09-01T06:56:13.327Z,23,2026-09-01T06:56:13.327Z,,,f386ddbf-c5af-4242-bf29-5f60b1e71ecf,
202609041621410691,202609041621410690,20260904161800,83,213,Silver Salesforce Contacts,sl_sf_contacts,TASK_COMPLETE,SUCCESS,INFO,43472,43472,0,,2026-09-04T16:21:46.623Z,2026-09-04T16:22:20.626Z,32,2026-09-04T16:22:20.626Z,,,7a604b07-1e27-4ff8-bd86-1860fd5608a2,
202609041618214131,202609041618214131,20260904161800,83,208,Silver Salesforce Accounts,sl_sf_accounts,TASK_COMPLETE,SUCCESS,INFO,13562,13562,0,,2026-09-04T16:18:26.966Z,2026-09-04T16:19:04.172Z,33,2026-09-04T16:19:04.172Z,,,7a604b07-1e27-4ff8-bd86-1860fd5608a2,
202608300932077882,202608300932077882,20260830092444,132,13708,Auth Elig Trend Auth Gold,CurrentDayPayAuth,TASK_SUCCESS,SUCCESS,INFO,8,8,0,,2026-08-30T09:32:07.788Z,2026-08-30T09:32:32.535Z,24,2026-08-30T09:32:32.535Z,,,d0826a4c-ff98-435d-adfd-e339a02d1b06,
202608300932384563,202608300932384563,20260830092444,132,13709,Auth Elig Trend Elig Gold,CurrentDayPayElig,TASK_SUCCESS,SUCCESS,INFO,8,8,0,,2026-08-30T09:32:38.456Z,2026-08-30T09:32:57.177Z,18,2026-08-30T09:32:57.177Z,,,d0826a4c-ff98-435d-adfd-e339a02d1b06,
202608300821144393,202608300821144393,20260830081340,132,13708,Auth Elig Trend Auth Gold,CurrentDayPayAuth,TASK_SUCCESS,SUCCESS,INFO,8,8,0,,2026-08-30T08:21:14.439Z,2026-08-30T08:21:34.964Z,20,2026-08-30T08:21:34.964Z,,,8cf8f378-16db-4eda-8552-9c6ae683939d,
202608300821416438,202608300821416438,20260830081340,132,13709,Auth Elig Trend Elig Gold,CurrentDayPayElig,TASK_SUCCESS,SUCCESS,INFO,8,8,0,,2026-08-30T08:21:41.643Z,2026-08-30T08:21:58.167Z,16,2026-08-30T08:21:58.167Z,,,8cf8f378-16db-4eda-8552-9c6ae683939d,
202608281212352241,202608281212352241,20260828120423,132,13709,Auth Elig Trend Elig Gold,CurrentDayPayElig,TASK_SUCCESS,SUCCESS,INFO,6,6,0,,2026-08-28T12:12:35.224Z,2026-08-28T12:12:59.358Z,24,2026-08-28T12:12:59.358Z,,,e752845a-2a63-48ca-b4ef-ba7a68ece0b6,
202608281212061987,202608281212061987,20260828120423,132,13708,Auth Elig Trend Auth Gold,CurrentDayPayAuth,TASK_SUCCESS,SUCCESS,INFO,6,6,0,,2026-08-28T12:12:06.198Z,2026-08-28T12:12:28.102Z,21,2026-08-28T12:12:28.102Z,,,e752845a-2a63-48ca-b4ef-ba7a68ece0b6,
202609030922445647,202609030922445647,20260903092013,1,4,UKG Clock Transaction API,br_HourRegister,TASK_COMPLETE,SUCCESS,INFO,110273,110273,0,,2026-09-03T09:22:50.583Z,2026-09-03T09:23:55.143Z,62,2026-09-03T09:23:55.143Z,,,26f8b062-6777-48e7-8814-d84ed71c9ad6,
202609040605007885,202609040605007885,20260904060200,1,4,UKG Clock Transaction API,br_HourRegister,TASK_COMPLETE,SUCCESS,INFO,110273,110273,0,,2026-09-04T06:05:07.868Z,2026-09-04T06:06:21.156Z,71,2026-09-04T06:06:21.156Z,,,d460889e-8832-4fc7-827e-e27003a5b114,
202609010945408561,202609010945408561,20260901092023,1,4,UKG Clock Transaction API,br_HourRegister,TASK_COMPLETE,SUCCESS,INFO,110272,110272,0,,2026-09-01T09:45:45.155Z,2026-09-01T09:47:20.640Z,94,2026-09-01T09:47:20.640Z,,,29dcaaf1-2b1e-4c19-b23c-1ba74b3b8d3d,
202609031402596806,202609031332701334,202609031332701326,86,5727,Silver INV,sl_AdmissionAssessmentSummary,TASK_COMPLETE,SUCCESS,INFO,0,0,0,,2026-09-03T13:33:12.351Z,2026-09-03T14:03:09.613Z,1797,2026-09-03T14:03:09.613Z,,,ef652adf-cab1-42cd-a0bf-1cd03c8c16e7,
202609031402596807,202609031332701335,202609031332701326,86,5728,Silver INV,sl_ReAssessment,TASK_COMPLETE,SUCCESS,INFO,79593,79593,0,,2026-09-03T13:33:12.351Z,2026-09-03T14:03:09.613Z,1797,2026-09-03T14:03:09.613Z,,,ef652adf-cab1-42cd-a0bf-1cd03c8c16e7,
202608310344220139,202608310344220138,20260831034154,133,13714,3rd Party Duplicates Silver,sl_duplicates,TASK_COMPLETE,SUCCESS,INFO,1,3015,0,,2026-08-31T03:44:27.256Z,2026-08-31T03:44:59.213Z,30,2026-08-31T03:44:59.213Z,,,c3e41f3e-c233-4445-a786-d0d98a8613bd,
202609031142568432,202609031142568432,20260903114054,133,13714,3rd Party Duplicates Silver,sl_duplicates,TASK_COMPLETE,SUCCESS,INFO,1,3015,0,,2026-09-03T11:43:01.863Z,2026-09-03T11:43:28.236Z,24,2026-09-03T11:43:28.236Z,,,1426a45f-7ba5-45f5-b808-280584111092,
202608311214048446,202608311214048446,20260831121208,133,13714,3rd Party Duplicates Silver,sl_duplicates,TASK_COMPLETE,SUCCESS,INFO,1,3015,0,,2026-08-31T12:14:09.018Z,2026-08-31T12:14:32.597Z,22,2026-08-31T12:14:32.597Z,,,73ab084e-6be8-4233-a81c-8f049414a380,
202609031402596814,202609031332701340,202609031332701326,86,5733,Silver INV,sl_ReAssessmentPhysicalHealth,TASK_COMPLETE,SUCCESS,INFO,0,0,0,,2026-09-03T13:33:12.351Z,2026-09-03T14:03:09.613Z,1797,2026-09-03T14:03:09.613Z,,,ef652adf-cab1-42cd-a0bf-1cd03c8c16e7,
202609031402596815,202609031332701341,202609031332701326,86,5734,Silver INV,sl_ReAssessmentSocial,TASK_COMPLETE,SUCCESS,INFO,0,0,0,,2026-09-03T13:33:12.351Z,2026-09-03T14:03:09.613Z,1797,2026-09-03T14:03:09.613Z,,,ef652adf-cab1-42cd-a0bf-1cd03c8c16e7,
202609041735311989,202609041706373952,202609041706373944,86,5727,Silver INV,sl_AdmissionAssessmentSummary,TASK_COMPLETE,SUCCESS,INFO,0,0,0,,2026-09-04T17:06:35.444Z,2026-09-04T17:35:34.034Z,1739,2026-09-04T17:35:34.034Z,,,5652dc3b-8824-4606-a16d-f373dc1d2ada,
202609051931511163,202609051904209225,202609051904209217,86,5727,Silver INV,sl_AdmissionAssessmentSummary,TASK_COMPLETE,SUCCESS,INFO,0,0,0,,2026-09-05T19:04:18.404Z,2026-09-05T19:31:53.528Z,1655,2026-09-05T19:31:53.528Z,,,a7cfa2a8-4e03-4cce-a64e-9a92e6e67f12,
202609022032200689,202609021926396236,202609021926396228,86,5727,Silver INV,sl_AdmissionAssessmentSummary,TASK_COMPLETE,SUCCESS,INFO,0,0,0,,2026-09-02T19:26:44.280Z,2026-09-02T20:32:22.857Z,3938,2026-09-02T20:32:22.857Z,,,aa9f49a8-9ff8-4a6e-a263-7617045dadde,
202609022032200696,202609021926396242,202609021926396228,86,5733,Silver INV,sl_ReAssessmentPhysicalHealth,TASK_COMPLETE,SUCCESS,INFO,0,0,0,,2026-09-02T19:26:44.280Z,2026-09-02T20:32:22.857Z,3938,2026-09-02T20:32:22.857Z,,,aa9f49a8-9ff8-4a6e-a263-7617045dadde,
202609031214214937,202609031145501714,202609031145501700,86,5733,Silver INV,sl_ReAssessmentPhysicalHealth,TASK_COMPLETE,SUCCESS,INFO,0,0,0,,2026-09-03T11:45:45.517Z,2026-09-03T12:14:25.348Z,1720,2026-09-03T12:14:25.348Z,,,8e54a6a2-7031-4831-b2c0-8c5ea7811246,
202609061931017282,202609061904381257,202609061904381249,86,5727,Silver INV,sl_AdmissionAssessmentSummary,TASK_COMPLETE,SUCCESS,INFO,0,0,0,,2026-09-06T19:04:34.627Z,2026-09-06T19:31:03.849Z,1589,2026-09-06T19:31:03.849Z,,,5cce37fd-5f38-41c5-90e1-d9efeb3bd245,
202609071931510892,202609071904736238,202609071904736230,86,5727,Silver INV,sl_AdmissionAssessmentSummary,TASK_COMPLETE,SUCCESS,INFO,0,0,0,,2026-09-07T19:05:10.929Z,2026-09-07T19:31:53.979Z,1603,2026-09-07T19:31:53.979Z,,,fc48ec9c-d1b8-4775-bd67-583e82846e52,
202609031214214931,202609031145501708,202609031145501700,86,5727,Silver INV,sl_AdmissionAssessmentSummary,TASK_COMPLETE,SUCCESS,INFO,0,0,0,,2026-09-03T11:45:45.517Z,2026-09-03T12:14:25.348Z,1720,2026-09-03T12:14:25.348Z,,,8e54a6a2-7031-4831-b2c0-8c5ea7811246,
202609041615082962,202609041543473983,202609041543473975,86,5727,Silver INV,sl_AdmissionAssessmentSummary,TASK_COMPLETE,SUCCESS,INFO,0,0,0,,2026-09-04T15:43:48.314Z,2026-09-04T16:15:10.849Z,1882,2026-09-04T16:15:10.849Z,,,66e9e433-72b0-4c30-b0ea-7611d9608923,
202609012120317955,202609011903772021,202609011903772005,86,5735,Silver INV,sl_ReAssessmentSubstanceUse,TASK_COMPLETE,SUCCESS,INFO,79713,79713,0,,2026-09-01T19:04:17.664Z,2026-09-01T21:20:34.963Z,8177,2026-09-01T21:20:34.963Z,,,0e5f68b5-5669-4bb1-91ce-4b967b620e7d,
202609032059384192,202609031904201118,202609031904201105,86,5732,Silver INV,sl_ReAssessmentOccupational,TASK_COMPLETE,SUCCESS,INFO,78554,78554,0,,2026-09-03T19:04:17.619Z,2026-09-03T20:59:41.557Z,6924,2026-09-03T20:59:41.557Z,,,48b34b87-69c2-467d-a88c-67aac910c539,
202609032059384196,202609031904201121,202609031904201105,86,5735,Silver INV,sl_ReAssessmentSubstanceUse,TASK_COMPLETE,SUCCESS,INFO,79713,79713,0,,2026-09-03T19:04:17.619Z,2026-09-03T20:59:41.557Z,6924,2026-09-03T20:59:41.557Z,,,48b34b87-69c2-467d-a88c-67aac910c539,
202609012120317950,202609011903772017,202609011903772005,86,5731,Silver INV,sl_ReAssessmentMentalHealth,TASK_COMPLETE,SUCCESS,INFO,78733,78733,0,,2026-09-01T19:04:17.664Z,2026-09-01T21:20:34.963Z,8177,2026-09-01T21:20:34.963Z,,,0e5f68b5-5669-4bb1-91ce-4b967b620e7d,
202608291426563732,202608291411458117,202608291411458116,139,13747,Silver Orders CDC,sl_Orders,TASK_COMPLETE,SUCCESS,INFO,315,201,0,,2026-08-29T14:11:47.756Z,2026-08-29T14:27:02.914Z,915,2026-08-29T14:27:02.914Z,,Global,551cb7cb-a268-4bd7-90d9-8e186f18f04b,
202608292059198250,202608291904534418,202608291904534406,86,5731,Silver INV,sl_ReAssessmentMentalHealth,TASK_COMPLETE,SUCCESS,INFO,78733,78733,0,,2026-08-29T19:04:49.126Z,2026-08-29T20:59:21.833Z,6872,2026-08-29T20:59:21.833Z,,,dd7385f2-fbd4-41a4-afcd-7296aca5e198,
202608292059198254,202608291904534422,202608291904534406,86,5735,Silver INV,sl_ReAssessmentSubstanceUse,TASK_COMPLETE,SUCCESS,INFO,79713,79713,0,,2026-08-29T19:04:49.126Z,2026-08-29T20:59:21.833Z,6872,2026-08-29T20:59:21.833Z,,,dd7385f2-fbd4-41a4-afcd-7296aca5e198,
202608292059198251,202608291904534419,202608291904534406,86,5732,Silver INV,sl_ReAssessmentOccupational,TASK_COMPLETE,SUCCESS,INFO,78554,78554,0,,2026-08-29T19:04:49.126Z,2026-08-29T20:59:21.833Z,6872,2026-08-29T20:59:21.833Z,,,dd7385f2-fbd4-41a4-afcd-7296aca5e198,
202609022129506813,202609021903306091,202609021903306075,86,5735,Silver INV,sl_ReAssessmentSubstanceUse,TASK_COMPLETE,SUCCESS,INFO,79713,79713,0,,2026-09-02T19:03:39.838Z,2026-09-02T21:29:53.061Z,8774,2026-09-02T21:29:53.061Z,,,c49685cc-3281-44bc-a1c2-3be5b1110999,
202609041318412841,202609041318412840,202609041317366179,82,201,Salesforce Record Types,br_sf_recordtype,TASK_COMPLETE,SUCCESS,INFO,21,21,0,,2026-09-04T13:18:49.266Z,2026-09-04T13:19:10.247Z,19,2026-09-04T13:19:10.247Z,,,bd9b2318-654e-4f3d-b09e-bcdf6b219232,
202609022129506809,202609021903306087,202609021903306075,86,5731,Silver INV,sl_ReAssessmentMentalHealth,TASK_COMPLETE,SUCCESS,INFO,78733,78733,0,,2026-09-02T19:03:39.838Z,2026-09-02T21:29:53.061Z,8774,2026-09-02T21:29:53.061Z,,,c49685cc-3281-44bc-a1c2-3be5b1110999,
202609032059384191,202609031904201117,202609031904201105,86,5731,Silver INV,sl_ReAssessmentMentalHealth,TASK_COMPLETE,SUCCESS,INFO,78733,78733,0,,2026-09-03T19:04:17.619Z,2026-09-03T20:59:41.557Z,6924,2026-09-03T20:59:41.557Z,,,48b34b87-69c2-467d-a88c-67aac910c539,
202608302110100149,202608301904270803,202608301904270791,86,5731,Silver INV,sl_ReAssessmentMentalHealth,TASK_COMPLETE,SUCCESS,INFO,78733,78733,0,,2026-08-30T19:04:27.050Z,2026-08-30T21:10:12.061Z,7545,2026-08-30T21:10:12.061Z,,,ba679216-ee2b-4344-afb9-134290faf502,
202609022129506810,202609021903306088,202609021903306075,86,5732,Silver INV,sl_ReAssessmentOccupational,TASK_COMPLETE,SUCCESS,INFO,78554,78554,0,,2026-09-02T19:03:39.838Z,2026-09-02T21:29:53.061Z,8774,2026-09-02T21:29:53.061Z,,,c49685cc-3281-44bc-a1c2-3be5b1110999,
202609021133446185,202609021133446185,202609021132414060,82,201,Salesforce Record Types,br_sf_recordtype,TASK_COMPLETE,SUCCESS,INFO,21,21,0,,2026-09-02T11:33:50.856Z,2026-09-02T11:34:10.729Z,18,2026-09-02T11:34:10.729Z,,,0b5a27da-5d48-4ed3-a9f4-1a7052a3fcea,
202608281048371621,202608281048371621,202607161844309699,82,201,Salesforce Record Types,br_sf_recordtype,TASK_COMPLETE,SUCCESS,INFO,21,21,0,,2026-08-28T10:48:41.747Z,2026-08-28T10:49:13.550Z,30,2026-08-28T10:49:13.550Z,,,2b16353c-bcd4-48d1-8db2-5f7768416428,
202608302110100154,202608301904270807,202608301904270791,86,5735,Silver INV,sl_ReAssessmentSubstanceUse,TASK_COMPLETE,SUCCESS,INFO,79713,79713,0,,2026-08-30T19:04:27.050Z,2026-08-30T21:10:12.061Z,7545,2026-08-30T21:10:12.061Z,,,ba679216-ee2b-4344-afb9-134290faf502,
202608302110100151,202608301904270804,202608301904270791,86,5732,Silver INV,sl_ReAssessmentOccupational,TASK_COMPLETE,SUCCESS,INFO,78554,78554,0,,2026-08-30T19:04:27.050Z,2026-08-30T21:10:12.061Z,7545,2026-08-30T21:10:12.061Z,,,ba679216-ee2b-4344-afb9-134290faf502,
202609041413048661,202609041413048660,202609041411364710,82,201,Salesforce Record Types,br_sf_recordtype,TASK_COMPLETE,SUCCESS,INFO,21,21,0,,2026-09-04T14:13:11.835Z,2026-09-04T14:13:33.440Z,19,2026-09-04T14:13:33.440Z,,,9d7b1c7e-8065-427d-99c7-89e3c8306b1f,
202609031128557504,202609031128557503,202609031127339423,82,201,Salesforce Record Types,br_sf_recordtype,TASK_COMPLETE,SUCCESS,INFO,21,21,0,,2026-09-03T11:29:03.760Z,2026-09-03T11:29:27.811Z,22,2026-09-03T11:29:27.811Z,,,b5204bb1-5640-4c52-9143-fe923aba5573,
202608310335184343,202608310319385377,202608310319385376,139,13747,Silver Orders CDC,sl_Orders,TASK_COMPLETE,SUCCESS,INFO,320,206,0,,2026-08-31T03:19:41.317Z,2026-08-31T03:35:20.875Z,939,2026-08-31T03:35:20.875Z,,Global,a6a1b08e-82df-4f99-a849-8253f3b4c81f,
202608312122263112,202608311905752249,202608311905752236,86,5732,Silver INV,sl_ReAssessmentOccupational,TASK_COMPLETE,SUCCESS,INFO,78554,78554,0,,2026-08-31T19:06:18.658Z,2026-08-31T21:22:29.754Z,8171,2026-08-31T21:22:29.754Z,,,79f5b39e-d314-4ad3-8050-3ace553d67de,
202609012120317952,202609011903772018,202609011903772005,86,5732,Silver INV,sl_ReAssessmentOccupational,TASK_COMPLETE,SUCCESS,INFO,78554,78554,0,,2026-09-01T19:04:17.664Z,2026-09-01T21:20:34.963Z,8177,2026-09-01T21:20:34.963Z,,,0e5f68b5-5669-4bb1-91ce-4b967b620e7d,
202608312122263116,202608311905752252,202608311905752236,86,5735,Silver INV,sl_ReAssessmentSubstanceUse,TASK_COMPLETE,SUCCESS,INFO,79713,79713,0,,2026-08-31T19:06:18.658Z,2026-08-31T21:22:29.754Z,8171,2026-08-31T21:22:29.754Z,,,79f5b39e-d314-4ad3-8050-3ace553d67de,
202609041153237553,202609041153237553,202609041151367402,82,201,Salesforce Record Types,br_sf_recordtype,TASK_COMPLETE,SUCCESS,INFO,21,21,0,,2026-09-04T11:53:30.853Z,2026-09-04T11:53:59.995Z,27,2026-09-04T11:53:59.995Z,,,6ab129c1-fb62-4518-bfad-8f6d8d29c3ca,
202608312122263111,202608311905752248,202608311905752236,86,5731,Silver INV,sl_ReAssessmentMentalHealth,TASK_COMPLETE,SUCCESS,INFO,78733,78733,0,,2026-08-31T19:06:18.658Z,2026-08-31T21:22:29.754Z,8171,2026-08-31T21:22:29.754Z,,,79f5b39e-d314-4ad3-8050-3ace553d67de,
202609031158322756,202609031158322755,20260903115613,134,13717,CollectionRates_v4 Gold,CollectionRates,TASK_COMPLETE,SUCCESS,INFO,1327,1327,0,,2026-09-03T11:58:36.940Z,2026-09-03T11:59:02.068Z,23,2026-09-03T11:59:02.068Z,,,1426a45f-7ba5-45f5-b808-280584111092,
202608311228013566,202608311228013566,20260831092127,134,13717,CollectionRates_v4 Gold,CollectionRates,TASK_COMPLETE,SUCCESS,INFO,1330,1330,0,,2026-08-31T12:28:06.386Z,2026-08-31T12:28:36.851Z,28,2026-08-31T12:28:36.851Z,,,73ab084e-6be8-4233-a81c-8f049414a380,
202608311703586012,202608311703586012,20260831170349,105,6814,Gold Active Directory AADUsers,AADUsers,TASK_COMPLETE,SUCCESS,INFO,2087,2016,0,,2026-08-31T17:04:07.109Z,2026-08-31T17:06:04.763Z,92,2026-08-31T17:06:04.763Z,,,2fa2e214-5583-4fca-8b7c-32713bbeec6c,
202609010529168987,202609010503373347,202609010503373335,47,10114,P1 Finance Diag10 Silver,tbl_tbldiag10,TASK_COMPLETE,SUCCESS,INFO,231,231,0,,2026-09-01T05:03:56.880Z,2026-09-01T05:29:18.945Z,1522,2026-09-01T05:29:18.945Z,,,75a93e02-eb8a-4b20-981c-b48401997d72,
202608300815364926,202608300815364926,20260830081340,132,13703,Location Retention Gold,LocationRetention,TASK_SUCCESS,SUCCESS,INFO,0,0,0,,2026-08-30T08:15:36.492Z,2026-08-30T08:15:58.982Z,22,2026-08-30T08:15:58.982Z,,,8cf8f378-16db-4eda-8552-9c6ae683939d,
202608281206127220,202608281206127220,20260828120423,132,13703,Location Retention Gold,LocationRetention,TASK_SUCCESS,SUCCESS,INFO,0,0,0,,2026-08-28T12:06:12.722Z,2026-08-28T12:06:34.266Z,21,2026-08-28T12:06:34.266Z,,,e752845a-2a63-48ca-b4ef-ba7a68ece0b6,
202608300926356161,202608300926356161,20260830092444,132,13703,Location Retention Gold,LocationRetention,TASK_SUCCESS,SUCCESS,INFO,0,0,0,,2026-08-30T09:26:35.616Z,2026-08-30T09:26:56.402Z,20,2026-08-30T09:26:56.402Z,,,d0826a4c-ff98-435d-adfd-e339a02d1b06,
202609010648558998,202609010648558998,20260901064704,132,13703,Location Retention Gold,LocationRetention,TASK_SUCCESS,SUCCESS,INFO,0,0,0,,2026-09-01T06:48:55.899Z,2026-09-01T06:49:17.177Z,21,2026-09-01T06:49:17.177Z,,,f386ddbf-c5af-4242-bf29-5f60b1e71ecf,
202609031152376090,202609031152376089,20260903114054,133,13730,Bill Analysis Silver,sl_billinganalysis,TASK_COMPLETE,SUCCESS,INFO,1,10224,0,,2026-09-03T11:52:42.543Z,2026-09-03T11:53:06.273Z,22,2026-09-03T11:53:06.273Z,,,1426a45f-7ba5-45f5-b808-280584111092,
202609041606262287,202609041606262286,20260904160439,82,201,Salesforce Record Types,br_sf_recordtype,TASK_COMPLETE,SUCCESS,INFO,21,21,0,,2026-09-04T16:06:33.872Z,2026-09-04T16:06:53.504Z,17,2026-09-04T16:06:53.504Z,,,7a604b07-1e27-4ff8-bd86-1860fd5608a2,
202608311222176606,202608311222176605,20260831121208,133,13730,Bill Analysis Silver,sl_billinganalysis,TASK_COMPLETE,SUCCESS,INFO,1,5112,0,,2026-08-31T12:22:22.344Z,2026-08-31T12:22:47.914Z,23,2026-08-31T12:22:47.914Z,,,73ab084e-6be8-4233-a81c-8f049414a380,
202609041615082977,202609041543473996,202609041543473975,86,8580,Silver INV,sl_OrientationChecklistNew,TASK_COMPLETE,SUCCESS,INFO,12191,12191,0,,2026-09-04T15:43:48.314Z,2026-09-04T16:15:10.849Z,1882,2026-09-04T16:15:10.849Z,,,66e9e433-72b0-4c30-b0ea-7611d9608923,
202608312122263122,202608311905752257,202608311905752236,86,8580,Silver INV,sl_OrientationChecklistNew,TASK_COMPLETE,SUCCESS,INFO,12197,12197,0,,2026-08-31T19:06:18.658Z,2026-08-31T21:22:29.754Z,8171,2026-08-31T21:22:29.754Z,,,79f5b39e-d314-4ad3-8050-3ace553d67de,
202608302110100160,202608301904270812,202608301904270791,86,8580,Silver INV,sl_OrientationChecklistNew,TASK_COMPLETE,SUCCESS,INFO,12177,12177,0,,2026-08-30T19:04:27.050Z,2026-08-30T21:10:12.061Z,7545,2026-08-30T21:10:12.061Z,,,ba679216-ee2b-4344-afb9-134290faf502,
202609032059384201,202609031904201126,202609031904201105,86,8580,Silver INV,sl_OrientationChecklistNew,TASK_COMPLETE,SUCCESS,INFO,12195,12195,0,,2026-09-03T19:04:17.619Z,2026-09-03T20:59:41.557Z,6924,2026-09-03T20:59:41.557Z,,,48b34b87-69c2-467d-a88c-67aac910c539,
202609012120317961,202609011903772026,202609011903772005,86,8580,Silver INV,sl_OrientationChecklistNew,TASK_COMPLETE,SUCCESS,INFO,12188,12188,0,,2026-09-01T19:04:17.664Z,2026-09-01T21:20:34.963Z,8177,2026-09-01T21:20:34.963Z,,,0e5f68b5-5669-4bb1-91ce-4b967b620e7d,
202608292059198260,202608291904534427,202608291904534406,86,8580,Silver INV,sl_OrientationChecklistNew,TASK_COMPLETE,SUCCESS,INFO,12177,12177,0,,2026-08-29T19:04:49.126Z,2026-08-29T20:59:21.833Z,6872,2026-08-29T20:59:21.833Z,,,dd7385f2-fbd4-41a4-afcd-7296aca5e198,
202608310352096831,202608310352096830,20260831034154,133,13730,Bill Analysis Silver,sl_billinganalysis,TASK_COMPLETE,SUCCESS,INFO,1,5112,0,,2026-08-31T03:52:28.486Z,2026-08-31T03:52:58.893Z,28,2026-08-31T03:52:58.893Z,,,c3e41f3e-c233-4445-a786-d0d98a8613bd,
202608310611344994,202608310611344994,20260831060206,133,13730,Bill Analysis Silver,sl_billinganalysis,TASK_COMPLETE,SUCCESS,INFO,1,5112,0,,2026-08-31T06:11:44.606Z,2026-08-31T06:12:14.808Z,28,2026-08-31T06:12:14.808Z,,,1de5cf99-6b82-4338-b3fe-396114f7957f,
202609022129506819,202609021903306096,202609021903306075,86,8580,Silver INV,sl_OrientationChecklistNew,TASK_COMPLETE,SUCCESS,INFO,12184,12184,0,,2026-09-02T19:03:39.838Z,2026-09-02T21:29:53.061Z,8774,2026-09-02T21:29:53.061Z,,,c49685cc-3281-44bc-a1c2-3be5b1110999,
202609041934034936,202609041904319428,202609041904319417,86,5730,Silver INV,sl_ReAssessmentLegal,TASK_COMPLETE,SUCCESS,INFO,0,0,0,,2026-09-04T19:04:30.706Z,2026-09-04T19:34:06.114Z,1776,2026-09-04T19:34:06.114Z,,,b1302ebd-57a3-42bd-9029-9a66dda6727d,
202609041934034937,202609041904319429,202609041904319417,86,5731,Silver INV,sl_ReAssessmentMentalHealth,TASK_COMPLETE,SUCCESS,INFO,0,0,0,,2026-09-04T19:04:30.706Z,2026-09-04T19:34:06.114Z,1776,2026-09-04T19:34:06.114Z,,,b1302ebd-57a3-42bd-9029-9a66dda6727d,
202609031402596810,202609031332701337,202609031332701326,86,5730,Silver INV,sl_ReAssessmentLegal,TASK_COMPLETE,SUCCESS,INFO,0,0,0,,2026-09-03T13:33:12.351Z,2026-09-03T14:03:09.613Z,1797,2026-09-03T14:03:09.613Z,,,ef652adf-cab1-42cd-a0bf-1cd03c8c16e7,
202609031402596811,202609031332701338,202609031332701326,86,5731,Silver INV,sl_ReAssessmentMentalHealth,TASK_COMPLETE,SUCCESS,INFO,0,0,0,,2026-09-03T13:33:12.351Z,2026-09-03T14:03:09.613Z,1797,2026-09-03T14:03:09.613Z,,,ef652adf-cab1-42cd-a0bf-1cd03c8c16e7,
202609081113015922,202609081111332726,20260908111133,100,13668,Bronze QQ_GLTRAN,br_qq_gltran,COMPLETED,SUCCESS,INFO,19053,19053,0,"",2026-09-08T11:11:45.341Z,2026-09-08T11:13:34.704Z,109,2026-09-08T11:13:34.704Z,,,d878edd4-f775-440e-b7a6-032bab37ea96,
202609030954192277,202609030954192277,20260903095139,2,18,Silver UKG Person Details,PersonDetails,TASK_COMPLETE,SUCCESS,INFO,4500,4500,0,,2026-09-03T09:54:24.853Z,2026-09-03T09:54:48.053Z,20,2026-09-03T09:54:48.053Z,,,530f48fa-89c6-4a87-9867-195a73ec044d,
202608300814573109,202608300814573109,20260830081340,132,13702,Retention 14 Stat Gold,Retention14Stat,TASK_SUCCESS,SUCCESS,INFO,325842,325842,0,,2026-08-30T08:14:57.310Z,2026-08-30T08:15:29.086Z,31,2026-08-30T08:15:29.086Z,,,8cf8f378-16db-4eda-8552-9c6ae683939d,
202609041934034932,202609041904319425,202609041904319417,86,5727,Silver INV,sl_AdmissionAssessmentSummary,TASK_COMPLETE,SUCCESS,INFO,0,0,0,,2026-09-04T19:04:30.706Z,2026-09-04T19:34:06.114Z,1776,2026-09-04T19:34:06.114Z,,,b1302ebd-57a3-42bd-9029-9a66dda6727d,
202609041934034933,202609041904319426,202609041904319417,86,5728,Silver INV,sl_ReAssessment,TASK_COMPLETE,SUCCESS,INFO,0,0,0,,2026-09-04T19:04:30.706Z,2026-09-04T19:34:06.114Z,1776,2026-09-04T19:34:06.114Z,,,b1302ebd-57a3-42bd-9029-9a66dda6727d,
202609010648188024,202609010648188024,20260901064704,132,13702,Retention 14 Stat Gold,Retention14Stat,TASK_SUCCESS,SUCCESS,INFO,325842,325842,0,,2026-09-01T06:48:18.802Z,2026-09-01T06:48:49.394Z,30,2026-09-01T06:48:49.394Z,,,f386ddbf-c5af-4242-bf29-5f60b1e71ecf,
202609030949177519,202609030949177518,20260903092013,1,13,UKG Person Details API,br_PersonDetails,TASK_COMPLETE,SUCCESS,INFO,4500,4500,0,,2026-09-03T09:49:25.082Z,2026-09-03T09:50:08.060Z,41,2026-09-03T09:50:08.060Z,,,530f48fa-89c6-4a87-9867-195a73ec044d,
202609010947325181,202609010947325181,20260901092023,1,13,UKG Person Details API,br_PersonDetails,TASK_COMPLETE,SUCCESS,INFO,4489,4489,0,,2026-09-01T09:47:37.084Z,2026-09-01T09:47:57.714Z,19,2026-09-01T09:47:57.714Z,,,29dcaaf1-2b1e-4c19-b23c-1ba74b3b8d3d,
202609040606279442,202609040606279442,20260904060200,1,13,UKG Person Details API,br_PersonDetails,TASK_COMPLETE,SUCCESS,INFO,4504,4504,0,,2026-09-04T06:06:34.064Z,2026-09-04T06:06:58.478Z,22,2026-09-04T06:06:58.478Z,,,d460889e-8832-4fc7-827e-e27003a5b114,
202609010952465143,202609010952465143,20260901095008,2,18,Silver UKG Person Details,PersonDetails,TASK_COMPLETE,SUCCESS,INFO,4489,4489,0,,2026-09-01T09:52:51.210Z,2026-09-01T09:53:21.662Z,28,2026-09-01T09:53:21.662Z,,,29dcaaf1-2b1e-4c19-b23c-1ba74b3b8d3d,
202608281205332978,202608281205332978,20260828120423,132,13702,Retention 14 Stat Gold,Retention14Stat,TASK_SUCCESS,SUCCESS,INFO,325842,325842,0,,2026-08-28T12:05:33.297Z,2026-08-28T12:06:05.771Z,32,2026-08-28T12:06:05.771Z,,,e752845a-2a63-48ca-b4ef-ba7a68ece0b6,
202608300925585067,202608300925585067,20260830092444,132,13702,Retention 14 Stat Gold,Retention14Stat,TASK_SUCCESS,SUCCESS,INFO,325842,325842,0,,2026-08-30T09:25:58.506Z,2026-08-30T09:26:26.066Z,27,2026-08-30T09:26:26.066Z,,,d0826a4c-ff98-435d-adfd-e339a02d1b06,
202609030654160160,202609030654160160,20260903065411,141,13750,AAD Duplicate IDs Report,aadduplicateids,TASK_SUCCESS,SUCCESS,INFO,0,0,0,,2026-09-03T06:54:16.016Z,2026-09-03T06:54:35.086Z,19,2026-09-03T06:54:35.086Z,,,e509dc85-8900-4f7a-939b-cd9669a98c45,
202609051931511167,202609051904209229,202609051904209217,86,5731,Silver INV,sl_ReAssessmentMentalHealth,TASK_COMPLETE,SUCCESS,INFO,0,0,0,,2026-09-05T19:04:18.404Z,2026-09-05T19:31:53.528Z,1655,2026-09-05T19:31:53.528Z,,,a7cfa2a8-4e03-4cce-a64e-9a92e6e67f12,
202609022032200695,202609021926396241,202609021926396228,86,5732,Silver INV,sl_ReAssessmentOccupational,TASK_COMPLETE,SUCCESS,INFO,0,0,0,,2026-09-02T19:26:44.280Z,2026-09-02T20:32:22.857Z,3938,2026-09-02T20:32:22.857Z,,,aa9f49a8-9ff8-4a6e-a263-7617045dadde,
202609041615082971,202609041543473991,202609041543473975,86,5735,Silver INV,sl_ReAssessmentSubstanceUse,TASK_COMPLETE,SUCCESS,INFO,0,0,0,,2026-09-04T15:43:48.314Z,2026-09-04T16:15:10.849Z,1882,2026-09-04T16:15:10.849Z,,,66e9e433-72b0-4c30-b0ea-7611d9608923,
202609041735311995,202609041706373957,202609041706373944,86,5732,Silver INV,sl_ReAssessmentOccupational,TASK_COMPLETE,SUCCESS,INFO,0,0,0,,2026-09-04T17:06:35.444Z,2026-09-04T17:35:34.034Z,1739,2026-09-04T17:35:34.034Z,,,5652dc3b-8824-4606-a16d-f373dc1d2ada,
202609051931511172,202609051904209233,202609051904209217,86,5735,Silver INV,sl_ReAssessmentSubstanceUse,TASK_COMPLETE,SUCCESS,INFO,0,0,0,,2026-09-05T19:04:18.404Z,2026-09-05T19:31:53.528Z,1655,2026-09-05T19:31:53.528Z,,,a7cfa2a8-4e03-4cce-a64e-9a92e6e67f12,
202609031402596816,202609031332701342,202609031332701326,86,5735,Silver INV,sl_ReAssessmentSubstanceUse,TASK_COMPLETE,SUCCESS,INFO,0,0,0,,2026-09-03T13:33:12.351Z,2026-09-03T14:03:09.613Z,1797,2026-09-03T14:03:09.613Z,,,ef652adf-cab1-42cd-a0bf-1cd03c8c16e7,
202609061931017288,202609061904381262,202609061904381249,86,5732,Silver INV,sl_ReAssessmentOccupational,TASK_COMPLETE,SUCCESS,INFO,0,0,0,,2026-09-06T19:04:34.627Z,2026-09-06T19:31:03.849Z,1589,2026-09-06T19:31:03.849Z,,,5cce37fd-5f38-41c5-90e1-d9efeb3bd245,
202609022032200694,202609021926396240,202609021926396228,86,5731,Silver INV,sl_ReAssessmentMentalHealth,TASK_COMPLETE,SUCCESS,INFO,0,0,0,,2026-09-02T19:26:44.280Z,2026-09-02T20:32:22.857Z,3938,2026-09-02T20:32:22.857Z,,,aa9f49a8-9ff8-4a6e-a263-7617045dadde,
202609031214214940,202609031145501716,202609031145501700,86,5735,Silver INV,sl_ReAssessmentSubstanceUse,TASK_COMPLETE,SUCCESS,INFO,0,0,0,,2026-09-03T11:45:45.517Z,2026-09-03T12:14:25.348Z,1720,2026-09-03T12:14:25.348Z,,,8e54a6a2-7031-4831-b2c0-8c5ea7811246,
202609031402596812,202609031332701339,202609031332701326,86,5732,Silver INV,sl_ReAssessmentOccupational,TASK_COMPLETE,SUCCESS,INFO,0,0,0,,2026-09-03T13:33:12.351Z,2026-09-03T14:03:09.613Z,1797,2026-09-03T14:03:09.613Z,,,ef652adf-cab1-42cd-a0bf-1cd03c8c16e7,
202609041615082967,202609041543473987,202609041543473975,86,5731,Silver INV,sl_ReAssessmentMentalHealth,TASK_COMPLETE,SUCCESS,INFO,0,0,0,,2026-09-04T15:43:48.314Z,2026-09-04T16:15:10.849Z,1882,2026-09-04T16:15:10.849Z,,,66e9e433-72b0-4c30-b0ea-7611d9608923,
202609041735311994,202609041706373956,202609041706373944,86,5731,Silver INV,sl_ReAssessmentMentalHealth,TASK_COMPLETE,SUCCESS,INFO,0,0,0,,2026-09-04T17:06:35.444Z,2026-09-04T17:35:34.034Z,1739,2026-09-04T17:35:34.034Z,,,5652dc3b-8824-4606-a16d-f373dc1d2ada,
202609041934034941,202609041904319433,202609041904319417,86,5735,Silver INV,sl_ReAssessmentSubstanceUse,TASK_COMPLETE,SUCCESS,INFO,0,0,0,,2026-09-04T19:04:30.706Z,2026-09-04T19:34:06.114Z,1776,2026-09-04T19:34:06.114Z,,,b1302ebd-57a3-42bd-9029-9a66dda6727d,
202609061931017287,202609061904381261,202609061904381249,86,5731,Silver INV,sl_ReAssessmentMentalHealth,TASK_COMPLETE,SUCCESS,INFO,0,0,0,,2026-09-06T19:04:34.627Z,2026-09-06T19:31:03.849Z,1589,2026-09-06T19:31:03.849Z,,,5cce37fd-5f38-41c5-90e1-d9efeb3bd245,
202609041934034938,202609041904319430,202609041904319417,86,5732,Silver INV,sl_ReAssessmentOccupational,TASK_COMPLETE,SUCCESS,INFO,0,0,0,,2026-09-04T19:04:30.706Z,2026-09-04T19:34:06.114Z,1776,2026-09-04T19:34:06.114Z,,,b1302ebd-57a3-42bd-9029-9a66dda6727d,
202609041735311998,202609041706373960,202609041706373944,86,5735,Silver INV,sl_ReAssessmentSubstanceUse,TASK_COMPLETE,SUCCESS,INFO,0,0,0,,2026-09-04T17:06:35.444Z,2026-09-04T17:35:34.034Z,1739,2026-09-04T17:35:34.034Z,,,5652dc3b-8824-4606-a16d-f373dc1d2ada,
202609031214214935,202609031145501712,202609031145501700,86,5731,Silver INV,sl_ReAssessmentMentalHealth,TASK_COMPLETE,SUCCESS,INFO,0,0,0,,2026-09-03T11:45:45.517Z,2026-09-03T12:14:25.348Z,1720,2026-09-03T12:14:25.348Z,,,8e54a6a2-7031-4831-b2c0-8c5ea7811246,
202609071931510898,202609071904736243,202609071904736230,86,5732,Silver INV,sl_ReAssessmentOccupational,TASK_COMPLETE,SUCCESS,INFO,0,0,0,,2026-09-07T19:05:10.929Z,2026-09-07T19:31:53.979Z,1603,2026-09-07T19:31:53.979Z,,,fc48ec9c-d1b8-4775-bd67-583e82846e52,
202609071931510901,202609071904736246,202609071904736230,86,5735,Silver INV,sl_ReAssessmentSubstanceUse,TASK_COMPLETE,SUCCESS,INFO,0,0,0,,2026-09-07T19:05:10.929Z,2026-09-07T19:31:53.979Z,1603,2026-09-07T19:31:53.979Z,,,fc48ec9c-d1b8-4775-bd67-583e82846e52,
202609061931017291,202609061904381265,202609061904381249,86,5735,Silver INV,sl_ReAssessmentSubstanceUse,TASK_COMPLETE,SUCCESS,INFO,0,0,0,,2026-09-06T19:04:34.627Z,2026-09-06T19:31:03.849Z,1589,2026-09-06T19:31:03.849Z,,,5cce37fd-5f38-41c5-90e1-d9efeb3bd245,
202609041615082968,202609041543473988,202609041543473975,86,5732,Silver INV,sl_ReAssessmentOccupational,TASK_COMPLETE,SUCCESS,INFO,0,0,0,,2026-09-04T15:43:48.314Z,2026-09-04T16:15:10.849Z,1882,2026-09-04T16:15:10.849Z,,,66e9e433-72b0-4c30-b0ea-7611d9608923,
202609031214214936,202609031145501713,202609031145501700,86,5732,Silver INV,sl_ReAssessmentOccupational,TASK_COMPLETE,SUCCESS,INFO,0,0,0,,2026-09-03T11:45:45.517Z,2026-09-03T12:14:25.348Z,1720,2026-09-03T12:14:25.348Z,,,8e54a6a2-7031-4831-b2c0-8c5ea7811246,
202609071931510897,202609071904736242,202609071904736230,86,5731,Silver INV,sl_ReAssessmentMentalHealth,TASK_COMPLETE,SUCCESS,INFO,0,0,0,,2026-09-07T19:05:10.929Z,2026-09-07T19:31:53.979Z,1603,2026-09-07T19:31:53.979Z,,,fc48ec9c-d1b8-4775-bd67-583e82846e52,
202609051931511168,202609051904209230,202609051904209217,86,5732,Silver INV,sl_ReAssessmentOccupational,TASK_COMPLETE,SUCCESS,INFO,0,0,0,,2026-09-05T19:04:18.404Z,2026-09-05T19:31:53.528Z,1655,2026-09-05T19:31:53.528Z,,,a7cfa2a8-4e03-4cce-a64e-9a92e6e67f12,
202609022032200698,202609021926396244,202609021926396228,86,5735,Silver INV,sl_ReAssessmentSubstanceUse,TASK_COMPLETE,SUCCESS,INFO,0,0,0,,2026-09-02T19:26:44.280Z,2026-09-02T20:32:22.857Z,3938,2026-09-02T20:32:22.857Z,,,aa9f49a8-9ff8-4a6e-a263-7617045dadde,
202609040507373485,202609040507373484,20260904050651,5,32,Silver 8x8 CallVolume,sl_8x8_CallVolume,TASK_COMPLETE,SUCCESS,INFO,106,106,0,,2026-09-04T05:07:44.667Z,2026-09-04T05:08:13.085Z,26,2026-09-04T05:08:13.085Z,,,e11ef06b-c1de-441e-a960-c4d69538ddc8,
202609031034316976,202609031034316976,20260903103347,5,32,Silver 8x8 CallVolume,sl_8x8_CallVolume,TASK_COMPLETE,SUCCESS,INFO,112,112,0,,2026-09-03T10:34:38.632Z,2026-09-03T10:35:03.124Z,22,2026-09-03T10:35:03.124Z,,,96a98cf2-5c7e-485f-a552-00977e127934,
202609040359391957,202609040359391957,20260904035918,5,32,Silver 8x8 CallVolume,sl_8x8_CallVolume,TASK_COMPLETE,SUCCESS,INFO,106,106,0,,2026-09-04T03:59:43.969Z,2026-09-04T04:00:05.106Z,19,2026-09-04T04:00:05.106Z,,,31e1b716-f62d-4ff3-bba9-694a795445be,
202609040529110184,202609040529110184,20260904052822,5,32,Silver 8x8 CallVolume,sl_8x8_CallVolume,TASK_COMPLETE,SUCCESS,INFO,106,106,0,,2026-09-04T05:29:20.757Z,2026-09-04T05:29:55.517Z,31,2026-09-04T05:29:55.517Z,,,3f57caf8-008d-4dfc-9f5c-86252efb5d87,
202609030955464321,202609030955464321,20260903095459,5,32,Silver 8x8 CallVolume,sl_8x8_CallVolume,TASK_COMPLETE,SUCCESS,INFO,112,112,0,,2026-09-03T09:55:51.417Z,2026-09-03T09:56:16.226Z,22,2026-09-03T09:56:16.226Z,,,ca12e9c4-4a93-49c2-9c07-d2cc84daa28e,
202609040331252912,202609040331252912,20260904033033,5,32,Silver 8x8 CallVolume,sl_8x8_CallVolume,TASK_COMPLETE,SUCCESS,INFO,106,106,0,,2026-09-04T03:31:31.769Z,2026-09-04T03:31:56.963Z,23,2026-09-04T03:31:56.963Z,,,b24cabb8-10e7-4f71-8dfa-a5afc839e4b1,
202609030927202814,202609030927202814,20260903092633,5,32,Silver 8x8 CallVolume,sl_8x8_CallVolume,TASK_COMPLETE,SUCCESS,INFO,112,112,0,,2026-09-03T09:27:24.959Z,2026-09-03T09:27:45.139Z,18,2026-09-03T09:27:45.139Z,,,cf1e9d57-f844-4f2d-9009-5cc5d296754c,
202609031124137535,202609031124137534,20260903112332,5,32,Silver 8x8 CallVolume,sl_8x8_CallVolume,TASK_COMPLETE,SUCCESS,INFO,112,112,0,,2026-09-03T11:24:18.395Z,2026-09-03T11:24:41.366Z,21,2026-09-03T11:24:41.366Z,,,c4ca1c69-cc05-4d3c-afe4-e43ce3ff741a,
202609040447053300,202609040447053299,20260904044625,5,32,Silver 8x8 CallVolume,sl_8x8_CallVolume,TASK_COMPLETE,SUCCESS,INFO,106,106,0,,2026-09-04T04:47:10.862Z,2026-09-04T04:47:38.406Z,25,2026-09-04T04:47:38.406Z,,,3c46989a-54ba-4803-b6fb-36a771acc2ba,
202609040327042042,202609040327042041,20260904032635,5,32,Silver 8x8 CallVolume,sl_8x8_CallVolume,TASK_COMPLETE,SUCCESS,INFO,106,106,0,,2026-09-04T03:27:09.141Z,2026-09-04T03:27:44.970Z,34,2026-09-04T03:27:44.970Z,,,12b3c6ab-e5be-412c-b011-b57e8d0c6fc9,
202609031059435799,202609031059435799,20260903105849,5,32,Silver 8x8 CallVolume,sl_8x8_CallVolume,TASK_COMPLETE,SUCCESS,INFO,112,112,0,,2026-09-03T10:59:48.598Z,2026-09-03T11:00:08.450Z,18,2026-09-03T11:00:08.450Z,,,b1e5c4ea-7b6d-4d5e-afa2-eb79e1fc8e31,
202609080824072821,202609080822458940,20260908082245,100,13668,Bronze QQ_GLTRAN,br_qq_gltran,COMPLETED,SUCCESS,INFO,0,19053,0,"",2026-09-08T08:22:58.300Z,2026-09-08T08:24:52.103Z,114,2026-09-08T08:24:52.103Z,,,6e2a224e-b08c-490a-be8f-d3678578d491,
202609080807553731,202609080806209892,20260908080620,100,13668,Bronze QQ_GLTRAN,br_qq_gltran,COMPLETED,SUCCESS,INFO,0,19053,0,"",2026-09-08T08:06:32.963Z,2026-09-08T08:08:21.859Z,109,2026-09-08T08:08:21.859Z,,,e25e17c3-1859-46e8-9c58-c119a7671c9c,
202609080753305519,202609080748373994,20260908074837,100,13668,Bronze QQ_GLTRAN,br_qq_gltran,COMPLETED,SUCCESS,INFO,0,19053,0,"",2026-09-08T07:48:49.317Z,2026-09-08T07:54:10.266Z,321,2026-09-08T07:54:10.266Z,,,b5b138f0-7118-4250-bf4e-9a6934017be1,
202609080932448072,202609080931285030,20260908093128,100,13668,Bronze QQ_GLTRAN,br_qq_gltran,COMPLETED,SUCCESS,INFO,0,19053,0,"",2026-09-08T09:31:42.367Z,2026-09-08T09:33:27.789Z,105,2026-09-08T09:33:27.789Z,,,0e560989-261d-4a0d-b280-bbb466dc1b12,
202609080837359014,202609080836057812,20260908083605,100,13668,Bronze QQ_GLTRAN,br_qq_gltran,COMPLETED,SUCCESS,INFO,0,19053,0,"",2026-09-08T08:36:18.379Z,2026-09-08T08:38:06.009Z,108,2026-09-08T08:38:06.009Z,,,e6004494-8034-4769-8f72-2b7109c60495,
202609080954044032,202609080952221053,20260908095222,100,13668,Bronze QQ_GLTRAN,br_qq_gltran,COMPLETED,SUCCESS,INFO,0,19053,0,"",2026-09-08T09:52:38.710Z,2026-09-08T09:54:53.872Z,135,2026-09-08T09:54:53.872Z,,,6350fe6e-e637-4eb4-aac4-015d68ccf3fe,
202609081032385754,202609081031156525,20260908103115,100,13668,Bronze QQ_GLTRAN,br_qq_gltran,COMPLETED,SUCCESS,INFO,0,19053,0,"",2026-09-08T10:31:28.857Z,2026-09-08T10:33:20.683Z,112,2026-09-08T10:33:20.683Z,,,844841fe-75a2-4a3b-b143-75357897be5e,
202608300814290932,202608300814290932,20260830081340,132,13701,Census First Dose Gold,CensusFirstDose,TASK_SUCCESS,SUCCESS,INFO,4913,4913,0,,2026-08-30T08:14:29.093Z,2026-08-30T08:14:51.169Z,22,2026-08-30T08:14:51.169Z,,,8cf8f378-16db-4eda-8552-9c6ae683939d,
202609071143570084,202609071143570083,20260907114237,5,32,Silver 8x8 CallVolume,sl_8x8_CallVolume,TASK_COMPLETE,SUCCESS,INFO,83,83,0,,2026-09-07T11:44:02.161Z,2026-09-07T11:44:24.362Z,20,2026-09-07T11:44:24.362Z,,,fad71b32-32ff-4d58-a1b8-e4782a9be879,
202609070553172128,202609070553172127,20260907055229,5,32,Silver 8x8 CallVolume,sl_8x8_CallVolume,TASK_COMPLETE,SUCCESS,INFO,83,83,0,,2026-09-07T05:53:23.016Z,2026-09-07T05:53:45.680Z,20,2026-09-07T05:53:45.680Z,,,3f0f0a05-879c-4e22-8cc2-b9ae0748727e,
202608281205050174,202608281205050174,20260828120423,132,13701,Census First Dose Gold,CensusFirstDose,TASK_SUCCESS,SUCCESS,INFO,4913,4913,0,,2026-08-28T12:05:05.017Z,2026-08-28T12:05:26.510Z,21,2026-08-28T12:05:26.510Z,,,e752845a-2a63-48ca-b4ef-ba7a68ece0b6,
202609071113483399,202609071113483399,20260907111135,5,32,Silver 8x8 CallVolume,sl_8x8_CallVolume,TASK_COMPLETE,SUCCESS,INFO,83,83,0,,2026-09-07T11:13:53.711Z,2026-09-07T11:14:19.210Z,23,2026-09-07T11:14:19.210Z,,,027bd594-9340-457f-99dc-6a9fea5cf33a,
202608300925258381,202608300925258381,20260830092444,132,13701,Census First Dose Gold,CensusFirstDose,TASK_SUCCESS,SUCCESS,INFO,4913,4913,0,,2026-08-30T09:25:25.838Z,2026-08-30T09:25:50.065Z,24,2026-08-30T09:25:50.065Z,,,d0826a4c-ff98-435d-adfd-e339a02d1b06,
202608311229166726,202608311229166726,20260831092127,134,13721,2021 Daily Census v6 Gold,DailyCensus,TASK_COMPLETE,SUCCESS,INFO,9813,9813,0,,2026-08-31T12:29:21.336Z,2026-08-31T12:29:44.961Z,22,2026-08-31T12:29:44.961Z,,,73ab084e-6be8-4233-a81c-8f049414a380,
202608310401246390,202608310401246390,20260831035644,134,13721,2021 Daily Census v6 Gold,DailyCensus,TASK_COMPLETE,SUCCESS,INFO,9813,9813,0,,2026-08-31T04:01:30.810Z,2026-08-31T04:02:21.568Z,48,2026-08-31T04:02:21.568Z,,,c3e41f3e-c233-4445-a786-d0d98a8613bd,
202609010647504792,202609010647504792,20260901064704,132,13701,Census First Dose Gold,CensusFirstDose,TASK_SUCCESS,SUCCESS,INFO,4913,4913,0,,2026-09-01T06:47:50.479Z,2026-09-01T06:48:12.426Z,21,2026-09-01T06:48:12.426Z,,,f386ddbf-c5af-4242-bf29-5f60b1e71ecf,
202609071037214650,202609071037214649,20260907103602,5,32,Silver 8x8 CallVolume,sl_8x8_CallVolume,TASK_COMPLETE,SUCCESS,INFO,83,83,0,,2026-09-07T10:37:28.108Z,2026-09-07T10:37:48.708Z,18,2026-09-07T10:37:48.708Z,,,c4acfd08-71e9-4988-a88c-bd601c12a9c9,
202609070827305249,202609070827305248,20260907082613,5,32,Silver 8x8 CallVolume,sl_8x8_CallVolume,TASK_COMPLETE,SUCCESS,INFO,83,83,0,,2026-09-07T08:27:35.669Z,2026-09-07T08:27:56.428Z,19,2026-09-07T08:27:56.428Z,,,9f92c221-d408-4dd5-be42-4448e89cdc8e,
202608310618201939,202608310618201939,20260831061556,134,13721,2021 Daily Census v6 Gold,DailyCensus,TASK_COMPLETE,SUCCESS,INFO,9813,9813,0,,2026-08-31T06:18:24.276Z,2026-08-31T06:18:53.238Z,17,2026-08-31T06:18:53.238Z,,,1de5cf99-6b82-4338-b3fe-396114f7957f,
202609080917160767,202609080916109191,20260908091610,100,13668,Bronze QQ_GLTRAN,br_qq_gltran,COMPLETED,SUCCESS,INFO,0,19053,0,"",2026-09-08T09:16:23.317Z,2026-09-08T09:17:31.496Z,68,2026-09-08T09:17:31.496Z,,,6327b150-025b-4080-85da-54d58e3842cf,
202608281204267046,202608281204267046,20260828120423,132,13700,Readmission Table Gold,vwReadmissions,TASK_SUCCESS,SUCCESS,INFO,309274,309274,0,,2026-08-28T12:04:26.704Z,2026-08-28T12:04:57.198Z,30,2026-08-28T12:04:57.198Z,,,e752845a-2a63-48ca-b4ef-ba7a68ece0b6,
202608300924500105,202608300924500105,20260830092444,132,13700,Readmission Table Gold,vwReadmissions,TASK_SUCCESS,SUCCESS,INFO,309274,309274,0,,2026-08-30T09:24:50.010Z,2026-08-30T09:25:18.888Z,28,2026-08-30T09:25:18.888Z,,,d0826a4c-ff98-435d-adfd-e339a02d1b06,
202609010647073556,202609010647073556,20260901064704,132,13700,Readmission Table Gold,vwReadmissions,TASK_SUCCESS,SUCCESS,INFO,309274,309274,0,,2026-09-01T06:47:07.355Z,2026-09-01T06:47:44.115Z,36,2026-09-01T06:47:44.115Z,,,f386ddbf-c5af-4242-bf29-5f60b1e71ecf,
202608300813438855,202608300813438855,20260830081340,132,13700,Readmission Table Gold,vwReadmissions,TASK_SUCCESS,SUCCESS,INFO,309274,309274,0,,2026-08-30T08:13:43.885Z,2026-08-30T08:14:22.674Z,38,2026-08-30T08:14:22.674Z,,,8cf8f378-16db-4eda-8552-9c6ae683939d,
202609080859441119,202609080858378249,20260908085837,100,13668,Bronze QQ_GLTRAN,br_qq_gltran,COMPLETED,SUCCESS,INFO,0,19053,0,"",2026-09-08T08:58:50.733Z,2026-09-08T09:00:26.601Z,96,2026-09-08T09:00:26.601Z,,,a0114d93-3f82-4471-a6e0-a067ad105269,
202609080736152131,202609080735116223,20260908073511,100,13668,Bronze QQ_GLTRAN,br_qq_gltran,COMPLETED,SUCCESS,INFO,0,19053,0,"",2026-09-08T07:35:23.410Z,2026-09-08T07:36:29.949Z,66,2026-09-08T07:36:29.949Z,,,b9964aa1-7649-47f5-a645-afb1522ab816,
202609080937338183,202609080936417269,20260908093641,101,13669,Silver QQ_GLTRAN,sl_QQgltran,COMPLETED,SUCCESS,INFO,19053,19053,0,"",2026-09-08T09:36:54.320Z,2026-09-08T09:37:46.512Z,52,2026-09-08T09:37:46.512Z,,,0e560989-261d-4a0d-b280-bbb466dc1b12,
202609081120436059,202609081119571212,20260908111957,101,13669,Silver QQ_GLTRAN,sl_QQgltran,COMPLETED,SUCCESS,INFO,19053,19053,0,"",2026-09-08T11:20:07.757Z,2026-09-08T11:20:55.761Z,48,2026-09-08T11:20:55.761Z,,,d878edd4-f775-440e-b7a6-032bab37ea96,
202609080906171331,202609080905242062,20260908090524,101,13669,Silver QQ_GLTRAN,sl_QQgltran,COMPLETED,SUCCESS,INFO,19053,19053,0,"",2026-09-08T09:05:39.635Z,2026-09-08T09:06:31.488Z,52,2026-09-08T09:06:31.488Z,,,a0114d93-3f82-4471-a6e0-a067ad105269,
202609080959142422,202609080958272130,20260908095827,101,13669,Silver QQ_GLTRAN,sl_QQgltran,COMPLETED,SUCCESS,INFO,19053,19053,0,"",2026-09-08T09:58:42.393Z,2026-09-08T09:59:26.735Z,44,2026-09-08T09:59:26.735Z,,,6350fe6e-e637-4eb4-aac4-015d68ccf3fe,
202609080842460595,202609080842027479,20260908084202,101,13669,Silver QQ_GLTRAN,sl_QQgltran,COMPLETED,SUCCESS,INFO,19053,19053,0,"",2026-09-08T08:42:13.822Z,2026-09-08T08:43:13.997Z,60,2026-09-08T08:43:13.997Z,,,e6004494-8034-4769-8f72-2b7109c60495,
202609080922134350,202609080921098578,20260908092109,101,13669,Silver QQ_GLTRAN,sl_QQgltran,COMPLETED,SUCCESS,INFO,19053,19053,0,"",2026-09-08T09:21:40.088Z,2026-09-08T09:22:26.617Z,46,2026-09-08T09:22:26.617Z,,,6327b150-025b-4080-85da-54d58e3842cf,
202609081038283315,202609081037420572,20260908103742,101,13669,Silver QQ_GLTRAN,sl_QQgltran,COMPLETED,SUCCESS,INFO,19053,19053,0,"",2026-09-08T10:37:52.237Z,2026-09-08T10:38:51.931Z,59,2026-09-08T10:38:51.931Z,,,844841fe-75a2-4a3b-b143-75357897be5e,
202609030657529381,202609030657529381,20260903065411,141,13756,TN Grant Claims 7d Report,tngrantclaims,TASK_SUCCESS,SUCCESS,INFO,0,0,0,,2026-09-03T06:57:52.938Z,2026-09-03T06:58:10.781Z,17,2026-09-03T06:58:10.781Z,,,e509dc85-8900-4f7a-939b-cd9669a98c45,
202609061931017297,202609061904381270,202609061904381249,86,8580,Silver INV,sl_OrientationChecklistNew,TASK_COMPLETE,SUCCESS,INFO,0,0,0,,2026-09-06T19:04:34.627Z,2026-09-06T19:31:03.849Z,1589,2026-09-06T19:31:03.849Z,,,5cce37fd-5f38-41c5-90e1-d9efeb3bd245,
202609022032200704,202609021926396249,202609021926396228,86,8580,Silver INV,sl_OrientationChecklistNew,TASK_COMPLETE,SUCCESS,INFO,0,0,0,,2026-09-02T19:26:44.280Z,2026-09-02T20:32:22.857Z,3938,2026-09-02T20:32:22.857Z,,,aa9f49a8-9ff8-4a6e-a263-7617045dadde,
202609051931511178,202609051904209238,202609051904209217,86,8580,Silver INV,sl_OrientationChecklistNew,TASK_COMPLETE,SUCCESS,INFO,0,0,0,,2026-09-05T19:04:18.404Z,2026-09-05T19:31:53.528Z,1655,2026-09-05T19:31:53.528Z,,,a7cfa2a8-4e03-4cce-a64e-9a92e6e67f12,
202609031214214945,202609031145501721,202609031145501700,86,8580,Silver INV,sl_OrientationChecklistNew,TASK_COMPLETE,SUCCESS,INFO,0,0,0,,2026-09-03T11:45:45.517Z,2026-09-03T12:14:25.348Z,1720,2026-09-03T12:14:25.348Z,,,8e54a6a2-7031-4831-b2c0-8c5ea7811246,
202609030953362068,202609030953362068,20260903095139,2,8,Silver UKG Hour Register,HourRegister,TASK_COMPLETE,SUCCESS,INFO,110273,110273,0,,2026-09-03T09:53:41.846Z,2026-09-03T09:54:10.826Z,26,2026-09-03T09:54:10.826Z,,,530f48fa-89c6-4a87-9867-195a73ec044d,
202609071931510907,202609071904736251,202609071904736230,86,8580,Silver INV,sl_OrientationChecklistNew,TASK_COMPLETE,SUCCESS,INFO,0,0,0,,2026-09-07T19:05:10.929Z,2026-09-07T19:31:53.979Z,1603,2026-09-07T19:31:53.979Z,,,fc48ec9c-d1b8-4775-bd67-583e82846e52,
202609041735312004,202609041706373965,202609041706373944,86,8580,Silver INV,sl_OrientationChecklistNew,TASK_COMPLETE,SUCCESS,INFO,0,0,0,,2026-09-04T17:06:35.444Z,2026-09-04T17:35:34.034Z,1739,2026-09-04T17:35:34.034Z,,,5652dc3b-8824-4606-a16d-f373dc1d2ada,
202609010952098377,202609010952098376,20260901095008,2,8,Silver UKG Hour Register,HourRegister,TASK_COMPLETE,SUCCESS,INFO,110272,110272,0,,2026-09-01T09:52:14.875Z,2026-09-01T09:52:38.916Z,22,2026-09-01T09:52:38.916Z,,,29dcaaf1-2b1e-4c19-b23c-1ba74b3b8d3d,
202609032059384197,202609031904201122,202609031904201105,86,5736,Silver INV,sl_ReAssessmentTreatment,TASK_COMPLETE,SUCCESS,INFO,78203,78203,0,,2026-09-03T19:04:17.619Z,2026-09-03T20:59:41.557Z,6924,2026-09-03T20:59:41.557Z,,,48b34b87-69c2-467d-a88c-67aac910c539,
202609012120317956,202609011903772022,202609011903772005,86,5736,Silver INV,sl_ReAssessmentTreatment,TASK_COMPLETE,SUCCESS,INFO,78203,78203,0,,2026-09-01T19:04:17.664Z,2026-09-01T21:20:34.963Z,8177,2026-09-01T21:20:34.963Z,,,0e5f68b5-5669-4bb1-91ce-4b967b620e7d,
202609022129506814,202609021903306092,202609021903306075,86,5736,Silver INV,sl_ReAssessmentTreatment,TASK_COMPLETE,SUCCESS,INFO,78203,78203,0,,2026-09-02T19:03:39.838Z,2026-09-02T21:29:53.061Z,8774,2026-09-02T21:29:53.061Z,,,c49685cc-3281-44bc-a1c2-3be5b1110999,
202609010529168985,202609010503373345,202609010503373335,47,9878,P1 Finance Claims Silver,tbl_Claims,TASK_COMPLETE,SUCCESS,INFO,11577,11577,0,,2026-09-01T05:03:56.880Z,2026-09-01T05:29:18.945Z,1522,2026-09-01T05:29:18.945Z,,,75a93e02-eb8a-4b20-981c-b48401997d72,
202608292059198255,202608291904534423,202608291904534406,86,5736,Silver INV,sl_ReAssessmentTreatment,TASK_COMPLETE,SUCCESS,INFO,78203,78203,0,,2026-08-29T19:04:49.126Z,2026-08-29T20:59:21.833Z,6872,2026-08-29T20:59:21.833Z,,,dd7385f2-fbd4-41a4-afcd-7296aca5e198,
202608302110100155,202608301904270808,202608301904270791,86,5736,Silver INV,sl_ReAssessmentTreatment,TASK_COMPLETE,SUCCESS,INFO,78203,78203,0,,2026-08-30T19:04:27.050Z,2026-08-30T21:10:12.061Z,7545,2026-08-30T21:10:12.061Z,,,ba679216-ee2b-4344-afb9-134290faf502,
202608312122263117,202608311905752253,202608311905752236,86,5736,Silver INV,sl_ReAssessmentTreatment,TASK_COMPLETE,SUCCESS,INFO,78203,78203,0,,2026-08-31T19:06:18.658Z,2026-08-31T21:22:29.754Z,8171,2026-08-31T21:22:29.754Z,,,79f5b39e-d314-4ad3-8050-3ace553d67de,
202608310358335684,202608310358335683,20260831035644,134,13715,3rd Party Duplicates Gold,Duplicates,TASK_COMPLETE,SUCCESS,INFO,3015,3015,0,,2026-08-31T03:58:51.129Z,2026-08-31T03:59:25.343Z,27,2026-08-31T03:59:25.343Z,,,c3e41f3e-c233-4445-a786-d0d98a8613bd,
202608311227042213,202608311227042213,20260831092127,134,13715,3rd Party Duplicates Gold,Duplicates,TASK_COMPLETE,SUCCESS,INFO,3015,3015,0,,2026-08-31T12:27:08.822Z,2026-08-31T12:27:38.456Z,26,2026-08-31T12:27:38.456Z,,,73ab084e-6be8-4233-a81c-8f049414a380,
202609031157283409,202609031157283409,20260903115613,134,13715,3rd Party Duplicates Gold,Duplicates,TASK_COMPLETE,SUCCESS,INFO,3015,3015,0,,2026-09-03T11:57:33.236Z,2026-09-03T11:57:56.994Z,22,2026-09-03T11:57:56.994Z,,,1426a45f-7ba5-45f5-b808-280584111092,
202609041426483845,202609041426483845,202609041424498841,83,210,Silver Salesforce Tasks,sl_sf_tasks,TASK_COMPLETE,SUCCESS,INFO,1156,1156,0,,2026-09-04T14:26:54.660Z,2026-09-04T14:27:25.056Z,28,2026-09-04T14:27:25.056Z,,,9d7b1c7e-8065-427d-99c7-89e3c8306b1f,
202609021143417434,202609021143417434,202608201136586561,83,210,Silver Salesforce Tasks,sl_sf_tasks,TASK_COMPLETE,SUCCESS,INFO,1106,1106,0,,2026-09-02T11:43:46.813Z,2026-09-02T11:44:15.387Z,27,2026-09-02T11:44:15.387Z,,,0b5a27da-5d48-4ed3-a9f4-1a7052a3fcea,
202609041333432032,202609041333432031,202607161857431812,83,210,Silver Salesforce Tasks,sl_sf_tasks,TASK_COMPLETE,SUCCESS,INFO,1075,1075,0,,2026-09-04T13:33:48.427Z,2026-09-04T13:34:14.562Z,24,2026-09-04T13:34:14.562Z,,,bd9b2318-654e-4f3d-b09e-bcdf6b219232,
202608281927067435,202608281847477701,202608281847477699,35,146,3pClaimNote Silver,tbl_3pClaimNote,TASK_COMPLETE,SUCCESS,INFO,19939,19939,0,,2026-08-28T18:47:42.349Z,2026-08-28T19:27:08.737Z,2366,2026-08-28T19:27:08.737Z,,,d66e4bd3-e6d0-4238-8a1c-0b9f6b234cef,
202608282008117460,202608281959452752,202608281959452750,35,146,3pClaimNote Silver,tbl_3pClaimNote,TASK_COMPLETE,SUCCESS,INFO,33120,33120,0,,2026-08-28T19:59:39.101Z,2026-08-28T20:08:13.988Z,514,2026-08-28T20:08:13.988Z,,,4656989f-76f4-4530-9c0f-37d9fd4d8113,
202608311340422572,202608311330704155,202608311330704153,35,146,3pClaimNote Silver,tbl_3pClaimNote,TASK_COMPLETE,SUCCESS,INFO,32811,32811,0,,2026-08-31T13:31:04.464Z,2026-08-31T13:40:44.488Z,580,2026-08-31T13:40:44.488Z,,,ff1f6c6f-cfd8-4eb9-9a6c-c39c12bfa894,
202609041157023434,202609041157023434,202609041151367402,82,205,Salesforce Contacts,br_sf_contacts,TASK_COMPLETE,SUCCESS,INFO,43373,43373,0,,2026-09-04T11:57:25.600Z,2026-09-04T11:59:14.015Z,101,2026-09-04T11:59:14.015Z,,,6ab129c1-fb62-4518-bfad-8f6d8d29c3ca,
202609021146079375,202609021146079375,202608201136586561,83,214,Silver Salesforce Cases,sl_sf_cases,TASK_COMPLETE,SUCCESS,INFO,704,704,0,,2026-09-02T11:46:12.549Z,2026-09-02T11:46:33.669Z,19,2026-09-02T11:46:33.669Z,,,0b5a27da-5d48-4ed3-a9f4-1a7052a3fcea,
202609041336286960,202609041336286960,202607161857431812,83,214,Silver Salesforce Cases,sl_sf_cases,TASK_COMPLETE,SUCCESS,INFO,774,774,0,,2026-09-04T13:36:33.936Z,2026-09-04T13:36:57.000Z,21,2026-09-04T13:36:57.000Z,,,bd9b2318-654e-4f3d-b09e-bcdf6b219232,
202609041428045411,202609041428045411,202609041424498841,83,212,Silver Salesforce Leads,sl_sf_leads,TASK_COMPLETE,SUCCESS,INFO,103,103,0,,2026-09-04T14:28:09.909Z,2026-09-04T14:28:40.586Z,29,2026-09-04T14:28:40.586Z,,,9d7b1c7e-8065-427d-99c7-89e3c8306b1f,
202609041429454224,202609041429454224,202609041424498841,83,214,Silver Salesforce Cases,sl_sf_cases,TASK_COMPLETE,SUCCESS,INFO,804,804,0,,2026-09-04T14:29:51.545Z,2026-09-04T14:30:14.161Z,21,2026-09-04T14:30:14.161Z,,,9d7b1c7e-8065-427d-99c7-89e3c8306b1f,
202609021736288771,202609021736288771,202608201136586561,83,211,Silver Salesforce Users,sl_sf_users,TASK_COMPLETE,SUCCESS,INFO,476,476,0,,2026-09-02T17:36:35.078Z,2026-09-02T17:37:02.497Z,26,2026-09-02T17:37:02.497Z,,,0d5be434-3f1a-4f4b-ae90-f0c48a55ec54,
202609041151425603,202609041151425603,202609041151367402,82,200,Salesforce Accounts,br_sf_accounts,TASK_COMPLETE,SUCCESS,INFO,13557,13557,0,,2026-09-04T11:52:00.077Z,2026-09-04T11:53:13.522Z,68,2026-09-04T11:53:13.522Z,,,6ab129c1-fb62-4518-bfad-8f6d8d29c3ca,
202609041322249125,202609041322249124,202609041317366179,82,205,Salesforce Contacts,br_sf_contacts,TASK_COMPLETE,SUCCESS,INFO,43395,43395,0,,2026-09-04T13:22:31.441Z,2026-09-04T13:24:00.166Z,86,2026-09-04T13:24:00.166Z,,,bd9b2318-654e-4f3d-b09e-bcdf6b219232,
202609021132469891,202609021132469891,202609021132414060,82,200,Salesforce Accounts,br_sf_accounts,TASK_COMPLETE,SUCCESS,INFO,13552,13552,0,,2026-09-02T11:32:52.281Z,2026-09-02T11:33:39.262Z,44,2026-09-02T11:33:39.262Z,,,0b5a27da-5d48-4ed3-a9f4-1a7052a3fcea,
202609041412009023,202609041412009022,202609041411364710,82,200,Salesforce Accounts,br_sf_accounts,TASK_COMPLETE,SUCCESS,INFO,13557,13557,0,,2026-09-04T14:12:12.580Z,2026-09-04T14:12:55.344Z,39,2026-09-04T14:12:55.344Z,,,9d7b1c7e-8065-427d-99c7-89e3c8306b1f,
202609031127395519,202609031127395518,202609031127339423,82,200,Salesforce Accounts,br_sf_accounts,TASK_COMPLETE,SUCCESS,INFO,13553,13553,0,,2026-09-03T11:27:44.941Z,2026-09-03T11:28:40.397Z,31,2026-09-03T11:28:40.397Z,,,b5204bb1-5640-4c52-9143-fe923aba5573,
202609041317467386,202609041317467385,202609041317366179,82,200,Salesforce Accounts,br_sf_accounts,TASK_COMPLETE,SUCCESS,INFO,13557,13557,0,,2026-09-04T13:17:53.179Z,2026-09-04T13:18:35.084Z,38,2026-09-04T13:18:35.084Z,,,bd9b2318-654e-4f3d-b09e-bcdf6b219232,
202609041415225566,202609041415225566,202609041411364710,82,205,Salesforce Contacts,br_sf_contacts,TASK_COMPLETE,SUCCESS,INFO,43411,43411,0,,2026-09-04T14:15:31.190Z,2026-09-04T14:17:01.573Z,86,2026-09-04T14:17:01.573Z,,,9d7b1c7e-8065-427d-99c7-89e3c8306b1f,
202609031131209132,202609031131209131,202609031127339423,82,205,Salesforce Contacts,br_sf_contacts,TASK_COMPLETE,SUCCESS,INFO,16874,16874,0,,2026-09-03T11:31:29.305Z,2026-09-03T11:32:35.476Z,64,2026-09-03T11:32:35.476Z,,,b5204bb1-5640-4c52-9143-fe923aba5573,
202609022032200700,202609021926396245,202609021926396228,86,5736,Silver INV,sl_ReAssessmentTreatment,TASK_COMPLETE,SUCCESS,INFO,0,0,0,,2026-09-02T19:26:44.280Z,2026-09-02T20:32:22.857Z,3938,2026-09-02T20:32:22.857Z,,,aa9f49a8-9ff8-4a6e-a263-7617045dadde,
202609041735311999,202609041706373961,202609041706373944,86,5736,Silver INV,sl_ReAssessmentTreatment,TASK_COMPLETE,SUCCESS,INFO,0,0,0,,2026-09-04T17:06:35.444Z,2026-09-04T17:35:34.034Z,1739,2026-09-04T17:35:34.034Z,,,5652dc3b-8824-4606-a16d-f373dc1d2ada,
202609071931510902,202609071904736247,202609071904736230,86,5736,Silver INV,sl_ReAssessmentTreatment,TASK_COMPLETE,SUCCESS,INFO,0,0,0,,2026-09-07T19:05:10.929Z,2026-09-07T19:31:53.979Z,1603,2026-09-07T19:31:53.979Z,,,fc48ec9c-d1b8-4775-bd67-583e82846e52,
202609041615082972,202609041543473992,202609041543473975,86,5736,Silver INV,sl_ReAssessmentTreatment,TASK_COMPLETE,SUCCESS,INFO,0,0,0,,2026-09-04T15:43:48.314Z,2026-09-04T16:15:10.849Z,1882,2026-09-04T16:15:10.849Z,,,66e9e433-72b0-4c30-b0ea-7611d9608923,
202609051931511173,202609051904209234,202609051904209217,86,5736,Silver INV,sl_ReAssessmentTreatment,TASK_COMPLETE,SUCCESS,INFO,0,0,0,,2026-09-05T19:04:18.404Z,2026-09-05T19:31:53.528Z,1655,2026-09-05T19:31:53.528Z,,,a7cfa2a8-4e03-4cce-a64e-9a92e6e67f12,
202609031214214941,202609031145501717,202609031145501700,86,5736,Silver INV,sl_ReAssessmentTreatment,TASK_COMPLETE,SUCCESS,INFO,0,0,0,,2026-09-03T11:45:45.517Z,2026-09-03T12:14:25.348Z,1720,2026-09-03T12:14:25.348Z,,,8e54a6a2-7031-4831-b2c0-8c5ea7811246,
202609061931017292,202609061904381266,202609061904381249,86,5736,Silver INV,sl_ReAssessmentTreatment,TASK_COMPLETE,SUCCESS,INFO,0,0,0,,2026-09-06T19:04:34.627Z,2026-09-06T19:31:03.849Z,1589,2026-09-06T19:31:03.849Z,,,5cce37fd-5f38-41c5-90e1-d9efeb3bd245,
202609041934034946,202609041904319437,202609041904319417,86,8579,Silver INV,sl_LiquidLog,TASK_COMPLETE,SUCCESS,INFO,0,0,0,,2026-09-04T19:04:30.706Z,2026-09-04T19:34:06.114Z,1776,2026-09-04T19:34:06.114Z,,,b1302ebd-57a3-42bd-9029-9a66dda6727d,
202609041934034947,202609041904319438,202609041904319417,86,8580,Silver INV,sl_OrientationChecklistNew,TASK_COMPLETE,SUCCESS,INFO,0,0,0,,2026-09-04T19:04:30.706Z,2026-09-04T19:34:06.114Z,1776,2026-09-04T19:34:06.114Z,,,b1302ebd-57a3-42bd-9029-9a66dda6727d,
202609031402596821,202609031332701346,202609031332701326,86,8579,Silver INV,sl_LiquidLog,TASK_COMPLETE,SUCCESS,INFO,0,0,0,,2026-09-03T13:33:12.351Z,2026-09-03T14:03:09.613Z,1797,2026-09-03T14:03:09.613Z,,,ef652adf-cab1-42cd-a0bf-1cd03c8c16e7,
202609031402596822,202609031332701347,202609031332701326,86,8580,Silver INV,sl_OrientationChecklistNew,TASK_COMPLETE,SUCCESS,INFO,0,0,0,,2026-09-03T13:33:12.351Z,2026-09-03T14:03:09.613Z,1797,2026-09-03T14:03:09.613Z,,,ef652adf-cab1-42cd-a0bf-1cd03c8c16e7,
202608312122263098,202608311905752237,202608311905752236,86,5720,Silver INV,sl_AdmissionAssessment,TASK_COMPLETE,SUCCESS,INFO,12363,12363,0,,2026-08-31T19:06:18.658Z,2026-08-31T21:22:29.754Z,8171,2026-08-31T21:22:29.754Z,,,79f5b39e-d314-4ad3-8050-3ace553d67de,
202608302110100136,202608301904270792,202608301904270791,86,5720,Silver INV,sl_AdmissionAssessment,TASK_COMPLETE,SUCCESS,INFO,12353,12353,0,,2026-08-30T19:04:27.050Z,2026-08-30T21:10:12.061Z,7545,2026-08-30T21:10:12.061Z,,,ba679216-ee2b-4344-afb9-134290faf502,
202609032059384177,202609031904201106,202609031904201105,86,5720,Silver INV,sl_AdmissionAssessment,TASK_COMPLETE,SUCCESS,INFO,12345,12345,0,,2026-09-03T19:04:17.619Z,2026-09-03T20:59:41.557Z,6924,2026-09-03T20:59:41.557Z,,,48b34b87-69c2-467d-a88c-67aac910c539,
202609012120317937,202609011903772006,202609011903772005,86,5720,Silver INV,sl_AdmissionAssessment,TASK_COMPLETE,SUCCESS,INFO,12374,12374,0,,2026-09-01T19:04:17.664Z,2026-09-01T21:20:34.963Z,8177,2026-09-01T21:20:34.963Z,,,0e5f68b5-5669-4bb1-91ce-4b967b620e7d,
202609022129506796,202609021903306076,202609021903306075,86,5720,Silver INV,sl_AdmissionAssessment,TASK_COMPLETE,SUCCESS,INFO,12371,12371,0,,2026-09-02T19:03:39.838Z,2026-09-02T21:29:53.061Z,8774,2026-09-02T21:29:53.061Z,,,c49685cc-3281-44bc-a1c2-3be5b1110999,
202608292059198236,202608291904534407,202608291904534406,86,5720,Silver INV,sl_AdmissionAssessment,TASK_COMPLETE,SUCCESS,INFO,12356,12356,0,,2026-08-29T19:04:49.126Z,2026-08-29T20:59:21.833Z,6872,2026-08-29T20:59:21.833Z,,,dd7385f2-fbd4-41a4-afcd-7296aca5e198,
202609021144382794,202609021144382794,202608201136586561,83,212,Silver Salesforce Leads,sl_sf_leads,TASK_COMPLETE,SUCCESS,INFO,85,85,0,,2026-09-02T11:44:43.506Z,2026-09-02T11:45:09.771Z,24,2026-09-02T11:45:09.771Z,,,0b5a27da-5d48-4ed3-a9f4-1a7052a3fcea,
202609041619501666,202609041619501666,20260904161800,83,210,Silver Salesforce Tasks,sl_sf_tasks,TASK_COMPLETE,SUCCESS,INFO,1334,1334,0,,2026-09-04T16:19:55.723Z,2026-09-04T16:20:22.833Z,25,2026-09-04T16:20:22.833Z,,,7a604b07-1e27-4ff8-bd86-1860fd5608a2,
202609041334550932,202609041334550932,202607161857431812,83,212,Silver Salesforce Leads,sl_sf_leads,TASK_COMPLETE,SUCCESS,INFO,81,81,0,,2026-09-04T13:35:00.293Z,2026-09-04T13:35:30.912Z,28,2026-09-04T13:35:30.912Z,,,bd9b2318-654e-4f3d-b09e-bcdf6b219232,
202609030625416782,202609030625416781,20260903062457,5,32,Silver 8x8 CallVolume,sl_8x8_CallVolume,TASK_COMPLETE,SUCCESS,INFO,112,112,0,,2026-09-03T06:25:46.809Z,2026-09-03T06:26:14.157Z,25,2026-09-03T06:26:14.157Z,,,1066d6e5-305c-4662-a3fb-18d67007,
202609021135255370,202609021135255370,202609021132414060,82,205,Salesforce Contacts,br_sf_contacts,TASK_COMPLETE,SUCCESS,INFO,1495,1495,0,,2026-09-02T11:35:31.919Z,2026-09-02T11:35:55.307Z,21,2026-09-02T11:35:55.307Z,,,0b5a27da-5d48-4ed3-a9f4-1a7052a3fcea,
202609030636412568,202609030636412567,20260903063600,5,32,Silver 8x8 CallVolume,sl_8x8_CallVolume,TASK_COMPLETE,SUCCESS,INFO,112,112,0,,2026-09-03T06:36:46.147Z,2026-09-03T06:37:03.118Z,15,2026-09-03T06:37:03.118Z,,,1066d6e5-305c-4662-a3fb-18d67007,
202609030803049339,202609030803049339,20260903080209,5,32,Silver 8x8 CallVolume,sl_8x8_CallVolume,TASK_COMPLETE,SUCCESS,INFO,112,112,0,,2026-09-03T08:03:10.111Z,2026-09-03T08:03:37.770Z,25,2026-09-03T08:03:37.770Z,,,1066d6e5-305c-4662-a3fb-18d67007,
202609031201568754,202609031201568754,20260903115613,134,13731,Bill Analysis Gold,BillingAnalysis,TASK_COMPLETE,SUCCESS,INFO,1278,1278,0,,2026-09-03T12:02:01.541Z,2026-09-03T12:02:24.192Z,21,2026-09-03T12:02:24.192Z,,,1426a45f-7ba5-45f5-b808-280584111092,
202609041622288453,202609041622288453,20260904161800,83,214,Silver Salesforce Cases,sl_sf_cases,TASK_COMPLETE,SUCCESS,INFO,869,869,0,,2026-09-04T16:22:34.718Z,2026-09-04T16:22:56.664Z,20,2026-09-04T16:22:56.664Z,,,7a604b07-1e27-4ff8-bd86-1860fd5608a2,
202609041620569000,202609041620569000,20260904161800,83,212,Silver Salesforce Leads,sl_sf_leads,TASK_COMPLETE,SUCCESS,INFO,104,104,0,,2026-09-04T16:21:02.908Z,2026-09-04T16:21:32.382Z,27,2026-09-04T16:21:32.382Z,,,7a604b07-1e27-4ff8-bd86-1860fd5608a2,
202609041608272774,202609041608272773,20260904160439,82,205,Salesforce Contacts,br_sf_contacts,TASK_COMPLETE,SUCCESS,INFO,43472,43472,0,,2026-09-04T16:08:34.143Z,2026-09-04T16:10:11.566Z,95,2026-09-04T16:10:11.566Z,,,7a604b07-1e27-4ff8-bd86-1860fd5608a2,
202609041604538604,202609041604538604,20260904160439,82,200,Salesforce Accounts,br_sf_accounts,TASK_COMPLETE,SUCCESS,INFO,13562,13562,0,,2026-09-04T16:05:00.159Z,2026-09-04T16:06:05.024Z,37,2026-09-04T16:06:05.024Z,,,7a604b07-1e27-4ff8-bd86-1860fd5608a2,
202608281025533043,202608281025533043,202608171026319654,84,216,Gold Salesforce Accounts,Accounts,TASK_COMPLETE,SUCCESS,INFO,13548,13308,0,,2026-08-28T10:25:58.280Z,2026-08-28T10:26:34.501Z,33,2026-08-28T10:26:34.501Z,,,3d84b3b4-01e9-4004-b383-1c54ba72a558,
202608281954014443,202608281944779157,202608281944779155,35,146,3pClaimNote Silver,tbl_3pClaimNote,TASK_COMPLETE,SUCCESS,INFO,60,60,0,,2026-08-28T19:45:11.526Z,2026-08-28T19:54:03.372Z,532,2026-08-28T19:54:03.372Z,,,efbc12e1-b596-4992-bb1e-5de64340fc31,
202608311232160587,202608311232160587,20260831092127,134,13731,Bill Analysis Gold,BillingAnalysis,TASK_COMPLETE,SUCCESS,INFO,639,639,0,,2026-08-31T12:32:20.254Z,2026-08-31T12:32:43.197Z,21,2026-08-31T12:32:43.197Z,,,73ab084e-6be8-4233-a81c-8f049414a380,
202608310621522398,202608310621522398,20260831061556,134,13731,Bill Analysis Gold,BillingAnalysis,TASK_COMPLETE,SUCCESS,INFO,639,639,0,,2026-08-31T06:21:58.521Z,2026-08-31T06:22:24.975Z,23,2026-08-31T06:22:24.975Z,,,1de5cf99-6b82-4338-b3fe-396114f7957f,
202608310406018127,202608310406018127,20260831035644,134,13731,Bill Analysis Gold,BillingAnalysis,TASK_COMPLETE,SUCCESS,INFO,639,639,0,,2026-08-31T04:06:06.751Z,2026-08-31T04:06:35.698Z,27,2026-08-31T04:06:35.698Z,,,c3e41f3e-c233-4445-a786-d0d98a8613bd,
202609010529168975,202609010503373336,202609010503373335,47,8816,P1 Finance Bills Silver,tbl_Bills,TASK_COMPLETE,SUCCESS,INFO,1559,19,0,,2026-09-01T05:03:56.880Z,2026-09-01T05:29:18.945Z,1522,2026-09-01T05:29:18.945Z,,,75a93e02-eb8a-4b20-981c-b48401997d72,
202608292059198247,202608291904534416,202608291904534406,86,5729,Silver INV,sl_ReAssessmentFamily,TASK_COMPLETE,SUCCESS,INFO,78632,78632,0,,2026-08-29T19:04:49.126Z,2026-08-29T20:59:21.833Z,6872,2026-08-29T20:59:21.833Z,,,dd7385f2-fbd4-41a4-afcd-7296aca5e198,
202609032059384189,202609031904201115,202609031904201105,86,5729,Silver INV,sl_ReAssessmentFamily,TASK_COMPLETE,SUCCESS,INFO,78632,78632,0,,2026-09-03T19:04:17.619Z,2026-09-03T20:59:41.557Z,6924,2026-09-03T20:59:41.557Z,,,48b34b87-69c2-467d-a88c-67aac910c539,
202609022129506807,202609021903306085,202609021903306075,86,5729,Silver INV,sl_ReAssessmentFamily,TASK_COMPLETE,SUCCESS,INFO,78632,78632,0,,2026-09-02T19:03:39.838Z,2026-09-02T21:29:53.061Z,8774,2026-09-02T21:29:53.061Z,,,c49685cc-3281-44bc-a1c2-3be5b1110999,
202608312122263109,202608311905752246,202608311905752236,86,5729,Silver INV,sl_ReAssessmentFamily,TASK_COMPLETE,SUCCESS,INFO,78632,78632,0,,2026-08-31T19:06:18.658Z,2026-08-31T21:22:29.754Z,8171,2026-08-31T21:22:29.754Z,,,79f5b39e-d314-4ad3-8050-3ace553d67de,
202608312122263115,202608311905752251,202608311905752236,86,5734,Silver INV,sl_ReAssessmentSocial,TASK_COMPLETE,SUCCESS,INFO,78434,78434,0,,2026-08-31T19:06:18.658Z,2026-08-31T21:22:29.754Z,8171,2026-08-31T21:22:29.754Z,,,79f5b39e-d314-4ad3-8050-3ace553d67de,
202609012120317954,202609011903772020,202609011903772005,86,5734,Silver INV,sl_ReAssessmentSocial,TASK_COMPLETE,SUCCESS,INFO,78434,78434,0,,2026-09-01T19:04:17.664Z,2026-09-01T21:20:34.963Z,8177,2026-09-01T21:20:34.963Z,,,0e5f68b5-5669-4bb1-91ce-4b967b620e7d,
202608302110100153,202608301904270806,202608301904270791,86,5734,Silver INV,sl_ReAssessmentSocial,TASK_COMPLETE,SUCCESS,INFO,78434,78434,0,,2026-08-30T19:04:27.050Z,2026-08-30T21:10:12.061Z,7545,2026-08-30T21:10:12.061Z,,,ba679216-ee2b-4344-afb9-134290faf502,
202609032059384195,202609031904201120,202609031904201105,86,5734,Silver INV,sl_ReAssessmentSocial,TASK_COMPLETE,SUCCESS,INFO,78434,78434,0,,2026-09-03T19:04:17.619Z,2026-09-03T20:59:41.557Z,6924,2026-09-03T20:59:41.557Z,,,48b34b87-69c2-467d-a88c-67aac910c539,
202609022129506812,202609021903306090,202609021903306075,86,5734,Silver INV,sl_ReAssessmentSocial,TASK_COMPLETE,SUCCESS,INFO,78434,78434,0,,2026-09-02T19:03:39.838Z,2026-09-02T21:29:53.061Z,8774,2026-09-02T21:29:53.061Z,,,c49685cc-3281-44bc-a1c2-3be5b1110999,
202609012120317948,202609011903772015,202609011903772005,86,5729,Silver INV,sl_ReAssessmentFamily,TASK_COMPLETE,SUCCESS,INFO,78632,78632,0,,2026-09-01T19:04:17.664Z,2026-09-01T21:20:34.963Z,8177,2026-09-01T21:20:34.963Z,,,0e5f68b5-5669-4bb1-91ce-4b967b620e7d,
202608302110100147,202608301904270801,202608301904270791,86,5729,Silver INV,sl_ReAssessmentFamily,TASK_COMPLETE,SUCCESS,INFO,78632,78632,0,,2026-08-30T19:04:27.050Z,2026-08-30T21:10:12.061Z,7545,2026-08-30T21:10:12.061Z,,,ba679216-ee2b-4344-afb9-134290faf502,
202608292059198253,202608291904534421,202608291904534406,86,5734,Silver INV,sl_ReAssessmentSocial,TASK_COMPLETE,SUCCESS,INFO,78434,78434,0,,2026-08-29T19:04:49.126Z,2026-08-29T20:59:21.833Z,6872,2026-08-29T20:59:21.833Z,,,dd7385f2-fbd4-41a4-afcd-7296aca5e198,
202609010703042392,202609010703042393,20260901070304,131,13688,Readmission Table Silver,sl_vwReadmissions,TASK_FAILED,FAILED,ERROR,0,0,1,Unknown pipeline failure,2026-09-01T07:03:04.239Z,2026-09-01T07:03:04.239Z,0,2026-09-01T07:03:04.239Z,,,"",
202609010845427549,202609010845427550,20260901084542,131,13688,Readmission Table Silver,sl_vwReadmissions,TASK_FAILED,FAILED,ERROR,0,0,1,Unknown pipeline failure,2026-09-01T08:45:42.754Z,2026-09-01T08:45:42.754Z,0,2026-09-01T08:45:42.754Z,,,"",
202608281818317127,202608281812532919,202608281812532917,35,146,3pClaimNote Silver,tbl_3pClaimNote,TASK_COMPLETE,SUCCESS,INFO,0,0,0,,2026-08-28T18:12:48.782Z,2026-08-28T18:18:33.824Z,345,2026-08-28T18:18:33.824Z,,,458bbcf5-cb92-4c77-b377-3297f084a916,
202608281840098412,202608281835767817,202608281835767815,35,146,3pClaimNote Silver,tbl_3pClaimNote,TASK_COMPLETE,SUCCESS,INFO,0,0,0,,2026-08-28T18:36:12.417Z,2026-08-28T18:40:19.969Z,247,2026-08-28T18:40:19.969Z,,,8e23258c-98e6-4e5b-b927-9ac8867dc9e7,
202609011057078903,202609011043470439,202609011043470438,19,52,Orders Silver SaveOrders,sl_Orders,TASK_COMPLETE,SUCCESS,INFO,0,0,0,,2026-09-01T10:43:53.486Z,2026-09-01T10:57:10.509Z,797,2026-09-01T10:57:10.509Z,,,328316bf-c54a-4380-9fd7-d644d5fc41c8,
202609031214214923,202609031145501701,202609031145501700,86,5720,Silver INV,sl_AdmissionAssessment,TASK_COMPLETE,SUCCESS,INFO,0,0,0,,2026-09-03T11:45:45.517Z,2026-09-03T12:14:25.348Z,1720,2026-09-03T12:14:25.348Z,,,8e54a6a2-7031-4831-b2c0-8c5ea7811246,
202609022032200680,202609021926396229,202609021926396228,86,5720,Silver INV,sl_AdmissionAssessment,TASK_COMPLETE,SUCCESS,INFO,0,0,0,,2026-09-02T19:26:44.280Z,2026-09-02T20:32:22.857Z,3938,2026-09-02T20:32:22.857Z,,,aa9f49a8-9ff8-4a6e-a263-7617045dadde,
202609061931017274,202609061904381250,202609061904381249,86,5720,Silver INV,sl_AdmissionAssessment,TASK_COMPLETE,SUCCESS,INFO,0,0,0,,2026-09-06T19:04:34.627Z,2026-09-06T19:31:03.849Z,1589,2026-09-06T19:31:03.849Z,,,5cce37fd-5f38-41c5-90e1-d9efeb3bd245,
202609071931510884,202609071904736231,202609071904736230,86,5720,Silver INV,sl_AdmissionAssessment,TASK_COMPLETE,SUCCESS,INFO,0,0,0,,2026-09-07T19:05:10.929Z,2026-09-07T19:31:53.979Z,1603,2026-09-07T19:31:53.979Z,,,fc48ec9c-d1b8-4775-bd67-583e82846e52,
202609051931511154,202609051904209218,202609051904209217,86,5720,Silver INV,sl_AdmissionAssessment,TASK_COMPLETE,SUCCESS,INFO,0,0,0,,2026-09-05T19:04:18.404Z,2026-09-05T19:31:53.528Z,1655,2026-09-05T19:31:53.528Z,,,a7cfa2a8-4e03-4cce-a64e-9a92e6e67f12,
202609041615082954,202609041543473976,202609041543473975,86,5720,Silver INV,sl_AdmissionAssessment,TASK_COMPLETE,SUCCESS,INFO,0,0,0,,2026-09-04T15:43:48.314Z,2026-09-04T16:15:10.849Z,1882,2026-09-04T16:15:10.849Z,,,66e9e433-72b0-4c30-b0ea-7611d9608923,
202609041735311981,202609041706373945,202609041706373944,86,5720,Silver INV,sl_AdmissionAssessment,TASK_COMPLETE,SUCCESS,INFO,0,0,0,,2026-09-04T17:06:35.444Z,2026-09-04T17:35:34.034Z,1739,2026-09-04T17:35:34.034Z,,,5652dc3b-8824-4606-a16d-f373dc1d2ada,
202609041934034923,202609041904319418,202609041904319417,86,5720,Silver INV,sl_AdmissionAssessment,TASK_COMPLETE,SUCCESS,INFO,0,0,0,,2026-09-04T19:04:30.706Z,2026-09-04T19:34:06.114Z,1776,2026-09-04T19:34:06.114Z,,,b1302ebd-57a3-42bd-9029-9a66dda6727d,
202609031402596797,202609031332701327,202609031332701326,86,5720,Silver INV,sl_AdmissionAssessment,TASK_COMPLETE,SUCCESS,INFO,0,0,0,,2026-09-03T13:33:12.351Z,2026-09-03T14:03:09.613Z,1797,2026-09-03T14:03:09.613Z,,,ef652adf-cab1-42cd-a0bf-1cd03c8c16e7,
202609031402596817,202609031332701343,202609031332701326,86,5736,Silver INV,sl_ReAssessmentTreatment,TASK_COMPLETE,SUCCESS,INFO,0,0,0,,2026-09-03T13:33:12.351Z,2026-09-03T14:03:09.613Z,1797,2026-09-03T14:03:09.613Z,,,ef652adf-cab1-42cd-a0bf-1cd03c8c16e7,
202609031402596818,202609031332701344,202609031332701326,86,8577,Silver INV,sl_InvType,TASK_COMPLETE,SUCCESS,INFO,0,0,0,,2026-09-03T13:33:12.351Z,2026-09-03T14:03:09.613Z,1797,2026-09-03T14:03:09.613Z,,,ef652adf-cab1-42cd-a0bf-1cd03c8c16e7,
202609041934034942,202609041904319434,202609041904319417,86,5736,Silver INV,sl_ReAssessmentTreatment,TASK_COMPLETE,SUCCESS,INFO,0,0,0,,2026-09-04T19:04:30.706Z,2026-09-04T19:34:06.114Z,1776,2026-09-04T19:34:06.114Z,,,b1302ebd-57a3-42bd-9029-9a66dda6727d,
202609041934034943,202609041904319435,202609041904319417,86,8577,Silver INV,sl_InvType,TASK_COMPLETE,SUCCESS,INFO,0,0,0,,2026-09-04T19:04:30.706Z,2026-09-04T19:34:06.114Z,1776,2026-09-04T19:34:06.114Z,,,b1302ebd-57a3-42bd-9029-9a66dda6727d,
202609022129506808,202609021903306086,202609021903306075,86,5730,Silver INV,sl_ReAssessmentLegal,TASK_COMPLETE,SUCCESS,INFO,78449,78449,0,,2026-09-02T19:03:39.838Z,2026-09-02T21:29:53.061Z,8774,2026-09-02T21:29:53.061Z,,,c49685cc-3281-44bc-a1c2-3be5b1110999,
202608312122263110,202608311905752247,202608311905752236,86,5730,Silver INV,sl_ReAssessmentLegal,TASK_COMPLETE,SUCCESS,INFO,78449,78449,0,,2026-08-31T19:06:18.658Z,2026-08-31T21:22:29.754Z,8171,2026-08-31T21:22:29.754Z,,,79f5b39e-d314-4ad3-8050-3ace553d67de,
202608302110100148,202608301904270802,202608301904270791,86,5730,Silver INV,sl_ReAssessmentLegal,TASK_COMPLETE,SUCCESS,INFO,78449,78449,0,,2026-08-30T19:04:27.050Z,2026-08-30T21:10:12.061Z,7545,2026-08-30T21:10:12.061Z,,,ba679216-ee2b-4344-afb9-134290faf502,
202609012120317949,202609011903772016,202609011903772005,86,5730,Silver INV,sl_ReAssessmentLegal,TASK_COMPLETE,SUCCESS,INFO,78449,78449,0,,2026-09-01T19:04:17.664Z,2026-09-01T21:20:34.963Z,8177,2026-09-01T21:20:34.963Z,,,0e5f68b5-5669-4bb1-91ce-4b967b620e7d,
202609032059384190,202609031904201116,202609031904201105,86,5730,Silver INV,sl_ReAssessmentLegal,TASK_COMPLETE,SUCCESS,INFO,78449,78449,0,,2026-09-03T19:04:17.619Z,2026-09-03T20:59:41.557Z,6924,2026-09-03T20:59:41.557Z,,,48b34b87-69c2-467d-a88c-67aac910c539,
202608292059198249,202608291904534417,202608291904534406,86,5730,Silver INV,sl_ReAssessmentLegal,TASK_COMPLETE,SUCCESS,INFO,78449,78449,0,,2026-08-29T19:04:49.126Z,2026-08-29T20:59:21.833Z,6872,2026-08-29T20:59:21.833Z,,,dd7385f2-fbd4-41a4-afcd-7296aca5e198,
202609031402596825,202609031332701349,202609031332701326,86,8582,Silver INV,sl_LABResultDetail,TASK_COMPLETE,SUCCESS,INFO,0,0,0,,2026-09-03T13:33:12.351Z,2026-09-03T14:03:09.613Z,1797,2026-09-03T14:03:09.613Z,,,ef652adf-cab1-42cd-a0bf-1cd03c8c16e7,
202609031402596826,202609031332701350,202609031332701326,86,8583,Silver INV,sl_Appointments,TASK_COMPLETE,SUCCESS,INFO,0,0,0,,2026-09-03T13:33:12.351Z,2026-09-03T14:03:09.613Z,1797,2026-09-03T14:03:09.613Z,,,ef652adf-cab1-42cd-a0bf-1cd03c8c16e7,
202609041934034949,202609041904319440,202609041904319417,86,8582,Silver INV,sl_LABResultDetail,TASK_COMPLETE,SUCCESS,INFO,0,0,0,,2026-09-04T19:04:30.706Z,2026-09-04T19:34:06.114Z,1776,2026-09-04T19:34:06.114Z,,,b1302ebd-57a3-42bd-9029-9a66dda6727d,
202609041934034950,202609041904319441,202609041904319417,86,8583,Silver INV,sl_Appointments,TASK_COMPLETE,SUCCESS,INFO,0,0,0,,2026-09-04T19:04:30.706Z,2026-09-04T19:34:06.114Z,1776,2026-09-04T19:34:06.114Z,,,b1302ebd-57a3-42bd-9029-9a66dda6727d,
202609041615082965,202609041543473985,202609041543473975,86,5729,Silver INV,sl_ReAssessmentFamily,TASK_COMPLETE,SUCCESS,INFO,0,0,0,,2026-09-04T15:43:48.314Z,2026-09-04T16:15:10.849Z,1882,2026-09-04T16:15:10.849Z,,,66e9e433-72b0-4c30-b0ea-7611d9608923,
202609061931017290,202609061904381264,202609061904381249,86,5734,Silver INV,sl_ReAssessmentSocial,TASK_COMPLETE,SUCCESS,INFO,0,0,0,,2026-09-06T19:04:34.627Z,2026-09-06T19:31:03.849Z,1589,2026-09-06T19:31:03.849Z,,,5cce37fd-5f38-41c5-90e1-d9efeb3bd245,
202609022032200691,202609021926396238,202609021926396228,86,5729,Silver INV,sl_ReAssessmentFamily,TASK_COMPLETE,SUCCESS,INFO,0,0,0,,2026-09-02T19:26:44.280Z,2026-09-02T20:32:22.857Z,3938,2026-09-02T20:32:22.857Z,,,aa9f49a8-9ff8-4a6e-a263-7617045dadde,
202609041735311997,202609041706373959,202609041706373944,86,5734,Silver INV,sl_ReAssessmentSocial,TASK_COMPLETE,SUCCESS,INFO,0,0,0,,2026-09-04T17:06:35.444Z,2026-09-04T17:35:34.034Z,1739,2026-09-04T17:35:34.034Z,,,5652dc3b-8824-4606-a16d-f373dc1d2ada,
202609051931511165,202609051904209227,202609051904209217,86,5729,Silver INV,sl_ReAssessmentFamily,TASK_COMPLETE,SUCCESS,INFO,0,0,0,,2026-09-05T19:04:18.404Z,2026-09-05T19:31:53.528Z,1655,2026-09-05T19:31:53.528Z,,,a7cfa2a8-4e03-4cce-a64e-9a92e6e67f12,
202609071931510894,202609071904736240,202609071904736230,86,5729,Silver INV,sl_ReAssessmentFamily,TASK_COMPLETE,SUCCESS,INFO,0,0,0,,2026-09-07T19:05:10.929Z,2026-09-07T19:31:53.979Z,1603,2026-09-07T19:31:53.979Z,,,fc48ec9c-d1b8-4775-bd67-583e82846e52,
202609051931511171,202609051904209232,202609051904209217,86,5734,Silver INV,sl_ReAssessmentSocial,TASK_COMPLETE,SUCCESS,INFO,0,0,0,,2026-09-05T19:04:18.404Z,2026-09-05T19:31:53.528Z,1655,2026-09-05T19:31:53.528Z,,,a7cfa2a8-4e03-4cce-a64e-9a92e6e67f12,
202609061931017285,202609061904381259,202609061904381249,86,5729,Silver INV,sl_ReAssessmentFamily,TASK_COMPLETE,SUCCESS,INFO,0,0,0,,2026-09-06T19:04:34.627Z,2026-09-06T19:31:03.849Z,1589,2026-09-06T19:31:03.849Z,,,5cce37fd-5f38-41c5-90e1-d9efeb3bd245,
202609031214214933,202609031145501710,202609031145501700,86,5729,Silver INV,sl_ReAssessmentFamily,TASK_COMPLETE,SUCCESS,INFO,0,0,0,,2026-09-03T11:45:45.517Z,2026-09-03T12:14:25.348Z,1720,2026-09-03T12:14:25.348Z,,,8e54a6a2-7031-4831-b2c0-8c5ea7811246,
202609041735311991,202609041706373954,202609041706373944,86,5729,Silver INV,sl_ReAssessmentFamily,TASK_COMPLETE,SUCCESS,INFO,0,0,0,,2026-09-04T17:06:35.444Z,2026-09-04T17:35:34.034Z,1739,2026-09-04T17:35:34.034Z,,,5652dc3b-8824-4606-a16d-f373dc1d2ada,
202609031214214939,202609031145501715,202609031145501700,86,5734,Silver INV,sl_ReAssessmentSocial,TASK_COMPLETE,SUCCESS,INFO,0,0,0,,2026-09-03T11:45:45.517Z,2026-09-03T12:14:25.348Z,1720,2026-09-03T12:14:25.348Z,,,8e54a6a2-7031-4831-b2c0-8c5ea7811246,
202609022032200697,202609021926396243,202609021926396228,86,5734,Silver INV,sl_ReAssessmentSocial,TASK_COMPLETE,SUCCESS,INFO,0,0,0,,2026-09-02T19:26:44.280Z,2026-09-02T20:32:22.857Z,3938,2026-09-02T20:32:22.857Z,,,aa9f49a8-9ff8-4a6e-a263-7617045dadde,
202609071931510900,202609071904736245,202609071904736230,86,5734,Silver INV,sl_ReAssessmentSocial,TASK_COMPLETE,SUCCESS,INFO,0,0,0,,2026-09-07T19:05:10.929Z,2026-09-07T19:31:53.979Z,1603,2026-09-07T19:31:53.979Z,,,fc48ec9c-d1b8-4775-bd67-583e82846e52,
202609041934034934,202609041904319427,202609041904319417,86,5729,Silver INV,sl_ReAssessmentFamily,TASK_COMPLETE,SUCCESS,INFO,0,0,0,,2026-09-04T19:04:30.706Z,2026-09-04T19:34:06.114Z,1776,2026-09-04T19:34:06.114Z,,,b1302ebd-57a3-42bd-9029-9a66dda6727d,
202609031402596809,202609031332701336,202609031332701326,86,5729,Silver INV,sl_ReAssessmentFamily,TASK_COMPLETE,SUCCESS,INFO,0,0,0,,2026-09-03T13:33:12.351Z,2026-09-03T14:03:09.613Z,1797,2026-09-03T14:03:09.613Z,,,ef652adf-cab1-42cd-a0bf-1cd03c8c16e7,
202609041615082970,202609041543473990,202609041543473975,86,5734,Silver INV,sl_ReAssessmentSocial,TASK_COMPLETE,SUCCESS,INFO,0,0,0,,2026-09-04T15:43:48.314Z,2026-09-04T16:15:10.849Z,1882,2026-09-04T16:15:10.849Z,,,66e9e433-72b0-4c30-b0ea-7611d9608923,
202609041015343053,202609040957044235,20260904095657,100,13668,Bronze QQ_GLTRAN,br_qq_gltran,TASK_COMPLETE,SUCCESS,INFO,15037302,15037302,0,,2026-09-04T09:57:20.639Z,2026-09-04T10:15:37.224Z,1081,2026-09-04T10:15:37.224Z,,,a2b79122-a062-4ea8-a301-db2a1318199f,
202609041152425245,202609041139388203,20260904113930,100,13668,Bronze QQ_GLTRAN,br_qq_gltran,TASK_COMPLETE,SUCCESS,INFO,15037302,15037302,0,,2026-09-04T11:39:49.861Z,2026-09-04T11:52:52.772Z,757,2026-09-04T11:52:52.772Z,,,a32139d4-7f73-4d6a-9430-a52d8d74e9b7,
202609041107146525,202609041053238422,20260904105317,100,13668,Bronze QQ_GLTRAN,br_qq_gltran,TASK_COMPLETE,SUCCESS,INFO,15037302,15037302,0,,2026-09-04T10:53:34.350Z,2026-09-04T11:07:18.110Z,806,2026-09-04T11:07:18.110Z,,,4a18e739-62cb-4756-aa6f-1d8b3a292113,
202608292059198262,202608291904534429,202608291904534406,86,8582,Silver INV,sl_LABResultDetail,TASK_COMPLETE,SUCCESS,INFO,565586,565586,0,,2026-08-29T19:04:49.126Z,2026-08-29T20:59:21.833Z,6872,2026-08-29T20:59:21.833Z,,,dd7385f2-fbd4-41a4-afcd-7296aca5e198,
202609012120317963,202609011903772028,202609011903772005,86,8582,Silver INV,sl_LABResultDetail,TASK_COMPLETE,SUCCESS,INFO,565847,565847,0,,2026-09-01T19:04:17.664Z,2026-09-01T21:20:34.963Z,8177,2026-09-01T21:20:34.963Z,,,0e5f68b5-5669-4bb1-91ce-4b967b620e7d,
202608302110100162,202608301904270814,202608301904270791,86,8582,Silver INV,sl_LABResultDetail,TASK_COMPLETE,SUCCESS,INFO,565586,565586,0,,2026-08-30T19:04:27.050Z,2026-08-30T21:10:12.061Z,7545,2026-08-30T21:10:12.061Z,,,ba679216-ee2b-4344-afb9-134290faf502,
202608312122263124,202608311905752259,202608311905752236,86,8582,Silver INV,sl_LABResultDetail,TASK_COMPLETE,SUCCESS,INFO,565719,565719,0,,2026-08-31T19:06:18.658Z,2026-08-31T21:22:29.754Z,8171,2026-08-31T21:22:29.754Z,,,79f5b39e-d314-4ad3-8050-3ace553d67de,
202609022129506821,202609021903306098,202609021903306075,86,8582,Silver INV,sl_LABResultDetail,TASK_COMPLETE,SUCCESS,INFO,565963,565963,0,,2026-09-02T19:03:39.838Z,2026-09-02T21:29:53.061Z,8774,2026-09-02T21:29:53.061Z,,,c49685cc-3281-44bc-a1c2-3be5b1110999,
202609032059384204,202609031904201128,202609031904201105,86,8582,Silver INV,sl_LABResultDetail,TASK_COMPLETE,SUCCESS,INFO,566028,566028,0,,2026-09-03T19:04:17.619Z,2026-09-03T20:59:41.557Z,6924,2026-09-03T20:59:41.557Z,,,48b34b87-69c2-467d-a88c-67aac910c539,
202609061931017286,202609061904381260,202609061904381249,86,5730,Silver INV,sl_ReAssessmentLegal,TASK_COMPLETE,SUCCESS,INFO,0,0,0,,2026-09-06T19:04:34.627Z,2026-09-06T19:31:03.849Z,1589,2026-09-06T19:31:03.849Z,,,5cce37fd-5f38-41c5-90e1-d9efeb3bd245,
202609051931511166,202609051904209228,202609051904209217,86,5730,Silver INV,sl_ReAssessmentLegal,TASK_COMPLETE,SUCCESS,INFO,0,0,0,,2026-09-05T19:04:18.404Z,2026-09-05T19:31:53.528Z,1655,2026-09-05T19:31:53.528Z,,,a7cfa2a8-4e03-4cce-a64e-9a92e6e67f12,
202609041735311993,202609041706373955,202609041706373944,86,5730,Silver INV,sl_ReAssessmentLegal,TASK_COMPLETE,SUCCESS,INFO,0,0,0,,2026-09-04T17:06:35.444Z,2026-09-04T17:35:34.034Z,1739,2026-09-04T17:35:34.034Z,,,5652dc3b-8824-4606-a16d-f373dc1d2ada,
202609031214214934,202609031145501711,202609031145501700,86,5730,Silver INV,sl_ReAssessmentLegal,TASK_COMPLETE,SUCCESS,INFO,0,0,0,,2026-09-03T11:45:45.517Z,2026-09-03T12:14:25.348Z,1720,2026-09-03T12:14:25.348Z,,,8e54a6a2-7031-4831-b2c0-8c5ea7811246,
202609071931510895,202609071904736241,202609071904736230,86,5730,Silver INV,sl_ReAssessmentLegal,TASK_COMPLETE,SUCCESS,INFO,0,0,0,,2026-09-07T19:05:10.929Z,2026-09-07T19:31:53.979Z,1603,2026-09-07T19:31:53.979Z,,,fc48ec9c-d1b8-4775-bd67-583e82846e52,
202609022032200693,202609021926396239,202609021926396228,86,5730,Silver INV,sl_ReAssessmentLegal,TASK_COMPLETE,SUCCESS,INFO,0,0,0,,2026-09-02T19:26:44.280Z,2026-09-02T20:32:22.857Z,3938,2026-09-02T20:32:22.857Z,,,aa9f49a8-9ff8-4a6e-a263-7617045dadde,
202609041615082966,202609041543473986,202609041543473975,86,5730,Silver INV,sl_ReAssessmentLegal,TASK_COMPLETE,SUCCESS,INFO,0,0,0,,2026-09-04T15:43:48.314Z,2026-09-04T16:15:10.849Z,1882,2026-09-04T16:15:10.849Z,,,66e9e433-72b0-4c30-b0ea-7611d9608923,
202609041201432559,202609041156458371,20260904115641,101,13669,Silver QQ_GLTRAN,sl_QQgltran,TASK_COMPLETE,SUCCESS,INFO,15037302,15037302,0,,2026-09-04T11:56:58.756Z,2026-09-04T12:01:50.752Z,267,2026-09-04T12:01:50.752Z,,,a32139d4-7f73-4d6a-9430-a52d8d74e9b7,
202609071440286517,202609071335191703,20260907133507,100,13668,Bronze QQ_GLTRAN,br_qq_gltran,TASK_COMPLETE,SUCCESS,INFO,16794,16794,0,,2026-09-07T13:35:21.608Z,2026-09-07T14:40:32.034Z,3891,2026-09-07T14:40:32.034Z,,,2764fae6-2535-4feb-ba5c-fc2875d2d15d,
202609080550373887,202609080548269798,20260908054812,100,13668,Bronze QQ_GLTRAN,br_qq_gltran,TASK_COMPLETE,SUCCESS,INFO,19053,19053,0,,2026-09-08T05:48:29.408Z,2026-09-08T05:50:38.812Z,123,2026-09-08T05:50:38.812Z,,,d21a22ed-079c-4197-be60-19877f0c18c0,
202609021124527119,202609021122502944,20260902112243,100,13668,Bronze QQ_GLTRAN,br_qq_gltran,TASK_COMPLETE,SUCCESS,INFO,51750,51750,0,,2026-09-02T11:22:59.713Z,2026-09-02T11:24:55.250Z,104,2026-09-02T11:24:55.250Z,,,99713cf3-93d8-4ad6-9c4e-9dc07347860e,
202609021024104737,202609021022021056,20260902102154,100,13668,Bronze QQ_GLTRAN,br_qq_gltran,TASK_COMPLETE,SUCCESS,INFO,51750,51750,0,,2026-09-02T10:22:13.220Z,2026-09-02T10:24:13.446Z,105,2026-09-02T10:24:13.446Z,,,0bac3e96-9d2f-4fc3-a6af-cb22f235b46a,
202609021205438691,202609021203164837,20260902120309,100,13668,Bronze QQ_GLTRAN,br_qq_gltran,TASK_COMPLETE,SUCCESS,INFO,51750,51750,0,,2026-09-02T12:03:28.947Z,2026-09-02T12:05:47.083Z,117,2026-09-02T12:05:47.083Z,,,8be66682-1794-4c68-b3dc-9ff94405c2fa,
202609080632414779,202609080630318895,20260908060913,100,13668,Bronze QQ_GLTRAN,br_qq_gltran,TASK_COMPLETE,SUCCESS,INFO,19053,19053,0,,2026-09-08T06:30:34.552Z,2026-09-08T06:32:43.037Z,121,2026-09-08T06:32:43.037Z,,,e403e9f6-1206-49ac-bede-045a2ed95a50,
202608311429281733,202608311427176860,20260831142710,100,13668,Bronze QQ_GLTRAN,br_qq_gltran,TASK_COMPLETE,SUCCESS,INFO,62232,62232,0,,2026-08-31T14:27:27.628Z,2026-08-31T14:29:31.846Z,111,2026-08-31T14:29:31.846Z,,,fa4047d4-f27a-487b-936c-970d9787c3cb,
202609071117573990,202609071113041268,20260907104151,100,13668,Bronze QQ_GLTRAN,br_qq_gltran,TASK_COMPLETE,SUCCESS,INFO,16794,16794,0,,2026-09-07T11:13:06.535Z,2026-09-07T11:18:00.327Z,278,2026-09-07T11:18:00.327Z,,,febd9bc8-75c6-4368-a516-f0351188daa4,
202609080348561774,202609080347126484,20260908034705,100,13668,Bronze QQ_GLTRAN,br_qq_gltran,TASK_COMPLETE,SUCCESS,INFO,16789,16789,0,,2026-09-08T03:47:22.625Z,2026-09-08T03:48:59.181Z,63,2026-09-08T03:48:59.181Z,,,46a9a56e-0600-4598-9fca-db37b4a86652,
202609041233395890,202609041231386992,20260904123118,100,13668,Bronze QQ_GLTRAN,br_qq_gltran,TASK_COMPLETE,SUCCESS,INFO,17743,17743,0,,2026-09-04T12:31:52.158Z,2026-09-04T12:33:42.846Z,97,2026-09-04T12:33:42.846Z,,,3d506aa0-0269-43eb-aec3-b5d371469503,
202609080529514921,202609080528191267,20260908052812,100,13668,Bronze QQ_GLTRAN,br_qq_gltran,TASK_COMPLETE,SUCCESS,INFO,19053,19053,0,,2026-09-08T05:28:28.402Z,2026-09-08T05:29:54.651Z,73,2026-09-08T05:29:54.651Z,,,1af6f9c0-de07-46ce-9d94-4a023d844ee9,
202609071517236438,202609071515546175,20260907151546,100,13668,Bronze QQ_GLTRAN,br_qq_gltran,TASK_COMPLETE,SUCCESS,INFO,16798,16798,0,,2026-09-07T15:15:59.471Z,2026-09-07T15:17:25.398Z,76,2026-09-07T15:17:25.398Z,,,0460ec9f-7fac-46d5-9e9b-69695287cfbb,
202609080632157452,202609080630318895,20260908060913,100,13668,Bronze QQ_GLTRAN,br_qq_gltran,TASK_COMPLETE,SUCCESS,INFO,19053,19053,0,,2026-09-08T06:30:34.552Z,2026-09-08T06:32:17.369Z,92,2026-09-08T06:32:17.369Z,,,e403e9f6-1206-49ac-bede-045a2ed95a50,
202609071539377272,202609071537395018,20260907153730,100,13668,Bronze QQ_GLTRAN,br_qq_gltran,TASK_COMPLETE,SUCCESS,INFO,16798,16798,0,,2026-09-07T15:37:44.161Z,2026-09-07T15:39:39.316Z,97,2026-09-07T15:39:39.316Z,,,5697f28d-d34c-4ea1-97ba-86411f09cc26,
202609071311331027,202609071309573246,20260907130946,100,13668,Bronze QQ_GLTRAN,br_qq_gltran,TASK_COMPLETE,SUCCESS,INFO,16794,16794,0,,2026-09-07T13:09:59.751Z,2026-09-07T13:11:36.248Z,84,2026-09-07T13:11:36.248Z,,,6100e949-2422-43aa-a662-97fffdd74ef1,
202609071236222471,202609071234353142,20260812034005,100,13668,Bronze QQ_GLTRAN,br_qq_gltran,TASK_COMPLETE,SUCCESS,INFO,16794,16794,0,,2026-09-07T12:34:38.024Z,2026-09-07T12:36:25.055Z,90,2026-09-07T12:36:25.055Z,,,03d14284-f9c3-4d2e-9729-2e3083b8d33e,
202609071336599650,202609071335191703,20260907133507,100,13668,Bronze QQ_GLTRAN,br_qq_gltran,TASK_COMPLETE,SUCCESS,INFO,16794,16794,0,,2026-09-07T13:35:21.608Z,2026-09-07T13:37:01.993Z,89,2026-09-07T13:37:01.993Z,,,c9352ab0-1fbc-4096-bd90-9bcf656c46c4,
202609071032353719,202609071030579826,20260907102251,100,13668,Bronze QQ_GLTRAN,br_qq_gltran,TASK_COMPLETE,SUCCESS,INFO,16794,16794,0,,2026-09-07T10:31:00.938Z,2026-09-07T10:32:41.265Z,77,2026-09-07T10:32:41.265Z,,,846d4ac3-7863-4b80-977d-629c9a3000f3,
202609071450384911,202609071448413991,20260907144833,100,13668,Bronze QQ_GLTRAN,br_qq_gltran,TASK_COMPLETE,SUCCESS,INFO,16798,16798,0,,2026-09-07T14:48:46.005Z,2026-09-07T14:50:40.207Z,71,2026-09-07T14:50:40.207Z,,,ac5b8015-db8f-42f7-a7bf-bc43167fdd7f,
202609071147056780,202609071145425004,20260907052331,100,13668,Bronze QQ_GLTRAN,br_qq_gltran,TASK_COMPLETE,SUCCESS,INFO,16794,16794,0,,2026-09-07T11:45:45.235Z,2026-09-07T11:47:08.572Z,71,2026-09-07T11:47:08.572Z,,,174a6461-d193-4195-bf67-804ec5854ef1,
202609080550095172,202609080548269798,20260908054812,100,13668,Bronze QQ_GLTRAN,br_qq_gltran,TASK_COMPLETE,SUCCESS,INFO,19053,19053,0,,2026-09-08T05:48:29.408Z,2026-09-08T05:50:10.986Z,94,2026-09-08T05:50:10.986Z,,,d21a22ed-079c-4197-be60-19877f0c18c0,
202609030922100647,202609030922100646,20260903092013,1,3,UKG Org Levels API,br_OrgLevels,TASK_COMPLETE,SUCCESS,INFO,214,214,0,,2026-09-03T09:22:16.926Z,2026-09-03T09:22:36.928Z,18,2026-09-03T09:22:36.928Z,,,26f8b062-6777-48e7-8814-d84ed71c9ad6,
202609010921358467,202609010921358467,20260901092023,1,3,UKG Org Levels API,br_OrgLevels,TASK_COMPLETE,SUCCESS,INFO,214,214,0,,2026-09-01T09:21:41.157Z,2026-09-01T09:22:30.759Z,48,2026-09-01T09:22:30.759Z,,,c46e47f1-7e0c-46c6-93e3-7d17cbc17d55,
202609040604298741,202609040604298740,20260904060200,1,3,UKG Org Levels API,br_OrgLevels,TASK_COMPLETE,SUCCESS,INFO,214,214,0,,2026-09-04T06:04:37.073Z,2026-09-04T06:04:56.698Z,17,2026-09-04T06:04:56.698Z,,,d460889e-8832-4fc7-827e-e27003a5b114,
202609030953024456,202609030953024456,20260903095139,2,7,Silver UKG Org Levels,OrgLevels,TASK_COMPLETE,SUCCESS,INFO,214,214,0,,2026-09-03T09:53:07.430Z,2026-09-03T09:53:27.641Z,18,2026-09-03T09:53:27.641Z,,,530f48fa-89c6-4a87-9867-195a73ec044d,
202609010951314053,202609010951314053,20260901095008,2,7,Silver UKG Org Levels,OrgLevels,TASK_COMPLETE,SUCCESS,INFO,214,214,0,,2026-09-01T09:51:36.005Z,2026-09-01T09:52:02.187Z,24,2026-09-01T09:52:02.187Z,,,29dcaaf1-2b1e-4c19-b23c-1ba74b3b8d3d,
202609010928288026,202609010928288026,20260901092721,2,7,Silver UKG Org Levels,OrgLevels,TASK_COMPLETE,SUCCESS,INFO,214,214,0,,2026-09-01T09:28:33.069Z,2026-09-01T09:28:51.052Z,16,2026-09-01T09:28:51.052Z,,,c46e47f1-7e0c-46c6-93e3-7d17cbc17d55,
202608281927067434,202608281847477700,202608281847477699,35,145,3pArnote Silver,tbl_3pARNOTE,TASK_COMPLETE,SUCCESS,INFO,53070,52728,0,,2026-08-28T18:47:42.349Z,2026-08-28T19:27:08.737Z,2366,2026-08-28T19:27:08.737Z,,,d66e4bd3-e6d0-4238-8a1c-0b9f6b234cef,
202609080639328953,202609080637414469,20260908061517,101,13669,Silver QQ_GLTRAN,sl_QQgltran,TASK_COMPLETE,SUCCESS,INFO,19053,19053,0,,2026-09-08T06:37:43.805Z,2026-09-08T06:39:34.296Z,104,2026-09-08T06:39:34.296Z,,,e403e9f6-1206-49ac-bede-045a2ed95a50,
202608282008117459,202608281959452751,202608281959452750,35,145,3pArnote Silver,tbl_3pARNOTE,TASK_COMPLETE,SUCCESS,INFO,115987,164,0,,2026-08-28T19:59:39.101Z,2026-08-28T20:08:13.988Z,514,2026-08-28T20:08:13.988Z,,,4656989f-76f4-4530-9c0f-37d9fd4d8113,
202609022032200707,202609021926396251,202609021926396228,86,8582,Silver INV,sl_LABResultDetail,TASK_COMPLETE,SUCCESS,INFO,0,0,0,,2026-09-02T19:26:44.280Z,2026-09-02T20:32:22.857Z,3938,2026-09-02T20:32:22.857Z,,,aa9f49a8-9ff8-4a6e-a263-7617045dadde,
202609041615082979,202609041543473998,202609041543473975,86,8582,Silver INV,sl_LABResultDetail,TASK_COMPLETE,SUCCESS,INFO,0,0,0,,2026-09-04T15:43:48.314Z,2026-09-04T16:15:10.849Z,1882,2026-09-04T16:15:10.849Z,,,66e9e433-72b0-4c30-b0ea-7611d9608923,
202609031214214948,202609031145501723,202609031145501700,86,8582,Silver INV,sl_LABResultDetail,TASK_COMPLETE,SUCCESS,INFO,0,0,0,,2026-09-03T11:45:45.517Z,2026-09-03T12:14:25.348Z,1720,2026-09-03T12:14:25.348Z,,,8e54a6a2-7031-4831-b2c0-8c5ea7811246,
202609041735312006,202609041706373967,202609041706373944,86,8582,Silver INV,sl_LABResultDetail,TASK_COMPLETE,SUCCESS,INFO,0,0,0,,2026-09-04T17:06:35.444Z,2026-09-04T17:35:34.034Z,1739,2026-09-04T17:35:34.034Z,,,5652dc3b-8824-4606-a16d-f373dc1d2ada,
202609051931511180,202609051904209240,202609051904209217,86,8582,Silver INV,sl_LABResultDetail,TASK_COMPLETE,SUCCESS,INFO,0,0,0,,2026-09-05T19:04:18.404Z,2026-09-05T19:31:53.528Z,1655,2026-09-05T19:31:53.528Z,,,a7cfa2a8-4e03-4cce-a64e-9a92e6e67f12,
202609071931510909,202609071904736253,202609071904736230,86,8582,Silver INV,sl_LABResultDetail,TASK_COMPLETE,SUCCESS,INFO,0,0,0,,2026-09-07T19:05:10.929Z,2026-09-07T19:31:53.979Z,1603,2026-09-07T19:31:53.979Z,,,fc48ec9c-d1b8-4775-bd67-583e82846e52,
202609061931017299,202609061904381272,202609061904381249,86,8582,Silver INV,sl_LABResultDetail,TASK_COMPLETE,SUCCESS,INFO,0,0,0,,2026-09-06T19:04:34.627Z,2026-09-06T19:31:03.849Z,1589,2026-09-06T19:31:03.849Z,,,5cce37fd-5f38-41c5-90e1-d9efeb3bd245,
202609010529168978,202609010503373339,202609010503373335,47,9170,P1 Finance FMP Silver,tbl_Fmp,TASK_COMPLETE,SUCCESS,INFO,3,3,0,,2026-09-01T05:03:56.880Z,2026-09-01T05:29:18.945Z,1522,2026-09-01T05:29:18.945Z,,,75a93e02-eb8a-4b20-981c-b48401997d72,
202609030954565108,202609030954565108,20260903095139,2,19,Silver UKG Locations,Locations,TASK_COMPLETE,SUCCESS,INFO,182,182,0,,2026-09-03T09:55:01.979Z,2026-09-03T09:55:21.843Z,18,2026-09-03T09:55:21.843Z,,,530f48fa-89c6-4a87-9867-195a73ec044d,
202608311102256145,202608311100321594,20260831110025,101,13669,Silver QQ_GLTRAN,sl_QQgltran,TASK_COMPLETE,SUCCESS,INFO,62232,62232,0,,2026-08-31T11:00:51.431Z,2026-08-31T11:02:28.510Z,73,2026-08-31T11:02:28.510Z,,,cce5d437-9aff-454c-ac59-09fc8b76618b,
202608311357475701,202608311356543757,20260831135647,101,13669,Silver QQ_GLTRAN,sl_QQgltran,TASK_COMPLETE,SUCCESS,INFO,62232,62232,0,,2026-08-31T13:57:03.953Z,2026-08-31T13:57:50.255Z,37,2026-08-31T13:57:50.255Z,,,e8e82550-ed4c-4021-936a-26d7edfe3122,
202608311139452879,202608311138453192,20260831113838,101,13669,Silver QQ_GLTRAN,sl_QQgltran,TASK_COMPLETE,SUCCESS,INFO,62232,62232,0,,2026-08-31T11:38:59.806Z,2026-08-31T11:39:48.860Z,40,2026-08-31T11:39:48.860Z,,,19c559af-f091-43f5-8c0f-1833bb34822b,
202609020945467748,202609020944539163,20260902094447,101,13669,Silver QQ_GLTRAN,sl_QQgltran,TASK_COMPLETE,SUCCESS,INFO,62232,62232,0,,2026-09-02T09:45:03.584Z,2026-09-02T09:45:49.630Z,37,2026-09-02T09:45:49.630Z,,,37c478d0-9f56-4e8a-8c38-be79ba66e3f9,
202608311315349175,202608311314354733,20260831131429,101,13669,Silver QQ_GLTRAN,sl_QQgltran,TASK_COMPLETE,SUCCESS,INFO,62232,62232,0,,2026-08-31T13:14:46.319Z,2026-08-31T13:15:38.751Z,42,2026-08-31T13:15:38.751Z,,,2ec586ea-689b-4d60-a32b-0ce26aadbc29,
202609080353198544,202609080352297101,20260908035222,101,13669,Silver QQ_GLTRAN,sl_QQgltran,TASK_COMPLETE,SUCCESS,INFO,16789,16789,0,,2026-09-08T03:52:38.799Z,2026-09-08T03:53:22.320Z,35,2026-09-08T03:53:22.320Z,,,46a9a56e-0600-4598-9fca-db37b4a86652,
202609021210580505,202609021209520371,20260902120944,101,13669,Silver QQ_GLTRAN,sl_QQgltran,TASK_COMPLETE,SUCCESS,INFO,51750,51750,0,,2026-09-02T12:10:03.355Z,2026-09-02T12:11:02.720Z,46,2026-09-02T12:11:02.720Z,,,8be66682-1794-4c68-b3dc-9ff94405c2fa,
202609040607027905,202609040607027905,20260904060200,1,14,UKG Locations API,br_Locations,TASK_COMPLETE,SUCCESS,INFO,182,182,0,,2026-09-04T06:07:09.794Z,2026-09-04T06:07:29.506Z,17,2026-09-04T06:07:29.506Z,,,d460889e-8832-4fc7-827e-e27003a5b114,
202608311340422570,202608311330704154,202608311330704153,35,145,3pArnote Silver,tbl_3pARNOTE,TASK_COMPLETE,SUCCESS,INFO,115980,53,0,,2026-08-31T13:31:04.464Z,2026-08-31T13:40:44.488Z,580,2026-08-31T13:40:44.488Z,,,ff1f6c6f-cfd8-4eb9-9a6c-c39c12bfa894,
202609010948072062,202609010948072062,20260901092023,1,14,UKG Locations API,br_Locations,TASK_COMPLETE,SUCCESS,INFO,182,182,0,,2026-09-01T09:48:11.892Z,2026-09-01T09:48:28.347Z,15,2026-09-01T09:48:28.347Z,,,29dcaaf1-2b1e-4c19-b23c-1ba74b3b8d3d,
202609010953302743,202609010953302743,20260901095008,2,19,Silver UKG Locations,Locations,TASK_COMPLETE,SUCCESS,INFO,182,182,0,,2026-09-01T09:53:35.085Z,2026-09-01T09:53:56.667Z,19,2026-09-01T09:53:56.667Z,,,29dcaaf1-2b1e-4c19-b23c-1ba74b3b8d3d,
202608311010434414,202608311009406509,20260831100934,101,13669,Silver QQ_GLTRAN,sl_QQgltran,TASK_COMPLETE,SUCCESS,INFO,62232,62232,0,,2026-08-31T10:09:51.280Z,2026-08-31T10:10:46.316Z,45,2026-08-31T10:10:46.316Z,,,9c46e6d2-bc29-486b-834a-5cb790eff166,
202608311032465766,202608311030433438,20260831103036,101,13669,Silver QQ_GLTRAN,sl_QQgltran,TASK_COMPLETE,SUCCESS,INFO,62232,62232,0,,2026-08-31T10:30:58.958Z,2026-08-31T10:32:49.487Z,97,2026-08-31T10:32:49.487Z,,,09e49ee2-06d3-4d4e-bead-026bdae61ffd,
202608310924256591,202608310923283284,20260831092322,101,13669,Silver QQ_GLTRAN,sl_QQgltran,TASK_COMPLETE,SUCCESS,INFO,62232,62232,0,,2026-08-31T09:23:37.720Z,2026-08-31T09:24:28.328Z,42,2026-08-31T09:24:28.328Z,,,5c914870-1259-45db-8e01-071c49c2c48b,
202609071522024554,202609071521019144,20260907152053,101,13669,Silver QQ_GLTRAN,sl_QQgltran,TASK_COMPLETE,SUCCESS,INFO,16798,16798,0,,2026-09-07T15:21:07.183Z,2026-09-07T15:22:04.155Z,48,2026-09-07T15:22:04.155Z,,,0460ec9f-7fac-46d5-9e9b-69695287cfbb,
202608311217167048,202608311216103251,20260831121604,101,13669,Silver QQ_GLTRAN,sl_QQgltran,TASK_COMPLETE,SUCCESS,INFO,62232,62232,0,,2026-08-31T12:16:26.097Z,2026-08-31T12:17:18.950Z,45,2026-08-31T12:17:18.950Z,,,d6010baf-6f49-48cb-b62b-42e03a1188a5,
202609080535132037,202609080534165077,20260908053408,101,13669,Silver QQ_GLTRAN,sl_QQgltran,TASK_COMPLETE,SUCCESS,INFO,19053,19053,0,,2026-09-08T05:34:26.605Z,2026-09-08T05:35:15.815Z,40,2026-09-08T05:35:15.815Z,,,1af6f9c0-de07-46ce-9d94-4a023d844ee9,
202608310953024121,202608310951276344,20260831095119,101,13669,Silver QQ_GLTRAN,sl_QQgltran,TASK_COMPLETE,SUCCESS,INFO,62232,62232,0,,2026-08-31T09:51:38.493Z,2026-08-31T09:53:05.799Z,44,2026-08-31T09:53:05.799Z,,,99ee6f68-ff7d-4d6b-900e-e5e0d7f1a4b2,
202609071455185945,202609071454186498,20260907145410,101,13669,Silver QQ_GLTRAN,sl_QQgltran,TASK_COMPLETE,SUCCESS,INFO,16798,16798,0,,2026-09-07T14:54:24.110Z,2026-09-07T14:55:20.180Z,48,2026-09-07T14:55:20.180Z,,,ac5b8015-db8f-42f7-a7bf-bc43167fdd7f,
202608310802020561,202608310800215947,20260831080015,101,13669,Silver QQ_GLTRAN,sl_QQgltran,TASK_COMPLETE,SUCCESS,INFO,62232,62232,0,,2026-08-31T08:00:37.630Z,2026-08-31T08:02:06.511Z,75,2026-08-31T08:02:06.511Z,,,cd211bd8-5ba0-4029-bfb0-d15791bb4716,
202609080639060392,202609080637414469,20260908061517,101,13669,Silver QQ_GLTRAN,sl_QQgltran,TASK_COMPLETE,SUCCESS,INFO,19053,19053,0,,2026-09-08T06:37:43.805Z,2026-09-08T06:39:07.927Z,73,2026-09-08T06:39:07.927Z,,,e403e9f6-1206-49ac-bede-045a2ed95a50,
202608311340210621,202608311339124388,20260831133905,101,13669,Silver QQ_GLTRAN,sl_QQgltran,TASK_COMPLETE,SUCCESS,INFO,62232,62232,0,,2026-08-31T13:39:24.336Z,2026-08-31T13:40:44.969Z,39,2026-08-31T13:40:44.969Z,,,07dd075b-5bf5-472f-9e55-115a32dc1362,
202608311421368719,202608311420322463,20260831142025,101,13669,Silver QQ_GLTRAN,sl_QQgltran,TASK_COMPLETE,SUCCESS,INFO,62232,62232,0,,2026-08-31T14:20:52.860Z,2026-08-31T14:21:39.730Z,37,2026-08-31T14:21:39.730Z,,,a4313f80-ca41-4f61-a623-6667a2502fd6,
202608310902024080,202608310901020593,20260831090050,101,13669,Silver QQ_GLTRAN,sl_QQgltran,TASK_COMPLETE,SUCCESS,INFO,62232,62232,0,,2026-08-31T09:01:16.613Z,2026-08-31T09:02:05.499Z,39,2026-08-31T09:02:05.499Z,,,f9912f9a-df28-421c-976b-62650ae76af6,
202609070702498245,202609070701493428,20260907070149,101,13669,Silver QQ_GLTRAN,sl_QQgltran,TASK_COMPLETE,SUCCESS,INFO,17743,17743,0,,2026-09-07T07:01:57.712Z,2026-09-07T07:02:53.501Z,44,2026-09-07T07:02:53.501Z,,,9f5bb09f-5148-427e-a670-091e051e6718,
202608311434049856,202608311433000372,20260831143253,101,13669,Silver QQ_GLTRAN,sl_QQgltran,TASK_COMPLETE,SUCCESS,INFO,62232,62232,0,,2026-08-31T14:33:15.356Z,2026-08-31T14:34:07.531Z,41,2026-08-31T14:34:07.531Z,,,fa4047d4-f27a-487b-936c-970d9787c3cb,
202609030924376293,202609030924376293,20260903092013,1,14,UKG Locations API,br_Locations,TASK_COMPLETE,SUCCESS,INFO,182,182,0,,2026-09-03T09:24:43.973Z,2026-09-03T09:25:02.085Z,16,2026-09-03T09:25:02.085Z,,,26f8b062-6777-48e7-8814-d84ed71c9ad6,
202609021129173140,202609021128232517,20260902112817,101,13669,Silver QQ_GLTRAN,sl_QQgltran,TASK_COMPLETE,SUCCESS,INFO,51750,51750,0,,2026-09-02T11:28:32.281Z,2026-09-02T11:29:19.840Z,39,2026-09-02T11:29:19.840Z,,,99713cf3-93d8-4ad6-9c4e-9dc07347860e,
202609070617278905,202609070616054362,20260907061605,101,13669,Silver QQ_GLTRAN,sl_QQgltran,TASK_COMPLETE,SUCCESS,INFO,17743,17743,0,,2026-09-07T06:16:14.196Z,2026-09-07T06:17:30.787Z,58,2026-09-07T06:17:30.787Z,,,a75ae2d8-c139-4f27-be77-19ed5feecca1,
202609041239016838,202609041237241680,20260904123719,101,13669,Silver QQ_GLTRAN,sl_QQgltran,TASK_COMPLETE,SUCCESS,INFO,17743,17743,0,,2026-09-04T12:37:34.157Z,2026-09-04T12:39:04.993Z,80,2026-09-04T12:39:04.993Z,,,3d506aa0-0269-43eb-aec3-b5d371469503,
202609071544353773,202609071543385817,20260907154330,101,13669,Silver QQ_GLTRAN,sl_QQgltran,TASK_COMPLETE,SUCCESS,INFO,16798,16798,0,,2026-09-07T15:43:42.601Z,2026-09-07T15:44:37.236Z,46,2026-09-07T15:44:37.236Z,,,5697f28d-d34c-4ea1-97ba-86411f09cc26,
202608311124100447,202608311123118933,20260831112306,101,13669,Silver QQ_GLTRAN,sl_QQgltran,TASK_COMPLETE,SUCCESS,INFO,62232,62232,0,,2026-08-31T11:23:21.259Z,2026-08-31T11:24:14.359Z,42,2026-08-31T11:24:14.359Z,,,27127f1f-7540-42fb-babc-8705f6188148,
202609070506285777,202609070505227802,20260907050518,101,13669,Silver QQ_GLTRAN,sl_QQgltran,TASK_COMPLETE,SUCCESS,INFO,17743,17743,0,,2026-09-07T05:05:33.306Z,2026-09-07T05:06:31.699Z,42,2026-09-07T05:06:31.699Z,,,f74a5d25-bd7c-423d-be43-4d097b916c61,
202609030952237882,202609030952237882,20260903095139,2,6,Silver UKG Term Codes,TermCodes,TASK_COMPLETE,SUCCESS,INFO,4,4,0,,2026-09-03T09:52:29.554Z,2026-09-03T09:52:51.606Z,20,2026-09-03T09:52:51.606Z,,,530f48fa-89c6-4a87-9867-195a73ec044d,
202609040603055195,202609040603055194,20260904060200,1,2,UKG Term Codes API,br_TermCodes,TASK_COMPLETE,SUCCESS,INFO,4,4,0,,2026-09-04T06:03:44.732Z,2026-09-04T06:04:25.189Z,38,2026-09-04T06:04:25.189Z,,,d460889e-8832-4fc7-827e-e27003a5b114,
202609010921084426,202609010921084426,20260901092023,1,2,UKG Term Codes API,br_TermCodes,TASK_COMPLETE,SUCCESS,INFO,4,4,0,,2026-09-01T09:21:14.624Z,2026-09-01T09:21:32.190Z,16,2026-09-01T09:21:32.190Z,,,c46e47f1-7e0c-46c6-93e3-7d17cbc17d55,
202609010950439824,202609010950439823,20260901095008,2,6,Silver UKG Term Codes,TermCodes,TASK_COMPLETE,SUCCESS,INFO,4,4,0,,2026-09-01T09:50:48.460Z,2026-09-01T09:51:24.146Z,34,2026-09-01T09:51:24.146Z,,,29dcaaf1-2b1e-4c19-b23c-1ba74b3b8d3d,
202609030920583175,202609030920583175,20260903092013,1,2,UKG Term Codes API,br_TermCodes,TASK_COMPLETE,SUCCESS,INFO,4,4,0,,2026-09-03T09:21:05.032Z,2026-09-03T09:22:05.631Z,58,2026-09-03T09:22:05.631Z,,,26f8b062-6777-48e7-8814-d84ed71c9ad6,
202609010928002989,202609010928002989,20260901092721,2,6,Silver UKG Term Codes,TermCodes,TASK_COMPLETE,SUCCESS,INFO,4,4,0,,2026-09-01T09:28:04.534Z,2026-09-01T09:28:22.395Z,16,2026-09-01T09:28:22.395Z,,,c46e47f1-7e0c-46c6-93e3-7d17cbc17d55,
202609021134144642,202609021134144641,202609021132414060,82,202,Salesforce Tasks,br_sf_tasks,TASK_COMPLETE,SUCCESS,INFO,1106,1106,0,,2026-09-02T11:34:20.595Z,2026-09-02T11:34:38.657Z,16,2026-09-02T11:34:38.657Z,,,0b5a27da-5d48-4ed3-a9f4-1a7052a3fcea,
202609041320133520,202609041320133520,202609041317366179,82,202,Salesforce Tasks,br_sf_tasks,TASK_COMPLETE,SUCCESS,INFO,1075,1075,0,,2026-09-04T13:20:24.988Z,2026-09-04T13:21:09.364Z,42,2026-09-04T13:21:09.364Z,,,bd9b2318-654e-4f3d-b09e-bcdf6b219232,
202609022129506822,202609021903306099,202609021903306075,86,8583,Silver INV,sl_Appointments,TASK_COMPLETE,SUCCESS,INFO,2465613,2465613,0,,2026-09-02T19:03:39.838Z,2026-09-02T21:29:53.061Z,8774,2026-09-02T21:29:53.061Z,,,c49685cc-3281-44bc-a1c2-3be5b1110999,
202609041154042277,202609041154042277,202609041151367402,82,202,Salesforce Tasks,br_sf_tasks,TASK_COMPLETE,SUCCESS,INFO,1001,1001,0,,2026-09-04T11:54:30.030Z,2026-09-04T11:55:04.525Z,32,2026-09-04T11:55:04.525Z,,,6ab129c1-fb62-4518-bfad-8f6d8d29c3ca,
202609032059384205,202609031904201129,202609031904201105,86,8583,Silver INV,sl_Appointments,TASK_COMPLETE,SUCCESS,INFO,2469396,2469396,0,,2026-09-03T19:04:17.619Z,2026-09-03T20:59:41.557Z,6924,2026-09-03T20:59:41.557Z,,,48b34b87-69c2-467d-a88c-67aac910c539,
202608302110100163,202608301904270815,202608301904270791,86,8583,Silver INV,sl_Appointments,TASK_COMPLETE,SUCCESS,INFO,2453840,2453840,0,,2026-08-30T19:04:27.050Z,2026-08-30T21:10:12.061Z,7545,2026-08-30T21:10:12.061Z,,,ba679216-ee2b-4344-afb9-134290faf502,
202609031129320245,202609031129320244,202609031127339423,82,202,Salesforce Tasks,br_sf_tasks,TASK_COMPLETE,SUCCESS,INFO,1109,1109,0,,2026-09-03T11:29:38.496Z,2026-09-03T11:30:04.411Z,23,2026-09-03T11:30:04.411Z,,,b5204bb1-5640-4c52-9143-fe923aba5573,
202608312122263125,202608311905752260,202608311905752236,86,8583,Silver INV,sl_Appointments,TASK_COMPLETE,SUCCESS,INFO,2458053,2458053,0,,2026-08-31T19:06:18.658Z,2026-08-31T21:22:29.754Z,8171,2026-08-31T21:22:29.754Z,,,79f5b39e-d314-4ad3-8050-3ace553d67de,
202609041413392982,202609041413392981,202609041411364710,82,202,Salesforce Tasks,br_sf_tasks,TASK_COMPLETE,SUCCESS,INFO,1156,1156,0,,2026-09-04T14:13:46.719Z,2026-09-04T14:14:15.092Z,23,2026-09-04T14:14:15.092Z,,,9d7b1c7e-8065-427d-99c7-89e3c8306b1f,
202608292059198263,202608291904534430,202608291904534406,86,8583,Silver INV,sl_Appointments,TASK_COMPLETE,SUCCESS,INFO,2453769,2453769,0,,2026-08-29T19:04:49.126Z,2026-08-29T20:59:21.833Z,6872,2026-08-29T20:59:21.833Z,,,dd7385f2-fbd4-41a4-afcd-7296aca5e198,
202609012120317964,202609011903772029,202609011903772005,86,8583,Silver INV,sl_Appointments,TASK_COMPLETE,SUCCESS,INFO,2462777,2462777,0,,2026-09-01T19:04:17.664Z,2026-09-01T21:20:34.963Z,8177,2026-09-01T21:20:34.963Z,,,0e5f68b5-5669-4bb1-91ce-4b967b620e7d,
202609041433577794,202609041408488764,202609041408488763,26,56,DartsSrv Silver,tbl_dartsrv,TASK_COMPLETE,SUCCESS,INFO,154104,67974,0,,2026-09-04T14:09:28.519Z,2026-09-04T14:34:17.199Z,1489,2026-09-04T14:34:17.199Z,,,d54f2858-d272-437f-a2a4-9fa2f90018e7,
202608281954014441,202608281944779156,202608281944779155,35,145,3pArnote Silver,tbl_3pARNOTE,TASK_COMPLETE,SUCCESS,INFO,133,133,0,,2026-08-28T19:45:11.526Z,2026-08-28T19:54:03.372Z,532,2026-08-28T19:54:03.372Z,,,efbc12e1-b596-4992-bb1e-5de64340fc31,
202609010930100709,202609010930100709,20260901092721,2,21,Silver UKG Positions,Positions,TASK_COMPLETE,SUCCESS,INFO,10,10,0,,2026-09-01T09:30:14.581Z,2026-09-01T09:30:33.695Z,17,2026-09-01T09:30:33.695Z,,,c46e47f1-7e0c-46c6-93e3-7d17cbc17d55,
202609030956122388,202609030956122387,20260903095139,2,21,Silver UKG Positions,Positions,TASK_COMPLETE,SUCCESS,INFO,10,10,0,,2026-09-03T09:56:18.741Z,2026-09-03T09:56:40.433Z,19,2026-09-03T09:56:40.433Z,,,530f48fa-89c6-4a87-9867-195a73ec044d,
202608281818317125,202608281812532918,202608281812532917,35,145,3pArnote Silver,tbl_3pARNOTE,TASK_COMPLETE,SUCCESS,INFO,133,133,0,,2026-08-28T18:12:48.782Z,2026-08-28T18:18:33.824Z,345,2026-08-28T18:18:33.824Z,,,458bbcf5-cb92-4c77-b377-3297f084a916,
202609040608030334,202609040608030334,20260904060200,1,16,UKG Positions API,br_Positions,TASK_COMPLETE,SUCCESS,INFO,10,10,0,,2026-09-04T06:08:10.476Z,2026-09-04T06:08:27.315Z,15,2026-09-04T06:08:27.315Z,,,d460889e-8832-4fc7-827e-e27003a5b114,
202609010925253176,202609010925253175,20260901092023,1,16,UKG Positions API,br_Positions,TASK_COMPLETE,SUCCESS,INFO,10,10,0,,2026-09-01T09:25:30.547Z,2026-09-01T09:25:46.921Z,14,2026-09-01T09:25:46.921Z,,,c46e47f1-7e0c-46c6-93e3-7d17cbc17d55,
202609010954418476,202609010954418476,20260901095008,2,21,Silver UKG Positions,Positions,TASK_COMPLETE,SUCCESS,INFO,10,10,0,,2026-09-01T09:54:46.244Z,2026-09-01T09:55:04.565Z,17,2026-09-01T09:55:04.565Z,,,29dcaaf1-2b1e-4c19-b23c-1ba74b3b8d3d,
202609030925380199,202609030925380199,20260903092013,1,16,UKG Positions API,br_Positions,TASK_COMPLETE,SUCCESS,INFO,10,10,0,,2026-09-03T09:25:45.138Z,2026-09-03T09:26:03.109Z,15,2026-09-03T09:26:03.109Z,,,26f8b062-6777-48e7-8814-d84ed71c9ad6,
202609071037593607,202609071037593607,20260907103602,5,33,Silver 8x8 Users,sl_8x8_Users,TASK_COMPLETE,SUCCESS,INFO,5740,5740,0,,2026-09-07T10:38:05.921Z,2026-09-07T10:38:26.883Z,19,2026-09-07T10:38:26.883Z,,,c4acfd08-71e9-4988-a88c-bd601c12a9c9,
202609071144342575,202609071144342575,20260907114237,5,33,Silver 8x8 Users,sl_8x8_Users,TASK_COMPLETE,SUCCESS,INFO,5740,5740,0,,2026-09-07T11:44:39.009Z,2026-09-07T11:44:59.130Z,18,2026-09-07T11:44:59.130Z,,,fad71b32-32ff-4d58-a1b8-e4782a9be879,
202609031124487881,202609031124487881,20260903112332,5,33,Silver 8x8 Users,sl_8x8_Users,TASK_COMPLETE,SUCCESS,INFO,5734,5734,0,,2026-09-03T11:24:53.489Z,2026-09-03T11:25:14.558Z,19,2026-09-03T11:25:14.558Z,,,c4ca1c69-cc05-4d3c-afe4-e43ce3ff741a,
202609040332060256,202609040332060255,20260904033033,5,33,Silver 8x8 Users,sl_8x8_Users,TASK_COMPLETE,SUCCESS,INFO,5734,5734,0,,2026-09-04T03:32:12.321Z,2026-09-04T03:32:36.017Z,22,2026-09-04T03:32:36.017Z,,,b24cabb8-10e7-4f71-8dfa-a5afc839e4b1,
202609040400133360,202609040400133359,20260904035918,5,33,Silver 8x8 Users,sl_8x8_Users,TASK_COMPLETE,SUCCESS,INFO,5734,5734,0,,2026-09-04T04:00:18.125Z,2026-09-04T04:00:37.732Z,18,2026-09-04T04:00:37.732Z,,,31e1b716-f62d-4ff3-bba9-694a795445be,
202609030927526658,202609030927526658,20260903092633,5,33,Silver 8x8 Users,sl_8x8_Users,TASK_COMPLETE,SUCCESS,INFO,5734,5734,0,,2026-09-03T09:27:57.475Z,2026-09-03T09:28:16.399Z,17,2026-09-03T09:28:16.399Z,,,cf1e9d57-f844-4f2d-9009-5cc5d296754c,
202609040508233700,202609040508233700,20260904050651,5,33,Silver 8x8 Users,sl_8x8_Users,TASK_COMPLETE,SUCCESS,INFO,5734,5734,0,,2026-09-04T05:08:28.965Z,2026-09-04T05:08:54.672Z,23,2026-09-04T05:08:54.672Z,,,e11ef06b-c1de-441e-a960-c4d69538ddc8,
202609031035114773,202609031035114773,20260903103347,5,33,Silver 8x8 Users,sl_8x8_Users,TASK_COMPLETE,SUCCESS,INFO,5734,5734,0,,2026-09-03T10:35:16.583Z,2026-09-03T10:35:39.086Z,20,2026-09-03T10:35:39.086Z,,,96a98cf2-5c7e-485f-a552-00977e127934,
202609040327537497,202609040327537496,20260904032635,5,33,Silver 8x8 Users,sl_8x8_Users,TASK_COMPLETE,SUCCESS,INFO,5734,5734,0,,2026-09-04T03:27:59.807Z,2026-09-04T03:28:21.559Z,20,2026-09-04T03:28:21.559Z,,,12b3c6ab-e5be-412c-b011-b57e8d0c6fc9,
202609031100157069,202609031100157069,20260903105849,5,33,Silver 8x8 Users,sl_8x8_Users,TASK_COMPLETE,SUCCESS,INFO,5734,5734,0,,2026-09-03T11:00:21.340Z,2026-09-03T11:00:40.596Z,17,2026-09-03T11:00:40.596Z,,,b1e5c4ea-7b6d-4d5e-afa2-eb79e1fc8e31,
202609071114312820,202609071114312820,20260907111135,5,33,Silver 8x8 Users,sl_8x8_Users,TASK_COMPLETE,SUCCESS,INFO,5740,5740,0,,2026-09-07T11:14:37.546Z,2026-09-07T11:15:18.543Z,37,2026-09-07T11:15:18.543Z,,,027bd594-9340-457f-99dc-6a9fea5cf33a,
202609040530081242,202609040530081242,20260904052822,5,33,Silver 8x8 Users,sl_8x8_Users,TASK_COMPLETE,SUCCESS,INFO,5734,5734,0,,2026-09-04T05:30:38.150Z,2026-09-04T05:31:12.505Z,31,2026-09-04T05:31:12.505Z,,,3f57caf8-008d-4dfc-9f5c-86252efb5d87,
202609070553568291,202609070553568291,20260907055229,5,33,Silver 8x8 Users,sl_8x8_Users,TASK_COMPLETE,SUCCESS,INFO,5740,5740,0,,2026-09-07T05:54:01.611Z,2026-09-07T05:54:23.158Z,19,2026-09-07T05:54:23.158Z,,,3f0f0a05-879c-4e22-8cc2-b9ae0748727e,
202609040447482078,202609040447482078,20260904044625,5,33,Silver 8x8 Users,sl_8x8_Users,TASK_COMPLETE,SUCCESS,INFO,5734,5734,0,,2026-09-04T04:47:53.720Z,2026-09-04T04:48:19.670Z,24,2026-09-04T04:48:19.670Z,,,3c46989a-54ba-4803-b6fb-36a771acc2ba,
202609030956241535,202609030956241535,20260903095459,5,33,Silver 8x8 Users,sl_8x8_Users,TASK_COMPLETE,SUCCESS,INFO,5734,5734,0,,2026-09-03T09:56:29.122Z,2026-09-03T09:56:49.611Z,18,2026-09-03T09:56:49.611Z,,,ca12e9c4-4a93-49c2-9c07-d2cc84daa28e,
202609070828064583,202609070828064583,20260907082613,5,33,Silver 8x8 Users,sl_8x8_Users,TASK_COMPLETE,SUCCESS,INFO,5740,5740,0,,2026-09-07T08:28:11.367Z,2026-09-07T08:28:35.214Z,22,2026-09-07T08:28:35.214Z,,,9f92c221-d408-4dd5-be42-4448e89cdc8e,
202609031132454260,202609031132454260,202609031127339423,82,206,Salesforce Cases,br_sf_cases,TASK_COMPLETE,SUCCESS,INFO,812,812,0,,2026-09-03T11:32:51.425Z,2026-09-03T11:33:10.464Z,17,2026-09-03T11:33:10.464Z,,,b5204bb1-5640-4c52-9143-fe923aba5573,
202609021726191405,202609021726191405,202609021132414060,82,203,Salesforce Users,br_sf_users,TASK_COMPLETE,SUCCESS,INFO,476,476,0,,2026-09-02T17:26:28.762Z,2026-09-02T17:27:14.472Z,41,2026-09-02T17:27:14.472Z,,,0d5be434-3f1a-4f4b-ae90-f0c48a55ec54,
202609041417077347,202609041417077347,202609041411364710,82,206,Salesforce Cases,br_sf_cases,TASK_COMPLETE,SUCCESS,INFO,804,804,0,,2026-09-04T14:17:25.542Z,2026-09-04T14:17:46.287Z,19,2026-09-04T14:17:46.287Z,,,9d7b1c7e-8065-427d-99c7-89e3c8306b1f,
202609041321140595,202609041321140594,202609041317366179,82,203,Salesforce Users,br_sf_users,TASK_COMPLETE,SUCCESS,INFO,476,476,0,,2026-09-04T13:21:20.871Z,2026-09-04T13:21:42.381Z,19,2026-09-04T13:21:42.381Z,,,bd9b2318-654e-4f3d-b09e-bcdf6b219232,
202609041159211230,202609041159211230,202609041151367402,82,206,Salesforce Cases,br_sf_cases,TASK_COMPLETE,SUCCESS,INFO,736,736,0,,2026-09-04T11:59:47.679Z,2026-09-04T12:00:18.756Z,29,2026-09-04T12:00:18.756Z,,,6ab129c1-fb62-4518-bfad-8f6d8d29c3ca,
202609041155144657,202609041155144656,202609041151367402,82,203,Salesforce Users,br_sf_users,TASK_COMPLETE,SUCCESS,INFO,476,476,0,,2026-09-04T11:55:23.046Z,2026-09-04T11:55:54.431Z,29,2026-09-04T11:55:54.431Z,,,6ab129c1-fb62-4518-bfad-8f6d8d29c3ca,
202609021135592927,202609021135592926,202609021132414060,82,206,Salesforce Cases,br_sf_cases,TASK_COMPLETE,SUCCESS,INFO,704,704,0,,2026-09-02T11:36:05.298Z,2026-09-02T11:36:21.335Z,14,2026-09-02T11:36:21.335Z,,,0b5a27da-5d48-4ed3-a9f4-1a7052a3fcea,
202608281049254820,202608281049254820,202607161844309699,82,202,Salesforce Tasks,br_sf_tasks,TASK_COMPLETE,SUCCESS,INFO,905,905,0,,2026-08-28T10:49:29.815Z,2026-08-28T10:49:46.694Z,15,2026-08-28T10:49:46.694Z,,,2b16353c-bcd4-48d1-8db2-5f7768416428,
202609041414203203,202609041414203203,202609041411364710,82,203,Salesforce Users,br_sf_users,TASK_COMPLETE,SUCCESS,INFO,476,476,0,,2026-09-04T14:14:27.829Z,2026-09-04T14:14:48.373Z,18,2026-09-04T14:14:48.373Z,,,9d7b1c7e-8065-427d-99c7-89e3c8306b1f,
202609031130102210,202609031130102210,202609031127339423,82,203,Salesforce Users,br_sf_users,TASK_COMPLETE,SUCCESS,INFO,476,476,0,,2026-09-03T11:30:17.885Z,2026-09-03T11:30:42.102Z,22,2026-09-03T11:30:42.102Z,,,b5204bb1-5640-4c52-9143-fe923aba5573,
202609041324063127,202609041324063126,202609041317366179,82,206,Salesforce Cases,br_sf_cases,TASK_COMPLETE,SUCCESS,INFO,774,774,0,,2026-09-04T13:24:13.115Z,2026-09-04T13:24:37.822Z,22,2026-09-04T13:24:37.822Z,,,bd9b2318-654e-4f3d-b09e-bcdf6b219232,
202609041414528592,202609041414528592,202609041411364710,82,204,Salesforce Leads,br_sf_leads,TASK_COMPLETE,SUCCESS,INFO,103,103,0,,2026-09-04T14:15:00.186Z,2026-09-04T14:15:17.979Z,16,2026-09-04T14:15:17.979Z,,,9d7b1c7e-8065-427d-99c7-89e3c8306b1f,
202608311416453522,202608311414369705,20260831141430,100,13668,Bronze QQ_GLTRAN,br_qq_gltran,TASK_COMPLETE,SUCCESS,INFO,0,0,0,,2026-08-31T14:14:47.709Z,2026-08-31T14:16:48.086Z,99,2026-08-31T14:16:48.086Z,,,a4313f80-ca41-4f61-a623-6667a2502fd6,
202609041606573673,202609041606573672,20260904160439,82,202,Salesforce Tasks,br_sf_tasks,TASK_COMPLETE,SUCCESS,INFO,1334,1334,0,,2026-09-04T16:07:03.775Z,2026-09-04T16:07:23.271Z,17,2026-09-04T16:07:23.271Z,,,7a604b07-1e27-4ff8-bd86-1860fd5608a2,
202609032059384187,202609031904201114,202609031904201105,86,5728,Silver INV,sl_ReAssessment,TASK_COMPLETE,SUCCESS,INFO,79593,79593,0,,2026-09-03T19:04:17.619Z,2026-09-03T20:59:41.557Z,6924,2026-09-03T20:59:41.557Z,,,48b34b87-69c2-467d-a88c-67aac910c539,
202609041155591713,202609041155591713,202609041151367402,82,204,Salesforce Leads,br_sf_leads,TASK_COMPLETE,SUCCESS,INFO,81,81,0,,2026-09-04T11:56:08.344Z,2026-09-04T11:56:55.062Z,38,2026-09-04T11:56:55.062Z,,,6ab129c1-fb62-4518-bfad-8f6d8d29c3ca,
202609031130468598,202609031130468598,202609031127339423,82,204,Salesforce Leads,br_sf_leads,TASK_COMPLETE,SUCCESS,INFO,87,87,0,,2026-09-03T11:30:54.405Z,2026-09-03T11:31:15.203Z,18,2026-09-03T11:31:15.203Z,,,b5204bb1-5640-4c52-9143-fe923aba5573,
202608281050143203,202608281050143203,202607161844309699,82,204,Salesforce Leads,br_sf_leads,TASK_COMPLETE,SUCCESS,INFO,45,45,0,,2026-08-28T10:50:18.799Z,2026-08-28T10:50:36.250Z,15,2026-08-28T10:50:36.250Z,,,2b16353c-bcd4-48d1-8db2-5f7768416428,
202609041321470532,202609041321470531,202609041317366179,82,204,Salesforce Leads,br_sf_leads,TASK_COMPLETE,SUCCESS,INFO,81,81,0,,2026-09-04T13:21:53.485Z,2026-09-04T13:22:16.358Z,21,2026-09-04T13:22:16.358Z,,,bd9b2318-654e-4f3d-b09e-bcdf6b219232,
202609021135003383,202609021135003382,202609021132414060,82,204,Salesforce Leads,br_sf_leads,TASK_COMPLETE,SUCCESS,INFO,85,85,0,,2026-09-02T11:35:05.799Z,2026-09-02T11:35:22.021Z,14,2026-09-02T11:35:22.021Z,,,0b5a27da-5d48-4ed3-a9f4-1a7052a3fcea,
202609030920193449,202609030920193449,20260903092013,1,1,UKG Job Codes API,br_JobCodes,TASK_COMPLETE,SUCCESS,INFO,299,299,0,,2026-09-03T09:20:25.168Z,2026-09-03T09:20:53.419Z,25,2026-09-03T09:20:53.419Z,,,26f8b062-6777-48e7-8814-d84ed71c9ad6,
202609040602070321,202609040602070321,20260904060200,1,1,UKG Job Codes API,br_JobCodes,TASK_COMPLETE,SUCCESS,INFO,299,299,0,,2026-09-04T06:02:20.250Z,2026-09-04T06:02:49.439Z,26,2026-09-04T06:02:49.439Z,,,d460889e-8832-4fc7-827e-e27003a5b114,
202609010920297733,202609010920297733,20260901092023,1,1,UKG Job Codes API,br_JobCodes,TASK_COMPLETE,SUCCESS,INFO,299,299,0,,2026-09-01T09:20:36.407Z,2026-09-01T09:21:03.688Z,25,2026-09-01T09:21:03.688Z,,,c46e47f1-7e0c-46c6-93e3-7d17cbc17d55,
202609030951452217,202609030951452216,20260903095139,2,5,Silver UKG Job Codes,JobCodes,TASK_COMPLETE,SUCCESS,INFO,299,299,0,,2026-09-03T09:51:50.272Z,2026-09-03T09:52:15.671Z,23,2026-09-03T09:52:15.671Z,,,530f48fa-89c6-4a87-9867-195a73ec044d,
202609010950135806,202609010950135806,20260901095008,2,5,Silver UKG Job Codes,JobCodes,TASK_COMPLETE,SUCCESS,INFO,299,299,0,,2026-09-01T09:50:18.167Z,2026-09-01T09:50:36.877Z,17,2026-09-01T09:50:36.877Z,,,29dcaaf1-2b1e-4c19-b23c-1ba74b3b8d3d,
202609010927268259,202609010927268258,20260901092721,2,5,Silver UKG Job Codes,JobCodes,TASK_COMPLETE,SUCCESS,INFO,299,299,0,,2026-09-01T09:27:31.252Z,2026-09-01T09:27:53.774Z,21,2026-09-01T09:27:53.774Z,,,c46e47f1-7e0c-46c6-93e3-7d17cbc17d55,
202608281840098411,202608281835767816,202608281835767815,35,145,3pArnote Silver,tbl_3pARNOTE,TASK_COMPLETE,SUCCESS,INFO,0,0,0,,2026-08-28T18:36:12.417Z,2026-08-28T18:40:19.969Z,247,2026-08-28T18:40:19.969Z,,,8e23258c-98e6-4e5b-b927-9ac8867dc9e7,
202609041607577822,202609041607577822,20260904160439,82,204,Salesforce Leads,br_sf_leads,TASK_COMPLETE,SUCCESS,INFO,104,104,0,,2026-09-04T16:08:04.442Z,2026-09-04T16:08:22.806Z,16,2026-09-04T16:08:22.806Z,,,7a604b07-1e27-4ff8-bd86-1860fd5608a2,
202609041607273932,202609041607273931,20260904160439,82,203,Salesforce Users,br_sf_users,TASK_COMPLETE,SUCCESS,INFO,476,476,0,,2026-09-04T16:07:34.698Z,2026-09-04T16:07:53.763Z,17,2026-09-04T16:07:53.763Z,,,7a604b07-1e27-4ff8-bd86-1860fd5608a2,
202609041610186764,202609041610186764,20260904160439,82,206,Salesforce Cases,br_sf_cases,TASK_COMPLETE,SUCCESS,INFO,869,869,0,,2026-09-04T16:10:27.205Z,2026-09-04T16:10:47.204Z,18,2026-09-04T16:10:47.204Z,,,7a604b07-1e27-4ff8-bd86-1860fd5608a2,
202608300929012682,202608300929012682,20260830092444,132,13706,Missed Doses Gold,MissedDoses,TASK_SUCCESS,SUCCESS,INFO,0,0,0,,2026-08-30T09:29:01.268Z,2026-08-30T09:29:22.141Z,20,2026-08-30T09:29:22.141Z,,,d0826a4c-ff98-435d-adfd-e339a02d1b06,
202608300818065301,202608300818065301,20260830081340,132,13706,Missed Doses Gold,MissedDoses,TASK_SUCCESS,SUCCESS,INFO,0,0,0,,2026-08-30T08:18:06.530Z,2026-08-30T08:18:26.506Z,19,2026-08-30T08:18:26.506Z,,,8cf8f378-16db-4eda-8552-9c6ae683939d,
202609010651330288,202609010651330288,20260901064704,132,13706,Missed Doses Gold,MissedDoses,TASK_SUCCESS,SUCCESS,INFO,0,0,0,,2026-09-01T06:51:33.028Z,2026-09-01T06:51:54.000Z,20,2026-09-01T06:51:54.000Z,,,f386ddbf-c5af-4242-bf29-5f60b1e71ecf,
202608281209088559,202608281209088559,20260828120423,132,13706,Missed Doses Gold,MissedDoses,TASK_SUCCESS,SUCCESS,INFO,0,0,0,,2026-08-28T12:09:08.855Z,2026-08-28T12:09:37.449Z,28,2026-08-28T12:09:37.449Z,,,e752845a-2a63-48ca-b4ef-ba7a68ece0b6,
202609041353052887,202609041344621465,202609041344621464,26,56,DartsSrv Silver,tbl_dartsrv,TASK_COMPLETE,SUCCESS,INFO,297,95,0,,2026-09-04T13:45:02.692Z,2026-09-04T13:53:07.617Z,485,2026-09-04T13:53:07.617Z,,,cb9f45fe-59e4-4b23-966e-377c65c5ec2d,
202608312122263108,202608311905752245,202608311905752236,86,5728,Silver INV,sl_ReAssessment,TASK_COMPLETE,SUCCESS,INFO,239,239,0,,2026-08-31T19:06:18.658Z,2026-08-31T21:22:29.754Z,8171,2026-08-31T21:22:29.754Z,,,79f5b39e-d314-4ad3-8050-3ace553d67de,
202609031214214932,202609031145501709,202609031145501700,86,5728,Silver INV,sl_ReAssessment,TASK_COMPLETE,SUCCESS,INFO,237,237,0,,2026-09-03T11:45:45.517Z,2026-09-03T12:14:25.348Z,1720,2026-09-03T12:14:25.348Z,,,8e54a6a2-7031-4831-b2c0-8c5ea7811246,
202609022032200690,202609021926396237,202609021926396228,86,5728,Silver INV,sl_ReAssessment,TASK_COMPLETE,SUCCESS,INFO,239,239,0,,2026-09-02T19:26:44.280Z,2026-09-02T20:32:22.857Z,3938,2026-09-02T20:32:22.857Z,,,aa9f49a8-9ff8-4a6e-a263-7617045dadde,
202608302110100146,202608301904270800,202608301904270791,86,5728,Silver INV,sl_ReAssessment,TASK_COMPLETE,SUCCESS,INFO,239,239,0,,2026-08-30T19:04:27.050Z,2026-08-30T21:10:12.061Z,7545,2026-08-30T21:10:12.061Z,,,ba679216-ee2b-4344-afb9-134290faf502,
202609022129506805,202609021903306084,202609021903306075,86,5728,Silver INV,sl_ReAssessment,TASK_COMPLETE,SUCCESS,INFO,239,239,0,,2026-09-02T19:03:39.838Z,2026-09-02T21:29:53.061Z,8774,2026-09-02T21:29:53.061Z,,,c49685cc-3281-44bc-a1c2-3be5b1110999,
202609012120317947,202609011903772014,202609011903772005,86,5728,Silver INV,sl_ReAssessment,TASK_COMPLETE,SUCCESS,INFO,239,239,0,,2026-09-01T19:04:17.664Z,2026-09-01T21:20:34.963Z,8177,2026-09-01T21:20:34.963Z,,,0e5f68b5-5669-4bb1-91ce-4b967b620e7d,
202608292059198246,202608291904534415,202608291904534406,86,5728,Silver INV,sl_ReAssessment,TASK_COMPLETE,SUCCESS,INFO,239,239,0,,2026-08-29T19:04:49.126Z,2026-08-29T20:59:21.833Z,6872,2026-08-29T20:59:21.833Z,,,dd7385f2-fbd4-41a4-afcd-7296aca5e198,
202608302110100159,202608301904270811,202608301904270791,86,8579,Silver INV,sl_LiquidLog,TASK_COMPLETE,SUCCESS,INFO,15085343,15085343,0,,2026-08-30T19:04:27.050Z,2026-08-30T21:10:12.061Z,7545,2026-08-30T21:10:12.061Z,,,ba679216-ee2b-4344-afb9-134290faf502,
202608312122263120,202608311905752256,202608311905752236,86,8579,Silver INV,sl_LiquidLog,TASK_COMPLETE,SUCCESS,INFO,15078749,15078749,0,,2026-08-31T19:06:18.658Z,2026-08-31T21:22:29.754Z,8171,2026-08-31T21:22:29.754Z,,,79f5b39e-d314-4ad3-8050-3ace553d67de,
202609012120317960,202609011903772025,202609011903772005,86,8579,Silver INV,sl_LiquidLog,TASK_COMPLETE,SUCCESS,INFO,15079831,15079831,0,,2026-09-01T19:04:17.664Z,2026-09-01T21:20:34.963Z,8177,2026-09-01T21:20:34.963Z,,,0e5f68b5-5669-4bb1-91ce-4b967b620e7d,
202609032059384200,202609031904201125,202609031904201105,86,8579,Silver INV,sl_LiquidLog,TASK_COMPLETE,SUCCESS,INFO,15082907,15082907,0,,2026-09-03T19:04:17.619Z,2026-09-03T20:59:41.557Z,6924,2026-09-03T20:59:41.557Z,,,48b34b87-69c2-467d-a88c-67aac910c539,
202608292059198259,202608291904534426,202608291904534406,86,8579,Silver INV,sl_LiquidLog,TASK_COMPLETE,SUCCESS,INFO,15084591,15084591,0,,2026-08-29T19:04:49.126Z,2026-08-29T20:59:21.833Z,6872,2026-08-29T20:59:21.833Z,,,dd7385f2-fbd4-41a4-afcd-7296aca5e198,
202609022129506818,202609021903306095,202609021903306075,86,8579,Silver INV,sl_LiquidLog,TASK_COMPLETE,SUCCESS,INFO,15078357,15078357,0,,2026-09-02T19:03:39.838Z,2026-09-02T21:29:53.061Z,8774,2026-09-02T21:29:53.061Z,,,c49685cc-3281-44bc-a1c2-3be5b1110999,
202609022032200708,202609021926396252,202609021926396228,86,8583,Silver INV,sl_Appointments,TASK_COMPLETE,SUCCESS,INFO,0,0,0,,2026-09-02T19:26:44.280Z,2026-09-02T20:32:22.857Z,3938,2026-09-02T20:32:22.857Z,,,aa9f49a8-9ff8-4a6e-a263-7617045dadde,
202609041735311990,202609041706373953,202609041706373944,86,5728,Silver INV,sl_ReAssessment,TASK_COMPLETE,SUCCESS,INFO,0,0,0,,2026-09-04T17:06:35.444Z,2026-09-04T17:35:34.034Z,1739,2026-09-04T17:35:34.034Z,,,5652dc3b-8824-4606-a16d-f373dc1d2ada,
202609041615082980,202609041543473999,202609041543473975,86,8583,Silver INV,sl_Appointments,TASK_COMPLETE,SUCCESS,INFO,0,0,0,,2026-09-04T15:43:48.314Z,2026-09-04T16:15:10.849Z,1882,2026-09-04T16:15:10.849Z,,,66e9e433-72b0-4c30-b0ea-7611d9608923,
202609071931510910,202609071904736254,202609071904736230,86,8583,Silver INV,sl_Appointments,TASK_COMPLETE,SUCCESS,INFO,0,0,0,,2026-09-07T19:05:10.929Z,2026-09-07T19:31:53.979Z,1603,2026-09-07T19:31:53.979Z,,,fc48ec9c-d1b8-4775-bd67-583e82846e52,
202609041615082963,202609041543473984,202609041543473975,86,5728,Silver INV,sl_ReAssessment,TASK_COMPLETE,SUCCESS,INFO,0,0,0,,2026-09-04T15:43:48.314Z,2026-09-04T16:15:10.849Z,1882,2026-09-04T16:15:10.849Z,,,66e9e433-72b0-4c30-b0ea-7611d9608923,
202609051931511181,202609051904209241,202609051904209217,86,8583,Silver INV,sl_Appointments,TASK_COMPLETE,SUCCESS,INFO,0,0,0,,2026-09-05T19:04:18.404Z,2026-09-05T19:31:53.528Z,1655,2026-09-05T19:31:53.528Z,,,a7cfa2a8-4e03-4cce-a64e-9a92e6e67f12,
202609061931017284,202609061904381258,202609061904381249,86,5728,Silver INV,sl_ReAssessment,TASK_COMPLETE,SUCCESS,INFO,0,0,0,,2026-09-06T19:04:34.627Z,2026-09-06T19:31:03.849Z,1589,2026-09-06T19:31:03.849Z,,,5cce37fd-5f38-41c5-90e1-d9efeb3bd245,
202609031214214949,202609031145501724,202609031145501700,86,8583,Silver INV,sl_Appointments,TASK_COMPLETE,SUCCESS,INFO,0,0,0,,2026-09-03T11:45:45.517Z,2026-09-03T12:14:25.348Z,1720,2026-09-03T12:14:25.348Z,,,8e54a6a2-7031-4831-b2c0-8c5ea7811246,
202609061931017300,202609061904381273,202609061904381249,86,8583,Silver INV,sl_Appointments,TASK_COMPLETE,SUCCESS,INFO,0,0,0,,2026-09-06T19:04:34.627Z,2026-09-06T19:31:03.849Z,1589,2026-09-06T19:31:03.849Z,,,5cce37fd-5f38-41c5-90e1-d9efeb3bd245,
202609051931511164,202609051904209226,202609051904209217,86,5728,Silver INV,sl_ReAssessment,TASK_COMPLETE,SUCCESS,INFO,0,0,0,,2026-09-05T19:04:18.404Z,2026-09-05T19:31:53.528Z,1655,2026-09-05T19:31:53.528Z,,,a7cfa2a8-4e03-4cce-a64e-9a92e6e67f12,
202609041735312007,202609041706373968,202609041706373944,86,8583,Silver INV,sl_Appointments,TASK_COMPLETE,SUCCESS,INFO,0,0,0,,2026-09-04T17:06:35.444Z,2026-09-04T17:35:34.034Z,1739,2026-09-04T17:35:34.034Z,,,5652dc3b-8824-4606-a16d-f373dc1d2ada,
202609071931510893,202609071904736239,202609071904736230,86,5728,Silver INV,sl_ReAssessment,TASK_COMPLETE,SUCCESS,INFO,0,0,0,,2026-09-07T19:05:10.929Z,2026-09-07T19:31:53.979Z,1603,2026-09-07T19:31:53.979Z,,,fc48ec9c-d1b8-4775-bd67-583e82846e52,
202609030921484376,202609030921484376,20260903092015,4,30,8x8 Users API,br_8x8_Users,TASK_COMPLETE,SUCCESS,INFO,5734,5734,0,,2026-09-03T09:21:54.650Z,2026-09-03T09:24:11.233Z,134,2026-09-03T09:24:11.233Z,,,cf1e9d57-f844-4f2d-9009-5cc5d296754c,
202609040630327132,202609040630327132,20260904053449,4,30,8x8 Users API,br_8x8_Users,TASK_COMPLETE,SUCCESS,INFO,5734,5734,0,,2026-09-04T06:30:38.113Z,2026-09-04T06:32:29.160Z,109,2026-09-04T06:32:29.160Z,,,5c90ec33-5130-4875-a415-66abc3f2b4d7,
202609070548091796,202609070548091796,20260907054602,4,30,8x8 Users API,br_8x8_Users,TASK_COMPLETE,SUCCESS,INFO,5740,5740,0,,2026-09-07T05:48:15.847Z,2026-09-07T05:50:17.401Z,119,2026-09-07T05:50:17.401Z,,,3f0f0a05-879c-4e22-8cc2-b9ae0748727e,
202609031029434114,202609031029434113,20260903102736,4,30,8x8 Users API,br_8x8_Users,TASK_COMPLETE,SUCCESS,INFO,5734,5734,0,,2026-09-03T10:29:49.668Z,2026-09-03T10:31:41.603Z,110,2026-09-03T10:31:41.603Z,,,96a98cf2-5c7e-485f-a552-00977e127934,
202609031054299305,202609031054299304,20260903105209,4,30,8x8 Users API,br_8x8_Users,TASK_COMPLETE,SUCCESS,INFO,5734,5734,0,,2026-09-03T10:54:36.244Z,2026-09-03T10:56:30.581Z,112,2026-09-03T10:56:30.581Z,,,b1e5c4ea-7b6d-4d5e-afa2-eb79e1fc8e31,
202609030950323067,202609030950323067,20260903094815,4,30,8x8 Users API,br_8x8_Users,TASK_COMPLETE,SUCCESS,INFO,5734,5734,0,,2026-09-03T09:50:39.546Z,2026-09-03T09:52:41.869Z,120,2026-09-03T09:52:41.869Z,,,ca12e9c4-4a93-49c2-9c07-d2cc84daa28e,
202609040612177445,202609040612177444,20260904055509,4,30,8x8 Users API,br_8x8_Users,TASK_COMPLETE,SUCCESS,INFO,5734,5734,0,,2026-09-04T06:12:22.666Z,2026-09-04T06:14:10.631Z,106,2026-09-04T06:14:10.631Z,,,963356ac-0db4-498c-8882-cac150b60200,
202609031118385569,202609031118385569,20260903111712,4,30,8x8 Users API,br_8x8_Users,TASK_COMPLETE,SUCCESS,INFO,5734,5734,0,,2026-09-03T11:18:45.679Z,2026-09-03T11:21:01.085Z,133,2026-09-03T11:21:01.085Z,,,c4ca1c69-cc05-4d3c-afe4-e43ce3ff741a,
202609040322100013,202609040322100012,20260904032024,4,30,8x8 Users API,br_8x8_Users,TASK_COMPLETE,SUCCESS,INFO,5734,5734,0,,2026-09-04T03:22:16.187Z,2026-09-04T03:24:06.892Z,109,2026-09-04T03:24:06.892Z,,,12b3c6ab-e5be-412c-b011-b57e8d0c6fc9,
202609040354567245,202609040354567244,20260904033502,4,30,8x8 Users API,br_8x8_Users,TASK_COMPLETE,SUCCESS,INFO,5734,5734,0,,2026-09-04T03:55:01.769Z,2026-09-04T03:56:56.672Z,113,2026-09-04T03:56:56.672Z,,,31e1b716-f62d-4ff3-bba9-694a795445be,
202609070621215704,202609070618460104,20260812052205,102,13670,Gold QQ_GLTRAN,QQgltran,TASK_COMPLETE,SUCCESS,INFO,15037302,15037302,0,,2026-09-07T06:18:52.536Z,2026-09-07T06:21:23.384Z,144,2026-09-07T06:21:23.384Z,,,a75ae2d8-c139-4f27-be77-19ed5feecca1,
202609070534152884,202609070529470119,20260907052943,102,13670,Gold QQ_GLTRAN,QQgltran,TASK_COMPLETE,SUCCESS,INFO,15037302,15037302,0,,2026-09-07T05:29:55.714Z,2026-09-07T05:34:18.050Z,252,2026-09-07T05:34:18.050Z,,,11881138-e193-4401-91c9-28193ebd1a8a,
202609041244169987,202609041240058474,20260904124002,102,13670,Gold QQ_GLTRAN,QQgltran,TASK_COMPLETE,SUCCESS,INFO,15037302,15037302,0,,2026-09-04T12:40:11.329Z,2026-09-04T12:44:18.755Z,239,2026-09-04T12:44:18.755Z,,,3d506aa0-0269-43eb-aec3-b5d371469503,
202609070855349473,202609070852542196,20260907085246,102,13670,Gold QQ_GLTRAN,QQgltran,TASK_COMPLETE,SUCCESS,INFO,15037302,15037302,0,,2026-09-07T08:52:59.413Z,2026-09-07T08:55:36.915Z,149,2026-09-07T08:55:36.915Z,,,49061cae-9c41-49bf-8a9d-5bcf8fc7e716,
202608311015582765,202608311012070574,20260831101202,102,13670,Gold QQ_GLTRAN,QQgltran,TASK_COMPLETE,SUCCESS,INFO,14432042,14412058,0,,2026-08-31T10:12:13.900Z,2026-08-31T10:16:00.306Z,218,2026-08-31T10:16:00.306Z,,,9c46e6d2-bc29-486b-834a-5cb790eff166,
202608310908019415,202608310903595174,20260831090355,102,13670,Gold QQ_GLTRAN,QQgltran,TASK_COMPLETE,SUCCESS,INFO,14432042,14412058,0,,2026-08-31T09:04:18.064Z,2026-08-31T09:08:03.895Z,213,2026-08-31T09:08:03.895Z,,,f9912f9a-df28-421c-976b-62650ae76af6,
202609021217220129,202609021212191972,20260902121209,102,13670,Gold QQ_GLTRAN,QQgltran,TASK_COMPLETE,SUCCESS,INFO,14439401,14419417,0,,2026-09-02T12:12:24.996Z,2026-09-02T12:17:28.370Z,280,2026-09-02T12:17:28.370Z,,,8be66682-1794-4c68-b3dc-9ff94405c2fa,
202609070708126096,202609070704224535,20260907070422,102,13670,Gold QQ_GLTRAN,QQgltran,TASK_COMPLETE,SUCCESS,INFO,15037302,15037302,0,,2026-09-07T07:04:28.801Z,2026-09-07T07:08:14.456Z,215,2026-09-07T07:08:14.456Z,,,9f5bb09f-5148-427e-a670-091e051e6718,
202609020951194273,202609020947069884,20260902094702,102,13670,Gold QQ_GLTRAN,QQgltran,TASK_COMPLETE,SUCCESS,INFO,14432042,14412058,0,,2026-09-02T09:47:14.506Z,2026-09-02T09:51:21.221Z,239,2026-09-02T09:51:21.221Z,,,37c478d0-9f56-4e8a-8c38-be79ba66e3f9,
202609021134239160,202609021130461421,20260902113041,102,13670,Gold QQ_GLTRAN,QQgltran,TASK_COMPLETE,SUCCESS,INFO,14439401,14419417,0,,2026-09-02T11:30:53.733Z,2026-09-02T11:34:25.980Z,202,2026-09-02T11:34:25.980Z,,,99713cf3-93d8-4ad6-9c4e-9dc07347860e,
202608310806188766,202608310803183870,20260831080315,102,13670,Gold QQ_GLTRAN,QQgltran,TASK_COMPLETE,SUCCESS,INFO,14432042,14412058,0,,2026-08-31T08:03:24.442Z,2026-08-31T08:06:20.881Z,168,2026-08-31T08:06:20.881Z,,,cd211bd8-5ba0-4029-bfb0-d15791bb4716,
202608311440270015,202608311436002187,20260831143556,102,13670,Gold QQ_GLTRAN,QQgltran,TASK_COMPLETE,SUCCESS,INFO,14432042,14412058,0,,2026-08-31T14:36:04.936Z,2026-08-31T14:40:29.045Z,253,2026-08-31T14:40:29.045Z,,,fa4047d4-f27a-487b-936c-970d9787c3cb,
202608310957351366,202608310954148485,20260831095411,102,13670,Gold QQ_GLTRAN,QQgltran,TASK_COMPLETE,SUCCESS,INFO,14432042,14412058,0,,2026-08-31T09:54:19.314Z,2026-08-31T09:57:36.670Z,185,2026-08-31T09:57:36.670Z,,,99ee6f68-ff7d-4d6b-900e-e5e0d7f1a4b2,
202608311144352444,202608311140569891,20260831114052,102,13670,Gold QQ_GLTRAN,QQgltran,TASK_COMPLETE,SUCCESS,INFO,14432042,14412058,0,,2026-08-31T11:41:06.736Z,2026-08-31T11:44:37.280Z,203,2026-08-31T11:44:37.280Z,,,19c559af-f091-43f5-8c0f-1833bb34822b,
202608310929359723,202608310926257896,20260831092621,102,13670,Gold QQ_GLTRAN,QQgltran,TASK_COMPLETE,SUCCESS,INFO,14432042,14412058,0,,2026-08-31T09:26:30.683Z,2026-08-31T09:29:37.556Z,180,2026-08-31T09:29:37.556Z,,,5c914870-1259-45db-8e01-071c49c2c48b,
202608311402540132,202608311359218774,20260831135918,102,13670,Gold QQ_GLTRAN,QQgltran,TASK_COMPLETE,SUCCESS,INFO,14432042,14412058,0,,2026-08-31T13:59:29.641Z,2026-08-31T14:02:59.996Z,199,2026-08-31T14:02:59.996Z,,,e8e82550-ed4c-4021-936a-26d7edfe3122,
202608311322445659,202608311316445131,20260831131639,102,13670,Gold QQ_GLTRAN,QQgltran,TASK_COMPLETE,SUCCESS,INFO,14432042,14412058,0,,2026-08-31T13:16:49.231Z,2026-08-31T13:22:46.203Z,347,2026-08-31T13:22:46.203Z,,,2ec586ea-689b-4d60-a32b-0ce26aadbc29,
202608311346171320,202608311342250458,20260831134221,102,13670,Gold QQ_GLTRAN,QQgltran,TASK_COMPLETE,SUCCESS,INFO,14432042,14412058,0,,2026-08-31T13:42:29.635Z,2026-08-31T13:46:18.817Z,222,2026-08-31T13:46:18.817Z,,,07dd075b-5bf5-472f-9e55-115a32dc1362,
202608311237219560,202608311233152324,20260831123259,102,13670,Gold QQ_GLTRAN,QQgltran,TASK_COMPLETE,SUCCESS,INFO,14432042,14412058,0,,2026-08-31T12:33:46.159Z,2026-08-31T12:37:25.106Z,209,2026-08-31T12:37:25.106Z,,,0da6e75e-5a69-4862-a340-cdd568a9c764,
202609041205436124,202609041202530082,20260904120250,102,13670,Gold QQ_GLTRAN,QQgltran,TASK_COMPLETE,SUCCESS,INFO,15037302,15037302,0,,2026-09-04T12:03:00.570Z,2026-09-04T12:05:46.368Z,140,2026-09-04T12:05:46.368Z,,,a32139d4-7f73-4d6a-9430-a52d8d74e9b7,
202609021034076631,202609021029448922,20260902102939,102,13670,Gold QQ_GLTRAN,QQgltran,TASK_COMPLETE,SUCCESS,INFO,14432042,14412058,0,,2026-09-02T10:29:51.462Z,2026-09-02T10:34:10.000Z,248,2026-09-02T10:34:10.000Z,,,0bac3e96-9d2f-4fc3-a6af-cb22f235b46a,
202608311038310961,202608311034532443,20260831103449,102,13670,Gold QQ_GLTRAN,QQgltran,TASK_COMPLETE,SUCCESS,INFO,14432042,14412058,0,,2026-08-31T10:35:00.277Z,2026-08-31T10:38:34.331Z,205,2026-08-31T10:38:34.331Z,,,09e49ee2-06d3-4d4e-bead-026bdae61ffd,
202609022129506820,202609021903306097,202609021903306075,86,8581,Silver INV,sl_LABResult,TASK_COMPLETE,SUCCESS,INFO,394743,394743,0,,2026-09-02T19:03:39.838Z,2026-09-02T21:29:53.061Z,8774,2026-09-02T21:29:53.061Z,,,c49685cc-3281-44bc-a1c2-3be5b1110999,
202608312122263123,202608311905752258,202608311905752236,86,8581,Silver INV,sl_LABResult,TASK_COMPLETE,SUCCESS,INFO,394521,394521,0,,2026-08-31T19:06:18.658Z,2026-08-31T21:22:29.754Z,8171,2026-08-31T21:22:29.754Z,,,79f5b39e-d314-4ad3-8050-3ace553d67de,
202609012120317962,202609011903772027,202609011903772005,86,8581,Silver INV,sl_LABResult,TASK_COMPLETE,SUCCESS,INFO,394634,394634,0,,2026-09-01T19:04:17.664Z,2026-09-01T21:20:34.963Z,8177,2026-09-01T21:20:34.963Z,,,0e5f68b5-5669-4bb1-91ce-4b967b620e7d,
202609032059384202,202609031904201127,202609031904201105,86,8581,Silver INV,sl_LABResult,TASK_COMPLETE,SUCCESS,INFO,394806,394806,0,,2026-09-03T19:04:17.619Z,2026-09-03T20:59:41.557Z,6924,2026-09-03T20:59:41.557Z,,,48b34b87-69c2-467d-a88c-67aac910c539,
202608302110100161,202608301904270813,202608301904270791,86,8581,Silver INV,sl_LABResult,TASK_COMPLETE,SUCCESS,INFO,394389,394389,0,,2026-08-30T19:04:27.050Z,2026-08-30T21:10:12.061Z,7545,2026-08-30T21:10:12.061Z,,,ba679216-ee2b-4344-afb9-134290faf502,
202608292059198261,202608291904534428,202608291904534406,86,8581,Silver INV,sl_LABResult,TASK_COMPLETE,SUCCESS,INFO,394389,394389,0,,2026-08-29T19:04:49.126Z,2026-08-29T20:59:21.833Z,6872,2026-08-29T20:59:21.833Z,,,dd7385f2-fbd4-41a4-afcd-7296aca5e198,
202609030637101267,202609030637101267,20260903063600,5,33,Silver 8x8 Users,sl_8x8_Users,TASK_COMPLETE,SUCCESS,INFO,5734,5734,0,,2026-09-03T06:37:15.211Z,2026-09-03T06:37:30.733Z,14,2026-09-03T06:37:30.733Z,,,1066d6e5-305c-4662-a3fb-18d67007,
202609030626262599,202609030626262599,20260903062457,5,33,Silver 8x8 Users,sl_8x8_Users,TASK_COMPLETE,SUCCESS,INFO,5734,5734,0,,2026-09-03T06:26:31.649Z,2026-09-03T06:26:52.026Z,18,2026-09-03T06:26:52.026Z,,,1066d6e5-305c-4662-a3fb-18d67007,
202609030803464416,202609030803464416,20260903080209,5,33,Silver 8x8 Users,sl_8x8_Users,TASK_COMPLETE,SUCCESS,INFO,5734,5734,0,,2026-09-03T08:03:51.793Z,2026-09-03T08:04:13.450Z,20,2026-09-03T08:04:13.450Z,,,1066d6e5-305c-4662-a3fb-18d67007,
202609041615082976,202609041543473995,202609041543473975,86,8579,Silver INV,sl_LiquidLog,TASK_COMPLETE,SUCCESS,INFO,0,0,0,,2026-09-04T15:43:48.314Z,2026-09-04T16:15:10.849Z,1882,2026-09-04T16:15:10.849Z,,,66e9e433-72b0-4c30-b0ea-7611d9608923,
202609031402596824,202609031332701348,202609031332701326,86,8581,Silver INV,sl_LABResult,TASK_COMPLETE,SUCCESS,INFO,0,0,0,,2026-09-03T13:33:12.351Z,2026-09-03T14:03:09.613Z,1797,2026-09-03T14:03:09.613Z,,,ef652adf-cab1-42cd-a0bf-1cd03c8c16e7,
202609051931511179,202609051904209239,202609051904209217,86,8581,Silver INV,sl_LABResult,TASK_COMPLETE,SUCCESS,INFO,0,0,0,,2026-09-05T19:04:18.404Z,2026-09-05T19:31:53.528Z,1655,2026-09-05T19:31:53.528Z,,,a7cfa2a8-4e03-4cce-a64e-9a92e6e67f12,
202609022032200703,202609021926396248,202609021926396228,86,8579,Silver INV,sl_LiquidLog,TASK_COMPLETE,SUCCESS,INFO,0,0,0,,2026-09-02T19:26:44.280Z,2026-09-02T20:32:22.857Z,3938,2026-09-02T20:32:22.857Z,,,aa9f49a8-9ff8-4a6e-a263-7617045dadde,
202609071931510908,202609071904736252,202609071904736230,86,8581,Silver INV,sl_LABResult,TASK_COMPLETE,SUCCESS,INFO,0,0,0,,2026-09-07T19:05:10.929Z,2026-09-07T19:31:53.979Z,1603,2026-09-07T19:31:53.979Z,,,fc48ec9c-d1b8-4775-bd67-583e82846e52,
202609061931017296,202609061904381269,202609061904381249,86,8579,Silver INV,sl_LiquidLog,TASK_COMPLETE,SUCCESS,INFO,0,0,0,,2026-09-06T19:04:34.627Z,2026-09-06T19:31:03.849Z,1589,2026-09-06T19:31:03.849Z,,,5cce37fd-5f38-41c5-90e1-d9efeb3bd245,
202609041735312005,202609041706373966,202609041706373944,86,8581,Silver INV,sl_LABResult,TASK_COMPLETE,SUCCESS,INFO,0,0,0,,2026-09-04T17:06:35.444Z,2026-09-04T17:35:34.034Z,1739,2026-09-04T17:35:34.034Z,,,5652dc3b-8824-4606-a16d-f373dc1d2ada,
202609071931510905,202609071904736250,202609071904736230,86,8579,Silver INV,sl_LiquidLog,TASK_COMPLETE,SUCCESS,INFO,0,0,0,,2026-09-07T19:05:10.929Z,2026-09-07T19:31:53.979Z,1603,2026-09-07T19:31:53.979Z,,,fc48ec9c-d1b8-4775-bd67-583e82846e52,
202609031214214947,202609031145501722,202609031145501700,86,8581,Silver INV,sl_LABResult,TASK_COMPLETE,SUCCESS,INFO,0,0,0,,2026-09-03T11:45:45.517Z,2026-09-03T12:14:25.348Z,1720,2026-09-03T12:14:25.348Z,,,8e54a6a2-7031-4831-b2c0-8c5ea7811246,
202609041615082978,202609041543473997,202609041543473975,86,8581,Silver INV,sl_LABResult,TASK_COMPLETE,SUCCESS,INFO,0,0,0,,2026-09-04T15:43:48.314Z,2026-09-04T16:15:10.849Z,1882,2026-09-04T16:15:10.849Z,,,66e9e433-72b0-4c30-b0ea-7611d9608923,
202609022032200705,202609021926396250,202609021926396228,86,8581,Silver INV,sl_LABResult,TASK_COMPLETE,SUCCESS,INFO,0,0,0,,2026-09-02T19:26:44.280Z,2026-09-02T20:32:22.857Z,3938,2026-09-02T20:32:22.857Z,,,aa9f49a8-9ff8-4a6e-a263-7617045dadde,
202609041735312003,202609041706373964,202609041706373944,86,8579,Silver INV,sl_LiquidLog,TASK_COMPLETE,SUCCESS,INFO,0,0,0,,2026-09-04T17:06:35.444Z,2026-09-04T17:35:34.034Z,1739,2026-09-04T17:35:34.034Z,,,5652dc3b-8824-4606-a16d-f373dc1d2ada,
202609041934034948,202609041904319439,202609041904319417,86,8581,Silver INV,sl_LABResult,TASK_COMPLETE,SUCCESS,INFO,0,0,0,,2026-09-04T19:04:30.706Z,2026-09-04T19:34:06.114Z,1776,2026-09-04T19:34:06.114Z,,,b1302ebd-57a3-42bd-9029-9a66dda6727d,
202609051931511177,202609051904209237,202609051904209217,86,8579,Silver INV,sl_LiquidLog,TASK_COMPLETE,SUCCESS,INFO,0,0,0,,2026-09-05T19:04:18.404Z,2026-09-05T19:31:53.528Z,1655,2026-09-05T19:31:53.528Z,,,a7cfa2a8-4e03-4cce-a64e-9a92e6e67f12,
202609061931017298,202609061904381271,202609061904381249,86,8581,Silver INV,sl_LABResult,TASK_COMPLETE,SUCCESS,INFO,0,0,0,,2026-09-06T19:04:34.627Z,2026-09-06T19:31:03.849Z,1589,2026-09-06T19:31:03.849Z,,,5cce37fd-5f38-41c5-90e1-d9efeb3bd245,
202609031214214944,202609031145501720,202609031145501700,86,8579,Silver INV,sl_LiquidLog,TASK_COMPLETE,SUCCESS,INFO,0,0,0,,2026-09-03T11:45:45.517Z,2026-09-03T12:14:25.348Z,1720,2026-09-03T12:14:25.348Z,,,8e54a6a2-7031-4831-b2c0-8c5ea7811246,
202609022129506817,202609021903306094,202609021903306075,86,8578,Silver INV,sl_Bottle,TASK_COMPLETE,SUCCESS,INFO,1833558,1833558,0,,2026-09-02T19:03:39.838Z,2026-09-02T21:29:53.061Z,8774,2026-09-02T21:29:53.061Z,,,c49685cc-3281-44bc-a1c2-3be5b1110999,
202609012120317958,202609011903772024,202609011903772005,86,8578,Silver INV,sl_Bottle,TASK_COMPLETE,SUCCESS,INFO,1832375,1832375,0,,2026-09-01T19:04:17.664Z,2026-09-01T21:20:34.963Z,8177,2026-09-01T21:20:34.963Z,,,0e5f68b5-5669-4bb1-91ce-4b967b620e7d,
202608312122263119,202608311905752255,202608311905752236,86,8578,Silver INV,sl_Bottle,TASK_COMPLETE,SUCCESS,INFO,1831885,1831885,0,,2026-08-31T19:06:18.658Z,2026-08-31T21:22:29.754Z,8171,2026-08-31T21:22:29.754Z,,,79f5b39e-d314-4ad3-8050-3ace553d67de,
202609032059384199,202609031904201124,202609031904201105,86,8578,Silver INV,sl_Bottle,TASK_COMPLETE,SUCCESS,INFO,1835098,1835098,0,,2026-09-03T19:04:17.619Z,2026-09-03T20:59:41.557Z,6924,2026-09-03T20:59:41.557Z,,,48b34b87-69c2-467d-a88c-67aac910c539,
202608292059198258,202608291904534425,202608291904534406,86,8578,Silver INV,sl_Bottle,TASK_COMPLETE,SUCCESS,INFO,1830620,1830620,0,,2026-08-29T19:04:49.126Z,2026-08-29T20:59:21.833Z,6872,2026-08-29T20:59:21.833Z,,,dd7385f2-fbd4-41a4-afcd-7296aca5e198,
202608302110100157,202608301904270810,202608301904270791,86,8578,Silver INV,sl_Bottle,TASK_COMPLETE,SUCCESS,INFO,1830620,1830620,0,,2026-08-30T19:04:27.050Z,2026-08-30T21:10:12.061Z,7545,2026-08-30T21:10:12.061Z,,,ba679216-ee2b-4344-afb9-134290faf502,
202609030752220092,202609030752220092,20260903075113,4,30,8x8 Users API,br_8x8_Users,TASK_COMPLETE,SUCCESS,INFO,5734,5734,0,,2026-09-03T07:52:27.480Z,2026-09-03T07:54:19.620Z,110,2026-09-03T07:54:19.620Z,,,1066d6e5-305c-4662-a3fb-18d67007,
202609030731499295,202609030731499295,20260903073021,4,30,8x8 Users API,br_8x8_Users,TASK_COMPLETE,SUCCESS,INFO,5734,5734,0,,2026-09-03T07:31:56.215Z,2026-09-03T07:33:51.034Z,113,2026-09-03T07:33:51.034Z,,,1066d6e5-305c-4662-a3fb-18d67007,
202609030744522613,202609030744522613,20260903074343,4,30,8x8 Users API,br_8x8_Users,TASK_COMPLETE,SUCCESS,INFO,5734,5734,0,,2026-09-03T07:44:58.313Z,2026-09-03T07:46:51.257Z,111,2026-09-03T07:46:51.257Z,,,1066d6e5-305c-4662-a3fb-18d67007,
202609030547202697,202609030547202697,20260903054547,4,30,8x8 Users API,br_8x8_Users,TASK_COMPLETE,SUCCESS,INFO,5734,5734,0,,2026-09-03T05:47:28.042Z,2026-09-03T05:49:31.095Z,121,2026-09-03T05:49:31.095Z,,,1066d6e5-305c-4662-a3fb-18d67007,
202608312122263118,202608311905752254,202608311905752236,86,8577,Silver INV,sl_InvType,TASK_COMPLETE,SUCCESS,INFO,755,755,0,,2026-08-31T19:06:18.658Z,2026-08-31T21:22:29.754Z,8171,2026-08-31T21:22:29.754Z,,,79f5b39e-d314-4ad3-8050-3ace553d67de,
202608292059198256,202608291904534424,202608291904534406,86,8577,Silver INV,sl_InvType,TASK_COMPLETE,SUCCESS,INFO,755,755,0,,2026-08-29T19:04:49.126Z,2026-08-29T20:59:21.833Z,6872,2026-08-29T20:59:21.833Z,,,dd7385f2-fbd4-41a4-afcd-7296aca5e198,
202609032059384198,202609031904201123,202609031904201105,86,8577,Silver INV,sl_InvType,TASK_COMPLETE,SUCCESS,INFO,755,755,0,,2026-09-03T19:04:17.619Z,2026-09-03T20:59:41.557Z,6924,2026-09-03T20:59:41.557Z,,,48b34b87-69c2-467d-a88c-67aac910c539,
202608302110100156,202608301904270809,202608301904270791,86,8577,Silver INV,sl_InvType,TASK_COMPLETE,SUCCESS,INFO,755,755,0,,2026-08-30T19:04:27.050Z,2026-08-30T21:10:12.061Z,7545,2026-08-30T21:10:12.061Z,,,ba679216-ee2b-4344-afb9-134290faf502,
202609012120317957,202609011903772023,202609011903772005,86,8577,Silver INV,sl_InvType,TASK_COMPLETE,SUCCESS,INFO,755,755,0,,2026-09-01T19:04:17.664Z,2026-09-01T21:20:34.963Z,8177,2026-09-01T21:20:34.963Z,,,0e5f68b5-5669-4bb1-91ce-4b967b620e7d,
202609022129506815,202609021903306093,202609021903306075,86,8577,Silver INV,sl_InvType,TASK_COMPLETE,SUCCESS,INFO,755,755,0,,2026-09-02T19:03:39.838Z,2026-09-02T21:29:53.061Z,8774,2026-09-02T21:29:53.061Z,,,c49685cc-3281-44bc-a1c2-3be5b1110999,
202608281213060023,202608281213060023,20260828120423,132,13710,BAM QI BAM Gold,QiBAM,TASK_SUCCESS,SUCCESS,INFO,172870,172870,0,,2026-08-28T12:13:06.002Z,2026-08-28T12:13:29.540Z,23,2026-08-28T12:13:29.540Z,,,e752845a-2a63-48ca-b4ef-ba7a68ece0b6,
202608300933032441,202608300933032441,20260830092444,132,13710,BAM QI BAM Gold,QiBAM,TASK_SUCCESS,SUCCESS,INFO,345740,345740,0,,2026-08-30T09:33:03.244Z,2026-08-30T09:33:23.165Z,19,2026-08-30T09:33:23.165Z,,,d0826a4c-ff98-435d-adfd-e339a02d1b06,
202609010656481803,202609010656481803,20260901064704,132,13710,BAM QI BAM Gold,QiBAM,TASK_SUCCESS,SUCCESS,INFO,518610,518610,0,,2026-09-01T06:56:48.180Z,2026-09-01T06:57:09.945Z,21,2026-09-01T06:57:09.945Z,,,f386ddbf-c5af-4242-bf29-5f60b1e71ecf,
202608300822039990,202608300822039990,20260830081340,132,13710,BAM QI BAM Gold,QiBAM,TASK_SUCCESS,SUCCESS,INFO,345740,345740,0,,2026-08-30T08:22:03.999Z,2026-08-30T08:22:22.995Z,18,2026-08-30T08:22:22.995Z,,,8cf8f378-16db-4eda-8552-9c6ae683939d,
202609041615082974,202609041543473993,202609041543473975,86,8577,Silver INV,sl_InvType,TASK_COMPLETE,SUCCESS,INFO,0,0,0,,2026-09-04T15:43:48.314Z,2026-09-04T16:15:10.849Z,1882,2026-09-04T16:15:10.849Z,,,66e9e433-72b0-4c30-b0ea-7611d9608923,
202609022032200701,202609021926396246,202609021926396228,86,8577,Silver INV,sl_InvType,TASK_COMPLETE,SUCCESS,INFO,0,0,0,,2026-09-02T19:26:44.280Z,2026-09-02T20:32:22.857Z,3938,2026-09-02T20:32:22.857Z,,,aa9f49a8-9ff8-4a6e-a263-7617045dadde,
202609061931017293,202609061904381267,202609061904381249,86,8577,Silver INV,sl_InvType,TASK_COMPLETE,SUCCESS,INFO,0,0,0,,2026-09-06T19:04:34.627Z,2026-09-06T19:31:03.849Z,1589,2026-09-06T19:31:03.849Z,,,5cce37fd-5f38-41c5-90e1-d9efeb3bd245,
202609031214214942,202609031145501718,202609031145501700,86,8577,Silver INV,sl_InvType,TASK_COMPLETE,SUCCESS,INFO,0,0,0,,2026-09-03T11:45:45.517Z,2026-09-03T12:14:25.348Z,1720,2026-09-03T12:14:25.348Z,,,8e54a6a2-7031-4831-b2c0-8c5ea7811246,
202609041735312000,202609041706373962,202609041706373944,86,8577,Silver INV,sl_InvType,TASK_COMPLETE,SUCCESS,INFO,0,0,0,,2026-09-04T17:06:35.444Z,2026-09-04T17:35:34.034Z,1739,2026-09-04T17:35:34.034Z,,,5652dc3b-8824-4606-a16d-f373dc1d2ada,
202609071931510903,202609071904736248,202609071904736230,86,8577,Silver INV,sl_InvType,TASK_COMPLETE,SUCCESS,INFO,0,0,0,,2026-09-07T19:05:10.929Z,2026-09-07T19:31:53.979Z,1603,2026-09-07T19:31:53.979Z,,,fc48ec9c-d1b8-4775-bd67-583e82846e52,
202609051931511174,202609051904209235,202609051904209217,86,8577,Silver INV,sl_InvType,TASK_COMPLETE,SUCCESS,INFO,0,0,0,,2026-09-05T19:04:18.404Z,2026-09-05T19:31:53.528Z,1655,2026-09-05T19:31:53.528Z,,,a7cfa2a8-4e03-4cce-a64e-9a92e6e67f12,
202609022032200702,202609021926396247,202609021926396228,86,8578,Silver INV,sl_Bottle,TASK_COMPLETE,SUCCESS,INFO,0,0,0,,2026-09-02T19:26:44.280Z,2026-09-02T20:32:22.857Z,3938,2026-09-02T20:32:22.857Z,,,aa9f49a8-9ff8-4a6e-a263-7617045dadde,
202609051931511175,202609051904209236,202609051904209217,86,8578,Silver INV,sl_Bottle,TASK_COMPLETE,SUCCESS,INFO,0,0,0,,2026-09-05T19:04:18.404Z,2026-09-05T19:31:53.528Z,1655,2026-09-05T19:31:53.528Z,,,a7cfa2a8-4e03-4cce-a64e-9a92e6e67f12,
202609071931510904,202609071904736249,202609071904736230,86,8578,Silver INV,sl_Bottle,TASK_COMPLETE,SUCCESS,INFO,0,0,0,,2026-09-07T19:05:10.929Z,2026-09-07T19:31:53.979Z,1603,2026-09-07T19:31:53.979Z,,,fc48ec9c-d1b8-4775-bd67-583e82846e52,
202609061931017295,202609061904381268,202609061904381249,86,8578,Silver INV,sl_Bottle,TASK_COMPLETE,SUCCESS,INFO,0,0,0,,2026-09-06T19:04:34.627Z,2026-09-06T19:31:03.849Z,1589,2026-09-06T19:31:03.849Z,,,5cce37fd-5f38-41c5-90e1-d9efeb3bd245,
202609031402596820,202609031332701345,202609031332701326,86,8578,Silver INV,sl_Bottle,TASK_COMPLETE,SUCCESS,INFO,0,0,0,,2026-09-03T13:33:12.351Z,2026-09-03T14:03:09.613Z,1797,2026-09-03T14:03:09.613Z,,,ef652adf-cab1-42cd-a0bf-1cd03c8c16e7,
202609041615082975,202609041543473994,202609041543473975,86,8578,Silver INV,sl_Bottle,TASK_COMPLETE,SUCCESS,INFO,0,0,0,,2026-09-04T15:43:48.314Z,2026-09-04T16:15:10.849Z,1882,2026-09-04T16:15:10.849Z,,,66e9e433-72b0-4c30-b0ea-7611d9608923,
202609041934034944,202609041904319436,202609041904319417,86,8578,Silver INV,sl_Bottle,TASK_COMPLETE,SUCCESS,INFO,0,0,0,,2026-09-04T19:04:30.706Z,2026-09-04T19:34:06.114Z,1776,2026-09-04T19:34:06.114Z,,,b1302ebd-57a3-42bd-9029-9a66dda6727d,
202609041735312002,202609041706373963,202609041706373944,86,8578,Silver INV,sl_Bottle,TASK_COMPLETE,SUCCESS,INFO,0,0,0,,2026-09-04T17:06:35.444Z,2026-09-04T17:35:34.034Z,1739,2026-09-04T17:35:34.034Z,,,5652dc3b-8824-4606-a16d-f373dc1d2ada,
202609031214214943,202609031145501719,202609031145501700,86,8578,Silver INV,sl_Bottle,TASK_COMPLETE,SUCCESS,INFO,0,0,0,,2026-09-03T11:45:45.517Z,2026-09-03T12:14:25.348Z,1720,2026-09-03T12:14:25.348Z,,,8e54a6a2-7031-4831-b2c0-8c5ea7811246,
202608300933289941,202608300933289941,20260830092444,132,13711,BAM QI UA Gold,QiUA,TASK_SUCCESS,SUCCESS,INFO,557660,557660,0,,2026-08-30T09:33:28.994Z,2026-08-30T09:37:31.175Z,242,2026-08-30T09:37:31.175Z,,,d0826a4c-ff98-435d-adfd-e339a02d1b06,
202608281213364510,202608281213364510,20260828120423,132,13711,BAM QI UA Gold,QiUA,TASK_SUCCESS,SUCCESS,INFO,278831,278831,0,,2026-08-28T12:13:36.451Z,2026-08-28T12:16:59.583Z,203,2026-08-28T12:16:59.583Z,,,e752845a-2a63-48ca-b4ef-ba7a68ece0b6,
202608300822289119,202608300822289119,20260830081340,132,13711,BAM QI UA Gold,QiUA,TASK_SUCCESS,SUCCESS,INFO,557660,557660,0,,2026-08-30T08:22:28.911Z,2026-08-30T08:26:19.106Z,230,2026-08-30T08:26:19.106Z,,,8cf8f378-16db-4eda-8552-9c6ae683939d,
202609010657163031,202609010657163031,20260901064704,132,13711,BAM QI UA Gold,QiUA,TASK_SUCCESS,SUCCESS,INFO,557660,557660,0,,2026-09-01T06:57:16.303Z,2026-09-01T07:01:53.889Z,277,2026-09-01T07:01:53.889Z,,,f386ddbf-c5af-4242-bf29-5f60b1e71ecf,
202608311533253644,202608311533253644,20260831153319,37,152,KnowBe4 Enrollments API,br_knowbe4_enrollments,TASK_COMPLETE,SUCCESS,INFO,94614,94614,0,,2026-08-31T15:33:31.524Z,2026-08-31T15:40:05.108Z,389,2026-08-31T15:40:05.108Z,,,abc,
202608310536227189,202608310534143182,20260831053408,100,13668,Bronze QQ_GLTRAN,br_qq_gltran,TASK_COMPLETE,SUCCESS,INFO,0,0,0,,2026-08-31T05:34:23.452Z,2026-08-31T05:36:25.098Z,102,2026-08-31T05:36:25.098Z,"","",,DRD
202608281100276335,202608281058178382,20260828105811,100,13668,Bronze QQ_GLTRAN,br_qq_gltran,TASK_COMPLETE,SUCCESS,INFO,0,0,0,,2026-08-28T10:58:26.655Z,2026-08-28T11:00:30.497Z,108,2026-08-28T11:00:30.497Z,"","",,DRD
202608281248532566,202608281247293092,20260828124724,100,13668,Bronze QQ_GLTRAN,br_qq_gltran,TASK_COMPLETE,SUCCESS,INFO,0,0,0,,2026-08-28T12:47:39.738Z,2026-08-28T12:49:17.237Z,66,2026-08-28T12:49:17.237Z,"","",,DRD
202608281352273296,202608281350243911,20260828135018,100,13668,Bronze QQ_GLTRAN,br_qq_gltran,TASK_COMPLETE,SUCCESS,INFO,0,0,0,,2026-08-28T13:50:39.748Z,2026-08-28T13:52:29.997Z,93,2026-08-28T13:52:29.997Z,"","",,DRD
202608310510438575,202608310508228687,20260831050816,100,13668,Bronze QQ_GLTRAN,br_qq_gltran,TASK_COMPLETE,SUCCESS,INFO,0,0,0,,2026-08-31T05:08:35.999Z,2026-08-31T05:10:57.714Z,99,2026-08-31T05:10:57.714Z,"","",,DRD
202609030322044067,202609030322044068,20260903032204,,,,,TASK_FAILED,FAILED,ERROR,0,0,1,No active EtlConfig found for PipelineName: nb_activedirectory_src_to_brz1,2026-09-03T03:22:19.007Z,2026-09-03T03:22:19.007Z,0,2026-09-03T03:22:19.007Z,,,12b9bcd7-0dc5-48e9-b4cb-7aebb35c5a30,
202609021403592882,202609021403592883,20260902140359,,,,,TASK_FAILED,FAILED,ERROR,0,0,1,No active EtlConfig found for PipelineName: nb_activedirectory_src_to_brz1,2026-09-02T14:04:14.427Z,2026-09-02T14:04:14.427Z,0,2026-09-02T14:04:14.427Z,,,abcda080-5149-47f8-a7a3-cf572d90e080,
202609021446363200,202609021446363201,20260902144636,,,,,TASK_FAILED,FAILED,ERROR,0,0,1,No active EtlConfig found for PipelineName: nb_activedirectory_src_to_brz1,2026-09-02T14:47:34.596Z,2026-09-02T14:47:34.596Z,0,2026-09-02T14:47:34.596Z,,,e3eab6fd-cb90-4185-82ba-f7c8b9b26263,
202609021615552592,202609021615552593,20260902161555,,,,,TASK_FAILED,FAILED,ERROR,0,0,1,No active EtlConfig found for PipelineName: nb_activedirectory_src_to_brz1,2026-09-02T16:16:10.436Z,2026-09-02T16:16:10.436Z,0,2026-09-02T16:16:10.436Z,,,c56278cf-510b-4ee7-9abf-5e048d22cc9f,
202609021429593052,202609021429593053,20260902142959,,,,,TASK_FAILED,FAILED,ERROR,0,0,1,No active EtlConfig found for PipelineName: nb_activedirectory_src_to_brz1,2026-09-02T14:30:13.658Z,2026-09-02T14:30:13.658Z,0,2026-09-02T14:30:13.658Z,,,14895849-e352-49e6-b53f-806f2de6c190,
202609021900570474,202609021900570475,20260902190057,,,,,TASK_FAILED,FAILED,ERROR,0,0,1,No active EtlConfig found for PipelineName: nb_activedirectory_src_to_brz1,2026-09-02T19:01:20.735Z,2026-09-02T19:01:20.735Z,0,2026-09-02T19:01:20.735Z,,,0e8d5b3d-15fb-4d15-a709-4bc42edc4508,
202609021604293738,202609021604293739,20260902160429,,,,,TASK_FAILED,FAILED,ERROR,0,0,1,No active EtlConfig found for PipelineName: nb_activedirectory_src_to_brz1,2026-09-02T16:04:49.050Z,2026-09-02T16:04:49.050Z,0,2026-09-02T16:04:49.050Z,,,d924d17b-9636-4c51-9eb5-3ad0370de98b,
202609021632201125,202609021632201126,20260902163220,,,,,TASK_FAILED,FAILED,ERROR,0,0,1,No active EtlConfig found for PipelineName: nb_activedirectory_src_to_brz1,2026-09-02T16:33:08.382Z,2026-09-02T16:33:08.382Z,0,2026-09-02T16:33:08.382Z,,,d837cca1-7a90-46f2-8774-e2995e333223,
202609021644399623,202609021644399624,20260902164439,,,,,TASK_FAILED,FAILED,ERROR,0,0,1,No active EtlConfig found for PipelineName: nb_activedirectory_src_to_brz1,2026-09-02T16:45:10.971Z,2026-09-02T16:45:10.971Z,0,2026-09-02T16:45:10.971Z,,,05468fa4-94fe-4639-920f-953f30c387ac,
202609030520194983,202609030520194984,20260903052019,,,,,TASK_FAILED,FAILED,ERROR,0,0,1,No active EtlConfig found for PipelineName: nb_activedirectory_brz_to_slv1,2026-09-03T05:20:32.503Z,2026-09-03T05:20:32.503Z,0,2026-09-03T05:20:32.503Z,,,f61fb4c5-0d31-4954-8aac-d0c2d48f9dc3,
202609021551245711,202609021551245712,20260902155124,,,,,TASK_FAILED,FAILED,ERROR,0,0,1,No active EtlConfig found for PipelineName: nb_activedirectory_src_to_brz1,2026-09-02T15:51:43.173Z,2026-09-02T15:51:43.173Z,0,2026-09-02T15:51:43.173Z,,,62b3125b-4331-48d0-95f8-3b91920ba498,
202609021455244536,202609021455244537,20260902145524,,,,,TASK_FAILED,FAILED,ERROR,0,0,1,No active EtlConfig found for PipelineName: nb_activedirectory_src_to_brz1,2026-09-02T14:55:54.791Z,2026-09-02T14:55:54.791Z,0,2026-09-02T14:55:54.791Z,,,57c48eee-6ea9-4885-ae19-139dc4308358,
202609081135364844,202609081135364845,20260908113536,141,13750,AAD Duplicate IDs Report,AadDuplicateIds,TASK_FAILED,FAILED,ERROR,0,0,1,Pipeline execution failed after 3 attempts: No active EtlConfig found in bhg_bronze.meta.etlconfig for ''nb_azuresql_05_slv_to_slv123'',2026-09-08T11:35:36.484Z,2026-09-08T11:36:52.566Z,0,2026-09-08T11:35:36.484Z,,,e50b54a8-071c-416b-b298-c3dbcd919ea8,
202609071537395019,202609071537395018,20260907153730,100,13668,Bronze QQ_GLTRAN,br_qq_gltran,TASK_STARTED,RUNNING,INFO,0,0,0,,2026-09-07T15:37:50.190Z,,0,2026-09-07T15:37:50.190Z,,,5697f28d-d34c-4ea1-97ba-86411f09cc26,
202609071335191704,202609071335191703,20260907133507,100,13668,Bronze QQ_GLTRAN,br_qq_gltran,TASK_STARTED,RUNNING,INFO,0,0,0,,2026-09-07T13:35:26.815Z,,0,2026-09-07T13:35:26.815Z,,,c9352ab0-1fbc-4096-bd90-9bcf656c46c4,
202609080609240977,202609080609240977,20260908060913,100,13668,Bronze QQ_GLTRAN,br_qq_gltran,TASK_STARTED,RUNNING,INFO,0,0,0,,2026-09-08T06:09:32.204Z,,0,2026-09-08T06:09:32.204Z,,,c2aec021-343a-4386-9d16-76ad553ccc83,
202609080548269799,202609080548269798,20260908054812,100,13668,Bronze QQ_GLTRAN,br_qq_gltran,TASK_STARTED,RUNNING,INFO,0,0,0,,2026-09-08T05:48:43.726Z,,0,2026-09-08T05:48:43.726Z,,,d21a22ed-079c-4197-be60-19877f0c18c0,
202609071448413992,202609071448413991,20260907144833,100,13668,Bronze QQ_GLTRAN,br_qq_gltran,TASK_STARTED,RUNNING,INFO,0,0,0,,2026-09-07T14:48:51.197Z,,0,2026-09-07T14:48:51.197Z,,,ac5b8015-db8f-42f7-a7bf-bc43167fdd7f,
202609071515546176,202609071515546175,20260907151546,100,13668,Bronze QQ_GLTRAN,br_qq_gltran,TASK_STARTED,RUNNING,INFO,0,0,0,,2026-09-07T15:16:04.537Z,,0,2026-09-07T15:16:04.537Z,,,0460ec9f-7fac-46d5-9e9b-69695287cfbb,
202609080630318896,202609080630318895,20260908060913,100,13668,Bronze QQ_GLTRAN,br_qq_gltran,TASK_STARTED,RUNNING,INFO,0,0,0,,2026-09-08T06:30:39.704Z,,0,2026-09-08T06:30:39.704Z,,,e403e9f6-1206-49ac-bede-045a2ed95a50,
202609071342177348,202609071342177348,20260907134203,101,13669,Silver QQ_GLTRAN,sl_QQgltran,TASK_STARTED,RUNNING,INFO,0,0,0,,2026-09-07T13:42:29.325Z,,0,2026-09-07T13:42:29.325Z,,,c9352ab0-1fbc-4096-bd90-9bcf656c46c4,
202609071454186499,202609071454186498,20260907145410,101,13669,Silver QQ_GLTRAN,sl_QQgltran,TASK_STARTED,RUNNING,INFO,0,0,0,,2026-09-07T14:54:29.542Z,,0,2026-09-07T14:54:29.542Z,,,ac5b8015-db8f-42f7-a7bf-bc43167fdd7f,
202609071543385818,202609071543385817,20260907154330,101,13669,Silver QQ_GLTRAN,sl_QQgltran,TASK_STARTED,RUNNING,INFO,0,0,0,,2026-09-07T15:43:47.752Z,,0,2026-09-07T15:43:47.752Z,,,5697f28d-d34c-4ea1-97ba-86411f09cc26,
202609080637414470,202609080637414469,20260908061517,101,13669,Silver QQ_GLTRAN,sl_QQgltran,TASK_STARTED,RUNNING,INFO,0,0,0,,2026-09-08T06:37:48.483Z,,0,2026-09-08T06:37:48.483Z,,,e403e9f6-1206-49ac-bede-045a2ed95a50,
202609071521019145,202609071521019144,20260907152053,101,13669,Silver QQ_GLTRAN,sl_QQgltran,TASK_STARTED,RUNNING,INFO,0,0,0,,2026-09-07T15:21:17.913Z,,0,2026-09-07T15:21:17.913Z,,,0460ec9f-7fac-46d5-9e9b-69695287cfbb,
202609080555497241,202609080555497240,20260908055525,101,13669,Silver QQ_GLTRAN,sl_QQgltran,TASK_STARTED,RUNNING,INFO,0,0,0,,2026-09-08T05:56:00.275Z,,0,2026-09-08T05:56:00.275Z,,,d21a22ed-079c-4197-be60-19877f0c18c0,
202608310755237552,202608310753258931,20260831075319,100,13668,Bronze QQ_GLTRAN,br_qq_gltran,TASK_COMPLETE,SUCCESS,INFO,0,0,0,,2026-08-31T07:53:35.496Z,2026-08-31T07:55:26.490Z,100,2026-08-31T07:55:26.490Z,,,,
202608310624043947,202608310621596153,20260831062152,100,13668,Bronze QQ_GLTRAN,br_qq_gltran,TASK_COMPLETE,SUCCESS,INFO,0,0,0,,2026-08-31T06:22:14.144Z,2026-08-31T06:24:17.121Z,101,2026-08-31T06:24:17.121Z,,,,
202608311134209526,202608311131437969,20260831113136,100,13668,Bronze QQ_GLTRAN,br_qq_gltran,TASK_COMPLETE,SUCCESS,INFO,0,0,0,,2026-08-31T11:31:53.341Z,2026-08-31T11:34:23.509Z,139,2026-08-31T11:34:23.509Z,,,,
202608310705225235,202608310702578176,20260831070250,100,13668,Bronze QQ_GLTRAN,br_qq_gltran,TASK_COMPLETE,SUCCESS,INFO,0,0,0,,2026-08-31T07:03:13.511Z,2026-08-31T07:05:26.224Z,106,2026-08-31T07:05:26.224Z,,,,
202608311055108530,202608311053074542,20260831105301,100,13668,Bronze QQ_GLTRAN,br_qq_gltran,TASK_COMPLETE,SUCCESS,INFO,0,0,0,,2026-08-31T10:53:18.416Z,2026-08-31T10:55:13.801Z,100,2026-08-31T10:55:13.801Z,,,,
202608311119266257,202608311117202504,20260831111713,100,13668,Bronze QQ_GLTRAN,br_qq_gltran,TASK_COMPLETE,SUCCESS,INFO,0,0,0,,2026-08-31T11:17:30.762Z,2026-08-31T11:19:31.643Z,109,2026-08-31T11:19:31.643Z,,,,
202608310645031621,202608310642343631,20260831064224,100,13668,Bronze QQ_GLTRAN,br_qq_gltran,TASK_COMPLETE,SUCCESS,INFO,0,0,0,,2026-08-31T06:42:48.819Z,2026-08-31T06:45:08.625Z,124,2026-08-31T06:45:08.625Z,,,,
202608311109166260,202608311107265894,20260831110719,100,13668,Bronze QQ_GLTRAN,br_qq_gltran,TASK_COMPLETE,SUCCESS,INFO,0,0,0,,2026-08-31T11:07:37.007Z,2026-08-31T11:09:42.781Z,91,2026-08-31T11:09:42.781Z,,,,
202608311026044183,202608311024186586,20260831102411,100,13668,Bronze QQ_GLTRAN,br_qq_gltran,TASK_COMPLETE,SUCCESS,INFO,0,0,0,,2026-08-31T10:24:41.413Z,2026-08-31T10:26:07.290Z,76,2026-08-31T10:26:07.290Z,,,,
202608311335014743,202608311333325137,20260831133325,100,13668,Bronze QQ_GLTRAN,br_qq_gltran,TASK_COMPLETE,SUCCESS,INFO,0,0,0,,2026-08-31T13:33:45.827Z,2026-08-31T13:35:26.884Z,68,2026-08-31T13:35:26.884Z,,,,
202608311309464585,202608311307353321,20260831130729,100,13668,Bronze QQ_GLTRAN,br_qq_gltran,TASK_COMPLETE,SUCCESS,INFO,0,0,0,,2026-08-31T13:07:46.373Z,2026-08-31T13:09:49.429Z,99,2026-08-31T13:09:49.429Z,,,,
202608310857126091,202608310855022497,20260831085454,100,13668,Bronze QQ_GLTRAN,br_qq_gltran,TASK_COMPLETE,SUCCESS,INFO,0,0,0,,2026-08-31T08:55:19.510Z,2026-08-31T08:57:15.395Z,96,2026-08-31T08:57:15.395Z,,,,
202608311352241878,202608311350209115,20260831135014,100,13668,Bronze QQ_GLTRAN,br_qq_gltran,TASK_COMPLETE,SUCCESS,INFO,0,0,0,,2026-08-31T13:50:31.658Z,2026-08-31T13:52:30.966Z,94,2026-08-31T13:52:30.966Z,,,,
202608310736375102,202608310734478927,20260831073441,100,13668,Bronze QQ_GLTRAN,br_qq_gltran,TASK_COMPLETE,SUCCESS,INFO,0,0,0,,2026-08-31T07:34:57.797Z,2026-08-31T07:36:41.431Z,92,2026-08-31T07:36:41.431Z,,,,
202608311211519848,202608311209511660,20260831120944,100,13668,Bronze QQ_GLTRAN,br_qq_gltran,TASK_COMPLETE,SUCCESS,INFO,0,0,0,,2026-08-31T12:10:02.026Z,2026-08-31T12:11:54.650Z,92,2026-08-31T12:11:54.650Z,,,,
202609040637266409,202609040637266409,20260903065411,141,13776,Flu Survey Declinations 2025-2026,FluSurveyDeclinations,TASK_FAILED,FAILED,ERROR,0,0,1,resolve_existing_table() missing 1 required positional argument: ''candidates'',2026-09-04T06:37:26.640Z,2026-09-04T06:37:43.641Z,17,2026-09-04T06:37:43.641Z,,,ab6c46cf-1051-4b05-9f0f-347e7121db93,
202609040636267146,202609040636267146,20260903065411,141,13774,Flu Survey Declinations 2024-2025,FluSurveyDeclinations,TASK_FAILED,FAILED,ERROR,0,0,1,resolve_existing_table() missing 1 required positional argument: ''candidates'',2026-09-04T06:36:26.714Z,2026-09-04T06:36:45.358Z,18,2026-09-04T06:36:45.358Z,,,ab6c46cf-1051-4b05-9f0f-347e7121db93,
202609081112248404,202609081112248403,20260903123136,129,13685,Azure Sql Python Silver - Claim Denial Prediction,sl_ClaimDenialPredictionV1,TASK_SKIPPED,ALREADY_COMPLETED,INFO,0,0,0,Already succeeded in previous attempt,2026-09-08T11:12:24.840Z,2026-09-08T11:12:46.684Z,21,2026-09-08T11:12:46.684Z,,,fe654495-a612-4a17-9fd5-04bdafeff38b,
202609040636596106,202609040636596106,20260903065411,141,13775,Flu Survey Totals 2025-2026,FluSurveyTotals,TASK_FAILED,FAILED,ERROR,0,0,1,resolve_existing_table() missing 1 required positional argument: ''candidates'',2026-09-04T06:36:59.610Z,2026-09-04T06:37:16.875Z,17,2026-09-04T06:37:16.875Z,,,ab6c46cf-1051-4b05-9f0f-347e7121db93,
202609032032414457,202609032032414456,20260903201615,109,8609,Bronze Account Reference,br_cashflow_accountlocationref,TASK_SKIPPED,SKIPPED,INFO,0,0,0,Task already completed successfully in earlier attempt of this Run,2026-09-03T20:32:41.445Z,2026-09-03T20:32:46.101Z,0,2026-09-03T20:32:46.101Z,,,7a57419a-bb25-4ef5-a179-dddc64ce8c4f,
202609032032554085,202609032032554084,20260903201615,109,8610,Bronze Lockbox Reference,br_cashflow_lockbox,TASK_SKIPPED,SKIPPED,INFO,0,0,0,Task already completed successfully in earlier attempt of this Run,2026-09-03T20:32:55.408Z,2026-09-03T20:32:59.558Z,0,2026-09-03T20:32:59.558Z,,,7a57419a-bb25-4ef5-a179-dddc64ce8c4f,
202609032033128967,202609032033128966,20260903201615,109,8611,Bronze Text Input,br_cashflow_textinput,TASK_SKIPPED,SKIPPED,INFO,0,0,0,Task already completed successfully in earlier attempt of this Run,2026-09-03T20:33:12.896Z,2026-09-03T20:33:17.036Z,0,2026-09-03T20:33:17.036Z,,,7a57419a-bb25-4ef5-a179-dddc64ce8c4f,
202609080603283893,202609080548118493,202609080548118491,147,16161,Batch Payments Bronze - B12B,br_3pRemitBatch,TASK_COMPLETE,SUCCESS,INFO,10715,10715,0,,2026-09-08T05:49:10.258Z,2026-09-08T06:03:32.351Z,862,2026-09-08T06:03:32.351Z,B12B,ColoradoSprings,ccb69063-ae98-485c-b24b-b0a238d7c18a,SAMMS-ColoradoSpringsV5
202609080642015430,202609080627625461,202609080627625459,147,16161,Batch Payments Bronze - B12B,br_3pRemitBatch,TASK_COMPLETE,SUCCESS,INFO,4278,4278,0,,2026-09-08T06:28:42.449Z,2026-09-08T06:42:05.655Z,803,2026-09-08T06:42:05.655Z,B12B,ColoradoSprings,0c68bed2-8f22-4a44-9abe-e68b250db4b9,SAMMS-ColoradoSpringsV5
202609011501079713,202609011446585401,202609011446585399,18,51002,Orders Bronze SaveOrders - B12B,br_Orders,TASK_COMPLETE,SUCCESS,INFO,16851,16851,0,,2026-09-01T14:47:22.523Z,2026-09-01T15:01:11.670Z,829,2026-09-01T15:01:11.670Z,B12B,ColoradoSprings,b5c0e877-5d64-436b-80db-f99eaf918b45,SAMMS-ColoradoSpringsV5
202609011408195123,202609011351438077,202609011351438075,18,51002,Orders Bronze SaveOrders - B12B,br_Orders,TASK_COMPLETE,SUCCESS,INFO,315,315,0,,2026-09-01T13:52:27.959Z,2026-09-01T14:08:23.079Z,956,2026-09-01T14:08:23.079Z,B12B,ColoradoSprings,216790a4-77ac-48a1-a0f2-067ed3c00261,SAMMS-ColoradoSpringsV5
202609011311329412,202609011251101427,202609011251101425,18,51002,Orders Bronze SaveOrders - B12B,br_Orders,TASK_COMPLETE,SUCCESS,INFO,315,315,0,,2026-09-01T12:51:31.349Z,2026-09-01T13:11:36.975Z,1205,2026-09-01T13:11:36.975Z,B12B,ColoradoSprings,f6aa51de-9f35-48c9-bc2e-0351d0a17771,SAMMS-ColoradoSpringsV5
202609011202344676,202609011148101540,202609011148101538,18,51002,Orders Bronze SaveOrders - B12B,br_Orders,TASK_COMPLETE,SUCCESS,INFO,315,315,0,,2026-09-01T11:48:29.936Z,2026-09-01T12:02:37.871Z,848,2026-09-01T12:02:37.871Z,B12B,ColoradoSprings,2ce55787-1d6c-4ae8-a1d1-ad0ecb61dafb,SAMMS-ColoradoSpringsV5
202609080603285135,202609080548118494,202609080548118491,147,16162,Batch Payments Bronze - B24,br_3pRemitBatch,TASK_COMPLETE,SUCCESS,INFO,10715,10715,0,,2026-09-08T05:49:10.258Z,2026-09-08T06:03:32.351Z,862,2026-09-08T06:03:32.351Z,B24,Paintsville,ccb69063-ae98-485c-b24b-b0a238d7c18a,SAMMS-PaintsvilleV5
202609080642016779,202609080627625462,202609080627625459,147,16162,Batch Payments Bronze - B24,br_3pRemitBatch,TASK_COMPLETE,SUCCESS,INFO,10141,10141,0,,2026-09-08T06:28:42.449Z,2026-09-08T06:42:05.655Z,803,2026-09-08T06:42:05.655Z,B24,Paintsville,0c68bed2-8f22-4a44-9abe-e68b250db4b9,SAMMS-PaintsvilleV5
202609080802552011,202609080746562869,202609080746562868,138,13775,Bronze Orders CDC,FluSurveyTotals,TASK_COMPLETE,SUCCESS,INFO,0,0,0,,2026-09-08T07:48:55.078Z,2026-09-08T08:03:29.470Z,874,2026-09-08T08:03:29.470Z,B12B,ColoradoSprings,8c117b12-3656-4f28-b328-39d84f54b3d8,SAMMS-ColoradoSpringsV5
202609080731167080,202609080714302809,202609080714302807,18,51002,Orders Bronze - B12B,br_Orders,TASK_COMPLETE,SUCCESS,INFO,16901,16901,0,,2026-09-08T07:15:10.187Z,2026-09-08T07:31:20.309Z,970,2026-09-08T07:31:20.309Z,B12B,ColoradoSprings,60236488-77d9-43e9-8104-e7376443a0c0,SAMMS-ColoradoSpringsV5
202609080603286332,202609080548118495,202609080548118491,147,16163,Batch Payments Bronze - B25,br_3pRemitBatch,TASK_COMPLETE,SUCCESS,INFO,10715,10715,0,,2026-09-08T05:49:10.258Z,2026-09-08T06:03:32.351Z,862,2026-09-08T06:03:32.351Z,B25,Pikeville,ccb69063-ae98-485c-b24b-b0a238d7c18a,SAMMS-PikevilleV5
202609080642018040,202609080627625463,202609080627625459,147,16163,Batch Payments Bronze - B25,br_3pRemitBatch,TASK_COMPLETE,SUCCESS,INFO,9305,9305,0,,2026-09-08T06:28:42.449Z,2026-09-08T06:42:05.655Z,803,2026-09-08T06:42:05.655Z,B25,Pikeville,0c68bed2-8f22-4a44-9abe-e68b250db4b9,SAMMS-PikevilleV5
202609080942488999,202609080926619002,202609080926619001,138,13775,Bronze Orders CDC,br_Orders,TASK_COMPLETE,SUCCESS,INFO,40,40,0,,2026-09-08T09:27:42.029Z,2026-09-08T09:43:27.597Z,945,2026-09-08T09:43:27.597Z,B12B,ColoradoSprings,f04a2298-90b2-4fc2-8ba2-e972eeef4935,SAMMS-ColoradoSpringsV5
202609021415429601,202609021415429600,20260902135415,129,13685,Azure Sql Python Silver - Claim Denial Prediction,sl_ClaimDenialPredictionV1,TASK_COMPLETE,SUCCESS,INFO,296584,296584,0,,2026-09-02T14:15:42.960Z,2026-09-02T14:17:03.543Z,80,2026-09-02T14:17:03.543Z,,,'45419c76-388a-4885-8a6e-e1a255f50e99',
202608300804435167,202608300804435167,20260830071538,131,13695,Trending Treatment Plans State Reqs Silver,sl_vwTrendingTreatmentPlansStateReqs,TASK_SUCCESS,SUCCESS,INFO,2271822,2271822,0,,2026-08-30T08:04:43.516Z,2026-08-30T08:08:54.304Z,250,2026-08-30T08:08:54.304Z,,,8cf8f378-16db-4eda-8552-9c6ae683939d,
202608300915128166,202608300915128166,20260830082705,131,13695,Trending Treatment Plans State Reqs Silver,sl_vwTrendingTreatmentPlansStateReqs,TASK_SUCCESS,SUCCESS,INFO,2271822,2271822,0,,2026-08-30T09:15:12.816Z,2026-08-30T09:19:28.980Z,256,2026-08-30T09:19:28.980Z,,,d0826a4c-ff98-435d-adfd-e339a02d1b06,
202608281155344710,202608281155344710,20260828114902,131,13695,Trending Treatment Plans State Reqs Silver,sl_vwTrendingTreatmentPlansStateReqs,TASK_SUCCESS,SUCCESS,INFO,2271822,2271822,0,,2026-08-28T11:55:34.471Z,2026-08-28T11:59:38.640Z,244,2026-08-28T11:59:38.640Z,,,e752845a-2a63-48ca-b4ef-ba7a68ece0b6,
202609010637157289,202609010637157289,20260831072835,131,13695,Trending Treatment Plans State Reqs Silver,sl_vwTrendingTreatmentPlansStateReqs,TASK_SUCCESS,SUCCESS,INFO,2271822,2271822,0,,2026-09-01T06:37:15.728Z,2026-09-01T06:41:25.386Z,249,2026-09-01T06:41:25.386Z,,,f386ddbf-c5af-4242-bf29-5f60b1e71ecf,
202609030902506861,202609030902506860,20260903090028,129,13685,Azure Sql Python Silver - Claim Denial Prediction,sl_ClaimDenialPredictionV1,TASK_COMPLETE,SUCCESS,INFO,296584,296584,0,,2026-09-03T09:02:50.686Z,2026-09-03T09:04:39.702Z,109,2026-09-03T09:04:39.702Z,,,c8492d56-1821-4068-a9fe-b7dd40adbafa,
202609021152349840,202609021152349839,20260902115015,129,13685,Azure Sql Python Silver - Claim Denial Prediction,sl_ClaimDenialPredictionV1,TASK_COMPLETE,SUCCESS,INFO,296584,296584,0,,2026-09-02T11:52:34.983Z,2026-09-02T11:53:31.531Z,56,2026-09-02T11:53:31.531Z,,,e8e62fc1-7c20-4a22-b85b-df9e49ca1166,
202609041209477321,202609041209477320,20260904120701,129,13685,Azure Sql Python Silver - Claim Denial Prediction,sl_ClaimDenialPredictionV1,TASK_COMPLETE,SUCCESS,INFO,296584,296584,0,,2026-09-04T12:09:47.732Z,2026-09-04T12:11:54.247Z,126,2026-09-04T12:11:54.247Z,,,a3df7d89-3924-493c-b358-bb016a1b1833,
202609020642468143,202609020642468142,20260902064006,129,13685,Azure Sql Python Silver - Claim Denial Prediction,sl_ClaimDenialPredictionV1,TASK_COMPLETE,SUCCESS,INFO,296584,296584,0,,2026-09-02T06:42:46.814Z,2026-09-02T06:43:48.900Z,62,2026-09-02T06:43:48.900Z,,,432e1fd9-5757-4fbd-b5fe-306e7dd0feb7,
202609030838097251,202609030838097250,20260903083548,129,13685,Azure Sql Python Silver - Claim Denial Prediction,sl_ClaimDenialPredictionV1,TASK_COMPLETE,SUCCESS,INFO,296584,296584,0,,2026-09-03T08:38:09.725Z,2026-09-03T08:39:03.100Z,53,2026-09-03T08:39:03.100Z,,,b073a76f-9b12-413a-bd93-ee42079b5d97,
202609021002578852,202609021002578851,20260902100032,129,13685,Azure Sql Python Silver - Claim Denial Prediction,sl_ClaimDenialPredictionV1,TASK_COMPLETE,SUCCESS,INFO,296584,296584,0,,2026-09-02T10:02:57.885Z,2026-09-02T10:03:54.477Z,56,2026-09-02T10:03:54.477Z,,,24176910-d49a-4f0b-93ef-8ea1937bca36,
202609080556249533,202609080556249532,20260903123136,129,13685,Azure Sql Python Silver - Claim Denial Prediction,sl_ClaimDenialPredictionV1,TASK_COMPLETE,SUCCESS,INFO,296584,296584,0,,2026-09-08T05:56:24.953Z,2026-09-08T05:57:43.595Z,78,2026-09-08T05:57:43.595Z,,,2bc2c23e-4fff-4fcf-8329-7318fd2d456d,
202608300707488819,202608300707488819,20260830064606,131,13692,Enrollment Activity With Readmission Silver,sl_EnrollmentActivityWReadmission,TASK_SUCCESS,SUCCESS,INFO,325838,325838,0,,2026-08-30T07:07:48.881Z,2026-08-30T07:08:31.349Z,42,2026-08-30T07:08:31.349Z,,,0fae7162-ad60-4757-b9b2-8e417a5b19d1,
202609080513200836,202609080513200835,20260904113454,129,13685,Azure Sql Python Silver - Claim Denial Prediction,sl_ClaimDenialPredictionV1,TASK_COMPLETE,SUCCESS,INFO,296584,296584,0,,2026-09-08T05:13:20.083Z,2026-09-08T05:14:44.423Z,84,2026-09-08T05:14:44.423Z,,,a468a7ef-f4f0-4f75-9a4b-9f10041efb90,
202609080539031556,202609080539031555,20260903131413,129,13685,Azure Sql Python Silver - Claim Denial Prediction,sl_ClaimDenialPredictionV1,TASK_COMPLETE,SUCCESS,INFO,296584,296584,0,,2026-09-08T05:39:03.155Z,2026-09-08T05:40:11.718Z,68,2026-09-08T05:40:11.718Z,,,5f4fa39c-2bfa-4433-b23d-f7983e8c1a2e,
202609030700220015,202609030700220014,20260903065753,129,13685,Azure Sql Python Silver - Claim Denial Prediction,sl_ClaimDenialPredictionV1,TASK_COMPLETE,SUCCESS,INFO,296584,296584,0,,2026-09-03T07:00:22.001Z,2026-09-03T07:01:17.118Z,55,2026-09-03T07:01:17.118Z,,,f8921f53-dc77-4e7a-9244-91d5b95cb282,
202609030523260351,202609030523260350,20260903052105,129,13685,Azure Sql Python Silver - Claim Denial Prediction,sl_ClaimDenialPredictionV1,TASK_COMPLETE,SUCCESS,INFO,296584,296584,0,,2026-09-03T05:23:26.035Z,2026-09-03T05:24:43.406Z,77,2026-09-03T05:24:43.406Z,,,dfcc7090-6aed-405f-b6cd-6bb0271aee4d,
202609020740227313,202609020740227312,20260902073739,129,13685,Azure Sql Python Silver - Claim Denial Prediction,sl_ClaimDenialPredictionV1,TASK_COMPLETE,SUCCESS,INFO,296584,296584,0,,2026-09-02T07:40:22.731Z,2026-09-02T07:41:18.691Z,55,2026-09-02T07:41:18.691Z,,,391059bc-57e5-49c5-af48-252a2b55168c,
202609040901516683,202609040901516682,20260904085923,129,13685,Azure Sql Python Silver - Claim Denial Prediction,sl_ClaimDenialPredictionV1,TASK_COMPLETE,SUCCESS,INFO,296584,296584,0,,2026-09-04T09:01:51.668Z,2026-09-04T09:02:59.628Z,67,2026-09-04T09:02:59.628Z,,,a7509d48-2072-4539-bbb5-3825d8741944,
202609021134334419,202609021134334418,20260902113148,129,13685,Azure Sql Python Silver - Claim Denial Prediction,sl_ClaimDenialPredictionV1,TASK_COMPLETE,SUCCESS,INFO,296584,296584,0,,2026-09-02T11:34:33.441Z,2026-09-02T11:35:27.871Z,54,2026-09-02T11:35:27.871Z,,,94a1a7b5-9da2-43d5-9194-cbb05b4fd44c,
202609010633567806,202609010633567806,20260831072835,131,13692,Enrollment Activity With Readmission Silver,sl_EnrollmentActivityWReadmission,TASK_SUCCESS,SUCCESS,INFO,325940,325940,0,,2026-09-01T06:33:56.780Z,2026-09-01T06:34:41.225Z,44,2026-09-01T06:34:41.225Z,,,f386ddbf-c5af-4242-bf29-5f60b1e71ecf,
202609081128353739,202609081128353738,20260903121340,129,13685,Azure Sql Python Silver - Claim Denial Prediction,sl_ClaimDenialPredictionV1,TASK_COMPLETE,SUCCESS,INFO,296584,296584,0,,2026-09-08T11:28:35.373Z,2026-09-08T11:29:52.113Z,76,2026-09-08T11:29:52.113Z,,,3f9de54d-9a8f-4df0-8670-5ed7c25ab4cf,
202609021054547339,202609021054547338,20260902105228,129,13685,Azure Sql Python Silver - Claim Denial Prediction,sl_ClaimDenialPredictionV1,TASK_COMPLETE,SUCCESS,INFO,296584,296584,0,,2026-09-02T10:54:54.733Z,2026-09-02T10:55:50.763Z,56,2026-09-02T10:55:50.763Z,,,3506b852-499a-468c-8078-080e698457ef,
202609021113203548,202609021113203547,20260902111039,129,13685,Azure Sql Python Silver - Claim Denial Prediction,sl_ClaimDenialPredictionV1,TASK_COMPLETE,SUCCESS,INFO,296584,296584,0,,2026-09-02T11:13:20.354Z,2026-09-02T11:14:19.286Z,58,2026-09-02T11:14:19.286Z,,,ac5fafbf-2002-499b-9ca0-d3ba19fc74c2,
202609021016092343,202609021016092342,20260902101332,129,13685,Azure Sql Python Silver - Claim Denial Prediction,sl_ClaimDenialPredictionV1,TASK_COMPLETE,SUCCESS,INFO,296584,296584,0,,2026-09-02T10:16:09.234Z,2026-09-02T10:17:16.434Z,67,2026-09-02T10:17:16.434Z,,,24cb0943-51a7-4a50-ab37-5fffed8584c8,
202609021207107274,202609021207107273,20260902120444,129,13685,Azure Sql Python Silver - Claim Denial Prediction,sl_ClaimDenialPredictionV1,TASK_COMPLETE,SUCCESS,INFO,296584,296584,0,,2026-09-02T12:07:10.727Z,2026-09-02T12:08:05.902Z,55,2026-09-02T12:08:05.902Z,,,325dbe90-d834-46da-addb-cfdd40b210fa,
202609030712297229,202609030712297228,20260903071006,129,13685,Azure Sql Python Silver - Claim Denial Prediction,sl_ClaimDenialPredictionV1,TASK_COMPLETE,SUCCESS,INFO,296584,296584,0,,2026-09-03T07:12:29.722Z,2026-09-03T07:13:25.919Z,56,2026-09-03T07:13:25.919Z,,,5d717f31-08a0-46d8-9f4f-a1e32d7e0c04,
202609020928081687,202609020928081686,20260902092543,129,13685,Azure Sql Python Silver - Claim Denial Prediction,sl_ClaimDenialPredictionV1,TASK_COMPLETE,SUCCESS,INFO,296584,296584,0,,2026-09-02T09:28:08.168Z,2026-09-02T09:29:00.898Z,52,2026-09-02T09:29:00.898Z,,,e382a313-3d19-4b82-9b57-fd2a0e196c56,
202608300638060883,202608300638060883,20260830063351,131,13692,Enrollment Activity With Readmission Silver,sl_EnrollmentActivityWReadmission,TASK_SUCCESS,SUCCESS,INFO,325838,325838,0,,2026-08-30T06:38:06.088Z,2026-08-30T06:38:46.741Z,40,2026-08-30T06:38:46.741Z,,,f5468d60-c3b5-4f89-8aff-6c67bdfcebae,
202609080402415344,202609080402415343,20260908034159,129,13685,Azure Sql Python Silver - Claim Denial Prediction,sl_ClaimDenialPredictionV1,TASK_COMPLETE,SUCCESS,INFO,296584,296584,0,,2026-09-08T04:02:41.534Z,2026-09-08T04:03:47.100Z,65,2026-09-08T04:03:47.100Z,,,6304a7b3-dc45-41d5-a589-785ca3248459,
202609020855065376,202609020855065375,20260902085252,129,13685,Azure Sql Python Silver - Claim Denial Prediction,sl_ClaimDenialPredictionV1,TASK_COMPLETE,SUCCESS,INFO,296584,296584,0,,2026-09-02T08:55:06.537Z,2026-09-02T08:56:04.687Z,58,2026-09-02T08:56:04.687Z,,,1a271d40-e925-4513-b84c-2f60ddb77cc5,
202609071036566031,202609071036566030,20260904110122,129,13685,Azure Sql Python Silver - Claim Denial Prediction,sl_ClaimDenialPredictionV1,TASK_COMPLETE,SUCCESS,INFO,296584,296584,0,,2026-09-07T10:36:56.603Z,2026-09-07T10:38:14.631Z,78,2026-09-07T10:38:14.631Z,,,99033397-8470-4a39-91b2-99c27aed5089,
202609021038358851,202609021038358850,20260902103552,129,13685,Azure Sql Python Silver - Claim Denial Prediction,sl_ClaimDenialPredictionV1,TASK_COMPLETE,SUCCESS,INFO,296584,296584,0,,2026-09-02T10:38:35.885Z,2026-09-02T10:39:37.109Z,61,2026-09-02T10:39:37.109Z,,,78a4ffb1-a727-4484-9bb3-a619e88004d4,
202608300912225733,202608300912225733,20260830082705,131,13692,Enrollment Activity With Readmission Silver,sl_EnrollmentActivityWReadmission,TASK_SUCCESS,SUCCESS,INFO,325940,325940,0,,2026-08-30T09:12:22.573Z,2026-08-30T09:12:59.236Z,36,2026-08-30T09:12:59.236Z,,,d0826a4c-ff98-435d-adfd-e339a02d1b06,
202609020838053858,202609020838053857,20260902083546,129,13685,Azure Sql Python Silver - Claim Denial Prediction,sl_ClaimDenialPredictionV1,TASK_COMPLETE,SUCCESS,INFO,296584,296584,0,,2026-09-02T08:38:05.385Z,2026-09-02T08:39:02.661Z,57,2026-09-02T08:39:02.661Z,,,f3f50506-ab42-4017-a5e3-5d4c793aa0e6,
202608300801497948,202608300801497948,20260830071538,131,13692,Enrollment Activity With Readmission Silver,sl_EnrollmentActivityWReadmission,TASK_SUCCESS,SUCCESS,INFO,325940,325940,0,,2026-08-30T08:01:49.794Z,2026-08-30T08:02:26.875Z,37,2026-08-30T08:02:26.875Z,,,8cf8f378-16db-4eda-8552-9c6ae683939d,
202608281152517441,202608281152517441,20260828114902,131,13692,Enrollment Activity With Readmission Silver,sl_EnrollmentActivityWReadmission,TASK_SUCCESS,SUCCESS,INFO,325940,325940,0,,2026-08-28T11:52:51.744Z,2026-08-28T11:53:25.145Z,33,2026-08-28T11:53:25.145Z,,,e752845a-2a63-48ca-b4ef-ba7a68ece0b6,
202609020724248126,202609020724248125,20260902072154,129,13685,Azure Sql Python Silver - Claim Denial Prediction,sl_ClaimDenialPredictionV1,TASK_COMPLETE,SUCCESS,INFO,296584,296584,0,,2026-09-02T07:24:24.812Z,2026-09-02T07:25:23.835Z,59,2026-09-02T07:25:23.835Z,,,cfc73f64-c97a-42ba-92ba-46c5d817d8b9,
202609080603289232,202609080548118497,202609080548118491,147,16170,Batch Payments Bronze - B33,br_3pRemitBatch,TASK_COMPLETE,SUCCESS,INFO,10715,10715,0,,2026-09-08T05:49:10.258Z,2026-09-08T06:03:32.351Z,862,2026-09-08T06:03:32.351Z,B33,Paducah,ccb69063-ae98-485c-b24b-b0a238d7c18a,SAMMS-Paducah
202609080603282720,202609080548118492,202609080548118491,147,16160,Batch Payments Bronze - AHK,br_3pRemitBatch,TASK_COMPLETE,SUCCESS,INFO,10715,10715,0,,2026-09-08T05:49:10.258Z,2026-09-08T06:03:32.351Z,862,2026-09-08T06:03:32.351Z,AHK,Ahoskie,ccb69063-ae98-485c-b24b-b0a238d7c18a,SAMMS-Ahoskie
202609080603287568,202609080548118496,202609080548118491,147,16164,Batch Payments Bronze - B26,br_3pRemitBatch,TASK_COMPLETE,SUCCESS,INFO,10715,10715,0,,2026-09-08T05:49:10.258Z,2026-09-08T06:03:32.351Z,862,2026-09-08T06:03:32.351Z,B26,Hazard,ccb69063-ae98-485c-b24b-b0a238d7c18a,SAMMS-HazardV5
202609071818260841,202609071803429321,202609071803429320,147,16160,Batch Payments Bronze - AHK,br_3pRemitBatch,TASK_COMPLETE,SUCCESS,INFO,1397,1397,0,,2026-09-07T18:04:16.959Z,2026-09-07T18:18:29.939Z,853,2026-09-07T18:18:29.939Z,AHK,Ahoskie,456f6246-f685-4db2-9dd1-3c2de1d01c40,SAMMS-Ahoskie
202609071913054321,202609071857449471,202609071857449470,147,16160,Batch Payments Bronze - AHK,br_3pRemitBatch,TASK_COMPLETE,SUCCESS,INFO,1397,1397,0,,2026-09-07T18:58:21.835Z,2026-09-07T19:13:09.056Z,888,2026-09-07T19:13:09.056Z,AHK,Ahoskie,e9e1213a-49ea-4c6e-8ea8-bfbef19c5025,SAMMS-Ahoskie
202609080642014071,202609080627625460,202609080627625459,147,16160,Batch Payments Bronze - AHK,br_3pRemitBatch,TASK_COMPLETE,SUCCESS,INFO,1397,1397,0,,2026-09-08T06:28:42.449Z,2026-09-08T06:42:05.655Z,803,2026-09-08T06:42:05.655Z,AHK,Ahoskie,0c68bed2-8f22-4a44-9abe-e68b250db4b9,SAMMS-Ahoskie
202609080642020359,202609080627625465,202609080627625459,147,16170,Batch Payments Bronze - B33,br_3pRemitBatch,TASK_COMPLETE,SUCCESS,INFO,10715,10715,0,,2026-09-08T06:28:42.449Z,2026-09-08T06:42:05.655Z,803,2026-09-08T06:42:05.655Z,B33,Paducah,0c68bed2-8f22-4a44-9abe-e68b250db4b9,SAMMS-Paducah
202609080642019210,202609080627625464,202609080627625459,147,16164,Batch Payments Bronze - B26,br_3pRemitBatch,TASK_COMPLETE,SUCCESS,INFO,11538,11538,0,,2026-09-08T06:28:42.449Z,2026-09-08T06:42:05.655Z,803,2026-09-08T06:42:05.655Z,B26,Hazard,0c68bed2-8f22-4a44-9abe-e68b250db4b9,SAMMS-HazardV5
202609030419212876,202609030402453469,202609030402453468,138,13746,Bronze Orders CDC,br_Orders,TASK_COMPLETE,SUCCESS,INFO,206,206,0,,2026-09-03T04:03:18.072Z,2026-09-03T04:19:25.273Z,967,2026-09-03T04:19:25.273Z,B42,Virginia Beach,d4885e65-6479-4750-a76b-c74c49e3e9cb,SAMMS-VirginiaBeachV5
202609081223190952,202609081212345744,202609081212345742,138,13746,Bronze Orders CDC,br_Orders,TASK_COMPLETE,SUCCESS,INFO,33,33,0,,2026-09-08T12:13:06.399Z,2026-09-08T12:25:05.827Z,719,2026-09-08T12:25:05.827Z,B42,Virginia Beach,05780c2b-a5ee-466c-ac2e-8efa57d1bdfd,SAMMS-VirginiaBeachV5
202609080802552013,202609080746562870,202609080746562868,138,13746,Bronze Orders CDC,br_Orders,TASK_COMPLETE,SUCCESS,INFO,0,0,0,,2026-09-08T07:48:55.078Z,2026-09-08T08:03:29.470Z,874,2026-09-08T08:03:29.470Z,B42,Virginia Beach,8c117b12-3656-4f28-b328-39d84f54b3d8,SAMMS-VirginiaBeachV5
202609010935374763,202609010919251818,202609010919251817,138,13746,Bronze Orders CDC,br_Orders,TASK_COMPLETE,SUCCESS,INFO,102,102,0,,2026-09-01T09:20:11.858Z,2026-09-01T09:35:46.188Z,935,2026-09-01T09:35:46.188Z,B42,Virginia Beach,33535b71-d0d3-48e6-81e2-12a8a0f169a7,SAMMS-VirginiaBeachV5
202609080942489000,202609080926619003,202609080926619001,138,13746,Bronze Orders CDC,br_Orders,TASK_COMPLETE,SUCCESS,INFO,30,30,0,,2026-09-08T09:27:42.029Z,2026-09-08T09:43:27.597Z,945,2026-09-08T09:43:27.597Z,B42,Virginia Beach,f04a2298-90b2-4fc2-8ba2-e972eeef4935,SAMMS-VirginiaBeachV5
202609031212018582,202609031157243198,202609031157243197,138,13746,Bronze Orders CDC,br_Orders,TASK_COMPLETE,SUCCESS,INFO,0,0,0,,2026-09-03T11:59:03.716Z,2026-09-03T12:13:38.857Z,875,2026-09-03T12:13:38.857Z,B42,Virginia Beach,e094fd0a-1f4a-4369-85ee-0e102ddb1eac,SAMMS-VirginiaBeachV5
202609081028468560,202609081012364977,202609081012364975,138,13746,Bronze Orders CDC,br_Orders,TASK_COMPLETE,SUCCESS,INFO,30,30,0,,2026-09-08T10:13:06.288Z,2026-09-08T10:29:22.522Z,976,2026-09-08T10:29:22.522Z,B42,Virginia Beach,3d333425-7f19-40f0-b7c4-971bc2bdbbfe,SAMMS-VirginiaBeachV5
202609081135336939,202609081119105041,202609081119105039,138,13746,Bronze Orders CDC,br_Orders,TASK_COMPLETE,SUCCESS,INFO,30,30,0,,2026-09-08T11:21:03.645Z,2026-09-08T11:37:26.749Z,983,2026-09-08T11:37:26.749Z,B42,Virginia Beach,fc8412ff-1da3-49a2-828d-5e8326311ca8,SAMMS-VirginiaBeachV5
202609021000384980,202609021000384979,20260902100032,129,13684,Azure Sql Python Silver - 3P Balances,sl_tbl_Third_Party_AR_inDB_Balances,TASK_COMPLETE,SUCCESS,INFO,1200945,1200945,0,,2026-09-02T10:00:38.497Z,2026-09-02T10:02:40.583Z,122,2026-09-02T10:02:40.583Z,,,24176910-d49a-4f0b-93ef-8ea1937bca36,
202609030835545268,202609030835545267,20260903083548,129,13684,Azure Sql Python Silver - 3P Balances,sl_tbl_Third_Party_AR_inDB_Balances,TASK_COMPLETE,SUCCESS,INFO,1200945,1200945,0,,2026-09-03T08:35:54.526Z,2026-09-03T08:37:51.248Z,116,2026-09-03T08:37:51.248Z,,,b073a76f-9b12-413a-bd93-ee42079b5d97,
202609021131545475,202609021131545474,20260902113148,129,13684,Azure Sql Python Silver - 3P Balances,sl_tbl_Third_Party_AR_inDB_Balances,TASK_COMPLETE,SUCCESS,INFO,1200945,1200945,0,,2026-09-02T11:31:54.547Z,2026-09-02T11:34:12.882Z,138,2026-09-02T11:34:12.882Z,,,94a1a7b5-9da2-43d5-9194-cbb05b4fd44c,
202609020925492976,202609020925492975,20260902092543,129,13684,Azure Sql Python Silver - 3P Balances,sl_tbl_Third_Party_AR_inDB_Balances,TASK_COMPLETE,SUCCESS,INFO,1200945,1200945,0,,2026-09-02T09:25:49.297Z,2026-09-02T09:27:51.520Z,122,2026-09-02T09:27:51.520Z,,,e382a313-3d19-4b82-9b57-fd2a0e196c56,
202609021013391281,202609021013391280,20260902101332,129,13684,Azure Sql Python Silver - 3P Balances,sl_tbl_Third_Party_AR_inDB_Balances,TASK_COMPLETE,SUCCESS,INFO,1200945,1200945,0,,2026-09-02T10:13:39.128Z,2026-09-02T10:15:49.515Z,130,2026-09-02T10:15:49.515Z,,,24cb0943-51a7-4a50-ab37-5fffed8584c8,
202609021110489037,202609021110489036,20260902111039,129,13684,Azure Sql Python Silver - 3P Balances,sl_tbl_Third_Party_AR_inDB_Balances,TASK_COMPLETE,SUCCESS,INFO,1200945,1200945,0,,2026-09-02T11:10:48.903Z,2026-09-02T11:12:36.919Z,108,2026-09-02T11:12:36.919Z,,,ac5fafbf-2002-499b-9ca0-d3ba19fc74c2,
202609040859294144,202609040859294143,20260904085923,129,13684,Azure Sql Python Silver - 3P Balances,sl_tbl_Third_Party_AR_inDB_Balances,TASK_COMPLETE,SUCCESS,INFO,1200945,1200945,0,,2026-09-04T08:59:29.414Z,2026-09-04T09:01:33.078Z,123,2026-09-04T09:01:33.078Z,,,a7509d48-2072-4539-bbb5-3825d8741944,
202609071034580416,202609071034580415,20260904110122,129,13684,Azure Sql Python Silver - 3P Balances,sl_tbl_Third_Party_AR_inDB_Balances,TASK_COMPLETE,SUCCESS,INFO,1200945,1200945,0,,2026-09-07T10:34:58.041Z,2026-09-07T10:36:43.193Z,105,2026-09-07T10:36:43.193Z,,,99033397-8470-4a39-91b2-99c27aed5089,
202609080401045751,202609080401045750,20260908034159,129,13684,Azure Sql Python Silver - 3P Balances,sl_tbl_Third_Party_AR_inDB_Balances,TASK_COMPLETE,SUCCESS,INFO,1200945,1200945,0,,2026-09-08T04:01:04.575Z,2026-09-08T04:02:28.955Z,84,2026-09-08T04:02:28.955Z,,,6304a7b3-dc45-41d5-a589-785ca3248459,
202609021035583239,202609021035583238,20260902103552,129,13684,Azure Sql Python Silver - 3P Balances,sl_tbl_Third_Party_AR_inDB_Balances,TASK_COMPLETE,SUCCESS,INFO,1200945,1200945,0,,2026-09-02T10:35:58.323Z,2026-09-02T10:38:17.752Z,139,2026-09-02T10:38:17.752Z,,,78a4ffb1-a727-4484-9bb3-a619e88004d4,
202609020852582245,202609020852582244,20260902085252,129,13684,Azure Sql Python Silver - 3P Balances,sl_tbl_Third_Party_AR_inDB_Balances,TASK_COMPLETE,SUCCESS,INFO,1200945,1200945,0,,2026-09-02T08:52:58.224Z,2026-09-02T08:54:49.216Z,110,2026-09-02T08:54:49.216Z,,,1a271d40-e925-4513-b84c-2f60ddb77cc5,
202609041207207245,202609041207207244,20260904120701,129,13684,Azure Sql Python Silver - 3P Balances,sl_tbl_Third_Party_AR_inDB_Balances,TASK_COMPLETE,SUCCESS,INFO,1200945,1200945,0,,2026-09-04T12:07:20.724Z,2026-09-04T12:09:25.822Z,125,2026-09-04T12:09:25.822Z,,,a3df7d89-3924-493c-b358-bb016a1b1833,
202609030658260674,202609030658260673,20260903065753,129,13684,Azure Sql Python Silver - 3P Balances,sl_tbl_Third_Party_AR_inDB_Balances,TASK_COMPLETE,SUCCESS,INFO,1200945,1200945,0,,2026-09-03T06:58:26.067Z,2026-09-03T07:00:10.005Z,103,2026-09-03T07:00:10.005Z,,,f8921f53-dc77-4e7a-9244-91d5b95cb282,
202609081126333112,202609081126333111,20260903121340,129,13684,Azure Sql Python Silver - 3P Balances,sl_tbl_Third_Party_AR_inDB_Balances,TASK_COMPLETE,SUCCESS,INFO,1200945,1200945,0,,2026-09-08T11:26:33.311Z,2026-09-08T11:28:22.210Z,108,2026-09-08T11:28:22.210Z,,,3f9de54d-9a8f-4df0-8670-5ed7c25ab4cf,
202609021052453339,202609021052453338,20260902105228,129,13684,Azure Sql Python Silver - 3P Balances,sl_tbl_Third_Party_AR_inDB_Balances,TASK_COMPLETE,SUCCESS,INFO,1200945,1200945,0,,2026-09-02T10:52:45.333Z,2026-09-02T10:54:38.162Z,112,2026-09-02T10:54:38.162Z,,,3506b852-499a-468c-8078-080e698457ef,
202609020835518570,202609020835518569,20260902083546,129,13684,Azure Sql Python Silver - 3P Balances,sl_tbl_Third_Party_AR_inDB_Balances,TASK_COMPLETE,SUCCESS,INFO,1200945,1200945,0,,2026-09-02T08:35:51.856Z,2026-09-02T08:37:47.431Z,115,2026-09-02T08:37:47.431Z,,,f3f50506-ab42-4017-a5e3-5d4c793aa0e6,
202609021204508057,202609021204508056,20260902120444,129,13684,Azure Sql Python Silver - 3P Balances,sl_tbl_Third_Party_AR_inDB_Balances,TASK_COMPLETE,SUCCESS,INFO,1200945,1200945,0,,2026-09-02T12:04:50.805Z,2026-09-02T12:06:47.227Z,116,2026-09-02T12:06:47.227Z,,,325dbe90-d834-46da-addb-cfdd40b210fa,
202609021150214296,202609021150214295,20260902115015,129,13684,Azure Sql Python Silver - 3P Balances,sl_tbl_Third_Party_AR_inDB_Balances,TASK_COMPLETE,SUCCESS,INFO,1200945,1200945,0,,2026-09-02T11:50:21.429Z,2026-09-02T11:52:17.399Z,115,2026-09-02T11:52:17.399Z,,,e8e62fc1-7c20-4a22-b85b-df9e49ca1166,
202609081110157975,202609081110157974,20260903123136,129,13684,Azure Sql Python Silver - 3P Balances,sl_tbl_Third_Party_AR_inDB_Balances,TASK_COMPLETE,SUCCESS,INFO,1200945,1200945,0,,2026-09-08T11:10:15.797Z,2026-09-08T11:12:11.009Z,115,2026-09-08T11:12:11.009Z,,,fe654495-a612-4a17-9fd5-04bdafeff38b,
202609071017273769,202609071017273768,20260904113454,129,13684,Azure Sql Python Silver - 3P Balances,sl_tbl_Third_Party_AR_inDB_Balances,TASK_COMPLETE,SUCCESS,INFO,1200945,1200945,0,,2026-09-07T10:17:27.376Z,2026-09-07T10:19:37.000Z,129,2026-09-07T10:19:37.000Z,,,59e851e0-897f-4c3c-ab10-d7c44d4ebdc4,
202609021354213502,202609021354213501,20260902135415,129,13684,Azure Sql Python Silver - 3P Balances,sl_tbl_Third_Party_AR_inDB_Balances,TASK_COMPLETE,SUCCESS,INFO,1200945,1200945,0,,2026-09-02T13:54:21.350Z,2026-09-02T13:56:25.537Z,124,2026-09-02T13:56:25.537Z,,,45419c76-388a-4885-8a6e-e1a255f50e99,
202609020640134358,202609020640134357,20260902064006,129,13684,Azure Sql Python Silver - 3P Balances,sl_tbl_Third_Party_AR_inDB_Balances,TASK_COMPLETE,SUCCESS,INFO,1200945,1200945,0,,2026-09-02T06:40:13.435Z,2026-09-02T06:42:31.345Z,137,2026-09-02T06:42:31.345Z,,,432e1fd9-5757-4fbd-b5fe-306e7dd0feb7,
202609030900345258,202609030900345257,20260903090028,129,13684,Azure Sql Python Silver - 3P Balances,sl_tbl_Third_Party_AR_inDB_Balances,TASK_COMPLETE,SUCCESS,INFO,1200945,1200945,0,,2026-09-03T09:00:34.525Z,2026-09-03T09:02:30.946Z,116,2026-09-03T09:02:30.946Z,,,c8492d56-1821-4068-a9fe-b7dd40adbafa,
202609030521110153,202609030521110152,20260903052105,129,13684,Azure Sql Python Silver - 3P Balances,sl_tbl_Third_Party_AR_inDB_Balances,TASK_COMPLETE,SUCCESS,INFO,1200945,1200945,0,,2026-09-03T05:21:11.015Z,2026-09-03T05:23:05.808Z,114,2026-09-03T05:23:05.808Z,,,dfcc7090-6aed-405f-b6cd-6bb0271aee4d,
202609030710126913,202609030710126912,20260903071006,129,13684,Azure Sql Python Silver - 3P Balances,sl_tbl_Third_Party_AR_inDB_Balances,TASK_COMPLETE,SUCCESS,INFO,1200945,1200945,0,,2026-09-03T07:10:12.691Z,2026-09-03T07:12:12.565Z,119,2026-09-03T07:12:12.565Z,,,5d717f31-08a0-46d8-9f4f-a1e32d7e0c04,
202609080536368912,202609080536368911,20260903131413,129,13684,Azure Sql Python Silver - 3P Balances,sl_tbl_Third_Party_AR_inDB_Balances,TASK_COMPLETE,SUCCESS,INFO,1200945,1200945,0,,2026-09-08T05:36:36.891Z,2026-09-08T05:38:45.974Z,129,2026-09-08T05:38:45.974Z,,,5f4fa39c-2bfa-4433-b23d-f7983e8c1a2e,
202609020737451787,202609020737451786,20260902073739,129,13684,Azure Sql Python Silver - 3P Balances,sl_tbl_Third_Party_AR_inDB_Balances,TASK_COMPLETE,SUCCESS,INFO,1200945,1200945,0,,2026-09-02T07:37:45.178Z,2026-09-02T07:40:03.478Z,138,2026-09-02T07:40:03.478Z,,,391059bc-57e5-49c5-af48-252a2b55168c,
202609020722007042,202609020722007041,20260902072154,129,13684,Azure Sql Python Silver - 3P Balances,sl_tbl_Third_Party_AR_inDB_Balances,TASK_COMPLETE,SUCCESS,INFO,1200945,1200945,0,,2026-09-02T07:22:00.704Z,2026-09-02T07:24:07.686Z,126,2026-09-02T07:24:07.686Z,,,cfc73f64-c97a-42ba-92ba-46c5d817d8b9,
202609011408193723,202609011351438076,202609011351438075,18,51001,Orders Bronze SaveOrders - AHK,br_Orders,TASK_COMPLETE,SUCCESS,INFO,315,315,0,,2026-09-01T13:52:27.959Z,2026-09-01T14:08:23.079Z,956,2026-09-01T14:08:23.079Z,AHK,Ahoskie,216790a4-77ac-48a1-a0f2-067ed3c00261,SAMMS-Ahoskie
202609011311327957,202609011251101426,202609011251101425,18,51001,Orders Bronze SaveOrders - AHK,br_Orders,TASK_COMPLETE,SUCCESS,INFO,315,315,0,,2026-09-01T12:51:31.349Z,2026-09-01T13:11:36.975Z,1205,2026-09-01T13:11:36.975Z,AHK,Ahoskie,f6aa51de-9f35-48c9-bc2e-0351d0a17771,SAMMS-Ahoskie
202609011202343318,202609011148101539,202609011148101538,18,51001,Orders Bronze SaveOrders - AHK,br_Orders,TASK_COMPLETE,SUCCESS,INFO,315,315,0,,2026-09-01T11:48:29.936Z,2026-09-01T12:02:37.871Z,848,2026-09-01T12:02:37.871Z,AHK,Ahoskie,2ce55787-1d6c-4ae8-a1d1-ad0ecb61dafb,SAMMS-Ahoskie
202609011501078204,202609011446585400,202609011446585399,18,51001,Orders Bronze SaveOrders - AHK,br_Orders,TASK_COMPLETE,SUCCESS,INFO,2339,2339,0,,2026-09-01T14:47:22.523Z,2026-09-01T15:01:11.670Z,829,2026-09-01T15:01:11.670Z,AHK,Ahoskie,b5c0e877-5d64-436b-80db-f99eaf918b45,SAMMS-Ahoskie
202609081135336938,202609081119105040,202609081119105039,138,13776,Bronze Orders CDC,br_Orders,TASK_COMPLETE,SUCCESS,INFO,54,54,0,,2026-09-08T11:21:03.645Z,2026-09-08T11:37:26.749Z,983,2026-09-08T11:37:26.749Z,B24,Paintsville,fc8412ff-1da3-49a2-828d-5e8326311ca8,SAMMS-PaintsvilleV5
202609081028468558,202609081012364976,202609081012364975,138,13776,Bronze Orders CDC,br_Orders,TASK_COMPLETE,SUCCESS,INFO,54,54,0,,2026-09-08T10:13:06.288Z,2026-09-08T10:29:22.522Z,976,2026-09-08T10:29:22.522Z,B24,Paintsville,3d333425-7f19-40f0-b7c4-971bc2bdbbfe,SAMMS-PaintsvilleV5
202609081223190950,202609081212345743,202609081212345742,138,13776,Bronze Orders CDC,br_Orders,TASK_COMPLETE,SUCCESS,INFO,64,64,0,,2026-09-08T12:13:06.399Z,2026-09-08T12:25:05.827Z,719,2026-09-08T12:25:05.827Z,B24,Paintsville,05780c2b-a5ee-466c-ac2e-8efa57d1bdfd,SAMMS-PaintsvilleV5
202609031721403105,202609031721403104,20260903172129,121,12584,Silver OffWeek Counseling Engagement,sl_OffWeekCounselingEngagement,TASK_COMPLETE,SUCCESS,INFO,0,0,0,,2026-09-03T17:21:40.310Z,2026-09-03T17:24:36.233Z,175,2026-09-03T17:24:36.233Z,,,5a9c4813-8a98-491b-8ba0-773490315d42,
202609070343318331,202609070343318330,20260907034322,121,12584,Silver OffWeek Counseling Engagement,sl_OffWeekCounselingEngagement,TASK_COMPLETE,SUCCESS,INFO,0,0,0,,2026-09-07T03:43:31.833Z,2026-09-07T03:46:07.917Z,156,2026-09-07T03:46:07.917Z,,,5d2076cb-9eed-4560-8c54-92c47621dd72,
202609031703421391,202609031703421390,20260903170330,121,12584,Silver OffWeek Counseling Engagement,sl_OffWeekCounselingEngagement,TASK_COMPLETE,SUCCESS,INFO,0,0,0,,2026-09-03T17:03:42.139Z,2026-09-03T17:06:25.775Z,163,2026-09-03T17:06:25.775Z,,,79148fba-3b5b-4bd1-ba61-2fb3620a4279,
202609070312046767,202609070312046766,20260907031155,121,12584,Silver OffWeek Counseling Engagement,sl_OffWeekCounselingEngagement,TASK_COMPLETE,SUCCESS,INFO,0,0,0,,2026-09-07T03:12:04.676Z,2026-09-07T03:14:36.446Z,151,2026-09-07T03:14:36.446Z,,,32ebc41d-1616-4d5e-aeab-1fc3f7fe7d06,
202609031635386791,202609031635386790,20260903163530,121,12584,Silver OffWeek Counseling Engagement,sl_OffWeekCounselingEngagement,TASK_COMPLETE,SUCCESS,INFO,0,0,0,,2026-09-03T16:35:38.679Z,2026-09-03T16:38:14.145Z,155,2026-09-03T16:38:14.145Z,,,c4aab6bd-7246-42a6-8543-50273d44cf3d,
202609031538211536,202609031538211535,20260903151658,121,12584,Silver OffWeek Counseling Engagement,sl_OffWeekCounselingEngagement,TASK_COMPLETE,SUCCESS,INFO,0,0,0,,2026-09-03T15:38:21.153Z,2026-09-03T15:41:05.865Z,164,2026-09-03T15:41:05.865Z,,,4fde8a32-a568-463b-b92b-1366373b5ff5,
202609031647481245,202609031647481244,20260903164737,121,12584,Silver OffWeek Counseling Engagement,sl_OffWeekCounselingEngagement,TASK_COMPLETE,SUCCESS,INFO,0,0,0,,2026-09-03T16:47:48.124Z,2026-09-03T16:50:34.850Z,166,2026-09-03T16:50:34.850Z,,,924c339f-a40c-4fa0-9746-4d59d8146524,
202609031509505346,202609031509505345,20260903143917,121,12584,Silver OffWeek Counseling Engagement,sl_OffWeekCounselingEngagement,TASK_COMPLETE,SUCCESS,INFO,0,0,0,,2026-09-03T15:09:50.534Z,2026-09-03T15:15:00.487Z,309,2026-09-03T15:15:00.487Z,,,e922c4e4-ba62-4f6d-9b8c-63d0b5108629,
202609030957241776,202609030957241776,20260903095718,121,12584,Silver OffWeek Counseling Engagement,sl_OffWeekCounselingEngagement,TASK_SUCCESS,SUCCESS,INFO,0,0,0,,2026-09-03T09:57:24.177Z,2026-09-03T10:00:04.180Z,160,2026-09-03T10:00:04.180Z,,,c635a2b4-fd80-403f-957d-852c27b3649e,
202609031400199922,202609031400199922,20260903140001,121,12584,Silver OffWeek Counseling Engagement,sl_OffWeekCounselingEngagement,TASK_SUCCESS,SUCCESS,INFO,0,0,0,,2026-09-03T14:00:19.992Z,2026-09-03T14:04:44.101Z,264,2026-09-03T14:04:44.101Z,,,93171e05-6d5e-4b1a-8640-e486f2cee83d,
202608310707563135,202608310707563135,20260828070842,121,12584,Silver OffWeek Counseling Engagement,sl_OffWeekCounselingEngagement,TASK_SUCCESS,SUCCESS,INFO,0,0,0,,2026-08-31T07:07:56.313Z,2026-08-31T07:10:33.323Z,157,2026-08-31T07:10:33.323Z,,,c109bed6-61e8-4611-8aec-6c6c13a8385b,
202609030630114505,202609030630114505,20260821064504,121,12584,Silver OffWeek Counseling Engagement,sl_OffWeekCounselingEngagement,TASK_SUCCESS,SUCCESS,INFO,0,0,0,,2026-09-03T06:30:11.450Z,2026-09-03T06:32:42.782Z,151,2026-09-03T06:32:42.782Z,,,f96f5b99-9d68-4178-8a83-78819af29a92,
202608310622045369,202608310622045369,20260828072135,121,12584,Silver OffWeek Counseling Engagement,sl_OffWeekCounselingEngagement,TASK_SUCCESS,SUCCESS,INFO,0,0,0,,2026-08-31T06:22:04.536Z,2026-08-31T06:24:55.234Z,170,2026-08-31T06:24:55.234Z,,,37c5b12d-f877-4498-bf21-95491b7fdee7,
202609031320401131,202609031320401131,20260903132033,121,12584,Silver OffWeek Counseling Engagement,sl_OffWeekCounselingEngagement,TASK_SUCCESS,SUCCESS,INFO,0,0,0,,2026-09-03T13:20:40.113Z,2026-09-03T13:23:43.157Z,183,2026-09-03T13:23:43.157Z,,,8354fe9a-a940-4119-ab8e-6c094f3224d7,
202609030605453253,202609030605453253,20260825030415,121,12584,Silver OffWeek Counseling Engagement,sl_OffWeekCounselingEngagement,TASK_SUCCESS,SUCCESS,INFO,0,0,0,,2026-09-03T06:05:45.325Z,2026-09-03T06:08:32.741Z,167,2026-09-03T06:08:32.741Z,,,11b0f007-ed6d-4ee6-9a5c-040380b29931,
202609031435444301,202609031435444301,20260903143537,121,12584,Silver OffWeek Counseling Engagement,sl_OffWeekCounselingEngagement,TASK_SUCCESS,SUCCESS,INFO,0,0,0,,2026-09-03T14:35:44.430Z,2026-09-03T14:38:19.847Z,155,2026-09-03T14:38:19.847Z,,,f15cb285-b6b1-4860-8783-c75a284b7e30,
202609030653291529,202609030653291529,20260903065325,121,12584,Silver OffWeek Counseling Engagement,sl_OffWeekCounselingEngagement,TASK_SUCCESS,SUCCESS,INFO,0,0,0,,2026-09-03T06:53:29.152Z,2026-09-03T06:55:59.138Z,149,2026-09-03T06:55:59.138Z,,,99698447-e02c-478c-bc1e-40fdc49c170e,
202609031347401998,202609031347401998,20260903134733,121,12584,Silver OffWeek Counseling Engagement,sl_OffWeekCounselingEngagement,TASK_SUCCESS,SUCCESS,INFO,0,0,0,,2026-09-03T13:47:40.199Z,2026-09-03T13:50:26.295Z,166,2026-09-03T13:50:26.295Z,,,139f1961-be70-4847-a8fc-297093dde165,
202609010935376011,202609010919251819,202609010919251817,138,13745,Bronze Orders CDC,br_Orders,TASK_COMPLETE,SUCCESS,INFO,121,121,0,,2026-09-01T09:20:11.858Z,2026-09-01T09:35:46.188Z,935,2026-09-01T09:35:46.188Z,HGT,Hagerstown,33535b71-d0d3-48e6-81e2-12a8a0f169a7,SAMMS-Hagerstown
202609080802552015,202609080746562871,202609080746562868,138,13745,Bronze Orders CDC,br_Orders,TASK_COMPLETE,SUCCESS,INFO,0,0,0,,2026-09-08T07:48:55.078Z,2026-09-08T08:03:29.470Z,874,2026-09-08T08:03:29.470Z,HGT,Hagerstown,8c117b12-3656-4f28-b328-39d84f54b3d8,SAMMS-Hagerstown
202609030419214245,202609030402453470,202609030402453468,138,13745,Bronze Orders CDC,br_Orders,TASK_COMPLETE,SUCCESS,INFO,248,248,0,,2026-09-03T04:03:18.072Z,2026-09-03T04:19:25.273Z,967,2026-09-03T04:19:25.273Z,HGT,Hagerstown,d4885e65-6479-4750-a76b-c74c49e3e9cb,SAMMS-Hagerstown
202609081028468561,202609081012364978,202609081012364975,138,13745,Bronze Orders CDC,br_Orders,TASK_COMPLETE,SUCCESS,INFO,136,136,0,,2026-09-08T10:13:06.288Z,2026-09-08T10:29:22.522Z,976,2026-09-08T10:29:22.522Z,HGT,Hagerstown,3d333425-7f19-40f0-b7c4-971bc2bdbbfe,SAMMS-Hagerstown
202609031212020263,202609031157243199,202609031157243197,138,13745,Bronze Orders CDC,br_Orders,TASK_COMPLETE,SUCCESS,INFO,0,0,0,,2026-09-03T11:59:03.716Z,2026-09-03T12:13:38.857Z,875,2026-09-03T12:13:38.857Z,HGT,Hagerstown,e094fd0a-1f4a-4369-85ee-0e102ddb1eac,SAMMS-Hagerstown
202609080942489001,202609080926619004,202609080926619001,138,13745,Bronze Orders CDC,br_Orders,TASK_COMPLETE,SUCCESS,INFO,136,136,0,,2026-09-08T09:27:42.029Z,2026-09-08T09:43:27.597Z,945,2026-09-08T09:43:27.597Z,HGT,Hagerstown,f04a2298-90b2-4fc2-8ba2-e972eeef4935,SAMMS-Hagerstown
202609030419215667,202609030402453471,202609030402453468,138,13744,Bronze Orders CDC,br_Orders,TASK_COMPLETE,SUCCESS,INFO,263,263,0,,2026-09-03T04:03:18.072Z,2026-09-03T04:19:25.273Z,967,2026-09-03T04:19:25.273Z,V9,Nashville,d4885e65-6479-4750-a76b-c74c49e3e9cb,SAMMS-NashvilleV5
202609030625087832,202609030609247365,202609030609247364,138,13744,Bronze Orders CDC,br_Orders,TASK_COMPLETE,SUCCESS,INFO,260,260,0,,2026-09-03T06:09:55.537Z,2026-09-03T06:25:12.360Z,917,2026-09-03T06:25:12.360Z,V9,Nashville,e45cf123-426f-484e-ac7c-c7869e0d3df2,SAMMS-NashvilleV5
202609010935377273,202609010919251820,202609010919251817,138,13744,Bronze Orders CDC,br_Orders,TASK_COMPLETE,SUCCESS,INFO,113,113,0,,2026-09-01T09:20:11.858Z,2026-09-01T09:35:46.188Z,935,2026-09-01T09:35:46.188Z,V9,Nashville,33535b71-d0d3-48e6-81e2-12a8a0f169a7,SAMMS-NashvilleV5
202609080942489003,202609080926619005,202609080926619001,138,13744,Bronze Orders CDC,br_Orders,TASK_COMPLETE,SUCCESS,INFO,78,78,0,,2026-09-08T09:27:42.029Z,2026-09-08T09:43:27.597Z,945,2026-09-08T09:43:27.597Z,V9,Nashville,f04a2298-90b2-4fc2-8ba2-e972eeef4935,SAMMS-NashvilleV5
202609080802552016,202609080746562872,202609080746562868,138,13744,Bronze Orders CDC,br_Orders,TASK_COMPLETE,SUCCESS,INFO,0,0,0,,2026-09-08T07:48:55.078Z,2026-09-08T08:03:29.470Z,874,2026-09-08T08:03:29.470Z,V9,Nashville,8c117b12-3656-4f28-b328-39d84f54b3d8,SAMMS-NashvilleV5
202609081028468563,202609081012364979,202609081012364975,138,13744,Bronze Orders CDC,br_Orders,TASK_COMPLETE,SUCCESS,INFO,78,78,0,,2026-09-08T10:13:06.288Z,2026-09-08T10:29:22.522Z,976,2026-09-08T10:29:22.522Z,V9,Nashville,3d333425-7f19-40f0-b7c4-971bc2bdbbfe,SAMMS-NashvilleV5
202609031212021936,202609031157243200,202609031157243197,138,13744,Bronze Orders CDC,br_Orders,TASK_COMPLETE,SUCCESS,INFO,0,0,0,,2026-09-03T11:59:03.716Z,2026-09-03T12:13:38.857Z,875,2026-09-03T12:13:38.857Z,V9,Nashville,e094fd0a-1f4a-4369-85ee-0e102ddb1eac,SAMMS-NashvilleV5
202609030703169260,202609030647370207,202609030647370206,138,13744,Bronze Orders CDC,br_Orders,TASK_COMPLETE,SUCCESS,INFO,260,260,0,,2026-09-03T06:48:13.619Z,2026-09-03T07:03:20.731Z,907,2026-09-03T07:03:20.731Z,V9,Nashville,8a978163-dc4c-4328-851c-ec293737fd61,SAMMS-NashvilleV5
202609080731167078,202609080714302808,202609080714302807,18,51001,Orders Bronze - AHK,br_Orders,TASK_COMPLETE,SUCCESS,INFO,2352,2352,0,,2026-09-08T07:15:10.187Z,2026-09-08T07:31:20.309Z,970,2026-09-08T07:31:20.309Z,AHK,Ahoskie,60236488-77d9-43e9-8104-e7376443a0c0,SAMMS-Ahoskie
202608300708375757,202608300708375757,20260830064606,131,13693,Marketing Admits Readmissions Silver,sl_AdmitsPReadmissions,TASK_SUCCESS,SUCCESS,INFO,88386,88386,0,,2026-08-30T07:08:37.575Z,2026-08-30T07:09:42.090Z,64,2026-08-30T07:09:42.090Z,,,0fae7162-ad60-4757-b9b2-8e417a5b19d1,
202608300802337702,202608300802337702,20260830071538,131,13693,Marketing Admits Readmissions Silver,sl_AdmitsPReadmissions,TASK_SUCCESS,SUCCESS,INFO,325842,325842,0,,2026-08-30T08:02:33.770Z,2026-08-30T08:03:59.988Z,86,2026-08-30T08:03:59.988Z,,,8cf8f378-16db-4eda-8552-9c6ae683939d,
202608300639138871,202608300639138871,20260830063351,131,13693,Marketing Admits Readmissions Silver,sl_AdmitsPReadmissions,TASK_SUCCESS,SUCCESS,INFO,88386,88386,0,,2026-08-30T06:39:13.887Z,2026-08-30T06:40:21.239Z,67,2026-08-30T06:40:21.239Z,,,f5468d60-c3b5-4f89-8aff-6c67bdfcebae,
202609010634489486,202609010634489486,20260831072835,131,13693,Marketing Admits Readmissions Silver,sl_AdmitsPReadmissions,TASK_SUCCESS,SUCCESS,INFO,325842,325842,0,,2026-09-01T06:34:48.948Z,2026-09-01T06:36:12.946Z,83,2026-09-01T06:36:12.946Z,,,f386ddbf-c5af-4242-bf29-5f60b1e71ecf,
202608300913082795,202608300913082795,20260830082705,131,13693,Marketing Admits Readmissions Silver,sl_AdmitsPReadmissions,TASK_SUCCESS,SUCCESS,INFO,325842,325842,0,,2026-08-30T09:13:08.279Z,2026-08-30T09:14:33.319Z,85,2026-08-30T09:14:33.319Z,,,d0826a4c-ff98-435d-adfd-e339a02d1b06,
202608281153324993,202608281153324993,20260828114902,131,13693,Marketing Admits Readmissions Silver,sl_AdmitsPReadmissions,TASK_SUCCESS,SUCCESS,INFO,325842,325842,0,,2026-08-28T11:53:32.499Z,2026-08-28T11:54:54.152Z,81,2026-08-28T11:54:54.152Z,,,e752845a-2a63-48ca-b4ef-ba7a68ece0b6,
202609020838109163,202609020838109162,20260902073656,109,8609,Bronze Account Reference,br_cashflow_accountlocationref,TASK_COMPLETE,SUCCESS,INFO,273,273,0,,2026-09-02T08:38:10.916Z,2026-09-02T08:38:35.973Z,25,2026-09-02T08:38:35.973Z,,,5c34dd32-79db-4626-b497-8f8aa2079363,
202609040750293764,202609040750293763,20260904074530,109,8609,Bronze Account Reference,br_cashflow_accountlocationref,TASK_COMPLETE,SUCCESS,INFO,273,273,0,,2026-09-04T07:50:29.376Z,2026-09-04T07:50:57.295Z,27,2026-09-04T07:50:57.295Z,,,714261ac-6ca6-4f7a-a1cc-65ca648efe73,
202609020347317632,202609020347317631,20260902032359,109,8609,Bronze Account Reference,br_cashflow_accountlocationref,TASK_COMPLETE,SUCCESS,INFO,273,273,0,,2026-09-02T03:47:31.763Z,2026-09-02T03:47:52.898Z,21,2026-09-02T03:47:52.898Z,,,d0354a1d-b115-4cc7-88f9-15c40e686970,
202609032111385432,202609032111385431,20260903210644,109,8609,Bronze Account Reference,br_cashflow_accountlocationref,TASK_COMPLETE,SUCCESS,INFO,273,273,0,,2026-09-03T21:11:38.543Z,2026-09-03T21:11:58.666Z,20,2026-09-03T21:11:58.666Z,,,47074de9-d3a9-4b3d-b69c-7be5bb05cabc,
202609010631530924,202609010631530923,20260831113956,109,8609,Bronze Account Reference,br_cashflow_accountlocationref,TASK_COMPLETE,SUCCESS,INFO,273,273,0,,2026-09-01T06:31:53.092Z,2026-09-01T06:32:15.583Z,22,2026-09-01T06:32:15.583Z,,,dd39e0f0-8c11-409c-baf1-c1eb0bc831e6,
202609040634243605,202609040634243604,20260904062932,109,8609,Bronze Account Reference,br_cashflow_accountlocationref,TASK_COMPLETE,SUCCESS,INFO,273,273,0,,2026-09-04T06:34:24.360Z,2026-09-04T06:34:42.211Z,17,2026-09-04T06:34:42.211Z,,,d40ce3b6-17a1-46ab-b12e-c683ffcad914,
202609070554442388,202609070554442388,20260907054908,141,13776,Flu Survey Declinations 2025-2026,FluSurveyDeclinations,TASK_SUCCESS,SUCCESS,INFO,2320,2320,0,,2026-09-07T05:54:44.238Z,2026-09-07T05:55:12.400Z,28,2026-09-07T05:55:12.400Z,,,efcb7980-23b7-4dad-a613-0ec15e5af44a,
202609040653313134,202609040653313134,20260903065411,141,13774,Flu Survey Declinations 2024-2025,FluSurveyDeclinations,TASK_SUCCESS,SUCCESS,INFO,1643,1643,0,,2026-09-04T06:53:31.313Z,2026-09-04T06:54:02.902Z,31,2026-09-04T06:54:02.902Z,,,d6480cb5-d898-420d-8213-6c11df16bef3,
202609072009522091,202609072009522091,20260907200457,141,13776,Flu Survey Declinations 2025-2026,FluSurveyDeclinations,TASK_SUCCESS,SUCCESS,INFO,2320,2320,0,,2026-09-07T20:09:52.209Z,2026-09-07T20:10:19.252Z,27,2026-09-07T20:10:19.252Z,,,df39e74e-3a35-4065-9433-2c4803081f3d,
202609070439280002,202609070439280002,20260907043521,141,13774,Flu Survey Declinations 2024-2025,FluSurveyDeclinations,TASK_SUCCESS,SUCCESS,INFO,1643,1643,0,,2026-09-07T04:39:28.000Z,2026-09-07T04:39:50.999Z,22,2026-09-07T04:39:50.999Z,,,779bbb8b-3f8e-4399-b8b9-890d68401aa1,
202609070553266705,202609070553266705,20260907054908,141,13774,Flu Survey Declinations 2024-2025,FluSurveyDeclinations,TASK_SUCCESS,SUCCESS,INFO,1643,1643,0,,2026-09-07T05:53:26.670Z,2026-09-07T05:53:49.166Z,22,2026-09-07T05:53:49.166Z,,,efcb7980-23b7-4dad-a613-0ec15e5af44a,
202609040655247189,202609040655247189,20260903065411,141,13776,Flu Survey Declinations 2025-2026,FluSurveyDeclinations,TASK_SUCCESS,SUCCESS,INFO,2320,2320,0,,2026-09-04T06:55:24.718Z,2026-09-04T06:56:19.989Z,55,2026-09-04T06:56:19.989Z,,,d6480cb5-d898-420d-8213-6c11df16bef3,
202609072008361771,202609072008361771,20260907200457,141,13774,Flu Survey Declinations 2024-2025,FluSurveyDeclinations,TASK_SUCCESS,SUCCESS,INFO,1643,1643,0,,2026-09-07T20:08:36.177Z,2026-09-07T20:09:00.326Z,24,2026-09-07T20:09:00.326Z,,,df39e74e-3a35-4065-9433-2c4803081f3d,
202609070614280111,202609070614280111,20260907060848,141,13776,Flu Survey Declinations 2025-2026,FluSurveyDeclinations,TASK_SUCCESS,SUCCESS,INFO,2320,2320,0,,2026-09-07T06:14:28.011Z,2026-09-07T06:15:02.905Z,34,2026-09-07T06:15:02.905Z,,,cf11fb94-1c71-47fd-aff8-c68ca34de8c5,
202609072030521007,202609072030521007,20260907202459,141,13776,Flu Survey Declinations 2025-2026,FluSurveyDeclinations,TASK_SUCCESS,SUCCESS,INFO,2320,2320,0,,2026-09-07T20:30:52.100Z,2026-09-07T20:31:28.977Z,36,2026-09-07T20:31:28.977Z,,,870e0242-5dd7-4aac-a78a-33a4dd219a39,
202609070613078337,202609070613078337,20260907060848,141,13774,Flu Survey Declinations 2024-2025,FluSurveyDeclinations,TASK_SUCCESS,SUCCESS,INFO,1643,1643,0,,2026-09-07T06:13:07.833Z,2026-09-07T06:13:37.854Z,30,2026-09-07T06:13:37.854Z,,,cf11fb94-1c71-47fd-aff8-c68ca34de8c5,
202609070440470298,202609070440470298,20260907043521,141,13776,Flu Survey Declinations 2025-2026,FluSurveyDeclinations,TASK_SUCCESS,SUCCESS,INFO,2320,2320,0,,2026-09-07T04:40:47.029Z,2026-09-07T04:41:14.238Z,27,2026-09-07T04:41:14.238Z,,,779bbb8b-3f8e-4399-b8b9-890d68401aa1,
202609072029247931,202609072029247931,20260907202459,141,13774,Flu Survey Declinations 2024-2025,FluSurveyDeclinations,TASK_SUCCESS,SUCCESS,INFO,1643,1643,0,,2026-09-07T20:29:24.793Z,2026-09-07T20:29:44.583Z,19,2026-09-07T20:29:44.583Z,,,870e0242-5dd7-4aac-a78a-33a4dd219a39,
202609020833393017,202609020833393016,20260902073656,109,8608,Bronze Wells Transactions,br_cashflow_transactions,TASK_COMPLETE,SUCCESS,INFO,509839,509839,0,,2026-09-02T08:33:39.301Z,2026-09-02T08:37:54.883Z,255,2026-09-02T08:37:54.883Z,,,5c34dd32-79db-4626-b497-8f8aa2079363,
202609032106525575,202609032106525574,20260903210644,109,8608,Bronze Wells Transactions,br_cashflow_transactions,TASK_COMPLETE,SUCCESS,INFO,509839,509839,0,,2026-09-03T21:06:52.557Z,2026-09-03T21:11:20.965Z,268,2026-09-03T21:11:20.965Z,,,47074de9-d3a9-4b3d-b69c-7be5bb05cabc,
202609010626573922,202609010626573921,20260831113956,109,8608,Bronze Wells Transactions,br_cashflow_transactions,TASK_COMPLETE,SUCCESS,INFO,509839,509839,0,,2026-09-01T06:26:57.392Z,2026-09-01T06:31:37.563Z,280,2026-09-01T06:31:37.563Z,,,dd39e0f0-8c11-409c-baf1-c1eb0bc831e6,
202609040629415039,202609040629415038,20260904062932,109,8608,Bronze Wells Transactions,br_cashflow_transactions,TASK_COMPLETE,SUCCESS,INFO,509839,509839,0,,2026-09-04T06:29:41.503Z,2026-09-04T06:34:09.688Z,268,2026-09-04T06:34:09.688Z,,,d40ce3b6-17a1-46ab-b12e-c683ffcad914,
202609040745406330,202609040745406329,20260904074530,109,8608,Bronze Wells Transactions,br_cashflow_transactions,TASK_COMPLETE,SUCCESS,INFO,509839,509839,0,,2026-09-04T07:45:40.632Z,2026-09-04T07:50:07.382Z,266,2026-09-04T07:50:07.382Z,,,714261ac-6ca6-4f7a-a1cc-65ca648efe73,
202608311010059684,202608311010059683,20260831100956,109,8608,Bronze Wells Transactions,br_cashflow_transactions,TASK_COMPLETE,SUCCESS,INFO,509839,509839,0,,2026-08-31T10:10:05.968Z,2026-08-31T10:15:08.633Z,302,2026-08-31T10:15:08.633Z,,,24dba459-dc03-43ff-935b-02975da59b9d,
202609032028070690,202609032028070689,20260903201615,109,8608,Bronze Wells Transactions,br_cashflow_transactions,TASK_COMPLETE,SUCCESS,INFO,509839,509839,0,,2026-09-03T20:28:07.068Z,2026-09-03T20:32:24.357Z,257,2026-09-03T20:32:24.357Z,,,7a57419a-bb25-4ef5-a179-dddc64ce8c4f,
202609020342548699,202609020342548698,20260902032359,109,8608,Bronze Wells Transactions,br_cashflow_transactions,TASK_COMPLETE,SUCCESS,INFO,509839,509839,0,,2026-09-02T03:42:54.869Z,2026-09-02T03:47:13.083Z,258,2026-09-02T03:47:13.083Z,,,d0354a1d-b115-4cc7-88f9-15c40e686970,
202609070551491735,202609070551491735,20260907054908,141,13754,Late Entry Termed Employees Report,LateEntryTermed,TASK_SUCCESS,SUCCESS,INFO,0,0,0,,2026-09-07T05:51:49.173Z,2026-09-07T05:52:04.729Z,15,2026-09-07T05:52:04.729Z,,,efcb7980-23b7-4dad-a613-0ec15e5af44a,
202609070611269441,202609070611269441,20260907060848,141,13754,Late Entry Termed Employees Report,LateEntryTermed,TASK_SUCCESS,SUCCESS,INFO,0,0,0,,2026-09-07T06:11:26.944Z,2026-09-07T06:11:42.130Z,15,2026-09-07T06:11:42.130Z,,,cf11fb94-1c71-47fd-aff8-c68ca34de8c5,
202609070437514069,202609070437514069,20260907043521,141,13754,Late Entry Termed Employees Report,LateEntryTermed,TASK_SUCCESS,SUCCESS,INFO,0,0,0,,2026-09-07T04:37:51.406Z,2026-09-07T04:38:09.515Z,18,2026-09-07T04:38:09.515Z,,,779bbb8b-3f8e-4399-b8b9-890d68401aa1,
202609070616463310,202609070616463310,20260907061417,141,13754,Late Entry Termed Employees Report,LateEntryTermed,TASK_SUCCESS,SUCCESS,INFO,0,0,0,,2026-09-07T06:16:46.331Z,2026-09-07T06:17:02.401Z,16,2026-09-07T06:17:02.401Z,,,f4a30330-acea-4c49-913d-e09dacb41390,
202609072007020922,202609072007020922,20260907200457,141,13754,Late Entry Termed Employees Report,LateEntryTermed,TASK_SUCCESS,SUCCESS,INFO,0,0,0,,2026-09-07T20:07:02.092Z,2026-09-07T20:07:16.582Z,14,2026-09-07T20:07:16.582Z,,,df39e74e-3a35-4065-9433-2c4803081f3d,
202609072027502741,202609072027502741,20260907202459,141,13754,Late Entry Termed Employees Report,LateEntryTermed,TASK_SUCCESS,SUCCESS,INFO,0,0,0,,2026-09-07T20:27:50.274Z,2026-09-07T20:28:04.047Z,13,2026-09-07T20:28:04.047Z,,,870e0242-5dd7-4aac-a78a-33a4dd219a39,
202609080856252852,202609080856252851,20260908085619,116,8626,Silver Patient Services,sl_patientservicesnoshow,TASK_COMPLETE,SUCCESS,INFO,0,0,0,,2026-09-08T08:56:25.285Z,2026-09-08T08:59:00.142Z,154,2026-09-08T08:59:00.142Z,,,131a5d97-d8c6-4025-b83a-b72dccab3d72,
202609031929305199,202609031929305199,20260903192921,126,13680,Bronze Overdue Courses,br_learningreports_overdue,TASK_SUCCESS,SUCCESS,INFO,2565,2565,0,,2026-09-03T19:29:30.519Z,2026-09-03T19:30:03.679Z,33,2026-09-03T19:30:03.679Z,,,a5570b6d-ab4f-492f-a0f3-019ba8a0989c,
202609031819253553,202609031819253553,20260903181050,126,13680,Bronze Overdue Courses,br_learningreports_overdue,TASK_SUCCESS,SUCCESS,INFO,2565,2565,0,,2026-09-03T18:19:25.355Z,2026-09-03T18:20:01.554Z,36,2026-09-03T18:20:01.554Z,,,5360e0f0-1b6e-453c-963d-303c626d47b0,
202609031902568497,202609031902568497,20260903190247,126,13680,Bronze Overdue Courses,br_learningreports_overdue,TASK_SUCCESS,SUCCESS,INFO,2565,2565,0,,2026-09-03T19:02:56.849Z,2026-09-03T19:03:31.004Z,34,2026-09-03T19:03:31.004Z,,,94765793-67d3-4a98-afae-52065647e781,
202609020954012227,202609020954012227,20260902093644,126,13680,Bronze Overdue Courses,br_learningreports_overdue,TASK_SUCCESS,SUCCESS,INFO,2565,2565,0,,2026-09-02T09:54:01.222Z,2026-09-02T09:54:25.770Z,24,2026-09-02T09:54:25.770Z,,,46143f78-d0dd-4612-bc72-7509b4b9369c,
202609020934457833,202609020934457833,20260831100753,126,13680,Bronze Overdue Courses,br_learningreports_overdue,TASK_SUCCESS,SUCCESS,INFO,2565,2565,0,,2026-09-02T09:34:45.783Z,2026-09-02T09:35:15.607Z,29,2026-09-02T09:35:15.607Z,,,d2f0a918-4c32-4516-a936-7d0dfd6fe16f,
202609021012245965,202609021012245965,20260902095617,126,13680,Bronze Overdue Courses,br_learningreports_overdue,TASK_SUCCESS,SUCCESS,INFO,2565,2565,0,,2026-09-02T10:12:24.596Z,2026-09-02T10:12:53.816Z,29,2026-09-02T10:12:53.816Z,,,8a6f1e0c-6911-49b3-a6e2-a915b3060644,
202609021029357566,202609021029357566,20260828105004,126,13680,Bronze Overdue Courses,br_learningreports_overdue,TASK_SUCCESS,SUCCESS,INFO,2565,2565,0,,2026-09-02T10:29:35.756Z,2026-09-02T10:30:02.835Z,27,2026-09-02T10:30:02.835Z,,,fae6f27e-61f7-4550-97cb-ae854acd3594,
202609031808194738,202609031808194738,20260903180808,126,13680,Bronze Overdue Courses,br_learningreports_overdue,TASK_SUCCESS,SUCCESS,INFO,2565,2565,0,,2026-09-03T18:08:19.473Z,2026-09-03T18:08:52.268Z,32,2026-09-03T18:08:52.268Z,,,574a4698-b70b-461e-850c-a34d8f152509,
202608300919351923,202608300919351923,20260830082705,131,13696,Auth Elig Trend Auth Silver,sl_CurrentDayPayAuth,TASK_SUCCESS,SUCCESS,INFO,2,2,0,,2026-08-30T09:19:35.192Z,2026-08-30T09:20:00.351Z,25,2026-08-30T09:20:00.351Z,,,d0826a4c-ff98-435d-adfd-e339a02d1b06,
202608300710591433,202608300710591433,20260830064606,131,13696,Auth Elig Trend Auth Silver,sl_CurrentDayPayAuth,TASK_SUCCESS,SUCCESS,INFO,1,1,0,,2026-08-30T07:10:59.143Z,2026-08-30T07:11:26.920Z,27,2026-08-30T07:11:26.920Z,,,0fae7162-ad60-4757-b9b2-8e417a5b19d1,
202608300711334434,202608300711334434,20260830064606,131,13697,Auth Elig Trend Elig Silver,sl_CurrentDayPayElig,TASK_SUCCESS,SUCCESS,INFO,2,2,0,,2026-08-30T07:11:33.443Z,2026-08-30T07:12:02.430Z,28,2026-08-30T07:12:02.430Z,,,0fae7162-ad60-4757-b9b2-8e417a5b19d1,
202609072005470807,202609072005470807,20260907200457,141,13751,Paycor WorkEmail Issues Report,PaycorEmailIssues,TASK_SUCCESS,SUCCESS,INFO,0,0,0,,2026-09-07T20:05:47.080Z,2026-09-07T20:06:05.093Z,18,2026-09-07T20:06:05.093Z,,,df39e74e-3a35-4065-9433-2c4803081f3d,
202609021032152425,202609021032152425,20260902093847,127,13681,Silver Overdue Courses,sl_LearningReportsOverdue,TASK_SUCCESS,SUCCESS,INFO,2565,2565,0,,2026-09-02T10:32:15.242Z,2026-09-02T10:32:47.549Z,32,2026-09-02T10:32:47.549Z,,,fae6f27e-61f7-4550-97cb-ae854acd3594,
202608300809010066,202608300809010066,20260830071538,131,13696,Auth Elig Trend Auth Silver,sl_CurrentDayPayAuth,TASK_SUCCESS,SUCCESS,INFO,2,2,0,,2026-08-30T08:09:01.006Z,2026-08-30T08:09:25.253Z,24,2026-08-30T08:09:25.253Z,,,8cf8f378-16db-4eda-8552-9c6ae683939d,
202609031916592790,202609031916592790,20260903191655,127,13681,Silver Overdue Courses,sl_LearningReportsOverdue,TASK_SUCCESS,SUCCESS,INFO,2565,2565,0,,2026-09-03T19:16:59.279Z,2026-09-03T19:18:06.294Z,67,2026-09-03T19:18:06.294Z,,,e43a8f33-1096-489d-9499-bf0c83753e23,
202609070436318097,202609070436318097,20260907043521,141,13751,Paycor WorkEmail Issues Report,PaycorEmailIssues,TASK_SUCCESS,SUCCESS,INFO,0,0,0,,2026-09-07T04:36:31.809Z,2026-09-07T04:36:51.178Z,19,2026-09-07T04:36:51.178Z,,,779bbb8b-3f8e-4399-b8b9-890d68401aa1,
202609072025480860,202609072025480860,20260907202459,141,13751,Paycor WorkEmail Issues Report,PaycorEmailIssues,TASK_SUCCESS,SUCCESS,INFO,0,0,0,,2026-09-07T20:25:48.086Z,2026-09-07T20:26:49.731Z,61,2026-09-07T20:26:49.731Z,,,870e0242-5dd7-4aac-a78a-33a4dd219a39,
202609031931528769,202609031931528769,20260903193139,127,13681,Silver Overdue Courses,sl_LearningReportsOverdue,TASK_SUCCESS,SUCCESS,INFO,2565,2565,0,,2026-09-03T19:31:52.876Z,2026-09-03T19:32:28.024Z,35,2026-09-03T19:32:28.024Z,,,a5570b6d-ab4f-492f-a0f3-019ba8a0989c,
202608300920074269,202608300920074269,20260830082705,131,13697,Auth Elig Trend Elig Silver,sl_CurrentDayPayElig,TASK_SUCCESS,SUCCESS,INFO,2,2,0,,2026-08-30T09:20:07.426Z,2026-08-30T09:20:33.611Z,26,2026-08-30T09:20:33.611Z,,,d0826a4c-ff98-435d-adfd-e339a02d1b06,
202609070615115483,202609070615115483,20260907061417,141,13751,Paycor WorkEmail Issues Report,PaycorEmailIssues,TASK_SUCCESS,SUCCESS,INFO,0,0,0,,2026-09-07T06:15:11.548Z,2026-09-07T06:15:47.443Z,35,2026-09-07T06:15:47.443Z,,,f4a30330-acea-4c49-913d-e09dacb41390,
202609010642139767,202609010642139767,20260831072835,131,13697,Auth Elig Trend Elig Silver,sl_CurrentDayPayElig,TASK_SUCCESS,SUCCESS,INFO,2,2,0,,2026-09-01T06:42:13.976Z,2026-09-01T06:42:42.148Z,28,2026-09-01T06:42:42.148Z,,,f386ddbf-c5af-4242-bf29-5f60b1e71ecf,
202608281159516013,202608281159516013,20260828114902,131,13696,Auth Elig Trend Auth Silver,sl_CurrentDayPayAuth,TASK_SUCCESS,SUCCESS,INFO,2,2,0,,2026-08-28T11:59:51.601Z,2026-08-28T12:00:17.320Z,25,2026-08-28T12:00:17.320Z,,,e752845a-2a63-48ca-b4ef-ba7a68ece0b6,
202609031822115228,202609031822115228,20260903181050,127,13681,Silver Overdue Courses,sl_LearningReportsOverdue,TASK_SUCCESS,SUCCESS,INFO,2565,2565,0,,2026-09-03T18:22:11.522Z,2026-09-03T18:23:00.135Z,48,2026-09-03T18:23:00.135Z,,,5360e0f0-1b6e-453c-963d-303c626d47b0,
202609070609248222,202609070609248222,20260907060848,141,13751,Paycor WorkEmail Issues Report,PaycorEmailIssues,TASK_SUCCESS,SUCCESS,INFO,0,0,0,,2026-09-07T06:09:24.822Z,2026-09-07T06:09:44.056Z,19,2026-09-07T06:09:44.056Z,,,cf11fb94-1c71-47fd-aff8-c68ca34de8c5,
202608281200244215,202608281200244215,20260828114902,131,13697,Auth Elig Trend Elig Silver,sl_CurrentDayPayElig,TASK_SUCCESS,SUCCESS,INFO,2,2,0,,2026-08-28T12:00:24.421Z,2026-08-28T12:00:44.494Z,20,2026-08-28T12:00:44.494Z,,,e752845a-2a63-48ca-b4ef-ba7a68ece0b6,
202609070549423117,202609070549423117,20260907054908,141,13751,Paycor WorkEmail Issues Report,PaycorEmailIssues,TASK_SUCCESS,SUCCESS,INFO,0,0,0,,2026-09-07T05:49:42.311Z,2026-09-07T05:50:01.382Z,19,2026-09-07T05:50:01.382Z,,,efcb7980-23b7-4dad-a613-0ec15e5af44a,
202609021015159371,202609021015159371,20260902095739,127,13681,Silver Overdue Courses,sl_LearningReportsOverdue,TASK_SUCCESS,SUCCESS,INFO,2565,2565,0,,2026-09-02T10:15:15.937Z,2026-09-02T10:15:45.462Z,29,2026-09-02T10:15:45.462Z,,,8a6f1e0c-6911-49b3-a6e2-a915b3060644,
202609010641341466,202609010641341466,20260831072835,131,13696,Auth Elig Trend Auth Silver,sl_CurrentDayPayAuth,TASK_SUCCESS,SUCCESS,INFO,2,2,0,,2026-09-01T06:41:34.146Z,2026-09-01T06:42:06.719Z,32,2026-09-01T06:42:06.719Z,,,f386ddbf-c5af-4242-bf29-5f60b1e71ecf,
202608300809359314,202608300809359314,20260830071538,131,13697,Auth Elig Trend Elig Silver,sl_CurrentDayPayElig,TASK_SUCCESS,SUCCESS,INFO,2,2,0,,2026-08-30T08:09:35.931Z,2026-08-30T08:09:56.737Z,20,2026-08-30T08:09:56.737Z,,,8cf8f378-16db-4eda-8552-9c6ae683939d,
202609070437013424,202609070437013424,20260907043521,141,13752,Termed Employees 90d Report,TermedEmployees90d,TASK_SUCCESS,SUCCESS,INFO,0,0,0,,2026-09-07T04:37:01.342Z,2026-09-07T04:37:21.273Z,19,2026-09-07T04:37:21.273Z,,,779bbb8b-3f8e-4399-b8b9-890d68401aa1,
202609072006121492,202609072006121492,20260907200457,141,13752,Termed Employees 90d Report,TermedEmployees90d,TASK_SUCCESS,SUCCESS,INFO,0,0,0,,2026-09-07T20:06:12.149Z,2026-09-07T20:06:33.909Z,21,2026-09-07T20:06:33.909Z,,,df39e74e-3a35-4065-9433-2c4803081f3d,
202609070615557058,202609070615557058,20260907061417,141,13752,Termed Employees 90d Report,TermedEmployees90d,TASK_SUCCESS,SUCCESS,INFO,0,0,0,,2026-09-07T06:15:55.705Z,2026-09-07T06:16:13.958Z,18,2026-09-07T06:16:13.958Z,,,f4a30330-acea-4c49-913d-e09dacb41390,
202608300637185018,202608300637185018,20260830063351,131,13691,Location Retention Silver,sl_LocationRetention,TASK_SUCCESS,SUCCESS,INFO,0,0,0,,2026-08-30T06:37:18.501Z,2026-08-30T06:37:59.321Z,40,2026-08-30T06:37:59.321Z,,,f5468d60-c3b5-4f89-8aff-6c67bdfcebae,
202609070616213643,202609070616213643,20260907061417,141,13753,Active Employees 90d Report,ActiveEmployees90d,TASK_SUCCESS,SUCCESS,INFO,0,0,0,,2026-09-07T06:16:21.364Z,2026-09-07T06:16:39.428Z,18,2026-09-07T06:16:39.428Z,,,f4a30330-acea-4c49-913d-e09dacb41390,
202609070610550969,202609070610550969,20260907060848,141,13753,Active Employees 90d Report,ActiveEmployees90d,TASK_SUCCESS,SUCCESS,INFO,0,0,0,,2026-09-07T06:10:55.096Z,2026-09-07T06:11:18.566Z,23,2026-09-07T06:11:18.566Z,,,cf11fb94-1c71-47fd-aff8-c68ca34de8c5,
202609030808172869,202609030808172869,20260903065411,141,13753,Active Employees 90d Report,activeemployees90d,TASK_SUCCESS,SUCCESS,INFO,5,5,0,,2026-09-03T08:08:17.286Z,2026-09-03T08:08:43.323Z,26,2026-09-03T08:08:43.323Z,,,b06012a0-2e6f-4c81-af7e-cd687d985935,
202608300707017729,202608300707017729,20260830064606,131,13691,Location Retention Silver,sl_LocationRetention,TASK_SUCCESS,SUCCESS,INFO,0,0,0,,2026-08-30T07:07:01.772Z,2026-08-30T07:07:41.204Z,39,2026-08-30T07:07:41.204Z,,,0fae7162-ad60-4757-b9b2-8e417a5b19d1,
202609072027298899,202609072027298899,20260907202459,141,13753,Active Employees 90d Report,ActiveEmployees90d,TASK_SUCCESS,SUCCESS,INFO,0,0,0,,2026-09-07T20:27:29.889Z,2026-09-07T20:27:43.429Z,13,2026-09-07T20:27:43.429Z,,,870e0242-5dd7-4aac-a78a-33a4dd219a39,
202609070437283048,202609070437283048,20260907043521,141,13753,Active Employees 90d Report,ActiveEmployees90d,TASK_SUCCESS,SUCCESS,INFO,0,0,0,,2026-09-07T04:37:28.304Z,2026-09-07T04:37:43.601Z,15,2026-09-07T04:37:43.601Z,,,779bbb8b-3f8e-4399-b8b9-890d68401aa1,
202608281152163760,202608281152163760,20260828114902,131,13691,Location Retention Silver,sl_LocationRetention,TASK_SUCCESS,SUCCESS,INFO,0,0,0,,2026-08-28T11:52:16.376Z,2026-08-28T11:52:45.564Z,29,2026-08-28T11:52:45.564Z,,,e752845a-2a63-48ca-b4ef-ba7a68ece0b6,
202608300911402193,202608300911402193,20260830082705,131,13691,Location Retention Silver,sl_LocationRetention,TASK_SUCCESS,SUCCESS,INFO,0,0,0,,2026-08-30T09:11:40.219Z,2026-08-30T09:12:12.474Z,32,2026-08-30T09:12:12.474Z,,,d0826a4c-ff98-435d-adfd-e339a02d1b06,
202609072027038773,202609072027038773,20260907202459,141,13752,Termed Employees 90d Report,TermedEmployees90d,TASK_SUCCESS,SUCCESS,INFO,0,0,0,,2026-09-07T20:27:03.877Z,2026-09-07T20:27:22.613Z,18,2026-09-07T20:27:22.613Z,,,870e0242-5dd7-4aac-a78a-33a4dd219a39,
202609010633012328,202609010633012328,20260831072835,131,13691,Location Retention Silver,sl_LocationRetention,TASK_SUCCESS,SUCCESS,INFO,0,0,0,,2026-09-01T06:33:01.232Z,2026-09-01T06:33:44.237Z,43,2026-09-01T06:33:44.237Z,,,f386ddbf-c5af-4242-bf29-5f60b1e71ecf,
202609070610269036,202609070610269036,20260907060848,141,13752,Termed Employees 90d Report,TermedEmployees90d,TASK_SUCCESS,SUCCESS,INFO,0,0,0,,2026-09-07T06:10:26.903Z,2026-09-07T06:10:47.898Z,20,2026-09-07T06:10:47.898Z,,,cf11fb94-1c71-47fd-aff8-c68ca34de8c5,
202609070550398998,202609070550398998,20260907054908,141,13752,Termed Employees 90d Report,TermedEmployees90d,TASK_SUCCESS,SUCCESS,INFO,0,0,0,,2026-09-07T05:50:39.899Z,2026-09-07T05:51:14.531Z,34,2026-09-07T05:51:14.531Z,,,efcb7980-23b7-4dad-a613-0ec15e5af44a,
202608300801078814,202608300801078814,20260830071538,131,13691,Location Retention Silver,sl_LocationRetention,TASK_SUCCESS,SUCCESS,INFO,0,0,0,,2026-08-30T08:01:07.881Z,2026-08-30T08:01:42.746Z,34,2026-08-30T08:01:42.746Z,,,8cf8f378-16db-4eda-8552-9c6ae683939d,
202609072006408697,202609072006408697,20260907200457,141,13753,Active Employees 90d Report,ActiveEmployees90d,TASK_SUCCESS,SUCCESS,INFO,0,0,0,,2026-09-07T20:06:40.869Z,2026-09-07T20:06:55.235Z,14,2026-09-07T20:06:55.235Z,,,df39e74e-3a35-4065-9433-2c4803081f3d,
202609070551233847,202609070551233847,20260907054908,141,13753,Active Employees 90d Report,ActiveEmployees90d,TASK_SUCCESS,SUCCESS,INFO,0,0,0,,2026-09-07T05:51:23.384Z,2026-09-07T05:51:39.427Z,16,2026-09-07T05:51:39.427Z,,,efcb7980-23b7-4dad-a613-0ec15e5af44a,
202609040751140042,202609040751140041,20260904074530,109,8610,Bronze Lockbox Reference,br_cashflow_lockbox,TASK_COMPLETE,SUCCESS,INFO,13629,13629,0,,2026-09-04T07:51:14.004Z,2026-09-04T07:52:01.046Z,47,2026-09-04T07:52:01.046Z,,,714261ac-6ca6-4f7a-a1cc-65ca648efe73,
202608311015572181,202608311015572180,20260831100956,109,8610,Bronze Lockbox Reference,br_cashflow_lockbox,TASK_COMPLETE,SUCCESS,INFO,13629,13629,0,,2026-08-31T10:15:57.218Z,2026-08-31T10:16:59.857Z,62,2026-08-31T10:16:59.857Z,,,24dba459-dc03-43ff-935b-02975da59b9d,
202608281150016307,202608281150016307,20260828114902,131,13689,Census First Dose Silver,sl_vwCensusFirstDose,TASK_SUCCESS,SUCCESS,INFO,4913,4913,0,,2026-08-28T11:50:01.630Z,2026-08-28T11:51:03.717Z,62,2026-08-28T11:51:03.717Z,,,e752845a-2a63-48ca-b4ef-ba7a68ece0b6,
202609020855431187,202609020855431186,20260902035827,110,8612,Silver Bank Transactions,sl_BankTransactions,TASK_COMPLETE,SUCCESS,INFO,444036,444036,0,,2026-09-02T08:55:43.118Z,2026-09-02T08:57:57.829Z,134,2026-09-02T08:57:57.829Z,,,cc136ea8-572b-4137-a8c9-bc9ec64f83b6,
202609032054379426,202609032054379425,20260903205429,110,8612,Silver Bank Transactions,sl_BankTransactions,TASK_COMPLETE,SUCCESS,INFO,444036,444036,0,,2026-09-03T20:54:37.942Z,2026-09-03T20:56:57.035Z,139,2026-09-03T20:56:57.035Z,,,cf6c7c8f-6ed2-4b6a-8a3f-4a5233cb59d5,
202608300910022572,202608300910022572,20260830082705,131,13689,Census First Dose Silver,sl_vwCensusFirstDose,TASK_SUCCESS,SUCCESS,INFO,4913,4913,0,,2026-08-30T09:10:02.257Z,2026-08-30T09:10:31.627Z,29,2026-08-30T09:10:31.627Z,,,d0826a4c-ff98-435d-adfd-e339a02d1b06,
202608300705099511,202608300705099511,20260830064606,131,13689,Census First Dose Silver,sl_vwCensusFirstDose,TASK_SUCCESS,SUCCESS,INFO,4913,4913,0,,2026-08-30T07:05:09.951Z,2026-08-30T07:05:45.809Z,35,2026-08-30T07:05:45.809Z,,,0fae7162-ad60-4757-b9b2-8e417a5b19d1,
202609020958535779,202609020958535778,20260902094154,110,8612,Silver Bank Transactions,sl_BankTransactions,TASK_COMPLETE,SUCCESS,INFO,444036,444036,0,,2026-09-02T09:58:53.577Z,2026-09-02T10:01:09.456Z,135,2026-09-02T10:01:09.456Z,,,c029585a-08e5-4f27-88c1-b279d1dfe21d,
202609032112072380,202609032112072379,20260903210644,109,8610,Bronze Lockbox Reference,br_cashflow_lockbox,TASK_COMPLETE,SUCCESS,INFO,13629,13629,0,,2026-09-03T21:12:07.237Z,2026-09-03T21:13:13.019Z,65,2026-09-03T21:13:13.019Z,,,47074de9-d3a9-4b3d-b69c-7be5bb05cabc,
202608300759326211,202608300759326211,20260830071538,131,13689,Census First Dose Silver,sl_vwCensusFirstDose,TASK_SUCCESS,SUCCESS,INFO,4913,4913,0,,2026-08-30T07:59:32.621Z,2026-08-30T07:59:59.119Z,26,2026-08-30T07:59:59.119Z,,,8cf8f378-16db-4eda-8552-9c6ae683939d,
202609032118440391,202609032118440390,20260903211835,110,8612,Silver Bank Transactions,sl_BankTransactions,TASK_COMPLETE,SUCCESS,INFO,444036,444036,0,,2026-09-03T21:18:44.039Z,2026-09-03T21:20:47.969Z,123,2026-09-03T21:20:47.969Z,,,47074de9-d3a9-4b3d-b69c-7be5bb05cabc,
202608300635095518,202608300635095518,20260830063351,131,13689,Census First Dose Silver,sl_vwCensusFirstDose,TASK_SUCCESS,SUCCESS,INFO,4913,4913,0,,2026-08-30T06:35:09.551Z,2026-08-30T06:35:42.202Z,32,2026-08-30T06:35:42.202Z,,,f5468d60-c3b5-4f89-8aff-6c67bdfcebae,
202609020849248200,202609020849248199,20260902073656,109,8610,Bronze Lockbox Reference,br_cashflow_lockbox,TASK_COMPLETE,SUCCESS,INFO,13629,13629,0,,2026-09-02T08:49:24.819Z,2026-09-02T08:50:50.985Z,86,2026-09-02T08:50:50.985Z,,,cc136ea8-572b-4137-a8c9-bc9ec64f83b6,
202609040640321564,202609040640321563,20260904064024,110,8612,Silver Bank Transactions,sl_BankTransactions,TASK_COMPLETE,SUCCESS,INFO,444036,444036,0,,2026-09-04T06:40:32.156Z,2026-09-04T06:42:36.088Z,123,2026-09-04T06:42:36.088Z,,,d40ce3b6-17a1-46ab-b12e-c683ffcad914,
202609010632246238,202609010632246237,20260831113956,109,8610,Bronze Lockbox Reference,br_cashflow_lockbox,TASK_COMPLETE,SUCCESS,INFO,13629,13629,0,,2026-09-01T06:32:24.623Z,2026-09-01T06:33:11.318Z,46,2026-09-01T06:33:11.318Z,,,dd39e0f0-8c11-409c-baf1-c1eb0bc831e6,
202609040849300413,202609040849300412,20260904084918,110,8612,Silver Bank Transactions,sl_BankTransactions,TASK_COMPLETE,SUCCESS,INFO,444036,444036,0,,2026-09-04T08:49:30.041Z,2026-09-04T08:51:33.542Z,123,2026-09-04T08:51:33.542Z,,,d42c3a80-d402-47a6-9d0e-a2f670f0338a,
202609020348066191,202609020348066190,20260902032359,109,8610,Bronze Lockbox Reference,br_cashflow_lockbox,TASK_COMPLETE,SUCCESS,INFO,13629,13629,0,,2026-09-02T03:48:06.619Z,2026-09-02T03:48:55.333Z,48,2026-09-02T03:48:55.333Z,,,d0354a1d-b115-4cc7-88f9-15c40e686970,
202609010630466653,202609010630466653,20260831072835,131,13689,Census First Dose Silver,sl_vwCensusFirstDose,TASK_SUCCESS,SUCCESS,INFO,4913,4913,0,,2026-09-01T06:30:46.665Z,2026-09-01T06:31:47.020Z,60,2026-09-01T06:31:47.020Z,,,f386ddbf-c5af-4242-bf29-5f60b1e71ecf,
202609040634493125,202609040634493124,20260904062932,109,8610,Bronze Lockbox Reference,br_cashflow_lockbox,TASK_COMPLETE,SUCCESS,INFO,13629,13629,0,,2026-09-04T06:34:49.312Z,2026-09-04T06:36:03.303Z,73,2026-09-04T06:36:03.303Z,,,d40ce3b6-17a1-46ab-b12e-c683ffcad914,
202609070554001894,202609070554001894,20260907054908,141,13775,Flu Survey Totals 2025-2026,FluSurveyTotals,TASK_SUCCESS,SUCCESS,INFO,234,234,0,,2026-09-07T05:54:00.189Z,2026-09-07T05:54:36.549Z,36,2026-09-07T05:54:36.549Z,,,efcb7980-23b7-4dad-a613-0ec15e5af44a,
202608281151170510,202608281151170510,20260828114902,131,13690,Retention 14 Stat Silver,sl_Retention14Stat,TASK_SUCCESS,SUCCESS,INFO,325940,325940,0,,2026-08-28T11:51:17.051Z,2026-08-28T11:52:09.753Z,52,2026-08-28T11:52:09.753Z,,,e752845a-2a63-48ca-b4ef-ba7a68ece0b6,
202609072029515290,202609072029515290,20260907202459,141,13775,Flu Survey Totals 2025-2026,FluSurveyTotals,TASK_SUCCESS,SUCCESS,INFO,234,234,0,,2026-09-07T20:29:51.529Z,2026-09-07T20:30:39.276Z,47,2026-09-07T20:30:39.276Z,,,870e0242-5dd7-4aac-a78a-33a4dd219a39,
202609070440015051,202609070440015051,20260907043521,141,13775,Flu Survey Totals 2025-2026,FluSurveyTotals,TASK_SUCCESS,SUCCESS,INFO,234,234,0,,2026-09-07T04:40:01.505Z,2026-09-07T04:40:40.116Z,38,2026-09-07T04:40:40.116Z,,,779bbb8b-3f8e-4399-b8b9-890d68401aa1,
202608300800079271,202608300800079271,20260830071538,131,13690,Retention 14 Stat Silver,sl_Retention14Stat,TASK_SUCCESS,SUCCESS,INFO,325940,325940,0,,2026-08-30T08:00:07.927Z,2026-08-30T08:01:00.819Z,52,2026-08-30T08:01:00.819Z,,,8cf8f378-16db-4eda-8552-9c6ae683939d,
202609040727185694,202609040727185694,20260903065411,141,13775,Flu Survey Totals 2025-2026,FluSurveyTotals,TASK_SUCCESS,SUCCESS,INFO,234,234,0,,2026-09-04T07:27:18.569Z,2026-09-04T07:28:05.719Z,47,2026-09-04T07:28:05.719Z,,,e1eca275-7998-40b3-998f-4c7a1a01a736,
202608300635492923,202608300635492923,20260830063351,131,13690,Retention 14 Stat Silver,sl_Retention14Stat,TASK_SUCCESS,SUCCESS,INFO,325842,325842,0,,2026-08-30T06:35:49.292Z,2026-08-30T06:37:11.349Z,82,2026-08-30T06:37:11.349Z,,,f5468d60-c3b5-4f89-8aff-6c67bdfcebae,
202609072009080224,202609072009080224,20260907200457,141,13775,Flu Survey Totals 2025-2026,FluSurveyTotals,TASK_SUCCESS,SUCCESS,INFO,234,234,0,,2026-09-07T20:09:08.022Z,2026-09-07T20:09:43.456Z,35,2026-09-07T20:09:43.456Z,,,df39e74e-3a35-4065-9433-2c4803081f3d,
202608300910384393,202608300910384393,20260830082705,131,13690,Retention 14 Stat Silver,sl_Retention14Stat,TASK_SUCCESS,SUCCESS,INFO,325940,325940,0,,2026-08-30T09:10:38.439Z,2026-08-30T09:11:33.655Z,55,2026-08-30T09:11:33.655Z,,,d0826a4c-ff98-435d-adfd-e339a02d1b06,
202608300705556921,202608300705556921,20260830064606,131,13690,Retention 14 Stat Silver,sl_Retention14Stat,TASK_SUCCESS,SUCCESS,INFO,325842,325842,0,,2026-08-30T07:05:55.692Z,2026-08-30T07:06:55.002Z,59,2026-08-30T07:06:55.002Z,,,0fae7162-ad60-4757-b9b2-8e417a5b19d1,
202609070613445773,202609070613445773,20260907060848,141,13775,Flu Survey Totals 2025-2026,FluSurveyTotals,TASK_SUCCESS,SUCCESS,INFO,234,234,0,,2026-09-07T06:13:44.577Z,2026-09-07T06:14:17.924Z,33,2026-09-07T06:14:17.924Z,,,cf11fb94-1c71-47fd-aff8-c68ca34de8c5,
202609010631559244,202609010631559244,20260831072835,131,13690,Retention 14 Stat Silver,sl_Retention14Stat,TASK_SUCCESS,SUCCESS,INFO,325940,325940,0,,2026-09-01T06:31:55.924Z,2026-09-01T06:32:52.805Z,56,2026-09-01T06:32:52.805Z,,,f386ddbf-c5af-4242-bf29-5f60b1e71ecf,
202608300908448161,202608300908448161,20260830082705,131,13688,Readmission Table Silver,sl_vwReadmissions,TASK_SUCCESS,SUCCESS,INFO,309274,309274,0,,2026-08-30T09:08:44.816Z,2026-08-30T09:09:18.294Z,33,2026-08-30T09:09:18.294Z,,,d0826a4c-ff98-435d-adfd-e339a02d1b06,
202609010629558704,202609010629558704,20260831072835,131,13688,Readmission Table Silver,sl_vwReadmissions,TASK_SUCCESS,SUCCESS,INFO,309274,309274,0,,2026-09-01T06:29:55.870Z,2026-09-01T06:30:31.534Z,35,2026-09-01T06:30:31.534Z,,,f386ddbf-c5af-4242-bf29-5f60b1e71ecf,
202608300758058706,202608300758058706,20260830071538,131,13688,Readmission Table Silver,sl_vwReadmissions,TASK_SUCCESS,SUCCESS,INFO,309274,309274,0,,2026-08-30T07:58:05.870Z,2026-08-30T07:59:17.191Z,71,2026-08-30T07:59:17.191Z,,,8cf8f378-16db-4eda-8552-9c6ae683939d,
202608281149152622,202608281149152622,20260828114902,131,13688,Readmission Table Silver,sl_vwReadmissions,TASK_SUCCESS,SUCCESS,INFO,309274,309274,0,,2026-08-28T11:49:15.262Z,2026-08-28T11:49:52.100Z,36,2026-08-28T11:49:52.100Z,,,e752845a-2a63-48ca-b4ef-ba7a68ece0b6,
202608300703540892,202608300703540892,20260830064606,131,13688,Readmission Table Silver,sl_vwReadmissions,TASK_SUCCESS,SUCCESS,INFO,309274,309274,0,,2026-08-30T07:03:54.089Z,2026-08-30T07:04:27.569Z,33,2026-08-30T07:04:27.569Z,,,0fae7162-ad60-4757-b9b2-8e417a5b19d1,
202608300633559162,202608300633559162,20260830063351,131,13688,Readmission Table Silver,sl_vwReadmissions,TASK_SUCCESS,SUCCESS,INFO,309274,309274,0,,2026-08-30T06:33:55.916Z,2026-08-30T06:34:49.519Z,53,2026-08-30T06:34:49.519Z,,,f5468d60-c3b5-4f89-8aff-6c67bdfcebae,
202609072025042272,202609072025042272,20260907202459,141,13750,AAD Duplicate IDs Report,AadDuplicateIds,TASK_SUCCESS,SUCCESS,INFO,0,0,0,,2026-09-07T20:25:04.227Z,2026-09-07T20:25:37.970Z,33,2026-09-07T20:25:37.970Z,,,870e0242-5dd7-4aac-a78a-33a4dd219a39,
202609070614217697,202609070614217697,20260907061417,141,13750,AAD Duplicate IDs Report,AadDuplicateIds,TASK_SUCCESS,SUCCESS,INFO,0,0,0,,2026-09-07T06:14:21.769Z,2026-09-07T06:14:55.038Z,33,2026-09-07T06:14:55.038Z,,,f4a30330-acea-4c49-913d-e09dacb41390,
202609032113247714,202609032113247713,20260903210644,109,8611,Bronze Text Input,br_cashflow_textinput,TASK_COMPLETE,SUCCESS,INFO,17,17,0,,2026-09-03T21:13:24.771Z,2026-09-03T21:13:47.309Z,22,2026-09-03T21:13:47.309Z,,,47074de9-d3a9-4b3d-b69c-7be5bb05cabc,
202609020349022200,202609020349022199,20260902032359,109,8611,Bronze Text Input,br_cashflow_textinput,TASK_COMPLETE,SUCCESS,INFO,17,17,0,,2026-09-02T03:49:02.220Z,2026-09-02T03:49:20.947Z,18,2026-09-02T03:49:20.947Z,,,d0354a1d-b115-4cc7-88f9-15c40e686970,
202609020839222002,202609020839222001,20260902073656,109,8611,Bronze Text Input,br_cashflow_textinput,TASK_COMPLETE,SUCCESS,INFO,17,17,0,,2026-09-02T08:39:22.200Z,2026-09-02T08:39:41.887Z,19,2026-09-02T08:39:41.887Z,,,5c34dd32-79db-4626-b497-8f8aa2079363,
202609080644244160,202609080627725460,202609080627725459,148,16279,Batch Payments Silver,tbl_BatchPayments,TASK_COMPLETE,SUCCESS,INFO,47374,47374,0,,2026-09-08T06:28:42.449Z,2026-09-08T06:44:26.858Z,944,2026-09-08T06:44:26.858Z,,,0c68bed2-8f22-4a44-9abe-e68b250db4b9,
202609072005013674,202609072005013674,20260907200457,141,13750,AAD Duplicate IDs Report,AadDuplicateIds,TASK_SUCCESS,SUCCESS,INFO,0,0,0,,2026-09-07T20:05:01.367Z,2026-09-07T20:05:30.027Z,28,2026-09-07T20:05:30.027Z,,,df39e74e-3a35-4065-9433-2c4803081f3d,
202609071915222044,202609071857549471,202609071857549470,148,16279,Batch Payments Silver,tbl_BatchPayments,TASK_COMPLETE,SUCCESS,INFO,1397,1397,0,,2026-09-07T18:58:21.835Z,2026-09-07T19:15:24.611Z,1023,2026-09-07T19:15:24.611Z,,,e9e1213a-49ea-4c6e-8ea8-bfbef19c5025,
202609040752097650,202609040752097649,20260904074530,109,8611,Bronze Text Input,br_cashflow_textinput,TASK_COMPLETE,SUCCESS,INFO,17,17,0,,2026-09-04T07:52:09.764Z,2026-09-04T07:52:27.559Z,17,2026-09-04T07:52:27.559Z,,,714261ac-6ca6-4f7a-a1cc-65ca648efe73,
202609010653000842,202609010653000841,20260831113956,109,8611,Bronze Text Input,br_cashflow_textinput,TASK_COMPLETE,SUCCESS,INFO,17,17,0,,2026-09-01T06:53:00.084Z,2026-09-01T06:53:26.313Z,26,2026-09-01T06:53:26.313Z,,,c494ff15-7c1e-47e5-8a0b-9b879ea70768,
202608311017127852,202608311017127851,20260831100956,109,8611,Bronze Text Input,br_cashflow_textinput,TASK_COMPLETE,SUCCESS,INFO,17,17,0,,2026-08-31T10:17:12.785Z,2026-08-31T10:17:43.217Z,30,2026-08-31T10:17:43.217Z,,,24dba459-dc03-43ff-935b-02975da59b9d,
202609080605205318,202609080548218492,202609080548218491,148,16279,Batch Payments Silver,tbl_BatchPayments,TASK_COMPLETE,SUCCESS,INFO,10715,10715,0,,2026-09-08T05:49:10.258Z,2026-09-08T06:05:22.854Z,972,2026-09-08T06:05:22.854Z,,,ccb69063-ae98-485c-b24b-b0a238d7c18a,
202609070608533182,202609070608533182,20260907060848,141,13750,AAD Duplicate IDs Report,AadDuplicateIds,TASK_SUCCESS,SUCCESS,INFO,0,0,0,,2026-09-07T06:08:53.318Z,2026-09-07T06:09:13.394Z,20,2026-09-07T06:09:13.394Z,,,cf11fb94-1c71-47fd-aff8-c68ca34de8c5,
202609070549129122,202609070549129122,20260907054908,141,13750,AAD Duplicate IDs Report,AadDuplicateIds,TASK_SUCCESS,SUCCESS,INFO,0,0,0,,2026-09-07T05:49:12.912Z,2026-09-07T05:49:32.454Z,19,2026-09-07T05:49:32.454Z,,,efcb7980-23b7-4dad-a613-0ec15e5af44a,
202609070435266314,202609070435266314,20260907043521,141,13750,AAD Duplicate IDs Report,AadDuplicateIds,TASK_SUCCESS,SUCCESS,INFO,0,0,0,,2026-09-07T04:35:26.631Z,2026-09-07T04:35:46.255Z,19,2026-09-07T04:35:46.255Z,,,779bbb8b-3f8e-4399-b8b9-890d68401aa1,
202609071820141668,202609071803529321,202609071803529320,148,16279,Batch Payments Silver,tbl_BatchPayments,TASK_COMPLETE,SUCCESS,INFO,1397,1397,0,,2026-09-07T18:04:16.959Z,2026-09-07T18:20:16.504Z,960,2026-09-07T18:20:16.504Z,,,456f6246-f685-4db2-9dd1-3c2de1d01c40,
202609040636116974,202609040636116973,20260904062932,109,8611,Bronze Text Input,br_cashflow_textinput,TASK_COMPLETE,SUCCESS,INFO,17,17,0,,2026-09-04T06:36:11.697Z,2026-09-04T06:36:47.041Z,35,2026-09-04T06:36:47.041Z,,,d40ce3b6-17a1-46ab-b12e-c683ffcad914,
202609070612343874,202609070612343874,20260907060848,141,13756,TN Grant Claims 7d Report,TnGrantClaims,TASK_SUCCESS,SUCCESS,INFO,0,0,0,,2026-09-07T06:12:34.387Z,2026-09-07T06:13:00.549Z,26,2026-09-07T06:13:00.549Z,,,cf11fb94-1c71-47fd-aff8-c68ca34de8c5,
202609070552495605,202609070552495605,20260907054908,141,13756,TN Grant Claims 7d Report,TnGrantClaims,TASK_SUCCESS,SUCCESS,INFO,0,0,0,,2026-09-07T05:52:49.560Z,2026-09-07T05:53:17.762Z,28,2026-09-07T05:53:17.762Z,,,efcb7980-23b7-4dad-a613-0ec15e5af44a,
202609072008043760,202609072008043760,20260907200457,141,13756,TN Grant Claims 7d Report,TnGrantClaims,TASK_SUCCESS,SUCCESS,INFO,0,0,0,,2026-09-07T20:08:04.376Z,2026-09-07T20:08:29.299Z,24,2026-09-07T20:08:29.299Z,,,df39e74e-3a35-4065-9433-2c4803081f3d,
202609072028484984,202609072028484984,20260907202459,141,13756,TN Grant Claims 7d Report,TnGrantClaims,TASK_SUCCESS,SUCCESS,INFO,0,0,0,,2026-09-07T20:28:48.498Z,2026-09-07T20:29:17.640Z,29,2026-09-07T20:29:17.640Z,,,870e0242-5dd7-4aac-a78a-33a4dd219a39,
202609070510109223,202609070510109223,20260907043521,141,13756,TN Grant Claims 7d Report,TnGrantClaims,TASK_SUCCESS,SUCCESS,INFO,0,0,0,,2026-09-07T05:10:10.922Z,2026-09-07T05:10:43.232Z,32,2026-09-07T05:10:43.232Z,,,56cee43e-77d1-47ce-9ee5-d3bb87c45c20,
202609071916531775,202609071857649471,202609071857649470,149,16280,Batch Payments Gold,tbl_BatchPayments,TASK_COMPLETE,SUCCESS,INFO,1397,1397,0,,2026-09-07T18:58:21.835Z,2026-09-07T19:16:55.458Z,1114,2026-09-07T19:16:55.458Z,,,e9e1213a-49ea-4c6e-8ea8-bfbef19c5025,
202609080646062682,202609080627825460,202609080627825459,149,16280,Batch Payments Gold,tbl_BatchPayments,TASK_COMPLETE,SUCCESS,INFO,47374,47374,0,,2026-09-08T06:28:42.449Z,2026-09-08T06:46:08.420Z,1046,2026-09-08T06:46:08.420Z,,,0c68bed2-8f22-4a44-9abe-e68b250db4b9,
202609080606342789,202609080548318492,202609080548318491,149,16280,Batch Payments Gold,tbl_BatchPayments,TASK_COMPLETE,SUCCESS,INFO,10715,10715,0,,2026-09-08T05:49:10.258Z,2026-09-08T06:06:38.015Z,1048,2026-09-08T06:06:38.015Z,,,ccb69063-ae98-485c-b24b-b0a238d7c18a,
202609010941571557,202609010919351818,202609010919351817,139,13747,Silver Orders CDC,sl_Orders,TASK_COMPLETE,SUCCESS,INFO,336,229,0,,2026-09-01T09:20:11.858Z,2026-09-01T09:41:59.077Z,1308,2026-09-01T09:41:59.077Z,,Global,33535b71-d0d3-48e6-81e2-12a8a0f169a7,
202608300640282499,202608300640282499,20260830063351,131,13694,Missed Doses Silver,sl_vwMissedDoses,TASK_SUCCESS,SUCCESS,INFO,0,0,0,,2026-08-30T06:40:28.249Z,2026-08-30T06:40:56.886Z,28,2026-08-30T06:40:56.886Z,,,f5468d60-c3b5-4f89-8aff-6c67bdfcebae,
202608281155008161,202608281155008161,20260828114902,131,13694,Missed Doses Silver,sl_vwMissedDoses,TASK_SUCCESS,SUCCESS,INFO,0,0,0,,2026-08-28T11:55:00.816Z,2026-08-28T11:55:27.680Z,26,2026-08-28T11:55:27.680Z,,,e752845a-2a63-48ca-b4ef-ba7a68ece0b6,
202608300914397421,202608300914397421,20260830082705,131,13694,Missed Doses Silver,sl_vwMissedDoses,TASK_SUCCESS,SUCCESS,INFO,0,0,0,,2026-08-30T09:14:39.742Z,2026-08-30T09:15:06.844Z,27,2026-08-30T09:15:06.844Z,,,d0826a4c-ff98-435d-adfd-e339a02d1b06,
202609010636204238,202609010636204238,20260831072835,131,13694,Missed Doses Silver,sl_vwMissedDoses,TASK_SUCCESS,SUCCESS,INFO,0,0,0,,2026-09-01T06:36:20.423Z,2026-09-01T06:37:03.375Z,42,2026-09-01T06:37:03.375Z,,,f386ddbf-c5af-4242-bf29-5f60b1e71ecf,
202608300709480558,202608300709480558,20260830064606,131,13694,Missed Doses Silver,sl_vwMissedDoses,TASK_SUCCESS,SUCCESS,INFO,0,0,0,,2026-08-30T07:09:48.055Z,2026-08-30T07:10:16.393Z,28,2026-08-30T07:10:16.393Z,,,0fae7162-ad60-4757-b9b2-8e417a5b19d1,
202608300804077596,202608300804077596,20260830071538,131,13694,Missed Doses Silver,sl_vwMissedDoses,TASK_SUCCESS,SUCCESS,INFO,0,0,0,,2026-08-30T08:04:07.759Z,2026-08-30T08:04:36.747Z,28,2026-08-30T08:04:36.747Z,,,8cf8f378-16db-4eda-8552-9c6ae683939d,
202609070611521647,202609070611521647,20260907060848,141,13755,Address Roster Report,AddressRoster,TASK_SUCCESS,SUCCESS,INFO,1996,1996,0,,2026-09-07T06:11:52.164Z,2026-09-07T06:12:26.518Z,34,2026-09-07T06:12:26.518Z,,,cf11fb94-1c71-47fd-aff8-c68ca34de8c5,
202609072007232939,202609072007232939,20260907200457,141,13755,Address Roster Report,AddressRoster,TASK_SUCCESS,SUCCESS,INFO,1996,1996,0,,2026-09-07T20:07:23.293Z,2026-09-07T20:07:54.200Z,30,2026-09-07T20:07:54.200Z,,,df39e74e-3a35-4065-9433-2c4803081f3d,
202609072028105515,202609072028105515,20260907202459,141,13755,Address Roster Report,AddressRoster,TASK_SUCCESS,SUCCESS,INFO,1996,1996,0,,2026-09-07T20:28:10.551Z,2026-09-07T20:28:39.075Z,28,2026-09-07T20:28:39.075Z,,,870e0242-5dd7-4aac-a78a-33a4dd219a39,
202609070438167991,202609070438167991,20260907043521,141,13755,Address Roster Report,AddressRoster,TASK_SUCCESS,SUCCESS,INFO,1996,1996,0,,2026-09-07T04:38:16.799Z,2026-09-07T04:38:47.729Z,30,2026-09-07T04:38:47.729Z,,,779bbb8b-3f8e-4399-b8b9-890d68401aa1,
202609011205316865,202609011148201539,202609011148201538,19,52,Orders Silver SaveOrders,sl_Orders,TASK_COMPLETE,SUCCESS,INFO,0,0,0,,2026-09-01T11:48:29.936Z,2026-09-01T12:05:33.900Z,1024,2026-09-01T12:05:33.900Z,,,2ce55787-1d6c-4ae8-a1d1-ad0ecb61dafb,
202609011504080529,202609011446685400,202609011446685399,19,52,Orders Silver SaveOrders,sl_Orders,TASK_COMPLETE,SUCCESS,INFO,19190,19190,0,,2026-09-01T14:47:22.523Z,2026-09-01T15:04:09.952Z,1007,2026-09-01T15:04:09.952Z,,,b5c0e877-5d64-436b-80db-f99eaf918b45,
202609011315507312,202609011251201426,202609011251201425,19,52,Orders Silver SaveOrders,sl_Orders,TASK_COMPLETE,SUCCESS,INFO,19186,19186,0,,2026-09-01T12:51:31.349Z,2026-09-01T13:15:52.794Z,1461,2026-09-01T13:15:52.794Z,,,f6aa51de-9f35-48c9-bc2e-0351d0a17771,
202609070552122997,202609070552122997,20260907054908,141,13755,Address Roster Report,AddressRoster,TASK_SUCCESS,SUCCESS,INFO,1996,1996,0,,2026-09-07T05:52:12.299Z,2026-09-07T05:52:42.426Z,30,2026-09-07T05:52:42.426Z,,,efcb7980-23b7-4dad-a613-0ec15e5af44a,
202609011411298295,202609011351538076,202609011351538075,19,52,Orders Silver SaveOrders,sl_Orders,TASK_COMPLETE,SUCCESS,INFO,19187,19187,0,,2026-09-01T13:52:27.959Z,2026-09-01T14:11:32.568Z,1145,2026-09-01T14:11:32.568Z,,,216790a4-77ac-48a1-a0f2-067ed3c00261,
202609040651475883,202609040651475883,20260903065411,141,13755,Address Roster Report,AddressRoster,TASK_SUCCESS,SUCCESS,INFO,1996,1996,0,,2026-09-04T06:51:47.588Z,2026-09-04T06:53:05.496Z,77,2026-09-04T06:53:05.496Z,,,d6480cb5-d898-420d-8213-6c11df16bef3,
202609030628194046,202609030609347365,202609030609347364,139,13747,Silver Orders CDC,sl_Orders,TASK_COMPLETE,SUCCESS,INFO,260,157,0,,2026-09-03T06:09:55.537Z,2026-09-03T06:28:22.189Z,1107,2026-09-03T06:28:22.189Z,,,e45cf123-426f-484e-ac7c-c7869e0d3df2,
202609080942489104,202609080926719002,202609080926719001,139,13747,Silver Orders CDC,sl_Orders,TASK_COMPLETE,SUCCESS,INFO,284,129,0,,2026-09-08T09:27:42.029Z,2026-09-08T09:43:27.597Z,945,2026-09-08T09:43:27.597Z,,,f04a2298-90b2-4fc2-8ba2-e972eeef4935,
202609081028468664,202609081012464976,202609081012464975,139,13747,Silver Orders CDC,sl_Orders,TASK_COMPLETE,SUCCESS,INFO,298,134,0,,2026-09-08T10:13:06.288Z,2026-09-08T10:29:22.522Z,976,2026-09-08T10:29:22.522Z,,,3d333425-7f19-40f0-b7c4-971bc2bdbbfe,
202609030424573236,202609030402553469,202609030402553468,139,13747,Silver Orders CDC,sl_Orders,TASK_COMPLETE,SUCCESS,INFO,717,408,0,,2026-09-03T04:03:18.072Z,2026-09-03T04:24:59.272Z,1301,2026-09-03T04:24:59.272Z,,,d4885e65-6479-4750-a76b-c74c49e3e9cb,
202609031212022039,202609031157343198,202609031157343197,139,13747,Silver Orders CDC,sl_Orders,TASK_COMPLETE,SUCCESS,INFO,0,0,0,,2026-09-03T11:59:03.716Z,2026-09-03T12:13:38.857Z,875,2026-09-03T12:13:38.857Z,,,e094fd0a-1f4a-4369-85ee-0e102ddb1eac,
202609081224345422,202609081212445743,202609081212445742,139,13747,Silver Orders CDC,sl_Orders,TASK_COMPLETE,SUCCESS,INFO,97,3640574,0,,2026-09-08T12:13:06.399Z,2026-09-08T12:25:05.827Z,719,2026-09-08T12:25:05.827Z,,,05780c2b-a5ee-466c-ac2e-8efa57d1bdfd,
202609080802552118,202609080746662869,202609080746662868,139,13747,Silver Orders CDC,sl_Orders,TASK_COMPLETE,SUCCESS,INFO,0,0,0,,2026-09-08T07:48:55.078Z,2026-09-08T08:03:29.470Z,874,2026-09-08T08:03:29.470Z,,,8c117b12-3656-4f28-b328-39d84f54b3d8,
202609081135337041,202609081119205040,202609081119205039,139,13747,Silver Orders CDC,sl_Orders,TASK_COMPLETE,SUCCESS,INFO,84,40,0,,2026-09-08T11:21:03.645Z,2026-09-08T11:37:26.749Z,983,2026-09-08T11:37:26.749Z,,,fc8412ff-1da3-49a2-828d-5e8326311ca8,
202609030706386259,202609030647470207,202609030647470206,139,13747,Silver Orders CDC,sl_Orders,TASK_COMPLETE,SUCCESS,INFO,260,157,0,,2026-09-03T06:48:13.619Z,2026-09-03T07:06:41.639Z,1108,2026-09-03T07:06:41.639Z,,,8a978163-dc4c-4328-851c-ec293737fd61,
202608300920405350,202608300920405350,20260830082705,131,13698,BAM QI BAM Silver,sl_QiBAM,TASK_SUCCESS,SUCCESS,INFO,453721,453721,0,,2026-08-30T09:20:40.535Z,2026-08-30T09:21:05.503Z,24,2026-08-30T09:21:05.503Z,,,d0826a4c-ff98-435d-adfd-e339a02d1b06,
202609010642489406,202609010642489406,20260831072835,131,13698,BAM QI BAM Silver,sl_QiBAM,TASK_SUCCESS,SUCCESS,INFO,453721,453721,0,,2026-09-01T06:42:48.940Z,2026-09-01T06:43:21.506Z,32,2026-09-01T06:43:21.506Z,,,f386ddbf-c5af-4242-bf29-5f60b1e71ecf,
202608300810035274,202608300810035274,20260830071538,131,13698,BAM QI BAM Silver,sl_QiBAM,TASK_SUCCESS,SUCCESS,INFO,453721,453721,0,,2026-08-30T08:10:03.527Z,2026-08-30T08:10:29.660Z,26,2026-08-30T08:10:29.660Z,,,8cf8f378-16db-4eda-8552-9c6ae683939d,
202608300712085455,202608300712085455,20260830064606,131,13698,BAM QI BAM Silver,sl_QiBAM,TASK_SUCCESS,SUCCESS,INFO,172870,172870,0,,2026-08-30T07:12:08.545Z,2026-08-30T07:12:36.862Z,28,2026-08-30T07:12:36.862Z,,,0fae7162-ad60-4757-b9b2-8e417a5b19d1,
202608300642379339,202608300642379339,20260830063351,131,13698,BAM QI BAM Silver,sl_QiBAM,TASK_SUCCESS,SUCCESS,INFO,172870,172870,0,,2026-08-30T06:42:37.933Z,2026-08-30T06:43:08.946Z,31,2026-08-30T06:43:08.946Z,,,f5468d60-c3b5-4f89-8aff-6c67bdfcebae,
202608281200514749,202608281200514749,20260828114902,131,13698,BAM QI BAM Silver,sl_QiBAM,TASK_SUCCESS,SUCCESS,INFO,453721,453721,0,,2026-08-28T12:00:51.474Z,2026-08-28T12:01:15.989Z,24,2026-08-28T12:01:15.989Z,,,e752845a-2a63-48ca-b4ef-ba7a68ece0b6,
202609010643285225,202609010643285225,20260831072835,131,13699,BAM QI UA Silver,sl_QiUA,TASK_SUCCESS,SUCCESS,INFO,278831,278831,0,,2026-09-01T06:43:28.522Z,2026-09-01T06:45:26.914Z,118,2026-09-01T06:45:26.914Z,,,f386ddbf-c5af-4242-bf29-5f60b1e71ecf,
202609080731167279,202609080714402808,202609080714402807,19,52,Orders Silver,sl_Orders,TASK_COMPLETE,SUCCESS,INFO,19253,19253,0,,2026-09-08T07:15:10.187Z,2026-09-08T07:31:20.309Z,970,2026-09-08T07:31:20.309Z,,,60236488-77d9-43e9-8104-e7376443a0c0,
202608300810359607,202608300810359607,20260830071538,131,13699,BAM QI UA Silver,sl_QiUA,TASK_SUCCESS,SUCCESS,INFO,278831,278831,0,,2026-08-30T08:10:35.960Z,2026-08-30T08:12:25.322Z,109,2026-08-30T08:12:25.322Z,,,8cf8f378-16db-4eda-8552-9c6ae683939d,
202608300921118352,202608300921118352,20260830082705,131,13699,BAM QI UA Silver,sl_QiUA,TASK_SUCCESS,SUCCESS,INFO,278831,278831,0,,2026-08-30T09:21:11.835Z,2026-08-30T09:23:18.237Z,126,2026-08-30T09:23:18.237Z,,,d0826a4c-ff98-435d-adfd-e339a02d1b06,
202608281201229876,202608281201229876,20260828114902,131,13699,BAM QI UA Silver,sl_QiUA,TASK_SUCCESS,SUCCESS,INFO,278831,278831,0,,2026-08-28T12:01:22.987Z,2026-08-28T12:03:18.594Z,115,2026-08-28T12:03:18.594Z,,,e752845a-2a63-48ca-b4ef-ba7a68ece0b6,
202608300643152086,202608300643152086,20260830063351,131,13699,BAM QI UA Silver,sl_QiUA,TASK_SUCCESS,SUCCESS,INFO,278831,278831,0,,2026-08-30T06:43:15.208Z,2026-08-30T06:44:56.783Z,101,2026-08-30T06:44:56.783Z,,,f5468d60-c3b5-4f89-8aff-6c67bdfcebae,
202608300712464929,202608300712464929,20260830064606,131,13699,BAM QI UA Silver,sl_QiUA,TASK_SUCCESS,SUCCESS,INFO,278831,278831,0,,2026-08-30T07:12:46.492Z,2026-08-30T07:14:27.255Z,100,2026-08-30T07:14:27.255Z,,,0fae7162-ad60-4757-b9b2-8e417a5b19d1,
